9579999,107,61,8762,2006,0.0,50225.0,-0.391023,-0.767861,IRN,DEU,840211
9580000,111,61,8762,2006,229190.0,158912.0,1.293779,0.93995,ITA,DEU,840211
9580001,122,61,8762,2006,0.0,907861.0,-0.589823,-1.142795,KWT,DEU,840211
9580002,130,61,8762,2006,0.0,87143.0,0.44063599999999997,1.163857,LTU,DEU,840211
9580003,153,61,8762,2006,0.0,120471.0,0.7896569999999999,0.363625,MYS,DEU,840211
9580004,162,61,8762,2006,0.0,4665548.0,1.192134,1.450852,NLD,DEU,840211
9580005,168,61,8762,2006,0.0,137692.0,-0.449333,0.563013,PAK,DEU,840211
9580006,177,61,8762,2006,0.0,186064.0,0.991927,1.474418,POL,DEU,840211
9580007,183,61,8762,2006,0.0,702554.0,0.055777999999999994,-1.0379049999999999,QAT,DEU,840211
9580008,186,61,8762,2006,0.0,55379.0,0.801197,0.104683,RUS,DEU,840211
9580009,188,61,8762,2006,0.0,200063.0,0.162432,-0.853059,SAU,DEU,840211
9580010,201,61,8762,2006,0.0,1519.0,0.547824,1.5588879999999998,SRB,DEU,840211
9580011,208,61,8762,2006,1678.0,9070.0,1.902737,0.593294,SWE,DEU,840211
9580012,216,61,8762,2006,0.0,90536.0,0.568209,1.685343,THA,DEU,840211
9580013,223,61,8762,2006,0.0,82960.0,-0.013636,0.804752,TUN,DEU,840211
9580014,224,61,8762,2006,471274.0,0.0,0.33971599999999996,2.193384,TUR,DEU,840211
9580015,231,61,8762,2006,8493.0,0.0,1.666643,-0.121679,USA,DEU,840211
9580016,15,64,8762,2006,0.0,4313024.0,1.775669,0.192717,AUT,DNK,840211
9580017,100,64,8762,2006,1046.0,0.0,0.755787,0.992614,HRV,DNK,840211
9580018,106,64,8762,2006,0.0,46486.0,1.43804,0.06463200000000001,IRL,DNK,840211
9580019,111,64,8762,2006,10659.0,0.0,1.293779,0.93995,ITA,DNK,840211
9580020,112,64,8762,2006,0.0,7595.0,-0.5122720000000001,-0.9109809999999999,JAM,DNK,840211
9580021,121,64,8762,2006,0.0,48742.0,1.5384309999999999,0.766628,KOR,DNK,840211
9580022,128,64,8762,2006,0.0,56453.0,-0.573767,0.305913,LKA,DNK,840211
9580023,162,64,8762,2006,0.0,1066293.0,1.192134,1.450852,NLD,DNK,840211
9580024,163,64,8762,2006,0.0,48673.0,1.0787930000000001,0.014051,NOR,DNK,840211
9580025,177,64,8762,2006,1653966.0,0.0,0.991927,1.474418,POL,DNK,840211
9580026,183,64,8762,2006,0.0,1416.0,0.055777999999999994,-1.0379049999999999,QAT,DNK,840211
9580027,208,64,8762,2006,0.0,221834.0,1.902737,0.593294,SWE,DNK,840211
9580028,231,64,8762,2006,11193.0,0.0,1.666643,-0.121679,USA,DNK,840211
9580029,39,65,8762,2006,29891.0,0.0,0.865685,1.1480489999999999,CAN,DOM,840211
9580030,71,65,8762,2006,6764.0,0.0,0.9091370000000001,2.068166,ESP,DOM,840211
9580031,111,65,8762,2006,74659.0,0.0,1.293779,0.93995,ITA,DOM,840211
9580032,231,65,8762,2006,177963.0,0.0,1.666643,-0.121679,USA,DOM,840211
9580033,32,67,8762,2006,4228474.0,0.0,0.633889,1.1474520000000001,BRA,ECU,840211
9580034,231,67,8762,2006,77257.0,0.0,1.666643,-0.121679,USA,ECU,840211
9580035,18,71,8762,2006,0.0,16996.0,1.2222540000000002,1.383027,BEL,ESP,840211
9580036,32,71,8762,2006,0.0,418034.0,0.633889,1.1474520000000001,BRA,ESP,840211
9580037,42,71,8762,2006,0.0,98923.0,-0.188298,-0.46778000000000003,CHL,ESP,840211
9580038,43,71,8762,2006,25270.0,0.0,0.737888,2.54966,CHN,ESP,840211
9580039,65,71,8762,2006,0.0,6764.0,-0.24073699999999998,0.049093,DOM,ESP,840211
9580040,68,71,8762,2006,0.0,13030.0,-0.182272,0.40222399999999997,EGY,ESP,840211
9580041,77,71,8762,2006,3711.0,0.0,1.47591,0.489466,FRA,ESP,840211
9580042,104,71,8762,2006,3845898.0,0.0,0.285652,2.731318,IND,ESP,840211
9580043,106,71,8762,2006,0.0,52951.0,1.43804,0.06463200000000001,IRL,ESP,840211
9580044,111,71,8762,2006,21531.0,0.0,1.293779,0.93995,ITA,ESP,840211
9580045,124,71,8762,2006,0.0,2535.0,0.3861,1.586183,LBN,ESP,840211
9580046,173,71,8762,2006,0.0,101114.0,-0.551095,0.044295,PER,ESP,840211
9580047,231,71,8762,2006,0.0,46418896.0,1.666643,-0.121679,USA,ESP,840211
9580048,41,74,8762,2006,0.0,11667.0,2.052534,0.515523,CHE,FIN,840211
9580049,100,74,8762,2006,7061.0,0.0,0.755787,0.992614,HRV,FIN,840211
9580050,102,74,8762,2006,0.0,148149.0,1.4034309999999999,0.835144,HUN,FIN,840211
9580051,162,74,8762,2006,0.0,287447.0,1.192134,1.450852,NLD,FIN,840211
9580052,163,74,8762,2006,0.0,2509.0,1.0787930000000001,0.014051,NOR,FIN,840211
9580053,186,74,8762,2006,0.0,19635.0,0.801197,0.104683,RUS,FIN,840211
9580054,191,74,8762,2006,0.0,1059822.0,-0.364713,-0.183612,SEN,FIN,840211
9580055,216,74,8762,2006,0.0,144514.0,0.568209,1.685343,THA,FIN,840211
9580056,15,77,8762,2006,1159.0,0.0,1.775669,0.192717,AUT,FRA,840211
9580057,18,77,8762,2006,0.0,16804.0,1.2222540000000002,1.383027,BEL,FRA,840211
9580058,45,77,8762,2006,0.0,31063.0,-1.358873,-1.1511360000000002,CMR,FRA,840211
9580059,47,77,8762,2006,0.0,12553.0,-1.9903240000000002,-1.189925,COG,FRA,840211
9580060,61,77,8762,2006,121401.0,16042.0,2.132566,-2.773669,DEU,FRA,840211
9580061,71,77,8762,2006,0.0,3711.0,0.9091370000000001,2.068166,ESP,FRA,840211
9580062,81,77,8762,2006,1880.0,0.0,1.824154,0.614424,GBR,FRA,840211
9580063,104,77,8762,2006,380389.0,0.0,0.285652,2.731318,IND,FRA,840211
9580064,106,77,8762,2006,1174094.0,36250.0,1.43804,0.06463200000000001,IRL,FRA,840211
9580065,111,77,8762,2006,1380894.0,1229.0,1.293779,0.93995,ITA,FRA,840211
9580066,114,77,8762,2006,8954.0,0.0,2.4348099999999997,0.082887,JPN,FRA,840211
9580067,131,77,8762,2006,0.0,1209.0,1.4345620000000001,0.8840819999999999,LUX,FRA,840211
9580068,134,77,8762,2006,0.0,987271.0,-0.547933,0.08257300000000001,MAR,FRA,840211
9580069,162,77,8762,2006,0.0,136399.0,1.192134,1.450852,NLD,FRA,840211
9580070,167,77,8762,2006,0.0,103924.0,-0.6373989999999999,-1.092554,OMN,FRA,840211
9580071,224,77,8762,2006,1150696.0,0.0,0.33971599999999996,2.193384,TUR,FRA,840211
9580072,231,77,8762,2006,3061.0,0.0,1.666643,-0.121679,USA,FRA,840211
9580073,246,77,8762,2006,163249.0,0.0,0.37964499999999995,1.466326,ZAF,FRA,840211
9580074,14,81,8762,2006,0.0,281589.0,0.067166,0.373148,AUS,GBR,840211
9580075,16,81,8762,2006,0.0,90130.0,-0.521304,-1.035764,AZE,GBR,840211
9580076,24,81,8762,2006,0.0,110903.0,0.172724,-0.9449879999999999,BHR,GBR,840211
9580077,33,81,8762,2006,0.0,52538.0,0.977267,0.6046560000000001,BRB,GBR,840211
9580078,39,81,8762,2006,0.0,127104.0,0.865685,1.1480489999999999,CAN,GBR,840211
9580079,41,81,8762,2006,0.0,9689.0,2.052534,0.515523,CHE,GBR,840211
9580080,43,81,8762,2006,0.0,10617.0,0.737888,2.54966,CHN,GBR,840211
9580081,61,81,8762,2006,1164674.0,953.0,2.132566,-2.773669,DEU,GBR,840211
9580082,68,81,8762,2006,0.0,185332.0,-0.182272,0.40222399999999997,EGY,GBR,840211
9580083,72,81,8762,2006,0.0,12253.0,0.6426350000000001,0.925003,EST,GBR,840211
9580084,76,81,8762,2006,0.0,8772.0,0.11039000000000002,-0.79848,FLK,GBR,840211
9580085,77,81,8762,2006,0.0,1880.0,1.47591,0.489466,FRA,GBR,840211
9580086,85,81,8762,2006,0.0,273982.0,-1.8376720000000002,-1.229774,GIN,GBR,840211
9580087,87,81,8762,2006,0.0,2317.0,-0.378539,-0.48427200000000004,GMB,GBR,840211
9580088,97,81,8762,2006,0.0,2475.0,0.5776319999999999,2.076782,HKG,GBR,840211
9580089,100,81,8762,2006,61645.0,0.0,0.755787,0.992614,HRV,GBR,840211
9580090,102,81,8762,2006,0.0,6153.0,1.4034309999999999,0.835144,HUN,GBR,840211
9580091,104,81,8762,2006,1656.0,2814.0,0.285652,2.731318,IND,GBR,840211
9580092,106,81,8762,2006,17735.0,62160.0,1.43804,0.06463200000000001,IRL,GBR,840211
9580093,111,81,8762,2006,34829.0,4427.0,1.293779,0.93995,ITA,GBR,840211
9580094,121,81,8762,2006,0.0,31207.0,1.5384309999999999,0.766628,KOR,GBR,840211
9580095,122,81,8762,2006,0.0,28986.0,-0.589823,-1.142795,KWT,GBR,840211
9580096,130,81,8762,2006,1488.0,0.0,0.44063599999999997,1.163857,LTU,GBR,840211
9580097,153,81,8762,2006,0.0,20963.0,0.7896569999999999,0.363625,MYS,GBR,840211
9580098,159,81,8762,2006,0.0,71500.0,-2.094353,-1.215025,NGA,GBR,840211
9580099,162,81,8762,2006,0.0,579787.0,1.192134,1.450852,NLD,GBR,840211
9580100,168,81,8762,2006,0.0,1491326.0,-0.449333,0.563013,PAK,GBR,840211
9580101,179,81,8762,2006,0.0,17293.0,0.5723630000000001,1.92303,PRT,GBR,840211
9580102,183,81,8762,2006,0.0,3961.0,0.055777999999999994,-1.0379049999999999,QAT,GBR,840211
9580103,186,81,8762,2006,0.0,95497.0,0.801197,0.104683,RUS,GBR,840211
9580104,188,81,8762,2006,0.0,4014.0,0.162432,-0.853059,SAU,GBR,840211
9580105,192,81,8762,2006,0.0,14211.0,1.5377379999999998,0.503089,SGP,GBR,840211
9580106,224,81,8762,2006,20963.0,108038.0,0.33971599999999996,2.193384,TUR,GBR,840211
9580107,231,81,8762,2006,1694776.0,0.0,1.666643,-0.121679,USA,GBR,840211
9580108,246,81,8762,2006,1816.0,2194.0,0.37964499999999995,1.466326,ZAF,GBR,840211
9580109,4,90,8762,2006,0.0,29694.0,-0.340932,-0.06302200000000001,ALB,GRC,840211
9580110,58,90,8762,2006,0.0,26519.0,0.708267,-0.048096,CYP,GRC,840211
9580111,61,90,8762,2006,250108.0,0.0,2.132566,-2.773669,DEU,GRC,840211
9580112,111,90,8762,2006,36542.0,0.0,1.293779,0.93995,ITA,GRC,840211
9580113,32,93,8762,2006,721568.0,0.0,0.633889,1.1474520000000001,BRA,GTM,840211
9580114,39,93,8762,2006,48229.0,0.0,0.865685,1.1480489999999999,CAN,GTM,840211
9580115,231,93,8762,2006,3504.0,0.0,1.666643,-0.121679,USA,GTM,840211
9580116,43,96,8762,2006,1606934.0,0.0,0.737888,2.54966,CHN,GUY,840211
9580117,14,97,8762,2006,121346.0,0.0,0.067166,0.373148,AUS,HKG,840211
9580118,22,97,8762,2006,0.0,184674.0,-1.0305309999999999,-0.80937,BGD,HKG,840211
9580119,43,97,8762,2006,124916.0,1850280.0,0.737888,2.54966,CHN,HKG,840211
9580120,49,97,8762,2006,0.0,55339.0,0.129887,0.44371700000000003,COL,HKG,840211
9580121,61,97,8762,2006,1059953.0,75106.0,2.132566,-2.773669,DEU,HKG,840211
9580122,81,97,8762,2006,2475.0,0.0,1.824154,0.614424,GBR,HKG,840211
9580123,111,97,8762,2006,60815.0,0.0,1.293779,0.93995,ITA,HKG,840211
9580124,118,97,8762,2006,0.0,54366.0,-1.323365,-1.185827,KHM,HKG,840211
9580125,122,97,8762,2006,0.0,1271.0,-0.589823,-1.142795,KWT,HKG,840211
9580126,128,97,8762,2006,0.0,3839.0,-0.573767,0.305913,LKA,HKG,840211
9580127,133,97,8762,2006,0.0,104254.0,-0.07118200000000001,-0.228354,MAC,HKG,840211
9580128,192,97,8762,2006,0.0,81681.0,1.5377379999999998,0.503089,SGP,HKG,840211
9580129,231,97,8762,2006,22474.0,0.0,1.666643,-0.121679,USA,HKG,840211
9580130,249,97,8762,2006,74313.0,67188.0,1.619915,1.2289940000000001,TWN,HKG,840211
9580131,32,99,8762,2006,331930.0,0.0,0.633889,1.1474520000000001,BRA,HND,840211
9580132,121,99,8762,2006,4885.0,0.0,1.5384309999999999,0.766628,KOR,HND,840211
9580133,231,99,8762,2006,402284.0,0.0,1.666643,-0.121679,USA,HND,840211
9580134,43,103,8762,2006,12623967.0,0.0,0.737888,2.54966,CHN,IDN,840211
9580135,66,103,8762,2006,0.0,185790.0,-0.489962,-1.12456,DZA,IDN,840211
9580136,104,103,8762,2006,57988.0,0.0,0.285652,2.731318,IND,IDN,840211
9580137,111,103,8762,2006,3067582.0,0.0,1.293779,0.93995,ITA,IDN,840211
9580138,114,103,8762,2006,9672.0,0.0,2.4348099999999997,0.082887,JPN,IDN,840211
9580139,121,103,8762,2006,1416.0,6467.0,1.5384309999999999,0.766628,KOR,IDN,840211
9580140,153,103,8762,2006,1144097.0,8560.0,0.7896569999999999,0.363625,MYS,IDN,840211
9580141,192,103,8762,2006,76624.0,452555.0,1.5377379999999998,0.503089,SGP,IDN,840211
9580142,216,103,8762,2006,460545.0,0.0,0.568209,1.685343,THA,IDN,840211
9580143,231,103,8762,2006,623120.0,468449.0,1.666643,-0.121679,USA,IDN,840211
9580144,239,103,8762,2006,60974.0,0.0,-0.342779,1.033318,VNM,IDN,840211
9580145,7,104,8762,2006,0.0,513760.0,0.053903999999999994,-0.735124,ARE,IND,840211
9580146,14,104,8762,2006,0.0,35040.0,0.067166,0.373148,AUS,IND,840211
9580147,22,104,8762,2006,0.0,1114758.0,-1.0305309999999999,-0.80937,BGD,IND,840211
9580148,41,104,8762,2006,0.0,3077.0,2.052534,0.515523,CHE,IND,840211
9580149,43,104,8762,2006,31066946.0,2906.0,0.737888,2.54966,CHN,IND,840211
9580150,49,104,8762,2006,0.0,537923.0,0.129887,0.44371700000000003,COL,IND,840211
9580151,61,104,8762,2006,0.0,11707.0,2.132566,-2.773669,DEU,IND,840211
9580152,71,104,8762,2006,0.0,3845898.0,0.9091370000000001,2.068166,ESP,IND,840211
9580153,77,104,8762,2006,0.0,380389.0,1.47591,0.489466,FRA,IND,840211
9580154,81,104,8762,2006,2814.0,1656.0,1.824154,0.614424,GBR,IND,840211
9580155,83,104,8762,2006,0.0,3109.0,-0.9934860000000001,-0.809318,GHA,IND,840211
9580156,87,104,8762,2006,0.0,77503.0,-0.378539,-0.48427200000000004,GMB,IND,840211
9580157,103,104,8762,2006,0.0,57988.0,-0.21012399999999998,1.467838,IDN,IND,840211
9580158,111,104,8762,2006,35523.0,8546.0,1.293779,0.93995,ITA,IND,840211
9580159,116,104,8762,2006,0.0,940736.0,-0.38287899999999997,1.060286,KEN,IND,840211
9580160,122,104,8762,2006,0.0,3327848.0,-0.589823,-1.142795,KWT,IND,840211
9580161,126,104,8762,2006,0.0,5006.0,-0.518724,-1.142074,LBY,IND,840211
9580162,128,104,8762,2006,0.0,1522288.0,-0.573767,0.305913,LKA,IND,840211
9580163,153,104,8762,2006,0.0,7001.0,0.7896569999999999,0.363625,MYS,IND,840211
9580164,163,104,8762,2006,894.0,0.0,1.0787930000000001,0.014051,NOR,IND,840211
9580165,164,104,8762,2006,0.0,9223.0,-0.29672600000000005,0.665077,NPL,IND,840211
9580166,167,104,8762,2006,0.0,2694.0,-0.6373989999999999,-1.092554,OMN,IND,840211
9580167,183,104,8762,2006,0.0,2051.0,0.055777999999999994,-1.0379049999999999,QAT,IND,840211
9580168,186,104,8762,2006,0.0,9880.0,0.801197,0.104683,RUS,IND,840211
9580169,205,104,8762,2006,0.0,149431.0,-0.754046,-0.872361,SUR,IND,840211
9580170,215,104,8762,2006,0.0,3928.0,-0.8304020000000001,-0.678178,TGO,IND,840211
9580171,224,104,8762,2006,0.0,1546472.0,0.33971599999999996,2.193384,TUR,IND,840211
9580172,226,104,8762,2006,0.0,95544.0,-0.953097,0.159129,TZA,IND,840211
9580173,228,104,8762,2006,0.0,12398.0,0.7008439999999999,0.79656,UKR,IND,840211
9580174,231,104,8762,2006,0.0,446076.0,1.666643,-0.121679,USA,IND,840211
9580175,246,104,8762,2006,0.0,401758.0,0.37964499999999995,1.466326,ZAF,IND,840211
9580176,248,104,8762,2006,0.0,20079.0,-0.41825500000000004,-0.55313,ZWE,IND,840211
9580177,249,104,8762,2006,0.0,2480.0,1.619915,1.2289940000000001,TWN,IND,840211
9580178,18,106,8762,2006,7166.0,0.0,1.2222540000000002,1.383027,BEL,IRL,840211
9580179,61,106,8762,2006,12463.0,0.0,2.132566,-2.773669,DEU,IRL,840211
9580180,64,106,8762,2006,46486.0,0.0,1.2308700000000001,1.180914,DNK,IRL,840211
9580181,71,106,8762,2006,52951.0,0.0,0.9091370000000001,2.068166,ESP,IRL,840211
9580182,77,106,8762,2006,36250.0,1174094.0,1.47591,0.489466,FRA,IRL,840211
9580183,81,106,8762,2006,62160.0,17735.0,1.824154,0.614424,GBR,IRL,840211
9580184,206,106,8762,2006,30215.0,0.0,1.291583,0.868317,SVK,IRL,840211
9580185,231,110,8762,2006,9390.0,0.0,1.666643,-0.121679,USA,ISR,840211
9580186,232,110,8762,2006,0.0,2000.0,-0.457759,-0.784626,UZB,ISR,840211
9580187,4,111,8762,2006,0.0,50302.0,-0.340932,-0.06302200000000001,ALB,ITA,840211
9580188,7,111,8762,2006,0.0,1846491.0,0.053903999999999994,-0.735124,ARE,ITA,840211
9580189,8,111,8762,2006,0.0,1192.0,0.33055,0.665867,ARG,ITA,840211
9580190,15,111,8762,2006,0.0,1420.0,1.775669,0.192717,AUT,ITA,840211
9580191,16,111,8762,2006,0.0,606640.0,-0.521304,-1.035764,AZE,ITA,840211
9580192,18,111,8762,2006,0.0,6209.0,1.2222540000000002,1.383027,BEL,ITA,840211
9580193,22,111,8762,2006,0.0,6879.0,-1.0305309999999999,-0.80937,BGD,ITA,840211
9580194,23,111,8762,2006,0.0,22908.0,0.414563,1.378005,BGR,ITA,840211
9580195,39,111,8762,2006,0.0,77167.0,0.865685,1.1480489999999999,CAN,ITA,840211
9580196,41,111,8762,2006,0.0,410079.0,2.052534,0.515523,CHE,ITA,840211
9580197,42,111,8762,2006,0.0,104436.0,-0.188298,-0.46778000000000003,CHL,ITA,840211
9580198,43,111,8762,2006,15747.0,3293335.0,0.737888,2.54966,CHN,ITA,840211
9580199,45,111,8762,2006,0.0,60155.0,-1.358873,-1.1511360000000002,CMR,ITA,840211
9580200,54,111,8762,2006,0.0,2311.0,0.204039,-0.5183260000000001,CUB,ITA,840211
9580201,59,111,8762,2006,0.0,2574.0,1.564058,0.6023649999999999,CZE,ITA,840211
9580202,61,111,8762,2006,158912.0,229190.0,2.132566,-2.773669,DEU,ITA,840211
9580203,64,111,8762,2006,0.0,10659.0,1.2308700000000001,1.180914,DNK,ITA,840211
9580204,65,111,8762,2006,0.0,74659.0,-0.24073699999999998,0.049093,DOM,ITA,840211
9580205,66,111,8762,2006,0.0,99503.0,-0.489962,-1.12456,DZA,ITA,840211
9580206,68,111,8762,2006,0.0,115363.0,-0.182272,0.40222399999999997,EGY,ITA,840211
9580207,71,111,8762,2006,0.0,21531.0,0.9091370000000001,2.068166,ESP,ITA,840211
9580208,73,111,8762,2006,0.0,70002.0,-0.9557180000000001,-0.9153479999999999,ETH,ITA,840211
9580209,77,111,8762,2006,1229.0,1380894.0,1.47591,0.489466,FRA,ITA,840211
9580210,81,111,8762,2006,4427.0,34829.0,1.824154,0.614424,GBR,ITA,840211
9580211,90,111,8762,2006,0.0,36542.0,0.261955,1.488958,GRC,ITA,840211
9580212,97,111,8762,2006,0.0,60815.0,0.5776319999999999,2.076782,HKG,ITA,840211
9580213,100,111,8762,2006,13487.0,13077.0,0.755787,0.992614,HRV,ITA,840211
9580214,102,111,8762,2006,0.0,288471.0,1.4034309999999999,0.835144,HUN,ITA,840211
9580215,103,111,8762,2006,0.0,3067582.0,-0.21012399999999998,1.467838,IDN,ITA,840211
9580216,104,111,8762,2006,8546.0,35523.0,0.285652,2.731318,IND,ITA,840211
9580217,107,111,8762,2006,0.0,10923216.0,-0.391023,-0.767861,IRN,ITA,840211
9580218,114,111,8762,2006,0.0,61709.0,2.4348099999999997,0.082887,JPN,ITA,840211
9580219,115,111,8762,2006,0.0,1354571.0,0.038229,-0.579421,KAZ,ITA,840211
9580220,122,111,8762,2006,0.0,4005791.0,-0.589823,-1.142795,KWT,ITA,840211
9580221,128,111,8762,2006,0.0,31667.0,-0.573767,0.305913,LKA,ITA,840211
9580222,135,111,8762,2006,0.0,7480.0,-0.017707,0.135305,MDA,ITA,840211
9580223,144,111,8762,2006,0.0,1213.0,0.130773,-0.24674699999999997,MNE,ITA,840211
9580224,159,111,8762,2006,0.0,15530.0,-2.094353,-1.215025,NGA,ITA,840211
9580225,162,111,8762,2006,0.0,6741.0,1.192134,1.450852,NLD,ITA,840211
9580226,167,111,8762,2006,0.0,1540011.0,-0.6373989999999999,-1.092554,OMN,ITA,840211
9580227,168,111,8762,2006,0.0,46379.0,-0.449333,0.563013,PAK,ITA,840211
9580228,179,111,8762,2006,0.0,14215.0,0.5723630000000001,1.92303,PRT,ITA,840211
9580229,183,111,8762,2006,0.0,39120.0,0.055777999999999994,-1.0379049999999999,QAT,ITA,840211
9580230,185,111,8762,2006,0.0,92724.0,0.550825,1.170744,ROU,ITA,840211
9580231,186,111,8762,2006,0.0,313708.0,0.801197,0.104683,RUS,ITA,840211
9580232,188,111,8762,2006,71910.0,11317375.0,0.162432,-0.853059,SAU,ITA,840211
9580233,190,111,8762,2006,0.0,28655.0,-1.873762,-1.278378,SDN,ITA,840211
9580234,191,111,8762,2006,0.0,113832.0,-0.364713,-0.183612,SEN,ITA,840211
9580235,201,111,8762,2006,0.0,109964.0,0.547824,1.5588879999999998,SRB,ITA,840211
9580236,208,111,8762,2006,0.0,3944.0,1.902737,0.593294,SWE,ITA,840211
9580237,212,111,8762,2006,0.0,3745.0,-0.588695,0.532487,SYR,ITA,840211
9580238,224,111,8762,2006,0.0,1238.0,0.33971599999999996,2.193384,TUR,ITA,840211
9580239,228,111,8762,2006,0.0,84527.0,0.7008439999999999,0.79656,UKR,ITA,840211
9580240,231,111,8762,2006,0.0,173064.0,1.666643,-0.121679,USA,ITA,840211
9580241,236,111,8762,2006,0.0,4411108.0,-0.340972,-1.015462,VEN,ITA,840211
9580242,39,112,8762,2006,33758.0,0.0,0.865685,1.1480489999999999,CAN,JAM,840211
9580243,64,112,8762,2006,7595.0,0.0,1.2308700000000001,1.180914,DNK,JAM,840211
9580244,231,112,8762,2006,714807.0,0.0,1.666643,-0.121679,USA,JAM,840211
9580245,22,114,8762,2006,0.0,26005.0,-1.0305309999999999,-0.80937,BGD,JPN,840211
9580246,43,114,8762,2006,0.0,15444643.0,0.737888,2.54966,CHN,JPN,840211
9580247,68,114,8762,2006,0.0,2929294.0,-0.182272,0.40222399999999997,EGY,JPN,840211
9580248,77,114,8762,2006,0.0,8954.0,1.47591,0.489466,FRA,JPN,840211
9580249,100,114,8762,2006,8531.0,0.0,0.755787,0.992614,HRV,JPN,840211
9580250,103,114,8762,2006,0.0,9672.0,-0.21012399999999998,1.467838,IDN,JPN,840211
9580251,111,114,8762,2006,61709.0,0.0,1.293779,0.93995,ITA,JPN,840211
9580252,121,114,8762,2006,4409652.0,62694756.0,1.5384309999999999,0.766628,KOR,JPN,840211
9580253,174,114,8762,2006,0.0,146914.0,0.161994,0.036631,PHL,JPN,840211
9580254,192,114,8762,2006,0.0,67859.0,1.5377379999999998,0.503089,SGP,JPN,840211
9580255,216,114,8762,2006,0.0,936670.0,0.568209,1.685343,THA,JPN,840211
9580256,231,114,8762,2006,0.0,26736482.0,1.666643,-0.121679,USA,JPN,840211
9580257,239,114,8762,2006,0.0,313814.0,-0.342779,1.033318,VNM,JPN,840211
9580258,39,118,8762,2006,61401.0,0.0,0.865685,1.1480489999999999,CAN,KHM,840211
9580259,43,118,8762,2006,42834.0,0.0,0.737888,2.54966,CHN,KHM,840211
9580260,97,118,8762,2006,54366.0,0.0,0.5776319999999999,2.076782,HKG,KHM,840211
9580261,121,118,8762,2006,73750.0,0.0,1.5384309999999999,0.766628,KOR,KHM,840211
9580262,153,118,8762,2006,26106.0,0.0,0.7896569999999999,0.363625,MYS,KHM,840211
9580263,162,118,8762,2006,7994.0,0.0,1.192134,1.450852,NLD,KHM,840211
9580264,249,118,8762,2006,120969.0,0.0,1.619915,1.2289940000000001,TWN,KHM,840211
9580265,14,121,8762,2006,0.0,2829192.0,0.067166,0.373148,AUS,KOR,840211
9580266,22,121,8762,2006,0.0,157287.0,-1.0305309999999999,-0.80937,BGD,KOR,840211
9580267,43,121,8762,2006,8162711.0,2453.0,0.737888,2.54966,CHN,KOR,840211
9580268,64,121,8762,2006,48742.0,0.0,1.2308700000000001,1.180914,DNK,KOR,840211
9580269,81,121,8762,2006,31207.0,0.0,1.824154,0.614424,GBR,KOR,840211
9580270,99,121,8762,2006,0.0,4885.0,-0.672074,-0.472138,HND,KOR,840211
9580271,103,121,8762,2006,6467.0,1416.0,-0.21012399999999998,1.467838,IDN,KOR,840211
9580272,114,121,8762,2006,62694756.0,4409652.0,2.4348099999999997,0.082887,JPN,KOR,840211
9580273,118,121,8762,2006,0.0,73750.0,-1.323365,-1.185827,KHM,KOR,840211
9580274,145,121,8762,2006,0.0,2134.0,-1.147217,-1.0734709999999998,MNG,KOR,840211
9580275,174,121,8762,2006,0.0,92762.0,0.161994,0.036631,PHL,KOR,840211
9580276,183,121,8762,2006,0.0,725837.0,0.055777999999999994,-1.0379049999999999,QAT,KOR,840211
9580277,216,121,8762,2006,0.0,908688.0,0.568209,1.685343,THA,KOR,840211
9580278,231,121,8762,2006,506649.0,0.0,1.666643,-0.121679,USA,KOR,840211
9580279,239,121,8762,2006,0.0,29276.0,-0.342779,1.033318,VNM,KOR,840211
9580280,64,128,8762,2006,56453.0,0.0,1.2308700000000001,1.180914,DNK,LKA,840211
9580281,97,128,8762,2006,3839.0,0.0,0.5776319999999999,2.076782,HKG,LKA,840211
9580282,104,128,8762,2006,1522288.0,0.0,0.285652,2.731318,IND,LKA,840211
9580283,111,128,8762,2006,31667.0,0.0,1.293779,0.93995,ITA,LKA,840211
9580284,153,128,8762,2006,36591.0,0.0,0.7896569999999999,0.363625,MYS,LKA,840211
9580285,162,128,8762,2006,1527.0,0.0,1.192134,1.450852,NLD,LKA,840211
9580286,192,128,8762,2006,83362.0,0.0,1.5377379999999998,0.503089,SGP,LKA,840211
9580287,216,128,8762,2006,181582.0,0.0,0.568209,1.685343,THA,LKA,840211
9580288,249,128,8762,2006,59942.0,0.0,1.619915,1.2289940000000001,TWN,LKA,840211
9580289,49,138,8762,2006,0.0,45778.0,0.129887,0.44371700000000003,COL,MEX,840211
9580290,188,138,8762,2006,0.0,8788495.0,0.162432,-0.853059,SAU,MEX,840211
9580291,231,138,8762,2006,168561.0,0.0,1.666643,-0.121679,USA,MEX,840211
9580292,14,153,8762,2006,0.0,637085.0,0.067166,0.373148,AUS,MYS,840211
9580293,16,153,8762,2006,0.0,438651.0,-0.521304,-1.035764,AZE,MYS,840211
9580294,22,153,8762,2006,0.0,25538.0,-1.0305309999999999,-0.80937,BGD,MYS,840211
9580295,43,153,8762,2006,4754.0,0.0,0.737888,2.54966,CHN,MYS,840211
9580296,61,153,8762,2006,120471.0,0.0,2.132566,-2.773669,DEU,MYS,840211
9580297,81,153,8762,2006,20963.0,0.0,1.824154,0.614424,GBR,MYS,840211
9580298,103,153,8762,2006,8560.0,1144097.0,-0.21012399999999998,1.467838,IDN,MYS,840211
9580299,104,153,8762,2006,7001.0,0.0,0.285652,2.731318,IND,MYS,840211
9580300,118,153,8762,2006,0.0,26106.0,-1.323365,-1.185827,KHM,MYS,840211
9580301,128,153,8762,2006,0.0,36591.0,-0.573767,0.305913,LKA,MYS,840211
9580302,174,153,8762,2006,0.0,20314.0,0.161994,0.036631,PHL,MYS,840211
9580303,192,153,8762,2006,44307.0,97099.0,1.5377379999999998,0.503089,SGP,MYS,840211
9580304,216,153,8762,2006,0.0,8836.0,0.568209,1.685343,THA,MYS,840211
9580305,249,153,8762,2006,411723.0,0.0,1.619915,1.2289940000000001,TWN,MYS,840211
9580306,39,160,8762,2006,26821.0,0.0,0.865685,1.1480489999999999,CAN,NIC,840211
9580307,6,162,8762,2006,0.0,15453.0,0.251825,-0.629035,ANT,NLD,840211
9580308,14,162,8762,2006,0.0,245435.0,0.067166,0.373148,AUS,NLD,840211
9580309,16,162,8762,2006,0.0,194473.0,-0.521304,-1.035764,AZE,NLD,840211
9580310,18,162,8762,2006,2286779.0,8869.0,1.2222540000000002,1.383027,BEL,NLD,840211
9580311,32,162,8762,2006,0.0,1426734.0,0.633889,1.1474520000000001,BRA,NLD,840211
9580312,61,162,8762,2006,4665548.0,0.0,2.132566,-2.773669,DEU,NLD,840211
9580313,64,162,8762,2006,1066293.0,0.0,1.2308700000000001,1.180914,DNK,NLD,840211
9580314,68,162,8762,2006,0.0,171241.0,-0.182272,0.40222399999999997,EGY,NLD,840211
9580315,74,162,8762,2006,287447.0,0.0,1.864038,0.8193940000000001,FIN,NLD,840211
9580316,77,162,8762,2006,136399.0,0.0,1.47591,0.489466,FRA,NLD,840211
9580317,81,162,8762,2006,579787.0,0.0,1.824154,0.614424,GBR,NLD,840211
9580318,102,162,8762,2006,0.0,954891.0,1.4034309999999999,0.835144,HUN,NLD,840211
9580319,111,162,8762,2006,6741.0,0.0,1.293779,0.93995,ITA,NLD,840211
9580320,115,162,8762,2006,0.0,1189.0,0.038229,-0.579421,KAZ,NLD,840211
9580321,118,162,8762,2006,0.0,7994.0,-1.323365,-1.185827,KHM,NLD,840211
9580322,128,162,8762,2006,0.0,1527.0,-0.573767,0.305913,LKA,NLD,840211
9580323,130,162,8762,2006,0.0,1200.0,0.44063599999999997,1.163857,LTU,NLD,840211
9580324,183,162,8762,2006,0.0,15524.0,0.055777999999999994,-1.0379049999999999,QAT,NLD,840211
9580325,185,162,8762,2006,102527.0,0.0,0.550825,1.170744,ROU,NLD,840211
9580326,186,162,8762,2006,0.0,74788.0,0.801197,0.104683,RUS,NLD,840211
9580327,188,162,8762,2006,0.0,55930.0,0.162432,-0.853059,SAU,NLD,840211
9580328,224,162,8762,2006,0.0,65882.0,0.33971599999999996,2.193384,TUR,NLD,840211
9580329,226,162,8762,2006,0.0,136864.0,-0.953097,0.159129,TZA,NLD,840211
9580330,231,162,8762,2006,0.0,34722.0,1.666643,-0.121679,USA,NLD,840211
9580331,14,166,8762,2006,17189.0,194032.0,0.067166,0.373148,AUS,NZL,840211
9580332,75,166,8762,2006,0.0,3134.0,-0.6554949999999999,-0.098284,FJI,NZL,840211
9580333,195,166,8762,2006,0.0,36326.0,-1.501072,-0.964304,SLB,NZL,840211
9580334,7,168,8762,2006,0.0,121400.0,0.053903999999999994,-0.735124,ARE,PAK,840211
9580335,18,168,8762,2006,81507.0,0.0,1.2222540000000002,1.383027,BEL,PAK,840211
9580336,22,168,8762,2006,0.0,3371.0,-1.0305309999999999,-0.80937,BGD,PAK,840211
9580337,43,168,8762,2006,240342.0,0.0,0.737888,2.54966,CHN,PAK,840211
9580338,61,168,8762,2006,137692.0,0.0,2.132566,-2.773669,DEU,PAK,840211
9580339,81,168,8762,2006,1491326.0,0.0,1.824154,0.614424,GBR,PAK,840211
9580340,111,168,8762,2006,46379.0,0.0,1.293779,0.93995,ITA,PAK,840211
9580341,152,168,8762,2006,0.0,874.0,-1.145132,-1.0946209999999998,MWI,PAK,840211
9580342,224,168,8762,2006,35449.0,0.0,0.33971599999999996,2.193384,TUR,PAK,840211
9580343,231,168,8762,2006,117513.0,0.0,1.666643,-0.121679,USA,PAK,840211
9580344,249,168,8762,2006,18785.0,0.0,1.619915,1.2289940000000001,TWN,PAK,840211
9580345,250,168,8762,2006,82373.0,0.0,0.711619,-0.41880200000000006,ANS,PAK,840211
9580346,32,169,8762,2006,465724.0,0.0,0.633889,1.1474520000000001,BRA,PAN,840211
9580347,43,173,8762,2006,1151.0,0.0,0.737888,2.54966,CHN,PER,840211
9580348,71,173,8762,2006,101114.0,0.0,0.9091370000000001,2.068166,ESP,PER,840211
9580349,231,173,8762,2006,151918.0,0.0,1.666643,-0.121679,USA,PER,840211
9580350,43,174,8762,2006,29034.0,0.0,0.737888,2.54966,CHN,PHL,840211
9580351,114,174,8762,2006,146914.0,0.0,2.4348099999999997,0.082887,JPN,PHL,840211
9580352,121,174,8762,2006,92762.0,0.0,1.5384309999999999,0.766628,KOR,PHL,840211
9580353,153,174,8762,2006,20314.0,0.0,0.7896569999999999,0.363625,MYS,PHL,840211
9580354,231,174,8762,2006,185328.0,0.0,1.666643,-0.121679,USA,PHL,840211
9580355,249,174,8762,2006,196797.0,0.0,1.619915,1.2289940000000001,TWN,PHL,840211
9580356,16,177,8762,2006,0.0,65426.0,-0.521304,-1.035764,AZE,POL,840211
9580357,32,177,8762,2006,0.0,1061542.0,0.633889,1.1474520000000001,BRA,POL,840211
9580358,61,177,8762,2006,186064.0,0.0,2.132566,-2.773669,DEU,POL,840211
9580359,64,177,8762,2006,0.0,1653966.0,1.2308700000000001,1.180914,DNK,POL,840211
9580360,249,177,8762,2006,2285.0,0.0,1.619915,1.2289940000000001,TWN,POL,840211
9580361,249,180,8762,2006,8888.0,0.0,1.619915,1.2289940000000001,TWN,PRY,840211
9580362,32,183,8762,2006,22641.0,0.0,0.633889,1.1474520000000001,BRA,QAT,840211
9580363,61,183,8762,2006,702554.0,0.0,2.132566,-2.773669,DEU,QAT,840211
9580364,64,183,8762,2006,1416.0,0.0,1.2308700000000001,1.180914,DNK,QAT,840211
9580365,81,183,8762,2006,3961.0,0.0,1.824154,0.614424,GBR,QAT,840211
9580366,104,183,8762,2006,2051.0,0.0,0.285652,2.731318,IND,QAT,840211
9580367,111,183,8762,2006,39120.0,0.0,1.293779,0.93995,ITA,QAT,840211
9580368,121,183,8762,2006,725837.0,0.0,1.5384309999999999,0.766628,KOR,QAT,840211
9580369,162,183,8762,2006,15524.0,0.0,1.192134,1.450852,NLD,QAT,840211
9580370,192,183,8762,2006,82298.0,0.0,1.5377379999999998,0.503089,SGP,QAT,840211
9580371,231,183,8762,2006,6682.0,0.0,1.666643,-0.121679,USA,QAT,840211
9580372,16,185,8762,2006,0.0,125581.0,-0.521304,-1.035764,AZE,ROU,840211
9580373,18,185,8762,2006,3740.0,0.0,1.2222540000000002,1.383027,BEL,ROU,840211
9580374,100,185,8762,2006,27876.0,0.0,0.755787,0.992614,HRV,ROU,840211
9580375,111,185,8762,2006,92724.0,0.0,1.293779,0.93995,ITA,ROU,840211
9580376,115,185,8762,2006,0.0,449845.0,0.038229,-0.579421,KAZ,ROU,840211
9580377,162,185,8762,2006,0.0,102527.0,1.192134,1.450852,NLD,ROU,840211
9580378,7,188,8762,2006,5073350.0,0.0,0.053903999999999994,-0.735124,ARE,SAU,840211
9580379,61,188,8762,2006,200063.0,0.0,2.132566,-2.773669,DEU,SAU,840211
9580380,81,188,8762,2006,4014.0,0.0,1.824154,0.614424,GBR,SAU,840211
9580381,111,188,8762,2006,11317375.0,71910.0,1.293779,0.93995,ITA,SAU,840211
9580382,122,188,8762,2006,22816.0,0.0,-0.589823,-1.142795,KWT,SAU,840211
9580383,138,188,8762,2006,8788495.0,0.0,1.047268,0.7142270000000001,MEX,SAU,840211
9580384,162,188,8762,2006,55930.0,0.0,1.192134,1.450852,NLD,SAU,840211
9580385,190,188,8762,2006,0.0,13560.0,-1.873762,-1.278378,SDN,SAU,840211
9580386,231,188,8762,2006,416307.0,0.0,1.666643,-0.121679,USA,SAU,840211
9580387,231,197,8762,2006,28883.0,0.0,1.666643,-0.121679,USA,SLV,840211
9580388,104,205,8762,2006,149431.0,0.0,0.285652,2.731318,IND,SUR,840211
9580389,61,208,8762,2006,9070.0,1678.0,2.132566,-2.773669,DEU,SWE,840211
9580390,64,208,8762,2006,221834.0,0.0,1.2308700000000001,1.180914,DNK,SWE,840211
9580391,100,208,8762,2006,13531.0,0.0,0.755787,0.992614,HRV,SWE,840211
9580392,111,208,8762,2006,3944.0,0.0,1.293779,0.93995,ITA,SWE,840211
9580393,224,208,8762,2006,0.0,621228.0,0.33971599999999996,2.193384,TUR,SWE,840211
9580394,14,216,8762,2006,0.0,978942.0,0.067166,0.373148,AUS,THA,840211
9580395,18,216,8762,2006,850904.0,0.0,1.2222540000000002,1.383027,BEL,THA,840211
9580396,39,216,8762,2006,101650.0,0.0,0.865685,1.1480489999999999,CAN,THA,840211
9580397,42,216,8762,2006,0.0,2949528.0,-0.188298,-0.46778000000000003,CHL,THA,840211
9580398,43,216,8762,2006,9658861.0,0.0,0.737888,2.54966,CHN,THA,840211
9580399,61,216,8762,2006,90536.0,0.0,2.132566,-2.773669,DEU,THA,840211
9580400,74,216,8762,2006,144514.0,0.0,1.864038,0.8193940000000001,FIN,THA,840211
9580401,103,216,8762,2006,0.0,460545.0,-0.21012399999999998,1.467838,IDN,THA,840211
9580402,114,216,8762,2006,936670.0,0.0,2.4348099999999997,0.082887,JPN,THA,840211
9580403,121,216,8762,2006,908688.0,0.0,1.5384309999999999,0.766628,KOR,THA,840211
9580404,122,216,8762,2006,0.0,3198.0,-0.589823,-1.142795,KWT,THA,840211
9580405,128,216,8762,2006,0.0,181582.0,-0.573767,0.305913,LKA,THA,840211
9580406,153,216,8762,2006,8836.0,0.0,0.7896569999999999,0.363625,MYS,THA,840211
9580407,192,216,8762,2006,0.0,2860759.0,1.5377379999999998,0.503089,SGP,THA,840211
9580408,231,216,8762,2006,124293.0,0.0,1.666643,-0.121679,USA,THA,840211
9580409,231,222,8762,2006,1159721.0,0.0,1.666643,-0.121679,USA,TTO,840211
9580410,16,224,8762,2006,0.0,51669.0,-0.521304,-1.035764,AZE,TUR,840211
9580411,23,224,8762,2006,0.0,8010.0,0.414563,1.378005,BGR,TUR,840211
9580412,39,224,8762,2006,1767760.0,0.0,0.865685,1.1480489999999999,CAN,TUR,840211
9580413,58,224,8762,2006,0.0,29206.0,0.708267,-0.048096,CYP,TUR,840211
9580414,61,224,8762,2006,0.0,471274.0,2.132566,-2.773669,DEU,TUR,840211
9580415,68,224,8762,2006,0.0,28832.0,-0.182272,0.40222399999999997,EGY,TUR,840211
9580416,77,224,8762,2006,0.0,1150696.0,1.47591,0.489466,FRA,TUR,840211
9580417,81,224,8762,2006,108038.0,20963.0,1.824154,0.614424,GBR,TUR,840211
9580418,82,224,8762,2006,0.0,18412.0,0.076711,-0.47216099999999994,GEO,TUR,840211
9580419,104,224,8762,2006,1546472.0,0.0,0.285652,2.731318,IND,TUR,840211
9580420,111,224,8762,2006,1238.0,0.0,1.293779,0.93995,ITA,TUR,840211
9580421,113,224,8762,2006,0.0,11724.0,0.166718,0.331248,JOR,TUR,840211
9580422,162,224,8762,2006,65882.0,0.0,1.192134,1.450852,NLD,TUR,840211
9580423,168,224,8762,2006,0.0,35449.0,-0.449333,0.563013,PAK,TUR,840211
9580424,186,224,8762,2006,0.0,49768.0,0.801197,0.104683,RUS,TUR,840211
9580425,208,224,8762,2006,621228.0,0.0,1.902737,0.593294,SWE,TUR,840211
9580426,219,224,8762,2006,0.0,37636.0,-1.155861,-1.200933,TKM,TUR,840211
9580427,231,224,8762,2006,9630573.0,0.0,1.666643,-0.121679,USA,TUR,840211
9580428,232,224,8762,2006,0.0,74066.0,-0.457759,-0.784626,UZB,TUR,840211
9580429,250,224,8762,2006,0.0,8601.0,0.711619,-0.41880200000000006,ANS,TUR,840211
9580430,8,231,8762,2006,0.0,1350235.0,0.33055,0.665867,ARG,USA,840211
9580431,14,231,8762,2006,0.0,581288.0,0.067166,0.373148,AUS,USA,840211
9580432,15,231,8762,2006,0.0,69859.0,1.775669,0.192717,AUT,USA,840211
9580433,18,231,8762,2006,0.0,279664.0,1.2222540000000002,1.383027,BEL,USA,840211
9580434,22,231,8762,2006,0.0,403614.0,-1.0305309999999999,-0.80937,BGD,USA,840211
9580435,24,231,8762,2006,0.0,100938.0,0.172724,-0.9449879999999999,BHR,USA,840211
9580436,25,231,8762,2006,0.0,110125.0,0.673694,-0.519608,BHS,USA,840211
9580437,29,231,8762,2006,0.0,53287.0,-0.584902,-0.82437,BLZ,USA,840211
9580438,32,231,8762,2006,1518455.0,21226.0,0.633889,1.1474520000000001,BRA,USA,840211
9580439,33,231,8762,2006,0.0,35852.0,0.977267,0.6046560000000001,BRB,USA,840211
9580440,39,231,8762,2006,9463377.0,13249445.0,0.865685,1.1480489999999999,CAN,USA,840211
9580441,42,231,8762,2006,27682.0,85090.0,-0.188298,-0.46778000000000003,CHL,USA,840211
9580442,43,231,8762,2006,2243472.0,426516.0,0.737888,2.54966,CHN,USA,840211
9580443,61,231,8762,2006,0.0,8493.0,2.132566,-2.773669,DEU,USA,840211
9580444,64,231,8762,2006,0.0,11193.0,1.2308700000000001,1.180914,DNK,USA,840211
9580445,65,231,8762,2006,0.0,177963.0,-0.24073699999999998,0.049093,DOM,USA,840211
9580446,67,231,8762,2006,0.0,77257.0,-0.878583,-0.9462010000000001,ECU,USA,840211
9580447,68,231,8762,2006,0.0,684282.0,-0.182272,0.40222399999999997,EGY,USA,840211
9580448,71,231,8762,2006,46418896.0,0.0,0.9091370000000001,2.068166,ESP,USA,840211
9580449,77,231,8762,2006,0.0,3061.0,1.47591,0.489466,FRA,USA,840211
9580450,81,231,8762,2006,0.0,1694776.0,1.824154,0.614424,GBR,USA,840211
9580451,93,231,8762,2006,0.0,3504.0,-0.28642199999999995,0.5868439999999999,GTM,USA,840211
9580452,97,231,8762,2006,0.0,22474.0,0.5776319999999999,2.076782,HKG,USA,840211
9580453,99,231,8762,2006,0.0,402284.0,-0.672074,-0.472138,HND,USA,840211
9580454,103,231,8762,2006,468449.0,623120.0,-0.21012399999999998,1.467838,IDN,USA,840211
9580455,104,231,8762,2006,446076.0,0.0,0.285652,2.731318,IND,USA,840211
9580456,110,231,8762,2006,0.0,9390.0,1.3082129999999998,0.783845,ISR,USA,840211
9580457,111,231,8762,2006,173064.0,0.0,1.293779,0.93995,ITA,USA,840211
9580458,112,231,8762,2006,0.0,714807.0,-0.5122720000000001,-0.9109809999999999,JAM,USA,840211
9580459,114,231,8762,2006,26736482.0,0.0,2.4348099999999997,0.082887,JPN,USA,840211
9580460,115,231,8762,2006,0.0,12431.0,0.038229,-0.579421,KAZ,USA,840211
9580461,121,231,8762,2006,0.0,506649.0,1.5384309999999999,0.766628,KOR,USA,840211
9580462,122,231,8762,2006,0.0,60707.0,-0.589823,-1.142795,KWT,USA,840211
9580463,133,231,8762,2006,0.0,160356.0,-0.07118200000000001,-0.228354,MAC,USA,840211
9580464,134,231,8762,2006,0.0,1455916.0,-0.547933,0.08257300000000001,MAR,USA,840211
9580465,138,231,8762,2006,0.0,168561.0,1.047268,0.7142270000000001,MEX,USA,840211
9580466,159,231,8762,2006,0.0,3200.0,-2.094353,-1.215025,NGA,USA,840211
9580467,162,231,8762,2006,34722.0,0.0,1.192134,1.450852,NLD,USA,840211
9580468,163,231,8762,2006,0.0,2868.0,1.0787930000000001,0.014051,NOR,USA,840211
9580469,168,231,8762,2006,0.0,117513.0,-0.449333,0.563013,PAK,USA,840211
9580470,173,231,8762,2006,0.0,151918.0,-0.551095,0.044295,PER,USA,840211
9580471,174,231,8762,2006,0.0,185328.0,0.161994,0.036631,PHL,USA,840211
9580472,182,231,8762,2006,0.0,12121.0,-0.213329,-0.743599,PYF,USA,840211
9580473,183,231,8762,2006,0.0,6682.0,0.055777999999999994,-1.0379049999999999,QAT,USA,840211
9580474,186,231,8762,2006,0.0,85431.0,0.801197,0.104683,RUS,USA,840211
9580475,188,231,8762,2006,0.0,416307.0,0.162432,-0.853059,SAU,USA,840211
9580476,192,231,8762,2006,0.0,175639.0,1.5377379999999998,0.503089,SGP,USA,840211
9580477,197,231,8762,2006,0.0,28883.0,-0.135312,0.140874,SLV,USA,840211
9580478,213,231,8762,2006,0.0,17450.0,0.43692700000000007,-0.135696,TCA,USA,840211
9580479,216,231,8762,2006,0.0,124293.0,0.568209,1.685343,THA,USA,840211
9580480,222,231,8762,2006,0.0,1159721.0,-0.20651399999999998,-1.024907,TTO,USA,840211
9580481,224,231,8762,2006,0.0,9630573.0,0.33971599999999996,2.193384,TUR,USA,840211
9580482,236,231,8762,2006,0.0,334124.0,-0.340972,-1.015462,VEN,USA,840211
9580483,246,231,8762,2006,0.0,5218.0,0.37964499999999995,1.466326,ZAF,USA,840211
9580484,249,231,8762,2006,0.0,830082.0,1.619915,1.2289940000000001,TWN,USA,840211
9580485,32,236,8762,2006,5936568.0,0.0,0.633889,1.1474520000000001,BRA,VEN,840211
9580486,111,236,8762,2006,4411108.0,0.0,1.293779,0.93995,ITA,VEN,840211
9580487,124,236,8762,2006,4924.0,0.0,0.3861,1.586183,LBN,VEN,840211
9580488,231,236,8762,2006,334124.0,0.0,1.666643,-0.121679,USA,VEN,840211
9580489,7,243,8762,2006,3069.0,0.0,0.053903999999999994,-0.735124,ARE,YEM,840211
9580490,14,249,8762,2006,0.0,155759.0,0.067166,0.373148,AUS,TWN,840211
9580491,22,249,8762,2006,0.0,713764.0,-1.0305309999999999,-0.80937,BGD,TWN,840211
9580492,39,249,8762,2006,42657.0,0.0,0.865685,1.1480489999999999,CAN,TWN,840211
9580493,43,249,8762,2006,0.0,6912092.0,0.737888,2.54966,CHN,TWN,840211
9580494,68,249,8762,2006,0.0,20819.0,-0.182272,0.40222399999999997,EGY,TWN,840211
9580495,97,249,8762,2006,67188.0,74313.0,0.5776319999999999,2.076782,HKG,TWN,840211
9580496,104,249,8762,2006,2480.0,0.0,0.285652,2.731318,IND,TWN,840211
9580497,118,249,8762,2006,0.0,120969.0,-1.323365,-1.185827,KHM,TWN,840211
9580498,128,249,8762,2006,0.0,59942.0,-0.573767,0.305913,LKA,TWN,840211
9580499,133,249,8762,2006,0.0,17919.0,-0.07118200000000001,-0.228354,MAC,TWN,840211
9580500,153,249,8762,2006,0.0,411723.0,0.7896569999999999,0.363625,MYS,TWN,840211
9580501,168,249,8762,2006,0.0,18785.0,-0.449333,0.563013,PAK,TWN,840211
9580502,174,249,8762,2006,0.0,196797.0,0.161994,0.036631,PHL,TWN,840211
9580503,177,249,8762,2006,0.0,2285.0,0.991927,1.474418,POL,TWN,840211
9580504,180,249,8762,2006,0.0,8888.0,-0.520435,-0.7839119999999999,PRY,TWN,840211
9580505,192,249,8762,2006,0.0,119774.0,1.5377379999999998,0.503089,SGP,TWN,840211
9580506,231,249,8762,2006,830082.0,0.0,1.666643,-0.121679,USA,TWN,840211
9580507,239,249,8762,2006,0.0,164394.0,-0.342779,1.033318,VNM,TWN,840211
9580508,16,7,8762,2006,0.0,200519.0,-0.521304,-1.035764,AZE,ARE,840211
9580509,39,7,8762,2006,90873.0,0.0,0.865685,1.1480489999999999,CAN,ARE,840211
9580510,104,7,8762,2006,513760.0,0.0,0.285652,2.731318,IND,ARE,840211
9580511,111,7,8762,2006,1846491.0,0.0,1.293779,0.93995,ITA,ARE,840211
9580512,122,7,8762,2006,53331.0,28413200.0,-0.589823,-1.142795,KWT,ARE,840211
9580513,168,7,8762,2006,121400.0,0.0,-0.449333,0.563013,PAK,ARE,840211
9580514,188,7,8762,2006,0.0,5073350.0,0.162432,-0.853059,SAU,ARE,840211
9580515,243,7,8762,2006,0.0,3069.0,-1.0407110000000002,-1.13042,YEM,ARE,840211
9580516,39,14,8762,2006,222719.0,0.0,0.865685,1.1480489999999999,CAN,AUS,840211
9580517,61,14,8762,2006,134778.0,0.0,2.132566,-2.773669,DEU,AUS,840211
9580518,75,14,8762,2006,18165.0,0.0,-0.6554949999999999,-0.098284,FJI,AUS,840211
9580519,81,14,8762,2006,281589.0,0.0,1.824154,0.614424,GBR,AUS,840211
9580520,97,14,8762,2006,0.0,121346.0,0.5776319999999999,2.076782,HKG,AUS,840211
9580521,104,14,8762,2006,35040.0,0.0,0.285652,2.731318,IND,AUS,840211
9580522,121,14,8762,2006,2829192.0,0.0,1.5384309999999999,0.766628,KOR,AUS,840211
9580523,153,14,8762,2006,637085.0,0.0,0.7896569999999999,0.363625,MYS,AUS,840211
9580524,156,14,8762,2006,0.0,22666.0,-0.135099,-0.7618779999999999,NCL,AUS,840211
9580525,162,14,8762,2006,245435.0,0.0,1.192134,1.450852,NLD,AUS,840211
9580526,166,14,8762,2006,194032.0,17189.0,0.5371,0.8240209999999999,NZL,AUS,840211
9580527,176,14,8762,2006,0.0,48164.0,-1.89409,-1.234731,PNG,AUS,840211
9580528,216,14,8762,2006,978942.0,0.0,0.568209,1.685343,THA,AUS,840211
9580529,231,14,8762,2006,581288.0,0.0,1.666643,-0.121679,USA,AUS,840211
9580530,239,14,8762,2006,0.0,34025.0,-0.342779,1.033318,VNM,AUS,840211
9580531,249,14,8762,2006,155759.0,0.0,1.619915,1.2289940000000001,TWN,AUS,840211
9580532,7,16,8762,2006,200519.0,0.0,0.053903999999999994,-0.735124,ARE,AZE,840211
9580533,61,16,8762,2006,2240602.0,0.0,2.132566,-2.773669,DEU,AZE,840211
9580534,81,16,8762,2006,90130.0,0.0,1.824154,0.614424,GBR,AZE,840211
9580535,107,16,8762,2006,14404.0,0.0,-0.391023,-0.767861,IRN,AZE,840211
9580536,111,16,8762,2006,606640.0,0.0,1.293779,0.93995,ITA,AZE,840211
9580537,153,16,8762,2006,438651.0,0.0,0.7896569999999999,0.363625,MYS,AZE,840211
9580538,162,16,8762,2006,194473.0,0.0,1.192134,1.450852,NLD,AZE,840211
9580539,177,16,8762,2006,65426.0,0.0,0.991927,1.474418,POL,AZE,840211
9580540,185,16,8762,2006,125581.0,0.0,0.550825,1.170744,ROU,AZE,840211
9580541,224,16,8762,2006,51669.0,0.0,0.33971599999999996,2.193384,TUR,AZE,840211
9580542,43,22,8762,2006,51494.0,0.0,0.737888,2.54966,CHN,BGD,840211
9580543,97,22,8762,2006,184674.0,0.0,0.5776319999999999,2.076782,HKG,BGD,840211
9580544,104,22,8762,2006,1114758.0,0.0,0.285652,2.731318,IND,BGD,840211
9580545,111,22,8762,2006,6879.0,0.0,1.293779,0.93995,ITA,BGD,840211
9580546,114,22,8762,2006,26005.0,0.0,2.4348099999999997,0.082887,JPN,BGD,840211
9580547,121,22,8762,2006,157287.0,0.0,1.5384309999999999,0.766628,KOR,BGD,840211
9580548,153,22,8762,2006,25538.0,0.0,0.7896569999999999,0.363625,MYS,BGD,840211
9580549,168,22,8762,2006,3371.0,0.0,-0.449333,0.563013,PAK,BGD,840211
9580550,192,22,8762,2006,34217.0,0.0,1.5377379999999998,0.503089,SGP,BGD,840211
9580551,231,22,8762,2006,403614.0,0.0,1.666643,-0.121679,USA,BGD,840211
9580552,249,22,8762,2006,713764.0,0.0,1.619915,1.2289940000000001,TWN,BGD,840211
9580553,61,23,8762,2006,2290.0,0.0,2.132566,-2.773669,DEU,BGR,840211
9580554,111,23,8762,2006,22908.0,0.0,1.293779,0.93995,ITA,BGR,840211
9580555,224,23,8762,2006,8010.0,0.0,0.33971599999999996,2.193384,TUR,BGR,840211
9580556,81,24,8762,2006,110903.0,0.0,1.824154,0.614424,GBR,BHR,840211
9580557,122,24,8762,2006,210954.0,0.0,-0.589823,-1.142795,KWT,BHR,840211
9580558,231,24,8762,2006,100938.0,0.0,1.666643,-0.121679,USA,BHR,840211
9580559,90,58,8762,2006,26519.0,0.0,0.261955,1.488958,GRC,CYP,840211
9580560,224,58,8762,2006,29206.0,0.0,0.33971599999999996,2.193384,TUR,CYP,840211
9580561,8,68,8762,2006,197825.0,0.0,0.33055,0.665867,ARG,EGY,840211
9580562,43,68,8762,2006,12134.0,0.0,0.737888,2.54966,CHN,EGY,840211
9580563,61,68,8762,2006,464375.0,0.0,2.132566,-2.773669,DEU,EGY,840211
9580564,71,68,8762,2006,13030.0,0.0,0.9091370000000001,2.068166,ESP,EGY,840211
9580565,81,68,8762,2006,185332.0,0.0,1.824154,0.614424,GBR,EGY,840211
9580566,111,68,8762,2006,115363.0,0.0,1.293779,0.93995,ITA,EGY,840211
9580567,114,68,8762,2006,2929294.0,0.0,2.4348099999999997,0.082887,JPN,EGY,840211
9580568,124,68,8762,2006,18396.0,0.0,0.3861,1.586183,LBN,EGY,840211
9580569,162,68,8762,2006,171241.0,0.0,1.192134,1.450852,NLD,EGY,840211
9580570,212,68,8762,2006,17651.0,1135754.0,-0.588695,0.532487,SYR,EGY,840211
9580571,224,68,8762,2006,28832.0,0.0,0.33971599999999996,2.193384,TUR,EGY,840211
9580572,231,68,8762,2006,684282.0,0.0,1.666643,-0.121679,USA,EGY,840211
9580573,249,68,8762,2006,20819.0,0.0,1.619915,1.2289940000000001,TWN,EGY,840211
9580574,250,68,8762,2006,178922.0,0.0,0.711619,-0.41880200000000006,ANS,EGY,840211
9580575,81,72,8762,2006,12253.0,0.0,1.824154,0.614424,GBR,EST,840211
9580576,224,82,8762,2006,18412.0,0.0,0.33971599999999996,2.193384,TUR,GEO,840211
9580577,64,100,8762,2006,0.0,1046.0,1.2308700000000001,1.180914,DNK,HRV,840211
9580578,74,100,8762,2006,0.0,7061.0,1.864038,0.8193940000000001,FIN,HRV,840211
9580579,81,100,8762,2006,0.0,61645.0,1.824154,0.614424,GBR,HRV,840211
9580580,111,100,8762,2006,13077.0,13487.0,1.293779,0.93995,ITA,HRV,840211
9580581,114,100,8762,2006,0.0,8531.0,2.4348099999999997,0.082887,JPN,HRV,840211
9580582,144,100,8762,2006,0.0,2450.0,0.130773,-0.24674699999999997,MNE,HRV,840211
9580583,185,100,8762,2006,0.0,27876.0,0.550825,1.170744,ROU,HRV,840211
9580584,208,100,8762,2006,0.0,13531.0,1.902737,0.593294,SWE,HRV,840211
9580585,15,102,8762,2006,9763.0,0.0,1.775669,0.192717,AUT,HUN,840211
9580586,74,102,8762,2006,148149.0,0.0,1.864038,0.8193940000000001,FIN,HUN,840211
9580587,81,102,8762,2006,6153.0,0.0,1.824154,0.614424,GBR,HUN,840211
9580588,111,102,8762,2006,288471.0,0.0,1.293779,0.93995,ITA,HUN,840211
9580589,162,102,8762,2006,954891.0,0.0,1.192134,1.450852,NLD,HUN,840211
9580590,206,102,8762,2006,136357.0,0.0,1.291583,0.868317,SVK,HUN,840211
9580591,1,107,8762,2006,0.0,3180.0,-0.626011,-0.6799689999999999,AFG,IRN,840211
9580592,16,107,8762,2006,0.0,14404.0,-0.521304,-1.035764,AZE,IRN,840211
9580593,43,107,8762,2006,2675.0,0.0,0.737888,2.54966,CHN,IRN,840211
9580594,61,107,8762,2006,50225.0,0.0,2.132566,-2.773669,DEU,IRN,840211
9580595,108,107,8762,2006,0.0,1341.0,-2.029727,-0.8634219999999999,IRQ,IRN,840211
9580596,111,107,8762,2006,10923216.0,0.0,1.293779,0.93995,ITA,IRN,840211
9580597,232,107,8762,2006,0.0,12011.0,-0.457759,-0.784626,UZB,IRN,840211
9580598,122,113,8762,2006,4277.0,0.0,-0.589823,-1.142795,KWT,JOR,840211
9580599,224,113,8762,2006,11724.0,0.0,0.33971599999999996,2.193384,TUR,JOR,840211
9580600,250,113,8762,2006,0.0,23613.0,0.711619,-0.41880200000000006,ANS,JOR,840211
9580601,43,115,8762,2006,1682605.0,0.0,0.737888,2.54966,CHN,KAZ,840211
9580602,111,115,8762,2006,1354571.0,0.0,1.293779,0.93995,ITA,KAZ,840211
9580603,162,115,8762,2006,1189.0,0.0,1.192134,1.450852,NLD,KAZ,840211
9580604,185,115,8762,2006,449845.0,0.0,0.550825,1.170744,ROU,KAZ,840211
9580605,186,115,8762,2006,756844.0,0.0,0.801197,0.104683,RUS,KAZ,840211
9580606,231,115,8762,2006,12431.0,0.0,1.666643,-0.121679,USA,KAZ,840211
9580607,104,116,8762,2006,940736.0,0.0,0.285652,2.731318,IND,KEN,840211
9580608,227,116,8762,2006,0.0,3282.0,-0.702511,-0.43976099999999996,UGA,KEN,840211
9580609,7,122,8762,2006,28413200.0,53331.0,0.053903999999999994,-0.735124,ARE,KWT,840211
9580610,24,122,8762,2006,0.0,210954.0,0.172724,-0.9449879999999999,BHR,KWT,840211
9580611,41,122,8762,2006,8823.0,0.0,2.052534,0.515523,CHE,KWT,840211
9580612,43,122,8762,2006,3603.0,0.0,0.737888,2.54966,CHN,KWT,840211
9580613,61,122,8762,2006,907861.0,0.0,2.132566,-2.773669,DEU,KWT,840211
9580614,81,122,8762,2006,28986.0,0.0,1.824154,0.614424,GBR,KWT,840211
9580615,97,122,8762,2006,1271.0,0.0,0.5776319999999999,2.076782,HKG,KWT,840211
9580616,104,122,8762,2006,3327848.0,0.0,0.285652,2.731318,IND,KWT,840211
9580617,108,122,8762,2006,0.0,565886.0,-2.029727,-0.8634219999999999,IRQ,KWT,840211
9580618,111,122,8762,2006,4005791.0,0.0,1.293779,0.93995,ITA,KWT,840211
9580619,113,122,8762,2006,0.0,4277.0,0.166718,0.331248,JOR,KWT,840211
9580620,188,122,8762,2006,0.0,22816.0,0.162432,-0.853059,SAU,KWT,840211
9580621,216,122,8762,2006,3198.0,0.0,0.568209,1.685343,THA,KWT,840211
9580622,231,122,8762,2006,60707.0,0.0,1.666643,-0.121679,USA,KWT,840211
9580623,68,124,8762,2006,0.0,18396.0,-0.182272,0.40222399999999997,EGY,LBN,840211
9580624,71,124,8762,2006,2535.0,0.0,0.9091370000000001,2.068166,ESP,LBN,840211
9580625,190,124,8762,2006,0.0,21904.0,-1.873762,-1.278378,SDN,LBN,840211
9580626,236,124,8762,2006,0.0,4924.0,-0.340972,-1.015462,VEN,LBN,840211
9580627,61,130,8762,2006,87143.0,0.0,2.132566,-2.773669,DEU,LTU,840211
9580628,81,130,8762,2006,0.0,1488.0,1.824154,0.614424,GBR,LTU,840211
9580629,162,130,8762,2006,1200.0,0.0,1.192134,1.450852,NLD,LTU,840211
9580630,77,131,8762,2006,1209.0,0.0,1.47591,0.489466,FRA,LUX,840211
9580631,246,147,8762,2006,1209.0,0.0,0.37964499999999995,1.466326,ZAF,MOZ,840211
9580632,64,163,8762,2006,48673.0,0.0,1.2308700000000001,1.180914,DNK,NOR,840211
9580633,74,163,8762,2006,2509.0,0.0,1.864038,0.8193940000000001,FIN,NOR,840211
9580634,104,163,8762,2006,0.0,894.0,0.285652,2.731318,IND,NOR,840211
9580635,231,163,8762,2006,2868.0,0.0,1.666643,-0.121679,USA,NOR,840211
9580636,77,167,8762,2006,103924.0,0.0,1.47591,0.489466,FRA,OMN,840211
9580637,104,167,8762,2006,2694.0,0.0,0.285652,2.731318,IND,OMN,840211
9580638,111,167,8762,2006,1540011.0,0.0,1.293779,0.93995,ITA,OMN,840211
9580639,45,179,8762,2006,0.0,88391.0,-1.358873,-1.1511360000000002,CMR,PRT,840211
9580640,81,179,8762,2006,17293.0,0.0,1.824154,0.614424,GBR,PRT,840211
9580641,111,179,8762,2006,14215.0,0.0,1.293779,0.93995,ITA,PRT,840211
9580642,134,179,8762,2006,0.0,406886.0,-0.547933,0.08257300000000001,MAR,PRT,840211
9580643,159,179,8762,2006,0.0,47233.0,-2.094353,-1.215025,NGA,PRT,840211
9580644,59,186,8762,2006,153374.0,0.0,1.564058,0.6023649999999999,CZE,RUS,840211
9580645,61,186,8762,2006,55379.0,0.0,2.132566,-2.773669,DEU,RUS,840211
9580646,74,186,8762,2006,19635.0,0.0,1.864038,0.8193940000000001,FIN,RUS,840211
9580647,81,186,8762,2006,95497.0,0.0,1.824154,0.614424,GBR,RUS,840211
9580648,104,186,8762,2006,9880.0,0.0,0.285652,2.731318,IND,RUS,840211
9580649,111,186,8762,2006,313708.0,0.0,1.293779,0.93995,ITA,RUS,840211
9580650,115,186,8762,2006,0.0,756844.0,0.038229,-0.579421,KAZ,RUS,840211
9580651,162,186,8762,2006,74788.0,0.0,1.192134,1.450852,NLD,RUS,840211
9580652,206,186,8762,2006,2467275.0,0.0,1.291583,0.868317,SVK,RUS,840211
9580653,224,186,8762,2006,49768.0,0.0,0.33971599999999996,2.193384,TUR,RUS,840211
9580654,228,186,8762,2006,0.0,2321837.0,0.7008439999999999,0.79656,UKR,RUS,840211
9580655,231,186,8762,2006,85431.0,0.0,1.666643,-0.121679,USA,RUS,840211
9580656,22,192,8762,2006,0.0,34217.0,-1.0305309999999999,-0.80937,BGD,SGP,840211
9580657,35,192,8762,2006,0.0,2322.0,-0.016287,-0.561397,BTN,SGP,840211
9580658,43,192,8762,2006,575789.0,0.0,0.737888,2.54966,CHN,SGP,840211
9580659,81,192,8762,2006,14211.0,0.0,1.824154,0.614424,GBR,SGP,840211
9580660,97,192,8762,2006,81681.0,0.0,0.5776319999999999,2.076782,HKG,SGP,840211
9580661,103,192,8762,2006,452555.0,76624.0,-0.21012399999999998,1.467838,IDN,SGP,840211
9580662,114,192,8762,2006,67859.0,0.0,2.4348099999999997,0.082887,JPN,SGP,840211
9580663,128,192,8762,2006,0.0,83362.0,-0.573767,0.305913,LKA,SGP,840211
9580664,137,192,8762,2006,0.0,14635.0,-0.240191,-0.8320290000000001,MDV,SGP,840211
9580665,153,192,8762,2006,97099.0,44307.0,0.7896569999999999,0.363625,MYS,SGP,840211
9580666,183,192,8762,2006,0.0,82298.0,0.055777999999999994,-1.0379049999999999,QAT,SGP,840211
9580667,216,192,8762,2006,2860759.0,0.0,0.568209,1.685343,THA,SGP,840211
9580668,231,192,8762,2006,175639.0,0.0,1.666643,-0.121679,USA,SGP,840211
9580669,249,192,8762,2006,119774.0,0.0,1.619915,1.2289940000000001,TWN,SGP,840211
9580670,61,201,8762,2006,1519.0,0.0,2.132566,-2.773669,DEU,SRB,840211
9580671,111,201,8762,2006,109964.0,0.0,1.293779,0.93995,ITA,SRB,840211
9580672,102,206,8762,2006,0.0,136357.0,1.4034309999999999,0.835144,HUN,SVK,840211
9580673,106,206,8762,2006,0.0,30215.0,1.43804,0.06463200000000001,IRL,SVK,840211
9580674,186,206,8762,2006,0.0,2467275.0,0.801197,0.104683,RUS,SVK,840211
9580675,250,206,8762,2006,225306.0,0.0,0.711619,-0.41880200000000006,ANS,SVK,840211
9580676,43,212,8762,2006,4529103.0,0.0,0.737888,2.54966,CHN,SYR,840211
9580677,68,212,8762,2006,1135754.0,17651.0,-0.182272,0.40222399999999997,EGY,SYR,840211
9580678,111,212,8762,2006,3745.0,0.0,1.293779,0.93995,ITA,SYR,840211
9580679,190,212,8762,2006,0.0,7394.0,-1.873762,-1.278378,SDN,SYR,840211
9580680,250,212,8762,2006,24238.0,0.0,0.711619,-0.41880200000000006,ANS,SYR,840211
9580681,61,223,8762,2006,82960.0,0.0,2.132566,-2.773669,DEU,TUN,840211
9580682,59,228,8762,2006,7565.0,0.0,1.564058,0.6023649999999999,CZE,UKR,840211
9580683,104,228,8762,2006,12398.0,0.0,0.285652,2.731318,IND,UKR,840211
9580684,111,228,8762,2006,84527.0,0.0,1.293779,0.93995,ITA,UKR,840211
9580685,186,228,8762,2006,2321837.0,0.0,0.801197,0.104683,RUS,UKR,840211
9580686,37,246,8762,2006,0.0,18438.0,-1.0541459999999998,-1.179286,BWA,ZAF,840211
9580687,39,246,8762,2006,3306987.0,0.0,0.865685,1.1480489999999999,CAN,ZAF,840211
9580688,77,246,8762,2006,0.0,163249.0,1.47591,0.489466,FRA,ZAF,840211
9580689,81,246,8762,2006,2194.0,1816.0,1.824154,0.614424,GBR,ZAF,840211
9580690,104,246,8762,2006,401758.0,0.0,0.285652,2.731318,IND,ZAF,840211
9580691,147,246,8762,2006,0.0,1209.0,-1.0250629999999998,-1.067359,MOZ,ZAF,840211
9580692,155,246,8762,2006,0.0,5541.0,-0.515361,-0.8027350000000001,NAM,ZAF,840211
9580693,209,246,8762,2006,0.0,54865.0,0.750674,0.221306,SWZ,ZAF,840211
9580694,231,246,8762,2006,5218.0,0.0,1.666643,-0.121679,USA,ZAF,840211
9580695,247,246,8762,2006,0.0,52642.0,-0.5307,-0.793621,ZMB,ZAF,840211
9580696,248,246,8762,2006,43751.0,13277.0,-0.41825500000000004,-0.55313,ZWE,ZAF,840211
9580697,246,37,8762,2006,18438.0,0.0,0.37964499999999995,1.466326,ZAF,BWA,840211
9580698,61,45,8762,2006,1279.0,0.0,2.132566,-2.773669,DEU,CMR,840211
9580699,77,45,8762,2006,31063.0,0.0,1.47591,0.489466,FRA,CMR,840211
9580700,111,45,8762,2006,60155.0,0.0,1.293779,0.93995,ITA,CMR,840211
9580701,179,45,8762,2006,88391.0,0.0,0.5723630000000001,1.92303,PRT,CMR,840211
9580702,111,54,8762,2006,2311.0,0.0,1.293779,0.93995,ITA,CUB,840211
9580703,18,66,8762,2006,1414186.0,0.0,1.2222540000000002,1.383027,BEL,DZA,840211
9580704,103,66,8762,2006,185790.0,0.0,-0.21012399999999998,1.467838,IDN,DZA,840211
9580705,111,66,8762,2006,99503.0,0.0,1.293779,0.93995,ITA,DZA,840211
9580706,18,80,8762,2006,670710.0,0.0,1.2222540000000002,1.383027,BEL,GAB,840211
9580707,104,83,8762,2006,3109.0,0.0,0.285652,2.731318,IND,GHA,840211
9580708,77,134,8762,2006,987271.0,0.0,1.47591,0.489466,FRA,MAR,840211
9580709,179,134,8762,2006,406886.0,0.0,0.5723630000000001,1.92303,PRT,MAR,840211
9580710,231,134,8762,2006,1455916.0,0.0,1.666643,-0.121679,USA,MAR,840211
9580711,43,136,8762,2006,962.0,0.0,0.737888,2.54966,CHN,MDG,840211
9580712,250,136,8762,2006,6566.0,0.0,0.711619,-0.41880200000000006,ANS,MDG,840211
9580713,2,155,8762,2006,0.0,7631.0,-2.0822979999999998,-1.176767,AGO,NAM,840211
9580714,246,155,8762,2006,5541.0,0.0,0.37964499999999995,1.466326,ZAF,NAM,840211
9580715,43,159,8762,2006,4343.0,0.0,0.737888,2.54966,CHN,NGA,840211
9580716,81,159,8762,2006,71500.0,0.0,1.824154,0.614424,GBR,NGA,840211
9580717,111,159,8762,2006,15530.0,0.0,1.293779,0.93995,ITA,NGA,840211
9580718,179,159,8762,2006,47233.0,0.0,0.5723630000000001,1.92303,PRT,NGA,840211
9580719,231,159,8762,2006,3200.0,0.0,1.666643,-0.121679,USA,NGA,840211
9580720,74,191,8762,2006,1059822.0,0.0,1.864038,0.8193940000000001,FIN,SEN,840211
9580721,111,191,8762,2006,113832.0,0.0,1.293779,0.93995,ITA,SEN,840211
9580722,104,226,8762,2006,95544.0,0.0,0.285652,2.731318,IND,TZA,840211
9580723,162,226,8762,2006,136864.0,0.0,1.192134,1.450852,NLD,TZA,840211
9580724,116,227,8762,2006,3282.0,0.0,-0.38287899999999997,1.060286,KEN,UGA,840211
9580725,14,239,8762,2006,34025.0,0.0,0.067166,0.373148,AUS,VNM,840211
9580726,43,239,8762,2006,560491.0,0.0,0.737888,2.54966,CHN,VNM,840211
9580727,103,239,8762,2006,0.0,60974.0,-0.21012399999999998,1.467838,IDN,VNM,840211
9580728,114,239,8762,2006,313814.0,0.0,2.4348099999999997,0.082887,JPN,VNM,840211
9580729,121,239,8762,2006,29276.0,0.0,1.5384309999999999,0.766628,KOR,VNM,840211
9580730,249,239,8762,2006,164394.0,0.0,1.619915,1.2289940000000001,TWN,VNM,840211
9580731,246,247,8762,2006,52642.0,0.0,0.37964499999999995,1.466326,ZAF,ZMB,840211
9580732,104,248,8762,2006,20079.0,0.0,0.285652,2.731318,IND,ZWE,840211
9580733,246,248,8762,2006,13277.0,43751.0,0.37964499999999995,1.466326,ZAF,ZWE,840211
9580734,61,26,8762,2006,21407.0,0.0,2.132566,-2.773669,DEU,BIH,840211
9580735,39,29,8762,2006,37063.0,0.0,0.865685,1.1480489999999999,CAN,BLZ,840211
9580736,231,29,8762,2006,53287.0,0.0,1.666643,-0.121679,USA,BLZ,840211
9580737,14,75,8762,2006,0.0,18165.0,0.067166,0.373148,AUS,FJI,840211
9580738,166,75,8762,2006,3134.0,0.0,0.5371,0.8240209999999999,NZL,FJI,840211
9580739,231,213,8762,2006,17450.0,0.0,1.666643,-0.121679,USA,TCA,840211
9580740,111,135,8762,2006,7480.0,0.0,1.293779,0.93995,ITA,MDA,840211
9580741,100,144,8762,2006,2450.0,0.0,0.755787,0.992614,HRV,MNE,840211
9580742,111,144,8762,2006,1213.0,0.0,1.293779,0.93995,ITA,MNE,840211
9580743,246,209,8762,2006,54865.0,0.0,0.37964499999999995,1.466326,ZAF,SWZ,840211
9580744,224,219,8762,2006,37636.0,0.0,0.33971599999999996,2.193384,TUR,TKM,840211
9580745,107,232,8762,2006,12011.0,0.0,-0.391023,-0.767861,IRN,UZB,840211
9580746,110,232,8762,2006,2000.0,0.0,1.3082129999999998,0.783845,ISR,UZB,840211
9580747,224,232,8762,2006,74066.0,0.0,0.33971599999999996,2.193384,TUR,UZB,840211
9580748,43,73,8762,2006,10779.0,0.0,0.737888,2.54966,CHN,ETH,840211
9580749,111,73,8762,2006,70002.0,0.0,1.293779,0.93995,ITA,ETH,840211
9580750,190,73,8762,2006,41365.0,0.0,-1.873762,-1.278378,SDN,ETH,840211
9580751,168,152,8762,2006,874.0,0.0,-0.449333,0.563013,PAK,MWI,840211
9580752,68,250,8762,2006,0.0,178922.0,-0.182272,0.40222399999999997,EGY,ANS,840211
9580753,113,250,8762,2006,23613.0,0.0,0.166718,0.331248,JOR,ANS,840211
9580754,136,250,8762,2006,0.0,6566.0,-1.024657,-0.393395,MDG,ANS,840211
9580755,168,250,8762,2006,0.0,82373.0,-0.449333,0.563013,PAK,ANS,840211
9580756,206,250,8762,2006,0.0,225306.0,1.291583,0.868317,SVK,ANS,840211
9580757,212,250,8762,2006,0.0,24238.0,-0.588695,0.532487,SYR,ANS,840211
9580758,224,250,8762,2006,8601.0,0.0,0.33971599999999996,2.193384,TUR,ANS,840211
9580759,107,1,8762,2006,3180.0,0.0,-0.391023,-0.767861,IRN,AFG,840211
9580760,155,2,8762,2006,7631.0,0.0,-0.515361,-0.8027350000000001,NAM,AGO,840211
9580761,43,4,8762,2006,1149.0,0.0,0.737888,2.54966,CHN,ALB,840211
9580762,90,4,8762,2006,29694.0,0.0,0.261955,1.488958,GRC,ALB,840211
9580763,111,4,8762,2006,50302.0,0.0,1.293779,0.93995,ITA,ALB,840211
9580764,81,85,8762,2006,273982.0,0.0,1.824154,0.614424,GBR,GIN,840211
9580765,81,87,8762,2006,2317.0,0.0,1.824154,0.614424,GBR,GMB,840211
9580766,104,87,8762,2006,77503.0,0.0,0.285652,2.731318,IND,GMB,840211
9580767,107,108,8762,2006,1341.0,0.0,-0.391023,-0.767861,IRN,IRQ,840211
9580768,122,108,8762,2006,565886.0,0.0,-0.589823,-1.142795,KWT,IRQ,840211
9580769,104,126,8762,2006,5006.0,0.0,0.285652,2.731318,IND,LBY,840211
9580770,43,133,8762,2006,1803.0,0.0,0.737888,2.54966,CHN,MAC,840211
9580771,97,133,8762,2006,104254.0,0.0,0.5776319999999999,2.076782,HKG,MAC,840211
9580772,231,133,8762,2006,160356.0,0.0,1.666643,-0.121679,USA,MAC,840211
9580773,249,133,8762,2006,17919.0,0.0,1.619915,1.2289940000000001,TWN,MAC,840211
9580774,192,137,8762,2006,14635.0,0.0,1.5377379999999998,0.503089,SGP,MDV,840211
9580775,39,145,8762,2006,1480.0,0.0,0.865685,1.1480489999999999,CAN,MNG,840211
9580776,121,145,8762,2006,2134.0,0.0,1.5384309999999999,0.766628,KOR,MNG,840211
9580777,14,156,8762,2006,22666.0,0.0,0.067166,0.373148,AUS,NCL,840211
9580778,231,182,8762,2006,12121.0,0.0,1.666643,-0.121679,USA,PYF,840211
9580779,43,190,8762,2006,124993.0,0.0,0.737888,2.54966,CHN,SDN,840211
9580780,73,190,8762,2006,0.0,41365.0,-0.9557180000000001,-0.9153479999999999,ETH,SDN,840211
9580781,111,190,8762,2006,28655.0,0.0,1.293779,0.93995,ITA,SDN,840211
9580782,124,190,8762,2006,21904.0,0.0,0.3861,1.586183,LBN,SDN,840211
9580783,188,190,8762,2006,13560.0,0.0,0.162432,-0.853059,SAU,SDN,840211
9580784,212,190,8762,2006,7394.0,0.0,-0.588695,0.532487,SYR,SDN,840211
9580785,77,47,8762,2006,12553.0,0.0,1.47591,0.489466,FRA,COG,840211
9580786,104,215,8762,2006,3928.0,0.0,0.285652,2.731318,IND,TGO,840211
9580787,81,76,8762,2006,8772.0,0.0,1.824154,0.614424,GBR,FLK,840211
9580788,104,164,8762,2006,9223.0,0.0,0.285652,2.731318,IND,NPL,840211
9580789,14,176,8762,2006,48164.0,0.0,0.067166,0.373148,AUS,PNG,840211
9580790,166,195,8762,2006,36326.0,0.0,0.5371,0.8240209999999999,NZL,SLB,840211
9580791,192,35,8762,2006,2322.0,0.0,1.5377379999999998,0.503089,SGP,BTN,840211
9580792,162,6,8767,2006,19305.0,0.0,1.192134,1.450852,NLD,ANT,840310
9580793,231,6,8767,2006,3739.0,0.0,1.666643,-0.121679,USA,ANT,840310
9580794,18,8,8767,2006,41752.0,0.0,1.2222540000000002,1.383027,BEL,ARG,840310
9580795,31,8,8767,2006,0.0,38058.0,-0.805185,-0.754091,BOL,ARG,840310
9580796,32,8,8767,2006,0.0,92126.0,0.633889,1.1474520000000001,BRA,ARG,840310
9580797,42,8,8767,2006,0.0,34353.0,-0.188298,-0.46778000000000003,CHL,ARG,840310
9580798,43,8,8767,2006,3182.0,0.0,0.737888,2.54966,CHN,ARG,840310
9580799,49,8,8767,2006,0.0,8825.0,0.129887,0.44371700000000003,COL,ARG,840310
9580800,61,8,8767,2006,2854.0,0.0,2.132566,-2.773669,DEU,ARG,840310
9580801,67,8,8767,2006,0.0,2173.0,-0.878583,-0.9462010000000001,ECU,ARG,840310
9580802,68,8,8767,2006,0.0,23238.0,-0.182272,0.40222399999999997,EGY,ARG,840310
9580803,71,8,8767,2006,431943.0,0.0,0.9091370000000001,2.068166,ESP,ARG,840310
9580804,77,8,8767,2006,73419.0,0.0,1.47591,0.489466,FRA,ARG,840310
9580805,81,8,8767,2006,41237.0,0.0,1.824154,0.614424,GBR,ARG,840310
9580806,111,8,8767,2006,5335792.0,0.0,1.293779,0.93995,ITA,ARG,840310
9580807,121,8,8767,2006,11841.0,0.0,1.5384309999999999,0.766628,KOR,ARG,840310
9580808,173,8,8767,2006,0.0,9919.0,-0.551095,0.044295,PER,ARG,840310
9580809,224,8,8767,2006,5907.0,0.0,0.33971599999999996,2.193384,TUR,ARG,840310
9580810,230,8,8767,2006,0.0,7053.0,0.234384,0.118878,URY,ARG,840310
9580811,231,8,8767,2006,77888.0,0.0,1.666643,-0.121679,USA,ARG,840310
9580812,16,15,8767,2006,0.0,24617.0,-0.521304,-1.035764,AZE,AUT,840310
9580813,18,15,8767,2006,0.0,333310.0,1.2222540000000002,1.383027,BEL,AUT,840310
9580814,23,15,8767,2006,194341.0,52513.0,0.414563,1.378005,BGR,AUT,840310
9580815,26,15,8767,2006,379151.0,694878.0,0.40788800000000003,0.562854,BIH,AUT,840310
9580816,39,15,8767,2006,0.0,100851.0,0.865685,1.1480489999999999,CAN,AUT,840310
9580817,41,15,8767,2006,7208104.0,30494570.0,2.052534,0.515523,CHE,AUT,840310
9580818,43,15,8767,2006,5233.0,202603.0,0.737888,2.54966,CHN,AUT,840310
9580819,58,15,8767,2006,0.0,9409.0,0.708267,-0.048096,CYP,AUT,840310
9580820,59,15,8767,2006,12521934.0,146995.0,1.564058,0.6023649999999999,CZE,AUT,840310
9580821,61,15,8767,2006,70628320.0,213091296.0,2.132566,-2.773669,DEU,AUT,840310
9580822,64,15,8767,2006,894495.0,142643.0,1.2308700000000001,1.180914,DNK,AUT,840310
9580823,68,15,8767,2006,148382.0,390878.0,-0.182272,0.40222399999999997,EGY,AUT,840310
9580824,71,15,8767,2006,16586.0,255529.0,0.9091370000000001,2.068166,ESP,AUT,840310
9580825,72,15,8767,2006,0.0,47088.0,0.6426350000000001,0.925003,EST,AUT,840310
9580826,74,15,8767,2006,0.0,15438.0,1.864038,0.8193940000000001,FIN,AUT,840310
9580827,77,15,8767,2006,4487269.0,16272777.0,1.47591,0.489466,FRA,AUT,840310
9580828,80,15,8767,2006,0.0,130078.0,-1.6696819999999999,-1.173322,GAB,AUT,840310
9580829,81,15,8767,2006,0.0,1419984.0,1.824154,0.614424,GBR,AUT,840310
9580830,82,15,8767,2006,0.0,2984.0,0.076711,-0.47216099999999994,GEO,AUT,840310
9580831,90,15,8767,2006,6676.0,64411.0,0.261955,1.488958,GRC,AUT,840310
9580832,100,15,8767,2006,1610269.0,382530.0,0.755787,0.992614,HRV,AUT,840310
9580833,102,15,8767,2006,2746188.0,5381496.0,1.4034309999999999,0.835144,HUN,AUT,840310
9580834,106,15,8767,2006,0.0,1245096.0,1.43804,0.06463200000000001,IRL,AUT,840310
9580835,111,15,8767,2006,5673493.0,15040863.0,1.293779,0.93995,ITA,AUT,840310
9580836,114,15,8767,2006,0.0,14584.0,2.4348099999999997,0.082887,JPN,AUT,840310
9580837,115,15,8767,2006,0.0,287243.0,0.038229,-0.579421,KAZ,AUT,840310
9580838,121,15,8767,2006,0.0,147646.0,1.5384309999999999,0.766628,KOR,AUT,840310
9580839,126,15,8767,2006,0.0,56133.0,-0.518724,-1.142074,LBY,AUT,840310
9580840,130,15,8767,2006,0.0,20068.0,0.44063599999999997,1.163857,LTU,AUT,840310
9580841,131,15,8767,2006,0.0,1170917.0,1.4345620000000001,0.8840819999999999,LUX,AUT,840310
9580842,132,15,8767,2006,0.0,112445.0,0.531375,0.9414170000000001,LVA,AUT,840310
9580843,138,15,8767,2006,0.0,47046.0,1.047268,0.7142270000000001,MEX,AUT,840310
9580844,145,15,8767,2006,0.0,1092.0,-1.147217,-1.0734709999999998,MNG,AUT,840310
9580845,162,15,8767,2006,9054546.0,503098.0,1.192134,1.450852,NLD,AUT,840310
9580846,163,15,8767,2006,136175.0,335189.0,1.0787930000000001,0.014051,NOR,AUT,840310
9580847,177,15,8767,2006,91773.0,766117.0,0.991927,1.474418,POL,AUT,840310
9580848,179,15,8767,2006,293218.0,0.0,0.5723630000000001,1.92303,PRT,AUT,840310
9580849,185,15,8767,2006,114139.0,344284.0,0.550825,1.170744,ROU,AUT,840310
9580850,186,15,8767,2006,0.0,1137710.0,0.801197,0.104683,RUS,AUT,840310
9580851,201,15,8767,2006,1084300.0,252080.0,0.547824,1.5588879999999998,SRB,AUT,840310
9580852,206,15,8767,2006,7419162.0,1838039.0,1.291583,0.868317,SVK,AUT,840310
9580853,207,15,8767,2006,1743913.0,2264417.0,1.5882370000000001,0.800719,SVN,AUT,840310
9580854,208,15,8767,2006,145485.0,131712.0,1.902737,0.593294,SWE,AUT,840310
9580855,216,15,8767,2006,0.0,54298.0,0.568209,1.685343,THA,AUT,840310
9580856,224,15,8767,2006,3795781.0,54195.0,0.33971599999999996,2.193384,TUR,AUT,840310
9580857,228,15,8767,2006,0.0,699314.0,0.7008439999999999,0.79656,UKR,AUT,840310
9580858,231,15,8767,2006,0.0,120619.0,1.666643,-0.121679,USA,AUT,840310
9580859,2,18,8767,2006,0.0,9614.0,-2.0822979999999998,-1.176767,AGO,BEL,840310
9580860,8,18,8767,2006,0.0,41752.0,0.33055,0.665867,ARG,BEL,840310
9580861,15,18,8767,2006,333310.0,0.0,1.775669,0.192717,AUT,BEL,840310
9580862,21,18,8767,2006,0.0,22990.0,-0.9432020000000001,-0.969247,BFA,BEL,840310
9580863,23,18,8767,2006,1206.0,151756.0,0.414563,1.378005,BGR,BEL,840310
9580864,26,18,8767,2006,0.0,1207.0,0.40788800000000003,0.562854,BIH,BEL,840310
9580865,39,18,8767,2006,0.0,51408.0,0.865685,1.1480489999999999,CAN,BEL,840310
9580866,41,18,8767,2006,848130.0,44099.0,2.052534,0.515523,CHE,BEL,840310
9580867,42,18,8767,2006,0.0,251909.0,-0.188298,-0.46778000000000003,CHL,BEL,840310
9580868,43,18,8767,2006,12307.0,60454.0,0.737888,2.54966,CHN,BEL,840310
9580869,45,18,8767,2006,0.0,37266.0,-1.358873,-1.1511360000000002,CMR,BEL,840310
9580870,58,18,8767,2006,0.0,103366.0,0.708267,-0.048096,CYP,BEL,840310
9580871,59,18,8767,2006,655862.0,52850.0,1.564058,0.6023649999999999,CZE,BEL,840310
9580872,61,18,8767,2006,93582520.0,444067.0,2.132566,-2.773669,DEU,BEL,840310
9580873,64,18,8767,2006,44951.0,89005.0,1.2308700000000001,1.180914,DNK,BEL,840310
9580874,68,18,8767,2006,0.0,3476.0,-0.182272,0.40222399999999997,EGY,BEL,840310
9580875,71,18,8767,2006,270595.0,2367755.0,0.9091370000000001,2.068166,ESP,BEL,840310
9580876,72,18,8767,2006,0.0,28272.0,0.6426350000000001,0.925003,EST,BEL,840310
9580877,74,18,8767,2006,6260.0,0.0,1.864038,0.8193940000000001,FIN,BEL,840310
9580878,77,18,8767,2006,24525752.0,7152349.0,1.47591,0.489466,FRA,BEL,840310
9580879,78,18,8767,2006,0.0,8614.0,-0.117631,-0.69352,FRO,BEL,840310
9580880,80,18,8767,2006,0.0,81259.0,-1.6696819999999999,-1.173322,GAB,BEL,840310
9580881,81,18,8767,2006,4881778.0,3447265.0,1.824154,0.614424,GBR,BEL,840310
9580882,82,18,8767,2006,0.0,86013.0,0.076711,-0.47216099999999994,GEO,BEL,840310
9580883,90,18,8767,2006,0.0,414709.0,0.261955,1.488958,GRC,BEL,840310
9580884,100,18,8767,2006,148771.0,224797.0,0.755787,0.992614,HRV,BEL,840310
9580885,102,18,8767,2006,2539076.0,0.0,1.4034309999999999,0.835144,HUN,BEL,840310
9580886,106,18,8767,2006,0.0,31889.0,1.43804,0.06463200000000001,IRL,BEL,840310
9580887,110,18,8767,2006,0.0,72448.0,1.3082129999999998,0.783845,ISR,BEL,840310
9580888,111,18,8767,2006,14546181.0,363981.0,1.293779,0.93995,ITA,BEL,840310
9580889,114,18,8767,2006,0.0,1145729.0,2.4348099999999997,0.082887,JPN,BEL,840310
9580890,115,18,8767,2006,0.0,54223.0,0.038229,-0.579421,KAZ,BEL,840310
9580891,116,18,8767,2006,0.0,44016.0,-0.38287899999999997,1.060286,KEN,BEL,840310
9580892,122,18,8767,2006,0.0,10252.0,-0.589823,-1.142795,KWT,BEL,840310
9580893,124,18,8767,2006,0.0,161105.0,0.3861,1.586183,LBN,BEL,840310
9580894,130,18,8767,2006,0.0,127631.0,0.44063599999999997,1.163857,LTU,BEL,840310
9580895,131,18,8767,2006,174749.0,54842.0,1.4345620000000001,0.8840819999999999,LUX,BEL,840310
9580896,134,18,8767,2006,0.0,90088.0,-0.547933,0.08257300000000001,MAR,BEL,840310
9580897,151,18,8767,2006,0.0,31917.0,-0.311109,-0.07267,MUS,BEL,840310
9580898,153,18,8767,2006,0.0,181465.0,0.7896569999999999,0.363625,MYS,BEL,840310
9580899,156,18,8767,2006,0.0,2193.0,-0.135099,-0.7618779999999999,NCL,BEL,840310
9580900,159,18,8767,2006,0.0,18545.0,-2.094353,-1.215025,NGA,BEL,840310
9580901,162,18,8767,2006,24843530.0,524459.0,1.192134,1.450852,NLD,BEL,840310
9580902,163,18,8767,2006,0.0,3785.0,1.0787930000000001,0.014051,NOR,BEL,840310
9580903,166,18,8767,2006,14715.0,8641.0,0.5371,0.8240209999999999,NZL,BEL,840310
9580904,177,18,8767,2006,586478.0,1618862.0,0.991927,1.474418,POL,BEL,840310
9580905,179,18,8767,2006,0.0,248010.0,0.5723630000000001,1.92303,PRT,BEL,840310
9580906,185,18,8767,2006,0.0,552830.0,0.550825,1.170744,ROU,BEL,840310
9580907,186,18,8767,2006,0.0,1875998.0,0.801197,0.104683,RUS,BEL,840310
9580908,206,18,8767,2006,2020932.0,0.0,1.291583,0.868317,SVK,BEL,840310
9580909,207,18,8767,2006,0.0,286480.0,1.5882370000000001,0.800719,SVN,BEL,840310
9580910,208,18,8767,2006,249236.0,136298.0,1.902737,0.593294,SWE,BEL,840310
9580911,212,18,8767,2006,0.0,252228.0,-0.588695,0.532487,SYR,BEL,840310
9580912,216,18,8767,2006,0.0,1710168.0,0.568209,1.685343,THA,BEL,840310
9580913,223,18,8767,2006,0.0,38445.0,-0.013636,0.804752,TUN,BEL,840310
9580914,224,18,8767,2006,147165.0,3344.0,0.33971599999999996,2.193384,TUR,BEL,840310
9580915,228,18,8767,2006,0.0,138091.0,0.7008439999999999,0.79656,UKR,BEL,840310
9580916,230,18,8767,2006,0.0,23053.0,0.234384,0.118878,URY,BEL,840310
9580917,231,18,8767,2006,12078.0,9057579.0,1.666643,-0.121679,USA,BEL,840310
9580918,231,25,8767,2006,186818.0,4428.0,1.666643,-0.121679,USA,BHS,840310
9580919,8,31,8767,2006,38058.0,0.0,0.33055,0.665867,ARG,BOL,840310
9580920,42,31,8767,2006,7025.0,0.0,-0.188298,-0.46778000000000003,CHL,BOL,840310
9580921,43,31,8767,2006,22895.0,0.0,0.737888,2.54966,CHN,BOL,840310
9580922,173,31,8767,2006,0.0,12126.0,-0.551095,0.044295,PER,BOL,840310
9580923,231,31,8767,2006,5413.0,0.0,1.666643,-0.121679,USA,BOL,840310
9580924,2,32,8767,2006,0.0,17054.0,-2.0822979999999998,-1.176767,AGO,BRA,840310
9580925,8,32,8767,2006,92126.0,0.0,0.33055,0.665867,ARG,BRA,840310
9580926,43,32,8767,2006,17619.0,0.0,0.737888,2.54966,CHN,BRA,840310
9580927,61,32,8767,2006,103264.0,0.0,2.132566,-2.773669,DEU,BRA,840310
9580928,71,32,8767,2006,42532.0,0.0,0.9091370000000001,2.068166,ESP,BRA,840310
9580929,111,32,8767,2006,112229.0,0.0,1.293779,0.93995,ITA,BRA,840310
9580930,121,32,8767,2006,89595.0,0.0,1.5384309999999999,0.766628,KOR,BRA,840310
9580931,162,32,8767,2006,280701.0,0.0,1.192134,1.450852,NLD,BRA,840310
9580932,163,32,8767,2006,43479.0,0.0,1.0787930000000001,0.014051,NOR,BRA,840310
9580933,178,32,8767,2006,6638.0,0.0,0.548754,0.763313,PRK,BRA,840310
9580934,180,32,8767,2006,0.0,5704.0,-0.520435,-0.7839119999999999,PRY,BRA,840310
9580935,231,32,8767,2006,5637.0,0.0,1.666643,-0.121679,USA,BRA,840310
9580936,236,32,8767,2006,0.0,54369.0,-0.340972,-1.015462,VEN,BRA,840310
9580937,43,33,8767,2006,1303.0,0.0,0.737888,2.54966,CHN,BRB,840310
9580938,77,33,8767,2006,3121.0,0.0,1.47591,0.489466,FRA,BRB,840310
9580939,7,39,8767,2006,0.0,160513.0,0.053903999999999994,-0.735124,ARE,CAN,840310
9580940,14,39,8767,2006,0.0,50375.0,0.067166,0.373148,AUS,CAN,840310
9580941,15,39,8767,2006,100851.0,0.0,1.775669,0.192717,AUT,CAN,840310
9580942,18,39,8767,2006,51408.0,0.0,1.2222540000000002,1.383027,BEL,CAN,840310
9580943,41,39,8767,2006,1171493.0,0.0,2.052534,0.515523,CHE,CAN,840310
9580944,43,39,8767,2006,0.0,221515.0,0.737888,2.54966,CHN,CAN,840310
9580945,49,39,8767,2006,0.0,4120.0,0.129887,0.44371700000000003,COL,CAN,840310
9580946,59,39,8767,2006,2410.0,0.0,1.564058,0.6023649999999999,CZE,CAN,840310
9580947,61,39,8767,2006,27456020.0,224514.0,2.132566,-2.773669,DEU,CAN,840310
9580948,64,39,8767,2006,90580.0,0.0,1.2308700000000001,1.180914,DNK,CAN,840310
9580949,77,39,8767,2006,199780.0,2608354.0,1.47591,0.489466,FRA,CAN,840310
9580950,81,39,8767,2006,69173.0,2605.0,1.824154,0.614424,GBR,CAN,840310
9580951,83,39,8767,2006,0.0,48451.0,-0.9934860000000001,-0.809318,GHA,CAN,840310
9580952,97,39,8767,2006,0.0,74676.0,0.5776319999999999,2.076782,HKG,CAN,840310
9580953,100,39,8767,2006,0.0,1564.0,0.755787,0.992614,HRV,CAN,840310
9580954,104,39,8767,2006,0.0,9546.0,0.285652,2.731318,IND,CAN,840310
9580955,106,39,8767,2006,16833.0,0.0,1.43804,0.06463200000000001,IRL,CAN,840310
9580956,111,39,8767,2006,4940882.0,6611.0,1.293779,0.93995,ITA,CAN,840310
9580957,117,39,8767,2006,0.0,854.0,-0.034069,0.136694,KGZ,CAN,840310
9580958,121,39,8767,2006,62835.0,0.0,1.5384309999999999,0.766628,KOR,CAN,840310
9580959,122,39,8767,2006,0.0,7822.0,-0.589823,-1.142795,KWT,CAN,840310
9580960,133,39,8767,2006,0.0,9371.0,-0.07118200000000001,-0.228354,MAC,CAN,840310
9580961,134,39,8767,2006,0.0,66502.0,-0.547933,0.08257300000000001,MAR,CAN,840310
9580962,138,39,8767,2006,24491.0,5038.0,1.047268,0.7142270000000001,MEX,CAN,840310
9580963,162,39,8767,2006,382783.0,2444.0,1.192134,1.450852,NLD,CAN,840310
9580964,177,39,8767,2006,25744.0,0.0,0.991927,1.474418,POL,CAN,840310
9580965,186,39,8767,2006,0.0,11864.0,0.801197,0.104683,RUS,CAN,840310
9580966,188,39,8767,2006,0.0,21744.0,0.162432,-0.853059,SAU,CAN,840310
9580967,192,39,8767,2006,0.0,3334.0,1.5377379999999998,0.503089,SGP,CAN,840310
9580968,208,39,8767,2006,11262.0,0.0,1.902737,0.593294,SWE,CAN,840310
9580969,228,39,8767,2006,0.0,3122.0,0.7008439999999999,0.79656,UKR,CAN,840310
9580970,231,39,8767,2006,44014232.0,67374320.0,1.666643,-0.121679,USA,CAN,840310
9580971,249,39,8767,2006,0.0,48820.0,1.619915,1.2289940000000001,TWN,CAN,840310
9580972,14,41,8767,2006,0.0,12266.0,0.067166,0.373148,AUS,CHE,840310
9580973,15,41,8767,2006,30494570.0,7208104.0,1.775669,0.192717,AUT,CHE,840310
9580974,18,41,8767,2006,44099.0,848130.0,1.2222540000000002,1.383027,BEL,CHE,840310
9580975,23,41,8767,2006,107155.0,22029.0,0.414563,1.378005,BGR,CHE,840310
9580976,39,41,8767,2006,0.0,1171493.0,0.865685,1.1480489999999999,CAN,CHE,840310
9580977,43,41,8767,2006,1206.0,223498.0,0.737888,2.54966,CHN,CHE,840310
9580978,58,41,8767,2006,0.0,26391.0,0.708267,-0.048096,CYP,CHE,840310
9580979,59,41,8767,2006,720113.0,963345.0,1.564058,0.6023649999999999,CZE,CHE,840310
9580980,61,41,8767,2006,34966160.0,28588358.0,2.132566,-2.773669,DEU,CHE,840310
9580981,64,41,8767,2006,61470.0,2062642.0,1.2308700000000001,1.180914,DNK,CHE,840310
9580982,68,41,8767,2006,0.0,41377.0,-0.182272,0.40222399999999997,EGY,CHE,840310
9580983,71,41,8767,2006,5320.0,125095.0,0.9091370000000001,2.068166,ESP,CHE,840310
9580984,72,41,8767,2006,0.0,1554.0,0.6426350000000001,0.925003,EST,CHE,840310
9580985,74,41,8767,2006,0.0,416527.0,1.864038,0.8193940000000001,FIN,CHE,840310
9580986,77,41,8767,2006,16730772.0,8443954.0,1.47591,0.489466,FRA,CHE,840310
9580987,81,41,8767,2006,59847.0,2922299.0,1.824154,0.614424,GBR,CHE,840310
9580988,97,41,8767,2006,0.0,62296.0,0.5776319999999999,2.076782,HKG,CHE,840310
9580989,100,41,8767,2006,1046.0,12161.0,0.755787,0.992614,HRV,CHE,840310
9580990,102,41,8767,2006,19609.0,802810.0,1.4034309999999999,0.835144,HUN,CHE,840310
9580991,103,41,8767,2006,0.0,11362.0,-0.21012399999999998,1.467838,IDN,CHE,840310
9580992,106,41,8767,2006,0.0,79924.0,1.43804,0.06463200000000001,IRL,CHE,840310
9580993,108,41,8767,2006,0.0,180283.0,-2.029727,-0.8634219999999999,IRQ,CHE,840310
9580994,111,41,8767,2006,2706633.0,7064046.0,1.293779,0.93995,ITA,CHE,840310
9580995,113,41,8767,2006,0.0,7719.0,0.166718,0.331248,JOR,CHE,840310
9580996,114,41,8767,2006,0.0,792367.0,2.4348099999999997,0.082887,JPN,CHE,840310
9580997,115,41,8767,2006,0.0,3309.0,0.038229,-0.579421,KAZ,CHE,840310
9580998,124,41,8767,2006,0.0,19177.0,0.3861,1.586183,LBN,CHE,840310
9580999,131,41,8767,2006,0.0,11922.0,1.4345620000000001,0.8840819999999999,LUX,CHE,840310
9581000,132,41,8767,2006,0.0,2851.0,0.531375,0.9414170000000001,LVA,CHE,840310
9581001,135,41,8767,2006,0.0,19155.0,-0.017707,0.135305,MDA,CHE,840310
9581002,140,41,8767,2006,0.0,2510.0,-0.21336,0.17674700000000002,MKD,CHE,840310
9581003,153,41,8767,2006,0.0,45394.0,0.7896569999999999,0.363625,MYS,CHE,840310
9581004,159,41,8767,2006,0.0,13468.0,-2.094353,-1.215025,NGA,CHE,840310
9581005,162,41,8767,2006,5361443.0,43468.0,1.192134,1.450852,NLD,CHE,840310
9581006,163,41,8767,2006,17817.0,0.0,1.0787930000000001,0.014051,NOR,CHE,840310
9581007,177,41,8767,2006,11214.0,875880.0,0.991927,1.474418,POL,CHE,840310
9581008,185,41,8767,2006,0.0,133616.0,0.550825,1.170744,ROU,CHE,840310
9581009,186,41,8767,2006,0.0,14165.0,0.801197,0.104683,RUS,CHE,840310
9581010,191,41,8767,2006,0.0,4354.0,-0.364713,-0.183612,SEN,CHE,840310
9581011,201,41,8767,2006,0.0,51342.0,0.547824,1.5588879999999998,SRB,CHE,840310
9581012,206,41,8767,2006,561503.0,499051.0,1.291583,0.868317,SVK,CHE,840310
9581013,207,41,8767,2006,505248.0,31660.0,1.5882370000000001,0.800719,SVN,CHE,840310
9581014,208,41,8767,2006,3028586.0,25631.0,1.902737,0.593294,SWE,CHE,840310
9581015,216,41,8767,2006,0.0,56214.0,0.568209,1.685343,THA,CHE,840310
9581016,224,41,8767,2006,0.0,338525.0,0.33971599999999996,2.193384,TUR,CHE,840310
9581017,228,41,8767,2006,0.0,97684.0,0.7008439999999999,0.79656,UKR,CHE,840310
9581018,230,41,8767,2006,0.0,72771.0,0.234384,0.118878,URY,CHE,840310
9581019,231,41,8767,2006,0.0,319007.0,1.666643,-0.121679,USA,CHE,840310
9581020,239,41,8767,2006,0.0,2753.0,-0.342779,1.033318,VNM,CHE,840310
9581021,249,41,8767,2006,0.0,64354.0,1.619915,1.2289940000000001,TWN,CHE,840310
9581022,8,42,8767,2006,34353.0,0.0,0.33055,0.665867,ARG,CHL,840310
9581023,18,42,8767,2006,251909.0,0.0,1.2222540000000002,1.383027,BEL,CHL,840310
9581024,31,42,8767,2006,0.0,7025.0,-0.805185,-0.754091,BOL,CHL,840310
9581025,43,42,8767,2006,69353.0,0.0,0.737888,2.54966,CHN,CHL,840310
9581026,59,42,8767,2006,11883.0,0.0,1.564058,0.6023649999999999,CZE,CHL,840310
9581027,61,42,8767,2006,92016.0,0.0,2.132566,-2.773669,DEU,CHL,840310
9581028,64,42,8767,2006,3497.0,0.0,1.2308700000000001,1.180914,DNK,CHL,840310
9581029,71,42,8767,2006,117753.0,0.0,0.9091370000000001,2.068166,ESP,CHL,840310
9581030,77,42,8767,2006,5985.0,0.0,1.47591,0.489466,FRA,CHL,840310
9581031,104,42,8767,2006,837903.0,0.0,0.285652,2.731318,IND,CHL,840310
9581032,111,42,8767,2006,5771495.0,0.0,1.293779,0.93995,ITA,CHL,840310
9581033,121,42,8767,2006,583591.0,0.0,1.5384309999999999,0.766628,KOR,CHL,840310
9581034,138,42,8767,2006,0.0,32442.0,1.047268,0.7142270000000001,MEX,CHL,840310
9581035,162,42,8767,2006,189125.0,0.0,1.192134,1.450852,NLD,CHL,840310
9581036,163,42,8767,2006,28087.0,0.0,1.0787930000000001,0.014051,NOR,CHL,840310
9581037,173,42,8767,2006,0.0,3400.0,-0.551095,0.044295,PER,CHL,840310
9581038,177,42,8767,2006,60492.0,0.0,0.991927,1.474418,POL,CHL,840310
9581039,179,42,8767,2006,482638.0,0.0,0.5723630000000001,1.92303,PRT,CHL,840310
9581040,208,42,8767,2006,5094.0,0.0,1.902737,0.593294,SWE,CHL,840310
9581041,230,42,8767,2006,9610.0,0.0,0.234384,0.118878,URY,CHL,840310
9581042,231,42,8767,2006,86295.0,0.0,1.666643,-0.121679,USA,CHL,840310
9581043,4,43,8767,2006,0.0,2121.0,-0.340932,-0.06302200000000001,ALB,CHN,840310
9581044,8,43,8767,2006,0.0,3182.0,0.33055,0.665867,ARG,CHN,840310
9581045,9,43,8767,2006,0.0,25217.0,0.14539100000000002,-0.558014,ARM,CHN,840310
9581046,15,43,8767,2006,202603.0,5233.0,1.775669,0.192717,AUT,CHN,840310
9581047,18,43,8767,2006,60454.0,12307.0,1.2222540000000002,1.383027,BEL,CHN,840310
9581048,22,43,8767,2006,0.0,100767.0,-1.0305309999999999,-0.80937,BGD,CHN,840310
9581049,23,43,8767,2006,0.0,54337.0,0.414563,1.378005,BGR,CHN,840310
9581050,28,43,8767,2006,0.0,84583.0,0.919853,0.384409,BLR,CHN,840310
9581051,31,43,8767,2006,0.0,22895.0,-0.805185,-0.754091,BOL,CHN,840310
9581052,32,43,8767,2006,0.0,17619.0,0.633889,1.1474520000000001,BRA,CHN,840310
9581053,33,43,8767,2006,0.0,1303.0,0.977267,0.6046560000000001,BRB,CHN,840310
9581054,34,43,8767,2006,0.0,5147.0,-1.331831,-0.9170940000000001,BRN,CHN,840310
9581055,39,43,8767,2006,221515.0,0.0,0.865685,1.1480489999999999,CAN,CHN,840310
9581056,41,43,8767,2006,223498.0,1206.0,2.052534,0.515523,CHE,CHN,840310
9581057,42,43,8767,2006,0.0,69353.0,-0.188298,-0.46778000000000003,CHL,CHN,840310
9581058,59,43,8767,2006,36989.0,1062.0,1.564058,0.6023649999999999,CZE,CHN,840310
9581059,61,43,8767,2006,10041590.0,0.0,2.132566,-2.773669,DEU,CHN,840310
9581060,64,43,8767,2006,121202.0,0.0,1.2308700000000001,1.180914,DNK,CHN,840310
9581061,66,43,8767,2006,0.0,3106.0,-0.489962,-1.12456,DZA,CHN,840310
9581062,71,43,8767,2006,419487.0,3289.0,0.9091370000000001,2.068166,ESP,CHN,840310
9581063,77,43,8767,2006,3662070.0,23125.0,1.47591,0.489466,FRA,CHN,840310
9581064,80,43,8767,2006,0.0,13431.0,-1.6696819999999999,-1.173322,GAB,CHN,840310
9581065,81,43,8767,2006,680400.0,34691.0,1.824154,0.614424,GBR,CHN,840310
9581066,90,43,8767,2006,81740.0,266649.0,0.261955,1.488958,GRC,CHN,840310
9581067,102,43,8767,2006,0.0,73816.0,1.4034309999999999,0.835144,HUN,CHN,840310
9581068,103,43,8767,2006,85372.0,9842643.0,-0.21012399999999998,1.467838,IDN,CHN,840310
9581069,104,43,8767,2006,0.0,16862.0,0.285652,2.731318,IND,CHN,840310
9581070,107,43,8767,2006,0.0,36622.0,-0.391023,-0.767861,IRN,CHN,840310
9581071,110,43,8767,2006,0.0,4919.0,1.3082129999999998,0.783845,ISR,CHN,840310
9581072,111,43,8767,2006,21754942.0,1105872.0,1.293779,0.93995,ITA,CHN,840310
9581073,114,43,8767,2006,37740.0,5678.0,2.4348099999999997,0.082887,JPN,CHN,840310
9581074,115,43,8767,2006,0.0,71689.0,0.038229,-0.579421,KAZ,CHN,840310
9581075,116,43,8767,2006,0.0,3791.0,-0.38287899999999997,1.060286,KEN,CHN,840310
9581076,118,43,8767,2006,0.0,97463.0,-1.323365,-1.185827,KHM,CHN,840310
9581077,121,43,8767,2006,4686602.0,1322381.0,1.5384309999999999,0.766628,KOR,CHN,840310
9581078,122,43,8767,2006,0.0,6524.0,-0.589823,-1.142795,KWT,CHN,840310
9581079,128,43,8767,2006,0.0,7748.0,-0.573767,0.305913,LKA,CHN,840310
9581080,132,43,8767,2006,0.0,130662.0,0.531375,0.9414170000000001,LVA,CHN,840310
9581081,133,43,8767,2006,6935.0,0.0,-0.07118200000000001,-0.228354,MAC,CHN,840310
9581082,135,43,8767,2006,0.0,23496.0,-0.017707,0.135305,MDA,CHN,840310
9581083,138,43,8767,2006,0.0,7360.0,1.047268,0.7142270000000001,MEX,CHN,840310
9581084,143,43,8767,2006,0.0,2009.0,-1.543679,-1.145623,MMR,CHN,840310
9581085,144,43,8767,2006,0.0,33254.0,0.130773,-0.24674699999999997,MNE,CHN,840310
9581086,145,43,8767,2006,0.0,94305.0,-1.147217,-1.0734709999999998,MNG,CHN,840310
9581087,153,43,8767,2006,0.0,696544.0,0.7896569999999999,0.363625,MYS,CHN,840310
9581088,159,43,8767,2006,0.0,4671.0,-2.094353,-1.215025,NGA,CHN,840310
9581089,160,43,8767,2006,0.0,1032.0,-0.998825,-0.893867,NIC,CHN,840310
9581090,162,43,8767,2006,488354.0,0.0,1.192134,1.450852,NLD,CHN,840310
9581091,163,43,8767,2006,99562.0,0.0,1.0787930000000001,0.014051,NOR,CHN,840310
9581092,166,43,8767,2006,0.0,17061.0,0.5371,0.8240209999999999,NZL,CHN,840310
9581093,168,43,8767,2006,0.0,3147.0,-0.449333,0.563013,PAK,CHN,840310
9581094,174,43,8767,2006,0.0,12201.0,0.161994,0.036631,PHL,CHN,840310
9581095,177,43,8767,2006,77077.0,9106.0,0.991927,1.474418,POL,CHN,840310
9581096,178,43,8767,2006,0.0,94431.0,0.548754,0.763313,PRK,CHN,840310
9581097,179,43,8767,2006,170190.0,0.0,0.5723630000000001,1.92303,PRT,CHN,840310
9581098,183,43,8767,2006,0.0,917.0,0.055777999999999994,-1.0379049999999999,QAT,CHN,840310
9581099,185,43,8767,2006,0.0,54161.0,0.550825,1.170744,ROU,CHN,840310
9581100,186,43,8767,2006,0.0,157468.0,0.801197,0.104683,RUS,CHN,840310
9581101,188,43,8767,2006,0.0,33242.0,0.162432,-0.853059,SAU,CHN,840310
9581102,190,43,8767,2006,0.0,4235.0,-1.873762,-1.278378,SDN,CHN,840310
9581103,192,43,8767,2006,0.0,218783.0,1.5377379999999998,0.503089,SGP,CHN,840310
9581104,206,43,8767,2006,40440.0,4836.0,1.291583,0.868317,SVK,CHN,840310
9581105,208,43,8767,2006,920115.0,1202.0,1.902737,0.593294,SWE,CHN,840310
9581106,216,43,8767,2006,0.0,225516.0,0.568209,1.685343,THA,CHN,840310
9581107,224,43,8767,2006,1075364.0,545642.0,0.33971599999999996,2.193384,TUR,CHN,840310
9581108,226,43,8767,2006,0.0,1085.0,-0.953097,0.159129,TZA,CHN,840310
9581109,227,43,8767,2006,0.0,1233.0,-0.702511,-0.43976099999999996,UGA,CHN,840310
9581110,228,43,8767,2006,0.0,831839.0,0.7008439999999999,0.79656,UKR,CHN,840310
9581111,231,43,8767,2006,2001077.0,0.0,1.666643,-0.121679,USA,CHN,840310
9581112,239,43,8767,2006,0.0,60486.0,-0.342779,1.033318,VNM,CHN,840310
9581113,246,43,8767,2006,0.0,63839.0,0.37964499999999995,1.466326,ZAF,CHN,840310
9581114,247,43,8767,2006,0.0,98764.0,-0.5307,-0.793621,ZMB,CHN,840310
9581115,249,43,8767,2006,414872.0,8146.0,1.619915,1.2289940000000001,TWN,CHN,840310
9581116,8,49,8767,2006,8825.0,0.0,0.33055,0.665867,ARG,COL,840310
9581117,39,49,8767,2006,4120.0,0.0,0.865685,1.1480489999999999,CAN,COL,840310
9581118,71,49,8767,2006,46003.0,0.0,0.9091370000000001,2.068166,ESP,COL,840310
9581119,99,49,8767,2006,0.0,6469.0,-0.672074,-0.472138,HND,COL,840310
9581120,111,49,8767,2006,9336.0,0.0,1.293779,0.93995,ITA,COL,840310
9581121,162,49,8767,2006,56455.0,0.0,1.192134,1.450852,NLD,COL,840310
9581122,231,49,8767,2006,225002.0,0.0,1.666643,-0.121679,USA,COL,840310
9581123,236,49,8767,2006,0.0,58402.0,-0.340972,-1.015462,VEN,COL,840310
9581124,99,52,8767,2006,794.0,0.0,-0.672074,-0.472138,HND,CRI,840310
9581125,111,52,8767,2006,8394.0,0.0,1.293779,0.93995,ITA,CRI,840310
9581126,138,52,8767,2006,0.0,9168.0,1.047268,0.7142270000000001,MEX,CRI,840310
9581127,153,52,8767,2006,632356.0,0.0,0.7896569999999999,0.363625,MYS,CRI,840310
9581128,160,52,8767,2006,0.0,13728.0,-0.998825,-0.893867,NIC,CRI,840310
9581129,231,52,8767,2006,103996.0,0.0,1.666643,-0.121679,USA,CRI,840310
9581130,9,59,8767,2006,0.0,98423.0,0.14539100000000002,-0.558014,ARM,CZE,840310
9581131,14,59,8767,2006,0.0,18969.0,0.067166,0.373148,AUS,CZE,840310
9581132,15,59,8767,2006,146995.0,12521934.0,1.775669,0.192717,AUT,CZE,840310
9581133,16,59,8767,2006,0.0,24664.0,-0.521304,-1.035764,AZE,CZE,840310
9581134,18,59,8767,2006,52850.0,655862.0,1.2222540000000002,1.383027,BEL,CZE,840310
9581135,23,59,8767,2006,0.0,4703286.0,0.414563,1.378005,BGR,CZE,840310
9581136,26,59,8767,2006,0.0,1344564.0,0.40788800000000003,0.562854,BIH,CZE,840310
9581137,28,59,8767,2006,0.0,308765.0,0.919853,0.384409,BLR,CZE,840310
9581138,39,59,8767,2006,0.0,2410.0,0.865685,1.1480489999999999,CAN,CZE,840310
9581139,41,59,8767,2006,963345.0,720113.0,2.052534,0.515523,CHE,CZE,840310
9581140,42,59,8767,2006,0.0,11883.0,-0.188298,-0.46778000000000003,CHL,CZE,840310
9581141,43,59,8767,2006,1062.0,36989.0,0.737888,2.54966,CHN,CZE,840310
9581142,58,59,8767,2006,0.0,22950.0,0.708267,-0.048096,CYP,CZE,840310
9581143,61,59,8767,2006,22635558.0,20681174.0,2.132566,-2.773669,DEU,CZE,840310
9581144,64,59,8767,2006,4948.0,4152106.0,1.2308700000000001,1.180914,DNK,CZE,840310
9581145,71,59,8767,2006,0.0,275564.0,0.9091370000000001,2.068166,ESP,CZE,840310
9581146,72,59,8767,2006,0.0,1931547.0,0.6426350000000001,0.925003,EST,CZE,840310
9581147,74,59,8767,2006,0.0,234114.0,1.864038,0.8193940000000001,FIN,CZE,840310
9581148,77,59,8767,2006,1772104.0,4081022.0,1.47591,0.489466,FRA,CZE,840310
9581149,81,59,8767,2006,177664.0,150964.0,1.824154,0.614424,GBR,CZE,840310
9581150,82,59,8767,2006,0.0,46640.0,0.076711,-0.47216099999999994,GEO,CZE,840310
9581151,90,59,8767,2006,0.0,227510.0,0.261955,1.488958,GRC,CZE,840310
9581152,100,59,8767,2006,0.0,2374052.0,0.755787,0.992614,HRV,CZE,840310
9581153,102,59,8767,2006,749942.0,2469335.0,1.4034309999999999,0.835144,HUN,CZE,840310
9581154,106,59,8767,2006,0.0,1005425.0,1.43804,0.06463200000000001,IRL,CZE,840310
9581155,111,59,8767,2006,11312312.0,1821188.0,1.293779,0.93995,ITA,CZE,840310
9581156,115,59,8767,2006,0.0,380514.0,0.038229,-0.579421,KAZ,CZE,840310
9581157,117,59,8767,2006,0.0,10512.0,-0.034069,0.136694,KGZ,CZE,840310
9581158,130,59,8767,2006,0.0,5039416.0,0.44063599999999997,1.163857,LTU,CZE,840310
9581159,131,59,8767,2006,0.0,18155.0,1.4345620000000001,0.8840819999999999,LUX,CZE,840310
9581160,132,59,8767,2006,0.0,2808125.0,0.531375,0.9414170000000001,LVA,CZE,840310
9581161,135,59,8767,2006,0.0,388787.0,-0.017707,0.135305,MDA,CZE,840310
9581162,140,59,8767,2006,0.0,33093.0,-0.21336,0.17674700000000002,MKD,CZE,840310
9581163,144,59,8767,2006,0.0,12916.0,0.130773,-0.24674699999999997,MNE,CZE,840310
9581164,145,59,8767,2006,0.0,142359.0,-1.147217,-1.0734709999999998,MNG,CZE,840310
9581165,153,59,8767,2006,0.0,22100.0,0.7896569999999999,0.363625,MYS,CZE,840310
9581166,162,59,8767,2006,2842596.0,191704.0,1.192134,1.450852,NLD,CZE,840310
9581167,163,59,8767,2006,0.0,193339.0,1.0787930000000001,0.014051,NOR,CZE,840310
9581168,177,59,8767,2006,778266.0,7521602.0,0.991927,1.474418,POL,CZE,840310
9581169,179,59,8767,2006,1396488.0,150209.0,0.5723630000000001,1.92303,PRT,CZE,840310
9581170,185,59,8767,2006,5026.0,17236522.0,0.550825,1.170744,ROU,CZE,840310
9581171,186,59,8767,2006,0.0,13342131.0,0.801197,0.104683,RUS,CZE,840310
9581172,190,59,8767,2006,0.0,122452.0,-1.873762,-1.278378,SDN,CZE,840310
9581173,201,59,8767,2006,0.0,1619531.0,0.547824,1.5588879999999998,SRB,CZE,840310
9581174,206,59,8767,2006,13607421.0,12648121.0,1.291583,0.868317,SVK,CZE,840310
9581175,207,59,8767,2006,0.0,1770321.0,1.5882370000000001,0.800719,SVN,CZE,840310
9581176,208,59,8767,2006,35149.0,2346790.0,1.902737,0.593294,SWE,CZE,840310
9581177,211,59,8767,2006,0.0,13985.0,-0.344619,-0.796139,SYC,CZE,840310
9581178,212,59,8767,2006,0.0,76976.0,-0.588695,0.532487,SYR,CZE,840310
9581179,224,59,8767,2006,1408578.0,95244.0,0.33971599999999996,2.193384,TUR,CZE,840310
9581180,228,59,8767,2006,5781.0,1858222.0,0.7008439999999999,0.79656,UKR,CZE,840310
9581181,230,59,8767,2006,0.0,8392.0,0.234384,0.118878,URY,CZE,840310
9581182,231,59,8767,2006,19287.0,105627.0,1.666643,-0.121679,USA,CZE,840310
9581183,232,59,8767,2006,0.0,204833.0,-0.457759,-0.784626,UZB,CZE,840310
9581184,237,59,8767,2006,0.0,186282.0,1.05644,0.179306,VGB,CZE,840310
9581185,250,59,8767,2006,4450.0,8991.0,0.711619,-0.41880200000000006,ANS,CZE,840310
9581186,1,61,8767,2006,0.0,134205.0,-0.626011,-0.6799689999999999,AFG,DEU,840310
9581187,7,61,8767,2006,0.0,8064.0,0.053903999999999994,-0.735124,ARE,DEU,840310
9581188,8,61,8767,2006,0.0,2854.0,0.33055,0.665867,ARG,DEU,840310
9581189,9,61,8767,2006,0.0,275447.0,0.14539100000000002,-0.558014,ARM,DEU,840310
9581190,14,61,8767,2006,0.0,577553.0,0.067166,0.373148,AUS,DEU,840310
9581191,15,61,8767,2006,213091296.0,70628320.0,1.775669,0.192717,AUT,DEU,840310
9581192,16,61,8767,2006,0.0,154578.0,-0.521304,-1.035764,AZE,DEU,840310
9581193,17,61,8767,2006,0.0,1545.0,-0.033711,-0.48450600000000005,BDI,DEU,840310
9581194,18,61,8767,2006,444067.0,93582520.0,1.2222540000000002,1.383027,BEL,DEU,840310
9581195,22,61,8767,2006,0.0,513969.0,-1.0305309999999999,-0.80937,BGD,DEU,840310
9581196,23,61,8767,2006,4371.0,2163434.0,0.414563,1.378005,BGR,DEU,840310
9581197,26,61,8767,2006,6605.0,3432162.0,0.40788800000000003,0.562854,BIH,DEU,840310
9581198,28,61,8767,2006,0.0,2738857.0,0.919853,0.384409,BLR,DEU,840310
9581199,29,61,8767,2006,0.0,9674.0,-0.584902,-0.82437,BLZ,DEU,840310
9581200,32,61,8767,2006,0.0,103264.0,0.633889,1.1474520000000001,BRA,DEU,840310
9581201,35,61,8767,2006,0.0,3206.0,-0.016287,-0.561397,BTN,DEU,840310
9581202,39,61,8767,2006,224514.0,27456020.0,0.865685,1.1480489999999999,CAN,DEU,840310
9581203,41,61,8767,2006,28588358.0,34966160.0,2.052534,0.515523,CHE,DEU,840310
9581204,42,61,8767,2006,0.0,92016.0,-0.188298,-0.46778000000000003,CHL,DEU,840310
9581205,43,61,8767,2006,0.0,10041590.0,0.737888,2.54966,CHN,DEU,840310
9581206,58,61,8767,2006,0.0,242271.0,0.708267,-0.048096,CYP,DEU,840310
9581207,59,61,8767,2006,20681174.0,22635558.0,1.564058,0.6023649999999999,CZE,DEU,840310
9581208,64,61,8767,2006,7483657.0,33755240.0,1.2308700000000001,1.180914,DNK,DEU,840310
9581209,66,61,8767,2006,19326.0,450793.0,-0.489962,-1.12456,DZA,DEU,840310
9581210,67,61,8767,2006,0.0,41572.0,-0.878583,-0.9462010000000001,ECU,DEU,840310
9581211,68,61,8767,2006,0.0,9768.0,-0.182272,0.40222399999999997,EGY,DEU,840310
9581212,71,61,8767,2006,651925.0,51931272.0,0.9091370000000001,2.068166,ESP,DEU,840310
9581213,72,61,8767,2006,0.0,2089190.0,0.6426350000000001,0.925003,EST,DEU,840310
9581214,73,61,8767,2006,0.0,1019.0,-0.9557180000000001,-0.9153479999999999,ETH,DEU,840310
9581215,74,61,8767,2006,2028139.0,7848954.0,1.864038,0.8193940000000001,FIN,DEU,840310
9581216,77,61,8767,2006,34387832.0,157997632.0,1.47591,0.489466,FRA,DEU,840310
9581217,78,61,8767,2006,0.0,1793.0,-0.117631,-0.69352,FRO,DEU,840310
9581218,80,61,8767,2006,0.0,685940.0,-1.6696819999999999,-1.173322,GAB,DEU,840310
9581219,81,61,8767,2006,17737506.0,131509024.0,1.824154,0.614424,GBR,DEU,840310
9581220,82,61,8767,2006,0.0,424418.0,0.076711,-0.47216099999999994,GEO,DEU,840310
9581221,83,61,8767,2006,0.0,10850.0,-0.9934860000000001,-0.809318,GHA,DEU,840310
9581222,90,61,8767,2006,130089.0,7688440.0,0.261955,1.488958,GRC,DEU,840310
9581223,92,61,8767,2006,0.0,4453.0,-1.0014,-0.935995,GRL,DEU,840310
9581224,93,61,8767,2006,0.0,394264.0,-0.28642199999999995,0.5868439999999999,GTM,DEU,840310
9581225,97,61,8767,2006,0.0,571866.0,0.5776319999999999,2.076782,HKG,DEU,840310
9581226,100,61,8767,2006,729110.0,31060746.0,0.755787,0.992614,HRV,DEU,840310
9581227,102,61,8767,2006,515077.0,19522320.0,1.4034309999999999,0.835144,HUN,DEU,840310
9581228,103,61,8767,2006,0.0,607737.0,-0.21012399999999998,1.467838,IDN,DEU,840310
9581229,104,61,8767,2006,0.0,620240.0,0.285652,2.731318,IND,DEU,840310
9581230,106,61,8767,2006,0.0,2126579.0,1.43804,0.06463200000000001,IRL,DEU,840310
9581231,107,61,8767,2006,0.0,533388.0,-0.391023,-0.767861,IRN,DEU,840310
9581232,108,61,8767,2006,0.0,19049.0,-2.029727,-0.8634219999999999,IRQ,DEU,840310
9581233,109,61,8767,2006,0.0,223753.0,0.170234,-0.302203,ISL,DEU,840310
9581234,110,61,8767,2006,0.0,512650.0,1.3082129999999998,0.783845,ISR,DEU,840310
9581235,111,61,8767,2006,13501172.0,115621856.0,1.293779,0.93995,ITA,DEU,840310
9581236,113,61,8767,2006,0.0,332741.0,0.166718,0.331248,JOR,DEU,840310
9581237,114,61,8767,2006,0.0,14842408.0,2.4348099999999997,0.082887,JPN,DEU,840310
9581238,115,61,8767,2006,0.0,4326200.0,0.038229,-0.579421,KAZ,DEU,840310
9581239,117,61,8767,2006,0.0,6632.0,-0.034069,0.136694,KGZ,DEU,840310
9581240,120,61,8767,2006,0.0,9905.0,0.896119,-0.309349,KNA,DEU,840310
9581241,121,61,8767,2006,63788.0,3697275.0,1.5384309999999999,0.766628,KOR,DEU,840310
9581242,124,61,8767,2006,2593.0,905456.0,0.3861,1.586183,LBN,DEU,840310
9581243,125,61,8767,2006,0.0,126478.0,-0.679188,-1.0969389999999999,LBR,DEU,840310
9581244,128,61,8767,2006,0.0,92411.0,-0.573767,0.305913,LKA,DEU,840310
9581245,130,61,8767,2006,8248.0,3101225.0,0.44063599999999997,1.163857,LTU,DEU,840310
9581246,131,61,8767,2006,984.0,7267171.0,1.4345620000000001,0.8840819999999999,LUX,DEU,840310
9581247,132,61,8767,2006,953021.0,11792767.0,0.531375,0.9414170000000001,LVA,DEU,840310
9581248,134,61,8767,2006,0.0,21309.0,-0.547933,0.08257300000000001,MAR,DEU,840310
9581249,135,61,8767,2006,0.0,2153285.0,-0.017707,0.135305,MDA,DEU,840310
9581250,138,61,8767,2006,0.0,98406.0,1.047268,0.7142270000000001,MEX,DEU,840310
9581251,140,61,8767,2006,0.0,104767.0,-0.21336,0.17674700000000002,MKD,DEU,840310
9581252,143,61,8767,2006,0.0,1005.0,-1.543679,-1.145623,MMR,DEU,840310
9581253,144,61,8767,2006,0.0,13771.0,0.130773,-0.24674699999999997,MNE,DEU,840310
9581254,145,61,8767,2006,0.0,48308.0,-1.147217,-1.0734709999999998,MNG,DEU,840310
9581255,148,61,8767,2006,0.0,44448.0,-1.72422,-1.2414399999999999,MRT,DEU,840310
9581256,151,61,8767,2006,0.0,905.0,-0.311109,-0.07267,MUS,DEU,840310
9581257,153,61,8767,2006,20640.0,211237.0,0.7896569999999999,0.363625,MYS,DEU,840310
9581258,160,61,8767,2006,0.0,1522.0,-0.998825,-0.893867,NIC,DEU,840310
9581259,162,61,8767,2006,108104968.0,40914164.0,1.192134,1.450852,NLD,DEU,840310
9581260,163,61,8767,2006,151129.0,2974293.0,1.0787930000000001,0.014051,NOR,DEU,840310
9581261,166,61,8767,2006,4734.0,211663.0,0.5371,0.8240209999999999,NZL,DEU,840310
9581262,167,61,8767,2006,0.0,6414.0,-0.6373989999999999,-1.092554,OMN,DEU,840310
9581263,173,61,8767,2006,0.0,309796.0,-0.551095,0.044295,PER,DEU,840310
9581264,174,61,8767,2006,0.0,159277.0,0.161994,0.036631,PHL,DEU,840310
9581265,177,61,8767,2006,4838839.0,63540620.0,0.991927,1.474418,POL,DEU,840310
9581266,179,61,8767,2006,7008390.0,5979257.0,0.5723630000000001,1.92303,PRT,DEU,840310
9581267,180,61,8767,2006,0.0,2508.0,-0.520435,-0.7839119999999999,PRY,DEU,840310
9581268,181,61,8767,2006,0.0,113203.0,-0.03464,-0.487188,PSE,DEU,840310
9581269,183,61,8767,2006,0.0,193486.0,0.055777999999999994,-1.0379049999999999,QAT,DEU,840310
9581270,185,61,8767,2006,146018.0,28208870.0,0.550825,1.170744,ROU,DEU,840310
9581271,186,61,8767,2006,103928.0,84896776.0,0.801197,0.104683,RUS,DEU,840310
9581272,188,61,8767,2006,0.0,179479.0,0.162432,-0.853059,SAU,DEU,840310
9581273,192,61,8767,2006,0.0,101064.0,1.5377379999999998,0.503089,SGP,DEU,840310
9581274,201,61,8767,2006,0.0,5285496.0,0.547824,1.5588879999999998,SRB,DEU,840310
9581275,206,61,8767,2006,42694176.0,21902534.0,1.291583,0.868317,SVK,DEU,840310
9581276,207,61,8767,2006,1878446.0,7764957.0,1.5882370000000001,0.800719,SVN,DEU,840310
9581277,208,61,8767,2006,10179566.0,14727075.0,1.902737,0.593294,SWE,DEU,840310
9581278,212,61,8767,2006,0.0,495669.0,-0.588695,0.532487,SYR,DEU,840310
9581279,214,61,8767,2006,0.0,120507.0,-3.0579419999999997,-0.8926649999999999,TCD,DEU,840310
9581280,216,61,8767,2006,0.0,238545.0,0.568209,1.685343,THA,DEU,840310
9581281,223,61,8767,2006,0.0,140847.0,-0.013636,0.804752,TUN,DEU,840310
9581282,224,61,8767,2006,41204672.0,88682960.0,0.33971599999999996,2.193384,TUR,DEU,840310
9581283,228,61,8767,2006,95459.0,21423250.0,0.7008439999999999,0.79656,UKR,DEU,840310
9581284,230,61,8767,2006,0.0,74693.0,0.234384,0.118878,URY,DEU,840310
9581285,231,61,8767,2006,233620.0,31350514.0,1.666643,-0.121679,USA,DEU,840310
9581286,232,61,8767,2006,0.0,388999.0,-0.457759,-0.784626,UZB,DEU,840310
9581287,239,61,8767,2006,0.0,40749.0,-0.342779,1.033318,VNM,DEU,840310
9581288,241,61,8767,2006,0.0,395085.0,1.609916,-0.311544,WLF,DEU,840310
9581289,246,61,8767,2006,0.0,21215.0,0.37964499999999995,1.466326,ZAF,DEU,840310
9581290,249,61,8767,2006,0.0,53707.0,1.619915,1.2289940000000001,TWN,DEU,840310
9581291,15,64,8767,2006,142643.0,894495.0,1.775669,0.192717,AUT,DNK,840310
9581292,18,64,8767,2006,89005.0,44951.0,1.2222540000000002,1.383027,BEL,DNK,840310
9581293,23,64,8767,2006,47314.0,0.0,0.414563,1.378005,BGR,DNK,840310
9581294,26,64,8767,2006,0.0,3455.0,0.40788800000000003,0.562854,BIH,DNK,840310
9581295,28,64,8767,2006,0.0,25290.0,0.919853,0.384409,BLR,DNK,840310
9581296,39,64,8767,2006,0.0,90580.0,0.865685,1.1480489999999999,CAN,DNK,840310
9581297,41,64,8767,2006,2062642.0,61470.0,2.052534,0.515523,CHE,DNK,840310
9581298,42,64,8767,2006,0.0,3497.0,-0.188298,-0.46778000000000003,CHL,DNK,840310
9581299,43,64,8767,2006,0.0,121202.0,0.737888,2.54966,CHN,DNK,840310
9581300,59,64,8767,2006,4152106.0,4948.0,1.564058,0.6023649999999999,CZE,DNK,840310
9581301,61,64,8767,2006,33755240.0,7483657.0,2.132566,-2.773669,DEU,DNK,840310
9581302,71,64,8767,2006,1449673.0,106822.0,0.9091370000000001,2.068166,ESP,DNK,840310
9581303,72,64,8767,2006,0.0,665026.0,0.6426350000000001,0.925003,EST,DNK,840310
9581304,74,64,8767,2006,54162.0,565713.0,1.864038,0.8193940000000001,FIN,DNK,840310
9581305,77,64,8767,2006,5499400.0,12600728.0,1.47591,0.489466,FRA,DNK,840310
9581306,78,64,8767,2006,0.0,159466.0,-0.117631,-0.69352,FRO,DNK,840310
9581307,81,64,8767,2006,136709.0,985463.0,1.824154,0.614424,GBR,DNK,840310
9581308,92,64,8767,2006,0.0,811935.0,-1.0014,-0.935995,GRL,DNK,840310
9581309,106,64,8767,2006,0.0,1288367.0,1.43804,0.06463200000000001,IRL,DNK,840310
9581310,111,64,8767,2006,2845767.0,554000.0,1.293779,0.93995,ITA,DNK,840310
9581311,114,64,8767,2006,875852.0,2916.0,2.4348099999999997,0.082887,JPN,DNK,840310
9581312,122,64,8767,2006,0.0,5447.0,-0.589823,-1.142795,KWT,DNK,840310
9581313,130,64,8767,2006,1549752.0,1190973.0,0.44063599999999997,1.163857,LTU,DNK,840310
9581314,131,64,8767,2006,0.0,10431.0,1.4345620000000001,0.8840819999999999,LUX,DNK,840310
9581315,132,64,8767,2006,399322.0,109959.0,0.531375,0.9414170000000001,LVA,DNK,840310
9581316,135,64,8767,2006,0.0,687.0,-0.017707,0.135305,MDA,DNK,840310
9581317,153,64,8767,2006,0.0,13968.0,0.7896569999999999,0.363625,MYS,DNK,840310
9581318,162,64,8767,2006,2806969.0,63948.0,1.192134,1.450852,NLD,DNK,840310
9581319,163,64,8767,2006,18068.0,2920679.0,1.0787930000000001,0.014051,NOR,DNK,840310
9581320,177,64,8767,2006,1613118.0,448676.0,0.991927,1.474418,POL,DNK,840310
9581321,179,64,8767,2006,0.0,174267.0,0.5723630000000001,1.92303,PRT,DNK,840310
9581322,185,64,8767,2006,335889.0,109644.0,0.550825,1.170744,ROU,DNK,840310
9581323,186,64,8767,2006,29600.0,990229.0,0.801197,0.104683,RUS,DNK,840310
9581324,192,64,8767,2006,0.0,53176.0,1.5377379999999998,0.503089,SGP,DNK,840310
9581325,206,64,8767,2006,416746.0,0.0,1.291583,0.868317,SVK,DNK,840310
9581326,207,64,8767,2006,23954.0,2402.0,1.5882370000000001,0.800719,SVN,DNK,840310
9581327,208,64,8767,2006,1814658.0,15343610.0,1.902737,0.593294,SWE,DNK,840310
9581328,216,64,8767,2006,0.0,948.0,0.568209,1.685343,THA,DNK,840310
9581329,224,64,8767,2006,1296707.0,9177.0,0.33971599999999996,2.193384,TUR,DNK,840310
9581330,228,64,8767,2006,309426.0,46202.0,0.7008439999999999,0.79656,UKR,DNK,840310
9581331,231,64,8767,2006,0.0,3236110.0,1.666643,-0.121679,USA,DNK,840310
9581332,246,64,8767,2006,0.0,105170.0,0.37964499999999995,1.466326,ZAF,DNK,840310
9581333,71,65,8767,2006,13051.0,0.0,0.9091370000000001,2.068166,ESP,DOM,840310
9581334,111,65,8767,2006,50119.0,0.0,1.293779,0.93995,ITA,DOM,840310
9581335,231,65,8767,2006,92437.0,0.0,1.666643,-0.121679,USA,DOM,840310
9581336,8,67,8767,2006,2173.0,0.0,0.33055,0.665867,ARG,ECU,840310
9581337,61,67,8767,2006,41572.0,0.0,2.132566,-2.773669,DEU,ECU,840310
9581338,162,67,8767,2006,210014.0,0.0,1.192134,1.450852,NLD,ECU,840310
9581339,231,67,8767,2006,170776.0,0.0,1.666643,-0.121679,USA,ECU,840310
9581340,5,71,8767,2006,6563.0,897078.0,1.03128,0.402281,AND,ESP,840310
9581341,7,71,8767,2006,0.0,30267.0,0.053903999999999994,-0.735124,ARE,ESP,840310
9581342,8,71,8767,2006,0.0,431943.0,0.33055,0.665867,ARG,ESP,840310
9581343,9,71,8767,2006,0.0,16443.0,0.14539100000000002,-0.558014,ARM,ESP,840310
9581344,14,71,8767,2006,0.0,224448.0,0.067166,0.373148,AUS,ESP,840310
9581345,15,71,8767,2006,255529.0,16586.0,1.775669,0.192717,AUT,ESP,840310
9581346,18,71,8767,2006,2367755.0,270595.0,1.2222540000000002,1.383027,BEL,ESP,840310
9581347,23,71,8767,2006,0.0,102946.0,0.414563,1.378005,BGR,ESP,840310
9581348,32,71,8767,2006,0.0,42532.0,0.633889,1.1474520000000001,BRA,ESP,840310
9581349,41,71,8767,2006,125095.0,5320.0,2.052534,0.515523,CHE,ESP,840310
9581350,42,71,8767,2006,0.0,117753.0,-0.188298,-0.46778000000000003,CHL,ESP,840310
9581351,43,71,8767,2006,3289.0,419487.0,0.737888,2.54966,CHN,ESP,840310
9581352,44,71,8767,2006,0.0,263785.0,-0.8918530000000001,-0.8145819999999999,CIV,ESP,840310
9581353,49,71,8767,2006,0.0,46003.0,0.129887,0.44371700000000003,COL,ESP,840310
9581354,54,71,8767,2006,0.0,9870.0,0.204039,-0.5183260000000001,CUB,ESP,840310
9581355,58,71,8767,2006,0.0,13159.0,0.708267,-0.048096,CYP,ESP,840310
9581356,59,71,8767,2006,275564.0,0.0,1.564058,0.6023649999999999,CZE,ESP,840310
9581357,61,71,8767,2006,51931272.0,651925.0,2.132566,-2.773669,DEU,ESP,840310
9581358,64,71,8767,2006,106822.0,1449673.0,1.2308700000000001,1.180914,DNK,ESP,840310
9581359,65,71,8767,2006,0.0,13051.0,-0.24073699999999998,0.049093,DOM,ESP,840310
9581360,66,71,8767,2006,0.0,219390.0,-0.489962,-1.12456,DZA,ESP,840310
9581361,68,71,8767,2006,0.0,62108.0,-0.182272,0.40222399999999997,EGY,ESP,840310
9581362,72,71,8767,2006,0.0,16331.0,0.6426350000000001,0.925003,EST,ESP,840310
9581363,77,71,8767,2006,23398230.0,6100070.0,1.47591,0.489466,FRA,ESP,840310
9581364,80,71,8767,2006,0.0,118151.0,-1.6696819999999999,-1.173322,GAB,ESP,840310
9581365,81,71,8767,2006,1073195.0,5615513.0,1.824154,0.614424,GBR,ESP,840310
9581366,82,71,8767,2006,0.0,28147.0,0.076711,-0.47216099999999994,GEO,ESP,840310
9581367,90,71,8767,2006,40855.0,1829776.0,0.261955,1.488958,GRC,ESP,840310
9581368,100,71,8767,2006,0.0,3241.0,0.755787,0.992614,HRV,ESP,840310
9581369,102,71,8767,2006,0.0,48798.0,1.4034309999999999,0.835144,HUN,ESP,840310
9581370,104,71,8767,2006,0.0,5632.0,0.285652,2.731318,IND,ESP,840310
9581371,106,71,8767,2006,0.0,236655.0,1.43804,0.06463200000000001,IRL,ESP,840310
9581372,107,71,8767,2006,0.0,754339.0,-0.391023,-0.767861,IRN,ESP,840310
9581373,110,71,8767,2006,47077.0,0.0,1.3082129999999998,0.783845,ISR,ESP,840310
9581374,111,71,8767,2006,64602812.0,1008827.0,1.293779,0.93995,ITA,ESP,840310
9581375,112,71,8767,2006,0.0,52939.0,-0.5122720000000001,-0.9109809999999999,JAM,ESP,840310
9581376,114,71,8767,2006,0.0,2947.0,2.4348099999999997,0.082887,JPN,ESP,840310
9581377,115,71,8767,2006,0.0,8419.0,0.038229,-0.579421,KAZ,ESP,840310
9581378,116,71,8767,2006,0.0,867497.0,-0.38287899999999997,1.060286,KEN,ESP,840310
9581379,121,71,8767,2006,47957.0,54760.0,1.5384309999999999,0.766628,KOR,ESP,840310
9581380,124,71,8767,2006,0.0,138927.0,0.3861,1.586183,LBN,ESP,840310
9581381,132,71,8767,2006,0.0,36746.0,0.531375,0.9414170000000001,LVA,ESP,840310
9581382,134,71,8767,2006,0.0,77517.0,-0.547933,0.08257300000000001,MAR,ESP,840310
9581383,138,71,8767,2006,0.0,148335.0,1.047268,0.7142270000000001,MEX,ESP,840310
9581384,147,71,8767,2006,0.0,1439.0,-1.0250629999999998,-1.067359,MOZ,ESP,840310
9581385,162,71,8767,2006,3788195.0,40926.0,1.192134,1.450852,NLD,ESP,840310
9581386,163,71,8767,2006,68523.0,0.0,1.0787930000000001,0.014051,NOR,ESP,840310
9581387,166,71,8767,2006,0.0,4688.0,0.5371,0.8240209999999999,NZL,ESP,840310
9581388,168,71,8767,2006,0.0,28685.0,-0.449333,0.563013,PAK,ESP,840310
9581389,173,71,8767,2006,0.0,10471.0,-0.551095,0.044295,PER,ESP,840310
9581390,177,71,8767,2006,5419752.0,507996.0,0.991927,1.474418,POL,ESP,840310
9581391,179,71,8767,2006,21592928.0,21051368.0,0.5723630000000001,1.92303,PRT,ESP,840310
9581392,185,71,8767,2006,402673.0,218587.0,0.550825,1.170744,ROU,ESP,840310
9581393,186,71,8767,2006,0.0,1866061.0,0.801197,0.104683,RUS,ESP,840310
9581394,206,71,8767,2006,480161.0,70176.0,1.291583,0.868317,SVK,ESP,840310
9581395,207,71,8767,2006,0.0,63314.0,1.5882370000000001,0.800719,SVN,ESP,840310
9581396,208,71,8767,2006,7352.0,32803.0,1.902737,0.593294,SWE,ESP,840310
9581397,216,71,8767,2006,0.0,1823.0,0.568209,1.685343,THA,ESP,840310
9581398,223,71,8767,2006,0.0,342774.0,-0.013636,0.804752,TUN,ESP,840310
9581399,224,71,8767,2006,14618401.0,134527.0,0.33971599999999996,2.193384,TUR,ESP,840310
9581400,230,71,8767,2006,0.0,4014.0,0.234384,0.118878,URY,ESP,840310
9581401,231,71,8767,2006,78910.0,153086.0,1.666643,-0.121679,USA,ESP,840310
9581402,232,71,8767,2006,0.0,45526.0,-0.457759,-0.784626,UZB,ESP,840310
9581403,236,71,8767,2006,0.0,77759.0,-0.340972,-1.015462,VEN,ESP,840310
9581404,246,71,8767,2006,0.0,6214.0,0.37964499999999995,1.466326,ZAF,ESP,840310
9581405,9,74,8767,2006,0.0,256629.0,0.14539100000000002,-0.558014,ARM,FIN,840310
9581406,15,74,8767,2006,15438.0,0.0,1.775669,0.192717,AUT,FIN,840310
9581407,18,74,8767,2006,0.0,6260.0,1.2222540000000002,1.383027,BEL,FIN,840310
9581408,41,74,8767,2006,416527.0,0.0,2.052534,0.515523,CHE,FIN,840310
9581409,59,74,8767,2006,234114.0,0.0,1.564058,0.6023649999999999,CZE,FIN,840310
9581410,61,74,8767,2006,7848954.0,2028139.0,2.132566,-2.773669,DEU,FIN,840310
9581411,64,74,8767,2006,565713.0,54162.0,1.2308700000000001,1.180914,DNK,FIN,840310
9581412,72,74,8767,2006,26856.0,529594.0,0.6426350000000001,0.925003,EST,FIN,840310
9581413,77,74,8767,2006,52552.0,463608.0,1.47591,0.489466,FRA,FIN,840310
9581414,78,74,8767,2006,0.0,24887.0,-0.117631,-0.69352,FRO,FIN,840310
9581415,81,74,8767,2006,358328.0,44846.0,1.824154,0.614424,GBR,FIN,840310
9581416,100,74,8767,2006,13154.0,0.0,0.755787,0.992614,HRV,FIN,840310
9581417,106,74,8767,2006,0.0,61870.0,1.43804,0.06463200000000001,IRL,FIN,840310
9581418,109,74,8767,2006,0.0,44059.0,0.170234,-0.302203,ISL,FIN,840310
9581419,111,74,8767,2006,37252.0,1765455.0,1.293779,0.93995,ITA,FIN,840310
9581420,114,74,8767,2006,0.0,425414.0,2.4348099999999997,0.082887,JPN,FIN,840310
9581421,115,74,8767,2006,0.0,24273.0,0.038229,-0.579421,KAZ,FIN,840310
9581422,121,74,8767,2006,0.0,3066.0,1.5384309999999999,0.766628,KOR,FIN,840310
9581423,132,74,8767,2006,0.0,90597.0,0.531375,0.9414170000000001,LVA,FIN,840310
9581424,162,74,8767,2006,11735.0,0.0,1.192134,1.450852,NLD,FIN,840310
9581425,163,74,8767,2006,79251.0,483985.0,1.0787930000000001,0.014051,NOR,FIN,840310
9581426,177,74,8767,2006,1596.0,29516.0,0.991927,1.474418,POL,FIN,840310
9581427,179,74,8767,2006,0.0,6805.0,0.5723630000000001,1.92303,PRT,FIN,840310
9581428,185,74,8767,2006,51371.0,0.0,0.550825,1.170744,ROU,FIN,840310
9581429,186,74,8767,2006,0.0,6612482.0,0.801197,0.104683,RUS,FIN,840310
9581430,188,74,8767,2006,0.0,2483.0,0.162432,-0.853059,SAU,FIN,840310
9581431,207,74,8767,2006,0.0,6014.0,1.5882370000000001,0.800719,SVN,FIN,840310
9581432,208,74,8767,2006,1625461.0,6426782.0,1.902737,0.593294,SWE,FIN,840310
9581433,217,74,8767,2006,0.0,52894.0,-1.071326,-1.158325,TJK,FIN,840310
9581434,228,74,8767,2006,0.0,55359.0,0.7008439999999999,0.79656,UKR,FIN,840310
9581435,231,74,8767,2006,22869.0,0.0,1.666643,-0.121679,USA,FIN,840310
9581436,5,77,8767,2006,4640.0,191976.0,1.03128,0.402281,AND,FRA,840310
9581437,7,77,8767,2006,0.0,2113422.0,0.053903999999999994,-0.735124,ARE,FRA,840310
9581438,8,77,8767,2006,0.0,73419.0,0.33055,0.665867,ARG,FRA,840310
9581439,9,77,8767,2006,0.0,7894.0,0.14539100000000002,-0.558014,ARM,FRA,840310
9581440,14,77,8767,2006,0.0,57624.0,0.067166,0.373148,AUS,FRA,840310
9581441,15,77,8767,2006,16272777.0,4487269.0,1.775669,0.192717,AUT,FRA,840310
9581442,18,77,8767,2006,7152349.0,24525752.0,1.2222540000000002,1.383027,BEL,FRA,840310
9581443,23,77,8767,2006,1912.0,3492652.0,0.414563,1.378005,BGR,FRA,840310
9581444,26,77,8767,2006,70586.0,24187.0,0.40788800000000003,0.562854,BIH,FRA,840310
9581445,28,77,8767,2006,524111.0,44497.0,0.919853,0.384409,BLR,FRA,840310
9581446,33,77,8767,2006,0.0,3121.0,0.977267,0.6046560000000001,BRB,FRA,840310
9581447,39,77,8767,2006,2608354.0,199780.0,0.865685,1.1480489999999999,CAN,FRA,840310
9581448,41,77,8767,2006,8443954.0,16730772.0,2.052534,0.515523,CHE,FRA,840310
9581449,42,77,8767,2006,0.0,5985.0,-0.188298,-0.46778000000000003,CHL,FRA,840310
9581450,43,77,8767,2006,23125.0,3662070.0,0.737888,2.54966,CHN,FRA,840310
9581451,44,77,8767,2006,0.0,22391.0,-0.8918530000000001,-0.8145819999999999,CIV,FRA,840310
9581452,45,77,8767,2006,0.0,91769.0,-1.358873,-1.1511360000000002,CMR,FRA,840310
9581453,54,77,8767,2006,0.0,269550.0,0.204039,-0.5183260000000001,CUB,FRA,840310
9581454,58,77,8767,2006,0.0,270392.0,0.708267,-0.048096,CYP,FRA,840310
9581455,59,77,8767,2006,4081022.0,1772104.0,1.564058,0.6023649999999999,CZE,FRA,840310
9581456,61,77,8767,2006,157997632.0,34387832.0,2.132566,-2.773669,DEU,FRA,840310
9581457,64,77,8767,2006,12600728.0,5499400.0,1.2308700000000001,1.180914,DNK,FRA,840310
9581458,66,77,8767,2006,0.0,1540078.0,-0.489962,-1.12456,DZA,FRA,840310
9581459,68,77,8767,2006,0.0,29440.0,-0.182272,0.40222399999999997,EGY,FRA,840310
9581460,71,77,8767,2006,6100070.0,23398230.0,0.9091370000000001,2.068166,ESP,FRA,840310
9581461,72,77,8767,2006,0.0,133912.0,0.6426350000000001,0.925003,EST,FRA,840310
9581462,74,77,8767,2006,463608.0,52552.0,1.864038,0.8193940000000001,FIN,FRA,840310
9581463,81,77,8767,2006,42280.0,13209806.0,1.824154,0.614424,GBR,FRA,840310
9581464,82,77,8767,2006,0.0,35505.0,0.076711,-0.47216099999999994,GEO,FRA,840310
9581465,90,77,8767,2006,0.0,3474897.0,0.261955,1.488958,GRC,FRA,840310
9581466,100,77,8767,2006,822140.0,301262.0,0.755787,0.992614,HRV,FRA,840310
9581467,102,77,8767,2006,1934.0,1500519.0,1.4034309999999999,0.835144,HUN,FRA,840310
9581468,104,77,8767,2006,76490.0,0.0,0.285652,2.731318,IND,FRA,840310
9581469,106,77,8767,2006,17087.0,1323202.0,1.43804,0.06463200000000001,IRL,FRA,840310
9581470,107,77,8767,2006,0.0,1204.0,-0.391023,-0.767861,IRN,FRA,840310
9581471,109,77,8767,2006,0.0,973.0,0.170234,-0.302203,ISL,FRA,840310
9581472,110,77,8767,2006,0.0,402767.0,1.3082129999999998,0.783845,ISR,FRA,840310
9581473,111,77,8767,2006,65809396.0,44205436.0,1.293779,0.93995,ITA,FRA,840310
9581474,113,77,8767,2006,0.0,739526.0,0.166718,0.331248,JOR,FRA,840310
9581475,115,77,8767,2006,0.0,351236.0,0.038229,-0.579421,KAZ,FRA,840310
9581476,121,77,8767,2006,0.0,7029.0,1.5384309999999999,0.766628,KOR,FRA,840310
9581477,124,77,8767,2006,0.0,1311324.0,0.3861,1.586183,LBN,FRA,840310
9581478,126,77,8767,2006,0.0,55235.0,-0.518724,-1.142074,LBY,FRA,840310
9581479,130,77,8767,2006,7931.0,241818.0,0.44063599999999997,1.163857,LTU,FRA,840310
9581480,131,77,8767,2006,1604597.0,787100.0,1.4345620000000001,0.8840819999999999,LUX,FRA,840310
9581481,132,77,8767,2006,0.0,76659.0,0.531375,0.9414170000000001,LVA,FRA,840310
9581482,134,77,8767,2006,0.0,477008.0,-0.547933,0.08257300000000001,MAR,FRA,840310
9581483,135,77,8767,2006,0.0,45098.0,-0.017707,0.135305,MDA,FRA,840310
9581484,136,77,8767,2006,0.0,7527.0,-1.024657,-0.393395,MDG,FRA,840310
9581485,138,77,8767,2006,0.0,6425.0,1.047268,0.7142270000000001,MEX,FRA,840310
9581486,151,77,8767,2006,0.0,30468.0,-0.311109,-0.07267,MUS,FRA,840310
9581487,153,77,8767,2006,0.0,16438.0,0.7896569999999999,0.363625,MYS,FRA,840310
9581488,156,77,8767,2006,0.0,1187.0,-0.135099,-0.7618779999999999,NCL,FRA,840310
9581489,159,77,8767,2006,0.0,1917.0,-2.094353,-1.215025,NGA,FRA,840310
9581490,162,77,8767,2006,23946660.0,84509.0,1.192134,1.450852,NLD,FRA,840310
9581491,163,77,8767,2006,0.0,695151.0,1.0787930000000001,0.014051,NOR,FRA,840310
9581492,166,77,8767,2006,0.0,4622.0,0.5371,0.8240209999999999,NZL,FRA,840310
9581493,168,77,8767,2006,0.0,5314.0,-0.449333,0.563013,PAK,FRA,840310
9581494,177,77,8767,2006,735760.0,4200890.0,0.991927,1.474418,POL,FRA,840310
9581495,179,77,8767,2006,83085.0,1712450.0,0.5723630000000001,1.92303,PRT,FRA,840310
9581496,182,77,8767,2006,0.0,10797.0,-0.213329,-0.743599,PYF,FRA,840310
9581497,185,77,8767,2006,13545.0,5354500.0,0.550825,1.170744,ROU,FRA,840310
9581498,186,77,8767,2006,3464.0,7819734.0,0.801197,0.104683,RUS,FRA,840310
9581499,188,77,8767,2006,0.0,127034.0,0.162432,-0.853059,SAU,FRA,840310
9581500,191,77,8767,2006,0.0,4852.0,-0.364713,-0.183612,SEN,FRA,840310
9581501,200,77,8767,2006,0.0,125534.0,0.207474,-0.624729,SPM,FRA,840310
9581502,201,77,8767,2006,0.0,10471.0,0.547824,1.5588879999999998,SRB,FRA,840310
9581503,206,77,8767,2006,4802927.0,732749.0,1.291583,0.868317,SVK,FRA,840310
9581504,207,77,8767,2006,0.0,942195.0,1.5882370000000001,0.800719,SVN,FRA,840310
9581505,208,77,8767,2006,1635740.0,198051.0,1.902737,0.593294,SWE,FRA,840310
9581506,212,77,8767,2006,0.0,1870435.0,-0.588695,0.532487,SYR,FRA,840310
9581507,215,77,8767,2006,0.0,18830.0,-0.8304020000000001,-0.678178,TGO,FRA,840310
9581508,223,77,8767,2006,0.0,4442973.0,-0.013636,0.804752,TUN,FRA,840310
9581509,224,77,8767,2006,684181.0,17695596.0,0.33971599999999996,2.193384,TUR,FRA,840310
9581510,228,77,8767,2006,20214.0,1745335.0,0.7008439999999999,0.79656,UKR,FRA,840310
9581511,231,77,8767,2006,5632.0,711011.0,1.666643,-0.121679,USA,FRA,840310
9581512,232,77,8767,2006,0.0,47703.0,-0.457759,-0.784626,UZB,FRA,840310
9581513,249,77,8767,2006,0.0,142822.0,1.619915,1.2289940000000001,TWN,FRA,840310
9581514,7,81,8767,2006,0.0,48576.0,0.053903999999999994,-0.735124,ARE,GBR,840310
9581515,8,81,8767,2006,0.0,41237.0,0.33055,0.665867,ARG,GBR,840310
9581516,14,81,8767,2006,3794.0,0.0,0.067166,0.373148,AUS,GBR,840310
9581517,15,81,8767,2006,1419984.0,0.0,1.775669,0.192717,AUT,GBR,840310
9581518,18,81,8767,2006,3447265.0,4881778.0,1.2222540000000002,1.383027,BEL,GBR,840310
9581519,23,81,8767,2006,0.0,14164.0,0.414563,1.378005,BGR,GBR,840310
9581520,39,81,8767,2006,2605.0,69173.0,0.865685,1.1480489999999999,CAN,GBR,840310
9581521,41,81,8767,2006,2922299.0,59847.0,2.052534,0.515523,CHE,GBR,840310
9581522,43,81,8767,2006,34691.0,680400.0,0.737888,2.54966,CHN,GBR,840310
9581523,58,81,8767,2006,0.0,16210.0,0.708267,-0.048096,CYP,GBR,840310
9581524,59,81,8767,2006,150964.0,177664.0,1.564058,0.6023649999999999,CZE,GBR,840310
9581525,61,81,8767,2006,131509024.0,17737506.0,2.132566,-2.773669,DEU,GBR,840310
9581526,64,81,8767,2006,985463.0,136709.0,1.2308700000000001,1.180914,DNK,GBR,840310
9581527,66,81,8767,2006,0.0,13024.0,-0.489962,-1.12456,DZA,GBR,840310
9581528,68,81,8767,2006,0.0,44996.0,-0.182272,0.40222399999999997,EGY,GBR,840310
9581529,71,81,8767,2006,5615513.0,1073195.0,0.9091370000000001,2.068166,ESP,GBR,840310
9581530,74,81,8767,2006,44846.0,358328.0,1.864038,0.8193940000000001,FIN,GBR,840310
9581531,76,81,8767,2006,0.0,13560.0,0.11039000000000002,-0.79848,FLK,GBR,840310
9581532,77,81,8767,2006,13209806.0,42280.0,1.47591,0.489466,FRA,GBR,840310
9581533,83,81,8767,2006,0.0,7044.0,-0.9934860000000001,-0.809318,GHA,GBR,840310
9581534,84,81,8767,2006,0.0,159644.0,0.8370120000000001,-0.35099400000000003,GIB,GBR,840310
9581535,90,81,8767,2006,443122.0,51443.0,0.261955,1.488958,GRC,GBR,840310
9581536,96,81,8767,2006,0.0,28742.0,-0.813775,-0.8000649999999999,GUY,GBR,840310
9581537,97,81,8767,2006,0.0,130799.0,0.5776319999999999,2.076782,HKG,GBR,840310
9581538,102,81,8767,2006,0.0,372447.0,1.4034309999999999,0.835144,HUN,GBR,840310
9581539,104,81,8767,2006,194796.0,0.0,0.285652,2.731318,IND,GBR,840310
9581540,106,81,8767,2006,44181056.0,35240800.0,1.43804,0.06463200000000001,IRL,GBR,840310
9581541,109,81,8767,2006,0.0,1334.0,0.170234,-0.302203,ISL,GBR,840310
9581542,111,81,8767,2006,180044064.0,2555957.0,1.293779,0.93995,ITA,GBR,840310
9581543,113,81,8767,2006,0.0,189960.0,0.166718,0.331248,JOR,GBR,840310
9581544,114,81,8767,2006,1138.0,0.0,2.4348099999999997,0.082887,JPN,GBR,840310
9581545,121,81,8767,2006,75176.0,0.0,1.5384309999999999,0.766628,KOR,GBR,840310
9581546,126,81,8767,2006,0.0,20623.0,-0.518724,-1.142074,LBY,GBR,840310
9581547,130,81,8767,2006,0.0,8237.0,0.44063599999999997,1.163857,LTU,GBR,840310
9581548,140,81,8767,2006,0.0,6976.0,-0.21336,0.17674700000000002,MKD,GBR,840310
9581549,142,81,8767,2006,0.0,4331.0,1.384411,0.093734,MLT,GBR,840310
9581550,151,81,8767,2006,0.0,2265.0,-0.311109,-0.07267,MUS,GBR,840310
9581551,153,81,8767,2006,0.0,6960.0,0.7896569999999999,0.363625,MYS,GBR,840310
9581552,159,81,8767,2006,0.0,1909.0,-2.094353,-1.215025,NGA,GBR,840310
9581553,162,81,8767,2006,28572050.0,13081.0,1.192134,1.450852,NLD,GBR,840310
9581554,163,81,8767,2006,4091.0,38331.0,1.0787930000000001,0.014051,NOR,GBR,840310
9581555,166,81,8767,2006,0.0,146829.0,0.5371,0.8240209999999999,NZL,GBR,840310
9581556,177,81,8767,2006,19774172.0,1136235.0,0.991927,1.474418,POL,GBR,840310
9581557,179,81,8767,2006,0.0,137585.0,0.5723630000000001,1.92303,PRT,GBR,840310
9581558,185,81,8767,2006,12274942.0,383215.0,0.550825,1.170744,ROU,GBR,840310
9581559,186,81,8767,2006,0.0,65723.0,0.801197,0.104683,RUS,GBR,840310
9581560,188,81,8767,2006,0.0,167629.0,0.162432,-0.853059,SAU,GBR,840310
9581561,192,81,8767,2006,0.0,936.0,1.5377379999999998,0.503089,SGP,GBR,840310
9581562,196,81,8767,2006,0.0,8641.0,0.518163,-0.032742,SLE,GBR,840310
9581563,201,81,8767,2006,0.0,12868.0,0.547824,1.5588879999999998,SRB,GBR,840310
9581564,206,81,8767,2006,206711.0,22894.0,1.291583,0.868317,SVK,GBR,840310
9581565,208,81,8767,2006,1117352.0,11810.0,1.902737,0.593294,SWE,GBR,840310
9581566,216,81,8767,2006,0.0,1729.0,0.568209,1.685343,THA,GBR,840310
9581567,224,81,8767,2006,14005976.0,2689876.0,0.33971599999999996,2.193384,TUR,GBR,840310
9581568,227,81,8767,2006,0.0,10220.0,-0.702511,-0.43976099999999996,UGA,GBR,840310
9581569,228,81,8767,2006,0.0,6965.0,0.7008439999999999,0.79656,UKR,GBR,840310
9581570,231,81,8767,2006,814533.0,15703.0,1.666643,-0.121679,USA,GBR,840310
9581571,236,81,8767,2006,0.0,1762.0,-0.340972,-1.015462,VEN,GBR,840310
9581572,246,81,8767,2006,0.0,1266.0,0.37964499999999995,1.466326,ZAF,GBR,840310
9581573,4,90,8767,2006,0.0,169645.0,-0.340932,-0.06302200000000001,ALB,GRC,840310
9581574,15,90,8767,2006,64411.0,6676.0,1.775669,0.192717,AUT,GRC,840310
9581575,18,90,8767,2006,414709.0,0.0,1.2222540000000002,1.383027,BEL,GRC,840310
9581576,23,90,8767,2006,16548.0,457774.0,0.414563,1.378005,BGR,GRC,840310
9581577,26,90,8767,2006,4127.0,15104.0,0.40788800000000003,0.562854,BIH,GRC,840310
9581578,43,90,8767,2006,266649.0,81740.0,0.737888,2.54966,CHN,GRC,840310
9581579,58,90,8767,2006,0.0,452099.0,0.708267,-0.048096,CYP,GRC,840310
9581580,59,90,8767,2006,227510.0,0.0,1.564058,0.6023649999999999,CZE,GRC,840310
9581581,61,90,8767,2006,7688440.0,130089.0,2.132566,-2.773669,DEU,GRC,840310
9581582,68,90,8767,2006,0.0,7962.0,-0.182272,0.40222399999999997,EGY,GRC,840310
9581583,71,90,8767,2006,1829776.0,40855.0,0.9091370000000001,2.068166,ESP,GRC,840310
9581584,77,90,8767,2006,3474897.0,0.0,1.47591,0.489466,FRA,GRC,840310
9581585,81,90,8767,2006,51443.0,443122.0,1.824154,0.614424,GBR,GRC,840310
9581586,82,90,8767,2006,0.0,13556.0,0.076711,-0.47216099999999994,GEO,GRC,840310
9581587,102,90,8767,2006,61199.0,0.0,1.4034309999999999,0.835144,HUN,GRC,840310
9581588,106,90,8767,2006,0.0,39537.0,1.43804,0.06463200000000001,IRL,GRC,840310
9581589,110,90,8767,2006,0.0,55020.0,1.3082129999999998,0.783845,ISR,GRC,840310
9581590,111,90,8767,2006,20786854.0,20349.0,1.293779,0.93995,ITA,GRC,840310
9581591,113,90,8767,2006,0.0,16018.0,0.166718,0.331248,JOR,GRC,840310
9581592,114,90,8767,2006,396455.0,0.0,2.4348099999999997,0.082887,JPN,GRC,840310
9581593,115,90,8767,2006,0.0,2530.0,0.038229,-0.579421,KAZ,GRC,840310
9581594,121,90,8767,2006,5751508.0,0.0,1.5384309999999999,0.766628,KOR,GRC,840310
9581595,124,90,8767,2006,0.0,145597.0,0.3861,1.586183,LBN,GRC,840310
9581596,134,90,8767,2006,0.0,11672.0,-0.547933,0.08257300000000001,MAR,GRC,840310
9581597,135,90,8767,2006,0.0,21364.0,-0.017707,0.135305,MDA,GRC,840310
9581598,140,90,8767,2006,3955.0,413436.0,-0.21336,0.17674700000000002,MKD,GRC,840310
9581599,142,90,8767,2006,0.0,3244.0,1.384411,0.093734,MLT,GRC,840310
9581600,144,90,8767,2006,0.0,3500.0,0.130773,-0.24674699999999997,MNE,GRC,840310
9581601,162,90,8767,2006,282100.0,0.0,1.192134,1.450852,NLD,GRC,840310
9581602,163,90,8767,2006,762.0,0.0,1.0787930000000001,0.014051,NOR,GRC,840310
9581603,177,90,8767,2006,107429.0,53584.0,0.991927,1.474418,POL,GRC,840310
9581604,179,90,8767,2006,390404.0,349481.0,0.5723630000000001,1.92303,PRT,GRC,840310
9581605,185,90,8767,2006,4308.0,267703.0,0.550825,1.170744,ROU,GRC,840310
9581606,186,90,8767,2006,1429.0,44249.0,0.801197,0.104683,RUS,GRC,840310
9581607,192,90,8767,2006,0.0,28311.0,1.5377379999999998,0.503089,SGP,GRC,840310
9581608,201,90,8767,2006,226927.0,10672.0,0.547824,1.5588879999999998,SRB,GRC,840310
9581609,206,90,8767,2006,222816.0,644.0,1.291583,0.868317,SVK,GRC,840310
9581610,207,90,8767,2006,4172.0,0.0,1.5882370000000001,0.800719,SVN,GRC,840310
9581611,208,90,8767,2006,54281.0,0.0,1.902737,0.593294,SWE,GRC,840310
9581612,212,90,8767,2006,0.0,197106.0,-0.588695,0.532487,SYR,GRC,840310
9581613,224,90,8767,2006,5599982.0,33465.0,0.33971599999999996,2.193384,TUR,GRC,840310
9581614,228,90,8767,2006,0.0,9067.0,0.7008439999999999,0.79656,UKR,GRC,840310
9581615,231,90,8767,2006,0.0,1944.0,1.666643,-0.121679,USA,GRC,840310
9581616,61,93,8767,2006,394264.0,0.0,2.132566,-2.773669,DEU,GTM,840310
9581617,121,93,8767,2006,65624.0,0.0,1.5384309999999999,0.766628,KOR,GTM,840310
9581618,197,93,8767,2006,0.0,4019.0,-0.135312,0.140874,SLV,GTM,840310
9581619,231,93,8767,2006,78420.0,0.0,1.666643,-0.121679,USA,GTM,840310
9581620,249,93,8767,2006,937.0,0.0,1.619915,1.2289940000000001,TWN,GTM,840310
9581621,81,96,8767,2006,28742.0,0.0,1.824154,0.614424,GBR,GUY,840310
9581622,14,97,8767,2006,93374.0,9480.0,0.067166,0.373148,AUS,HKG,840310
9581623,22,97,8767,2006,0.0,75156.0,-1.0305309999999999,-0.80937,BGD,HKG,840310
9581624,39,97,8767,2006,74676.0,0.0,0.865685,1.1480489999999999,CAN,HKG,840310
9581625,41,97,8767,2006,62296.0,0.0,2.052534,0.515523,CHE,HKG,840310
9581626,61,97,8767,2006,571866.0,0.0,2.132566,-2.773669,DEU,HKG,840310
9581627,81,97,8767,2006,130799.0,0.0,1.824154,0.614424,GBR,HKG,840310
9581628,111,97,8767,2006,584112.0,0.0,1.293779,0.93995,ITA,HKG,840310
9581629,118,97,8767,2006,0.0,115342.0,-1.323365,-1.185827,KHM,HKG,840310
9581630,128,97,8767,2006,0.0,1089.0,-0.573767,0.305913,LKA,HKG,840310
9581631,168,97,8767,2006,0.0,3792.0,-0.449333,0.563013,PAK,HKG,840310
9581632,174,97,8767,2006,0.0,20081.0,0.161994,0.036631,PHL,HKG,840310
9581633,192,97,8767,2006,14752.0,7819.0,1.5377379999999998,0.503089,SGP,HKG,840310
9581634,231,97,8767,2006,48055.0,61010.0,1.666643,-0.121679,USA,HKG,840310
9581635,249,97,8767,2006,164425.0,0.0,1.619915,1.2289940000000001,TWN,HKG,840310
9581636,49,99,8767,2006,6469.0,0.0,0.129887,0.44371700000000003,COL,HND,840310
9581637,52,99,8767,2006,0.0,794.0,0.042663,-0.376672,CRI,HND,840310
9581638,231,99,8767,2006,114307.0,0.0,1.666643,-0.121679,USA,HND,840310
9581639,7,103,8767,2006,0.0,31945.0,0.053903999999999994,-0.735124,ARE,IDN,840310
9581640,14,103,8767,2006,263964.0,1016879.0,0.067166,0.373148,AUS,IDN,840310
9581641,41,103,8767,2006,11362.0,0.0,2.052534,0.515523,CHE,IDN,840310
9581642,43,103,8767,2006,9842643.0,85372.0,0.737888,2.54966,CHN,IDN,840310
9581643,61,103,8767,2006,607737.0,0.0,2.132566,-2.773669,DEU,IDN,840310
9581644,104,103,8767,2006,296460.0,0.0,0.285652,2.731318,IND,IDN,840310
9581645,111,103,8767,2006,15943.0,0.0,1.293779,0.93995,ITA,IDN,840310
9581646,114,103,8767,2006,331657.0,0.0,2.4348099999999997,0.082887,JPN,IDN,840310
9581647,118,103,8767,2006,0.0,2081.0,-1.323365,-1.185827,KHM,IDN,840310
9581648,121,103,8767,2006,279738.0,0.0,1.5384309999999999,0.766628,KOR,IDN,840310
9581649,153,103,8767,2006,150341.0,143469.0,0.7896569999999999,0.363625,MYS,IDN,840310
9581650,159,103,8767,2006,0.0,229987.0,-2.094353,-1.215025,NGA,IDN,840310
9581651,162,103,8767,2006,171005.0,0.0,1.192134,1.450852,NLD,IDN,840310
9581652,192,103,8767,2006,270639.0,0.0,1.5377379999999998,0.503089,SGP,IDN,840310
9581653,216,103,8767,2006,317243.0,0.0,0.568209,1.685343,THA,IDN,840310
9581654,246,103,8767,2006,5851116.0,0.0,0.37964499999999995,1.466326,ZAF,IDN,840310
9581655,249,103,8767,2006,29239.0,0.0,1.619915,1.2289940000000001,TWN,IDN,840310
9581656,7,104,8767,2006,6860.0,519606.0,0.053903999999999994,-0.735124,ARE,IND,840310
9581657,14,104,8767,2006,11075.0,51006.0,0.067166,0.373148,AUS,IND,840310
9581658,22,104,8767,2006,0.0,259018.0,-1.0305309999999999,-0.80937,BGD,IND,840310
9581659,24,104,8767,2006,0.0,81134.0,0.172724,-0.9449879999999999,BHR,IND,840310
9581660,39,104,8767,2006,9546.0,0.0,0.865685,1.1480489999999999,CAN,IND,840310
9581661,42,104,8767,2006,0.0,837903.0,-0.188298,-0.46778000000000003,CHL,IND,840310
9581662,43,104,8767,2006,16862.0,0.0,0.737888,2.54966,CHN,IND,840310
9581663,45,104,8767,2006,0.0,20862.0,-1.358873,-1.1511360000000002,CMR,IND,840310
9581664,61,104,8767,2006,620240.0,0.0,2.132566,-2.773669,DEU,IND,840310
9581665,66,104,8767,2006,0.0,154414.0,-0.489962,-1.12456,DZA,IND,840310
9581666,71,104,8767,2006,5632.0,0.0,0.9091370000000001,2.068166,ESP,IND,840310
9581667,75,104,8767,2006,0.0,280088.0,-0.6554949999999999,-0.098284,FJI,IND,840310
9581668,77,104,8767,2006,0.0,76490.0,1.47591,0.489466,FRA,IND,840310
9581669,81,104,8767,2006,0.0,194796.0,1.824154,0.614424,GBR,IND,840310
9581670,83,104,8767,2006,0.0,4025.0,-0.9934860000000001,-0.809318,GHA,IND,840310
9581671,103,104,8767,2006,0.0,296460.0,-0.21012399999999998,1.467838,IDN,IND,840310
9581672,108,104,8767,2006,0.0,87425.0,-2.029727,-0.8634219999999999,IRQ,IND,840310
9581673,111,104,8767,2006,147509.0,0.0,1.293779,0.93995,ITA,IND,840310
9581674,114,104,8767,2006,1005.0,0.0,2.4348099999999997,0.082887,JPN,IND,840310
9581675,115,104,8767,2006,0.0,219101.0,0.038229,-0.579421,KAZ,IND,840310
9581676,116,104,8767,2006,0.0,729075.0,-0.38287899999999997,1.060286,KEN,IND,840310
9581677,121,104,8767,2006,313218.0,0.0,1.5384309999999999,0.766628,KOR,IND,840310
9581678,128,104,8767,2006,0.0,310798.0,-0.573767,0.305913,LKA,IND,840310
9581679,141,104,8767,2006,0.0,41509.0,-0.503462,-0.778836,MLI,IND,840310
9581680,143,104,8767,2006,0.0,72728.0,-1.543679,-1.145623,MMR,IND,840310
9581681,151,104,8767,2006,0.0,61537.0,-0.311109,-0.07267,MUS,IND,840310
9581682,153,104,8767,2006,72547.0,41624.0,0.7896569999999999,0.363625,MYS,IND,840310
9581683,159,104,8767,2006,0.0,486518.0,-2.094353,-1.215025,NGA,IND,840310
9581684,162,104,8767,2006,0.0,1169.0,1.192134,1.450852,NLD,IND,840310
9581685,163,104,8767,2006,39589.0,0.0,1.0787930000000001,0.014051,NOR,IND,840310
9581686,164,104,8767,2006,0.0,67993.0,-0.29672600000000005,0.665077,NPL,IND,840310
9581687,166,104,8767,2006,10067.0,0.0,0.5371,0.8240209999999999,NZL,IND,840310
9581688,167,104,8767,2006,0.0,72594.0,-0.6373989999999999,-1.092554,OMN,IND,840310
9581689,174,104,8767,2006,0.0,144254.0,0.161994,0.036631,PHL,IND,840310
9581690,183,104,8767,2006,0.0,123326.0,0.055777999999999994,-1.0379049999999999,QAT,IND,840310
9581691,188,104,8767,2006,0.0,32803.0,0.162432,-0.853059,SAU,IND,840310
9581692,192,104,8767,2006,0.0,17109.0,1.5377379999999998,0.503089,SGP,IND,840310
9581693,197,104,8767,2006,0.0,143016.0,-0.135312,0.140874,SLV,IND,840310
9581694,205,104,8767,2006,0.0,173462.0,-0.754046,-0.872361,SUR,IND,840310
9581695,207,104,8767,2006,258951.0,0.0,1.5882370000000001,0.800719,SVN,IND,840310
9581696,212,104,8767,2006,0.0,12261.0,-0.588695,0.532487,SYR,IND,840310
9581697,216,104,8767,2006,0.0,570182.0,0.568209,1.685343,THA,IND,840310
9581698,224,104,8767,2006,29654.0,0.0,0.33971599999999996,2.193384,TUR,IND,840310
9581699,226,104,8767,2006,0.0,39981.0,-0.953097,0.159129,TZA,IND,840310
9581700,227,104,8767,2006,0.0,65397.0,-0.702511,-0.43976099999999996,UGA,IND,840310
9581701,231,104,8767,2006,9314.0,192483.0,1.666643,-0.121679,USA,IND,840310
9581702,239,104,8767,2006,0.0,291327.0,-0.342779,1.033318,VNM,IND,840310
9581703,243,104,8767,2006,0.0,65118.0,-1.0407110000000002,-1.13042,YEM,IND,840310
9581704,15,106,8767,2006,1245096.0,0.0,1.775669,0.192717,AUT,IRL,840310
9581705,18,106,8767,2006,31889.0,0.0,1.2222540000000002,1.383027,BEL,IRL,840310
9581706,23,106,8767,2006,7421.0,0.0,0.414563,1.378005,BGR,IRL,840310
9581707,39,106,8767,2006,0.0,16833.0,0.865685,1.1480489999999999,CAN,IRL,840310
9581708,41,106,8767,2006,79924.0,0.0,2.052534,0.515523,CHE,IRL,840310
9581709,59,106,8767,2006,1005425.0,0.0,1.564058,0.6023649999999999,CZE,IRL,840310
9581710,61,106,8767,2006,2126579.0,0.0,2.132566,-2.773669,DEU,IRL,840310
9581711,64,106,8767,2006,1288367.0,0.0,1.2308700000000001,1.180914,DNK,IRL,840310
9581712,68,106,8767,2006,0.0,949.0,-0.182272,0.40222399999999997,EGY,IRL,840310
9581713,71,106,8767,2006,236655.0,0.0,0.9091370000000001,2.068166,ESP,IRL,840310
9581714,74,106,8767,2006,61870.0,0.0,1.864038,0.8193940000000001,FIN,IRL,840310
9581715,77,106,8767,2006,1323202.0,17087.0,1.47591,0.489466,FRA,IRL,840310
9581716,81,106,8767,2006,35240800.0,44181056.0,1.824154,0.614424,GBR,IRL,840310
9581717,90,106,8767,2006,39537.0,0.0,0.261955,1.488958,GRC,IRL,840310
9581718,100,106,8767,2006,2317.0,731.0,0.755787,0.992614,HRV,IRL,840310
9581719,111,106,8767,2006,8677901.0,0.0,1.293779,0.93995,ITA,IRL,840310
9581720,162,106,8767,2006,2223614.0,1228.0,1.192134,1.450852,NLD,IRL,840310
9581721,163,106,8767,2006,0.0,40856.0,1.0787930000000001,0.014051,NOR,IRL,840310
9581722,166,106,8767,2006,0.0,86543.0,0.5371,0.8240209999999999,NZL,IRL,840310
9581723,177,106,8767,2006,3241731.0,0.0,0.991927,1.474418,POL,IRL,840310
9581724,206,106,8767,2006,69475.0,0.0,1.291583,0.868317,SVK,IRL,840310
9581725,208,106,8767,2006,303802.0,0.0,1.902737,0.593294,SWE,IRL,840310
9581726,231,106,8767,2006,135622.0,5420.0,1.666643,-0.121679,USA,IRL,840310
9581727,250,106,8767,2006,637505.0,0.0,0.711619,-0.41880200000000006,ANS,IRL,840310
9581728,18,110,8767,2006,72448.0,0.0,1.2222540000000002,1.383027,BEL,ISR,840310
9581729,43,110,8767,2006,4919.0,0.0,0.737888,2.54966,CHN,ISR,840310
9581730,61,110,8767,2006,512650.0,0.0,2.132566,-2.773669,DEU,ISR,840310
9581731,62,110,8767,2006,0.0,78000.0,-0.251707,-0.436792,DJI,ISR,840310
9581732,71,110,8767,2006,0.0,47077.0,0.9091370000000001,2.068166,ESP,ISR,840310
9581733,77,110,8767,2006,402767.0,0.0,1.47591,0.489466,FRA,ISR,840310
9581734,90,110,8767,2006,55020.0,0.0,0.261955,1.488958,GRC,ISR,840310
9581735,111,110,8767,2006,2061028.0,2798.0,1.293779,0.93995,ITA,ISR,840310
9581736,116,110,8767,2006,0.0,246504.0,-0.38287899999999997,1.060286,KEN,ISR,840310
9581737,121,110,8767,2006,37815.0,0.0,1.5384309999999999,0.766628,KOR,ISR,840310
9581738,138,110,8767,2006,0.0,37785.0,1.047268,0.7142270000000001,MEX,ISR,840310
9581739,162,110,8767,2006,41338.0,0.0,1.192134,1.450852,NLD,ISR,840310
9581740,177,110,8767,2006,76847.0,0.0,0.991927,1.474418,POL,ISR,840310
9581741,208,110,8767,2006,15753.0,0.0,1.902737,0.593294,SWE,ISR,840310
9581742,216,110,8767,2006,0.0,18864.0,0.568209,1.685343,THA,ISR,840310
9581743,224,110,8767,2006,669169.0,0.0,0.33971599999999996,2.193384,TUR,ISR,840310
9581744,231,110,8767,2006,1130269.0,0.0,1.666643,-0.121679,USA,ISR,840310
9581745,4,111,8767,2006,0.0,430812.0,-0.340932,-0.06302200000000001,ALB,ITA,840310
9581746,7,111,8767,2006,0.0,601142.0,0.053903999999999994,-0.735124,ARE,ITA,840310
9581747,8,111,8767,2006,0.0,5335792.0,0.33055,0.665867,ARG,ITA,840310
9581748,9,111,8767,2006,0.0,3831863.0,0.14539100000000002,-0.558014,ARM,ITA,840310
9581749,14,111,8767,2006,2211.0,1457912.0,0.067166,0.373148,AUS,ITA,840310
9581750,15,111,8767,2006,15040863.0,5673493.0,1.775669,0.192717,AUT,ITA,840310
9581751,16,111,8767,2006,0.0,799771.0,-0.521304,-1.035764,AZE,ITA,840310
9581752,18,111,8767,2006,363981.0,14546181.0,1.2222540000000002,1.383027,BEL,ITA,840310
9581753,22,111,8767,2006,0.0,13081.0,-1.0305309999999999,-0.80937,BGD,ITA,840310
9581754,23,111,8767,2006,39745.0,4110536.0,0.414563,1.378005,BGR,ITA,840310
9581755,26,111,8767,2006,139242.0,437537.0,0.40788800000000003,0.562854,BIH,ITA,840310
9581756,28,111,8767,2006,0.0,1081297.0,0.919853,0.384409,BLR,ITA,840310
9581757,32,111,8767,2006,0.0,112229.0,0.633889,1.1474520000000001,BRA,ITA,840310
9581758,39,111,8767,2006,6611.0,4940882.0,0.865685,1.1480489999999999,CAN,ITA,840310
9581759,41,111,8767,2006,7064046.0,2706633.0,2.052534,0.515523,CHE,ITA,840310
9581760,42,111,8767,2006,0.0,5771495.0,-0.188298,-0.46778000000000003,CHL,ITA,840310
9581761,43,111,8767,2006,1105872.0,21754942.0,0.737888,2.54966,CHN,ITA,840310
9581762,49,111,8767,2006,0.0,9336.0,0.129887,0.44371700000000003,COL,ITA,840310
9581763,52,111,8767,2006,0.0,8394.0,0.042663,-0.376672,CRI,ITA,840310
9581764,54,111,8767,2006,0.0,213368.0,0.204039,-0.5183260000000001,CUB,ITA,840310
9581765,57,111,8767,2006,0.0,7666.0,0.7708189999999999,-0.648112,CYM,ITA,840310
9581766,58,111,8767,2006,0.0,937129.0,0.708267,-0.048096,CYP,ITA,840310
9581767,59,111,8767,2006,1821188.0,11312312.0,1.564058,0.6023649999999999,CZE,ITA,840310
9581768,61,111,8767,2006,115621856.0,13501172.0,2.132566,-2.773669,DEU,ITA,840310
9581769,64,111,8767,2006,554000.0,2845767.0,1.2308700000000001,1.180914,DNK,ITA,840310
9581770,65,111,8767,2006,0.0,50119.0,-0.24073699999999998,0.049093,DOM,ITA,840310
9581771,66,111,8767,2006,0.0,4724766.0,-0.489962,-1.12456,DZA,ITA,840310
9581772,68,111,8767,2006,0.0,778240.0,-0.182272,0.40222399999999997,EGY,ITA,840310
9581773,71,111,8767,2006,1008827.0,64602812.0,0.9091370000000001,2.068166,ESP,ITA,840310
9581774,72,111,8767,2006,0.0,869330.0,0.6426350000000001,0.925003,EST,ITA,840310
9581775,73,111,8767,2006,0.0,1150.0,-0.9557180000000001,-0.9153479999999999,ETH,ITA,840310
9581776,74,111,8767,2006,1765455.0,37252.0,1.864038,0.8193940000000001,FIN,ITA,840310
9581777,77,111,8767,2006,44205436.0,65809396.0,1.47591,0.489466,FRA,ITA,840310
9581778,78,111,8767,2006,0.0,21621.0,-0.117631,-0.69352,FRO,ITA,840310
9581779,81,111,8767,2006,2555957.0,180044064.0,1.824154,0.614424,GBR,ITA,840310
9581780,82,111,8767,2006,0.0,1206463.0,0.076711,-0.47216099999999994,GEO,ITA,840310
9581781,89,111,8767,2006,0.0,17065.0,-2.188173,-0.8631700000000001,GNQ,ITA,840310
9581782,90,111,8767,2006,20349.0,20786854.0,0.261955,1.488958,GRC,ITA,840310
9581783,97,111,8767,2006,0.0,584112.0,0.5776319999999999,2.076782,HKG,ITA,840310
9581784,100,111,8767,2006,47577.0,2061048.0,0.755787,0.992614,HRV,ITA,840310
9581785,102,111,8767,2006,444054.0,41323932.0,1.4034309999999999,0.835144,HUN,ITA,840310
9581786,103,111,8767,2006,0.0,15943.0,-0.21012399999999998,1.467838,IDN,ITA,840310
9581787,104,111,8767,2006,0.0,147509.0,0.285652,2.731318,IND,ITA,840310
9581788,106,111,8767,2006,0.0,8677901.0,1.43804,0.06463200000000001,IRL,ITA,840310
9581789,107,111,8767,2006,0.0,5821139.0,-0.391023,-0.767861,IRN,ITA,840310
9581790,110,111,8767,2006,2798.0,2061028.0,1.3082129999999998,0.783845,ISR,ITA,840310
9581791,113,111,8767,2006,0.0,604353.0,0.166718,0.331248,JOR,ITA,840310
9581792,114,111,8767,2006,80302.0,24358.0,2.4348099999999997,0.082887,JPN,ITA,840310
9581793,115,111,8767,2006,0.0,716465.0,0.038229,-0.579421,KAZ,ITA,840310
9581794,116,111,8767,2006,0.0,14217.0,-0.38287899999999997,1.060286,KEN,ITA,840310
9581795,117,111,8767,2006,0.0,2229.0,-0.034069,0.136694,KGZ,ITA,840310
9581796,121,111,8767,2006,0.0,87706.0,1.5384309999999999,0.766628,KOR,ITA,840310
9581797,122,111,8767,2006,0.0,1033325.0,-0.589823,-1.142795,KWT,ITA,840310
9581798,124,111,8767,2006,0.0,1447954.0,0.3861,1.586183,LBN,ITA,840310
9581799,126,111,8767,2006,0.0,28828.0,-0.518724,-1.142074,LBY,ITA,840310
9581800,130,111,8767,2006,0.0,1826885.0,0.44063599999999997,1.163857,LTU,ITA,840310
9581801,131,111,8767,2006,0.0,93570.0,1.4345620000000001,0.8840819999999999,LUX,ITA,840310
9581802,132,111,8767,2006,1510.0,648555.0,0.531375,0.9414170000000001,LVA,ITA,840310
9581803,134,111,8767,2006,0.0,590304.0,-0.547933,0.08257300000000001,MAR,ITA,840310
9581804,135,111,8767,2006,0.0,5599022.0,-0.017707,0.135305,MDA,ITA,840310
9581805,138,111,8767,2006,0.0,317421.0,1.047268,0.7142270000000001,MEX,ITA,840310
9581806,140,111,8767,2006,5782.0,291306.0,-0.21336,0.17674700000000002,MKD,ITA,840310
9581807,142,111,8767,2006,0.0,74293.0,1.384411,0.093734,MLT,ITA,840310
9581808,144,111,8767,2006,0.0,1787.0,0.130773,-0.24674699999999997,MNE,ITA,840310
9581809,147,111,8767,2006,0.0,9808.0,-1.0250629999999998,-1.067359,MOZ,ITA,840310
9581810,151,111,8767,2006,0.0,9107.0,-0.311109,-0.07267,MUS,ITA,840310
9581811,153,111,8767,2006,0.0,15656.0,0.7896569999999999,0.363625,MYS,ITA,840310
9581812,155,111,8767,2006,0.0,36462.0,-0.515361,-0.8027350000000001,NAM,ITA,840310
9581813,159,111,8767,2006,0.0,162965.0,-2.094353,-1.215025,NGA,ITA,840310
9581814,162,111,8767,2006,38803300.0,23308690.0,1.192134,1.450852,NLD,ITA,840310
9581815,163,111,8767,2006,0.0,252809.0,1.0787930000000001,0.014051,NOR,ITA,840310
9581816,166,111,8767,2006,0.0,310071.0,0.5371,0.8240209999999999,NZL,ITA,840310
9581817,173,111,8767,2006,0.0,39331.0,-0.551095,0.044295,PER,ITA,840310
9581818,177,111,8767,2006,60787124.0,17424394.0,0.991927,1.474418,POL,ITA,840310
9581819,179,111,8767,2006,3017750.0,4905696.0,0.5723630000000001,1.92303,PRT,ITA,840310
9581820,183,111,8767,2006,0.0,1254334.0,0.055777999999999994,-1.0379049999999999,QAT,ITA,840310
9581821,185,111,8767,2006,1060030.0,66888756.0,0.550825,1.170744,ROU,ITA,840310
9581822,186,111,8767,2006,9049.0,43408440.0,0.801197,0.104683,RUS,ITA,840310
9581823,188,111,8767,2006,0.0,326281.0,0.162432,-0.853059,SAU,ITA,840310
9581824,190,111,8767,2006,0.0,30339.0,-1.873762,-1.278378,SDN,ITA,840310
9581825,191,111,8767,2006,0.0,26397.0,-0.364713,-0.183612,SEN,ITA,840310
9581826,192,111,8767,2006,0.0,4255.0,1.5377379999999998,0.503089,SGP,ITA,840310
9581827,201,111,8767,2006,46074.0,2670376.0,0.547824,1.5588879999999998,SRB,ITA,840310
9581828,206,111,8767,2006,2780490.0,11282107.0,1.291583,0.868317,SVK,ITA,840310
9581829,207,111,8767,2006,620294.0,4938666.0,1.5882370000000001,0.800719,SVN,ITA,840310
9581830,208,111,8767,2006,109785.0,3095826.0,1.902737,0.593294,SWE,ITA,840310
9581831,212,111,8767,2006,0.0,1617780.0,-0.588695,0.532487,SYR,ITA,840310
9581832,215,111,8767,2006,0.0,107814.0,-0.8304020000000001,-0.678178,TGO,ITA,840310
9581833,216,111,8767,2006,0.0,118411.0,0.568209,1.685343,THA,ITA,840310
9581834,223,111,8767,2006,0.0,496806.0,-0.013636,0.804752,TUN,ITA,840310
9581835,224,111,8767,2006,20554472.0,89413968.0,0.33971599999999996,2.193384,TUR,ITA,840310
9581836,227,111,8767,2006,0.0,5367.0,-0.702511,-0.43976099999999996,UGA,ITA,840310
9581837,228,111,8767,2006,1503.0,45905348.0,0.7008439999999999,0.79656,UKR,ITA,840310
9581838,230,111,8767,2006,0.0,958162.0,0.234384,0.118878,URY,ITA,840310
9581839,231,111,8767,2006,4073.0,6902991.0,1.666643,-0.121679,USA,ITA,840310
9581840,232,111,8767,2006,0.0,177901.0,-0.457759,-0.784626,UZB,ITA,840310
9581841,236,111,8767,2006,0.0,64363.0,-0.340972,-1.015462,VEN,ITA,840310
9581842,243,111,8767,2006,0.0,140283.0,-1.0407110000000002,-1.13042,YEM,ITA,840310
9581843,246,111,8767,2006,0.0,68041.0,0.37964499999999995,1.466326,ZAF,ITA,840310
9581844,249,111,8767,2006,7432.0,83382.0,1.619915,1.2289940000000001,TWN,ITA,840310
9581845,250,111,8767,2006,0.0,13939.0,0.711619,-0.41880200000000006,ANS,ITA,840310
9581846,71,112,8767,2006,52939.0,0.0,0.9091370000000001,2.068166,ESP,JAM,840310
9581847,231,112,8767,2006,67265.0,0.0,1.666643,-0.121679,USA,JAM,840310
9581848,14,114,8767,2006,0.0,4769.0,0.067166,0.373148,AUS,JPN,840310
9581849,15,114,8767,2006,14584.0,0.0,1.775669,0.192717,AUT,JPN,840310
9581850,18,114,8767,2006,1145729.0,0.0,1.2222540000000002,1.383027,BEL,JPN,840310
9581851,41,114,8767,2006,792367.0,0.0,2.052534,0.515523,CHE,JPN,840310
9581852,43,114,8767,2006,5678.0,37740.0,0.737888,2.54966,CHN,JPN,840310
9581853,61,114,8767,2006,14842408.0,0.0,2.132566,-2.773669,DEU,JPN,840310
9581854,64,114,8767,2006,2916.0,875852.0,1.2308700000000001,1.180914,DNK,JPN,840310
9581855,71,114,8767,2006,2947.0,0.0,0.9091370000000001,2.068166,ESP,JPN,840310
9581856,74,114,8767,2006,425414.0,0.0,1.864038,0.8193940000000001,FIN,JPN,840310
9581857,78,114,8767,2006,0.0,5366.0,-0.117631,-0.69352,FRO,JPN,840310
9581858,81,114,8767,2006,0.0,1138.0,1.824154,0.614424,GBR,JPN,840310
9581859,90,114,8767,2006,0.0,396455.0,0.261955,1.488958,GRC,JPN,840310
9581860,100,114,8767,2006,8371.0,0.0,0.755787,0.992614,HRV,JPN,840310
9581861,102,114,8767,2006,7324.0,0.0,1.4034309999999999,0.835144,HUN,JPN,840310
9581862,103,114,8767,2006,0.0,331657.0,-0.21012399999999998,1.467838,IDN,JPN,840310
9581863,104,114,8767,2006,0.0,1005.0,0.285652,2.731318,IND,JPN,840310
9581864,111,114,8767,2006,24358.0,80302.0,1.293779,0.93995,ITA,JPN,840310
9581865,121,114,8767,2006,151606.0,683576.0,1.5384309999999999,0.766628,KOR,JPN,840310
9581866,122,114,8767,2006,0.0,1275.0,-0.589823,-1.142795,KWT,JPN,840310
9581867,128,114,8767,2006,0.0,6992.0,-0.573767,0.305913,LKA,JPN,840310
9581868,133,114,8767,2006,0.0,719.0,-0.07118200000000001,-0.228354,MAC,JPN,840310
9581869,145,114,8767,2006,0.0,1224.0,-1.147217,-1.0734709999999998,MNG,JPN,840310
9581870,151,114,8767,2006,0.0,6175.0,-0.311109,-0.07267,MUS,JPN,840310
9581871,153,114,8767,2006,0.0,14179.0,0.7896569999999999,0.363625,MYS,JPN,840310
9581872,160,114,8767,2006,0.0,12617.0,-0.998825,-0.893867,NIC,JPN,840310
9581873,162,114,8767,2006,2412862.0,0.0,1.192134,1.450852,NLD,JPN,840310
9581874,167,114,8767,2006,0.0,7117.0,-0.6373989999999999,-1.092554,OMN,JPN,840310
9581875,168,114,8767,2006,0.0,2161.0,-0.449333,0.563013,PAK,JPN,840310
9581876,174,114,8767,2006,0.0,2391.0,0.161994,0.036631,PHL,JPN,840310
9581877,186,114,8767,2006,6643.0,5909.0,0.801197,0.104683,RUS,JPN,840310
9581878,188,114,8767,2006,0.0,18956.0,0.162432,-0.853059,SAU,JPN,840310
9581879,192,114,8767,2006,0.0,122946.0,1.5377379999999998,0.503089,SGP,JPN,840310
9581880,208,114,8767,2006,2510987.0,0.0,1.902737,0.593294,SWE,JPN,840310
9581881,216,114,8767,2006,1664.0,3457.0,0.568209,1.685343,THA,JPN,840310
9581882,231,114,8767,2006,124680.0,1341465.0,1.666643,-0.121679,USA,JPN,840310
9581883,239,114,8767,2006,16736.0,37414.0,-0.342779,1.033318,VNM,JPN,840310
9581884,249,114,8767,2006,36733.0,15484.0,1.619915,1.2289940000000001,TWN,JPN,840310
9581885,14,118,8767,2006,0.0,3006.0,0.067166,0.373148,AUS,KHM,840310
9581886,43,118,8767,2006,97463.0,0.0,0.737888,2.54966,CHN,KHM,840310
9581887,97,118,8767,2006,115342.0,0.0,0.5776319999999999,2.076782,HKG,KHM,840310
9581888,103,118,8767,2006,2081.0,0.0,-0.21012399999999998,1.467838,IDN,KHM,840310
9581889,121,118,8767,2006,55258.0,0.0,1.5384309999999999,0.766628,KOR,KHM,840310
9581890,153,118,8767,2006,17021.0,0.0,0.7896569999999999,0.363625,MYS,KHM,840310
9581891,192,118,8767,2006,39670.0,0.0,1.5377379999999998,0.503089,SGP,KHM,840310
9581892,197,118,8767,2006,14827.0,0.0,-0.135312,0.140874,SLV,KHM,840310
9581893,216,118,8767,2006,19095.0,0.0,0.568209,1.685343,THA,KHM,840310
9581894,249,118,8767,2006,183442.0,0.0,1.619915,1.2289940000000001,TWN,KHM,840310
9581895,4,121,8767,2006,0.0,158611.0,-0.340932,-0.06302200000000001,ALB,KOR,840310
9581896,7,121,8767,2006,0.0,24390.0,0.053903999999999994,-0.735124,ARE,KOR,840310
9581897,8,121,8767,2006,0.0,11841.0,0.33055,0.665867,ARG,KOR,840310
9581898,9,121,8767,2006,0.0,118251.0,0.14539100000000002,-0.558014,ARM,KOR,840310
9581899,14,121,8767,2006,0.0,3999.0,0.067166,0.373148,AUS,KOR,840310
9581900,15,121,8767,2006,147646.0,0.0,1.775669,0.192717,AUT,KOR,840310
9581901,16,121,8767,2006,0.0,53775.0,-0.521304,-1.035764,AZE,KOR,840310
9581902,22,121,8767,2006,0.0,49396.0,-1.0305309999999999,-0.80937,BGD,KOR,840310
9581903,23,121,8767,2006,0.0,124862.0,0.414563,1.378005,BGR,KOR,840310
9581904,28,121,8767,2006,0.0,90476.0,0.919853,0.384409,BLR,KOR,840310
9581905,32,121,8767,2006,0.0,89595.0,0.633889,1.1474520000000001,BRA,KOR,840310
9581906,39,121,8767,2006,0.0,62835.0,0.865685,1.1480489999999999,CAN,KOR,840310
9581907,42,121,8767,2006,0.0,583591.0,-0.188298,-0.46778000000000003,CHL,KOR,840310
9581908,43,121,8767,2006,1322381.0,4686602.0,0.737888,2.54966,CHN,KOR,840310
9581909,58,121,8767,2006,0.0,185638.0,0.708267,-0.048096,CYP,KOR,840310
9581910,61,121,8767,2006,3697275.0,63788.0,2.132566,-2.773669,DEU,KOR,840310
9581911,68,121,8767,2006,0.0,64676.0,-0.182272,0.40222399999999997,EGY,KOR,840310
9581912,71,121,8767,2006,54760.0,47957.0,0.9091370000000001,2.068166,ESP,KOR,840310
9581913,74,121,8767,2006,3066.0,0.0,1.864038,0.8193940000000001,FIN,KOR,840310
9581914,77,121,8767,2006,7029.0,0.0,1.47591,0.489466,FRA,KOR,840310
9581915,81,121,8767,2006,0.0,75176.0,1.824154,0.614424,GBR,KOR,840310
9581916,82,121,8767,2006,0.0,16247.0,0.076711,-0.47216099999999994,GEO,KOR,840310
9581917,90,121,8767,2006,0.0,5751508.0,0.261955,1.488958,GRC,KOR,840310
9581918,93,121,8767,2006,0.0,65624.0,-0.28642199999999995,0.5868439999999999,GTM,KOR,840310
9581919,103,121,8767,2006,0.0,279738.0,-0.21012399999999998,1.467838,IDN,KOR,840310
9581920,104,121,8767,2006,0.0,313218.0,0.285652,2.731318,IND,KOR,840310
9581921,110,121,8767,2006,0.0,37815.0,1.3082129999999998,0.783845,ISR,KOR,840310
9581922,111,121,8767,2006,87706.0,0.0,1.293779,0.93995,ITA,KOR,840310
9581923,114,121,8767,2006,683576.0,151606.0,2.4348099999999997,0.082887,JPN,KOR,840310
9581924,115,121,8767,2006,0.0,1840401.0,0.038229,-0.579421,KAZ,KOR,840310
9581925,118,121,8767,2006,0.0,55258.0,-1.323365,-1.185827,KHM,KOR,840310
9581926,124,121,8767,2006,0.0,23038.0,0.3861,1.586183,LBN,KOR,840310
9581927,126,121,8767,2006,0.0,13633.0,-0.518724,-1.142074,LBY,KOR,840310
9581928,138,121,8767,2006,0.0,35237.0,1.047268,0.7142270000000001,MEX,KOR,840310
9581929,145,121,8767,2006,0.0,47629.0,-1.147217,-1.0734709999999998,MNG,KOR,840310
9581930,160,121,8767,2006,0.0,1802.0,-0.998825,-0.893867,NIC,KOR,840310
9581931,162,121,8767,2006,162373.0,0.0,1.192134,1.450852,NLD,KOR,840310
9581932,166,121,8767,2006,0.0,53655.0,0.5371,0.8240209999999999,NZL,KOR,840310
9581933,174,121,8767,2006,0.0,27181.0,0.161994,0.036631,PHL,KOR,840310
9581934,177,121,8767,2006,869.0,1637881.0,0.991927,1.474418,POL,KOR,840310
9581935,181,121,8767,2006,1307.0,0.0,-0.03464,-0.487188,PSE,KOR,840310
9581936,183,121,8767,2006,0.0,1043.0,0.055777999999999994,-1.0379049999999999,QAT,KOR,840310
9581937,185,121,8767,2006,0.0,1751.0,0.550825,1.170744,ROU,KOR,840310
9581938,186,121,8767,2006,0.0,7513640.0,0.801197,0.104683,RUS,KOR,840310
9581939,188,121,8767,2006,0.0,8130.0,0.162432,-0.853059,SAU,KOR,840310
9581940,191,121,8767,2006,0.0,63096.0,-0.364713,-0.183612,SEN,KOR,840310
9581941,206,121,8767,2006,0.0,31532.0,1.291583,0.868317,SVK,KOR,840310
9581942,208,121,8767,2006,46800.0,0.0,1.902737,0.593294,SWE,KOR,840310
9581943,217,121,8767,2006,0.0,1855.0,-1.071326,-1.158325,TJK,KOR,840310
9581944,228,121,8767,2006,0.0,426528.0,0.7008439999999999,0.79656,UKR,KOR,840310
9581945,230,121,8767,2006,0.0,99182.0,0.234384,0.118878,URY,KOR,840310
9581946,231,121,8767,2006,855334.0,512075.0,1.666643,-0.121679,USA,KOR,840310
9581947,232,121,8767,2006,0.0,59065.0,-0.457759,-0.784626,UZB,KOR,840310
9581948,239,121,8767,2006,0.0,53273.0,-0.342779,1.033318,VNM,KOR,840310
9581949,249,121,8767,2006,0.0,151974.0,1.619915,1.2289940000000001,TWN,KOR,840310
9581950,250,121,8767,2006,0.0,7361.0,0.711619,-0.41880200000000006,ANS,KOR,840310
9581951,43,128,8767,2006,7748.0,0.0,0.737888,2.54966,CHN,LKA,840310
9581952,61,128,8767,2006,92411.0,0.0,2.132566,-2.773669,DEU,LKA,840310
9581953,97,128,8767,2006,1089.0,0.0,0.5776319999999999,2.076782,HKG,LKA,840310
9581954,104,128,8767,2006,310798.0,0.0,0.285652,2.731318,IND,LKA,840310
9581955,114,128,8767,2006,6992.0,0.0,2.4348099999999997,0.082887,JPN,LKA,840310
9581956,116,128,8767,2006,5314.0,0.0,-0.38287899999999997,1.060286,KEN,LKA,840310
9581957,153,128,8767,2006,209566.0,0.0,0.7896569999999999,0.363625,MYS,LKA,840310
9581958,162,128,8767,2006,2374.0,0.0,1.192134,1.450852,NLD,LKA,840310
9581959,192,128,8767,2006,51142.0,0.0,1.5377379999999998,0.503089,SGP,LKA,840310
9581960,231,128,8767,2006,38803.0,0.0,1.666643,-0.121679,USA,LKA,840310
9581961,249,128,8767,2006,88862.0,0.0,1.619915,1.2289940000000001,TWN,LKA,840310
9581962,15,138,8767,2006,47046.0,0.0,1.775669,0.192717,AUT,MEX,840310
9581963,29,138,8767,2006,0.0,23691.0,-0.584902,-0.82437,BLZ,MEX,840310
9581964,39,138,8767,2006,5038.0,24491.0,0.865685,1.1480489999999999,CAN,MEX,840310
9581965,42,138,8767,2006,32442.0,0.0,-0.188298,-0.46778000000000003,CHL,MEX,840310
9581966,43,138,8767,2006,7360.0,0.0,0.737888,2.54966,CHN,MEX,840310
9581967,52,138,8767,2006,9168.0,0.0,0.042663,-0.376672,CRI,MEX,840310
9581968,61,138,8767,2006,98406.0,0.0,2.132566,-2.773669,DEU,MEX,840310
9581969,71,138,8767,2006,148335.0,0.0,0.9091370000000001,2.068166,ESP,MEX,840310
9581970,77,138,8767,2006,6425.0,0.0,1.47591,0.489466,FRA,MEX,840310
9581971,110,138,8767,2006,37785.0,0.0,1.3082129999999998,0.783845,ISR,MEX,840310
9581972,111,138,8767,2006,317421.0,0.0,1.293779,0.93995,ITA,MEX,840310
9581973,121,138,8767,2006,35237.0,0.0,1.5384309999999999,0.766628,KOR,MEX,840310
9581974,162,138,8767,2006,224730.0,0.0,1.192134,1.450852,NLD,MEX,840310
9581975,169,138,8767,2006,0.0,1722.0,0.306664,0.638533,PAN,MEX,840310
9581976,231,138,8767,2006,597265.0,28956.0,1.666643,-0.121679,USA,MEX,840310
9581977,14,153,8767,2006,143668.0,0.0,0.067166,0.373148,AUS,MYS,840310
9581978,18,153,8767,2006,181465.0,0.0,1.2222540000000002,1.383027,BEL,MYS,840310
9581979,41,153,8767,2006,45394.0,0.0,2.052534,0.515523,CHE,MYS,840310
9581980,43,153,8767,2006,696544.0,0.0,0.737888,2.54966,CHN,MYS,840310
9581981,52,153,8767,2006,0.0,632356.0,0.042663,-0.376672,CRI,MYS,840310
9581982,59,153,8767,2006,22100.0,0.0,1.564058,0.6023649999999999,CZE,MYS,840310
9581983,61,153,8767,2006,211237.0,20640.0,2.132566,-2.773669,DEU,MYS,840310
9581984,64,153,8767,2006,13968.0,0.0,1.2308700000000001,1.180914,DNK,MYS,840310
9581985,77,153,8767,2006,16438.0,0.0,1.47591,0.489466,FRA,MYS,840310
9581986,81,153,8767,2006,6960.0,0.0,1.824154,0.614424,GBR,MYS,840310
9581987,83,153,8767,2006,0.0,26752.0,-0.9934860000000001,-0.809318,GHA,MYS,840310
9581988,103,153,8767,2006,143469.0,150341.0,-0.21012399999999998,1.467838,IDN,MYS,840310
9581989,104,153,8767,2006,41624.0,72547.0,0.285652,2.731318,IND,MYS,840310
9581990,111,153,8767,2006,15656.0,0.0,1.293779,0.93995,ITA,MYS,840310
9581991,114,153,8767,2006,14179.0,0.0,2.4348099999999997,0.082887,JPN,MYS,840310
9581992,118,153,8767,2006,0.0,17021.0,-1.323365,-1.185827,KHM,MYS,840310
9581993,128,153,8767,2006,0.0,209566.0,-0.573767,0.305913,LKA,MYS,840310
9581994,162,153,8767,2006,17014.0,0.0,1.192134,1.450852,NLD,MYS,840310
9581995,176,153,8767,2006,0.0,66828.0,-1.89409,-1.234731,PNG,MYS,840310
9581996,183,153,8767,2006,0.0,53478.0,0.055777999999999994,-1.0379049999999999,QAT,MYS,840310
9581997,188,153,8767,2006,0.0,1443.0,0.162432,-0.853059,SAU,MYS,840310
9581998,192,153,8767,2006,36124.0,3219052.0,1.5377379999999998,0.503089,SGP,MYS,840310
9581999,206,153,8767,2006,0.0,1081.0,1.291583,0.868317,SVK,MYS,840310
9582000,216,153,8767,2006,796959.0,381220.0,0.568209,1.685343,THA,MYS,840310
9582001,231,153,8767,2006,86680.0,0.0,1.666643,-0.121679,USA,MYS,840310
9582002,249,153,8767,2006,127654.0,0.0,1.619915,1.2289940000000001,TWN,MYS,840310
9582003,43,160,8767,2006,1032.0,0.0,0.737888,2.54966,CHN,NIC,840310
9582004,52,160,8767,2006,13728.0,0.0,0.042663,-0.376672,CRI,NIC,840310
9582005,61,160,8767,2006,1522.0,0.0,2.132566,-2.773669,DEU,NIC,840310
9582006,114,160,8767,2006,12617.0,0.0,2.4348099999999997,0.082887,JPN,NIC,840310
9582007,121,160,8767,2006,1802.0,0.0,1.5384309999999999,0.766628,KOR,NIC,840310
9582008,197,160,8767,2006,1459.0,0.0,-0.135312,0.140874,SLV,NIC,840310
9582009,231,160,8767,2006,16489.0,0.0,1.666643,-0.121679,USA,NIC,840310
9582010,6,162,8767,2006,0.0,19305.0,0.251825,-0.629035,ANT,NLD,840310
9582011,7,162,8767,2006,0.0,34607.0,0.053903999999999994,-0.735124,ARE,NLD,840310
9582012,9,162,8767,2006,0.0,53494.0,0.14539100000000002,-0.558014,ARM,NLD,840310
9582013,14,162,8767,2006,0.0,89588.0,0.067166,0.373148,AUS,NLD,840310
9582014,15,162,8767,2006,503098.0,9054546.0,1.775669,0.192717,AUT,NLD,840310
9582015,16,162,8767,2006,0.0,56917.0,-0.521304,-1.035764,AZE,NLD,840310
9582016,18,162,8767,2006,524459.0,24843530.0,1.2222540000000002,1.383027,BEL,NLD,840310
9582017,23,162,8767,2006,7798.0,10652.0,0.414563,1.378005,BGR,NLD,840310
9582018,24,162,8767,2006,0.0,427129.0,0.172724,-0.9449879999999999,BHR,NLD,840310
9582019,26,162,8767,2006,992.0,0.0,0.40788800000000003,0.562854,BIH,NLD,840310
9582020,28,162,8767,2006,0.0,618393.0,0.919853,0.384409,BLR,NLD,840310
9582021,32,162,8767,2006,0.0,280701.0,0.633889,1.1474520000000001,BRA,NLD,840310
9582022,39,162,8767,2006,2444.0,382783.0,0.865685,1.1480489999999999,CAN,NLD,840310
9582023,41,162,8767,2006,43468.0,5361443.0,2.052534,0.515523,CHE,NLD,840310
9582024,42,162,8767,2006,0.0,189125.0,-0.188298,-0.46778000000000003,CHL,NLD,840310
9582025,43,162,8767,2006,0.0,488354.0,0.737888,2.54966,CHN,NLD,840310
9582026,49,162,8767,2006,0.0,56455.0,0.129887,0.44371700000000003,COL,NLD,840310
9582027,54,162,8767,2006,0.0,2095.0,0.204039,-0.5183260000000001,CUB,NLD,840310
9582028,59,162,8767,2006,191704.0,2842596.0,1.564058,0.6023649999999999,CZE,NLD,840310
9582029,61,162,8767,2006,40914164.0,108104968.0,2.132566,-2.773669,DEU,NLD,840310
9582030,64,162,8767,2006,63948.0,2806969.0,1.2308700000000001,1.180914,DNK,NLD,840310
9582031,67,162,8767,2006,0.0,210014.0,-0.878583,-0.9462010000000001,ECU,NLD,840310
9582032,71,162,8767,2006,40926.0,3788195.0,0.9091370000000001,2.068166,ESP,NLD,840310
9582033,72,162,8767,2006,0.0,16896.0,0.6426350000000001,0.925003,EST,NLD,840310
9582034,74,162,8767,2006,0.0,11735.0,1.864038,0.8193940000000001,FIN,NLD,840310
9582035,77,162,8767,2006,84509.0,23946660.0,1.47591,0.489466,FRA,NLD,840310
9582036,81,162,8767,2006,13081.0,28572050.0,1.824154,0.614424,GBR,NLD,840310
9582037,90,162,8767,2006,0.0,282100.0,0.261955,1.488958,GRC,NLD,840310
9582038,100,162,8767,2006,75766.0,11839.0,0.755787,0.992614,HRV,NLD,840310
9582039,102,162,8767,2006,0.0,3480422.0,1.4034309999999999,0.835144,HUN,NLD,840310
9582040,103,162,8767,2006,0.0,171005.0,-0.21012399999999998,1.467838,IDN,NLD,840310
9582041,104,162,8767,2006,1169.0,0.0,0.285652,2.731318,IND,NLD,840310
9582042,106,162,8767,2006,1228.0,2223614.0,1.43804,0.06463200000000001,IRL,NLD,840310
9582043,109,162,8767,2006,0.0,32519.0,0.170234,-0.302203,ISL,NLD,840310
9582044,110,162,8767,2006,0.0,41338.0,1.3082129999999998,0.783845,ISR,NLD,840310
9582045,111,162,8767,2006,23308690.0,38803300.0,1.293779,0.93995,ITA,NLD,840310
9582046,113,162,8767,2006,0.0,1190.0,0.166718,0.331248,JOR,NLD,840310
9582047,114,162,8767,2006,0.0,2412862.0,2.4348099999999997,0.082887,JPN,NLD,840310
9582048,115,162,8767,2006,0.0,35452.0,0.038229,-0.579421,KAZ,NLD,840310
9582049,121,162,8767,2006,0.0,162373.0,1.5384309999999999,0.766628,KOR,NLD,840310
9582050,128,162,8767,2006,0.0,2374.0,-0.573767,0.305913,LKA,NLD,840310
9582051,130,162,8767,2006,0.0,1200.0,0.44063599999999997,1.163857,LTU,NLD,840310
9582052,131,162,8767,2006,0.0,2652999.0,1.4345620000000001,0.8840819999999999,LUX,NLD,840310
9582053,132,162,8767,2006,0.0,798905.0,0.531375,0.9414170000000001,LVA,NLD,840310
9582054,135,162,8767,2006,0.0,9455.0,-0.017707,0.135305,MDA,NLD,840310
9582055,138,162,8767,2006,0.0,224730.0,1.047268,0.7142270000000001,MEX,NLD,840310
9582056,153,162,8767,2006,0.0,17014.0,0.7896569999999999,0.363625,MYS,NLD,840310
9582057,163,162,8767,2006,0.0,240074.0,1.0787930000000001,0.014051,NOR,NLD,840310
9582058,166,162,8767,2006,0.0,174447.0,0.5371,0.8240209999999999,NZL,NLD,840310
9582059,168,162,8767,2006,0.0,1064.0,-0.449333,0.563013,PAK,NLD,840310
9582060,177,162,8767,2006,312163.0,6034503.0,0.991927,1.474418,POL,NLD,840310
9582061,179,162,8767,2006,0.0,1729.0,0.5723630000000001,1.92303,PRT,NLD,840310
9582062,183,162,8767,2006,0.0,322619.0,0.055777999999999994,-1.0379049999999999,QAT,NLD,840310
9582063,185,162,8767,2006,5960.0,1829800.0,0.550825,1.170744,ROU,NLD,840310
9582064,186,162,8767,2006,0.0,4239096.0,0.801197,0.104683,RUS,NLD,840310
9582065,201,162,8767,2006,0.0,5509.0,0.547824,1.5588879999999998,SRB,NLD,840310
9582066,205,162,8767,2006,0.0,149026.0,-0.754046,-0.872361,SUR,NLD,840310
9582067,206,162,8767,2006,247478.0,3562437.0,1.291583,0.868317,SVK,NLD,840310
9582068,207,162,8767,2006,0.0,79222.0,1.5882370000000001,0.800719,SVN,NLD,840310
9582069,208,162,8767,2006,450753.0,2904.0,1.902737,0.593294,SWE,NLD,840310
9582070,224,162,8767,2006,7116.0,14063961.0,0.33971599999999996,2.193384,TUR,NLD,840310
9582071,228,162,8767,2006,1148.0,727164.0,0.7008439999999999,0.79656,UKR,NLD,840310
9582072,231,162,8767,2006,256853.0,11891910.0,1.666643,-0.121679,USA,NLD,840310
9582073,239,162,8767,2006,0.0,9301.0,-0.342779,1.033318,VNM,NLD,840310
9582074,246,162,8767,2006,0.0,28658.0,0.37964499999999995,1.466326,ZAF,NLD,840310
9582075,14,166,8767,2006,103569.0,79072.0,0.067166,0.373148,AUS,NZL,840310
9582076,18,166,8767,2006,8641.0,14715.0,1.2222540000000002,1.383027,BEL,NZL,840310
9582077,23,166,8767,2006,639.0,0.0,0.414563,1.378005,BGR,NZL,840310
9582078,43,166,8767,2006,17061.0,0.0,0.737888,2.54966,CHN,NZL,840310
9582079,61,166,8767,2006,211663.0,4734.0,2.132566,-2.773669,DEU,NZL,840310
9582080,71,166,8767,2006,4688.0,0.0,0.9091370000000001,2.068166,ESP,NZL,840310
9582081,75,166,8767,2006,0.0,14431.0,-0.6554949999999999,-0.098284,FJI,NZL,840310
9582082,77,166,8767,2006,4622.0,0.0,1.47591,0.489466,FRA,NZL,840310
9582083,81,166,8767,2006,146829.0,0.0,1.824154,0.614424,GBR,NZL,840310
9582084,104,166,8767,2006,0.0,10067.0,0.285652,2.731318,IND,NZL,840310
9582085,106,166,8767,2006,86543.0,0.0,1.43804,0.06463200000000001,IRL,NZL,840310
9582086,111,166,8767,2006,310071.0,0.0,1.293779,0.93995,ITA,NZL,840310
9582087,121,166,8767,2006,53655.0,0.0,1.5384309999999999,0.766628,KOR,NZL,840310
9582088,162,166,8767,2006,174447.0,0.0,1.192134,1.450852,NLD,NZL,840310
9582089,177,166,8767,2006,9102.0,0.0,0.991927,1.474418,POL,NZL,840310
9582090,192,166,8767,2006,0.0,14797.0,1.5377379999999998,0.503089,SGP,NZL,840310
9582091,231,166,8767,2006,2444.0,0.0,1.666643,-0.121679,USA,NZL,840310
9582092,249,166,8767,2006,0.0,6008.0,1.619915,1.2289940000000001,TWN,NZL,840310
9582093,7,168,8767,2006,0.0,1396.0,0.053903999999999994,-0.735124,ARE,PAK,840310
9582094,43,168,8767,2006,3147.0,0.0,0.737888,2.54966,CHN,PAK,840310
9582095,71,168,8767,2006,28685.0,0.0,0.9091370000000001,2.068166,ESP,PAK,840310
9582096,77,168,8767,2006,5314.0,0.0,1.47591,0.489466,FRA,PAK,840310
9582097,97,168,8767,2006,3792.0,0.0,0.5776319999999999,2.076782,HKG,PAK,840310
9582098,114,168,8767,2006,2161.0,0.0,2.4348099999999997,0.082887,JPN,PAK,840310
9582099,162,168,8767,2006,1064.0,0.0,1.192134,1.450852,NLD,PAK,840310
9582100,177,168,8767,2006,10858.0,0.0,0.991927,1.474418,POL,PAK,840310
9582101,185,168,8767,2006,44115.0,0.0,0.550825,1.170744,ROU,PAK,840310
9582102,192,168,8767,2006,3571.0,0.0,1.5377379999999998,0.503089,SGP,PAK,840310
9582103,224,168,8767,2006,28887.0,0.0,0.33971599999999996,2.193384,TUR,PAK,840310
9582104,231,168,8767,2006,68596.0,0.0,1.666643,-0.121679,USA,PAK,840310
9582105,16,169,8767,2006,0.0,1130.0,-0.521304,-1.035764,AZE,PAN,840310
9582106,138,169,8767,2006,1722.0,0.0,1.047268,0.7142270000000001,MEX,PAN,840310
9582107,231,169,8767,2006,131806.0,0.0,1.666643,-0.121679,USA,PAN,840310
9582108,8,173,8767,2006,9919.0,0.0,0.33055,0.665867,ARG,PER,840310
9582109,31,173,8767,2006,12126.0,0.0,-0.805185,-0.754091,BOL,PER,840310
9582110,42,173,8767,2006,3400.0,0.0,-0.188298,-0.46778000000000003,CHL,PER,840310
9582111,61,173,8767,2006,309796.0,0.0,2.132566,-2.773669,DEU,PER,840310
9582112,71,173,8767,2006,10471.0,0.0,0.9091370000000001,2.068166,ESP,PER,840310
9582113,111,173,8767,2006,39331.0,0.0,1.293779,0.93995,ITA,PER,840310
9582114,231,173,8767,2006,179140.0,0.0,1.666643,-0.121679,USA,PER,840310
9582115,43,174,8767,2006,12201.0,0.0,0.737888,2.54966,CHN,PHL,840310
9582116,61,174,8767,2006,159277.0,0.0,2.132566,-2.773669,DEU,PHL,840310
9582117,97,174,8767,2006,20081.0,0.0,0.5776319999999999,2.076782,HKG,PHL,840310
9582118,104,174,8767,2006,144254.0,0.0,0.285652,2.731318,IND,PHL,840310
9582119,114,174,8767,2006,2391.0,0.0,2.4348099999999997,0.082887,JPN,PHL,840310
9582120,121,174,8767,2006,27181.0,0.0,1.5384309999999999,0.766628,KOR,PHL,840310
9582121,192,174,8767,2006,1482.0,0.0,1.5377379999999998,0.503089,SGP,PHL,840310
9582122,231,174,8767,2006,39396.0,0.0,1.666643,-0.121679,USA,PHL,840310
9582123,246,174,8767,2006,3321.0,0.0,0.37964499999999995,1.466326,ZAF,PHL,840310
9582124,249,174,8767,2006,134091.0,0.0,1.619915,1.2289940000000001,TWN,PHL,840310
9582125,9,177,8767,2006,0.0,7363.0,0.14539100000000002,-0.558014,ARM,POL,840310
9582126,15,177,8767,2006,766117.0,91773.0,1.775669,0.192717,AUT,POL,840310
9582127,16,177,8767,2006,0.0,122110.0,-0.521304,-1.035764,AZE,POL,840310
9582128,18,177,8767,2006,1618862.0,586478.0,1.2222540000000002,1.383027,BEL,POL,840310
9582129,23,177,8767,2006,0.0,33096.0,0.414563,1.378005,BGR,POL,840310
9582130,28,177,8767,2006,0.0,469748.0,0.919853,0.384409,BLR,POL,840310
9582131,39,177,8767,2006,0.0,25744.0,0.865685,1.1480489999999999,CAN,POL,840310
9582132,41,177,8767,2006,875880.0,11214.0,2.052534,0.515523,CHE,POL,840310
9582133,42,177,8767,2006,0.0,60492.0,-0.188298,-0.46778000000000003,CHL,POL,840310
9582134,43,177,8767,2006,9106.0,77077.0,0.737888,2.54966,CHN,POL,840310
9582135,58,177,8767,2006,0.0,19960.0,0.708267,-0.048096,CYP,POL,840310
9582136,59,177,8767,2006,7521602.0,778266.0,1.564058,0.6023649999999999,CZE,POL,840310
9582137,61,177,8767,2006,63540620.0,4838839.0,2.132566,-2.773669,DEU,POL,840310
9582138,64,177,8767,2006,448676.0,1613118.0,1.2308700000000001,1.180914,DNK,POL,840310
9582139,71,177,8767,2006,507996.0,5419752.0,0.9091370000000001,2.068166,ESP,POL,840310
9582140,72,177,8767,2006,0.0,413674.0,0.6426350000000001,0.925003,EST,POL,840310
9582141,74,177,8767,2006,29516.0,1596.0,1.864038,0.8193940000000001,FIN,POL,840310
9582142,77,177,8767,2006,4200890.0,735760.0,1.47591,0.489466,FRA,POL,840310
9582143,81,177,8767,2006,1136235.0,19774172.0,1.824154,0.614424,GBR,POL,840310
9582144,90,177,8767,2006,53584.0,107429.0,0.261955,1.488958,GRC,POL,840310
9582145,100,177,8767,2006,468207.0,302152.0,0.755787,0.992614,HRV,POL,840310
9582146,102,177,8767,2006,1044906.0,6625258.0,1.4034309999999999,0.835144,HUN,POL,840310
9582147,106,177,8767,2006,0.0,3241731.0,1.43804,0.06463200000000001,IRL,POL,840310
9582148,107,177,8767,2006,0.0,26921.0,-0.391023,-0.767861,IRN,POL,840310
9582149,110,177,8767,2006,0.0,76847.0,1.3082129999999998,0.783845,ISR,POL,840310
9582150,111,177,8767,2006,17424394.0,60787124.0,1.293779,0.93995,ITA,POL,840310
9582151,115,177,8767,2006,0.0,245840.0,0.038229,-0.579421,KAZ,POL,840310
9582152,117,177,8767,2006,0.0,1588.0,-0.034069,0.136694,KGZ,POL,840310
9582153,121,177,8767,2006,1637881.0,869.0,1.5384309999999999,0.766628,KOR,POL,840310
9582154,130,177,8767,2006,18585.0,1271208.0,0.44063599999999997,1.163857,LTU,POL,840310
9582155,132,177,8767,2006,1195.0,401910.0,0.531375,0.9414170000000001,LVA,POL,840310
9582156,135,177,8767,2006,0.0,290152.0,-0.017707,0.135305,MDA,POL,840310
9582157,140,177,8767,2006,0.0,1376.0,-0.21336,0.17674700000000002,MKD,POL,840310
9582158,145,177,8767,2006,0.0,37315.0,-1.147217,-1.0734709999999998,MNG,POL,840310
9582159,162,177,8767,2006,6034503.0,312163.0,1.192134,1.450852,NLD,POL,840310
9582160,163,177,8767,2006,292314.0,92495.0,1.0787930000000001,0.014051,NOR,POL,840310
9582161,166,177,8767,2006,0.0,9102.0,0.5371,0.8240209999999999,NZL,POL,840310
9582162,168,177,8767,2006,0.0,10858.0,-0.449333,0.563013,PAK,POL,840310
9582163,179,177,8767,2006,3703190.0,0.0,0.5723630000000001,1.92303,PRT,POL,840310
9582164,185,177,8767,2006,37793.0,7311614.0,0.550825,1.170744,ROU,POL,840310
9582165,186,177,8767,2006,0.0,5350349.0,0.801197,0.104683,RUS,POL,840310
9582166,188,177,8767,2006,0.0,8498.0,0.162432,-0.853059,SAU,POL,840310
9582167,201,177,8767,2006,201172.0,33583.0,0.547824,1.5588879999999998,SRB,POL,840310
9582168,206,177,8767,2006,4309698.0,267356.0,1.291583,0.868317,SVK,POL,840310
9582169,207,177,8767,2006,0.0,402961.0,1.5882370000000001,0.800719,SVN,POL,840310
9582170,208,177,8767,2006,277434.0,313756.0,1.902737,0.593294,SWE,POL,840310
9582171,224,177,8767,2006,3712068.0,55612.0,0.33971599999999996,2.193384,TUR,POL,840310
9582172,228,177,8767,2006,167989.0,7654272.0,0.7008439999999999,0.79656,UKR,POL,840310
9582173,231,177,8767,2006,320728.0,384500.0,1.666643,-0.121679,USA,POL,840310
9582174,232,177,8767,2006,0.0,9488.0,-0.457759,-0.784626,UZB,POL,840310
9582175,250,177,8767,2006,200118.0,0.0,0.711619,-0.41880200000000006,ANS,POL,840310
9582176,32,180,8767,2006,5704.0,0.0,0.633889,1.1474520000000001,BRA,PRY,840310
9582177,61,180,8767,2006,2508.0,0.0,2.132566,-2.773669,DEU,PRY,840310
9582178,0,183,8767,2006,1701.0,0.0,0.15112799999999998,-0.752631,ABW,QAT,840310
9582179,43,183,8767,2006,917.0,0.0,0.737888,2.54966,CHN,QAT,840310
9582180,61,183,8767,2006,193486.0,0.0,2.132566,-2.773669,DEU,QAT,840310
9582181,104,183,8767,2006,123326.0,0.0,0.285652,2.731318,IND,QAT,840310
9582182,111,183,8767,2006,1254334.0,0.0,1.293779,0.93995,ITA,QAT,840310
9582183,121,183,8767,2006,1043.0,0.0,1.5384309999999999,0.766628,KOR,QAT,840310
9582184,153,183,8767,2006,53478.0,0.0,0.7896569999999999,0.363625,MYS,QAT,840310
9582185,162,183,8767,2006,322619.0,0.0,1.192134,1.450852,NLD,QAT,840310
9582186,212,183,8767,2006,4484.0,0.0,-0.588695,0.532487,SYR,QAT,840310
9582187,231,183,8767,2006,113931.0,0.0,1.666643,-0.121679,USA,QAT,840310
9582188,15,185,8767,2006,344284.0,114139.0,1.775669,0.192717,AUT,ROU,840310
9582189,18,185,8767,2006,552830.0,0.0,1.2222540000000002,1.383027,BEL,ROU,840310
9582190,23,185,8767,2006,28255.0,1079620.0,0.414563,1.378005,BGR,ROU,840310
9582191,41,185,8767,2006,133616.0,0.0,2.052534,0.515523,CHE,ROU,840310
9582192,43,185,8767,2006,54161.0,0.0,0.737888,2.54966,CHN,ROU,840310
9582193,59,185,8767,2006,17236522.0,5026.0,1.564058,0.6023649999999999,CZE,ROU,840310
9582194,61,185,8767,2006,28208870.0,146018.0,2.132566,-2.773669,DEU,ROU,840310
9582195,64,185,8767,2006,109644.0,335889.0,1.2308700000000001,1.180914,DNK,ROU,840310
9582196,71,185,8767,2006,218587.0,402673.0,0.9091370000000001,2.068166,ESP,ROU,840310
9582197,74,185,8767,2006,0.0,51371.0,1.864038,0.8193940000000001,FIN,ROU,840310
9582198,77,185,8767,2006,5354500.0,13545.0,1.47591,0.489466,FRA,ROU,840310
9582199,81,185,8767,2006,383215.0,12274942.0,1.824154,0.614424,GBR,ROU,840310
9582200,90,185,8767,2006,267703.0,4308.0,0.261955,1.488958,GRC,ROU,840310
9582201,100,185,8767,2006,22269.0,0.0,0.755787,0.992614,HRV,ROU,840310
9582202,102,185,8767,2006,4780143.0,556272.0,1.4034309999999999,0.835144,HUN,ROU,840310
9582203,111,185,8767,2006,66888756.0,1060030.0,1.293779,0.93995,ITA,ROU,840310
9582204,121,185,8767,2006,1751.0,0.0,1.5384309999999999,0.766628,KOR,ROU,840310
9582205,130,185,8767,2006,540902.0,0.0,0.44063599999999997,1.163857,LTU,ROU,840310
9582206,135,185,8767,2006,14570.0,3259973.0,-0.017707,0.135305,MDA,ROU,840310
9582207,162,185,8767,2006,1829800.0,5960.0,1.192134,1.450852,NLD,ROU,840310
9582208,163,185,8767,2006,42858.0,0.0,1.0787930000000001,0.014051,NOR,ROU,840310
9582209,168,185,8767,2006,0.0,44115.0,-0.449333,0.563013,PAK,ROU,840310
9582210,177,185,8767,2006,7311614.0,37793.0,0.991927,1.474418,POL,ROU,840310
9582211,179,185,8767,2006,294673.0,32953.0,0.5723630000000001,1.92303,PRT,ROU,840310
9582212,186,185,8767,2006,125350.0,59681.0,0.801197,0.104683,RUS,ROU,840310
9582213,201,185,8767,2006,15152.0,6369.0,0.547824,1.5588879999999998,SRB,ROU,840310
9582214,206,185,8767,2006,7310784.0,23709.0,1.291583,0.868317,SVK,ROU,840310
9582215,207,185,8767,2006,8068.0,2508.0,1.5882370000000001,0.800719,SVN,ROU,840310
9582216,208,185,8767,2006,5156.0,0.0,1.902737,0.593294,SWE,ROU,840310
9582217,224,185,8767,2006,7987978.0,323340.0,0.33971599999999996,2.193384,TUR,ROU,840310
9582218,228,185,8767,2006,71573.0,243864.0,0.7008439999999999,0.79656,UKR,ROU,840310
9582219,250,185,8767,2006,19486.0,0.0,0.711619,-0.41880200000000006,ANS,ROU,840310
9582220,39,188,8767,2006,21744.0,0.0,0.865685,1.1480489999999999,CAN,SAU,840310
9582221,43,188,8767,2006,33242.0,0.0,0.737888,2.54966,CHN,SAU,840310
9582222,61,188,8767,2006,179479.0,0.0,2.132566,-2.773669,DEU,SAU,840310
9582223,66,188,8767,2006,0.0,323218.0,-0.489962,-1.12456,DZA,SAU,840310
9582224,68,188,8767,2006,3620.0,0.0,-0.182272,0.40222399999999997,EGY,SAU,840310
9582225,74,188,8767,2006,2483.0,0.0,1.864038,0.8193940000000001,FIN,SAU,840310
9582226,77,188,8767,2006,127034.0,0.0,1.47591,0.489466,FRA,SAU,840310
9582227,81,188,8767,2006,167629.0,0.0,1.824154,0.614424,GBR,SAU,840310
9582228,104,188,8767,2006,32803.0,0.0,0.285652,2.731318,IND,SAU,840310
9582229,111,188,8767,2006,326281.0,0.0,1.293779,0.93995,ITA,SAU,840310
9582230,113,188,8767,2006,11084.0,0.0,0.166718,0.331248,JOR,SAU,840310
9582231,114,188,8767,2006,18956.0,0.0,2.4348099999999997,0.082887,JPN,SAU,840310
9582232,121,188,8767,2006,8130.0,0.0,1.5384309999999999,0.766628,KOR,SAU,840310
9582233,122,188,8767,2006,0.0,9322.0,-0.589823,-1.142795,KWT,SAU,840310
9582234,124,188,8767,2006,12059.0,0.0,0.3861,1.586183,LBN,SAU,840310
9582235,153,188,8767,2006,1443.0,0.0,0.7896569999999999,0.363625,MYS,SAU,840310
9582236,163,188,8767,2006,78377.0,0.0,1.0787930000000001,0.014051,NOR,SAU,840310
9582237,177,188,8767,2006,8498.0,0.0,0.991927,1.474418,POL,SAU,840310
9582238,190,188,8767,2006,0.0,6736.0,-1.873762,-1.278378,SDN,SAU,840310
9582239,231,188,8767,2006,193281.0,0.0,1.666643,-0.121679,USA,SAU,840310
9582240,93,197,8767,2006,4019.0,0.0,-0.28642199999999995,0.5868439999999999,GTM,SLV,840310
9582241,104,197,8767,2006,143016.0,0.0,0.285652,2.731318,IND,SLV,840310
9582242,118,197,8767,2006,0.0,14827.0,-1.323365,-1.185827,KHM,SLV,840310
9582243,160,197,8767,2006,0.0,1459.0,-0.998825,-0.893867,NIC,SLV,840310
9582244,231,197,8767,2006,53918.0,0.0,1.666643,-0.121679,USA,SLV,840310
9582245,104,205,8767,2006,173462.0,0.0,0.285652,2.731318,IND,SUR,840310
9582246,162,205,8767,2006,149026.0,0.0,1.192134,1.450852,NLD,SUR,840310
9582247,9,208,8767,2006,0.0,16465.0,0.14539100000000002,-0.558014,ARM,SWE,840310
9582248,15,208,8767,2006,131712.0,145485.0,1.775669,0.192717,AUT,SWE,840310
9582249,18,208,8767,2006,136298.0,249236.0,1.2222540000000002,1.383027,BEL,SWE,840310
9582250,24,208,8767,2006,0.0,45578.0,0.172724,-0.9449879999999999,BHR,SWE,840310
9582251,26,208,8767,2006,5771.0,0.0,0.40788800000000003,0.562854,BIH,SWE,840310
9582252,39,208,8767,2006,0.0,11262.0,0.865685,1.1480489999999999,CAN,SWE,840310
9582253,41,208,8767,2006,25631.0,3028586.0,2.052534,0.515523,CHE,SWE,840310
9582254,42,208,8767,2006,0.0,5094.0,-0.188298,-0.46778000000000003,CHL,SWE,840310
9582255,43,208,8767,2006,1202.0,920115.0,0.737888,2.54966,CHN,SWE,840310
9582256,59,208,8767,2006,2346790.0,35149.0,1.564058,0.6023649999999999,CZE,SWE,840310
9582257,61,208,8767,2006,14727075.0,10179566.0,2.132566,-2.773669,DEU,SWE,840310
9582258,64,208,8767,2006,15343610.0,1814658.0,1.2308700000000001,1.180914,DNK,SWE,840310
9582259,71,208,8767,2006,32803.0,7352.0,0.9091370000000001,2.068166,ESP,SWE,840310
9582260,72,208,8767,2006,205674.0,207473.0,0.6426350000000001,0.925003,EST,SWE,840310
9582261,74,208,8767,2006,6426782.0,1625461.0,1.864038,0.8193940000000001,FIN,SWE,840310
9582262,77,208,8767,2006,198051.0,1635740.0,1.47591,0.489466,FRA,SWE,840310
9582263,78,208,8767,2006,0.0,21799.0,-0.117631,-0.69352,FRO,SWE,840310
9582264,81,208,8767,2006,11810.0,1117352.0,1.824154,0.614424,GBR,SWE,840310
9582265,90,208,8767,2006,0.0,54281.0,0.261955,1.488958,GRC,SWE,840310
9582266,100,208,8767,2006,70464.0,128564.0,0.755787,0.992614,HRV,SWE,840310
9582267,102,208,8767,2006,20331.0,13577.0,1.4034309999999999,0.835144,HUN,SWE,840310
9582268,106,208,8767,2006,0.0,303802.0,1.43804,0.06463200000000001,IRL,SWE,840310
9582269,109,208,8767,2006,0.0,4564.0,0.170234,-0.302203,ISL,SWE,840310
9582270,110,208,8767,2006,0.0,15753.0,1.3082129999999998,0.783845,ISR,SWE,840310
9582271,111,208,8767,2006,3095826.0,109785.0,1.293779,0.93995,ITA,SWE,840310
9582272,113,208,8767,2006,0.0,4513.0,0.166718,0.331248,JOR,SWE,840310
9582273,114,208,8767,2006,0.0,2510987.0,2.4348099999999997,0.082887,JPN,SWE,840310
9582274,121,208,8767,2006,0.0,46800.0,1.5384309999999999,0.766628,KOR,SWE,840310
9582275,124,208,8767,2006,0.0,5086.0,0.3861,1.586183,LBN,SWE,840310
9582276,130,208,8767,2006,41788.0,276651.0,0.44063599999999997,1.163857,LTU,SWE,840310
9582277,132,208,8767,2006,53844.0,126919.0,0.531375,0.9414170000000001,LVA,SWE,840310
9582278,162,208,8767,2006,2904.0,450753.0,1.192134,1.450852,NLD,SWE,840310
9582279,163,208,8767,2006,123556.0,2827734.0,1.0787930000000001,0.014051,NOR,SWE,840310
9582280,177,208,8767,2006,313756.0,277434.0,0.991927,1.474418,POL,SWE,840310
9582281,185,208,8767,2006,0.0,5156.0,0.550825,1.170744,ROU,SWE,840310
9582282,186,208,8767,2006,0.0,889994.0,0.801197,0.104683,RUS,SWE,840310
9582283,201,208,8767,2006,0.0,2095.0,0.547824,1.5588879999999998,SRB,SWE,840310
9582284,206,208,8767,2006,49786.0,3898.0,1.291583,0.868317,SVK,SWE,840310
9582285,207,208,8767,2006,234015.0,1186085.0,1.5882370000000001,0.800719,SVN,SWE,840310
9582286,216,208,8767,2006,0.0,1495.0,0.568209,1.685343,THA,SWE,840310
9582287,224,208,8767,2006,0.0,1580747.0,0.33971599999999996,2.193384,TUR,SWE,840310
9582288,228,208,8767,2006,0.0,25915.0,0.7008439999999999,0.79656,UKR,SWE,840310
9582289,231,208,8767,2006,0.0,20226.0,1.666643,-0.121679,USA,SWE,840310
9582290,14,216,8767,2006,96190.0,0.0,0.067166,0.373148,AUS,THA,840310
9582291,15,216,8767,2006,54298.0,0.0,1.775669,0.192717,AUT,THA,840310
9582292,18,216,8767,2006,1710168.0,0.0,1.2222540000000002,1.383027,BEL,THA,840310
9582293,22,216,8767,2006,0.0,67393.0,-1.0305309999999999,-0.80937,BGD,THA,840310
9582294,41,216,8767,2006,56214.0,0.0,2.052534,0.515523,CHE,THA,840310
9582295,43,216,8767,2006,225516.0,0.0,0.737888,2.54966,CHN,THA,840310
9582296,61,216,8767,2006,238545.0,0.0,2.132566,-2.773669,DEU,THA,840310
9582297,64,216,8767,2006,948.0,0.0,1.2308700000000001,1.180914,DNK,THA,840310
9582298,71,216,8767,2006,1823.0,0.0,0.9091370000000001,2.068166,ESP,THA,840310
9582299,81,216,8767,2006,1729.0,0.0,1.824154,0.614424,GBR,THA,840310
9582300,103,216,8767,2006,0.0,317243.0,-0.21012399999999998,1.467838,IDN,THA,840310
9582301,104,216,8767,2006,570182.0,0.0,0.285652,2.731318,IND,THA,840310
9582302,110,216,8767,2006,18864.0,0.0,1.3082129999999998,0.783845,ISR,THA,840310
9582303,111,216,8767,2006,118411.0,0.0,1.293779,0.93995,ITA,THA,840310
9582304,114,216,8767,2006,3457.0,1664.0,2.4348099999999997,0.082887,JPN,THA,840310
9582305,118,216,8767,2006,0.0,19095.0,-1.323365,-1.185827,KHM,THA,840310
9582306,123,216,8767,2006,0.0,27652.0,-1.1707450000000001,-1.057348,LAO,THA,840310
9582307,137,216,8767,2006,0.0,288062.0,-0.240191,-0.8320290000000001,MDV,THA,840310
9582308,153,216,8767,2006,381220.0,796959.0,0.7896569999999999,0.363625,MYS,THA,840310
9582309,192,216,8767,2006,0.0,43487.0,1.5377379999999998,0.503089,SGP,THA,840310
9582310,208,216,8767,2006,1495.0,0.0,1.902737,0.593294,SWE,THA,840310
9582311,231,216,8767,2006,30841.0,0.0,1.666643,-0.121679,USA,THA,840310
9582312,239,216,8767,2006,0.0,201982.0,-0.342779,1.033318,VNM,THA,840310
9582313,249,216,8767,2006,441352.0,0.0,1.619915,1.2289940000000001,TWN,THA,840310
9582314,91,222,8767,2006,0.0,1014.0,0.19208599999999998,-0.40781,GRD,TTO,840310
9582315,231,222,8767,2006,31384.0,0.0,1.666643,-0.121679,USA,TTO,840310
9582316,1,224,8767,2006,0.0,75652.0,-0.626011,-0.6799689999999999,AFG,TUR,840310
9582317,4,224,8767,2006,0.0,10821.0,-0.340932,-0.06302200000000001,ALB,TUR,840310
9582318,8,224,8767,2006,0.0,5907.0,0.33055,0.665867,ARG,TUR,840310
9582319,9,224,8767,2006,0.0,4330.0,0.14539100000000002,-0.558014,ARM,TUR,840310
9582320,14,224,8767,2006,0.0,33300.0,0.067166,0.373148,AUS,TUR,840310
9582321,15,224,8767,2006,54195.0,3795781.0,1.775669,0.192717,AUT,TUR,840310
9582322,16,224,8767,2006,0.0,2963100.0,-0.521304,-1.035764,AZE,TUR,840310
9582323,18,224,8767,2006,3344.0,147165.0,1.2222540000000002,1.383027,BEL,TUR,840310
9582324,23,224,8767,2006,296266.0,1517194.0,0.414563,1.378005,BGR,TUR,840310
9582325,26,224,8767,2006,0.0,43941.0,0.40788800000000003,0.562854,BIH,TUR,840310
9582326,28,224,8767,2006,0.0,87664.0,0.919853,0.384409,BLR,TUR,840310
9582327,41,224,8767,2006,338525.0,0.0,2.052534,0.515523,CHE,TUR,840310
9582328,43,224,8767,2006,545642.0,1075364.0,0.737888,2.54966,CHN,TUR,840310
9582329,58,224,8767,2006,0.0,917414.0,0.708267,-0.048096,CYP,TUR,840310
9582330,59,224,8767,2006,95244.0,1408578.0,1.564058,0.6023649999999999,CZE,TUR,840310
9582331,61,224,8767,2006,88682960.0,41204672.0,2.132566,-2.773669,DEU,TUR,840310
9582332,64,224,8767,2006,9177.0,1296707.0,1.2308700000000001,1.180914,DNK,TUR,840310
9582333,66,224,8767,2006,0.0,37030.0,-0.489962,-1.12456,DZA,TUR,840310
9582334,68,224,8767,2006,0.0,83651.0,-0.182272,0.40222399999999997,EGY,TUR,840310
9582335,71,224,8767,2006,134527.0,14618401.0,0.9091370000000001,2.068166,ESP,TUR,840310
9582336,72,224,8767,2006,0.0,14880.0,0.6426350000000001,0.925003,EST,TUR,840310
9582337,77,224,8767,2006,17695596.0,684181.0,1.47591,0.489466,FRA,TUR,840310
9582338,81,224,8767,2006,2689876.0,14005976.0,1.824154,0.614424,GBR,TUR,840310
9582339,82,224,8767,2006,0.0,1555658.0,0.076711,-0.47216099999999994,GEO,TUR,840310
9582340,90,224,8767,2006,33465.0,5599982.0,0.261955,1.488958,GRC,TUR,840310
9582341,100,224,8767,2006,0.0,1399359.0,0.755787,0.992614,HRV,TUR,840310
9582342,102,224,8767,2006,138236.0,3131324.0,1.4034309999999999,0.835144,HUN,TUR,840310
9582343,104,224,8767,2006,0.0,29654.0,0.285652,2.731318,IND,TUR,840310
9582344,107,224,8767,2006,0.0,1591480.0,-0.391023,-0.767861,IRN,TUR,840310
9582345,108,224,8767,2006,0.0,497460.0,-2.029727,-0.8634219999999999,IRQ,TUR,840310
9582346,110,224,8767,2006,0.0,669169.0,1.3082129999999998,0.783845,ISR,TUR,840310
9582347,111,224,8767,2006,89413968.0,20554472.0,1.293779,0.93995,ITA,TUR,840310
9582348,113,224,8767,2006,0.0,126452.0,0.166718,0.331248,JOR,TUR,840310
9582349,115,224,8767,2006,0.0,714150.0,0.038229,-0.579421,KAZ,TUR,840310
9582350,117,224,8767,2006,0.0,24102.0,-0.034069,0.136694,KGZ,TUR,840310
9582351,122,224,8767,2006,0.0,1447.0,-0.589823,-1.142795,KWT,TUR,840310
9582352,124,224,8767,2006,0.0,20608.0,0.3861,1.586183,LBN,TUR,840310
9582353,130,224,8767,2006,0.0,91634.0,0.44063599999999997,1.163857,LTU,TUR,840310
9582354,132,224,8767,2006,0.0,68447.0,0.531375,0.9414170000000001,LVA,TUR,840310
9582355,135,224,8767,2006,0.0,351078.0,-0.017707,0.135305,MDA,TUR,840310
9582356,140,224,8767,2006,0.0,11354.0,-0.21336,0.17674700000000002,MKD,TUR,840310
9582357,142,224,8767,2006,0.0,1624.0,1.384411,0.093734,MLT,TUR,840310
9582358,159,224,8767,2006,0.0,36230.0,-2.094353,-1.215025,NGA,TUR,840310
9582359,162,224,8767,2006,14063961.0,7116.0,1.192134,1.450852,NLD,TUR,840310
9582360,168,224,8767,2006,0.0,28887.0,-0.449333,0.563013,PAK,TUR,840310
9582361,177,224,8767,2006,55612.0,3712068.0,0.991927,1.474418,POL,TUR,840310
9582362,179,224,8767,2006,934410.0,266934.0,0.5723630000000001,1.92303,PRT,TUR,840310
9582363,185,224,8767,2006,323340.0,7987978.0,0.550825,1.170744,ROU,TUR,840310
9582364,186,224,8767,2006,2743.0,2852070.0,0.801197,0.104683,RUS,TUR,840310
9582365,201,224,8767,2006,0.0,595949.0,0.547824,1.5588879999999998,SRB,TUR,840310
9582366,206,224,8767,2006,10736316.0,89510.0,1.291583,0.868317,SVK,TUR,840310
9582367,207,224,8767,2006,0.0,346241.0,1.5882370000000001,0.800719,SVN,TUR,840310
9582368,208,224,8767,2006,1580747.0,0.0,1.902737,0.593294,SWE,TUR,840310
9582369,212,224,8767,2006,12319.0,21410.0,-0.588695,0.532487,SYR,TUR,840310
9582370,217,224,8767,2006,0.0,3392.0,-1.071326,-1.158325,TJK,TUR,840310
9582371,219,224,8767,2006,0.0,311379.0,-1.155861,-1.200933,TKM,TUR,840310
9582372,228,224,8767,2006,0.0,1991590.0,0.7008439999999999,0.79656,UKR,TUR,840310
9582373,231,224,8767,2006,2399.0,72450.0,1.666643,-0.121679,USA,TUR,840310
9582374,232,224,8767,2006,0.0,76045.0,-0.457759,-0.784626,UZB,TUR,840310
9582375,243,224,8767,2006,0.0,4861.0,-1.0407110000000002,-1.13042,YEM,TUR,840310
9582376,250,224,8767,2006,130970.0,596470.0,0.711619,-0.41880200000000006,ANS,TUR,840310
9582377,8,230,8767,2006,7053.0,0.0,0.33055,0.665867,ARG,URY,840310
9582378,18,230,8767,2006,23053.0,0.0,1.2222540000000002,1.383027,BEL,URY,840310
9582379,41,230,8767,2006,72771.0,0.0,2.052534,0.515523,CHE,URY,840310
9582380,42,230,8767,2006,0.0,9610.0,-0.188298,-0.46778000000000003,CHL,URY,840310
9582381,59,230,8767,2006,8392.0,0.0,1.564058,0.6023649999999999,CZE,URY,840310
9582382,61,230,8767,2006,74693.0,0.0,2.132566,-2.773669,DEU,URY,840310
9582383,71,230,8767,2006,4014.0,0.0,0.9091370000000001,2.068166,ESP,URY,840310
9582384,111,230,8767,2006,958162.0,0.0,1.293779,0.93995,ITA,URY,840310
9582385,121,230,8767,2006,99182.0,0.0,1.5384309999999999,0.766628,KOR,URY,840310
9582386,231,230,8767,2006,39052.0,0.0,1.666643,-0.121679,USA,URY,840310
9582387,0,231,8767,2006,0.0,122002.0,0.15112799999999998,-0.752631,ABW,USA,840310
9582388,4,231,8767,2006,0.0,1139.0,-0.340932,-0.06302200000000001,ALB,USA,840310
9582389,6,231,8767,2006,0.0,3739.0,0.251825,-0.629035,ANT,USA,840310
9582390,7,231,8767,2006,0.0,550158.0,0.053903999999999994,-0.735124,ARE,USA,840310
9582391,8,231,8767,2006,0.0,77888.0,0.33055,0.665867,ARG,USA,840310
9582392,14,231,8767,2006,0.0,123081.0,0.067166,0.373148,AUS,USA,840310
9582393,15,231,8767,2006,120619.0,0.0,1.775669,0.192717,AUT,USA,840310
9582394,18,231,8767,2006,9057579.0,12078.0,1.2222540000000002,1.383027,BEL,USA,840310
9582395,22,231,8767,2006,0.0,47284.0,-1.0305309999999999,-0.80937,BGD,USA,840310
9582396,25,231,8767,2006,4428.0,186818.0,0.673694,-0.519608,BHS,USA,840310
9582397,31,231,8767,2006,0.0,5413.0,-0.805185,-0.754091,BOL,USA,840310
9582398,32,231,8767,2006,0.0,5637.0,0.633889,1.1474520000000001,BRA,USA,840310
9582399,39,231,8767,2006,67374320.0,44014232.0,0.865685,1.1480489999999999,CAN,USA,840310
9582400,41,231,8767,2006,319007.0,0.0,2.052534,0.515523,CHE,USA,840310
9582401,42,231,8767,2006,0.0,86295.0,-0.188298,-0.46778000000000003,CHL,USA,840310
9582402,43,231,8767,2006,0.0,2001077.0,0.737888,2.54966,CHN,USA,840310
9582403,44,231,8767,2006,0.0,303640.0,-0.8918530000000001,-0.8145819999999999,CIV,USA,840310
9582404,49,231,8767,2006,0.0,225002.0,0.129887,0.44371700000000003,COL,USA,840310
9582405,52,231,8767,2006,0.0,103996.0,0.042663,-0.376672,CRI,USA,840310
9582406,59,231,8767,2006,105627.0,19287.0,1.564058,0.6023649999999999,CZE,USA,840310
9582407,61,231,8767,2006,31350514.0,233620.0,2.132566,-2.773669,DEU,USA,840310
9582408,64,231,8767,2006,3236110.0,0.0,1.2308700000000001,1.180914,DNK,USA,840310
9582409,65,231,8767,2006,0.0,92437.0,-0.24073699999999998,0.049093,DOM,USA,840310
9582410,67,231,8767,2006,0.0,170776.0,-0.878583,-0.9462010000000001,ECU,USA,840310
9582411,68,231,8767,2006,0.0,304864.0,-0.182272,0.40222399999999997,EGY,USA,840310
9582412,71,231,8767,2006,153086.0,78910.0,0.9091370000000001,2.068166,ESP,USA,840310
9582413,72,231,8767,2006,1963.0,449306.0,0.6426350000000001,0.925003,EST,USA,840310
9582414,74,231,8767,2006,0.0,22869.0,1.864038,0.8193940000000001,FIN,USA,840310
9582415,75,231,8767,2006,0.0,12124.0,-0.6554949999999999,-0.098284,FJI,USA,840310
9582416,77,231,8767,2006,711011.0,5632.0,1.47591,0.489466,FRA,USA,840310
9582417,81,231,8767,2006,15703.0,814533.0,1.824154,0.614424,GBR,USA,840310
9582418,87,231,8767,2006,0.0,8756.0,-0.378539,-0.48427200000000004,GMB,USA,840310
9582419,90,231,8767,2006,1944.0,0.0,0.261955,1.488958,GRC,USA,840310
9582420,91,231,8767,2006,0.0,16732.0,0.19208599999999998,-0.40781,GRD,USA,840310
9582421,93,231,8767,2006,0.0,78420.0,-0.28642199999999995,0.5868439999999999,GTM,USA,840310
9582422,97,231,8767,2006,61010.0,48055.0,0.5776319999999999,2.076782,HKG,USA,840310
9582423,99,231,8767,2006,0.0,114307.0,-0.672074,-0.472138,HND,USA,840310
9582424,102,231,8767,2006,1998.0,56340.0,1.4034309999999999,0.835144,HUN,USA,840310
9582425,104,231,8767,2006,192483.0,9314.0,0.285652,2.731318,IND,USA,840310
9582426,106,231,8767,2006,5420.0,135622.0,1.43804,0.06463200000000001,IRL,USA,840310
9582427,110,231,8767,2006,0.0,1130269.0,1.3082129999999998,0.783845,ISR,USA,840310
9582428,111,231,8767,2006,6902991.0,4073.0,1.293779,0.93995,ITA,USA,840310
9582429,112,231,8767,2006,0.0,67265.0,-0.5122720000000001,-0.9109809999999999,JAM,USA,840310
9582430,113,231,8767,2006,0.0,31585.0,0.166718,0.331248,JOR,USA,840310
9582431,114,231,8767,2006,1341465.0,124680.0,2.4348099999999997,0.082887,JPN,USA,840310
9582432,115,231,8767,2006,0.0,51111.0,0.038229,-0.579421,KAZ,USA,840310
9582433,121,231,8767,2006,512075.0,855334.0,1.5384309999999999,0.766628,KOR,USA,840310
9582434,122,231,8767,2006,0.0,203672.0,-0.589823,-1.142795,KWT,USA,840310
9582435,124,231,8767,2006,0.0,613289.0,0.3861,1.586183,LBN,USA,840310
9582436,127,231,8767,2006,0.0,1328.0,1.118348,-0.17618,LCA,USA,840310
9582437,128,231,8767,2006,0.0,38803.0,-0.573767,0.305913,LKA,USA,840310
9582438,130,231,8767,2006,2162.0,0.0,0.44063599999999997,1.163857,LTU,USA,840310
9582439,132,231,8767,2006,291140.0,0.0,0.531375,0.9414170000000001,LVA,USA,840310
9582440,138,231,8767,2006,28956.0,597265.0,1.047268,0.7142270000000001,MEX,USA,840310
9582441,142,231,8767,2006,0.0,951.0,1.384411,0.093734,MLT,USA,840310
9582442,147,231,8767,2006,0.0,9098.0,-1.0250629999999998,-1.067359,MOZ,USA,840310
9582443,153,231,8767,2006,0.0,86680.0,0.7896569999999999,0.363625,MYS,USA,840310
9582444,159,231,8767,2006,0.0,2044008.0,-2.094353,-1.215025,NGA,USA,840310
9582445,160,231,8767,2006,0.0,16489.0,-0.998825,-0.893867,NIC,USA,840310
9582446,162,231,8767,2006,11891910.0,256853.0,1.192134,1.450852,NLD,USA,840310
9582447,166,231,8767,2006,0.0,2444.0,0.5371,0.8240209999999999,NZL,USA,840310
9582448,167,231,8767,2006,0.0,85697.0,-0.6373989999999999,-1.092554,OMN,USA,840310
9582449,168,231,8767,2006,0.0,68596.0,-0.449333,0.563013,PAK,USA,840310
9582450,169,231,8767,2006,0.0,131806.0,0.306664,0.638533,PAN,USA,840310
9582451,173,231,8767,2006,0.0,179140.0,-0.551095,0.044295,PER,USA,840310
9582452,174,231,8767,2006,0.0,39396.0,0.161994,0.036631,PHL,USA,840310
9582453,177,231,8767,2006,384500.0,320728.0,0.991927,1.474418,POL,USA,840310
9582454,179,231,8767,2006,97075.0,0.0,0.5723630000000001,1.92303,PRT,USA,840310
9582455,182,231,8767,2006,0.0,8168.0,-0.213329,-0.743599,PYF,USA,840310
9582456,183,231,8767,2006,0.0,113931.0,0.055777999999999994,-1.0379049999999999,QAT,USA,840310
9582457,186,231,8767,2006,17893.0,20185.0,0.801197,0.104683,RUS,USA,840310
9582458,188,231,8767,2006,0.0,193281.0,0.162432,-0.853059,SAU,USA,840310
9582459,192,231,8767,2006,58405.0,78644.0,1.5377379999999998,0.503089,SGP,USA,840310
9582460,197,231,8767,2006,0.0,53918.0,-0.135312,0.140874,SLV,USA,840310
9582461,208,231,8767,2006,20226.0,0.0,1.902737,0.593294,SWE,USA,840310
9582462,212,231,8767,2006,0.0,169072.0,-0.588695,0.532487,SYR,USA,840310
9582463,213,231,8767,2006,0.0,4611.0,0.43692700000000007,-0.135696,TCA,USA,840310
9582464,216,231,8767,2006,0.0,30841.0,0.568209,1.685343,THA,USA,840310
9582465,222,231,8767,2006,0.0,31384.0,-0.20651399999999998,-1.024907,TTO,USA,840310
9582466,224,231,8767,2006,72450.0,2399.0,0.33971599999999996,2.193384,TUR,USA,840310
9582467,228,231,8767,2006,0.0,205374.0,0.7008439999999999,0.79656,UKR,USA,840310
9582468,230,231,8767,2006,0.0,39052.0,0.234384,0.118878,URY,USA,840310
9582469,236,231,8767,2006,0.0,1103142.0,-0.340972,-1.015462,VEN,USA,840310
9582470,246,231,8767,2006,2714.0,214265.0,0.37964499999999995,1.466326,ZAF,USA,840310
9582471,249,231,8767,2006,0.0,216469.0,1.619915,1.2289940000000001,TWN,USA,840310
9582472,7,236,8767,2006,1021.0,0.0,0.053903999999999994,-0.735124,ARE,VEN,840310
9582473,32,236,8767,2006,54369.0,0.0,0.633889,1.1474520000000001,BRA,VEN,840310
9582474,49,236,8767,2006,58402.0,0.0,0.129887,0.44371700000000003,COL,VEN,840310
9582475,71,236,8767,2006,77759.0,0.0,0.9091370000000001,2.068166,ESP,VEN,840310
9582476,81,236,8767,2006,1762.0,0.0,1.824154,0.614424,GBR,VEN,840310
9582477,111,236,8767,2006,64363.0,0.0,1.293779,0.93995,ITA,VEN,840310
9582478,231,236,8767,2006,1103142.0,0.0,1.666643,-0.121679,USA,VEN,840310
9582479,104,243,8767,2006,65118.0,0.0,0.285652,2.731318,IND,YEM,840310
9582480,111,243,8767,2006,140283.0,0.0,1.293779,0.93995,ITA,YEM,840310
9582481,113,243,8767,2006,27509.0,0.0,0.166718,0.331248,JOR,YEM,840310
9582482,224,243,8767,2006,4861.0,0.0,0.33971599999999996,2.193384,TUR,YEM,840310
9582483,22,249,8767,2006,0.0,52583.0,-1.0305309999999999,-0.80937,BGD,TWN,840310
9582484,39,249,8767,2006,48820.0,0.0,0.865685,1.1480489999999999,CAN,TWN,840310
9582485,41,249,8767,2006,64354.0,0.0,2.052534,0.515523,CHE,TWN,840310
9582486,43,249,8767,2006,8146.0,414872.0,0.737888,2.54966,CHN,TWN,840310
9582487,61,249,8767,2006,53707.0,0.0,2.132566,-2.773669,DEU,TWN,840310
9582488,77,249,8767,2006,142822.0,0.0,1.47591,0.489466,FRA,TWN,840310
9582489,93,249,8767,2006,0.0,937.0,-0.28642199999999995,0.5868439999999999,GTM,TWN,840310
9582490,97,249,8767,2006,0.0,164425.0,0.5776319999999999,2.076782,HKG,TWN,840310
9582491,103,249,8767,2006,0.0,29239.0,-0.21012399999999998,1.467838,IDN,TWN,840310
9582492,111,249,8767,2006,83382.0,7432.0,1.293779,0.93995,ITA,TWN,840310
9582493,114,249,8767,2006,15484.0,36733.0,2.4348099999999997,0.082887,JPN,TWN,840310
9582494,116,249,8767,2006,0.0,48912.0,-0.38287899999999997,1.060286,KEN,TWN,840310
9582495,118,249,8767,2006,0.0,183442.0,-1.323365,-1.185827,KHM,TWN,840310
9582496,121,249,8767,2006,151974.0,0.0,1.5384309999999999,0.766628,KOR,TWN,840310
9582497,128,249,8767,2006,0.0,88862.0,-0.573767,0.305913,LKA,TWN,840310
9582498,136,249,8767,2006,0.0,45759.0,-1.024657,-0.393395,MDG,TWN,840310
9582499,152,249,8767,2006,0.0,1728.0,-1.145132,-1.0946209999999998,MWI,TWN,840310
9582500,153,249,8767,2006,0.0,127654.0,0.7896569999999999,0.363625,MYS,TWN,840310
9582501,166,249,8767,2006,6008.0,0.0,0.5371,0.8240209999999999,NZL,TWN,840310
9582502,174,249,8767,2006,0.0,134091.0,0.161994,0.036631,PHL,TWN,840310
9582503,216,249,8767,2006,0.0,441352.0,0.568209,1.685343,THA,TWN,840310
9582504,231,249,8767,2006,216469.0,0.0,1.666643,-0.121679,USA,TWN,840310
9582505,239,249,8767,2006,0.0,170630.0,-0.342779,1.033318,VNM,TWN,840310
9582506,246,249,8767,2006,0.0,29046.0,0.37964499999999995,1.466326,ZAF,TWN,840310
9582507,14,7,8767,2006,527995.0,0.0,0.067166,0.373148,AUS,ARE,840310
9582508,24,7,8767,2006,0.0,225643.0,0.172724,-0.9449879999999999,BHR,ARE,840310
9582509,39,7,8767,2006,160513.0,0.0,0.865685,1.1480489999999999,CAN,ARE,840310
9582510,61,7,8767,2006,8064.0,0.0,2.132566,-2.773669,DEU,ARE,840310
9582511,71,7,8767,2006,30267.0,0.0,0.9091370000000001,2.068166,ESP,ARE,840310
9582512,77,7,8767,2006,2113422.0,0.0,1.47591,0.489466,FRA,ARE,840310
9582513,81,7,8767,2006,48576.0,0.0,1.824154,0.614424,GBR,ARE,840310
9582514,103,7,8767,2006,31945.0,0.0,-0.21012399999999998,1.467838,IDN,ARE,840310
9582515,104,7,8767,2006,519606.0,6860.0,0.285652,2.731318,IND,ARE,840310
9582516,111,7,8767,2006,601142.0,0.0,1.293779,0.93995,ITA,ARE,840310
9582517,121,7,8767,2006,24390.0,0.0,1.5384309999999999,0.766628,KOR,ARE,840310
9582518,162,7,8767,2006,34607.0,0.0,1.192134,1.450852,NLD,ARE,840310
9582519,167,7,8767,2006,0.0,77257.0,-0.6373989999999999,-1.092554,OMN,ARE,840310
9582520,168,7,8767,2006,1396.0,0.0,-0.449333,0.563013,PAK,ARE,840310
9582521,190,7,8767,2006,0.0,2959.0,-1.873762,-1.278378,SDN,ARE,840310
9582522,226,7,8767,2006,0.0,17641.0,-0.953097,0.159129,TZA,ARE,840310
9582523,231,7,8767,2006,550158.0,0.0,1.666643,-0.121679,USA,ARE,840310
9582524,236,7,8767,2006,0.0,1021.0,-0.340972,-1.015462,VEN,ARE,840310
9582525,7,14,8767,2006,0.0,527995.0,0.053903999999999994,-0.735124,ARE,AUS,840310
9582526,39,14,8767,2006,50375.0,0.0,0.865685,1.1480489999999999,CAN,AUS,840310
9582527,41,14,8767,2006,12266.0,0.0,2.052534,0.515523,CHE,AUS,840310
9582528,59,14,8767,2006,18969.0,0.0,1.564058,0.6023649999999999,CZE,AUS,840310
9582529,61,14,8767,2006,577553.0,0.0,2.132566,-2.773669,DEU,AUS,840310
9582530,71,14,8767,2006,224448.0,0.0,0.9091370000000001,2.068166,ESP,AUS,840310
9582531,75,14,8767,2006,0.0,4477.0,-0.6554949999999999,-0.098284,FJI,AUS,840310
9582532,77,14,8767,2006,57624.0,0.0,1.47591,0.489466,FRA,AUS,840310
9582533,81,14,8767,2006,0.0,3794.0,1.824154,0.614424,GBR,AUS,840310
9582534,97,14,8767,2006,9480.0,93374.0,0.5776319999999999,2.076782,HKG,AUS,840310
9582535,103,14,8767,2006,1016879.0,263964.0,-0.21012399999999998,1.467838,IDN,AUS,840310
9582536,104,14,8767,2006,51006.0,11075.0,0.285652,2.731318,IND,AUS,840310
9582537,111,14,8767,2006,1457912.0,2211.0,1.293779,0.93995,ITA,AUS,840310
9582538,114,14,8767,2006,4769.0,0.0,2.4348099999999997,0.082887,JPN,AUS,840310
9582539,118,14,8767,2006,3006.0,0.0,-1.323365,-1.185827,KHM,AUS,840310
9582540,121,14,8767,2006,3999.0,0.0,1.5384309999999999,0.766628,KOR,AUS,840310
9582541,153,14,8767,2006,0.0,143668.0,0.7896569999999999,0.363625,MYS,AUS,840310
9582542,162,14,8767,2006,89588.0,0.0,1.192134,1.450852,NLD,AUS,840310
9582543,166,14,8767,2006,79072.0,103569.0,0.5371,0.8240209999999999,NZL,AUS,840310
9582544,179,14,8767,2006,1258.0,0.0,0.5723630000000001,1.92303,PRT,AUS,840310
9582545,192,14,8767,2006,3393.0,1006073.0,1.5377379999999998,0.503089,SGP,AUS,840310
9582546,216,14,8767,2006,0.0,96190.0,0.568209,1.685343,THA,AUS,840310
9582547,224,14,8767,2006,33300.0,0.0,0.33971599999999996,2.193384,TUR,AUS,840310
9582548,231,14,8767,2006,123081.0,0.0,1.666643,-0.121679,USA,AUS,840310
9582549,239,14,8767,2006,33695.0,0.0,-0.342779,1.033318,VNM,AUS,840310
9582550,240,14,8767,2006,0.0,34958.0,-1.166741,-0.927552,VUT,AUS,840310
9582551,247,14,8767,2006,0.0,139274.0,-0.5307,-0.793621,ZMB,AUS,840310
9582552,15,16,8767,2006,24617.0,0.0,1.775669,0.192717,AUT,AZE,840310
9582553,59,16,8767,2006,24664.0,0.0,1.564058,0.6023649999999999,CZE,AZE,840310
9582554,61,16,8767,2006,154578.0,0.0,2.132566,-2.773669,DEU,AZE,840310
9582555,102,16,8767,2006,122220.0,0.0,1.4034309999999999,0.835144,HUN,AZE,840310
9582556,107,16,8767,2006,36131.0,0.0,-0.391023,-0.767861,IRN,AZE,840310
9582557,111,16,8767,2006,799771.0,0.0,1.293779,0.93995,ITA,AZE,840310
9582558,121,16,8767,2006,53775.0,0.0,1.5384309999999999,0.766628,KOR,AZE,840310
9582559,162,16,8767,2006,56917.0,0.0,1.192134,1.450852,NLD,AZE,840310
9582560,169,16,8767,2006,1130.0,0.0,0.306664,0.638533,PAN,AZE,840310
9582561,177,16,8767,2006,122110.0,0.0,0.991927,1.474418,POL,AZE,840310
9582562,186,16,8767,2006,87257.0,0.0,0.801197,0.104683,RUS,AZE,840310
9582563,206,16,8767,2006,7513.0,0.0,1.291583,0.868317,SVK,AZE,840310
9582564,224,16,8767,2006,2963100.0,0.0,0.33971599999999996,2.193384,TUR,AZE,840310
9582565,43,22,8767,2006,100767.0,0.0,0.737888,2.54966,CHN,BGD,840310
9582566,61,22,8767,2006,513969.0,0.0,2.132566,-2.773669,DEU,BGD,840310
9582567,97,22,8767,2006,75156.0,0.0,0.5776319999999999,2.076782,HKG,BGD,840310
9582568,104,22,8767,2006,259018.0,0.0,0.285652,2.731318,IND,BGD,840310
9582569,111,22,8767,2006,13081.0,0.0,1.293779,0.93995,ITA,BGD,840310
9582570,121,22,8767,2006,49396.0,0.0,1.5384309999999999,0.766628,KOR,BGD,840310
9582571,216,22,8767,2006,67393.0,0.0,0.568209,1.685343,THA,BGD,840310
9582572,231,22,8767,2006,47284.0,0.0,1.666643,-0.121679,USA,BGD,840310
9582573,249,22,8767,2006,52583.0,0.0,1.619915,1.2289940000000001,TWN,BGD,840310
9582574,1,23,8767,2006,0.0,5501.0,-0.626011,-0.6799689999999999,AFG,BGR,840310
9582575,15,23,8767,2006,52513.0,194341.0,1.775669,0.192717,AUT,BGR,840310
9582576,18,23,8767,2006,151756.0,1206.0,1.2222540000000002,1.383027,BEL,BGR,840310
9582577,41,23,8767,2006,22029.0,107155.0,2.052534,0.515523,CHE,BGR,840310
9582578,43,23,8767,2006,54337.0,0.0,0.737888,2.54966,CHN,BGR,840310
9582579,58,23,8767,2006,0.0,20325.0,0.708267,-0.048096,CYP,BGR,840310
9582580,59,23,8767,2006,4703286.0,0.0,1.564058,0.6023649999999999,CZE,BGR,840310
9582581,61,23,8767,2006,2163434.0,4371.0,2.132566,-2.773669,DEU,BGR,840310
9582582,64,23,8767,2006,0.0,47314.0,1.2308700000000001,1.180914,DNK,BGR,840310
9582583,71,23,8767,2006,102946.0,0.0,0.9091370000000001,2.068166,ESP,BGR,840310
9582584,77,23,8767,2006,3492652.0,1912.0,1.47591,0.489466,FRA,BGR,840310
9582585,81,23,8767,2006,14164.0,0.0,1.824154,0.614424,GBR,BGR,840310
9582586,90,23,8767,2006,457774.0,16548.0,0.261955,1.488958,GRC,BGR,840310
9582587,102,23,8767,2006,146837.0,905.0,1.4034309999999999,0.835144,HUN,BGR,840310
9582588,106,23,8767,2006,0.0,7421.0,1.43804,0.06463200000000001,IRL,BGR,840310
9582589,111,23,8767,2006,4110536.0,39745.0,1.293779,0.93995,ITA,BGR,840310
9582590,121,23,8767,2006,124862.0,0.0,1.5384309999999999,0.766628,KOR,BGR,840310
9582591,140,23,8767,2006,0.0,39252.0,-0.21336,0.17674700000000002,MKD,BGR,840310
9582592,162,23,8767,2006,10652.0,7798.0,1.192134,1.450852,NLD,BGR,840310
9582593,166,23,8767,2006,0.0,639.0,0.5371,0.8240209999999999,NZL,BGR,840310
9582594,177,23,8767,2006,33096.0,0.0,0.991927,1.474418,POL,BGR,840310
9582595,185,23,8767,2006,1079620.0,28255.0,0.550825,1.170744,ROU,BGR,840310
9582596,186,23,8767,2006,8992.0,0.0,0.801197,0.104683,RUS,BGR,840310
9582597,201,23,8767,2006,8144.0,11817.0,0.547824,1.5588879999999998,SRB,BGR,840310
9582598,206,23,8767,2006,40860.0,0.0,1.291583,0.868317,SVK,BGR,840310
9582599,207,23,8767,2006,59817.0,0.0,1.5882370000000001,0.800719,SVN,BGR,840310
9582600,224,23,8767,2006,1517194.0,296266.0,0.33971599999999996,2.193384,TUR,BGR,840310
9582601,232,23,8767,2006,0.0,2440.0,-0.457759,-0.784626,UZB,BGR,840310
9582602,7,24,8767,2006,225643.0,0.0,0.053903999999999994,-0.735124,ARE,BHR,840310
9582603,104,24,8767,2006,81134.0,0.0,0.285652,2.731318,IND,BHR,840310
9582604,162,24,8767,2006,427129.0,0.0,1.192134,1.450852,NLD,BHR,840310
9582605,208,24,8767,2006,45578.0,0.0,1.902737,0.593294,SWE,BHR,840310
9582606,43,28,8767,2006,84583.0,0.0,0.737888,2.54966,CHN,BLR,840310
9582607,58,28,8767,2006,27745.0,39501.0,0.708267,-0.048096,CYP,BLR,840310
9582608,59,28,8767,2006,308765.0,0.0,1.564058,0.6023649999999999,CZE,BLR,840310
9582609,61,28,8767,2006,2738857.0,0.0,2.132566,-2.773669,DEU,BLR,840310
9582610,64,28,8767,2006,25290.0,0.0,1.2308700000000001,1.180914,DNK,BLR,840310
9582611,72,28,8767,2006,24190.0,0.0,0.6426350000000001,0.925003,EST,BLR,840310
9582612,77,28,8767,2006,44497.0,524111.0,1.47591,0.489466,FRA,BLR,840310
9582613,102,28,8767,2006,398846.0,0.0,1.4034309999999999,0.835144,HUN,BLR,840310
9582614,111,28,8767,2006,1081297.0,0.0,1.293779,0.93995,ITA,BLR,840310
9582615,121,28,8767,2006,90476.0,0.0,1.5384309999999999,0.766628,KOR,BLR,840310
9582616,130,28,8767,2006,1487387.0,45560.0,0.44063599999999997,1.163857,LTU,BLR,840310
9582617,132,28,8767,2006,131031.0,1775.0,0.531375,0.9414170000000001,LVA,BLR,840310
9582618,135,28,8767,2006,0.0,5053.0,-0.017707,0.135305,MDA,BLR,840310
9582619,162,28,8767,2006,618393.0,0.0,1.192134,1.450852,NLD,BLR,840310
9582620,177,28,8767,2006,469748.0,0.0,0.991927,1.474418,POL,BLR,840310
9582621,179,28,8767,2006,136263.0,0.0,0.5723630000000001,1.92303,PRT,BLR,840310
9582622,186,28,8767,2006,1315647.0,1764035.0,0.801197,0.104683,RUS,BLR,840310
9582623,206,28,8767,2006,178826.0,0.0,1.291583,0.868317,SVK,BLR,840310
9582624,207,28,8767,2006,17102.0,0.0,1.5882370000000001,0.800719,SVN,BLR,840310
9582625,224,28,8767,2006,87664.0,0.0,0.33971599999999996,2.193384,TUR,BLR,840310
9582626,228,28,8767,2006,1909882.0,13863.0,0.7008439999999999,0.79656,UKR,BLR,840310
9582627,9,58,8767,2006,0.0,1256.0,0.14539100000000002,-0.558014,ARM,CYP,840310
9582628,15,58,8767,2006,9409.0,0.0,1.775669,0.192717,AUT,CYP,840310
9582629,18,58,8767,2006,103366.0,0.0,1.2222540000000002,1.383027,BEL,CYP,840310
9582630,23,58,8767,2006,20325.0,0.0,0.414563,1.378005,BGR,CYP,840310
9582631,28,58,8767,2006,39501.0,27745.0,0.919853,0.384409,BLR,CYP,840310
9582632,41,58,8767,2006,26391.0,0.0,2.052534,0.515523,CHE,CYP,840310
9582633,59,58,8767,2006,22950.0,0.0,1.564058,0.6023649999999999,CZE,CYP,840310
9582634,61,58,8767,2006,242271.0,0.0,2.132566,-2.773669,DEU,CYP,840310
9582635,71,58,8767,2006,13159.0,0.0,0.9091370000000001,2.068166,ESP,CYP,840310
9582636,77,58,8767,2006,270392.0,0.0,1.47591,0.489466,FRA,CYP,840310
9582637,81,58,8767,2006,16210.0,0.0,1.824154,0.614424,GBR,CYP,840310
9582638,90,58,8767,2006,452099.0,0.0,0.261955,1.488958,GRC,CYP,840310
9582639,111,58,8767,2006,937129.0,0.0,1.293779,0.93995,ITA,CYP,840310
9582640,121,58,8767,2006,185638.0,0.0,1.5384309999999999,0.766628,KOR,CYP,840310
9582641,142,58,8767,2006,0.0,1520.0,1.384411,0.093734,MLT,CYP,840310
9582642,177,58,8767,2006,19960.0,0.0,0.991927,1.474418,POL,CYP,840310
9582643,201,58,8767,2006,0.0,8051.0,0.547824,1.5588879999999998,SRB,CYP,840310
9582644,224,58,8767,2006,917414.0,0.0,0.33971599999999996,2.193384,TUR,CYP,840310
9582645,8,68,8767,2006,23238.0,0.0,0.33055,0.665867,ARG,EGY,840310
9582646,15,68,8767,2006,390878.0,148382.0,1.775669,0.192717,AUT,EGY,840310
9582647,18,68,8767,2006,3476.0,0.0,1.2222540000000002,1.383027,BEL,EGY,840310
9582648,41,68,8767,2006,41377.0,0.0,2.052534,0.515523,CHE,EGY,840310
9582649,61,68,8767,2006,9768.0,0.0,2.132566,-2.773669,DEU,EGY,840310
9582650,71,68,8767,2006,62108.0,0.0,0.9091370000000001,2.068166,ESP,EGY,840310
9582651,77,68,8767,2006,29440.0,0.0,1.47591,0.489466,FRA,EGY,840310
9582652,81,68,8767,2006,44996.0,0.0,1.824154,0.614424,GBR,EGY,840310
9582653,90,68,8767,2006,7962.0,0.0,0.261955,1.488958,GRC,EGY,840310
9582654,106,68,8767,2006,949.0,0.0,1.43804,0.06463200000000001,IRL,EGY,840310
9582655,111,68,8767,2006,778240.0,0.0,1.293779,0.93995,ITA,EGY,840310
9582656,113,68,8767,2006,1953.0,0.0,0.166718,0.331248,JOR,EGY,840310
9582657,116,68,8767,2006,59674.0,0.0,-0.38287899999999997,1.060286,KEN,EGY,840310
9582658,121,68,8767,2006,64676.0,0.0,1.5384309999999999,0.766628,KOR,EGY,840310
9582659,122,68,8767,2006,0.0,1044.0,-0.589823,-1.142795,KWT,EGY,840310
9582660,179,68,8767,2006,11877.0,0.0,0.5723630000000001,1.92303,PRT,EGY,840310
9582661,188,68,8767,2006,0.0,3620.0,0.162432,-0.853059,SAU,EGY,840310
9582662,224,68,8767,2006,83651.0,0.0,0.33971599999999996,2.193384,TUR,EGY,840310
9582663,231,68,8767,2006,304864.0,0.0,1.666643,-0.121679,USA,EGY,840310
9582664,250,68,8767,2006,14449.0,0.0,0.711619,-0.41880200000000006,ANS,EGY,840310
9582665,15,72,8767,2006,47088.0,0.0,1.775669,0.192717,AUT,EST,840310
9582666,18,72,8767,2006,28272.0,0.0,1.2222540000000002,1.383027,BEL,EST,840310
9582667,28,72,8767,2006,0.0,24190.0,0.919853,0.384409,BLR,EST,840310
9582668,41,72,8767,2006,1554.0,0.0,2.052534,0.515523,CHE,EST,840310
9582669,59,72,8767,2006,1931547.0,0.0,1.564058,0.6023649999999999,CZE,EST,840310
9582670,61,72,8767,2006,2089190.0,0.0,2.132566,-2.773669,DEU,EST,840310
9582671,64,72,8767,2006,665026.0,0.0,1.2308700000000001,1.180914,DNK,EST,840310
9582672,71,72,8767,2006,16331.0,0.0,0.9091370000000001,2.068166,ESP,EST,840310
9582673,74,72,8767,2006,529594.0,26856.0,1.864038,0.8193940000000001,FIN,EST,840310
9582674,77,72,8767,2006,133912.0,0.0,1.47591,0.489466,FRA,EST,840310
9582675,111,72,8767,2006,869330.0,0.0,1.293779,0.93995,ITA,EST,840310
9582676,130,72,8767,2006,115502.0,130005.0,0.44063599999999997,1.163857,LTU,EST,840310
9582677,132,72,8767,2006,864876.0,41986.0,0.531375,0.9414170000000001,LVA,EST,840310
9582678,162,72,8767,2006,16896.0,0.0,1.192134,1.450852,NLD,EST,840310
9582679,163,72,8767,2006,0.0,70544.0,1.0787930000000001,0.014051,NOR,EST,840310
9582680,177,72,8767,2006,413674.0,0.0,0.991927,1.474418,POL,EST,840310
9582681,179,72,8767,2006,0.0,19109.0,0.5723630000000001,1.92303,PRT,EST,840310
9582682,186,72,8767,2006,12687.0,13919.0,0.801197,0.104683,RUS,EST,840310
9582683,206,72,8767,2006,12553.0,0.0,1.291583,0.868317,SVK,EST,840310
9582684,208,72,8767,2006,207473.0,205674.0,1.902737,0.593294,SWE,EST,840310
9582685,224,72,8767,2006,14880.0,0.0,0.33971599999999996,2.193384,TUR,EST,840310
9582686,228,72,8767,2006,0.0,1550.0,0.7008439999999999,0.79656,UKR,EST,840310
9582687,231,72,8767,2006,449306.0,1963.0,1.666643,-0.121679,USA,EST,840310
9582688,250,72,8767,2006,457727.0,0.0,0.711619,-0.41880200000000006,ANS,EST,840310
9582689,9,82,8767,2006,0.0,101173.0,0.14539100000000002,-0.558014,ARM,GEO,840310
9582690,15,82,8767,2006,2984.0,0.0,1.775669,0.192717,AUT,GEO,840310
9582691,18,82,8767,2006,86013.0,0.0,1.2222540000000002,1.383027,BEL,GEO,840310
9582692,59,82,8767,2006,46640.0,0.0,1.564058,0.6023649999999999,CZE,GEO,840310
9582693,61,82,8767,2006,424418.0,0.0,2.132566,-2.773669,DEU,GEO,840310
9582694,71,82,8767,2006,28147.0,0.0,0.9091370000000001,2.068166,ESP,GEO,840310
9582695,77,82,8767,2006,35505.0,0.0,1.47591,0.489466,FRA,GEO,840310
9582696,90,82,8767,2006,13556.0,0.0,0.261955,1.488958,GRC,GEO,840310
9582697,111,82,8767,2006,1206463.0,0.0,1.293779,0.93995,ITA,GEO,840310
9582698,121,82,8767,2006,16247.0,0.0,1.5384309999999999,0.766628,KOR,GEO,840310
9582699,186,82,8767,2006,0.0,4004.0,0.801197,0.104683,RUS,GEO,840310
9582700,224,82,8767,2006,1555658.0,0.0,0.33971599999999996,2.193384,TUR,GEO,840310
9582701,228,82,8767,2006,942.0,0.0,0.7008439999999999,0.79656,UKR,GEO,840310
9582702,15,100,8767,2006,382530.0,1610269.0,1.775669,0.192717,AUT,HRV,840310
9582703,18,100,8767,2006,224797.0,148771.0,1.2222540000000002,1.383027,BEL,HRV,840310
9582704,26,100,8767,2006,77640.0,4635056.0,0.40788800000000003,0.562854,BIH,HRV,840310
9582705,39,100,8767,2006,1564.0,0.0,0.865685,1.1480489999999999,CAN,HRV,840310
9582706,41,100,8767,2006,12161.0,1046.0,2.052534,0.515523,CHE,HRV,840310
9582707,59,100,8767,2006,2374052.0,0.0,1.564058,0.6023649999999999,CZE,HRV,840310
9582708,61,100,8767,2006,31060746.0,729110.0,2.132566,-2.773669,DEU,HRV,840310
9582709,71,100,8767,2006,3241.0,0.0,0.9091370000000001,2.068166,ESP,HRV,840310
9582710,74,100,8767,2006,0.0,13154.0,1.864038,0.8193940000000001,FIN,HRV,840310
9582711,77,100,8767,2006,301262.0,822140.0,1.47591,0.489466,FRA,HRV,840310
9582712,102,100,8767,2006,5908.0,0.0,1.4034309999999999,0.835144,HUN,HRV,840310
9582713,106,100,8767,2006,731.0,2317.0,1.43804,0.06463200000000001,IRL,HRV,840310
9582714,111,100,8767,2006,2061048.0,47577.0,1.293779,0.93995,ITA,HRV,840310
9582715,114,100,8767,2006,0.0,8371.0,2.4348099999999997,0.082887,JPN,HRV,840310
9582716,132,100,8767,2006,0.0,18556.0,0.531375,0.9414170000000001,LVA,HRV,840310
9582717,140,100,8767,2006,0.0,195839.0,-0.21336,0.17674700000000002,MKD,HRV,840310
9582718,144,100,8767,2006,0.0,19131.0,0.130773,-0.24674699999999997,MNE,HRV,840310
9582719,162,100,8767,2006,11839.0,75766.0,1.192134,1.450852,NLD,HRV,840310
9582720,177,100,8767,2006,302152.0,468207.0,0.991927,1.474418,POL,HRV,840310
9582721,179,100,8767,2006,732915.0,0.0,0.5723630000000001,1.92303,PRT,HRV,840310
9582722,185,100,8767,2006,0.0,22269.0,0.550825,1.170744,ROU,HRV,840310
9582723,186,100,8767,2006,1386.0,14477.0,0.801197,0.104683,RUS,HRV,840310
9582724,201,100,8767,2006,180075.0,1802322.0,0.547824,1.5588879999999998,SRB,HRV,840310
9582725,206,100,8767,2006,1043875.0,0.0,1.291583,0.868317,SVK,HRV,840310
9582726,207,100,8767,2006,666973.0,222187.0,1.5882370000000001,0.800719,SVN,HRV,840310
9582727,208,100,8767,2006,128564.0,70464.0,1.902737,0.593294,SWE,HRV,840310
9582728,224,100,8767,2006,1399359.0,0.0,0.33971599999999996,2.193384,TUR,HRV,840310
9582729,4,102,8767,2006,0.0,29843.0,-0.340932,-0.06302200000000001,ALB,HUN,840310
9582730,9,102,8767,2006,0.0,5458.0,0.14539100000000002,-0.558014,ARM,HUN,840310
9582731,15,102,8767,2006,5381496.0,2746188.0,1.775669,0.192717,AUT,HUN,840310
9582732,16,102,8767,2006,0.0,122220.0,-0.521304,-1.035764,AZE,HUN,840310
9582733,18,102,8767,2006,0.0,2539076.0,1.2222540000000002,1.383027,BEL,HUN,840310
9582734,23,102,8767,2006,905.0,146837.0,0.414563,1.378005,BGR,HUN,840310
9582735,26,102,8767,2006,318194.0,7670.0,0.40788800000000003,0.562854,BIH,HUN,840310
9582736,28,102,8767,2006,0.0,398846.0,0.919853,0.384409,BLR,HUN,840310
9582737,41,102,8767,2006,802810.0,19609.0,2.052534,0.515523,CHE,HUN,840310
9582738,43,102,8767,2006,73816.0,0.0,0.737888,2.54966,CHN,HUN,840310
9582739,59,102,8767,2006,2469335.0,749942.0,1.564058,0.6023649999999999,CZE,HUN,840310
9582740,61,102,8767,2006,19522320.0,515077.0,2.132566,-2.773669,DEU,HUN,840310
9582741,71,102,8767,2006,48798.0,0.0,0.9091370000000001,2.068166,ESP,HUN,840310
9582742,77,102,8767,2006,1500519.0,1934.0,1.47591,0.489466,FRA,HUN,840310
9582743,81,102,8767,2006,372447.0,0.0,1.824154,0.614424,GBR,HUN,840310
9582744,90,102,8767,2006,0.0,61199.0,0.261955,1.488958,GRC,HUN,840310
9582745,100,102,8767,2006,0.0,5908.0,0.755787,0.992614,HRV,HUN,840310
9582746,111,102,8767,2006,41323932.0,444054.0,1.293779,0.93995,ITA,HUN,840310
9582747,114,102,8767,2006,0.0,7324.0,2.4348099999999997,0.082887,JPN,HUN,840310
9582748,115,102,8767,2006,0.0,947.0,0.038229,-0.579421,KAZ,HUN,840310
9582749,135,102,8767,2006,0.0,25287.0,-0.017707,0.135305,MDA,HUN,840310
9582750,145,102,8767,2006,0.0,95649.0,-1.147217,-1.0734709999999998,MNG,HUN,840310
9582751,162,102,8767,2006,3480422.0,0.0,1.192134,1.450852,NLD,HUN,840310
9582752,177,102,8767,2006,6625258.0,1044906.0,0.991927,1.474418,POL,HUN,840310
9582753,179,102,8767,2006,328477.0,0.0,0.5723630000000001,1.92303,PRT,HUN,840310
9582754,185,102,8767,2006,556272.0,4780143.0,0.550825,1.170744,ROU,HUN,840310
9582755,186,102,8767,2006,290248.0,751908.0,0.801197,0.104683,RUS,HUN,840310
9582756,201,102,8767,2006,0.0,1404095.0,0.547824,1.5588879999999998,SRB,HUN,840310
9582757,206,102,8767,2006,2307384.0,1923408.0,1.291583,0.868317,SVK,HUN,840310
9582758,207,102,8767,2006,3799.0,2868.0,1.5882370000000001,0.800719,SVN,HUN,840310
9582759,208,102,8767,2006,13577.0,20331.0,1.902737,0.593294,SWE,HUN,840310
9582760,224,102,8767,2006,3131324.0,138236.0,0.33971599999999996,2.193384,TUR,HUN,840310
9582761,228,102,8767,2006,12601.0,15195185.0,0.7008439999999999,0.79656,UKR,HUN,840310
9582762,231,102,8767,2006,56340.0,1998.0,1.666643,-0.121679,USA,HUN,840310
9582763,237,102,8767,2006,0.0,32000.0,1.05644,0.179306,VGB,HUN,840310
9582764,1,107,8767,2006,0.0,43103.0,-0.626011,-0.6799689999999999,AFG,IRN,840310
9582765,9,107,8767,2006,0.0,17054.0,0.14539100000000002,-0.558014,ARM,IRN,840310
9582766,16,107,8767,2006,0.0,36131.0,-0.521304,-1.035764,AZE,IRN,840310
9582767,43,107,8767,2006,36622.0,0.0,0.737888,2.54966,CHN,IRN,840310
9582768,61,107,8767,2006,533388.0,0.0,2.132566,-2.773669,DEU,IRN,840310
9582769,71,107,8767,2006,754339.0,0.0,0.9091370000000001,2.068166,ESP,IRN,840310
9582770,77,107,8767,2006,1204.0,0.0,1.47591,0.489466,FRA,IRN,840310
9582771,108,107,8767,2006,0.0,2428.0,-2.029727,-0.8634219999999999,IRQ,IRN,840310
9582772,111,107,8767,2006,5821139.0,0.0,1.293779,0.93995,ITA,IRN,840310
9582773,115,107,8767,2006,0.0,13133.0,0.038229,-0.579421,KAZ,IRN,840310
9582774,124,107,8767,2006,0.0,25888.0,0.3861,1.586183,LBN,IRN,840310
9582775,177,107,8767,2006,26921.0,0.0,0.991927,1.474418,POL,IRN,840310
9582776,179,107,8767,2006,46479.0,0.0,0.5723630000000001,1.92303,PRT,IRN,840310
9582777,212,107,8767,2006,0.0,42398.0,-0.588695,0.532487,SYR,IRN,840310
9582778,224,107,8767,2006,1591480.0,0.0,0.33971599999999996,2.193384,TUR,IRN,840310
9582779,232,107,8767,2006,0.0,5284.0,-0.457759,-0.784626,UZB,IRN,840310
9582780,250,107,8767,2006,2352.0,0.0,0.711619,-0.41880200000000006,ANS,IRN,840310
9582781,41,113,8767,2006,7719.0,0.0,2.052534,0.515523,CHE,JOR,840310
9582782,61,113,8767,2006,332741.0,0.0,2.132566,-2.773669,DEU,JOR,840310
9582783,68,113,8767,2006,0.0,1953.0,-0.182272,0.40222399999999997,EGY,JOR,840310
9582784,77,113,8767,2006,739526.0,0.0,1.47591,0.489466,FRA,JOR,840310
9582785,81,113,8767,2006,189960.0,0.0,1.824154,0.614424,GBR,JOR,840310
9582786,90,113,8767,2006,16018.0,0.0,0.261955,1.488958,GRC,JOR,840310
9582787,108,113,8767,2006,0.0,15971.0,-2.029727,-0.8634219999999999,IRQ,JOR,840310
9582788,111,113,8767,2006,604353.0,0.0,1.293779,0.93995,ITA,JOR,840310
9582789,122,113,8767,2006,0.0,1561.0,-0.589823,-1.142795,KWT,JOR,840310
9582790,162,113,8767,2006,1190.0,0.0,1.192134,1.450852,NLD,JOR,840310
9582791,181,113,8767,2006,0.0,9723.0,-0.03464,-0.487188,PSE,JOR,840310
9582792,188,113,8767,2006,0.0,11084.0,0.162432,-0.853059,SAU,JOR,840310
9582793,208,113,8767,2006,4513.0,0.0,1.902737,0.593294,SWE,JOR,840310
9582794,224,113,8767,2006,126452.0,0.0,0.33971599999999996,2.193384,TUR,JOR,840310
9582795,231,113,8767,2006,31585.0,0.0,1.666643,-0.121679,USA,JOR,840310
9582796,243,113,8767,2006,0.0,27509.0,-1.0407110000000002,-1.13042,YEM,JOR,840310
9582797,250,113,8767,2006,37407.0,61420.0,0.711619,-0.41880200000000006,ANS,JOR,840310
9582798,15,115,8767,2006,287243.0,0.0,1.775669,0.192717,AUT,KAZ,840310
9582799,18,115,8767,2006,54223.0,0.0,1.2222540000000002,1.383027,BEL,KAZ,840310
9582800,41,115,8767,2006,3309.0,0.0,2.052534,0.515523,CHE,KAZ,840310
9582801,43,115,8767,2006,71689.0,0.0,0.737888,2.54966,CHN,KAZ,840310
9582802,59,115,8767,2006,380514.0,0.0,1.564058,0.6023649999999999,CZE,KAZ,840310
9582803,61,115,8767,2006,4326200.0,0.0,2.132566,-2.773669,DEU,KAZ,840310
9582804,71,115,8767,2006,8419.0,0.0,0.9091370000000001,2.068166,ESP,KAZ,840310
9582805,74,115,8767,2006,24273.0,0.0,1.864038,0.8193940000000001,FIN,KAZ,840310
9582806,77,115,8767,2006,351236.0,0.0,1.47591,0.489466,FRA,KAZ,840310
9582807,90,115,8767,2006,2530.0,0.0,0.261955,1.488958,GRC,KAZ,840310
9582808,102,115,8767,2006,947.0,0.0,1.4034309999999999,0.835144,HUN,KAZ,840310
9582809,104,115,8767,2006,219101.0,0.0,0.285652,2.731318,IND,KAZ,840310
9582810,107,115,8767,2006,13133.0,0.0,-0.391023,-0.767861,IRN,KAZ,840310
9582811,111,115,8767,2006,716465.0,0.0,1.293779,0.93995,ITA,KAZ,840310
9582812,117,115,8767,2006,188694.0,5046.0,-0.034069,0.136694,KGZ,KAZ,840310
9582813,121,115,8767,2006,1840401.0,0.0,1.5384309999999999,0.766628,KOR,KAZ,840310
9582814,130,115,8767,2006,276165.0,0.0,0.44063599999999997,1.163857,LTU,KAZ,840310
9582815,135,115,8767,2006,73160.0,0.0,-0.017707,0.135305,MDA,KAZ,840310
9582816,162,115,8767,2006,35452.0,0.0,1.192134,1.450852,NLD,KAZ,840310
9582817,177,115,8767,2006,245840.0,0.0,0.991927,1.474418,POL,KAZ,840310
9582818,186,115,8767,2006,5657822.0,0.0,0.801197,0.104683,RUS,KAZ,840310
9582819,198,115,8767,2006,7669.0,0.0,1.3203340000000001,0.385184,SMR,KAZ,840310
9582820,206,115,8767,2006,419229.0,0.0,1.291583,0.868317,SVK,KAZ,840310
9582821,207,115,8767,2006,15336.0,0.0,1.5882370000000001,0.800719,SVN,KAZ,840310
9582822,217,115,8767,2006,0.0,2759.0,-1.071326,-1.158325,TJK,KAZ,840310
9582823,224,115,8767,2006,714150.0,0.0,0.33971599999999996,2.193384,TUR,KAZ,840310
9582824,228,115,8767,2006,35480.0,0.0,0.7008439999999999,0.79656,UKR,KAZ,840310
9582825,231,115,8767,2006,51111.0,0.0,1.666643,-0.121679,USA,KAZ,840310
9582826,18,116,8767,2006,44016.0,0.0,1.2222540000000002,1.383027,BEL,KEN,840310
9582827,43,116,8767,2006,3791.0,0.0,0.737888,2.54966,CHN,KEN,840310
9582828,46,116,8767,2006,0.0,10647.0,-1.542137,-1.086494,COD,KEN,840310
9582829,68,116,8767,2006,0.0,59674.0,-0.182272,0.40222399999999997,EGY,KEN,840310
9582830,71,116,8767,2006,867497.0,0.0,0.9091370000000001,2.068166,ESP,KEN,840310
9582831,104,116,8767,2006,729075.0,0.0,0.285652,2.731318,IND,KEN,840310
9582832,110,116,8767,2006,246504.0,0.0,1.3082129999999998,0.783845,ISR,KEN,840310
9582833,111,116,8767,2006,14217.0,0.0,1.293779,0.93995,ITA,KEN,840310
9582834,128,116,8767,2006,0.0,5314.0,-0.573767,0.305913,LKA,KEN,840310
9582835,226,116,8767,2006,0.0,27309.0,-0.953097,0.159129,TZA,KEN,840310
9582836,249,116,8767,2006,48912.0,0.0,1.619915,1.2289940000000001,TWN,KEN,840310
9582837,39,117,8767,2006,854.0,0.0,0.865685,1.1480489999999999,CAN,KGZ,840310
9582838,59,117,8767,2006,10512.0,0.0,1.564058,0.6023649999999999,CZE,KGZ,840310
9582839,61,117,8767,2006,6632.0,0.0,2.132566,-2.773669,DEU,KGZ,840310
9582840,111,117,8767,2006,2229.0,0.0,1.293779,0.93995,ITA,KGZ,840310
9582841,115,117,8767,2006,5046.0,188694.0,0.038229,-0.579421,KAZ,KGZ,840310
9582842,130,117,8767,2006,10472.0,0.0,0.44063599999999997,1.163857,LTU,KGZ,840310
9582843,177,117,8767,2006,1588.0,0.0,0.991927,1.474418,POL,KGZ,840310
9582844,186,117,8767,2006,0.0,56212.0,0.801197,0.104683,RUS,KGZ,840310
9582845,217,117,8767,2006,0.0,4832.0,-1.071326,-1.158325,TJK,KGZ,840310
9582846,224,117,8767,2006,24102.0,0.0,0.33971599999999996,2.193384,TUR,KGZ,840310
9582847,18,122,8767,2006,10252.0,0.0,1.2222540000000002,1.383027,BEL,KWT,840310
9582848,39,122,8767,2006,7822.0,0.0,0.865685,1.1480489999999999,CAN,KWT,840310
9582849,43,122,8767,2006,6524.0,0.0,0.737888,2.54966,CHN,KWT,840310
9582850,64,122,8767,2006,5447.0,0.0,1.2308700000000001,1.180914,DNK,KWT,840310
9582851,68,122,8767,2006,1044.0,0.0,-0.182272,0.40222399999999997,EGY,KWT,840310
9582852,111,122,8767,2006,1033325.0,0.0,1.293779,0.93995,ITA,KWT,840310
9582853,113,122,8767,2006,1561.0,0.0,0.166718,0.331248,JOR,KWT,840310
9582854,114,122,8767,2006,1275.0,0.0,2.4348099999999997,0.082887,JPN,KWT,840310
9582855,124,122,8767,2006,5420.0,0.0,0.3861,1.586183,LBN,KWT,840310
9582856,188,122,8767,2006,9322.0,0.0,0.162432,-0.853059,SAU,KWT,840310
9582857,224,122,8767,2006,1447.0,0.0,0.33971599999999996,2.193384,TUR,KWT,840310
9582858,231,122,8767,2006,203672.0,0.0,1.666643,-0.121679,USA,KWT,840310
9582859,18,124,8767,2006,161105.0,0.0,1.2222540000000002,1.383027,BEL,LBN,840310
9582860,41,124,8767,2006,19177.0,0.0,2.052534,0.515523,CHE,LBN,840310
9582861,47,124,8767,2006,0.0,1915.0,-1.9903240000000002,-1.189925,COG,LBN,840310
9582862,61,124,8767,2006,905456.0,2593.0,2.132566,-2.773669,DEU,LBN,840310
9582863,71,124,8767,2006,138927.0,0.0,0.9091370000000001,2.068166,ESP,LBN,840310
9582864,77,124,8767,2006,1311324.0,0.0,1.47591,0.489466,FRA,LBN,840310
9582865,90,124,8767,2006,145597.0,0.0,0.261955,1.488958,GRC,LBN,840310
9582866,107,124,8767,2006,25888.0,0.0,-0.391023,-0.767861,IRN,LBN,840310
9582867,111,124,8767,2006,1447954.0,0.0,1.293779,0.93995,ITA,LBN,840310
9582868,121,124,8767,2006,23038.0,0.0,1.5384309999999999,0.766628,KOR,LBN,840310
9582869,122,124,8767,2006,0.0,5420.0,-0.589823,-1.142795,KWT,LBN,840310
9582870,159,124,8767,2006,0.0,3974.0,-2.094353,-1.215025,NGA,LBN,840310
9582871,179,124,8767,2006,1780.0,0.0,0.5723630000000001,1.92303,PRT,LBN,840310
9582872,188,124,8767,2006,0.0,12059.0,0.162432,-0.853059,SAU,LBN,840310
9582873,208,124,8767,2006,5086.0,0.0,1.902737,0.593294,SWE,LBN,840310
9582874,224,124,8767,2006,20608.0,0.0,0.33971599999999996,2.193384,TUR,LBN,840310
9582875,231,124,8767,2006,613289.0,0.0,1.666643,-0.121679,USA,LBN,840310
9582876,15,130,8767,2006,20068.0,0.0,1.775669,0.192717,AUT,LTU,840310
9582877,18,130,8767,2006,127631.0,0.0,1.2222540000000002,1.383027,BEL,LTU,840310
9582878,28,130,8767,2006,45560.0,1487387.0,0.919853,0.384409,BLR,LTU,840310
9582879,59,130,8767,2006,5039416.0,0.0,1.564058,0.6023649999999999,CZE,LTU,840310
9582880,61,130,8767,2006,3101225.0,8248.0,2.132566,-2.773669,DEU,LTU,840310
9582881,64,130,8767,2006,1190973.0,1549752.0,1.2308700000000001,1.180914,DNK,LTU,840310
9582882,72,130,8767,2006,130005.0,115502.0,0.6426350000000001,0.925003,EST,LTU,840310
9582883,77,130,8767,2006,241818.0,7931.0,1.47591,0.489466,FRA,LTU,840310
9582884,81,130,8767,2006,8237.0,0.0,1.824154,0.614424,GBR,LTU,840310
9582885,111,130,8767,2006,1826885.0,0.0,1.293779,0.93995,ITA,LTU,840310
9582886,115,130,8767,2006,0.0,276165.0,0.038229,-0.579421,KAZ,LTU,840310
9582887,117,130,8767,2006,0.0,10472.0,-0.034069,0.136694,KGZ,LTU,840310
9582888,132,130,8767,2006,4480702.0,261678.0,0.531375,0.9414170000000001,LVA,LTU,840310
9582889,162,130,8767,2006,1200.0,0.0,1.192134,1.450852,NLD,LTU,840310
9582890,177,130,8767,2006,1271208.0,18585.0,0.991927,1.474418,POL,LTU,840310
9582891,179,130,8767,2006,13466.0,0.0,0.5723630000000001,1.92303,PRT,LTU,840310
9582892,185,130,8767,2006,0.0,540902.0,0.550825,1.170744,ROU,LTU,840310
9582893,186,130,8767,2006,0.0,499358.0,0.801197,0.104683,RUS,LTU,840310
9582894,206,130,8767,2006,1488458.0,0.0,1.291583,0.868317,SVK,LTU,840310
9582895,208,130,8767,2006,276651.0,41788.0,1.902737,0.593294,SWE,LTU,840310
9582896,224,130,8767,2006,91634.0,0.0,0.33971599999999996,2.193384,TUR,LTU,840310
9582897,228,130,8767,2006,0.0,80408.0,0.7008439999999999,0.79656,UKR,LTU,840310
9582898,231,130,8767,2006,0.0,2162.0,1.666643,-0.121679,USA,LTU,840310
9582899,15,131,8767,2006,1170917.0,0.0,1.775669,0.192717,AUT,LUX,840310
9582900,18,131,8767,2006,54842.0,174749.0,1.2222540000000002,1.383027,BEL,LUX,840310
9582901,41,131,8767,2006,11922.0,0.0,2.052534,0.515523,CHE,LUX,840310
9582902,59,131,8767,2006,18155.0,0.0,1.564058,0.6023649999999999,CZE,LUX,840310
9582903,61,131,8767,2006,7267171.0,984.0,2.132566,-2.773669,DEU,LUX,840310
9582904,64,131,8767,2006,10431.0,0.0,1.2308700000000001,1.180914,DNK,LUX,840310
9582905,77,131,8767,2006,787100.0,1604597.0,1.47591,0.489466,FRA,LUX,840310
9582906,111,131,8767,2006,93570.0,0.0,1.293779,0.93995,ITA,LUX,840310
9582907,162,131,8767,2006,2652999.0,0.0,1.192134,1.450852,NLD,LUX,840310
9582908,9,132,8767,2006,0.0,183685.0,0.14539100000000002,-0.558014,ARM,LVA,840310
9582909,15,132,8767,2006,112445.0,0.0,1.775669,0.192717,AUT,LVA,840310
9582910,28,132,8767,2006,1775.0,131031.0,0.919853,0.384409,BLR,LVA,840310
9582911,41,132,8767,2006,2851.0,0.0,2.052534,0.515523,CHE,LVA,840310
9582912,43,132,8767,2006,130662.0,0.0,0.737888,2.54966,CHN,LVA,840310
9582913,59,132,8767,2006,2808125.0,0.0,1.564058,0.6023649999999999,CZE,LVA,840310
9582914,61,132,8767,2006,11792767.0,953021.0,2.132566,-2.773669,DEU,LVA,840310
9582915,64,132,8767,2006,109959.0,399322.0,1.2308700000000001,1.180914,DNK,LVA,840310
9582916,71,132,8767,2006,36746.0,0.0,0.9091370000000001,2.068166,ESP,LVA,840310
9582917,72,132,8767,2006,41986.0,864876.0,0.6426350000000001,0.925003,EST,LVA,840310
9582918,74,132,8767,2006,90597.0,0.0,1.864038,0.8193940000000001,FIN,LVA,840310
9582919,77,132,8767,2006,76659.0,0.0,1.47591,0.489466,FRA,LVA,840310
9582920,100,132,8767,2006,18556.0,0.0,0.755787,0.992614,HRV,LVA,840310
9582921,111,132,8767,2006,648555.0,1510.0,1.293779,0.93995,ITA,LVA,840310
9582922,130,132,8767,2006,261678.0,4480702.0,0.44063599999999997,1.163857,LTU,LVA,840310
9582923,162,132,8767,2006,798905.0,0.0,1.192134,1.450852,NLD,LVA,840310
9582924,177,132,8767,2006,401910.0,1195.0,0.991927,1.474418,POL,LVA,840310
9582925,179,132,8767,2006,9998033.0,52275.0,0.5723630000000001,1.92303,PRT,LVA,840310
9582926,186,132,8767,2006,5821.0,1859137.0,0.801197,0.104683,RUS,LVA,840310
9582927,206,132,8767,2006,453567.0,0.0,1.291583,0.868317,SVK,LVA,840310
9582928,208,132,8767,2006,126919.0,53844.0,1.902737,0.593294,SWE,LVA,840310
9582929,224,132,8767,2006,68447.0,0.0,0.33971599999999996,2.193384,TUR,LVA,840310
9582930,228,132,8767,2006,2541.0,0.0,0.7008439999999999,0.79656,UKR,LVA,840310
9582931,231,132,8767,2006,0.0,291140.0,1.666643,-0.121679,USA,LVA,840310
9582932,71,147,8767,2006,1439.0,0.0,0.9091370000000001,2.068166,ESP,MOZ,840310
9582933,111,147,8767,2006,9808.0,0.0,1.293779,0.93995,ITA,MOZ,840310
9582934,179,147,8767,2006,121787.0,0.0,0.5723630000000001,1.92303,PRT,MOZ,840310
9582935,231,147,8767,2006,9098.0,0.0,1.666643,-0.121679,USA,MOZ,840310
9582936,246,147,8767,2006,55461.0,11484.0,0.37964499999999995,1.466326,ZAF,MOZ,840310
9582937,15,163,8767,2006,335189.0,136175.0,1.775669,0.192717,AUT,NOR,840310
9582938,18,163,8767,2006,3785.0,0.0,1.2222540000000002,1.383027,BEL,NOR,840310
9582939,32,163,8767,2006,0.0,43479.0,0.633889,1.1474520000000001,BRA,NOR,840310
9582940,41,163,8767,2006,0.0,17817.0,2.052534,0.515523,CHE,NOR,840310
9582941,42,163,8767,2006,0.0,28087.0,-0.188298,-0.46778000000000003,CHL,NOR,840310
9582942,43,163,8767,2006,0.0,99562.0,0.737888,2.54966,CHN,NOR,840310
9582943,59,163,8767,2006,193339.0,0.0,1.564058,0.6023649999999999,CZE,NOR,840310
9582944,61,163,8767,2006,2974293.0,151129.0,2.132566,-2.773669,DEU,NOR,840310
9582945,64,163,8767,2006,2920679.0,18068.0,1.2308700000000001,1.180914,DNK,NOR,840310
9582946,71,163,8767,2006,0.0,68523.0,0.9091370000000001,2.068166,ESP,NOR,840310
9582947,72,163,8767,2006,70544.0,0.0,0.6426350000000001,0.925003,EST,NOR,840310
9582948,74,163,8767,2006,483985.0,79251.0,1.864038,0.8193940000000001,FIN,NOR,840310
9582949,77,163,8767,2006,695151.0,0.0,1.47591,0.489466,FRA,NOR,840310
9582950,81,163,8767,2006,38331.0,4091.0,1.824154,0.614424,GBR,NOR,840310
9582951,90,163,8767,2006,0.0,762.0,0.261955,1.488958,GRC,NOR,840310
9582952,92,163,8767,2006,0.0,934.0,-1.0014,-0.935995,GRL,NOR,840310
9582953,104,163,8767,2006,0.0,39589.0,0.285652,2.731318,IND,NOR,840310
9582954,106,163,8767,2006,40856.0,0.0,1.43804,0.06463200000000001,IRL,NOR,840310
9582955,109,163,8767,2006,0.0,42405.0,0.170234,-0.302203,ISL,NOR,840310
9582956,111,163,8767,2006,252809.0,0.0,1.293779,0.93995,ITA,NOR,840310
9582957,162,163,8767,2006,240074.0,0.0,1.192134,1.450852,NLD,NOR,840310
9582958,177,163,8767,2006,92495.0,292314.0,0.991927,1.474418,POL,NOR,840310
9582959,185,163,8767,2006,0.0,42858.0,0.550825,1.170744,ROU,NOR,840310
9582960,186,163,8767,2006,0.0,19263.0,0.801197,0.104683,RUS,NOR,840310
9582961,188,163,8767,2006,0.0,78377.0,0.162432,-0.853059,SAU,NOR,840310
9582962,192,163,8767,2006,0.0,89869.0,1.5377379999999998,0.503089,SGP,NOR,840310
9582963,208,163,8767,2006,2827734.0,123556.0,1.902737,0.593294,SWE,NOR,840310
9582964,7,167,8767,2006,77257.0,0.0,0.053903999999999994,-0.735124,ARE,OMN,840310
9582965,61,167,8767,2006,6414.0,0.0,2.132566,-2.773669,DEU,OMN,840310
9582966,104,167,8767,2006,72594.0,0.0,0.285652,2.731318,IND,OMN,840310
9582967,114,167,8767,2006,7117.0,0.0,2.4348099999999997,0.082887,JPN,OMN,840310
9582968,231,167,8767,2006,85697.0,0.0,1.666643,-0.121679,USA,OMN,840310
9582969,2,179,8767,2006,0.0,142065.0,-2.0822979999999998,-1.176767,AGO,PRT,840310
9582970,14,179,8767,2006,0.0,1258.0,0.067166,0.373148,AUS,PRT,840310
9582971,15,179,8767,2006,0.0,293218.0,1.775669,0.192717,AUT,PRT,840310
9582972,18,179,8767,2006,248010.0,0.0,1.2222540000000002,1.383027,BEL,PRT,840310
9582973,28,179,8767,2006,0.0,136263.0,0.919853,0.384409,BLR,PRT,840310
9582974,42,179,8767,2006,0.0,482638.0,-0.188298,-0.46778000000000003,CHL,PRT,840310
9582975,43,179,8767,2006,0.0,170190.0,0.737888,2.54966,CHN,PRT,840310
9582976,59,179,8767,2006,150209.0,1396488.0,1.564058,0.6023649999999999,CZE,PRT,840310
9582977,61,179,8767,2006,5979257.0,7008390.0,2.132566,-2.773669,DEU,PRT,840310
9582978,64,179,8767,2006,174267.0,0.0,1.2308700000000001,1.180914,DNK,PRT,840310
9582979,68,179,8767,2006,0.0,11877.0,-0.182272,0.40222399999999997,EGY,PRT,840310
9582980,71,179,8767,2006,21051368.0,21592928.0,0.9091370000000001,2.068166,ESP,PRT,840310
9582981,72,179,8767,2006,19109.0,0.0,0.6426350000000001,0.925003,EST,PRT,840310
9582982,74,179,8767,2006,6805.0,0.0,1.864038,0.8193940000000001,FIN,PRT,840310
9582983,77,179,8767,2006,1712450.0,83085.0,1.47591,0.489466,FRA,PRT,840310
9582984,81,179,8767,2006,137585.0,0.0,1.824154,0.614424,GBR,PRT,840310
9582985,90,179,8767,2006,349481.0,390404.0,0.261955,1.488958,GRC,PRT,840310
9582986,100,179,8767,2006,0.0,732915.0,0.755787,0.992614,HRV,PRT,840310
9582987,102,179,8767,2006,0.0,328477.0,1.4034309999999999,0.835144,HUN,PRT,840310
9582988,107,179,8767,2006,0.0,46479.0,-0.391023,-0.767861,IRN,PRT,840310
9582989,111,179,8767,2006,4905696.0,3017750.0,1.293779,0.93995,ITA,PRT,840310
9582990,124,179,8767,2006,0.0,1780.0,0.3861,1.586183,LBN,PRT,840310
9582991,130,179,8767,2006,0.0,13466.0,0.44063599999999997,1.163857,LTU,PRT,840310
9582992,132,179,8767,2006,52275.0,9998033.0,0.531375,0.9414170000000001,LVA,PRT,840310
9582993,134,179,8767,2006,0.0,145573.0,-0.547933,0.08257300000000001,MAR,PRT,840310
9582994,147,179,8767,2006,0.0,121787.0,-1.0250629999999998,-1.067359,MOZ,PRT,840310
9582995,162,179,8767,2006,1729.0,0.0,1.192134,1.450852,NLD,PRT,840310
9582996,177,179,8767,2006,0.0,3703190.0,0.991927,1.474418,POL,PRT,840310
9582997,185,179,8767,2006,32953.0,294673.0,0.550825,1.170744,ROU,PRT,840310
9582998,186,179,8767,2006,0.0,751758.0,0.801197,0.104683,RUS,PRT,840310
9582999,203,179,8767,2006,0.0,1462.0,0.805511,-0.19645,STP,PRT,840310
9583000,206,179,8767,2006,0.0,5014138.0,1.291583,0.868317,SVK,PRT,840310
9583001,207,179,8767,2006,0.0,36802.0,1.5882370000000001,0.800719,SVN,PRT,840310
9583002,223,179,8767,2006,0.0,193562.0,-0.013636,0.804752,TUN,PRT,840310
9583003,224,179,8767,2006,266934.0,934410.0,0.33971599999999996,2.193384,TUR,PRT,840310
9583004,228,179,8767,2006,49268.0,1142398.0,0.7008439999999999,0.79656,UKR,PRT,840310
9583005,231,179,8767,2006,0.0,97075.0,1.666643,-0.121679,USA,PRT,840310
9583006,9,186,8767,2006,0.0,26668.0,0.14539100000000002,-0.558014,ARM,RUS,840310
9583007,15,186,8767,2006,1137710.0,0.0,1.775669,0.192717,AUT,RUS,840310
9583008,16,186,8767,2006,0.0,87257.0,-0.521304,-1.035764,AZE,RUS,840310
9583009,18,186,8767,2006,1875998.0,0.0,1.2222540000000002,1.383027,BEL,RUS,840310
9583010,23,186,8767,2006,0.0,8992.0,0.414563,1.378005,BGR,RUS,840310
9583011,28,186,8767,2006,1764035.0,1315647.0,0.919853,0.384409,BLR,RUS,840310
9583012,39,186,8767,2006,11864.0,0.0,0.865685,1.1480489999999999,CAN,RUS,840310
9583013,41,186,8767,2006,14165.0,0.0,2.052534,0.515523,CHE,RUS,840310
9583014,43,186,8767,2006,157468.0,0.0,0.737888,2.54966,CHN,RUS,840310
9583015,59,186,8767,2006,13342131.0,0.0,1.564058,0.6023649999999999,CZE,RUS,840310
9583016,61,186,8767,2006,84896776.0,103928.0,2.132566,-2.773669,DEU,RUS,840310
9583017,64,186,8767,2006,990229.0,29600.0,1.2308700000000001,1.180914,DNK,RUS,840310
9583018,71,186,8767,2006,1866061.0,0.0,0.9091370000000001,2.068166,ESP,RUS,840310
9583019,72,186,8767,2006,13919.0,12687.0,0.6426350000000001,0.925003,EST,RUS,840310
9583020,74,186,8767,2006,6612482.0,0.0,1.864038,0.8193940000000001,FIN,RUS,840310
9583021,77,186,8767,2006,7819734.0,3464.0,1.47591,0.489466,FRA,RUS,840310
9583022,81,186,8767,2006,65723.0,0.0,1.824154,0.614424,GBR,RUS,840310
9583023,82,186,8767,2006,4004.0,0.0,0.076711,-0.47216099999999994,GEO,RUS,840310
9583024,90,186,8767,2006,44249.0,1429.0,0.261955,1.488958,GRC,RUS,840310
9583025,100,186,8767,2006,14477.0,1386.0,0.755787,0.992614,HRV,RUS,840310
9583026,102,186,8767,2006,751908.0,290248.0,1.4034309999999999,0.835144,HUN,RUS,840310
9583027,111,186,8767,2006,43408440.0,9049.0,1.293779,0.93995,ITA,RUS,840310
9583028,114,186,8767,2006,5909.0,6643.0,2.4348099999999997,0.082887,JPN,RUS,840310
9583029,115,186,8767,2006,0.0,5657822.0,0.038229,-0.579421,KAZ,RUS,840310
9583030,117,186,8767,2006,56212.0,0.0,-0.034069,0.136694,KGZ,RUS,840310
9583031,121,186,8767,2006,7513640.0,0.0,1.5384309999999999,0.766628,KOR,RUS,840310
9583032,130,186,8767,2006,499358.0,0.0,0.44063599999999997,1.163857,LTU,RUS,840310
9583033,132,186,8767,2006,1859137.0,5821.0,0.531375,0.9414170000000001,LVA,RUS,840310
9583034,135,186,8767,2006,0.0,457858.0,-0.017707,0.135305,MDA,RUS,840310
9583035,145,186,8767,2006,0.0,107765.0,-1.147217,-1.0734709999999998,MNG,RUS,840310
9583036,162,186,8767,2006,4239096.0,0.0,1.192134,1.450852,NLD,RUS,840310
9583037,163,186,8767,2006,19263.0,0.0,1.0787930000000001,0.014051,NOR,RUS,840310
9583038,177,186,8767,2006,5350349.0,0.0,0.991927,1.474418,POL,RUS,840310
9583039,178,186,8767,2006,32460.0,0.0,0.548754,0.763313,PRK,RUS,840310
9583040,179,186,8767,2006,751758.0,0.0,0.5723630000000001,1.92303,PRT,RUS,840310
9583041,185,186,8767,2006,59681.0,125350.0,0.550825,1.170744,ROU,RUS,840310
9583042,206,186,8767,2006,9010874.0,0.0,1.291583,0.868317,SVK,RUS,840310
9583043,207,186,8767,2006,34794.0,0.0,1.5882370000000001,0.800719,SVN,RUS,840310
9583044,208,186,8767,2006,889994.0,0.0,1.902737,0.593294,SWE,RUS,840310
9583045,217,186,8767,2006,0.0,10558.0,-1.071326,-1.158325,TJK,RUS,840310
9583046,219,186,8767,2006,0.0,120781.0,-1.155861,-1.200933,TKM,RUS,840310
9583047,224,186,8767,2006,2852070.0,2743.0,0.33971599999999996,2.193384,TUR,RUS,840310
9583048,228,186,8767,2006,10061348.0,1230765.0,0.7008439999999999,0.79656,UKR,RUS,840310
9583049,231,186,8767,2006,20185.0,17893.0,1.666643,-0.121679,USA,RUS,840310
9583050,232,186,8767,2006,0.0,48966.0,-0.457759,-0.784626,UZB,RUS,840310
9583051,250,186,8767,2006,9600.0,4429.0,0.711619,-0.41880200000000006,ANS,RUS,840310
9583052,14,192,8767,2006,1006073.0,3393.0,0.067166,0.373148,AUS,SGP,840310
9583053,34,192,8767,2006,0.0,122341.0,-1.331831,-0.9170940000000001,BRN,SGP,840310
9583054,39,192,8767,2006,3334.0,0.0,0.865685,1.1480489999999999,CAN,SGP,840310
9583055,43,192,8767,2006,218783.0,0.0,0.737888,2.54966,CHN,SGP,840310
9583056,61,192,8767,2006,101064.0,0.0,2.132566,-2.773669,DEU,SGP,840310
9583057,64,192,8767,2006,53176.0,0.0,1.2308700000000001,1.180914,DNK,SGP,840310
9583058,81,192,8767,2006,936.0,0.0,1.824154,0.614424,GBR,SGP,840310
9583059,90,192,8767,2006,28311.0,0.0,0.261955,1.488958,GRC,SGP,840310
9583060,97,192,8767,2006,7819.0,14752.0,0.5776319999999999,2.076782,HKG,SGP,840310
9583061,103,192,8767,2006,0.0,270639.0,-0.21012399999999998,1.467838,IDN,SGP,840310
9583062,104,192,8767,2006,17109.0,0.0,0.285652,2.731318,IND,SGP,840310
9583063,111,192,8767,2006,4255.0,0.0,1.293779,0.93995,ITA,SGP,840310
9583064,114,192,8767,2006,122946.0,0.0,2.4348099999999997,0.082887,JPN,SGP,840310
9583065,118,192,8767,2006,0.0,39670.0,-1.323365,-1.185827,KHM,SGP,840310
9583066,128,192,8767,2006,0.0,51142.0,-0.573767,0.305913,LKA,SGP,840310
9583067,137,192,8767,2006,0.0,19402.0,-0.240191,-0.8320290000000001,MDV,SGP,840310
9583068,145,192,8767,2006,0.0,1086.0,-1.147217,-1.0734709999999998,MNG,SGP,840310
9583069,153,192,8767,2006,3219052.0,36124.0,0.7896569999999999,0.363625,MYS,SGP,840310
9583070,163,192,8767,2006,89869.0,0.0,1.0787930000000001,0.014051,NOR,SGP,840310
9583071,166,192,8767,2006,14797.0,0.0,0.5371,0.8240209999999999,NZL,SGP,840310
9583072,168,192,8767,2006,0.0,3571.0,-0.449333,0.563013,PAK,SGP,840310
9583073,174,192,8767,2006,0.0,1482.0,0.161994,0.036631,PHL,SGP,840310
9583074,216,192,8767,2006,43487.0,0.0,0.568209,1.685343,THA,SGP,840310
9583075,231,192,8767,2006,78644.0,58405.0,1.666643,-0.121679,USA,SGP,840310
9583076,239,192,8767,2006,0.0,5802.0,-0.342779,1.033318,VNM,SGP,840310
9583077,15,201,8767,2006,252080.0,1084300.0,1.775669,0.192717,AUT,SRB,840310
9583078,23,201,8767,2006,11817.0,8144.0,0.414563,1.378005,BGR,SRB,840310
9583079,26,201,8767,2006,134446.0,1279060.0,0.40788800000000003,0.562854,BIH,SRB,840310
9583080,41,201,8767,2006,51342.0,0.0,2.052534,0.515523,CHE,SRB,840310
9583081,58,201,8767,2006,8051.0,0.0,0.708267,-0.048096,CYP,SRB,840310
9583082,59,201,8767,2006,1619531.0,0.0,1.564058,0.6023649999999999,CZE,SRB,840310
9583083,61,201,8767,2006,5285496.0,0.0,2.132566,-2.773669,DEU,SRB,840310
9583084,77,201,8767,2006,10471.0,0.0,1.47591,0.489466,FRA,SRB,840310
9583085,81,201,8767,2006,12868.0,0.0,1.824154,0.614424,GBR,SRB,840310
9583086,90,201,8767,2006,10672.0,226927.0,0.261955,1.488958,GRC,SRB,840310
9583087,100,201,8767,2006,1802322.0,180075.0,0.755787,0.992614,HRV,SRB,840310
9583088,102,201,8767,2006,1404095.0,0.0,1.4034309999999999,0.835144,HUN,SRB,840310
9583089,111,201,8767,2006,2670376.0,46074.0,1.293779,0.93995,ITA,SRB,840310
9583090,140,201,8767,2006,2342.0,640979.0,-0.21336,0.17674700000000002,MKD,SRB,840310
9583091,144,201,8767,2006,0.0,299359.0,0.130773,-0.24674699999999997,MNE,SRB,840310
9583092,145,201,8767,2006,0.0,14430.0,-1.147217,-1.0734709999999998,MNG,SRB,840310
9583093,162,201,8767,2006,5509.0,0.0,1.192134,1.450852,NLD,SRB,840310
9583094,177,201,8767,2006,33583.0,201172.0,0.991927,1.474418,POL,SRB,840310
9583095,185,201,8767,2006,6369.0,15152.0,0.550825,1.170744,ROU,SRB,840310
9583096,206,201,8767,2006,375609.0,0.0,1.291583,0.868317,SVK,SRB,840310
9583097,207,201,8767,2006,235191.0,92368.0,1.5882370000000001,0.800719,SVN,SRB,840310
9583098,208,201,8767,2006,2095.0,0.0,1.902737,0.593294,SWE,SRB,840310
9583099,224,201,8767,2006,595949.0,0.0,0.33971599999999996,2.193384,TUR,SRB,840310
9583100,250,201,8767,2006,1217006.0,0.0,0.711619,-0.41880200000000006,ANS,SRB,840310
9583101,9,206,8767,2006,0.0,9382.0,0.14539100000000002,-0.558014,ARM,SVK,840310
9583102,15,206,8767,2006,1838039.0,7419162.0,1.775669,0.192717,AUT,SVK,840310
9583103,16,206,8767,2006,0.0,7513.0,-0.521304,-1.035764,AZE,SVK,840310
9583104,18,206,8767,2006,0.0,2020932.0,1.2222540000000002,1.383027,BEL,SVK,840310
9583105,23,206,8767,2006,0.0,40860.0,0.414563,1.378005,BGR,SVK,840310
9583106,28,206,8767,2006,0.0,178826.0,0.919853,0.384409,BLR,SVK,840310
9583107,41,206,8767,2006,499051.0,561503.0,2.052534,0.515523,CHE,SVK,840310
9583108,43,206,8767,2006,4836.0,40440.0,0.737888,2.54966,CHN,SVK,840310
9583109,59,206,8767,2006,12648121.0,13607421.0,1.564058,0.6023649999999999,CZE,SVK,840310
9583110,61,206,8767,2006,21902534.0,42694176.0,2.132566,-2.773669,DEU,SVK,840310
9583111,64,206,8767,2006,0.0,416746.0,1.2308700000000001,1.180914,DNK,SVK,840310
9583112,71,206,8767,2006,70176.0,480161.0,0.9091370000000001,2.068166,ESP,SVK,840310
9583113,72,206,8767,2006,0.0,12553.0,0.6426350000000001,0.925003,EST,SVK,840310
9583114,77,206,8767,2006,732749.0,4802927.0,1.47591,0.489466,FRA,SVK,840310
9583115,81,206,8767,2006,22894.0,206711.0,1.824154,0.614424,GBR,SVK,840310
9583116,90,206,8767,2006,644.0,222816.0,0.261955,1.488958,GRC,SVK,840310
9583117,100,206,8767,2006,0.0,1043875.0,0.755787,0.992614,HRV,SVK,840310
9583118,102,206,8767,2006,1923408.0,2307384.0,1.4034309999999999,0.835144,HUN,SVK,840310
9583119,106,206,8767,2006,0.0,69475.0,1.43804,0.06463200000000001,IRL,SVK,840310
9583120,111,206,8767,2006,11282107.0,2780490.0,1.293779,0.93995,ITA,SVK,840310
9583121,115,206,8767,2006,0.0,419229.0,0.038229,-0.579421,KAZ,SVK,840310
9583122,121,206,8767,2006,31532.0,0.0,1.5384309999999999,0.766628,KOR,SVK,840310
9583123,130,206,8767,2006,0.0,1488458.0,0.44063599999999997,1.163857,LTU,SVK,840310
9583124,132,206,8767,2006,0.0,453567.0,0.531375,0.9414170000000001,LVA,SVK,840310
9583125,135,206,8767,2006,0.0,215276.0,-0.017707,0.135305,MDA,SVK,840310
9583126,140,206,8767,2006,0.0,8303.0,-0.21336,0.17674700000000002,MKD,SVK,840310
9583127,144,206,8767,2006,0.0,24954.0,0.130773,-0.24674699999999997,MNE,SVK,840310
9583128,153,206,8767,2006,1081.0,0.0,0.7896569999999999,0.363625,MYS,SVK,840310
9583129,155,206,8767,2006,730.0,0.0,-0.515361,-0.8027350000000001,NAM,SVK,840310
9583130,162,206,8767,2006,3562437.0,247478.0,1.192134,1.450852,NLD,SVK,840310
9583131,177,206,8767,2006,267356.0,4309698.0,0.991927,1.474418,POL,SVK,840310
9583132,179,206,8767,2006,5014138.0,0.0,0.5723630000000001,1.92303,PRT,SVK,840310
9583133,185,206,8767,2006,23709.0,7310784.0,0.550825,1.170744,ROU,SVK,840310
9583134,186,206,8767,2006,0.0,9010874.0,0.801197,0.104683,RUS,SVK,840310
9583135,201,206,8767,2006,0.0,375609.0,0.547824,1.5588879999999998,SRB,SVK,840310
9583136,207,206,8767,2006,152108.0,171466.0,1.5882370000000001,0.800719,SVN,SVK,840310
9583137,208,206,8767,2006,3898.0,49786.0,1.902737,0.593294,SWE,SVK,840310
9583138,224,206,8767,2006,89510.0,10736316.0,0.33971599999999996,2.193384,TUR,SVK,840310
9583139,228,206,8767,2006,16637.0,4558336.0,0.7008439999999999,0.79656,UKR,SVK,840310
9583140,232,206,8767,2006,0.0,5088.0,-0.457759,-0.784626,UZB,SVK,840310
9583141,237,206,8767,2006,0.0,106172.0,1.05644,0.179306,VGB,SVK,840310
9583142,250,206,8767,2006,6197460.0,0.0,0.711619,-0.41880200000000006,ANS,SVK,840310
9583143,4,207,8767,2006,5283.0,16069.0,-0.340932,-0.06302200000000001,ALB,SVN,840310
9583144,15,207,8767,2006,2264417.0,1743913.0,1.775669,0.192717,AUT,SVN,840310
9583145,18,207,8767,2006,286480.0,0.0,1.2222540000000002,1.383027,BEL,SVN,840310
9583146,23,207,8767,2006,0.0,59817.0,0.414563,1.378005,BGR,SVN,840310
9583147,26,207,8767,2006,52089.0,262600.0,0.40788800000000003,0.562854,BIH,SVN,840310
9583148,28,207,8767,2006,0.0,17102.0,0.919853,0.384409,BLR,SVN,840310
9583149,41,207,8767,2006,31660.0,505248.0,2.052534,0.515523,CHE,SVN,840310
9583150,59,207,8767,2006,1770321.0,0.0,1.564058,0.6023649999999999,CZE,SVN,840310
9583151,61,207,8767,2006,7764957.0,1878446.0,2.132566,-2.773669,DEU,SVN,840310
9583152,64,207,8767,2006,2402.0,23954.0,1.2308700000000001,1.180914,DNK,SVN,840310
9583153,71,207,8767,2006,63314.0,0.0,0.9091370000000001,2.068166,ESP,SVN,840310
9583154,74,207,8767,2006,6014.0,0.0,1.864038,0.8193940000000001,FIN,SVN,840310
9583155,77,207,8767,2006,942195.0,0.0,1.47591,0.489466,FRA,SVN,840310
9583156,90,207,8767,2006,0.0,4172.0,0.261955,1.488958,GRC,SVN,840310
9583157,100,207,8767,2006,222187.0,666973.0,0.755787,0.992614,HRV,SVN,840310
9583158,102,207,8767,2006,2868.0,3799.0,1.4034309999999999,0.835144,HUN,SVN,840310
9583159,104,207,8767,2006,0.0,258951.0,0.285652,2.731318,IND,SVN,840310
9583160,111,207,8767,2006,4938666.0,620294.0,1.293779,0.93995,ITA,SVN,840310
9583161,115,207,8767,2006,0.0,15336.0,0.038229,-0.579421,KAZ,SVN,840310
9583162,140,207,8767,2006,0.0,15324.0,-0.21336,0.17674700000000002,MKD,SVN,840310
9583163,144,207,8767,2006,0.0,13943.0,0.130773,-0.24674699999999997,MNE,SVN,840310
9583164,145,207,8767,2006,0.0,15083.0,-1.147217,-1.0734709999999998,MNG,SVN,840310
9583165,162,207,8767,2006,79222.0,0.0,1.192134,1.450852,NLD,SVN,840310
9583166,177,207,8767,2006,402961.0,0.0,0.991927,1.474418,POL,SVN,840310
9583167,179,207,8767,2006,36802.0,0.0,0.5723630000000001,1.92303,PRT,SVN,840310
9583168,185,207,8767,2006,2508.0,8068.0,0.550825,1.170744,ROU,SVN,840310
9583169,186,207,8767,2006,0.0,34794.0,0.801197,0.104683,RUS,SVN,840310
9583170,201,207,8767,2006,92368.0,235191.0,0.547824,1.5588879999999998,SRB,SVN,840310
9583171,206,207,8767,2006,171466.0,152108.0,1.291583,0.868317,SVK,SVN,840310
9583172,208,207,8767,2006,1186085.0,234015.0,1.902737,0.593294,SWE,SVN,840310
9583173,224,207,8767,2006,346241.0,0.0,0.33971599999999996,2.193384,TUR,SVN,840310
9583174,228,207,8767,2006,29476.0,0.0,0.7008439999999999,0.79656,UKR,SVN,840310
9583175,250,207,8767,2006,530529.0,0.0,0.711619,-0.41880200000000006,ANS,SVN,840310
9583176,18,212,8767,2006,252228.0,0.0,1.2222540000000002,1.383027,BEL,SYR,840310
9583177,59,212,8767,2006,76976.0,0.0,1.564058,0.6023649999999999,CZE,SYR,840310
9583178,61,212,8767,2006,495669.0,0.0,2.132566,-2.773669,DEU,SYR,840310
9583179,77,212,8767,2006,1870435.0,0.0,1.47591,0.489466,FRA,SYR,840310
9583180,90,212,8767,2006,197106.0,0.0,0.261955,1.488958,GRC,SYR,840310
9583181,104,212,8767,2006,12261.0,0.0,0.285652,2.731318,IND,SYR,840310
9583182,107,212,8767,2006,42398.0,0.0,-0.391023,-0.767861,IRN,SYR,840310
9583183,111,212,8767,2006,1617780.0,0.0,1.293779,0.93995,ITA,SYR,840310
9583184,183,212,8767,2006,0.0,4484.0,0.055777999999999994,-1.0379049999999999,QAT,SYR,840310
9583185,224,212,8767,2006,21410.0,12319.0,0.33971599999999996,2.193384,TUR,SYR,840310
9583186,231,212,8767,2006,169072.0,0.0,1.666643,-0.121679,USA,SYR,840310
9583187,250,212,8767,2006,922514.0,0.0,0.711619,-0.41880200000000006,ANS,SYR,840310
9583188,18,223,8767,2006,38445.0,0.0,1.2222540000000002,1.383027,BEL,TUN,840310
9583189,61,223,8767,2006,140847.0,0.0,2.132566,-2.773669,DEU,TUN,840310
9583190,71,223,8767,2006,342774.0,0.0,0.9091370000000001,2.068166,ESP,TUN,840310
9583191,77,223,8767,2006,4442973.0,0.0,1.47591,0.489466,FRA,TUN,840310
9583192,111,223,8767,2006,496806.0,0.0,1.293779,0.93995,ITA,TUN,840310
9583193,179,223,8767,2006,193562.0,0.0,0.5723630000000001,1.92303,PRT,TUN,840310
9583194,250,223,8767,2006,1365.0,0.0,0.711619,-0.41880200000000006,ANS,TUN,840310
9583195,15,228,8767,2006,699314.0,0.0,1.775669,0.192717,AUT,UKR,840310
9583196,18,228,8767,2006,138091.0,0.0,1.2222540000000002,1.383027,BEL,UKR,840310
9583197,28,228,8767,2006,13863.0,1909882.0,0.919853,0.384409,BLR,UKR,840310
9583198,39,228,8767,2006,3122.0,0.0,0.865685,1.1480489999999999,CAN,UKR,840310
9583199,41,228,8767,2006,97684.0,0.0,2.052534,0.515523,CHE,UKR,840310
9583200,43,228,8767,2006,831839.0,0.0,0.737888,2.54966,CHN,UKR,840310
9583201,59,228,8767,2006,1858222.0,5781.0,1.564058,0.6023649999999999,CZE,UKR,840310
9583202,61,228,8767,2006,21423250.0,95459.0,2.132566,-2.773669,DEU,UKR,840310
9583203,64,228,8767,2006,46202.0,309426.0,1.2308700000000001,1.180914,DNK,UKR,840310
9583204,72,228,8767,2006,1550.0,0.0,0.6426350000000001,0.925003,EST,UKR,840310
9583205,74,228,8767,2006,55359.0,0.0,1.864038,0.8193940000000001,FIN,UKR,840310
9583206,77,228,8767,2006,1745335.0,20214.0,1.47591,0.489466,FRA,UKR,840310
9583207,81,228,8767,2006,6965.0,0.0,1.824154,0.614424,GBR,UKR,840310
9583208,82,228,8767,2006,0.0,942.0,0.076711,-0.47216099999999994,GEO,UKR,840310
9583209,90,228,8767,2006,9067.0,0.0,0.261955,1.488958,GRC,UKR,840310
9583210,102,228,8767,2006,15195185.0,12601.0,1.4034309999999999,0.835144,HUN,UKR,840310
9583211,111,228,8767,2006,45905348.0,1503.0,1.293779,0.93995,ITA,UKR,840310
9583212,115,228,8767,2006,0.0,35480.0,0.038229,-0.579421,KAZ,UKR,840310
9583213,121,228,8767,2006,426528.0,0.0,1.5384309999999999,0.766628,KOR,UKR,840310
9583214,130,228,8767,2006,80408.0,0.0,0.44063599999999997,1.163857,LTU,UKR,840310
9583215,132,228,8767,2006,0.0,2541.0,0.531375,0.9414170000000001,LVA,UKR,840310
9583216,135,228,8767,2006,0.0,1165928.0,-0.017707,0.135305,MDA,UKR,840310
9583217,162,228,8767,2006,727164.0,1148.0,1.192134,1.450852,NLD,UKR,840310
9583218,177,228,8767,2006,7654272.0,167989.0,0.991927,1.474418,POL,UKR,840310
9583219,179,228,8767,2006,1142398.0,49268.0,0.5723630000000001,1.92303,PRT,UKR,840310
9583220,185,228,8767,2006,243864.0,71573.0,0.550825,1.170744,ROU,UKR,840310
9583221,186,228,8767,2006,1230765.0,10061348.0,0.801197,0.104683,RUS,UKR,840310
9583222,206,228,8767,2006,4558336.0,16637.0,1.291583,0.868317,SVK,UKR,840310
9583223,207,228,8767,2006,0.0,29476.0,1.5882370000000001,0.800719,SVN,UKR,840310
9583224,208,228,8767,2006,25915.0,0.0,1.902737,0.593294,SWE,UKR,840310
9583225,224,228,8767,2006,1991590.0,0.0,0.33971599999999996,2.193384,TUR,UKR,840310
9583226,231,228,8767,2006,205374.0,0.0,1.666643,-0.121679,USA,UKR,840310
9583227,232,228,8767,2006,0.0,51924.0,-0.457759,-0.784626,UZB,UKR,840310
9583228,37,246,8767,2006,0.0,49338.0,-1.0541459999999998,-1.179286,BWA,ZAF,840310
9583229,43,246,8767,2006,63839.0,0.0,0.737888,2.54966,CHN,ZAF,840310
9583230,46,246,8767,2006,0.0,52274.0,-1.542137,-1.086494,COD,ZAF,840310
9583231,61,246,8767,2006,21215.0,0.0,2.132566,-2.773669,DEU,ZAF,840310
9583232,64,246,8767,2006,105170.0,0.0,1.2308700000000001,1.180914,DNK,ZAF,840310
9583233,71,246,8767,2006,6214.0,0.0,0.9091370000000001,2.068166,ESP,ZAF,840310
9583234,81,246,8767,2006,1266.0,0.0,1.824154,0.614424,GBR,ZAF,840310
9583235,85,246,8767,2006,0.0,2084.0,-1.8376720000000002,-1.229774,GIN,ZAF,840310
9583236,103,246,8767,2006,0.0,5851116.0,-0.21012399999999998,1.467838,IDN,ZAF,840310
9583237,111,246,8767,2006,68041.0,0.0,1.293779,0.93995,ITA,ZAF,840310
9583238,147,246,8767,2006,11484.0,55461.0,-1.0250629999999998,-1.067359,MOZ,ZAF,840310
9583239,151,246,8767,2006,0.0,32657.0,-0.311109,-0.07267,MUS,ZAF,840310
9583240,152,246,8767,2006,0.0,3777.0,-1.145132,-1.0946209999999998,MWI,ZAF,840310
9583241,155,246,8767,2006,286.0,168923.0,-0.515361,-0.8027350000000001,NAM,ZAF,840310
9583242,159,246,8767,2006,0.0,6188.0,-2.094353,-1.215025,NGA,ZAF,840310
9583243,162,246,8767,2006,28658.0,0.0,1.192134,1.450852,NLD,ZAF,840310
9583244,174,246,8767,2006,0.0,3321.0,0.161994,0.036631,PHL,ZAF,840310
9583245,209,246,8767,2006,67.0,622404.0,0.750674,0.221306,SWZ,ZAF,840310
9583246,211,246,8767,2006,0.0,2727.0,-0.344619,-0.796139,SYC,ZAF,840310
9583247,226,246,8767,2006,0.0,60296.0,-0.953097,0.159129,TZA,ZAF,840310
9583248,231,246,8767,2006,214265.0,2714.0,1.666643,-0.121679,USA,ZAF,840310
9583249,247,246,8767,2006,0.0,71020.0,-0.5307,-0.793621,ZMB,ZAF,840310
9583250,248,246,8767,2006,0.0,42982.0,-0.41825500000000004,-0.55313,ZWE,ZAF,840310
9583251,249,246,8767,2006,29046.0,0.0,1.619915,1.2289940000000001,TWN,ZAF,840310
9583252,151,37,8767,2006,1836.0,0.0,-0.311109,-0.07267,MUS,BWA,840310
9583253,246,37,8767,2006,49338.0,0.0,0.37964499999999995,1.466326,ZAF,BWA,840310
9583254,71,44,8767,2006,263785.0,0.0,0.9091370000000001,2.068166,ESP,CIV,840310
9583255,77,44,8767,2006,22391.0,0.0,1.47591,0.489466,FRA,CIV,840310
9583256,231,44,8767,2006,303640.0,0.0,1.666643,-0.121679,USA,CIV,840310
9583257,18,45,8767,2006,37266.0,0.0,1.2222540000000002,1.383027,BEL,CMR,840310
9583258,77,45,8767,2006,91769.0,0.0,1.47591,0.489466,FRA,CMR,840310
9583259,104,45,8767,2006,20862.0,0.0,0.285652,2.731318,IND,CMR,840310
9583260,71,54,8767,2006,9870.0,0.0,0.9091370000000001,2.068166,ESP,CUB,840310
9583261,77,54,8767,2006,269550.0,0.0,1.47591,0.489466,FRA,CUB,840310
9583262,111,54,8767,2006,213368.0,0.0,1.293779,0.93995,ITA,CUB,840310
9583263,162,54,8767,2006,2095.0,0.0,1.192134,1.450852,NLD,CUB,840310
9583264,43,66,8767,2006,3106.0,0.0,0.737888,2.54966,CHN,DZA,840310
9583265,61,66,8767,2006,450793.0,19326.0,2.132566,-2.773669,DEU,DZA,840310
9583266,71,66,8767,2006,219390.0,0.0,0.9091370000000001,2.068166,ESP,DZA,840310
9583267,77,66,8767,2006,1540078.0,0.0,1.47591,0.489466,FRA,DZA,840310
9583268,81,66,8767,2006,13024.0,0.0,1.824154,0.614424,GBR,DZA,840310
9583269,104,66,8767,2006,154414.0,0.0,0.285652,2.731318,IND,DZA,840310
9583270,111,66,8767,2006,4724766.0,0.0,1.293779,0.93995,ITA,DZA,840310
9583271,188,66,8767,2006,323218.0,0.0,0.162432,-0.853059,SAU,DZA,840310
9583272,224,66,8767,2006,37030.0,0.0,0.33971599999999996,2.193384,TUR,DZA,840310
9583273,15,80,8767,2006,130078.0,0.0,1.775669,0.192717,AUT,GAB,840310
9583274,18,80,8767,2006,81259.0,0.0,1.2222540000000002,1.383027,BEL,GAB,840310
9583275,43,80,8767,2006,13431.0,0.0,0.737888,2.54966,CHN,GAB,840310
9583276,61,80,8767,2006,685940.0,0.0,2.132566,-2.773669,DEU,GAB,840310
9583277,71,80,8767,2006,118151.0,0.0,0.9091370000000001,2.068166,ESP,GAB,840310
9583278,39,83,8767,2006,48451.0,0.0,0.865685,1.1480489999999999,CAN,GHA,840310
9583279,61,83,8767,2006,10850.0,0.0,2.132566,-2.773669,DEU,GHA,840310
9583280,81,83,8767,2006,7044.0,0.0,1.824154,0.614424,GBR,GHA,840310
9583281,104,83,8767,2006,4025.0,0.0,0.285652,2.731318,IND,GHA,840310
9583282,153,83,8767,2006,26752.0,0.0,0.7896569999999999,0.363625,MYS,GHA,840310
9583283,18,134,8767,2006,90088.0,0.0,1.2222540000000002,1.383027,BEL,MAR,840310
9583284,39,134,8767,2006,66502.0,0.0,0.865685,1.1480489999999999,CAN,MAR,840310
9583285,61,134,8767,2006,21309.0,0.0,2.132566,-2.773669,DEU,MAR,840310
9583286,71,134,8767,2006,77517.0,0.0,0.9091370000000001,2.068166,ESP,MAR,840310
9583287,77,134,8767,2006,477008.0,0.0,1.47591,0.489466,FRA,MAR,840310
9583288,90,134,8767,2006,11672.0,0.0,0.261955,1.488958,GRC,MAR,840310
9583289,111,134,8767,2006,590304.0,0.0,1.293779,0.93995,ITA,MAR,840310
9583290,148,134,8767,2006,0.0,166889.0,-1.72422,-1.2414399999999999,MRT,MAR,840310
9583291,179,134,8767,2006,145573.0,0.0,0.5723630000000001,1.92303,PRT,MAR,840310
9583292,77,136,8767,2006,7527.0,0.0,1.47591,0.489466,FRA,MDG,840310
9583293,151,136,8767,2006,4900.0,0.0,-0.311109,-0.07267,MUS,MDG,840310
9583294,249,136,8767,2006,45759.0,0.0,1.619915,1.2289940000000001,TWN,MDG,840310
9583295,250,136,8767,2006,2436.0,0.0,0.711619,-0.41880200000000006,ANS,MDG,840310
9583296,58,142,8767,2006,1520.0,0.0,0.708267,-0.048096,CYP,MLT,840310
9583297,81,142,8767,2006,4331.0,0.0,1.824154,0.614424,GBR,MLT,840310
9583298,90,142,8767,2006,3244.0,0.0,0.261955,1.488958,GRC,MLT,840310
9583299,111,142,8767,2006,74293.0,0.0,1.293779,0.93995,ITA,MLT,840310
9583300,224,142,8767,2006,1624.0,0.0,0.33971599999999996,2.193384,TUR,MLT,840310
9583301,231,142,8767,2006,951.0,0.0,1.666643,-0.121679,USA,MLT,840310
9583302,61,148,8767,2006,44448.0,0.0,2.132566,-2.773669,DEU,MRT,840310
9583303,134,148,8767,2006,166889.0,0.0,-0.547933,0.08257300000000001,MAR,MRT,840310
9583304,18,151,8767,2006,31917.0,0.0,1.2222540000000002,1.383027,BEL,MUS,840310
9583305,37,151,8767,2006,0.0,1836.0,-1.0541459999999998,-1.179286,BWA,MUS,840310
9583306,61,151,8767,2006,905.0,0.0,2.132566,-2.773669,DEU,MUS,840310
9583307,77,151,8767,2006,30468.0,0.0,1.47591,0.489466,FRA,MUS,840310
9583308,81,151,8767,2006,2265.0,0.0,1.824154,0.614424,GBR,MUS,840310
9583309,104,151,8767,2006,61537.0,0.0,0.285652,2.731318,IND,MUS,840310
9583310,111,151,8767,2006,9107.0,0.0,1.293779,0.93995,ITA,MUS,840310
9583311,114,151,8767,2006,6175.0,0.0,2.4348099999999997,0.082887,JPN,MUS,840310
9583312,136,151,8767,2006,0.0,4900.0,-1.024657,-0.393395,MDG,MUS,840310
9583313,211,151,8767,2006,0.0,1411.0,-0.344619,-0.796139,SYC,MUS,840310
9583314,246,151,8767,2006,32657.0,0.0,0.37964499999999995,1.466326,ZAF,MUS,840310
9583315,111,155,8767,2006,36462.0,0.0,1.293779,0.93995,ITA,NAM,840310
9583316,206,155,8767,2006,0.0,730.0,1.291583,0.868317,SVK,NAM,840310
9583317,246,155,8767,2006,168923.0,286.0,0.37964499999999995,1.466326,ZAF,NAM,840310
9583318,18,159,8767,2006,18545.0,0.0,1.2222540000000002,1.383027,BEL,NGA,840310
9583319,41,159,8767,2006,13468.0,0.0,2.052534,0.515523,CHE,NGA,840310
9583320,43,159,8767,2006,4671.0,0.0,0.737888,2.54966,CHN,NGA,840310
9583321,77,159,8767,2006,1917.0,0.0,1.47591,0.489466,FRA,NGA,840310
9583322,81,159,8767,2006,1909.0,0.0,1.824154,0.614424,GBR,NGA,840310
9583323,103,159,8767,2006,229987.0,0.0,-0.21012399999999998,1.467838,IDN,NGA,840310
9583324,104,159,8767,2006,486518.0,0.0,0.285652,2.731318,IND,NGA,840310
9583325,111,159,8767,2006,162965.0,0.0,1.293779,0.93995,ITA,NGA,840310
9583326,124,159,8767,2006,3974.0,0.0,0.3861,1.586183,LBN,NGA,840310
9583327,224,159,8767,2006,36230.0,0.0,0.33971599999999996,2.193384,TUR,NGA,840310
9583328,231,159,8767,2006,2044008.0,0.0,1.666643,-0.121679,USA,NGA,840310
9583329,246,159,8767,2006,6188.0,0.0,0.37964499999999995,1.466326,ZAF,NGA,840310
9583330,41,191,8767,2006,4354.0,0.0,2.052534,0.515523,CHE,SEN,840310
9583331,77,191,8767,2006,4852.0,0.0,1.47591,0.489466,FRA,SEN,840310
9583332,111,191,8767,2006,26397.0,0.0,1.293779,0.93995,ITA,SEN,840310
9583333,121,191,8767,2006,63096.0,0.0,1.5384309999999999,0.766628,KOR,SEN,840310
9583334,179,203,8767,2006,1462.0,0.0,0.5723630000000001,1.92303,PRT,STP,840310
9583335,7,226,8767,2006,17641.0,0.0,0.053903999999999994,-0.735124,ARE,TZA,840310
9583336,43,226,8767,2006,1085.0,0.0,0.737888,2.54966,CHN,TZA,840310
9583337,104,226,8767,2006,39981.0,0.0,0.285652,2.731318,IND,TZA,840310
9583338,116,226,8767,2006,27309.0,0.0,-0.38287899999999997,1.060286,KEN,TZA,840310
9583339,246,226,8767,2006,60296.0,0.0,0.37964499999999995,1.466326,ZAF,TZA,840310
9583340,43,227,8767,2006,1233.0,0.0,0.737888,2.54966,CHN,UGA,840310
9583341,81,227,8767,2006,10220.0,0.0,1.824154,0.614424,GBR,UGA,840310
9583342,104,227,8767,2006,65397.0,0.0,0.285652,2.731318,IND,UGA,840310
9583343,111,227,8767,2006,5367.0,0.0,1.293779,0.93995,ITA,UGA,840310
9583344,14,239,8767,2006,0.0,33695.0,0.067166,0.373148,AUS,VNM,840310
9583345,41,239,8767,2006,2753.0,0.0,2.052534,0.515523,CHE,VNM,840310
9583346,43,239,8767,2006,60486.0,0.0,0.737888,2.54966,CHN,VNM,840310
9583347,61,239,8767,2006,40749.0,0.0,2.132566,-2.773669,DEU,VNM,840310
9583348,104,239,8767,2006,291327.0,0.0,0.285652,2.731318,IND,VNM,840310
9583349,114,239,8767,2006,37414.0,16736.0,2.4348099999999997,0.082887,JPN,VNM,840310
9583350,121,239,8767,2006,53273.0,0.0,1.5384309999999999,0.766628,KOR,VNM,840310
9583351,162,239,8767,2006,9301.0,0.0,1.192134,1.450852,NLD,VNM,840310
9583352,192,239,8767,2006,5802.0,0.0,1.5377379999999998,0.503089,SGP,VNM,840310
9583353,216,239,8767,2006,201982.0,0.0,0.568209,1.685343,THA,VNM,840310
9583354,249,239,8767,2006,170630.0,0.0,1.619915,1.2289940000000001,TWN,VNM,840310
9583355,14,247,8767,2006,139274.0,0.0,0.067166,0.373148,AUS,ZMB,840310
9583356,43,247,8767,2006,98764.0,0.0,0.737888,2.54966,CHN,ZMB,840310
9583357,246,247,8767,2006,71020.0,0.0,0.37964499999999995,1.466326,ZAF,ZMB,840310
9583358,246,248,8767,2006,42982.0,0.0,0.37964499999999995,1.466326,ZAF,ZWE,840310
9583359,15,26,8767,2006,694878.0,379151.0,1.775669,0.192717,AUT,BIH,840310
9583360,18,26,8767,2006,1207.0,0.0,1.2222540000000002,1.383027,BEL,BIH,840310
9583361,59,26,8767,2006,1344564.0,0.0,1.564058,0.6023649999999999,CZE,BIH,840310
9583362,61,26,8767,2006,3432162.0,6605.0,2.132566,-2.773669,DEU,BIH,840310
9583363,64,26,8767,2006,3455.0,0.0,1.2308700000000001,1.180914,DNK,BIH,840310
9583364,77,26,8767,2006,24187.0,70586.0,1.47591,0.489466,FRA,BIH,840310
9583365,90,26,8767,2006,15104.0,4127.0,0.261955,1.488958,GRC,BIH,840310
9583366,100,26,8767,2006,4635056.0,77640.0,0.755787,0.992614,HRV,BIH,840310
9583367,102,26,8767,2006,7670.0,318194.0,1.4034309999999999,0.835144,HUN,BIH,840310
9583368,111,26,8767,2006,437537.0,139242.0,1.293779,0.93995,ITA,BIH,840310
9583369,140,26,8767,2006,0.0,34832.0,-0.21336,0.17674700000000002,MKD,BIH,840310
9583370,144,26,8767,2006,0.0,21506.0,0.130773,-0.24674699999999997,MNE,BIH,840310
9583371,162,26,8767,2006,0.0,992.0,1.192134,1.450852,NLD,BIH,840310
9583372,201,26,8767,2006,1279060.0,134446.0,0.547824,1.5588879999999998,SRB,BIH,840310
9583373,207,26,8767,2006,262600.0,52089.0,1.5882370000000001,0.800719,SVN,BIH,840310
9583374,208,26,8767,2006,0.0,5771.0,1.902737,0.593294,SWE,BIH,840310
9583375,224,26,8767,2006,43941.0,0.0,0.33971599999999996,2.193384,TUR,BIH,840310
9583376,61,29,8767,2006,9674.0,0.0,2.132566,-2.773669,DEU,BLZ,840310
9583377,138,29,8767,2006,23691.0,0.0,1.047268,0.7142270000000001,MEX,BLZ,840310
9583378,14,75,8767,2006,4477.0,0.0,0.067166,0.373148,AUS,FJI,840310
9583379,104,75,8767,2006,280088.0,0.0,0.285652,2.731318,IND,FJI,840310
9583380,166,75,8767,2006,14431.0,0.0,0.5371,0.8240209999999999,NZL,FJI,840310
9583381,231,75,8767,2006,12124.0,0.0,1.666643,-0.121679,USA,FJI,840310
9583382,81,84,8767,2006,159644.0,0.0,1.824154,0.614424,GBR,GIB,840310
9583383,61,120,8767,2006,9905.0,0.0,2.132566,-2.773669,DEU,KNA,840310
9583384,231,213,8767,2006,4611.0,0.0,1.666643,-0.121679,USA,TCA,840310
9583385,59,237,8767,2006,186282.0,0.0,1.564058,0.6023649999999999,CZE,VGB,840310
9583386,102,237,8767,2006,32000.0,0.0,1.4034309999999999,0.835144,HUN,VGB,840310
9583387,206,237,8767,2006,106172.0,0.0,1.291583,0.868317,SVK,VGB,840310
9583388,61,17,8767,2006,1545.0,0.0,2.132566,-2.773669,DEU,BDI,840310
9583389,61,125,8767,2006,126478.0,0.0,2.132566,-2.773669,DEU,LBR,840310
9583390,28,135,8767,2006,5053.0,0.0,0.919853,0.384409,BLR,MDA,840310
9583391,41,135,8767,2006,19155.0,0.0,2.052534,0.515523,CHE,MDA,840310
9583392,43,135,8767,2006,23496.0,0.0,0.737888,2.54966,CHN,MDA,840310
9583393,59,135,8767,2006,388787.0,0.0,1.564058,0.6023649999999999,CZE,MDA,840310
9583394,61,135,8767,2006,2153285.0,0.0,2.132566,-2.773669,DEU,MDA,840310
9583395,64,135,8767,2006,687.0,0.0,1.2308700000000001,1.180914,DNK,MDA,840310
9583396,77,135,8767,2006,45098.0,0.0,1.47591,0.489466,FRA,MDA,840310
9583397,90,135,8767,2006,21364.0,0.0,0.261955,1.488958,GRC,MDA,840310
9583398,102,135,8767,2006,25287.0,0.0,1.4034309999999999,0.835144,HUN,MDA,840310
9583399,111,135,8767,2006,5599022.0,0.0,1.293779,0.93995,ITA,MDA,840310
9583400,115,135,8767,2006,0.0,73160.0,0.038229,-0.579421,KAZ,MDA,840310
9583401,162,135,8767,2006,9455.0,0.0,1.192134,1.450852,NLD,MDA,840310
9583402,177,135,8767,2006,290152.0,0.0,0.991927,1.474418,POL,MDA,840310
9583403,185,135,8767,2006,3259973.0,14570.0,0.550825,1.170744,ROU,MDA,840310
9583404,186,135,8767,2006,457858.0,0.0,0.801197,0.104683,RUS,MDA,840310
9583405,206,135,8767,2006,215276.0,0.0,1.291583,0.868317,SVK,MDA,840310
9583406,211,135,8767,2006,3368.0,0.0,-0.344619,-0.796139,SYC,MDA,840310
9583407,224,135,8767,2006,351078.0,0.0,0.33971599999999996,2.193384,TUR,MDA,840310
9583408,228,135,8767,2006,1165928.0,0.0,0.7008439999999999,0.79656,UKR,MDA,840310
9583409,23,140,8767,2006,39252.0,0.0,0.414563,1.378005,BGR,MKD,840310
9583410,26,140,8767,2006,34832.0,0.0,0.40788800000000003,0.562854,BIH,MKD,840310
9583411,41,140,8767,2006,2510.0,0.0,2.052534,0.515523,CHE,MKD,840310
9583412,59,140,8767,2006,33093.0,0.0,1.564058,0.6023649999999999,CZE,MKD,840310
9583413,61,140,8767,2006,104767.0,0.0,2.132566,-2.773669,DEU,MKD,840310
9583414,81,140,8767,2006,6976.0,0.0,1.824154,0.614424,GBR,MKD,840310
9583415,90,140,8767,2006,413436.0,3955.0,0.261955,1.488958,GRC,MKD,840310
9583416,100,140,8767,2006,195839.0,0.0,0.755787,0.992614,HRV,MKD,840310
9583417,111,140,8767,2006,291306.0,5782.0,1.293779,0.93995,ITA,MKD,840310
9583418,177,140,8767,2006,1376.0,0.0,0.991927,1.474418,POL,MKD,840310
9583419,201,140,8767,2006,640979.0,2342.0,0.547824,1.5588879999999998,SRB,MKD,840310
9583420,206,140,8767,2006,8303.0,0.0,1.291583,0.868317,SVK,MKD,840310
9583421,207,140,8767,2006,15324.0,0.0,1.5882370000000001,0.800719,SVN,MKD,840310
9583422,224,140,8767,2006,11354.0,0.0,0.33971599999999996,2.193384,TUR,MKD,840310
9583423,26,144,8767,2006,21506.0,0.0,0.40788800000000003,0.562854,BIH,MNE,840310
9583424,43,144,8767,2006,33254.0,0.0,0.737888,2.54966,CHN,MNE,840310
9583425,59,144,8767,2006,12916.0,0.0,1.564058,0.6023649999999999,CZE,MNE,840310
9583426,61,144,8767,2006,13771.0,0.0,2.132566,-2.773669,DEU,MNE,840310
9583427,90,144,8767,2006,3500.0,0.0,0.261955,1.488958,GRC,MNE,840310
9583428,100,144,8767,2006,19131.0,0.0,0.755787,0.992614,HRV,MNE,840310
9583429,111,144,8767,2006,1787.0,0.0,1.293779,0.93995,ITA,MNE,840310
9583430,201,144,8767,2006,299359.0,0.0,0.547824,1.5588879999999998,SRB,MNE,840310
9583431,206,144,8767,2006,24954.0,0.0,1.291583,0.868317,SVK,MNE,840310
9583432,207,144,8767,2006,13943.0,0.0,1.5882370000000001,0.800719,SVN,MNE,840310
9583433,32,178,8767,2006,0.0,6638.0,0.633889,1.1474520000000001,BRA,PRK,840310
9583434,43,178,8767,2006,94431.0,0.0,0.737888,2.54966,CHN,PRK,840310
9583435,186,178,8767,2006,0.0,32460.0,0.801197,0.104683,RUS,PRK,840310
9583436,246,209,8767,2006,622404.0,67.0,0.37964499999999995,1.466326,ZAF,SWZ,840310
9583437,186,219,8767,2006,120781.0,0.0,0.801197,0.104683,RUS,TKM,840310
9583438,224,219,8767,2006,311379.0,0.0,0.33971599999999996,2.193384,TUR,TKM,840310
9583439,23,232,8767,2006,2440.0,0.0,0.414563,1.378005,BGR,UZB,840310
9583440,59,232,8767,2006,204833.0,0.0,1.564058,0.6023649999999999,CZE,UZB,840310
9583441,61,232,8767,2006,388999.0,0.0,2.132566,-2.773669,DEU,UZB,840310
9583442,71,232,8767,2006,45526.0,0.0,0.9091370000000001,2.068166,ESP,UZB,840310
9583443,77,232,8767,2006,47703.0,0.0,1.47591,0.489466,FRA,UZB,840310
9583444,107,232,8767,2006,5284.0,0.0,-0.391023,-0.767861,IRN,UZB,840310
9583445,111,232,8767,2006,177901.0,0.0,1.293779,0.93995,ITA,UZB,840310
9583446,121,232,8767,2006,59065.0,0.0,1.5384309999999999,0.766628,KOR,UZB,840310
9583447,177,232,8767,2006,9488.0,0.0,0.991927,1.474418,POL,UZB,840310
9583448,186,232,8767,2006,48966.0,0.0,0.801197,0.104683,RUS,UZB,840310
9583449,206,232,8767,2006,5088.0,0.0,1.291583,0.868317,SVK,UZB,840310
9583450,224,232,8767,2006,76045.0,0.0,0.33971599999999996,2.193384,TUR,UZB,840310
9583451,228,232,8767,2006,51924.0,0.0,0.7008439999999999,0.79656,UKR,UZB,840310
9583452,61,73,8767,2006,1019.0,0.0,2.132566,-2.773669,DEU,ETH,840310
9583453,111,73,8767,2006,1150.0,0.0,1.293779,0.93995,ITA,ETH,840310
9583454,231,127,8767,2006,1328.0,0.0,1.666643,-0.121679,USA,LCA,840310
9583455,183,0,8767,2006,0.0,1701.0,0.055777999999999994,-1.0379049999999999,QAT,ABW,840310
9583456,231,0,8767,2006,122002.0,0.0,1.666643,-0.121679,USA,ABW,840310
9583457,71,5,8767,2006,897078.0,6563.0,0.9091370000000001,2.068166,ESP,AND,840310
9583458,77,5,8767,2006,191976.0,4640.0,1.47591,0.489466,FRA,AND,840310
9583459,222,91,8767,2006,1014.0,0.0,-0.20651399999999998,-1.024907,TTO,GRD,840310
9583460,231,91,8767,2006,16732.0,0.0,1.666643,-0.121679,USA,GRD,840310
9583461,104,141,8767,2006,41509.0,0.0,0.285652,2.731318,IND,MLI,840310
9583462,246,152,8767,2006,3777.0,0.0,0.37964499999999995,1.466326,ZAF,MWI,840310
9583463,249,152,8767,2006,1728.0,0.0,1.619915,1.2289940000000001,TWN,MWI,840310
9583464,14,240,8767,2006,34958.0,0.0,0.067166,0.373148,AUS,VUT,840310
9583465,59,250,8767,2006,8991.0,4450.0,1.564058,0.6023649999999999,CZE,ANS,840310
9583466,68,250,8767,2006,0.0,14449.0,-0.182272,0.40222399999999997,EGY,ANS,840310
9583467,72,250,8767,2006,0.0,457727.0,0.6426350000000001,0.925003,EST,ANS,840310
9583468,106,250,8767,2006,0.0,637505.0,1.43804,0.06463200000000001,IRL,ANS,840310
9583469,107,250,8767,2006,0.0,2352.0,-0.391023,-0.767861,IRN,ANS,840310
9583470,111,250,8767,2006,13939.0,0.0,1.293779,0.93995,ITA,ANS,840310
9583471,113,250,8767,2006,61420.0,37407.0,0.166718,0.331248,JOR,ANS,840310
9583472,121,250,8767,2006,7361.0,0.0,1.5384309999999999,0.766628,KOR,ANS,840310
9583473,136,250,8767,2006,0.0,2436.0,-1.024657,-0.393395,MDG,ANS,840310
9583474,177,250,8767,2006,0.0,200118.0,0.991927,1.474418,POL,ANS,840310
9583475,185,250,8767,2006,0.0,19486.0,0.550825,1.170744,ROU,ANS,840310
9583476,186,250,8767,2006,4429.0,9600.0,0.801197,0.104683,RUS,ANS,840310
9583477,201,250,8767,2006,0.0,1217006.0,0.547824,1.5588879999999998,SRB,ANS,840310
9583478,206,250,8767,2006,0.0,6197460.0,1.291583,0.868317,SVK,ANS,840310
9583479,207,250,8767,2006,0.0,530529.0,1.5882370000000001,0.800719,SVN,ANS,840310
9583480,212,250,8767,2006,0.0,922514.0,-0.588695,0.532487,SYR,ANS,840310
9583481,223,250,8767,2006,0.0,1365.0,-0.013636,0.804752,TUN,ANS,840310
9583482,224,250,8767,2006,596470.0,130970.0,0.33971599999999996,2.193384,TUR,ANS,840310
9583483,23,1,8767,2006,5501.0,0.0,0.414563,1.378005,BGR,AFG,840310
9583484,61,1,8767,2006,134205.0,0.0,2.132566,-2.773669,DEU,AFG,840310
9583485,107,1,8767,2006,43103.0,0.0,-0.391023,-0.767861,IRN,AFG,840310
9583486,224,1,8767,2006,75652.0,0.0,0.33971599999999996,2.193384,TUR,AFG,840310
9583487,18,2,8767,2006,9614.0,0.0,1.2222540000000002,1.383027,BEL,AGO,840310
9583488,32,2,8767,2006,17054.0,0.0,0.633889,1.1474520000000001,BRA,AGO,840310
9583489,179,2,8767,2006,142065.0,0.0,0.5723630000000001,1.92303,PRT,AGO,840310
9583490,43,4,8767,2006,2121.0,0.0,0.737888,2.54966,CHN,ALB,840310
9583491,90,4,8767,2006,169645.0,0.0,0.261955,1.488958,GRC,ALB,840310
9583492,102,4,8767,2006,29843.0,0.0,1.4034309999999999,0.835144,HUN,ALB,840310
9583493,111,4,8767,2006,430812.0,0.0,1.293779,0.93995,ITA,ALB,840310
9583494,121,4,8767,2006,158611.0,0.0,1.5384309999999999,0.766628,KOR,ALB,840310
9583495,207,4,8767,2006,16069.0,5283.0,1.5882370000000001,0.800719,SVN,ALB,840310
9583496,224,4,8767,2006,10821.0,0.0,0.33971599999999996,2.193384,TUR,ALB,840310
9583497,231,4,8767,2006,1139.0,0.0,1.666643,-0.121679,USA,ALB,840310
9583498,43,9,8767,2006,25217.0,0.0,0.737888,2.54966,CHN,ARM,840310
9583499,58,9,8767,2006,1256.0,0.0,0.708267,-0.048096,CYP,ARM,840310
9583500,59,9,8767,2006,98423.0,0.0,1.564058,0.6023649999999999,CZE,ARM,840310
9583501,61,9,8767,2006,275447.0,0.0,2.132566,-2.773669,DEU,ARM,840310
9583502,71,9,8767,2006,16443.0,0.0,0.9091370000000001,2.068166,ESP,ARM,840310
9583503,74,9,8767,2006,256629.0,0.0,1.864038,0.8193940000000001,FIN,ARM,840310
9583504,77,9,8767,2006,7894.0,0.0,1.47591,0.489466,FRA,ARM,840310
9583505,82,9,8767,2006,101173.0,0.0,0.076711,-0.47216099999999994,GEO,ARM,840310
9583506,102,9,8767,2006,5458.0,0.0,1.4034309999999999,0.835144,HUN,ARM,840310
9583507,107,9,8767,2006,17054.0,0.0,-0.391023,-0.767861,IRN,ARM,840310
9583508,111,9,8767,2006,3831863.0,0.0,1.293779,0.93995,ITA,ARM,840310
9583509,121,9,8767,2006,118251.0,0.0,1.5384309999999999,0.766628,KOR,ARM,840310
9583510,132,9,8767,2006,183685.0,0.0,0.531375,0.9414170000000001,LVA,ARM,840310
9583511,162,9,8767,2006,53494.0,0.0,1.192134,1.450852,NLD,ARM,840310
9583512,177,9,8767,2006,7363.0,0.0,0.991927,1.474418,POL,ARM,840310
9583513,186,9,8767,2006,26668.0,0.0,0.801197,0.104683,RUS,ARM,840310
9583514,206,9,8767,2006,9382.0,0.0,1.291583,0.868317,SVK,ARM,840310
9583515,208,9,8767,2006,16465.0,0.0,1.902737,0.593294,SWE,ARM,840310
9583516,224,9,8767,2006,4330.0,0.0,0.33971599999999996,2.193384,TUR,ARM,840310
9583517,43,34,8767,2006,5147.0,0.0,0.737888,2.54966,CHN,BRN,840310
9583518,192,34,8767,2006,122341.0,0.0,1.5377379999999998,0.503089,SGP,BRN,840310
9583519,110,62,8767,2006,78000.0,0.0,1.3082129999999998,0.783845,ISR,DJI,840310
9583520,246,85,8767,2006,2084.0,0.0,0.37964499999999995,1.466326,ZAF,GIN,840310
9583521,231,87,8767,2006,8756.0,0.0,1.666643,-0.121679,USA,GMB,840310
9583522,41,108,8767,2006,180283.0,0.0,2.052534,0.515523,CHE,IRQ,840310
9583523,61,108,8767,2006,19049.0,0.0,2.132566,-2.773669,DEU,IRQ,840310
9583524,104,108,8767,2006,87425.0,0.0,0.285652,2.731318,IND,IRQ,840310
9583525,107,108,8767,2006,2428.0,0.0,-0.391023,-0.767861,IRN,IRQ,840310
9583526,113,108,8767,2006,15971.0,0.0,0.166718,0.331248,JOR,IRQ,840310
9583527,224,108,8767,2006,497460.0,0.0,0.33971599999999996,2.193384,TUR,IRQ,840310
9583528,61,109,8767,2006,223753.0,0.0,2.132566,-2.773669,DEU,ISL,840310
9583529,74,109,8767,2006,44059.0,0.0,1.864038,0.8193940000000001,FIN,ISL,840310
9583530,77,109,8767,2006,973.0,0.0,1.47591,0.489466,FRA,ISL,840310
9583531,78,109,8767,2006,3921.0,0.0,-0.117631,-0.69352,FRO,ISL,840310
9583532,81,109,8767,2006,1334.0,0.0,1.824154,0.614424,GBR,ISL,840310
9583533,162,109,8767,2006,32519.0,0.0,1.192134,1.450852,NLD,ISL,840310
9583534,163,109,8767,2006,42405.0,0.0,1.0787930000000001,0.014051,NOR,ISL,840310
9583535,208,109,8767,2006,4564.0,0.0,1.902737,0.593294,SWE,ISL,840310
9583536,15,126,8767,2006,56133.0,0.0,1.775669,0.192717,AUT,LBY,840310
9583537,77,126,8767,2006,55235.0,0.0,1.47591,0.489466,FRA,LBY,840310
9583538,81,126,8767,2006,20623.0,0.0,1.824154,0.614424,GBR,LBY,840310
9583539,111,126,8767,2006,28828.0,0.0,1.293779,0.93995,ITA,LBY,840310
9583540,121,126,8767,2006,13633.0,0.0,1.5384309999999999,0.766628,KOR,LBY,840310
9583541,39,133,8767,2006,9371.0,0.0,0.865685,1.1480489999999999,CAN,MAC,840310
9583542,43,133,8767,2006,0.0,6935.0,0.737888,2.54966,CHN,MAC,840310
9583543,114,133,8767,2006,719.0,0.0,2.4348099999999997,0.082887,JPN,MAC,840310
9583544,192,137,8767,2006,19402.0,0.0,1.5377379999999998,0.503089,SGP,MDV,840310
9583545,216,137,8767,2006,288062.0,0.0,0.568209,1.685343,THA,MDV,840310
9583546,15,145,8767,2006,1092.0,0.0,1.775669,0.192717,AUT,MNG,840310
9583547,43,145,8767,2006,94305.0,0.0,0.737888,2.54966,CHN,MNG,840310
9583548,59,145,8767,2006,142359.0,0.0,1.564058,0.6023649999999999,CZE,MNG,840310
9583549,61,145,8767,2006,48308.0,0.0,2.132566,-2.773669,DEU,MNG,840310
9583550,102,145,8767,2006,95649.0,0.0,1.4034309999999999,0.835144,HUN,MNG,840310
9583551,114,145,8767,2006,1224.0,0.0,2.4348099999999997,0.082887,JPN,MNG,840310
9583552,121,145,8767,2006,47629.0,0.0,1.5384309999999999,0.766628,KOR,MNG,840310
9583553,177,145,8767,2006,37315.0,0.0,0.991927,1.474418,POL,MNG,840310
9583554,186,145,8767,2006,107765.0,0.0,0.801197,0.104683,RUS,MNG,840310
9583555,192,145,8767,2006,1086.0,0.0,1.5377379999999998,0.503089,SGP,MNG,840310
9583556,201,145,8767,2006,14430.0,0.0,0.547824,1.5588879999999998,SRB,MNG,840310
9583557,207,145,8767,2006,15083.0,0.0,1.5882370000000001,0.800719,SVN,MNG,840310
9583558,18,156,8767,2006,2193.0,0.0,1.2222540000000002,1.383027,BEL,NCL,840310
9583559,77,156,8767,2006,1187.0,0.0,1.47591,0.489466,FRA,NCL,840310
9583560,77,182,8767,2006,10797.0,0.0,1.47591,0.489466,FRA,PYF,840310
9583561,231,182,8767,2006,8168.0,0.0,1.666643,-0.121679,USA,PYF,840310
9583562,7,190,8767,2006,2959.0,0.0,0.053903999999999994,-0.735124,ARE,SDN,840310
9583563,43,190,8767,2006,4235.0,0.0,0.737888,2.54966,CHN,SDN,840310
9583564,59,190,8767,2006,122452.0,0.0,1.564058,0.6023649999999999,CZE,SDN,840310
9583565,111,190,8767,2006,30339.0,0.0,1.293779,0.93995,ITA,SDN,840310
9583566,188,190,8767,2006,6736.0,0.0,0.162432,-0.853059,SAU,SDN,840310
9583567,59,211,8767,2006,13985.0,0.0,1.564058,0.6023649999999999,CZE,SYC,840310
9583568,135,211,8767,2006,0.0,3368.0,-0.017707,0.135305,MDA,SYC,840310
9583569,151,211,8767,2006,1411.0,0.0,-0.311109,-0.07267,MUS,SYC,840310
9583570,246,211,8767,2006,2727.0,0.0,0.37964499999999995,1.466326,ZAF,SYC,840310
9583571,61,214,8767,2006,120507.0,0.0,2.132566,-2.773669,DEU,TCD,840310
9583572,18,21,8767,2006,22990.0,0.0,1.2222540000000002,1.383027,BEL,BFA,840310
9583573,116,46,8767,2006,10647.0,0.0,-0.38287899999999997,1.060286,KEN,COD,840310
9583574,246,46,8767,2006,52274.0,0.0,0.37964499999999995,1.466326,ZAF,COD,840310
9583575,124,47,8767,2006,1915.0,0.0,0.3861,1.586183,LBN,COG,840310
9583576,18,78,8767,2006,8614.0,0.0,1.2222540000000002,1.383027,BEL,FRO,840310
9583577,61,78,8767,2006,1793.0,0.0,2.132566,-2.773669,DEU,FRO,840310
9583578,64,78,8767,2006,159466.0,0.0,1.2308700000000001,1.180914,DNK,FRO,840310
9583579,74,78,8767,2006,24887.0,0.0,1.864038,0.8193940000000001,FIN,FRO,840310
9583580,109,78,8767,2006,0.0,3921.0,0.170234,-0.302203,ISL,FRO,840310
9583581,111,78,8767,2006,21621.0,0.0,1.293779,0.93995,ITA,FRO,840310
9583582,114,78,8767,2006,5366.0,0.0,2.4348099999999997,0.082887,JPN,FRO,840310
9583583,208,78,8767,2006,21799.0,0.0,1.902737,0.593294,SWE,FRO,840310
9583584,111,89,8767,2006,17065.0,0.0,1.293779,0.93995,ITA,GNQ,840310
9583585,61,92,8767,2006,4453.0,0.0,2.132566,-2.773669,DEU,GRL,840310
9583586,64,92,8767,2006,811935.0,0.0,1.2308700000000001,1.180914,DNK,GRL,840310
9583587,163,92,8767,2006,934.0,0.0,1.0787930000000001,0.014051,NOR,GRL,840310
9583588,43,143,8767,2006,2009.0,0.0,0.737888,2.54966,CHN,MMR,840310
9583589,61,143,8767,2006,1005.0,0.0,2.132566,-2.773669,DEU,MMR,840310
9583590,104,143,8767,2006,72728.0,0.0,0.285652,2.731318,IND,MMR,840310
9583591,61,181,8767,2006,113203.0,0.0,2.132566,-2.773669,DEU,PSE,840310
9583592,113,181,8767,2006,9723.0,0.0,0.166718,0.331248,JOR,PSE,840310
9583593,121,181,8767,2006,0.0,1307.0,1.5384309999999999,0.766628,KOR,PSE,840310
9583594,81,196,8767,2006,8641.0,0.0,1.824154,0.614424,GBR,SLE,840310
9583595,115,198,8767,2006,0.0,7669.0,0.038229,-0.579421,KAZ,SMR,840310
9583596,77,215,8767,2006,18830.0,0.0,1.47591,0.489466,FRA,TGO,840310
9583597,111,215,8767,2006,107814.0,0.0,1.293779,0.93995,ITA,TGO,840310
9583598,74,217,8767,2006,52894.0,0.0,1.864038,0.8193940000000001,FIN,TJK,840310
9583599,115,217,8767,2006,2759.0,0.0,0.038229,-0.579421,KAZ,TJK,840310
9583600,117,217,8767,2006,4832.0,0.0,-0.034069,0.136694,KGZ,TJK,840310
9583601,121,217,8767,2006,1855.0,0.0,1.5384309999999999,0.766628,KOR,TJK,840310
9583602,186,217,8767,2006,10558.0,0.0,0.801197,0.104683,RUS,TJK,840310
9583603,224,217,8767,2006,3392.0,0.0,0.33971599999999996,2.193384,TUR,TJK,840310
9583604,111,57,8767,2006,7666.0,0.0,1.293779,0.93995,ITA,CYM,840310
9583605,81,76,8767,2006,13560.0,0.0,1.824154,0.614424,GBR,FLK,840310
9583606,216,123,8767,2006,27652.0,0.0,0.568209,1.685343,THA,LAO,840310
9583607,104,164,8767,2006,67993.0,0.0,0.285652,2.731318,IND,NPL,840310
9583608,153,176,8767,2006,66828.0,0.0,0.7896569999999999,0.363625,MYS,PNG,840310
9583609,61,241,8767,2006,395085.0,0.0,2.132566,-2.773669,DEU,WLF,840310
9583610,61,35,8767,2006,3206.0,0.0,2.132566,-2.773669,DEU,BTN,840310
9583611,77,200,8767,2006,125534.0,0.0,1.47591,0.489466,FRA,SPM,840310
9583612,162,6,8777,2006,23044.0,0.0,1.192134,1.450852,NLD,ANT,840710
9583613,231,6,8777,2006,91072.0,243535.0,1.666643,-0.121679,USA,ANT,840710
9583614,236,6,8777,2006,310.0,0.0,-0.340972,-1.015462,VEN,ANT,840710
9583615,15,8,8777,2006,15332.0,0.0,1.775669,0.192717,AUT,ARG,840710
9583616,42,8,8777,2006,483038.0,59889.0,-0.188298,-0.46778000000000003,CHL,ARG,840710
9583617,77,8,8777,2006,15642.0,0.0,1.47591,0.489466,FRA,ARG,840710
9583618,111,8,8777,2006,7568.0,0.0,1.293779,0.93995,ITA,ARG,840710
9583619,114,8,8777,2006,6635.0,0.0,2.4348099999999997,0.082887,JPN,ARG,840710
9583620,208,8,8777,2006,6405.0,0.0,1.902737,0.593294,SWE,ARG,840710
9583621,230,8,8777,2006,0.0,17937.0,0.234384,0.118878,URY,ARG,840710
9583622,231,8,8777,2006,722447.0,40289.0,1.666643,-0.121679,USA,ARG,840710
9583623,231,13,8777,2006,131218.0,0.0,1.666643,-0.121679,USA,ATG,840710
9583624,7,15,8777,2006,0.0,319227.0,0.053903999999999994,-0.735124,ARE,AUT,840710
9583625,8,15,8777,2006,0.0,15332.0,0.33055,0.665867,ARG,AUT,840710
9583626,14,15,8777,2006,3596.0,1379214.0,0.067166,0.373148,AUS,AUT,840710
9583627,16,15,8777,2006,0.0,34520.0,-0.521304,-1.035764,AZE,AUT,840710
9583628,23,15,8777,2006,0.0,10620.0,0.414563,1.378005,BGR,AUT,840710
9583629,28,15,8777,2006,0.0,4659.0,0.919853,0.384409,BLR,AUT,840710
9583630,32,15,8777,2006,0.0,484260.0,0.633889,1.1474520000000001,BRA,AUT,840710
9583631,39,15,8777,2006,3282.0,926539.0,0.865685,1.1480489999999999,CAN,AUT,840710
9583632,41,15,8777,2006,763077.0,25687.0,2.052534,0.515523,CHE,AUT,840710
9583633,43,15,8777,2006,943.0,1323087.0,0.737888,2.54966,CHN,AUT,840710
9583634,49,15,8777,2006,0.0,30837.0,0.129887,0.44371700000000003,COL,AUT,840710
9583635,59,15,8777,2006,24074.0,4286562.0,1.564058,0.6023649999999999,CZE,AUT,840710
9583636,61,15,8777,2006,240619.0,7868640.0,2.132566,-2.773669,DEU,AUT,840710
9583637,64,15,8777,2006,0.0,8131.0,1.2308700000000001,1.180914,DNK,AUT,840710
9583638,71,15,8777,2006,0.0,1152376.0,0.9091370000000001,2.068166,ESP,AUT,840710
9583639,77,15,8777,2006,0.0,2920364.0,1.47591,0.489466,FRA,AUT,840710
9583640,81,15,8777,2006,12836.0,1528496.0,1.824154,0.614424,GBR,AUT,840710
9583641,83,15,8777,2006,0.0,17315.0,-0.9934860000000001,-0.809318,GHA,AUT,840710
9583642,97,15,8777,2006,0.0,320209.0,0.5776319999999999,2.076782,HKG,AUT,840710
9583643,100,15,8777,2006,54150.0,171280.0,0.755787,0.992614,HRV,AUT,840710
9583644,102,15,8777,2006,0.0,863838.0,1.4034309999999999,0.835144,HUN,AUT,840710
9583645,104,15,8777,2006,0.0,46440.0,0.285652,2.731318,IND,AUT,840710
9583646,107,15,8777,2006,0.0,152538.0,-0.391023,-0.767861,IRN,AUT,840710
9583647,110,15,8777,2006,1445.0,392462.0,1.3082129999999998,0.783845,ISR,AUT,840710
9583648,111,15,8777,2006,1886.0,5153733.0,1.293779,0.93995,ITA,AUT,840710
9583649,114,15,8777,2006,16900.0,33251.0,2.4348099999999997,0.082887,JPN,AUT,840710
9583650,115,15,8777,2006,0.0,8250.0,0.038229,-0.579421,KAZ,AUT,840710
9583651,121,15,8777,2006,0.0,25187.0,1.5384309999999999,0.766628,KOR,AUT,840710
9583652,138,15,8777,2006,0.0,6373.0,1.047268,0.7142270000000001,MEX,AUT,840710
9583653,163,15,8777,2006,0.0,3134.0,1.0787930000000001,0.014051,NOR,AUT,840710
9583654,166,15,8777,2006,0.0,67077.0,0.5371,0.8240209999999999,NZL,AUT,840710
9583655,177,15,8777,2006,0.0,600139.0,0.991927,1.474418,POL,AUT,840710
9583656,185,15,8777,2006,0.0,96299.0,0.550825,1.170744,ROU,AUT,840710
9583657,186,15,8777,2006,0.0,836890.0,0.801197,0.104683,RUS,AUT,840710
9583658,206,15,8777,2006,0.0,520932.0,1.291583,0.868317,SVK,AUT,840710
9583659,207,15,8777,2006,0.0,326432.0,1.5882370000000001,0.800719,SVN,AUT,840710
9583660,208,15,8777,2006,0.0,174443.0,1.902737,0.593294,SWE,AUT,840710
9583661,216,15,8777,2006,0.0,3107.0,0.568209,1.685343,THA,AUT,840710
9583662,228,15,8777,2006,0.0,76297.0,0.7008439999999999,0.79656,UKR,AUT,840710
9583663,231,15,8777,2006,260589.0,6562555.0,1.666643,-0.121679,USA,AUT,840710
9583664,246,15,8777,2006,0.0,616329.0,0.37964499999999995,1.466326,ZAF,AUT,840710
9583665,249,15,8777,2006,12258.0,0.0,1.619915,1.2289940000000001,TWN,AUT,840710
9583666,14,18,8777,2006,0.0,240799.0,0.067166,0.373148,AUS,BEL,840710
9583667,32,18,8777,2006,0.0,4948458.0,0.633889,1.1474520000000001,BRA,BEL,840710
9583668,39,18,8777,2006,28443.0,0.0,0.865685,1.1480489999999999,CAN,BEL,840710
9583669,41,18,8777,2006,9586.0,0.0,2.052534,0.515523,CHE,BEL,840710
9583670,51,18,8777,2006,31504.0,0.0,0.369814,-0.414812,CPV,BEL,840710
9583671,59,18,8777,2006,11652.0,0.0,1.564058,0.6023649999999999,CZE,BEL,840710
9583672,61,18,8777,2006,111328.0,0.0,2.132566,-2.773669,DEU,BEL,840710
9583673,68,18,8777,2006,0.0,1465221.0,-0.182272,0.40222399999999997,EGY,BEL,840710
9583674,71,18,8777,2006,0.0,2967.0,0.9091370000000001,2.068166,ESP,BEL,840710
9583675,77,18,8777,2006,68470.0,4847.0,1.47591,0.489466,FRA,BEL,840710
9583676,80,18,8777,2006,0.0,2968.0,-1.6696819999999999,-1.173322,GAB,BEL,840710
9583677,97,18,8777,2006,0.0,78574.0,0.5776319999999999,2.076782,HKG,BEL,840710
9583678,106,18,8777,2006,0.0,1903.0,1.43804,0.06463200000000001,IRL,BEL,840710
9583679,110,18,8777,2006,0.0,3491.0,1.3082129999999998,0.783845,ISR,BEL,840710
9583680,111,18,8777,2006,21935.0,0.0,1.293779,0.93995,ITA,BEL,840710
9583681,131,18,8777,2006,6127.0,6977.0,1.4345620000000001,0.8840819999999999,LUX,BEL,840710
9583682,162,18,8777,2006,129117.0,716168.0,1.192134,1.450852,NLD,BEL,840710
9583683,163,18,8777,2006,19173.0,0.0,1.0787930000000001,0.014051,NOR,BEL,840710
9583684,166,18,8777,2006,0.0,9873.0,0.5371,0.8240209999999999,NZL,BEL,840710
9583685,179,18,8777,2006,2295825.0,0.0,0.5723630000000001,1.92303,PRT,BEL,840710
9583686,185,18,8777,2006,801816.0,939104.0,0.550825,1.170744,ROU,BEL,840710
9583687,188,18,8777,2006,0.0,14816912.0,0.162432,-0.853059,SAU,BEL,840710
9583688,192,18,8777,2006,2549786.0,0.0,1.5377379999999998,0.503089,SGP,BEL,840710
9583689,216,18,8777,2006,0.0,121545.0,0.568209,1.685343,THA,BEL,840710
9583690,224,18,8777,2006,0.0,2645718.0,0.33971599999999996,2.193384,TUR,BEL,840710
9583691,231,18,8777,2006,1181668.0,686402.0,1.666643,-0.121679,USA,BEL,840710
9583692,246,18,8777,2006,4953597.0,0.0,0.37964499999999995,1.466326,ZAF,BEL,840710
9583693,39,25,8777,2006,650626.0,0.0,0.865685,1.1480489999999999,CAN,BHS,840710
9583694,231,25,8777,2006,294536.0,269226.0,1.666643,-0.121679,USA,BHS,840710
9583695,32,31,8777,2006,0.0,27503.0,0.633889,1.1474520000000001,BRA,BOL,840710
9583696,59,31,8777,2006,88299.0,0.0,1.564058,0.6023649999999999,CZE,BOL,840710
9583697,162,31,8777,2006,213892.0,0.0,1.192134,1.450852,NLD,BOL,840710
9583698,231,31,8777,2006,105832.0,170963.0,1.666643,-0.121679,USA,BOL,840710
9583699,14,32,8777,2006,125772.0,0.0,0.067166,0.373148,AUS,BRA,840710
9583700,15,32,8777,2006,484260.0,0.0,1.775669,0.192717,AUT,BRA,840710
9583701,18,32,8777,2006,4948458.0,0.0,1.2222540000000002,1.383027,BEL,BRA,840710
9583702,31,32,8777,2006,27503.0,0.0,-0.805185,-0.754091,BOL,BRA,840710
9583703,49,32,8777,2006,1934.0,0.0,0.129887,0.44371700000000003,COL,BRA,840710
9583704,54,32,8777,2006,17283.0,62806.0,0.204039,-0.5183260000000001,CUB,BRA,840710
9583705,59,32,8777,2006,72901.0,0.0,1.564058,0.6023649999999999,CZE,BRA,840710
9583706,67,32,8777,2006,918.0,0.0,-0.878583,-0.9462010000000001,ECU,BRA,840710
9583707,81,32,8777,2006,277026.0,0.0,1.824154,0.614424,GBR,BRA,840710
9583708,99,32,8777,2006,141575.0,0.0,-0.672074,-0.472138,HND,BRA,840710
9583709,114,32,8777,2006,44212.0,0.0,2.4348099999999997,0.082887,JPN,BRA,840710
9583710,159,32,8777,2006,0.0,6426.0,-2.094353,-1.215025,NGA,BRA,840710
9583711,162,32,8777,2006,0.0,72393.0,1.192134,1.450852,NLD,BRA,840710
9583712,169,32,8777,2006,4355.0,0.0,0.306664,0.638533,PAN,BRA,840710
9583713,192,32,8777,2006,3373942.0,0.0,1.5377379999999998,0.503089,SGP,BRA,840710
9583714,231,32,8777,2006,33466760.0,40166.0,1.666643,-0.121679,USA,BRA,840710
9583715,246,32,8777,2006,0.0,2078370.0,0.37964499999999995,1.466326,ZAF,BRA,840710
9583716,39,33,8777,2006,13615.0,0.0,0.865685,1.1480489999999999,CAN,BRB,840710
9583717,77,33,8777,2006,10087.0,0.0,1.47591,0.489466,FRA,BRB,840710
9583718,231,33,8777,2006,75648.0,0.0,1.666643,-0.121679,USA,BRB,840710
9583719,7,39,8777,2006,0.0,39239.0,0.053903999999999994,-0.735124,ARE,CAN,840710
9583720,14,39,8777,2006,562174.0,507219.0,0.067166,0.373148,AUS,CAN,840710
9583721,15,39,8777,2006,926539.0,3282.0,1.775669,0.192717,AUT,CAN,840710
9583722,18,39,8777,2006,0.0,28443.0,1.2222540000000002,1.383027,BEL,CAN,840710
9583723,25,39,8777,2006,0.0,650626.0,0.673694,-0.519608,BHS,CAN,840710
9583724,29,39,8777,2006,0.0,216501.0,-0.584902,-0.82437,BLZ,CAN,840710
9583725,33,39,8777,2006,0.0,13615.0,0.977267,0.6046560000000001,BRB,CAN,840710
9583726,34,39,8777,2006,152154.0,0.0,-1.331831,-0.9170940000000001,BRN,CAN,840710
9583727,37,39,8777,2006,0.0,326472.0,-1.0541459999999998,-1.179286,BWA,CAN,840710
9583728,41,39,8777,2006,5601.0,134621.0,2.052534,0.515523,CHE,CAN,840710
9583729,42,39,8777,2006,0.0,4253.0,-0.188298,-0.46778000000000003,CHL,CAN,840710
9583730,44,39,8777,2006,12562.0,501311.0,-0.8918530000000001,-0.8145819999999999,CIV,CAN,840710
9583731,49,39,8777,2006,26640.0,823361.0,0.129887,0.44371700000000003,COL,CAN,840710
9583732,54,39,8777,2006,0.0,1026296.0,0.204039,-0.5183260000000001,CUB,CAN,840710
9583733,59,39,8777,2006,35586.0,55017.0,1.564058,0.6023649999999999,CZE,CAN,840710
9583734,61,39,8777,2006,49958.0,4345956.0,2.132566,-2.773669,DEU,CAN,840710
9583735,64,39,8777,2006,0.0,149720.0,1.2308700000000001,1.180914,DNK,CAN,840710
9583736,68,39,8777,2006,6912.0,0.0,-0.182272,0.40222399999999997,EGY,CAN,840710
9583737,71,39,8777,2006,436009.0,1330856.0,0.9091370000000001,2.068166,ESP,CAN,840710
9583738,74,39,8777,2006,0.0,3433228.0,1.864038,0.8193940000000001,FIN,CAN,840710
9583739,77,39,8777,2006,12139.0,1255782.0,1.47591,0.489466,FRA,CAN,840710
9583740,80,39,8777,2006,0.0,54867.0,-1.6696819999999999,-1.173322,GAB,CAN,840710
9583741,81,39,8777,2006,8021586.0,189131.0,1.824154,0.614424,GBR,CAN,840710
9583742,85,39,8777,2006,0.0,189517.0,-1.8376720000000002,-1.229774,GIN,CAN,840710
9583743,92,39,8777,2006,0.0,478543.0,-1.0014,-0.935995,GRL,CAN,840710
9583744,97,39,8777,2006,0.0,8755.0,0.5776319999999999,2.076782,HKG,CAN,840710
9583745,103,39,8777,2006,0.0,132283.0,-0.21012399999999998,1.467838,IDN,CAN,840710
9583746,104,39,8777,2006,2294604.0,3551106.0,0.285652,2.731318,IND,CAN,840710
9583747,109,39,8777,2006,0.0,1506.0,0.170234,-0.302203,ISL,CAN,840710
9583748,110,39,8777,2006,11383.0,76982.0,1.3082129999999998,0.783845,ISR,CAN,840710
9583749,111,39,8777,2006,8818.0,0.0,1.293779,0.93995,ITA,CAN,840710
9583750,114,39,8777,2006,38979.0,4082243.0,2.4348099999999997,0.082887,JPN,CAN,840710
9583751,116,39,8777,2006,562987.0,1137875.0,-0.38287899999999997,1.060286,KEN,CAN,840710
9583752,121,39,8777,2006,603015.0,0.0,1.5384309999999999,0.766628,KOR,CAN,840710
9583753,130,39,8777,2006,25423.0,0.0,0.44063599999999997,1.163857,LTU,CAN,840710
9583754,134,39,8777,2006,0.0,7259.0,-0.547933,0.08257300000000001,MAR,CAN,840710
9583755,136,39,8777,2006,32478.0,118099.0,-1.024657,-0.393395,MDG,CAN,840710
9583756,137,39,8777,2006,0.0,76663.0,-0.240191,-0.8320290000000001,MDV,CAN,840710
9583757,138,39,8777,2006,2379740.0,247795.0,1.047268,0.7142270000000001,MEX,CAN,840710
9583758,155,39,8777,2006,103378.0,131856.0,-0.515361,-0.8027350000000001,NAM,CAN,840710
9583759,162,39,8777,2006,0.0,662515.0,1.192134,1.450852,NLD,CAN,840710
9583760,163,39,8777,2006,0.0,17856.0,1.0787930000000001,0.014051,NOR,CAN,840710
9583761,166,39,8777,2006,0.0,51593.0,0.5371,0.8240209999999999,NZL,CAN,840710
9583762,168,39,8777,2006,0.0,1312532.0,-0.449333,0.563013,PAK,CAN,840710
9583763,174,39,8777,2006,12008.0,9415.0,0.161994,0.036631,PHL,CAN,840710
9583764,177,39,8777,2006,70033.0,0.0,0.991927,1.474418,POL,CAN,840710
9583765,179,39,8777,2006,143233.0,0.0,0.5723630000000001,1.92303,PRT,CAN,840710
9583766,186,39,8777,2006,46387.0,0.0,0.801197,0.104683,RUS,CAN,840710
9583767,188,39,8777,2006,0.0,1587096.0,0.162432,-0.853059,SAU,CAN,840710
9583768,192,39,8777,2006,14833105.0,2086424.0,1.5377379999999998,0.503089,SGP,CAN,840710
9583769,207,39,8777,2006,0.0,632.0,1.5882370000000001,0.800719,SVN,CAN,840710
9583770,208,39,8777,2006,0.0,9298.0,1.902737,0.593294,SWE,CAN,840710
9583771,211,39,8777,2006,0.0,18050.0,-0.344619,-0.796139,SYC,CAN,840710
9583772,216,39,8777,2006,0.0,147120.0,0.568209,1.685343,THA,CAN,840710
9583773,222,39,8777,2006,143506.0,0.0,-0.20651399999999998,-1.024907,TTO,CAN,840710
9583774,226,39,8777,2006,0.0,1047.0,-0.953097,0.159129,TZA,CAN,840710
9583775,227,39,8777,2006,348495.0,181614.0,-0.702511,-0.43976099999999996,UGA,CAN,840710
9583776,231,39,8777,2006,49342232.0,20370816.0,1.666643,-0.121679,USA,CAN,840710
9583777,246,39,8777,2006,879443.0,220203.0,0.37964499999999995,1.466326,ZAF,CAN,840710
9583778,248,39,8777,2006,0.0,285641.0,-0.41825500000000004,-0.55313,ZWE,CAN,840710
9583779,249,39,8777,2006,0.0,2850494.0,1.619915,1.2289940000000001,TWN,CAN,840710
9583780,14,41,8777,2006,12967.0,0.0,0.067166,0.373148,AUS,CHE,840710
9583781,15,41,8777,2006,25687.0,763077.0,1.775669,0.192717,AUT,CHE,840710
9583782,16,41,8777,2006,0.0,1046861.0,-0.521304,-1.035764,AZE,CHE,840710
9583783,18,41,8777,2006,0.0,9586.0,1.2222540000000002,1.383027,BEL,CHE,840710
9583784,37,41,8777,2006,0.0,201153.0,-1.0541459999999998,-1.179286,BWA,CHE,840710
9583785,39,41,8777,2006,134621.0,5601.0,0.865685,1.1480489999999999,CAN,CHE,840710
9583786,61,41,8777,2006,810282.0,57758.0,2.132566,-2.773669,DEU,CHE,840710
9583787,64,41,8777,2006,0.0,26956.0,1.2308700000000001,1.180914,DNK,CHE,840710
9583788,71,41,8777,2006,2516.0,0.0,0.9091370000000001,2.068166,ESP,CHE,840710
9583789,77,41,8777,2006,105872.0,356145.0,1.47591,0.489466,FRA,CHE,840710
9583790,81,41,8777,2006,71141.0,0.0,1.824154,0.614424,GBR,CHE,840710
9583791,111,41,8777,2006,103203.0,324473.0,1.293779,0.93995,ITA,CHE,840710
9583792,116,41,8777,2006,0.0,342515.0,-0.38287899999999997,1.060286,KEN,CHE,840710
9583793,136,41,8777,2006,2917.0,0.0,-1.024657,-0.393395,MDG,CHE,840710
9583794,138,41,8777,2006,4327484.0,0.0,1.047268,0.7142270000000001,MEX,CHE,840710
9583795,142,41,8777,2006,83191.0,0.0,1.384411,0.093734,MLT,CHE,840710
9583796,162,41,8777,2006,0.0,18311.0,1.192134,1.450852,NLD,CHE,840710
9583797,188,41,8777,2006,3610.0,0.0,0.162432,-0.853059,SAU,CHE,840710
9583798,216,41,8777,2006,39966476.0,0.0,0.568209,1.685343,THA,CHE,840710
9583799,227,41,8777,2006,0.0,143131.0,-0.702511,-0.43976099999999996,UGA,CHE,840710
9583800,231,41,8777,2006,823030.0,84246.0,1.666643,-0.121679,USA,CHE,840710
9583801,8,42,8777,2006,59889.0,483038.0,0.33055,0.665867,ARG,CHL,840710
9583802,39,42,8777,2006,4253.0,0.0,0.865685,1.1480489999999999,CAN,CHL,840710
9583803,71,42,8777,2006,0.0,3072.0,0.9091370000000001,2.068166,ESP,CHL,840710
9583804,99,42,8777,2006,0.0,3336221.0,-0.672074,-0.472138,HND,CHL,840710
9583805,106,42,8777,2006,0.0,7964.0,1.43804,0.06463200000000001,IRL,CHL,840710
9583806,114,42,8777,2006,8143.0,0.0,2.4348099999999997,0.082887,JPN,CHL,840710
9583807,169,42,8777,2006,430459.0,1305188.0,0.306664,0.638533,PAN,CHL,840710
9583808,192,42,8777,2006,1864741.0,0.0,1.5377379999999998,0.503089,SGP,CHL,840710
9583809,230,42,8777,2006,0.0,5779.0,0.234384,0.118878,URY,CHL,840710
9583810,231,42,8777,2006,175380.0,182385.0,1.666643,-0.121679,USA,CHL,840710
9583811,14,43,8777,2006,41348.0,27308.0,0.067166,0.373148,AUS,CHN,840710
9583812,15,43,8777,2006,1323087.0,943.0,1.775669,0.192717,AUT,CHN,840710
9583813,34,43,8777,2006,0.0,3675.0,-1.331831,-0.9170940000000001,BRN,CHN,840710
9583814,61,43,8777,2006,39659.0,0.0,2.132566,-2.773669,DEU,CHN,840710
9583815,68,43,8777,2006,0.0,8027.0,-0.182272,0.40222399999999997,EGY,CHN,840710
9583816,73,43,8777,2006,0.0,2424.0,-0.9557180000000001,-0.9153479999999999,ETH,CHN,840710
9583817,77,43,8777,2006,35521.0,0.0,1.47591,0.489466,FRA,CHN,840710
9583818,81,43,8777,2006,150464.0,128109.0,1.824154,0.614424,GBR,CHN,840710
9583819,85,43,8777,2006,0.0,5818.0,-1.8376720000000002,-1.229774,GIN,CHN,840710
9583820,90,43,8777,2006,2873.0,250141.0,0.261955,1.488958,GRC,CHN,840710
9583821,97,43,8777,2006,3820238.0,3632628.0,0.5776319999999999,2.076782,HKG,CHN,840710
9583822,103,43,8777,2006,0.0,11666.0,-0.21012399999999998,1.467838,IDN,CHN,840710
9583823,111,43,8777,2006,49408.0,0.0,1.293779,0.93995,ITA,CHN,840710
9583824,114,43,8777,2006,34605.0,0.0,2.4348099999999997,0.082887,JPN,CHN,840710
9583825,122,43,8777,2006,0.0,967.0,-0.589823,-1.142795,KWT,CHN,840710
9583826,159,43,8777,2006,0.0,1707.0,-2.094353,-1.215025,NGA,CHN,840710
9583827,169,43,8777,2006,0.0,252406.0,0.306664,0.638533,PAN,CHN,840710
9583828,177,43,8777,2006,243709.0,0.0,0.991927,1.474418,POL,CHN,840710
9583829,192,43,8777,2006,31931944.0,0.0,1.5377379999999998,0.503089,SGP,CHN,840710
9583830,208,43,8777,2006,1784.0,0.0,1.902737,0.593294,SWE,CHN,840710
9583831,216,43,8777,2006,0.0,4166.0,0.568209,1.685343,THA,CHN,840710
9583832,228,43,8777,2006,0.0,5880.0,0.7008439999999999,0.79656,UKR,CHN,840710
9583833,231,43,8777,2006,922352.0,8155.0,1.666643,-0.121679,USA,CHN,840710
9583834,248,43,8777,2006,49572.0,0.0,-0.41825500000000004,-0.55313,ZWE,CHN,840710
9583835,249,43,8777,2006,0.0,6997.0,1.619915,1.2289940000000001,TWN,CHN,840710
9583836,15,49,8777,2006,30837.0,0.0,1.775669,0.192717,AUT,COL,840710
9583837,32,49,8777,2006,0.0,1934.0,0.633889,1.1474520000000001,BRA,COL,840710
9583838,39,49,8777,2006,823361.0,26640.0,0.865685,1.1480489999999999,CAN,COL,840710
9583839,52,49,8777,2006,113720.0,3795772.0,0.042663,-0.376672,CRI,COL,840710
9583840,59,49,8777,2006,95944.0,10249.0,1.564058,0.6023649999999999,CZE,COL,840710
9583841,67,49,8777,2006,23552.0,0.0,-0.878583,-0.9462010000000001,ECU,COL,840710
9583842,77,49,8777,2006,238610.0,0.0,1.47591,0.489466,FRA,COL,840710
9583843,111,49,8777,2006,11302.0,1477.0,1.293779,0.93995,ITA,COL,840710
9583844,114,49,8777,2006,4785.0,0.0,2.4348099999999997,0.082887,JPN,COL,840710
9583845,169,49,8777,2006,24567.0,0.0,0.306664,0.638533,PAN,COL,840710
9583846,186,49,8777,2006,643522.0,7739.0,0.801197,0.104683,RUS,COL,840710
9583847,206,49,8777,2006,18086.0,0.0,1.291583,0.868317,SVK,COL,840710
9583848,231,49,8777,2006,571711.0,3458858.0,1.666643,-0.121679,USA,COL,840710
9583849,246,49,8777,2006,3306.0,0.0,0.37964499999999995,1.466326,ZAF,COL,840710
9583850,49,52,8777,2006,3795772.0,113720.0,0.129887,0.44371700000000003,COL,CRI,840710
9583851,138,52,8777,2006,5684924.0,2425883.0,1.047268,0.7142270000000001,MEX,CRI,840710
9583852,169,52,8777,2006,8554.0,0.0,0.306664,0.638533,PAN,CRI,840710
9583853,179,52,8777,2006,1950509.0,0.0,0.5723630000000001,1.92303,PRT,CRI,840710
9583854,231,52,8777,2006,13056509.0,7617493.0,1.666643,-0.121679,USA,CRI,840710
9583855,7,59,8777,2006,0.0,22964.0,0.053903999999999994,-0.735124,ARE,CZE,840710
9583856,14,59,8777,2006,203916.0,22696.0,0.067166,0.373148,AUS,CZE,840710
9583857,15,59,8777,2006,4286562.0,24074.0,1.775669,0.192717,AUT,CZE,840710
9583858,18,59,8777,2006,0.0,11652.0,1.2222540000000002,1.383027,BEL,CZE,840710
9583859,23,59,8777,2006,14379.0,1354.0,0.414563,1.378005,BGR,CZE,840710
9583860,31,59,8777,2006,0.0,88299.0,-0.805185,-0.754091,BOL,CZE,840710
9583861,32,59,8777,2006,0.0,72901.0,0.633889,1.1474520000000001,BRA,CZE,840710
9583862,39,59,8777,2006,55017.0,35586.0,0.865685,1.1480489999999999,CAN,CZE,840710
9583863,47,59,8777,2006,0.0,24190.0,-1.9903240000000002,-1.189925,COG,CZE,840710
9583864,49,59,8777,2006,10249.0,95944.0,0.129887,0.44371700000000003,COL,CZE,840710
9583865,61,59,8777,2006,3946.0,88390.0,2.132566,-2.773669,DEU,CZE,840710
9583866,72,59,8777,2006,0.0,11360.0,0.6426350000000001,0.925003,EST,CZE,840710
9583867,81,59,8777,2006,0.0,77555.0,1.824154,0.614424,GBR,CZE,840710
9583868,90,59,8777,2006,0.0,3200.0,0.261955,1.488958,GRC,CZE,840710
9583869,93,59,8777,2006,599.0,0.0,-0.28642199999999995,0.5868439999999999,GTM,CZE,840710
9583870,97,59,8777,2006,0.0,2461.0,0.5776319999999999,2.076782,HKG,CZE,840710
9583871,99,59,8777,2006,0.0,296908.0,-0.672074,-0.472138,HND,CZE,840710
9583872,102,59,8777,2006,106143.0,42921.0,1.4034309999999999,0.835144,HUN,CZE,840710
9583873,104,59,8777,2006,0.0,48752.0,0.285652,2.731318,IND,CZE,840710
9583874,111,59,8777,2006,26309.0,0.0,1.293779,0.93995,ITA,CZE,840710
9583875,114,59,8777,2006,0.0,80876.0,2.4348099999999997,0.082887,JPN,CZE,840710
9583876,116,59,8777,2006,7674.0,0.0,-0.38287899999999997,1.060286,KEN,CZE,840710
9583877,121,59,8777,2006,0.0,16769.0,1.5384309999999999,0.766628,KOR,CZE,840710
9583878,130,59,8777,2006,0.0,1656.0,0.44063599999999997,1.163857,LTU,CZE,840710
9583879,132,59,8777,2006,0.0,12258.0,0.531375,0.9414170000000001,LVA,CZE,840710
9583880,138,59,8777,2006,0.0,2047.0,1.047268,0.7142270000000001,MEX,CZE,840710
9583881,153,59,8777,2006,0.0,33834.0,0.7896569999999999,0.363625,MYS,CZE,840710
9583882,162,59,8777,2006,0.0,37674.0,1.192134,1.450852,NLD,CZE,840710
9583883,163,59,8777,2006,6891.0,18345.0,1.0787930000000001,0.014051,NOR,CZE,840710
9583884,166,59,8777,2006,3539.0,84255.0,0.5371,0.8240209999999999,NZL,CZE,840710
9583885,174,59,8777,2006,0.0,82828.0,0.161994,0.036631,PHL,CZE,840710
9583886,177,59,8777,2006,287314.0,55558.0,0.991927,1.474418,POL,CZE,840710
9583887,185,59,8777,2006,7151.0,51820.0,0.550825,1.170744,ROU,CZE,840710
9583888,186,59,8777,2006,0.0,25078.0,0.801197,0.104683,RUS,CZE,840710
9583889,190,59,8777,2006,0.0,12422.0,-1.873762,-1.278378,SDN,CZE,840710
9583890,206,59,8777,2006,0.0,1071832.0,1.291583,0.868317,SVK,CZE,840710
9583891,208,59,8777,2006,11965.0,3793.0,1.902737,0.593294,SWE,CZE,840710
9583892,216,59,8777,2006,0.0,10991.0,0.568209,1.685343,THA,CZE,840710
9583893,219,59,8777,2006,0.0,348137.0,-1.155861,-1.200933,TKM,CZE,840710
9583894,226,59,8777,2006,0.0,13787.0,-0.953097,0.159129,TZA,CZE,840710
9583895,228,59,8777,2006,3948.0,67414.0,0.7008439999999999,0.79656,UKR,CZE,840710
9583896,231,59,8777,2006,614287.0,876973.0,1.666643,-0.121679,USA,CZE,840710
9583897,236,59,8777,2006,0.0,39558.0,-0.340972,-1.015462,VEN,CZE,840710
9583898,239,59,8777,2006,8477.0,17488.0,-0.342779,1.033318,VNM,CZE,840710
9583899,246,59,8777,2006,0.0,65937.0,0.37964499999999995,1.466326,ZAF,CZE,840710
9583900,7,61,8777,2006,0.0,178426.0,0.053903999999999994,-0.735124,ARE,DEU,840710
9583901,14,61,8777,2006,456478.0,91441.0,0.067166,0.373148,AUS,DEU,840710
9583902,15,61,8777,2006,7868640.0,240619.0,1.775669,0.192717,AUT,DEU,840710
9583903,18,61,8777,2006,0.0,111328.0,1.2222540000000002,1.383027,BEL,DEU,840710
9583904,23,61,8777,2006,19786.0,22625.0,0.414563,1.378005,BGR,DEU,840710
9583905,35,61,8777,2006,0.0,3271.0,-0.016287,-0.561397,BTN,DEU,840710
9583906,37,61,8777,2006,0.0,60125.0,-1.0541459999999998,-1.179286,BWA,DEU,840710
9583907,39,61,8777,2006,4345956.0,49958.0,0.865685,1.1480489999999999,CAN,DEU,840710
9583908,41,61,8777,2006,57758.0,810282.0,2.052534,0.515523,CHE,DEU,840710
9583909,43,61,8777,2006,0.0,39659.0,0.737888,2.54966,CHN,DEU,840710
9583910,44,61,8777,2006,95948.0,0.0,-0.8918530000000001,-0.8145819999999999,CIV,DEU,840710
9583911,59,61,8777,2006,88390.0,3946.0,1.564058,0.6023649999999999,CZE,DEU,840710
9583912,64,61,8777,2006,214180.0,18586.0,1.2308700000000001,1.180914,DNK,DEU,840710
9583913,68,61,8777,2006,0.0,5861.0,-0.182272,0.40222399999999997,EGY,DEU,840710
9583914,71,61,8777,2006,0.0,117641.0,0.9091370000000001,2.068166,ESP,DEU,840710
9583915,73,61,8777,2006,48794.0,192948.0,-0.9557180000000001,-0.9153479999999999,ETH,DEU,840710
9583916,74,61,8777,2006,0.0,13814.0,1.864038,0.8193940000000001,FIN,DEU,840710
9583917,77,61,8777,2006,258441.0,171609.0,1.47591,0.489466,FRA,DEU,840710
9583918,81,61,8777,2006,34576.0,72657.0,1.824154,0.614424,GBR,DEU,840710
9583919,82,61,8777,2006,0.0,6995.0,0.076711,-0.47216099999999994,GEO,DEU,840710
9583920,90,61,8777,2006,0.0,13203.0,0.261955,1.488958,GRC,DEU,840710
9583921,97,61,8777,2006,0.0,148356.0,0.5776319999999999,2.076782,HKG,DEU,840710
9583922,100,61,8777,2006,0.0,52261.0,0.755787,0.992614,HRV,DEU,840710
9583923,102,61,8777,2006,0.0,61226.0,1.4034309999999999,0.835144,HUN,DEU,840710
9583924,103,61,8777,2006,0.0,2035.0,-0.21012399999999998,1.467838,IDN,DEU,840710
9583925,104,61,8777,2006,0.0,16366079.0,0.285652,2.731318,IND,DEU,840710
9583926,107,61,8777,2006,0.0,21094.0,-0.391023,-0.767861,IRN,DEU,840710
9583927,110,61,8777,2006,0.0,51773.0,1.3082129999999998,0.783845,ISR,DEU,840710
9583928,111,61,8777,2006,331671.0,317551.0,1.293779,0.93995,ITA,DEU,840710
9583929,114,61,8777,2006,0.0,111976.0,2.4348099999999997,0.082887,JPN,DEU,840710
9583930,115,61,8777,2006,0.0,1436.0,0.038229,-0.579421,KAZ,DEU,840710
9583931,116,61,8777,2006,39712.0,8133749.0,-0.38287899999999997,1.060286,KEN,DEU,840710
9583932,121,61,8777,2006,0.0,17302.0,1.5384309999999999,0.766628,KOR,DEU,840710
9583933,124,61,8777,2006,351649.0,0.0,0.3861,1.586183,LBN,DEU,840710
9583934,128,61,8777,2006,0.0,6440079.0,-0.573767,0.305913,LKA,DEU,840710
9583935,131,61,8777,2006,0.0,131507.0,1.4345620000000001,0.8840819999999999,LUX,DEU,840710
9583936,137,61,8777,2006,0.0,353790.0,-0.240191,-0.8320290000000001,MDV,DEU,840710
9583937,140,61,8777,2006,0.0,33641.0,-0.21336,0.17674700000000002,MKD,DEU,840710
9583938,153,61,8777,2006,4576970.0,25972.0,0.7896569999999999,0.363625,MYS,DEU,840710
9583939,155,61,8777,2006,0.0,1204.0,-0.515361,-0.8027350000000001,NAM,DEU,840710
9583940,156,61,8777,2006,0.0,12894.0,-0.135099,-0.7618779999999999,NCL,DEU,840710
9583941,159,61,8777,2006,37939.0,0.0,-2.094353,-1.215025,NGA,DEU,840710
9583942,162,61,8777,2006,0.0,256634.0,1.192134,1.450852,NLD,DEU,840710
9583943,163,61,8777,2006,489879.0,45988.0,1.0787930000000001,0.014051,NOR,DEU,840710
9583944,166,61,8777,2006,0.0,9875.0,0.5371,0.8240209999999999,NZL,DEU,840710
9583945,167,61,8777,2006,0.0,596669.0,-0.6373989999999999,-1.092554,OMN,DEU,840710
9583946,168,61,8777,2006,0.0,71638.0,-0.449333,0.563013,PAK,DEU,840710
9583947,174,61,8777,2006,20002010.0,3517597.0,0.161994,0.036631,PHL,DEU,840710
9583948,177,61,8777,2006,0.0,47572.0,0.991927,1.474418,POL,DEU,840710
9583949,179,61,8777,2006,0.0,3699.0,0.5723630000000001,1.92303,PRT,DEU,840710
9583950,180,61,8777,2006,0.0,13378.0,-0.520435,-0.7839119999999999,PRY,DEU,840710
9583951,183,61,8777,2006,142270.0,0.0,0.055777999999999994,-1.0379049999999999,QAT,DEU,840710
9583952,186,61,8777,2006,0.0,21901.0,0.801197,0.104683,RUS,DEU,840710
9583953,188,61,8777,2006,4325.0,6540544.0,0.162432,-0.853059,SAU,DEU,840710
9583954,190,61,8777,2006,65212.0,6833.0,-1.873762,-1.278378,SDN,DEU,840710
9583955,191,61,8777,2006,532023.0,0.0,-0.364713,-0.183612,SEN,DEU,840710
9583956,192,61,8777,2006,14315932.0,102844.0,1.5377379999999998,0.503089,SGP,DEU,840710
9583957,201,61,8777,2006,0.0,18584.0,0.547824,1.5588879999999998,SRB,DEU,840710
9583958,207,61,8777,2006,0.0,54304.0,1.5882370000000001,0.800719,SVN,DEU,840710
9583959,208,61,8777,2006,3802.0,34781.0,1.902737,0.593294,SWE,DEU,840710
9583960,212,61,8777,2006,0.0,10720350.0,-0.588695,0.532487,SYR,DEU,840710
9583961,216,61,8777,2006,601550.0,1986.0,0.568209,1.685343,THA,DEU,840710
9583962,224,61,8777,2006,1885.0,7847.0,0.33971599999999996,2.193384,TUR,DEU,840710
9583963,226,61,8777,2006,0.0,445399.0,-0.953097,0.159129,TZA,DEU,840710
9583964,227,61,8777,2006,283488.0,347239.0,-0.702511,-0.43976099999999996,UGA,DEU,840710
9583965,228,61,8777,2006,4214.0,372697.0,0.7008439999999999,0.79656,UKR,DEU,840710
9583966,231,61,8777,2006,22686064.0,2078887.0,1.666643,-0.121679,USA,DEU,840710
9583967,236,61,8777,2006,0.0,3281410.0,-0.340972,-1.015462,VEN,DEU,840710
9583968,239,61,8777,2006,0.0,3348.0,-0.342779,1.033318,VNM,DEU,840710
9583969,246,61,8777,2006,2663955.0,15221.0,0.37964499999999995,1.466326,ZAF,DEU,840710
9583970,249,61,8777,2006,3212.0,9215.0,1.619915,1.2289940000000001,TWN,DEU,840710
9583971,15,64,8777,2006,8131.0,0.0,1.775669,0.192717,AUT,DNK,840710
9583972,39,64,8777,2006,149720.0,0.0,0.865685,1.1480489999999999,CAN,DNK,840710
9583973,41,64,8777,2006,26956.0,0.0,2.052534,0.515523,CHE,DNK,840710
9583974,51,64,8777,2006,0.0,1916.0,0.369814,-0.414812,CPV,DNK,840710
9583975,61,64,8777,2006,18586.0,214180.0,2.132566,-2.773669,DEU,DNK,840710
9583976,71,64,8777,2006,0.0,69076.0,0.9091370000000001,2.068166,ESP,DNK,840710
9583977,81,64,8777,2006,164878.0,19372.0,1.824154,0.614424,GBR,DNK,840710
9583978,106,64,8777,2006,16585.0,0.0,1.43804,0.06463200000000001,IRL,DNK,840710
9583979,109,64,8777,2006,0.0,33542.0,0.170234,-0.302203,ISL,DNK,840710
9583980,114,64,8777,2006,10166.0,0.0,2.4348099999999997,0.082887,JPN,DNK,840710
9583981,116,64,8777,2006,8195.0,25720.0,-0.38287899999999997,1.060286,KEN,DNK,840710
9583982,124,64,8777,2006,24727.0,0.0,0.3861,1.586183,LBN,DNK,840710
9583983,142,64,8777,2006,0.0,7060.0,1.384411,0.093734,MLT,DNK,840710
9583984,162,64,8777,2006,19491.0,0.0,1.192134,1.450852,NLD,DNK,840710
9583985,163,64,8777,2006,5094200.0,64703.0,1.0787930000000001,0.014051,NOR,DNK,840710
9583986,164,64,8777,2006,0.0,164744.0,-0.29672600000000005,0.665077,NPL,DNK,840710
9583987,192,64,8777,2006,22525.0,0.0,1.5377379999999998,0.503089,SGP,DNK,840710
9583988,208,64,8777,2006,71167.0,0.0,1.902737,0.593294,SWE,DNK,840710
9583989,231,64,8777,2006,1017196.0,600674.0,1.666643,-0.121679,USA,DNK,840710
9583990,249,64,8777,2006,137246.0,0.0,1.619915,1.2289940000000001,TWN,DNK,840710
9583991,71,65,8777,2006,4509.0,0.0,0.9091370000000001,2.068166,ESP,DOM,840710
9583992,169,65,8777,2006,12768.0,0.0,0.306664,0.638533,PAN,DOM,840710
9583993,231,65,8777,2006,85341.0,0.0,1.666643,-0.121679,USA,DOM,840710
9583994,236,65,8777,2006,0.0,25308.0,-0.340972,-1.015462,VEN,DOM,840710
9583995,14,67,8777,2006,27654.0,0.0,0.067166,0.373148,AUS,ECU,840710
9583996,32,67,8777,2006,0.0,918.0,0.633889,1.1474520000000001,BRA,ECU,840710
9583997,49,67,8777,2006,0.0,23552.0,0.129887,0.44371700000000003,COL,ECU,840710
9583998,71,67,8777,2006,59231.0,0.0,0.9091370000000001,2.068166,ESP,ECU,840710
9583999,111,67,8777,2006,128215.0,0.0,1.293779,0.93995,ITA,ECU,840710
9584000,231,67,8777,2006,208148.0,6550.0,1.666643,-0.121679,USA,ECU,840710
9584001,14,71,8777,2006,203381.0,0.0,0.067166,0.373148,AUS,ESP,840710
9584002,15,71,8777,2006,1152376.0,0.0,1.775669,0.192717,AUT,ESP,840710
9584003,18,71,8777,2006,2967.0,0.0,1.2222540000000002,1.383027,BEL,ESP,840710
9584004,37,71,8777,2006,0.0,76355.0,-1.0541459999999998,-1.179286,BWA,ESP,840710
9584005,39,71,8777,2006,1330856.0,436009.0,0.865685,1.1480489999999999,CAN,ESP,840710
9584006,41,71,8777,2006,0.0,2516.0,2.052534,0.515523,CHE,ESP,840710
9584007,42,71,8777,2006,3072.0,0.0,-0.188298,-0.46778000000000003,CHL,ESP,840710
9584008,54,71,8777,2006,0.0,493680.0,0.204039,-0.5183260000000001,CUB,ESP,840710
9584009,61,71,8777,2006,117641.0,0.0,2.132566,-2.773669,DEU,ESP,840710
9584010,64,71,8777,2006,69076.0,0.0,1.2308700000000001,1.180914,DNK,ESP,840710
9584011,65,71,8777,2006,0.0,4509.0,-0.24073699999999998,0.049093,DOM,ESP,840710
9584012,67,71,8777,2006,0.0,59231.0,-0.878583,-0.9462010000000001,ECU,ESP,840710
9584013,74,71,8777,2006,486063.0,0.0,1.864038,0.8193940000000001,FIN,ESP,840710
9584014,77,71,8777,2006,53738.0,8748.0,1.47591,0.489466,FRA,ESP,840710
9584015,80,71,8777,2006,0.0,1749.0,-1.6696819999999999,-1.173322,GAB,ESP,840710
9584016,81,71,8777,2006,90670.0,0.0,1.824154,0.614424,GBR,ESP,840710
9584017,110,71,8777,2006,0.0,138537.0,1.3082129999999998,0.783845,ISR,ESP,840710
9584018,111,71,8777,2006,222288.0,0.0,1.293779,0.93995,ITA,ESP,840710
9584019,131,71,8777,2006,1680.0,0.0,1.4345620000000001,0.8840819999999999,LUX,ESP,840710
9584020,134,71,8777,2006,0.0,73437.0,-0.547933,0.08257300000000001,MAR,ESP,840710
9584021,138,71,8777,2006,125176.0,3711346.0,1.047268,0.7142270000000001,MEX,ESP,840710
9584022,142,71,8777,2006,0.0,8783.0,1.384411,0.093734,MLT,ESP,840710
9584023,162,71,8777,2006,251852.0,0.0,1.192134,1.450852,NLD,ESP,840710
9584024,177,71,8777,2006,95310.0,0.0,0.991927,1.474418,POL,ESP,840710
9584025,179,71,8777,2006,509296.0,200455.0,0.5723630000000001,1.92303,PRT,ESP,840710
9584026,186,71,8777,2006,245203.0,0.0,0.801197,0.104683,RUS,ESP,840710
9584027,206,71,8777,2006,0.0,2433.0,1.291583,0.868317,SVK,ESP,840710
9584028,207,71,8777,2006,0.0,19386.0,1.5882370000000001,0.800719,SVN,ESP,840710
9584029,208,71,8777,2006,253532.0,0.0,1.902737,0.593294,SWE,ESP,840710
9584030,216,71,8777,2006,0.0,1430.0,0.568209,1.685343,THA,ESP,840710
9584031,231,71,8777,2006,4328070.0,8161872.0,1.666643,-0.121679,USA,ESP,840710
9584032,246,71,8777,2006,0.0,21817.0,0.37964499999999995,1.466326,ZAF,ESP,840710
9584033,14,74,8777,2006,18401.0,0.0,0.067166,0.373148,AUS,FIN,840710
9584034,16,74,8777,2006,0.0,2127182.0,-0.521304,-1.035764,AZE,FIN,840710
9584035,39,74,8777,2006,3433228.0,0.0,0.865685,1.1480489999999999,CAN,FIN,840710
9584036,61,74,8777,2006,13814.0,0.0,2.132566,-2.773669,DEU,FIN,840710
9584037,71,74,8777,2006,0.0,486063.0,0.9091370000000001,2.068166,ESP,FIN,840710
9584038,72,74,8777,2006,0.0,11947.0,0.6426350000000001,0.925003,EST,FIN,840710
9584039,114,74,8777,2006,25247.0,0.0,2.4348099999999997,0.082887,JPN,FIN,840710
9584040,163,74,8777,2006,24079.0,12197.0,1.0787930000000001,0.014051,NOR,FIN,840710
9584041,177,74,8777,2006,9855.0,0.0,0.991927,1.474418,POL,FIN,840710
9584042,186,74,8777,2006,6653.0,22079.0,0.801197,0.104683,RUS,FIN,840710
9584043,231,74,8777,2006,163707.0,93401.0,1.666643,-0.121679,USA,FIN,840710
9584044,8,77,8777,2006,0.0,15642.0,0.33055,0.665867,ARG,FRA,840710
9584045,14,77,8777,2006,2025551.0,1660422.0,0.067166,0.373148,AUS,FRA,840710
9584046,15,77,8777,2006,2920364.0,0.0,1.775669,0.192717,AUT,FRA,840710
9584047,18,77,8777,2006,4847.0,68470.0,1.2222540000000002,1.383027,BEL,FRA,840710
9584048,21,77,8777,2006,0.0,41426.0,-0.9432020000000001,-0.969247,BFA,FRA,840710
9584049,33,77,8777,2006,0.0,10087.0,0.977267,0.6046560000000001,BRB,FRA,840710
9584050,35,77,8777,2006,0.0,39273.0,-0.016287,-0.561397,BTN,FRA,840710
9584051,38,77,8777,2006,4131.0,0.0,-0.768791,-0.822677,CAF,FRA,840710
9584052,39,77,8777,2006,1255782.0,12139.0,0.865685,1.1480489999999999,CAN,FRA,840710
9584053,41,77,8777,2006,356145.0,105872.0,2.052534,0.515523,CHE,FRA,840710
9584054,43,77,8777,2006,0.0,35521.0,0.737888,2.54966,CHN,FRA,840710
9584055,44,77,8777,2006,4343.0,15623.0,-0.8918530000000001,-0.8145819999999999,CIV,FRA,840710
9584056,49,77,8777,2006,0.0,238610.0,0.129887,0.44371700000000003,COL,FRA,840710
9584057,51,77,8777,2006,0.0,458764.0,0.369814,-0.414812,CPV,FRA,840710
9584058,54,77,8777,2006,201213.0,0.0,0.204039,-0.5183260000000001,CUB,FRA,840710
9584059,61,77,8777,2006,171609.0,258441.0,2.132566,-2.773669,DEU,FRA,840710
9584060,71,77,8777,2006,8748.0,53738.0,0.9091370000000001,2.068166,ESP,FRA,840710
9584061,72,77,8777,2006,0.0,7220.0,0.6426350000000001,0.925003,EST,FRA,840710
9584062,80,77,8777,2006,552580.0,126779.0,-1.6696819999999999,-1.173322,GAB,FRA,840710
9584063,81,77,8777,2006,10937.0,1551.0,1.824154,0.614424,GBR,FRA,840710
9584064,97,77,8777,2006,2319013.0,1329490.0,0.5776319999999999,2.076782,HKG,FRA,840710
9584065,102,77,8777,2006,0.0,2385.0,1.4034309999999999,0.835144,HUN,FRA,840710
9584066,104,77,8777,2006,3410048.0,5242170.0,0.285652,2.731318,IND,FRA,840710
9584067,106,77,8777,2006,0.0,1235821.0,1.43804,0.06463200000000001,IRL,FRA,840710
9584068,107,77,8777,2006,0.0,2408360.0,-0.391023,-0.767861,IRN,FRA,840710
9584069,109,77,8777,2006,0.0,10395.0,0.170234,-0.302203,ISL,FRA,840710
9584070,110,77,8777,2006,0.0,13836.0,1.3082129999999998,0.783845,ISR,FRA,840710
9584071,111,77,8777,2006,406564.0,2321.0,1.293779,0.93995,ITA,FRA,840710
9584072,113,77,8777,2006,239244.0,0.0,0.166718,0.331248,JOR,FRA,840710
9584073,114,77,8777,2006,91132.0,1821522.0,2.4348099999999997,0.082887,JPN,FRA,840710
9584074,116,77,8777,2006,0.0,170479.0,-0.38287899999999997,1.060286,KEN,FRA,840710
9584075,131,77,8777,2006,44548.0,12109.0,1.4345620000000001,0.8840819999999999,LUX,FRA,840710
9584076,134,77,8777,2006,8373.0,85335.0,-0.547933,0.08257300000000001,MAR,FRA,840710
9584077,136,77,8777,2006,71026.0,10758.0,-1.024657,-0.393395,MDG,FRA,840710
9584078,153,77,8777,2006,0.0,198770.0,0.7896569999999999,0.363625,MYS,FRA,840710
9584079,154,77,8777,2006,0.0,4736.0,1.1370049999999998,0.131896,MYT,FRA,840710
9584080,156,77,8777,2006,814097.0,0.0,-0.135099,-0.7618779999999999,NCL,FRA,840710
9584081,162,77,8777,2006,0.0,273818.0,1.192134,1.450852,NLD,FRA,840710
9584082,163,77,8777,2006,0.0,59953.0,1.0787930000000001,0.014051,NOR,FRA,840710
9584083,166,77,8777,2006,0.0,260163.0,0.5371,0.8240209999999999,NZL,FRA,840710
9584084,169,77,8777,2006,0.0,25556.0,0.306664,0.638533,PAN,FRA,840710
9584085,174,77,8777,2006,0.0,1440407.0,0.161994,0.036631,PHL,FRA,840710
9584086,179,77,8777,2006,0.0,4953.0,0.5723630000000001,1.92303,PRT,FRA,840710
9584087,192,77,8777,2006,338091.0,280598.0,1.5377379999999998,0.503089,SGP,FRA,840710
9584088,208,77,8777,2006,21871.0,0.0,1.902737,0.593294,SWE,FRA,840710
9584089,211,77,8777,2006,0.0,212416.0,-0.344619,-0.796139,SYC,FRA,840710
9584090,215,77,8777,2006,0.0,69044.0,-0.8304020000000001,-0.678178,TGO,FRA,840710
9584091,216,77,8777,2006,3533.0,326122.0,0.568209,1.685343,THA,FRA,840710
9584092,224,77,8777,2006,0.0,24554.0,0.33971599999999996,2.193384,TUR,FRA,840710
9584093,226,77,8777,2006,0.0,41068.0,-0.953097,0.159129,TZA,FRA,840710
9584094,231,77,8777,2006,9566414.0,853616.0,1.666643,-0.121679,USA,FRA,840710
9584095,236,77,8777,2006,0.0,50672.0,-0.340972,-1.015462,VEN,FRA,840710
9584096,239,77,8777,2006,0.0,42663.0,-0.342779,1.033318,VNM,FRA,840710
9584097,246,77,8777,2006,290439.0,301659.0,0.37964499999999995,1.466326,ZAF,FRA,840710
9584098,249,77,8777,2006,0.0,655461.0,1.619915,1.2289940000000001,TWN,FRA,840710
9584099,7,81,8777,2006,0.0,1919768.0,0.053903999999999994,-0.735124,ARE,GBR,840710
9584100,14,81,8777,2006,4130412.0,2439262.0,0.067166,0.373148,AUS,GBR,840710
9584101,15,81,8777,2006,1528496.0,12836.0,1.775669,0.192717,AUT,GBR,840710
9584102,16,81,8777,2006,0.0,21846.0,-0.521304,-1.035764,AZE,GBR,840710
9584103,23,81,8777,2006,9046.0,5366.0,0.414563,1.378005,BGR,GBR,840710
9584104,32,81,8777,2006,0.0,277026.0,0.633889,1.1474520000000001,BRA,GBR,840710
9584105,34,81,8777,2006,0.0,5133.0,-1.331831,-0.9170940000000001,BRN,GBR,840710
9584106,35,81,8777,2006,0.0,2175.0,-0.016287,-0.561397,BTN,GBR,840710
9584107,37,81,8777,2006,0.0,1119862.0,-1.0541459999999998,-1.179286,BWA,GBR,840710
9584108,39,81,8777,2006,189131.0,8021586.0,0.865685,1.1480489999999999,CAN,GBR,840710
9584109,41,81,8777,2006,0.0,71141.0,2.052534,0.515523,CHE,GBR,840710
9584110,43,81,8777,2006,128109.0,150464.0,0.737888,2.54966,CHN,GBR,840710
9584111,44,81,8777,2006,196876.0,0.0,-0.8918530000000001,-0.8145819999999999,CIV,GBR,840710
9584112,51,81,8777,2006,23812.0,0.0,0.369814,-0.414812,CPV,GBR,840710
9584113,58,81,8777,2006,0.0,4536.0,0.708267,-0.048096,CYP,GBR,840710
9584114,59,81,8777,2006,77555.0,0.0,1.564058,0.6023649999999999,CZE,GBR,840710
9584115,61,81,8777,2006,72657.0,34576.0,2.132566,-2.773669,DEU,GBR,840710
9584116,64,81,8777,2006,19372.0,164878.0,1.2308700000000001,1.180914,DNK,GBR,840710
9584117,68,81,8777,2006,0.0,93001.0,-0.182272,0.40222399999999997,EGY,GBR,840710
9584118,71,81,8777,2006,0.0,90670.0,0.9091370000000001,2.068166,ESP,GBR,840710
9584119,77,81,8777,2006,1551.0,10937.0,1.47591,0.489466,FRA,GBR,840710
9584120,84,81,8777,2006,0.0,4595.0,0.8370120000000001,-0.35099400000000003,GIB,GBR,840710
9584121,90,81,8777,2006,0.0,1789.0,0.261955,1.488958,GRC,GBR,840710
9584122,97,81,8777,2006,310957.0,4226.0,0.5776319999999999,2.076782,HKG,GBR,840710
9584123,100,81,8777,2006,0.0,6087.0,0.755787,0.992614,HRV,GBR,840710
9584124,102,81,8777,2006,72872.0,0.0,1.4034309999999999,0.835144,HUN,GBR,840710
9584125,103,81,8777,2006,46275.0,190829.0,-0.21012399999999998,1.467838,IDN,GBR,840710
9584126,104,81,8777,2006,341150.0,3414266.0,0.285652,2.731318,IND,GBR,840710
9584127,106,81,8777,2006,17617.0,460137.0,1.43804,0.06463200000000001,IRL,GBR,840710
9584128,107,81,8777,2006,0.0,3675.0,-0.391023,-0.767861,IRN,GBR,840710
9584129,108,81,8777,2006,30740.0,0.0,-2.029727,-0.8634219999999999,IRQ,GBR,840710
9584130,109,81,8777,2006,0.0,8126.0,0.170234,-0.302203,ISL,GBR,840710
9584131,110,81,8777,2006,26295.0,23943660.0,1.3082129999999998,0.783845,ISR,GBR,840710
9584132,111,81,8777,2006,13032.0,450944.0,1.293779,0.93995,ITA,GBR,840710
9584133,113,81,8777,2006,18206.0,31828.0,0.166718,0.331248,JOR,GBR,840710
9584134,114,81,8777,2006,183613.0,194705.0,2.4348099999999997,0.082887,JPN,GBR,840710
9584135,115,81,8777,2006,0.0,505379.0,0.038229,-0.579421,KAZ,GBR,840710
9584136,116,81,8777,2006,109000.0,363296.0,-0.38287899999999997,1.060286,KEN,GBR,840710
9584137,124,81,8777,2006,1720641.0,27844612.0,0.3861,1.586183,LBN,GBR,840710
9584138,130,81,8777,2006,0.0,20920.0,0.44063599999999997,1.163857,LTU,GBR,840710
9584139,131,81,8777,2006,3190.0,108736.0,1.4345620000000001,0.8840819999999999,LUX,GBR,840710
9584140,136,81,8777,2006,0.0,1016.0,-1.024657,-0.393395,MDG,GBR,840710
9584141,142,81,8777,2006,0.0,2532.0,1.384411,0.093734,MLT,GBR,840710
9584142,153,81,8777,2006,361049.0,85361.0,0.7896569999999999,0.363625,MYS,GBR,840710
9584143,155,81,8777,2006,58665.0,159186.0,-0.515361,-0.8027350000000001,NAM,GBR,840710
9584144,159,81,8777,2006,0.0,802293.0,-2.094353,-1.215025,NGA,GBR,840710
9584145,160,81,8777,2006,0.0,13609.0,-0.998825,-0.893867,NIC,GBR,840710
9584146,162,81,8777,2006,2243.0,185515.0,1.192134,1.450852,NLD,GBR,840710
9584147,163,81,8777,2006,68715.0,80084.0,1.0787930000000001,0.014051,NOR,GBR,840710
9584148,166,81,8777,2006,0.0,9922.0,0.5371,0.8240209999999999,NZL,GBR,840710
9584149,167,81,8777,2006,18730.0,1146104.0,-0.6373989999999999,-1.092554,OMN,GBR,840710
9584150,168,81,8777,2006,0.0,21159452.0,-0.449333,0.563013,PAK,GBR,840710
9584151,169,81,8777,2006,0.0,1207.0,0.306664,0.638533,PAN,GBR,840710
9584152,174,81,8777,2006,4202467.0,252962.0,0.161994,0.036631,PHL,GBR,840710
9584153,177,81,8777,2006,0.0,200417.0,0.991927,1.474418,POL,GBR,840710
9584154,179,81,8777,2006,0.0,76680.0,0.5723630000000001,1.92303,PRT,GBR,840710
9584155,185,81,8777,2006,79464.0,218989.0,0.550825,1.170744,ROU,GBR,840710
9584156,186,81,8777,2006,17631.0,1407.0,0.801197,0.104683,RUS,GBR,840710
9584157,188,81,8777,2006,0.0,138275.0,0.162432,-0.853059,SAU,GBR,840710
9584158,192,81,8777,2006,2490197.0,57604.0,1.5377379999999998,0.503089,SGP,GBR,840710
9584159,201,81,8777,2006,0.0,1821.0,0.547824,1.5588879999999998,SRB,GBR,840710
9584160,208,81,8777,2006,0.0,40294.0,1.902737,0.593294,SWE,GBR,840710
9584161,211,81,8777,2006,0.0,6563.0,-0.344619,-0.796139,SYC,GBR,840710
9584162,216,81,8777,2006,12922907.0,0.0,0.568209,1.685343,THA,GBR,840710
9584163,224,81,8777,2006,1306999.0,19715.0,0.33971599999999996,2.193384,TUR,GBR,840710
9584164,226,81,8777,2006,4568.0,2395.0,-0.953097,0.159129,TZA,GBR,840710
9584165,228,81,8777,2006,0.0,88746.0,0.7008439999999999,0.79656,UKR,GBR,840710
9584166,231,81,8777,2006,18171508.0,11148546.0,1.666643,-0.121679,USA,GBR,840710
9584167,246,81,8777,2006,3192075.0,1295968.0,0.37964499999999995,1.466326,ZAF,GBR,840710
9584168,248,81,8777,2006,4051.0,0.0,-0.41825500000000004,-0.55313,ZWE,GBR,840710
9584169,249,81,8777,2006,0.0,174159.0,1.619915,1.2289940000000001,TWN,GBR,840710
9584170,4,90,8777,2006,0.0,19498.0,-0.340932,-0.06302200000000001,ALB,GRC,840710
9584171,43,90,8777,2006,250141.0,2873.0,0.737888,2.54966,CHN,GRC,840710
9584172,59,90,8777,2006,3200.0,0.0,1.564058,0.6023649999999999,CZE,GRC,840710
9584173,61,90,8777,2006,13203.0,0.0,2.132566,-2.773669,DEU,GRC,840710
9584174,81,90,8777,2006,1789.0,0.0,1.824154,0.614424,GBR,GRC,840710
9584175,111,90,8777,2006,8905.0,0.0,1.293779,0.93995,ITA,GRC,840710
9584176,177,90,8777,2006,280608.0,0.0,0.991927,1.474418,POL,GRC,840710
9584177,231,90,8777,2006,9259.0,19813.0,1.666643,-0.121679,USA,GRC,840710
9584178,59,93,8777,2006,0.0,599.0,1.564058,0.6023649999999999,CZE,GTM,840710
9584179,231,93,8777,2006,274441.0,88625.0,1.666643,-0.121679,USA,GTM,840710
9584180,231,96,8777,2006,411763.0,23792.0,1.666643,-0.121679,USA,GUY,840710
9584181,14,97,8777,2006,61718.0,14767.0,0.067166,0.373148,AUS,HKG,840710
9584182,15,97,8777,2006,320209.0,0.0,1.775669,0.192717,AUT,HKG,840710
9584183,18,97,8777,2006,78574.0,0.0,1.2222540000000002,1.383027,BEL,HKG,840710
9584184,39,97,8777,2006,8755.0,0.0,0.865685,1.1480489999999999,CAN,HKG,840710
9584185,43,97,8777,2006,3632628.0,3820238.0,0.737888,2.54966,CHN,HKG,840710
9584186,59,97,8777,2006,2461.0,0.0,1.564058,0.6023649999999999,CZE,HKG,840710
9584187,61,97,8777,2006,148356.0,0.0,2.132566,-2.773669,DEU,HKG,840710
9584188,77,97,8777,2006,1329490.0,2319013.0,1.47591,0.489466,FRA,HKG,840710
9584189,81,97,8777,2006,4226.0,310957.0,1.824154,0.614424,GBR,HKG,840710
9584190,104,97,8777,2006,0.0,13904043.0,0.285652,2.731318,IND,HKG,840710
9584191,113,97,8777,2006,0.0,156945.0,0.166718,0.331248,JOR,HKG,840710
9584192,124,97,8777,2006,743874.0,0.0,0.3861,1.586183,LBN,HKG,840710
9584193,153,97,8777,2006,911433.0,0.0,0.7896569999999999,0.363625,MYS,HKG,840710
9584194,167,97,8777,2006,0.0,1398.0,-0.6373989999999999,-1.092554,OMN,HKG,840710
9584195,168,97,8777,2006,0.0,2349268.0,-0.449333,0.563013,PAK,HKG,840710
9584196,169,97,8777,2006,0.0,8227.0,0.306664,0.638533,PAN,HKG,840710
9584197,174,97,8777,2006,10622.0,0.0,0.161994,0.036631,PHL,HKG,840710
9584198,192,97,8777,2006,1254475.0,12411489.0,1.5377379999999998,0.503089,SGP,HKG,840710
9584199,231,97,8777,2006,1711033.0,15775.0,1.666643,-0.121679,USA,HKG,840710
9584200,249,97,8777,2006,5794.0,8595.0,1.619915,1.2289940000000001,TWN,HKG,840710
9584201,32,99,8777,2006,0.0,141575.0,0.633889,1.1474520000000001,BRA,HND,840710
9584202,42,99,8777,2006,3336221.0,0.0,-0.188298,-0.46778000000000003,CHL,HND,840710
9584203,59,99,8777,2006,296908.0,0.0,1.564058,0.6023649999999999,CZE,HND,840710
9584204,169,99,8777,2006,1571895.0,538544.0,0.306664,0.638533,PAN,HND,840710
9584205,206,99,8777,2006,35763.0,0.0,1.291583,0.868317,SVK,HND,840710
9584206,228,99,8777,2006,11595.0,0.0,0.7008439999999999,0.79656,UKR,HND,840710
9584207,231,99,8777,2006,69993.0,215508.0,1.666643,-0.121679,USA,HND,840710
9584208,14,103,8777,2006,12271.0,0.0,0.067166,0.373148,AUS,IDN,840710
9584209,39,103,8777,2006,132283.0,0.0,0.865685,1.1480489999999999,CAN,IDN,840710
9584210,43,103,8777,2006,11666.0,0.0,0.737888,2.54966,CHN,IDN,840710
9584211,61,103,8777,2006,2035.0,0.0,2.132566,-2.773669,DEU,IDN,840710
9584212,81,103,8777,2006,190829.0,46275.0,1.824154,0.614424,GBR,IDN,840710
9584213,111,103,8777,2006,22642.0,3789.0,1.293779,0.93995,ITA,IDN,840710
9584214,153,103,8777,2006,992715.0,1898842.0,0.7896569999999999,0.363625,MYS,IDN,840710
9584215,167,103,8777,2006,0.0,10777.0,-0.6373989999999999,-1.092554,OMN,IDN,840710
9584216,168,103,8777,2006,829090.0,0.0,-0.449333,0.563013,PAK,IDN,840710
9584217,169,103,8777,2006,0.0,32061.0,0.306664,0.638533,PAN,IDN,840710
9584218,174,103,8777,2006,176081.0,286798.0,0.161994,0.036631,PHL,IDN,840710
9584219,186,103,8777,2006,1099599.0,12230867.0,0.801197,0.104683,RUS,IDN,840710
9584220,192,103,8777,2006,14266366.0,1410671.0,1.5377379999999998,0.503089,SGP,IDN,840710
9584221,208,103,8777,2006,57969.0,0.0,1.902737,0.593294,SWE,IDN,840710
9584222,231,103,8777,2006,1104350.0,0.0,1.666643,-0.121679,USA,IDN,840710
9584223,246,103,8777,2006,243721.0,0.0,0.37964499999999995,1.466326,ZAF,IDN,840710
9584224,14,104,8777,2006,5854.0,0.0,0.067166,0.373148,AUS,IND,840710
9584225,15,104,8777,2006,46440.0,0.0,1.775669,0.192717,AUT,IND,840710
9584226,39,104,8777,2006,3551106.0,2294604.0,0.865685,1.1480489999999999,CAN,IND,840710
9584227,59,104,8777,2006,48752.0,0.0,1.564058,0.6023649999999999,CZE,IND,840710
9584228,61,104,8777,2006,16366079.0,0.0,2.132566,-2.773669,DEU,IND,840710
9584229,77,104,8777,2006,5242170.0,3410048.0,1.47591,0.489466,FRA,IND,840710
9584230,81,104,8777,2006,3414266.0,341150.0,1.824154,0.614424,GBR,IND,840710
9584231,97,104,8777,2006,13904043.0,0.0,0.5776319999999999,2.076782,HKG,IND,840710
9584232,110,104,8777,2006,4014099.0,0.0,1.3082129999999998,0.783845,ISR,IND,840710
9584233,114,104,8777,2006,1449555.0,0.0,2.4348099999999997,0.082887,JPN,IND,840710
9584234,153,104,8777,2006,0.0,270139.0,0.7896569999999999,0.363625,MYS,IND,840710
9584235,155,104,8777,2006,0.0,109738.0,-0.515361,-0.8027350000000001,NAM,IND,840710
9584236,162,104,8777,2006,815429.0,0.0,1.192134,1.450852,NLD,IND,840710
9584237,164,104,8777,2006,115439.0,164069.0,-0.29672600000000005,0.665077,NPL,IND,840710
9584238,166,104,8777,2006,357661.0,0.0,0.5371,0.8240209999999999,NZL,IND,840710
9584239,174,104,8777,2006,0.0,364202.0,0.161994,0.036631,PHL,IND,840710
9584240,179,104,8777,2006,4872.0,0.0,0.5723630000000001,1.92303,PRT,IND,840710
9584241,186,104,8777,2006,22142.0,150224.0,0.801197,0.104683,RUS,IND,840710
9584242,192,104,8777,2006,5466534.0,31305.0,1.5377379999999998,0.503089,SGP,IND,840710
9584243,216,104,8777,2006,49498.0,0.0,0.568209,1.685343,THA,IND,840710
9584244,228,104,8777,2006,83084.0,0.0,0.7008439999999999,0.79656,UKR,IND,840710
9584245,231,104,8777,2006,1102066.0,372564.0,1.666643,-0.121679,USA,IND,840710
9584246,246,104,8777,2006,0.0,3511.0,0.37964499999999995,1.466326,ZAF,IND,840710
9584247,250,104,8777,2006,1689302.0,0.0,0.711619,-0.41880200000000006,ANS,IND,840710
9584248,7,106,8777,2006,0.0,147867.0,0.053903999999999994,-0.735124,ARE,IRL,840710
9584249,18,106,8777,2006,1903.0,0.0,1.2222540000000002,1.383027,BEL,IRL,840710
9584250,42,106,8777,2006,7964.0,0.0,-0.188298,-0.46778000000000003,CHL,IRL,840710
9584251,64,106,8777,2006,0.0,16585.0,1.2308700000000001,1.180914,DNK,IRL,840710
9584252,77,106,8777,2006,1235821.0,0.0,1.47591,0.489466,FRA,IRL,840710
9584253,81,106,8777,2006,460137.0,17617.0,1.824154,0.614424,GBR,IRL,840710
9584254,174,106,8777,2006,0.0,813615.0,0.161994,0.036631,PHL,IRL,840710
9584255,223,106,8777,2006,0.0,2073523.0,-0.013636,0.804752,TUN,IRL,840710
9584256,231,106,8777,2006,15349092.0,2519909.0,1.666643,-0.121679,USA,IRL,840710
9584257,250,106,8777,2006,0.0,2685948.0,0.711619,-0.41880200000000006,ANS,IRL,840710
9584258,15,110,8777,2006,392462.0,1445.0,1.775669,0.192717,AUT,ISR,840710
9584259,18,110,8777,2006,3491.0,0.0,1.2222540000000002,1.383027,BEL,ISR,840710
9584260,39,110,8777,2006,76982.0,11383.0,0.865685,1.1480489999999999,CAN,ISR,840710
9584261,61,110,8777,2006,51773.0,0.0,2.132566,-2.773669,DEU,ISR,840710
9584262,71,110,8777,2006,138537.0,0.0,0.9091370000000001,2.068166,ESP,ISR,840710
9584263,73,110,8777,2006,0.0,8418.0,-0.9557180000000001,-0.9153479999999999,ETH,ISR,840710
9584264,77,110,8777,2006,13836.0,0.0,1.47591,0.489466,FRA,ISR,840710
9584265,81,110,8777,2006,23943660.0,26295.0,1.824154,0.614424,GBR,ISR,840710
9584266,104,110,8777,2006,0.0,4014099.0,0.285652,2.731318,IND,ISR,840710
9584267,114,110,8777,2006,10898.0,0.0,2.4348099999999997,0.082887,JPN,ISR,840710
9584268,116,110,8777,2006,0.0,2203590.0,-0.38287899999999997,1.060286,KEN,ISR,840710
9584269,121,110,8777,2006,18205.0,0.0,1.5384309999999999,0.766628,KOR,ISR,840710
9584270,192,110,8777,2006,812003.0,0.0,1.5377379999999998,0.503089,SGP,ISR,840710
9584271,231,110,8777,2006,222044.0,34055.0,1.666643,-0.121679,USA,ISR,840710
9584272,246,110,8777,2006,0.0,987859.0,0.37964499999999995,1.466326,ZAF,ISR,840710
9584273,249,110,8777,2006,32959.0,0.0,1.619915,1.2289940000000001,TWN,ISR,840710
9584274,4,111,8777,2006,20189.0,0.0,-0.340932,-0.06302200000000001,ALB,ITA,840710
9584275,8,111,8777,2006,0.0,7568.0,0.33055,0.665867,ARG,ITA,840710
9584276,14,111,8777,2006,298955.0,8382.0,0.067166,0.373148,AUS,ITA,840710
9584277,15,111,8777,2006,5153733.0,1886.0,1.775669,0.192717,AUT,ITA,840710
9584278,18,111,8777,2006,0.0,21935.0,1.2222540000000002,1.383027,BEL,ITA,840710
9584279,21,111,8777,2006,0.0,9683.0,-0.9432020000000001,-0.969247,BFA,ITA,840710
9584280,23,111,8777,2006,0.0,1514.0,0.414563,1.378005,BGR,ITA,840710
9584281,37,111,8777,2006,0.0,828147.0,-1.0541459999999998,-1.179286,BWA,ITA,840710
9584282,39,111,8777,2006,0.0,8818.0,0.865685,1.1480489999999999,CAN,ITA,840710
9584283,41,111,8777,2006,324473.0,103203.0,2.052534,0.515523,CHE,ITA,840710
9584284,43,111,8777,2006,0.0,49408.0,0.737888,2.54966,CHN,ITA,840710
9584285,49,111,8777,2006,1477.0,11302.0,0.129887,0.44371700000000003,COL,ITA,840710
9584286,59,111,8777,2006,0.0,26309.0,1.564058,0.6023649999999999,CZE,ITA,840710
9584287,61,111,8777,2006,317551.0,331671.0,2.132566,-2.773669,DEU,ITA,840710
9584288,67,111,8777,2006,0.0,128215.0,-0.878583,-0.9462010000000001,ECU,ITA,840710
9584289,71,111,8777,2006,0.0,222288.0,0.9091370000000001,2.068166,ESP,ITA,840710
9584290,72,111,8777,2006,0.0,13917.0,0.6426350000000001,0.925003,EST,ITA,840710
9584291,77,111,8777,2006,2321.0,406564.0,1.47591,0.489466,FRA,ITA,840710
9584292,81,111,8777,2006,450944.0,13032.0,1.824154,0.614424,GBR,ITA,840710
9584293,83,111,8777,2006,0.0,3307.0,-0.9934860000000001,-0.809318,GHA,ITA,840710
9584294,90,111,8777,2006,0.0,8905.0,0.261955,1.488958,GRC,ITA,840710
9584295,100,111,8777,2006,0.0,2984.0,0.755787,0.992614,HRV,ITA,840710
9584296,102,111,8777,2006,0.0,5028.0,1.4034309999999999,0.835144,HUN,ITA,840710
9584297,103,111,8777,2006,3789.0,22642.0,-0.21012399999999998,1.467838,IDN,ITA,840710
9584298,109,111,8777,2006,0.0,13446.0,0.170234,-0.302203,ISL,ITA,840710
9584299,114,111,8777,2006,0.0,57467.0,2.4348099999999997,0.082887,JPN,ITA,840710
9584300,121,111,8777,2006,32667.0,18591.0,1.5384309999999999,0.766628,KOR,ITA,840710
9584301,126,111,8777,2006,0.0,283123.0,-0.518724,-1.142074,LBY,ITA,840710
9584302,130,111,8777,2006,13451.0,1495.0,0.44063599999999997,1.163857,LTU,ITA,840710
9584303,132,111,8777,2006,0.0,8513.0,0.531375,0.9414170000000001,LVA,ITA,840710
9584304,134,111,8777,2006,0.0,75152.0,-0.547933,0.08257300000000001,MAR,ITA,840710
9584305,138,111,8777,2006,0.0,2527.0,1.047268,0.7142270000000001,MEX,ITA,840710
9584306,142,111,8777,2006,0.0,14501.0,1.384411,0.093734,MLT,ITA,840710
9584307,162,111,8777,2006,2688.0,0.0,1.192134,1.450852,NLD,ITA,840710
9584308,163,111,8777,2006,0.0,2831.0,1.0787930000000001,0.014051,NOR,ITA,840710
9584309,166,111,8777,2006,0.0,2793.0,0.5371,0.8240209999999999,NZL,ITA,840710
9584310,167,111,8777,2006,0.0,2177246.0,-0.6373989999999999,-1.092554,OMN,ITA,840710
9584311,174,111,8777,2006,0.0,17961.0,0.161994,0.036631,PHL,ITA,840710
9584312,177,111,8777,2006,0.0,19208.0,0.991927,1.474418,POL,ITA,840710
9584313,179,111,8777,2006,0.0,33835.0,0.5723630000000001,1.92303,PRT,ITA,840710
9584314,185,111,8777,2006,0.0,30502.0,0.550825,1.170744,ROU,ITA,840710
9584315,186,111,8777,2006,1751.0,345780.0,0.801197,0.104683,RUS,ITA,840710
9584316,188,111,8777,2006,0.0,4656.0,0.162432,-0.853059,SAU,ITA,840710
9584317,191,111,8777,2006,0.0,3828.0,-0.364713,-0.183612,SEN,ITA,840710
9584318,201,111,8777,2006,0.0,1835.0,0.547824,1.5588879999999998,SRB,ITA,840710
9584319,206,111,8777,2006,0.0,12344.0,1.291583,0.868317,SVK,ITA,840710
9584320,207,111,8777,2006,0.0,33593.0,1.5882370000000001,0.800719,SVN,ITA,840710
9584321,208,111,8777,2006,0.0,7267.0,1.902737,0.593294,SWE,ITA,840710
9584322,212,111,8777,2006,0.0,3511.0,-0.588695,0.532487,SYR,ITA,840710
9584323,216,111,8777,2006,0.0,12933.0,0.568209,1.685343,THA,ITA,840710
9584324,223,111,8777,2006,0.0,88146.0,-0.013636,0.804752,TUN,ITA,840710
9584325,224,111,8777,2006,0.0,9656.0,0.33971599999999996,2.193384,TUR,ITA,840710
9584326,228,111,8777,2006,0.0,9736.0,0.7008439999999999,0.79656,UKR,ITA,840710
9584327,231,111,8777,2006,2856727.0,3608585.0,1.666643,-0.121679,USA,ITA,840710
9584328,236,111,8777,2006,794618.0,2064.0,-0.340972,-1.015462,VEN,ITA,840710
9584329,246,111,8777,2006,0.0,96634.0,0.37964499999999995,1.466326,ZAF,ITA,840710
9584330,249,111,8777,2006,0.0,35464.0,1.619915,1.2289940000000001,TWN,ITA,840710
9584331,231,112,8777,2006,269105.0,0.0,1.666643,-0.121679,USA,JAM,840710
9584332,8,114,8777,2006,0.0,6635.0,0.33055,0.665867,ARG,JPN,840710
9584333,14,114,8777,2006,3154936.0,343447.0,0.067166,0.373148,AUS,JPN,840710
9584334,15,114,8777,2006,33251.0,16900.0,1.775669,0.192717,AUT,JPN,840710
9584335,32,114,8777,2006,0.0,44212.0,0.633889,1.1474520000000001,BRA,JPN,840710
9584336,34,114,8777,2006,0.0,3791.0,-1.331831,-0.9170940000000001,BRN,JPN,840710
9584337,39,114,8777,2006,4082243.0,38979.0,0.865685,1.1480489999999999,CAN,JPN,840710
9584338,42,114,8777,2006,0.0,8143.0,-0.188298,-0.46778000000000003,CHL,JPN,840710
9584339,43,114,8777,2006,0.0,34605.0,0.737888,2.54966,CHN,JPN,840710
9584340,49,114,8777,2006,0.0,4785.0,0.129887,0.44371700000000003,COL,JPN,840710
9584341,59,114,8777,2006,80876.0,0.0,1.564058,0.6023649999999999,CZE,JPN,840710
9584342,61,114,8777,2006,111976.0,0.0,2.132566,-2.773669,DEU,JPN,840710
9584343,64,114,8777,2006,0.0,10166.0,1.2308700000000001,1.180914,DNK,JPN,840710
9584344,74,114,8777,2006,0.0,25247.0,1.864038,0.8193940000000001,FIN,JPN,840710
9584345,77,114,8777,2006,1821522.0,91132.0,1.47591,0.489466,FRA,JPN,840710
9584346,78,114,8777,2006,0.0,3467.0,-0.117631,-0.69352,FRO,JPN,840710
9584347,81,114,8777,2006,194705.0,183613.0,1.824154,0.614424,GBR,JPN,840710
9584348,104,114,8777,2006,0.0,1449555.0,0.285652,2.731318,IND,JPN,840710
9584349,110,114,8777,2006,0.0,10898.0,1.3082129999999998,0.783845,ISR,JPN,840710
9584350,111,114,8777,2006,57467.0,0.0,1.293779,0.93995,ITA,JPN,840710
9584351,121,114,8777,2006,0.0,29007.0,1.5384309999999999,0.766628,KOR,JPN,840710
9584352,132,114,8777,2006,0.0,9005.0,0.531375,0.9414170000000001,LVA,JPN,840710
9584353,153,114,8777,2006,9485476.0,886186.0,0.7896569999999999,0.363625,MYS,JPN,840710
9584354,163,114,8777,2006,0.0,4472.0,1.0787930000000001,0.014051,NOR,JPN,840710
9584355,166,114,8777,2006,0.0,32651.0,0.5371,0.8240209999999999,NZL,JPN,840710
9584356,188,114,8777,2006,13760212.0,10180657.0,0.162432,-0.853059,SAU,JPN,840710
9584357,190,114,8777,2006,0.0,14834.0,-1.873762,-1.278378,SDN,JPN,840710
9584358,192,114,8777,2006,28829854.0,0.0,1.5377379999999998,0.503089,SGP,JPN,840710
9584359,208,114,8777,2006,4582.0,0.0,1.902737,0.593294,SWE,JPN,840710
9584360,216,114,8777,2006,36604240.0,1735.0,0.568209,1.685343,THA,JPN,840710
9584361,226,114,8777,2006,0.0,1520.0,-0.953097,0.159129,TZA,JPN,840710
9584362,228,114,8777,2006,0.0,5060.0,0.7008439999999999,0.79656,UKR,JPN,840710
9584363,230,114,8777,2006,0.0,4157.0,0.234384,0.118878,URY,JPN,840710
9584364,231,114,8777,2006,1512480.0,344692.0,1.666643,-0.121679,USA,JPN,840710
9584365,239,114,8777,2006,0.0,29876.0,-0.342779,1.033318,VNM,JPN,840710
9584366,249,114,8777,2006,0.0,5010.0,1.619915,1.2289940000000001,TWN,JPN,840710
9584367,192,118,8777,2006,68901.0,0.0,1.5377379999999998,0.503089,SGP,KHM,840710
9584368,231,118,8777,2006,21901.0,0.0,1.666643,-0.121679,USA,KHM,840710
9584369,14,121,8777,2006,28043.0,18045.0,0.067166,0.373148,AUS,KOR,840710
9584370,15,121,8777,2006,25187.0,0.0,1.775669,0.192717,AUT,KOR,840710
9584371,39,121,8777,2006,0.0,603015.0,0.865685,1.1480489999999999,CAN,KOR,840710
9584372,59,121,8777,2006,16769.0,0.0,1.564058,0.6023649999999999,CZE,KOR,840710
9584373,61,121,8777,2006,17302.0,0.0,2.132566,-2.773669,DEU,KOR,840710
9584374,110,121,8777,2006,0.0,18205.0,1.3082129999999998,0.783845,ISR,KOR,840710
9584375,111,121,8777,2006,18591.0,32667.0,1.293779,0.93995,ITA,KOR,840710
9584376,114,121,8777,2006,29007.0,0.0,2.4348099999999997,0.082887,JPN,KOR,840710
9584377,153,121,8777,2006,0.0,3629.0,0.7896569999999999,0.363625,MYS,KOR,840710
9584378,159,121,8777,2006,0.0,23724.0,-2.094353,-1.215025,NGA,KOR,840710
9584379,162,121,8777,2006,4145.0,2224.0,1.192134,1.450852,NLD,KOR,840710
9584380,177,121,8777,2006,104495.0,0.0,0.991927,1.474418,POL,KOR,840710
9584381,190,121,8777,2006,0.0,9776.0,-1.873762,-1.278378,SDN,KOR,840710
9584382,192,121,8777,2006,3322645.0,1883580.0,1.5377379999999998,0.503089,SGP,KOR,840710
9584383,231,121,8777,2006,5240608.0,79288.0,1.666643,-0.121679,USA,KOR,840710
9584384,14,128,8777,2006,7684.0,0.0,0.067166,0.373148,AUS,LKA,840710
9584385,61,128,8777,2006,6440079.0,0.0,2.132566,-2.773669,DEU,LKA,840710
9584386,216,128,8777,2006,15010799.0,0.0,0.568209,1.685343,THA,LKA,840710
9584387,14,138,8777,2006,1639.0,47311.0,0.067166,0.373148,AUS,MEX,840710
9584388,15,138,8777,2006,6373.0,0.0,1.775669,0.192717,AUT,MEX,840710
9584389,39,138,8777,2006,247795.0,2379740.0,0.865685,1.1480489999999999,CAN,MEX,840710
9584390,41,138,8777,2006,0.0,4327484.0,2.052534,0.515523,CHE,MEX,840710
9584391,52,138,8777,2006,2425883.0,5684924.0,0.042663,-0.376672,CRI,MEX,840710
9584392,59,138,8777,2006,2047.0,0.0,1.564058,0.6023649999999999,CZE,MEX,840710
9584393,71,138,8777,2006,3711346.0,125176.0,0.9091370000000001,2.068166,ESP,MEX,840710
9584394,111,138,8777,2006,2527.0,0.0,1.293779,0.93995,ITA,MEX,840710
9584395,130,138,8777,2006,0.0,8376.0,0.44063599999999997,1.163857,LTU,MEX,840710
9584396,173,138,8777,2006,314719.0,0.0,-0.551095,0.044295,PER,MEX,840710
9584397,179,138,8777,2006,0.0,6839.0,0.5723630000000001,1.92303,PRT,MEX,840710
9584398,186,138,8777,2006,75433.0,0.0,0.801197,0.104683,RUS,MEX,840710
9584399,208,138,8777,2006,2681209.0,0.0,1.902737,0.593294,SWE,MEX,840710
9584400,228,138,8777,2006,8538.0,0.0,0.7008439999999999,0.79656,UKR,MEX,840710
9584401,231,138,8777,2006,16484311.0,135659.0,1.666643,-0.121679,USA,MEX,840710
9584402,7,153,8777,2006,0.0,9641.0,0.053903999999999994,-0.735124,ARE,MYS,840710
9584403,14,153,8777,2006,222141.0,65188.0,0.067166,0.373148,AUS,MYS,840710
9584404,34,153,8777,2006,39627.0,141490.0,-1.331831,-0.9170940000000001,BRN,MYS,840710
9584405,59,153,8777,2006,33834.0,0.0,1.564058,0.6023649999999999,CZE,MYS,840710
9584406,61,153,8777,2006,25972.0,4576970.0,2.132566,-2.773669,DEU,MYS,840710
9584407,77,153,8777,2006,198770.0,0.0,1.47591,0.489466,FRA,MYS,840710
9584408,81,153,8777,2006,85361.0,361049.0,1.824154,0.614424,GBR,MYS,840710
9584409,97,153,8777,2006,0.0,911433.0,0.5776319999999999,2.076782,HKG,MYS,840710
9584410,103,153,8777,2006,1898842.0,992715.0,-0.21012399999999998,1.467838,IDN,MYS,840710
9584411,104,153,8777,2006,270139.0,0.0,0.285652,2.731318,IND,MYS,840710
9584412,114,153,8777,2006,886186.0,9485476.0,2.4348099999999997,0.082887,JPN,MYS,840710
9584413,121,153,8777,2006,3629.0,0.0,1.5384309999999999,0.766628,KOR,MYS,840710
9584414,122,153,8777,2006,0.0,31034.0,-0.589823,-1.142795,KWT,MYS,840710
9584415,162,153,8777,2006,2889544.0,0.0,1.192134,1.450852,NLD,MYS,840710
9584416,166,153,8777,2006,0.0,56135.0,0.5371,0.8240209999999999,NZL,MYS,840710
9584417,174,153,8777,2006,0.0,102878.0,0.161994,0.036631,PHL,MYS,840710
9584418,186,153,8777,2006,4840.0,0.0,0.801197,0.104683,RUS,MYS,840710
9584419,192,153,8777,2006,22473578.0,9447977.0,1.5377379999999998,0.503089,SGP,MYS,840710
9584420,216,153,8777,2006,48522320.0,241161.0,0.568209,1.685343,THA,MYS,840710
9584421,228,153,8777,2006,337062.0,0.0,0.7008439999999999,0.79656,UKR,MYS,840710
9584422,231,153,8777,2006,1025437.0,1914594.0,1.666643,-0.121679,USA,MYS,840710
9584423,249,153,8777,2006,0.0,96282.0,1.619915,1.2289940000000001,TWN,MYS,840710
9584424,250,153,8777,2006,17728.0,0.0,0.711619,-0.41880200000000006,ANS,MYS,840710
9584425,81,160,8777,2006,13609.0,0.0,1.824154,0.614424,GBR,NIC,840710
9584426,169,160,8777,2006,6292.0,0.0,0.306664,0.638533,PAN,NIC,840710
9584427,231,160,8777,2006,41585.0,299954.0,1.666643,-0.121679,USA,NIC,840710
9584428,6,162,8777,2006,0.0,23044.0,0.251825,-0.629035,ANT,NLD,840710
9584429,14,162,8777,2006,0.0,11699.0,0.067166,0.373148,AUS,NLD,840710
9584430,18,162,8777,2006,716168.0,129117.0,1.2222540000000002,1.383027,BEL,NLD,840710
9584431,22,162,8777,2006,1241.0,0.0,-1.0305309999999999,-0.80937,BGD,NLD,840710
9584432,31,162,8777,2006,0.0,213892.0,-0.805185,-0.754091,BOL,NLD,840710
9584433,32,162,8777,2006,72393.0,0.0,0.633889,1.1474520000000001,BRA,NLD,840710
9584434,39,162,8777,2006,662515.0,0.0,0.865685,1.1480489999999999,CAN,NLD,840710
9584435,41,162,8777,2006,18311.0,0.0,2.052534,0.515523,CHE,NLD,840710
9584436,54,162,8777,2006,0.0,328631.0,0.204039,-0.5183260000000001,CUB,NLD,840710
9584437,59,162,8777,2006,37674.0,0.0,1.564058,0.6023649999999999,CZE,NLD,840710
9584438,61,162,8777,2006,256634.0,0.0,2.132566,-2.773669,DEU,NLD,840710
9584439,64,162,8777,2006,0.0,19491.0,1.2308700000000001,1.180914,DNK,NLD,840710
9584440,66,162,8777,2006,0.0,2159.0,-0.489962,-1.12456,DZA,NLD,840710
9584441,71,162,8777,2006,0.0,251852.0,0.9091370000000001,2.068166,ESP,NLD,840710
9584442,77,162,8777,2006,273818.0,0.0,1.47591,0.489466,FRA,NLD,840710
9584443,81,162,8777,2006,185515.0,2243.0,1.824154,0.614424,GBR,NLD,840710
9584444,104,162,8777,2006,0.0,815429.0,0.285652,2.731318,IND,NLD,840710
9584445,107,162,8777,2006,0.0,150707.0,-0.391023,-0.767861,IRN,NLD,840710
9584446,111,162,8777,2006,0.0,2688.0,1.293779,0.93995,ITA,NLD,840710
9584447,116,162,8777,2006,0.0,2631192.0,-0.38287899999999997,1.060286,KEN,NLD,840710
9584448,121,162,8777,2006,2224.0,4145.0,1.5384309999999999,0.766628,KOR,NLD,840710
9584449,131,162,8777,2006,0.0,2586.0,1.4345620000000001,0.8840819999999999,LUX,NLD,840710
9584450,142,162,8777,2006,42729.0,0.0,1.384411,0.093734,MLT,NLD,840710
9584451,153,162,8777,2006,0.0,2889544.0,0.7896569999999999,0.363625,MYS,NLD,840710
9584452,163,162,8777,2006,0.0,1221.0,1.0787930000000001,0.014051,NOR,NLD,840710
9584453,167,162,8777,2006,0.0,3216378.0,-0.6373989999999999,-1.092554,OMN,NLD,840710
9584454,168,162,8777,2006,0.0,12934786.0,-0.449333,0.563013,PAK,NLD,840710
9584455,174,162,8777,2006,12615681.0,15979991.0,0.161994,0.036631,PHL,NLD,840710
9584456,183,162,8777,2006,140560.0,0.0,0.055777999999999994,-1.0379049999999999,QAT,NLD,840710
9584457,188,162,8777,2006,0.0,734964.0,0.162432,-0.853059,SAU,NLD,840710
9584458,192,162,8777,2006,27080814.0,7287.0,1.5377379999999998,0.503089,SGP,NLD,840710
9584459,205,162,8777,2006,0.0,4639.0,-0.754046,-0.872361,SUR,NLD,840710
9584460,216,162,8777,2006,0.0,74291.0,0.568209,1.685343,THA,NLD,840710
9584461,224,162,8777,2006,0.0,495585.0,0.33971599999999996,2.193384,TUR,NLD,840710
9584462,231,162,8777,2006,1410837.0,539084.0,1.666643,-0.121679,USA,NLD,840710
9584463,246,162,8777,2006,26446.0,0.0,0.37964499999999995,1.466326,ZAF,NLD,840710
9584464,14,166,8777,2006,1430223.0,529221.0,0.067166,0.373148,AUS,NZL,840710
9584465,15,166,8777,2006,67077.0,0.0,1.775669,0.192717,AUT,NZL,840710
9584466,18,166,8777,2006,9873.0,0.0,1.2222540000000002,1.383027,BEL,NZL,840710
9584467,39,166,8777,2006,51593.0,0.0,0.865685,1.1480489999999999,CAN,NZL,840710
9584468,59,166,8777,2006,84255.0,3539.0,1.564058,0.6023649999999999,CZE,NZL,840710
9584469,61,166,8777,2006,9875.0,0.0,2.132566,-2.773669,DEU,NZL,840710
9584470,75,166,8777,2006,3582.0,100667.0,-0.6554949999999999,-0.098284,FJI,NZL,840710
9584471,77,166,8777,2006,260163.0,0.0,1.47591,0.489466,FRA,NZL,840710
9584472,81,166,8777,2006,9922.0,0.0,1.824154,0.614424,GBR,NZL,840710
9584473,104,166,8777,2006,0.0,357661.0,0.285652,2.731318,IND,NZL,840710
9584474,111,166,8777,2006,2793.0,0.0,1.293779,0.93995,ITA,NZL,840710
9584475,114,166,8777,2006,32651.0,0.0,2.4348099999999997,0.082887,JPN,NZL,840710
9584476,153,166,8777,2006,56135.0,0.0,0.7896569999999999,0.363625,MYS,NZL,840710
9584477,156,166,8777,2006,0.0,36281.0,-0.135099,-0.7618779999999999,NCL,NZL,840710
9584478,164,166,8777,2006,0.0,46282.0,-0.29672600000000005,0.665077,NPL,NZL,840710
9584479,176,166,8777,2006,0.0,93806.0,-1.89409,-1.234731,PNG,NZL,840710
9584480,185,166,8777,2006,1570.0,0.0,0.550825,1.170744,ROU,NZL,840710
9584481,186,166,8777,2006,16418.0,0.0,0.801197,0.104683,RUS,NZL,840710
9584482,188,166,8777,2006,0.0,11946.0,0.162432,-0.853059,SAU,NZL,840710
9584483,192,166,8777,2006,1120715.0,0.0,1.5377379999999998,0.503089,SGP,NZL,840710
9584484,221,166,8777,2006,0.0,39950.0,-0.45091499999999995,-0.670044,TON,NZL,840710
9584485,231,166,8777,2006,2934956.0,38955.0,1.666643,-0.121679,USA,NZL,840710
9584486,246,166,8777,2006,0.0,49458.0,0.37964499999999995,1.466326,ZAF,NZL,840710
9584487,249,166,8777,2006,0.0,9344.0,1.619915,1.2289940000000001,TWN,NZL,840710
9584488,250,166,8777,2006,55996.0,0.0,0.711619,-0.41880200000000006,ANS,NZL,840710
9584489,7,168,8777,2006,8554.0,0.0,0.053903999999999994,-0.735124,ARE,PAK,840710
9584490,39,168,8777,2006,1312532.0,0.0,0.865685,1.1480489999999999,CAN,PAK,840710
9584491,61,168,8777,2006,71638.0,0.0,2.132566,-2.773669,DEU,PAK,840710
9584492,81,168,8777,2006,21159452.0,0.0,1.824154,0.614424,GBR,PAK,840710
9584493,97,168,8777,2006,2349268.0,0.0,0.5776319999999999,2.076782,HKG,PAK,840710
9584494,103,168,8777,2006,0.0,829090.0,-0.21012399999999998,1.467838,IDN,PAK,840710
9584495,162,168,8777,2006,12934786.0,0.0,1.192134,1.450852,NLD,PAK,840710
9584496,192,168,8777,2006,7430724.0,0.0,1.5377379999999998,0.503089,SGP,PAK,840710
9584497,216,168,8777,2006,423928.0,0.0,0.568209,1.685343,THA,PAK,840710
9584498,231,168,8777,2006,140365.0,0.0,1.666643,-0.121679,USA,PAK,840710
9584499,32,169,8777,2006,0.0,4355.0,0.633889,1.1474520000000001,BRA,PAN,840710
9584500,42,169,8777,2006,1305188.0,430459.0,-0.188298,-0.46778000000000003,CHL,PAN,840710
9584501,43,169,8777,2006,252406.0,0.0,0.737888,2.54966,CHN,PAN,840710
9584502,49,169,8777,2006,0.0,24567.0,0.129887,0.44371700000000003,COL,PAN,840710
9584503,52,169,8777,2006,0.0,8554.0,0.042663,-0.376672,CRI,PAN,840710
9584504,65,169,8777,2006,0.0,12768.0,-0.24073699999999998,0.049093,DOM,PAN,840710
9584505,77,169,8777,2006,25556.0,0.0,1.47591,0.489466,FRA,PAN,840710
9584506,81,169,8777,2006,1207.0,0.0,1.824154,0.614424,GBR,PAN,840710
9584507,97,169,8777,2006,8227.0,0.0,0.5776319999999999,2.076782,HKG,PAN,840710
9584508,99,169,8777,2006,538544.0,1571895.0,-0.672074,-0.472138,HND,PAN,840710
9584509,101,169,8777,2006,0.0,10587.0,-1.037941,-0.9475790000000001,HTI,PAN,840710
9584510,103,169,8777,2006,32061.0,0.0,-0.21012399999999998,1.467838,IDN,PAN,840710
9584511,160,169,8777,2006,0.0,6292.0,-0.998825,-0.893867,NIC,PAN,840710
9584512,231,169,8777,2006,75047.0,0.0,1.666643,-0.121679,USA,PAN,840710
9584513,236,169,8777,2006,0.0,182374.0,-0.340972,-1.015462,VEN,PAN,840710
9584514,249,169,8777,2006,36165.0,0.0,1.619915,1.2289940000000001,TWN,PAN,840710
9584515,138,173,8777,2006,0.0,314719.0,1.047268,0.7142270000000001,MEX,PER,840710
9584516,186,173,8777,2006,1546.0,0.0,0.801197,0.104683,RUS,PER,840710
9584517,228,173,8777,2006,0.0,8228.0,0.7008439999999999,0.79656,UKR,PER,840710
9584518,231,173,8777,2006,1138115.0,41320.0,1.666643,-0.121679,USA,PER,840710
9584519,14,174,8777,2006,926330.0,8094.0,0.067166,0.373148,AUS,PHL,840710
9584520,22,174,8777,2006,301295.0,0.0,-1.0305309999999999,-0.80937,BGD,PHL,840710
9584521,39,174,8777,2006,9415.0,12008.0,0.865685,1.1480489999999999,CAN,PHL,840710
9584522,59,174,8777,2006,82828.0,0.0,1.564058,0.6023649999999999,CZE,PHL,840710
9584523,61,174,8777,2006,3517597.0,20002010.0,2.132566,-2.773669,DEU,PHL,840710
9584524,77,174,8777,2006,1440407.0,0.0,1.47591,0.489466,FRA,PHL,840710
9584525,81,174,8777,2006,252962.0,4202467.0,1.824154,0.614424,GBR,PHL,840710
9584526,97,174,8777,2006,0.0,10622.0,0.5776319999999999,2.076782,HKG,PHL,840710
9584527,103,174,8777,2006,286798.0,176081.0,-0.21012399999999998,1.467838,IDN,PHL,840710
9584528,104,174,8777,2006,364202.0,0.0,0.285652,2.731318,IND,PHL,840710
9584529,106,174,8777,2006,813615.0,0.0,1.43804,0.06463200000000001,IRL,PHL,840710
9584530,111,174,8777,2006,17961.0,0.0,1.293779,0.93995,ITA,PHL,840710
9584531,153,174,8777,2006,102878.0,0.0,0.7896569999999999,0.363625,MYS,PHL,840710
9584532,162,174,8777,2006,15979991.0,12615681.0,1.192134,1.450852,NLD,PHL,840710
9584533,176,174,8777,2006,9951.0,0.0,-1.89409,-1.234731,PNG,PHL,840710
9584534,185,174,8777,2006,11057.0,0.0,0.550825,1.170744,ROU,PHL,840710
9584535,192,174,8777,2006,762877.0,42507.0,1.5377379999999998,0.503089,SGP,PHL,840710
9584536,216,174,8777,2006,114546.0,271933.0,0.568209,1.685343,THA,PHL,840710
9584537,231,174,8777,2006,1974297.0,110239.0,1.666643,-0.121679,USA,PHL,840710
9584538,7,177,8777,2006,0.0,141204.0,0.053903999999999994,-0.735124,ARE,POL,840710
9584539,14,177,8777,2006,6341.0,65736.0,0.067166,0.373148,AUS,POL,840710
9584540,15,177,8777,2006,600139.0,0.0,1.775669,0.192717,AUT,POL,840710
9584541,28,177,8777,2006,2145.0,0.0,0.919853,0.384409,BLR,POL,840710
9584542,39,177,8777,2006,0.0,70033.0,0.865685,1.1480489999999999,CAN,POL,840710
9584543,43,177,8777,2006,0.0,243709.0,0.737888,2.54966,CHN,POL,840710
9584544,59,177,8777,2006,55558.0,287314.0,1.564058,0.6023649999999999,CZE,POL,840710
9584545,61,177,8777,2006,47572.0,0.0,2.132566,-2.773669,DEU,POL,840710
9584546,71,177,8777,2006,0.0,95310.0,0.9091370000000001,2.068166,ESP,POL,840710
9584547,74,177,8777,2006,0.0,9855.0,1.864038,0.8193940000000001,FIN,POL,840710
9584548,81,177,8777,2006,200417.0,0.0,1.824154,0.614424,GBR,POL,840710
9584549,90,177,8777,2006,0.0,280608.0,0.261955,1.488958,GRC,POL,840710
9584550,111,177,8777,2006,19208.0,0.0,1.293779,0.93995,ITA,POL,840710
9584551,121,177,8777,2006,0.0,104495.0,1.5384309999999999,0.766628,KOR,POL,840710
9584552,185,177,8777,2006,0.0,7377.0,0.550825,1.170744,ROU,POL,840710
9584553,186,177,8777,2006,39423.0,0.0,0.801197,0.104683,RUS,POL,840710
9584554,205,177,8777,2006,0.0,5726.0,-0.754046,-0.872361,SUR,POL,840710
9584555,228,177,8777,2006,28790.0,53245.0,0.7008439999999999,0.79656,UKR,POL,840710
9584556,231,177,8777,2006,256765.0,139372.0,1.666643,-0.121679,USA,POL,840710
9584557,236,177,8777,2006,0.0,139243.0,-0.340972,-1.015462,VEN,POL,840710
9584558,246,177,8777,2006,0.0,28299.0,0.37964499999999995,1.466326,ZAF,POL,840710
9584559,61,180,8777,2006,13378.0,0.0,2.132566,-2.773669,DEU,PRY,840710
9584560,231,180,8777,2006,6245.0,0.0,1.666643,-0.121679,USA,PRY,840710
9584561,14,183,8777,2006,3978.0,0.0,0.067166,0.373148,AUS,QAT,840710
9584562,61,183,8777,2006,0.0,142270.0,2.132566,-2.773669,DEU,QAT,840710
9584563,162,183,8777,2006,0.0,140560.0,1.192134,1.450852,NLD,QAT,840710
9584564,186,183,8777,2006,0.0,79779.0,0.801197,0.104683,RUS,QAT,840710
9584565,192,183,8777,2006,0.0,504987.0,1.5377379999999998,0.503089,SGP,QAT,840710
9584566,231,183,8777,2006,99522.0,0.0,1.666643,-0.121679,USA,QAT,840710
9584567,250,183,8777,2006,0.0,200557.0,0.711619,-0.41880200000000006,ANS,QAT,840710
9584568,14,185,8777,2006,0.0,17737.0,0.067166,0.373148,AUS,ROU,840710
9584569,15,185,8777,2006,96299.0,0.0,1.775669,0.192717,AUT,ROU,840710
9584570,18,185,8777,2006,939104.0,801816.0,1.2222540000000002,1.383027,BEL,ROU,840710
9584571,59,185,8777,2006,51820.0,7151.0,1.564058,0.6023649999999999,CZE,ROU,840710
9584572,81,185,8777,2006,218989.0,79464.0,1.824154,0.614424,GBR,ROU,840710
9584573,102,185,8777,2006,5747.0,65278.0,1.4034309999999999,0.835144,HUN,ROU,840710
9584574,111,185,8777,2006,30502.0,0.0,1.293779,0.93995,ITA,ROU,840710
9584575,166,185,8777,2006,0.0,1570.0,0.5371,0.8240209999999999,NZL,ROU,840710
9584576,174,185,8777,2006,0.0,11057.0,0.161994,0.036631,PHL,ROU,840710
9584577,177,185,8777,2006,7377.0,0.0,0.991927,1.474418,POL,ROU,840710
9584578,179,185,8777,2006,0.0,15574.0,0.5723630000000001,1.92303,PRT,ROU,840710
9584579,186,185,8777,2006,33874.0,0.0,0.801197,0.104683,RUS,ROU,840710
9584580,228,185,8777,2006,0.0,9517.0,0.7008439999999999,0.79656,UKR,ROU,840710
9584581,231,185,8777,2006,1013598.0,127871.0,1.666643,-0.121679,USA,ROU,840710
9584582,7,188,8777,2006,0.0,826292.0,0.053903999999999994,-0.735124,ARE,SAU,840710
9584583,18,188,8777,2006,14816912.0,0.0,1.2222540000000002,1.383027,BEL,SAU,840710
9584584,24,188,8777,2006,0.0,12371.0,0.172724,-0.9449879999999999,BHR,SAU,840710
9584585,39,188,8777,2006,1587096.0,0.0,0.865685,1.1480489999999999,CAN,SAU,840710
9584586,41,188,8777,2006,0.0,3610.0,2.052534,0.515523,CHE,SAU,840710
9584587,61,188,8777,2006,6540544.0,4325.0,2.132566,-2.773669,DEU,SAU,840710
9584588,81,188,8777,2006,138275.0,0.0,1.824154,0.614424,GBR,SAU,840710
9584589,111,188,8777,2006,4656.0,0.0,1.293779,0.93995,ITA,SAU,840710
9584590,113,188,8777,2006,0.0,37252.0,0.166718,0.331248,JOR,SAU,840710
9584591,114,188,8777,2006,10180657.0,13760212.0,2.4348099999999997,0.082887,JPN,SAU,840710
9584592,162,188,8777,2006,734964.0,0.0,1.192134,1.450852,NLD,SAU,840710
9584593,166,188,8777,2006,11946.0,0.0,0.5371,0.8240209999999999,NZL,SAU,840710
9584594,190,188,8777,2006,0.0,260230.0,-1.873762,-1.278378,SDN,SAU,840710
9584595,208,188,8777,2006,574831.0,0.0,1.902737,0.593294,SWE,SAU,840710
9584596,231,188,8777,2006,7523652.0,148674.0,1.666643,-0.121679,USA,SAU,840710
9584597,231,197,8777,2006,5090.0,0.0,1.666643,-0.121679,USA,SLV,840710
9584598,162,205,8777,2006,4639.0,0.0,1.192134,1.450852,NLD,SUR,840710
9584599,177,205,8777,2006,5726.0,0.0,0.991927,1.474418,POL,SUR,840710
9584600,186,205,8777,2006,0.0,1441.0,0.801197,0.104683,RUS,SUR,840710
9584601,231,205,8777,2006,596479.0,299489.0,1.666643,-0.121679,USA,SUR,840710
9584602,8,208,8777,2006,0.0,6405.0,0.33055,0.665867,ARG,SWE,840710
9584603,14,208,8777,2006,1117729.0,640448.0,0.067166,0.373148,AUS,SWE,840710
9584604,15,208,8777,2006,174443.0,0.0,1.775669,0.192717,AUT,SWE,840710
9584605,16,208,8777,2006,0.0,4522.0,-0.521304,-1.035764,AZE,SWE,840710
9584606,39,208,8777,2006,9298.0,0.0,0.865685,1.1480489999999999,CAN,SWE,840710
9584607,43,208,8777,2006,0.0,1784.0,0.737888,2.54966,CHN,SWE,840710
9584608,59,208,8777,2006,3793.0,11965.0,1.564058,0.6023649999999999,CZE,SWE,840710
9584609,61,208,8777,2006,34781.0,3802.0,2.132566,-2.773669,DEU,SWE,840710
9584610,64,208,8777,2006,0.0,71167.0,1.2308700000000001,1.180914,DNK,SWE,840710
9584611,71,208,8777,2006,0.0,253532.0,0.9091370000000001,2.068166,ESP,SWE,840710
9584612,77,208,8777,2006,0.0,21871.0,1.47591,0.489466,FRA,SWE,840710
9584613,81,208,8777,2006,40294.0,0.0,1.824154,0.614424,GBR,SWE,840710
9584614,103,208,8777,2006,0.0,57969.0,-0.21012399999999998,1.467838,IDN,SWE,840710
9584615,111,208,8777,2006,7267.0,0.0,1.293779,0.93995,ITA,SWE,840710
9584616,114,208,8777,2006,0.0,4582.0,2.4348099999999997,0.082887,JPN,SWE,840710
9584617,138,208,8777,2006,0.0,2681209.0,1.047268,0.7142270000000001,MEX,SWE,840710
9584618,163,208,8777,2006,183394.0,17869.0,1.0787930000000001,0.014051,NOR,SWE,840710
9584619,186,208,8777,2006,1973.0,0.0,0.801197,0.104683,RUS,SWE,840710
9584620,188,208,8777,2006,0.0,574831.0,0.162432,-0.853059,SAU,SWE,840710
9584621,192,208,8777,2006,956316.0,0.0,1.5377379999999998,0.503089,SGP,SWE,840710
9584622,216,208,8777,2006,0.0,1225.0,0.568209,1.685343,THA,SWE,840710
9584623,231,208,8777,2006,2303826.0,1458.0,1.666643,-0.121679,USA,SWE,840710
9584624,246,208,8777,2006,1981147.0,0.0,0.37964499999999995,1.466326,ZAF,SWE,840710
9584625,14,216,8777,2006,7339.0,0.0,0.067166,0.373148,AUS,THA,840710
9584626,15,216,8777,2006,3107.0,0.0,1.775669,0.192717,AUT,THA,840710
9584627,18,216,8777,2006,121545.0,0.0,1.2222540000000002,1.383027,BEL,THA,840710
9584628,34,216,8777,2006,37205.0,0.0,-1.331831,-0.9170940000000001,BRN,THA,840710
9584629,39,216,8777,2006,147120.0,0.0,0.865685,1.1480489999999999,CAN,THA,840710
9584630,41,216,8777,2006,0.0,39966476.0,2.052534,0.515523,CHE,THA,840710
9584631,43,216,8777,2006,4166.0,0.0,0.737888,2.54966,CHN,THA,840710
9584632,59,216,8777,2006,10991.0,0.0,1.564058,0.6023649999999999,CZE,THA,840710
9584633,61,216,8777,2006,1986.0,601550.0,2.132566,-2.773669,DEU,THA,840710
9584634,71,216,8777,2006,1430.0,0.0,0.9091370000000001,2.068166,ESP,THA,840710
9584635,77,216,8777,2006,326122.0,3533.0,1.47591,0.489466,FRA,THA,840710
9584636,81,216,8777,2006,0.0,12922907.0,1.824154,0.614424,GBR,THA,840710
9584637,104,216,8777,2006,0.0,49498.0,0.285652,2.731318,IND,THA,840710
9584638,111,216,8777,2006,12933.0,0.0,1.293779,0.93995,ITA,THA,840710
9584639,114,216,8777,2006,1735.0,36604240.0,2.4348099999999997,0.082887,JPN,THA,840710
9584640,123,216,8777,2006,0.0,1444331.0,-1.1707450000000001,-1.057348,LAO,THA,840710
9584641,128,216,8777,2006,0.0,15010799.0,-0.573767,0.305913,LKA,THA,840710
9584642,153,216,8777,2006,241161.0,48522320.0,0.7896569999999999,0.363625,MYS,THA,840710
9584643,162,216,8777,2006,74291.0,0.0,1.192134,1.450852,NLD,THA,840710
9584644,164,216,8777,2006,96195.0,0.0,-0.29672600000000005,0.665077,NPL,THA,840710
9584645,168,216,8777,2006,0.0,423928.0,-0.449333,0.563013,PAK,THA,840710
9584646,174,216,8777,2006,271933.0,114546.0,0.161994,0.036631,PHL,THA,840710
9584647,192,216,8777,2006,40802488.0,42549632.0,1.5377379999999998,0.503089,SGP,THA,840710
9584648,208,216,8777,2006,1225.0,0.0,1.902737,0.593294,SWE,THA,840710
9584649,224,216,8777,2006,0.0,8521198.0,0.33971599999999996,2.193384,TUR,THA,840710
9584650,231,216,8777,2006,75784.0,21796098.0,1.666643,-0.121679,USA,THA,840710
9584651,246,216,8777,2006,255182.0,0.0,0.37964499999999995,1.466326,ZAF,THA,840710
9584652,39,222,8777,2006,0.0,143506.0,0.865685,1.1480489999999999,CAN,TTO,840710
9584653,231,222,8777,2006,108222.0,31551.0,1.666643,-0.121679,USA,TTO,840710
9584654,16,224,8777,2006,26252.0,297011.0,-0.521304,-1.035764,AZE,TUR,840710
9584655,18,224,8777,2006,2645718.0,0.0,1.2222540000000002,1.383027,BEL,TUR,840710
9584656,26,224,8777,2006,0.0,1136.0,0.40788800000000003,0.562854,BIH,TUR,840710
9584657,61,224,8777,2006,7847.0,1885.0,2.132566,-2.773669,DEU,TUR,840710
9584658,77,224,8777,2006,24554.0,0.0,1.47591,0.489466,FRA,TUR,840710
9584659,81,224,8777,2006,19715.0,1306999.0,1.824154,0.614424,GBR,TUR,840710
9584660,102,224,8777,2006,7898.0,0.0,1.4034309999999999,0.835144,HUN,TUR,840710
9584661,111,224,8777,2006,9656.0,0.0,1.293779,0.93995,ITA,TUR,840710
9584662,142,224,8777,2006,0.0,430433.0,1.384411,0.093734,MLT,TUR,840710
9584663,162,224,8777,2006,495585.0,0.0,1.192134,1.450852,NLD,TUR,840710
9584664,216,224,8777,2006,8521198.0,0.0,0.568209,1.685343,THA,TUR,840710
9584665,231,224,8777,2006,322364.0,0.0,1.666643,-0.121679,USA,TUR,840710
9584666,8,230,8777,2006,17937.0,0.0,0.33055,0.665867,ARG,URY,840710
9584667,42,230,8777,2006,5779.0,0.0,-0.188298,-0.46778000000000003,CHL,URY,840710
9584668,114,230,8777,2006,4157.0,0.0,2.4348099999999997,0.082887,JPN,URY,840710
9584669,231,230,8777,2006,184659.0,72795.0,1.666643,-0.121679,USA,URY,840710
9584670,3,231,8777,2006,0.0,25153.0,1.4066610000000002,-0.166941,AIA,USA,840710
9584671,6,231,8777,2006,243535.0,91072.0,0.251825,-0.629035,ANT,USA,840710
9584672,7,231,8777,2006,0.0,623398.0,0.053903999999999994,-0.735124,ARE,USA,840710
9584673,8,231,8777,2006,40289.0,722447.0,0.33055,0.665867,ARG,USA,840710
9584674,13,231,8777,2006,0.0,131218.0,-0.139051,-0.780321,ATG,USA,840710
9584675,14,231,8777,2006,3484795.0,16695917.0,0.067166,0.373148,AUS,USA,840710
9584676,15,231,8777,2006,6562555.0,260589.0,1.775669,0.192717,AUT,USA,840710
9584677,18,231,8777,2006,686402.0,1181668.0,1.2222540000000002,1.383027,BEL,USA,840710
9584678,22,231,8777,2006,0.0,895502.0,-1.0305309999999999,-0.80937,BGD,USA,840710
9584679,23,231,8777,2006,0.0,86810.0,0.414563,1.378005,BGR,USA,840710
9584680,25,231,8777,2006,269226.0,294536.0,0.673694,-0.519608,BHS,USA,840710
9584681,29,231,8777,2006,0.0,45248.0,-0.584902,-0.82437,BLZ,USA,840710
9584682,31,231,8777,2006,170963.0,105832.0,-0.805185,-0.754091,BOL,USA,840710
9584683,32,231,8777,2006,40166.0,33466760.0,0.633889,1.1474520000000001,BRA,USA,840710
9584684,33,231,8777,2006,0.0,75648.0,0.977267,0.6046560000000001,BRB,USA,840710
9584685,34,231,8777,2006,135645.0,980676.0,-1.331831,-0.9170940000000001,BRN,USA,840710
9584686,37,231,8777,2006,478637.0,1117444.0,-1.0541459999999998,-1.179286,BWA,USA,840710
9584687,39,231,8777,2006,20370816.0,49342232.0,0.865685,1.1480489999999999,CAN,USA,840710
9584688,41,231,8777,2006,84246.0,823030.0,2.052534,0.515523,CHE,USA,840710
9584689,42,231,8777,2006,182385.0,175380.0,-0.188298,-0.46778000000000003,CHL,USA,840710
9584690,43,231,8777,2006,8155.0,922352.0,0.737888,2.54966,CHN,USA,840710
9584691,44,231,8777,2006,0.0,58054.0,-0.8918530000000001,-0.8145819999999999,CIV,USA,840710
9584692,49,231,8777,2006,3458858.0,571711.0,0.129887,0.44371700000000003,COL,USA,840710
9584693,51,231,8777,2006,0.0,475535.0,0.369814,-0.414812,CPV,USA,840710
9584694,52,231,8777,2006,7617493.0,13056509.0,0.042663,-0.376672,CRI,USA,840710
9584695,58,231,8777,2006,0.0,23858.0,0.708267,-0.048096,CYP,USA,840710
9584696,59,231,8777,2006,876973.0,614287.0,1.564058,0.6023649999999999,CZE,USA,840710
9584697,61,231,8777,2006,2078887.0,22686064.0,2.132566,-2.773669,DEU,USA,840710
9584698,64,231,8777,2006,600674.0,1017196.0,1.2308700000000001,1.180914,DNK,USA,840710
9584699,65,231,8777,2006,0.0,85341.0,-0.24073699999999998,0.049093,DOM,USA,840710
9584700,67,231,8777,2006,6550.0,208148.0,-0.878583,-0.9462010000000001,ECU,USA,840710
9584701,68,231,8777,2006,0.0,1999477.0,-0.182272,0.40222399999999997,EGY,USA,840710
9584702,71,231,8777,2006,8161872.0,4328070.0,0.9091370000000001,2.068166,ESP,USA,840710
9584703,72,231,8777,2006,0.0,1103.0,0.6426350000000001,0.925003,EST,USA,840710
9584704,73,231,8777,2006,0.0,3399706.0,-0.9557180000000001,-0.9153479999999999,ETH,USA,840710
9584705,74,231,8777,2006,93401.0,163707.0,1.864038,0.8193940000000001,FIN,USA,840710
9584706,75,231,8777,2006,60008.0,43944.0,-0.6554949999999999,-0.098284,FJI,USA,840710
9584707,77,231,8777,2006,853616.0,9566414.0,1.47591,0.489466,FRA,USA,840710
9584708,79,231,8777,2006,0.0,7729.0,-0.883972,-0.8817209999999999,FSM,USA,840710
9584709,80,231,8777,2006,77032.0,31625.0,-1.6696819999999999,-1.173322,GAB,USA,840710
9584710,81,231,8777,2006,11148546.0,18171508.0,1.824154,0.614424,GBR,USA,840710
9584711,82,231,8777,2006,0.0,46328.0,0.076711,-0.47216099999999994,GEO,USA,840710
9584712,90,231,8777,2006,19813.0,9259.0,0.261955,1.488958,GRC,USA,840710
9584713,92,231,8777,2006,0.0,1976.0,-1.0014,-0.935995,GRL,USA,840710
9584714,93,231,8777,2006,88625.0,274441.0,-0.28642199999999995,0.5868439999999999,GTM,USA,840710
9584715,96,231,8777,2006,23792.0,411763.0,-0.813775,-0.8000649999999999,GUY,USA,840710
9584716,97,231,8777,2006,15775.0,1711033.0,0.5776319999999999,2.076782,HKG,USA,840710
9584717,99,231,8777,2006,215508.0,69993.0,-0.672074,-0.472138,HND,USA,840710
9584718,100,231,8777,2006,6644.0,20220.0,0.755787,0.992614,HRV,USA,840710
9584719,102,231,8777,2006,18982.0,0.0,1.4034309999999999,0.835144,HUN,USA,840710
9584720,103,231,8777,2006,0.0,1104350.0,-0.21012399999999998,1.467838,IDN,USA,840710
9584721,104,231,8777,2006,372564.0,1102066.0,0.285652,2.731318,IND,USA,840710
9584722,106,231,8777,2006,2519909.0,15349092.0,1.43804,0.06463200000000001,IRL,USA,840710
9584723,108,231,8777,2006,414533.0,281042.0,-2.029727,-0.8634219999999999,IRQ,USA,840710
9584724,109,231,8777,2006,0.0,43924.0,0.170234,-0.302203,ISL,USA,840710
9584725,110,231,8777,2006,34055.0,222044.0,1.3082129999999998,0.783845,ISR,USA,840710
9584726,111,231,8777,2006,3608585.0,2856727.0,1.293779,0.93995,ITA,USA,840710
9584727,112,231,8777,2006,0.0,269105.0,-0.5122720000000001,-0.9109809999999999,JAM,USA,840710
9584728,113,231,8777,2006,0.0,366772.0,0.166718,0.331248,JOR,USA,840710
9584729,114,231,8777,2006,344692.0,1512480.0,2.4348099999999997,0.082887,JPN,USA,840710
9584730,115,231,8777,2006,0.0,310506.0,0.038229,-0.579421,KAZ,USA,840710
9584731,116,231,8777,2006,31763.0,370056.0,-0.38287899999999997,1.060286,KEN,USA,840710
9584732,117,231,8777,2006,0.0,172386.0,-0.034069,0.136694,KGZ,USA,840710
9584733,118,231,8777,2006,0.0,21901.0,-1.323365,-1.185827,KHM,USA,840710
9584734,121,231,8777,2006,79288.0,5240608.0,1.5384309999999999,0.766628,KOR,USA,840710
9584735,124,231,8777,2006,49798.0,17538090.0,0.3861,1.586183,LBN,USA,840710
9584736,129,231,8777,2006,0.0,33470.0,-1.006497,-0.957676,LSO,USA,840710
9584737,130,231,8777,2006,19787.0,0.0,0.44063599999999997,1.163857,LTU,USA,840710
9584738,131,231,8777,2006,611004.0,69750.0,1.4345620000000001,0.8840819999999999,LUX,USA,840710
9584739,134,231,8777,2006,47724.0,7192770.0,-0.547933,0.08257300000000001,MAR,USA,840710
9584740,136,231,8777,2006,58465.0,20804.0,-1.024657,-0.393395,MDG,USA,840710
9584741,137,231,8777,2006,0.0,73034.0,-0.240191,-0.8320290000000001,MDV,USA,840710
9584742,138,231,8777,2006,135659.0,16484311.0,1.047268,0.7142270000000001,MEX,USA,840710
9584743,140,231,8777,2006,0.0,112498.0,-0.21336,0.17674700000000002,MKD,USA,840710
9584744,142,231,8777,2006,0.0,8042.0,1.384411,0.093734,MLT,USA,840710
9584745,147,231,8777,2006,32804.0,731670.0,-1.0250629999999998,-1.067359,MOZ,USA,840710
9584746,148,231,8777,2006,0.0,6563325.0,-1.72422,-1.2414399999999999,MRT,USA,840710
9584747,151,231,8777,2006,0.0,4497.0,-0.311109,-0.07267,MUS,USA,840710
9584748,153,231,8777,2006,1914594.0,1025437.0,0.7896569999999999,0.363625,MYS,USA,840710
9584749,155,231,8777,2006,1831.0,92941.0,-0.515361,-0.8027350000000001,NAM,USA,840710
9584750,157,231,8777,2006,8131.0,0.0,-0.554188,-0.708255,NER,USA,840710
9584751,159,231,8777,2006,0.0,23040.0,-2.094353,-1.215025,NGA,USA,840710
9584752,160,231,8777,2006,299954.0,41585.0,-0.998825,-0.893867,NIC,USA,840710
9584753,162,231,8777,2006,539084.0,1410837.0,1.192134,1.450852,NLD,USA,840710
9584754,163,231,8777,2006,0.0,1718841.0,1.0787930000000001,0.014051,NOR,USA,840710
9584755,166,231,8777,2006,38955.0,2934956.0,0.5371,0.8240209999999999,NZL,USA,840710
9584756,168,231,8777,2006,0.0,140365.0,-0.449333,0.563013,PAK,USA,840710
9584757,169,231,8777,2006,0.0,75047.0,0.306664,0.638533,PAN,USA,840710
9584758,173,231,8777,2006,41320.0,1138115.0,-0.551095,0.044295,PER,USA,840710
9584759,174,231,8777,2006,110239.0,1974297.0,0.161994,0.036631,PHL,USA,840710
9584760,176,231,8777,2006,0.0,51087.0,-1.89409,-1.234731,PNG,USA,840710
9584761,177,231,8777,2006,139372.0,256765.0,0.991927,1.474418,POL,USA,840710
9584762,179,231,8777,2006,49305.0,930704.0,0.5723630000000001,1.92303,PRT,USA,840710
9584763,180,231,8777,2006,0.0,6245.0,-0.520435,-0.7839119999999999,PRY,USA,840710
9584764,182,231,8777,2006,239201.0,2676.0,-0.213329,-0.743599,PYF,USA,840710
9584765,183,231,8777,2006,0.0,99522.0,0.055777999999999994,-1.0379049999999999,QAT,USA,840710
9584766,185,231,8777,2006,127871.0,1013598.0,0.550825,1.170744,ROU,USA,840710
9584767,186,231,8777,2006,30351.0,39730.0,0.801197,0.104683,RUS,USA,840710
9584768,188,231,8777,2006,148674.0,7523652.0,0.162432,-0.853059,SAU,USA,840710
9584769,191,231,8777,2006,0.0,26230.0,-0.364713,-0.183612,SEN,USA,840710
9584770,192,231,8777,2006,400006.0,5709988.0,1.5377379999999998,0.503089,SGP,USA,840710
9584771,197,231,8777,2006,0.0,5090.0,-0.135312,0.140874,SLV,USA,840710
9584772,201,231,8777,2006,0.0,828.0,0.547824,1.5588879999999998,SRB,USA,840710
9584773,205,231,8777,2006,299489.0,596479.0,-0.754046,-0.872361,SUR,USA,840710
9584774,206,231,8777,2006,47637.0,50569.0,1.291583,0.868317,SVK,USA,840710
9584775,207,231,8777,2006,0.0,34574.0,1.5882370000000001,0.800719,SVN,USA,840710
9584776,208,231,8777,2006,1458.0,2303826.0,1.902737,0.593294,SWE,USA,840710
9584777,212,231,8777,2006,0.0,2545775.0,-0.588695,0.532487,SYR,USA,840710
9584778,216,231,8777,2006,21796098.0,75784.0,0.568209,1.685343,THA,USA,840710
9584779,222,231,8777,2006,31551.0,108222.0,-0.20651399999999998,-1.024907,TTO,USA,840710
9584780,223,231,8777,2006,0.0,322029.0,-0.013636,0.804752,TUN,USA,840710
9584781,224,231,8777,2006,0.0,322364.0,0.33971599999999996,2.193384,TUR,USA,840710
9584782,226,231,8777,2006,0.0,28532.0,-0.953097,0.159129,TZA,USA,840710
9584783,227,231,8777,2006,28578.0,30264.0,-0.702511,-0.43976099999999996,UGA,USA,840710
9584784,230,231,8777,2006,72795.0,184659.0,0.234384,0.118878,URY,USA,840710
9584785,234,231,8777,2006,20259.0,9634.0,-0.6097060000000001,-0.8844770000000001,VCT,USA,840710
9584786,236,231,8777,2006,15438.0,1392653.0,-0.340972,-1.015462,VEN,USA,840710
9584787,237,231,8777,2006,0.0,27000.0,1.05644,0.179306,VGB,USA,840710
9584788,243,231,8777,2006,441181.0,11598.0,-1.0407110000000002,-1.13042,YEM,USA,840710
9584789,246,231,8777,2006,486863.0,4580472.0,0.37964499999999995,1.466326,ZAF,USA,840710
9584790,248,231,8777,2006,0.0,9121.0,-0.41825500000000004,-0.55313,ZWE,USA,840710
9584791,249,231,8777,2006,367496.0,1678209.0,1.619915,1.2289940000000001,TWN,USA,840710
9584792,6,236,8777,2006,0.0,310.0,0.251825,-0.629035,ANT,VEN,840710
9584793,59,236,8777,2006,39558.0,0.0,1.564058,0.6023649999999999,CZE,VEN,840710
9584794,61,236,8777,2006,3281410.0,0.0,2.132566,-2.773669,DEU,VEN,840710
9584795,65,236,8777,2006,25308.0,0.0,-0.24073699999999998,0.049093,DOM,VEN,840710
9584796,77,236,8777,2006,50672.0,0.0,1.47591,0.489466,FRA,VEN,840710
9584797,111,236,8777,2006,2064.0,794618.0,1.293779,0.93995,ITA,VEN,840710
9584798,169,236,8777,2006,182374.0,0.0,0.306664,0.638533,PAN,VEN,840710
9584799,177,236,8777,2006,139243.0,0.0,0.991927,1.474418,POL,VEN,840710
9584800,186,236,8777,2006,43484.0,0.0,0.801197,0.104683,RUS,VEN,840710
9584801,228,236,8777,2006,47597.0,0.0,0.7008439999999999,0.79656,UKR,VEN,840710
9584802,231,236,8777,2006,1392653.0,15438.0,1.666643,-0.121679,USA,VEN,840710
9584803,192,243,8777,2006,0.0,2824882.0,1.5377379999999998,0.503089,SGP,YEM,840710
9584804,231,243,8777,2006,11598.0,441181.0,1.666643,-0.121679,USA,YEM,840710
9584805,14,249,8777,2006,31119.0,277428.0,0.067166,0.373148,AUS,TWN,840710
9584806,15,249,8777,2006,0.0,12258.0,1.775669,0.192717,AUT,TWN,840710
9584807,39,249,8777,2006,2850494.0,0.0,0.865685,1.1480489999999999,CAN,TWN,840710
9584808,43,249,8777,2006,6997.0,0.0,0.737888,2.54966,CHN,TWN,840710
9584809,61,249,8777,2006,9215.0,3212.0,2.132566,-2.773669,DEU,TWN,840710
9584810,64,249,8777,2006,0.0,137246.0,1.2308700000000001,1.180914,DNK,TWN,840710
9584811,77,249,8777,2006,655461.0,0.0,1.47591,0.489466,FRA,TWN,840710
9584812,81,249,8777,2006,174159.0,0.0,1.824154,0.614424,GBR,TWN,840710
9584813,97,249,8777,2006,8595.0,5794.0,0.5776319999999999,2.076782,HKG,TWN,840710
9584814,110,249,8777,2006,0.0,32959.0,1.3082129999999998,0.783845,ISR,TWN,840710
9584815,111,249,8777,2006,35464.0,0.0,1.293779,0.93995,ITA,TWN,840710
9584816,114,249,8777,2006,5010.0,0.0,2.4348099999999997,0.082887,JPN,TWN,840710
9584817,153,249,8777,2006,96282.0,0.0,0.7896569999999999,0.363625,MYS,TWN,840710
9584818,166,249,8777,2006,9344.0,0.0,0.5371,0.8240209999999999,NZL,TWN,840710
9584819,169,249,8777,2006,0.0,36165.0,0.306664,0.638533,PAN,TWN,840710
9584820,178,249,8777,2006,0.0,3184.0,0.548754,0.763313,PRK,TWN,840710
9584821,192,249,8777,2006,3395226.0,913859.0,1.5377379999999998,0.503089,SGP,TWN,840710
9584822,228,249,8777,2006,0.0,6381.0,0.7008439999999999,0.79656,UKR,TWN,840710
9584823,231,249,8777,2006,1678209.0,367496.0,1.666643,-0.121679,USA,TWN,840710
9584824,239,249,8777,2006,0.0,2859.0,-0.342779,1.033318,VNM,TWN,840710
9584825,15,7,8777,2006,319227.0,0.0,1.775669,0.192717,AUT,ARE,840710
9584826,39,7,8777,2006,39239.0,0.0,0.865685,1.1480489999999999,CAN,ARE,840710
9584827,59,7,8777,2006,22964.0,0.0,1.564058,0.6023649999999999,CZE,ARE,840710
9584828,61,7,8777,2006,178426.0,0.0,2.132566,-2.773669,DEU,ARE,840710
9584829,81,7,8777,2006,1919768.0,0.0,1.824154,0.614424,GBR,ARE,840710
9584830,106,7,8777,2006,147867.0,0.0,1.43804,0.06463200000000001,IRL,ARE,840710
9584831,115,7,8777,2006,1445.0,12171.0,0.038229,-0.579421,KAZ,ARE,840710
9584832,116,7,8777,2006,0.0,5894.0,-0.38287899999999997,1.060286,KEN,ARE,840710
9584833,153,7,8777,2006,9641.0,0.0,0.7896569999999999,0.363625,MYS,ARE,840710
9584834,167,7,8777,2006,0.0,1530058.0,-0.6373989999999999,-1.092554,OMN,ARE,840710
9584835,168,7,8777,2006,0.0,8554.0,-0.449333,0.563013,PAK,ARE,840710
9584836,177,7,8777,2006,141204.0,0.0,0.991927,1.474418,POL,ARE,840710
9584837,186,7,8777,2006,4370.0,0.0,0.801197,0.104683,RUS,ARE,840710
9584838,188,7,8777,2006,826292.0,0.0,0.162432,-0.853059,SAU,ARE,840710
9584839,190,7,8777,2006,0.0,3561.0,-1.873762,-1.278378,SDN,ARE,840710
9584840,192,7,8777,2006,6970482.0,0.0,1.5377379999999998,0.503089,SGP,ARE,840710
9584841,226,7,8777,2006,0.0,89172.0,-0.953097,0.159129,TZA,ARE,840710
9584842,227,7,8777,2006,0.0,1675.0,-0.702511,-0.43976099999999996,UGA,ARE,840710
9584843,228,7,8777,2006,0.0,173224.0,0.7008439999999999,0.79656,UKR,ARE,840710
9584844,231,7,8777,2006,623398.0,0.0,1.666643,-0.121679,USA,ARE,840710
9584845,248,7,8777,2006,0.0,344719.0,-0.41825500000000004,-0.55313,ZWE,ARE,840710
9584846,1,14,8777,2006,0.0,476453.0,-0.626011,-0.6799689999999999,AFG,AUS,840710
9584847,15,14,8777,2006,1379214.0,3596.0,1.775669,0.192717,AUT,AUS,840710
9584848,18,14,8777,2006,240799.0,0.0,1.2222540000000002,1.383027,BEL,AUS,840710
9584849,32,14,8777,2006,0.0,125772.0,0.633889,1.1474520000000001,BRA,AUS,840710
9584850,39,14,8777,2006,507219.0,562174.0,0.865685,1.1480489999999999,CAN,AUS,840710
9584851,41,14,8777,2006,0.0,12967.0,2.052534,0.515523,CHE,AUS,840710
9584852,43,14,8777,2006,27308.0,41348.0,0.737888,2.54966,CHN,AUS,840710
9584853,44,14,8777,2006,996.0,0.0,-0.8918530000000001,-0.8145819999999999,CIV,AUS,840710
9584854,45,14,8777,2006,0.0,79144.0,-1.358873,-1.1511360000000002,CMR,AUS,840710
9584855,59,14,8777,2006,22696.0,203916.0,1.564058,0.6023649999999999,CZE,AUS,840710
9584856,61,14,8777,2006,91441.0,456478.0,2.132566,-2.773669,DEU,AUS,840710
9584857,67,14,8777,2006,0.0,27654.0,-0.878583,-0.9462010000000001,ECU,AUS,840710
9584858,71,14,8777,2006,0.0,203381.0,0.9091370000000001,2.068166,ESP,AUS,840710
9584859,74,14,8777,2006,0.0,18401.0,1.864038,0.8193940000000001,FIN,AUS,840710
9584860,75,14,8777,2006,6643.0,264327.0,-0.6554949999999999,-0.098284,FJI,AUS,840710
9584861,77,14,8777,2006,1660422.0,2025551.0,1.47591,0.489466,FRA,AUS,840710
9584862,81,14,8777,2006,2439262.0,4130412.0,1.824154,0.614424,GBR,AUS,840710
9584863,97,14,8777,2006,14767.0,61718.0,0.5776319999999999,2.076782,HKG,AUS,840710
9584864,103,14,8777,2006,0.0,12271.0,-0.21012399999999998,1.467838,IDN,AUS,840710
9584865,104,14,8777,2006,0.0,5854.0,0.285652,2.731318,IND,AUS,840710
9584866,111,14,8777,2006,8382.0,298955.0,1.293779,0.93995,ITA,AUS,840710
9584867,114,14,8777,2006,343447.0,3154936.0,2.4348099999999997,0.082887,JPN,AUS,840710
9584868,115,14,8777,2006,0.0,3467.0,0.038229,-0.579421,KAZ,AUS,840710
9584869,121,14,8777,2006,18045.0,28043.0,1.5384309999999999,0.766628,KOR,AUS,840710
9584870,128,14,8777,2006,0.0,7684.0,-0.573767,0.305913,LKA,AUS,840710
9584871,137,14,8777,2006,0.0,1024616.0,-0.240191,-0.8320290000000001,MDV,AUS,840710
9584872,138,14,8777,2006,47311.0,1639.0,1.047268,0.7142270000000001,MEX,AUS,840710
9584873,143,14,8777,2006,0.0,1015077.0,-1.543679,-1.145623,MMR,AUS,840710
9584874,153,14,8777,2006,65188.0,222141.0,0.7896569999999999,0.363625,MYS,AUS,840710
9584875,156,14,8777,2006,0.0,30936.0,-0.135099,-0.7618779999999999,NCL,AUS,840710
9584876,162,14,8777,2006,11699.0,0.0,1.192134,1.450852,NLD,AUS,840710
9584877,163,14,8777,2006,0.0,11802.0,1.0787930000000001,0.014051,NOR,AUS,840710
9584878,166,14,8777,2006,529221.0,1430223.0,0.5371,0.8240209999999999,NZL,AUS,840710
9584879,174,14,8777,2006,8094.0,926330.0,0.161994,0.036631,PHL,AUS,840710
9584880,176,14,8777,2006,0.0,185861.0,-1.89409,-1.234731,PNG,AUS,840710
9584881,177,14,8777,2006,65736.0,6341.0,0.991927,1.474418,POL,AUS,840710
9584882,179,14,8777,2006,0.0,14982.0,0.5723630000000001,1.92303,PRT,AUS,840710
9584883,183,14,8777,2006,0.0,3978.0,0.055777999999999994,-1.0379049999999999,QAT,AUS,840710
9584884,185,14,8777,2006,17737.0,0.0,0.550825,1.170744,ROU,AUS,840710
9584885,186,14,8777,2006,0.0,15611.0,0.801197,0.104683,RUS,AUS,840710
9584886,190,14,8777,2006,0.0,266226.0,-1.873762,-1.278378,SDN,AUS,840710
9584887,192,14,8777,2006,1847979.0,8830067.0,1.5377379999999998,0.503089,SGP,AUS,840710
9584888,195,14,8777,2006,35216.0,666563.0,-1.501072,-0.964304,SLB,AUS,840710
9584889,207,14,8777,2006,0.0,6661.0,1.5882370000000001,0.800719,SVN,AUS,840710
9584890,208,14,8777,2006,640448.0,1117729.0,1.902737,0.593294,SWE,AUS,840710
9584891,216,14,8777,2006,0.0,7339.0,0.568209,1.685343,THA,AUS,840710
9584892,228,14,8777,2006,6695.0,0.0,0.7008439999999999,0.79656,UKR,AUS,840710
9584893,231,14,8777,2006,16695917.0,3484795.0,1.666643,-0.121679,USA,AUS,840710
9584894,240,14,8777,2006,8238.0,69898.0,-1.166741,-0.927552,VUT,AUS,840710
9584895,242,14,8777,2006,0.0,236066.0,0.299266,-0.477783,WSM,AUS,840710
9584896,246,14,8777,2006,149433.0,274039.0,0.37964499999999995,1.466326,ZAF,AUS,840710
9584897,249,14,8777,2006,277428.0,31119.0,1.619915,1.2289940000000001,TWN,AUS,840710
9584898,15,16,8777,2006,34520.0,0.0,1.775669,0.192717,AUT,AZE,840710
9584899,41,16,8777,2006,1046861.0,0.0,2.052534,0.515523,CHE,AZE,840710
9584900,74,16,8777,2006,2127182.0,0.0,1.864038,0.8193940000000001,FIN,AZE,840710
9584901,81,16,8777,2006,21846.0,0.0,1.824154,0.614424,GBR,AZE,840710
9584902,107,16,8777,2006,413491.0,0.0,-0.391023,-0.767861,IRN,AZE,840710
9584903,186,16,8777,2006,486011.0,0.0,0.801197,0.104683,RUS,AZE,840710
9584904,208,16,8777,2006,4522.0,0.0,1.902737,0.593294,SWE,AZE,840710
9584905,224,16,8777,2006,297011.0,26252.0,0.33971599999999996,2.193384,TUR,AZE,840710
9584906,228,16,8777,2006,60416.0,0.0,0.7008439999999999,0.79656,UKR,AZE,840710
9584907,162,22,8777,2006,0.0,1241.0,1.192134,1.450852,NLD,BGD,840710
9584908,174,22,8777,2006,0.0,301295.0,0.161994,0.036631,PHL,BGD,840710
9584909,192,22,8777,2006,1395703.0,0.0,1.5377379999999998,0.503089,SGP,BGD,840710
9584910,231,22,8777,2006,895502.0,0.0,1.666643,-0.121679,USA,BGD,840710
9584911,246,22,8777,2006,0.0,3589.0,0.37964499999999995,1.466326,ZAF,BGD,840710
9584912,15,23,8777,2006,10620.0,0.0,1.775669,0.192717,AUT,BGR,840710
9584913,19,23,8777,2006,0.0,30975.0,-0.8434360000000001,-0.798307,BEN,BGR,840710
9584914,59,23,8777,2006,1354.0,14379.0,1.564058,0.6023649999999999,CZE,BGR,840710
9584915,61,23,8777,2006,22625.0,19786.0,2.132566,-2.773669,DEU,BGR,840710
9584916,81,23,8777,2006,5366.0,9046.0,1.824154,0.614424,GBR,BGR,840710
9584917,111,23,8777,2006,1514.0,0.0,1.293779,0.93995,ITA,BGR,840710
9584918,186,23,8777,2006,93852.0,6531.0,0.801197,0.104683,RUS,BGR,840710
9584919,190,23,8777,2006,0.0,5598.0,-1.873762,-1.278378,SDN,BGR,840710
9584920,228,23,8777,2006,35881.0,34129.0,0.7008439999999999,0.79656,UKR,BGR,840710
9584921,231,23,8777,2006,86810.0,0.0,1.666643,-0.121679,USA,BGR,840710
9584922,188,24,8777,2006,12371.0,0.0,0.162432,-0.853059,SAU,BHR,840710
9584923,15,28,8777,2006,4659.0,0.0,1.775669,0.192717,AUT,BLR,840710
9584924,130,28,8777,2006,0.0,2848.0,0.44063599999999997,1.163857,LTU,BLR,840710
9584925,177,28,8777,2006,0.0,2145.0,0.991927,1.474418,POL,BLR,840710
9584926,186,28,8777,2006,3985.0,45852.0,0.801197,0.104683,RUS,BLR,840710
9584927,228,28,8777,2006,5929.0,0.0,0.7008439999999999,0.79656,UKR,BLR,840710
9584928,81,58,8777,2006,4536.0,0.0,1.824154,0.614424,GBR,CYP,840710
9584929,231,58,8777,2006,23858.0,0.0,1.666643,-0.121679,USA,CYP,840710
9584930,18,68,8777,2006,1465221.0,0.0,1.2222540000000002,1.383027,BEL,EGY,840710
9584931,39,68,8777,2006,0.0,6912.0,0.865685,1.1480489999999999,CAN,EGY,840710
9584932,43,68,8777,2006,8027.0,0.0,0.737888,2.54966,CHN,EGY,840710
9584933,61,68,8777,2006,5861.0,0.0,2.132566,-2.773669,DEU,EGY,840710
9584934,81,68,8777,2006,93001.0,0.0,1.824154,0.614424,GBR,EGY,840710
9584935,231,68,8777,2006,1999477.0,0.0,1.666643,-0.121679,USA,EGY,840710
9584936,59,72,8777,2006,11360.0,0.0,1.564058,0.6023649999999999,CZE,EST,840710
9584937,74,72,8777,2006,11947.0,0.0,1.864038,0.8193940000000001,FIN,EST,840710
9584938,77,72,8777,2006,7220.0,0.0,1.47591,0.489466,FRA,EST,840710
9584939,111,72,8777,2006,13917.0,0.0,1.293779,0.93995,ITA,EST,840710
9584940,130,72,8777,2006,15415.0,0.0,0.44063599999999997,1.163857,LTU,EST,840710
9584941,186,72,8777,2006,5293.0,0.0,0.801197,0.104683,RUS,EST,840710
9584942,231,72,8777,2006,1103.0,0.0,1.666643,-0.121679,USA,EST,840710
9584943,61,82,8777,2006,6995.0,0.0,2.132566,-2.773669,DEU,GEO,840710
9584944,116,82,8777,2006,0.0,544616.0,-0.38287899999999997,1.060286,KEN,GEO,840710
9584945,231,82,8777,2006,46328.0,0.0,1.666643,-0.121679,USA,GEO,840710
9584946,15,100,8777,2006,171280.0,54150.0,1.775669,0.192717,AUT,HRV,840710
9584947,61,100,8777,2006,52261.0,0.0,2.132566,-2.773669,DEU,HRV,840710
9584948,81,100,8777,2006,6087.0,0.0,1.824154,0.614424,GBR,HRV,840710
9584949,102,100,8777,2006,6892.0,1105.0,1.4034309999999999,0.835144,HUN,HRV,840710
9584950,111,100,8777,2006,2984.0,0.0,1.293779,0.93995,ITA,HRV,840710
9584951,201,100,8777,2006,0.0,11847.0,0.547824,1.5588879999999998,SRB,HRV,840710
9584952,206,100,8777,2006,0.0,1064.0,1.291583,0.868317,SVK,HRV,840710
9584953,207,100,8777,2006,42367.0,0.0,1.5882370000000001,0.800719,SVN,HRV,840710
9584954,231,100,8777,2006,20220.0,6644.0,1.666643,-0.121679,USA,HRV,840710
9584955,15,102,8777,2006,863838.0,0.0,1.775669,0.192717,AUT,HUN,840710
9584956,59,102,8777,2006,42921.0,106143.0,1.564058,0.6023649999999999,CZE,HUN,840710
9584957,61,102,8777,2006,61226.0,0.0,2.132566,-2.773669,DEU,HUN,840710
9584958,77,102,8777,2006,2385.0,0.0,1.47591,0.489466,FRA,HUN,840710
9584959,81,102,8777,2006,0.0,72872.0,1.824154,0.614424,GBR,HUN,840710
9584960,100,102,8777,2006,1105.0,6892.0,0.755787,0.992614,HRV,HUN,840710
9584961,111,102,8777,2006,5028.0,0.0,1.293779,0.93995,ITA,HUN,840710
9584962,130,102,8777,2006,13946.0,0.0,0.44063599999999997,1.163857,LTU,HUN,840710
9584963,163,102,8777,2006,0.0,2726.0,1.0787930000000001,0.014051,NOR,HUN,840710
9584964,185,102,8777,2006,65278.0,5747.0,0.550825,1.170744,ROU,HUN,840710
9584965,186,102,8777,2006,22320.0,0.0,0.801197,0.104683,RUS,HUN,840710
9584966,224,102,8777,2006,0.0,7898.0,0.33971599999999996,2.193384,TUR,HUN,840710
9584967,228,102,8777,2006,2849.0,2805.0,0.7008439999999999,0.79656,UKR,HUN,840710
9584968,231,102,8777,2006,0.0,18982.0,1.666643,-0.121679,USA,HUN,840710
9584969,15,107,8777,2006,152538.0,0.0,1.775669,0.192717,AUT,IRN,840710
9584970,16,107,8777,2006,0.0,413491.0,-0.521304,-1.035764,AZE,IRN,840710
9584971,61,107,8777,2006,21094.0,0.0,2.132566,-2.773669,DEU,IRN,840710
9584972,77,107,8777,2006,2408360.0,0.0,1.47591,0.489466,FRA,IRN,840710
9584973,81,107,8777,2006,3675.0,0.0,1.824154,0.614424,GBR,IRN,840710
9584974,162,107,8777,2006,150707.0,0.0,1.192134,1.450852,NLD,IRN,840710
9584975,77,113,8777,2006,0.0,239244.0,1.47591,0.489466,FRA,JOR,840710
9584976,81,113,8777,2006,31828.0,18206.0,1.824154,0.614424,GBR,JOR,840710
9584977,97,113,8777,2006,156945.0,0.0,0.5776319999999999,2.076782,HKG,JOR,840710
9584978,188,113,8777,2006,37252.0,0.0,0.162432,-0.853059,SAU,JOR,840710
9584979,231,113,8777,2006,366772.0,0.0,1.666643,-0.121679,USA,JOR,840710
9584980,250,113,8777,2006,0.0,2143647.0,0.711619,-0.41880200000000006,ANS,JOR,840710
9584981,7,115,8777,2006,12171.0,1445.0,0.053903999999999994,-0.735124,ARE,KAZ,840710
9584982,14,115,8777,2006,3467.0,0.0,0.067166,0.373148,AUS,KAZ,840710
9584983,15,115,8777,2006,8250.0,0.0,1.775669,0.192717,AUT,KAZ,840710
9584984,61,115,8777,2006,1436.0,0.0,2.132566,-2.773669,DEU,KAZ,840710
9584985,81,115,8777,2006,505379.0,0.0,1.824154,0.614424,GBR,KAZ,840710
9584986,186,115,8777,2006,209472.0,41690.0,0.801197,0.104683,RUS,KAZ,840710
9584987,228,115,8777,2006,114616.0,1191.0,0.7008439999999999,0.79656,UKR,KAZ,840710
9584988,231,115,8777,2006,310506.0,0.0,1.666643,-0.121679,USA,KAZ,840710
9584989,7,116,8777,2006,5894.0,0.0,0.053903999999999994,-0.735124,ARE,KEN,840710
9584990,39,116,8777,2006,1137875.0,562987.0,0.865685,1.1480489999999999,CAN,KEN,840710
9584991,41,116,8777,2006,342515.0,0.0,2.052534,0.515523,CHE,KEN,840710
9584992,46,116,8777,2006,4804.0,0.0,-1.542137,-1.086494,COD,KEN,840710
9584993,59,116,8777,2006,0.0,7674.0,1.564058,0.6023649999999999,CZE,KEN,840710
9584994,61,116,8777,2006,8133749.0,39712.0,2.132566,-2.773669,DEU,KEN,840710
9584995,64,116,8777,2006,25720.0,8195.0,1.2308700000000001,1.180914,DNK,KEN,840710
9584996,77,116,8777,2006,170479.0,0.0,1.47591,0.489466,FRA,KEN,840710
9584997,81,116,8777,2006,363296.0,109000.0,1.824154,0.614424,GBR,KEN,840710
9584998,82,116,8777,2006,544616.0,0.0,0.076711,-0.47216099999999994,GEO,KEN,840710
9584999,110,116,8777,2006,2203590.0,0.0,1.3082129999999998,0.783845,ISR,KEN,840710
9585000,162,116,8777,2006,2631192.0,0.0,1.192134,1.450852,NLD,KEN,840710
9585001,190,116,8777,2006,6573.0,0.0,-1.873762,-1.278378,SDN,KEN,840710
9585002,206,116,8777,2006,113771.0,0.0,1.291583,0.868317,SVK,KEN,840710
9585003,227,116,8777,2006,334530.0,0.0,-0.702511,-0.43976099999999996,UGA,KEN,840710
9585004,231,116,8777,2006,370056.0,31763.0,1.666643,-0.121679,USA,KEN,840710
9585005,246,116,8777,2006,376599.0,268826.0,0.37964499999999995,1.466326,ZAF,KEN,840710
9585006,186,117,8777,2006,0.0,205755.0,0.801197,0.104683,RUS,KGZ,840710
9585007,228,117,8777,2006,9118.0,0.0,0.7008439999999999,0.79656,UKR,KGZ,840710
9585008,231,117,8777,2006,172386.0,0.0,1.666643,-0.121679,USA,KGZ,840710
9585009,43,122,8777,2006,967.0,0.0,0.737888,2.54966,CHN,KWT,840710
9585010,153,122,8777,2006,31034.0,0.0,0.7896569999999999,0.363625,MYS,KWT,840710
9585011,61,124,8777,2006,0.0,351649.0,2.132566,-2.773669,DEU,LBN,840710
9585012,64,124,8777,2006,0.0,24727.0,1.2308700000000001,1.180914,DNK,LBN,840710
9585013,81,124,8777,2006,27844612.0,1720641.0,1.824154,0.614424,GBR,LBN,840710
9585014,97,124,8777,2006,0.0,743874.0,0.5776319999999999,2.076782,HKG,LBN,840710
9585015,190,124,8777,2006,0.0,7287.0,-1.873762,-1.278378,SDN,LBN,840710
9585016,192,124,8777,2006,0.0,2030417.0,1.5377379999999998,0.503089,SGP,LBN,840710
9585017,231,124,8777,2006,17538090.0,49798.0,1.666643,-0.121679,USA,LBN,840710
9585018,28,130,8777,2006,2848.0,0.0,0.919853,0.384409,BLR,LTU,840710
9585019,39,130,8777,2006,0.0,25423.0,0.865685,1.1480489999999999,CAN,LTU,840710
9585020,59,130,8777,2006,1656.0,0.0,1.564058,0.6023649999999999,CZE,LTU,840710
9585021,72,130,8777,2006,0.0,15415.0,0.6426350000000001,0.925003,EST,LTU,840710
9585022,81,130,8777,2006,20920.0,0.0,1.824154,0.614424,GBR,LTU,840710
9585023,102,130,8777,2006,0.0,13946.0,1.4034309999999999,0.835144,HUN,LTU,840710
9585024,111,130,8777,2006,1495.0,13451.0,1.293779,0.93995,ITA,LTU,840710
9585025,138,130,8777,2006,8376.0,0.0,1.047268,0.7142270000000001,MEX,LTU,840710
9585026,186,130,8777,2006,59766.0,0.0,0.801197,0.104683,RUS,LTU,840710
9585027,228,130,8777,2006,15364.0,0.0,0.7008439999999999,0.79656,UKR,LTU,840710
9585028,231,130,8777,2006,0.0,19787.0,1.666643,-0.121679,USA,LTU,840710
9585029,18,131,8777,2006,6977.0,6127.0,1.2222540000000002,1.383027,BEL,LUX,840710
9585030,61,131,8777,2006,131507.0,0.0,2.132566,-2.773669,DEU,LUX,840710
9585031,71,131,8777,2006,0.0,1680.0,0.9091370000000001,2.068166,ESP,LUX,840710
9585032,77,131,8777,2006,12109.0,44548.0,1.47591,0.489466,FRA,LUX,840710
9585033,81,131,8777,2006,108736.0,3190.0,1.824154,0.614424,GBR,LUX,840710
9585034,157,131,8777,2006,0.0,53457.0,-0.554188,-0.708255,NER,LUX,840710
9585035,162,131,8777,2006,2586.0,0.0,1.192134,1.450852,NLD,LUX,840710
9585036,231,131,8777,2006,69750.0,611004.0,1.666643,-0.121679,USA,LUX,840710
9585037,59,132,8777,2006,12258.0,0.0,1.564058,0.6023649999999999,CZE,LVA,840710
9585038,111,132,8777,2006,8513.0,0.0,1.293779,0.93995,ITA,LVA,840710
9585039,114,132,8777,2006,9005.0,0.0,2.4348099999999997,0.082887,JPN,LVA,840710
9585040,231,147,8777,2006,731670.0,32804.0,1.666643,-0.121679,USA,MOZ,840710
9585041,246,147,8777,2006,0.0,181760.0,0.37964499999999995,1.466326,ZAF,MOZ,840710
9585042,250,147,8777,2006,0.0,183581.0,0.711619,-0.41880200000000006,ANS,MOZ,840710
9585043,14,163,8777,2006,11802.0,0.0,0.067166,0.373148,AUS,NOR,840710
9585044,15,163,8777,2006,3134.0,0.0,1.775669,0.192717,AUT,NOR,840710
9585045,18,163,8777,2006,0.0,19173.0,1.2222540000000002,1.383027,BEL,NOR,840710
9585046,39,163,8777,2006,17856.0,0.0,0.865685,1.1480489999999999,CAN,NOR,840710
9585047,59,163,8777,2006,18345.0,6891.0,1.564058,0.6023649999999999,CZE,NOR,840710
9585048,61,163,8777,2006,45988.0,489879.0,2.132566,-2.773669,DEU,NOR,840710
9585049,64,163,8777,2006,64703.0,5094200.0,1.2308700000000001,1.180914,DNK,NOR,840710
9585050,74,163,8777,2006,12197.0,24079.0,1.864038,0.8193940000000001,FIN,NOR,840710
9585051,77,163,8777,2006,59953.0,0.0,1.47591,0.489466,FRA,NOR,840710
9585052,81,163,8777,2006,80084.0,68715.0,1.824154,0.614424,GBR,NOR,840710
9585053,102,163,8777,2006,2726.0,0.0,1.4034309999999999,0.835144,HUN,NOR,840710
9585054,111,163,8777,2006,2831.0,0.0,1.293779,0.93995,ITA,NOR,840710
9585055,114,163,8777,2006,4472.0,0.0,2.4348099999999997,0.082887,JPN,NOR,840710
9585056,162,163,8777,2006,1221.0,0.0,1.192134,1.450852,NLD,NOR,840710
9585057,208,163,8777,2006,17869.0,183394.0,1.902737,0.593294,SWE,NOR,840710
9585058,231,163,8777,2006,1718841.0,0.0,1.666643,-0.121679,USA,NOR,840710
9585059,7,167,8777,2006,1530058.0,0.0,0.053903999999999994,-0.735124,ARE,OMN,840710
9585060,61,167,8777,2006,596669.0,0.0,2.132566,-2.773669,DEU,OMN,840710
9585061,81,167,8777,2006,1146104.0,18730.0,1.824154,0.614424,GBR,OMN,840710
9585062,97,167,8777,2006,1398.0,0.0,0.5776319999999999,2.076782,HKG,OMN,840710
9585063,103,167,8777,2006,10777.0,0.0,-0.21012399999999998,1.467838,IDN,OMN,840710
9585064,111,167,8777,2006,2177246.0,0.0,1.293779,0.93995,ITA,OMN,840710
9585065,162,167,8777,2006,3216378.0,0.0,1.192134,1.450852,NLD,OMN,840710
9585066,192,167,8777,2006,500213.0,0.0,1.5377379999999998,0.503089,SGP,OMN,840710
9585067,14,179,8777,2006,14982.0,0.0,0.067166,0.373148,AUS,PRT,840710
9585068,18,179,8777,2006,0.0,2295825.0,1.2222540000000002,1.383027,BEL,PRT,840710
9585069,39,179,8777,2006,0.0,143233.0,0.865685,1.1480489999999999,CAN,PRT,840710
9585070,51,179,8777,2006,0.0,1443090.0,0.369814,-0.414812,CPV,PRT,840710
9585071,52,179,8777,2006,0.0,1950509.0,0.042663,-0.376672,CRI,PRT,840710
9585072,61,179,8777,2006,3699.0,0.0,2.132566,-2.773669,DEU,PRT,840710
9585073,71,179,8777,2006,200455.0,509296.0,0.9091370000000001,2.068166,ESP,PRT,840710
9585074,77,179,8777,2006,4953.0,0.0,1.47591,0.489466,FRA,PRT,840710
9585075,81,179,8777,2006,76680.0,0.0,1.824154,0.614424,GBR,PRT,840710
9585076,104,179,8777,2006,0.0,4872.0,0.285652,2.731318,IND,PRT,840710
9585077,111,179,8777,2006,33835.0,0.0,1.293779,0.93995,ITA,PRT,840710
9585078,138,179,8777,2006,6839.0,0.0,1.047268,0.7142270000000001,MEX,PRT,840710
9585079,159,179,8777,2006,177204.0,0.0,-2.094353,-1.215025,NGA,PRT,840710
9585080,185,179,8777,2006,15574.0,0.0,0.550825,1.170744,ROU,PRT,840710
9585081,192,179,8777,2006,0.0,2313126.0,1.5377379999999998,0.503089,SGP,PRT,840710
9585082,231,179,8777,2006,930704.0,49305.0,1.666643,-0.121679,USA,PRT,840710
9585083,2,186,8777,2006,0.0,34189.0,-2.0822979999999998,-1.176767,AGO,RUS,840710
9585084,7,186,8777,2006,0.0,4370.0,0.053903999999999994,-0.735124,ARE,RUS,840710
9585085,14,186,8777,2006,15611.0,0.0,0.067166,0.373148,AUS,RUS,840710
9585086,15,186,8777,2006,836890.0,0.0,1.775669,0.192717,AUT,RUS,840710
9585087,16,186,8777,2006,0.0,486011.0,-0.521304,-1.035764,AZE,RUS,840710
9585088,23,186,8777,2006,6531.0,93852.0,0.414563,1.378005,BGR,RUS,840710
9585089,28,186,8777,2006,45852.0,3985.0,0.919853,0.384409,BLR,RUS,840710
9585090,39,186,8777,2006,0.0,46387.0,0.865685,1.1480489999999999,CAN,RUS,840710
9585091,49,186,8777,2006,7739.0,643522.0,0.129887,0.44371700000000003,COL,RUS,840710
9585092,54,186,8777,2006,5360.0,1707088.0,0.204039,-0.5183260000000001,CUB,RUS,840710
9585093,59,186,8777,2006,25078.0,0.0,1.564058,0.6023649999999999,CZE,RUS,840710
9585094,61,186,8777,2006,21901.0,0.0,2.132566,-2.773669,DEU,RUS,840710
9585095,71,186,8777,2006,0.0,245203.0,0.9091370000000001,2.068166,ESP,RUS,840710
9585096,72,186,8777,2006,0.0,5293.0,0.6426350000000001,0.925003,EST,RUS,840710
9585097,74,186,8777,2006,22079.0,6653.0,1.864038,0.8193940000000001,FIN,RUS,840710
9585098,81,186,8777,2006,1407.0,17631.0,1.824154,0.614424,GBR,RUS,840710
9585099,102,186,8777,2006,0.0,22320.0,1.4034309999999999,0.835144,HUN,RUS,840710
9585100,103,186,8777,2006,12230867.0,1099599.0,-0.21012399999999998,1.467838,IDN,RUS,840710
9585101,104,186,8777,2006,150224.0,22142.0,0.285652,2.731318,IND,RUS,840710
9585102,111,186,8777,2006,345780.0,1751.0,1.293779,0.93995,ITA,RUS,840710
9585103,115,186,8777,2006,41690.0,209472.0,0.038229,-0.579421,KAZ,RUS,840710
9585104,117,186,8777,2006,205755.0,0.0,-0.034069,0.136694,KGZ,RUS,840710
9585105,126,186,8777,2006,0.0,10543.0,-0.518724,-1.142074,LBY,RUS,840710
9585106,130,186,8777,2006,0.0,59766.0,0.44063599999999997,1.163857,LTU,RUS,840710
9585107,135,186,8777,2006,10830.0,0.0,-0.017707,0.135305,MDA,RUS,840710
9585108,138,186,8777,2006,0.0,75433.0,1.047268,0.7142270000000001,MEX,RUS,840710
9585109,153,186,8777,2006,0.0,4840.0,0.7896569999999999,0.363625,MYS,RUS,840710
9585110,159,186,8777,2006,0.0,165894.0,-2.094353,-1.215025,NGA,RUS,840710
9585111,166,186,8777,2006,0.0,16418.0,0.5371,0.8240209999999999,NZL,RUS,840710
9585112,173,186,8777,2006,0.0,1546.0,-0.551095,0.044295,PER,RUS,840710
9585113,177,186,8777,2006,0.0,39423.0,0.991927,1.474418,POL,RUS,840710
9585114,183,186,8777,2006,79779.0,0.0,0.055777999999999994,-1.0379049999999999,QAT,RUS,840710
9585115,185,186,8777,2006,0.0,33874.0,0.550825,1.170744,ROU,RUS,840710
9585116,205,186,8777,2006,1441.0,0.0,-0.754046,-0.872361,SUR,RUS,840710
9585117,208,186,8777,2006,0.0,1973.0,1.902737,0.593294,SWE,RUS,840710
9585118,231,186,8777,2006,39730.0,30351.0,1.666643,-0.121679,USA,RUS,840710
9585119,236,186,8777,2006,0.0,43484.0,-0.340972,-1.015462,VEN,RUS,840710
9585120,246,186,8777,2006,0.0,8002.0,0.37964499999999995,1.466326,ZAF,RUS,840710
9585121,7,192,8777,2006,0.0,6970482.0,0.053903999999999994,-0.735124,ARE,SGP,840710
9585122,14,192,8777,2006,8830067.0,1847979.0,0.067166,0.373148,AUS,SGP,840710
9585123,18,192,8777,2006,0.0,2549786.0,1.2222540000000002,1.383027,BEL,SGP,840710
9585124,22,192,8777,2006,0.0,1395703.0,-1.0305309999999999,-0.80937,BGD,SGP,840710
9585125,32,192,8777,2006,0.0,3373942.0,0.633889,1.1474520000000001,BRA,SGP,840710
9585126,34,192,8777,2006,82933.0,0.0,-1.331831,-0.9170940000000001,BRN,SGP,840710
9585127,35,192,8777,2006,0.0,3719.0,-0.016287,-0.561397,BTN,SGP,840710
9585128,39,192,8777,2006,2086424.0,14833105.0,0.865685,1.1480489999999999,CAN,SGP,840710
9585129,42,192,8777,2006,0.0,1864741.0,-0.188298,-0.46778000000000003,CHL,SGP,840710
9585130,43,192,8777,2006,0.0,31931944.0,0.737888,2.54966,CHN,SGP,840710
9585131,61,192,8777,2006,102844.0,14315932.0,2.132566,-2.773669,DEU,SGP,840710
9585132,64,192,8777,2006,0.0,22525.0,1.2308700000000001,1.180914,DNK,SGP,840710
9585133,77,192,8777,2006,280598.0,338091.0,1.47591,0.489466,FRA,SGP,840710
9585134,81,192,8777,2006,57604.0,2490197.0,1.824154,0.614424,GBR,SGP,840710
9585135,97,192,8777,2006,12411489.0,1254475.0,0.5776319999999999,2.076782,HKG,SGP,840710
9585136,103,192,8777,2006,1410671.0,14266366.0,-0.21012399999999998,1.467838,IDN,SGP,840710
9585137,104,192,8777,2006,31305.0,5466534.0,0.285652,2.731318,IND,SGP,840710
9585138,110,192,8777,2006,0.0,812003.0,1.3082129999999998,0.783845,ISR,SGP,840710
9585139,114,192,8777,2006,0.0,28829854.0,2.4348099999999997,0.082887,JPN,SGP,840710
9585140,118,192,8777,2006,0.0,68901.0,-1.323365,-1.185827,KHM,SGP,840710
9585141,121,192,8777,2006,1883580.0,3322645.0,1.5384309999999999,0.766628,KOR,SGP,840710
9585142,124,192,8777,2006,2030417.0,0.0,0.3861,1.586183,LBN,SGP,840710
9585143,133,192,8777,2006,0.0,303103.0,-0.07118200000000001,-0.228354,MAC,SGP,840710
9585144,134,192,8777,2006,0.0,936419.0,-0.547933,0.08257300000000001,MAR,SGP,840710
9585145,143,192,8777,2006,0.0,165406.0,-1.543679,-1.145623,MMR,SGP,840710
9585146,153,192,8777,2006,9447977.0,22473578.0,0.7896569999999999,0.363625,MYS,SGP,840710
9585147,162,192,8777,2006,7287.0,27080814.0,1.192134,1.450852,NLD,SGP,840710
9585148,164,192,8777,2006,0.0,1102834.0,-0.29672600000000005,0.665077,NPL,SGP,840710
9585149,166,192,8777,2006,0.0,1120715.0,0.5371,0.8240209999999999,NZL,SGP,840710
9585150,167,192,8777,2006,0.0,500213.0,-0.6373989999999999,-1.092554,OMN,SGP,840710
9585151,168,192,8777,2006,0.0,7430724.0,-0.449333,0.563013,PAK,SGP,840710
9585152,174,192,8777,2006,42507.0,762877.0,0.161994,0.036631,PHL,SGP,840710
9585153,179,192,8777,2006,2313126.0,0.0,0.5723630000000001,1.92303,PRT,SGP,840710
9585154,183,192,8777,2006,504987.0,0.0,0.055777999999999994,-1.0379049999999999,QAT,SGP,840710
9585155,208,192,8777,2006,0.0,956316.0,1.902737,0.593294,SWE,SGP,840710
9585156,216,192,8777,2006,42549632.0,40802488.0,0.568209,1.685343,THA,SGP,840710
9585157,231,192,8777,2006,5709988.0,400006.0,1.666643,-0.121679,USA,SGP,840710
9585158,239,192,8777,2006,82647.0,0.0,-0.342779,1.033318,VNM,SGP,840710
9585159,243,192,8777,2006,2824882.0,0.0,-1.0407110000000002,-1.13042,YEM,SGP,840710
9585160,246,192,8777,2006,332376.0,688070.0,0.37964499999999995,1.466326,ZAF,SGP,840710
9585161,249,192,8777,2006,913859.0,3395226.0,1.619915,1.2289940000000001,TWN,SGP,840710
9585162,61,201,8777,2006,18584.0,0.0,2.132566,-2.773669,DEU,SRB,840710
9585163,81,201,8777,2006,1821.0,0.0,1.824154,0.614424,GBR,SRB,840710
9585164,100,201,8777,2006,11847.0,0.0,0.755787,0.992614,HRV,SRB,840710
9585165,111,201,8777,2006,1835.0,0.0,1.293779,0.93995,ITA,SRB,840710
9585166,231,201,8777,2006,828.0,0.0,1.666643,-0.121679,USA,SRB,840710
9585167,15,206,8777,2006,520932.0,0.0,1.775669,0.192717,AUT,SVK,840710
9585168,49,206,8777,2006,0.0,18086.0,0.129887,0.44371700000000003,COL,SVK,840710
9585169,59,206,8777,2006,1071832.0,0.0,1.564058,0.6023649999999999,CZE,SVK,840710
9585170,71,206,8777,2006,2433.0,0.0,0.9091370000000001,2.068166,ESP,SVK,840710
9585171,99,206,8777,2006,0.0,35763.0,-0.672074,-0.472138,HND,SVK,840710
9585172,100,206,8777,2006,1064.0,0.0,0.755787,0.992614,HRV,SVK,840710
9585173,111,206,8777,2006,12344.0,0.0,1.293779,0.93995,ITA,SVK,840710
9585174,116,206,8777,2006,0.0,113771.0,-0.38287899999999997,1.060286,KEN,SVK,840710
9585175,223,206,8777,2006,43887.0,0.0,-0.013636,0.804752,TUN,SVK,840710
9585176,231,206,8777,2006,50569.0,47637.0,1.666643,-0.121679,USA,SVK,840710
9585177,250,206,8777,2006,325756.0,0.0,0.711619,-0.41880200000000006,ANS,SVK,840710
9585178,14,207,8777,2006,6661.0,0.0,0.067166,0.373148,AUS,SVN,840710
9585179,15,207,8777,2006,326432.0,0.0,1.775669,0.192717,AUT,SVN,840710
9585180,39,207,8777,2006,632.0,0.0,0.865685,1.1480489999999999,CAN,SVN,840710
9585181,61,207,8777,2006,54304.0,0.0,2.132566,-2.773669,DEU,SVN,840710
9585182,71,207,8777,2006,19386.0,0.0,0.9091370000000001,2.068166,ESP,SVN,840710
9585183,100,207,8777,2006,0.0,42367.0,0.755787,0.992614,HRV,SVN,840710
9585184,111,207,8777,2006,33593.0,0.0,1.293779,0.93995,ITA,SVN,840710
9585185,231,207,8777,2006,34574.0,0.0,1.666643,-0.121679,USA,SVN,840710
9585186,250,207,8777,2006,13411.0,0.0,0.711619,-0.41880200000000006,ANS,SVN,840710
9585187,61,212,8777,2006,10720350.0,0.0,2.132566,-2.773669,DEU,SYR,840710
9585188,111,212,8777,2006,3511.0,0.0,1.293779,0.93995,ITA,SYR,840710
9585189,231,212,8777,2006,2545775.0,0.0,1.666643,-0.121679,USA,SYR,840710
9585190,106,223,8777,2006,2073523.0,0.0,1.43804,0.06463200000000001,IRL,TUN,840710
9585191,111,223,8777,2006,88146.0,0.0,1.293779,0.93995,ITA,TUN,840710
9585192,206,223,8777,2006,0.0,43887.0,1.291583,0.868317,SVK,TUN,840710
9585193,231,223,8777,2006,322029.0,0.0,1.666643,-0.121679,USA,TUN,840710
9585194,7,228,8777,2006,173224.0,0.0,0.053903999999999994,-0.735124,ARE,UKR,840710
9585195,14,228,8777,2006,0.0,6695.0,0.067166,0.373148,AUS,UKR,840710
9585196,15,228,8777,2006,76297.0,0.0,1.775669,0.192717,AUT,UKR,840710
9585197,16,228,8777,2006,0.0,60416.0,-0.521304,-1.035764,AZE,UKR,840710
9585198,23,228,8777,2006,34129.0,35881.0,0.414563,1.378005,BGR,UKR,840710
9585199,28,228,8777,2006,0.0,5929.0,0.919853,0.384409,BLR,UKR,840710
9585200,43,228,8777,2006,5880.0,0.0,0.737888,2.54966,CHN,UKR,840710
9585201,59,228,8777,2006,67414.0,3948.0,1.564058,0.6023649999999999,CZE,UKR,840710
9585202,61,228,8777,2006,372697.0,4214.0,2.132566,-2.773669,DEU,UKR,840710
9585203,81,228,8777,2006,88746.0,0.0,1.824154,0.614424,GBR,UKR,840710
9585204,99,228,8777,2006,0.0,11595.0,-0.672074,-0.472138,HND,UKR,840710
9585205,102,228,8777,2006,2805.0,2849.0,1.4034309999999999,0.835144,HUN,UKR,840710
9585206,104,228,8777,2006,0.0,83084.0,0.285652,2.731318,IND,UKR,840710
9585207,111,228,8777,2006,9736.0,0.0,1.293779,0.93995,ITA,UKR,840710
9585208,114,228,8777,2006,5060.0,0.0,2.4348099999999997,0.082887,JPN,UKR,840710
9585209,115,228,8777,2006,1191.0,114616.0,0.038229,-0.579421,KAZ,UKR,840710
9585210,117,228,8777,2006,0.0,9118.0,-0.034069,0.136694,KGZ,UKR,840710
9585211,130,228,8777,2006,0.0,15364.0,0.44063599999999997,1.163857,LTU,UKR,840710
9585212,138,228,8777,2006,0.0,8538.0,1.047268,0.7142270000000001,MEX,UKR,840710
9585213,153,228,8777,2006,0.0,337062.0,0.7896569999999999,0.363625,MYS,UKR,840710
9585214,173,228,8777,2006,8228.0,0.0,-0.551095,0.044295,PER,UKR,840710
9585215,177,228,8777,2006,53245.0,28790.0,0.991927,1.474418,POL,UKR,840710
9585216,185,228,8777,2006,9517.0,0.0,0.550825,1.170744,ROU,UKR,840710
9585217,236,228,8777,2006,0.0,47597.0,-0.340972,-1.015462,VEN,UKR,840710
9585218,249,228,8777,2006,6381.0,0.0,1.619915,1.2289940000000001,TWN,UKR,840710
9585219,2,246,8777,2006,88809.0,29797.0,-2.0822979999999998,-1.176767,AGO,ZAF,840710
9585220,14,246,8777,2006,274039.0,149433.0,0.067166,0.373148,AUS,ZAF,840710
9585221,15,246,8777,2006,616329.0,0.0,1.775669,0.192717,AUT,ZAF,840710
9585222,18,246,8777,2006,0.0,4953597.0,1.2222540000000002,1.383027,BEL,ZAF,840710
9585223,22,246,8777,2006,3589.0,0.0,-1.0305309999999999,-0.80937,BGD,ZAF,840710
9585224,32,246,8777,2006,2078370.0,0.0,0.633889,1.1474520000000001,BRA,ZAF,840710
9585225,37,246,8777,2006,88487.0,233681.0,-1.0541459999999998,-1.179286,BWA,ZAF,840710
9585226,39,246,8777,2006,220203.0,879443.0,0.865685,1.1480489999999999,CAN,ZAF,840710
9585227,44,246,8777,2006,682860.0,258718.0,-0.8918530000000001,-0.8145819999999999,CIV,ZAF,840710
9585228,45,246,8777,2006,229.0,0.0,-1.358873,-1.1511360000000002,CMR,ZAF,840710
9585229,46,246,8777,2006,10405.0,0.0,-1.542137,-1.086494,COD,ZAF,840710
9585230,49,246,8777,2006,0.0,3306.0,0.129887,0.44371700000000003,COL,ZAF,840710
9585231,59,246,8777,2006,65937.0,0.0,1.564058,0.6023649999999999,CZE,ZAF,840710
9585232,61,246,8777,2006,15221.0,2663955.0,2.132566,-2.773669,DEU,ZAF,840710
9585233,71,246,8777,2006,21817.0,0.0,0.9091370000000001,2.068166,ESP,ZAF,840710
9585234,77,246,8777,2006,301659.0,290439.0,1.47591,0.489466,FRA,ZAF,840710
9585235,80,246,8777,2006,0.0,33901.0,-1.6696819999999999,-1.173322,GAB,ZAF,840710
9585236,81,246,8777,2006,1295968.0,3192075.0,1.824154,0.614424,GBR,ZAF,840710
9585237,83,246,8777,2006,1425.0,95582.0,-0.9934860000000001,-0.809318,GHA,ZAF,840710
9585238,89,246,8777,2006,0.0,67829.0,-2.188173,-0.8631700000000001,GNQ,ZAF,840710
9585239,103,246,8777,2006,0.0,243721.0,-0.21012399999999998,1.467838,IDN,ZAF,840710
9585240,104,246,8777,2006,3511.0,0.0,0.285652,2.731318,IND,ZAF,840710
9585241,110,246,8777,2006,987859.0,0.0,1.3082129999999998,0.783845,ISR,ZAF,840710
9585242,111,246,8777,2006,96634.0,0.0,1.293779,0.93995,ITA,ZAF,840710
9585243,116,246,8777,2006,268826.0,376599.0,-0.38287899999999997,1.060286,KEN,ZAF,840710
9585244,136,246,8777,2006,708.0,4836.0,-1.024657,-0.393395,MDG,ZAF,840710
9585245,142,246,8777,2006,58587.0,0.0,1.384411,0.093734,MLT,ZAF,840710
9585246,147,246,8777,2006,181760.0,0.0,-1.0250629999999998,-1.067359,MOZ,ZAF,840710
9585247,148,246,8777,2006,0.0,46136.0,-1.72422,-1.2414399999999999,MRT,ZAF,840710
9585248,151,246,8777,2006,301089.0,0.0,-0.311109,-0.07267,MUS,ZAF,840710
9585249,152,246,8777,2006,0.0,5458.0,-1.145132,-1.0946209999999998,MWI,ZAF,840710
9585250,155,246,8777,2006,7561.0,237761.0,-0.515361,-0.8027350000000001,NAM,ZAF,840710
9585251,159,246,8777,2006,38710.0,0.0,-2.094353,-1.215025,NGA,ZAF,840710
9585252,162,246,8777,2006,0.0,26446.0,1.192134,1.450852,NLD,ZAF,840710
9585253,164,246,8777,2006,0.0,622617.0,-0.29672600000000005,0.665077,NPL,ZAF,840710
9585254,166,246,8777,2006,49458.0,0.0,0.5371,0.8240209999999999,NZL,ZAF,840710
9585255,177,246,8777,2006,28299.0,0.0,0.991927,1.474418,POL,ZAF,840710
9585256,186,246,8777,2006,8002.0,0.0,0.801197,0.104683,RUS,ZAF,840710
9585257,190,246,8777,2006,67559.0,10714.0,-1.873762,-1.278378,SDN,ZAF,840710
9585258,192,246,8777,2006,688070.0,332376.0,1.5377379999999998,0.503089,SGP,ZAF,840710
9585259,208,246,8777,2006,0.0,1981147.0,1.902737,0.593294,SWE,ZAF,840710
9585260,209,246,8777,2006,49.0,13420.0,0.750674,0.221306,SWZ,ZAF,840710
9585261,216,246,8777,2006,0.0,255182.0,0.568209,1.685343,THA,ZAF,840710
9585262,226,246,8777,2006,2653.0,57661.0,-0.953097,0.159129,TZA,ZAF,840710
9585263,227,246,8777,2006,0.0,31647.0,-0.702511,-0.43976099999999996,UGA,ZAF,840710
9585264,231,246,8777,2006,4580472.0,486863.0,1.666643,-0.121679,USA,ZAF,840710
9585265,247,246,8777,2006,4473.0,44506.0,-0.5307,-0.793621,ZMB,ZAF,840710
9585266,248,246,8777,2006,0.0,37177.0,-0.41825500000000004,-0.55313,ZWE,ZAF,840710
9585267,250,246,8777,2006,252276.0,0.0,0.711619,-0.41880200000000006,ANS,ZAF,840710
9585268,39,37,8777,2006,326472.0,0.0,0.865685,1.1480489999999999,CAN,BWA,840710
9585269,41,37,8777,2006,201153.0,0.0,2.052534,0.515523,CHE,BWA,840710
9585270,61,37,8777,2006,60125.0,0.0,2.132566,-2.773669,DEU,BWA,840710
9585271,71,37,8777,2006,76355.0,0.0,0.9091370000000001,2.068166,ESP,BWA,840710
9585272,81,37,8777,2006,1119862.0,0.0,1.824154,0.614424,GBR,BWA,840710
9585273,111,37,8777,2006,828147.0,0.0,1.293779,0.93995,ITA,BWA,840710
9585274,231,37,8777,2006,1117444.0,478637.0,1.666643,-0.121679,USA,BWA,840710
9585275,246,37,8777,2006,233681.0,88487.0,0.37964499999999995,1.466326,ZAF,BWA,840710
9585276,248,37,8777,2006,0.0,28486.0,-0.41825500000000004,-0.55313,ZWE,BWA,840710
9585277,14,44,8777,2006,0.0,996.0,0.067166,0.373148,AUS,CIV,840710
9585278,39,44,8777,2006,501311.0,12562.0,0.865685,1.1480489999999999,CAN,CIV,840710
9585279,61,44,8777,2006,0.0,95948.0,2.132566,-2.773669,DEU,CIV,840710
9585280,77,44,8777,2006,15623.0,4343.0,1.47591,0.489466,FRA,CIV,840710
9585281,81,44,8777,2006,0.0,196876.0,1.824154,0.614424,GBR,CIV,840710
9585282,231,44,8777,2006,58054.0,0.0,1.666643,-0.121679,USA,CIV,840710
9585283,246,44,8777,2006,258718.0,682860.0,0.37964499999999995,1.466326,ZAF,CIV,840710
9585284,14,45,8777,2006,79144.0,0.0,0.067166,0.373148,AUS,CMR,840710
9585285,246,45,8777,2006,0.0,229.0,0.37964499999999995,1.466326,ZAF,CMR,840710
9585286,32,54,8777,2006,62806.0,17283.0,0.633889,1.1474520000000001,BRA,CUB,840710
9585287,39,54,8777,2006,1026296.0,0.0,0.865685,1.1480489999999999,CAN,CUB,840710
9585288,71,54,8777,2006,493680.0,0.0,0.9091370000000001,2.068166,ESP,CUB,840710
9585289,77,54,8777,2006,0.0,201213.0,1.47591,0.489466,FRA,CUB,840710
9585290,162,54,8777,2006,328631.0,0.0,1.192134,1.450852,NLD,CUB,840710
9585291,186,54,8777,2006,1707088.0,5360.0,0.801197,0.104683,RUS,CUB,840710
9585292,162,66,8777,2006,2159.0,0.0,1.192134,1.450852,NLD,DZA,840710
9585293,18,80,8777,2006,2968.0,0.0,1.2222540000000002,1.383027,BEL,GAB,840710
9585294,39,80,8777,2006,54867.0,0.0,0.865685,1.1480489999999999,CAN,GAB,840710
9585295,47,80,8777,2006,18110.0,0.0,-1.9903240000000002,-1.189925,COG,GAB,840710
9585296,71,80,8777,2006,1749.0,0.0,0.9091370000000001,2.068166,ESP,GAB,840710
9585297,77,80,8777,2006,126779.0,552580.0,1.47591,0.489466,FRA,GAB,840710
9585298,231,80,8777,2006,31625.0,77032.0,1.666643,-0.121679,USA,GAB,840710
9585299,246,80,8777,2006,33901.0,0.0,0.37964499999999995,1.466326,ZAF,GAB,840710
9585300,15,83,8777,2006,17315.0,0.0,1.775669,0.192717,AUT,GHA,840710
9585301,111,83,8777,2006,3307.0,0.0,1.293779,0.93995,ITA,GHA,840710
9585302,246,83,8777,2006,95582.0,1425.0,0.37964499999999995,1.466326,ZAF,GHA,840710
9585303,39,134,8777,2006,7259.0,0.0,0.865685,1.1480489999999999,CAN,MAR,840710
9585304,71,134,8777,2006,73437.0,0.0,0.9091370000000001,2.068166,ESP,MAR,840710
9585305,77,134,8777,2006,85335.0,8373.0,1.47591,0.489466,FRA,MAR,840710
9585306,111,134,8777,2006,75152.0,0.0,1.293779,0.93995,ITA,MAR,840710
9585307,192,134,8777,2006,936419.0,0.0,1.5377379999999998,0.503089,SGP,MAR,840710
9585308,231,134,8777,2006,7192770.0,47724.0,1.666643,-0.121679,USA,MAR,840710
9585309,39,136,8777,2006,118099.0,32478.0,0.865685,1.1480489999999999,CAN,MDG,840710
9585310,41,136,8777,2006,0.0,2917.0,2.052534,0.515523,CHE,MDG,840710
9585311,77,136,8777,2006,10758.0,71026.0,1.47591,0.489466,FRA,MDG,840710
9585312,81,136,8777,2006,1016.0,0.0,1.824154,0.614424,GBR,MDG,840710
9585313,231,136,8777,2006,20804.0,58465.0,1.666643,-0.121679,USA,MDG,840710
9585314,246,136,8777,2006,4836.0,708.0,0.37964499999999995,1.466326,ZAF,MDG,840710
9585315,250,136,8777,2006,0.0,12860.0,0.711619,-0.41880200000000006,ANS,MDG,840710
9585316,41,142,8777,2006,0.0,83191.0,2.052534,0.515523,CHE,MLT,840710
9585317,64,142,8777,2006,7060.0,0.0,1.2308700000000001,1.180914,DNK,MLT,840710
9585318,71,142,8777,2006,8783.0,0.0,0.9091370000000001,2.068166,ESP,MLT,840710
9585319,81,142,8777,2006,2532.0,0.0,1.824154,0.614424,GBR,MLT,840710
9585320,111,142,8777,2006,14501.0,0.0,1.293779,0.93995,ITA,MLT,840710
9585321,162,142,8777,2006,0.0,42729.0,1.192134,1.450852,NLD,MLT,840710
9585322,224,142,8777,2006,430433.0,0.0,0.33971599999999996,2.193384,TUR,MLT,840710
9585323,231,142,8777,2006,8042.0,0.0,1.666643,-0.121679,USA,MLT,840710
9585324,246,142,8777,2006,0.0,58587.0,0.37964499999999995,1.466326,ZAF,MLT,840710
9585325,231,148,8777,2006,6563325.0,0.0,1.666643,-0.121679,USA,MRT,840710
9585326,246,148,8777,2006,46136.0,0.0,0.37964499999999995,1.466326,ZAF,MRT,840710
9585327,231,151,8777,2006,4497.0,0.0,1.666643,-0.121679,USA,MUS,840710
9585328,246,151,8777,2006,0.0,301089.0,0.37964499999999995,1.466326,ZAF,MUS,840710
9585329,39,155,8777,2006,131856.0,103378.0,0.865685,1.1480489999999999,CAN,NAM,840710
9585330,61,155,8777,2006,1204.0,0.0,2.132566,-2.773669,DEU,NAM,840710
9585331,81,155,8777,2006,159186.0,58665.0,1.824154,0.614424,GBR,NAM,840710
9585332,104,155,8777,2006,109738.0,0.0,0.285652,2.731318,IND,NAM,840710
9585333,231,155,8777,2006,92941.0,1831.0,1.666643,-0.121679,USA,NAM,840710
9585334,246,155,8777,2006,237761.0,7561.0,0.37964499999999995,1.466326,ZAF,NAM,840710
9585335,32,159,8777,2006,6426.0,0.0,0.633889,1.1474520000000001,BRA,NGA,840710
9585336,43,159,8777,2006,1707.0,0.0,0.737888,2.54966,CHN,NGA,840710
9585337,61,159,8777,2006,0.0,37939.0,2.132566,-2.773669,DEU,NGA,840710
9585338,81,159,8777,2006,802293.0,0.0,1.824154,0.614424,GBR,NGA,840710
9585339,121,159,8777,2006,23724.0,0.0,1.5384309999999999,0.766628,KOR,NGA,840710
9585340,179,159,8777,2006,0.0,177204.0,0.5723630000000001,1.92303,PRT,NGA,840710
9585341,186,159,8777,2006,165894.0,0.0,0.801197,0.104683,RUS,NGA,840710
9585342,231,159,8777,2006,23040.0,0.0,1.666643,-0.121679,USA,NGA,840710
9585343,246,159,8777,2006,0.0,38710.0,0.37964499999999995,1.466326,ZAF,NGA,840710
9585344,47,191,8777,2006,0.0,3298.0,-1.9903240000000002,-1.189925,COG,SEN,840710
9585345,61,191,8777,2006,0.0,532023.0,2.132566,-2.773669,DEU,SEN,840710
9585346,111,191,8777,2006,3828.0,0.0,1.293779,0.93995,ITA,SEN,840710
9585347,231,191,8777,2006,26230.0,0.0,1.666643,-0.121679,USA,SEN,840710
9585348,7,226,8777,2006,89172.0,0.0,0.053903999999999994,-0.735124,ARE,TZA,840710
9585349,39,226,8777,2006,1047.0,0.0,0.865685,1.1480489999999999,CAN,TZA,840710
9585350,59,226,8777,2006,13787.0,0.0,1.564058,0.6023649999999999,CZE,TZA,840710
9585351,61,226,8777,2006,445399.0,0.0,2.132566,-2.773669,DEU,TZA,840710
9585352,77,226,8777,2006,41068.0,0.0,1.47591,0.489466,FRA,TZA,840710
9585353,81,226,8777,2006,2395.0,4568.0,1.824154,0.614424,GBR,TZA,840710
9585354,114,226,8777,2006,1520.0,0.0,2.4348099999999997,0.082887,JPN,TZA,840710
9585355,231,226,8777,2006,28532.0,0.0,1.666643,-0.121679,USA,TZA,840710
9585356,246,226,8777,2006,57661.0,2653.0,0.37964499999999995,1.466326,ZAF,TZA,840710
9585357,7,227,8777,2006,1675.0,0.0,0.053903999999999994,-0.735124,ARE,UGA,840710
9585358,39,227,8777,2006,181614.0,348495.0,0.865685,1.1480489999999999,CAN,UGA,840710
9585359,41,227,8777,2006,143131.0,0.0,2.052534,0.515523,CHE,UGA,840710
9585360,61,227,8777,2006,347239.0,283488.0,2.132566,-2.773669,DEU,UGA,840710
9585361,116,227,8777,2006,0.0,334530.0,-0.38287899999999997,1.060286,KEN,UGA,840710
9585362,231,227,8777,2006,30264.0,28578.0,1.666643,-0.121679,USA,UGA,840710
9585363,246,227,8777,2006,31647.0,0.0,0.37964499999999995,1.466326,ZAF,UGA,840710
9585364,59,239,8777,2006,17488.0,8477.0,1.564058,0.6023649999999999,CZE,VNM,840710
9585365,61,239,8777,2006,3348.0,0.0,2.132566,-2.773669,DEU,VNM,840710
9585366,77,239,8777,2006,42663.0,0.0,1.47591,0.489466,FRA,VNM,840710
9585367,114,239,8777,2006,29876.0,0.0,2.4348099999999997,0.082887,JPN,VNM,840710
9585368,192,239,8777,2006,0.0,82647.0,1.5377379999999998,0.503089,SGP,VNM,840710
9585369,249,239,8777,2006,2859.0,0.0,1.619915,1.2289940000000001,TWN,VNM,840710
9585370,246,247,8777,2006,44506.0,4473.0,0.37964499999999995,1.466326,ZAF,ZMB,840710
9585371,248,247,8777,2006,41457.0,3788.0,-0.41825500000000004,-0.55313,ZWE,ZMB,840710
9585372,7,248,8777,2006,344719.0,0.0,0.053903999999999994,-0.735124,ARE,ZWE,840710
9585373,37,248,8777,2006,28486.0,0.0,-1.0541459999999998,-1.179286,BWA,ZWE,840710
9585374,39,248,8777,2006,285641.0,0.0,0.865685,1.1480489999999999,CAN,ZWE,840710
9585375,43,248,8777,2006,0.0,49572.0,0.737888,2.54966,CHN,ZWE,840710
9585376,81,248,8777,2006,0.0,4051.0,1.824154,0.614424,GBR,ZWE,840710
9585377,231,248,8777,2006,9121.0,0.0,1.666643,-0.121679,USA,ZWE,840710
9585378,246,248,8777,2006,37177.0,0.0,0.37964499999999995,1.466326,ZAF,ZWE,840710
9585379,247,248,8777,2006,3788.0,41457.0,-0.5307,-0.793621,ZMB,ZWE,840710
9585380,224,26,8777,2006,1136.0,0.0,0.33971599999999996,2.193384,TUR,BIH,840710
9585381,39,29,8777,2006,216501.0,0.0,0.865685,1.1480489999999999,CAN,BLZ,840710
9585382,231,29,8777,2006,45248.0,0.0,1.666643,-0.121679,USA,BLZ,840710
9585383,14,75,8777,2006,264327.0,6643.0,0.067166,0.373148,AUS,FJI,840710
9585384,166,75,8777,2006,100667.0,3582.0,0.5371,0.8240209999999999,NZL,FJI,840710
9585385,231,75,8777,2006,43944.0,60008.0,1.666643,-0.121679,USA,FJI,840710
9585386,81,84,8777,2006,4595.0,0.0,1.824154,0.614424,GBR,GIB,840710
9585387,231,234,8777,2006,9634.0,20259.0,1.666643,-0.121679,USA,VCT,840710
9585388,231,237,8777,2006,27000.0,0.0,1.666643,-0.121679,USA,VGB,840710
9585389,186,135,8777,2006,0.0,10830.0,0.801197,0.104683,RUS,MDA,840710
9585390,250,135,8777,2006,1427.0,0.0,0.711619,-0.41880200000000006,ANS,MDA,840710
9585391,61,140,8777,2006,33641.0,0.0,2.132566,-2.773669,DEU,MKD,840710
9585392,231,140,8777,2006,112498.0,0.0,1.666643,-0.121679,USA,MKD,840710
9585393,249,178,8777,2006,3184.0,0.0,1.619915,1.2289940000000001,TWN,PRK,840710
9585394,246,209,8777,2006,13420.0,49.0,0.37964499999999995,1.466326,ZAF,SWZ,840710
9585395,59,219,8777,2006,348137.0,0.0,1.564058,0.6023649999999999,CZE,TKM,840710
9585396,43,73,8777,2006,2424.0,0.0,0.737888,2.54966,CHN,ETH,840710
9585397,61,73,8777,2006,192948.0,48794.0,2.132566,-2.773669,DEU,ETH,840710
9585398,110,73,8777,2006,8418.0,0.0,1.3082129999999998,0.783845,ISR,ETH,840710
9585399,231,73,8777,2006,3399706.0,0.0,1.666643,-0.121679,USA,ETH,840710
9585400,231,3,8777,2006,25153.0,0.0,1.666643,-0.121679,USA,AIA,840710
9585401,169,101,8777,2006,10587.0,0.0,0.306664,0.638533,PAN,HTI,840710
9585402,246,152,8777,2006,5458.0,0.0,0.37964499999999995,1.466326,ZAF,MWI,840710
9585403,14,240,8777,2006,69898.0,8238.0,0.067166,0.373148,AUS,VUT,840710
9585404,104,250,8777,2006,0.0,1689302.0,0.285652,2.731318,IND,ANS,840710
9585405,106,250,8777,2006,2685948.0,0.0,1.43804,0.06463200000000001,IRL,ANS,840710
9585406,113,250,8777,2006,2143647.0,0.0,0.166718,0.331248,JOR,ANS,840710
9585407,135,250,8777,2006,0.0,1427.0,-0.017707,0.135305,MDA,ANS,840710
9585408,136,250,8777,2006,12860.0,0.0,-1.024657,-0.393395,MDG,ANS,840710
9585409,147,250,8777,2006,183581.0,0.0,-1.0250629999999998,-1.067359,MOZ,ANS,840710
9585410,153,250,8777,2006,0.0,17728.0,0.7896569999999999,0.363625,MYS,ANS,840710
9585411,157,250,8777,2006,8848.0,0.0,-0.554188,-0.708255,NER,ANS,840710
9585412,166,250,8777,2006,0.0,55996.0,0.5371,0.8240209999999999,NZL,ANS,840710
9585413,183,250,8777,2006,200557.0,0.0,0.055777999999999994,-1.0379049999999999,QAT,ANS,840710
9585414,206,250,8777,2006,0.0,325756.0,1.291583,0.868317,SVK,ANS,840710
9585415,207,250,8777,2006,0.0,13411.0,1.5882370000000001,0.800719,SVN,ANS,840710
9585416,246,250,8777,2006,0.0,252276.0,0.37964499999999995,1.466326,ZAF,ANS,840710
9585417,14,1,8777,2006,476453.0,0.0,0.067166,0.373148,AUS,AFG,840710
9585418,186,2,8777,2006,34189.0,0.0,0.801197,0.104683,RUS,AGO,840710
9585419,246,2,8777,2006,29797.0,88809.0,0.37964499999999995,1.466326,ZAF,AGO,840710
9585420,90,4,8777,2006,19498.0,0.0,0.261955,1.488958,GRC,ALB,840710
9585421,111,4,8777,2006,0.0,20189.0,1.293779,0.93995,ITA,ALB,840710
9585422,23,19,8777,2006,30975.0,0.0,0.414563,1.378005,BGR,BEN,840710
9585423,39,34,8777,2006,0.0,152154.0,0.865685,1.1480489999999999,CAN,BRN,840710
9585424,43,34,8777,2006,3675.0,0.0,0.737888,2.54966,CHN,BRN,840710
9585425,81,34,8777,2006,5133.0,0.0,1.824154,0.614424,GBR,BRN,840710
9585426,114,34,8777,2006,3791.0,0.0,2.4348099999999997,0.082887,JPN,BRN,840710
9585427,153,34,8777,2006,141490.0,39627.0,0.7896569999999999,0.363625,MYS,BRN,840710
9585428,192,34,8777,2006,0.0,82933.0,1.5377379999999998,0.503089,SGP,BRN,840710
9585429,216,34,8777,2006,0.0,37205.0,0.568209,1.685343,THA,BRN,840710
9585430,231,34,8777,2006,980676.0,135645.0,1.666643,-0.121679,USA,BRN,840710
9585431,39,85,8777,2006,189517.0,0.0,0.865685,1.1480489999999999,CAN,GIN,840710
9585432,43,85,8777,2006,5818.0,0.0,0.737888,2.54966,CHN,GIN,840710
9585433,81,108,8777,2006,0.0,30740.0,1.824154,0.614424,GBR,IRQ,840710
9585434,231,108,8777,2006,281042.0,414533.0,1.666643,-0.121679,USA,IRQ,840710
9585435,39,109,8777,2006,1506.0,0.0,0.865685,1.1480489999999999,CAN,ISL,840710
9585436,64,109,8777,2006,33542.0,0.0,1.2308700000000001,1.180914,DNK,ISL,840710
9585437,77,109,8777,2006,10395.0,0.0,1.47591,0.489466,FRA,ISL,840710
9585438,81,109,8777,2006,8126.0,0.0,1.824154,0.614424,GBR,ISL,840710
9585439,111,109,8777,2006,13446.0,0.0,1.293779,0.93995,ITA,ISL,840710
9585440,231,109,8777,2006,43924.0,0.0,1.666643,-0.121679,USA,ISL,840710
9585441,111,126,8777,2006,283123.0,0.0,1.293779,0.93995,ITA,LBY,840710
9585442,186,126,8777,2006,10543.0,0.0,0.801197,0.104683,RUS,LBY,840710
9585443,192,133,8777,2006,303103.0,0.0,1.5377379999999998,0.503089,SGP,MAC,840710
9585444,14,137,8777,2006,1024616.0,0.0,0.067166,0.373148,AUS,MDV,840710
9585445,39,137,8777,2006,76663.0,0.0,0.865685,1.1480489999999999,CAN,MDV,840710
9585446,61,137,8777,2006,353790.0,0.0,2.132566,-2.773669,DEU,MDV,840710
9585447,231,137,8777,2006,73034.0,0.0,1.666643,-0.121679,USA,MDV,840710
9585448,77,154,8777,2006,4736.0,0.0,1.47591,0.489466,FRA,MYT,840710
9585449,14,156,8777,2006,30936.0,0.0,0.067166,0.373148,AUS,NCL,840710
9585450,61,156,8777,2006,12894.0,0.0,2.132566,-2.773669,DEU,NCL,840710
9585451,77,156,8777,2006,0.0,814097.0,1.47591,0.489466,FRA,NCL,840710
9585452,166,156,8777,2006,36281.0,0.0,0.5371,0.8240209999999999,NZL,NCL,840710
9585453,131,157,8777,2006,53457.0,0.0,1.4345620000000001,0.8840819999999999,LUX,NER,840710
9585454,231,157,8777,2006,0.0,8131.0,1.666643,-0.121679,USA,NER,840710
9585455,250,157,8777,2006,0.0,8848.0,0.711619,-0.41880200000000006,ANS,NER,840710
9585456,231,182,8777,2006,2676.0,239201.0,1.666643,-0.121679,USA,PYF,840710
9585457,7,190,8777,2006,3561.0,0.0,0.053903999999999994,-0.735124,ARE,SDN,840710
9585458,14,190,8777,2006,266226.0,0.0,0.067166,0.373148,AUS,SDN,840710
9585459,23,190,8777,2006,5598.0,0.0,0.414563,1.378005,BGR,SDN,840710
9585460,59,190,8777,2006,12422.0,0.0,1.564058,0.6023649999999999,CZE,SDN,840710
9585461,61,190,8777,2006,6833.0,65212.0,2.132566,-2.773669,DEU,SDN,840710
9585462,114,190,8777,2006,14834.0,0.0,2.4348099999999997,0.082887,JPN,SDN,840710
9585463,116,190,8777,2006,0.0,6573.0,-0.38287899999999997,1.060286,KEN,SDN,840710
9585464,121,190,8777,2006,9776.0,0.0,1.5384309999999999,0.766628,KOR,SDN,840710
9585465,124,190,8777,2006,7287.0,0.0,0.3861,1.586183,LBN,SDN,840710
9585466,188,190,8777,2006,260230.0,0.0,0.162432,-0.853059,SAU,SDN,840710
9585467,246,190,8777,2006,10714.0,67559.0,0.37964499999999995,1.466326,ZAF,SDN,840710
9585468,39,211,8777,2006,18050.0,0.0,0.865685,1.1480489999999999,CAN,SYC,840710
9585469,77,211,8777,2006,212416.0,0.0,1.47591,0.489466,FRA,SYC,840710
9585470,81,211,8777,2006,6563.0,0.0,1.824154,0.614424,GBR,SYC,840710
9585471,77,21,8777,2006,41426.0,0.0,1.47591,0.489466,FRA,BFA,840710
9585472,111,21,8777,2006,9683.0,0.0,1.293779,0.93995,ITA,BFA,840710
9585473,116,46,8777,2006,0.0,4804.0,-0.38287899999999997,1.060286,KEN,COD,840710
9585474,246,46,8777,2006,0.0,10405.0,0.37964499999999995,1.466326,ZAF,COD,840710
9585475,59,47,8777,2006,24190.0,0.0,1.564058,0.6023649999999999,CZE,COG,840710
9585476,80,47,8777,2006,0.0,18110.0,-1.6696819999999999,-1.173322,GAB,COG,840710
9585477,191,47,8777,2006,3298.0,0.0,-0.364713,-0.183612,SEN,COG,840710
9585478,18,51,8777,2006,0.0,31504.0,1.2222540000000002,1.383027,BEL,CPV,840710
9585479,64,51,8777,2006,1916.0,0.0,1.2308700000000001,1.180914,DNK,CPV,840710
9585480,77,51,8777,2006,458764.0,0.0,1.47591,0.489466,FRA,CPV,840710
9585481,81,51,8777,2006,0.0,23812.0,1.824154,0.614424,GBR,CPV,840710
9585482,179,51,8777,2006,1443090.0,0.0,0.5723630000000001,1.92303,PRT,CPV,840710
9585483,231,51,8777,2006,475535.0,0.0,1.666643,-0.121679,USA,CPV,840710
9585484,114,78,8777,2006,3467.0,0.0,2.4348099999999997,0.082887,JPN,FRO,840710
9585485,246,89,8777,2006,67829.0,0.0,0.37964499999999995,1.466326,ZAF,GNQ,840710
9585486,39,92,8777,2006,478543.0,0.0,0.865685,1.1480489999999999,CAN,GRL,840710
9585487,231,92,8777,2006,1976.0,0.0,1.666643,-0.121679,USA,GRL,840710
9585488,14,143,8777,2006,1015077.0,0.0,0.067166,0.373148,AUS,MMR,840710
9585489,192,143,8777,2006,165406.0,0.0,1.5377379999999998,0.503089,SGP,MMR,840710
9585490,77,215,8777,2006,69044.0,0.0,1.47591,0.489466,FRA,TGO,840710
9585491,166,221,8777,2006,39950.0,0.0,0.5371,0.8240209999999999,NZL,TON,840710
9585492,14,242,8777,2006,236066.0,0.0,0.067166,0.373148,AUS,WSM,840710
9585493,231,79,8777,2006,7729.0,0.0,1.666643,-0.121679,USA,FSM,840710
9585494,216,123,8777,2006,1444331.0,0.0,0.568209,1.685343,THA,LAO,840710
9585495,64,164,8777,2006,164744.0,0.0,1.2308700000000001,1.180914,DNK,NPL,840710
9585496,104,164,8777,2006,164069.0,115439.0,0.285652,2.731318,IND,NPL,840710
9585497,166,164,8777,2006,46282.0,0.0,0.5371,0.8240209999999999,NZL,NPL,840710
9585498,192,164,8777,2006,1102834.0,0.0,1.5377379999999998,0.503089,SGP,NPL,840710
9585499,216,164,8777,2006,0.0,96195.0,0.568209,1.685343,THA,NPL,840710
9585500,246,164,8777,2006,622617.0,0.0,0.37964499999999995,1.466326,ZAF,NPL,840710
9585501,14,176,8777,2006,185861.0,0.0,0.067166,0.373148,AUS,PNG,840710
9585502,166,176,8777,2006,93806.0,0.0,0.5371,0.8240209999999999,NZL,PNG,840710
9585503,174,176,8777,2006,0.0,9951.0,0.161994,0.036631,PHL,PNG,840710
9585504,231,176,8777,2006,51087.0,0.0,1.666643,-0.121679,USA,PNG,840710
9585505,14,195,8777,2006,666563.0,35216.0,0.067166,0.373148,AUS,SLB,840710
9585506,61,35,8777,2006,3271.0,0.0,2.132566,-2.773669,DEU,BTN,840710
9585507,77,35,8777,2006,39273.0,0.0,1.47591,0.489466,FRA,BTN,840710
9585508,81,35,8777,2006,2175.0,0.0,1.824154,0.614424,GBR,BTN,840710
9585509,192,35,8777,2006,3719.0,0.0,1.5377379999999998,0.503089,SGP,BTN,840710
9585510,77,38,8777,2006,0.0,4131.0,1.47591,0.489466,FRA,CAF,840710
9585511,231,129,8777,2006,33470.0,0.0,1.666643,-0.121679,USA,LSO,840710
9585512,162,6,8782,2006,1135.0,0.0,1.192134,1.450852,NLD,ANT,840733
9585513,22,8,8782,2006,0.0,134404.0,-1.0305309999999999,-0.80937,BGD,ARG,840733
9585514,32,8,8782,2006,9354.0,0.0,0.633889,1.1474520000000001,BRA,ARG,840733
9585515,61,8,8782,2006,13303.0,0.0,2.132566,-2.773669,DEU,ARG,840733
9585516,81,8,8782,2006,6453.0,0.0,1.824154,0.614424,GBR,ARG,840733
9585517,111,8,8782,2006,32580.0,0.0,1.293779,0.93995,ITA,ARG,840733
9585518,231,8,8782,2006,23622.0,0.0,1.666643,-0.121679,USA,ARG,840733
9585519,81,13,8782,2006,2361.0,0.0,1.824154,0.614424,GBR,ATG,840733
9585520,14,15,8782,2006,4754.0,9370.0,0.067166,0.373148,AUS,AUT,840733
9585521,18,15,8782,2006,0.0,11756.0,1.2222540000000002,1.383027,BEL,AUT,840733
9585522,39,15,8782,2006,1114290.0,183513632.0,0.865685,1.1480489999999999,CAN,AUT,840733
9585523,41,15,8782,2006,6329.0,37253.0,2.052534,0.515523,CHE,AUT,840733
9585524,59,15,8782,2006,12538.0,7820.0,1.564058,0.6023649999999999,CZE,AUT,840733
9585525,61,15,8782,2006,7405760.0,38267580.0,2.132566,-2.773669,DEU,AUT,840733
9585526,68,15,8782,2006,0.0,3105.0,-0.182272,0.40222399999999997,EGY,AUT,840733
9585527,71,15,8782,2006,0.0,219376.0,0.9091370000000001,2.068166,ESP,AUT,840733
9585528,74,15,8782,2006,7287.0,15437712.0,1.864038,0.8193940000000001,FIN,AUT,840733
9585529,77,15,8782,2006,49073.0,91486.0,1.47591,0.489466,FRA,AUT,840733
9585530,81,15,8782,2006,3033.0,0.0,1.824154,0.614424,GBR,AUT,840733
9585531,90,15,8782,2006,9201.0,24003.0,0.261955,1.488958,GRC,AUT,840733
9585532,100,15,8782,2006,0.0,2602.0,0.755787,0.992614,HRV,AUT,840733
9585533,102,15,8782,2006,1969.0,37989.0,1.4034309999999999,0.835144,HUN,AUT,840733
9585534,111,15,8782,2006,1362665.0,15666458.0,1.293779,0.93995,ITA,AUT,840733
9585535,114,15,8782,2006,17091.0,21666.0,2.4348099999999997,0.082887,JPN,AUT,840733
9585536,134,15,8782,2006,0.0,3201.0,-0.547933,0.08257300000000001,MAR,AUT,840733
9585537,138,15,8782,2006,3365.0,2944505.0,1.047268,0.7142270000000001,MEX,AUT,840733
9585538,162,15,8782,2006,0.0,48407.0,1.192134,1.450852,NLD,AUT,840733
9585539,163,15,8782,2006,0.0,6947.0,1.0787930000000001,0.014051,NOR,AUT,840733
9585540,177,15,8782,2006,0.0,51124100.0,0.991927,1.474418,POL,AUT,840733
9585541,185,15,8782,2006,1670.0,10679.0,0.550825,1.170744,ROU,AUT,840733
9585542,186,15,8782,2006,10766.0,0.0,0.801197,0.104683,RUS,AUT,840733
9585543,192,15,8782,2006,1170.0,0.0,1.5377379999999998,0.503089,SGP,AUT,840733
9585544,206,15,8782,2006,0.0,4889.0,1.291583,0.868317,SVK,AUT,840733
9585545,207,15,8782,2006,2003.0,8276.0,1.5882370000000001,0.800719,SVN,AUT,840733
9585546,208,15,8782,2006,0.0,4520.0,1.902737,0.593294,SWE,AUT,840733
9585547,224,15,8782,2006,0.0,3874.0,0.33971599999999996,2.193384,TUR,AUT,840733
9585548,231,15,8782,2006,15363.0,2199019.0,1.666643,-0.121679,USA,AUT,840733
9585549,246,15,8782,2006,0.0,2990.0,0.37964499999999995,1.466326,ZAF,AUT,840733
9585550,249,15,8782,2006,932.0,0.0,1.619915,1.2289940000000001,TWN,AUT,840733
9585551,7,18,8782,2006,0.0,15753.0,0.053903999999999994,-0.735124,ARE,BEL,840733
9585552,15,18,8782,2006,11756.0,0.0,1.775669,0.192717,AUT,BEL,840733
9585553,32,18,8782,2006,333827.0,0.0,0.633889,1.1474520000000001,BRA,BEL,840733
9585554,39,18,8782,2006,82388.0,0.0,0.865685,1.1480489999999999,CAN,BEL,840733
9585555,42,18,8782,2006,568.0,0.0,-0.188298,-0.46778000000000003,CHL,BEL,840733
9585556,43,18,8782,2006,3004.0,0.0,0.737888,2.54966,CHN,BEL,840733
9585557,59,18,8782,2006,81916.0,0.0,1.564058,0.6023649999999999,CZE,BEL,840733
9585558,61,18,8782,2006,2980.0,13876.0,2.132566,-2.773669,DEU,BEL,840733
9585559,64,18,8782,2006,4585.0,0.0,1.2308700000000001,1.180914,DNK,BEL,840733
9585560,68,18,8782,2006,0.0,10148.0,-0.182272,0.40222399999999997,EGY,BEL,840733
9585561,71,18,8782,2006,9863.0,15847.0,0.9091370000000001,2.068166,ESP,BEL,840733
9585562,77,18,8782,2006,471010.0,119590.0,1.47591,0.489466,FRA,BEL,840733
9585563,81,18,8782,2006,9404.0,32653.0,1.824154,0.614424,GBR,BEL,840733
9585564,83,18,8782,2006,0.0,6919.0,-0.9934860000000001,-0.809318,GHA,BEL,840733
9585565,106,18,8782,2006,0.0,5176.0,1.43804,0.06463200000000001,IRL,BEL,840733
9585566,110,18,8782,2006,0.0,8777.0,1.3082129999999998,0.783845,ISR,BEL,840733
9585567,111,18,8782,2006,34145.0,11137.0,1.293779,0.93995,ITA,BEL,840733
9585568,114,18,8782,2006,69887.0,1420.0,2.4348099999999997,0.082887,JPN,BEL,840733
9585569,131,18,8782,2006,2261.0,28730.0,1.4345620000000001,0.8840819999999999,LUX,BEL,840733
9585570,159,18,8782,2006,0.0,3483.0,-2.094353,-1.215025,NGA,BEL,840733
9585571,162,18,8782,2006,7336.0,15219.0,1.192134,1.450852,NLD,BEL,840733
9585572,173,18,8782,2006,0.0,8552.0,-0.551095,0.044295,PER,BEL,840733
9585573,177,18,8782,2006,57793.0,0.0,0.991927,1.474418,POL,BEL,840733
9585574,191,18,8782,2006,0.0,1694.0,-0.364713,-0.183612,SEN,BEL,840733
9585575,208,18,8782,2006,2233.0,201822.0,1.902737,0.593294,SWE,BEL,840733
9585576,231,18,8782,2006,35685.0,0.0,1.666643,-0.121679,USA,BEL,840733
9585577,114,25,8782,2006,9299.0,0.0,2.4348099999999997,0.082887,JPN,BHS,840733
9585578,231,25,8782,2006,2646.0,15055.0,1.666643,-0.121679,USA,BHS,840733
9585579,114,31,8782,2006,789.0,0.0,2.4348099999999997,0.082887,JPN,BOL,840733
9585580,8,32,8782,2006,0.0,9354.0,0.33055,0.665867,ARG,BRA,840733
9585581,18,32,8782,2006,0.0,333827.0,1.2222540000000002,1.383027,BEL,BRA,840733
9585582,42,32,8782,2006,0.0,4298.0,-0.188298,-0.46778000000000003,CHL,BRA,840733
9585583,43,32,8782,2006,20051.0,0.0,0.737888,2.54966,CHN,BRA,840733
9585584,49,32,8782,2006,0.0,167319.0,0.129887,0.44371700000000003,COL,BRA,840733
9585585,54,32,8782,2006,0.0,1658.0,0.204039,-0.5183260000000001,CUB,BRA,840733
9585586,61,32,8782,2006,0.0,608331.0,2.132566,-2.773669,DEU,BRA,840733
9585587,71,32,8782,2006,3672.0,0.0,0.9091370000000001,2.068166,ESP,BRA,840733
9585588,77,32,8782,2006,1846.0,16185.0,1.47591,0.489466,FRA,BRA,840733
9585589,81,32,8782,2006,662263.0,0.0,1.824154,0.614424,GBR,BRA,840733
9585590,106,32,8782,2006,20707.0,0.0,1.43804,0.06463200000000001,IRL,BRA,840733
9585591,111,32,8782,2006,2703.0,4260.0,1.293779,0.93995,ITA,BRA,840733
9585592,114,32,8782,2006,9365.0,3162.0,2.4348099999999997,0.082887,JPN,BRA,840733
9585593,134,32,8782,2006,0.0,1028.0,-0.547933,0.08257300000000001,MAR,BRA,840733
9585594,138,32,8782,2006,0.0,19723.0,1.047268,0.7142270000000001,MEX,BRA,840733
9585595,230,32,8782,2006,0.0,2424.0,0.234384,0.118878,URY,BRA,840733
9585596,231,32,8782,2006,136326.0,5040.0,1.666643,-0.121679,USA,BRA,840733
9585597,114,33,8782,2006,3766.0,0.0,2.4348099999999997,0.082887,JPN,BRB,840733
9585598,222,33,8782,2006,6593.0,0.0,-0.20651399999999998,-1.024907,TTO,BRB,840733
9585599,231,33,8782,2006,1534.0,0.0,1.666643,-0.121679,USA,BRB,840733
9585600,7,39,8782,2006,0.0,1761.0,0.053903999999999994,-0.735124,ARE,CAN,840733
9585601,14,39,8782,2006,3242.0,4422.0,0.067166,0.373148,AUS,CAN,840733
9585602,15,39,8782,2006,183513632.0,1114290.0,1.775669,0.192717,AUT,CAN,840733
9585603,18,39,8782,2006,0.0,82388.0,1.2222540000000002,1.383027,BEL,CAN,840733
9585604,30,39,8782,2006,0.0,4159.0,0.491259,-0.603062,BMU,CAN,840733
9585605,42,39,8782,2006,0.0,4240.0,-0.188298,-0.46778000000000003,CHL,CAN,840733
9585606,43,39,8782,2006,8381.0,0.0,0.737888,2.54966,CHN,CAN,840733
9585607,49,39,8782,2006,0.0,4617.0,0.129887,0.44371700000000003,COL,CAN,840733
9585608,54,39,8782,2006,0.0,3505.0,0.204039,-0.5183260000000001,CUB,CAN,840733
9585609,57,39,8782,2006,0.0,12820.0,0.7708189999999999,-0.648112,CYM,CAN,840733
9585610,61,39,8782,2006,57675.0,0.0,2.132566,-2.773669,DEU,CAN,840733
9585611,64,39,8782,2006,0.0,1991.0,1.2308700000000001,1.180914,DNK,CAN,840733
9585612,71,39,8782,2006,0.0,9333.0,0.9091370000000001,2.068166,ESP,CAN,840733
9585613,74,39,8782,2006,1549.0,3768.0,1.864038,0.8193940000000001,FIN,CAN,840733
9585614,77,39,8782,2006,0.0,1200.0,1.47591,0.489466,FRA,CAN,840733
9585615,81,39,8782,2006,103831.0,0.0,1.824154,0.614424,GBR,CAN,840733
9585616,83,39,8782,2006,0.0,1148.0,-0.9934860000000001,-0.809318,GHA,CAN,840733
9585617,90,39,8782,2006,0.0,17365.0,0.261955,1.488958,GRC,CAN,840733
9585618,92,39,8782,2006,0.0,6706.0,-1.0014,-0.935995,GRL,CAN,840733
9585619,104,39,8782,2006,5109.0,0.0,0.285652,2.731318,IND,CAN,840733
9585620,110,39,8782,2006,0.0,10932.0,1.3082129999999998,0.783845,ISR,CAN,840733
9585621,111,39,8782,2006,17426.0,0.0,1.293779,0.93995,ITA,CAN,840733
9585622,112,39,8782,2006,0.0,3651.0,-0.5122720000000001,-0.9109809999999999,JAM,CAN,840733
9585623,114,39,8782,2006,394456.0,30766.0,2.4348099999999997,0.082887,JPN,CAN,840733
9585624,121,39,8782,2006,350276.0,0.0,1.5384309999999999,0.766628,KOR,CAN,840733
9585625,124,39,8782,2006,0.0,2693.0,0.3861,1.586183,LBN,CAN,840733
9585626,138,39,8782,2006,1545.0,21978.0,1.047268,0.7142270000000001,MEX,CAN,840733
9585627,153,39,8782,2006,34088.0,0.0,0.7896569999999999,0.363625,MYS,CAN,840733
9585628,162,39,8782,2006,0.0,6255.0,1.192134,1.450852,NLD,CAN,840733
9585629,163,39,8782,2006,0.0,2948.0,1.0787930000000001,0.014051,NOR,CAN,840733
9585630,177,39,8782,2006,0.0,4736.0,0.991927,1.474418,POL,CAN,840733
9585631,186,39,8782,2006,2804.0,7293.0,0.801197,0.104683,RUS,CAN,840733
9585632,208,39,8782,2006,0.0,7136.0,1.902737,0.593294,SWE,CAN,840733
9585633,216,39,8782,2006,0.0,34541.0,0.568209,1.685343,THA,CAN,840733
9585634,231,39,8782,2006,3666127.0,20032368.0,1.666643,-0.121679,USA,CAN,840733
9585635,249,39,8782,2006,2342.0,0.0,1.619915,1.2289940000000001,TWN,CAN,840733
9585636,15,41,8782,2006,37253.0,6329.0,1.775669,0.192717,AUT,CHE,840733
9585637,44,41,8782,2006,0.0,9988.0,-0.8918530000000001,-0.8145819999999999,CIV,CHE,840733
9585638,61,41,8782,2006,54681.0,31450.0,2.132566,-2.773669,DEU,CHE,840733
9585639,65,41,8782,2006,0.0,2653.0,-0.24073699999999998,0.049093,DOM,CHE,840733
9585640,71,41,8782,2006,0.0,974.0,0.9091370000000001,2.068166,ESP,CHE,840733
9585641,77,41,8782,2006,311179.0,7468.0,1.47591,0.489466,FRA,CHE,840733
9585642,81,41,8782,2006,15077.0,7203.0,1.824154,0.614424,GBR,CHE,840733
9585643,103,41,8782,2006,0.0,900.0,-0.21012399999999998,1.467838,IDN,CHE,840733
9585644,111,41,8782,2006,217700.0,21611.0,1.293779,0.93995,ITA,CHE,840733
9585645,114,41,8782,2006,18848.0,0.0,2.4348099999999997,0.082887,JPN,CHE,840733
9585646,122,41,8782,2006,0.0,3100.0,-0.589823,-1.142795,KWT,CHE,840733
9585647,153,41,8782,2006,165505.0,1523013.0,0.7896569999999999,0.363625,MYS,CHE,840733
9585648,162,41,8782,2006,9914.0,9796.0,1.192134,1.450852,NLD,CHE,840733
9585649,177,41,8782,2006,0.0,6168.0,0.991927,1.474418,POL,CHE,840733
9585650,208,41,8782,2006,4667.0,1553.0,1.902737,0.593294,SWE,CHE,840733
9585651,224,41,8782,2006,0.0,5684.0,0.33971599999999996,2.193384,TUR,CHE,840733
9585652,231,41,8782,2006,16466.0,5643.0,1.666643,-0.121679,USA,CHE,840733
9585653,18,42,8782,2006,0.0,568.0,1.2222540000000002,1.383027,BEL,CHL,840733
9585654,32,42,8782,2006,4298.0,0.0,0.633889,1.1474520000000001,BRA,CHL,840733
9585655,39,42,8782,2006,4240.0,0.0,0.865685,1.1480489999999999,CAN,CHL,840733
9585656,43,42,8782,2006,2755.0,0.0,0.737888,2.54966,CHN,CHL,840733
9585657,114,42,8782,2006,3597.0,0.0,2.4348099999999997,0.082887,JPN,CHL,840733
9585658,121,42,8782,2006,40955.0,0.0,1.5384309999999999,0.766628,KOR,CHL,840733
9585659,208,42,8782,2006,4530.0,0.0,1.902737,0.593294,SWE,CHL,840733
9585660,231,42,8782,2006,3769.0,0.0,1.666643,-0.121679,USA,CHL,840733
9585661,14,43,8782,2006,873329.0,6427.0,0.067166,0.373148,AUS,CHN,840733
9585662,16,43,8782,2006,0.0,30857.0,-0.521304,-1.035764,AZE,CHN,840733
9585663,18,43,8782,2006,0.0,3004.0,1.2222540000000002,1.383027,BEL,CHN,840733
9585664,23,43,8782,2006,0.0,13689.0,0.414563,1.378005,BGR,CHN,840733
9585665,32,43,8782,2006,0.0,20051.0,0.633889,1.1474520000000001,BRA,CHN,840733
9585666,39,43,8782,2006,0.0,8381.0,0.865685,1.1480489999999999,CAN,CHN,840733
9585667,42,43,8782,2006,0.0,2755.0,-0.188298,-0.46778000000000003,CHL,CHN,840733
9585668,49,43,8782,2006,0.0,76226.0,0.129887,0.44371700000000003,COL,CHN,840733
9585669,59,43,8782,2006,0.0,13547.0,1.564058,0.6023649999999999,CZE,CHN,840733
9585670,61,43,8782,2006,18507.0,13320.0,2.132566,-2.773669,DEU,CHN,840733
9585671,64,43,8782,2006,0.0,1078.0,1.2308700000000001,1.180914,DNK,CHN,840733
9585672,66,43,8782,2006,0.0,1437.0,-0.489962,-1.12456,DZA,CHN,840733
9585673,67,43,8782,2006,0.0,53916.0,-0.878583,-0.9462010000000001,ECU,CHN,840733
9585674,68,43,8782,2006,0.0,264970.0,-0.182272,0.40222399999999997,EGY,CHN,840733
9585675,71,43,8782,2006,2819.0,22188.0,0.9091370000000001,2.068166,ESP,CHN,840733
9585676,74,43,8782,2006,0.0,2268.0,1.864038,0.8193940000000001,FIN,CHN,840733
9585677,77,43,8782,2006,37758.0,5010.0,1.47591,0.489466,FRA,CHN,840733
9585678,81,43,8782,2006,1003726.0,24547.0,1.824154,0.614424,GBR,CHN,840733
9585679,83,43,8782,2006,0.0,6034.0,-0.9934860000000001,-0.809318,GHA,CHN,840733
9585680,100,43,8782,2006,0.0,2529.0,0.755787,0.992614,HRV,CHN,840733
9585681,103,43,8782,2006,0.0,46430.0,-0.21012399999999998,1.467838,IDN,CHN,840733
9585682,104,43,8782,2006,0.0,142053.0,0.285652,2.731318,IND,CHN,840733
9585683,107,43,8782,2006,0.0,4637336.0,-0.391023,-0.767861,IRN,CHN,840733
9585684,111,43,8782,2006,433084.0,881228.0,1.293779,0.93995,ITA,CHN,840733
9585685,114,43,8782,2006,210589.0,21584.0,2.4348099999999997,0.082887,JPN,CHN,840733
9585686,115,43,8782,2006,0.0,52387.0,0.038229,-0.579421,KAZ,CHN,840733
9585687,121,43,8782,2006,23999308.0,2253.0,1.5384309999999999,0.766628,KOR,CHN,840733
9585688,122,43,8782,2006,0.0,6193.0,-0.589823,-1.142795,KWT,CHN,840733
9585689,123,43,8782,2006,0.0,9827.0,-1.1707450000000001,-1.057348,LAO,CHN,840733
9585690,128,43,8782,2006,0.0,6104.0,-0.573767,0.305913,LKA,CHN,840733
9585691,132,43,8782,2006,0.0,1799.0,0.531375,0.9414170000000001,LVA,CHN,840733
9585692,166,43,8782,2006,0.0,3708.0,0.5371,0.8240209999999999,NZL,CHN,840733
9585693,168,43,8782,2006,0.0,236993.0,-0.449333,0.563013,PAK,CHN,840733
9585694,174,43,8782,2006,0.0,73776.0,0.161994,0.036631,PHL,CHN,840733
9585695,177,43,8782,2006,0.0,9872.0,0.991927,1.474418,POL,CHN,840733
9585696,179,43,8782,2006,0.0,1121.0,0.5723630000000001,1.92303,PRT,CHN,840733
9585697,185,43,8782,2006,0.0,70126.0,0.550825,1.170744,ROU,CHN,840733
9585698,186,43,8782,2006,1742.0,3096313.0,0.801197,0.104683,RUS,CHN,840733
9585699,190,43,8782,2006,0.0,24075.0,-1.873762,-1.278378,SDN,CHN,840733
9585700,191,43,8782,2006,0.0,2241.0,-0.364713,-0.183612,SEN,CHN,840733
9585701,208,43,8782,2006,0.0,2236.0,1.902737,0.593294,SWE,CHN,840733
9585702,212,43,8782,2006,0.0,49065.0,-0.588695,0.532487,SYR,CHN,840733
9585703,216,43,8782,2006,0.0,227544.0,0.568209,1.685343,THA,CHN,840733
9585704,228,43,8782,2006,0.0,6836.0,0.7008439999999999,0.79656,UKR,CHN,840733
9585705,231,43,8782,2006,94293.0,116518.0,1.666643,-0.121679,USA,CHN,840733
9585706,236,43,8782,2006,0.0,5155.0,-0.340972,-1.015462,VEN,CHN,840733
9585707,239,43,8782,2006,92164.0,0.0,-0.342779,1.033318,VNM,CHN,840733
9585708,243,43,8782,2006,0.0,6608.0,-1.0407110000000002,-1.13042,YEM,CHN,840733
9585709,246,43,8782,2006,0.0,7484.0,0.37964499999999995,1.466326,ZAF,CHN,840733
9585710,249,43,8782,2006,28838.0,556541.0,1.619915,1.2289940000000001,TWN,CHN,840733
9585711,32,49,8782,2006,167319.0,0.0,0.633889,1.1474520000000001,BRA,COL,840733
9585712,39,49,8782,2006,4617.0,0.0,0.865685,1.1480489999999999,CAN,COL,840733
9585713,43,49,8782,2006,76226.0,0.0,0.737888,2.54966,CHN,COL,840733
9585714,104,49,8782,2006,1462.0,0.0,0.285652,2.731318,IND,COL,840733
9585715,111,49,8782,2006,73651.0,0.0,1.293779,0.93995,ITA,COL,840733
9585716,114,49,8782,2006,283113.0,987.0,2.4348099999999997,0.082887,JPN,COL,840733
9585717,121,49,8782,2006,10284.0,0.0,1.5384309999999999,0.766628,KOR,COL,840733
9585718,231,49,8782,2006,153407.0,4350.0,1.666643,-0.121679,USA,COL,840733
9585719,236,49,8782,2006,995.0,2643.0,-0.340972,-1.015462,VEN,COL,840733
9585720,138,52,8782,2006,19000.0,0.0,1.047268,0.7142270000000001,MEX,CRI,840733
9585721,231,52,8782,2006,201391.0,0.0,1.666643,-0.121679,USA,CRI,840733
9585722,14,59,8782,2006,0.0,4349.0,0.067166,0.373148,AUS,CZE,840733
9585723,15,59,8782,2006,7820.0,12538.0,1.775669,0.192717,AUT,CZE,840733
9585724,18,59,8782,2006,0.0,81916.0,1.2222540000000002,1.383027,BEL,CZE,840733
9585725,43,59,8782,2006,13547.0,0.0,0.737888,2.54966,CHN,CZE,840733
9585726,54,59,8782,2006,0.0,183294.0,0.204039,-0.5183260000000001,CUB,CZE,840733
9585727,61,59,8782,2006,11424.0,1009838.0,2.132566,-2.773669,DEU,CZE,840733
9585728,64,59,8782,2006,2733.0,48588.0,1.2308700000000001,1.180914,DNK,CZE,840733
9585729,74,59,8782,2006,1366.0,57753.0,1.864038,0.8193940000000001,FIN,CZE,840733
9585730,77,59,8782,2006,47687116.0,4652.0,1.47591,0.489466,FRA,CZE,840733
9585731,81,59,8782,2006,491501.0,30270.0,1.824154,0.614424,GBR,CZE,840733
9585732,100,59,8782,2006,0.0,2218.0,0.755787,0.992614,HRV,CZE,840733
9585733,102,59,8782,2006,0.0,6949.0,1.4034309999999999,0.835144,HUN,CZE,840733
9585734,111,59,8782,2006,49908.0,0.0,1.293779,0.93995,ITA,CZE,840733
9585735,114,59,8782,2006,4773.0,0.0,2.4348099999999997,0.082887,JPN,CZE,840733
9585736,162,59,8782,2006,8628.0,17071.0,1.192134,1.450852,NLD,CZE,840733
9585737,166,59,8782,2006,0.0,1572.0,0.5371,0.8240209999999999,NZL,CZE,840733
9585738,177,59,8782,2006,263971056.0,10166.0,0.991927,1.474418,POL,CZE,840733
9585739,185,59,8782,2006,0.0,7315.0,0.550825,1.170744,ROU,CZE,840733
9585740,186,59,8782,2006,0.0,19318.0,0.801197,0.104683,RUS,CZE,840733
9585741,206,59,8782,2006,0.0,85258.0,1.291583,0.868317,SVK,CZE,840733
9585742,207,59,8782,2006,0.0,14284.0,1.5882370000000001,0.800719,SVN,CZE,840733
9585743,208,59,8782,2006,0.0,33265.0,1.902737,0.593294,SWE,CZE,840733
9585744,216,59,8782,2006,20076.0,0.0,0.568209,1.685343,THA,CZE,840733
9585745,231,59,8782,2006,0.0,70595.0,1.666643,-0.121679,USA,CZE,840733
9585746,8,61,8782,2006,0.0,13303.0,0.33055,0.665867,ARG,DEU,840733
9585747,14,61,8782,2006,0.0,85513.0,0.067166,0.373148,AUS,DEU,840733
9585748,15,61,8782,2006,38267580.0,7405760.0,1.775669,0.192717,AUT,DEU,840733
9585749,18,61,8782,2006,13876.0,2980.0,1.2222540000000002,1.383027,BEL,DEU,840733
9585750,23,61,8782,2006,0.0,9849.0,0.414563,1.378005,BGR,DEU,840733
9585751,24,61,8782,2006,0.0,3829.0,0.172724,-0.9449879999999999,BHR,DEU,840733
9585752,26,61,8782,2006,0.0,1717.0,0.40788800000000003,0.562854,BIH,DEU,840733
9585753,28,61,8782,2006,0.0,969.0,0.919853,0.384409,BLR,DEU,840733
9585754,32,61,8782,2006,608331.0,0.0,0.633889,1.1474520000000001,BRA,DEU,840733
9585755,39,61,8782,2006,0.0,57675.0,0.865685,1.1480489999999999,CAN,DEU,840733
9585756,41,61,8782,2006,31450.0,54681.0,2.052534,0.515523,CHE,DEU,840733
9585757,43,61,8782,2006,13320.0,18507.0,0.737888,2.54966,CHN,DEU,840733
9585758,44,61,8782,2006,0.0,1295.0,-0.8918530000000001,-0.8145819999999999,CIV,DEU,840733
9585759,58,61,8782,2006,0.0,1892.0,0.708267,-0.048096,CYP,DEU,840733
9585760,59,61,8782,2006,1009838.0,11424.0,1.564058,0.6023649999999999,CZE,DEU,840733
9585761,64,61,8782,2006,5817.0,15359.0,1.2308700000000001,1.180914,DNK,DEU,840733
9585762,68,61,8782,2006,0.0,8985.0,-0.182272,0.40222399999999997,EGY,DEU,840733
9585763,71,61,8782,2006,7347.0,144462.0,0.9091370000000001,2.068166,ESP,DEU,840733
9585764,74,61,8782,2006,0.0,1962.0,1.864038,0.8193940000000001,FIN,DEU,840733
9585765,77,61,8782,2006,3025806.0,1763716.0,1.47591,0.489466,FRA,DEU,840733
9585766,81,61,8782,2006,11117.0,1984250.0,1.824154,0.614424,GBR,DEU,840733
9585767,83,61,8782,2006,0.0,9864.0,-0.9934860000000001,-0.809318,GHA,DEU,840733
9585768,90,61,8782,2006,0.0,6178.0,0.261955,1.488958,GRC,DEU,840733
9585769,102,61,8782,2006,0.0,1944.0,1.4034309999999999,0.835144,HUN,DEU,840733
9585770,104,61,8782,2006,19217.0,0.0,0.285652,2.731318,IND,DEU,840733
9585771,106,61,8782,2006,0.0,6838.0,1.43804,0.06463200000000001,IRL,DEU,840733
9585772,110,61,8782,2006,0.0,38336.0,1.3082129999999998,0.783845,ISR,DEU,840733
9585773,111,61,8782,2006,330715.0,69683.0,1.293779,0.93995,ITA,DEU,840733
9585774,113,61,8782,2006,0.0,10726.0,0.166718,0.331248,JOR,DEU,840733
9585775,114,61,8782,2006,1408607.0,110989.0,2.4348099999999997,0.082887,JPN,DEU,840733
9585776,115,61,8782,2006,0.0,28743.0,0.038229,-0.579421,KAZ,DEU,840733
9585777,116,61,8782,2006,0.0,1686.0,-0.38287899999999997,1.060286,KEN,DEU,840733
9585778,121,61,8782,2006,1543.0,0.0,1.5384309999999999,0.766628,KOR,DEU,840733
9585779,122,61,8782,2006,0.0,31203.0,-0.589823,-1.142795,KWT,DEU,840733
9585780,124,61,8782,2006,0.0,54253.0,0.3861,1.586183,LBN,DEU,840733
9585781,131,61,8782,2006,0.0,30859.0,1.4345620000000001,0.8840819999999999,LUX,DEU,840733
9585782,138,61,8782,2006,0.0,2479.0,1.047268,0.7142270000000001,MEX,DEU,840733
9585783,144,61,8782,2006,0.0,2652.0,0.130773,-0.24674699999999997,MNE,DEU,840733
9585784,153,61,8782,2006,0.0,9739.0,0.7896569999999999,0.363625,MYS,DEU,840733
9585785,162,61,8782,2006,7001.0,259766.0,1.192134,1.450852,NLD,DEU,840733
9585786,163,61,8782,2006,0.0,7819.0,1.0787930000000001,0.014051,NOR,DEU,840733
9585787,166,61,8782,2006,0.0,1996.0,0.5371,0.8240209999999999,NZL,DEU,840733
9585788,177,61,8782,2006,31676.0,191212.0,0.991927,1.474418,POL,DEU,840733
9585789,179,61,8782,2006,0.0,4044.0,0.5723630000000001,1.92303,PRT,DEU,840733
9585790,183,61,8782,2006,0.0,7002.0,0.055777999999999994,-1.0379049999999999,QAT,DEU,840733
9585791,185,61,8782,2006,0.0,7893.0,0.550825,1.170744,ROU,DEU,840733
9585792,186,61,8782,2006,4324.0,3003.0,0.801197,0.104683,RUS,DEU,840733
9585793,188,61,8782,2006,1551.0,17120.0,0.162432,-0.853059,SAU,DEU,840733
9585794,191,61,8782,2006,0.0,2852.0,-0.364713,-0.183612,SEN,DEU,840733
9585795,192,61,8782,2006,0.0,10827.0,1.5377379999999998,0.503089,SGP,DEU,840733
9585796,206,61,8782,2006,0.0,14076.0,1.291583,0.868317,SVK,DEU,840733
9585797,207,61,8782,2006,0.0,14566.0,1.5882370000000001,0.800719,SVN,DEU,840733
9585798,208,61,8782,2006,3802.0,64796.0,1.902737,0.593294,SWE,DEU,840733
9585799,216,61,8782,2006,0.0,12885.0,0.568209,1.685343,THA,DEU,840733
9585800,224,61,8782,2006,9573.0,3910.0,0.33971599999999996,2.193384,TUR,DEU,840733
9585801,228,61,8782,2006,4580.0,6901.0,0.7008439999999999,0.79656,UKR,DEU,840733
9585802,231,61,8782,2006,671010.0,7643546.0,1.666643,-0.121679,USA,DEU,840733
9585803,246,61,8782,2006,2163.0,16562.0,0.37964499999999995,1.466326,ZAF,DEU,840733
9585804,249,61,8782,2006,30940.0,26337.0,1.619915,1.2289940000000001,TWN,DEU,840733
9585805,7,64,8782,2006,18111.0,0.0,0.053903999999999994,-0.735124,ARE,DNK,840733
9585806,18,64,8782,2006,0.0,4585.0,1.2222540000000002,1.383027,BEL,DNK,840733
9585807,39,64,8782,2006,1991.0,0.0,0.865685,1.1480489999999999,CAN,DNK,840733
9585808,43,64,8782,2006,1078.0,0.0,0.737888,2.54966,CHN,DNK,840733
9585809,59,64,8782,2006,48588.0,2733.0,1.564058,0.6023649999999999,CZE,DNK,840733
9585810,61,64,8782,2006,15359.0,5817.0,2.132566,-2.773669,DEU,DNK,840733
9585811,71,64,8782,2006,0.0,11097.0,0.9091370000000001,2.068166,ESP,DNK,840733
9585812,74,64,8782,2006,13118.0,0.0,1.864038,0.8193940000000001,FIN,DNK,840733
9585813,77,64,8782,2006,3702.0,0.0,1.47591,0.489466,FRA,DNK,840733
9585814,78,64,8782,2006,0.0,15510.0,-0.117631,-0.69352,FRO,DNK,840733
9585815,92,64,8782,2006,0.0,47327.0,-1.0014,-0.935995,GRL,DNK,840733
9585816,111,64,8782,2006,373866.0,0.0,1.293779,0.93995,ITA,DNK,840733
9585817,114,64,8782,2006,0.0,22623.0,2.4348099999999997,0.082887,JPN,DNK,840733
9585818,124,64,8782,2006,0.0,1060.0,0.3861,1.586183,LBN,DNK,840733
9585819,162,64,8782,2006,5090.0,0.0,1.192134,1.450852,NLD,DNK,840733
9585820,163,64,8782,2006,7283.0,36790.0,1.0787930000000001,0.014051,NOR,DNK,840733
9585821,166,64,8782,2006,0.0,1943.0,0.5371,0.8240209999999999,NZL,DNK,840733
9585822,177,64,8782,2006,0.0,3896.0,0.991927,1.474418,POL,DNK,840733
9585823,208,64,8782,2006,0.0,126271.0,1.902737,0.593294,SWE,DNK,840733
9585824,231,64,8782,2006,17581.0,0.0,1.666643,-0.121679,USA,DNK,840733
9585825,246,64,8782,2006,0.0,5707.0,0.37964499999999995,1.466326,ZAF,DNK,840733
9585826,41,65,8782,2006,2653.0,0.0,2.052534,0.515523,CHE,DOM,840733
9585827,114,65,8782,2006,101508.0,0.0,2.4348099999999997,0.082887,JPN,DOM,840733
9585828,231,65,8782,2006,4640654.0,0.0,1.666643,-0.121679,USA,DOM,840733
9585829,43,67,8782,2006,53916.0,0.0,0.737888,2.54966,CHN,ECU,840733
9585830,114,67,8782,2006,0.0,3236.0,2.4348099999999997,0.082887,JPN,ECU,840733
9585831,231,67,8782,2006,300266.0,0.0,1.666643,-0.121679,USA,ECU,840733
9585832,5,71,8782,2006,0.0,3758.0,1.03128,0.402281,AND,ESP,840733
9585833,15,71,8782,2006,219376.0,0.0,1.775669,0.192717,AUT,ESP,840733
9585834,18,71,8782,2006,15847.0,9863.0,1.2222540000000002,1.383027,BEL,ESP,840733
9585835,32,71,8782,2006,0.0,3672.0,0.633889,1.1474520000000001,BRA,ESP,840733
9585836,39,71,8782,2006,9333.0,0.0,0.865685,1.1480489999999999,CAN,ESP,840733
9585837,41,71,8782,2006,974.0,0.0,2.052534,0.515523,CHE,ESP,840733
9585838,43,71,8782,2006,22188.0,2819.0,0.737888,2.54966,CHN,ESP,840733
9585839,54,71,8782,2006,0.0,501622.0,0.204039,-0.5183260000000001,CUB,ESP,840733
9585840,61,71,8782,2006,144462.0,7347.0,2.132566,-2.773669,DEU,ESP,840733
9585841,64,71,8782,2006,11097.0,0.0,1.2308700000000001,1.180914,DNK,ESP,840733
9585842,66,71,8782,2006,0.0,5354.0,-0.489962,-1.12456,DZA,ESP,840733
9585843,68,71,8782,2006,0.0,6114.0,-0.182272,0.40222399999999997,EGY,ESP,840733
9585844,77,71,8782,2006,389394.0,26859.0,1.47591,0.489466,FRA,ESP,840733
9585845,81,71,8782,2006,20191.0,0.0,1.824154,0.614424,GBR,ESP,840733
9585846,83,71,8782,2006,0.0,893.0,-0.9934860000000001,-0.809318,GHA,ESP,840733
9585847,89,71,8782,2006,0.0,27644.0,-2.188173,-0.8631700000000001,GNQ,ESP,840733
9585848,111,71,8782,2006,23033618.0,1045.0,1.293779,0.93995,ITA,ESP,840733
9585849,114,71,8782,2006,23082800.0,7969.0,2.4348099999999997,0.082887,JPN,ESP,840733
9585850,162,71,8782,2006,19586.0,0.0,1.192134,1.450852,NLD,ESP,840733
9585851,177,71,8782,2006,4785.0,0.0,0.991927,1.474418,POL,ESP,840733
9585852,179,71,8782,2006,0.0,5823.0,0.5723630000000001,1.92303,PRT,ESP,840733
9585853,185,71,8782,2006,0.0,4570.0,0.550825,1.170744,ROU,ESP,840733
9585854,191,71,8782,2006,0.0,5616.0,-0.364713,-0.183612,SEN,ESP,840733
9585855,208,71,8782,2006,53475.0,0.0,1.902737,0.593294,SWE,ESP,840733
9585856,224,71,8782,2006,0.0,2401.0,0.33971599999999996,2.193384,TUR,ESP,840733
9585857,228,71,8782,2006,9158.0,0.0,0.7008439999999999,0.79656,UKR,ESP,840733
9585858,231,71,8782,2006,25154.0,0.0,1.666643,-0.121679,USA,ESP,840733
9585859,249,71,8782,2006,1141.0,0.0,1.619915,1.2289940000000001,TWN,ESP,840733
9585860,15,74,8782,2006,15437712.0,7287.0,1.775669,0.192717,AUT,FIN,840733
9585861,39,74,8782,2006,3768.0,1549.0,0.865685,1.1480489999999999,CAN,FIN,840733
9585862,43,74,8782,2006,2268.0,0.0,0.737888,2.54966,CHN,FIN,840733
9585863,59,74,8782,2006,57753.0,1366.0,1.564058,0.6023649999999999,CZE,FIN,840733
9585864,61,74,8782,2006,1962.0,0.0,2.132566,-2.773669,DEU,FIN,840733
9585865,64,74,8782,2006,0.0,13118.0,1.2308700000000001,1.180914,DNK,FIN,840733
9585866,77,74,8782,2006,291713.0,1438.0,1.47591,0.489466,FRA,FIN,840733
9585867,81,74,8782,2006,1827.0,0.0,1.824154,0.614424,GBR,FIN,840733
9585868,111,74,8782,2006,2817.0,14780.0,1.293779,0.93995,ITA,FIN,840733
9585869,114,74,8782,2006,14023.0,0.0,2.4348099999999997,0.082887,JPN,FIN,840733
9585870,163,74,8782,2006,1848.0,67309.0,1.0787930000000001,0.014051,NOR,FIN,840733
9585871,186,74,8782,2006,0.0,20939.0,0.801197,0.104683,RUS,FIN,840733
9585872,207,74,8782,2006,0.0,3474.0,1.5882370000000001,0.800719,SVN,FIN,840733
9585873,208,74,8782,2006,2531.0,133800.0,1.902737,0.593294,SWE,FIN,840733
9585874,231,74,8782,2006,12078.0,74421.0,1.666643,-0.121679,USA,FIN,840733
9585875,4,77,8782,2006,5707.0,0.0,-0.340932,-0.06302200000000001,ALB,FRA,840733
9585876,7,77,8782,2006,0.0,21335.0,0.053903999999999994,-0.735124,ARE,FRA,840733
9585877,14,77,8782,2006,0.0,2804.0,0.067166,0.373148,AUS,FRA,840733
9585878,15,77,8782,2006,91486.0,49073.0,1.775669,0.192717,AUT,FRA,840733
9585879,18,77,8782,2006,119590.0,471010.0,1.2222540000000002,1.383027,BEL,FRA,840733
9585880,19,77,8782,2006,0.0,1153.0,-0.8434360000000001,-0.798307,BEN,FRA,840733
9585881,21,77,8782,2006,0.0,5021.0,-0.9432020000000001,-0.969247,BFA,FRA,840733
9585882,32,77,8782,2006,16185.0,1846.0,0.633889,1.1474520000000001,BRA,FRA,840733
9585883,39,77,8782,2006,1200.0,0.0,0.865685,1.1480489999999999,CAN,FRA,840733
9585884,41,77,8782,2006,7468.0,311179.0,2.052534,0.515523,CHE,FRA,840733
9585885,43,77,8782,2006,5010.0,37758.0,0.737888,2.54966,CHN,FRA,840733
9585886,44,77,8782,2006,0.0,2369.0,-0.8918530000000001,-0.8145819999999999,CIV,FRA,840733
9585887,45,77,8782,2006,0.0,13283.0,-1.358873,-1.1511360000000002,CMR,FRA,840733
9585888,46,77,8782,2006,0.0,22596.0,-1.542137,-1.086494,COD,FRA,840733
9585889,50,77,8782,2006,0.0,3268.0,-0.5214300000000001,-0.8452149999999999,COM,FRA,840733
9585890,54,77,8782,2006,0.0,3559.0,0.204039,-0.5183260000000001,CUB,FRA,840733
9585891,58,77,8782,2006,0.0,1168.0,0.708267,-0.048096,CYP,FRA,840733
9585892,59,77,8782,2006,4652.0,47687116.0,1.564058,0.6023649999999999,CZE,FRA,840733
9585893,61,77,8782,2006,1763716.0,3025806.0,2.132566,-2.773669,DEU,FRA,840733
9585894,64,77,8782,2006,0.0,3702.0,1.2308700000000001,1.180914,DNK,FRA,840733
9585895,66,77,8782,2006,0.0,30835.0,-0.489962,-1.12456,DZA,FRA,840733
9585896,68,77,8782,2006,33788.0,128772.0,-0.182272,0.40222399999999997,EGY,FRA,840733
9585897,71,77,8782,2006,26859.0,389394.0,0.9091370000000001,2.068166,ESP,FRA,840733
9585898,74,77,8782,2006,1438.0,291713.0,1.864038,0.8193940000000001,FIN,FRA,840733
9585899,81,77,8782,2006,48196.0,432942.0,1.824154,0.614424,GBR,FRA,840733
9585900,90,77,8782,2006,0.0,53167.0,0.261955,1.488958,GRC,FRA,840733
9585901,100,77,8782,2006,0.0,73478.0,0.755787,0.992614,HRV,FRA,840733
9585902,102,77,8782,2006,0.0,3572.0,1.4034309999999999,0.835144,HUN,FRA,840733
9585903,104,77,8782,2006,1809.0,0.0,0.285652,2.731318,IND,FRA,840733
9585904,107,77,8782,2006,2503.0,0.0,-0.391023,-0.767861,IRN,FRA,840733
9585905,109,77,8782,2006,0.0,4957.0,0.170234,-0.302203,ISL,FRA,840733
9585906,110,77,8782,2006,0.0,56737.0,1.3082129999999998,0.783845,ISR,FRA,840733
9585907,111,77,8782,2006,23248746.0,1089965.0,1.293779,0.93995,ITA,FRA,840733
9585908,114,77,8782,2006,5791244.0,602019.0,2.4348099999999997,0.082887,JPN,FRA,840733
9585909,121,77,8782,2006,1961.0,0.0,1.5384309999999999,0.766628,KOR,FRA,840733
9585910,124,77,8782,2006,0.0,2460.0,0.3861,1.586183,LBN,FRA,840733
9585911,126,77,8782,2006,0.0,12553.0,-0.518724,-1.142074,LBY,FRA,840733
9585912,131,77,8782,2006,2899.0,9221.0,1.4345620000000001,0.8840819999999999,LUX,FRA,840733
9585913,134,77,8782,2006,0.0,18266.0,-0.547933,0.08257300000000001,MAR,FRA,840733
9585914,136,77,8782,2006,1018.0,49462.0,-1.024657,-0.393395,MDG,FRA,840733
9585915,138,77,8782,2006,0.0,3584.0,1.047268,0.7142270000000001,MEX,FRA,840733
9585916,141,77,8782,2006,0.0,3435.0,-0.503462,-0.778836,MLI,FRA,840733
9585917,153,77,8782,2006,0.0,11761.0,0.7896569999999999,0.363625,MYS,FRA,840733
9585918,154,77,8782,2006,0.0,1307.0,1.1370049999999998,0.131896,MYT,FRA,840733
9585919,156,77,8782,2006,0.0,2541.0,-0.135099,-0.7618779999999999,NCL,FRA,840733
9585920,159,77,8782,2006,0.0,10540.0,-2.094353,-1.215025,NGA,FRA,840733
9585921,160,77,8782,2006,1719.0,0.0,-0.998825,-0.893867,NIC,FRA,840733
9585922,162,77,8782,2006,1115459.0,178321.0,1.192134,1.450852,NLD,FRA,840733
9585923,167,77,8782,2006,0.0,9167.0,-0.6373989999999999,-1.092554,OMN,FRA,840733
9585924,177,77,8782,2006,10778.0,9988.0,0.991927,1.474418,POL,FRA,840733
9585925,179,77,8782,2006,0.0,3715.0,0.5723630000000001,1.92303,PRT,FRA,840733
9585926,182,77,8782,2006,0.0,1412.0,-0.213329,-0.743599,PYF,FRA,840733
9585927,185,77,8782,2006,0.0,4804.0,0.550825,1.170744,ROU,FRA,840733
9585928,191,77,8782,2006,0.0,64851.0,-0.364713,-0.183612,SEN,FRA,840733
9585929,192,77,8782,2006,0.0,41940.0,1.5377379999999998,0.503089,SGP,FRA,840733
9585930,207,77,8782,2006,0.0,7132.0,1.5882370000000001,0.800719,SVN,FRA,840733
9585931,208,77,8782,2006,0.0,244670.0,1.902737,0.593294,SWE,FRA,840733
9585932,212,77,8782,2006,6146.0,10727.0,-0.588695,0.532487,SYR,FRA,840733
9585933,214,77,8782,2006,0.0,35150.0,-3.0579419999999997,-0.8926649999999999,TCD,FRA,840733
9585934,215,77,8782,2006,0.0,7532.0,-0.8304020000000001,-0.678178,TGO,FRA,840733
9585935,216,77,8782,2006,0.0,2557.0,0.568209,1.685343,THA,FRA,840733
9585936,223,77,8782,2006,0.0,49556.0,-0.013636,0.804752,TUN,FRA,840733
9585937,224,77,8782,2006,0.0,89360.0,0.33971599999999996,2.193384,TUR,FRA,840733
9585938,226,77,8782,2006,0.0,16937.0,-0.953097,0.159129,TZA,FRA,840733
9585939,231,77,8782,2006,54001.0,38432.0,1.666643,-0.121679,USA,FRA,840733
9585940,236,77,8782,2006,0.0,10602.0,-0.340972,-1.015462,VEN,FRA,840733
9585941,239,77,8782,2006,0.0,2058.0,-0.342779,1.033318,VNM,FRA,840733
9585942,246,77,8782,2006,0.0,175834.0,0.37964499999999995,1.466326,ZAF,FRA,840733
9585943,249,77,8782,2006,10051.0,1301.0,1.619915,1.2289940000000001,TWN,FRA,840733
9585944,250,77,8782,2006,1085.0,0.0,0.711619,-0.41880200000000006,ANS,FRA,840733
9585945,2,81,8782,2006,0.0,4222.0,-2.0822979999999998,-1.176767,AGO,GBR,840733
9585946,7,81,8782,2006,0.0,1689999.0,0.053903999999999994,-0.735124,ARE,GBR,840733
9585947,8,81,8782,2006,0.0,6453.0,0.33055,0.665867,ARG,GBR,840733
9585948,13,81,8782,2006,0.0,2361.0,-0.139051,-0.780321,ATG,GBR,840733
9585949,14,81,8782,2006,11519.0,47415.0,0.067166,0.373148,AUS,GBR,840733
9585950,15,81,8782,2006,0.0,3033.0,1.775669,0.192717,AUT,GBR,840733
9585951,18,81,8782,2006,32653.0,9404.0,1.2222540000000002,1.383027,BEL,GBR,840733
9585952,23,81,8782,2006,0.0,10047.0,0.414563,1.378005,BGR,GBR,840733
9585953,32,81,8782,2006,0.0,662263.0,0.633889,1.1474520000000001,BRA,GBR,840733
9585954,34,81,8782,2006,0.0,19577.0,-1.331831,-0.9170940000000001,BRN,GBR,840733
9585955,39,81,8782,2006,0.0,103831.0,0.865685,1.1480489999999999,CAN,GBR,840733
9585956,41,81,8782,2006,7203.0,15077.0,2.052534,0.515523,CHE,GBR,840733
9585957,43,81,8782,2006,24547.0,1003726.0,0.737888,2.54966,CHN,GBR,840733
9585958,58,81,8782,2006,0.0,4815.0,0.708267,-0.048096,CYP,GBR,840733
9585959,59,81,8782,2006,30270.0,491501.0,1.564058,0.6023649999999999,CZE,GBR,840733
9585960,61,81,8782,2006,1984250.0,11117.0,2.132566,-2.773669,DEU,GBR,840733
9585961,63,81,8782,2006,0.0,8988.0,0.10759400000000001,-0.159215,DMA,GBR,840733
9585962,66,81,8782,2006,0.0,6658.0,-0.489962,-1.12456,DZA,GBR,840733
9585963,68,81,8782,2006,0.0,16673.0,-0.182272,0.40222399999999997,EGY,GBR,840733
9585964,71,81,8782,2006,0.0,20191.0,0.9091370000000001,2.068166,ESP,GBR,840733
9585965,74,81,8782,2006,0.0,1827.0,1.864038,0.8193940000000001,FIN,GBR,840733
9585966,77,81,8782,2006,432942.0,48196.0,1.47591,0.489466,FRA,GBR,840733
9585967,83,81,8782,2006,0.0,11681.0,-0.9934860000000001,-0.809318,GHA,GBR,840733
9585968,87,81,8782,2006,0.0,2225.0,-0.378539,-0.48427200000000004,GMB,GBR,840733
9585969,96,81,8782,2006,0.0,4953.0,-0.813775,-0.8000649999999999,GUY,GBR,840733
9585970,97,81,8782,2006,0.0,33885.0,0.5776319999999999,2.076782,HKG,GBR,840733
9585971,102,81,8782,2006,0.0,22297.0,1.4034309999999999,0.835144,HUN,GBR,840733
9585972,104,81,8782,2006,21354.0,9480.0,0.285652,2.731318,IND,GBR,840733
9585973,106,81,8782,2006,4881.0,115135.0,1.43804,0.06463200000000001,IRL,GBR,840733
9585974,109,81,8782,2006,0.0,10071.0,0.170234,-0.302203,ISL,GBR,840733
9585975,111,81,8782,2006,152436.0,13291.0,1.293779,0.93995,ITA,GBR,840733
9585976,113,81,8782,2006,0.0,12214.0,0.166718,0.331248,JOR,GBR,840733
9585977,114,81,8782,2006,58482.0,34535.0,2.4348099999999997,0.082887,JPN,GBR,840733
9585978,122,81,8782,2006,0.0,5488.0,-0.589823,-1.142795,KWT,GBR,840733
9585979,124,81,8782,2006,0.0,20293.0,0.3861,1.586183,LBN,GBR,840733
9585980,126,81,8782,2006,0.0,2422.0,-0.518724,-1.142074,LBY,GBR,840733
9585981,128,81,8782,2006,0.0,70774.0,-0.573767,0.305913,LKA,GBR,840733
9585982,136,81,8782,2006,0.0,2102.0,-1.024657,-0.393395,MDG,GBR,840733
9585983,137,81,8782,2006,0.0,839.0,-0.240191,-0.8320290000000001,MDV,GBR,840733
9585984,138,81,8782,2006,37430.0,0.0,1.047268,0.7142270000000001,MEX,GBR,840733
9585985,142,81,8782,2006,0.0,1628.0,1.384411,0.093734,MLT,GBR,840733
9585986,153,81,8782,2006,0.0,4654.0,0.7896569999999999,0.363625,MYS,GBR,840733
9585987,159,81,8782,2006,0.0,4201.0,-2.094353,-1.215025,NGA,GBR,840733
9585988,162,81,8782,2006,21603.0,28514.0,1.192134,1.450852,NLD,GBR,840733
9585989,163,81,8782,2006,0.0,72719.0,1.0787930000000001,0.014051,NOR,GBR,840733
9585990,164,81,8782,2006,0.0,20651.0,-0.29672600000000005,0.665077,NPL,GBR,840733
9585991,166,81,8782,2006,0.0,8228.0,0.5371,0.8240209999999999,NZL,GBR,840733
9585992,174,81,8782,2006,0.0,6196.0,0.161994,0.036631,PHL,GBR,840733
9585993,177,81,8782,2006,0.0,7415.0,0.991927,1.474418,POL,GBR,840733
9585994,179,81,8782,2006,0.0,5784.0,0.5723630000000001,1.92303,PRT,GBR,840733
9585995,185,81,8782,2006,0.0,10119.0,0.550825,1.170744,ROU,GBR,840733
9585996,186,81,8782,2006,0.0,64939.0,0.801197,0.104683,RUS,GBR,840733
9585997,188,81,8782,2006,0.0,42796.0,0.162432,-0.853059,SAU,GBR,840733
9585998,190,81,8782,2006,0.0,3596.0,-1.873762,-1.278378,SDN,GBR,840733
9585999,192,81,8782,2006,0.0,21055.0,1.5377379999999998,0.503089,SGP,GBR,840733
9586000,201,81,8782,2006,0.0,9638.0,0.547824,1.5588879999999998,SRB,GBR,840733
9586001,208,81,8782,2006,0.0,2957.0,1.902737,0.593294,SWE,GBR,840733
9586002,212,81,8782,2006,0.0,2268.0,-0.588695,0.532487,SYR,GBR,840733
9586003,216,81,8782,2006,4512.0,7155771.0,0.568209,1.685343,THA,GBR,840733
9586004,222,81,8782,2006,0.0,5837.0,-0.20651399999999998,-1.024907,TTO,GBR,840733
9586005,224,81,8782,2006,0.0,3675.0,0.33971599999999996,2.193384,TUR,GBR,840733
9586006,226,81,8782,2006,0.0,9213.0,-0.953097,0.159129,TZA,GBR,840733
9586007,227,81,8782,2006,0.0,1165.0,-0.702511,-0.43976099999999996,UGA,GBR,840733
9586008,228,81,8782,2006,0.0,9815.0,0.7008439999999999,0.79656,UKR,GBR,840733
9586009,231,81,8782,2006,539166.0,2999658.0,1.666643,-0.121679,USA,GBR,840733
9586010,246,81,8782,2006,1188.0,4096.0,0.37964499999999995,1.466326,ZAF,GBR,840733
9586011,249,81,8782,2006,7706.0,0.0,1.619915,1.2289940000000001,TWN,GBR,840733
9586012,7,90,8782,2006,13882.0,0.0,0.053903999999999994,-0.735124,ARE,GRC,840733
9586013,15,90,8782,2006,24003.0,9201.0,1.775669,0.192717,AUT,GRC,840733
9586014,23,90,8782,2006,0.0,1704.0,0.414563,1.378005,BGR,GRC,840733
9586015,39,90,8782,2006,17365.0,0.0,0.865685,1.1480489999999999,CAN,GRC,840733
9586016,58,90,8782,2006,10109.0,0.0,0.708267,-0.048096,CYP,GRC,840733
9586017,61,90,8782,2006,6178.0,0.0,2.132566,-2.773669,DEU,GRC,840733
9586018,68,90,8782,2006,0.0,5191.0,-0.182272,0.40222399999999997,EGY,GRC,840733
9586019,77,90,8782,2006,53167.0,0.0,1.47591,0.489466,FRA,GRC,840733
9586020,111,90,8782,2006,62270.0,0.0,1.293779,0.93995,ITA,GRC,840733
9586021,114,90,8782,2006,3219.0,0.0,2.4348099999999997,0.082887,JPN,GRC,840733
9586022,162,90,8782,2006,2522.0,0.0,1.192134,1.450852,NLD,GRC,840733
9586023,212,90,8782,2006,0.0,11998.0,-0.588695,0.532487,SYR,GRC,840733
9586024,250,90,8782,2006,0.0,3082.0,0.711619,-0.41880200000000006,ANS,GRC,840733
9586025,138,93,8782,2006,2501.0,0.0,1.047268,0.7142270000000001,MEX,GTM,840733
9586026,197,93,8782,2006,1553.0,0.0,-0.135312,0.140874,SLV,GTM,840733
9586027,231,93,8782,2006,32687.0,0.0,1.666643,-0.121679,USA,GTM,840733
9586028,81,96,8782,2006,4953.0,0.0,1.824154,0.614424,GBR,GUY,840733
9586029,114,96,8782,2006,8291.0,0.0,2.4348099999999997,0.082887,JPN,GUY,840733
9586030,231,96,8782,2006,5253.0,0.0,1.666643,-0.121679,USA,GUY,840733
9586031,14,97,8782,2006,16376.0,0.0,0.067166,0.373148,AUS,HKG,840733
9586032,68,97,8782,2006,0.0,7477.0,-0.182272,0.40222399999999997,EGY,HKG,840733
9586033,81,97,8782,2006,33885.0,0.0,1.824154,0.614424,GBR,HKG,840733
9586034,114,97,8782,2006,25373.0,0.0,2.4348099999999997,0.082887,JPN,HKG,840733
9586035,167,97,8782,2006,0.0,6988.0,-0.6373989999999999,-1.092554,OMN,HKG,840733
9586036,216,97,8782,2006,0.0,1357.0,0.568209,1.685343,THA,HKG,840733
9586037,231,97,8782,2006,3799.0,0.0,1.666643,-0.121679,USA,HKG,840733
9586038,249,97,8782,2006,14686.0,0.0,1.619915,1.2289940000000001,TWN,HKG,840733
9586039,197,99,8782,2006,0.0,5540.0,-0.135312,0.140874,SLV,HND,840733
9586040,231,99,8782,2006,85487.0,0.0,1.666643,-0.121679,USA,HND,840733
9586041,7,103,8782,2006,0.0,1744.0,0.053903999999999994,-0.735124,ARE,IDN,840733
9586042,14,103,8782,2006,0.0,18988.0,0.067166,0.373148,AUS,IDN,840733
9586043,22,103,8782,2006,0.0,1396.0,-1.0305309999999999,-0.80937,BGD,IDN,840733
9586044,41,103,8782,2006,900.0,0.0,2.052534,0.515523,CHE,IDN,840733
9586045,43,103,8782,2006,46430.0,0.0,0.737888,2.54966,CHN,IDN,840733
9586046,114,103,8782,2006,6113.0,1474.0,2.4348099999999997,0.082887,JPN,IDN,840733
9586047,121,103,8782,2006,4748.0,0.0,1.5384309999999999,0.766628,KOR,IDN,840733
9586048,153,103,8782,2006,416601.0,232941.0,0.7896569999999999,0.363625,MYS,IDN,840733
9586049,162,103,8782,2006,4778.0,0.0,1.192134,1.450852,NLD,IDN,840733
9586050,174,103,8782,2006,0.0,2354.0,0.161994,0.036631,PHL,IDN,840733
9586051,192,103,8782,2006,435526.0,247261.0,1.5377379999999998,0.503089,SGP,IDN,840733
9586052,216,103,8782,2006,212255.0,0.0,0.568209,1.685343,THA,IDN,840733
9586053,231,103,8782,2006,2604.0,0.0,1.666643,-0.121679,USA,IDN,840733
9586054,249,103,8782,2006,3498.0,0.0,1.619915,1.2289940000000001,TWN,IDN,840733
9586055,7,104,8782,2006,1881.0,0.0,0.053903999999999994,-0.735124,ARE,IND,840733
9586056,39,104,8782,2006,0.0,5109.0,0.865685,1.1480489999999999,CAN,IND,840733
9586057,43,104,8782,2006,142053.0,0.0,0.737888,2.54966,CHN,IND,840733
9586058,49,104,8782,2006,0.0,1462.0,0.129887,0.44371700000000003,COL,IND,840733
9586059,61,104,8782,2006,0.0,19217.0,2.132566,-2.773669,DEU,IND,840733
9586060,66,104,8782,2006,0.0,2009.0,-0.489962,-1.12456,DZA,IND,840733
9586061,77,104,8782,2006,0.0,1809.0,1.47591,0.489466,FRA,IND,840733
9586062,81,104,8782,2006,9480.0,21354.0,1.824154,0.614424,GBR,IND,840733
9586063,100,104,8782,2006,0.0,709.0,0.755787,0.992614,HRV,IND,840733
9586064,111,104,8782,2006,7209.0,12165.0,1.293779,0.93995,ITA,IND,840733
9586065,114,104,8782,2006,36334.0,10526.0,2.4348099999999997,0.082887,JPN,IND,840733
9586066,121,104,8782,2006,1011.0,0.0,1.5384309999999999,0.766628,KOR,IND,840733
9586067,122,104,8782,2006,0.0,13582.0,-0.589823,-1.142795,KWT,IND,840733
9586068,162,104,8782,2006,1479.0,0.0,1.192134,1.450852,NLD,IND,840733
9586069,166,104,8782,2006,0.0,1447.0,0.5371,0.8240209999999999,NZL,IND,840733
9586070,178,104,8782,2006,7054.0,0.0,0.548754,0.763313,PRK,IND,840733
9586071,192,104,8782,2006,21205.0,0.0,1.5377379999999998,0.503089,SGP,IND,840733
9586072,216,104,8782,2006,162091.0,0.0,0.568209,1.685343,THA,IND,840733
9586073,231,104,8782,2006,21198.0,0.0,1.666643,-0.121679,USA,IND,840733
9586074,18,106,8782,2006,5176.0,0.0,1.2222540000000002,1.383027,BEL,IRL,840733
9586075,32,106,8782,2006,0.0,20707.0,0.633889,1.1474520000000001,BRA,IRL,840733
9586076,61,106,8782,2006,6838.0,0.0,2.132566,-2.773669,DEU,IRL,840733
9586077,81,106,8782,2006,115135.0,4881.0,1.824154,0.614424,GBR,IRL,840733
9586078,83,106,8782,2006,0.0,6759.0,-0.9934860000000001,-0.809318,GHA,IRL,840733
9586079,111,106,8782,2006,5051.0,0.0,1.293779,0.93995,ITA,IRL,840733
9586080,159,106,8782,2006,0.0,1097.0,-2.094353,-1.215025,NGA,IRL,840733
9586081,231,106,8782,2006,2959.0,0.0,1.666643,-0.121679,USA,IRL,840733
9586082,246,106,8782,2006,0.0,2273.0,0.37964499999999995,1.466326,ZAF,IRL,840733
9586083,18,110,8782,2006,8777.0,0.0,1.2222540000000002,1.383027,BEL,ISR,840733
9586084,39,110,8782,2006,10932.0,0.0,0.865685,1.1480489999999999,CAN,ISR,840733
9586085,61,110,8782,2006,38336.0,0.0,2.132566,-2.773669,DEU,ISR,840733
9586086,77,110,8782,2006,56737.0,0.0,1.47591,0.489466,FRA,ISR,840733
9586087,111,110,8782,2006,2089.0,0.0,1.293779,0.93995,ITA,ISR,840733
9586088,114,110,8782,2006,2115.0,0.0,2.4348099999999997,0.082887,JPN,ISR,840733
9586089,121,110,8782,2006,2075.0,0.0,1.5384309999999999,0.766628,KOR,ISR,840733
9586090,162,110,8782,2006,8612.0,0.0,1.192134,1.450852,NLD,ISR,840733
9586091,166,110,8782,2006,17242.0,0.0,0.5371,0.8240209999999999,NZL,ISR,840733
9586092,231,110,8782,2006,62097.0,159255.0,1.666643,-0.121679,USA,ISR,840733
9586093,4,111,8782,2006,0.0,1271.0,-0.340932,-0.06302200000000001,ALB,ITA,840733
9586094,7,111,8782,2006,0.0,14006.0,0.053903999999999994,-0.735124,ARE,ITA,840733
9586095,8,111,8782,2006,0.0,32580.0,0.33055,0.665867,ARG,ITA,840733
9586096,14,111,8782,2006,12454.0,18856.0,0.067166,0.373148,AUS,ITA,840733
9586097,15,111,8782,2006,15666458.0,1362665.0,1.775669,0.192717,AUT,ITA,840733
9586098,16,111,8782,2006,0.0,3587.0,-0.521304,-1.035764,AZE,ITA,840733
9586099,18,111,8782,2006,11137.0,34145.0,1.2222540000000002,1.383027,BEL,ITA,840733
9586100,23,111,8782,2006,0.0,10070.0,0.414563,1.378005,BGR,ITA,840733
9586101,26,111,8782,2006,0.0,3082.0,0.40788800000000003,0.562854,BIH,ITA,840733
9586102,32,111,8782,2006,4260.0,2703.0,0.633889,1.1474520000000001,BRA,ITA,840733
9586103,39,111,8782,2006,0.0,17426.0,0.865685,1.1480489999999999,CAN,ITA,840733
9586104,41,111,8782,2006,21611.0,217700.0,2.052534,0.515523,CHE,ITA,840733
9586105,43,111,8782,2006,881228.0,433084.0,0.737888,2.54966,CHN,ITA,840733
9586106,44,111,8782,2006,0.0,1477.0,-0.8918530000000001,-0.8145819999999999,CIV,ITA,840733
9586107,46,111,8782,2006,0.0,27352.0,-1.542137,-1.086494,COD,ITA,840733
9586108,49,111,8782,2006,0.0,73651.0,0.129887,0.44371700000000003,COL,ITA,840733
9586109,54,111,8782,2006,0.0,34374.0,0.204039,-0.5183260000000001,CUB,ITA,840733
9586110,59,111,8782,2006,0.0,49908.0,1.564058,0.6023649999999999,CZE,ITA,840733
9586111,61,111,8782,2006,69683.0,330715.0,2.132566,-2.773669,DEU,ITA,840733
9586112,64,111,8782,2006,0.0,373866.0,1.2308700000000001,1.180914,DNK,ITA,840733
9586113,66,111,8782,2006,0.0,60851.0,-0.489962,-1.12456,DZA,ITA,840733
9586114,68,111,8782,2006,0.0,9963.0,-0.182272,0.40222399999999997,EGY,ITA,840733
9586115,71,111,8782,2006,1045.0,23033618.0,0.9091370000000001,2.068166,ESP,ITA,840733
9586116,73,111,8782,2006,0.0,2525.0,-0.9557180000000001,-0.9153479999999999,ETH,ITA,840733
9586117,74,111,8782,2006,14780.0,2817.0,1.864038,0.8193940000000001,FIN,ITA,840733
9586118,77,111,8782,2006,1089965.0,23248746.0,1.47591,0.489466,FRA,ITA,840733
9586119,78,111,8782,2006,0.0,1436.0,-0.117631,-0.69352,FRO,ITA,840733
9586120,81,111,8782,2006,13291.0,152436.0,1.824154,0.614424,GBR,ITA,840733
9586121,83,111,8782,2006,0.0,39974.0,-0.9934860000000001,-0.809318,GHA,ITA,840733
9586122,90,111,8782,2006,0.0,62270.0,0.261955,1.488958,GRC,ITA,840733
9586123,100,111,8782,2006,0.0,283195.0,0.755787,0.992614,HRV,ITA,840733
9586124,102,111,8782,2006,0.0,13555.0,1.4034309999999999,0.835144,HUN,ITA,840733
9586125,104,111,8782,2006,12165.0,7209.0,0.285652,2.731318,IND,ITA,840733
9586126,106,111,8782,2006,0.0,5051.0,1.43804,0.06463200000000001,IRL,ITA,840733
9586127,110,111,8782,2006,0.0,2089.0,1.3082129999999998,0.783845,ISR,ITA,840733
9586128,114,111,8782,2006,66898964.0,27091.0,2.4348099999999997,0.082887,JPN,ITA,840733
9586129,116,111,8782,2006,0.0,20454.0,-0.38287899999999997,1.060286,KEN,ITA,840733
9586130,121,111,8782,2006,0.0,4776.0,1.5384309999999999,0.766628,KOR,ITA,840733
9586131,132,111,8782,2006,0.0,23142.0,0.531375,0.9414170000000001,LVA,ITA,840733
9586132,138,111,8782,2006,0.0,166964.0,1.047268,0.7142270000000001,MEX,ITA,840733
9586133,142,111,8782,2006,0.0,9769.0,1.384411,0.093734,MLT,ITA,840733
9586134,153,111,8782,2006,0.0,17104.0,0.7896569999999999,0.363625,MYS,ITA,840733
9586135,162,111,8782,2006,28580.0,25212.0,1.192134,1.450852,NLD,ITA,840733
9586136,163,111,8782,2006,0.0,2635.0,1.0787930000000001,0.014051,NOR,ITA,840733
9586137,166,111,8782,2006,0.0,18935.0,0.5371,0.8240209999999999,NZL,ITA,840733
9586138,177,111,8782,2006,185308.0,711968.0,0.991927,1.474418,POL,ITA,840733
9586139,179,111,8782,2006,0.0,2600.0,0.5723630000000001,1.92303,PRT,ITA,840733
9586140,185,111,8782,2006,0.0,40925.0,0.550825,1.170744,ROU,ITA,840733
9586141,186,111,8782,2006,0.0,174313.0,0.801197,0.104683,RUS,ITA,840733
9586142,188,111,8782,2006,0.0,7447.0,0.162432,-0.853059,SAU,ITA,840733
9586143,191,111,8782,2006,0.0,28892.0,-0.364713,-0.183612,SEN,ITA,840733
9586144,192,111,8782,2006,0.0,8344.0,1.5377379999999998,0.503089,SGP,ITA,840733
9586145,201,111,8782,2006,0.0,6898.0,0.547824,1.5588879999999998,SRB,ITA,840733
9586146,207,111,8782,2006,0.0,72455.0,1.5882370000000001,0.800719,SVN,ITA,840733
9586147,208,111,8782,2006,171486.0,130934.0,1.902737,0.593294,SWE,ITA,840733
9586148,223,111,8782,2006,0.0,48643.0,-0.013636,0.804752,TUN,ITA,840733
9586149,224,111,8782,2006,0.0,146032.0,0.33971599999999996,2.193384,TUR,ITA,840733
9586150,228,111,8782,2006,0.0,13676.0,0.7008439999999999,0.79656,UKR,ITA,840733
9586151,230,111,8782,2006,2053.0,0.0,0.234384,0.118878,URY,ITA,840733
9586152,231,111,8782,2006,54507.0,843964.0,1.666643,-0.121679,USA,ITA,840733
9586153,236,111,8782,2006,0.0,4632.0,-0.340972,-1.015462,VEN,ITA,840733
9586154,246,111,8782,2006,0.0,12951.0,0.37964499999999995,1.466326,ZAF,ITA,840733
9586155,249,111,8782,2006,0.0,559212.0,1.619915,1.2289940000000001,TWN,ITA,840733
9586156,250,111,8782,2006,0.0,4310.0,0.711619,-0.41880200000000006,ANS,ITA,840733
9586157,39,112,8782,2006,3651.0,0.0,0.865685,1.1480489999999999,CAN,JAM,840733
9586158,114,112,8782,2006,12933.0,0.0,2.4348099999999997,0.082887,JPN,JAM,840733
9586159,231,112,8782,2006,13628.0,0.0,1.666643,-0.121679,USA,JAM,840733
9586160,1,114,8782,2006,0.0,141909.0,-0.626011,-0.6799689999999999,AFG,JPN,840733
9586161,7,114,8782,2006,0.0,66539.0,0.053903999999999994,-0.735124,ARE,JPN,840733
9586162,14,114,8782,2006,0.0,26153.0,0.067166,0.373148,AUS,JPN,840733
9586163,15,114,8782,2006,21666.0,17091.0,1.775669,0.192717,AUT,JPN,840733
9586164,18,114,8782,2006,1420.0,69887.0,1.2222540000000002,1.383027,BEL,JPN,840733
9586165,22,114,8782,2006,0.0,14800.0,-1.0305309999999999,-0.80937,BGD,JPN,840733
9586166,23,114,8782,2006,0.0,2606.0,0.414563,1.378005,BGR,JPN,840733
9586167,25,114,8782,2006,0.0,9299.0,0.673694,-0.519608,BHS,JPN,840733
9586168,31,114,8782,2006,0.0,789.0,-0.805185,-0.754091,BOL,JPN,840733
9586169,32,114,8782,2006,3162.0,9365.0,0.633889,1.1474520000000001,BRA,JPN,840733
9586170,33,114,8782,2006,0.0,3766.0,0.977267,0.6046560000000001,BRB,JPN,840733
9586171,34,114,8782,2006,0.0,48553.0,-1.331831,-0.9170940000000001,BRN,JPN,840733
9586172,39,114,8782,2006,30766.0,394456.0,0.865685,1.1480489999999999,CAN,JPN,840733
9586173,41,114,8782,2006,0.0,18848.0,2.052534,0.515523,CHE,JPN,840733
9586174,42,114,8782,2006,0.0,3597.0,-0.188298,-0.46778000000000003,CHL,JPN,840733
9586175,43,114,8782,2006,21584.0,210589.0,0.737888,2.54966,CHN,JPN,840733
9586176,49,114,8782,2006,987.0,283113.0,0.129887,0.44371700000000003,COL,JPN,840733
9586177,51,114,8782,2006,0.0,1226.0,0.369814,-0.414812,CPV,JPN,840733
9586178,54,114,8782,2006,0.0,15934.0,0.204039,-0.5183260000000001,CUB,JPN,840733
9586179,58,114,8782,2006,0.0,6889.0,0.708267,-0.048096,CYP,JPN,840733
9586180,59,114,8782,2006,0.0,4773.0,1.564058,0.6023649999999999,CZE,JPN,840733
9586181,61,114,8782,2006,110989.0,1408607.0,2.132566,-2.773669,DEU,JPN,840733
9586182,63,114,8782,2006,0.0,3408.0,0.10759400000000001,-0.159215,DMA,JPN,840733
9586183,64,114,8782,2006,22623.0,0.0,1.2308700000000001,1.180914,DNK,JPN,840733
9586184,65,114,8782,2006,0.0,101508.0,-0.24073699999999998,0.049093,DOM,JPN,840733
9586185,66,114,8782,2006,0.0,1205.0,-0.489962,-1.12456,DZA,JPN,840733
9586186,67,114,8782,2006,3236.0,0.0,-0.878583,-0.9462010000000001,ECU,JPN,840733
9586187,68,114,8782,2006,0.0,3701.0,-0.182272,0.40222399999999997,EGY,JPN,840733
9586188,71,114,8782,2006,7969.0,23082800.0,0.9091370000000001,2.068166,ESP,JPN,840733
9586189,73,114,8782,2006,0.0,34237.0,-0.9557180000000001,-0.9153479999999999,ETH,JPN,840733
9586190,74,114,8782,2006,0.0,14023.0,1.864038,0.8193940000000001,FIN,JPN,840733
9586191,77,114,8782,2006,602019.0,5791244.0,1.47591,0.489466,FRA,JPN,840733
9586192,78,114,8782,2006,0.0,2146.0,-0.117631,-0.69352,FRO,JPN,840733
9586193,81,114,8782,2006,34535.0,58482.0,1.824154,0.614424,GBR,JPN,840733
9586194,83,114,8782,2006,0.0,2017.0,-0.9934860000000001,-0.809318,GHA,JPN,840733
9586195,90,114,8782,2006,0.0,3219.0,0.261955,1.488958,GRC,JPN,840733
9586196,91,114,8782,2006,0.0,2701.0,0.19208599999999998,-0.40781,GRD,JPN,840733
9586197,96,114,8782,2006,0.0,8291.0,-0.813775,-0.8000649999999999,GUY,JPN,840733
9586198,97,114,8782,2006,0.0,25373.0,0.5776319999999999,2.076782,HKG,JPN,840733
9586199,100,114,8782,2006,0.0,1200.0,0.755787,0.992614,HRV,JPN,840733
9586200,103,114,8782,2006,1474.0,6113.0,-0.21012399999999998,1.467838,IDN,JPN,840733
9586201,104,114,8782,2006,10526.0,36334.0,0.285652,2.731318,IND,JPN,840733
9586202,107,114,8782,2006,0.0,10357.0,-0.391023,-0.767861,IRN,JPN,840733
9586203,110,114,8782,2006,0.0,2115.0,1.3082129999999998,0.783845,ISR,JPN,840733
9586204,111,114,8782,2006,27091.0,66898964.0,1.293779,0.93995,ITA,JPN,840733
9586205,112,114,8782,2006,0.0,12933.0,-0.5122720000000001,-0.9109809999999999,JAM,JPN,840733
9586206,113,114,8782,2006,0.0,2531.0,0.166718,0.331248,JOR,JPN,840733
9586207,115,114,8782,2006,0.0,2107.0,0.038229,-0.579421,KAZ,JPN,840733
9586208,121,114,8782,2006,25881.0,1192846.0,1.5384309999999999,0.766628,KOR,JPN,840733
9586209,122,114,8782,2006,0.0,9045.0,-0.589823,-1.142795,KWT,JPN,840733
9586210,123,114,8782,2006,0.0,3094.0,-1.1707450000000001,-1.057348,LAO,JPN,840733
9586211,124,114,8782,2006,0.0,73356.0,0.3861,1.586183,LBN,JPN,840733
9586212,128,114,8782,2006,0.0,4722.0,-0.573767,0.305913,LKA,JPN,840733
9586213,134,114,8782,2006,0.0,4460.0,-0.547933,0.08257300000000001,MAR,JPN,840733
9586214,138,114,8782,2006,0.0,47270.0,1.047268,0.7142270000000001,MEX,JPN,840733
9586215,151,114,8782,2006,0.0,2729.0,-0.311109,-0.07267,MUS,JPN,840733
9586216,153,114,8782,2006,4785.0,444929.0,0.7896569999999999,0.363625,MYS,JPN,840733
9586217,157,114,8782,2006,0.0,261.0,-0.554188,-0.708255,NER,JPN,840733
9586218,159,114,8782,2006,0.0,30745.0,-2.094353,-1.215025,NGA,JPN,840733
9586219,162,114,8782,2006,0.0,434496.0,1.192134,1.450852,NLD,JPN,840733
9586220,163,114,8782,2006,0.0,2337.0,1.0787930000000001,0.014051,NOR,JPN,840733
9586221,166,114,8782,2006,1339.0,12506.0,0.5371,0.8240209999999999,NZL,JPN,840733
9586222,167,114,8782,2006,0.0,2169.0,-0.6373989999999999,-1.092554,OMN,JPN,840733
9586223,168,114,8782,2006,0.0,47427.0,-0.449333,0.563013,PAK,JPN,840733
9586224,173,114,8782,2006,0.0,4604.0,-0.551095,0.044295,PER,JPN,840733
9586225,174,114,8782,2006,0.0,825848.0,0.161994,0.036631,PHL,JPN,840733
9586226,177,114,8782,2006,0.0,12875.0,0.991927,1.474418,POL,JPN,840733
9586227,179,114,8782,2006,0.0,2589.0,0.5723630000000001,1.92303,PRT,JPN,840733
9586228,183,114,8782,2006,87538.0,74844.0,0.055777999999999994,-1.0379049999999999,QAT,JPN,840733
9586229,185,114,8782,2006,0.0,287332.0,0.550825,1.170744,ROU,JPN,840733
9586230,186,114,8782,2006,0.0,22311.0,0.801197,0.104683,RUS,JPN,840733
9586231,188,114,8782,2006,0.0,240746.0,0.162432,-0.853059,SAU,JPN,840733
9586232,192,114,8782,2006,0.0,13079.0,1.5377379999999998,0.503089,SGP,JPN,840733
9586233,201,114,8782,2006,0.0,565.0,0.547824,1.5588879999999998,SRB,JPN,840733
9586234,205,114,8782,2006,0.0,6448.0,-0.754046,-0.872361,SUR,JPN,840733
9586235,207,114,8782,2006,0.0,1978.0,1.5882370000000001,0.800719,SVN,JPN,840733
9586236,208,114,8782,2006,1028.0,130860.0,1.902737,0.593294,SWE,JPN,840733
9586237,212,114,8782,2006,0.0,28011.0,-0.588695,0.532487,SYR,JPN,840733
9586238,216,114,8782,2006,8760.0,686934.0,0.568209,1.685343,THA,JPN,840733
9586239,224,114,8782,2006,0.0,2122.0,0.33971599999999996,2.193384,TUR,JPN,840733
9586240,226,114,8782,2006,0.0,2546.0,-0.953097,0.159129,TZA,JPN,840733
9586241,231,114,8782,2006,269917.0,440656512.0,1.666643,-0.121679,USA,JPN,840733
9586242,234,114,8782,2006,0.0,5037.0,-0.6097060000000001,-0.8844770000000001,VCT,JPN,840733
9586243,239,114,8782,2006,0.0,6237.0,-0.342779,1.033318,VNM,JPN,840733
9586244,246,114,8782,2006,0.0,103727.0,0.37964499999999995,1.466326,ZAF,JPN,840733
9586245,249,114,8782,2006,295397.0,20554068.0,1.619915,1.2289940000000001,TWN,JPN,840733
9586246,216,118,8782,2006,149965.0,0.0,0.568209,1.685343,THA,KHM,840733
9586247,14,121,8782,2006,28773.0,5224.0,0.067166,0.373148,AUS,KOR,840733
9586248,22,121,8782,2006,0.0,92098.0,-1.0305309999999999,-0.80937,BGD,KOR,840733
9586249,34,121,8782,2006,0.0,5848.0,-1.331831,-0.9170940000000001,BRN,KOR,840733
9586250,39,121,8782,2006,0.0,350276.0,0.865685,1.1480489999999999,CAN,KOR,840733
9586251,42,121,8782,2006,0.0,40955.0,-0.188298,-0.46778000000000003,CHL,KOR,840733
9586252,43,121,8782,2006,2253.0,23999308.0,0.737888,2.54966,CHN,KOR,840733
9586253,49,121,8782,2006,0.0,10284.0,0.129887,0.44371700000000003,COL,KOR,840733
9586254,54,121,8782,2006,0.0,1785.0,0.204039,-0.5183260000000001,CUB,KOR,840733
9586255,61,121,8782,2006,0.0,1543.0,2.132566,-2.773669,DEU,KOR,840733
9586256,68,121,8782,2006,0.0,3533.0,-0.182272,0.40222399999999997,EGY,KOR,840733
9586257,77,121,8782,2006,0.0,1961.0,1.47591,0.489466,FRA,KOR,840733
9586258,83,121,8782,2006,0.0,11608.0,-0.9934860000000001,-0.809318,GHA,KOR,840733
9586259,100,121,8782,2006,0.0,1320.0,0.755787,0.992614,HRV,KOR,840733
9586260,103,121,8782,2006,0.0,4748.0,-0.21012399999999998,1.467838,IDN,KOR,840733
9586261,104,121,8782,2006,0.0,1011.0,0.285652,2.731318,IND,KOR,840733
9586262,110,121,8782,2006,0.0,2075.0,1.3082129999999998,0.783845,ISR,KOR,840733
9586263,111,121,8782,2006,4776.0,0.0,1.293779,0.93995,ITA,KOR,840733
9586264,114,121,8782,2006,1192846.0,25881.0,2.4348099999999997,0.082887,JPN,KOR,840733
9586265,117,121,8782,2006,0.0,2727.0,-0.034069,0.136694,KGZ,KOR,840733
9586266,122,121,8782,2006,0.0,11734.0,-0.589823,-1.142795,KWT,KOR,840733
9586267,134,121,8782,2006,0.0,9861.0,-0.547933,0.08257300000000001,MAR,KOR,840733
9586268,138,121,8782,2006,0.0,19007.0,1.047268,0.7142270000000001,MEX,KOR,840733
9586269,168,121,8782,2006,0.0,271282.0,-0.449333,0.563013,PAK,KOR,840733
9586270,173,121,8782,2006,0.0,11884.0,-0.551095,0.044295,PER,KOR,840733
9586271,174,121,8782,2006,0.0,3095.0,0.161994,0.036631,PHL,KOR,840733
9586272,177,121,8782,2006,0.0,379872.0,0.991927,1.474418,POL,KOR,840733
9586273,185,121,8782,2006,0.0,10598939.0,0.550825,1.170744,ROU,KOR,840733
9586274,186,121,8782,2006,0.0,1719.0,0.801197,0.104683,RUS,KOR,840733
9586275,190,121,8782,2006,0.0,8296.0,-1.873762,-1.278378,SDN,KOR,840733
9586276,192,121,8782,2006,22733.0,0.0,1.5377379999999998,0.503089,SGP,KOR,840733
9586277,197,121,8782,2006,0.0,834.0,-0.135312,0.140874,SLV,KOR,840733
9586278,207,121,8782,2006,0.0,2316.0,1.5882370000000001,0.800719,SVN,KOR,840733
9586279,212,121,8782,2006,0.0,30687.0,-0.588695,0.532487,SYR,KOR,840733
9586280,216,121,8782,2006,115102.0,1134.0,0.568209,1.685343,THA,KOR,840733
9586281,231,121,8782,2006,2789402.0,8580.0,1.666643,-0.121679,USA,KOR,840733
9586282,232,121,8782,2006,0.0,50165272.0,-0.457759,-0.784626,UZB,KOR,840733
9586283,236,121,8782,2006,0.0,5492.0,-0.340972,-1.015462,VEN,KOR,840733
9586284,239,121,8782,2006,0.0,9940.0,-0.342779,1.033318,VNM,KOR,840733
9586285,246,121,8782,2006,0.0,1071.0,0.37964499999999995,1.466326,ZAF,KOR,840733
9586286,249,121,8782,2006,0.0,381374.0,1.619915,1.2289940000000001,TWN,KOR,840733
9586287,43,128,8782,2006,6104.0,0.0,0.737888,2.54966,CHN,LKA,840733
9586288,81,128,8782,2006,70774.0,0.0,1.824154,0.614424,GBR,LKA,840733
9586289,114,128,8782,2006,4722.0,0.0,2.4348099999999997,0.082887,JPN,LKA,840733
9586290,137,128,8782,2006,0.0,3140.0,-0.240191,-0.8320290000000001,MDV,LKA,840733
9586291,153,128,8782,2006,0.0,1093.0,0.7896569999999999,0.363625,MYS,LKA,840733
9586292,15,138,8782,2006,2944505.0,3365.0,1.775669,0.192717,AUT,MEX,840733
9586293,32,138,8782,2006,19723.0,0.0,0.633889,1.1474520000000001,BRA,MEX,840733
9586294,39,138,8782,2006,21978.0,1545.0,0.865685,1.1480489999999999,CAN,MEX,840733
9586295,52,138,8782,2006,0.0,19000.0,0.042663,-0.376672,CRI,MEX,840733
9586296,54,138,8782,2006,0.0,8301.0,0.204039,-0.5183260000000001,CUB,MEX,840733
9586297,61,138,8782,2006,2479.0,0.0,2.132566,-2.773669,DEU,MEX,840733
9586298,77,138,8782,2006,3584.0,0.0,1.47591,0.489466,FRA,MEX,840733
9586299,81,138,8782,2006,0.0,37430.0,1.824154,0.614424,GBR,MEX,840733
9586300,93,138,8782,2006,0.0,2501.0,-0.28642199999999995,0.5868439999999999,GTM,MEX,840733
9586301,111,138,8782,2006,166964.0,0.0,1.293779,0.93995,ITA,MEX,840733
9586302,114,138,8782,2006,47270.0,0.0,2.4348099999999997,0.082887,JPN,MEX,840733
9586303,121,138,8782,2006,19007.0,0.0,1.5384309999999999,0.766628,KOR,MEX,840733
9586304,216,138,8782,2006,1021.0,0.0,0.568209,1.685343,THA,MEX,840733
9586305,231,138,8782,2006,580074.0,3460.0,1.666643,-0.121679,USA,MEX,840733
9586306,236,138,8782,2006,0.0,6495.0,-0.340972,-1.015462,VEN,MEX,840733
9586307,7,153,8782,2006,0.0,1635.0,0.053903999999999994,-0.735124,ARE,MYS,840733
9586308,14,153,8782,2006,9914.0,10354.0,0.067166,0.373148,AUS,MYS,840733
9586309,34,153,8782,2006,0.0,3120.0,-1.331831,-0.9170940000000001,BRN,MYS,840733
9586310,39,153,8782,2006,0.0,34088.0,0.865685,1.1480489999999999,CAN,MYS,840733
9586311,41,153,8782,2006,1523013.0,165505.0,2.052534,0.515523,CHE,MYS,840733
9586312,61,153,8782,2006,9739.0,0.0,2.132566,-2.773669,DEU,MYS,840733
9586313,77,153,8782,2006,11761.0,0.0,1.47591,0.489466,FRA,MYS,840733
9586314,81,153,8782,2006,4654.0,0.0,1.824154,0.614424,GBR,MYS,840733
9586315,103,153,8782,2006,232941.0,416601.0,-0.21012399999999998,1.467838,IDN,MYS,840733
9586316,111,153,8782,2006,17104.0,0.0,1.293779,0.93995,ITA,MYS,840733
9586317,114,153,8782,2006,444929.0,4785.0,2.4348099999999997,0.082887,JPN,MYS,840733
9586318,128,153,8782,2006,1093.0,0.0,-0.573767,0.305913,LKA,MYS,840733
9586319,166,153,8782,2006,17851.0,0.0,0.5371,0.8240209999999999,NZL,MYS,840733
9586320,174,153,8782,2006,0.0,296493.0,0.161994,0.036631,PHL,MYS,840733
9586321,191,153,8782,2006,0.0,1746.0,-0.364713,-0.183612,SEN,MYS,840733
9586322,192,153,8782,2006,9652.0,30483.0,1.5377379999999998,0.503089,SGP,MYS,840733
9586323,208,153,8782,2006,0.0,3244.0,1.902737,0.593294,SWE,MYS,840733
9586324,216,153,8782,2006,3766.0,2196.0,0.568209,1.685343,THA,MYS,840733
9586325,224,153,8782,2006,0.0,12911.0,0.33971599999999996,2.193384,TUR,MYS,840733
9586326,231,153,8782,2006,0.0,63114.0,1.666643,-0.121679,USA,MYS,840733
9586327,77,160,8782,2006,0.0,1719.0,1.47591,0.489466,FRA,NIC,840733
9586328,6,162,8782,2006,0.0,1135.0,0.251825,-0.629035,ANT,NLD,840733
9586329,14,162,8782,2006,0.0,7749.0,0.067166,0.373148,AUS,NLD,840733
9586330,15,162,8782,2006,48407.0,0.0,1.775669,0.192717,AUT,NLD,840733
9586331,18,162,8782,2006,15219.0,7336.0,1.2222540000000002,1.383027,BEL,NLD,840733
9586332,39,162,8782,2006,6255.0,0.0,0.865685,1.1480489999999999,CAN,NLD,840733
9586333,41,162,8782,2006,9796.0,9914.0,2.052534,0.515523,CHE,NLD,840733
9586334,44,162,8782,2006,0.0,7466.0,-0.8918530000000001,-0.8145819999999999,CIV,NLD,840733
9586335,51,162,8782,2006,0.0,3460.0,0.369814,-0.414812,CPV,NLD,840733
9586336,59,162,8782,2006,17071.0,8628.0,1.564058,0.6023649999999999,CZE,NLD,840733
9586337,61,162,8782,2006,259766.0,7001.0,2.132566,-2.773669,DEU,NLD,840733
9586338,64,162,8782,2006,0.0,5090.0,1.2308700000000001,1.180914,DNK,NLD,840733
9586339,68,162,8782,2006,0.0,1858.0,-0.182272,0.40222399999999997,EGY,NLD,840733
9586340,71,162,8782,2006,0.0,19586.0,0.9091370000000001,2.068166,ESP,NLD,840733
9586341,77,162,8782,2006,178321.0,1115459.0,1.47591,0.489466,FRA,NLD,840733
9586342,81,162,8782,2006,28514.0,21603.0,1.824154,0.614424,GBR,NLD,840733
9586343,90,162,8782,2006,0.0,2522.0,0.261955,1.488958,GRC,NLD,840733
9586344,102,162,8782,2006,981.0,11669.0,1.4034309999999999,0.835144,HUN,NLD,840733
9586345,103,162,8782,2006,0.0,4778.0,-0.21012399999999998,1.467838,IDN,NLD,840733
9586346,104,162,8782,2006,0.0,1479.0,0.285652,2.731318,IND,NLD,840733
9586347,107,162,8782,2006,0.0,37873.0,-0.391023,-0.767861,IRN,NLD,840733
9586348,110,162,8782,2006,0.0,8612.0,1.3082129999999998,0.783845,ISR,NLD,840733
9586349,111,162,8782,2006,25212.0,28580.0,1.293779,0.93995,ITA,NLD,840733
9586350,114,162,8782,2006,434496.0,0.0,2.4348099999999997,0.082887,JPN,NLD,840733
9586351,130,162,8782,2006,0.0,1295.0,0.44063599999999997,1.163857,LTU,NLD,840733
9586352,163,162,8782,2006,0.0,2565.0,1.0787930000000001,0.014051,NOR,NLD,840733
9586353,177,162,8782,2006,0.0,5106.0,0.991927,1.474418,POL,NLD,840733
9586354,179,162,8782,2006,0.0,2418.0,0.5723630000000001,1.92303,PRT,NLD,840733
9586355,183,162,8782,2006,2348.0,0.0,0.055777999999999994,-1.0379049999999999,QAT,NLD,840733
9586356,186,162,8782,2006,0.0,8740.0,0.801197,0.104683,RUS,NLD,840733
9586357,190,162,8782,2006,0.0,2700.0,-1.873762,-1.278378,SDN,NLD,840733
9586358,208,162,8782,2006,1039.0,4965.0,1.902737,0.593294,SWE,NLD,840733
9586359,212,162,8782,2006,0.0,1177.0,-0.588695,0.532487,SYR,NLD,840733
9586360,231,162,8782,2006,96759.0,35698.0,1.666643,-0.121679,USA,NLD,840733
9586361,14,166,8782,2006,24025.0,10909.0,0.067166,0.373148,AUS,NZL,840733
9586362,43,166,8782,2006,3708.0,0.0,0.737888,2.54966,CHN,NZL,840733
9586363,48,166,8782,2006,0.0,7805.0,0.564179,-0.296135,COK,NZL,840733
9586364,59,166,8782,2006,1572.0,0.0,1.564058,0.6023649999999999,CZE,NZL,840733
9586365,61,166,8782,2006,1996.0,0.0,2.132566,-2.773669,DEU,NZL,840733
9586366,64,166,8782,2006,1943.0,0.0,1.2308700000000001,1.180914,DNK,NZL,840733
9586367,75,166,8782,2006,3137.0,1373.0,-0.6554949999999999,-0.098284,FJI,NZL,840733
9586368,81,166,8782,2006,8228.0,0.0,1.824154,0.614424,GBR,NZL,840733
9586369,104,166,8782,2006,1447.0,0.0,0.285652,2.731318,IND,NZL,840733
9586370,110,166,8782,2006,0.0,17242.0,1.3082129999999998,0.783845,ISR,NZL,840733
9586371,111,166,8782,2006,18935.0,0.0,1.293779,0.93995,ITA,NZL,840733
9586372,114,166,8782,2006,12506.0,1339.0,2.4348099999999997,0.082887,JPN,NZL,840733
9586373,153,166,8782,2006,0.0,17851.0,0.7896569999999999,0.363625,MYS,NZL,840733
9586374,158,166,8782,2006,0.0,2535.0,1.120544,-0.538618,NFK,NZL,840733
9586375,159,166,8782,2006,0.0,1270.0,-2.094353,-1.215025,NGA,NZL,840733
9586376,231,166,8782,2006,78449.0,10824.0,1.666643,-0.121679,USA,NZL,840733
9586377,43,168,8782,2006,236993.0,0.0,0.737888,2.54966,CHN,PAK,840733
9586378,107,168,8782,2006,28092.0,0.0,-0.391023,-0.767861,IRN,PAK,840733
9586379,114,168,8782,2006,47427.0,0.0,2.4348099999999997,0.082887,JPN,PAK,840733
9586380,121,168,8782,2006,271282.0,0.0,1.5384309999999999,0.766628,KOR,PAK,840733
9586381,231,169,8782,2006,339719.0,0.0,1.666643,-0.121679,USA,PAN,840733
9586382,236,169,8782,2006,519.0,0.0,-0.340972,-1.015462,VEN,PAN,840733
9586383,18,173,8782,2006,8552.0,0.0,1.2222540000000002,1.383027,BEL,PER,840733
9586384,114,173,8782,2006,4604.0,0.0,2.4348099999999997,0.082887,JPN,PER,840733
9586385,121,173,8782,2006,11884.0,0.0,1.5384309999999999,0.766628,KOR,PER,840733
9586386,231,173,8782,2006,1482.0,0.0,1.666643,-0.121679,USA,PER,840733
9586387,43,174,8782,2006,73776.0,0.0,0.737888,2.54966,CHN,PHL,840733
9586388,81,174,8782,2006,6196.0,0.0,1.824154,0.614424,GBR,PHL,840733
9586389,103,174,8782,2006,2354.0,0.0,-0.21012399999999998,1.467838,IDN,PHL,840733
9586390,114,174,8782,2006,825848.0,0.0,2.4348099999999997,0.082887,JPN,PHL,840733
9586391,121,174,8782,2006,3095.0,0.0,1.5384309999999999,0.766628,KOR,PHL,840733
9586392,153,174,8782,2006,296493.0,0.0,0.7896569999999999,0.363625,MYS,PHL,840733
9586393,216,174,8782,2006,758606.0,0.0,0.568209,1.685343,THA,PHL,840733
9586394,231,174,8782,2006,8884.0,0.0,1.666643,-0.121679,USA,PHL,840733
9586395,15,177,8782,2006,51124100.0,0.0,1.775669,0.192717,AUT,POL,840733
9586396,18,177,8782,2006,0.0,57793.0,1.2222540000000002,1.383027,BEL,POL,840733
9586397,39,177,8782,2006,4736.0,0.0,0.865685,1.1480489999999999,CAN,POL,840733
9586398,41,177,8782,2006,6168.0,0.0,2.052534,0.515523,CHE,POL,840733
9586399,43,177,8782,2006,9872.0,0.0,0.737888,2.54966,CHN,POL,840733
9586400,54,177,8782,2006,0.0,51845.0,0.204039,-0.5183260000000001,CUB,POL,840733
9586401,59,177,8782,2006,10166.0,263971056.0,1.564058,0.6023649999999999,CZE,POL,840733
9586402,61,177,8782,2006,191212.0,31676.0,2.132566,-2.773669,DEU,POL,840733
9586403,64,177,8782,2006,3896.0,0.0,1.2308700000000001,1.180914,DNK,POL,840733
9586404,68,177,8782,2006,0.0,21484.0,-0.182272,0.40222399999999997,EGY,POL,840733
9586405,71,177,8782,2006,0.0,4785.0,0.9091370000000001,2.068166,ESP,POL,840733
9586406,72,177,8782,2006,0.0,8739.0,0.6426350000000001,0.925003,EST,POL,840733
9586407,77,177,8782,2006,9988.0,10778.0,1.47591,0.489466,FRA,POL,840733
9586408,81,177,8782,2006,7415.0,0.0,1.824154,0.614424,GBR,POL,840733
9586409,100,177,8782,2006,0.0,994.0,0.755787,0.992614,HRV,POL,840733
9586410,102,177,8782,2006,92931448.0,0.0,1.4034309999999999,0.835144,HUN,POL,840733
9586411,111,177,8782,2006,711968.0,185308.0,1.293779,0.93995,ITA,POL,840733
9586412,114,177,8782,2006,12875.0,0.0,2.4348099999999997,0.082887,JPN,POL,840733
9586413,121,177,8782,2006,379872.0,0.0,1.5384309999999999,0.766628,KOR,POL,840733
9586414,130,177,8782,2006,0.0,13089.0,0.44063599999999997,1.163857,LTU,POL,840733
9586415,162,177,8782,2006,5106.0,0.0,1.192134,1.450852,NLD,POL,840733
9586416,185,177,8782,2006,4376710.0,0.0,0.550825,1.170744,ROU,POL,840733
9586417,186,177,8782,2006,30522.0,8814409.0,0.801197,0.104683,RUS,POL,840733
9586418,208,177,8782,2006,7340.0,0.0,1.902737,0.593294,SWE,POL,840733
9586419,228,177,8782,2006,5108.0,20657068.0,0.7008439999999999,0.79656,UKR,POL,840733
9586420,231,177,8782,2006,2778.0,0.0,1.666643,-0.121679,USA,POL,840733
9586421,61,183,8782,2006,7002.0,0.0,2.132566,-2.773669,DEU,QAT,840733
9586422,114,183,8782,2006,74844.0,87538.0,2.4348099999999997,0.082887,JPN,QAT,840733
9586423,162,183,8782,2006,0.0,2348.0,1.192134,1.450852,NLD,QAT,840733
9586424,231,183,8782,2006,55482.0,0.0,1.666643,-0.121679,USA,QAT,840733
9586425,15,185,8782,2006,10679.0,1670.0,1.775669,0.192717,AUT,ROU,840733
9586426,43,185,8782,2006,70126.0,0.0,0.737888,2.54966,CHN,ROU,840733
9586427,59,185,8782,2006,7315.0,0.0,1.564058,0.6023649999999999,CZE,ROU,840733
9586428,61,185,8782,2006,7893.0,0.0,2.132566,-2.773669,DEU,ROU,840733
9586429,71,185,8782,2006,4570.0,0.0,0.9091370000000001,2.068166,ESP,ROU,840733
9586430,77,185,8782,2006,4804.0,0.0,1.47591,0.489466,FRA,ROU,840733
9586431,81,185,8782,2006,10119.0,0.0,1.824154,0.614424,GBR,ROU,840733
9586432,102,185,8782,2006,8644.0,0.0,1.4034309999999999,0.835144,HUN,ROU,840733
9586433,111,185,8782,2006,40925.0,0.0,1.293779,0.93995,ITA,ROU,840733
9586434,114,185,8782,2006,287332.0,0.0,2.4348099999999997,0.082887,JPN,ROU,840733
9586435,121,185,8782,2006,10598939.0,0.0,1.5384309999999999,0.766628,KOR,ROU,840733
9586436,135,185,8782,2006,0.0,5397.0,-0.017707,0.135305,MDA,ROU,840733
9586437,177,185,8782,2006,0.0,4376710.0,0.991927,1.474418,POL,ROU,840733
9586438,216,185,8782,2006,170120.0,0.0,0.568209,1.685343,THA,ROU,840733
9586439,231,185,8782,2006,40685.0,0.0,1.666643,-0.121679,USA,ROU,840733
9586440,24,188,8782,2006,16116.0,4459.0,0.172724,-0.9449879999999999,BHR,SAU,840733
9586441,61,188,8782,2006,17120.0,1551.0,2.132566,-2.773669,DEU,SAU,840733
9586442,81,188,8782,2006,42796.0,0.0,1.824154,0.614424,GBR,SAU,840733
9586443,111,188,8782,2006,7447.0,0.0,1.293779,0.93995,ITA,SAU,840733
9586444,113,188,8782,2006,1780.0,0.0,0.166718,0.331248,JOR,SAU,840733
9586445,114,188,8782,2006,240746.0,0.0,2.4348099999999997,0.082887,JPN,SAU,840733
9586446,192,188,8782,2006,0.0,2163.0,1.5377379999999998,0.503089,SGP,SAU,840733
9586447,231,188,8782,2006,150085.0,0.0,1.666643,-0.121679,USA,SAU,840733
9586448,93,197,8782,2006,0.0,1553.0,-0.28642199999999995,0.5868439999999999,GTM,SLV,840733
9586449,99,197,8782,2006,5540.0,0.0,-0.672074,-0.472138,HND,SLV,840733
9586450,121,197,8782,2006,834.0,0.0,1.5384309999999999,0.766628,KOR,SLV,840733
9586451,178,197,8782,2006,3633.0,0.0,0.548754,0.763313,PRK,SLV,840733
9586452,216,197,8782,2006,7636.0,0.0,0.568209,1.685343,THA,SLV,840733
9586453,231,197,8782,2006,2173.0,0.0,1.666643,-0.121679,USA,SLV,840733
9586454,114,205,8782,2006,6448.0,0.0,2.4348099999999997,0.082887,JPN,SUR,840733
9586455,231,205,8782,2006,2517.0,0.0,1.666643,-0.121679,USA,SUR,840733
9586456,14,208,8782,2006,71112.0,0.0,0.067166,0.373148,AUS,SWE,840733
9586457,15,208,8782,2006,4520.0,0.0,1.775669,0.192717,AUT,SWE,840733
9586458,18,208,8782,2006,201822.0,2233.0,1.2222540000000002,1.383027,BEL,SWE,840733
9586459,39,208,8782,2006,7136.0,0.0,0.865685,1.1480489999999999,CAN,SWE,840733
9586460,41,208,8782,2006,1553.0,4667.0,2.052534,0.515523,CHE,SWE,840733
9586461,42,208,8782,2006,0.0,4530.0,-0.188298,-0.46778000000000003,CHL,SWE,840733
9586462,43,208,8782,2006,2236.0,0.0,0.737888,2.54966,CHN,SWE,840733
9586463,59,208,8782,2006,33265.0,0.0,1.564058,0.6023649999999999,CZE,SWE,840733
9586464,61,208,8782,2006,64796.0,3802.0,2.132566,-2.773669,DEU,SWE,840733
9586465,64,208,8782,2006,126271.0,0.0,1.2308700000000001,1.180914,DNK,SWE,840733
9586466,71,208,8782,2006,0.0,53475.0,0.9091370000000001,2.068166,ESP,SWE,840733
9586467,74,208,8782,2006,133800.0,2531.0,1.864038,0.8193940000000001,FIN,SWE,840733
9586468,77,208,8782,2006,244670.0,0.0,1.47591,0.489466,FRA,SWE,840733
9586469,81,208,8782,2006,2957.0,0.0,1.824154,0.614424,GBR,SWE,840733
9586470,83,208,8782,2006,0.0,2066.0,-0.9934860000000001,-0.809318,GHA,SWE,840733
9586471,111,208,8782,2006,130934.0,171486.0,1.293779,0.93995,ITA,SWE,840733
9586472,114,208,8782,2006,130860.0,1028.0,2.4348099999999997,0.082887,JPN,SWE,840733
9586473,122,208,8782,2006,0.0,5711.0,-0.589823,-1.142795,KWT,SWE,840733
9586474,124,208,8782,2006,0.0,22337.0,0.3861,1.586183,LBN,SWE,840733
9586475,132,208,8782,2006,0.0,54512.0,0.531375,0.9414170000000001,LVA,SWE,840733
9586476,153,208,8782,2006,3244.0,0.0,0.7896569999999999,0.363625,MYS,SWE,840733
9586477,162,208,8782,2006,4965.0,1039.0,1.192134,1.450852,NLD,SWE,840733
9586478,163,208,8782,2006,0.0,26109.0,1.0787930000000001,0.014051,NOR,SWE,840733
9586479,177,208,8782,2006,0.0,7340.0,0.991927,1.474418,POL,SWE,840733
9586480,224,208,8782,2006,0.0,2120.0,0.33971599999999996,2.193384,TUR,SWE,840733
9586481,231,208,8782,2006,570582.0,97088.0,1.666643,-0.121679,USA,SWE,840733
9586482,249,208,8782,2006,15541.0,0.0,1.619915,1.2289940000000001,TWN,SWE,840733
9586483,14,216,8782,2006,3121.0,0.0,0.067166,0.373148,AUS,THA,840733
9586484,39,216,8782,2006,34541.0,0.0,0.865685,1.1480489999999999,CAN,THA,840733
9586485,43,216,8782,2006,227544.0,0.0,0.737888,2.54966,CHN,THA,840733
9586486,59,216,8782,2006,0.0,20076.0,1.564058,0.6023649999999999,CZE,THA,840733
9586487,61,216,8782,2006,12885.0,0.0,2.132566,-2.773669,DEU,THA,840733
9586488,68,216,8782,2006,0.0,25297.0,-0.182272,0.40222399999999997,EGY,THA,840733
9586489,77,216,8782,2006,2557.0,0.0,1.47591,0.489466,FRA,THA,840733
9586490,81,216,8782,2006,7155771.0,4512.0,1.824154,0.614424,GBR,THA,840733
9586491,97,216,8782,2006,1357.0,0.0,0.5776319999999999,2.076782,HKG,THA,840733
9586492,103,216,8782,2006,0.0,212255.0,-0.21012399999999998,1.467838,IDN,THA,840733
9586493,104,216,8782,2006,0.0,162091.0,0.285652,2.731318,IND,THA,840733
9586494,114,216,8782,2006,686934.0,8760.0,2.4348099999999997,0.082887,JPN,THA,840733
9586495,118,216,8782,2006,0.0,149965.0,-1.323365,-1.185827,KHM,THA,840733
9586496,121,216,8782,2006,1134.0,115102.0,1.5384309999999999,0.766628,KOR,THA,840733
9586497,138,216,8782,2006,0.0,1021.0,1.047268,0.7142270000000001,MEX,THA,840733
9586498,153,216,8782,2006,2196.0,3766.0,0.7896569999999999,0.363625,MYS,THA,840733
9586499,174,216,8782,2006,0.0,758606.0,0.161994,0.036631,PHL,THA,840733
9586500,185,216,8782,2006,0.0,170120.0,0.550825,1.170744,ROU,THA,840733
9586501,192,216,8782,2006,22888.0,12403.0,1.5377379999999998,0.503089,SGP,THA,840733
9586502,197,216,8782,2006,0.0,7636.0,-0.135312,0.140874,SLV,THA,840733
9586503,231,216,8782,2006,7995.0,18984.0,1.666643,-0.121679,USA,THA,840733
9586504,239,216,8782,2006,0.0,414571.0,-0.342779,1.033318,VNM,THA,840733
9586505,249,216,8782,2006,0.0,416474.0,1.619915,1.2289940000000001,TWN,THA,840733
9586506,33,222,8782,2006,0.0,6593.0,0.977267,0.6046560000000001,BRB,TTO,840733
9586507,81,222,8782,2006,5837.0,0.0,1.824154,0.614424,GBR,TTO,840733
9586508,231,222,8782,2006,13466.0,0.0,1.666643,-0.121679,USA,TTO,840733
9586509,234,222,8782,2006,3860.0,967.0,-0.6097060000000001,-0.8844770000000001,VCT,TTO,840733
9586510,15,224,8782,2006,3874.0,0.0,1.775669,0.192717,AUT,TUR,840733
9586511,41,224,8782,2006,5684.0,0.0,2.052534,0.515523,CHE,TUR,840733
9586512,58,224,8782,2006,0.0,8090.0,0.708267,-0.048096,CYP,TUR,840733
9586513,61,224,8782,2006,3910.0,9573.0,2.132566,-2.773669,DEU,TUR,840733
9586514,68,224,8782,2006,0.0,960.0,-0.182272,0.40222399999999997,EGY,TUR,840733
9586515,71,224,8782,2006,2401.0,0.0,0.9091370000000001,2.068166,ESP,TUR,840733
9586516,77,224,8782,2006,89360.0,0.0,1.47591,0.489466,FRA,TUR,840733
9586517,81,224,8782,2006,3675.0,0.0,1.824154,0.614424,GBR,TUR,840733
9586518,108,224,8782,2006,0.0,1980.0,-2.029727,-0.8634219999999999,IRQ,TUR,840733
9586519,111,224,8782,2006,146032.0,0.0,1.293779,0.93995,ITA,TUR,840733
9586520,114,224,8782,2006,2122.0,0.0,2.4348099999999997,0.082887,JPN,TUR,840733
9586521,115,224,8782,2006,0.0,14177.0,0.038229,-0.579421,KAZ,TUR,840733
9586522,153,224,8782,2006,12911.0,0.0,0.7896569999999999,0.363625,MYS,TUR,840733
9586523,190,224,8782,2006,0.0,1314.0,-1.873762,-1.278378,SDN,TUR,840733
9586524,208,224,8782,2006,2120.0,0.0,1.902737,0.593294,SWE,TUR,840733
9586525,231,224,8782,2006,36907.0,0.0,1.666643,-0.121679,USA,TUR,840733
9586526,32,230,8782,2006,2424.0,0.0,0.633889,1.1474520000000001,BRA,URY,840733
9586527,111,230,8782,2006,0.0,2053.0,1.293779,0.93995,ITA,URY,840733
9586528,231,230,8782,2006,5385.0,0.0,1.666643,-0.121679,USA,URY,840733
9586529,7,231,8782,2006,0.0,310447.0,0.053903999999999994,-0.735124,ARE,USA,840733
9586530,8,231,8782,2006,0.0,23622.0,0.33055,0.665867,ARG,USA,840733
9586531,14,231,8782,2006,41594.0,245622.0,0.067166,0.373148,AUS,USA,840733
9586532,15,231,8782,2006,2199019.0,15363.0,1.775669,0.192717,AUT,USA,840733
9586533,18,231,8782,2006,0.0,35685.0,1.2222540000000002,1.383027,BEL,USA,840733
9586534,24,231,8782,2006,0.0,150802.0,0.172724,-0.9449879999999999,BHR,USA,840733
9586535,25,231,8782,2006,15055.0,2646.0,0.673694,-0.519608,BHS,USA,840733
9586536,26,231,8782,2006,0.0,799.0,0.40788800000000003,0.562854,BIH,USA,840733
9586537,29,231,8782,2006,0.0,5995.0,-0.584902,-0.82437,BLZ,USA,840733
9586538,32,231,8782,2006,5040.0,136326.0,0.633889,1.1474520000000001,BRA,USA,840733
9586539,33,231,8782,2006,0.0,1534.0,0.977267,0.6046560000000001,BRB,USA,840733
9586540,34,231,8782,2006,0.0,1277.0,-1.331831,-0.9170940000000001,BRN,USA,840733
9586541,37,231,8782,2006,0.0,5195.0,-1.0541459999999998,-1.179286,BWA,USA,840733
9586542,39,231,8782,2006,20032368.0,3666127.0,0.865685,1.1480489999999999,CAN,USA,840733
9586543,41,231,8782,2006,5643.0,16466.0,2.052534,0.515523,CHE,USA,840733
9586544,42,231,8782,2006,0.0,3769.0,-0.188298,-0.46778000000000003,CHL,USA,840733
9586545,43,231,8782,2006,116518.0,94293.0,0.737888,2.54966,CHN,USA,840733
9586546,45,231,8782,2006,0.0,5982.0,-1.358873,-1.1511360000000002,CMR,USA,840733
9586547,46,231,8782,2006,0.0,20000.0,-1.542137,-1.086494,COD,USA,840733
9586548,49,231,8782,2006,4350.0,153407.0,0.129887,0.44371700000000003,COL,USA,840733
9586549,51,231,8782,2006,0.0,1991.0,0.369814,-0.414812,CPV,USA,840733
9586550,52,231,8782,2006,0.0,201391.0,0.042663,-0.376672,CRI,USA,840733
9586551,58,231,8782,2006,0.0,3549.0,0.708267,-0.048096,CYP,USA,840733
9586552,59,231,8782,2006,70595.0,0.0,1.564058,0.6023649999999999,CZE,USA,840733
9586553,61,231,8782,2006,7643546.0,671010.0,2.132566,-2.773669,DEU,USA,840733
9586554,64,231,8782,2006,0.0,17581.0,1.2308700000000001,1.180914,DNK,USA,840733
9586555,65,231,8782,2006,0.0,4640654.0,-0.24073699999999998,0.049093,DOM,USA,840733
9586556,66,231,8782,2006,0.0,24464.0,-0.489962,-1.12456,DZA,USA,840733
9586557,67,231,8782,2006,0.0,300266.0,-0.878583,-0.9462010000000001,ECU,USA,840733
9586558,68,231,8782,2006,0.0,2433.0,-0.182272,0.40222399999999997,EGY,USA,840733
9586559,71,231,8782,2006,0.0,25154.0,0.9091370000000001,2.068166,ESP,USA,840733
9586560,72,231,8782,2006,0.0,9777.0,0.6426350000000001,0.925003,EST,USA,840733
9586561,74,231,8782,2006,74421.0,12078.0,1.864038,0.8193940000000001,FIN,USA,840733
9586562,77,231,8782,2006,38432.0,54001.0,1.47591,0.489466,FRA,USA,840733
9586563,81,231,8782,2006,2999658.0,539166.0,1.824154,0.614424,GBR,USA,840733
9586564,83,231,8782,2006,0.0,4977.0,-0.9934860000000001,-0.809318,GHA,USA,840733
9586565,91,231,8782,2006,0.0,9166.0,0.19208599999999998,-0.40781,GRD,USA,840733
9586566,93,231,8782,2006,0.0,32687.0,-0.28642199999999995,0.5868439999999999,GTM,USA,840733
9586567,96,231,8782,2006,0.0,5253.0,-0.813775,-0.8000649999999999,GUY,USA,840733
9586568,97,231,8782,2006,0.0,3799.0,0.5776319999999999,2.076782,HKG,USA,840733
9586569,99,231,8782,2006,0.0,85487.0,-0.672074,-0.472138,HND,USA,840733
9586570,101,231,8782,2006,0.0,21006.0,-1.037941,-0.9475790000000001,HTI,USA,840733
9586571,102,231,8782,2006,6437.0,0.0,1.4034309999999999,0.835144,HUN,USA,840733
9586572,103,231,8782,2006,0.0,2604.0,-0.21012399999999998,1.467838,IDN,USA,840733
9586573,104,231,8782,2006,0.0,21198.0,0.285652,2.731318,IND,USA,840733
9586574,106,231,8782,2006,0.0,2959.0,1.43804,0.06463200000000001,IRL,USA,840733
9586575,109,231,8782,2006,0.0,3109.0,0.170234,-0.302203,ISL,USA,840733
9586576,110,231,8782,2006,159255.0,62097.0,1.3082129999999998,0.783845,ISR,USA,840733
9586577,111,231,8782,2006,843964.0,54507.0,1.293779,0.93995,ITA,USA,840733
9586578,112,231,8782,2006,0.0,13628.0,-0.5122720000000001,-0.9109809999999999,JAM,USA,840733
9586579,113,231,8782,2006,0.0,6676.0,0.166718,0.331248,JOR,USA,840733
9586580,114,231,8782,2006,440656512.0,269917.0,2.4348099999999997,0.082887,JPN,USA,840733
9586581,120,231,8782,2006,0.0,854.0,0.896119,-0.309349,KNA,USA,840733
9586582,121,231,8782,2006,8580.0,2789402.0,1.5384309999999999,0.766628,KOR,USA,840733
9586583,122,231,8782,2006,0.0,65799.0,-0.589823,-1.142795,KWT,USA,840733
9586584,124,231,8782,2006,0.0,24662.0,0.3861,1.586183,LBN,USA,840733
9586585,127,231,8782,2006,0.0,2004.0,1.118348,-0.17618,LCA,USA,840733
9586586,130,231,8782,2006,0.0,7150.0,0.44063599999999997,1.163857,LTU,USA,840733
9586587,132,231,8782,2006,0.0,1075.0,0.531375,0.9414170000000001,LVA,USA,840733
9586588,138,231,8782,2006,3460.0,580074.0,1.047268,0.7142270000000001,MEX,USA,840733
9586589,142,231,8782,2006,0.0,5488.0,1.384411,0.093734,MLT,USA,840733
9586590,153,231,8782,2006,63114.0,0.0,0.7896569999999999,0.363625,MYS,USA,840733
9586591,159,231,8782,2006,0.0,18749.0,-2.094353,-1.215025,NGA,USA,840733
9586592,162,231,8782,2006,35698.0,96759.0,1.192134,1.450852,NLD,USA,840733
9586593,163,231,8782,2006,4681.0,66552.0,1.0787930000000001,0.014051,NOR,USA,840733
9586594,166,231,8782,2006,10824.0,78449.0,0.5371,0.8240209999999999,NZL,USA,840733
9586595,167,231,8782,2006,0.0,127541.0,-0.6373989999999999,-1.092554,OMN,USA,840733
9586596,169,231,8782,2006,0.0,339719.0,0.306664,0.638533,PAN,USA,840733
9586597,173,231,8782,2006,0.0,1482.0,-0.551095,0.044295,PER,USA,840733
9586598,174,231,8782,2006,0.0,8884.0,0.161994,0.036631,PHL,USA,840733
9586599,177,231,8782,2006,0.0,2778.0,0.991927,1.474418,POL,USA,840733
9586600,179,231,8782,2006,0.0,1823.0,0.5723630000000001,1.92303,PRT,USA,840733
9586601,183,231,8782,2006,0.0,55482.0,0.055777999999999994,-1.0379049999999999,QAT,USA,840733
9586602,185,231,8782,2006,0.0,40685.0,0.550825,1.170744,ROU,USA,840733
9586603,186,231,8782,2006,18323.0,73648.0,0.801197,0.104683,RUS,USA,840733
9586604,188,231,8782,2006,0.0,150085.0,0.162432,-0.853059,SAU,USA,840733
9586605,192,231,8782,2006,16521.0,32292.0,1.5377379999999998,0.503089,SGP,USA,840733
9586606,197,231,8782,2006,0.0,2173.0,-0.135312,0.140874,SLV,USA,840733
9586607,205,231,8782,2006,0.0,2517.0,-0.754046,-0.872361,SUR,USA,840733
9586608,208,231,8782,2006,97088.0,570582.0,1.902737,0.593294,SWE,USA,840733
9586609,216,231,8782,2006,18984.0,7995.0,0.568209,1.685343,THA,USA,840733
9586610,222,231,8782,2006,0.0,13466.0,-0.20651399999999998,-1.024907,TTO,USA,840733
9586611,224,231,8782,2006,0.0,36907.0,0.33971599999999996,2.193384,TUR,USA,840733
9586612,230,231,8782,2006,0.0,5385.0,0.234384,0.118878,URY,USA,840733
9586613,236,231,8782,2006,0.0,488472.0,-0.340972,-1.015462,VEN,USA,840733
9586614,237,231,8782,2006,0.0,5765.0,1.05644,0.179306,VGB,USA,840733
9586615,246,231,8782,2006,0.0,409994.0,0.37964499999999995,1.466326,ZAF,USA,840733
9586616,247,231,8782,2006,0.0,2862.0,-0.5307,-0.793621,ZMB,USA,840733
9586617,249,231,8782,2006,6957.0,5176.0,1.619915,1.2289940000000001,TWN,USA,840733
9586618,43,236,8782,2006,5155.0,0.0,0.737888,2.54966,CHN,VEN,840733
9586619,49,236,8782,2006,2643.0,995.0,0.129887,0.44371700000000003,COL,VEN,840733
9586620,77,236,8782,2006,10602.0,0.0,1.47591,0.489466,FRA,VEN,840733
9586621,111,236,8782,2006,4632.0,0.0,1.293779,0.93995,ITA,VEN,840733
9586622,121,236,8782,2006,5492.0,0.0,1.5384309999999999,0.766628,KOR,VEN,840733
9586623,138,236,8782,2006,6495.0,0.0,1.047268,0.7142270000000001,MEX,VEN,840733
9586624,169,236,8782,2006,0.0,519.0,0.306664,0.638533,PAN,VEN,840733
9586625,231,236,8782,2006,488472.0,0.0,1.666643,-0.121679,USA,VEN,840733
9586626,43,243,8782,2006,6608.0,0.0,0.737888,2.54966,CHN,YEM,840733
9586627,15,249,8782,2006,0.0,932.0,1.775669,0.192717,AUT,TWN,840733
9586628,39,249,8782,2006,0.0,2342.0,0.865685,1.1480489999999999,CAN,TWN,840733
9586629,43,249,8782,2006,556541.0,28838.0,0.737888,2.54966,CHN,TWN,840733
9586630,61,249,8782,2006,26337.0,30940.0,2.132566,-2.773669,DEU,TWN,840733
9586631,68,249,8782,2006,0.0,39185.0,-0.182272,0.40222399999999997,EGY,TWN,840733
9586632,71,249,8782,2006,0.0,1141.0,0.9091370000000001,2.068166,ESP,TWN,840733
9586633,77,249,8782,2006,1301.0,10051.0,1.47591,0.489466,FRA,TWN,840733
9586634,81,249,8782,2006,0.0,7706.0,1.824154,0.614424,GBR,TWN,840733
9586635,97,249,8782,2006,0.0,14686.0,0.5776319999999999,2.076782,HKG,TWN,840733
9586636,103,249,8782,2006,0.0,3498.0,-0.21012399999999998,1.467838,IDN,TWN,840733
9586637,111,249,8782,2006,559212.0,0.0,1.293779,0.93995,ITA,TWN,840733
9586638,113,249,8782,2006,0.0,1743.0,0.166718,0.331248,JOR,TWN,840733
9586639,114,249,8782,2006,20554068.0,295397.0,2.4348099999999997,0.082887,JPN,TWN,840733
9586640,121,249,8782,2006,381374.0,0.0,1.5384309999999999,0.766628,KOR,TWN,840733
9586641,142,249,8782,2006,0.0,1862.0,1.384411,0.093734,MLT,TWN,840733
9586642,163,249,8782,2006,0.0,2105.0,1.0787930000000001,0.014051,NOR,TWN,840733
9586643,192,249,8782,2006,0.0,2630.0,1.5377379999999998,0.503089,SGP,TWN,840733
9586644,208,249,8782,2006,0.0,15541.0,1.902737,0.593294,SWE,TWN,840733
9586645,216,249,8782,2006,416474.0,0.0,0.568209,1.685343,THA,TWN,840733
9586646,231,249,8782,2006,5176.0,6957.0,1.666643,-0.121679,USA,TWN,840733
9586647,239,249,8782,2006,0.0,1727.0,-0.342779,1.033318,VNM,TWN,840733
9586648,17,7,8782,2006,0.0,8359.0,-0.033711,-0.48450600000000005,BDI,ARE,840733
9586649,18,7,8782,2006,15753.0,0.0,1.2222540000000002,1.383027,BEL,ARE,840733
9586650,37,7,8782,2006,0.0,5705.0,-1.0541459999999998,-1.179286,BWA,ARE,840733
9586651,39,7,8782,2006,1761.0,0.0,0.865685,1.1480489999999999,CAN,ARE,840733
9586652,44,7,8782,2006,0.0,2794.0,-0.8918530000000001,-0.8145819999999999,CIV,ARE,840733
9586653,64,7,8782,2006,0.0,18111.0,1.2308700000000001,1.180914,DNK,ARE,840733
9586654,68,7,8782,2006,0.0,4291.0,-0.182272,0.40222399999999997,EGY,ARE,840733
9586655,73,7,8782,2006,0.0,14378.0,-0.9557180000000001,-0.9153479999999999,ETH,ARE,840733
9586656,77,7,8782,2006,21335.0,0.0,1.47591,0.489466,FRA,ARE,840733
9586657,81,7,8782,2006,1689999.0,0.0,1.824154,0.614424,GBR,ARE,840733
9586658,90,7,8782,2006,0.0,13882.0,0.261955,1.488958,GRC,ARE,840733
9586659,103,7,8782,2006,1744.0,0.0,-0.21012399999999998,1.467838,IDN,ARE,840733
9586660,104,7,8782,2006,0.0,1881.0,0.285652,2.731318,IND,ARE,840733
9586661,111,7,8782,2006,14006.0,0.0,1.293779,0.93995,ITA,ARE,840733
9586662,114,7,8782,2006,66539.0,0.0,2.4348099999999997,0.082887,JPN,ARE,840733
9586663,124,7,8782,2006,8532.0,0.0,0.3861,1.586183,LBN,ARE,840733
9586664,134,7,8782,2006,1719.0,0.0,-0.547933,0.08257300000000001,MAR,ARE,840733
9586665,152,7,8782,2006,0.0,1621.0,-1.145132,-1.0946209999999998,MWI,ARE,840733
9586666,153,7,8782,2006,1635.0,0.0,0.7896569999999999,0.363625,MYS,ARE,840733
9586667,167,7,8782,2006,0.0,341860.0,-0.6373989999999999,-1.092554,OMN,ARE,840733
9586668,187,7,8782,2006,0.0,11926.0,-0.032827999999999996,-0.42937600000000004,RWA,ARE,840733
9586669,190,7,8782,2006,0.0,1489.0,-1.873762,-1.278378,SDN,ARE,840733
9586670,191,7,8782,2006,0.0,115665.0,-0.364713,-0.183612,SEN,ARE,840733
9586671,226,7,8782,2006,0.0,2535.0,-0.953097,0.159129,TZA,ARE,840733
9586672,231,7,8782,2006,310447.0,0.0,1.666643,-0.121679,USA,ARE,840733
9586673,15,14,8782,2006,9370.0,4754.0,1.775669,0.192717,AUT,AUS,840733
9586674,39,14,8782,2006,4422.0,3242.0,0.865685,1.1480489999999999,CAN,AUS,840733
9586675,43,14,8782,2006,6427.0,873329.0,0.737888,2.54966,CHN,AUS,840733
9586676,59,14,8782,2006,4349.0,0.0,1.564058,0.6023649999999999,CZE,AUS,840733
9586677,61,14,8782,2006,85513.0,0.0,2.132566,-2.773669,DEU,AUS,840733
9586678,68,14,8782,2006,0.0,2750.0,-0.182272,0.40222399999999997,EGY,AUS,840733
9586679,77,14,8782,2006,2804.0,0.0,1.47591,0.489466,FRA,AUS,840733
9586680,81,14,8782,2006,47415.0,11519.0,1.824154,0.614424,GBR,AUS,840733
9586681,83,14,8782,2006,0.0,1956.0,-0.9934860000000001,-0.809318,GHA,AUS,840733
9586682,97,14,8782,2006,0.0,16376.0,0.5776319999999999,2.076782,HKG,AUS,840733
9586683,102,14,8782,2006,5225.0,0.0,1.4034309999999999,0.835144,HUN,AUS,840733
9586684,103,14,8782,2006,18988.0,0.0,-0.21012399999999998,1.467838,IDN,AUS,840733
9586685,111,14,8782,2006,18856.0,12454.0,1.293779,0.93995,ITA,AUS,840733
9586686,114,14,8782,2006,26153.0,0.0,2.4348099999999997,0.082887,JPN,AUS,840733
9586687,121,14,8782,2006,5224.0,28773.0,1.5384309999999999,0.766628,KOR,AUS,840733
9586688,124,14,8782,2006,0.0,6060.0,0.3861,1.586183,LBN,AUS,840733
9586689,153,14,8782,2006,10354.0,9914.0,0.7896569999999999,0.363625,MYS,AUS,840733
9586690,156,14,8782,2006,0.0,3656.0,-0.135099,-0.7618779999999999,NCL,AUS,840733
9586691,159,14,8782,2006,0.0,1525.0,-2.094353,-1.215025,NGA,AUS,840733
9586692,162,14,8782,2006,7749.0,0.0,1.192134,1.450852,NLD,AUS,840733
9586693,163,14,8782,2006,0.0,891.0,1.0787930000000001,0.014051,NOR,AUS,840733
9586694,166,14,8782,2006,10909.0,24025.0,0.5371,0.8240209999999999,NZL,AUS,840733
9586695,192,14,8782,2006,5615.0,9587.0,1.5377379999999998,0.503089,SGP,AUS,840733
9586696,208,14,8782,2006,0.0,71112.0,1.902737,0.593294,SWE,AUS,840733
9586697,216,14,8782,2006,0.0,3121.0,0.568209,1.685343,THA,AUS,840733
9586698,231,14,8782,2006,245622.0,41594.0,1.666643,-0.121679,USA,AUS,840733
9586699,246,14,8782,2006,0.0,110707.0,0.37964499999999995,1.466326,ZAF,AUS,840733
9586700,28,16,8782,2006,3544.0,0.0,0.919853,0.384409,BLR,AZE,840733
9586701,43,16,8782,2006,30857.0,0.0,0.737888,2.54966,CHN,AZE,840733
9586702,107,16,8782,2006,10535.0,0.0,-0.391023,-0.767861,IRN,AZE,840733
9586703,111,16,8782,2006,3587.0,0.0,1.293779,0.93995,ITA,AZE,840733
9586704,8,22,8782,2006,134404.0,0.0,0.33055,0.665867,ARG,BGD,840733
9586705,103,22,8782,2006,1396.0,0.0,-0.21012399999999998,1.467838,IDN,BGD,840733
9586706,114,22,8782,2006,14800.0,0.0,2.4348099999999997,0.082887,JPN,BGD,840733
9586707,121,22,8782,2006,92098.0,0.0,1.5384309999999999,0.766628,KOR,BGD,840733
9586708,43,23,8782,2006,13689.0,0.0,0.737888,2.54966,CHN,BGR,840733
9586709,61,23,8782,2006,9849.0,0.0,2.132566,-2.773669,DEU,BGR,840733
9586710,81,23,8782,2006,10047.0,0.0,1.824154,0.614424,GBR,BGR,840733
9586711,90,23,8782,2006,1704.0,0.0,0.261955,1.488958,GRC,BGR,840733
9586712,111,23,8782,2006,10070.0,0.0,1.293779,0.93995,ITA,BGR,840733
9586713,114,23,8782,2006,2606.0,0.0,2.4348099999999997,0.082887,JPN,BGR,840733
9586714,61,24,8782,2006,3829.0,0.0,2.132566,-2.773669,DEU,BHR,840733
9586715,68,24,8782,2006,0.0,907.0,-0.182272,0.40222399999999997,EGY,BHR,840733
9586716,188,24,8782,2006,4459.0,16116.0,0.162432,-0.853059,SAU,BHR,840733
9586717,231,24,8782,2006,150802.0,0.0,1.666643,-0.121679,USA,BHR,840733
9586718,16,28,8782,2006,0.0,3544.0,-0.521304,-1.035764,AZE,BLR,840733
9586719,61,28,8782,2006,969.0,0.0,2.132566,-2.773669,DEU,BLR,840733
9586720,115,28,8782,2006,0.0,27401.0,0.038229,-0.579421,KAZ,BLR,840733
9586721,130,28,8782,2006,0.0,2388.0,0.44063599999999997,1.163857,LTU,BLR,840733
9586722,135,28,8782,2006,0.0,6510.0,-0.017707,0.135305,MDA,BLR,840733
9586723,186,28,8782,2006,11555.0,543461.0,0.801197,0.104683,RUS,BLR,840733
9586724,228,28,8782,2006,0.0,198431.0,0.7008439999999999,0.79656,UKR,BLR,840733
9586725,61,58,8782,2006,1892.0,0.0,2.132566,-2.773669,DEU,CYP,840733
9586726,68,58,8782,2006,0.0,6450.0,-0.182272,0.40222399999999997,EGY,CYP,840733
9586727,77,58,8782,2006,1168.0,0.0,1.47591,0.489466,FRA,CYP,840733
9586728,81,58,8782,2006,4815.0,0.0,1.824154,0.614424,GBR,CYP,840733
9586729,90,58,8782,2006,0.0,10109.0,0.261955,1.488958,GRC,CYP,840733
9586730,114,58,8782,2006,6889.0,0.0,2.4348099999999997,0.082887,JPN,CYP,840733
9586731,224,58,8782,2006,8090.0,0.0,0.33971599999999996,2.193384,TUR,CYP,840733
9586732,231,58,8782,2006,3549.0,0.0,1.666643,-0.121679,USA,CYP,840733
9586733,7,68,8782,2006,4291.0,0.0,0.053903999999999994,-0.735124,ARE,EGY,840733
9586734,14,68,8782,2006,2750.0,0.0,0.067166,0.373148,AUS,EGY,840733
9586735,15,68,8782,2006,3105.0,0.0,1.775669,0.192717,AUT,EGY,840733
9586736,18,68,8782,2006,10148.0,0.0,1.2222540000000002,1.383027,BEL,EGY,840733
9586737,24,68,8782,2006,907.0,0.0,0.172724,-0.9449879999999999,BHR,EGY,840733
9586738,43,68,8782,2006,264970.0,0.0,0.737888,2.54966,CHN,EGY,840733
9586739,58,68,8782,2006,6450.0,0.0,0.708267,-0.048096,CYP,EGY,840733
9586740,61,68,8782,2006,8985.0,0.0,2.132566,-2.773669,DEU,EGY,840733
9586741,71,68,8782,2006,6114.0,0.0,0.9091370000000001,2.068166,ESP,EGY,840733
9586742,77,68,8782,2006,128772.0,33788.0,1.47591,0.489466,FRA,EGY,840733
9586743,81,68,8782,2006,16673.0,0.0,1.824154,0.614424,GBR,EGY,840733
9586744,90,68,8782,2006,5191.0,0.0,0.261955,1.488958,GRC,EGY,840733
9586745,97,68,8782,2006,7477.0,0.0,0.5776319999999999,2.076782,HKG,EGY,840733
9586746,111,68,8782,2006,9963.0,0.0,1.293779,0.93995,ITA,EGY,840733
9586747,114,68,8782,2006,3701.0,0.0,2.4348099999999997,0.082887,JPN,EGY,840733
9586748,121,68,8782,2006,3533.0,0.0,1.5384309999999999,0.766628,KOR,EGY,840733
9586749,162,68,8782,2006,1858.0,0.0,1.192134,1.450852,NLD,EGY,840733
9586750,177,68,8782,2006,21484.0,0.0,0.991927,1.474418,POL,EGY,840733
9586751,192,68,8782,2006,16440.0,0.0,1.5377379999999998,0.503089,SGP,EGY,840733
9586752,216,68,8782,2006,25297.0,0.0,0.568209,1.685343,THA,EGY,840733
9586753,224,68,8782,2006,960.0,0.0,0.33971599999999996,2.193384,TUR,EGY,840733
9586754,231,68,8782,2006,2433.0,0.0,1.666643,-0.121679,USA,EGY,840733
9586755,249,68,8782,2006,39185.0,0.0,1.619915,1.2289940000000001,TWN,EGY,840733
9586756,177,72,8782,2006,8739.0,0.0,0.991927,1.474418,POL,EST,840733
9586757,186,72,8782,2006,102823.0,0.0,0.801197,0.104683,RUS,EST,840733
9586758,231,72,8782,2006,9777.0,0.0,1.666643,-0.121679,USA,EST,840733
9586759,250,72,8782,2006,21254.0,0.0,0.711619,-0.41880200000000006,ANS,EST,840733
9586760,15,100,8782,2006,2602.0,0.0,1.775669,0.192717,AUT,HRV,840733
9586761,26,100,8782,2006,0.0,3847.0,0.40788800000000003,0.562854,BIH,HRV,840733
9586762,43,100,8782,2006,2529.0,0.0,0.737888,2.54966,CHN,HRV,840733
9586763,59,100,8782,2006,2218.0,0.0,1.564058,0.6023649999999999,CZE,HRV,840733
9586764,77,100,8782,2006,73478.0,0.0,1.47591,0.489466,FRA,HRV,840733
9586765,104,100,8782,2006,709.0,0.0,0.285652,2.731318,IND,HRV,840733
9586766,111,100,8782,2006,283195.0,0.0,1.293779,0.93995,ITA,HRV,840733
9586767,114,100,8782,2006,1200.0,0.0,2.4348099999999997,0.082887,JPN,HRV,840733
9586768,121,100,8782,2006,1320.0,0.0,1.5384309999999999,0.766628,KOR,HRV,840733
9586769,177,100,8782,2006,994.0,0.0,0.991927,1.474418,POL,HRV,840733
9586770,201,100,8782,2006,0.0,70019.0,0.547824,1.5588879999999998,SRB,HRV,840733
9586771,207,100,8782,2006,2922.0,0.0,1.5882370000000001,0.800719,SVN,HRV,840733
9586772,14,102,8782,2006,0.0,5225.0,0.067166,0.373148,AUS,HUN,840733
9586773,15,102,8782,2006,37989.0,1969.0,1.775669,0.192717,AUT,HUN,840733
9586774,59,102,8782,2006,6949.0,0.0,1.564058,0.6023649999999999,CZE,HUN,840733
9586775,61,102,8782,2006,1944.0,0.0,2.132566,-2.773669,DEU,HUN,840733
9586776,77,102,8782,2006,3572.0,0.0,1.47591,0.489466,FRA,HUN,840733
9586777,81,102,8782,2006,22297.0,0.0,1.824154,0.614424,GBR,HUN,840733
9586778,111,102,8782,2006,13555.0,0.0,1.293779,0.93995,ITA,HUN,840733
9586779,162,102,8782,2006,11669.0,981.0,1.192134,1.450852,NLD,HUN,840733
9586780,177,102,8782,2006,0.0,92931448.0,0.991927,1.474418,POL,HUN,840733
9586781,185,102,8782,2006,0.0,8644.0,0.550825,1.170744,ROU,HUN,840733
9586782,201,102,8782,2006,0.0,982.0,0.547824,1.5588879999999998,SRB,HUN,840733
9586783,231,102,8782,2006,0.0,6437.0,1.666643,-0.121679,USA,HUN,840733
9586784,16,107,8782,2006,0.0,10535.0,-0.521304,-1.035764,AZE,IRN,840733
9586785,43,107,8782,2006,4637336.0,0.0,0.737888,2.54966,CHN,IRN,840733
9586786,77,107,8782,2006,0.0,2503.0,1.47591,0.489466,FRA,IRN,840733
9586787,114,107,8782,2006,10357.0,0.0,2.4348099999999997,0.082887,JPN,IRN,840733
9586788,162,107,8782,2006,37873.0,0.0,1.192134,1.450852,NLD,IRN,840733
9586789,168,107,8782,2006,0.0,28092.0,-0.449333,0.563013,PAK,IRN,840733
9586790,186,107,8782,2006,2315.0,0.0,0.801197,0.104683,RUS,IRN,840733
9586791,61,113,8782,2006,10726.0,0.0,2.132566,-2.773669,DEU,JOR,840733
9586792,81,113,8782,2006,12214.0,0.0,1.824154,0.614424,GBR,JOR,840733
9586793,114,113,8782,2006,2531.0,0.0,2.4348099999999997,0.082887,JPN,JOR,840733
9586794,188,113,8782,2006,0.0,1780.0,0.162432,-0.853059,SAU,JOR,840733
9586795,231,113,8782,2006,6676.0,0.0,1.666643,-0.121679,USA,JOR,840733
9586796,249,113,8782,2006,1743.0,0.0,1.619915,1.2289940000000001,TWN,JOR,840733
9586797,28,115,8782,2006,27401.0,0.0,0.919853,0.384409,BLR,KAZ,840733
9586798,43,115,8782,2006,52387.0,0.0,0.737888,2.54966,CHN,KAZ,840733
9586799,61,115,8782,2006,28743.0,0.0,2.132566,-2.773669,DEU,KAZ,840733
9586800,114,115,8782,2006,2107.0,0.0,2.4348099999999997,0.082887,JPN,KAZ,840733
9586801,186,115,8782,2006,2431.0,42828.0,0.801197,0.104683,RUS,KAZ,840733
9586802,224,115,8782,2006,14177.0,0.0,0.33971599999999996,2.193384,TUR,KAZ,840733
9586803,61,116,8782,2006,1686.0,0.0,2.132566,-2.773669,DEU,KEN,840733
9586804,111,116,8782,2006,20454.0,0.0,1.293779,0.93995,ITA,KEN,840733
9586805,121,117,8782,2006,2727.0,0.0,1.5384309999999999,0.766628,KOR,KGZ,840733
9586806,41,122,8782,2006,3100.0,0.0,2.052534,0.515523,CHE,KWT,840733
9586807,43,122,8782,2006,6193.0,0.0,0.737888,2.54966,CHN,KWT,840733
9586808,61,122,8782,2006,31203.0,0.0,2.132566,-2.773669,DEU,KWT,840733
9586809,81,122,8782,2006,5488.0,0.0,1.824154,0.614424,GBR,KWT,840733
9586810,104,122,8782,2006,13582.0,0.0,0.285652,2.731318,IND,KWT,840733
9586811,114,122,8782,2006,9045.0,0.0,2.4348099999999997,0.082887,JPN,KWT,840733
9586812,121,122,8782,2006,11734.0,0.0,1.5384309999999999,0.766628,KOR,KWT,840733
9586813,208,122,8782,2006,5711.0,0.0,1.902737,0.593294,SWE,KWT,840733
9586814,231,122,8782,2006,65799.0,0.0,1.666643,-0.121679,USA,KWT,840733
9586815,7,124,8782,2006,0.0,8532.0,0.053903999999999994,-0.735124,ARE,LBN,840733
9586816,14,124,8782,2006,6060.0,0.0,0.067166,0.373148,AUS,LBN,840733
9586817,39,124,8782,2006,2693.0,0.0,0.865685,1.1480489999999999,CAN,LBN,840733
9586818,61,124,8782,2006,54253.0,0.0,2.132566,-2.773669,DEU,LBN,840733
9586819,64,124,8782,2006,1060.0,0.0,1.2308700000000001,1.180914,DNK,LBN,840733
9586820,77,124,8782,2006,2460.0,0.0,1.47591,0.489466,FRA,LBN,840733
9586821,81,124,8782,2006,20293.0,0.0,1.824154,0.614424,GBR,LBN,840733
9586822,114,124,8782,2006,73356.0,0.0,2.4348099999999997,0.082887,JPN,LBN,840733
9586823,208,124,8782,2006,22337.0,0.0,1.902737,0.593294,SWE,LBN,840733
9586824,231,124,8782,2006,24662.0,0.0,1.666643,-0.121679,USA,LBN,840733
9586825,28,130,8782,2006,2388.0,0.0,0.919853,0.384409,BLR,LTU,840733
9586826,162,130,8782,2006,1295.0,0.0,1.192134,1.450852,NLD,LTU,840733
9586827,177,130,8782,2006,13089.0,0.0,0.991927,1.474418,POL,LTU,840733
9586828,186,130,8782,2006,3305.0,909.0,0.801197,0.104683,RUS,LTU,840733
9586829,231,130,8782,2006,7150.0,0.0,1.666643,-0.121679,USA,LTU,840733
9586830,18,131,8782,2006,28730.0,2261.0,1.2222540000000002,1.383027,BEL,LUX,840733
9586831,61,131,8782,2006,30859.0,0.0,2.132566,-2.773669,DEU,LUX,840733
9586832,77,131,8782,2006,9221.0,2899.0,1.47591,0.489466,FRA,LUX,840733
9586833,43,132,8782,2006,1799.0,0.0,0.737888,2.54966,CHN,LVA,840733
9586834,111,132,8782,2006,23142.0,0.0,1.293779,0.93995,ITA,LVA,840733
9586835,208,132,8782,2006,54512.0,0.0,1.902737,0.593294,SWE,LVA,840733
9586836,231,132,8782,2006,1075.0,0.0,1.666643,-0.121679,USA,LVA,840733
9586837,14,163,8782,2006,891.0,0.0,0.067166,0.373148,AUS,NOR,840733
9586838,15,163,8782,2006,6947.0,0.0,1.775669,0.192717,AUT,NOR,840733
9586839,39,163,8782,2006,2948.0,0.0,0.865685,1.1480489999999999,CAN,NOR,840733
9586840,61,163,8782,2006,7819.0,0.0,2.132566,-2.773669,DEU,NOR,840733
9586841,64,163,8782,2006,36790.0,7283.0,1.2308700000000001,1.180914,DNK,NOR,840733
9586842,74,163,8782,2006,67309.0,1848.0,1.864038,0.8193940000000001,FIN,NOR,840733
9586843,81,163,8782,2006,72719.0,0.0,1.824154,0.614424,GBR,NOR,840733
9586844,111,163,8782,2006,2635.0,0.0,1.293779,0.93995,ITA,NOR,840733
9586845,114,163,8782,2006,2337.0,0.0,2.4348099999999997,0.082887,JPN,NOR,840733
9586846,162,163,8782,2006,2565.0,0.0,1.192134,1.450852,NLD,NOR,840733
9586847,186,163,8782,2006,2013.0,0.0,0.801197,0.104683,RUS,NOR,840733
9586848,208,163,8782,2006,26109.0,0.0,1.902737,0.593294,SWE,NOR,840733
9586849,231,163,8782,2006,66552.0,4681.0,1.666643,-0.121679,USA,NOR,840733
9586850,249,163,8782,2006,2105.0,0.0,1.619915,1.2289940000000001,TWN,NOR,840733
9586851,7,167,8782,2006,341860.0,0.0,0.053903999999999994,-0.735124,ARE,OMN,840733
9586852,77,167,8782,2006,9167.0,0.0,1.47591,0.489466,FRA,OMN,840733
9586853,97,167,8782,2006,6988.0,0.0,0.5776319999999999,2.076782,HKG,OMN,840733
9586854,114,167,8782,2006,2169.0,0.0,2.4348099999999997,0.082887,JPN,OMN,840733
9586855,231,167,8782,2006,127541.0,0.0,1.666643,-0.121679,USA,OMN,840733
9586856,2,179,8782,2006,0.0,28553.0,-2.0822979999999998,-1.176767,AGO,PRT,840733
9586857,43,179,8782,2006,1121.0,0.0,0.737888,2.54966,CHN,PRT,840733
9586858,51,179,8782,2006,0.0,10251.0,0.369814,-0.414812,CPV,PRT,840733
9586859,61,179,8782,2006,4044.0,0.0,2.132566,-2.773669,DEU,PRT,840733
9586860,71,179,8782,2006,5823.0,0.0,0.9091370000000001,2.068166,ESP,PRT,840733
9586861,77,179,8782,2006,3715.0,0.0,1.47591,0.489466,FRA,PRT,840733
9586862,81,179,8782,2006,5784.0,0.0,1.824154,0.614424,GBR,PRT,840733
9586863,111,179,8782,2006,2600.0,0.0,1.293779,0.93995,ITA,PRT,840733
9586864,114,179,8782,2006,2589.0,0.0,2.4348099999999997,0.082887,JPN,PRT,840733
9586865,162,179,8782,2006,2418.0,0.0,1.192134,1.450852,NLD,PRT,840733
9586866,231,179,8782,2006,1823.0,0.0,1.666643,-0.121679,USA,PRT,840733
9586867,9,186,8782,2006,0.0,24374.0,0.14539100000000002,-0.558014,ARM,RUS,840733
9586868,15,186,8782,2006,0.0,10766.0,1.775669,0.192717,AUT,RUS,840733
9586869,28,186,8782,2006,543461.0,11555.0,0.919853,0.384409,BLR,RUS,840733
9586870,39,186,8782,2006,7293.0,2804.0,0.865685,1.1480489999999999,CAN,RUS,840733
9586871,43,186,8782,2006,3096313.0,1742.0,0.737888,2.54966,CHN,RUS,840733
9586872,54,186,8782,2006,0.0,371908.0,0.204039,-0.5183260000000001,CUB,RUS,840733
9586873,59,186,8782,2006,19318.0,0.0,1.564058,0.6023649999999999,CZE,RUS,840733
9586874,61,186,8782,2006,3003.0,4324.0,2.132566,-2.773669,DEU,RUS,840733
9586875,72,186,8782,2006,0.0,102823.0,0.6426350000000001,0.925003,EST,RUS,840733
9586876,74,186,8782,2006,20939.0,0.0,1.864038,0.8193940000000001,FIN,RUS,840733
9586877,81,186,8782,2006,64939.0,0.0,1.824154,0.614424,GBR,RUS,840733
9586878,107,186,8782,2006,0.0,2315.0,-0.391023,-0.767861,IRN,RUS,840733
9586879,111,186,8782,2006,174313.0,0.0,1.293779,0.93995,ITA,RUS,840733
9586880,114,186,8782,2006,22311.0,0.0,2.4348099999999997,0.082887,JPN,RUS,840733
9586881,115,186,8782,2006,42828.0,2431.0,0.038229,-0.579421,KAZ,RUS,840733
9586882,121,186,8782,2006,1719.0,0.0,1.5384309999999999,0.766628,KOR,RUS,840733
9586883,130,186,8782,2006,909.0,3305.0,0.44063599999999997,1.163857,LTU,RUS,840733
9586884,162,186,8782,2006,8740.0,0.0,1.192134,1.450852,NLD,RUS,840733
9586885,163,186,8782,2006,0.0,2013.0,1.0787930000000001,0.014051,NOR,RUS,840733
9586886,177,186,8782,2006,8814409.0,30522.0,0.991927,1.474418,POL,RUS,840733
9586887,201,186,8782,2006,1263.0,0.0,0.547824,1.5588879999999998,SRB,RUS,840733
9586888,212,186,8782,2006,0.0,2517.0,-0.588695,0.532487,SYR,RUS,840733
9586889,228,186,8782,2006,2852.0,45191.0,0.7008439999999999,0.79656,UKR,RUS,840733
9586890,231,186,8782,2006,73648.0,18323.0,1.666643,-0.121679,USA,RUS,840733
9586891,14,192,8782,2006,9587.0,5615.0,0.067166,0.373148,AUS,SGP,840733
9586892,15,192,8782,2006,0.0,1170.0,1.775669,0.192717,AUT,SGP,840733
9586893,61,192,8782,2006,10827.0,0.0,2.132566,-2.773669,DEU,SGP,840733
9586894,68,192,8782,2006,0.0,16440.0,-0.182272,0.40222399999999997,EGY,SGP,840733
9586895,77,192,8782,2006,41940.0,0.0,1.47591,0.489466,FRA,SGP,840733
9586896,81,192,8782,2006,21055.0,0.0,1.824154,0.614424,GBR,SGP,840733
9586897,103,192,8782,2006,247261.0,435526.0,-0.21012399999999998,1.467838,IDN,SGP,840733
9586898,104,192,8782,2006,0.0,21205.0,0.285652,2.731318,IND,SGP,840733
9586899,111,192,8782,2006,8344.0,0.0,1.293779,0.93995,ITA,SGP,840733
9586900,114,192,8782,2006,13079.0,0.0,2.4348099999999997,0.082887,JPN,SGP,840733
9586901,121,192,8782,2006,0.0,22733.0,1.5384309999999999,0.766628,KOR,SGP,840733
9586902,143,192,8782,2006,0.0,63374.0,-1.543679,-1.145623,MMR,SGP,840733
9586903,153,192,8782,2006,30483.0,9652.0,0.7896569999999999,0.363625,MYS,SGP,840733
9586904,188,192,8782,2006,2163.0,0.0,0.162432,-0.853059,SAU,SGP,840733
9586905,191,192,8782,2006,0.0,1481.0,-0.364713,-0.183612,SEN,SGP,840733
9586906,216,192,8782,2006,12403.0,22888.0,0.568209,1.685343,THA,SGP,840733
9586907,226,192,8782,2006,0.0,950.0,-0.953097,0.159129,TZA,SGP,840733
9586908,231,192,8782,2006,32292.0,16521.0,1.666643,-0.121679,USA,SGP,840733
9586909,239,192,8782,2006,0.0,11734.0,-0.342779,1.033318,VNM,SGP,840733
9586910,249,192,8782,2006,2630.0,0.0,1.619915,1.2289940000000001,TWN,SGP,840733
9586911,26,201,8782,2006,3730.0,0.0,0.40788800000000003,0.562854,BIH,SRB,840733
9586912,81,201,8782,2006,9638.0,0.0,1.824154,0.614424,GBR,SRB,840733
9586913,100,201,8782,2006,70019.0,0.0,0.755787,0.992614,HRV,SRB,840733
9586914,102,201,8782,2006,982.0,0.0,1.4034309999999999,0.835144,HUN,SRB,840733
9586915,111,201,8782,2006,6898.0,0.0,1.293779,0.93995,ITA,SRB,840733
9586916,114,201,8782,2006,565.0,0.0,2.4348099999999997,0.082887,JPN,SRB,840733
9586917,186,201,8782,2006,0.0,1263.0,0.801197,0.104683,RUS,SRB,840733
9586918,250,201,8782,2006,17915.0,0.0,0.711619,-0.41880200000000006,ANS,SRB,840733
9586919,15,206,8782,2006,4889.0,0.0,1.775669,0.192717,AUT,SVK,840733
9586920,59,206,8782,2006,85258.0,0.0,1.564058,0.6023649999999999,CZE,SVK,840733
9586921,61,206,8782,2006,14076.0,0.0,2.132566,-2.773669,DEU,SVK,840733
9586922,250,206,8782,2006,83622.0,0.0,0.711619,-0.41880200000000006,ANS,SVK,840733
9586923,15,207,8782,2006,8276.0,2003.0,1.775669,0.192717,AUT,SVN,840733
9586924,59,207,8782,2006,14284.0,0.0,1.564058,0.6023649999999999,CZE,SVN,840733
9586925,61,207,8782,2006,14566.0,0.0,2.132566,-2.773669,DEU,SVN,840733
9586926,74,207,8782,2006,3474.0,0.0,1.864038,0.8193940000000001,FIN,SVN,840733
9586927,77,207,8782,2006,7132.0,0.0,1.47591,0.489466,FRA,SVN,840733
9586928,100,207,8782,2006,0.0,2922.0,0.755787,0.992614,HRV,SVN,840733
9586929,111,207,8782,2006,72455.0,0.0,1.293779,0.93995,ITA,SVN,840733
9586930,114,207,8782,2006,1978.0,0.0,2.4348099999999997,0.082887,JPN,SVN,840733
9586931,121,207,8782,2006,2316.0,0.0,1.5384309999999999,0.766628,KOR,SVN,840733
9586932,250,207,8782,2006,1210.0,0.0,0.711619,-0.41880200000000006,ANS,SVN,840733
9586933,43,212,8782,2006,49065.0,0.0,0.737888,2.54966,CHN,SYR,840733
9586934,77,212,8782,2006,10727.0,6146.0,1.47591,0.489466,FRA,SYR,840733
9586935,81,212,8782,2006,2268.0,0.0,1.824154,0.614424,GBR,SYR,840733
9586936,90,212,8782,2006,11998.0,0.0,0.261955,1.488958,GRC,SYR,840733
9586937,114,212,8782,2006,28011.0,0.0,2.4348099999999997,0.082887,JPN,SYR,840733
9586938,121,212,8782,2006,30687.0,0.0,1.5384309999999999,0.766628,KOR,SYR,840733
9586939,162,212,8782,2006,1177.0,0.0,1.192134,1.450852,NLD,SYR,840733
9586940,186,212,8782,2006,2517.0,0.0,0.801197,0.104683,RUS,SYR,840733
9586941,250,212,8782,2006,20758.0,0.0,0.711619,-0.41880200000000006,ANS,SYR,840733
9586942,77,223,8782,2006,49556.0,0.0,1.47591,0.489466,FRA,TUN,840733
9586943,111,223,8782,2006,48643.0,0.0,1.293779,0.93995,ITA,TUN,840733
9586944,28,228,8782,2006,198431.0,0.0,0.919853,0.384409,BLR,UKR,840733
9586945,43,228,8782,2006,6836.0,0.0,0.737888,2.54966,CHN,UKR,840733
9586946,54,228,8782,2006,0.0,54395.0,0.204039,-0.5183260000000001,CUB,UKR,840733
9586947,61,228,8782,2006,6901.0,4580.0,2.132566,-2.773669,DEU,UKR,840733
9586948,71,228,8782,2006,0.0,9158.0,0.9091370000000001,2.068166,ESP,UKR,840733
9586949,81,228,8782,2006,9815.0,0.0,1.824154,0.614424,GBR,UKR,840733
9586950,111,228,8782,2006,13676.0,0.0,1.293779,0.93995,ITA,UKR,840733
9586951,177,228,8782,2006,20657068.0,5108.0,0.991927,1.474418,POL,UKR,840733
9586952,186,228,8782,2006,45191.0,2852.0,0.801197,0.104683,RUS,UKR,840733
9586953,2,246,8782,2006,0.0,3816.0,-2.0822979999999998,-1.176767,AGO,ZAF,840733
9586954,14,246,8782,2006,110707.0,0.0,0.067166,0.373148,AUS,ZAF,840733
9586955,15,246,8782,2006,2990.0,0.0,1.775669,0.192717,AUT,ZAF,840733
9586956,37,246,8782,2006,1563.0,37080.0,-1.0541459999999998,-1.179286,BWA,ZAF,840733
9586957,43,246,8782,2006,7484.0,0.0,0.737888,2.54966,CHN,ZAF,840733
9586958,47,246,8782,2006,0.0,1824.0,-1.9903240000000002,-1.189925,COG,ZAF,840733
9586959,61,246,8782,2006,16562.0,2163.0,2.132566,-2.773669,DEU,ZAF,840733
9586960,64,246,8782,2006,5707.0,0.0,1.2308700000000001,1.180914,DNK,ZAF,840733
9586961,77,246,8782,2006,175834.0,0.0,1.47591,0.489466,FRA,ZAF,840733
9586962,81,246,8782,2006,4096.0,1188.0,1.824154,0.614424,GBR,ZAF,840733
9586963,106,246,8782,2006,2273.0,0.0,1.43804,0.06463200000000001,IRL,ZAF,840733
9586964,111,246,8782,2006,12951.0,0.0,1.293779,0.93995,ITA,ZAF,840733
9586965,114,246,8782,2006,103727.0,0.0,2.4348099999999997,0.082887,JPN,ZAF,840733
9586966,121,246,8782,2006,1071.0,0.0,1.5384309999999999,0.766628,KOR,ZAF,840733
9586967,152,246,8782,2006,0.0,1413.0,-1.145132,-1.0946209999999998,MWI,ZAF,840733
9586968,155,246,8782,2006,5073.0,126227.0,-0.515361,-0.8027350000000001,NAM,ZAF,840733
9586969,209,246,8782,2006,0.0,8906.0,0.750674,0.221306,SWZ,ZAF,840733
9586970,226,246,8782,2006,0.0,22733.0,-0.953097,0.159129,TZA,ZAF,840733
9586971,231,246,8782,2006,409994.0,0.0,1.666643,-0.121679,USA,ZAF,840733
9586972,247,246,8782,2006,0.0,7691.0,-0.5307,-0.793621,ZMB,ZAF,840733
9586973,248,246,8782,2006,6590.0,14438.0,-0.41825500000000004,-0.55313,ZWE,ZAF,840733
9586974,7,37,8782,2006,5705.0,0.0,0.053903999999999994,-0.735124,ARE,BWA,840733
9586975,231,37,8782,2006,5195.0,0.0,1.666643,-0.121679,USA,BWA,840733
9586976,246,37,8782,2006,37080.0,1563.0,0.37964499999999995,1.466326,ZAF,BWA,840733
9586977,7,44,8782,2006,2794.0,0.0,0.053903999999999994,-0.735124,ARE,CIV,840733
9586978,41,44,8782,2006,9988.0,0.0,2.052534,0.515523,CHE,CIV,840733
9586979,61,44,8782,2006,1295.0,0.0,2.132566,-2.773669,DEU,CIV,840733
9586980,77,44,8782,2006,2369.0,0.0,1.47591,0.489466,FRA,CIV,840733
9586981,111,44,8782,2006,1477.0,0.0,1.293779,0.93995,ITA,CIV,840733
9586982,162,44,8782,2006,7466.0,0.0,1.192134,1.450852,NLD,CIV,840733
9586983,77,45,8782,2006,13283.0,0.0,1.47591,0.489466,FRA,CMR,840733
9586984,231,45,8782,2006,5982.0,0.0,1.666643,-0.121679,USA,CMR,840733
9586985,32,54,8782,2006,1658.0,0.0,0.633889,1.1474520000000001,BRA,CUB,840733
9586986,39,54,8782,2006,3505.0,0.0,0.865685,1.1480489999999999,CAN,CUB,840733
9586987,59,54,8782,2006,183294.0,0.0,1.564058,0.6023649999999999,CZE,CUB,840733
9586988,71,54,8782,2006,501622.0,0.0,0.9091370000000001,2.068166,ESP,CUB,840733
9586989,77,54,8782,2006,3559.0,0.0,1.47591,0.489466,FRA,CUB,840733
9586990,111,54,8782,2006,34374.0,0.0,1.293779,0.93995,ITA,CUB,840733
9586991,114,54,8782,2006,15934.0,0.0,2.4348099999999997,0.082887,JPN,CUB,840733
9586992,121,54,8782,2006,1785.0,0.0,1.5384309999999999,0.766628,KOR,CUB,840733
9586993,138,54,8782,2006,8301.0,0.0,1.047268,0.7142270000000001,MEX,CUB,840733
9586994,177,54,8782,2006,51845.0,0.0,0.991927,1.474418,POL,CUB,840733
9586995,186,54,8782,2006,371908.0,0.0,0.801197,0.104683,RUS,CUB,840733
9586996,228,54,8782,2006,54395.0,0.0,0.7008439999999999,0.79656,UKR,CUB,840733
9586997,43,66,8782,2006,1437.0,0.0,0.737888,2.54966,CHN,DZA,840733
9586998,71,66,8782,2006,5354.0,0.0,0.9091370000000001,2.068166,ESP,DZA,840733
9586999,77,66,8782,2006,30835.0,0.0,1.47591,0.489466,FRA,DZA,840733
9587000,81,66,8782,2006,6658.0,0.0,1.824154,0.614424,GBR,DZA,840733
9587001,104,66,8782,2006,2009.0,0.0,0.285652,2.731318,IND,DZA,840733
9587002,111,66,8782,2006,60851.0,0.0,1.293779,0.93995,ITA,DZA,840733
9587003,114,66,8782,2006,1205.0,0.0,2.4348099999999997,0.082887,JPN,DZA,840733
9587004,231,66,8782,2006,24464.0,0.0,1.666643,-0.121679,USA,DZA,840733
9587005,14,83,8782,2006,1956.0,0.0,0.067166,0.373148,AUS,GHA,840733
9587006,18,83,8782,2006,6919.0,0.0,1.2222540000000002,1.383027,BEL,GHA,840733
9587007,39,83,8782,2006,1148.0,0.0,0.865685,1.1480489999999999,CAN,GHA,840733
9587008,43,83,8782,2006,6034.0,0.0,0.737888,2.54966,CHN,GHA,840733
9587009,61,83,8782,2006,9864.0,0.0,2.132566,-2.773669,DEU,GHA,840733
9587010,71,83,8782,2006,893.0,0.0,0.9091370000000001,2.068166,ESP,GHA,840733
9587011,81,83,8782,2006,11681.0,0.0,1.824154,0.614424,GBR,GHA,840733
9587012,106,83,8782,2006,6759.0,0.0,1.43804,0.06463200000000001,IRL,GHA,840733
9587013,111,83,8782,2006,39974.0,0.0,1.293779,0.93995,ITA,GHA,840733
9587014,114,83,8782,2006,2017.0,0.0,2.4348099999999997,0.082887,JPN,GHA,840733
9587015,121,83,8782,2006,11608.0,0.0,1.5384309999999999,0.766628,KOR,GHA,840733
9587016,141,83,8782,2006,0.0,1059.0,-0.503462,-0.778836,MLI,GHA,840733
9587017,157,83,8782,2006,0.0,549.0,-0.554188,-0.708255,NER,GHA,840733
9587018,208,83,8782,2006,2066.0,0.0,1.902737,0.593294,SWE,GHA,840733
9587019,231,83,8782,2006,4977.0,0.0,1.666643,-0.121679,USA,GHA,840733
9587020,7,134,8782,2006,0.0,1719.0,0.053903999999999994,-0.735124,ARE,MAR,840733
9587021,15,134,8782,2006,3201.0,0.0,1.775669,0.192717,AUT,MAR,840733
9587022,32,134,8782,2006,1028.0,0.0,0.633889,1.1474520000000001,BRA,MAR,840733
9587023,77,134,8782,2006,18266.0,0.0,1.47591,0.489466,FRA,MAR,840733
9587024,114,134,8782,2006,4460.0,0.0,2.4348099999999997,0.082887,JPN,MAR,840733
9587025,121,134,8782,2006,9861.0,0.0,1.5384309999999999,0.766628,KOR,MAR,840733
9587026,77,136,8782,2006,49462.0,1018.0,1.47591,0.489466,FRA,MDG,840733
9587027,81,136,8782,2006,2102.0,0.0,1.824154,0.614424,GBR,MDG,840733
9587028,81,142,8782,2006,1628.0,0.0,1.824154,0.614424,GBR,MLT,840733
9587029,111,142,8782,2006,9769.0,0.0,1.293779,0.93995,ITA,MLT,840733
9587030,126,142,8782,2006,0.0,1028.0,-0.518724,-1.142074,LBY,MLT,840733
9587031,231,142,8782,2006,5488.0,0.0,1.666643,-0.121679,USA,MLT,840733
9587032,249,142,8782,2006,1862.0,0.0,1.619915,1.2289940000000001,TWN,MLT,840733
9587033,114,151,8782,2006,2729.0,0.0,2.4348099999999997,0.082887,JPN,MUS,840733
9587034,2,155,8782,2006,0.0,11351.0,-2.0822979999999998,-1.176767,AGO,NAM,840733
9587035,246,155,8782,2006,126227.0,5073.0,0.37964499999999995,1.466326,ZAF,NAM,840733
9587036,14,159,8782,2006,1525.0,0.0,0.067166,0.373148,AUS,NGA,840733
9587037,18,159,8782,2006,3483.0,0.0,1.2222540000000002,1.383027,BEL,NGA,840733
9587038,77,159,8782,2006,10540.0,0.0,1.47591,0.489466,FRA,NGA,840733
9587039,81,159,8782,2006,4201.0,0.0,1.824154,0.614424,GBR,NGA,840733
9587040,106,159,8782,2006,1097.0,0.0,1.43804,0.06463200000000001,IRL,NGA,840733
9587041,114,159,8782,2006,30745.0,0.0,2.4348099999999997,0.082887,JPN,NGA,840733
9587042,157,159,8782,2006,4438.0,2671.0,-0.554188,-0.708255,NER,NGA,840733
9587043,166,159,8782,2006,1270.0,0.0,0.5371,0.8240209999999999,NZL,NGA,840733
9587044,231,159,8782,2006,18749.0,0.0,1.666643,-0.121679,USA,NGA,840733
9587045,7,191,8782,2006,115665.0,0.0,0.053903999999999994,-0.735124,ARE,SEN,840733
9587046,18,191,8782,2006,1694.0,0.0,1.2222540000000002,1.383027,BEL,SEN,840733
9587047,43,191,8782,2006,2241.0,0.0,0.737888,2.54966,CHN,SEN,840733
9587048,61,191,8782,2006,2852.0,0.0,2.132566,-2.773669,DEU,SEN,840733
9587049,71,191,8782,2006,5616.0,0.0,0.9091370000000001,2.068166,ESP,SEN,840733
9587050,77,191,8782,2006,64851.0,0.0,1.47591,0.489466,FRA,SEN,840733
9587051,111,191,8782,2006,28892.0,0.0,1.293779,0.93995,ITA,SEN,840733
9587052,153,191,8782,2006,1746.0,0.0,0.7896569999999999,0.363625,MYS,SEN,840733
9587053,192,191,8782,2006,1481.0,0.0,1.5377379999999998,0.503089,SGP,SEN,840733
9587054,7,226,8782,2006,2535.0,0.0,0.053903999999999994,-0.735124,ARE,TZA,840733
9587055,77,226,8782,2006,16937.0,0.0,1.47591,0.489466,FRA,TZA,840733
9587056,81,226,8782,2006,9213.0,0.0,1.824154,0.614424,GBR,TZA,840733
9587057,114,226,8782,2006,2546.0,0.0,2.4348099999999997,0.082887,JPN,TZA,840733
9587058,192,226,8782,2006,950.0,0.0,1.5377379999999998,0.503089,SGP,TZA,840733
9587059,246,226,8782,2006,22733.0,0.0,0.37964499999999995,1.466326,ZAF,TZA,840733
9587060,81,227,8782,2006,1165.0,0.0,1.824154,0.614424,GBR,UGA,840733
9587061,43,239,8782,2006,0.0,92164.0,0.737888,2.54966,CHN,VNM,840733
9587062,77,239,8782,2006,2058.0,0.0,1.47591,0.489466,FRA,VNM,840733
9587063,114,239,8782,2006,6237.0,0.0,2.4348099999999997,0.082887,JPN,VNM,840733
9587064,121,239,8782,2006,9940.0,0.0,1.5384309999999999,0.766628,KOR,VNM,840733
9587065,192,239,8782,2006,11734.0,0.0,1.5377379999999998,0.503089,SGP,VNM,840733
9587066,216,239,8782,2006,414571.0,0.0,0.568209,1.685343,THA,VNM,840733
9587067,249,239,8782,2006,1727.0,0.0,1.619915,1.2289940000000001,TWN,VNM,840733
9587068,231,247,8782,2006,2862.0,0.0,1.666643,-0.121679,USA,ZMB,840733
9587069,246,247,8782,2006,7691.0,0.0,0.37964499999999995,1.466326,ZAF,ZMB,840733
9587070,246,248,8782,2006,14438.0,6590.0,0.37964499999999995,1.466326,ZAF,ZWE,840733
9587071,61,26,8782,2006,1717.0,0.0,2.132566,-2.773669,DEU,BIH,840733
9587072,100,26,8782,2006,3847.0,0.0,0.755787,0.992614,HRV,BIH,840733
9587073,111,26,8782,2006,3082.0,0.0,1.293779,0.93995,ITA,BIH,840733
9587074,201,26,8782,2006,0.0,3730.0,0.547824,1.5588879999999998,SRB,BIH,840733
9587075,231,26,8782,2006,799.0,0.0,1.666643,-0.121679,USA,BIH,840733
9587076,231,29,8782,2006,5995.0,0.0,1.666643,-0.121679,USA,BLZ,840733
9587077,81,63,8782,2006,8988.0,0.0,1.824154,0.614424,GBR,DMA,840733
9587078,114,63,8782,2006,3408.0,0.0,2.4348099999999997,0.082887,JPN,DMA,840733
9587079,166,75,8782,2006,1373.0,3137.0,0.5371,0.8240209999999999,NZL,FJI,840733
9587080,231,120,8782,2006,854.0,0.0,1.666643,-0.121679,USA,KNA,840733
9587081,114,234,8782,2006,5037.0,0.0,2.4348099999999997,0.082887,JPN,VCT,840733
9587082,222,234,8782,2006,967.0,3860.0,-0.20651399999999998,-1.024907,TTO,VCT,840733
9587083,231,237,8782,2006,5765.0,0.0,1.666643,-0.121679,USA,VGB,840733
9587084,7,17,8782,2006,8359.0,0.0,0.053903999999999994,-0.735124,ARE,BDI,840733
9587085,28,135,8782,2006,6510.0,0.0,0.919853,0.384409,BLR,MDA,840733
9587086,185,135,8782,2006,5397.0,0.0,0.550825,1.170744,ROU,MDA,840733
9587087,61,144,8782,2006,2652.0,0.0,2.132566,-2.773669,DEU,MNE,840733
9587088,104,178,8782,2006,0.0,7054.0,0.285652,2.731318,IND,PRK,840733
9587089,197,178,8782,2006,0.0,3633.0,-0.135312,0.140874,SLV,PRK,840733
9587090,246,209,8782,2006,8906.0,0.0,0.37964499999999995,1.466326,ZAF,SWZ,840733
9587091,121,232,8782,2006,50165272.0,0.0,1.5384309999999999,0.766628,KOR,UZB,840733
9587092,7,73,8782,2006,14378.0,0.0,0.053903999999999994,-0.735124,ARE,ETH,840733
9587093,111,73,8782,2006,2525.0,0.0,1.293779,0.93995,ITA,ETH,840733
9587094,114,73,8782,2006,34237.0,0.0,2.4348099999999997,0.082887,JPN,ETH,840733
9587095,231,127,8782,2006,2004.0,0.0,1.666643,-0.121679,USA,LCA,840733
9587096,7,187,8782,2006,11926.0,0.0,0.053903999999999994,-0.735124,ARE,RWA,840733
9587097,71,5,8782,2006,3758.0,0.0,0.9091370000000001,2.068166,ESP,AND,840733
9587098,39,30,8782,2006,4159.0,0.0,0.865685,1.1480489999999999,CAN,BMU,840733
9587099,114,91,8782,2006,2701.0,0.0,2.4348099999999997,0.082887,JPN,GRD,840733
9587100,231,91,8782,2006,9166.0,0.0,1.666643,-0.121679,USA,GRD,840733
9587101,231,101,8782,2006,21006.0,0.0,1.666643,-0.121679,USA,HTI,840733
9587102,77,141,8782,2006,3435.0,0.0,1.47591,0.489466,FRA,MLI,840733
9587103,83,141,8782,2006,1059.0,0.0,-0.9934860000000001,-0.809318,GHA,MLI,840733
9587104,157,141,8782,2006,576.0,0.0,-0.554188,-0.708255,NER,MLI,840733
9587105,7,152,8782,2006,1621.0,0.0,0.053903999999999994,-0.735124,ARE,MWI,840733
9587106,246,152,8782,2006,1413.0,0.0,0.37964499999999995,1.466326,ZAF,MWI,840733
9587107,72,250,8782,2006,0.0,21254.0,0.6426350000000001,0.925003,EST,ANS,840733
9587108,77,250,8782,2006,0.0,1085.0,1.47591,0.489466,FRA,ANS,840733
9587109,90,250,8782,2006,3082.0,0.0,0.261955,1.488958,GRC,ANS,840733
9587110,111,250,8782,2006,4310.0,0.0,1.293779,0.93995,ITA,ANS,840733
9587111,157,250,8782,2006,16622.0,0.0,-0.554188,-0.708255,NER,ANS,840733
9587112,201,250,8782,2006,0.0,17915.0,0.547824,1.5588879999999998,SRB,ANS,840733
9587113,206,250,8782,2006,0.0,83622.0,1.291583,0.868317,SVK,ANS,840733
9587114,207,250,8782,2006,0.0,1210.0,1.5882370000000001,0.800719,SVN,ANS,840733
9587115,212,250,8782,2006,0.0,20758.0,-0.588695,0.532487,SYR,ANS,840733
9587116,114,1,8782,2006,141909.0,0.0,2.4348099999999997,0.082887,JPN,AFG,840733
9587117,81,2,8782,2006,4222.0,0.0,1.824154,0.614424,GBR,AGO,840733
9587118,155,2,8782,2006,11351.0,0.0,-0.515361,-0.8027350000000001,NAM,AGO,840733
9587119,179,2,8782,2006,28553.0,0.0,0.5723630000000001,1.92303,PRT,AGO,840733
9587120,246,2,8782,2006,3816.0,0.0,0.37964499999999995,1.466326,ZAF,AGO,840733
9587121,77,4,8782,2006,0.0,5707.0,1.47591,0.489466,FRA,ALB,840733
9587122,111,4,8782,2006,1271.0,0.0,1.293779,0.93995,ITA,ALB,840733
9587123,186,9,8782,2006,24374.0,0.0,0.801197,0.104683,RUS,ARM,840733
9587124,77,19,8782,2006,1153.0,0.0,1.47591,0.489466,FRA,BEN,840733
9587125,81,34,8782,2006,19577.0,0.0,1.824154,0.614424,GBR,BRN,840733
9587126,114,34,8782,2006,48553.0,0.0,2.4348099999999997,0.082887,JPN,BRN,840733
9587127,121,34,8782,2006,5848.0,0.0,1.5384309999999999,0.766628,KOR,BRN,840733
9587128,153,34,8782,2006,3120.0,0.0,0.7896569999999999,0.363625,MYS,BRN,840733
9587129,231,34,8782,2006,1277.0,0.0,1.666643,-0.121679,USA,BRN,840733
9587130,77,50,8782,2006,3268.0,0.0,1.47591,0.489466,FRA,COM,840733
9587131,81,87,8782,2006,2225.0,0.0,1.824154,0.614424,GBR,GMB,840733
9587132,224,108,8782,2006,1980.0,0.0,0.33971599999999996,2.193384,TUR,IRQ,840733
9587133,77,109,8782,2006,4957.0,0.0,1.47591,0.489466,FRA,ISL,840733
9587134,81,109,8782,2006,10071.0,0.0,1.824154,0.614424,GBR,ISL,840733
9587135,231,109,8782,2006,3109.0,0.0,1.666643,-0.121679,USA,ISL,840733
9587136,77,126,8782,2006,12553.0,0.0,1.47591,0.489466,FRA,LBY,840733
9587137,81,126,8782,2006,2422.0,0.0,1.824154,0.614424,GBR,LBY,840733
9587138,142,126,8782,2006,1028.0,0.0,1.384411,0.093734,MLT,LBY,840733
9587139,81,137,8782,2006,839.0,0.0,1.824154,0.614424,GBR,MDV,840733
9587140,128,137,8782,2006,3140.0,0.0,-0.573767,0.305913,LKA,MDV,840733
9587141,77,154,8782,2006,1307.0,0.0,1.47591,0.489466,FRA,MYT,840733
9587142,14,156,8782,2006,3656.0,0.0,0.067166,0.373148,AUS,NCL,840733
9587143,77,156,8782,2006,2541.0,0.0,1.47591,0.489466,FRA,NCL,840733
9587144,83,157,8782,2006,549.0,0.0,-0.9934860000000001,-0.809318,GHA,NER,840733
9587145,114,157,8782,2006,261.0,0.0,2.4348099999999997,0.082887,JPN,NER,840733
9587146,141,157,8782,2006,0.0,576.0,-0.503462,-0.778836,MLI,NER,840733
9587147,159,157,8782,2006,2671.0,4438.0,-2.094353,-1.215025,NGA,NER,840733
9587148,215,157,8782,2006,6205.0,2401.0,-0.8304020000000001,-0.678178,TGO,NER,840733
9587149,250,157,8782,2006,0.0,16622.0,0.711619,-0.41880200000000006,ANS,NER,840733
9587150,77,182,8782,2006,1412.0,0.0,1.47591,0.489466,FRA,PYF,840733
9587151,7,190,8782,2006,1489.0,0.0,0.053903999999999994,-0.735124,ARE,SDN,840733
9587152,43,190,8782,2006,24075.0,0.0,0.737888,2.54966,CHN,SDN,840733
9587153,81,190,8782,2006,3596.0,0.0,1.824154,0.614424,GBR,SDN,840733
9587154,121,190,8782,2006,8296.0,0.0,1.5384309999999999,0.766628,KOR,SDN,840733
9587155,162,190,8782,2006,2700.0,0.0,1.192134,1.450852,NLD,SDN,840733
9587156,224,190,8782,2006,1314.0,0.0,0.33971599999999996,2.193384,TUR,SDN,840733
9587157,77,214,8782,2006,35150.0,0.0,1.47591,0.489466,FRA,TCD,840733
9587158,77,21,8782,2006,5021.0,0.0,1.47591,0.489466,FRA,BFA,840733
9587159,77,46,8782,2006,22596.0,0.0,1.47591,0.489466,FRA,COD,840733
9587160,111,46,8782,2006,27352.0,0.0,1.293779,0.93995,ITA,COD,840733
9587161,231,46,8782,2006,20000.0,0.0,1.666643,-0.121679,USA,COD,840733
9587162,246,47,8782,2006,1824.0,0.0,0.37964499999999995,1.466326,ZAF,COG,840733
9587163,114,51,8782,2006,1226.0,0.0,2.4348099999999997,0.082887,JPN,CPV,840733
9587164,162,51,8782,2006,3460.0,0.0,1.192134,1.450852,NLD,CPV,840733
9587165,179,51,8782,2006,10251.0,0.0,0.5723630000000001,1.92303,PRT,CPV,840733
9587166,231,51,8782,2006,1991.0,0.0,1.666643,-0.121679,USA,CPV,840733
9587167,64,78,8782,2006,15510.0,0.0,1.2308700000000001,1.180914,DNK,FRO,840733
9587168,111,78,8782,2006,1436.0,0.0,1.293779,0.93995,ITA,FRO,840733
9587169,114,78,8782,2006,2146.0,0.0,2.4348099999999997,0.082887,JPN,FRO,840733
9587170,71,89,8782,2006,27644.0,0.0,0.9091370000000001,2.068166,ESP,GNQ,840733
9587171,39,92,8782,2006,6706.0,0.0,0.865685,1.1480489999999999,CAN,GRL,840733
9587172,64,92,8782,2006,47327.0,0.0,1.2308700000000001,1.180914,DNK,GRL,840733
9587173,192,143,8782,2006,63374.0,0.0,1.5377379999999998,0.503089,SGP,MMR,840733
9587174,77,215,8782,2006,7532.0,0.0,1.47591,0.489466,FRA,TGO,840733
9587175,157,215,8782,2006,2401.0,6205.0,-0.554188,-0.708255,NER,TGO,840733
9587176,166,48,8782,2006,7805.0,0.0,0.5371,0.8240209999999999,NZL,COK,840733
9587177,39,57,8782,2006,12820.0,0.0,0.865685,1.1480489999999999,CAN,CYM,840733
9587178,43,123,8782,2006,9827.0,0.0,0.737888,2.54966,CHN,LAO,840733
9587179,114,123,8782,2006,3094.0,0.0,2.4348099999999997,0.082887,JPN,LAO,840733
9587180,166,158,8782,2006,2535.0,0.0,0.5371,0.8240209999999999,NZL,NFK,840733
9587181,81,164,8782,2006,20651.0,0.0,1.824154,0.614424,GBR,NPL,840733
9587182,162,6,8803,2006,6133.0,0.0,1.192134,1.450852,NLD,ANT,841210
9587183,231,6,8803,2006,38338.0,0.0,1.666643,-0.121679,USA,ANT,841210
9587184,42,8,8803,2006,0.0,55354.0,-0.188298,-0.46778000000000003,CHL,ARG,841210
9587185,81,8,8803,2006,595124.0,0.0,1.824154,0.614424,GBR,ARG,841210
9587186,231,8,8803,2006,91840.0,0.0,1.666643,-0.121679,USA,ARG,841210
9587187,23,15,8803,2006,248474.0,0.0,0.414563,1.378005,BGR,AUT,841210
9587188,41,15,8803,2006,4713.0,0.0,2.052534,0.515523,CHE,AUT,841210
9587189,43,15,8803,2006,0.0,141919.0,0.737888,2.54966,CHN,AUT,841210
9587190,59,15,8803,2006,0.0,1104.0,1.564058,0.6023649999999999,CZE,AUT,841210
9587191,104,15,8803,2006,0.0,3287.0,0.285652,2.731318,IND,AUT,841210
9587192,106,15,8803,2006,0.0,3223.0,1.43804,0.06463200000000001,IRL,AUT,841210
9587193,111,15,8803,2006,1537.0,0.0,1.293779,0.93995,ITA,AUT,841210
9587194,121,15,8803,2006,3790.0,7819.0,1.5384309999999999,0.766628,KOR,AUT,841210
9587195,131,15,8803,2006,0.0,10622.0,1.4345620000000001,0.8840819999999999,LUX,AUT,841210
9587196,153,15,8803,2006,0.0,102237.0,0.7896569999999999,0.363625,MYS,AUT,841210
9587197,163,15,8803,2006,0.0,1841.0,1.0787930000000001,0.014051,NOR,AUT,841210
9587198,186,15,8803,2006,0.0,6935.0,0.801197,0.104683,RUS,AUT,841210
9587199,188,15,8803,2006,0.0,1107.0,0.162432,-0.853059,SAU,AUT,841210
9587200,190,15,8803,2006,0.0,2133935.0,-1.873762,-1.278378,SDN,AUT,841210
9587201,208,15,8803,2006,15864.0,0.0,1.902737,0.593294,SWE,AUT,841210
9587202,231,15,8803,2006,25443.0,29428.0,1.666643,-0.121679,USA,AUT,841210
9587203,43,18,8803,2006,23414.0,0.0,0.737888,2.54966,CHN,BEL,841210
9587204,61,18,8803,2006,641660.0,0.0,2.132566,-2.773669,DEU,BEL,841210
9587205,77,18,8803,2006,223092.0,1259.0,1.47591,0.489466,FRA,BEL,841210
9587206,102,18,8803,2006,0.0,24145.0,1.4034309999999999,0.835144,HUN,BEL,841210
9587207,131,18,8803,2006,0.0,1806.0,1.4345620000000001,0.8840819999999999,LUX,BEL,841210
9587208,162,18,8803,2006,6071.0,1248.0,1.192134,1.450852,NLD,BEL,841210
9587209,187,18,8803,2006,0.0,17643.0,-0.032827999999999996,-0.42937600000000004,RWA,BEL,841210
9587210,188,18,8803,2006,0.0,3449110.0,0.162432,-0.853059,SAU,BEL,841210
9587211,231,18,8803,2006,9184451.0,0.0,1.666643,-0.121679,USA,BEL,841210
9587212,236,18,8803,2006,0.0,2595.0,-0.340972,-1.015462,VEN,BEL,841210
9587213,81,25,8803,2006,0.0,25340.0,1.824154,0.614424,GBR,BHS,841210
9587214,231,25,8803,2006,4376.0,13018.0,1.666643,-0.121679,USA,BHS,841210
9587215,169,31,8803,2006,0.0,712.0,0.306664,0.638533,PAN,BOL,841210
9587216,231,31,8803,2006,2235.0,0.0,1.666643,-0.121679,USA,BOL,841210
9587217,2,32,8803,2006,0.0,2506.0,-2.0822979999999998,-1.176767,AGO,BRA,841210
9587218,39,32,8803,2006,2242.0,0.0,0.865685,1.1480489999999999,CAN,BRA,841210
9587219,81,32,8803,2006,545053.0,0.0,1.824154,0.614424,GBR,BRA,841210
9587220,208,32,8803,2006,12916.0,0.0,1.902737,0.593294,SWE,BRA,841210
9587221,231,32,8803,2006,38048.0,0.0,1.666643,-0.121679,USA,BRA,841210
9587222,236,32,8803,2006,0.0,1486.0,-0.340972,-1.015462,VEN,BRA,841210
9587223,208,33,8803,2006,1686.0,0.0,1.902737,0.593294,SWE,BRB,841210
9587224,23,39,8803,2006,0.0,8923.0,0.414563,1.378005,BGR,CAN,841210
9587225,32,39,8803,2006,0.0,2242.0,0.633889,1.1474520000000001,BRA,CAN,841210
9587226,49,39,8803,2006,0.0,3633965.0,0.129887,0.44371700000000003,COL,CAN,841210
9587227,65,39,8803,2006,0.0,1801.0,-0.24073699999999998,0.049093,DOM,CAN,841210
9587228,74,39,8803,2006,9299.0,0.0,1.864038,0.8193940000000001,FIN,CAN,841210
9587229,77,39,8803,2006,1215.0,22311.0,1.47591,0.489466,FRA,CAN,841210
9587230,81,39,8803,2006,5533382.0,3084952.0,1.824154,0.614424,GBR,CAN,841210
9587231,83,39,8803,2006,0.0,7380.0,-0.9934860000000001,-0.809318,GHA,CAN,841210
9587232,103,39,8803,2006,0.0,7655.0,-0.21012399999999998,1.467838,IDN,CAN,841210
9587233,104,39,8803,2006,74428.0,0.0,0.285652,2.731318,IND,CAN,841210
9587234,106,39,8803,2006,0.0,2678.0,1.43804,0.06463200000000001,IRL,CAN,841210
9587235,131,39,8803,2006,0.0,15471.0,1.4345620000000001,0.8840819999999999,LUX,CAN,841210
9587236,138,39,8803,2006,0.0,2338.0,1.047268,0.7142270000000001,MEX,CAN,841210
9587237,162,39,8803,2006,29414.0,95297.0,1.192134,1.450852,NLD,CAN,841210
9587238,166,39,8803,2006,504476.0,0.0,0.5371,0.8240209999999999,NZL,CAN,841210
9587239,167,39,8803,2006,0.0,1720103.0,-0.6373989999999999,-1.092554,OMN,CAN,841210
9587240,186,39,8803,2006,1537.0,0.0,0.801197,0.104683,RUS,CAN,841210
9587241,188,39,8803,2006,0.0,4069.0,0.162432,-0.853059,SAU,CAN,841210
9587242,216,39,8803,2006,7130.0,0.0,0.568209,1.685343,THA,CAN,841210
9587243,231,39,8803,2006,404374.0,102367.0,1.666643,-0.121679,USA,CAN,841210
9587244,241,39,8803,2006,0.0,21944.0,1.609916,-0.311544,WLF,CAN,841210
9587245,15,41,8803,2006,0.0,4713.0,1.775669,0.192717,AUT,CHE,841210
9587246,23,41,8803,2006,2271.0,0.0,0.414563,1.378005,BGR,CHE,841210
9587247,61,41,8803,2006,5225386.0,0.0,2.132566,-2.773669,DEU,CHE,841210
9587248,71,41,8803,2006,0.0,8490.0,0.9091370000000001,2.068166,ESP,CHE,841210
9587249,77,41,8803,2006,0.0,1828.0,1.47591,0.489466,FRA,CHE,841210
9587250,81,41,8803,2006,75656.0,55239.0,1.824154,0.614424,GBR,CHE,841210
9587251,104,41,8803,2006,0.0,117340.0,0.285652,2.731318,IND,CHE,841210
9587252,162,41,8803,2006,49961.0,0.0,1.192134,1.450852,NLD,CHE,841210
9587253,208,41,8803,2006,5282.0,889804.0,1.902737,0.593294,SWE,CHE,841210
9587254,8,42,8803,2006,55354.0,0.0,0.33055,0.665867,ARG,CHL,841210
9587255,71,42,8803,2006,1975.0,0.0,0.9091370000000001,2.068166,ESP,CHL,841210
9587256,81,42,8803,2006,80610.0,0.0,1.824154,0.614424,GBR,CHL,841210
9587257,111,42,8803,2006,4868.0,0.0,1.293779,0.93995,ITA,CHL,841210
9587258,208,42,8803,2006,1132.0,0.0,1.902737,0.593294,SWE,CHL,841210
9587259,231,42,8803,2006,32917.0,0.0,1.666643,-0.121679,USA,CHL,841210
9587260,15,43,8803,2006,141919.0,0.0,1.775669,0.192717,AUT,CHN,841210
9587261,18,43,8803,2006,0.0,23414.0,1.2222540000000002,1.383027,BEL,CHN,841210
9587262,64,43,8803,2006,0.0,9582.0,1.2308700000000001,1.180914,DNK,CHN,841210
9587263,74,43,8803,2006,2162.0,0.0,1.864038,0.8193940000000001,FIN,CHN,841210
9587264,77,43,8803,2006,1674757.0,0.0,1.47591,0.489466,FRA,CHN,841210
9587265,80,43,8803,2006,0.0,2131.0,-1.6696819999999999,-1.173322,GAB,CHN,841210
9587266,81,43,8803,2006,1264857.0,193469.0,1.824154,0.614424,GBR,CHN,841210
9587267,103,43,8803,2006,0.0,3899.0,-0.21012399999999998,1.467838,IDN,CHN,841210
9587268,104,43,8803,2006,0.0,36804.0,0.285652,2.731318,IND,CHN,841210
9587269,107,43,8803,2006,0.0,122161.0,-0.391023,-0.767861,IRN,CHN,841210
9587270,114,43,8803,2006,3755.0,0.0,2.4348099999999997,0.082887,JPN,CHN,841210
9587271,121,43,8803,2006,17427.0,616870.0,1.5384309999999999,0.766628,KOR,CHN,841210
9587272,153,43,8803,2006,4303690.0,150068.0,0.7896569999999999,0.363625,MYS,CHN,841210
9587273,166,43,8803,2006,11481.0,0.0,0.5371,0.8240209999999999,NZL,CHN,841210
9587274,177,43,8803,2006,0.0,4251.0,0.991927,1.474418,POL,CHN,841210
9587275,183,43,8803,2006,0.0,1468.0,0.055777999999999994,-1.0379049999999999,QAT,CHN,841210
9587276,188,43,8803,2006,0.0,17433.0,0.162432,-0.853059,SAU,CHN,841210
9587277,208,43,8803,2006,242074.0,2472.0,1.902737,0.593294,SWE,CHN,841210
9587278,216,43,8803,2006,0.0,1374.0,0.568209,1.685343,THA,CHN,841210
9587279,224,43,8803,2006,0.0,65290.0,0.33971599999999996,2.193384,TUR,CHN,841210
9587280,231,43,8803,2006,358873.0,69599.0,1.666643,-0.121679,USA,CHN,841210
9587281,239,43,8803,2006,0.0,259710.0,-0.342779,1.033318,VNM,CHN,841210
9587282,39,49,8803,2006,3633965.0,0.0,0.865685,1.1480489999999999,CAN,COL,841210
9587283,59,49,8803,2006,198729.0,0.0,1.564058,0.6023649999999999,CZE,COL,841210
9587284,77,49,8803,2006,1429.0,0.0,1.47591,0.489466,FRA,COL,841210
9587285,81,49,8803,2006,55157.0,0.0,1.824154,0.614424,GBR,COL,841210
9587286,162,49,8803,2006,7298471.0,0.0,1.192134,1.450852,NLD,COL,841210
9587287,169,49,8803,2006,0.0,188424.0,0.306664,0.638533,PAN,COL,841210
9587288,228,49,8803,2006,82346.0,0.0,0.7008439999999999,0.79656,UKR,COL,841210
9587289,231,49,8803,2006,971881.0,9934.0,1.666643,-0.121679,USA,COL,841210
9587290,111,52,8803,2006,3119.0,0.0,1.293779,0.93995,ITA,CRI,841210
9587291,231,52,8803,2006,11359.0,0.0,1.666643,-0.121679,USA,CRI,841210
9587292,15,59,8803,2006,1104.0,0.0,1.775669,0.192717,AUT,CZE,841210
9587293,49,59,8803,2006,0.0,198729.0,0.129887,0.44371700000000003,COL,CZE,841210
9587294,77,59,8803,2006,0.0,1242.0,1.47591,0.489466,FRA,CZE,841210
9587295,111,59,8803,2006,1085.0,0.0,1.293779,0.93995,ITA,CZE,841210
9587296,130,59,8803,2006,54737.0,0.0,0.44063599999999997,1.163857,LTU,CZE,841210
9587297,132,59,8803,2006,0.0,12251.0,0.531375,0.9414170000000001,LVA,CZE,841210
9587298,206,59,8803,2006,0.0,171978.0,1.291583,0.868317,SVK,CZE,841210
9587299,228,59,8803,2006,6676.0,70671.0,0.7008439999999999,0.79656,UKR,CZE,841210
9587300,18,61,8803,2006,0.0,641660.0,1.2222540000000002,1.383027,BEL,DEU,841210
9587301,22,61,8803,2006,1592.0,205928.0,-1.0305309999999999,-0.80937,BGD,DEU,841210
9587302,23,61,8803,2006,33292.0,0.0,0.414563,1.378005,BGR,DEU,841210
9587303,41,61,8803,2006,0.0,5225386.0,2.052534,0.515523,CHE,DEU,841210
9587304,64,61,8803,2006,0.0,24035.0,1.2308700000000001,1.180914,DNK,DEU,841210
9587305,65,61,8803,2006,0.0,901.0,-0.24073699999999998,0.049093,DOM,DEU,841210
9587306,68,61,8803,2006,0.0,66502.0,-0.182272,0.40222399999999997,EGY,DEU,841210
9587307,71,61,8803,2006,1022.0,497475.0,0.9091370000000001,2.068166,ESP,DEU,841210
9587308,72,61,8803,2006,0.0,12791.0,0.6426350000000001,0.925003,EST,DEU,841210
9587309,74,61,8803,2006,1498.0,0.0,1.864038,0.8193940000000001,FIN,DEU,841210
9587310,77,61,8803,2006,22688178.0,6409320.0,1.47591,0.489466,FRA,DEU,841210
9587311,81,61,8803,2006,518615.0,5820963.0,1.824154,0.614424,GBR,DEU,841210
9587312,103,61,8803,2006,0.0,3695.0,-0.21012399999999998,1.467838,IDN,DEU,841210
9587313,104,61,8803,2006,18384.0,20339196.0,0.285652,2.731318,IND,DEU,841210
9587314,106,61,8803,2006,12424.0,6836.0,1.43804,0.06463200000000001,IRL,DEU,841210
9587315,107,61,8803,2006,0.0,599685.0,-0.391023,-0.767861,IRN,DEU,841210
9587316,110,61,8803,2006,0.0,913.0,1.3082129999999998,0.783845,ISR,DEU,841210
9587317,111,61,8803,2006,44556.0,77511.0,1.293779,0.93995,ITA,DEU,841210
9587318,114,61,8803,2006,0.0,3296802.0,2.4348099999999997,0.082887,JPN,DEU,841210
9587319,116,61,8803,2006,0.0,3377.0,-0.38287899999999997,1.060286,KEN,DEU,841210
9587320,121,61,8803,2006,0.0,4575.0,1.5384309999999999,0.766628,KOR,DEU,841210
9587321,131,61,8803,2006,125653.0,0.0,1.4345620000000001,0.8840819999999999,LUX,DEU,841210
9587322,132,61,8803,2006,0.0,23298.0,0.531375,0.9414170000000001,LVA,DEU,841210
9587323,162,61,8803,2006,252100.0,467371.0,1.192134,1.450852,NLD,DEU,841210
9587324,163,61,8803,2006,306997.0,0.0,1.0787930000000001,0.014051,NOR,DEU,841210
9587325,166,61,8803,2006,55057.0,0.0,0.5371,0.8240209999999999,NZL,DEU,841210
9587326,174,61,8803,2006,0.0,6810.0,0.161994,0.036631,PHL,DEU,841210
9587327,177,61,8803,2006,0.0,77144.0,0.991927,1.474418,POL,DEU,841210
9587328,179,61,8803,2006,0.0,2169.0,0.5723630000000001,1.92303,PRT,DEU,841210
9587329,183,61,8803,2006,0.0,839837.0,0.055777999999999994,-1.0379049999999999,QAT,DEU,841210
9587330,188,61,8803,2006,0.0,9151.0,0.162432,-0.853059,SAU,DEU,841210
9587331,211,61,8803,2006,0.0,3068.0,-0.344619,-0.796139,SYC,DEU,841210
9587332,216,61,8803,2006,0.0,59377.0,0.568209,1.685343,THA,DEU,841210
9587333,223,61,8803,2006,0.0,3332858.0,-0.013636,0.804752,TUN,DEU,841210
9587334,231,61,8803,2006,3515587.0,8799502.0,1.666643,-0.121679,USA,DEU,841210
9587335,236,61,8803,2006,0.0,4323.0,-0.340972,-1.015462,VEN,DEU,841210
9587336,246,61,8803,2006,0.0,7035.0,0.37964499999999995,1.466326,ZAF,DEU,841210
9587337,43,64,8803,2006,9582.0,0.0,0.737888,2.54966,CHN,DNK,841210
9587338,61,64,8803,2006,24035.0,0.0,2.132566,-2.773669,DEU,DNK,841210
9587339,78,64,8803,2006,0.0,5912.0,-0.117631,-0.69352,FRO,DNK,841210
9587340,81,64,8803,2006,358105.0,2153.0,1.824154,0.614424,GBR,DNK,841210
9587341,104,64,8803,2006,79670.0,56715.0,0.285652,2.731318,IND,DNK,841210
9587342,106,64,8803,2006,6490.0,0.0,1.43804,0.06463200000000001,IRL,DNK,841210
9587343,111,64,8803,2006,7452.0,0.0,1.293779,0.93995,ITA,DNK,841210
9587344,114,64,8803,2006,2100.0,0.0,2.4348099999999997,0.082887,JPN,DNK,841210
9587345,121,64,8803,2006,0.0,97415.0,1.5384309999999999,0.766628,KOR,DNK,841210
9587346,130,64,8803,2006,0.0,6118.0,0.44063599999999997,1.163857,LTU,DNK,841210
9587347,153,64,8803,2006,198559.0,0.0,0.7896569999999999,0.363625,MYS,DNK,841210
9587348,162,64,8803,2006,2546.0,0.0,1.192134,1.450852,NLD,DNK,841210
9587349,163,64,8803,2006,1139832.0,12418.0,1.0787930000000001,0.014051,NOR,DNK,841210
9587350,208,64,8803,2006,0.0,69753.0,1.902737,0.593294,SWE,DNK,841210
9587351,231,64,8803,2006,53422.0,3094.0,1.666643,-0.121679,USA,DNK,841210
9587352,39,65,8803,2006,1801.0,0.0,0.865685,1.1480489999999999,CAN,DOM,841210
9587353,61,65,8803,2006,901.0,0.0,2.132566,-2.773669,DEU,DOM,841210
9587354,71,65,8803,2006,2870.0,0.0,0.9091370000000001,2.068166,ESP,DOM,841210
9587355,77,65,8803,2006,3684.0,0.0,1.47591,0.489466,FRA,DOM,841210
9587356,111,65,8803,2006,2491.0,0.0,1.293779,0.93995,ITA,DOM,841210
9587357,231,65,8803,2006,834118.0,0.0,1.666643,-0.121679,USA,DOM,841210
9587358,121,67,8803,2006,1329.0,0.0,1.5384309999999999,0.766628,KOR,ECU,841210
9587359,231,67,8803,2006,26645.0,0.0,1.666643,-0.121679,USA,ECU,841210
9587360,41,71,8803,2006,8490.0,0.0,2.052534,0.515523,CHE,ESP,841210
9587361,42,71,8803,2006,0.0,1975.0,-0.188298,-0.46778000000000003,CHL,ESP,841210
9587362,61,71,8803,2006,497475.0,1022.0,2.132566,-2.773669,DEU,ESP,841210
9587363,65,71,8803,2006,0.0,2870.0,-0.24073699999999998,0.049093,DOM,ESP,841210
9587364,77,71,8803,2006,16800.0,0.0,1.47591,0.489466,FRA,ESP,841210
9587365,81,71,8803,2006,318044.0,0.0,1.824154,0.614424,GBR,ESP,841210
9587366,102,71,8803,2006,4750.0,0.0,1.4034309999999999,0.835144,HUN,ESP,841210
9587367,106,71,8803,2006,0.0,1526.0,1.43804,0.06463200000000001,IRL,ESP,841210
9587368,107,71,8803,2006,0.0,88136.0,-0.391023,-0.767861,IRN,ESP,841210
9587369,110,71,8803,2006,0.0,15193.0,1.3082129999999998,0.783845,ISR,ESP,841210
9587370,111,71,8803,2006,366595.0,182983.0,1.293779,0.93995,ITA,ESP,841210
9587371,116,71,8803,2006,0.0,841.0,-0.38287899999999997,1.060286,KEN,ESP,841210
9587372,121,71,8803,2006,0.0,160795.0,1.5384309999999999,0.766628,KOR,ESP,841210
9587373,134,71,8803,2006,0.0,39694.0,-0.547933,0.08257300000000001,MAR,ESP,841210
9587374,166,71,8803,2006,87206.0,0.0,0.5371,0.8240209999999999,NZL,ESP,841210
9587375,179,71,8803,2006,0.0,1740.0,0.5723630000000001,1.92303,PRT,ESP,841210
9587376,208,71,8803,2006,2653127.0,985.0,1.902737,0.593294,SWE,ESP,841210
9587377,231,71,8803,2006,0.0,23993.0,1.666643,-0.121679,USA,ESP,841210
9587378,232,71,8803,2006,0.0,20805.0,-0.457759,-0.784626,UZB,ESP,841210
9587379,39,74,8803,2006,0.0,9299.0,0.865685,1.1480489999999999,CAN,FIN,841210
9587380,43,74,8803,2006,0.0,2162.0,0.737888,2.54966,CHN,FIN,841210
9587381,61,74,8803,2006,0.0,1498.0,2.132566,-2.773669,DEU,FIN,841210
9587382,68,74,8803,2006,0.0,1215.0,-0.182272,0.40222399999999997,EGY,FIN,841210
9587383,77,74,8803,2006,0.0,4101266.0,1.47591,0.489466,FRA,FIN,841210
9587384,81,74,8803,2006,0.0,1387.0,1.824154,0.614424,GBR,FIN,841210
9587385,130,74,8803,2006,0.0,8962.0,0.44063599999999997,1.163857,LTU,FIN,841210
9587386,162,74,8803,2006,1270.0,0.0,1.192134,1.450852,NLD,FIN,841210
9587387,186,74,8803,2006,0.0,13778.0,0.801197,0.104683,RUS,FIN,841210
9587388,208,74,8803,2006,0.0,5624.0,1.902737,0.593294,SWE,FIN,841210
9587389,18,77,8803,2006,1259.0,223092.0,1.2222540000000002,1.383027,BEL,FRA,841210
9587390,26,77,8803,2006,0.0,6824.0,0.40788800000000003,0.562854,BIH,FRA,841210
9587391,39,77,8803,2006,22311.0,1215.0,0.865685,1.1480489999999999,CAN,FRA,841210
9587392,41,77,8803,2006,1828.0,0.0,2.052534,0.515523,CHE,FRA,841210
9587393,43,77,8803,2006,0.0,1674757.0,0.737888,2.54966,CHN,FRA,841210
9587394,49,77,8803,2006,0.0,1429.0,0.129887,0.44371700000000003,COL,FRA,841210
9587395,59,77,8803,2006,1242.0,0.0,1.564058,0.6023649999999999,CZE,FRA,841210
9587396,61,77,8803,2006,6409320.0,22688178.0,2.132566,-2.773669,DEU,FRA,841210
9587397,65,77,8803,2006,0.0,3684.0,-0.24073699999999998,0.049093,DOM,FRA,841210
9587398,66,77,8803,2006,0.0,7580.0,-0.489962,-1.12456,DZA,FRA,841210
9587399,68,77,8803,2006,0.0,6840.0,-0.182272,0.40222399999999997,EGY,FRA,841210
9587400,71,77,8803,2006,0.0,16800.0,0.9091370000000001,2.068166,ESP,FRA,841210
9587401,74,77,8803,2006,4101266.0,0.0,1.864038,0.8193940000000001,FIN,FRA,841210
9587402,78,77,8803,2006,3793.0,0.0,-0.117631,-0.69352,FRO,FRA,841210
9587403,80,77,8803,2006,0.0,8579.0,-1.6696819999999999,-1.173322,GAB,FRA,841210
9587404,81,77,8803,2006,2516939.0,788703.0,1.824154,0.614424,GBR,FRA,841210
9587405,90,77,8803,2006,0.0,7542.0,0.261955,1.488958,GRC,FRA,841210
9587406,97,77,8803,2006,0.0,9811.0,0.5776319999999999,2.076782,HKG,FRA,841210
9587407,102,77,8803,2006,0.0,3800.0,1.4034309999999999,0.835144,HUN,FRA,841210
9587408,104,77,8803,2006,0.0,79553.0,0.285652,2.731318,IND,FRA,841210
9587409,109,77,8803,2006,0.0,933.0,0.170234,-0.302203,ISL,FRA,841210
9587410,111,77,8803,2006,112260.0,476132.0,1.293779,0.93995,ITA,FRA,841210
9587411,122,77,8803,2006,0.0,33686.0,-0.589823,-1.142795,KWT,FRA,841210
9587412,132,77,8803,2006,0.0,10340.0,0.531375,0.9414170000000001,LVA,FRA,841210
9587413,141,77,8803,2006,0.0,35966.0,-0.503462,-0.778836,MLI,FRA,841210
9587414,162,77,8803,2006,5068.0,8602.0,1.192134,1.450852,NLD,FRA,841210
9587415,163,77,8803,2006,2815968.0,0.0,1.0787930000000001,0.014051,NOR,FRA,841210
9587416,166,77,8803,2006,936382.0,0.0,0.5371,0.8240209999999999,NZL,FRA,841210
9587417,177,77,8803,2006,0.0,4235.0,0.991927,1.474418,POL,FRA,841210
9587418,183,77,8803,2006,0.0,5822.0,0.055777999999999994,-1.0379049999999999,QAT,FRA,841210
9587419,185,77,8803,2006,0.0,21619.0,0.550825,1.170744,ROU,FRA,841210
9587420,215,77,8803,2006,1115.0,0.0,-0.8304020000000001,-0.678178,TGO,FRA,841210
9587421,231,77,8803,2006,16784.0,4844971.0,1.666643,-0.121679,USA,FRA,841210
9587422,239,77,8803,2006,0.0,3289.0,-0.342779,1.033318,VNM,FRA,841210
9587423,243,77,8803,2006,0.0,342864.0,-1.0407110000000002,-1.13042,YEM,FRA,841210
9587424,2,81,8803,2006,0.0,2293.0,-2.0822979999999998,-1.176767,AGO,GBR,841210
9587425,7,81,8803,2006,0.0,1470643.0,0.053903999999999994,-0.735124,ARE,GBR,841210
9587426,8,81,8803,2006,0.0,595124.0,0.33055,0.665867,ARG,GBR,841210
9587427,9,81,8803,2006,0.0,2568.0,0.14539100000000002,-0.558014,ARM,GBR,841210
9587428,14,81,8803,2006,0.0,180752.0,0.067166,0.373148,AUS,GBR,841210
9587429,16,81,8803,2006,0.0,27469.0,-0.521304,-1.035764,AZE,GBR,841210
9587430,22,81,8803,2006,0.0,190958.0,-1.0305309999999999,-0.80937,BGD,GBR,841210
9587431,24,81,8803,2006,0.0,260525.0,0.172724,-0.9449879999999999,BHR,GBR,841210
9587432,25,81,8803,2006,25340.0,0.0,0.673694,-0.519608,BHS,GBR,841210
9587433,28,81,8803,2006,0.0,1704.0,0.919853,0.384409,BLR,GBR,841210
9587434,32,81,8803,2006,0.0,545053.0,0.633889,1.1474520000000001,BRA,GBR,841210
9587435,34,81,8803,2006,0.0,316695.0,-1.331831,-0.9170940000000001,BRN,GBR,841210
9587436,39,81,8803,2006,3084952.0,5533382.0,0.865685,1.1480489999999999,CAN,GBR,841210
9587437,41,81,8803,2006,55239.0,75656.0,2.052534,0.515523,CHE,GBR,841210
9587438,42,81,8803,2006,0.0,80610.0,-0.188298,-0.46778000000000003,CHL,GBR,841210
9587439,43,81,8803,2006,193469.0,1264857.0,0.737888,2.54966,CHN,GBR,841210
9587440,45,81,8803,2006,0.0,19144.0,-1.358873,-1.1511360000000002,CMR,GBR,841210
9587441,49,81,8803,2006,0.0,55157.0,0.129887,0.44371700000000003,COL,GBR,841210
9587442,61,81,8803,2006,5820963.0,518615.0,2.132566,-2.773669,DEU,GBR,841210
9587443,64,81,8803,2006,2153.0,358105.0,1.2308700000000001,1.180914,DNK,GBR,841210
9587444,68,81,8803,2006,0.0,286013.0,-0.182272,0.40222399999999997,EGY,GBR,841210
9587445,71,81,8803,2006,0.0,318044.0,0.9091370000000001,2.068166,ESP,GBR,841210
9587446,74,81,8803,2006,1387.0,0.0,1.864038,0.8193940000000001,FIN,GBR,841210
9587447,76,81,8803,2006,0.0,2113.0,0.11039000000000002,-0.79848,FLK,GBR,841210
9587448,77,81,8803,2006,788703.0,2516939.0,1.47591,0.489466,FRA,GBR,841210
9587449,82,81,8803,2006,0.0,1006.0,0.076711,-0.47216099999999994,GEO,GBR,841210
9587450,83,81,8803,2006,0.0,2329680.0,-0.9934860000000001,-0.809318,GHA,GBR,841210
9587451,84,81,8803,2006,0.0,6248.0,0.8370120000000001,-0.35099400000000003,GIB,GBR,841210
9587452,89,81,8803,2006,0.0,3585.0,-2.188173,-0.8631700000000001,GNQ,GBR,841210
9587453,90,81,8803,2006,0.0,444146.0,0.261955,1.488958,GRC,GBR,841210
9587454,97,81,8803,2006,13205.0,29252.0,0.5776319999999999,2.076782,HKG,GBR,841210
9587455,100,81,8803,2006,0.0,9081.0,0.755787,0.992614,HRV,GBR,841210
9587456,103,81,8803,2006,36472.0,152795.0,-0.21012399999999998,1.467838,IDN,GBR,841210
9587457,104,81,8803,2006,0.0,481323.0,0.285652,2.731318,IND,GBR,841210
9587458,106,81,8803,2006,13867.0,24136.0,1.43804,0.06463200000000001,IRL,GBR,841210
9587459,107,81,8803,2006,0.0,1654.0,-0.391023,-0.767861,IRN,GBR,841210
9587460,109,81,8803,2006,0.0,4072.0,0.170234,-0.302203,ISL,GBR,841210
9587461,110,81,8803,2006,0.0,315074.0,1.3082129999999998,0.783845,ISR,GBR,841210
9587462,111,81,8803,2006,32563.0,47205.0,1.293779,0.93995,ITA,GBR,841210
9587463,113,81,8803,2006,0.0,430725.0,0.166718,0.331248,JOR,GBR,841210
9587464,114,81,8803,2006,0.0,222370.0,2.4348099999999997,0.082887,JPN,GBR,841210
9587465,121,81,8803,2006,2574.0,548351.0,1.5384309999999999,0.766628,KOR,GBR,841210
9587466,122,81,8803,2006,0.0,11059.0,-0.589823,-1.142795,KWT,GBR,841210
9587467,124,81,8803,2006,0.0,2122.0,0.3861,1.586183,LBN,GBR,841210
9587468,126,81,8803,2006,0.0,23720.0,-0.518724,-1.142074,LBY,GBR,841210
9587469,128,81,8803,2006,0.0,28837.0,-0.573767,0.305913,LKA,GBR,841210
9587470,133,81,8803,2006,0.0,3737.0,-0.07118200000000001,-0.228354,MAC,GBR,841210
9587471,134,81,8803,2006,0.0,39973.0,-0.547933,0.08257300000000001,MAR,GBR,841210
9587472,138,81,8803,2006,0.0,79426.0,1.047268,0.7142270000000001,MEX,GBR,841210
9587473,153,81,8803,2006,54998.0,45683.0,0.7896569999999999,0.363625,MYS,GBR,841210
9587474,159,81,8803,2006,0.0,122024.0,-2.094353,-1.215025,NGA,GBR,841210
9587475,162,81,8803,2006,416322.0,7316.0,1.192134,1.450852,NLD,GBR,841210
9587476,163,81,8803,2006,33006.0,328104.0,1.0787930000000001,0.014051,NOR,GBR,841210
9587477,166,81,8803,2006,1074940.0,629473.0,0.5371,0.8240209999999999,NZL,GBR,841210
9587478,167,81,8803,2006,0.0,1353.0,-0.6373989999999999,-1.092554,OMN,GBR,841210
9587479,168,81,8803,2006,1779.0,71700.0,-0.449333,0.563013,PAK,GBR,841210
9587480,169,81,8803,2006,0.0,11912.0,0.306664,0.638533,PAN,GBR,841210
9587481,173,81,8803,2006,179295.0,194152.0,-0.551095,0.044295,PER,GBR,841210
9587482,174,81,8803,2006,0.0,246115.0,0.161994,0.036631,PHL,GBR,841210
9587483,183,81,8803,2006,0.0,326042.0,0.055777999999999994,-1.0379049999999999,QAT,GBR,841210
9587484,185,81,8803,2006,0.0,4100.0,0.550825,1.170744,ROU,GBR,841210
9587485,186,81,8803,2006,0.0,21780.0,0.801197,0.104683,RUS,GBR,841210
9587486,188,81,8803,2006,0.0,816125.0,0.162432,-0.853059,SAU,GBR,841210
9587487,190,81,8803,2006,0.0,64752.0,-1.873762,-1.278378,SDN,GBR,841210
9587488,191,81,8803,2006,0.0,1955.0,-0.364713,-0.183612,SEN,GBR,841210
9587489,192,81,8803,2006,5192.0,392704.0,1.5377379999999998,0.503089,SGP,GBR,841210
9587490,208,81,8803,2006,0.0,148949.0,1.902737,0.593294,SWE,GBR,841210
9587491,216,81,8803,2006,0.0,49830.0,0.568209,1.685343,THA,GBR,841210
9587492,218,81,8803,2006,0.0,1990.0,0.335918,0.299589,TKL,GBR,841210
9587493,219,81,8803,2006,0.0,3486.0,-1.155861,-1.200933,TKM,GBR,841210
9587494,222,81,8803,2006,0.0,25676.0,-0.20651399999999998,-1.024907,TTO,GBR,841210
9587495,224,81,8803,2006,867221.0,1949538.0,0.33971599999999996,2.193384,TUR,GBR,841210
9587496,228,81,8803,2006,0.0,20452.0,0.7008439999999999,0.79656,UKR,GBR,841210
9587497,230,81,8803,2006,0.0,4134.0,0.234384,0.118878,URY,GBR,841210
9587498,231,81,8803,2006,633743.0,9653875.0,1.666643,-0.121679,USA,GBR,841210
9587499,236,81,8803,2006,0.0,107467.0,-0.340972,-1.015462,VEN,GBR,841210
9587500,246,81,8803,2006,73893.0,109255.0,0.37964499999999995,1.466326,ZAF,GBR,841210
9587501,249,81,8803,2006,7987.0,0.0,1.619915,1.2289940000000001,TWN,GBR,841210
9587502,4,90,8803,2006,0.0,604790.0,-0.340932,-0.06302200000000001,ALB,GRC,841210
9587503,77,90,8803,2006,7542.0,0.0,1.47591,0.489466,FRA,GRC,841210
9587504,81,90,8803,2006,444146.0,0.0,1.824154,0.614424,GBR,GRC,841210
9587505,111,90,8803,2006,14751.0,0.0,1.293779,0.93995,ITA,GRC,841210
9587506,166,90,8803,2006,19993.0,0.0,0.5371,0.8240209999999999,NZL,GRC,841210
9587507,185,90,8803,2006,5814.0,0.0,0.550825,1.170744,ROU,GRC,841210
9587508,231,90,8803,2006,2747476.0,0.0,1.666643,-0.121679,USA,GRC,841210
9587509,250,90,8803,2006,0.0,22647.0,0.711619,-0.41880200000000006,ANS,GRC,841210
9587510,231,93,8803,2006,22195.0,0.0,1.666643,-0.121679,USA,GTM,841210
9587511,77,97,8803,2006,9811.0,0.0,1.47591,0.489466,FRA,HKG,841210
9587512,81,97,8803,2006,29252.0,13205.0,1.824154,0.614424,GBR,HKG,841210
9587513,106,97,8803,2006,0.0,1350.0,1.43804,0.06463200000000001,IRL,HKG,841210
9587514,153,97,8803,2006,1951616.0,3231.0,0.7896569999999999,0.363625,MYS,HKG,841210
9587515,166,97,8803,2006,18860.0,0.0,0.5371,0.8240209999999999,NZL,HKG,841210
9587516,231,97,8803,2006,55799.0,0.0,1.666643,-0.121679,USA,HKG,841210
9587517,239,97,8803,2006,0.0,1764.0,-0.342779,1.033318,VNM,HKG,841210
9587518,231,99,8803,2006,83154.0,0.0,1.666643,-0.121679,USA,HND,841210
9587519,14,103,8803,2006,250705.0,0.0,0.067166,0.373148,AUS,IDN,841210
9587520,39,103,8803,2006,7655.0,0.0,0.865685,1.1480489999999999,CAN,IDN,841210
9587521,43,103,8803,2006,3899.0,0.0,0.737888,2.54966,CHN,IDN,841210
9587522,61,103,8803,2006,3695.0,0.0,2.132566,-2.773669,DEU,IDN,841210
9587523,81,103,8803,2006,152795.0,36472.0,1.824154,0.614424,GBR,IDN,841210
9587524,111,103,8803,2006,4308.0,0.0,1.293779,0.93995,ITA,IDN,841210
9587525,153,103,8803,2006,3433580.0,0.0,0.7896569999999999,0.363625,MYS,IDN,841210
9587526,186,103,8803,2006,10085.0,0.0,0.801197,0.104683,RUS,IDN,841210
9587527,192,103,8803,2006,8627.0,25311.0,1.5377379999999998,0.503089,SGP,IDN,841210
9587528,208,103,8803,2006,21693.0,0.0,1.902737,0.593294,SWE,IDN,841210
9587529,231,103,8803,2006,1325.0,0.0,1.666643,-0.121679,USA,IDN,841210
9587530,7,104,8803,2006,0.0,222573.0,0.053903999999999994,-0.735124,ARE,IND,841210
9587531,14,104,8803,2006,8348.0,1778.0,0.067166,0.373148,AUS,IND,841210
9587532,15,104,8803,2006,3287.0,0.0,1.775669,0.192717,AUT,IND,841210
9587533,39,104,8803,2006,0.0,74428.0,0.865685,1.1480489999999999,CAN,IND,841210
9587534,41,104,8803,2006,117340.0,0.0,2.052534,0.515523,CHE,IND,841210
9587535,43,104,8803,2006,36804.0,0.0,0.737888,2.54966,CHN,IND,841210
9587536,61,104,8803,2006,20339196.0,18384.0,2.132566,-2.773669,DEU,IND,841210
9587537,64,104,8803,2006,56715.0,79670.0,1.2308700000000001,1.180914,DNK,IND,841210
9587538,77,104,8803,2006,79553.0,0.0,1.47591,0.489466,FRA,IND,841210
9587539,81,104,8803,2006,481323.0,0.0,1.824154,0.614424,GBR,IND,841210
9587540,107,104,8803,2006,0.0,8420.0,-0.391023,-0.767861,IRN,IND,841210
9587541,111,104,8803,2006,6915.0,6808.0,1.293779,0.93995,ITA,IND,841210
9587542,114,104,8803,2006,22006.0,0.0,2.4348099999999997,0.082887,JPN,IND,841210
9587543,116,104,8803,2006,0.0,43437.0,-0.38287899999999997,1.060286,KEN,IND,841210
9587544,122,104,8803,2006,0.0,2923.0,-0.589823,-1.142795,KWT,IND,841210
9587545,128,104,8803,2006,0.0,58175.0,-0.573767,0.305913,LKA,IND,841210
9587546,153,104,8803,2006,0.0,1696.0,0.7896569999999999,0.363625,MYS,IND,841210
9587547,162,104,8803,2006,34537.0,0.0,1.192134,1.450852,NLD,IND,841210
9587548,166,104,8803,2006,245050.0,0.0,0.5371,0.8240209999999999,NZL,IND,841210
9587549,183,104,8803,2006,0.0,4145.0,0.055777999999999994,-1.0379049999999999,QAT,IND,841210
9587550,192,104,8803,2006,3101.0,20844.0,1.5377379999999998,0.503089,SGP,IND,841210
9587551,208,104,8803,2006,13145.0,0.0,1.902737,0.593294,SWE,IND,841210
9587552,216,104,8803,2006,0.0,18200.0,0.568209,1.685343,THA,IND,841210
9587553,224,104,8803,2006,0.0,23079.0,0.33971599999999996,2.193384,TUR,IND,841210
9587554,231,104,8803,2006,20366.0,0.0,1.666643,-0.121679,USA,IND,841210
9587555,239,104,8803,2006,0.0,587441.0,-0.342779,1.033318,VNM,IND,841210
9587556,246,104,8803,2006,0.0,15527.0,0.37964499999999995,1.466326,ZAF,IND,841210
9587557,247,104,8803,2006,0.0,2862.0,-0.5307,-0.793621,ZMB,IND,841210
9587558,250,104,8803,2006,7322.0,0.0,0.711619,-0.41880200000000006,ANS,IND,841210
9587559,15,106,8803,2006,3223.0,0.0,1.775669,0.192717,AUT,IRL,841210
9587560,39,106,8803,2006,2678.0,0.0,0.865685,1.1480489999999999,CAN,IRL,841210
9587561,61,106,8803,2006,6836.0,12424.0,2.132566,-2.773669,DEU,IRL,841210
9587562,64,106,8803,2006,0.0,6490.0,1.2308700000000001,1.180914,DNK,IRL,841210
9587563,71,106,8803,2006,1526.0,0.0,0.9091370000000001,2.068166,ESP,IRL,841210
9587564,81,106,8803,2006,24136.0,13867.0,1.824154,0.614424,GBR,IRL,841210
9587565,97,106,8803,2006,1350.0,0.0,0.5776319999999999,2.076782,HKG,IRL,841210
9587566,111,106,8803,2006,53719.0,0.0,1.293779,0.93995,ITA,IRL,841210
9587567,208,106,8803,2006,0.0,126260.0,1.902737,0.593294,SWE,IRL,841210
9587568,231,106,8803,2006,1922.0,0.0,1.666643,-0.121679,USA,IRL,841210
9587569,248,106,8803,2006,0.0,754.0,-0.41825500000000004,-0.55313,ZWE,IRL,841210
9587570,61,110,8803,2006,913.0,0.0,2.132566,-2.773669,DEU,ISR,841210
9587571,71,110,8803,2006,15193.0,0.0,0.9091370000000001,2.068166,ESP,ISR,841210
9587572,81,110,8803,2006,315074.0,0.0,1.824154,0.614424,GBR,ISR,841210
9587573,224,110,8803,2006,25193.0,0.0,0.33971599999999996,2.193384,TUR,ISR,841210
9587574,15,111,8803,2006,0.0,1537.0,1.775669,0.192717,AUT,ITA,841210
9587575,23,111,8803,2006,47717.0,0.0,0.414563,1.378005,BGR,ITA,841210
9587576,42,111,8803,2006,0.0,4868.0,-0.188298,-0.46778000000000003,CHL,ITA,841210
9587577,52,111,8803,2006,0.0,3119.0,0.042663,-0.376672,CRI,ITA,841210
9587578,59,111,8803,2006,0.0,1085.0,1.564058,0.6023649999999999,CZE,ITA,841210
9587579,61,111,8803,2006,77511.0,44556.0,2.132566,-2.773669,DEU,ITA,841210
9587580,64,111,8803,2006,0.0,7452.0,1.2308700000000001,1.180914,DNK,ITA,841210
9587581,65,111,8803,2006,0.0,2491.0,-0.24073699999999998,0.049093,DOM,ITA,841210
9587582,68,111,8803,2006,0.0,31362.0,-0.182272,0.40222399999999997,EGY,ITA,841210
9587583,71,111,8803,2006,182983.0,366595.0,0.9091370000000001,2.068166,ESP,ITA,841210
9587584,77,111,8803,2006,476132.0,112260.0,1.47591,0.489466,FRA,ITA,841210
9587585,78,111,8803,2006,0.0,690.0,-0.117631,-0.69352,FRO,ITA,841210
9587586,81,111,8803,2006,47205.0,32563.0,1.824154,0.614424,GBR,ITA,841210
9587587,90,111,8803,2006,0.0,14751.0,0.261955,1.488958,GRC,ITA,841210
9587588,103,111,8803,2006,0.0,4308.0,-0.21012399999999998,1.467838,IDN,ITA,841210
9587589,104,111,8803,2006,6808.0,6915.0,0.285652,2.731318,IND,ITA,841210
9587590,106,111,8803,2006,0.0,53719.0,1.43804,0.06463200000000001,IRL,ITA,841210
9587591,107,111,8803,2006,0.0,66984.0,-0.391023,-0.767861,IRN,ITA,841210
9587592,114,111,8803,2006,0.0,64297.0,2.4348099999999997,0.082887,JPN,ITA,841210
9587593,116,111,8803,2006,0.0,7878.0,-0.38287899999999997,1.060286,KEN,ITA,841210
9587594,121,111,8803,2006,0.0,28707.0,1.5384309999999999,0.766628,KOR,ITA,841210
9587595,131,111,8803,2006,0.0,18225.0,1.4345620000000001,0.8840819999999999,LUX,ITA,841210
9587596,132,111,8803,2006,0.0,3927.0,0.531375,0.9414170000000001,LVA,ITA,841210
9587597,138,111,8803,2006,0.0,38233.0,1.047268,0.7142270000000001,MEX,ITA,841210
9587598,153,111,8803,2006,0.0,76859.0,0.7896569999999999,0.363625,MYS,ITA,841210
9587599,159,111,8803,2006,0.0,8380.0,-2.094353,-1.215025,NGA,ITA,841210
9587600,162,111,8803,2006,54820.0,32214.0,1.192134,1.450852,NLD,ITA,841210
9587601,163,111,8803,2006,11346.0,63831.0,1.0787930000000001,0.014051,NOR,ITA,841210
9587602,166,111,8803,2006,74677.0,0.0,0.5371,0.8240209999999999,NZL,ITA,841210
9587603,169,111,8803,2006,0.0,190600.0,0.306664,0.638533,PAN,ITA,841210
9587604,177,111,8803,2006,145352.0,1232.0,0.991927,1.474418,POL,ITA,841210
9587605,179,111,8803,2006,0.0,2586.0,0.5723630000000001,1.92303,PRT,ITA,841210
9587606,185,111,8803,2006,0.0,4518.0,0.550825,1.170744,ROU,ITA,841210
9587607,186,111,8803,2006,0.0,18981.0,0.801197,0.104683,RUS,ITA,841210
9587608,188,111,8803,2006,0.0,435298.0,0.162432,-0.853059,SAU,ITA,841210
9587609,208,111,8803,2006,410635.0,14038.0,1.902737,0.593294,SWE,ITA,841210
9587610,223,111,8803,2006,0.0,69681.0,-0.013636,0.804752,TUN,ITA,841210
9587611,224,111,8803,2006,0.0,24460.0,0.33971599999999996,2.193384,TUR,ITA,841210
9587612,231,111,8803,2006,0.0,590301.0,1.666643,-0.121679,USA,ITA,841210
9587613,246,111,8803,2006,1928.0,4417.0,0.37964499999999995,1.466326,ZAF,ITA,841210
9587614,231,112,8803,2006,202449.0,0.0,1.666643,-0.121679,USA,JAM,841210
9587615,37,114,8803,2006,0.0,1046.0,-1.0541459999999998,-1.179286,BWA,JPN,841210
9587616,43,114,8803,2006,0.0,3755.0,0.737888,2.54966,CHN,JPN,841210
9587617,61,114,8803,2006,3296802.0,0.0,2.132566,-2.773669,DEU,JPN,841210
9587618,64,114,8803,2006,0.0,2100.0,1.2308700000000001,1.180914,DNK,JPN,841210
9587619,81,114,8803,2006,222370.0,0.0,1.824154,0.614424,GBR,JPN,841210
9587620,104,114,8803,2006,0.0,22006.0,0.285652,2.731318,IND,JPN,841210
9587621,107,114,8803,2006,0.0,2832.0,-0.391023,-0.767861,IRN,JPN,841210
9587622,111,114,8803,2006,64297.0,0.0,1.293779,0.93995,ITA,JPN,841210
9587623,116,114,8803,2006,0.0,4737.0,-0.38287899999999997,1.060286,KEN,JPN,841210
9587624,121,114,8803,2006,0.0,5213.0,1.5384309999999999,0.766628,KOR,JPN,841210
9587625,122,114,8803,2006,0.0,2056.0,-0.589823,-1.142795,KWT,JPN,841210
9587626,138,114,8803,2006,0.0,1923.0,1.047268,0.7142270000000001,MEX,JPN,841210
9587627,153,114,8803,2006,5008848.0,42963.0,0.7896569999999999,0.363625,MYS,JPN,841210
9587628,162,114,8803,2006,0.0,11219.0,1.192134,1.450852,NLD,JPN,841210
9587629,163,114,8803,2006,17445190.0,0.0,1.0787930000000001,0.014051,NOR,JPN,841210
9587630,166,114,8803,2006,212886.0,0.0,0.5371,0.8240209999999999,NZL,JPN,841210
9587631,183,114,8803,2006,0.0,50048.0,0.055777999999999994,-1.0379049999999999,QAT,JPN,841210
9587632,188,114,8803,2006,0.0,7172.0,0.162432,-0.853059,SAU,JPN,841210
9587633,190,114,8803,2006,0.0,1381.0,-1.873762,-1.278378,SDN,JPN,841210
9587634,192,114,8803,2006,0.0,21228.0,1.5377379999999998,0.503089,SGP,JPN,841210
9587635,208,114,8803,2006,1543.0,0.0,1.902737,0.593294,SWE,JPN,841210
9587636,216,114,8803,2006,0.0,133483.0,0.568209,1.685343,THA,JPN,841210
9587637,224,114,8803,2006,0.0,6949.0,0.33971599999999996,2.193384,TUR,JPN,841210
9587638,231,114,8803,2006,9380060.0,2123717.0,1.666643,-0.121679,USA,JPN,841210
9587639,236,114,8803,2006,0.0,3790.0,-0.340972,-1.015462,VEN,JPN,841210
9587640,246,114,8803,2006,0.0,84893.0,0.37964499999999995,1.466326,ZAF,JPN,841210
9587641,153,118,8803,2006,0.0,101765.0,0.7896569999999999,0.363625,MYS,KHM,841210
9587642,15,121,8803,2006,7819.0,3790.0,1.775669,0.192717,AUT,KOR,841210
9587643,43,121,8803,2006,616870.0,17427.0,0.737888,2.54966,CHN,KOR,841210
9587644,61,121,8803,2006,4575.0,0.0,2.132566,-2.773669,DEU,KOR,841210
9587645,64,121,8803,2006,97415.0,0.0,1.2308700000000001,1.180914,DNK,KOR,841210
9587646,67,121,8803,2006,0.0,1329.0,-0.878583,-0.9462010000000001,ECU,KOR,841210
9587647,71,121,8803,2006,160795.0,0.0,0.9091370000000001,2.068166,ESP,KOR,841210
9587648,81,121,8803,2006,548351.0,2574.0,1.824154,0.614424,GBR,KOR,841210
9587649,111,121,8803,2006,28707.0,0.0,1.293779,0.93995,ITA,KOR,841210
9587650,114,121,8803,2006,5213.0,0.0,2.4348099999999997,0.082887,JPN,KOR,841210
9587651,153,121,8803,2006,0.0,47170.0,0.7896569999999999,0.363625,MYS,KOR,841210
9587652,162,121,8803,2006,325109.0,0.0,1.192134,1.450852,NLD,KOR,841210
9587653,163,121,8803,2006,151183.0,0.0,1.0787930000000001,0.014051,NOR,KOR,841210
9587654,166,121,8803,2006,6010878.0,0.0,0.5371,0.8240209999999999,NZL,KOR,841210
9587655,173,121,8803,2006,0.0,7283.0,-0.551095,0.044295,PER,KOR,841210
9587656,186,121,8803,2006,17304.0,0.0,0.801197,0.104683,RUS,KOR,841210
9587657,188,121,8803,2006,0.0,27748.0,0.162432,-0.853059,SAU,KOR,841210
9587658,208,121,8803,2006,99818.0,0.0,1.902737,0.593294,SWE,KOR,841210
9587659,216,121,8803,2006,0.0,12854.0,0.568209,1.685343,THA,KOR,841210
9587660,224,121,8803,2006,0.0,1924.0,0.33971599999999996,2.193384,TUR,KOR,841210
9587661,231,121,8803,2006,1259336.0,3708347.0,1.666643,-0.121679,USA,KOR,841210
9587662,81,128,8803,2006,28837.0,0.0,1.824154,0.614424,GBR,LKA,841210
9587663,104,128,8803,2006,58175.0,0.0,0.285652,2.731318,IND,LKA,841210
9587664,166,128,8803,2006,641350.0,0.0,0.5371,0.8240209999999999,NZL,LKA,841210
9587665,192,128,8803,2006,2864.0,0.0,1.5377379999999998,0.503089,SGP,LKA,841210
9587666,39,138,8803,2006,2338.0,0.0,0.865685,1.1480489999999999,CAN,MEX,841210
9587667,81,138,8803,2006,79426.0,0.0,1.824154,0.614424,GBR,MEX,841210
9587668,111,138,8803,2006,38233.0,0.0,1.293779,0.93995,ITA,MEX,841210
9587669,114,138,8803,2006,1923.0,0.0,2.4348099999999997,0.082887,JPN,MEX,841210
9587670,131,138,8803,2006,1396.0,0.0,1.4345620000000001,0.8840819999999999,LUX,MEX,841210
9587671,231,138,8803,2006,312156.0,11607184.0,1.666643,-0.121679,USA,MEX,841210
9587672,7,153,8803,2006,0.0,18321.0,0.053903999999999994,-0.735124,ARE,MYS,841210
9587673,14,153,8803,2006,120499.0,0.0,0.067166,0.373148,AUS,MYS,841210
9587674,15,153,8803,2006,102237.0,0.0,1.775669,0.192717,AUT,MYS,841210
9587675,34,153,8803,2006,3005.0,0.0,-1.331831,-0.9170940000000001,BRN,MYS,841210
9587676,43,153,8803,2006,150068.0,4303690.0,0.737888,2.54966,CHN,MYS,841210
9587677,64,153,8803,2006,0.0,198559.0,1.2308700000000001,1.180914,DNK,MYS,841210
9587678,81,153,8803,2006,45683.0,54998.0,1.824154,0.614424,GBR,MYS,841210
9587679,97,153,8803,2006,3231.0,1951616.0,0.5776319999999999,2.076782,HKG,MYS,841210
9587680,103,153,8803,2006,0.0,3433580.0,-0.21012399999999998,1.467838,IDN,MYS,841210
9587681,104,153,8803,2006,1696.0,0.0,0.285652,2.731318,IND,MYS,841210
9587682,111,153,8803,2006,76859.0,0.0,1.293779,0.93995,ITA,MYS,841210
9587683,114,153,8803,2006,42963.0,5008848.0,2.4348099999999997,0.082887,JPN,MYS,841210
9587684,118,153,8803,2006,101765.0,0.0,-1.323365,-1.185827,KHM,MYS,841210
9587685,121,153,8803,2006,47170.0,0.0,1.5384309999999999,0.766628,KOR,MYS,841210
9587686,143,153,8803,2006,0.0,56180.0,-1.543679,-1.145623,MMR,MYS,841210
9587687,162,153,8803,2006,6657.0,0.0,1.192134,1.450852,NLD,MYS,841210
9587688,163,153,8803,2006,350099.0,0.0,1.0787930000000001,0.014051,NOR,MYS,841210
9587689,166,153,8803,2006,631589.0,0.0,0.5371,0.8240209999999999,NZL,MYS,841210
9587690,192,153,8803,2006,187750.0,6573.0,1.5377379999999998,0.503089,SGP,MYS,841210
9587691,208,153,8803,2006,301224.0,0.0,1.902737,0.593294,SWE,MYS,841210
9587692,216,153,8803,2006,0.0,4805753.0,0.568209,1.685343,THA,MYS,841210
9587693,231,153,8803,2006,138406.0,1572.0,1.666643,-0.121679,USA,MYS,841210
9587694,249,153,8803,2006,2266.0,0.0,1.619915,1.2289940000000001,TWN,MYS,841210
9587695,231,160,8803,2006,1346.0,0.0,1.666643,-0.121679,USA,NIC,841210
9587696,6,162,8803,2006,0.0,6133.0,0.251825,-0.629035,ANT,NLD,841210
9587697,18,162,8803,2006,1248.0,6071.0,1.2222540000000002,1.383027,BEL,NLD,841210
9587698,39,162,8803,2006,95297.0,29414.0,0.865685,1.1480489999999999,CAN,NLD,841210
9587699,41,162,8803,2006,0.0,49961.0,2.052534,0.515523,CHE,NLD,841210
9587700,49,162,8803,2006,0.0,7298471.0,0.129887,0.44371700000000003,COL,NLD,841210
9587701,54,162,8803,2006,0.0,68321.0,0.204039,-0.5183260000000001,CUB,NLD,841210
9587702,61,162,8803,2006,467371.0,252100.0,2.132566,-2.773669,DEU,NLD,841210
9587703,64,162,8803,2006,0.0,2546.0,1.2308700000000001,1.180914,DNK,NLD,841210
9587704,68,162,8803,2006,0.0,12443.0,-0.182272,0.40222399999999997,EGY,NLD,841210
9587705,74,162,8803,2006,0.0,1270.0,1.864038,0.8193940000000001,FIN,NLD,841210
9587706,77,162,8803,2006,8602.0,5068.0,1.47591,0.489466,FRA,NLD,841210
9587707,81,162,8803,2006,7316.0,416322.0,1.824154,0.614424,GBR,NLD,841210
9587708,104,162,8803,2006,0.0,34537.0,0.285652,2.731318,IND,NLD,841210
9587709,107,162,8803,2006,0.0,339810.0,-0.391023,-0.767861,IRN,NLD,841210
9587710,111,162,8803,2006,32214.0,54820.0,1.293779,0.93995,ITA,NLD,841210
9587711,114,162,8803,2006,11219.0,0.0,2.4348099999999997,0.082887,JPN,NLD,841210
9587712,115,162,8803,2006,0.0,5949.0,0.038229,-0.579421,KAZ,NLD,841210
9587713,121,162,8803,2006,0.0,325109.0,1.5384309999999999,0.766628,KOR,NLD,841210
9587714,132,162,8803,2006,0.0,1503.0,0.531375,0.9414170000000001,LVA,NLD,841210
9587715,153,162,8803,2006,0.0,6657.0,0.7896569999999999,0.363625,MYS,NLD,841210
9587716,163,162,8803,2006,425172.0,3664.0,1.0787930000000001,0.014051,NOR,NLD,841210
9587717,166,162,8803,2006,553910.0,0.0,0.5371,0.8240209999999999,NZL,NLD,841210
9587718,177,162,8803,2006,190830.0,26654.0,0.991927,1.474418,POL,NLD,841210
9587719,183,162,8803,2006,0.0,3282.0,0.055777999999999994,-1.0379049999999999,QAT,NLD,841210
9587720,208,162,8803,2006,3370.0,9932.0,1.902737,0.593294,SWE,NLD,841210
9587721,216,162,8803,2006,0.0,21850.0,0.568209,1.685343,THA,NLD,841210
9587722,224,162,8803,2006,0.0,5175.0,0.33971599999999996,2.193384,TUR,NLD,841210
9587723,231,162,8803,2006,30847.0,14321.0,1.666643,-0.121679,USA,NLD,841210
9587724,7,166,8803,2006,0.0,561551.0,0.053903999999999994,-0.735124,ARE,NZL,841210
9587725,14,166,8803,2006,0.0,475918.0,0.067166,0.373148,AUS,NZL,841210
9587726,39,166,8803,2006,0.0,504476.0,0.865685,1.1480489999999999,CAN,NZL,841210
9587727,43,166,8803,2006,0.0,11481.0,0.737888,2.54966,CHN,NZL,841210
9587728,61,166,8803,2006,0.0,55057.0,2.132566,-2.773669,DEU,NZL,841210
9587729,71,166,8803,2006,0.0,87206.0,0.9091370000000001,2.068166,ESP,NZL,841210
9587730,77,166,8803,2006,0.0,936382.0,1.47591,0.489466,FRA,NZL,841210
9587731,81,166,8803,2006,629473.0,1074940.0,1.824154,0.614424,GBR,NZL,841210
9587732,90,166,8803,2006,0.0,19993.0,0.261955,1.488958,GRC,NZL,841210
9587733,97,166,8803,2006,0.0,18860.0,0.5776319999999999,2.076782,HKG,NZL,841210
9587734,104,166,8803,2006,0.0,245050.0,0.285652,2.731318,IND,NZL,841210
9587735,111,166,8803,2006,0.0,74677.0,1.293779,0.93995,ITA,NZL,841210
9587736,114,166,8803,2006,0.0,212886.0,2.4348099999999997,0.082887,JPN,NZL,841210
9587737,121,166,8803,2006,0.0,6010878.0,1.5384309999999999,0.766628,KOR,NZL,841210
9587738,128,166,8803,2006,0.0,641350.0,-0.573767,0.305913,LKA,NZL,841210
9587739,137,166,8803,2006,0.0,179079.0,-0.240191,-0.8320290000000001,MDV,NZL,841210
9587740,153,166,8803,2006,0.0,631589.0,0.7896569999999999,0.363625,MYS,NZL,841210
9587741,162,166,8803,2006,0.0,553910.0,1.192134,1.450852,NLD,NZL,841210
9587742,163,166,8803,2006,0.0,275433.0,1.0787930000000001,0.014051,NOR,NZL,841210
9587743,169,166,8803,2006,0.0,83366.0,0.306664,0.638533,PAN,NZL,841210
9587744,179,166,8803,2006,0.0,70190.0,0.5723630000000001,1.92303,PRT,NZL,841210
9587745,192,166,8803,2006,0.0,1694588.0,1.5377379999999998,0.503089,SGP,NZL,841210
9587746,208,166,8803,2006,0.0,23435.0,1.902737,0.593294,SWE,NZL,841210
9587747,224,166,8803,2006,0.0,138160.0,0.33971599999999996,2.193384,TUR,NZL,841210
9587748,231,166,8803,2006,33942.0,7132976.0,1.666643,-0.121679,USA,NZL,841210
9587749,239,166,8803,2006,0.0,31014.0,-0.342779,1.033318,VNM,NZL,841210
9587750,246,166,8803,2006,0.0,67001.0,0.37964499999999995,1.466326,ZAF,NZL,841210
9587751,249,166,8803,2006,0.0,112717.0,1.619915,1.2289940000000001,TWN,NZL,841210
9587752,250,166,8803,2006,1885.0,0.0,0.711619,-0.41880200000000006,ANS,NZL,841210
9587753,22,168,8803,2006,0.0,2000.0,-1.0305309999999999,-0.80937,BGD,PAK,841210
9587754,81,168,8803,2006,71700.0,1779.0,1.824154,0.614424,GBR,PAK,841210
9587755,208,168,8803,2006,652.0,0.0,1.902737,0.593294,SWE,PAK,841210
9587756,216,168,8803,2006,168339.0,0.0,0.568209,1.685343,THA,PAK,841210
9587757,31,169,8803,2006,712.0,0.0,-0.805185,-0.754091,BOL,PAN,841210
9587758,49,169,8803,2006,188424.0,0.0,0.129887,0.44371700000000003,COL,PAN,841210
9587759,81,169,8803,2006,11912.0,0.0,1.824154,0.614424,GBR,PAN,841210
9587760,111,169,8803,2006,190600.0,0.0,1.293779,0.93995,ITA,PAN,841210
9587761,166,169,8803,2006,83366.0,0.0,0.5371,0.8240209999999999,NZL,PAN,841210
9587762,231,169,8803,2006,10521.0,0.0,1.666643,-0.121679,USA,PAN,841210
9587763,81,173,8803,2006,194152.0,179295.0,1.824154,0.614424,GBR,PER,841210
9587764,121,173,8803,2006,7283.0,0.0,1.5384309999999999,0.766628,KOR,PER,841210
9587765,228,173,8803,2006,100448.0,0.0,0.7008439999999999,0.79656,UKR,PER,841210
9587766,246,173,8803,2006,2012.0,0.0,0.37964499999999995,1.466326,ZAF,PER,841210
9587767,61,174,8803,2006,6810.0,0.0,2.132566,-2.773669,DEU,PHL,841210
9587768,81,174,8803,2006,246115.0,0.0,1.824154,0.614424,GBR,PHL,841210
9587769,231,174,8803,2006,15675.0,0.0,1.666643,-0.121679,USA,PHL,841210
9587770,43,177,8803,2006,4251.0,0.0,0.737888,2.54966,CHN,POL,841210
9587771,61,177,8803,2006,77144.0,0.0,2.132566,-2.773669,DEU,POL,841210
9587772,77,177,8803,2006,4235.0,0.0,1.47591,0.489466,FRA,POL,841210
9587773,102,177,8803,2006,0.0,1909.0,1.4034309999999999,0.835144,HUN,POL,841210
9587774,111,177,8803,2006,1232.0,145352.0,1.293779,0.93995,ITA,POL,841210
9587775,162,177,8803,2006,26654.0,190830.0,1.192134,1.450852,NLD,POL,841210
9587776,163,177,8803,2006,1723.0,0.0,1.0787930000000001,0.014051,NOR,POL,841210
9587777,188,177,8803,2006,0.0,10512.0,0.162432,-0.853059,SAU,POL,841210
9587778,208,177,8803,2006,1377.0,0.0,1.902737,0.593294,SWE,POL,841210
9587779,43,183,8803,2006,1468.0,0.0,0.737888,2.54966,CHN,QAT,841210
9587780,61,183,8803,2006,839837.0,0.0,2.132566,-2.773669,DEU,QAT,841210
9587781,77,183,8803,2006,5822.0,0.0,1.47591,0.489466,FRA,QAT,841210
9587782,81,183,8803,2006,326042.0,0.0,1.824154,0.614424,GBR,QAT,841210
9587783,104,183,8803,2006,4145.0,0.0,0.285652,2.731318,IND,QAT,841210
9587784,114,183,8803,2006,50048.0,0.0,2.4348099999999997,0.082887,JPN,QAT,841210
9587785,162,183,8803,2006,3282.0,0.0,1.192134,1.450852,NLD,QAT,841210
9587786,208,183,8803,2006,12158.0,0.0,1.902737,0.593294,SWE,QAT,841210
9587787,231,183,8803,2006,1766.0,0.0,1.666643,-0.121679,USA,QAT,841210
9587788,77,185,8803,2006,21619.0,0.0,1.47591,0.489466,FRA,ROU,841210
9587789,81,185,8803,2006,4100.0,0.0,1.824154,0.614424,GBR,ROU,841210
9587790,90,185,8803,2006,0.0,5814.0,0.261955,1.488958,GRC,ROU,841210
9587791,111,185,8803,2006,4518.0,0.0,1.293779,0.93995,ITA,ROU,841210
9587792,231,185,8803,2006,0.0,40639.0,1.666643,-0.121679,USA,ROU,841210
9587793,15,188,8803,2006,1107.0,0.0,1.775669,0.192717,AUT,SAU,841210
9587794,18,188,8803,2006,3449110.0,0.0,1.2222540000000002,1.383027,BEL,SAU,841210
9587795,39,188,8803,2006,4069.0,0.0,0.865685,1.1480489999999999,CAN,SAU,841210
9587796,43,188,8803,2006,17433.0,0.0,0.737888,2.54966,CHN,SAU,841210
9587797,61,188,8803,2006,9151.0,0.0,2.132566,-2.773669,DEU,SAU,841210
9587798,81,188,8803,2006,816125.0,0.0,1.824154,0.614424,GBR,SAU,841210
9587799,111,188,8803,2006,435298.0,0.0,1.293779,0.93995,ITA,SAU,841210
9587800,114,188,8803,2006,7172.0,0.0,2.4348099999999997,0.082887,JPN,SAU,841210
9587801,121,188,8803,2006,27748.0,0.0,1.5384309999999999,0.766628,KOR,SAU,841210
9587802,177,188,8803,2006,10512.0,0.0,0.991927,1.474418,POL,SAU,841210
9587803,224,188,8803,2006,2680.0,0.0,0.33971599999999996,2.193384,TUR,SAU,841210
9587804,231,188,8803,2006,13963592.0,0.0,1.666643,-0.121679,USA,SAU,841210
9587805,250,188,8803,2006,25050.0,0.0,0.711619,-0.41880200000000006,ANS,SAU,841210
9587806,7,208,8803,2006,0.0,31495.0,0.053903999999999994,-0.735124,ARE,SWE,841210
9587807,15,208,8803,2006,0.0,15864.0,1.775669,0.192717,AUT,SWE,841210
9587808,23,208,8803,2006,0.0,1821.0,0.414563,1.378005,BGR,SWE,841210
9587809,32,208,8803,2006,0.0,12916.0,0.633889,1.1474520000000001,BRA,SWE,841210
9587810,33,208,8803,2006,0.0,1686.0,0.977267,0.6046560000000001,BRB,SWE,841210
9587811,41,208,8803,2006,889804.0,5282.0,2.052534,0.515523,CHE,SWE,841210
9587812,42,208,8803,2006,0.0,1132.0,-0.188298,-0.46778000000000003,CHL,SWE,841210
9587813,43,208,8803,2006,2472.0,242074.0,0.737888,2.54966,CHN,SWE,841210
9587814,64,208,8803,2006,69753.0,0.0,1.2308700000000001,1.180914,DNK,SWE,841210
9587815,68,208,8803,2006,0.0,52989.0,-0.182272,0.40222399999999997,EGY,SWE,841210
9587816,71,208,8803,2006,985.0,2653127.0,0.9091370000000001,2.068166,ESP,SWE,841210
9587817,74,208,8803,2006,5624.0,0.0,1.864038,0.8193940000000001,FIN,SWE,841210
9587818,81,208,8803,2006,148949.0,0.0,1.824154,0.614424,GBR,SWE,841210
9587819,100,208,8803,2006,0.0,45219.0,0.755787,0.992614,HRV,SWE,841210
9587820,103,208,8803,2006,0.0,21693.0,-0.21012399999999998,1.467838,IDN,SWE,841210
9587821,104,208,8803,2006,0.0,13145.0,0.285652,2.731318,IND,SWE,841210
9587822,106,208,8803,2006,126260.0,0.0,1.43804,0.06463200000000001,IRL,SWE,841210
9587823,111,208,8803,2006,14038.0,410635.0,1.293779,0.93995,ITA,SWE,841210
9587824,114,208,8803,2006,0.0,1543.0,2.4348099999999997,0.082887,JPN,SWE,841210
9587825,121,208,8803,2006,0.0,99818.0,1.5384309999999999,0.766628,KOR,SWE,841210
9587826,141,208,8803,2006,0.0,4227.0,-0.503462,-0.778836,MLI,SWE,841210
9587827,153,208,8803,2006,0.0,301224.0,0.7896569999999999,0.363625,MYS,SWE,841210
9587828,162,208,8803,2006,9932.0,3370.0,1.192134,1.450852,NLD,SWE,841210
9587829,163,208,8803,2006,9570025.0,60911.0,1.0787930000000001,0.014051,NOR,SWE,841210
9587830,166,208,8803,2006,23435.0,0.0,0.5371,0.8240209999999999,NZL,SWE,841210
9587831,168,208,8803,2006,0.0,652.0,-0.449333,0.563013,PAK,SWE,841210
9587832,177,208,8803,2006,0.0,1377.0,0.991927,1.474418,POL,SWE,841210
9587833,183,208,8803,2006,0.0,12158.0,0.055777999999999994,-1.0379049999999999,QAT,SWE,841210
9587834,207,208,8803,2006,0.0,3357.0,1.5882370000000001,0.800719,SVN,SWE,841210
9587835,224,208,8803,2006,0.0,2256665.0,0.33971599999999996,2.193384,TUR,SWE,841210
9587836,226,208,8803,2006,0.0,17977.0,-0.953097,0.159129,TZA,SWE,841210
9587837,231,208,8803,2006,180679.0,66929.0,1.666643,-0.121679,USA,SWE,841210
9587838,247,208,8803,2006,0.0,1067.0,-0.5307,-0.793621,ZMB,SWE,841210
9587839,248,208,8803,2006,0.0,1746.0,-0.41825500000000004,-0.55313,ZWE,SWE,841210
9587840,39,216,8803,2006,0.0,7130.0,0.865685,1.1480489999999999,CAN,THA,841210
9587841,43,216,8803,2006,1374.0,0.0,0.737888,2.54966,CHN,THA,841210
9587842,61,216,8803,2006,59377.0,0.0,2.132566,-2.773669,DEU,THA,841210
9587843,81,216,8803,2006,49830.0,0.0,1.824154,0.614424,GBR,THA,841210
9587844,104,216,8803,2006,18200.0,0.0,0.285652,2.731318,IND,THA,841210
9587845,114,216,8803,2006,133483.0,0.0,2.4348099999999997,0.082887,JPN,THA,841210
9587846,121,216,8803,2006,12854.0,0.0,1.5384309999999999,0.766628,KOR,THA,841210
9587847,123,216,8803,2006,0.0,31553.0,-1.1707450000000001,-1.057348,LAO,THA,841210
9587848,137,216,8803,2006,0.0,14827.0,-0.240191,-0.8320290000000001,MDV,THA,841210
9587849,143,216,8803,2006,5281.0,2644.0,-1.543679,-1.145623,MMR,THA,841210
9587850,153,216,8803,2006,4805753.0,0.0,0.7896569999999999,0.363625,MYS,THA,841210
9587851,162,216,8803,2006,21850.0,0.0,1.192134,1.450852,NLD,THA,841210
9587852,168,216,8803,2006,0.0,168339.0,-0.449333,0.563013,PAK,THA,841210
9587853,192,216,8803,2006,15836.0,0.0,1.5377379999999998,0.503089,SGP,THA,841210
9587854,228,216,8803,2006,17620.0,0.0,0.7008439999999999,0.79656,UKR,THA,841210
9587855,231,216,8803,2006,10010.0,0.0,1.666643,-0.121679,USA,THA,841210
9587856,239,216,8803,2006,0.0,40155.0,-0.342779,1.033318,VNM,THA,841210
9587857,81,222,8803,2006,25676.0,0.0,1.824154,0.614424,GBR,TTO,841210
9587858,231,222,8803,2006,16821.0,0.0,1.666643,-0.121679,USA,TTO,841210
9587859,43,224,8803,2006,65290.0,0.0,0.737888,2.54966,CHN,TUR,841210
9587860,81,224,8803,2006,1949538.0,867221.0,1.824154,0.614424,GBR,TUR,841210
9587861,82,224,8803,2006,0.0,20019.0,0.076711,-0.47216099999999994,GEO,TUR,841210
9587862,104,224,8803,2006,23079.0,0.0,0.285652,2.731318,IND,TUR,841210
9587863,110,224,8803,2006,0.0,25193.0,1.3082129999999998,0.783845,ISR,TUR,841210
9587864,111,224,8803,2006,24460.0,0.0,1.293779,0.93995,ITA,TUR,841210
9587865,114,224,8803,2006,6949.0,0.0,2.4348099999999997,0.082887,JPN,TUR,841210
9587866,121,224,8803,2006,1924.0,0.0,1.5384309999999999,0.766628,KOR,TUR,841210
9587867,162,224,8803,2006,5175.0,0.0,1.192134,1.450852,NLD,TUR,841210
9587868,166,224,8803,2006,138160.0,0.0,0.5371,0.8240209999999999,NZL,TUR,841210
9587869,186,224,8803,2006,0.0,2475.0,0.801197,0.104683,RUS,TUR,841210
9587870,188,224,8803,2006,0.0,2680.0,0.162432,-0.853059,SAU,TUR,841210
9587871,191,224,8803,2006,0.0,2400.0,-0.364713,-0.183612,SEN,TUR,841210
9587872,208,224,8803,2006,2256665.0,0.0,1.902737,0.593294,SWE,TUR,841210
9587873,231,224,8803,2006,31182.0,0.0,1.666643,-0.121679,USA,TUR,841210
9587874,81,230,8803,2006,4134.0,0.0,1.824154,0.614424,GBR,URY,841210
9587875,6,231,8803,2006,0.0,38338.0,0.251825,-0.629035,ANT,USA,841210
9587876,7,231,8803,2006,0.0,171282.0,0.053903999999999994,-0.735124,ARE,USA,841210
9587877,8,231,8803,2006,0.0,91840.0,0.33055,0.665867,ARG,USA,841210
9587878,14,231,8803,2006,1898.0,84615.0,0.067166,0.373148,AUS,USA,841210
9587879,15,231,8803,2006,29428.0,25443.0,1.775669,0.192717,AUT,USA,841210
9587880,18,231,8803,2006,0.0,9184451.0,1.2222540000000002,1.383027,BEL,USA,841210
9587881,22,231,8803,2006,0.0,303682.0,-1.0305309999999999,-0.80937,BGD,USA,841210
9587882,25,231,8803,2006,13018.0,4376.0,0.673694,-0.519608,BHS,USA,841210
9587883,31,231,8803,2006,0.0,2235.0,-0.805185,-0.754091,BOL,USA,841210
9587884,32,231,8803,2006,0.0,38048.0,0.633889,1.1474520000000001,BRA,USA,841210
9587885,39,231,8803,2006,102367.0,404374.0,0.865685,1.1480489999999999,CAN,USA,841210
9587886,42,231,8803,2006,0.0,32917.0,-0.188298,-0.46778000000000003,CHL,USA,841210
9587887,43,231,8803,2006,69599.0,358873.0,0.737888,2.54966,CHN,USA,841210
9587888,45,231,8803,2006,0.0,18599.0,-1.358873,-1.1511360000000002,CMR,USA,841210
9587889,49,231,8803,2006,9934.0,971881.0,0.129887,0.44371700000000003,COL,USA,841210
9587890,52,231,8803,2006,0.0,11359.0,0.042663,-0.376672,CRI,USA,841210
9587891,61,231,8803,2006,8799502.0,3515587.0,2.132566,-2.773669,DEU,USA,841210
9587892,64,231,8803,2006,3094.0,53422.0,1.2308700000000001,1.180914,DNK,USA,841210
9587893,65,231,8803,2006,0.0,834118.0,-0.24073699999999998,0.049093,DOM,USA,841210
9587894,66,231,8803,2006,0.0,1178198.0,-0.489962,-1.12456,DZA,USA,841210
9587895,67,231,8803,2006,0.0,26645.0,-0.878583,-0.9462010000000001,ECU,USA,841210
9587896,68,231,8803,2006,0.0,12881.0,-0.182272,0.40222399999999997,EGY,USA,841210
9587897,71,231,8803,2006,23993.0,0.0,0.9091370000000001,2.068166,ESP,USA,841210
9587898,75,231,8803,2006,0.0,2771.0,-0.6554949999999999,-0.098284,FJI,USA,841210
9587899,77,231,8803,2006,4844971.0,16784.0,1.47591,0.489466,FRA,USA,841210
9587900,79,231,8803,2006,0.0,38260.0,-0.883972,-0.8817209999999999,FSM,USA,841210
9587901,81,231,8803,2006,9653875.0,633743.0,1.824154,0.614424,GBR,USA,841210
9587902,90,231,8803,2006,0.0,2747476.0,0.261955,1.488958,GRC,USA,841210
9587903,93,231,8803,2006,0.0,22195.0,-0.28642199999999995,0.5868439999999999,GTM,USA,841210
9587904,97,231,8803,2006,0.0,55799.0,0.5776319999999999,2.076782,HKG,USA,841210
9587905,99,231,8803,2006,0.0,83154.0,-0.672074,-0.472138,HND,USA,841210
9587906,101,231,8803,2006,0.0,445000.0,-1.037941,-0.9475790000000001,HTI,USA,841210
9587907,103,231,8803,2006,0.0,1325.0,-0.21012399999999998,1.467838,IDN,USA,841210
9587908,104,231,8803,2006,0.0,20366.0,0.285652,2.731318,IND,USA,841210
9587909,106,231,8803,2006,0.0,1922.0,1.43804,0.06463200000000001,IRL,USA,841210
9587910,111,231,8803,2006,590301.0,0.0,1.293779,0.93995,ITA,USA,841210
9587911,112,231,8803,2006,0.0,202449.0,-0.5122720000000001,-0.9109809999999999,JAM,USA,841210
9587912,113,231,8803,2006,0.0,12715.0,0.166718,0.331248,JOR,USA,841210
9587913,114,231,8803,2006,2123717.0,9380060.0,2.4348099999999997,0.082887,JPN,USA,841210
9587914,121,231,8803,2006,3708347.0,1259336.0,1.5384309999999999,0.766628,KOR,USA,841210
9587915,122,231,8803,2006,0.0,25300.0,-0.589823,-1.142795,KWT,USA,841210
9587916,127,231,8803,2006,0.0,1521.0,1.118348,-0.17618,LCA,USA,841210
9587917,131,231,8803,2006,7028.0,0.0,1.4345620000000001,0.8840819999999999,LUX,USA,841210
9587918,134,231,8803,2006,0.0,2204774.0,-0.547933,0.08257300000000001,MAR,USA,841210
9587919,138,231,8803,2006,11607184.0,312156.0,1.047268,0.7142270000000001,MEX,USA,841210
9587920,153,231,8803,2006,1572.0,138406.0,0.7896569999999999,0.363625,MYS,USA,841210
9587921,159,231,8803,2006,0.0,38702.0,-2.094353,-1.215025,NGA,USA,841210
9587922,160,231,8803,2006,0.0,1346.0,-0.998825,-0.893867,NIC,USA,841210
9587923,162,231,8803,2006,14321.0,30847.0,1.192134,1.450852,NLD,USA,841210
9587924,163,231,8803,2006,3673373.0,5071946.0,1.0787930000000001,0.014051,NOR,USA,841210
9587925,166,231,8803,2006,7132976.0,33942.0,0.5371,0.8240209999999999,NZL,USA,841210
9587926,169,231,8803,2006,0.0,10521.0,0.306664,0.638533,PAN,USA,841210
9587927,174,231,8803,2006,0.0,15675.0,0.161994,0.036631,PHL,USA,841210
9587928,182,231,8803,2006,0.0,1141.0,-0.213329,-0.743599,PYF,USA,841210
9587929,183,231,8803,2006,0.0,1766.0,0.055777999999999994,-1.0379049999999999,QAT,USA,841210
9587930,185,231,8803,2006,40639.0,0.0,0.550825,1.170744,ROU,USA,841210
9587931,186,231,8803,2006,22321664.0,0.0,0.801197,0.104683,RUS,USA,841210
9587932,188,231,8803,2006,0.0,13963592.0,0.162432,-0.853059,SAU,USA,841210
9587933,192,231,8803,2006,5269033.0,10031772.0,1.5377379999999998,0.503089,SGP,USA,841210
9587934,208,231,8803,2006,66929.0,180679.0,1.902737,0.593294,SWE,USA,841210
9587935,216,231,8803,2006,0.0,10010.0,0.568209,1.685343,THA,USA,841210
9587936,222,231,8803,2006,0.0,16821.0,-0.20651399999999998,-1.024907,TTO,USA,841210
9587937,223,231,8803,2006,0.0,8827.0,-0.013636,0.804752,TUN,USA,841210
9587938,224,231,8803,2006,0.0,31182.0,0.33971599999999996,2.193384,TUR,USA,841210
9587939,236,231,8803,2006,20245.0,791994.0,-0.340972,-1.015462,VEN,USA,841210
9587940,246,231,8803,2006,0.0,25609.0,0.37964499999999995,1.466326,ZAF,USA,841210
9587941,249,231,8803,2006,0.0,3750790.0,1.619915,1.2289940000000001,TWN,USA,841210
9587942,18,236,8803,2006,2595.0,0.0,1.2222540000000002,1.383027,BEL,VEN,841210
9587943,32,236,8803,2006,1486.0,0.0,0.633889,1.1474520000000001,BRA,VEN,841210
9587944,61,236,8803,2006,4323.0,0.0,2.132566,-2.773669,DEU,VEN,841210
9587945,81,236,8803,2006,107467.0,0.0,1.824154,0.614424,GBR,VEN,841210
9587946,114,236,8803,2006,3790.0,0.0,2.4348099999999997,0.082887,JPN,VEN,841210
9587947,231,236,8803,2006,791994.0,20245.0,1.666643,-0.121679,USA,VEN,841210
9587948,249,236,8803,2006,3812.0,0.0,1.619915,1.2289940000000001,TWN,VEN,841210
9587949,77,243,8803,2006,342864.0,0.0,1.47591,0.489466,FRA,YEM,841210
9587950,228,243,8803,2006,1114196.0,0.0,0.7008439999999999,0.79656,UKR,YEM,841210
9587951,81,249,8803,2006,0.0,7987.0,1.824154,0.614424,GBR,TWN,841210
9587952,153,249,8803,2006,0.0,2266.0,0.7896569999999999,0.363625,MYS,TWN,841210
9587953,166,249,8803,2006,112717.0,0.0,0.5371,0.8240209999999999,NZL,TWN,841210
9587954,231,249,8803,2006,3750790.0,0.0,1.666643,-0.121679,USA,TWN,841210
9587955,236,249,8803,2006,0.0,3812.0,-0.340972,-1.015462,VEN,TWN,841210
9587956,14,7,8803,2006,25576.0,0.0,0.067166,0.373148,AUS,ARE,841210
9587957,81,7,8803,2006,1470643.0,0.0,1.824154,0.614424,GBR,ARE,841210
9587958,104,7,8803,2006,222573.0,0.0,0.285652,2.731318,IND,ARE,841210
9587959,153,7,8803,2006,18321.0,0.0,0.7896569999999999,0.363625,MYS,ARE,841210
9587960,166,7,8803,2006,561551.0,0.0,0.5371,0.8240209999999999,NZL,ARE,841210
9587961,167,7,8803,2006,0.0,19174.0,-0.6373989999999999,-1.092554,OMN,ARE,841210
9587962,208,7,8803,2006,31495.0,0.0,1.902737,0.593294,SWE,ARE,841210
9587963,228,7,8803,2006,448906.0,0.0,0.7008439999999999,0.79656,UKR,ARE,841210
9587964,231,7,8803,2006,171282.0,0.0,1.666643,-0.121679,USA,ARE,841210
9587965,7,14,8803,2006,0.0,25576.0,0.053903999999999994,-0.735124,ARE,AUS,841210
9587966,81,14,8803,2006,180752.0,0.0,1.824154,0.614424,GBR,AUS,841210
9587967,103,14,8803,2006,0.0,250705.0,-0.21012399999999998,1.467838,IDN,AUS,841210
9587968,104,14,8803,2006,1778.0,8348.0,0.285652,2.731318,IND,AUS,841210
9587969,153,14,8803,2006,0.0,120499.0,0.7896569999999999,0.363625,MYS,AUS,841210
9587970,166,14,8803,2006,475918.0,0.0,0.5371,0.8240209999999999,NZL,AUS,841210
9587971,176,14,8803,2006,0.0,14424.0,-1.89409,-1.234731,PNG,AUS,841210
9587972,231,14,8803,2006,84615.0,1898.0,1.666643,-0.121679,USA,AUS,841210
9587973,241,14,8803,2006,0.0,2662.0,1.609916,-0.311544,WLF,AUS,841210
9587974,250,14,8803,2006,0.0,5505.0,0.711619,-0.41880200000000006,ANS,AUS,841210
9587975,81,16,8803,2006,27469.0,0.0,1.824154,0.614424,GBR,AZE,841210
9587976,61,22,8803,2006,205928.0,1592.0,2.132566,-2.773669,DEU,BGD,841210
9587977,81,22,8803,2006,190958.0,0.0,1.824154,0.614424,GBR,BGD,841210
9587978,168,22,8803,2006,2000.0,0.0,-0.449333,0.563013,PAK,BGD,841210
9587979,192,22,8803,2006,49803.0,0.0,1.5377379999999998,0.503089,SGP,BGD,841210
9587980,231,22,8803,2006,303682.0,0.0,1.666643,-0.121679,USA,BGD,841210
9587981,15,23,8803,2006,0.0,248474.0,1.775669,0.192717,AUT,BGR,841210
9587982,39,23,8803,2006,8923.0,0.0,0.865685,1.1480489999999999,CAN,BGR,841210
9587983,41,23,8803,2006,0.0,2271.0,2.052534,0.515523,CHE,BGR,841210
9587984,61,23,8803,2006,0.0,33292.0,2.132566,-2.773669,DEU,BGR,841210
9587985,111,23,8803,2006,0.0,47717.0,1.293779,0.93995,ITA,BGR,841210
9587986,186,23,8803,2006,2315.0,0.0,0.801197,0.104683,RUS,BGR,841210
9587987,207,23,8803,2006,0.0,44304.0,1.5882370000000001,0.800719,SVN,BGR,841210
9587988,208,23,8803,2006,1821.0,0.0,1.902737,0.593294,SWE,BGR,841210
9587989,81,24,8803,2006,260525.0,0.0,1.824154,0.614424,GBR,BHR,841210
9587990,81,28,8803,2006,1704.0,0.0,1.824154,0.614424,GBR,BLR,841210
9587991,186,28,8803,2006,0.0,10336.0,0.801197,0.104683,RUS,BLR,841210
9587992,61,68,8803,2006,66502.0,0.0,2.132566,-2.773669,DEU,EGY,841210
9587993,74,68,8803,2006,1215.0,0.0,1.864038,0.8193940000000001,FIN,EGY,841210
9587994,77,68,8803,2006,6840.0,0.0,1.47591,0.489466,FRA,EGY,841210
9587995,81,68,8803,2006,286013.0,0.0,1.824154,0.614424,GBR,EGY,841210
9587996,111,68,8803,2006,31362.0,0.0,1.293779,0.93995,ITA,EGY,841210
9587997,162,68,8803,2006,12443.0,0.0,1.192134,1.450852,NLD,EGY,841210
9587998,208,68,8803,2006,52989.0,0.0,1.902737,0.593294,SWE,EGY,841210
9587999,231,68,8803,2006,12881.0,0.0,1.666643,-0.121679,USA,EGY,841210
9588000,61,72,8803,2006,12791.0,0.0,2.132566,-2.773669,DEU,EST,841210
9588001,81,82,8803,2006,1006.0,0.0,1.824154,0.614424,GBR,GEO,841210
9588002,186,82,8803,2006,0.0,127810.0,0.801197,0.104683,RUS,GEO,841210
9588003,219,82,8803,2006,0.0,1687015.0,-1.155861,-1.200933,TKM,GEO,841210
9588004,224,82,8803,2006,20019.0,0.0,0.33971599999999996,2.193384,TUR,GEO,841210
9588005,81,100,8803,2006,9081.0,0.0,1.824154,0.614424,GBR,HRV,841210
9588006,208,100,8803,2006,45219.0,0.0,1.902737,0.593294,SWE,HRV,841210
9588007,18,102,8803,2006,24145.0,0.0,1.2222540000000002,1.383027,BEL,HUN,841210
9588008,71,102,8803,2006,0.0,4750.0,0.9091370000000001,2.068166,ESP,HUN,841210
9588009,77,102,8803,2006,3800.0,0.0,1.47591,0.489466,FRA,HUN,841210
9588010,177,102,8803,2006,1909.0,0.0,0.991927,1.474418,POL,HUN,841210
9588011,43,107,8803,2006,122161.0,0.0,0.737888,2.54966,CHN,IRN,841210
9588012,61,107,8803,2006,599685.0,0.0,2.132566,-2.773669,DEU,IRN,841210
9588013,71,107,8803,2006,88136.0,0.0,0.9091370000000001,2.068166,ESP,IRN,841210
9588014,81,107,8803,2006,1654.0,0.0,1.824154,0.614424,GBR,IRN,841210
9588015,104,107,8803,2006,8420.0,0.0,0.285652,2.731318,IND,IRN,841210
9588016,111,107,8803,2006,66984.0,0.0,1.293779,0.93995,ITA,IRN,841210
9588017,114,107,8803,2006,2832.0,0.0,2.4348099999999997,0.082887,JPN,IRN,841210
9588018,162,107,8803,2006,339810.0,0.0,1.192134,1.450852,NLD,IRN,841210
9588019,167,107,8803,2006,24863.0,0.0,-0.6373989999999999,-1.092554,OMN,IRN,841210
9588020,81,113,8803,2006,430725.0,0.0,1.824154,0.614424,GBR,JOR,841210
9588021,231,113,8803,2006,12715.0,0.0,1.666643,-0.121679,USA,JOR,841210
9588022,162,115,8803,2006,5949.0,0.0,1.192134,1.450852,NLD,KAZ,841210
9588023,219,115,8803,2006,0.0,43098.0,-1.155861,-1.200933,TKM,KAZ,841210
9588024,61,116,8803,2006,3377.0,0.0,2.132566,-2.773669,DEU,KEN,841210
9588025,71,116,8803,2006,841.0,0.0,0.9091370000000001,2.068166,ESP,KEN,841210
9588026,104,116,8803,2006,43437.0,0.0,0.285652,2.731318,IND,KEN,841210
9588027,111,116,8803,2006,7878.0,0.0,1.293779,0.93995,ITA,KEN,841210
9588028,114,116,8803,2006,4737.0,0.0,2.4348099999999997,0.082887,JPN,KEN,841210
9588029,246,116,8803,2006,11950.0,0.0,0.37964499999999995,1.466326,ZAF,KEN,841210
9588030,77,122,8803,2006,33686.0,0.0,1.47591,0.489466,FRA,KWT,841210
9588031,81,122,8803,2006,11059.0,0.0,1.824154,0.614424,GBR,KWT,841210
9588032,104,122,8803,2006,2923.0,0.0,0.285652,2.731318,IND,KWT,841210
9588033,114,122,8803,2006,2056.0,0.0,2.4348099999999997,0.082887,JPN,KWT,841210
9588034,231,122,8803,2006,25300.0,0.0,1.666643,-0.121679,USA,KWT,841210
9588035,81,124,8803,2006,2122.0,0.0,1.824154,0.614424,GBR,LBN,841210
9588036,59,130,8803,2006,0.0,54737.0,1.564058,0.6023649999999999,CZE,LTU,841210
9588037,64,130,8803,2006,6118.0,0.0,1.2308700000000001,1.180914,DNK,LTU,841210
9588038,74,130,8803,2006,8962.0,0.0,1.864038,0.8193940000000001,FIN,LTU,841210
9588039,228,130,8803,2006,36461.0,0.0,0.7008439999999999,0.79656,UKR,LTU,841210
9588040,15,131,8803,2006,10622.0,0.0,1.775669,0.192717,AUT,LUX,841210
9588041,18,131,8803,2006,1806.0,0.0,1.2222540000000002,1.383027,BEL,LUX,841210
9588042,39,131,8803,2006,15471.0,0.0,0.865685,1.1480489999999999,CAN,LUX,841210
9588043,61,131,8803,2006,0.0,125653.0,2.132566,-2.773669,DEU,LUX,841210
9588044,111,131,8803,2006,18225.0,0.0,1.293779,0.93995,ITA,LUX,841210
9588045,138,131,8803,2006,0.0,1396.0,1.047268,0.7142270000000001,MEX,LUX,841210
9588046,231,131,8803,2006,0.0,7028.0,1.666643,-0.121679,USA,LUX,841210
9588047,59,132,8803,2006,12251.0,0.0,1.564058,0.6023649999999999,CZE,LVA,841210
9588048,61,132,8803,2006,23298.0,0.0,2.132566,-2.773669,DEU,LVA,841210
9588049,77,132,8803,2006,10340.0,0.0,1.47591,0.489466,FRA,LVA,841210
9588050,111,132,8803,2006,3927.0,0.0,1.293779,0.93995,ITA,LVA,841210
9588051,162,132,8803,2006,1503.0,0.0,1.192134,1.450852,NLD,LVA,841210
9588052,246,147,8803,2006,34647.0,0.0,0.37964499999999995,1.466326,ZAF,MOZ,841210
9588053,15,163,8803,2006,1841.0,0.0,1.775669,0.192717,AUT,NOR,841210
9588054,61,163,8803,2006,0.0,306997.0,2.132566,-2.773669,DEU,NOR,841210
9588055,64,163,8803,2006,12418.0,1139832.0,1.2308700000000001,1.180914,DNK,NOR,841210
9588056,77,163,8803,2006,0.0,2815968.0,1.47591,0.489466,FRA,NOR,841210
9588057,81,163,8803,2006,328104.0,33006.0,1.824154,0.614424,GBR,NOR,841210
9588058,111,163,8803,2006,63831.0,11346.0,1.293779,0.93995,ITA,NOR,841210
9588059,114,163,8803,2006,0.0,17445190.0,2.4348099999999997,0.082887,JPN,NOR,841210
9588060,121,163,8803,2006,0.0,151183.0,1.5384309999999999,0.766628,KOR,NOR,841210
9588061,153,163,8803,2006,0.0,350099.0,0.7896569999999999,0.363625,MYS,NOR,841210
9588062,162,163,8803,2006,3664.0,425172.0,1.192134,1.450852,NLD,NOR,841210
9588063,166,163,8803,2006,275433.0,0.0,0.5371,0.8240209999999999,NZL,NOR,841210
9588064,177,163,8803,2006,0.0,1723.0,0.991927,1.474418,POL,NOR,841210
9588065,208,163,8803,2006,60911.0,9570025.0,1.902737,0.593294,SWE,NOR,841210
9588066,231,163,8803,2006,5071946.0,3673373.0,1.666643,-0.121679,USA,NOR,841210
9588067,7,167,8803,2006,19174.0,0.0,0.053903999999999994,-0.735124,ARE,OMN,841210
9588068,39,167,8803,2006,1720103.0,0.0,0.865685,1.1480489999999999,CAN,OMN,841210
9588069,81,167,8803,2006,1353.0,0.0,1.824154,0.614424,GBR,OMN,841210
9588070,107,167,8803,2006,0.0,24863.0,-0.391023,-0.767861,IRN,OMN,841210
9588071,61,179,8803,2006,2169.0,0.0,2.132566,-2.773669,DEU,PRT,841210
9588072,71,179,8803,2006,1740.0,0.0,0.9091370000000001,2.068166,ESP,PRT,841210
9588073,111,179,8803,2006,2586.0,0.0,1.293779,0.93995,ITA,PRT,841210
9588074,166,179,8803,2006,70190.0,0.0,0.5371,0.8240209999999999,NZL,PRT,841210
9588075,192,179,8803,2006,273660.0,0.0,1.5377379999999998,0.503089,SGP,PRT,841210
9588076,2,186,8803,2006,0.0,2546.0,-2.0822979999999998,-1.176767,AGO,RUS,841210
9588077,15,186,8803,2006,6935.0,0.0,1.775669,0.192717,AUT,RUS,841210
9588078,23,186,8803,2006,0.0,2315.0,0.414563,1.378005,BGR,RUS,841210
9588079,28,186,8803,2006,10336.0,0.0,0.919853,0.384409,BLR,RUS,841210
9588080,39,186,8803,2006,0.0,1537.0,0.865685,1.1480489999999999,CAN,RUS,841210
9588081,74,186,8803,2006,13778.0,0.0,1.864038,0.8193940000000001,FIN,RUS,841210
9588082,81,186,8803,2006,21780.0,0.0,1.824154,0.614424,GBR,RUS,841210
9588083,82,186,8803,2006,127810.0,0.0,0.076711,-0.47216099999999994,GEO,RUS,841210
9588084,103,186,8803,2006,0.0,10085.0,-0.21012399999999998,1.467838,IDN,RUS,841210
9588085,111,186,8803,2006,18981.0,0.0,1.293779,0.93995,ITA,RUS,841210
9588086,121,186,8803,2006,0.0,17304.0,1.5384309999999999,0.766628,KOR,RUS,841210
9588087,224,186,8803,2006,2475.0,0.0,0.33971599999999996,2.193384,TUR,RUS,841210
9588088,228,186,8803,2006,3400582.0,30934132.0,0.7008439999999999,0.79656,UKR,RUS,841210
9588089,231,186,8803,2006,0.0,22321664.0,1.666643,-0.121679,USA,RUS,841210
9588090,22,192,8803,2006,0.0,49803.0,-1.0305309999999999,-0.80937,BGD,SGP,841210
9588091,81,192,8803,2006,392704.0,5192.0,1.824154,0.614424,GBR,SGP,841210
9588092,103,192,8803,2006,25311.0,8627.0,-0.21012399999999998,1.467838,IDN,SGP,841210
9588093,104,192,8803,2006,20844.0,3101.0,0.285652,2.731318,IND,SGP,841210
9588094,114,192,8803,2006,21228.0,0.0,2.4348099999999997,0.082887,JPN,SGP,841210
9588095,128,192,8803,2006,0.0,2864.0,-0.573767,0.305913,LKA,SGP,841210
9588096,153,192,8803,2006,6573.0,187750.0,0.7896569999999999,0.363625,MYS,SGP,841210
9588097,166,192,8803,2006,1694588.0,0.0,0.5371,0.8240209999999999,NZL,SGP,841210
9588098,179,192,8803,2006,0.0,273660.0,0.5723630000000001,1.92303,PRT,SGP,841210
9588099,216,192,8803,2006,0.0,15836.0,0.568209,1.685343,THA,SGP,841210
9588100,231,192,8803,2006,10031772.0,5269033.0,1.666643,-0.121679,USA,SGP,841210
9588101,59,206,8803,2006,171978.0,0.0,1.564058,0.6023649999999999,CZE,SVK,841210
9588102,250,206,8803,2006,284620.0,0.0,0.711619,-0.41880200000000006,ANS,SVK,841210
9588103,23,207,8803,2006,44304.0,0.0,0.414563,1.378005,BGR,SVN,841210
9588104,208,207,8803,2006,3357.0,0.0,1.902737,0.593294,SWE,SVN,841210
9588105,250,212,8803,2006,18606.0,0.0,0.711619,-0.41880200000000006,ANS,SYR,841210
9588106,61,223,8803,2006,3332858.0,0.0,2.132566,-2.773669,DEU,TUN,841210
9588107,111,223,8803,2006,69681.0,0.0,1.293779,0.93995,ITA,TUN,841210
9588108,231,223,8803,2006,8827.0,0.0,1.666643,-0.121679,USA,TUN,841210
9588109,7,228,8803,2006,0.0,448906.0,0.053903999999999994,-0.735124,ARE,UKR,841210
9588110,49,228,8803,2006,0.0,82346.0,0.129887,0.44371700000000003,COL,UKR,841210
9588111,59,228,8803,2006,70671.0,6676.0,1.564058,0.6023649999999999,CZE,UKR,841210
9588112,81,228,8803,2006,20452.0,0.0,1.824154,0.614424,GBR,UKR,841210
9588113,130,228,8803,2006,0.0,36461.0,0.44063599999999997,1.163857,LTU,UKR,841210
9588114,173,228,8803,2006,0.0,100448.0,-0.551095,0.044295,PER,UKR,841210
9588115,186,228,8803,2006,30934132.0,3400582.0,0.801197,0.104683,RUS,UKR,841210
9588116,216,228,8803,2006,0.0,17620.0,0.568209,1.685343,THA,UKR,841210
9588117,243,228,8803,2006,0.0,1114196.0,-1.0407110000000002,-1.13042,YEM,UKR,841210
9588118,1,246,8803,2006,0.0,2843.0,-0.626011,-0.6799689999999999,AFG,ZAF,841210
9588119,37,246,8803,2006,2969.0,19624.0,-1.0541459999999998,-1.179286,BWA,ZAF,841210
9588120,61,246,8803,2006,7035.0,0.0,2.132566,-2.773669,DEU,ZAF,841210
9588121,81,246,8803,2006,109255.0,73893.0,1.824154,0.614424,GBR,ZAF,841210
9588122,104,246,8803,2006,15527.0,0.0,0.285652,2.731318,IND,ZAF,841210
9588123,111,246,8803,2006,4417.0,1928.0,1.293779,0.93995,ITA,ZAF,841210
9588124,114,246,8803,2006,84893.0,0.0,2.4348099999999997,0.082887,JPN,ZAF,841210
9588125,116,246,8803,2006,0.0,11950.0,-0.38287899999999997,1.060286,KEN,ZAF,841210
9588126,147,246,8803,2006,0.0,34647.0,-1.0250629999999998,-1.067359,MOZ,ZAF,841210
9588127,152,246,8803,2006,0.0,4211.0,-1.145132,-1.0946209999999998,MWI,ZAF,841210
9588128,155,246,8803,2006,3447.0,112155.0,-0.515361,-0.8027350000000001,NAM,ZAF,841210
9588129,166,246,8803,2006,67001.0,0.0,0.5371,0.8240209999999999,NZL,ZAF,841210
9588130,173,246,8803,2006,0.0,2012.0,-0.551095,0.044295,PER,ZAF,841210
9588131,209,246,8803,2006,239.0,162601.0,0.750674,0.221306,SWZ,ZAF,841210
9588132,231,246,8803,2006,25609.0,0.0,1.666643,-0.121679,USA,ZAF,841210
9588133,247,246,8803,2006,0.0,27963.0,-0.5307,-0.793621,ZMB,ZAF,841210
9588134,248,246,8803,2006,0.0,12718.0,-0.41825500000000004,-0.55313,ZWE,ZAF,841210
9588135,250,246,8803,2006,0.0,1767.0,0.711619,-0.41880200000000006,ANS,ZAF,841210
9588136,114,37,8803,2006,1046.0,0.0,2.4348099999999997,0.082887,JPN,BWA,841210
9588137,246,37,8803,2006,19624.0,2969.0,0.37964499999999995,1.466326,ZAF,BWA,841210
9588138,81,45,8803,2006,19144.0,0.0,1.824154,0.614424,GBR,CMR,841210
9588139,231,45,8803,2006,18599.0,0.0,1.666643,-0.121679,USA,CMR,841210
9588140,162,54,8803,2006,68321.0,0.0,1.192134,1.450852,NLD,CUB,841210
9588141,77,66,8803,2006,7580.0,0.0,1.47591,0.489466,FRA,DZA,841210
9588142,231,66,8803,2006,1178198.0,0.0,1.666643,-0.121679,USA,DZA,841210
9588143,43,80,8803,2006,2131.0,0.0,0.737888,2.54966,CHN,GAB,841210
9588144,77,80,8803,2006,8579.0,0.0,1.47591,0.489466,FRA,GAB,841210
9588145,39,83,8803,2006,7380.0,0.0,0.865685,1.1480489999999999,CAN,GHA,841210
9588146,81,83,8803,2006,2329680.0,0.0,1.824154,0.614424,GBR,GHA,841210
9588147,71,134,8803,2006,39694.0,0.0,0.9091370000000001,2.068166,ESP,MAR,841210
9588148,81,134,8803,2006,39973.0,0.0,1.824154,0.614424,GBR,MAR,841210
9588149,142,134,8803,2006,19582.0,0.0,1.384411,0.093734,MLT,MAR,841210
9588150,231,134,8803,2006,2204774.0,0.0,1.666643,-0.121679,USA,MAR,841210
9588151,250,134,8803,2006,0.0,837744.0,0.711619,-0.41880200000000006,ANS,MAR,841210
9588152,134,142,8803,2006,0.0,19582.0,-0.547933,0.08257300000000001,MAR,MLT,841210
9588153,2,155,8803,2006,0.0,8447.0,-2.0822979999999998,-1.176767,AGO,NAM,841210
9588154,246,155,8803,2006,112155.0,3447.0,0.37964499999999995,1.466326,ZAF,NAM,841210
9588155,81,159,8803,2006,122024.0,0.0,1.824154,0.614424,GBR,NGA,841210
9588156,111,159,8803,2006,8380.0,0.0,1.293779,0.93995,ITA,NGA,841210
9588157,231,159,8803,2006,38702.0,0.0,1.666643,-0.121679,USA,NGA,841210
9588158,81,191,8803,2006,1955.0,0.0,1.824154,0.614424,GBR,SEN,841210
9588159,224,191,8803,2006,2400.0,0.0,0.33971599999999996,2.193384,TUR,SEN,841210
9588160,152,226,8803,2006,0.0,1252.0,-1.145132,-1.0946209999999998,MWI,TZA,841210
9588161,208,226,8803,2006,17977.0,0.0,1.902737,0.593294,SWE,TZA,841210
9588162,43,239,8803,2006,259710.0,0.0,0.737888,2.54966,CHN,VNM,841210
9588163,77,239,8803,2006,3289.0,0.0,1.47591,0.489466,FRA,VNM,841210
9588164,97,239,8803,2006,1764.0,0.0,0.5776319999999999,2.076782,HKG,VNM,841210
9588165,104,239,8803,2006,587441.0,0.0,0.285652,2.731318,IND,VNM,841210
9588166,166,239,8803,2006,31014.0,0.0,0.5371,0.8240209999999999,NZL,VNM,841210
9588167,216,239,8803,2006,40155.0,0.0,0.568209,1.685343,THA,VNM,841210
9588168,104,247,8803,2006,2862.0,0.0,0.285652,2.731318,IND,ZMB,841210
9588169,208,247,8803,2006,1067.0,0.0,1.902737,0.593294,SWE,ZMB,841210
9588170,246,247,8803,2006,27963.0,0.0,0.37964499999999995,1.466326,ZAF,ZMB,841210
9588171,106,248,8803,2006,754.0,0.0,1.43804,0.06463200000000001,IRL,ZWE,841210
9588172,208,248,8803,2006,1746.0,0.0,1.902737,0.593294,SWE,ZWE,841210
9588173,246,248,8803,2006,12718.0,0.0,0.37964499999999995,1.466326,ZAF,ZWE,841210
9588174,77,26,8803,2006,6824.0,0.0,1.47591,0.489466,FRA,BIH,841210
9588175,231,75,8803,2006,2771.0,0.0,1.666643,-0.121679,USA,FJI,841210
9588176,81,84,8803,2006,6248.0,0.0,1.824154,0.614424,GBR,GIB,841210
9588177,246,209,8803,2006,162601.0,239.0,0.37964499999999995,1.466326,ZAF,SWZ,841210
9588178,81,219,8803,2006,3486.0,0.0,1.824154,0.614424,GBR,TKM,841210
9588179,82,219,8803,2006,1687015.0,0.0,0.076711,-0.47216099999999994,GEO,TKM,841210
9588180,115,219,8803,2006,43098.0,0.0,0.038229,-0.579421,KAZ,TKM,841210
9588181,71,232,8803,2006,20805.0,0.0,0.9091370000000001,2.068166,ESP,UZB,841210
9588182,231,127,8803,2006,1521.0,0.0,1.666643,-0.121679,USA,LCA,841210
9588183,18,187,8803,2006,17643.0,0.0,1.2222540000000002,1.383027,BEL,RWA,841210
9588184,231,101,8803,2006,445000.0,0.0,1.666643,-0.121679,USA,HTI,841210
9588185,77,141,8803,2006,35966.0,0.0,1.47591,0.489466,FRA,MLI,841210
9588186,208,141,8803,2006,4227.0,0.0,1.902737,0.593294,SWE,MLI,841210
9588187,226,152,8803,2006,1252.0,0.0,-0.953097,0.159129,TZA,MWI,841210
9588188,246,152,8803,2006,4211.0,0.0,0.37964499999999995,1.466326,ZAF,MWI,841210
9588189,14,250,8803,2006,5505.0,0.0,0.067166,0.373148,AUS,ANS,841210
9588190,90,250,8803,2006,22647.0,0.0,0.261955,1.488958,GRC,ANS,841210
9588191,104,250,8803,2006,0.0,7322.0,0.285652,2.731318,IND,ANS,841210
9588192,134,250,8803,2006,837744.0,0.0,-0.547933,0.08257300000000001,MAR,ANS,841210
9588193,166,250,8803,2006,0.0,1885.0,0.5371,0.8240209999999999,NZL,ANS,841210
9588194,188,250,8803,2006,0.0,25050.0,0.162432,-0.853059,SAU,ANS,841210
9588195,206,250,8803,2006,0.0,284620.0,1.291583,0.868317,SVK,ANS,841210
9588196,212,250,8803,2006,0.0,18606.0,-0.588695,0.532487,SYR,ANS,841210
9588197,246,250,8803,2006,1767.0,0.0,0.37964499999999995,1.466326,ZAF,ANS,841210
9588198,246,1,8803,2006,2843.0,0.0,0.37964499999999995,1.466326,ZAF,AFG,841210
9588199,32,2,8803,2006,2506.0,0.0,0.633889,1.1474520000000001,BRA,AGO,841210
9588200,81,2,8803,2006,2293.0,0.0,1.824154,0.614424,GBR,AGO,841210
9588201,155,2,8803,2006,8447.0,0.0,-0.515361,-0.8027350000000001,NAM,AGO,841210
9588202,186,2,8803,2006,2546.0,0.0,0.801197,0.104683,RUS,AGO,841210
9588203,90,4,8803,2006,604790.0,0.0,0.261955,1.488958,GRC,ALB,841210
9588204,81,9,8803,2006,2568.0,0.0,1.824154,0.614424,GBR,ARM,841210
9588205,81,34,8803,2006,316695.0,0.0,1.824154,0.614424,GBR,BRN,841210
9588206,153,34,8803,2006,0.0,3005.0,0.7896569999999999,0.363625,MYS,BRN,841210
9588207,77,109,8803,2006,933.0,0.0,1.47591,0.489466,FRA,ISL,841210
9588208,81,109,8803,2006,4072.0,0.0,1.824154,0.614424,GBR,ISL,841210
9588209,81,126,8803,2006,23720.0,0.0,1.824154,0.614424,GBR,LBY,841210
9588210,81,133,8803,2006,3737.0,0.0,1.824154,0.614424,GBR,MAC,841210
9588211,166,137,8803,2006,179079.0,0.0,0.5371,0.8240209999999999,NZL,MDV,841210
9588212,216,137,8803,2006,14827.0,0.0,0.568209,1.685343,THA,MDV,841210
9588213,231,182,8803,2006,1141.0,0.0,1.666643,-0.121679,USA,PYF,841210
9588214,15,190,8803,2006,2133935.0,0.0,1.775669,0.192717,AUT,SDN,841210
9588215,81,190,8803,2006,64752.0,0.0,1.824154,0.614424,GBR,SDN,841210
9588216,114,190,8803,2006,1381.0,0.0,2.4348099999999997,0.082887,JPN,SDN,841210
9588217,61,211,8803,2006,3068.0,0.0,2.132566,-2.773669,DEU,SYC,841210
9588218,64,78,8803,2006,5912.0,0.0,1.2308700000000001,1.180914,DNK,FRO,841210
9588219,77,78,8803,2006,0.0,3793.0,1.47591,0.489466,FRA,FRO,841210
9588220,92,78,8803,2006,0.0,2269.0,-1.0014,-0.935995,GRL,FRO,841210
9588221,111,78,8803,2006,690.0,0.0,1.293779,0.93995,ITA,FRO,841210
9588222,81,89,8803,2006,3585.0,0.0,1.824154,0.614424,GBR,GNQ,841210
9588223,78,92,8803,2006,2269.0,0.0,-0.117631,-0.69352,FRO,GRL,841210
9588224,153,143,8803,2006,56180.0,0.0,0.7896569999999999,0.363625,MYS,MMR,841210
9588225,216,143,8803,2006,2644.0,5281.0,0.568209,1.685343,THA,MMR,841210
9588226,77,215,8803,2006,0.0,1115.0,1.47591,0.489466,FRA,TGO,841210
9588227,81,76,8803,2006,2113.0,0.0,1.824154,0.614424,GBR,FLK,841210
9588228,231,79,8803,2006,38260.0,0.0,1.666643,-0.121679,USA,FSM,841210
9588229,216,123,8803,2006,31553.0,0.0,0.568209,1.685343,THA,LAO,841210
9588230,14,176,8803,2006,14424.0,0.0,0.067166,0.373148,AUS,PNG,841210
9588231,14,241,8803,2006,2662.0,0.0,0.067166,0.373148,AUS,WLF,841210
9588232,39,241,8803,2006,21944.0,0.0,0.865685,1.1480489999999999,CAN,WLF,841210
9588233,81,218,8803,2006,1990.0,0.0,1.824154,0.614424,GBR,TKL,841210
9588234,162,6,8819,2006,109016.0,0.0,1.192134,1.450852,NLD,ANT,841382
9588235,169,6,8819,2006,14575.0,0.0,0.306664,0.638533,PAN,ANT,841382
9588236,231,6,8819,2006,2600.0,0.0,1.666643,-0.121679,USA,ANT,841382
9588237,14,8,8819,2006,5890.0,0.0,0.067166,0.373148,AUS,ARG,841382
9588238,18,8,8819,2006,0.0,9649.0,1.2222540000000002,1.383027,BEL,ARG,841382
9588239,31,8,8819,2006,0.0,19624.0,-0.805185,-0.754091,BOL,ARG,841382
9588240,32,8,8819,2006,819797.0,142423.0,0.633889,1.1474520000000001,BRA,ARG,841382
9588241,41,8,8819,2006,3635.0,0.0,2.052534,0.515523,CHE,ARG,841382
9588242,42,8,8819,2006,22028.0,43910.0,-0.188298,-0.46778000000000003,CHL,ARG,841382
9588243,43,8,8819,2006,7764.0,0.0,0.737888,2.54966,CHN,ARG,841382
9588244,54,8,8819,2006,0.0,1039.0,0.204039,-0.5183260000000001,CUB,ARG,841382
9588245,61,8,8819,2006,11697.0,0.0,2.132566,-2.773669,DEU,ARG,841382
9588246,64,8,8819,2006,52487.0,0.0,1.2308700000000001,1.180914,DNK,ARG,841382
9588247,71,8,8819,2006,19240.0,18968.0,0.9091370000000001,2.068166,ESP,ARG,841382
9588248,77,8,8819,2006,16064.0,0.0,1.47591,0.489466,FRA,ARG,841382
9588249,81,8,8819,2006,3533.0,0.0,1.824154,0.614424,GBR,ARG,841382
9588250,110,8,8819,2006,5454.0,0.0,1.3082129999999998,0.783845,ISR,ARG,841382
9588251,111,8,8819,2006,642736.0,0.0,1.293779,0.93995,ITA,ARG,841382
9588252,114,8,8819,2006,19894.0,0.0,2.4348099999999997,0.082887,JPN,ARG,841382
9588253,121,8,8819,2006,1323.0,0.0,1.5384309999999999,0.766628,KOR,ARG,841382
9588254,138,8,8819,2006,0.0,4805.0,1.047268,0.7142270000000001,MEX,ARG,841382
9588255,163,8,8819,2006,30009.0,0.0,1.0787930000000001,0.014051,NOR,ARG,841382
9588256,180,8,8819,2006,0.0,1758.0,-0.520435,-0.7839119999999999,PRY,ARG,841382
9588257,230,8,8819,2006,0.0,2374.0,0.234384,0.118878,URY,ARG,841382
9588258,231,8,8819,2006,187871.0,0.0,1.666643,-0.121679,USA,ARG,841382
9588259,236,8,8819,2006,0.0,30339.0,-0.340972,-1.015462,VEN,ARG,841382
9588260,250,8,8819,2006,14366.0,0.0,0.711619,-0.41880200000000006,ANS,ARG,841382
9588261,231,13,8819,2006,15037.0,0.0,1.666643,-0.121679,USA,ATG,841382
9588262,14,15,8819,2006,0.0,3341.0,0.067166,0.373148,AUS,AUT,841382
9588263,16,15,8819,2006,0.0,1060.0,-0.521304,-1.035764,AZE,AUT,841382
9588264,18,15,8819,2006,78649.0,0.0,1.2222540000000002,1.383027,BEL,AUT,841382
9588265,23,15,8819,2006,0.0,5064.0,0.414563,1.378005,BGR,AUT,841382
9588266,26,15,8819,2006,0.0,104408.0,0.40788800000000003,0.562854,BIH,AUT,841382
9588267,39,15,8819,2006,0.0,31987.0,0.865685,1.1480489999999999,CAN,AUT,841382
9588268,41,15,8819,2006,94971.0,5766.0,2.052534,0.515523,CHE,AUT,841382
9588269,42,15,8819,2006,0.0,5329.0,-0.188298,-0.46778000000000003,CHL,AUT,841382
9588270,43,15,8819,2006,0.0,147148.0,0.737888,2.54966,CHN,AUT,841382
9588271,59,15,8819,2006,0.0,8081.0,1.564058,0.6023649999999999,CZE,AUT,841382
9588272,61,15,8819,2006,267823.0,22798.0,2.132566,-2.773669,DEU,AUT,841382
9588273,64,15,8819,2006,11270.0,12043.0,1.2308700000000001,1.180914,DNK,AUT,841382
9588274,71,15,8819,2006,50674.0,14390.0,0.9091370000000001,2.068166,ESP,AUT,841382
9588275,77,15,8819,2006,1113.0,1159.0,1.47591,0.489466,FRA,AUT,841382
9588276,81,15,8819,2006,14493.0,6360.0,1.824154,0.614424,GBR,AUT,841382
9588277,90,15,8819,2006,0.0,1906.0,0.261955,1.488958,GRC,AUT,841382
9588278,97,15,8819,2006,0.0,14831.0,0.5776319999999999,2.076782,HKG,AUT,841382
9588279,100,15,8819,2006,0.0,44137.0,0.755787,0.992614,HRV,AUT,841382
9588280,102,15,8819,2006,0.0,4596.0,1.4034309999999999,0.835144,HUN,AUT,841382
9588281,106,15,8819,2006,0.0,33386.0,1.43804,0.06463200000000001,IRL,AUT,841382
9588282,107,15,8819,2006,0.0,204014.0,-0.391023,-0.767861,IRN,AUT,841382
9588283,108,15,8819,2006,0.0,1958.0,-2.029727,-0.8634219999999999,IRQ,AUT,841382
9588284,111,15,8819,2006,81616.0,3213.0,1.293779,0.93995,ITA,AUT,841382
9588285,114,15,8819,2006,0.0,1094.0,2.4348099999999997,0.082887,JPN,AUT,841382
9588286,121,15,8819,2006,0.0,1617695.0,1.5384309999999999,0.766628,KOR,AUT,841382
9588287,134,15,8819,2006,0.0,8335.0,-0.547933,0.08257300000000001,MAR,AUT,841382
9588288,153,15,8819,2006,0.0,4164.0,0.7896569999999999,0.363625,MYS,AUT,841382
9588289,162,15,8819,2006,95209.0,0.0,1.192134,1.450852,NLD,AUT,841382
9588290,163,15,8819,2006,0.0,6581.0,1.0787930000000001,0.014051,NOR,AUT,841382
9588291,177,15,8819,2006,0.0,36467.0,0.991927,1.474418,POL,AUT,841382
9588292,185,15,8819,2006,0.0,116312.0,0.550825,1.170744,ROU,AUT,841382
9588293,186,15,8819,2006,0.0,24994.0,0.801197,0.104683,RUS,AUT,841382
9588294,188,15,8819,2006,0.0,20317.0,0.162432,-0.853059,SAU,AUT,841382
9588295,206,15,8819,2006,0.0,2033.0,1.291583,0.868317,SVK,AUT,841382
9588296,207,15,8819,2006,0.0,17164.0,1.5882370000000001,0.800719,SVN,AUT,841382
9588297,208,15,8819,2006,30650.0,0.0,1.902737,0.593294,SWE,AUT,841382
9588298,224,15,8819,2006,0.0,2553.0,0.33971599999999996,2.193384,TUR,AUT,841382
9588299,228,15,8819,2006,0.0,8447.0,0.7008439999999999,0.79656,UKR,AUT,841382
9588300,231,15,8819,2006,6643.0,91970.0,1.666643,-0.121679,USA,AUT,841382
9588301,236,15,8819,2006,0.0,7166.0,-0.340972,-1.015462,VEN,AUT,841382
9588302,239,15,8819,2006,0.0,1017.0,-0.342779,1.033318,VNM,AUT,841382
9588303,246,15,8819,2006,0.0,2937.0,0.37964499999999995,1.466326,ZAF,AUT,841382
9588304,2,18,8819,2006,0.0,17924.0,-2.0822979999999998,-1.176767,AGO,BEL,841382
9588305,7,18,8819,2006,0.0,2610.0,0.053903999999999994,-0.735124,ARE,BEL,841382
9588306,8,18,8819,2006,9649.0,0.0,0.33055,0.665867,ARG,BEL,841382
9588307,15,18,8819,2006,0.0,78649.0,1.775669,0.192717,AUT,BEL,841382
9588308,19,18,8819,2006,0.0,6775.0,-0.8434360000000001,-0.798307,BEN,BEL,841382
9588309,23,18,8819,2006,2546.0,0.0,0.414563,1.378005,BGR,BEL,841382
9588310,24,18,8819,2006,0.0,15415.0,0.172724,-0.9449879999999999,BHR,BEL,841382
9588311,39,18,8819,2006,0.0,3031.0,0.865685,1.1480489999999999,CAN,BEL,841382
9588312,41,18,8819,2006,0.0,1872.0,2.052534,0.515523,CHE,BEL,841382
9588313,42,18,8819,2006,0.0,1054.0,-0.188298,-0.46778000000000003,CHL,BEL,841382
9588314,43,18,8819,2006,1934.0,49079.0,0.737888,2.54966,CHN,BEL,841382
9588315,45,18,8819,2006,0.0,22734.0,-1.358873,-1.1511360000000002,CMR,BEL,841382
9588316,49,18,8819,2006,0.0,6566.0,0.129887,0.44371700000000003,COL,BEL,841382
9588317,59,18,8819,2006,5080.0,0.0,1.564058,0.6023649999999999,CZE,BEL,841382
9588318,61,18,8819,2006,72484.0,1308.0,2.132566,-2.773669,DEU,BEL,841382
9588319,65,18,8819,2006,0.0,7821.0,-0.24073699999999998,0.049093,DOM,BEL,841382
9588320,67,18,8819,2006,0.0,4066.0,-0.878583,-0.9462010000000001,ECU,BEL,841382
9588321,68,18,8819,2006,0.0,3645.0,-0.182272,0.40222399999999997,EGY,BEL,841382
9588322,71,18,8819,2006,19961.0,95340.0,0.9091370000000001,2.068166,ESP,BEL,841382
9588323,74,18,8819,2006,6575.0,0.0,1.864038,0.8193940000000001,FIN,BEL,841382
9588324,77,18,8819,2006,99754.0,91252.0,1.47591,0.489466,FRA,BEL,841382
9588325,81,18,8819,2006,11792.0,0.0,1.824154,0.614424,GBR,BEL,841382
9588326,83,18,8819,2006,0.0,1064.0,-0.9934860000000001,-0.809318,GHA,BEL,841382
9588327,85,18,8819,2006,0.0,9647.0,-1.8376720000000002,-1.229774,GIN,BEL,841382
9588328,90,18,8819,2006,0.0,2046.0,0.261955,1.488958,GRC,BEL,841382
9588329,102,18,8819,2006,0.0,4829.0,1.4034309999999999,0.835144,HUN,BEL,841382
9588330,104,18,8819,2006,0.0,1578.0,0.285652,2.731318,IND,BEL,841382
9588331,106,18,8819,2006,0.0,128564.0,1.43804,0.06463200000000001,IRL,BEL,841382
9588332,111,18,8819,2006,192626.0,92545.0,1.293779,0.93995,ITA,BEL,841382
9588333,114,18,8819,2006,3418.0,0.0,2.4348099999999997,0.082887,JPN,BEL,841382
9588334,122,18,8819,2006,0.0,4989.0,-0.589823,-1.142795,KWT,BEL,841382
9588335,131,18,8819,2006,1276.0,6582.0,1.4345620000000001,0.8840819999999999,LUX,BEL,841382
9588336,132,18,8819,2006,0.0,1986.0,0.531375,0.9414170000000001,LVA,BEL,841382
9588337,134,18,8819,2006,0.0,1611.0,-0.547933,0.08257300000000001,MAR,BEL,841382
9588338,141,18,8819,2006,0.0,17760.0,-0.503462,-0.778836,MLI,BEL,841382
9588339,162,18,8819,2006,75975.0,44472.0,1.192134,1.450852,NLD,BEL,841382
9588340,163,18,8819,2006,0.0,4350.0,1.0787930000000001,0.014051,NOR,BEL,841382
9588341,169,18,8819,2006,0.0,2657.0,0.306664,0.638533,PAN,BEL,841382
9588342,177,18,8819,2006,0.0,75004.0,0.991927,1.474418,POL,BEL,841382
9588343,179,18,8819,2006,1168.0,46573.0,0.5723630000000001,1.92303,PRT,BEL,841382
9588344,188,18,8819,2006,0.0,94314.0,0.162432,-0.853059,SAU,BEL,841382
9588345,208,18,8819,2006,17702.0,0.0,1.902737,0.593294,SWE,BEL,841382
9588346,216,18,8819,2006,0.0,1420.0,0.568209,1.685343,THA,BEL,841382
9588347,231,18,8819,2006,41976.0,17971.0,1.666643,-0.121679,USA,BEL,841382
9588348,239,18,8819,2006,0.0,13410.0,-0.342779,1.033318,VNM,BEL,841382
9588349,43,25,8819,2006,10092.0,0.0,0.737888,2.54966,CHN,BHS,841382
9588350,71,25,8819,2006,11610.0,0.0,0.9091370000000001,2.068166,ESP,BHS,841382
9588351,169,25,8819,2006,2088.0,0.0,0.306664,0.638533,PAN,BHS,841382
9588352,231,25,8819,2006,3960.0,7085.0,1.666643,-0.121679,USA,BHS,841382
9588353,8,31,8819,2006,19624.0,0.0,0.33055,0.665867,ARG,BOL,841382
9588354,41,31,8819,2006,1377.0,0.0,2.052534,0.515523,CHE,BOL,841382
9588355,42,31,8819,2006,155792.0,0.0,-0.188298,-0.46778000000000003,CHL,BOL,841382
9588356,43,31,8819,2006,9039.0,0.0,0.737888,2.54966,CHN,BOL,841382
9588357,54,31,8819,2006,874.0,0.0,0.204039,-0.5183260000000001,CUB,BOL,841382
9588358,61,31,8819,2006,31543.0,0.0,2.132566,-2.773669,DEU,BOL,841382
9588359,64,31,8819,2006,4708.0,0.0,1.2308700000000001,1.180914,DNK,BOL,841382
9588360,71,31,8819,2006,10918.0,0.0,0.9091370000000001,2.068166,ESP,BOL,841382
9588361,77,31,8819,2006,4391.0,0.0,1.47591,0.489466,FRA,BOL,841382
9588362,111,31,8819,2006,105340.0,0.0,1.293779,0.93995,ITA,BOL,841382
9588363,114,31,8819,2006,5465.0,0.0,2.4348099999999997,0.082887,JPN,BOL,841382
9588364,173,31,8819,2006,95825.0,0.0,-0.551095,0.044295,PER,BOL,841382
9588365,208,31,8819,2006,7750.0,0.0,1.902737,0.593294,SWE,BOL,841382
9588366,231,31,8819,2006,9311.0,1117.0,1.666643,-0.121679,USA,BOL,841382
9588367,2,32,8819,2006,0.0,1241.0,-2.0822979999999998,-1.176767,AGO,BRA,841382
9588368,8,32,8819,2006,142423.0,819797.0,0.33055,0.665867,ARG,BRA,841382
9588369,14,32,8819,2006,4574.0,0.0,0.067166,0.373148,AUS,BRA,841382
9588370,39,32,8819,2006,0.0,3037.0,0.865685,1.1480489999999999,CAN,BRA,841382
9588371,42,32,8819,2006,0.0,1076.0,-0.188298,-0.46778000000000003,CHL,BRA,841382
9588372,44,32,8819,2006,0.0,12224.0,-0.8918530000000001,-0.8145819999999999,CIV,BRA,841382
9588373,49,32,8819,2006,0.0,560548.0,0.129887,0.44371700000000003,COL,BRA,841382
9588374,52,32,8819,2006,0.0,18440.0,0.042663,-0.376672,CRI,BRA,841382
9588375,54,32,8819,2006,0.0,152128.0,0.204039,-0.5183260000000001,CUB,BRA,841382
9588376,64,32,8819,2006,16020.0,0.0,1.2308700000000001,1.180914,DNK,BRA,841382
9588377,65,32,8819,2006,0.0,8982.0,-0.24073699999999998,0.049093,DOM,BRA,841382
9588378,67,32,8819,2006,0.0,15204.0,-0.878583,-0.9462010000000001,ECU,BRA,841382
9588379,71,32,8819,2006,24422.0,5773.0,0.9091370000000001,2.068166,ESP,BRA,841382
9588380,74,32,8819,2006,22987.0,0.0,1.864038,0.8193940000000001,FIN,BRA,841382
9588381,77,32,8819,2006,2377.0,0.0,1.47591,0.489466,FRA,BRA,841382
9588382,81,32,8819,2006,17303.0,0.0,1.824154,0.614424,GBR,BRA,841382
9588383,93,32,8819,2006,0.0,1300.0,-0.28642199999999995,0.5868439999999999,GTM,BRA,841382
9588384,99,32,8819,2006,0.0,12719.0,-0.672074,-0.472138,HND,BRA,841382
9588385,103,32,8819,2006,0.0,9888.0,-0.21012399999999998,1.467838,IDN,BRA,841382
9588386,111,32,8819,2006,263652.0,0.0,1.293779,0.93995,ITA,BRA,841382
9588387,114,32,8819,2006,1443.0,0.0,2.4348099999999997,0.082887,JPN,BRA,841382
9588388,115,32,8819,2006,0.0,1501.0,0.038229,-0.579421,KAZ,BRA,841382
9588389,122,32,8819,2006,0.0,7771.0,-0.589823,-1.142795,KWT,BRA,841382
9588390,138,32,8819,2006,0.0,3462.0,1.047268,0.7142270000000001,MEX,BRA,841382
9588391,160,32,8819,2006,0.0,2671.0,-0.998825,-0.893867,NIC,BRA,841382
9588392,169,32,8819,2006,0.0,42001.0,0.306664,0.638533,PAN,BRA,841382
9588393,173,32,8819,2006,0.0,24694.0,-0.551095,0.044295,PER,BRA,841382
9588394,188,32,8819,2006,0.0,1855.0,0.162432,-0.853059,SAU,BRA,841382
9588395,197,32,8819,2006,0.0,1044.0,-0.135312,0.140874,SLV,BRA,841382
9588396,222,32,8819,2006,0.0,303904.0,-0.20651399999999998,-1.024907,TTO,BRA,841382
9588397,231,32,8819,2006,51521.0,3239191.0,1.666643,-0.121679,USA,BRA,841382
9588398,236,32,8819,2006,0.0,39219.0,-0.340972,-1.015462,VEN,BRA,841382
9588399,243,32,8819,2006,0.0,10043.0,-1.0407110000000002,-1.13042,YEM,BRA,841382
9588400,81,33,8819,2006,27028.0,0.0,1.824154,0.614424,GBR,BRB,841382
9588401,111,33,8819,2006,9498.0,0.0,1.293779,0.93995,ITA,BRB,841382
9588402,169,33,8819,2006,2175.0,0.0,0.306664,0.638533,PAN,BRB,841382
9588403,231,33,8819,2006,11065.0,11802.0,1.666643,-0.121679,USA,BRB,841382
9588404,14,39,8819,2006,2036.0,1486.0,0.067166,0.373148,AUS,CAN,841382
9588405,15,39,8819,2006,31987.0,0.0,1.775669,0.192717,AUT,CAN,841382
9588406,16,39,8819,2006,0.0,37685.0,-0.521304,-1.035764,AZE,CAN,841382
9588407,18,39,8819,2006,3031.0,0.0,1.2222540000000002,1.383027,BEL,CAN,841382
9588408,32,39,8819,2006,3037.0,0.0,0.633889,1.1474520000000001,BRA,CAN,841382
9588409,41,39,8819,2006,51939.0,0.0,2.052534,0.515523,CHE,CAN,841382
9588410,43,39,8819,2006,84076.0,1730.0,0.737888,2.54966,CHN,CAN,841382
9588411,52,39,8819,2006,0.0,25537.0,0.042663,-0.376672,CRI,CAN,841382
9588412,54,39,8819,2006,0.0,48425.0,0.204039,-0.5183260000000001,CUB,CAN,841382
9588413,61,39,8819,2006,44197.0,6163.0,2.132566,-2.773669,DEU,CAN,841382
9588414,64,39,8819,2006,11654.0,0.0,1.2308700000000001,1.180914,DNK,CAN,841382
9588415,65,39,8819,2006,0.0,12293.0,-0.24073699999999998,0.049093,DOM,CAN,841382
9588416,71,39,8819,2006,122674.0,3293.0,0.9091370000000001,2.068166,ESP,CAN,841382
9588417,74,39,8819,2006,1112.0,0.0,1.864038,0.8193940000000001,FIN,CAN,841382
9588418,77,39,8819,2006,3646.0,0.0,1.47591,0.489466,FRA,CAN,841382
9588419,81,39,8819,2006,5937.0,61411.0,1.824154,0.614424,GBR,CAN,841382
9588420,83,39,8819,2006,0.0,5826.0,-0.9934860000000001,-0.809318,GHA,CAN,841382
9588421,91,39,8819,2006,0.0,2000.0,0.19208599999999998,-0.40781,GRD,CAN,841382
9588422,103,39,8819,2006,0.0,19292.0,-0.21012399999999998,1.467838,IDN,CAN,841382
9588423,107,39,8819,2006,0.0,1987.0,-0.391023,-0.767861,IRN,CAN,841382
9588424,111,39,8819,2006,658480.0,18796.0,1.293779,0.93995,ITA,CAN,841382
9588425,114,39,8819,2006,30748.0,23911.0,2.4348099999999997,0.082887,JPN,CAN,841382
9588426,115,39,8819,2006,0.0,160206.0,0.038229,-0.579421,KAZ,CAN,841382
9588427,122,39,8819,2006,0.0,2015.0,-0.589823,-1.142795,KWT,CAN,841382
9588428,138,39,8819,2006,0.0,5205.0,1.047268,0.7142270000000001,MEX,CAN,841382
9588429,145,39,8819,2006,0.0,1902.0,-1.147217,-1.0734709999999998,MNG,CAN,841382
9588430,153,39,8819,2006,0.0,16296.0,0.7896569999999999,0.363625,MYS,CAN,841382
9588431,162,39,8819,2006,43532.0,0.0,1.192134,1.450852,NLD,CAN,841382
9588432,173,39,8819,2006,0.0,5537.0,-0.551095,0.044295,PER,CAN,841382
9588433,183,39,8819,2006,0.0,16934.0,0.055777999999999994,-1.0379049999999999,QAT,CAN,841382
9588434,188,39,8819,2006,0.0,2699.0,0.162432,-0.853059,SAU,CAN,841382
9588435,190,39,8819,2006,0.0,70138.0,-1.873762,-1.278378,SDN,CAN,841382
9588436,205,39,8819,2006,0.0,1590.0,-0.754046,-0.872361,SUR,CAN,841382
9588437,208,39,8819,2006,8867.0,0.0,1.902737,0.593294,SWE,CAN,841382
9588438,226,39,8819,2006,0.0,12191.0,-0.953097,0.159129,TZA,CAN,841382
9588439,231,39,8819,2006,1468575.0,182528.0,1.666643,-0.121679,USA,CAN,841382
9588440,239,39,8819,2006,0.0,6398.0,-0.342779,1.033318,VNM,CAN,841382
9588441,246,39,8819,2006,0.0,5481.0,0.37964499999999995,1.466326,ZAF,CAN,841382
9588442,249,39,8819,2006,11200.0,84636.0,1.619915,1.2289940000000001,TWN,CAN,841382
9588443,8,41,8819,2006,0.0,3635.0,0.33055,0.665867,ARG,CHE,841382
9588444,15,41,8819,2006,5766.0,94971.0,1.775669,0.192717,AUT,CHE,841382
9588445,18,41,8819,2006,1872.0,0.0,1.2222540000000002,1.383027,BEL,CHE,841382
9588446,31,41,8819,2006,0.0,1377.0,-0.805185,-0.754091,BOL,CHE,841382
9588447,39,41,8819,2006,0.0,51939.0,0.865685,1.1480489999999999,CAN,CHE,841382
9588448,43,41,8819,2006,2459.0,34347.0,0.737888,2.54966,CHN,CHE,841382
9588449,49,41,8819,2006,0.0,22156.0,0.129887,0.44371700000000003,COL,CHE,841382
9588450,54,41,8819,2006,0.0,29469.0,0.204039,-0.5183260000000001,CUB,CHE,841382
9588451,59,41,8819,2006,359334.0,1721.0,1.564058,0.6023649999999999,CZE,CHE,841382
9588452,61,41,8819,2006,33127.0,1259822.0,2.132566,-2.773669,DEU,CHE,841382
9588453,64,41,8819,2006,5319.0,0.0,1.2308700000000001,1.180914,DNK,CHE,841382
9588454,71,41,8819,2006,177037.0,811788.0,0.9091370000000001,2.068166,ESP,CHE,841382
9588455,74,41,8819,2006,18607.0,0.0,1.864038,0.8193940000000001,FIN,CHE,841382
9588456,77,41,8819,2006,227631.0,35948.0,1.47591,0.489466,FRA,CHE,841382
9588457,80,41,8819,2006,0.0,4241.0,-1.6696819999999999,-1.173322,GAB,CHE,841382
9588458,81,41,8819,2006,141886.0,220759.0,1.824154,0.614424,GBR,CHE,841382
9588459,100,41,8819,2006,0.0,3327.0,0.755787,0.992614,HRV,CHE,841382
9588460,102,41,8819,2006,0.0,10655.0,1.4034309999999999,0.835144,HUN,CHE,841382
9588461,103,41,8819,2006,0.0,952.0,-0.21012399999999998,1.467838,IDN,CHE,841382
9588462,106,41,8819,2006,0.0,8559.0,1.43804,0.06463200000000001,IRL,CHE,841382
9588463,107,41,8819,2006,0.0,2384.0,-0.391023,-0.767861,IRN,CHE,841382
9588464,111,41,8819,2006,401829.0,37830.0,1.293779,0.93995,ITA,CHE,841382
9588465,116,41,8819,2006,0.0,3460.0,-0.38287899999999997,1.060286,KEN,CHE,841382
9588466,138,41,8819,2006,9602.0,7721.0,1.047268,0.7142270000000001,MEX,CHE,841382
9588467,140,41,8819,2006,0.0,705.0,-0.21336,0.17674700000000002,MKD,CHE,841382
9588468,141,41,8819,2006,0.0,15070.0,-0.503462,-0.778836,MLI,CHE,841382
9588469,153,41,8819,2006,0.0,10779.0,0.7896569999999999,0.363625,MYS,CHE,841382
9588470,162,41,8819,2006,244587.0,89391.0,1.192134,1.450852,NLD,CHE,841382
9588471,163,41,8819,2006,0.0,6026.0,1.0787930000000001,0.014051,NOR,CHE,841382
9588472,166,41,8819,2006,1145.0,0.0,0.5371,0.8240209999999999,NZL,CHE,841382
9588473,173,41,8819,2006,0.0,34368.0,-0.551095,0.044295,PER,CHE,841382
9588474,179,41,8819,2006,1962.0,0.0,0.5723630000000001,1.92303,PRT,CHE,841382
9588475,185,41,8819,2006,0.0,22404.0,0.550825,1.170744,ROU,CHE,841382
9588476,186,41,8819,2006,0.0,35078.0,0.801197,0.104683,RUS,CHE,841382
9588477,188,41,8819,2006,0.0,21614.0,0.162432,-0.853059,SAU,CHE,841382
9588478,190,41,8819,2006,0.0,8923.0,-1.873762,-1.278378,SDN,CHE,841382
9588479,191,41,8819,2006,0.0,25619.0,-0.364713,-0.183612,SEN,CHE,841382
9588480,206,41,8819,2006,0.0,4692.0,1.291583,0.868317,SVK,CHE,841382
9588481,208,41,8819,2006,15846.0,172645.0,1.902737,0.593294,SWE,CHE,841382
9588482,216,41,8819,2006,0.0,12101.0,0.568209,1.685343,THA,CHE,841382
9588483,226,41,8819,2006,0.0,6379.0,-0.953097,0.159129,TZA,CHE,841382
9588484,231,41,8819,2006,31643.0,0.0,1.666643,-0.121679,USA,CHE,841382
9588485,236,41,8819,2006,0.0,40883.0,-0.340972,-1.015462,VEN,CHE,841382
9588486,239,41,8819,2006,0.0,4661.0,-0.342779,1.033318,VNM,CHE,841382
9588487,243,41,8819,2006,0.0,577.0,-1.0407110000000002,-1.13042,YEM,CHE,841382
9588488,246,41,8819,2006,0.0,1338.0,0.37964499999999995,1.466326,ZAF,CHE,841382
9588489,249,41,8819,2006,5728.0,2159.0,1.619915,1.2289940000000001,TWN,CHE,841382
9588490,8,42,8819,2006,43910.0,22028.0,0.33055,0.665867,ARG,CHL,841382
9588491,15,42,8819,2006,5329.0,0.0,1.775669,0.192717,AUT,CHL,841382
9588492,18,42,8819,2006,1054.0,0.0,1.2222540000000002,1.383027,BEL,CHL,841382
9588493,31,42,8819,2006,0.0,155792.0,-0.805185,-0.754091,BOL,CHL,841382
9588494,32,42,8819,2006,1076.0,0.0,0.633889,1.1474520000000001,BRA,CHL,841382
9588495,43,42,8819,2006,7721.0,0.0,0.737888,2.54966,CHN,CHL,841382
9588496,61,42,8819,2006,12359.0,0.0,2.132566,-2.773669,DEU,CHL,841382
9588497,64,42,8819,2006,18162.0,0.0,1.2308700000000001,1.180914,DNK,CHL,841382
9588498,71,42,8819,2006,64320.0,0.0,0.9091370000000001,2.068166,ESP,CHL,841382
9588499,77,42,8819,2006,2885.0,0.0,1.47591,0.489466,FRA,CHL,841382
9588500,81,42,8819,2006,1219.0,0.0,1.824154,0.614424,GBR,CHL,841382
9588501,97,42,8819,2006,5196.0,0.0,0.5776319999999999,2.076782,HKG,CHL,841382
9588502,111,42,8819,2006,273227.0,1518.0,1.293779,0.93995,ITA,CHL,841382
9588503,114,42,8819,2006,4745.0,0.0,2.4348099999999997,0.082887,JPN,CHL,841382
9588504,121,42,8819,2006,4527.0,0.0,1.5384309999999999,0.766628,KOR,CHL,841382
9588505,169,42,8819,2006,1255.0,0.0,0.306664,0.638533,PAN,CHL,841382
9588506,173,42,8819,2006,2780.0,9707.0,-0.551095,0.044295,PER,CHL,841382
9588507,185,42,8819,2006,2449.0,0.0,0.550825,1.170744,ROU,CHL,841382
9588508,208,42,8819,2006,5446.0,0.0,1.902737,0.593294,SWE,CHL,841382
9588509,231,42,8819,2006,12882.0,1899.0,1.666643,-0.121679,USA,CHL,841382
9588510,250,42,8819,2006,12520.0,0.0,0.711619,-0.41880200000000006,ANS,CHL,841382
9588511,4,43,8819,2006,0.0,3217.0,-0.340932,-0.06302200000000001,ALB,CHN,841382
9588512,7,43,8819,2006,0.0,1058892.0,0.053903999999999994,-0.735124,ARE,CHN,841382
9588513,8,43,8819,2006,0.0,7764.0,0.33055,0.665867,ARG,CHN,841382
9588514,9,43,8819,2006,0.0,1087.0,0.14539100000000002,-0.558014,ARM,CHN,841382
9588515,14,43,8819,2006,12654.0,120186.0,0.067166,0.373148,AUS,CHN,841382
9588516,15,43,8819,2006,147148.0,0.0,1.775669,0.192717,AUT,CHN,841382
9588517,16,43,8819,2006,0.0,577952.0,-0.521304,-1.035764,AZE,CHN,841382
9588518,18,43,8819,2006,49079.0,1934.0,1.2222540000000002,1.383027,BEL,CHN,841382
9588519,22,43,8819,2006,0.0,20053.0,-1.0305309999999999,-0.80937,BGD,CHN,841382
9588520,23,43,8819,2006,0.0,4557.0,0.414563,1.378005,BGR,CHN,841382
9588521,25,43,8819,2006,0.0,10092.0,0.673694,-0.519608,BHS,CHN,841382
9588522,31,43,8819,2006,0.0,9039.0,-0.805185,-0.754091,BOL,CHN,841382
9588523,34,43,8819,2006,0.0,3489.0,-1.331831,-0.9170940000000001,BRN,CHN,841382
9588524,39,43,8819,2006,1730.0,84076.0,0.865685,1.1480489999999999,CAN,CHN,841382
9588525,41,43,8819,2006,34347.0,2459.0,2.052534,0.515523,CHE,CHN,841382
9588526,42,43,8819,2006,0.0,7721.0,-0.188298,-0.46778000000000003,CHL,CHN,841382
9588527,49,43,8819,2006,2044.0,27696.0,0.129887,0.44371700000000003,COL,CHN,841382
9588528,52,43,8819,2006,0.0,4521.0,0.042663,-0.376672,CRI,CHN,841382
9588529,54,43,8819,2006,0.0,897658.0,0.204039,-0.5183260000000001,CUB,CHN,841382
9588530,58,43,8819,2006,0.0,4109.0,0.708267,-0.048096,CYP,CHN,841382
9588531,59,43,8819,2006,0.0,11781.0,1.564058,0.6023649999999999,CZE,CHN,841382
9588532,61,43,8819,2006,114075.0,369776.0,2.132566,-2.773669,DEU,CHN,841382
9588533,62,43,8819,2006,0.0,1761.0,-0.251707,-0.436792,DJI,CHN,841382
9588534,64,43,8819,2006,102569.0,0.0,1.2308700000000001,1.180914,DNK,CHN,841382
9588535,65,43,8819,2006,0.0,486293.0,-0.24073699999999998,0.049093,DOM,CHN,841382
9588536,66,43,8819,2006,0.0,174523.0,-0.489962,-1.12456,DZA,CHN,841382
9588537,67,43,8819,2006,0.0,14735.0,-0.878583,-0.9462010000000001,ECU,CHN,841382
9588538,68,43,8819,2006,0.0,37869.0,-0.182272,0.40222399999999997,EGY,CHN,841382
9588539,71,43,8819,2006,16013.0,689150.0,0.9091370000000001,2.068166,ESP,CHN,841382
9588540,72,43,8819,2006,0.0,1612.0,0.6426350000000001,0.925003,EST,CHN,841382
9588541,73,43,8819,2006,0.0,21117.0,-0.9557180000000001,-0.9153479999999999,ETH,CHN,841382
9588542,74,43,8819,2006,116818.0,5836.0,1.864038,0.8193940000000001,FIN,CHN,841382
9588543,77,43,8819,2006,376050.0,322232.0,1.47591,0.489466,FRA,CHN,841382
9588544,81,43,8819,2006,230505.0,296857.0,1.824154,0.614424,GBR,CHN,841382
9588545,83,43,8819,2006,0.0,10817.0,-0.9934860000000001,-0.809318,GHA,CHN,841382
9588546,89,43,8819,2006,0.0,14262.0,-2.188173,-0.8631700000000001,GNQ,CHN,841382
9588547,90,43,8819,2006,0.0,102111.0,0.261955,1.488958,GRC,CHN,841382
9588548,91,43,8819,2006,0.0,7166.0,0.19208599999999998,-0.40781,GRD,CHN,841382
9588549,93,43,8819,2006,0.0,14928.0,-0.28642199999999995,0.5868439999999999,GTM,CHN,841382
9588550,96,43,8819,2006,0.0,45961.0,-0.813775,-0.8000649999999999,GUY,CHN,841382
9588551,97,43,8819,2006,172750.0,43450.0,0.5776319999999999,2.076782,HKG,CHN,841382
9588552,99,43,8819,2006,0.0,2884.0,-0.672074,-0.472138,HND,CHN,841382
9588553,100,43,8819,2006,0.0,41544.0,0.755787,0.992614,HRV,CHN,841382
9588554,102,43,8819,2006,0.0,1686.0,1.4034309999999999,0.835144,HUN,CHN,841382
9588555,103,43,8819,2006,0.0,369703.0,-0.21012399999999998,1.467838,IDN,CHN,841382
9588556,104,43,8819,2006,0.0,18916.0,0.285652,2.731318,IND,CHN,841382
9588557,106,43,8819,2006,0.0,14143.0,1.43804,0.06463200000000001,IRL,CHN,841382
9588558,107,43,8819,2006,0.0,52714.0,-0.391023,-0.767861,IRN,CHN,841382
9588559,108,43,8819,2006,0.0,3200.0,-2.029727,-0.8634219999999999,IRQ,CHN,841382
9588560,110,43,8819,2006,0.0,13583.0,1.3082129999999998,0.783845,ISR,CHN,841382
9588561,111,43,8819,2006,209224.0,1315710.0,1.293779,0.93995,ITA,CHN,841382
9588562,113,43,8819,2006,0.0,204769.0,0.166718,0.331248,JOR,CHN,841382
9588563,114,43,8819,2006,621614.0,61826.0,2.4348099999999997,0.082887,JPN,CHN,841382
9588564,115,43,8819,2006,0.0,54280.0,0.038229,-0.579421,KAZ,CHN,841382
9588565,116,43,8819,2006,0.0,45590.0,-0.38287899999999997,1.060286,KEN,CHN,841382
9588566,118,43,8819,2006,0.0,11814.0,-1.323365,-1.185827,KHM,CHN,841382
9588567,121,43,8819,2006,40138.0,107378.0,1.5384309999999999,0.766628,KOR,CHN,841382
9588568,122,43,8819,2006,0.0,17767.0,-0.589823,-1.142795,KWT,CHN,841382
9588569,124,43,8819,2006,0.0,16104.0,0.3861,1.586183,LBN,CHN,841382
9588570,126,43,8819,2006,0.0,6090.0,-0.518724,-1.142074,LBY,CHN,841382
9588571,130,43,8819,2006,0.0,2112.0,0.44063599999999997,1.163857,LTU,CHN,841382
9588572,131,43,8819,2006,5635.0,0.0,1.4345620000000001,0.8840819999999999,LUX,CHN,841382
9588573,132,43,8819,2006,0.0,7818.0,0.531375,0.9414170000000001,LVA,CHN,841382
9588574,133,43,8819,2006,0.0,2256.0,-0.07118200000000001,-0.228354,MAC,CHN,841382
9588575,136,43,8819,2006,0.0,4642.0,-1.024657,-0.393395,MDG,CHN,841382
9588576,138,43,8819,2006,0.0,74721.0,1.047268,0.7142270000000001,MEX,CHN,841382
9588577,140,43,8819,2006,0.0,22537.0,-0.21336,0.17674700000000002,MKD,CHN,841382
9588578,142,43,8819,2006,0.0,8016.0,1.384411,0.093734,MLT,CHN,841382
9588579,145,43,8819,2006,0.0,705870.0,-1.147217,-1.0734709999999998,MNG,CHN,841382
9588580,147,43,8819,2006,0.0,1653.0,-1.0250629999999998,-1.067359,MOZ,CHN,841382
9588581,151,43,8819,2006,0.0,4476.0,-0.311109,-0.07267,MUS,CHN,841382
9588582,152,43,8819,2006,0.0,1393.0,-1.145132,-1.0946209999999998,MWI,CHN,841382
9588583,153,43,8819,2006,0.0,46026.0,0.7896569999999999,0.363625,MYS,CHN,841382
9588584,159,43,8819,2006,0.0,89925.0,-2.094353,-1.215025,NGA,CHN,841382
9588585,160,43,8819,2006,0.0,14509.0,-0.998825,-0.893867,NIC,CHN,841382
9588586,162,43,8819,2006,100844.0,55132.0,1.192134,1.450852,NLD,CHN,841382
9588587,163,43,8819,2006,443337.0,17145.0,1.0787930000000001,0.014051,NOR,CHN,841382
9588588,166,43,8819,2006,0.0,8408.0,0.5371,0.8240209999999999,NZL,CHN,841382
9588589,167,43,8819,2006,0.0,258313.0,-0.6373989999999999,-1.092554,OMN,CHN,841382
9588590,168,43,8819,2006,0.0,61908.0,-0.449333,0.563013,PAK,CHN,841382
9588591,169,43,8819,2006,0.0,534086.0,0.306664,0.638533,PAN,CHN,841382
9588592,173,43,8819,2006,0.0,13424.0,-0.551095,0.044295,PER,CHN,841382
9588593,174,43,8819,2006,0.0,20869.0,0.161994,0.036631,PHL,CHN,841382
9588594,177,43,8819,2006,0.0,262741.0,0.991927,1.474418,POL,CHN,841382
9588595,179,43,8819,2006,24458.0,14510.0,0.5723630000000001,1.92303,PRT,CHN,841382
9588596,180,43,8819,2006,0.0,16156.0,-0.520435,-0.7839119999999999,PRY,CHN,841382
9588597,182,43,8819,2006,0.0,995.0,-0.213329,-0.743599,PYF,CHN,841382
9588598,183,43,8819,2006,0.0,41531.0,0.055777999999999994,-1.0379049999999999,QAT,CHN,841382
9588599,185,43,8819,2006,0.0,150754.0,0.550825,1.170744,ROU,CHN,841382
9588600,186,43,8819,2006,1047.0,209500.0,0.801197,0.104683,RUS,CHN,841382
9588601,188,43,8819,2006,0.0,80764.0,0.162432,-0.853059,SAU,CHN,841382
9588602,190,43,8819,2006,0.0,73050.0,-1.873762,-1.278378,SDN,CHN,841382
9588603,191,43,8819,2006,0.0,3753.0,-0.364713,-0.183612,SEN,CHN,841382
9588604,192,43,8819,2006,43375.0,19007.0,1.5377379999999998,0.503089,SGP,CHN,841382
9588605,201,43,8819,2006,0.0,1033.0,0.547824,1.5588879999999998,SRB,CHN,841382
9588606,206,43,8819,2006,0.0,27073.0,1.291583,0.868317,SVK,CHN,841382
9588607,207,43,8819,2006,0.0,7126.0,1.5882370000000001,0.800719,SVN,CHN,841382
9588608,208,43,8819,2006,22753.0,87853.0,1.902737,0.593294,SWE,CHN,841382
9588609,212,43,8819,2006,0.0,24331.0,-0.588695,0.532487,SYR,CHN,841382
9588610,216,43,8819,2006,0.0,17422.0,0.568209,1.685343,THA,CHN,841382
9588611,224,43,8819,2006,0.0,12897.0,0.33971599999999996,2.193384,TUR,CHN,841382
9588612,228,43,8819,2006,0.0,17619.0,0.7008439999999999,0.79656,UKR,CHN,841382
9588613,230,43,8819,2006,0.0,2192.0,0.234384,0.118878,URY,CHN,841382
9588614,231,43,8819,2006,111162.0,210826.0,1.666643,-0.121679,USA,CHN,841382
9588615,232,43,8819,2006,0.0,236954.0,-0.457759,-0.784626,UZB,CHN,841382
9588616,236,43,8819,2006,0.0,1189997.0,-0.340972,-1.015462,VEN,CHN,841382
9588617,239,43,8819,2006,0.0,276116.0,-0.342779,1.033318,VNM,CHN,841382
9588618,243,43,8819,2006,0.0,61706.0,-1.0407110000000002,-1.13042,YEM,CHN,841382
9588619,246,43,8819,2006,0.0,18312.0,0.37964499999999995,1.466326,ZAF,CHN,841382
9588620,247,43,8819,2006,0.0,5423.0,-0.5307,-0.793621,ZMB,CHN,841382
9588621,249,43,8819,2006,1293320.0,11421.0,1.619915,1.2289940000000001,TWN,CHN,841382
9588622,18,49,8819,2006,6566.0,0.0,1.2222540000000002,1.383027,BEL,COL,841382
9588623,32,49,8819,2006,560548.0,0.0,0.633889,1.1474520000000001,BRA,COL,841382
9588624,41,49,8819,2006,22156.0,0.0,2.052534,0.515523,CHE,COL,841382
9588625,43,49,8819,2006,27696.0,2044.0,0.737888,2.54966,CHN,COL,841382
9588626,52,49,8819,2006,0.0,3595.0,0.042663,-0.376672,CRI,COL,841382
9588627,61,49,8819,2006,54562.0,0.0,2.132566,-2.773669,DEU,COL,841382
9588628,64,49,8819,2006,10307.0,0.0,1.2308700000000001,1.180914,DNK,COL,841382
9588629,65,49,8819,2006,0.0,76289.0,-0.24073699999999998,0.049093,DOM,COL,841382
9588630,67,49,8819,2006,6916.0,0.0,-0.878583,-0.9462010000000001,ECU,COL,841382
9588631,71,49,8819,2006,5191.0,47499.0,0.9091370000000001,2.068166,ESP,COL,841382
9588632,77,49,8819,2006,11764.0,0.0,1.47591,0.489466,FRA,COL,841382
9588633,81,49,8819,2006,1176.0,0.0,1.824154,0.614424,GBR,COL,841382
9588634,93,49,8819,2006,0.0,19140.0,-0.28642199999999995,0.5868439999999999,GTM,COL,841382
9588635,99,49,8819,2006,0.0,8314.0,-0.672074,-0.472138,HND,COL,841382
9588636,101,49,8819,2006,0.0,25203.0,-1.037941,-0.9475790000000001,HTI,COL,841382
9588637,111,49,8819,2006,512300.0,0.0,1.293779,0.93995,ITA,COL,841382
9588638,114,49,8819,2006,40021.0,0.0,2.4348099999999997,0.082887,JPN,COL,841382
9588639,121,49,8819,2006,17205.0,0.0,1.5384309999999999,0.766628,KOR,COL,841382
9588640,138,49,8819,2006,11857.0,0.0,1.047268,0.7142270000000001,MEX,COL,841382
9588641,162,49,8819,2006,14490.0,0.0,1.192134,1.450852,NLD,COL,841382
9588642,169,49,8819,2006,40388.0,83466.0,0.306664,0.638533,PAN,COL,841382
9588643,173,49,8819,2006,0.0,2042.0,-0.551095,0.044295,PER,COL,841382
9588644,208,49,8819,2006,57213.0,0.0,1.902737,0.593294,SWE,COL,841382
9588645,231,49,8819,2006,20010.0,0.0,1.666643,-0.121679,USA,COL,841382
9588646,236,49,8819,2006,0.0,11606.0,-0.340972,-1.015462,VEN,COL,841382
9588647,249,49,8819,2006,49293.0,0.0,1.619915,1.2289940000000001,TWN,COL,841382
9588648,32,52,8819,2006,18440.0,0.0,0.633889,1.1474520000000001,BRA,CRI,841382
9588649,39,52,8819,2006,25537.0,0.0,0.865685,1.1480489999999999,CAN,CRI,841382
9588650,43,52,8819,2006,4521.0,0.0,0.737888,2.54966,CHN,CRI,841382
9588651,49,52,8819,2006,3595.0,0.0,0.129887,0.44371700000000003,COL,CRI,841382
9588652,61,52,8819,2006,8951.0,0.0,2.132566,-2.773669,DEU,CRI,841382
9588653,65,52,8819,2006,0.0,3065.0,-0.24073699999999998,0.049093,DOM,CRI,841382
9588654,71,52,8819,2006,19541.0,0.0,0.9091370000000001,2.068166,ESP,CRI,841382
9588655,77,52,8819,2006,11367.0,0.0,1.47591,0.489466,FRA,CRI,841382
9588656,81,52,8819,2006,767.0,0.0,1.824154,0.614424,GBR,CRI,841382
9588657,99,52,8819,2006,0.0,1695.0,-0.672074,-0.472138,HND,CRI,841382
9588658,111,52,8819,2006,10934.0,0.0,1.293779,0.93995,ITA,CRI,841382
9588659,114,52,8819,2006,90124.0,0.0,2.4348099999999997,0.082887,JPN,CRI,841382
9588660,121,52,8819,2006,8470.0,0.0,1.5384309999999999,0.766628,KOR,CRI,841382
9588661,138,52,8819,2006,14870.0,0.0,1.047268,0.7142270000000001,MEX,CRI,841382
9588662,160,52,8819,2006,0.0,1984.0,-0.998825,-0.893867,NIC,CRI,841382
9588663,162,52,8819,2006,794.0,0.0,1.192134,1.450852,NLD,CRI,841382
9588664,169,52,8819,2006,33315.0,3549.0,0.306664,0.638533,PAN,CRI,841382
9588665,231,52,8819,2006,700924.0,6259.0,1.666643,-0.121679,USA,CRI,841382
9588666,249,52,8819,2006,3519.0,0.0,1.619915,1.2289940000000001,TWN,CRI,841382
9588667,7,59,8819,2006,0.0,16458.0,0.053903999999999994,-0.735124,ARE,CZE,841382
9588668,14,59,8819,2006,0.0,1668.0,0.067166,0.373148,AUS,CZE,841382
9588669,15,59,8819,2006,8081.0,0.0,1.775669,0.192717,AUT,CZE,841382
9588670,18,59,8819,2006,0.0,5080.0,1.2222540000000002,1.383027,BEL,CZE,841382
9588671,28,59,8819,2006,0.0,96996.0,0.919853,0.384409,BLR,CZE,841382
9588672,41,59,8819,2006,1721.0,359334.0,2.052534,0.515523,CHE,CZE,841382
9588673,43,59,8819,2006,11781.0,0.0,0.737888,2.54966,CHN,CZE,841382
9588674,54,59,8819,2006,0.0,54878.0,0.204039,-0.5183260000000001,CUB,CZE,841382
9588675,61,59,8819,2006,97843.0,7736.0,2.132566,-2.773669,DEU,CZE,841382
9588676,71,59,8819,2006,39872.0,0.0,0.9091370000000001,2.068166,ESP,CZE,841382
9588677,77,59,8819,2006,4978.0,4864.0,1.47591,0.489466,FRA,CZE,841382
9588678,81,59,8819,2006,4366.0,0.0,1.824154,0.614424,GBR,CZE,841382
9588679,100,59,8819,2006,0.0,1680.0,0.755787,0.992614,HRV,CZE,841382
9588680,102,59,8819,2006,0.0,7181.0,1.4034309999999999,0.835144,HUN,CZE,841382
9588681,103,59,8819,2006,0.0,1520.0,-0.21012399999999998,1.467838,IDN,CZE,841382
9588682,104,59,8819,2006,0.0,31100.0,0.285652,2.731318,IND,CZE,841382
9588683,106,59,8819,2006,0.0,3162.0,1.43804,0.06463200000000001,IRL,CZE,841382
9588684,111,59,8819,2006,101013.0,8823.0,1.293779,0.93995,ITA,CZE,841382
9588685,130,59,8819,2006,0.0,1220.0,0.44063599999999997,1.163857,LTU,CZE,841382
9588686,132,59,8819,2006,0.0,56501.0,0.531375,0.9414170000000001,LVA,CZE,841382
9588687,144,59,8819,2006,0.0,8068.0,0.130773,-0.24674699999999997,MNE,CZE,841382
9588688,162,59,8819,2006,77045.0,4485.0,1.192134,1.450852,NLD,CZE,841382
9588689,163,59,8819,2006,0.0,2309.0,1.0787930000000001,0.014051,NOR,CZE,841382
9588690,177,59,8819,2006,1052.0,7022.0,0.991927,1.474418,POL,CZE,841382
9588691,179,59,8819,2006,0.0,8892.0,0.5723630000000001,1.92303,PRT,CZE,841382
9588692,185,59,8819,2006,0.0,4317.0,0.550825,1.170744,ROU,CZE,841382
9588693,186,59,8819,2006,0.0,5614.0,0.801197,0.104683,RUS,CZE,841382
9588694,188,59,8819,2006,0.0,7932.0,0.162432,-0.853059,SAU,CZE,841382
9588695,206,59,8819,2006,45314.0,38045.0,1.291583,0.868317,SVK,CZE,841382
9588696,208,59,8819,2006,4829.0,0.0,1.902737,0.593294,SWE,CZE,841382
9588697,212,59,8819,2006,0.0,4273.0,-0.588695,0.532487,SYR,CZE,841382
9588698,227,59,8819,2006,0.0,876.0,-0.702511,-0.43976099999999996,UGA,CZE,841382
9588699,228,59,8819,2006,0.0,1067.0,0.7008439999999999,0.79656,UKR,CZE,841382
9588700,231,59,8819,2006,8934.0,944.0,1.666643,-0.121679,USA,CZE,841382
9588701,249,59,8819,2006,0.0,1539.0,1.619915,1.2289940000000001,TWN,CZE,841382
9588702,7,61,8819,2006,13726.0,0.0,0.053903999999999994,-0.735124,ARE,DEU,841382
9588703,8,61,8819,2006,0.0,11697.0,0.33055,0.665867,ARG,DEU,841382
9588704,9,61,8819,2006,0.0,2652.0,0.14539100000000002,-0.558014,ARM,DEU,841382
9588705,14,61,8819,2006,102117.0,311880.0,0.067166,0.373148,AUS,DEU,841382
9588706,15,61,8819,2006,22798.0,267823.0,1.775669,0.192717,AUT,DEU,841382
9588707,16,61,8819,2006,0.0,177396.0,-0.521304,-1.035764,AZE,DEU,841382
9588708,18,61,8819,2006,1308.0,72484.0,1.2222540000000002,1.383027,BEL,DEU,841382
9588709,23,61,8819,2006,0.0,22027.0,0.414563,1.378005,BGR,DEU,841382
9588710,24,61,8819,2006,0.0,62091.0,0.172724,-0.9449879999999999,BHR,DEU,841382
9588711,26,61,8819,2006,0.0,4822.0,0.40788800000000003,0.562854,BIH,DEU,841382
9588712,28,61,8819,2006,0.0,10565.0,0.919853,0.384409,BLR,DEU,841382
9588713,31,61,8819,2006,0.0,31543.0,-0.805185,-0.754091,BOL,DEU,841382
9588714,34,61,8819,2006,0.0,748368.0,-1.331831,-0.9170940000000001,BRN,DEU,841382
9588715,39,61,8819,2006,6163.0,44197.0,0.865685,1.1480489999999999,CAN,DEU,841382
9588716,41,61,8819,2006,1259822.0,33127.0,2.052534,0.515523,CHE,DEU,841382
9588717,42,61,8819,2006,0.0,12359.0,-0.188298,-0.46778000000000003,CHL,DEU,841382
9588718,43,61,8819,2006,369776.0,114075.0,0.737888,2.54966,CHN,DEU,841382
9588719,44,61,8819,2006,0.0,1506.0,-0.8918530000000001,-0.8145819999999999,CIV,DEU,841382
9588720,49,61,8819,2006,0.0,54562.0,0.129887,0.44371700000000003,COL,DEU,841382
9588721,52,61,8819,2006,0.0,8951.0,0.042663,-0.376672,CRI,DEU,841382
9588722,54,61,8819,2006,0.0,174175.0,0.204039,-0.5183260000000001,CUB,DEU,841382
9588723,59,61,8819,2006,7736.0,97843.0,1.564058,0.6023649999999999,CZE,DEU,841382
9588724,64,61,8819,2006,82659.0,31782.0,1.2308700000000001,1.180914,DNK,DEU,841382
9588725,65,61,8819,2006,0.0,44142.0,-0.24073699999999998,0.049093,DOM,DEU,841382
9588726,66,61,8819,2006,0.0,35437.0,-0.489962,-1.12456,DZA,DEU,841382
9588727,67,61,8819,2006,0.0,52278.0,-0.878583,-0.9462010000000001,ECU,DEU,841382
9588728,68,61,8819,2006,0.0,184533.0,-0.182272,0.40222399999999997,EGY,DEU,841382
9588729,71,61,8819,2006,13931.0,82077.0,0.9091370000000001,2.068166,ESP,DEU,841382
9588730,72,61,8819,2006,0.0,1847.0,0.6426350000000001,0.925003,EST,DEU,841382
9588731,73,61,8819,2006,0.0,1321.0,-0.9557180000000001,-0.9153479999999999,ETH,DEU,841382
9588732,74,61,8819,2006,0.0,22789.0,1.864038,0.8193940000000001,FIN,DEU,841382
9588733,77,61,8819,2006,115266.0,284224.0,1.47591,0.489466,FRA,DEU,841382
9588734,81,61,8819,2006,39014.0,164407.0,1.824154,0.614424,GBR,DEU,841382
9588735,82,61,8819,2006,0.0,23207.0,0.076711,-0.47216099999999994,GEO,DEU,841382
9588736,83,61,8819,2006,0.0,47662.0,-0.9934860000000001,-0.809318,GHA,DEU,841382
9588737,90,61,8819,2006,4748.0,6184.0,0.261955,1.488958,GRC,DEU,841382
9588738,93,61,8819,2006,0.0,195618.0,-0.28642199999999995,0.5868439999999999,GTM,DEU,841382
9588739,96,61,8819,2006,0.0,147874.0,-0.813775,-0.8000649999999999,GUY,DEU,841382
9588740,97,61,8819,2006,1975.0,114946.0,0.5776319999999999,2.076782,HKG,DEU,841382
9588741,100,61,8819,2006,4858.0,86818.0,0.755787,0.992614,HRV,DEU,841382
9588742,102,61,8819,2006,989.0,6964.0,1.4034309999999999,0.835144,HUN,DEU,841382
9588743,103,61,8819,2006,1473.0,26043.0,-0.21012399999999998,1.467838,IDN,DEU,841382
9588744,104,61,8819,2006,2709.0,14335.0,0.285652,2.731318,IND,DEU,841382
9588745,106,61,8819,2006,0.0,1979.0,1.43804,0.06463200000000001,IRL,DEU,841382
9588746,107,61,8819,2006,0.0,210945.0,-0.391023,-0.767861,IRN,DEU,841382
9588747,109,61,8819,2006,0.0,59119.0,0.170234,-0.302203,ISL,DEU,841382
9588748,110,61,8819,2006,0.0,3651.0,1.3082129999999998,0.783845,ISR,DEU,841382
9588749,111,61,8819,2006,153770.0,103139.0,1.293779,0.93995,ITA,DEU,841382
9588750,114,61,8819,2006,192845.0,5727.0,2.4348099999999997,0.082887,JPN,DEU,841382
9588751,115,61,8819,2006,0.0,16901.0,0.038229,-0.579421,KAZ,DEU,841382
9588752,116,61,8819,2006,0.0,2228.0,-0.38287899999999997,1.060286,KEN,DEU,841382
9588753,121,61,8819,2006,20836.0,0.0,1.5384309999999999,0.766628,KOR,DEU,841382
9588754,122,61,8819,2006,2897.0,212603.0,-0.589823,-1.142795,KWT,DEU,841382
9588755,124,61,8819,2006,0.0,1332.0,0.3861,1.586183,LBN,DEU,841382
9588756,126,61,8819,2006,0.0,512332.0,-0.518724,-1.142074,LBY,DEU,841382
9588757,130,61,8819,2006,0.0,13135.0,0.44063599999999997,1.163857,LTU,DEU,841382
9588758,131,61,8819,2006,0.0,8065.0,1.4345620000000001,0.8840819999999999,LUX,DEU,841382
9588759,132,61,8819,2006,0.0,29097.0,0.531375,0.9414170000000001,LVA,DEU,841382
9588760,135,61,8819,2006,0.0,353035.0,-0.017707,0.135305,MDA,DEU,841382
9588761,138,61,8819,2006,10249.0,205910.0,1.047268,0.7142270000000001,MEX,DEU,841382
9588762,140,61,8819,2006,0.0,1729.0,-0.21336,0.17674700000000002,MKD,DEU,841382
9588763,142,61,8819,2006,0.0,72390.0,1.384411,0.093734,MLT,DEU,841382
9588764,144,61,8819,2006,0.0,12074.0,0.130773,-0.24674699999999997,MNE,DEU,841382
9588765,145,61,8819,2006,0.0,80076.0,-1.147217,-1.0734709999999998,MNG,DEU,841382
9588766,153,61,8819,2006,0.0,831859.0,0.7896569999999999,0.363625,MYS,DEU,841382
9588767,162,61,8819,2006,9760.0,168633.0,1.192134,1.450852,NLD,DEU,841382
9588768,163,61,8819,2006,52703.0,214869.0,1.0787930000000001,0.014051,NOR,DEU,841382
9588769,167,61,8819,2006,0.0,8534.0,-0.6373989999999999,-1.092554,OMN,DEU,841382
9588770,168,61,8819,2006,0.0,87485.0,-0.449333,0.563013,PAK,DEU,841382
9588771,169,61,8819,2006,0.0,36722.0,0.306664,0.638533,PAN,DEU,841382
9588772,173,61,8819,2006,0.0,2231.0,-0.551095,0.044295,PER,DEU,841382
9588773,174,61,8819,2006,0.0,3602.0,0.161994,0.036631,PHL,DEU,841382
9588774,177,61,8819,2006,407120.0,120830.0,0.991927,1.474418,POL,DEU,841382
9588775,179,61,8819,2006,0.0,1060.0,0.5723630000000001,1.92303,PRT,DEU,841382
9588776,180,61,8819,2006,0.0,2510.0,-0.520435,-0.7839119999999999,PRY,DEU,841382
9588777,183,61,8819,2006,0.0,772654.0,0.055777999999999994,-1.0379049999999999,QAT,DEU,841382
9588778,185,61,8819,2006,0.0,163357.0,0.550825,1.170744,ROU,DEU,841382
9588779,186,61,8819,2006,3768.0,418374.0,0.801197,0.104683,RUS,DEU,841382
9588780,188,61,8819,2006,1730.0,121788.0,0.162432,-0.853059,SAU,DEU,841382
9588781,190,61,8819,2006,203586.0,1819.0,-1.873762,-1.278378,SDN,DEU,841382
9588782,192,61,8819,2006,0.0,1814717.0,1.5377379999999998,0.503089,SGP,DEU,841382
9588783,201,61,8819,2006,6629.0,28837.0,0.547824,1.5588879999999998,SRB,DEU,841382
9588784,206,61,8819,2006,0.0,3998.0,1.291583,0.868317,SVK,DEU,841382
9588785,207,61,8819,2006,1296.0,89398.0,1.5882370000000001,0.800719,SVN,DEU,841382
9588786,208,61,8819,2006,101856.0,36504.0,1.902737,0.593294,SWE,DEU,841382
9588787,216,61,8819,2006,1521.0,1060054.0,0.568209,1.685343,THA,DEU,841382
9588788,224,61,8819,2006,71634.0,166023.0,0.33971599999999996,2.193384,TUR,DEU,841382
9588789,228,61,8819,2006,1063.0,188205.0,0.7008439999999999,0.79656,UKR,DEU,841382
9588790,230,61,8819,2006,0.0,4871.0,0.234384,0.118878,URY,DEU,841382
9588791,231,61,8819,2006,111406.0,22792.0,1.666643,-0.121679,USA,DEU,841382
9588792,236,61,8819,2006,0.0,4479.0,-0.340972,-1.015462,VEN,DEU,841382
9588793,239,61,8819,2006,0.0,26549.0,-0.342779,1.033318,VNM,DEU,841382
9588794,243,61,8819,2006,0.0,54713.0,-1.0407110000000002,-1.13042,YEM,DEU,841382
9588795,246,61,8819,2006,0.0,5299732.0,0.37964499999999995,1.466326,ZAF,DEU,841382
9588796,249,61,8819,2006,3370.0,123062.0,1.619915,1.2289940000000001,TWN,DEU,841382
9588797,1,64,8819,2006,0.0,2523.0,-0.626011,-0.6799689999999999,AFG,DNK,841382
9588798,8,64,8819,2006,0.0,52487.0,0.33055,0.665867,ARG,DNK,841382
9588799,15,64,8819,2006,12043.0,11270.0,1.775669,0.192717,AUT,DNK,841382
9588800,31,64,8819,2006,0.0,4708.0,-0.805185,-0.754091,BOL,DNK,841382
9588801,32,64,8819,2006,0.0,16020.0,0.633889,1.1474520000000001,BRA,DNK,841382
9588802,39,64,8819,2006,0.0,11654.0,0.865685,1.1480489999999999,CAN,DNK,841382
9588803,41,64,8819,2006,0.0,5319.0,2.052534,0.515523,CHE,DNK,841382
9588804,42,64,8819,2006,0.0,18162.0,-0.188298,-0.46778000000000003,CHL,DNK,841382
9588805,43,64,8819,2006,0.0,102569.0,0.737888,2.54966,CHN,DNK,841382
9588806,49,64,8819,2006,0.0,10307.0,0.129887,0.44371700000000003,COL,DNK,841382
9588807,54,64,8819,2006,0.0,24067.0,0.204039,-0.5183260000000001,CUB,DNK,841382
9588808,61,64,8819,2006,31782.0,82659.0,2.132566,-2.773669,DEU,DNK,841382
9588809,65,64,8819,2006,0.0,74020.0,-0.24073699999999998,0.049093,DOM,DNK,841382
9588810,68,64,8819,2006,0.0,38784.0,-0.182272,0.40222399999999997,EGY,DNK,841382
9588811,71,64,8819,2006,93012.0,30630.0,0.9091370000000001,2.068166,ESP,DNK,841382
9588812,74,64,8819,2006,0.0,7851.0,1.864038,0.8193940000000001,FIN,DNK,841382
9588813,77,64,8819,2006,17697.0,22400.0,1.47591,0.489466,FRA,DNK,841382
9588814,78,64,8819,2006,0.0,7869.0,-0.117631,-0.69352,FRO,DNK,841382
9588815,81,64,8819,2006,2863.0,0.0,1.824154,0.614424,GBR,DNK,841382
9588816,82,64,8819,2006,0.0,2298.0,0.076711,-0.47216099999999994,GEO,DNK,841382
9588817,92,64,8819,2006,0.0,29672.0,-1.0014,-0.935995,GRL,DNK,841382
9588818,93,64,8819,2006,0.0,2912.0,-0.28642199999999995,0.5868439999999999,GTM,DNK,841382
9588819,97,64,8819,2006,0.0,6059.0,0.5776319999999999,2.076782,HKG,DNK,841382
9588820,106,64,8819,2006,0.0,13383.0,1.43804,0.06463200000000001,IRL,DNK,841382
9588821,109,64,8819,2006,0.0,1444.0,0.170234,-0.302203,ISL,DNK,841382
9588822,111,64,8819,2006,15210.0,0.0,1.293779,0.93995,ITA,DNK,841382
9588823,121,64,8819,2006,0.0,92440.0,1.5384309999999999,0.766628,KOR,DNK,841382
9588824,122,64,8819,2006,0.0,12807.0,-0.589823,-1.142795,KWT,DNK,841382
9588825,128,64,8819,2006,0.0,21674.0,-0.573767,0.305913,LKA,DNK,841382
9588826,131,64,8819,2006,0.0,827.0,1.4345620000000001,0.8840819999999999,LUX,DNK,841382
9588827,132,64,8819,2006,0.0,116323.0,0.531375,0.9414170000000001,LVA,DNK,841382
9588828,134,64,8819,2006,0.0,1463.0,-0.547933,0.08257300000000001,MAR,DNK,841382
9588829,138,64,8819,2006,0.0,19017.0,1.047268,0.7142270000000001,MEX,DNK,841382
9588830,142,64,8819,2006,0.0,3597.0,1.384411,0.093734,MLT,DNK,841382
9588831,153,64,8819,2006,0.0,15328.0,0.7896569999999999,0.363625,MYS,DNK,841382
9588832,162,64,8819,2006,2546.0,260145.0,1.192134,1.450852,NLD,DNK,841382
9588833,163,64,8819,2006,45865.0,42012.0,1.0787930000000001,0.014051,NOR,DNK,841382
9588834,173,64,8819,2006,0.0,14262.0,-0.551095,0.044295,PER,DNK,841382
9588835,177,64,8819,2006,0.0,27354.0,0.991927,1.474418,POL,DNK,841382
9588836,185,64,8819,2006,0.0,2051.0,0.550825,1.170744,ROU,DNK,841382
9588837,186,64,8819,2006,0.0,2003.0,0.801197,0.104683,RUS,DNK,841382
9588838,188,64,8819,2006,0.0,67153.0,0.162432,-0.853059,SAU,DNK,841382
9588839,192,64,8819,2006,0.0,96587.0,1.5377379999999998,0.503089,SGP,DNK,841382
9588840,208,64,8819,2006,7883.0,36776.0,1.902737,0.593294,SWE,DNK,841382
9588841,223,64,8819,2006,1002.0,0.0,-0.013636,0.804752,TUN,DNK,841382
9588842,224,64,8819,2006,0.0,201681.0,0.33971599999999996,2.193384,TUR,DNK,841382
9588843,226,64,8819,2006,0.0,5603.0,-0.953097,0.159129,TZA,DNK,841382
9588844,228,64,8819,2006,0.0,3911.0,0.7008439999999999,0.79656,UKR,DNK,841382
9588845,231,64,8819,2006,4656.0,16496.0,1.666643,-0.121679,USA,DNK,841382
9588846,239,64,8819,2006,0.0,4323.0,-0.342779,1.033318,VNM,DNK,841382
9588847,243,64,8819,2006,0.0,35699.0,-1.0407110000000002,-1.13042,YEM,DNK,841382
9588848,246,64,8819,2006,0.0,3000.0,0.37964499999999995,1.466326,ZAF,DNK,841382
9588849,249,64,8819,2006,12303.0,992.0,1.619915,1.2289940000000001,TWN,DNK,841382
9588850,18,65,8819,2006,7821.0,0.0,1.2222540000000002,1.383027,BEL,DOM,841382
9588851,32,65,8819,2006,8982.0,0.0,0.633889,1.1474520000000001,BRA,DOM,841382
9588852,39,65,8819,2006,12293.0,0.0,0.865685,1.1480489999999999,CAN,DOM,841382
9588853,43,65,8819,2006,486293.0,0.0,0.737888,2.54966,CHN,DOM,841382
9588854,49,65,8819,2006,76289.0,0.0,0.129887,0.44371700000000003,COL,DOM,841382
9588855,52,65,8819,2006,3065.0,0.0,0.042663,-0.376672,CRI,DOM,841382
9588856,61,65,8819,2006,44142.0,0.0,2.132566,-2.773669,DEU,DOM,841382
9588857,64,65,8819,2006,74020.0,0.0,1.2308700000000001,1.180914,DNK,DOM,841382
9588858,71,65,8819,2006,90506.0,0.0,0.9091370000000001,2.068166,ESP,DOM,841382
9588859,77,65,8819,2006,4832.0,0.0,1.47591,0.489466,FRA,DOM,841382
9588860,81,65,8819,2006,23998.0,0.0,1.824154,0.614424,GBR,DOM,841382
9588861,97,65,8819,2006,92731.0,0.0,0.5776319999999999,2.076782,HKG,DOM,841382
9588862,111,65,8819,2006,16705.0,0.0,1.293779,0.93995,ITA,DOM,841382
9588863,114,65,8819,2006,190487.0,0.0,2.4348099999999997,0.082887,JPN,DOM,841382
9588864,121,65,8819,2006,1426.0,0.0,1.5384309999999999,0.766628,KOR,DOM,841382
9588865,138,65,8819,2006,37653.0,0.0,1.047268,0.7142270000000001,MEX,DOM,841382
9588866,155,65,8819,2006,627.0,0.0,-0.515361,-0.8027350000000001,NAM,DOM,841382
9588867,162,65,8819,2006,9022.0,0.0,1.192134,1.450852,NLD,DOM,841382
9588868,169,65,8819,2006,78589.0,0.0,0.306664,0.638533,PAN,DOM,841382
9588869,173,65,8819,2006,4699.0,0.0,-0.551095,0.044295,PER,DOM,841382
9588870,208,65,8819,2006,126960.0,0.0,1.902737,0.593294,SWE,DOM,841382
9588871,216,65,8819,2006,40662.0,0.0,0.568209,1.685343,THA,DOM,841382
9588872,231,65,8819,2006,116144.0,0.0,1.666643,-0.121679,USA,DOM,841382
9588873,236,65,8819,2006,9256.0,0.0,-0.340972,-1.015462,VEN,DOM,841382
9588874,239,65,8819,2006,18047.0,0.0,-0.342779,1.033318,VNM,DOM,841382
9588875,18,67,8819,2006,4066.0,0.0,1.2222540000000002,1.383027,BEL,ECU,841382
9588876,32,67,8819,2006,15204.0,0.0,0.633889,1.1474520000000001,BRA,ECU,841382
9588877,43,67,8819,2006,14735.0,0.0,0.737888,2.54966,CHN,ECU,841382
9588878,49,67,8819,2006,0.0,6916.0,0.129887,0.44371700000000003,COL,ECU,841382
9588879,61,67,8819,2006,52278.0,0.0,2.132566,-2.773669,DEU,ECU,841382
9588880,71,67,8819,2006,1423.0,0.0,0.9091370000000001,2.068166,ESP,ECU,841382
9588881,77,67,8819,2006,1426.0,0.0,1.47591,0.489466,FRA,ECU,841382
9588882,81,67,8819,2006,1236.0,0.0,1.824154,0.614424,GBR,ECU,841382
9588883,111,67,8819,2006,634311.0,0.0,1.293779,0.93995,ITA,ECU,841382
9588884,114,67,8819,2006,1401.0,0.0,2.4348099999999997,0.082887,JPN,ECU,841382
9588885,162,67,8819,2006,1600.0,0.0,1.192134,1.450852,NLD,ECU,841382
9588886,169,67,8819,2006,59919.0,0.0,0.306664,0.638533,PAN,ECU,841382
9588887,173,67,8819,2006,34907.0,25121.0,-0.551095,0.044295,PER,ECU,841382
9588888,186,67,8819,2006,1660.0,0.0,0.801197,0.104683,RUS,ECU,841382
9588889,231,67,8819,2006,179057.0,0.0,1.666643,-0.121679,USA,ECU,841382
9588890,236,67,8819,2006,0.0,29158.0,-0.340972,-1.015462,VEN,ECU,841382
9588891,2,71,8819,2006,0.0,318134.0,-2.0822979999999998,-1.176767,AGO,ESP,841382
9588892,5,71,8819,2006,1963.0,77205.0,1.03128,0.402281,AND,ESP,841382
9588893,7,71,8819,2006,0.0,67394.0,0.053903999999999994,-0.735124,ARE,ESP,841382
9588894,8,71,8819,2006,18968.0,19240.0,0.33055,0.665867,ARG,ESP,841382
9588895,14,71,8819,2006,12288.0,0.0,0.067166,0.373148,AUS,ESP,841382
9588896,15,71,8819,2006,14390.0,50674.0,1.775669,0.192717,AUT,ESP,841382
9588897,16,71,8819,2006,0.0,782.0,-0.521304,-1.035764,AZE,ESP,841382
9588898,18,71,8819,2006,95340.0,19961.0,1.2222540000000002,1.383027,BEL,ESP,841382
9588899,22,71,8819,2006,0.0,20754.0,-1.0305309999999999,-0.80937,BGD,ESP,841382
9588900,25,71,8819,2006,0.0,11610.0,0.673694,-0.519608,BHS,ESP,841382
9588901,31,71,8819,2006,0.0,10918.0,-0.805185,-0.754091,BOL,ESP,841382
9588902,32,71,8819,2006,5773.0,24422.0,0.633889,1.1474520000000001,BRA,ESP,841382
9588903,34,71,8819,2006,0.0,1062.0,-1.331831,-0.9170940000000001,BRN,ESP,841382
9588904,39,71,8819,2006,3293.0,122674.0,0.865685,1.1480489999999999,CAN,ESP,841382
9588905,41,71,8819,2006,811788.0,177037.0,2.052534,0.515523,CHE,ESP,841382
9588906,42,71,8819,2006,0.0,64320.0,-0.188298,-0.46778000000000003,CHL,ESP,841382
9588907,43,71,8819,2006,689150.0,16013.0,0.737888,2.54966,CHN,ESP,841382
9588908,44,71,8819,2006,0.0,117860.0,-0.8918530000000001,-0.8145819999999999,CIV,ESP,841382
9588909,49,71,8819,2006,47499.0,5191.0,0.129887,0.44371700000000003,COL,ESP,841382
9588910,51,71,8819,2006,0.0,175454.0,0.369814,-0.414812,CPV,ESP,841382
9588911,52,71,8819,2006,0.0,19541.0,0.042663,-0.376672,CRI,ESP,841382
9588912,54,71,8819,2006,1603.0,2031337.0,0.204039,-0.5183260000000001,CUB,ESP,841382
9588913,58,71,8819,2006,0.0,3026.0,0.708267,-0.048096,CYP,ESP,841382
9588914,59,71,8819,2006,0.0,39872.0,1.564058,0.6023649999999999,CZE,ESP,841382
9588915,61,71,8819,2006,82077.0,13931.0,2.132566,-2.773669,DEU,ESP,841382
9588916,63,71,8819,2006,0.0,2532.0,0.10759400000000001,-0.159215,DMA,ESP,841382
9588917,64,71,8819,2006,30630.0,93012.0,1.2308700000000001,1.180914,DNK,ESP,841382
9588918,65,71,8819,2006,0.0,90506.0,-0.24073699999999998,0.049093,DOM,ESP,841382
9588919,66,71,8819,2006,0.0,1419693.0,-0.489962,-1.12456,DZA,ESP,841382
9588920,67,71,8819,2006,0.0,1423.0,-0.878583,-0.9462010000000001,ECU,ESP,841382
9588921,68,71,8819,2006,0.0,47626.0,-0.182272,0.40222399999999997,EGY,ESP,841382
9588922,77,71,8819,2006,108424.0,679668.0,1.47591,0.489466,FRA,ESP,841382
9588923,78,71,8819,2006,0.0,392.0,-0.117631,-0.69352,FRO,ESP,841382
9588924,80,71,8819,2006,0.0,20520.0,-1.6696819999999999,-1.173322,GAB,ESP,841382
9588925,81,71,8819,2006,83452.0,183848.0,1.824154,0.614424,GBR,ESP,841382
9588926,83,71,8819,2006,0.0,2311.0,-0.9934860000000001,-0.809318,GHA,ESP,841382
9588927,84,71,8819,2006,0.0,3887.0,0.8370120000000001,-0.35099400000000003,GIB,ESP,841382
9588928,85,71,8819,2006,0.0,3146.0,-1.8376720000000002,-1.229774,GIN,ESP,841382
9588929,89,71,8819,2006,0.0,43228.0,-2.188173,-0.8631700000000001,GNQ,ESP,841382
9588930,90,71,8819,2006,1139.0,112537.0,0.261955,1.488958,GRC,ESP,841382
9588931,93,71,8819,2006,0.0,15994.0,-0.28642199999999995,0.5868439999999999,GTM,ESP,841382
9588932,99,71,8819,2006,0.0,38605.0,-0.672074,-0.472138,HND,ESP,841382
9588933,100,71,8819,2006,0.0,2283.0,0.755787,0.992614,HRV,ESP,841382
9588934,103,71,8819,2006,0.0,12449.0,-0.21012399999999998,1.467838,IDN,ESP,841382
9588935,104,71,8819,2006,231098.0,24600.0,0.285652,2.731318,IND,ESP,841382
9588936,106,71,8819,2006,45660.0,4445.0,1.43804,0.06463200000000001,IRL,ESP,841382
9588937,107,71,8819,2006,0.0,586066.0,-0.391023,-0.767861,IRN,ESP,841382
9588938,110,71,8819,2006,10366.0,3837.0,1.3082129999999998,0.783845,ISR,ESP,841382
9588939,111,71,8819,2006,572334.0,113694.0,1.293779,0.93995,ITA,ESP,841382
9588940,112,71,8819,2006,0.0,23777.0,-0.5122720000000001,-0.9109809999999999,JAM,ESP,841382
9588941,114,71,8819,2006,123772.0,2267.0,2.4348099999999997,0.082887,JPN,ESP,841382
9588942,121,71,8819,2006,1628.0,70775.0,1.5384309999999999,0.766628,KOR,ESP,841382
9588943,122,71,8819,2006,0.0,1359.0,-0.589823,-1.142795,KWT,ESP,841382
9588944,130,71,8819,2006,0.0,14047.0,0.44063599999999997,1.163857,LTU,ESP,841382
9588945,134,71,8819,2006,1347.0,125245.0,-0.547933,0.08257300000000001,MAR,ESP,841382
9588946,138,71,8819,2006,1282.0,171504.0,1.047268,0.7142270000000001,MEX,ESP,841382
9588947,140,71,8819,2006,0.0,778.0,-0.21336,0.17674700000000002,MKD,ESP,841382
9588948,142,71,8819,2006,0.0,7396.0,1.384411,0.093734,MLT,ESP,841382
9588949,148,71,8819,2006,0.0,3911.0,-1.72422,-1.2414399999999999,MRT,ESP,841382
9588950,153,71,8819,2006,0.0,6546.0,0.7896569999999999,0.363625,MYS,ESP,841382
9588951,159,71,8819,2006,0.0,30980.0,-2.094353,-1.215025,NGA,ESP,841382
9588952,160,71,8819,2006,0.0,858.0,-0.998825,-0.893867,NIC,ESP,841382
9588953,162,71,8819,2006,1096600.0,0.0,1.192134,1.450852,NLD,ESP,841382
9588954,163,71,8819,2006,5360.0,61155.0,1.0787930000000001,0.014051,NOR,ESP,841382
9588955,166,71,8819,2006,0.0,7478.0,0.5371,0.8240209999999999,NZL,ESP,841382
9588956,173,71,8819,2006,0.0,10838.0,-0.551095,0.044295,PER,ESP,841382
9588957,174,71,8819,2006,48936.0,0.0,0.161994,0.036631,PHL,ESP,841382
9588958,179,71,8819,2006,49114.0,243159.0,0.5723630000000001,1.92303,PRT,ESP,841382
9588959,183,71,8819,2006,0.0,255530.0,0.055777999999999994,-1.0379049999999999,QAT,ESP,841382
9588960,185,71,8819,2006,0.0,93846.0,0.550825,1.170744,ROU,ESP,841382
9588961,186,71,8819,2006,0.0,234895.0,0.801197,0.104683,RUS,ESP,841382
9588962,188,71,8819,2006,0.0,10069.0,0.162432,-0.853059,SAU,ESP,841382
9588963,192,71,8819,2006,0.0,42445.0,1.5377379999999998,0.503089,SGP,ESP,841382
9588964,197,71,8819,2006,0.0,3465.0,-0.135312,0.140874,SLV,ESP,841382
9588965,206,71,8819,2006,0.0,3279.0,1.291583,0.868317,SVK,ESP,841382
9588966,208,71,8819,2006,12306.0,0.0,1.902737,0.593294,SWE,ESP,841382
9588967,216,71,8819,2006,102353.0,214779.0,0.568209,1.685343,THA,ESP,841382
9588968,223,71,8819,2006,0.0,331796.0,-0.013636,0.804752,TUN,ESP,841382
9588969,224,71,8819,2006,9746.0,15013.0,0.33971599999999996,2.193384,TUR,ESP,841382
9588970,227,71,8819,2006,0.0,1016.0,-0.702511,-0.43976099999999996,UGA,ESP,841382
9588971,228,71,8819,2006,0.0,6965.0,0.7008439999999999,0.79656,UKR,ESP,841382
9588972,230,71,8819,2006,0.0,4230.0,0.234384,0.118878,URY,ESP,841382
9588973,231,71,8819,2006,609354.0,65303.0,1.666643,-0.121679,USA,ESP,841382
9588974,236,71,8819,2006,0.0,99008.0,-0.340972,-1.015462,VEN,ESP,841382
9588975,239,71,8819,2006,0.0,30858.0,-0.342779,1.033318,VNM,ESP,841382
9588976,246,71,8819,2006,1488.0,24575.0,0.37964499999999995,1.466326,ZAF,ESP,841382
9588977,249,71,8819,2006,105189.0,9868.0,1.619915,1.2289940000000001,TWN,ESP,841382
9588978,250,71,8819,2006,0.0,35611.0,0.711619,-0.41880200000000006,ANS,ESP,841382
9588979,18,74,8819,2006,0.0,6575.0,1.2222540000000002,1.383027,BEL,FIN,841382
9588980,32,74,8819,2006,0.0,22987.0,0.633889,1.1474520000000001,BRA,FIN,841382
9588981,39,74,8819,2006,0.0,1112.0,0.865685,1.1480489999999999,CAN,FIN,841382
9588982,41,74,8819,2006,0.0,18607.0,2.052534,0.515523,CHE,FIN,841382
9588983,43,74,8819,2006,5836.0,116818.0,0.737888,2.54966,CHN,FIN,841382
9588984,61,74,8819,2006,22789.0,0.0,2.132566,-2.773669,DEU,FIN,841382
9588985,64,74,8819,2006,7851.0,0.0,1.2308700000000001,1.180914,DNK,FIN,841382
9588986,73,74,8819,2006,0.0,6746.0,-0.9557180000000001,-0.9153479999999999,ETH,FIN,841382
9588987,77,74,8819,2006,13451.0,0.0,1.47591,0.489466,FRA,FIN,841382
9588988,81,74,8819,2006,14546.0,0.0,1.824154,0.614424,GBR,FIN,841382
9588989,103,74,8819,2006,0.0,45131.0,-0.21012399999999998,1.467838,IDN,FIN,841382
9588990,104,74,8819,2006,0.0,918.0,0.285652,2.731318,IND,FIN,841382
9588991,111,74,8819,2006,9220.0,0.0,1.293779,0.93995,ITA,FIN,841382
9588992,113,74,8819,2006,0.0,4948.0,0.166718,0.331248,JOR,FIN,841382
9588993,114,74,8819,2006,9471.0,174559.0,2.4348099999999997,0.082887,JPN,FIN,841382
9588994,116,74,8819,2006,0.0,34903.0,-0.38287899999999997,1.060286,KEN,FIN,841382
9588995,132,74,8819,2006,0.0,37780.0,0.531375,0.9414170000000001,LVA,FIN,841382
9588996,145,74,8819,2006,0.0,98610.0,-1.147217,-1.0734709999999998,MNG,FIN,841382
9588997,153,74,8819,2006,0.0,1710.0,0.7896569999999999,0.363625,MYS,FIN,841382
9588998,163,74,8819,2006,0.0,8410.0,1.0787930000000001,0.014051,NOR,FIN,841382
9588999,183,74,8819,2006,0.0,864.0,0.055777999999999994,-1.0379049999999999,QAT,FIN,841382
9589000,186,74,8819,2006,0.0,57798.0,0.801197,0.104683,RUS,FIN,841382
9589001,188,74,8819,2006,0.0,45806.0,0.162432,-0.853059,SAU,FIN,841382
9589002,190,74,8819,2006,0.0,2060.0,-1.873762,-1.278378,SDN,FIN,841382
9589003,201,74,8819,2006,0.0,1350.0,0.547824,1.5588879999999998,SRB,FIN,841382
9589004,208,74,8819,2006,9974.0,0.0,1.902737,0.593294,SWE,FIN,841382
9589005,228,74,8819,2006,0.0,25045.0,0.7008439999999999,0.79656,UKR,FIN,841382
9589006,231,74,8819,2006,1784.0,8279.0,1.666643,-0.121679,USA,FIN,841382
9589007,249,74,8819,2006,1465.0,0.0,1.619915,1.2289940000000001,TWN,FIN,841382
9589008,2,77,8819,2006,0.0,85363.0,-2.0822979999999998,-1.176767,AGO,FRA,841382
9589009,5,77,8819,2006,0.0,4986.0,1.03128,0.402281,AND,FRA,841382
9589010,7,77,8819,2006,0.0,139305.0,0.053903999999999994,-0.735124,ARE,FRA,841382
9589011,8,77,8819,2006,0.0,16064.0,0.33055,0.665867,ARG,FRA,841382
9589012,9,77,8819,2006,0.0,1673.0,0.14539100000000002,-0.558014,ARM,FRA,841382
9589013,14,77,8819,2006,41712.0,12029.0,0.067166,0.373148,AUS,FRA,841382
9589014,15,77,8819,2006,1159.0,1113.0,1.775669,0.192717,AUT,FRA,841382
9589015,16,77,8819,2006,0.0,130243.0,-0.521304,-1.035764,AZE,FRA,841382
9589016,18,77,8819,2006,91252.0,99754.0,1.2222540000000002,1.383027,BEL,FRA,841382
9589017,19,77,8819,2006,723.0,8622.0,-0.8434360000000001,-0.798307,BEN,FRA,841382
9589018,21,77,8819,2006,0.0,12553.0,-0.9432020000000001,-0.969247,BFA,FRA,841382
9589019,23,77,8819,2006,0.0,3630.0,0.414563,1.378005,BGR,FRA,841382
9589020,31,77,8819,2006,0.0,4391.0,-0.805185,-0.754091,BOL,FRA,841382
9589021,32,77,8819,2006,0.0,2377.0,0.633889,1.1474520000000001,BRA,FRA,841382
9589022,39,77,8819,2006,0.0,3646.0,0.865685,1.1480489999999999,CAN,FRA,841382
9589023,41,77,8819,2006,35948.0,227631.0,2.052534,0.515523,CHE,FRA,841382
9589024,42,77,8819,2006,0.0,2885.0,-0.188298,-0.46778000000000003,CHL,FRA,841382
9589025,43,77,8819,2006,322232.0,376050.0,0.737888,2.54966,CHN,FRA,841382
9589026,44,77,8819,2006,1507.0,35187.0,-0.8918530000000001,-0.8145819999999999,CIV,FRA,841382
9589027,45,77,8819,2006,0.0,36203.0,-1.358873,-1.1511360000000002,CMR,FRA,841382
9589028,46,77,8819,2006,0.0,52724.0,-1.542137,-1.086494,COD,FRA,841382
9589029,47,77,8819,2006,0.0,65278.0,-1.9903240000000002,-1.189925,COG,FRA,841382
9589030,49,77,8819,2006,0.0,11764.0,0.129887,0.44371700000000003,COL,FRA,841382
9589031,52,77,8819,2006,0.0,11367.0,0.042663,-0.376672,CRI,FRA,841382
9589032,54,77,8819,2006,0.0,7063.0,0.204039,-0.5183260000000001,CUB,FRA,841382
9589033,59,77,8819,2006,4864.0,4978.0,1.564058,0.6023649999999999,CZE,FRA,841382
9589034,61,77,8819,2006,284224.0,115266.0,2.132566,-2.773669,DEU,FRA,841382
9589035,62,77,8819,2006,0.0,64022.0,-0.251707,-0.436792,DJI,FRA,841382
9589036,64,77,8819,2006,22400.0,17697.0,1.2308700000000001,1.180914,DNK,FRA,841382
9589037,65,77,8819,2006,0.0,4832.0,-0.24073699999999998,0.049093,DOM,FRA,841382
9589038,66,77,8819,2006,0.0,1030851.0,-0.489962,-1.12456,DZA,FRA,841382
9589039,67,77,8819,2006,0.0,1426.0,-0.878583,-0.9462010000000001,ECU,FRA,841382
9589040,68,77,8819,2006,0.0,12267.0,-0.182272,0.40222399999999997,EGY,FRA,841382
9589041,71,77,8819,2006,679668.0,108424.0,0.9091370000000001,2.068166,ESP,FRA,841382
9589042,72,77,8819,2006,0.0,24067.0,0.6426350000000001,0.925003,EST,FRA,841382
9589043,74,77,8819,2006,0.0,13451.0,1.864038,0.8193940000000001,FIN,FRA,841382
9589044,75,77,8819,2006,0.0,38041.0,-0.6554949999999999,-0.098284,FJI,FRA,841382
9589045,80,77,8819,2006,0.0,57602.0,-1.6696819999999999,-1.173322,GAB,FRA,841382
9589046,81,77,8819,2006,89803.0,49080.0,1.824154,0.614424,GBR,FRA,841382
9589047,82,77,8819,2006,0.0,9693.0,0.076711,-0.47216099999999994,GEO,FRA,841382
9589048,83,77,8819,2006,0.0,24638.0,-0.9934860000000001,-0.809318,GHA,FRA,841382
9589049,85,77,8819,2006,0.0,8899.0,-1.8376720000000002,-1.229774,GIN,FRA,841382
9589050,89,77,8819,2006,0.0,5021.0,-2.188173,-0.8631700000000001,GNQ,FRA,841382
9589051,90,77,8819,2006,0.0,1240.0,0.261955,1.488958,GRC,FRA,841382
9589052,100,77,8819,2006,0.0,2097.0,0.755787,0.992614,HRV,FRA,841382
9589053,102,77,8819,2006,0.0,21464.0,1.4034309999999999,0.835144,HUN,FRA,841382
9589054,103,77,8819,2006,0.0,99428.0,-0.21012399999999998,1.467838,IDN,FRA,841382
9589055,104,77,8819,2006,13911.0,0.0,0.285652,2.731318,IND,FRA,841382
9589056,107,77,8819,2006,0.0,226386.0,-0.391023,-0.767861,IRN,FRA,841382
9589057,110,77,8819,2006,9298.0,0.0,1.3082129999999998,0.783845,ISR,FRA,841382
9589058,111,77,8819,2006,935987.0,48947.0,1.293779,0.93995,ITA,FRA,841382
9589059,114,77,8819,2006,169131.0,1223.0,2.4348099999999997,0.082887,JPN,FRA,841382
9589060,115,77,8819,2006,0.0,3540.0,0.038229,-0.579421,KAZ,FRA,841382
9589061,121,77,8819,2006,5884.0,0.0,1.5384309999999999,0.766628,KOR,FRA,841382
9589062,122,77,8819,2006,0.0,23791.0,-0.589823,-1.142795,KWT,FRA,841382
9589063,124,77,8819,2006,0.0,6109.0,0.3861,1.586183,LBN,FRA,841382
9589064,127,77,8819,2006,0.0,1943.0,1.118348,-0.17618,LCA,FRA,841382
9589065,130,77,8819,2006,0.0,26152.0,0.44063599999999997,1.163857,LTU,FRA,841382
9589066,131,77,8819,2006,0.0,7266.0,1.4345620000000001,0.8840819999999999,LUX,FRA,841382
9589067,132,77,8819,2006,0.0,51109.0,0.531375,0.9414170000000001,LVA,FRA,841382
9589068,133,77,8819,2006,0.0,20321.0,-0.07118200000000001,-0.228354,MAC,FRA,841382
9589069,134,77,8819,2006,0.0,213434.0,-0.547933,0.08257300000000001,MAR,FRA,841382
9589070,136,77,8819,2006,0.0,1114.0,-1.024657,-0.393395,MDG,FRA,841382
9589071,138,77,8819,2006,0.0,37131.0,1.047268,0.7142270000000001,MEX,FRA,841382
9589072,141,77,8819,2006,0.0,19462.0,-0.503462,-0.778836,MLI,FRA,841382
9589073,142,77,8819,2006,0.0,13105.0,1.384411,0.093734,MLT,FRA,841382
9589074,145,77,8819,2006,0.0,12886.0,-1.147217,-1.0734709999999998,MNG,FRA,841382
9589075,148,77,8819,2006,0.0,1826.0,-1.72422,-1.2414399999999999,MRT,FRA,841382
9589076,151,77,8819,2006,0.0,45701.0,-0.311109,-0.07267,MUS,FRA,841382
9589077,153,77,8819,2006,0.0,427567.0,0.7896569999999999,0.363625,MYS,FRA,841382
9589078,154,77,8819,2006,0.0,24865.0,1.1370049999999998,0.131896,MYT,FRA,841382
9589079,156,77,8819,2006,0.0,39171.0,-0.135099,-0.7618779999999999,NCL,FRA,841382
9589080,157,77,8819,2006,0.0,12442.0,-0.554188,-0.708255,NER,FRA,841382
9589081,162,77,8819,2006,59350.0,1228.0,1.192134,1.450852,NLD,FRA,841382
9589082,163,77,8819,2006,27071.0,8380.0,1.0787930000000001,0.014051,NOR,FRA,841382
9589083,166,77,8819,2006,0.0,85491.0,0.5371,0.8240209999999999,NZL,FRA,841382
9589084,167,77,8819,2006,0.0,152924.0,-0.6373989999999999,-1.092554,OMN,FRA,841382
9589085,177,77,8819,2006,0.0,56570.0,0.991927,1.474418,POL,FRA,841382
9589086,179,77,8819,2006,1170.0,70265.0,0.5723630000000001,1.92303,PRT,FRA,841382
9589087,182,77,8819,2006,0.0,58959.0,-0.213329,-0.743599,PYF,FRA,841382
9589088,183,77,8819,2006,0.0,20096.0,0.055777999999999994,-1.0379049999999999,QAT,FRA,841382
9589089,185,77,8819,2006,0.0,312048.0,0.550825,1.170744,ROU,FRA,841382
9589090,186,77,8819,2006,0.0,34922.0,0.801197,0.104683,RUS,FRA,841382
9589091,187,77,8819,2006,0.0,4794.0,-0.032827999999999996,-0.42937600000000004,RWA,FRA,841382
9589092,188,77,8819,2006,0.0,76039.0,0.162432,-0.853059,SAU,FRA,841382
9589093,190,77,8819,2006,0.0,2324.0,-1.873762,-1.278378,SDN,FRA,841382
9589094,191,77,8819,2006,897.0,157676.0,-0.364713,-0.183612,SEN,FRA,841382
9589095,192,77,8819,2006,3121.0,178403.0,1.5377379999999998,0.503089,SGP,FRA,841382
9589096,196,77,8819,2006,0.0,2511.0,0.518163,-0.032742,SLE,FRA,841382
9589097,206,77,8819,2006,0.0,1212.0,1.291583,0.868317,SVK,FRA,841382
9589098,207,77,8819,2006,0.0,11889.0,1.5882370000000001,0.800719,SVN,FRA,841382
9589099,208,77,8819,2006,84599.0,12240.0,1.902737,0.593294,SWE,FRA,841382
9589100,211,77,8819,2006,0.0,1183.0,-0.344619,-0.796139,SYC,FRA,841382
9589101,214,77,8819,2006,0.0,8787.0,-3.0579419999999997,-0.8926649999999999,TCD,FRA,841382
9589102,215,77,8819,2006,0.0,40171.0,-0.8304020000000001,-0.678178,TGO,FRA,841382
9589103,216,77,8819,2006,191361.0,3409.0,0.568209,1.685343,THA,FRA,841382
9589104,223,77,8819,2006,0.0,119660.0,-0.013636,0.804752,TUN,FRA,841382
9589105,224,77,8819,2006,5401.0,124767.0,0.33971599999999996,2.193384,TUR,FRA,841382
9589106,231,77,8819,2006,593734.0,93245.0,1.666643,-0.121679,USA,FRA,841382
9589107,236,77,8819,2006,0.0,3779.0,-0.340972,-1.015462,VEN,FRA,841382
9589108,239,77,8819,2006,0.0,2618.0,-0.342779,1.033318,VNM,FRA,841382
9589109,241,77,8819,2006,0.0,1830.0,1.609916,-0.311544,WLF,FRA,841382
9589110,243,77,8819,2006,0.0,45551.0,-1.0407110000000002,-1.13042,YEM,FRA,841382
9589111,246,77,8819,2006,5289.0,4557.0,0.37964499999999995,1.466326,ZAF,FRA,841382
9589112,249,77,8819,2006,5457.0,77974.0,1.619915,1.2289940000000001,TWN,FRA,841382
9589113,250,77,8819,2006,1085.0,0.0,0.711619,-0.41880200000000006,ANS,FRA,841382
9589114,2,81,8819,2006,0.0,17193.0,-2.0822979999999998,-1.176767,AGO,GBR,841382
9589115,4,81,8819,2006,0.0,38669.0,-0.340932,-0.06302200000000001,ALB,GBR,841382
9589116,7,81,8819,2006,0.0,291034.0,0.053903999999999994,-0.735124,ARE,GBR,841382
9589117,8,81,8819,2006,0.0,3533.0,0.33055,0.665867,ARG,GBR,841382
9589118,9,81,8819,2006,0.0,2231.0,0.14539100000000002,-0.558014,ARM,GBR,841382
9589119,14,81,8819,2006,299449.0,596656.0,0.067166,0.373148,AUS,GBR,841382
9589120,15,81,8819,2006,6360.0,14493.0,1.775669,0.192717,AUT,GBR,841382
9589121,16,81,8819,2006,0.0,134560.0,-0.521304,-1.035764,AZE,GBR,841382
9589122,18,81,8819,2006,0.0,11792.0,1.2222540000000002,1.383027,BEL,GBR,841382
9589123,19,81,8819,2006,0.0,3466.0,-0.8434360000000001,-0.798307,BEN,GBR,841382
9589124,24,81,8819,2006,0.0,34912.0,0.172724,-0.9449879999999999,BHR,GBR,841382
9589125,26,81,8819,2006,0.0,4003.0,0.40788800000000003,0.562854,BIH,GBR,841382
9589126,32,81,8819,2006,0.0,17303.0,0.633889,1.1474520000000001,BRA,GBR,841382
9589127,33,81,8819,2006,0.0,27028.0,0.977267,0.6046560000000001,BRB,GBR,841382
9589128,34,81,8819,2006,0.0,5119.0,-1.331831,-0.9170940000000001,BRN,GBR,841382
9589129,39,81,8819,2006,61411.0,5937.0,0.865685,1.1480489999999999,CAN,GBR,841382
9589130,41,81,8819,2006,220759.0,141886.0,2.052534,0.515523,CHE,GBR,841382
9589131,42,81,8819,2006,0.0,1219.0,-0.188298,-0.46778000000000003,CHL,GBR,841382
9589132,43,81,8819,2006,296857.0,230505.0,0.737888,2.54966,CHN,GBR,841382
9589133,49,81,8819,2006,0.0,1176.0,0.129887,0.44371700000000003,COL,GBR,841382
9589134,51,81,8819,2006,28.0,0.0,0.369814,-0.414812,CPV,GBR,841382
9589135,52,81,8819,2006,0.0,767.0,0.042663,-0.376672,CRI,GBR,841382
9589136,59,81,8819,2006,0.0,4366.0,1.564058,0.6023649999999999,CZE,GBR,841382
9589137,61,81,8819,2006,164407.0,39014.0,2.132566,-2.773669,DEU,GBR,841382
9589138,64,81,8819,2006,0.0,2863.0,1.2308700000000001,1.180914,DNK,GBR,841382
9589139,65,81,8819,2006,0.0,23998.0,-0.24073699999999998,0.049093,DOM,GBR,841382
9589140,66,81,8819,2006,0.0,91894.0,-0.489962,-1.12456,DZA,GBR,841382
9589141,67,81,8819,2006,0.0,1236.0,-0.878583,-0.9462010000000001,ECU,GBR,841382
9589142,68,81,8819,2006,0.0,81342.0,-0.182272,0.40222399999999997,EGY,GBR,841382
9589143,71,81,8819,2006,183848.0,83452.0,0.9091370000000001,2.068166,ESP,GBR,841382
9589144,74,81,8819,2006,0.0,14546.0,1.864038,0.8193940000000001,FIN,GBR,841382
9589145,75,81,8819,2006,0.0,1419.0,-0.6554949999999999,-0.098284,FJI,GBR,841382
9589146,77,81,8819,2006,49080.0,89803.0,1.47591,0.489466,FRA,GBR,841382
9589147,82,81,8819,2006,0.0,7618.0,0.076711,-0.47216099999999994,GEO,GBR,841382
9589148,83,81,8819,2006,0.0,65275.0,-0.9934860000000001,-0.809318,GHA,GBR,841382
9589149,84,81,8819,2006,0.0,84849.0,0.8370120000000001,-0.35099400000000003,GIB,GBR,841382
9589150,90,81,8819,2006,0.0,14887.0,0.261955,1.488958,GRC,GBR,841382
9589151,93,81,8819,2006,0.0,2508.0,-0.28642199999999995,0.5868439999999999,GTM,GBR,841382
9589152,96,81,8819,2006,0.0,4356.0,-0.813775,-0.8000649999999999,GUY,GBR,841382
9589153,97,81,8819,2006,48302.0,25759.0,0.5776319999999999,2.076782,HKG,GBR,841382
9589154,100,81,8819,2006,0.0,4278.0,0.755787,0.992614,HRV,GBR,841382
9589155,102,81,8819,2006,0.0,3556.0,1.4034309999999999,0.835144,HUN,GBR,841382
9589156,103,81,8819,2006,0.0,8062.0,-0.21012399999999998,1.467838,IDN,GBR,841382
9589157,104,81,8819,2006,7732.0,12546.0,0.285652,2.731318,IND,GBR,841382
9589158,106,81,8819,2006,17816.0,80521.0,1.43804,0.06463200000000001,IRL,GBR,841382
9589159,107,81,8819,2006,0.0,5093.0,-0.391023,-0.767861,IRN,GBR,841382
9589160,109,81,8819,2006,0.0,3404.0,0.170234,-0.302203,ISL,GBR,841382
9589161,110,81,8819,2006,20964.0,56085.0,1.3082129999999998,0.783845,ISR,GBR,841382
9589162,111,81,8819,2006,183259.0,147920.0,1.293779,0.93995,ITA,GBR,841382
9589163,112,81,8819,2006,0.0,2851.0,-0.5122720000000001,-0.9109809999999999,JAM,GBR,841382
9589164,114,81,8819,2006,39429.0,241956.0,2.4348099999999997,0.082887,JPN,GBR,841382
9589165,115,81,8819,2006,0.0,2515.0,0.038229,-0.579421,KAZ,GBR,841382
9589166,121,81,8819,2006,0.0,16057.0,1.5384309999999999,0.766628,KOR,GBR,841382
9589167,122,81,8819,2006,0.0,280418.0,-0.589823,-1.142795,KWT,GBR,841382
9589168,124,81,8819,2006,0.0,7705.0,0.3861,1.586183,LBN,GBR,841382
9589169,126,81,8819,2006,0.0,52931.0,-0.518724,-1.142074,LBY,GBR,841382
9589170,128,81,8819,2006,0.0,1519.0,-0.573767,0.305913,LKA,GBR,841382
9589171,132,81,8819,2006,0.0,24654.0,0.531375,0.9414170000000001,LVA,GBR,841382
9589172,138,81,8819,2006,0.0,16937.0,1.047268,0.7142270000000001,MEX,GBR,841382
9589173,142,81,8819,2006,0.0,42103.0,1.384411,0.093734,MLT,GBR,841382
9589174,153,81,8819,2006,87578.0,50799.0,0.7896569999999999,0.363625,MYS,GBR,841382
9589175,159,81,8819,2006,0.0,234561.0,-2.094353,-1.215025,NGA,GBR,841382
9589176,162,81,8819,2006,90237.0,2231.0,1.192134,1.450852,NLD,GBR,841382
9589177,163,81,8819,2006,210996.0,377553.0,1.0787930000000001,0.014051,NOR,GBR,841382
9589178,166,81,8819,2006,10870.0,17248.0,0.5371,0.8240209999999999,NZL,GBR,841382
9589179,167,81,8819,2006,0.0,4651.0,-0.6373989999999999,-1.092554,OMN,GBR,841382
9589180,168,81,8819,2006,0.0,10343.0,-0.449333,0.563013,PAK,GBR,841382
9589181,173,81,8819,2006,0.0,868.0,-0.551095,0.044295,PER,GBR,841382
9589182,174,81,8819,2006,0.0,4149.0,0.161994,0.036631,PHL,GBR,841382
9589183,177,81,8819,2006,0.0,18599.0,0.991927,1.474418,POL,GBR,841382
9589184,179,81,8819,2006,0.0,32875.0,0.5723630000000001,1.92303,PRT,GBR,841382
9589185,183,81,8819,2006,0.0,65479.0,0.055777999999999994,-1.0379049999999999,QAT,GBR,841382
9589186,185,81,8819,2006,0.0,1816.0,0.550825,1.170744,ROU,GBR,841382
9589187,186,81,8819,2006,0.0,2523020.0,0.801197,0.104683,RUS,GBR,841382
9589188,188,81,8819,2006,0.0,570619.0,0.162432,-0.853059,SAU,GBR,841382
9589189,190,81,8819,2006,0.0,5620.0,-1.873762,-1.278378,SDN,GBR,841382
9589190,192,81,8819,2006,22289.0,69707.0,1.5377379999999998,0.503089,SGP,GBR,841382
9589191,206,81,8819,2006,0.0,973.0,1.291583,0.868317,SVK,GBR,841382
9589192,207,81,8819,2006,0.0,8172.0,1.5882370000000001,0.800719,SVN,GBR,841382
9589193,208,81,8819,2006,15748.0,0.0,1.902737,0.593294,SWE,GBR,841382
9589194,216,81,8819,2006,0.0,210014.0,0.568209,1.685343,THA,GBR,841382
9589195,222,81,8819,2006,0.0,16435.0,-0.20651399999999998,-1.024907,TTO,GBR,841382
9589196,223,81,8819,2006,0.0,181325.0,-0.013636,0.804752,TUN,GBR,841382
9589197,224,81,8819,2006,16032.0,115926.0,0.33971599999999996,2.193384,TUR,GBR,841382
9589198,226,81,8819,2006,0.0,10428.0,-0.953097,0.159129,TZA,GBR,841382
9589199,227,81,8819,2006,0.0,22298.0,-0.702511,-0.43976099999999996,UGA,GBR,841382
9589200,228,81,8819,2006,0.0,1352.0,0.7008439999999999,0.79656,UKR,GBR,841382
9589201,230,81,8819,2006,0.0,1142.0,0.234384,0.118878,URY,GBR,841382
9589202,231,81,8819,2006,277179.0,642978.0,1.666643,-0.121679,USA,GBR,841382
9589203,232,81,8819,2006,0.0,2690.0,-0.457759,-0.784626,UZB,GBR,841382
9589204,236,81,8819,2006,0.0,3988.0,-0.340972,-1.015462,VEN,GBR,841382
9589205,239,81,8819,2006,0.0,163802.0,-0.342779,1.033318,VNM,GBR,841382
9589206,243,81,8819,2006,0.0,615375.0,-1.0407110000000002,-1.13042,YEM,GBR,841382
9589207,246,81,8819,2006,0.0,2742.0,0.37964499999999995,1.466326,ZAF,GBR,841382
9589208,247,81,8819,2006,0.0,4629.0,-0.5307,-0.793621,ZMB,GBR,841382
9589209,249,81,8819,2006,60017.0,18826.0,1.619915,1.2289940000000001,TWN,GBR,841382
9589210,4,90,8819,2006,1834.0,17732.0,-0.340932,-0.06302200000000001,ALB,GRC,841382
9589211,15,90,8819,2006,1906.0,0.0,1.775669,0.192717,AUT,GRC,841382
9589212,18,90,8819,2006,2046.0,0.0,1.2222540000000002,1.383027,BEL,GRC,841382
9589213,22,90,8819,2006,1460.0,0.0,-1.0305309999999999,-0.80937,BGD,GRC,841382
9589214,43,90,8819,2006,102111.0,0.0,0.737888,2.54966,CHN,GRC,841382
9589215,45,90,8819,2006,0.0,824.0,-1.358873,-1.1511360000000002,CMR,GRC,841382
9589216,58,90,8819,2006,23394.0,2038.0,0.708267,-0.048096,CYP,GRC,841382
9589217,61,90,8819,2006,6184.0,4748.0,2.132566,-2.773669,DEU,GRC,841382
9589218,68,90,8819,2006,0.0,27737.0,-0.182272,0.40222399999999997,EGY,GRC,841382
9589219,71,90,8819,2006,112537.0,1139.0,0.9091370000000001,2.068166,ESP,GRC,841382
9589220,72,90,8819,2006,0.0,7460.0,0.6426350000000001,0.925003,EST,GRC,841382
9589221,77,90,8819,2006,1240.0,0.0,1.47591,0.489466,FRA,GRC,841382
9589222,81,90,8819,2006,14887.0,0.0,1.824154,0.614424,GBR,GRC,841382
9589223,97,90,8819,2006,0.0,72441.0,0.5776319999999999,2.076782,HKG,GRC,841382
9589224,104,90,8819,2006,45922.0,0.0,0.285652,2.731318,IND,GRC,841382
9589225,111,90,8819,2006,161557.0,10081.0,1.293779,0.93995,ITA,GRC,841382
9589226,140,90,8819,2006,0.0,27860.0,-0.21336,0.17674700000000002,MKD,GRC,841382
9589227,174,90,8819,2006,0.0,3718.0,0.161994,0.036631,PHL,GRC,841382
9589228,185,90,8819,2006,0.0,116047.0,0.550825,1.170744,ROU,GRC,841382
9589229,186,90,8819,2006,0.0,45393.0,0.801197,0.104683,RUS,GRC,841382
9589230,224,90,8819,2006,449268.0,0.0,0.33971599999999996,2.193384,TUR,GRC,841382
9589231,231,90,8819,2006,44993.0,0.0,1.666643,-0.121679,USA,GRC,841382
9589232,243,90,8819,2006,0.0,7173.0,-1.0407110000000002,-1.13042,YEM,GRC,841382
9589233,249,90,8819,2006,12319.0,0.0,1.619915,1.2289940000000001,TWN,GRC,841382
9589234,14,93,8819,2006,5661.0,0.0,0.067166,0.373148,AUS,GTM,841382
9589235,32,93,8819,2006,1300.0,0.0,0.633889,1.1474520000000001,BRA,GTM,841382
9589236,43,93,8819,2006,14928.0,0.0,0.737888,2.54966,CHN,GTM,841382
9589237,49,93,8819,2006,19140.0,0.0,0.129887,0.44371700000000003,COL,GTM,841382
9589238,61,93,8819,2006,195618.0,0.0,2.132566,-2.773669,DEU,GTM,841382
9589239,64,93,8819,2006,2912.0,0.0,1.2308700000000001,1.180914,DNK,GTM,841382
9589240,71,93,8819,2006,15994.0,0.0,0.9091370000000001,2.068166,ESP,GTM,841382
9589241,81,93,8819,2006,2508.0,0.0,1.824154,0.614424,GBR,GTM,841382
9589242,97,93,8819,2006,5207.0,0.0,0.5776319999999999,2.076782,HKG,GTM,841382
9589243,99,93,8819,2006,0.0,10029.0,-0.672074,-0.472138,HND,GTM,841382
9589244,111,93,8819,2006,17565.0,0.0,1.293779,0.93995,ITA,GTM,841382
9589245,112,93,8819,2006,77015.0,0.0,-0.5122720000000001,-0.9109809999999999,JAM,GTM,841382
9589246,138,93,8819,2006,56468.0,2497.0,1.047268,0.7142270000000001,MEX,GTM,841382
9589247,160,93,8819,2006,0.0,8761.0,-0.998825,-0.893867,NIC,GTM,841382
9589248,169,93,8819,2006,20587.0,1401.0,0.306664,0.638533,PAN,GTM,841382
9589249,197,93,8819,2006,0.0,41255.0,-0.135312,0.140874,SLV,GTM,841382
9589250,231,93,8819,2006,130592.0,0.0,1.666643,-0.121679,USA,GTM,841382
9589251,43,96,8819,2006,45961.0,0.0,0.737888,2.54966,CHN,GUY,841382
9589252,61,96,8819,2006,147874.0,0.0,2.132566,-2.773669,DEU,GUY,841382
9589253,81,96,8819,2006,4356.0,0.0,1.824154,0.614424,GBR,GUY,841382
9589254,162,96,8819,2006,3894.0,0.0,1.192134,1.450852,NLD,GUY,841382
9589255,169,96,8819,2006,11299.0,0.0,0.306664,0.638533,PAN,GUY,841382
9589256,231,96,8819,2006,20683.0,0.0,1.666643,-0.121679,USA,GUY,841382
9589257,14,97,8819,2006,6466.0,0.0,0.067166,0.373148,AUS,HKG,841382
9589258,15,97,8819,2006,14831.0,0.0,1.775669,0.192717,AUT,HKG,841382
9589259,37,97,8819,2006,0.0,4246.0,-1.0541459999999998,-1.179286,BWA,HKG,841382
9589260,42,97,8819,2006,0.0,5196.0,-0.188298,-0.46778000000000003,CHL,HKG,841382
9589261,43,97,8819,2006,43450.0,172750.0,0.737888,2.54966,CHN,HKG,841382
9589262,61,97,8819,2006,114946.0,1975.0,2.132566,-2.773669,DEU,HKG,841382
9589263,64,97,8819,2006,6059.0,0.0,1.2308700000000001,1.180914,DNK,HKG,841382
9589264,65,97,8819,2006,0.0,92731.0,-0.24073699999999998,0.049093,DOM,HKG,841382
9589265,81,97,8819,2006,25759.0,48302.0,1.824154,0.614424,GBR,HKG,841382
9589266,90,97,8819,2006,72441.0,0.0,0.261955,1.488958,GRC,HKG,841382
9589267,93,97,8819,2006,0.0,5207.0,-0.28642199999999995,0.5868439999999999,GTM,HKG,841382
9589268,111,97,8819,2006,255261.0,0.0,1.293779,0.93995,ITA,HKG,841382
9589269,114,97,8819,2006,14885.0,0.0,2.4348099999999997,0.082887,JPN,HKG,841382
9589270,133,97,8819,2006,4803.0,0.0,-0.07118200000000001,-0.228354,MAC,HKG,841382
9589271,138,97,8819,2006,0.0,5912.0,1.047268,0.7142270000000001,MEX,HKG,841382
9589272,145,97,8819,2006,0.0,862.0,-1.147217,-1.0734709999999998,MNG,HKG,841382
9589273,169,97,8819,2006,0.0,279832.0,0.306664,0.638533,PAN,HKG,841382
9589274,188,97,8819,2006,0.0,2472.0,0.162432,-0.853059,SAU,HKG,841382
9589275,192,97,8819,2006,8899.0,0.0,1.5377379999999998,0.503089,SGP,HKG,841382
9589276,208,97,8819,2006,7682.0,0.0,1.902737,0.593294,SWE,HKG,841382
9589277,231,97,8819,2006,5581.0,0.0,1.666643,-0.121679,USA,HKG,841382
9589278,236,97,8819,2006,0.0,10859.0,-0.340972,-1.015462,VEN,HKG,841382
9589279,239,97,8819,2006,0.0,17126.0,-0.342779,1.033318,VNM,HKG,841382
9589280,249,97,8819,2006,128442.0,0.0,1.619915,1.2289940000000001,TWN,HKG,841382
9589281,32,99,8819,2006,12719.0,0.0,0.633889,1.1474520000000001,BRA,HND,841382
9589282,43,99,8819,2006,2884.0,0.0,0.737888,2.54966,CHN,HND,841382
9589283,49,99,8819,2006,8314.0,0.0,0.129887,0.44371700000000003,COL,HND,841382
9589284,52,99,8819,2006,1695.0,0.0,0.042663,-0.376672,CRI,HND,841382
9589285,71,99,8819,2006,38605.0,0.0,0.9091370000000001,2.068166,ESP,HND,841382
9589286,93,99,8819,2006,10029.0,0.0,-0.28642199999999995,0.5868439999999999,GTM,HND,841382
9589287,114,99,8819,2006,2343.0,0.0,2.4348099999999997,0.082887,JPN,HND,841382
9589288,138,99,8819,2006,3137.0,0.0,1.047268,0.7142270000000001,MEX,HND,841382
9589289,169,99,8819,2006,15102.0,0.0,0.306664,0.638533,PAN,HND,841382
9589290,197,99,8819,2006,14427.0,0.0,-0.135312,0.140874,SLV,HND,841382
9589291,231,99,8819,2006,6328.0,0.0,1.666643,-0.121679,USA,HND,841382
9589292,236,99,8819,2006,9054.0,0.0,-0.340972,-1.015462,VEN,HND,841382
9589293,14,103,8819,2006,51412.0,29771.0,0.067166,0.373148,AUS,IDN,841382
9589294,32,103,8819,2006,9888.0,0.0,0.633889,1.1474520000000001,BRA,IDN,841382
9589295,39,103,8819,2006,19292.0,0.0,0.865685,1.1480489999999999,CAN,IDN,841382
9589296,41,103,8819,2006,952.0,0.0,2.052534,0.515523,CHE,IDN,841382
9589297,43,103,8819,2006,369703.0,0.0,0.737888,2.54966,CHN,IDN,841382
9589298,59,103,8819,2006,1520.0,0.0,1.564058,0.6023649999999999,CZE,IDN,841382
9589299,61,103,8819,2006,26043.0,1473.0,2.132566,-2.773669,DEU,IDN,841382
9589300,71,103,8819,2006,12449.0,0.0,0.9091370000000001,2.068166,ESP,IDN,841382
9589301,74,103,8819,2006,45131.0,0.0,1.864038,0.8193940000000001,FIN,IDN,841382
9589302,77,103,8819,2006,99428.0,0.0,1.47591,0.489466,FRA,IDN,841382
9589303,81,103,8819,2006,8062.0,0.0,1.824154,0.614424,GBR,IDN,841382
9589304,104,103,8819,2006,18275.0,0.0,0.285652,2.731318,IND,IDN,841382
9589305,111,103,8819,2006,725999.0,0.0,1.293779,0.93995,ITA,IDN,841382
9589306,113,103,8819,2006,0.0,3874.0,0.166718,0.331248,JOR,IDN,841382
9589307,114,103,8819,2006,1279686.0,7740.0,2.4348099999999997,0.082887,JPN,IDN,841382
9589308,121,103,8819,2006,107669.0,1452.0,1.5384309999999999,0.766628,KOR,IDN,841382
9589309,128,103,8819,2006,0.0,43273.0,-0.573767,0.305913,LKA,IDN,841382
9589310,138,103,8819,2006,49547.0,0.0,1.047268,0.7142270000000001,MEX,IDN,841382
9589311,143,103,8819,2006,0.0,62419.0,-1.543679,-1.145623,MMR,IDN,841382
9589312,151,103,8819,2006,0.0,11449.0,-0.311109,-0.07267,MUS,IDN,841382
9589313,153,103,8819,2006,51624.0,240595.0,0.7896569999999999,0.363625,MYS,IDN,841382
9589314,162,103,8819,2006,16173.0,0.0,1.192134,1.450852,NLD,IDN,841382
9589315,163,103,8819,2006,533751.0,0.0,1.0787930000000001,0.014051,NOR,IDN,841382
9589316,174,103,8819,2006,0.0,33262.0,0.161994,0.036631,PHL,IDN,841382
9589317,177,103,8819,2006,19046.0,0.0,0.991927,1.474418,POL,IDN,841382
9589318,183,103,8819,2006,0.0,138426.0,0.055777999999999994,-1.0379049999999999,QAT,IDN,841382
9589319,192,103,8819,2006,196076.0,565254.0,1.5377379999999998,0.503089,SGP,IDN,841382
9589320,208,103,8819,2006,13515.0,0.0,1.902737,0.593294,SWE,IDN,841382
9589321,216,103,8819,2006,112091.0,4763.0,0.568209,1.685343,THA,IDN,841382
9589322,231,103,8819,2006,241199.0,47919.0,1.666643,-0.121679,USA,IDN,841382
9589323,239,103,8819,2006,0.0,1143176.0,-0.342779,1.033318,VNM,IDN,841382
9589324,249,103,8819,2006,64173.0,28644.0,1.619915,1.2289940000000001,TWN,IDN,841382
9589325,7,104,8819,2006,0.0,14267.0,0.053903999999999994,-0.735124,ARE,IND,841382
9589326,9,104,8819,2006,0.0,1972.0,0.14539100000000002,-0.558014,ARM,IND,841382
9589327,14,104,8819,2006,0.0,9830.0,0.067166,0.373148,AUS,IND,841382
9589328,18,104,8819,2006,1578.0,0.0,1.2222540000000002,1.383027,BEL,IND,841382
9589329,35,104,8819,2006,0.0,5892.0,-0.016287,-0.561397,BTN,IND,841382
9589330,43,104,8819,2006,18916.0,0.0,0.737888,2.54966,CHN,IND,841382
9589331,59,104,8819,2006,31100.0,0.0,1.564058,0.6023649999999999,CZE,IND,841382
9589332,61,104,8819,2006,14335.0,2709.0,2.132566,-2.773669,DEU,IND,841382
9589333,66,104,8819,2006,0.0,909.0,-0.489962,-1.12456,DZA,IND,841382
9589334,68,104,8819,2006,0.0,1489.0,-0.182272,0.40222399999999997,EGY,IND,841382
9589335,69,104,8819,2006,0.0,24052.0,0.216725,-0.337624,ERI,IND,841382
9589336,71,104,8819,2006,24600.0,231098.0,0.9091370000000001,2.068166,ESP,IND,841382
9589337,74,104,8819,2006,918.0,0.0,1.864038,0.8193940000000001,FIN,IND,841382
9589338,77,104,8819,2006,0.0,13911.0,1.47591,0.489466,FRA,IND,841382
9589339,81,104,8819,2006,12546.0,7732.0,1.824154,0.614424,GBR,IND,841382
9589340,82,104,8819,2006,1876.0,0.0,0.076711,-0.47216099999999994,GEO,IND,841382
9589341,83,104,8819,2006,0.0,164491.0,-0.9934860000000001,-0.809318,GHA,IND,841382
9589342,85,104,8819,2006,0.0,3311.0,-1.8376720000000002,-1.229774,GIN,IND,841382
9589343,90,104,8819,2006,0.0,45922.0,0.261955,1.488958,GRC,IND,841382
9589344,103,104,8819,2006,0.0,18275.0,-0.21012399999999998,1.467838,IDN,IND,841382
9589345,107,104,8819,2006,0.0,63949.0,-0.391023,-0.767861,IRN,IND,841382
9589346,111,104,8819,2006,233898.0,0.0,1.293779,0.93995,ITA,IND,841382
9589347,116,104,8819,2006,0.0,3415.0,-0.38287899999999997,1.060286,KEN,IND,841382
9589348,121,104,8819,2006,11492.0,0.0,1.5384309999999999,0.766628,KOR,IND,841382
9589349,122,104,8819,2006,0.0,7782.0,-0.589823,-1.142795,KWT,IND,841382
9589350,128,104,8819,2006,0.0,12147.0,-0.573767,0.305913,LKA,IND,841382
9589351,142,104,8819,2006,1228.0,0.0,1.384411,0.093734,MLT,IND,841382
9589352,145,104,8819,2006,0.0,7481.0,-1.147217,-1.0734709999999998,MNG,IND,841382
9589353,147,104,8819,2006,0.0,21061.0,-1.0250629999999998,-1.067359,MOZ,IND,841382
9589354,148,104,8819,2006,0.0,2360.0,-1.72422,-1.2414399999999999,MRT,IND,841382
9589355,151,104,8819,2006,0.0,4389.0,-0.311109,-0.07267,MUS,IND,841382
9589356,152,104,8819,2006,0.0,112988.0,-1.145132,-1.0946209999999998,MWI,IND,841382
9589357,153,104,8819,2006,11986.0,7417.0,0.7896569999999999,0.363625,MYS,IND,841382
9589358,159,104,8819,2006,0.0,19618.0,-2.094353,-1.215025,NGA,IND,841382
9589359,164,104,8819,2006,0.0,4118.0,-0.29672600000000005,0.665077,NPL,IND,841382
9589360,183,104,8819,2006,0.0,14974.0,0.055777999999999994,-1.0379049999999999,QAT,IND,841382
9589361,188,104,8819,2006,0.0,190211.0,0.162432,-0.853059,SAU,IND,841382
9589362,190,104,8819,2006,0.0,13416.0,-1.873762,-1.278378,SDN,IND,841382
9589363,192,104,8819,2006,29402.0,5664.0,1.5377379999999998,0.503089,SGP,IND,841382
9589364,197,104,8819,2006,0.0,26314.0,-0.135312,0.140874,SLV,IND,841382
9589365,206,104,8819,2006,0.0,1916.0,1.291583,0.868317,SVK,IND,841382
9589366,208,104,8819,2006,24297.0,0.0,1.902737,0.593294,SWE,IND,841382
9589367,226,104,8819,2006,0.0,4576.0,-0.953097,0.159129,TZA,IND,841382
9589368,227,104,8819,2006,0.0,57919.0,-0.702511,-0.43976099999999996,UGA,IND,841382
9589369,231,104,8819,2006,16789.0,60237.0,1.666643,-0.121679,USA,IND,841382
9589370,236,104,8819,2006,0.0,1297.0,-0.340972,-1.015462,VEN,IND,841382
9589371,243,104,8819,2006,0.0,33981.0,-1.0407110000000002,-1.13042,YEM,IND,841382
9589372,246,104,8819,2006,0.0,1046.0,0.37964499999999995,1.466326,ZAF,IND,841382
9589373,249,104,8819,2006,1225.0,0.0,1.619915,1.2289940000000001,TWN,IND,841382
9589374,7,106,8819,2006,8910.0,0.0,0.053903999999999994,-0.735124,ARE,IRL,841382
9589375,15,106,8819,2006,33386.0,0.0,1.775669,0.192717,AUT,IRL,841382
9589376,18,106,8819,2006,128564.0,0.0,1.2222540000000002,1.383027,BEL,IRL,841382
9589377,41,106,8819,2006,8559.0,0.0,2.052534,0.515523,CHE,IRL,841382
9589378,43,106,8819,2006,14143.0,0.0,0.737888,2.54966,CHN,IRL,841382
9589379,59,106,8819,2006,3162.0,0.0,1.564058,0.6023649999999999,CZE,IRL,841382
9589380,61,106,8819,2006,1979.0,0.0,2.132566,-2.773669,DEU,IRL,841382
9589381,64,106,8819,2006,13383.0,0.0,1.2308700000000001,1.180914,DNK,IRL,841382
9589382,68,106,8819,2006,0.0,1796.0,-0.182272,0.40222399999999997,EGY,IRL,841382
9589383,71,106,8819,2006,4445.0,45660.0,0.9091370000000001,2.068166,ESP,IRL,841382
9589384,78,106,8819,2006,0.0,332.0,-0.117631,-0.69352,FRO,IRL,841382
9589385,81,106,8819,2006,80521.0,17816.0,1.824154,0.614424,GBR,IRL,841382
9589386,110,106,8819,2006,1402.0,0.0,1.3082129999999998,0.783845,ISR,IRL,841382
9589387,111,106,8819,2006,25104.0,1481.0,1.293779,0.93995,ITA,IRL,841382
9589388,121,106,8819,2006,1485.0,0.0,1.5384309999999999,0.766628,KOR,IRL,841382
9589389,131,106,8819,2006,3442.0,0.0,1.4345620000000001,0.8840819999999999,LUX,IRL,841382
9589390,142,106,8819,2006,23038.0,0.0,1.384411,0.093734,MLT,IRL,841382
9589391,162,106,8819,2006,8263.0,0.0,1.192134,1.450852,NLD,IRL,841382
9589392,163,106,8819,2006,0.0,60693.0,1.0787930000000001,0.014051,NOR,IRL,841382
9589393,231,106,8819,2006,284681.0,98529.0,1.666643,-0.121679,USA,IRL,841382
9589394,250,106,8819,2006,566256.0,0.0,0.711619,-0.41880200000000006,ANS,IRL,841382
9589395,8,110,8819,2006,0.0,5454.0,0.33055,0.665867,ARG,ISR,841382
9589396,43,110,8819,2006,13583.0,0.0,0.737888,2.54966,CHN,ISR,841382
9589397,58,110,8819,2006,0.0,2348.0,0.708267,-0.048096,CYP,ISR,841382
9589398,61,110,8819,2006,3651.0,0.0,2.132566,-2.773669,DEU,ISR,841382
9589399,71,110,8819,2006,3837.0,10366.0,0.9091370000000001,2.068166,ESP,ISR,841382
9589400,77,110,8819,2006,0.0,9298.0,1.47591,0.489466,FRA,ISR,841382
9589401,81,110,8819,2006,56085.0,20964.0,1.824154,0.614424,GBR,ISR,841382
9589402,102,110,8819,2006,8408.0,0.0,1.4034309999999999,0.835144,HUN,ISR,841382
9589403,106,110,8819,2006,0.0,1402.0,1.43804,0.06463200000000001,IRL,ISR,841382
9589404,111,110,8819,2006,1608044.0,0.0,1.293779,0.93995,ITA,ISR,841382
9589405,113,110,8819,2006,0.0,3656.0,0.166718,0.331248,JOR,ISR,841382
9589406,162,110,8819,2006,22775.0,0.0,1.192134,1.450852,NLD,ISR,841382
9589407,166,110,8819,2006,0.0,692.0,0.5371,0.8240209999999999,NZL,ISR,841382
9589408,179,110,8819,2006,2331.0,0.0,0.5723630000000001,1.92303,PRT,ISR,841382
9589409,206,110,8819,2006,7128.0,0.0,1.291583,0.868317,SVK,ISR,841382
9589410,208,110,8819,2006,1886.0,0.0,1.902737,0.593294,SWE,ISR,841382
9589411,224,110,8819,2006,0.0,17837.0,0.33971599999999996,2.193384,TUR,ISR,841382
9589412,231,110,8819,2006,3970.0,31050.0,1.666643,-0.121679,USA,ISR,841382
9589413,4,111,8819,2006,0.0,243854.0,-0.340932,-0.06302200000000001,ALB,ITA,841382
9589414,7,111,8819,2006,0.0,1951904.0,0.053903999999999994,-0.735124,ARE,ITA,841382
9589415,8,111,8819,2006,0.0,642736.0,0.33055,0.665867,ARG,ITA,841382
9589416,9,111,8819,2006,0.0,43020.0,0.14539100000000002,-0.558014,ARM,ITA,841382
9589417,14,111,8819,2006,0.0,373974.0,0.067166,0.373148,AUS,ITA,841382
9589418,15,111,8819,2006,3213.0,81616.0,1.775669,0.192717,AUT,ITA,841382
9589419,16,111,8819,2006,0.0,3333.0,-0.521304,-1.035764,AZE,ITA,841382
9589420,18,111,8819,2006,92545.0,192626.0,1.2222540000000002,1.383027,BEL,ITA,841382
9589421,19,111,8819,2006,0.0,5939.0,-0.8434360000000001,-0.798307,BEN,ITA,841382
9589422,22,111,8819,2006,0.0,2264.0,-1.0305309999999999,-0.80937,BGD,ITA,841382
9589423,23,111,8819,2006,0.0,326873.0,0.414563,1.378005,BGR,ITA,841382
9589424,24,111,8819,2006,0.0,85765.0,0.172724,-0.9449879999999999,BHR,ITA,841382
9589425,26,111,8819,2006,0.0,30568.0,0.40788800000000003,0.562854,BIH,ITA,841382
9589426,28,111,8819,2006,0.0,30965.0,0.919853,0.384409,BLR,ITA,841382
9589427,31,111,8819,2006,0.0,105340.0,-0.805185,-0.754091,BOL,ITA,841382
9589428,32,111,8819,2006,0.0,263652.0,0.633889,1.1474520000000001,BRA,ITA,841382
9589429,33,111,8819,2006,0.0,9498.0,0.977267,0.6046560000000001,BRB,ITA,841382
9589430,34,111,8819,2006,0.0,1786.0,-1.331831,-0.9170940000000001,BRN,ITA,841382
9589431,37,111,8819,2006,0.0,7327.0,-1.0541459999999998,-1.179286,BWA,ITA,841382
9589432,39,111,8819,2006,18796.0,658480.0,0.865685,1.1480489999999999,CAN,ITA,841382
9589433,41,111,8819,2006,37830.0,401829.0,2.052534,0.515523,CHE,ITA,841382
9589434,42,111,8819,2006,1518.0,273227.0,-0.188298,-0.46778000000000003,CHL,ITA,841382
9589435,43,111,8819,2006,1315710.0,209224.0,0.737888,2.54966,CHN,ITA,841382
9589436,44,111,8819,2006,0.0,2884.0,-0.8918530000000001,-0.8145819999999999,CIV,ITA,841382
9589437,45,111,8819,2006,0.0,6158.0,-1.358873,-1.1511360000000002,CMR,ITA,841382
9589438,46,111,8819,2006,0.0,18007.0,-1.542137,-1.086494,COD,ITA,841382
9589439,49,111,8819,2006,0.0,512300.0,0.129887,0.44371700000000003,COL,ITA,841382
9589440,51,111,8819,2006,0.0,14519.0,0.369814,-0.414812,CPV,ITA,841382
9589441,52,111,8819,2006,0.0,10934.0,0.042663,-0.376672,CRI,ITA,841382
9589442,54,111,8819,2006,0.0,575330.0,0.204039,-0.5183260000000001,CUB,ITA,841382
9589443,58,111,8819,2006,0.0,330188.0,0.708267,-0.048096,CYP,ITA,841382
9589444,59,111,8819,2006,8823.0,101013.0,1.564058,0.6023649999999999,CZE,ITA,841382
9589445,61,111,8819,2006,103139.0,153770.0,2.132566,-2.773669,DEU,ITA,841382
9589446,63,111,8819,2006,0.0,148211.0,0.10759400000000001,-0.159215,DMA,ITA,841382
9589447,64,111,8819,2006,0.0,15210.0,1.2308700000000001,1.180914,DNK,ITA,841382
9589448,65,111,8819,2006,0.0,16705.0,-0.24073699999999998,0.049093,DOM,ITA,841382
9589449,66,111,8819,2006,2881.0,1715526.0,-0.489962,-1.12456,DZA,ITA,841382
9589450,67,111,8819,2006,0.0,634311.0,-0.878583,-0.9462010000000001,ECU,ITA,841382
9589451,68,111,8819,2006,1788.0,1150066.0,-0.182272,0.40222399999999997,EGY,ITA,841382
9589452,69,111,8819,2006,0.0,60468.0,0.216725,-0.337624,ERI,ITA,841382
9589453,71,111,8819,2006,113694.0,572334.0,0.9091370000000001,2.068166,ESP,ITA,841382
9589454,72,111,8819,2006,0.0,2979.0,0.6426350000000001,0.925003,EST,ITA,841382
9589455,73,111,8819,2006,0.0,443971.0,-0.9557180000000001,-0.9153479999999999,ETH,ITA,841382
9589456,74,111,8819,2006,0.0,9220.0,1.864038,0.8193940000000001,FIN,ITA,841382
9589457,77,111,8819,2006,48947.0,935987.0,1.47591,0.489466,FRA,ITA,841382
9589458,81,111,8819,2006,147920.0,183259.0,1.824154,0.614424,GBR,ITA,841382
9589459,82,111,8819,2006,0.0,24870.0,0.076711,-0.47216099999999994,GEO,ITA,841382
9589460,83,111,8819,2006,0.0,165976.0,-0.9934860000000001,-0.809318,GHA,ITA,841382
9589461,85,111,8819,2006,0.0,78797.0,-1.8376720000000002,-1.229774,GIN,ITA,841382
9589462,87,111,8819,2006,0.0,4031.0,-0.378539,-0.48427200000000004,GMB,ITA,841382
9589463,88,111,8819,2006,0.0,3040.0,-1.528471,-0.926991,GNB,ITA,841382
9589464,89,111,8819,2006,0.0,1388.0,-2.188173,-0.8631700000000001,GNQ,ITA,841382
9589465,90,111,8819,2006,10081.0,161557.0,0.261955,1.488958,GRC,ITA,841382
9589466,93,111,8819,2006,0.0,17565.0,-0.28642199999999995,0.5868439999999999,GTM,ITA,841382
9589467,97,111,8819,2006,0.0,255261.0,0.5776319999999999,2.076782,HKG,ITA,841382
9589468,100,111,8819,2006,1336.0,264924.0,0.755787,0.992614,HRV,ITA,841382
9589469,102,111,8819,2006,0.0,19157.0,1.4034309999999999,0.835144,HUN,ITA,841382
9589470,103,111,8819,2006,0.0,725999.0,-0.21012399999999998,1.467838,IDN,ITA,841382
9589471,104,111,8819,2006,0.0,233898.0,0.285652,2.731318,IND,ITA,841382
9589472,106,111,8819,2006,1481.0,25104.0,1.43804,0.06463200000000001,IRL,ITA,841382
9589473,107,111,8819,2006,0.0,820078.0,-0.391023,-0.767861,IRN,ITA,841382
9589474,108,111,8819,2006,0.0,234404.0,-2.029727,-0.8634219999999999,IRQ,ITA,841382
9589475,109,111,8819,2006,0.0,9687.0,0.170234,-0.302203,ISL,ITA,841382
9589476,110,111,8819,2006,0.0,1608044.0,1.3082129999999998,0.783845,ISR,ITA,841382
9589477,112,111,8819,2006,0.0,52233.0,-0.5122720000000001,-0.9109809999999999,JAM,ITA,841382
9589478,113,111,8819,2006,0.0,520269.0,0.166718,0.331248,JOR,ITA,841382
9589479,114,111,8819,2006,4849.0,686647.0,2.4348099999999997,0.082887,JPN,ITA,841382
9589480,115,111,8819,2006,0.0,193558.0,0.038229,-0.579421,KAZ,ITA,841382
9589481,116,111,8819,2006,0.0,120606.0,-0.38287899999999997,1.060286,KEN,ITA,841382
9589482,117,111,8819,2006,0.0,4017.0,-0.034069,0.136694,KGZ,ITA,841382
9589483,121,111,8819,2006,11865.0,36742.0,1.5384309999999999,0.766628,KOR,ITA,841382
9589484,122,111,8819,2006,0.0,118751.0,-0.589823,-1.142795,KWT,ITA,841382
9589485,124,111,8819,2006,0.0,1185250.0,0.3861,1.586183,LBN,ITA,841382
9589486,126,111,8819,2006,0.0,3836008.0,-0.518724,-1.142074,LBY,ITA,841382
9589487,127,111,8819,2006,0.0,20001.0,1.118348,-0.17618,LCA,ITA,841382
9589488,128,111,8819,2006,0.0,2639.0,-0.573767,0.305913,LKA,ITA,841382
9589489,130,111,8819,2006,0.0,2254.0,0.44063599999999997,1.163857,LTU,ITA,841382
9589490,131,111,8819,2006,2123.0,0.0,1.4345620000000001,0.8840819999999999,LUX,ITA,841382
9589491,132,111,8819,2006,0.0,14511.0,0.531375,0.9414170000000001,LVA,ITA,841382
9589492,134,111,8819,2006,0.0,266933.0,-0.547933,0.08257300000000001,MAR,ITA,841382
9589493,135,111,8819,2006,0.0,35000.0,-0.017707,0.135305,MDA,ITA,841382
9589494,136,111,8819,2006,0.0,8066.0,-1.024657,-0.393395,MDG,ITA,841382
9589495,138,111,8819,2006,0.0,267950.0,1.047268,0.7142270000000001,MEX,ITA,841382
9589496,140,111,8819,2006,0.0,97721.0,-0.21336,0.17674700000000002,MKD,ITA,841382
9589497,142,111,8819,2006,0.0,5683.0,1.384411,0.093734,MLT,ITA,841382
9589498,144,111,8819,2006,0.0,56369.0,0.130773,-0.24674699999999997,MNE,ITA,841382
9589499,145,111,8819,2006,0.0,7877.0,-1.147217,-1.0734709999999998,MNG,ITA,841382
9589500,147,111,8819,2006,0.0,116493.0,-1.0250629999999998,-1.067359,MOZ,ITA,841382
9589501,148,111,8819,2006,0.0,85377.0,-1.72422,-1.2414399999999999,MRT,ITA,841382
9589502,151,111,8819,2006,0.0,99474.0,-0.311109,-0.07267,MUS,ITA,841382
9589503,152,111,8819,2006,0.0,666.0,-1.145132,-1.0946209999999998,MWI,ITA,841382
9589504,153,111,8819,2006,0.0,200156.0,0.7896569999999999,0.363625,MYS,ITA,841382
9589505,156,111,8819,2006,0.0,15427.0,-0.135099,-0.7618779999999999,NCL,ITA,841382
9589506,157,111,8819,2006,0.0,1025.0,-0.554188,-0.708255,NER,ITA,841382
9589507,159,111,8819,2006,0.0,166174.0,-2.094353,-1.215025,NGA,ITA,841382
9589508,160,111,8819,2006,0.0,817.0,-0.998825,-0.893867,NIC,ITA,841382
9589509,162,111,8819,2006,1163788.0,194082.0,1.192134,1.450852,NLD,ITA,841382
9589510,163,111,8819,2006,18204.0,139428.0,1.0787930000000001,0.014051,NOR,ITA,841382
9589511,166,111,8819,2006,0.0,88353.0,0.5371,0.8240209999999999,NZL,ITA,841382
9589512,167,111,8819,2006,0.0,58299.0,-0.6373989999999999,-1.092554,OMN,ITA,841382
9589513,168,111,8819,2006,0.0,5606.0,-0.449333,0.563013,PAK,ITA,841382
9589514,169,111,8819,2006,0.0,68922.0,0.306664,0.638533,PAN,ITA,841382
9589515,173,111,8819,2006,4257.0,99678.0,-0.551095,0.044295,PER,ITA,841382
9589516,174,111,8819,2006,0.0,210370.0,0.161994,0.036631,PHL,ITA,841382
9589517,177,111,8819,2006,0.0,66398.0,0.991927,1.474418,POL,ITA,841382
9589518,179,111,8819,2006,0.0,91828.0,0.5723630000000001,1.92303,PRT,ITA,841382
9589519,180,111,8819,2006,0.0,227962.0,-0.520435,-0.7839119999999999,PRY,ITA,841382
9589520,183,111,8819,2006,0.0,146646.0,0.055777999999999994,-1.0379049999999999,QAT,ITA,841382
9589521,185,111,8819,2006,2429.0,2271254.0,0.550825,1.170744,ROU,ITA,841382
9589522,186,111,8819,2006,0.0,470704.0,0.801197,0.104683,RUS,ITA,841382
9589523,188,111,8819,2006,0.0,502477.0,0.162432,-0.853059,SAU,ITA,841382
9589524,190,111,8819,2006,0.0,265962.0,-1.873762,-1.278378,SDN,ITA,841382
9589525,191,111,8819,2006,0.0,15099.0,-0.364713,-0.183612,SEN,ITA,841382
9589526,192,111,8819,2006,1465.0,758963.0,1.5377379999999998,0.503089,SGP,ITA,841382
9589527,197,111,8819,2006,0.0,63246.0,-0.135312,0.140874,SLV,ITA,841382
9589528,201,111,8819,2006,0.0,1328874.0,0.547824,1.5588879999999998,SRB,ITA,841382
9589529,206,111,8819,2006,0.0,8686.0,1.291583,0.868317,SVK,ITA,841382
9589530,207,111,8819,2006,0.0,18345.0,1.5882370000000001,0.800719,SVN,ITA,841382
9589531,208,111,8819,2006,53155.0,36367.0,1.902737,0.593294,SWE,ITA,841382
9589532,212,111,8819,2006,0.0,160997.0,-0.588695,0.532487,SYR,ITA,841382
9589533,216,111,8819,2006,0.0,469041.0,0.568209,1.685343,THA,ITA,841382
9589534,219,111,8819,2006,0.0,4171.0,-1.155861,-1.200933,TKM,ITA,841382
9589535,222,111,8819,2006,0.0,2488.0,-0.20651399999999998,-1.024907,TTO,ITA,841382
9589536,223,111,8819,2006,0.0,560184.0,-0.013636,0.804752,TUN,ITA,841382
9589537,224,111,8819,2006,0.0,2019488.0,0.33971599999999996,2.193384,TUR,ITA,841382
9589538,226,111,8819,2006,0.0,3785.0,-0.953097,0.159129,TZA,ITA,841382
9589539,228,111,8819,2006,0.0,170061.0,0.7008439999999999,0.79656,UKR,ITA,841382
9589540,230,111,8819,2006,0.0,31503.0,0.234384,0.118878,URY,ITA,841382
9589541,231,111,8819,2006,79912.0,5594922.0,1.666643,-0.121679,USA,ITA,841382
9589542,236,111,8819,2006,0.0,434842.0,-0.340972,-1.015462,VEN,ITA,841382
9589543,239,111,8819,2006,0.0,483174.0,-0.342779,1.033318,VNM,ITA,841382
9589544,243,111,8819,2006,0.0,820108.0,-1.0407110000000002,-1.13042,YEM,ITA,841382
9589545,246,111,8819,2006,0.0,2374671.0,0.37964499999999995,1.466326,ZAF,ITA,841382
9589546,249,111,8819,2006,41154.0,130101.0,1.619915,1.2289940000000001,TWN,ITA,841382
9589547,250,111,8819,2006,0.0,5910.0,0.711619,-0.41880200000000006,ANS,ITA,841382
9589548,71,112,8819,2006,23777.0,0.0,0.9091370000000001,2.068166,ESP,JAM,841382
9589549,81,112,8819,2006,2851.0,0.0,1.824154,0.614424,GBR,JAM,841382
9589550,93,112,8819,2006,0.0,77015.0,-0.28642199999999995,0.5868439999999999,GTM,JAM,841382
9589551,111,112,8819,2006,52233.0,0.0,1.293779,0.93995,ITA,JAM,841382
9589552,169,112,8819,2006,23291.0,0.0,0.306664,0.638533,PAN,JAM,841382
9589553,231,112,8819,2006,14471.0,0.0,1.666643,-0.121679,USA,JAM,841382
9589554,236,112,8819,2006,4552.0,0.0,-0.340972,-1.015462,VEN,JAM,841382
9589555,7,114,8819,2006,0.0,14015.0,0.053903999999999994,-0.735124,ARE,JPN,841382
9589556,8,114,8819,2006,0.0,19894.0,0.33055,0.665867,ARG,JPN,841382
9589557,9,114,8819,2006,0.0,675.0,0.14539100000000002,-0.558014,ARM,JPN,841382
9589558,14,114,8819,2006,0.0,13065.0,0.067166,0.373148,AUS,JPN,841382
9589559,15,114,8819,2006,1094.0,0.0,1.775669,0.192717,AUT,JPN,841382
9589560,18,114,8819,2006,0.0,3418.0,1.2222540000000002,1.383027,BEL,JPN,841382
9589561,31,114,8819,2006,0.0,5465.0,-0.805185,-0.754091,BOL,JPN,841382
9589562,32,114,8819,2006,0.0,1443.0,0.633889,1.1474520000000001,BRA,JPN,841382
9589563,34,114,8819,2006,0.0,2110.0,-1.331831,-0.9170940000000001,BRN,JPN,841382
9589564,39,114,8819,2006,23911.0,30748.0,0.865685,1.1480489999999999,CAN,JPN,841382
9589565,42,114,8819,2006,0.0,4745.0,-0.188298,-0.46778000000000003,CHL,JPN,841382
9589566,43,114,8819,2006,61826.0,621614.0,0.737888,2.54966,CHN,JPN,841382
9589567,49,114,8819,2006,0.0,40021.0,0.129887,0.44371700000000003,COL,JPN,841382
9589568,52,114,8819,2006,0.0,90124.0,0.042663,-0.376672,CRI,JPN,841382
9589569,54,114,8819,2006,0.0,44005.0,0.204039,-0.5183260000000001,CUB,JPN,841382
9589570,58,114,8819,2006,0.0,7068.0,0.708267,-0.048096,CYP,JPN,841382
9589571,61,114,8819,2006,5727.0,192845.0,2.132566,-2.773669,DEU,JPN,841382
9589572,65,114,8819,2006,0.0,190487.0,-0.24073699999999998,0.049093,DOM,JPN,841382
9589573,67,114,8819,2006,0.0,1401.0,-0.878583,-0.9462010000000001,ECU,JPN,841382
9589574,71,114,8819,2006,2267.0,123772.0,0.9091370000000001,2.068166,ESP,JPN,841382
9589575,72,114,8819,2006,0.0,5975.0,0.6426350000000001,0.925003,EST,JPN,841382
9589576,74,114,8819,2006,174559.0,9471.0,1.864038,0.8193940000000001,FIN,JPN,841382
9589577,75,114,8819,2006,0.0,8280.0,-0.6554949999999999,-0.098284,FJI,JPN,841382
9589578,77,114,8819,2006,1223.0,169131.0,1.47591,0.489466,FRA,JPN,841382
9589579,81,114,8819,2006,241956.0,39429.0,1.824154,0.614424,GBR,JPN,841382
9589580,97,114,8819,2006,0.0,14885.0,0.5776319999999999,2.076782,HKG,JPN,841382
9589581,99,114,8819,2006,0.0,2343.0,-0.672074,-0.472138,HND,JPN,841382
9589582,103,114,8819,2006,7740.0,1279686.0,-0.21012399999999998,1.467838,IDN,JPN,841382
9589583,107,114,8819,2006,0.0,1349579.0,-0.391023,-0.767861,IRN,JPN,841382
9589584,111,114,8819,2006,686647.0,4849.0,1.293779,0.93995,ITA,JPN,841382
9589585,115,114,8819,2006,0.0,6915.0,0.038229,-0.579421,KAZ,JPN,841382
9589586,118,114,8819,2006,0.0,1162.0,-1.323365,-1.185827,KHM,JPN,841382
9589587,121,114,8819,2006,0.0,6103.0,1.5384309999999999,0.766628,KOR,JPN,841382
9589588,122,114,8819,2006,0.0,773184.0,-0.589823,-1.142795,KWT,JPN,841382
9589589,135,114,8819,2006,0.0,375.0,-0.017707,0.135305,MDA,JPN,841382
9589590,136,114,8819,2006,0.0,4754.0,-1.024657,-0.393395,MDG,JPN,841382
9589591,138,114,8819,2006,996.0,51706.0,1.047268,0.7142270000000001,MEX,JPN,841382
9589592,140,114,8819,2006,0.0,247.0,-0.21336,0.17674700000000002,MKD,JPN,841382
9589593,145,114,8819,2006,0.0,15525.0,-1.147217,-1.0734709999999998,MNG,JPN,841382
9589594,153,114,8819,2006,0.0,153313.0,0.7896569999999999,0.363625,MYS,JPN,841382
9589595,160,114,8819,2006,0.0,10403.0,-0.998825,-0.893867,NIC,JPN,841382
9589596,162,114,8819,2006,95118.0,12465.0,1.192134,1.450852,NLD,JPN,841382
9589597,163,114,8819,2006,0.0,4170.0,1.0787930000000001,0.014051,NOR,JPN,841382
9589598,166,114,8819,2006,2878.0,0.0,0.5371,0.8240209999999999,NZL,JPN,841382
9589599,168,114,8819,2006,0.0,1051.0,-0.449333,0.563013,PAK,JPN,841382
9589600,169,114,8819,2006,0.0,50083.0,0.306664,0.638533,PAN,JPN,841382
9589601,173,114,8819,2006,0.0,286929.0,-0.551095,0.044295,PER,JPN,841382
9589602,174,114,8819,2006,0.0,39881.0,0.161994,0.036631,PHL,JPN,841382
9589603,182,114,8819,2006,0.0,1794.0,-0.213329,-0.743599,PYF,JPN,841382
9589604,183,114,8819,2006,0.0,4060182.0,0.055777999999999994,-1.0379049999999999,QAT,JPN,841382
9589605,185,114,8819,2006,0.0,212135.0,0.550825,1.170744,ROU,JPN,841382
9589606,186,114,8819,2006,0.0,5764458.0,0.801197,0.104683,RUS,JPN,841382
9589607,188,114,8819,2006,0.0,920998.0,0.162432,-0.853059,SAU,JPN,841382
9589608,191,114,8819,2006,0.0,2338.0,-0.364713,-0.183612,SEN,JPN,841382
9589609,192,114,8819,2006,68852.0,6908.0,1.5377379999999998,0.503089,SGP,JPN,841382
9589610,208,114,8819,2006,108474.0,1697.0,1.902737,0.593294,SWE,JPN,841382
9589611,216,114,8819,2006,9864.0,54050.0,0.568209,1.685343,THA,JPN,841382
9589612,222,114,8819,2006,0.0,6478.0,-0.20651399999999998,-1.024907,TTO,JPN,841382
9589613,224,114,8819,2006,0.0,12442.0,0.33971599999999996,2.193384,TUR,JPN,841382
9589614,227,114,8819,2006,0.0,1137.0,-0.702511,-0.43976099999999996,UGA,JPN,841382
9589615,228,114,8819,2006,0.0,14327.0,0.7008439999999999,0.79656,UKR,JPN,841382
9589616,231,114,8819,2006,15049.0,30456.0,1.666643,-0.121679,USA,JPN,841382
9589617,236,114,8819,2006,0.0,175454.0,-0.340972,-1.015462,VEN,JPN,841382
9589618,239,114,8819,2006,10654.0,230565.0,-0.342779,1.033318,VNM,JPN,841382
9589619,243,114,8819,2006,0.0,148805.0,-1.0407110000000002,-1.13042,YEM,JPN,841382
9589620,246,114,8819,2006,0.0,1296.0,0.37964499999999995,1.466326,ZAF,JPN,841382
9589621,249,114,8819,2006,22606.0,250052.0,1.619915,1.2289940000000001,TWN,JPN,841382
9589622,43,118,8819,2006,11814.0,0.0,0.737888,2.54966,CHN,KHM,841382
9589623,114,118,8819,2006,1162.0,0.0,2.4348099999999997,0.082887,JPN,KHM,841382
9589624,192,118,8819,2006,8240.0,0.0,1.5377379999999998,0.503089,SGP,KHM,841382
9589625,216,118,8819,2006,18779.0,0.0,0.568209,1.685343,THA,KHM,841382
9589626,8,121,8819,2006,0.0,1323.0,0.33055,0.665867,ARG,KOR,841382
9589627,14,121,8819,2006,32938.0,9778.0,0.067166,0.373148,AUS,KOR,841382
9589628,15,121,8819,2006,1617695.0,0.0,1.775669,0.192717,AUT,KOR,841382
9589629,34,121,8819,2006,0.0,1939.0,-1.331831,-0.9170940000000001,BRN,KOR,841382
9589630,42,121,8819,2006,0.0,4527.0,-0.188298,-0.46778000000000003,CHL,KOR,841382
9589631,43,121,8819,2006,107378.0,40138.0,0.737888,2.54966,CHN,KOR,841382
9589632,49,121,8819,2006,0.0,17205.0,0.129887,0.44371700000000003,COL,KOR,841382
9589633,52,121,8819,2006,0.0,8470.0,0.042663,-0.376672,CRI,KOR,841382
9589634,54,121,8819,2006,0.0,2218.0,0.204039,-0.5183260000000001,CUB,KOR,841382
9589635,61,121,8819,2006,0.0,20836.0,2.132566,-2.773669,DEU,KOR,841382
9589636,64,121,8819,2006,92440.0,0.0,1.2308700000000001,1.180914,DNK,KOR,841382
9589637,65,121,8819,2006,0.0,1426.0,-0.24073699999999998,0.049093,DOM,KOR,841382
9589638,71,121,8819,2006,70775.0,1628.0,0.9091370000000001,2.068166,ESP,KOR,841382
9589639,77,121,8819,2006,0.0,5884.0,1.47591,0.489466,FRA,KOR,841382
9589640,81,121,8819,2006,16057.0,0.0,1.824154,0.614424,GBR,KOR,841382
9589641,103,121,8819,2006,1452.0,107669.0,-0.21012399999999998,1.467838,IDN,KOR,841382
9589642,104,121,8819,2006,0.0,11492.0,0.285652,2.731318,IND,KOR,841382
9589643,106,121,8819,2006,0.0,1485.0,1.43804,0.06463200000000001,IRL,KOR,841382
9589644,111,121,8819,2006,36742.0,11865.0,1.293779,0.93995,ITA,KOR,841382
9589645,114,121,8819,2006,6103.0,0.0,2.4348099999999997,0.082887,JPN,KOR,841382
9589646,138,121,8819,2006,0.0,4299.0,1.047268,0.7142270000000001,MEX,KOR,841382
9589647,145,121,8819,2006,0.0,7039.0,-1.147217,-1.0734709999999998,MNG,KOR,841382
9589648,153,121,8819,2006,5471.0,3438.0,0.7896569999999999,0.363625,MYS,KOR,841382
9589649,162,121,8819,2006,0.0,27107.0,1.192134,1.450852,NLD,KOR,841382
9589650,174,121,8819,2006,0.0,17985.0,0.161994,0.036631,PHL,KOR,841382
9589651,183,121,8819,2006,0.0,18529.0,0.055777999999999994,-1.0379049999999999,QAT,KOR,841382
9589652,185,121,8819,2006,0.0,26379.0,0.550825,1.170744,ROU,KOR,841382
9589653,188,121,8819,2006,0.0,486007.0,0.162432,-0.853059,SAU,KOR,841382
9589654,192,121,8819,2006,10799.0,1449.0,1.5377379999999998,0.503089,SGP,KOR,841382
9589655,208,121,8819,2006,19244.0,0.0,1.902737,0.593294,SWE,KOR,841382
9589656,239,121,8819,2006,0.0,60724.0,-0.342779,1.033318,VNM,KOR,841382
9589657,243,121,8819,2006,0.0,480170.0,-1.0407110000000002,-1.13042,YEM,KOR,841382
9589658,249,121,8819,2006,12632.0,18876.0,1.619915,1.2289940000000001,TWN,KOR,841382
9589659,64,128,8819,2006,21674.0,0.0,1.2308700000000001,1.180914,DNK,LKA,841382
9589660,81,128,8819,2006,1519.0,0.0,1.824154,0.614424,GBR,LKA,841382
9589661,103,128,8819,2006,43273.0,0.0,-0.21012399999999998,1.467838,IDN,LKA,841382
9589662,104,128,8819,2006,12147.0,0.0,0.285652,2.731318,IND,LKA,841382
9589663,111,128,8819,2006,2639.0,0.0,1.293779,0.93995,ITA,LKA,841382
9589664,192,128,8819,2006,11407.0,0.0,1.5377379999999998,0.503089,SGP,LKA,841382
9589665,216,128,8819,2006,4559.0,0.0,0.568209,1.685343,THA,LKA,841382
9589666,231,128,8819,2006,994.0,0.0,1.666643,-0.121679,USA,LKA,841382
9589667,249,128,8819,2006,1704.0,0.0,1.619915,1.2289940000000001,TWN,LKA,841382
9589668,8,138,8819,2006,4805.0,0.0,0.33055,0.665867,ARG,MEX,841382
9589669,14,138,8819,2006,2264.0,0.0,0.067166,0.373148,AUS,MEX,841382
9589670,29,138,8819,2006,0.0,2015.0,-0.584902,-0.82437,BLZ,MEX,841382
9589671,32,138,8819,2006,3462.0,0.0,0.633889,1.1474520000000001,BRA,MEX,841382
9589672,39,138,8819,2006,5205.0,0.0,0.865685,1.1480489999999999,CAN,MEX,841382
9589673,41,138,8819,2006,7721.0,9602.0,2.052534,0.515523,CHE,MEX,841382
9589674,43,138,8819,2006,74721.0,0.0,0.737888,2.54966,CHN,MEX,841382
9589675,49,138,8819,2006,0.0,11857.0,0.129887,0.44371700000000003,COL,MEX,841382
9589676,52,138,8819,2006,0.0,14870.0,0.042663,-0.376672,CRI,MEX,841382
9589677,54,138,8819,2006,0.0,25756.0,0.204039,-0.5183260000000001,CUB,MEX,841382
9589678,61,138,8819,2006,205910.0,10249.0,2.132566,-2.773669,DEU,MEX,841382
9589679,64,138,8819,2006,19017.0,0.0,1.2308700000000001,1.180914,DNK,MEX,841382
9589680,65,138,8819,2006,0.0,37653.0,-0.24073699999999998,0.049093,DOM,MEX,841382
9589681,71,138,8819,2006,171504.0,1282.0,0.9091370000000001,2.068166,ESP,MEX,841382
9589682,77,138,8819,2006,37131.0,0.0,1.47591,0.489466,FRA,MEX,841382
9589683,81,138,8819,2006,16937.0,0.0,1.824154,0.614424,GBR,MEX,841382
9589684,93,138,8819,2006,2497.0,56468.0,-0.28642199999999995,0.5868439999999999,GTM,MEX,841382
9589685,97,138,8819,2006,5912.0,0.0,0.5776319999999999,2.076782,HKG,MEX,841382
9589686,99,138,8819,2006,0.0,3137.0,-0.672074,-0.472138,HND,MEX,841382
9589687,103,138,8819,2006,0.0,49547.0,-0.21012399999999998,1.467838,IDN,MEX,841382
9589688,111,138,8819,2006,267950.0,0.0,1.293779,0.93995,ITA,MEX,841382
9589689,114,138,8819,2006,51706.0,996.0,2.4348099999999997,0.082887,JPN,MEX,841382
9589690,121,138,8819,2006,4299.0,0.0,1.5384309999999999,0.766628,KOR,MEX,841382
9589691,160,138,8819,2006,0.0,46362.0,-0.998825,-0.893867,NIC,MEX,841382
9589692,169,138,8819,2006,30482.0,5123.0,0.306664,0.638533,PAN,MEX,841382
9589693,173,138,8819,2006,0.0,2866.0,-0.551095,0.044295,PER,MEX,841382
9589694,188,138,8819,2006,0.0,4836.0,0.162432,-0.853059,SAU,MEX,841382
9589695,197,138,8819,2006,0.0,13370.0,-0.135312,0.140874,SLV,MEX,841382
9589696,208,138,8819,2006,84410.0,0.0,1.902737,0.593294,SWE,MEX,841382
9589697,216,138,8819,2006,0.0,1650.0,0.568209,1.685343,THA,MEX,841382
9589698,224,138,8819,2006,1477.0,0.0,0.33971599999999996,2.193384,TUR,MEX,841382
9589699,231,138,8819,2006,1386844.0,1532336.0,1.666643,-0.121679,USA,MEX,841382
9589700,236,138,8819,2006,0.0,21207.0,-0.340972,-1.015462,VEN,MEX,841382
9589701,249,138,8819,2006,53623.0,0.0,1.619915,1.2289940000000001,TWN,MEX,841382
9589702,250,138,8819,2006,11154.0,0.0,0.711619,-0.41880200000000006,ANS,MEX,841382
9589703,14,153,8819,2006,29429.0,1883.0,0.067166,0.373148,AUS,MYS,841382
9589704,15,153,8819,2006,4164.0,0.0,1.775669,0.192717,AUT,MYS,841382
9589705,34,153,8819,2006,2691.0,2875.0,-1.331831,-0.9170940000000001,BRN,MYS,841382
9589706,39,153,8819,2006,16296.0,0.0,0.865685,1.1480489999999999,CAN,MYS,841382
9589707,41,153,8819,2006,10779.0,0.0,2.052534,0.515523,CHE,MYS,841382
9589708,43,153,8819,2006,46026.0,0.0,0.737888,2.54966,CHN,MYS,841382
9589709,61,153,8819,2006,831859.0,0.0,2.132566,-2.773669,DEU,MYS,841382
9589710,64,153,8819,2006,15328.0,0.0,1.2308700000000001,1.180914,DNK,MYS,841382
9589711,71,153,8819,2006,6546.0,0.0,0.9091370000000001,2.068166,ESP,MYS,841382
9589712,74,153,8819,2006,1710.0,0.0,1.864038,0.8193940000000001,FIN,MYS,841382
9589713,77,153,8819,2006,427567.0,0.0,1.47591,0.489466,FRA,MYS,841382
9589714,81,153,8819,2006,50799.0,87578.0,1.824154,0.614424,GBR,MYS,841382
9589715,103,153,8819,2006,240595.0,51624.0,-0.21012399999999998,1.467838,IDN,MYS,841382
9589716,104,153,8819,2006,7417.0,11986.0,0.285652,2.731318,IND,MYS,841382
9589717,111,153,8819,2006,200156.0,0.0,1.293779,0.93995,ITA,MYS,841382
9589718,114,153,8819,2006,153313.0,0.0,2.4348099999999997,0.082887,JPN,MYS,841382
9589719,121,153,8819,2006,3438.0,5471.0,1.5384309999999999,0.766628,KOR,MYS,841382
9589720,122,153,8819,2006,0.0,17909.0,-0.589823,-1.142795,KWT,MYS,841382
9589721,162,153,8819,2006,3192.0,0.0,1.192134,1.450852,NLD,MYS,841382
9589722,176,153,8819,2006,0.0,2626.0,-1.89409,-1.234731,PNG,MYS,841382
9589723,179,153,8819,2006,0.0,5562.0,0.5723630000000001,1.92303,PRT,MYS,841382
9589724,190,153,8819,2006,0.0,3486.0,-1.873762,-1.278378,SDN,MYS,841382
9589725,192,153,8819,2006,146452.0,100797.0,1.5377379999999998,0.503089,SGP,MYS,841382
9589726,208,153,8819,2006,28044.0,0.0,1.902737,0.593294,SWE,MYS,841382
9589727,209,153,8819,2006,5361.0,0.0,0.750674,0.221306,SWZ,MYS,841382
9589728,231,153,8819,2006,343328.0,0.0,1.666643,-0.121679,USA,MYS,841382
9589729,239,153,8819,2006,0.0,10272.0,-0.342779,1.033318,VNM,MYS,841382
9589730,249,153,8819,2006,6665.0,1604.0,1.619915,1.2289940000000001,TWN,MYS,841382
9589731,32,160,8819,2006,2671.0,0.0,0.633889,1.1474520000000001,BRA,NIC,841382
9589732,43,160,8819,2006,14509.0,0.0,0.737888,2.54966,CHN,NIC,841382
9589733,52,160,8819,2006,1984.0,0.0,0.042663,-0.376672,CRI,NIC,841382
9589734,71,160,8819,2006,858.0,0.0,0.9091370000000001,2.068166,ESP,NIC,841382
9589735,93,160,8819,2006,8761.0,0.0,-0.28642199999999995,0.5868439999999999,GTM,NIC,841382
9589736,111,160,8819,2006,817.0,0.0,1.293779,0.93995,ITA,NIC,841382
9589737,114,160,8819,2006,10403.0,0.0,2.4348099999999997,0.082887,JPN,NIC,841382
9589738,138,160,8819,2006,46362.0,0.0,1.047268,0.7142270000000001,MEX,NIC,841382
9589739,169,160,8819,2006,15470.0,0.0,0.306664,0.638533,PAN,NIC,841382
9589740,197,160,8819,2006,2144.0,0.0,-0.135312,0.140874,SLV,NIC,841382
9589741,208,160,8819,2006,7973.0,0.0,1.902737,0.593294,SWE,NIC,841382
9589742,216,160,8819,2006,13340.0,0.0,0.568209,1.685343,THA,NIC,841382
9589743,231,160,8819,2006,57527.0,0.0,1.666643,-0.121679,USA,NIC,841382
9589744,239,160,8819,2006,3614.0,0.0,-0.342779,1.033318,VNM,NIC,841382
9589745,249,160,8819,2006,1433.0,0.0,1.619915,1.2289940000000001,TWN,NIC,841382
9589746,0,162,8819,2006,0.0,5025.0,0.15112799999999998,-0.752631,ABW,NLD,841382
9589747,2,162,8819,2006,0.0,27640.0,-2.0822979999999998,-1.176767,AGO,NLD,841382
9589748,6,162,8819,2006,0.0,109016.0,0.251825,-0.629035,ANT,NLD,841382
9589749,7,162,8819,2006,0.0,195280.0,0.053903999999999994,-0.735124,ARE,NLD,841382
9589750,14,162,8819,2006,0.0,3141.0,0.067166,0.373148,AUS,NLD,841382
9589751,15,162,8819,2006,0.0,95209.0,1.775669,0.192717,AUT,NLD,841382
9589752,18,162,8819,2006,44472.0,75975.0,1.2222540000000002,1.383027,BEL,NLD,841382
9589753,23,162,8819,2006,0.0,10868.0,0.414563,1.378005,BGR,NLD,841382
9589754,34,162,8819,2006,0.0,4370.0,-1.331831,-0.9170940000000001,BRN,NLD,841382
9589755,39,162,8819,2006,0.0,43532.0,0.865685,1.1480489999999999,CAN,NLD,841382
9589756,41,162,8819,2006,89391.0,244587.0,2.052534,0.515523,CHE,NLD,841382
9589757,43,162,8819,2006,55132.0,100844.0,0.737888,2.54966,CHN,NLD,841382
9589758,44,162,8819,2006,1246.0,1542.0,-0.8918530000000001,-0.8145819999999999,CIV,NLD,841382
9589759,49,162,8819,2006,0.0,14490.0,0.129887,0.44371700000000003,COL,NLD,841382
9589760,51,162,8819,2006,0.0,1308.0,0.369814,-0.414812,CPV,NLD,841382
9589761,52,162,8819,2006,0.0,794.0,0.042663,-0.376672,CRI,NLD,841382
9589762,54,162,8819,2006,0.0,6049.0,0.204039,-0.5183260000000001,CUB,NLD,841382
9589763,59,162,8819,2006,4485.0,77045.0,1.564058,0.6023649999999999,CZE,NLD,841382
9589764,61,162,8819,2006,168633.0,9760.0,2.132566,-2.773669,DEU,NLD,841382
9589765,64,162,8819,2006,260145.0,2546.0,1.2308700000000001,1.180914,DNK,NLD,841382
9589766,65,162,8819,2006,0.0,9022.0,-0.24073699999999998,0.049093,DOM,NLD,841382
9589767,66,162,8819,2006,0.0,920369.0,-0.489962,-1.12456,DZA,NLD,841382
9589768,67,162,8819,2006,0.0,1600.0,-0.878583,-0.9462010000000001,ECU,NLD,841382
9589769,71,162,8819,2006,0.0,1096600.0,0.9091370000000001,2.068166,ESP,NLD,841382
9589770,77,162,8819,2006,1228.0,59350.0,1.47591,0.489466,FRA,NLD,841382
9589771,81,162,8819,2006,2231.0,90237.0,1.824154,0.614424,GBR,NLD,841382
9589772,96,162,8819,2006,0.0,3894.0,-0.813775,-0.8000649999999999,GUY,NLD,841382
9589773,100,162,8819,2006,0.0,59465.0,0.755787,0.992614,HRV,NLD,841382
9589774,103,162,8819,2006,0.0,16173.0,-0.21012399999999998,1.467838,IDN,NLD,841382
9589775,106,162,8819,2006,0.0,8263.0,1.43804,0.06463200000000001,IRL,NLD,841382
9589776,107,162,8819,2006,0.0,41435.0,-0.391023,-0.767861,IRN,NLD,841382
9589777,109,162,8819,2006,0.0,14686.0,0.170234,-0.302203,ISL,NLD,841382
9589778,110,162,8819,2006,0.0,22775.0,1.3082129999999998,0.783845,ISR,NLD,841382
9589779,111,162,8819,2006,194082.0,1163788.0,1.293779,0.93995,ITA,NLD,841382
9589780,113,162,8819,2006,0.0,14164.0,0.166718,0.331248,JOR,NLD,841382
9589781,114,162,8819,2006,12465.0,95118.0,2.4348099999999997,0.082887,JPN,NLD,841382
9589782,115,162,8819,2006,0.0,61890.0,0.038229,-0.579421,KAZ,NLD,841382
9589783,121,162,8819,2006,27107.0,0.0,1.5384309999999999,0.766628,KOR,NLD,841382
9589784,122,162,8819,2006,0.0,1474.0,-0.589823,-1.142795,KWT,NLD,841382
9589785,130,162,8819,2006,0.0,456023.0,0.44063599999999997,1.163857,LTU,NLD,841382
9589786,131,162,8819,2006,0.0,3879.0,1.4345620000000001,0.8840819999999999,LUX,NLD,841382
9589787,134,162,8819,2006,0.0,23919.0,-0.547933,0.08257300000000001,MAR,NLD,841382
9589788,142,162,8819,2006,0.0,5741.0,1.384411,0.093734,MLT,NLD,841382
9589789,151,162,8819,2006,0.0,666202.0,-0.311109,-0.07267,MUS,NLD,841382
9589790,152,162,8819,2006,0.0,5858.0,-1.145132,-1.0946209999999998,MWI,NLD,841382
9589791,153,162,8819,2006,0.0,3192.0,0.7896569999999999,0.363625,MYS,NLD,841382
9589792,156,162,8819,2006,0.0,4455.0,-0.135099,-0.7618779999999999,NCL,NLD,841382
9589793,159,162,8819,2006,0.0,25913.0,-2.094353,-1.215025,NGA,NLD,841382
9589794,163,162,8819,2006,106499.0,10966.0,1.0787930000000001,0.014051,NOR,NLD,841382
9589795,166,162,8819,2006,15119.0,1104.0,0.5371,0.8240209999999999,NZL,NLD,841382
9589796,167,162,8819,2006,0.0,2214.0,-0.6373989999999999,-1.092554,OMN,NLD,841382
9589797,174,162,8819,2006,0.0,26791.0,0.161994,0.036631,PHL,NLD,841382
9589798,177,162,8819,2006,3800.0,104657.0,0.991927,1.474418,POL,NLD,841382
9589799,179,162,8819,2006,0.0,27224.0,0.5723630000000001,1.92303,PRT,NLD,841382
9589800,183,162,8819,2006,0.0,6731.0,0.055777999999999994,-1.0379049999999999,QAT,NLD,841382
9589801,185,162,8819,2006,0.0,41326.0,0.550825,1.170744,ROU,NLD,841382
9589802,186,162,8819,2006,0.0,42453.0,0.801197,0.104683,RUS,NLD,841382
9589803,188,162,8819,2006,0.0,598634.0,0.162432,-0.853059,SAU,NLD,841382
9589804,190,162,8819,2006,0.0,155534.0,-1.873762,-1.278378,SDN,NLD,841382
9589805,192,162,8819,2006,0.0,567476.0,1.5377379999999998,0.503089,SGP,NLD,841382
9589806,205,162,8819,2006,921.0,5220.0,-0.754046,-0.872361,SUR,NLD,841382
9589807,208,162,8819,2006,5006.0,46852.0,1.902737,0.593294,SWE,NLD,841382
9589808,216,162,8819,2006,0.0,27600.0,0.568209,1.685343,THA,NLD,841382
9589809,222,162,8819,2006,0.0,16624.0,-0.20651399999999998,-1.024907,TTO,NLD,841382
9589810,224,162,8819,2006,56263.0,184921.0,0.33971599999999996,2.193384,TUR,NLD,841382
9589811,227,162,8819,2006,0.0,9477.0,-0.702511,-0.43976099999999996,UGA,NLD,841382
9589812,228,162,8819,2006,0.0,1595526.0,0.7008439999999999,0.79656,UKR,NLD,841382
9589813,231,162,8819,2006,256404.0,435760.0,1.666643,-0.121679,USA,NLD,841382
9589814,236,162,8819,2006,0.0,48522.0,-0.340972,-1.015462,VEN,NLD,841382
9589815,239,162,8819,2006,0.0,141138.0,-0.342779,1.033318,VNM,NLD,841382
9589816,243,162,8819,2006,0.0,1071.0,-1.0407110000000002,-1.13042,YEM,NLD,841382
9589817,246,162,8819,2006,0.0,7431.0,0.37964499999999995,1.466326,ZAF,NLD,841382
9589818,249,162,8819,2006,11569.0,5774.0,1.619915,1.2289940000000001,TWN,NLD,841382
9589819,10,166,8819,2006,0.0,1223.0,0.766232,-0.35907,ASM,NZL,841382
9589820,14,166,8819,2006,131405.0,34016.0,0.067166,0.373148,AUS,NZL,841382
9589821,41,166,8819,2006,0.0,1145.0,2.052534,0.515523,CHE,NZL,841382
9589822,43,166,8819,2006,8408.0,0.0,0.737888,2.54966,CHN,NZL,841382
9589823,71,166,8819,2006,7478.0,0.0,0.9091370000000001,2.068166,ESP,NZL,841382
9589824,75,166,8819,2006,0.0,6017.0,-0.6554949999999999,-0.098284,FJI,NZL,841382
9589825,77,166,8819,2006,85491.0,0.0,1.47591,0.489466,FRA,NZL,841382
9589826,81,166,8819,2006,17248.0,10870.0,1.824154,0.614424,GBR,NZL,841382
9589827,110,166,8819,2006,692.0,0.0,1.3082129999999998,0.783845,ISR,NZL,841382
9589828,111,166,8819,2006,88353.0,0.0,1.293779,0.93995,ITA,NZL,841382
9589829,114,166,8819,2006,0.0,2878.0,2.4348099999999997,0.082887,JPN,NZL,841382
9589830,162,166,8819,2006,1104.0,15119.0,1.192134,1.450852,NLD,NZL,841382
9589831,182,166,8819,2006,0.0,2178.0,-0.213329,-0.743599,PYF,NZL,841382
9589832,208,166,8819,2006,4162.0,0.0,1.902737,0.593294,SWE,NZL,841382
9589833,221,166,8819,2006,0.0,1676.0,-0.45091499999999995,-0.670044,TON,NZL,841382
9589834,231,166,8819,2006,11525.0,12338.0,1.666643,-0.121679,USA,NZL,841382
9589835,249,166,8819,2006,2108.0,0.0,1.619915,1.2289940000000001,TWN,NZL,841382
9589836,38,168,8819,2006,1574.0,0.0,-0.768791,-0.822677,CAF,PAK,841382
9589837,43,168,8819,2006,61908.0,0.0,0.737888,2.54966,CHN,PAK,841382
9589838,61,168,8819,2006,87485.0,0.0,2.132566,-2.773669,DEU,PAK,841382
9589839,81,168,8819,2006,10343.0,0.0,1.824154,0.614424,GBR,PAK,841382
9589840,111,168,8819,2006,5606.0,0.0,1.293779,0.93995,ITA,PAK,841382
9589841,114,168,8819,2006,1051.0,0.0,2.4348099999999997,0.082887,JPN,PAK,841382
9589842,188,168,8819,2006,0.0,1262.0,0.162432,-0.853059,SAU,PAK,841382
9589843,190,168,8819,2006,0.0,956.0,-1.873762,-1.278378,SDN,PAK,841382
9589844,192,168,8819,2006,4731.0,0.0,1.5377379999999998,0.503089,SGP,PAK,841382
9589845,231,168,8819,2006,36313.0,0.0,1.666643,-0.121679,USA,PAK,841382
9589846,0,169,8819,2006,0.0,2708.0,0.15112799999999998,-0.752631,ABW,PAN,841382
9589847,6,169,8819,2006,0.0,14575.0,0.251825,-0.629035,ANT,PAN,841382
9589848,18,169,8819,2006,2657.0,0.0,1.2222540000000002,1.383027,BEL,PAN,841382
9589849,25,169,8819,2006,0.0,2088.0,0.673694,-0.519608,BHS,PAN,841382
9589850,29,169,8819,2006,0.0,18879.0,-0.584902,-0.82437,BLZ,PAN,841382
9589851,32,169,8819,2006,42001.0,0.0,0.633889,1.1474520000000001,BRA,PAN,841382
9589852,33,169,8819,2006,0.0,2175.0,0.977267,0.6046560000000001,BRB,PAN,841382
9589853,42,169,8819,2006,0.0,1255.0,-0.188298,-0.46778000000000003,CHL,PAN,841382
9589854,43,169,8819,2006,534086.0,0.0,0.737888,2.54966,CHN,PAN,841382
9589855,49,169,8819,2006,83466.0,40388.0,0.129887,0.44371700000000003,COL,PAN,841382
9589856,52,169,8819,2006,3549.0,33315.0,0.042663,-0.376672,CRI,PAN,841382
9589857,54,169,8819,2006,0.0,18916.0,0.204039,-0.5183260000000001,CUB,PAN,841382
9589858,61,169,8819,2006,36722.0,0.0,2.132566,-2.773669,DEU,PAN,841382
9589859,63,169,8819,2006,0.0,1383.0,0.10759400000000001,-0.159215,DMA,PAN,841382
9589860,65,169,8819,2006,0.0,78589.0,-0.24073699999999998,0.049093,DOM,PAN,841382
9589861,67,169,8819,2006,0.0,59919.0,-0.878583,-0.9462010000000001,ECU,PAN,841382
9589862,93,169,8819,2006,1401.0,20587.0,-0.28642199999999995,0.5868439999999999,GTM,PAN,841382
9589863,96,169,8819,2006,0.0,11299.0,-0.813775,-0.8000649999999999,GUY,PAN,841382
9589864,97,169,8819,2006,279832.0,0.0,0.5776319999999999,2.076782,HKG,PAN,841382
9589865,99,169,8819,2006,0.0,15102.0,-0.672074,-0.472138,HND,PAN,841382
9589866,101,169,8819,2006,0.0,17960.0,-1.037941,-0.9475790000000001,HTI,PAN,841382
9589867,111,169,8819,2006,68922.0,0.0,1.293779,0.93995,ITA,PAN,841382
9589868,112,169,8819,2006,0.0,23291.0,-0.5122720000000001,-0.9109809999999999,JAM,PAN,841382
9589869,114,169,8819,2006,50083.0,0.0,2.4348099999999997,0.082887,JPN,PAN,841382
9589870,138,169,8819,2006,5123.0,30482.0,1.047268,0.7142270000000001,MEX,PAN,841382
9589871,160,169,8819,2006,0.0,15470.0,-0.998825,-0.893867,NIC,PAN,841382
9589872,173,169,8819,2006,3116.0,10374.0,-0.551095,0.044295,PER,PAN,841382
9589873,197,169,8819,2006,2246.0,26392.0,-0.135312,0.140874,SLV,PAN,841382
9589874,216,169,8819,2006,74489.0,0.0,0.568209,1.685343,THA,PAN,841382
9589875,222,169,8819,2006,0.0,9150.0,-0.20651399999999998,-1.024907,TTO,PAN,841382
9589876,231,169,8819,2006,421306.0,46929.0,1.666643,-0.121679,USA,PAN,841382
9589877,236,169,8819,2006,0.0,107900.0,-0.340972,-1.015462,VEN,PAN,841382
9589878,249,169,8819,2006,44934.0,0.0,1.619915,1.2289940000000001,TWN,PAN,841382
9589879,250,169,8819,2006,0.0,8487.0,0.711619,-0.41880200000000006,ANS,PAN,841382
9589880,14,173,8819,2006,13576.0,0.0,0.067166,0.373148,AUS,PER,841382
9589881,31,173,8819,2006,0.0,95825.0,-0.805185,-0.754091,BOL,PER,841382
9589882,32,173,8819,2006,24694.0,0.0,0.633889,1.1474520000000001,BRA,PER,841382
9589883,39,173,8819,2006,5537.0,0.0,0.865685,1.1480489999999999,CAN,PER,841382
9589884,41,173,8819,2006,34368.0,0.0,2.052534,0.515523,CHE,PER,841382
9589885,42,173,8819,2006,9707.0,2780.0,-0.188298,-0.46778000000000003,CHL,PER,841382
9589886,43,173,8819,2006,13424.0,0.0,0.737888,2.54966,CHN,PER,841382
9589887,49,173,8819,2006,2042.0,0.0,0.129887,0.44371700000000003,COL,PER,841382
9589888,54,173,8819,2006,0.0,1007.0,0.204039,-0.5183260000000001,CUB,PER,841382
9589889,61,173,8819,2006,2231.0,0.0,2.132566,-2.773669,DEU,PER,841382
9589890,64,173,8819,2006,14262.0,0.0,1.2308700000000001,1.180914,DNK,PER,841382
9589891,65,173,8819,2006,0.0,4699.0,-0.24073699999999998,0.049093,DOM,PER,841382
9589892,67,173,8819,2006,25121.0,34907.0,-0.878583,-0.9462010000000001,ECU,PER,841382
9589893,71,173,8819,2006,10838.0,0.0,0.9091370000000001,2.068166,ESP,PER,841382
9589894,81,173,8819,2006,868.0,0.0,1.824154,0.614424,GBR,PER,841382
9589895,111,173,8819,2006,99678.0,4257.0,1.293779,0.93995,ITA,PER,841382
9589896,114,173,8819,2006,286929.0,0.0,2.4348099999999997,0.082887,JPN,PER,841382
9589897,138,173,8819,2006,2866.0,0.0,1.047268,0.7142270000000001,MEX,PER,841382
9589898,169,173,8819,2006,10374.0,3116.0,0.306664,0.638533,PAN,PER,841382
9589899,231,173,8819,2006,7900.0,0.0,1.666643,-0.121679,USA,PER,841382
9589900,249,173,8819,2006,2103.0,0.0,1.619915,1.2289940000000001,TWN,PER,841382
9589901,14,174,8819,2006,82306.0,0.0,0.067166,0.373148,AUS,PHL,841382
9589902,34,174,8819,2006,0.0,746.0,-1.331831,-0.9170940000000001,BRN,PHL,841382
9589903,43,174,8819,2006,20869.0,0.0,0.737888,2.54966,CHN,PHL,841382
9589904,61,174,8819,2006,3602.0,0.0,2.132566,-2.773669,DEU,PHL,841382
9589905,71,174,8819,2006,0.0,48936.0,0.9091370000000001,2.068166,ESP,PHL,841382
9589906,81,174,8819,2006,4149.0,0.0,1.824154,0.614424,GBR,PHL,841382
9589907,90,174,8819,2006,3718.0,0.0,0.261955,1.488958,GRC,PHL,841382
9589908,103,174,8819,2006,33262.0,0.0,-0.21012399999999998,1.467838,IDN,PHL,841382
9589909,111,174,8819,2006,210370.0,0.0,1.293779,0.93995,ITA,PHL,841382
9589910,114,174,8819,2006,39881.0,0.0,2.4348099999999997,0.082887,JPN,PHL,841382
9589911,121,174,8819,2006,17985.0,0.0,1.5384309999999999,0.766628,KOR,PHL,841382
9589912,162,174,8819,2006,26791.0,0.0,1.192134,1.450852,NLD,PHL,841382
9589913,192,174,8819,2006,71927.0,3140.0,1.5377379999999998,0.503089,SGP,PHL,841382
9589914,216,174,8819,2006,0.0,13402.0,0.568209,1.685343,THA,PHL,841382
9589915,224,174,8819,2006,1558.0,0.0,0.33971599999999996,2.193384,TUR,PHL,841382
9589916,231,174,8819,2006,8595.0,0.0,1.666643,-0.121679,USA,PHL,841382
9589917,249,174,8819,2006,8310.0,0.0,1.619915,1.2289940000000001,TWN,PHL,841382
9589918,14,177,8819,2006,0.0,4953.0,0.067166,0.373148,AUS,POL,841382
9589919,15,177,8819,2006,36467.0,0.0,1.775669,0.192717,AUT,POL,841382
9589920,16,177,8819,2006,0.0,1541.0,-0.521304,-1.035764,AZE,POL,841382
9589921,18,177,8819,2006,75004.0,0.0,1.2222540000000002,1.383027,BEL,POL,841382
9589922,28,177,8819,2006,0.0,90751.0,0.919853,0.384409,BLR,POL,841382
9589923,43,177,8819,2006,262741.0,0.0,0.737888,2.54966,CHN,POL,841382
9589924,59,177,8819,2006,7022.0,1052.0,1.564058,0.6023649999999999,CZE,POL,841382
9589925,61,177,8819,2006,120830.0,407120.0,2.132566,-2.773669,DEU,POL,841382
9589926,64,177,8819,2006,27354.0,0.0,1.2308700000000001,1.180914,DNK,POL,841382
9589927,77,177,8819,2006,56570.0,0.0,1.47591,0.489466,FRA,POL,841382
9589928,81,177,8819,2006,18599.0,0.0,1.824154,0.614424,GBR,POL,841382
9589929,103,177,8819,2006,0.0,19046.0,-0.21012399999999998,1.467838,IDN,POL,841382
9589930,107,177,8819,2006,0.0,1475.0,-0.391023,-0.767861,IRN,POL,841382
9589931,111,177,8819,2006,66398.0,0.0,1.293779,0.93995,ITA,POL,841382
9589932,130,177,8819,2006,0.0,24803.0,0.44063599999999997,1.163857,LTU,POL,841382
9589933,132,177,8819,2006,0.0,15472.0,0.531375,0.9414170000000001,LVA,POL,841382
9589934,162,177,8819,2006,104657.0,3800.0,1.192134,1.450852,NLD,POL,841382
9589935,163,177,8819,2006,25606.0,0.0,1.0787930000000001,0.014051,NOR,POL,841382
9589936,179,177,8819,2006,9553.0,0.0,0.5723630000000001,1.92303,PRT,POL,841382
9589937,185,177,8819,2006,0.0,1680.0,0.550825,1.170744,ROU,POL,841382
9589938,186,177,8819,2006,3141.0,21271.0,0.801197,0.104683,RUS,POL,841382
9589939,206,177,8819,2006,2439.0,15907.0,1.291583,0.868317,SVK,POL,841382
9589940,208,177,8819,2006,4211.0,0.0,1.902737,0.593294,SWE,POL,841382
9589941,216,177,8819,2006,0.0,90036.0,0.568209,1.685343,THA,POL,841382
9589942,224,177,8819,2006,5240.0,1600.0,0.33971599999999996,2.193384,TUR,POL,841382
9589943,228,177,8819,2006,0.0,136194.0,0.7008439999999999,0.79656,UKR,POL,841382
9589944,231,177,8819,2006,37548.0,0.0,1.666643,-0.121679,USA,POL,841382
9589945,246,177,8819,2006,52136.0,0.0,0.37964499999999995,1.466326,ZAF,POL,841382
9589946,249,177,8819,2006,1096.0,0.0,1.619915,1.2289940000000001,TWN,POL,841382
9589947,8,180,8819,2006,1758.0,0.0,0.33055,0.665867,ARG,PRY,841382
9589948,43,180,8819,2006,16156.0,0.0,0.737888,2.54966,CHN,PRY,841382
9589949,61,180,8819,2006,2510.0,0.0,2.132566,-2.773669,DEU,PRY,841382
9589950,111,180,8819,2006,227962.0,0.0,1.293779,0.93995,ITA,PRY,841382
9589951,231,180,8819,2006,11177.0,0.0,1.666643,-0.121679,USA,PRY,841382
9589952,7,183,8819,2006,12299.0,0.0,0.053903999999999994,-0.735124,ARE,QAT,841382
9589953,39,183,8819,2006,16934.0,0.0,0.865685,1.1480489999999999,CAN,QAT,841382
9589954,43,183,8819,2006,41531.0,0.0,0.737888,2.54966,CHN,QAT,841382
9589955,61,183,8819,2006,772654.0,0.0,2.132566,-2.773669,DEU,QAT,841382
9589956,71,183,8819,2006,255530.0,0.0,0.9091370000000001,2.068166,ESP,QAT,841382
9589957,74,183,8819,2006,864.0,0.0,1.864038,0.8193940000000001,FIN,QAT,841382
9589958,77,183,8819,2006,20096.0,0.0,1.47591,0.489466,FRA,QAT,841382
9589959,81,183,8819,2006,65479.0,0.0,1.824154,0.614424,GBR,QAT,841382
9589960,102,183,8819,2006,12960.0,0.0,1.4034309999999999,0.835144,HUN,QAT,841382
9589961,103,183,8819,2006,138426.0,0.0,-0.21012399999999998,1.467838,IDN,QAT,841382
9589962,104,183,8819,2006,14974.0,0.0,0.285652,2.731318,IND,QAT,841382
9589963,107,183,8819,2006,19082.0,0.0,-0.391023,-0.767861,IRN,QAT,841382
9589964,111,183,8819,2006,146646.0,0.0,1.293779,0.93995,ITA,QAT,841382
9589965,114,183,8819,2006,4060182.0,0.0,2.4348099999999997,0.082887,JPN,QAT,841382
9589966,121,183,8819,2006,18529.0,0.0,1.5384309999999999,0.766628,KOR,QAT,841382
9589967,122,183,8819,2006,0.0,14365.0,-0.589823,-1.142795,KWT,QAT,841382
9589968,124,183,8819,2006,65772.0,0.0,0.3861,1.586183,LBN,QAT,841382
9589969,162,183,8819,2006,6731.0,0.0,1.192134,1.450852,NLD,QAT,841382
9589970,188,183,8819,2006,4656.0,0.0,0.162432,-0.853059,SAU,QAT,841382
9589971,224,183,8819,2006,2381.0,0.0,0.33971599999999996,2.193384,TUR,QAT,841382
9589972,231,183,8819,2006,165670.0,0.0,1.666643,-0.121679,USA,QAT,841382
9589973,249,183,8819,2006,27140.0,0.0,1.619915,1.2289940000000001,TWN,QAT,841382
9589974,15,185,8819,2006,116312.0,0.0,1.775669,0.192717,AUT,ROU,841382
9589975,41,185,8819,2006,22404.0,0.0,2.052534,0.515523,CHE,ROU,841382
9589976,42,185,8819,2006,0.0,2449.0,-0.188298,-0.46778000000000003,CHL,ROU,841382
9589977,43,185,8819,2006,150754.0,0.0,0.737888,2.54966,CHN,ROU,841382
9589978,59,185,8819,2006,4317.0,0.0,1.564058,0.6023649999999999,CZE,ROU,841382
9589979,61,185,8819,2006,163357.0,0.0,2.132566,-2.773669,DEU,ROU,841382
9589980,64,185,8819,2006,2051.0,0.0,1.2308700000000001,1.180914,DNK,ROU,841382
9589981,71,185,8819,2006,93846.0,0.0,0.9091370000000001,2.068166,ESP,ROU,841382
9589982,77,185,8819,2006,312048.0,0.0,1.47591,0.489466,FRA,ROU,841382
9589983,81,185,8819,2006,1816.0,0.0,1.824154,0.614424,GBR,ROU,841382
9589984,90,185,8819,2006,116047.0,0.0,0.261955,1.488958,GRC,ROU,841382
9589985,102,185,8819,2006,4360.0,0.0,1.4034309999999999,0.835144,HUN,ROU,841382
9589986,111,185,8819,2006,2271254.0,2429.0,1.293779,0.93995,ITA,ROU,841382
9589987,114,185,8819,2006,212135.0,0.0,2.4348099999999997,0.082887,JPN,ROU,841382
9589988,115,185,8819,2006,0.0,7937.0,0.038229,-0.579421,KAZ,ROU,841382
9589989,121,185,8819,2006,26379.0,0.0,1.5384309999999999,0.766628,KOR,ROU,841382
9589990,135,185,8819,2006,0.0,44210.0,-0.017707,0.135305,MDA,ROU,841382
9589991,162,185,8819,2006,41326.0,0.0,1.192134,1.450852,NLD,ROU,841382
9589992,163,185,8819,2006,2699443.0,0.0,1.0787930000000001,0.014051,NOR,ROU,841382
9589993,177,185,8819,2006,1680.0,0.0,0.991927,1.474418,POL,ROU,841382
9589994,216,185,8819,2006,125264.0,0.0,0.568209,1.685343,THA,ROU,841382
9589995,224,185,8819,2006,39159.0,0.0,0.33971599999999996,2.193384,TUR,ROU,841382
9589996,228,185,8819,2006,0.0,17319.0,0.7008439999999999,0.79656,UKR,ROU,841382
9589997,231,185,8819,2006,40832.0,0.0,1.666643,-0.121679,USA,ROU,841382
9589998,243,185,8819,2006,0.0,67870.0,-1.0407110000000002,-1.13042,YEM,ROU,841382
