249999,31,138,5636,2003,0.0,11844.0,-0.787995,-0.7228899999999999,BOL,MEX,210320
250000,39,138,5636,2003,10173.0,218121.0,0.9791540000000001,1.185081,CAN,MEX,210320
250001,41,138,5636,2003,0.0,4787.0,2.151037,0.711217,CHE,MEX,210320
250002,42,138,5636,2003,0.0,21238.0,-0.06375900000000001,-0.156808,CHL,MEX,210320
250003,43,138,5636,2003,51974.0,0.0,0.579431,2.773139,CHN,MEX,210320
250004,52,138,5636,2003,3913.0,1386.0,-0.193904,-0.5049680000000001,CRI,MEX,210320
250005,54,138,5636,2003,0.0,35773.0,-0.391515,-0.8562120000000001,CUB,MEX,210320
250006,59,138,5636,2003,0.0,2839.0,1.555749,0.8662059999999999,CZE,MEX,210320
250007,61,138,5636,2003,979.0,113521.0,2.2821919999999998,-2.0985150000000004,DEU,MEX,210320
250008,65,138,5636,2003,0.0,7336.0,-0.46264399999999994,-0.245034,DOM,MEX,210320
250009,67,138,5636,2003,2916.0,0.0,-0.8689370000000001,-0.889767,ECU,MEX,210320
250010,68,138,5636,2003,3143.0,0.0,-0.292923,0.465433,EGY,MEX,210320
250011,71,138,5636,2003,1159.0,44753.0,0.960684,2.074792,ESP,MEX,210320
250012,74,138,5636,2003,0.0,68238.0,2.077889,0.942501,FIN,MEX,210320
250013,77,138,5636,2003,38170.0,45309.0,1.606606,0.7394149999999999,FRA,MEX,210320
250014,81,138,5636,2003,0.0,57147.0,1.8712540000000002,0.706205,GBR,MEX,210320
250015,93,138,5636,2003,13740.0,41961.0,-0.444162,0.145319,GTM,MEX,210320
250016,99,138,5636,2003,0.0,10693.0,-0.733546,-0.568585,HND,MEX,210320
250017,101,138,5636,2003,0.0,103396.0,-1.3761290000000002,-1.006346,HTI,MEX,210320
250018,111,138,5636,2003,180020.0,4093.0,1.399734,1.044608,ITA,MEX,210320
250019,114,138,5636,2003,1715.0,3313875.0,2.4686630000000003,0.48072600000000004,JPN,MEX,210320
250020,121,138,5636,2003,2621.0,0.0,1.2611709999999998,0.956308,KOR,MEX,210320
250021,151,138,5636,2003,0.0,6146.0,-0.361514,-0.29839899999999997,MUS,MEX,210320
250022,160,138,5636,2003,0.0,7689.0,-0.8661459999999999,-0.8661690000000001,NIC,MEX,210320
250023,162,138,5636,2003,0.0,5347.0,1.168453,1.7085709999999998,NLD,MEX,210320
250024,169,138,5636,2003,0.0,13843.0,-0.050386,-0.039619999999999995,PAN,MEX,210320
250025,177,138,5636,2003,4152.0,0.0,0.966622,1.664838,POL,MEX,210320
250026,179,138,5636,2003,16127.0,0.0,0.471376,1.647303,PRT,MEX,210320
250027,188,138,5636,2003,0.0,102849.0,0.202286,-0.714691,SAU,MEX,210320
250028,197,138,5636,2003,0.0,44002.0,-0.251357,-0.189917,SLV,MEX,210320
250029,207,138,5636,2003,0.0,3574.0,1.6459840000000001,1.014191,SVN,MEX,210320
250030,216,138,5636,2003,2019.0,12438.0,0.43010699999999996,1.607408,THA,MEX,210320
250031,222,138,5636,2003,0.0,67305.0,-0.16738,-0.9820969999999999,TTO,MEX,210320
250032,231,138,5636,2003,11913652.0,7690100.0,1.7789220000000001,0.064028,USA,MEX,210320
250033,7,153,5636,2003,0.0,1837633.0,0.049637,-0.502691,ARE,MYS,210320
250034,8,153,5636,2003,1052.0,0.0,0.302073,0.49069700000000005,ARG,MYS,210320
250035,14,153,5636,2003,95435.0,3249.0,0.316879,0.9409489999999999,AUS,MYS,210320
250036,15,153,5636,2003,0.0,9464.0,1.834977,0.408096,AUT,MYS,210320
250037,16,153,5636,2003,0.0,3059.0,-0.304606,-0.975453,AZE,MYS,210320
250038,22,153,5636,2003,0.0,81113.0,-1.168404,-1.035782,BGD,MYS,210320
250039,24,153,5636,2003,0.0,132463.0,-0.10968800000000001,-1.041032,BHR,MYS,210320
250040,34,153,5636,2003,0.0,71335.0,-1.342738,-0.978633,BRN,MYS,210320
250041,39,153,5636,2003,0.0,34464.0,0.9791540000000001,1.185081,CAN,MYS,210320
250042,43,153,5636,2003,12253.0,148106.0,0.579431,2.773139,CHN,MYS,210320
250043,71,153,5636,2003,84697.0,0.0,0.960684,2.074792,ESP,MYS,210320
250044,73,153,5636,2003,0.0,1919.0,-1.1145559999999999,-0.9599620000000001,ETH,MYS,210320
250045,75,153,5636,2003,0.0,5739.0,-0.6865640000000001,-0.326977,FJI,MYS,210320
250046,81,153,5636,2003,0.0,19557.0,1.8712540000000002,0.706205,GBR,MYS,210320
250047,83,153,5636,2003,0.0,71850.0,-1.074188,-0.7127319999999999,GHA,MYS,210320
250048,87,153,5636,2003,0.0,8159.0,-0.230541,-0.275663,GMB,MYS,210320
250049,97,153,5636,2003,0.0,1188714.0,0.494569,2.147062,HKG,MYS,210320
250050,103,153,5636,2003,88275.0,28445.0,-0.16802,1.7252990000000001,IDN,MYS,210320
250051,106,153,5636,2003,0.0,1165.0,1.6396130000000002,0.220599,IRL,MYS,210320
250052,107,153,5636,2003,0.0,2596.0,-0.552146,-0.8668520000000001,IRN,MYS,210320
250053,109,153,5636,2003,0.0,1431.0,0.21902800000000003,-0.40818499999999996,ISL,MYS,210320
250054,111,153,5636,2003,28885.0,0.0,1.399734,1.044608,ITA,MYS,210320
250055,114,153,5636,2003,10631.0,0.0,2.4686630000000003,0.48072600000000004,JPN,MYS,210320
250056,118,153,5636,2003,0.0,3575.0,-1.0165620000000002,-1.060454,KHM,MYS,210320
250057,122,153,5636,2003,0.0,304746.0,-0.7943640000000001,-1.1529770000000001,KWT,MYS,210320
250058,124,153,5636,2003,0.0,5637.0,0.261687,1.053856,LBN,MYS,210320
250059,133,153,5636,2003,0.0,311.0,-0.294516,-0.413828,MAC,MYS,210320
250060,136,153,5636,2003,0.0,4449.0,-1.254758,-0.622696,MDG,MYS,210320
250061,137,153,5636,2003,0.0,25500.0,-1.201352,-1.031892,MDV,MYS,210320
250062,151,153,5636,2003,0.0,55675.0,-0.361514,-0.29839899999999997,MUS,MYS,210320
250063,164,153,5636,2003,0.0,504.0,-0.26353899999999997,1.351717,NPL,MYS,210320
250064,166,153,5636,2003,0.0,15077.0,0.589619,0.997301,NZL,MYS,210320
250065,167,153,5636,2003,0.0,69566.0,-1.434873,-1.188123,OMN,MYS,210320
250066,174,153,5636,2003,14230.0,0.0,-0.065022,-0.195144,PHL,MYS,210320
250067,176,153,5636,2003,0.0,1311.0,-1.7997330000000002,-1.2110049999999999,PNG,MYS,210320
250068,183,153,5636,2003,0.0,71330.0,-0.209042,-1.0565799999999999,QAT,MYS,210320
250069,188,153,5636,2003,0.0,21182.0,0.202286,-0.714691,SAU,MYS,210320
250070,192,153,5636,2003,123209.0,2251666.0,1.5080799999999999,0.720337,SGP,MYS,210320
250071,216,153,5636,2003,4547.0,2139.0,0.43010699999999996,1.607408,THA,MYS,210320
250072,226,153,5636,2003,0.0,2509.0,-1.225217,-0.43662399999999996,TZA,MYS,210320
250073,231,153,5636,2003,407528.0,50526.0,1.7789220000000001,0.064028,USA,MYS,210320
250074,239,153,5636,2003,0.0,26519.0,-0.633985,0.659696,VNM,MYS,210320
250075,243,153,5636,2003,0.0,40567.0,-1.453584,-1.257815,YEM,MYS,210320
250076,249,153,5636,2003,0.0,93552.0,1.5924040000000002,1.397843,TWN,MYS,210320
250077,0,162,5636,2003,1131.0,14703.0,-0.13006600000000001,-0.783431,ABW,NLD,210320
250078,1,162,5636,2003,0.0,40717.0,-0.421205,-0.602704,AFG,NLD,210320
250079,2,162,5636,2003,0.0,177572.0,-1.8762919999999998,-1.176541,AGO,NLD,210320
250080,4,162,5636,2003,0.0,5023.0,-0.053595000000000004,0.166034,ALB,NLD,210320
250081,6,162,5636,2003,0.0,48634.0,0.108903,-0.650137,ANT,NLD,210320
250082,7,162,5636,2003,0.0,38160.0,0.049637,-0.502691,ARE,NLD,210320
250083,14,162,5636,2003,2306.0,8421.0,0.316879,0.9409489999999999,AUS,NLD,210320
250084,15,162,5636,2003,9668.0,239446.0,1.834977,0.408096,AUT,NLD,210320
250085,18,162,5636,2003,8050226.0,15309763.0,1.361682,1.39536,BEL,NLD,210320
250086,19,162,5636,2003,0.0,1022.0,-1.150888,-0.956203,BEN,NLD,210320
250087,21,162,5636,2003,0.0,1925.0,-0.9365690000000001,-0.9699409999999999,BFA,NLD,210320
250088,23,162,5636,2003,0.0,45041.0,0.43308599999999997,1.7104099999999998,BGR,NLD,210320
250089,24,162,5636,2003,0.0,2043.0,-0.10968800000000001,-1.041032,BHR,NLD,210320
250090,26,162,5636,2003,0.0,60005.0,0.195667,0.347011,BIH,NLD,210320
250091,28,162,5636,2003,0.0,5214.0,0.847358,0.9307719999999999,BLR,NLD,210320
250092,32,162,5636,2003,1108.0,0.0,0.660576,1.118876,BRA,NLD,210320
250093,39,162,5636,2003,120674.0,7754.0,0.9791540000000001,1.185081,CAN,NLD,210320
250094,41,162,5636,2003,14588.0,5832504.0,2.151037,0.711217,CHE,NLD,210320
250095,42,162,5636,2003,0.0,1996.0,-0.06375900000000001,-0.156808,CHL,NLD,210320
250096,43,162,5636,2003,9565.0,0.0,0.579431,2.773139,CHN,NLD,210320
250097,45,162,5636,2003,0.0,16230.0,-1.254788,-1.10897,CMR,NLD,210320
250098,46,162,5636,2003,0.0,29407.0,-1.366232,-1.0778860000000001,COD,NLD,210320
250099,47,162,5636,2003,0.0,18096.0,-1.6789619999999998,-1.182557,COG,NLD,210320
250100,54,162,5636,2003,0.0,6788.0,-0.391515,-0.8562120000000001,CUB,NLD,210320
250101,58,162,5636,2003,0.0,56380.0,0.259992,0.068914,CYP,NLD,210320
250102,59,162,5636,2003,77126.0,224388.0,1.555749,0.8662059999999999,CZE,NLD,210320
250103,61,162,5636,2003,10559808.0,25797512.0,2.2821919999999998,-2.0985150000000004,DEU,NLD,210320
250104,64,162,5636,2003,3130.0,6747427.0,1.309564,1.245596,DNK,NLD,210320
250105,66,162,5636,2003,0.0,15131.0,-1.060727,-1.142594,DZA,NLD,210320
250106,68,162,5636,2003,2043.0,4393.0,-0.292923,0.465433,EGY,NLD,210320
250107,69,162,5636,2003,0.0,1268.0,-0.105591,-0.247614,ERI,NLD,210320
250108,71,162,5636,2003,1389104.0,3896372.0,0.960684,2.074792,ESP,NLD,210320
250109,72,162,5636,2003,0.0,11980.0,0.5913010000000001,0.8489979999999999,EST,NLD,210320
250110,73,162,5636,2003,0.0,3821.0,-1.1145559999999999,-0.9599620000000001,ETH,NLD,210320
250111,74,162,5636,2003,0.0,5127828.0,2.077889,0.942501,FIN,NLD,210320
250112,77,162,5636,2003,269061.0,8657263.0,1.606606,0.7394149999999999,FRA,NLD,210320
250113,78,162,5636,2003,0.0,5476.0,-0.46422299999999994,-0.8072050000000001,FRO,NLD,210320
250114,80,162,5636,2003,0.0,16062.0,-0.92745,-1.138466,GAB,NLD,210320
250115,81,162,5636,2003,757474.0,93248296.0,1.8712540000000002,0.706205,GBR,NLD,210320
250116,82,162,5636,2003,0.0,1229.0,0.595485,-0.25939,GEO,NLD,210320
250117,83,162,5636,2003,0.0,321779.0,-1.074188,-0.7127319999999999,GHA,NLD,210320
250118,87,162,5636,2003,0.0,1034.0,-0.230541,-0.275663,GMB,NLD,210320
250119,89,162,5636,2003,0.0,10179.0,-2.4406529999999997,-0.821155,GNQ,NLD,210320
250120,90,162,5636,2003,101321.0,937503.0,0.364688,1.4823959999999998,GRC,NLD,210320
250121,92,162,5636,2003,0.0,5393.0,-0.764655,-0.8684200000000001,GRL,NLD,210320
250122,97,162,5636,2003,7242.0,56342.0,0.494569,2.147062,HKG,NLD,210320
250123,100,162,5636,2003,0.0,62325.0,0.568394,1.230759,HRV,NLD,210320
250124,102,162,5636,2003,0.0,1322396.0,1.2003270000000001,1.091407,HUN,NLD,210320
250125,103,162,5636,2003,39507.0,0.0,-0.16802,1.7252990000000001,IDN,NLD,210320
250126,104,162,5636,2003,0.0,2831.0,0.33014099999999996,2.836003,IND,NLD,210320
250127,106,162,5636,2003,0.0,3134423.0,1.6396130000000002,0.220599,IRL,NLD,210320
250128,107,162,5636,2003,16763.0,0.0,-0.552146,-0.8668520000000001,IRN,NLD,210320
250129,108,162,5636,2003,0.0,47503.0,-0.398557,-0.774153,IRQ,NLD,210320
250130,109,162,5636,2003,0.0,13256.0,0.21902800000000003,-0.40818499999999996,ISL,NLD,210320
250131,110,162,5636,2003,0.0,60167.0,1.157809,0.682195,ISR,NLD,210320
250132,111,162,5636,2003,3781258.0,841735.0,1.399734,1.044608,ITA,NLD,210320
250133,112,162,5636,2003,5424.0,0.0,-0.6684140000000001,-0.915817,JAM,NLD,210320
250134,114,162,5636,2003,1127.0,5486.0,2.4686630000000003,0.48072600000000004,JPN,NLD,210320
250135,115,162,5636,2003,0.0,88798.0,-0.156326,-0.62092,KAZ,NLD,210320
250136,116,162,5636,2003,0.0,78285.0,-0.3531,0.582992,KEN,NLD,210320
250137,121,162,5636,2003,0.0,2082.0,1.2611709999999998,0.956308,KOR,NLD,210320
250138,122,162,5636,2003,0.0,105062.0,-0.7943640000000001,-1.1529770000000001,KWT,NLD,210320
250139,124,162,5636,2003,0.0,3427.0,0.261687,1.053856,LBN,NLD,210320
250140,125,162,5636,2003,0.0,9048.0,0.026117,-1.03888,LBR,NLD,210320
250141,126,162,5636,2003,0.0,63338.0,-0.36075999999999997,-1.110575,LBY,NLD,210320
250142,130,162,5636,2003,0.0,188996.0,0.239608,0.517299,LTU,NLD,210320
250143,131,162,5636,2003,7392.0,32073.0,1.444996,1.063764,LUX,NLD,210320
250144,132,162,5636,2003,0.0,56001.0,0.520772,0.5631689999999999,LVA,NLD,210320
250145,134,162,5636,2003,0.0,47552.0,-0.6842050000000001,-0.217892,MAR,NLD,210320
250146,138,162,5636,2003,5347.0,0.0,0.862509,0.756684,MEX,NLD,210320
250147,140,162,5636,2003,0.0,4322.0,-0.017632,0.225394,MKD,NLD,210320
250148,142,162,5636,2003,0.0,6070.0,1.2138149999999999,-0.015687,MLT,NLD,210320
250149,148,162,5636,2003,0.0,5321.0,-1.069232,-1.184061,MRT,NLD,210320
250150,155,162,5636,2003,0.0,37383.0,-0.24004499999999998,-0.39565900000000004,NAM,NLD,210320
250151,159,162,5636,2003,0.0,201650.0,-1.859176,-1.234236,NGA,NLD,210320
250152,163,162,5636,2003,1791.0,4044820.0,1.1500620000000001,0.258554,NOR,NLD,210320
250153,166,162,5636,2003,3400.0,0.0,0.589619,0.997301,NZL,NLD,210320
250154,167,162,5636,2003,0.0,795.0,-1.434873,-1.188123,OMN,NLD,210320
250155,168,162,5636,2003,3028.0,0.0,-0.6659689999999999,0.137924,PAK,NLD,210320
250156,174,162,5636,2003,2198.0,0.0,-0.065022,-0.195144,PHL,NLD,210320
250157,177,162,5636,2003,0.0,1043590.0,0.966622,1.664838,POL,NLD,210320
250158,179,162,5636,2003,1157162.0,769882.0,0.471376,1.647303,PRT,NLD,210320
250159,182,162,5636,2003,0.0,8911.0,-0.255707,-0.676557,PYF,NLD,210320
250160,185,162,5636,2003,0.0,49921.0,0.378379,1.0064620000000002,ROU,NLD,210320
250161,186,162,5636,2003,0.0,1885816.0,1.072729,0.338355,RUS,NLD,210320
250162,188,162,5636,2003,16542.0,4980.0,0.202286,-0.714691,SAU,NLD,210320
250163,189,162,5636,2003,0.0,49765.0,0.575326,1.627894,SCG,NLD,210320
250164,191,162,5636,2003,0.0,2156.0,-0.25203600000000004,-0.25549299999999997,SEN,NLD,210320
250165,192,162,5636,2003,86002.0,5402.0,1.5080799999999999,0.720337,SGP,NLD,210320
250166,196,162,5636,2003,0.0,6786.0,0.129923,-0.19926300000000002,SLE,NLD,210320
250167,205,162,5636,2003,824.0,24450.0,-0.896925,-0.88623,SUR,NLD,210320
250168,206,162,5636,2003,0.0,6040.0,1.22565,0.915518,SVK,NLD,210320
250169,207,162,5636,2003,0.0,46445.0,1.6459840000000001,1.014191,SVN,NLD,210320
250170,208,162,5636,2003,50849.0,12541714.0,2.099224,0.799982,SWE,NLD,210320
250171,212,162,5636,2003,1956.0,0.0,-0.868749,-0.326322,SYR,NLD,210320
250172,216,162,5636,2003,5160.0,0.0,0.43010699999999996,1.607408,THA,NLD,210320
250173,217,162,5636,2003,0.0,109710.0,-0.6187520000000001,-1.0438969999999999,TJK,NLD,210320
250174,220,162,5636,2003,0.0,2262.0,1.21882,-0.118529,TLS,NLD,210320
250175,223,162,5636,2003,0.0,4991.0,-0.14845999999999998,0.255092,TUN,NLD,210320
250176,224,162,5636,2003,71310.0,71323.0,0.192802,1.9855060000000002,TUR,NLD,210320
250177,226,162,5636,2003,0.0,100430.0,-1.225217,-0.43662399999999996,TZA,NLD,210320
250178,227,162,5636,2003,0.0,6202.0,-0.895193,-0.712039,UGA,NLD,210320
250179,228,162,5636,2003,0.0,47501.0,0.8929389999999999,0.956685,UKR,NLD,210320
250180,231,162,5636,2003,1053754.0,14818.0,1.7789220000000001,0.064028,USA,NLD,210320
250181,236,162,5636,2003,0.0,37902.0,0.277805,-0.783697,VEN,NLD,210320
250182,239,162,5636,2003,0.0,2570.0,-0.633985,0.659696,VNM,NLD,210320
250183,246,162,5636,2003,138872.0,0.0,0.477987,2.255395,ZAF,NLD,210320
250184,250,162,5636,2003,0.0,3575.0,0.45951499999999995,-0.2312,ANS,NLD,210320
250185,15,163,5636,2003,165269.0,0.0,1.834977,0.408096,AUT,NOR,210320
250186,18,163,5636,2003,86112.0,0.0,1.361682,1.39536,BEL,NOR,210320
250187,41,163,5636,2003,4332.0,0.0,2.151037,0.711217,CHE,NOR,210320
250188,61,163,5636,2003,278922.0,1999.0,2.2821919999999998,-2.0985150000000004,DEU,NOR,210320
250189,64,163,5636,2003,309690.0,1431051.0,1.309564,1.245596,DNK,NOR,210320
250190,71,163,5636,2003,14872.0,2688.0,0.960684,2.074792,ESP,NOR,210320
250191,74,163,5636,2003,0.0,2827.0,2.077889,0.942501,FIN,NOR,210320
250192,77,163,5636,2003,49373.0,17989.0,1.606606,0.7394149999999999,FRA,NOR,210320
250193,81,163,5636,2003,234074.0,0.0,1.8712540000000002,0.706205,GBR,NOR,210320
250194,92,163,5636,2003,0.0,1747.0,-0.764655,-0.8684200000000001,GRL,NOR,210320
250195,103,163,5636,2003,1979.0,0.0,-0.16802,1.7252990000000001,IDN,NOR,210320
250196,109,163,5636,2003,0.0,22131.0,0.21902800000000003,-0.40818499999999996,ISL,NOR,210320
250197,110,163,5636,2003,15749.0,0.0,1.157809,0.682195,ISR,NOR,210320
250198,111,163,5636,2003,596426.0,0.0,1.399734,1.044608,ITA,NOR,210320
250199,116,163,5636,2003,0.0,1046.0,-0.3531,0.582992,KEN,NOR,210320
250200,162,163,5636,2003,4044820.0,1791.0,1.168453,1.7085709999999998,NLD,NOR,210320
250201,179,163,5636,2003,174758.0,0.0,0.471376,1.647303,PRT,NOR,210320
250202,208,163,5636,2003,521043.0,100078.0,2.099224,0.799982,SWE,NOR,210320
250203,216,163,5636,2003,1063.0,0.0,0.43010699999999996,1.607408,THA,NOR,210320
250204,224,163,5636,2003,231083.0,0.0,0.192802,1.9855060000000002,TUR,NOR,210320
250205,231,163,5636,2003,808488.0,0.0,1.7789220000000001,0.064028,USA,NOR,210320
250206,10,166,5636,2003,0.0,1233.0,1.0088139999999999,0.096969,ASM,NZL,210320
250207,14,166,5636,2003,5322703.0,496545.0,0.316879,0.9409489999999999,AUS,NZL,210320
250208,39,166,5636,2003,0.0,3749.0,0.9791540000000001,1.185081,CAN,NZL,210320
250209,43,166,5636,2003,1320.0,0.0,0.579431,2.773139,CHN,NZL,210320
250210,48,166,5636,2003,0.0,117508.0,0.327914,-0.466681,COK,NZL,210320
250211,64,166,5636,2003,0.0,4047.0,1.309564,1.245596,DNK,NZL,210320
250212,71,166,5636,2003,9848.0,0.0,0.960684,2.074792,ESP,NZL,210320
250213,75,166,5636,2003,0.0,41626.0,-0.6865640000000001,-0.326977,FJI,NZL,210320
250214,81,166,5636,2003,292643.0,1767.0,1.8712540000000002,0.706205,GBR,NZL,210320
250215,103,166,5636,2003,17913.0,0.0,-0.16802,1.7252990000000001,IDN,NZL,210320
250216,111,166,5636,2003,193558.0,0.0,1.399734,1.044608,ITA,NZL,210320
250217,114,166,5636,2003,0.0,248564.0,2.4686630000000003,0.48072600000000004,JPN,NZL,210320
250218,121,166,5636,2003,3501.0,2364.0,1.2611709999999998,0.956308,KOR,NZL,210320
250219,153,166,5636,2003,15077.0,0.0,0.728804,0.2168,MYS,NZL,210320
250220,156,166,5636,2003,0.0,12980.0,-0.344934,-0.776632,NCL,NZL,210320
250221,158,166,5636,2003,0.0,6763.0,1.017142,-0.5294270000000001,NFK,NZL,210320
250222,161,166,5636,2003,0.0,3141.0,0.746075,-0.557872,NIU,NZL,210320
250223,162,166,5636,2003,0.0,3400.0,1.168453,1.7085709999999998,NLD,NZL,210320
250224,176,166,5636,2003,0.0,1830.0,-1.7997330000000002,-1.2110049999999999,PNG,NZL,210320
250225,182,166,5636,2003,0.0,1483.0,-0.255707,-0.676557,PYF,NZL,210320
250226,192,166,5636,2003,1367.0,7208.0,1.5080799999999999,0.720337,SGP,NZL,210320
250227,221,166,5636,2003,0.0,18391.0,-0.8467379999999999,-0.815816,TON,NZL,210320
250228,231,166,5636,2003,5957.0,1295.0,1.7789220000000001,0.064028,USA,NZL,210320
250229,242,166,5636,2003,0.0,98846.0,-0.304377,-0.620659,WSM,NZL,210320
250230,246,166,5636,2003,6699.0,0.0,0.477987,2.255395,ZAF,NZL,210320
250231,250,166,5636,2003,3638.0,0.0,0.45951499999999995,-0.2312,ANS,NZL,210320
250232,8,169,5636,2003,11215.0,0.0,0.302073,0.49069700000000005,ARG,PAN,210320
250233,14,169,5636,2003,0.0,9922.0,0.316879,0.9409489999999999,AUS,PAN,210320
250234,29,169,5636,2003,0.0,68.0,-0.543555,-0.7596,BLZ,PAN,210320
250235,32,169,5636,2003,2155.0,0.0,0.660576,1.118876,BRA,PAN,210320
250236,39,169,5636,2003,0.0,1806.0,0.9791540000000001,1.185081,CAN,PAN,210320
250237,42,169,5636,2003,5279.0,0.0,-0.06375900000000001,-0.156808,CHL,PAN,210320
250238,43,169,5636,2003,8820.0,0.0,0.579431,2.773139,CHN,PAN,210320
250239,49,169,5636,2003,16199.0,61881.0,0.218336,0.376869,COL,PAN,210320
250240,52,169,5636,2003,667599.0,806285.0,-0.193904,-0.5049680000000001,CRI,PAN,210320
250241,61,169,5636,2003,951.0,0.0,2.2821919999999998,-2.0985150000000004,DEU,PAN,210320
250242,93,169,5636,2003,1779.0,4326.0,-0.444162,0.145319,GTM,PAN,210320
250243,111,169,5636,2003,12997.0,0.0,1.399734,1.044608,ITA,PAN,210320
250244,112,169,5636,2003,0.0,1613.0,-0.6684140000000001,-0.915817,JAM,PAN,210320
250245,138,169,5636,2003,13843.0,0.0,0.862509,0.756684,MEX,PAN,210320
250246,160,169,5636,2003,137108.0,15635.0,-0.8661459999999999,-0.8661690000000001,NIC,PAN,210320
250247,197,169,5636,2003,12471.0,202943.0,-0.251357,-0.189917,SLV,PAN,210320
250248,231,169,5636,2003,498792.0,0.0,1.7789220000000001,0.064028,USA,PAN,210320
250249,250,169,5636,2003,7347.0,5486.0,0.45951499999999995,-0.2312,ANS,PAN,210320
250250,8,173,5636,2003,6538.0,0.0,0.302073,0.49069700000000005,ARG,PER,210320
250251,31,173,5636,2003,1814.0,2189.0,-0.787995,-0.7228899999999999,BOL,PER,210320
250252,42,173,5636,2003,733047.0,356193.0,-0.06375900000000001,-0.156808,CHL,PER,210320
250253,49,173,5636,2003,21782.0,0.0,0.218336,0.376869,COL,PER,210320
250254,67,173,5636,2003,0.0,4388.0,-0.8689370000000001,-0.889767,ECU,PER,210320
250255,111,173,5636,2003,4211.0,2808.0,1.399734,1.044608,ITA,PER,210320
250256,222,173,5636,2003,0.0,7727.0,-0.16738,-0.9820969999999999,TTO,PER,210320
250257,231,173,5636,2003,99490.0,80004.0,1.7789220000000001,0.064028,USA,PER,210320
250258,236,173,5636,2003,22722.0,0.0,0.277805,-0.783697,VEN,PER,210320
250259,7,174,5636,2003,0.0,5318.0,0.049637,-0.502691,ARE,PHL,210320
250260,14,174,5636,2003,22761.0,20689.0,0.316879,0.9409489999999999,AUS,PHL,210320
250261,22,174,5636,2003,0.0,1512.0,-1.168404,-1.035782,BGD,PHL,210320
250262,24,174,5636,2003,0.0,1692.0,-0.10968800000000001,-1.041032,BHR,PHL,210320
250263,34,174,5636,2003,0.0,1101.0,-1.342738,-0.978633,BRN,PHL,210320
250264,39,174,5636,2003,0.0,4652.0,0.9791540000000001,1.185081,CAN,PHL,210320
250265,43,174,5636,2003,22451.0,2741.0,0.579431,2.773139,CHN,PHL,210320
250266,71,174,5636,2003,45277.0,0.0,0.960684,2.074792,ESP,PHL,210320
250267,79,174,5636,2003,0.0,4032.0,-1.370191,-1.028812,FSM,PHL,210320
250268,81,174,5636,2003,1362.0,1185.0,1.8712540000000002,0.706205,GBR,PHL,210320
250269,97,174,5636,2003,3479.0,118935.0,0.494569,2.147062,HKG,PHL,210320
250270,103,174,5636,2003,365572.0,0.0,-0.16802,1.7252990000000001,IDN,PHL,210320
250271,106,174,5636,2003,0.0,3794.0,1.6396130000000002,0.220599,IRL,PHL,210320
250272,111,174,5636,2003,9691.0,0.0,1.399734,1.044608,ITA,PHL,210320
250273,114,174,5636,2003,0.0,6813.0,2.4686630000000003,0.48072600000000004,JPN,PHL,210320
250274,122,174,5636,2003,0.0,4507.0,-0.7943640000000001,-1.1529770000000001,KWT,PHL,210320
250275,124,174,5636,2003,0.0,6656.0,0.261687,1.053856,LBN,PHL,210320
250276,133,174,5636,2003,0.0,1135.0,-0.294516,-0.413828,MAC,PHL,210320
250277,153,174,5636,2003,0.0,14230.0,0.728804,0.2168,MYS,PHL,210320
250278,162,174,5636,2003,0.0,2198.0,1.168453,1.7085709999999998,NLD,PHL,210320
250279,182,174,5636,2003,0.0,1083.0,-0.255707,-0.676557,PYF,PHL,210320
250280,183,174,5636,2003,0.0,9949.0,-0.209042,-1.0565799999999999,QAT,PHL,210320
250281,188,174,5636,2003,0.0,14530.0,0.202286,-0.714691,SAU,PHL,210320
250282,192,174,5636,2003,0.0,49895.0,1.5080799999999999,0.720337,SGP,PHL,210320
250283,216,174,5636,2003,1712.0,0.0,0.43010699999999996,1.607408,THA,PHL,210320
250284,224,174,5636,2003,1049.0,0.0,0.192802,1.9855060000000002,TUR,PHL,210320
250285,229,174,5636,2003,0.0,2395.0,0.169425,-0.604107,UMI,PHL,210320
250286,231,174,5636,2003,576540.0,11916.0,1.7789220000000001,0.064028,USA,PHL,210320
250287,249,174,5636,2003,0.0,5096.0,1.5924040000000002,1.397843,TWN,PHL,210320
250288,2,179,5636,2003,0.0,108464.0,-1.8762919999999998,-1.176541,AGO,PRT,210320
250289,14,179,5636,2003,0.0,109783.0,0.316879,0.9409489999999999,AUS,PRT,210320
250290,15,179,5636,2003,0.0,59173.0,1.834977,0.408096,AUT,PRT,210320
250291,18,179,5636,2003,64111.0,132812.0,1.361682,1.39536,BEL,PRT,210320
250292,23,179,5636,2003,5701.0,0.0,0.43308599999999997,1.7104099999999998,BGR,PRT,210320
250293,26,179,5636,2003,0.0,807.0,0.195667,0.347011,BIH,PRT,210320
250294,39,179,5636,2003,0.0,1571.0,0.9791540000000001,1.185081,CAN,PRT,210320
250295,41,179,5636,2003,0.0,65589.0,2.151037,0.711217,CHE,PRT,210320
250296,51,179,5636,2003,0.0,91118.0,0.070649,-0.541279,CPV,PRT,210320
250297,59,179,5636,2003,0.0,7474.0,1.555749,0.8662059999999999,CZE,PRT,210320
250298,61,179,5636,2003,341406.0,967707.0,2.2821919999999998,-2.0985150000000004,DEU,PRT,210320
250299,64,179,5636,2003,18479.0,89989.0,1.309564,1.245596,DNK,PRT,210320
250300,71,179,5636,2003,2577462.0,1129121.0,0.960684,2.074792,ESP,PRT,210320
250301,72,179,5636,2003,0.0,150892.0,0.5913010000000001,0.8489979999999999,EST,PRT,210320
250302,74,179,5636,2003,0.0,82734.0,2.077889,0.942501,FIN,PRT,210320
250303,77,179,5636,2003,239032.0,2100535.0,1.606606,0.7394149999999999,FRA,PRT,210320
250304,81,179,5636,2003,11248.0,3437736.0,1.8712540000000002,0.706205,GBR,PRT,210320
250305,88,179,5636,2003,0.0,826.0,0.24509499999999998,-0.612725,GNB,PRT,210320
250306,90,179,5636,2003,10049.0,215306.0,0.364688,1.4823959999999998,GRC,PRT,210320
250307,97,179,5636,2003,0.0,12608.0,0.494569,2.147062,HKG,PRT,210320
250308,103,179,5636,2003,0.0,95729.0,-0.16802,1.7252990000000001,IDN,PRT,210320
250309,106,179,5636,2003,0.0,9816.0,1.6396130000000002,0.220599,IRL,PRT,210320
250310,109,179,5636,2003,0.0,16852.0,0.21902800000000003,-0.40818499999999996,ISL,PRT,210320
250311,111,179,5636,2003,135767.0,540435.0,1.399734,1.044608,ITA,PRT,210320
250312,114,179,5636,2003,0.0,2165.0,2.4686630000000003,0.48072600000000004,JPN,PRT,210320
250313,121,179,5636,2003,0.0,9331.0,1.2611709999999998,0.956308,KOR,PRT,210320
250314,130,179,5636,2003,0.0,6434.0,0.239608,0.517299,LTU,PRT,210320
250315,131,179,5636,2003,0.0,2582.0,1.444996,1.063764,LUX,PRT,210320
250316,132,179,5636,2003,0.0,2969.0,0.520772,0.5631689999999999,LVA,PRT,210320
250317,133,179,5636,2003,0.0,2383.0,-0.294516,-0.413828,MAC,PRT,210320
250318,134,179,5636,2003,0.0,2254.0,-0.6842050000000001,-0.217892,MAR,PRT,210320
250319,138,179,5636,2003,0.0,16127.0,0.862509,0.756684,MEX,PRT,210320
250320,147,179,5636,2003,0.0,3145.0,-1.188243,-1.123693,MOZ,PRT,210320
250321,155,179,5636,2003,0.0,12043.0,-0.24004499999999998,-0.39565900000000004,NAM,PRT,210320
250322,162,179,5636,2003,769882.0,1157162.0,1.168453,1.7085709999999998,NLD,PRT,210320
250323,163,179,5636,2003,0.0,174758.0,1.1500620000000001,0.258554,NOR,PRT,210320
250324,182,179,5636,2003,0.0,1467.0,-0.255707,-0.676557,PYF,PRT,210320
250325,186,179,5636,2003,0.0,3253.0,1.072729,0.338355,RUS,PRT,210320
250326,188,179,5636,2003,0.0,518981.0,0.202286,-0.714691,SAU,PRT,210320
250327,203,179,5636,2003,0.0,1168.0,1.046084,-0.183027,STP,PRT,210320
250328,206,179,5636,2003,0.0,7483.0,1.22565,0.915518,SVK,PRT,210320
250329,207,179,5636,2003,0.0,7235.0,1.6459840000000001,1.014191,SVN,PRT,210320
250330,208,179,5636,2003,0.0,1528035.0,2.099224,0.799982,SWE,PRT,210320
250331,231,179,5636,2003,179665.0,74106.0,1.7789220000000001,0.064028,USA,PRT,210320
250332,236,179,5636,2003,0.0,1469.0,0.277805,-0.783697,VEN,PRT,210320
250333,246,179,5636,2003,7728.0,11522.0,0.477987,2.255395,ZAF,PRT,210320
250334,250,179,5636,2003,0.0,1319.0,0.45951499999999995,-0.2312,ANS,PRT,210320
250335,8,180,5636,2003,194711.0,0.0,0.302073,0.49069700000000005,ARG,PRY,210320
250336,32,180,5636,2003,575463.0,0.0,0.660576,1.118876,BRA,PRY,210320
250337,42,180,5636,2003,38264.0,0.0,-0.06375900000000001,-0.156808,CHL,PRY,210320
250338,61,180,5636,2003,837.0,0.0,2.2821919999999998,-2.0985150000000004,DEU,PRY,210320
250339,7,190,5636,2003,19527.0,0.0,0.049637,-0.502691,ARE,SDN,210320
250340,69,190,5636,2003,3656.0,0.0,-0.105591,-0.247614,ERI,SDN,210320
250341,81,190,5636,2003,16021.0,0.0,1.8712540000000002,0.706205,GBR,SDN,210320
250342,142,190,5636,2003,2592.0,0.0,1.2138149999999999,-0.015687,MLT,SDN,210320
250343,188,190,5636,2003,155391.0,0.0,0.202286,-0.714691,SAU,SDN,210320
250344,224,190,5636,2003,7180.0,0.0,0.192802,1.9855060000000002,TUR,SDN,210320
250345,227,190,5636,2003,2982.0,0.0,-0.895193,-0.712039,UGA,SDN,210320
250346,39,197,5636,2003,0.0,1780.0,0.9791540000000001,1.185081,CAN,SLV,210320
250347,42,197,5636,2003,38212.0,0.0,-0.06375900000000001,-0.156808,CHL,SLV,210320
250348,52,197,5636,2003,980627.0,66487.0,-0.193904,-0.5049680000000001,CRI,SLV,210320
250349,93,197,5636,2003,844232.0,13645.0,-0.444162,0.145319,GTM,SLV,210320
250350,99,197,5636,2003,4253197.0,0.0,-0.733546,-0.568585,HND,SLV,210320
250351,111,197,5636,2003,2843.0,0.0,1.399734,1.044608,ITA,SLV,210320
250352,138,197,5636,2003,44002.0,0.0,0.862509,0.756684,MEX,SLV,210320
250353,169,197,5636,2003,202943.0,12471.0,-0.050386,-0.039619999999999995,PAN,SLV,210320
250354,231,197,5636,2003,463192.0,5724.0,1.7789220000000001,0.064028,USA,SLV,210320
250355,96,205,5636,2003,0.0,8715.0,-0.59035,-0.7361340000000001,GUY,SUR,210320
250356,162,205,5636,2003,24450.0,824.0,1.168453,1.7085709999999998,NLD,SUR,210320
250357,222,205,5636,2003,78335.0,0.0,-0.16738,-0.9820969999999999,TTO,SUR,210320
250358,231,205,5636,2003,16895.0,0.0,1.7789220000000001,0.064028,USA,SUR,210320
250359,14,208,5636,2003,2507.0,0.0,0.316879,0.9409489999999999,AUS,SWE,210320
250360,15,208,5636,2003,301836.0,89802.0,1.834977,0.408096,AUT,SWE,210320
250361,18,208,5636,2003,979591.0,148642.0,1.361682,1.39536,BEL,SWE,210320
250362,23,208,5636,2003,6205.0,0.0,0.43308599999999997,1.7104099999999998,BGR,SWE,210320
250363,41,208,5636,2003,0.0,11926.0,2.151037,0.711217,CHE,SWE,210320
250364,42,208,5636,2003,2756.0,0.0,-0.06375900000000001,-0.156808,CHL,SWE,210320
250365,43,208,5636,2003,0.0,11259.0,0.579431,2.773139,CHN,SWE,210320
250366,58,208,5636,2003,0.0,2220.0,0.259992,0.068914,CYP,SWE,210320
250367,61,208,5636,2003,348884.0,284958.0,2.2821919999999998,-2.0985150000000004,DEU,SWE,210320
250368,64,208,5636,2003,391286.0,521275.0,1.309564,1.245596,DNK,SWE,210320
250369,71,208,5636,2003,11675.0,6508.0,0.960684,2.074792,ESP,SWE,210320
250370,72,208,5636,2003,0.0,619890.0,0.5913010000000001,0.8489979999999999,EST,SWE,210320
250371,74,208,5636,2003,107697.0,3587359.0,2.077889,0.942501,FIN,SWE,210320
250372,77,208,5636,2003,87975.0,134325.0,1.606606,0.7394149999999999,FRA,SWE,210320
250373,78,208,5636,2003,0.0,56282.0,-0.46422299999999994,-0.8072050000000001,FRO,SWE,210320
250374,81,208,5636,2003,66372.0,15846.0,1.8712540000000002,0.706205,GBR,SWE,210320
250375,90,208,5636,2003,5002.0,0.0,0.364688,1.4823959999999998,GRC,SWE,210320
250376,109,208,5636,2003,0.0,7888.0,0.21902800000000003,-0.40818499999999996,ISL,SWE,210320
250377,110,208,5636,2003,39829.0,2155.0,1.157809,0.682195,ISR,SWE,210320
250378,111,208,5636,2003,921102.0,14385.0,1.399734,1.044608,ITA,SWE,210320
250379,122,208,5636,2003,0.0,3167.0,-0.7943640000000001,-1.1529770000000001,KWT,SWE,210320
250380,124,208,5636,2003,1085.0,0.0,0.261687,1.053856,LBN,SWE,210320
250381,130,208,5636,2003,0.0,17166.0,0.239608,0.517299,LTU,SWE,210320
250382,132,208,5636,2003,0.0,42680.0,0.520772,0.5631689999999999,LVA,SWE,210320
250383,162,208,5636,2003,12541714.0,50849.0,1.168453,1.7085709999999998,NLD,SWE,210320
250384,163,208,5636,2003,100078.0,521043.0,1.1500620000000001,0.258554,NOR,SWE,210320
250385,177,208,5636,2003,900981.0,0.0,0.966622,1.664838,POL,SWE,210320
250386,179,208,5636,2003,1528035.0,0.0,0.471376,1.647303,PRT,SWE,210320
250387,186,208,5636,2003,0.0,3864.0,1.072729,0.338355,RUS,SWE,210320
250388,188,208,5636,2003,0.0,1447.0,0.202286,-0.714691,SAU,SWE,210320
250389,192,208,5636,2003,0.0,6744.0,1.5080799999999999,0.720337,SGP,SWE,210320
250390,207,208,5636,2003,2082.0,0.0,1.6459840000000001,1.014191,SVN,SWE,210320
250391,216,208,5636,2003,1957.0,0.0,0.43010699999999996,1.607408,THA,SWE,210320
250392,224,208,5636,2003,1296014.0,0.0,0.192802,1.9855060000000002,TUR,SWE,210320
250393,228,208,5636,2003,5203.0,0.0,0.8929389999999999,0.956685,UKR,SWE,210320
250394,231,208,5636,2003,1592828.0,17592.0,1.7789220000000001,0.064028,USA,SWE,210320
250395,250,208,5636,2003,0.0,4437.0,0.45951499999999995,-0.2312,ANS,SWE,210320
250396,14,216,5636,2003,1024.0,1699.0,0.316879,0.9409489999999999,AUS,THA,210320
250397,16,216,5636,2003,0.0,310.0,-0.304606,-0.975453,AZE,THA,210320
250398,22,216,5636,2003,0.0,22243.0,-1.168404,-1.035782,BGD,THA,210320
250399,24,216,5636,2003,0.0,1282.0,-0.10968800000000001,-1.041032,BHR,THA,210320
250400,34,216,5636,2003,0.0,810.0,-1.342738,-0.978633,BRN,THA,210320
250401,39,216,5636,2003,0.0,85927.0,0.9791540000000001,1.185081,CAN,THA,210320
250402,43,216,5636,2003,1067746.0,218046.0,0.579431,2.773139,CHN,THA,210320
250403,58,216,5636,2003,0.0,2064.0,0.259992,0.068914,CYP,THA,210320
250404,64,216,5636,2003,0.0,2775.0,1.309564,1.245596,DNK,THA,210320
250405,71,216,5636,2003,896.0,9139.0,0.960684,2.074792,ESP,THA,210320
250406,73,216,5636,2003,0.0,889.0,-1.1145559999999999,-0.9599620000000001,ETH,THA,210320
250407,75,216,5636,2003,0.0,7528.0,-0.6865640000000001,-0.326977,FJI,THA,210320
250408,77,216,5636,2003,2616.0,0.0,1.606606,0.7394149999999999,FRA,THA,210320
250409,80,216,5636,2003,0.0,19820.0,-0.92745,-1.138466,GAB,THA,210320
250410,81,216,5636,2003,0.0,2859.0,1.8712540000000002,0.706205,GBR,THA,210320
250411,83,216,5636,2003,0.0,67123.0,-1.074188,-0.7127319999999999,GHA,THA,210320
250412,90,216,5636,2003,0.0,4057.0,0.364688,1.4823959999999998,GRC,THA,210320
250413,97,216,5636,2003,0.0,486186.0,0.494569,2.147062,HKG,THA,210320
250414,103,216,5636,2003,53235.0,8995.0,-0.16802,1.7252990000000001,IDN,THA,210320
250415,104,216,5636,2003,0.0,6878.0,0.33014099999999996,2.836003,IND,THA,210320
250416,106,216,5636,2003,0.0,14439.0,1.6396130000000002,0.220599,IRL,THA,210320
250417,107,216,5636,2003,0.0,1548.0,-0.552146,-0.8668520000000001,IRN,THA,210320
250418,111,216,5636,2003,31679.0,0.0,1.399734,1.044608,ITA,THA,210320
250419,114,216,5636,2003,75399.0,176541.0,2.4686630000000003,0.48072600000000004,JPN,THA,210320
250420,118,216,5636,2003,0.0,127781.0,-1.0165620000000002,-1.060454,KHM,THA,210320
250421,121,216,5636,2003,0.0,255827.0,1.2611709999999998,0.956308,KOR,THA,210320
250422,122,216,5636,2003,0.0,12635.0,-0.7943640000000001,-1.1529770000000001,KWT,THA,210320
250423,123,216,5636,2003,0.0,47344.0,-1.251741,-1.14364,LAO,THA,210320
250424,128,216,5636,2003,0.0,19141.0,-0.618057,0.101931,LKA,THA,210320
250425,130,216,5636,2003,0.0,1175.0,0.239608,0.517299,LTU,THA,210320
250426,133,216,5636,2003,0.0,1505.0,-0.294516,-0.413828,MAC,THA,210320
250427,137,216,5636,2003,0.0,3593.0,-1.201352,-1.031892,MDV,THA,210320
250428,138,216,5636,2003,12438.0,2019.0,0.862509,0.756684,MEX,THA,210320
250429,143,216,5636,2003,0.0,58106.0,-1.435123,-1.0948,MMR,THA,210320
250430,147,216,5636,2003,0.0,17162.0,-1.188243,-1.123693,MOZ,THA,210320
250431,151,216,5636,2003,0.0,1144.0,-0.361514,-0.29839899999999997,MUS,THA,210320
250432,153,216,5636,2003,2139.0,4547.0,0.728804,0.2168,MYS,THA,210320
250433,162,216,5636,2003,0.0,5160.0,1.168453,1.7085709999999998,NLD,THA,210320
250434,163,216,5636,2003,0.0,1063.0,1.1500620000000001,0.258554,NOR,THA,210320
250435,164,216,5636,2003,0.0,1796.0,-0.26353899999999997,1.351717,NPL,THA,210320
250436,174,216,5636,2003,0.0,1712.0,-0.065022,-0.195144,PHL,THA,210320
250437,177,216,5636,2003,0.0,7172.0,0.966622,1.664838,POL,THA,210320
250438,178,216,5636,2003,0.0,6965.0,0.7060420000000001,0.7718,PRK,THA,210320
250439,183,216,5636,2003,0.0,1173.0,-0.209042,-1.0565799999999999,QAT,THA,210320
250440,188,216,5636,2003,0.0,32637.0,0.202286,-0.714691,SAU,THA,210320
250441,192,216,5636,2003,1352.0,430281.0,1.5080799999999999,0.720337,SGP,THA,210320
250442,206,216,5636,2003,0.0,420.0,1.22565,0.915518,SVK,THA,210320
250443,208,216,5636,2003,0.0,1957.0,2.099224,0.799982,SWE,THA,210320
250444,231,216,5636,2003,175453.0,249659.0,1.7789220000000001,0.064028,USA,THA,210320
250445,239,216,5636,2003,0.0,104215.0,-0.633985,0.659696,VNM,THA,210320
250446,249,216,5636,2003,0.0,279997.0,1.5924040000000002,1.397843,TWN,THA,210320
250447,6,222,5636,2003,0.0,3046.0,0.108903,-0.650137,ANT,TTO,210320
250448,8,222,5636,2003,1878.0,0.0,0.302073,0.49069700000000005,ARG,TTO,210320
250449,13,222,5636,2003,0.0,10641.0,0.014283,-0.564587,ATG,TTO,210320
250450,29,222,5636,2003,0.0,2016.0,-0.543555,-0.7596,BLZ,TTO,210320
250451,33,222,5636,2003,0.0,830275.0,0.744166,0.074191,BRB,TTO,210320
250452,39,222,5636,2003,6717.0,62287.0,0.9791540000000001,1.185081,CAN,TTO,210320
250453,63,222,5636,2003,0.0,112564.0,0.11903299999999999,-0.21768200000000001,DMA,TTO,210320
250454,65,222,5636,2003,0.0,7903.0,-0.46264399999999994,-0.245034,DOM,TTO,210320
250455,81,222,5636,2003,0.0,994.0,1.8712540000000002,0.706205,GBR,TTO,210320
250456,91,222,5636,2003,0.0,291194.0,0.3936,-0.258355,GRD,TTO,210320
250457,96,222,5636,2003,0.0,406358.0,-0.59035,-0.7361340000000001,GUY,TTO,210320
250458,112,222,5636,2003,0.0,587446.0,-0.6684140000000001,-0.915817,JAM,TTO,210320
250459,120,222,5636,2003,0.0,64850.0,0.555154,-0.405962,KNA,TTO,210320
250460,127,222,5636,2003,0.0,283375.0,0.318385,-0.342679,LCA,TTO,210320
250461,138,222,5636,2003,67305.0,0.0,0.862509,0.756684,MEX,TTO,210320
250462,149,222,5636,2003,0.0,7978.0,0.383768,-0.320867,MSR,TTO,210320
250463,173,222,5636,2003,7727.0,0.0,-0.48627,0.371354,PER,TTO,210320
250464,205,222,5636,2003,0.0,78335.0,-0.896925,-0.88623,SUR,TTO,210320
250465,231,222,5636,2003,66578.0,3841.0,1.7789220000000001,0.064028,USA,TTO,210320
250466,234,222,5636,2003,0.0,153147.0,-0.355758,-0.679181,VCT,TTO,210320
250467,237,222,5636,2003,0.0,3321.0,0.685109,-0.20824299999999998,VGB,TTO,210320
250468,249,222,5636,2003,1330.0,0.0,1.5924040000000002,1.397843,TWN,TTO,210320
250469,250,222,5636,2003,2220.0,19346.0,0.45951499999999995,-0.2312,ANS,TTO,210320
250470,1,224,5636,2003,0.0,1096.0,-0.421205,-0.602704,AFG,TUR,210320
250471,6,224,5636,2003,0.0,12424.0,0.108903,-0.650137,ANT,TUR,210320
250472,7,224,5636,2003,0.0,9972.0,0.049637,-0.502691,ARE,TUR,210320
250473,9,224,5636,2003,0.0,93679.0,0.497521,-0.305788,ARM,TUR,210320
250474,14,224,5636,2003,0.0,25995.0,0.316879,0.9409489999999999,AUS,TUR,210320
250475,15,224,5636,2003,0.0,3278.0,1.834977,0.408096,AUT,TUR,210320
250476,16,224,5636,2003,0.0,161488.0,-0.304606,-0.975453,AZE,TUR,210320
250477,18,224,5636,2003,9214.0,27622.0,1.361682,1.39536,BEL,TUR,210320
250478,19,224,5636,2003,0.0,854.0,-1.150888,-0.956203,BEN,TUR,210320
250479,24,224,5636,2003,0.0,7674.0,-0.10968800000000001,-1.041032,BHR,TUR,210320
250480,39,224,5636,2003,0.0,4542.0,0.9791540000000001,1.185081,CAN,TUR,210320
250481,41,224,5636,2003,0.0,1265.0,2.151037,0.711217,CHE,TUR,210320
250482,44,224,5636,2003,0.0,5183.0,-0.699928,-0.723739,CIV,TUR,210320
250483,45,224,5636,2003,0.0,8672.0,-1.254788,-1.10897,CMR,TUR,210320
250484,47,224,5636,2003,0.0,3458.0,-1.6789619999999998,-1.182557,COG,TUR,210320
250485,58,224,5636,2003,0.0,202658.0,0.259992,0.068914,CYP,TUR,210320
250486,61,224,5636,2003,25148.0,348973.0,2.2821919999999998,-2.0985150000000004,DEU,TUR,210320
250487,64,224,5636,2003,0.0,248848.0,1.309564,1.245596,DNK,TUR,210320
250488,66,224,5636,2003,0.0,9627.0,-1.060727,-1.142594,DZA,TUR,210320
250489,69,224,5636,2003,0.0,16291.0,-0.105591,-0.247614,ERI,TUR,210320
250490,71,224,5636,2003,31747.0,0.0,0.960684,2.074792,ESP,TUR,210320
250491,72,224,5636,2003,0.0,19400.0,0.5913010000000001,0.8489979999999999,EST,TUR,210320
250492,74,224,5636,2003,0.0,239900.0,2.077889,0.942501,FIN,TUR,210320
250493,77,224,5636,2003,0.0,566770.0,1.606606,0.7394149999999999,FRA,TUR,210320
250494,81,224,5636,2003,23049.0,223194.0,1.8712540000000002,0.706205,GBR,TUR,210320
250495,82,224,5636,2003,0.0,152701.0,0.595485,-0.25939,GEO,TUR,210320
250496,90,224,5636,2003,0.0,46935.0,0.364688,1.4823959999999998,GRC,TUR,210320
250497,97,224,5636,2003,0.0,30929.0,0.494569,2.147062,HKG,TUR,210320
250498,100,224,5636,2003,0.0,1264.0,0.568394,1.230759,HRV,TUR,210320
250499,108,224,5636,2003,0.0,311414.0,-0.398557,-0.774153,IRQ,TUR,210320
250500,109,224,5636,2003,0.0,1164.0,0.21902800000000003,-0.40818499999999996,ISL,TUR,210320
250501,110,224,5636,2003,0.0,100747.0,1.157809,0.682195,ISR,TUR,210320
250502,111,224,5636,2003,13526.0,2477.0,1.399734,1.044608,ITA,TUR,210320
250503,114,224,5636,2003,0.0,552167.0,2.4686630000000003,0.48072600000000004,JPN,TUR,210320
250504,115,224,5636,2003,0.0,3079.0,-0.156326,-0.62092,KAZ,TUR,210320
250505,117,224,5636,2003,0.0,3824.0,0.25359699999999996,0.24101199999999998,KGZ,TUR,210320
250506,122,224,5636,2003,0.0,13092.0,-0.7943640000000001,-1.1529770000000001,KWT,TUR,210320
250507,124,224,5636,2003,0.0,3921.0,0.261687,1.053856,LBN,TUR,210320
250508,140,224,5636,2003,0.0,25111.0,-0.017632,0.225394,MKD,TUR,210320
250509,141,224,5636,2003,0.0,1736.0,-0.786411,-0.879049,MLI,TUR,210320
250510,145,224,5636,2003,0.0,2071.0,-0.9747620000000001,-1.026308,MNG,TUR,210320
250511,156,224,5636,2003,0.0,851.0,-0.344934,-0.776632,NCL,TUR,210320
250512,159,224,5636,2003,0.0,3769.0,-1.859176,-1.234236,NGA,TUR,210320
250513,162,224,5636,2003,71323.0,71310.0,1.168453,1.7085709999999998,NLD,TUR,210320
250514,163,224,5636,2003,0.0,231083.0,1.1500620000000001,0.258554,NOR,TUR,210320
250515,174,224,5636,2003,0.0,1049.0,-0.065022,-0.195144,PHL,TUR,210320
250516,177,224,5636,2003,0.0,66685.0,0.966622,1.664838,POL,TUR,210320
250517,183,224,5636,2003,0.0,10348.0,-0.209042,-1.0565799999999999,QAT,TUR,210320
250518,185,224,5636,2003,0.0,12308.0,0.378379,1.0064620000000002,ROU,TUR,210320
250519,186,224,5636,2003,0.0,23216.0,1.072729,0.338355,RUS,TUR,210320
250520,188,224,5636,2003,0.0,137492.0,0.202286,-0.714691,SAU,TUR,210320
250521,189,224,5636,2003,0.0,1296.0,0.575326,1.627894,SCG,TUR,210320
250522,190,224,5636,2003,0.0,7180.0,-1.3535059999999999,-1.1701409999999999,SDN,TUR,210320
250523,208,224,5636,2003,0.0,1296014.0,2.099224,0.799982,SWE,TUR,210320
250524,219,224,5636,2003,0.0,2710.0,-1.223295,-1.250217,TKM,TUR,210320
250525,228,224,5636,2003,416482.0,0.0,0.8929389999999999,0.956685,UKR,TUR,210320
250526,231,224,5636,2003,2026750.0,158990.0,1.7789220000000001,0.064028,USA,TUR,210320
250527,232,224,5636,2003,0.0,6284.0,-0.285978,-0.703334,UZB,TUR,210320
250528,246,224,5636,2003,0.0,8285.0,0.477987,2.255395,ZAF,TUR,210320
250529,249,224,5636,2003,0.0,2577.0,1.5924040000000002,1.397843,TWN,TUR,210320
250530,250,224,5636,2003,0.0,104967.0,0.45951499999999995,-0.2312,ANS,TUR,210320
250531,8,230,5636,2003,187756.0,0.0,0.302073,0.49069700000000005,ARG,URY,210320
250532,32,230,5636,2003,205647.0,0.0,0.660576,1.118876,BRA,URY,210320
250533,42,230,5636,2003,83693.0,0.0,-0.06375900000000001,-0.156808,CHL,URY,210320
250534,61,230,5636,2003,2608.0,0.0,2.2821919999999998,-2.0985150000000004,DEU,URY,210320
250535,71,230,5636,2003,1239.0,0.0,0.960684,2.074792,ESP,URY,210320
250536,81,230,5636,2003,5911.0,0.0,1.8712540000000002,0.706205,GBR,URY,210320
250537,111,230,5636,2003,4692.0,0.0,1.399734,1.044608,ITA,URY,210320
250538,231,230,5636,2003,7195.0,0.0,1.7789220000000001,0.064028,USA,URY,210320
250539,236,230,5636,2003,1612.0,0.0,0.277805,-0.783697,VEN,URY,210320
250540,0,231,5636,2003,0.0,288389.0,-0.13006600000000001,-0.783431,ABW,USA,210320
250541,3,231,5636,2003,0.0,13698.0,1.159575,-0.060911,AIA,USA,210320
250542,6,231,5636,2003,0.0,1261884.0,0.108903,-0.650137,ANT,USA,210320
250543,7,231,5636,2003,0.0,1376519.0,0.049637,-0.502691,ARE,USA,210320
250544,8,231,5636,2003,8767.0,39584.0,0.302073,0.49069700000000005,ARG,USA,210320
250545,9,231,5636,2003,0.0,789.0,0.497521,-0.305788,ARM,USA,210320
250546,13,231,5636,2003,0.0,185358.0,0.014283,-0.564587,ATG,USA,210320
250547,14,231,5636,2003,0.0,351744.0,0.316879,0.9409489999999999,AUS,USA,210320
250548,15,231,5636,2003,0.0,103551.0,1.834977,0.408096,AUT,USA,210320
250549,18,231,5636,2003,0.0,26752.0,1.361682,1.39536,BEL,USA,210320
250550,22,231,5636,2003,0.0,2107.0,-1.168404,-1.035782,BGD,USA,210320
250551,23,231,5636,2003,23726.0,0.0,0.43308599999999997,1.7104099999999998,BGR,USA,210320
250552,24,231,5636,2003,0.0,80375.0,-0.10968800000000001,-1.041032,BHR,USA,210320
250553,25,231,5636,2003,0.0,1145646.0,0.614422,-0.40984,BHS,USA,210320
250554,26,231,5636,2003,2825.0,0.0,0.195667,0.347011,BIH,USA,210320
250555,28,231,5636,2003,0.0,1170.0,0.847358,0.9307719999999999,BLR,USA,210320
250556,29,231,5636,2003,9514.0,124371.0,-0.543555,-0.7596,BLZ,USA,210320
250557,30,231,5636,2003,0.0,403070.0,0.9966459999999999,-0.5183270000000001,BMU,USA,210320
250558,31,231,5636,2003,0.0,11767.0,-0.787995,-0.7228899999999999,BOL,USA,210320
250559,32,231,5636,2003,15343.0,154479.0,0.660576,1.118876,BRA,USA,210320
250560,33,231,5636,2003,0.0,269193.0,0.744166,0.074191,BRB,USA,210320
250561,34,231,5636,2003,0.0,6967.0,-1.342738,-0.978633,BRN,USA,210320
250562,39,231,5636,2003,39103748.0,83498840.0,0.9791540000000001,1.185081,CAN,USA,210320
250563,41,231,5636,2003,0.0,5237.0,2.151037,0.711217,CHE,USA,210320
250564,42,231,5636,2003,8145.0,130200.0,-0.06375900000000001,-0.156808,CHL,USA,210320
250565,43,231,5636,2003,445933.0,1117846.0,0.579431,2.773139,CHN,USA,210320
250566,44,231,5636,2003,0.0,811.0,-0.699928,-0.723739,CIV,USA,210320
250567,49,231,5636,2003,11870.0,84488.0,0.218336,0.376869,COL,USA,210320
250568,51,231,5636,2003,0.0,1586.0,0.070649,-0.541279,CPV,USA,210320
250569,52,231,5636,2003,2139.0,569515.0,-0.193904,-0.5049680000000001,CRI,USA,210320
250570,54,231,5636,2003,0.0,64580.0,-0.391515,-0.8562120000000001,CUB,USA,210320
250571,57,231,5636,2003,0.0,12244.0,0.308768,-0.690944,CYM,USA,210320
250572,58,231,5636,2003,0.0,11113.0,0.259992,0.068914,CYP,USA,210320
250573,59,231,5636,2003,0.0,27223.0,1.555749,0.8662059999999999,CZE,USA,210320
250574,61,231,5636,2003,20301.0,35507.0,2.2821919999999998,-2.0985150000000004,DEU,USA,210320
250575,63,231,5636,2003,0.0,22162.0,0.11903299999999999,-0.21768200000000001,DMA,USA,210320
250576,64,231,5636,2003,0.0,255882.0,1.309564,1.245596,DNK,USA,210320
250577,65,231,5636,2003,4822110.0,1127690.0,-0.46264399999999994,-0.245034,DOM,USA,210320
250578,66,231,5636,2003,0.0,1247.0,-1.060727,-1.142594,DZA,USA,210320
250579,67,231,5636,2003,0.0,49509.0,-0.8689370000000001,-0.889767,ECU,USA,210320
250580,68,231,5636,2003,10067.0,154717.0,-0.292923,0.465433,EGY,USA,210320
250581,69,231,5636,2003,0.0,5673.0,-0.105591,-0.247614,ERI,USA,210320
250582,71,231,5636,2003,103936.0,1025507.0,0.960684,2.074792,ESP,USA,210320
250583,72,231,5636,2003,0.0,4471.0,0.5913010000000001,0.8489979999999999,EST,USA,210320
250584,74,231,5636,2003,0.0,6431.0,2.077889,0.942501,FIN,USA,210320
250585,75,231,5636,2003,0.0,1073.0,-0.6865640000000001,-0.326977,FJI,USA,210320
250586,77,231,5636,2003,56277.0,435330.0,1.606606,0.7394149999999999,FRA,USA,210320
250587,78,231,5636,2003,0.0,786.0,-0.46422299999999994,-0.8072050000000001,FRO,USA,210320
250588,79,231,5636,2003,0.0,63157.0,-1.370191,-1.028812,FSM,USA,210320
250589,81,231,5636,2003,132023.0,2826474.0,1.8712540000000002,0.706205,GBR,USA,210320
250590,82,231,5636,2003,6983.0,0.0,0.595485,-0.25939,GEO,USA,210320
250591,83,231,5636,2003,0.0,76930.0,-1.074188,-0.7127319999999999,GHA,USA,210320
250592,87,231,5636,2003,0.0,1638.0,-0.230541,-0.275663,GMB,USA,210320
250593,90,231,5636,2003,0.0,44214.0,0.364688,1.4823959999999998,GRC,USA,210320
250594,91,231,5636,2003,0.0,29851.0,0.3936,-0.258355,GRD,USA,210320
250595,92,231,5636,2003,0.0,1213.0,-0.764655,-0.8684200000000001,GRL,USA,210320
250596,93,231,5636,2003,21090.0,1433806.0,-0.444162,0.145319,GTM,USA,210320
250597,96,231,5636,2003,0.0,202968.0,-0.59035,-0.7361340000000001,GUY,USA,210320
250598,97,231,5636,2003,19589.0,1733394.0,0.494569,2.147062,HKG,USA,210320
250599,99,231,5636,2003,55846.0,679896.0,-0.733546,-0.568585,HND,USA,210320
250600,100,231,5636,2003,1319.0,0.0,0.568394,1.230759,HRV,USA,210320
250601,101,231,5636,2003,0.0,26305.0,-1.3761290000000002,-1.006346,HTI,USA,210320
250602,102,231,5636,2003,2844.0,4962.0,1.2003270000000001,1.091407,HUN,USA,210320
250603,103,231,5636,2003,62770.0,162849.0,-0.16802,1.7252990000000001,IDN,USA,210320
250604,104,231,5636,2003,122052.0,17314.0,0.33014099999999996,2.836003,IND,USA,210320
250605,106,231,5636,2003,0.0,32137.0,1.6396130000000002,0.220599,IRL,USA,210320
250606,109,231,5636,2003,0.0,870484.0,0.21902800000000003,-0.40818499999999996,ISL,USA,210320
250607,110,231,5636,2003,8080.0,1566697.0,1.157809,0.682195,ISR,USA,210320
250608,111,231,5636,2003,2553124.0,11748.0,1.399734,1.044608,ITA,USA,210320
250609,112,231,5636,2003,2101.0,79916.0,-0.6684140000000001,-0.915817,JAM,USA,210320
250610,113,231,5636,2003,0.0,335270.0,0.12295,0.377031,JOR,USA,210320
250611,114,231,5636,2003,72731.0,5626340.0,2.4686630000000003,0.48072600000000004,JPN,USA,210320
250612,115,231,5636,2003,0.0,10550.0,-0.156326,-0.62092,KAZ,USA,210320
250613,116,231,5636,2003,0.0,54877.0,-0.3531,0.582992,KEN,USA,210320
250614,118,231,5636,2003,0.0,1922.0,-1.0165620000000002,-1.060454,KHM,USA,210320
250615,120,231,5636,2003,0.0,103393.0,0.555154,-0.405962,KNA,USA,210320
250616,121,231,5636,2003,3017.0,4114899.0,1.2611709999999998,0.956308,KOR,USA,210320
250617,122,231,5636,2003,0.0,2560674.0,-0.7943640000000001,-1.1529770000000001,KWT,USA,210320
250618,124,231,5636,2003,0.0,307238.0,0.261687,1.053856,LBN,USA,210320
250619,127,231,5636,2003,0.0,148747.0,0.318385,-0.342679,LCA,USA,210320
250620,130,231,5636,2003,3021.0,2247.0,0.239608,0.517299,LTU,USA,210320
250621,132,231,5636,2003,1146.0,1839.0,0.520772,0.5631689999999999,LVA,USA,210320
250622,133,231,5636,2003,0.0,45971.0,-0.294516,-0.413828,MAC,USA,210320
250623,134,231,5636,2003,0.0,14641.0,-0.6842050000000001,-0.217892,MAR,USA,210320
250624,137,231,5636,2003,0.0,2235.0,-1.201352,-1.031892,MDV,USA,210320
250625,138,231,5636,2003,7690100.0,11913652.0,0.862509,0.756684,MEX,USA,210320
250626,139,231,5636,2003,0.0,6704.0,-1.7295669999999999,-0.926291,MHL,USA,210320
250627,140,231,5636,2003,1298.0,0.0,-0.017632,0.225394,MKD,USA,210320
250628,142,231,5636,2003,12134.0,6292.0,1.2138149999999999,-0.015687,MLT,USA,210320
250629,145,231,5636,2003,0.0,4476.0,-0.9747620000000001,-1.026308,MNG,USA,210320
250630,147,231,5636,2003,0.0,1612.0,-1.188243,-1.123693,MOZ,USA,210320
250631,149,231,5636,2003,0.0,5855.0,0.383768,-0.320867,MSR,USA,210320
250632,153,231,5636,2003,50526.0,407528.0,0.728804,0.2168,MYS,USA,210320
250633,155,231,5636,2003,6635.0,5155.0,-0.24004499999999998,-0.39565900000000004,NAM,USA,210320
250634,156,231,5636,2003,0.0,3228.0,-0.344934,-0.776632,NCL,USA,210320
250635,159,231,5636,2003,0.0,95859.0,-1.859176,-1.234236,NGA,USA,210320
250636,160,231,5636,2003,2107.0,124444.0,-0.8661459999999999,-0.8661690000000001,NIC,USA,210320
250637,162,231,5636,2003,14818.0,1053754.0,1.168453,1.7085709999999998,NLD,USA,210320
250638,163,231,5636,2003,0.0,808488.0,1.1500620000000001,0.258554,NOR,USA,210320
250639,164,231,5636,2003,0.0,6614.0,-0.26353899999999997,1.351717,NPL,USA,210320
250640,166,231,5636,2003,1295.0,5957.0,0.589619,0.997301,NZL,USA,210320
250641,167,231,5636,2003,0.0,80655.0,-1.434873,-1.188123,OMN,USA,210320
250642,168,231,5636,2003,0.0,18963.0,-0.6659689999999999,0.137924,PAK,USA,210320
250643,169,231,5636,2003,0.0,498792.0,-0.050386,-0.039619999999999995,PAN,USA,210320
250644,173,231,5636,2003,80004.0,99490.0,-0.48627,0.371354,PER,USA,210320
250645,174,231,5636,2003,11916.0,576540.0,-0.065022,-0.195144,PHL,USA,210320
250646,175,231,5636,2003,0.0,2768.0,-0.478426,-0.85765,PLW,USA,210320
250647,176,231,5636,2003,0.0,12226.0,-1.7997330000000002,-1.2110049999999999,PNG,USA,210320
250648,177,231,5636,2003,24695.0,0.0,0.966622,1.664838,POL,USA,210320
250649,179,231,5636,2003,74106.0,179665.0,0.471376,1.647303,PRT,USA,210320
250650,182,231,5636,2003,0.0,344146.0,-0.255707,-0.676557,PYF,USA,210320
250651,183,231,5636,2003,0.0,141693.0,-0.209042,-1.0565799999999999,QAT,USA,210320
250652,185,231,5636,2003,1109.0,0.0,0.378379,1.0064620000000002,ROU,USA,210320
250653,186,231,5636,2003,18318.0,5174.0,1.072729,0.338355,RUS,USA,210320
250654,188,231,5636,2003,0.0,1781665.0,0.202286,-0.714691,SAU,USA,210320
250655,191,231,5636,2003,0.0,53599.0,-0.25203600000000004,-0.25549299999999997,SEN,USA,210320
250656,192,231,5636,2003,0.0,640654.0,1.5080799999999999,0.720337,SGP,USA,210320
250657,197,231,5636,2003,5724.0,463192.0,-0.251357,-0.189917,SLV,USA,210320
250658,205,231,5636,2003,0.0,16895.0,-0.896925,-0.88623,SUR,USA,210320
250659,206,231,5636,2003,0.0,4789.0,1.22565,0.915518,SVK,USA,210320
250660,207,231,5636,2003,0.0,9753.0,1.6459840000000001,1.014191,SVN,USA,210320
250661,208,231,5636,2003,17592.0,1592828.0,2.099224,0.799982,SWE,USA,210320
250662,211,231,5636,2003,0.0,40872.0,-0.44341099999999994,-0.742566,SYC,USA,210320
250663,212,231,5636,2003,0.0,3327.0,-0.868749,-0.326322,SYR,USA,210320
250664,216,231,5636,2003,249659.0,175453.0,0.43010699999999996,1.607408,THA,USA,210320
250665,221,231,5636,2003,0.0,8589.0,-0.8467379999999999,-0.815816,TON,USA,210320
250666,222,231,5636,2003,3841.0,66578.0,-0.16738,-0.9820969999999999,TTO,USA,210320
250667,223,231,5636,2003,0.0,25730.0,-0.14845999999999998,0.255092,TUN,USA,210320
250668,224,231,5636,2003,158990.0,2026750.0,0.192802,1.9855060000000002,TUR,USA,210320
250669,228,231,5636,2003,4872.0,0.0,0.8929389999999999,0.956685,UKR,USA,210320
250670,230,231,5636,2003,0.0,7195.0,0.19792200000000001,0.243104,URY,USA,210320
250671,234,231,5636,2003,0.0,3773.0,-0.355758,-0.679181,VCT,USA,210320
250672,236,231,5636,2003,0.0,96859.0,0.277805,-0.783697,VEN,USA,210320
250673,237,231,5636,2003,0.0,91332.0,0.685109,-0.20824299999999998,VGB,USA,210320
250674,239,231,5636,2003,0.0,5494.0,-0.633985,0.659696,VNM,USA,210320
250675,242,231,5636,2003,0.0,16855.0,-0.304377,-0.620659,WSM,USA,210320
250676,243,231,5636,2003,0.0,36148.0,-1.453584,-1.257815,YEM,USA,210320
250677,246,231,5636,2003,2470.0,100961.0,0.477987,2.255395,ZAF,USA,210320
250678,249,231,5636,2003,0.0,1132389.0,1.5924040000000002,1.397843,TWN,USA,210320
250679,0,236,5636,2003,0.0,16113.0,-0.13006600000000001,-0.783431,ABW,VEN,210320
250680,6,236,5636,2003,0.0,22812.0,0.108903,-0.650137,ANT,VEN,210320
250681,8,236,5636,2003,3169.0,0.0,0.302073,0.49069700000000005,ARG,VEN,210320
250682,31,236,5636,2003,0.0,4467.0,-0.787995,-0.7228899999999999,BOL,VEN,210320
250683,42,236,5636,2003,13395.0,3081.0,-0.06375900000000001,-0.156808,CHL,VEN,210320
250684,43,236,5636,2003,0.0,2687.0,0.579431,2.773139,CHN,VEN,210320
250685,49,236,5636,2003,119388.0,492530.0,0.218336,0.376869,COL,VEN,210320
250686,65,236,5636,2003,0.0,26983.0,-0.46264399999999994,-0.245034,DOM,VEN,210320
250687,67,236,5636,2003,0.0,92561.0,-0.8689370000000001,-0.889767,ECU,VEN,210320
250688,71,236,5636,2003,30286.0,0.0,0.960684,2.074792,ESP,VEN,210320
250689,101,236,5636,2003,0.0,1598.0,-1.3761290000000002,-1.006346,HTI,VEN,210320
250690,111,236,5636,2003,11700.0,0.0,1.399734,1.044608,ITA,VEN,210320
250691,162,236,5636,2003,37902.0,0.0,1.168453,1.7085709999999998,NLD,VEN,210320
250692,173,236,5636,2003,0.0,22722.0,-0.48627,0.371354,PER,VEN,210320
250693,179,236,5636,2003,1469.0,0.0,0.471376,1.647303,PRT,VEN,210320
250694,230,236,5636,2003,0.0,1612.0,0.19792200000000001,0.243104,URY,VEN,210320
250695,231,236,5636,2003,96859.0,0.0,1.7789220000000001,0.064028,USA,VEN,210320
250696,81,237,5636,2003,2123.0,0.0,1.8712540000000002,0.706205,GBR,VGB,210320
250697,222,237,5636,2003,3321.0,0.0,-0.16738,-0.9820969999999999,TTO,VGB,210320
250698,231,237,5636,2003,91332.0,0.0,1.7789220000000001,0.064028,USA,VGB,210320
250699,2,246,5636,2003,0.0,36140.0,-1.8762919999999998,-1.176541,AGO,ZAF,210320
250700,7,246,5636,2003,125381.0,1751.0,0.049637,-0.502691,ARE,ZAF,210320
250701,14,246,5636,2003,60221.0,24007.0,0.316879,0.9409489999999999,AUS,ZAF,210320
250702,37,246,5636,2003,11415.0,8055200.0,-0.517317,-1.1125770000000001,BWA,ZAF,210320
250703,39,246,5636,2003,237910.0,7983.0,0.9791540000000001,1.185081,CAN,ZAF,210320
250704,44,246,5636,2003,0.0,2846.0,-0.699928,-0.723739,CIV,ZAF,210320
250705,46,246,5636,2003,0.0,4763.0,-1.366232,-1.0778860000000001,COD,ZAF,210320
250706,58,246,5636,2003,0.0,1297.0,0.259992,0.068914,CYP,ZAF,210320
250707,61,246,5636,2003,7897.0,0.0,2.2821919999999998,-2.0985150000000004,DEU,ZAF,210320
250708,64,246,5636,2003,1312.0,0.0,1.309564,1.245596,DNK,ZAF,210320
250709,71,246,5636,2003,128971.0,0.0,0.960684,2.074792,ESP,ZAF,210320
250710,73,246,5636,2003,0.0,2649.0,-1.1145559999999999,-0.9599620000000001,ETH,ZAF,210320
250711,81,246,5636,2003,0.0,39014.0,1.8712540000000002,0.706205,GBR,ZAF,210320
250712,83,246,5636,2003,0.0,3857.0,-1.074188,-0.7127319999999999,GHA,ZAF,210320
250713,87,246,5636,2003,0.0,1124.0,-0.230541,-0.275663,GMB,ZAF,210320
250714,97,246,5636,2003,0.0,10345.0,0.494569,2.147062,HKG,ZAF,210320
250715,103,246,5636,2003,0.0,4332.0,-0.16802,1.7252990000000001,IDN,ZAF,210320
250716,111,246,5636,2003,53527.0,10007.0,1.399734,1.044608,ITA,ZAF,210320
250717,116,246,5636,2003,0.0,17966.0,-0.3531,0.582992,KEN,ZAF,210320
250718,121,246,5636,2003,3817.0,0.0,1.2611709999999998,0.956308,KOR,ZAF,210320
250719,122,246,5636,2003,0.0,10987.0,-0.7943640000000001,-1.1529770000000001,KWT,ZAF,210320
250720,128,246,5636,2003,0.0,2491.0,-0.618057,0.101931,LKA,ZAF,210320
250721,129,246,5636,2003,0.0,196526.0,-1.405425,-1.046031,LSO,ZAF,210320
250722,136,246,5636,2003,0.0,8657.0,-1.254758,-0.622696,MDG,ZAF,210320
250723,141,246,5636,2003,0.0,1512.0,-0.786411,-0.879049,MLI,ZAF,210320
250724,147,246,5636,2003,0.0,252966.0,-1.188243,-1.123693,MOZ,ZAF,210320
250725,151,246,5636,2003,0.0,40578.0,-0.361514,-0.29839899999999997,MUS,ZAF,210320
250726,152,246,5636,2003,0.0,30346.0,-1.48079,-1.235645,MWI,ZAF,210320
250727,155,246,5636,2003,0.0,703125.0,-0.24004499999999998,-0.39565900000000004,NAM,ZAF,210320
250728,159,246,5636,2003,0.0,11938.0,-1.859176,-1.234236,NGA,ZAF,210320
250729,162,246,5636,2003,0.0,138872.0,1.168453,1.7085709999999998,NLD,ZAF,210320
250730,166,246,5636,2003,0.0,6699.0,0.589619,0.997301,NZL,ZAF,210320
250731,179,246,5636,2003,11522.0,7728.0,0.471376,1.647303,PRT,ZAF,210320
250732,183,246,5636,2003,0.0,2887.0,-0.209042,-1.0565799999999999,QAT,ZAF,210320
250733,188,246,5636,2003,17109.0,1175.0,0.202286,-0.714691,SAU,ZAF,210320
250734,192,246,5636,2003,0.0,1046.0,1.5080799999999999,0.720337,SGP,ZAF,210320
250735,194,246,5636,2003,0.0,9365.0,0.9663959999999999,0.042493,SHN,ZAF,210320
250736,196,246,5636,2003,0.0,5187.0,0.129923,-0.19926300000000002,SLE,ZAF,210320
250737,209,246,5636,2003,1125.0,1064486.0,0.399541,-0.23342600000000002,SWZ,ZAF,210320
250738,224,246,5636,2003,8285.0,0.0,0.192802,1.9855060000000002,TUR,ZAF,210320
250739,226,246,5636,2003,0.0,18155.0,-1.225217,-0.43662399999999996,TZA,ZAF,210320
250740,227,246,5636,2003,0.0,5721.0,-0.895193,-0.712039,UGA,ZAF,210320
250741,231,246,5636,2003,100961.0,2470.0,1.7789220000000001,0.064028,USA,ZAF,210320
250742,247,246,5636,2003,0.0,144716.0,-0.678149,-0.5919449999999999,ZMB,ZAF,210320
250743,248,246,5636,2003,104670.0,47252.0,-0.366539,-0.18906199999999998,ZWE,ZAF,210320
250744,249,246,5636,2003,1243.0,0.0,1.5924040000000002,1.397843,TWN,ZAF,210320
250745,14,249,5636,2003,83302.0,2715.0,0.316879,0.9409489999999999,AUS,TWN,210320
250746,39,249,5636,2003,3069.0,4338.0,0.9791540000000001,1.185081,CAN,TWN,210320
250747,43,249,5636,2003,990.0,0.0,0.579431,2.773139,CHN,TWN,210320
250748,61,249,5636,2003,16837.0,0.0,2.2821919999999998,-2.0985150000000004,DEU,TWN,210320
250749,71,249,5636,2003,129718.0,0.0,0.960684,2.074792,ESP,TWN,210320
250750,75,249,5636,2003,0.0,6969.0,-0.6865640000000001,-0.326977,FJI,TWN,210320
250751,77,249,5636,2003,18924.0,0.0,1.606606,0.7394149999999999,FRA,TWN,210320
250752,79,249,5636,2003,0.0,1190.0,-1.370191,-1.028812,FSM,TWN,210320
250753,81,249,5636,2003,950.0,0.0,1.8712540000000002,0.706205,GBR,TWN,210320
250754,97,249,5636,2003,0.0,1643.0,0.494569,2.147062,HKG,TWN,210320
250755,103,249,5636,2003,54869.0,0.0,-0.16802,1.7252990000000001,IDN,TWN,210320
250756,106,249,5636,2003,17607.0,0.0,1.6396130000000002,0.220599,IRL,TWN,210320
250757,111,249,5636,2003,226132.0,0.0,1.399734,1.044608,ITA,TWN,210320
250758,114,249,5636,2003,134382.0,0.0,2.4686630000000003,0.48072600000000004,JPN,TWN,210320
250759,121,249,5636,2003,247906.0,0.0,1.2611709999999998,0.956308,KOR,TWN,210320
250760,133,249,5636,2003,0.0,3055.0,-0.294516,-0.413828,MAC,TWN,210320
250761,142,249,5636,2003,45695.0,0.0,1.2138149999999999,-0.015687,MLT,TWN,210320
250762,153,249,5636,2003,93552.0,0.0,0.728804,0.2168,MYS,TWN,210320
250763,174,249,5636,2003,5096.0,0.0,-0.065022,-0.195144,PHL,TWN,210320
250764,192,249,5636,2003,1373.0,300656.0,1.5080799999999999,0.720337,SGP,TWN,210320
250765,216,249,5636,2003,279997.0,0.0,0.43010699999999996,1.607408,THA,TWN,210320
250766,222,249,5636,2003,0.0,1330.0,-0.16738,-0.9820969999999999,TTO,TWN,210320
250767,224,249,5636,2003,2577.0,0.0,0.192802,1.9855060000000002,TUR,TWN,210320
250768,231,249,5636,2003,1132389.0,0.0,1.7789220000000001,0.064028,USA,TWN,210320
250769,239,249,5636,2003,0.0,15113.0,-0.633985,0.659696,VNM,TWN,210320
250770,246,249,5636,2003,0.0,1243.0,0.477987,2.255395,ZAF,TWN,210320
250771,250,249,5636,2003,0.0,1827.0,0.45951499999999995,-0.2312,ANS,TWN,210320
250772,7,14,5636,2003,0.0,4881.0,0.049637,-0.502691,ARE,AUS,210320
250773,34,14,5636,2003,0.0,3169.0,-1.342738,-0.978633,BRN,AUS,210320
250774,39,14,5636,2003,0.0,8869.0,0.9791540000000001,1.185081,CAN,AUS,210320
250775,43,14,5636,2003,4322.0,26014.0,0.579431,2.773139,CHN,AUS,210320
250776,61,14,5636,2003,3884.0,15561.0,2.2821919999999998,-2.0985150000000004,DEU,AUS,210320
250777,71,14,5636,2003,234317.0,0.0,0.960684,2.074792,ESP,AUS,210320
250778,73,14,5636,2003,0.0,4779.0,-1.1145559999999999,-0.9599620000000001,ETH,AUS,210320
250779,75,14,5636,2003,0.0,43041.0,-0.6865640000000001,-0.326977,FJI,AUS,210320
250780,77,14,5636,2003,1081.0,0.0,1.606606,0.7394149999999999,FRA,AUS,210320
250781,79,14,5636,2003,0.0,824.0,-1.370191,-1.028812,FSM,AUS,210320
250782,81,14,5636,2003,258440.0,9229.0,1.8712540000000002,0.706205,GBR,AUS,210320
250783,97,14,5636,2003,0.0,20054.0,0.494569,2.147062,HKG,AUS,210320
250784,102,14,5636,2003,4096.0,0.0,1.2003270000000001,1.091407,HUN,AUS,210320
250785,103,14,5636,2003,72076.0,21840.0,-0.16802,1.7252990000000001,IDN,AUS,210320
250786,104,14,5636,2003,0.0,3005.0,0.33014099999999996,2.836003,IND,AUS,210320
250787,106,14,5636,2003,0.0,20340.0,1.6396130000000002,0.220599,IRL,AUS,210320
250788,111,14,5636,2003,1914404.0,0.0,1.399734,1.044608,ITA,AUS,210320
250789,114,14,5636,2003,0.0,38335.0,2.4686630000000003,0.48072600000000004,JPN,AUS,210320
250790,119,14,5636,2003,0.0,35449.0,-0.140282,-0.787443,KIR,AUS,210320
250791,121,14,5636,2003,22521.0,130887.0,1.2611709999999998,0.956308,KOR,AUS,210320
250792,122,14,5636,2003,0.0,25440.0,-0.7943640000000001,-1.1529770000000001,KWT,AUS,210320
250793,124,14,5636,2003,0.0,33271.0,0.261687,1.053856,LBN,AUS,210320
250794,137,14,5636,2003,0.0,3136.0,-1.201352,-1.031892,MDV,AUS,210320
250795,151,14,5636,2003,0.0,12523.0,-0.361514,-0.29839899999999997,MUS,AUS,210320
250796,153,14,5636,2003,3249.0,95435.0,0.728804,0.2168,MYS,AUS,210320
250797,156,14,5636,2003,0.0,216836.0,-0.344934,-0.776632,NCL,AUS,210320
250798,162,14,5636,2003,8421.0,2306.0,1.168453,1.7085709999999998,NLD,AUS,210320
250799,165,14,5636,2003,0.0,9056.0,0.6127199999999999,-0.304759,NRU,AUS,210320
250800,166,14,5636,2003,496545.0,5322703.0,0.589619,0.997301,NZL,AUS,210320
250801,169,14,5636,2003,9922.0,0.0,-0.050386,-0.039619999999999995,PAN,AUS,210320
250802,174,14,5636,2003,20689.0,22761.0,-0.065022,-0.195144,PHL,AUS,210320
250803,176,14,5636,2003,0.0,189662.0,-1.7997330000000002,-1.2110049999999999,PNG,AUS,210320
250804,179,14,5636,2003,109783.0,0.0,0.471376,1.647303,PRT,AUS,210320
250805,182,14,5636,2003,0.0,13217.0,-0.255707,-0.676557,PYF,AUS,210320
250806,183,14,5636,2003,0.0,5492.0,-0.209042,-1.0565799999999999,QAT,AUS,210320
250807,186,14,5636,2003,7747.0,0.0,1.072729,0.338355,RUS,AUS,210320
250808,188,14,5636,2003,0.0,78958.0,0.202286,-0.714691,SAU,AUS,210320
250809,192,14,5636,2003,3272.0,117696.0,1.5080799999999999,0.720337,SGP,AUS,210320
250810,195,14,5636,2003,0.0,3652.0,-1.342629,-0.900968,SLB,AUS,210320
250811,208,14,5636,2003,0.0,2507.0,2.099224,0.799982,SWE,AUS,210320
250812,216,14,5636,2003,1699.0,1024.0,0.43010699999999996,1.607408,THA,AUS,210320
250813,221,14,5636,2003,0.0,9947.0,-0.8467379999999999,-0.815816,TON,AUS,210320
250814,224,14,5636,2003,25995.0,0.0,0.192802,1.9855060000000002,TUR,AUS,210320
250815,231,14,5636,2003,351744.0,0.0,1.7789220000000001,0.064028,USA,AUS,210320
250816,239,14,5636,2003,0.0,11234.0,-0.633985,0.659696,VNM,AUS,210320
250817,240,14,5636,2003,0.0,21973.0,-0.916386,-0.784439,VUT,AUS,210320
250818,241,14,5636,2003,0.0,8260.0,0.200787,-0.775126,WLF,AUS,210320
250819,242,14,5636,2003,0.0,1494.0,-0.304377,-0.620659,WSM,AUS,210320
250820,246,14,5636,2003,24007.0,60221.0,0.477987,2.255395,ZAF,AUS,210320
250821,249,14,5636,2003,2715.0,83302.0,1.5924040000000002,1.397843,TWN,AUS,210320
250822,7,16,5636,2003,1036.0,0.0,0.049637,-0.502691,ARE,AZE,210320
250823,61,16,5636,2003,3769.0,0.0,2.2821919999999998,-2.0985150000000004,DEU,AZE,210320
250824,68,16,5636,2003,11259.0,0.0,-0.292923,0.465433,EGY,AZE,210320
250825,81,16,5636,2003,57746.0,0.0,1.8712540000000002,0.706205,GBR,AZE,210320
250826,82,16,5636,2003,3726.0,0.0,0.595485,-0.25939,GEO,AZE,210320
250827,102,16,5636,2003,5030.0,0.0,1.2003270000000001,1.091407,HUN,AZE,210320
250828,107,16,5636,2003,38316.0,0.0,-0.552146,-0.8668520000000001,IRN,AZE,210320
250829,153,16,5636,2003,3059.0,0.0,0.728804,0.2168,MYS,AZE,210320
250830,186,16,5636,2003,148466.0,8852.0,1.072729,0.338355,RUS,AZE,210320
250831,216,16,5636,2003,310.0,0.0,0.43010699999999996,1.607408,THA,AZE,210320
250832,224,16,5636,2003,161488.0,0.0,0.192802,1.9855060000000002,TUR,AZE,210320
250833,228,16,5636,2003,14041.0,0.0,0.8929389999999999,0.956685,UKR,AZE,210320
250834,4,23,5636,2003,0.0,3848.0,-0.053595000000000004,0.166034,ALB,BGR,210320
250835,15,23,5636,2003,0.0,7918.0,1.834977,0.408096,AUT,BGR,210320
250836,18,23,5636,2003,6049.0,0.0,1.361682,1.39536,BEL,BGR,210320
250837,26,23,5636,2003,0.0,235136.0,0.195667,0.347011,BIH,BGR,210320
250838,41,23,5636,2003,0.0,1253.0,2.151037,0.711217,CHE,BGR,210320
250839,58,23,5636,2003,0.0,6485.0,0.259992,0.068914,CYP,BGR,210320
250840,59,23,5636,2003,0.0,281440.0,1.555749,0.8662059999999999,CZE,BGR,210320
250841,61,23,5636,2003,47378.0,67108.0,2.2821919999999998,-2.0985150000000004,DEU,BGR,210320
250842,71,23,5636,2003,0.0,1138.0,0.960684,2.074792,ESP,BGR,210320
250843,73,23,5636,2003,0.0,1355.0,-1.1145559999999999,-0.9599620000000001,ETH,BGR,210320
250844,81,23,5636,2003,0.0,1236.0,1.8712540000000002,0.706205,GBR,BGR,210320
250845,90,23,5636,2003,19774.0,23622.0,0.364688,1.4823959999999998,GRC,BGR,210320
250846,100,23,5636,2003,4290.0,193435.0,0.568394,1.230759,HRV,BGR,210320
250847,102,23,5636,2003,0.0,62899.0,1.2003270000000001,1.091407,HUN,BGR,210320
250848,103,23,5636,2003,7101.0,0.0,-0.16802,1.7252990000000001,IDN,BGR,210320
250849,107,23,5636,2003,23586.0,0.0,-0.552146,-0.8668520000000001,IRN,BGR,210320
250850,110,23,5636,2003,0.0,7210.0,1.157809,0.682195,ISR,BGR,210320
250851,111,23,5636,2003,11847.0,0.0,1.399734,1.044608,ITA,BGR,210320
250852,125,23,5636,2003,0.0,1398.0,0.026117,-1.03888,LBR,BGR,210320
250853,140,23,5636,2003,0.0,19839.0,-0.017632,0.225394,MKD,BGR,210320
250854,162,23,5636,2003,45041.0,0.0,1.168453,1.7085709999999998,NLD,BGR,210320
250855,179,23,5636,2003,0.0,5701.0,0.471376,1.647303,PRT,BGR,210320
250856,185,23,5636,2003,0.0,65962.0,0.378379,1.0064620000000002,ROU,BGR,210320
250857,186,23,5636,2003,0.0,154098.0,1.072729,0.338355,RUS,BGR,210320
250858,189,23,5636,2003,0.0,28531.0,0.575326,1.627894,SCG,BGR,210320
250859,206,23,5636,2003,0.0,18192.0,1.22565,0.915518,SVK,BGR,210320
250860,207,23,5636,2003,0.0,7000.0,1.6459840000000001,1.014191,SVN,BGR,210320
250861,208,23,5636,2003,0.0,6205.0,2.099224,0.799982,SWE,BGR,210320
250862,231,23,5636,2003,0.0,23726.0,1.7789220000000001,0.064028,USA,BGR,210320
250863,250,23,5636,2003,0.0,288896.0,0.45951499999999995,-0.2312,ANS,BGR,210320
250864,8,26,5636,2003,301.0,0.0,0.302073,0.49069700000000005,ARG,BIH,210320
250865,15,26,5636,2003,160864.0,0.0,1.834977,0.408096,AUT,BIH,210320
250866,18,26,5636,2003,5223.0,0.0,1.361682,1.39536,BEL,BIH,210320
250867,23,26,5636,2003,235136.0,0.0,0.43308599999999997,1.7104099999999998,BGR,BIH,210320
250868,39,26,5636,2003,0.0,1973.0,0.9791540000000001,1.185081,CAN,BIH,210320
250869,41,26,5636,2003,1537.0,194.0,2.151037,0.711217,CHE,BIH,210320
250870,43,26,5636,2003,528.0,0.0,0.579431,2.773139,CHN,BIH,210320
250871,59,26,5636,2003,49891.0,0.0,1.555749,0.8662059999999999,CZE,BIH,210320
250872,61,26,5636,2003,43793.0,0.0,2.2821919999999998,-2.0985150000000004,DEU,BIH,210320
250873,71,26,5636,2003,37564.0,0.0,0.960684,2.074792,ESP,BIH,210320
250874,77,26,5636,2003,5166.0,0.0,1.606606,0.7394149999999999,FRA,BIH,210320
250875,81,26,5636,2003,13972.0,0.0,1.8712540000000002,0.706205,GBR,BIH,210320
250876,90,26,5636,2003,34538.0,0.0,0.364688,1.4823959999999998,GRC,BIH,210320
250877,100,26,5636,2003,27887.0,73687.0,0.568394,1.230759,HRV,BIH,210320
250878,102,26,5636,2003,61201.0,0.0,1.2003270000000001,1.091407,HUN,BIH,210320
250879,111,26,5636,2003,68182.0,0.0,1.399734,1.044608,ITA,BIH,210320
250880,140,26,5636,2003,19884.0,1968.0,-0.017632,0.225394,MKD,BIH,210320
250881,162,26,5636,2003,60005.0,0.0,1.168453,1.7085709999999998,NLD,BIH,210320
250882,179,26,5636,2003,807.0,0.0,0.471376,1.647303,PRT,BIH,210320
250883,189,26,5636,2003,57636.0,0.0,0.575326,1.627894,SCG,BIH,210320
250884,207,26,5636,2003,43206.0,72570.0,1.6459840000000001,1.014191,SVN,BIH,210320
250885,209,26,5636,2003,18590.0,0.0,0.399541,-0.23342600000000002,SWZ,BIH,210320
250886,231,26,5636,2003,0.0,2825.0,1.7789220000000001,0.064028,USA,BIH,210320
250887,250,26,5636,2003,610.0,43818.0,0.45951499999999995,-0.2312,ANS,BIH,210320
250888,59,28,5636,2003,3953.0,0.0,1.555749,0.8662059999999999,CZE,BLR,210320
250889,61,28,5636,2003,36956.0,0.0,2.2821919999999998,-2.0985150000000004,DEU,BLR,210320
250890,71,28,5636,2003,1859.0,0.0,0.960684,2.074792,ESP,BLR,210320
250891,82,28,5636,2003,1077.0,0.0,0.595485,-0.25939,GEO,BLR,210320
250892,102,28,5636,2003,23080.0,0.0,1.2003270000000001,1.091407,HUN,BLR,210320
250893,132,28,5636,2003,5813.0,0.0,0.520772,0.5631689999999999,LVA,BLR,210320
250894,135,28,5636,2003,3247.0,0.0,-0.005154,-0.26107199999999997,MDA,BLR,210320
250895,162,28,5636,2003,5214.0,0.0,1.168453,1.7085709999999998,NLD,BLR,210320
250896,177,28,5636,2003,939.0,0.0,0.966622,1.664838,POL,BLR,210320
250897,186,28,5636,2003,2897168.0,188155.0,1.072729,0.338355,RUS,BLR,210320
250898,228,28,5636,2003,157857.0,0.0,0.8929389999999999,0.956685,UKR,BLR,210320
250899,231,28,5636,2003,1170.0,0.0,1.7789220000000001,0.064028,USA,BLR,210320
250900,15,59,5636,2003,33429.0,3017695.0,1.834977,0.408096,AUT,CZE,210320
250901,18,59,5636,2003,114566.0,0.0,1.361682,1.39536,BEL,CZE,210320
250902,23,59,5636,2003,281440.0,0.0,0.43308599999999997,1.7104099999999998,BGR,CZE,210320
250903,26,59,5636,2003,0.0,49891.0,0.195667,0.347011,BIH,CZE,210320
250904,28,59,5636,2003,0.0,3953.0,0.847358,0.9307719999999999,BLR,CZE,210320
250905,41,59,5636,2003,2855.0,69901.0,2.151037,0.711217,CHE,CZE,210320
250906,43,59,5636,2003,60986.0,0.0,0.579431,2.773139,CHN,CZE,210320
250907,61,59,5636,2003,148108.0,33053.0,2.2821919999999998,-2.0985150000000004,DEU,CZE,210320
250908,71,59,5636,2003,41387.0,0.0,0.960684,2.074792,ESP,CZE,210320
250909,72,59,5636,2003,0.0,35019.0,0.5913010000000001,0.8489979999999999,EST,CZE,210320
250910,77,59,5636,2003,7776.0,0.0,1.606606,0.7394149999999999,FRA,CZE,210320
250911,90,59,5636,2003,0.0,1027.0,0.364688,1.4823959999999998,GRC,CZE,210320
250912,100,59,5636,2003,5458.0,82089.0,0.568394,1.230759,HRV,CZE,210320
250913,102,59,5636,2003,0.0,148995.0,1.2003270000000001,1.091407,HUN,CZE,210320
250914,103,59,5636,2003,22602.0,0.0,-0.16802,1.7252990000000001,IDN,CZE,210320
250915,107,59,5636,2003,5448.0,0.0,-0.552146,-0.8668520000000001,IRN,CZE,210320
250916,111,59,5636,2003,121680.0,0.0,1.399734,1.044608,ITA,CZE,210320
250917,115,59,5636,2003,0.0,9691.0,-0.156326,-0.62092,KAZ,CZE,210320
250918,130,59,5636,2003,0.0,71118.0,0.239608,0.517299,LTU,CZE,210320
250919,132,59,5636,2003,0.0,89173.0,0.520772,0.5631689999999999,LVA,CZE,210320
250920,138,59,5636,2003,2839.0,0.0,0.862509,0.756684,MEX,CZE,210320
250921,145,59,5636,2003,0.0,7725.0,-0.9747620000000001,-1.026308,MNG,CZE,210320
250922,162,59,5636,2003,224388.0,77126.0,1.168453,1.7085709999999998,NLD,CZE,210320
250923,177,59,5636,2003,1013613.0,2078188.0,0.966622,1.664838,POL,CZE,210320
250924,179,59,5636,2003,7474.0,0.0,0.471376,1.647303,PRT,CZE,210320
250925,185,59,5636,2003,0.0,14764.0,0.378379,1.0064620000000002,ROU,CZE,210320
250926,186,59,5636,2003,0.0,103774.0,1.072729,0.338355,RUS,CZE,210320
250927,206,59,5636,2003,221555.0,1795323.0,1.22565,0.915518,SVK,CZE,210320
250928,207,59,5636,2003,0.0,126267.0,1.6459840000000001,1.014191,SVN,CZE,210320
250929,231,59,5636,2003,27223.0,0.0,1.7789220000000001,0.064028,USA,CZE,210320
250930,7,68,5636,2003,2581.0,0.0,0.049637,-0.502691,ARE,EGY,210320
250931,16,68,5636,2003,0.0,11259.0,-0.304606,-0.975453,AZE,EGY,210320
250932,24,68,5636,2003,0.0,298994.0,-0.10968800000000001,-1.041032,BHR,EGY,210320
250933,39,68,5636,2003,4450.0,0.0,0.9791540000000001,1.185081,CAN,EGY,210320
250934,44,68,5636,2003,0.0,1507.0,-0.699928,-0.723739,CIV,EGY,210320
250935,58,68,5636,2003,0.0,7380.0,0.259992,0.068914,CYP,EGY,210320
250936,77,68,5636,2003,13964.0,0.0,1.606606,0.7394149999999999,FRA,EGY,210320
250937,113,68,5636,2003,19599.0,159087.0,0.12295,0.377031,JOR,EGY,210320
250938,116,68,5636,2003,0.0,25058.0,-0.3531,0.582992,KEN,EGY,210320
250939,122,68,5636,2003,0.0,1410064.0,-0.7943640000000001,-1.1529770000000001,KWT,EGY,210320
250940,124,68,5636,2003,0.0,424740.0,0.261687,1.053856,LBN,EGY,210320
250941,136,68,5636,2003,0.0,6516.0,-1.254758,-0.622696,MDG,EGY,210320
250942,138,68,5636,2003,0.0,3143.0,0.862509,0.756684,MEX,EGY,210320
250943,151,68,5636,2003,0.0,7618.0,-0.361514,-0.29839899999999997,MUS,EGY,210320
250944,162,68,5636,2003,4393.0,2043.0,1.168453,1.7085709999999998,NLD,EGY,210320
250945,167,68,5636,2003,13395.0,23509.0,-1.434873,-1.188123,OMN,EGY,210320
250946,183,68,5636,2003,0.0,166639.0,-0.209042,-1.0565799999999999,QAT,EGY,210320
250947,188,68,5636,2003,24912.0,1189869.0,0.202286,-0.714691,SAU,EGY,210320
250948,212,68,5636,2003,12041.0,5583.0,-0.868749,-0.326322,SYR,EGY,210320
250949,226,68,5636,2003,0.0,1216.0,-1.225217,-0.43662399999999996,TZA,EGY,210320
250950,231,68,5636,2003,154717.0,10067.0,1.7789220000000001,0.064028,USA,EGY,210320
250951,247,68,5636,2003,0.0,2938.0,-0.678149,-0.5919449999999999,ZMB,EGY,210320
250952,15,74,5636,2003,70955.0,0.0,1.834977,0.408096,AUT,FIN,210320
250953,18,74,5636,2003,271206.0,10579.0,1.361682,1.39536,BEL,FIN,210320
250954,32,74,5636,2003,1163.0,0.0,0.660576,1.118876,BRA,FIN,210320
250955,39,74,5636,2003,50651.0,0.0,0.9791540000000001,1.185081,CAN,FIN,210320
250956,61,74,5636,2003,450533.0,3487.0,2.2821919999999998,-2.0985150000000004,DEU,FIN,210320
250957,64,74,5636,2003,108887.0,0.0,1.309564,1.245596,DNK,FIN,210320
250958,71,74,5636,2003,43697.0,0.0,0.960684,2.074792,ESP,FIN,210320
250959,72,74,5636,2003,3584.0,268670.0,0.5913010000000001,0.8489979999999999,EST,FIN,210320
250960,77,74,5636,2003,35107.0,0.0,1.606606,0.7394149999999999,FRA,FIN,210320
250961,81,74,5636,2003,208303.0,0.0,1.8712540000000002,0.706205,GBR,FIN,210320
250962,90,74,5636,2003,1008.0,0.0,0.364688,1.4823959999999998,GRC,FIN,210320
250963,102,74,5636,2003,26085.0,0.0,1.2003270000000001,1.091407,HUN,FIN,210320
250964,111,74,5636,2003,506843.0,0.0,1.399734,1.044608,ITA,FIN,210320
250965,114,74,5636,2003,5598.0,0.0,2.4686630000000003,0.48072600000000004,JPN,FIN,210320
250966,130,74,5636,2003,13171.0,9568.0,0.239608,0.517299,LTU,FIN,210320
250967,132,74,5636,2003,0.0,12516.0,0.520772,0.5631689999999999,LVA,FIN,210320
250968,135,74,5636,2003,0.0,1050.0,-0.005154,-0.26107199999999997,MDA,FIN,210320
250969,138,74,5636,2003,68238.0,0.0,0.862509,0.756684,MEX,FIN,210320
250970,162,74,5636,2003,5127828.0,0.0,1.168453,1.7085709999999998,NLD,FIN,210320
250971,163,74,5636,2003,2827.0,0.0,1.1500620000000001,0.258554,NOR,FIN,210320
250972,179,74,5636,2003,82734.0,0.0,0.471376,1.647303,PRT,FIN,210320
250973,186,74,5636,2003,0.0,201987.0,1.072729,0.338355,RUS,FIN,210320
250974,208,74,5636,2003,3587359.0,107697.0,2.099224,0.799982,SWE,FIN,210320
250975,224,74,5636,2003,239900.0,0.0,0.192802,1.9855060000000002,TUR,FIN,210320
250976,231,74,5636,2003,6431.0,0.0,1.7789220000000001,0.064028,USA,FIN,210320
250977,64,83,5636,2003,5934.0,0.0,1.309564,1.245596,DNK,GHA,210320
250978,77,83,5636,2003,16427.0,0.0,1.606606,0.7394149999999999,FRA,GHA,210320
250979,81,83,5636,2003,87371.0,0.0,1.8712540000000002,0.706205,GBR,GHA,210320
250980,111,83,5636,2003,20245.0,0.0,1.399734,1.044608,ITA,GHA,210320
250981,124,83,5636,2003,6070.0,0.0,0.261687,1.053856,LBN,GHA,210320
250982,153,83,5636,2003,71850.0,0.0,0.728804,0.2168,MYS,GHA,210320
250983,159,83,5636,2003,0.0,27209.0,-1.859176,-1.234236,NGA,GHA,210320
250984,162,83,5636,2003,321779.0,0.0,1.168453,1.7085709999999998,NLD,GHA,210320
250985,188,83,5636,2003,1478.0,0.0,0.202286,-0.714691,SAU,GHA,210320
250986,215,83,5636,2003,0.0,1405.0,-0.5058590000000001,-0.520586,TGO,GHA,210320
250987,216,83,5636,2003,67123.0,0.0,0.43010699999999996,1.607408,THA,GHA,210320
250988,231,83,5636,2003,76930.0,0.0,1.7789220000000001,0.064028,USA,GHA,210320
250989,246,83,5636,2003,3857.0,0.0,0.477987,2.255395,ZAF,GHA,210320
250990,250,83,5636,2003,1681.0,0.0,0.45951499999999995,-0.2312,ANS,GHA,210320
250991,29,93,5636,2003,0.0,166519.0,-0.543555,-0.7596,BLZ,GTM,210320
250992,39,93,5636,2003,1255.0,0.0,0.9791540000000001,1.185081,CAN,GTM,210320
250993,42,93,5636,2003,329419.0,0.0,-0.06375900000000001,-0.156808,CHL,GTM,210320
250994,52,93,5636,2003,2975231.0,253162.0,-0.193904,-0.5049680000000001,CRI,GTM,210320
250995,71,93,5636,2003,1063.0,0.0,0.960684,2.074792,ESP,GTM,210320
250996,99,93,5636,2003,2708478.0,411361.0,-0.733546,-0.568585,HND,GTM,210320
250997,111,93,5636,2003,6646.0,0.0,1.399734,1.044608,ITA,GTM,210320
250998,138,93,5636,2003,41961.0,13740.0,0.862509,0.756684,MEX,GTM,210320
250999,160,93,5636,2003,6604.0,1204240.0,-0.8661459999999999,-0.8661690000000001,NIC,GTM,210320
251000,169,93,5636,2003,4326.0,1779.0,-0.050386,-0.039619999999999995,PAN,GTM,210320
251001,197,93,5636,2003,13645.0,844232.0,-0.251357,-0.189917,SLV,GTM,210320
251002,231,93,5636,2003,1433806.0,21090.0,1.7789220000000001,0.064028,USA,GTM,210320
251003,15,100,5636,2003,506549.0,3720.0,1.834977,0.408096,AUT,HRV,210320
251004,18,100,5636,2003,74352.0,0.0,1.361682,1.39536,BEL,HRV,210320
251005,23,100,5636,2003,193435.0,4290.0,0.43308599999999997,1.7104099999999998,BGR,HRV,210320
251006,26,100,5636,2003,73687.0,27887.0,0.195667,0.347011,BIH,HRV,210320
251007,43,100,5636,2003,1596.0,0.0,0.579431,2.773139,CHN,HRV,210320
251008,59,100,5636,2003,82089.0,5458.0,1.555749,0.8662059999999999,CZE,HRV,210320
251009,61,100,5636,2003,116215.0,0.0,2.2821919999999998,-2.0985150000000004,DEU,HRV,210320
251010,64,100,5636,2003,54070.0,0.0,1.309564,1.245596,DNK,HRV,210320
251011,71,100,5636,2003,16434.0,0.0,0.960684,2.074792,ESP,HRV,210320
251012,77,100,5636,2003,7465.0,0.0,1.606606,0.7394149999999999,FRA,HRV,210320
251013,81,100,5636,2003,2567.0,3389.0,1.8712540000000002,0.706205,GBR,HRV,210320
251014,90,100,5636,2003,65633.0,0.0,0.364688,1.4823959999999998,GRC,HRV,210320
251015,102,100,5636,2003,2061294.0,0.0,1.2003270000000001,1.091407,HUN,HRV,210320
251016,111,100,5636,2003,612867.0,0.0,1.399734,1.044608,ITA,HRV,210320
251017,162,100,5636,2003,62325.0,0.0,1.168453,1.7085709999999998,NLD,HRV,210320
251018,189,100,5636,2003,0.0,2209.0,0.575326,1.627894,SCG,HRV,210320
251019,207,100,5636,2003,80812.0,2342.0,1.6459840000000001,1.014191,SVN,HRV,210320
251020,224,100,5636,2003,1264.0,0.0,0.192802,1.9855060000000002,TUR,HRV,210320
251021,231,100,5636,2003,0.0,1319.0,1.7789220000000001,0.064028,USA,HRV,210320
251022,14,102,5636,2003,0.0,4096.0,0.316879,0.9409489999999999,AUS,HUN,210320
251023,15,102,5636,2003,524828.0,0.0,1.834977,0.408096,AUT,HUN,210320
251024,16,102,5636,2003,0.0,5030.0,-0.304606,-0.975453,AZE,HUN,210320
251025,18,102,5636,2003,9893.0,0.0,1.361682,1.39536,BEL,HUN,210320
251026,23,102,5636,2003,62899.0,0.0,0.43308599999999997,1.7104099999999998,BGR,HUN,210320
251027,26,102,5636,2003,0.0,61201.0,0.195667,0.347011,BIH,HUN,210320
251028,28,102,5636,2003,0.0,23080.0,0.847358,0.9307719999999999,BLR,HUN,210320
251029,39,102,5636,2003,0.0,2644.0,0.9791540000000001,1.185081,CAN,HUN,210320
251030,59,102,5636,2003,148995.0,0.0,1.555749,0.8662059999999999,CZE,HUN,210320
251031,61,102,5636,2003,15854.0,247442.0,2.2821919999999998,-2.0985150000000004,DEU,HUN,210320
251032,64,102,5636,2003,925.0,0.0,1.309564,1.245596,DNK,HUN,210320
251033,71,102,5636,2003,1772.0,0.0,0.960684,2.074792,ESP,HUN,210320
251034,72,102,5636,2003,0.0,23346.0,0.5913010000000001,0.8489979999999999,EST,HUN,210320
251035,74,102,5636,2003,0.0,26085.0,2.077889,0.942501,FIN,HUN,210320
251036,77,102,5636,2003,188687.0,0.0,1.606606,0.7394149999999999,FRA,HUN,210320
251037,81,102,5636,2003,11674.0,0.0,1.8712540000000002,0.706205,GBR,HUN,210320
251038,82,102,5636,2003,0.0,2723.0,0.595485,-0.25939,GEO,HUN,210320
251039,90,102,5636,2003,7515.0,0.0,0.364688,1.4823959999999998,GRC,HUN,210320
251040,100,102,5636,2003,0.0,2061294.0,0.568394,1.230759,HRV,HUN,210320
251041,110,102,5636,2003,0.0,3460.0,1.157809,0.682195,ISR,HUN,210320
251042,111,102,5636,2003,55135.0,0.0,1.399734,1.044608,ITA,HUN,210320
251043,115,102,5636,2003,0.0,46129.0,-0.156326,-0.62092,KAZ,HUN,210320
251044,130,102,5636,2003,33437.0,11816.0,0.239608,0.517299,LTU,HUN,210320
251045,132,102,5636,2003,0.0,2764.0,0.520772,0.5631689999999999,LVA,HUN,210320
251046,162,102,5636,2003,1322396.0,0.0,1.168453,1.7085709999999998,NLD,HUN,210320
251047,177,102,5636,2003,342068.0,231953.0,0.966622,1.664838,POL,HUN,210320
251048,185,102,5636,2003,493355.0,14376.0,0.378379,1.0064620000000002,ROU,HUN,210320
251049,186,102,5636,2003,0.0,51116.0,1.072729,0.338355,RUS,HUN,210320
251050,206,102,5636,2003,2229.0,15575.0,1.22565,0.915518,SVK,HUN,210320
251051,207,102,5636,2003,1755.0,45477.0,1.6459840000000001,1.014191,SVN,HUN,210320
251052,228,102,5636,2003,0.0,941.0,0.8929389999999999,0.956685,UKR,HUN,210320
251053,231,102,5636,2003,4962.0,2844.0,1.7789220000000001,0.064028,USA,HUN,210320
251054,4,107,5636,2003,0.0,27024.0,-0.053595000000000004,0.166034,ALB,IRN,210320
251055,7,107,5636,2003,2903.0,5744.0,0.049637,-0.502691,ARE,IRN,210320
251056,16,107,5636,2003,0.0,38316.0,-0.304606,-0.975453,AZE,IRN,210320
251057,23,107,5636,2003,0.0,23586.0,0.43308599999999997,1.7104099999999998,BGR,IRN,210320
251058,24,107,5636,2003,0.0,4190.0,-0.10968800000000001,-1.041032,BHR,IRN,210320
251059,39,107,5636,2003,0.0,8617.0,0.9791540000000001,1.185081,CAN,IRN,210320
251060,41,107,5636,2003,0.0,5391.0,2.151037,0.711217,CHE,IRN,210320
251061,59,107,5636,2003,0.0,5448.0,1.555749,0.8662059999999999,CZE,IRN,210320
251062,61,107,5636,2003,3690.0,25381.0,2.2821919999999998,-2.0985150000000004,DEU,IRN,210320
251063,81,107,5636,2003,0.0,3052.0,1.8712540000000002,0.706205,GBR,IRN,210320
251064,82,107,5636,2003,0.0,3036.0,0.595485,-0.25939,GEO,IRN,210320
251065,106,107,5636,2003,613.0,0.0,1.6396130000000002,0.220599,IRL,IRN,210320
251066,108,107,5636,2003,0.0,15251.0,-0.398557,-0.774153,IRQ,IRN,210320
251067,115,107,5636,2003,0.0,28859.0,-0.156326,-0.62092,KAZ,IRN,210320
251068,122,107,5636,2003,10048.0,0.0,-0.7943640000000001,-1.1529770000000001,KWT,IRN,210320
251069,153,107,5636,2003,2596.0,0.0,0.728804,0.2168,MYS,IRN,210320
251070,162,107,5636,2003,0.0,16763.0,1.168453,1.7085709999999998,NLD,IRN,210320
251071,167,107,5636,2003,0.0,9867.0,-1.434873,-1.188123,OMN,IRN,210320
251072,183,107,5636,2003,0.0,47228.0,-0.209042,-1.0565799999999999,QAT,IRN,210320
251073,185,107,5636,2003,0.0,79195.0,0.378379,1.0064620000000002,ROU,IRN,210320
251074,188,107,5636,2003,0.0,122512.0,0.202286,-0.714691,SAU,IRN,210320
251075,216,107,5636,2003,1548.0,0.0,0.43010699999999996,1.607408,THA,IRN,210320
251076,219,107,5636,2003,0.0,87605.0,-1.223295,-1.250217,TKM,IRN,210320
251077,7,113,5636,2003,274130.0,0.0,0.049637,-0.502691,ARE,JOR,210320
251078,68,113,5636,2003,159087.0,19599.0,-0.292923,0.465433,EGY,JOR,210320
251079,81,113,5636,2003,1128.0,0.0,1.8712540000000002,0.706205,GBR,JOR,210320
251080,108,113,5636,2003,0.0,95032.0,-0.398557,-0.774153,IRQ,JOR,210320
251081,111,113,5636,2003,9622.0,313377.0,1.399734,1.044608,ITA,JOR,210320
251082,122,113,5636,2003,0.0,56956.0,-0.7943640000000001,-1.1529770000000001,KWT,JOR,210320
251083,124,113,5636,2003,90239.0,16641.0,0.261687,1.053856,LBN,JOR,210320
251084,167,113,5636,2003,154556.0,251741.0,-1.434873,-1.188123,OMN,JOR,210320
251085,183,113,5636,2003,0.0,11062.0,-0.209042,-1.0565799999999999,QAT,JOR,210320
251086,185,113,5636,2003,0.0,24944.0,0.378379,1.0064620000000002,ROU,JOR,210320
251087,188,113,5636,2003,221835.0,14502.0,0.202286,-0.714691,SAU,JOR,210320
251088,212,113,5636,2003,91537.0,0.0,-0.868749,-0.326322,SYR,JOR,210320
251089,231,113,5636,2003,335270.0,0.0,1.7789220000000001,0.064028,USA,JOR,210320
251090,243,113,5636,2003,0.0,12896.0,-1.453584,-1.257815,YEM,JOR,210320
251091,250,113,5636,2003,1403.0,132279.0,0.45951499999999995,-0.2312,ANS,JOR,210320
251092,43,115,5636,2003,56315.0,0.0,0.579431,2.773139,CHN,KAZ,210320
251093,59,115,5636,2003,9691.0,0.0,1.555749,0.8662059999999999,CZE,KAZ,210320
251094,61,115,5636,2003,4872.0,0.0,2.2821919999999998,-2.0985150000000004,DEU,KAZ,210320
251095,81,115,5636,2003,3587.0,0.0,1.8712540000000002,0.706205,GBR,KAZ,210320
251096,102,115,5636,2003,46129.0,0.0,1.2003270000000001,1.091407,HUN,KAZ,210320
251097,107,115,5636,2003,28859.0,0.0,-0.552146,-0.8668520000000001,IRN,KAZ,210320
251098,111,115,5636,2003,1017.0,0.0,1.399734,1.044608,ITA,KAZ,210320
251099,117,115,5636,2003,0.0,14783.0,0.25359699999999996,0.24101199999999998,KGZ,KAZ,210320
251100,130,115,5636,2003,15992.0,0.0,0.239608,0.517299,LTU,KAZ,210320
251101,132,115,5636,2003,2919.0,0.0,0.520772,0.5631689999999999,LVA,KAZ,210320
251102,162,115,5636,2003,88798.0,0.0,1.168453,1.7085709999999998,NLD,KAZ,210320
251103,186,115,5636,2003,2117267.0,0.0,1.072729,0.338355,RUS,KAZ,210320
251104,224,115,5636,2003,3079.0,0.0,0.192802,1.9855060000000002,TUR,KAZ,210320
251105,228,115,5636,2003,17999.0,0.0,0.8929389999999999,0.956685,UKR,KAZ,210320
251106,231,115,5636,2003,10550.0,0.0,1.7789220000000001,0.064028,USA,KAZ,210320
251107,7,116,5636,2003,1893.0,0.0,0.049637,-0.502691,ARE,KEN,210320
251108,18,116,5636,2003,948.0,0.0,1.361682,1.39536,BEL,KEN,210320
251109,39,116,5636,2003,726.0,0.0,0.9791540000000001,1.185081,CAN,KEN,210320
251110,62,116,5636,2003,0.0,45065.0,-0.41648500000000005,-0.5408350000000001,DJI,KEN,210320
251111,68,116,5636,2003,25058.0,0.0,-0.292923,0.465433,EGY,KEN,210320
251112,71,116,5636,2003,6944.0,0.0,0.960684,2.074792,ESP,KEN,210320
251113,81,116,5636,2003,9574.0,0.0,1.8712540000000002,0.706205,GBR,KEN,210320
251114,104,116,5636,2003,6551.0,0.0,0.33014099999999996,2.836003,IND,KEN,210320
251115,111,116,5636,2003,4453.0,0.0,1.399734,1.044608,ITA,KEN,210320
251116,162,116,5636,2003,78285.0,0.0,1.168453,1.7085709999999998,NLD,KEN,210320
251117,163,116,5636,2003,1046.0,0.0,1.1500620000000001,0.258554,NOR,KEN,210320
251118,167,116,5636,2003,0.0,2657.0,-1.434873,-1.188123,OMN,KEN,210320
251119,192,116,5636,2003,1318.0,0.0,1.5080799999999999,0.720337,SGP,KEN,210320
251120,226,116,5636,2003,0.0,75214.0,-1.225217,-0.43662399999999996,TZA,KEN,210320
251121,227,116,5636,2003,0.0,11111.0,-0.895193,-0.712039,UGA,KEN,210320
251122,231,116,5636,2003,54877.0,0.0,1.7789220000000001,0.064028,USA,KEN,210320
251123,246,116,5636,2003,17966.0,0.0,0.477987,2.255395,ZAF,KEN,210320
251124,250,116,5636,2003,0.0,6528.0,0.45951499999999995,-0.2312,ANS,KEN,210320
251125,43,117,5636,2003,1290.0,0.0,0.579431,2.773139,CHN,KGZ,210320
251126,64,117,5636,2003,472.0,0.0,1.309564,1.245596,DNK,KGZ,210320
251127,115,117,5636,2003,14783.0,0.0,-0.156326,-0.62092,KAZ,KGZ,210320
251128,186,117,5636,2003,154493.0,0.0,1.072729,0.338355,RUS,KGZ,210320
251129,224,117,5636,2003,3824.0,0.0,0.192802,1.9855060000000002,TUR,KGZ,210320
251130,7,122,5636,2003,261167.0,1594.0,0.049637,-0.502691,ARE,KWT,210320
251131,14,122,5636,2003,25440.0,0.0,0.316879,0.9409489999999999,AUS,KWT,210320
251132,24,122,5636,2003,10937.0,4953.0,-0.10968800000000001,-1.041032,BHR,KWT,210320
251133,39,122,5636,2003,26675.0,0.0,0.9791540000000001,1.185081,CAN,KWT,210320
251134,41,122,5636,2003,3396.0,0.0,2.151037,0.711217,CHE,KWT,210320
251135,43,122,5636,2003,7132.0,0.0,0.579431,2.773139,CHN,KWT,210320
251136,61,122,5636,2003,4373.0,0.0,2.2821919999999998,-2.0985150000000004,DEU,KWT,210320
251137,66,122,5636,2003,1607.0,0.0,-1.060727,-1.142594,DZA,KWT,210320
251138,68,122,5636,2003,1410064.0,0.0,-0.292923,0.465433,EGY,KWT,210320
251139,71,122,5636,2003,12042.0,0.0,0.960684,2.074792,ESP,KWT,210320
251140,77,122,5636,2003,6459.0,0.0,1.606606,0.7394149999999999,FRA,KWT,210320
251141,81,122,5636,2003,128396.0,0.0,1.8712540000000002,0.706205,GBR,KWT,210320
251142,103,122,5636,2003,23785.0,0.0,-0.16802,1.7252990000000001,IDN,KWT,210320
251143,104,122,5636,2003,6811.0,0.0,0.33014099999999996,2.836003,IND,KWT,210320
251144,107,122,5636,2003,0.0,10048.0,-0.552146,-0.8668520000000001,IRN,KWT,210320
251145,108,122,5636,2003,0.0,22306.0,-0.398557,-0.774153,IRQ,KWT,210320
251146,111,122,5636,2003,60254.0,0.0,1.399734,1.044608,ITA,KWT,210320
251147,113,122,5636,2003,56956.0,0.0,0.12295,0.377031,JOR,KWT,210320
251148,124,122,5636,2003,27443.0,1534.0,0.261687,1.053856,LBN,KWT,210320
251149,128,122,5636,2003,1793.0,0.0,-0.618057,0.101931,LKA,KWT,210320
251150,134,122,5636,2003,17724.0,0.0,-0.6842050000000001,-0.217892,MAR,KWT,210320
251151,142,122,5636,2003,8296.0,0.0,1.2138149999999999,-0.015687,MLT,KWT,210320
251152,153,122,5636,2003,304746.0,0.0,0.728804,0.2168,MYS,KWT,210320
251153,162,122,5636,2003,105062.0,0.0,1.168453,1.7085709999999998,NLD,KWT,210320
251154,167,122,5636,2003,1402852.0,539530.0,-1.434873,-1.188123,OMN,KWT,210320
251155,168,122,5636,2003,14293.0,0.0,-0.6659689999999999,0.137924,PAK,KWT,210320
251156,174,122,5636,2003,4507.0,0.0,-0.065022,-0.195144,PHL,KWT,210320
251157,183,122,5636,2003,1728.0,12077.0,-0.209042,-1.0565799999999999,QAT,KWT,210320
251158,188,122,5636,2003,509187.0,117070.0,0.202286,-0.714691,SAU,KWT,210320
251159,208,122,5636,2003,3167.0,0.0,2.099224,0.799982,SWE,KWT,210320
251160,212,122,5636,2003,8247.0,0.0,-0.868749,-0.326322,SYR,KWT,210320
251161,216,122,5636,2003,12635.0,0.0,0.43010699999999996,1.607408,THA,KWT,210320
251162,224,122,5636,2003,13092.0,0.0,0.192802,1.9855060000000002,TUR,KWT,210320
251163,228,122,5636,2003,11249.0,0.0,0.8929389999999999,0.956685,UKR,KWT,210320
251164,231,122,5636,2003,2560674.0,0.0,1.7789220000000001,0.064028,USA,KWT,210320
251165,246,122,5636,2003,10987.0,0.0,0.477987,2.255395,ZAF,KWT,210320
251166,15,132,5636,2003,81226.0,0.0,1.834977,0.408096,AUT,LVA,210320
251167,18,132,5636,2003,8783.0,0.0,1.361682,1.39536,BEL,LVA,210320
251168,28,132,5636,2003,0.0,5813.0,0.847358,0.9307719999999999,BLR,LVA,210320
251169,59,132,5636,2003,89173.0,0.0,1.555749,0.8662059999999999,CZE,LVA,210320
251170,61,132,5636,2003,33660.0,5749.0,2.2821919999999998,-2.0985150000000004,DEU,LVA,210320
251171,71,132,5636,2003,1363.0,0.0,0.960684,2.074792,ESP,LVA,210320
251172,72,132,5636,2003,31217.0,497557.0,0.5913010000000001,0.8489979999999999,EST,LVA,210320
251173,74,132,5636,2003,12516.0,0.0,2.077889,0.942501,FIN,LVA,210320
251174,77,132,5636,2003,1116.0,0.0,1.606606,0.7394149999999999,FRA,LVA,210320
251175,102,132,5636,2003,2764.0,0.0,1.2003270000000001,1.091407,HUN,LVA,210320
251176,111,132,5636,2003,2612.0,0.0,1.399734,1.044608,ITA,LVA,210320
251177,115,132,5636,2003,0.0,2919.0,-0.156326,-0.62092,KAZ,LVA,210320
251178,130,132,5636,2003,293980.0,964521.0,0.239608,0.517299,LTU,LVA,210320
251179,162,132,5636,2003,56001.0,0.0,1.168453,1.7085709999999998,NLD,LVA,210320
251180,177,132,5636,2003,1407.0,0.0,0.966622,1.664838,POL,LVA,210320
251181,179,132,5636,2003,2969.0,0.0,0.471376,1.647303,PRT,LVA,210320
251182,186,132,5636,2003,12913.0,110522.0,1.072729,0.338355,RUS,LVA,210320
251183,208,132,5636,2003,42680.0,0.0,2.099224,0.799982,SWE,LVA,210320
251184,228,132,5636,2003,1444.0,0.0,0.8929389999999999,0.956685,UKR,LVA,210320
251185,231,132,5636,2003,1839.0,1146.0,1.7789220000000001,0.064028,USA,LVA,210320
251186,250,132,5636,2003,0.0,19964.0,0.45951499999999995,-0.2312,ANS,LVA,210320
251187,7,167,5636,2003,2193363.0,67079.0,0.049637,-0.502691,ARE,OMN,210320
251188,24,167,5636,2003,150122.0,369382.0,-0.10968800000000001,-1.041032,BHR,OMN,210320
251189,43,167,5636,2003,46715.0,0.0,0.579431,2.773139,CHN,OMN,210320
251190,62,167,5636,2003,13085.0,0.0,-0.41648500000000005,-0.5408350000000001,DJI,OMN,210320
251191,68,167,5636,2003,23509.0,13395.0,-0.292923,0.465433,EGY,OMN,210320
251192,73,167,5636,2003,0.0,6753.0,-1.1145559999999999,-0.9599620000000001,ETH,OMN,210320
251193,90,167,5636,2003,3553.0,0.0,0.364688,1.4823959999999998,GRC,OMN,210320
251194,107,167,5636,2003,9867.0,0.0,-0.552146,-0.8668520000000001,IRN,OMN,210320
251195,108,167,5636,2003,14736.0,0.0,-0.398557,-0.774153,IRQ,OMN,210320
251196,113,167,5636,2003,251741.0,154556.0,0.12295,0.377031,JOR,OMN,210320
251197,116,167,5636,2003,2657.0,0.0,-0.3531,0.582992,KEN,OMN,210320
251198,122,167,5636,2003,539530.0,1402852.0,-0.7943640000000001,-1.1529770000000001,KWT,OMN,210320
251199,124,167,5636,2003,59259.0,0.0,0.261687,1.053856,LBN,OMN,210320
251200,126,167,5636,2003,15737.0,0.0,-0.36075999999999997,-1.110575,LBY,OMN,210320
251201,134,167,5636,2003,4917.0,0.0,-0.6842050000000001,-0.217892,MAR,OMN,210320
251202,136,167,5636,2003,0.0,1544.0,-1.254758,-0.622696,MDG,OMN,210320
251203,153,167,5636,2003,69566.0,0.0,0.728804,0.2168,MYS,OMN,210320
251204,162,167,5636,2003,795.0,0.0,1.168453,1.7085709999999998,NLD,OMN,210320
251205,183,167,5636,2003,114846.0,130686.0,-0.209042,-1.0565799999999999,QAT,OMN,210320
251206,188,167,5636,2003,18049.0,1608278.0,0.202286,-0.714691,SAU,OMN,210320
251207,199,167,5636,2003,50548.0,0.0,-0.319096,-0.649003,SOM,OMN,210320
251208,212,167,5636,2003,0.0,5254.0,-0.868749,-0.326322,SYR,OMN,210320
251209,223,167,5636,2003,8274.0,4711.0,-0.14845999999999998,0.255092,TUN,OMN,210320
251210,226,167,5636,2003,0.0,19984.0,-1.225217,-0.43662399999999996,TZA,OMN,210320
251211,231,167,5636,2003,80655.0,0.0,1.7789220000000001,0.064028,USA,OMN,210320
251212,243,167,5636,2003,24162.0,0.0,-1.453584,-1.257815,YEM,OMN,210320
251213,7,168,5636,2003,3435.0,0.0,0.049637,-0.502691,ARE,PAK,210320
251214,22,168,5636,2003,0.0,37187.0,-1.168404,-1.035782,BGD,PAK,210320
251215,39,168,5636,2003,0.0,2049.0,0.9791540000000001,1.185081,CAN,PAK,210320
251216,81,168,5636,2003,0.0,51253.0,1.8712540000000002,0.706205,GBR,PAK,210320
251217,111,168,5636,2003,5631.0,32292.0,1.399734,1.044608,ITA,PAK,210320
251218,122,168,5636,2003,0.0,14293.0,-0.7943640000000001,-1.1529770000000001,KWT,PAK,210320
251219,162,168,5636,2003,0.0,3028.0,1.168453,1.7085709999999998,NLD,PAK,210320
251220,188,168,5636,2003,0.0,1277.0,0.202286,-0.714691,SAU,PAK,210320
251221,231,168,5636,2003,18963.0,0.0,1.7789220000000001,0.064028,USA,PAK,210320
251222,14,176,5636,2003,189662.0,0.0,0.316879,0.9409489999999999,AUS,PNG,210320
251223,43,176,5636,2003,17601.0,0.0,0.579431,2.773139,CHN,PNG,210320
251224,103,176,5636,2003,1311.0,0.0,-0.16802,1.7252990000000001,IDN,PNG,210320
251225,153,176,5636,2003,1311.0,0.0,0.728804,0.2168,MYS,PNG,210320
251226,166,176,5636,2003,1830.0,0.0,0.589619,0.997301,NZL,PNG,210320
251227,192,176,5636,2003,4019.0,0.0,1.5080799999999999,0.720337,SGP,PNG,210320
251228,231,176,5636,2003,12226.0,0.0,1.7789220000000001,0.064028,USA,PNG,210320
251229,4,177,5636,2003,0.0,3818.0,-0.053595000000000004,0.166034,ALB,POL,210320
251230,9,177,5636,2003,0.0,709.0,0.497521,-0.305788,ARM,POL,210320
251231,15,177,5636,2003,21644.0,0.0,1.834977,0.408096,AUT,POL,210320
251232,28,177,5636,2003,0.0,939.0,0.847358,0.9307719999999999,BLR,POL,210320
251233,39,177,5636,2003,0.0,5014.0,0.9791540000000001,1.185081,CAN,POL,210320
251234,59,177,5636,2003,2078188.0,1013613.0,1.555749,0.8662059999999999,CZE,POL,210320
251235,61,177,5636,2003,261685.0,176804.0,2.2821919999999998,-2.0985150000000004,DEU,POL,210320
251236,64,177,5636,2003,0.0,11043.0,1.309564,1.245596,DNK,POL,210320
251237,66,177,5636,2003,0.0,7786.0,-1.060727,-1.142594,DZA,POL,210320
251238,72,177,5636,2003,0.0,43637.0,0.5913010000000001,0.8489979999999999,EST,POL,210320
251239,77,177,5636,2003,129367.0,111565.0,1.606606,0.7394149999999999,FRA,POL,210320
251240,81,177,5636,2003,0.0,68418.0,1.8712540000000002,0.706205,GBR,POL,210320
251241,97,177,5636,2003,0.0,4136.0,0.494569,2.147062,HKG,POL,210320
251242,102,177,5636,2003,231953.0,342068.0,1.2003270000000001,1.091407,HUN,POL,210320
251243,103,177,5636,2003,8114.0,0.0,-0.16802,1.7252990000000001,IDN,POL,210320
251244,110,177,5636,2003,0.0,3376.0,1.157809,0.682195,ISR,POL,210320
251245,111,177,5636,2003,134030.0,14310.0,1.399734,1.044608,ITA,POL,210320
251246,130,177,5636,2003,0.0,106754.0,0.239608,0.517299,LTU,POL,210320
251247,132,177,5636,2003,0.0,1407.0,0.520772,0.5631689999999999,LVA,POL,210320
251248,138,177,5636,2003,0.0,4152.0,0.862509,0.756684,MEX,POL,210320
251249,145,177,5636,2003,0.0,40855.0,-0.9747620000000001,-1.026308,MNG,POL,210320
251250,162,177,5636,2003,1043590.0,0.0,1.168453,1.7085709999999998,NLD,POL,210320
251251,186,177,5636,2003,0.0,143791.0,1.072729,0.338355,RUS,POL,210320
251252,206,177,5636,2003,0.0,236510.0,1.22565,0.915518,SVK,POL,210320
251253,207,177,5636,2003,0.0,12807.0,1.6459840000000001,1.014191,SVN,POL,210320
251254,208,177,5636,2003,0.0,900981.0,2.099224,0.799982,SWE,POL,210320
251255,216,177,5636,2003,7172.0,0.0,0.43010699999999996,1.607408,THA,POL,210320
251256,224,177,5636,2003,66685.0,0.0,0.192802,1.9855060000000002,TUR,POL,210320
251257,231,177,5636,2003,0.0,24695.0,1.7789220000000001,0.064028,USA,POL,210320
251258,7,183,5636,2003,401151.0,0.0,0.049637,-0.502691,ARE,QAT,210320
251259,14,183,5636,2003,5492.0,0.0,0.316879,0.9409489999999999,AUS,QAT,210320
251260,24,183,5636,2003,12760.0,0.0,-0.10968800000000001,-1.041032,BHR,QAT,210320
251261,39,183,5636,2003,8591.0,0.0,0.9791540000000001,1.185081,CAN,QAT,210320
251262,43,183,5636,2003,4116.0,0.0,0.579431,2.773139,CHN,QAT,210320
251263,61,183,5636,2003,1572.0,0.0,2.2821919999999998,-2.0985150000000004,DEU,QAT,210320
251264,68,183,5636,2003,166639.0,0.0,-0.292923,0.465433,EGY,QAT,210320
251265,71,183,5636,2003,933.0,0.0,0.960684,2.074792,ESP,QAT,210320
251266,77,183,5636,2003,3243.0,0.0,1.606606,0.7394149999999999,FRA,QAT,210320
251267,81,183,5636,2003,46140.0,0.0,1.8712540000000002,0.706205,GBR,QAT,210320
251268,103,183,5636,2003,684.0,0.0,-0.16802,1.7252990000000001,IDN,QAT,210320
251269,104,183,5636,2003,3870.0,0.0,0.33014099999999996,2.836003,IND,QAT,210320
251270,107,183,5636,2003,47228.0,0.0,-0.552146,-0.8668520000000001,IRN,QAT,210320
251271,111,183,5636,2003,18177.0,0.0,1.399734,1.044608,ITA,QAT,210320
251272,113,183,5636,2003,11062.0,0.0,0.12295,0.377031,JOR,QAT,210320
251273,114,183,5636,2003,9283.0,0.0,2.4686630000000003,0.48072600000000004,JPN,QAT,210320
251274,122,183,5636,2003,12077.0,1728.0,-0.7943640000000001,-1.1529770000000001,KWT,QAT,210320
251275,124,183,5636,2003,47942.0,0.0,0.261687,1.053856,LBN,QAT,210320
251276,153,183,5636,2003,71330.0,0.0,0.728804,0.2168,MYS,QAT,210320
251277,167,183,5636,2003,130686.0,114846.0,-1.434873,-1.188123,OMN,QAT,210320
251278,174,183,5636,2003,9949.0,0.0,-0.065022,-0.195144,PHL,QAT,210320
251279,188,183,5636,2003,511238.0,0.0,0.202286,-0.714691,SAU,QAT,210320
251280,212,183,5636,2003,1247.0,0.0,-0.868749,-0.326322,SYR,QAT,210320
251281,216,183,5636,2003,1173.0,0.0,0.43010699999999996,1.607408,THA,QAT,210320
251282,224,183,5636,2003,10348.0,0.0,0.192802,1.9855060000000002,TUR,QAT,210320
251283,231,183,5636,2003,141693.0,0.0,1.7789220000000001,0.064028,USA,QAT,210320
251284,246,183,5636,2003,2887.0,0.0,0.477987,2.255395,ZAF,QAT,210320
251285,250,183,5636,2003,4800.0,0.0,0.45951499999999995,-0.2312,ANS,QAT,210320
251286,8,185,5636,2003,10441.0,0.0,0.302073,0.49069700000000005,ARG,ROU,210320
251287,15,185,5636,2003,6667.0,0.0,1.834977,0.408096,AUT,ROU,210320
251288,18,185,5636,2003,75556.0,0.0,1.361682,1.39536,BEL,ROU,210320
251289,23,185,5636,2003,65962.0,0.0,0.43308599999999997,1.7104099999999998,BGR,ROU,210320
251290,59,185,5636,2003,14764.0,0.0,1.555749,0.8662059999999999,CZE,ROU,210320
251291,61,185,5636,2003,104073.0,0.0,2.2821919999999998,-2.0985150000000004,DEU,ROU,210320
251292,71,185,5636,2003,13304.0,0.0,0.960684,2.074792,ESP,ROU,210320
251293,90,185,5636,2003,8951.0,0.0,0.364688,1.4823959999999998,GRC,ROU,210320
251294,102,185,5636,2003,14376.0,493355.0,1.2003270000000001,1.091407,HUN,ROU,210320
251295,107,185,5636,2003,79195.0,0.0,-0.552146,-0.8668520000000001,IRN,ROU,210320
251296,111,185,5636,2003,101773.0,0.0,1.399734,1.044608,ITA,ROU,210320
251297,113,185,5636,2003,24944.0,0.0,0.12295,0.377031,JOR,ROU,210320
251298,135,185,5636,2003,0.0,74650.0,-0.005154,-0.26107199999999997,MDA,ROU,210320
251299,162,185,5636,2003,49921.0,0.0,1.168453,1.7085709999999998,NLD,ROU,210320
251300,207,185,5636,2003,0.0,2644.0,1.6459840000000001,1.014191,SVN,ROU,210320
251301,224,185,5636,2003,12308.0,0.0,0.192802,1.9855060000000002,TUR,ROU,210320
251302,231,185,5636,2003,0.0,1109.0,1.7789220000000001,0.064028,USA,ROU,210320
251303,250,185,5636,2003,0.0,1423.0,0.45951499999999995,-0.2312,ANS,ROU,210320
251304,9,186,5636,2003,0.0,36706.0,0.497521,-0.305788,ARM,RUS,210320
251305,14,186,5636,2003,0.0,7747.0,0.316879,0.9409489999999999,AUS,RUS,210320
251306,15,186,5636,2003,0.0,3319.0,1.834977,0.408096,AUT,RUS,210320
251307,16,186,5636,2003,8852.0,148466.0,-0.304606,-0.975453,AZE,RUS,210320
251308,18,186,5636,2003,111297.0,6358.0,1.361682,1.39536,BEL,RUS,210320
251309,23,186,5636,2003,154098.0,0.0,0.43308599999999997,1.7104099999999998,BGR,RUS,210320
251310,28,186,5636,2003,188155.0,2897168.0,0.847358,0.9307719999999999,BLR,RUS,210320
251311,39,186,5636,2003,42340.0,5549.0,0.9791540000000001,1.185081,CAN,RUS,210320
251312,59,186,5636,2003,103774.0,0.0,1.555749,0.8662059999999999,CZE,RUS,210320
251313,61,186,5636,2003,278719.0,83148.0,2.2821919999999998,-2.0985150000000004,DEU,RUS,210320
251314,64,186,5636,2003,134362.0,0.0,1.309564,1.245596,DNK,RUS,210320
251315,71,186,5636,2003,3091.0,0.0,0.960684,2.074792,ESP,RUS,210320
251316,72,186,5636,2003,15150.0,35780.0,0.5913010000000001,0.8489979999999999,EST,RUS,210320
251317,74,186,5636,2003,201987.0,0.0,2.077889,0.942501,FIN,RUS,210320
251318,77,186,5636,2003,8418.0,0.0,1.606606,0.7394149999999999,FRA,RUS,210320
251319,81,186,5636,2003,12455.0,0.0,1.8712540000000002,0.706205,GBR,RUS,210320
251320,82,186,5636,2003,5863.0,3468.0,0.595485,-0.25939,GEO,RUS,210320
251321,87,186,5636,2003,0.0,671.0,-0.230541,-0.275663,GMB,RUS,210320
251322,90,186,5636,2003,20985.0,18252.0,0.364688,1.4823959999999998,GRC,RUS,210320
251323,102,186,5636,2003,51116.0,0.0,1.2003270000000001,1.091407,HUN,RUS,210320
251324,104,186,5636,2003,5222.0,0.0,0.33014099999999996,2.836003,IND,RUS,210320
251325,110,186,5636,2003,1933.0,10270.0,1.157809,0.682195,ISR,RUS,210320
251326,111,186,5636,2003,94971.0,0.0,1.399734,1.044608,ITA,RUS,210320
251327,115,186,5636,2003,0.0,2117267.0,-0.156326,-0.62092,KAZ,RUS,210320
251328,117,186,5636,2003,0.0,154493.0,0.25359699999999996,0.24101199999999998,KGZ,RUS,210320
251329,121,186,5636,2003,54986.0,0.0,1.2611709999999998,0.956308,KOR,RUS,210320
251330,130,186,5636,2003,2628.0,140181.0,0.239608,0.517299,LTU,RUS,210320
251331,132,186,5636,2003,110522.0,12913.0,0.520772,0.5631689999999999,LVA,RUS,210320
251332,135,186,5636,2003,0.0,165255.0,-0.005154,-0.26107199999999997,MDA,RUS,210320
251333,145,186,5636,2003,0.0,722762.0,-0.9747620000000001,-1.026308,MNG,RUS,210320
251334,162,186,5636,2003,1885816.0,0.0,1.168453,1.7085709999999998,NLD,RUS,210320
251335,177,186,5636,2003,143791.0,0.0,0.966622,1.664838,POL,RUS,210320
251336,179,186,5636,2003,3253.0,0.0,0.471376,1.647303,PRT,RUS,210320
251337,208,186,5636,2003,3864.0,0.0,2.099224,0.799982,SWE,RUS,210320
251338,217,186,5636,2003,0.0,114605.0,-0.6187520000000001,-1.0438969999999999,TJK,RUS,210320
251339,219,186,5636,2003,0.0,16402.0,-1.223295,-1.250217,TKM,RUS,210320
251340,224,186,5636,2003,23216.0,0.0,0.192802,1.9855060000000002,TUR,RUS,210320
251341,228,186,5636,2003,6556801.0,873665.0,0.8929389999999999,0.956685,UKR,RUS,210320
251342,231,186,5636,2003,5174.0,18318.0,1.7789220000000001,0.064028,USA,RUS,210320
251343,232,186,5636,2003,0.0,95185.0,-0.285978,-0.703334,UZB,RUS,210320
251344,239,186,5636,2003,139809.0,994.0,-0.633985,0.659696,VNM,RUS,210320
251345,250,186,5636,2003,0.0,4655.0,0.45951499999999995,-0.2312,ANS,RUS,210320
251346,7,188,5636,2003,7352826.0,579283.0,0.049637,-0.502691,ARE,SAU,210320
251347,14,188,5636,2003,78958.0,0.0,0.316879,0.9409489999999999,AUS,SAU,210320
251348,18,188,5636,2003,0.0,13495.0,1.361682,1.39536,BEL,SAU,210320
251349,24,188,5636,2003,72645.0,33424.0,-0.10968800000000001,-1.041032,BHR,SAU,210320
251350,39,188,5636,2003,25828.0,0.0,0.9791540000000001,1.185081,CAN,SAU,210320
251351,43,188,5636,2003,62324.0,0.0,0.579431,2.773139,CHN,SAU,210320
251352,61,188,5636,2003,28467.0,0.0,2.2821919999999998,-2.0985150000000004,DEU,SAU,210320
251353,64,188,5636,2003,3539.0,0.0,1.309564,1.245596,DNK,SAU,210320
251354,68,188,5636,2003,1189869.0,24912.0,-0.292923,0.465433,EGY,SAU,210320
251355,69,188,5636,2003,0.0,152603.0,-0.105591,-0.247614,ERI,SAU,210320
251356,71,188,5636,2003,10294.0,0.0,0.960684,2.074792,ESP,SAU,210320
251357,73,188,5636,2003,0.0,67849.0,-1.1145559999999999,-0.9599620000000001,ETH,SAU,210320
251358,77,188,5636,2003,9794.0,0.0,1.606606,0.7394149999999999,FRA,SAU,210320
251359,81,188,5636,2003,21963.0,0.0,1.8712540000000002,0.706205,GBR,SAU,210320
251360,83,188,5636,2003,0.0,1478.0,-1.074188,-0.7127319999999999,GHA,SAU,210320
251361,90,188,5636,2003,0.0,7251.0,0.364688,1.4823959999999998,GRC,SAU,210320
251362,97,188,5636,2003,0.0,53678.0,0.494569,2.147062,HKG,SAU,210320
251363,104,188,5636,2003,2605.0,0.0,0.33014099999999996,2.836003,IND,SAU,210320
251364,107,188,5636,2003,122512.0,0.0,-0.552146,-0.8668520000000001,IRN,SAU,210320
251365,111,188,5636,2003,128089.0,2598.0,1.399734,1.044608,ITA,SAU,210320
251366,113,188,5636,2003,14502.0,221835.0,0.12295,0.377031,JOR,SAU,210320
251367,114,188,5636,2003,10004.0,0.0,2.4686630000000003,0.48072600000000004,JPN,SAU,210320
251368,122,188,5636,2003,117070.0,509187.0,-0.7943640000000001,-1.1529770000000001,KWT,SAU,210320
251369,124,188,5636,2003,61768.0,23301.0,0.261687,1.053856,LBN,SAU,210320
251370,138,188,5636,2003,102849.0,0.0,0.862509,0.756684,MEX,SAU,210320
251371,153,188,5636,2003,21182.0,0.0,0.728804,0.2168,MYS,SAU,210320
251372,159,188,5636,2003,0.0,6037.0,-1.859176,-1.234236,NGA,SAU,210320
251373,162,188,5636,2003,4980.0,16542.0,1.168453,1.7085709999999998,NLD,SAU,210320
251374,167,188,5636,2003,1608278.0,18049.0,-1.434873,-1.188123,OMN,SAU,210320
251375,168,188,5636,2003,1277.0,0.0,-0.6659689999999999,0.137924,PAK,SAU,210320
251376,174,188,5636,2003,14530.0,0.0,-0.065022,-0.195144,PHL,SAU,210320
251377,179,188,5636,2003,518981.0,0.0,0.471376,1.647303,PRT,SAU,210320
251378,183,188,5636,2003,0.0,511238.0,-0.209042,-1.0565799999999999,QAT,SAU,210320
251379,190,188,5636,2003,0.0,155391.0,-1.3535059999999999,-1.1701409999999999,SDN,SAU,210320
251380,208,188,5636,2003,1447.0,0.0,2.099224,0.799982,SWE,SAU,210320
251381,212,188,5636,2003,67330.0,33504.0,-0.868749,-0.326322,SYR,SAU,210320
251382,216,188,5636,2003,32637.0,0.0,0.43010699999999996,1.607408,THA,SAU,210320
251383,224,188,5636,2003,137492.0,0.0,0.192802,1.9855060000000002,TUR,SAU,210320
251384,226,188,5636,2003,0.0,435473.0,-1.225217,-0.43662399999999996,TZA,SAU,210320
251385,231,188,5636,2003,1781665.0,0.0,1.7789220000000001,0.064028,USA,SAU,210320
251386,243,188,5636,2003,0.0,60279.0,-1.453584,-1.257815,YEM,SAU,210320
251387,246,188,5636,2003,1175.0,17109.0,0.477987,2.255395,ZAF,SAU,210320
251388,7,192,5636,2003,57831.0,1718.0,0.049637,-0.502691,ARE,SGP,210320
251389,14,192,5636,2003,117696.0,3272.0,0.316879,0.9409489999999999,AUS,SGP,210320
251390,18,192,5636,2003,5410.0,0.0,1.361682,1.39536,BEL,SGP,210320
251391,22,192,5636,2003,0.0,7928.0,-1.168404,-1.035782,BGD,SGP,210320
251392,24,192,5636,2003,0.0,3220.0,-0.10968800000000001,-1.041032,BHR,SGP,210320
251393,32,192,5636,2003,1337.0,0.0,0.660576,1.118876,BRA,SGP,210320
251394,34,192,5636,2003,0.0,17367.0,-1.342738,-0.978633,BRN,SGP,210320
251395,39,192,5636,2003,0.0,26820.0,0.9791540000000001,1.185081,CAN,SGP,210320
251396,43,192,5636,2003,1728.0,3666.0,0.579431,2.773139,CHN,SGP,210320
251397,61,192,5636,2003,1922.0,0.0,2.2821919999999998,-2.0985150000000004,DEU,SGP,210320
251398,64,192,5636,2003,1228.0,0.0,1.309564,1.245596,DNK,SGP,210320
251399,71,192,5636,2003,64993.0,3898.0,0.960684,2.074792,ESP,SGP,210320
251400,77,192,5636,2003,7647.0,0.0,1.606606,0.7394149999999999,FRA,SGP,210320
251401,81,192,5636,2003,70724.0,31241.0,1.8712540000000002,0.706205,GBR,SGP,210320
251402,97,192,5636,2003,1988.0,180471.0,0.494569,2.147062,HKG,SGP,210320
251403,103,192,5636,2003,652137.0,201181.0,-0.16802,1.7252990000000001,IDN,SGP,210320
251404,104,192,5636,2003,6838.0,0.0,0.33014099999999996,2.836003,IND,SGP,210320
251405,111,192,5636,2003,99010.0,0.0,1.399734,1.044608,ITA,SGP,210320
251406,114,192,5636,2003,28832.0,3856.0,2.4686630000000003,0.48072600000000004,JPN,SGP,210320
251407,116,192,5636,2003,0.0,1318.0,-0.3531,0.582992,KEN,SGP,210320
251408,118,192,5636,2003,0.0,6121.0,-1.0165620000000002,-1.060454,KHM,SGP,210320
251409,121,192,5636,2003,2677.0,0.0,1.2611709999999998,0.956308,KOR,SGP,210320
251410,125,192,5636,2003,0.0,2760.0,0.026117,-1.03888,LBR,SGP,210320
251411,128,192,5636,2003,0.0,21766.0,-0.618057,0.101931,LKA,SGP,210320
251412,137,192,5636,2003,0.0,56115.0,-1.201352,-1.031892,MDV,SGP,210320
251413,143,192,5636,2003,0.0,4290.0,-1.435123,-1.0948,MMR,SGP,210320
251414,145,192,5636,2003,0.0,6380.0,-0.9747620000000001,-1.026308,MNG,SGP,210320
251415,151,192,5636,2003,0.0,11641.0,-0.361514,-0.29839899999999997,MUS,SGP,210320
251416,153,192,5636,2003,2251666.0,123209.0,0.728804,0.2168,MYS,SGP,210320
251417,156,192,5636,2003,0.0,986.0,-0.344934,-0.776632,NCL,SGP,210320
251418,159,192,5636,2003,0.0,11735.0,-1.859176,-1.234236,NGA,SGP,210320
251419,162,192,5636,2003,5402.0,86002.0,1.168453,1.7085709999999998,NLD,SGP,210320
251420,164,192,5636,2003,0.0,2471.0,-0.26353899999999997,1.351717,NPL,SGP,210320
251421,166,192,5636,2003,7208.0,1367.0,0.589619,0.997301,NZL,SGP,210320
251422,174,192,5636,2003,49895.0,0.0,-0.065022,-0.195144,PHL,SGP,210320
251423,176,192,5636,2003,0.0,4019.0,-1.7997330000000002,-1.2110049999999999,PNG,SGP,210320
251424,195,192,5636,2003,0.0,7782.0,-1.342629,-0.900968,SLB,SGP,210320
251425,208,192,5636,2003,6744.0,0.0,2.099224,0.799982,SWE,SGP,210320
251426,211,192,5636,2003,0.0,950.0,-0.44341099999999994,-0.742566,SYC,SGP,210320
251427,215,192,5636,2003,0.0,3117.0,-0.5058590000000001,-0.520586,TGO,SGP,210320
251428,216,192,5636,2003,430281.0,1352.0,0.43010699999999996,1.607408,THA,SGP,210320
251429,231,192,5636,2003,640654.0,0.0,1.7789220000000001,0.064028,USA,SGP,210320
251430,239,192,5636,2003,0.0,30164.0,-0.633985,0.659696,VNM,SGP,210320
251431,240,192,5636,2003,0.0,7336.0,-0.916386,-0.784439,VUT,SGP,210320
251432,246,192,5636,2003,1046.0,0.0,0.477987,2.255395,ZAF,SGP,210320
251433,249,192,5636,2003,300656.0,1373.0,1.5924040000000002,1.397843,TWN,SGP,210320
251434,250,192,5636,2003,0.0,68697.0,0.45951499999999995,-0.2312,ANS,SGP,210320
251435,15,206,5636,2003,38149.0,0.0,1.834977,0.408096,AUT,SVK,210320
251436,23,206,5636,2003,18192.0,0.0,0.43308599999999997,1.7104099999999998,BGR,SVK,210320
251437,59,206,5636,2003,1795323.0,221555.0,1.555749,0.8662059999999999,CZE,SVK,210320
251438,61,206,5636,2003,24681.0,0.0,2.2821919999999998,-2.0985150000000004,DEU,SVK,210320
251439,71,206,5636,2003,62064.0,0.0,0.960684,2.074792,ESP,SVK,210320
251440,102,206,5636,2003,15575.0,2229.0,1.2003270000000001,1.091407,HUN,SVK,210320
251441,103,206,5636,2003,4467.0,0.0,-0.16802,1.7252990000000001,IDN,SVK,210320
251442,111,206,5636,2003,61362.0,0.0,1.399734,1.044608,ITA,SVK,210320
251443,162,206,5636,2003,6040.0,0.0,1.168453,1.7085709999999998,NLD,SVK,210320
251444,177,206,5636,2003,236510.0,0.0,0.966622,1.664838,POL,SVK,210320
251445,179,206,5636,2003,7483.0,0.0,0.471376,1.647303,PRT,SVK,210320
251446,216,206,5636,2003,420.0,0.0,0.43010699999999996,1.607408,THA,SVK,210320
251447,228,206,5636,2003,0.0,6520.0,0.8929389999999999,0.956685,UKR,SVK,210320
251448,231,206,5636,2003,4789.0,0.0,1.7789220000000001,0.064028,USA,SVK,210320
251449,239,206,5636,2003,9609.0,0.0,-0.633985,0.659696,VNM,SVK,210320
251450,4,207,5636,2003,0.0,1720.0,-0.053595000000000004,0.166034,ALB,SVN,210320
251451,15,207,5636,2003,555430.0,1305.0,1.834977,0.408096,AUT,SVN,210320
251452,18,207,5636,2003,86803.0,0.0,1.361682,1.39536,BEL,SVN,210320
251453,23,207,5636,2003,7000.0,0.0,0.43308599999999997,1.7104099999999998,BGR,SVN,210320
251454,26,207,5636,2003,72570.0,43206.0,0.195667,0.347011,BIH,SVN,210320
251455,32,207,5636,2003,2001.0,0.0,0.660576,1.118876,BRA,SVN,210320
251456,41,207,5636,2003,44923.0,0.0,2.151037,0.711217,CHE,SVN,210320
251457,59,207,5636,2003,126267.0,0.0,1.555749,0.8662059999999999,CZE,SVN,210320
251458,61,207,5636,2003,69894.0,0.0,2.2821919999999998,-2.0985150000000004,DEU,SVN,210320
251459,81,207,5636,2003,901.0,0.0,1.8712540000000002,0.706205,GBR,SVN,210320
251460,100,207,5636,2003,2342.0,80812.0,0.568394,1.230759,HRV,SVN,210320
251461,102,207,5636,2003,45477.0,1755.0,1.2003270000000001,1.091407,HUN,SVN,210320
251462,111,207,5636,2003,451048.0,0.0,1.399734,1.044608,ITA,SVN,210320
251463,138,207,5636,2003,3574.0,0.0,0.862509,0.756684,MEX,SVN,210320
251464,140,207,5636,2003,3002.0,0.0,-0.017632,0.225394,MKD,SVN,210320
251465,162,207,5636,2003,46445.0,0.0,1.168453,1.7085709999999998,NLD,SVN,210320
251466,177,207,5636,2003,12807.0,0.0,0.966622,1.664838,POL,SVN,210320
251467,179,207,5636,2003,7235.0,0.0,0.471376,1.647303,PRT,SVN,210320
251468,185,207,5636,2003,2644.0,0.0,0.378379,1.0064620000000002,ROU,SVN,210320
251469,189,207,5636,2003,34795.0,24586.0,0.575326,1.627894,SCG,SVN,210320
251470,208,207,5636,2003,0.0,2082.0,2.099224,0.799982,SWE,SVN,210320
251471,231,207,5636,2003,9753.0,0.0,1.7789220000000001,0.064028,USA,SVN,210320
251472,42,212,5636,2003,0.0,3640.0,-0.06375900000000001,-0.156808,CHL,SYR,210320
251473,64,212,5636,2003,0.0,2210.0,1.309564,1.245596,DNK,SYR,210320
251474,68,212,5636,2003,5583.0,12041.0,-0.292923,0.465433,EGY,SYR,210320
251475,77,212,5636,2003,11985.0,0.0,1.606606,0.7394149999999999,FRA,SYR,210320
251476,111,212,5636,2003,0.0,15412.0,1.399734,1.044608,ITA,SYR,210320
251477,113,212,5636,2003,0.0,91537.0,0.12295,0.377031,JOR,SYR,210320
251478,122,212,5636,2003,0.0,8247.0,-0.7943640000000001,-1.1529770000000001,KWT,SYR,210320
251479,124,212,5636,2003,0.0,79488.0,0.261687,1.053856,LBN,SYR,210320
251480,134,212,5636,2003,0.0,4832.0,-0.6842050000000001,-0.217892,MAR,SYR,210320
251481,162,212,5636,2003,0.0,1956.0,1.168453,1.7085709999999998,NLD,SYR,210320
251482,167,212,5636,2003,5254.0,0.0,-1.434873,-1.188123,OMN,SYR,210320
251483,183,212,5636,2003,0.0,1247.0,-0.209042,-1.0565799999999999,QAT,SYR,210320
251484,188,212,5636,2003,33504.0,67330.0,0.202286,-0.714691,SAU,SYR,210320
251485,231,212,5636,2003,3327.0,0.0,1.7789220000000001,0.064028,USA,SYR,210320
251486,250,212,5636,2003,0.0,1195.0,0.45951499999999995,-0.2312,ANS,SYR,210320
251487,61,223,5636,2003,7658.0,0.0,2.2821919999999998,-2.0985150000000004,DEU,TUN,210320
251488,71,223,5636,2003,68137.0,0.0,0.960684,2.074792,ESP,TUN,210320
251489,77,223,5636,2003,2257.0,0.0,1.606606,0.7394149999999999,FRA,TUN,210320
251490,81,223,5636,2003,4681.0,0.0,1.8712540000000002,0.706205,GBR,TUN,210320
251491,111,223,5636,2003,2460.0,16612.0,1.399734,1.044608,ITA,TUN,210320
251492,134,223,5636,2003,21985.0,0.0,-0.6842050000000001,-0.217892,MAR,TUN,210320
251493,162,223,5636,2003,4991.0,0.0,1.168453,1.7085709999999998,NLD,TUN,210320
251494,167,223,5636,2003,4711.0,8274.0,-1.434873,-1.188123,OMN,TUN,210320
251495,191,223,5636,2003,0.0,1448.0,-0.25203600000000004,-0.25549299999999997,SEN,TUN,210320
251496,231,223,5636,2003,25730.0,0.0,1.7789220000000001,0.064028,USA,TUN,210320
251497,9,228,5636,2003,0.0,6344.0,0.497521,-0.305788,ARM,UKR,210320
251498,16,228,5636,2003,0.0,14041.0,-0.304606,-0.975453,AZE,UKR,210320
251499,28,228,5636,2003,0.0,157857.0,0.847358,0.9307719999999999,BLR,UKR,210320
251500,39,228,5636,2003,0.0,5300.0,0.9791540000000001,1.185081,CAN,UKR,210320
251501,61,228,5636,2003,84858.0,20803.0,2.2821919999999998,-2.0985150000000004,DEU,UKR,210320
251502,71,228,5636,2003,8289.0,1227.0,0.960684,2.074792,ESP,UKR,210320
251503,72,228,5636,2003,0.0,53594.0,0.5913010000000001,0.8489979999999999,EST,UKR,210320
251504,81,228,5636,2003,0.0,3939.0,1.8712540000000002,0.706205,GBR,UKR,210320
251505,82,228,5636,2003,4680.0,20993.0,0.595485,-0.25939,GEO,UKR,210320
251506,102,228,5636,2003,941.0,0.0,1.2003270000000001,1.091407,HUN,UKR,210320
251507,110,228,5636,2003,0.0,17780.0,1.157809,0.682195,ISR,UKR,210320
251508,111,228,5636,2003,4063.0,0.0,1.399734,1.044608,ITA,UKR,210320
251509,115,228,5636,2003,0.0,17999.0,-0.156326,-0.62092,KAZ,UKR,210320
251510,122,228,5636,2003,0.0,11249.0,-0.7943640000000001,-1.1529770000000001,KWT,UKR,210320
251511,130,228,5636,2003,0.0,15302.0,0.239608,0.517299,LTU,UKR,210320
251512,132,228,5636,2003,0.0,1444.0,0.520772,0.5631689999999999,LVA,UKR,210320
251513,135,228,5636,2003,0.0,484542.0,-0.005154,-0.26107199999999997,MDA,UKR,210320
251514,162,228,5636,2003,47501.0,0.0,1.168453,1.7085709999999998,NLD,UKR,210320
251515,186,228,5636,2003,873665.0,6556801.0,1.072729,0.338355,RUS,UKR,210320
251516,206,228,5636,2003,6520.0,0.0,1.22565,0.915518,SVK,UKR,210320
251517,208,228,5636,2003,0.0,5203.0,2.099224,0.799982,SWE,UKR,210320
251518,224,228,5636,2003,0.0,416482.0,0.192802,1.9855060000000002,TUR,UKR,210320
251519,231,228,5636,2003,0.0,4872.0,1.7789220000000001,0.064028,USA,UKR,210320
251520,49,19,5636,2003,2781.0,0.0,0.218336,0.376869,COL,BEN,210320
251521,71,19,5636,2003,1100.0,0.0,0.960684,2.074792,ESP,BEN,210320
251522,77,19,5636,2003,1979.0,0.0,1.606606,0.7394149999999999,FRA,BEN,210320
251523,81,19,5636,2003,81779.0,0.0,1.8712540000000002,0.706205,GBR,BEN,210320
251524,104,19,5636,2003,1080.0,0.0,0.33014099999999996,2.836003,IND,BEN,210320
251525,124,19,5636,2003,2808.0,0.0,0.261687,1.053856,LBN,BEN,210320
251526,162,19,5636,2003,1022.0,0.0,1.168453,1.7085709999999998,NLD,BEN,210320
251527,224,19,5636,2003,854.0,0.0,0.192802,1.9855060000000002,TUR,BEN,210320
251528,155,37,5636,2003,1030.0,0.0,-0.24004499999999998,-0.39565900000000004,NAM,BWA,210320
251529,246,37,5636,2003,8055200.0,11415.0,0.477987,2.255395,ZAF,BWA,210320
251530,18,44,5636,2003,6657.0,4048.0,1.361682,1.39536,BEL,CIV,210320
251531,68,44,5636,2003,1507.0,0.0,-0.292923,0.465433,EGY,CIV,210320
251532,71,44,5636,2003,23723.0,0.0,0.960684,2.074792,ESP,CIV,210320
251533,77,44,5636,2003,38207.0,0.0,1.606606,0.7394149999999999,FRA,CIV,210320
251534,111,44,5636,2003,965.0,0.0,1.399734,1.044608,ITA,CIV,210320
251535,124,44,5636,2003,43219.0,0.0,0.261687,1.053856,LBN,CIV,210320
251536,224,44,5636,2003,5183.0,0.0,0.192802,1.9855060000000002,TUR,CIV,210320
251537,231,44,5636,2003,811.0,0.0,1.7789220000000001,0.064028,USA,CIV,210320
251538,246,44,5636,2003,2846.0,0.0,0.477987,2.255395,ZAF,CIV,210320
251539,67,45,5636,2003,8709.0,0.0,-0.8689370000000001,-0.889767,ECU,CMR,210320
251540,77,45,5636,2003,45430.0,0.0,1.606606,0.7394149999999999,FRA,CMR,210320
251541,111,45,5636,2003,1199.0,0.0,1.399734,1.044608,ITA,CMR,210320
251542,124,45,5636,2003,1207.0,0.0,0.261687,1.053856,LBN,CMR,210320
251543,128,45,5636,2003,1267.0,0.0,-0.618057,0.101931,LKA,CMR,210320
251544,142,45,5636,2003,2048.0,0.0,1.2138149999999999,-0.015687,MLT,CMR,210320
251545,162,45,5636,2003,16230.0,0.0,1.168453,1.7085709999999998,NLD,CMR,210320
251546,224,45,5636,2003,8672.0,0.0,0.192802,1.9855060000000002,TUR,CMR,210320
251547,250,45,5636,2003,2675.0,0.0,0.45951499999999995,-0.2312,ANS,CMR,210320
251548,15,58,5636,2003,2937.0,0.0,1.834977,0.408096,AUT,CYP,210320
251549,18,58,5636,2003,19043.0,0.0,1.361682,1.39536,BEL,CYP,210320
251550,23,58,5636,2003,6485.0,0.0,0.43308599999999997,1.7104099999999998,BGR,CYP,210320
251551,41,58,5636,2003,2251.0,0.0,2.151037,0.711217,CHE,CYP,210320
251552,61,58,5636,2003,158959.0,0.0,2.2821919999999998,-2.0985150000000004,DEU,CYP,210320
251553,64,58,5636,2003,2532.0,0.0,1.309564,1.245596,DNK,CYP,210320
251554,68,58,5636,2003,7380.0,0.0,-0.292923,0.465433,EGY,CYP,210320
251555,71,58,5636,2003,12137.0,0.0,0.960684,2.074792,ESP,CYP,210320
251556,72,58,5636,2003,826.0,0.0,0.5913010000000001,0.8489979999999999,EST,CYP,210320
251557,77,58,5636,2003,10585.0,0.0,1.606606,0.7394149999999999,FRA,CYP,210320
251558,81,58,5636,2003,526053.0,0.0,1.8712540000000002,0.706205,GBR,CYP,210320
251559,90,58,5636,2003,58671.0,2518.0,0.364688,1.4823959999999998,GRC,CYP,210320
251560,106,58,5636,2003,27405.0,0.0,1.6396130000000002,0.220599,IRL,CYP,210320
251561,111,58,5636,2003,50750.0,0.0,1.399734,1.044608,ITA,CYP,210320
251562,124,58,5636,2003,0.0,647.0,0.261687,1.053856,LBN,CYP,210320
251563,149,58,5636,2003,1878.0,0.0,0.383768,-0.320867,MSR,CYP,210320
251564,162,58,5636,2003,56380.0,0.0,1.168453,1.7085709999999998,NLD,CYP,210320
251565,208,58,5636,2003,2220.0,0.0,2.099224,0.799982,SWE,CYP,210320
251566,216,58,5636,2003,2064.0,0.0,0.43010699999999996,1.607408,THA,CYP,210320
251567,224,58,5636,2003,202658.0,0.0,0.192802,1.9855060000000002,TUR,CYP,210320
251568,231,58,5636,2003,11113.0,0.0,1.7789220000000001,0.064028,USA,CYP,210320
251569,246,58,5636,2003,1297.0,0.0,0.477987,2.255395,ZAF,CYP,210320
251570,15,72,5636,2003,5078.0,0.0,1.834977,0.408096,AUT,EST,210320
251571,18,72,5636,2003,45516.0,0.0,1.361682,1.39536,BEL,EST,210320
251572,58,72,5636,2003,0.0,826.0,0.259992,0.068914,CYP,EST,210320
251573,59,72,5636,2003,35019.0,0.0,1.555749,0.8662059999999999,CZE,EST,210320
251574,61,72,5636,2003,64518.0,0.0,2.2821919999999998,-2.0985150000000004,DEU,EST,210320
251575,64,72,5636,2003,10223.0,0.0,1.309564,1.245596,DNK,EST,210320
251576,74,72,5636,2003,268670.0,3584.0,2.077889,0.942501,FIN,EST,210320
251577,77,72,5636,2003,1049.0,0.0,1.606606,0.7394149999999999,FRA,EST,210320
251578,81,72,5636,2003,0.0,989.0,1.8712540000000002,0.706205,GBR,EST,210320
251579,102,72,5636,2003,23346.0,0.0,1.2003270000000001,1.091407,HUN,EST,210320
251580,111,72,5636,2003,15458.0,0.0,1.399734,1.044608,ITA,EST,210320
251581,125,72,5636,2003,0.0,1675.0,0.026117,-1.03888,LBR,EST,210320
251582,130,72,5636,2003,69290.0,7982.0,0.239608,0.517299,LTU,EST,210320
251583,132,72,5636,2003,497557.0,31217.0,0.520772,0.5631689999999999,LVA,EST,210320
251584,142,72,5636,2003,0.0,4305.0,1.2138149999999999,-0.015687,MLT,EST,210320
251585,162,72,5636,2003,11980.0,0.0,1.168453,1.7085709999999998,NLD,EST,210320
251586,177,72,5636,2003,43637.0,0.0,0.966622,1.664838,POL,EST,210320
251587,179,72,5636,2003,150892.0,0.0,0.471376,1.647303,PRT,EST,210320
251588,186,72,5636,2003,35780.0,15150.0,1.072729,0.338355,RUS,EST,210320
251589,208,72,5636,2003,619890.0,0.0,2.099224,0.799982,SWE,EST,210320
251590,224,72,5636,2003,19400.0,0.0,0.192802,1.9855060000000002,TUR,EST,210320
251591,228,72,5636,2003,53594.0,0.0,0.8929389999999999,0.956685,UKR,EST,210320
251592,231,72,5636,2003,4471.0,0.0,1.7789220000000001,0.064028,USA,EST,210320
251593,250,72,5636,2003,380419.0,0.0,0.45951499999999995,-0.2312,ANS,EST,210320
251594,18,80,5636,2003,2141.0,0.0,1.361682,1.39536,BEL,GAB,210320
251595,61,80,5636,2003,10718.0,0.0,2.2821919999999998,-2.0985150000000004,DEU,GAB,210320
251596,71,80,5636,2003,3500.0,0.0,0.960684,2.074792,ESP,GAB,210320
251597,77,80,5636,2003,45477.0,0.0,1.606606,0.7394149999999999,FRA,GAB,210320
251598,111,80,5636,2003,2453.0,0.0,1.399734,1.044608,ITA,GAB,210320
251599,124,80,5636,2003,13806.0,0.0,0.261687,1.053856,LBN,GAB,210320
251600,162,80,5636,2003,16062.0,0.0,1.168453,1.7085709999999998,NLD,GAB,210320
251601,216,80,5636,2003,19820.0,0.0,0.43010699999999996,1.607408,THA,GAB,210320
251602,43,118,5636,2003,3013.0,0.0,0.579431,2.773139,CHN,KHM,210320
251603,114,118,5636,2003,944.0,0.0,2.4686630000000003,0.48072600000000004,JPN,KHM,210320
251604,153,118,5636,2003,3575.0,0.0,0.728804,0.2168,MYS,KHM,210320
251605,192,118,5636,2003,6121.0,0.0,1.5080799999999999,0.720337,SGP,KHM,210320
251606,216,118,5636,2003,127781.0,0.0,0.43010699999999996,1.607408,THA,KHM,210320
251607,231,118,5636,2003,1922.0,0.0,1.7789220000000001,0.064028,USA,KHM,210320
251608,15,130,5636,2003,1524.0,0.0,1.834977,0.408096,AUT,LTU,210320
251609,18,130,5636,2003,7139.0,0.0,1.361682,1.39536,BEL,LTU,210320
251610,59,130,5636,2003,71118.0,0.0,1.555749,0.8662059999999999,CZE,LTU,210320
251611,61,130,5636,2003,289258.0,91948.0,2.2821919999999998,-2.0985150000000004,DEU,LTU,210320
251612,71,130,5636,2003,109603.0,0.0,0.960684,2.074792,ESP,LTU,210320
251613,72,130,5636,2003,7982.0,69290.0,0.5913010000000001,0.8489979999999999,EST,LTU,210320
251614,74,130,5636,2003,9568.0,13171.0,2.077889,0.942501,FIN,LTU,210320
251615,77,130,5636,2003,11685.0,0.0,1.606606,0.7394149999999999,FRA,LTU,210320
251616,87,130,5636,2003,0.0,32570.0,-0.230541,-0.275663,GMB,LTU,210320
251617,102,130,5636,2003,11816.0,33437.0,1.2003270000000001,1.091407,HUN,LTU,210320
251618,103,130,5636,2003,2308.0,0.0,-0.16802,1.7252990000000001,IDN,LTU,210320
251619,106,130,5636,2003,0.0,108853.0,1.6396130000000002,0.220599,IRL,LTU,210320
251620,111,130,5636,2003,6212.0,0.0,1.399734,1.044608,ITA,LTU,210320
251621,115,130,5636,2003,0.0,15992.0,-0.156326,-0.62092,KAZ,LTU,210320
251622,132,130,5636,2003,964521.0,293980.0,0.520772,0.5631689999999999,LVA,LTU,210320
251623,162,130,5636,2003,188996.0,0.0,1.168453,1.7085709999999998,NLD,LTU,210320
251624,177,130,5636,2003,106754.0,0.0,0.966622,1.664838,POL,LTU,210320
251625,179,130,5636,2003,6434.0,0.0,0.471376,1.647303,PRT,LTU,210320
251626,186,130,5636,2003,140181.0,2628.0,1.072729,0.338355,RUS,LTU,210320
251627,191,130,5636,2003,0.0,1904.0,-0.25203600000000004,-0.25549299999999997,SEN,LTU,210320
251628,208,130,5636,2003,17166.0,0.0,2.099224,0.799982,SWE,LTU,210320
251629,216,130,5636,2003,1175.0,0.0,0.43010699999999996,1.607408,THA,LTU,210320
251630,228,130,5636,2003,15302.0,0.0,0.8929389999999999,0.956685,UKR,LTU,210320
251631,231,130,5636,2003,2247.0,3021.0,1.7789220000000001,0.064028,USA,LTU,210320
251632,18,131,5636,2003,1419170.0,25527.0,1.361682,1.39536,BEL,LUX,210320
251633,61,131,5636,2003,208484.0,3068.0,2.2821919999999998,-2.0985150000000004,DEU,LUX,210320
251634,71,131,5636,2003,54754.0,0.0,0.960684,2.074792,ESP,LUX,210320
251635,77,131,5636,2003,240935.0,2178.0,1.606606,0.7394149999999999,FRA,LUX,210320
251636,111,131,5636,2003,300248.0,0.0,1.399734,1.044608,ITA,LUX,210320
251637,162,131,5636,2003,32073.0,7392.0,1.168453,1.7085709999999998,NLD,LUX,210320
251638,179,131,5636,2003,2582.0,0.0,0.471376,1.647303,PRT,LUX,210320
251639,2,134,5636,2003,0.0,20012.0,-1.8762919999999998,-1.176541,AGO,MAR,210320
251640,18,134,5636,2003,0.0,15819.0,1.361682,1.39536,BEL,MAR,210320
251641,61,134,5636,2003,10037.0,0.0,2.2821919999999998,-2.0985150000000004,DEU,MAR,210320
251642,71,134,5636,2003,226770.0,0.0,0.960684,2.074792,ESP,MAR,210320
251643,77,134,5636,2003,120297.0,0.0,1.606606,0.7394149999999999,FRA,MAR,210320
251644,111,134,5636,2003,5538.0,0.0,1.399734,1.044608,ITA,MAR,210320
251645,122,134,5636,2003,0.0,17724.0,-0.7943640000000001,-1.1529770000000001,KWT,MAR,210320
251646,124,134,5636,2003,1556.0,0.0,0.261687,1.053856,LBN,MAR,210320
251647,162,134,5636,2003,47552.0,0.0,1.168453,1.7085709999999998,NLD,MAR,210320
251648,167,134,5636,2003,0.0,4917.0,-1.434873,-1.188123,OMN,MAR,210320
251649,179,134,5636,2003,2254.0,0.0,0.471376,1.647303,PRT,MAR,210320
251650,191,134,5636,2003,0.0,7009.0,-0.25203600000000004,-0.25549299999999997,SEN,MAR,210320
251651,212,134,5636,2003,4832.0,0.0,-0.868749,-0.326322,SYR,MAR,210320
251652,223,134,5636,2003,0.0,21985.0,-0.14845999999999998,0.255092,TUN,MAR,210320
251653,231,134,5636,2003,14641.0,0.0,1.7789220000000001,0.064028,USA,MAR,210320
251654,28,135,5636,2003,0.0,3247.0,0.847358,0.9307719999999999,BLR,MDA,210320
251655,61,135,5636,2003,7494.0,0.0,2.2821919999999998,-2.0985150000000004,DEU,MDA,210320
251656,74,135,5636,2003,1050.0,0.0,2.077889,0.942501,FIN,MDA,210320
251657,77,135,5636,2003,1123.0,0.0,1.606606,0.7394149999999999,FRA,MDA,210320
251658,90,135,5636,2003,11273.0,6796.0,0.364688,1.4823959999999998,GRC,MDA,210320
251659,185,135,5636,2003,74650.0,0.0,0.378379,1.0064620000000002,ROU,MDA,210320
251660,186,135,5636,2003,165255.0,0.0,1.072729,0.338355,RUS,MDA,210320
251661,228,135,5636,2003,484542.0,0.0,0.8929389999999999,0.956685,UKR,MDA,210320
251662,7,142,5636,2003,0.0,20617.0,0.049637,-0.502691,ARE,MLT,210320
251663,45,142,5636,2003,0.0,2048.0,-1.254788,-1.10897,CMR,MLT,210320
251664,61,142,5636,2003,16107.0,0.0,2.2821919999999998,-2.0985150000000004,DEU,MLT,210320
251665,62,142,5636,2003,0.0,1940.0,-0.41648500000000005,-0.5408350000000001,DJI,MLT,210320
251666,71,142,5636,2003,52477.0,0.0,0.960684,2.074792,ESP,MLT,210320
251667,72,142,5636,2003,4305.0,0.0,0.5913010000000001,0.8489979999999999,EST,MLT,210320
251668,81,142,5636,2003,107264.0,2713765.0,1.8712540000000002,0.706205,GBR,MLT,210320
251669,85,142,5636,2003,0.0,5762.0,-2.14752,-1.250048,GIN,MLT,210320
251670,110,142,5636,2003,2945.0,0.0,1.157809,0.682195,ISR,MLT,210320
251671,111,142,5636,2003,133165.0,21107.0,1.399734,1.044608,ITA,MLT,210320
251672,122,142,5636,2003,0.0,8296.0,-0.7943640000000001,-1.1529770000000001,KWT,MLT,210320
251673,126,142,5636,2003,0.0,38720.0,-0.36075999999999997,-1.110575,LBY,MLT,210320
251674,162,142,5636,2003,6070.0,0.0,1.168453,1.7085709999999998,NLD,MLT,210320
251675,164,142,5636,2003,0.0,9544.0,-0.26353899999999997,1.351717,NPL,MLT,210320
251676,190,142,5636,2003,0.0,2592.0,-1.3535059999999999,-1.1701409999999999,SDN,MLT,210320
251677,191,142,5636,2003,0.0,3813.0,-0.25203600000000004,-0.25549299999999997,SEN,MLT,210320
251678,196,142,5636,2003,0.0,8702.0,0.129923,-0.19926300000000002,SLE,MLT,210320
251679,231,142,5636,2003,6292.0,12134.0,1.7789220000000001,0.064028,USA,MLT,210320
251680,249,142,5636,2003,0.0,45695.0,1.5924040000000002,1.397843,TWN,MLT,210320
251681,7,147,5636,2003,31046.0,0.0,0.049637,-0.502691,ARE,MOZ,210320
251682,97,147,5636,2003,11583.0,0.0,0.494569,2.147062,HKG,MOZ,210320
251683,111,147,5636,2003,8634.0,0.0,1.399734,1.044608,ITA,MOZ,210320
251684,179,147,5636,2003,3145.0,0.0,0.471376,1.647303,PRT,MOZ,210320
251685,216,147,5636,2003,17162.0,0.0,0.43010699999999996,1.607408,THA,MOZ,210320
251686,231,147,5636,2003,1612.0,0.0,1.7789220000000001,0.064028,USA,MOZ,210320
251687,246,147,5636,2003,252966.0,0.0,0.477987,2.255395,ZAF,MOZ,210320
251688,248,147,5636,2003,2172.0,0.0,-0.366539,-0.18906199999999998,ZWE,MOZ,210320
251689,2,155,5636,2003,0.0,85842.0,-1.8762919999999998,-1.176541,AGO,NAM,210320
251690,37,155,5636,2003,0.0,1030.0,-0.517317,-1.1125770000000001,BWA,NAM,210320
251691,61,155,5636,2003,2494.0,0.0,2.2821919999999998,-2.0985150000000004,DEU,NAM,210320
251692,71,155,5636,2003,1355.0,0.0,0.960684,2.074792,ESP,NAM,210320
251693,81,155,5636,2003,0.0,27716.0,1.8712540000000002,0.706205,GBR,NAM,210320
251694,162,155,5636,2003,37383.0,0.0,1.168453,1.7085709999999998,NLD,NAM,210320
251695,179,155,5636,2003,12043.0,0.0,0.471376,1.647303,PRT,NAM,210320
251696,231,155,5636,2003,5155.0,6635.0,1.7789220000000001,0.064028,USA,NAM,210320
251697,246,155,5636,2003,703125.0,0.0,0.477987,2.255395,ZAF,NAM,210320
251698,43,159,5636,2003,11862.0,0.0,0.579431,2.773139,CHN,NGA,210320
251699,61,159,5636,2003,8192.0,0.0,2.2821919999999998,-2.0985150000000004,DEU,NGA,210320
251700,77,159,5636,2003,5269.0,0.0,1.606606,0.7394149999999999,FRA,NGA,210320
251701,81,159,5636,2003,142814.0,0.0,1.8712540000000002,0.706205,GBR,NGA,210320
251702,83,159,5636,2003,27209.0,0.0,-1.074188,-0.7127319999999999,GHA,NGA,210320
251703,111,159,5636,2003,1789.0,0.0,1.399734,1.044608,ITA,NGA,210320
251704,124,159,5636,2003,15193.0,0.0,0.261687,1.053856,LBN,NGA,210320
251705,162,159,5636,2003,201650.0,0.0,1.168453,1.7085709999999998,NLD,NGA,210320
251706,188,159,5636,2003,6037.0,0.0,0.202286,-0.714691,SAU,NGA,210320
251707,192,159,5636,2003,11735.0,0.0,1.5080799999999999,0.720337,SGP,NGA,210320
251708,224,159,5636,2003,3769.0,0.0,0.192802,1.9855060000000002,TUR,NGA,210320
251709,231,159,5636,2003,95859.0,0.0,1.7789220000000001,0.064028,USA,NGA,210320
251710,246,159,5636,2003,11938.0,0.0,0.477987,2.255395,ZAF,NGA,210320
251711,43,191,5636,2003,1030.0,0.0,0.579431,2.773139,CHN,SEN,210320
251712,49,191,5636,2003,1746.0,0.0,0.218336,0.376869,COL,SEN,210320
251713,71,191,5636,2003,61525.0,0.0,0.960684,2.074792,ESP,SEN,210320
251714,77,191,5636,2003,66352.0,0.0,1.606606,0.7394149999999999,FRA,SEN,210320
251715,111,191,5636,2003,6638.0,0.0,1.399734,1.044608,ITA,SEN,210320
251716,124,191,5636,2003,23185.0,0.0,0.261687,1.053856,LBN,SEN,210320
251717,130,191,5636,2003,1904.0,0.0,0.239608,0.517299,LTU,SEN,210320
251718,134,191,5636,2003,7009.0,0.0,-0.6842050000000001,-0.217892,MAR,SEN,210320
251719,142,191,5636,2003,3813.0,0.0,1.2138149999999999,-0.015687,MLT,SEN,210320
251720,162,191,5636,2003,2156.0,0.0,1.168453,1.7085709999999998,NLD,SEN,210320
251721,223,191,5636,2003,1448.0,0.0,-0.14845999999999998,0.255092,TUN,SEN,210320
251722,231,191,5636,2003,53599.0,0.0,1.7789220000000001,0.064028,USA,SEN,210320
251723,179,203,5636,2003,1168.0,0.0,0.471376,1.647303,PRT,STP,210320
251724,77,215,5636,2003,9351.0,0.0,1.606606,0.7394149999999999,FRA,TGO,210320
251725,81,215,5636,2003,51024.0,0.0,1.8712540000000002,0.706205,GBR,TGO,210320
251726,83,215,5636,2003,1405.0,0.0,-1.074188,-0.7127319999999999,GHA,TGO,210320
251727,111,215,5636,2003,5480.0,0.0,1.399734,1.044608,ITA,TGO,210320
251728,124,215,5636,2003,7846.0,0.0,0.261687,1.053856,LBN,TGO,210320
251729,192,215,5636,2003,3117.0,0.0,1.5080799999999999,0.720337,SGP,TGO,210320
251730,7,226,5636,2003,53388.0,0.0,0.049637,-0.502691,ARE,TZA,210320
251731,43,226,5636,2003,1047.0,0.0,0.579431,2.773139,CHN,TZA,210320
251732,68,226,5636,2003,1216.0,0.0,-0.292923,0.465433,EGY,TZA,210320
251733,81,226,5636,2003,1371.0,0.0,1.8712540000000002,0.706205,GBR,TZA,210320
251734,104,226,5636,2003,3798.0,0.0,0.33014099999999996,2.836003,IND,TZA,210320
251735,111,226,5636,2003,7766.0,0.0,1.399734,1.044608,ITA,TZA,210320
251736,116,226,5636,2003,75214.0,0.0,-0.3531,0.582992,KEN,TZA,210320
251737,153,226,5636,2003,2509.0,0.0,0.728804,0.2168,MYS,TZA,210320
251738,162,226,5636,2003,100430.0,0.0,1.168453,1.7085709999999998,NLD,TZA,210320
251739,167,226,5636,2003,19984.0,0.0,-1.434873,-1.188123,OMN,TZA,210320
251740,188,226,5636,2003,435473.0,0.0,0.202286,-0.714691,SAU,TZA,210320
251741,227,226,5636,2003,0.0,900.0,-0.895193,-0.712039,UGA,TZA,210320
251742,246,226,5636,2003,18155.0,0.0,0.477987,2.255395,ZAF,TZA,210320
251743,14,239,5636,2003,11234.0,0.0,0.316879,0.9409489999999999,AUS,VNM,210320
251744,18,239,5636,2003,6575.0,0.0,1.361682,1.39536,BEL,VNM,210320
251745,39,239,5636,2003,0.0,2389.0,0.9791540000000001,1.185081,CAN,VNM,210320
251746,43,239,5636,2003,2969.0,0.0,0.579431,2.773139,CHN,VNM,210320
251747,61,239,5636,2003,1751.0,0.0,2.2821919999999998,-2.0985150000000004,DEU,VNM,210320
251748,77,239,5636,2003,2820.0,0.0,1.606606,0.7394149999999999,FRA,VNM,210320
251749,97,239,5636,2003,5461.0,0.0,0.494569,2.147062,HKG,VNM,210320
251750,103,239,5636,2003,22834.0,0.0,-0.16802,1.7252990000000001,IDN,VNM,210320
251751,111,239,5636,2003,19356.0,1588.0,1.399734,1.044608,ITA,VNM,210320
251752,121,239,5636,2003,15521.0,0.0,1.2611709999999998,0.956308,KOR,VNM,210320
251753,153,239,5636,2003,26519.0,0.0,0.728804,0.2168,MYS,VNM,210320
251754,162,239,5636,2003,2570.0,0.0,1.168453,1.7085709999999998,NLD,VNM,210320
251755,186,239,5636,2003,994.0,139809.0,1.072729,0.338355,RUS,VNM,210320
251756,192,239,5636,2003,30164.0,0.0,1.5080799999999999,0.720337,SGP,VNM,210320
251757,206,239,5636,2003,0.0,9609.0,1.22565,0.915518,SVK,VNM,210320
251758,216,239,5636,2003,104215.0,0.0,0.43010699999999996,1.607408,THA,VNM,210320
251759,231,239,5636,2003,5494.0,0.0,1.7789220000000001,0.064028,USA,VNM,210320
251760,249,239,5636,2003,15113.0,0.0,1.5924040000000002,1.397843,TWN,VNM,210320
251761,39,247,5636,2003,6196.0,0.0,0.9791540000000001,1.185081,CAN,ZMB,210320
251762,68,247,5636,2003,2938.0,0.0,-0.292923,0.465433,EGY,ZMB,210320
251763,114,247,5636,2003,2292.0,0.0,2.4686630000000003,0.48072600000000004,JPN,ZMB,210320
251764,246,247,5636,2003,144716.0,0.0,0.477987,2.255395,ZAF,ZMB,210320
251765,248,247,5636,2003,139504.0,0.0,-0.366539,-0.18906199999999998,ZWE,ZMB,210320
251766,112,13,5636,2003,8024.0,0.0,-0.6684140000000001,-0.915817,JAM,ATG,210320
251767,222,13,5636,2003,10641.0,0.0,-0.16738,-0.9820969999999999,TTO,ATG,210320
251768,231,13,5636,2003,185358.0,0.0,1.7789220000000001,0.064028,USA,ATG,210320
251769,112,120,5636,2003,6007.0,0.0,-0.6684140000000001,-0.915817,JAM,KNA,210320
251770,222,120,5636,2003,64850.0,0.0,-0.16738,-0.9820969999999999,TTO,KNA,210320
251771,231,120,5636,2003,103393.0,0.0,1.7789220000000001,0.064028,USA,KNA,210320
251772,39,127,5636,2003,650.0,0.0,0.9791540000000001,1.185081,CAN,LCA,210320
251773,81,127,5636,2003,1911.0,2372.0,1.8712540000000002,0.706205,GBR,LCA,210320
251774,96,127,5636,2003,0.0,5704.0,-0.59035,-0.7361340000000001,GUY,LCA,210320
251775,112,127,5636,2003,27779.0,0.0,-0.6684140000000001,-0.915817,JAM,LCA,210320
251776,222,127,5636,2003,283375.0,0.0,-0.16738,-0.9820969999999999,TTO,LCA,210320
251777,231,127,5636,2003,148747.0,0.0,1.7789220000000001,0.064028,USA,LCA,210320
251778,75,48,5636,2003,1842.0,0.0,-0.6865640000000001,-0.326977,FJI,COK,210320
251779,166,48,5636,2003,117508.0,0.0,0.589619,0.997301,NZL,COK,210320
251780,39,63,5636,2003,17277.0,0.0,0.9791540000000001,1.185081,CAN,DMA,210320
251781,111,63,5636,2003,8477.0,0.0,1.399734,1.044608,ITA,DMA,210320
251782,112,63,5636,2003,12222.0,0.0,-0.6684140000000001,-0.915817,JAM,DMA,210320
251783,222,63,5636,2003,112564.0,0.0,-0.16738,-0.9820969999999999,TTO,DMA,210320
251784,231,63,5636,2003,22162.0,0.0,1.7789220000000001,0.064028,USA,DMA,210320
251785,71,66,5636,2003,41511.0,0.0,0.960684,2.074792,ESP,DZA,210320
251786,77,66,5636,2003,127250.0,0.0,1.606606,0.7394149999999999,FRA,DZA,210320
251787,111,66,5636,2003,104113.0,0.0,1.399734,1.044608,ITA,DZA,210320
251788,122,66,5636,2003,0.0,1607.0,-0.7943640000000001,-1.1529770000000001,KWT,DZA,210320
251789,162,66,5636,2003,15131.0,0.0,1.168453,1.7085709999999998,NLD,DZA,210320
251790,177,66,5636,2003,7786.0,0.0,0.966622,1.664838,POL,DZA,210320
251791,224,66,5636,2003,9627.0,0.0,0.192802,1.9855060000000002,TUR,DZA,210320
251792,231,66,5636,2003,1247.0,0.0,1.7789220000000001,0.064028,USA,DZA,210320
251793,250,66,5636,2003,9043.0,0.0,0.45951499999999995,-0.2312,ANS,DZA,210320
251794,16,82,5636,2003,0.0,3726.0,-0.304606,-0.975453,AZE,GEO,210320
251795,28,82,5636,2003,0.0,1077.0,0.847358,0.9307719999999999,BLR,GEO,210320
251796,39,82,5636,2003,0.0,1308.0,0.9791540000000001,1.185081,CAN,GEO,210320
251797,61,82,5636,2003,3777.0,1297.0,2.2821919999999998,-2.0985150000000004,DEU,GEO,210320
251798,64,82,5636,2003,711.0,0.0,1.309564,1.245596,DNK,GEO,210320
251799,90,82,5636,2003,2898.0,0.0,0.364688,1.4823959999999998,GRC,GEO,210320
251800,102,82,5636,2003,2723.0,0.0,1.2003270000000001,1.091407,HUN,GEO,210320
251801,107,82,5636,2003,3036.0,0.0,-0.552146,-0.8668520000000001,IRN,GEO,210320
251802,110,82,5636,2003,0.0,3212.0,1.157809,0.682195,ISR,GEO,210320
251803,111,82,5636,2003,3411.0,0.0,1.399734,1.044608,ITA,GEO,210320
251804,162,82,5636,2003,1229.0,0.0,1.168453,1.7085709999999998,NLD,GEO,210320
251805,186,82,5636,2003,3468.0,5863.0,1.072729,0.338355,RUS,GEO,210320
251806,224,82,5636,2003,152701.0,0.0,0.192802,1.9855060000000002,TUR,GEO,210320
251807,228,82,5636,2003,20993.0,4680.0,0.8929389999999999,0.956685,UKR,GEO,210320
251808,231,82,5636,2003,0.0,6983.0,1.7789220000000001,0.064028,USA,GEO,210320
251809,64,108,5636,2003,2100.0,0.0,1.309564,1.245596,DNK,IRQ,210320
251810,107,108,5636,2003,15251.0,0.0,-0.552146,-0.8668520000000001,IRN,IRQ,210320
251811,113,108,5636,2003,95032.0,0.0,0.12295,0.377031,JOR,IRQ,210320
251812,122,108,5636,2003,22306.0,0.0,-0.7943640000000001,-1.1529770000000001,KWT,IRQ,210320
251813,124,108,5636,2003,16169.0,0.0,0.261687,1.053856,LBN,IRQ,210320
251814,162,108,5636,2003,47503.0,0.0,1.168453,1.7085709999999998,NLD,IRQ,210320
251815,167,108,5636,2003,0.0,14736.0,-1.434873,-1.188123,OMN,IRQ,210320
251816,224,108,5636,2003,311414.0,0.0,0.192802,1.9855060000000002,TUR,IRQ,210320
251817,18,109,5636,2003,4844.0,0.0,1.361682,1.39536,BEL,ISL,210320
251818,41,109,5636,2003,20452.0,0.0,2.151037,0.711217,CHE,ISL,210320
251819,61,109,5636,2003,82701.0,0.0,2.2821919999999998,-2.0985150000000004,DEU,ISL,210320
251820,64,109,5636,2003,43196.0,0.0,1.309564,1.245596,DNK,ISL,210320
251821,81,109,5636,2003,18640.0,0.0,1.8712540000000002,0.706205,GBR,ISL,210320
251822,110,109,5636,2003,7617.0,0.0,1.157809,0.682195,ISR,ISL,210320
251823,111,109,5636,2003,30977.0,0.0,1.399734,1.044608,ITA,ISL,210320
251824,153,109,5636,2003,1431.0,0.0,0.728804,0.2168,MYS,ISL,210320
251825,162,109,5636,2003,13256.0,0.0,1.168453,1.7085709999999998,NLD,ISL,210320
251826,163,109,5636,2003,22131.0,0.0,1.1500620000000001,0.258554,NOR,ISL,210320
251827,179,109,5636,2003,16852.0,0.0,0.471376,1.647303,PRT,ISL,210320
251828,208,109,5636,2003,7888.0,0.0,2.099224,0.799982,SWE,ISL,210320
251829,224,109,5636,2003,1164.0,0.0,0.192802,1.9855060000000002,TUR,ISL,210320
251830,231,109,5636,2003,870484.0,0.0,1.7789220000000001,0.064028,USA,ISL,210320
251831,4,140,5636,2003,0.0,10801.0,-0.053595000000000004,0.166034,ALB,MKD,210320
251832,15,140,5636,2003,28235.0,7650.0,1.834977,0.408096,AUT,MKD,210320
251833,23,140,5636,2003,19839.0,0.0,0.43308599999999997,1.7104099999999998,BGR,MKD,210320
251834,26,140,5636,2003,1968.0,19884.0,0.195667,0.347011,BIH,MKD,210320
251835,41,140,5636,2003,0.0,2089.0,2.151037,0.711217,CHE,MKD,210320
251836,61,140,5636,2003,9695.0,0.0,2.2821919999999998,-2.0985150000000004,DEU,MKD,210320
251837,81,140,5636,2003,1380.0,0.0,1.8712540000000002,0.706205,GBR,MKD,210320
251838,90,140,5636,2003,38253.0,0.0,0.364688,1.4823959999999998,GRC,MKD,210320
251839,111,140,5636,2003,12823.0,0.0,1.399734,1.044608,ITA,MKD,210320
251840,162,140,5636,2003,4322.0,0.0,1.168453,1.7085709999999998,NLD,MKD,210320
251841,189,140,5636,2003,315978.0,31925.0,0.575326,1.627894,SCG,MKD,210320
251842,207,140,5636,2003,0.0,3002.0,1.6459840000000001,1.014191,SVN,MKD,210320
251843,224,140,5636,2003,25111.0,0.0,0.192802,1.9855060000000002,TUR,MKD,210320
251844,231,140,5636,2003,0.0,1298.0,1.7789220000000001,0.064028,USA,MKD,210320
251845,104,164,5636,2003,27620.0,9551.0,0.33014099999999996,2.836003,IND,NPL,210320
251846,142,164,5636,2003,9544.0,0.0,1.2138149999999999,-0.015687,MLT,NPL,210320
251847,153,164,5636,2003,504.0,0.0,0.728804,0.2168,MYS,NPL,210320
251848,192,164,5636,2003,2471.0,0.0,1.5080799999999999,0.720337,SGP,NPL,210320
251849,216,164,5636,2003,1796.0,0.0,0.43010699999999996,1.607408,THA,NPL,210320
251850,231,164,5636,2003,6614.0,0.0,1.7789220000000001,0.064028,USA,NPL,210320
251851,61,178,5636,2003,1025.0,0.0,2.2821919999999998,-2.0985150000000004,DEU,PRK,210320
251852,114,178,5636,2003,4448.0,0.0,2.4686630000000003,0.48072600000000004,JPN,PRK,210320
251853,216,178,5636,2003,6965.0,0.0,0.43010699999999996,1.607408,THA,PRK,210320
251854,18,187,5636,2003,944.0,0.0,1.361682,1.39536,BEL,RWA,210320
251855,43,187,5636,2003,1706.0,0.0,0.579431,2.773139,CHN,RWA,210320
251856,227,187,5636,2003,1157.0,0.0,-0.895193,-0.712039,UGA,RWA,210320
251857,4,189,5636,2003,0.0,7706.0,-0.053595000000000004,0.166034,ALB,SCG,210320
251858,15,189,5636,2003,23212.0,0.0,1.834977,0.408096,AUT,SCG,210320
251859,23,189,5636,2003,28531.0,0.0,0.43308599999999997,1.7104099999999998,BGR,SCG,210320
251860,26,189,5636,2003,0.0,57636.0,0.195667,0.347011,BIH,SCG,210320
251861,39,189,5636,2003,0.0,1286.0,0.9791540000000001,1.185081,CAN,SCG,210320
251862,61,189,5636,2003,48729.0,1727.0,2.2821919999999998,-2.0985150000000004,DEU,SCG,210320
251863,81,189,5636,2003,2510.0,0.0,1.8712540000000002,0.706205,GBR,SCG,210320
251864,100,189,5636,2003,2209.0,0.0,0.568394,1.230759,HRV,SCG,210320
251865,111,189,5636,2003,118665.0,0.0,1.399734,1.044608,ITA,SCG,210320
251866,140,189,5636,2003,31925.0,315978.0,-0.017632,0.225394,MKD,SCG,210320
251867,162,189,5636,2003,49765.0,0.0,1.168453,1.7085709999999998,NLD,SCG,210320
251868,207,189,5636,2003,24586.0,34795.0,1.6459840000000001,1.014191,SVN,SCG,210320
251869,224,189,5636,2003,1296.0,0.0,0.192802,1.9855060000000002,TUR,SCG,210320
251870,14,195,5636,2003,3652.0,0.0,0.316879,0.9409489999999999,AUS,SLB,210320
251871,192,195,5636,2003,7782.0,0.0,1.5080799999999999,0.720337,SGP,SLB,210320
251872,26,209,5636,2003,0.0,18590.0,0.195667,0.347011,BIH,SWZ,210320
251873,61,209,5636,2003,0.0,10040.0,2.2821919999999998,-2.0985150000000004,DEU,SWZ,210320
251874,246,209,5636,2003,1064486.0,1125.0,0.477987,2.255395,ZAF,SWZ,210320
251875,107,219,5636,2003,87605.0,0.0,-0.552146,-0.8668520000000001,IRN,TKM,210320
251876,186,219,5636,2003,16402.0,0.0,1.072729,0.338355,RUS,TKM,210320
251877,224,219,5636,2003,2710.0,0.0,0.192802,1.9855060000000002,TUR,TKM,210320
251878,4,250,5636,2003,0.0,12890.0,-0.053595000000000004,0.166034,ALB,ANS,210320
251879,18,250,5636,2003,28453.0,0.0,1.361682,1.39536,BEL,ANS,210320
251880,23,250,5636,2003,288896.0,0.0,0.43308599999999997,1.7104099999999998,BGR,ANS,210320
251881,26,250,5636,2003,43818.0,610.0,0.195667,0.347011,BIH,ANS,210320
251882,42,250,5636,2003,1208.0,2297.0,-0.06375900000000001,-0.156808,CHL,ANS,210320
251883,45,250,5636,2003,0.0,2675.0,-1.254788,-1.10897,CMR,ANS,210320
251884,49,250,5636,2003,0.0,3914.0,0.218336,0.376869,COL,ANS,210320
251885,54,250,5636,2003,0.0,21499.0,-0.391515,-0.8562120000000001,CUB,ANS,210320
251886,61,250,5636,2003,2725.0,0.0,2.2821919999999998,-2.0985150000000004,DEU,ANS,210320
251887,64,250,5636,2003,0.0,84719.0,1.309564,1.245596,DNK,ANS,210320
251888,66,250,5636,2003,0.0,9043.0,-1.060727,-1.142594,DZA,ANS,210320
251889,72,250,5636,2003,0.0,380419.0,0.5913010000000001,0.8489979999999999,EST,ANS,210320
251890,75,250,5636,2003,1644.0,0.0,-0.6865640000000001,-0.326977,FJI,ANS,210320
251891,83,250,5636,2003,0.0,1681.0,-1.074188,-0.7127319999999999,GHA,ANS,210320
251892,92,250,5636,2003,0.0,2474.0,-0.764655,-0.8684200000000001,GRL,ANS,210320
251893,106,250,5636,2003,0.0,73969.0,1.6396130000000002,0.220599,IRL,ANS,210320
251894,111,250,5636,2003,1821.0,0.0,1.399734,1.044608,ITA,ANS,210320
251895,113,250,5636,2003,132279.0,1403.0,0.12295,0.377031,JOR,ANS,210320
251896,116,250,5636,2003,6528.0,0.0,-0.3531,0.582992,KEN,ANS,210320
251897,124,250,5636,2003,2454.0,0.0,0.261687,1.053856,LBN,ANS,210320
251898,132,250,5636,2003,19964.0,0.0,0.520772,0.5631689999999999,LVA,ANS,210320
251899,136,250,5636,2003,0.0,1639.0,-1.254758,-0.622696,MDG,ANS,210320
251900,162,250,5636,2003,3575.0,0.0,1.168453,1.7085709999999998,NLD,ANS,210320
251901,166,250,5636,2003,0.0,3638.0,0.589619,0.997301,NZL,ANS,210320
251902,169,250,5636,2003,5486.0,7347.0,-0.050386,-0.039619999999999995,PAN,ANS,210320
251903,179,250,5636,2003,1319.0,0.0,0.471376,1.647303,PRT,ANS,210320
251904,183,250,5636,2003,0.0,4800.0,-0.209042,-1.0565799999999999,QAT,ANS,210320
251905,185,250,5636,2003,1423.0,0.0,0.378379,1.0064620000000002,ROU,ANS,210320
251906,186,250,5636,2003,4655.0,0.0,1.072729,0.338355,RUS,ANS,210320
251907,192,250,5636,2003,68697.0,0.0,1.5080799999999999,0.720337,SGP,ANS,210320
251908,208,250,5636,2003,4437.0,0.0,2.099224,0.799982,SWE,ANS,210320
251909,212,250,5636,2003,1195.0,0.0,-0.868749,-0.326322,SYR,ANS,210320
251910,222,250,5636,2003,19346.0,2220.0,-0.16738,-0.9820969999999999,TTO,ANS,210320
251911,224,250,5636,2003,104967.0,0.0,0.192802,1.9855060000000002,TUR,ANS,210320
251912,249,250,5636,2003,1827.0,0.0,1.5924040000000002,1.397843,TWN,ANS,210320
251913,43,133,5636,2003,62869.0,0.0,0.579431,2.773139,CHN,MAC,210320
251914,97,133,5636,2003,205682.0,0.0,0.494569,2.147062,HKG,MAC,210320
251915,111,133,5636,2003,838.0,0.0,1.399734,1.044608,ITA,MAC,210320
251916,114,133,5636,2003,1831.0,0.0,2.4686630000000003,0.48072600000000004,JPN,MAC,210320
251917,153,133,5636,2003,311.0,0.0,0.728804,0.2168,MYS,MAC,210320
251918,174,133,5636,2003,1135.0,0.0,-0.065022,-0.195144,PHL,MAC,210320
251919,179,133,5636,2003,2383.0,0.0,0.471376,1.647303,PRT,MAC,210320
251920,216,133,5636,2003,1505.0,0.0,0.43010699999999996,1.607408,THA,MAC,210320
251921,231,133,5636,2003,45971.0,0.0,1.7789220000000001,0.064028,USA,MAC,210320
251922,249,133,5636,2003,3055.0,0.0,1.5924040000000002,1.397843,TWN,MAC,210320
251923,71,148,5636,2003,2121.0,0.0,0.960684,2.074792,ESP,MRT,210320
251924,77,148,5636,2003,16416.0,0.0,1.606606,0.7394149999999999,FRA,MRT,210320
251925,124,148,5636,2003,4305.0,0.0,0.261687,1.053856,LBN,MRT,210320
251926,162,148,5636,2003,5321.0,0.0,1.168453,1.7085709999999998,NLD,MRT,210320
251927,49,0,5636,2003,3235.0,0.0,0.218336,0.376869,COL,ABW,210320
251928,65,0,5636,2003,1086.0,0.0,-0.46264399999999994,-0.245034,DOM,ABW,210320
251929,162,0,5636,2003,14703.0,1131.0,1.168453,1.7085709999999998,NLD,ABW,210320
251930,231,0,5636,2003,288389.0,0.0,1.7789220000000001,0.064028,USA,ABW,210320
251931,236,0,5636,2003,16113.0,0.0,0.277805,-0.783697,VEN,ABW,210320
251932,6,3,5636,2003,14773.0,0.0,0.108903,-0.650137,ANT,AIA,210320
251933,231,3,5636,2003,13698.0,0.0,1.7789220000000001,0.064028,USA,AIA,210320
251934,93,29,5636,2003,166519.0,0.0,-0.444162,0.145319,GTM,BLZ,210320
251935,112,29,5636,2003,192713.0,0.0,-0.6684140000000001,-0.915817,JAM,BLZ,210320
251936,138,29,5636,2003,144665.0,0.0,0.862509,0.756684,MEX,BLZ,210320
251937,169,29,5636,2003,68.0,0.0,-0.050386,-0.039619999999999995,PAN,BLZ,210320
251938,222,29,5636,2003,2016.0,0.0,-0.16738,-0.9820969999999999,TTO,BLZ,210320
251939,231,29,5636,2003,124371.0,9514.0,1.7789220000000001,0.064028,USA,BLZ,210320
251940,8,31,5636,2003,41617.0,0.0,0.302073,0.49069700000000005,ARG,BOL,210320
251941,32,31,5636,2003,15281.0,0.0,0.660576,1.118876,BRA,BOL,210320
251942,42,31,5636,2003,84735.0,1697.0,-0.06375900000000001,-0.156808,CHL,BOL,210320
251943,61,31,5636,2003,861.0,0.0,2.2821919999999998,-2.0985150000000004,DEU,BOL,210320
251944,111,31,5636,2003,1231.0,0.0,1.399734,1.044608,ITA,BOL,210320
251945,138,31,5636,2003,11844.0,0.0,0.862509,0.756684,MEX,BOL,210320
251946,173,31,5636,2003,2189.0,1814.0,-0.48627,0.371354,PER,BOL,210320
251947,231,31,5636,2003,11767.0,0.0,1.7789220000000001,0.064028,USA,BOL,210320
251948,236,31,5636,2003,4467.0,0.0,0.277805,-0.783697,VEN,BOL,210320
251949,7,136,5636,2003,9962.0,0.0,0.049637,-0.502691,ARE,MDG,210320
251950,18,136,5636,2003,3246.0,0.0,1.361682,1.39536,BEL,MDG,210320
251951,68,136,5636,2003,6516.0,0.0,-0.292923,0.465433,EGY,MDG,210320
251952,77,136,5636,2003,35333.0,0.0,1.606606,0.7394149999999999,FRA,MDG,210320
251953,111,136,5636,2003,2505.0,0.0,1.399734,1.044608,ITA,MDG,210320
251954,151,136,5636,2003,150749.0,0.0,-0.361514,-0.29839899999999997,MUS,MDG,210320
251955,153,136,5636,2003,4449.0,0.0,0.728804,0.2168,MYS,MDG,210320
251956,167,136,5636,2003,1544.0,0.0,-1.434873,-1.188123,OMN,MDG,210320
251957,246,136,5636,2003,8657.0,0.0,0.477987,2.255395,ZAF,MDG,210320
251958,250,136,5636,2003,1639.0,0.0,0.45951499999999995,-0.2312,ANS,MDG,210320
251959,39,160,5636,2003,1142.0,0.0,0.9791540000000001,1.185081,CAN,NIC,210320
251960,42,160,5636,2003,13639.0,0.0,-0.06375900000000001,-0.156808,CHL,NIC,210320
251961,52,160,5636,2003,1543746.0,4104.0,-0.193904,-0.5049680000000001,CRI,NIC,210320
251962,93,160,5636,2003,1204240.0,6604.0,-0.444162,0.145319,GTM,NIC,210320
251963,99,160,5636,2003,636128.0,18691.0,-0.733546,-0.568585,HND,NIC,210320
251964,111,160,5636,2003,2256.0,0.0,1.399734,1.044608,ITA,NIC,210320
251965,138,160,5636,2003,7689.0,0.0,0.862509,0.756684,MEX,NIC,210320
251966,169,160,5636,2003,15635.0,137108.0,-0.050386,-0.039619999999999995,PAN,NIC,210320
251967,231,160,5636,2003,124444.0,2107.0,1.7789220000000001,0.064028,USA,NIC,210320
251968,14,182,5636,2003,13217.0,0.0,0.316879,0.9409489999999999,AUS,PYF,210320
251969,18,182,5636,2003,9265.0,0.0,1.361682,1.39536,BEL,PYF,210320
251970,39,182,5636,2003,40051.0,0.0,0.9791540000000001,1.185081,CAN,PYF,210320
251971,71,182,5636,2003,72663.0,0.0,0.960684,2.074792,ESP,PYF,210320
251972,77,182,5636,2003,225401.0,0.0,1.606606,0.7394149999999999,FRA,PYF,210320
251973,111,182,5636,2003,26077.0,0.0,1.399734,1.044608,ITA,PYF,210320
251974,162,182,5636,2003,8911.0,0.0,1.168453,1.7085709999999998,NLD,PYF,210320
251975,166,182,5636,2003,1483.0,0.0,0.589619,0.997301,NZL,PYF,210320
251976,174,182,5636,2003,1083.0,0.0,-0.065022,-0.195144,PHL,PYF,210320
251977,179,182,5636,2003,1467.0,0.0,0.471376,1.647303,PRT,PYF,210320
251978,231,182,5636,2003,344146.0,0.0,1.7789220000000001,0.064028,USA,PYF,210320
251979,39,234,5636,2003,75403.0,0.0,0.9791540000000001,1.185081,CAN,VCT,210320
251980,112,234,5636,2003,44993.0,0.0,-0.6684140000000001,-0.915817,JAM,VCT,210320
251981,222,234,5636,2003,153147.0,0.0,-0.16738,-0.9820969999999999,TTO,VCT,210320
251982,231,234,5636,2003,3773.0,0.0,1.7789220000000001,0.064028,USA,VCT,210320
251983,61,1,5636,2003,12447.0,0.0,2.2821919999999998,-2.0985150000000004,DEU,AFG,210320
251984,162,1,5636,2003,40717.0,0.0,1.168453,1.7085709999999998,NLD,AFG,210320
251985,224,1,5636,2003,1096.0,0.0,0.192802,1.9855060000000002,TUR,AFG,210320
251986,15,4,5636,2003,3104.0,0.0,1.834977,0.408096,AUT,ALB,210320
251987,23,4,5636,2003,3848.0,0.0,0.43308599999999997,1.7104099999999998,BGR,ALB,210320
251988,61,4,5636,2003,3850.0,0.0,2.2821919999999998,-2.0985150000000004,DEU,ALB,210320
251989,90,4,5636,2003,11585.0,0.0,0.364688,1.4823959999999998,GRC,ALB,210320
251990,107,4,5636,2003,27024.0,0.0,-0.552146,-0.8668520000000001,IRN,ALB,210320
251991,111,4,5636,2003,375244.0,0.0,1.399734,1.044608,ITA,ALB,210320
251992,140,4,5636,2003,10801.0,0.0,-0.017632,0.225394,MKD,ALB,210320
251993,162,4,5636,2003,5023.0,0.0,1.168453,1.7085709999999998,NLD,ALB,210320
251994,177,4,5636,2003,3818.0,0.0,0.966622,1.664838,POL,ALB,210320
251995,189,4,5636,2003,7706.0,0.0,0.575326,1.627894,SCG,ALB,210320
251996,207,4,5636,2003,1720.0,0.0,1.6459840000000001,1.014191,SVN,ALB,210320
251997,250,4,5636,2003,12890.0,0.0,0.45951499999999995,-0.2312,ANS,ALB,210320
251998,71,5,5636,2003,270740.0,0.0,0.960684,2.074792,ESP,AND,210320
251999,77,5,5636,2003,4477.0,0.0,1.606606,0.7394149999999999,FRA,AND,210320
252000,111,5,5636,2003,5604.0,0.0,1.399734,1.044608,ITA,AND,210320
252001,111,9,5636,2003,1629.0,0.0,1.399734,1.044608,ITA,ARM,210320
252002,124,9,5636,2003,687.0,0.0,0.261687,1.053856,LBN,ARM,210320
252003,177,9,5636,2003,709.0,0.0,0.966622,1.664838,POL,ARM,210320
252004,186,9,5636,2003,36706.0,0.0,1.072729,0.338355,RUS,ARM,210320
252005,224,9,5636,2003,93679.0,0.0,0.192802,1.9855060000000002,TUR,ARM,210320
252006,228,9,5636,2003,6344.0,0.0,0.8929389999999999,0.956685,UKR,ARM,210320
252007,231,9,5636,2003,789.0,0.0,1.7789220000000001,0.064028,USA,ARM,210320
252008,7,17,5636,2003,1582.0,0.0,0.049637,-0.502691,ARE,BDI,210320
252009,18,17,5636,2003,1373.0,0.0,1.361682,1.39536,BEL,BDI,210320
252010,111,17,5636,2003,41434.0,0.0,1.399734,1.044608,ITA,BDI,210320
252011,77,21,5636,2003,7425.0,0.0,1.606606,0.7394149999999999,FRA,BFA,210320
252012,111,21,5636,2003,5923.0,0.0,1.399734,1.044608,ITA,BFA,210320
252013,124,21,5636,2003,3094.0,0.0,0.261687,1.053856,LBN,BFA,210320
252014,162,21,5636,2003,1925.0,0.0,1.168453,1.7085709999999998,NLD,BFA,210320
252015,7,24,5636,2003,81026.0,0.0,0.049637,-0.502691,ARE,BHR,210320
252016,68,24,5636,2003,298994.0,0.0,-0.292923,0.465433,EGY,BHR,210320
252017,77,24,5636,2003,2445.0,0.0,1.606606,0.7394149999999999,FRA,BHR,210320
252018,81,24,5636,2003,2623.0,0.0,1.8712540000000002,0.706205,GBR,BHR,210320
252019,103,24,5636,2003,2101.0,0.0,-0.16802,1.7252990000000001,IDN,BHR,210320
252020,107,24,5636,2003,4190.0,0.0,-0.552146,-0.8668520000000001,IRN,BHR,210320
252021,111,24,5636,2003,2295.0,0.0,1.399734,1.044608,ITA,BHR,210320
252022,122,24,5636,2003,4953.0,10937.0,-0.7943640000000001,-1.1529770000000001,KWT,BHR,210320
252023,124,24,5636,2003,22793.0,0.0,0.261687,1.053856,LBN,BHR,210320
252024,153,24,5636,2003,132463.0,0.0,0.728804,0.2168,MYS,BHR,210320
252025,162,24,5636,2003,2043.0,0.0,1.168453,1.7085709999999998,NLD,BHR,210320
252026,167,24,5636,2003,369382.0,150122.0,-1.434873,-1.188123,OMN,BHR,210320
252027,174,24,5636,2003,1692.0,0.0,-0.065022,-0.195144,PHL,BHR,210320
252028,183,24,5636,2003,0.0,12760.0,-0.209042,-1.0565799999999999,QAT,BHR,210320
252029,188,24,5636,2003,33424.0,72645.0,0.202286,-0.714691,SAU,BHR,210320
252030,192,24,5636,2003,3220.0,0.0,1.5080799999999999,0.720337,SGP,BHR,210320
252031,216,24,5636,2003,1282.0,0.0,0.43010699999999996,1.607408,THA,BHR,210320
252032,224,24,5636,2003,7674.0,0.0,0.192802,1.9855060000000002,TUR,BHR,210320
252033,231,24,5636,2003,80375.0,0.0,1.7789220000000001,0.064028,USA,BHR,210320
252034,7,34,5636,2003,993.0,0.0,0.049637,-0.502691,ARE,BRN,210320
252035,14,34,5636,2003,3169.0,0.0,0.316879,0.9409489999999999,AUS,BRN,210320
252036,81,34,5636,2003,5963.0,0.0,1.8712540000000002,0.706205,GBR,BRN,210320
252037,97,34,5636,2003,1011.0,0.0,0.494569,2.147062,HKG,BRN,210320
252038,103,34,5636,2003,4824.0,0.0,-0.16802,1.7252990000000001,IDN,BRN,210320
252039,111,34,5636,2003,4115.0,0.0,1.399734,1.044608,ITA,BRN,210320
252040,153,34,5636,2003,71335.0,0.0,0.728804,0.2168,MYS,BRN,210320
252041,174,34,5636,2003,1101.0,0.0,-0.065022,-0.195144,PHL,BRN,210320
252042,192,34,5636,2003,17367.0,0.0,1.5080799999999999,0.720337,SGP,BRN,210320
252043,216,34,5636,2003,810.0,0.0,0.43010699999999996,1.607408,THA,BRN,210320
252044,231,34,5636,2003,6967.0,0.0,1.7789220000000001,0.064028,USA,BRN,210320
252045,77,50,5636,2003,3637.0,0.0,1.606606,0.7394149999999999,FRA,COM,210320
252046,73,62,5636,2003,0.0,11098.0,-1.1145559999999999,-0.9599620000000001,ETH,DJI,210320
252047,77,62,5636,2003,29428.0,0.0,1.606606,0.7394149999999999,FRA,DJI,210320
252048,116,62,5636,2003,45065.0,0.0,-0.3531,0.582992,KEN,DJI,210320
252049,142,62,5636,2003,1940.0,0.0,1.2138149999999999,-0.015687,MLT,DJI,210320
252050,167,62,5636,2003,0.0,13085.0,-1.434873,-1.188123,OMN,DJI,210320
252051,7,69,5636,2003,258467.0,0.0,0.049637,-0.502691,ARE,ERI,210320
252052,81,69,5636,2003,1747.0,0.0,1.8712540000000002,0.706205,GBR,ERI,210320
252053,103,69,5636,2003,1491.0,0.0,-0.16802,1.7252990000000001,IDN,ERI,210320
252054,111,69,5636,2003,20471.0,0.0,1.399734,1.044608,ITA,ERI,210320
252055,162,69,5636,2003,1268.0,0.0,1.168453,1.7085709999999998,NLD,ERI,210320
252056,188,69,5636,2003,152603.0,0.0,0.202286,-0.714691,SAU,ERI,210320
252057,190,69,5636,2003,0.0,3656.0,-1.3535059999999999,-1.1701409999999999,SDN,ERI,210320
252058,224,69,5636,2003,16291.0,0.0,0.192802,1.9855060000000002,TUR,ERI,210320
252059,231,69,5636,2003,5673.0,0.0,1.7789220000000001,0.064028,USA,ERI,210320
252060,243,69,5636,2003,2273.0,0.0,-1.453584,-1.257815,YEM,ERI,210320
252061,7,73,5636,2003,182119.0,0.0,0.049637,-0.502691,ARE,ETH,210320
252062,14,73,5636,2003,4779.0,0.0,0.316879,0.9409489999999999,AUS,ETH,210320
252063,18,73,5636,2003,8272.0,0.0,1.361682,1.39536,BEL,ETH,210320
252064,23,73,5636,2003,1355.0,0.0,0.43308599999999997,1.7104099999999998,BGR,ETH,210320
252065,62,73,5636,2003,11098.0,0.0,-0.41648500000000005,-0.5408350000000001,DJI,ETH,210320
252066,77,73,5636,2003,863.0,0.0,1.606606,0.7394149999999999,FRA,ETH,210320
252067,111,73,5636,2003,1669.0,0.0,1.399734,1.044608,ITA,ETH,210320
252068,153,73,5636,2003,1919.0,0.0,0.728804,0.2168,MYS,ETH,210320
252069,162,73,5636,2003,3821.0,0.0,1.168453,1.7085709999999998,NLD,ETH,210320
252070,167,73,5636,2003,6753.0,0.0,-1.434873,-1.188123,OMN,ETH,210320
252071,188,73,5636,2003,67849.0,0.0,0.202286,-0.714691,SAU,ETH,210320
252072,216,73,5636,2003,889.0,0.0,0.43010699999999996,1.607408,THA,ETH,210320
252073,246,73,5636,2003,2649.0,0.0,0.477987,2.255395,ZAF,ETH,210320
252074,7,75,5636,2003,3589.0,0.0,0.049637,-0.502691,ARE,FJI,210320
252075,14,75,5636,2003,43041.0,0.0,0.316879,0.9409489999999999,AUS,FJI,210320
252076,48,75,5636,2003,0.0,1842.0,0.327914,-0.466681,COK,FJI,210320
252077,79,75,5636,2003,0.0,2208.0,-1.370191,-1.028812,FSM,FJI,210320
252078,153,75,5636,2003,5739.0,0.0,0.728804,0.2168,MYS,FJI,210320
252079,166,75,5636,2003,41626.0,0.0,0.589619,0.997301,NZL,FJI,210320
252080,216,75,5636,2003,7528.0,0.0,0.43010699999999996,1.607408,THA,FJI,210320
252081,221,75,5636,2003,0.0,7581.0,-0.8467379999999999,-0.815816,TON,FJI,210320
252082,231,75,5636,2003,1073.0,0.0,1.7789220000000001,0.064028,USA,FJI,210320
252083,240,75,5636,2003,0.0,2118.0,-0.916386,-0.784439,VUT,FJI,210320
252084,242,75,5636,2003,0.0,2988.0,-0.304377,-0.620659,WSM,FJI,210320
252085,249,75,5636,2003,6969.0,0.0,1.5924040000000002,1.397843,TWN,FJI,210320
252086,250,75,5636,2003,0.0,1644.0,0.45951499999999995,-0.2312,ANS,FJI,210320
252087,61,87,5636,2003,8888.0,0.0,2.2821919999999998,-2.0985150000000004,DEU,GMB,210320
252088,64,87,5636,2003,1247.0,0.0,1.309564,1.245596,DNK,GMB,210320
252089,81,87,5636,2003,997.0,0.0,1.8712540000000002,0.706205,GBR,GMB,210320
252090,124,87,5636,2003,2686.0,0.0,0.261687,1.053856,LBN,GMB,210320
252091,130,87,5636,2003,32570.0,0.0,0.239608,0.517299,LTU,GMB,210320
252092,153,87,5636,2003,8159.0,0.0,0.728804,0.2168,MYS,GMB,210320
252093,162,87,5636,2003,1034.0,0.0,1.168453,1.7085709999999998,NLD,GMB,210320
252094,186,87,5636,2003,671.0,0.0,1.072729,0.338355,RUS,GMB,210320
252095,231,87,5636,2003,1638.0,0.0,1.7789220000000001,0.064028,USA,GMB,210320
252096,246,87,5636,2003,1124.0,0.0,0.477987,2.255395,ZAF,GMB,210320
252097,61,126,5636,2003,1004.0,0.0,2.2821919999999998,-2.0985150000000004,DEU,LBY,210320
252098,71,126,5636,2003,3769.0,0.0,0.960684,2.074792,ESP,LBY,210320
252099,77,126,5636,2003,19242.0,0.0,1.606606,0.7394149999999999,FRA,LBY,210320
252100,111,126,5636,2003,35548.0,0.0,1.399734,1.044608,ITA,LBY,210320
252101,121,126,5636,2003,2237.0,0.0,1.2611709999999998,0.956308,KOR,LBY,210320
252102,142,126,5636,2003,38720.0,0.0,1.2138149999999999,-0.015687,MLT,LBY,210320
252103,162,126,5636,2003,63338.0,0.0,1.168453,1.7085709999999998,NLD,LBY,210320
252104,167,126,5636,2003,0.0,15737.0,-1.434873,-1.188123,OMN,LBY,210320
252105,7,137,5636,2003,23868.0,0.0,0.049637,-0.502691,ARE,MDV,210320
252106,14,137,5636,2003,3136.0,0.0,0.316879,0.9409489999999999,AUS,MDV,210320
252107,77,137,5636,2003,1057.0,0.0,1.606606,0.7394149999999999,FRA,MDV,210320
252108,81,137,5636,2003,2456.0,0.0,1.8712540000000002,0.706205,GBR,MDV,210320
252109,128,137,5636,2003,3351.0,0.0,-0.618057,0.101931,LKA,MDV,210320
252110,153,137,5636,2003,25500.0,0.0,0.728804,0.2168,MYS,MDV,210320
252111,192,137,5636,2003,56115.0,0.0,1.5080799999999999,0.720337,SGP,MDV,210320
252112,216,137,5636,2003,3593.0,0.0,0.43010699999999996,1.607408,THA,MDV,210320
252113,231,137,5636,2003,2235.0,0.0,1.7789220000000001,0.064028,USA,MDV,210320
252114,77,141,5636,2003,2120.0,0.0,1.606606,0.7394149999999999,FRA,MLI,210320
252115,81,141,5636,2003,14972.0,0.0,1.8712540000000002,0.706205,GBR,MLI,210320
252116,111,141,5636,2003,1071.0,0.0,1.399734,1.044608,ITA,MLI,210320
252117,124,141,5636,2003,797.0,0.0,0.261687,1.053856,LBN,MLI,210320
252118,224,141,5636,2003,1736.0,0.0,0.192802,1.9855060000000002,TUR,MLI,210320
252119,246,141,5636,2003,1512.0,0.0,0.477987,2.255395,ZAF,MLI,210320
252120,43,145,5636,2003,46186.0,0.0,0.579431,2.773139,CHN,MNG,210320
252121,59,145,5636,2003,7725.0,0.0,1.555749,0.8662059999999999,CZE,MNG,210320
252122,61,145,5636,2003,5594.0,0.0,2.2821919999999998,-2.0985150000000004,DEU,MNG,210320
252123,103,145,5636,2003,41724.0,0.0,-0.16802,1.7252990000000001,IDN,MNG,210320
252124,111,145,5636,2003,70831.0,0.0,1.399734,1.044608,ITA,MNG,210320
252125,121,145,5636,2003,3105.0,0.0,1.2611709999999998,0.956308,KOR,MNG,210320
252126,177,145,5636,2003,40855.0,0.0,0.966622,1.664838,POL,MNG,210320
252127,186,145,5636,2003,722762.0,0.0,1.072729,0.338355,RUS,MNG,210320
252128,192,145,5636,2003,6380.0,0.0,1.5080799999999999,0.720337,SGP,MNG,210320
252129,224,145,5636,2003,2071.0,0.0,0.192802,1.9855060000000002,TUR,MNG,210320
252130,231,145,5636,2003,4476.0,0.0,1.7789220000000001,0.064028,USA,MNG,210320
252131,7,151,5636,2003,1802.0,0.0,0.049637,-0.502691,ARE,MUS,210320
252132,14,151,5636,2003,12523.0,0.0,0.316879,0.9409489999999999,AUS,MUS,210320
252133,68,151,5636,2003,7618.0,0.0,-0.292923,0.465433,EGY,MUS,210320
252134,71,151,5636,2003,14792.0,0.0,0.960684,2.074792,ESP,MUS,210320
252135,77,151,5636,2003,38909.0,0.0,1.606606,0.7394149999999999,FRA,MUS,210320
252136,103,151,5636,2003,4948.0,0.0,-0.16802,1.7252990000000001,IDN,MUS,210320
252137,104,151,5636,2003,1420.0,0.0,0.33014099999999996,2.836003,IND,MUS,210320
252138,111,151,5636,2003,112693.0,0.0,1.399734,1.044608,ITA,MUS,210320
252139,136,151,5636,2003,0.0,150749.0,-1.254758,-0.622696,MDG,MUS,210320
252140,138,151,5636,2003,6146.0,0.0,0.862509,0.756684,MEX,MUS,210320
252141,153,151,5636,2003,55675.0,0.0,0.728804,0.2168,MYS,MUS,210320
252142,192,151,5636,2003,11641.0,0.0,1.5080799999999999,0.720337,SGP,MUS,210320
252143,211,151,5636,2003,0.0,12234.0,-0.44341099999999994,-0.742566,SYC,MUS,210320
252144,216,151,5636,2003,1144.0,0.0,0.43010699999999996,1.607408,THA,MUS,210320
252145,246,151,5636,2003,40578.0,0.0,0.477987,2.255395,ZAF,MUS,210320
252146,246,152,5636,2003,30346.0,0.0,0.477987,2.255395,ZAF,MWI,210320
252147,248,152,5636,2003,116001.0,0.0,-0.366539,-0.18906199999999998,ZWE,MWI,210320
252148,71,154,5636,2003,2475.0,0.0,0.960684,2.074792,ESP,MYT,210320
252149,77,154,5636,2003,9474.0,0.0,1.606606,0.7394149999999999,FRA,MYT,210320
252150,77,157,5636,2003,4996.0,0.0,1.606606,0.7394149999999999,FRA,NER,210320
252151,167,199,5636,2003,0.0,50548.0,-1.434873,-1.188123,OMN,SOM,210320
252152,7,211,5636,2003,818.0,0.0,0.049637,-0.502691,ARE,SYC,210320
252153,151,211,5636,2003,12234.0,0.0,-0.361514,-0.29839899999999997,MUS,SYC,210320
252154,192,211,5636,2003,950.0,0.0,1.5080799999999999,0.720337,SGP,SYC,210320
252155,231,211,5636,2003,40872.0,0.0,1.7789220000000001,0.064028,USA,SYC,210320
252156,7,227,5636,2003,22217.0,0.0,0.049637,-0.502691,ARE,UGA,210320
252157,18,227,5636,2003,897.0,0.0,1.361682,1.39536,BEL,UGA,210320
252158,43,227,5636,2003,1214.0,0.0,0.579431,2.773139,CHN,UGA,210320
252159,81,227,5636,2003,14876.0,0.0,1.8712540000000002,0.706205,GBR,UGA,210320
252160,116,227,5636,2003,11111.0,0.0,-0.3531,0.582992,KEN,UGA,210320
252161,162,227,5636,2003,6202.0,0.0,1.168453,1.7085709999999998,NLD,UGA,210320
252162,187,227,5636,2003,0.0,1157.0,-0.99513,-0.852476,RWA,UGA,210320
252163,190,227,5636,2003,0.0,2982.0,-1.3535059999999999,-1.1701409999999999,SDN,UGA,210320
252164,226,227,5636,2003,900.0,0.0,-1.225217,-0.43662399999999996,TZA,UGA,210320
252165,246,227,5636,2003,5721.0,0.0,0.477987,2.255395,ZAF,UGA,210320
252166,69,243,5636,2003,0.0,2273.0,-0.105591,-0.247614,ERI,YEM,210320
252167,81,243,5636,2003,1562.0,0.0,1.8712540000000002,0.706205,GBR,YEM,210320
252168,113,243,5636,2003,12896.0,0.0,0.12295,0.377031,JOR,YEM,210320
252169,124,243,5636,2003,10612.0,0.0,0.261687,1.053856,LBN,YEM,210320
252170,153,243,5636,2003,40567.0,0.0,0.728804,0.2168,MYS,YEM,210320
252171,167,243,5636,2003,0.0,24162.0,-1.434873,-1.188123,OMN,YEM,210320
252172,188,243,5636,2003,60279.0,0.0,0.202286,-0.714691,SAU,YEM,210320
252173,231,243,5636,2003,36148.0,0.0,1.7789220000000001,0.064028,USA,YEM,210320
252174,18,2,5636,2003,3529.0,0.0,1.361682,1.39536,BEL,AGO,210320
252175,32,2,5636,2003,48714.0,0.0,0.660576,1.118876,BRA,AGO,210320
252176,77,2,5636,2003,2264.0,0.0,1.606606,0.7394149999999999,FRA,AGO,210320
252177,111,2,5636,2003,11523.0,0.0,1.399734,1.044608,ITA,AGO,210320
252178,134,2,5636,2003,20012.0,0.0,-0.6842050000000001,-0.217892,MAR,AGO,210320
252179,155,2,5636,2003,85842.0,0.0,-0.24004499999999998,-0.39565900000000004,NAM,AGO,210320
252180,162,2,5636,2003,177572.0,0.0,1.168453,1.7085709999999998,NLD,AGO,210320
252181,179,2,5636,2003,108464.0,0.0,0.471376,1.647303,PRT,AGO,210320
252182,246,2,5636,2003,36140.0,0.0,0.477987,2.255395,ZAF,AGO,210320
252183,18,46,5636,2003,46200.0,0.0,1.361682,1.39536,BEL,COD,210320
252184,124,46,5636,2003,1125.0,0.0,0.261687,1.053856,LBN,COD,210320
252185,162,46,5636,2003,29407.0,0.0,1.168453,1.7085709999999998,NLD,COD,210320
252186,246,46,5636,2003,4763.0,0.0,0.477987,2.255395,ZAF,COD,210320
252187,71,47,5636,2003,1205.0,0.0,0.960684,2.074792,ESP,COG,210320
252188,77,47,5636,2003,7923.0,0.0,1.606606,0.7394149999999999,FRA,COG,210320
252189,124,47,5636,2003,6841.0,0.0,0.261687,1.053856,LBN,COG,210320
252190,162,47,5636,2003,18096.0,0.0,1.168453,1.7085709999999998,NLD,COG,210320
252191,224,47,5636,2003,3458.0,0.0,0.192802,1.9855060000000002,TUR,COG,210320
252192,18,51,5636,2003,3568.0,0.0,1.361682,1.39536,BEL,CPV,210320
252193,32,51,5636,2003,12820.0,0.0,0.660576,1.118876,BRA,CPV,210320
252194,71,51,5636,2003,2163.0,0.0,0.960684,2.074792,ESP,CPV,210320
252195,111,51,5636,2003,2923.0,0.0,1.399734,1.044608,ITA,CPV,210320
252196,179,51,5636,2003,91118.0,0.0,0.471376,1.647303,PRT,CPV,210320
252197,231,51,5636,2003,1586.0,0.0,1.7789220000000001,0.064028,USA,CPV,210320
252198,64,78,5636,2003,176845.0,0.0,1.309564,1.245596,DNK,FRO,210320
252199,81,78,5636,2003,840.0,0.0,1.8712540000000002,0.706205,GBR,FRO,210320
252200,162,78,5636,2003,5476.0,0.0,1.168453,1.7085709999999998,NLD,FRO,210320
252201,208,78,5636,2003,56282.0,0.0,2.099224,0.799982,SWE,FRO,210320
252202,231,78,5636,2003,786.0,0.0,1.7789220000000001,0.064028,USA,FRO,210320
252203,124,85,5636,2003,2819.0,0.0,0.261687,1.053856,LBN,GIN,210320
252204,142,85,5636,2003,5762.0,0.0,1.2138149999999999,-0.015687,MLT,GIN,210320
252205,179,88,5636,2003,826.0,0.0,0.471376,1.647303,PRT,GNB,210320
252206,162,89,5636,2003,10179.0,0.0,1.168453,1.7085709999999998,NLD,GNQ,210320
252207,39,91,5636,2003,737.0,0.0,0.9791540000000001,1.185081,CAN,GRD,210320
252208,222,91,5636,2003,291194.0,0.0,-0.16738,-0.9820969999999999,TTO,GRD,210320
252209,231,91,5636,2003,29851.0,0.0,1.7789220000000001,0.064028,USA,GRD,210320
252210,42,101,5636,2003,181062.0,0.0,-0.06375900000000001,-0.156808,CHL,HTI,210320
252211,65,101,5636,2003,2463380.0,0.0,-0.46264399999999994,-0.245034,DOM,HTI,210320
252212,138,101,5636,2003,103396.0,0.0,0.862509,0.756684,MEX,HTI,210320
252213,231,101,5636,2003,26305.0,0.0,1.7789220000000001,0.064028,USA,HTI,210320
252214,236,101,5636,2003,1598.0,0.0,0.277805,-0.783697,VEN,HTI,210320
252215,18,125,5636,2003,3510.0,0.0,1.361682,1.39536,BEL,LBR,210320
252216,23,125,5636,2003,1398.0,0.0,0.43308599999999997,1.7104099999999998,BGR,LBR,210320
252217,61,125,5636,2003,1001.0,0.0,2.2821919999999998,-2.0985150000000004,DEU,LBR,210320
252218,71,125,5636,2003,3359.0,0.0,0.960684,2.074792,ESP,LBR,210320
252219,72,125,5636,2003,1675.0,0.0,0.5913010000000001,0.8489979999999999,EST,LBR,210320
252220,124,125,5636,2003,8303.0,0.0,0.261687,1.053856,LBN,LBR,210320
252221,162,125,5636,2003,9048.0,0.0,1.168453,1.7085709999999998,NLD,LBR,210320
252222,192,125,5636,2003,2760.0,0.0,1.5080799999999999,0.720337,SGP,LBR,210320
252223,192,143,5636,2003,4290.0,0.0,1.5080799999999999,0.720337,SGP,MMR,210320
252224,216,143,5636,2003,58106.0,0.0,0.43010699999999996,1.607408,THA,MMR,210320
252225,14,156,5636,2003,216836.0,0.0,0.316879,0.9409489999999999,AUS,NCL,210320
252226,18,156,5636,2003,16234.0,0.0,1.361682,1.39536,BEL,NCL,210320
252227,39,156,5636,2003,5852.0,0.0,0.9791540000000001,1.185081,CAN,NCL,210320
252228,71,156,5636,2003,1500.0,0.0,0.960684,2.074792,ESP,NCL,210320
252229,77,156,5636,2003,112014.0,0.0,1.606606,0.7394149999999999,FRA,NCL,210320
252230,111,156,5636,2003,7144.0,0.0,1.399734,1.044608,ITA,NCL,210320
252231,166,156,5636,2003,12980.0,0.0,0.589619,0.997301,NZL,NCL,210320
252232,192,156,5636,2003,986.0,0.0,1.5080799999999999,0.720337,SGP,NCL,210320
252233,224,156,5636,2003,851.0,0.0,0.192802,1.9855060000000002,TUR,NCL,210320
252234,231,156,5636,2003,3228.0,0.0,1.7789220000000001,0.064028,USA,NCL,210320
252235,18,196,5636,2003,3177.0,0.0,1.361682,1.39536,BEL,SLE,210320
252236,61,196,5636,2003,53643.0,0.0,2.2821919999999998,-2.0985150000000004,DEU,SLE,210320
252237,71,196,5636,2003,129908.0,0.0,0.960684,2.074792,ESP,SLE,210320
252238,81,196,5636,2003,2794.0,0.0,1.8712540000000002,0.706205,GBR,SLE,210320
252239,103,196,5636,2003,21988.0,0.0,-0.16802,1.7252990000000001,IDN,SLE,210320
252240,124,196,5636,2003,7796.0,0.0,0.261687,1.053856,LBN,SLE,210320
252241,142,196,5636,2003,8702.0,0.0,1.2138149999999999,-0.015687,MLT,SLE,210320
252242,162,196,5636,2003,6786.0,0.0,1.168453,1.7085709999999998,NLD,SLE,210320
252243,246,196,5636,2003,5187.0,0.0,0.477987,2.255395,ZAF,SLE,210320
252244,77,214,5636,2003,5659.0,0.0,1.606606,0.7394149999999999,FRA,TCD,210320
252245,162,217,5636,2003,109710.0,0.0,1.168453,1.7085709999999998,NLD,TJK,210320
252246,186,217,5636,2003,114605.0,0.0,1.072729,0.338355,RUS,TJK,210320
252247,103,220,5636,2003,1194.0,0.0,-0.16802,1.7252990000000001,IDN,TLS,210320
252248,162,220,5636,2003,2262.0,0.0,1.168453,1.7085709999999998,NLD,TLS,210320
252249,64,232,5636,2003,3053.0,0.0,1.309564,1.245596,DNK,UZB,210320
252250,186,232,5636,2003,95185.0,0.0,1.072729,0.338355,RUS,UZB,210320
252251,224,232,5636,2003,6284.0,0.0,0.192802,1.9855060000000002,TUR,UZB,210320
252252,14,79,5636,2003,824.0,0.0,0.316879,0.9409489999999999,AUS,FSM,210320
252253,75,79,5636,2003,2208.0,0.0,-0.6865640000000001,-0.326977,FJI,FSM,210320
252254,97,79,5636,2003,656.0,0.0,0.494569,2.147062,HKG,FSM,210320
252255,114,79,5636,2003,1531.0,0.0,2.4686630000000003,0.48072600000000004,JPN,FSM,210320
252256,174,79,5636,2003,4032.0,0.0,-0.065022,-0.195144,PHL,FSM,210320
252257,231,79,5636,2003,63157.0,0.0,1.7789220000000001,0.064028,USA,FSM,210320
252258,249,79,5636,2003,1190.0,0.0,1.5924040000000002,1.397843,TWN,FSM,210320
252259,14,221,5636,2003,9947.0,0.0,0.316879,0.9409489999999999,AUS,TON,210320
252260,75,221,5636,2003,7581.0,0.0,-0.6865640000000001,-0.326977,FJI,TON,210320
252261,103,221,5636,2003,3911.0,0.0,-0.16802,1.7252990000000001,IDN,TON,210320
252262,166,221,5636,2003,18391.0,0.0,0.589619,0.997301,NZL,TON,210320
252263,231,221,5636,2003,8589.0,0.0,1.7789220000000001,0.064028,USA,TON,210320
252264,14,242,5636,2003,1494.0,0.0,0.316879,0.9409489999999999,AUS,WSM,210320
252265,75,242,5636,2003,2988.0,0.0,-0.6865640000000001,-0.326977,FJI,WSM,210320
252266,166,242,5636,2003,98846.0,0.0,0.589619,0.997301,NZL,WSM,210320
252267,218,242,5636,2003,0.0,3132.0,0.244606,-0.038999,TKL,WSM,210320
252268,231,242,5636,2003,16855.0,0.0,1.7789220000000001,0.064028,USA,WSM,210320
252269,58,149,5636,2003,0.0,1878.0,0.259992,0.068914,CYP,MSR,210320
252270,222,149,5636,2003,7978.0,0.0,-0.16738,-0.9820969999999999,TTO,MSR,210320
252271,231,149,5636,2003,5855.0,0.0,1.7789220000000001,0.064028,USA,MSR,210320
252272,166,10,5636,2003,1233.0,0.0,0.589619,0.997301,NZL,ASM,210320
252273,39,30,5636,2003,1294.0,0.0,0.9791540000000001,1.185081,CAN,BMU,210320
252274,111,30,5636,2003,2697.0,0.0,1.399734,1.044608,ITA,BMU,210320
252275,231,30,5636,2003,403070.0,0.0,1.7789220000000001,0.064028,USA,BMU,210320
252276,112,57,5636,2003,3076.0,0.0,-0.6684140000000001,-0.915817,JAM,CYM,210320
252277,231,57,5636,2003,12244.0,0.0,1.7789220000000001,0.064028,USA,CYM,210320
252278,71,84,5636,2003,84364.0,0.0,0.960684,2.074792,ESP,GIB,210320
252279,81,84,5636,2003,19510.0,0.0,1.8712540000000002,0.706205,GBR,GIB,210320
252280,61,92,5636,2003,210.0,0.0,2.2821919999999998,-2.0985150000000004,DEU,GRL,210320
252281,64,92,5636,2003,266226.0,0.0,1.309564,1.245596,DNK,GRL,210320
252282,81,92,5636,2003,2957.0,0.0,1.8712540000000002,0.706205,GBR,GRL,210320
252283,111,92,5636,2003,62.0,0.0,1.399734,1.044608,ITA,GRL,210320
252284,162,92,5636,2003,5393.0,0.0,1.168453,1.7085709999999998,NLD,GRL,210320
252285,163,92,5636,2003,1747.0,0.0,1.1500620000000001,0.258554,NOR,GRL,210320
252286,231,92,5636,2003,1213.0,0.0,1.7789220000000001,0.064028,USA,GRL,210320
252287,250,92,5636,2003,2474.0,0.0,0.45951499999999995,-0.2312,ANS,GRL,210320
252288,114,95,5636,2003,4006.0,0.0,2.4686630000000003,0.48072600000000004,JPN,GUM,210320
252289,14,119,5636,2003,35449.0,0.0,0.316879,0.9409489999999999,AUS,KIR,210320
252290,216,123,5636,2003,47344.0,0.0,0.43010699999999996,1.607408,THA,LAO,210320
252291,246,129,5636,2003,196526.0,0.0,0.477987,2.255395,ZAF,LSO,210320
252292,231,139,5636,2003,6704.0,0.0,1.7789220000000001,0.064028,USA,MHL,210320
252293,166,158,5636,2003,6763.0,0.0,0.589619,0.997301,NZL,NFK,210320
252294,14,165,5636,2003,9056.0,0.0,0.316879,0.9409489999999999,AUS,NRU,210320
252295,231,175,5636,2003,2768.0,0.0,1.7789220000000001,0.064028,USA,PLW,210320
252296,174,229,5636,2003,2395.0,0.0,-0.065022,-0.195144,PHL,UMI,210320
252297,14,240,5636,2003,21973.0,0.0,0.316879,0.9409489999999999,AUS,VUT,210320
252298,75,240,5636,2003,2118.0,0.0,-0.6865640000000001,-0.326977,FJI,VUT,210320
252299,103,240,5636,2003,1029.0,0.0,-0.16802,1.7252990000000001,IDN,VUT,210320
252300,192,240,5636,2003,7336.0,0.0,1.5080799999999999,0.720337,SGP,VUT,210320
252301,14,241,5636,2003,8260.0,0.0,0.316879,0.9409489999999999,AUS,WLF,210320
252302,77,241,5636,2003,1777.0,0.0,1.606606,0.7394149999999999,FRA,WLF,210320
252303,147,248,5636,2003,0.0,2172.0,-1.188243,-1.123693,MOZ,ZWE,210320
252304,152,248,5636,2003,0.0,116001.0,-1.48079,-1.235645,MWI,ZWE,210320
252305,246,248,5636,2003,47252.0,104670.0,0.477987,2.255395,ZAF,ZWE,210320
252306,247,248,5636,2003,0.0,139504.0,-0.678149,-0.5919449999999999,ZMB,ZWE,210320
252307,77,38,5636,2003,4514.0,0.0,1.606606,0.7394149999999999,FRA,CAF,210320
252308,124,38,5636,2003,2177.0,0.0,0.261687,1.053856,LBN,CAF,210320
252309,242,218,5636,2003,3132.0,0.0,-0.304377,-0.620659,WSM,TKL,210320
252310,81,194,5636,2003,5294.0,0.0,1.8712540000000002,0.706205,GBR,SHN,210320
252311,246,194,5636,2003,9365.0,0.0,0.477987,2.255395,ZAF,SHN,210320
252312,81,76,5636,2003,11153.0,0.0,1.8712540000000002,0.706205,GBR,FLK,210320
252313,39,200,5636,2003,12009.0,0.0,0.9791540000000001,1.185081,CAN,SPM,210320
252314,111,233,5636,2003,5945.0,0.0,1.399734,1.044608,ITA,VAT,210320
252315,166,161,5636,2003,3141.0,0.0,0.589619,0.997301,NZL,NIU,210320
252316,3,6,5638,2003,0.0,30128.0,1.159575,-0.060911,AIA,ANT,210390
252317,32,6,5638,2003,5364.0,0.0,0.660576,1.118876,BRA,ANT,210390
252318,49,6,5638,2003,4578.0,0.0,0.218336,0.376869,COL,ANT,210390
252319,65,6,5638,2003,27861.0,0.0,-0.46264399999999994,-0.245034,DOM,ANT,210390
252320,71,6,5638,2003,3740.0,0.0,0.960684,2.074792,ESP,ANT,210390
252321,77,6,5638,2003,23769.0,0.0,1.606606,0.7394149999999999,FRA,ANT,210390
252322,81,6,5638,2003,12687.0,3324.0,1.8712540000000002,0.706205,GBR,ANT,210390
252323,99,6,5638,2003,0.0,22572.0,-0.733546,-0.568585,HND,ANT,210390
252324,111,6,5638,2003,24549.0,0.0,1.399734,1.044608,ITA,ANT,210390
252325,112,6,5638,2003,14658.0,0.0,-0.6684140000000001,-0.915817,JAM,ANT,210390
252326,120,6,5638,2003,0.0,4958.0,0.555154,-0.405962,KNA,ANT,210390
252327,162,6,5638,2003,1230560.0,0.0,1.168453,1.7085709999999998,NLD,ANT,210390
252328,192,6,5638,2003,5242.0,0.0,1.5080799999999999,0.720337,SGP,ANT,210390
252329,205,6,5638,2003,5905.0,0.0,-0.896925,-0.88623,SUR,ANT,210390
252330,216,6,5638,2003,26688.0,0.0,0.43010699999999996,1.607408,THA,ANT,210390
252331,222,6,5638,2003,119828.0,0.0,-0.16738,-0.9820969999999999,TTO,ANT,210390
252332,231,6,5638,2003,687540.0,0.0,1.7789220000000001,0.064028,USA,ANT,210390
252333,236,6,5638,2003,57324.0,0.0,0.277805,-0.783697,VEN,ANT,210390
252334,9,7,5638,2003,0.0,22004.0,0.497521,-0.305788,ARM,ARE,210390
252335,14,7,5638,2003,594950.0,0.0,0.316879,0.9409489999999999,AUS,ARE,210390
252336,15,7,5638,2003,3784.0,0.0,1.834977,0.408096,AUT,ARE,210390
252337,16,7,5638,2003,0.0,2019.0,-0.304606,-0.975453,AZE,ARE,210390
252338,22,7,5638,2003,0.0,1290.0,-1.168404,-1.035782,BGD,ARE,210390
252339,24,7,5638,2003,0.0,52702.0,-0.10968800000000001,-1.041032,BHR,ARE,210390
252340,34,7,5638,2003,1488.0,4059.0,-1.342738,-0.978633,BRN,ARE,210390
252341,39,7,5638,2003,28976.0,0.0,0.9791540000000001,1.185081,CAN,ARE,210390
252342,41,7,5638,2003,25819.0,0.0,2.151037,0.711217,CHE,ARE,210390
252343,43,7,5638,2003,60743.0,1386.0,0.579431,2.773139,CHN,ARE,210390
252344,50,7,5638,2003,0.0,3932.0,-0.675377,-0.791014,COM,ARE,210390
252345,58,7,5638,2003,0.0,1434.0,0.259992,0.068914,CYP,ARE,210390
252346,61,7,5638,2003,886154.0,0.0,2.2821919999999998,-2.0985150000000004,DEU,ARE,210390
252347,64,7,5638,2003,2952.0,18778.0,1.309564,1.245596,DNK,ARE,210390
252348,68,7,5638,2003,0.0,1021.0,-0.292923,0.465433,EGY,ARE,210390
252349,69,7,5638,2003,0.0,2142.0,-0.105591,-0.247614,ERI,ARE,210390
252350,71,7,5638,2003,633305.0,0.0,0.960684,2.074792,ESP,ARE,210390
252351,73,7,5638,2003,0.0,5267.0,-1.1145559999999999,-0.9599620000000001,ETH,ARE,210390
252352,77,7,5638,2003,2361032.0,0.0,1.606606,0.7394149999999999,FRA,ARE,210390
252353,80,7,5638,2003,0.0,3846.0,-0.92745,-1.138466,GAB,ARE,210390
252354,81,7,5638,2003,1524001.0,7620.0,1.8712540000000002,0.706205,GBR,ARE,210390
252355,83,7,5638,2003,0.0,2906.0,-1.074188,-0.7127319999999999,GHA,ARE,210390
252356,87,7,5638,2003,0.0,7697.0,-0.230541,-0.275663,GMB,ARE,210390
252357,97,7,5638,2003,52221.0,3513.0,0.494569,2.147062,HKG,ARE,210390
252358,103,7,5638,2003,29471.0,0.0,-0.16802,1.7252990000000001,IDN,ARE,210390
252359,104,7,5638,2003,131064.0,22810.0,0.33014099999999996,2.836003,IND,ARE,210390
252360,107,7,5638,2003,13561.0,6671.0,-0.552146,-0.8668520000000001,IRN,ARE,210390
252361,111,7,5638,2003,32173.0,0.0,1.399734,1.044608,ITA,ARE,210390
252362,113,7,5638,2003,0.0,76333.0,0.12295,0.377031,JOR,ARE,210390
252363,114,7,5638,2003,179389.0,0.0,2.4686630000000003,0.48072600000000004,JPN,ARE,210390
252364,115,7,5638,2003,0.0,19862.0,-0.156326,-0.62092,KAZ,ARE,210390
252365,116,7,5638,2003,0.0,7613.0,-0.3531,0.582992,KEN,ARE,210390
252366,117,7,5638,2003,0.0,3676.0,0.25359699999999996,0.24101199999999998,KGZ,ARE,210390
252367,121,7,5638,2003,32567.0,0.0,1.2611709999999998,0.956308,KOR,ARE,210390
252368,122,7,5638,2003,9548.0,172649.0,-0.7943640000000001,-1.1529770000000001,KWT,ARE,210390
252369,124,7,5638,2003,6283.0,95478.0,0.261687,1.053856,LBN,ARE,210390
252370,128,7,5638,2003,5708.0,9555.0,-0.618057,0.101931,LKA,ARE,210390
252371,136,7,5638,2003,0.0,3417.0,-1.254758,-0.622696,MDG,ARE,210390
252372,137,7,5638,2003,0.0,120528.0,-1.201352,-1.031892,MDV,ARE,210390
252373,141,7,5638,2003,0.0,17636.0,-0.786411,-0.879049,MLI,ARE,210390
252374,142,7,5638,2003,5217.0,0.0,1.2138149999999999,-0.015687,MLT,ARE,210390
252375,147,7,5638,2003,0.0,4459.0,-1.188243,-1.123693,MOZ,ARE,210390
252376,151,7,5638,2003,0.0,8258.0,-0.361514,-0.29839899999999997,MUS,ARE,210390
252377,153,7,5638,2003,492614.0,965.0,0.728804,0.2168,MYS,ARE,210390
252378,154,7,5638,2003,0.0,381.0,0.8645370000000001,-0.101347,MYT,ARE,210390
252379,157,7,5638,2003,0.0,2582.0,-0.199296,-0.578264,NER,ARE,210390
252380,162,7,5638,2003,567907.0,3388.0,1.168453,1.7085709999999998,NLD,ARE,210390
252381,164,7,5638,2003,0.0,940.0,-0.26353899999999997,1.351717,NPL,ARE,210390
252382,167,7,5638,2003,0.0,1088370.0,-1.434873,-1.188123,OMN,ARE,210390
252383,168,7,5638,2003,0.0,27426.0,-0.6659689999999999,0.137924,PAK,ARE,210390
252384,174,7,5638,2003,449997.0,0.0,-0.065022,-0.195144,PHL,ARE,210390
252385,183,7,5638,2003,0.0,101690.0,-0.209042,-1.0565799999999999,QAT,ARE,210390
252386,187,7,5638,2003,0.0,2964.0,-0.99513,-0.852476,RWA,ARE,210390
252387,188,7,5638,2003,644675.0,649065.0,0.202286,-0.714691,SAU,ARE,210390
252388,190,7,5638,2003,0.0,18511.0,-1.3535059999999999,-1.1701409999999999,SDN,ARE,210390
252389,192,7,5638,2003,100774.0,0.0,1.5080799999999999,0.720337,SGP,ARE,210390
252390,211,7,5638,2003,0.0,3617.0,-0.44341099999999994,-0.742566,SYC,ARE,210390
252391,216,7,5638,2003,282281.0,0.0,0.43010699999999996,1.607408,THA,ARE,210390
252392,224,7,5638,2003,535643.0,0.0,0.192802,1.9855060000000002,TUR,ARE,210390
252393,226,7,5638,2003,0.0,12523.0,-1.225217,-0.43662399999999996,TZA,ARE,210390
252394,227,7,5638,2003,0.0,1090.0,-0.895193,-0.712039,UGA,ARE,210390
252395,231,7,5638,2003,7662275.0,0.0,1.7789220000000001,0.064028,USA,ARE,210390
252396,246,7,5638,2003,148537.0,10488.0,0.477987,2.255395,ZAF,ARE,210390
252397,2,8,5638,2003,0.0,770557.0,-1.8762919999999998,-1.176541,AGO,ARG,210390
252398,14,8,5638,2003,0.0,4504.0,0.316879,0.9409489999999999,AUS,ARG,210390
252399,15,8,5638,2003,20529.0,0.0,1.834977,0.408096,AUT,ARG,210390
252400,25,8,5638,2003,0.0,1569.0,0.614422,-0.40984,BHS,ARG,210390
252401,31,8,5638,2003,0.0,1393076.0,-0.787995,-0.7228899999999999,BOL,ARG,210390
252402,32,8,5638,2003,476294.0,792804.0,0.660576,1.118876,BRA,ARG,210390
252403,41,8,5638,2003,9147.0,0.0,2.151037,0.711217,CHE,ARG,210390
252404,42,8,5638,2003,58500.0,1614984.0,-0.06375900000000001,-0.156808,CHL,ARG,210390
252405,43,8,5638,2003,36753.0,0.0,0.579431,2.773139,CHN,ARG,210390
252406,49,8,5638,2003,0.0,2908.0,0.218336,0.376869,COL,ARG,210390
252407,52,8,5638,2003,0.0,2739.0,-0.193904,-0.5049680000000001,CRI,ARG,210390
252408,54,8,5638,2003,0.0,10454.0,-0.391515,-0.8562120000000001,CUB,ARG,210390
252409,61,8,5638,2003,13071.0,0.0,2.2821919999999998,-2.0985150000000004,DEU,ARG,210390
252410,65,8,5638,2003,0.0,905.0,-0.46264399999999994,-0.245034,DOM,ARG,210390
252411,71,8,5638,2003,9088.0,3871.0,0.960684,2.074792,ESP,ARG,210390
252412,77,8,5638,2003,30338.0,3209.0,1.606606,0.7394149999999999,FRA,ARG,210390
252413,81,8,5638,2003,47578.0,0.0,1.8712540000000002,0.706205,GBR,ARG,210390
252414,97,8,5638,2003,2084.0,0.0,0.494569,2.147062,HKG,ARG,210390
252415,99,8,5638,2003,0.0,15759.0,-0.733546,-0.568585,HND,ARG,210390
252416,104,8,5638,2003,2201.0,0.0,0.33014099999999996,2.836003,IND,ARG,210390
252417,110,8,5638,2003,0.0,3613.0,1.157809,0.682195,ISR,ARG,210390
252418,111,8,5638,2003,8763.0,4507.0,1.399734,1.044608,ITA,ARG,210390
252419,114,8,5638,2003,23631.0,142130.0,2.4686630000000003,0.48072600000000004,JPN,ARG,210390
252420,121,8,5638,2003,49853.0,0.0,1.2611709999999998,0.956308,KOR,ARG,210390
252421,130,8,5638,2003,0.0,19526.0,0.239608,0.517299,LTU,ARG,210390
252422,138,8,5638,2003,9737.0,4526.0,0.862509,0.756684,MEX,ARG,210390
252423,153,8,5638,2003,1754.0,0.0,0.728804,0.2168,MYS,ARG,210390
252424,162,8,5638,2003,9282.0,0.0,1.168453,1.7085709999999998,NLD,ARG,210390
252425,169,8,5638,2003,0.0,5649.0,-0.050386,-0.039619999999999995,PAN,ARG,210390
252426,173,8,5638,2003,0.0,722813.0,-0.48627,0.371354,PER,ARG,210390
252427,174,8,5638,2003,2074.0,0.0,-0.065022,-0.195144,PHL,ARG,210390
252428,180,8,5638,2003,0.0,2241591.0,-0.607733,-0.8577879999999999,PRY,ARG,210390
252429,185,8,5638,2003,0.0,7950.0,0.378379,1.0064620000000002,ROU,ARG,210390
252430,186,8,5638,2003,0.0,886940.0,1.072729,0.338355,RUS,ARG,210390
252431,222,8,5638,2003,0.0,1619.0,-0.16738,-0.9820969999999999,TTO,ARG,210390
252432,230,8,5638,2003,438600.0,2763045.0,0.19792200000000001,0.243104,URY,ARG,210390
252433,231,8,5638,2003,65264.0,100880.0,1.7789220000000001,0.064028,USA,ARG,210390
252434,236,8,5638,2003,0.0,5150.0,0.277805,-0.783697,VEN,ARG,210390
252435,249,8,5638,2003,7224.0,0.0,1.5924040000000002,1.397843,TWN,ARG,210390
252436,250,8,5638,2003,0.0,2622.0,0.45951499999999995,-0.2312,ANS,ARG,210390
252437,4,15,5638,2003,0.0,107913.0,-0.053595000000000004,0.166034,ALB,AUT,210390
252438,7,15,5638,2003,0.0,3784.0,0.049637,-0.502691,ARE,AUT,210390
252439,8,15,5638,2003,0.0,20529.0,0.302073,0.49069700000000005,ARG,AUT,210390
252440,14,15,5638,2003,0.0,209003.0,0.316879,0.9409489999999999,AUS,AUT,210390
252441,16,15,5638,2003,0.0,9637.0,-0.304606,-0.975453,AZE,AUT,210390
252442,18,15,5638,2003,312299.0,93485.0,1.361682,1.39536,BEL,AUT,210390
252443,23,15,5638,2003,21154.0,640952.0,0.43308599999999997,1.7104099999999998,BGR,AUT,210390
252444,26,15,5638,2003,30570.0,272960.0,0.195667,0.347011,BIH,AUT,210390
252445,28,15,5638,2003,0.0,307096.0,0.847358,0.9307719999999999,BLR,AUT,210390
252446,31,15,5638,2003,0.0,7067.0,-0.787995,-0.7228899999999999,BOL,AUT,210390
252447,32,15,5638,2003,0.0,18229.0,0.660576,1.118876,BRA,AUT,210390
252448,39,15,5638,2003,0.0,32477.0,0.9791540000000001,1.185081,CAN,AUT,210390
252449,41,15,5638,2003,3983222.0,5713080.0,2.151037,0.711217,CHE,AUT,210390
252450,42,15,5638,2003,0.0,18543.0,-0.06375900000000001,-0.156808,CHL,AUT,210390
252451,43,15,5638,2003,3256.0,2749.0,0.579431,2.773139,CHN,AUT,210390
252452,52,15,5638,2003,0.0,5984.0,-0.193904,-0.5049680000000001,CRI,AUT,210390
252453,58,15,5638,2003,0.0,13609.0,0.259992,0.068914,CYP,AUT,210390
252454,59,15,5638,2003,704079.0,4423372.0,1.555749,0.8662059999999999,CZE,AUT,210390
252455,61,15,5638,2003,19711796.0,11666132.0,2.2821919999999998,-2.0985150000000004,DEU,AUT,210390
252456,64,15,5638,2003,103077.0,99957.0,1.309564,1.245596,DNK,AUT,210390
252457,67,15,5638,2003,0.0,47288.0,-0.8689370000000001,-0.889767,ECU,AUT,210390
252458,71,15,5638,2003,0.0,23109.0,0.960684,2.074792,ESP,AUT,210390
252459,72,15,5638,2003,0.0,140424.0,0.5913010000000001,0.8489979999999999,EST,AUT,210390
252460,74,15,5638,2003,0.0,1182048.0,2.077889,0.942501,FIN,AUT,210390
252461,77,15,5638,2003,753013.0,82535.0,1.606606,0.7394149999999999,FRA,AUT,210390
252462,78,15,5638,2003,0.0,692.0,-0.46422299999999994,-0.8072050000000001,FRO,AUT,210390
252463,81,15,5638,2003,447755.0,40032.0,1.8712540000000002,0.706205,GBR,AUT,210390
252464,82,15,5638,2003,0.0,93242.0,0.595485,-0.25939,GEO,AUT,210390
252465,90,15,5638,2003,4515.0,18955.0,0.364688,1.4823959999999998,GRC,AUT,210390
252466,97,15,5638,2003,13853.0,5399.0,0.494569,2.147062,HKG,AUT,210390
252467,100,15,5638,2003,1847684.0,2463490.0,0.568394,1.230759,HRV,AUT,210390
252468,102,15,5638,2003,105079.0,3674892.0,1.2003270000000001,1.091407,HUN,AUT,210390
252469,103,15,5638,2003,0.0,78430.0,-0.16802,1.7252990000000001,IDN,AUT,210390
252470,106,15,5638,2003,16032.0,4406.0,1.6396130000000002,0.220599,IRL,AUT,210390
252471,107,15,5638,2003,1348.0,0.0,-0.552146,-0.8668520000000001,IRN,AUT,210390
252472,109,15,5638,2003,0.0,54854.0,0.21902800000000003,-0.40818499999999996,ISL,AUT,210390
252473,110,15,5638,2003,2972.0,13157.0,1.157809,0.682195,ISR,AUT,210390
252474,111,15,5638,2003,2439748.0,2089445.0,1.399734,1.044608,ITA,AUT,210390
252475,113,15,5638,2003,0.0,2173.0,0.12295,0.377031,JOR,AUT,210390
252476,114,15,5638,2003,65020.0,14247.0,2.4686630000000003,0.48072600000000004,JPN,AUT,210390
252477,115,15,5638,2003,0.0,355390.0,-0.156326,-0.62092,KAZ,AUT,210390
252478,121,15,5638,2003,4110.0,6609.0,1.2611709999999998,0.956308,KOR,AUT,210390
252479,122,15,5638,2003,0.0,19732.0,-0.7943640000000001,-1.1529770000000001,KWT,AUT,210390
252480,124,15,5638,2003,0.0,1762.0,0.261687,1.053856,LBN,AUT,210390
252481,128,15,5638,2003,843.0,0.0,-0.618057,0.101931,LKA,AUT,210390
252482,130,15,5638,2003,0.0,1849276.0,0.239608,0.517299,LTU,AUT,210390
252483,131,15,5638,2003,10084.0,34734.0,1.444996,1.063764,LUX,AUT,210390
252484,132,15,5638,2003,0.0,282121.0,0.520772,0.5631689999999999,LVA,AUT,210390
252485,133,15,5638,2003,0.0,1093.0,-0.294516,-0.413828,MAC,AUT,210390
252486,135,15,5638,2003,0.0,65990.0,-0.005154,-0.26107199999999997,MDA,AUT,210390
252487,138,15,5638,2003,0.0,24471.0,0.862509,0.756684,MEX,AUT,210390
252488,140,15,5638,2003,49863.0,32840.0,-0.017632,0.225394,MKD,AUT,210390
252489,145,15,5638,2003,0.0,12396.0,-0.9747620000000001,-1.026308,MNG,AUT,210390
252490,153,15,5638,2003,16245.0,1065.0,0.728804,0.2168,MYS,AUT,210390
252491,162,15,5638,2003,3134576.0,34259.0,1.168453,1.7085709999999998,NLD,AUT,210390
252492,163,15,5638,2003,0.0,44213.0,1.1500620000000001,0.258554,NOR,AUT,210390
252493,166,15,5638,2003,0.0,8371.0,0.589619,0.997301,NZL,AUT,210390
252494,173,15,5638,2003,0.0,2709.0,-0.48627,0.371354,PER,AUT,210390
252495,174,15,5638,2003,7818.0,1405.0,-0.065022,-0.195144,PHL,AUT,210390
252496,177,15,5638,2003,90683.0,8095527.0,0.966622,1.664838,POL,AUT,210390
252497,179,15,5638,2003,0.0,8602.0,0.471376,1.647303,PRT,AUT,210390
252498,185,15,5638,2003,0.0,1088976.0,0.378379,1.0064620000000002,ROU,AUT,210390
252499,186,15,5638,2003,0.0,10383737.0,1.072729,0.338355,RUS,AUT,210390
252500,188,15,5638,2003,0.0,11660.0,0.202286,-0.714691,SAU,AUT,210390
252501,189,15,5638,2003,1148.0,241490.0,0.575326,1.627894,SCG,AUT,210390
252502,192,15,5638,2003,6273.0,37460.0,1.5080799999999999,0.720337,SGP,AUT,210390
252503,206,15,5638,2003,0.0,979454.0,1.22565,0.915518,SVK,AUT,210390
252504,207,15,5638,2003,221225.0,1414610.0,1.6459840000000001,1.014191,SVN,AUT,210390
252505,208,15,5638,2003,887367.0,454329.0,2.099224,0.799982,SWE,AUT,210390
252506,209,15,5638,2003,6032.0,0.0,0.399541,-0.23342600000000002,SWZ,AUT,210390
252507,216,15,5638,2003,33527.0,33680.0,0.43010699999999996,1.607408,THA,AUT,210390
252508,219,15,5638,2003,0.0,20109.0,-1.223295,-1.250217,TKM,AUT,210390
252509,223,15,5638,2003,958.0,158116.0,-0.14845999999999998,0.255092,TUN,AUT,210390
252510,224,15,5638,2003,13601.0,24047.0,0.192802,1.9855060000000002,TUR,AUT,210390
252511,228,15,5638,2003,22416.0,4352384.0,0.8929389999999999,0.956685,UKR,AUT,210390
252512,231,15,5638,2003,496034.0,39524.0,1.7789220000000001,0.064028,USA,AUT,210390
252513,232,15,5638,2003,0.0,62351.0,-0.285978,-0.703334,UZB,AUT,210390
252514,239,15,5638,2003,1255.0,0.0,-0.633985,0.659696,VNM,AUT,210390
252515,246,15,5638,2003,5064.0,42491.0,0.477987,2.255395,ZAF,AUT,210390
252516,249,15,5638,2003,13214.0,6180.0,1.5924040000000002,1.397843,TWN,AUT,210390
252517,2,18,5638,2003,0.0,902505.0,-1.8762919999999998,-1.176541,AGO,BEL,210390
252518,14,18,5638,2003,0.0,39040.0,0.316879,0.9409489999999999,AUS,BEL,210390
252519,15,18,5638,2003,93485.0,312299.0,1.834977,0.408096,AUT,BEL,210390
252520,17,18,5638,2003,0.0,5581.0,-0.550138,-0.759304,BDI,BEL,210390
252521,19,18,5638,2003,0.0,17498.0,-1.150888,-0.956203,BEN,BEL,210390
252522,21,18,5638,2003,0.0,16340.0,-0.9365690000000001,-0.9699409999999999,BFA,BEL,210390
252523,23,18,5638,2003,0.0,24032.0,0.43308599999999997,1.7104099999999998,BGR,BEL,210390
252524,26,18,5638,2003,0.0,10588.0,0.195667,0.347011,BIH,BEL,210390
252525,32,18,5638,2003,0.0,53310.0,0.660576,1.118876,BRA,BEL,210390
252526,38,18,5638,2003,0.0,3447.0,-1.342769,-0.905425,CAF,BEL,210390
252527,39,18,5638,2003,4969.0,50752.0,0.9791540000000001,1.185081,CAN,BEL,210390
252528,41,18,5638,2003,1261286.0,974760.0,2.151037,0.711217,CHE,BEL,210390
252529,42,18,5638,2003,0.0,24380.0,-0.06375900000000001,-0.156808,CHL,BEL,210390
252530,43,18,5638,2003,288989.0,8566.0,0.579431,2.773139,CHN,BEL,210390
252531,44,18,5638,2003,7207.0,27433.0,-0.699928,-0.723739,CIV,BEL,210390
252532,45,18,5638,2003,2704.0,29740.0,-1.254788,-1.10897,CMR,BEL,210390
252533,46,18,5638,2003,0.0,1300350.0,-1.366232,-1.0778860000000001,COD,BEL,210390
252534,47,18,5638,2003,0.0,581071.0,-1.6789619999999998,-1.182557,COG,BEL,210390
252535,49,18,5638,2003,0.0,14679.0,0.218336,0.376869,COL,BEL,210390
252536,51,18,5638,2003,0.0,2978.0,0.070649,-0.541279,CPV,BEL,210390
252537,54,18,5638,2003,0.0,14046.0,-0.391515,-0.8562120000000001,CUB,BEL,210390
252538,58,18,5638,2003,0.0,163210.0,0.259992,0.068914,CYP,BEL,210390
252539,59,18,5638,2003,0.0,238426.0,1.555749,0.8662059999999999,CZE,BEL,210390
252540,61,18,5638,2003,23831292.0,7862210.0,2.2821919999999998,-2.0985150000000004,DEU,BEL,210390
252541,62,18,5638,2003,0.0,47454.0,-0.41648500000000005,-0.5408350000000001,DJI,BEL,210390
252542,64,18,5638,2003,18939.0,521744.0,1.309564,1.245596,DNK,BEL,210390
252543,65,18,5638,2003,0.0,5245.0,-0.46264399999999994,-0.245034,DOM,BEL,210390
252544,66,18,5638,2003,0.0,21077.0,-1.060727,-1.142594,DZA,BEL,210390
252545,71,18,5638,2003,3061449.0,4597506.0,0.960684,2.074792,ESP,BEL,210390
252546,72,18,5638,2003,0.0,22531.0,0.5913010000000001,0.8489979999999999,EST,BEL,210390
252547,74,18,5638,2003,0.0,204580.0,2.077889,0.942501,FIN,BEL,210390
252548,77,18,5638,2003,11869027.0,48994852.0,1.606606,0.7394149999999999,FRA,BEL,210390
252549,80,18,5638,2003,0.0,749529.0,-0.92745,-1.138466,GAB,BEL,210390
252550,81,18,5638,2003,6004599.0,28939776.0,1.8712540000000002,0.706205,GBR,BEL,210390
252551,83,18,5638,2003,48374.0,46993.0,-1.074188,-0.7127319999999999,GHA,BEL,210390
252552,87,18,5638,2003,0.0,456942.0,-0.230541,-0.275663,GMB,BEL,210390
252553,88,18,5638,2003,0.0,105590.0,0.24509499999999998,-0.612725,GNB,BEL,210390
252554,90,18,5638,2003,0.0,1684767.0,0.364688,1.4823959999999998,GRC,BEL,210390
252555,97,18,5638,2003,1049433.0,41417.0,0.494569,2.147062,HKG,BEL,210390
252556,100,18,5638,2003,53639.0,30778.0,0.568394,1.230759,HRV,BEL,210390
252557,102,18,5638,2003,15229.0,117798.0,1.2003270000000001,1.091407,HUN,BEL,210390
252558,103,18,5638,2003,0.0,2475.0,-0.16802,1.7252990000000001,IDN,BEL,210390
252559,104,18,5638,2003,15996.0,0.0,0.33014099999999996,2.836003,IND,BEL,210390
252560,106,18,5638,2003,108014.0,632060.0,1.6396130000000002,0.220599,IRL,BEL,210390
252561,109,18,5638,2003,0.0,3184.0,0.21902800000000003,-0.40818499999999996,ISL,BEL,210390
252562,110,18,5638,2003,457051.0,231991.0,1.157809,0.682195,ISR,BEL,210390
252563,111,18,5638,2003,5768116.0,2096986.0,1.399734,1.044608,ITA,BEL,210390
252564,112,18,5638,2003,2663.0,0.0,-0.6684140000000001,-0.915817,JAM,BEL,210390
252565,113,18,5638,2003,0.0,37874.0,0.12295,0.377031,JOR,BEL,210390
252566,114,18,5638,2003,361819.0,57586.0,2.4686630000000003,0.48072600000000004,JPN,BEL,210390
252567,115,18,5638,2003,0.0,35049.0,-0.156326,-0.62092,KAZ,BEL,210390
252568,117,18,5638,2003,0.0,8865.0,0.25359699999999996,0.24101199999999998,KGZ,BEL,210390
252569,121,18,5638,2003,0.0,114588.0,1.2611709999999998,0.956308,KOR,BEL,210390
252570,124,18,5638,2003,0.0,418123.0,0.261687,1.053856,LBN,BEL,210390
252571,130,18,5638,2003,0.0,39059.0,0.239608,0.517299,LTU,BEL,210390
252572,131,18,5638,2003,77198.0,4745953.0,1.444996,1.063764,LUX,BEL,210390
252573,132,18,5638,2003,0.0,6051.0,0.520772,0.5631689999999999,LVA,BEL,210390
252574,134,18,5638,2003,0.0,10454.0,-0.6842050000000001,-0.217892,MAR,BEL,210390
252575,136,18,5638,2003,0.0,31592.0,-1.254758,-0.622696,MDG,BEL,210390
252576,138,18,5638,2003,26079.0,0.0,0.862509,0.756684,MEX,BEL,210390
252577,141,18,5638,2003,0.0,15216.0,-0.786411,-0.879049,MLI,BEL,210390
252578,142,18,5638,2003,0.0,17134.0,1.2138149999999999,-0.015687,MLT,BEL,210390
252579,145,18,5638,2003,0.0,1776.0,-0.9747620000000001,-1.026308,MNG,BEL,210390
252580,148,18,5638,2003,0.0,40478.0,-1.069232,-1.184061,MRT,BEL,210390
252581,151,18,5638,2003,0.0,37775.0,-0.361514,-0.29839899999999997,MUS,BEL,210390
252582,153,18,5638,2003,24673.0,1612.0,0.728804,0.2168,MYS,BEL,210390
252583,156,18,5638,2003,0.0,34367.0,-0.344934,-0.776632,NCL,BEL,210390
252584,157,18,5638,2003,0.0,17328.0,-0.199296,-0.578264,NER,BEL,210390
252585,159,18,5638,2003,0.0,132733.0,-1.859176,-1.234236,NGA,BEL,210390
252586,162,18,5638,2003,37789424.0,23372868.0,1.168453,1.7085709999999998,NLD,BEL,210390
252587,163,18,5638,2003,2956.0,124659.0,1.1500620000000001,0.258554,NOR,BEL,210390
252588,166,18,5638,2003,0.0,2035.0,0.589619,0.997301,NZL,BEL,210390
252589,168,18,5638,2003,0.0,5226.0,-0.6659689999999999,0.137924,PAK,BEL,210390
252590,174,18,5638,2003,15651.0,0.0,-0.065022,-0.195144,PHL,BEL,210390
252591,177,18,5638,2003,5760.0,222330.0,0.966622,1.664838,POL,BEL,210390
252592,179,18,5638,2003,110779.0,748689.0,0.471376,1.647303,PRT,BEL,210390
252593,182,18,5638,2003,0.0,10301.0,-0.255707,-0.676557,PYF,BEL,210390
252594,185,18,5638,2003,0.0,59818.0,0.378379,1.0064620000000002,ROU,BEL,210390
252595,186,18,5638,2003,0.0,2804452.0,1.072729,0.338355,RUS,BEL,210390
252596,187,18,5638,2003,0.0,1112.0,-0.99513,-0.852476,RWA,BEL,210390
252597,188,18,5638,2003,615.0,1882.0,0.202286,-0.714691,SAU,BEL,210390
252598,191,18,5638,2003,0.0,15655.0,-0.25203600000000004,-0.25549299999999997,SEN,BEL,210390
252599,192,18,5638,2003,0.0,22836.0,1.5080799999999999,0.720337,SGP,BEL,210390
252600,206,18,5638,2003,0.0,5729.0,1.22565,0.915518,SVK,BEL,210390
252601,207,18,5638,2003,1052.0,62663.0,1.6459840000000001,1.014191,SVN,BEL,210390
252602,208,18,5638,2003,780238.0,1178050.0,2.099224,0.799982,SWE,BEL,210390
252603,211,18,5638,2003,0.0,16058.0,-0.44341099999999994,-0.742566,SYC,BEL,210390
252604,212,18,5638,2003,983.0,0.0,-0.868749,-0.326322,SYR,BEL,210390
252605,215,18,5638,2003,0.0,40023.0,-0.5058590000000001,-0.520586,TGO,BEL,210390
252606,216,18,5638,2003,348164.0,0.0,0.43010699999999996,1.607408,THA,BEL,210390
252607,222,18,5638,2003,11613.0,0.0,-0.16738,-0.9820969999999999,TTO,BEL,210390
252608,223,18,5638,2003,272734.0,3788.0,-0.14845999999999998,0.255092,TUN,BEL,210390
252609,224,18,5638,2003,64260.0,187736.0,0.192802,1.9855060000000002,TUR,BEL,210390
252610,227,18,5638,2003,0.0,2810.0,-0.895193,-0.712039,UGA,BEL,210390
252611,228,18,5638,2003,0.0,8095.0,0.8929389999999999,0.956685,UKR,BEL,210390
252612,231,18,5638,2003,1981274.0,84971.0,1.7789220000000001,0.064028,USA,BEL,210390
252613,232,18,5638,2003,0.0,6189.0,-0.285978,-0.703334,UZB,BEL,210390
252614,239,18,5638,2003,0.0,15837.0,-0.633985,0.659696,VNM,BEL,210390
252615,246,18,5638,2003,48550.0,1027.0,0.477987,2.255395,ZAF,BEL,210390
252616,249,18,5638,2003,10321.0,5843.0,1.5924040000000002,1.397843,TWN,BEL,210390
252617,250,18,5638,2003,0.0,17366.0,0.45951499999999995,-0.2312,ANS,BEL,210390
252618,7,22,5638,2003,1290.0,0.0,0.049637,-0.502691,ARE,BGD,210390
252619,14,22,5638,2003,77357.0,0.0,0.316879,0.9409489999999999,AUS,BGD,210390
252620,43,22,5638,2003,6515.0,0.0,0.579431,2.773139,CHN,BGD,210390
252621,71,22,5638,2003,1003.0,0.0,0.960684,2.074792,ESP,BGD,210390
252622,81,22,5638,2003,0.0,5413.0,1.8712540000000002,0.706205,GBR,BGD,210390
252623,104,22,5638,2003,2888.0,0.0,0.33014099999999996,2.836003,IND,BGD,210390
252624,111,22,5638,2003,1585.0,0.0,1.399734,1.044608,ITA,BGD,210390
252625,121,22,5638,2003,2746.0,0.0,1.2611709999999998,0.956308,KOR,BGD,210390
252626,122,22,5638,2003,0.0,2622.0,-0.7943640000000001,-1.1529770000000001,KWT,BGD,210390
252627,138,22,5638,2003,0.0,3817.0,0.862509,0.756684,MEX,BGD,210390
252628,153,22,5638,2003,65468.0,0.0,0.728804,0.2168,MYS,BGD,210390
252629,162,22,5638,2003,897.0,0.0,1.168453,1.7085709999999998,NLD,BGD,210390
252630,168,22,5638,2003,16623.0,0.0,-0.6659689999999999,0.137924,PAK,BGD,210390
252631,174,22,5638,2003,1009.0,0.0,-0.065022,-0.195144,PHL,BGD,210390
252632,192,22,5638,2003,405684.0,0.0,1.5080799999999999,0.720337,SGP,BGD,210390
252633,216,22,5638,2003,140579.0,0.0,0.43010699999999996,1.607408,THA,BGD,210390
252634,231,22,5638,2003,76539.0,0.0,1.7789220000000001,0.064028,USA,BGD,210390
252635,8,25,5638,2003,1569.0,0.0,0.302073,0.49069700000000005,ARG,BHS,210390
252636,81,25,5638,2003,87605.0,0.0,1.8712540000000002,0.706205,GBR,BHS,210390
252637,112,25,5638,2003,30974.0,0.0,-0.6684140000000001,-0.915817,JAM,BHS,210390
252638,138,25,5638,2003,17722.0,0.0,0.862509,0.756684,MEX,BHS,210390
252639,222,25,5638,2003,1895.0,0.0,-0.16738,-0.9820969999999999,TTO,BHS,210390
252640,231,25,5638,2003,2932224.0,0.0,1.7789220000000001,0.064028,USA,BHS,210390
252641,2,32,5638,2003,0.0,55618.0,-1.8762919999999998,-1.176541,AGO,BRA,210390
252642,6,32,5638,2003,0.0,5364.0,0.108903,-0.650137,ANT,BRA,210390
252643,8,32,5638,2003,792804.0,476294.0,0.302073,0.49069700000000005,ARG,BRA,210390
252644,15,32,5638,2003,18229.0,0.0,1.834977,0.408096,AUT,BRA,210390
252645,18,32,5638,2003,53310.0,0.0,1.361682,1.39536,BEL,BRA,210390
252646,31,32,5638,2003,0.0,30588.0,-0.787995,-0.7228899999999999,BOL,BRA,210390
252647,39,32,5638,2003,0.0,3154.0,0.9791540000000001,1.185081,CAN,BRA,210390
252648,41,32,5638,2003,0.0,4924.0,2.151037,0.711217,CHE,BRA,210390
252649,42,32,5638,2003,0.0,203630.0,-0.06375900000000001,-0.156808,CHL,BRA,210390
252650,43,32,5638,2003,14161.0,1957.0,0.579431,2.773139,CHN,BRA,210390
252651,49,32,5638,2003,0.0,169298.0,0.218336,0.376869,COL,BRA,210390
252652,51,32,5638,2003,0.0,20092.0,0.070649,-0.541279,CPV,BRA,210390
252653,52,32,5638,2003,54534.0,38546.0,-0.193904,-0.5049680000000001,CRI,BRA,210390
252654,54,32,5638,2003,0.0,16388.0,-0.391515,-0.8562120000000001,CUB,BRA,210390
252655,61,32,5638,2003,826814.0,920162.0,2.2821919999999998,-2.0985150000000004,DEU,BRA,210390
252656,65,32,5638,2003,0.0,114530.0,-0.46264399999999994,-0.245034,DOM,BRA,210390
252657,67,32,5638,2003,0.0,71458.0,-0.8689370000000001,-0.889767,ECU,BRA,210390
252658,71,32,5638,2003,56484.0,3757.0,0.960684,2.074792,ESP,BRA,210390
252659,77,32,5638,2003,197360.0,7435.0,1.606606,0.7394149999999999,FRA,BRA,210390
252660,81,32,5638,2003,122338.0,1729.0,1.8712540000000002,0.706205,GBR,BRA,210390
252661,87,32,5638,2003,0.0,9034.0,-0.230541,-0.275663,GMB,BRA,210390
252662,93,32,5638,2003,0.0,86881.0,-0.444162,0.145319,GTM,BRA,210390
252663,97,32,5638,2003,16065.0,3530.0,0.494569,2.147062,HKG,BRA,210390
252664,99,32,5638,2003,0.0,9523.0,-0.733546,-0.568585,HND,BRA,210390
252665,111,32,5638,2003,202495.0,0.0,1.399734,1.044608,ITA,BRA,210390
252666,113,32,5638,2003,0.0,12552.0,0.12295,0.377031,JOR,BRA,210390
252667,114,32,5638,2003,330746.0,452873.0,2.4686630000000003,0.48072600000000004,JPN,BRA,210390
252668,121,32,5638,2003,41450.0,0.0,1.2611709999999998,0.956308,KOR,BRA,210390
252669,122,32,5638,2003,0.0,16990.0,-0.7943640000000001,-1.1529770000000001,KWT,BRA,210390
252670,124,32,5638,2003,2061.0,2399.0,0.261687,1.053856,LBN,BRA,210390
252671,133,32,5638,2003,0.0,117.0,-0.294516,-0.413828,MAC,BRA,210390
252672,138,32,5638,2003,6943.0,0.0,0.862509,0.756684,MEX,BRA,210390
252673,147,32,5638,2003,0.0,1601.0,-1.188243,-1.123693,MOZ,BRA,210390
252674,153,32,5638,2003,26778.0,0.0,0.728804,0.2168,MYS,BRA,210390
252675,159,32,5638,2003,0.0,71822.0,-1.859176,-1.234236,NGA,BRA,210390
252676,160,32,5638,2003,0.0,8320.0,-0.8661459999999999,-0.8661690000000001,NIC,BRA,210390
252677,162,32,5638,2003,9400.0,3546.0,1.168453,1.7085709999999998,NLD,BRA,210390
252678,169,32,5638,2003,0.0,28508.0,-0.050386,-0.039619999999999995,PAN,BRA,210390
252679,173,32,5638,2003,0.0,76601.0,-0.48627,0.371354,PER,BRA,210390
252680,176,32,5638,2003,0.0,37060.0,-1.7997330000000002,-1.2110049999999999,PNG,BRA,210390
252681,179,32,5638,2003,1774.0,0.0,0.471376,1.647303,PRT,BRA,210390
252682,180,32,5638,2003,0.0,508741.0,-0.607733,-0.8577879999999999,PRY,BRA,210390
252683,186,32,5638,2003,0.0,102569.0,1.072729,0.338355,RUS,BRA,210390
252684,191,32,5638,2003,0.0,1140.0,-0.25203600000000004,-0.25549299999999997,SEN,BRA,210390
252685,192,32,5638,2003,76886.0,1198.0,1.5080799999999999,0.720337,SGP,BRA,210390
252686,197,32,5638,2003,0.0,36652.0,-0.251357,-0.189917,SLV,BRA,210390
252687,205,32,5638,2003,0.0,1053.0,-0.896925,-0.88623,SUR,BRA,210390
252688,216,32,5638,2003,1804.0,0.0,0.43010699999999996,1.607408,THA,BRA,210390
252689,230,32,5638,2003,1101130.0,234783.0,0.19792200000000001,0.243104,URY,BRA,210390
252690,231,32,5638,2003,530416.0,116386.0,1.7789220000000001,0.064028,USA,BRA,210390
252691,236,32,5638,2003,6867.0,161402.0,0.277805,-0.783697,VEN,BRA,210390
252692,249,32,5638,2003,14477.0,0.0,1.5924040000000002,1.397843,TWN,BRA,210390
252693,30,33,5638,2003,0.0,6954.0,0.9966459999999999,-0.5183270000000001,BMU,BRB,210390
252694,39,33,5638,2003,2135.0,26019.0,0.9791540000000001,1.185081,CAN,BRB,210390
252695,43,33,5638,2003,2523.0,0.0,0.579431,2.773139,CHN,BRB,210390
252696,49,33,5638,2003,901.0,0.0,0.218336,0.376869,COL,BRB,210390
252697,52,33,5638,2003,2565.0,0.0,-0.193904,-0.5049680000000001,CRI,BRB,210390
252698,65,33,5638,2003,12380.0,0.0,-0.46264399999999994,-0.245034,DOM,BRB,210390
252699,81,33,5638,2003,174307.0,48584.0,1.8712540000000002,0.706205,GBR,BRB,210390
252700,93,33,5638,2003,39059.0,0.0,-0.444162,0.145319,GTM,BRB,210390
252701,96,33,5638,2003,1969.0,0.0,-0.59035,-0.7361340000000001,GUY,BRB,210390
252702,104,33,5638,2003,1251.0,0.0,0.33014099999999996,2.836003,IND,BRB,210390
252703,111,33,5638,2003,2662.0,0.0,1.399734,1.044608,ITA,BRB,210390
252704,112,33,5638,2003,23383.0,0.0,-0.6684140000000001,-0.915817,JAM,BRB,210390
252705,127,33,5638,2003,25539.0,3566.0,0.318385,-0.342679,LCA,BRB,210390
252706,138,33,5638,2003,9317.0,0.0,0.862509,0.756684,MEX,BRB,210390
252707,162,33,5638,2003,1358.0,0.0,1.168453,1.7085709999999998,NLD,BRB,210390
252708,216,33,5638,2003,1034.0,0.0,0.43010699999999996,1.607408,THA,BRB,210390
252709,222,33,5638,2003,325020.0,0.0,-0.16738,-0.9820969999999999,TTO,BRB,210390
252710,224,33,5638,2003,5116.0,0.0,0.192802,1.9855060000000002,TUR,BRB,210390
252711,231,33,5638,2003,548975.0,59246.0,1.7789220000000001,0.064028,USA,BRB,210390
252712,234,33,5638,2003,993.0,0.0,-0.355758,-0.679181,VCT,BRB,210390
252713,236,33,5638,2003,34008.0,0.0,0.277805,-0.783697,VEN,BRB,210390
252714,237,33,5638,2003,0.0,6665.0,0.685109,-0.20824299999999998,VGB,BRB,210390
252715,7,39,5638,2003,0.0,28976.0,0.049637,-0.502691,ARE,CAN,210390
252716,13,39,5638,2003,1886.0,5215.0,0.014283,-0.564587,ATG,CAN,210390
252717,14,39,5638,2003,915822.0,501824.0,0.316879,0.9409489999999999,AUS,CAN,210390
252718,15,39,5638,2003,32477.0,0.0,1.834977,0.408096,AUT,CAN,210390
252719,18,39,5638,2003,50752.0,4969.0,1.361682,1.39536,BEL,CAN,210390
252720,23,39,5638,2003,5213.0,0.0,0.43308599999999997,1.7104099999999998,BGR,CAN,210390
252721,24,39,5638,2003,0.0,19123.0,-0.10968800000000001,-1.041032,BHR,CAN,210390
252722,29,39,5638,2003,7269.0,1024.0,-0.543555,-0.7596,BLZ,CAN,210390
252723,30,39,5638,2003,0.0,1756.0,0.9966459999999999,-0.5183270000000001,BMU,CAN,210390
252724,32,39,5638,2003,3154.0,0.0,0.660576,1.118876,BRA,CAN,210390
252725,33,39,5638,2003,26019.0,2135.0,0.744166,0.074191,BRB,CAN,210390
252726,41,39,5638,2003,389678.0,2720.0,2.151037,0.711217,CHE,CAN,210390
252727,42,39,5638,2003,0.0,25194.0,-0.06375900000000001,-0.156808,CHL,CAN,210390
252728,43,39,5638,2003,1454917.0,13606.0,0.579431,2.773139,CHN,CAN,210390
252729,44,39,5638,2003,8996.0,0.0,-0.699928,-0.723739,CIV,CAN,210390
252730,49,39,5638,2003,1116.0,17188.0,0.218336,0.376869,COL,CAN,210390
252731,52,39,5638,2003,187598.0,3533.0,-0.193904,-0.5049680000000001,CRI,CAN,210390
252732,54,39,5638,2003,0.0,121535.0,-0.391515,-0.8562120000000001,CUB,CAN,210390
252733,58,39,5638,2003,0.0,4247.0,0.259992,0.068914,CYP,CAN,210390
252734,61,39,5638,2003,903324.0,158470.0,2.2821919999999998,-2.0985150000000004,DEU,CAN,210390
252735,63,39,5638,2003,0.0,2646.0,0.11903299999999999,-0.21768200000000001,DMA,CAN,210390
252736,64,39,5638,2003,28210.0,155413.0,1.309564,1.245596,DNK,CAN,210390
252737,65,39,5638,2003,8728.0,1431.0,-0.46264399999999994,-0.245034,DOM,CAN,210390
252738,68,39,5638,2003,4617.0,2820.0,-0.292923,0.465433,EGY,CAN,210390
252739,71,39,5638,2003,50596.0,19902.0,0.960684,2.074792,ESP,CAN,210390
252740,75,39,5638,2003,3306.0,0.0,-0.6865640000000001,-0.326977,FJI,CAN,210390
252741,77,39,5638,2003,865531.0,73012.0,1.606606,0.7394149999999999,FRA,CAN,210390
252742,81,39,5638,2003,3859798.0,4176273.0,1.8712540000000002,0.706205,GBR,CAN,210390
252743,83,39,5638,2003,1273.0,0.0,-1.074188,-0.7127319999999999,GHA,CAN,210390
252744,87,39,5638,2003,0.0,2268.0,-0.230541,-0.275663,GMB,CAN,210390
252745,90,39,5638,2003,101779.0,0.0,0.364688,1.4823959999999998,GRC,CAN,210390
252746,91,39,5638,2003,0.0,5189.0,0.3936,-0.258355,GRD,CAN,210390
252747,96,39,5638,2003,15837.0,2434.0,-0.59035,-0.7361340000000001,GUY,CAN,210390
252748,97,39,5638,2003,1923468.0,51728.0,0.494569,2.147062,HKG,CAN,210390
252749,99,39,5638,2003,0.0,2760.0,-0.733546,-0.568585,HND,CAN,210390
252750,100,39,5638,2003,173285.0,0.0,0.568394,1.230759,HRV,CAN,210390
252751,102,39,5638,2003,17300.0,0.0,1.2003270000000001,1.091407,HUN,CAN,210390
252752,103,39,5638,2003,49018.0,92955.0,-0.16802,1.7252990000000001,IDN,CAN,210390
252753,104,39,5638,2003,156781.0,5219.0,0.33014099999999996,2.836003,IND,CAN,210390
252754,106,39,5638,2003,1360.0,27249.0,1.6396130000000002,0.220599,IRL,CAN,210390
252755,107,39,5638,2003,10319.0,0.0,-0.552146,-0.8668520000000001,IRN,CAN,210390
252756,109,39,5638,2003,0.0,10570.0,0.21902800000000003,-0.40818499999999996,ISL,CAN,210390
252757,110,39,5638,2003,23913.0,22830.0,1.157809,0.682195,ISR,CAN,210390
252758,111,39,5638,2003,1175475.0,8098.0,1.399734,1.044608,ITA,CAN,210390
252759,112,39,5638,2003,575920.0,3579.0,-0.6684140000000001,-0.915817,JAM,CAN,210390
252760,113,39,5638,2003,3132.0,0.0,0.12295,0.377031,JOR,CAN,210390
252761,114,39,5638,2003,2471239.0,897175.0,2.4686630000000003,0.48072600000000004,JPN,CAN,210390
252762,120,39,5638,2003,0.0,1278.0,0.555154,-0.405962,KNA,CAN,210390
252763,121,39,5638,2003,854128.0,30330.0,1.2611709999999998,0.956308,KOR,CAN,210390
252764,122,39,5638,2003,0.0,5092.0,-0.7943640000000001,-1.1529770000000001,KWT,CAN,210390
252765,124,39,5638,2003,40982.0,6879.0,0.261687,1.053856,LBN,CAN,210390
252766,127,39,5638,2003,0.0,5581.0,0.318385,-0.342679,LCA,CAN,210390
252767,128,39,5638,2003,24111.0,0.0,-0.618057,0.101931,LKA,CAN,210390
252768,133,39,5638,2003,29100.0,0.0,-0.294516,-0.413828,MAC,CAN,210390
252769,134,39,5638,2003,1175.0,0.0,-0.6842050000000001,-0.217892,MAR,CAN,210390
252770,138,39,5638,2003,246972.0,511896.0,0.862509,0.756684,MEX,CAN,210390
252771,142,39,5638,2003,0.0,5213.0,1.2138149999999999,-0.015687,MLT,CAN,210390
252772,152,39,5638,2003,0.0,482.0,-1.48079,-1.235645,MWI,CAN,210390
252773,153,39,5638,2003,189052.0,9425.0,0.728804,0.2168,MYS,CAN,210390
252774,156,39,5638,2003,0.0,50089.0,-0.344934,-0.776632,NCL,CAN,210390
252775,159,39,5638,2003,1099.0,0.0,-1.859176,-1.234236,NGA,CAN,210390
252776,160,39,5638,2003,0.0,824.0,-0.8661459999999999,-0.8661690000000001,NIC,CAN,210390
252777,162,39,5638,2003,238590.0,112893.0,1.168453,1.7085709999999998,NLD,CAN,210390
252778,163,39,5638,2003,2676.0,0.0,1.1500620000000001,0.258554,NOR,CAN,210390
252779,166,39,5638,2003,9703.0,516586.0,0.589619,0.997301,NZL,CAN,210390
252780,167,39,5638,2003,0.0,3583.0,-1.434873,-1.188123,OMN,CAN,210390
252781,168,39,5638,2003,12872.0,0.0,-0.6659689999999999,0.137924,PAK,CAN,210390
252782,173,39,5638,2003,7380.0,3713.0,-0.48627,0.371354,PER,CAN,210390
252783,174,39,5638,2003,589273.0,755107.0,-0.065022,-0.195144,PHL,CAN,210390
252784,177,39,5638,2003,71858.0,0.0,0.966622,1.664838,POL,CAN,210390
252785,179,39,5638,2003,24737.0,0.0,0.471376,1.647303,PRT,CAN,210390
252786,182,39,5638,2003,0.0,10676.0,-0.255707,-0.676557,PYF,CAN,210390
252787,186,39,5638,2003,7193.0,3908.0,1.072729,0.338355,RUS,CAN,210390
252788,188,39,5638,2003,0.0,89963.0,0.202286,-0.714691,SAU,CAN,210390
252789,189,39,5638,2003,12293.0,0.0,0.575326,1.627894,SCG,CAN,210390
252790,192,39,5638,2003,109926.0,338115.0,1.5080799999999999,0.720337,SGP,CAN,210390
252791,196,39,5638,2003,2206.0,0.0,0.129923,-0.19926300000000002,SLE,CAN,210390
252792,197,39,5638,2003,3519.0,3095.0,-0.251357,-0.189917,SLV,CAN,210390
252793,200,39,5638,2003,0.0,26352.0,0.677331,-0.645223,SPM,CAN,210390
252794,205,39,5638,2003,0.0,4785.0,-0.896925,-0.88623,SUR,CAN,210390
252795,207,39,5638,2003,73614.0,0.0,1.6459840000000001,1.014191,SVN,CAN,210390
252796,208,39,5638,2003,91906.0,148356.0,2.099224,0.799982,SWE,CAN,210390
252797,209,39,5638,2003,1864.0,0.0,0.399541,-0.23342600000000002,SWZ,CAN,210390
252798,216,39,5638,2003,2559864.0,6545.0,0.43010699999999996,1.607408,THA,CAN,210390
252799,222,39,5638,2003,265728.0,120095.0,-0.16738,-0.9820969999999999,TTO,CAN,210390
252800,224,39,5638,2003,12652.0,31685.0,0.192802,1.9855060000000002,TUR,CAN,210390
252801,228,39,5638,2003,3087.0,0.0,0.8929389999999999,0.956685,UKR,CAN,210390
252802,231,39,5638,2003,109261024.0,116230056.0,1.7789220000000001,0.064028,USA,CAN,210390
252803,234,39,5638,2003,0.0,5922.0,-0.355758,-0.679181,VCT,CAN,210390
252804,236,39,5638,2003,11825.0,49970.0,0.277805,-0.783697,VEN,CAN,210390
252805,239,39,5638,2003,121024.0,39472.0,-0.633985,0.659696,VNM,CAN,210390
252806,246,39,5638,2003,177884.0,179243.0,0.477987,2.255395,ZAF,CAN,210390
252807,247,39,5638,2003,0.0,6363.0,-0.678149,-0.5919449999999999,ZMB,CAN,210390
252808,249,39,5638,2003,684484.0,35103.0,1.5924040000000002,1.397843,TWN,CAN,210390
252809,5,41,5638,2003,0.0,28171.0,1.0901319999999999,0.618693,AND,CHE,210390
252810,7,41,5638,2003,0.0,25819.0,0.049637,-0.502691,ARE,CHE,210390
252811,8,41,5638,2003,0.0,9147.0,0.302073,0.49069700000000005,ARG,CHE,210390
252812,9,41,5638,2003,0.0,8196.0,0.497521,-0.305788,ARM,CHE,210390
252813,14,41,5638,2003,35796.0,646267.0,0.316879,0.9409489999999999,AUS,CHE,210390
252814,15,41,5638,2003,5713080.0,3983222.0,1.834977,0.408096,AUT,CHE,210390
252815,18,41,5638,2003,974760.0,1261286.0,1.361682,1.39536,BEL,CHE,210390
252816,23,41,5638,2003,1200.0,9391.0,0.43308599999999997,1.7104099999999998,BGR,CHE,210390
252817,26,41,5638,2003,0.0,356065.0,0.195667,0.347011,BIH,CHE,210390
252818,28,41,5638,2003,0.0,10636.0,0.847358,0.9307719999999999,BLR,CHE,210390
252819,30,41,5638,2003,0.0,26508.0,0.9966459999999999,-0.5183270000000001,BMU,CHE,210390
252820,32,41,5638,2003,4924.0,0.0,0.660576,1.118876,BRA,CHE,210390
252821,39,41,5638,2003,2720.0,389678.0,0.9791540000000001,1.185081,CAN,CHE,210390
252822,42,41,5638,2003,0.0,14222.0,-0.06375900000000001,-0.156808,CHL,CHE,210390
252823,43,41,5638,2003,41639.0,80008.0,0.579431,2.773139,CHN,CHE,210390
252824,49,41,5638,2003,1007.0,17680.0,0.218336,0.376869,COL,CHE,210390
252825,52,41,5638,2003,0.0,911.0,-0.193904,-0.5049680000000001,CRI,CHE,210390
252826,58,41,5638,2003,0.0,20716.0,0.259992,0.068914,CYP,CHE,210390
252827,59,41,5638,2003,4265.0,257409.0,1.555749,0.8662059999999999,CZE,CHE,210390
252828,61,41,5638,2003,11452589.0,17686584.0,2.2821919999999998,-2.0985150000000004,DEU,CHE,210390
252829,64,41,5638,2003,397724.0,254780.0,1.309564,1.245596,DNK,CHE,210390
252830,65,41,5638,2003,4111.0,0.0,-0.46264399999999994,-0.245034,DOM,CHE,210390
252831,66,41,5638,2003,0.0,30502.0,-1.060727,-1.142594,DZA,CHE,210390
252832,68,41,5638,2003,0.0,32795.0,-0.292923,0.465433,EGY,CHE,210390
252833,71,41,5638,2003,1031885.0,669558.0,0.960684,2.074792,ESP,CHE,210390
252834,72,41,5638,2003,0.0,12693.0,0.5913010000000001,0.8489979999999999,EST,CHE,210390
252835,73,41,5638,2003,0.0,15160.0,-1.1145559999999999,-0.9599620000000001,ETH,CHE,210390
252836,74,41,5638,2003,0.0,55545.0,2.077889,0.942501,FIN,CHE,210390
252837,77,41,5638,2003,7602586.0,3168610.0,1.606606,0.7394149999999999,FRA,CHE,210390
252838,81,41,5638,2003,1264841.0,684742.0,1.8712540000000002,0.706205,GBR,CHE,210390
252839,82,41,5638,2003,0.0,18180.0,0.595485,-0.25939,GEO,CHE,210390
252840,87,41,5638,2003,0.0,9777.0,-0.230541,-0.275663,GMB,CHE,210390
252841,90,41,5638,2003,3584.0,393051.0,0.364688,1.4823959999999998,GRC,CHE,210390
252842,92,41,5638,2003,0.0,15869.0,-0.764655,-0.8684200000000001,GRL,CHE,210390
252843,93,41,5638,2003,0.0,9532.0,-0.444162,0.145319,GTM,CHE,210390
252844,97,41,5638,2003,277686.0,59923.0,0.494569,2.147062,HKG,CHE,210390
252845,100,41,5638,2003,435487.0,1137762.0,0.568394,1.230759,HRV,CHE,210390
252846,102,41,5638,2003,1620.0,59867.0,1.2003270000000001,1.091407,HUN,CHE,210390
252847,103,41,5638,2003,10382.0,0.0,-0.16802,1.7252990000000001,IDN,CHE,210390
252848,104,41,5638,2003,16248.0,0.0,0.33014099999999996,2.836003,IND,CHE,210390
252849,106,41,5638,2003,11322.0,366053.0,1.6396130000000002,0.220599,IRL,CHE,210390
252850,109,41,5638,2003,0.0,52048.0,0.21902800000000003,-0.40818499999999996,ISL,CHE,210390
252851,110,41,5638,2003,12454.0,54704.0,1.157809,0.682195,ISR,CHE,210390
252852,111,41,5638,2003,5204660.0,2167346.0,1.399734,1.044608,ITA,CHE,210390
252853,112,41,5638,2003,1404.0,0.0,-0.6684140000000001,-0.915817,JAM,CHE,210390
252854,113,41,5638,2003,0.0,4674.0,0.12295,0.377031,JOR,CHE,210390
252855,114,41,5638,2003,153752.0,1345342.0,2.4686630000000003,0.48072600000000004,JPN,CHE,210390
252856,115,41,5638,2003,0.0,1143.0,-0.156326,-0.62092,KAZ,CHE,210390
252857,116,41,5638,2003,0.0,35517.0,-0.3531,0.582992,KEN,CHE,210390
252858,121,41,5638,2003,10013.0,203353.0,1.2611709999999998,0.956308,KOR,CHE,210390
252859,122,41,5638,2003,0.0,2750.0,-0.7943640000000001,-1.1529770000000001,KWT,CHE,210390
252860,124,41,5638,2003,1218.0,7632.0,0.261687,1.053856,LBN,CHE,210390
252861,128,41,5638,2003,5005.0,1685.0,-0.618057,0.101931,LKA,CHE,210390
252862,130,41,5638,2003,0.0,8578.0,0.239608,0.517299,LTU,CHE,210390
252863,131,41,5638,2003,0.0,132412.0,1.444996,1.063764,LUX,CHE,210390
252864,132,41,5638,2003,0.0,7211.0,0.520772,0.5631689999999999,LVA,CHE,210390
252865,133,41,5638,2003,0.0,4249.0,-0.294516,-0.413828,MAC,CHE,210390
252866,134,41,5638,2003,0.0,2361.0,-0.6842050000000001,-0.217892,MAR,CHE,210390
252867,137,41,5638,2003,0.0,608.0,-1.201352,-1.031892,MDV,CHE,210390
252868,138,41,5638,2003,9431.0,6551.0,0.862509,0.756684,MEX,CHE,210390
252869,140,41,5638,2003,32105.0,395153.0,-0.017632,0.225394,MKD,CHE,210390
252870,142,41,5638,2003,0.0,184545.0,1.2138149999999999,-0.015687,MLT,CHE,210390
252871,153,41,5638,2003,27098.0,13433.0,0.728804,0.2168,MYS,CHE,210390
252872,156,41,5638,2003,0.0,465.0,-0.344934,-0.776632,NCL,CHE,210390
252873,159,41,5638,2003,0.0,2282725.0,-1.859176,-1.234236,NGA,CHE,210390
252874,162,41,5638,2003,3870451.0,1672201.0,1.168453,1.7085709999999998,NLD,CHE,210390
252875,163,41,5638,2003,3301.0,110046.0,1.1500620000000001,0.258554,NOR,CHE,210390
252876,166,41,5638,2003,0.0,33732.0,0.589619,0.997301,NZL,CHE,210390
252877,168,41,5638,2003,5008.0,0.0,-0.6659689999999999,0.137924,PAK,CHE,210390
252878,173,41,5638,2003,0.0,1474.0,-0.48627,0.371354,PER,CHE,210390
252879,174,41,5638,2003,24125.0,79476.0,-0.065022,-0.195144,PHL,CHE,210390
252880,177,41,5638,2003,0.0,163260.0,0.966622,1.664838,POL,CHE,210390
252881,179,41,5638,2003,17704.0,342340.0,0.471376,1.647303,PRT,CHE,210390
252882,182,41,5638,2003,0.0,3366.0,-0.255707,-0.676557,PYF,CHE,210390
252883,185,41,5638,2003,0.0,98321.0,0.378379,1.0064620000000002,ROU,CHE,210390
252884,186,41,5638,2003,0.0,177347.0,1.072729,0.338355,RUS,CHE,210390
252885,188,41,5638,2003,0.0,11084.0,0.202286,-0.714691,SAU,CHE,210390
252886,189,41,5638,2003,7819.0,392436.0,0.575326,1.627894,SCG,CHE,210390
252887,190,41,5638,2003,0.0,4561.0,-1.3535059999999999,-1.1701409999999999,SDN,CHE,210390
252888,192,41,5638,2003,24284.0,483368.0,1.5080799999999999,0.720337,SGP,CHE,210390
252889,206,41,5638,2003,0.0,68368.0,1.22565,0.915518,SVK,CHE,210390
252890,207,41,5638,2003,26248.0,1031596.0,1.6459840000000001,1.014191,SVN,CHE,210390
252891,208,41,5638,2003,226349.0,1421335.0,2.099224,0.799982,SWE,CHE,210390
252892,209,41,5638,2003,3271.0,0.0,0.399541,-0.23342600000000002,SWZ,CHE,210390
252893,216,41,5638,2003,1439543.0,6687.0,0.43010699999999996,1.607408,THA,CHE,210390
252894,222,41,5638,2003,1668.0,0.0,-0.16738,-0.9820969999999999,TTO,CHE,210390
252895,223,41,5638,2003,4463.0,0.0,-0.14845999999999998,0.255092,TUN,CHE,210390
252896,224,41,5638,2003,28846.0,5522.0,0.192802,1.9855060000000002,TUR,CHE,210390
252897,228,41,5638,2003,0.0,20658.0,0.8929389999999999,0.956685,UKR,CHE,210390
252898,231,41,5638,2003,129716.0,1470954.0,1.7789220000000001,0.064028,USA,CHE,210390
252899,232,41,5638,2003,0.0,1413.0,-0.285978,-0.703334,UZB,CHE,210390
252900,236,41,5638,2003,0.0,4322.0,0.277805,-0.783697,VEN,CHE,210390
252901,239,41,5638,2003,3096.0,4632.0,-0.633985,0.659696,VNM,CHE,210390
252902,246,41,5638,2003,39004.0,36755.0,0.477987,2.255395,ZAF,CHE,210390
252903,249,41,5638,2003,19883.0,77925.0,1.5924040000000002,1.397843,TWN,CHE,210390
252904,8,42,5638,2003,1614984.0,58500.0,0.302073,0.49069700000000005,ARG,CHL,210390
252905,14,42,5638,2003,0.0,5981.0,0.316879,0.9409489999999999,AUS,CHL,210390
252906,15,42,5638,2003,18543.0,0.0,1.834977,0.408096,AUT,CHL,210390
252907,18,42,5638,2003,24380.0,0.0,1.361682,1.39536,BEL,CHL,210390
252908,31,42,5638,2003,0.0,63552.0,-0.787995,-0.7228899999999999,BOL,CHL,210390
252909,32,42,5638,2003,203630.0,0.0,0.660576,1.118876,BRA,CHL,210390
252910,39,42,5638,2003,25194.0,0.0,0.9791540000000001,1.185081,CAN,CHL,210390
252911,41,42,5638,2003,14222.0,0.0,2.151037,0.711217,CHE,CHL,210390
252912,43,42,5638,2003,26218.0,193632.0,0.579431,2.773139,CHN,CHL,210390
252913,49,42,5638,2003,4163.0,0.0,0.218336,0.376869,COL,CHL,210390
252914,52,42,5638,2003,4356.0,3309.0,-0.193904,-0.5049680000000001,CRI,CHL,210390
252915,54,42,5638,2003,0.0,30861.0,-0.391515,-0.8562120000000001,CUB,CHL,210390
252916,61,42,5638,2003,68401.0,141646.0,2.2821919999999998,-2.0985150000000004,DEU,CHL,210390
252917,67,42,5638,2003,0.0,80554.0,-0.8689370000000001,-0.889767,ECU,CHL,210390
252918,71,42,5638,2003,27513.0,1258.0,0.960684,2.074792,ESP,CHL,210390
252919,77,42,5638,2003,2147.0,0.0,1.606606,0.7394149999999999,FRA,CHL,210390
252920,81,42,5638,2003,16848.0,13456.0,1.8712540000000002,0.706205,GBR,CHL,210390
252921,93,42,5638,2003,0.0,2344.0,-0.444162,0.145319,GTM,CHL,210390
252922,97,42,5638,2003,16357.0,0.0,0.494569,2.147062,HKG,CHL,210390
252923,104,42,5638,2003,2395.0,0.0,0.33014099999999996,2.836003,IND,CHL,210390
252924,111,42,5638,2003,85924.0,0.0,1.399734,1.044608,ITA,CHL,210390
252925,114,42,5638,2003,20669.0,0.0,2.4686630000000003,0.48072600000000004,JPN,CHL,210390
252926,121,42,5638,2003,167599.0,0.0,1.2611709999999998,0.956308,KOR,CHL,210390
252927,124,42,5638,2003,587.0,0.0,0.261687,1.053856,LBN,CHL,210390
252928,128,42,5638,2003,66029.0,0.0,-0.618057,0.101931,LKA,CHL,210390
252929,138,42,5638,2003,158084.0,0.0,0.862509,0.756684,MEX,CHL,210390
252930,142,42,5638,2003,0.0,954.0,1.2138149999999999,-0.015687,MLT,CHL,210390
252931,160,42,5638,2003,0.0,9942.0,-0.8661459999999999,-0.8661690000000001,NIC,CHL,210390
252932,162,42,5638,2003,24312.0,0.0,1.168453,1.7085709999999998,NLD,CHL,210390
252933,169,42,5638,2003,0.0,5380.0,-0.050386,-0.039619999999999995,PAN,CHL,210390
252934,173,42,5638,2003,12186.0,387338.0,-0.48627,0.371354,PER,CHL,210390
252935,180,42,5638,2003,3633.0,152077.0,-0.607733,-0.8577879999999999,PRY,CHL,210390
252936,208,42,5638,2003,0.0,18652.0,2.099224,0.799982,SWE,CHL,210390
252937,212,42,5638,2003,1255.0,0.0,-0.868749,-0.326322,SYR,CHL,210390
252938,216,42,5638,2003,10619.0,0.0,0.43010699999999996,1.607408,THA,CHL,210390
252939,230,42,5638,2003,12357.0,5163.0,0.19792200000000001,0.243104,URY,CHL,210390
252940,231,42,5638,2003,278851.0,561837.0,1.7789220000000001,0.064028,USA,CHL,210390
252941,249,42,5638,2003,2711.0,0.0,1.5924040000000002,1.397843,TWN,CHL,210390
252942,250,42,5638,2003,1711.0,2893.0,0.45951499999999995,-0.2312,ANS,CHL,210390
252943,0,43,5638,2003,0.0,10480.0,-0.13006600000000001,-0.783431,ABW,CHN,210390
252944,7,43,5638,2003,1386.0,60743.0,0.049637,-0.502691,ARE,CHN,210390
252945,8,43,5638,2003,0.0,36753.0,0.302073,0.49069700000000005,ARG,CHN,210390
252946,14,43,5638,2003,270452.0,2108771.0,0.316879,0.9409489999999999,AUS,CHN,210390
252947,15,43,5638,2003,2749.0,3256.0,1.834977,0.408096,AUT,CHN,210390
252948,17,43,5638,2003,0.0,9621.0,-0.550138,-0.759304,BDI,CHN,210390
252949,18,43,5638,2003,8566.0,288989.0,1.361682,1.39536,BEL,CHN,210390
252950,19,43,5638,2003,0.0,15320.0,-1.150888,-0.956203,BEN,CHN,210390
252951,22,43,5638,2003,0.0,6515.0,-1.168404,-1.035782,BGD,CHN,210390
252952,24,43,5638,2003,0.0,1519.0,-0.10968800000000001,-1.041032,BHR,CHN,210390
252953,29,43,5638,2003,0.0,14683.0,-0.543555,-0.7596,BLZ,CHN,210390
252954,32,43,5638,2003,1957.0,14161.0,0.660576,1.118876,BRA,CHN,210390
252955,33,43,5638,2003,0.0,2523.0,0.744166,0.074191,BRB,CHN,210390
252956,34,43,5638,2003,0.0,24392.0,-1.342738,-0.978633,BRN,CHN,210390
252957,37,43,5638,2003,0.0,3825.0,-0.517317,-1.1125770000000001,BWA,CHN,210390
252958,39,43,5638,2003,13606.0,1454917.0,0.9791540000000001,1.185081,CAN,CHN,210390
252959,41,43,5638,2003,80008.0,41639.0,2.151037,0.711217,CHE,CHN,210390
252960,42,43,5638,2003,193632.0,26218.0,-0.06375900000000001,-0.156808,CHL,CHN,210390
252961,44,43,5638,2003,0.0,4673.0,-0.699928,-0.723739,CIV,CHN,210390
252962,45,43,5638,2003,0.0,4721.0,-1.254788,-1.10897,CMR,CHN,210390
252963,49,43,5638,2003,0.0,1812.0,0.218336,0.376869,COL,CHN,210390
252964,52,43,5638,2003,0.0,56638.0,-0.193904,-0.5049680000000001,CRI,CHN,210390
252965,54,43,5638,2003,0.0,34594.0,-0.391515,-0.8562120000000001,CUB,CHN,210390
252966,58,43,5638,2003,0.0,2756.0,0.259992,0.068914,CYP,CHN,210390
252967,59,43,5638,2003,0.0,29219.0,1.555749,0.8662059999999999,CZE,CHN,210390
252968,61,43,5638,2003,409947.0,774057.0,2.2821919999999998,-2.0985150000000004,DEU,CHN,210390
252969,63,43,5638,2003,0.0,1216.0,0.11903299999999999,-0.21768200000000001,DMA,CHN,210390
252970,64,43,5638,2003,2265.0,63244.0,1.309564,1.245596,DNK,CHN,210390
252971,65,43,5638,2003,0.0,54165.0,-0.46264399999999994,-0.245034,DOM,CHN,210390
252972,66,43,5638,2003,0.0,3904.0,-1.060727,-1.142594,DZA,CHN,210390
252973,67,43,5638,2003,0.0,7752.0,-0.8689370000000001,-0.889767,ECU,CHN,210390
252974,71,43,5638,2003,110500.0,128821.0,0.960684,2.074792,ESP,CHN,210390
252975,72,43,5638,2003,0.0,16097.0,0.5913010000000001,0.8489979999999999,EST,CHN,210390
252976,73,43,5638,2003,0.0,4893.0,-1.1145559999999999,-0.9599620000000001,ETH,CHN,210390
252977,74,43,5638,2003,0.0,81653.0,2.077889,0.942501,FIN,CHN,210390
252978,75,43,5638,2003,0.0,20754.0,-0.6865640000000001,-0.326977,FJI,CHN,210390
252979,77,43,5638,2003,557424.0,773919.0,1.606606,0.7394149999999999,FRA,CHN,210390
252980,78,43,5638,2003,0.0,2524.0,-0.46422299999999994,-0.8072050000000001,FRO,CHN,210390
252981,80,43,5638,2003,0.0,3529.0,-0.92745,-1.138466,GAB,CHN,210390
252982,81,43,5638,2003,346006.0,3427054.0,1.8712540000000002,0.706205,GBR,CHN,210390
252983,83,43,5638,2003,0.0,530644.0,-1.074188,-0.7127319999999999,GHA,CHN,210390
252984,87,43,5638,2003,0.0,75250.0,-0.230541,-0.275663,GMB,CHN,210390
252985,88,43,5638,2003,0.0,16901.0,0.24509499999999998,-0.612725,GNB,CHN,210390
252986,90,43,5638,2003,2626.0,10306.0,0.364688,1.4823959999999998,GRC,CHN,210390
252987,92,43,5638,2003,0.0,372.0,-0.764655,-0.8684200000000001,GRL,CHN,210390
252988,93,43,5638,2003,0.0,20850.0,-0.444162,0.145319,GTM,CHN,210390
252989,96,43,5638,2003,0.0,1508.0,-0.59035,-0.7361340000000001,GUY,CHN,210390
252990,97,43,5638,2003,1358754.0,20080622.0,0.494569,2.147062,HKG,CHN,210390
252991,99,43,5638,2003,0.0,4960.0,-0.733546,-0.568585,HND,CHN,210390
252992,100,43,5638,2003,0.0,11572.0,0.568394,1.230759,HRV,CHN,210390
252993,102,43,5638,2003,0.0,42801.0,1.2003270000000001,1.091407,HUN,CHN,210390
252994,103,43,5638,2003,31551.0,1045386.0,-0.16802,1.7252990000000001,IDN,CHN,210390
252995,104,43,5638,2003,31113.0,305813.0,0.33014099999999996,2.836003,IND,CHN,210390
252996,106,43,5638,2003,0.0,23246.0,1.6396130000000002,0.220599,IRL,CHN,210390
252997,109,43,5638,2003,3750.0,774.0,0.21902800000000003,-0.40818499999999996,ISL,CHN,210390
252998,110,43,5638,2003,0.0,25428.0,1.157809,0.682195,ISR,CHN,210390
252999,111,43,5638,2003,54534.0,71203.0,1.399734,1.044608,ITA,CHN,210390
253000,112,43,5638,2003,0.0,2659.0,-0.6684140000000001,-0.915817,JAM,CHN,210390
253001,113,43,5638,2003,0.0,78689.0,0.12295,0.377031,JOR,CHN,210390
253002,114,43,5638,2003,31490796.0,17474286.0,2.4686630000000003,0.48072600000000004,JPN,CHN,210390
253003,115,43,5638,2003,0.0,1177520.0,-0.156326,-0.62092,KAZ,CHN,210390
253004,116,43,5638,2003,0.0,2273.0,-0.3531,0.582992,KEN,CHN,210390
253005,117,43,5638,2003,0.0,15005.0,0.25359699999999996,0.24101199999999998,KGZ,CHN,210390
253006,118,43,5638,2003,0.0,23152.0,-1.0165620000000002,-1.060454,KHM,CHN,210390
253007,120,43,5638,2003,0.0,224.0,0.555154,-0.405962,KNA,CHN,210390
253008,121,43,5638,2003,5891070.0,39020012.0,1.2611709999999998,0.956308,KOR,CHN,210390
253009,122,43,5638,2003,0.0,92035.0,-0.7943640000000001,-1.1529770000000001,KWT,CHN,210390
253010,124,43,5638,2003,0.0,22855.0,0.261687,1.053856,LBN,CHN,210390
253011,127,43,5638,2003,0.0,427.0,0.318385,-0.342679,LCA,CHN,210390
253012,128,43,5638,2003,855.0,9269.0,-0.618057,0.101931,LKA,CHN,210390
253013,129,43,5638,2003,0.0,10046.0,-1.405425,-1.046031,LSO,CHN,210390
253014,130,43,5638,2003,0.0,238847.0,0.239608,0.517299,LTU,CHN,210390
253015,132,43,5638,2003,0.0,28662.0,0.520772,0.5631689999999999,LVA,CHN,210390
253016,133,43,5638,2003,2149.0,252412.0,-0.294516,-0.413828,MAC,CHN,210390
253017,134,43,5638,2003,0.0,15006.0,-0.6842050000000001,-0.217892,MAR,CHN,210390
253018,136,43,5638,2003,0.0,3755.0,-1.254758,-0.622696,MDG,CHN,210390
253019,138,43,5638,2003,94231.0,272746.0,0.862509,0.756684,MEX,CHN,210390
253020,141,43,5638,2003,0.0,5424.0,-0.786411,-0.879049,MLI,CHN,210390
253021,142,43,5638,2003,0.0,23581.0,1.2138149999999999,-0.015687,MLT,CHN,210390
253022,143,43,5638,2003,0.0,189370.0,-1.435123,-1.0948,MMR,CHN,210390
253023,145,43,5638,2003,0.0,42074.0,-0.9747620000000001,-1.026308,MNG,CHN,210390
253024,147,43,5638,2003,0.0,964.0,-1.188243,-1.123693,MOZ,CHN,210390
253025,151,43,5638,2003,0.0,13033.0,-0.361514,-0.29839899999999997,MUS,CHN,210390
253026,153,43,5638,2003,641313.0,1015619.0,0.728804,0.2168,MYS,CHN,210390
253027,156,43,5638,2003,0.0,3834.0,-0.344934,-0.776632,NCL,CHN,210390
253028,157,43,5638,2003,0.0,636.0,-0.199296,-0.578264,NER,CHN,210390
253029,159,43,5638,2003,0.0,398233.0,-1.859176,-1.234236,NGA,CHN,210390
253030,162,43,5638,2003,66009.0,867290.0,1.168453,1.7085709999999998,NLD,CHN,210390
253031,163,43,5638,2003,12563.0,40786.0,1.1500620000000001,0.258554,NOR,CHN,210390
253032,164,43,5638,2003,14627.0,1435.0,-0.26353899999999997,1.351717,NPL,CHN,210390
253033,166,43,5638,2003,17721.0,200126.0,0.589619,0.997301,NZL,CHN,210390
253034,168,43,5638,2003,0.0,31974.0,-0.6659689999999999,0.137924,PAK,CHN,210390
253035,169,43,5638,2003,0.0,83508.0,-0.050386,-0.039619999999999995,PAN,CHN,210390
253036,173,43,5638,2003,325527.0,161534.0,-0.48627,0.371354,PER,CHN,210390
253037,174,43,5638,2003,149217.0,1305378.0,-0.065022,-0.195144,PHL,CHN,210390
253038,176,43,5638,2003,0.0,371735.0,-1.7997330000000002,-1.2110049999999999,PNG,CHN,210390
253039,177,43,5638,2003,0.0,203111.0,0.966622,1.664838,POL,CHN,210390
253040,178,43,5638,2003,74830.0,85401.0,0.7060420000000001,0.7718,PRK,CHN,210390
253041,179,43,5638,2003,0.0,12613.0,0.471376,1.647303,PRT,CHN,210390
253042,180,43,5638,2003,0.0,4348.0,-0.607733,-0.8577879999999999,PRY,CHN,210390
253043,182,43,5638,2003,0.0,28046.0,-0.255707,-0.676557,PYF,CHN,210390
253044,185,43,5638,2003,0.0,5699.0,0.378379,1.0064620000000002,ROU,CHN,210390
253045,186,43,5638,2003,43491.0,2044853.0,1.072729,0.338355,RUS,CHN,210390
253046,187,43,5638,2003,0.0,6464.0,-0.99513,-0.852476,RWA,CHN,210390
253047,188,43,5638,2003,0.0,5633.0,0.202286,-0.714691,SAU,CHN,210390
253048,190,43,5638,2003,0.0,122646.0,-1.3535059999999999,-1.1701409999999999,SDN,CHN,210390
253049,191,43,5638,2003,0.0,5696.0,-0.25203600000000004,-0.25549299999999997,SEN,CHN,210390
253050,192,43,5638,2003,1575881.0,1427634.0,1.5080799999999999,0.720337,SGP,CHN,210390
253051,196,43,5638,2003,0.0,101386.0,0.129923,-0.19926300000000002,SLE,CHN,210390
253052,205,43,5638,2003,0.0,13919.0,-0.896925,-0.88623,SUR,CHN,210390
253053,206,43,5638,2003,0.0,4474.0,1.22565,0.915518,SVK,CHN,210390
253054,207,43,5638,2003,0.0,1162.0,1.6459840000000001,1.014191,SVN,CHN,210390
253055,208,43,5638,2003,50058.0,284625.0,2.099224,0.799982,SWE,CHN,210390
253056,211,43,5638,2003,0.0,1205.0,-0.44341099999999994,-0.742566,SYC,CHN,210390
253057,215,43,5638,2003,0.0,83404.0,-0.5058590000000001,-0.520586,TGO,CHN,210390
253058,216,43,5638,2003,652959.0,176623.0,0.43010699999999996,1.607408,THA,CHN,210390
253059,217,43,5638,2003,0.0,2270.0,-0.6187520000000001,-1.0438969999999999,TJK,CHN,210390
253060,221,43,5638,2003,0.0,767.0,-0.8467379999999999,-0.815816,TON,CHN,210390
253061,222,43,5638,2003,0.0,109421.0,-0.16738,-0.9820969999999999,TTO,CHN,210390
253062,224,43,5638,2003,0.0,29379.0,0.192802,1.9855060000000002,TUR,CHN,210390
253063,228,43,5638,2003,0.0,46222.0,0.8929389999999999,0.956685,UKR,CHN,210390
253064,230,43,5638,2003,0.0,18867.0,0.19792200000000001,0.243104,URY,CHN,210390
253065,231,43,5638,2003,1597239.0,10517593.0,1.7789220000000001,0.064028,USA,CHN,210390
253066,232,43,5638,2003,0.0,30655.0,-0.285978,-0.703334,UZB,CHN,210390
253067,236,43,5638,2003,0.0,18425.0,0.277805,-0.783697,VEN,CHN,210390
253068,239,43,5638,2003,23227.0,176141.0,-0.633985,0.659696,VNM,CHN,210390
253069,241,43,5638,2003,0.0,1767.0,0.200787,-0.775126,WLF,CHN,210390
253070,243,43,5638,2003,0.0,477818.0,-1.453584,-1.257815,YEM,CHN,210390
253071,246,43,5638,2003,0.0,87296.0,0.477987,2.255395,ZAF,CHN,210390
253072,249,43,5638,2003,6576364.0,2293683.0,1.5924040000000002,1.397843,TWN,CHN,210390
253073,0,49,5638,2003,0.0,6660.0,-0.13006600000000001,-0.783431,ABW,COL,210390
253074,6,49,5638,2003,0.0,4578.0,0.108903,-0.650137,ANT,COL,210390
253075,8,49,5638,2003,2908.0,0.0,0.302073,0.49069700000000005,ARG,COL,210390
253076,18,49,5638,2003,14679.0,0.0,1.361682,1.39536,BEL,COL,210390
253077,19,49,5638,2003,0.0,2155.0,-1.150888,-0.956203,BEN,COL,210390
253078,31,49,5638,2003,0.0,4956.0,-0.787995,-0.7228899999999999,BOL,COL,210390
253079,32,49,5638,2003,169298.0,0.0,0.660576,1.118876,BRA,COL,210390
253080,33,49,5638,2003,0.0,901.0,0.744166,0.074191,BRB,COL,210390
253081,39,49,5638,2003,17188.0,1116.0,0.9791540000000001,1.185081,CAN,COL,210390
253082,41,49,5638,2003,17680.0,1007.0,2.151037,0.711217,CHE,COL,210390
253083,42,49,5638,2003,0.0,4163.0,-0.06375900000000001,-0.156808,CHL,COL,210390
253084,43,49,5638,2003,1812.0,0.0,0.579431,2.773139,CHN,COL,210390
253085,52,49,5638,2003,0.0,2810.0,-0.193904,-0.5049680000000001,CRI,COL,210390
253086,54,49,5638,2003,0.0,166980.0,-0.391515,-0.8562120000000001,CUB,COL,210390
253087,61,49,5638,2003,4349.0,0.0,2.2821919999999998,-2.0985150000000004,DEU,COL,210390
253088,65,49,5638,2003,0.0,356451.0,-0.46264399999999994,-0.245034,DOM,COL,210390
253089,67,49,5638,2003,9376.0,968974.0,-0.8689370000000001,-0.889767,ECU,COL,210390
253090,71,49,5638,2003,51722.0,15118.0,0.960684,2.074792,ESP,COL,210390
253091,77,49,5638,2003,35512.0,0.0,1.606606,0.7394149999999999,FRA,COL,210390
253092,81,49,5638,2003,0.0,21482.0,1.8712540000000002,0.706205,GBR,COL,210390
253093,93,49,5638,2003,0.0,19153.0,-0.444162,0.145319,GTM,COL,210390
253094,97,49,5638,2003,21846.0,0.0,0.494569,2.147062,HKG,COL,210390
253095,111,49,5638,2003,24749.0,0.0,1.399734,1.044608,ITA,COL,210390
253096,114,49,5638,2003,0.0,13819.0,2.4686630000000003,0.48072600000000004,JPN,COL,210390
253097,122,49,5638,2003,0.0,13349.0,-0.7943640000000001,-1.1529770000000001,KWT,COL,210390
253098,125,49,5638,2003,0.0,1470.0,0.026117,-1.03888,LBR,COL,210390
253099,138,49,5638,2003,733984.0,0.0,0.862509,0.756684,MEX,COL,210390
253100,162,49,5638,2003,11076.0,1012.0,1.168453,1.7085709999999998,NLD,COL,210390
253101,169,49,5638,2003,18334.0,31961.0,-0.050386,-0.039619999999999995,PAN,COL,210390
253102,173,49,5638,2003,2155.0,298740.0,-0.48627,0.371354,PER,COL,210390
253103,188,49,5638,2003,0.0,199698.0,0.202286,-0.714691,SAU,COL,210390
253104,191,49,5638,2003,0.0,1357.0,-0.25203600000000004,-0.25549299999999997,SEN,COL,210390
253105,216,49,5638,2003,2006.0,0.0,0.43010699999999996,1.607408,THA,COL,210390
253106,222,49,5638,2003,0.0,4850.0,-0.16738,-0.9820969999999999,TTO,COL,210390
253107,231,49,5638,2003,904527.0,155584.0,1.7789220000000001,0.064028,USA,COL,210390
253108,236,49,5638,2003,2091312.0,2365049.0,0.277805,-0.783697,VEN,COL,210390
253109,250,49,5638,2003,25574.0,0.0,0.45951499999999995,-0.2312,ANS,COL,210390
253110,8,52,5638,2003,2739.0,0.0,0.302073,0.49069700000000005,ARG,CRI,210390
253111,15,52,5638,2003,5984.0,0.0,1.834977,0.408096,AUT,CRI,210390
253112,32,52,5638,2003,38546.0,54534.0,0.660576,1.118876,BRA,CRI,210390
253113,33,52,5638,2003,0.0,2565.0,0.744166,0.074191,BRB,CRI,210390
253114,39,52,5638,2003,3533.0,187598.0,0.9791540000000001,1.185081,CAN,CRI,210390
253115,41,52,5638,2003,911.0,0.0,2.151037,0.711217,CHE,CRI,210390
253116,42,52,5638,2003,3309.0,4356.0,-0.06375900000000001,-0.156808,CHL,CRI,210390
253117,43,52,5638,2003,56638.0,0.0,0.579431,2.773139,CHN,CRI,210390
253118,49,52,5638,2003,2810.0,0.0,0.218336,0.376869,COL,CRI,210390
253119,54,52,5638,2003,0.0,17073.0,-0.391515,-0.8562120000000001,CUB,CRI,210390
253120,57,52,5638,2003,0.0,1762.0,0.308768,-0.690944,CYM,CRI,210390
253121,59,52,5638,2003,0.0,10830.0,1.555749,0.8662059999999999,CZE,CRI,210390
253122,61,52,5638,2003,34548.0,0.0,2.2821919999999998,-2.0985150000000004,DEU,CRI,210390
253123,65,52,5638,2003,0.0,31358.0,-0.46264399999999994,-0.245034,DOM,CRI,210390
253124,71,52,5638,2003,69828.0,0.0,0.960684,2.074792,ESP,CRI,210390
253125,77,52,5638,2003,1779.0,34072.0,1.606606,0.7394149999999999,FRA,CRI,210390
253126,81,52,5638,2003,3629.0,10877.0,1.8712540000000002,0.706205,GBR,CRI,210390
253127,93,52,5638,2003,464711.0,2546928.0,-0.444162,0.145319,GTM,CRI,210390
253128,97,52,5638,2003,29615.0,0.0,0.494569,2.147062,HKG,CRI,210390
253129,99,52,5638,2003,2425.0,2547089.0,-0.733546,-0.568585,HND,CRI,210390
253130,101,52,5638,2003,0.0,256148.0,-1.3761290000000002,-1.006346,HTI,CRI,210390
253131,103,52,5638,2003,2050.0,0.0,-0.16802,1.7252990000000001,IDN,CRI,210390
253132,104,52,5638,2003,7252.0,0.0,0.33014099999999996,2.836003,IND,CRI,210390
253133,111,52,5638,2003,62759.0,0.0,1.399734,1.044608,ITA,CRI,210390
253134,112,52,5638,2003,0.0,22618.0,-0.6684140000000001,-0.915817,JAM,CRI,210390
253135,114,52,5638,2003,2137.0,0.0,2.4686630000000003,0.48072600000000004,JPN,CRI,210390
253136,122,52,5638,2003,0.0,28770.0,-0.7943640000000001,-1.1529770000000001,KWT,CRI,210390
253137,138,52,5638,2003,366486.0,24413.0,0.862509,0.756684,MEX,CRI,210390
253138,160,52,5638,2003,0.0,1411189.0,-0.8661459999999999,-0.8661690000000001,NIC,CRI,210390
253139,162,52,5638,2003,2074.0,0.0,1.168453,1.7085709999999998,NLD,CRI,210390
253140,169,52,5638,2003,438052.0,1031928.0,-0.050386,-0.039619999999999995,PAN,CRI,210390
253141,173,52,5638,2003,3992.0,0.0,-0.48627,0.371354,PER,CRI,210390
253142,188,52,5638,2003,0.0,56193.0,0.202286,-0.714691,SAU,CRI,210390
253143,197,52,5638,2003,351921.0,2556624.0,-0.251357,-0.189917,SLV,CRI,210390
253144,216,52,5638,2003,2833.0,0.0,0.43010699999999996,1.607408,THA,CRI,210390
253145,222,52,5638,2003,0.0,9382.0,-0.16738,-0.9820969999999999,TTO,CRI,210390
253146,224,52,5638,2003,22896.0,0.0,0.192802,1.9855060000000002,TUR,CRI,210390
253147,231,52,5638,2003,1010550.0,2110558.0,1.7789220000000001,0.064028,USA,CRI,210390
253148,236,52,5638,2003,1039614.0,0.0,0.277805,-0.783697,VEN,CRI,210390
253149,249,52,5638,2003,4126.0,0.0,1.5924040000000002,1.397843,TWN,CRI,210390
253150,250,52,5638,2003,1525.0,0.0,0.45951499999999995,-0.2312,ANS,CRI,210390
253151,8,54,5638,2003,10454.0,0.0,0.302073,0.49069700000000005,ARG,CUB,210390
253152,18,54,5638,2003,14046.0,0.0,1.361682,1.39536,BEL,CUB,210390
253153,32,54,5638,2003,16388.0,0.0,0.660576,1.118876,BRA,CUB,210390
253154,39,54,5638,2003,121535.0,0.0,0.9791540000000001,1.185081,CAN,CUB,210390
253155,42,54,5638,2003,30861.0,0.0,-0.06375900000000001,-0.156808,CHL,CUB,210390
253156,43,54,5638,2003,34594.0,0.0,0.579431,2.773139,CHN,CUB,210390
253157,49,54,5638,2003,166980.0,0.0,0.218336,0.376869,COL,CUB,210390
253158,52,54,5638,2003,17073.0,0.0,-0.193904,-0.5049680000000001,CRI,CUB,210390
253159,61,54,5638,2003,74125.0,0.0,2.2821919999999998,-2.0985150000000004,DEU,CUB,210390
253160,65,54,5638,2003,853935.0,0.0,-0.46264399999999994,-0.245034,DOM,CUB,210390
253161,71,54,5638,2003,2034350.0,0.0,0.960684,2.074792,ESP,CUB,210390
253162,81,54,5638,2003,12004.0,0.0,1.8712540000000002,0.706205,GBR,CUB,210390
253163,111,54,5638,2003,24606.0,0.0,1.399734,1.044608,ITA,CUB,210390
253164,112,54,5638,2003,4597.0,0.0,-0.6684140000000001,-0.915817,JAM,CUB,210390
253165,138,54,5638,2003,92489.0,0.0,0.862509,0.756684,MEX,CUB,210390
253166,162,54,5638,2003,65885.0,0.0,1.168453,1.7085709999999998,NLD,CUB,210390
253167,169,54,5638,2003,3677.0,0.0,-0.050386,-0.039619999999999995,PAN,CUB,210390
253168,216,54,5638,2003,4824.0,0.0,0.43010699999999996,1.607408,THA,CUB,210390
253169,231,54,5638,2003,227530.0,0.0,1.7789220000000001,0.064028,USA,CUB,210390
253170,250,54,5638,2003,1866.0,0.0,0.45951499999999995,-0.2312,ANS,CUB,210390
253171,1,61,5638,2003,0.0,33193.0,-0.421205,-0.602704,AFG,DEU,210390
253172,4,61,5638,2003,0.0,27354.0,-0.053595000000000004,0.166034,ALB,DEU,210390
253173,5,61,5638,2003,0.0,24704.0,1.0901319999999999,0.618693,AND,DEU,210390
253174,7,61,5638,2003,0.0,886154.0,0.049637,-0.502691,ARE,DEU,210390
253175,8,61,5638,2003,0.0,13071.0,0.302073,0.49069700000000005,ARG,DEU,210390
253176,14,61,5638,2003,132648.0,877796.0,0.316879,0.9409489999999999,AUS,DEU,210390
253177,15,61,5638,2003,11666132.0,19711796.0,1.834977,0.408096,AUT,DEU,210390
253178,16,61,5638,2003,0.0,2834.0,-0.304606,-0.975453,AZE,DEU,210390
253179,18,61,5638,2003,7862210.0,23831292.0,1.361682,1.39536,BEL,DEU,210390
253180,23,61,5638,2003,130315.0,411552.0,0.43308599999999997,1.7104099999999998,BGR,DEU,210390
253181,26,61,5638,2003,30159.0,170354.0,0.195667,0.347011,BIH,DEU,210390
253182,28,61,5638,2003,0.0,128631.0,0.847358,0.9307719999999999,BLR,DEU,210390
253183,31,61,5638,2003,0.0,1722.0,-0.787995,-0.7228899999999999,BOL,DEU,210390
253184,32,61,5638,2003,920162.0,826814.0,0.660576,1.118876,BRA,DEU,210390
253185,34,61,5638,2003,659.0,0.0,-1.342738,-0.978633,BRN,DEU,210390
253186,39,61,5638,2003,158470.0,903324.0,0.9791540000000001,1.185081,CAN,DEU,210390
253187,41,61,5638,2003,17686584.0,11452589.0,2.151037,0.711217,CHE,DEU,210390
253188,42,61,5638,2003,141646.0,68401.0,-0.06375900000000001,-0.156808,CHL,DEU,210390
253189,43,61,5638,2003,774057.0,409947.0,0.579431,2.773139,CHN,DEU,210390
253190,44,61,5638,2003,0.0,245748.0,-0.699928,-0.723739,CIV,DEU,210390
253191,45,61,5638,2003,0.0,4526.0,-1.254788,-1.10897,CMR,DEU,210390
253192,47,61,5638,2003,0.0,1010.0,-1.6789619999999998,-1.182557,COG,DEU,210390
253193,49,61,5638,2003,0.0,4349.0,0.218336,0.376869,COL,DEU,210390
253194,52,61,5638,2003,0.0,34548.0,-0.193904,-0.5049680000000001,CRI,DEU,210390
253195,54,61,5638,2003,0.0,74125.0,-0.391515,-0.8562120000000001,CUB,DEU,210390
253196,58,61,5638,2003,18916.0,503491.0,0.259992,0.068914,CYP,DEU,210390
253197,59,61,5638,2003,138622.0,4447564.0,1.555749,0.8662059999999999,CZE,DEU,210390
253198,64,61,5638,2003,4693636.0,12892593.0,1.309564,1.245596,DNK,DEU,210390
253199,65,61,5638,2003,0.0,75816.0,-0.46264399999999994,-0.245034,DOM,DEU,210390
253200,66,61,5638,2003,0.0,16152.0,-1.060727,-1.142594,DZA,DEU,210390
253201,67,61,5638,2003,0.0,10170.0,-0.8689370000000001,-0.889767,ECU,DEU,210390
253202,68,61,5638,2003,0.0,86947.0,-0.292923,0.465433,EGY,DEU,210390
253203,71,61,5638,2003,1025034.0,9672256.0,0.960684,2.074792,ESP,DEU,210390
253204,72,61,5638,2003,8333.0,407338.0,0.5913010000000001,0.8489979999999999,EST,DEU,210390
253205,73,61,5638,2003,62290.0,19981.0,-1.1145559999999999,-0.9599620000000001,ETH,DEU,210390
253206,74,61,5638,2003,97863.0,4729476.0,2.077889,0.942501,FIN,DEU,210390
253207,77,61,5638,2003,8463187.0,22586560.0,1.606606,0.7394149999999999,FRA,DEU,210390
253208,78,61,5638,2003,0.0,6228.0,-0.46422299999999994,-0.8072050000000001,FRO,DEU,210390
253209,80,61,5638,2003,0.0,45873.0,-0.92745,-1.138466,GAB,DEU,210390
253210,81,61,5638,2003,6042147.0,25514086.0,1.8712540000000002,0.706205,GBR,DEU,210390
253211,82,61,5638,2003,0.0,40571.0,0.595485,-0.25939,GEO,DEU,210390
253212,83,61,5638,2003,1530.0,1753.0,-1.074188,-0.7127319999999999,GHA,DEU,210390
253213,87,61,5638,2003,0.0,3962.0,-0.230541,-0.275663,GMB,DEU,210390
253214,90,61,5638,2003,428933.0,2991719.0,0.364688,1.4823959999999998,GRC,DEU,210390
253215,92,61,5638,2003,0.0,3476.0,-0.764655,-0.8684200000000001,GRL,DEU,210390
253216,93,61,5638,2003,0.0,40681.0,-0.444162,0.145319,GTM,DEU,210390
253217,97,61,5638,2003,757769.0,72561.0,0.494569,2.147062,HKG,DEU,210390
253218,99,61,5638,2003,0.0,19719.0,-0.733546,-0.568585,HND,DEU,210390
253219,100,61,5638,2003,3768080.0,838851.0,0.568394,1.230759,HRV,DEU,210390
253220,101,61,5638,2003,0.0,5017.0,-1.3761290000000002,-1.006346,HTI,DEU,210390
253221,102,61,5638,2003,2533016.0,1084792.0,1.2003270000000001,1.091407,HUN,DEU,210390
253222,103,61,5638,2003,10411.0,51574.0,-0.16802,1.7252990000000001,IDN,DEU,210390
253223,104,61,5638,2003,168628.0,13615.0,0.33014099999999996,2.836003,IND,DEU,210390
253224,106,61,5638,2003,406326.0,2555263.0,1.6396130000000002,0.220599,IRL,DEU,210390
253225,107,61,5638,2003,11931.0,18450.0,-0.552146,-0.8668520000000001,IRN,DEU,210390
253226,109,61,5638,2003,0.0,150445.0,0.21902800000000003,-0.40818499999999996,ISL,DEU,210390
253227,110,61,5638,2003,9952.0,45350.0,1.157809,0.682195,ISR,DEU,210390
253228,111,61,5638,2003,40412964.0,11438578.0,1.399734,1.044608,ITA,DEU,210390
253229,113,61,5638,2003,0.0,151242.0,0.12295,0.377031,JOR,DEU,210390
253230,114,61,5638,2003,1140338.0,1007051.0,2.4686630000000003,0.48072600000000004,JPN,DEU,210390
253231,115,61,5638,2003,0.0,197766.0,-0.156326,-0.62092,KAZ,DEU,210390
253232,116,61,5638,2003,0.0,23853.0,-0.3531,0.582992,KEN,DEU,210390
253233,121,61,5638,2003,197506.0,1209351.0,1.2611709999999998,0.956308,KOR,DEU,210390
253234,122,61,5638,2003,0.0,170324.0,-0.7943640000000001,-1.1529770000000001,KWT,DEU,210390
253235,124,61,5638,2003,8107.0,132376.0,0.261687,1.053856,LBN,DEU,210390
253236,126,61,5638,2003,0.0,1004.0,-0.36075999999999997,-1.110575,LBY,DEU,210390
253237,128,61,5638,2003,18325.0,6094.0,-0.618057,0.101931,LKA,DEU,210390
253238,130,61,5638,2003,90562.0,2903837.0,0.239608,0.517299,LTU,DEU,210390
253239,131,61,5638,2003,22815.0,1774534.0,1.444996,1.063764,LUX,DEU,210390
253240,132,61,5638,2003,5722.0,1298180.0,0.520772,0.5631689999999999,LVA,DEU,210390
253241,134,61,5638,2003,0.0,250120.0,-0.6842050000000001,-0.217892,MAR,DEU,210390
253242,135,61,5638,2003,9379.0,42146.0,-0.005154,-0.26107199999999997,MDA,DEU,210390
253243,136,61,5638,2003,0.0,1544.0,-1.254758,-0.622696,MDG,DEU,210390
253244,137,61,5638,2003,0.0,2320.0,-1.201352,-1.031892,MDV,DEU,210390
253245,138,61,5638,2003,79412.0,11821.0,0.862509,0.756684,MEX,DEU,210390
253246,140,61,5638,2003,175984.0,61066.0,-0.017632,0.225394,MKD,DEU,210390
253247,142,61,5638,2003,0.0,135485.0,1.2138149999999999,-0.015687,MLT,DEU,210390
253248,145,61,5638,2003,0.0,24228.0,-0.9747620000000001,-1.026308,MNG,DEU,210390
253249,151,61,5638,2003,0.0,11626.0,-0.361514,-0.29839899999999997,MUS,DEU,210390
253250,153,61,5638,2003,186605.0,72335.0,0.728804,0.2168,MYS,DEU,210390
253251,155,61,5638,2003,0.0,7486.0,-0.24004499999999998,-0.39565900000000004,NAM,DEU,210390
253252,156,61,5638,2003,0.0,125274.0,-0.344934,-0.776632,NCL,DEU,210390
253253,159,61,5638,2003,0.0,14774.0,-1.859176,-1.234236,NGA,DEU,210390
253254,160,61,5638,2003,0.0,1395.0,-0.8661459999999999,-0.8661690000000001,NIC,DEU,210390
253255,162,61,5638,2003,42283424.0,21078874.0,1.168453,1.7085709999999998,NLD,DEU,210390
253256,163,61,5638,2003,49905.0,1694350.0,1.1500620000000001,0.258554,NOR,DEU,210390
253257,166,61,5638,2003,34168.0,27212.0,0.589619,0.997301,NZL,DEU,210390
253258,168,61,5638,2003,6980.0,50383.0,-0.6659689999999999,0.137924,PAK,DEU,210390
253259,169,61,5638,2003,0.0,44706.0,-0.050386,-0.039619999999999995,PAN,DEU,210390
253260,173,61,5638,2003,0.0,29450.0,-0.48627,0.371354,PER,DEU,210390
253261,174,61,5638,2003,18749.0,147921.0,-0.065022,-0.195144,PHL,DEU,210390
253262,176,61,5638,2003,0.0,1643.0,-1.7997330000000002,-1.2110049999999999,PNG,DEU,210390
253263,177,61,5638,2003,783664.0,7037404.0,0.966622,1.664838,POL,DEU,210390
253264,179,61,5638,2003,11131.0,2594113.0,0.471376,1.647303,PRT,DEU,210390
253265,180,61,5638,2003,0.0,5024.0,-0.607733,-0.8577879999999999,PRY,DEU,210390
253266,182,61,5638,2003,0.0,12030.0,-0.255707,-0.676557,PYF,DEU,210390
253267,183,61,5638,2003,0.0,59684.0,-0.209042,-1.0565799999999999,QAT,DEU,210390
253268,185,61,5638,2003,2627.0,1546437.0,0.378379,1.0064620000000002,ROU,DEU,210390
253269,186,61,5638,2003,76267.0,12066218.0,1.072729,0.338355,RUS,DEU,210390
253270,187,61,5638,2003,0.0,1737.0,-0.99513,-0.852476,RWA,DEU,210390
253271,188,61,5638,2003,0.0,90129.0,0.202286,-0.714691,SAU,DEU,210390
253272,189,61,5638,2003,171880.0,117763.0,0.575326,1.627894,SCG,DEU,210390
253273,190,61,5638,2003,0.0,1667.0,-1.3535059999999999,-1.1701409999999999,SDN,DEU,210390
253274,192,61,5638,2003,30580.0,194784.0,1.5080799999999999,0.720337,SGP,DEU,210390
253275,196,61,5638,2003,0.0,9109.0,0.129923,-0.19926300000000002,SLE,DEU,210390
253276,197,61,5638,2003,0.0,903.0,-0.251357,-0.189917,SLV,DEU,210390
253277,203,61,5638,2003,0.0,9907.0,1.046084,-0.183027,STP,DEU,210390
253278,206,61,5638,2003,0.0,486903.0,1.22565,0.915518,SVK,DEU,210390
253279,207,61,5638,2003,22664.0,415379.0,1.6459840000000001,1.014191,SVN,DEU,210390
253280,208,61,5638,2003,1293243.0,5676094.0,2.099224,0.799982,SWE,DEU,210390
253281,209,61,5638,2003,6693.0,1698.0,0.399541,-0.23342600000000002,SWZ,DEU,210390
253282,212,61,5638,2003,0.0,176479.0,-0.868749,-0.326322,SYR,DEU,210390
253283,216,61,5638,2003,3374221.0,160598.0,0.43010699999999996,1.607408,THA,DEU,210390
253284,222,61,5638,2003,0.0,1812.0,-0.16738,-0.9820969999999999,TTO,DEU,210390
253285,223,61,5638,2003,189854.0,97443.0,-0.14845999999999998,0.255092,TUN,DEU,210390
253286,224,61,5638,2003,700218.0,1172538.0,0.192802,1.9855060000000002,TUR,DEU,210390
253287,227,61,5638,2003,0.0,2601.0,-0.895193,-0.712039,UGA,DEU,210390
253288,228,61,5638,2003,29683.0,2099928.0,0.8929389999999999,0.956685,UKR,DEU,210390
253289,230,61,5638,2003,0.0,22587.0,0.19792200000000001,0.243104,URY,DEU,210390
253290,231,61,5638,2003,2059714.0,1293489.0,1.7789220000000001,0.064028,USA,DEU,210390
253291,232,61,5638,2003,0.0,5045.0,-0.285978,-0.703334,UZB,DEU,210390
253292,236,61,5638,2003,0.0,14436.0,0.277805,-0.783697,VEN,DEU,210390
253293,239,61,5638,2003,130207.0,27987.0,-0.633985,0.659696,VNM,DEU,210390
253294,246,61,5638,2003,51870.0,286748.0,0.477987,2.255395,ZAF,DEU,210390
253295,249,61,5638,2003,39203.0,91343.0,1.5924040000000002,1.397843,TWN,DEU,210390
253296,250,61,5638,2003,0.0,22343.0,0.45951499999999995,-0.2312,ANS,DEU,210390
253297,7,64,5638,2003,18778.0,2952.0,0.049637,-0.502691,ARE,DNK,210390
253298,14,64,5638,2003,176019.0,11155.0,0.316879,0.9409489999999999,AUS,DNK,210390
253299,15,64,5638,2003,99957.0,103077.0,1.834977,0.408096,AUT,DNK,210390
253300,18,64,5638,2003,521744.0,18939.0,1.361682,1.39536,BEL,DNK,210390
253301,24,64,5638,2003,0.0,19115.0,-0.10968800000000001,-1.041032,BHR,DNK,210390
253302,39,64,5638,2003,155413.0,28210.0,0.9791540000000001,1.185081,CAN,DNK,210390
253303,41,64,5638,2003,254780.0,397724.0,2.151037,0.711217,CHE,DNK,210390
253304,43,64,5638,2003,63244.0,2265.0,0.579431,2.773139,CHN,DNK,210390
253305,58,64,5638,2003,0.0,1814.0,0.259992,0.068914,CYP,DNK,210390
253306,59,64,5638,2003,854332.0,51772.0,1.555749,0.8662059999999999,CZE,DNK,210390
253307,61,64,5638,2003,12892593.0,4693636.0,2.2821919999999998,-2.0985150000000004,DEU,DNK,210390
253308,71,64,5638,2003,54802.0,593307.0,0.960684,2.074792,ESP,DNK,210390
253309,72,64,5638,2003,0.0,1130.0,0.5913010000000001,0.8489979999999999,EST,DNK,210390
253310,73,64,5638,2003,0.0,23720.0,-1.1145559999999999,-0.9599620000000001,ETH,DNK,210390
253311,74,64,5638,2003,52960.0,603656.0,2.077889,0.942501,FIN,DNK,210390
253312,77,64,5638,2003,757389.0,74508.0,1.606606,0.7394149999999999,FRA,DNK,210390
253313,78,64,5638,2003,0.0,949818.0,-0.46422299999999994,-0.8072050000000001,FRO,DNK,210390
253314,81,64,5638,2003,2247003.0,926450.0,1.8712540000000002,0.706205,GBR,DNK,210390
253315,82,64,5638,2003,0.0,615.0,0.595485,-0.25939,GEO,DNK,210390
253316,87,64,5638,2003,0.0,15572.0,-0.230541,-0.275663,GMB,DNK,210390
253317,89,64,5638,2003,0.0,2245.0,-2.4406529999999997,-0.821155,GNQ,DNK,210390
253318,90,64,5638,2003,157427.0,52334.0,0.364688,1.4823959999999998,GRC,DNK,210390
253319,92,64,5638,2003,0.0,897285.0,-0.764655,-0.8684200000000001,GRL,DNK,210390
253320,97,64,5638,2003,42441.0,0.0,0.494569,2.147062,HKG,DNK,210390
253321,100,64,5638,2003,0.0,257468.0,0.568394,1.230759,HRV,DNK,210390
253322,102,64,5638,2003,1166.0,42544.0,1.2003270000000001,1.091407,HUN,DNK,210390
253323,104,64,5638,2003,2899.0,0.0,0.33014099999999996,2.836003,IND,DNK,210390
253324,106,64,5638,2003,7085.0,78209.0,1.6396130000000002,0.220599,IRL,DNK,210390
253325,108,64,5638,2003,0.0,14444.0,-0.398557,-0.774153,IRQ,DNK,210390
253326,109,64,5638,2003,0.0,1072412.0,0.21902800000000003,-0.40818499999999996,ISL,DNK,210390
253327,110,64,5638,2003,3263.0,0.0,1.157809,0.682195,ISR,DNK,210390
253328,111,64,5638,2003,2408539.0,24999.0,1.399734,1.044608,ITA,DNK,210390
253329,113,64,5638,2003,0.0,11651.0,0.12295,0.377031,JOR,DNK,210390
253330,114,64,5638,2003,27141.0,3575.0,2.4686630000000003,0.48072600000000004,JPN,DNK,210390
253331,115,64,5638,2003,0.0,8983.0,-0.156326,-0.62092,KAZ,DNK,210390
253332,117,64,5638,2003,0.0,1060.0,0.25359699999999996,0.24101199999999998,KGZ,DNK,210390
253333,122,64,5638,2003,0.0,113796.0,-0.7943640000000001,-1.1529770000000001,KWT,DNK,210390
253334,124,64,5638,2003,20959.0,0.0,0.261687,1.053856,LBN,DNK,210390
253335,128,64,5638,2003,3572.0,0.0,-0.618057,0.101931,LKA,DNK,210390
253336,130,64,5638,2003,0.0,7249.0,0.239608,0.517299,LTU,DNK,210390
253337,131,64,5638,2003,2673.0,1511.0,1.444996,1.063764,LUX,DNK,210390
253338,132,64,5638,2003,0.0,3259.0,0.520772,0.5631689999999999,LVA,DNK,210390
253339,138,64,5638,2003,6938.0,0.0,0.862509,0.756684,MEX,DNK,210390
253340,142,64,5638,2003,0.0,3328.0,1.2138149999999999,-0.015687,MLT,DNK,210390
253341,153,64,5638,2003,134823.0,5591.0,0.728804,0.2168,MYS,DNK,210390
253342,162,64,5638,2003,9653222.0,144943.0,1.168453,1.7085709999999998,NLD,DNK,210390
253343,163,64,5638,2003,809629.0,3687842.0,1.1500620000000001,0.258554,NOR,DNK,210390
253344,166,64,5638,2003,51264.0,0.0,0.589619,0.997301,NZL,DNK,210390
253345,167,64,5638,2003,0.0,3413.0,-1.434873,-1.188123,OMN,DNK,210390
253346,169,64,5638,2003,0.0,6319.0,-0.050386,-0.039619999999999995,PAN,DNK,210390
253347,174,64,5638,2003,8349.0,0.0,-0.065022,-0.195144,PHL,DNK,210390
253348,177,64,5638,2003,0.0,424385.0,0.966622,1.664838,POL,DNK,210390
253349,179,64,5638,2003,2684.0,21042.0,0.471376,1.647303,PRT,DNK,210390
253350,183,64,5638,2003,0.0,5531.0,-0.209042,-1.0565799999999999,QAT,DNK,210390
253351,186,64,5638,2003,0.0,247711.0,1.072729,0.338355,RUS,DNK,210390
253352,188,64,5638,2003,4977.0,41411.0,0.202286,-0.714691,SAU,DNK,210390
253353,192,64,5638,2003,12959.0,4255.0,1.5080799999999999,0.720337,SGP,DNK,210390
253354,208,64,5638,2003,8384534.0,18208414.0,2.099224,0.799982,SWE,DNK,210390
253355,212,64,5638,2003,8800.0,0.0,-0.868749,-0.326322,SYR,DNK,210390
253356,216,64,5638,2003,473410.0,1398.0,0.43010699999999996,1.607408,THA,DNK,210390
253357,224,64,5638,2003,106767.0,8714.0,0.192802,1.9855060000000002,TUR,DNK,210390
253358,228,64,5638,2003,0.0,53812.0,0.8929389999999999,0.956685,UKR,DNK,210390
253359,231,64,5638,2003,349491.0,36356.0,1.7789220000000001,0.064028,USA,DNK,210390
253360,232,64,5638,2003,0.0,2599.0,-0.285978,-0.703334,UZB,DNK,210390
253361,236,64,5638,2003,0.0,9053.0,0.277805,-0.783697,VEN,DNK,210390
253362,239,64,5638,2003,1759.0,0.0,-0.633985,0.659696,VNM,DNK,210390
253363,243,64,5638,2003,0.0,2719.0,-1.453584,-1.257815,YEM,DNK,210390
253364,246,64,5638,2003,32876.0,72877.0,0.477987,2.255395,ZAF,DNK,210390
253365,249,64,5638,2003,3988.0,23973.0,1.5924040000000002,1.397843,TWN,DNK,210390
253366,250,64,5638,2003,106637.0,0.0,0.45951499999999995,-0.2312,ANS,DNK,210390
253367,0,65,5638,2003,0.0,10891.0,-0.13006600000000001,-0.783431,ABW,DOM,210390
253368,6,65,5638,2003,0.0,27861.0,0.108903,-0.650137,ANT,DOM,210390
253369,8,65,5638,2003,905.0,0.0,0.302073,0.49069700000000005,ARG,DOM,210390
253370,18,65,5638,2003,5245.0,0.0,1.361682,1.39536,BEL,DOM,210390
253371,32,65,5638,2003,114530.0,0.0,0.660576,1.118876,BRA,DOM,210390
253372,33,65,5638,2003,0.0,12380.0,0.744166,0.074191,BRB,DOM,210390
253373,39,65,5638,2003,1431.0,8728.0,0.9791540000000001,1.185081,CAN,DOM,210390
253374,41,65,5638,2003,0.0,4111.0,2.151037,0.711217,CHE,DOM,210390
253375,43,65,5638,2003,54165.0,0.0,0.579431,2.773139,CHN,DOM,210390
253376,49,65,5638,2003,356451.0,0.0,0.218336,0.376869,COL,DOM,210390
253377,52,65,5638,2003,31358.0,0.0,-0.193904,-0.5049680000000001,CRI,DOM,210390
253378,54,65,5638,2003,0.0,853935.0,-0.391515,-0.8562120000000001,CUB,DOM,210390
253379,61,65,5638,2003,75816.0,0.0,2.2821919999999998,-2.0985150000000004,DEU,DOM,210390
253380,71,65,5638,2003,117394.0,4021.0,0.960684,2.074792,ESP,DOM,210390
253381,77,65,5638,2003,11539.0,0.0,1.606606,0.7394149999999999,FRA,DOM,210390
253382,81,65,5638,2003,970.0,0.0,1.8712540000000002,0.706205,GBR,DOM,210390
253383,93,65,5638,2003,21354.0,0.0,-0.444162,0.145319,GTM,DOM,210390
253384,97,65,5638,2003,12596.0,0.0,0.494569,2.147062,HKG,DOM,210390
253385,101,65,5638,2003,0.0,2052668.0,-1.3761290000000002,-1.006346,HTI,DOM,210390
253386,103,65,5638,2003,884.0,0.0,-0.16802,1.7252990000000001,IDN,DOM,210390
253387,111,65,5638,2003,6292.0,1841.0,1.399734,1.044608,ITA,DOM,210390
253388,112,65,5638,2003,0.0,31702.0,-0.6684140000000001,-0.915817,JAM,DOM,210390
253389,127,65,5638,2003,0.0,8159.0,0.318385,-0.342679,LCA,DOM,210390
253390,138,65,5638,2003,681391.0,0.0,0.862509,0.756684,MEX,DOM,210390
253391,169,65,5638,2003,7766.0,0.0,-0.050386,-0.039619999999999995,PAN,DOM,210390
253392,213,65,5638,2003,0.0,1137.0,0.306975,-0.288514,TCA,DOM,210390
253393,222,65,5638,2003,0.0,26130.0,-0.16738,-0.9820969999999999,TTO,DOM,210390
253394,231,65,5638,2003,2354678.0,1223818.0,1.7789220000000001,0.064028,USA,DOM,210390
253395,236,65,5638,2003,31304.0,0.0,0.277805,-0.783697,VEN,DOM,210390
253396,246,65,5638,2003,4227.0,0.0,0.477987,2.255395,ZAF,DOM,210390
253397,15,67,5638,2003,47288.0,0.0,1.834977,0.408096,AUT,ECU,210390
253398,32,67,5638,2003,71458.0,0.0,0.660576,1.118876,BRA,ECU,210390
253399,42,67,5638,2003,80554.0,0.0,-0.06375900000000001,-0.156808,CHL,ECU,210390
253400,43,67,5638,2003,7752.0,0.0,0.579431,2.773139,CHN,ECU,210390
253401,49,67,5638,2003,968974.0,9376.0,0.218336,0.376869,COL,ECU,210390
253402,61,67,5638,2003,10170.0,0.0,2.2821919999999998,-2.0985150000000004,DEU,ECU,210390
253403,71,67,5638,2003,5633.0,123884.0,0.960684,2.074792,ESP,ECU,210390
253404,81,67,5638,2003,13701.0,0.0,1.8712540000000002,0.706205,GBR,ECU,210390
253405,97,67,5638,2003,5315.0,0.0,0.494569,2.147062,HKG,ECU,210390
253406,111,67,5638,2003,19939.0,887.0,1.399734,1.044608,ITA,ECU,210390
253407,112,67,5638,2003,0.0,2486.0,-0.6684140000000001,-0.915817,JAM,ECU,210390
253408,121,67,5638,2003,1155.0,0.0,1.2611709999999998,0.956308,KOR,ECU,210390
253409,138,67,5638,2003,197692.0,8467.0,0.862509,0.756684,MEX,ECU,210390
253410,162,67,5638,2003,0.0,2902.0,1.168453,1.7085709999999998,NLD,ECU,210390
253411,169,67,5638,2003,22526.0,186014.0,-0.050386,-0.039619999999999995,PAN,ECU,210390
253412,173,67,5638,2003,165589.0,19575.0,-0.48627,0.371354,PER,ECU,210390
253413,231,67,5638,2003,988241.0,111372.0,1.7789220000000001,0.064028,USA,ECU,210390
253414,236,67,5638,2003,165046.0,3361.0,0.277805,-0.783697,VEN,ECU,210390
253415,2,71,5638,2003,0.0,1790.0,-1.8762919999999998,-1.176541,AGO,ESP,210390
253416,5,71,5638,2003,1073.0,676961.0,1.0901319999999999,0.618693,AND,ESP,210390
253417,6,71,5638,2003,0.0,3740.0,0.108903,-0.650137,ANT,ESP,210390
253418,7,71,5638,2003,0.0,633305.0,0.049637,-0.502691,ARE,ESP,210390
253419,8,71,5638,2003,3871.0,9088.0,0.302073,0.49069700000000005,ARG,ESP,210390
253420,14,71,5638,2003,0.0,55380.0,0.316879,0.9409489999999999,AUS,ESP,210390
253421,15,71,5638,2003,23109.0,0.0,1.834977,0.408096,AUT,ESP,210390
253422,18,71,5638,2003,4597506.0,3061449.0,1.361682,1.39536,BEL,ESP,210390
253423,19,71,5638,2003,0.0,1166.0,-1.150888,-0.956203,BEN,ESP,210390
253424,21,71,5638,2003,0.0,31925.0,-0.9365690000000001,-0.9699409999999999,BFA,ESP,210390
253425,22,71,5638,2003,0.0,1003.0,-1.168404,-1.035782,BGD,ESP,210390
253426,23,71,5638,2003,0.0,53559.0,0.43308599999999997,1.7104099999999998,BGR,ESP,210390
253427,24,71,5638,2003,0.0,29373.0,-0.10968800000000001,-1.041032,BHR,ESP,210390
253428,26,71,5638,2003,0.0,106813.0,0.195667,0.347011,BIH,ESP,210390
253429,28,71,5638,2003,0.0,1218.0,0.847358,0.9307719999999999,BLR,ESP,210390
253430,31,71,5638,2003,0.0,6319.0,-0.787995,-0.7228899999999999,BOL,ESP,210390
253431,32,71,5638,2003,3757.0,56484.0,0.660576,1.118876,BRA,ESP,210390
253432,39,71,5638,2003,19902.0,50596.0,0.9791540000000001,1.185081,CAN,ESP,210390
253433,41,71,5638,2003,669558.0,1031885.0,2.151037,0.711217,CHE,ESP,210390
253434,42,71,5638,2003,1258.0,27513.0,-0.06375900000000001,-0.156808,CHL,ESP,210390
253435,43,71,5638,2003,128821.0,110500.0,0.579431,2.773139,CHN,ESP,210390
253436,44,71,5638,2003,0.0,15532.0,-0.699928,-0.723739,CIV,ESP,210390
253437,47,71,5638,2003,0.0,1847.0,-1.6789619999999998,-1.182557,COG,ESP,210390
253438,49,71,5638,2003,15118.0,51722.0,0.218336,0.376869,COL,ESP,210390
253439,51,71,5638,2003,0.0,2289.0,0.070649,-0.541279,CPV,ESP,210390
253440,52,71,5638,2003,0.0,69828.0,-0.193904,-0.5049680000000001,CRI,ESP,210390
253441,54,71,5638,2003,0.0,2034350.0,-0.391515,-0.8562120000000001,CUB,ESP,210390
253442,58,71,5638,2003,0.0,264651.0,0.259992,0.068914,CYP,ESP,210390
253443,59,71,5638,2003,223347.0,55770.0,1.555749,0.8662059999999999,CZE,ESP,210390
253444,61,71,5638,2003,9672256.0,1025034.0,2.2821919999999998,-2.0985150000000004,DEU,ESP,210390
253445,64,71,5638,2003,593307.0,54802.0,1.309564,1.245596,DNK,ESP,210390
253446,65,71,5638,2003,4021.0,117394.0,-0.46264399999999994,-0.245034,DOM,ESP,210390
253447,66,71,5638,2003,0.0,879110.0,-1.060727,-1.142594,DZA,ESP,210390
253448,67,71,5638,2003,123884.0,5633.0,-0.8689370000000001,-0.889767,ECU,ESP,210390
253449,68,71,5638,2003,0.0,120726.0,-0.292923,0.465433,EGY,ESP,210390
253450,72,71,5638,2003,0.0,11734.0,0.5913010000000001,0.8489979999999999,EST,ESP,210390
253451,74,71,5638,2003,0.0,113423.0,2.077889,0.942501,FIN,ESP,210390
253452,77,71,5638,2003,5443684.0,2897413.0,1.606606,0.7394149999999999,FRA,ESP,210390
253453,80,71,5638,2003,0.0,33517.0,-0.92745,-1.138466,GAB,ESP,210390
253454,81,71,5638,2003,10179900.0,4697650.0,1.8712540000000002,0.706205,GBR,ESP,210390
253455,83,71,5638,2003,0.0,68128.0,-1.074188,-0.7127319999999999,GHA,ESP,210390
253456,84,71,5638,2003,0.0,160204.0,1.133606,-0.176782,GIB,ESP,210390
253457,87,71,5638,2003,0.0,211251.0,-0.230541,-0.275663,GMB,ESP,210390
253458,89,71,5638,2003,0.0,30253.0,-2.4406529999999997,-0.821155,GNQ,ESP,210390
253459,90,71,5638,2003,188373.0,2112752.0,0.364688,1.4823959999999998,GRC,ESP,210390
253460,93,71,5638,2003,0.0,5120.0,-0.444162,0.145319,GTM,ESP,210390
253461,97,71,5638,2003,197686.0,3194.0,0.494569,2.147062,HKG,ESP,210390
253462,99,71,5638,2003,0.0,56842.0,-0.733546,-0.568585,HND,ESP,210390
253463,100,71,5638,2003,0.0,4311.0,0.568394,1.230759,HRV,ESP,210390
253464,102,71,5638,2003,0.0,23816.0,1.2003270000000001,1.091407,HUN,ESP,210390
253465,103,71,5638,2003,0.0,2236.0,-0.16802,1.7252990000000001,IDN,ESP,210390
253466,104,71,5638,2003,0.0,2533.0,0.33014099999999996,2.836003,IND,ESP,210390
253467,106,71,5638,2003,133088.0,28810.0,1.6396130000000002,0.220599,IRL,ESP,210390
253468,109,71,5638,2003,124565.0,2219.0,0.21902800000000003,-0.40818499999999996,ISL,ESP,210390
253469,110,71,5638,2003,0.0,498783.0,1.157809,0.682195,ISR,ESP,210390
253470,111,71,5638,2003,5161078.0,27016624.0,1.399734,1.044608,ITA,ESP,210390
253471,113,71,5638,2003,0.0,61807.0,0.12295,0.377031,JOR,ESP,210390
253472,114,71,5638,2003,243208.0,29871.0,2.4686630000000003,0.48072600000000004,JPN,ESP,210390
253473,115,71,5638,2003,0.0,15687.0,-0.156326,-0.62092,KAZ,ESP,210390
253474,121,71,5638,2003,29170.0,16430.0,1.2611709999999998,0.956308,KOR,ESP,210390
253475,122,71,5638,2003,0.0,649811.0,-0.7943640000000001,-1.1529770000000001,KWT,ESP,210390
253476,124,71,5638,2003,3551.0,459628.0,0.261687,1.053856,LBN,ESP,210390
253477,125,71,5638,2003,0.0,4477.0,0.026117,-1.03888,LBR,ESP,210390
253478,126,71,5638,2003,0.0,15965.0,-0.36075999999999997,-1.110575,LBY,ESP,210390
253479,130,71,5638,2003,0.0,2009.0,0.239608,0.517299,LTU,ESP,210390
253480,131,71,5638,2003,0.0,1919.0,1.444996,1.063764,LUX,ESP,210390
253481,132,71,5638,2003,0.0,8938.0,0.520772,0.5631689999999999,LVA,ESP,210390
253482,134,71,5638,2003,47764.0,55167.0,-0.6842050000000001,-0.217892,MAR,ESP,210390
253483,135,71,5638,2003,0.0,2011.0,-0.005154,-0.26107199999999997,MDA,ESP,210390
253484,136,71,5638,2003,0.0,6078.0,-1.254758,-0.622696,MDG,ESP,210390
253485,138,71,5638,2003,195007.0,832693.0,0.862509,0.756684,MEX,ESP,210390
253486,140,71,5638,2003,0.0,2649.0,-0.017632,0.225394,MKD,ESP,210390
253487,142,71,5638,2003,0.0,222334.0,1.2138149999999999,-0.015687,MLT,ESP,210390
253488,147,71,5638,2003,0.0,1401.0,-1.188243,-1.123693,MOZ,ESP,210390
253489,148,71,5638,2003,0.0,4121.0,-1.069232,-1.184061,MRT,ESP,210390
253490,151,71,5638,2003,0.0,1185.0,-0.361514,-0.29839899999999997,MUS,ESP,210390
253491,153,71,5638,2003,10796.0,4880.0,0.728804,0.2168,MYS,ESP,210390
253492,156,71,5638,2003,0.0,3977.0,-0.344934,-0.776632,NCL,ESP,210390
253493,159,71,5638,2003,0.0,123490.0,-1.859176,-1.234236,NGA,ESP,210390
253494,162,71,5638,2003,5253624.0,2081743.0,1.168453,1.7085709999999998,NLD,ESP,210390
253495,163,71,5638,2003,69518.0,944276.0,1.1500620000000001,0.258554,NOR,ESP,210390
253496,166,71,5638,2003,0.0,6647.0,0.589619,0.997301,NZL,ESP,210390
253497,167,71,5638,2003,0.0,20767.0,-1.434873,-1.188123,OMN,ESP,210390
253498,168,71,5638,2003,0.0,2165.0,-0.6659689999999999,0.137924,PAK,ESP,210390
253499,169,71,5638,2003,0.0,17725.0,-0.050386,-0.039619999999999995,PAN,ESP,210390
253500,173,71,5638,2003,23902.0,42143.0,-0.48627,0.371354,PER,ESP,210390
253501,174,71,5638,2003,3144.0,29457.0,-0.065022,-0.195144,PHL,ESP,210390
253502,177,71,5638,2003,0.0,39331.0,0.966622,1.664838,POL,ESP,210390
253503,179,71,5638,2003,31330.0,7256470.0,0.471376,1.647303,PRT,ESP,210390
253504,180,71,5638,2003,0.0,982.0,-0.607733,-0.8577879999999999,PRY,ESP,210390
253505,182,71,5638,2003,0.0,5128.0,-0.255707,-0.676557,PYF,ESP,210390
253506,183,71,5638,2003,0.0,130092.0,-0.209042,-1.0565799999999999,QAT,ESP,210390
253507,185,71,5638,2003,0.0,502132.0,0.378379,1.0064620000000002,ROU,ESP,210390
253508,186,71,5638,2003,5303.0,553437.0,1.072729,0.338355,RUS,ESP,210390
253509,188,71,5638,2003,0.0,136534.0,0.202286,-0.714691,SAU,ESP,210390
253510,189,71,5638,2003,0.0,25399.0,0.575326,1.627894,SCG,ESP,210390
253511,190,71,5638,2003,0.0,29057.0,-1.3535059999999999,-1.1701409999999999,SDN,ESP,210390
253512,191,71,5638,2003,0.0,182132.0,-0.25203600000000004,-0.25549299999999997,SEN,ESP,210390
253513,192,71,5638,2003,11180.0,15840.0,1.5080799999999999,0.720337,SGP,ESP,210390
253514,196,71,5638,2003,0.0,40289.0,0.129923,-0.19926300000000002,SLE,ESP,210390
253515,197,71,5638,2003,0.0,18170.0,-0.251357,-0.189917,SLV,ESP,210390
253516,206,71,5638,2003,0.0,82380.0,1.22565,0.915518,SVK,ESP,210390
253517,208,71,5638,2003,300012.0,1433087.0,2.099224,0.799982,SWE,ESP,210390
253518,216,71,5638,2003,107006.0,3242.0,0.43010699999999996,1.607408,THA,ESP,210390
253519,222,71,5638,2003,38428.0,0.0,-0.16738,-0.9820969999999999,TTO,ESP,210390
253520,223,71,5638,2003,11407.0,116770.0,-0.14845999999999998,0.255092,TUN,ESP,210390
253521,224,71,5638,2003,0.0,36777.0,0.192802,1.9855060000000002,TUR,ESP,210390
253522,226,71,5638,2003,0.0,972.0,-1.225217,-0.43662399999999996,TZA,ESP,210390
253523,227,71,5638,2003,1440.0,0.0,-0.895193,-0.712039,UGA,ESP,210390
253524,228,71,5638,2003,0.0,22440.0,0.8929389999999999,0.956685,UKR,ESP,210390
253525,230,71,5638,2003,0.0,90671.0,0.19792200000000001,0.243104,URY,ESP,210390
253526,231,71,5638,2003,2774996.0,410273.0,1.7789220000000001,0.064028,USA,ESP,210390
253527,236,71,5638,2003,1179.0,9718.0,0.277805,-0.783697,VEN,ESP,210390
253528,246,71,5638,2003,10411.0,51486.0,0.477987,2.255395,ZAF,ESP,210390
253529,249,71,5638,2003,47694.0,80051.0,1.5924040000000002,1.397843,TWN,ESP,210390
253530,250,71,5638,2003,0.0,1420.0,0.45951499999999995,-0.2312,ANS,ESP,210390
253531,1,77,5638,2003,0.0,1132.0,-0.421205,-0.602704,AFG,FRA,210390
253532,2,77,5638,2003,0.0,79230.0,-1.8762919999999998,-1.176541,AGO,FRA,210390
253533,3,77,5638,2003,0.0,6232.0,1.159575,-0.060911,AIA,FRA,210390
253534,5,77,5638,2003,0.0,91782.0,1.0901319999999999,0.618693,AND,FRA,210390
253535,6,77,5638,2003,0.0,23769.0,0.108903,-0.650137,ANT,FRA,210390
253536,7,77,5638,2003,0.0,2361032.0,0.049637,-0.502691,ARE,FRA,210390
253537,8,77,5638,2003,3209.0,30338.0,0.302073,0.49069700000000005,ARG,FRA,210390
253538,14,77,5638,2003,0.0,250633.0,0.316879,0.9409489999999999,AUS,FRA,210390
253539,15,77,5638,2003,82535.0,753013.0,1.834977,0.408096,AUT,FRA,210390
253540,18,77,5638,2003,48994852.0,11869027.0,1.361682,1.39536,BEL,FRA,210390
253541,19,77,5638,2003,0.0,425610.0,-1.150888,-0.956203,BEN,FRA,210390
253542,21,77,5638,2003,0.0,178128.0,-0.9365690000000001,-0.9699409999999999,BFA,FRA,210390
253543,23,77,5638,2003,1025.0,717970.0,0.43308599999999997,1.7104099999999998,BGR,FRA,210390
253544,24,77,5638,2003,0.0,37341.0,-0.10968800000000001,-1.041032,BHR,FRA,210390
253545,26,77,5638,2003,0.0,8901.0,0.195667,0.347011,BIH,FRA,210390
253546,28,77,5638,2003,0.0,979.0,0.847358,0.9307719999999999,BLR,FRA,210390
253547,32,77,5638,2003,7435.0,197360.0,0.660576,1.118876,BRA,FRA,210390
253548,38,77,5638,2003,0.0,2926.0,-1.342769,-0.905425,CAF,FRA,210390
253549,39,77,5638,2003,73012.0,865531.0,0.9791540000000001,1.185081,CAN,FRA,210390
253550,41,77,5638,2003,3168610.0,7602586.0,2.151037,0.711217,CHE,FRA,210390
253551,42,77,5638,2003,0.0,2147.0,-0.06375900000000001,-0.156808,CHL,FRA,210390
253552,43,77,5638,2003,773919.0,557424.0,0.579431,2.773139,CHN,FRA,210390
253553,44,77,5638,2003,740050.0,233143.0,-0.699928,-0.723739,CIV,FRA,210390
253554,45,77,5638,2003,71288.0,1320931.0,-1.254788,-1.10897,CMR,FRA,210390
253555,47,77,5638,2003,0.0,253537.0,-1.6789619999999998,-1.182557,COG,FRA,210390
253556,49,77,5638,2003,0.0,35512.0,0.218336,0.376869,COL,FRA,210390
253557,50,77,5638,2003,0.0,909.0,-0.675377,-0.791014,COM,FRA,210390
253558,52,77,5638,2003,34072.0,1779.0,-0.193904,-0.5049680000000001,CRI,FRA,210390
253559,58,77,5638,2003,0.0,28417.0,0.259992,0.068914,CYP,FRA,210390
253560,59,77,5638,2003,0.0,53628.0,1.555749,0.8662059999999999,CZE,FRA,210390
253561,61,77,5638,2003,22586560.0,8463187.0,2.2821919999999998,-2.0985150000000004,DEU,FRA,210390
253562,62,77,5638,2003,0.0,105263.0,-0.41648500000000005,-0.5408350000000001,DJI,FRA,210390
253563,63,77,5638,2003,8537.0,0.0,0.11903299999999999,-0.21768200000000001,DMA,FRA,210390
253564,64,77,5638,2003,74508.0,757389.0,1.309564,1.245596,DNK,FRA,210390
253565,65,77,5638,2003,0.0,11539.0,-0.46264399999999994,-0.245034,DOM,FRA,210390
253566,66,77,5638,2003,6320.0,2736991.0,-1.060727,-1.142594,DZA,FRA,210390
253567,68,77,5638,2003,0.0,13277.0,-0.292923,0.465433,EGY,FRA,210390
253568,71,77,5638,2003,2897413.0,5443684.0,0.960684,2.074792,ESP,FRA,210390
253569,72,77,5638,2003,0.0,4280.0,0.5913010000000001,0.8489979999999999,EST,FRA,210390
253570,74,77,5638,2003,0.0,335013.0,2.077889,0.942501,FIN,FRA,210390
253571,78,77,5638,2003,0.0,1270.0,-0.46422299999999994,-0.8072050000000001,FRO,FRA,210390
253572,80,77,5638,2003,0.0,1230928.0,-0.92745,-1.138466,GAB,FRA,210390
253573,81,77,5638,2003,10244020.0,15199751.0,1.8712540000000002,0.706205,GBR,FRA,210390
253574,83,77,5638,2003,144233.0,1818.0,-1.074188,-0.7127319999999999,GHA,FRA,210390
253575,85,77,5638,2003,0.0,75835.0,-2.14752,-1.250048,GIN,FRA,210390
253576,87,77,5638,2003,0.0,55794.0,-0.230541,-0.275663,GMB,FRA,210390
253577,89,77,5638,2003,0.0,173175.0,-2.4406529999999997,-0.821155,GNQ,FRA,210390
253578,90,77,5638,2003,2066.0,577072.0,0.364688,1.4823959999999998,GRC,FRA,210390
253579,91,77,5638,2003,0.0,675.0,0.3936,-0.258355,GRD,FRA,210390
253580,92,77,5638,2003,0.0,322.0,-0.764655,-0.8684200000000001,GRL,FRA,210390
253581,97,77,5638,2003,1643837.0,50769.0,0.494569,2.147062,HKG,FRA,210390
253582,100,77,5638,2003,288387.0,61990.0,0.568394,1.230759,HRV,FRA,210390
253583,102,77,5638,2003,0.0,44776.0,1.2003270000000001,1.091407,HUN,FRA,210390
253584,103,77,5638,2003,13914.0,7851.0,-0.16802,1.7252990000000001,IDN,FRA,210390
253585,104,77,5638,2003,3958.0,2016.0,0.33014099999999996,2.836003,IND,FRA,210390
253586,106,77,5638,2003,366176.0,695569.0,1.6396130000000002,0.220599,IRL,FRA,210390
253587,109,77,5638,2003,0.0,27108.0,0.21902800000000003,-0.40818499999999996,ISL,FRA,210390
253588,110,77,5638,2003,442263.0,122840.0,1.157809,0.682195,ISR,FRA,210390
253589,111,77,5638,2003,11356263.0,2378041.0,1.399734,1.044608,ITA,FRA,210390
253590,112,77,5638,2003,47345.0,0.0,-0.6684140000000001,-0.915817,JAM,FRA,210390
253591,113,77,5638,2003,0.0,19244.0,0.12295,0.377031,JOR,FRA,210390
253592,114,77,5638,2003,645337.0,781409.0,2.4686630000000003,0.48072600000000004,JPN,FRA,210390
253593,115,77,5638,2003,0.0,13967.0,-0.156326,-0.62092,KAZ,FRA,210390
253594,118,77,5638,2003,0.0,9242.0,-1.0165620000000002,-1.060454,KHM,FRA,210390
253595,121,77,5638,2003,16705.0,10105.0,1.2611709999999998,0.956308,KOR,FRA,210390
253596,122,77,5638,2003,0.0,48735.0,-0.7943640000000001,-1.1529770000000001,KWT,FRA,210390
253597,124,77,5638,2003,3739.0,1135911.0,0.261687,1.053856,LBN,FRA,210390
253598,126,77,5638,2003,0.0,21505.0,-0.36075999999999997,-1.110575,LBY,FRA,210390
253599,127,77,5638,2003,8204.0,0.0,0.318385,-0.342679,LCA,FRA,210390
253600,128,77,5638,2003,15891.0,0.0,-0.618057,0.101931,LKA,FRA,210390
253601,130,77,5638,2003,0.0,27617.0,0.239608,0.517299,LTU,FRA,210390
253602,131,77,5638,2003,6533.0,685568.0,1.444996,1.063764,LUX,FRA,210390
253603,132,77,5638,2003,0.0,3196.0,0.520772,0.5631689999999999,LVA,FRA,210390
253604,133,77,5638,2003,0.0,560.0,-0.294516,-0.413828,MAC,FRA,210390
253605,134,77,5638,2003,1324.0,225229.0,-0.6842050000000001,-0.217892,MAR,FRA,210390
253606,135,77,5638,2003,0.0,2024.0,-0.005154,-0.26107199999999997,MDA,FRA,210390
253607,136,77,5638,2003,0.0,142213.0,-1.254758,-0.622696,MDG,FRA,210390
253608,137,77,5638,2003,0.0,2649.0,-1.201352,-1.031892,MDV,FRA,210390
253609,138,77,5638,2003,95448.0,155358.0,0.862509,0.756684,MEX,FRA,210390
253610,140,77,5638,2003,0.0,168778.0,-0.017632,0.225394,MKD,FRA,210390
253611,141,77,5638,2003,0.0,1167568.0,-0.786411,-0.879049,MLI,FRA,210390
253612,142,77,5638,2003,0.0,118861.0,1.2138149999999999,-0.015687,MLT,FRA,210390
253613,148,77,5638,2003,0.0,134976.0,-1.069232,-1.184061,MRT,FRA,210390
253614,151,77,5638,2003,161682.0,52717.0,-0.361514,-0.29839899999999997,MUS,FRA,210390
253615,153,77,5638,2003,309274.0,20730.0,0.728804,0.2168,MYS,FRA,210390
253616,154,77,5638,2003,1119.0,116843.0,0.8645370000000001,-0.101347,MYT,FRA,210390
253617,156,77,5638,2003,0.0,549992.0,-0.344934,-0.776632,NCL,FRA,210390
253618,157,77,5638,2003,0.0,576726.0,-0.199296,-0.578264,NER,FRA,210390
253619,159,77,5638,2003,0.0,15363.0,-1.859176,-1.234236,NGA,FRA,210390
253620,162,77,5638,2003,7588833.0,3683809.0,1.168453,1.7085709999999998,NLD,FRA,210390
253621,163,77,5638,2003,475373.0,265270.0,1.1500620000000001,0.258554,NOR,FRA,210390
253622,166,77,5638,2003,0.0,24503.0,0.589619,0.997301,NZL,FRA,210390
253623,173,77,5638,2003,0.0,5392.0,-0.48627,0.371354,PER,FRA,210390
253624,174,77,5638,2003,6431.0,1888.0,-0.065022,-0.195144,PHL,FRA,210390
253625,177,77,5638,2003,35720.0,384283.0,0.966622,1.664838,POL,FRA,210390
253626,179,77,5638,2003,1676899.0,1616255.0,0.471376,1.647303,PRT,FRA,210390
253627,182,77,5638,2003,975.0,422906.0,-0.255707,-0.676557,PYF,FRA,210390
253628,183,77,5638,2003,0.0,102508.0,-0.209042,-1.0565799999999999,QAT,FRA,210390
253629,185,77,5638,2003,0.0,886658.0,0.378379,1.0064620000000002,ROU,FRA,210390
253630,186,77,5638,2003,0.0,527834.0,1.072729,0.338355,RUS,FRA,210390
253631,187,77,5638,2003,0.0,889.0,-0.99513,-0.852476,RWA,FRA,210390
253632,188,77,5638,2003,0.0,48120.0,0.202286,-0.714691,SAU,FRA,210390
253633,189,77,5638,2003,0.0,41879.0,0.575326,1.627894,SCG,FRA,210390
253634,191,77,5638,2003,0.0,407307.0,-0.25203600000000004,-0.25549299999999997,SEN,FRA,210390
253635,192,77,5638,2003,29042.0,62194.0,1.5080799999999999,0.720337,SGP,FRA,210390
253636,200,77,5638,2003,0.0,40747.0,0.677331,-0.645223,SPM,FRA,210390
253637,206,77,5638,2003,40011.0,9507.0,1.22565,0.915518,SVK,FRA,210390
253638,207,77,5638,2003,0.0,4149.0,1.6459840000000001,1.014191,SVN,FRA,210390
253639,208,77,5638,2003,720448.0,1280029.0,2.099224,0.799982,SWE,FRA,210390
253640,209,77,5638,2003,17946.0,0.0,0.399541,-0.23342600000000002,SWZ,FRA,210390
253641,211,77,5638,2003,0.0,1954.0,-0.44341099999999994,-0.742566,SYC,FRA,210390
253642,212,77,5638,2003,0.0,47942.0,-0.868749,-0.326322,SYR,FRA,210390
253643,214,77,5638,2003,0.0,392756.0,-0.263238,-0.6801189999999999,TCD,FRA,210390
253644,215,77,5638,2003,0.0,331451.0,-0.5058590000000001,-0.520586,TGO,FRA,210390
253645,216,77,5638,2003,3059368.0,7876.0,0.43010699999999996,1.607408,THA,FRA,210390
253646,219,77,5638,2003,0.0,31692.0,-1.223295,-1.250217,TKM,FRA,210390
253647,222,77,5638,2003,36696.0,0.0,-0.16738,-0.9820969999999999,TTO,FRA,210390
253648,223,77,5638,2003,1944994.0,120188.0,-0.14845999999999998,0.255092,TUN,FRA,210390
253649,224,77,5638,2003,47145.0,43825.0,0.192802,1.9855060000000002,TUR,FRA,210390
253650,230,77,5638,2003,0.0,14520.0,0.19792200000000001,0.243104,URY,FRA,210390
253651,231,77,5638,2003,3493104.0,3062830.0,1.7789220000000001,0.064028,USA,FRA,210390
253652,236,77,5638,2003,0.0,9136.0,0.277805,-0.783697,VEN,FRA,210390
253653,239,77,5638,2003,218419.0,180958.0,-0.633985,0.659696,VNM,FRA,210390
253654,240,77,5638,2003,0.0,12450.0,-0.916386,-0.784439,VUT,FRA,210390
253655,241,77,5638,2003,0.0,24658.0,0.200787,-0.775126,WLF,FRA,210390
253656,243,77,5638,2003,0.0,19242.0,-1.453584,-1.257815,YEM,FRA,210390
253657,246,77,5638,2003,10895.0,75565.0,0.477987,2.255395,ZAF,FRA,210390
253658,249,77,5638,2003,41354.0,17820.0,1.5924040000000002,1.397843,TWN,FRA,210390
253659,250,77,5638,2003,20110.0,0.0,0.45951499999999995,-0.2312,ANS,FRA,210390
253660,1,81,5638,2003,0.0,7216.0,-0.421205,-0.602704,AFG,GBR,210390
253661,3,81,5638,2003,0.0,6284.0,1.159575,-0.060911,AIA,GBR,210390
253662,5,81,5638,2003,0.0,27772.0,1.0901319999999999,0.618693,AND,GBR,210390
253663,6,81,5638,2003,3324.0,12687.0,0.108903,-0.650137,ANT,GBR,210390
253664,7,81,5638,2003,7620.0,1524001.0,0.049637,-0.502691,ARE,GBR,210390
253665,8,81,5638,2003,0.0,47578.0,0.302073,0.49069700000000005,ARG,GBR,210390
253666,13,81,5638,2003,0.0,171265.0,0.014283,-0.564587,ATG,GBR,210390
253667,14,81,5638,2003,1071453.0,6866810.0,0.316879,0.9409489999999999,AUS,GBR,210390
253668,15,81,5638,2003,40032.0,447755.0,1.834977,0.408096,AUT,GBR,210390
253669,16,81,5638,2003,0.0,5132.0,-0.304606,-0.975453,AZE,GBR,210390
253670,18,81,5638,2003,28939776.0,6004599.0,1.361682,1.39536,BEL,GBR,210390
253671,22,81,5638,2003,5413.0,0.0,-1.168404,-1.035782,BGD,GBR,210390
253672,23,81,5638,2003,49747.0,1316.0,0.43308599999999997,1.7104099999999998,BGR,GBR,210390
253673,24,81,5638,2003,0.0,351488.0,-0.10968800000000001,-1.041032,BHR,GBR,210390
253674,25,81,5638,2003,0.0,87605.0,0.614422,-0.40984,BHS,GBR,210390
253675,26,81,5638,2003,1103.0,17787.0,0.195667,0.347011,BIH,GBR,210390
253676,29,81,5638,2003,0.0,254559.0,-0.543555,-0.7596,BLZ,GBR,210390
253677,30,81,5638,2003,0.0,183236.0,0.9966459999999999,-0.5183270000000001,BMU,GBR,210390
253678,32,81,5638,2003,1729.0,122338.0,0.660576,1.118876,BRA,GBR,210390
253679,33,81,5638,2003,48584.0,174307.0,0.744166,0.074191,BRB,GBR,210390
253680,34,81,5638,2003,0.0,105921.0,-1.342738,-0.978633,BRN,GBR,210390
253681,39,81,5638,2003,4176273.0,3859798.0,0.9791540000000001,1.185081,CAN,GBR,210390
253682,41,81,5638,2003,684742.0,1264841.0,2.151037,0.711217,CHE,GBR,210390
253683,42,81,5638,2003,13456.0,16848.0,-0.06375900000000001,-0.156808,CHL,GBR,210390
253684,43,81,5638,2003,3427054.0,346006.0,0.579431,2.773139,CHN,GBR,210390
253685,44,81,5638,2003,0.0,284060.0,-0.699928,-0.723739,CIV,GBR,210390
253686,49,81,5638,2003,21482.0,0.0,0.218336,0.376869,COL,GBR,210390
253687,52,81,5638,2003,10877.0,3629.0,-0.193904,-0.5049680000000001,CRI,GBR,210390
253688,54,81,5638,2003,0.0,12004.0,-0.391515,-0.8562120000000001,CUB,GBR,210390
253689,57,81,5638,2003,0.0,28807.0,0.308768,-0.690944,CYM,GBR,210390
253690,58,81,5638,2003,16522.0,820342.0,0.259992,0.068914,CYP,GBR,210390
253691,59,81,5638,2003,1759175.0,42656.0,1.555749,0.8662059999999999,CZE,GBR,210390
253692,61,81,5638,2003,25514086.0,6042147.0,2.2821919999999998,-2.0985150000000004,DEU,GBR,210390
253693,63,81,5638,2003,666314.0,0.0,0.11903299999999999,-0.21768200000000001,DMA,GBR,210390
253694,64,81,5638,2003,926450.0,2247003.0,1.309564,1.245596,DNK,GBR,210390
253695,65,81,5638,2003,0.0,970.0,-0.46264399999999994,-0.245034,DOM,GBR,210390
253696,67,81,5638,2003,0.0,13701.0,-0.8689370000000001,-0.889767,ECU,GBR,210390
253697,68,81,5638,2003,22726.0,79559.0,-0.292923,0.465433,EGY,GBR,210390
253698,71,81,5638,2003,4697650.0,10179900.0,0.960684,2.074792,ESP,GBR,210390
253699,72,81,5638,2003,1170.0,34403.0,0.5913010000000001,0.8489979999999999,EST,GBR,210390
253700,73,81,5638,2003,0.0,653.0,-1.1145559999999999,-0.9599620000000001,ETH,GBR,210390
253701,74,81,5638,2003,208199.0,1930138.0,2.077889,0.942501,FIN,GBR,210390
253702,76,81,5638,2003,0.0,42027.0,0.593669,-0.68972,FLK,GBR,210390
253703,77,81,5638,2003,15199751.0,10244020.0,1.606606,0.7394149999999999,FRA,GBR,210390
253704,78,81,5638,2003,0.0,8279.0,-0.46422299999999994,-0.8072050000000001,FRO,GBR,210390
253705,80,81,5638,2003,0.0,991.0,-0.92745,-1.138466,GAB,GBR,210390
253706,83,81,5638,2003,152088.0,15287.0,-1.074188,-0.7127319999999999,GHA,GBR,210390
253707,84,81,5638,2003,0.0,59343.0,1.133606,-0.176782,GIB,GBR,210390
253708,87,81,5638,2003,0.0,1895.0,-0.230541,-0.275663,GMB,GBR,210390
253709,90,81,5638,2003,857659.0,2370345.0,0.364688,1.4823959999999998,GRC,GBR,210390
253710,91,81,5638,2003,1641.0,97210.0,0.3936,-0.258355,GRD,GBR,210390
253711,92,81,5638,2003,0.0,3643.0,-0.764655,-0.8684200000000001,GRL,GBR,210390
253712,93,81,5638,2003,0.0,14214.0,-0.444162,0.145319,GTM,GBR,210390
253713,96,81,5638,2003,0.0,39192.0,-0.59035,-0.7361340000000001,GUY,GBR,210390
253714,97,81,5638,2003,9087372.0,3052887.0,0.494569,2.147062,HKG,GBR,210390
253715,99,81,5638,2003,0.0,145117.0,-0.733546,-0.568585,HND,GBR,210390
253716,100,81,5638,2003,173308.0,52496.0,0.568394,1.230759,HRV,GBR,210390
253717,102,81,5638,2003,2190.0,132672.0,1.2003270000000001,1.091407,HUN,GBR,210390
253718,103,81,5638,2003,0.0,440596.0,-0.16802,1.7252990000000001,IDN,GBR,210390
253719,104,81,5638,2003,655952.0,211477.0,0.33014099999999996,2.836003,IND,GBR,210390
253720,106,81,5638,2003,11779078.0,34622172.0,1.6396130000000002,0.220599,IRL,GBR,210390
253721,107,81,5638,2003,37320.0,16163.0,-0.552146,-0.8668520000000001,IRN,GBR,210390
253722,109,81,5638,2003,224408.0,350270.0,0.21902800000000003,-0.40818499999999996,ISL,GBR,210390
253723,110,81,5638,2003,107093.0,88477.0,1.157809,0.682195,ISR,GBR,210390
253724,111,81,5638,2003,20759586.0,2608402.0,1.399734,1.044608,ITA,GBR,210390
253725,112,81,5638,2003,496185.0,10045.0,-0.6684140000000001,-0.915817,JAM,GBR,210390
253726,113,81,5638,2003,0.0,158092.0,0.12295,0.377031,JOR,GBR,210390
253727,114,81,5638,2003,1365733.0,1170097.0,2.4686630000000003,0.48072600000000004,JPN,GBR,210390
253728,115,81,5638,2003,0.0,204688.0,-0.156326,-0.62092,KAZ,GBR,210390
253729,116,81,5638,2003,39436.0,222974.0,-0.3531,0.582992,KEN,GBR,210390
253730,120,81,5638,2003,0.0,3268.0,0.555154,-0.405962,KNA,GBR,210390
253731,121,81,5638,2003,147551.0,4215.0,1.2611709999999998,0.956308,KOR,GBR,210390
253732,122,81,5638,2003,15461.0,933896.0,-0.7943640000000001,-1.1529770000000001,KWT,GBR,210390
253733,124,81,5638,2003,45835.0,207986.0,0.261687,1.053856,LBN,GBR,210390
253734,127,81,5638,2003,43402.0,13853.0,0.318385,-0.342679,LCA,GBR,210390
253735,128,81,5638,2003,9101.0,27185.0,-0.618057,0.101931,LKA,GBR,210390
253736,130,81,5638,2003,15690.0,40078.0,0.239608,0.517299,LTU,GBR,210390
253737,131,81,5638,2003,0.0,2016.0,1.444996,1.063764,LUX,GBR,210390
253738,132,81,5638,2003,0.0,17713.0,0.520772,0.5631689999999999,LVA,GBR,210390
253739,133,81,5638,2003,0.0,13386.0,-0.294516,-0.413828,MAC,GBR,210390
253740,134,81,5638,2003,23201.0,6971.0,-0.6842050000000001,-0.217892,MAR,GBR,210390
253741,137,81,5638,2003,0.0,907.0,-1.201352,-1.031892,MDV,GBR,210390
253742,138,81,5638,2003,81508.0,287481.0,0.862509,0.756684,MEX,GBR,210390
253743,140,81,5638,2003,0.0,13461.0,-0.017632,0.225394,MKD,GBR,210390
253744,141,81,5638,2003,0.0,23356.0,-0.786411,-0.879049,MLI,GBR,210390
253745,142,81,5638,2003,21012.0,1639150.0,1.2138149999999999,-0.015687,MLT,GBR,210390
253746,148,81,5638,2003,0.0,12330.0,-1.069232,-1.184061,MRT,GBR,210390
253747,149,81,5638,2003,0.0,1758.0,0.383768,-0.320867,MSR,GBR,210390
253748,151,81,5638,2003,0.0,50327.0,-0.361514,-0.29839899999999997,MUS,GBR,210390
253749,153,81,5638,2003,5414736.0,774882.0,0.728804,0.2168,MYS,GBR,210390
253750,159,81,5638,2003,69128.0,871019.0,-1.859176,-1.234236,NGA,GBR,210390
253751,160,81,5638,2003,0.0,11811.0,-0.8661459999999999,-0.8661690000000001,NIC,GBR,210390
253752,162,81,5638,2003,86372096.0,11471440.0,1.168453,1.7085709999999998,NLD,GBR,210390
253753,163,81,5638,2003,15239.0,1338985.0,1.1500620000000001,0.258554,NOR,GBR,210390
253754,164,81,5638,2003,0.0,2430.0,-0.26353899999999997,1.351717,NPL,GBR,210390
253755,166,81,5638,2003,72158.0,600939.0,0.589619,0.997301,NZL,GBR,210390
253756,167,81,5638,2003,0.0,618914.0,-1.434873,-1.188123,OMN,GBR,210390
253757,168,81,5638,2003,175053.0,40700.0,-0.6659689999999999,0.137924,PAK,GBR,210390
253758,169,81,5638,2003,0.0,87986.0,-0.050386,-0.039619999999999995,PAN,GBR,210390
253759,173,81,5638,2003,998.0,35094.0,-0.48627,0.371354,PER,GBR,210390
253760,174,81,5638,2003,117496.0,620275.0,-0.065022,-0.195144,PHL,GBR,210390
253761,177,81,5638,2003,132985.0,1965396.0,0.966622,1.664838,POL,GBR,210390
253762,179,81,5638,2003,2657803.0,1636982.0,0.471376,1.647303,PRT,GBR,210390
253763,182,81,5638,2003,0.0,897.0,-0.255707,-0.676557,PYF,GBR,210390
253764,183,81,5638,2003,0.0,190821.0,-0.209042,-1.0565799999999999,QAT,GBR,210390
253765,185,81,5638,2003,0.0,14923.0,0.378379,1.0064620000000002,ROU,GBR,210390
253766,186,81,5638,2003,0.0,1647718.0,1.072729,0.338355,RUS,GBR,210390
253767,188,81,5638,2003,40470.0,657242.0,0.202286,-0.714691,SAU,GBR,210390
253768,190,81,5638,2003,0.0,43593.0,-1.3535059999999999,-1.1701409999999999,SDN,GBR,210390
253769,192,81,5638,2003,931697.0,853662.0,1.5080799999999999,0.720337,SGP,GBR,210390
253770,194,81,5638,2003,0.0,13969.0,0.9663959999999999,0.042493,SHN,GBR,210390
253771,196,81,5638,2003,0.0,40503.0,0.129923,-0.19926300000000002,SLE,GBR,210390
253772,197,81,5638,2003,0.0,382623.0,-0.251357,-0.189917,SLV,GBR,210390
253773,206,81,5638,2003,0.0,5104.0,1.22565,0.915518,SVK,GBR,210390
253774,207,81,5638,2003,0.0,20623.0,1.6459840000000001,1.014191,SVN,GBR,210390
253775,208,81,5638,2003,283445.0,6636208.0,2.099224,0.799982,SWE,GBR,210390
253776,211,81,5638,2003,0.0,986.0,-0.44341099999999994,-0.742566,SYC,GBR,210390
253777,212,81,5638,2003,5848.0,220595.0,-0.868749,-0.326322,SYR,GBR,210390
253778,213,81,5638,2003,0.0,11809.0,0.306975,-0.288514,TCA,GBR,210390
253779,216,81,5638,2003,4421010.0,298713.0,0.43010699999999996,1.607408,THA,GBR,210390
253780,220,81,5638,2003,0.0,4433.0,1.21882,-0.118529,TLS,GBR,210390
253781,222,81,5638,2003,354153.0,56520.0,-0.16738,-0.9820969999999999,TTO,GBR,210390
253782,223,81,5638,2003,0.0,3263.0,-0.14845999999999998,0.255092,TUN,GBR,210390
253783,224,81,5638,2003,221082.0,174203.0,0.192802,1.9855060000000002,TUR,GBR,210390
253784,226,81,5638,2003,0.0,17574.0,-1.225217,-0.43662399999999996,TZA,GBR,210390
253785,227,81,5638,2003,0.0,198720.0,-0.895193,-0.712039,UGA,GBR,210390
253786,228,81,5638,2003,0.0,246067.0,0.8929389999999999,0.956685,UKR,GBR,210390
253787,230,81,5638,2003,0.0,9410.0,0.19792200000000001,0.243104,URY,GBR,210390
253788,231,81,5638,2003,8416388.0,3065899.0,1.7789220000000001,0.064028,USA,GBR,210390
253789,234,81,5638,2003,16884.0,3998.0,-0.355758,-0.679181,VCT,GBR,210390
253790,236,81,5638,2003,0.0,46639.0,0.277805,-0.783697,VEN,GBR,210390
253791,237,81,5638,2003,0.0,29987.0,0.685109,-0.20824299999999998,VGB,GBR,210390
253792,239,81,5638,2003,62375.0,18665.0,-0.633985,0.659696,VNM,GBR,210390
253793,243,81,5638,2003,0.0,3941.0,-1.453584,-1.257815,YEM,GBR,210390
253794,246,81,5638,2003,3503812.0,620027.0,0.477987,2.255395,ZAF,GBR,210390
253795,248,81,5638,2003,0.0,18402.0,-0.366539,-0.18906199999999998,ZWE,GBR,210390
253796,249,81,5638,2003,103479.0,150494.0,1.5924040000000002,1.397843,TWN,GBR,210390
253797,4,90,5638,2003,0.0,99772.0,-0.053595000000000004,0.166034,ALB,GRC,210390
253798,9,90,5638,2003,0.0,2843.0,0.497521,-0.305788,ARM,GRC,210390
253799,14,90,5638,2003,0.0,3612.0,0.316879,0.9409489999999999,AUS,GRC,210390
253800,15,90,5638,2003,18955.0,4515.0,1.834977,0.408096,AUT,GRC,210390
253801,18,90,5638,2003,1684767.0,0.0,1.361682,1.39536,BEL,GRC,210390
253802,23,90,5638,2003,10503.0,267819.0,0.43308599999999997,1.7104099999999998,BGR,GRC,210390
253803,24,90,5638,2003,0.0,4894.0,-0.10968800000000001,-1.041032,BHR,GRC,210390
253804,39,90,5638,2003,0.0,101779.0,0.9791540000000001,1.185081,CAN,GRC,210390
253805,41,90,5638,2003,393051.0,3584.0,2.151037,0.711217,CHE,GRC,210390
253806,43,90,5638,2003,10306.0,2626.0,0.579431,2.773139,CHN,GRC,210390
253807,58,90,5638,2003,1344.0,562347.0,0.259992,0.068914,CYP,GRC,210390
253808,59,90,5638,2003,205136.0,54013.0,1.555749,0.8662059999999999,CZE,GRC,210390
253809,61,90,5638,2003,2991719.0,428933.0,2.2821919999999998,-2.0985150000000004,DEU,GRC,210390
253810,64,90,5638,2003,52334.0,157427.0,1.309564,1.245596,DNK,GRC,210390
253811,68,90,5638,2003,876.0,0.0,-0.292923,0.465433,EGY,GRC,210390
253812,71,90,5638,2003,2112752.0,188373.0,0.960684,2.074792,ESP,GRC,210390
253813,73,90,5638,2003,0.0,3279.0,-1.1145559999999999,-0.9599620000000001,ETH,GRC,210390
253814,77,90,5638,2003,577072.0,2066.0,1.606606,0.7394149999999999,FRA,GRC,210390
253815,81,90,5638,2003,2370345.0,857659.0,1.8712540000000002,0.706205,GBR,GRC,210390
253816,93,90,5638,2003,0.0,2792.0,-0.444162,0.145319,GTM,GRC,210390
253817,97,90,5638,2003,879.0,6010.0,0.494569,2.147062,HKG,GRC,210390
253818,106,90,5638,2003,13249.0,0.0,1.6396130000000002,0.220599,IRL,GRC,210390
253819,111,90,5638,2003,1020957.0,2703.0,1.399734,1.044608,ITA,GRC,210390
253820,114,90,5638,2003,9772.0,35694.0,2.4686630000000003,0.48072600000000004,JPN,GRC,210390
253821,122,90,5638,2003,0.0,5515.0,-0.7943640000000001,-1.1529770000000001,KWT,GRC,210390
253822,124,90,5638,2003,1556.0,0.0,0.261687,1.053856,LBN,GRC,210390
253823,131,90,5638,2003,3356.0,0.0,1.444996,1.063764,LUX,GRC,210390
253824,140,90,5638,2003,6579.0,124480.0,-0.017632,0.225394,MKD,GRC,210390
253825,162,90,5638,2003,1485025.0,27463.0,1.168453,1.7085709999999998,NLD,GRC,210390
253826,163,90,5638,2003,815.0,0.0,1.1500620000000001,0.258554,NOR,GRC,210390
253827,167,90,5638,2003,0.0,6276.0,-1.434873,-1.188123,OMN,GRC,210390
253828,168,90,5638,2003,31887.0,0.0,-0.6659689999999999,0.137924,PAK,GRC,210390
253829,174,90,5638,2003,43950.0,0.0,-0.065022,-0.195144,PHL,GRC,210390
253830,177,90,5638,2003,18191.0,0.0,0.966622,1.664838,POL,GRC,210390
253831,179,90,5638,2003,8708.0,0.0,0.471376,1.647303,PRT,GRC,210390
253832,185,90,5638,2003,2191.0,3158.0,0.378379,1.0064620000000002,ROU,GRC,210390
253833,186,90,5638,2003,6923.0,31849.0,1.072729,0.338355,RUS,GRC,210390
253834,188,90,5638,2003,0.0,2984.0,0.202286,-0.714691,SAU,GRC,210390
253835,189,90,5638,2003,20742.0,0.0,0.575326,1.627894,SCG,GRC,210390
253836,192,90,5638,2003,6546.0,0.0,1.5080799999999999,0.720337,SGP,GRC,210390
253837,206,90,5638,2003,39227.0,5461.0,1.22565,0.915518,SVK,GRC,210390
253838,208,90,5638,2003,19268.0,15164.0,2.099224,0.799982,SWE,GRC,210390
253839,212,90,5638,2003,0.0,15458.0,-0.868749,-0.326322,SYR,GRC,210390
253840,216,90,5638,2003,53821.0,0.0,0.43010699999999996,1.607408,THA,GRC,210390
253841,222,90,5638,2003,10701.0,0.0,-0.16738,-0.9820969999999999,TTO,GRC,210390
253842,224,90,5638,2003,9631.0,1274.0,0.192802,1.9855060000000002,TUR,GRC,210390
253843,231,90,5638,2003,713644.0,60800.0,1.7789220000000001,0.064028,USA,GRC,210390
253844,246,90,5638,2003,5548.0,0.0,0.477987,2.255395,ZAF,GRC,210390
253845,249,90,5638,2003,2765.0,0.0,1.5924040000000002,1.397843,TWN,GRC,210390
253846,13,96,5638,2003,0.0,17523.0,0.014283,-0.564587,ATG,GUY,210390
253847,33,96,5638,2003,0.0,1969.0,0.744166,0.074191,BRB,GUY,210390
253848,39,96,5638,2003,2434.0,15837.0,0.9791540000000001,1.185081,CAN,GUY,210390
253849,43,96,5638,2003,1508.0,0.0,0.579431,2.773139,CHN,GUY,210390
253850,81,96,5638,2003,39192.0,0.0,1.8712540000000002,0.706205,GBR,GUY,210390
253851,93,96,5638,2003,1035.0,0.0,-0.444162,0.145319,GTM,GUY,210390
253852,97,96,5638,2003,1696.0,0.0,0.494569,2.147062,HKG,GUY,210390
253853,112,96,5638,2003,6976.0,1579.0,-0.6684140000000001,-0.915817,JAM,GUY,210390
253854,127,96,5638,2003,10955.0,0.0,0.318385,-0.342679,LCA,GUY,210390
253855,205,96,5638,2003,1341.0,3079.0,-0.896925,-0.88623,SUR,GUY,210390
253856,216,96,5638,2003,829.0,0.0,0.43010699999999996,1.607408,THA,GUY,210390
253857,222,96,5638,2003,244691.0,1735.0,-0.16738,-0.9820969999999999,TTO,GUY,210390
253858,231,96,5638,2003,84984.0,5397.0,1.7789220000000001,0.064028,USA,GUY,210390
253859,250,96,5638,2003,0.0,2677.0,0.45951499999999995,-0.2312,ANS,GUY,210390
253860,0,97,5638,2003,0.0,45753.0,-0.13006600000000001,-0.783431,ABW,HKG,210390
253861,7,97,5638,2003,3513.0,52221.0,0.049637,-0.502691,ARE,HKG,210390
253862,8,97,5638,2003,0.0,2084.0,0.302073,0.49069700000000005,ARG,HKG,210390
253863,14,97,5638,2003,1812220.0,8488898.0,0.316879,0.9409489999999999,AUS,HKG,210390
253864,15,97,5638,2003,5399.0,13853.0,1.834977,0.408096,AUT,HKG,210390
253865,18,97,5638,2003,41417.0,1049433.0,1.361682,1.39536,BEL,HKG,210390
253866,24,97,5638,2003,0.0,4164.0,-0.10968800000000001,-1.041032,BHR,HKG,210390
253867,29,97,5638,2003,0.0,8618.0,-0.543555,-0.7596,BLZ,HKG,210390
253868,32,97,5638,2003,3530.0,16065.0,0.660576,1.118876,BRA,HKG,210390
253869,34,97,5638,2003,0.0,48275.0,-1.342738,-0.978633,BRN,HKG,210390
253870,39,97,5638,2003,51728.0,1923468.0,0.9791540000000001,1.185081,CAN,HKG,210390
253871,41,97,5638,2003,59923.0,277686.0,2.151037,0.711217,CHE,HKG,210390
253872,42,97,5638,2003,0.0,16357.0,-0.06375900000000001,-0.156808,CHL,HKG,210390
253873,43,97,5638,2003,20080622.0,1358754.0,0.579431,2.773139,CHN,HKG,210390
253874,44,97,5638,2003,0.0,805.0,-0.699928,-0.723739,CIV,HKG,210390
253875,47,97,5638,2003,0.0,4297.0,-1.6789619999999998,-1.182557,COG,HKG,210390
253876,49,97,5638,2003,0.0,21846.0,0.218336,0.376869,COL,HKG,210390
253877,52,97,5638,2003,0.0,29615.0,-0.193904,-0.5049680000000001,CRI,HKG,210390
253878,58,97,5638,2003,0.0,42408.0,0.259992,0.068914,CYP,HKG,210390
253879,61,97,5638,2003,72561.0,757769.0,2.2821919999999998,-2.0985150000000004,DEU,HKG,210390
253880,64,97,5638,2003,0.0,42441.0,1.309564,1.245596,DNK,HKG,210390
253881,65,97,5638,2003,0.0,12596.0,-0.46264399999999994,-0.245034,DOM,HKG,210390
253882,66,97,5638,2003,0.0,2247.0,-1.060727,-1.142594,DZA,HKG,210390
253883,67,97,5638,2003,0.0,5315.0,-0.8689370000000001,-0.889767,ECU,HKG,210390
253884,71,97,5638,2003,3194.0,197686.0,0.960684,2.074792,ESP,HKG,210390
253885,74,97,5638,2003,0.0,3927.0,2.077889,0.942501,FIN,HKG,210390
253886,75,97,5638,2003,0.0,13517.0,-0.6865640000000001,-0.326977,FJI,HKG,210390
253887,77,97,5638,2003,50769.0,1643837.0,1.606606,0.7394149999999999,FRA,HKG,210390
253888,78,97,5638,2003,0.0,1364.0,-0.46422299999999994,-0.8072050000000001,FRO,HKG,210390
253889,79,97,5638,2003,0.0,2066.0,-1.370191,-1.028812,FSM,HKG,210390
253890,80,97,5638,2003,0.0,809.0,-0.92745,-1.138466,GAB,HKG,210390
253891,81,97,5638,2003,3052887.0,9087372.0,1.8712540000000002,0.706205,GBR,HKG,210390
253892,83,97,5638,2003,0.0,3016.0,-1.074188,-0.7127319999999999,GHA,HKG,210390
253893,87,97,5638,2003,0.0,46523.0,-0.230541,-0.275663,GMB,HKG,210390
253894,90,97,5638,2003,6010.0,879.0,0.364688,1.4823959999999998,GRC,HKG,210390
253895,93,97,5638,2003,0.0,42462.0,-0.444162,0.145319,GTM,HKG,210390
253896,95,97,5638,2003,0.0,72297.0,-0.139991,-0.570695,GUM,HKG,210390
253897,96,97,5638,2003,0.0,1696.0,-0.59035,-0.7361340000000001,GUY,HKG,210390
253898,99,97,5638,2003,0.0,10175.0,-0.733546,-0.568585,HND,HKG,210390
253899,102,97,5638,2003,26993.0,4830.0,1.2003270000000001,1.091407,HUN,HKG,210390
253900,103,97,5638,2003,409536.0,982016.0,-0.16802,1.7252990000000001,IDN,HKG,210390
253901,104,97,5638,2003,115453.0,20008.0,0.33014099999999996,2.836003,IND,HKG,210390
253902,106,97,5638,2003,0.0,124974.0,1.6396130000000002,0.220599,IRL,HKG,210390
253903,107,97,5638,2003,0.0,14580.0,-0.552146,-0.8668520000000001,IRN,HKG,210390
253904,109,97,5638,2003,0.0,12484.0,0.21902800000000003,-0.40818499999999996,ISL,HKG,210390
253905,110,97,5638,2003,4276.0,49967.0,1.157809,0.682195,ISR,HKG,210390
253906,111,97,5638,2003,285011.0,17065.0,1.399734,1.044608,ITA,HKG,210390
253907,112,97,5638,2003,0.0,68138.0,-0.6684140000000001,-0.915817,JAM,HKG,210390
253908,114,97,5638,2003,17874110.0,10543943.0,2.4686630000000003,0.48072600000000004,JPN,HKG,210390
253909,116,97,5638,2003,0.0,672.0,-0.3531,0.582992,KEN,HKG,210390
253910,118,97,5638,2003,0.0,98540.0,-1.0165620000000002,-1.060454,KHM,HKG,210390
253911,121,97,5638,2003,244081.0,852912.0,1.2611709999999998,0.956308,KOR,HKG,210390
253912,124,97,5638,2003,0.0,12814.0,0.261687,1.053856,LBN,HKG,210390
253913,128,97,5638,2003,23435.0,0.0,-0.618057,0.101931,LKA,HKG,210390
253914,130,97,5638,2003,0.0,2224.0,0.239608,0.517299,LTU,HKG,210390
253915,133,97,5638,2003,5457.0,2845717.0,-0.294516,-0.413828,MAC,HKG,210390
253916,136,97,5638,2003,0.0,11292.0,-1.254758,-0.622696,MDG,HKG,210390
253917,138,97,5638,2003,337512.0,26980.0,0.862509,0.756684,MEX,HKG,210390
253918,141,97,5638,2003,0.0,6316.0,-0.786411,-0.879049,MLI,HKG,210390
253919,142,97,5638,2003,0.0,17466.0,1.2138149999999999,-0.015687,MLT,HKG,210390
253920,146,97,5638,2003,0.0,19539.0,-0.370942,-0.685771,MNP,HKG,210390
253921,151,97,5638,2003,0.0,45918.0,-0.361514,-0.29839899999999997,MUS,HKG,210390
253922,153,97,5638,2003,1436616.0,2125816.0,0.728804,0.2168,MYS,HKG,210390
253923,156,97,5638,2003,0.0,141854.0,-0.344934,-0.776632,NCL,HKG,210390
253924,160,97,5638,2003,0.0,1759.0,-0.8661459999999999,-0.8661690000000001,NIC,HKG,210390
253925,162,97,5638,2003,35744.0,4118107.0,1.168453,1.7085709999999998,NLD,HKG,210390
253926,163,97,5638,2003,1206.0,242541.0,1.1500620000000001,0.258554,NOR,HKG,210390
253927,164,97,5638,2003,0.0,7985.0,-0.26353899999999997,1.351717,NPL,HKG,210390
253928,166,97,5638,2003,85708.0,973144.0,0.589619,0.997301,NZL,HKG,210390
253929,167,97,5638,2003,0.0,18045.0,-1.434873,-1.188123,OMN,HKG,210390
253930,168,97,5638,2003,0.0,901.0,-0.6659689999999999,0.137924,PAK,HKG,210390
253931,169,97,5638,2003,0.0,185531.0,-0.050386,-0.039619999999999995,PAN,HKG,210390
253932,173,97,5638,2003,0.0,120540.0,-0.48627,0.371354,PER,HKG,210390
253933,174,97,5638,2003,145211.0,1101713.0,-0.065022,-0.195144,PHL,HKG,210390
253934,176,97,5638,2003,0.0,26212.0,-1.7997330000000002,-1.2110049999999999,PNG,HKG,210390
253935,177,97,5638,2003,9615.0,0.0,0.966622,1.664838,POL,HKG,210390
253936,178,97,5638,2003,0.0,9002.0,0.7060420000000001,0.7718,PRK,HKG,210390
253937,179,97,5638,2003,0.0,47620.0,0.471376,1.647303,PRT,HKG,210390
253938,182,97,5638,2003,0.0,677204.0,-0.255707,-0.676557,PYF,HKG,210390
253939,185,97,5638,2003,0.0,1015.0,0.378379,1.0064620000000002,ROU,HKG,210390
253940,186,97,5638,2003,0.0,7294.0,1.072729,0.338355,RUS,HKG,210390
253941,191,97,5638,2003,0.0,1306.0,-0.25203600000000004,-0.25549299999999997,SEN,HKG,210390
253942,192,97,5638,2003,718748.0,2266542.0,1.5080799999999999,0.720337,SGP,HKG,210390
253943,195,97,5638,2003,0.0,2980.0,-1.342629,-0.900968,SLB,HKG,210390
253944,205,97,5638,2003,0.0,128386.0,-0.896925,-0.88623,SUR,HKG,210390
253945,208,97,5638,2003,10116.0,234830.0,2.099224,0.799982,SWE,HKG,210390
253946,211,97,5638,2003,0.0,639.0,-0.44341099999999994,-0.742566,SYC,HKG,210390
253947,215,97,5638,2003,0.0,50230.0,-0.5058590000000001,-0.520586,TGO,HKG,210390
253948,216,97,5638,2003,5540787.0,248905.0,0.43010699999999996,1.607408,THA,HKG,210390
253949,222,97,5638,2003,0.0,112159.0,-0.16738,-0.9820969999999999,TTO,HKG,210390
253950,224,97,5638,2003,0.0,59458.0,0.192802,1.9855060000000002,TUR,HKG,210390
253951,231,97,5638,2003,9430784.0,18245734.0,1.7789220000000001,0.064028,USA,HKG,210390
253952,236,97,5638,2003,0.0,32639.0,0.277805,-0.783697,VEN,HKG,210390
253953,239,97,5638,2003,85242.0,184352.0,-0.633985,0.659696,VNM,HKG,210390
253954,240,97,5638,2003,0.0,4333.0,-0.916386,-0.784439,VUT,HKG,210390
253955,242,97,5638,2003,0.0,728.0,-0.304377,-0.620659,WSM,HKG,210390
253956,243,97,5638,2003,0.0,2108.0,-1.453584,-1.257815,YEM,HKG,210390
253957,246,97,5638,2003,191922.0,158540.0,0.477987,2.255395,ZAF,HKG,210390
253958,249,97,5638,2003,1432743.0,4844356.0,1.5924040000000002,1.397843,TWN,HKG,210390
253959,250,97,5638,2003,0.0,1204696.0,0.45951499999999995,-0.2312,ANS,HKG,210390
253960,6,99,5638,2003,22572.0,0.0,0.108903,-0.650137,ANT,HND,210390
253961,8,99,5638,2003,15759.0,0.0,0.302073,0.49069700000000005,ARG,HND,210390
253962,29,99,5638,2003,530.0,0.0,-0.543555,-0.7596,BLZ,HND,210390
253963,32,99,5638,2003,9523.0,0.0,0.660576,1.118876,BRA,HND,210390
253964,39,99,5638,2003,2760.0,0.0,0.9791540000000001,1.185081,CAN,HND,210390
253965,43,99,5638,2003,4960.0,0.0,0.579431,2.773139,CHN,HND,210390
253966,52,99,5638,2003,2547089.0,2425.0,-0.193904,-0.5049680000000001,CRI,HND,210390
253967,61,99,5638,2003,19719.0,0.0,2.2821919999999998,-2.0985150000000004,DEU,HND,210390
253968,71,99,5638,2003,56842.0,0.0,0.960684,2.074792,ESP,HND,210390
253969,81,99,5638,2003,145117.0,0.0,1.8712540000000002,0.706205,GBR,HND,210390
253970,93,99,5638,2003,1021840.0,5532.0,-0.444162,0.145319,GTM,HND,210390
253971,97,99,5638,2003,10175.0,0.0,0.494569,2.147062,HKG,HND,210390
253972,111,99,5638,2003,3560.0,0.0,1.399734,1.044608,ITA,HND,210390
253973,114,99,5638,2003,3387.0,0.0,2.4686630000000003,0.48072600000000004,JPN,HND,210390
253974,121,99,5638,2003,1550.0,0.0,1.2611709999999998,0.956308,KOR,HND,210390
253975,138,99,5638,2003,1698851.0,0.0,0.862509,0.756684,MEX,HND,210390
253976,160,99,5638,2003,36430.0,29563.0,-0.8661459999999999,-0.8661690000000001,NIC,HND,210390
253977,169,99,5638,2003,502818.0,0.0,-0.050386,-0.039619999999999995,PAN,HND,210390
253978,197,99,5638,2003,984802.0,71174.0,-0.251357,-0.189917,SLV,HND,210390
253979,231,99,5638,2003,1569243.0,19913.0,1.7789220000000001,0.064028,USA,HND,210390
253980,250,99,5638,2003,5375.0,0.0,0.45951499999999995,-0.2312,ANS,HND,210390
253981,7,103,5638,2003,0.0,29471.0,0.049637,-0.502691,ARE,IDN,210390
253982,14,103,5638,2003,525279.0,342399.0,0.316879,0.9409489999999999,AUS,IDN,210390
253983,15,103,5638,2003,78430.0,0.0,1.834977,0.408096,AUT,IDN,210390
253984,18,103,5638,2003,2475.0,0.0,1.361682,1.39536,BEL,IDN,210390
253985,23,103,5638,2003,0.0,7001.0,0.43308599999999997,1.7104099999999998,BGR,IDN,210390
253986,34,103,5638,2003,1796.0,16219.0,-1.342738,-0.978633,BRN,IDN,210390
253987,39,103,5638,2003,92955.0,49018.0,0.9791540000000001,1.185081,CAN,IDN,210390
253988,41,103,5638,2003,0.0,10382.0,2.151037,0.711217,CHE,IDN,210390
253989,43,103,5638,2003,1045386.0,31551.0,0.579431,2.773139,CHN,IDN,210390
253990,52,103,5638,2003,0.0,2050.0,-0.193904,-0.5049680000000001,CRI,IDN,210390
253991,59,103,5638,2003,0.0,7550.0,1.555749,0.8662059999999999,CZE,IDN,210390
253992,61,103,5638,2003,51574.0,10411.0,2.2821919999999998,-2.0985150000000004,DEU,IDN,210390
253993,65,103,5638,2003,0.0,884.0,-0.46264399999999994,-0.245034,DOM,IDN,210390
253994,68,103,5638,2003,0.0,5101.0,-0.292923,0.465433,EGY,IDN,210390
253995,71,103,5638,2003,2236.0,0.0,0.960684,2.074792,ESP,IDN,210390
253996,74,103,5638,2003,0.0,13522.0,2.077889,0.942501,FIN,IDN,210390
253997,75,103,5638,2003,0.0,3132.0,-0.6865640000000001,-0.326977,FJI,IDN,210390
253998,77,103,5638,2003,7851.0,13914.0,1.606606,0.7394149999999999,FRA,IDN,210390
253999,79,103,5638,2003,0.0,1036.0,-1.370191,-1.028812,FSM,IDN,210390
254000,81,103,5638,2003,440596.0,0.0,1.8712540000000002,0.706205,GBR,IDN,210390
254001,97,103,5638,2003,982016.0,409536.0,0.494569,2.147062,HKG,IDN,210390
254002,102,103,5638,2003,0.0,3810.0,1.2003270000000001,1.091407,HUN,IDN,210390
254003,104,103,5638,2003,1178.0,70678.0,0.33014099999999996,2.836003,IND,IDN,210390
254004,111,103,5638,2003,68964.0,0.0,1.399734,1.044608,ITA,IDN,210390
254005,113,103,5638,2003,0.0,970.0,0.12295,0.377031,JOR,IDN,210390
254006,114,103,5638,2003,1702364.0,156044.0,2.4686630000000003,0.48072600000000004,JPN,IDN,210390
254007,115,103,5638,2003,0.0,684.0,-0.156326,-0.62092,KAZ,IDN,210390
254008,121,103,5638,2003,190981.0,32087.0,1.2611709999999998,0.956308,KOR,IDN,210390
254009,122,103,5638,2003,0.0,4223.0,-0.7943640000000001,-1.1529770000000001,KWT,IDN,210390
254010,128,103,5638,2003,0.0,6616.0,-0.618057,0.101931,LKA,IDN,210390
254011,130,103,5638,2003,0.0,6459.0,0.239608,0.517299,LTU,IDN,210390
254012,132,103,5638,2003,0.0,5367.0,0.520772,0.5631689999999999,LVA,IDN,210390
254013,133,103,5638,2003,0.0,45259.0,-0.294516,-0.413828,MAC,IDN,210390
254014,137,103,5638,2003,0.0,3804.0,-1.201352,-1.031892,MDV,IDN,210390
254015,138,103,5638,2003,0.0,36132.0,0.862509,0.756684,MEX,IDN,210390
254016,151,103,5638,2003,0.0,4860.0,-0.361514,-0.29839899999999997,MUS,IDN,210390
254017,153,103,5638,2003,2492294.0,235001.0,0.728804,0.2168,MYS,IDN,210390
254018,156,103,5638,2003,0.0,2516.0,-0.344934,-0.776632,NCL,IDN,210390
254019,159,103,5638,2003,0.0,2631752.0,-1.859176,-1.234236,NGA,IDN,210390
254020,160,103,5638,2003,0.0,731.0,-0.8661459999999999,-0.8661690000000001,NIC,IDN,210390
254021,162,103,5638,2003,7460.0,104276.0,1.168453,1.7085709999999998,NLD,IDN,210390
254022,163,103,5638,2003,0.0,47195.0,1.1500620000000001,0.258554,NOR,IDN,210390
254023,166,103,5638,2003,1006.0,34632.0,0.589619,0.997301,NZL,IDN,210390
254024,173,103,5638,2003,1723.0,0.0,-0.48627,0.371354,PER,IDN,210390
254025,174,103,5638,2003,10465.0,14505.0,-0.065022,-0.195144,PHL,IDN,210390
254026,176,103,5638,2003,0.0,4668.0,-1.7997330000000002,-1.2110049999999999,PNG,IDN,210390
254027,177,103,5638,2003,0.0,39089.0,0.966622,1.664838,POL,IDN,210390
254028,183,103,5638,2003,0.0,9034.0,-0.209042,-1.0565799999999999,QAT,IDN,210390
254029,188,103,5638,2003,0.0,4259772.0,0.202286,-0.714691,SAU,IDN,210390
254030,192,103,5638,2003,2503830.0,306907.0,1.5080799999999999,0.720337,SGP,IDN,210390
254031,205,103,5638,2003,0.0,8850.0,-0.896925,-0.88623,SUR,IDN,210390
254032,206,103,5638,2003,0.0,679.0,1.22565,0.915518,SVK,IDN,210390
254033,216,103,5638,2003,839046.0,371140.0,0.43010699999999996,1.607408,THA,IDN,210390
254034,220,103,5638,2003,0.0,11379.0,1.21882,-0.118529,TLS,IDN,210390
254035,221,103,5638,2003,0.0,1033.0,-0.8467379999999999,-0.815816,TON,IDN,210390
254036,222,103,5638,2003,0.0,877.0,-0.16738,-0.9820969999999999,TTO,IDN,210390
254037,231,103,5638,2003,1130375.0,352024.0,1.7789220000000001,0.064028,USA,IDN,210390
254038,239,103,5638,2003,0.0,197117.0,-0.633985,0.659696,VNM,IDN,210390
254039,246,103,5638,2003,33734.0,3498.0,0.477987,2.255395,ZAF,IDN,210390
254040,249,103,5638,2003,131782.0,43983.0,1.5924040000000002,1.397843,TWN,IDN,210390
254041,7,104,5638,2003,22810.0,131064.0,0.049637,-0.502691,ARE,IND,210390
254042,8,104,5638,2003,0.0,2201.0,0.302073,0.49069700000000005,ARG,IND,210390
254043,14,104,5638,2003,13615.0,116747.0,0.316879,0.9409489999999999,AUS,IND,210390
254044,18,104,5638,2003,0.0,15996.0,1.361682,1.39536,BEL,IND,210390
254045,22,104,5638,2003,0.0,2888.0,-1.168404,-1.035782,BGD,IND,210390
254046,24,104,5638,2003,0.0,10256.0,-0.10968800000000001,-1.041032,BHR,IND,210390
254047,33,104,5638,2003,0.0,1251.0,0.744166,0.074191,BRB,IND,210390
254048,34,104,5638,2003,0.0,6430.0,-1.342738,-0.978633,BRN,IND,210390
254049,37,104,5638,2003,0.0,675.0,-0.517317,-1.1125770000000001,BWA,IND,210390
254050,39,104,5638,2003,5219.0,156781.0,0.9791540000000001,1.185081,CAN,IND,210390
254051,41,104,5638,2003,0.0,16248.0,2.151037,0.711217,CHE,IND,210390
254052,42,104,5638,2003,0.0,2395.0,-0.06375900000000001,-0.156808,CHL,IND,210390
254053,43,104,5638,2003,305813.0,31113.0,0.579431,2.773139,CHN,IND,210390
254054,44,104,5638,2003,0.0,1061.0,-0.699928,-0.723739,CIV,IND,210390
254055,52,104,5638,2003,0.0,7252.0,-0.193904,-0.5049680000000001,CRI,IND,210390
254056,59,104,5638,2003,0.0,1318.0,1.555749,0.8662059999999999,CZE,IND,210390
254057,61,104,5638,2003,13615.0,168628.0,2.2821919999999998,-2.0985150000000004,DEU,IND,210390
254058,64,104,5638,2003,0.0,2899.0,1.309564,1.245596,DNK,IND,210390
254059,68,104,5638,2003,0.0,36112.0,-0.292923,0.465433,EGY,IND,210390
254060,71,104,5638,2003,2533.0,0.0,0.960684,2.074792,ESP,IND,210390
254061,72,104,5638,2003,0.0,2101.0,0.5913010000000001,0.8489979999999999,EST,IND,210390
254062,74,104,5638,2003,0.0,3444.0,2.077889,0.942501,FIN,IND,210390
254063,77,104,5638,2003,2016.0,3958.0,1.606606,0.7394149999999999,FRA,IND,210390
254064,81,104,5638,2003,211477.0,655952.0,1.8712540000000002,0.706205,GBR,IND,210390
254065,83,104,5638,2003,0.0,5685.0,-1.074188,-0.7127319999999999,GHA,IND,210390
254066,85,104,5638,2003,0.0,2612.0,-2.14752,-1.250048,GIN,IND,210390
254067,87,104,5638,2003,0.0,5862.0,-0.230541,-0.275663,GMB,IND,210390
254068,97,104,5638,2003,20008.0,115453.0,0.494569,2.147062,HKG,IND,210390
254069,103,104,5638,2003,70678.0,1178.0,-0.16802,1.7252990000000001,IDN,IND,210390
254070,106,104,5638,2003,1625.0,103304.0,1.6396130000000002,0.220599,IRL,IND,210390
254071,107,104,5638,2003,0.0,993.0,-0.552146,-0.8668520000000001,IRN,IND,210390
254072,109,104,5638,2003,0.0,10398.0,0.21902800000000003,-0.40818499999999996,ISL,IND,210390
254073,111,104,5638,2003,26586.0,20571.0,1.399734,1.044608,ITA,IND,210390
254074,113,104,5638,2003,0.0,12610.0,0.12295,0.377031,JOR,IND,210390
254075,114,104,5638,2003,52821.0,207239.0,2.4686630000000003,0.48072600000000004,JPN,IND,210390
254076,116,104,5638,2003,0.0,1110.0,-0.3531,0.582992,KEN,IND,210390
254077,118,104,5638,2003,0.0,1054.0,-1.0165620000000002,-1.060454,KHM,IND,210390
254078,120,104,5638,2003,0.0,2199.0,0.555154,-0.405962,KNA,IND,210390
254079,121,104,5638,2003,173241.0,161597.0,1.2611709999999998,0.956308,KOR,IND,210390
254080,122,104,5638,2003,0.0,17641.0,-0.7943640000000001,-1.1529770000000001,KWT,IND,210390
254081,124,104,5638,2003,0.0,3559.0,0.261687,1.053856,LBN,IND,210390
254082,128,104,5638,2003,0.0,14981.0,-0.618057,0.101931,LKA,IND,210390
254083,132,104,5638,2003,0.0,2973.0,0.520772,0.5631689999999999,LVA,IND,210390
254084,133,104,5638,2003,0.0,4882.0,-0.294516,-0.413828,MAC,IND,210390
254085,137,104,5638,2003,0.0,1837.0,-1.201352,-1.031892,MDV,IND,210390
254086,138,104,5638,2003,0.0,10994.0,0.862509,0.756684,MEX,IND,210390
254087,142,104,5638,2003,6681.0,3527.0,1.2138149999999999,-0.015687,MLT,IND,210390
254088,147,104,5638,2003,0.0,5468.0,-1.188243,-1.123693,MOZ,IND,210390
254089,151,104,5638,2003,0.0,3020.0,-0.361514,-0.29839899999999997,MUS,IND,210390
254090,153,104,5638,2003,48564.0,0.0,0.728804,0.2168,MYS,IND,210390
254091,159,104,5638,2003,0.0,8589.0,-1.859176,-1.234236,NGA,IND,210390
254092,162,104,5638,2003,87581.0,32295.0,1.168453,1.7085709999999998,NLD,IND,210390
254093,163,104,5638,2003,0.0,24430.0,1.1500620000000001,0.258554,NOR,IND,210390
254094,164,104,5638,2003,8728.0,30977.0,-0.26353899999999997,1.351717,NPL,IND,210390
254095,166,104,5638,2003,0.0,15243.0,0.589619,0.997301,NZL,IND,210390
254096,167,104,5638,2003,0.0,10055.0,-1.434873,-1.188123,OMN,IND,210390
254097,169,104,5638,2003,8186.0,0.0,-0.050386,-0.039619999999999995,PAN,IND,210390
254098,174,104,5638,2003,10015.0,0.0,-0.065022,-0.195144,PHL,IND,210390
254099,179,104,5638,2003,0.0,13766.0,0.471376,1.647303,PRT,IND,210390
254100,183,104,5638,2003,0.0,1007.0,-0.209042,-1.0565799999999999,QAT,IND,210390
254101,185,104,5638,2003,0.0,1401.0,0.378379,1.0064620000000002,ROU,IND,210390
254102,186,104,5638,2003,0.0,9189.0,1.072729,0.338355,RUS,IND,210390
254103,188,104,5638,2003,0.0,25128.0,0.202286,-0.714691,SAU,IND,210390
254104,192,104,5638,2003,109460.0,11849.0,1.5080799999999999,0.720337,SGP,IND,210390
254105,208,104,5638,2003,0.0,27440.0,2.099224,0.799982,SWE,IND,210390
254106,212,104,5638,2003,1417.0,0.0,-0.868749,-0.326322,SYR,IND,210390
254107,216,104,5638,2003,378000.0,0.0,0.43010699999999996,1.607408,THA,IND,210390
254108,222,104,5638,2003,0.0,3651.0,-0.16738,-0.9820969999999999,TTO,IND,210390
254109,224,104,5638,2003,0.0,2838.0,0.192802,1.9855060000000002,TUR,IND,210390
254110,231,104,5638,2003,396374.0,1633163.0,1.7789220000000001,0.064028,USA,IND,210390
254111,246,104,5638,2003,18175.0,0.0,0.477987,2.255395,ZAF,IND,210390
254112,249,104,5638,2003,0.0,82816.0,1.5924040000000002,1.397843,TWN,IND,210390
254113,14,106,5638,2003,112972.0,0.0,0.316879,0.9409489999999999,AUS,IRL,210390
254114,15,106,5638,2003,4406.0,16032.0,1.834977,0.408096,AUT,IRL,210390
254115,18,106,5638,2003,632060.0,108014.0,1.361682,1.39536,BEL,IRL,210390
254116,39,106,5638,2003,27249.0,1360.0,0.9791540000000001,1.185081,CAN,IRL,210390
254117,41,106,5638,2003,366053.0,11322.0,2.151037,0.711217,CHE,IRL,210390
254118,43,106,5638,2003,23246.0,0.0,0.579431,2.773139,CHN,IRL,210390
254119,58,106,5638,2003,0.0,22881.0,0.259992,0.068914,CYP,IRL,210390
254120,59,106,5638,2003,12956.0,3875.0,1.555749,0.8662059999999999,CZE,IRL,210390
254121,61,106,5638,2003,2555263.0,406326.0,2.2821919999999998,-2.0985150000000004,DEU,IRL,210390
254122,64,106,5638,2003,78209.0,7085.0,1.309564,1.245596,DNK,IRL,210390
254123,71,106,5638,2003,28810.0,133088.0,0.960684,2.074792,ESP,IRL,210390
254124,77,106,5638,2003,695569.0,366176.0,1.606606,0.7394149999999999,FRA,IRL,210390
254125,81,106,5638,2003,34622172.0,11779078.0,1.8712540000000002,0.706205,GBR,IRL,210390
254126,90,106,5638,2003,0.0,13249.0,0.364688,1.4823959999999998,GRC,IRL,210390
254127,97,106,5638,2003,124974.0,0.0,0.494569,2.147062,HKG,IRL,210390
254128,104,106,5638,2003,103304.0,1625.0,0.33014099999999996,2.836003,IND,IRL,210390
254129,109,106,5638,2003,0.0,1527.0,0.21902800000000003,-0.40818499999999996,ISL,IRL,210390
254130,111,106,5638,2003,937371.0,0.0,1.399734,1.044608,ITA,IRL,210390
254131,113,106,5638,2003,0.0,82846.0,0.12295,0.377031,JOR,IRL,210390
254132,114,106,5638,2003,28996.0,6042.0,2.4686630000000003,0.48072600000000004,JPN,IRL,210390
254133,121,106,5638,2003,2066.0,0.0,1.2611709999999998,0.956308,KOR,IRL,210390
254134,122,106,5638,2003,0.0,11075.0,-0.7943640000000001,-1.1529770000000001,KWT,IRL,210390
254135,130,106,5638,2003,10889.0,0.0,0.239608,0.517299,LTU,IRL,210390
254136,142,106,5638,2003,0.0,3301.0,1.2138149999999999,-0.015687,MLT,IRL,210390
254137,153,106,5638,2003,25896.0,0.0,0.728804,0.2168,MYS,IRL,210390
254138,162,106,5638,2003,4038810.0,137818.0,1.168453,1.7085709999999998,NLD,IRL,210390
254139,163,106,5638,2003,0.0,2136.0,1.1500620000000001,0.258554,NOR,IRL,210390
254140,166,106,5638,2003,0.0,5312.0,0.589619,0.997301,NZL,IRL,210390
254141,174,106,5638,2003,59800.0,0.0,-0.065022,-0.195144,PHL,IRL,210390
254142,177,106,5638,2003,7034.0,0.0,0.966622,1.664838,POL,IRL,210390
254143,179,106,5638,2003,17897.0,29086.0,0.471376,1.647303,PRT,IRL,210390
254144,188,106,5638,2003,2741.0,21956.0,0.202286,-0.714691,SAU,IRL,210390
254145,192,106,5638,2003,24176.0,4052.0,1.5080799999999999,0.720337,SGP,IRL,210390
254146,208,106,5638,2003,311007.0,1309.0,2.099224,0.799982,SWE,IRL,210390
254147,216,106,5638,2003,229063.0,0.0,0.43010699999999996,1.607408,THA,IRL,210390
254148,231,106,5638,2003,226637.0,264990.0,1.7789220000000001,0.064028,USA,IRL,210390
254149,246,106,5638,2003,104206.0,4587.0,0.477987,2.255395,ZAF,IRL,210390
254150,247,106,5638,2003,0.0,6418.0,-0.678149,-0.5919449999999999,ZMB,IRL,210390
254151,250,106,5638,2003,91675.0,0.0,0.45951499999999995,-0.2312,ANS,IRL,210390
254152,8,110,5638,2003,3613.0,0.0,0.302073,0.49069700000000005,ARG,ISR,210390
254153,14,110,5638,2003,0.0,11075.0,0.316879,0.9409489999999999,AUS,ISR,210390
254154,15,110,5638,2003,13157.0,2972.0,1.834977,0.408096,AUT,ISR,210390
254155,16,110,5638,2003,2492.0,0.0,-0.304606,-0.975453,AZE,ISR,210390
254156,18,110,5638,2003,231991.0,457051.0,1.361682,1.39536,BEL,ISR,210390
254157,23,110,5638,2003,16896.0,0.0,0.43308599999999997,1.7104099999999998,BGR,ISR,210390
254158,28,110,5638,2003,0.0,571.0,0.847358,0.9307719999999999,BLR,ISR,210390
254159,39,110,5638,2003,22830.0,23913.0,0.9791540000000001,1.185081,CAN,ISR,210390
254160,41,110,5638,2003,54704.0,12454.0,2.151037,0.711217,CHE,ISR,210390
254161,43,110,5638,2003,25428.0,0.0,0.579431,2.773139,CHN,ISR,210390
254162,58,110,5638,2003,0.0,23259.0,0.259992,0.068914,CYP,ISR,210390
254163,59,110,5638,2003,0.0,4530.0,1.555749,0.8662059999999999,CZE,ISR,210390
254164,61,110,5638,2003,45350.0,9952.0,2.2821919999999998,-2.0985150000000004,DEU,ISR,210390
254165,64,110,5638,2003,0.0,3263.0,1.309564,1.245596,DNK,ISR,210390
254166,71,110,5638,2003,498783.0,0.0,0.960684,2.074792,ESP,ISR,210390
254167,77,110,5638,2003,122840.0,442263.0,1.606606,0.7394149999999999,FRA,ISR,210390
254168,81,110,5638,2003,88477.0,107093.0,1.8712540000000002,0.706205,GBR,ISR,210390
254169,82,110,5638,2003,14494.0,854.0,0.595485,-0.25939,GEO,ISR,210390
254170,97,110,5638,2003,49967.0,4276.0,0.494569,2.147062,HKG,ISR,210390
254171,100,110,5638,2003,10192.0,0.0,0.568394,1.230759,HRV,ISR,210390
254172,102,110,5638,2003,2595.0,2453.0,1.2003270000000001,1.091407,HUN,ISR,210390
254173,111,110,5638,2003,121670.0,25577.0,1.399734,1.044608,ITA,ISR,210390
254174,114,110,5638,2003,98294.0,0.0,2.4686630000000003,0.48072600000000004,JPN,ISR,210390
254175,115,110,5638,2003,0.0,118168.0,-0.156326,-0.62092,KAZ,ISR,210390
254176,121,110,5638,2003,3130.0,0.0,1.2611709999999998,0.956308,KOR,ISR,210390
254177,132,110,5638,2003,9703.0,0.0,0.520772,0.5631689999999999,LVA,ISR,210390
254178,138,110,5638,2003,0.0,8767.0,0.862509,0.756684,MEX,ISR,210390
254179,162,110,5638,2003,73744.0,12437.0,1.168453,1.7085709999999998,NLD,ISR,210390
254180,169,110,5638,2003,0.0,6549.0,-0.050386,-0.039619999999999995,PAN,ISR,210390
254181,174,110,5638,2003,15867.0,0.0,-0.065022,-0.195144,PHL,ISR,210390
254182,177,110,5638,2003,42533.0,0.0,0.966622,1.664838,POL,ISR,210390
254183,186,110,5638,2003,84032.0,2307907.0,1.072729,0.338355,RUS,ISR,210390
254184,192,110,5638,2003,0.0,7425.0,1.5080799999999999,0.720337,SGP,ISR,210390
254185,216,110,5638,2003,755013.0,47041.0,0.43010699999999996,1.607408,THA,ISR,210390
254186,224,110,5638,2003,10565.0,1129108.0,0.192802,1.9855060000000002,TUR,ISR,210390
254187,228,110,5638,2003,5910.0,403702.0,0.8929389999999999,0.956685,UKR,ISR,210390
254188,231,110,5638,2003,2670727.0,231793.0,1.7789220000000001,0.064028,USA,ISR,210390
254189,232,110,5638,2003,0.0,1000.0,-0.285978,-0.703334,UZB,ISR,210390
254190,246,110,5638,2003,7700.0,39969.0,0.477987,2.255395,ZAF,ISR,210390
254191,249,110,5638,2003,0.0,2547.0,1.5924040000000002,1.397843,TWN,ISR,210390
254192,250,110,5638,2003,0.0,2000.0,0.45951499999999995,-0.2312,ANS,ISR,210390
254193,2,111,5638,2003,0.0,6342.0,-1.8762919999999998,-1.176541,AGO,ITA,210390
254194,4,111,5638,2003,0.0,845465.0,-0.053595000000000004,0.166034,ALB,ITA,210390
254195,5,111,5638,2003,0.0,1051.0,1.0901319999999999,0.618693,AND,ITA,210390
254196,6,111,5638,2003,0.0,24549.0,0.108903,-0.650137,ANT,ITA,210390
254197,7,111,5638,2003,0.0,32173.0,0.049637,-0.502691,ARE,ITA,210390
254198,8,111,5638,2003,4507.0,8763.0,0.302073,0.49069700000000005,ARG,ITA,210390
254199,9,111,5638,2003,0.0,5825.0,0.497521,-0.305788,ARM,ITA,210390
254200,14,111,5638,2003,0.0,1422486.0,0.316879,0.9409489999999999,AUS,ITA,210390
254201,15,111,5638,2003,2089445.0,2439748.0,1.834977,0.408096,AUT,ITA,210390
254202,18,111,5638,2003,2096986.0,5768116.0,1.361682,1.39536,BEL,ITA,210390
254203,22,111,5638,2003,0.0,1585.0,-1.168404,-1.035782,BGD,ITA,210390
254204,23,111,5638,2003,0.0,8852.0,0.43308599999999997,1.7104099999999998,BGR,ITA,210390
254205,26,111,5638,2003,0.0,150940.0,0.195667,0.347011,BIH,ITA,210390
254206,30,111,5638,2003,0.0,2902.0,0.9966459999999999,-0.5183270000000001,BMU,ITA,210390
254207,31,111,5638,2003,0.0,1287.0,-0.787995,-0.7228899999999999,BOL,ITA,210390
254208,32,111,5638,2003,0.0,202495.0,0.660576,1.118876,BRA,ITA,210390
254209,33,111,5638,2003,0.0,2662.0,0.744166,0.074191,BRB,ITA,210390
254210,34,111,5638,2003,0.0,8783.0,-1.342738,-0.978633,BRN,ITA,210390
254211,39,111,5638,2003,8098.0,1175475.0,0.9791540000000001,1.185081,CAN,ITA,210390
254212,41,111,5638,2003,2167346.0,5204660.0,2.151037,0.711217,CHE,ITA,210390
254213,42,111,5638,2003,0.0,85924.0,-0.06375900000000001,-0.156808,CHL,ITA,210390
254214,43,111,5638,2003,71203.0,54534.0,0.579431,2.773139,CHN,ITA,210390
254215,44,111,5638,2003,0.0,29191.0,-0.699928,-0.723739,CIV,ITA,210390
254216,45,111,5638,2003,0.0,3118.0,-1.254788,-1.10897,CMR,ITA,210390
254217,47,111,5638,2003,0.0,1402.0,-1.6789619999999998,-1.182557,COG,ITA,210390
254218,49,111,5638,2003,0.0,24749.0,0.218336,0.376869,COL,ITA,210390
254219,51,111,5638,2003,0.0,13375.0,0.070649,-0.541279,CPV,ITA,210390
254220,52,111,5638,2003,0.0,62759.0,-0.193904,-0.5049680000000001,CRI,ITA,210390
254221,54,111,5638,2003,0.0,24606.0,-0.391515,-0.8562120000000001,CUB,ITA,210390
254222,58,111,5638,2003,0.0,93834.0,0.259992,0.068914,CYP,ITA,210390
254223,59,111,5638,2003,3185.0,256661.0,1.555749,0.8662059999999999,CZE,ITA,210390
254224,61,111,5638,2003,11438578.0,40412964.0,2.2821919999999998,-2.0985150000000004,DEU,ITA,210390
254225,63,111,5638,2003,0.0,3213.0,0.11903299999999999,-0.21768200000000001,DMA,ITA,210390
254226,64,111,5638,2003,24999.0,2408539.0,1.309564,1.245596,DNK,ITA,210390
254227,65,111,5638,2003,1841.0,6292.0,-0.46264399999999994,-0.245034,DOM,ITA,210390
254228,66,111,5638,2003,0.0,15049.0,-1.060727,-1.142594,DZA,ITA,210390
254229,67,111,5638,2003,887.0,19939.0,-0.8689370000000001,-0.889767,ECU,ITA,210390
254230,68,111,5638,2003,11716.0,7313.0,-0.292923,0.465433,EGY,ITA,210390
254231,69,111,5638,2003,0.0,15357.0,-0.105591,-0.247614,ERI,ITA,210390
254232,71,111,5638,2003,27016624.0,5161078.0,0.960684,2.074792,ESP,ITA,210390
254233,72,111,5638,2003,0.0,8715.0,0.5913010000000001,0.8489979999999999,EST,ITA,210390
254234,73,111,5638,2003,0.0,1525.0,-1.1145559999999999,-0.9599620000000001,ETH,ITA,210390
254235,74,111,5638,2003,3313.0,1854616.0,2.077889,0.942501,FIN,ITA,210390
254236,77,111,5638,2003,2378041.0,11356263.0,1.606606,0.7394149999999999,FRA,ITA,210390
254237,78,111,5638,2003,0.0,895.0,-0.46422299999999994,-0.8072050000000001,FRO,ITA,210390
254238,81,111,5638,2003,2608402.0,20759586.0,1.8712540000000002,0.706205,GBR,ITA,210390
254239,82,111,5638,2003,0.0,38259.0,0.595485,-0.25939,GEO,ITA,210390
254240,83,111,5638,2003,0.0,10369.0,-1.074188,-0.7127319999999999,GHA,ITA,210390
254241,84,111,5638,2003,0.0,5022.0,1.133606,-0.176782,GIB,ITA,210390
254242,90,111,5638,2003,2703.0,1020957.0,0.364688,1.4823959999999998,GRC,ITA,210390
254243,92,111,5638,2003,0.0,191.0,-0.764655,-0.8684200000000001,GRL,ITA,210390
254244,93,111,5638,2003,0.0,3892.0,-0.444162,0.145319,GTM,ITA,210390
254245,97,111,5638,2003,17065.0,285011.0,0.494569,2.147062,HKG,ITA,210390
254246,99,111,5638,2003,0.0,3560.0,-0.733546,-0.568585,HND,ITA,210390
254247,100,111,5638,2003,5709.0,175939.0,0.568394,1.230759,HRV,ITA,210390
254248,102,111,5638,2003,384335.0,52506.0,1.2003270000000001,1.091407,HUN,ITA,210390
254249,103,111,5638,2003,0.0,68964.0,-0.16802,1.7252990000000001,IDN,ITA,210390
254250,104,111,5638,2003,20571.0,26586.0,0.33014099999999996,2.836003,IND,ITA,210390
254251,106,111,5638,2003,0.0,937371.0,1.6396130000000002,0.220599,IRL,ITA,210390
254252,107,111,5638,2003,0.0,2292.0,-0.552146,-0.8668520000000001,IRN,ITA,210390
254253,109,111,5638,2003,0.0,95017.0,0.21902800000000003,-0.40818499999999996,ISL,ITA,210390
254254,110,111,5638,2003,25577.0,121670.0,1.157809,0.682195,ISR,ITA,210390
254255,113,111,5638,2003,6538.0,5711.0,0.12295,0.377031,JOR,ITA,210390
254256,114,111,5638,2003,270582.0,2756046.0,2.4686630000000003,0.48072600000000004,JPN,ITA,210390
254257,115,111,5638,2003,0.0,903.0,-0.156326,-0.62092,KAZ,ITA,210390
254258,116,111,5638,2003,0.0,6675.0,-0.3531,0.582992,KEN,ITA,210390
254259,121,111,5638,2003,3634.0,1370573.0,1.2611709999999998,0.956308,KOR,ITA,210390
254260,122,111,5638,2003,0.0,157057.0,-0.7943640000000001,-1.1529770000000001,KWT,ITA,210390
254261,124,111,5638,2003,0.0,63116.0,0.261687,1.053856,LBN,ITA,210390
254262,126,111,5638,2003,0.0,4342.0,-0.36075999999999997,-1.110575,LBY,ITA,210390
254263,128,111,5638,2003,25018.0,1361.0,-0.618057,0.101931,LKA,ITA,210390
254264,130,111,5638,2003,0.0,9267.0,0.239608,0.517299,LTU,ITA,210390
254265,131,111,5638,2003,0.0,225442.0,1.444996,1.063764,LUX,ITA,210390
254266,132,111,5638,2003,0.0,31080.0,0.520772,0.5631689999999999,LVA,ITA,210390
254267,133,111,5638,2003,0.0,1663.0,-0.294516,-0.413828,MAC,ITA,210390
254268,134,111,5638,2003,0.0,38679.0,-0.6842050000000001,-0.217892,MAR,ITA,210390
254269,135,111,5638,2003,0.0,1884.0,-0.005154,-0.26107199999999997,MDA,ITA,210390
254270,136,111,5638,2003,0.0,884.0,-1.254758,-0.622696,MDG,ITA,210390
254271,137,111,5638,2003,0.0,2614.0,-1.201352,-1.031892,MDV,ITA,210390
254272,138,111,5638,2003,20638.0,168923.0,0.862509,0.756684,MEX,ITA,210390
254273,140,111,5638,2003,0.0,17056.0,-0.017632,0.225394,MKD,ITA,210390
254274,141,111,5638,2003,0.0,5732.0,-0.786411,-0.879049,MLI,ITA,210390
254275,142,111,5638,2003,0.0,199546.0,1.2138149999999999,-0.015687,MLT,ITA,210390
254276,143,111,5638,2003,0.0,2852.0,-1.435123,-1.0948,MMR,ITA,210390
254277,147,111,5638,2003,0.0,7543.0,-1.188243,-1.123693,MOZ,ITA,210390
254278,151,111,5638,2003,0.0,16954.0,-0.361514,-0.29839899999999997,MUS,ITA,210390
254279,153,111,5638,2003,0.0,25366.0,0.728804,0.2168,MYS,ITA,210390
254280,156,111,5638,2003,0.0,1584.0,-0.344934,-0.776632,NCL,ITA,210390
254281,157,111,5638,2003,0.0,3079.0,-0.199296,-0.578264,NER,ITA,210390
254282,159,111,5638,2003,0.0,6909.0,-1.859176,-1.234236,NGA,ITA,210390
254283,160,111,5638,2003,0.0,6000.0,-0.8661459999999999,-0.8661690000000001,NIC,ITA,210390
254284,162,111,5638,2003,1269537.0,13775980.0,1.168453,1.7085709999999998,NLD,ITA,210390
254285,163,111,5638,2003,2466.0,776005.0,1.1500620000000001,0.258554,NOR,ITA,210390
254286,166,111,5638,2003,0.0,100314.0,0.589619,0.997301,NZL,ITA,210390
254287,168,111,5638,2003,1778.0,0.0,-0.6659689999999999,0.137924,PAK,ITA,210390
254288,169,111,5638,2003,0.0,13856.0,-0.050386,-0.039619999999999995,PAN,ITA,210390
254289,173,111,5638,2003,21271.0,35376.0,-0.48627,0.371354,PER,ITA,210390
254290,174,111,5638,2003,377039.0,19820.0,-0.065022,-0.195144,PHL,ITA,210390
254291,177,111,5638,2003,55044.0,527077.0,0.966622,1.664838,POL,ITA,210390
254292,179,111,5638,2003,4719.0,306968.0,0.471376,1.647303,PRT,ITA,210390
254293,182,111,5638,2003,0.0,7488.0,-0.255707,-0.676557,PYF,ITA,210390
254294,183,111,5638,2003,0.0,1649.0,-0.209042,-1.0565799999999999,QAT,ITA,210390
254295,185,111,5638,2003,3730.0,47807.0,0.378379,1.0064620000000002,ROU,ITA,210390
254296,186,111,5638,2003,0.0,129135.0,1.072729,0.338355,RUS,ITA,210390
254297,188,111,5638,2003,1770.0,32090.0,0.202286,-0.714691,SAU,ITA,210390
254298,189,111,5638,2003,0.0,114816.0,0.575326,1.627894,SCG,ITA,210390
254299,190,111,5638,2003,0.0,2529.0,-1.3535059999999999,-1.1701409999999999,SDN,ITA,210390
254300,191,111,5638,2003,0.0,5535.0,-0.25203600000000004,-0.25549299999999997,SEN,ITA,210390
254301,192,111,5638,2003,17654.0,152829.0,1.5080799999999999,0.720337,SGP,ITA,210390
254302,197,111,5638,2003,0.0,1121.0,-0.251357,-0.189917,SLV,ITA,210390
254303,206,111,5638,2003,0.0,36279.0,1.22565,0.915518,SVK,ITA,210390
254304,207,111,5638,2003,8891.0,527252.0,1.6459840000000001,1.014191,SVN,ITA,210390
254305,208,111,5638,2003,104651.0,6531516.0,2.099224,0.799982,SWE,ITA,210390
254306,211,111,5638,2003,0.0,39558.0,-0.44341099999999994,-0.742566,SYC,ITA,210390
254307,212,111,5638,2003,1931.0,0.0,-0.868749,-0.326322,SYR,ITA,210390
254308,215,111,5638,2003,0.0,4373.0,-0.5058590000000001,-0.520586,TGO,ITA,210390
254309,216,111,5638,2003,189199.0,84512.0,0.43010699999999996,1.607408,THA,ITA,210390
254310,222,111,5638,2003,0.0,1471.0,-0.16738,-0.9820969999999999,TTO,ITA,210390
254311,223,111,5638,2003,129719.0,0.0,-0.14845999999999998,0.255092,TUN,ITA,210390
254312,224,111,5638,2003,200937.0,40225.0,0.192802,1.9855060000000002,TUR,ITA,210390
254313,226,111,5638,2003,0.0,5140.0,-1.225217,-0.43662399999999996,TZA,ITA,210390
254314,228,111,5638,2003,0.0,25741.0,0.8929389999999999,0.956685,UKR,ITA,210390
254315,230,111,5638,2003,0.0,1228.0,0.19792200000000001,0.243104,URY,ITA,210390
254316,231,111,5638,2003,821081.0,18760444.0,1.7789220000000001,0.064028,USA,ITA,210390
254317,232,111,5638,2003,0.0,3532.0,-0.285978,-0.703334,UZB,ITA,210390
254318,236,111,5638,2003,0.0,4961.0,0.277805,-0.783697,VEN,ITA,210390
254319,237,111,5638,2003,0.0,3621.0,0.685109,-0.20824299999999998,VGB,ITA,210390
254320,239,111,5638,2003,2376.0,10782.0,-0.633985,0.659696,VNM,ITA,210390
254321,240,111,5638,2003,0.0,15964.0,-0.916386,-0.784439,VUT,ITA,210390
254322,243,111,5638,2003,0.0,1522.0,-1.453584,-1.257815,YEM,ITA,210390
254323,246,111,5638,2003,16753.0,69478.0,0.477987,2.255395,ZAF,ITA,210390
254324,247,111,5638,2003,0.0,3022.0,-0.678149,-0.5919449999999999,ZMB,ITA,210390
254325,249,111,5638,2003,5689.0,83188.0,1.5924040000000002,1.397843,TWN,ITA,210390
254326,250,111,5638,2003,0.0,227052.0,0.45951499999999995,-0.2312,ANS,ITA,210390
254327,6,112,5638,2003,0.0,14658.0,0.108903,-0.650137,ANT,JAM,210390
254328,13,112,5638,2003,0.0,28820.0,0.014283,-0.564587,ATG,JAM,210390
254329,18,112,5638,2003,0.0,2663.0,1.361682,1.39536,BEL,JAM,210390
254330,25,112,5638,2003,0.0,30974.0,0.614422,-0.40984,BHS,JAM,210390
254331,29,112,5638,2003,0.0,37994.0,-0.543555,-0.7596,BLZ,JAM,210390
254332,30,112,5638,2003,0.0,5443.0,0.9966459999999999,-0.5183270000000001,BMU,JAM,210390
254333,33,112,5638,2003,0.0,23383.0,0.744166,0.074191,BRB,JAM,210390
254334,39,112,5638,2003,3579.0,575920.0,0.9791540000000001,1.185081,CAN,JAM,210390
254335,41,112,5638,2003,0.0,1404.0,2.151037,0.711217,CHE,JAM,210390
254336,43,112,5638,2003,2659.0,0.0,0.579431,2.773139,CHN,JAM,210390
254337,52,112,5638,2003,22618.0,0.0,-0.193904,-0.5049680000000001,CRI,JAM,210390
254338,54,112,5638,2003,0.0,4597.0,-0.391515,-0.8562120000000001,CUB,JAM,210390
254339,57,112,5638,2003,0.0,122996.0,0.308768,-0.690944,CYM,JAM,210390
254340,63,112,5638,2003,0.0,1550.0,0.11903299999999999,-0.21768200000000001,DMA,JAM,210390
254341,65,112,5638,2003,31702.0,0.0,-0.46264399999999994,-0.245034,DOM,JAM,210390
254342,67,112,5638,2003,2486.0,0.0,-0.8689370000000001,-0.889767,ECU,JAM,210390
254343,77,112,5638,2003,0.0,47345.0,1.606606,0.7394149999999999,FRA,JAM,210390
254344,81,112,5638,2003,10045.0,496185.0,1.8712540000000002,0.706205,GBR,JAM,210390
254345,91,112,5638,2003,0.0,18958.0,0.3936,-0.258355,GRD,JAM,210390
254346,93,112,5638,2003,91138.0,0.0,-0.444162,0.145319,GTM,JAM,210390
254347,96,112,5638,2003,1579.0,6976.0,-0.59035,-0.7361340000000001,GUY,JAM,210390
254348,97,112,5638,2003,68138.0,0.0,0.494569,2.147062,HKG,JAM,210390
254349,114,112,5638,2003,0.0,211249.0,2.4686630000000003,0.48072600000000004,JPN,JAM,210390
254350,120,112,5638,2003,0.0,5001.0,0.555154,-0.405962,KNA,JAM,210390
254351,127,112,5638,2003,0.0,5960.0,0.318385,-0.342679,LCA,JAM,210390
254352,162,112,5638,2003,0.0,4068.0,1.168453,1.7085709999999998,NLD,JAM,210390
254353,169,112,5638,2003,275373.0,0.0,-0.050386,-0.039619999999999995,PAN,JAM,210390
254354,205,112,5638,2003,0.0,1650.0,-0.896925,-0.88623,SUR,JAM,210390
254355,213,112,5638,2003,15880.0,4075.0,0.306975,-0.288514,TCA,JAM,210390
254356,216,112,5638,2003,12613.0,0.0,0.43010699999999996,1.607408,THA,JAM,210390
254357,222,112,5638,2003,70834.0,101126.0,-0.16738,-0.9820969999999999,TTO,JAM,210390
254358,231,112,5638,2003,1247015.0,5101059.0,1.7789220000000001,0.064028,USA,JAM,210390
254359,234,112,5638,2003,0.0,3939.0,-0.355758,-0.679181,VCT,JAM,210390
254360,236,112,5638,2003,12822.0,0.0,0.277805,-0.783697,VEN,JAM,210390
254361,237,112,5638,2003,0.0,7264.0,0.685109,-0.20824299999999998,VGB,JAM,210390
254362,5,114,5638,2003,0.0,593.0,1.0901319999999999,0.618693,AND,JPN,210390
254363,7,114,5638,2003,0.0,179389.0,0.049637,-0.502691,ARE,JPN,210390
254364,8,114,5638,2003,142130.0,23631.0,0.302073,0.49069700000000005,ARG,JPN,210390
254365,10,114,5638,2003,0.0,10825.0,1.0088139999999999,0.096969,ASM,JPN,210390
254366,14,114,5638,2003,7352656.0,4086015.0,0.316879,0.9409489999999999,AUS,JPN,210390
254367,15,114,5638,2003,14247.0,65020.0,1.834977,0.408096,AUT,JPN,210390
254368,18,114,5638,2003,57586.0,361819.0,1.361682,1.39536,BEL,JPN,210390
254369,24,114,5638,2003,0.0,7450.0,-0.10968800000000001,-1.041032,BHR,JPN,210390
254370,29,114,5638,2003,46323.0,0.0,-0.543555,-0.7596,BLZ,JPN,210390
254371,31,114,5638,2003,0.0,2991.0,-0.787995,-0.7228899999999999,BOL,JPN,210390
254372,32,114,5638,2003,452873.0,330746.0,0.660576,1.118876,BRA,JPN,210390
254373,39,114,5638,2003,897175.0,2471239.0,0.9791540000000001,1.185081,CAN,JPN,210390
254374,41,114,5638,2003,1345342.0,153752.0,2.151037,0.711217,CHE,JPN,210390
254375,42,114,5638,2003,0.0,20669.0,-0.06375900000000001,-0.156808,CHL,JPN,210390
254376,43,114,5638,2003,17474286.0,31490796.0,0.579431,2.773139,CHN,JPN,210390
254377,49,114,5638,2003,13819.0,0.0,0.218336,0.376869,COL,JPN,210390
254378,52,114,5638,2003,0.0,2137.0,-0.193904,-0.5049680000000001,CRI,JPN,210390
254379,58,114,5638,2003,0.0,4662.0,0.259992,0.068914,CYP,JPN,210390
254380,59,114,5638,2003,0.0,4693.0,1.555749,0.8662059999999999,CZE,JPN,210390
254381,61,114,5638,2003,1007051.0,1140338.0,2.2821919999999998,-2.0985150000000004,DEU,JPN,210390
254382,64,114,5638,2003,3575.0,27141.0,1.309564,1.245596,DNK,JPN,210390
254383,66,114,5638,2003,0.0,2030.0,-1.060727,-1.142594,DZA,JPN,210390
254384,71,114,5638,2003,29871.0,243208.0,0.960684,2.074792,ESP,JPN,210390
254385,72,114,5638,2003,0.0,910.0,0.5913010000000001,0.8489979999999999,EST,JPN,210390
254386,74,114,5638,2003,0.0,20989.0,2.077889,0.942501,FIN,JPN,210390
254387,75,114,5638,2003,0.0,5256.0,-0.6865640000000001,-0.326977,FJI,JPN,210390
254388,77,114,5638,2003,781409.0,645337.0,1.606606,0.7394149999999999,FRA,JPN,210390
254389,79,114,5638,2003,0.0,81745.0,-1.370191,-1.028812,FSM,JPN,210390
254390,81,114,5638,2003,1170097.0,1365733.0,1.8712540000000002,0.706205,GBR,JPN,210390
254391,90,114,5638,2003,35694.0,9772.0,0.364688,1.4823959999999998,GRC,JPN,210390
254392,95,114,5638,2003,0.0,619364.0,-0.139991,-0.570695,GUM,JPN,210390
254393,97,114,5638,2003,10543943.0,17874110.0,0.494569,2.147062,HKG,JPN,210390
254394,99,114,5638,2003,0.0,3387.0,-0.733546,-0.568585,HND,JPN,210390
254395,100,114,5638,2003,0.0,2452.0,0.568394,1.230759,HRV,JPN,210390
254396,102,114,5638,2003,0.0,5086.0,1.2003270000000001,1.091407,HUN,JPN,210390
254397,103,114,5638,2003,156044.0,1702364.0,-0.16802,1.7252990000000001,IDN,JPN,210390
254398,104,114,5638,2003,207239.0,52821.0,0.33014099999999996,2.836003,IND,JPN,210390
254399,106,114,5638,2003,6042.0,28996.0,1.6396130000000002,0.220599,IRL,JPN,210390
254400,109,114,5638,2003,0.0,5289.0,0.21902800000000003,-0.40818499999999996,ISL,JPN,210390
254401,110,114,5638,2003,0.0,98294.0,1.157809,0.682195,ISR,JPN,210390
254402,111,114,5638,2003,2756046.0,270582.0,1.399734,1.044608,ITA,JPN,210390
254403,112,114,5638,2003,211249.0,0.0,-0.6684140000000001,-0.915817,JAM,JPN,210390
254404,116,114,5638,2003,0.0,1281.0,-0.3531,0.582992,KEN,JPN,210390
254405,121,114,5638,2003,6356273.0,10769879.0,1.2611709999999998,0.956308,KOR,JPN,210390
254406,122,114,5638,2003,0.0,35275.0,-0.7943640000000001,-1.1529770000000001,KWT,JPN,210390
254407,124,114,5638,2003,0.0,71418.0,0.261687,1.053856,LBN,JPN,210390
254408,128,114,5638,2003,44370.0,11029.0,-0.618057,0.101931,LKA,JPN,210390
254409,130,114,5638,2003,0.0,3808.0,0.239608,0.517299,LTU,JPN,210390
254410,133,114,5638,2003,0.0,1871.0,-0.294516,-0.413828,MAC,JPN,210390
254411,134,114,5638,2003,0.0,1889.0,-0.6842050000000001,-0.217892,MAR,JPN,210390
254412,138,114,5638,2003,2724821.0,30188.0,0.862509,0.756684,MEX,JPN,210390
254413,140,114,5638,2003,33552.0,198.0,-0.017632,0.225394,MKD,JPN,210390
254414,142,114,5638,2003,0.0,4203.0,1.2138149999999999,-0.015687,MLT,JPN,210390
254415,143,114,5638,2003,0.0,11673.0,-1.435123,-1.0948,MMR,JPN,210390
254416,146,114,5638,2003,0.0,199945.0,-0.370942,-0.685771,MNP,JPN,210390
254417,147,114,5638,2003,0.0,4333.0,-1.188243,-1.123693,MOZ,JPN,210390
254418,151,114,5638,2003,0.0,8499.0,-0.361514,-0.29839899999999997,MUS,JPN,210390
254419,153,114,5638,2003,163346.0,1759197.0,0.728804,0.2168,MYS,JPN,210390
254420,156,114,5638,2003,0.0,3199.0,-0.344934,-0.776632,NCL,JPN,210390
254421,160,114,5638,2003,0.0,1041.0,-0.8661459999999999,-0.8661690000000001,NIC,JPN,210390
254422,162,114,5638,2003,133848.0,1515264.0,1.168453,1.7085709999999998,NLD,JPN,210390
254423,163,114,5638,2003,0.0,68307.0,1.1500620000000001,0.258554,NOR,JPN,210390
254424,166,114,5638,2003,19337124.0,767259.0,0.589619,0.997301,NZL,JPN,210390
254425,167,114,5638,2003,0.0,422146.0,-1.434873,-1.188123,OMN,JPN,210390
254426,168,114,5638,2003,11179.0,8334.0,-0.6659689999999999,0.137924,PAK,JPN,210390
254427,169,114,5638,2003,0.0,4453.0,-0.050386,-0.039619999999999995,PAN,JPN,210390
254428,173,114,5638,2003,105107.0,6387.0,-0.48627,0.371354,PER,JPN,210390
254429,174,114,5638,2003,28363.0,2342870.0,-0.065022,-0.195144,PHL,JPN,210390
254430,175,114,5638,2003,0.0,56755.0,-0.478426,-0.85765,PLW,JPN,210390
254431,176,114,5638,2003,0.0,28672.0,-1.7997330000000002,-1.2110049999999999,PNG,JPN,210390
254432,177,114,5638,2003,0.0,10031.0,0.966622,1.664838,POL,JPN,210390
254433,178,114,5638,2003,0.0,42953.0,0.7060420000000001,0.7718,PRK,JPN,210390
254434,179,114,5638,2003,87874.0,0.0,0.471376,1.647303,PRT,JPN,210390
254435,180,114,5638,2003,0.0,5802.0,-0.607733,-0.8577879999999999,PRY,JPN,210390
254436,182,114,5638,2003,0.0,8887.0,-0.255707,-0.676557,PYF,JPN,210390
254437,183,114,5638,2003,0.0,767.0,-0.209042,-1.0565799999999999,QAT,JPN,210390
254438,185,114,5638,2003,0.0,3079.0,0.378379,1.0064620000000002,ROU,JPN,210390
254439,186,114,5638,2003,0.0,234469.0,1.072729,0.338355,RUS,JPN,210390
254440,188,114,5638,2003,0.0,104714.0,0.202286,-0.714691,SAU,JPN,210390
254441,192,114,5638,2003,3476152.0,4365316.0,1.5080799999999999,0.720337,SGP,JPN,210390
254442,197,114,5638,2003,54088.0,0.0,-0.251357,-0.189917,SLV,JPN,210390
254443,207,114,5638,2003,0.0,2296.0,1.6459840000000001,1.014191,SVN,JPN,210390
254444,208,114,5638,2003,0.0,225858.0,2.099224,0.799982,SWE,JPN,210390
254445,212,114,5638,2003,0.0,2961.0,-0.868749,-0.326322,SYR,JPN,210390
254446,216,114,5638,2003,22490756.0,4700512.0,0.43010699999999996,1.607408,THA,JPN,210390
254447,220,114,5638,2003,0.0,4352.0,1.21882,-0.118529,TLS,JPN,210390
254448,223,114,5638,2003,9126.0,801.0,-0.14845999999999998,0.255092,TUN,JPN,210390
254449,224,114,5638,2003,9087.0,14402.0,0.192802,1.9855060000000002,TUR,JPN,210390
254450,231,114,5638,2003,20126952.0,27684614.0,1.7789220000000001,0.064028,USA,JPN,210390
254451,236,114,5638,2003,0.0,25729.0,0.277805,-0.783697,VEN,JPN,210390
254452,239,114,5638,2003,2893164.0,945049.0,-0.633985,0.659696,VNM,JPN,210390
254453,242,114,5638,2003,0.0,4353.0,-0.304377,-0.620659,WSM,JPN,210390
254454,246,114,5638,2003,51678.0,78312.0,0.477987,2.255395,ZAF,JPN,210390
254455,249,114,5638,2003,919294.0,20905174.0,1.5924040000000002,1.397843,TWN,JPN,210390
254456,7,121,5638,2003,0.0,32567.0,0.049637,-0.502691,ARE,KOR,210390
254457,8,121,5638,2003,0.0,49853.0,0.302073,0.49069700000000005,ARG,KOR,210390
254458,14,121,5638,2003,948959.0,675593.0,0.316879,0.9409489999999999,AUS,KOR,210390
254459,15,121,5638,2003,6609.0,4110.0,1.834977,0.408096,AUT,KOR,210390
254460,18,121,5638,2003,114588.0,0.0,1.361682,1.39536,BEL,KOR,210390
254461,22,121,5638,2003,0.0,2746.0,-1.168404,-1.035782,BGD,KOR,210390
254462,24,121,5638,2003,0.0,2283.0,-0.10968800000000001,-1.041032,BHR,KOR,210390
254463,32,121,5638,2003,0.0,41450.0,0.660576,1.118876,BRA,KOR,210390
254464,39,121,5638,2003,30330.0,854128.0,0.9791540000000001,1.185081,CAN,KOR,210390
254465,41,121,5638,2003,203353.0,10013.0,2.151037,0.711217,CHE,KOR,210390
254466,42,121,5638,2003,0.0,167599.0,-0.06375900000000001,-0.156808,CHL,KOR,210390
254467,43,121,5638,2003,39020012.0,5891070.0,0.579431,2.773139,CHN,KOR,210390
254468,44,121,5638,2003,0.0,2723.0,-0.699928,-0.723739,CIV,KOR,210390
254469,59,121,5638,2003,0.0,7007.0,1.555749,0.8662059999999999,CZE,KOR,210390
254470,61,121,5638,2003,1209351.0,197506.0,2.2821919999999998,-2.0985150000000004,DEU,KOR,210390
254471,67,121,5638,2003,0.0,1155.0,-0.8689370000000001,-0.889767,ECU,KOR,210390
254472,71,121,5638,2003,16430.0,29170.0,0.960684,2.074792,ESP,KOR,210390
254473,72,121,5638,2003,0.0,3147.0,0.5913010000000001,0.8489979999999999,EST,KOR,210390
254474,75,121,5638,2003,0.0,3465.0,-0.6865640000000001,-0.326977,FJI,KOR,210390
254475,77,121,5638,2003,10105.0,16705.0,1.606606,0.7394149999999999,FRA,KOR,210390
254476,79,121,5638,2003,0.0,27647.0,-1.370191,-1.028812,FSM,KOR,210390
254477,81,121,5638,2003,4215.0,147551.0,1.8712540000000002,0.706205,GBR,KOR,210390
254478,83,121,5638,2003,0.0,15119.0,-1.074188,-0.7127319999999999,GHA,KOR,210390
254479,93,121,5638,2003,0.0,31528.0,-0.444162,0.145319,GTM,KOR,210390
254480,95,121,5638,2003,0.0,32121.0,-0.139991,-0.570695,GUM,KOR,210390
254481,97,121,5638,2003,852912.0,244081.0,0.494569,2.147062,HKG,KOR,210390
254482,99,121,5638,2003,0.0,1550.0,-0.733546,-0.568585,HND,KOR,210390
254483,103,121,5638,2003,32087.0,190981.0,-0.16802,1.7252990000000001,IDN,KOR,210390
254484,104,121,5638,2003,161597.0,173241.0,0.33014099999999996,2.836003,IND,KOR,210390
254485,106,121,5638,2003,0.0,2066.0,1.6396130000000002,0.220599,IRL,KOR,210390
254486,110,121,5638,2003,0.0,3130.0,1.157809,0.682195,ISR,KOR,210390
254487,111,121,5638,2003,1370573.0,3634.0,1.399734,1.044608,ITA,KOR,210390
254488,113,121,5638,2003,0.0,1098.0,0.12295,0.377031,JOR,KOR,210390
254489,114,121,5638,2003,10769879.0,6356273.0,2.4686630000000003,0.48072600000000004,JPN,KOR,210390
254490,115,121,5638,2003,0.0,9732.0,-0.156326,-0.62092,KAZ,KOR,210390
254491,116,121,5638,2003,0.0,5096.0,-0.3531,0.582992,KEN,KOR,210390
254492,118,121,5638,2003,0.0,7609.0,-1.0165620000000002,-1.060454,KHM,KOR,210390
254493,122,121,5638,2003,0.0,20481.0,-0.7943640000000001,-1.1529770000000001,KWT,KOR,210390
254494,126,121,5638,2003,0.0,76290.0,-0.36075999999999997,-1.110575,LBY,KOR,210390
254495,128,121,5638,2003,0.0,2520.0,-0.618057,0.101931,LKA,KOR,210390
254496,130,121,5638,2003,0.0,7043.0,0.239608,0.517299,LTU,KOR,210390
254497,133,121,5638,2003,0.0,26118.0,-0.294516,-0.413828,MAC,KOR,210390
254498,134,121,5638,2003,0.0,28437.0,-0.6842050000000001,-0.217892,MAR,KOR,210390
254499,138,121,5638,2003,99350.0,34238.0,0.862509,0.756684,MEX,KOR,210390
254500,145,121,5638,2003,0.0,1616351.0,-0.9747620000000001,-1.026308,MNG,KOR,210390
254501,146,121,5638,2003,0.0,35064.0,-0.370942,-0.685771,MNP,KOR,210390
254502,153,121,5638,2003,233577.0,236657.0,0.728804,0.2168,MYS,KOR,210390
254503,159,121,5638,2003,0.0,176874.0,-1.859176,-1.234236,NGA,KOR,210390
254504,160,121,5638,2003,0.0,1185.0,-0.8661459999999999,-0.8661690000000001,NIC,KOR,210390
254505,162,121,5638,2003,14452.0,81778.0,1.168453,1.7085709999999998,NLD,KOR,210390
254506,163,121,5638,2003,10719.0,3437.0,1.1500620000000001,0.258554,NOR,KOR,210390
254507,164,121,5638,2003,0.0,1932.0,-0.26353899999999997,1.351717,NPL,KOR,210390
254508,166,121,5638,2003,555294.0,247416.0,0.589619,0.997301,NZL,KOR,210390
254509,168,121,5638,2003,4796.0,0.0,-0.6659689999999999,0.137924,PAK,KOR,210390
254510,173,121,5638,2003,0.0,27310.0,-0.48627,0.371354,PER,KOR,210390
254511,174,121,5638,2003,5961.0,165344.0,-0.065022,-0.195144,PHL,KOR,210390
254512,180,121,5638,2003,0.0,18254.0,-0.607733,-0.8577879999999999,PRY,KOR,210390
254513,186,121,5638,2003,0.0,16637068.0,1.072729,0.338355,RUS,KOR,210390
254514,188,121,5638,2003,0.0,16699.0,0.202286,-0.714691,SAU,KOR,210390
254515,192,121,5638,2003,471514.0,473816.0,1.5080799999999999,0.720337,SGP,KOR,210390
254516,197,121,5638,2003,115640.0,0.0,-0.251357,-0.189917,SLV,KOR,210390
254517,208,121,5638,2003,0.0,1848.0,2.099224,0.799982,SWE,KOR,210390
254518,216,121,5638,2003,1445566.0,4528.0,0.43010699999999996,1.607408,THA,KOR,210390
254519,228,121,5638,2003,0.0,14258.0,0.8929389999999999,0.956685,UKR,KOR,210390
254520,231,121,5638,2003,6226257.0,5312705.0,1.7789220000000001,0.064028,USA,KOR,210390
254521,239,121,5638,2003,21419.0,42797.0,-0.633985,0.659696,VNM,KOR,210390
254522,246,121,5638,2003,0.0,1922.0,0.477987,2.255395,ZAF,KOR,210390
254523,249,121,5638,2003,116654.0,513025.0,1.5924040000000002,1.397843,TWN,KOR,210390
254524,250,121,5638,2003,9873.0,0.0,0.45951499999999995,-0.2312,ANS,KOR,210390
254525,7,124,5638,2003,95478.0,6283.0,0.049637,-0.502691,ARE,LBN,210390
254526,14,124,5638,2003,22868.0,29487.0,0.316879,0.9409489999999999,AUS,LBN,210390
254527,15,124,5638,2003,1762.0,0.0,1.834977,0.408096,AUT,LBN,210390
254528,18,124,5638,2003,418123.0,0.0,1.361682,1.39536,BEL,LBN,210390
254529,32,124,5638,2003,2399.0,2061.0,0.660576,1.118876,BRA,LBN,210390
254530,39,124,5638,2003,6879.0,40982.0,0.9791540000000001,1.185081,CAN,LBN,210390
254531,41,124,5638,2003,7632.0,1218.0,2.151037,0.711217,CHE,LBN,210390
254532,42,124,5638,2003,0.0,587.0,-0.06375900000000001,-0.156808,CHL,LBN,210390
254533,43,124,5638,2003,22855.0,0.0,0.579431,2.773139,CHN,LBN,210390
254534,44,124,5638,2003,0.0,3193.0,-0.699928,-0.723739,CIV,LBN,210390
254535,45,124,5638,2003,0.0,1197.0,-1.254788,-1.10897,CMR,LBN,210390
254536,58,124,5638,2003,1864.0,0.0,0.259992,0.068914,CYP,LBN,210390
254537,59,124,5638,2003,0.0,4017.0,1.555749,0.8662059999999999,CZE,LBN,210390
254538,61,124,5638,2003,132376.0,8107.0,2.2821919999999998,-2.0985150000000004,DEU,LBN,210390
254539,64,124,5638,2003,0.0,20959.0,1.309564,1.245596,DNK,LBN,210390
254540,68,124,5638,2003,33880.0,1000.0,-0.292923,0.465433,EGY,LBN,210390
254541,71,124,5638,2003,459628.0,3551.0,0.960684,2.074792,ESP,LBN,210390
254542,77,124,5638,2003,1135911.0,3739.0,1.606606,0.7394149999999999,FRA,LBN,210390
254543,81,124,5638,2003,207986.0,45835.0,1.8712540000000002,0.706205,GBR,LBN,210390
254544,83,124,5638,2003,0.0,13572.0,-1.074188,-0.7127319999999999,GHA,LBN,210390
254545,85,124,5638,2003,0.0,2154.0,-2.14752,-1.250048,GIN,LBN,210390
254546,87,124,5638,2003,0.0,3353.0,-0.230541,-0.275663,GMB,LBN,210390
254547,90,124,5638,2003,0.0,1556.0,0.364688,1.4823959999999998,GRC,LBN,210390
254548,97,124,5638,2003,12814.0,0.0,0.494569,2.147062,HKG,LBN,210390
254549,104,124,5638,2003,3559.0,0.0,0.33014099999999996,2.836003,IND,LBN,210390
254550,108,124,5638,2003,0.0,17002.0,-0.398557,-0.774153,IRQ,LBN,210390
254551,111,124,5638,2003,63116.0,0.0,1.399734,1.044608,ITA,LBN,210390
254552,113,124,5638,2003,0.0,13524.0,0.12295,0.377031,JOR,LBN,210390
254553,114,124,5638,2003,71418.0,0.0,2.4686630000000003,0.48072600000000004,JPN,LBN,210390
254554,122,124,5638,2003,0.0,4734.0,-0.7943640000000001,-1.1529770000000001,KWT,LBN,210390
254555,128,124,5638,2003,2294.0,0.0,-0.618057,0.101931,LKA,LBN,210390
254556,138,124,5638,2003,0.0,901.0,0.862509,0.756684,MEX,LBN,210390
254557,141,124,5638,2003,0.0,583.0,-0.786411,-0.879049,MLI,LBN,210390
254558,153,124,5638,2003,3807.0,0.0,0.728804,0.2168,MYS,LBN,210390
254559,159,124,5638,2003,0.0,6734.0,-1.859176,-1.234236,NGA,LBN,210390
254560,162,124,5638,2003,558085.0,0.0,1.168453,1.7085709999999998,NLD,LBN,210390
254561,163,124,5638,2003,0.0,1355.0,1.1500620000000001,0.258554,NOR,LBN,210390
254562,167,124,5638,2003,2176.0,59758.0,-1.434873,-1.188123,OMN,LBN,210390
254563,174,124,5638,2003,13482.0,0.0,-0.065022,-0.195144,PHL,LBN,210390
254564,180,124,5638,2003,0.0,859.0,-0.607733,-0.8577879999999999,PRY,LBN,210390
254565,183,124,5638,2003,0.0,1373.0,-0.209042,-1.0565799999999999,QAT,LBN,210390
254566,185,124,5638,2003,0.0,1215.0,0.378379,1.0064620000000002,ROU,LBN,210390
254567,188,124,5638,2003,82329.0,4285.0,0.202286,-0.714691,SAU,LBN,210390
254568,191,124,5638,2003,0.0,2650.0,-0.25203600000000004,-0.25549299999999997,SEN,LBN,210390
254569,192,124,5638,2003,5421.0,0.0,1.5080799999999999,0.720337,SGP,LBN,210390
254570,208,124,5638,2003,0.0,6566.0,2.099224,0.799982,SWE,LBN,210390
254571,212,124,5638,2003,11531.0,1281.0,-0.868749,-0.326322,SYR,LBN,210390
254572,216,124,5638,2003,16744.0,0.0,0.43010699999999996,1.607408,THA,LBN,210390
254573,224,124,5638,2003,73113.0,0.0,0.192802,1.9855060000000002,TUR,LBN,210390
254574,231,124,5638,2003,723757.0,191286.0,1.7789220000000001,0.064028,USA,LBN,210390
254575,236,124,5638,2003,0.0,4415.0,0.277805,-0.783697,VEN,LBN,210390
254576,246,124,5638,2003,5791.0,0.0,0.477987,2.255395,ZAF,LBN,210390
254577,247,124,5638,2003,0.0,3209.0,-0.678149,-0.5919449999999999,ZMB,LBN,210390
254578,250,124,5638,2003,1125.0,161061.0,0.45951499999999995,-0.2312,ANS,LBN,210390
254579,7,128,5638,2003,9555.0,5708.0,0.049637,-0.502691,ARE,LKA,210390
254580,14,128,5638,2003,83317.0,111748.0,0.316879,0.9409489999999999,AUS,LKA,210390
254581,15,128,5638,2003,0.0,843.0,1.834977,0.408096,AUT,LKA,210390
254582,24,128,5638,2003,991.0,0.0,-0.10968800000000001,-1.041032,BHR,LKA,210390
254583,39,128,5638,2003,0.0,24111.0,0.9791540000000001,1.185081,CAN,LKA,210390
254584,41,128,5638,2003,1685.0,5005.0,2.151037,0.711217,CHE,LKA,210390
254585,42,128,5638,2003,0.0,66029.0,-0.06375900000000001,-0.156808,CHL,LKA,210390
254586,43,128,5638,2003,9269.0,855.0,0.579431,2.773139,CHN,LKA,210390
254587,61,128,5638,2003,6094.0,18325.0,2.2821919999999998,-2.0985150000000004,DEU,LKA,210390
254588,64,128,5638,2003,0.0,3572.0,1.309564,1.245596,DNK,LKA,210390
254589,68,128,5638,2003,0.0,2498.0,-0.292923,0.465433,EGY,LKA,210390
254590,77,128,5638,2003,0.0,15891.0,1.606606,0.7394149999999999,FRA,LKA,210390
254591,81,128,5638,2003,27185.0,9101.0,1.8712540000000002,0.706205,GBR,LKA,210390
254592,97,128,5638,2003,0.0,23435.0,0.494569,2.147062,HKG,LKA,210390
254593,103,128,5638,2003,6616.0,0.0,-0.16802,1.7252990000000001,IDN,LKA,210390
254594,104,128,5638,2003,14981.0,0.0,0.33014099999999996,2.836003,IND,LKA,210390
254595,111,128,5638,2003,1361.0,25018.0,1.399734,1.044608,ITA,LKA,210390
254596,113,128,5638,2003,1797.0,0.0,0.12295,0.377031,JOR,LKA,210390
254597,114,128,5638,2003,11029.0,44370.0,2.4686630000000003,0.48072600000000004,JPN,LKA,210390
254598,121,128,5638,2003,2520.0,0.0,1.2611709999999998,0.956308,KOR,LKA,210390
254599,124,128,5638,2003,0.0,2294.0,0.261687,1.053856,LBN,LKA,210390
254600,137,128,5638,2003,0.0,12568.0,-1.201352,-1.031892,MDV,LKA,210390
254601,138,128,5638,2003,0.0,1062.0,0.862509,0.756684,MEX,LKA,210390
254602,153,128,5638,2003,31245.0,0.0,0.728804,0.2168,MYS,LKA,210390
254603,162,128,5638,2003,76000.0,877.0,1.168453,1.7085709999999998,NLD,LKA,210390
254604,163,128,5638,2003,0.0,3540.0,1.1500620000000001,0.258554,NOR,LKA,210390
254605,166,128,5638,2003,0.0,4085.0,0.589619,0.997301,NZL,LKA,210390
254606,174,128,5638,2003,2575.0,0.0,-0.065022,-0.195144,PHL,LKA,210390
254607,183,128,5638,2003,5085.0,0.0,-0.209042,-1.0565799999999999,QAT,LKA,210390
254608,192,128,5638,2003,227147.0,2520.0,1.5080799999999999,0.720337,SGP,LKA,210390
254609,208,128,5638,2003,0.0,5270.0,2.099224,0.799982,SWE,LKA,210390
254610,212,128,5638,2003,4597.0,0.0,-0.868749,-0.326322,SYR,LKA,210390
254611,216,128,5638,2003,65907.0,0.0,0.43010699999999996,1.607408,THA,LKA,210390
254612,231,128,5638,2003,83117.0,34321.0,1.7789220000000001,0.064028,USA,LKA,210390
254613,246,128,5638,2003,5889.0,0.0,0.477987,2.255395,ZAF,LKA,210390
254614,8,138,5638,2003,4526.0,9737.0,0.302073,0.49069700000000005,ARG,MEX,210390
254615,14,138,5638,2003,0.0,15711.0,0.316879,0.9409489999999999,AUS,MEX,210390
254616,15,138,5638,2003,24471.0,0.0,1.834977,0.408096,AUT,MEX,210390
254617,18,138,5638,2003,0.0,26079.0,1.361682,1.39536,BEL,MEX,210390
254618,22,138,5638,2003,3817.0,0.0,-1.168404,-1.035782,BGD,MEX,210390
254619,25,138,5638,2003,0.0,17722.0,0.614422,-0.40984,BHS,MEX,210390
254620,29,138,5638,2003,0.0,187539.0,-0.543555,-0.7596,BLZ,MEX,210390
254621,31,138,5638,2003,0.0,12288.0,-0.787995,-0.7228899999999999,BOL,MEX,210390
254622,32,138,5638,2003,0.0,6943.0,0.660576,1.118876,BRA,MEX,210390
254623,33,138,5638,2003,0.0,9317.0,0.744166,0.074191,BRB,MEX,210390
254624,39,138,5638,2003,511896.0,246972.0,0.9791540000000001,1.185081,CAN,MEX,210390
254625,41,138,5638,2003,6551.0,9431.0,2.151037,0.711217,CHE,MEX,210390
254626,42,138,5638,2003,0.0,158084.0,-0.06375900000000001,-0.156808,CHL,MEX,210390
254627,43,138,5638,2003,272746.0,94231.0,0.579431,2.773139,CHN,MEX,210390
254628,49,138,5638,2003,0.0,733984.0,0.218336,0.376869,COL,MEX,210390
254629,52,138,5638,2003,24413.0,366486.0,-0.193904,-0.5049680000000001,CRI,MEX,210390
254630,54,138,5638,2003,0.0,92489.0,-0.391515,-0.8562120000000001,CUB,MEX,210390
254631,59,138,5638,2003,0.0,8911.0,1.555749,0.8662059999999999,CZE,MEX,210390
254632,61,138,5638,2003,11821.0,79412.0,2.2821919999999998,-2.0985150000000004,DEU,MEX,210390
254633,64,138,5638,2003,0.0,6938.0,1.309564,1.245596,DNK,MEX,210390
254634,65,138,5638,2003,0.0,681391.0,-0.46264399999999994,-0.245034,DOM,MEX,210390
254635,67,138,5638,2003,8467.0,197692.0,-0.8689370000000001,-0.889767,ECU,MEX,210390
254636,71,138,5638,2003,832693.0,195007.0,0.960684,2.074792,ESP,MEX,210390
254637,72,138,5638,2003,0.0,614.0,0.5913010000000001,0.8489979999999999,EST,MEX,210390
254638,74,138,5638,2003,0.0,17187.0,2.077889,0.942501,FIN,MEX,210390
254639,77,138,5638,2003,155358.0,95448.0,1.606606,0.7394149999999999,FRA,MEX,210390
254640,81,138,5638,2003,287481.0,81508.0,1.8712540000000002,0.706205,GBR,MEX,210390
254641,93,138,5638,2003,40251.0,2323164.0,-0.444162,0.145319,GTM,MEX,210390
254642,97,138,5638,2003,26980.0,337512.0,0.494569,2.147062,HKG,MEX,210390
254643,99,138,5638,2003,0.0,1698851.0,-0.733546,-0.568585,HND,MEX,210390
254644,100,138,5638,2003,0.0,1937.0,0.568394,1.230759,HRV,MEX,210390
254645,101,138,5638,2003,0.0,73728.0,-1.3761290000000002,-1.006346,HTI,MEX,210390
254646,103,138,5638,2003,36132.0,0.0,-0.16802,1.7252990000000001,IDN,MEX,210390
254647,104,138,5638,2003,10994.0,0.0,0.33014099999999996,2.836003,IND,MEX,210390
254648,110,138,5638,2003,8767.0,0.0,1.157809,0.682195,ISR,MEX,210390
254649,111,138,5638,2003,168923.0,20638.0,1.399734,1.044608,ITA,MEX,210390
254650,114,138,5638,2003,30188.0,2724821.0,2.4686630000000003,0.48072600000000004,JPN,MEX,210390
254651,120,138,5638,2003,0.0,1021.0,0.555154,-0.405962,KNA,MEX,210390
254652,121,138,5638,2003,34238.0,99350.0,1.2611709999999998,0.956308,KOR,MEX,210390
254653,122,138,5638,2003,0.0,850.0,-0.7943640000000001,-1.1529770000000001,KWT,MEX,210390
254654,124,138,5638,2003,901.0,0.0,0.261687,1.053856,LBN,MEX,210390
254655,128,138,5638,2003,1062.0,0.0,-0.618057,0.101931,LKA,MEX,210390
254656,142,138,5638,2003,0.0,1532.0,1.2138149999999999,-0.015687,MLT,MEX,210390
254657,151,138,5638,2003,4952.0,0.0,-0.361514,-0.29839899999999997,MUS,MEX,210390
254658,160,138,5638,2003,0.0,27761.0,-0.8661459999999999,-0.8661690000000001,NIC,MEX,210390
254659,162,138,5638,2003,0.0,2784383.0,1.168453,1.7085709999999998,NLD,MEX,210390
254660,166,138,5638,2003,0.0,6875.0,0.589619,0.997301,NZL,MEX,210390
254661,167,138,5638,2003,0.0,5115.0,-1.434873,-1.188123,OMN,MEX,210390
254662,169,138,5638,2003,0.0,198183.0,-0.050386,-0.039619999999999995,PAN,MEX,210390
254663,173,138,5638,2003,0.0,50362.0,-0.48627,0.371354,PER,MEX,210390
254664,174,138,5638,2003,5879.0,0.0,-0.065022,-0.195144,PHL,MEX,210390
254665,177,138,5638,2003,1579.0,0.0,0.966622,1.664838,POL,MEX,210390
254666,179,138,5638,2003,894.0,0.0,0.471376,1.647303,PRT,MEX,210390
254667,182,138,5638,2003,0.0,100.0,-0.255707,-0.676557,PYF,MEX,210390
254668,188,138,5638,2003,0.0,115964.0,0.202286,-0.714691,SAU,MEX,210390
254669,192,138,5638,2003,12596.0,2966.0,1.5080799999999999,0.720337,SGP,MEX,210390
254670,197,138,5638,2003,9716.0,1378025.0,-0.251357,-0.189917,SLV,MEX,210390
254671,207,138,5638,2003,0.0,24097.0,1.6459840000000001,1.014191,SVN,MEX,210390
254672,208,138,5638,2003,0.0,10502.0,2.099224,0.799982,SWE,MEX,210390
254673,212,138,5638,2003,1987.0,0.0,-0.868749,-0.326322,SYR,MEX,210390
254674,216,138,5638,2003,35549.0,0.0,0.43010699999999996,1.607408,THA,MEX,210390
254675,222,138,5638,2003,0.0,29067.0,-0.16738,-0.9820969999999999,TTO,MEX,210390
254676,224,138,5638,2003,1432.0,0.0,0.192802,1.9855060000000002,TUR,MEX,210390
254677,230,138,5638,2003,0.0,1667.0,0.19792200000000001,0.243104,URY,MEX,210390
254678,231,138,5638,2003,53142772.0,50232060.0,1.7789220000000001,0.064028,USA,MEX,210390
254679,236,138,5638,2003,21721.0,2301872.0,0.277805,-0.783697,VEN,MEX,210390
254680,239,138,5638,2003,12695.0,0.0,-0.633985,0.659696,VNM,MEX,210390
254681,246,138,5638,2003,5330.0,0.0,0.477987,2.255395,ZAF,MEX,210390
254682,249,138,5638,2003,78659.0,3973.0,1.5924040000000002,1.397843,TWN,MEX,210390
254683,250,138,5638,2003,0.0,55030.0,0.45951499999999995,-0.2312,ANS,MEX,210390
254684,2,153,5638,2003,0.0,27132.0,-1.8762919999999998,-1.176541,AGO,MYS,210390
254685,7,153,5638,2003,965.0,492614.0,0.049637,-0.502691,ARE,MYS,210390
254686,8,153,5638,2003,0.0,1754.0,0.302073,0.49069700000000005,ARG,MYS,210390
254687,14,153,5638,2003,1577960.0,2561354.0,0.316879,0.9409489999999999,AUS,MYS,210390
254688,15,153,5638,2003,1065.0,16245.0,1.834977,0.408096,AUT,MYS,210390
254689,18,153,5638,2003,1612.0,24673.0,1.361682,1.39536,BEL,MYS,210390
254690,22,153,5638,2003,0.0,65468.0,-1.168404,-1.035782,BGD,MYS,210390
254691,23,153,5638,2003,0.0,1259.0,0.43308599999999997,1.7104099999999998,BGR,MYS,210390
254692,24,153,5638,2003,0.0,57523.0,-0.10968800000000001,-1.041032,BHR,MYS,210390
254693,29,153,5638,2003,0.0,32558.0,-0.543555,-0.7596,BLZ,MYS,210390
254694,32,153,5638,2003,0.0,26778.0,0.660576,1.118876,BRA,MYS,210390
254695,34,153,5638,2003,496.0,2431168.0,-1.342738,-0.978633,BRN,MYS,210390
254696,39,153,5638,2003,9425.0,189052.0,0.9791540000000001,1.185081,CAN,MYS,210390
254697,41,153,5638,2003,13433.0,27098.0,2.151037,0.711217,CHE,MYS,210390
254698,43,153,5638,2003,1015619.0,641313.0,0.579431,2.773139,CHN,MYS,210390
254699,58,153,5638,2003,0.0,1895.0,0.259992,0.068914,CYP,MYS,210390
254700,59,153,5638,2003,0.0,26462.0,1.555749,0.8662059999999999,CZE,MYS,210390
254701,61,153,5638,2003,72335.0,186605.0,2.2821919999999998,-2.0985150000000004,DEU,MYS,210390
254702,64,153,5638,2003,5591.0,134823.0,1.309564,1.245596,DNK,MYS,210390
254703,71,153,5638,2003,4880.0,10796.0,0.960684,2.074792,ESP,MYS,210390
254704,73,153,5638,2003,0.0,1357.0,-1.1145559999999999,-0.9599620000000001,ETH,MYS,210390
254705,74,153,5638,2003,0.0,3036.0,2.077889,0.942501,FIN,MYS,210390
254706,75,153,5638,2003,0.0,19271.0,-0.6865640000000001,-0.326977,FJI,MYS,210390
254707,77,153,5638,2003,20730.0,309274.0,1.606606,0.7394149999999999,FRA,MYS,210390
254708,81,153,5638,2003,774882.0,5414736.0,1.8712540000000002,0.706205,GBR,MYS,210390
254709,83,153,5638,2003,0.0,18207.0,-1.074188,-0.7127319999999999,GHA,MYS,210390
254710,92,153,5638,2003,0.0,2963.0,-0.764655,-0.8684200000000001,GRL,MYS,210390
254711,97,153,5638,2003,2125816.0,1436616.0,0.494569,2.147062,HKG,MYS,210390
254712,103,153,5638,2003,235001.0,2492294.0,-0.16802,1.7252990000000001,IDN,MYS,210390
254713,104,153,5638,2003,0.0,48564.0,0.33014099999999996,2.836003,IND,MYS,210390
254714,106,153,5638,2003,0.0,25896.0,1.6396130000000002,0.220599,IRL,MYS,210390
254715,107,153,5638,2003,0.0,1449142.0,-0.552146,-0.8668520000000001,IRN,MYS,210390
254716,111,153,5638,2003,25366.0,0.0,1.399734,1.044608,ITA,MYS,210390
254717,113,153,5638,2003,0.0,18215.0,0.12295,0.377031,JOR,MYS,210390
254718,114,153,5638,2003,1759197.0,163346.0,2.4686630000000003,0.48072600000000004,JPN,MYS,210390
254719,115,153,5638,2003,0.0,1895.0,-0.156326,-0.62092,KAZ,MYS,210390
254720,118,153,5638,2003,0.0,4935.0,-1.0165620000000002,-1.060454,KHM,MYS,210390
254721,121,153,5638,2003,236657.0,233577.0,1.2611709999999998,0.956308,KOR,MYS,210390
254722,122,153,5638,2003,0.0,121318.0,-0.7943640000000001,-1.1529770000000001,KWT,MYS,210390
254723,124,153,5638,2003,0.0,3807.0,0.261687,1.053856,LBN,MYS,210390
254724,128,153,5638,2003,0.0,31245.0,-0.618057,0.101931,LKA,MYS,210390
254725,132,153,5638,2003,0.0,1178.0,0.520772,0.5631689999999999,LVA,MYS,210390
254726,133,153,5638,2003,0.0,25962.0,-0.294516,-0.413828,MAC,MYS,210390
254727,136,153,5638,2003,0.0,2921.0,-1.254758,-0.622696,MDG,MYS,210390
254728,137,153,5638,2003,0.0,119907.0,-1.201352,-1.031892,MDV,MYS,210390
254729,142,153,5638,2003,0.0,9863.0,1.2138149999999999,-0.015687,MLT,MYS,210390
254730,143,153,5638,2003,4030.0,46237.0,-1.435123,-1.0948,MMR,MYS,210390
254731,151,153,5638,2003,0.0,122116.0,-0.361514,-0.29839899999999997,MUS,MYS,210390
254732,156,153,5638,2003,0.0,1918.0,-0.344934,-0.776632,NCL,MYS,210390
254733,157,153,5638,2003,0.0,1309.0,-0.199296,-0.578264,NER,MYS,210390
254734,159,153,5638,2003,0.0,2557.0,-1.859176,-1.234236,NGA,MYS,210390
254735,162,153,5638,2003,10940.0,702320.0,1.168453,1.7085709999999998,NLD,MYS,210390
254736,163,153,5638,2003,1219.0,8050.0,1.1500620000000001,0.258554,NOR,MYS,210390
254737,164,153,5638,2003,0.0,417.0,-0.26353899999999997,1.351717,NPL,MYS,210390
254738,166,153,5638,2003,14018.0,156242.0,0.589619,0.997301,NZL,MYS,210390
254739,167,153,5638,2003,0.0,24739.0,-1.434873,-1.188123,OMN,MYS,210390
254740,168,153,5638,2003,0.0,137682.0,-0.6659689999999999,0.137924,PAK,MYS,210390
254741,173,153,5638,2003,0.0,5549.0,-0.48627,0.371354,PER,MYS,210390
254742,174,153,5638,2003,319925.0,1836376.0,-0.065022,-0.195144,PHL,MYS,210390
254743,176,153,5638,2003,0.0,14708.0,-1.7997330000000002,-1.2110049999999999,PNG,MYS,210390
254744,177,153,5638,2003,0.0,2429.0,0.966622,1.664838,POL,MYS,210390
254745,179,153,5638,2003,0.0,80565.0,0.471376,1.647303,PRT,MYS,210390
254746,183,153,5638,2003,0.0,13907.0,-0.209042,-1.0565799999999999,QAT,MYS,210390
254747,188,153,5638,2003,0.0,84026.0,0.202286,-0.714691,SAU,MYS,210390
254748,192,153,5638,2003,7276005.0,9796185.0,1.5080799999999999,0.720337,SGP,MYS,210390
254749,206,153,5638,2003,0.0,4730.0,1.22565,0.915518,SVK,MYS,210390
254750,208,153,5638,2003,26826.0,110368.0,2.099224,0.799982,SWE,MYS,210390
254751,212,153,5638,2003,0.0,278090.0,-0.868749,-0.326322,SYR,MYS,210390
254752,216,153,5638,2003,2373826.0,1045614.0,0.43010699999999996,1.607408,THA,MYS,210390
254753,224,153,5638,2003,574034.0,0.0,0.192802,1.9855060000000002,TUR,MYS,210390
254754,226,153,5638,2003,0.0,1524.0,-1.225217,-0.43662399999999996,TZA,MYS,210390
254755,231,153,5638,2003,1244045.0,687379.0,1.7789220000000001,0.064028,USA,MYS,210390
254756,239,153,5638,2003,41104.0,121232.0,-0.633985,0.659696,VNM,MYS,210390
254757,243,153,5638,2003,0.0,6015.0,-1.453584,-1.257815,YEM,MYS,210390
254758,246,153,5638,2003,181074.0,2554.0,0.477987,2.255395,ZAF,MYS,210390
254759,249,153,5638,2003,78268.0,243491.0,1.5924040000000002,1.397843,TWN,MYS,210390
254760,0,162,5638,2003,1131.0,222813.0,-0.13006600000000001,-0.783431,ABW,NLD,210390
254761,1,162,5638,2003,0.0,35062.0,-0.421205,-0.602704,AFG,NLD,210390
254762,2,162,5638,2003,0.0,1121981.0,-1.8762919999999998,-1.176541,AGO,NLD,210390
254763,4,162,5638,2003,0.0,722.0,-0.053595000000000004,0.166034,ALB,NLD,210390
254764,5,162,5638,2003,0.0,2698.0,1.0901319999999999,0.618693,AND,NLD,210390
254765,6,162,5638,2003,0.0,1230560.0,0.108903,-0.650137,ANT,NLD,210390
254766,7,162,5638,2003,3388.0,567907.0,0.049637,-0.502691,ARE,NLD,210390
254767,8,162,5638,2003,0.0,9282.0,0.302073,0.49069700000000005,ARG,NLD,210390
254768,9,162,5638,2003,0.0,5150.0,0.497521,-0.305788,ARM,NLD,210390
254769,14,162,5638,2003,49726.0,510189.0,0.316879,0.9409489999999999,AUS,NLD,210390
254770,15,162,5638,2003,34259.0,3134576.0,1.834977,0.408096,AUT,NLD,210390
254771,17,162,5638,2003,0.0,1036.0,-0.550138,-0.759304,BDI,NLD,210390
254772,18,162,5638,2003,23372868.0,37789424.0,1.361682,1.39536,BEL,NLD,210390
254773,19,162,5638,2003,0.0,63291.0,-1.150888,-0.956203,BEN,NLD,210390
254774,21,162,5638,2003,0.0,109701.0,-0.9365690000000001,-0.9699409999999999,BFA,NLD,210390
254775,22,162,5638,2003,0.0,897.0,-1.168404,-1.035782,BGD,NLD,210390
254776,23,162,5638,2003,0.0,125604.0,0.43308599999999997,1.7104099999999998,BGR,NLD,210390
254777,24,162,5638,2003,0.0,66612.0,-0.10968800000000001,-1.041032,BHR,NLD,210390
254778,26,162,5638,2003,0.0,201041.0,0.195667,0.347011,BIH,NLD,210390
254779,28,162,5638,2003,0.0,19899.0,0.847358,0.9307719999999999,BLR,NLD,210390
254780,29,162,5638,2003,0.0,19111.0,-0.543555,-0.7596,BLZ,NLD,210390
254781,32,162,5638,2003,3546.0,9400.0,0.660576,1.118876,BRA,NLD,210390
254782,33,162,5638,2003,0.0,1358.0,0.744166,0.074191,BRB,NLD,210390
254783,34,162,5638,2003,0.0,762.0,-1.342738,-0.978633,BRN,NLD,210390
254784,39,162,5638,2003,112893.0,238590.0,0.9791540000000001,1.185081,CAN,NLD,210390
254785,41,162,5638,2003,1672201.0,3870451.0,2.151037,0.711217,CHE,NLD,210390
254786,42,162,5638,2003,0.0,24312.0,-0.06375900000000001,-0.156808,CHL,NLD,210390
254787,43,162,5638,2003,867290.0,66009.0,0.579431,2.773139,CHN,NLD,210390
254788,44,162,5638,2003,0.0,25699.0,-0.699928,-0.723739,CIV,NLD,210390
254789,45,162,5638,2003,0.0,32439.0,-1.254788,-1.10897,CMR,NLD,210390
254790,46,162,5638,2003,0.0,176441.0,-1.366232,-1.0778860000000001,COD,NLD,210390
254791,47,162,5638,2003,0.0,135724.0,-1.6789619999999998,-1.182557,COG,NLD,210390
254792,49,162,5638,2003,1012.0,11076.0,0.218336,0.376869,COL,NLD,210390
254793,51,162,5638,2003,0.0,215002.0,0.070649,-0.541279,CPV,NLD,210390
254794,52,162,5638,2003,0.0,2074.0,-0.193904,-0.5049680000000001,CRI,NLD,210390
254795,54,162,5638,2003,0.0,65885.0,-0.391515,-0.8562120000000001,CUB,NLD,210390
254796,58,162,5638,2003,0.0,264132.0,0.259992,0.068914,CYP,NLD,210390
254797,59,162,5638,2003,0.0,806562.0,1.555749,0.8662059999999999,CZE,NLD,210390
254798,61,162,5638,2003,21078874.0,42283424.0,2.2821919999999998,-2.0985150000000004,DEU,NLD,210390
254799,62,162,5638,2003,0.0,2262.0,-0.41648500000000005,-0.5408350000000001,DJI,NLD,210390
254800,64,162,5638,2003,144943.0,9653222.0,1.309564,1.245596,DNK,NLD,210390
254801,66,162,5638,2003,0.0,46977.0,-1.060727,-1.142594,DZA,NLD,210390
254802,67,162,5638,2003,2902.0,0.0,-0.8689370000000001,-0.889767,ECU,NLD,210390
254803,68,162,5638,2003,0.0,34346.0,-0.292923,0.465433,EGY,NLD,210390
254804,69,162,5638,2003,0.0,5071.0,-0.105591,-0.247614,ERI,NLD,210390
254805,71,162,5638,2003,2081743.0,5253624.0,0.960684,2.074792,ESP,NLD,210390
254806,72,162,5638,2003,0.0,81933.0,0.5913010000000001,0.8489979999999999,EST,NLD,210390
254807,73,162,5638,2003,0.0,22271.0,-1.1145559999999999,-0.9599620000000001,ETH,NLD,210390
254808,74,162,5638,2003,554441.0,3477064.0,2.077889,0.942501,FIN,NLD,210390
254809,77,162,5638,2003,3683809.0,7588833.0,1.606606,0.7394149999999999,FRA,NLD,210390
254810,78,162,5638,2003,0.0,116382.0,-0.46422299999999994,-0.8072050000000001,FRO,NLD,210390
254811,80,162,5638,2003,0.0,359945.0,-0.92745,-1.138466,GAB,NLD,210390
254812,81,162,5638,2003,11471440.0,86372096.0,1.8712540000000002,0.706205,GBR,NLD,210390
254813,82,162,5638,2003,0.0,1427.0,0.595485,-0.25939,GEO,NLD,210390
254814,83,162,5638,2003,0.0,618155.0,-1.074188,-0.7127319999999999,GHA,NLD,210390
254815,84,162,5638,2003,0.0,6786.0,1.133606,-0.176782,GIB,NLD,210390
254816,85,162,5638,2003,0.0,53158.0,-2.14752,-1.250048,GIN,NLD,210390
254817,87,162,5638,2003,0.0,1808120.0,-0.230541,-0.275663,GMB,NLD,210390
254818,88,162,5638,2003,0.0,112949.0,0.24509499999999998,-0.612725,GNB,NLD,210390
254819,89,162,5638,2003,0.0,57682.0,-2.4406529999999997,-0.821155,GNQ,NLD,210390
254820,90,162,5638,2003,27463.0,1485025.0,0.364688,1.4823959999999998,GRC,NLD,210390
254821,92,162,5638,2003,0.0,3818.0,-0.764655,-0.8684200000000001,GRL,NLD,210390
254822,93,162,5638,2003,0.0,3507.0,-0.444162,0.145319,GTM,NLD,210390
254823,97,162,5638,2003,4118107.0,35744.0,0.494569,2.147062,HKG,NLD,210390
254824,100,162,5638,2003,1007.0,290078.0,0.568394,1.230759,HRV,NLD,210390
254825,101,162,5638,2003,0.0,42979.0,-1.3761290000000002,-1.006346,HTI,NLD,210390
254826,102,162,5638,2003,63836.0,1100115.0,1.2003270000000001,1.091407,HUN,NLD,210390
254827,103,162,5638,2003,104276.0,7460.0,-0.16802,1.7252990000000001,IDN,NLD,210390
254828,104,162,5638,2003,32295.0,87581.0,0.33014099999999996,2.836003,IND,NLD,210390
254829,106,162,5638,2003,137818.0,4038810.0,1.6396130000000002,0.220599,IRL,NLD,210390
254830,107,162,5638,2003,8250.0,0.0,-0.552146,-0.8668520000000001,IRN,NLD,210390
254831,108,162,5638,2003,0.0,297461.0,-0.398557,-0.774153,IRQ,NLD,210390
254832,109,162,5638,2003,0.0,451741.0,0.21902800000000003,-0.40818499999999996,ISL,NLD,210390
254833,110,162,5638,2003,12437.0,73744.0,1.157809,0.682195,ISR,NLD,210390
254834,111,162,5638,2003,13775980.0,1269537.0,1.399734,1.044608,ITA,NLD,210390
254835,112,162,5638,2003,4068.0,0.0,-0.6684140000000001,-0.915817,JAM,NLD,210390
254836,113,162,5638,2003,11691.0,90282.0,0.12295,0.377031,JOR,NLD,210390
254837,114,162,5638,2003,1515264.0,133848.0,2.4686630000000003,0.48072600000000004,JPN,NLD,210390
254838,115,162,5638,2003,0.0,101059.0,-0.156326,-0.62092,KAZ,NLD,210390
254839,116,162,5638,2003,0.0,19566.0,-0.3531,0.582992,KEN,NLD,210390
254840,121,162,5638,2003,81778.0,14452.0,1.2611709999999998,0.956308,KOR,NLD,210390
254841,122,162,5638,2003,0.0,770568.0,-0.7943640000000001,-1.1529770000000001,KWT,NLD,210390
254842,124,162,5638,2003,0.0,558085.0,0.261687,1.053856,LBN,NLD,210390
254843,125,162,5638,2003,0.0,20359.0,0.026117,-1.03888,LBR,NLD,210390
254844,126,162,5638,2003,0.0,110841.0,-0.36075999999999997,-1.110575,LBY,NLD,210390
254845,128,162,5638,2003,877.0,76000.0,-0.618057,0.101931,LKA,NLD,210390
254846,130,162,5638,2003,0.0,124273.0,0.239608,0.517299,LTU,NLD,210390
254847,131,162,5638,2003,8625.0,133040.0,1.444996,1.063764,LUX,NLD,210390
254848,132,162,5638,2003,0.0,30893.0,0.520772,0.5631689999999999,LVA,NLD,210390
254849,134,162,5638,2003,0.0,73884.0,-0.6842050000000001,-0.217892,MAR,NLD,210390
254850,135,162,5638,2003,0.0,5003.0,-0.005154,-0.26107199999999997,MDA,NLD,210390
254851,136,162,5638,2003,2773.0,28455.0,-1.254758,-0.622696,MDG,NLD,210390
254852,138,162,5638,2003,2784383.0,0.0,0.862509,0.756684,MEX,NLD,210390
254853,140,162,5638,2003,0.0,11827.0,-0.017632,0.225394,MKD,NLD,210390
254854,141,162,5638,2003,0.0,25704.0,-0.786411,-0.879049,MLI,NLD,210390
254855,142,162,5638,2003,0.0,40469.0,1.2138149999999999,-0.015687,MLT,NLD,210390
254856,143,162,5638,2003,2728.0,0.0,-1.435123,-1.0948,MMR,NLD,210390
254857,145,162,5638,2003,0.0,4970.0,-0.9747620000000001,-1.026308,MNG,NLD,210390
254858,148,162,5638,2003,0.0,86202.0,-1.069232,-1.184061,MRT,NLD,210390
254859,153,162,5638,2003,702320.0,10940.0,0.728804,0.2168,MYS,NLD,210390
254860,154,162,5638,2003,0.0,1904.0,0.8645370000000001,-0.101347,MYT,NLD,210390
254861,155,162,5638,2003,0.0,51527.0,-0.24004499999999998,-0.39565900000000004,NAM,NLD,210390
254862,159,162,5638,2003,0.0,805835.0,-1.859176,-1.234236,NGA,NLD,210390
254863,163,162,5638,2003,31354.0,3898344.0,1.1500620000000001,0.258554,NOR,NLD,210390
254864,166,162,5638,2003,1845.0,10873.0,0.589619,0.997301,NZL,NLD,210390
254865,167,162,5638,2003,0.0,5568.0,-1.434873,-1.188123,OMN,NLD,210390
254866,168,162,5638,2003,2018.0,5622.0,-0.6659689999999999,0.137924,PAK,NLD,210390
254867,173,162,5638,2003,0.0,4954.0,-0.48627,0.371354,PER,NLD,210390
254868,174,162,5638,2003,199734.0,9213.0,-0.065022,-0.195144,PHL,NLD,210390
254869,177,162,5638,2003,24289.0,663059.0,0.966622,1.664838,POL,NLD,210390
254870,179,162,5638,2003,95350.0,1782399.0,0.471376,1.647303,PRT,NLD,210390
254871,182,162,5638,2003,0.0,1555.0,-0.255707,-0.676557,PYF,NLD,210390
254872,183,162,5638,2003,0.0,2433.0,-0.209042,-1.0565799999999999,QAT,NLD,210390
254873,185,162,5638,2003,4085.0,440797.0,0.378379,1.0064620000000002,ROU,NLD,210390
254874,186,162,5638,2003,0.0,1200295.0,1.072729,0.338355,RUS,NLD,210390
254875,188,162,5638,2003,25216.0,100601.0,0.202286,-0.714691,SAU,NLD,210390
254876,189,162,5638,2003,341136.0,81434.0,0.575326,1.627894,SCG,NLD,210390
254877,191,162,5638,2003,0.0,14968.0,-0.25203600000000004,-0.25549299999999997,SEN,NLD,210390
254878,192,162,5638,2003,147592.0,244245.0,1.5080799999999999,0.720337,SGP,NLD,210390
254879,196,162,5638,2003,0.0,71255.0,0.129923,-0.19926300000000002,SLE,NLD,210390
254880,197,162,5638,2003,0.0,1211.0,-0.251357,-0.189917,SLV,NLD,210390
254881,200,162,5638,2003,0.0,6786.0,0.677331,-0.645223,SPM,NLD,210390
254882,205,162,5638,2003,24108.0,314661.0,-0.896925,-0.88623,SUR,NLD,210390
254883,206,162,5638,2003,0.0,43153.0,1.22565,0.915518,SVK,NLD,210390
254884,207,162,5638,2003,0.0,321023.0,1.6459840000000001,1.014191,SVN,NLD,210390
254885,208,162,5638,2003,2010030.0,11885078.0,2.099224,0.799982,SWE,NLD,210390
254886,209,162,5638,2003,38536.0,0.0,0.399541,-0.23342600000000002,SWZ,NLD,210390
254887,212,162,5638,2003,2935.0,12656.0,-0.868749,-0.326322,SYR,NLD,210390
254888,215,162,5638,2003,0.0,252115.0,-0.5058590000000001,-0.520586,TGO,NLD,210390
254889,216,162,5638,2003,5236217.0,80605.0,0.43010699999999996,1.607408,THA,NLD,210390
254890,217,162,5638,2003,0.0,12441.0,-0.6187520000000001,-1.0438969999999999,TJK,NLD,210390
254891,220,162,5638,2003,0.0,15834.0,1.21882,-0.118529,TLS,NLD,210390
254892,222,162,5638,2003,8993.0,715.0,-0.16738,-0.9820969999999999,TTO,NLD,210390
254893,223,162,5638,2003,0.0,9075.0,-0.14845999999999998,0.255092,TUN,NLD,210390
254894,224,162,5638,2003,93161.0,196446.0,0.192802,1.9855060000000002,TUR,NLD,210390
254895,226,162,5638,2003,0.0,9976.0,-1.225217,-0.43662399999999996,TZA,NLD,210390
254896,227,162,5638,2003,0.0,3438.0,-0.895193,-0.712039,UGA,NLD,210390
254897,228,162,5638,2003,0.0,83458.0,0.8929389999999999,0.956685,UKR,NLD,210390
254898,230,162,5638,2003,0.0,3129.0,0.19792200000000001,0.243104,URY,NLD,210390
254899,231,162,5638,2003,2287610.0,164892.0,1.7789220000000001,0.064028,USA,NLD,210390
254900,232,162,5638,2003,0.0,1131.0,-0.285978,-0.703334,UZB,NLD,210390
254901,236,162,5638,2003,0.0,5629.0,0.277805,-0.783697,VEN,NLD,210390
254902,239,162,5638,2003,12967.0,35255.0,-0.633985,0.659696,VNM,NLD,210390
254903,243,162,5638,2003,0.0,20359.0,-1.453584,-1.257815,YEM,NLD,210390
254904,246,162,5638,2003,565487.0,134273.0,0.477987,2.255395,ZAF,NLD,210390
254905,249,162,5638,2003,608166.0,26131.0,1.5924040000000002,1.397843,TWN,NLD,210390
254906,250,162,5638,2003,1958.0,40523.0,0.45951499999999995,-0.2312,ANS,NLD,210390
254907,14,163,5638,2003,10504.0,0.0,0.316879,0.9409489999999999,AUS,NOR,210390
254908,15,163,5638,2003,44213.0,0.0,1.834977,0.408096,AUT,NOR,210390
254909,18,163,5638,2003,124659.0,2956.0,1.361682,1.39536,BEL,NOR,210390
254910,23,163,5638,2003,3568.0,0.0,0.43308599999999997,1.7104099999999998,BGR,NOR,210390
254911,39,163,5638,2003,0.0,2676.0,0.9791540000000001,1.185081,CAN,NOR,210390
254912,41,163,5638,2003,110046.0,3301.0,2.151037,0.711217,CHE,NOR,210390
254913,43,163,5638,2003,40786.0,12563.0,0.579431,2.773139,CHN,NOR,210390
254914,59,163,5638,2003,9766.0,5639.0,1.555749,0.8662059999999999,CZE,NOR,210390
254915,61,163,5638,2003,1694350.0,49905.0,2.2821919999999998,-2.0985150000000004,DEU,NOR,210390
254916,64,163,5638,2003,3687842.0,809629.0,1.309564,1.245596,DNK,NOR,210390
254917,71,163,5638,2003,944276.0,69518.0,0.960684,2.074792,ESP,NOR,210390
254918,72,163,5638,2003,2029.0,0.0,0.5913010000000001,0.8489979999999999,EST,NOR,210390
254919,74,163,5638,2003,68112.0,118466.0,2.077889,0.942501,FIN,NOR,210390
254920,77,163,5638,2003,265270.0,475373.0,1.606606,0.7394149999999999,FRA,NOR,210390
254921,78,163,5638,2003,0.0,27380.0,-0.46422299999999994,-0.8072050000000001,FRO,NOR,210390
254922,81,163,5638,2003,1338985.0,15239.0,1.8712540000000002,0.706205,GBR,NOR,210390
254923,90,163,5638,2003,0.0,815.0,0.364688,1.4823959999999998,GRC,NOR,210390
254924,97,163,5638,2003,242541.0,1206.0,0.494569,2.147062,HKG,NOR,210390
254925,100,163,5638,2003,36236.0,0.0,0.568394,1.230759,HRV,NOR,210390
254926,102,163,5638,2003,877.0,0.0,1.2003270000000001,1.091407,HUN,NOR,210390
254927,103,163,5638,2003,47195.0,0.0,-0.16802,1.7252990000000001,IDN,NOR,210390
254928,104,163,5638,2003,24430.0,0.0,0.33014099999999996,2.836003,IND,NOR,210390
254929,106,163,5638,2003,2136.0,0.0,1.6396130000000002,0.220599,IRL,NOR,210390
254930,107,163,5638,2003,2465.0,0.0,-0.552146,-0.8668520000000001,IRN,NOR,210390
254931,109,163,5638,2003,2309.0,555100.0,0.21902800000000003,-0.40818499999999996,ISL,NOR,210390
254932,111,163,5638,2003,776005.0,2466.0,1.399734,1.044608,ITA,NOR,210390
254933,114,163,5638,2003,68307.0,0.0,2.4686630000000003,0.48072600000000004,JPN,NOR,210390
254934,121,163,5638,2003,3437.0,10719.0,1.2611709999999998,0.956308,KOR,NOR,210390
254935,124,163,5638,2003,1355.0,0.0,0.261687,1.053856,LBN,NOR,210390
254936,128,163,5638,2003,3540.0,0.0,-0.618057,0.101931,LKA,NOR,210390
254937,142,163,5638,2003,0.0,4572.0,1.2138149999999999,-0.015687,MLT,NOR,210390
254938,153,163,5638,2003,8050.0,1219.0,0.728804,0.2168,MYS,NOR,210390
254939,162,163,5638,2003,3898344.0,31354.0,1.168453,1.7085709999999998,NLD,NOR,210390
254940,166,163,5638,2003,3551.0,0.0,0.589619,0.997301,NZL,NOR,210390
254941,168,163,5638,2003,15329.0,0.0,-0.6659689999999999,0.137924,PAK,NOR,210390
254942,174,163,5638,2003,17636.0,4043.0,-0.065022,-0.195144,PHL,NOR,210390
254943,179,163,5638,2003,2059.0,0.0,0.471376,1.647303,PRT,NOR,210390
254944,186,163,5638,2003,0.0,3029.0,1.072729,0.338355,RUS,NOR,210390
254945,192,163,5638,2003,24784.0,11771.0,1.5080799999999999,0.720337,SGP,NOR,210390
254946,207,163,5638,2003,1849.0,0.0,1.6459840000000001,1.014191,SVN,NOR,210390
254947,208,163,5638,2003,10274123.0,2305062.0,2.099224,0.799982,SWE,NOR,210390
254948,216,163,5638,2003,350761.0,8473.0,0.43010699999999996,1.607408,THA,NOR,210390
254949,223,163,5638,2003,1500.0,0.0,-0.14845999999999998,0.255092,TUN,NOR,210390
254950,224,163,5638,2003,28036.0,0.0,0.192802,1.9855060000000002,TUR,NOR,210390
254951,228,163,5638,2003,0.0,243350.0,0.8929389999999999,0.956685,UKR,NOR,210390
254952,231,163,5638,2003,1258610.0,15563.0,1.7789220000000001,0.064028,USA,NOR,210390
254953,239,163,5638,2003,12824.0,0.0,-0.633985,0.659696,VNM,NOR,210390
254954,249,163,5638,2003,18834.0,76213.0,1.5924040000000002,1.397843,TWN,NOR,210390
254955,14,166,5638,2003,20445378.0,19844456.0,0.316879,0.9409489999999999,AUS,NZL,210390
254956,15,166,5638,2003,8371.0,0.0,1.834977,0.408096,AUT,NZL,210390
254957,18,166,5638,2003,2035.0,0.0,1.361682,1.39536,BEL,NZL,210390
254958,39,166,5638,2003,516586.0,9703.0,0.9791540000000001,1.185081,CAN,NZL,210390
254959,41,166,5638,2003,33732.0,0.0,2.151037,0.711217,CHE,NZL,210390
254960,43,166,5638,2003,200126.0,17721.0,0.579431,2.773139,CHN,NZL,210390
254961,48,166,5638,2003,0.0,151895.0,0.327914,-0.466681,COK,NZL,210390
254962,61,166,5638,2003,27212.0,34168.0,2.2821919999999998,-2.0985150000000004,DEU,NZL,210390
254963,64,166,5638,2003,0.0,51264.0,1.309564,1.245596,DNK,NZL,210390
254964,71,166,5638,2003,6647.0,0.0,0.960684,2.074792,ESP,NZL,210390
254965,75,166,5638,2003,3888.0,1097852.0,-0.6865640000000001,-0.326977,FJI,NZL,210390
254966,77,166,5638,2003,24503.0,0.0,1.606606,0.7394149999999999,FRA,NZL,210390
254967,81,166,5638,2003,600939.0,72158.0,1.8712540000000002,0.706205,GBR,NZL,210390
254968,97,166,5638,2003,973144.0,85708.0,0.494569,2.147062,HKG,NZL,210390
254969,100,166,5638,2003,3999.0,0.0,0.568394,1.230759,HRV,NZL,210390
254970,103,166,5638,2003,34632.0,1006.0,-0.16802,1.7252990000000001,IDN,NZL,210390
254971,104,166,5638,2003,15243.0,0.0,0.33014099999999996,2.836003,IND,NZL,210390
254972,106,166,5638,2003,5312.0,0.0,1.6396130000000002,0.220599,IRL,NZL,210390
254973,111,166,5638,2003,100314.0,0.0,1.399734,1.044608,ITA,NZL,210390
254974,114,166,5638,2003,767259.0,19337124.0,2.4686630000000003,0.48072600000000004,JPN,NZL,210390
254975,118,166,5638,2003,0.0,305.0,-1.0165620000000002,-1.060454,KHM,NZL,210390
254976,121,166,5638,2003,247416.0,555294.0,1.2611709999999998,0.956308,KOR,NZL,210390
254977,128,166,5638,2003,4085.0,0.0,-0.618057,0.101931,LKA,NZL,210390
254978,138,166,5638,2003,6875.0,0.0,0.862509,0.756684,MEX,NZL,210390
254979,151,166,5638,2003,0.0,5384.0,-0.361514,-0.29839899999999997,MUS,NZL,210390
254980,153,166,5638,2003,156242.0,14018.0,0.728804,0.2168,MYS,NZL,210390
254981,156,166,5638,2003,0.0,34212.0,-0.344934,-0.776632,NCL,NZL,210390
254982,158,166,5638,2003,0.0,6782.0,1.017142,-0.5294270000000001,NFK,NZL,210390
254983,161,166,5638,2003,0.0,9466.0,0.746075,-0.557872,NIU,NZL,210390
254984,162,166,5638,2003,10873.0,1845.0,1.168453,1.7085709999999998,NLD,NZL,210390
254985,163,166,5638,2003,0.0,3551.0,1.1500620000000001,0.258554,NOR,NZL,210390
254986,168,166,5638,2003,6902.0,0.0,-0.6659689999999999,0.137924,PAK,NZL,210390
254987,174,166,5638,2003,22419.0,4751.0,-0.065022,-0.195144,PHL,NZL,210390
254988,176,166,5638,2003,0.0,891464.0,-1.7997330000000002,-1.2110049999999999,PNG,NZL,210390
254989,182,166,5638,2003,0.0,55973.0,-0.255707,-0.676557,PYF,NZL,210390
254990,192,166,5638,2003,166394.0,100249.0,1.5080799999999999,0.720337,SGP,NZL,210390
254991,216,166,5638,2003,1633812.0,17613.0,0.43010699999999996,1.607408,THA,NZL,210390
254992,221,166,5638,2003,0.0,16603.0,-0.8467379999999999,-0.815816,TON,NZL,210390
254993,231,166,5638,2003,2230046.0,30789700.0,1.7789220000000001,0.064028,USA,NZL,210390
254994,239,166,5638,2003,7522.0,953.0,-0.633985,0.659696,VNM,NZL,210390
254995,240,166,5638,2003,0.0,1676.0,-0.916386,-0.784439,VUT,NZL,210390
254996,241,166,5638,2003,0.0,2605.0,0.200787,-0.775126,WLF,NZL,210390
254997,242,166,5638,2003,0.0,21775.0,-0.304377,-0.620659,WSM,NZL,210390
254998,246,166,5638,2003,256426.0,0.0,0.477987,2.255395,ZAF,NZL,210390
254999,249,166,5638,2003,87476.0,78315.0,1.5924040000000002,1.397843,TWN,NZL,210390
255000,250,166,5638,2003,195978.0,0.0,0.45951499999999995,-0.2312,ANS,NZL,210390
255001,8,169,5638,2003,5649.0,0.0,0.302073,0.49069700000000005,ARG,PAN,210390
255002,14,169,5638,2003,0.0,5503.0,0.316879,0.9409489999999999,AUS,PAN,210390
255003,29,169,5638,2003,0.0,58.0,-0.543555,-0.7596,BLZ,PAN,210390
255004,32,169,5638,2003,28508.0,0.0,0.660576,1.118876,BRA,PAN,210390
255005,42,169,5638,2003,5380.0,0.0,-0.06375900000000001,-0.156808,CHL,PAN,210390
255006,43,169,5638,2003,83508.0,0.0,0.579431,2.773139,CHN,PAN,210390
255007,49,169,5638,2003,31961.0,18334.0,0.218336,0.376869,COL,PAN,210390
255008,52,169,5638,2003,1031928.0,438052.0,-0.193904,-0.5049680000000001,CRI,PAN,210390
255009,54,169,5638,2003,0.0,3677.0,-0.391515,-0.8562120000000001,CUB,PAN,210390
255010,61,169,5638,2003,44706.0,0.0,2.2821919999999998,-2.0985150000000004,DEU,PAN,210390
255011,64,169,5638,2003,6319.0,0.0,1.309564,1.245596,DNK,PAN,210390
255012,65,169,5638,2003,0.0,7766.0,-0.46264399999999994,-0.245034,DOM,PAN,210390
255013,67,169,5638,2003,186014.0,22526.0,-0.8689370000000001,-0.889767,ECU,PAN,210390
255014,71,169,5638,2003,17725.0,0.0,0.960684,2.074792,ESP,PAN,210390
255015,72,169,5638,2003,855.0,0.0,0.5913010000000001,0.8489979999999999,EST,PAN,210390
255016,81,169,5638,2003,87986.0,0.0,1.8712540000000002,0.706205,GBR,PAN,210390
255017,93,169,5638,2003,103468.0,1916194.0,-0.444162,0.145319,GTM,PAN,210390
255018,97,169,5638,2003,185531.0,0.0,0.494569,2.147062,HKG,PAN,210390
255019,99,169,5638,2003,0.0,502818.0,-0.733546,-0.568585,HND,PAN,210390
255020,104,169,5638,2003,0.0,8186.0,0.33014099999999996,2.836003,IND,PAN,210390
255021,110,169,5638,2003,6549.0,0.0,1.157809,0.682195,ISR,PAN,210390
255022,111,169,5638,2003,13856.0,0.0,1.399734,1.044608,ITA,PAN,210390
255023,112,169,5638,2003,0.0,275373.0,-0.6684140000000001,-0.915817,JAM,PAN,210390
255024,114,169,5638,2003,4453.0,0.0,2.4686630000000003,0.48072600000000004,JPN,PAN,210390
255025,127,169,5638,2003,0.0,5394.0,0.318385,-0.342679,LCA,PAN,210390
255026,138,169,5638,2003,198183.0,0.0,0.862509,0.756684,MEX,PAN,210390
255027,173,169,5638,2003,0.0,27958.0,-0.48627,0.371354,PER,PAN,210390
255028,197,169,5638,2003,72226.0,2053704.0,-0.251357,-0.189917,SLV,PAN,210390
255029,216,169,5638,2003,8958.0,0.0,0.43010699999999996,1.607408,THA,PAN,210390
255030,222,169,5638,2003,7241.0,15816.0,-0.16738,-0.9820969999999999,TTO,PAN,210390
255031,230,169,5638,2003,0.0,6261.0,0.19792200000000001,0.243104,URY,PAN,210390
255032,231,169,5638,2003,1299872.0,31040.0,1.7789220000000001,0.064028,USA,PAN,210390
255033,236,169,5638,2003,1426674.0,8129.0,0.277805,-0.783697,VEN,PAN,210390
255034,249,169,5638,2003,1447.0,0.0,1.5924040000000002,1.397843,TWN,PAN,210390
255035,250,169,5638,2003,114442.0,24038.0,0.45951499999999995,-0.2312,ANS,PAN,210390
255036,0,173,5638,2003,0.0,2411.0,-0.13006600000000001,-0.783431,ABW,PER,210390
255037,8,173,5638,2003,722813.0,0.0,0.302073,0.49069700000000005,ARG,PER,210390
255038,14,173,5638,2003,0.0,6999.0,0.316879,0.9409489999999999,AUS,PER,210390
255039,15,173,5638,2003,2709.0,0.0,1.834977,0.408096,AUT,PER,210390
255040,31,173,5638,2003,6604.0,297320.0,-0.787995,-0.7228899999999999,BOL,PER,210390
255041,32,173,5638,2003,76601.0,0.0,0.660576,1.118876,BRA,PER,210390
255042,39,173,5638,2003,3713.0,7380.0,0.9791540000000001,1.185081,CAN,PER,210390
255043,41,173,5638,2003,1474.0,0.0,2.151037,0.711217,CHE,PER,210390
255044,42,173,5638,2003,387338.0,12186.0,-0.06375900000000001,-0.156808,CHL,PER,210390
255045,43,173,5638,2003,161534.0,325527.0,0.579431,2.773139,CHN,PER,210390
255046,49,173,5638,2003,298740.0,2155.0,0.218336,0.376869,COL,PER,210390
255047,52,173,5638,2003,0.0,3992.0,-0.193904,-0.5049680000000001,CRI,PER,210390
255048,61,173,5638,2003,29450.0,0.0,2.2821919999999998,-2.0985150000000004,DEU,PER,210390
255049,67,173,5638,2003,19575.0,165589.0,-0.8689370000000001,-0.889767,ECU,PER,210390
255050,71,173,5638,2003,42143.0,23902.0,0.960684,2.074792,ESP,PER,210390
255051,77,173,5638,2003,5392.0,0.0,1.606606,0.7394149999999999,FRA,PER,210390
255052,81,173,5638,2003,35094.0,998.0,1.8712540000000002,0.706205,GBR,PER,210390
255053,97,173,5638,2003,120540.0,0.0,0.494569,2.147062,HKG,PER,210390
255054,103,173,5638,2003,0.0,1723.0,-0.16802,1.7252990000000001,IDN,PER,210390
255055,111,173,5638,2003,35376.0,21271.0,1.399734,1.044608,ITA,PER,210390
255056,114,173,5638,2003,6387.0,105107.0,2.4686630000000003,0.48072600000000004,JPN,PER,210390
255057,121,173,5638,2003,27310.0,0.0,1.2611709999999998,0.956308,KOR,PER,210390
255058,138,173,5638,2003,50362.0,0.0,0.862509,0.756684,MEX,PER,210390
255059,153,173,5638,2003,5549.0,0.0,0.728804,0.2168,MYS,PER,210390
255060,162,173,5638,2003,4954.0,0.0,1.168453,1.7085709999999998,NLD,PER,210390
255061,169,173,5638,2003,27958.0,0.0,-0.050386,-0.039619999999999995,PAN,PER,210390
255062,188,173,5638,2003,0.0,16959.0,0.202286,-0.714691,SAU,PER,210390
255063,208,173,5638,2003,0.0,2573.0,2.099224,0.799982,SWE,PER,210390
255064,231,173,5638,2003,935219.0,690520.0,1.7789220000000001,0.064028,USA,PER,210390
255065,236,173,5638,2003,9854.0,0.0,0.277805,-0.783697,VEN,PER,210390
255066,0,174,5638,2003,0.0,1517.0,-0.13006600000000001,-0.783431,ABW,PHL,210390
255067,1,174,5638,2003,0.0,1638.0,-0.421205,-0.602704,AFG,PHL,210390
255068,7,174,5638,2003,0.0,449997.0,0.049637,-0.502691,ARE,PHL,210390
255069,8,174,5638,2003,0.0,2074.0,0.302073,0.49069700000000005,ARG,PHL,210390
255070,10,174,5638,2003,0.0,6970.0,1.0088139999999999,0.096969,ASM,PHL,210390
255071,14,174,5638,2003,830874.0,654321.0,0.316879,0.9409489999999999,AUS,PHL,210390
255072,15,174,5638,2003,1405.0,7818.0,1.834977,0.408096,AUT,PHL,210390
255073,18,174,5638,2003,0.0,15651.0,1.361682,1.39536,BEL,PHL,210390
255074,22,174,5638,2003,0.0,1009.0,-1.168404,-1.035782,BGD,PHL,210390
255075,23,174,5638,2003,0.0,661.0,0.43308599999999997,1.7104099999999998,BGR,PHL,210390
255076,24,174,5638,2003,0.0,75963.0,-0.10968800000000001,-1.041032,BHR,PHL,210390
255077,31,174,5638,2003,0.0,1279.0,-0.787995,-0.7228899999999999,BOL,PHL,210390
255078,34,174,5638,2003,0.0,57589.0,-1.342738,-0.978633,BRN,PHL,210390
255079,39,174,5638,2003,755107.0,589273.0,0.9791540000000001,1.185081,CAN,PHL,210390
255080,41,174,5638,2003,79476.0,24125.0,2.151037,0.711217,CHE,PHL,210390
255081,43,174,5638,2003,1305378.0,149217.0,0.579431,2.773139,CHN,PHL,210390
255082,58,174,5638,2003,0.0,2430.0,0.259992,0.068914,CYP,PHL,210390
255083,61,174,5638,2003,147921.0,18749.0,2.2821919999999998,-2.0985150000000004,DEU,PHL,210390
255084,64,174,5638,2003,0.0,8349.0,1.309564,1.245596,DNK,PHL,210390
255085,71,174,5638,2003,29457.0,3144.0,0.960684,2.074792,ESP,PHL,210390
255086,74,174,5638,2003,0.0,1305.0,2.077889,0.942501,FIN,PHL,210390
255087,75,174,5638,2003,0.0,3338.0,-0.6865640000000001,-0.326977,FJI,PHL,210390
255088,77,174,5638,2003,1888.0,6431.0,1.606606,0.7394149999999999,FRA,PHL,210390
255089,79,174,5638,2003,0.0,33990.0,-1.370191,-1.028812,FSM,PHL,210390
255090,81,174,5638,2003,620275.0,117496.0,1.8712540000000002,0.706205,GBR,PHL,210390
255091,90,174,5638,2003,0.0,43950.0,0.364688,1.4823959999999998,GRC,PHL,210390
255092,95,174,5638,2003,0.0,226038.0,-0.139991,-0.570695,GUM,PHL,210390
255093,97,174,5638,2003,1101713.0,145211.0,0.494569,2.147062,HKG,PHL,210390
255094,103,174,5638,2003,14505.0,10465.0,-0.16802,1.7252990000000001,IDN,PHL,210390
255095,104,174,5638,2003,0.0,10015.0,0.33014099999999996,2.836003,IND,PHL,210390
255096,106,174,5638,2003,0.0,59800.0,1.6396130000000002,0.220599,IRL,PHL,210390
255097,110,174,5638,2003,0.0,15867.0,1.157809,0.682195,ISR,PHL,210390
255098,111,174,5638,2003,19820.0,377039.0,1.399734,1.044608,ITA,PHL,210390
255099,113,174,5638,2003,0.0,3582.0,0.12295,0.377031,JOR,PHL,210390
255100,114,174,5638,2003,2342870.0,28363.0,2.4686630000000003,0.48072600000000004,JPN,PHL,210390
255101,121,174,5638,2003,165344.0,5961.0,1.2611709999999998,0.956308,KOR,PHL,210390
255102,122,174,5638,2003,0.0,110885.0,-0.7943640000000001,-1.1529770000000001,KWT,PHL,210390
255103,124,174,5638,2003,0.0,13482.0,0.261687,1.053856,LBN,PHL,210390
255104,128,174,5638,2003,0.0,2575.0,-0.618057,0.101931,LKA,PHL,210390
255105,133,174,5638,2003,0.0,1097.0,-0.294516,-0.413828,MAC,PHL,210390
255106,138,174,5638,2003,0.0,5879.0,0.862509,0.756684,MEX,PHL,210390
255107,139,174,5638,2003,0.0,16507.0,-1.7295669999999999,-0.926291,MHL,PHL,210390
255108,143,174,5638,2003,0.0,17180.0,-1.435123,-1.0948,MMR,PHL,210390
255109,153,174,5638,2003,1836376.0,319925.0,0.728804,0.2168,MYS,PHL,210390
255110,162,174,5638,2003,9213.0,199734.0,1.168453,1.7085709999999998,NLD,PHL,210390
255111,163,174,5638,2003,4043.0,17636.0,1.1500620000000001,0.258554,NOR,PHL,210390
255112,166,174,5638,2003,4751.0,22419.0,0.589619,0.997301,NZL,PHL,210390
255113,167,174,5638,2003,0.0,24866.0,-1.434873,-1.188123,OMN,PHL,210390
255114,175,174,5638,2003,0.0,22619.0,-0.478426,-0.85765,PLW,PHL,210390
255115,176,174,5638,2003,0.0,6337.0,-1.7997330000000002,-1.2110049999999999,PNG,PHL,210390
255116,182,174,5638,2003,0.0,644.0,-0.255707,-0.676557,PYF,PHL,210390
255117,183,174,5638,2003,3874.0,36493.0,-0.209042,-1.0565799999999999,QAT,PHL,210390
255118,188,174,5638,2003,0.0,303506.0,0.202286,-0.714691,SAU,PHL,210390
255119,192,174,5638,2003,857961.0,419692.0,1.5080799999999999,0.720337,SGP,PHL,210390
255120,208,174,5638,2003,0.0,7510.0,2.099224,0.799982,SWE,PHL,210390
255121,211,174,5638,2003,0.0,2407.0,-0.44341099999999994,-0.742566,SYC,PHL,210390
255122,216,174,5638,2003,373428.0,125515.0,0.43010699999999996,1.607408,THA,PHL,210390
255123,224,174,5638,2003,1604.0,0.0,0.192802,1.9855060000000002,TUR,PHL,210390
255124,225,174,5638,2003,10350.0,0.0,0.770706,-0.480434,TUV,PHL,210390
255125,229,174,5638,2003,0.0,186955.0,0.169425,-0.604107,UMI,PHL,210390
255126,231,174,5638,2003,5418088.0,3190836.0,1.7789220000000001,0.064028,USA,PHL,210390
255127,239,174,5638,2003,54000.0,201667.0,-0.633985,0.659696,VNM,PHL,210390
255128,249,174,5638,2003,105525.0,133548.0,1.5924040000000002,1.397843,TWN,PHL,210390
255129,2,179,5638,2003,0.0,213869.0,-1.8762919999999998,-1.176541,AGO,PRT,210390
255130,5,179,5638,2003,0.0,1212.0,1.0901319999999999,0.618693,AND,PRT,210390
255131,14,179,5638,2003,0.0,5464.0,0.316879,0.9409489999999999,AUS,PRT,210390
255132,15,179,5638,2003,8602.0,0.0,1.834977,0.408096,AUT,PRT,210390
255133,18,179,5638,2003,748689.0,110779.0,1.361682,1.39536,BEL,PRT,210390
255134,32,179,5638,2003,0.0,1774.0,0.660576,1.118876,BRA,PRT,210390
255135,39,179,5638,2003,0.0,24737.0,0.9791540000000001,1.185081,CAN,PRT,210390
255136,41,179,5638,2003,342340.0,17704.0,2.151037,0.711217,CHE,PRT,210390
255137,43,179,5638,2003,12613.0,0.0,0.579431,2.773139,CHN,PRT,210390
255138,51,179,5638,2003,0.0,38418.0,0.070649,-0.541279,CPV,PRT,210390
255139,61,179,5638,2003,2594113.0,11131.0,2.2821919999999998,-2.0985150000000004,DEU,PRT,210390
255140,64,179,5638,2003,21042.0,2684.0,1.309564,1.245596,DNK,PRT,210390
255141,71,179,5638,2003,7256470.0,31330.0,0.960684,2.074792,ESP,PRT,210390
255142,72,179,5638,2003,0.0,735.0,0.5913010000000001,0.8489979999999999,EST,PRT,210390
255143,74,179,5638,2003,0.0,24302.0,2.077889,0.942501,FIN,PRT,210390
255144,77,179,5638,2003,1616255.0,1676899.0,1.606606,0.7394149999999999,FRA,PRT,210390
255145,78,179,5638,2003,0.0,746.0,-0.46422299999999994,-0.8072050000000001,FRO,PRT,210390
255146,81,179,5638,2003,1636982.0,2657803.0,1.8712540000000002,0.706205,GBR,PRT,210390
255147,88,179,5638,2003,0.0,5054.0,0.24509499999999998,-0.612725,GNB,PRT,210390
255148,90,179,5638,2003,0.0,8708.0,0.364688,1.4823959999999998,GRC,PRT,210390
255149,97,179,5638,2003,47620.0,0.0,0.494569,2.147062,HKG,PRT,210390
255150,100,179,5638,2003,0.0,1462.0,0.568394,1.230759,HRV,PRT,210390
255151,102,179,5638,2003,0.0,42539.0,1.2003270000000001,1.091407,HUN,PRT,210390
255152,104,179,5638,2003,13766.0,0.0,0.33014099999999996,2.836003,IND,PRT,210390
255153,106,179,5638,2003,29086.0,17897.0,1.6396130000000002,0.220599,IRL,PRT,210390
255154,109,179,5638,2003,0.0,14694.0,0.21902800000000003,-0.40818499999999996,ISL,PRT,210390
255155,111,179,5638,2003,306968.0,4719.0,1.399734,1.044608,ITA,PRT,210390
255156,114,179,5638,2003,0.0,87874.0,2.4686630000000003,0.48072600000000004,JPN,PRT,210390
255157,131,179,5638,2003,0.0,25786.0,1.444996,1.063764,LUX,PRT,210390
255158,132,179,5638,2003,0.0,1104.0,0.520772,0.5631689999999999,LVA,PRT,210390
255159,133,179,5638,2003,0.0,20323.0,-0.294516,-0.413828,MAC,PRT,210390
255160,138,179,5638,2003,0.0,894.0,0.862509,0.756684,MEX,PRT,210390
255161,147,179,5638,2003,0.0,41074.0,-1.188243,-1.123693,MOZ,PRT,210390
255162,153,179,5638,2003,80565.0,0.0,0.728804,0.2168,MYS,PRT,210390
255163,155,179,5638,2003,0.0,842.0,-0.24004499999999998,-0.39565900000000004,NAM,PRT,210390
255164,156,179,5638,2003,0.0,491.0,-0.344934,-0.776632,NCL,PRT,210390
255165,159,179,5638,2003,0.0,20158.0,-1.859176,-1.234236,NGA,PRT,210390
255166,162,179,5638,2003,1782399.0,95350.0,1.168453,1.7085709999999998,NLD,PRT,210390
255167,163,179,5638,2003,0.0,2059.0,1.1500620000000001,0.258554,NOR,PRT,210390
255168,182,179,5638,2003,0.0,4095.0,-0.255707,-0.676557,PYF,PRT,210390
255169,186,179,5638,2003,0.0,10576.0,1.072729,0.338355,RUS,PRT,210390
255170,203,179,5638,2003,0.0,1760.0,1.046084,-0.183027,STP,PRT,210390
255171,208,179,5638,2003,0.0,6616.0,2.099224,0.799982,SWE,PRT,210390
255172,211,179,5638,2003,0.0,3485.0,-0.44341099999999994,-0.742566,SYC,PRT,210390
255173,216,179,5638,2003,12671.0,0.0,0.43010699999999996,1.607408,THA,PRT,210390
255174,231,179,5638,2003,435322.0,33684.0,1.7789220000000001,0.064028,USA,PRT,210390
255175,236,179,5638,2003,8326.0,5910.0,0.277805,-0.783697,VEN,PRT,210390
255176,246,179,5638,2003,35391.0,7067.0,0.477987,2.255395,ZAF,PRT,210390
255177,250,179,5638,2003,0.0,14810.0,0.45951499999999995,-0.2312,ANS,PRT,210390
255178,8,180,5638,2003,2241591.0,0.0,0.302073,0.49069700000000005,ARG,PRY,210390
255179,32,180,5638,2003,508741.0,0.0,0.660576,1.118876,BRA,PRY,210390
255180,42,180,5638,2003,152077.0,3633.0,-0.06375900000000001,-0.156808,CHL,PRY,210390
255181,43,180,5638,2003,4348.0,0.0,0.579431,2.773139,CHN,PRY,210390
255182,61,180,5638,2003,5024.0,0.0,2.2821919999999998,-2.0985150000000004,DEU,PRY,210390
255183,71,180,5638,2003,982.0,0.0,0.960684,2.074792,ESP,PRY,210390
255184,114,180,5638,2003,5802.0,0.0,2.4686630000000003,0.48072600000000004,JPN,PRY,210390
255185,121,180,5638,2003,18254.0,0.0,1.2611709999999998,0.956308,KOR,PRY,210390
255186,124,180,5638,2003,859.0,0.0,0.261687,1.053856,LBN,PRY,210390
255187,231,180,5638,2003,1995.0,0.0,1.7789220000000001,0.064028,USA,PRY,210390
255188,7,190,5638,2003,18511.0,0.0,0.049637,-0.502691,ARE,SDN,210390
255189,41,190,5638,2003,4561.0,0.0,2.151037,0.711217,CHE,SDN,210390
255190,43,190,5638,2003,122646.0,0.0,0.579431,2.773139,CHN,SDN,210390
255191,61,190,5638,2003,1667.0,0.0,2.2821919999999998,-2.0985150000000004,DEU,SDN,210390
255192,71,190,5638,2003,29057.0,0.0,0.960684,2.074792,ESP,SDN,210390
255193,81,190,5638,2003,43593.0,0.0,1.8712540000000002,0.706205,GBR,SDN,210390
255194,111,190,5638,2003,2529.0,0.0,1.399734,1.044608,ITA,SDN,210390
255195,142,190,5638,2003,2847.0,0.0,1.2138149999999999,-0.015687,MLT,SDN,210390
255196,188,190,5638,2003,17803.0,0.0,0.202286,-0.714691,SAU,SDN,210390
255197,212,190,5638,2003,8882.0,0.0,-0.868749,-0.326322,SYR,SDN,210390
255198,29,197,5638,2003,2125.0,0.0,-0.543555,-0.7596,BLZ,SLV,210390
255199,32,197,5638,2003,36652.0,0.0,0.660576,1.118876,BRA,SLV,210390
255200,39,197,5638,2003,3095.0,3519.0,0.9791540000000001,1.185081,CAN,SLV,210390
255201,52,197,5638,2003,2556624.0,351921.0,-0.193904,-0.5049680000000001,CRI,SLV,210390
255202,61,197,5638,2003,903.0,0.0,2.2821919999999998,-2.0985150000000004,DEU,SLV,210390
255203,71,197,5638,2003,18170.0,0.0,0.960684,2.074792,ESP,SLV,210390
255204,81,197,5638,2003,382623.0,0.0,1.8712540000000002,0.706205,GBR,SLV,210390
255205,93,197,5638,2003,2803932.0,532938.0,-0.444162,0.145319,GTM,SLV,210390
255206,99,197,5638,2003,71174.0,984802.0,-0.733546,-0.568585,HND,SLV,210390
255207,111,197,5638,2003,1121.0,0.0,1.399734,1.044608,ITA,SLV,210390
255208,114,197,5638,2003,0.0,54088.0,2.4686630000000003,0.48072600000000004,JPN,SLV,210390
255209,121,197,5638,2003,0.0,115640.0,1.2611709999999998,0.956308,KOR,SLV,210390
255210,138,197,5638,2003,1378025.0,9716.0,0.862509,0.756684,MEX,SLV,210390
255211,160,197,5638,2003,1909.0,861388.0,-0.8661459999999999,-0.8661690000000001,NIC,SLV,210390
255212,162,197,5638,2003,1211.0,0.0,1.168453,1.7085709999999998,NLD,SLV,210390
255213,169,197,5638,2003,2053704.0,72226.0,-0.050386,-0.039619999999999995,PAN,SLV,210390
255214,230,197,5638,2003,1368.0,0.0,0.19792200000000001,0.243104,URY,SLV,210390
255215,231,197,5638,2003,1250761.0,315730.0,1.7789220000000001,0.064028,USA,SLV,210390
255216,0,205,5638,2003,0.0,1618.0,-0.13006600000000001,-0.783431,ABW,SUR,210390
255217,6,205,5638,2003,0.0,5905.0,0.108903,-0.650137,ANT,SUR,210390
255218,32,205,5638,2003,1053.0,0.0,0.660576,1.118876,BRA,SUR,210390
255219,39,205,5638,2003,4785.0,0.0,0.9791540000000001,1.185081,CAN,SUR,210390
255220,43,205,5638,2003,13919.0,0.0,0.579431,2.773139,CHN,SUR,210390
255221,96,205,5638,2003,3079.0,1341.0,-0.59035,-0.7361340000000001,GUY,SUR,210390
255222,97,205,5638,2003,128386.0,0.0,0.494569,2.147062,HKG,SUR,210390
255223,103,205,5638,2003,8850.0,0.0,-0.16802,1.7252990000000001,IDN,SUR,210390
255224,112,205,5638,2003,1650.0,0.0,-0.6684140000000001,-0.915817,JAM,SUR,210390
255225,162,205,5638,2003,314661.0,24108.0,1.168453,1.7085709999999998,NLD,SUR,210390
255226,178,205,5638,2003,1261.0,0.0,0.7060420000000001,0.7718,PRK,SUR,210390
255227,216,205,5638,2003,24540.0,0.0,0.43010699999999996,1.607408,THA,SUR,210390
255228,222,205,5638,2003,15639.0,0.0,-0.16738,-0.9820969999999999,TTO,SUR,210390
255229,231,205,5638,2003,59635.0,60174.0,1.7789220000000001,0.064028,USA,SUR,210390
255230,246,205,5638,2003,7135.0,0.0,0.477987,2.255395,ZAF,SUR,210390
255231,4,208,5638,2003,0.0,302652.0,-0.053595000000000004,0.166034,ALB,SWE,210390
255232,14,208,5638,2003,38472.0,34551.0,0.316879,0.9409489999999999,AUS,SWE,210390
255233,15,208,5638,2003,454329.0,887367.0,1.834977,0.408096,AUT,SWE,210390
255234,18,208,5638,2003,1178050.0,780238.0,1.361682,1.39536,BEL,SWE,210390
255235,23,208,5638,2003,194563.0,0.0,0.43308599999999997,1.7104099999999998,BGR,SWE,210390
255236,24,208,5638,2003,0.0,940.0,-0.10968800000000001,-1.041032,BHR,SWE,210390
255237,26,208,5638,2003,5438.0,0.0,0.195667,0.347011,BIH,SWE,210390
255238,39,208,5638,2003,148356.0,91906.0,0.9791540000000001,1.185081,CAN,SWE,210390
255239,41,208,5638,2003,1421335.0,226349.0,2.151037,0.711217,CHE,SWE,210390
255240,42,208,5638,2003,18652.0,0.0,-0.06375900000000001,-0.156808,CHL,SWE,210390
255241,43,208,5638,2003,284625.0,50058.0,0.579431,2.773139,CHN,SWE,210390
255242,58,208,5638,2003,0.0,12651.0,0.259992,0.068914,CYP,SWE,210390
255243,59,208,5638,2003,0.0,35817.0,1.555749,0.8662059999999999,CZE,SWE,210390
255244,61,208,5638,2003,5676094.0,1293243.0,2.2821919999999998,-2.0985150000000004,DEU,SWE,210390
255245,64,208,5638,2003,18208414.0,8384534.0,1.309564,1.245596,DNK,SWE,210390
255246,68,208,5638,2003,710.0,0.0,-0.292923,0.465433,EGY,SWE,210390
255247,71,208,5638,2003,1433087.0,300012.0,0.960684,2.074792,ESP,SWE,210390
255248,72,208,5638,2003,62460.0,783103.0,0.5913010000000001,0.8489979999999999,EST,SWE,210390
255249,74,208,5638,2003,611053.0,13572794.0,2.077889,0.942501,FIN,SWE,210390
255250,77,208,5638,2003,1280029.0,720448.0,1.606606,0.7394149999999999,FRA,SWE,210390
255251,78,208,5638,2003,0.0,1586.0,-0.46422299999999994,-0.8072050000000001,FRO,SWE,210390
255252,81,208,5638,2003,6636208.0,283445.0,1.8712540000000002,0.706205,GBR,SWE,210390
255253,90,208,5638,2003,15164.0,19268.0,0.364688,1.4823959999999998,GRC,SWE,210390
255254,92,208,5638,2003,0.0,35554.0,-0.764655,-0.8684200000000001,GRL,SWE,210390
255255,97,208,5638,2003,234830.0,10116.0,0.494569,2.147062,HKG,SWE,210390
255256,100,208,5638,2003,675407.0,25370.0,0.568394,1.230759,HRV,SWE,210390
255257,102,208,5638,2003,4213.0,78908.0,1.2003270000000001,1.091407,HUN,SWE,210390
255258,104,208,5638,2003,27440.0,0.0,0.33014099999999996,2.836003,IND,SWE,210390
255259,106,208,5638,2003,1309.0,311007.0,1.6396130000000002,0.220599,IRL,SWE,210390
255260,107,208,5638,2003,15911.0,0.0,-0.552146,-0.8668520000000001,IRN,SWE,210390
255261,109,208,5638,2003,0.0,463783.0,0.21902800000000003,-0.40818499999999996,ISL,SWE,210390
255262,111,208,5638,2003,6531516.0,104651.0,1.399734,1.044608,ITA,SWE,210390
255263,114,208,5638,2003,225858.0,0.0,2.4686630000000003,0.48072600000000004,JPN,SWE,210390
255264,115,208,5638,2003,0.0,6272.0,-0.156326,-0.62092,KAZ,SWE,210390
255265,121,208,5638,2003,1848.0,0.0,1.2611709999999998,0.956308,KOR,SWE,210390
255266,122,208,5638,2003,0.0,6161.0,-0.7943640000000001,-1.1529770000000001,KWT,SWE,210390
255267,124,208,5638,2003,6566.0,0.0,0.261687,1.053856,LBN,SWE,210390
255268,128,208,5638,2003,5270.0,0.0,-0.618057,0.101931,LKA,SWE,210390
255269,130,208,5638,2003,2207.0,36600.0,0.239608,0.517299,LTU,SWE,210390
255270,131,208,5638,2003,0.0,1147.0,1.444996,1.063764,LUX,SWE,210390
255271,132,208,5638,2003,0.0,197514.0,0.520772,0.5631689999999999,LVA,SWE,210390
255272,138,208,5638,2003,10502.0,0.0,0.862509,0.756684,MEX,SWE,210390
255273,140,208,5638,2003,12543.0,0.0,-0.017632,0.225394,MKD,SWE,210390
255274,153,208,5638,2003,110368.0,26826.0,0.728804,0.2168,MYS,SWE,210390
255275,162,208,5638,2003,11885078.0,2010030.0,1.168453,1.7085709999999998,NLD,SWE,210390
255276,163,208,5638,2003,2305062.0,10274123.0,1.1500620000000001,0.258554,NOR,SWE,210390
255277,167,208,5638,2003,0.0,5424.0,-1.434873,-1.188123,OMN,SWE,210390
255278,168,208,5638,2003,0.0,173567.0,-0.6659689999999999,0.137924,PAK,SWE,210390
255279,173,208,5638,2003,2573.0,0.0,-0.48627,0.371354,PER,SWE,210390
255280,174,208,5638,2003,7510.0,0.0,-0.065022,-0.195144,PHL,SWE,210390
255281,177,208,5638,2003,48088.0,136656.0,0.966622,1.664838,POL,SWE,210390
255282,179,208,5638,2003,6616.0,0.0,0.471376,1.647303,PRT,SWE,210390
255283,186,208,5638,2003,0.0,155183.0,1.072729,0.338355,RUS,SWE,210390
255284,188,208,5638,2003,5054.0,8853.0,0.202286,-0.714691,SAU,SWE,210390
255285,189,208,5638,2003,214259.0,33504.0,0.575326,1.627894,SCG,SWE,210390
255286,192,208,5638,2003,73530.0,72221.0,1.5080799999999999,0.720337,SGP,SWE,210390
255287,206,208,5638,2003,0.0,4638.0,1.22565,0.915518,SVK,SWE,210390
255288,207,208,5638,2003,216013.0,0.0,1.6459840000000001,1.014191,SVN,SWE,210390
255289,212,208,5638,2003,3028.0,0.0,-0.868749,-0.326322,SYR,SWE,210390
255290,216,208,5638,2003,3143008.0,9308.0,0.43010699999999996,1.607408,THA,SWE,210390
255291,223,208,5638,2003,35073.0,0.0,-0.14845999999999998,0.255092,TUN,SWE,210390
255292,224,208,5638,2003,122428.0,0.0,0.192802,1.9855060000000002,TUR,SWE,210390
255293,228,208,5638,2003,1858.0,181810.0,0.8929389999999999,0.956685,UKR,SWE,210390
255294,231,208,5638,2003,2248449.0,362175.0,1.7789220000000001,0.064028,USA,SWE,210390
255295,239,208,5638,2003,3225.0,0.0,-0.633985,0.659696,VNM,SWE,210390
255296,246,208,5638,2003,31050.0,0.0,0.477987,2.255395,ZAF,SWE,210390
255297,247,208,5638,2003,2772.0,0.0,-0.678149,-0.5919449999999999,ZMB,SWE,210390
255298,249,208,5638,2003,42583.0,0.0,1.5924040000000002,1.397843,TWN,SWE,210390
255299,2,216,5638,2003,0.0,1242.0,-1.8762919999999998,-1.176541,AGO,THA,210390
255300,6,216,5638,2003,0.0,26688.0,0.108903,-0.650137,ANT,THA,210390
255301,7,216,5638,2003,0.0,282281.0,0.049637,-0.502691,ARE,THA,210390
255302,14,216,5638,2003,139176.0,10037227.0,0.316879,0.9409489999999999,AUS,THA,210390
255303,15,216,5638,2003,33680.0,33527.0,1.834977,0.408096,AUT,THA,210390
255304,16,216,5638,2003,0.0,1177.0,-0.304606,-0.975453,AZE,THA,210390
255305,18,216,5638,2003,0.0,348164.0,1.361682,1.39536,BEL,THA,210390
255306,22,216,5638,2003,0.0,140579.0,-1.168404,-1.035782,BGD,THA,210390
255307,23,216,5638,2003,0.0,599.0,0.43308599999999997,1.7104099999999998,BGR,THA,210390
255308,24,216,5638,2003,0.0,98083.0,-0.10968800000000001,-1.041032,BHR,THA,210390
255309,31,216,5638,2003,0.0,2163.0,-0.787995,-0.7228899999999999,BOL,THA,210390
255310,32,216,5638,2003,0.0,1804.0,0.660576,1.118876,BRA,THA,210390
255311,33,216,5638,2003,0.0,1034.0,0.744166,0.074191,BRB,THA,210390
255312,34,216,5638,2003,1628.0,88259.0,-1.342738,-0.978633,BRN,THA,210390
255313,39,216,5638,2003,6545.0,2559864.0,0.9791540000000001,1.185081,CAN,THA,210390
255314,41,216,5638,2003,6687.0,1439543.0,2.151037,0.711217,CHE,THA,210390
255315,42,216,5638,2003,0.0,10619.0,-0.06375900000000001,-0.156808,CHL,THA,210390
255316,43,216,5638,2003,176623.0,652959.0,0.579431,2.773139,CHN,THA,210390
255317,44,216,5638,2003,17974.0,1424.0,-0.699928,-0.723739,CIV,THA,210390
255318,49,216,5638,2003,0.0,2006.0,0.218336,0.376869,COL,THA,210390
255319,52,216,5638,2003,0.0,2833.0,-0.193904,-0.5049680000000001,CRI,THA,210390
255320,54,216,5638,2003,0.0,4824.0,-0.391515,-0.8562120000000001,CUB,THA,210390
255321,58,216,5638,2003,0.0,37760.0,0.259992,0.068914,CYP,THA,210390
255322,59,216,5638,2003,0.0,77667.0,1.555749,0.8662059999999999,CZE,THA,210390
255323,61,216,5638,2003,160598.0,3374221.0,2.2821919999999998,-2.0985150000000004,DEU,THA,210390
255324,64,216,5638,2003,1398.0,473410.0,1.309564,1.245596,DNK,THA,210390
255325,68,216,5638,2003,0.0,14987.0,-0.292923,0.465433,EGY,THA,210390
255326,71,216,5638,2003,3242.0,107006.0,0.960684,2.074792,ESP,THA,210390
255327,72,216,5638,2003,0.0,16147.0,0.5913010000000001,0.8489979999999999,EST,THA,210390
255328,73,216,5638,2003,0.0,2050.0,-1.1145559999999999,-0.9599620000000001,ETH,THA,210390
255329,74,216,5638,2003,0.0,284749.0,2.077889,0.942501,FIN,THA,210390
255330,75,216,5638,2003,0.0,5217.0,-0.6865640000000001,-0.326977,FJI,THA,210390
255331,77,216,5638,2003,7876.0,3059368.0,1.606606,0.7394149999999999,FRA,THA,210390
255332,78,216,5638,2003,0.0,2232.0,-0.46422299999999994,-0.8072050000000001,FRO,THA,210390
255333,81,216,5638,2003,298713.0,4421010.0,1.8712540000000002,0.706205,GBR,THA,210390
255334,90,216,5638,2003,0.0,53821.0,0.364688,1.4823959999999998,GRC,THA,210390
255335,92,216,5638,2003,0.0,586.0,-0.764655,-0.8684200000000001,GRL,THA,210390
255336,95,216,5638,2003,0.0,40288.0,-0.139991,-0.570695,GUM,THA,210390
255337,96,216,5638,2003,0.0,829.0,-0.59035,-0.7361340000000001,GUY,THA,210390
255338,97,216,5638,2003,248905.0,5540787.0,0.494569,2.147062,HKG,THA,210390
255339,101,216,5638,2003,0.0,4953.0,-1.3761290000000002,-1.006346,HTI,THA,210390
255340,102,216,5638,2003,0.0,9567.0,1.2003270000000001,1.091407,HUN,THA,210390
255341,103,216,5638,2003,371140.0,839046.0,-0.16802,1.7252990000000001,IDN,THA,210390
255342,104,216,5638,2003,0.0,378000.0,0.33014099999999996,2.836003,IND,THA,210390
255343,106,216,5638,2003,0.0,229063.0,1.6396130000000002,0.220599,IRL,THA,210390
255344,107,216,5638,2003,0.0,6329.0,-0.552146,-0.8668520000000001,IRN,THA,210390
255345,109,216,5638,2003,14520.0,48105.0,0.21902800000000003,-0.40818499999999996,ISL,THA,210390
255346,110,216,5638,2003,47041.0,755013.0,1.157809,0.682195,ISR,THA,210390
255347,111,216,5638,2003,84512.0,189199.0,1.399734,1.044608,ITA,THA,210390
255348,112,216,5638,2003,0.0,12613.0,-0.6684140000000001,-0.915817,JAM,THA,210390
255349,113,216,5638,2003,0.0,23053.0,0.12295,0.377031,JOR,THA,210390
255350,114,216,5638,2003,4700512.0,22490756.0,2.4686630000000003,0.48072600000000004,JPN,THA,210390
255351,116,216,5638,2003,0.0,54157.0,-0.3531,0.582992,KEN,THA,210390
255352,118,216,5638,2003,0.0,2505381.0,-1.0165620000000002,-1.060454,KHM,THA,210390
255353,119,216,5638,2003,0.0,6498.0,-0.140282,-0.787443,KIR,THA,210390
255354,121,216,5638,2003,4528.0,1445566.0,1.2611709999999998,0.956308,KOR,THA,210390
255355,122,216,5638,2003,0.0,45805.0,-0.7943640000000001,-1.1529770000000001,KWT,THA,210390
255356,123,216,5638,2003,0.0,1759489.0,-1.251741,-1.14364,LAO,THA,210390
255357,124,216,5638,2003,0.0,16744.0,0.261687,1.053856,LBN,THA,210390
255358,126,216,5638,2003,0.0,6643.0,-0.36075999999999997,-1.110575,LBY,THA,210390
255359,128,216,5638,2003,0.0,65907.0,-0.618057,0.101931,LKA,THA,210390
255360,130,216,5638,2003,0.0,10178.0,0.239608,0.517299,LTU,THA,210390
255361,132,216,5638,2003,0.0,5040.0,0.520772,0.5631689999999999,LVA,THA,210390
255362,133,216,5638,2003,0.0,1488.0,-0.294516,-0.413828,MAC,THA,210390
255363,134,216,5638,2003,0.0,17850.0,-0.6842050000000001,-0.217892,MAR,THA,210390
255364,136,216,5638,2003,0.0,2750.0,-1.254758,-0.622696,MDG,THA,210390
255365,137,216,5638,2003,0.0,10576.0,-1.201352,-1.031892,MDV,THA,210390
255366,138,216,5638,2003,0.0,35549.0,0.862509,0.756684,MEX,THA,210390
255367,142,216,5638,2003,0.0,29117.0,1.2138149999999999,-0.015687,MLT,THA,210390
255368,143,216,5638,2003,0.0,743341.0,-1.435123,-1.0948,MMR,THA,210390
255369,146,216,5638,2003,0.0,1098.0,-0.370942,-0.685771,MNP,THA,210390
255370,151,216,5638,2003,0.0,388036.0,-0.361514,-0.29839899999999997,MUS,THA,210390
255371,153,216,5638,2003,1045614.0,2373826.0,0.728804,0.2168,MYS,THA,210390
255372,154,216,5638,2003,0.0,288.0,0.8645370000000001,-0.101347,MYT,THA,210390
255373,156,216,5638,2003,0.0,60603.0,-0.344934,-0.776632,NCL,THA,210390
255374,159,216,5638,2003,0.0,5718.0,-1.859176,-1.234236,NGA,THA,210390
255375,162,216,5638,2003,80605.0,5236217.0,1.168453,1.7085709999999998,NLD,THA,210390
255376,163,216,5638,2003,8473.0,350761.0,1.1500620000000001,0.258554,NOR,THA,210390
255377,164,216,5638,2003,0.0,54113.0,-0.26353899999999997,1.351717,NPL,THA,210390
255378,166,216,5638,2003,17613.0,1633812.0,0.589619,0.997301,NZL,THA,210390
255379,167,216,5638,2003,0.0,2759.0,-1.434873,-1.188123,OMN,THA,210390
255380,168,216,5638,2003,0.0,78056.0,-0.6659689999999999,0.137924,PAK,THA,210390
255381,169,216,5638,2003,0.0,8958.0,-0.050386,-0.039619999999999995,PAN,THA,210390
255382,174,216,5638,2003,125515.0,373428.0,-0.065022,-0.195144,PHL,THA,210390
255383,176,216,5638,2003,0.0,1337.0,-1.7997330000000002,-1.2110049999999999,PNG,THA,210390
255384,177,216,5638,2003,0.0,175857.0,0.966622,1.664838,POL,THA,210390
255385,178,216,5638,2003,0.0,98544.0,0.7060420000000001,0.7718,PRK,THA,210390
255386,179,216,5638,2003,0.0,12671.0,0.471376,1.647303,PRT,THA,210390
255387,182,216,5638,2003,0.0,1548.0,-0.255707,-0.676557,PYF,THA,210390
255388,183,216,5638,2003,0.0,24392.0,-0.209042,-1.0565799999999999,QAT,THA,210390
255389,185,216,5638,2003,0.0,1410.0,0.378379,1.0064620000000002,ROU,THA,210390
255390,186,216,5638,2003,0.0,5863.0,1.072729,0.338355,RUS,THA,210390
255391,188,216,5638,2003,5017.0,428881.0,0.202286,-0.714691,SAU,THA,210390
255392,191,216,5638,2003,0.0,31905.0,-0.25203600000000004,-0.25549299999999997,SEN,THA,210390
255393,192,216,5638,2003,2716322.0,2532502.0,1.5080799999999999,0.720337,SGP,THA,210390
255394,205,216,5638,2003,0.0,24540.0,-0.896925,-0.88623,SUR,THA,210390
255395,206,216,5638,2003,0.0,3871.0,1.22565,0.915518,SVK,THA,210390
255396,207,216,5638,2003,0.0,5520.0,1.6459840000000001,1.014191,SVN,THA,210390
255397,208,216,5638,2003,9308.0,3143008.0,2.099224,0.799982,SWE,THA,210390
255398,209,216,5638,2003,0.0,10844.0,0.399541,-0.23342600000000002,SWZ,THA,210390
255399,211,216,5638,2003,0.0,2944.0,-0.44341099999999994,-0.742566,SYC,THA,210390
255400,220,216,5638,2003,0.0,3082.0,1.21882,-0.118529,TLS,THA,210390
255401,224,216,5638,2003,0.0,21858.0,0.192802,1.9855060000000002,TUR,THA,210390
255402,226,216,5638,2003,0.0,1248.0,-1.225217,-0.43662399999999996,TZA,THA,210390
255403,227,216,5638,2003,0.0,14535.0,-0.895193,-0.712039,UGA,THA,210390
255404,228,216,5638,2003,0.0,634.0,0.8929389999999999,0.956685,UKR,THA,210390
255405,231,216,5638,2003,1919988.0,19746848.0,1.7789220000000001,0.064028,USA,THA,210390
255406,239,216,5638,2003,34365.0,641642.0,-0.633985,0.659696,VNM,THA,210390
255407,243,216,5638,2003,0.0,2309.0,-1.453584,-1.257815,YEM,THA,210390
255408,246,216,5638,2003,0.0,274531.0,0.477987,2.255395,ZAF,THA,210390
255409,249,216,5638,2003,98783.0,1479213.0,1.5924040000000002,1.397843,TWN,THA,210390
255410,250,216,5638,2003,0.0,24018.0,0.45951499999999995,-0.2312,ANS,THA,210390
255411,0,222,5638,2003,0.0,17207.0,-0.13006600000000001,-0.783431,ABW,TTO,210390
255412,3,222,5638,2003,0.0,630.0,1.159575,-0.060911,AIA,TTO,210390
255413,6,222,5638,2003,0.0,119828.0,0.108903,-0.650137,ANT,TTO,210390
255414,8,222,5638,2003,1619.0,0.0,0.302073,0.49069700000000005,ARG,TTO,210390
255415,13,222,5638,2003,0.0,99381.0,0.014283,-0.564587,ATG,TTO,210390
255416,18,222,5638,2003,0.0,11613.0,1.361682,1.39536,BEL,TTO,210390
255417,25,222,5638,2003,0.0,1895.0,0.614422,-0.40984,BHS,TTO,210390
255418,33,222,5638,2003,0.0,325020.0,0.744166,0.074191,BRB,TTO,210390
255419,39,222,5638,2003,120095.0,265728.0,0.9791540000000001,1.185081,CAN,TTO,210390
255420,41,222,5638,2003,0.0,1668.0,2.151037,0.711217,CHE,TTO,210390
255421,43,222,5638,2003,109421.0,0.0,0.579431,2.773139,CHN,TTO,210390
255422,49,222,5638,2003,4850.0,0.0,0.218336,0.376869,COL,TTO,210390
255423,52,222,5638,2003,9382.0,0.0,-0.193904,-0.5049680000000001,CRI,TTO,210390
255424,59,222,5638,2003,0.0,7064.0,1.555749,0.8662059999999999,CZE,TTO,210390
255425,61,222,5638,2003,1812.0,0.0,2.2821919999999998,-2.0985150000000004,DEU,TTO,210390
255426,63,222,5638,2003,0.0,17378.0,0.11903299999999999,-0.21768200000000001,DMA,TTO,210390
255427,65,222,5638,2003,26130.0,0.0,-0.46264399999999994,-0.245034,DOM,TTO,210390
255428,71,222,5638,2003,0.0,38428.0,0.960684,2.074792,ESP,TTO,210390
255429,77,222,5638,2003,0.0,36696.0,1.606606,0.7394149999999999,FRA,TTO,210390
255430,81,222,5638,2003,56520.0,354153.0,1.8712540000000002,0.706205,GBR,TTO,210390
255431,90,222,5638,2003,0.0,10701.0,0.364688,1.4823959999999998,GRC,TTO,210390
255432,91,222,5638,2003,0.0,173046.0,0.3936,-0.258355,GRD,TTO,210390
255433,93,222,5638,2003,342366.0,0.0,-0.444162,0.145319,GTM,TTO,210390
255434,96,222,5638,2003,1735.0,244691.0,-0.59035,-0.7361340000000001,GUY,TTO,210390
255435,97,222,5638,2003,112159.0,0.0,0.494569,2.147062,HKG,TTO,210390
255436,103,222,5638,2003,877.0,0.0,-0.16802,1.7252990000000001,IDN,TTO,210390
255437,104,222,5638,2003,3651.0,0.0,0.33014099999999996,2.836003,IND,TTO,210390
255438,111,222,5638,2003,1471.0,0.0,1.399734,1.044608,ITA,TTO,210390
255439,112,222,5638,2003,101126.0,70834.0,-0.6684140000000001,-0.915817,JAM,TTO,210390
255440,120,222,5638,2003,0.0,55631.0,0.555154,-0.405962,KNA,TTO,210390
255441,127,222,5638,2003,1072.0,47923.0,0.318385,-0.342679,LCA,TTO,210390
255442,138,222,5638,2003,29067.0,0.0,0.862509,0.756684,MEX,TTO,210390
255443,149,222,5638,2003,0.0,5103.0,0.383768,-0.320867,MSR,TTO,210390
255444,162,222,5638,2003,715.0,8993.0,1.168453,1.7085709999999998,NLD,TTO,210390
255445,169,222,5638,2003,15816.0,7241.0,-0.050386,-0.039619999999999995,PAN,TTO,210390
255446,205,222,5638,2003,0.0,15639.0,-0.896925,-0.88623,SUR,TTO,210390
255447,224,222,5638,2003,9416.0,0.0,0.192802,1.9855060000000002,TUR,TTO,210390
255448,231,222,5638,2003,1065204.0,724211.0,1.7789220000000001,0.064028,USA,TTO,210390
255449,234,222,5638,2003,0.0,147936.0,-0.355758,-0.679181,VCT,TTO,210390
255450,236,222,5638,2003,213390.0,820.0,0.277805,-0.783697,VEN,TTO,210390
255451,237,222,5638,2003,0.0,14023.0,0.685109,-0.20824299999999998,VGB,TTO,210390
255452,250,222,5638,2003,0.0,15989.0,0.45951499999999995,-0.2312,ANS,TTO,210390
255453,7,224,5638,2003,0.0,535643.0,0.049637,-0.502691,ARE,TUR,210390
255454,9,224,5638,2003,0.0,21813.0,0.497521,-0.305788,ARM,TUR,210390
255455,14,224,5638,2003,0.0,181945.0,0.316879,0.9409489999999999,AUS,TUR,210390
255456,15,224,5638,2003,24047.0,13601.0,1.834977,0.408096,AUT,TUR,210390
255457,16,224,5638,2003,0.0,39019.0,-0.304606,-0.975453,AZE,TUR,210390
255458,18,224,5638,2003,187736.0,64260.0,1.361682,1.39536,BEL,TUR,210390
255459,24,224,5638,2003,0.0,22685.0,-0.10968800000000001,-1.041032,BHR,TUR,210390
255460,33,224,5638,2003,0.0,5116.0,0.744166,0.074191,BRB,TUR,210390
255461,39,224,5638,2003,31685.0,12652.0,0.9791540000000001,1.185081,CAN,TUR,210390
255462,41,224,5638,2003,5522.0,28846.0,2.151037,0.711217,CHE,TUR,210390
255463,43,224,5638,2003,29379.0,0.0,0.579431,2.773139,CHN,TUR,210390
255464,45,224,5638,2003,0.0,3212.0,-1.254788,-1.10897,CMR,TUR,210390
255465,47,224,5638,2003,0.0,7080.0,-1.6789619999999998,-1.182557,COG,TUR,210390
255466,52,224,5638,2003,0.0,22896.0,-0.193904,-0.5049680000000001,CRI,TUR,210390
255467,58,224,5638,2003,0.0,433263.0,0.259992,0.068914,CYP,TUR,210390
255468,61,224,5638,2003,1172538.0,700218.0,2.2821919999999998,-2.0985150000000004,DEU,TUR,210390
255469,64,224,5638,2003,8714.0,106767.0,1.309564,1.245596,DNK,TUR,210390
255470,66,224,5638,2003,0.0,2257.0,-1.060727,-1.142594,DZA,TUR,210390
255471,71,224,5638,2003,36777.0,0.0,0.960684,2.074792,ESP,TUR,210390
255472,74,224,5638,2003,0.0,78358.0,2.077889,0.942501,FIN,TUR,210390
255473,77,224,5638,2003,43825.0,47145.0,1.606606,0.7394149999999999,FRA,TUR,210390
255474,81,224,5638,2003,174203.0,221082.0,1.8712540000000002,0.706205,GBR,TUR,210390
255475,82,224,5638,2003,0.0,67362.0,0.595485,-0.25939,GEO,TUR,210390
255476,90,224,5638,2003,1274.0,9631.0,0.364688,1.4823959999999998,GRC,TUR,210390
255477,92,224,5638,2003,0.0,1353.0,-0.764655,-0.8684200000000001,GRL,TUR,210390
255478,97,224,5638,2003,59458.0,0.0,0.494569,2.147062,HKG,TUR,210390
255479,100,224,5638,2003,221978.0,2450.0,0.568394,1.230759,HRV,TUR,210390
255480,104,224,5638,2003,2838.0,0.0,0.33014099999999996,2.836003,IND,TUR,210390
255481,107,224,5638,2003,0.0,2474.0,-0.552146,-0.8668520000000001,IRN,TUR,210390
255482,108,224,5638,2003,0.0,303134.0,-0.398557,-0.774153,IRQ,TUR,210390
255483,110,224,5638,2003,1129108.0,10565.0,1.157809,0.682195,ISR,TUR,210390
255484,111,224,5638,2003,40225.0,200937.0,1.399734,1.044608,ITA,TUR,210390
255485,113,224,5638,2003,0.0,106131.0,0.12295,0.377031,JOR,TUR,210390
255486,114,224,5638,2003,14402.0,9087.0,2.4686630000000003,0.48072600000000004,JPN,TUR,210390
255487,115,224,5638,2003,0.0,1948.0,-0.156326,-0.62092,KAZ,TUR,210390
255488,117,224,5638,2003,0.0,2936.0,0.25359699999999996,0.24101199999999998,KGZ,TUR,210390
255489,122,224,5638,2003,0.0,241838.0,-0.7943640000000001,-1.1529770000000001,KWT,TUR,210390
255490,124,224,5638,2003,0.0,73113.0,0.261687,1.053856,LBN,TUR,210390
255491,134,224,5638,2003,0.0,14014.0,-0.6842050000000001,-0.217892,MAR,TUR,210390
255492,135,224,5638,2003,0.0,1729.0,-0.005154,-0.26107199999999997,MDA,TUR,210390
255493,138,224,5638,2003,0.0,1432.0,0.862509,0.756684,MEX,TUR,210390
255494,140,224,5638,2003,2172233.0,0.0,-0.017632,0.225394,MKD,TUR,210390
255495,141,224,5638,2003,0.0,8738.0,-0.786411,-0.879049,MLI,TUR,210390
255496,153,224,5638,2003,0.0,574034.0,0.728804,0.2168,MYS,TUR,210390
255497,160,224,5638,2003,0.0,600.0,-0.8661459999999999,-0.8661690000000001,NIC,TUR,210390
255498,162,224,5638,2003,196446.0,93161.0,1.168453,1.7085709999999998,NLD,TUR,210390
255499,163,224,5638,2003,0.0,28036.0,1.1500620000000001,0.258554,NOR,TUR,210390
255500,167,224,5638,2003,0.0,8790.0,-1.434873,-1.188123,OMN,TUR,210390
255501,174,224,5638,2003,0.0,1604.0,-0.065022,-0.195144,PHL,TUR,210390
255502,177,224,5638,2003,14565.0,0.0,0.966622,1.664838,POL,TUR,210390
255503,183,224,5638,2003,0.0,11941.0,-0.209042,-1.0565799999999999,QAT,TUR,210390
255504,185,224,5638,2003,0.0,1850.0,0.378379,1.0064620000000002,ROU,TUR,210390
255505,186,224,5638,2003,4102.0,147587.0,1.072729,0.338355,RUS,TUR,210390
255506,188,224,5638,2003,0.0,609954.0,0.202286,-0.714691,SAU,TUR,210390
255507,207,224,5638,2003,18972.0,0.0,1.6459840000000001,1.014191,SVN,TUR,210390
255508,208,224,5638,2003,0.0,122428.0,2.099224,0.799982,SWE,TUR,210390
255509,215,224,5638,2003,0.0,1618.0,-0.5058590000000001,-0.520586,TGO,TUR,210390
255510,216,224,5638,2003,21858.0,0.0,0.43010699999999996,1.607408,THA,TUR,210390
255511,217,224,5638,2003,0.0,1069.0,-0.6187520000000001,-1.0438969999999999,TJK,TUR,210390
255512,219,224,5638,2003,0.0,8692.0,-1.223295,-1.250217,TKM,TUR,210390
255513,222,224,5638,2003,0.0,9416.0,-0.16738,-0.9820969999999999,TTO,TUR,210390
255514,231,224,5638,2003,180035.0,268257.0,1.7789220000000001,0.064028,USA,TUR,210390
255515,232,224,5638,2003,0.0,60277.0,-0.285978,-0.703334,UZB,TUR,210390
255516,246,224,5638,2003,1171.0,0.0,0.477987,2.255395,ZAF,TUR,210390
255517,249,224,5638,2003,3727.0,0.0,1.5924040000000002,1.397843,TWN,TUR,210390
255518,250,224,5638,2003,0.0,359117.0,0.45951499999999995,-0.2312,ANS,TUR,210390
255519,8,230,5638,2003,2763045.0,438600.0,0.302073,0.49069700000000005,ARG,URY,210390
255520,14,230,5638,2003,0.0,4858.0,0.316879,0.9409489999999999,AUS,URY,210390
255521,32,230,5638,2003,234783.0,1101130.0,0.660576,1.118876,BRA,URY,210390
255522,42,230,5638,2003,5163.0,12357.0,-0.06375900000000001,-0.156808,CHL,URY,210390
255523,43,230,5638,2003,18867.0,0.0,0.579431,2.773139,CHN,URY,210390
255524,61,230,5638,2003,22587.0,0.0,2.2821919999999998,-2.0985150000000004,DEU,URY,210390
255525,71,230,5638,2003,90671.0,0.0,0.960684,2.074792,ESP,URY,210390
255526,77,230,5638,2003,14520.0,0.0,1.606606,0.7394149999999999,FRA,URY,210390
255527,81,230,5638,2003,9410.0,0.0,1.8712540000000002,0.706205,GBR,URY,210390
255528,93,230,5638,2003,0.0,1602.0,-0.444162,0.145319,GTM,URY,210390
255529,111,230,5638,2003,1228.0,0.0,1.399734,1.044608,ITA,URY,210390
255530,138,230,5638,2003,1667.0,0.0,0.862509,0.756684,MEX,URY,210390
255531,162,230,5638,2003,3129.0,0.0,1.168453,1.7085709999999998,NLD,URY,210390
255532,169,230,5638,2003,6261.0,0.0,-0.050386,-0.039619999999999995,PAN,URY,210390
255533,197,230,5638,2003,0.0,1368.0,-0.251357,-0.189917,SLV,URY,210390
255534,231,230,5638,2003,186861.0,17189.0,1.7789220000000001,0.064028,USA,URY,210390
255535,236,230,5638,2003,4598.0,0.0,0.277805,-0.783697,VEN,URY,210390
255536,249,230,5638,2003,7244.0,0.0,1.5924040000000002,1.397843,TWN,URY,210390
255537,0,231,5638,2003,0.0,677896.0,-0.13006600000000001,-0.783431,ABW,USA,210390
255538,3,231,5638,2003,0.0,11695.0,1.159575,-0.060911,AIA,USA,210390
255539,5,231,5638,2003,0.0,1084.0,1.0901319999999999,0.618693,AND,USA,210390
255540,6,231,5638,2003,0.0,687540.0,0.108903,-0.650137,ANT,USA,210390
255541,7,231,5638,2003,0.0,7662275.0,0.049637,-0.502691,ARE,USA,210390
255542,8,231,5638,2003,100880.0,65264.0,0.302073,0.49069700000000005,ARG,USA,210390
255543,9,231,5638,2003,2325.0,0.0,0.497521,-0.305788,ARM,USA,210390
255544,13,231,5638,2003,0.0,243434.0,0.014283,-0.564587,ATG,USA,210390
255545,14,231,5638,2003,440077.0,5725311.0,0.316879,0.9409489999999999,AUS,USA,210390
255546,15,231,5638,2003,39524.0,496034.0,1.834977,0.408096,AUT,USA,210390
255547,18,231,5638,2003,84971.0,1981274.0,1.361682,1.39536,BEL,USA,210390
255548,19,231,5638,2003,0.0,177419.0,-1.150888,-0.956203,BEN,USA,210390
255549,21,231,5638,2003,0.0,7934.0,-0.9365690000000001,-0.9699409999999999,BFA,USA,210390
255550,22,231,5638,2003,0.0,76539.0,-1.168404,-1.035782,BGD,USA,210390
255551,23,231,5638,2003,313913.0,387993.0,0.43308599999999997,1.7104099999999998,BGR,USA,210390
255552,24,231,5638,2003,0.0,679462.0,-0.10968800000000001,-1.041032,BHR,USA,210390
255553,25,231,5638,2003,0.0,2932224.0,0.614422,-0.40984,BHS,USA,210390
255554,26,231,5638,2003,18002.0,0.0,0.195667,0.347011,BIH,USA,210390
255555,28,231,5638,2003,2430.0,6538.0,0.847358,0.9307719999999999,BLR,USA,210390
255556,29,231,5638,2003,172959.0,114778.0,-0.543555,-0.7596,BLZ,USA,210390
255557,30,231,5638,2003,0.0,692342.0,0.9966459999999999,-0.5183270000000001,BMU,USA,210390
255558,31,231,5638,2003,0.0,29515.0,-0.787995,-0.7228899999999999,BOL,USA,210390
255559,32,231,5638,2003,116386.0,530416.0,0.660576,1.118876,BRA,USA,210390
255560,33,231,5638,2003,59246.0,548975.0,0.744166,0.074191,BRB,USA,210390
255561,34,231,5638,2003,0.0,16608.0,-1.342738,-0.978633,BRN,USA,210390
255562,39,231,5638,2003,116230056.0,109261024.0,0.9791540000000001,1.185081,CAN,USA,210390
255563,40,231,5638,2003,0.0,9737.0,1.2656530000000001,-0.20865999999999998,CCK,USA,210390
255564,41,231,5638,2003,1470954.0,129716.0,2.151037,0.711217,CHE,USA,210390
255565,42,231,5638,2003,561837.0,278851.0,-0.06375900000000001,-0.156808,CHL,USA,210390
255566,43,231,5638,2003,10517593.0,1597239.0,0.579431,2.773139,CHN,USA,210390
255567,44,231,5638,2003,21732.0,152141.0,-0.699928,-0.723739,CIV,USA,210390
255568,45,231,5638,2003,0.0,115536.0,-1.254788,-1.10897,CMR,USA,210390
255569,47,231,5638,2003,0.0,167482.0,-1.6789619999999998,-1.182557,COG,USA,210390
255570,48,231,5638,2003,0.0,93595.0,0.327914,-0.466681,COK,USA,210390
255571,49,231,5638,2003,155584.0,904527.0,0.218336,0.376869,COL,USA,210390
255572,51,231,5638,2003,0.0,1570.0,0.070649,-0.541279,CPV,USA,210390
255573,52,231,5638,2003,2110558.0,1010550.0,-0.193904,-0.5049680000000001,CRI,USA,210390
255574,54,231,5638,2003,0.0,227530.0,-0.391515,-0.8562120000000001,CUB,USA,210390
255575,57,231,5638,2003,0.0,259655.0,0.308768,-0.690944,CYM,USA,210390
255576,58,231,5638,2003,0.0,54316.0,0.259992,0.068914,CYP,USA,210390
255577,59,231,5638,2003,5054.0,189327.0,1.555749,0.8662059999999999,CZE,USA,210390
255578,61,231,5638,2003,1293489.0,2059714.0,2.2821919999999998,-2.0985150000000004,DEU,USA,210390
255579,63,231,5638,2003,10775.0,36411.0,0.11903299999999999,-0.21768200000000001,DMA,USA,210390
255580,64,231,5638,2003,36356.0,349491.0,1.309564,1.245596,DNK,USA,210390
255581,65,231,5638,2003,1223818.0,2354678.0,-0.46264399999999994,-0.245034,DOM,USA,210390
255582,66,231,5638,2003,0.0,11893.0,-1.060727,-1.142594,DZA,USA,210390
255583,67,231,5638,2003,111372.0,988241.0,-0.8689370000000001,-0.889767,ECU,USA,210390
255584,68,231,5638,2003,0.0,385362.0,-0.292923,0.465433,EGY,USA,210390
255585,71,231,5638,2003,410273.0,2774996.0,0.960684,2.074792,ESP,USA,210390
255586,72,231,5638,2003,0.0,50917.0,0.5913010000000001,0.8489979999999999,EST,USA,210390
255587,73,231,5638,2003,0.0,21037.0,-1.1145559999999999,-0.9599620000000001,ETH,USA,210390
255588,74,231,5638,2003,0.0,342889.0,2.077889,0.942501,FIN,USA,210390
255589,75,231,5638,2003,2369.0,785.0,-0.6865640000000001,-0.326977,FJI,USA,210390
255590,77,231,5638,2003,3062830.0,3493104.0,1.606606,0.7394149999999999,FRA,USA,210390
255591,78,231,5638,2003,0.0,2231.0,-0.46422299999999994,-0.8072050000000001,FRO,USA,210390
255592,79,231,5638,2003,0.0,67070.0,-1.370191,-1.028812,FSM,USA,210390
255593,80,231,5638,2003,0.0,31279.0,-0.92745,-1.138466,GAB,USA,210390
255594,81,231,5638,2003,3065899.0,8416388.0,1.8712540000000002,0.706205,GBR,USA,210390
255595,82,231,5638,2003,5980.0,8645.0,0.595485,-0.25939,GEO,USA,210390
255596,83,231,5638,2003,5313.0,97619.0,-1.074188,-0.7127319999999999,GHA,USA,210390
255597,85,231,5638,2003,0.0,1472547.0,-2.14752,-1.250048,GIN,USA,210390
255598,87,231,5638,2003,0.0,271883.0,-0.230541,-0.275663,GMB,USA,210390
255599,88,231,5638,2003,0.0,46465.0,0.24509499999999998,-0.612725,GNB,USA,210390
255600,90,231,5638,2003,60800.0,713644.0,0.364688,1.4823959999999998,GRC,USA,210390
255601,91,231,5638,2003,0.0,32040.0,0.3936,-0.258355,GRD,USA,210390
255602,92,231,5638,2003,0.0,817.0,-0.764655,-0.8684200000000001,GRL,USA,210390
255603,93,231,5638,2003,83676.0,2754660.0,-0.444162,0.145319,GTM,USA,210390
255604,96,231,5638,2003,5397.0,84984.0,-0.59035,-0.7361340000000001,GUY,USA,210390
255605,97,231,5638,2003,18245734.0,9430784.0,0.494569,2.147062,HKG,USA,210390
255606,99,231,5638,2003,19913.0,1569243.0,-0.733546,-0.568585,HND,USA,210390
255607,100,231,5638,2003,1916301.0,54418.0,0.568394,1.230759,HRV,USA,210390
255608,101,231,5638,2003,0.0,420126.0,-1.3761290000000002,-1.006346,HTI,USA,210390
255609,102,231,5638,2003,45137.0,18428.0,1.2003270000000001,1.091407,HUN,USA,210390
255610,103,231,5638,2003,352024.0,1130375.0,-0.16802,1.7252990000000001,IDN,USA,210390
255611,104,231,5638,2003,1633163.0,396374.0,0.33014099999999996,2.836003,IND,USA,210390
255612,106,231,5638,2003,264990.0,226637.0,1.6396130000000002,0.220599,IRL,USA,210390
255613,107,231,5638,2003,2310.0,47714.0,-0.552146,-0.8668520000000001,IRN,USA,210390
255614,109,231,5638,2003,6675.0,408064.0,0.21902800000000003,-0.40818499999999996,ISL,USA,210390
255615,110,231,5638,2003,231793.0,2670727.0,1.157809,0.682195,ISR,USA,210390
255616,111,231,5638,2003,18760444.0,821081.0,1.399734,1.044608,ITA,USA,210390
255617,112,231,5638,2003,5101059.0,1247015.0,-0.6684140000000001,-0.915817,JAM,USA,210390
255618,113,231,5638,2003,125550.0,591421.0,0.12295,0.377031,JOR,USA,210390
255619,114,231,5638,2003,27684614.0,20126952.0,2.4686630000000003,0.48072600000000004,JPN,USA,210390
255620,115,231,5638,2003,0.0,4431.0,-0.156326,-0.62092,KAZ,USA,210390
255621,116,231,5638,2003,0.0,41553.0,-0.3531,0.582992,KEN,USA,210390
255622,117,231,5638,2003,0.0,1755.0,0.25359699999999996,0.24101199999999998,KGZ,USA,210390
255623,118,231,5638,2003,0.0,18524.0,-1.0165620000000002,-1.060454,KHM,USA,210390
255624,120,231,5638,2003,0.0,108919.0,0.555154,-0.405962,KNA,USA,210390
255625,121,231,5638,2003,5312705.0,6226257.0,1.2611709999999998,0.956308,KOR,USA,210390
255626,122,231,5638,2003,0.0,4122914.0,-0.7943640000000001,-1.1529770000000001,KWT,USA,210390
255627,124,231,5638,2003,191286.0,723757.0,0.261687,1.053856,LBN,USA,210390
255628,125,231,5638,2003,0.0,508199.0,0.026117,-1.03888,LBR,USA,210390
255629,127,231,5638,2003,38885.0,69796.0,0.318385,-0.342679,LCA,USA,210390
255630,128,231,5638,2003,34321.0,83117.0,-0.618057,0.101931,LKA,USA,210390
255631,130,231,5638,2003,53389.0,15662.0,0.239608,0.517299,LTU,USA,210390
255632,132,231,5638,2003,17254.0,23924.0,0.520772,0.5631689999999999,LVA,USA,210390
255633,133,231,5638,2003,0.0,178225.0,-0.294516,-0.413828,MAC,USA,210390
255634,134,231,5638,2003,0.0,101193.0,-0.6842050000000001,-0.217892,MAR,USA,210390
255635,137,231,5638,2003,0.0,38785.0,-1.201352,-1.031892,MDV,USA,210390
255636,138,231,5638,2003,50232060.0,53142772.0,0.862509,0.756684,MEX,USA,210390
255637,139,231,5638,2003,0.0,12621.0,-1.7295669999999999,-0.926291,MHL,USA,210390
255638,140,231,5638,2003,205611.0,0.0,-0.017632,0.225394,MKD,USA,210390
255639,141,231,5638,2003,0.0,22238.0,-0.786411,-0.879049,MLI,USA,210390
255640,142,231,5638,2003,0.0,46995.0,1.2138149999999999,-0.015687,MLT,USA,210390
255641,145,231,5638,2003,0.0,2965.0,-0.9747620000000001,-1.026308,MNG,USA,210390
255642,148,231,5638,2003,0.0,25199.0,-1.069232,-1.184061,MRT,USA,210390
255643,149,231,5638,2003,0.0,17188.0,0.383768,-0.320867,MSR,USA,210390
255644,151,231,5638,2003,12038.0,30872.0,-0.361514,-0.29839899999999997,MUS,USA,210390
255645,152,231,5638,2003,0.0,7291.0,-1.48079,-1.235645,MWI,USA,210390
255646,153,231,5638,2003,687379.0,1244045.0,0.728804,0.2168,MYS,USA,210390
255647,155,231,5638,2003,6000.0,62023.0,-0.24004499999999998,-0.39565900000000004,NAM,USA,210390
255648,156,231,5638,2003,0.0,417922.0,-0.344934,-0.776632,NCL,USA,210390
255649,157,231,5638,2003,0.0,14537.0,-0.199296,-0.578264,NER,USA,210390
255650,159,231,5638,2003,2985.0,478673.0,-1.859176,-1.234236,NGA,USA,210390
255651,160,231,5638,2003,9094.0,327866.0,-0.8661459999999999,-0.8661690000000001,NIC,USA,210390
255652,162,231,5638,2003,164892.0,2287610.0,1.168453,1.7085709999999998,NLD,USA,210390
255653,163,231,5638,2003,15563.0,1258610.0,1.1500620000000001,0.258554,NOR,USA,210390
255654,164,231,5638,2003,0.0,8924.0,-0.26353899999999997,1.351717,NPL,USA,210390
255655,166,231,5638,2003,30789700.0,2230046.0,0.589619,0.997301,NZL,USA,210390
255656,167,231,5638,2003,0.0,705983.0,-1.434873,-1.188123,OMN,USA,210390
255657,168,231,5638,2003,121291.0,422062.0,-0.6659689999999999,0.137924,PAK,USA,210390
255658,169,231,5638,2003,31040.0,1299872.0,-0.050386,-0.039619999999999995,PAN,USA,210390
255659,173,231,5638,2003,690520.0,935219.0,-0.48627,0.371354,PER,USA,210390
255660,174,231,5638,2003,3190836.0,5418088.0,-0.065022,-0.195144,PHL,USA,210390
255661,176,231,5638,2003,0.0,15505.0,-1.7997330000000002,-1.2110049999999999,PNG,USA,210390
255662,177,231,5638,2003,599040.0,373457.0,0.966622,1.664838,POL,USA,210390
255663,179,231,5638,2003,33684.0,435322.0,0.471376,1.647303,PRT,USA,210390
255664,180,231,5638,2003,0.0,1995.0,-0.607733,-0.8577879999999999,PRY,USA,210390
255665,182,231,5638,2003,0.0,1012977.0,-0.255707,-0.676557,PYF,USA,210390
255666,183,231,5638,2003,0.0,621047.0,-0.209042,-1.0565799999999999,QAT,USA,210390
255667,185,231,5638,2003,5137.0,2414.0,0.378379,1.0064620000000002,ROU,USA,210390
255668,186,231,5638,2003,45360.0,229815.0,1.072729,0.338355,RUS,USA,210390
255669,187,231,5638,2003,0.0,3375.0,-0.99513,-0.852476,RWA,USA,210390
255670,188,231,5638,2003,11250.0,14226581.0,0.202286,-0.714691,SAU,USA,210390
255671,189,231,5638,2003,2686.0,0.0,0.575326,1.627894,SCG,USA,210390
255672,191,231,5638,2003,1502.0,35398.0,-0.25203600000000004,-0.25549299999999997,SEN,USA,210390
255673,192,231,5638,2003,1148893.0,4089602.0,1.5080799999999999,0.720337,SGP,USA,210390
255674,196,231,5638,2003,0.0,321548.0,0.129923,-0.19926300000000002,SLE,USA,210390
255675,197,231,5638,2003,315730.0,1250761.0,-0.251357,-0.189917,SLV,USA,210390
255676,205,231,5638,2003,60174.0,59635.0,-0.896925,-0.88623,SUR,USA,210390
255677,206,231,5638,2003,1788.0,9954.0,1.22565,0.915518,SVK,USA,210390
255678,207,231,5638,2003,32220.0,16901.0,1.6459840000000001,1.014191,SVN,USA,210390
255679,208,231,5638,2003,362175.0,2248449.0,2.099224,0.799982,SWE,USA,210390
255680,211,231,5638,2003,0.0,22504.0,-0.44341099999999994,-0.742566,SYC,USA,210390
255681,212,231,5638,2003,1942.0,0.0,-0.868749,-0.326322,SYR,USA,210390
255682,213,231,5638,2003,0.0,477017.0,0.306975,-0.288514,TCA,USA,210390
255683,215,231,5638,2003,0.0,121319.0,-0.5058590000000001,-0.520586,TGO,USA,210390
255684,216,231,5638,2003,19746848.0,1919988.0,0.43010699999999996,1.607408,THA,USA,210390
255685,221,231,5638,2003,0.0,27162.0,-0.8467379999999999,-0.815816,TON,USA,210390
255686,222,231,5638,2003,724211.0,1065204.0,-0.16738,-0.9820969999999999,TTO,USA,210390
255687,223,231,5638,2003,0.0,24963.0,-0.14845999999999998,0.255092,TUN,USA,210390
255688,224,231,5638,2003,268257.0,180035.0,0.192802,1.9855060000000002,TUR,USA,210390
255689,226,231,5638,2003,0.0,2841.0,-1.225217,-0.43662399999999996,TZA,USA,210390
255690,227,231,5638,2003,0.0,19884.0,-0.895193,-0.712039,UGA,USA,210390
255691,228,231,5638,2003,2289.0,13767.0,0.8929389999999999,0.956685,UKR,USA,210390
255692,230,231,5638,2003,17189.0,186861.0,0.19792200000000001,0.243104,URY,USA,210390
255693,234,231,5638,2003,0.0,51963.0,-0.355758,-0.679181,VCT,USA,210390
255694,236,231,5638,2003,13604.0,1592858.0,0.277805,-0.783697,VEN,USA,210390
255695,237,231,5638,2003,3712.0,14546.0,0.685109,-0.20824299999999998,VGB,USA,210390
255696,239,231,5638,2003,616095.0,458145.0,-0.633985,0.659696,VNM,USA,210390
255697,242,231,5638,2003,0.0,72998.0,-0.304377,-0.620659,WSM,USA,210390
255698,243,231,5638,2003,0.0,556966.0,-1.453584,-1.257815,YEM,USA,210390
255699,246,231,5638,2003,295093.0,1331407.0,0.477987,2.255395,ZAF,USA,210390
255700,247,231,5638,2003,0.0,43474.0,-0.678149,-0.5919449999999999,ZMB,USA,210390
255701,249,231,5638,2003,4631741.0,2602328.0,1.5924040000000002,1.397843,TWN,USA,210390
255702,0,236,5638,2003,0.0,53910.0,-0.13006600000000001,-0.783431,ABW,VEN,210390
255703,6,236,5638,2003,0.0,57324.0,0.108903,-0.650137,ANT,VEN,210390
255704,8,236,5638,2003,5150.0,0.0,0.302073,0.49069700000000005,ARG,VEN,210390
255705,31,236,5638,2003,0.0,3079.0,-0.787995,-0.7228899999999999,BOL,VEN,210390
255706,32,236,5638,2003,161402.0,6867.0,0.660576,1.118876,BRA,VEN,210390
255707,33,236,5638,2003,0.0,34008.0,0.744166,0.074191,BRB,VEN,210390
255708,39,236,5638,2003,49970.0,11825.0,0.9791540000000001,1.185081,CAN,VEN,210390
255709,41,236,5638,2003,4322.0,0.0,2.151037,0.711217,CHE,VEN,210390
255710,43,236,5638,2003,18425.0,0.0,0.579431,2.773139,CHN,VEN,210390
255711,49,236,5638,2003,2365049.0,2091312.0,0.218336,0.376869,COL,VEN,210390
255712,52,236,5638,2003,0.0,1039614.0,-0.193904,-0.5049680000000001,CRI,VEN,210390
255713,61,236,5638,2003,14436.0,0.0,2.2821919999999998,-2.0985150000000004,DEU,VEN,210390
255714,64,236,5638,2003,9053.0,0.0,1.309564,1.245596,DNK,VEN,210390
255715,65,236,5638,2003,0.0,31304.0,-0.46264399999999994,-0.245034,DOM,VEN,210390
255716,67,236,5638,2003,3361.0,165046.0,-0.8689370000000001,-0.889767,ECU,VEN,210390
255717,71,236,5638,2003,9718.0,1179.0,0.960684,2.074792,ESP,VEN,210390
255718,77,236,5638,2003,9136.0,0.0,1.606606,0.7394149999999999,FRA,VEN,210390
255719,81,236,5638,2003,46639.0,0.0,1.8712540000000002,0.706205,GBR,VEN,210390
255720,91,236,5638,2003,0.0,34860.0,0.3936,-0.258355,GRD,VEN,210390
255721,97,236,5638,2003,32639.0,0.0,0.494569,2.147062,HKG,VEN,210390
255722,111,236,5638,2003,4961.0,0.0,1.399734,1.044608,ITA,VEN,210390
255723,112,236,5638,2003,0.0,12822.0,-0.6684140000000001,-0.915817,JAM,VEN,210390
255724,114,236,5638,2003,25729.0,0.0,2.4686630000000003,0.48072600000000004,JPN,VEN,210390
255725,120,236,5638,2003,0.0,24002.0,0.555154,-0.405962,KNA,VEN,210390
255726,124,236,5638,2003,4415.0,0.0,0.261687,1.053856,LBN,VEN,210390
255727,138,236,5638,2003,2301872.0,21721.0,0.862509,0.756684,MEX,VEN,210390
255728,162,236,5638,2003,5629.0,0.0,1.168453,1.7085709999999998,NLD,VEN,210390
255729,169,236,5638,2003,8129.0,1426674.0,-0.050386,-0.039619999999999995,PAN,VEN,210390
255730,173,236,5638,2003,0.0,9854.0,-0.48627,0.371354,PER,VEN,210390
255731,179,236,5638,2003,5910.0,8326.0,0.471376,1.647303,PRT,VEN,210390
255732,222,236,5638,2003,820.0,213390.0,-0.16738,-0.9820969999999999,TTO,VEN,210390
255733,230,236,5638,2003,0.0,4598.0,0.19792200000000001,0.243104,URY,VEN,210390
255734,231,236,5638,2003,1592858.0,13604.0,1.7789220000000001,0.064028,USA,VEN,210390
255735,249,236,5638,2003,1341.0,0.0,1.5924040000000002,1.397843,TWN,VEN,210390
255736,250,236,5638,2003,1324.0,0.0,0.45951499999999995,-0.2312,ANS,VEN,210390
255737,33,237,5638,2003,6665.0,0.0,0.744166,0.074191,BRB,VGB,210390
255738,63,237,5638,2003,1218.0,0.0,0.11903299999999999,-0.21768200000000001,DMA,VGB,210390
255739,81,237,5638,2003,29987.0,0.0,1.8712540000000002,0.706205,GBR,VGB,210390
255740,111,237,5638,2003,3621.0,0.0,1.399734,1.044608,ITA,VGB,210390
255741,112,237,5638,2003,7264.0,0.0,-0.6684140000000001,-0.915817,JAM,VGB,210390
255742,222,237,5638,2003,14023.0,0.0,-0.16738,-0.9820969999999999,TTO,VGB,210390
255743,231,237,5638,2003,14546.0,3712.0,1.7789220000000001,0.064028,USA,VGB,210390
255744,234,237,5638,2003,4963.0,0.0,-0.355758,-0.679181,VCT,VGB,210390
255745,246,237,5638,2003,4750.0,0.0,0.477987,2.255395,ZAF,VGB,210390
255746,2,246,5638,2003,0.0,393177.0,-1.8762919999999998,-1.176541,AGO,ZAF,210390
255747,7,246,5638,2003,10488.0,148537.0,0.049637,-0.502691,ARE,ZAF,210390
255748,14,246,5638,2003,808499.0,676721.0,0.316879,0.9409489999999999,AUS,ZAF,210390
255749,15,246,5638,2003,42491.0,5064.0,1.834977,0.408096,AUT,ZAF,210390
255750,17,246,5638,2003,0.0,962.0,-0.550138,-0.759304,BDI,ZAF,210390
255751,18,246,5638,2003,1027.0,48550.0,1.361682,1.39536,BEL,ZAF,210390
255752,23,246,5638,2003,0.0,41292.0,0.43308599999999997,1.7104099999999998,BGR,ZAF,210390
255753,24,246,5638,2003,0.0,3927.0,-0.10968800000000001,-1.041032,BHR,ZAF,210390
255754,37,246,5638,2003,7725.0,15638952.0,-0.517317,-1.1125770000000001,BWA,ZAF,210390
255755,39,246,5638,2003,179243.0,177884.0,0.9791540000000001,1.185081,CAN,ZAF,210390
255756,41,246,5638,2003,36755.0,39004.0,2.151037,0.711217,CHE,ZAF,210390
255757,43,246,5638,2003,87296.0,0.0,0.579431,2.773139,CHN,ZAF,210390
255758,44,246,5638,2003,19359.0,3258.0,-0.699928,-0.723739,CIV,ZAF,210390
255759,46,246,5638,2003,0.0,74588.0,-1.366232,-1.0778860000000001,COD,ZAF,210390
255760,47,246,5638,2003,0.0,13529.0,-1.6789619999999998,-1.182557,COG,ZAF,210390
255761,50,246,5638,2003,0.0,1287.0,-0.675377,-0.791014,COM,ZAF,210390
255762,58,246,5638,2003,0.0,7905.0,0.259992,0.068914,CYP,ZAF,210390
255763,61,246,5638,2003,286748.0,51870.0,2.2821919999999998,-2.0985150000000004,DEU,ZAF,210390
255764,64,246,5638,2003,72877.0,32876.0,1.309564,1.245596,DNK,ZAF,210390
255765,65,246,5638,2003,0.0,4227.0,-0.46264399999999994,-0.245034,DOM,ZAF,210390
255766,71,246,5638,2003,51486.0,10411.0,0.960684,2.074792,ESP,ZAF,210390
255767,73,246,5638,2003,0.0,6054.0,-1.1145559999999999,-0.9599620000000001,ETH,ZAF,210390
255768,77,246,5638,2003,75565.0,10895.0,1.606606,0.7394149999999999,FRA,ZAF,210390
255769,80,246,5638,2003,0.0,59869.0,-0.92745,-1.138466,GAB,ZAF,210390
255770,81,246,5638,2003,620027.0,3503812.0,1.8712540000000002,0.706205,GBR,ZAF,210390
255771,83,246,5638,2003,0.0,134594.0,-1.074188,-0.7127319999999999,GHA,ZAF,210390
255772,87,246,5638,2003,0.0,12678.0,-0.230541,-0.275663,GMB,ZAF,210390
255773,90,246,5638,2003,0.0,5548.0,0.364688,1.4823959999999998,GRC,ZAF,210390
255774,97,246,5638,2003,158540.0,191922.0,0.494569,2.147062,HKG,ZAF,210390
255775,103,246,5638,2003,3498.0,33734.0,-0.16802,1.7252990000000001,IDN,ZAF,210390
255776,104,246,5638,2003,0.0,18175.0,0.33014099999999996,2.836003,IND,ZAF,210390
255777,106,246,5638,2003,4587.0,104206.0,1.6396130000000002,0.220599,IRL,ZAF,210390
255778,110,246,5638,2003,39969.0,7700.0,1.157809,0.682195,ISR,ZAF,210390
255779,111,246,5638,2003,69478.0,16753.0,1.399734,1.044608,ITA,ZAF,210390
255780,113,246,5638,2003,0.0,33563.0,0.12295,0.377031,JOR,ZAF,210390
255781,114,246,5638,2003,78312.0,51678.0,2.4686630000000003,0.48072600000000004,JPN,ZAF,210390
255782,116,246,5638,2003,2422.0,269999.0,-0.3531,0.582992,KEN,ZAF,210390
255783,121,246,5638,2003,1922.0,0.0,1.2611709999999998,0.956308,KOR,ZAF,210390
255784,122,246,5638,2003,1717.0,0.0,-0.7943640000000001,-1.1529770000000001,KWT,ZAF,210390
255785,124,246,5638,2003,0.0,5791.0,0.261687,1.053856,LBN,ZAF,210390
255786,125,246,5638,2003,0.0,12554.0,0.026117,-1.03888,LBR,ZAF,210390
255787,126,246,5638,2003,0.0,1296.0,-0.36075999999999997,-1.110575,LBY,ZAF,210390
255788,128,246,5638,2003,0.0,5889.0,-0.618057,0.101931,LKA,ZAF,210390
255789,129,246,5638,2003,748.0,1015873.0,-1.405425,-1.046031,LSO,ZAF,210390
255790,133,246,5638,2003,0.0,1011.0,-0.294516,-0.413828,MAC,ZAF,210390
255791,136,246,5638,2003,0.0,114383.0,-1.254758,-0.622696,MDG,ZAF,210390
255792,137,246,5638,2003,0.0,7351.0,-1.201352,-1.031892,MDV,ZAF,210390
255793,138,246,5638,2003,0.0,5330.0,0.862509,0.756684,MEX,ZAF,210390
255794,141,246,5638,2003,0.0,4593.0,-0.786411,-0.879049,MLI,ZAF,210390
255795,147,246,5638,2003,0.0,1257316.0,-1.188243,-1.123693,MOZ,ZAF,210390
255796,151,246,5638,2003,1112.0,394876.0,-0.361514,-0.29839899999999997,MUS,ZAF,210390
255797,152,246,5638,2003,0.0,199319.0,-1.48079,-1.235645,MWI,ZAF,210390
255798,153,246,5638,2003,2554.0,181074.0,0.728804,0.2168,MYS,ZAF,210390
255799,155,246,5638,2003,0.0,2369633.0,-0.24004499999999998,-0.39565900000000004,NAM,ZAF,210390
255800,159,246,5638,2003,0.0,75783.0,-1.859176,-1.234236,NGA,ZAF,210390
255801,160,246,5638,2003,0.0,16484.0,-0.8661459999999999,-0.8661690000000001,NIC,ZAF,210390
255802,162,246,5638,2003,134273.0,565487.0,1.168453,1.7085709999999998,NLD,ZAF,210390
255803,166,246,5638,2003,0.0,256426.0,0.589619,0.997301,NZL,ZAF,210390
255804,167,246,5638,2003,2578.0,0.0,-1.434873,-1.188123,OMN,ZAF,210390
255805,168,246,5638,2003,0.0,22816.0,-0.6659689999999999,0.137924,PAK,ZAF,210390
255806,177,246,5638,2003,0.0,1452.0,0.966622,1.664838,POL,ZAF,210390
255807,179,246,5638,2003,7067.0,35391.0,0.471376,1.647303,PRT,ZAF,210390
255808,183,246,5638,2003,0.0,7190.0,-0.209042,-1.0565799999999999,QAT,ZAF,210390
255809,187,246,5638,2003,0.0,1499.0,-0.99513,-0.852476,RWA,ZAF,210390
255810,188,246,5638,2003,0.0,3267.0,0.202286,-0.714691,SAU,ZAF,210390
255811,191,246,5638,2003,0.0,14608.0,-0.25203600000000004,-0.25549299999999997,SEN,ZAF,210390
255812,192,246,5638,2003,96718.0,77423.0,1.5080799999999999,0.720337,SGP,ZAF,210390
255813,194,246,5638,2003,0.0,7663.0,0.9663959999999999,0.042493,SHN,ZAF,210390
255814,196,246,5638,2003,0.0,3366.0,0.129923,-0.19926300000000002,SLE,ZAF,210390
255815,205,246,5638,2003,0.0,7135.0,-0.896925,-0.88623,SUR,ZAF,210390
255816,208,246,5638,2003,0.0,31050.0,2.099224,0.799982,SWE,ZAF,210390
255817,209,246,5638,2003,0.0,1313402.0,0.399541,-0.23342600000000002,SWZ,ZAF,210390
255818,211,246,5638,2003,0.0,94175.0,-0.44341099999999994,-0.742566,SYC,ZAF,210390
255819,216,246,5638,2003,274531.0,0.0,0.43010699999999996,1.607408,THA,ZAF,210390
255820,224,246,5638,2003,0.0,1171.0,0.192802,1.9855060000000002,TUR,ZAF,210390
255821,226,246,5638,2003,0.0,109760.0,-1.225217,-0.43662399999999996,TZA,ZAF,210390
255822,227,246,5638,2003,0.0,13119.0,-0.895193,-0.712039,UGA,ZAF,210390
255823,228,246,5638,2003,0.0,808.0,0.8929389999999999,0.956685,UKR,ZAF,210390
255824,231,246,5638,2003,1331407.0,295093.0,1.7789220000000001,0.064028,USA,ZAF,210390
255825,237,246,5638,2003,0.0,4750.0,0.685109,-0.20824299999999998,VGB,ZAF,210390
255826,247,246,5638,2003,0.0,1032181.0,-0.678149,-0.5919449999999999,ZMB,ZAF,210390
255827,248,246,5638,2003,1357.0,807297.0,-0.366539,-0.18906199999999998,ZWE,ZAF,210390
255828,249,246,5638,2003,60104.0,0.0,1.5924040000000002,1.397843,TWN,ZAF,210390
255829,250,246,5638,2003,0.0,12645.0,0.45951499999999995,-0.2312,ANS,ZAF,210390
255830,8,249,5638,2003,0.0,7224.0,0.302073,0.49069700000000005,ARG,TWN,210390
255831,14,249,5638,2003,1044055.0,524955.0,0.316879,0.9409489999999999,AUS,TWN,210390
255832,15,249,5638,2003,6180.0,13214.0,1.834977,0.408096,AUT,TWN,210390
255833,18,249,5638,2003,5843.0,10321.0,1.361682,1.39536,BEL,TWN,210390
255834,29,249,5638,2003,0.0,2097.0,-0.543555,-0.7596,BLZ,TWN,210390
255835,31,249,5638,2003,0.0,6351.0,-0.787995,-0.7228899999999999,BOL,TWN,210390
255836,32,249,5638,2003,0.0,14477.0,0.660576,1.118876,BRA,TWN,210390
255837,34,249,5638,2003,0.0,1716.0,-1.342738,-0.978633,BRN,TWN,210390
255838,39,249,5638,2003,35103.0,684484.0,0.9791540000000001,1.185081,CAN,TWN,210390
255839,41,249,5638,2003,77925.0,19883.0,2.151037,0.711217,CHE,TWN,210390
255840,42,249,5638,2003,0.0,2711.0,-0.06375900000000001,-0.156808,CHL,TWN,210390
255841,43,249,5638,2003,2293683.0,6576364.0,0.579431,2.773139,CHN,TWN,210390
255842,52,249,5638,2003,0.0,4126.0,-0.193904,-0.5049680000000001,CRI,TWN,210390
255843,61,249,5638,2003,91343.0,39203.0,2.2821919999999998,-2.0985150000000004,DEU,TWN,210390
255844,64,249,5638,2003,23973.0,3988.0,1.309564,1.245596,DNK,TWN,210390
255845,71,249,5638,2003,80051.0,47694.0,0.960684,2.074792,ESP,TWN,210390
255846,77,249,5638,2003,17820.0,41354.0,1.606606,0.7394149999999999,FRA,TWN,210390
255847,79,249,5638,2003,0.0,1038.0,-1.370191,-1.028812,FSM,TWN,210390
255848,81,249,5638,2003,150494.0,103479.0,1.8712540000000002,0.706205,GBR,TWN,210390
255849,90,249,5638,2003,0.0,2765.0,0.364688,1.4823959999999998,GRC,TWN,210390
255850,93,249,5638,2003,1707.0,0.0,-0.444162,0.145319,GTM,TWN,210390
255851,97,249,5638,2003,4844356.0,1432743.0,0.494569,2.147062,HKG,TWN,210390
255852,100,249,5638,2003,0.0,1047.0,0.568394,1.230759,HRV,TWN,210390
255853,103,249,5638,2003,43983.0,131782.0,-0.16802,1.7252990000000001,IDN,TWN,210390
255854,104,249,5638,2003,82816.0,0.0,0.33014099999999996,2.836003,IND,TWN,210390
255855,110,249,5638,2003,2547.0,0.0,1.157809,0.682195,ISR,TWN,210390
255856,111,249,5638,2003,83188.0,5689.0,1.399734,1.044608,ITA,TWN,210390
255857,114,249,5638,2003,20905174.0,919294.0,2.4686630000000003,0.48072600000000004,JPN,TWN,210390
255858,121,249,5638,2003,513025.0,116654.0,1.2611709999999998,0.956308,KOR,TWN,210390
255859,122,249,5638,2003,0.0,8861.0,-0.7943640000000001,-1.1529770000000001,KWT,TWN,210390
255860,125,249,5638,2003,0.0,1133.0,0.026117,-1.03888,LBR,TWN,210390
255861,133,249,5638,2003,100323.0,4394.0,-0.294516,-0.413828,MAC,TWN,210390
255862,134,249,5638,2003,25375.0,0.0,-0.6842050000000001,-0.217892,MAR,TWN,210390
255863,138,249,5638,2003,3973.0,78659.0,0.862509,0.756684,MEX,TWN,210390
255864,139,249,5638,2003,0.0,2720.0,-1.7295669999999999,-0.926291,MHL,TWN,210390
255865,151,249,5638,2003,0.0,833.0,-0.361514,-0.29839899999999997,MUS,TWN,210390
255866,153,249,5638,2003,243491.0,78268.0,0.728804,0.2168,MYS,TWN,210390
255867,159,249,5638,2003,0.0,1115.0,-1.859176,-1.234236,NGA,TWN,210390
255868,160,249,5638,2003,0.0,1923.0,-0.8661459999999999,-0.8661690000000001,NIC,TWN,210390
255869,162,249,5638,2003,26131.0,608166.0,1.168453,1.7085709999999998,NLD,TWN,210390
255870,163,249,5638,2003,76213.0,18834.0,1.1500620000000001,0.258554,NOR,TWN,210390
255871,166,249,5638,2003,78315.0,87476.0,0.589619,0.997301,NZL,TWN,210390
255872,169,249,5638,2003,0.0,1447.0,-0.050386,-0.039619999999999995,PAN,TWN,210390
255873,174,249,5638,2003,133548.0,105525.0,-0.065022,-0.195144,PHL,TWN,210390
255874,175,249,5638,2003,0.0,4152.0,-0.478426,-0.85765,PLW,TWN,210390
255875,186,249,5638,2003,0.0,2125.0,1.072729,0.338355,RUS,TWN,210390
255876,188,249,5638,2003,0.0,48016.0,0.202286,-0.714691,SAU,TWN,210390
255877,192,249,5638,2003,452596.0,160565.0,1.5080799999999999,0.720337,SGP,TWN,210390
255878,208,249,5638,2003,0.0,42583.0,2.099224,0.799982,SWE,TWN,210390
255879,216,249,5638,2003,1479213.0,98783.0,0.43010699999999996,1.607408,THA,TWN,210390
255880,224,249,5638,2003,0.0,3727.0,0.192802,1.9855060000000002,TUR,TWN,210390
255881,230,249,5638,2003,0.0,7244.0,0.19792200000000001,0.243104,URY,TWN,210390
255882,231,249,5638,2003,2602328.0,4631741.0,1.7789220000000001,0.064028,USA,TWN,210390
255883,236,249,5638,2003,0.0,1341.0,0.277805,-0.783697,VEN,TWN,210390
255884,239,249,5638,2003,168873.0,36708.0,-0.633985,0.659696,VNM,TWN,210390
255885,246,249,5638,2003,0.0,60104.0,0.477987,2.255395,ZAF,TWN,210390
255886,250,249,5638,2003,0.0,18131.0,0.45951499999999995,-0.2312,ANS,TWN,210390
255887,7,14,5638,2003,0.0,594950.0,0.049637,-0.502691,ARE,AUS,210390
255888,8,14,5638,2003,4504.0,0.0,0.302073,0.49069700000000005,ARG,AUS,210390
255889,10,14,5638,2003,0.0,1260.0,1.0088139999999999,0.096969,ASM,AUS,210390
255890,15,14,5638,2003,209003.0,0.0,1.834977,0.408096,AUT,AUS,210390
255891,18,14,5638,2003,39040.0,0.0,1.361682,1.39536,BEL,AUS,210390
255892,22,14,5638,2003,0.0,77357.0,-1.168404,-1.035782,BGD,AUS,210390
255893,24,14,5638,2003,0.0,16009.0,-0.10968800000000001,-1.041032,BHR,AUS,210390
255894,34,14,5638,2003,1423.0,15305.0,-1.342738,-0.978633,BRN,AUS,210390
255895,39,14,5638,2003,501824.0,915822.0,0.9791540000000001,1.185081,CAN,AUS,210390
255896,41,14,5638,2003,646267.0,35796.0,2.151037,0.711217,CHE,AUS,210390
255897,42,14,5638,2003,5981.0,0.0,-0.06375900000000001,-0.156808,CHL,AUS,210390
255898,43,14,5638,2003,2108771.0,270452.0,0.579431,2.773139,CHN,AUS,210390
255899,48,14,5638,2003,0.0,8825.0,0.327914,-0.466681,COK,AUS,210390
255900,56,14,5638,2003,0.0,1081.0,1.019324,-0.439778,CXR,AUS,210390
255901,58,14,5638,2003,0.0,1489.0,0.259992,0.068914,CYP,AUS,210390
255902,61,14,5638,2003,877796.0,132648.0,2.2821919999999998,-2.0985150000000004,DEU,AUS,210390
255903,64,14,5638,2003,11155.0,176019.0,1.309564,1.245596,DNK,AUS,210390
255904,68,14,5638,2003,984.0,5310.0,-0.292923,0.465433,EGY,AUS,210390
255905,71,14,5638,2003,55380.0,0.0,0.960684,2.074792,ESP,AUS,210390
255906,73,14,5638,2003,1280.0,0.0,-1.1145559999999999,-0.9599620000000001,ETH,AUS,210390
255907,75,14,5638,2003,0.0,286211.0,-0.6865640000000001,-0.326977,FJI,AUS,210390
255908,77,14,5638,2003,250633.0,0.0,1.606606,0.7394149999999999,FRA,AUS,210390
255909,79,14,5638,2003,0.0,5013.0,-1.370191,-1.028812,FSM,AUS,210390
255910,81,14,5638,2003,6866810.0,1071453.0,1.8712540000000002,0.706205,GBR,AUS,210390
255911,90,14,5638,2003,3612.0,0.0,0.364688,1.4823959999999998,GRC,AUS,210390
255912,97,14,5638,2003,8488898.0,1812220.0,0.494569,2.147062,HKG,AUS,210390
255913,100,14,5638,2003,210279.0,0.0,0.568394,1.230759,HRV,AUS,210390
255914,102,14,5638,2003,8557.0,0.0,1.2003270000000001,1.091407,HUN,AUS,210390
255915,103,14,5638,2003,342399.0,525279.0,-0.16802,1.7252990000000001,IDN,AUS,210390
255916,104,14,5638,2003,116747.0,13615.0,0.33014099999999996,2.836003,IND,AUS,210390
255917,106,14,5638,2003,0.0,112972.0,1.6396130000000002,0.220599,IRL,AUS,210390
255918,107,14,5638,2003,4942.0,0.0,-0.552146,-0.8668520000000001,IRN,AUS,210390
255919,110,14,5638,2003,11075.0,0.0,1.157809,0.682195,ISR,AUS,210390
255920,111,14,5638,2003,1422486.0,0.0,1.399734,1.044608,ITA,AUS,210390
255921,113,14,5638,2003,0.0,15187.0,0.12295,0.377031,JOR,AUS,210390
255922,114,14,5638,2003,4086015.0,7352656.0,2.4686630000000003,0.48072600000000004,JPN,AUS,210390
255923,118,14,5638,2003,24307.0,17269.0,-1.0165620000000002,-1.060454,KHM,AUS,210390
255924,119,14,5638,2003,0.0,22226.0,-0.140282,-0.787443,KIR,AUS,210390
255925,121,14,5638,2003,675593.0,948959.0,1.2611709999999998,0.956308,KOR,AUS,210390
255926,122,14,5638,2003,0.0,94871.0,-0.7943640000000001,-1.1529770000000001,KWT,AUS,210390
255927,124,14,5638,2003,29487.0,22868.0,0.261687,1.053856,LBN,AUS,210390
255928,128,14,5638,2003,111748.0,83317.0,-0.618057,0.101931,LKA,AUS,210390
255929,133,14,5638,2003,0.0,12008.0,-0.294516,-0.413828,MAC,AUS,210390
255930,137,14,5638,2003,0.0,2955.0,-1.201352,-1.031892,MDV,AUS,210390
255931,138,14,5638,2003,15711.0,0.0,0.862509,0.756684,MEX,AUS,210390
255932,140,14,5638,2003,255354.0,0.0,-0.017632,0.225394,MKD,AUS,210390
255933,142,14,5638,2003,0.0,1060.0,1.2138149999999999,-0.015687,MLT,AUS,210390
255934,148,14,5638,2003,0.0,39200.0,-1.069232,-1.184061,MRT,AUS,210390
255935,151,14,5638,2003,0.0,133736.0,-0.361514,-0.29839899999999997,MUS,AUS,210390
255936,153,14,5638,2003,2561354.0,1577960.0,0.728804,0.2168,MYS,AUS,210390
255937,156,14,5638,2003,0.0,109253.0,-0.344934,-0.776632,NCL,AUS,210390
255938,162,14,5638,2003,510189.0,49726.0,1.168453,1.7085709999999998,NLD,AUS,210390
255939,163,14,5638,2003,0.0,10504.0,1.1500620000000001,0.258554,NOR,AUS,210390
255940,165,14,5638,2003,0.0,17625.0,0.6127199999999999,-0.304759,NRU,AUS,210390
255941,166,14,5638,2003,19844456.0,20445378.0,0.589619,0.997301,NZL,AUS,210390
255942,167,14,5638,2003,0.0,6298.0,-1.434873,-1.188123,OMN,AUS,210390
255943,168,14,5638,2003,115871.0,0.0,-0.6659689999999999,0.137924,PAK,AUS,210390
255944,169,14,5638,2003,5503.0,0.0,-0.050386,-0.039619999999999995,PAN,AUS,210390
255945,173,14,5638,2003,6999.0,0.0,-0.48627,0.371354,PER,AUS,210390
255946,174,14,5638,2003,654321.0,830874.0,-0.065022,-0.195144,PHL,AUS,210390
255947,176,14,5638,2003,15902.0,843911.0,-1.7997330000000002,-1.2110049999999999,PNG,AUS,210390
255948,177,14,5638,2003,29093.0,0.0,0.966622,1.664838,POL,AUS,210390
255949,179,14,5638,2003,5464.0,0.0,0.471376,1.647303,PRT,AUS,210390
255950,182,14,5638,2003,0.0,7683.0,-0.255707,-0.676557,PYF,AUS,210390
255951,183,14,5638,2003,0.0,15194.0,-0.209042,-1.0565799999999999,QAT,AUS,210390
255952,185,14,5638,2003,0.0,9114.0,0.378379,1.0064620000000002,ROU,AUS,210390
255953,186,14,5638,2003,5345.0,130315.0,1.072729,0.338355,RUS,AUS,210390
255954,188,14,5638,2003,5826.0,340480.0,0.202286,-0.714691,SAU,AUS,210390
255955,189,14,5638,2003,5696.0,0.0,0.575326,1.627894,SCG,AUS,210390
255956,192,14,5638,2003,4215447.0,1441726.0,1.5080799999999999,0.720337,SGP,AUS,210390
255957,195,14,5638,2003,0.0,32497.0,-1.342629,-0.900968,SLB,AUS,210390
255958,207,14,5638,2003,26107.0,0.0,1.6459840000000001,1.014191,SVN,AUS,210390
255959,208,14,5638,2003,34551.0,38472.0,2.099224,0.799982,SWE,AUS,210390
255960,209,14,5638,2003,3753.0,0.0,0.399541,-0.23342600000000002,SWZ,AUS,210390
255961,211,14,5638,2003,0.0,3988.0,-0.44341099999999994,-0.742566,SYC,AUS,210390
255962,216,14,5638,2003,10037227.0,139176.0,0.43010699999999996,1.607408,THA,AUS,210390
255963,221,14,5638,2003,0.0,6785.0,-0.8467379999999999,-0.815816,TON,AUS,210390
255964,223,14,5638,2003,3205.0,0.0,-0.14845999999999998,0.255092,TUN,AUS,210390
255965,224,14,5638,2003,181945.0,0.0,0.192802,1.9855060000000002,TUR,AUS,210390
255966,225,14,5638,2003,0.0,22893.0,0.770706,-0.480434,TUV,AUS,210390
255967,229,14,5638,2003,0.0,4600.0,0.169425,-0.604107,UMI,AUS,210390
255968,230,14,5638,2003,4858.0,0.0,0.19792200000000001,0.243104,URY,AUS,210390
255969,231,14,5638,2003,5725311.0,440077.0,1.7789220000000001,0.064028,USA,AUS,210390
255970,239,14,5638,2003,314284.0,112472.0,-0.633985,0.659696,VNM,AUS,210390
255971,240,14,5638,2003,0.0,18254.0,-0.916386,-0.784439,VUT,AUS,210390
255972,241,14,5638,2003,0.0,892.0,0.200787,-0.775126,WLF,AUS,210390
255973,242,14,5638,2003,0.0,18839.0,-0.304377,-0.620659,WSM,AUS,210390
255974,246,14,5638,2003,676721.0,808499.0,0.477987,2.255395,ZAF,AUS,210390
255975,249,14,5638,2003,524955.0,1044055.0,1.5924040000000002,1.397843,TWN,AUS,210390
255976,7,16,5638,2003,2019.0,0.0,0.049637,-0.502691,ARE,AZE,210390
255977,15,16,5638,2003,9637.0,0.0,1.834977,0.408096,AUT,AZE,210390
255978,23,16,5638,2003,883.0,0.0,0.43308599999999997,1.7104099999999998,BGR,AZE,210390
255979,61,16,5638,2003,2834.0,0.0,2.2821919999999998,-2.0985150000000004,DEU,AZE,210390
255980,81,16,5638,2003,5132.0,0.0,1.8712540000000002,0.706205,GBR,AZE,210390
255981,82,16,5638,2003,11219.0,0.0,0.595485,-0.25939,GEO,AZE,210390
255982,107,16,5638,2003,1096975.0,3634.0,-0.552146,-0.8668520000000001,IRN,AZE,210390
255983,110,16,5638,2003,0.0,2492.0,1.157809,0.682195,ISR,AZE,210390
255984,115,16,5638,2003,0.0,2357.0,-0.156326,-0.62092,KAZ,AZE,210390
255985,177,16,5638,2003,125911.0,0.0,0.966622,1.664838,POL,AZE,210390
255986,186,16,5638,2003,636803.0,71305.0,1.072729,0.338355,RUS,AZE,210390
255987,216,16,5638,2003,1177.0,0.0,0.43010699999999996,1.607408,THA,AZE,210390
255988,224,16,5638,2003,39019.0,0.0,0.192802,1.9855060000000002,TUR,AZE,210390
255989,228,16,5638,2003,3471.0,1882.0,0.8929389999999999,0.956685,UKR,AZE,210390
255990,15,23,5638,2003,640952.0,21154.0,1.834977,0.408096,AUT,BGR,210390
255991,16,23,5638,2003,0.0,883.0,-0.304606,-0.975453,AZE,BGR,210390
255992,18,23,5638,2003,24032.0,0.0,1.361682,1.39536,BEL,BGR,210390
255993,39,23,5638,2003,0.0,5213.0,0.9791540000000001,1.185081,CAN,BGR,210390
255994,41,23,5638,2003,9391.0,1200.0,2.151037,0.711217,CHE,BGR,210390
255995,58,23,5638,2003,1410.0,0.0,0.259992,0.068914,CYP,BGR,210390
255996,59,23,5638,2003,10114.0,10824.0,1.555749,0.8662059999999999,CZE,BGR,210390
255997,61,23,5638,2003,411552.0,130315.0,2.2821919999999998,-2.0985150000000004,DEU,BGR,210390
255998,71,23,5638,2003,53559.0,0.0,0.960684,2.074792,ESP,BGR,210390
255999,77,23,5638,2003,717970.0,1025.0,1.606606,0.7394149999999999,FRA,BGR,210390
256000,81,23,5638,2003,1316.0,49747.0,1.8712540000000002,0.706205,GBR,BGR,210390
256001,82,23,5638,2003,0.0,12658.0,0.595485,-0.25939,GEO,BGR,210390
256002,90,23,5638,2003,267819.0,10503.0,0.364688,1.4823959999999998,GRC,BGR,210390
256003,100,23,5638,2003,91260.0,11314.0,0.568394,1.230759,HRV,BGR,210390
256004,102,23,5638,2003,21420.0,1119.0,1.2003270000000001,1.091407,HUN,BGR,210390
256005,103,23,5638,2003,7001.0,0.0,-0.16802,1.7252990000000001,IDN,BGR,210390
256006,110,23,5638,2003,0.0,16896.0,1.157809,0.682195,ISR,BGR,210390
256007,111,23,5638,2003,8852.0,0.0,1.399734,1.044608,ITA,BGR,210390
256008,140,23,5638,2003,7275.0,3554.0,-0.017632,0.225394,MKD,BGR,210390
256009,145,23,5638,2003,0.0,949.0,-0.9747620000000001,-1.026308,MNG,BGR,210390
256010,153,23,5638,2003,1259.0,0.0,0.728804,0.2168,MYS,BGR,210390
256011,162,23,5638,2003,125604.0,0.0,1.168453,1.7085709999999998,NLD,BGR,210390
256012,163,23,5638,2003,0.0,3568.0,1.1500620000000001,0.258554,NOR,BGR,210390
256013,174,23,5638,2003,661.0,0.0,-0.065022,-0.195144,PHL,BGR,210390
256014,177,23,5638,2003,237806.0,0.0,0.966622,1.664838,POL,BGR,210390
256015,185,23,5638,2003,15585.0,13163.0,0.378379,1.0064620000000002,ROU,BGR,210390
256016,186,23,5638,2003,0.0,214157.0,1.072729,0.338355,RUS,BGR,210390
256017,189,23,5638,2003,0.0,21400.0,0.575326,1.627894,SCG,BGR,210390
256018,206,23,5638,2003,30659.0,0.0,1.22565,0.915518,SVK,BGR,210390
256019,207,23,5638,2003,6052.0,17184.0,1.6459840000000001,1.014191,SVN,BGR,210390
256020,208,23,5638,2003,0.0,194563.0,2.099224,0.799982,SWE,BGR,210390
256021,216,23,5638,2003,599.0,0.0,0.43010699999999996,1.607408,THA,BGR,210390
256022,228,23,5638,2003,10512.0,0.0,0.8929389999999999,0.956685,UKR,BGR,210390
256023,231,23,5638,2003,387993.0,313913.0,1.7789220000000001,0.064028,USA,BGR,210390
256024,234,23,5638,2003,0.0,1035.0,-0.355758,-0.679181,VCT,BGR,210390
256025,239,23,5638,2003,36740.0,0.0,-0.633985,0.659696,VNM,BGR,210390
256026,246,23,5638,2003,41292.0,0.0,0.477987,2.255395,ZAF,BGR,210390
256027,250,23,5638,2003,4774.0,305032.0,0.45951499999999995,-0.2312,ANS,BGR,210390
256028,15,26,5638,2003,272960.0,30570.0,1.834977,0.408096,AUT,BIH,210390
256029,18,26,5638,2003,10588.0,0.0,1.361682,1.39536,BEL,BIH,210390
256030,41,26,5638,2003,356065.0,0.0,2.151037,0.711217,CHE,BIH,210390
256031,61,26,5638,2003,170354.0,30159.0,2.2821919999999998,-2.0985150000000004,DEU,BIH,210390
256032,71,26,5638,2003,106813.0,0.0,0.960684,2.074792,ESP,BIH,210390
256033,77,26,5638,2003,8901.0,0.0,1.606606,0.7394149999999999,FRA,BIH,210390
256034,81,26,5638,2003,17787.0,1103.0,1.8712540000000002,0.706205,GBR,BIH,210390
256035,100,26,5638,2003,5823816.0,42311.0,0.568394,1.230759,HRV,BIH,210390
256036,111,26,5638,2003,150940.0,0.0,1.399734,1.044608,ITA,BIH,210390
256037,140,26,5638,2003,2517.0,0.0,-0.017632,0.225394,MKD,BIH,210390
256038,162,26,5638,2003,201041.0,0.0,1.168453,1.7085709999999998,NLD,BIH,210390
256039,185,26,5638,2003,0.0,4129.0,0.378379,1.0064620000000002,ROU,BIH,210390
256040,189,26,5638,2003,1343.0,0.0,0.575326,1.627894,SCG,BIH,210390
256041,207,26,5638,2003,1588719.0,10656.0,1.6459840000000001,1.014191,SVN,BIH,210390
256042,208,26,5638,2003,0.0,5438.0,2.099224,0.799982,SWE,BIH,210390
256043,209,26,5638,2003,207340.0,0.0,0.399541,-0.23342600000000002,SWZ,BIH,210390
256044,231,26,5638,2003,0.0,18002.0,1.7789220000000001,0.064028,USA,BIH,210390
256045,250,26,5638,2003,2129.0,738.0,0.45951499999999995,-0.2312,ANS,BIH,210390
256046,15,28,5638,2003,307096.0,0.0,1.834977,0.408096,AUT,BLR,210390
256047,41,28,5638,2003,10636.0,0.0,2.151037,0.711217,CHE,BLR,210390
256048,59,28,5638,2003,370177.0,0.0,1.555749,0.8662059999999999,CZE,BLR,210390
256049,61,28,5638,2003,128631.0,0.0,2.2821919999999998,-2.0985150000000004,DEU,BLR,210390
256050,71,28,5638,2003,1218.0,0.0,0.960684,2.074792,ESP,BLR,210390
256051,72,28,5638,2003,11846.0,0.0,0.5913010000000001,0.8489979999999999,EST,BLR,210390
256052,74,28,5638,2003,16407.0,0.0,2.077889,0.942501,FIN,BLR,210390
256053,77,28,5638,2003,979.0,0.0,1.606606,0.7394149999999999,FRA,BLR,210390
256054,82,28,5638,2003,7689.0,0.0,0.595485,-0.25939,GEO,BLR,210390
256055,100,28,5638,2003,34580.0,0.0,0.568394,1.230759,HRV,BLR,210390
256056,102,28,5638,2003,5389.0,1466.0,1.2003270000000001,1.091407,HUN,BLR,210390
256057,110,28,5638,2003,571.0,0.0,1.157809,0.682195,ISR,BLR,210390
256058,130,28,5638,2003,3321.0,0.0,0.239608,0.517299,LTU,BLR,210390
256059,132,28,5638,2003,27244.0,0.0,0.520772,0.5631689999999999,LVA,BLR,210390
256060,162,28,5638,2003,19899.0,0.0,1.168453,1.7085709999999998,NLD,BLR,210390
256061,177,28,5638,2003,471592.0,0.0,0.966622,1.664838,POL,BLR,210390
256062,186,28,5638,2003,1047453.0,179228.0,1.072729,0.338355,RUS,BLR,210390
256063,207,28,5638,2003,1336.0,0.0,1.6459840000000001,1.014191,SVN,BLR,210390
256064,228,28,5638,2003,679955.0,0.0,0.8929389999999999,0.956685,UKR,BLR,210390
256065,231,28,5638,2003,6538.0,2430.0,1.7789220000000001,0.064028,USA,BLR,210390
256066,4,59,5638,2003,0.0,1499.0,-0.053595000000000004,0.166034,ALB,CZE,210390
256067,15,59,5638,2003,4423372.0,704079.0,1.834977,0.408096,AUT,CZE,210390
256068,18,59,5638,2003,238426.0,0.0,1.361682,1.39536,BEL,CZE,210390
256069,23,59,5638,2003,10824.0,10114.0,0.43308599999999997,1.7104099999999998,BGR,CZE,210390
256070,28,59,5638,2003,0.0,370177.0,0.847358,0.9307719999999999,BLR,CZE,210390
256071,41,59,5638,2003,257409.0,4265.0,2.151037,0.711217,CHE,CZE,210390
256072,43,59,5638,2003,29219.0,0.0,0.579431,2.773139,CHN,CZE,210390
256073,52,59,5638,2003,10830.0,0.0,-0.193904,-0.5049680000000001,CRI,CZE,210390
256074,58,59,5638,2003,0.0,6323.0,0.259992,0.068914,CYP,CZE,210390
256075,61,59,5638,2003,4447564.0,138622.0,2.2821919999999998,-2.0985150000000004,DEU,CZE,210390
256076,64,59,5638,2003,51772.0,854332.0,1.309564,1.245596,DNK,CZE,210390
256077,71,59,5638,2003,55770.0,223347.0,0.960684,2.074792,ESP,CZE,210390
256078,72,59,5638,2003,0.0,270356.0,0.5913010000000001,0.8489979999999999,EST,CZE,210390
256079,77,59,5638,2003,53628.0,0.0,1.606606,0.7394149999999999,FRA,CZE,210390
256080,81,59,5638,2003,42656.0,1759175.0,1.8712540000000002,0.706205,GBR,CZE,210390
256081,90,59,5638,2003,54013.0,205136.0,0.364688,1.4823959999999998,GRC,CZE,210390
256082,100,59,5638,2003,2614880.0,27677.0,0.568394,1.230759,HRV,CZE,210390
256083,102,59,5638,2003,521506.0,420588.0,1.2003270000000001,1.091407,HUN,CZE,210390
256084,103,59,5638,2003,7550.0,0.0,-0.16802,1.7252990000000001,IDN,CZE,210390
256085,104,59,5638,2003,1318.0,0.0,0.33014099999999996,2.836003,IND,CZE,210390
256086,106,59,5638,2003,3875.0,12956.0,1.6396130000000002,0.220599,IRL,CZE,210390
256087,109,59,5638,2003,0.0,35551.0,0.21902800000000003,-0.40818499999999996,ISL,CZE,210390
256088,110,59,5638,2003,4530.0,0.0,1.157809,0.682195,ISR,CZE,210390
256089,111,59,5638,2003,256661.0,3185.0,1.399734,1.044608,ITA,CZE,210390
256090,114,59,5638,2003,4693.0,0.0,2.4686630000000003,0.48072600000000004,JPN,CZE,210390
256091,121,59,5638,2003,7007.0,0.0,1.2611709999999998,0.956308,KOR,CZE,210390
256092,122,59,5638,2003,0.0,9699.0,-0.7943640000000001,-1.1529770000000001,KWT,CZE,210390
256093,124,59,5638,2003,4017.0,0.0,0.261687,1.053856,LBN,CZE,210390
256094,130,59,5638,2003,0.0,973880.0,0.239608,0.517299,LTU,CZE,210390
256095,132,59,5638,2003,0.0,28340.0,0.520772,0.5631689999999999,LVA,CZE,210390
256096,135,59,5638,2003,0.0,17806.0,-0.005154,-0.26107199999999997,MDA,CZE,210390
256097,138,59,5638,2003,8911.0,0.0,0.862509,0.756684,MEX,CZE,210390
256098,145,59,5638,2003,0.0,67434.0,-0.9747620000000001,-1.026308,MNG,CZE,210390
256099,153,59,5638,2003,26462.0,0.0,0.728804,0.2168,MYS,CZE,210390
256100,162,59,5638,2003,806562.0,0.0,1.168453,1.7085709999999998,NLD,CZE,210390
256101,163,59,5638,2003,5639.0,9766.0,1.1500620000000001,0.258554,NOR,CZE,210390
256102,177,59,5638,2003,2453839.0,8632797.0,0.966622,1.664838,POL,CZE,210390
256103,185,59,5638,2003,0.0,221024.0,0.378379,1.0064620000000002,ROU,CZE,210390
256104,186,59,5638,2003,0.0,97388.0,1.072729,0.338355,RUS,CZE,210390
256105,189,59,5638,2003,5921.0,0.0,0.575326,1.627894,SCG,CZE,210390
256106,206,59,5638,2003,3402004.0,2769583.0,1.22565,0.915518,SVK,CZE,210390
256107,207,59,5638,2003,57562.0,33846.0,1.6459840000000001,1.014191,SVN,CZE,210390
256108,208,59,5638,2003,35817.0,0.0,2.099224,0.799982,SWE,CZE,210390
256109,216,59,5638,2003,77667.0,0.0,0.43010699999999996,1.607408,THA,CZE,210390
256110,222,59,5638,2003,7064.0,0.0,-0.16738,-0.9820969999999999,TTO,CZE,210390
256111,223,59,5638,2003,712.0,0.0,-0.14845999999999998,0.255092,TUN,CZE,210390
256112,228,59,5638,2003,0.0,285962.0,0.8929389999999999,0.956685,UKR,CZE,210390
256113,231,59,5638,2003,189327.0,5054.0,1.7789220000000001,0.064028,USA,CZE,210390
256114,239,59,5638,2003,44638.0,0.0,-0.633985,0.659696,VNM,CZE,210390
256115,7,68,5638,2003,1021.0,0.0,0.049637,-0.502691,ARE,EGY,210390
256116,14,68,5638,2003,5310.0,984.0,0.316879,0.9409489999999999,AUS,EGY,210390
256117,24,68,5638,2003,0.0,93638.0,-0.10968800000000001,-1.041032,BHR,EGY,210390
256118,39,68,5638,2003,2820.0,4617.0,0.9791540000000001,1.185081,CAN,EGY,210390
256119,41,68,5638,2003,32795.0,0.0,2.151037,0.711217,CHE,EGY,210390
256120,61,68,5638,2003,86947.0,0.0,2.2821919999999998,-2.0985150000000004,DEU,EGY,210390
256121,71,68,5638,2003,120726.0,0.0,0.960684,2.074792,ESP,EGY,210390
256122,77,68,5638,2003,13277.0,0.0,1.606606,0.7394149999999999,FRA,EGY,210390
256123,81,68,5638,2003,79559.0,22726.0,1.8712540000000002,0.706205,GBR,EGY,210390
256124,90,68,5638,2003,0.0,876.0,0.364688,1.4823959999999998,GRC,EGY,210390
256125,100,68,5638,2003,931.0,0.0,0.568394,1.230759,HRV,EGY,210390
256126,103,68,5638,2003,5101.0,0.0,-0.16802,1.7252990000000001,IDN,EGY,210390
256127,104,68,5638,2003,36112.0,0.0,0.33014099999999996,2.836003,IND,EGY,210390
256128,111,68,5638,2003,7313.0,11716.0,1.399734,1.044608,ITA,EGY,210390
256129,113,68,5638,2003,0.0,101777.0,0.12295,0.377031,JOR,EGY,210390
256130,116,68,5638,2003,0.0,1235.0,-0.3531,0.582992,KEN,EGY,210390
256131,122,68,5638,2003,0.0,307852.0,-0.7943640000000001,-1.1529770000000001,KWT,EGY,210390
256132,124,68,5638,2003,1000.0,33880.0,0.261687,1.053856,LBN,EGY,210390
256133,128,68,5638,2003,2498.0,0.0,-0.618057,0.101931,LKA,EGY,210390
256134,134,68,5638,2003,0.0,6195.0,-0.6842050000000001,-0.217892,MAR,EGY,210390
256135,162,68,5638,2003,34346.0,0.0,1.168453,1.7085709999999998,NLD,EGY,210390
256136,167,68,5638,2003,13913.0,26071.0,-1.434873,-1.188123,OMN,EGY,210390
256137,183,68,5638,2003,0.0,26507.0,-0.209042,-1.0565799999999999,QAT,EGY,210390
256138,185,68,5638,2003,0.0,2548.0,0.378379,1.0064620000000002,ROU,EGY,210390
256139,188,68,5638,2003,467029.0,892888.0,0.202286,-0.714691,SAU,EGY,210390
256140,192,68,5638,2003,16302.0,4485.0,1.5080799999999999,0.720337,SGP,EGY,210390
256141,208,68,5638,2003,0.0,710.0,2.099224,0.799982,SWE,EGY,210390
256142,212,68,5638,2003,0.0,77722.0,-0.868749,-0.326322,SYR,EGY,210390
256143,216,68,5638,2003,14987.0,0.0,0.43010699999999996,1.607408,THA,EGY,210390
256144,231,68,5638,2003,385362.0,0.0,1.7789220000000001,0.064028,USA,EGY,210390
256145,15,74,5638,2003,1182048.0,0.0,1.834977,0.408096,AUT,FIN,210390
256146,18,74,5638,2003,204580.0,0.0,1.361682,1.39536,BEL,FIN,210390
256147,28,74,5638,2003,0.0,16407.0,0.847358,0.9307719999999999,BLR,FIN,210390
256148,41,74,5638,2003,55545.0,0.0,2.151037,0.711217,CHE,FIN,210390
256149,43,74,5638,2003,81653.0,0.0,0.579431,2.773139,CHN,FIN,210390
256150,61,74,5638,2003,4729476.0,97863.0,2.2821919999999998,-2.0985150000000004,DEU,FIN,210390
256151,64,74,5638,2003,603656.0,52960.0,1.309564,1.245596,DNK,FIN,210390
256152,71,74,5638,2003,113423.0,0.0,0.960684,2.074792,ESP,FIN,210390
256153,72,74,5638,2003,629110.0,1795769.0,0.5913010000000001,0.8489979999999999,EST,FIN,210390
256154,77,74,5638,2003,335013.0,0.0,1.606606,0.7394149999999999,FRA,FIN,210390
256155,81,74,5638,2003,1930138.0,208199.0,1.8712540000000002,0.706205,GBR,FIN,210390
256156,97,74,5638,2003,3927.0,0.0,0.494569,2.147062,HKG,FIN,210390
256157,102,74,5638,2003,27441.0,0.0,1.2003270000000001,1.091407,HUN,FIN,210390
256158,103,74,5638,2003,13522.0,0.0,-0.16802,1.7252990000000001,IDN,FIN,210390
256159,104,74,5638,2003,3444.0,0.0,0.33014099999999996,2.836003,IND,FIN,210390
256160,109,74,5638,2003,0.0,17025.0,0.21902800000000003,-0.40818499999999996,ISL,FIN,210390
256161,111,74,5638,2003,1854616.0,3313.0,1.399734,1.044608,ITA,FIN,210390
256162,114,74,5638,2003,20989.0,0.0,2.4686630000000003,0.48072600000000004,JPN,FIN,210390
256163,130,74,5638,2003,13209.0,42882.0,0.239608,0.517299,LTU,FIN,210390
256164,132,74,5638,2003,2428.0,82176.0,0.520772,0.5631689999999999,LVA,FIN,210390
256165,135,74,5638,2003,0.0,1008.0,-0.005154,-0.26107199999999997,MDA,FIN,210390
256166,138,74,5638,2003,17187.0,0.0,0.862509,0.756684,MEX,FIN,210390
256167,140,74,5638,2003,0.0,1310.0,-0.017632,0.225394,MKD,FIN,210390
256168,153,74,5638,2003,3036.0,0.0,0.728804,0.2168,MYS,FIN,210390
256169,162,74,5638,2003,3477064.0,554441.0,1.168453,1.7085709999999998,NLD,FIN,210390
256170,163,74,5638,2003,118466.0,68112.0,1.1500620000000001,0.258554,NOR,FIN,210390
256171,174,74,5638,2003,1305.0,0.0,-0.065022,-0.195144,PHL,FIN,210390
256172,179,74,5638,2003,24302.0,0.0,0.471376,1.647303,PRT,FIN,210390
256173,185,74,5638,2003,0.0,1110.0,0.378379,1.0064620000000002,ROU,FIN,210390
256174,186,74,5638,2003,0.0,2769330.0,1.072729,0.338355,RUS,FIN,210390
256175,208,74,5638,2003,13572794.0,611053.0,2.099224,0.799982,SWE,FIN,210390
256176,216,74,5638,2003,284749.0,0.0,0.43010699999999996,1.607408,THA,FIN,210390
256177,224,74,5638,2003,78358.0,0.0,0.192802,1.9855060000000002,TUR,FIN,210390
256178,231,74,5638,2003,342889.0,0.0,1.7789220000000001,0.064028,USA,FIN,210390
256179,7,83,5638,2003,2906.0,0.0,0.049637,-0.502691,ARE,GHA,210390
256180,18,83,5638,2003,46993.0,48374.0,1.361682,1.39536,BEL,GHA,210390
256181,19,83,5638,2003,0.0,27824.0,-1.150888,-0.956203,BEN,GHA,210390
256182,39,83,5638,2003,0.0,1273.0,0.9791540000000001,1.185081,CAN,GHA,210390
256183,43,83,5638,2003,530644.0,0.0,0.579431,2.773139,CHN,GHA,210390
256184,44,83,5638,2003,754681.0,7671.0,-0.699928,-0.723739,CIV,GHA,210390
256185,45,83,5638,2003,408765.0,0.0,-1.254788,-1.10897,CMR,GHA,210390
256186,61,83,5638,2003,1753.0,1530.0,2.2821919999999998,-2.0985150000000004,DEU,GHA,210390
256187,71,83,5638,2003,68128.0,0.0,0.960684,2.074792,ESP,GHA,210390
256188,77,83,5638,2003,1818.0,144233.0,1.606606,0.7394149999999999,FRA,GHA,210390
256189,81,83,5638,2003,15287.0,152088.0,1.8712540000000002,0.706205,GBR,GHA,210390
256190,85,83,5638,2003,210982.0,0.0,-2.14752,-1.250048,GIN,GHA,210390
256191,97,83,5638,2003,3016.0,0.0,0.494569,2.147062,HKG,GHA,210390
256192,104,83,5638,2003,5685.0,0.0,0.33014099999999996,2.836003,IND,GHA,210390
256193,111,83,5638,2003,10369.0,0.0,1.399734,1.044608,ITA,GHA,210390
256194,121,83,5638,2003,15119.0,0.0,1.2611709999999998,0.956308,KOR,GHA,210390
256195,124,83,5638,2003,13572.0,0.0,0.261687,1.053856,LBN,GHA,210390
256196,141,83,5638,2003,3162.0,7212.0,-0.786411,-0.879049,MLI,GHA,210390
256197,153,83,5638,2003,18207.0,0.0,0.728804,0.2168,MYS,GHA,210390
256198,162,83,5638,2003,618155.0,0.0,1.168453,1.7085709999999998,NLD,GHA,210390
256199,215,83,5638,2003,0.0,60611.0,-0.5058590000000001,-0.520586,TGO,GHA,210390
256200,231,83,5638,2003,97619.0,5313.0,1.7789220000000001,0.064028,USA,GHA,210390
256201,239,83,5638,2003,2310.0,0.0,-0.633985,0.659696,VNM,GHA,210390
256202,246,83,5638,2003,134594.0,0.0,0.477987,2.255395,ZAF,GHA,210390
256203,29,93,5638,2003,3644.0,50417.0,-0.543555,-0.7596,BLZ,GTM,210390
256204,32,93,5638,2003,86881.0,0.0,0.660576,1.118876,BRA,GTM,210390
256205,33,93,5638,2003,0.0,39059.0,0.744166,0.074191,BRB,GTM,210390
256206,41,93,5638,2003,9532.0,0.0,2.151037,0.711217,CHE,GTM,210390
256207,42,93,5638,2003,2344.0,0.0,-0.06375900000000001,-0.156808,CHL,GTM,210390
256208,43,93,5638,2003,20850.0,0.0,0.579431,2.773139,CHN,GTM,210390
256209,49,93,5638,2003,19153.0,0.0,0.218336,0.376869,COL,GTM,210390
256210,52,93,5638,2003,2546928.0,464711.0,-0.193904,-0.5049680000000001,CRI,GTM,210390
256211,61,93,5638,2003,40681.0,0.0,2.2821919999999998,-2.0985150000000004,DEU,GTM,210390
256212,63,93,5638,2003,0.0,4307.0,0.11903299999999999,-0.21768200000000001,DMA,GTM,210390
256213,65,93,5638,2003,0.0,21354.0,-0.46264399999999994,-0.245034,DOM,GTM,210390
256214,71,93,5638,2003,5120.0,0.0,0.960684,2.074792,ESP,GTM,210390
256215,81,93,5638,2003,14214.0,0.0,1.8712540000000002,0.706205,GBR,GTM,210390
256216,90,93,5638,2003,2792.0,0.0,0.364688,1.4823959999999998,GRC,GTM,210390
256217,96,93,5638,2003,0.0,1035.0,-0.59035,-0.7361340000000001,GUY,GTM,210390
256218,97,93,5638,2003,42462.0,0.0,0.494569,2.147062,HKG,GTM,210390
256219,99,93,5638,2003,5532.0,1021840.0,-0.733546,-0.568585,HND,GTM,210390
256220,111,93,5638,2003,3892.0,0.0,1.399734,1.044608,ITA,GTM,210390
256221,112,93,5638,2003,0.0,91138.0,-0.6684140000000001,-0.915817,JAM,GTM,210390
256222,121,93,5638,2003,31528.0,0.0,1.2611709999999998,0.956308,KOR,GTM,210390
256223,127,93,5638,2003,0.0,9742.0,0.318385,-0.342679,LCA,GTM,210390
256224,138,93,5638,2003,2323164.0,40251.0,0.862509,0.756684,MEX,GTM,210390
256225,160,93,5638,2003,0.0,214738.0,-0.8661459999999999,-0.8661690000000001,NIC,GTM,210390
256226,162,93,5638,2003,3507.0,0.0,1.168453,1.7085709999999998,NLD,GTM,210390
256227,169,93,5638,2003,1916194.0,103468.0,-0.050386,-0.039619999999999995,PAN,GTM,210390
256228,197,93,5638,2003,532938.0,2803932.0,-0.251357,-0.189917,SLV,GTM,210390
256229,222,93,5638,2003,0.0,342366.0,-0.16738,-0.9820969999999999,TTO,GTM,210390
256230,230,93,5638,2003,1602.0,0.0,0.19792200000000001,0.243104,URY,GTM,210390
256231,231,93,5638,2003,2754660.0,83676.0,1.7789220000000001,0.064028,USA,GTM,210390
256232,249,93,5638,2003,0.0,1707.0,1.5924040000000002,1.397843,TWN,GTM,210390
256233,250,93,5638,2003,1772.0,0.0,0.45951499999999995,-0.2312,ANS,GTM,210390
256234,14,100,5638,2003,0.0,210279.0,0.316879,0.9409489999999999,AUS,HRV,210390
256235,15,100,5638,2003,2463490.0,1847684.0,1.834977,0.408096,AUT,HRV,210390
256236,18,100,5638,2003,30778.0,53639.0,1.361682,1.39536,BEL,HRV,210390
256237,23,100,5638,2003,11314.0,91260.0,0.43308599999999997,1.7104099999999998,BGR,HRV,210390
256238,26,100,5638,2003,42311.0,5823816.0,0.195667,0.347011,BIH,HRV,210390
256239,28,100,5638,2003,0.0,34580.0,0.847358,0.9307719999999999,BLR,HRV,210390
256240,39,100,5638,2003,0.0,173285.0,0.9791540000000001,1.185081,CAN,HRV,210390
256241,41,100,5638,2003,1137762.0,435487.0,2.151037,0.711217,CHE,HRV,210390
256242,43,100,5638,2003,11572.0,0.0,0.579431,2.773139,CHN,HRV,210390
256243,59,100,5638,2003,27677.0,2614880.0,1.555749,0.8662059999999999,CZE,HRV,210390
256244,61,100,5638,2003,838851.0,3768080.0,2.2821919999999998,-2.0985150000000004,DEU,HRV,210390
256245,64,100,5638,2003,257468.0,0.0,1.309564,1.245596,DNK,HRV,210390
256246,68,100,5638,2003,0.0,931.0,-0.292923,0.465433,EGY,HRV,210390
256247,71,100,5638,2003,4311.0,0.0,0.960684,2.074792,ESP,HRV,210390
256248,72,100,5638,2003,0.0,68657.0,0.5913010000000001,0.8489979999999999,EST,HRV,210390
256249,77,100,5638,2003,61990.0,288387.0,1.606606,0.7394149999999999,FRA,HRV,210390
256250,81,100,5638,2003,52496.0,173308.0,1.8712540000000002,0.706205,GBR,HRV,210390
256251,102,100,5638,2003,145949.0,142045.0,1.2003270000000001,1.091407,HUN,HRV,210390
256252,110,100,5638,2003,0.0,10192.0,1.157809,0.682195,ISR,HRV,210390
256253,111,100,5638,2003,175939.0,5709.0,1.399734,1.044608,ITA,HRV,210390
256254,113,100,5638,2003,0.0,13232.0,0.12295,0.377031,JOR,HRV,210390
256255,114,100,5638,2003,2452.0,0.0,2.4686630000000003,0.48072600000000004,JPN,HRV,210390
256256,115,100,5638,2003,0.0,160688.0,-0.156326,-0.62092,KAZ,HRV,210390
256257,130,100,5638,2003,3537.0,126806.0,0.239608,0.517299,LTU,HRV,210390
256258,132,100,5638,2003,0.0,785080.0,0.520772,0.5631689999999999,LVA,HRV,210390
256259,138,100,5638,2003,1937.0,0.0,0.862509,0.756684,MEX,HRV,210390
256260,140,100,5638,2003,27731.0,1191902.0,-0.017632,0.225394,MKD,HRV,210390
256261,162,100,5638,2003,290078.0,1007.0,1.168453,1.7085709999999998,NLD,HRV,210390
256262,163,100,5638,2003,0.0,36236.0,1.1500620000000001,0.258554,NOR,HRV,210390
256263,166,100,5638,2003,0.0,3999.0,0.589619,0.997301,NZL,HRV,210390
256264,177,100,5638,2003,1078.0,185666.0,0.966622,1.664838,POL,HRV,210390
256265,179,100,5638,2003,1462.0,0.0,0.471376,1.647303,PRT,HRV,210390
256266,185,100,5638,2003,0.0,13650.0,0.378379,1.0064620000000002,ROU,HRV,210390
256267,186,100,5638,2003,0.0,2664383.0,1.072729,0.338355,RUS,HRV,210390
256268,189,100,5638,2003,239545.0,939776.0,0.575326,1.627894,SCG,HRV,210390
256269,206,100,5638,2003,0.0,1778947.0,1.22565,0.915518,SVK,HRV,210390
256270,207,100,5638,2003,2618943.0,2947588.0,1.6459840000000001,1.014191,SVN,HRV,210390
256271,208,100,5638,2003,25370.0,675407.0,2.099224,0.799982,SWE,HRV,210390
256272,224,100,5638,2003,2450.0,221978.0,0.192802,1.9855060000000002,TUR,HRV,210390
256273,228,100,5638,2003,0.0,206349.0,0.8929389999999999,0.956685,UKR,HRV,210390
256274,231,100,5638,2003,54418.0,1916301.0,1.7789220000000001,0.064028,USA,HRV,210390
256275,249,100,5638,2003,1047.0,0.0,1.5924040000000002,1.397843,TWN,HRV,210390
256276,4,102,5638,2003,0.0,7223.0,-0.053595000000000004,0.166034,ALB,HUN,210390
256277,14,102,5638,2003,0.0,8557.0,0.316879,0.9409489999999999,AUS,HUN,210390
256278,15,102,5638,2003,3674892.0,105079.0,1.834977,0.408096,AUT,HUN,210390
256279,18,102,5638,2003,117798.0,15229.0,1.361682,1.39536,BEL,HUN,210390
256280,23,102,5638,2003,1119.0,21420.0,0.43308599999999997,1.7104099999999998,BGR,HUN,210390
256281,28,102,5638,2003,1466.0,5389.0,0.847358,0.9307719999999999,BLR,HUN,210390
256282,39,102,5638,2003,0.0,17300.0,0.9791540000000001,1.185081,CAN,HUN,210390
256283,41,102,5638,2003,59867.0,1620.0,2.151037,0.711217,CHE,HUN,210390
256284,43,102,5638,2003,42801.0,0.0,0.579431,2.773139,CHN,HUN,210390
256285,59,102,5638,2003,420588.0,521506.0,1.555749,0.8662059999999999,CZE,HUN,210390
256286,61,102,5638,2003,1084792.0,2533016.0,2.2821919999999998,-2.0985150000000004,DEU,HUN,210390
256287,64,102,5638,2003,42544.0,1166.0,1.309564,1.245596,DNK,HUN,210390
256288,71,102,5638,2003,23816.0,0.0,0.960684,2.074792,ESP,HUN,210390
256289,72,102,5638,2003,0.0,6066.0,0.5913010000000001,0.8489979999999999,EST,HUN,210390
256290,74,102,5638,2003,0.0,27441.0,2.077889,0.942501,FIN,HUN,210390
256291,77,102,5638,2003,44776.0,0.0,1.606606,0.7394149999999999,FRA,HUN,210390
256292,81,102,5638,2003,132672.0,2190.0,1.8712540000000002,0.706205,GBR,HUN,210390
256293,97,102,5638,2003,4830.0,26993.0,0.494569,2.147062,HKG,HUN,210390
256294,100,102,5638,2003,142045.0,145949.0,0.568394,1.230759,HRV,HUN,210390
256295,103,102,5638,2003,3810.0,0.0,-0.16802,1.7252990000000001,IDN,HUN,210390
256296,108,102,5638,2003,0.0,1000.0,-0.398557,-0.774153,IRQ,HUN,210390
256297,110,102,5638,2003,2453.0,2595.0,1.157809,0.682195,ISR,HUN,210390
256298,111,102,5638,2003,52506.0,384335.0,1.399734,1.044608,ITA,HUN,210390
256299,114,102,5638,2003,5086.0,0.0,2.4686630000000003,0.48072600000000004,JPN,HUN,210390
256300,115,102,5638,2003,0.0,32153.0,-0.156326,-0.62092,KAZ,HUN,210390
256301,130,102,5638,2003,28698.0,15214.0,0.239608,0.517299,LTU,HUN,210390
256302,132,102,5638,2003,0.0,18397.0,0.520772,0.5631689999999999,LVA,HUN,210390
256303,140,102,5638,2003,0.0,6919.0,-0.017632,0.225394,MKD,HUN,210390
256304,162,102,5638,2003,1100115.0,63836.0,1.168453,1.7085709999999998,NLD,HUN,210390
256305,163,102,5638,2003,0.0,877.0,1.1500620000000001,0.258554,NOR,HUN,210390
256306,177,102,5638,2003,540820.0,170140.0,0.966622,1.664838,POL,HUN,210390
256307,179,102,5638,2003,42539.0,0.0,0.471376,1.647303,PRT,HUN,210390
256308,185,102,5638,2003,16849.0,1154721.0,0.378379,1.0064620000000002,ROU,HUN,210390
256309,186,102,5638,2003,0.0,50355.0,1.072729,0.338355,RUS,HUN,210390
256310,189,102,5638,2003,5086.0,6000.0,0.575326,1.627894,SCG,HUN,210390
256311,206,102,5638,2003,1088763.0,338971.0,1.22565,0.915518,SVK,HUN,210390
256312,207,102,5638,2003,1302.0,150761.0,1.6459840000000001,1.014191,SVN,HUN,210390
256313,208,102,5638,2003,78908.0,4213.0,2.099224,0.799982,SWE,HUN,210390
256314,216,102,5638,2003,9567.0,0.0,0.43010699999999996,1.607408,THA,HUN,210390
256315,228,102,5638,2003,0.0,51421.0,0.8929389999999999,0.956685,UKR,HUN,210390
256316,231,102,5638,2003,18428.0,45137.0,1.7789220000000001,0.064028,USA,HUN,210390
256317,239,102,5638,2003,9692.0,3443.0,-0.633985,0.659696,VNM,HUN,210390
256318,1,107,5638,2003,0.0,2195.0,-0.421205,-0.602704,AFG,IRN,210390
256319,7,107,5638,2003,6671.0,13561.0,0.049637,-0.502691,ARE,IRN,210390
256320,14,107,5638,2003,0.0,4942.0,0.316879,0.9409489999999999,AUS,IRN,210390
256321,15,107,5638,2003,0.0,1348.0,1.834977,0.408096,AUT,IRN,210390
256322,16,107,5638,2003,3634.0,1096975.0,-0.304606,-0.975453,AZE,IRN,210390
256323,24,107,5638,2003,0.0,1899.0,-0.10968800000000001,-1.041032,BHR,IRN,210390
256324,39,107,5638,2003,0.0,10319.0,0.9791540000000001,1.185081,CAN,IRN,210390
256325,61,107,5638,2003,18450.0,11931.0,2.2821919999999998,-2.0985150000000004,DEU,IRN,210390
256326,81,107,5638,2003,16163.0,37320.0,1.8712540000000002,0.706205,GBR,IRN,210390
256327,97,107,5638,2003,14580.0,0.0,0.494569,2.147062,HKG,IRN,210390
256328,104,107,5638,2003,993.0,0.0,0.33014099999999996,2.836003,IND,IRN,210390
256329,108,107,5638,2003,0.0,19892.0,-0.398557,-0.774153,IRQ,IRN,210390
256330,111,107,5638,2003,2292.0,0.0,1.399734,1.044608,ITA,IRN,210390
256331,117,107,5638,2003,0.0,954.0,0.25359699999999996,0.24101199999999998,KGZ,IRN,210390
256332,122,107,5638,2003,7428.0,8478.0,-0.7943640000000001,-1.1529770000000001,KWT,IRN,210390
256333,153,107,5638,2003,1449142.0,0.0,0.728804,0.2168,MYS,IRN,210390
256334,162,107,5638,2003,0.0,8250.0,1.168453,1.7085709999999998,NLD,IRN,210390
256335,163,107,5638,2003,0.0,2465.0,1.1500620000000001,0.258554,NOR,IRN,210390
256336,186,107,5638,2003,0.0,8915.0,1.072729,0.338355,RUS,IRN,210390
256337,188,107,5638,2003,0.0,4476.0,0.202286,-0.714691,SAU,IRN,210390
256338,208,107,5638,2003,0.0,15911.0,2.099224,0.799982,SWE,IRN,210390
256339,216,107,5638,2003,6329.0,0.0,0.43010699999999996,1.607408,THA,IRN,210390
256340,217,107,5638,2003,0.0,150322.0,-0.6187520000000001,-1.0438969999999999,TJK,IRN,210390
256341,219,107,5638,2003,0.0,952906.0,-1.223295,-1.250217,TKM,IRN,210390
256342,224,107,5638,2003,2474.0,0.0,0.192802,1.9855060000000002,TUR,IRN,210390
256343,231,107,5638,2003,47714.0,2310.0,1.7789220000000001,0.064028,USA,IRN,210390
256344,232,107,5638,2003,0.0,4584.0,-0.285978,-0.703334,UZB,IRN,210390
256345,7,113,5638,2003,76333.0,0.0,0.049637,-0.502691,ARE,JOR,210390
256346,14,113,5638,2003,15187.0,0.0,0.316879,0.9409489999999999,AUS,JOR,210390
256347,15,113,5638,2003,2173.0,0.0,1.834977,0.408096,AUT,JOR,210390
256348,18,113,5638,2003,37874.0,0.0,1.361682,1.39536,BEL,JOR,210390
256349,32,113,5638,2003,12552.0,0.0,0.660576,1.118876,BRA,JOR,210390
256350,39,113,5638,2003,0.0,3132.0,0.9791540000000001,1.185081,CAN,JOR,210390
256351,41,113,5638,2003,4674.0,0.0,2.151037,0.711217,CHE,JOR,210390
256352,43,113,5638,2003,78689.0,0.0,0.579431,2.773139,CHN,JOR,210390
256353,61,113,5638,2003,151242.0,0.0,2.2821919999999998,-2.0985150000000004,DEU,JOR,210390
256354,64,113,5638,2003,11651.0,0.0,1.309564,1.245596,DNK,JOR,210390
256355,68,113,5638,2003,101777.0,0.0,-0.292923,0.465433,EGY,JOR,210390
256356,71,113,5638,2003,61807.0,0.0,0.960684,2.074792,ESP,JOR,210390
256357,77,113,5638,2003,19244.0,0.0,1.606606,0.7394149999999999,FRA,JOR,210390
256358,81,113,5638,2003,158092.0,0.0,1.8712540000000002,0.706205,GBR,JOR,210390
256359,100,113,5638,2003,13232.0,0.0,0.568394,1.230759,HRV,JOR,210390
256360,103,113,5638,2003,970.0,0.0,-0.16802,1.7252990000000001,IDN,JOR,210390
256361,104,113,5638,2003,12610.0,0.0,0.33014099999999996,2.836003,IND,JOR,210390
256362,106,113,5638,2003,82846.0,0.0,1.6396130000000002,0.220599,IRL,JOR,210390
256363,108,113,5638,2003,0.0,19699.0,-0.398557,-0.774153,IRQ,JOR,210390
256364,111,113,5638,2003,5711.0,6538.0,1.399734,1.044608,ITA,JOR,210390
256365,121,113,5638,2003,1098.0,0.0,1.2611709999999998,0.956308,KOR,JOR,210390
256366,122,113,5638,2003,0.0,1884.0,-0.7943640000000001,-1.1529770000000001,KWT,JOR,210390
256367,124,113,5638,2003,13524.0,0.0,0.261687,1.053856,LBN,JOR,210390
256368,128,113,5638,2003,0.0,1797.0,-0.618057,0.101931,LKA,JOR,210390
256369,142,113,5638,2003,1661.0,0.0,1.2138149999999999,-0.015687,MLT,JOR,210390
256370,153,113,5638,2003,18215.0,0.0,0.728804,0.2168,MYS,JOR,210390
256371,162,113,5638,2003,90282.0,11691.0,1.168453,1.7085709999999998,NLD,JOR,210390
256372,167,113,5638,2003,45129.0,79997.0,-1.434873,-1.188123,OMN,JOR,210390
256373,174,113,5638,2003,3582.0,0.0,-0.065022,-0.195144,PHL,JOR,210390
256374,188,113,5638,2003,196320.0,64203.0,0.202286,-0.714691,SAU,JOR,210390
256375,192,113,5638,2003,10443.0,0.0,1.5080799999999999,0.720337,SGP,JOR,210390
256376,212,113,5638,2003,9990.0,0.0,-0.868749,-0.326322,SYR,JOR,210390
256377,216,113,5638,2003,23053.0,0.0,0.43010699999999996,1.607408,THA,JOR,210390
256378,224,113,5638,2003,106131.0,0.0,0.192802,1.9855060000000002,TUR,JOR,210390
256379,231,113,5638,2003,591421.0,125550.0,1.7789220000000001,0.064028,USA,JOR,210390
256380,243,113,5638,2003,0.0,23110.0,-1.453584,-1.257815,YEM,JOR,210390
256381,246,113,5638,2003,33563.0,0.0,0.477987,2.255395,ZAF,JOR,210390
256382,250,113,5638,2003,0.0,78769.0,0.45951499999999995,-0.2312,ANS,JOR,210390
256383,7,115,5638,2003,19862.0,0.0,0.049637,-0.502691,ARE,KAZ,210390
256384,15,115,5638,2003,355390.0,0.0,1.834977,0.408096,AUT,KAZ,210390
256385,16,115,5638,2003,2357.0,0.0,-0.304606,-0.975453,AZE,KAZ,210390
256386,18,115,5638,2003,35049.0,0.0,1.361682,1.39536,BEL,KAZ,210390
256387,41,115,5638,2003,1143.0,0.0,2.151037,0.711217,CHE,KAZ,210390
256388,43,115,5638,2003,1177520.0,0.0,0.579431,2.773139,CHN,KAZ,210390
256389,61,115,5638,2003,197766.0,0.0,2.2821919999999998,-2.0985150000000004,DEU,KAZ,210390
256390,64,115,5638,2003,8983.0,0.0,1.309564,1.245596,DNK,KAZ,210390
256391,71,115,5638,2003,15687.0,0.0,0.960684,2.074792,ESP,KAZ,210390
256392,72,115,5638,2003,17738.0,0.0,0.5913010000000001,0.8489979999999999,EST,KAZ,210390
256393,77,115,5638,2003,13967.0,0.0,1.606606,0.7394149999999999,FRA,KAZ,210390
256394,81,115,5638,2003,204688.0,0.0,1.8712540000000002,0.706205,GBR,KAZ,210390
256395,82,115,5638,2003,1738.0,0.0,0.595485,-0.25939,GEO,KAZ,210390
256396,100,115,5638,2003,160688.0,0.0,0.568394,1.230759,HRV,KAZ,210390
256397,102,115,5638,2003,32153.0,0.0,1.2003270000000001,1.091407,HUN,KAZ,210390
256398,103,115,5638,2003,684.0,0.0,-0.16802,1.7252990000000001,IDN,KAZ,210390
256399,110,115,5638,2003,118168.0,0.0,1.157809,0.682195,ISR,KAZ,210390
256400,111,115,5638,2003,903.0,0.0,1.399734,1.044608,ITA,KAZ,210390
256401,117,115,5638,2003,0.0,92174.0,0.25359699999999996,0.24101199999999998,KGZ,KAZ,210390
256402,121,115,5638,2003,9732.0,0.0,1.2611709999999998,0.956308,KOR,KAZ,210390
256403,130,115,5638,2003,45609.0,0.0,0.239608,0.517299,LTU,KAZ,210390
256404,132,115,5638,2003,1139.0,0.0,0.520772,0.5631689999999999,LVA,KAZ,210390
256405,153,115,5638,2003,1895.0,0.0,0.728804,0.2168,MYS,KAZ,210390
256406,162,115,5638,2003,101059.0,0.0,1.168453,1.7085709999999998,NLD,KAZ,210390
256407,177,115,5638,2003,34320.0,0.0,0.966622,1.664838,POL,KAZ,210390
256408,186,115,5638,2003,3937850.0,7294.0,1.072729,0.338355,RUS,KAZ,210390
256409,192,115,5638,2003,2110.0,0.0,1.5080799999999999,0.720337,SGP,KAZ,210390
256410,208,115,5638,2003,6272.0,0.0,2.099224,0.799982,SWE,KAZ,210390
256411,224,115,5638,2003,1948.0,0.0,0.192802,1.9855060000000002,TUR,KAZ,210390
256412,228,115,5638,2003,25270.0,0.0,0.8929389999999999,0.956685,UKR,KAZ,210390
256413,231,115,5638,2003,4431.0,0.0,1.7789220000000001,0.064028,USA,KAZ,210390
256414,7,116,5638,2003,7613.0,0.0,0.049637,-0.502691,ARE,KEN,210390
256415,41,116,5638,2003,35517.0,0.0,2.151037,0.711217,CHE,KEN,210390
256416,43,116,5638,2003,2273.0,0.0,0.579431,2.773139,CHN,KEN,210390
256417,61,116,5638,2003,23853.0,0.0,2.2821919999999998,-2.0985150000000004,DEU,KEN,210390
256418,62,116,5638,2003,0.0,4812.0,-0.41648500000000005,-0.5408350000000001,DJI,KEN,210390
256419,68,116,5638,2003,1235.0,0.0,-0.292923,0.465433,EGY,KEN,210390
256420,81,116,5638,2003,222974.0,39436.0,1.8712540000000002,0.706205,GBR,KEN,210390
256421,97,116,5638,2003,672.0,0.0,0.494569,2.147062,HKG,KEN,210390
256422,104,116,5638,2003,1110.0,0.0,0.33014099999999996,2.836003,IND,KEN,210390
256423,111,116,5638,2003,6675.0,0.0,1.399734,1.044608,ITA,KEN,210390
256424,114,116,5638,2003,1281.0,0.0,2.4686630000000003,0.48072600000000004,JPN,KEN,210390
256425,121,116,5638,2003,5096.0,0.0,1.2611709999999998,0.956308,KOR,KEN,210390
256426,141,116,5638,2003,0.0,8913.0,-0.786411,-0.879049,MLI,KEN,210390
256427,159,116,5638,2003,0.0,244767.0,-1.859176,-1.234236,NGA,KEN,210390
256428,162,116,5638,2003,19566.0,0.0,1.168453,1.7085709999999998,NLD,KEN,210390
256429,167,116,5638,2003,0.0,9752.0,-1.434873,-1.188123,OMN,KEN,210390
256430,187,116,5638,2003,0.0,19935.0,-0.99513,-0.852476,RWA,KEN,210390
256431,188,116,5638,2003,9412.0,0.0,0.202286,-0.714691,SAU,KEN,210390
256432,192,116,5638,2003,4016.0,0.0,1.5080799999999999,0.720337,SGP,KEN,210390
256433,211,116,5638,2003,0.0,5401.0,-0.44341099999999994,-0.742566,SYC,KEN,210390
256434,216,116,5638,2003,54157.0,0.0,0.43010699999999996,1.607408,THA,KEN,210390
256435,226,116,5638,2003,0.0,12346.0,-1.225217,-0.43662399999999996,TZA,KEN,210390
256436,227,116,5638,2003,0.0,13169.0,-0.895193,-0.712039,UGA,KEN,210390
256437,231,116,5638,2003,41553.0,0.0,1.7789220000000001,0.064028,USA,KEN,210390
256438,246,116,5638,2003,269999.0,2422.0,0.477987,2.255395,ZAF,KEN,210390
256439,248,116,5638,2003,6336.0,0.0,-0.366539,-0.18906199999999998,ZWE,KEN,210390
256440,250,116,5638,2003,0.0,8881.0,0.45951499999999995,-0.2312,ANS,KEN,210390
256441,7,117,5638,2003,3676.0,0.0,0.049637,-0.502691,ARE,KGZ,210390
256442,18,117,5638,2003,8865.0,0.0,1.361682,1.39536,BEL,KGZ,210390
256443,43,117,5638,2003,15005.0,0.0,0.579431,2.773139,CHN,KGZ,210390
256444,64,117,5638,2003,1060.0,0.0,1.309564,1.245596,DNK,KGZ,210390
256445,107,117,5638,2003,954.0,0.0,-0.552146,-0.8668520000000001,IRN,KGZ,210390
256446,115,117,5638,2003,92174.0,0.0,-0.156326,-0.62092,KAZ,KGZ,210390
256447,177,117,5638,2003,15365.0,0.0,0.966622,1.664838,POL,KGZ,210390
256448,186,117,5638,2003,96267.0,22400.0,1.072729,0.338355,RUS,KGZ,210390
256449,224,117,5638,2003,2936.0,0.0,0.192802,1.9855060000000002,TUR,KGZ,210390
256450,231,117,5638,2003,1755.0,0.0,1.7789220000000001,0.064028,USA,KGZ,210390
256451,7,122,5638,2003,172649.0,9548.0,0.049637,-0.502691,ARE,KWT,210390
256452,14,122,5638,2003,94871.0,0.0,0.316879,0.9409489999999999,AUS,KWT,210390
256453,15,122,5638,2003,19732.0,0.0,1.834977,0.408096,AUT,KWT,210390
256454,22,122,5638,2003,2622.0,0.0,-1.168404,-1.035782,BGD,KWT,210390
256455,24,122,5638,2003,13038.0,4306.0,-0.10968800000000001,-1.041032,BHR,KWT,210390
256456,32,122,5638,2003,16990.0,0.0,0.660576,1.118876,BRA,KWT,210390
256457,39,122,5638,2003,5092.0,0.0,0.9791540000000001,1.185081,CAN,KWT,210390
256458,41,122,5638,2003,2750.0,0.0,2.151037,0.711217,CHE,KWT,210390
256459,43,122,5638,2003,92035.0,0.0,0.579431,2.773139,CHN,KWT,210390
256460,49,122,5638,2003,13349.0,0.0,0.218336,0.376869,COL,KWT,210390
256461,52,122,5638,2003,28770.0,0.0,-0.193904,-0.5049680000000001,CRI,KWT,210390
256462,58,122,5638,2003,6634.0,0.0,0.259992,0.068914,CYP,KWT,210390
256463,59,122,5638,2003,9699.0,0.0,1.555749,0.8662059999999999,CZE,KWT,210390
256464,61,122,5638,2003,170324.0,0.0,2.2821919999999998,-2.0985150000000004,DEU,KWT,210390
256465,64,122,5638,2003,113796.0,0.0,1.309564,1.245596,DNK,KWT,210390
256466,66,122,5638,2003,1894.0,0.0,-1.060727,-1.142594,DZA,KWT,210390
256467,68,122,5638,2003,307852.0,0.0,-0.292923,0.465433,EGY,KWT,210390
256468,71,122,5638,2003,649811.0,0.0,0.960684,2.074792,ESP,KWT,210390
256469,77,122,5638,2003,48735.0,0.0,1.606606,0.7394149999999999,FRA,KWT,210390
256470,81,122,5638,2003,933896.0,15461.0,1.8712540000000002,0.706205,GBR,KWT,210390
256471,90,122,5638,2003,5515.0,0.0,0.364688,1.4823959999999998,GRC,KWT,210390
256472,103,122,5638,2003,4223.0,0.0,-0.16802,1.7252990000000001,IDN,KWT,210390
256473,104,122,5638,2003,17641.0,0.0,0.33014099999999996,2.836003,IND,KWT,210390
256474,106,122,5638,2003,11075.0,0.0,1.6396130000000002,0.220599,IRL,KWT,210390
256475,107,122,5638,2003,8478.0,7428.0,-0.552146,-0.8668520000000001,IRN,KWT,210390
256476,108,122,5638,2003,0.0,12992.0,-0.398557,-0.774153,IRQ,KWT,210390
256477,111,122,5638,2003,157057.0,0.0,1.399734,1.044608,ITA,KWT,210390
256478,113,122,5638,2003,1884.0,0.0,0.12295,0.377031,JOR,KWT,210390
256479,114,122,5638,2003,35275.0,0.0,2.4686630000000003,0.48072600000000004,JPN,KWT,210390
256480,121,122,5638,2003,20481.0,0.0,1.2611709999999998,0.956308,KOR,KWT,210390
256481,124,122,5638,2003,4734.0,0.0,0.261687,1.053856,LBN,KWT,210390
256482,134,122,5638,2003,648.0,0.0,-0.6842050000000001,-0.217892,MAR,KWT,210390
256483,138,122,5638,2003,850.0,0.0,0.862509,0.756684,MEX,KWT,210390
256484,153,122,5638,2003,121318.0,0.0,0.728804,0.2168,MYS,KWT,210390
256485,162,122,5638,2003,770568.0,0.0,1.168453,1.7085709999999998,NLD,KWT,210390
256486,167,122,5638,2003,688979.0,1372.0,-1.434873,-1.188123,OMN,KWT,210390
256487,168,122,5638,2003,14818.0,0.0,-0.6659689999999999,0.137924,PAK,KWT,210390
256488,174,122,5638,2003,110885.0,0.0,-0.065022,-0.195144,PHL,KWT,210390
256489,183,122,5638,2003,0.0,954.0,-0.209042,-1.0565799999999999,QAT,KWT,210390
256490,188,122,5638,2003,366342.0,2431.0,0.202286,-0.714691,SAU,KWT,210390
256491,192,122,5638,2003,17590.0,0.0,1.5080799999999999,0.720337,SGP,KWT,210390
256492,208,122,5638,2003,6161.0,0.0,2.099224,0.799982,SWE,KWT,210390
256493,212,122,5638,2003,18623.0,0.0,-0.868749,-0.326322,SYR,KWT,210390
256494,216,122,5638,2003,45805.0,0.0,0.43010699999999996,1.607408,THA,KWT,210390
256495,224,122,5638,2003,241838.0,0.0,0.192802,1.9855060000000002,TUR,KWT,210390
256496,231,122,5638,2003,4122914.0,0.0,1.7789220000000001,0.064028,USA,KWT,210390
256497,246,122,5638,2003,0.0,1717.0,0.477987,2.255395,ZAF,KWT,210390
256498,249,122,5638,2003,8861.0,0.0,1.5924040000000002,1.397843,TWN,KWT,210390
256499,15,132,5638,2003,282121.0,0.0,1.834977,0.408096,AUT,LVA,210390
256500,18,132,5638,2003,6051.0,0.0,1.361682,1.39536,BEL,LVA,210390
256501,28,132,5638,2003,0.0,27244.0,0.847358,0.9307719999999999,BLR,LVA,210390
256502,41,132,5638,2003,7211.0,0.0,2.151037,0.711217,CHE,LVA,210390
256503,43,132,5638,2003,28662.0,0.0,0.579431,2.773139,CHN,LVA,210390
256504,59,132,5638,2003,28340.0,0.0,1.555749,0.8662059999999999,CZE,LVA,210390
256505,61,132,5638,2003,1298180.0,5722.0,2.2821919999999998,-2.0985150000000004,DEU,LVA,210390
256506,64,132,5638,2003,3259.0,0.0,1.309564,1.245596,DNK,LVA,210390
256507,71,132,5638,2003,8938.0,0.0,0.960684,2.074792,ESP,LVA,210390
256508,72,132,5638,2003,692233.0,96045.0,0.5913010000000001,0.8489979999999999,EST,LVA,210390
256509,74,132,5638,2003,82176.0,2428.0,2.077889,0.942501,FIN,LVA,210390
256510,77,132,5638,2003,3196.0,0.0,1.606606,0.7394149999999999,FRA,LVA,210390
256511,81,132,5638,2003,17713.0,0.0,1.8712540000000002,0.706205,GBR,LVA,210390
256512,100,132,5638,2003,785080.0,0.0,0.568394,1.230759,HRV,LVA,210390
256513,102,132,5638,2003,18397.0,0.0,1.2003270000000001,1.091407,HUN,LVA,210390
256514,103,132,5638,2003,5367.0,0.0,-0.16802,1.7252990000000001,IDN,LVA,210390
256515,104,132,5638,2003,2973.0,0.0,0.33014099999999996,2.836003,IND,LVA,210390
256516,109,132,5638,2003,11437.0,0.0,0.21902800000000003,-0.40818499999999996,ISL,LVA,210390
256517,110,132,5638,2003,0.0,9703.0,1.157809,0.682195,ISR,LVA,210390
256518,111,132,5638,2003,31080.0,0.0,1.399734,1.044608,ITA,LVA,210390
256519,115,132,5638,2003,0.0,1139.0,-0.156326,-0.62092,KAZ,LVA,210390
256520,130,132,5638,2003,787143.0,447371.0,0.239608,0.517299,LTU,LVA,210390
256521,153,132,5638,2003,1178.0,0.0,0.728804,0.2168,MYS,LVA,210390
256522,162,132,5638,2003,30893.0,0.0,1.168453,1.7085709999999998,NLD,LVA,210390
256523,177,132,5638,2003,460116.0,0.0,0.966622,1.664838,POL,LVA,210390
256524,179,132,5638,2003,1104.0,0.0,0.471376,1.647303,PRT,LVA,210390
256525,186,132,5638,2003,75197.0,175401.0,1.072729,0.338355,RUS,LVA,210390
256526,206,132,5638,2003,12378.0,0.0,1.22565,0.915518,SVK,LVA,210390
256527,208,132,5638,2003,197514.0,0.0,2.099224,0.799982,SWE,LVA,210390
256528,216,132,5638,2003,5040.0,0.0,0.43010699999999996,1.607408,THA,LVA,210390
256529,231,132,5638,2003,23924.0,17254.0,1.7789220000000001,0.064028,USA,LVA,210390
256530,250,132,5638,2003,1653.0,39996.0,0.45951499999999995,-0.2312,ANS,LVA,210390
256531,2,167,5638,2003,31118.0,0.0,-1.8762919999999998,-1.176541,AGO,OMN,210390
256532,7,167,5638,2003,1088370.0,0.0,0.049637,-0.502691,ARE,OMN,210390
256533,14,167,5638,2003,6298.0,0.0,0.316879,0.9409489999999999,AUS,OMN,210390
256534,24,167,5638,2003,1169.0,276418.0,-0.10968800000000001,-1.041032,BHR,OMN,210390
256535,39,167,5638,2003,3583.0,0.0,0.9791540000000001,1.185081,CAN,OMN,210390
256536,62,167,5638,2003,46639.0,0.0,-0.41648500000000005,-0.5408350000000001,DJI,OMN,210390
256537,64,167,5638,2003,3413.0,0.0,1.309564,1.245596,DNK,OMN,210390
256538,66,167,5638,2003,11440.0,0.0,-1.060727,-1.142594,DZA,OMN,210390
256539,68,167,5638,2003,26071.0,13913.0,-0.292923,0.465433,EGY,OMN,210390
256540,71,167,5638,2003,20767.0,0.0,0.960684,2.074792,ESP,OMN,210390
256541,81,167,5638,2003,618914.0,0.0,1.8712540000000002,0.706205,GBR,OMN,210390
256542,90,167,5638,2003,6276.0,0.0,0.364688,1.4823959999999998,GRC,OMN,210390
256543,97,167,5638,2003,18045.0,0.0,0.494569,2.147062,HKG,OMN,210390
256544,104,167,5638,2003,10055.0,0.0,0.33014099999999996,2.836003,IND,OMN,210390
256545,113,167,5638,2003,79997.0,45129.0,0.12295,0.377031,JOR,OMN,210390
256546,114,167,5638,2003,422146.0,0.0,2.4686630000000003,0.48072600000000004,JPN,OMN,210390
256547,116,167,5638,2003,9752.0,0.0,-0.3531,0.582992,KEN,OMN,210390
256548,122,167,5638,2003,1372.0,688979.0,-0.7943640000000001,-1.1529770000000001,KWT,OMN,210390
256549,124,167,5638,2003,59758.0,2176.0,0.261687,1.053856,LBN,OMN,210390
256550,134,167,5638,2003,14700.0,0.0,-0.6842050000000001,-0.217892,MAR,OMN,210390
256551,136,167,5638,2003,0.0,1799.0,-1.254758,-0.622696,MDG,OMN,210390
256552,138,167,5638,2003,5115.0,0.0,0.862509,0.756684,MEX,OMN,210390
256553,142,167,5638,2003,13848.0,0.0,1.2138149999999999,-0.015687,MLT,OMN,210390
256554,153,167,5638,2003,24739.0,0.0,0.728804,0.2168,MYS,OMN,210390
256555,162,167,5638,2003,5568.0,0.0,1.168453,1.7085709999999998,NLD,OMN,210390
256556,174,167,5638,2003,24866.0,0.0,-0.065022,-0.195144,PHL,OMN,210390
256557,183,167,5638,2003,120223.0,58508.0,-0.209042,-1.0565799999999999,QAT,OMN,210390
256558,188,167,5638,2003,138188.0,1540316.0,0.202286,-0.714691,SAU,OMN,210390
256559,199,167,5638,2003,6170.0,0.0,-0.319096,-0.649003,SOM,OMN,210390
256560,208,167,5638,2003,5424.0,0.0,2.099224,0.799982,SWE,OMN,210390
256561,212,167,5638,2003,14743.0,10881.0,-0.868749,-0.326322,SYR,OMN,210390
256562,216,167,5638,2003,2759.0,0.0,0.43010699999999996,1.607408,THA,OMN,210390
256563,223,167,5638,2003,37518.0,0.0,-0.14845999999999998,0.255092,TUN,OMN,210390
256564,224,167,5638,2003,8790.0,0.0,0.192802,1.9855060000000002,TUR,OMN,210390
256565,231,167,5638,2003,705983.0,0.0,1.7789220000000001,0.064028,USA,OMN,210390
256566,243,167,5638,2003,20238.0,0.0,-1.453584,-1.257815,YEM,OMN,210390
256567,246,167,5638,2003,0.0,2578.0,0.477987,2.255395,ZAF,OMN,210390
256568,7,168,5638,2003,27426.0,0.0,0.049637,-0.502691,ARE,PAK,210390
256569,14,168,5638,2003,0.0,115871.0,0.316879,0.9409489999999999,AUS,PAK,210390
256570,18,168,5638,2003,5226.0,0.0,1.361682,1.39536,BEL,PAK,210390
256571,22,168,5638,2003,0.0,16623.0,-1.168404,-1.035782,BGD,PAK,210390
256572,39,168,5638,2003,0.0,12872.0,0.9791540000000001,1.185081,CAN,PAK,210390
256573,41,168,5638,2003,0.0,5008.0,2.151037,0.711217,CHE,PAK,210390
256574,43,168,5638,2003,31974.0,0.0,0.579431,2.773139,CHN,PAK,210390
256575,61,168,5638,2003,50383.0,6980.0,2.2821919999999998,-2.0985150000000004,DEU,PAK,210390
256576,71,168,5638,2003,2165.0,0.0,0.960684,2.074792,ESP,PAK,210390
256577,81,168,5638,2003,40700.0,175053.0,1.8712540000000002,0.706205,GBR,PAK,210390
256578,90,168,5638,2003,0.0,31887.0,0.364688,1.4823959999999998,GRC,PAK,210390
256579,97,168,5638,2003,901.0,0.0,0.494569,2.147062,HKG,PAK,210390
256580,111,168,5638,2003,0.0,1778.0,1.399734,1.044608,ITA,PAK,210390
256581,114,168,5638,2003,8334.0,11179.0,2.4686630000000003,0.48072600000000004,JPN,PAK,210390
256582,121,168,5638,2003,0.0,4796.0,1.2611709999999998,0.956308,KOR,PAK,210390
256583,122,168,5638,2003,0.0,14818.0,-0.7943640000000001,-1.1529770000000001,KWT,PAK,210390
256584,151,168,5638,2003,0.0,1950.0,-0.361514,-0.29839899999999997,MUS,PAK,210390
256585,153,168,5638,2003,137682.0,0.0,0.728804,0.2168,MYS,PAK,210390
256586,162,168,5638,2003,5622.0,2018.0,1.168453,1.7085709999999998,NLD,PAK,210390
256587,163,168,5638,2003,0.0,15329.0,1.1500620000000001,0.258554,NOR,PAK,210390
256588,166,168,5638,2003,0.0,6902.0,0.589619,0.997301,NZL,PAK,210390
256589,188,168,5638,2003,0.0,34717.0,0.202286,-0.714691,SAU,PAK,210390
256590,192,168,5638,2003,6195.0,17608.0,1.5080799999999999,0.720337,SGP,PAK,210390
256591,208,168,5638,2003,173567.0,0.0,2.099224,0.799982,SWE,PAK,210390
256592,216,168,5638,2003,78056.0,0.0,0.43010699999999996,1.607408,THA,PAK,210390
256593,231,168,5638,2003,422062.0,121291.0,1.7789220000000001,0.064028,USA,PAK,210390
256594,246,168,5638,2003,22816.0,0.0,0.477987,2.255395,ZAF,PAK,210390
256595,14,176,5638,2003,843911.0,15902.0,0.316879,0.9409489999999999,AUS,PNG,210390
256596,32,176,5638,2003,37060.0,0.0,0.660576,1.118876,BRA,PNG,210390
256597,43,176,5638,2003,371735.0,0.0,0.579431,2.773139,CHN,PNG,210390
256598,61,176,5638,2003,1643.0,0.0,2.2821919999999998,-2.0985150000000004,DEU,PNG,210390
256599,75,176,5638,2003,0.0,1452.0,-0.6865640000000001,-0.326977,FJI,PNG,210390
256600,97,176,5638,2003,26212.0,0.0,0.494569,2.147062,HKG,PNG,210390
256601,103,176,5638,2003,4668.0,0.0,-0.16802,1.7252990000000001,IDN,PNG,210390
256602,114,176,5638,2003,28672.0,0.0,2.4686630000000003,0.48072600000000004,JPN,PNG,210390
256603,153,176,5638,2003,14708.0,0.0,0.728804,0.2168,MYS,PNG,210390
256604,166,176,5638,2003,891464.0,0.0,0.589619,0.997301,NZL,PNG,210390
256605,174,176,5638,2003,6337.0,0.0,-0.065022,-0.195144,PHL,PNG,210390
256606,192,176,5638,2003,31918.0,0.0,1.5080799999999999,0.720337,SGP,PNG,210390
256607,216,176,5638,2003,1337.0,0.0,0.43010699999999996,1.607408,THA,PNG,210390
256608,231,176,5638,2003,15505.0,0.0,1.7789220000000001,0.064028,USA,PNG,210390
256609,240,176,5638,2003,0.0,2958.0,-0.916386,-0.784439,VUT,PNG,210390
256610,14,177,5638,2003,0.0,29093.0,0.316879,0.9409489999999999,AUS,POL,210390
256611,15,177,5638,2003,8095527.0,90683.0,1.834977,0.408096,AUT,POL,210390
256612,16,177,5638,2003,0.0,125911.0,-0.304606,-0.975453,AZE,POL,210390
256613,18,177,5638,2003,222330.0,5760.0,1.361682,1.39536,BEL,POL,210390
256614,23,177,5638,2003,0.0,237806.0,0.43308599999999997,1.7104099999999998,BGR,POL,210390
256615,28,177,5638,2003,0.0,471592.0,0.847358,0.9307719999999999,BLR,POL,210390
256616,39,177,5638,2003,0.0,71858.0,0.9791540000000001,1.185081,CAN,POL,210390
256617,41,177,5638,2003,163260.0,0.0,2.151037,0.711217,CHE,POL,210390
256618,43,177,5638,2003,203111.0,0.0,0.579431,2.773139,CHN,POL,210390
256619,59,177,5638,2003,8632797.0,2453839.0,1.555749,0.8662059999999999,CZE,POL,210390
256620,61,177,5638,2003,7037404.0,783664.0,2.2821919999999998,-2.0985150000000004,DEU,POL,210390
256621,64,177,5638,2003,424385.0,0.0,1.309564,1.245596,DNK,POL,210390
256622,71,177,5638,2003,39331.0,0.0,0.960684,2.074792,ESP,POL,210390
256623,72,177,5638,2003,0.0,378525.0,0.5913010000000001,0.8489979999999999,EST,POL,210390
256624,77,177,5638,2003,384283.0,35720.0,1.606606,0.7394149999999999,FRA,POL,210390
256625,81,177,5638,2003,1965396.0,132985.0,1.8712540000000002,0.706205,GBR,POL,210390
256626,90,177,5638,2003,0.0,18191.0,0.364688,1.4823959999999998,GRC,POL,210390
256627,97,177,5638,2003,0.0,9615.0,0.494569,2.147062,HKG,POL,210390
256628,100,177,5638,2003,185666.0,1078.0,0.568394,1.230759,HRV,POL,210390
256629,102,177,5638,2003,170140.0,540820.0,1.2003270000000001,1.091407,HUN,POL,210390
256630,103,177,5638,2003,39089.0,0.0,-0.16802,1.7252990000000001,IDN,POL,210390
256631,106,177,5638,2003,0.0,7034.0,1.6396130000000002,0.220599,IRL,POL,210390
256632,109,177,5638,2003,0.0,30024.0,0.21902800000000003,-0.40818499999999996,ISL,POL,210390
256633,110,177,5638,2003,0.0,42533.0,1.157809,0.682195,ISR,POL,210390
256634,111,177,5638,2003,527077.0,55044.0,1.399734,1.044608,ITA,POL,210390
256635,114,177,5638,2003,10031.0,0.0,2.4686630000000003,0.48072600000000004,JPN,POL,210390
256636,115,177,5638,2003,0.0,34320.0,-0.156326,-0.62092,KAZ,POL,210390
256637,117,177,5638,2003,0.0,15365.0,0.25359699999999996,0.24101199999999998,KGZ,POL,210390
256638,130,177,5638,2003,22669.0,9939943.0,0.239608,0.517299,LTU,POL,210390
256639,132,177,5638,2003,0.0,460116.0,0.520772,0.5631689999999999,LVA,POL,210390
256640,135,177,5638,2003,0.0,123067.0,-0.005154,-0.26107199999999997,MDA,POL,210390
256641,138,177,5638,2003,0.0,1579.0,0.862509,0.756684,MEX,POL,210390
256642,140,177,5638,2003,0.0,2318.0,-0.017632,0.225394,MKD,POL,210390
256643,145,177,5638,2003,0.0,396853.0,-0.9747620000000001,-1.026308,MNG,POL,210390
256644,153,177,5638,2003,2429.0,0.0,0.728804,0.2168,MYS,POL,210390
256645,162,177,5638,2003,663059.0,24289.0,1.168453,1.7085709999999998,NLD,POL,210390
256646,183,177,5638,2003,0.0,1916.0,-0.209042,-1.0565799999999999,QAT,POL,210390
256647,185,177,5638,2003,0.0,284159.0,0.378379,1.0064620000000002,ROU,POL,210390
256648,186,177,5638,2003,9029.0,7149370.0,1.072729,0.338355,RUS,POL,210390
256649,192,177,5638,2003,73699.0,0.0,1.5080799999999999,0.720337,SGP,POL,210390
256650,206,177,5638,2003,103168.0,1357812.0,1.22565,0.915518,SVK,POL,210390
256651,207,177,5638,2003,241203.0,0.0,1.6459840000000001,1.014191,SVN,POL,210390
256652,208,177,5638,2003,136656.0,48088.0,2.099224,0.799982,SWE,POL,210390
256653,216,177,5638,2003,175857.0,0.0,0.43010699999999996,1.607408,THA,POL,210390
256654,224,177,5638,2003,0.0,14565.0,0.192802,1.9855060000000002,TUR,POL,210390
256655,228,177,5638,2003,0.0,2827462.0,0.8929389999999999,0.956685,UKR,POL,210390
256656,231,177,5638,2003,373457.0,599040.0,1.7789220000000001,0.064028,USA,POL,210390
256657,239,177,5638,2003,33489.0,0.0,-0.633985,0.659696,VNM,POL,210390
256658,246,177,5638,2003,1452.0,0.0,0.477987,2.255395,ZAF,POL,210390
256659,250,177,5638,2003,0.0,14263000.0,0.45951499999999995,-0.2312,ANS,POL,210390
256660,7,183,5638,2003,101690.0,0.0,0.049637,-0.502691,ARE,QAT,210390
256661,14,183,5638,2003,15194.0,0.0,0.316879,0.9409489999999999,AUS,QAT,210390
256662,24,183,5638,2003,4529.0,0.0,-0.10968800000000001,-1.041032,BHR,QAT,210390
256663,61,183,5638,2003,59684.0,0.0,2.2821919999999998,-2.0985150000000004,DEU,QAT,210390
256664,64,183,5638,2003,5531.0,0.0,1.309564,1.245596,DNK,QAT,210390
256665,68,183,5638,2003,26507.0,0.0,-0.292923,0.465433,EGY,QAT,210390
256666,71,183,5638,2003,130092.0,0.0,0.960684,2.074792,ESP,QAT,210390
256667,77,183,5638,2003,102508.0,0.0,1.606606,0.7394149999999999,FRA,QAT,210390
256668,81,183,5638,2003,190821.0,0.0,1.8712540000000002,0.706205,GBR,QAT,210390
256669,103,183,5638,2003,9034.0,0.0,-0.16802,1.7252990000000001,IDN,QAT,210390
256670,104,183,5638,2003,1007.0,0.0,0.33014099999999996,2.836003,IND,QAT,210390
256671,111,183,5638,2003,1649.0,0.0,1.399734,1.044608,ITA,QAT,210390
256672,114,183,5638,2003,767.0,0.0,2.4686630000000003,0.48072600000000004,JPN,QAT,210390
256673,122,183,5638,2003,954.0,0.0,-0.7943640000000001,-1.1529770000000001,KWT,QAT,210390
256674,124,183,5638,2003,1373.0,0.0,0.261687,1.053856,LBN,QAT,210390
256675,128,183,5638,2003,0.0,5085.0,-0.618057,0.101931,LKA,QAT,210390
256676,153,183,5638,2003,13907.0,0.0,0.728804,0.2168,MYS,QAT,210390
256677,162,183,5638,2003,2433.0,0.0,1.168453,1.7085709999999998,NLD,QAT,210390
256678,167,183,5638,2003,58508.0,120223.0,-1.434873,-1.188123,OMN,QAT,210390
256679,174,183,5638,2003,36493.0,3874.0,-0.065022,-0.195144,PHL,QAT,210390
256680,177,183,5638,2003,1916.0,0.0,0.966622,1.664838,POL,QAT,210390
256681,188,183,5638,2003,154273.0,0.0,0.202286,-0.714691,SAU,QAT,210390
256682,216,183,5638,2003,24392.0,0.0,0.43010699999999996,1.607408,THA,QAT,210390
256683,224,183,5638,2003,11941.0,0.0,0.192802,1.9855060000000002,TUR,QAT,210390
256684,231,183,5638,2003,621047.0,0.0,1.7789220000000001,0.064028,USA,QAT,210390
256685,246,183,5638,2003,7190.0,0.0,0.477987,2.255395,ZAF,QAT,210390
256686,8,185,5638,2003,7950.0,0.0,0.302073,0.49069700000000005,ARG,ROU,210390
256687,14,185,5638,2003,9114.0,0.0,0.316879,0.9409489999999999,AUS,ROU,210390
256688,15,185,5638,2003,1088976.0,0.0,1.834977,0.408096,AUT,ROU,210390
256689,18,185,5638,2003,59818.0,0.0,1.361682,1.39536,BEL,ROU,210390
256690,23,185,5638,2003,13163.0,15585.0,0.43308599999999997,1.7104099999999998,BGR,ROU,210390
256691,26,185,5638,2003,4129.0,0.0,0.195667,0.347011,BIH,ROU,210390
256692,41,185,5638,2003,98321.0,0.0,2.151037,0.711217,CHE,ROU,210390
256693,43,185,5638,2003,5699.0,0.0,0.579431,2.773139,CHN,ROU,210390
256694,58,185,5638,2003,0.0,1216.0,0.259992,0.068914,CYP,ROU,210390
256695,59,185,5638,2003,221024.0,0.0,1.555749,0.8662059999999999,CZE,ROU,210390
256696,61,185,5638,2003,1546437.0,2627.0,2.2821919999999998,-2.0985150000000004,DEU,ROU,210390
256697,68,185,5638,2003,2548.0,0.0,-0.292923,0.465433,EGY,ROU,210390
256698,71,185,5638,2003,502132.0,0.0,0.960684,2.074792,ESP,ROU,210390
256699,74,185,5638,2003,1110.0,0.0,2.077889,0.942501,FIN,ROU,210390
256700,77,185,5638,2003,886658.0,0.0,1.606606,0.7394149999999999,FRA,ROU,210390
256701,81,185,5638,2003,14923.0,0.0,1.8712540000000002,0.706205,GBR,ROU,210390
256702,90,185,5638,2003,3158.0,2191.0,0.364688,1.4823959999999998,GRC,ROU,210390
256703,97,185,5638,2003,1015.0,0.0,0.494569,2.147062,HKG,ROU,210390
256704,100,185,5638,2003,13650.0,0.0,0.568394,1.230759,HRV,ROU,210390
256705,102,185,5638,2003,1154721.0,16849.0,1.2003270000000001,1.091407,HUN,ROU,210390
256706,104,185,5638,2003,1401.0,0.0,0.33014099999999996,2.836003,IND,ROU,210390
256707,111,185,5638,2003,47807.0,3730.0,1.399734,1.044608,ITA,ROU,210390
256708,114,185,5638,2003,3079.0,0.0,2.4686630000000003,0.48072600000000004,JPN,ROU,210390
256709,124,185,5638,2003,1215.0,0.0,0.261687,1.053856,LBN,ROU,210390
256710,135,185,5638,2003,0.0,71404.0,-0.005154,-0.26107199999999997,MDA,ROU,210390
256711,162,185,5638,2003,440797.0,4085.0,1.168453,1.7085709999999998,NLD,ROU,210390
256712,177,185,5638,2003,284159.0,0.0,0.966622,1.664838,POL,ROU,210390
256713,189,185,5638,2003,16683.0,0.0,0.575326,1.627894,SCG,ROU,210390
256714,206,185,5638,2003,1913160.0,0.0,1.22565,0.915518,SVK,ROU,210390
256715,207,185,5638,2003,4120.0,0.0,1.6459840000000001,1.014191,SVN,ROU,210390
256716,216,185,5638,2003,1410.0,0.0,0.43010699999999996,1.607408,THA,ROU,210390
256717,224,185,5638,2003,1850.0,0.0,0.192802,1.9855060000000002,TUR,ROU,210390
256718,228,185,5638,2003,2527.0,0.0,0.8929389999999999,0.956685,UKR,ROU,210390
256719,231,185,5638,2003,2414.0,5137.0,1.7789220000000001,0.064028,USA,ROU,210390
256720,239,185,5638,2003,3405.0,0.0,-0.633985,0.659696,VNM,ROU,210390
256721,250,185,5638,2003,1181.0,1743.0,0.45951499999999995,-0.2312,ANS,ROU,210390
256722,8,186,5638,2003,886940.0,0.0,0.302073,0.49069700000000005,ARG,RUS,210390
256723,9,186,5638,2003,5359.0,52149.0,0.497521,-0.305788,ARM,RUS,210390
256724,14,186,5638,2003,130315.0,5345.0,0.316879,0.9409489999999999,AUS,RUS,210390
256725,15,186,5638,2003,10383737.0,0.0,1.834977,0.408096,AUT,RUS,210390
256726,16,186,5638,2003,71305.0,636803.0,-0.304606,-0.975453,AZE,RUS,210390
256727,18,186,5638,2003,2804452.0,0.0,1.361682,1.39536,BEL,RUS,210390
256728,23,186,5638,2003,214157.0,0.0,0.43308599999999997,1.7104099999999998,BGR,RUS,210390
256729,28,186,5638,2003,179228.0,1047453.0,0.847358,0.9307719999999999,BLR,RUS,210390
256730,32,186,5638,2003,102569.0,0.0,0.660576,1.118876,BRA,RUS,210390
256731,39,186,5638,2003,3908.0,7193.0,0.9791540000000001,1.185081,CAN,RUS,210390
256732,41,186,5638,2003,177347.0,0.0,2.151037,0.711217,CHE,RUS,210390
256733,43,186,5638,2003,2044853.0,43491.0,0.579431,2.773139,CHN,RUS,210390
256734,59,186,5638,2003,97388.0,0.0,1.555749,0.8662059999999999,CZE,RUS,210390
256735,61,186,5638,2003,12066218.0,76267.0,2.2821919999999998,-2.0985150000000004,DEU,RUS,210390
256736,64,186,5638,2003,247711.0,0.0,1.309564,1.245596,DNK,RUS,210390
256737,71,186,5638,2003,553437.0,5303.0,0.960684,2.074792,ESP,RUS,210390
256738,72,186,5638,2003,91792.0,8575.0,0.5913010000000001,0.8489979999999999,EST,RUS,210390
256739,74,186,5638,2003,2769330.0,0.0,2.077889,0.942501,FIN,RUS,210390
256740,77,186,5638,2003,527834.0,0.0,1.606606,0.7394149999999999,FRA,RUS,210390
256741,81,186,5638,2003,1647718.0,0.0,1.8712540000000002,0.706205,GBR,RUS,210390
256742,82,186,5638,2003,113415.0,774687.0,0.595485,-0.25939,GEO,RUS,210390
256743,90,186,5638,2003,31849.0,6923.0,0.364688,1.4823959999999998,GRC,RUS,210390
256744,97,186,5638,2003,7294.0,0.0,0.494569,2.147062,HKG,RUS,210390
256745,100,186,5638,2003,2664383.0,0.0,0.568394,1.230759,HRV,RUS,210390
256746,102,186,5638,2003,50355.0,0.0,1.2003270000000001,1.091407,HUN,RUS,210390
256747,104,186,5638,2003,9189.0,0.0,0.33014099999999996,2.836003,IND,RUS,210390
256748,107,186,5638,2003,8915.0,0.0,-0.552146,-0.8668520000000001,IRN,RUS,210390
256749,110,186,5638,2003,2307907.0,84032.0,1.157809,0.682195,ISR,RUS,210390
256750,111,186,5638,2003,129135.0,0.0,1.399734,1.044608,ITA,RUS,210390
256751,114,186,5638,2003,234469.0,0.0,2.4686630000000003,0.48072600000000004,JPN,RUS,210390
256752,115,186,5638,2003,7294.0,3937850.0,-0.156326,-0.62092,KAZ,RUS,210390
256753,117,186,5638,2003,22400.0,96267.0,0.25359699999999996,0.24101199999999998,KGZ,RUS,210390
256754,121,186,5638,2003,16637068.0,0.0,1.2611709999999998,0.956308,KOR,RUS,210390
256755,130,186,5638,2003,90459.0,145657.0,0.239608,0.517299,LTU,RUS,210390
256756,132,186,5638,2003,175401.0,75197.0,0.520772,0.5631689999999999,LVA,RUS,210390
256757,135,186,5638,2003,0.0,955081.0,-0.005154,-0.26107199999999997,MDA,RUS,210390
256758,145,186,5638,2003,0.0,62583.0,-0.9747620000000001,-1.026308,MNG,RUS,210390
256759,162,186,5638,2003,1200295.0,0.0,1.168453,1.7085709999999998,NLD,RUS,210390
256760,163,186,5638,2003,3029.0,0.0,1.1500620000000001,0.258554,NOR,RUS,210390
256761,177,186,5638,2003,7149370.0,9029.0,0.966622,1.664838,POL,RUS,210390
256762,179,186,5638,2003,10576.0,0.0,0.471376,1.647303,PRT,RUS,210390
256763,189,186,5638,2003,0.0,10916.0,0.575326,1.627894,SCG,RUS,210390
256764,192,186,5638,2003,227237.0,0.0,1.5080799999999999,0.720337,SGP,RUS,210390
256765,206,186,5638,2003,49213.0,0.0,1.22565,0.915518,SVK,RUS,210390
256766,207,186,5638,2003,21584.0,0.0,1.6459840000000001,1.014191,SVN,RUS,210390
256767,208,186,5638,2003,155183.0,0.0,2.099224,0.799982,SWE,RUS,210390
256768,212,186,5638,2003,965.0,0.0,-0.868749,-0.326322,SYR,RUS,210390
256769,216,186,5638,2003,5863.0,0.0,0.43010699999999996,1.607408,THA,RUS,210390
256770,217,186,5638,2003,0.0,61682.0,-0.6187520000000001,-1.0438969999999999,TJK,RUS,210390
256771,219,186,5638,2003,0.0,55803.0,-1.223295,-1.250217,TKM,RUS,210390
256772,224,186,5638,2003,147587.0,4102.0,0.192802,1.9855060000000002,TUR,RUS,210390
256773,228,186,5638,2003,803850.0,1605130.0,0.8929389999999999,0.956685,UKR,RUS,210390
256774,231,186,5638,2003,229815.0,45360.0,1.7789220000000001,0.064028,USA,RUS,210390
256775,232,186,5638,2003,0.0,305816.0,-0.285978,-0.703334,UZB,RUS,210390
256776,239,186,5638,2003,563007.0,5336.0,-0.633985,0.659696,VNM,RUS,210390
256777,249,186,5638,2003,2125.0,0.0,1.5924040000000002,1.397843,TWN,RUS,210390
256778,250,186,5638,2003,0.0,197925.0,0.45951499999999995,-0.2312,ANS,RUS,210390
256779,7,188,5638,2003,649065.0,644675.0,0.049637,-0.502691,ARE,SAU,210390
256780,14,188,5638,2003,340480.0,5826.0,0.316879,0.9409489999999999,AUS,SAU,210390
256781,15,188,5638,2003,11660.0,0.0,1.834977,0.408096,AUT,SAU,210390
256782,18,188,5638,2003,1882.0,615.0,1.361682,1.39536,BEL,SAU,210390
256783,24,188,5638,2003,0.0,115346.0,-0.10968800000000001,-1.041032,BHR,SAU,210390
256784,39,188,5638,2003,89963.0,0.0,0.9791540000000001,1.185081,CAN,SAU,210390
256785,41,188,5638,2003,11084.0,0.0,2.151037,0.711217,CHE,SAU,210390
256786,43,188,5638,2003,5633.0,0.0,0.579431,2.773139,CHN,SAU,210390
256787,49,188,5638,2003,199698.0,0.0,0.218336,0.376869,COL,SAU,210390
256788,52,188,5638,2003,56193.0,0.0,-0.193904,-0.5049680000000001,CRI,SAU,210390
256789,61,188,5638,2003,90129.0,0.0,2.2821919999999998,-2.0985150000000004,DEU,SAU,210390
256790,64,188,5638,2003,41411.0,4977.0,1.309564,1.245596,DNK,SAU,210390
256791,68,188,5638,2003,892888.0,467029.0,-0.292923,0.465433,EGY,SAU,210390
256792,69,188,5638,2003,0.0,8289.0,-0.105591,-0.247614,ERI,SAU,210390
256793,71,188,5638,2003,136534.0,0.0,0.960684,2.074792,ESP,SAU,210390
256794,73,188,5638,2003,0.0,7423.0,-1.1145559999999999,-0.9599620000000001,ETH,SAU,210390
256795,77,188,5638,2003,48120.0,0.0,1.606606,0.7394149999999999,FRA,SAU,210390
256796,81,188,5638,2003,657242.0,40470.0,1.8712540000000002,0.706205,GBR,SAU,210390
256797,90,188,5638,2003,2984.0,0.0,0.364688,1.4823959999999998,GRC,SAU,210390
256798,103,188,5638,2003,4259772.0,0.0,-0.16802,1.7252990000000001,IDN,SAU,210390
256799,104,188,5638,2003,25128.0,0.0,0.33014099999999996,2.836003,IND,SAU,210390
256800,106,188,5638,2003,21956.0,2741.0,1.6396130000000002,0.220599,IRL,SAU,210390
256801,107,188,5638,2003,4476.0,0.0,-0.552146,-0.8668520000000001,IRN,SAU,210390
256802,111,188,5638,2003,32090.0,1770.0,1.399734,1.044608,ITA,SAU,210390
256803,113,188,5638,2003,64203.0,196320.0,0.12295,0.377031,JOR,SAU,210390
256804,114,188,5638,2003,104714.0,0.0,2.4686630000000003,0.48072600000000004,JPN,SAU,210390
256805,116,188,5638,2003,0.0,9412.0,-0.3531,0.582992,KEN,SAU,210390
256806,121,188,5638,2003,16699.0,0.0,1.2611709999999998,0.956308,KOR,SAU,210390
256807,122,188,5638,2003,2431.0,366342.0,-0.7943640000000001,-1.1529770000000001,KWT,SAU,210390
256808,124,188,5638,2003,4285.0,82329.0,0.261687,1.053856,LBN,SAU,210390
256809,138,188,5638,2003,115964.0,0.0,0.862509,0.756684,MEX,SAU,210390
256810,153,188,5638,2003,84026.0,0.0,0.728804,0.2168,MYS,SAU,210390
256811,162,188,5638,2003,100601.0,25216.0,1.168453,1.7085709999999998,NLD,SAU,210390
256812,167,188,5638,2003,1540316.0,138188.0,-1.434873,-1.188123,OMN,SAU,210390
256813,168,188,5638,2003,34717.0,0.0,-0.6659689999999999,0.137924,PAK,SAU,210390
256814,173,188,5638,2003,16959.0,0.0,-0.48627,0.371354,PER,SAU,210390
256815,174,188,5638,2003,303506.0,0.0,-0.065022,-0.195144,PHL,SAU,210390
256816,183,188,5638,2003,0.0,154273.0,-0.209042,-1.0565799999999999,QAT,SAU,210390
256817,187,188,5638,2003,0.0,324.0,-0.99513,-0.852476,RWA,SAU,210390
256818,190,188,5638,2003,0.0,17803.0,-1.3535059999999999,-1.1701409999999999,SDN,SAU,210390
256819,192,188,5638,2003,45251.0,0.0,1.5080799999999999,0.720337,SGP,SAU,210390
256820,208,188,5638,2003,8853.0,5054.0,2.099224,0.799982,SWE,SAU,210390
256821,212,188,5638,2003,141464.0,41562.0,-0.868749,-0.326322,SYR,SAU,210390
256822,216,188,5638,2003,428881.0,5017.0,0.43010699999999996,1.607408,THA,SAU,210390
256823,224,188,5638,2003,609954.0,0.0,0.192802,1.9855060000000002,TUR,SAU,210390
256824,226,188,5638,2003,0.0,1742.0,-1.225217,-0.43662399999999996,TZA,SAU,210390
256825,231,188,5638,2003,14226581.0,11250.0,1.7789220000000001,0.064028,USA,SAU,210390
256826,243,188,5638,2003,0.0,47426.0,-1.453584,-1.257815,YEM,SAU,210390
256827,246,188,5638,2003,3267.0,0.0,0.477987,2.255395,ZAF,SAU,210390
256828,249,188,5638,2003,48016.0,0.0,1.5924040000000002,1.397843,TWN,SAU,210390
256829,250,188,5638,2003,3420.0,0.0,0.45951499999999995,-0.2312,ANS,SAU,210390
256830,6,192,5638,2003,0.0,5242.0,0.108903,-0.650137,ANT,SGP,210390
256831,7,192,5638,2003,0.0,100774.0,0.049637,-0.502691,ARE,SGP,210390
256832,14,192,5638,2003,1441726.0,4215447.0,0.316879,0.9409489999999999,AUS,SGP,210390
256833,15,192,5638,2003,37460.0,6273.0,1.834977,0.408096,AUT,SGP,210390
256834,18,192,5638,2003,22836.0,0.0,1.361682,1.39536,BEL,SGP,210390
256835,22,192,5638,2003,0.0,405684.0,-1.168404,-1.035782,BGD,SGP,210390
256836,24,192,5638,2003,0.0,51777.0,-0.10968800000000001,-1.041032,BHR,SGP,210390
256837,32,192,5638,2003,1198.0,76886.0,0.660576,1.118876,BRA,SGP,210390
256838,34,192,5638,2003,12198.0,603447.0,-1.342738,-0.978633,BRN,SGP,210390
256839,39,192,5638,2003,338115.0,109926.0,0.9791540000000001,1.185081,CAN,SGP,210390
256840,41,192,5638,2003,483368.0,24284.0,2.151037,0.711217,CHE,SGP,210390
256841,43,192,5638,2003,1427634.0,1575881.0,0.579431,2.773139,CHN,SGP,210390
256842,58,192,5638,2003,32917.0,45409.0,0.259992,0.068914,CYP,SGP,210390
256843,61,192,5638,2003,194784.0,30580.0,2.2821919999999998,-2.0985150000000004,DEU,SGP,210390
256844,64,192,5638,2003,4255.0,12959.0,1.309564,1.245596,DNK,SGP,210390
256845,68,192,5638,2003,4485.0,16302.0,-0.292923,0.465433,EGY,SGP,210390
256846,71,192,5638,2003,15840.0,11180.0,0.960684,2.074792,ESP,SGP,210390
256847,75,192,5638,2003,0.0,13419.0,-0.6865640000000001,-0.326977,FJI,SGP,210390
256848,77,192,5638,2003,62194.0,29042.0,1.606606,0.7394149999999999,FRA,SGP,210390
256849,79,192,5638,2003,0.0,3317.0,-1.370191,-1.028812,FSM,SGP,210390
256850,81,192,5638,2003,853662.0,931697.0,1.8712540000000002,0.706205,GBR,SGP,210390
256851,90,192,5638,2003,0.0,6546.0,0.364688,1.4823959999999998,GRC,SGP,210390
256852,97,192,5638,2003,2266542.0,718748.0,0.494569,2.147062,HKG,SGP,210390
256853,103,192,5638,2003,306907.0,2503830.0,-0.16802,1.7252990000000001,IDN,SGP,210390
256854,104,192,5638,2003,11849.0,109460.0,0.33014099999999996,2.836003,IND,SGP,210390
256855,106,192,5638,2003,4052.0,24176.0,1.6396130000000002,0.220599,IRL,SGP,210390
256856,110,192,5638,2003,7425.0,0.0,1.157809,0.682195,ISR,SGP,210390
256857,111,192,5638,2003,152829.0,17654.0,1.399734,1.044608,ITA,SGP,210390
256858,113,192,5638,2003,0.0,10443.0,0.12295,0.377031,JOR,SGP,210390
256859,114,192,5638,2003,4365316.0,3476152.0,2.4686630000000003,0.48072600000000004,JPN,SGP,210390
256860,115,192,5638,2003,0.0,2110.0,-0.156326,-0.62092,KAZ,SGP,210390
256861,116,192,5638,2003,0.0,4016.0,-0.3531,0.582992,KEN,SGP,210390
256862,118,192,5638,2003,0.0,39679.0,-1.0165620000000002,-1.060454,KHM,SGP,210390
256863,121,192,5638,2003,473816.0,471514.0,1.2611709999999998,0.956308,KOR,SGP,210390
256864,122,192,5638,2003,0.0,17590.0,-0.7943640000000001,-1.1529770000000001,KWT,SGP,210390
256865,124,192,5638,2003,0.0,5421.0,0.261687,1.053856,LBN,SGP,210390
256866,126,192,5638,2003,0.0,1494.0,-0.36075999999999997,-1.110575,LBY,SGP,210390
256867,128,192,5638,2003,2520.0,227147.0,-0.618057,0.101931,LKA,SGP,210390
256868,133,192,5638,2003,1669.0,7589.0,-0.294516,-0.413828,MAC,SGP,210390
256869,137,192,5638,2003,0.0,216159.0,-1.201352,-1.031892,MDV,SGP,210390
256870,138,192,5638,2003,2966.0,12596.0,0.862509,0.756684,MEX,SGP,210390
256871,142,192,5638,2003,20438.0,12360.0,1.2138149999999999,-0.015687,MLT,SGP,210390
256872,143,192,5638,2003,0.0,64236.0,-1.435123,-1.0948,MMR,SGP,210390
256873,145,192,5638,2003,0.0,25932.0,-0.9747620000000001,-1.026308,MNG,SGP,210390
256874,151,192,5638,2003,0.0,95636.0,-0.361514,-0.29839899999999997,MUS,SGP,210390
256875,153,192,5638,2003,9796185.0,7276005.0,0.728804,0.2168,MYS,SGP,210390
256876,156,192,5638,2003,0.0,3128.0,-0.344934,-0.776632,NCL,SGP,210390
256877,159,192,5638,2003,0.0,810223.0,-1.859176,-1.234236,NGA,SGP,210390
256878,162,192,5638,2003,244245.0,147592.0,1.168453,1.7085709999999998,NLD,SGP,210390
256879,163,192,5638,2003,11771.0,24784.0,1.1500620000000001,0.258554,NOR,SGP,210390
256880,164,192,5638,2003,0.0,69096.0,-0.26353899999999997,1.351717,NPL,SGP,210390
256881,166,192,5638,2003,100249.0,166394.0,0.589619,0.997301,NZL,SGP,210390
256882,168,192,5638,2003,17608.0,6195.0,-0.6659689999999999,0.137924,PAK,SGP,210390
256883,174,192,5638,2003,419692.0,857961.0,-0.065022,-0.195144,PHL,SGP,210390
256884,176,192,5638,2003,0.0,31918.0,-1.7997330000000002,-1.2110049999999999,PNG,SGP,210390
256885,177,192,5638,2003,0.0,73699.0,0.966622,1.664838,POL,SGP,210390
256886,178,192,5638,2003,1810.0,0.0,0.7060420000000001,0.7718,PRK,SGP,210390
256887,186,192,5638,2003,0.0,227237.0,1.072729,0.338355,RUS,SGP,210390
256888,188,192,5638,2003,0.0,45251.0,0.202286,-0.714691,SAU,SGP,210390
256889,195,192,5638,2003,0.0,13438.0,-1.342629,-0.900968,SLB,SGP,210390
256890,208,192,5638,2003,72221.0,73530.0,2.099224,0.799982,SWE,SGP,210390
256891,211,192,5638,2003,0.0,56807.0,-0.44341099999999994,-0.742566,SYC,SGP,210390
256892,215,192,5638,2003,0.0,4934.0,-0.5058590000000001,-0.520586,TGO,SGP,210390
256893,216,192,5638,2003,2532502.0,2716322.0,0.43010699999999996,1.607408,THA,SGP,210390
256894,228,192,5638,2003,0.0,1767.0,0.8929389999999999,0.956685,UKR,SGP,210390
256895,231,192,5638,2003,4089602.0,1148893.0,1.7789220000000001,0.064028,USA,SGP,210390
256896,239,192,5638,2003,176064.0,631784.0,-0.633985,0.659696,VNM,SGP,210390
256897,240,192,5638,2003,0.0,4265.0,-0.916386,-0.784439,VUT,SGP,210390
256898,246,192,5638,2003,77423.0,96718.0,0.477987,2.255395,ZAF,SGP,210390
256899,249,192,5638,2003,160565.0,452596.0,1.5924040000000002,1.397843,TWN,SGP,210390
256900,250,192,5638,2003,2421.0,12629.0,0.45951499999999995,-0.2312,ANS,SGP,210390
256901,15,206,5638,2003,979454.0,0.0,1.834977,0.408096,AUT,SVK,210390
256902,18,206,5638,2003,5729.0,0.0,1.361682,1.39536,BEL,SVK,210390
256903,23,206,5638,2003,0.0,30659.0,0.43308599999999997,1.7104099999999998,BGR,SVK,210390
256904,41,206,5638,2003,68368.0,0.0,2.151037,0.711217,CHE,SVK,210390
256905,43,206,5638,2003,4474.0,0.0,0.579431,2.773139,CHN,SVK,210390
256906,59,206,5638,2003,2769583.0,3402004.0,1.555749,0.8662059999999999,CZE,SVK,210390
256907,61,206,5638,2003,486903.0,0.0,2.2821919999999998,-2.0985150000000004,DEU,SVK,210390
256908,71,206,5638,2003,82380.0,0.0,0.960684,2.074792,ESP,SVK,210390
256909,72,206,5638,2003,0.0,19257.0,0.5913010000000001,0.8489979999999999,EST,SVK,210390
256910,77,206,5638,2003,9507.0,40011.0,1.606606,0.7394149999999999,FRA,SVK,210390
256911,81,206,5638,2003,5104.0,0.0,1.8712540000000002,0.706205,GBR,SVK,210390
256912,90,206,5638,2003,5461.0,39227.0,0.364688,1.4823959999999998,GRC,SVK,210390
256913,100,206,5638,2003,1778947.0,0.0,0.568394,1.230759,HRV,SVK,210390
256914,102,206,5638,2003,338971.0,1088763.0,1.2003270000000001,1.091407,HUN,SVK,210390
256915,103,206,5638,2003,679.0,0.0,-0.16802,1.7252990000000001,IDN,SVK,210390
256916,111,206,5638,2003,36279.0,0.0,1.399734,1.044608,ITA,SVK,210390
256917,130,206,5638,2003,0.0,16365.0,0.239608,0.517299,LTU,SVK,210390
256918,132,206,5638,2003,0.0,12378.0,0.520772,0.5631689999999999,LVA,SVK,210390
256919,135,206,5638,2003,0.0,1796.0,-0.005154,-0.26107199999999997,MDA,SVK,210390
256920,153,206,5638,2003,4730.0,0.0,0.728804,0.2168,MYS,SVK,210390
256921,162,206,5638,2003,43153.0,0.0,1.168453,1.7085709999999998,NLD,SVK,210390
256922,177,206,5638,2003,1357812.0,103168.0,0.966622,1.664838,POL,SVK,210390
256923,185,206,5638,2003,0.0,1913160.0,0.378379,1.0064620000000002,ROU,SVK,210390
256924,186,206,5638,2003,0.0,49213.0,1.072729,0.338355,RUS,SVK,210390
256925,189,206,5638,2003,55123.0,0.0,0.575326,1.627894,SCG,SVK,210390
256926,207,206,5638,2003,94034.0,0.0,1.6459840000000001,1.014191,SVN,SVK,210390
256927,208,206,5638,2003,4638.0,0.0,2.099224,0.799982,SWE,SVK,210390
256928,216,206,5638,2003,3871.0,0.0,0.43010699999999996,1.607408,THA,SVK,210390
256929,228,206,5638,2003,0.0,15590.0,0.8929389999999999,0.956685,UKR,SVK,210390
256930,231,206,5638,2003,9954.0,1788.0,1.7789220000000001,0.064028,USA,SVK,210390
256931,239,206,5638,2003,8542.0,0.0,-0.633985,0.659696,VNM,SVK,210390
256932,4,207,5638,2003,0.0,2651.0,-0.053595000000000004,0.166034,ALB,SVN,210390
256933,14,207,5638,2003,0.0,26107.0,0.316879,0.9409489999999999,AUS,SVN,210390
256934,15,207,5638,2003,1414610.0,221225.0,1.834977,0.408096,AUT,SVN,210390
256935,18,207,5638,2003,62663.0,1052.0,1.361682,1.39536,BEL,SVN,210390
256936,23,207,5638,2003,17184.0,6052.0,0.43308599999999997,1.7104099999999998,BGR,SVN,210390
256937,26,207,5638,2003,10656.0,1588719.0,0.195667,0.347011,BIH,SVN,210390
256938,28,207,5638,2003,0.0,1336.0,0.847358,0.9307719999999999,BLR,SVN,210390
256939,39,207,5638,2003,0.0,73614.0,0.9791540000000001,1.185081,CAN,SVN,210390
256940,41,207,5638,2003,1031596.0,26248.0,2.151037,0.711217,CHE,SVN,210390
256941,43,207,5638,2003,1162.0,0.0,0.579431,2.773139,CHN,SVN,210390
256942,59,207,5638,2003,33846.0,57562.0,1.555749,0.8662059999999999,CZE,SVN,210390
256943,61,207,5638,2003,415379.0,22664.0,2.2821919999999998,-2.0985150000000004,DEU,SVN,210390
256944,77,207,5638,2003,4149.0,0.0,1.606606,0.7394149999999999,FRA,SVN,210390
256945,81,207,5638,2003,20623.0,0.0,1.8712540000000002,0.706205,GBR,SVN,210390
256946,100,207,5638,2003,2947588.0,2618943.0,0.568394,1.230759,HRV,SVN,210390
256947,102,207,5638,2003,150761.0,1302.0,1.2003270000000001,1.091407,HUN,SVN,210390
256948,108,207,5638,2003,0.0,8287.0,-0.398557,-0.774153,IRQ,SVN,210390
256949,111,207,5638,2003,527252.0,8891.0,1.399734,1.044608,ITA,SVN,210390
256950,114,207,5638,2003,2296.0,0.0,2.4686630000000003,0.48072600000000004,JPN,SVN,210390
256951,130,207,5638,2003,0.0,33802.0,0.239608,0.517299,LTU,SVN,210390
256952,138,207,5638,2003,24097.0,0.0,0.862509,0.756684,MEX,SVN,210390
256953,140,207,5638,2003,278254.0,484526.0,-0.017632,0.225394,MKD,SVN,210390
256954,162,207,5638,2003,321023.0,0.0,1.168453,1.7085709999999998,NLD,SVN,210390
256955,163,207,5638,2003,0.0,1849.0,1.1500620000000001,0.258554,NOR,SVN,210390
256956,177,207,5638,2003,0.0,241203.0,0.966622,1.664838,POL,SVN,210390
256957,185,207,5638,2003,0.0,4120.0,0.378379,1.0064620000000002,ROU,SVN,210390
256958,186,207,5638,2003,0.0,21584.0,1.072729,0.338355,RUS,SVN,210390
256959,189,207,5638,2003,37150.0,166450.0,0.575326,1.627894,SCG,SVN,210390
256960,206,207,5638,2003,0.0,94034.0,1.22565,0.915518,SVK,SVN,210390
256961,208,207,5638,2003,0.0,216013.0,2.099224,0.799982,SWE,SVN,210390
256962,216,207,5638,2003,5520.0,0.0,0.43010699999999996,1.607408,THA,SVN,210390
256963,224,207,5638,2003,0.0,18972.0,0.192802,1.9855060000000002,TUR,SVN,210390
256964,231,207,5638,2003,16901.0,32220.0,1.7789220000000001,0.064028,USA,SVN,210390
256965,9,212,5638,2003,0.0,4544.0,0.497521,-0.305788,ARM,SYR,210390
256966,18,212,5638,2003,0.0,983.0,1.361682,1.39536,BEL,SYR,210390
256967,42,212,5638,2003,0.0,1255.0,-0.06375900000000001,-0.156808,CHL,SYR,210390
256968,61,212,5638,2003,176479.0,0.0,2.2821919999999998,-2.0985150000000004,DEU,SYR,210390
256969,64,212,5638,2003,0.0,8800.0,1.309564,1.245596,DNK,SYR,210390
256970,68,212,5638,2003,77722.0,0.0,-0.292923,0.465433,EGY,SYR,210390
256971,77,212,5638,2003,47942.0,0.0,1.606606,0.7394149999999999,FRA,SYR,210390
256972,81,212,5638,2003,220595.0,5848.0,1.8712540000000002,0.706205,GBR,SYR,210390
256973,90,212,5638,2003,15458.0,0.0,0.364688,1.4823959999999998,GRC,SYR,210390
256974,104,212,5638,2003,0.0,1417.0,0.33014099999999996,2.836003,IND,SYR,210390
256975,111,212,5638,2003,0.0,1931.0,1.399734,1.044608,ITA,SYR,210390
256976,113,212,5638,2003,0.0,9990.0,0.12295,0.377031,JOR,SYR,210390
256977,114,212,5638,2003,2961.0,0.0,2.4686630000000003,0.48072600000000004,JPN,SYR,210390
256978,122,212,5638,2003,0.0,18623.0,-0.7943640000000001,-1.1529770000000001,KWT,SYR,210390
256979,124,212,5638,2003,1281.0,11531.0,0.261687,1.053856,LBN,SYR,210390
256980,128,212,5638,2003,0.0,4597.0,-0.618057,0.101931,LKA,SYR,210390
256981,134,212,5638,2003,0.0,5831.0,-0.6842050000000001,-0.217892,MAR,SYR,210390
256982,138,212,5638,2003,0.0,1987.0,0.862509,0.756684,MEX,SYR,210390
256983,153,212,5638,2003,278090.0,0.0,0.728804,0.2168,MYS,SYR,210390
256984,162,212,5638,2003,12656.0,2935.0,1.168453,1.7085709999999998,NLD,SYR,210390
256985,167,212,5638,2003,10881.0,14743.0,-1.434873,-1.188123,OMN,SYR,210390
256986,186,212,5638,2003,0.0,965.0,1.072729,0.338355,RUS,SYR,210390
256987,188,212,5638,2003,41562.0,141464.0,0.202286,-0.714691,SAU,SYR,210390
256988,190,212,5638,2003,0.0,8882.0,-1.3535059999999999,-1.1701409999999999,SDN,SYR,210390
256989,208,212,5638,2003,0.0,3028.0,2.099224,0.799982,SWE,SYR,210390
256990,231,212,5638,2003,0.0,1942.0,1.7789220000000001,0.064028,USA,SYR,210390
256991,250,212,5638,2003,380567.0,0.0,0.45951499999999995,-0.2312,ANS,SYR,210390
256992,14,223,5638,2003,0.0,3205.0,0.316879,0.9409489999999999,AUS,TUN,210390
256993,15,223,5638,2003,158116.0,958.0,1.834977,0.408096,AUT,TUN,210390
256994,18,223,5638,2003,3788.0,272734.0,1.361682,1.39536,BEL,TUN,210390
256995,41,223,5638,2003,0.0,4463.0,2.151037,0.711217,CHE,TUN,210390
256996,59,223,5638,2003,0.0,712.0,1.555749,0.8662059999999999,CZE,TUN,210390
256997,61,223,5638,2003,97443.0,189854.0,2.2821919999999998,-2.0985150000000004,DEU,TUN,210390
256998,66,223,5638,2003,21953.0,0.0,-1.060727,-1.142594,DZA,TUN,210390
256999,71,223,5638,2003,116770.0,11407.0,0.960684,2.074792,ESP,TUN,210390
257000,77,223,5638,2003,120188.0,1944994.0,1.606606,0.7394149999999999,FRA,TUN,210390
257001,81,223,5638,2003,3263.0,0.0,1.8712540000000002,0.706205,GBR,TUN,210390
257002,111,223,5638,2003,0.0,129719.0,1.399734,1.044608,ITA,TUN,210390
257003,114,223,5638,2003,801.0,9126.0,2.4686630000000003,0.48072600000000004,JPN,TUN,210390
257004,142,223,5638,2003,0.0,3213.0,1.2138149999999999,-0.015687,MLT,TUN,210390
257005,162,223,5638,2003,9075.0,0.0,1.168453,1.7085709999999998,NLD,TUN,210390
257006,163,223,5638,2003,0.0,1500.0,1.1500620000000001,0.258554,NOR,TUN,210390
257007,167,223,5638,2003,0.0,37518.0,-1.434873,-1.188123,OMN,TUN,210390
257008,182,223,5638,2003,0.0,543.0,-0.255707,-0.676557,PYF,TUN,210390
257009,208,223,5638,2003,0.0,35073.0,2.099224,0.799982,SWE,TUN,210390
257010,231,223,5638,2003,24963.0,0.0,1.7789220000000001,0.064028,USA,TUN,210390
257011,250,223,5638,2003,0.0,68729.0,0.45951499999999995,-0.2312,ANS,TUN,210390
257012,9,228,5638,2003,0.0,2570.0,0.497521,-0.305788,ARM,UKR,210390
257013,15,228,5638,2003,4352384.0,22416.0,1.834977,0.408096,AUT,UKR,210390
257014,16,228,5638,2003,1882.0,3471.0,-0.304606,-0.975453,AZE,UKR,210390
257015,18,228,5638,2003,8095.0,0.0,1.361682,1.39536,BEL,UKR,210390
257016,23,228,5638,2003,0.0,10512.0,0.43308599999999997,1.7104099999999998,BGR,UKR,210390
257017,28,228,5638,2003,0.0,679955.0,0.847358,0.9307719999999999,BLR,UKR,210390
257018,39,228,5638,2003,0.0,3087.0,0.9791540000000001,1.185081,CAN,UKR,210390
257019,41,228,5638,2003,20658.0,0.0,2.151037,0.711217,CHE,UKR,210390
257020,43,228,5638,2003,46222.0,0.0,0.579431,2.773139,CHN,UKR,210390
257021,59,228,5638,2003,285962.0,0.0,1.555749,0.8662059999999999,CZE,UKR,210390
257022,61,228,5638,2003,2099928.0,29683.0,2.2821919999999998,-2.0985150000000004,DEU,UKR,210390
257023,64,228,5638,2003,53812.0,0.0,1.309564,1.245596,DNK,UKR,210390
257024,71,228,5638,2003,22440.0,0.0,0.960684,2.074792,ESP,UKR,210390
257025,72,228,5638,2003,30976.0,46814.0,0.5913010000000001,0.8489979999999999,EST,UKR,210390
257026,81,228,5638,2003,246067.0,0.0,1.8712540000000002,0.706205,GBR,UKR,210390
257027,82,228,5638,2003,24590.0,0.0,0.595485,-0.25939,GEO,UKR,210390
257028,100,228,5638,2003,206349.0,0.0,0.568394,1.230759,HRV,UKR,210390
257029,102,228,5638,2003,51421.0,0.0,1.2003270000000001,1.091407,HUN,UKR,210390
257030,110,228,5638,2003,403702.0,5910.0,1.157809,0.682195,ISR,UKR,210390
257031,111,228,5638,2003,25741.0,0.0,1.399734,1.044608,ITA,UKR,210390
257032,115,228,5638,2003,0.0,25270.0,-0.156326,-0.62092,KAZ,UKR,210390
257033,121,228,5638,2003,14258.0,0.0,1.2611709999999998,0.956308,KOR,UKR,210390
257034,130,228,5638,2003,7342.0,0.0,0.239608,0.517299,LTU,UKR,210390
257035,135,228,5638,2003,0.0,1428645.0,-0.005154,-0.26107199999999997,MDA,UKR,210390
257036,162,228,5638,2003,83458.0,0.0,1.168453,1.7085709999999998,NLD,UKR,210390
257037,163,228,5638,2003,243350.0,0.0,1.1500620000000001,0.258554,NOR,UKR,210390
257038,177,228,5638,2003,2827462.0,0.0,0.966622,1.664838,POL,UKR,210390
257039,185,228,5638,2003,0.0,2527.0,0.378379,1.0064620000000002,ROU,UKR,210390
257040,186,228,5638,2003,1605130.0,803850.0,1.072729,0.338355,RUS,UKR,210390
257041,192,228,5638,2003,1767.0,0.0,1.5080799999999999,0.720337,SGP,UKR,210390
257042,206,228,5638,2003,15590.0,0.0,1.22565,0.915518,SVK,UKR,210390
257043,208,228,5638,2003,181810.0,1858.0,2.099224,0.799982,SWE,UKR,210390
257044,216,228,5638,2003,634.0,0.0,0.43010699999999996,1.607408,THA,UKR,210390
257045,231,228,5638,2003,13767.0,2289.0,1.7789220000000001,0.064028,USA,UKR,210390
257046,239,228,5638,2003,3547.0,0.0,-0.633985,0.659696,VNM,UKR,210390
257047,246,228,5638,2003,808.0,0.0,0.477987,2.255395,ZAF,UKR,210390
257048,18,19,5638,2003,17498.0,0.0,1.361682,1.39536,BEL,BEN,210390
257049,43,19,5638,2003,15320.0,0.0,0.579431,2.773139,CHN,BEN,210390
257050,49,19,5638,2003,2155.0,0.0,0.218336,0.376869,COL,BEN,210390
257051,71,19,5638,2003,1166.0,0.0,0.960684,2.074792,ESP,BEN,210390
257052,77,19,5638,2003,425610.0,0.0,1.606606,0.7394149999999999,FRA,BEN,210390
257053,83,19,5638,2003,27824.0,0.0,-1.074188,-0.7127319999999999,GHA,BEN,210390
257054,162,19,5638,2003,63291.0,0.0,1.168453,1.7085709999999998,NLD,BEN,210390
257055,215,19,5638,2003,30145.0,0.0,-0.5058590000000001,-0.520586,TGO,BEN,210390
257056,231,19,5638,2003,177419.0,0.0,1.7789220000000001,0.064028,USA,BEN,210390
257057,43,37,5638,2003,3825.0,0.0,0.579431,2.773139,CHN,BWA,210390
257058,104,37,5638,2003,675.0,0.0,0.33014099999999996,2.836003,IND,BWA,210390
257059,155,37,5638,2003,1681.0,0.0,-0.24004499999999998,-0.39565900000000004,NAM,BWA,210390
257060,246,37,5638,2003,15638952.0,7725.0,0.477987,2.255395,ZAF,BWA,210390
257061,248,37,5638,2003,29845.0,0.0,-0.366539,-0.18906199999999998,ZWE,BWA,210390
257062,18,44,5638,2003,27433.0,7207.0,1.361682,1.39536,BEL,CIV,210390
257063,21,44,5638,2003,0.0,186177.0,-0.9365690000000001,-0.9699409999999999,BFA,CIV,210390
257064,39,44,5638,2003,0.0,8996.0,0.9791540000000001,1.185081,CAN,CIV,210390
257065,43,44,5638,2003,4673.0,0.0,0.579431,2.773139,CHN,CIV,210390
257066,45,44,5638,2003,0.0,91078.0,-1.254788,-1.10897,CMR,CIV,210390
257067,61,44,5638,2003,245748.0,0.0,2.2821919999999998,-2.0985150000000004,DEU,CIV,210390
257068,71,44,5638,2003,15532.0,0.0,0.960684,2.074792,ESP,CIV,210390
257069,77,44,5638,2003,233143.0,740050.0,1.606606,0.7394149999999999,FRA,CIV,210390
257070,81,44,5638,2003,284060.0,0.0,1.8712540000000002,0.706205,GBR,CIV,210390
257071,83,44,5638,2003,7671.0,754681.0,-1.074188,-0.7127319999999999,GHA,CIV,210390
257072,85,44,5638,2003,0.0,53899.0,-2.14752,-1.250048,GIN,CIV,210390
257073,97,44,5638,2003,805.0,0.0,0.494569,2.147062,HKG,CIV,210390
257074,104,44,5638,2003,1061.0,0.0,0.33014099999999996,2.836003,IND,CIV,210390
257075,111,44,5638,2003,29191.0,0.0,1.399734,1.044608,ITA,CIV,210390
257076,121,44,5638,2003,2723.0,0.0,1.2611709999999998,0.956308,KOR,CIV,210390
257077,124,44,5638,2003,3193.0,0.0,0.261687,1.053856,LBN,CIV,210390
257078,141,44,5638,2003,0.0,342935.0,-0.786411,-0.879049,MLI,CIV,210390
257079,157,44,5638,2003,0.0,100156.0,-0.199296,-0.578264,NER,CIV,210390
257080,162,44,5638,2003,25699.0,0.0,1.168453,1.7085709999999998,NLD,CIV,210390
257081,191,44,5638,2003,10360.0,156453.0,-0.25203600000000004,-0.25549299999999997,SEN,CIV,210390
257082,196,44,5638,2003,0.0,2956.0,0.129923,-0.19926300000000002,SLE,CIV,210390
257083,215,44,5638,2003,0.0,171587.0,-0.5058590000000001,-0.520586,TGO,CIV,210390
257084,216,44,5638,2003,1424.0,17974.0,0.43010699999999996,1.607408,THA,CIV,210390
257085,231,44,5638,2003,152141.0,21732.0,1.7789220000000001,0.064028,USA,CIV,210390
257086,239,44,5638,2003,2196.0,0.0,-0.633985,0.659696,VNM,CIV,210390
257087,246,44,5638,2003,3258.0,19359.0,0.477987,2.255395,ZAF,CIV,210390
257088,250,44,5638,2003,2963.0,0.0,0.45951499999999995,-0.2312,ANS,CIV,210390
257089,18,45,5638,2003,29740.0,2704.0,1.361682,1.39536,BEL,CMR,210390
257090,38,45,5638,2003,0.0,16042.0,-1.342769,-0.905425,CAF,CMR,210390
257091,43,45,5638,2003,4721.0,0.0,0.579431,2.773139,CHN,CMR,210390
257092,44,45,5638,2003,91078.0,0.0,-0.699928,-0.723739,CIV,CMR,210390
257093,47,45,5638,2003,0.0,32264.0,-1.6789619999999998,-1.182557,COG,CMR,210390
257094,61,45,5638,2003,4526.0,0.0,2.2821919999999998,-2.0985150000000004,DEU,CMR,210390
257095,77,45,5638,2003,1320931.0,71288.0,1.606606,0.7394149999999999,FRA,CMR,210390
257096,80,45,5638,2003,0.0,205301.0,-0.92745,-1.138466,GAB,CMR,210390
257097,83,45,5638,2003,0.0,408765.0,-1.074188,-0.7127319999999999,GHA,CMR,210390
257098,89,45,5638,2003,0.0,27764.0,-2.4406529999999997,-0.821155,GNQ,CMR,210390
257099,111,45,5638,2003,3118.0,0.0,1.399734,1.044608,ITA,CMR,210390
257100,124,45,5638,2003,1197.0,0.0,0.261687,1.053856,LBN,CMR,210390
257101,142,45,5638,2003,4091.0,0.0,1.2138149999999999,-0.015687,MLT,CMR,210390
257102,162,45,5638,2003,32439.0,0.0,1.168453,1.7085709999999998,NLD,CMR,210390
257103,203,45,5638,2003,0.0,2049.0,1.046084,-0.183027,STP,CMR,210390
257104,214,45,5638,2003,0.0,33861.0,-0.263238,-0.6801189999999999,TCD,CMR,210390
257105,224,45,5638,2003,3212.0,0.0,0.192802,1.9855060000000002,TUR,CMR,210390
257106,231,45,5638,2003,115536.0,0.0,1.7789220000000001,0.064028,USA,CMR,210390
257107,250,45,5638,2003,130355.0,0.0,0.45951499999999995,-0.2312,ANS,CMR,210390
257108,7,58,5638,2003,1434.0,0.0,0.049637,-0.502691,ARE,CYP,210390
257109,14,58,5638,2003,1489.0,0.0,0.316879,0.9409489999999999,AUS,CYP,210390
257110,15,58,5638,2003,13609.0,0.0,1.834977,0.408096,AUT,CYP,210390
257111,18,58,5638,2003,163210.0,0.0,1.361682,1.39536,BEL,CYP,210390
257112,23,58,5638,2003,0.0,1410.0,0.43308599999999997,1.7104099999999998,BGR,CYP,210390
257113,39,58,5638,2003,4247.0,0.0,0.9791540000000001,1.185081,CAN,CYP,210390
257114,41,58,5638,2003,20716.0,0.0,2.151037,0.711217,CHE,CYP,210390
257115,43,58,5638,2003,2756.0,0.0,0.579431,2.773139,CHN,CYP,210390
257116,59,58,5638,2003,6323.0,0.0,1.555749,0.8662059999999999,CZE,CYP,210390
257117,61,58,5638,2003,503491.0,18916.0,2.2821919999999998,-2.0985150000000004,DEU,CYP,210390
257118,64,58,5638,2003,1814.0,0.0,1.309564,1.245596,DNK,CYP,210390
257119,71,58,5638,2003,264651.0,0.0,0.960684,2.074792,ESP,CYP,210390
257120,72,58,5638,2003,2671.0,0.0,0.5913010000000001,0.8489979999999999,EST,CYP,210390
257121,77,58,5638,2003,28417.0,0.0,1.606606,0.7394149999999999,FRA,CYP,210390
257122,81,58,5638,2003,820342.0,16522.0,1.8712540000000002,0.706205,GBR,CYP,210390
257123,90,58,5638,2003,562347.0,1344.0,0.364688,1.4823959999999998,GRC,CYP,210390
257124,97,58,5638,2003,42408.0,0.0,0.494569,2.147062,HKG,CYP,210390
257125,106,58,5638,2003,22881.0,0.0,1.6396130000000002,0.220599,IRL,CYP,210390
257126,110,58,5638,2003,23259.0,0.0,1.157809,0.682195,ISR,CYP,210390
257127,111,58,5638,2003,93834.0,0.0,1.399734,1.044608,ITA,CYP,210390
257128,114,58,5638,2003,4662.0,0.0,2.4686630000000003,0.48072600000000004,JPN,CYP,210390
257129,122,58,5638,2003,0.0,6634.0,-0.7943640000000001,-1.1529770000000001,KWT,CYP,210390
257130,124,58,5638,2003,0.0,1864.0,0.261687,1.053856,LBN,CYP,210390
257131,142,58,5638,2003,47423.0,0.0,1.2138149999999999,-0.015687,MLT,CYP,210390
257132,149,58,5638,2003,6182.0,0.0,0.383768,-0.320867,MSR,CYP,210390
257133,153,58,5638,2003,1895.0,0.0,0.728804,0.2168,MYS,CYP,210390
257134,162,58,5638,2003,264132.0,0.0,1.168453,1.7085709999999998,NLD,CYP,210390
257135,174,58,5638,2003,2430.0,0.0,-0.065022,-0.195144,PHL,CYP,210390
257136,185,58,5638,2003,1216.0,0.0,0.378379,1.0064620000000002,ROU,CYP,210390
257137,192,58,5638,2003,45409.0,32917.0,1.5080799999999999,0.720337,SGP,CYP,210390
257138,208,58,5638,2003,12651.0,0.0,2.099224,0.799982,SWE,CYP,210390
257139,216,58,5638,2003,37760.0,0.0,0.43010699999999996,1.607408,THA,CYP,210390
257140,224,58,5638,2003,433263.0,0.0,0.192802,1.9855060000000002,TUR,CYP,210390
257141,231,58,5638,2003,54316.0,0.0,1.7789220000000001,0.064028,USA,CYP,210390
257142,246,58,5638,2003,7905.0,0.0,0.477987,2.255395,ZAF,CYP,210390
257143,15,72,5638,2003,140424.0,0.0,1.834977,0.408096,AUT,EST,210390
257144,18,72,5638,2003,22531.0,0.0,1.361682,1.39536,BEL,EST,210390
257145,28,72,5638,2003,0.0,11846.0,0.847358,0.9307719999999999,BLR,EST,210390
257146,41,72,5638,2003,12693.0,0.0,2.151037,0.711217,CHE,EST,210390
257147,43,72,5638,2003,16097.0,0.0,0.579431,2.773139,CHN,EST,210390
257148,58,72,5638,2003,0.0,2671.0,0.259992,0.068914,CYP,EST,210390
257149,59,72,5638,2003,270356.0,0.0,1.555749,0.8662059999999999,CZE,EST,210390
257150,61,72,5638,2003,407338.0,8333.0,2.2821919999999998,-2.0985150000000004,DEU,EST,210390
257151,64,72,5638,2003,1130.0,0.0,1.309564,1.245596,DNK,EST,210390
257152,71,72,5638,2003,11734.0,0.0,0.960684,2.074792,ESP,EST,210390
257153,74,72,5638,2003,1795769.0,629110.0,2.077889,0.942501,FIN,EST,210390
257154,77,72,5638,2003,4280.0,0.0,1.606606,0.7394149999999999,FRA,EST,210390
257155,81,72,5638,2003,34403.0,1170.0,1.8712540000000002,0.706205,GBR,EST,210390
257156,100,72,5638,2003,68657.0,0.0,0.568394,1.230759,HRV,EST,210390
257157,102,72,5638,2003,6066.0,0.0,1.2003270000000001,1.091407,HUN,EST,210390
257158,104,72,5638,2003,2101.0,0.0,0.33014099999999996,2.836003,IND,EST,210390
257159,111,72,5638,2003,8715.0,0.0,1.399734,1.044608,ITA,EST,210390
257160,114,72,5638,2003,910.0,0.0,2.4686630000000003,0.48072600000000004,JPN,EST,210390
257161,115,72,5638,2003,0.0,17738.0,-0.156326,-0.62092,KAZ,EST,210390
257162,121,72,5638,2003,3147.0,0.0,1.2611709999999998,0.956308,KOR,EST,210390
257163,125,72,5638,2003,0.0,4056.0,0.026117,-1.03888,LBR,EST,210390
257164,130,72,5638,2003,213954.0,559766.0,0.239608,0.517299,LTU,EST,210390
257165,132,72,5638,2003,96045.0,692233.0,0.520772,0.5631689999999999,LVA,EST,210390
257166,138,72,5638,2003,614.0,0.0,0.862509,0.756684,MEX,EST,210390
257167,142,72,5638,2003,0.0,5036.0,1.2138149999999999,-0.015687,MLT,EST,210390
257168,162,72,5638,2003,81933.0,0.0,1.168453,1.7085709999999998,NLD,EST,210390
257169,163,72,5638,2003,0.0,2029.0,1.1500620000000001,0.258554,NOR,EST,210390
257170,169,72,5638,2003,0.0,855.0,-0.050386,-0.039619999999999995,PAN,EST,210390
257171,177,72,5638,2003,378525.0,0.0,0.966622,1.664838,POL,EST,210390
257172,179,72,5638,2003,735.0,0.0,0.471376,1.647303,PRT,EST,210390
257173,186,72,5638,2003,8575.0,91792.0,1.072729,0.338355,RUS,EST,210390
257174,206,72,5638,2003,19257.0,0.0,1.22565,0.915518,SVK,EST,210390
257175,208,72,5638,2003,783103.0,62460.0,2.099224,0.799982,SWE,EST,210390
257176,216,72,5638,2003,16147.0,0.0,0.43010699999999996,1.607408,THA,EST,210390
257177,228,72,5638,2003,46814.0,30976.0,0.8929389999999999,0.956685,UKR,EST,210390
257178,231,72,5638,2003,50917.0,0.0,1.7789220000000001,0.064028,USA,EST,210390
257179,234,72,5638,2003,0.0,1869.0,-0.355758,-0.679181,VCT,EST,210390
257180,250,72,5638,2003,2728328.0,0.0,0.45951499999999995,-0.2312,ANS,EST,210390
257181,7,80,5638,2003,3846.0,0.0,0.049637,-0.502691,ARE,GAB,210390
257182,18,80,5638,2003,749529.0,0.0,1.361682,1.39536,BEL,GAB,210390
257183,43,80,5638,2003,3529.0,0.0,0.579431,2.773139,CHN,GAB,210390
257184,45,80,5638,2003,205301.0,0.0,-1.254788,-1.10897,CMR,GAB,210390
257185,61,80,5638,2003,45873.0,0.0,2.2821919999999998,-2.0985150000000004,DEU,GAB,210390
257186,71,80,5638,2003,33517.0,0.0,0.960684,2.074792,ESP,GAB,210390
257187,77,80,5638,2003,1230928.0,0.0,1.606606,0.7394149999999999,FRA,GAB,210390
257188,81,80,5638,2003,991.0,0.0,1.8712540000000002,0.706205,GBR,GAB,210390
257189,97,80,5638,2003,809.0,0.0,0.494569,2.147062,HKG,GAB,210390
257190,162,80,5638,2003,359945.0,0.0,1.168453,1.7085709999999998,NLD,GAB,210390
257191,231,80,5638,2003,31279.0,0.0,1.7789220000000001,0.064028,USA,GAB,210390
257192,246,80,5638,2003,59869.0,0.0,0.477987,2.255395,ZAF,GAB,210390
257193,14,118,5638,2003,17269.0,24307.0,0.316879,0.9409489999999999,AUS,KHM,210390
257194,43,118,5638,2003,23152.0,0.0,0.579431,2.773139,CHN,KHM,210390
257195,77,118,5638,2003,9242.0,0.0,1.606606,0.7394149999999999,FRA,KHM,210390
257196,97,118,5638,2003,98540.0,0.0,0.494569,2.147062,HKG,KHM,210390
257197,104,118,5638,2003,1054.0,0.0,0.33014099999999996,2.836003,IND,KHM,210390
257198,121,118,5638,2003,7609.0,0.0,1.2611709999999998,0.956308,KOR,KHM,210390
257199,153,118,5638,2003,4935.0,0.0,0.728804,0.2168,MYS,KHM,210390
257200,166,118,5638,2003,305.0,0.0,0.589619,0.997301,NZL,KHM,210390
257201,192,118,5638,2003,39679.0,0.0,1.5080799999999999,0.720337,SGP,KHM,210390
257202,216,118,5638,2003,2505381.0,0.0,0.43010699999999996,1.607408,THA,KHM,210390
257203,231,118,5638,2003,18524.0,0.0,1.7789220000000001,0.064028,USA,KHM,210390
257204,239,118,5638,2003,48805.0,0.0,-0.633985,0.659696,VNM,KHM,210390
257205,8,130,5638,2003,19526.0,0.0,0.302073,0.49069700000000005,ARG,LTU,210390
257206,15,130,5638,2003,1849276.0,0.0,1.834977,0.408096,AUT,LTU,210390
257207,18,130,5638,2003,39059.0,0.0,1.361682,1.39536,BEL,LTU,210390
257208,28,130,5638,2003,0.0,3321.0,0.847358,0.9307719999999999,BLR,LTU,210390
257209,41,130,5638,2003,8578.0,0.0,2.151037,0.711217,CHE,LTU,210390
257210,43,130,5638,2003,238847.0,0.0,0.579431,2.773139,CHN,LTU,210390
257211,59,130,5638,2003,973880.0,0.0,1.555749,0.8662059999999999,CZE,LTU,210390
257212,61,130,5638,2003,2903837.0,90562.0,2.2821919999999998,-2.0985150000000004,DEU,LTU,210390
257213,64,130,5638,2003,7249.0,0.0,1.309564,1.245596,DNK,LTU,210390
257214,71,130,5638,2003,2009.0,0.0,0.960684,2.074792,ESP,LTU,210390
257215,72,130,5638,2003,559766.0,213954.0,0.5913010000000001,0.8489979999999999,EST,LTU,210390
257216,74,130,5638,2003,42882.0,13209.0,2.077889,0.942501,FIN,LTU,210390
257217,77,130,5638,2003,27617.0,0.0,1.606606,0.7394149999999999,FRA,LTU,210390
257218,81,130,5638,2003,40078.0,15690.0,1.8712540000000002,0.706205,GBR,LTU,210390
257219,97,130,5638,2003,2224.0,0.0,0.494569,2.147062,HKG,LTU,210390
257220,100,130,5638,2003,126806.0,3537.0,0.568394,1.230759,HRV,LTU,210390
257221,102,130,5638,2003,15214.0,28698.0,1.2003270000000001,1.091407,HUN,LTU,210390
257222,103,130,5638,2003,6459.0,0.0,-0.16802,1.7252990000000001,IDN,LTU,210390
257223,106,130,5638,2003,0.0,10889.0,1.6396130000000002,0.220599,IRL,LTU,210390
257224,109,130,5638,2003,10491.0,0.0,0.21902800000000003,-0.40818499999999996,ISL,LTU,210390
257225,111,130,5638,2003,9267.0,0.0,1.399734,1.044608,ITA,LTU,210390
257226,114,130,5638,2003,3808.0,0.0,2.4686630000000003,0.48072600000000004,JPN,LTU,210390
257227,115,130,5638,2003,0.0,45609.0,-0.156326,-0.62092,KAZ,LTU,210390
257228,121,130,5638,2003,7043.0,0.0,1.2611709999999998,0.956308,KOR,LTU,210390
257229,132,130,5638,2003,447371.0,787143.0,0.520772,0.5631689999999999,LVA,LTU,210390
257230,162,130,5638,2003,124273.0,0.0,1.168453,1.7085709999999998,NLD,LTU,210390
257231,177,130,5638,2003,9939943.0,22669.0,0.966622,1.664838,POL,LTU,210390
257232,186,130,5638,2003,145657.0,90459.0,1.072729,0.338355,RUS,LTU,210390
257233,206,130,5638,2003,16365.0,0.0,1.22565,0.915518,SVK,LTU,210390
257234,207,130,5638,2003,33802.0,0.0,1.6459840000000001,1.014191,SVN,LTU,210390
257235,208,130,5638,2003,36600.0,2207.0,2.099224,0.799982,SWE,LTU,210390
257236,216,130,5638,2003,10178.0,0.0,0.43010699999999996,1.607408,THA,LTU,210390
257237,228,130,5638,2003,0.0,7342.0,0.8929389999999999,0.956685,UKR,LTU,210390
257238,231,130,5638,2003,15662.0,53389.0,1.7789220000000001,0.064028,USA,LTU,210390
257239,15,131,5638,2003,34734.0,10084.0,1.834977,0.408096,AUT,LUX,210390
257240,18,131,5638,2003,4745953.0,77198.0,1.361682,1.39536,BEL,LUX,210390
257241,41,131,5638,2003,132412.0,0.0,2.151037,0.711217,CHE,LUX,210390
257242,46,131,5638,2003,0.0,1202.0,-1.366232,-1.0778860000000001,COD,LUX,210390
257243,61,131,5638,2003,1774534.0,22815.0,2.2821919999999998,-2.0985150000000004,DEU,LUX,210390
257244,64,131,5638,2003,1511.0,2673.0,1.309564,1.245596,DNK,LUX,210390
257245,71,131,5638,2003,1919.0,0.0,0.960684,2.074792,ESP,LUX,210390
257246,77,131,5638,2003,685568.0,6533.0,1.606606,0.7394149999999999,FRA,LUX,210390
257247,81,131,5638,2003,2016.0,0.0,1.8712540000000002,0.706205,GBR,LUX,210390
257248,90,131,5638,2003,0.0,3356.0,0.364688,1.4823959999999998,GRC,LUX,210390
257249,111,131,5638,2003,225442.0,0.0,1.399734,1.044608,ITA,LUX,210390
257250,162,131,5638,2003,133040.0,8625.0,1.168453,1.7085709999999998,NLD,LUX,210390
257251,179,131,5638,2003,25786.0,0.0,0.471376,1.647303,PRT,LUX,210390
257252,208,131,5638,2003,1147.0,0.0,2.099224,0.799982,SWE,LUX,210390
257253,18,134,5638,2003,10454.0,0.0,1.361682,1.39536,BEL,MAR,210390
257254,39,134,5638,2003,0.0,1175.0,0.9791540000000001,1.185081,CAN,MAR,210390
257255,41,134,5638,2003,2361.0,0.0,2.151037,0.711217,CHE,MAR,210390
257256,43,134,5638,2003,15006.0,0.0,0.579431,2.773139,CHN,MAR,210390
257257,61,134,5638,2003,250120.0,0.0,2.2821919999999998,-2.0985150000000004,DEU,MAR,210390
257258,68,134,5638,2003,6195.0,0.0,-0.292923,0.465433,EGY,MAR,210390
257259,71,134,5638,2003,55167.0,47764.0,0.960684,2.074792,ESP,MAR,210390
257260,77,134,5638,2003,225229.0,1324.0,1.606606,0.7394149999999999,FRA,MAR,210390
257261,81,134,5638,2003,6971.0,23201.0,1.8712540000000002,0.706205,GBR,MAR,210390
257262,85,134,5638,2003,9560.0,0.0,-2.14752,-1.250048,GIN,MAR,210390
257263,111,134,5638,2003,38679.0,0.0,1.399734,1.044608,ITA,MAR,210390
257264,114,134,5638,2003,1889.0,0.0,2.4686630000000003,0.48072600000000004,JPN,MAR,210390
257265,121,134,5638,2003,28437.0,0.0,1.2611709999999998,0.956308,KOR,MAR,210390
257266,122,134,5638,2003,0.0,648.0,-0.7943640000000001,-1.1529770000000001,KWT,MAR,210390
257267,148,134,5638,2003,0.0,1818.0,-1.069232,-1.184061,MRT,MAR,210390
257268,157,134,5638,2003,0.0,22383.0,-0.199296,-0.578264,NER,MAR,210390
257269,162,134,5638,2003,73884.0,0.0,1.168453,1.7085709999999998,NLD,MAR,210390
257270,167,134,5638,2003,0.0,14700.0,-1.434873,-1.188123,OMN,MAR,210390
257271,191,134,5638,2003,0.0,3599.0,-0.25203600000000004,-0.25549299999999997,SEN,MAR,210390
257272,212,134,5638,2003,5831.0,0.0,-0.868749,-0.326322,SYR,MAR,210390
257273,216,134,5638,2003,17850.0,0.0,0.43010699999999996,1.607408,THA,MAR,210390
257274,224,134,5638,2003,14014.0,0.0,0.192802,1.9855060000000002,TUR,MAR,210390
257275,231,134,5638,2003,101193.0,0.0,1.7789220000000001,0.064028,USA,MAR,210390
257276,249,134,5638,2003,0.0,25375.0,1.5924040000000002,1.397843,TWN,MAR,210390
257277,15,135,5638,2003,65990.0,0.0,1.834977,0.408096,AUT,MDA,210390
257278,59,135,5638,2003,17806.0,0.0,1.555749,0.8662059999999999,CZE,MDA,210390
257279,61,135,5638,2003,42146.0,9379.0,2.2821919999999998,-2.0985150000000004,DEU,MDA,210390
257280,71,135,5638,2003,2011.0,0.0,0.960684,2.074792,ESP,MDA,210390
257281,74,135,5638,2003,1008.0,0.0,2.077889,0.942501,FIN,MDA,210390
257282,77,135,5638,2003,2024.0,0.0,1.606606,0.7394149999999999,FRA,MDA,210390
257283,111,135,5638,2003,1884.0,0.0,1.399734,1.044608,ITA,MDA,210390
257284,162,135,5638,2003,5003.0,0.0,1.168453,1.7085709999999998,NLD,MDA,210390
257285,177,135,5638,2003,123067.0,0.0,0.966622,1.664838,POL,MDA,210390
257286,185,135,5638,2003,71404.0,0.0,0.378379,1.0064620000000002,ROU,MDA,210390
257287,186,135,5638,2003,955081.0,0.0,1.072729,0.338355,RUS,MDA,210390
257288,206,135,5638,2003,1796.0,0.0,1.22565,0.915518,SVK,MDA,210390
257289,224,135,5638,2003,1729.0,0.0,0.192802,1.9855060000000002,TUR,MDA,210390
257290,228,135,5638,2003,1428645.0,0.0,0.8929389999999999,0.956685,UKR,MDA,210390
257291,7,142,5638,2003,0.0,5217.0,0.049637,-0.502691,ARE,MLT,210390
257292,14,142,5638,2003,1060.0,0.0,0.316879,0.9409489999999999,AUS,MLT,210390
257293,18,142,5638,2003,17134.0,0.0,1.361682,1.39536,BEL,MLT,210390
257294,39,142,5638,2003,5213.0,0.0,0.9791540000000001,1.185081,CAN,MLT,210390
257295,41,142,5638,2003,184545.0,0.0,2.151037,0.711217,CHE,MLT,210390
257296,42,142,5638,2003,954.0,0.0,-0.06375900000000001,-0.156808,CHL,MLT,210390
257297,43,142,5638,2003,23581.0,0.0,0.579431,2.773139,CHN,MLT,210390
257298,45,142,5638,2003,0.0,4091.0,-1.254788,-1.10897,CMR,MLT,210390
257299,58,142,5638,2003,0.0,47423.0,0.259992,0.068914,CYP,MLT,210390
257300,61,142,5638,2003,135485.0,0.0,2.2821919999999998,-2.0985150000000004,DEU,MLT,210390
257301,62,142,5638,2003,0.0,30724.0,-0.41648500000000005,-0.5408350000000001,DJI,MLT,210390
257302,64,142,5638,2003,3328.0,0.0,1.309564,1.245596,DNK,MLT,210390
257303,71,142,5638,2003,222334.0,0.0,0.960684,2.074792,ESP,MLT,210390
257304,72,142,5638,2003,5036.0,0.0,0.5913010000000001,0.8489979999999999,EST,MLT,210390
257305,73,142,5638,2003,0.0,814.0,-1.1145559999999999,-0.9599620000000001,ETH,MLT,210390
257306,77,142,5638,2003,118861.0,0.0,1.606606,0.7394149999999999,FRA,MLT,210390
257307,81,142,5638,2003,1639150.0,21012.0,1.8712540000000002,0.706205,GBR,MLT,210390
257308,85,142,5638,2003,0.0,42061.0,-2.14752,-1.250048,GIN,MLT,210390
257309,97,142,5638,2003,17466.0,0.0,0.494569,2.147062,HKG,MLT,210390
257310,104,142,5638,2003,3527.0,6681.0,0.33014099999999996,2.836003,IND,MLT,210390
257311,106,142,5638,2003,3301.0,0.0,1.6396130000000002,0.220599,IRL,MLT,210390
257312,111,142,5638,2003,199546.0,0.0,1.399734,1.044608,ITA,MLT,210390
257313,113,142,5638,2003,0.0,1661.0,0.12295,0.377031,JOR,MLT,210390
257314,114,142,5638,2003,4203.0,0.0,2.4686630000000003,0.48072600000000004,JPN,MLT,210390
257315,126,142,5638,2003,0.0,137720.0,-0.36075999999999997,-1.110575,LBY,MLT,210390
257316,138,142,5638,2003,1532.0,0.0,0.862509,0.756684,MEX,MLT,210390
257317,153,142,5638,2003,9863.0,0.0,0.728804,0.2168,MYS,MLT,210390
257318,159,142,5638,2003,0.0,1566.0,-1.859176,-1.234236,NGA,MLT,210390
257319,162,142,5638,2003,40469.0,0.0,1.168453,1.7085709999999998,NLD,MLT,210390
257320,163,142,5638,2003,4572.0,0.0,1.1500620000000001,0.258554,NOR,MLT,210390
257321,164,142,5638,2003,0.0,7544.0,-0.26353899999999997,1.351717,NPL,MLT,210390
257322,167,142,5638,2003,0.0,13848.0,-1.434873,-1.188123,OMN,MLT,210390
257323,190,142,5638,2003,0.0,2847.0,-1.3535059999999999,-1.1701409999999999,SDN,MLT,210390
257324,191,142,5638,2003,0.0,3151.0,-0.25203600000000004,-0.25549299999999997,SEN,MLT,210390
257325,192,142,5638,2003,12360.0,20438.0,1.5080799999999999,0.720337,SGP,MLT,210390
257326,196,142,5638,2003,0.0,32760.0,0.129923,-0.19926300000000002,SLE,MLT,210390
257327,215,142,5638,2003,0.0,449.0,-0.5058590000000001,-0.520586,TGO,MLT,210390
257328,216,142,5638,2003,29117.0,0.0,0.43010699999999996,1.607408,THA,MLT,210390
257329,223,142,5638,2003,3213.0,0.0,-0.14845999999999998,0.255092,TUN,MLT,210390
257330,231,142,5638,2003,46995.0,0.0,1.7789220000000001,0.064028,USA,MLT,210390
257331,7,147,5638,2003,4459.0,0.0,0.049637,-0.502691,ARE,MOZ,210390
257332,32,147,5638,2003,1601.0,0.0,0.660576,1.118876,BRA,MOZ,210390
257333,43,147,5638,2003,964.0,0.0,0.579431,2.773139,CHN,MOZ,210390
257334,71,147,5638,2003,1401.0,0.0,0.960684,2.074792,ESP,MOZ,210390
257335,104,147,5638,2003,5468.0,0.0,0.33014099999999996,2.836003,IND,MOZ,210390
257336,111,147,5638,2003,7543.0,0.0,1.399734,1.044608,ITA,MOZ,210390
257337,114,147,5638,2003,4333.0,0.0,2.4686630000000003,0.48072600000000004,JPN,MOZ,210390
257338,179,147,5638,2003,41074.0,0.0,0.471376,1.647303,PRT,MOZ,210390
257339,246,147,5638,2003,1257316.0,0.0,0.477987,2.255395,ZAF,MOZ,210390
257340,2,155,5638,2003,0.0,39071.0,-1.8762919999999998,-1.176541,AGO,NAM,210390
257341,37,155,5638,2003,0.0,1681.0,-0.517317,-1.1125770000000001,BWA,NAM,210390
257342,61,155,5638,2003,7486.0,0.0,2.2821919999999998,-2.0985150000000004,DEU,NAM,210390
257343,109,155,5638,2003,8553.0,0.0,0.21902800000000003,-0.40818499999999996,ISL,NAM,210390
257344,162,155,5638,2003,51527.0,0.0,1.168453,1.7085709999999998,NLD,NAM,210390
257345,179,155,5638,2003,842.0,0.0,0.471376,1.647303,PRT,NAM,210390
257346,231,155,5638,2003,62023.0,6000.0,1.7789220000000001,0.064028,USA,NAM,210390
257347,246,155,5638,2003,2369633.0,0.0,0.477987,2.255395,ZAF,NAM,210390
257348,18,159,5638,2003,132733.0,0.0,1.361682,1.39536,BEL,NGA,210390
257349,32,159,5638,2003,71822.0,0.0,0.660576,1.118876,BRA,NGA,210390
257350,39,159,5638,2003,0.0,1099.0,0.9791540000000001,1.185081,CAN,NGA,210390
257351,41,159,5638,2003,2282725.0,0.0,2.151037,0.711217,CHE,NGA,210390
257352,43,159,5638,2003,398233.0,0.0,0.579431,2.773139,CHN,NGA,210390
257353,61,159,5638,2003,14774.0,0.0,2.2821919999999998,-2.0985150000000004,DEU,NGA,210390
257354,71,159,5638,2003,123490.0,0.0,0.960684,2.074792,ESP,NGA,210390
257355,77,159,5638,2003,15363.0,0.0,1.606606,0.7394149999999999,FRA,NGA,210390
257356,81,159,5638,2003,871019.0,69128.0,1.8712540000000002,0.706205,GBR,NGA,210390
257357,87,159,5638,2003,0.0,110056.0,-0.230541,-0.275663,GMB,NGA,210390
257358,103,159,5638,2003,2631752.0,0.0,-0.16802,1.7252990000000001,IDN,NGA,210390
257359,104,159,5638,2003,8589.0,0.0,0.33014099999999996,2.836003,IND,NGA,210390
257360,111,159,5638,2003,6909.0,0.0,1.399734,1.044608,ITA,NGA,210390
257361,116,159,5638,2003,244767.0,0.0,-0.3531,0.582992,KEN,NGA,210390
257362,121,159,5638,2003,176874.0,0.0,1.2611709999999998,0.956308,KOR,NGA,210390
257363,124,159,5638,2003,6734.0,0.0,0.261687,1.053856,LBN,NGA,210390
257364,142,159,5638,2003,1566.0,0.0,1.2138149999999999,-0.015687,MLT,NGA,210390
257365,153,159,5638,2003,2557.0,0.0,0.728804,0.2168,MYS,NGA,210390
257366,162,159,5638,2003,805835.0,0.0,1.168453,1.7085709999999998,NLD,NGA,210390
257367,179,159,5638,2003,20158.0,0.0,0.471376,1.647303,PRT,NGA,210390
257368,191,159,5638,2003,0.0,11628.0,-0.25203600000000004,-0.25549299999999997,SEN,NGA,210390
257369,192,159,5638,2003,810223.0,0.0,1.5080799999999999,0.720337,SGP,NGA,210390
257370,216,159,5638,2003,5718.0,0.0,0.43010699999999996,1.607408,THA,NGA,210390
257371,231,159,5638,2003,478673.0,2985.0,1.7789220000000001,0.064028,USA,NGA,210390
257372,246,159,5638,2003,75783.0,0.0,0.477987,2.255395,ZAF,NGA,210390
257373,249,159,5638,2003,1115.0,0.0,1.5924040000000002,1.397843,TWN,NGA,210390
257374,18,191,5638,2003,15655.0,0.0,1.361682,1.39536,BEL,SEN,210390
257375,32,191,5638,2003,1140.0,0.0,0.660576,1.118876,BRA,SEN,210390
257376,43,191,5638,2003,5696.0,0.0,0.579431,2.773139,CHN,SEN,210390
257377,44,191,5638,2003,156453.0,10360.0,-0.699928,-0.723739,CIV,SEN,210390
257378,49,191,5638,2003,1357.0,0.0,0.218336,0.376869,COL,SEN,210390
257379,71,191,5638,2003,182132.0,0.0,0.960684,2.074792,ESP,SEN,210390
257380,77,191,5638,2003,407307.0,0.0,1.606606,0.7394149999999999,FRA,SEN,210390
257381,87,191,5638,2003,0.0,10850.0,-0.230541,-0.275663,GMB,SEN,210390
257382,88,191,5638,2003,0.0,18467.0,0.24509499999999998,-0.612725,GNB,SEN,210390
257383,97,191,5638,2003,1306.0,0.0,0.494569,2.147062,HKG,SEN,210390
257384,111,191,5638,2003,5535.0,0.0,1.399734,1.044608,ITA,SEN,210390
257385,124,191,5638,2003,2650.0,0.0,0.261687,1.053856,LBN,SEN,210390
257386,134,191,5638,2003,3599.0,0.0,-0.6842050000000001,-0.217892,MAR,SEN,210390
257387,141,191,5638,2003,0.0,4783.0,-0.786411,-0.879049,MLI,SEN,210390
257388,142,191,5638,2003,3151.0,0.0,1.2138149999999999,-0.015687,MLT,SEN,210390
257389,148,191,5638,2003,0.0,22448.0,-1.069232,-1.184061,MRT,SEN,210390
257390,159,191,5638,2003,11628.0,0.0,-1.859176,-1.234236,NGA,SEN,210390
257391,162,191,5638,2003,14968.0,0.0,1.168453,1.7085709999999998,NLD,SEN,210390
257392,216,191,5638,2003,31905.0,0.0,0.43010699999999996,1.607408,THA,SEN,210390
257393,231,191,5638,2003,35398.0,1502.0,1.7789220000000001,0.064028,USA,SEN,210390
257394,246,191,5638,2003,14608.0,0.0,0.477987,2.255395,ZAF,SEN,210390
257395,250,191,5638,2003,0.0,32075.0,0.45951499999999995,-0.2312,ANS,SEN,210390
257396,45,203,5638,2003,2049.0,0.0,-1.254788,-1.10897,CMR,STP,210390
257397,61,203,5638,2003,9907.0,0.0,2.2821919999999998,-2.0985150000000004,DEU,STP,210390
257398,179,203,5638,2003,1760.0,0.0,0.471376,1.647303,PRT,STP,210390
257399,2,215,5638,2003,0.0,2062.0,-1.8762919999999998,-1.176541,AGO,TGO,210390
257400,18,215,5638,2003,40023.0,0.0,1.361682,1.39536,BEL,TGO,210390
257401,19,215,5638,2003,0.0,30145.0,-1.150888,-0.956203,BEN,TGO,210390
257402,21,215,5638,2003,0.0,65125.0,-0.9365690000000001,-0.9699409999999999,BFA,TGO,210390
257403,43,215,5638,2003,83404.0,0.0,0.579431,2.773139,CHN,TGO,210390
257404,44,215,5638,2003,171587.0,0.0,-0.699928,-0.723739,CIV,TGO,210390
257405,77,215,5638,2003,331451.0,0.0,1.606606,0.7394149999999999,FRA,TGO,210390
257406,83,215,5638,2003,60611.0,0.0,-1.074188,-0.7127319999999999,GHA,TGO,210390
257407,97,215,5638,2003,50230.0,0.0,0.494569,2.147062,HKG,TGO,210390
257408,111,215,5638,2003,4373.0,0.0,1.399734,1.044608,ITA,TGO,210390
257409,142,215,5638,2003,449.0,0.0,1.2138149999999999,-0.015687,MLT,TGO,210390
257410,157,215,5638,2003,0.0,27873.0,-0.199296,-0.578264,NER,TGO,210390
257411,162,215,5638,2003,252115.0,0.0,1.168453,1.7085709999999998,NLD,TGO,210390
257412,192,215,5638,2003,4934.0,0.0,1.5080799999999999,0.720337,SGP,TGO,210390
257413,224,215,5638,2003,1618.0,0.0,0.192802,1.9855060000000002,TUR,TGO,210390
257414,231,215,5638,2003,121319.0,0.0,1.7789220000000001,0.064028,USA,TGO,210390
257415,7,226,5638,2003,12523.0,0.0,0.049637,-0.502691,ARE,TZA,210390
257416,71,226,5638,2003,972.0,0.0,0.960684,2.074792,ESP,TZA,210390
257417,81,226,5638,2003,17574.0,0.0,1.8712540000000002,0.706205,GBR,TZA,210390
257418,111,226,5638,2003,5140.0,0.0,1.399734,1.044608,ITA,TZA,210390
257419,116,226,5638,2003,12346.0,0.0,-0.3531,0.582992,KEN,TZA,210390
257420,153,226,5638,2003,1524.0,0.0,0.728804,0.2168,MYS,TZA,210390
257421,162,226,5638,2003,9976.0,0.0,1.168453,1.7085709999999998,NLD,TZA,210390
257422,188,226,5638,2003,1742.0,0.0,0.202286,-0.714691,SAU,TZA,210390
257423,216,226,5638,2003,1248.0,0.0,0.43010699999999996,1.607408,THA,TZA,210390
257424,231,226,5638,2003,2841.0,0.0,1.7789220000000001,0.064028,USA,TZA,210390
257425,246,226,5638,2003,109760.0,0.0,0.477987,2.255395,ZAF,TZA,210390
257426,9,239,5638,2003,0.0,91283.0,0.497521,-0.305788,ARM,VNM,210390
257427,14,239,5638,2003,112472.0,314284.0,0.316879,0.9409489999999999,AUS,VNM,210390
257428,15,239,5638,2003,0.0,1255.0,1.834977,0.408096,AUT,VNM,210390
257429,18,239,5638,2003,15837.0,0.0,1.361682,1.39536,BEL,VNM,210390
257430,23,239,5638,2003,0.0,36740.0,0.43308599999999997,1.7104099999999998,BGR,VNM,210390
257431,39,239,5638,2003,39472.0,121024.0,0.9791540000000001,1.185081,CAN,VNM,210390
257432,41,239,5638,2003,4632.0,3096.0,2.151037,0.711217,CHE,VNM,210390
257433,43,239,5638,2003,176141.0,23227.0,0.579431,2.773139,CHN,VNM,210390
257434,44,239,5638,2003,0.0,2196.0,-0.699928,-0.723739,CIV,VNM,210390
257435,59,239,5638,2003,0.0,44638.0,1.555749,0.8662059999999999,CZE,VNM,210390
257436,61,239,5638,2003,27987.0,130207.0,2.2821919999999998,-2.0985150000000004,DEU,VNM,210390
257437,64,239,5638,2003,0.0,1759.0,1.309564,1.245596,DNK,VNM,210390
257438,77,239,5638,2003,180958.0,218419.0,1.606606,0.7394149999999999,FRA,VNM,210390
257439,81,239,5638,2003,18665.0,62375.0,1.8712540000000002,0.706205,GBR,VNM,210390
257440,83,239,5638,2003,0.0,2310.0,-1.074188,-0.7127319999999999,GHA,VNM,210390
257441,87,239,5638,2003,0.0,36150.0,-0.230541,-0.275663,GMB,VNM,210390
257442,97,239,5638,2003,184352.0,85242.0,0.494569,2.147062,HKG,VNM,210390
257443,102,239,5638,2003,3443.0,9692.0,1.2003270000000001,1.091407,HUN,VNM,210390
257444,103,239,5638,2003,197117.0,0.0,-0.16802,1.7252990000000001,IDN,VNM,210390
257445,111,239,5638,2003,10782.0,2376.0,1.399734,1.044608,ITA,VNM,210390
257446,114,239,5638,2003,945049.0,2893164.0,2.4686630000000003,0.48072600000000004,JPN,VNM,210390
257447,118,239,5638,2003,0.0,48805.0,-1.0165620000000002,-1.060454,KHM,VNM,210390
257448,121,239,5638,2003,42797.0,21419.0,1.2611709999999998,0.956308,KOR,VNM,210390
257449,123,239,5638,2003,0.0,31362.0,-1.251741,-1.14364,LAO,VNM,210390
257450,138,239,5638,2003,0.0,12695.0,0.862509,0.756684,MEX,VNM,210390
257451,153,239,5638,2003,121232.0,41104.0,0.728804,0.2168,MYS,VNM,210390
257452,156,239,5638,2003,0.0,2834.0,-0.344934,-0.776632,NCL,VNM,210390
257453,162,239,5638,2003,35255.0,12967.0,1.168453,1.7085709999999998,NLD,VNM,210390
257454,163,239,5638,2003,0.0,12824.0,1.1500620000000001,0.258554,NOR,VNM,210390
257455,166,239,5638,2003,953.0,7522.0,0.589619,0.997301,NZL,VNM,210390
257456,174,239,5638,2003,201667.0,54000.0,-0.065022,-0.195144,PHL,VNM,210390
257457,177,239,5638,2003,0.0,33489.0,0.966622,1.664838,POL,VNM,210390
257458,185,239,5638,2003,0.0,3405.0,0.378379,1.0064620000000002,ROU,VNM,210390
257459,186,239,5638,2003,5336.0,563007.0,1.072729,0.338355,RUS,VNM,210390
257460,192,239,5638,2003,631784.0,176064.0,1.5080799999999999,0.720337,SGP,VNM,210390
257461,206,239,5638,2003,0.0,8542.0,1.22565,0.915518,SVK,VNM,210390
257462,208,239,5638,2003,0.0,3225.0,2.099224,0.799982,SWE,VNM,210390
257463,216,239,5638,2003,641642.0,34365.0,0.43010699999999996,1.607408,THA,VNM,210390
257464,228,239,5638,2003,0.0,3547.0,0.8929389999999999,0.956685,UKR,VNM,210390
257465,231,239,5638,2003,458145.0,616095.0,1.7789220000000001,0.064028,USA,VNM,210390
257466,249,239,5638,2003,36708.0,168873.0,1.5924040000000002,1.397843,TWN,VNM,210390
257467,39,247,5638,2003,6363.0,0.0,0.9791540000000001,1.185081,CAN,ZMB,210390
257468,106,247,5638,2003,6418.0,0.0,1.6396130000000002,0.220599,IRL,ZMB,210390
257469,111,247,5638,2003,3022.0,0.0,1.399734,1.044608,ITA,ZMB,210390
257470,124,247,5638,2003,3209.0,0.0,0.261687,1.053856,LBN,ZMB,210390
257471,152,247,5638,2003,13053.0,4966.0,-1.48079,-1.235645,MWI,ZMB,210390
257472,208,247,5638,2003,0.0,2772.0,2.099224,0.799982,SWE,ZMB,210390
257473,231,247,5638,2003,43474.0,0.0,1.7789220000000001,0.064028,USA,ZMB,210390
257474,246,247,5638,2003,1032181.0,0.0,0.477987,2.255395,ZAF,ZMB,210390
257475,248,247,5638,2003,45014.0,0.0,-0.366539,-0.18906199999999998,ZWE,ZMB,210390
257476,39,13,5638,2003,5215.0,1886.0,0.9791540000000001,1.185081,CAN,ATG,210390
257477,81,13,5638,2003,171265.0,0.0,1.8712540000000002,0.706205,GBR,ATG,210390
257478,91,13,5638,2003,1102.0,0.0,0.3936,-0.258355,GRD,ATG,210390
257479,96,13,5638,2003,17523.0,0.0,-0.59035,-0.7361340000000001,GUY,ATG,210390
257480,112,13,5638,2003,28820.0,0.0,-0.6684140000000001,-0.915817,JAM,ATG,210390
257481,222,13,5638,2003,99381.0,0.0,-0.16738,-0.9820969999999999,TTO,ATG,210390
257482,231,13,5638,2003,243434.0,0.0,1.7789220000000001,0.064028,USA,ATG,210390
257483,6,120,5638,2003,4958.0,0.0,0.108903,-0.650137,ANT,KNA,210390
257484,39,120,5638,2003,1278.0,0.0,0.9791540000000001,1.185081,CAN,KNA,210390
257485,43,120,5638,2003,224.0,0.0,0.579431,2.773139,CHN,KNA,210390
257486,63,120,5638,2003,4042.0,0.0,0.11903299999999999,-0.21768200000000001,DMA,KNA,210390
257487,81,120,5638,2003,3268.0,0.0,1.8712540000000002,0.706205,GBR,KNA,210390
257488,104,120,5638,2003,2199.0,0.0,0.33014099999999996,2.836003,IND,KNA,210390
257489,112,120,5638,2003,5001.0,0.0,-0.6684140000000001,-0.915817,JAM,KNA,210390
257490,138,120,5638,2003,1021.0,0.0,0.862509,0.756684,MEX,KNA,210390
257491,222,120,5638,2003,55631.0,0.0,-0.16738,-0.9820969999999999,TTO,KNA,210390
257492,231,120,5638,2003,108919.0,0.0,1.7789220000000001,0.064028,USA,KNA,210390
257493,234,120,5638,2003,870.0,0.0,-0.355758,-0.679181,VCT,KNA,210390
257494,236,120,5638,2003,24002.0,0.0,0.277805,-0.783697,VEN,KNA,210390
257495,33,127,5638,2003,3566.0,25539.0,0.744166,0.074191,BRB,LCA,210390
257496,39,127,5638,2003,5581.0,0.0,0.9791540000000001,1.185081,CAN,LCA,210390
257497,43,127,5638,2003,427.0,0.0,0.579431,2.773139,CHN,LCA,210390
257498,63,127,5638,2003,1192.0,1652.0,0.11903299999999999,-0.21768200000000001,DMA,LCA,210390
257499,65,127,5638,2003,8159.0,0.0,-0.46264399999999994,-0.245034,DOM,LCA,210390
257500,77,127,5638,2003,0.0,8204.0,1.606606,0.7394149999999999,FRA,LCA,210390
257501,81,127,5638,2003,13853.0,43402.0,1.8712540000000002,0.706205,GBR,LCA,210390
257502,91,127,5638,2003,6580.0,30777.0,0.3936,-0.258355,GRD,LCA,210390
257503,93,127,5638,2003,9742.0,0.0,-0.444162,0.145319,GTM,LCA,210390
257504,96,127,5638,2003,0.0,10955.0,-0.59035,-0.7361340000000001,GUY,LCA,210390
257505,112,127,5638,2003,5960.0,0.0,-0.6684140000000001,-0.915817,JAM,LCA,210390
257506,169,127,5638,2003,5394.0,0.0,-0.050386,-0.039619999999999995,PAN,LCA,210390
257507,222,127,5638,2003,47923.0,1072.0,-0.16738,-0.9820969999999999,TTO,LCA,210390
257508,231,127,5638,2003,69796.0,38885.0,1.7789220000000001,0.064028,USA,LCA,210390
257509,234,127,5638,2003,0.0,832.0,-0.355758,-0.679181,VCT,LCA,210390
257510,250,127,5638,2003,1384.0,8839.0,0.45951499999999995,-0.2312,ANS,LCA,210390
257511,14,48,5638,2003,8825.0,0.0,0.316879,0.9409489999999999,AUS,COK,210390
257512,75,48,5638,2003,1116.0,0.0,-0.6865640000000001,-0.326977,FJI,COK,210390
257513,166,48,5638,2003,151895.0,0.0,0.589619,0.997301,NZL,COK,210390
257514,231,48,5638,2003,93595.0,0.0,1.7789220000000001,0.064028,USA,COK,210390
257515,39,63,5638,2003,2646.0,0.0,0.9791540000000001,1.185081,CAN,DMA,210390
257516,43,63,5638,2003,1216.0,0.0,0.579431,2.773139,CHN,DMA,210390
257517,77,63,5638,2003,0.0,8537.0,1.606606,0.7394149999999999,FRA,DMA,210390
257518,81,63,5638,2003,0.0,666314.0,1.8712540000000002,0.706205,GBR,DMA,210390
257519,93,63,5638,2003,4307.0,0.0,-0.444162,0.145319,GTM,DMA,210390
257520,111,63,5638,2003,3213.0,0.0,1.399734,1.044608,ITA,DMA,210390
257521,112,63,5638,2003,1550.0,0.0,-0.6684140000000001,-0.915817,JAM,DMA,210390
257522,120,63,5638,2003,0.0,4042.0,0.555154,-0.405962,KNA,DMA,210390
257523,127,63,5638,2003,1652.0,1192.0,0.318385,-0.342679,LCA,DMA,210390
257524,149,63,5638,2003,0.0,3272.0,0.383768,-0.320867,MSR,DMA,210390
257525,222,63,5638,2003,17378.0,0.0,-0.16738,-0.9820969999999999,TTO,DMA,210390
257526,231,63,5638,2003,36411.0,10775.0,1.7789220000000001,0.064028,USA,DMA,210390
257527,234,63,5638,2003,0.0,1103.0,-0.355758,-0.679181,VCT,DMA,210390
257528,237,63,5638,2003,0.0,1218.0,0.685109,-0.20824299999999998,VGB,DMA,210390
257529,250,63,5638,2003,2061.0,5582.0,0.45951499999999995,-0.2312,ANS,DMA,210390
257530,18,66,5638,2003,21077.0,0.0,1.361682,1.39536,BEL,DZA,210390
257531,41,66,5638,2003,30502.0,0.0,2.151037,0.711217,CHE,DZA,210390
257532,43,66,5638,2003,3904.0,0.0,0.579431,2.773139,CHN,DZA,210390
257533,61,66,5638,2003,16152.0,0.0,2.2821919999999998,-2.0985150000000004,DEU,DZA,210390
257534,71,66,5638,2003,879110.0,0.0,0.960684,2.074792,ESP,DZA,210390
257535,77,66,5638,2003,2736991.0,6320.0,1.606606,0.7394149999999999,FRA,DZA,210390
257536,97,66,5638,2003,2247.0,0.0,0.494569,2.147062,HKG,DZA,210390
257537,111,66,5638,2003,15049.0,0.0,1.399734,1.044608,ITA,DZA,210390
257538,114,66,5638,2003,2030.0,0.0,2.4686630000000003,0.48072600000000004,JPN,DZA,210390
257539,122,66,5638,2003,0.0,1894.0,-0.7943640000000001,-1.1529770000000001,KWT,DZA,210390
257540,126,66,5638,2003,0.0,59518.0,-0.36075999999999997,-1.110575,LBY,DZA,210390
257541,162,66,5638,2003,46977.0,0.0,1.168453,1.7085709999999998,NLD,DZA,210390
257542,167,66,5638,2003,0.0,11440.0,-1.434873,-1.188123,OMN,DZA,210390
257543,223,66,5638,2003,0.0,21953.0,-0.14845999999999998,0.255092,TUN,DZA,210390
257544,224,66,5638,2003,2257.0,0.0,0.192802,1.9855060000000002,TUR,DZA,210390
257545,231,66,5638,2003,11893.0,0.0,1.7789220000000001,0.064028,USA,DZA,210390
257546,9,82,5638,2003,0.0,63796.0,0.497521,-0.305788,ARM,GEO,210390
257547,15,82,5638,2003,93242.0,0.0,1.834977,0.408096,AUT,GEO,210390
257548,16,82,5638,2003,0.0,11219.0,-0.304606,-0.975453,AZE,GEO,210390
257549,23,82,5638,2003,12658.0,0.0,0.43308599999999997,1.7104099999999998,BGR,GEO,210390
257550,28,82,5638,2003,0.0,7689.0,0.847358,0.9307719999999999,BLR,GEO,210390
257551,41,82,5638,2003,18180.0,0.0,2.151037,0.711217,CHE,GEO,210390
257552,61,82,5638,2003,40571.0,0.0,2.2821919999999998,-2.0985150000000004,DEU,GEO,210390
257553,64,82,5638,2003,615.0,0.0,1.309564,1.245596,DNK,GEO,210390
257554,110,82,5638,2003,854.0,14494.0,1.157809,0.682195,ISR,GEO,210390
257555,111,82,5638,2003,38259.0,0.0,1.399734,1.044608,ITA,GEO,210390
257556,115,82,5638,2003,0.0,1738.0,-0.156326,-0.62092,KAZ,GEO,210390
257557,162,82,5638,2003,1427.0,0.0,1.168453,1.7085709999999998,NLD,GEO,210390
257558,186,82,5638,2003,774687.0,113415.0,1.072729,0.338355,RUS,GEO,210390
257559,224,82,5638,2003,67362.0,0.0,0.192802,1.9855060000000002,TUR,GEO,210390
257560,228,82,5638,2003,0.0,24590.0,0.8929389999999999,0.956685,UKR,GEO,210390
257561,231,82,5638,2003,8645.0,5980.0,1.7789220000000001,0.064028,USA,GEO,210390
257562,64,108,5638,2003,14444.0,0.0,1.309564,1.245596,DNK,IRQ,210390
257563,102,108,5638,2003,1000.0,0.0,1.2003270000000001,1.091407,HUN,IRQ,210390
257564,107,108,5638,2003,19892.0,0.0,-0.552146,-0.8668520000000001,IRN,IRQ,210390
257565,113,108,5638,2003,19699.0,0.0,0.12295,0.377031,JOR,IRQ,210390
257566,122,108,5638,2003,12992.0,0.0,-0.7943640000000001,-1.1529770000000001,KWT,IRQ,210390
257567,124,108,5638,2003,17002.0,0.0,0.261687,1.053856,LBN,IRQ,210390
257568,162,108,5638,2003,297461.0,0.0,1.168453,1.7085709999999998,NLD,IRQ,210390
257569,207,108,5638,2003,8287.0,0.0,1.6459840000000001,1.014191,SVN,IRQ,210390
257570,224,108,5638,2003,303134.0,0.0,0.192802,1.9855060000000002,TUR,IRQ,210390
257571,15,109,5638,2003,54854.0,0.0,1.834977,0.408096,AUT,ISL,210390
257572,18,109,5638,2003,3184.0,0.0,1.361682,1.39536,BEL,ISL,210390
257573,39,109,5638,2003,10570.0,0.0,0.9791540000000001,1.185081,CAN,ISL,210390
257574,41,109,5638,2003,52048.0,0.0,2.151037,0.711217,CHE,ISL,210390
257575,43,109,5638,2003,774.0,3750.0,0.579431,2.773139,CHN,ISL,210390
257576,59,109,5638,2003,35551.0,0.0,1.555749,0.8662059999999999,CZE,ISL,210390
257577,61,109,5638,2003,150445.0,0.0,2.2821919999999998,-2.0985150000000004,DEU,ISL,210390
257578,64,109,5638,2003,1072412.0,0.0,1.309564,1.245596,DNK,ISL,210390
257579,71,109,5638,2003,2219.0,124565.0,0.960684,2.074792,ESP,ISL,210390
257580,74,109,5638,2003,17025.0,0.0,2.077889,0.942501,FIN,ISL,210390
257581,77,109,5638,2003,27108.0,0.0,1.606606,0.7394149999999999,FRA,ISL,210390
257582,78,109,5638,2003,0.0,12981.0,-0.46422299999999994,-0.8072050000000001,FRO,ISL,210390
257583,81,109,5638,2003,350270.0,224408.0,1.8712540000000002,0.706205,GBR,ISL,210390
257584,92,109,5638,2003,0.0,3348.0,-0.764655,-0.8684200000000001,GRL,ISL,210390
257585,97,109,5638,2003,12484.0,0.0,0.494569,2.147062,HKG,ISL,210390
257586,104,109,5638,2003,10398.0,0.0,0.33014099999999996,2.836003,IND,ISL,210390
257587,106,109,5638,2003,1527.0,0.0,1.6396130000000002,0.220599,IRL,ISL,210390
257588,111,109,5638,2003,95017.0,0.0,1.399734,1.044608,ITA,ISL,210390
257589,114,109,5638,2003,5289.0,0.0,2.4686630000000003,0.48072600000000004,JPN,ISL,210390
257590,130,109,5638,2003,0.0,10491.0,0.239608,0.517299,LTU,ISL,210390
257591,132,109,5638,2003,0.0,11437.0,0.520772,0.5631689999999999,LVA,ISL,210390
257592,155,109,5638,2003,0.0,8553.0,-0.24004499999999998,-0.39565900000000004,NAM,ISL,210390
257593,162,109,5638,2003,451741.0,0.0,1.168453,1.7085709999999998,NLD,ISL,210390
257594,163,109,5638,2003,555100.0,2309.0,1.1500620000000001,0.258554,NOR,ISL,210390
257595,177,109,5638,2003,30024.0,0.0,0.966622,1.664838,POL,ISL,210390
257596,179,109,5638,2003,14694.0,0.0,0.471376,1.647303,PRT,ISL,210390
257597,208,109,5638,2003,463783.0,0.0,2.099224,0.799982,SWE,ISL,210390
257598,216,109,5638,2003,48105.0,14520.0,0.43010699999999996,1.607408,THA,ISL,210390
257599,231,109,5638,2003,408064.0,6675.0,1.7789220000000001,0.064028,USA,ISL,210390
257600,4,140,5638,2003,0.0,4572.0,-0.053595000000000004,0.166034,ALB,MKD,210390
257601,14,140,5638,2003,0.0,255354.0,0.316879,0.9409489999999999,AUS,MKD,210390
257602,15,140,5638,2003,32840.0,49863.0,1.834977,0.408096,AUT,MKD,210390
257603,23,140,5638,2003,3554.0,7275.0,0.43308599999999997,1.7104099999999998,BGR,MKD,210390
257604,26,140,5638,2003,0.0,2517.0,0.195667,0.347011,BIH,MKD,210390
257605,41,140,5638,2003,395153.0,32105.0,2.151037,0.711217,CHE,MKD,210390
257606,61,140,5638,2003,61066.0,175984.0,2.2821919999999998,-2.0985150000000004,DEU,MKD,210390
257607,71,140,5638,2003,2649.0,0.0,0.960684,2.074792,ESP,MKD,210390
257608,74,140,5638,2003,1310.0,0.0,2.077889,0.942501,FIN,MKD,210390
257609,77,140,5638,2003,168778.0,0.0,1.606606,0.7394149999999999,FRA,MKD,210390
257610,81,140,5638,2003,13461.0,0.0,1.8712540000000002,0.706205,GBR,MKD,210390
257611,90,140,5638,2003,124480.0,6579.0,0.364688,1.4823959999999998,GRC,MKD,210390
257612,100,140,5638,2003,1191902.0,27731.0,0.568394,1.230759,HRV,MKD,210390
257613,102,140,5638,2003,6919.0,0.0,1.2003270000000001,1.091407,HUN,MKD,210390
257614,111,140,5638,2003,17056.0,0.0,1.399734,1.044608,ITA,MKD,210390
257615,114,140,5638,2003,198.0,33552.0,2.4686630000000003,0.48072600000000004,JPN,MKD,210390
257616,162,140,5638,2003,11827.0,0.0,1.168453,1.7085709999999998,NLD,MKD,210390
257617,177,140,5638,2003,2318.0,0.0,0.966622,1.664838,POL,MKD,210390
257618,189,140,5638,2003,979664.0,75664.0,0.575326,1.627894,SCG,MKD,210390
257619,207,140,5638,2003,484526.0,278254.0,1.6459840000000001,1.014191,SVN,MKD,210390
257620,208,140,5638,2003,0.0,12543.0,2.099224,0.799982,SWE,MKD,210390
257621,224,140,5638,2003,0.0,2172233.0,0.192802,1.9855060000000002,TUR,MKD,210390
257622,231,140,5638,2003,0.0,205611.0,1.7789220000000001,0.064028,USA,MKD,210390
257623,7,164,5638,2003,940.0,0.0,0.049637,-0.502691,ARE,NPL,210390
257624,43,164,5638,2003,1435.0,14627.0,0.579431,2.773139,CHN,NPL,210390
257625,81,164,5638,2003,2430.0,0.0,1.8712540000000002,0.706205,GBR,NPL,210390
257626,97,164,5638,2003,7985.0,0.0,0.494569,2.147062,HKG,NPL,210390
257627,104,164,5638,2003,30977.0,8728.0,0.33014099999999996,2.836003,IND,NPL,210390
257628,121,164,5638,2003,1932.0,0.0,1.2611709999999998,0.956308,KOR,NPL,210390
257629,142,164,5638,2003,7544.0,0.0,1.2138149999999999,-0.015687,MLT,NPL,210390
257630,153,164,5638,2003,417.0,0.0,0.728804,0.2168,MYS,NPL,210390
257631,192,164,5638,2003,69096.0,0.0,1.5080799999999999,0.720337,SGP,NPL,210390
257632,216,164,5638,2003,54113.0,0.0,0.43010699999999996,1.607408,THA,NPL,210390
257633,231,164,5638,2003,8924.0,0.0,1.7789220000000001,0.064028,USA,NPL,210390
257634,250,164,5638,2003,27971.0,0.0,0.45951499999999995,-0.2312,ANS,NPL,210390
257635,43,178,5638,2003,85401.0,74830.0,0.579431,2.773139,CHN,PRK,210390
257636,97,178,5638,2003,9002.0,0.0,0.494569,2.147062,HKG,PRK,210390
257637,114,178,5638,2003,42953.0,0.0,2.4686630000000003,0.48072600000000004,JPN,PRK,210390
257638,192,178,5638,2003,0.0,1810.0,1.5080799999999999,0.720337,SGP,PRK,210390
257639,205,178,5638,2003,0.0,1261.0,-0.896925,-0.88623,SUR,PRK,210390
257640,216,178,5638,2003,98544.0,0.0,0.43010699999999996,1.607408,THA,PRK,210390
257641,7,187,5638,2003,2964.0,0.0,0.049637,-0.502691,ARE,RWA,210390
257642,17,187,5638,2003,0.0,656.0,-0.550138,-0.759304,BDI,RWA,210390
257643,18,187,5638,2003,1112.0,0.0,1.361682,1.39536,BEL,RWA,210390
257644,43,187,5638,2003,6464.0,0.0,0.579431,2.773139,CHN,RWA,210390
257645,61,187,5638,2003,1737.0,0.0,2.2821919999999998,-2.0985150000000004,DEU,RWA,210390
257646,77,187,5638,2003,889.0,0.0,1.606606,0.7394149999999999,FRA,RWA,210390
257647,116,187,5638,2003,19935.0,0.0,-0.3531,0.582992,KEN,RWA,210390
257648,188,187,5638,2003,324.0,0.0,0.202286,-0.714691,SAU,RWA,210390
257649,231,187,5638,2003,3375.0,0.0,1.7789220000000001,0.064028,USA,RWA,210390
257650,246,187,5638,2003,1499.0,0.0,0.477987,2.255395,ZAF,RWA,210390
257651,4,189,5638,2003,0.0,12413.0,-0.053595000000000004,0.166034,ALB,SCG,210390
257652,14,189,5638,2003,0.0,5696.0,0.316879,0.9409489999999999,AUS,SCG,210390
257653,15,189,5638,2003,241490.0,1148.0,1.834977,0.408096,AUT,SCG,210390
257654,23,189,5638,2003,21400.0,0.0,0.43308599999999997,1.7104099999999998,BGR,SCG,210390
257655,26,189,5638,2003,0.0,1343.0,0.195667,0.347011,BIH,SCG,210390
257656,39,189,5638,2003,0.0,12293.0,0.9791540000000001,1.185081,CAN,SCG,210390
257657,41,189,5638,2003,392436.0,7819.0,2.151037,0.711217,CHE,SCG,210390
257658,59,189,5638,2003,0.0,5921.0,1.555749,0.8662059999999999,CZE,SCG,210390
257659,61,189,5638,2003,117763.0,171880.0,2.2821919999999998,-2.0985150000000004,DEU,SCG,210390
257660,71,189,5638,2003,25399.0,0.0,0.960684,2.074792,ESP,SCG,210390
257661,77,189,5638,2003,41879.0,0.0,1.606606,0.7394149999999999,FRA,SCG,210390
257662,90,189,5638,2003,0.0,20742.0,0.364688,1.4823959999999998,GRC,SCG,210390
257663,100,189,5638,2003,939776.0,239545.0,0.568394,1.230759,HRV,SCG,210390
257664,102,189,5638,2003,6000.0,5086.0,1.2003270000000001,1.091407,HUN,SCG,210390
257665,111,189,5638,2003,114816.0,0.0,1.399734,1.044608,ITA,SCG,210390
257666,140,189,5638,2003,75664.0,979664.0,-0.017632,0.225394,MKD,SCG,210390
257667,162,189,5638,2003,81434.0,341136.0,1.168453,1.7085709999999998,NLD,SCG,210390
257668,185,189,5638,2003,0.0,16683.0,0.378379,1.0064620000000002,ROU,SCG,210390
257669,186,189,5638,2003,10916.0,0.0,1.072729,0.338355,RUS,SCG,210390
257670,206,189,5638,2003,0.0,55123.0,1.22565,0.915518,SVK,SCG,210390
257671,207,189,5638,2003,166450.0,37150.0,1.6459840000000001,1.014191,SVN,SCG,210390
257672,208,189,5638,2003,33504.0,214259.0,2.099224,0.799982,SWE,SCG,210390
257673,231,189,5638,2003,0.0,2686.0,1.7789220000000001,0.064028,USA,SCG,210390
257674,14,195,5638,2003,32497.0,0.0,0.316879,0.9409489999999999,AUS,SLB,210390
257675,97,195,5638,2003,2980.0,0.0,0.494569,2.147062,HKG,SLB,210390
257676,192,195,5638,2003,13438.0,0.0,1.5080799999999999,0.720337,SGP,SLB,210390
257677,14,209,5638,2003,0.0,3753.0,0.316879,0.9409489999999999,AUS,SWZ,210390
257678,15,209,5638,2003,0.0,6032.0,1.834977,0.408096,AUT,SWZ,210390
257679,26,209,5638,2003,0.0,207340.0,0.195667,0.347011,BIH,SWZ,210390
257680,39,209,5638,2003,0.0,1864.0,0.9791540000000001,1.185081,CAN,SWZ,210390
257681,41,209,5638,2003,0.0,3271.0,2.151037,0.711217,CHE,SWZ,210390
257682,61,209,5638,2003,1698.0,6693.0,2.2821919999999998,-2.0985150000000004,DEU,SWZ,210390
257683,77,209,5638,2003,0.0,17946.0,1.606606,0.7394149999999999,FRA,SWZ,210390
257684,162,209,5638,2003,0.0,38536.0,1.168453,1.7085709999999998,NLD,SWZ,210390
257685,216,209,5638,2003,10844.0,0.0,0.43010699999999996,1.607408,THA,SWZ,210390
257686,246,209,5638,2003,1313402.0,0.0,0.477987,2.255395,ZAF,SWZ,210390
257687,15,219,5638,2003,20109.0,0.0,1.834977,0.408096,AUT,TKM,210390
257688,77,219,5638,2003,31692.0,0.0,1.606606,0.7394149999999999,FRA,TKM,210390
257689,107,219,5638,2003,952906.0,0.0,-0.552146,-0.8668520000000001,IRN,TKM,210390
257690,186,219,5638,2003,55803.0,0.0,1.072729,0.338355,RUS,TKM,210390
257691,224,219,5638,2003,8692.0,0.0,0.192802,1.9855060000000002,TUR,TKM,210390
257692,4,250,5638,2003,0.0,1773.0,-0.053595000000000004,0.166034,ALB,ANS,210390
257693,8,250,5638,2003,2622.0,0.0,0.302073,0.49069700000000005,ARG,ANS,210390
257694,18,250,5638,2003,17366.0,0.0,1.361682,1.39536,BEL,ANS,210390
257695,23,250,5638,2003,305032.0,4774.0,0.43308599999999997,1.7104099999999998,BGR,ANS,210390
257696,26,250,5638,2003,738.0,2129.0,0.195667,0.347011,BIH,ANS,210390
257697,31,250,5638,2003,0.0,2287.0,-0.787995,-0.7228899999999999,BOL,ANS,210390
257698,34,250,5638,2003,7245.0,0.0,-1.342738,-0.978633,BRN,ANS,210390
257699,42,250,5638,2003,2893.0,1711.0,-0.06375900000000001,-0.156808,CHL,ANS,210390
257700,44,250,5638,2003,0.0,2963.0,-0.699928,-0.723739,CIV,ANS,210390
257701,45,250,5638,2003,0.0,130355.0,-1.254788,-1.10897,CMR,ANS,210390
257702,49,250,5638,2003,0.0,25574.0,0.218336,0.376869,COL,ANS,210390
257703,52,250,5638,2003,0.0,1525.0,-0.193904,-0.5049680000000001,CRI,ANS,210390
257704,54,250,5638,2003,0.0,1866.0,-0.391515,-0.8562120000000001,CUB,ANS,210390
257705,61,250,5638,2003,22343.0,0.0,2.2821919999999998,-2.0985150000000004,DEU,ANS,210390
257706,63,250,5638,2003,5582.0,2061.0,0.11903299999999999,-0.21768200000000001,DMA,ANS,210390
257707,64,250,5638,2003,0.0,106637.0,1.309564,1.245596,DNK,ANS,210390
257708,71,250,5638,2003,1420.0,0.0,0.960684,2.074792,ESP,ANS,210390
257709,72,250,5638,2003,0.0,2728328.0,0.5913010000000001,0.8489979999999999,EST,ANS,210390
257710,75,250,5638,2003,2476.0,0.0,-0.6865640000000001,-0.326977,FJI,ANS,210390
257711,77,250,5638,2003,0.0,20110.0,1.606606,0.7394149999999999,FRA,ANS,210390
257712,78,250,5638,2003,0.0,29035.0,-0.46422299999999994,-0.8072050000000001,FRO,ANS,210390
257713,91,250,5638,2003,1596.0,0.0,0.3936,-0.258355,GRD,ANS,210390
257714,92,250,5638,2003,0.0,8737.0,-0.764655,-0.8684200000000001,GRL,ANS,210390
257715,93,250,5638,2003,0.0,1772.0,-0.444162,0.145319,GTM,ANS,210390
257716,96,250,5638,2003,2677.0,0.0,-0.59035,-0.7361340000000001,GUY,ANS,210390
257717,97,250,5638,2003,1204696.0,0.0,0.494569,2.147062,HKG,ANS,210390
257718,99,250,5638,2003,0.0,5375.0,-0.733546,-0.568585,HND,ANS,210390
257719,106,250,5638,2003,0.0,91675.0,1.6396130000000002,0.220599,IRL,ANS,210390
257720,110,250,5638,2003,2000.0,0.0,1.157809,0.682195,ISR,ANS,210390
257721,111,250,5638,2003,227052.0,0.0,1.399734,1.044608,ITA,ANS,210390
257722,113,250,5638,2003,78769.0,0.0,0.12295,0.377031,JOR,ANS,210390
257723,116,250,5638,2003,8881.0,0.0,-0.3531,0.582992,KEN,ANS,210390
257724,121,250,5638,2003,0.0,9873.0,1.2611709999999998,0.956308,KOR,ANS,210390
257725,124,250,5638,2003,161061.0,1125.0,0.261687,1.053856,LBN,ANS,210390
257726,127,250,5638,2003,8839.0,1384.0,0.318385,-0.342679,LCA,ANS,210390
257727,132,250,5638,2003,39996.0,1653.0,0.520772,0.5631689999999999,LVA,ANS,210390
257728,136,250,5638,2003,0.0,6263.0,-1.254758,-0.622696,MDG,ANS,210390
257729,138,250,5638,2003,55030.0,0.0,0.862509,0.756684,MEX,ANS,210390
257730,162,250,5638,2003,40523.0,1958.0,1.168453,1.7085709999999998,NLD,ANS,210390
257731,164,250,5638,2003,0.0,27971.0,-0.26353899999999997,1.351717,NPL,ANS,210390
257732,166,250,5638,2003,0.0,195978.0,0.589619,0.997301,NZL,ANS,210390
257733,169,250,5638,2003,24038.0,114442.0,-0.050386,-0.039619999999999995,PAN,ANS,210390
257734,177,250,5638,2003,14263000.0,0.0,0.966622,1.664838,POL,ANS,210390
257735,179,250,5638,2003,14810.0,0.0,0.471376,1.647303,PRT,ANS,210390
257736,185,250,5638,2003,1743.0,1181.0,0.378379,1.0064620000000002,ROU,ANS,210390
257737,186,250,5638,2003,197925.0,0.0,1.072729,0.338355,RUS,ANS,210390
257738,188,250,5638,2003,0.0,3420.0,0.202286,-0.714691,SAU,ANS,210390
257739,191,250,5638,2003,32075.0,0.0,-0.25203600000000004,-0.25549299999999997,SEN,ANS,210390
257740,192,250,5638,2003,12629.0,2421.0,1.5080799999999999,0.720337,SGP,ANS,210390
257741,212,250,5638,2003,0.0,380567.0,-0.868749,-0.326322,SYR,ANS,210390
257742,216,250,5638,2003,24018.0,0.0,0.43010699999999996,1.607408,THA,ANS,210390
257743,222,250,5638,2003,15989.0,0.0,-0.16738,-0.9820969999999999,TTO,ANS,210390
257744,223,250,5638,2003,68729.0,0.0,-0.14845999999999998,0.255092,TUN,ANS,210390
257745,224,250,5638,2003,359117.0,0.0,0.192802,1.9855060000000002,TUR,ANS,210390
257746,236,250,5638,2003,0.0,1324.0,0.277805,-0.783697,VEN,ANS,210390
257747,246,250,5638,2003,12645.0,0.0,0.477987,2.255395,ZAF,ANS,210390
257748,249,250,5638,2003,18131.0,0.0,1.5924040000000002,1.397843,TWN,ANS,210390
257749,14,133,5638,2003,12008.0,0.0,0.316879,0.9409489999999999,AUS,MAC,210390
257750,15,133,5638,2003,1093.0,0.0,1.834977,0.408096,AUT,MAC,210390
257751,32,133,5638,2003,117.0,0.0,0.660576,1.118876,BRA,MAC,210390
257752,39,133,5638,2003,0.0,29100.0,0.9791540000000001,1.185081,CAN,MAC,210390
257753,41,133,5638,2003,4249.0,0.0,2.151037,0.711217,CHE,MAC,210390
257754,43,133,5638,2003,252412.0,2149.0,0.579431,2.773139,CHN,MAC,210390
257755,77,133,5638,2003,560.0,0.0,1.606606,0.7394149999999999,FRA,MAC,210390
257756,81,133,5638,2003,13386.0,0.0,1.8712540000000002,0.706205,GBR,MAC,210390
257757,97,133,5638,2003,2845717.0,5457.0,0.494569,2.147062,HKG,MAC,210390
257758,103,133,5638,2003,45259.0,0.0,-0.16802,1.7252990000000001,IDN,MAC,210390
257759,104,133,5638,2003,4882.0,0.0,0.33014099999999996,2.836003,IND,MAC,210390
257760,111,133,5638,2003,1663.0,0.0,1.399734,1.044608,ITA,MAC,210390
257761,114,133,5638,2003,1871.0,0.0,2.4686630000000003,0.48072600000000004,JPN,MAC,210390
257762,121,133,5638,2003,26118.0,0.0,1.2611709999999998,0.956308,KOR,MAC,210390
257763,153,133,5638,2003,25962.0,0.0,0.728804,0.2168,MYS,MAC,210390
257764,174,133,5638,2003,1097.0,0.0,-0.065022,-0.195144,PHL,MAC,210390
257765,179,133,5638,2003,20323.0,0.0,0.471376,1.647303,PRT,MAC,210390
257766,192,133,5638,2003,7589.0,1669.0,1.5080799999999999,0.720337,SGP,MAC,210390
257767,216,133,5638,2003,1488.0,0.0,0.43010699999999996,1.607408,THA,MAC,210390
257768,231,133,5638,2003,178225.0,0.0,1.7789220000000001,0.064028,USA,MAC,210390
257769,246,133,5638,2003,1011.0,0.0,0.477987,2.255395,ZAF,MAC,210390
257770,249,133,5638,2003,4394.0,100323.0,1.5924040000000002,1.397843,TWN,MAC,210390
257771,14,148,5638,2003,39200.0,0.0,0.316879,0.9409489999999999,AUS,MRT,210390
257772,18,148,5638,2003,40478.0,0.0,1.361682,1.39536,BEL,MRT,210390
257773,71,148,5638,2003,4121.0,0.0,0.960684,2.074792,ESP,MRT,210390
257774,77,148,5638,2003,134976.0,0.0,1.606606,0.7394149999999999,FRA,MRT,210390
257775,81,148,5638,2003,12330.0,0.0,1.8712540000000002,0.706205,GBR,MRT,210390
257776,134,148,5638,2003,1818.0,0.0,-0.6842050000000001,-0.217892,MAR,MRT,210390
257777,162,148,5638,2003,86202.0,0.0,1.168453,1.7085709999999998,NLD,MRT,210390
257778,191,148,5638,2003,22448.0,0.0,-0.25203600000000004,-0.25549299999999997,SEN,MRT,210390
257779,231,148,5638,2003,25199.0,0.0,1.7789220000000001,0.064028,USA,MRT,210390
257780,43,0,5638,2003,10480.0,0.0,0.579431,2.773139,CHN,ABW,210390
257781,49,0,5638,2003,6660.0,0.0,0.218336,0.376869,COL,ABW,210390
257782,65,0,5638,2003,10891.0,0.0,-0.46264399999999994,-0.245034,DOM,ABW,210390
257783,97,0,5638,2003,45753.0,0.0,0.494569,2.147062,HKG,ABW,210390
257784,162,0,5638,2003,222813.0,1131.0,1.168453,1.7085709999999998,NLD,ABW,210390
257785,173,0,5638,2003,2411.0,0.0,-0.48627,0.371354,PER,ABW,210390
257786,174,0,5638,2003,1517.0,0.0,-0.065022,-0.195144,PHL,ABW,210390
257787,205,0,5638,2003,1618.0,0.0,-0.896925,-0.88623,SUR,ABW,210390
257788,222,0,5638,2003,17207.0,0.0,-0.16738,-0.9820969999999999,TTO,ABW,210390
257789,231,0,5638,2003,677896.0,0.0,1.7789220000000001,0.064028,USA,ABW,210390
257790,236,0,5638,2003,53910.0,0.0,0.277805,-0.783697,VEN,ABW,210390
257791,6,3,5638,2003,30128.0,0.0,0.108903,-0.650137,ANT,AIA,210390
257792,77,3,5638,2003,6232.0,0.0,1.606606,0.7394149999999999,FRA,AIA,210390
257793,81,3,5638,2003,6284.0,0.0,1.8712540000000002,0.706205,GBR,AIA,210390
257794,222,3,5638,2003,630.0,0.0,-0.16738,-0.9820969999999999,TTO,AIA,210390
257795,231,3,5638,2003,11695.0,0.0,1.7789220000000001,0.064028,USA,AIA,210390
257796,39,29,5638,2003,1024.0,7269.0,0.9791540000000001,1.185081,CAN,BLZ,210390
257797,43,29,5638,2003,14683.0,0.0,0.579431,2.773139,CHN,BLZ,210390
257798,81,29,5638,2003,254559.0,0.0,1.8712540000000002,0.706205,GBR,BLZ,210390
257799,93,29,5638,2003,50417.0,3644.0,-0.444162,0.145319,GTM,BLZ,210390
257800,97,29,5638,2003,8618.0,0.0,0.494569,2.147062,HKG,BLZ,210390
257801,99,29,5638,2003,0.0,530.0,-0.733546,-0.568585,HND,BLZ,210390
257802,112,29,5638,2003,37994.0,0.0,-0.6684140000000001,-0.915817,JAM,BLZ,210390
257803,114,29,5638,2003,0.0,46323.0,2.4686630000000003,0.48072600000000004,JPN,BLZ,210390
257804,138,29,5638,2003,187539.0,0.0,0.862509,0.756684,MEX,BLZ,210390
257805,153,29,5638,2003,32558.0,0.0,0.728804,0.2168,MYS,BLZ,210390
257806,162,29,5638,2003,19111.0,0.0,1.168453,1.7085709999999998,NLD,BLZ,210390
257807,169,29,5638,2003,58.0,0.0,-0.050386,-0.039619999999999995,PAN,BLZ,210390
257808,197,29,5638,2003,0.0,2125.0,-0.251357,-0.189917,SLV,BLZ,210390
257809,231,29,5638,2003,114778.0,172959.0,1.7789220000000001,0.064028,USA,BLZ,210390
257810,249,29,5638,2003,2097.0,0.0,1.5924040000000002,1.397843,TWN,BLZ,210390
257811,8,31,5638,2003,1393076.0,0.0,0.302073,0.49069700000000005,ARG,BOL,210390
257812,15,31,5638,2003,7067.0,0.0,1.834977,0.408096,AUT,BOL,210390
257813,32,31,5638,2003,30588.0,0.0,0.660576,1.118876,BRA,BOL,210390
257814,42,31,5638,2003,63552.0,0.0,-0.06375900000000001,-0.156808,CHL,BOL,210390
257815,49,31,5638,2003,4956.0,0.0,0.218336,0.376869,COL,BOL,210390
257816,61,31,5638,2003,1722.0,0.0,2.2821919999999998,-2.0985150000000004,DEU,BOL,210390
257817,71,31,5638,2003,6319.0,0.0,0.960684,2.074792,ESP,BOL,210390
257818,111,31,5638,2003,1287.0,0.0,1.399734,1.044608,ITA,BOL,210390
257819,114,31,5638,2003,2991.0,0.0,2.4686630000000003,0.48072600000000004,JPN,BOL,210390
257820,138,31,5638,2003,12288.0,0.0,0.862509,0.756684,MEX,BOL,210390
257821,173,31,5638,2003,297320.0,6604.0,-0.48627,0.371354,PER,BOL,210390
257822,174,31,5638,2003,1279.0,0.0,-0.065022,-0.195144,PHL,BOL,210390
257823,216,31,5638,2003,2163.0,0.0,0.43010699999999996,1.607408,THA,BOL,210390
257824,231,31,5638,2003,29515.0,0.0,1.7789220000000001,0.064028,USA,BOL,210390
257825,236,31,5638,2003,3079.0,0.0,0.277805,-0.783697,VEN,BOL,210390
257826,249,31,5638,2003,6351.0,0.0,1.5924040000000002,1.397843,TWN,BOL,210390
257827,250,31,5638,2003,2287.0,0.0,0.45951499999999995,-0.2312,ANS,BOL,210390
257828,7,136,5638,2003,3417.0,0.0,0.049637,-0.502691,ARE,MDG,210390
257829,18,136,5638,2003,31592.0,0.0,1.361682,1.39536,BEL,MDG,210390
257830,43,136,5638,2003,3755.0,0.0,0.579431,2.773139,CHN,MDG,210390
257831,61,136,5638,2003,1544.0,0.0,2.2821919999999998,-2.0985150000000004,DEU,MDG,210390
257832,71,136,5638,2003,6078.0,0.0,0.960684,2.074792,ESP,MDG,210390
257833,77,136,5638,2003,142213.0,0.0,1.606606,0.7394149999999999,FRA,MDG,210390
257834,97,136,5638,2003,11292.0,0.0,0.494569,2.147062,HKG,MDG,210390
257835,111,136,5638,2003,884.0,0.0,1.399734,1.044608,ITA,MDG,210390
257836,151,136,5638,2003,0.0,2421.0,-0.361514,-0.29839899999999997,MUS,MDG,210390
257837,153,136,5638,2003,2921.0,0.0,0.728804,0.2168,MYS,MDG,210390
257838,162,136,5638,2003,28455.0,2773.0,1.168453,1.7085709999999998,NLD,MDG,210390
257839,167,136,5638,2003,1799.0,0.0,-1.434873,-1.188123,OMN,MDG,210390
257840,216,136,5638,2003,2750.0,0.0,0.43010699999999996,1.607408,THA,MDG,210390
257841,246,136,5638,2003,114383.0,0.0,0.477987,2.255395,ZAF,MDG,210390
257842,250,136,5638,2003,6263.0,0.0,0.45951499999999995,-0.2312,ANS,MDG,210390
257843,32,160,5638,2003,8320.0,0.0,0.660576,1.118876,BRA,NIC,210390
257844,39,160,5638,2003,824.0,0.0,0.9791540000000001,1.185081,CAN,NIC,210390
257845,42,160,5638,2003,9942.0,0.0,-0.06375900000000001,-0.156808,CHL,NIC,210390
257846,52,160,5638,2003,1411189.0,0.0,-0.193904,-0.5049680000000001,CRI,NIC,210390
257847,61,160,5638,2003,1395.0,0.0,2.2821919999999998,-2.0985150000000004,DEU,NIC,210390
257848,81,160,5638,2003,11811.0,0.0,1.8712540000000002,0.706205,GBR,NIC,210390
257849,93,160,5638,2003,214738.0,0.0,-0.444162,0.145319,GTM,NIC,210390
257850,97,160,5638,2003,1759.0,0.0,0.494569,2.147062,HKG,NIC,210390
257851,99,160,5638,2003,29563.0,36430.0,-0.733546,-0.568585,HND,NIC,210390
257852,103,160,5638,2003,731.0,0.0,-0.16802,1.7252990000000001,IDN,NIC,210390
257853,111,160,5638,2003,6000.0,0.0,1.399734,1.044608,ITA,NIC,210390
257854,114,160,5638,2003,1041.0,0.0,2.4686630000000003,0.48072600000000004,JPN,NIC,210390
257855,121,160,5638,2003,1185.0,0.0,1.2611709999999998,0.956308,KOR,NIC,210390
257856,138,160,5638,2003,27761.0,0.0,0.862509,0.756684,MEX,NIC,210390
257857,197,160,5638,2003,861388.0,1909.0,-0.251357,-0.189917,SLV,NIC,210390
257858,224,160,5638,2003,600.0,0.0,0.192802,1.9855060000000002,TUR,NIC,210390
257859,231,160,5638,2003,327866.0,9094.0,1.7789220000000001,0.064028,USA,NIC,210390
257860,246,160,5638,2003,16484.0,0.0,0.477987,2.255395,ZAF,NIC,210390
257861,249,160,5638,2003,1923.0,0.0,1.5924040000000002,1.397843,TWN,NIC,210390
257862,14,182,5638,2003,7683.0,0.0,0.316879,0.9409489999999999,AUS,PYF,210390
257863,18,182,5638,2003,10301.0,0.0,1.361682,1.39536,BEL,PYF,210390
257864,39,182,5638,2003,10676.0,0.0,0.9791540000000001,1.185081,CAN,PYF,210390
257865,41,182,5638,2003,3366.0,0.0,2.151037,0.711217,CHE,PYF,210390
257866,43,182,5638,2003,28046.0,0.0,0.579431,2.773139,CHN,PYF,210390
257867,61,182,5638,2003,12030.0,0.0,2.2821919999999998,-2.0985150000000004,DEU,PYF,210390
257868,71,182,5638,2003,5128.0,0.0,0.960684,2.074792,ESP,PYF,210390
257869,77,182,5638,2003,422906.0,975.0,1.606606,0.7394149999999999,FRA,PYF,210390
257870,81,182,5638,2003,897.0,0.0,1.8712540000000002,0.706205,GBR,PYF,210390
257871,97,182,5638,2003,677204.0,0.0,0.494569,2.147062,HKG,PYF,210390
257872,111,182,5638,2003,7488.0,0.0,1.399734,1.044608,ITA,PYF,210390
257873,114,182,5638,2003,8887.0,0.0,2.4686630000000003,0.48072600000000004,JPN,PYF,210390
257874,138,182,5638,2003,100.0,0.0,0.862509,0.756684,MEX,PYF,210390
257875,162,182,5638,2003,1555.0,0.0,1.168453,1.7085709999999998,NLD,PYF,210390
257876,166,182,5638,2003,55973.0,0.0,0.589619,0.997301,NZL,PYF,210390
257877,174,182,5638,2003,644.0,0.0,-0.065022,-0.195144,PHL,PYF,210390
257878,179,182,5638,2003,4095.0,0.0,0.471376,1.647303,PRT,PYF,210390
257879,216,182,5638,2003,1548.0,0.0,0.43010699999999996,1.607408,THA,PYF,210390
257880,223,182,5638,2003,543.0,0.0,-0.14845999999999998,0.255092,TUN,PYF,210390
257881,231,182,5638,2003,1012977.0,0.0,1.7789220000000001,0.064028,USA,PYF,210390
257882,23,234,5638,2003,1035.0,0.0,0.43308599999999997,1.7104099999999998,BGR,VCT,210390
257883,33,234,5638,2003,0.0,993.0,0.744166,0.074191,BRB,VCT,210390
257884,39,234,5638,2003,5922.0,0.0,0.9791540000000001,1.185081,CAN,VCT,210390
257885,63,234,5638,2003,1103.0,0.0,0.11903299999999999,-0.21768200000000001,DMA,VCT,210390
257886,72,234,5638,2003,1869.0,0.0,0.5913010000000001,0.8489979999999999,EST,VCT,210390
257887,81,234,5638,2003,3998.0,16884.0,1.8712540000000002,0.706205,GBR,VCT,210390
257888,112,234,5638,2003,3939.0,0.0,-0.6684140000000001,-0.915817,JAM,VCT,210390
257889,120,234,5638,2003,0.0,870.0,0.555154,-0.405962,KNA,VCT,210390
257890,127,234,5638,2003,832.0,0.0,0.318385,-0.342679,LCA,VCT,210390
257891,222,234,5638,2003,147936.0,0.0,-0.16738,-0.9820969999999999,TTO,VCT,210390
257892,231,234,5638,2003,51963.0,0.0,1.7789220000000001,0.064028,USA,VCT,210390
257893,237,234,5638,2003,0.0,4963.0,0.685109,-0.20824299999999998,VGB,VCT,210390
257894,61,1,5638,2003,33193.0,0.0,2.2821919999999998,-2.0985150000000004,DEU,AFG,210390
257895,77,1,5638,2003,1132.0,0.0,1.606606,0.7394149999999999,FRA,AFG,210390
257896,81,1,5638,2003,7216.0,0.0,1.8712540000000002,0.706205,GBR,AFG,210390
257897,107,1,5638,2003,2195.0,0.0,-0.552146,-0.8668520000000001,IRN,AFG,210390
257898,162,1,5638,2003,35062.0,0.0,1.168453,1.7085709999999998,NLD,AFG,210390
257899,174,1,5638,2003,1638.0,0.0,-0.065022,-0.195144,PHL,AFG,210390
257900,15,4,5638,2003,107913.0,0.0,1.834977,0.408096,AUT,ALB,210390
257901,59,4,5638,2003,1499.0,0.0,1.555749,0.8662059999999999,CZE,ALB,210390
257902,61,4,5638,2003,27354.0,0.0,2.2821919999999998,-2.0985150000000004,DEU,ALB,210390
257903,90,4,5638,2003,99772.0,0.0,0.364688,1.4823959999999998,GRC,ALB,210390
257904,102,4,5638,2003,7223.0,0.0,1.2003270000000001,1.091407,HUN,ALB,210390
257905,111,4,5638,2003,845465.0,0.0,1.399734,1.044608,ITA,ALB,210390
257906,140,4,5638,2003,4572.0,0.0,-0.017632,0.225394,MKD,ALB,210390
257907,162,4,5638,2003,722.0,0.0,1.168453,1.7085709999999998,NLD,ALB,210390
257908,189,4,5638,2003,12413.0,0.0,0.575326,1.627894,SCG,ALB,210390
257909,207,4,5638,2003,2651.0,0.0,1.6459840000000001,1.014191,SVN,ALB,210390
257910,208,4,5638,2003,302652.0,0.0,2.099224,0.799982,SWE,ALB,210390
257911,250,4,5638,2003,1773.0,0.0,0.45951499999999995,-0.2312,ANS,ALB,210390
257912,41,5,5638,2003,28171.0,0.0,2.151037,0.711217,CHE,AND,210390
257913,61,5,5638,2003,24704.0,0.0,2.2821919999999998,-2.0985150000000004,DEU,AND,210390
257914,71,5,5638,2003,676961.0,1073.0,0.960684,2.074792,ESP,AND,210390
257915,77,5,5638,2003,91782.0,0.0,1.606606,0.7394149999999999,FRA,AND,210390
257916,81,5,5638,2003,27772.0,0.0,1.8712540000000002,0.706205,GBR,AND,210390
257917,111,5,5638,2003,1051.0,0.0,1.399734,1.044608,ITA,AND,210390
257918,114,5,5638,2003,593.0,0.0,2.4686630000000003,0.48072600000000004,JPN,AND,210390
257919,162,5,5638,2003,2698.0,0.0,1.168453,1.7085709999999998,NLD,AND,210390
257920,179,5,5638,2003,1212.0,0.0,0.471376,1.647303,PRT,AND,210390
257921,231,5,5638,2003,1084.0,0.0,1.7789220000000001,0.064028,USA,AND,210390
257922,7,9,5638,2003,22004.0,0.0,0.049637,-0.502691,ARE,ARM,210390
257923,41,9,5638,2003,8196.0,0.0,2.151037,0.711217,CHE,ARM,210390
257924,82,9,5638,2003,63796.0,0.0,0.595485,-0.25939,GEO,ARM,210390
257925,90,9,5638,2003,2843.0,0.0,0.364688,1.4823959999999998,GRC,ARM,210390
257926,111,9,5638,2003,5825.0,0.0,1.399734,1.044608,ITA,ARM,210390
257927,162,9,5638,2003,5150.0,0.0,1.168453,1.7085709999999998,NLD,ARM,210390
257928,186,9,5638,2003,52149.0,5359.0,1.072729,0.338355,RUS,ARM,210390
257929,212,9,5638,2003,4544.0,0.0,-0.868749,-0.326322,SYR,ARM,210390
257930,224,9,5638,2003,21813.0,0.0,0.192802,1.9855060000000002,TUR,ARM,210390
257931,228,9,5638,2003,2570.0,0.0,0.8929389999999999,0.956685,UKR,ARM,210390
257932,231,9,5638,2003,0.0,2325.0,1.7789220000000001,0.064028,USA,ARM,210390
257933,239,9,5638,2003,91283.0,0.0,-0.633985,0.659696,VNM,ARM,210390
257934,18,17,5638,2003,5581.0,0.0,1.361682,1.39536,BEL,BDI,210390
257935,43,17,5638,2003,9621.0,0.0,0.579431,2.773139,CHN,BDI,210390
257936,162,17,5638,2003,1036.0,0.0,1.168453,1.7085709999999998,NLD,BDI,210390
257937,187,17,5638,2003,656.0,0.0,-0.99513,-0.852476,RWA,BDI,210390
257938,246,17,5638,2003,962.0,0.0,0.477987,2.255395,ZAF,BDI,210390
257939,18,21,5638,2003,16340.0,0.0,1.361682,1.39536,BEL,BFA,210390
257940,44,21,5638,2003,186177.0,0.0,-0.699928,-0.723739,CIV,BFA,210390
257941,71,21,5638,2003,31925.0,0.0,0.960684,2.074792,ESP,BFA,210390
257942,77,21,5638,2003,178128.0,0.0,1.606606,0.7394149999999999,FRA,BFA,210390
257943,162,21,5638,2003,109701.0,0.0,1.168453,1.7085709999999998,NLD,BFA,210390
257944,215,21,5638,2003,65125.0,0.0,-0.5058590000000001,-0.520586,TGO,BFA,210390
257945,231,21,5638,2003,7934.0,0.0,1.7789220000000001,0.064028,USA,BFA,210390
257946,7,24,5638,2003,52702.0,0.0,0.049637,-0.502691,ARE,BHR,210390
257947,14,24,5638,2003,16009.0,0.0,0.316879,0.9409489999999999,AUS,BHR,210390
257948,39,24,5638,2003,19123.0,0.0,0.9791540000000001,1.185081,CAN,BHR,210390
257949,43,24,5638,2003,1519.0,0.0,0.579431,2.773139,CHN,BHR,210390
257950,64,24,5638,2003,19115.0,0.0,1.309564,1.245596,DNK,BHR,210390
257951,68,24,5638,2003,93638.0,0.0,-0.292923,0.465433,EGY,BHR,210390
257952,71,24,5638,2003,29373.0,0.0,0.960684,2.074792,ESP,BHR,210390
257953,77,24,5638,2003,37341.0,0.0,1.606606,0.7394149999999999,FRA,BHR,210390
257954,81,24,5638,2003,351488.0,0.0,1.8712540000000002,0.706205,GBR,BHR,210390
257955,90,24,5638,2003,4894.0,0.0,0.364688,1.4823959999999998,GRC,BHR,210390
257956,97,24,5638,2003,4164.0,0.0,0.494569,2.147062,HKG,BHR,210390
257957,104,24,5638,2003,10256.0,0.0,0.33014099999999996,2.836003,IND,BHR,210390
257958,107,24,5638,2003,1899.0,0.0,-0.552146,-0.8668520000000001,IRN,BHR,210390
257959,114,24,5638,2003,7450.0,0.0,2.4686630000000003,0.48072600000000004,JPN,BHR,210390
257960,121,24,5638,2003,2283.0,0.0,1.2611709999999998,0.956308,KOR,BHR,210390
257961,122,24,5638,2003,4306.0,13038.0,-0.7943640000000001,-1.1529770000000001,KWT,BHR,210390
257962,128,24,5638,2003,0.0,991.0,-0.618057,0.101931,LKA,BHR,210390
257963,153,24,5638,2003,57523.0,0.0,0.728804,0.2168,MYS,BHR,210390
257964,162,24,5638,2003,66612.0,0.0,1.168453,1.7085709999999998,NLD,BHR,210390
257965,167,24,5638,2003,276418.0,1169.0,-1.434873,-1.188123,OMN,BHR,210390
257966,174,24,5638,2003,75963.0,0.0,-0.065022,-0.195144,PHL,BHR,210390
257967,183,24,5638,2003,0.0,4529.0,-0.209042,-1.0565799999999999,QAT,BHR,210390
257968,188,24,5638,2003,115346.0,0.0,0.202286,-0.714691,SAU,BHR,210390
257969,192,24,5638,2003,51777.0,0.0,1.5080799999999999,0.720337,SGP,BHR,210390
257970,208,24,5638,2003,940.0,0.0,2.099224,0.799982,SWE,BHR,210390
257971,216,24,5638,2003,98083.0,0.0,0.43010699999999996,1.607408,THA,BHR,210390
257972,224,24,5638,2003,22685.0,0.0,0.192802,1.9855060000000002,TUR,BHR,210390
257973,231,24,5638,2003,679462.0,0.0,1.7789220000000001,0.064028,USA,BHR,210390
257974,246,24,5638,2003,3927.0,0.0,0.477987,2.255395,ZAF,BHR,210390
257975,7,34,5638,2003,4059.0,1488.0,0.049637,-0.502691,ARE,BRN,210390
257976,14,34,5638,2003,15305.0,1423.0,0.316879,0.9409489999999999,AUS,BRN,210390
257977,43,34,5638,2003,24392.0,0.0,0.579431,2.773139,CHN,BRN,210390
257978,61,34,5638,2003,0.0,659.0,2.2821919999999998,-2.0985150000000004,DEU,BRN,210390
257979,81,34,5638,2003,105921.0,0.0,1.8712540000000002,0.706205,GBR,BRN,210390
257980,97,34,5638,2003,48275.0,0.0,0.494569,2.147062,HKG,BRN,210390
257981,103,34,5638,2003,16219.0,1796.0,-0.16802,1.7252990000000001,IDN,BRN,210390
257982,104,34,5638,2003,6430.0,0.0,0.33014099999999996,2.836003,IND,BRN,210390
257983,111,34,5638,2003,8783.0,0.0,1.399734,1.044608,ITA,BRN,210390
257984,153,34,5638,2003,2431168.0,496.0,0.728804,0.2168,MYS,BRN,210390
257985,162,34,5638,2003,762.0,0.0,1.168453,1.7085709999999998,NLD,BRN,210390
257986,174,34,5638,2003,57589.0,0.0,-0.065022,-0.195144,PHL,BRN,210390
257987,192,34,5638,2003,603447.0,12198.0,1.5080799999999999,0.720337,SGP,BRN,210390
257988,216,34,5638,2003,88259.0,1628.0,0.43010699999999996,1.607408,THA,BRN,210390
257989,231,34,5638,2003,16608.0,0.0,1.7789220000000001,0.064028,USA,BRN,210390
257990,249,34,5638,2003,1716.0,0.0,1.5924040000000002,1.397843,TWN,BRN,210390
257991,250,34,5638,2003,0.0,7245.0,0.45951499999999995,-0.2312,ANS,BRN,210390
257992,7,50,5638,2003,3932.0,0.0,0.049637,-0.502691,ARE,COM,210390
257993,77,50,5638,2003,909.0,0.0,1.606606,0.7394149999999999,FRA,COM,210390
257994,246,50,5638,2003,1287.0,0.0,0.477987,2.255395,ZAF,COM,210390
257995,18,62,5638,2003,47454.0,0.0,1.361682,1.39536,BEL,DJI,210390
257996,69,62,5638,2003,0.0,5573.0,-0.105591,-0.247614,ERI,DJI,210390
257997,77,62,5638,2003,105263.0,0.0,1.606606,0.7394149999999999,FRA,DJI,210390
257998,116,62,5638,2003,4812.0,0.0,-0.3531,0.582992,KEN,DJI,210390
257999,142,62,5638,2003,30724.0,0.0,1.2138149999999999,-0.015687,MLT,DJI,210390
258000,162,62,5638,2003,2262.0,0.0,1.168453,1.7085709999999998,NLD,DJI,210390
258001,167,62,5638,2003,0.0,46639.0,-1.434873,-1.188123,OMN,DJI,210390
258002,7,69,5638,2003,2142.0,0.0,0.049637,-0.502691,ARE,ERI,210390
258003,62,69,5638,2003,5573.0,0.0,-0.41648500000000005,-0.5408350000000001,DJI,ERI,210390
258004,111,69,5638,2003,15357.0,0.0,1.399734,1.044608,ITA,ERI,210390
258005,162,69,5638,2003,5071.0,0.0,1.168453,1.7085709999999998,NLD,ERI,210390
258006,188,69,5638,2003,8289.0,0.0,0.202286,-0.714691,SAU,ERI,210390
258007,7,73,5638,2003,5267.0,0.0,0.049637,-0.502691,ARE,ETH,210390
258008,14,73,5638,2003,0.0,1280.0,0.316879,0.9409489999999999,AUS,ETH,210390
258009,41,73,5638,2003,15160.0,0.0,2.151037,0.711217,CHE,ETH,210390
258010,43,73,5638,2003,4893.0,0.0,0.579431,2.773139,CHN,ETH,210390
258011,61,73,5638,2003,19981.0,62290.0,2.2821919999999998,-2.0985150000000004,DEU,ETH,210390
258012,64,73,5638,2003,23720.0,0.0,1.309564,1.245596,DNK,ETH,210390
258013,81,73,5638,2003,653.0,0.0,1.8712540000000002,0.706205,GBR,ETH,210390
258014,90,73,5638,2003,3279.0,0.0,0.364688,1.4823959999999998,GRC,ETH,210390
258015,111,73,5638,2003,1525.0,0.0,1.399734,1.044608,ITA,ETH,210390
258016,142,73,5638,2003,814.0,0.0,1.2138149999999999,-0.015687,MLT,ETH,210390
258017,153,73,5638,2003,1357.0,0.0,0.728804,0.2168,MYS,ETH,210390
258018,162,73,5638,2003,22271.0,0.0,1.168453,1.7085709999999998,NLD,ETH,210390
258019,188,73,5638,2003,7423.0,0.0,0.202286,-0.714691,SAU,ETH,210390
258020,216,73,5638,2003,2050.0,0.0,0.43010699999999996,1.607408,THA,ETH,210390
258021,231,73,5638,2003,21037.0,0.0,1.7789220000000001,0.064028,USA,ETH,210390
258022,246,73,5638,2003,6054.0,0.0,0.477987,2.255395,ZAF,ETH,210390
258023,14,75,5638,2003,286211.0,0.0,0.316879,0.9409489999999999,AUS,FJI,210390
258024,39,75,5638,2003,0.0,3306.0,0.9791540000000001,1.185081,CAN,FJI,210390
258025,43,75,5638,2003,20754.0,0.0,0.579431,2.773139,CHN,FJI,210390
258026,48,75,5638,2003,0.0,1116.0,0.327914,-0.466681,COK,FJI,210390
258027,97,75,5638,2003,13517.0,0.0,0.494569,2.147062,HKG,FJI,210390
258028,103,75,5638,2003,3132.0,0.0,-0.16802,1.7252990000000001,IDN,FJI,210390
258029,114,75,5638,2003,5256.0,0.0,2.4686630000000003,0.48072600000000004,JPN,FJI,210390
258030,121,75,5638,2003,3465.0,0.0,1.2611709999999998,0.956308,KOR,FJI,210390
258031,153,75,5638,2003,19271.0,0.0,0.728804,0.2168,MYS,FJI,210390
258032,156,75,5638,2003,0.0,842.0,-0.344934,-0.776632,NCL,FJI,210390
258033,166,75,5638,2003,1097852.0,3888.0,0.589619,0.997301,NZL,FJI,210390
258034,174,75,5638,2003,3338.0,0.0,-0.065022,-0.195144,PHL,FJI,210390
258035,176,75,5638,2003,1452.0,0.0,-1.7997330000000002,-1.2110049999999999,PNG,FJI,210390
258036,192,75,5638,2003,13419.0,0.0,1.5080799999999999,0.720337,SGP,FJI,210390
258037,216,75,5638,2003,5217.0,0.0,0.43010699999999996,1.607408,THA,FJI,210390
258038,221,75,5638,2003,0.0,1938.0,-0.8467379999999999,-0.815816,TON,FJI,210390
258039,225,75,5638,2003,0.0,1982.0,0.770706,-0.480434,TUV,FJI,210390
258040,231,75,5638,2003,785.0,2369.0,1.7789220000000001,0.064028,USA,FJI,210390
258041,240,75,5638,2003,0.0,4157.0,-0.916386,-0.784439,VUT,FJI,210390
258042,242,75,5638,2003,0.0,9083.0,-0.304377,-0.620659,WSM,FJI,210390
258043,250,75,5638,2003,0.0,2476.0,0.45951499999999995,-0.2312,ANS,FJI,210390
258044,7,87,5638,2003,7697.0,0.0,0.049637,-0.502691,ARE,GMB,210390
258045,18,87,5638,2003,456942.0,0.0,1.361682,1.39536,BEL,GMB,210390
258046,32,87,5638,2003,9034.0,0.0,0.660576,1.118876,BRA,GMB,210390
258047,39,87,5638,2003,2268.0,0.0,0.9791540000000001,1.185081,CAN,GMB,210390
258048,41,87,5638,2003,9777.0,0.0,2.151037,0.711217,CHE,GMB,210390
258049,43,87,5638,2003,75250.0,0.0,0.579431,2.773139,CHN,GMB,210390
258050,61,87,5638,2003,3962.0,0.0,2.2821919999999998,-2.0985150000000004,DEU,GMB,210390
258051,64,87,5638,2003,15572.0,0.0,1.309564,1.245596,DNK,GMB,210390
258052,71,87,5638,2003,211251.0,0.0,0.960684,2.074792,ESP,GMB,210390
258053,77,87,5638,2003,55794.0,0.0,1.606606,0.7394149999999999,FRA,GMB,210390
258054,81,87,5638,2003,1895.0,0.0,1.8712540000000002,0.706205,GBR,GMB,210390
258055,85,87,5638,2003,25267.0,0.0,-2.14752,-1.250048,GIN,GMB,210390
258056,97,87,5638,2003,46523.0,0.0,0.494569,2.147062,HKG,GMB,210390
258057,104,87,5638,2003,5862.0,0.0,0.33014099999999996,2.836003,IND,GMB,210390
258058,124,87,5638,2003,3353.0,0.0,0.261687,1.053856,LBN,GMB,210390
258059,159,87,5638,2003,110056.0,0.0,-1.859176,-1.234236,NGA,GMB,210390
258060,162,87,5638,2003,1808120.0,0.0,1.168453,1.7085709999999998,NLD,GMB,210390
258061,191,87,5638,2003,10850.0,0.0,-0.25203600000000004,-0.25549299999999997,SEN,GMB,210390
258062,231,87,5638,2003,271883.0,0.0,1.7789220000000001,0.064028,USA,GMB,210390
258063,239,87,5638,2003,36150.0,0.0,-0.633985,0.659696,VNM,GMB,210390
258064,246,87,5638,2003,12678.0,0.0,0.477987,2.255395,ZAF,GMB,210390
258065,61,126,5638,2003,1004.0,0.0,2.2821919999999998,-2.0985150000000004,DEU,LBY,210390
258066,66,126,5638,2003,59518.0,0.0,-1.060727,-1.142594,DZA,LBY,210390
258067,71,126,5638,2003,15965.0,0.0,0.960684,2.074792,ESP,LBY,210390
258068,77,126,5638,2003,21505.0,0.0,1.606606,0.7394149999999999,FRA,LBY,210390
258069,111,126,5638,2003,4342.0,0.0,1.399734,1.044608,ITA,LBY,210390
258070,121,126,5638,2003,76290.0,0.0,1.2611709999999998,0.956308,KOR,LBY,210390
258071,142,126,5638,2003,137720.0,0.0,1.2138149999999999,-0.015687,MLT,LBY,210390
258072,162,126,5638,2003,110841.0,0.0,1.168453,1.7085709999999998,NLD,LBY,210390
258073,192,126,5638,2003,1494.0,0.0,1.5080799999999999,0.720337,SGP,LBY,210390
258074,216,126,5638,2003,6643.0,0.0,0.43010699999999996,1.607408,THA,LBY,210390
258075,246,126,5638,2003,1296.0,0.0,0.477987,2.255395,ZAF,LBY,210390
258076,7,137,5638,2003,120528.0,0.0,0.049637,-0.502691,ARE,MDV,210390
258077,14,137,5638,2003,2955.0,0.0,0.316879,0.9409489999999999,AUS,MDV,210390
258078,41,137,5638,2003,608.0,0.0,2.151037,0.711217,CHE,MDV,210390
258079,61,137,5638,2003,2320.0,0.0,2.2821919999999998,-2.0985150000000004,DEU,MDV,210390
258080,77,137,5638,2003,2649.0,0.0,1.606606,0.7394149999999999,FRA,MDV,210390
258081,81,137,5638,2003,907.0,0.0,1.8712540000000002,0.706205,GBR,MDV,210390
258082,103,137,5638,2003,3804.0,0.0,-0.16802,1.7252990000000001,IDN,MDV,210390
258083,104,137,5638,2003,1837.0,0.0,0.33014099999999996,2.836003,IND,MDV,210390
258084,111,137,5638,2003,2614.0,0.0,1.399734,1.044608,ITA,MDV,210390
258085,128,137,5638,2003,12568.0,0.0,-0.618057,0.101931,LKA,MDV,210390
258086,153,137,5638,2003,119907.0,0.0,0.728804,0.2168,MYS,MDV,210390
258087,192,137,5638,2003,216159.0,0.0,1.5080799999999999,0.720337,SGP,MDV,210390
258088,216,137,5638,2003,10576.0,0.0,0.43010699999999996,1.607408,THA,MDV,210390
258089,231,137,5638,2003,38785.0,0.0,1.7789220000000001,0.064028,USA,MDV,210390
258090,246,137,5638,2003,7351.0,0.0,0.477987,2.255395,ZAF,MDV,210390
258091,7,141,5638,2003,17636.0,0.0,0.049637,-0.502691,ARE,MLI,210390
258092,18,141,5638,2003,15216.0,0.0,1.361682,1.39536,BEL,MLI,210390
258093,43,141,5638,2003,5424.0,0.0,0.579431,2.773139,CHN,MLI,210390
258094,44,141,5638,2003,342935.0,0.0,-0.699928,-0.723739,CIV,MLI,210390
258095,77,141,5638,2003,1167568.0,0.0,1.606606,0.7394149999999999,FRA,MLI,210390
258096,81,141,5638,2003,23356.0,0.0,1.8712540000000002,0.706205,GBR,MLI,210390
258097,83,141,5638,2003,7212.0,3162.0,-1.074188,-0.7127319999999999,GHA,MLI,210390
258098,97,141,5638,2003,6316.0,0.0,0.494569,2.147062,HKG,MLI,210390
258099,111,141,5638,2003,5732.0,0.0,1.399734,1.044608,ITA,MLI,210390
258100,116,141,5638,2003,8913.0,0.0,-0.3531,0.582992,KEN,MLI,210390
258101,124,141,5638,2003,583.0,0.0,0.261687,1.053856,LBN,MLI,210390
258102,162,141,5638,2003,25704.0,0.0,1.168453,1.7085709999999998,NLD,MLI,210390
258103,191,141,5638,2003,4783.0,0.0,-0.25203600000000004,-0.25549299999999997,SEN,MLI,210390
258104,224,141,5638,2003,8738.0,0.0,0.192802,1.9855060000000002,TUR,MLI,210390
258105,231,141,5638,2003,22238.0,0.0,1.7789220000000001,0.064028,USA,MLI,210390
258106,246,141,5638,2003,4593.0,0.0,0.477987,2.255395,ZAF,MLI,210390
258107,15,145,5638,2003,12396.0,0.0,1.834977,0.408096,AUT,MNG,210390
258108,18,145,5638,2003,1776.0,0.0,1.361682,1.39536,BEL,MNG,210390
258109,23,145,5638,2003,949.0,0.0,0.43308599999999997,1.7104099999999998,BGR,MNG,210390
258110,43,145,5638,2003,42074.0,0.0,0.579431,2.773139,CHN,MNG,210390
258111,59,145,5638,2003,67434.0,0.0,1.555749,0.8662059999999999,CZE,MNG,210390
258112,61,145,5638,2003,24228.0,0.0,2.2821919999999998,-2.0985150000000004,DEU,MNG,210390
258113,121,145,5638,2003,1616351.0,0.0,1.2611709999999998,0.956308,KOR,MNG,210390
258114,162,145,5638,2003,4970.0,0.0,1.168453,1.7085709999999998,NLD,MNG,210390
258115,177,145,5638,2003,396853.0,0.0,0.966622,1.664838,POL,MNG,210390
258116,186,145,5638,2003,62583.0,0.0,1.072729,0.338355,RUS,MNG,210390
258117,192,145,5638,2003,25932.0,0.0,1.5080799999999999,0.720337,SGP,MNG,210390
258118,231,145,5638,2003,2965.0,0.0,1.7789220000000001,0.064028,USA,MNG,210390
258119,7,151,5638,2003,8258.0,0.0,0.049637,-0.502691,ARE,MUS,210390
258120,14,151,5638,2003,133736.0,0.0,0.316879,0.9409489999999999,AUS,MUS,210390
258121,18,151,5638,2003,37775.0,0.0,1.361682,1.39536,BEL,MUS,210390
258122,43,151,5638,2003,13033.0,0.0,0.579431,2.773139,CHN,MUS,210390
258123,61,151,5638,2003,11626.0,0.0,2.2821919999999998,-2.0985150000000004,DEU,MUS,210390
258124,71,151,5638,2003,1185.0,0.0,0.960684,2.074792,ESP,MUS,210390
258125,77,151,5638,2003,52717.0,161682.0,1.606606,0.7394149999999999,FRA,MUS,210390
258126,81,151,5638,2003,50327.0,0.0,1.8712540000000002,0.706205,GBR,MUS,210390
258127,97,151,5638,2003,45918.0,0.0,0.494569,2.147062,HKG,MUS,210390
258128,103,151,5638,2003,4860.0,0.0,-0.16802,1.7252990000000001,IDN,MUS,210390
258129,104,151,5638,2003,3020.0,0.0,0.33014099999999996,2.836003,IND,MUS,210390
258130,111,151,5638,2003,16954.0,0.0,1.399734,1.044608,ITA,MUS,210390
258131,114,151,5638,2003,8499.0,0.0,2.4686630000000003,0.48072600000000004,JPN,MUS,210390
258132,136,151,5638,2003,2421.0,0.0,-1.254758,-0.622696,MDG,MUS,210390
258133,138,151,5638,2003,0.0,4952.0,0.862509,0.756684,MEX,MUS,210390
258134,153,151,5638,2003,122116.0,0.0,0.728804,0.2168,MYS,MUS,210390
258135,166,151,5638,2003,5384.0,0.0,0.589619,0.997301,NZL,MUS,210390
258136,168,151,5638,2003,1950.0,0.0,-0.6659689999999999,0.137924,PAK,MUS,210390
258137,192,151,5638,2003,95636.0,0.0,1.5080799999999999,0.720337,SGP,MUS,210390
258138,211,151,5638,2003,0.0,9514.0,-0.44341099999999994,-0.742566,SYC,MUS,210390
258139,216,151,5638,2003,388036.0,0.0,0.43010699999999996,1.607408,THA,MUS,210390
258140,231,151,5638,2003,30872.0,12038.0,1.7789220000000001,0.064028,USA,MUS,210390
258141,246,151,5638,2003,394876.0,1112.0,0.477987,2.255395,ZAF,MUS,210390
258142,249,151,5638,2003,833.0,0.0,1.5924040000000002,1.397843,TWN,MUS,210390
258143,39,152,5638,2003,482.0,0.0,0.9791540000000001,1.185081,CAN,MWI,210390
258144,231,152,5638,2003,7291.0,0.0,1.7789220000000001,0.064028,USA,MWI,210390
258145,246,152,5638,2003,199319.0,0.0,0.477987,2.255395,ZAF,MWI,210390
258146,247,152,5638,2003,4966.0,13053.0,-0.678149,-0.5919449999999999,ZMB,MWI,210390
258147,248,152,5638,2003,4806.0,20746.0,-0.366539,-0.18906199999999998,ZWE,MWI,210390
258148,7,154,5638,2003,381.0,0.0,0.049637,-0.502691,ARE,MYT,210390
258149,77,154,5638,2003,116843.0,1119.0,1.606606,0.7394149999999999,FRA,MYT,210390
258150,162,154,5638,2003,1904.0,0.0,1.168453,1.7085709999999998,NLD,MYT,210390
258151,216,154,5638,2003,288.0,0.0,0.43010699999999996,1.607408,THA,MYT,210390
258152,7,157,5638,2003,2582.0,0.0,0.049637,-0.502691,ARE,NER,210390
258153,18,157,5638,2003,17328.0,0.0,1.361682,1.39536,BEL,NER,210390
258154,43,157,5638,2003,636.0,0.0,0.579431,2.773139,CHN,NER,210390
258155,44,157,5638,2003,100156.0,0.0,-0.699928,-0.723739,CIV,NER,210390
258156,77,157,5638,2003,576726.0,0.0,1.606606,0.7394149999999999,FRA,NER,210390
258157,111,157,5638,2003,3079.0,0.0,1.399734,1.044608,ITA,NER,210390
258158,134,157,5638,2003,22383.0,0.0,-0.6842050000000001,-0.217892,MAR,NER,210390
258159,153,157,5638,2003,1309.0,0.0,0.728804,0.2168,MYS,NER,210390
258160,215,157,5638,2003,27873.0,0.0,-0.5058590000000001,-0.520586,TGO,NER,210390
258161,231,157,5638,2003,14537.0,0.0,1.7789220000000001,0.064028,USA,NER,210390
258162,167,199,5638,2003,0.0,6170.0,-1.434873,-1.188123,OMN,SOM,210390
258163,7,211,5638,2003,3617.0,0.0,0.049637,-0.502691,ARE,SYC,210390
258164,14,211,5638,2003,3988.0,0.0,0.316879,0.9409489999999999,AUS,SYC,210390
258165,18,211,5638,2003,16058.0,0.0,1.361682,1.39536,BEL,SYC,210390
258166,43,211,5638,2003,1205.0,0.0,0.579431,2.773139,CHN,SYC,210390
258167,77,211,5638,2003,1954.0,0.0,1.606606,0.7394149999999999,FRA,SYC,210390
258168,81,211,5638,2003,986.0,0.0,1.8712540000000002,0.706205,GBR,SYC,210390
258169,97,211,5638,2003,639.0,0.0,0.494569,2.147062,HKG,SYC,210390
258170,111,211,5638,2003,39558.0,0.0,1.399734,1.044608,ITA,SYC,210390
258171,116,211,5638,2003,5401.0,0.0,-0.3531,0.582992,KEN,SYC,210390
258172,151,211,5638,2003,9514.0,0.0,-0.361514,-0.29839899999999997,MUS,SYC,210390
258173,174,211,5638,2003,2407.0,0.0,-0.065022,-0.195144,PHL,SYC,210390
258174,179,211,5638,2003,3485.0,0.0,0.471376,1.647303,PRT,SYC,210390
258175,192,211,5638,2003,56807.0,0.0,1.5080799999999999,0.720337,SGP,SYC,210390
258176,216,211,5638,2003,2944.0,0.0,0.43010699999999996,1.607408,THA,SYC,210390
258177,231,211,5638,2003,22504.0,0.0,1.7789220000000001,0.064028,USA,SYC,210390
258178,246,211,5638,2003,94175.0,0.0,0.477987,2.255395,ZAF,SYC,210390
258179,7,227,5638,2003,1090.0,0.0,0.049637,-0.502691,ARE,UGA,210390
258180,18,227,5638,2003,2810.0,0.0,1.361682,1.39536,BEL,UGA,210390
258181,61,227,5638,2003,2601.0,0.0,2.2821919999999998,-2.0985150000000004,DEU,UGA,210390
258182,71,227,5638,2003,0.0,1440.0,0.960684,2.074792,ESP,UGA,210390
258183,81,227,5638,2003,198720.0,0.0,1.8712540000000002,0.706205,GBR,UGA,210390
258184,116,227,5638,2003,13169.0,0.0,-0.3531,0.582992,KEN,UGA,210390
258185,162,227,5638,2003,3438.0,0.0,1.168453,1.7085709999999998,NLD,UGA,210390
258186,216,227,5638,2003,14535.0,0.0,0.43010699999999996,1.607408,THA,UGA,210390
258187,231,227,5638,2003,19884.0,0.0,1.7789220000000001,0.064028,USA,UGA,210390
258188,246,227,5638,2003,13119.0,0.0,0.477987,2.255395,ZAF,UGA,210390
258189,43,243,5638,2003,477818.0,0.0,0.579431,2.773139,CHN,YEM,210390
258190,64,243,5638,2003,2719.0,0.0,1.309564,1.245596,DNK,YEM,210390
258191,77,243,5638,2003,19242.0,0.0,1.606606,0.7394149999999999,FRA,YEM,210390
258192,81,243,5638,2003,3941.0,0.0,1.8712540000000002,0.706205,GBR,YEM,210390
258193,97,243,5638,2003,2108.0,0.0,0.494569,2.147062,HKG,YEM,210390
258194,111,243,5638,2003,1522.0,0.0,1.399734,1.044608,ITA,YEM,210390
258195,113,243,5638,2003,23110.0,0.0,0.12295,0.377031,JOR,YEM,210390
258196,153,243,5638,2003,6015.0,0.0,0.728804,0.2168,MYS,YEM,210390
258197,162,243,5638,2003,20359.0,0.0,1.168453,1.7085709999999998,NLD,YEM,210390
258198,167,243,5638,2003,0.0,20238.0,-1.434873,-1.188123,OMN,YEM,210390
258199,188,243,5638,2003,47426.0,0.0,0.202286,-0.714691,SAU,YEM,210390
258200,216,243,5638,2003,2309.0,0.0,0.43010699999999996,1.607408,THA,YEM,210390
258201,231,243,5638,2003,556966.0,0.0,1.7789220000000001,0.064028,USA,YEM,210390
258202,8,2,5638,2003,770557.0,0.0,0.302073,0.49069700000000005,ARG,AGO,210390
258203,18,2,5638,2003,902505.0,0.0,1.361682,1.39536,BEL,AGO,210390
258204,32,2,5638,2003,55618.0,0.0,0.660576,1.118876,BRA,AGO,210390
258205,71,2,5638,2003,1790.0,0.0,0.960684,2.074792,ESP,AGO,210390
258206,77,2,5638,2003,79230.0,0.0,1.606606,0.7394149999999999,FRA,AGO,210390
258207,111,2,5638,2003,6342.0,0.0,1.399734,1.044608,ITA,AGO,210390
258208,153,2,5638,2003,27132.0,0.0,0.728804,0.2168,MYS,AGO,210390
258209,155,2,5638,2003,39071.0,0.0,-0.24004499999999998,-0.39565900000000004,NAM,AGO,210390
258210,162,2,5638,2003,1121981.0,0.0,1.168453,1.7085709999999998,NLD,AGO,210390
258211,167,2,5638,2003,0.0,31118.0,-1.434873,-1.188123,OMN,AGO,210390
258212,179,2,5638,2003,213869.0,0.0,0.471376,1.647303,PRT,AGO,210390
258213,215,2,5638,2003,2062.0,0.0,-0.5058590000000001,-0.520586,TGO,AGO,210390
258214,216,2,5638,2003,1242.0,0.0,0.43010699999999996,1.607408,THA,AGO,210390
258215,246,2,5638,2003,393177.0,0.0,0.477987,2.255395,ZAF,AGO,210390
258216,18,46,5638,2003,1300350.0,0.0,1.361682,1.39536,BEL,COD,210390
258217,131,46,5638,2003,1202.0,0.0,1.444996,1.063764,LUX,COD,210390
258218,162,46,5638,2003,176441.0,0.0,1.168453,1.7085709999999998,NLD,COD,210390
258219,246,46,5638,2003,74588.0,0.0,0.477987,2.255395,ZAF,COD,210390
258220,18,47,5638,2003,581071.0,0.0,1.361682,1.39536,BEL,COG,210390
258221,45,47,5638,2003,32264.0,0.0,-1.254788,-1.10897,CMR,COG,210390
258222,61,47,5638,2003,1010.0,0.0,2.2821919999999998,-2.0985150000000004,DEU,COG,210390
258223,71,47,5638,2003,1847.0,0.0,0.960684,2.074792,ESP,COG,210390
258224,77,47,5638,2003,253537.0,0.0,1.606606,0.7394149999999999,FRA,COG,210390
258225,97,47,5638,2003,4297.0,0.0,0.494569,2.147062,HKG,COG,210390
258226,111,47,5638,2003,1402.0,0.0,1.399734,1.044608,ITA,COG,210390
258227,162,47,5638,2003,135724.0,0.0,1.168453,1.7085709999999998,NLD,COG,210390
258228,224,47,5638,2003,7080.0,0.0,0.192802,1.9855060000000002,TUR,COG,210390
258229,231,47,5638,2003,167482.0,0.0,1.7789220000000001,0.064028,USA,COG,210390
258230,246,47,5638,2003,13529.0,0.0,0.477987,2.255395,ZAF,COG,210390
258231,18,51,5638,2003,2978.0,0.0,1.361682,1.39536,BEL,CPV,210390
258232,32,51,5638,2003,20092.0,0.0,0.660576,1.118876,BRA,CPV,210390
258233,71,51,5638,2003,2289.0,0.0,0.960684,2.074792,ESP,CPV,210390
258234,111,51,5638,2003,13375.0,0.0,1.399734,1.044608,ITA,CPV,210390
258235,162,51,5638,2003,215002.0,0.0,1.168453,1.7085709999999998,NLD,CPV,210390
258236,179,51,5638,2003,38418.0,0.0,0.471376,1.647303,PRT,CPV,210390
258237,231,51,5638,2003,1570.0,0.0,1.7789220000000001,0.064028,USA,CPV,210390
258238,15,78,5638,2003,692.0,0.0,1.834977,0.408096,AUT,FRO,210390
258239,43,78,5638,2003,2524.0,0.0,0.579431,2.773139,CHN,FRO,210390
258240,61,78,5638,2003,6228.0,0.0,2.2821919999999998,-2.0985150000000004,DEU,FRO,210390
258241,64,78,5638,2003,949818.0,0.0,1.309564,1.245596,DNK,FRO,210390
258242,77,78,5638,2003,1270.0,0.0,1.606606,0.7394149999999999,FRA,FRO,210390
258243,81,78,5638,2003,8279.0,0.0,1.8712540000000002,0.706205,GBR,FRO,210390
258244,97,78,5638,2003,1364.0,0.0,0.494569,2.147062,HKG,FRO,210390
258245,109,78,5638,2003,12981.0,0.0,0.21902800000000003,-0.40818499999999996,ISL,FRO,210390
258246,111,78,5638,2003,895.0,0.0,1.399734,1.044608,ITA,FRO,210390
258247,162,78,5638,2003,116382.0,0.0,1.168453,1.7085709999999998,NLD,FRO,210390
258248,163,78,5638,2003,27380.0,0.0,1.1500620000000001,0.258554,NOR,FRO,210390
258249,179,78,5638,2003,746.0,0.0,0.471376,1.647303,PRT,FRO,210390
258250,208,78,5638,2003,1586.0,0.0,2.099224,0.799982,SWE,FRO,210390
258251,216,78,5638,2003,2232.0,0.0,0.43010699999999996,1.607408,THA,FRO,210390
258252,231,78,5638,2003,2231.0,0.0,1.7789220000000001,0.064028,USA,FRO,210390
258253,250,78,5638,2003,29035.0,0.0,0.45951499999999995,-0.2312,ANS,FRO,210390
258254,44,85,5638,2003,53899.0,0.0,-0.699928,-0.723739,CIV,GIN,210390
258255,77,85,5638,2003,75835.0,0.0,1.606606,0.7394149999999999,FRA,GIN,210390
258256,83,85,5638,2003,0.0,210982.0,-1.074188,-0.7127319999999999,GHA,GIN,210390
258257,87,85,5638,2003,0.0,25267.0,-0.230541,-0.275663,GMB,GIN,210390
258258,104,85,5638,2003,2612.0,0.0,0.33014099999999996,2.836003,IND,GIN,210390
258259,124,85,5638,2003,2154.0,0.0,0.261687,1.053856,LBN,GIN,210390
258260,134,85,5638,2003,0.0,9560.0,-0.6842050000000001,-0.217892,MAR,GIN,210390
258261,142,85,5638,2003,42061.0,0.0,1.2138149999999999,-0.015687,MLT,GIN,210390
258262,162,85,5638,2003,53158.0,0.0,1.168453,1.7085709999999998,NLD,GIN,210390
258263,231,85,5638,2003,1472547.0,0.0,1.7789220000000001,0.064028,USA,GIN,210390
258264,18,88,5638,2003,105590.0,0.0,1.361682,1.39536,BEL,GNB,210390
258265,43,88,5638,2003,16901.0,0.0,0.579431,2.773139,CHN,GNB,210390
258266,162,88,5638,2003,112949.0,0.0,1.168453,1.7085709999999998,NLD,GNB,210390
258267,179,88,5638,2003,5054.0,0.0,0.471376,1.647303,PRT,GNB,210390
258268,191,88,5638,2003,18467.0,0.0,-0.25203600000000004,-0.25549299999999997,SEN,GNB,210390
258269,231,88,5638,2003,46465.0,0.0,1.7789220000000001,0.064028,USA,GNB,210390
258270,45,89,5638,2003,27764.0,0.0,-1.254788,-1.10897,CMR,GNQ,210390
258271,64,89,5638,2003,2245.0,0.0,1.309564,1.245596,DNK,GNQ,210390
258272,71,89,5638,2003,30253.0,0.0,0.960684,2.074792,ESP,GNQ,210390
258273,77,89,5638,2003,173175.0,0.0,1.606606,0.7394149999999999,FRA,GNQ,210390
258274,162,89,5638,2003,57682.0,0.0,1.168453,1.7085709999999998,NLD,GNQ,210390
258275,13,91,5638,2003,0.0,1102.0,0.014283,-0.564587,ATG,GRD,210390
258276,39,91,5638,2003,5189.0,0.0,0.9791540000000001,1.185081,CAN,GRD,210390
258277,77,91,5638,2003,675.0,0.0,1.606606,0.7394149999999999,FRA,GRD,210390
258278,81,91,5638,2003,97210.0,1641.0,1.8712540000000002,0.706205,GBR,GRD,210390
258279,112,91,5638,2003,18958.0,0.0,-0.6684140000000001,-0.915817,JAM,GRD,210390
258280,127,91,5638,2003,30777.0,6580.0,0.318385,-0.342679,LCA,GRD,210390
258281,222,91,5638,2003,173046.0,0.0,-0.16738,-0.9820969999999999,TTO,GRD,210390
258282,231,91,5638,2003,32040.0,0.0,1.7789220000000001,0.064028,USA,GRD,210390
258283,236,91,5638,2003,34860.0,0.0,0.277805,-0.783697,VEN,GRD,210390
258284,250,91,5638,2003,0.0,1596.0,0.45951499999999995,-0.2312,ANS,GRD,210390
258285,52,101,5638,2003,256148.0,0.0,-0.193904,-0.5049680000000001,CRI,HTI,210390
258286,61,101,5638,2003,5017.0,0.0,2.2821919999999998,-2.0985150000000004,DEU,HTI,210390
258287,65,101,5638,2003,2052668.0,0.0,-0.46264399999999994,-0.245034,DOM,HTI,210390
258288,138,101,5638,2003,73728.0,0.0,0.862509,0.756684,MEX,HTI,210390
258289,162,101,5638,2003,42979.0,0.0,1.168453,1.7085709999999998,NLD,HTI,210390
258290,216,101,5638,2003,4953.0,0.0,0.43010699999999996,1.607408,THA,HTI,210390
258291,231,101,5638,2003,420126.0,0.0,1.7789220000000001,0.064028,USA,HTI,210390
258292,49,125,5638,2003,1470.0,0.0,0.218336,0.376869,COL,LBR,210390
258293,71,125,5638,2003,4477.0,0.0,0.960684,2.074792,ESP,LBR,210390
258294,72,125,5638,2003,4056.0,0.0,0.5913010000000001,0.8489979999999999,EST,LBR,210390
258295,162,125,5638,2003,20359.0,0.0,1.168453,1.7085709999999998,NLD,LBR,210390
258296,231,125,5638,2003,508199.0,0.0,1.7789220000000001,0.064028,USA,LBR,210390
258297,246,125,5638,2003,12554.0,0.0,0.477987,2.255395,ZAF,LBR,210390
258298,249,125,5638,2003,1133.0,0.0,1.5924040000000002,1.397843,TWN,LBR,210390
258299,43,143,5638,2003,189370.0,0.0,0.579431,2.773139,CHN,MMR,210390
258300,111,143,5638,2003,2852.0,0.0,1.399734,1.044608,ITA,MMR,210390
258301,114,143,5638,2003,11673.0,0.0,2.4686630000000003,0.48072600000000004,JPN,MMR,210390
258302,153,143,5638,2003,46237.0,4030.0,0.728804,0.2168,MYS,MMR,210390
258303,162,143,5638,2003,0.0,2728.0,1.168453,1.7085709999999998,NLD,MMR,210390
258304,174,143,5638,2003,17180.0,0.0,-0.065022,-0.195144,PHL,MMR,210390
258305,192,143,5638,2003,64236.0,0.0,1.5080799999999999,0.720337,SGP,MMR,210390
258306,216,143,5638,2003,743341.0,0.0,0.43010699999999996,1.607408,THA,MMR,210390
258307,14,156,5638,2003,109253.0,0.0,0.316879,0.9409489999999999,AUS,NCL,210390
258308,18,156,5638,2003,34367.0,0.0,1.361682,1.39536,BEL,NCL,210390
258309,39,156,5638,2003,50089.0,0.0,0.9791540000000001,1.185081,CAN,NCL,210390
258310,41,156,5638,2003,465.0,0.0,2.151037,0.711217,CHE,NCL,210390
258311,43,156,5638,2003,3834.0,0.0,0.579431,2.773139,CHN,NCL,210390
258312,61,156,5638,2003,125274.0,0.0,2.2821919999999998,-2.0985150000000004,DEU,NCL,210390
258313,71,156,5638,2003,3977.0,0.0,0.960684,2.074792,ESP,NCL,210390
258314,75,156,5638,2003,842.0,0.0,-0.6865640000000001,-0.326977,FJI,NCL,210390
258315,77,156,5638,2003,549992.0,0.0,1.606606,0.7394149999999999,FRA,NCL,210390
258316,97,156,5638,2003,141854.0,0.0,0.494569,2.147062,HKG,NCL,210390
258317,103,156,5638,2003,2516.0,0.0,-0.16802,1.7252990000000001,IDN,NCL,210390
258318,111,156,5638,2003,1584.0,0.0,1.399734,1.044608,ITA,NCL,210390
258319,114,156,5638,2003,3199.0,0.0,2.4686630000000003,0.48072600000000004,JPN,NCL,210390
258320,153,156,5638,2003,1918.0,0.0,0.728804,0.2168,MYS,NCL,210390
258321,166,156,5638,2003,34212.0,0.0,0.589619,0.997301,NZL,NCL,210390
258322,179,156,5638,2003,491.0,0.0,0.471376,1.647303,PRT,NCL,210390
258323,192,156,5638,2003,3128.0,0.0,1.5080799999999999,0.720337,SGP,NCL,210390
258324,216,156,5638,2003,60603.0,0.0,0.43010699999999996,1.607408,THA,NCL,210390
258325,231,156,5638,2003,417922.0,0.0,1.7789220000000001,0.064028,USA,NCL,210390
258326,239,156,5638,2003,2834.0,0.0,-0.633985,0.659696,VNM,NCL,210390
258327,240,156,5638,2003,0.0,6090.0,-0.916386,-0.784439,VUT,NCL,210390
258328,241,156,5638,2003,0.0,8255.0,0.200787,-0.775126,WLF,NCL,210390
258329,39,196,5638,2003,0.0,2206.0,0.9791540000000001,1.185081,CAN,SLE,210390
258330,43,196,5638,2003,101386.0,0.0,0.579431,2.773139,CHN,SLE,210390
258331,44,196,5638,2003,2956.0,0.0,-0.699928,-0.723739,CIV,SLE,210390
258332,61,196,5638,2003,9109.0,0.0,2.2821919999999998,-2.0985150000000004,DEU,SLE,210390
258333,71,196,5638,2003,40289.0,0.0,0.960684,2.074792,ESP,SLE,210390
258334,81,196,5638,2003,40503.0,0.0,1.8712540000000002,0.706205,GBR,SLE,210390
258335,142,196,5638,2003,32760.0,0.0,1.2138149999999999,-0.015687,MLT,SLE,210390
258336,162,196,5638,2003,71255.0,0.0,1.168453,1.7085709999999998,NLD,SLE,210390
258337,231,196,5638,2003,321548.0,0.0,1.7789220000000001,0.064028,USA,SLE,210390
258338,246,196,5638,2003,3366.0,0.0,0.477987,2.255395,ZAF,SLE,210390
258339,45,214,5638,2003,33861.0,0.0,-1.254788,-1.10897,CMR,TCD,210390
258340,77,214,5638,2003,392756.0,0.0,1.606606,0.7394149999999999,FRA,TCD,210390
258341,43,217,5638,2003,2270.0,0.0,0.579431,2.773139,CHN,TJK,210390
258342,107,217,5638,2003,150322.0,0.0,-0.552146,-0.8668520000000001,IRN,TJK,210390
258343,162,217,5638,2003,12441.0,0.0,1.168453,1.7085709999999998,NLD,TJK,210390
258344,186,217,5638,2003,61682.0,0.0,1.072729,0.338355,RUS,TJK,210390
258345,224,217,5638,2003,1069.0,0.0,0.192802,1.9855060000000002,TUR,TJK,210390
258346,81,220,5638,2003,4433.0,0.0,1.8712540000000002,0.706205,GBR,TLS,210390
258347,103,220,5638,2003,11379.0,0.0,-0.16802,1.7252990000000001,IDN,TLS,210390
258348,114,220,5638,2003,4352.0,0.0,2.4686630000000003,0.48072600000000004,JPN,TLS,210390
258349,162,220,5638,2003,15834.0,0.0,1.168453,1.7085709999999998,NLD,TLS,210390
258350,216,220,5638,2003,3082.0,0.0,0.43010699999999996,1.607408,THA,TLS,210390
258351,15,232,5638,2003,62351.0,0.0,1.834977,0.408096,AUT,UZB,210390
258352,18,232,5638,2003,6189.0,0.0,1.361682,1.39536,BEL,UZB,210390
258353,41,232,5638,2003,1413.0,0.0,2.151037,0.711217,CHE,UZB,210390
258354,43,232,5638,2003,30655.0,0.0,0.579431,2.773139,CHN,UZB,210390
258355,61,232,5638,2003,5045.0,0.0,2.2821919999999998,-2.0985150000000004,DEU,UZB,210390
258356,64,232,5638,2003,2599.0,0.0,1.309564,1.245596,DNK,UZB,210390
258357,107,232,5638,2003,4584.0,0.0,-0.552146,-0.8668520000000001,IRN,UZB,210390
258358,110,232,5638,2003,1000.0,0.0,1.157809,0.682195,ISR,UZB,210390
258359,111,232,5638,2003,3532.0,0.0,1.399734,1.044608,ITA,UZB,210390
258360,162,232,5638,2003,1131.0,0.0,1.168453,1.7085709999999998,NLD,UZB,210390
258361,186,232,5638,2003,305816.0,0.0,1.072729,0.338355,RUS,UZB,210390
258362,224,232,5638,2003,60277.0,0.0,0.192802,1.9855060000000002,TUR,UZB,210390
258363,14,79,5638,2003,5013.0,0.0,0.316879,0.9409489999999999,AUS,FSM,210390
258364,95,79,5638,2003,3602.0,0.0,-0.139991,-0.570695,GUM,FSM,210390
258365,97,79,5638,2003,2066.0,0.0,0.494569,2.147062,HKG,FSM,210390
258366,103,79,5638,2003,1036.0,0.0,-0.16802,1.7252990000000001,IDN,FSM,210390
258367,114,79,5638,2003,81745.0,0.0,2.4686630000000003,0.48072600000000004,JPN,FSM,210390
258368,121,79,5638,2003,27647.0,0.0,1.2611709999999998,0.956308,KOR,FSM,210390
258369,146,79,5638,2003,9060.0,0.0,-0.370942,-0.685771,MNP,FSM,210390
258370,174,79,5638,2003,33990.0,0.0,-0.065022,-0.195144,PHL,FSM,210390
258371,192,79,5638,2003,3317.0,0.0,1.5080799999999999,0.720337,SGP,FSM,210390
258372,231,79,5638,2003,67070.0,0.0,1.7789220000000001,0.064028,USA,FSM,210390
258373,249,79,5638,2003,1038.0,0.0,1.5924040000000002,1.397843,TWN,FSM,210390
258374,14,221,5638,2003,6785.0,0.0,0.316879,0.9409489999999999,AUS,TON,210390
258375,43,221,5638,2003,767.0,0.0,0.579431,2.773139,CHN,TON,210390
258376,75,221,5638,2003,1938.0,0.0,-0.6865640000000001,-0.326977,FJI,TON,210390
258377,103,221,5638,2003,1033.0,0.0,-0.16802,1.7252990000000001,IDN,TON,210390
258378,166,221,5638,2003,16603.0,0.0,0.589619,0.997301,NZL,TON,210390
258379,231,221,5638,2003,27162.0,0.0,1.7789220000000001,0.064028,USA,TON,210390
258380,10,242,5638,2003,3087.0,0.0,1.0088139999999999,0.096969,ASM,WSM,210390
258381,14,242,5638,2003,18839.0,0.0,0.316879,0.9409489999999999,AUS,WSM,210390
258382,75,242,5638,2003,9083.0,0.0,-0.6865640000000001,-0.326977,FJI,WSM,210390
258383,97,242,5638,2003,728.0,0.0,0.494569,2.147062,HKG,WSM,210390
258384,114,242,5638,2003,4353.0,0.0,2.4686630000000003,0.48072600000000004,JPN,WSM,210390
258385,166,242,5638,2003,21775.0,0.0,0.589619,0.997301,NZL,WSM,210390
258386,218,242,5638,2003,0.0,6004.0,0.244606,-0.038999,TKL,WSM,210390
258387,231,242,5638,2003,72998.0,0.0,1.7789220000000001,0.064028,USA,WSM,210390
258388,58,149,5638,2003,0.0,6182.0,0.259992,0.068914,CYP,MSR,210390
258389,63,149,5638,2003,3272.0,0.0,0.11903299999999999,-0.21768200000000001,DMA,MSR,210390
258390,81,149,5638,2003,1758.0,0.0,1.8712540000000002,0.706205,GBR,MSR,210390
258391,222,149,5638,2003,5103.0,0.0,-0.16738,-0.9820969999999999,TTO,MSR,210390
258392,231,149,5638,2003,17188.0,0.0,1.7789220000000001,0.064028,USA,MSR,210390
258393,14,10,5638,2003,1260.0,0.0,0.316879,0.9409489999999999,AUS,ASM,210390
258394,114,10,5638,2003,10825.0,0.0,2.4686630000000003,0.48072600000000004,JPN,ASM,210390
258395,174,10,5638,2003,6970.0,0.0,-0.065022,-0.195144,PHL,ASM,210390
258396,242,10,5638,2003,0.0,3087.0,-0.304377,-0.620659,WSM,ASM,210390
258397,33,30,5638,2003,6954.0,0.0,0.744166,0.074191,BRB,BMU,210390
258398,39,30,5638,2003,1756.0,0.0,0.9791540000000001,1.185081,CAN,BMU,210390
258399,41,30,5638,2003,26508.0,0.0,2.151037,0.711217,CHE,BMU,210390
258400,81,30,5638,2003,183236.0,0.0,1.8712540000000002,0.706205,GBR,BMU,210390
258401,111,30,5638,2003,2902.0,0.0,1.399734,1.044608,ITA,BMU,210390
258402,112,30,5638,2003,5443.0,0.0,-0.6684140000000001,-0.915817,JAM,BMU,210390
258403,231,30,5638,2003,692342.0,0.0,1.7789220000000001,0.064028,USA,BMU,210390
258404,231,40,5638,2003,9737.0,0.0,1.7789220000000001,0.064028,USA,CCK,210390
258405,14,56,5638,2003,1081.0,0.0,0.316879,0.9409489999999999,AUS,CXR,210390
258406,52,57,5638,2003,1762.0,0.0,-0.193904,-0.5049680000000001,CRI,CYM,210390
258407,81,57,5638,2003,28807.0,0.0,1.8712540000000002,0.706205,GBR,CYM,210390
258408,112,57,5638,2003,122996.0,0.0,-0.6684140000000001,-0.915817,JAM,CYM,210390
258409,231,57,5638,2003,259655.0,0.0,1.7789220000000001,0.064028,USA,CYM,210390
258410,71,84,5638,2003,160204.0,0.0,0.960684,2.074792,ESP,GIB,210390
258411,81,84,5638,2003,59343.0,0.0,1.8712540000000002,0.706205,GBR,GIB,210390
258412,111,84,5638,2003,5022.0,0.0,1.399734,1.044608,ITA,GIB,210390
258413,162,84,5638,2003,6786.0,0.0,1.168453,1.7085709999999998,NLD,GIB,210390
258414,41,92,5638,2003,15869.0,0.0,2.151037,0.711217,CHE,GRL,210390
258415,43,92,5638,2003,372.0,0.0,0.579431,2.773139,CHN,GRL,210390
258416,61,92,5638,2003,3476.0,0.0,2.2821919999999998,-2.0985150000000004,DEU,GRL,210390
258417,64,92,5638,2003,897285.0,0.0,1.309564,1.245596,DNK,GRL,210390
258418,77,92,5638,2003,322.0,0.0,1.606606,0.7394149999999999,FRA,GRL,210390
258419,81,92,5638,2003,3643.0,0.0,1.8712540000000002,0.706205,GBR,GRL,210390
258420,109,92,5638,2003,3348.0,0.0,0.21902800000000003,-0.40818499999999996,ISL,GRL,210390
258421,111,92,5638,2003,191.0,0.0,1.399734,1.044608,ITA,GRL,210390
258422,153,92,5638,2003,2963.0,0.0,0.728804,0.2168,MYS,GRL,210390
258423,162,92,5638,2003,3818.0,0.0,1.168453,1.7085709999999998,NLD,GRL,210390
258424,208,92,5638,2003,35554.0,0.0,2.099224,0.799982,SWE,GRL,210390
258425,216,92,5638,2003,586.0,0.0,0.43010699999999996,1.607408,THA,GRL,210390
258426,224,92,5638,2003,1353.0,0.0,0.192802,1.9855060000000002,TUR,GRL,210390
258427,231,92,5638,2003,817.0,0.0,1.7789220000000001,0.064028,USA,GRL,210390
258428,250,92,5638,2003,8737.0,0.0,0.45951499999999995,-0.2312,ANS,GRL,210390
258429,79,95,5638,2003,0.0,3602.0,-1.370191,-1.028812,FSM,GUM,210390
258430,97,95,5638,2003,72297.0,0.0,0.494569,2.147062,HKG,GUM,210390
258431,114,95,5638,2003,619364.0,0.0,2.4686630000000003,0.48072600000000004,JPN,GUM,210390
258432,121,95,5638,2003,32121.0,0.0,1.2611709999999998,0.956308,KOR,GUM,210390
258433,174,95,5638,2003,226038.0,0.0,-0.065022,-0.195144,PHL,GUM,210390
258434,216,95,5638,2003,40288.0,0.0,0.43010699999999996,1.607408,THA,GUM,210390
258435,14,119,5638,2003,22226.0,0.0,0.316879,0.9409489999999999,AUS,KIR,210390
258436,216,119,5638,2003,6498.0,0.0,0.43010699999999996,1.607408,THA,KIR,210390
258437,216,123,5638,2003,1759489.0,0.0,0.43010699999999996,1.607408,THA,LAO,210390
258438,239,123,5638,2003,31362.0,0.0,-0.633985,0.659696,VNM,LAO,210390
258439,43,129,5638,2003,10046.0,0.0,0.579431,2.773139,CHN,LSO,210390
258440,246,129,5638,2003,1015873.0,748.0,0.477987,2.255395,ZAF,LSO,210390
258441,174,139,5638,2003,16507.0,0.0,-0.065022,-0.195144,PHL,MHL,210390
258442,231,139,5638,2003,12621.0,0.0,1.7789220000000001,0.064028,USA,MHL,210390
258443,249,139,5638,2003,2720.0,0.0,1.5924040000000002,1.397843,TWN,MHL,210390
258444,79,146,5638,2003,0.0,9060.0,-1.370191,-1.028812,FSM,MNP,210390
258445,97,146,5638,2003,19539.0,0.0,0.494569,2.147062,HKG,MNP,210390
258446,114,146,5638,2003,199945.0,0.0,2.4686630000000003,0.48072600000000004,JPN,MNP,210390
258447,121,146,5638,2003,35064.0,0.0,1.2611709999999998,0.956308,KOR,MNP,210390
258448,216,146,5638,2003,1098.0,0.0,0.43010699999999996,1.607408,THA,MNP,210390
258449,166,158,5638,2003,6782.0,0.0,0.589619,0.997301,NZL,NFK,210390
258450,14,165,5638,2003,17625.0,0.0,0.316879,0.9409489999999999,AUS,NRU,210390
258451,114,175,5638,2003,56755.0,0.0,2.4686630000000003,0.48072600000000004,JPN,PLW,210390
258452,174,175,5638,2003,22619.0,0.0,-0.065022,-0.195144,PHL,PLW,210390
258453,249,175,5638,2003,4152.0,0.0,1.5924040000000002,1.397843,TWN,PLW,210390
258454,14,225,5638,2003,22893.0,0.0,0.316879,0.9409489999999999,AUS,TUV,210390
258455,75,225,5638,2003,1982.0,0.0,-0.6865640000000001,-0.326977,FJI,TUV,210390
258456,174,225,5638,2003,0.0,10350.0,-0.065022,-0.195144,PHL,TUV,210390
258457,14,229,5638,2003,4600.0,0.0,0.316879,0.9409489999999999,AUS,UMI,210390
258458,174,229,5638,2003,186955.0,0.0,-0.065022,-0.195144,PHL,UMI,210390
258459,14,240,5638,2003,18254.0,0.0,0.316879,0.9409489999999999,AUS,VUT,210390
258460,75,240,5638,2003,4157.0,0.0,-0.6865640000000001,-0.326977,FJI,VUT,210390
258461,77,240,5638,2003,12450.0,0.0,1.606606,0.7394149999999999,FRA,VUT,210390
258462,97,240,5638,2003,4333.0,0.0,0.494569,2.147062,HKG,VUT,210390
258463,111,240,5638,2003,15964.0,0.0,1.399734,1.044608,ITA,VUT,210390
258464,156,240,5638,2003,6090.0,0.0,-0.344934,-0.776632,NCL,VUT,210390
258465,166,240,5638,2003,1676.0,0.0,0.589619,0.997301,NZL,VUT,210390
258466,176,240,5638,2003,2958.0,0.0,-1.7997330000000002,-1.2110049999999999,PNG,VUT,210390
258467,192,240,5638,2003,4265.0,0.0,1.5080799999999999,0.720337,SGP,VUT,210390
258468,14,241,5638,2003,892.0,0.0,0.316879,0.9409489999999999,AUS,WLF,210390
258469,43,241,5638,2003,1767.0,0.0,0.579431,2.773139,CHN,WLF,210390
258470,77,241,5638,2003,24658.0,0.0,1.606606,0.7394149999999999,FRA,WLF,210390
258471,156,241,5638,2003,8255.0,0.0,-0.344934,-0.776632,NCL,WLF,210390
258472,166,241,5638,2003,2605.0,0.0,0.589619,0.997301,NZL,WLF,210390
258473,37,248,5638,2003,0.0,29845.0,-0.517317,-1.1125770000000001,BWA,ZWE,210390
258474,81,248,5638,2003,18402.0,0.0,1.8712540000000002,0.706205,GBR,ZWE,210390
258475,116,248,5638,2003,0.0,6336.0,-0.3531,0.582992,KEN,ZWE,210390
258476,152,248,5638,2003,20746.0,4806.0,-1.48079,-1.235645,MWI,ZWE,210390
258477,246,248,5638,2003,807297.0,1357.0,0.477987,2.255395,ZAF,ZWE,210390
258478,247,248,5638,2003,0.0,45014.0,-0.678149,-0.5919449999999999,ZMB,ZWE,210390
258479,18,38,5638,2003,3447.0,0.0,1.361682,1.39536,BEL,CAF,210390
258480,45,38,5638,2003,16042.0,0.0,-1.254788,-1.10897,CMR,CAF,210390
258481,77,38,5638,2003,2926.0,0.0,1.606606,0.7394149999999999,FRA,CAF,210390
258482,242,218,5638,2003,6004.0,0.0,-0.304377,-0.620659,WSM,TKL,210390
258483,81,194,5638,2003,13969.0,0.0,1.8712540000000002,0.706205,GBR,SHN,210390
258484,246,194,5638,2003,7663.0,0.0,0.477987,2.255395,ZAF,SHN,210390
258485,81,76,5638,2003,42027.0,0.0,1.8712540000000002,0.706205,GBR,FLK,210390
258486,39,200,5638,2003,26352.0,0.0,0.9791540000000001,1.185081,CAN,SPM,210390
258487,77,200,5638,2003,40747.0,0.0,1.606606,0.7394149999999999,FRA,SPM,210390
258488,162,200,5638,2003,6786.0,0.0,1.168453,1.7085709999999998,NLD,SPM,210390
258489,65,213,5638,2003,1137.0,0.0,-0.46264399999999994,-0.245034,DOM,TCA,210390
258490,81,213,5638,2003,11809.0,0.0,1.8712540000000002,0.706205,GBR,TCA,210390
258491,112,213,5638,2003,4075.0,15880.0,-0.6684140000000001,-0.915817,JAM,TCA,210390
258492,231,213,5638,2003,477017.0,0.0,1.7789220000000001,0.064028,USA,TCA,210390
258493,166,161,5638,2003,9466.0,0.0,0.589619,0.997301,NZL,NIU,210390
258494,3,6,5639,2003,0.0,24003.0,1.159575,-0.060911,AIA,ANT,210410
258495,49,6,5639,2003,1627.0,0.0,0.218336,0.376869,COL,ANT,210410
258496,65,6,5639,2003,8524.0,0.0,-0.46264399999999994,-0.245034,DOM,ANT,210410
258497,77,6,5639,2003,6791.0,0.0,1.606606,0.7394149999999999,FRA,ANT,210410
258498,112,6,5639,2003,1971.0,0.0,-0.6684140000000001,-0.915817,JAM,ANT,210410
258499,162,6,5639,2003,195668.0,0.0,1.168453,1.7085709999999998,NLD,ANT,210410
258500,216,6,5639,2003,7832.0,0.0,0.43010699999999996,1.607408,THA,ANT,210410
258501,222,6,5639,2003,1388.0,0.0,-0.16738,-0.9820969999999999,TTO,ANT,210410
258502,231,6,5639,2003,291923.0,0.0,1.7789220000000001,0.064028,USA,ANT,210410
258503,236,6,5639,2003,4169.0,0.0,0.277805,-0.783697,VEN,ANT,210410
258504,14,7,5639,2003,25913.0,0.0,0.316879,0.9409489999999999,AUS,ARE,210410
258505,24,7,5639,2003,0.0,2750.0,-0.10968800000000001,-1.041032,BHR,ARE,210410
258506,41,7,5639,2003,45454.0,0.0,2.151037,0.711217,CHE,ARE,210410
258507,43,7,5639,2003,15730.0,0.0,0.579431,2.773139,CHN,ARE,210410
258508,61,7,5639,2003,1008.0,0.0,2.2821919999999998,-2.0985150000000004,DEU,ARE,210410
258509,64,7,5639,2003,45736.0,0.0,1.309564,1.245596,DNK,ARE,210410
258510,68,7,5639,2003,751754.0,0.0,-0.292923,0.465433,EGY,ARE,210410
258511,71,7,5639,2003,322169.0,0.0,0.960684,2.074792,ESP,ARE,210410
258512,81,7,5639,2003,540213.0,3341.0,1.8712540000000002,0.706205,GBR,ARE,210410
258513,103,7,5639,2003,8641.0,0.0,-0.16802,1.7252990000000001,IDN,ARE,210410
258514,107,7,5639,2003,0.0,5839.0,-0.552146,-0.8668520000000001,IRN,ARE,210410
258515,111,7,5639,2003,26456.0,4545.0,1.399734,1.044608,ITA,ARE,210410
258516,114,7,5639,2003,1911.0,0.0,2.4686630000000003,0.48072600000000004,JPN,ARE,210410
258517,122,7,5639,2003,23154.0,9286.0,-0.7943640000000001,-1.1529770000000001,KWT,ARE,210410
258518,134,7,5639,2003,23760.0,0.0,-0.6842050000000001,-0.217892,MAR,ARE,210410
258519,137,7,5639,2003,0.0,8303.0,-1.201352,-1.031892,MDV,ARE,210410
258520,153,7,5639,2003,53690.0,0.0,0.728804,0.2168,MYS,ARE,210410
258521,162,7,5639,2003,122335.0,0.0,1.168453,1.7085709999999998,NLD,ARE,210410
258522,174,7,5639,2003,132798.0,0.0,-0.065022,-0.195144,PHL,ARE,210410
258523,188,7,5639,2003,57132.0,0.0,0.202286,-0.714691,SAU,ARE,210410
258524,216,7,5639,2003,56795.0,0.0,0.43010699999999996,1.607408,THA,ARE,210410
258525,224,7,5639,2003,1166234.0,0.0,0.192802,1.9855060000000002,TUR,ARE,210410
258526,226,7,5639,2003,0.0,1497.0,-1.225217,-0.43662399999999996,TZA,ARE,210410
258527,227,7,5639,2003,0.0,761.0,-0.895193,-0.712039,UGA,ARE,210410
258528,231,7,5639,2003,200491.0,0.0,1.7789220000000001,0.064028,USA,ARE,210410
258529,246,7,5639,2003,1436.0,0.0,0.477987,2.255395,ZAF,ARE,210410
258530,18,8,5639,2003,0.0,4121.0,1.361682,1.39536,BEL,ARG,210410
258531,19,8,5639,2003,0.0,25250.0,-1.150888,-0.956203,BEN,ARG,210410
258532,31,8,5639,2003,0.0,96893.0,-0.787995,-0.7228899999999999,BOL,ARG,210410
258533,32,8,5639,2003,1214275.0,24553.0,0.660576,1.118876,BRA,ARG,210410
258534,39,8,5639,2003,0.0,55662.0,0.9791540000000001,1.185081,CAN,ARG,210410
258535,42,8,5639,2003,370699.0,289421.0,-0.06375900000000001,-0.156808,CHL,ARG,210410
258536,61,8,5639,2003,0.0,195924.0,2.2821919999999998,-2.0985150000000004,DEU,ARG,210410
258537,71,8,5639,2003,4336.0,0.0,0.960684,2.074792,ESP,ARG,210410
258538,83,8,5639,2003,0.0,19256.0,-1.074188,-0.7127319999999999,GHA,ARG,210410
258539,99,8,5639,2003,0.0,32907.0,-0.733546,-0.568585,HND,ARG,210410
258540,101,8,5639,2003,0.0,1105190.0,-1.3761290000000002,-1.006346,HTI,ARG,210410
258541,114,8,5639,2003,5279.0,0.0,2.4686630000000003,0.48072600000000004,JPN,ARG,210410
258542,121,8,5639,2003,2222.0,111233.0,1.2611709999999998,0.956308,KOR,ARG,210410
258543,125,8,5639,2003,0.0,27713.0,0.026117,-1.03888,LBR,ARG,210410
258544,138,8,5639,2003,0.0,6961.0,0.862509,0.756684,MEX,ARG,210410
258545,159,8,5639,2003,0.0,10147.0,-1.859176,-1.234236,NGA,ARG,210410
258546,162,8,5639,2003,0.0,5403.0,1.168453,1.7085709999999998,NLD,ARG,210410
258547,180,8,5639,2003,0.0,225439.0,-0.607733,-0.8577879999999999,PRY,ARG,210410
258548,191,8,5639,2003,0.0,22925.0,-0.25203600000000004,-0.25549299999999997,SEN,ARG,210410
258549,196,8,5639,2003,0.0,23394.0,0.129923,-0.19926300000000002,SLE,ARG,210410
258550,205,8,5639,2003,0.0,160105.0,-0.896925,-0.88623,SUR,ARG,210410
258551,215,8,5639,2003,0.0,50341.0,-0.5058590000000001,-0.520586,TGO,ARG,210410
258552,230,8,5639,2003,0.0,461298.0,0.19792200000000001,0.243104,URY,ARG,210410
258553,231,8,5639,2003,22748.0,3225349.0,1.7789220000000001,0.064028,USA,ARG,210410
258554,14,15,5639,2003,1211.0,0.0,0.316879,0.9409489999999999,AUS,AUT,210410
258555,18,15,5639,2003,23424.0,2046109.0,1.361682,1.39536,BEL,AUT,210410
258556,39,15,5639,2003,9640.0,0.0,0.9791540000000001,1.185081,CAN,AUT,210410
258557,41,15,5639,2003,3145094.0,1431582.0,2.151037,0.711217,CHE,AUT,210410
258558,43,15,5639,2003,3712.0,0.0,0.579431,2.773139,CHN,AUT,210410
258559,58,15,5639,2003,0.0,52280.0,0.259992,0.068914,CYP,AUT,210410
258560,59,15,5639,2003,0.0,79456.0,1.555749,0.8662059999999999,CZE,AUT,210410
258561,61,15,5639,2003,9889425.0,2508730.0,2.2821919999999998,-2.0985150000000004,DEU,AUT,210410
258562,64,15,5639,2003,261835.0,335340.0,1.309564,1.245596,DNK,AUT,210410
258563,71,15,5639,2003,1290.0,272420.0,0.960684,2.074792,ESP,AUT,210410
258564,74,15,5639,2003,0.0,501591.0,2.077889,0.942501,FIN,AUT,210410
258565,77,15,5639,2003,103148.0,182794.0,1.606606,0.7394149999999999,FRA,AUT,210410
258566,78,15,5639,2003,0.0,810.0,-0.46422299999999994,-0.8072050000000001,FRO,AUT,210410
258567,81,15,5639,2003,34845.0,2569454.0,1.8712540000000002,0.706205,GBR,AUT,210410
258568,90,15,5639,2003,2953.0,32195.0,0.364688,1.4823959999999998,GRC,AUT,210410
258569,100,15,5639,2003,50562.0,1623.0,0.568394,1.230759,HRV,AUT,210410
258570,102,15,5639,2003,11744.0,7405.0,1.2003270000000001,1.091407,HUN,AUT,210410
258571,106,15,5639,2003,2615.0,213402.0,1.6396130000000002,0.220599,IRL,AUT,210410
258572,110,15,5639,2003,1592.0,0.0,1.157809,0.682195,ISR,AUT,210410
258573,111,15,5639,2003,290236.0,233295.0,1.399734,1.044608,ITA,AUT,210410
258574,114,15,5639,2003,9539.0,0.0,2.4686630000000003,0.48072600000000004,JPN,AUT,210410
258575,121,15,5639,2003,26748.0,0.0,1.2611709999999998,0.956308,KOR,AUT,210410
258576,130,15,5639,2003,0.0,6938.0,0.239608,0.517299,LTU,AUT,210410
258577,140,15,5639,2003,0.0,3057.0,-0.017632,0.225394,MKD,AUT,210410
258578,162,15,5639,2003,680418.0,127565.0,1.168453,1.7085709999999998,NLD,AUT,210410
258579,163,15,5639,2003,5138.0,20560.0,1.1500620000000001,0.258554,NOR,AUT,210410
258580,174,15,5639,2003,3233.0,1464.0,-0.065022,-0.195144,PHL,AUT,210410
258581,177,15,5639,2003,0.0,4974.0,0.966622,1.664838,POL,AUT,210410
258582,186,15,5639,2003,0.0,1545.0,1.072729,0.338355,RUS,AUT,210410
258583,189,15,5639,2003,0.0,21055.0,0.575326,1.627894,SCG,AUT,210410
258584,192,15,5639,2003,0.0,8143.0,1.5080799999999999,0.720337,SGP,AUT,210410
258585,206,15,5639,2003,0.0,16623.0,1.22565,0.915518,SVK,AUT,210410
258586,207,15,5639,2003,0.0,1202034.0,1.6459840000000001,1.014191,SVN,AUT,210410
258587,208,15,5639,2003,159979.0,1024220.0,2.099224,0.799982,SWE,AUT,210410
258588,212,15,5639,2003,0.0,10167.0,-0.868749,-0.326322,SYR,AUT,210410
258589,216,15,5639,2003,15121.0,0.0,0.43010699999999996,1.607408,THA,AUT,210410
258590,224,15,5639,2003,15362.0,0.0,0.192802,1.9855060000000002,TUR,AUT,210410
258591,228,15,5639,2003,0.0,1319.0,0.8929389999999999,0.956685,UKR,AUT,210410
258592,231,15,5639,2003,16323.0,0.0,1.7789220000000001,0.064028,USA,AUT,210410
258593,249,15,5639,2003,1415.0,0.0,1.5924040000000002,1.397843,TWN,AUT,210410
258594,8,18,5639,2003,4121.0,0.0,0.302073,0.49069700000000005,ARG,BEL,210410
258595,15,18,5639,2003,2046109.0,23424.0,1.834977,0.408096,AUT,BEL,210410
258596,17,18,5639,2003,0.0,941.0,-0.550138,-0.759304,BDI,BEL,210410
258597,39,18,5639,2003,3666.0,0.0,0.9791540000000001,1.185081,CAN,BEL,210410
258598,41,18,5639,2003,793337.0,472675.0,2.151037,0.711217,CHE,BEL,210410
258599,43,18,5639,2003,19266.0,0.0,0.579431,2.773139,CHN,BEL,210410
258600,44,18,5639,2003,996.0,0.0,-0.699928,-0.723739,CIV,BEL,210410
258601,46,18,5639,2003,0.0,145793.0,-1.366232,-1.0778860000000001,COD,BEL,210410
258602,58,18,5639,2003,0.0,1291.0,0.259992,0.068914,CYP,BEL,210410
258603,59,18,5639,2003,0.0,19224.0,1.555749,0.8662059999999999,CZE,BEL,210410
258604,61,18,5639,2003,6161214.0,5098240.0,2.2821919999999998,-2.0985150000000004,DEU,BEL,210410
258605,64,18,5639,2003,174827.0,43042.0,1.309564,1.245596,DNK,BEL,210410
258606,71,18,5639,2003,1333092.0,123372.0,0.960684,2.074792,ESP,BEL,210410
258607,74,18,5639,2003,46826.0,4036.0,2.077889,0.942501,FIN,BEL,210410
258608,77,18,5639,2003,12336191.0,2575997.0,1.606606,0.7394149999999999,FRA,BEL,210410
258609,81,18,5639,2003,830809.0,947630.0,1.8712540000000002,0.706205,GBR,BEL,210410
258610,83,18,5639,2003,8366.0,20008.0,-1.074188,-0.7127319999999999,GHA,BEL,210410
258611,90,18,5639,2003,0.0,2195.0,0.364688,1.4823959999999998,GRC,BEL,210410
258612,97,18,5639,2003,14971.0,100108.0,0.494569,2.147062,HKG,BEL,210410
258613,102,18,5639,2003,6353.0,4849.0,1.2003270000000001,1.091407,HUN,BEL,210410
258614,104,18,5639,2003,0.0,1133.0,0.33014099999999996,2.836003,IND,BEL,210410
258615,106,18,5639,2003,0.0,4129.0,1.6396130000000002,0.220599,IRL,BEL,210410
258616,109,18,5639,2003,0.0,1692.0,0.21902800000000003,-0.40818499999999996,ISL,BEL,210410
258617,110,18,5639,2003,305409.0,7599.0,1.157809,0.682195,ISR,BEL,210410
258618,111,18,5639,2003,3462192.0,45551.0,1.399734,1.044608,ITA,BEL,210410
258619,114,18,5639,2003,83033.0,0.0,2.4686630000000003,0.48072600000000004,JPN,BEL,210410
258620,121,18,5639,2003,0.0,1290.0,1.2611709999999998,0.956308,KOR,BEL,210410
258621,122,18,5639,2003,0.0,11288.0,-0.7943640000000001,-1.1529770000000001,KWT,BEL,210410
258622,124,18,5639,2003,9622.0,0.0,0.261687,1.053856,LBN,BEL,210410
258623,127,18,5639,2003,0.0,29958.0,0.318385,-0.342679,LCA,BEL,210410
258624,131,18,5639,2003,98485.0,2860045.0,1.444996,1.063764,LUX,BEL,210410
258625,134,18,5639,2003,141191.0,0.0,-0.6842050000000001,-0.217892,MAR,BEL,210410
258626,138,18,5639,2003,0.0,1635.0,0.862509,0.756684,MEX,BEL,210410
258627,141,18,5639,2003,0.0,1953.0,-0.786411,-0.879049,MLI,BEL,210410
258628,142,18,5639,2003,0.0,1393.0,1.2138149999999999,-0.015687,MLT,BEL,210410
258629,159,18,5639,2003,26827.0,0.0,-1.859176,-1.234236,NGA,BEL,210410
258630,162,18,5639,2003,40628304.0,6770074.0,1.168453,1.7085709999999998,NLD,BEL,210410
258631,163,18,5639,2003,31672.0,25714.0,1.1500620000000001,0.258554,NOR,BEL,210410
258632,174,18,5639,2003,8841.0,0.0,-0.065022,-0.195144,PHL,BEL,210410
258633,177,18,5639,2003,3317.0,2215.0,0.966622,1.664838,POL,BEL,210410
258634,179,18,5639,2003,8189.0,3485.0,0.471376,1.647303,PRT,BEL,210410
258635,185,18,5639,2003,0.0,1585.0,0.378379,1.0064620000000002,ROU,BEL,210410
258636,192,18,5639,2003,0.0,17196.0,1.5080799999999999,0.720337,SGP,BEL,210410
258637,206,18,5639,2003,0.0,5126.0,1.22565,0.915518,SVK,BEL,210410
258638,208,18,5639,2003,44872.0,5383837.0,2.099224,0.799982,SWE,BEL,210410
258639,215,18,5639,2003,0.0,1107.0,-0.5058590000000001,-0.520586,TGO,BEL,210410
258640,216,18,5639,2003,22050.0,0.0,0.43010699999999996,1.607408,THA,BEL,210410
258641,224,18,5639,2003,725976.0,0.0,0.192802,1.9855060000000002,TUR,BEL,210410
258642,227,18,5639,2003,0.0,4209.0,-0.895193,-0.712039,UGA,BEL,210410
258643,231,18,5639,2003,25559.0,0.0,1.7789220000000001,0.064028,USA,BEL,210410
258644,239,18,5639,2003,11646.0,0.0,-0.633985,0.659696,VNM,BEL,210410
258645,249,18,5639,2003,2835.0,0.0,1.5924040000000002,1.397843,TWN,BEL,210410
258646,14,22,5639,2003,2588.0,0.0,0.316879,0.9409489999999999,AUS,BGD,210410
258647,39,22,5639,2003,2235.0,0.0,0.9791540000000001,1.185081,CAN,BGD,210410
258648,104,22,5639,2003,233123.0,0.0,0.33014099999999996,2.836003,IND,BGD,210410
258649,111,22,5639,2003,0.0,1860.0,1.399734,1.044608,ITA,BGD,210410
258650,153,22,5639,2003,240966.0,0.0,0.728804,0.2168,MYS,BGD,210410
258651,192,22,5639,2003,5236.0,0.0,1.5080799999999999,0.720337,SGP,BGD,210410
258652,216,22,5639,2003,4137.0,0.0,0.43010699999999996,1.607408,THA,BGD,210410
258653,39,25,5639,2003,1889.0,0.0,0.9791540000000001,1.185081,CAN,BHS,210410
258654,81,25,5639,2003,8542.0,0.0,1.8712540000000002,0.706205,GBR,BHS,210410
258655,112,25,5639,2003,7558.0,0.0,-0.6684140000000001,-0.915817,JAM,BHS,210410
258656,231,25,5639,2003,1574724.0,2418.0,1.7789220000000001,0.064028,USA,BHS,210410
258657,2,32,5639,2003,0.0,452538.0,-1.8762919999999998,-1.176541,AGO,BRA,210410
258658,8,32,5639,2003,24553.0,1214275.0,0.302073,0.49069700000000005,ARG,BRA,210410
258659,31,32,5639,2003,0.0,37595.0,-0.787995,-0.7228899999999999,BOL,BRA,210410
258660,39,32,5639,2003,0.0,6696.0,0.9791540000000001,1.185081,CAN,BRA,210410
258661,41,32,5639,2003,57856.0,0.0,2.151037,0.711217,CHE,BRA,210410
258662,42,32,5639,2003,24812.0,137490.0,-0.06375900000000001,-0.156808,CHL,BRA,210410
258663,43,32,5639,2003,66793.0,0.0,0.579431,2.773139,CHN,BRA,210410
258664,51,32,5639,2003,0.0,35694.0,0.070649,-0.541279,CPV,BRA,210410
258665,54,32,5639,2003,0.0,141211.0,-0.391515,-0.8562120000000001,CUB,BRA,210410
258666,59,32,5639,2003,0.0,1638.0,1.555749,0.8662059999999999,CZE,BRA,210410
258667,61,32,5639,2003,1010.0,0.0,2.2821919999999998,-2.0985150000000004,DEU,BRA,210410
258668,67,32,5639,2003,0.0,830986.0,-0.8689370000000001,-0.889767,ECU,BRA,210410
258669,71,32,5639,2003,8634.0,0.0,0.960684,2.074792,ESP,BRA,210410
258670,99,32,5639,2003,0.0,10257.0,-0.733546,-0.568585,HND,BRA,210410
258671,104,32,5639,2003,32735.0,0.0,0.33014099999999996,2.836003,IND,BRA,210410
258672,110,32,5639,2003,14968.0,0.0,1.157809,0.682195,ISR,BRA,210410
258673,111,32,5639,2003,130516.0,6850.0,1.399734,1.044608,ITA,BRA,210410
258674,114,32,5639,2003,23300.0,276178.0,2.4686630000000003,0.48072600000000004,JPN,BRA,210410
258675,121,32,5639,2003,2482.0,149030.0,1.2611709999999998,0.956308,KOR,BRA,210410
258676,127,32,5639,2003,0.0,2841.0,0.318385,-0.342679,LCA,BRA,210410
258677,131,32,5639,2003,15534.0,0.0,1.444996,1.063764,LUX,BRA,210410
258678,160,32,5639,2003,0.0,4691.0,-0.8661459999999999,-0.8661690000000001,NIC,BRA,210410
258679,162,32,5639,2003,0.0,1191.0,1.168453,1.7085709999999998,NLD,BRA,210410
258680,163,32,5639,2003,2955.0,0.0,1.1500620000000001,0.258554,NOR,BRA,210410
258681,173,32,5639,2003,0.0,8445.0,-0.48627,0.371354,PER,BRA,210410
258682,180,32,5639,2003,0.0,80808.0,-0.607733,-0.8577879999999999,PRY,BRA,210410
258683,205,32,5639,2003,0.0,10045.0,-0.896925,-0.88623,SUR,BRA,210410
258684,230,32,5639,2003,0.0,353850.0,0.19792200000000001,0.243104,URY,BRA,210410
258685,231,32,5639,2003,1759054.0,1533646.0,1.7789220000000001,0.064028,USA,BRA,210410
258686,39,33,5639,2003,6247.0,0.0,0.9791540000000001,1.185081,CAN,BRB,210410
258687,65,33,5639,2003,3062.0,0.0,-0.46264399999999994,-0.245034,DOM,BRB,210410
258688,81,33,5639,2003,141939.0,0.0,1.8712540000000002,0.706205,GBR,BRB,210410
258689,93,33,5639,2003,7904.0,0.0,-0.444162,0.145319,GTM,BRB,210410
258690,112,33,5639,2003,3912.0,0.0,-0.6684140000000001,-0.915817,JAM,BRB,210410
258691,222,33,5639,2003,3491.0,0.0,-0.16738,-0.9820969999999999,TTO,BRB,210410
258692,231,33,5639,2003,231870.0,0.0,1.7789220000000001,0.064028,USA,BRB,210410
258693,234,33,5639,2003,0.0,1653.0,-0.355758,-0.679181,VCT,BRB,210410
258694,236,33,5639,2003,5684.0,0.0,0.277805,-0.783697,VEN,BRB,210410
258695,8,39,5639,2003,55662.0,0.0,0.302073,0.49069700000000005,ARG,CAN,210410
258696,14,39,5639,2003,2781223.0,0.0,0.316879,0.9409489999999999,AUS,CAN,210410
258697,15,39,5639,2003,0.0,9640.0,1.834977,0.408096,AUT,CAN,210410
258698,18,39,5639,2003,0.0,3666.0,1.361682,1.39536,BEL,CAN,210410
258699,22,39,5639,2003,0.0,2235.0,-1.168404,-1.035782,BGD,CAN,210410
258700,25,39,5639,2003,0.0,1889.0,0.614422,-0.40984,BHS,CAN,210410
258701,28,39,5639,2003,1997.0,0.0,0.847358,0.9307719999999999,BLR,CAN,210410
258702,29,39,5639,2003,0.0,3486.0,-0.543555,-0.7596,BLZ,CAN,210410
258703,32,39,5639,2003,6696.0,0.0,0.660576,1.118876,BRA,CAN,210410
258704,33,39,5639,2003,0.0,6247.0,0.744166,0.074191,BRB,CAN,210410
258705,41,39,5639,2003,187264.0,0.0,2.151037,0.711217,CHE,CAN,210410
258706,42,39,5639,2003,3728.0,8615.0,-0.06375900000000001,-0.156808,CHL,CAN,210410
258707,43,39,5639,2003,57611.0,3190.0,0.579431,2.773139,CHN,CAN,210410
258708,44,39,5639,2003,2582.0,0.0,-0.699928,-0.723739,CIV,CAN,210410
258709,49,39,5639,2003,2856.0,6931.0,0.218336,0.376869,COL,CAN,210410
258710,52,39,5639,2003,0.0,1191.0,-0.193904,-0.5049680000000001,CRI,CAN,210410
258711,54,39,5639,2003,0.0,4059.0,-0.391515,-0.8562120000000001,CUB,CAN,210410
258712,59,39,5639,2003,1286.0,0.0,1.555749,0.8662059999999999,CZE,CAN,210410
258713,61,39,5639,2003,231862.0,44681.0,2.2821919999999998,-2.0985150000000004,DEU,CAN,210410
258714,63,39,5639,2003,0.0,888.0,0.11903299999999999,-0.21768200000000001,DMA,CAN,210410
258715,68,39,5639,2003,44743.0,0.0,-0.292923,0.465433,EGY,CAN,210410
258716,71,39,5639,2003,5095.0,0.0,0.960684,2.074792,ESP,CAN,210410
258717,75,39,5639,2003,0.0,1167.0,-0.6865640000000001,-0.326977,FJI,CAN,210410
258718,77,39,5639,2003,141544.0,235377.0,1.606606,0.7394149999999999,FRA,CAN,210410
258719,81,39,5639,2003,559765.0,260906.0,1.8712540000000002,0.706205,GBR,CAN,210410
258720,83,39,5639,2003,5413.0,0.0,-1.074188,-0.7127319999999999,GHA,CAN,210410
258721,91,39,5639,2003,0.0,2729.0,0.3936,-0.258355,GRD,CAN,210410
258722,93,39,5639,2003,0.0,845.0,-0.444162,0.145319,GTM,CAN,210410
258723,95,39,5639,2003,5510.0,0.0,-0.139991,-0.570695,GUM,CAN,210410
258724,96,39,5639,2003,0.0,1073.0,-0.59035,-0.7361340000000001,GUY,CAN,210410
258725,97,39,5639,2003,86438.0,384602.0,0.494569,2.147062,HKG,CAN,210410
258726,99,39,5639,2003,0.0,23637.0,-0.733546,-0.568585,HND,CAN,210410
258727,100,39,5639,2003,611467.0,0.0,0.568394,1.230759,HRV,CAN,210410
258728,102,39,5639,2003,4823.0,0.0,1.2003270000000001,1.091407,HUN,CAN,210410
258729,104,39,5639,2003,4168.0,0.0,0.33014099999999996,2.836003,IND,CAN,210410
258730,107,39,5639,2003,10903.0,0.0,-0.552146,-0.8668520000000001,IRN,CAN,210410
258731,109,39,5639,2003,0.0,3750.0,0.21902800000000003,-0.40818499999999996,ISL,CAN,210410
258732,110,39,5639,2003,111390.0,0.0,1.157809,0.682195,ISR,CAN,210410
258733,111,39,5639,2003,283280.0,0.0,1.399734,1.044608,ITA,CAN,210410
258734,112,39,5639,2003,7354.0,42617.0,-0.6684140000000001,-0.915817,JAM,CAN,210410
258735,113,39,5639,2003,834.0,0.0,0.12295,0.377031,JOR,CAN,210410
258736,114,39,5639,2003,601936.0,401424.0,2.4686630000000003,0.48072600000000004,JPN,CAN,210410
258737,120,39,5639,2003,0.0,9437.0,0.555154,-0.405962,KNA,CAN,210410
258738,121,39,5639,2003,251572.0,183804.0,1.2611709999999998,0.956308,KOR,CAN,210410
258739,124,39,5639,2003,1562.0,7348.0,0.261687,1.053856,LBN,CAN,210410
258740,127,39,5639,2003,0.0,2026.0,0.318385,-0.342679,LCA,CAN,210410
258741,128,39,5639,2003,1488.0,0.0,-0.618057,0.101931,LKA,CAN,210410
258742,138,39,5639,2003,61262.0,3540.0,0.862509,0.756684,MEX,CAN,210410
258743,140,39,5639,2003,1772.0,0.0,-0.017632,0.225394,MKD,CAN,210410
258744,142,39,5639,2003,0.0,745.0,1.2138149999999999,-0.015687,MLT,CAN,210410
258745,145,39,5639,2003,0.0,573.0,-0.9747620000000001,-1.026308,MNG,CAN,210410
258746,153,39,5639,2003,116483.0,1483.0,0.728804,0.2168,MYS,CAN,210410
258747,160,39,5639,2003,0.0,898.0,-0.8661459999999999,-0.8661690000000001,NIC,CAN,210410
258748,162,39,5639,2003,302060.0,353764.0,1.168453,1.7085709999999998,NLD,CAN,210410
258749,163,39,5639,2003,3287.0,0.0,1.1500620000000001,0.258554,NOR,CAN,210410
258750,168,39,5639,2003,1229.0,0.0,-0.6659689999999999,0.137924,PAK,CAN,210410
258751,169,39,5639,2003,0.0,21637.0,-0.050386,-0.039619999999999995,PAN,CAN,210410
258752,173,39,5639,2003,0.0,1012.0,-0.48627,0.371354,PER,CAN,210410
258753,174,39,5639,2003,133709.0,97140.0,-0.065022,-0.195144,PHL,CAN,210410
258754,177,39,5639,2003,229582.0,0.0,0.966622,1.664838,POL,CAN,210410
258755,178,39,5639,2003,0.0,25768.0,0.7060420000000001,0.7718,PRK,CAN,210410
258756,179,39,5639,2003,98267.0,0.0,0.471376,1.647303,PRT,CAN,210410
258757,182,39,5639,2003,0.0,944.0,-0.255707,-0.676557,PYF,CAN,210410
258758,183,39,5639,2003,0.0,2721.0,-0.209042,-1.0565799999999999,QAT,CAN,210410
258759,185,39,5639,2003,12249.0,0.0,0.378379,1.0064620000000002,ROU,CAN,210410
258760,186,39,5639,2003,3874.0,15816.0,1.072729,0.338355,RUS,CAN,210410
258761,188,39,5639,2003,0.0,3492.0,0.202286,-0.714691,SAU,CAN,210410
258762,189,39,5639,2003,3325.0,0.0,0.575326,1.627894,SCG,CAN,210410
258763,192,39,5639,2003,4457.0,87939.0,1.5080799999999999,0.720337,SGP,CAN,210410
258764,196,39,5639,2003,1277.0,0.0,0.129923,-0.19926300000000002,SLE,CAN,210410
258765,197,39,5639,2003,2311.0,2593.0,-0.251357,-0.189917,SLV,CAN,210410
258766,200,39,5639,2003,0.0,14530.0,0.677331,-0.645223,SPM,CAN,210410
258767,205,39,5639,2003,0.0,1624.0,-0.896925,-0.88623,SUR,CAN,210410
258768,207,39,5639,2003,4737.0,0.0,1.6459840000000001,1.014191,SVN,CAN,210410
258769,216,39,5639,2003,170982.0,122872.0,0.43010699999999996,1.607408,THA,CAN,210410
258770,222,39,5639,2003,0.0,23674.0,-0.16738,-0.9820969999999999,TTO,CAN,210410
258771,223,39,5639,2003,7175.0,0.0,-0.14845999999999998,0.255092,TUN,CAN,210410
258772,224,39,5639,2003,2307.0,0.0,0.192802,1.9855060000000002,TUR,CAN,210410
258773,228,39,5639,2003,1196.0,0.0,0.8929389999999999,0.956685,UKR,CAN,210410
258774,231,39,5639,2003,28111092.0,59089760.0,1.7789220000000001,0.064028,USA,CAN,210410
258775,234,39,5639,2003,0.0,1802.0,-0.355758,-0.679181,VCT,CAN,210410
258776,239,39,5639,2003,17633.0,0.0,-0.633985,0.659696,VNM,CAN,210410
258777,246,39,5639,2003,6186.0,0.0,0.477987,2.255395,ZAF,CAN,210410
258778,247,39,5639,2003,0.0,3729.0,-0.678149,-0.5919449999999999,ZMB,CAN,210410
258779,249,39,5639,2003,287976.0,1527097.0,1.5924040000000002,1.397843,TWN,CAN,210410
258780,7,41,5639,2003,0.0,45454.0,0.049637,-0.502691,ARE,CHE,210410
258781,14,41,5639,2003,0.0,198095.0,0.316879,0.9409489999999999,AUS,CHE,210410
258782,15,41,5639,2003,1431582.0,3145094.0,1.834977,0.408096,AUT,CHE,210410
258783,18,41,5639,2003,472675.0,793337.0,1.361682,1.39536,BEL,CHE,210410
258784,26,41,5639,2003,2255.0,443.0,0.195667,0.347011,BIH,CHE,210410
258785,30,41,5639,2003,0.0,73373.0,0.9966459999999999,-0.5183270000000001,BMU,CHE,210410
258786,32,41,5639,2003,0.0,57856.0,0.660576,1.118876,BRA,CHE,210410
258787,39,41,5639,2003,0.0,187264.0,0.9791540000000001,1.185081,CAN,CHE,210410
258788,43,41,5639,2003,7438.0,9063.0,0.579431,2.773139,CHN,CHE,210410
258789,44,41,5639,2003,0.0,10526.0,-0.699928,-0.723739,CIV,CHE,210410
258790,49,41,5639,2003,0.0,43318.0,0.218336,0.376869,COL,CHE,210410
258791,58,41,5639,2003,0.0,319572.0,0.259992,0.068914,CYP,CHE,210410
258792,59,41,5639,2003,0.0,177200.0,1.555749,0.8662059999999999,CZE,CHE,210410
258793,61,41,5639,2003,2538674.0,9936381.0,2.2821919999999998,-2.0985150000000004,DEU,CHE,210410
258794,64,41,5639,2003,38806.0,561499.0,1.309564,1.245596,DNK,CHE,210410
258795,65,41,5639,2003,1278.0,25430.0,-0.46264399999999994,-0.245034,DOM,CHE,210410
258796,68,41,5639,2003,0.0,21294.0,-0.292923,0.465433,EGY,CHE,210410
258797,71,41,5639,2003,222495.0,589574.0,0.960684,2.074792,ESP,CHE,210410
258798,72,41,5639,2003,0.0,12564.0,0.5913010000000001,0.8489979999999999,EST,CHE,210410
258799,73,41,5639,2003,0.0,2342.0,-1.1145559999999999,-0.9599620000000001,ETH,CHE,210410
258800,74,41,5639,2003,0.0,158305.0,2.077889,0.942501,FIN,CHE,210410
258801,77,41,5639,2003,3664032.0,7336900.0,1.606606,0.7394149999999999,FRA,CHE,210410
258802,81,41,5639,2003,65498.0,5130314.0,1.8712540000000002,0.706205,GBR,CHE,210410
258803,83,41,5639,2003,4433.0,0.0,-1.074188,-0.7127319999999999,GHA,CHE,210410
258804,87,41,5639,2003,0.0,726.0,-0.230541,-0.275663,GMB,CHE,210410
258805,90,41,5639,2003,0.0,498165.0,0.364688,1.4823959999999998,GRC,CHE,210410
258806,92,41,5639,2003,0.0,9447.0,-0.764655,-0.8684200000000001,GRL,CHE,210410
258807,93,41,5639,2003,0.0,6849.0,-0.444162,0.145319,GTM,CHE,210410
258808,97,41,5639,2003,3372.0,1907.0,0.494569,2.147062,HKG,CHE,210410
258809,100,41,5639,2003,47212.0,0.0,0.568394,1.230759,HRV,CHE,210410
258810,102,41,5639,2003,10545.0,104270.0,1.2003270000000001,1.091407,HUN,CHE,210410
258811,104,41,5639,2003,0.0,9949.0,0.33014099999999996,2.836003,IND,CHE,210410
258812,106,41,5639,2003,0.0,169728.0,1.6396130000000002,0.220599,IRL,CHE,210410
258813,107,41,5639,2003,0.0,4854.0,-0.552146,-0.8668520000000001,IRN,CHE,210410
258814,109,41,5639,2003,0.0,142992.0,0.21902800000000003,-0.40818499999999996,ISL,CHE,210410
258815,110,41,5639,2003,3920.0,2792.0,1.157809,0.682195,ISR,CHE,210410
258816,111,41,5639,2003,388864.0,1892837.0,1.399734,1.044608,ITA,CHE,210410
258817,113,41,5639,2003,0.0,20624.0,0.12295,0.377031,JOR,CHE,210410
258818,114,41,5639,2003,245624.0,180373.0,2.4686630000000003,0.48072600000000004,JPN,CHE,210410
258819,115,41,5639,2003,0.0,798.0,-0.156326,-0.62092,KAZ,CHE,210410
258820,121,41,5639,2003,9802.0,4252.0,1.2611709999999998,0.956308,KOR,CHE,210410
258821,122,41,5639,2003,0.0,3669.0,-0.7943640000000001,-1.1529770000000001,KWT,CHE,210410
258822,124,41,5639,2003,0.0,3345.0,0.261687,1.053856,LBN,CHE,210410
258823,128,41,5639,2003,1244.0,0.0,-0.618057,0.101931,LKA,CHE,210410
258824,130,41,5639,2003,0.0,1295.0,0.239608,0.517299,LTU,CHE,210410
258825,131,41,5639,2003,0.0,41115.0,1.444996,1.063764,LUX,CHE,210410
258826,132,41,5639,2003,0.0,2591.0,0.520772,0.5631689999999999,LVA,CHE,210410
258827,134,41,5639,2003,25767.0,15338.0,-0.6842050000000001,-0.217892,MAR,CHE,210410
258828,140,41,5639,2003,2730.0,25248.0,-0.017632,0.225394,MKD,CHE,210410
258829,142,41,5639,2003,0.0,25668.0,1.2138149999999999,-0.015687,MLT,CHE,210410
258830,153,41,5639,2003,0.0,38422.0,0.728804,0.2168,MYS,CHE,210410
258831,159,41,5639,2003,0.0,508243.0,-1.859176,-1.234236,NGA,CHE,210410
258832,162,41,5639,2003,301192.0,3265539.0,1.168453,1.7085709999999998,NLD,CHE,210410
258833,163,41,5639,2003,10925.0,49051.0,1.1500620000000001,0.258554,NOR,CHE,210410
258834,166,41,5639,2003,0.0,10256.0,0.589619,0.997301,NZL,CHE,210410
258835,174,41,5639,2003,3822.0,10414.0,-0.065022,-0.195144,PHL,CHE,210410
258836,177,41,5639,2003,0.0,1241612.0,0.966622,1.664838,POL,CHE,210410
258837,179,41,5639,2003,57779.0,30625.0,0.471376,1.647303,PRT,CHE,210410
258838,185,41,5639,2003,0.0,4244.0,0.378379,1.0064620000000002,ROU,CHE,210410
258839,186,41,5639,2003,0.0,414225.0,1.072729,0.338355,RUS,CHE,210410
258840,188,41,5639,2003,0.0,20023.0,0.202286,-0.714691,SAU,CHE,210410
258841,189,41,5639,2003,0.0,12569.0,0.575326,1.627894,SCG,CHE,210410
258842,192,41,5639,2003,0.0,6724.0,1.5080799999999999,0.720337,SGP,CHE,210410
258843,206,41,5639,2003,0.0,281934.0,1.22565,0.915518,SVK,CHE,210410
258844,207,41,5639,2003,0.0,63210.0,1.6459840000000001,1.014191,SVN,CHE,210410
258845,208,41,5639,2003,37208.0,2917286.0,2.099224,0.799982,SWE,CHE,210410
258846,216,41,5639,2003,67561.0,1803.0,0.43010699999999996,1.607408,THA,CHE,210410
258847,224,41,5639,2003,63981.0,88476.0,0.192802,1.9855060000000002,TUR,CHE,210410
258848,228,41,5639,2003,0.0,19450.0,0.8929389999999999,0.956685,UKR,CHE,210410
258849,230,41,5639,2003,0.0,1522.0,0.19792200000000001,0.243104,URY,CHE,210410
258850,231,41,5639,2003,86078.0,3590956.0,1.7789220000000001,0.064028,USA,CHE,210410
258851,236,41,5639,2003,0.0,1543.0,0.277805,-0.783697,VEN,CHE,210410
258852,239,41,5639,2003,3696.0,0.0,-0.633985,0.659696,VNM,CHE,210410
258853,246,41,5639,2003,0.0,159741.0,0.477987,2.255395,ZAF,CHE,210410
258854,249,41,5639,2003,0.0,9392.0,1.5924040000000002,1.397843,TWN,CHE,210410
258855,8,42,5639,2003,289421.0,370699.0,0.302073,0.49069700000000005,ARG,CHL,210410
258856,31,42,5639,2003,0.0,270683.0,-0.787995,-0.7228899999999999,BOL,CHL,210410
258857,32,42,5639,2003,137490.0,24812.0,0.660576,1.118876,BRA,CHL,210410
258858,39,42,5639,2003,8615.0,3728.0,0.9791540000000001,1.185081,CAN,CHL,210410
258859,43,42,5639,2003,1410.0,0.0,0.579431,2.773139,CHN,CHL,210410
258860,49,42,5639,2003,121585.0,18962.0,0.218336,0.376869,COL,CHL,210410
258861,52,42,5639,2003,3215.0,0.0,-0.193904,-0.5049680000000001,CRI,CHL,210410
258862,54,42,5639,2003,0.0,15674.0,-0.391515,-0.8562120000000001,CUB,CHL,210410
258863,61,42,5639,2003,953.0,1515.0,2.2821919999999998,-2.0985150000000004,DEU,CHL,210410
258864,65,42,5639,2003,0.0,1472.0,-0.46264399999999994,-0.245034,DOM,CHL,210410
258865,67,42,5639,2003,0.0,807748.0,-0.8689370000000001,-0.889767,ECU,CHL,210410
258866,71,42,5639,2003,4237.0,9819.0,0.960684,2.074792,ESP,CHL,210410
258867,99,42,5639,2003,839.0,0.0,-0.733546,-0.568585,HND,CHL,210410
258868,111,42,5639,2003,6797.0,0.0,1.399734,1.044608,ITA,CHL,210410
258869,112,42,5639,2003,0.0,8071.0,-0.6684140000000001,-0.915817,JAM,CHL,210410
258870,114,42,5639,2003,4479.0,0.0,2.4686630000000003,0.48072600000000004,JPN,CHL,210410
258871,124,42,5639,2003,1559.0,0.0,0.261687,1.053856,LBN,CHL,210410
258872,138,42,5639,2003,3596.0,71330.0,0.862509,0.756684,MEX,CHL,210410
258873,169,42,5639,2003,0.0,18171.0,-0.050386,-0.039619999999999995,PAN,CHL,210410
258874,173,42,5639,2003,25669.0,412941.0,-0.48627,0.371354,PER,CHL,210410
258875,180,42,5639,2003,13141.0,289061.0,-0.607733,-0.8577879999999999,PRY,CHL,210410
258876,197,42,5639,2003,0.0,22325.0,-0.251357,-0.189917,SLV,CHL,210410
258877,208,42,5639,2003,0.0,5684.0,2.099224,0.799982,SWE,CHL,210410
258878,230,42,5639,2003,0.0,86182.0,0.19792200000000001,0.243104,URY,CHL,210410
258879,231,42,5639,2003,49250.0,141277.0,1.7789220000000001,0.064028,USA,CHL,210410
258880,236,42,5639,2003,0.0,244707.0,0.277805,-0.783697,VEN,CHL,210410
258881,249,42,5639,2003,1891.0,0.0,1.5924040000000002,1.397843,TWN,CHL,210410
258882,250,42,5639,2003,2583.0,30218.0,0.45951499999999995,-0.2312,ANS,CHL,210410
258883,7,43,5639,2003,0.0,15730.0,0.049637,-0.502691,ARE,CHN,210410
258884,14,43,5639,2003,29508.0,180980.0,0.316879,0.9409489999999999,AUS,CHN,210410
258885,15,43,5639,2003,0.0,3712.0,1.834977,0.408096,AUT,CHN,210410
258886,18,43,5639,2003,0.0,19266.0,1.361682,1.39536,BEL,CHN,210410
258887,23,43,5639,2003,0.0,4217.0,0.43308599999999997,1.7104099999999998,BGR,CHN,210410
258888,24,43,5639,2003,0.0,7274.0,-0.10968800000000001,-1.041032,BHR,CHN,210410
258889,32,43,5639,2003,0.0,66793.0,0.660576,1.118876,BRA,CHN,210410
258890,34,43,5639,2003,0.0,807.0,-1.342738,-0.978633,BRN,CHN,210410
258891,39,43,5639,2003,3190.0,57611.0,0.9791540000000001,1.185081,CAN,CHN,210410
258892,41,43,5639,2003,9063.0,7438.0,2.151037,0.711217,CHE,CHN,210410
258893,42,43,5639,2003,0.0,1410.0,-0.06375900000000001,-0.156808,CHL,CHN,210410
258894,52,43,5639,2003,0.0,5280.0,-0.193904,-0.5049680000000001,CRI,CHN,210410
258895,58,43,5639,2003,0.0,1318.0,0.259992,0.068914,CYP,CHN,210410
258896,59,43,5639,2003,0.0,5974.0,1.555749,0.8662059999999999,CZE,CHN,210410
258897,61,43,5639,2003,147402.0,161730.0,2.2821919999999998,-2.0985150000000004,DEU,CHN,210410
258898,64,43,5639,2003,0.0,633232.0,1.309564,1.245596,DNK,CHN,210410
258899,65,43,5639,2003,0.0,935.0,-0.46264399999999994,-0.245034,DOM,CHN,210410
258900,71,43,5639,2003,34872.0,10358.0,0.960684,2.074792,ESP,CHN,210410
258901,75,43,5639,2003,0.0,891.0,-0.6865640000000001,-0.326977,FJI,CHN,210410
258902,77,43,5639,2003,61767.0,42912.0,1.606606,0.7394149999999999,FRA,CHN,210410
258903,78,43,5639,2003,0.0,4129.0,-0.46422299999999994,-0.8072050000000001,FRO,CHN,210410
258904,80,43,5639,2003,0.0,737.0,-0.92745,-1.138466,GAB,CHN,210410
258905,81,43,5639,2003,2890.0,35700.0,1.8712540000000002,0.706205,GBR,CHN,210410
258906,90,43,5639,2003,0.0,3458.0,0.364688,1.4823959999999998,GRC,CHN,210410
258907,93,43,5639,2003,0.0,1198.0,-0.444162,0.145319,GTM,CHN,210410
258908,97,43,5639,2003,525080.0,2502932.0,0.494569,2.147062,HKG,CHN,210410
258909,103,43,5639,2003,0.0,78636.0,-0.16802,1.7252990000000001,IDN,CHN,210410
258910,104,43,5639,2003,0.0,1867.0,0.33014099999999996,2.836003,IND,CHN,210410
258911,106,43,5639,2003,17498.0,1698.0,1.6396130000000002,0.220599,IRL,CHN,210410
258912,109,43,5639,2003,0.0,46877.0,0.21902800000000003,-0.40818499999999996,ISL,CHN,210410
258913,111,43,5639,2003,0.0,227630.0,1.399734,1.044608,ITA,CHN,210410
258914,113,43,5639,2003,0.0,4872.0,0.12295,0.377031,JOR,CHN,210410
258915,114,43,5639,2003,2291704.0,9496416.0,2.4686630000000003,0.48072600000000004,JPN,CHN,210410
258916,115,43,5639,2003,0.0,1409582.0,-0.156326,-0.62092,KAZ,CHN,210410
258917,118,43,5639,2003,0.0,3086.0,-1.0165620000000002,-1.060454,KHM,CHN,210410
258918,121,43,5639,2003,21887.0,1981658.0,1.2611709999999998,0.956308,KOR,CHN,210410
258919,124,43,5639,2003,0.0,15775.0,0.261687,1.053856,LBN,CHN,210410
258920,130,43,5639,2003,0.0,32889.0,0.239608,0.517299,LTU,CHN,210410
258921,132,43,5639,2003,0.0,1618.0,0.520772,0.5631689999999999,LVA,CHN,210410
258922,133,43,5639,2003,0.0,1162.0,-0.294516,-0.413828,MAC,CHN,210410
258923,138,43,5639,2003,61208.0,87306.0,0.862509,0.756684,MEX,CHN,210410
258924,141,43,5639,2003,0.0,26438.0,-0.786411,-0.879049,MLI,CHN,210410
258925,142,43,5639,2003,0.0,3183.0,1.2138149999999999,-0.015687,MLT,CHN,210410
258926,145,43,5639,2003,0.0,48356.0,-0.9747620000000001,-1.026308,MNG,CHN,210410
258927,148,43,5639,2003,0.0,11728.0,-1.069232,-1.184061,MRT,CHN,210410
258928,151,43,5639,2003,0.0,6147.0,-0.361514,-0.29839899999999997,MUS,CHN,210410
258929,153,43,5639,2003,45717.0,39501.0,0.728804,0.2168,MYS,CHN,210410
258930,154,43,5639,2003,0.0,385.0,0.8645370000000001,-0.101347,MYT,CHN,210410
258931,159,43,5639,2003,0.0,14211.0,-1.859176,-1.234236,NGA,CHN,210410
258932,162,43,5639,2003,0.0,6678.0,1.168453,1.7085709999999998,NLD,CHN,210410
258933,166,43,5639,2003,0.0,50845.0,0.589619,0.997301,NZL,CHN,210410
258934,169,43,5639,2003,0.0,238923.0,-0.050386,-0.039619999999999995,PAN,CHN,210410
258935,173,43,5639,2003,0.0,7625.0,-0.48627,0.371354,PER,CHN,210410
258936,174,43,5639,2003,0.0,109371.0,-0.065022,-0.195144,PHL,CHN,210410
258937,176,43,5639,2003,0.0,273455.0,-1.7997330000000002,-1.2110049999999999,PNG,CHN,210410
258938,179,43,5639,2003,0.0,2855.0,0.471376,1.647303,PRT,CHN,210410
258939,180,43,5639,2003,0.0,4378.0,-0.607733,-0.8577879999999999,PRY,CHN,210410
258940,182,43,5639,2003,0.0,21885.0,-0.255707,-0.676557,PYF,CHN,210410
258941,183,43,5639,2003,0.0,15786.0,-0.209042,-1.0565799999999999,QAT,CHN,210410
258942,185,43,5639,2003,0.0,14973.0,0.378379,1.0064620000000002,ROU,CHN,210410
258943,186,43,5639,2003,0.0,9148.0,1.072729,0.338355,RUS,CHN,210410
258944,187,43,5639,2003,0.0,763.0,-0.99513,-0.852476,RWA,CHN,210410
258945,192,43,5639,2003,1575.0,39233.0,1.5080799999999999,0.720337,SGP,CHN,210410
258946,205,43,5639,2003,0.0,25958.0,-0.896925,-0.88623,SUR,CHN,210410
258947,208,43,5639,2003,0.0,17345.0,2.099224,0.799982,SWE,CHN,210410
258948,211,43,5639,2003,0.0,862.0,-0.44341099999999994,-0.742566,SYC,CHN,210410
258949,215,43,5639,2003,0.0,71038.0,-0.5058590000000001,-0.520586,TGO,CHN,210410
258950,216,43,5639,2003,31908.0,4168.0,0.43010699999999996,1.607408,THA,CHN,210410
258951,231,43,5639,2003,3560857.0,1595408.0,1.7789220000000001,0.064028,USA,CHN,210410
258952,236,43,5639,2003,0.0,3110.0,0.277805,-0.783697,VEN,CHN,210410
258953,239,43,5639,2003,0.0,40273.0,-0.633985,0.659696,VNM,CHN,210410
258954,246,43,5639,2003,0.0,1879.0,0.477987,2.255395,ZAF,CHN,210410
258955,249,43,5639,2003,84878.0,6075346.0,1.5924040000000002,1.397843,TWN,CHN,210410
258956,6,49,5639,2003,0.0,1627.0,0.108903,-0.650137,ANT,COL,210410
258957,39,49,5639,2003,6931.0,2856.0,0.9791540000000001,1.185081,CAN,COL,210410
258958,41,49,5639,2003,43318.0,0.0,2.151037,0.711217,CHE,COL,210410
258959,42,49,5639,2003,18962.0,121585.0,-0.06375900000000001,-0.156808,CHL,COL,210410
258960,61,49,5639,2003,870.0,0.0,2.2821919999999998,-2.0985150000000004,DEU,COL,210410
258961,65,49,5639,2003,0.0,328740.0,-0.46264399999999994,-0.245034,DOM,COL,210410
258962,67,49,5639,2003,0.0,960683.0,-0.8689370000000001,-0.889767,ECU,COL,210410
258963,71,49,5639,2003,13920.0,0.0,0.960684,2.074792,ESP,COL,210410
258964,77,49,5639,2003,4967.0,0.0,1.606606,0.7394149999999999,FRA,COL,210410
258965,81,49,5639,2003,0.0,1630.0,1.8712540000000002,0.706205,GBR,COL,210410
258966,93,49,5639,2003,69561.0,0.0,-0.444162,0.145319,GTM,COL,210410
258967,101,49,5639,2003,0.0,818153.0,-1.3761290000000002,-1.006346,HTI,COL,210410
258968,169,49,5639,2003,0.0,34883.0,-0.050386,-0.039619999999999995,PAN,COL,210410
258969,173,49,5639,2003,82450.0,288217.0,-0.48627,0.371354,PER,COL,210410
258970,222,49,5639,2003,0.0,3255.0,-0.16738,-0.9820969999999999,TTO,COL,210410
258971,231,49,5639,2003,2476914.0,42556.0,1.7789220000000001,0.064028,USA,COL,210410
258972,236,49,5639,2003,33372.0,6193414.0,0.277805,-0.783697,VEN,COL,210410
258973,39,52,5639,2003,1191.0,0.0,0.9791540000000001,1.185081,CAN,CRI,210410
258974,42,52,5639,2003,0.0,3215.0,-0.06375900000000001,-0.156808,CHL,CRI,210410
258975,43,52,5639,2003,5280.0,0.0,0.579431,2.773139,CHN,CRI,210410
258976,71,52,5639,2003,14602.0,0.0,0.960684,2.074792,ESP,CRI,210410
258977,93,52,5639,2003,4188509.0,840283.0,-0.444162,0.145319,GTM,CRI,210410
258978,97,52,5639,2003,9282.0,0.0,0.494569,2.147062,HKG,CRI,210410
258979,99,52,5639,2003,0.0,207148.0,-0.733546,-0.568585,HND,CRI,210410
258980,101,52,5639,2003,0.0,156760.0,-1.3761290000000002,-1.006346,HTI,CRI,210410
258981,111,52,5639,2003,5108.0,0.0,1.399734,1.044608,ITA,CRI,210410
258982,114,52,5639,2003,1147.0,0.0,2.4686630000000003,0.48072600000000004,JPN,CRI,210410
258983,138,52,5639,2003,74646.0,95348.0,0.862509,0.756684,MEX,CRI,210410
258984,160,52,5639,2003,9203.0,212942.0,-0.8661459999999999,-0.8661690000000001,NIC,CRI,210410
258985,169,52,5639,2003,0.0,132765.0,-0.050386,-0.039619999999999995,PAN,CRI,210410
258986,197,52,5639,2003,136777.0,431661.0,-0.251357,-0.189917,SLV,CRI,210410
258987,231,52,5639,2003,286088.0,0.0,1.7789220000000001,0.064028,USA,CRI,210410
258988,236,52,5639,2003,0.0,19800.0,0.277805,-0.783697,VEN,CRI,210410
258989,249,52,5639,2003,1416.0,0.0,1.5924040000000002,1.397843,TWN,CRI,210410
258990,32,54,5639,2003,141211.0,0.0,0.660576,1.118876,BRA,CUB,210410
258991,39,54,5639,2003,4059.0,0.0,0.9791540000000001,1.185081,CAN,CUB,210410
258992,42,54,5639,2003,15674.0,0.0,-0.06375900000000001,-0.156808,CHL,CUB,210410
258993,65,54,5639,2003,60077.0,0.0,-0.46264399999999994,-0.245034,DOM,CUB,210410
258994,71,54,5639,2003,585899.0,0.0,0.960684,2.074792,ESP,CUB,210410
258995,93,54,5639,2003,181186.0,0.0,-0.444162,0.145319,GTM,CUB,210410
258996,111,54,5639,2003,3237.0,0.0,1.399734,1.044608,ITA,CUB,210410
258997,112,54,5639,2003,3011.0,0.0,-0.6684140000000001,-0.915817,JAM,CUB,210410
258998,138,54,5639,2003,17700.0,0.0,0.862509,0.756684,MEX,CUB,210410
258999,153,54,5639,2003,491.0,0.0,0.728804,0.2168,MYS,CUB,210410
259000,169,54,5639,2003,6963.0,0.0,-0.050386,-0.039619999999999995,PAN,CUB,210410
259001,231,54,5639,2003,29216.0,0.0,1.7789220000000001,0.064028,USA,CUB,210410
259002,239,54,5639,2003,2370.0,0.0,-0.633985,0.659696,VNM,CUB,210410
259003,1,61,5639,2003,0.0,95428.0,-0.421205,-0.602704,AFG,DEU,210410
259004,4,61,5639,2003,0.0,1322.0,-0.053595000000000004,0.166034,ALB,DEU,210410
259005,7,61,5639,2003,0.0,1008.0,0.049637,-0.502691,ARE,DEU,210410
259006,8,61,5639,2003,195924.0,0.0,0.302073,0.49069700000000005,ARG,DEU,210410
259007,14,61,5639,2003,18448.0,265123.0,0.316879,0.9409489999999999,AUS,DEU,210410
259008,15,61,5639,2003,2508730.0,9889425.0,1.834977,0.408096,AUT,DEU,210410
259009,16,61,5639,2003,0.0,1885.0,-0.304606,-0.975453,AZE,DEU,210410
259010,18,61,5639,2003,5098240.0,6161214.0,1.361682,1.39536,BEL,DEU,210410
259011,23,61,5639,2003,0.0,8883.0,0.43308599999999997,1.7104099999999998,BGR,DEU,210410
259012,24,61,5639,2003,0.0,1819.0,-0.10968800000000001,-1.041032,BHR,DEU,210410
259013,26,61,5639,2003,29026.0,24327.0,0.195667,0.347011,BIH,DEU,210410
259014,28,61,5639,2003,0.0,1264.0,0.847358,0.9307719999999999,BLR,DEU,210410
259015,32,61,5639,2003,0.0,1010.0,0.660576,1.118876,BRA,DEU,210410
259016,39,61,5639,2003,44681.0,231862.0,0.9791540000000001,1.185081,CAN,DEU,210410
259017,41,61,5639,2003,9936381.0,2538674.0,2.151037,0.711217,CHE,DEU,210410
259018,42,61,5639,2003,1515.0,953.0,-0.06375900000000001,-0.156808,CHL,DEU,210410
259019,43,61,5639,2003,161730.0,147402.0,0.579431,2.773139,CHN,DEU,210410
259020,49,61,5639,2003,0.0,870.0,0.218336,0.376869,COL,DEU,210410
259021,58,61,5639,2003,0.0,4474.0,0.259992,0.068914,CYP,DEU,210410
259022,59,61,5639,2003,281511.0,1712434.0,1.555749,0.8662059999999999,CZE,DEU,210410
259023,64,61,5639,2003,1033030.0,2637561.0,1.309564,1.245596,DNK,DEU,210410
259024,66,61,5639,2003,0.0,30642.0,-1.060727,-1.142594,DZA,DEU,210410
259025,68,61,5639,2003,4223.0,59897.0,-0.292923,0.465433,EGY,DEU,210410
259026,71,61,5639,2003,454226.0,2561791.0,0.960684,2.074792,ESP,DEU,210410
259027,72,61,5639,2003,22051.0,1992.0,0.5913010000000001,0.8489979999999999,EST,DEU,210410
259028,73,61,5639,2003,0.0,1599.0,-1.1145559999999999,-0.9599620000000001,ETH,DEU,210410
259029,74,61,5639,2003,30107.0,761447.0,2.077889,0.942501,FIN,DEU,210410
259030,77,61,5639,2003,2664794.0,11190569.0,1.606606,0.7394149999999999,FRA,DEU,210410
259031,78,61,5639,2003,0.0,9659.0,-0.46422299999999994,-0.8072050000000001,FRO,DEU,210410
259032,81,61,5639,2003,1269802.0,10033550.0,1.8712540000000002,0.706205,GBR,DEU,210410
259033,82,61,5639,2003,0.0,2832.0,0.595485,-0.25939,GEO,DEU,210410
259034,83,61,5639,2003,14535.0,0.0,-1.074188,-0.7127319999999999,GHA,DEU,210410
259035,87,61,5639,2003,0.0,1931.0,-0.230541,-0.275663,GMB,DEU,210410
259036,90,61,5639,2003,149917.0,743876.0,0.364688,1.4823959999999998,GRC,DEU,210410
259037,92,61,5639,2003,0.0,16529.0,-0.764655,-0.8684200000000001,GRL,DEU,210410
259038,97,61,5639,2003,3197.0,11159.0,0.494569,2.147062,HKG,DEU,210410
259039,100,61,5639,2003,16133.0,230453.0,0.568394,1.230759,HRV,DEU,210410
259040,102,61,5639,2003,4136.0,78285.0,1.2003270000000001,1.091407,HUN,DEU,210410
259041,104,61,5639,2003,15925.0,2724.0,0.33014099999999996,2.836003,IND,DEU,210410
259042,106,61,5639,2003,1910.0,616066.0,1.6396130000000002,0.220599,IRL,DEU,210410
259043,107,61,5639,2003,15361.0,0.0,-0.552146,-0.8668520000000001,IRN,DEU,210410
259044,109,61,5639,2003,0.0,41350.0,0.21902800000000003,-0.40818499999999996,ISL,DEU,210410
259045,110,61,5639,2003,9028.0,18163.0,1.157809,0.682195,ISR,DEU,210410
259046,111,61,5639,2003,1140724.0,4375910.0,1.399734,1.044608,ITA,DEU,210410
259047,114,61,5639,2003,207509.0,67209.0,2.4686630000000003,0.48072600000000004,JPN,DEU,210410
259048,115,61,5639,2003,0.0,5849.0,-0.156326,-0.62092,KAZ,DEU,210410
259049,116,61,5639,2003,0.0,3580.0,-0.3531,0.582992,KEN,DEU,210410
259050,121,61,5639,2003,356066.0,985.0,1.2611709999999998,0.956308,KOR,DEU,210410
259051,122,61,5639,2003,0.0,105725.0,-0.7943640000000001,-1.1529770000000001,KWT,DEU,210410
259052,124,61,5639,2003,34708.0,6237.0,0.261687,1.053856,LBN,DEU,210410
259053,128,61,5639,2003,0.0,1734.0,-0.618057,0.101931,LKA,DEU,210410
259054,130,61,5639,2003,163803.0,102957.0,0.239608,0.517299,LTU,DEU,210410
259055,131,61,5639,2003,1912.0,1224720.0,1.444996,1.063764,LUX,DEU,210410
259056,132,61,5639,2003,79578.0,37560.0,0.520772,0.5631689999999999,LVA,DEU,210410
259057,134,61,5639,2003,76458.0,4566.0,-0.6842050000000001,-0.217892,MAR,DEU,210410
259058,135,61,5639,2003,0.0,10300.0,-0.005154,-0.26107199999999997,MDA,DEU,210410
259059,137,61,5639,2003,0.0,2274.0,-1.201352,-1.031892,MDV,DEU,210410
259060,140,61,5639,2003,994.0,17447.0,-0.017632,0.225394,MKD,DEU,210410
259061,142,61,5639,2003,0.0,3790.0,1.2138149999999999,-0.015687,MLT,DEU,210410
259062,145,61,5639,2003,0.0,2797.0,-0.9747620000000001,-1.026308,MNG,DEU,210410
259063,148,61,5639,2003,0.0,4376.0,-1.069232,-1.184061,MRT,DEU,210410
259064,151,61,5639,2003,0.0,4475.0,-0.361514,-0.29839899999999997,MUS,DEU,210410
259065,153,61,5639,2003,5509.0,0.0,0.728804,0.2168,MYS,DEU,210410
259066,155,61,5639,2003,0.0,22440.0,-0.24004499999999998,-0.39565900000000004,NAM,DEU,210410
259067,156,61,5639,2003,0.0,10011.0,-0.344934,-0.776632,NCL,DEU,210410
259068,159,61,5639,2003,0.0,49461.0,-1.859176,-1.234236,NGA,DEU,210410
259069,162,61,5639,2003,43472500.0,21123148.0,1.168453,1.7085709999999998,NLD,DEU,210410
259070,163,61,5639,2003,52390.0,182460.0,1.1500620000000001,0.258554,NOR,DEU,210410
259071,166,61,5639,2003,0.0,27143.0,0.589619,0.997301,NZL,DEU,210410
259072,169,61,5639,2003,0.0,5320.0,-0.050386,-0.039619999999999995,PAN,DEU,210410
259073,177,61,5639,2003,505531.0,304794.0,0.966622,1.664838,POL,DEU,210410
259074,178,61,5639,2003,0.0,3075.0,0.7060420000000001,0.7718,PRK,DEU,210410
259075,179,61,5639,2003,38679.0,789224.0,0.471376,1.647303,PRT,DEU,210410
259076,182,61,5639,2003,0.0,9203.0,-0.255707,-0.676557,PYF,DEU,210410
259077,185,61,5639,2003,3059.0,25502.0,0.378379,1.0064620000000002,ROU,DEU,210410
259078,186,61,5639,2003,150830.0,987968.0,1.072729,0.338355,RUS,DEU,210410
259079,188,61,5639,2003,0.0,2757.0,0.202286,-0.714691,SAU,DEU,210410
259080,189,61,5639,2003,6910.0,42638.0,0.575326,1.627894,SCG,DEU,210410
259081,192,61,5639,2003,909.0,34577.0,1.5080799999999999,0.720337,SGP,DEU,210410
259082,196,61,5639,2003,0.0,2024.0,0.129923,-0.19926300000000002,SLE,DEU,210410
259083,203,61,5639,2003,0.0,991.0,1.046084,-0.183027,STP,DEU,210410
259084,206,61,5639,2003,0.0,155033.0,1.22565,0.915518,SVK,DEU,210410
259085,207,61,5639,2003,0.0,133882.0,1.6459840000000001,1.014191,SVN,DEU,210410
259086,208,61,5639,2003,622287.0,3229279.0,2.099224,0.799982,SWE,DEU,210410
259087,215,61,5639,2003,2347.0,0.0,-0.5058590000000001,-0.520586,TGO,DEU,210410
259088,216,61,5639,2003,399103.0,15029.0,0.43010699999999996,1.607408,THA,DEU,210410
259089,224,61,5639,2003,1914211.0,10637.0,0.192802,1.9855060000000002,TUR,DEU,210410
259090,228,61,5639,2003,752.0,14830.0,0.8929389999999999,0.956685,UKR,DEU,210410
259091,231,61,5639,2003,26906.0,1847946.0,1.7789220000000001,0.064028,USA,DEU,210410
259092,232,61,5639,2003,0.0,2018.0,-0.285978,-0.703334,UZB,DEU,210410
259093,239,61,5639,2003,204361.0,2626.0,-0.633985,0.659696,VNM,DEU,210410
259094,246,61,5639,2003,0.0,16811.0,0.477987,2.255395,ZAF,DEU,210410
259095,249,61,5639,2003,3416.0,18691.0,1.5924040000000002,1.397843,TWN,DEU,210410
259096,250,61,5639,2003,0.0,7084.0,0.45951499999999995,-0.2312,ANS,DEU,210410
259097,7,64,5639,2003,0.0,45736.0,0.049637,-0.502691,ARE,DNK,210410
259098,15,64,5639,2003,335340.0,261835.0,1.834977,0.408096,AUT,DNK,210410
259099,18,64,5639,2003,43042.0,174827.0,1.361682,1.39536,BEL,DNK,210410
259100,41,64,5639,2003,561499.0,38806.0,2.151037,0.711217,CHE,DNK,210410
259101,43,64,5639,2003,633232.0,0.0,0.579431,2.773139,CHN,DNK,210410
259102,59,64,5639,2003,6635.0,4126.0,1.555749,0.8662059999999999,CZE,DNK,210410
259103,61,64,5639,2003,2637561.0,1033030.0,2.2821919999999998,-2.0985150000000004,DEU,DNK,210410
259104,71,64,5639,2003,1143601.0,322922.0,0.960684,2.074792,ESP,DNK,210410
259105,72,64,5639,2003,0.0,21704.0,0.5913010000000001,0.8489979999999999,EST,DNK,210410
259106,74,64,5639,2003,5753.0,850209.0,2.077889,0.942501,FIN,DNK,210410
259107,77,64,5639,2003,346421.0,212619.0,1.606606,0.7394149999999999,FRA,DNK,210410
259108,78,64,5639,2003,0.0,581424.0,-0.46422299999999994,-0.8072050000000001,FRO,DNK,210410
259109,81,64,5639,2003,403613.0,652701.0,1.8712540000000002,0.706205,GBR,DNK,210410
259110,92,64,5639,2003,0.0,398184.0,-0.764655,-0.8684200000000001,GRL,DNK,210410
259111,97,64,5639,2003,0.0,1768.0,0.494569,2.147062,HKG,DNK,210410
259112,100,64,5639,2003,0.0,132377.0,0.568394,1.230759,HRV,DNK,210410
259113,102,64,5639,2003,0.0,2171.0,1.2003270000000001,1.091407,HUN,DNK,210410
259114,106,64,5639,2003,0.0,158754.0,1.6396130000000002,0.220599,IRL,DNK,210410
259115,108,64,5639,2003,0.0,9677.0,-0.398557,-0.774153,IRQ,DNK,210410
259116,109,64,5639,2003,140515.0,1009570.0,0.21902800000000003,-0.40818499999999996,ISL,DNK,210410
259117,110,64,5639,2003,1043.0,0.0,1.157809,0.682195,ISR,DNK,210410
259118,111,64,5639,2003,147779.0,14849.0,1.399734,1.044608,ITA,DNK,210410
259119,114,64,5639,2003,4704.0,2150.0,2.4686630000000003,0.48072600000000004,JPN,DNK,210410
259120,122,64,5639,2003,0.0,6619.0,-0.7943640000000001,-1.1529770000000001,KWT,DNK,210410
259121,124,64,5639,2003,8890.0,0.0,0.261687,1.053856,LBN,DNK,210410
259122,130,64,5639,2003,0.0,6309.0,0.239608,0.517299,LTU,DNK,210410
259123,131,64,5639,2003,3272.0,1341.0,1.444996,1.063764,LUX,DNK,210410
259124,132,64,5639,2003,0.0,3128.0,0.520772,0.5631689999999999,LVA,DNK,210410
259125,162,64,5639,2003,3814431.0,354410.0,1.168453,1.7085709999999998,NLD,DNK,210410
259126,163,64,5639,2003,442904.0,594354.0,1.1500620000000001,0.258554,NOR,DNK,210410
259127,166,64,5639,2003,0.0,5816.0,0.589619,0.997301,NZL,DNK,210410
259128,174,64,5639,2003,1820.0,0.0,-0.065022,-0.195144,PHL,DNK,210410
259129,177,64,5639,2003,4969.0,0.0,0.966622,1.664838,POL,DNK,210410
259130,179,64,5639,2003,15200.0,0.0,0.471376,1.647303,PRT,DNK,210410
259131,186,64,5639,2003,0.0,1584.0,1.072729,0.338355,RUS,DNK,210410
259132,206,64,5639,2003,94145.0,0.0,1.22565,0.915518,SVK,DNK,210410
259133,208,64,5639,2003,1645973.0,4243251.0,2.099224,0.799982,SWE,DNK,210410
259134,216,64,5639,2003,11593.0,0.0,0.43010699999999996,1.607408,THA,DNK,210410
259135,224,64,5639,2003,92110.0,1995.0,0.192802,1.9855060000000002,TUR,DNK,210410
259136,228,64,5639,2003,0.0,3122.0,0.8929389999999999,0.956685,UKR,DNK,210410
259137,239,64,5639,2003,2441.0,0.0,-0.633985,0.659696,VNM,DNK,210410
259138,246,64,5639,2003,0.0,789.0,0.477987,2.255395,ZAF,DNK,210410
259139,250,64,5639,2003,74879.0,0.0,0.45951499999999995,-0.2312,ANS,DNK,210410
259140,0,65,5639,2003,0.0,2924.0,-0.13006600000000001,-0.783431,ABW,DOM,210410
259141,6,65,5639,2003,0.0,8524.0,0.108903,-0.650137,ANT,DOM,210410
259142,33,65,5639,2003,0.0,3062.0,0.744166,0.074191,BRB,DOM,210410
259143,41,65,5639,2003,25430.0,1278.0,2.151037,0.711217,CHE,DOM,210410
259144,42,65,5639,2003,1472.0,0.0,-0.06375900000000001,-0.156808,CHL,DOM,210410
259145,43,65,5639,2003,935.0,0.0,0.579431,2.773139,CHN,DOM,210410
259146,49,65,5639,2003,328740.0,0.0,0.218336,0.376869,COL,DOM,210410
259147,54,65,5639,2003,0.0,60077.0,-0.391515,-0.8562120000000001,CUB,DOM,210410
259148,63,65,5639,2003,0.0,3945.0,0.11903299999999999,-0.21768200000000001,DMA,DOM,210410
259149,71,65,5639,2003,9566.0,0.0,0.960684,2.074792,ESP,DOM,210410
259150,77,65,5639,2003,4700.0,0.0,1.606606,0.7394149999999999,FRA,DOM,210410
259151,93,65,5639,2003,160731.0,0.0,-0.444162,0.145319,GTM,DOM,210410
259152,101,65,5639,2003,0.0,1767626.0,-1.3761290000000002,-1.006346,HTI,DOM,210410
259153,111,65,5639,2003,1947.0,0.0,1.399734,1.044608,ITA,DOM,210410
259154,121,65,5639,2003,84522.0,0.0,1.2611709999999998,0.956308,KOR,DOM,210410
259155,138,65,5639,2003,874.0,0.0,0.862509,0.756684,MEX,DOM,210410
259156,162,65,5639,2003,940.0,0.0,1.168453,1.7085709999999998,NLD,DOM,210410
259157,192,65,5639,2003,14660.0,0.0,1.5080799999999999,0.720337,SGP,DOM,210410
259158,213,65,5639,2003,0.0,1148.0,0.306975,-0.288514,TCA,DOM,210410
259159,222,65,5639,2003,0.0,2952.0,-0.16738,-0.9820969999999999,TTO,DOM,210410
259160,231,65,5639,2003,425525.0,1374522.0,1.7789220000000001,0.064028,USA,DOM,210410
259161,32,67,5639,2003,830986.0,0.0,0.660576,1.118876,BRA,ECU,210410
259162,42,67,5639,2003,807748.0,0.0,-0.06375900000000001,-0.156808,CHL,ECU,210410
259163,49,67,5639,2003,960683.0,0.0,0.218336,0.376869,COL,ECU,210410
259164,71,67,5639,2003,0.0,7061.0,0.960684,2.074792,ESP,ECU,210410
259165,97,67,5639,2003,8426.0,0.0,0.494569,2.147062,HKG,ECU,210410
259166,111,67,5639,2003,7663.0,0.0,1.399734,1.044608,ITA,ECU,210410
259167,138,67,5639,2003,2727.0,0.0,0.862509,0.756684,MEX,ECU,210410
259168,173,67,5639,2003,1430468.0,0.0,-0.48627,0.371354,PER,ECU,210410
259169,231,67,5639,2003,49899.0,1541.0,1.7789220000000001,0.064028,USA,ECU,210410
259170,2,71,5639,2003,0.0,339555.0,-1.8762919999999998,-1.176541,AGO,ESP,210410
259171,4,71,5639,2003,0.0,190952.0,-0.053595000000000004,0.166034,ALB,ESP,210410
259172,5,71,5639,2003,6167.0,434794.0,1.0901319999999999,0.618693,AND,ESP,210410
259173,7,71,5639,2003,0.0,322169.0,0.049637,-0.502691,ARE,ESP,210410
259174,8,71,5639,2003,0.0,4336.0,0.302073,0.49069700000000005,ARG,ESP,210410
259175,9,71,5639,2003,0.0,281997.0,0.497521,-0.305788,ARM,ESP,210410
259176,15,71,5639,2003,272420.0,1290.0,1.834977,0.408096,AUT,ESP,210410
259177,16,71,5639,2003,0.0,300354.0,-0.304606,-0.975453,AZE,ESP,210410
259178,18,71,5639,2003,123372.0,1333092.0,1.361682,1.39536,BEL,ESP,210410
259179,19,71,5639,2003,0.0,841176.0,-1.150888,-0.956203,BEN,ESP,210410
259180,21,71,5639,2003,0.0,4851024.0,-0.9365690000000001,-0.9699409999999999,BFA,ESP,210410
259181,23,71,5639,2003,0.0,623478.0,0.43308599999999997,1.7104099999999998,BGR,ESP,210410
259182,26,71,5639,2003,0.0,78292.0,0.195667,0.347011,BIH,ESP,210410
259183,31,71,5639,2003,0.0,1675.0,-0.787995,-0.7228899999999999,BOL,ESP,210410
259184,32,71,5639,2003,0.0,8634.0,0.660576,1.118876,BRA,ESP,210410
259185,39,71,5639,2003,0.0,5095.0,0.9791540000000001,1.185081,CAN,ESP,210410
259186,41,71,5639,2003,589574.0,222495.0,2.151037,0.711217,CHE,ESP,210410
259187,42,71,5639,2003,9819.0,4237.0,-0.06375900000000001,-0.156808,CHL,ESP,210410
259188,43,71,5639,2003,10358.0,34872.0,0.579431,2.773139,CHN,ESP,210410
259189,44,71,5639,2003,1986.0,7070300.0,-0.699928,-0.723739,CIV,ESP,210410
259190,46,71,5639,2003,0.0,34365.0,-1.366232,-1.0778860000000001,COD,ESP,210410
259191,47,71,5639,2003,0.0,955557.0,-1.6789619999999998,-1.182557,COG,ESP,210410
259192,49,71,5639,2003,0.0,13920.0,0.218336,0.376869,COL,ESP,210410
259193,51,71,5639,2003,0.0,6619.0,0.070649,-0.541279,CPV,ESP,210410
259194,52,71,5639,2003,0.0,14602.0,-0.193904,-0.5049680000000001,CRI,ESP,210410
259195,54,71,5639,2003,0.0,585899.0,-0.391515,-0.8562120000000001,CUB,ESP,210410
259196,61,71,5639,2003,2561791.0,454226.0,2.2821919999999998,-2.0985150000000004,DEU,ESP,210410
259197,62,71,5639,2003,0.0,397236.0,-0.41648500000000005,-0.5408350000000001,DJI,ESP,210410
259198,64,71,5639,2003,322922.0,1143601.0,1.309564,1.245596,DNK,ESP,210410
259199,65,71,5639,2003,0.0,9566.0,-0.46264399999999994,-0.245034,DOM,ESP,210410
259200,66,71,5639,2003,0.0,3027740.0,-1.060727,-1.142594,DZA,ESP,210410
259201,67,71,5639,2003,7061.0,0.0,-0.8689370000000001,-0.889767,ECU,ESP,210410
259202,72,71,5639,2003,0.0,434853.0,0.5913010000000001,0.8489979999999999,EST,ESP,210410
259203,73,71,5639,2003,0.0,3811.0,-1.1145559999999999,-0.9599620000000001,ETH,ESP,210410
259204,74,71,5639,2003,0.0,110368.0,2.077889,0.942501,FIN,ESP,210410
259205,77,71,5639,2003,9387733.0,12405769.0,1.606606,0.7394149999999999,FRA,ESP,210410
259206,80,71,5639,2003,0.0,60154.0,-0.92745,-1.138466,GAB,ESP,210410
259207,81,71,5639,2003,1509930.0,1547383.0,1.8712540000000002,0.706205,GBR,ESP,210410
259208,82,71,5639,2003,0.0,69360.0,0.595485,-0.25939,GEO,ESP,210410
259209,83,71,5639,2003,0.0,969862.0,-1.074188,-0.7127319999999999,GHA,ESP,210410
259210,84,71,5639,2003,0.0,119920.0,1.133606,-0.176782,GIB,ESP,210410
259211,85,71,5639,2003,0.0,4111058.0,-2.14752,-1.250048,GIN,ESP,210410
259212,87,71,5639,2003,0.0,3005797.0,-0.230541,-0.275663,GMB,ESP,210410
259213,88,71,5639,2003,0.0,642813.0,0.24509499999999998,-0.612725,GNB,ESP,210410
259214,89,71,5639,2003,0.0,52043.0,-2.4406529999999997,-0.821155,GNQ,ESP,210410
259215,90,71,5639,2003,0.0,151055.0,0.364688,1.4823959999999998,GRC,ESP,210410
259216,93,71,5639,2003,0.0,50547.0,-0.444162,0.145319,GTM,ESP,210410
259217,97,71,5639,2003,0.0,23957.0,0.494569,2.147062,HKG,ESP,210410
259218,100,71,5639,2003,0.0,92885.0,0.568394,1.230759,HRV,ESP,210410
259219,101,71,5639,2003,0.0,570084.0,-1.3761290000000002,-1.006346,HTI,ESP,210410
259220,103,71,5639,2003,0.0,1225.0,-0.16802,1.7252990000000001,IDN,ESP,210410
259221,106,71,5639,2003,17308.0,43798.0,1.6396130000000002,0.220599,IRL,ESP,210410
259222,107,71,5639,2003,0.0,526468.0,-0.552146,-0.8668520000000001,IRN,ESP,210410
259223,110,71,5639,2003,0.0,1086.0,1.157809,0.682195,ISR,ESP,210410
259224,111,71,5639,2003,1952937.0,252895.0,1.399734,1.044608,ITA,ESP,210410
259225,113,71,5639,2003,0.0,21638.0,0.12295,0.377031,JOR,ESP,210410
259226,114,71,5639,2003,29230.0,62962.0,2.4686630000000003,0.48072600000000004,JPN,ESP,210410
259227,115,71,5639,2003,0.0,77117.0,-0.156326,-0.62092,KAZ,ESP,210410
259228,117,71,5639,2003,0.0,248382.0,0.25359699999999996,0.24101199999999998,KGZ,ESP,210410
259229,122,71,5639,2003,0.0,90547.0,-0.7943640000000001,-1.1529770000000001,KWT,ESP,210410
259230,124,71,5639,2003,27058.0,0.0,0.261687,1.053856,LBN,ESP,210410
259231,125,71,5639,2003,0.0,38074.0,0.026117,-1.03888,LBR,ESP,210410
259232,130,71,5639,2003,0.0,1116600.0,0.239608,0.517299,LTU,ESP,210410
259233,131,71,5639,2003,108628.0,11759.0,1.444996,1.063764,LUX,ESP,210410
259234,132,71,5639,2003,0.0,956681.0,0.520772,0.5631689999999999,LVA,ESP,210410
259235,134,71,5639,2003,88507.0,222070.0,-0.6842050000000001,-0.217892,MAR,ESP,210410
259236,135,71,5639,2003,0.0,23050.0,-0.005154,-0.26107199999999997,MDA,ESP,210410
259237,136,71,5639,2003,0.0,241008.0,-1.254758,-0.622696,MDG,ESP,210410
259238,138,71,5639,2003,4769.0,387274.0,0.862509,0.756684,MEX,ESP,210410
259239,141,71,5639,2003,0.0,5177960.0,-0.786411,-0.879049,MLI,ESP,210410
259240,142,71,5639,2003,0.0,10835.0,1.2138149999999999,-0.015687,MLT,ESP,210410
259241,145,71,5639,2003,0.0,43062.0,-0.9747620000000001,-1.026308,MNG,ESP,210410
259242,147,71,5639,2003,0.0,16353.0,-1.188243,-1.123693,MOZ,ESP,210410
259243,148,71,5639,2003,0.0,1686542.0,-1.069232,-1.184061,MRT,ESP,210410
259244,156,71,5639,2003,0.0,29278.0,-0.344934,-0.776632,NCL,ESP,210410
259245,157,71,5639,2003,0.0,217742.0,-0.199296,-0.578264,NER,ESP,210410
259246,159,71,5639,2003,2416.0,306094.0,-1.859176,-1.234236,NGA,ESP,210410
259247,160,71,5639,2003,0.0,2151.0,-0.8661459999999999,-0.8661690000000001,NIC,ESP,210410
259248,162,71,5639,2003,521993.0,85387.0,1.168453,1.7085709999999998,NLD,ESP,210410
259249,163,71,5639,2003,63053.0,34783.0,1.1500620000000001,0.258554,NOR,ESP,210410
259250,169,71,5639,2003,0.0,55992.0,-0.050386,-0.039619999999999995,PAN,ESP,210410
259251,173,71,5639,2003,0.0,33891.0,-0.48627,0.371354,PER,ESP,210410
259252,174,71,5639,2003,0.0,5246.0,-0.065022,-0.195144,PHL,ESP,210410
259253,179,71,5639,2003,7466976.0,4617524.0,0.471376,1.647303,PRT,ESP,210410
259254,182,71,5639,2003,0.0,3333.0,-0.255707,-0.676557,PYF,ESP,210410
259255,183,71,5639,2003,0.0,4969.0,-0.209042,-1.0565799999999999,QAT,ESP,210410
259256,185,71,5639,2003,0.0,421495.0,0.378379,1.0064620000000002,ROU,ESP,210410
259257,186,71,5639,2003,12783.0,730098.0,1.072729,0.338355,RUS,ESP,210410
259258,189,71,5639,2003,0.0,144621.0,0.575326,1.627894,SCG,ESP,210410
259259,191,71,5639,2003,35861.0,10773224.0,-0.25203600000000004,-0.25549299999999997,SEN,ESP,210410
259260,192,71,5639,2003,0.0,2705.0,1.5080799999999999,0.720337,SGP,ESP,210410
259261,196,71,5639,2003,0.0,886269.0,0.129923,-0.19926300000000002,SLE,ESP,210410
259262,197,71,5639,2003,0.0,2123.0,-0.251357,-0.189917,SLV,ESP,210410
259263,199,71,5639,2003,0.0,84843.0,-0.319096,-0.649003,SOM,ESP,210410
259264,205,71,5639,2003,0.0,8040.0,-0.896925,-0.88623,SUR,ESP,210410
259265,207,71,5639,2003,0.0,3344.0,1.6459840000000001,1.014191,SVN,ESP,210410
259266,208,71,5639,2003,36690.0,336084.0,2.099224,0.799982,SWE,ESP,210410
259267,212,71,5639,2003,0.0,26163.0,-0.868749,-0.326322,SYR,ESP,210410
259268,215,71,5639,2003,0.0,569592.0,-0.5058590000000001,-0.520586,TGO,ESP,210410
259269,216,71,5639,2003,3269.0,0.0,0.43010699999999996,1.607408,THA,ESP,210410
259270,217,71,5639,2003,0.0,47836.0,-0.6187520000000001,-1.0438969999999999,TJK,ESP,210410
259271,219,71,5639,2003,0.0,120505.0,-1.223295,-1.250217,TKM,ESP,210410
259272,224,71,5639,2003,0.0,284837.0,0.192802,1.9855060000000002,TUR,ESP,210410
259273,228,71,5639,2003,0.0,283186.0,0.8929389999999999,0.956685,UKR,ESP,210410
259274,231,71,5639,2003,19927.0,808009.0,1.7789220000000001,0.064028,USA,ESP,210410
259275,232,71,5639,2003,0.0,181831.0,-0.285978,-0.703334,UZB,ESP,210410
259276,234,71,5639,2003,0.0,1904.0,-0.355758,-0.679181,VCT,ESP,210410
259277,236,71,5639,2003,0.0,5950.0,0.277805,-0.783697,VEN,ESP,210410
259278,243,71,5639,2003,0.0,151132.0,-1.453584,-1.257815,YEM,ESP,210410
259279,249,71,5639,2003,124426.0,0.0,1.5924040000000002,1.397843,TWN,ESP,210410
259280,1,77,5639,2003,0.0,2264.0,-0.421205,-0.602704,AFG,FRA,210410
259281,2,77,5639,2003,0.0,56593.0,-1.8762919999999998,-1.176541,AGO,FRA,210410
259282,5,77,5639,2003,0.0,127598.0,1.0901319999999999,0.618693,AND,FRA,210410
259283,6,77,5639,2003,0.0,6791.0,0.108903,-0.650137,ANT,FRA,210410
259284,14,77,5639,2003,2379.0,31617.0,0.316879,0.9409489999999999,AUS,FRA,210410
259285,15,77,5639,2003,182794.0,103148.0,1.834977,0.408096,AUT,FRA,210410
259286,18,77,5639,2003,2575997.0,12336191.0,1.361682,1.39536,BEL,FRA,210410
259287,19,77,5639,2003,0.0,7155.0,-1.150888,-0.956203,BEN,FRA,210410
259288,21,77,5639,2003,0.0,26507.0,-0.9365690000000001,-0.9699409999999999,BFA,FRA,210410
259289,24,77,5639,2003,0.0,944.0,-0.10968800000000001,-1.041032,BHR,FRA,210410
259290,38,77,5639,2003,0.0,15603.0,-1.342769,-0.905425,CAF,FRA,210410
259291,39,77,5639,2003,235377.0,141544.0,0.9791540000000001,1.185081,CAN,FRA,210410
259292,41,77,5639,2003,7336900.0,3664032.0,2.151037,0.711217,CHE,FRA,210410
259293,43,77,5639,2003,42912.0,61767.0,0.579431,2.773139,CHN,FRA,210410
259294,44,77,5639,2003,499351.0,5924.0,-0.699928,-0.723739,CIV,FRA,210410
259295,45,77,5639,2003,104539.0,25961.0,-1.254788,-1.10897,CMR,FRA,210410
259296,47,77,5639,2003,0.0,18110.0,-1.6789619999999998,-1.182557,COG,FRA,210410
259297,49,77,5639,2003,0.0,4967.0,0.218336,0.376869,COL,FRA,210410
259298,50,77,5639,2003,0.0,1819.0,-0.675377,-0.791014,COM,FRA,210410
259299,58,77,5639,2003,0.0,9882.0,0.259992,0.068914,CYP,FRA,210410
259300,59,77,5639,2003,0.0,10719.0,1.555749,0.8662059999999999,CZE,FRA,210410
259301,61,77,5639,2003,11190569.0,2664794.0,2.2821919999999998,-2.0985150000000004,DEU,FRA,210410
259302,62,77,5639,2003,0.0,11319.0,-0.41648500000000005,-0.5408350000000001,DJI,FRA,210410
259303,64,77,5639,2003,212619.0,346421.0,1.309564,1.245596,DNK,FRA,210410
259304,65,77,5639,2003,0.0,4700.0,-0.46264399999999994,-0.245034,DOM,FRA,210410
259305,66,77,5639,2003,0.0,14421.0,-1.060727,-1.142594,DZA,FRA,210410
259306,71,77,5639,2003,12405769.0,9387733.0,0.960684,2.074792,ESP,FRA,210410
259307,72,77,5639,2003,0.0,1714.0,0.5913010000000001,0.8489979999999999,EST,FRA,210410
259308,74,77,5639,2003,0.0,18448.0,2.077889,0.942501,FIN,FRA,210410
259309,80,77,5639,2003,0.0,27546.0,-0.92745,-1.138466,GAB,FRA,210410
259310,81,77,5639,2003,1048135.0,11841370.0,1.8712540000000002,0.706205,GBR,FRA,210410
259311,83,77,5639,2003,42601.0,1084.0,-1.074188,-0.7127319999999999,GHA,FRA,210410
259312,89,77,5639,2003,0.0,3396.0,-2.4406529999999997,-0.821155,GNQ,FRA,210410
259313,90,77,5639,2003,0.0,184387.0,0.364688,1.4823959999999998,GRC,FRA,210410
259314,93,77,5639,2003,0.0,2050.0,-0.444162,0.145319,GTM,FRA,210410
259315,97,77,5639,2003,2569.0,154412.0,0.494569,2.147062,HKG,FRA,210410
259316,100,77,5639,2003,15795.0,0.0,0.568394,1.230759,HRV,FRA,210410
259317,102,77,5639,2003,0.0,23953.0,1.2003270000000001,1.091407,HUN,FRA,210410
259318,103,77,5639,2003,0.0,56530.0,-0.16802,1.7252990000000001,IDN,FRA,210410
259319,106,77,5639,2003,515026.0,335255.0,1.6396130000000002,0.220599,IRL,FRA,210410
259320,109,77,5639,2003,0.0,7745.0,0.21902800000000003,-0.40818499999999996,ISL,FRA,210410
259321,110,77,5639,2003,271101.0,50891.0,1.157809,0.682195,ISR,FRA,210410
259322,111,77,5639,2003,6722111.0,9885510.0,1.399734,1.044608,ITA,FRA,210410
259323,114,77,5639,2003,141576.0,305349.0,2.4686630000000003,0.48072600000000004,JPN,FRA,210410
259324,118,77,5639,2003,0.0,5138.0,-1.0165620000000002,-1.060454,KHM,FRA,210410
259325,122,77,5639,2003,0.0,26483.0,-0.7943640000000001,-1.1529770000000001,KWT,FRA,210410
259326,124,77,5639,2003,1705.0,118692.0,0.261687,1.053856,LBN,FRA,210410
259327,128,77,5639,2003,2614.0,0.0,-0.618057,0.101931,LKA,FRA,210410
259328,130,77,5639,2003,0.0,4459.0,0.239608,0.517299,LTU,FRA,210410
259329,131,77,5639,2003,349499.0,380019.0,1.444996,1.063764,LUX,FRA,210410
259330,134,77,5639,2003,1253391.0,3829.0,-0.6842050000000001,-0.217892,MAR,FRA,210410
259331,136,77,5639,2003,0.0,6451.0,-1.254758,-0.622696,MDG,FRA,210410
259332,137,77,5639,2003,0.0,1825.0,-1.201352,-1.031892,MDV,FRA,210410
259333,138,77,5639,2003,5479.0,11314.0,0.862509,0.756684,MEX,FRA,210410
259334,141,77,5639,2003,0.0,12982.0,-0.786411,-0.879049,MLI,FRA,210410
259335,142,77,5639,2003,0.0,4011.0,1.2138149999999999,-0.015687,MLT,FRA,210410
259336,148,77,5639,2003,0.0,11344.0,-1.069232,-1.184061,MRT,FRA,210410
259337,151,77,5639,2003,0.0,64610.0,-0.361514,-0.29839899999999997,MUS,FRA,210410
259338,153,77,5639,2003,0.0,1906.0,0.728804,0.2168,MYS,FRA,210410
259339,154,77,5639,2003,0.0,31579.0,0.8645370000000001,-0.101347,MYT,FRA,210410
259340,156,77,5639,2003,0.0,1043977.0,-0.344934,-0.776632,NCL,FRA,210410
259341,157,77,5639,2003,0.0,13984.0,-0.199296,-0.578264,NER,FRA,210410
259342,162,77,5639,2003,9284444.0,985947.0,1.168453,1.7085709999999998,NLD,FRA,210410
259343,163,77,5639,2003,179012.0,97837.0,1.1500620000000001,0.258554,NOR,FRA,210410
259344,166,77,5639,2003,0.0,40262.0,0.589619,0.997301,NZL,FRA,210410
259345,174,77,5639,2003,19547.0,7122.0,-0.065022,-0.195144,PHL,FRA,210410
259346,177,77,5639,2003,14072.0,133848.0,0.966622,1.664838,POL,FRA,210410
259347,179,77,5639,2003,4470236.0,3799921.0,0.471376,1.647303,PRT,FRA,210410
259348,182,77,5639,2003,0.0,222054.0,-0.255707,-0.676557,PYF,FRA,210410
259349,185,77,5639,2003,0.0,1914.0,0.378379,1.0064620000000002,ROU,FRA,210410
259350,186,77,5639,2003,0.0,2308793.0,1.072729,0.338355,RUS,FRA,210410
259351,187,77,5639,2003,0.0,1911.0,-0.99513,-0.852476,RWA,FRA,210410
259352,191,77,5639,2003,0.0,17908.0,-0.25203600000000004,-0.25549299999999997,SEN,FRA,210410
259353,192,77,5639,2003,0.0,24852.0,1.5080799999999999,0.720337,SGP,FRA,210410
259354,200,77,5639,2003,0.0,10187.0,0.677331,-0.645223,SPM,FRA,210410
259355,206,77,5639,2003,0.0,40182.0,1.22565,0.915518,SVK,FRA,210410
259356,208,77,5639,2003,169096.0,335883.0,2.099224,0.799982,SWE,FRA,210410
259357,214,77,5639,2003,0.0,21505.0,-0.263238,-0.6801189999999999,TCD,FRA,210410
259358,215,77,5639,2003,0.0,2125.0,-0.5058590000000001,-0.520586,TGO,FRA,210410
259359,216,77,5639,2003,33913.0,5922.0,0.43010699999999996,1.607408,THA,FRA,210410
259360,224,77,5639,2003,50810.0,0.0,0.192802,1.9855060000000002,TUR,FRA,210410
259361,231,77,5639,2003,27584.0,721065.0,1.7789220000000001,0.064028,USA,FRA,210410
259362,239,77,5639,2003,34570.0,0.0,-0.633985,0.659696,VNM,FRA,210410
259363,241,77,5639,2003,0.0,11136.0,0.200787,-0.775126,WLF,FRA,210410
259364,246,77,5639,2003,29173.0,81052.0,0.477987,2.255395,ZAF,FRA,210410
259365,249,77,5639,2003,16861.0,3228.0,1.5924040000000002,1.397843,TWN,FRA,210410
259366,250,77,5639,2003,7661.0,0.0,0.45951499999999995,-0.2312,ANS,FRA,210410
259367,3,81,5639,2003,0.0,1001.0,1.159575,-0.060911,AIA,GBR,210410
259368,7,81,5639,2003,3341.0,540213.0,0.049637,-0.502691,ARE,GBR,210410
259369,9,81,5639,2003,0.0,6262.0,0.497521,-0.305788,ARM,GBR,210410
259370,13,81,5639,2003,0.0,2183.0,0.014283,-0.564587,ATG,GBR,210410
259371,14,81,5639,2003,1964.0,1886295.0,0.316879,0.9409489999999999,AUS,GBR,210410
259372,15,81,5639,2003,2569454.0,34845.0,1.834977,0.408096,AUT,GBR,210410
259373,18,81,5639,2003,947630.0,830809.0,1.361682,1.39536,BEL,GBR,210410
259374,23,81,5639,2003,0.0,4083.0,0.43308599999999997,1.7104099999999998,BGR,GBR,210410
259375,24,81,5639,2003,0.0,55437.0,-0.10968800000000001,-1.041032,BHR,GBR,210410
259376,25,81,5639,2003,0.0,8542.0,0.614422,-0.40984,BHS,GBR,210410
259377,29,81,5639,2003,0.0,1093.0,-0.543555,-0.7596,BLZ,GBR,210410
259378,30,81,5639,2003,0.0,23094.0,0.9966459999999999,-0.5183270000000001,BMU,GBR,210410
259379,33,81,5639,2003,0.0,141939.0,0.744166,0.074191,BRB,GBR,210410
259380,34,81,5639,2003,0.0,49678.0,-1.342738,-0.978633,BRN,GBR,210410
259381,39,81,5639,2003,260906.0,559765.0,0.9791540000000001,1.185081,CAN,GBR,210410
259382,41,81,5639,2003,5130314.0,65498.0,2.151037,0.711217,CHE,GBR,210410
259383,43,81,5639,2003,35700.0,2890.0,0.579431,2.773139,CHN,GBR,210410
259384,44,81,5639,2003,57983.0,2041.0,-0.699928,-0.723739,CIV,GBR,210410
259385,47,81,5639,2003,0.0,2735.0,-1.6789619999999998,-1.182557,COG,GBR,210410
259386,49,81,5639,2003,1630.0,0.0,0.218336,0.376869,COL,GBR,210410
259387,57,81,5639,2003,0.0,13335.0,0.308768,-0.690944,CYM,GBR,210410
259388,58,81,5639,2003,11435.0,387931.0,0.259992,0.068914,CYP,GBR,210410
259389,59,81,5639,2003,0.0,2533.0,1.555749,0.8662059999999999,CZE,GBR,210410
259390,61,81,5639,2003,10033550.0,1269802.0,2.2821919999999998,-2.0985150000000004,DEU,GBR,210410
259391,64,81,5639,2003,652701.0,403613.0,1.309564,1.245596,DNK,GBR,210410
259392,68,81,5639,2003,16569.0,17845.0,-0.292923,0.465433,EGY,GBR,210410
259393,71,81,5639,2003,1547383.0,1509930.0,0.960684,2.074792,ESP,GBR,210410
259394,74,81,5639,2003,0.0,11768.0,2.077889,0.942501,FIN,GBR,210410
259395,76,81,5639,2003,0.0,1505.0,0.593669,-0.68972,FLK,GBR,210410
259396,77,81,5639,2003,11841370.0,1048135.0,1.606606,0.7394149999999999,FRA,GBR,210410
259397,78,81,5639,2003,0.0,26158.0,-0.46422299999999994,-0.8072050000000001,FRO,GBR,210410
259398,83,81,5639,2003,108545.0,60720.0,-1.074188,-0.7127319999999999,GHA,GBR,210410
259399,84,81,5639,2003,0.0,11986.0,1.133606,-0.176782,GIB,GBR,210410
259400,85,81,5639,2003,0.0,5914.0,-2.14752,-1.250048,GIN,GBR,210410
259401,90,81,5639,2003,0.0,168093.0,0.364688,1.4823959999999998,GRC,GBR,210410
259402,91,81,5639,2003,0.0,20126.0,0.3936,-0.258355,GRD,GBR,210410
259403,96,81,5639,2003,0.0,4809.0,-0.59035,-0.7361340000000001,GUY,GBR,210410
259404,97,81,5639,2003,11060.0,236843.0,0.494569,2.147062,HKG,GBR,210410
259405,100,81,5639,2003,20265.0,0.0,0.568394,1.230759,HRV,GBR,210410
259406,102,81,5639,2003,0.0,3891.0,1.2003270000000001,1.091407,HUN,GBR,210410
259407,103,81,5639,2003,0.0,1900.0,-0.16802,1.7252990000000001,IDN,GBR,210410
259408,104,81,5639,2003,0.0,90240.0,0.33014099999999996,2.836003,IND,GBR,210410
259409,106,81,5639,2003,6122104.0,11273564.0,1.6396130000000002,0.220599,IRL,GBR,210410
259410,109,81,5639,2003,0.0,184537.0,0.21902800000000003,-0.40818499999999996,ISL,GBR,210410
259411,110,81,5639,2003,733688.0,4149.0,1.157809,0.682195,ISR,GBR,210410
259412,111,81,5639,2003,12970234.0,312974.0,1.399734,1.044608,ITA,GBR,210410
259413,112,81,5639,2003,186156.0,10515.0,-0.6684140000000001,-0.915817,JAM,GBR,210410
259414,113,81,5639,2003,0.0,31144.0,0.12295,0.377031,JOR,GBR,210410
259415,114,81,5639,2003,302236.0,15137.0,2.4686630000000003,0.48072600000000004,JPN,GBR,210410
259416,115,81,5639,2003,0.0,1650.0,-0.156326,-0.62092,KAZ,GBR,210410
259417,116,81,5639,2003,27024.0,47005.0,-0.3531,0.582992,KEN,GBR,210410
259418,120,81,5639,2003,0.0,795.0,0.555154,-0.405962,KNA,GBR,210410
259419,121,81,5639,2003,70850.0,0.0,1.2611709999999998,0.956308,KOR,GBR,210410
259420,122,81,5639,2003,0.0,122379.0,-0.7943640000000001,-1.1529770000000001,KWT,GBR,210410
259421,124,81,5639,2003,0.0,16325.0,0.261687,1.053856,LBN,GBR,210410
259422,127,81,5639,2003,0.0,9123.0,0.318385,-0.342679,LCA,GBR,210410
259423,128,81,5639,2003,5396.0,0.0,-0.618057,0.101931,LKA,GBR,210410
259424,130,81,5639,2003,3254.0,3446.0,0.239608,0.517299,LTU,GBR,210410
259425,131,81,5639,2003,0.0,1231.0,1.444996,1.063764,LUX,GBR,210410
259426,132,81,5639,2003,0.0,6314.0,0.520772,0.5631689999999999,LVA,GBR,210410
259427,133,81,5639,2003,0.0,1779.0,-0.294516,-0.413828,MAC,GBR,210410
259428,134,81,5639,2003,55978.0,0.0,-0.6842050000000001,-0.217892,MAR,GBR,210410
259429,135,81,5639,2003,0.0,7116.0,-0.005154,-0.26107199999999997,MDA,GBR,210410
259430,140,81,5639,2003,1359.0,0.0,-0.017632,0.225394,MKD,GBR,210410
259431,141,81,5639,2003,0.0,6029.0,-0.786411,-0.879049,MLI,GBR,210410
259432,142,81,5639,2003,0.0,899252.0,1.2138149999999999,-0.015687,MLT,GBR,210410
259433,147,81,5639,2003,0.0,7164.0,-1.188243,-1.123693,MOZ,GBR,210410
259434,151,81,5639,2003,0.0,3279.0,-0.361514,-0.29839899999999997,MUS,GBR,210410
259435,153,81,5639,2003,107009.0,138796.0,0.728804,0.2168,MYS,GBR,210410
259436,154,81,5639,2003,0.0,1053.0,0.8645370000000001,-0.101347,MYT,GBR,210410
259437,157,81,5639,2003,0.0,1182.0,-0.199296,-0.578264,NER,GBR,210410
259438,159,81,5639,2003,8261.0,27521.0,-1.859176,-1.234236,NGA,GBR,210410
259439,162,81,5639,2003,5937320.0,236172.0,1.168453,1.7085709999999998,NLD,GBR,210410
259440,163,81,5639,2003,732571.0,173252.0,1.1500620000000001,0.258554,NOR,GBR,210410
259441,164,81,5639,2003,0.0,6469.0,-0.26353899999999997,1.351717,NPL,GBR,210410
259442,166,81,5639,2003,23381.0,303363.0,0.589619,0.997301,NZL,GBR,210410
259443,167,81,5639,2003,0.0,10209.0,-1.434873,-1.188123,OMN,GBR,210410
259444,168,81,5639,2003,0.0,13952.0,-0.6659689999999999,0.137924,PAK,GBR,210410
259445,169,81,5639,2003,0.0,2087.0,-0.050386,-0.039619999999999995,PAN,GBR,210410
259446,174,81,5639,2003,20993.0,2386.0,-0.065022,-0.195144,PHL,GBR,210410
259447,177,81,5639,2003,49297.0,4028.0,0.966622,1.664838,POL,GBR,210410
259448,179,81,5639,2003,60522.0,97305.0,0.471376,1.647303,PRT,GBR,210410
259449,183,81,5639,2003,0.0,44556.0,-0.209042,-1.0565799999999999,QAT,GBR,210410
259450,185,81,5639,2003,0.0,143121.0,0.378379,1.0064620000000002,ROU,GBR,210410
259451,186,81,5639,2003,0.0,14798.0,1.072729,0.338355,RUS,GBR,210410
259452,188,81,5639,2003,0.0,153925.0,0.202286,-0.714691,SAU,GBR,210410
259453,190,81,5639,2003,0.0,947.0,-1.3535059999999999,-1.1701409999999999,SDN,GBR,210410
259454,192,81,5639,2003,0.0,161414.0,1.5080799999999999,0.720337,SGP,GBR,210410
259455,194,81,5639,2003,0.0,19651.0,0.9663959999999999,0.042493,SHN,GBR,210410
259456,196,81,5639,2003,0.0,69161.0,0.129923,-0.19926300000000002,SLE,GBR,210410
259457,197,81,5639,2003,0.0,1819.0,-0.251357,-0.189917,SLV,GBR,210410
259458,206,81,5639,2003,0.0,9949.0,1.22565,0.915518,SVK,GBR,210410
259459,208,81,5639,2003,1040467.0,516397.0,2.099224,0.799982,SWE,GBR,210410
259460,211,81,5639,2003,0.0,1213.0,-0.44341099999999994,-0.742566,SYC,GBR,210410
259461,216,81,5639,2003,208907.0,69775.0,0.43010699999999996,1.607408,THA,GBR,210410
259462,224,81,5639,2003,93192.0,28120.0,0.192802,1.9855060000000002,TUR,GBR,210410
259463,226,81,5639,2003,0.0,3358.0,-1.225217,-0.43662399999999996,TZA,GBR,210410
259464,227,81,5639,2003,0.0,1199.0,-0.895193,-0.712039,UGA,GBR,210410
259465,228,81,5639,2003,0.0,36125.0,0.8929389999999999,0.956685,UKR,GBR,210410
259466,231,81,5639,2003,487062.0,855356.0,1.7789220000000001,0.064028,USA,GBR,210410
259467,246,81,5639,2003,25801.0,211322.0,0.477987,2.255395,ZAF,GBR,210410
259468,249,81,5639,2003,18164.0,23031.0,1.5924040000000002,1.397843,TWN,GBR,210410
259469,15,90,5639,2003,32195.0,2953.0,1.834977,0.408096,AUT,GRC,210410
259470,18,90,5639,2003,2195.0,0.0,1.361682,1.39536,BEL,GRC,210410
259471,23,90,5639,2003,0.0,11494.0,0.43308599999999997,1.7104099999999998,BGR,GRC,210410
259472,41,90,5639,2003,498165.0,0.0,2.151037,0.711217,CHE,GRC,210410
259473,43,90,5639,2003,3458.0,0.0,0.579431,2.773139,CHN,GRC,210410
259474,58,90,5639,2003,0.0,2097332.0,0.259992,0.068914,CYP,GRC,210410
259475,59,90,5639,2003,0.0,2609.0,1.555749,0.8662059999999999,CZE,GRC,210410
259476,61,90,5639,2003,743876.0,149917.0,2.2821919999999998,-2.0985150000000004,DEU,GRC,210410
259477,71,90,5639,2003,151055.0,0.0,0.960684,2.074792,ESP,GRC,210410
259478,77,90,5639,2003,184387.0,0.0,1.606606,0.7394149999999999,FRA,GRC,210410
259479,81,90,5639,2003,168093.0,0.0,1.8712540000000002,0.706205,GBR,GRC,210410
259480,111,90,5639,2003,279474.0,1372.0,1.399734,1.044608,ITA,GRC,210410
259481,162,90,5639,2003,428066.0,4350.0,1.168453,1.7085709999999998,NLD,GRC,210410
259482,174,90,5639,2003,20183.0,0.0,-0.065022,-0.195144,PHL,GRC,210410
259483,177,90,5639,2003,42399.0,0.0,0.966622,1.664838,POL,GRC,210410
259484,186,90,5639,2003,16011.0,0.0,1.072729,0.338355,RUS,GRC,210410
259485,206,90,5639,2003,42829.0,0.0,1.22565,0.915518,SVK,GRC,210410
259486,216,90,5639,2003,9765.0,0.0,0.43010699999999996,1.607408,THA,GRC,210410
259487,224,90,5639,2003,15674.0,0.0,0.192802,1.9855060000000002,TUR,GRC,210410
259488,231,90,5639,2003,4145.0,0.0,1.7789220000000001,0.064028,USA,GRC,210410
259489,250,90,5639,2003,0.0,9344.0,0.45951499999999995,-0.2312,ANS,GRC,210410
259490,39,96,5639,2003,1073.0,0.0,0.9791540000000001,1.185081,CAN,GUY,210410
259491,81,96,5639,2003,4809.0,0.0,1.8712540000000002,0.706205,GBR,GUY,210410
259492,93,96,5639,2003,144934.0,0.0,-0.444162,0.145319,GTM,GUY,210410
259493,112,96,5639,2003,33406.0,0.0,-0.6684140000000001,-0.915817,JAM,GUY,210410
259494,205,96,5639,2003,8565.0,0.0,-0.896925,-0.88623,SUR,GUY,210410
259495,222,96,5639,2003,47348.0,0.0,-0.16738,-0.9820969999999999,TTO,GUY,210410
259496,231,96,5639,2003,15350.0,0.0,1.7789220000000001,0.064028,USA,GUY,210410
259497,236,96,5639,2003,6669.0,0.0,0.277805,-0.783697,VEN,GUY,210410
259498,250,96,5639,2003,11460.0,0.0,0.45951499999999995,-0.2312,ANS,GUY,210410
259499,14,97,5639,2003,6357205.0,61007.0,0.316879,0.9409489999999999,AUS,HKG,210410
259500,18,97,5639,2003,100108.0,14971.0,1.361682,1.39536,BEL,HKG,210410
259501,39,97,5639,2003,384602.0,86438.0,0.9791540000000001,1.185081,CAN,HKG,210410
259502,41,97,5639,2003,1907.0,3372.0,2.151037,0.711217,CHE,HKG,210410
259503,43,97,5639,2003,2502932.0,525080.0,0.579431,2.773139,CHN,HKG,210410
259504,52,97,5639,2003,0.0,9282.0,-0.193904,-0.5049680000000001,CRI,HKG,210410
259505,61,97,5639,2003,11159.0,3197.0,2.2821919999999998,-2.0985150000000004,DEU,HKG,210410
259506,64,97,5639,2003,1768.0,0.0,1.309564,1.245596,DNK,HKG,210410
259507,67,97,5639,2003,0.0,8426.0,-0.8689370000000001,-0.889767,ECU,HKG,210410
259508,71,97,5639,2003,23957.0,0.0,0.960684,2.074792,ESP,HKG,210410
259509,75,97,5639,2003,0.0,1972.0,-0.6865640000000001,-0.326977,FJI,HKG,210410
259510,77,97,5639,2003,154412.0,2569.0,1.606606,0.7394149999999999,FRA,HKG,210410
259511,81,97,5639,2003,236843.0,11060.0,1.8712540000000002,0.706205,GBR,HKG,210410
259512,83,97,5639,2003,0.0,1012.0,-1.074188,-0.7127319999999999,GHA,HKG,210410
259513,93,97,5639,2003,0.0,1254.0,-0.444162,0.145319,GTM,HKG,210410
259514,103,97,5639,2003,373598.0,18005.0,-0.16802,1.7252990000000001,IDN,HKG,210410
259515,104,97,5639,2003,3191.0,0.0,0.33014099999999996,2.836003,IND,HKG,210410
259516,110,97,5639,2003,3439.0,0.0,1.157809,0.682195,ISR,HKG,210410
259517,111,97,5639,2003,10881.0,92590.0,1.399734,1.044608,ITA,HKG,210410
259518,114,97,5639,2003,3880772.0,212813.0,2.4686630000000003,0.48072600000000004,JPN,HKG,210410
259519,121,97,5639,2003,44396.0,10232.0,1.2611709999999998,0.956308,KOR,HKG,210410
259520,133,97,5639,2003,7610.0,1524650.0,-0.294516,-0.413828,MAC,HKG,210410
259521,138,97,5639,2003,524490.0,0.0,0.862509,0.756684,MEX,HKG,210410
259522,151,97,5639,2003,0.0,995.0,-0.361514,-0.29839899999999997,MUS,HKG,210410
259523,153,97,5639,2003,503506.0,11387.0,0.728804,0.2168,MYS,HKG,210410
259524,162,97,5639,2003,13347.0,26624.0,1.168453,1.7085709999999998,NLD,HKG,210410
259525,166,97,5639,2003,13015.0,15778.0,0.589619,0.997301,NZL,HKG,210410
259526,168,97,5639,2003,0.0,871.0,-0.6659689999999999,0.137924,PAK,HKG,210410
259527,169,97,5639,2003,0.0,16801.0,-0.050386,-0.039619999999999995,PAN,HKG,210410
259528,173,97,5639,2003,0.0,889.0,-0.48627,0.371354,PER,HKG,210410
259529,174,97,5639,2003,37820.0,12731.0,-0.065022,-0.195144,PHL,HKG,210410
259530,182,97,5639,2003,0.0,104711.0,-0.255707,-0.676557,PYF,HKG,210410
259531,192,97,5639,2003,501599.0,356921.0,1.5080799999999999,0.720337,SGP,HKG,210410
259532,205,97,5639,2003,0.0,16498.0,-0.896925,-0.88623,SUR,HKG,210410
259533,208,97,5639,2003,0.0,2080.0,2.099224,0.799982,SWE,HKG,210410
259534,211,97,5639,2003,0.0,938.0,-0.44341099999999994,-0.742566,SYC,HKG,210410
259535,215,97,5639,2003,0.0,11975.0,-0.5058590000000001,-0.520586,TGO,HKG,210410
259536,216,97,5639,2003,327636.0,0.0,0.43010699999999996,1.607408,THA,HKG,210410
259537,231,97,5639,2003,6600201.0,610038.0,1.7789220000000001,0.064028,USA,HKG,210410
259538,239,97,5639,2003,3027.0,0.0,-0.633985,0.659696,VNM,HKG,210410
259539,246,97,5639,2003,18064.0,1378.0,0.477987,2.255395,ZAF,HKG,210410
259540,249,97,5639,2003,1240074.0,51651.0,1.5924040000000002,1.397843,TWN,HKG,210410
259541,250,97,5639,2003,0.0,7391.0,0.45951499999999995,-0.2312,ANS,HKG,210410
259542,8,99,5639,2003,32907.0,0.0,0.302073,0.49069700000000005,ARG,HND,210410
259543,32,99,5639,2003,10257.0,0.0,0.660576,1.118876,BRA,HND,210410
259544,39,99,5639,2003,23637.0,0.0,0.9791540000000001,1.185081,CAN,HND,210410
259545,42,99,5639,2003,0.0,839.0,-0.06375900000000001,-0.156808,CHL,HND,210410
259546,52,99,5639,2003,207148.0,0.0,-0.193904,-0.5049680000000001,CRI,HND,210410
259547,93,99,5639,2003,6173884.0,0.0,-0.444162,0.145319,GTM,HND,210410
259548,138,99,5639,2003,89158.0,0.0,0.862509,0.756684,MEX,HND,210410
259549,160,99,5639,2003,0.0,5255.0,-0.8661459999999999,-0.8661690000000001,NIC,HND,210410
259550,169,99,5639,2003,6723.0,0.0,-0.050386,-0.039619999999999995,PAN,HND,210410
259551,197,99,5639,2003,82488.0,19681.0,-0.251357,-0.189917,SLV,HND,210410
259552,231,99,5639,2003,2126819.0,27594.0,1.7789220000000001,0.064028,USA,HND,210410
259553,7,103,5639,2003,0.0,8641.0,0.049637,-0.502691,ARE,IDN,210410
259554,14,103,5639,2003,39435.0,34686.0,0.316879,0.9409489999999999,AUS,IDN,210410
259555,43,103,5639,2003,78636.0,0.0,0.579431,2.773139,CHN,IDN,210410
259556,59,103,5639,2003,0.0,17206.0,1.555749,0.8662059999999999,CZE,IDN,210410
259557,71,103,5639,2003,1225.0,0.0,0.960684,2.074792,ESP,IDN,210410
259558,72,103,5639,2003,0.0,13443.0,0.5913010000000001,0.8489979999999999,EST,IDN,210410
259559,77,103,5639,2003,56530.0,0.0,1.606606,0.7394149999999999,FRA,IDN,210410
259560,81,103,5639,2003,1900.0,0.0,1.8712540000000002,0.706205,GBR,IDN,210410
259561,97,103,5639,2003,18005.0,373598.0,0.494569,2.147062,HKG,IDN,210410
259562,112,103,5639,2003,0.0,704.0,-0.6684140000000001,-0.915817,JAM,IDN,210410
259563,113,103,5639,2003,0.0,8352.0,0.12295,0.377031,JOR,IDN,210410
259564,114,103,5639,2003,116204.0,6487.0,2.4686630000000003,0.48072600000000004,JPN,IDN,210410
259565,121,103,5639,2003,9612.0,0.0,1.2611709999999998,0.956308,KOR,IDN,210410
259566,122,103,5639,2003,0.0,292951.0,-0.7943640000000001,-1.1529770000000001,KWT,IDN,210410
259567,128,103,5639,2003,0.0,998.0,-0.618057,0.101931,LKA,IDN,210410
259568,133,103,5639,2003,0.0,131428.0,-0.294516,-0.413828,MAC,IDN,210410
259569,138,103,5639,2003,0.0,3752.0,0.862509,0.756684,MEX,IDN,210410
259570,153,103,5639,2003,1304352.0,6113.0,0.728804,0.2168,MYS,IDN,210410
259571,156,103,5639,2003,0.0,1057.0,-0.344934,-0.776632,NCL,IDN,210410
259572,157,103,5639,2003,0.0,10659.0,-0.199296,-0.578264,NER,IDN,210410
259573,159,103,5639,2003,0.0,11067.0,-1.859176,-1.234236,NGA,IDN,210410
259574,162,103,5639,2003,70422.0,5222.0,1.168453,1.7085709999999998,NLD,IDN,210410
259575,176,103,5639,2003,0.0,1565.0,-1.7997330000000002,-1.2110049999999999,PNG,IDN,210410
259576,182,103,5639,2003,0.0,2288.0,-0.255707,-0.676557,PYF,IDN,210410
259577,183,103,5639,2003,0.0,5663.0,-0.209042,-1.0565799999999999,QAT,IDN,210410
259578,188,103,5639,2003,0.0,226893.0,0.202286,-0.714691,SAU,IDN,210410
259579,192,103,5639,2003,37767.0,2516.0,1.5080799999999999,0.720337,SGP,IDN,210410
259580,205,103,5639,2003,0.0,10156.0,-0.896925,-0.88623,SUR,IDN,210410
259581,206,103,5639,2003,0.0,125.0,1.22565,0.915518,SVK,IDN,210410
259582,216,103,5639,2003,64237.0,0.0,0.43010699999999996,1.607408,THA,IDN,210410
259583,231,103,5639,2003,75658.0,20395.0,1.7789220000000001,0.064028,USA,IDN,210410
259584,249,103,5639,2003,9699.0,4275.0,1.5924040000000002,1.397843,TWN,IDN,210410
259585,14,104,5639,2003,2434.0,3177.0,0.316879,0.9409489999999999,AUS,IND,210410
259586,18,104,5639,2003,1133.0,0.0,1.361682,1.39536,BEL,IND,210410
259587,22,104,5639,2003,0.0,233123.0,-1.168404,-1.035782,BGD,IND,210410
259588,32,104,5639,2003,0.0,32735.0,0.660576,1.118876,BRA,IND,210410
259589,39,104,5639,2003,0.0,4168.0,0.9791540000000001,1.185081,CAN,IND,210410
259590,41,104,5639,2003,9949.0,0.0,2.151037,0.711217,CHE,IND,210410
259591,43,104,5639,2003,1867.0,0.0,0.579431,2.773139,CHN,IND,210410
259592,61,104,5639,2003,2724.0,15925.0,2.2821919999999998,-2.0985150000000004,DEU,IND,210410
259593,81,104,5639,2003,90240.0,0.0,1.8712540000000002,0.706205,GBR,IND,210410
259594,97,104,5639,2003,0.0,3191.0,0.494569,2.147062,HKG,IND,210410
259595,106,104,5639,2003,86279.0,0.0,1.6396130000000002,0.220599,IRL,IND,210410
259596,111,104,5639,2003,5681.0,5151.0,1.399734,1.044608,ITA,IND,210410
259597,114,104,5639,2003,1017.0,0.0,2.4686630000000003,0.48072600000000004,JPN,IND,210410
259598,121,104,5639,2003,3902.0,0.0,1.2611709999999998,0.956308,KOR,IND,210410
259599,122,104,5639,2003,0.0,8767.0,-0.7943640000000001,-1.1529770000000001,KWT,IND,210410
259600,138,104,5639,2003,0.0,2004.0,0.862509,0.756684,MEX,IND,210410
259601,153,104,5639,2003,5134.0,0.0,0.728804,0.2168,MYS,IND,210410
259602,163,104,5639,2003,1379.0,0.0,1.1500620000000001,0.258554,NOR,IND,210410
259603,164,104,5639,2003,1788.0,82766.0,-0.26353899999999997,1.351717,NPL,IND,210410
259604,166,104,5639,2003,0.0,1118.0,0.589619,0.997301,NZL,IND,210410
259605,174,104,5639,2003,1501.0,7472.0,-0.065022,-0.195144,PHL,IND,210410
259606,188,104,5639,2003,0.0,4661.0,0.202286,-0.714691,SAU,IND,210410
259607,192,104,5639,2003,34953.0,24620.0,1.5080799999999999,0.720337,SGP,IND,210410
259608,196,104,5639,2003,0.0,1123.0,0.129923,-0.19926300000000002,SLE,IND,210410
259609,211,104,5639,2003,0.0,24007.0,-0.44341099999999994,-0.742566,SYC,IND,210410
259610,215,104,5639,2003,0.0,3360.0,-0.5058590000000001,-0.520586,TGO,IND,210410
259611,216,104,5639,2003,29616.0,0.0,0.43010699999999996,1.607408,THA,IND,210410
259612,231,104,5639,2003,9041.0,100039.0,1.7789220000000001,0.064028,USA,IND,210410
259613,15,106,5639,2003,213402.0,2615.0,1.834977,0.408096,AUT,IRL,210410
259614,18,106,5639,2003,4129.0,0.0,1.361682,1.39536,BEL,IRL,210410
259615,41,106,5639,2003,169728.0,0.0,2.151037,0.711217,CHE,IRL,210410
259616,43,106,5639,2003,1698.0,17498.0,0.579431,2.773139,CHN,IRL,210410
259617,58,106,5639,2003,0.0,4536.0,0.259992,0.068914,CYP,IRL,210410
259618,61,106,5639,2003,616066.0,1910.0,2.2821919999999998,-2.0985150000000004,DEU,IRL,210410
259619,64,106,5639,2003,158754.0,0.0,1.309564,1.245596,DNK,IRL,210410
259620,71,106,5639,2003,43798.0,17308.0,0.960684,2.074792,ESP,IRL,210410
259621,77,106,5639,2003,335255.0,515026.0,1.606606,0.7394149999999999,FRA,IRL,210410
259622,81,106,5639,2003,11273564.0,6122104.0,1.8712540000000002,0.706205,GBR,IRL,210410
259623,104,106,5639,2003,0.0,86279.0,0.33014099999999996,2.836003,IND,IRL,210410
259624,109,106,5639,2003,0.0,27458.0,0.21902800000000003,-0.40818499999999996,ISL,IRL,210410
259625,111,106,5639,2003,1127706.0,0.0,1.399734,1.044608,ITA,IRL,210410
259626,114,106,5639,2003,2342.0,0.0,2.4686630000000003,0.48072600000000004,JPN,IRL,210410
259627,122,106,5639,2003,0.0,1569.0,-0.7943640000000001,-1.1529770000000001,KWT,IRL,210410
259628,130,106,5639,2003,4446.0,0.0,0.239608,0.517299,LTU,IRL,210410
259629,142,106,5639,2003,0.0,976772.0,1.2138149999999999,-0.015687,MLT,IRL,210410
259630,153,106,5639,2003,0.0,9171.0,0.728804,0.2168,MYS,IRL,210410
259631,157,106,5639,2003,1697.0,0.0,-0.199296,-0.578264,NER,IRL,210410
259632,159,106,5639,2003,2023.0,0.0,-1.859176,-1.234236,NGA,IRL,210410
259633,162,106,5639,2003,1034264.0,0.0,1.168453,1.7085709999999998,NLD,IRL,210410
259634,163,106,5639,2003,108589.0,0.0,1.1500620000000001,0.258554,NOR,IRL,210410
259635,174,106,5639,2003,47618.0,0.0,-0.065022,-0.195144,PHL,IRL,210410
259636,185,106,5639,2003,3349.0,0.0,0.378379,1.0064620000000002,ROU,IRL,210410
259637,188,106,5639,2003,0.0,66348.0,0.202286,-0.714691,SAU,IRL,210410
259638,192,106,5639,2003,0.0,146303.0,1.5080799999999999,0.720337,SGP,IRL,210410
259639,208,106,5639,2003,11608.0,0.0,2.099224,0.799982,SWE,IRL,210410
259640,216,106,5639,2003,3528.0,0.0,0.43010699999999996,1.607408,THA,IRL,210410
259641,231,106,5639,2003,18083.0,63248.0,1.7789220000000001,0.064028,USA,IRL,210410
259642,249,106,5639,2003,0.0,8159.0,1.5924040000000002,1.397843,TWN,IRL,210410
259643,250,106,5639,2003,1643978.0,4447.0,0.45951499999999995,-0.2312,ANS,IRL,210410
259644,14,110,5639,2003,0.0,106084.0,0.316879,0.9409489999999999,AUS,ISR,210410
259645,15,110,5639,2003,0.0,1592.0,1.834977,0.408096,AUT,ISR,210410
259646,18,110,5639,2003,7599.0,305409.0,1.361682,1.39536,BEL,ISR,210410
259647,32,110,5639,2003,0.0,14968.0,0.660576,1.118876,BRA,ISR,210410
259648,39,110,5639,2003,0.0,111390.0,0.9791540000000001,1.185081,CAN,ISR,210410
259649,41,110,5639,2003,2792.0,3920.0,2.151037,0.711217,CHE,ISR,210410
259650,61,110,5639,2003,18163.0,9028.0,2.2821919999999998,-2.0985150000000004,DEU,ISR,210410
259651,64,110,5639,2003,0.0,1043.0,1.309564,1.245596,DNK,ISR,210410
259652,71,110,5639,2003,1086.0,0.0,0.960684,2.074792,ESP,ISR,210410
259653,77,110,5639,2003,50891.0,271101.0,1.606606,0.7394149999999999,FRA,ISR,210410
259654,81,110,5639,2003,4149.0,733688.0,1.8712540000000002,0.706205,GBR,ISR,210410
259655,97,110,5639,2003,0.0,3439.0,0.494569,2.147062,HKG,ISR,210410
259656,100,110,5639,2003,1294.0,0.0,0.568394,1.230759,HRV,ISR,210410
259657,101,110,5639,2003,0.0,3354000.0,-1.3761290000000002,-1.006346,HTI,ISR,210410
259658,111,110,5639,2003,144662.0,40202.0,1.399734,1.044608,ITA,ISR,210410
259659,114,110,5639,2003,10690.0,879.0,2.4686630000000003,0.48072600000000004,JPN,ISR,210410
259660,130,110,5639,2003,0.0,1116.0,0.239608,0.517299,LTU,ISR,210410
259661,138,110,5639,2003,0.0,5386.0,0.862509,0.756684,MEX,ISR,210410
259662,162,110,5639,2003,1772.0,3804.0,1.168453,1.7085709999999998,NLD,ISR,210410
259663,169,110,5639,2003,0.0,40112.0,-0.050386,-0.039619999999999995,PAN,ISR,210410
259664,174,110,5639,2003,8024.0,0.0,-0.065022,-0.195144,PHL,ISR,210410
259665,177,110,5639,2003,12828.0,1369.0,0.966622,1.664838,POL,ISR,210410
259666,186,110,5639,2003,16378.0,9061.0,1.072729,0.338355,RUS,ISR,210410
259667,216,110,5639,2003,16038.0,18586.0,0.43010699999999996,1.607408,THA,ISR,210410
259668,224,110,5639,2003,10740.0,0.0,0.192802,1.9855060000000002,TUR,ISR,210410
259669,228,110,5639,2003,33732.0,729.0,0.8929389999999999,0.956685,UKR,ISR,210410
259670,231,110,5639,2003,383733.0,1393996.0,1.7789220000000001,0.064028,USA,ISR,210410
259671,246,110,5639,2003,0.0,81261.0,0.477987,2.255395,ZAF,ISR,210410
259672,2,111,5639,2003,0.0,3626.0,-1.8762919999999998,-1.176541,AGO,ITA,210410
259673,4,111,5639,2003,0.0,45818.0,-0.053595000000000004,0.166034,ALB,ITA,210410
259674,7,111,5639,2003,4545.0,26456.0,0.049637,-0.502691,ARE,ITA,210410
259675,14,111,5639,2003,10513.0,613262.0,0.316879,0.9409489999999999,AUS,ITA,210410
259676,15,111,5639,2003,233295.0,290236.0,1.834977,0.408096,AUT,ITA,210410
259677,18,111,5639,2003,45551.0,3462192.0,1.361682,1.39536,BEL,ITA,210410
259678,22,111,5639,2003,1860.0,0.0,-1.168404,-1.035782,BGD,ITA,210410
259679,26,111,5639,2003,3922.0,15969.0,0.195667,0.347011,BIH,ITA,210410
259680,31,111,5639,2003,0.0,5880.0,-0.787995,-0.7228899999999999,BOL,ITA,210410
259681,32,111,5639,2003,6850.0,130516.0,0.660576,1.118876,BRA,ITA,210410
259682,39,111,5639,2003,0.0,283280.0,0.9791540000000001,1.185081,CAN,ITA,210410
259683,41,111,5639,2003,1892837.0,388864.0,2.151037,0.711217,CHE,ITA,210410
259684,42,111,5639,2003,0.0,6797.0,-0.06375900000000001,-0.156808,CHL,ITA,210410
259685,43,111,5639,2003,227630.0,0.0,0.579431,2.773139,CHN,ITA,210410
259686,47,111,5639,2003,0.0,45566.0,-1.6789619999999998,-1.182557,COG,ITA,210410
259687,51,111,5639,2003,0.0,7629.0,0.070649,-0.541279,CPV,ITA,210410
259688,52,111,5639,2003,0.0,5108.0,-0.193904,-0.5049680000000001,CRI,ITA,210410
259689,54,111,5639,2003,0.0,3237.0,-0.391515,-0.8562120000000001,CUB,ITA,210410
259690,58,111,5639,2003,12777.0,136140.0,0.259992,0.068914,CYP,ITA,210410
259691,59,111,5639,2003,0.0,18373.0,1.555749,0.8662059999999999,CZE,ITA,210410
259692,61,111,5639,2003,4375910.0,1140724.0,2.2821919999999998,-2.0985150000000004,DEU,ITA,210410
259693,62,111,5639,2003,0.0,16663.0,-0.41648500000000005,-0.5408350000000001,DJI,ITA,210410
259694,64,111,5639,2003,14849.0,147779.0,1.309564,1.245596,DNK,ITA,210410
259695,65,111,5639,2003,0.0,1947.0,-0.46264399999999994,-0.245034,DOM,ITA,210410
259696,66,111,5639,2003,0.0,1246.0,-1.060727,-1.142594,DZA,ITA,210410
259697,67,111,5639,2003,0.0,7663.0,-0.8689370000000001,-0.889767,ECU,ITA,210410
259698,68,111,5639,2003,0.0,1782.0,-0.292923,0.465433,EGY,ITA,210410
259699,69,111,5639,2003,0.0,14284.0,-0.105591,-0.247614,ERI,ITA,210410
259700,71,111,5639,2003,252895.0,1952937.0,0.960684,2.074792,ESP,ITA,210410
259701,74,111,5639,2003,0.0,765277.0,2.077889,0.942501,FIN,ITA,210410
259702,77,111,5639,2003,9885510.0,6722111.0,1.606606,0.7394149999999999,FRA,ITA,210410
259703,81,111,5639,2003,312974.0,12970234.0,1.8712540000000002,0.706205,GBR,ITA,210410
259704,83,111,5639,2003,32768.0,9390.0,-1.074188,-0.7127319999999999,GHA,ITA,210410
259705,89,111,5639,2003,0.0,1107.0,-2.4406529999999997,-0.821155,GNQ,ITA,210410
259706,90,111,5639,2003,1372.0,279474.0,0.364688,1.4823959999999998,GRC,ITA,210410
259707,92,111,5639,2003,0.0,185.0,-0.764655,-0.8684200000000001,GRL,ITA,210410
259708,97,111,5639,2003,92590.0,10881.0,0.494569,2.147062,HKG,ITA,210410
259709,100,111,5639,2003,1823.0,41708.0,0.568394,1.230759,HRV,ITA,210410
259710,102,111,5639,2003,0.0,3637.0,1.2003270000000001,1.091407,HUN,ITA,210410
259711,104,111,5639,2003,5151.0,5681.0,0.33014099999999996,2.836003,IND,ITA,210410
259712,106,111,5639,2003,0.0,1127706.0,1.6396130000000002,0.220599,IRL,ITA,210410
259713,107,111,5639,2003,0.0,23257.0,-0.552146,-0.8668520000000001,IRN,ITA,210410
259714,109,111,5639,2003,0.0,4983.0,0.21902800000000003,-0.40818499999999996,ISL,ITA,210410
259715,110,111,5639,2003,40202.0,144662.0,1.157809,0.682195,ISR,ITA,210410
259716,114,111,5639,2003,20736.0,325401.0,2.4686630000000003,0.48072600000000004,JPN,ITA,210410
259717,116,111,5639,2003,0.0,69800.0,-0.3531,0.582992,KEN,ITA,210410
259718,121,111,5639,2003,19990.0,15588.0,1.2611709999999998,0.956308,KOR,ITA,210410
259719,122,111,5639,2003,0.0,75470.0,-0.7943640000000001,-1.1529770000000001,KWT,ITA,210410
259720,126,111,5639,2003,0.0,213921.0,-0.36075999999999997,-1.110575,LBY,ITA,210410
259721,128,111,5639,2003,13730.0,0.0,-0.618057,0.101931,LKA,ITA,210410
259722,130,111,5639,2003,0.0,3132.0,0.239608,0.517299,LTU,ITA,210410
259723,131,111,5639,2003,0.0,9019.0,1.444996,1.063764,LUX,ITA,210410
259724,132,111,5639,2003,0.0,1528.0,0.520772,0.5631689999999999,LVA,ITA,210410
259725,134,111,5639,2003,26885.0,54700.0,-0.6842050000000001,-0.217892,MAR,ITA,210410
259726,137,111,5639,2003,0.0,792.0,-1.201352,-1.031892,MDV,ITA,210410
259727,138,111,5639,2003,0.0,2941.0,0.862509,0.756684,MEX,ITA,210410
259728,140,111,5639,2003,0.0,3131.0,-0.017632,0.225394,MKD,ITA,210410
259729,142,111,5639,2003,0.0,82782.0,1.2138149999999999,-0.015687,MLT,ITA,210410
259730,153,111,5639,2003,7270.0,4843.0,0.728804,0.2168,MYS,ITA,210410
259731,156,111,5639,2003,0.0,1542.0,-0.344934,-0.776632,NCL,ITA,210410
259732,159,111,5639,2003,0.0,237429.0,-1.859176,-1.234236,NGA,ITA,210410
259733,160,111,5639,2003,0.0,3850.0,-0.8661459999999999,-0.8661690000000001,NIC,ITA,210410
259734,162,111,5639,2003,2477171.0,1051528.0,1.168453,1.7085709999999998,NLD,ITA,210410
259735,163,111,5639,2003,11281.0,20345.0,1.1500620000000001,0.258554,NOR,ITA,210410
259736,166,111,5639,2003,0.0,74548.0,0.589619,0.997301,NZL,ITA,210410
259737,173,111,5639,2003,1827.0,251126.0,-0.48627,0.371354,PER,ITA,210410
259738,174,111,5639,2003,217623.0,20744.0,-0.065022,-0.195144,PHL,ITA,210410
259739,177,111,5639,2003,3570.0,40916.0,0.966622,1.664838,POL,ITA,210410
259740,179,111,5639,2003,6493.0,275999.0,0.471376,1.647303,PRT,ITA,210410
259741,182,111,5639,2003,0.0,1506.0,-0.255707,-0.676557,PYF,ITA,210410
259742,185,111,5639,2003,0.0,1174.0,0.378379,1.0064620000000002,ROU,ITA,210410
259743,186,111,5639,2003,0.0,64113.0,1.072729,0.338355,RUS,ITA,210410
259744,189,111,5639,2003,0.0,28366.0,0.575326,1.627894,SCG,ITA,210410
259745,191,111,5639,2003,0.0,6166.0,-0.25203600000000004,-0.25549299999999997,SEN,ITA,210410
259746,192,111,5639,2003,0.0,4775.0,1.5080799999999999,0.720337,SGP,ITA,210410
259747,196,111,5639,2003,0.0,24124.0,0.129923,-0.19926300000000002,SLE,ITA,210410
259748,206,111,5639,2003,0.0,3784.0,1.22565,0.915518,SVK,ITA,210410
259749,207,111,5639,2003,2142.0,207517.0,1.6459840000000001,1.014191,SVN,ITA,210410
259750,208,111,5639,2003,12575.0,999728.0,2.099224,0.799982,SWE,ITA,210410
259751,211,111,5639,2003,0.0,5005.0,-0.44341099999999994,-0.742566,SYC,ITA,210410
259752,216,111,5639,2003,18996.0,0.0,0.43010699999999996,1.607408,THA,ITA,210410
259753,219,111,5639,2003,0.0,10444.0,-1.223295,-1.250217,TKM,ITA,210410
259754,224,111,5639,2003,2829.0,4544.0,0.192802,1.9855060000000002,TUR,ITA,210410
259755,227,111,5639,2003,0.0,4214.0,-0.895193,-0.712039,UGA,ITA,210410
259756,228,111,5639,2003,0.0,2056.0,0.8929389999999999,0.956685,UKR,ITA,210410
259757,230,111,5639,2003,0.0,10933.0,0.19792200000000001,0.243104,URY,ITA,210410
259758,231,111,5639,2003,201870.0,424542.0,1.7789220000000001,0.064028,USA,ITA,210410
259759,236,111,5639,2003,0.0,12781.0,0.277805,-0.783697,VEN,ITA,210410
259760,246,111,5639,2003,4026.0,6595.0,0.477987,2.255395,ZAF,ITA,210410
259761,249,111,5639,2003,18715.0,0.0,1.5924040000000002,1.397843,TWN,ITA,210410
259762,250,111,5639,2003,0.0,20884.0,0.45951499999999995,-0.2312,ANS,ITA,210410
259763,6,112,5639,2003,0.0,1971.0,0.108903,-0.650137,ANT,JAM,210410
259764,13,112,5639,2003,0.0,6283.0,0.014283,-0.564587,ATG,JAM,210410
259765,25,112,5639,2003,0.0,7558.0,0.614422,-0.40984,BHS,JAM,210410
259766,30,112,5639,2003,0.0,3989.0,0.9966459999999999,-0.5183270000000001,BMU,JAM,210410
259767,33,112,5639,2003,0.0,3912.0,0.744166,0.074191,BRB,JAM,210410
259768,39,112,5639,2003,42617.0,7354.0,0.9791540000000001,1.185081,CAN,JAM,210410
259769,42,112,5639,2003,8071.0,0.0,-0.06375900000000001,-0.156808,CHL,JAM,210410
259770,54,112,5639,2003,0.0,3011.0,-0.391515,-0.8562120000000001,CUB,JAM,210410
259771,57,112,5639,2003,0.0,15083.0,0.308768,-0.690944,CYM,JAM,210410
259772,63,112,5639,2003,0.0,43874.0,0.11903299999999999,-0.21768200000000001,DMA,JAM,210410
259773,81,112,5639,2003,10515.0,186156.0,1.8712540000000002,0.706205,GBR,JAM,210410
259774,91,112,5639,2003,0.0,7248.0,0.3936,-0.258355,GRD,JAM,210410
259775,93,112,5639,2003,401425.0,0.0,-0.444162,0.145319,GTM,JAM,210410
259776,96,112,5639,2003,0.0,33406.0,-0.59035,-0.7361340000000001,GUY,JAM,210410
259777,103,112,5639,2003,704.0,0.0,-0.16802,1.7252990000000001,IDN,JAM,210410
259778,120,112,5639,2003,0.0,5053.0,0.555154,-0.405962,KNA,JAM,210410
259779,127,112,5639,2003,0.0,4450.0,0.318385,-0.342679,LCA,JAM,210410
259780,138,112,5639,2003,1860.0,0.0,0.862509,0.756684,MEX,JAM,210410
259781,205,112,5639,2003,0.0,536.0,-0.896925,-0.88623,SUR,JAM,210410
259782,222,112,5639,2003,12290.0,95274.0,-0.16738,-0.9820969999999999,TTO,JAM,210410
259783,231,112,5639,2003,1096120.0,911452.0,1.7789220000000001,0.064028,USA,JAM,210410
259784,234,112,5639,2003,0.0,1499.0,-0.355758,-0.679181,VCT,JAM,210410
259785,236,112,5639,2003,12834.0,0.0,0.277805,-0.783697,VEN,JAM,210410
259786,237,112,5639,2003,0.0,8882.0,0.685109,-0.20824299999999998,VGB,JAM,210410
259787,7,114,5639,2003,0.0,1911.0,0.049637,-0.502691,ARE,JPN,210410
259788,8,114,5639,2003,0.0,5279.0,0.302073,0.49069700000000005,ARG,JPN,210410
259789,14,114,5639,2003,1810662.0,618008.0,0.316879,0.9409489999999999,AUS,JPN,210410
259790,15,114,5639,2003,0.0,9539.0,1.834977,0.408096,AUT,JPN,210410
259791,18,114,5639,2003,0.0,83033.0,1.361682,1.39536,BEL,JPN,210410
259792,32,114,5639,2003,276178.0,23300.0,0.660576,1.118876,BRA,JPN,210410
259793,39,114,5639,2003,401424.0,601936.0,0.9791540000000001,1.185081,CAN,JPN,210410
259794,41,114,5639,2003,180373.0,245624.0,2.151037,0.711217,CHE,JPN,210410
259795,42,114,5639,2003,0.0,4479.0,-0.06375900000000001,-0.156808,CHL,JPN,210410
259796,43,114,5639,2003,9496416.0,2291704.0,0.579431,2.773139,CHN,JPN,210410
259797,52,114,5639,2003,0.0,1147.0,-0.193904,-0.5049680000000001,CRI,JPN,210410
259798,59,114,5639,2003,0.0,1012.0,1.555749,0.8662059999999999,CZE,JPN,210410
259799,61,114,5639,2003,67209.0,207509.0,2.2821919999999998,-2.0985150000000004,DEU,JPN,210410
259800,64,114,5639,2003,2150.0,4704.0,1.309564,1.245596,DNK,JPN,210410
259801,66,114,5639,2003,0.0,2991.0,-1.060727,-1.142594,DZA,JPN,210410
259802,71,114,5639,2003,62962.0,29230.0,0.960684,2.074792,ESP,JPN,210410
259803,74,114,5639,2003,0.0,8319.0,2.077889,0.942501,FIN,JPN,210410
259804,75,114,5639,2003,0.0,2361.0,-0.6865640000000001,-0.326977,FJI,JPN,210410
259805,77,114,5639,2003,305349.0,141576.0,1.606606,0.7394149999999999,FRA,JPN,210410
259806,79,114,5639,2003,0.0,4559.0,-1.370191,-1.028812,FSM,JPN,210410
259807,81,114,5639,2003,15137.0,302236.0,1.8712540000000002,0.706205,GBR,JPN,210410
259808,95,114,5639,2003,0.0,155806.0,-0.139991,-0.570695,GUM,JPN,210410
259809,97,114,5639,2003,212813.0,3880772.0,0.494569,2.147062,HKG,JPN,210410
259810,100,114,5639,2003,0.0,398.0,0.568394,1.230759,HRV,JPN,210410
259811,103,114,5639,2003,6487.0,116204.0,-0.16802,1.7252990000000001,IDN,JPN,210410
259812,104,114,5639,2003,0.0,1017.0,0.33014099999999996,2.836003,IND,JPN,210410
259813,106,114,5639,2003,0.0,2342.0,1.6396130000000002,0.220599,IRL,JPN,210410
259814,107,114,5639,2003,20660.0,0.0,-0.552146,-0.8668520000000001,IRN,JPN,210410
259815,110,114,5639,2003,879.0,10690.0,1.157809,0.682195,ISR,JPN,210410
259816,111,114,5639,2003,325401.0,20736.0,1.399734,1.044608,ITA,JPN,210410
259817,121,114,5639,2003,480897.0,1257348.0,1.2611709999999998,0.956308,KOR,JPN,210410
259818,122,114,5639,2003,0.0,7565.0,-0.7943640000000001,-1.1529770000000001,KWT,JPN,210410
259819,124,114,5639,2003,0.0,8939.0,0.261687,1.053856,LBN,JPN,210410
259820,133,114,5639,2003,0.0,8133.0,-0.294516,-0.413828,MAC,JPN,210410
259821,138,114,5639,2003,1753.0,44969.0,0.862509,0.756684,MEX,JPN,210410
259822,143,114,5639,2003,0.0,3833.0,-1.435123,-1.0948,MMR,JPN,210410
259823,145,114,5639,2003,0.0,3450.0,-0.9747620000000001,-1.026308,MNG,JPN,210410
259824,146,114,5639,2003,0.0,50075.0,-0.370942,-0.685771,MNP,JPN,210410
259825,147,114,5639,2003,0.0,1249.0,-1.188243,-1.123693,MOZ,JPN,210410
259826,153,114,5639,2003,19218.0,87009.0,0.728804,0.2168,MYS,JPN,210410
259827,162,114,5639,2003,14123.0,182005.0,1.168453,1.7085709999999998,NLD,JPN,210410
259828,163,114,5639,2003,1445.0,8977.0,1.1500620000000001,0.258554,NOR,JPN,210410
259829,166,114,5639,2003,3614251.0,79818.0,0.589619,0.997301,NZL,JPN,210410
259830,169,114,5639,2003,0.0,2243.0,-0.050386,-0.039619999999999995,PAN,JPN,210410
259831,173,114,5639,2003,0.0,3624.0,-0.48627,0.371354,PER,JPN,210410
259832,174,114,5639,2003,6795.0,89220.0,-0.065022,-0.195144,PHL,JPN,210410
259833,175,114,5639,2003,0.0,2752.0,-0.478426,-0.85765,PLW,JPN,210410
259834,176,114,5639,2003,0.0,6859.0,-1.7997330000000002,-1.2110049999999999,PNG,JPN,210410
259835,178,114,5639,2003,0.0,10124.0,0.7060420000000001,0.7718,PRK,JPN,210410
259836,182,114,5639,2003,0.0,7602.0,-0.255707,-0.676557,PYF,JPN,210410
259837,183,114,5639,2003,0.0,2202.0,-0.209042,-1.0565799999999999,QAT,JPN,210410
259838,186,114,5639,2003,0.0,54197.0,1.072729,0.338355,RUS,JPN,210410
259839,188,114,5639,2003,0.0,5695.0,0.202286,-0.714691,SAU,JPN,210410
259840,192,114,5639,2003,3022.0,917275.0,1.5080799999999999,0.720337,SGP,JPN,210410
259841,205,114,5639,2003,0.0,14809.0,-0.896925,-0.88623,SUR,JPN,210410
259842,207,114,5639,2003,0.0,1190.0,1.6459840000000001,1.014191,SVN,JPN,210410
259843,208,114,5639,2003,0.0,11311.0,2.099224,0.799982,SWE,JPN,210410
259844,216,114,5639,2003,770851.0,743052.0,0.43010699999999996,1.607408,THA,JPN,210410
259845,220,114,5639,2003,0.0,6412.0,1.21882,-0.118529,TLS,JPN,210410
259846,224,114,5639,2003,0.0,2960.0,0.192802,1.9855060000000002,TUR,JPN,210410
259847,231,114,5639,2003,19906428.0,10147533.0,1.7789220000000001,0.064028,USA,JPN,210410
259848,239,114,5639,2003,26956.0,5551.0,-0.633985,0.659696,VNM,JPN,210410
259849,246,114,5639,2003,0.0,4646.0,0.477987,2.255395,ZAF,JPN,210410
259850,247,114,5639,2003,0.0,1038.0,-0.678149,-0.5919449999999999,ZMB,JPN,210410
259851,249,114,5639,2003,100651.0,2079587.0,1.5924040000000002,1.397843,TWN,JPN,210410
259852,8,121,5639,2003,111233.0,2222.0,0.302073,0.49069700000000005,ARG,KOR,210410
259853,14,121,5639,2003,31396.0,111380.0,0.316879,0.9409489999999999,AUS,KOR,210410
259854,15,121,5639,2003,0.0,26748.0,1.834977,0.408096,AUT,KOR,210410
259855,18,121,5639,2003,1290.0,0.0,1.361682,1.39536,BEL,KOR,210410
259856,32,121,5639,2003,149030.0,2482.0,0.660576,1.118876,BRA,KOR,210410
259857,39,121,5639,2003,183804.0,251572.0,0.9791540000000001,1.185081,CAN,KOR,210410
259858,41,121,5639,2003,4252.0,9802.0,2.151037,0.711217,CHE,KOR,210410
259859,43,121,5639,2003,1981658.0,21887.0,0.579431,2.773139,CHN,KOR,210410
259860,59,121,5639,2003,0.0,19449.0,1.555749,0.8662059999999999,CZE,KOR,210410
259861,61,121,5639,2003,985.0,356066.0,2.2821919999999998,-2.0985150000000004,DEU,KOR,210410
259862,65,121,5639,2003,0.0,84522.0,-0.46264399999999994,-0.245034,DOM,KOR,210410
259863,75,121,5639,2003,0.0,3864.0,-0.6865640000000001,-0.326977,FJI,KOR,210410
259864,81,121,5639,2003,0.0,70850.0,1.8712540000000002,0.706205,GBR,KOR,210410
259865,83,121,5639,2003,0.0,6272.0,-1.074188,-0.7127319999999999,GHA,KOR,210410
259866,93,121,5639,2003,0.0,115612.0,-0.444162,0.145319,GTM,KOR,210410
259867,95,121,5639,2003,0.0,1431.0,-0.139991,-0.570695,GUM,KOR,210410
259868,97,121,5639,2003,10232.0,44396.0,0.494569,2.147062,HKG,KOR,210410
259869,103,121,5639,2003,0.0,9612.0,-0.16802,1.7252990000000001,IDN,KOR,210410
259870,104,121,5639,2003,0.0,3902.0,0.33014099999999996,2.836003,IND,KOR,210410
259871,111,121,5639,2003,15588.0,19990.0,1.399734,1.044608,ITA,KOR,210410
259872,114,121,5639,2003,1257348.0,480897.0,2.4686630000000003,0.48072600000000004,JPN,KOR,210410
259873,126,121,5639,2003,0.0,47908.0,-0.36075999999999997,-1.110575,LBY,KOR,210410
259874,133,121,5639,2003,0.0,970.0,-0.294516,-0.413828,MAC,KOR,210410
259875,138,121,5639,2003,0.0,129463.0,0.862509,0.756684,MEX,KOR,210410
259876,145,121,5639,2003,0.0,17359.0,-0.9747620000000001,-1.026308,MNG,KOR,210410
259877,146,121,5639,2003,0.0,5664.0,-0.370942,-0.685771,MNP,KOR,210410
259878,153,121,5639,2003,17292.0,0.0,0.728804,0.2168,MYS,KOR,210410
259879,160,121,5639,2003,0.0,1563.0,-0.8661459999999999,-0.8661690000000001,NIC,KOR,210410
259880,162,121,5639,2003,1041.0,10402.0,1.168453,1.7085709999999998,NLD,KOR,210410
259881,163,121,5639,2003,23225.0,0.0,1.1500620000000001,0.258554,NOR,KOR,210410
259882,166,121,5639,2003,154813.0,11472.0,0.589619,0.997301,NZL,KOR,210410
259883,169,121,5639,2003,0.0,212883.0,-0.050386,-0.039619999999999995,PAN,KOR,210410
259884,173,121,5639,2003,0.0,5763.0,-0.48627,0.371354,PER,KOR,210410
259885,174,121,5639,2003,18630.0,0.0,-0.065022,-0.195144,PHL,KOR,210410
259886,177,121,5639,2003,0.0,186882.0,0.966622,1.664838,POL,KOR,210410
259887,179,121,5639,2003,0.0,5277.0,0.471376,1.647303,PRT,KOR,210410
259888,186,121,5639,2003,0.0,113102.0,1.072729,0.338355,RUS,KOR,210410
259889,188,121,5639,2003,0.0,32731.0,0.202286,-0.714691,SAU,KOR,210410
259890,192,121,5639,2003,136175.0,26769.0,1.5080799999999999,0.720337,SGP,KOR,210410
259891,216,121,5639,2003,35979.0,0.0,0.43010699999999996,1.607408,THA,KOR,210410
259892,231,121,5639,2003,4866342.0,3116275.0,1.7789220000000001,0.064028,USA,KOR,210410
259893,239,121,5639,2003,25135.0,0.0,-0.633985,0.659696,VNM,KOR,210410
259894,246,121,5639,2003,0.0,1185.0,0.477987,2.255395,ZAF,KOR,210410
259895,249,121,5639,2003,17371.0,22053.0,1.5924040000000002,1.397843,TWN,KOR,210410
259896,14,124,5639,2003,5271.0,1860.0,0.316879,0.9409489999999999,AUS,LBN,210410
259897,18,124,5639,2003,0.0,9622.0,1.361682,1.39536,BEL,LBN,210410
259898,19,124,5639,2003,0.0,16977.0,-1.150888,-0.956203,BEN,LBN,210410
259899,39,124,5639,2003,7348.0,1562.0,0.9791540000000001,1.185081,CAN,LBN,210410
259900,41,124,5639,2003,3345.0,0.0,2.151037,0.711217,CHE,LBN,210410
259901,42,124,5639,2003,0.0,1559.0,-0.06375900000000001,-0.156808,CHL,LBN,210410
259902,43,124,5639,2003,15775.0,0.0,0.579431,2.773139,CHN,LBN,210410
259903,44,124,5639,2003,0.0,5060.0,-0.699928,-0.723739,CIV,LBN,210410
259904,46,124,5639,2003,0.0,4441.0,-1.366232,-1.0778860000000001,COD,LBN,210410
259905,47,124,5639,2003,0.0,3891.0,-1.6789619999999998,-1.182557,COG,LBN,210410
259906,61,124,5639,2003,6237.0,34708.0,2.2821919999999998,-2.0985150000000004,DEU,LBN,210410
259907,64,124,5639,2003,0.0,8890.0,1.309564,1.245596,DNK,LBN,210410
259908,68,124,5639,2003,788748.0,0.0,-0.292923,0.465433,EGY,LBN,210410
259909,71,124,5639,2003,0.0,27058.0,0.960684,2.074792,ESP,LBN,210410
259910,77,124,5639,2003,118692.0,1705.0,1.606606,0.7394149999999999,FRA,LBN,210410
259911,81,124,5639,2003,16325.0,0.0,1.8712540000000002,0.706205,GBR,LBN,210410
259912,87,124,5639,2003,0.0,962.0,-0.230541,-0.275663,GMB,LBN,210410
259913,108,124,5639,2003,0.0,13567.0,-0.398557,-0.774153,IRQ,LBN,210410
259914,113,124,5639,2003,9657.0,3825.0,0.12295,0.377031,JOR,LBN,210410
259915,114,124,5639,2003,8939.0,0.0,2.4686630000000003,0.48072600000000004,JPN,LBN,210410
259916,122,124,5639,2003,49087.0,2119.0,-0.7943640000000001,-1.1529770000000001,KWT,LBN,210410
259917,125,124,5639,2003,0.0,2463.0,0.026117,-1.03888,LBR,LBN,210410
259918,128,124,5639,2003,1808.0,0.0,-0.618057,0.101931,LKA,LBN,210410
259919,153,124,5639,2003,159247.0,0.0,0.728804,0.2168,MYS,LBN,210410
259920,159,124,5639,2003,0.0,16001.0,-1.859176,-1.234236,NGA,LBN,210410
259921,162,124,5639,2003,19774.0,0.0,1.168453,1.7085709999999998,NLD,LBN,210410
259922,174,124,5639,2003,767.0,0.0,-0.065022,-0.195144,PHL,LBN,210410
259923,179,124,5639,2003,6327.0,0.0,0.471376,1.647303,PRT,LBN,210410
259924,196,124,5639,2003,0.0,1805.0,0.129923,-0.19926300000000002,SLE,LBN,210410
259925,208,124,5639,2003,0.0,1501.0,2.099224,0.799982,SWE,LBN,210410
259926,224,124,5639,2003,598198.0,0.0,0.192802,1.9855060000000002,TUR,LBN,210410
259927,231,124,5639,2003,86540.0,15069.0,1.7789220000000001,0.064028,USA,LBN,210410
259928,236,124,5639,2003,0.0,1692.0,0.277805,-0.783697,VEN,LBN,210410
259929,250,124,5639,2003,0.0,2471.0,0.45951499999999995,-0.2312,ANS,LBN,210410
259930,14,128,5639,2003,51733.0,2891.0,0.316879,0.9409489999999999,AUS,LKA,210410
259931,24,128,5639,2003,0.0,2761.0,-0.10968800000000001,-1.041032,BHR,LKA,210410
259932,39,128,5639,2003,0.0,1488.0,0.9791540000000001,1.185081,CAN,LKA,210410
259933,41,128,5639,2003,0.0,1244.0,2.151037,0.711217,CHE,LKA,210410
259934,61,128,5639,2003,1734.0,0.0,2.2821919999999998,-2.0985150000000004,DEU,LKA,210410
259935,77,128,5639,2003,0.0,2614.0,1.606606,0.7394149999999999,FRA,LKA,210410
259936,81,128,5639,2003,0.0,5396.0,1.8712540000000002,0.706205,GBR,LKA,210410
259937,103,128,5639,2003,998.0,0.0,-0.16802,1.7252990000000001,IDN,LKA,210410
259938,111,128,5639,2003,0.0,13730.0,1.399734,1.044608,ITA,LKA,210410
259939,124,128,5639,2003,0.0,1808.0,0.261687,1.053856,LBN,LKA,210410
259940,137,128,5639,2003,0.0,2567.0,-1.201352,-1.031892,MDV,LKA,210410
259941,153,128,5639,2003,39437.0,0.0,0.728804,0.2168,MYS,LKA,210410
259942,162,128,5639,2003,11336.0,0.0,1.168453,1.7085709999999998,NLD,LKA,210410
259943,174,128,5639,2003,3296.0,0.0,-0.065022,-0.195144,PHL,LKA,210410
259944,183,128,5639,2003,0.0,167933.0,-0.209042,-1.0565799999999999,QAT,LKA,210410
259945,192,128,5639,2003,14927.0,1032.0,1.5080799999999999,0.720337,SGP,LKA,210410
259946,216,128,5639,2003,11642.0,0.0,0.43010699999999996,1.607408,THA,LKA,210410
259947,231,128,5639,2003,49533.0,2235.0,1.7789220000000001,0.064028,USA,LKA,210410
259948,8,138,5639,2003,6961.0,0.0,0.302073,0.49069700000000005,ARG,MEX,210410
259949,18,138,5639,2003,1635.0,0.0,1.361682,1.39536,BEL,MEX,210410
259950,29,138,5639,2003,0.0,7439.0,-0.543555,-0.7596,BLZ,MEX,210410
259951,39,138,5639,2003,3540.0,61262.0,0.9791540000000001,1.185081,CAN,MEX,210410
259952,42,138,5639,2003,71330.0,3596.0,-0.06375900000000001,-0.156808,CHL,MEX,210410
259953,43,138,5639,2003,87306.0,61208.0,0.579431,2.773139,CHN,MEX,210410
259954,52,138,5639,2003,95348.0,74646.0,-0.193904,-0.5049680000000001,CRI,MEX,210410
259955,54,138,5639,2003,0.0,17700.0,-0.391515,-0.8562120000000001,CUB,MEX,210410
259956,65,138,5639,2003,0.0,874.0,-0.46264399999999994,-0.245034,DOM,MEX,210410
259957,67,138,5639,2003,0.0,2727.0,-0.8689370000000001,-0.889767,ECU,MEX,210410
259958,71,138,5639,2003,387274.0,4769.0,0.960684,2.074792,ESP,MEX,210410
259959,77,138,5639,2003,11314.0,5479.0,1.606606,0.7394149999999999,FRA,MEX,210410
259960,93,138,5639,2003,4386652.0,407293.0,-0.444162,0.145319,GTM,MEX,210410
259961,97,138,5639,2003,0.0,524490.0,0.494569,2.147062,HKG,MEX,210410
259962,99,138,5639,2003,0.0,89158.0,-0.733546,-0.568585,HND,MEX,210410
259963,103,138,5639,2003,3752.0,0.0,-0.16802,1.7252990000000001,IDN,MEX,210410
259964,104,138,5639,2003,2004.0,0.0,0.33014099999999996,2.836003,IND,MEX,210410
259965,110,138,5639,2003,5386.0,0.0,1.157809,0.682195,ISR,MEX,210410
259966,111,138,5639,2003,2941.0,0.0,1.399734,1.044608,ITA,MEX,210410
259967,112,138,5639,2003,0.0,1860.0,-0.6684140000000001,-0.915817,JAM,MEX,210410
259968,114,138,5639,2003,44969.0,1753.0,2.4686630000000003,0.48072600000000004,JPN,MEX,210410
259969,121,138,5639,2003,129463.0,0.0,1.2611709999999998,0.956308,KOR,MEX,210410
259970,160,138,5639,2003,0.0,55414.0,-0.8661459999999999,-0.8661690000000001,NIC,MEX,210410
259971,169,138,5639,2003,0.0,48377.0,-0.050386,-0.039619999999999995,PAN,MEX,210410
259972,174,138,5639,2003,1886.0,0.0,-0.065022,-0.195144,PHL,MEX,210410
259973,197,138,5639,2003,0.0,138744.0,-0.251357,-0.189917,SLV,MEX,210410
259974,216,138,5639,2003,1160.0,0.0,0.43010699999999996,1.607408,THA,MEX,210410
259975,231,138,5639,2003,230275328.0,19728610.0,1.7789220000000001,0.064028,USA,MEX,210410
259976,236,138,5639,2003,0.0,1820.0,0.277805,-0.783697,VEN,MEX,210410
259977,249,138,5639,2003,9540.0,29478.0,1.5924040000000002,1.397843,TWN,MEX,210410
259978,7,153,5639,2003,0.0,53690.0,0.049637,-0.502691,ARE,MYS,210410
259979,14,153,5639,2003,192474.0,29614.0,0.316879,0.9409489999999999,AUS,MYS,210410
259980,22,153,5639,2003,0.0,240966.0,-1.168404,-1.035782,BGD,MYS,210410
259981,24,153,5639,2003,0.0,37077.0,-0.10968800000000001,-1.041032,BHR,MYS,210410
259982,34,153,5639,2003,0.0,591994.0,-1.342738,-0.978633,BRN,MYS,210410
259983,39,153,5639,2003,1483.0,116483.0,0.9791540000000001,1.185081,CAN,MYS,210410
259984,41,153,5639,2003,38422.0,0.0,2.151037,0.711217,CHE,MYS,210410
259985,43,153,5639,2003,39501.0,45717.0,0.579431,2.773139,CHN,MYS,210410
259986,54,153,5639,2003,0.0,491.0,-0.391515,-0.8562120000000001,CUB,MYS,210410
259987,58,153,5639,2003,0.0,73390.0,0.259992,0.068914,CYP,MYS,210410
259988,59,153,5639,2003,0.0,37867.0,1.555749,0.8662059999999999,CZE,MYS,210410
259989,61,153,5639,2003,0.0,5509.0,2.2821919999999998,-2.0985150000000004,DEU,MYS,210410
259990,77,153,5639,2003,1906.0,0.0,1.606606,0.7394149999999999,FRA,MYS,210410
259991,81,153,5639,2003,138796.0,107009.0,1.8712540000000002,0.706205,GBR,MYS,210410
259992,97,153,5639,2003,11387.0,503506.0,0.494569,2.147062,HKG,MYS,210410
259993,103,153,5639,2003,6113.0,1304352.0,-0.16802,1.7252990000000001,IDN,MYS,210410
259994,104,153,5639,2003,0.0,5134.0,0.33014099999999996,2.836003,IND,MYS,210410
259995,106,153,5639,2003,9171.0,0.0,1.6396130000000002,0.220599,IRL,MYS,210410
259996,111,153,5639,2003,4843.0,7270.0,1.399734,1.044608,ITA,MYS,210410
259997,113,153,5639,2003,0.0,107465.0,0.12295,0.377031,JOR,MYS,210410
259998,114,153,5639,2003,87009.0,19218.0,2.4686630000000003,0.48072600000000004,JPN,MYS,210410
