7129999,250,179,7678,1998,0.0,1376.0,1.144164,1.187425,ANS,PRT,610452
7130000,224,190,7678,1998,3269.0,0.0,0.085286,1.653589,TUR,SDN,610452
7130001,15,208,7678,1998,0.0,11547.0,1.891966,0.508137,AUT,SWE,610452
7130002,18,208,7678,1998,44863.0,0.0,1.4740739999999999,1.2530430000000001,BEL,SWE,610452
7130003,39,208,7678,1998,0.0,1769.0,1.077343,1.119161,CAN,SWE,610452
7130004,41,208,7678,1998,0.0,7825.0,2.252965,0.561806,CHE,SWE,610452
7130005,43,208,7678,1998,114763.0,0.0,0.3658,3.231258,CHN,SWE,610452
7130006,59,208,7678,1998,0.0,2128.0,1.36345,1.408508,CZE,SWE,610452
7130007,61,208,7678,1998,50517.0,278255.0,2.334028,-2.417278,DEU,SWE,610452
7130008,64,208,7678,1998,1609031.0,139536.0,1.225999,1.470145,DNK,SWE,610452
7130009,68,208,7678,1998,23021.0,0.0,-0.462755,0.079802,EGY,SWE,610452
7130010,72,208,7678,1998,372612.0,45523.0,0.53408,1.07691,EST,SWE,610452
7130011,74,208,7678,1998,201727.0,138650.0,2.003987,0.995725,FIN,SWE,610452
7130012,77,208,7678,1998,32236.0,1445.0,1.707702,0.7784270000000001,FRA,SWE,610452
7130013,81,208,7678,1998,116716.0,0.0,1.906738,0.489101,GBR,SWE,610452
7130014,90,208,7678,1998,88525.0,2857.0,0.183835,1.1512790000000002,GRC,SWE,610452
7130015,97,208,7678,1998,183035.0,6689.0,0.46966099999999994,2.5744029999999998,HKG,SWE,610452
7130016,102,208,7678,1998,2845.0,2189.0,0.780392,1.450701,HUN,SWE,610452
7130017,103,208,7678,1998,24788.0,0.0,-0.478253,1.350652,IDN,SWE,610452
7130018,104,208,7678,1998,136721.0,0.0,0.274308,2.316908,IND,SWE,610452
7130019,106,208,7678,1998,0.0,301454.0,1.451067,0.654442,IRL,SWE,610452
7130020,111,208,7678,1998,73347.0,2417.0,1.4532209999999999,1.191124,ITA,SWE,610452
7130021,121,208,7678,1998,24678.0,0.0,0.999518,1.106351,KOR,SWE,610452
7130022,130,208,7678,1998,32226.0,0.0,0.27073,0.692656,LTU,SWE,610452
7130023,132,208,7678,1998,78653.0,34210.0,0.322473,0.388421,LVA,SWE,610452
7130024,133,208,7678,1998,9627.0,0.0,-0.21838000000000002,-0.370322,MAC,SWE,610452
7130025,151,208,7678,1998,12769.0,0.0,-0.621599,-0.755795,MUS,SWE,610452
7130026,162,208,7678,1998,9534.0,0.0,1.248469,1.683182,NLD,SWE,610452
7130027,163,208,7678,1998,53205.0,248383.0,1.1660190000000001,0.43901899999999994,NOR,SWE,610452
7130028,168,208,7678,1998,11087.0,0.0,-0.9008149999999999,-0.448942,PAK,SWE,610452
7130029,177,208,7678,1998,53637.0,5517.0,0.8638309999999999,1.8881299999999999,POL,SWE,610452
7130030,179,208,7678,1998,105077.0,0.0,0.39771999999999996,1.303603,PRT,SWE,610452
7130031,186,208,7678,1998,0.0,8704.0,0.93909,0.59719,RUS,SWE,610452
7130032,216,208,7678,1998,8821.0,0.0,0.128633,1.484142,THA,SWE,610452
7130033,224,208,7678,1998,112953.0,0.0,0.085286,1.653589,TUR,SWE,610452
7130034,231,208,7678,1998,2298.0,41907.0,1.8223639999999999,0.761336,USA,SWE,610452
7130035,249,208,7678,1998,9750.0,0.0,1.224725,1.890322,TWN,SWE,610452
7130036,2,216,7678,1998,0.0,2544.0,-1.679223,-1.213275,AGO,THA,610452
7130037,5,216,7678,1998,0.0,565.0,1.079978,0.618452,AND,THA,610452
7130038,7,216,7678,1998,0.0,56582.0,-0.274973,-0.481405,ARE,THA,610452
7130039,8,216,7678,1998,0.0,4497.0,0.272015,0.45031099999999996,ARG,THA,610452
7130040,14,216,7678,1998,0.0,23608.0,0.375317,0.8864629999999999,AUS,THA,610452
7130041,15,216,7678,1998,0.0,2431.0,1.891966,0.508137,AUT,THA,610452
7130042,18,216,7678,1998,0.0,548341.0,1.4740739999999999,1.2530430000000001,BEL,THA,610452
7130043,22,216,7678,1998,0.0,1178.0,-1.130729,-1.001385,BGD,THA,610452
7130044,24,216,7678,1998,0.0,18606.0,-0.044219,-0.859931,BHR,THA,610452
7130045,32,216,7678,1998,0.0,9628.0,0.768101,1.04589,BRA,THA,610452
7130046,39,216,7678,1998,0.0,41403.0,1.077343,1.119161,CAN,THA,610452
7130047,41,216,7678,1998,0.0,11107.0,2.252965,0.561806,CHE,THA,610452
7130048,42,216,7678,1998,0.0,24157.0,0.029706,-0.061149,CHL,THA,610452
7130049,43,216,7678,1998,1131.0,10628.0,0.3658,3.231258,CHN,THA,610452
7130050,61,216,7678,1998,0.0,223142.0,2.334028,-2.417278,DEU,THA,610452
7130051,64,216,7678,1998,0.0,5779.0,1.225999,1.470145,DNK,THA,610452
7130052,71,216,7678,1998,0.0,58362.0,1.051392,1.983438,ESP,THA,610452
7130053,73,216,7678,1998,0.0,5067.0,-1.279819,-1.158182,ETH,THA,610452
7130054,74,216,7678,1998,0.0,4182.0,2.003987,0.995725,FIN,THA,610452
7130055,77,216,7678,1998,0.0,107521.0,1.707702,0.7784270000000001,FRA,THA,610452
7130056,81,216,7678,1998,1074.0,35107.0,1.906738,0.489101,GBR,THA,610452
7130057,83,216,7678,1998,0.0,4853.0,-1.215123,-1.0427620000000002,GHA,THA,610452
7130058,85,216,7678,1998,0.0,3858.0,-1.676035,-1.248894,GIN,THA,610452
7130059,97,216,7678,1998,14025.0,37295.0,0.46966099999999994,2.5744029999999998,HKG,THA,610452
7130060,104,216,7678,1998,0.0,995.0,0.274308,2.316908,IND,THA,610452
7130061,106,216,7678,1998,0.0,17070.0,1.451067,0.654442,IRL,THA,610452
7130062,109,216,7678,1998,0.0,1188.0,0.18141300000000002,-0.47993500000000006,ISL,THA,610452
7130063,111,216,7678,1998,5924.0,94431.0,1.4532209999999999,1.191124,ITA,THA,610452
7130064,113,216,7678,1998,0.0,1703.0,0.403009,-0.076366,JOR,THA,610452
7130065,114,216,7678,1998,0.0,292052.0,2.550442,0.718063,JPN,THA,610452
7130066,121,216,7678,1998,0.0,10452.0,0.999518,1.106351,KOR,THA,610452
7130067,122,216,7678,1998,0.0,20395.0,0.037029,-1.054761,KWT,THA,610452
7130068,124,216,7678,1998,0.0,3469.0,0.23803200000000002,0.9927860000000001,LBN,THA,610452
7130069,126,216,7678,1998,0.0,5838.0,-0.303379,-1.1347180000000001,LBY,THA,610452
7130070,128,216,7678,1998,0.0,1209.0,-0.933293,-0.233566,LKA,THA,610452
7130071,137,216,7678,1998,0.0,5831.0,-1.4121629999999998,-1.084394,MDV,THA,610452
7130072,138,216,7678,1998,0.0,1078.0,0.525671,0.880649,MEX,THA,610452
7130073,143,216,7678,1998,0.0,6646.0,-1.620365,-0.997957,MMR,THA,610452
7130074,153,216,7678,1998,0.0,2957.0,0.396826,0.203792,MYS,THA,610452
7130075,162,216,7678,1998,0.0,238400.0,1.248469,1.683182,NLD,THA,610452
7130076,163,216,7678,1998,0.0,5262.0,1.1660190000000001,0.43901899999999994,NOR,THA,610452
7130077,166,216,7678,1998,0.0,5523.0,0.5690529999999999,0.7752060000000001,NZL,THA,610452
7130078,167,216,7678,1998,0.0,769.0,-0.38848499999999997,-0.898559,OMN,THA,610452
7130079,173,216,7678,1998,0.0,1015.0,-0.35875300000000004,0.042606,PER,THA,610452
7130080,176,216,7678,1998,0.0,5052.0,-2.060952,-1.237969,PNG,THA,610452
7130081,177,216,7678,1998,0.0,8715.0,0.8638309999999999,1.8881299999999999,POL,THA,610452
7130082,185,216,7678,1998,0.0,790.0,0.315392,0.961176,ROU,THA,610452
7130083,186,216,7678,1998,0.0,11727.0,0.93909,0.59719,RUS,THA,610452
7130084,187,216,7678,1998,0.0,1977.0,-0.38756399999999996,-0.7770130000000001,RWA,THA,610452
7130085,188,216,7678,1998,0.0,92408.0,0.521849,-0.7550899999999999,SAU,THA,610452
7130086,191,216,7678,1998,0.0,2929.0,-0.416955,-0.449216,SEN,THA,610452
7130087,192,216,7678,1998,12191.0,22086.0,1.0029709999999998,0.506545,SGP,THA,610452
7130088,206,216,7678,1998,0.0,3084.0,1.202453,1.228204,SVK,THA,610452
7130089,208,216,7678,1998,0.0,8821.0,2.134076,0.9259729999999999,SWE,THA,610452
7130090,211,216,7678,1998,0.0,597.0,0.265625,-0.590012,SYC,THA,610452
7130091,215,216,7678,1998,0.0,3087.0,-0.8338540000000001,-0.8437020000000001,TGO,THA,610452
7130092,226,216,7678,1998,0.0,3752.0,-0.972823,-0.428149,TZA,THA,610452
7130093,227,216,7678,1998,0.0,1454.0,-0.996762,-1.01326,UGA,THA,610452
7130094,228,216,7678,1998,0.0,1085.0,0.880876,0.783668,UKR,THA,610452
7130095,231,216,7678,1998,0.0,1301216.0,1.8223639999999999,0.761336,USA,THA,610452
7130096,232,216,7678,1998,0.0,20996.0,-0.283425,-0.7488520000000001,UZB,THA,610452
7130097,236,216,7678,1998,0.0,2329.0,0.288717,-0.540639,VEN,THA,610452
7130098,239,216,7678,1998,0.0,3002.0,-0.9395469999999999,0.060697,VNM,THA,610452
7130099,246,216,7678,1998,0.0,34912.0,0.573958,1.3813739999999999,ZAF,THA,610452
7130100,247,216,7678,1998,0.0,1707.0,-0.383126,-0.501498,ZMB,THA,610452
7130101,249,216,7678,1998,0.0,54111.0,1.224725,1.890322,TWN,THA,610452
7130102,250,216,7678,1998,0.0,3394.0,1.144164,1.187425,ANS,THA,610452
7130103,112,222,7678,1998,0.0,7245.0,-0.8083739999999999,-0.946183,JAM,TTO,610452
7130104,7,224,7678,1998,0.0,40568.0,-0.274973,-0.481405,ARE,TUR,610452
7130105,14,224,7678,1998,0.0,1530.0,0.375317,0.8864629999999999,AUS,TUR,610452
7130106,15,224,7678,1998,0.0,66947.0,1.891966,0.508137,AUT,TUR,610452
7130107,18,224,7678,1998,0.0,214086.0,1.4740739999999999,1.2530430000000001,BEL,TUR,610452
7130108,23,224,7678,1998,0.0,105013.0,0.382782,1.5844479999999999,BGR,TUR,610452
7130109,26,224,7678,1998,0.0,69179.0,0.290661,0.18068299999999998,BIH,TUR,610452
7130110,39,224,7678,1998,0.0,7203.0,1.077343,1.119161,CAN,TUR,610452
7130111,41,224,7678,1998,0.0,97236.0,2.252965,0.561806,CHE,TUR,610452
7130112,58,224,7678,1998,0.0,3167.0,0.45990600000000004,0.41840299999999997,CYP,TUR,610452
7130113,59,224,7678,1998,0.0,10853.0,1.36345,1.408508,CZE,TUR,610452
7130114,61,224,7678,1998,19603.0,4319818.0,2.334028,-2.417278,DEU,TUR,610452
7130115,64,224,7678,1998,0.0,184356.0,1.225999,1.470145,DNK,TUR,610452
7130116,66,224,7678,1998,0.0,11656.0,-0.726061,-1.161031,DZA,TUR,610452
7130117,68,224,7678,1998,0.0,250570.0,-0.462755,0.079802,EGY,TUR,610452
7130118,71,224,7678,1998,4707.0,7595.0,1.051392,1.983438,ESP,TUR,610452
7130119,72,224,7678,1998,0.0,1680.0,0.53408,1.07691,EST,TUR,610452
7130120,74,224,7678,1998,0.0,16402.0,2.003987,0.995725,FIN,TUR,610452
7130121,77,224,7678,1998,102960.0,887848.0,1.707702,0.7784270000000001,FRA,TUR,610452
7130122,81,224,7678,1998,3018.0,1430986.0,1.906738,0.489101,GBR,TUR,610452
7130123,82,224,7678,1998,0.0,934.0,0.644307,0.304707,GEO,TUR,610452
7130124,90,224,7678,1998,0.0,5259.0,0.183835,1.1512790000000002,GRC,TUR,610452
7130125,100,224,7678,1998,0.0,35915.0,0.692779,0.9919530000000001,HRV,TUR,610452
7130126,102,224,7678,1998,0.0,34968.0,0.780392,1.450701,HUN,TUR,610452
7130127,106,224,7678,1998,0.0,12679.0,1.451067,0.654442,IRL,TUR,610452
7130128,109,224,7678,1998,0.0,914.0,0.18141300000000002,-0.47993500000000006,ISL,TUR,610452
7130129,110,224,7678,1998,0.0,9190.0,1.2643739999999999,0.958475,ISR,TUR,610452
7130130,111,224,7678,1998,2444.0,64994.0,1.4532209999999999,1.191124,ITA,TUR,610452
7130131,113,224,7678,1998,0.0,9902.0,0.403009,-0.076366,JOR,TUR,610452
7130132,114,224,7678,1998,0.0,25495.0,2.550442,0.718063,JPN,TUR,610452
7130133,122,224,7678,1998,0.0,44417.0,0.037029,-1.054761,KWT,TUR,610452
7130134,124,224,7678,1998,0.0,27558.0,0.23803200000000002,0.9927860000000001,LBN,TUR,610452
7130135,126,224,7678,1998,0.0,131922.0,-0.303379,-1.1347180000000001,LBY,TUR,610452
7130136,128,224,7678,1998,82173.0,0.0,-0.933293,-0.233566,LKA,TUR,610452
7130137,130,224,7678,1998,0.0,82399.0,0.27073,0.692656,LTU,TUR,610452
7130138,132,224,7678,1998,0.0,1095.0,0.322473,0.388421,LVA,TUR,610452
7130139,138,224,7678,1998,0.0,1095.0,0.525671,0.880649,MEX,TUR,610452
7130140,140,224,7678,1998,0.0,7117.0,0.102559,0.591468,MKD,TUR,610452
7130141,142,224,7678,1998,0.0,2403.0,0.919593,-0.071451,MLT,TUR,610452
7130142,153,224,7678,1998,0.0,987.0,0.396826,0.203792,MYS,TUR,610452
7130143,162,224,7678,1998,1254.0,761790.0,1.248469,1.683182,NLD,TUR,610452
7130144,163,224,7678,1998,0.0,61580.0,1.1660190000000001,0.43901899999999994,NOR,TUR,610452
7130145,169,224,7678,1998,0.0,3525.0,0.010123,0.5677949999999999,PAN,TUR,610452
7130146,177,224,7678,1998,0.0,797559.0,0.8638309999999999,1.8881299999999999,POL,TUR,610452
7130147,179,224,7678,1998,1601.0,41848.0,0.39771999999999996,1.303603,PRT,TUR,610452
7130148,183,224,7678,1998,0.0,5166.0,-1.047819,-1.226928,QAT,TUR,610452
7130149,185,224,7678,1998,0.0,74546.0,0.315392,0.961176,ROU,TUR,610452
7130150,186,224,7678,1998,0.0,1551941.0,0.93909,0.59719,RUS,TUR,610452
7130151,188,224,7678,1998,0.0,181423.0,0.521849,-0.7550899999999999,SAU,TUR,610452
7130152,190,224,7678,1998,0.0,3269.0,-1.034858,-1.089854,SDN,TUR,610452
7130153,206,224,7678,1998,0.0,3101.0,1.202453,1.228204,SVK,TUR,610452
7130154,207,224,7678,1998,0.0,4721.0,1.442955,1.27214,SVN,TUR,610452
7130155,208,224,7678,1998,0.0,112953.0,2.134076,0.9259729999999999,SWE,TUR,610452
7130156,219,224,7678,1998,0.0,9384.0,-0.379934,-0.878598,TKM,TUR,610452
7130157,223,224,7678,1998,0.0,188264.0,-0.21677,-0.08694299999999999,TUN,TUR,610452
7130158,228,224,7678,1998,0.0,16811.0,0.880876,0.783668,UKR,TUR,610452
7130159,231,224,7678,1998,8728.0,1939840.0,1.8223639999999999,0.761336,USA,TUR,610452
7130160,249,224,7678,1998,0.0,793.0,1.224725,1.890322,TWN,TUR,610452
7130161,7,231,7678,1998,0.0,6138.0,-0.274973,-0.481405,ARE,USA,610452
7130162,8,231,7678,1998,4861.0,3178.0,0.272015,0.45031099999999996,ARG,USA,610452
7130163,9,231,7678,1998,5253.0,0.0,0.848252,-0.159457,ARM,USA,610452
7130164,14,231,7678,1998,163276.0,9974.0,0.375317,0.8864629999999999,AUS,USA,610452
7130165,15,231,7678,1998,4081.0,0.0,1.891966,0.508137,AUT,USA,610452
7130166,18,231,7678,1998,4606.0,0.0,1.4740739999999999,1.2530430000000001,BEL,USA,610452
7130167,22,231,7678,1998,305679.0,0.0,-1.130729,-1.001385,BGD,USA,610452
7130168,23,231,7678,1998,7670.0,0.0,0.382782,1.5844479999999999,BGR,USA,610452
7130169,25,231,7678,1998,0.0,24673.0,1.090167,0.25353000000000003,BHS,USA,610452
7130170,32,231,7678,1998,125903.0,24443.0,0.768101,1.04589,BRA,USA,610452
7130171,33,231,7678,1998,0.0,3692.0,0.888487,0.469408,BRB,USA,610452
7130172,39,231,7678,1998,977624.0,352077.0,1.077343,1.119161,CAN,USA,610452
7130173,41,231,7678,1998,5362.0,3502.0,2.252965,0.561806,CHE,USA,610452
7130174,42,231,7678,1998,0.0,134146.0,0.029706,-0.061149,CHL,USA,610452
7130175,43,231,7678,1998,537952.0,0.0,0.3658,3.231258,CHN,USA,610452
7130176,49,231,7678,1998,43912.0,11779.0,0.205004,0.13985899999999998,COL,USA,610452
7130177,52,231,7678,1998,13989.0,594945.0,-0.26046199999999997,-0.059391,CRI,USA,610452
7130178,59,231,7678,1998,0.0,11066.0,1.36345,1.408508,CZE,USA,610452
7130179,61,231,7678,1998,24266.0,102190.0,2.334028,-2.417278,DEU,USA,610452
7130180,64,231,7678,1998,71784.0,1910.0,1.225999,1.470145,DNK,USA,610452
7130181,65,231,7678,1998,1102676.0,0.0,-0.772271,-0.765258,DOM,USA,610452
7130182,67,231,7678,1998,12505.0,2642.0,-0.990915,-0.9670860000000001,ECU,USA,610452
7130183,68,231,7678,1998,54944.0,0.0,-0.462755,0.079802,EGY,USA,610452
7130184,71,231,7678,1998,2905.0,42180.0,1.051392,1.983438,ESP,USA,610452
7130185,72,231,7678,1998,0.0,2315.0,0.53408,1.07691,EST,USA,610452
7130186,74,231,7678,1998,2312.0,0.0,2.003987,0.995725,FIN,USA,610452
7130187,75,231,7678,1998,12757.0,0.0,-1.069747,-0.965333,FJI,USA,610452
7130188,77,231,7678,1998,23782.0,18110.0,1.707702,0.7784270000000001,FRA,USA,610452
7130189,81,231,7678,1998,344987.0,319362.0,1.906738,0.489101,GBR,USA,610452
7130190,90,231,7678,1998,29082.0,0.0,0.183835,1.1512790000000002,GRC,USA,610452
7130191,93,231,7678,1998,152703.0,97419.0,-0.344999,0.155524,GTM,USA,610452
7130192,96,231,7678,1998,4343.0,27077.0,-0.8204450000000001,-0.8914200000000001,GUY,USA,610452
7130193,97,231,7678,1998,2126634.0,6576.0,0.46966099999999994,2.5744029999999998,HKG,USA,610452
7130194,99,231,7678,1998,629767.0,401221.0,-0.9326049999999999,-0.598527,HND,USA,610452
7130195,100,231,7678,1998,11256.0,571.0,0.692779,0.9919530000000001,HRV,USA,610452
7130196,101,231,7678,1998,34169.0,0.0,-1.186197,-0.925901,HTI,USA,610452
7130197,102,231,7678,1998,20435.0,0.0,0.780392,1.450701,HUN,USA,610452
7130198,103,231,7678,1998,219841.0,0.0,-0.478253,1.350652,IDN,USA,610452
7130199,104,231,7678,1998,464533.0,0.0,0.274308,2.316908,IND,USA,610452
7130200,106,231,7678,1998,2276.0,0.0,1.451067,0.654442,IRL,USA,610452
7130201,110,231,7678,1998,412554.0,18159.0,1.2643739999999999,0.958475,ISR,USA,610452
7130202,111,231,7678,1998,105907.0,22159.0,1.4532209999999999,1.191124,ITA,USA,610452
7130203,114,231,7678,1998,18096.0,62745.0,2.550442,0.718063,JPN,USA,610452
7130204,118,231,7678,1998,120078.0,0.0,-1.626686,-1.307157,KHM,USA,610452
7130205,121,231,7678,1998,2012022.0,1273.0,0.999518,1.106351,KOR,USA,610452
7130206,124,231,7678,1998,0.0,4272.0,0.23803200000000002,0.9927860000000001,LBN,USA,610452
7130207,128,231,7678,1998,57234.0,0.0,-0.933293,-0.233566,LKA,USA,610452
7130208,130,231,7678,1998,66119.0,0.0,0.27073,0.692656,LTU,USA,610452
7130209,132,231,7678,1998,16739.0,0.0,0.322473,0.388421,LVA,USA,610452
7130210,133,231,7678,1998,2154646.0,0.0,-0.21838000000000002,-0.370322,MAC,USA,610452
7130211,134,231,7678,1998,18868.0,0.0,-0.7299479999999999,-0.23758200000000002,MAR,USA,610452
7130212,138,231,7678,1998,1619694.0,503825.0,0.525671,0.880649,MEX,USA,610452
7130213,153,231,7678,1998,258840.0,0.0,0.396826,0.203792,MYS,USA,610452
7130214,160,231,7678,1998,0.0,5540.0,-0.8012199999999999,-0.749159,NIC,USA,610452
7130215,162,231,7678,1998,5003.0,5881.0,1.248469,1.683182,NLD,USA,610452
7130216,163,231,7678,1998,0.0,2043.0,1.1660190000000001,0.43901899999999994,NOR,USA,610452
7130217,166,231,7678,1998,4209.0,1317.0,0.5690529999999999,0.7752060000000001,NZL,USA,610452
7130218,168,231,7678,1998,400639.0,0.0,-0.9008149999999999,-0.448942,PAK,USA,610452
7130219,169,231,7678,1998,0.0,27792.0,0.010123,0.5677949999999999,PAN,USA,610452
7130220,173,231,7678,1998,482177.0,9747.0,-0.35875300000000004,0.042606,PER,USA,610452
7130221,174,231,7678,1998,222160.0,0.0,-0.262725,-0.075781,PHL,USA,610452
7130222,179,231,7678,1998,24828.0,0.0,0.39771999999999996,1.303603,PRT,USA,610452
7130223,182,231,7678,1998,0.0,5612.0,0.422645,-0.607595,PYF,USA,610452
7130224,186,231,7678,1998,27227.0,4588.0,0.93909,0.59719,RUS,USA,610452
7130225,192,231,7678,1998,204458.0,18672.0,1.0029709999999998,0.506545,SGP,USA,610452
7130226,197,231,7678,1998,2161992.0,1076448.0,-0.202965,-0.000499,SLV,USA,610452
7130227,200,231,7678,1998,0.0,19152.0,1.1440860000000002,-0.16153499999999998,SPM,USA,610452
7130228,208,231,7678,1998,41907.0,2298.0,2.134076,0.9259729999999999,SWE,USA,610452
7130229,211,231,7678,1998,0.0,15028.0,0.265625,-0.590012,SYC,USA,610452
7130230,212,231,7678,1998,7635.0,0.0,-0.807312,-0.626358,SYR,USA,610452
7130231,216,231,7678,1998,1301216.0,0.0,0.128633,1.484142,THA,USA,610452
7130232,223,231,7678,1998,4264.0,0.0,-0.21677,-0.08694299999999999,TUN,USA,610452
7130233,224,231,7678,1998,1939840.0,8728.0,0.085286,1.653589,TUR,USA,610452
7130234,228,231,7678,1998,0.0,69374.0,0.880876,0.783668,UKR,USA,610452
7130235,236,231,7678,1998,0.0,3034.0,0.288717,-0.540639,VEN,USA,610452
7130236,246,231,7678,1998,60191.0,3964.0,0.573958,1.3813739999999999,ZAF,USA,610452
7130237,249,231,7678,1998,562071.0,20918.0,1.224725,1.890322,TWN,USA,610452
7130238,6,236,7678,1998,1381.0,0.0,0.666616,-0.224404,ANT,VEN,610452
7130239,32,236,7678,1998,3023.0,0.0,0.768101,1.04589,BRA,VEN,610452
7130240,49,236,7678,1998,28844.0,0.0,0.205004,0.13985899999999998,COL,VEN,610452
7130241,71,236,7678,1998,136280.0,0.0,1.051392,1.983438,ESP,VEN,610452
7130242,77,236,7678,1998,1476.0,0.0,1.707702,0.7784270000000001,FRA,VEN,610452
7130243,97,236,7678,1998,144134.0,0.0,0.46966099999999994,2.5744029999999998,HKG,VEN,610452
7130244,104,236,7678,1998,1137.0,0.0,0.274308,2.316908,IND,VEN,610452
7130245,111,236,7678,1998,30206.0,0.0,1.4532209999999999,1.191124,ITA,VEN,610452
7130246,169,236,7678,1998,107783.0,0.0,0.010123,0.5677949999999999,PAN,VEN,610452
7130247,173,236,7678,1998,1016.0,0.0,-0.35875300000000004,0.042606,PER,VEN,610452
7130248,216,236,7678,1998,2329.0,0.0,0.128633,1.484142,THA,VEN,610452
7130249,231,236,7678,1998,3034.0,0.0,1.8223639999999999,0.761336,USA,VEN,610452
7130250,39,14,7678,1998,2010.0,0.0,1.077343,1.119161,CAN,AUS,610452
7130251,43,14,7678,1998,227223.0,0.0,0.3658,3.231258,CHN,AUS,610452
7130252,61,14,7678,1998,2914.0,4550.0,2.334028,-2.417278,DEU,AUS,610452
7130253,64,14,7678,1998,1514.0,0.0,1.225999,1.470145,DNK,AUS,610452
7130254,75,14,7678,1998,76827.0,0.0,-1.069747,-0.965333,FJI,AUS,610452
7130255,77,14,7678,1998,9709.0,0.0,1.707702,0.7784270000000001,FRA,AUS,610452
7130256,81,14,7678,1998,3450.0,9672.0,1.906738,0.489101,GBR,AUS,610452
7130257,97,14,7678,1998,71473.0,3162.0,0.46966099999999994,2.5744029999999998,HKG,AUS,610452
7130258,103,14,7678,1998,11713.0,0.0,-0.478253,1.350652,IDN,AUS,610452
7130259,104,14,7678,1998,55377.0,0.0,0.274308,2.316908,IND,AUS,610452
7130260,111,14,7678,1998,5728.0,0.0,1.4532209999999999,1.191124,ITA,AUS,610452
7130261,114,14,7678,1998,1414.0,1474.0,2.550442,0.718063,JPN,AUS,610452
7130262,121,14,7678,1998,1657.0,0.0,0.999518,1.106351,KOR,AUS,610452
7130263,128,14,7678,1998,1945.0,0.0,-0.933293,-0.233566,LKA,AUS,610452
7130264,133,14,7678,1998,5839.0,0.0,-0.21838000000000002,-0.370322,MAC,AUS,610452
7130265,156,14,7678,1998,0.0,6267.0,-0.846726,-0.879084,NCL,AUS,610452
7130266,166,14,7678,1998,143001.0,147254.0,0.5690529999999999,0.7752060000000001,NZL,AUS,610452
7130267,173,14,7678,1998,0.0,2429.0,-0.35875300000000004,0.042606,PER,AUS,610452
7130268,176,14,7678,1998,0.0,1100.0,-2.060952,-1.237969,PNG,AUS,610452
7130269,192,14,7678,1998,6786.0,10443.0,1.0029709999999998,0.506545,SGP,AUS,610452
7130270,216,14,7678,1998,23608.0,0.0,0.128633,1.484142,THA,AUS,610452
7130271,224,14,7678,1998,1530.0,0.0,0.085286,1.653589,TUR,AUS,610452
7130272,231,14,7678,1998,9974.0,163276.0,1.8223639999999999,0.761336,USA,AUS,610452
7130273,239,14,7678,1998,4329.0,0.0,-0.9395469999999999,0.060697,VNM,AUS,610452
7130274,250,14,7678,1998,1725.0,0.0,1.144164,1.187425,ANS,AUS,610452
7130275,18,22,7678,1998,0.0,19396.0,1.4740739999999999,1.2530430000000001,BEL,BGD,610452
7130276,61,22,7678,1998,0.0,19741.0,2.334028,-2.417278,DEU,BGD,610452
7130277,64,22,7678,1998,0.0,28604.0,1.225999,1.470145,DNK,BGD,610452
7130278,77,22,7678,1998,0.0,27359.0,1.707702,0.7784270000000001,FRA,BGD,610452
7130279,81,22,7678,1998,0.0,21189.0,1.906738,0.489101,GBR,BGD,610452
7130280,111,22,7678,1998,0.0,1912.0,1.4532209999999999,1.191124,ITA,BGD,610452
7130281,162,22,7678,1998,0.0,38646.0,1.248469,1.683182,NLD,BGD,610452
7130282,216,22,7678,1998,1178.0,0.0,0.128633,1.484142,THA,BGD,610452
7130283,231,22,7678,1998,0.0,305679.0,1.8223639999999999,0.761336,USA,BGD,610452
7130284,15,23,7678,1998,0.0,1576.0,1.891966,0.508137,AUT,BGR,610452
7130285,59,23,7678,1998,0.0,801.0,1.36345,1.408508,CZE,BGR,610452
7130286,61,23,7678,1998,2915.0,7239.0,2.334028,-2.417278,DEU,BGR,610452
7130287,64,23,7678,1998,0.0,21264.0,1.225999,1.470145,DNK,BGR,610452
7130288,81,23,7678,1998,1866.0,0.0,1.906738,0.489101,GBR,BGR,610452
7130289,90,23,7678,1998,105721.0,175993.0,0.183835,1.1512790000000002,GRC,BGR,610452
7130290,102,23,7678,1998,1772.0,0.0,0.780392,1.450701,HUN,BGR,610452
7130291,130,23,7678,1998,0.0,2327.0,0.27073,0.692656,LTU,BGR,610452
7130292,162,23,7678,1998,0.0,4929.0,1.248469,1.683182,NLD,BGR,610452
7130293,224,23,7678,1998,105013.0,0.0,0.085286,1.653589,TUR,BGR,610452
7130294,231,23,7678,1998,0.0,7670.0,1.8223639999999999,0.761336,USA,BGR,610452
7130295,18,28,7678,1998,989.0,0.0,1.4740739999999999,1.2530430000000001,BEL,BLR,610452
7130296,61,28,7678,1998,0.0,1803.0,2.334028,-2.417278,DEU,BLR,610452
7130297,8,32,7678,1998,2302.0,42920.0,0.272015,0.45031099999999996,ARG,BRA,610452
7130298,31,32,7678,1998,0.0,16391.0,-0.49860699999999997,-0.748521,BOL,BRA,610452
7130299,42,32,7678,1998,0.0,1998.0,0.029706,-0.061149,CHL,BRA,610452
7130300,43,32,7678,1998,5399.0,0.0,0.3658,3.231258,CHN,BRA,610452
7130301,61,32,7678,1998,0.0,80333.0,2.334028,-2.417278,DEU,BRA,610452
7130302,77,32,7678,1998,12167.0,0.0,1.707702,0.7784270000000001,FRA,BRA,610452
7130303,83,32,7678,1998,0.0,1275.0,-1.215123,-1.0427620000000002,GHA,BRA,610452
7130304,103,32,7678,1998,1899.0,0.0,-0.478253,1.350652,IDN,BRA,610452
7130305,104,32,7678,1998,10924.0,0.0,0.274308,2.316908,IND,BRA,610452
7130306,111,32,7678,1998,7454.0,0.0,1.4532209999999999,1.191124,ITA,BRA,610452
7130307,114,32,7678,1998,0.0,17945.0,2.550442,0.718063,JPN,BRA,610452
7130308,121,32,7678,1998,19150.0,0.0,0.999518,1.106351,KOR,BRA,610452
7130309,134,32,7678,1998,5196.0,0.0,-0.7299479999999999,-0.23758200000000002,MAR,BRA,610452
7130310,179,32,7678,1998,0.0,1141.0,0.39771999999999996,1.303603,PRT,BRA,610452
7130311,180,32,7678,1998,0.0,7084.0,-0.204539,-0.766486,PRY,BRA,610452
7130312,206,32,7678,1998,0.0,1531.0,1.202453,1.228204,SVK,BRA,610452
7130313,216,32,7678,1998,9628.0,0.0,0.128633,1.484142,THA,BRA,610452
7130314,230,32,7678,1998,0.0,18737.0,0.323022,0.293694,URY,BRA,610452
7130315,231,32,7678,1998,24443.0,125903.0,1.8223639999999999,0.761336,USA,BRA,610452
7130316,236,32,7678,1998,0.0,3023.0,0.288717,-0.540639,VEN,BRA,610452
7130317,250,32,7678,1998,0.0,1341.0,1.144164,1.187425,ANS,BRA,610452
7130318,97,34,7678,1998,3202.0,0.0,0.46966099999999994,2.5744029999999998,HKG,BRN,610452
7130319,103,34,7678,1998,35590.0,0.0,-0.478253,1.350652,IDN,BRN,610452
7130320,153,34,7678,1998,6273.0,0.0,0.396826,0.203792,MYS,BRN,610452
7130321,192,34,7678,1998,61673.0,0.0,1.0029709999999998,0.506545,SGP,BRN,610452
7130322,249,34,7678,1998,2954.0,0.0,1.224725,1.890322,TWN,BRN,610452
7130323,14,39,7678,1998,0.0,2010.0,0.375317,0.8864629999999999,AUS,CAN,610452
7130324,15,39,7678,1998,1449.0,1216.0,1.891966,0.508137,AUT,CAN,610452
7130325,43,39,7678,1998,65718.0,0.0,0.3658,3.231258,CHN,CAN,610452
7130326,52,39,7678,1998,2997.0,0.0,-0.26046199999999997,-0.059391,CRI,CAN,610452
7130327,61,39,7678,1998,27850.0,0.0,2.334028,-2.417278,DEU,CAN,610452
7130328,64,39,7678,1998,60236.0,0.0,1.225999,1.470145,DNK,CAN,610452
7130329,68,39,7678,1998,2043.0,0.0,-0.462755,0.079802,EGY,CAN,610452
7130330,71,39,7678,1998,2613.0,0.0,1.051392,1.983438,ESP,CAN,610452
7130331,77,39,7678,1998,15176.0,0.0,1.707702,0.7784270000000001,FRA,CAN,610452
7130332,81,39,7678,1998,2837.0,21623.0,1.906738,0.489101,GBR,CAN,610452
7130333,90,39,7678,1998,1151.0,0.0,0.183835,1.1512790000000002,GRC,CAN,610452
7130334,97,39,7678,1998,246370.0,0.0,0.46966099999999994,2.5744029999999998,HKG,CAN,610452
7130335,100,39,7678,1998,4360.0,0.0,0.692779,0.9919530000000001,HRV,CAN,610452
7130336,103,39,7678,1998,5999.0,0.0,-0.478253,1.350652,IDN,CAN,610452
7130337,104,39,7678,1998,37589.0,0.0,0.274308,2.316908,IND,CAN,610452
7130338,110,39,7678,1998,1949.0,0.0,1.2643739999999999,0.958475,ISR,CAN,610452
7130339,111,39,7678,1998,4374.0,0.0,1.4532209999999999,1.191124,ITA,CAN,610452
7130340,114,39,7678,1998,2818.0,0.0,2.550442,0.718063,JPN,CAN,610452
7130341,121,39,7678,1998,62455.0,0.0,0.999518,1.106351,KOR,CAN,610452
7130342,128,39,7678,1998,10972.0,0.0,-0.933293,-0.233566,LKA,CAN,610452
7130343,130,39,7678,1998,1913.0,0.0,0.27073,0.692656,LTU,CAN,610452
7130344,133,39,7678,1998,59158.0,0.0,-0.21838000000000002,-0.370322,MAC,CAN,610452
7130345,153,39,7678,1998,4185.0,0.0,0.396826,0.203792,MYS,CAN,610452
7130346,164,39,7678,1998,3149.0,0.0,-0.634124,-0.279031,NPL,CAN,610452
7130347,173,39,7678,1998,1095.0,0.0,-0.35875300000000004,0.042606,PER,CAN,610452
7130348,174,39,7678,1998,8123.0,0.0,-0.262725,-0.075781,PHL,CAN,610452
7130349,179,39,7678,1998,2846.0,0.0,0.39771999999999996,1.303603,PRT,CAN,610452
7130350,192,39,7678,1998,1946.0,0.0,1.0029709999999998,0.506545,SGP,CAN,610452
7130351,197,39,7678,1998,11964.0,0.0,-0.202965,-0.000499,SLV,CAN,610452
7130352,208,39,7678,1998,1769.0,0.0,2.134076,0.9259729999999999,SWE,CAN,610452
7130353,216,39,7678,1998,41403.0,0.0,0.128633,1.484142,THA,CAN,610452
7130354,224,39,7678,1998,7203.0,0.0,0.085286,1.653589,TUR,CAN,610452
7130355,231,39,7678,1998,352077.0,977624.0,1.8223639999999999,0.761336,USA,CAN,610452
7130356,249,39,7678,1998,49609.0,0.0,1.224725,1.890322,TWN,CAN,610452
7130357,250,39,7678,1998,58418.0,0.0,1.144164,1.187425,ANS,CAN,610452
7130358,15,41,7678,1998,17770.0,4952.0,1.891966,0.508137,AUT,CHE,610452
7130359,18,41,7678,1998,23136.0,1435.0,1.4740739999999999,1.2530430000000001,BEL,CHE,610452
7130360,43,41,7678,1998,170045.0,0.0,0.3658,3.231258,CHN,CHE,610452
7130361,61,41,7678,1998,708027.0,12962.0,2.334028,-2.417278,DEU,CHE,610452
7130362,64,41,7678,1998,118498.0,0.0,1.225999,1.470145,DNK,CHE,610452
7130363,71,41,7678,1998,5699.0,0.0,1.051392,1.983438,ESP,CHE,610452
7130364,72,41,7678,1998,1615.0,0.0,0.53408,1.07691,EST,CHE,610452
7130365,74,41,7678,1998,6591.0,0.0,2.003987,0.995725,FIN,CHE,610452
7130366,77,41,7678,1998,140417.0,25521.0,1.707702,0.7784270000000001,FRA,CHE,610452
7130367,81,41,7678,1998,13409.0,24518.0,1.906738,0.489101,GBR,CHE,610452
7130368,90,41,7678,1998,22455.0,1876.0,0.183835,1.1512790000000002,GRC,CHE,610452
7130369,97,41,7678,1998,60792.0,0.0,0.46966099999999994,2.5744029999999998,HKG,CHE,610452
7130370,102,41,7678,1998,12685.0,1929.0,0.780392,1.450701,HUN,CHE,610452
7130371,103,41,7678,1998,13573.0,0.0,-0.478253,1.350652,IDN,CHE,610452
7130372,104,41,7678,1998,124611.0,0.0,0.274308,2.316908,IND,CHE,610452
7130373,111,41,7678,1998,25249.0,15565.0,1.4532209999999999,1.191124,ITA,CHE,610452
7130374,114,41,7678,1998,1228.0,4989.0,2.550442,0.718063,JPN,CHE,610452
7130375,121,41,7678,1998,7203.0,0.0,0.999518,1.106351,KOR,CHE,610452
7130376,130,41,7678,1998,2550.0,0.0,0.27073,0.692656,LTU,CHE,610452
7130377,133,41,7678,1998,1567.0,0.0,-0.21838000000000002,-0.370322,MAC,CHE,610452
7130378,151,41,7678,1998,3942.0,0.0,-0.621599,-0.755795,MUS,CHE,610452
7130379,153,41,7678,1998,3207.0,0.0,0.396826,0.203792,MYS,CHE,610452
7130380,162,41,7678,1998,8097.0,4609.0,1.248469,1.683182,NLD,CHE,610452
7130381,174,41,7678,1998,2139.0,0.0,-0.262725,-0.075781,PHL,CHE,610452
7130382,179,41,7678,1998,27353.0,2041.0,0.39771999999999996,1.303603,PRT,CHE,610452
7130383,192,41,7678,1998,2145.0,0.0,1.0029709999999998,0.506545,SGP,CHE,610452
7130384,206,41,7678,1998,0.0,4941.0,1.202453,1.228204,SVK,CHE,610452
7130385,207,41,7678,1998,0.0,961.0,1.442955,1.27214,SVN,CHE,610452
7130386,208,41,7678,1998,7825.0,0.0,2.134076,0.9259729999999999,SWE,CHE,610452
7130387,216,41,7678,1998,11107.0,0.0,0.128633,1.484142,THA,CHE,610452
7130388,223,41,7678,1998,1729.0,0.0,-0.21677,-0.08694299999999999,TUN,CHE,610452
7130389,224,41,7678,1998,97236.0,0.0,0.085286,1.653589,TUR,CHE,610452
7130390,231,41,7678,1998,3502.0,5362.0,1.8223639999999999,0.761336,USA,CHE,610452
7130391,15,59,7678,1998,16631.0,5606.0,1.891966,0.508137,AUT,CZE,610452
7130392,23,59,7678,1998,801.0,0.0,0.382782,1.5844479999999999,BGR,CZE,610452
7130393,43,59,7678,1998,2347.0,0.0,0.3658,3.231258,CHN,CZE,610452
7130394,61,59,7678,1998,45895.0,156588.0,2.334028,-2.417278,DEU,CZE,610452
7130395,64,59,7678,1998,3197.0,0.0,1.225999,1.470145,DNK,CZE,610452
7130396,68,59,7678,1998,1202.0,0.0,-0.462755,0.079802,EGY,CZE,610452
7130397,77,59,7678,1998,5672.0,0.0,1.707702,0.7784270000000001,FRA,CZE,610452
7130398,81,59,7678,1998,3193.0,0.0,1.906738,0.489101,GBR,CZE,610452
7130399,97,59,7678,1998,6741.0,0.0,0.46966099999999994,2.5744029999999998,HKG,CZE,610452
7130400,102,59,7678,1998,883.0,0.0,0.780392,1.450701,HUN,CZE,610452
7130401,103,59,7678,1998,1791.0,0.0,-0.478253,1.350652,IDN,CZE,610452
7130402,104,59,7678,1998,1028.0,0.0,0.274308,2.316908,IND,CZE,610452
7130403,111,59,7678,1998,9106.0,4348.0,1.4532209999999999,1.191124,ITA,CZE,610452
7130404,162,59,7678,1998,3386.0,0.0,1.248469,1.683182,NLD,CZE,610452
7130405,177,59,7678,1998,26082.0,2567.0,0.8638309999999999,1.8881299999999999,POL,CZE,610452
7130406,179,59,7678,1998,950.0,0.0,0.39771999999999996,1.303603,PRT,CZE,610452
7130407,189,59,7678,1998,3799.0,0.0,0.603733,1.535453,SCG,CZE,610452
7130408,206,59,7678,1998,13320.0,28936.0,1.202453,1.228204,SVK,CZE,610452
7130409,208,59,7678,1998,2128.0,0.0,2.134076,0.9259729999999999,SWE,CZE,610452
7130410,224,59,7678,1998,10853.0,0.0,0.085286,1.653589,TUR,CZE,610452
7130411,231,59,7678,1998,11066.0,0.0,1.8223639999999999,0.761336,USA,CZE,610452
7130412,239,59,7678,1998,1506.0,0.0,-0.9395469999999999,0.060697,VNM,CZE,610452
7130413,250,59,7678,1998,3220.0,0.0,1.144164,1.187425,ANS,CZE,610452
7130414,81,66,7678,1998,129990.0,0.0,1.906738,0.489101,GBR,DZA,610452
7130415,224,66,7678,1998,11656.0,0.0,0.085286,1.653589,TUR,DZA,610452
7130416,39,68,7678,1998,0.0,2043.0,1.077343,1.119161,CAN,EGY,610452
7130417,43,68,7678,1998,8639.0,0.0,0.3658,3.231258,CHN,EGY,610452
7130418,59,68,7678,1998,0.0,1202.0,1.36345,1.408508,CZE,EGY,610452
7130419,61,68,7678,1998,962.0,12521.0,2.334028,-2.417278,DEU,EGY,610452
7130420,64,68,7678,1998,0.0,14898.0,1.225999,1.470145,DNK,EGY,610452
7130421,71,68,7678,1998,0.0,6514.0,1.051392,1.983438,ESP,EGY,610452
7130422,77,68,7678,1998,0.0,1251.0,1.707702,0.7784270000000001,FRA,EGY,610452
7130423,81,68,7678,1998,0.0,12273.0,1.906738,0.489101,GBR,EGY,610452
7130424,162,68,7678,1998,0.0,6913.0,1.248469,1.683182,NLD,EGY,610452
7130425,163,68,7678,1998,0.0,3710.0,1.1660190000000001,0.43901899999999994,NOR,EGY,610452
7130426,208,68,7678,1998,0.0,23021.0,2.134076,0.9259729999999999,SWE,EGY,610452
7130427,224,68,7678,1998,250570.0,0.0,0.085286,1.653589,TUR,EGY,610452
7130428,231,68,7678,1998,0.0,54944.0,1.8223639999999999,0.761336,USA,EGY,610452
7130429,15,72,7678,1998,0.0,4003.0,1.891966,0.508137,AUT,EST,610452
7130430,41,72,7678,1998,0.0,1615.0,2.252965,0.561806,CHE,EST,610452
7130431,43,72,7678,1998,3471.0,0.0,0.3658,3.231258,CHN,EST,610452
7130432,61,72,7678,1998,0.0,13920.0,2.334028,-2.417278,DEU,EST,610452
7130433,64,72,7678,1998,0.0,1984.0,1.225999,1.470145,DNK,EST,610452
7130434,74,72,7678,1998,25906.0,39248.0,2.003987,0.995725,FIN,EST,610452
7130435,81,72,7678,1998,816.0,1527.0,1.906738,0.489101,GBR,EST,610452
7130436,97,72,7678,1998,2941.0,0.0,0.46966099999999994,2.5744029999999998,HKG,EST,610452
7130437,132,72,7678,1998,0.0,2342.0,0.322473,0.388421,LVA,EST,610452
7130438,162,72,7678,1998,0.0,3667.0,1.248469,1.683182,NLD,EST,610452
7130439,163,72,7678,1998,0.0,17516.0,1.1660190000000001,0.43901899999999994,NOR,EST,610452
7130440,208,72,7678,1998,45523.0,372612.0,2.134076,0.9259729999999999,SWE,EST,610452
7130441,224,72,7678,1998,1680.0,0.0,0.085286,1.653589,TUR,EST,610452
7130442,228,72,7678,1998,0.0,1081.0,0.880876,0.783668,UKR,EST,610452
7130443,231,72,7678,1998,2315.0,0.0,1.8223639999999999,0.761336,USA,EST,610452
7130444,250,72,7678,1998,6405.0,0.0,1.144164,1.187425,ANS,EST,610452
7130445,32,83,7678,1998,1275.0,0.0,0.768101,1.04589,BRA,GHA,610452
7130446,81,83,7678,1998,2404.0,0.0,1.906738,0.489101,GBR,GHA,610452
7130447,97,83,7678,1998,5131.0,0.0,0.46966099999999994,2.5744029999999998,HKG,GHA,610452
7130448,192,83,7678,1998,4957.0,0.0,1.0029709999999998,0.506545,SGP,GHA,610452
7130449,216,83,7678,1998,4853.0,0.0,0.128633,1.484142,THA,GHA,610452
7130450,15,102,7678,1998,3741.0,935.0,1.891966,0.508137,AUT,HUN,610452
7130451,23,102,7678,1998,0.0,1772.0,0.382782,1.5844479999999999,BGR,HUN,610452
7130452,41,102,7678,1998,1929.0,12685.0,2.252965,0.561806,CHE,HUN,610452
7130453,43,102,7678,1998,8341.0,0.0,0.3658,3.231258,CHN,HUN,610452
7130454,59,102,7678,1998,0.0,883.0,1.36345,1.408508,CZE,HUN,610452
7130455,61,102,7678,1998,34542.0,191376.0,2.334028,-2.417278,DEU,HUN,610452
7130456,64,102,7678,1998,1546.0,0.0,1.225999,1.470145,DNK,HUN,610452
7130457,74,102,7678,1998,0.0,1618.0,2.003987,0.995725,FIN,HUN,610452
7130458,77,102,7678,1998,981.0,24118.0,1.707702,0.7784270000000001,FRA,HUN,610452
7130459,81,102,7678,1998,5485.0,0.0,1.906738,0.489101,GBR,HUN,610452
7130460,90,102,7678,1998,0.0,744.0,0.183835,1.1512790000000002,GRC,HUN,610452
7130461,104,102,7678,1998,12931.0,0.0,0.274308,2.316908,IND,HUN,610452
7130462,111,102,7678,1998,10156.0,49071.0,1.4532209999999999,1.191124,ITA,HUN,610452
7130463,114,102,7678,1998,0.0,18601.0,2.550442,0.718063,JPN,HUN,610452
7130464,162,102,7678,1998,0.0,1957.0,1.248469,1.683182,NLD,HUN,610452
7130465,163,102,7678,1998,2222.0,0.0,1.1660190000000001,0.43901899999999994,NOR,HUN,610452
7130466,177,102,7678,1998,8380.0,6501.0,0.8638309999999999,1.8881299999999999,POL,HUN,610452
7130467,185,102,7678,1998,0.0,958.0,0.315392,0.961176,ROU,HUN,610452
7130468,186,102,7678,1998,0.0,948.0,0.93909,0.59719,RUS,HUN,610452
7130469,208,102,7678,1998,2189.0,2845.0,2.134076,0.9259729999999999,SWE,HUN,610452
7130470,224,102,7678,1998,34968.0,0.0,0.085286,1.653589,TUR,HUN,610452
7130471,231,102,7678,1998,0.0,20435.0,1.8223639999999999,0.761336,USA,HUN,610452
7130472,249,102,7678,1998,0.0,4749.0,1.224725,1.890322,TWN,HUN,610452
7130473,7,104,7678,1998,0.0,209732.0,-0.274973,-0.481405,ARE,IND,610452
7130474,8,104,7678,1998,0.0,4227.0,0.272015,0.45031099999999996,ARG,IND,610452
7130475,14,104,7678,1998,0.0,55377.0,0.375317,0.8864629999999999,AUS,IND,610452
7130476,15,104,7678,1998,0.0,19640.0,1.891966,0.508137,AUT,IND,610452
7130477,18,104,7678,1998,0.0,49272.0,1.4740739999999999,1.2530430000000001,BEL,IND,610452
7130478,24,104,7678,1998,0.0,50243.0,-0.044219,-0.859931,BHR,IND,610452
7130479,25,104,7678,1998,0.0,812.0,1.090167,0.25353000000000003,BHS,IND,610452
7130480,32,104,7678,1998,0.0,10924.0,0.768101,1.04589,BRA,IND,610452
7130481,39,104,7678,1998,0.0,37589.0,1.077343,1.119161,CAN,IND,610452
7130482,41,104,7678,1998,0.0,124611.0,2.252965,0.561806,CHE,IND,610452
7130483,42,104,7678,1998,0.0,5557.0,0.029706,-0.061149,CHL,IND,610452
7130484,44,104,7678,1998,0.0,2141.0,-0.75115,-0.753865,CIV,IND,610452
7130485,52,104,7678,1998,0.0,979.0,-0.26046199999999997,-0.059391,CRI,IND,610452
7130486,59,104,7678,1998,0.0,1028.0,1.36345,1.408508,CZE,IND,610452
7130487,61,104,7678,1998,0.0,147156.0,2.334028,-2.417278,DEU,IND,610452
7130488,64,104,7678,1998,0.0,73997.0,1.225999,1.470145,DNK,IND,610452
7130489,71,104,7678,1998,0.0,62659.0,1.051392,1.983438,ESP,IND,610452
7130490,73,104,7678,1998,0.0,1527.0,-1.279819,-1.158182,ETH,IND,610452
7130491,74,104,7678,1998,0.0,18437.0,2.003987,0.995725,FIN,IND,610452
7130492,75,104,7678,1998,0.0,2134.0,-1.069747,-0.965333,FJI,IND,610452
7130493,77,104,7678,1998,0.0,80931.0,1.707702,0.7784270000000001,FRA,IND,610452
7130494,81,104,7678,1998,0.0,309096.0,1.906738,0.489101,GBR,IND,610452
7130495,90,104,7678,1998,0.0,21557.0,0.183835,1.1512790000000002,GRC,IND,610452
7130496,97,104,7678,1998,0.0,194379.0,0.46966099999999994,2.5744029999999998,HKG,IND,610452
7130497,102,104,7678,1998,0.0,12931.0,0.780392,1.450701,HUN,IND,610452
7130498,106,104,7678,1998,0.0,3761.0,1.451067,0.654442,IRL,IND,610452
7130499,109,104,7678,1998,0.0,530.0,0.18141300000000002,-0.47993500000000006,ISL,IND,610452
7130500,110,104,7678,1998,0.0,3362.0,1.2643739999999999,0.958475,ISR,IND,610452
7130501,111,104,7678,1998,0.0,25609.0,1.4532209999999999,1.191124,ITA,IND,610452
7130502,114,104,7678,1998,0.0,57613.0,2.550442,0.718063,JPN,IND,610452
7130503,121,104,7678,1998,0.0,964.0,0.999518,1.106351,KOR,IND,610452
7130504,128,104,7678,1998,0.0,3817.0,-0.933293,-0.233566,LKA,IND,610452
7130505,137,104,7678,1998,0.0,347.0,-1.4121629999999998,-1.084394,MDV,IND,610452
7130506,138,104,7678,1998,0.0,5684.0,0.525671,0.880649,MEX,IND,610452
7130507,142,104,7678,1998,0.0,738.0,0.919593,-0.071451,MLT,IND,610452
7130508,151,104,7678,1998,0.0,1466.0,-0.621599,-0.755795,MUS,IND,610452
7130509,153,104,7678,1998,0.0,2322.0,0.396826,0.203792,MYS,IND,610452
7130510,159,104,7678,1998,0.0,5700.0,-1.484229,-1.144092,NGA,IND,610452
7130511,162,104,7678,1998,0.0,137359.0,1.248469,1.683182,NLD,IND,610452
7130512,163,104,7678,1998,0.0,15261.0,1.1660190000000001,0.43901899999999994,NOR,IND,610452
7130513,166,104,7678,1998,0.0,27245.0,0.5690529999999999,0.7752060000000001,NZL,IND,610452
7130514,173,104,7678,1998,0.0,3328.0,-0.35875300000000004,0.042606,PER,IND,610452
7130515,176,104,7678,1998,0.0,12069.0,-2.060952,-1.237969,PNG,IND,610452
7130516,177,104,7678,1998,0.0,15039.0,0.8638309999999999,1.8881299999999999,POL,IND,610452
7130517,186,104,7678,1998,0.0,12495.0,0.93909,0.59719,RUS,IND,610452
7130518,188,104,7678,1998,0.0,34493.0,0.521849,-0.7550899999999999,SAU,IND,610452
7130519,192,104,7678,1998,0.0,6069.0,1.0029709999999998,0.506545,SGP,IND,610452
7130520,208,104,7678,1998,0.0,136721.0,2.134076,0.9259729999999999,SWE,IND,610452
7130521,216,104,7678,1998,995.0,0.0,0.128633,1.484142,THA,IND,610452
7130522,226,104,7678,1998,0.0,16740.0,-0.972823,-0.428149,TZA,IND,610452
7130523,231,104,7678,1998,0.0,464533.0,1.8223639999999999,0.761336,USA,IND,610452
7130524,236,104,7678,1998,0.0,1137.0,0.288717,-0.540639,VEN,IND,610452
7130525,246,104,7678,1998,0.0,2047.0,0.573958,1.3813739999999999,ZAF,IND,610452
7130526,249,104,7678,1998,0.0,1820.0,1.224725,1.890322,TWN,IND,610452
7130527,61,107,7678,1998,0.0,3466.0,2.334028,-2.417278,DEU,IRN,610452
7130528,192,107,7678,1998,1311.0,0.0,1.0029709999999998,0.506545,SGP,IRN,610452
7130529,61,113,7678,1998,929.0,0.0,2.334028,-2.417278,DEU,JOR,610452
7130530,81,113,7678,1998,24332.0,0.0,1.906738,0.489101,GBR,JOR,610452
7130531,110,113,7678,1998,2445.0,0.0,1.2643739999999999,0.958475,ISR,JOR,610452
7130532,216,113,7678,1998,1703.0,0.0,0.128633,1.484142,THA,JOR,610452
7130533,224,113,7678,1998,9902.0,0.0,0.085286,1.653589,TUR,JOR,610452
7130534,14,114,7678,1998,1474.0,1414.0,0.375317,0.8864629999999999,AUS,JPN,610452
7130535,15,114,7678,1998,2371.0,0.0,1.891966,0.508137,AUT,JPN,610452
7130536,18,114,7678,1998,14333.0,0.0,1.4740739999999999,1.2530430000000001,BEL,JPN,610452
7130537,32,114,7678,1998,17945.0,0.0,0.768101,1.04589,BRA,JPN,610452
7130538,39,114,7678,1998,0.0,2818.0,1.077343,1.119161,CAN,JPN,610452
7130539,41,114,7678,1998,4989.0,1228.0,2.252965,0.561806,CHE,JPN,610452
7130540,43,114,7678,1998,3723258.0,5534.0,0.3658,3.231258,CHN,JPN,610452
7130541,58,114,7678,1998,3675.0,4325.0,0.45990600000000004,0.41840299999999997,CYP,JPN,610452
7130542,61,114,7678,1998,45287.0,8136.0,2.334028,-2.417278,DEU,JPN,610452
7130543,64,114,7678,1998,12578.0,0.0,1.225999,1.470145,DNK,JPN,610452
7130544,71,114,7678,1998,10822.0,2616.0,1.051392,1.983438,ESP,JPN,610452
7130545,74,114,7678,1998,1458.0,0.0,2.003987,0.995725,FIN,JPN,610452
7130546,77,114,7678,1998,41025.0,7171.0,1.707702,0.7784270000000001,FRA,JPN,610452
7130547,81,114,7678,1998,149255.0,2100.0,1.906738,0.489101,GBR,JPN,610452
7130548,97,114,7678,1998,103784.0,147941.0,0.46966099999999994,2.5744029999999998,HKG,JPN,610452
7130549,102,114,7678,1998,18601.0,0.0,0.780392,1.450701,HUN,JPN,610452
7130550,103,114,7678,1998,77751.0,0.0,-0.478253,1.350652,IDN,JPN,610452
7130551,104,114,7678,1998,57613.0,0.0,0.274308,2.316908,IND,JPN,610452
7130552,111,114,7678,1998,297646.0,3621.0,1.4532209999999999,1.191124,ITA,JPN,610452
7130553,118,114,7678,1998,4496.0,0.0,-1.626686,-1.307157,KHM,JPN,610452
7130554,121,114,7678,1998,3166934.0,10620.0,0.999518,1.106351,KOR,JPN,610452
7130555,128,114,7678,1998,10159.0,0.0,-0.933293,-0.233566,LKA,JPN,610452
7130556,133,114,7678,1998,111392.0,0.0,-0.21838000000000002,-0.370322,MAC,JPN,610452
7130557,134,114,7678,1998,1045.0,0.0,-0.7299479999999999,-0.23758200000000002,MAR,JPN,610452
7130558,153,114,7678,1998,7504.0,0.0,0.396826,0.203792,MYS,JPN,610452
7130559,162,114,7678,1998,1798.0,0.0,1.248469,1.683182,NLD,JPN,610452
7130560,166,114,7678,1998,0.0,1559.0,0.5690529999999999,0.7752060000000001,NZL,JPN,610452
7130561,174,114,7678,1998,1849.0,0.0,-0.262725,-0.075781,PHL,JPN,610452
7130562,179,114,7678,1998,2641.0,0.0,0.39771999999999996,1.303603,PRT,JPN,610452
7130563,185,114,7678,1998,6045.0,0.0,0.315392,0.961176,ROU,JPN,610452
7130564,192,114,7678,1998,13674.0,8707.0,1.0029709999999998,0.506545,SGP,JPN,610452
7130565,216,114,7678,1998,292052.0,0.0,0.128633,1.484142,THA,JPN,610452
7130566,224,114,7678,1998,25495.0,0.0,0.085286,1.653589,TUR,JPN,610452
7130567,231,114,7678,1998,62745.0,18096.0,1.8223639999999999,0.761336,USA,JPN,610452
7130568,239,114,7678,1998,32003.0,0.0,-0.9395469999999999,0.060697,VNM,JPN,610452
7130569,249,114,7678,1998,1592.0,45704.0,1.224725,1.890322,TWN,JPN,610452
7130570,15,130,7678,1998,0.0,5457.0,1.891966,0.508137,AUT,LTU,610452
7130571,23,130,7678,1998,2327.0,0.0,0.382782,1.5844479999999999,BGR,LTU,610452
7130572,39,130,7678,1998,0.0,1913.0,1.077343,1.119161,CAN,LTU,610452
7130573,41,130,7678,1998,0.0,2550.0,2.252965,0.561806,CHE,LTU,610452
7130574,61,130,7678,1998,1041.0,156527.0,2.334028,-2.417278,DEU,LTU,610452
7130575,64,130,7678,1998,352046.0,578258.0,1.225999,1.470145,DNK,LTU,610452
7130576,77,130,7678,1998,1671.0,4557.0,1.707702,0.7784270000000001,FRA,LTU,610452
7130577,81,130,7678,1998,0.0,3881.0,1.906738,0.489101,GBR,LTU,610452
7130578,111,130,7678,1998,1312.0,0.0,1.4532209999999999,1.191124,ITA,LTU,610452
7130579,162,130,7678,1998,0.0,12266.0,1.248469,1.683182,NLD,LTU,610452
7130580,163,130,7678,1998,0.0,20331.0,1.1660190000000001,0.43901899999999994,NOR,LTU,610452
7130581,177,130,7678,1998,3609.0,0.0,0.8638309999999999,1.8881299999999999,POL,LTU,610452
7130582,208,130,7678,1998,0.0,32226.0,2.134076,0.9259729999999999,SWE,LTU,610452
7130583,224,130,7678,1998,82399.0,0.0,0.085286,1.653589,TUR,LTU,610452
7130584,231,130,7678,1998,0.0,66119.0,1.8223639999999999,0.761336,USA,LTU,610452
7130585,18,132,7678,1998,99473.0,0.0,1.4740739999999999,1.2530430000000001,BEL,LVA,610452
7130586,43,132,7678,1998,741.0,0.0,0.3658,3.231258,CHN,LVA,610452
7130587,61,132,7678,1998,2020.0,33698.0,2.334028,-2.417278,DEU,LVA,610452
7130588,64,132,7678,1998,55480.0,104284.0,1.225999,1.470145,DNK,LVA,610452
7130589,72,132,7678,1998,2342.0,0.0,0.53408,1.07691,EST,LVA,610452
7130590,74,132,7678,1998,0.0,6546.0,2.003987,0.995725,FIN,LVA,610452
7130591,77,132,7678,1998,1280.0,0.0,1.707702,0.7784270000000001,FRA,LVA,610452
7130592,111,132,7678,1998,2339.0,0.0,1.4532209999999999,1.191124,ITA,LVA,610452
7130593,163,132,7678,1998,2086.0,6510.0,1.1660190000000001,0.43901899999999994,NOR,LVA,610452
7130594,208,132,7678,1998,34210.0,78653.0,2.134076,0.9259729999999999,SWE,LVA,610452
7130595,224,132,7678,1998,1095.0,0.0,0.085286,1.653589,TUR,LVA,610452
7130596,231,132,7678,1998,0.0,16739.0,1.8223639999999999,0.761336,USA,LVA,610452
7130597,250,132,7678,1998,5696.0,0.0,1.144164,1.187425,ANS,LVA,610452
7130598,77,142,7678,1998,1076.0,0.0,1.707702,0.7784270000000001,FRA,MLT,610452
7130599,81,142,7678,1998,4037.0,0.0,1.906738,0.489101,GBR,MLT,610452
7130600,104,142,7678,1998,738.0,0.0,0.274308,2.316908,IND,MLT,610452
7130601,111,142,7678,1998,65554.0,0.0,1.4532209999999999,1.191124,ITA,MLT,610452
7130602,162,142,7678,1998,2361.0,0.0,1.248469,1.683182,NLD,MLT,610452
7130603,224,142,7678,1998,2403.0,0.0,0.085286,1.653589,TUR,MLT,610452
7130604,81,167,7678,1998,29586.0,0.0,1.906738,0.489101,GBR,OMN,610452
7130605,216,167,7678,1998,769.0,0.0,0.128633,1.484142,THA,OMN,610452
7130606,15,177,7678,1998,2338.0,32342.0,1.891966,0.508137,AUT,POL,610452
7130607,18,177,7678,1998,0.0,34977.0,1.4740739999999999,1.2530430000000001,BEL,POL,610452
7130608,43,177,7678,1998,3834.0,0.0,0.3658,3.231258,CHN,POL,610452
7130609,59,177,7678,1998,2567.0,26082.0,1.36345,1.408508,CZE,POL,610452
7130610,61,177,7678,1998,71345.0,164337.0,2.334028,-2.417278,DEU,POL,610452
7130611,64,177,7678,1998,1055673.0,1571715.0,1.225999,1.470145,DNK,POL,610452
7130612,74,177,7678,1998,0.0,7932.0,2.003987,0.995725,FIN,POL,610452
7130613,77,177,7678,1998,0.0,72666.0,1.707702,0.7784270000000001,FRA,POL,610452
7130614,81,177,7678,1998,1763.0,0.0,1.906738,0.489101,GBR,POL,610452
7130615,97,177,7678,1998,3942.0,0.0,0.46966099999999994,2.5744029999999998,HKG,POL,610452
7130616,102,177,7678,1998,6501.0,8380.0,0.780392,1.450701,HUN,POL,610452
7130617,104,177,7678,1998,15039.0,0.0,0.274308,2.316908,IND,POL,610452
7130618,111,177,7678,1998,6336.0,41394.0,1.4532209999999999,1.191124,ITA,POL,610452
7130619,130,177,7678,1998,0.0,3609.0,0.27073,0.692656,LTU,POL,610452
7130620,162,177,7678,1998,5173.0,261603.0,1.248469,1.683182,NLD,POL,610452
7130621,163,177,7678,1998,0.0,73024.0,1.1660190000000001,0.43901899999999994,NOR,POL,610452
7130622,186,177,7678,1998,0.0,4502.0,0.93909,0.59719,RUS,POL,610452
7130623,206,177,7678,1998,0.0,2185.0,1.202453,1.228204,SVK,POL,610452
7130624,208,177,7678,1998,5517.0,53637.0,2.134076,0.9259729999999999,SWE,POL,610452
7130625,216,177,7678,1998,8715.0,0.0,0.128633,1.484142,THA,POL,610452
7130626,224,177,7678,1998,797559.0,0.0,0.085286,1.653589,TUR,POL,610452
7130627,250,177,7678,1998,99275.0,106172.0,1.144164,1.187425,ANS,POL,610452
7130628,15,185,7678,1998,0.0,4532.0,1.891966,0.508137,AUT,ROU,610452
7130629,18,185,7678,1998,0.0,8438.0,1.4740739999999999,1.2530430000000001,BEL,ROU,610452
7130630,43,185,7678,1998,1274.0,0.0,0.3658,3.231258,CHN,ROU,610452
7130631,61,185,7678,1998,2959.0,84807.0,2.334028,-2.417278,DEU,ROU,610452
7130632,71,185,7678,1998,0.0,3421.0,1.051392,1.983438,ESP,ROU,610452
7130633,77,185,7678,1998,0.0,80787.0,1.707702,0.7784270000000001,FRA,ROU,610452
7130634,81,185,7678,1998,0.0,106632.0,1.906738,0.489101,GBR,ROU,610452
7130635,100,185,7678,1998,0.0,8938.0,0.692779,0.9919530000000001,HRV,ROU,610452
7130636,102,185,7678,1998,958.0,0.0,0.780392,1.450701,HUN,ROU,610452
7130637,111,185,7678,1998,31586.0,79674.0,1.4532209999999999,1.191124,ITA,ROU,610452
7130638,114,185,7678,1998,0.0,6045.0,2.550442,0.718063,JPN,ROU,610452
7130639,162,185,7678,1998,0.0,5726.0,1.248469,1.683182,NLD,ROU,610452
7130640,186,185,7678,1998,0.0,2018.0,0.93909,0.59719,RUS,ROU,610452
7130641,207,185,7678,1998,0.0,1250.0,1.442955,1.27214,SVN,ROU,610452
7130642,216,185,7678,1998,790.0,0.0,0.128633,1.484142,THA,ROU,610452
7130643,224,185,7678,1998,74546.0,0.0,0.085286,1.653589,TUR,ROU,610452
7130644,250,185,7678,1998,0.0,36267.0,1.144164,1.187425,ANS,ROU,610452
7130645,15,186,7678,1998,2719.0,0.0,1.891966,0.508137,AUT,RUS,610452
7130646,18,186,7678,1998,4001.0,0.0,1.4740739999999999,1.2530430000000001,BEL,RUS,610452
7130647,43,186,7678,1998,217043.0,0.0,0.3658,3.231258,CHN,RUS,610452
7130648,61,186,7678,1998,71042.0,2818.0,2.334028,-2.417278,DEU,RUS,610452
7130649,64,186,7678,1998,36424.0,0.0,1.225999,1.470145,DNK,RUS,610452
7130650,74,186,7678,1998,10348.0,0.0,2.003987,0.995725,FIN,RUS,610452
7130651,77,186,7678,1998,8965.0,0.0,1.707702,0.7784270000000001,FRA,RUS,610452
7130652,81,186,7678,1998,32831.0,0.0,1.906738,0.489101,GBR,RUS,610452
7130653,102,186,7678,1998,948.0,0.0,0.780392,1.450701,HUN,RUS,610452
7130654,104,186,7678,1998,12495.0,0.0,0.274308,2.316908,IND,RUS,610452
7130655,111,186,7678,1998,38583.0,0.0,1.4532209999999999,1.191124,ITA,RUS,610452
7130656,121,186,7678,1998,14050.0,0.0,0.999518,1.106351,KOR,RUS,610452
7130657,162,186,7678,1998,8604.0,0.0,1.248469,1.683182,NLD,RUS,610452
7130658,177,186,7678,1998,4502.0,0.0,0.8638309999999999,1.8881299999999999,POL,RUS,610452
7130659,185,186,7678,1998,2018.0,0.0,0.315392,0.961176,ROU,RUS,610452
7130660,208,186,7678,1998,8704.0,0.0,2.134076,0.9259729999999999,SWE,RUS,610452
7130661,215,186,7678,1998,12951.0,0.0,-0.8338540000000001,-0.8437020000000001,TGO,RUS,610452
7130662,216,186,7678,1998,11727.0,0.0,0.128633,1.484142,THA,RUS,610452
7130663,224,186,7678,1998,1551941.0,0.0,0.085286,1.653589,TUR,RUS,610452
7130664,231,186,7678,1998,4588.0,27227.0,1.8223639999999999,0.761336,USA,RUS,610452
7130665,237,186,7678,1998,0.0,6769.0,1.06785,-0.03292,VGB,RUS,610452
7130666,15,188,7678,1998,1337.0,0.0,1.891966,0.508137,AUT,SAU,610452
7130667,18,188,7678,1998,1816.0,0.0,1.4740739999999999,1.2530430000000001,BEL,SAU,610452
7130668,24,188,7678,1998,0.0,14847.0,-0.044219,-0.859931,BHR,SAU,610452
7130669,43,188,7678,1998,4817.0,0.0,0.3658,3.231258,CHN,SAU,610452
7130670,61,188,7678,1998,27352.0,0.0,2.334028,-2.417278,DEU,SAU,610452
7130671,77,188,7678,1998,8952.0,0.0,1.707702,0.7784270000000001,FRA,SAU,610452
7130672,81,188,7678,1998,559292.0,0.0,1.906738,0.489101,GBR,SAU,610452
7130673,97,188,7678,1998,19485.0,0.0,0.46966099999999994,2.5744029999999998,HKG,SAU,610452
7130674,103,188,7678,1998,3165.0,0.0,-0.478253,1.350652,IDN,SAU,610452
7130675,104,188,7678,1998,34493.0,0.0,0.274308,2.316908,IND,SAU,610452
7130676,111,188,7678,1998,68947.0,0.0,1.4532209999999999,1.191124,ITA,SAU,610452
7130677,124,188,7678,1998,2426.0,0.0,0.23803200000000002,0.9927860000000001,LBN,SAU,610452
7130678,179,188,7678,1998,2097.0,0.0,0.39771999999999996,1.303603,PRT,SAU,610452
7130679,212,188,7678,1998,3441.0,0.0,-0.807312,-0.626358,SYR,SAU,610452
7130680,216,188,7678,1998,92408.0,0.0,0.128633,1.484142,THA,SAU,610452
7130681,224,188,7678,1998,181423.0,0.0,0.085286,1.653589,TUR,SAU,610452
7130682,249,188,7678,1998,11608.0,0.0,1.224725,1.890322,TWN,SAU,610452
7130683,26,189,7678,1998,0.0,1000.0,0.290661,0.18068299999999998,BIH,SCG,610452
7130684,59,189,7678,1998,0.0,3799.0,1.36345,1.408508,CZE,SCG,610452
7130685,64,189,7678,1998,2934.0,0.0,1.225999,1.470145,DNK,SCG,610452
7130686,77,189,7678,1998,0.0,1512.0,1.707702,0.7784270000000001,FRA,SCG,610452
7130687,90,189,7678,1998,624.0,0.0,0.183835,1.1512790000000002,GRC,SCG,610452
7130688,111,189,7678,1998,892.0,7046.0,1.4532209999999999,1.191124,ITA,SCG,610452
7130689,140,189,7678,1998,0.0,1016.0,0.102559,0.591468,MKD,SCG,610452
7130690,206,189,7678,1998,0.0,2467.0,1.202453,1.228204,SVK,SCG,610452
7130691,14,192,7678,1998,10443.0,6786.0,0.375317,0.8864629999999999,AUS,SGP,610452
7130692,15,192,7678,1998,0.0,2742.0,1.891966,0.508137,AUT,SGP,610452
7130693,34,192,7678,1998,0.0,61673.0,-0.445218,-0.833083,BRN,SGP,610452
7130694,39,192,7678,1998,0.0,1946.0,1.077343,1.119161,CAN,SGP,610452
7130695,41,192,7678,1998,0.0,2145.0,2.252965,0.561806,CHE,SGP,610452
7130696,43,192,7678,1998,117994.0,0.0,0.3658,3.231258,CHN,SGP,610452
7130697,61,192,7678,1998,3833.0,32926.0,2.334028,-2.417278,DEU,SGP,610452
7130698,64,192,7678,1998,4913.0,0.0,1.225999,1.470145,DNK,SGP,610452
7130699,71,192,7678,1998,6788.0,0.0,1.051392,1.983438,ESP,SGP,610452
7130700,77,192,7678,1998,2971.0,7674.0,1.707702,0.7784270000000001,FRA,SGP,610452
7130701,81,192,7678,1998,34863.0,50668.0,1.906738,0.489101,GBR,SGP,610452
7130702,83,192,7678,1998,0.0,4957.0,-1.215123,-1.0427620000000002,GHA,SGP,610452
7130703,85,192,7678,1998,0.0,2075.0,-1.676035,-1.248894,GIN,SGP,610452
7130704,97,192,7678,1998,174468.0,28140.0,0.46966099999999994,2.5744029999999998,HKG,SGP,610452
7130705,104,192,7678,1998,6069.0,0.0,0.274308,2.316908,IND,SGP,610452
7130706,107,192,7678,1998,0.0,1311.0,-0.6626029999999999,-1.0408959999999998,IRN,SGP,610452
7130707,111,192,7678,1998,14220.0,9779.0,1.4532209999999999,1.191124,ITA,SGP,610452
7130708,114,192,7678,1998,8707.0,13674.0,2.550442,0.718063,JPN,SGP,610452
7130709,121,192,7678,1998,5772.0,0.0,0.999518,1.106351,KOR,SGP,610452
7130710,133,192,7678,1998,1059.0,0.0,-0.21838000000000002,-0.370322,MAC,SGP,610452
7130711,153,192,7678,1998,197620.0,24901.0,0.396826,0.203792,MYS,SGP,610452
7130712,156,192,7678,1998,0.0,1071.0,-0.846726,-0.879084,NCL,SGP,610452
7130713,162,192,7678,1998,0.0,6731.0,1.248469,1.683182,NLD,SGP,610452
7130714,174,192,7678,1998,1123.0,11023.0,-0.262725,-0.075781,PHL,SGP,610452
7130715,176,192,7678,1998,0.0,3567.0,-2.060952,-1.237969,PNG,SGP,610452
7130716,182,192,7678,1998,0.0,4151.0,0.422645,-0.607595,PYF,SGP,610452
7130717,211,192,7678,1998,0.0,4201.0,0.265625,-0.590012,SYC,SGP,610452
7130718,216,192,7678,1998,22086.0,12191.0,0.128633,1.484142,THA,SGP,610452
7130719,231,192,7678,1998,18672.0,204458.0,1.8223639999999999,0.761336,USA,SGP,610452
7130720,239,192,7678,1998,3319.0,0.0,-0.9395469999999999,0.060697,VNM,SGP,610452
7130721,240,192,7678,1998,0.0,2408.0,-1.176751,-0.9141819999999999,VUT,SGP,610452
7130722,249,192,7678,1998,0.0,7223.0,1.224725,1.890322,TWN,SGP,610452
7130723,15,206,7678,1998,2338.0,0.0,1.891966,0.508137,AUT,SVK,610452
7130724,32,206,7678,1998,1531.0,0.0,0.768101,1.04589,BRA,SVK,610452
7130725,41,206,7678,1998,4941.0,0.0,2.252965,0.561806,CHE,SVK,610452
7130726,43,206,7678,1998,414.0,0.0,0.3658,3.231258,CHN,SVK,610452
7130727,59,206,7678,1998,28936.0,13320.0,1.36345,1.408508,CZE,SVK,610452
7130728,61,206,7678,1998,1901.0,25105.0,2.334028,-2.417278,DEU,SVK,610452
7130729,74,206,7678,1998,0.0,3216.0,2.003987,0.995725,FIN,SVK,610452
7130730,111,206,7678,1998,1866.0,0.0,1.4532209999999999,1.191124,ITA,SVK,610452
7130731,177,206,7678,1998,2185.0,0.0,0.8638309999999999,1.8881299999999999,POL,SVK,610452
7130732,189,206,7678,1998,2467.0,0.0,0.603733,1.535453,SCG,SVK,610452
7130733,216,206,7678,1998,3084.0,0.0,0.128633,1.484142,THA,SVK,610452
7130734,224,206,7678,1998,3101.0,0.0,0.085286,1.653589,TUR,SVK,610452
7130735,228,206,7678,1998,4909.0,0.0,0.880876,0.783668,UKR,SVK,610452
7130736,250,206,7678,1998,1535.0,0.0,1.144164,1.187425,ANS,SVK,610452
7130737,7,228,7678,1998,5218.0,0.0,-0.274973,-0.481405,ARE,UKR,610452
7130738,43,228,7678,1998,6196.0,0.0,0.3658,3.231258,CHN,UKR,610452
7130739,61,228,7678,1998,92229.0,0.0,2.334028,-2.417278,DEU,UKR,610452
7130740,72,228,7678,1998,1081.0,0.0,0.53408,1.07691,EST,UKR,610452
7130741,77,228,7678,1998,0.0,24533.0,1.707702,0.7784270000000001,FRA,UKR,610452
7130742,81,228,7678,1998,2382.0,0.0,1.906738,0.489101,GBR,UKR,610452
7130743,111,228,7678,1998,5096.0,11878.0,1.4532209999999999,1.191124,ITA,UKR,610452
7130744,206,228,7678,1998,0.0,4909.0,1.202453,1.228204,SVK,UKR,610452
7130745,216,228,7678,1998,1085.0,0.0,0.128633,1.484142,THA,UKR,610452
7130746,224,228,7678,1998,16811.0,0.0,0.085286,1.653589,TUR,UKR,610452
7130747,231,228,7678,1998,69374.0,0.0,1.8223639999999999,0.761336,USA,UKR,610452
7130748,15,249,7678,1998,0.0,1767.0,1.891966,0.508137,AUT,TWN,610452
7130749,18,249,7678,1998,1986.0,0.0,1.4740739999999999,1.2530430000000001,BEL,TWN,610452
7130750,34,249,7678,1998,0.0,2954.0,-0.445218,-0.833083,BRN,TWN,610452
7130751,39,249,7678,1998,0.0,49609.0,1.077343,1.119161,CAN,TWN,610452
7130752,43,249,7678,1998,280650.0,1091.0,0.3658,3.231258,CHN,TWN,610452
7130753,61,249,7678,1998,22605.0,11521.0,2.334028,-2.417278,DEU,TWN,610452
7130754,77,249,7678,1998,2130.0,0.0,1.707702,0.7784270000000001,FRA,TWN,610452
7130755,81,249,7678,1998,26152.0,10074.0,1.906738,0.489101,GBR,TWN,610452
7130756,97,249,7678,1998,184380.0,49065.0,0.46966099999999994,2.5744029999999998,HKG,TWN,610452
7130757,102,249,7678,1998,4749.0,0.0,0.780392,1.450701,HUN,TWN,610452
7130758,103,249,7678,1998,10836.0,0.0,-0.478253,1.350652,IDN,TWN,610452
7130759,104,249,7678,1998,1820.0,0.0,0.274308,2.316908,IND,TWN,610452
7130760,111,249,7678,1998,51914.0,0.0,1.4532209999999999,1.191124,ITA,TWN,610452
7130761,114,249,7678,1998,45704.0,1592.0,2.550442,0.718063,JPN,TWN,610452
7130762,121,249,7678,1998,7841.0,0.0,0.999518,1.106351,KOR,TWN,610452
7130763,133,249,7678,1998,12962.0,0.0,-0.21838000000000002,-0.370322,MAC,TWN,610452
7130764,162,249,7678,1998,0.0,1267.0,1.248469,1.683182,NLD,TWN,610452
7130765,174,249,7678,1998,2218.0,0.0,-0.262725,-0.075781,PHL,TWN,610452
7130766,188,249,7678,1998,0.0,11608.0,0.521849,-0.7550899999999999,SAU,TWN,610452
7130767,192,249,7678,1998,7223.0,0.0,1.0029709999999998,0.506545,SGP,TWN,610452
7130768,208,249,7678,1998,0.0,9750.0,2.134076,0.9259729999999999,SWE,TWN,610452
7130769,216,249,7678,1998,54111.0,0.0,0.128633,1.484142,THA,TWN,610452
7130770,223,249,7678,1998,2916.0,0.0,-0.21677,-0.08694299999999999,TUN,TWN,610452
7130771,224,249,7678,1998,793.0,0.0,0.085286,1.653589,TUR,TWN,610452
7130772,231,249,7678,1998,20918.0,562071.0,1.8223639999999999,0.761336,USA,TWN,610452
7130773,239,249,7678,1998,59336.0,0.0,-0.9395469999999999,0.060697,VNM,TWN,610452
7130774,250,249,7678,1998,7488.0,0.0,1.144164,1.187425,ANS,TWN,610452
7130775,32,8,7678,1998,42920.0,2302.0,0.768101,1.04589,BRA,ARG,610452
7130776,42,8,7678,1998,0.0,13684.0,0.029706,-0.061149,CHL,ARG,610452
7130777,43,8,7678,1998,22739.0,0.0,0.3658,3.231258,CHN,ARG,610452
7130778,71,8,7678,1998,1025.0,0.0,1.051392,1.983438,ESP,ARG,610452
7130779,104,8,7678,1998,4227.0,0.0,0.274308,2.316908,IND,ARG,610452
7130780,111,8,7678,1998,3671.0,0.0,1.4532209999999999,1.191124,ITA,ARG,610452
7130781,133,8,7678,1998,1687.0,0.0,-0.21838000000000002,-0.370322,MAC,ARG,610452
7130782,179,8,7678,1998,3693.0,0.0,0.39771999999999996,1.303603,PRT,ARG,610452
7130783,180,8,7678,1998,1318.0,0.0,-0.204539,-0.766486,PRY,ARG,610452
7130784,216,8,7678,1998,4497.0,0.0,0.128633,1.484142,THA,ARG,610452
7130785,230,8,7678,1998,0.0,2797.0,0.323022,0.293694,URY,ARG,610452
7130786,231,8,7678,1998,3178.0,4861.0,1.8223639999999999,0.761336,USA,ARG,610452
7130787,8,42,7678,1998,13684.0,0.0,0.272015,0.45031099999999996,ARG,CHL,610452
7130788,31,42,7678,1998,0.0,9151.0,-0.49860699999999997,-0.748521,BOL,CHL,610452
7130789,32,42,7678,1998,1998.0,0.0,0.768101,1.04589,BRA,CHL,610452
7130790,43,42,7678,1998,45653.0,0.0,0.3658,3.231258,CHN,CHL,610452
7130791,71,42,7678,1998,1136.0,0.0,1.051392,1.983438,ESP,CHL,610452
7130792,77,42,7678,1998,3345.0,0.0,1.707702,0.7784270000000001,FRA,CHL,610452
7130793,97,42,7678,1998,17420.0,0.0,0.46966099999999994,2.5744029999999998,HKG,CHL,610452
7130794,104,42,7678,1998,5557.0,0.0,0.274308,2.316908,IND,CHL,610452
7130795,111,42,7678,1998,24368.0,0.0,1.4532209999999999,1.191124,ITA,CHL,610452
7130796,121,42,7678,1998,8251.0,0.0,0.999518,1.106351,KOR,CHL,610452
7130797,216,42,7678,1998,24157.0,0.0,0.128633,1.484142,THA,CHL,610452
7130798,231,42,7678,1998,134146.0,0.0,1.8223639999999999,0.761336,USA,CHL,610452
7130799,250,42,7678,1998,6573.0,0.0,1.144164,1.187425,ANS,CHL,610452
7130800,104,44,7678,1998,2141.0,0.0,0.274308,2.316908,IND,CIV,610452
7130801,77,80,7678,1998,1963.0,0.0,1.707702,0.7784270000000001,FRA,GAB,610452
7130802,246,80,7678,1998,965.0,0.0,0.573958,1.3813739999999999,ZAF,GAB,610452
7130803,81,85,7678,1998,27326.0,0.0,1.906738,0.489101,GBR,GIN,610452
7130804,192,85,7678,1998,2075.0,0.0,1.0029709999999998,0.506545,SGP,GIN,610452
7130805,216,85,7678,1998,3858.0,0.0,0.128633,1.484142,THA,GIN,610452
7130806,7,116,7678,1998,1937.0,0.0,-0.274973,-0.481405,ARE,KEN,610452
7130807,81,116,7678,1998,2260.0,0.0,1.906738,0.489101,GBR,KEN,610452
7130808,226,116,7678,1998,0.0,1893.0,-0.972823,-0.428149,TZA,KEN,610452
7130809,227,116,7678,1998,0.0,2977.0,-0.996762,-1.01326,UGA,KEN,610452
7130810,250,116,7678,1998,0.0,1156.0,1.144164,1.187425,ANS,KEN,610452
7130811,18,134,7678,1998,0.0,62397.0,1.4740739999999999,1.2530430000000001,BEL,MAR,610452
7130812,32,134,7678,1998,0.0,5196.0,0.768101,1.04589,BRA,MAR,610452
7130813,61,134,7678,1998,0.0,58619.0,2.334028,-2.417278,DEU,MAR,610452
7130814,71,134,7678,1998,3520.0,19962.0,1.051392,1.983438,ESP,MAR,610452
7130815,77,134,7678,1998,7104.0,780829.0,1.707702,0.7784270000000001,FRA,MAR,610452
7130816,81,134,7678,1998,0.0,50126.0,1.906738,0.489101,GBR,MAR,610452
7130817,106,134,7678,1998,0.0,901.0,1.451067,0.654442,IRL,MAR,610452
7130818,114,134,7678,1998,0.0,1045.0,2.550442,0.718063,JPN,MAR,610452
7130819,163,134,7678,1998,0.0,1874.0,1.1660190000000001,0.43901899999999994,NOR,MAR,610452
7130820,231,134,7678,1998,0.0,18868.0,1.8223639999999999,0.761336,USA,MAR,610452
7130821,81,159,7678,1998,2394.0,0.0,1.906738,0.489101,GBR,NGA,610452
7130822,104,159,7678,1998,5700.0,0.0,0.274308,2.316908,IND,NGA,610452
7130823,15,223,7678,1998,0.0,2106.0,1.891966,0.508137,AUT,TUN,610452
7130824,18,223,7678,1998,4430.0,123529.0,1.4740739999999999,1.2530430000000001,BEL,TUN,610452
7130825,41,223,7678,1998,0.0,1729.0,2.252965,0.561806,CHE,TUN,610452
7130826,58,223,7678,1998,0.0,893.0,0.45990600000000004,0.41840299999999997,CYP,TUN,610452
7130827,61,223,7678,1998,0.0,14238.0,2.334028,-2.417278,DEU,TUN,610452
7130828,71,223,7678,1998,0.0,3347.0,1.051392,1.983438,ESP,TUN,610452
7130829,77,223,7678,1998,17200.0,164361.0,1.707702,0.7784270000000001,FRA,TUN,610452
7130830,111,223,7678,1998,1184.0,350848.0,1.4532209999999999,1.191124,ITA,TUN,610452
7130831,162,223,7678,1998,0.0,16768.0,1.248469,1.683182,NLD,TUN,610452
7130832,224,223,7678,1998,188264.0,0.0,0.085286,1.653589,TUR,TUN,610452
7130833,231,223,7678,1998,0.0,4264.0,1.8223639999999999,0.761336,USA,TUN,610452
7130834,249,223,7678,1998,0.0,2916.0,1.224725,1.890322,TWN,TUN,610452
7130835,250,223,7678,1998,0.0,8497.0,1.144164,1.187425,ANS,TUN,610452
7130836,7,226,7678,1998,24814.0,0.0,-0.274973,-0.481405,ARE,TZA,610452
7130837,43,226,7678,1998,1309.0,0.0,0.3658,3.231258,CHN,TZA,610452
7130838,81,226,7678,1998,21175.0,0.0,1.906738,0.489101,GBR,TZA,610452
7130839,104,226,7678,1998,16740.0,0.0,0.274308,2.316908,IND,TZA,610452
7130840,116,226,7678,1998,1893.0,0.0,-0.434978,0.10193300000000001,KEN,TZA,610452
7130841,216,226,7678,1998,3752.0,0.0,0.128633,1.484142,THA,TZA,610452
7130842,8,230,7678,1998,2797.0,0.0,0.272015,0.45031099999999996,ARG,URY,610452
7130843,32,230,7678,1998,18737.0,0.0,0.768101,1.04589,BRA,URY,610452
7130844,43,246,7678,1998,3941.0,0.0,0.3658,3.231258,CHN,ZAF,610452
7130845,61,246,7678,1998,959.0,0.0,2.334028,-2.417278,DEU,ZAF,610452
7130846,71,246,7678,1998,0.0,1002.0,1.051392,1.983438,ESP,ZAF,610452
7130847,77,246,7678,1998,0.0,24054.0,1.707702,0.7784270000000001,FRA,ZAF,610452
7130848,80,246,7678,1998,0.0,965.0,-1.122225,-1.148066,GAB,ZAF,610452
7130849,81,246,7678,1998,3372.0,3076.0,1.906738,0.489101,GBR,ZAF,610452
7130850,97,246,7678,1998,14447.0,0.0,0.46966099999999994,2.5744029999999998,HKG,ZAF,610452
7130851,103,246,7678,1998,12343.0,0.0,-0.478253,1.350652,IDN,ZAF,610452
7130852,104,246,7678,1998,2047.0,0.0,0.274308,2.316908,IND,ZAF,610452
7130853,111,246,7678,1998,3033.0,0.0,1.4532209999999999,1.191124,ITA,ZAF,610452
7130854,147,246,7678,1998,0.0,5002.0,-0.6813279999999999,-0.916391,MOZ,ZAF,610452
7130855,216,246,7678,1998,34912.0,0.0,0.128633,1.484142,THA,ZAF,610452
7130856,231,246,7678,1998,3964.0,60191.0,1.8223639999999999,0.761336,USA,ZAF,610452
7130857,247,246,7678,1998,0.0,4625.0,-0.383126,-0.501498,ZMB,ZAF,610452
7130858,250,246,7678,1998,2553.0,0.0,1.144164,1.187425,ANS,ZAF,610452
7130859,81,247,7678,1998,5601.0,0.0,1.906738,0.489101,GBR,ZMB,610452
7130860,216,247,7678,1998,1707.0,0.0,0.128633,1.484142,THA,ZMB,610452
7130861,246,247,7678,1998,4625.0,0.0,0.573958,1.3813739999999999,ZAF,ZMB,610452
7130862,61,145,7678,1998,1891.0,0.0,2.334028,-2.417278,DEU,MNG,610452
7130863,18,58,7678,1998,0.0,1229.0,1.4740739999999999,1.2530430000000001,BEL,CYP,610452
7130864,43,58,7678,1998,1978.0,0.0,0.3658,3.231258,CHN,CYP,610452
7130865,61,58,7678,1998,992.0,0.0,2.334028,-2.417278,DEU,CYP,610452
7130866,71,58,7678,1998,4826.0,4992.0,1.051392,1.983438,ESP,CYP,610452
7130867,77,58,7678,1998,46088.0,6944.0,1.707702,0.7784270000000001,FRA,CYP,610452
7130868,81,58,7678,1998,23988.0,3192.0,1.906738,0.489101,GBR,CYP,610452
7130869,90,58,7678,1998,38458.0,4193.0,0.183835,1.1512790000000002,GRC,CYP,610452
7130870,97,58,7678,1998,1360.0,1369.0,0.46966099999999994,2.5744029999999998,HKG,CYP,610452
7130871,106,58,7678,1998,0.0,1183.0,1.451067,0.654442,IRL,CYP,610452
7130872,111,58,7678,1998,5797.0,0.0,1.4532209999999999,1.191124,ITA,CYP,610452
7130873,114,58,7678,1998,4325.0,3675.0,2.550442,0.718063,JPN,CYP,610452
7130874,124,58,7678,1998,0.0,2592.0,0.23803200000000002,0.9927860000000001,LBN,CYP,610452
7130875,162,58,7678,1998,0.0,13541.0,1.248469,1.683182,NLD,CYP,610452
7130876,179,58,7678,1998,2363.0,0.0,0.39771999999999996,1.303603,PRT,CYP,610452
7130877,223,58,7678,1998,893.0,0.0,-0.21677,-0.08694299999999999,TUN,CYP,610452
7130878,224,58,7678,1998,3167.0,0.0,0.085286,1.653589,TUR,CYP,610452
7130879,111,82,7678,1998,2914.0,0.0,1.4532209999999999,1.191124,ITA,GEO,610452
7130880,224,82,7678,1998,934.0,0.0,0.085286,1.653589,TUR,GEO,610452
7130881,15,100,7678,1998,7533.0,0.0,1.891966,0.508137,AUT,HRV,610452
7130882,26,100,7678,1998,0.0,1713.0,0.290661,0.18068299999999998,BIH,HRV,610452
7130883,39,100,7678,1998,0.0,4360.0,1.077343,1.119161,CAN,HRV,610452
7130884,61,100,7678,1998,80611.0,133927.0,2.334028,-2.417278,DEU,HRV,610452
7130885,71,100,7678,1998,0.0,5356.0,1.051392,1.983438,ESP,HRV,610452
7130886,77,100,7678,1998,1538.0,72943.0,1.707702,0.7784270000000001,FRA,HRV,610452
7130887,97,100,7678,1998,1736.0,0.0,0.46966099999999994,2.5744029999999998,HKG,HRV,610452
7130888,111,100,7678,1998,10074.0,0.0,1.4532209999999999,1.191124,ITA,HRV,610452
7130889,185,100,7678,1998,8938.0,0.0,0.315392,0.961176,ROU,HRV,610452
7130890,207,100,7678,1998,1258.0,0.0,1.442955,1.27214,SVN,HRV,610452
7130891,224,100,7678,1998,35915.0,0.0,0.085286,1.653589,TUR,HRV,610452
7130892,231,100,7678,1998,571.0,11256.0,1.8223639999999999,0.761336,USA,HRV,610452
7130893,250,100,7678,1998,1264.0,0.0,1.144164,1.187425,ANS,HRV,610452
7130894,111,135,7678,1998,3336.0,0.0,1.4532209999999999,1.191124,ITA,MDA,610452
7130895,15,140,7678,1998,1669.0,0.0,1.891966,0.508137,AUT,MKD,610452
7130896,61,140,7678,1998,0.0,94199.0,2.334028,-2.417278,DEU,MKD,610452
7130897,90,140,7678,1998,0.0,31270.0,0.183835,1.1512790000000002,GRC,MKD,610452
7130898,189,140,7678,1998,1016.0,0.0,0.603733,1.535453,SCG,MKD,610452
7130899,224,140,7678,1998,7117.0,0.0,0.085286,1.653589,TUR,MKD,610452
7130900,15,207,7678,1998,4109.0,0.0,1.891966,0.508137,AUT,SVN,610452
7130901,41,207,7678,1998,961.0,0.0,2.252965,0.561806,CHE,SVN,610452
7130902,61,207,7678,1998,69802.0,248477.0,2.334028,-2.417278,DEU,SVN,610452
7130903,100,207,7678,1998,0.0,1258.0,0.692779,0.9919530000000001,HRV,SVN,610452
7130904,111,207,7678,1998,16230.0,0.0,1.4532209999999999,1.191124,ITA,SVN,610452
7130905,185,207,7678,1998,1250.0,0.0,0.315392,0.961176,ROU,SVN,610452
7130906,224,207,7678,1998,4721.0,0.0,0.085286,1.653589,TUR,SVN,610452
7130907,250,207,7678,1998,20800.0,0.0,1.144164,1.187425,ANS,SVN,610452
7130908,188,212,7678,1998,0.0,3441.0,0.521849,-0.7550899999999999,SAU,SYR,610452
7130909,231,212,7678,1998,0.0,7635.0,1.8223639999999999,0.761336,USA,SYR,610452
7130910,14,250,7678,1998,0.0,1725.0,0.375317,0.8864629999999999,AUS,ANS,610452
7130911,15,250,7678,1998,4427.0,0.0,1.891966,0.508137,AUT,ANS,610452
7130912,32,250,7678,1998,1341.0,0.0,0.768101,1.04589,BRA,ANS,610452
7130913,39,250,7678,1998,0.0,58418.0,1.077343,1.119161,CAN,ANS,610452
7130914,42,250,7678,1998,0.0,6573.0,0.029706,-0.061149,CHL,ANS,610452
7130915,49,250,7678,1998,0.0,1787.0,0.205004,0.13985899999999998,COL,ANS,610452
7130916,52,250,7678,1998,0.0,1190.0,-0.26046199999999997,-0.059391,CRI,ANS,610452
7130917,59,250,7678,1998,0.0,3220.0,1.36345,1.408508,CZE,ANS,610452
7130918,61,250,7678,1998,5000.0,0.0,2.334028,-2.417278,DEU,ANS,610452
7130919,64,250,7678,1998,3073.0,0.0,1.225999,1.470145,DNK,ANS,610452
7130920,72,250,7678,1998,0.0,6405.0,0.53408,1.07691,EST,ANS,610452
7130921,77,250,7678,1998,0.0,181479.0,1.707702,0.7784270000000001,FRA,ANS,610452
7130922,78,250,7678,1998,0.0,7837.0,-0.6159899999999999,-0.828198,FRO,ANS,610452
7130923,97,250,7678,1998,1519.0,0.0,0.46966099999999994,2.5744029999999998,HKG,ANS,610452
7130924,100,250,7678,1998,0.0,1264.0,0.692779,0.9919530000000001,HRV,ANS,610452
7130925,106,250,7678,1998,0.0,1360.0,1.451067,0.654442,IRL,ANS,610452
7130926,109,250,7678,1998,0.0,3599.0,0.18141300000000002,-0.47993500000000006,ISL,ANS,610452
7130927,116,250,7678,1998,1156.0,0.0,-0.434978,0.10193300000000001,KEN,ANS,610452
7130928,124,250,7678,1998,0.0,1884.0,0.23803200000000002,0.9927860000000001,LBN,ANS,610452
7130929,132,250,7678,1998,0.0,5696.0,0.322473,0.388421,LVA,ANS,610452
7130930,138,250,7678,1998,3102.0,0.0,0.525671,0.880649,MEX,ANS,610452
7130931,163,250,7678,1998,0.0,6197.0,1.1660190000000001,0.43901899999999994,NOR,ANS,610452
7130932,166,250,7678,1998,0.0,6223.0,0.5690529999999999,0.7752060000000001,NZL,ANS,610452
7130933,169,250,7678,1998,0.0,21095.0,0.010123,0.5677949999999999,PAN,ANS,610452
7130934,173,250,7678,1998,1604.0,0.0,-0.35875300000000004,0.042606,PER,ANS,610452
7130935,177,250,7678,1998,106172.0,99275.0,0.8638309999999999,1.8881299999999999,POL,ANS,610452
7130936,179,250,7678,1998,1376.0,0.0,0.39771999999999996,1.303603,PRT,ANS,610452
7130937,185,250,7678,1998,36267.0,0.0,0.315392,0.961176,ROU,ANS,610452
7130938,206,250,7678,1998,0.0,1535.0,1.202453,1.228204,SVK,ANS,610452
7130939,207,250,7678,1998,0.0,20800.0,1.442955,1.27214,SVN,ANS,610452
7130940,216,250,7678,1998,3394.0,0.0,0.128633,1.484142,THA,ANS,610452
7130941,223,250,7678,1998,8497.0,0.0,-0.21677,-0.08694299999999999,TUN,ANS,610452
7130942,246,250,7678,1998,0.0,2553.0,0.573958,1.3813739999999999,ZAF,ANS,610452
7130943,249,250,7678,1998,0.0,7488.0,1.224725,1.890322,TWN,ANS,610452
7130944,77,30,7678,1998,2038.0,0.0,1.707702,0.7784270000000001,FRA,BMU,610452
7130945,97,30,7678,1998,2812.0,0.0,0.46966099999999994,2.5744029999999998,HKG,BMU,610452
7130946,97,54,7678,1998,3107.0,0.0,0.46966099999999994,2.5744029999999998,HKG,CUB,610452
7130947,231,65,7678,1998,0.0,1102676.0,1.8223639999999999,0.761336,USA,DOM,610452
7130948,15,168,7678,1998,0.0,1315.0,1.891966,0.508137,AUT,PAK,610452
7130949,18,168,7678,1998,0.0,53571.0,1.4740739999999999,1.2530430000000001,BEL,PAK,610452
7130950,61,168,7678,1998,0.0,35675.0,2.334028,-2.417278,DEU,PAK,610452
7130951,64,168,7678,1998,0.0,2776.0,1.225999,1.470145,DNK,PAK,610452
7130952,77,168,7678,1998,0.0,72074.0,1.707702,0.7784270000000001,FRA,PAK,610452
7130953,81,168,7678,1998,0.0,35331.0,1.906738,0.489101,GBR,PAK,610452
7130954,106,168,7678,1998,0.0,10637.0,1.451067,0.654442,IRL,PAK,610452
7130955,138,168,7678,1998,0.0,9047.0,0.525671,0.880649,MEX,PAK,610452
7130956,162,168,7678,1998,0.0,18337.0,1.248469,1.683182,NLD,PAK,610452
7130957,163,168,7678,1998,0.0,2308.0,1.1660190000000001,0.43901899999999994,NOR,PAK,610452
7130958,208,168,7678,1998,0.0,11087.0,2.134076,0.9259729999999999,SWE,PAK,610452
7130959,231,168,7678,1998,0.0,400639.0,1.8223639999999999,0.761336,USA,PAK,610452
7130960,14,176,7678,1998,1100.0,0.0,0.375317,0.8864629999999999,AUS,PNG,610452
7130961,97,176,7678,1998,1663.0,0.0,0.46966099999999994,2.5744029999999998,HKG,PNG,610452
7130962,103,176,7678,1998,48137.0,0.0,-0.478253,1.350652,IDN,PNG,610452
7130963,104,176,7678,1998,12069.0,0.0,0.274308,2.316908,IND,PNG,610452
7130964,192,176,7678,1998,3567.0,0.0,1.0029709999999998,0.506545,SGP,PNG,610452
7130965,216,176,7678,1998,5052.0,0.0,0.128633,1.484142,THA,PNG,610452
7130966,116,227,7678,1998,2977.0,0.0,-0.434978,0.10193300000000001,KEN,UGA,610452
7130967,216,227,7678,1998,1454.0,0.0,0.128633,1.484142,THA,UGA,610452
7130968,14,239,7678,1998,0.0,4329.0,0.375317,0.8864629999999999,AUS,VNM,610452
7130969,59,239,7678,1998,0.0,1506.0,1.36345,1.408508,CZE,VNM,610452
7130970,81,239,7678,1998,0.0,6097.0,1.906738,0.489101,GBR,VNM,610452
7130971,97,239,7678,1998,26006.0,0.0,0.46966099999999994,2.5744029999999998,HKG,VNM,610452
7130972,114,239,7678,1998,0.0,32003.0,2.550442,0.718063,JPN,VNM,610452
7130973,162,239,7678,1998,0.0,8965.0,1.248469,1.683182,NLD,VNM,610452
7130974,166,239,7678,1998,0.0,2107.0,0.5690529999999999,0.7752060000000001,NZL,VNM,610452
7130975,192,239,7678,1998,0.0,3319.0,1.0029709999999998,0.506545,SGP,VNM,610452
7130976,216,239,7678,1998,3002.0,0.0,0.128633,1.484142,THA,VNM,610452
7130977,249,239,7678,1998,0.0,59336.0,1.224725,1.890322,TWN,VNM,610452
7130978,32,31,7678,1998,16391.0,0.0,0.768101,1.04589,BRA,BOL,610452
7130979,42,31,7678,1998,9151.0,0.0,0.029706,-0.061149,CHL,BOL,610452
7130980,111,31,7678,1998,1735.0,0.0,1.4532209999999999,1.191124,ITA,BOL,610452
7130981,162,31,7678,1998,0.0,890.0,1.248469,1.683182,NLD,BOL,610452
7130982,103,73,7678,1998,808.0,0.0,-0.478253,1.350652,IDN,ETH,610452
7130983,104,73,7678,1998,1527.0,0.0,0.274308,2.316908,IND,ETH,610452
7130984,216,73,7678,1998,5067.0,0.0,0.128633,1.484142,THA,ETH,610452
7130985,169,160,7678,1998,74669.0,0.0,0.010123,0.5677949999999999,PAN,NIC,610452
7130986,231,160,7678,1998,5540.0,0.0,1.8223639999999999,0.761336,USA,NIC,610452
7130987,77,182,7678,1998,2174.0,0.0,1.707702,0.7784270000000001,FRA,PYF,610452
7130988,192,182,7678,1998,4151.0,0.0,1.0029709999999998,0.506545,SGP,PYF,610452
7130989,231,182,7678,1998,5612.0,0.0,1.8223639999999999,0.761336,USA,PYF,610452
7130990,39,197,7678,1998,0.0,11964.0,1.077343,1.119161,CAN,SLV,610452
7130991,52,197,7678,1998,10828.0,0.0,-0.26046199999999997,-0.059391,CRI,SLV,610452
7130992,77,197,7678,1998,0.0,354245.0,1.707702,0.7784270000000001,FRA,SLV,610452
7130993,93,197,7678,1998,2907.0,7194.0,-0.344999,0.155524,GTM,SLV,610452
7130994,99,197,7678,1998,0.0,1773.0,-0.9326049999999999,-0.598527,HND,SLV,610452
7130995,138,197,7678,1998,2788.0,0.0,0.525671,0.880649,MEX,SLV,610452
7130996,169,197,7678,1998,34223.0,0.0,0.010123,0.5677949999999999,PAN,SLV,610452
7130997,231,197,7678,1998,1076448.0,2161992.0,1.8223639999999999,0.761336,USA,SLV,610452
7130998,97,215,7678,1998,4274.0,0.0,0.46966099999999994,2.5744029999999998,HKG,TGO,610452
7130999,186,215,7678,1998,0.0,12951.0,0.93909,0.59719,RUS,TGO,610452
7131000,216,215,7678,1998,3087.0,0.0,0.128633,1.484142,THA,TGO,610452
7131001,81,21,7678,1998,0.0,1129.0,1.906738,0.489101,GBR,BFA,610452
7131002,77,45,7678,1998,1906.0,0.0,1.707702,0.7784270000000001,FRA,CMR,610452
7131003,43,109,7678,1998,424.0,0.0,0.3658,3.231258,CHN,ISL,610452
7131004,64,109,7678,1998,16438.0,0.0,1.225999,1.470145,DNK,ISL,610452
7131005,74,109,7678,1998,1103.0,0.0,2.003987,0.995725,FIN,ISL,610452
7131006,77,109,7678,1998,2458.0,0.0,1.707702,0.7784270000000001,FRA,ISL,610452
7131007,81,109,7678,1998,127006.0,0.0,1.906738,0.489101,GBR,ISL,610452
7131008,97,109,7678,1998,883.0,0.0,0.46966099999999994,2.5744029999999998,HKG,ISL,610452
7131009,104,109,7678,1998,530.0,0.0,0.274308,2.316908,IND,ISL,610452
7131010,216,109,7678,1998,1188.0,0.0,0.128633,1.484142,THA,ISL,610452
7131011,224,109,7678,1998,914.0,0.0,0.085286,1.653589,TUR,ISL,610452
7131012,250,109,7678,1998,3599.0,0.0,1.144164,1.187425,ANS,ISL,610452
7131013,7,133,7678,1998,0.0,1432.0,-0.274973,-0.481405,ARE,MAC,610452
7131014,8,133,7678,1998,0.0,1687.0,0.272015,0.45031099999999996,ARG,MAC,610452
7131015,14,133,7678,1998,0.0,5839.0,0.375317,0.8864629999999999,AUS,MAC,610452
7131016,15,133,7678,1998,0.0,1402.0,1.891966,0.508137,AUT,MAC,610452
7131017,18,133,7678,1998,0.0,24641.0,1.4740739999999999,1.2530430000000001,BEL,MAC,610452
7131018,39,133,7678,1998,0.0,59158.0,1.077343,1.119161,CAN,MAC,610452
7131019,41,133,7678,1998,0.0,1567.0,2.252965,0.561806,CHE,MAC,610452
7131020,43,133,7678,1998,187544.0,15178.0,0.3658,3.231258,CHN,MAC,610452
7131021,61,133,7678,1998,0.0,121287.0,2.334028,-2.417278,DEU,MAC,610452
7131022,64,133,7678,1998,0.0,14409.0,1.225999,1.470145,DNK,MAC,610452
7131023,71,133,7678,1998,0.0,6855.0,1.051392,1.983438,ESP,MAC,610452
7131024,74,133,7678,1998,0.0,3750.0,2.003987,0.995725,FIN,MAC,610452
7131025,77,133,7678,1998,2243.0,167689.0,1.707702,0.7784270000000001,FRA,MAC,610452
7131026,81,133,7678,1998,0.0,105246.0,1.906738,0.489101,GBR,MAC,610452
7131027,97,133,7678,1998,4434.0,14314.0,0.46966099999999994,2.5744029999999998,HKG,MAC,610452
7131028,106,133,7678,1998,0.0,8936.0,1.451067,0.654442,IRL,MAC,610452
7131029,111,133,7678,1998,2690.0,2605.0,1.4532209999999999,1.191124,ITA,MAC,610452
7131030,114,133,7678,1998,0.0,111392.0,2.550442,0.718063,JPN,MAC,610452
7131031,122,133,7678,1998,0.0,13932.0,0.037029,-1.054761,KWT,MAC,610452
7131032,138,133,7678,1998,0.0,967.0,0.525671,0.880649,MEX,MAC,610452
7131033,153,133,7678,1998,0.0,324.0,0.396826,0.203792,MYS,MAC,610452
7131034,162,133,7678,1998,0.0,33818.0,1.248469,1.683182,NLD,MAC,610452
7131035,163,133,7678,1998,0.0,2943.0,1.1660190000000001,0.43901899999999994,NOR,MAC,610452
7131036,166,133,7678,1998,0.0,2933.0,0.5690529999999999,0.7752060000000001,NZL,MAC,610452
7131037,192,133,7678,1998,0.0,1059.0,1.0029709999999998,0.506545,SGP,MAC,610452
7131038,208,133,7678,1998,0.0,9627.0,2.134076,0.9259729999999999,SWE,MAC,610452
7131039,231,133,7678,1998,0.0,2154646.0,1.8223639999999999,0.761336,USA,MAC,610452
7131040,249,133,7678,1998,0.0,12962.0,1.224725,1.890322,TWN,MAC,610452
7131041,61,136,7678,1998,0.0,3142.0,2.334028,-2.417278,DEU,MDG,610452
7131042,74,136,7678,1998,0.0,29078.0,2.003987,0.995725,FIN,MDG,610452
7131043,77,136,7678,1998,0.0,120741.0,1.707702,0.7784270000000001,FRA,MDG,610452
7131044,103,136,7678,1998,1842.0,0.0,-0.478253,1.350652,IDN,MDG,610452
7131045,111,136,7678,1998,0.0,19073.0,1.4532209999999999,1.191124,ITA,MDG,610452
7131046,162,136,7678,1998,0.0,4381.0,1.248469,1.683182,NLD,MDG,610452
7131047,103,137,7678,1998,4353.0,0.0,-0.478253,1.350652,IDN,MDV,610452
7131048,104,137,7678,1998,347.0,0.0,0.274308,2.316908,IND,MDV,610452
7131049,216,137,7678,1998,5831.0,0.0,0.128633,1.484142,THA,MDV,610452
7131050,15,151,7678,1998,0.0,5083.0,1.891966,0.508137,AUT,MUS,610452
7131051,18,151,7678,1998,0.0,14621.0,1.4740739999999999,1.2530430000000001,BEL,MUS,610452
7131052,41,151,7678,1998,0.0,3942.0,2.252965,0.561806,CHE,MUS,610452
7131053,61,151,7678,1998,0.0,28601.0,2.334028,-2.417278,DEU,MUS,610452
7131054,64,151,7678,1998,0.0,2892.0,1.225999,1.470145,DNK,MUS,610452
7131055,71,151,7678,1998,0.0,1145.0,1.051392,1.983438,ESP,MUS,610452
7131056,77,151,7678,1998,0.0,279390.0,1.707702,0.7784270000000001,FRA,MUS,610452
7131057,81,151,7678,1998,0.0,140149.0,1.906738,0.489101,GBR,MUS,610452
7131058,90,151,7678,1998,0.0,851.0,0.183835,1.1512790000000002,GRC,MUS,610452
7131059,103,151,7678,1998,23941.0,0.0,-0.478253,1.350652,IDN,MUS,610452
7131060,104,151,7678,1998,1466.0,0.0,0.274308,2.316908,IND,MUS,610452
7131061,111,151,7678,1998,0.0,21816.0,1.4532209999999999,1.191124,ITA,MUS,610452
7131062,156,151,7678,1998,0.0,3921.0,-0.846726,-0.879084,NCL,MUS,610452
7131063,162,151,7678,1998,0.0,18739.0,1.248469,1.683182,NLD,MUS,610452
7131064,163,151,7678,1998,0.0,10482.0,1.1660190000000001,0.43901899999999994,NOR,MUS,610452
7131065,208,151,7678,1998,0.0,12769.0,2.134076,0.9259729999999999,SWE,MUS,610452
7131066,211,151,7678,1998,0.0,1908.0,0.265625,-0.590012,SYC,MUS,610452
7131067,248,151,7678,1998,0.0,1004.0,-0.49939399999999995,-0.430733,ZWE,MUS,610452
7131068,39,164,7678,1998,0.0,3149.0,1.077343,1.119161,CAN,NPL,610452
7131069,81,164,7678,1998,0.0,6906.0,1.906738,0.489101,GBR,NPL,610452
7131070,97,164,7678,1998,755.0,0.0,0.46966099999999994,2.5744029999999998,HKG,NPL,610452
7131071,216,187,7678,1998,1977.0,0.0,0.128633,1.484142,THA,RWA,610452
7131072,216,191,7678,1998,2929.0,0.0,0.128633,1.484142,THA,SEN,610452
7131073,81,211,7678,1998,805.0,0.0,1.906738,0.489101,GBR,SYC,610452
7131074,151,211,7678,1998,1908.0,0.0,-0.621599,-0.755795,MUS,SYC,610452
7131075,192,211,7678,1998,4201.0,0.0,1.0029709999999998,0.506545,SGP,SYC,610452
7131076,216,211,7678,1998,597.0,0.0,0.128633,1.484142,THA,SYC,610452
7131077,231,211,7678,1998,15028.0,0.0,1.8223639999999999,0.761336,USA,SYC,610452
7131078,179,2,7678,1998,86434.0,0.0,0.39771999999999996,1.303603,PRT,AGO,610452
7131079,216,2,7678,1998,2544.0,0.0,0.128633,1.484142,THA,AGO,610452
7131080,43,7,7678,1998,1872.0,0.0,0.3658,3.231258,CHN,ARE,610452
7131081,61,7,7678,1998,3069.0,255125.0,2.334028,-2.417278,DEU,ARE,610452
7131082,77,7,7678,1998,190195.0,52235.0,1.707702,0.7784270000000001,FRA,ARE,610452
7131083,81,7,7678,1998,209531.0,17346.0,1.906738,0.489101,GBR,ARE,610452
7131084,97,7,7678,1998,24884.0,0.0,0.46966099999999994,2.5744029999999998,HKG,ARE,610452
7131085,104,7,7678,1998,209732.0,0.0,0.274308,2.316908,IND,ARE,610452
7131086,111,7,7678,1998,14573.0,1099.0,1.4532209999999999,1.191124,ITA,ARE,610452
7131087,116,7,7678,1998,0.0,1937.0,-0.434978,0.10193300000000001,KEN,ARE,610452
7131088,121,7,7678,1998,30759.0,0.0,0.999518,1.106351,KOR,ARE,610452
7131089,133,7,7678,1998,1432.0,0.0,-0.21838000000000002,-0.370322,MAC,ARE,610452
7131090,162,7,7678,1998,6070.0,4756.0,1.248469,1.683182,NLD,ARE,610452
7131091,216,7,7678,1998,56582.0,0.0,0.128633,1.484142,THA,ARE,610452
7131092,224,7,7678,1998,40568.0,0.0,0.085286,1.653589,TUR,ARE,610452
7131093,226,7,7678,1998,0.0,24814.0,-0.972823,-0.428149,TZA,ARE,610452
7131094,228,7,7678,1998,0.0,5218.0,0.880876,0.783668,UKR,ARE,610452
7131095,231,7,7678,1998,6138.0,0.0,1.8223639999999999,0.761336,USA,ARE,610452
7131096,43,24,7678,1998,2100.0,0.0,0.3658,3.231258,CHN,BHR,610452
7131097,81,24,7678,1998,47728.0,0.0,1.906738,0.489101,GBR,BHR,610452
7131098,104,24,7678,1998,50243.0,0.0,0.274308,2.316908,IND,BHR,610452
7131099,111,24,7678,1998,1151.0,0.0,1.4532209999999999,1.191124,ITA,BHR,610452
7131100,188,24,7678,1998,14847.0,0.0,0.521849,-0.7550899999999999,SAU,BHR,610452
7131101,216,24,7678,1998,18606.0,0.0,0.128633,1.484142,THA,BHR,610452
7131102,15,26,7678,1998,0.0,6709.0,1.891966,0.508137,AUT,BIH,610452
7131103,61,26,7678,1998,0.0,2949.0,2.334028,-2.417278,DEU,BIH,610452
7131104,100,26,7678,1998,1713.0,0.0,0.692779,0.9919530000000001,HRV,BIH,610452
7131105,111,26,7678,1998,1615.0,0.0,1.4532209999999999,1.191124,ITA,BIH,610452
7131106,189,26,7678,1998,1000.0,0.0,0.603733,1.535453,SCG,BIH,610452
7131107,224,26,7678,1998,69179.0,0.0,0.085286,1.653589,TUR,BIH,610452
7131108,64,78,7678,1998,8473.0,0.0,1.225999,1.470145,DNK,FRO,610452
7131109,81,78,7678,1998,454.0,0.0,1.906738,0.489101,GBR,FRO,610452
7131110,97,78,7678,1998,1384.0,0.0,0.46966099999999994,2.5744029999999998,HKG,FRO,610452
7131111,111,78,7678,1998,846.0,0.0,1.4532209999999999,1.191124,ITA,FRO,610452
7131112,250,78,7678,1998,7837.0,0.0,1.144164,1.187425,ANS,FRO,610452
7131113,231,101,7678,1998,0.0,34169.0,1.8223639999999999,0.761336,USA,HTI,610452
7131114,61,115,7678,1998,11571.0,0.0,2.334028,-2.417278,DEU,KAZ,610452
7131115,61,118,7678,1998,0.0,5662.0,2.334028,-2.417278,DEU,KHM,610452
7131116,64,118,7678,1998,0.0,4949.0,1.225999,1.470145,DNK,KHM,610452
7131117,74,118,7678,1998,0.0,10840.0,2.003987,0.995725,FIN,KHM,610452
7131118,106,118,7678,1998,0.0,53567.0,1.451067,0.654442,IRL,KHM,610452
7131119,114,118,7678,1998,0.0,4496.0,2.550442,0.718063,JPN,KHM,610452
7131120,231,118,7678,1998,0.0,120078.0,1.8223639999999999,0.761336,USA,KHM,610452
7131121,61,122,7678,1998,2028.0,0.0,2.334028,-2.417278,DEU,KWT,610452
7131122,81,122,7678,1998,359452.0,0.0,1.906738,0.489101,GBR,KWT,610452
7131123,97,122,7678,1998,8273.0,0.0,0.46966099999999994,2.5744029999999998,HKG,KWT,610452
7131124,111,122,7678,1998,7956.0,0.0,1.4532209999999999,1.191124,ITA,KWT,610452
7131125,133,122,7678,1998,13932.0,0.0,-0.21838000000000002,-0.370322,MAC,KWT,610452
7131126,179,122,7678,1998,2249.0,0.0,0.39771999999999996,1.303603,PRT,KWT,610452
7131127,216,122,7678,1998,20395.0,0.0,0.128633,1.484142,THA,KWT,610452
7131128,224,122,7678,1998,44417.0,0.0,0.085286,1.653589,TUR,KWT,610452
7131129,61,126,7678,1998,6687.0,0.0,2.334028,-2.417278,DEU,LBY,610452
7131130,216,126,7678,1998,5838.0,0.0,0.128633,1.484142,THA,LBY,610452
7131131,224,126,7678,1998,131922.0,0.0,0.085286,1.653589,TUR,LBY,610452
7131132,14,128,7678,1998,0.0,1945.0,0.375317,0.8864629999999999,AUS,LKA,610452
7131133,39,128,7678,1998,0.0,10972.0,1.077343,1.119161,CAN,LKA,610452
7131134,61,128,7678,1998,0.0,80197.0,2.334028,-2.417278,DEU,LKA,610452
7131135,77,128,7678,1998,0.0,10124.0,1.707702,0.7784270000000001,FRA,LKA,610452
7131136,81,128,7678,1998,0.0,174932.0,1.906738,0.489101,GBR,LKA,610452
7131137,97,128,7678,1998,3539.0,0.0,0.46966099999999994,2.5744029999999998,HKG,LKA,610452
7131138,104,128,7678,1998,3817.0,0.0,0.274308,2.316908,IND,LKA,610452
7131139,111,128,7678,1998,0.0,18841.0,1.4532209999999999,1.191124,ITA,LKA,610452
7131140,114,128,7678,1998,0.0,10159.0,2.550442,0.718063,JPN,LKA,610452
7131141,162,128,7678,1998,0.0,1238.0,1.248469,1.683182,NLD,LKA,610452
7131142,216,128,7678,1998,1209.0,0.0,0.128633,1.484142,THA,LKA,610452
7131143,224,128,7678,1998,0.0,82173.0,0.085286,1.653589,TUR,LKA,610452
7131144,231,128,7678,1998,0.0,57234.0,1.8223639999999999,0.761336,USA,LKA,610452
7131145,61,143,7678,1998,0.0,5733.0,2.334028,-2.417278,DEU,MMR,610452
7131146,216,143,7678,1998,6646.0,0.0,0.128633,1.484142,THA,MMR,610452
7131147,246,147,7678,1998,5002.0,0.0,0.573958,1.3813739999999999,ZAF,MOZ,610452
7131148,8,180,7678,1998,0.0,1318.0,0.272015,0.45031099999999996,ARG,PRY,610452
7131149,32,180,7678,1998,7084.0,0.0,0.768101,1.04589,BRA,PRY,610452
7131150,81,183,7678,1998,109210.0,0.0,1.906738,0.489101,GBR,QAT,610452
7131151,111,183,7678,1998,3540.0,0.0,1.4532209999999999,1.191124,ITA,QAT,610452
7131152,224,183,7678,1998,5166.0,0.0,0.085286,1.653589,TUR,QAT,610452
7131153,61,248,7678,1998,0.0,48401.0,2.334028,-2.417278,DEU,ZWE,610452
7131154,81,248,7678,1998,9839.0,0.0,1.906738,0.489101,GBR,ZWE,610452
7131155,151,248,7678,1998,1004.0,0.0,-0.621599,-0.755795,MUS,ZWE,610452
7131156,90,4,7678,1998,33757.0,63539.0,0.183835,1.1512790000000002,GRC,ALB,610452
7131157,111,4,7678,1998,1628.0,2436.0,1.4532209999999999,1.191124,ITA,ALB,610452
7131158,71,5,7678,1998,3790.0,936.0,1.051392,1.983438,ESP,AND,610452
7131159,77,5,7678,1998,2640.0,0.0,1.707702,0.7784270000000001,FRA,AND,610452
7131160,81,5,7678,1998,1092.0,0.0,1.906738,0.489101,GBR,AND,610452
7131161,216,5,7678,1998,565.0,0.0,0.128633,1.484142,THA,AND,610452
7131162,97,6,7678,1998,2068.0,0.0,0.46966099999999994,2.5744029999999998,HKG,ANT,610452
7131163,162,6,7678,1998,4723.0,0.0,1.248469,1.683182,NLD,ANT,610452
7131164,236,6,7678,1998,0.0,1381.0,0.288717,-0.540639,VEN,ANT,610452
7131165,231,9,7678,1998,0.0,5253.0,1.8223639999999999,0.761336,USA,ARM,610452
7131166,33,13,7678,1998,0.0,1521.0,0.888487,0.469408,BRB,ATG,610452
7131167,14,75,7678,1998,0.0,76827.0,0.375317,0.8864629999999999,AUS,FJI,610452
7131168,104,75,7678,1998,2134.0,0.0,0.274308,2.316908,IND,FJI,610452
7131169,166,75,7678,1998,0.0,3317.0,0.5690529999999999,0.7752060000000001,NZL,FJI,610452
7131170,231,75,7678,1998,0.0,12757.0,1.8223639999999999,0.761336,USA,FJI,610452
7131171,43,117,7678,1998,2250.0,0.0,0.3658,3.231258,CHN,KGZ,610452
7131172,18,123,7678,1998,0.0,36247.0,1.4740739999999999,1.2530430000000001,BEL,LAO,610452
7131173,64,123,7678,1998,0.0,4834.0,1.225999,1.470145,DNK,LAO,610452
7131174,74,123,7678,1998,0.0,5202.0,2.003987,0.995725,FIN,LAO,610452
7131175,14,156,7678,1998,6267.0,0.0,0.375317,0.8864629999999999,AUS,NCL,610452
7131176,77,156,7678,1998,36406.0,0.0,1.707702,0.7784270000000001,FRA,NCL,610452
7131177,111,156,7678,1998,2290.0,0.0,1.4532209999999999,1.191124,ITA,NCL,610452
7131178,151,156,7678,1998,3921.0,0.0,-0.621599,-0.755795,MUS,NCL,610452
7131179,192,156,7678,1998,1071.0,0.0,1.0029709999999998,0.506545,SGP,NCL,610452
7131180,43,232,7678,1998,4284.0,0.0,0.3658,3.231258,CHN,UZB,610452
7131181,216,232,7678,1998,20996.0,0.0,0.128633,1.484142,THA,UZB,610452
7131182,186,237,7678,1998,6769.0,0.0,0.93909,0.59719,RUS,VGB,610452
7131183,192,240,7678,1998,2408.0,0.0,1.0029709999999998,0.506545,SGP,VUT,610452
7131184,49,0,7678,1998,3113.0,0.0,0.205004,0.13985899999999998,COL,ABW,610452
7131185,162,51,7678,1998,1375.0,0.0,1.248469,1.683182,NLD,CPV,610452
7131186,179,51,7678,1998,8241.0,0.0,0.39771999999999996,1.303603,PRT,CPV,610452
7131187,81,84,7678,1998,1971.0,0.0,1.906738,0.489101,GBR,GIB,610452
7131188,224,219,7678,1998,9384.0,0.0,0.085286,1.653589,TUR,TKM,610452
7131189,231,200,7678,1998,19152.0,0.0,1.8223639999999999,0.761336,USA,SPM,610452
7131190,18,15,7679,1998,77068.0,47758.0,1.4740739999999999,1.2530430000000001,BEL,AUT,610453
7131191,22,15,7679,1998,859.0,0.0,-1.130729,-1.001385,BGD,AUT,610453
7131192,23,15,7679,1998,30155.0,0.0,0.382782,1.5844479999999999,BGR,AUT,610453
7131193,26,15,7679,1998,0.0,7482.0,0.290661,0.18068299999999998,BIH,AUT,610453
7131194,39,15,7679,1998,0.0,1449.0,1.077343,1.119161,CAN,AUT,610453
7131195,41,15,7679,1998,2183.0,145200.0,2.252965,0.561806,CHE,AUT,610453
7131196,43,15,7679,1998,55144.0,0.0,0.3658,3.231258,CHN,AUT,610453
7131197,58,15,7679,1998,6366.0,0.0,0.45990600000000004,0.41840299999999997,CYP,AUT,610453
7131198,59,15,7679,1998,15628.0,5781.0,1.36345,1.408508,CZE,AUT,610453
7131199,61,15,7679,1998,4225940.0,347307.0,2.334028,-2.417278,DEU,AUT,610453
7131200,64,15,7679,1998,163515.0,4231.0,1.225999,1.470145,DNK,AUT,610453
7131201,68,15,7679,1998,7486.0,0.0,-0.462755,0.079802,EGY,AUT,610453
7131202,71,15,7679,1998,28590.0,8073.0,1.051392,1.983438,ESP,AUT,610453
7131203,74,15,7679,1998,10108.0,2569.0,2.003987,0.995725,FIN,AUT,610453
7131204,77,15,7679,1998,118549.0,1738.0,1.707702,0.7784270000000001,FRA,AUT,610453
7131205,81,15,7679,1998,731021.0,10194.0,1.906738,0.489101,GBR,AUT,610453
7131206,90,15,7679,1998,215919.0,0.0,0.183835,1.1512790000000002,GRC,AUT,610453
7131207,97,15,7679,1998,162482.0,1110.0,0.46966099999999994,2.5744029999999998,HKG,AUT,610453
7131208,100,15,7679,1998,6357.0,0.0,0.692779,0.9919530000000001,HRV,AUT,610453
7131209,102,15,7679,1998,10104.0,3249.0,0.780392,1.450701,HUN,AUT,610453
7131210,103,15,7679,1998,9100.0,0.0,-0.478253,1.350652,IDN,AUT,610453
7131211,104,15,7679,1998,18795.0,0.0,0.274308,2.316908,IND,AUT,610453
7131212,106,15,7679,1998,1686.0,0.0,1.451067,0.654442,IRL,AUT,610453
7131213,110,15,7679,1998,23159.0,0.0,1.2643739999999999,0.958475,ISR,AUT,610453
7131214,111,15,7679,1998,780378.0,19707.0,1.4532209999999999,1.191124,ITA,AUT,610453
7131215,121,15,7679,1998,31311.0,0.0,0.999518,1.106351,KOR,AUT,610453
7131216,130,15,7679,1998,8976.0,0.0,0.27073,0.692656,LTU,AUT,610453
7131217,132,15,7679,1998,2499.0,0.0,0.322473,0.388421,LVA,AUT,610453
7131218,133,15,7679,1998,22740.0,0.0,-0.21838000000000002,-0.370322,MAC,AUT,610453
7131219,134,15,7679,1998,39143.0,0.0,-0.7299479999999999,-0.23758200000000002,MAR,AUT,610453
7131220,135,15,7679,1998,0.0,898.0,-0.112783,-0.276584,MDA,AUT,610453
7131221,140,15,7679,1998,7002.0,0.0,0.102559,0.591468,MKD,AUT,610453
7131222,143,15,7679,1998,1071.0,0.0,-1.620365,-0.997957,MMR,AUT,610453
7131223,153,15,7679,1998,11546.0,0.0,0.396826,0.203792,MYS,AUT,610453
7131224,162,15,7679,1998,13942.0,10367.0,1.248469,1.683182,NLD,AUT,610453
7131225,163,15,7679,1998,0.0,1189.0,1.1660190000000001,0.43901899999999994,NOR,AUT,610453
7131226,177,15,7679,1998,155718.0,0.0,0.8638309999999999,1.8881299999999999,POL,AUT,610453
7131227,178,15,7679,1998,34340.0,0.0,0.7417239999999999,0.899826,PRK,AUT,610453
7131228,179,15,7679,1998,14466.0,1824.0,0.39771999999999996,1.303603,PRT,AUT,610453
7131229,185,15,7679,1998,19437.0,0.0,0.315392,0.961176,ROU,AUT,610453
7131230,186,15,7679,1998,0.0,6364.0,0.93909,0.59719,RUS,AUT,610453
7131231,192,15,7679,1998,15207.0,0.0,1.0029709999999998,0.506545,SGP,AUT,610453
7131232,206,15,7679,1998,5571.0,1331.0,1.202453,1.228204,SVK,AUT,610453
7131233,207,15,7679,1998,1180.0,3985.0,1.442955,1.27214,SVN,AUT,610453
7131234,208,15,7679,1998,10899.0,0.0,2.134076,0.9259729999999999,SWE,AUT,610453
7131235,216,15,7679,1998,14195.0,0.0,0.128633,1.484142,THA,AUT,610453
7131236,223,15,7679,1998,38796.0,0.0,-0.21677,-0.08694299999999999,TUN,AUT,610453
7131237,224,15,7679,1998,71443.0,4871.0,0.085286,1.653589,TUR,AUT,610453
7131238,228,15,7679,1998,15296.0,0.0,0.880876,0.783668,UKR,AUT,610453
7131239,231,15,7679,1998,5150.0,0.0,1.8223639999999999,0.761336,USA,AUT,610453
7131240,249,15,7679,1998,15532.0,1139.0,1.224725,1.890322,TWN,AUT,610453
7131241,250,15,7679,1998,3182.0,0.0,1.144164,1.187425,ANS,AUT,610453
7131242,14,18,7679,1998,0.0,8250.0,0.375317,0.8864629999999999,AUS,BEL,610453
7131243,15,18,7679,1998,47758.0,77068.0,1.891966,0.508137,AUT,BEL,610453
7131244,22,18,7679,1998,14975.0,0.0,-1.130729,-1.001385,BGD,BEL,610453
7131245,23,18,7679,1998,58806.0,0.0,0.382782,1.5844479999999999,BGR,BEL,610453
7131246,39,18,7679,1998,1777.0,0.0,1.077343,1.119161,CAN,BEL,610453
7131247,41,18,7679,1998,1420.0,13042.0,2.252965,0.561806,CHE,BEL,610453
7131248,43,18,7679,1998,317576.0,0.0,0.3658,3.231258,CHN,BEL,610453
7131249,52,18,7679,1998,56104.0,0.0,-0.26046199999999997,-0.059391,CRI,BEL,610453
7131250,58,18,7679,1998,1229.0,0.0,0.45990600000000004,0.41840299999999997,CYP,BEL,610453
7131251,59,18,7679,1998,60034.0,7060.0,1.36345,1.408508,CZE,BEL,610453
7131252,61,18,7679,1998,1449108.0,687955.0,2.334028,-2.417278,DEU,BEL,610453
7131253,64,18,7679,1998,84399.0,15326.0,1.225999,1.470145,DNK,BEL,610453
7131254,68,18,7679,1998,5827.0,0.0,-0.462755,0.079802,EGY,BEL,610453
7131255,71,18,7679,1998,100589.0,95387.0,1.051392,1.983438,ESP,BEL,610453
7131256,74,18,7679,1998,85049.0,6447.0,2.003987,0.995725,FIN,BEL,610453
7131257,77,18,7679,1998,2882724.0,2312666.0,1.707702,0.7784270000000001,FRA,BEL,610453
7131258,81,18,7679,1998,252798.0,305521.0,1.906738,0.489101,GBR,BEL,610453
7131259,90,18,7679,1998,5031.0,7257.0,0.183835,1.1512790000000002,GRC,BEL,610453
7131260,97,18,7679,1998,28042.0,0.0,0.46966099999999994,2.5744029999999998,HKG,BEL,610453
7131261,102,18,7679,1998,7011.0,0.0,0.780392,1.450701,HUN,BEL,610453
7131262,103,18,7679,1998,11368.0,0.0,-0.478253,1.350652,IDN,BEL,610453
7131263,104,18,7679,1998,29419.0,0.0,0.274308,2.316908,IND,BEL,610453
7131264,106,18,7679,1998,995.0,14362.0,1.451067,0.654442,IRL,BEL,610453
7131265,111,18,7679,1998,510879.0,67891.0,1.4532209999999999,1.191124,ITA,BEL,610453
7131266,114,18,7679,1998,0.0,3262.0,2.550442,0.718063,JPN,BEL,610453
7131267,124,18,7679,1998,0.0,972.0,0.23803200000000002,0.9927860000000001,LBN,BEL,610453
7131268,128,18,7679,1998,40557.0,0.0,-0.933293,-0.233566,LKA,BEL,610453
7131269,132,18,7679,1998,2246.0,0.0,0.322473,0.388421,LVA,BEL,610453
7131270,133,18,7679,1998,12692.0,0.0,-0.21838000000000002,-0.370322,MAC,BEL,610453
7131271,134,18,7679,1998,439414.0,16647.0,-0.7299479999999999,-0.23758200000000002,MAR,BEL,610453
7131272,140,18,7679,1998,11488.0,0.0,0.102559,0.591468,MKD,BEL,610453
7131273,143,18,7679,1998,17056.0,0.0,-1.620365,-0.997957,MMR,BEL,610453
7131274,151,18,7679,1998,1695.0,0.0,-0.621599,-0.755795,MUS,BEL,610453
7131275,153,18,7679,1998,134155.0,0.0,0.396826,0.203792,MYS,BEL,610453
7131276,162,18,7679,1998,1813774.0,609389.0,1.248469,1.683182,NLD,BEL,610453
7131277,163,18,7679,1998,0.0,72459.0,1.1660190000000001,0.43901899999999994,NOR,BEL,610453
7131278,168,18,7679,1998,13644.0,0.0,-0.9008149999999999,-0.448942,PAK,BEL,610453
7131279,177,18,7679,1998,69986.0,3394.0,0.8638309999999999,1.8881299999999999,POL,BEL,610453
7131280,178,18,7679,1998,3616.0,0.0,0.7417239999999999,0.899826,PRK,BEL,610453
7131281,179,18,7679,1998,69167.0,13088.0,0.39771999999999996,1.303603,PRT,BEL,610453
7131282,185,18,7679,1998,54955.0,0.0,0.315392,0.961176,ROU,BEL,610453
7131283,188,18,7679,1998,0.0,1436.0,0.521849,-0.7550899999999999,SAU,BEL,610453
7131284,192,18,7679,1998,39276.0,1110.0,1.0029709999999998,0.506545,SGP,BEL,610453
7131285,206,18,7679,1998,3563.0,3063.0,1.202453,1.228204,SVK,BEL,610453
7131286,208,18,7679,1998,1171.0,20236.0,2.134076,0.9259729999999999,SWE,BEL,610453
7131287,216,18,7679,1998,9436.0,0.0,0.128633,1.484142,THA,BEL,610453
7131288,223,18,7679,1998,428831.0,1897.0,-0.21677,-0.08694299999999999,TUN,BEL,610453
7131289,224,18,7679,1998,204065.0,0.0,0.085286,1.653589,TUR,BEL,610453
7131290,231,18,7679,1998,45830.0,13678.0,1.8223639999999999,0.761336,USA,BEL,610453
7131291,249,18,7679,1998,72103.0,1304.0,1.224725,1.890322,TWN,BEL,610453
7131292,103,25,7679,1998,22484.0,0.0,-0.478253,1.350652,IDN,BHS,610453
7131293,111,25,7679,1998,2295.0,0.0,1.4532209999999999,1.191124,ITA,BHS,610453
7131294,231,25,7679,1998,6391.0,0.0,1.8223639999999999,0.761336,USA,BHS,610453
7131295,162,33,7679,1998,966.0,0.0,1.248469,1.683182,NLD,BRB,610453
7131296,222,33,7679,1998,12837.0,0.0,0.273917,-0.453996,TTO,BRB,610453
7131297,231,33,7679,1998,0.0,966.0,1.8223639999999999,0.761336,USA,BRB,610453
7131298,5,43,7679,1998,0.0,1098.0,1.079978,0.618452,AND,CHN,610453
7131299,7,43,7679,1998,0.0,426269.0,-0.274973,-0.481405,ARE,CHN,610453
7131300,8,43,7679,1998,0.0,14609.0,0.272015,0.45031099999999996,ARG,CHN,610453
7131301,14,43,7679,1998,0.0,878010.0,0.375317,0.8864629999999999,AUS,CHN,610453
7131302,15,43,7679,1998,0.0,55144.0,1.891966,0.508137,AUT,CHN,610453
7131303,18,43,7679,1998,0.0,317576.0,1.4740739999999999,1.2530430000000001,BEL,CHN,610453
7131304,23,43,7679,1998,0.0,1006.0,0.382782,1.5844479999999999,BGR,CHN,610453
7131305,32,43,7679,1998,0.0,116138.0,0.768101,1.04589,BRA,CHN,610453
7131306,39,43,7679,1998,0.0,42389.0,1.077343,1.119161,CAN,CHN,610453
7131307,41,43,7679,1998,0.0,378250.0,2.252965,0.561806,CHE,CHN,610453
7131308,42,43,7679,1998,0.0,107327.0,0.029706,-0.061149,CHL,CHN,610453
7131309,51,43,7679,1998,0.0,1028.0,0.61526,-0.455517,CPV,CHN,610453
7131310,52,43,7679,1998,0.0,2274.0,-0.26046199999999997,-0.059391,CRI,CHN,610453
7131311,58,43,7679,1998,0.0,7087.0,0.45990600000000004,0.41840299999999997,CYP,CHN,610453
7131312,59,43,7679,1998,2750.0,131229.0,1.36345,1.408508,CZE,CHN,610453
7131313,61,43,7679,1998,2356.0,3369375.0,2.334028,-2.417278,DEU,CHN,610453
7131314,62,43,7679,1998,0.0,800453.0,0.521307,-0.071371,DJI,CHN,610453
7131315,64,43,7679,1998,0.0,1408632.0,1.225999,1.470145,DNK,CHN,610453
7131316,68,43,7679,1998,0.0,5339.0,-0.462755,0.079802,EGY,CHN,610453
7131317,71,43,7679,1998,0.0,420711.0,1.051392,1.983438,ESP,CHN,610453
7131318,72,43,7679,1998,0.0,8432.0,0.53408,1.07691,EST,CHN,610453
7131319,74,43,7679,1998,3761.0,132570.0,2.003987,0.995725,FIN,CHN,610453
7131320,77,43,7679,1998,1568.0,878312.0,1.707702,0.7784270000000001,FRA,CHN,610453
7131321,78,43,7679,1998,0.0,8818.0,-0.6159899999999999,-0.828198,FRO,CHN,610453
7131322,81,43,7679,1998,0.0,661240.0,1.906738,0.489101,GBR,CHN,610453
7131323,90,43,7679,1998,0.0,4711.0,0.183835,1.1512790000000002,GRC,CHN,610453
7131324,92,43,7679,1998,0.0,628.0,-1.011085,-0.8786809999999999,GRL,CHN,610453
7131325,97,43,7679,1998,347406.0,21263228.0,0.46966099999999994,2.5744029999999998,HKG,CHN,610453
7131326,102,43,7679,1998,0.0,53220.0,0.780392,1.450701,HUN,CHN,610453
7131327,104,43,7679,1998,3853.0,0.0,0.274308,2.316908,IND,CHN,610453
7131328,106,43,7679,1998,0.0,71764.0,1.451067,0.654442,IRL,CHN,610453
7131329,109,43,7679,1998,0.0,3252.0,0.18141300000000002,-0.47993500000000006,ISL,CHN,610453
7131330,110,43,7679,1998,0.0,6116.0,1.2643739999999999,0.958475,ISR,CHN,610453
7131331,111,43,7679,1998,3216.0,199436.0,1.4532209999999999,1.191124,ITA,CHN,610453
7131332,112,43,7679,1998,0.0,8865.0,-0.8083739999999999,-0.946183,JAM,CHN,610453
7131333,113,43,7679,1998,0.0,7796.0,0.403009,-0.076366,JOR,CHN,610453
7131334,114,43,7679,1998,2487.0,15331057.0,2.550442,0.718063,JPN,CHN,610453
7131335,115,43,7679,1998,0.0,33136.0,0.245507,-0.389842,KAZ,CHN,610453
7131336,121,43,7679,1998,11652.0,203163.0,0.999518,1.106351,KOR,CHN,610453
7131337,122,43,7679,1998,0.0,71765.0,0.037029,-1.054761,KWT,CHN,610453
7131338,124,43,7679,1998,0.0,16492.0,0.23803200000000002,0.9927860000000001,LBN,CHN,610453
7131339,132,43,7679,1998,0.0,8629.0,0.322473,0.388421,LVA,CHN,610453
7131340,133,43,7679,1998,2775.0,470376.0,-0.21838000000000002,-0.370322,MAC,CHN,610453
7131341,134,43,7679,1998,0.0,1815.0,-0.7299479999999999,-0.23758200000000002,MAR,CHN,610453
7131342,136,43,7679,1998,0.0,3285.0,-1.2600639999999999,-0.566983,MDG,CHN,610453
7131343,138,43,7679,1998,0.0,37534.0,0.525671,0.880649,MEX,CHN,610453
7131344,143,43,7679,1998,0.0,2632.0,-1.620365,-0.997957,MMR,CHN,610453
7131345,153,43,7679,1998,0.0,13015.0,0.396826,0.203792,MYS,CHN,610453
7131346,162,43,7679,1998,0.0,107083.0,1.248469,1.683182,NLD,CHN,610453
7131347,163,43,7679,1998,0.0,463523.0,1.1660190000000001,0.43901899999999994,NOR,CHN,610453
7131348,166,43,7679,1998,0.0,168340.0,0.5690529999999999,0.7752060000000001,NZL,CHN,610453
7131349,169,43,7679,1998,0.0,97973.0,0.010123,0.5677949999999999,PAN,CHN,610453
7131350,173,43,7679,1998,0.0,5592.0,-0.35875300000000004,0.042606,PER,CHN,610453
7131351,174,43,7679,1998,0.0,10597.0,-0.262725,-0.075781,PHL,CHN,610453
7131352,177,43,7679,1998,0.0,69756.0,0.8638309999999999,1.8881299999999999,POL,CHN,610453
7131353,179,43,7679,1998,0.0,18966.0,0.39771999999999996,1.303603,PRT,CHN,610453
7131354,185,43,7679,1998,0.0,31396.0,0.315392,0.961176,ROU,CHN,610453
7131355,186,43,7679,1998,0.0,354588.0,0.93909,0.59719,RUS,CHN,610453
7131356,188,43,7679,1998,0.0,174413.0,0.521849,-0.7550899999999999,SAU,CHN,610453
7131357,189,43,7679,1998,0.0,35829.0,0.603733,1.535453,SCG,CHN,610453
7131358,192,43,7679,1998,0.0,208669.0,1.0029709999999998,0.506545,SGP,CHN,610453
7131359,208,43,7679,1998,0.0,130480.0,2.134076,0.9259729999999999,SWE,CHN,610453
7131360,215,43,7679,1998,0.0,15189.0,-0.8338540000000001,-0.8437020000000001,TGO,CHN,610453
7131361,216,43,7679,1998,0.0,68485.0,0.128633,1.484142,THA,CHN,610453
7131362,222,43,7679,1998,0.0,1723.0,0.273917,-0.453996,TTO,CHN,610453
7131363,223,43,7679,1998,0.0,1197.0,-0.21677,-0.08694299999999999,TUN,CHN,610453
7131364,224,43,7679,1998,0.0,16453.0,0.085286,1.653589,TUR,CHN,610453
7131365,228,43,7679,1998,0.0,40722.0,0.880876,0.783668,UKR,CHN,610453
7131366,230,43,7679,1998,0.0,42753.0,0.323022,0.293694,URY,CHN,610453
7131367,231,43,7679,1998,0.0,1919384.0,1.8223639999999999,0.761336,USA,CHN,610453
7131368,236,43,7679,1998,0.0,154253.0,0.288717,-0.540639,VEN,CHN,610453
7131369,246,43,7679,1998,0.0,101497.0,0.573958,1.3813739999999999,ZAF,CHN,610453
7131370,249,43,7679,1998,8324.0,303370.0,1.224725,1.890322,TWN,CHN,610453
7131371,250,43,7679,1998,1458.0,1420.0,1.144164,1.187425,ANS,CHN,610453
7131372,32,49,7679,1998,1144.0,0.0,0.768101,1.04589,BRA,COL,610453
7131373,42,49,7679,1998,0.0,3269.0,0.029706,-0.061149,CHL,COL,610453
7131374,67,49,7679,1998,0.0,20123.0,-0.990915,-0.9670860000000001,ECU,COL,610453
7131375,77,49,7679,1998,2959.0,0.0,1.707702,0.7784270000000001,FRA,COL,610453
7131376,111,49,7679,1998,23576.0,0.0,1.4532209999999999,1.191124,ITA,COL,610453
7131377,121,49,7679,1998,7011.0,0.0,0.999518,1.106351,KOR,COL,610453
7131378,169,49,7679,1998,0.0,2932.0,0.010123,0.5677949999999999,PAN,COL,610453
7131379,173,49,7679,1998,1276.0,0.0,-0.35875300000000004,0.042606,PER,COL,610453
7131380,231,49,7679,1998,6336.0,33286.0,1.8223639999999999,0.761336,USA,COL,610453
7131381,236,49,7679,1998,0.0,56142.0,0.288717,-0.540639,VEN,COL,610453
7131382,250,49,7679,1998,5467.0,0.0,1.144164,1.187425,ANS,COL,610453
7131383,8,52,7679,1998,0.0,4338.0,0.272015,0.45031099999999996,ARG,CRI,610453
7131384,14,52,7679,1998,0.0,11708.0,0.375317,0.8864629999999999,AUS,CRI,610453
7131385,18,52,7679,1998,0.0,56104.0,1.4740739999999999,1.2530430000000001,BEL,CRI,610453
7131386,39,52,7679,1998,0.0,1554.0,1.077343,1.119161,CAN,CRI,610453
7131387,41,52,7679,1998,0.0,9379.0,2.252965,0.561806,CHE,CRI,610453
7131388,43,52,7679,1998,2274.0,0.0,0.3658,3.231258,CHN,CRI,610453
7131389,61,52,7679,1998,0.0,46568.0,2.334028,-2.417278,DEU,CRI,610453
7131390,71,52,7679,1998,0.0,8928.0,1.051392,1.983438,ESP,CRI,610453
7131391,77,52,7679,1998,0.0,8739.0,1.707702,0.7784270000000001,FRA,CRI,610453
7131392,93,52,7679,1998,8416.0,0.0,-0.344999,0.155524,GTM,CRI,610453
7131393,114,52,7679,1998,0.0,40788.0,2.550442,0.718063,JPN,CRI,610453
7131394,121,52,7679,1998,1439.0,6237.0,0.999518,1.106351,KOR,CRI,610453
7131395,138,52,7679,1998,2582.0,16304.0,0.525671,0.880649,MEX,CRI,610453
7131396,231,52,7679,1998,4911.0,4454.0,1.8223639999999999,0.761336,USA,CRI,610453
7131397,4,61,7679,1998,4733.0,0.0,-0.37657399999999996,-0.201006,ALB,DEU,610453
7131398,7,61,7679,1998,26122.0,14323.0,-0.274973,-0.481405,ARE,DEU,610453
7131399,8,61,7679,1998,0.0,10988.0,0.272015,0.45031099999999996,ARG,DEU,610453
7131400,14,61,7679,1998,0.0,27188.0,0.375317,0.8864629999999999,AUS,DEU,610453
7131401,15,61,7679,1998,347307.0,4225940.0,1.891966,0.508137,AUT,DEU,610453
7131402,16,61,7679,1998,0.0,892.0,0.344571,-0.321203,AZE,DEU,610453
7131403,18,61,7679,1998,687955.0,1449108.0,1.4740739999999999,1.2530430000000001,BEL,DEU,610453
7131404,22,61,7679,1998,49354.0,0.0,-1.130729,-1.001385,BGD,DEU,610453
7131405,23,61,7679,1998,995703.0,2982.0,0.382782,1.5844479999999999,BGR,DEU,610453
7131406,24,61,7679,1998,0.0,9326.0,-0.044219,-0.859931,BHR,DEU,610453
7131407,26,61,7679,1998,43245.0,0.0,0.290661,0.18068299999999998,BIH,DEU,610453
7131408,28,61,7679,1998,94420.0,7621.0,0.9122049999999999,1.161741,BLR,DEU,610453
7131409,39,61,7679,1998,98673.0,161347.0,1.077343,1.119161,CAN,DEU,610453
7131410,41,61,7679,1998,30677.0,3636433.0,2.252965,0.561806,CHE,DEU,610453
7131411,42,61,7679,1998,0.0,969.0,0.029706,-0.061149,CHL,DEU,610453
7131412,43,61,7679,1998,3369375.0,2356.0,0.3658,3.231258,CHN,DEU,610453
7131413,52,61,7679,1998,46568.0,0.0,-0.26046199999999997,-0.059391,CRI,DEU,610453
7131414,54,61,7679,1998,0.0,86652.0,-0.349393,-0.9927889999999999,CUB,DEU,610453
7131415,58,61,7679,1998,29449.0,0.0,0.45990600000000004,0.41840299999999997,CYP,DEU,610453
7131416,59,61,7679,1998,1747132.0,349584.0,1.36345,1.408508,CZE,DEU,610453
7131417,64,61,7679,1998,1531335.0,459372.0,1.225999,1.470145,DNK,DEU,610453
7131418,68,61,7679,1998,98498.0,8656.0,-0.462755,0.079802,EGY,DEU,610453
7131419,71,61,7679,1998,71674.0,181125.0,1.051392,1.983438,ESP,DEU,610453
7131420,72,61,7679,1998,943.0,2883.0,0.53408,1.07691,EST,DEU,610453
7131421,74,61,7679,1998,270576.0,101677.0,2.003987,0.995725,FIN,DEU,610453
7131422,77,61,7679,1998,3088907.0,2010867.0,1.707702,0.7784270000000001,FRA,DEU,610453
7131423,81,61,7679,1998,4983584.0,1482451.0,1.906738,0.489101,GBR,DEU,610453
7131424,82,61,7679,1998,0.0,3557.0,0.644307,0.304707,GEO,DEU,610453
7131425,90,61,7679,1998,2151382.0,149434.0,0.183835,1.1512790000000002,GRC,DEU,610453
7131426,97,61,7679,1998,1042970.0,28199.0,0.46966099999999994,2.5744029999999998,HKG,DEU,610453
7131427,100,61,7679,1998,192809.0,14568.0,0.692779,0.9919530000000001,HRV,DEU,610453
7131428,102,61,7679,1998,983907.0,232588.0,0.780392,1.450701,HUN,DEU,610453
7131429,103,61,7679,1998,728964.0,0.0,-0.478253,1.350652,IDN,DEU,610453
7131430,104,61,7679,1998,187192.0,950.0,0.274308,2.316908,IND,DEU,610453
7131431,106,61,7679,1998,2255.0,277770.0,1.451067,0.654442,IRL,DEU,610453
7131432,107,61,7679,1998,4333.0,8576.0,-0.6626029999999999,-1.0408959999999998,IRN,DEU,610453
7131433,109,61,7679,1998,0.0,13793.0,0.18141300000000002,-0.47993500000000006,ISL,DEU,610453
7131434,110,61,7679,1998,86303.0,38946.0,1.2643739999999999,0.958475,ISR,DEU,610453
7131435,111,61,7679,1998,8616821.0,192870.0,1.4532209999999999,1.191124,ITA,DEU,610453
7131436,112,61,7679,1998,37236.0,0.0,-0.8083739999999999,-0.946183,JAM,DEU,610453
7131437,113,61,7679,1998,0.0,2788.0,0.403009,-0.076366,JOR,DEU,610453
7131438,114,61,7679,1998,24446.0,74200.0,2.550442,0.718063,JPN,DEU,610453
7131439,115,61,7679,1998,0.0,80995.0,0.245507,-0.389842,KAZ,DEU,610453
7131440,118,61,7679,1998,12942.0,0.0,-1.626686,-1.307157,KHM,DEU,610453
7131441,121,61,7679,1998,1135743.0,5584.0,0.999518,1.106351,KOR,DEU,610453
7131442,122,61,7679,1998,0.0,21298.0,0.037029,-1.054761,KWT,DEU,610453
7131443,123,61,7679,1998,8955.0,0.0,-1.251085,-1.1803219999999999,LAO,DEU,610453
7131444,124,61,7679,1998,0.0,52147.0,0.23803200000000002,0.9927860000000001,LBN,DEU,610453
7131445,128,61,7679,1998,228190.0,0.0,-0.933293,-0.233566,LKA,DEU,610453
7131446,130,61,7679,1998,560847.0,21861.0,0.27073,0.692656,LTU,DEU,610453
7131447,132,61,7679,1998,196878.0,6059.0,0.322473,0.388421,LVA,DEU,610453
7131448,133,61,7679,1998,220742.0,0.0,-0.21838000000000002,-0.370322,MAC,DEU,610453
7131449,134,61,7679,1998,2874552.0,14117.0,-0.7299479999999999,-0.23758200000000002,MAR,DEU,610453
7131450,135,61,7679,1998,2550.0,0.0,-0.112783,-0.276584,MDA,DEU,610453
7131451,138,61,7679,1998,1901.0,10805.0,0.525671,0.880649,MEX,DEU,610453
7131452,140,61,7679,1998,216051.0,0.0,0.102559,0.591468,MKD,DEU,610453
7131453,142,61,7679,1998,0.0,5306.0,0.919593,-0.071451,MLT,DEU,610453
7131454,151,61,7679,1998,6625.0,0.0,-0.621599,-0.755795,MUS,DEU,610453
7131455,153,61,7679,1998,149961.0,0.0,0.396826,0.203792,MYS,DEU,610453
7131456,162,61,7679,1998,957079.0,3640728.0,1.248469,1.683182,NLD,DEU,610453
7131457,163,61,7679,1998,0.0,212010.0,1.1660190000000001,0.43901899999999994,NOR,DEU,610453
7131458,166,61,7679,1998,0.0,974.0,0.5690529999999999,0.7752060000000001,NZL,DEU,610453
7131459,167,61,7679,1998,0.0,774.0,-0.38848499999999997,-0.898559,OMN,DEU,610453
7131460,168,61,7679,1998,16139.0,0.0,-0.9008149999999999,-0.448942,PAK,DEU,610453
7131461,174,61,7679,1998,145980.0,0.0,-0.262725,-0.075781,PHL,DEU,610453
7131462,177,61,7679,1998,3451172.0,654124.0,0.8638309999999999,1.8881299999999999,POL,DEU,610453
7131463,179,61,7679,1998,750305.0,29628.0,0.39771999999999996,1.303603,PRT,DEU,610453
7131464,183,61,7679,1998,0.0,3133.0,-1.047819,-1.226928,QAT,DEU,610453
7131465,185,61,7679,1998,1198634.0,9863.0,0.315392,0.961176,ROU,DEU,610453
7131466,186,61,7679,1998,70316.0,381592.0,0.93909,0.59719,RUS,DEU,610453
7131467,188,61,7679,1998,0.0,43383.0,0.521849,-0.7550899999999999,SAU,DEU,610453
7131468,189,61,7679,1998,129133.0,15871.0,0.603733,1.535453,SCG,DEU,610453
7131469,192,61,7679,1998,16688.0,4791.0,1.0029709999999998,0.506545,SGP,DEU,610453
7131470,206,61,7679,1998,204819.0,49435.0,1.202453,1.228204,SVK,DEU,610453
7131471,207,61,7679,1998,192072.0,44596.0,1.442955,1.27214,SVN,DEU,610453
7131472,208,61,7679,1998,126132.0,246638.0,2.134076,0.9259729999999999,SWE,DEU,610453
7131473,212,61,7679,1998,9010.0,0.0,-0.807312,-0.626358,SYR,DEU,610453
7131474,216,61,7679,1998,114782.0,895.0,0.128633,1.484142,THA,DEU,610453
7131475,217,61,7679,1998,0.0,8040.0,-0.577873,-0.9368139999999999,TJK,DEU,610453
7131476,223,61,7679,1998,2829475.0,58619.0,-0.21677,-0.08694299999999999,TUN,DEU,610453
7131477,224,61,7679,1998,6129423.0,60756.0,0.085286,1.653589,TUR,DEU,610453
7131478,228,61,7679,1998,623608.0,34341.0,0.880876,0.783668,UKR,DEU,610453
7131479,231,61,7679,1998,118943.0,113587.0,1.8223639999999999,0.761336,USA,DEU,610453
7131480,236,61,7679,1998,0.0,872.0,0.288717,-0.540639,VEN,DEU,610453
7131481,239,61,7679,1998,71241.0,0.0,-0.9395469999999999,0.060697,VNM,DEU,610453
7131482,246,61,7679,1998,1508.0,6710.0,0.573958,1.3813739999999999,ZAF,DEU,610453
7131483,249,61,7679,1998,748490.0,55571.0,1.224725,1.890322,TWN,DEU,610453
7131484,250,61,7679,1998,0.0,17000.0,1.144164,1.187425,ANS,DEU,610453
7131485,7,64,7679,1998,0.0,3451.0,-0.274973,-0.481405,ARE,DNK,610453
7131486,15,64,7679,1998,4231.0,163515.0,1.891966,0.508137,AUT,DNK,610453
7131487,18,64,7679,1998,15326.0,84399.0,1.4740739999999999,1.2530430000000001,BEL,DNK,610453
7131488,22,64,7679,1998,14186.0,0.0,-1.130729,-1.001385,BGD,DNK,610453
7131489,23,64,7679,1998,30062.0,0.0,0.382782,1.5844479999999999,BGR,DNK,610453
7131490,39,64,7679,1998,0.0,5078.0,1.077343,1.119161,CAN,DNK,610453
7131491,41,64,7679,1998,2191.0,150817.0,2.252965,0.561806,CHE,DNK,610453
7131492,43,64,7679,1998,1408632.0,0.0,0.3658,3.231258,CHN,DNK,610453
7131493,59,64,7679,1998,1845.0,2808.0,1.36345,1.408508,CZE,DNK,610453
7131494,61,64,7679,1998,459372.0,1531335.0,2.334028,-2.417278,DEU,DNK,610453
7131495,68,64,7679,1998,11165.0,0.0,-0.462755,0.079802,EGY,DNK,610453
7131496,71,64,7679,1998,3779.0,23958.0,1.051392,1.983438,ESP,DNK,610453
7131497,72,64,7679,1998,0.0,13098.0,0.53408,1.07691,EST,DNK,610453
7131498,74,64,7679,1998,510279.0,825169.0,2.003987,0.995725,FIN,DNK,610453
7131499,77,64,7679,1998,225276.0,9534.0,1.707702,0.7784270000000001,FRA,DNK,610453
7131500,78,64,7679,1998,0.0,26389.0,-0.6159899999999999,-0.828198,FRO,DNK,610453
7131501,81,64,7679,1998,783268.0,514631.0,1.906738,0.489101,GBR,DNK,610453
7131502,90,64,7679,1998,56191.0,21335.0,0.183835,1.1512790000000002,GRC,DNK,610453
7131503,92,64,7679,1998,0.0,14596.0,-1.011085,-0.8786809999999999,GRL,DNK,610453
7131504,97,64,7679,1998,145268.0,20260.0,0.46966099999999994,2.5744029999999998,HKG,DNK,610453
7131505,100,64,7679,1998,0.0,1798.0,0.692779,0.9919530000000001,HRV,DNK,610453
7131506,103,64,7679,1998,100805.0,0.0,-0.478253,1.350652,IDN,DNK,610453
7131507,104,64,7679,1998,181388.0,0.0,0.274308,2.316908,IND,DNK,610453
7131508,106,64,7679,1998,0.0,380209.0,1.451067,0.654442,IRL,DNK,610453
7131509,109,64,7679,1998,0.0,55159.0,0.18141300000000002,-0.47993500000000006,ISL,DNK,610453
7131510,111,64,7679,1998,622475.0,0.0,1.4532209999999999,1.191124,ITA,DNK,610453
7131511,118,64,7679,1998,94057.0,0.0,-1.626686,-1.307157,KHM,DNK,610453
7131512,121,64,7679,1998,79719.0,0.0,0.999518,1.106351,KOR,DNK,610453
7131513,128,64,7679,1998,28412.0,0.0,-0.933293,-0.233566,LKA,DNK,610453
7131514,130,64,7679,1998,937888.0,397615.0,0.27073,0.692656,LTU,DNK,610453
7131515,132,64,7679,1998,306212.0,42651.0,0.322473,0.388421,LVA,DNK,610453
7131516,133,64,7679,1998,9554.0,0.0,-0.21838000000000002,-0.370322,MAC,DNK,610453
7131517,153,64,7679,1998,89342.0,0.0,0.396826,0.203792,MYS,DNK,610453
7131518,162,64,7679,1998,37701.0,821162.0,1.248469,1.683182,NLD,DNK,610453
7131519,163,64,7679,1998,2647.0,2234583.0,1.1660190000000001,0.43901899999999994,NOR,DNK,610453
7131520,174,64,7679,1998,17312.0,0.0,-0.262725,-0.075781,PHL,DNK,610453
7131521,177,64,7679,1998,1270908.0,374003.0,0.8638309999999999,1.8881299999999999,POL,DNK,610453
7131522,179,64,7679,1998,476478.0,1125.0,0.39771999999999996,1.303603,PRT,DNK,610453
7131523,186,64,7679,1998,0.0,9346.0,0.93909,0.59719,RUS,DNK,610453
7131524,192,64,7679,1998,19384.0,0.0,1.0029709999999998,0.506545,SGP,DNK,610453
7131525,208,64,7679,1998,431397.0,3312025.0,2.134076,0.9259729999999999,SWE,DNK,610453
7131526,216,64,7679,1998,5045.0,0.0,0.128633,1.484142,THA,DNK,610453
7131527,223,64,7679,1998,8366.0,0.0,-0.21677,-0.08694299999999999,TUN,DNK,610453
7131528,224,64,7679,1998,350841.0,0.0,0.085286,1.653589,TUR,DNK,610453
7131529,231,64,7679,1998,0.0,14657.0,1.8223639999999999,0.761336,USA,DNK,610453
7131530,249,64,7679,1998,68558.0,0.0,1.224725,1.890322,TWN,DNK,610453
7131531,49,67,7679,1998,20123.0,0.0,0.205004,0.13985899999999998,COL,ECU,610453
7131532,121,67,7679,1998,33150.0,0.0,0.999518,1.106351,KOR,ECU,610453
7131533,231,67,7679,1998,15765.0,0.0,1.8223639999999999,0.761336,USA,ECU,610453
7131534,236,67,7679,1998,1035.0,0.0,0.288717,-0.540639,VEN,ECU,610453
7131535,5,71,7679,1998,0.0,15476.0,1.079978,0.618452,AND,ESP,610453
7131536,7,71,7679,1998,0.0,43852.0,-0.274973,-0.481405,ARE,ESP,610453
7131537,8,71,7679,1998,0.0,7854.0,0.272015,0.45031099999999996,ARG,ESP,610453
7131538,14,71,7679,1998,0.0,1747.0,0.375317,0.8864629999999999,AUS,ESP,610453
7131539,15,71,7679,1998,8073.0,28590.0,1.891966,0.508137,AUT,ESP,610453
7131540,18,71,7679,1998,95387.0,100589.0,1.4740739999999999,1.2530430000000001,BEL,ESP,610453
7131541,32,71,7679,1998,0.0,5472.0,0.768101,1.04589,BRA,ESP,610453
7131542,41,71,7679,1998,0.0,22851.0,2.252965,0.561806,CHE,ESP,610453
7131543,42,71,7679,1998,0.0,29539.0,0.029706,-0.061149,CHL,ESP,610453
7131544,43,71,7679,1998,420711.0,0.0,0.3658,3.231258,CHN,ESP,610453
7131545,52,71,7679,1998,8928.0,0.0,-0.26046199999999997,-0.059391,CRI,ESP,610453
7131546,58,71,7679,1998,21364.0,5476.0,0.45990600000000004,0.41840299999999997,CYP,ESP,610453
7131547,59,71,7679,1998,23655.0,0.0,1.36345,1.408508,CZE,ESP,610453
7131548,61,71,7679,1998,181125.0,71674.0,2.334028,-2.417278,DEU,ESP,610453
7131549,64,71,7679,1998,23958.0,3779.0,1.225999,1.470145,DNK,ESP,610453
7131550,65,71,7679,1998,0.0,3083.0,-0.772271,-0.765258,DOM,ESP,610453
7131551,68,71,7679,1998,2299.0,0.0,-0.462755,0.079802,EGY,ESP,610453
7131552,74,71,7679,1998,9458.0,1412.0,2.003987,0.995725,FIN,ESP,610453
7131553,77,71,7679,1998,1179240.0,405837.0,1.707702,0.7784270000000001,FRA,ESP,610453
7131554,81,71,7679,1998,492690.0,87385.0,1.906738,0.489101,GBR,ESP,610453
7131555,90,71,7679,1998,0.0,88023.0,0.183835,1.1512790000000002,GRC,ESP,610453
7131556,97,71,7679,1998,68140.0,1572.0,0.46966099999999994,2.5744029999999998,HKG,ESP,610453
7131557,102,71,7679,1998,2759.0,1667.0,0.780392,1.450701,HUN,ESP,610453
7131558,103,71,7679,1998,33975.0,0.0,-0.478253,1.350652,IDN,ESP,610453
7131559,104,71,7679,1998,387640.0,0.0,0.274308,2.316908,IND,ESP,610453
7131560,106,71,7679,1998,43373.0,13089.0,1.451067,0.654442,IRL,ESP,610453
7131561,110,71,7679,1998,2590.0,42361.0,1.2643739999999999,0.958475,ISR,ESP,610453
7131562,111,71,7679,1998,427353.0,19813.0,1.4532209999999999,1.191124,ITA,ESP,610453
7131563,112,71,7679,1998,6804.0,0.0,-0.8083739999999999,-0.946183,JAM,ESP,610453
7131564,113,71,7679,1998,0.0,2033.0,0.403009,-0.076366,JOR,ESP,610453
7131565,114,71,7679,1998,0.0,1264.0,2.550442,0.718063,JPN,ESP,610453
7131566,118,71,7679,1998,2340.0,0.0,-1.626686,-1.307157,KHM,ESP,610453
7131567,121,71,7679,1998,19474.0,0.0,0.999518,1.106351,KOR,ESP,610453
7131568,122,71,7679,1998,0.0,1058.0,0.037029,-1.054761,KWT,ESP,610453
7131569,124,71,7679,1998,0.0,6932.0,0.23803200000000002,0.9927860000000001,LBN,ESP,610453
7131570,130,71,7679,1998,31624.0,0.0,0.27073,0.692656,LTU,ESP,610453
7131571,133,71,7679,1998,81610.0,0.0,-0.21838000000000002,-0.370322,MAC,ESP,610453
7131572,134,71,7679,1998,26575.0,0.0,-0.7299479999999999,-0.23758200000000002,MAR,ESP,610453
7131573,138,71,7679,1998,2861.0,22610.0,0.525671,0.880649,MEX,ESP,610453
7131574,153,71,7679,1998,23143.0,0.0,0.396826,0.203792,MYS,ESP,610453
7131575,162,71,7679,1998,12271.0,55463.0,1.248469,1.683182,NLD,ESP,610453
7131576,163,71,7679,1998,0.0,3561.0,1.1660190000000001,0.43901899999999994,NOR,ESP,610453
7131577,173,71,7679,1998,0.0,15744.0,-0.35875300000000004,0.042606,PER,ESP,610453
7131578,177,71,7679,1998,45481.0,0.0,0.8638309999999999,1.8881299999999999,POL,ESP,610453
7131579,179,71,7679,1998,237379.0,246799.0,0.39771999999999996,1.303603,PRT,ESP,610453
7131580,185,71,7679,1998,11088.0,0.0,0.315392,0.961176,ROU,ESP,610453
7131581,188,71,7679,1998,0.0,2430.0,0.521849,-0.7550899999999999,SAU,ESP,610453
7131582,192,71,7679,1998,9367.0,28706.0,1.0029709999999998,0.506545,SGP,ESP,610453
7131583,207,71,7679,1998,0.0,948.0,1.442955,1.27214,SVN,ESP,610453
7131584,208,71,7679,1998,0.0,6282.0,2.134076,0.9259729999999999,SWE,ESP,610453
7131585,216,71,7679,1998,3656.0,1768.0,0.128633,1.484142,THA,ESP,610453
7131586,223,71,7679,1998,2740.0,0.0,-0.21677,-0.08694299999999999,TUN,ESP,610453
7131587,224,71,7679,1998,17871.0,3230.0,0.085286,1.653589,TUR,ESP,610453
7131588,231,71,7679,1998,32324.0,36960.0,1.8223639999999999,0.761336,USA,ESP,610453
7131589,236,71,7679,1998,0.0,3748.0,0.288717,-0.540639,VEN,ESP,610453
7131590,239,71,7679,1998,5038.0,0.0,-0.9395469999999999,0.060697,VNM,ESP,610453
7131591,249,71,7679,1998,21944.0,6577.0,1.224725,1.890322,TWN,ESP,610453
7131592,14,74,7679,1998,0.0,8618.0,0.375317,0.8864629999999999,AUS,FIN,610453
7131593,15,74,7679,1998,2569.0,10108.0,1.891966,0.508137,AUT,FIN,610453
7131594,18,74,7679,1998,6447.0,85049.0,1.4740739999999999,1.2530430000000001,BEL,FIN,610453
7131595,22,74,7679,1998,1559.0,0.0,-1.130729,-1.001385,BGD,FIN,610453
7131596,23,74,7679,1998,2902.0,0.0,0.382782,1.5844479999999999,BGR,FIN,610453
7131597,28,74,7679,1998,5154.0,0.0,0.9122049999999999,1.161741,BLR,FIN,610453
7131598,39,74,7679,1998,2860.0,0.0,1.077343,1.119161,CAN,FIN,610453
7131599,41,74,7679,1998,0.0,3668.0,2.252965,0.561806,CHE,FIN,610453
7131600,43,74,7679,1998,132570.0,3761.0,0.3658,3.231258,CHN,FIN,610453
7131601,61,74,7679,1998,101677.0,270576.0,2.334028,-2.417278,DEU,FIN,610453
7131602,64,74,7679,1998,825169.0,510279.0,1.225999,1.470145,DNK,FIN,610453
7131603,71,74,7679,1998,1412.0,9458.0,1.051392,1.983438,ESP,FIN,610453
7131604,72,74,7679,1998,75428.0,96069.0,0.53408,1.07691,EST,FIN,610453
7131605,77,74,7679,1998,68082.0,0.0,1.707702,0.7784270000000001,FRA,FIN,610453
7131606,81,74,7679,1998,177113.0,1405505.0,1.906738,0.489101,GBR,FIN,610453
7131607,90,74,7679,1998,41454.0,5403.0,0.183835,1.1512790000000002,GRC,FIN,610453
7131608,97,74,7679,1998,60092.0,0.0,0.46966099999999994,2.5744029999999998,HKG,FIN,610453
7131609,102,74,7679,1998,3565.0,2385.0,0.780392,1.450701,HUN,FIN,610453
7131610,103,74,7679,1998,28805.0,0.0,-0.478253,1.350652,IDN,FIN,610453
7131611,104,74,7679,1998,1533.0,0.0,0.274308,2.316908,IND,FIN,610453
7131612,106,74,7679,1998,0.0,13961.0,1.451067,0.654442,IRL,FIN,610453
7131613,110,74,7679,1998,0.0,1491.0,1.2643739999999999,0.958475,ISR,FIN,610453
7131614,111,74,7679,1998,63314.0,0.0,1.4532209999999999,1.191124,ITA,FIN,610453
7131615,118,74,7679,1998,8303.0,0.0,-1.626686,-1.307157,KHM,FIN,610453
7131616,121,74,7679,1998,35130.0,0.0,0.999518,1.106351,KOR,FIN,610453
7131617,123,74,7679,1998,3177.0,0.0,-1.251085,-1.1803219999999999,LAO,FIN,610453
7131618,130,74,7679,1998,68637.0,0.0,0.27073,0.692656,LTU,FIN,610453
7131619,132,74,7679,1998,93056.0,0.0,0.322473,0.388421,LVA,FIN,610453
7131620,133,74,7679,1998,19314.0,0.0,-0.21838000000000002,-0.370322,MAC,FIN,610453
7131621,153,74,7679,1998,2695.0,0.0,0.396826,0.203792,MYS,FIN,610453
7131622,162,74,7679,1998,11922.0,393662.0,1.248469,1.683182,NLD,FIN,610453
7131623,163,74,7679,1998,0.0,459194.0,1.1660190000000001,0.43901899999999994,NOR,FIN,610453
7131624,177,74,7679,1998,13302.0,317442.0,0.8638309999999999,1.8881299999999999,POL,FIN,610453
7131625,179,74,7679,1998,37960.0,0.0,0.39771999999999996,1.303603,PRT,FIN,610453
7131626,185,74,7679,1998,5615.0,0.0,0.315392,0.961176,ROU,FIN,610453
7131627,186,74,7679,1998,7185.0,111823.0,0.93909,0.59719,RUS,FIN,610453
7131628,208,74,7679,1998,700906.0,616541.0,2.134076,0.9259729999999999,SWE,FIN,610453
7131629,216,74,7679,1998,8966.0,0.0,0.128633,1.484142,THA,FIN,610453
7131630,223,74,7679,1998,2107.0,0.0,-0.21677,-0.08694299999999999,TUN,FIN,610453
7131631,224,74,7679,1998,44292.0,0.0,0.085286,1.653589,TUR,FIN,610453
7131632,231,74,7679,1998,0.0,1361.0,1.8223639999999999,0.761336,USA,FIN,610453
7131633,4,77,7679,1998,30067.0,0.0,-0.37657399999999996,-0.201006,ALB,FRA,610453
7131634,5,77,7679,1998,0.0,1319.0,1.079978,0.618452,AND,FRA,610453
7131635,8,77,7679,1998,0.0,5276.0,0.272015,0.45031099999999996,ARG,FRA,610453
7131636,9,77,7679,1998,0.0,1188.0,0.848252,-0.159457,ARM,FRA,610453
7131637,14,77,7679,1998,0.0,34801.0,0.375317,0.8864629999999999,AUS,FRA,610453
7131638,15,77,7679,1998,1738.0,118549.0,1.891966,0.508137,AUT,FRA,610453
7131639,18,77,7679,1998,2312666.0,2882724.0,1.4740739999999999,1.2530430000000001,BEL,FRA,610453
7131640,22,77,7679,1998,10580.0,0.0,-1.130729,-1.001385,BGD,FRA,610453
7131641,23,77,7679,1998,24164.0,0.0,0.382782,1.5844479999999999,BGR,FRA,610453
7131642,28,77,7679,1998,3419.0,1418.0,0.9122049999999999,1.161741,BLR,FRA,610453
7131643,32,77,7679,1998,2019.0,2783.0,0.768101,1.04589,BRA,FRA,610453
7131644,39,77,7679,1998,0.0,12374.0,1.077343,1.119161,CAN,FRA,610453
7131645,41,77,7679,1998,14712.0,604448.0,2.252965,0.561806,CHE,FRA,610453
7131646,42,77,7679,1998,0.0,22726.0,0.029706,-0.061149,CHL,FRA,610453
7131647,43,77,7679,1998,878312.0,1568.0,0.3658,3.231258,CHN,FRA,610453
7131648,44,77,7679,1998,0.0,15978.0,-0.75115,-0.753865,CIV,FRA,610453
7131649,45,77,7679,1998,0.0,1269.0,-1.8845029999999998,-1.250205,CMR,FRA,610453
7131650,49,77,7679,1998,0.0,2959.0,0.205004,0.13985899999999998,COL,FRA,610453
7131651,52,77,7679,1998,8739.0,0.0,-0.26046199999999997,-0.059391,CRI,FRA,610453
7131652,58,77,7679,1998,202025.0,15176.0,0.45990600000000004,0.41840299999999997,CYP,FRA,610453
7131653,59,77,7679,1998,31221.0,9484.0,1.36345,1.408508,CZE,FRA,610453
7131654,61,77,7679,1998,2010867.0,3088907.0,2.334028,-2.417278,DEU,FRA,610453
7131655,62,77,7679,1998,0.0,2408.0,0.521307,-0.071371,DJI,FRA,610453
7131656,64,77,7679,1998,9534.0,225276.0,1.225999,1.470145,DNK,FRA,610453
7131657,71,77,7679,1998,405837.0,1179240.0,1.051392,1.983438,ESP,FRA,610453
7131658,74,77,7679,1998,0.0,68082.0,2.003987,0.995725,FIN,FRA,610453
7131659,81,77,7679,1998,1387564.0,2686609.0,1.906738,0.489101,GBR,FRA,610453
7131660,90,77,7679,1998,187623.0,232785.0,0.183835,1.1512790000000002,GRC,FRA,610453
7131661,97,77,7679,1998,94758.0,20863.0,0.46966099999999994,2.5744029999999998,HKG,FRA,610453
7131662,100,77,7679,1998,6436.0,8516.0,0.692779,0.9919530000000001,HRV,FRA,610453
7131663,102,77,7679,1998,101718.0,10462.0,0.780392,1.450701,HUN,FRA,610453
7131664,103,77,7679,1998,59255.0,0.0,-0.478253,1.350652,IDN,FRA,610453
7131665,104,77,7679,1998,128964.0,0.0,0.274308,2.316908,IND,FRA,610453
7131666,106,77,7679,1998,0.0,18638.0,1.451067,0.654442,IRL,FRA,610453
7131667,109,77,7679,1998,0.0,2331.0,0.18141300000000002,-0.47993500000000006,ISL,FRA,610453
7131668,110,77,7679,1998,0.0,57095.0,1.2643739999999999,0.958475,ISR,FRA,610453
7131669,111,77,7679,1998,2144959.0,959491.0,1.4532209999999999,1.191124,ITA,FRA,610453
7131670,114,77,7679,1998,113807.0,137030.0,2.550442,0.718063,JPN,FRA,610453
7131671,115,77,7679,1998,0.0,3410.0,0.245507,-0.389842,KAZ,FRA,610453
7131672,118,77,7679,1998,9694.0,0.0,-1.626686,-1.307157,KHM,FRA,610453
7131673,121,77,7679,1998,193982.0,2388.0,0.999518,1.106351,KOR,FRA,610453
7131674,122,77,7679,1998,0.0,26219.0,0.037029,-1.054761,KWT,FRA,610453
7131675,124,77,7679,1998,0.0,51891.0,0.23803200000000002,0.9927860000000001,LBN,FRA,610453
7131676,128,77,7679,1998,86260.0,0.0,-0.933293,-0.233566,LKA,FRA,610453
7131677,130,77,7679,1998,13818.0,43509.0,0.27073,0.692656,LTU,FRA,610453
7131678,132,77,7679,1998,7118.0,1600.0,0.322473,0.388421,LVA,FRA,610453
7131679,133,77,7679,1998,561513.0,3947.0,-0.21838000000000002,-0.370322,MAC,FRA,610453
7131680,134,77,7679,1998,1270836.0,4989.0,-0.7299479999999999,-0.23758200000000002,MAR,FRA,610453
7131681,135,77,7679,1998,13103.0,1582.0,-0.112783,-0.276584,MDA,FRA,610453
7131682,136,77,7679,1998,5432.0,0.0,-1.2600639999999999,-0.566983,MDG,FRA,610453
7131683,138,77,7679,1998,0.0,1597.0,0.525671,0.880649,MEX,FRA,610453
7131684,143,77,7679,1998,42407.0,0.0,-1.620365,-0.997957,MMR,FRA,610453
7131685,151,77,7679,1998,1333.0,0.0,-0.621599,-0.755795,MUS,FRA,610453
7131686,153,77,7679,1998,482193.0,0.0,0.396826,0.203792,MYS,FRA,610453
7131687,156,77,7679,1998,0.0,17092.0,-0.846726,-0.879084,NCL,FRA,610453
7131688,162,77,7679,1998,320751.0,858344.0,1.248469,1.683182,NLD,FRA,610453
7131689,163,77,7679,1998,0.0,17198.0,1.1660190000000001,0.43901899999999994,NOR,FRA,610453
7131690,173,77,7679,1998,0.0,9298.0,-0.35875300000000004,0.042606,PER,FRA,610453
7131691,174,77,7679,1998,9110.0,2484.0,-0.262725,-0.075781,PHL,FRA,610453
7131692,177,77,7679,1998,119113.0,50944.0,0.8638309999999999,1.8881299999999999,POL,FRA,610453
7131693,179,77,7679,1998,785187.0,744265.0,0.39771999999999996,1.303603,PRT,FRA,610453
7131694,182,77,7679,1998,0.0,881.0,0.422645,-0.607595,PYF,FRA,610453
7131695,183,77,7679,1998,0.0,4080.0,-1.047819,-1.226928,QAT,FRA,610453
7131696,185,77,7679,1998,214201.0,0.0,0.315392,0.961176,ROU,FRA,610453
7131697,186,77,7679,1998,1020.0,108248.0,0.93909,0.59719,RUS,FRA,610453
7131698,188,77,7679,1998,0.0,34994.0,0.521849,-0.7550899999999999,SAU,FRA,610453
7131699,189,77,7679,1998,1733.0,0.0,0.603733,1.535453,SCG,FRA,610453
7131700,192,77,7679,1998,78925.0,7410.0,1.0029709999999998,0.506545,SGP,FRA,610453
7131701,197,77,7679,1998,90690.0,0.0,-0.202965,-0.000499,SLV,FRA,610453
7131702,207,77,7679,1998,0.0,6115.0,1.442955,1.27214,SVN,FRA,610453
7131703,208,77,7679,1998,5419.0,121694.0,2.134076,0.9259729999999999,SWE,FRA,610453
7131704,216,77,7679,1998,42255.0,1055.0,0.128633,1.484142,THA,FRA,610453
7131705,223,77,7679,1998,1037050.0,40092.0,-0.21677,-0.08694299999999999,TUN,FRA,610453
7131706,224,77,7679,1998,667957.0,16800.0,0.085286,1.653589,TUR,FRA,610453
7131707,228,77,7679,1998,20270.0,0.0,0.880876,0.783668,UKR,FRA,610453
7131708,230,77,7679,1998,0.0,1144.0,0.323022,0.293694,URY,FRA,610453
7131709,231,77,7679,1998,31072.0,18885.0,1.8223639999999999,0.761336,USA,FRA,610453
7131710,236,77,7679,1998,0.0,2304.0,0.288717,-0.540639,VEN,FRA,610453
7131711,239,77,7679,1998,17757.0,0.0,-0.9395469999999999,0.060697,VNM,FRA,610453
7131712,246,77,7679,1998,5319.0,8011.0,0.573958,1.3813739999999999,ZAF,FRA,610453
7131713,249,77,7679,1998,83775.0,4422.0,1.224725,1.890322,TWN,FRA,610453
7131714,250,77,7679,1998,1048402.0,10393.0,1.144164,1.187425,ANS,FRA,610453
7131715,4,81,7679,1998,0.0,31728.0,-0.37657399999999996,-0.201006,ALB,GBR,610453
7131716,7,81,7679,1998,99806.0,338020.0,-0.274973,-0.481405,ARE,GBR,610453
7131717,8,81,7679,1998,0.0,10084.0,0.272015,0.45031099999999996,ARG,GBR,610453
7131718,14,81,7679,1998,1851.0,4393.0,0.375317,0.8864629999999999,AUS,GBR,610453
7131719,15,81,7679,1998,10194.0,731021.0,1.891966,0.508137,AUT,GBR,610453
7131720,18,81,7679,1998,305521.0,252798.0,1.4740739999999999,1.2530430000000001,BEL,GBR,610453
7131721,22,81,7679,1998,19991.0,0.0,-1.130729,-1.001385,BGD,GBR,610453
7131722,23,81,7679,1998,4329.0,0.0,0.382782,1.5844479999999999,BGR,GBR,610453
7131723,24,81,7679,1998,0.0,72078.0,-0.044219,-0.859931,BHR,GBR,610453
7131724,30,81,7679,1998,0.0,8924.0,0.900948,-0.340868,BMU,GBR,610453
7131725,39,81,7679,1998,1022236.0,13451.0,1.077343,1.119161,CAN,GBR,610453
7131726,41,81,7679,1998,16464.0,817901.0,2.252965,0.561806,CHE,GBR,610453
7131727,43,81,7679,1998,661240.0,0.0,0.3658,3.231258,CHN,GBR,610453
7131728,57,81,7679,1998,0.0,1606.0,0.924544,-0.39263899999999996,CYM,GBR,610453
7131729,58,81,7679,1998,272914.0,116815.0,0.45990600000000004,0.41840299999999997,CYP,GBR,610453
7131730,59,81,7679,1998,0.0,53501.0,1.36345,1.408508,CZE,GBR,610453
7131731,61,81,7679,1998,1482451.0,4983584.0,2.334028,-2.417278,DEU,GBR,610453
7131732,64,81,7679,1998,514631.0,783268.0,1.225999,1.470145,DNK,GBR,610453
7131733,66,81,7679,1998,0.0,3644.0,-0.726061,-1.161031,DZA,GBR,610453
7131734,68,81,7679,1998,38703.0,1448.0,-0.462755,0.079802,EGY,GBR,610453
7131735,71,81,7679,1998,87385.0,492690.0,1.051392,1.983438,ESP,GBR,610453
7131736,72,81,7679,1998,0.0,46791.0,0.53408,1.07691,EST,GBR,610453
7131737,74,81,7679,1998,1405505.0,177113.0,2.003987,0.995725,FIN,GBR,610453
7131738,77,81,7679,1998,2686609.0,1387564.0,1.707702,0.7784270000000001,FRA,GBR,610453
7131739,78,81,7679,1998,0.0,3436.0,-0.6159899999999999,-0.828198,FRO,GBR,610453
7131740,84,81,7679,1998,0.0,123163.0,0.6941689999999999,-0.21656,GIB,GBR,610453
7131741,90,81,7679,1998,177972.0,231872.0,0.183835,1.1512790000000002,GRC,GBR,610453
7131742,92,81,7679,1998,0.0,590.0,-1.011085,-0.8786809999999999,GRL,GBR,610453
7131743,97,81,7679,1998,4494938.0,164009.0,0.46966099999999994,2.5744029999999998,HKG,GBR,610453
7131744,102,81,7679,1998,0.0,34680.0,0.780392,1.450701,HUN,GBR,610453
7131745,103,81,7679,1998,33345.0,3483.0,-0.478253,1.350652,IDN,GBR,610453
7131746,104,81,7679,1998,241313.0,0.0,0.274308,2.316908,IND,GBR,610453
7131747,106,81,7679,1998,465928.0,2298399.0,1.451067,0.654442,IRL,GBR,610453
7131748,109,81,7679,1998,0.0,10593.0,0.18141300000000002,-0.47993500000000006,ISL,GBR,610453
7131749,110,81,7679,1998,21360.0,66944.0,1.2643739999999999,0.958475,ISR,GBR,610453
7131750,111,81,7679,1998,1153723.0,44832.0,1.4532209999999999,1.191124,ITA,GBR,610453
7131751,113,81,7679,1998,0.0,1372.0,0.403009,-0.076366,JOR,GBR,610453
7131752,114,81,7679,1998,28927.0,47955.0,2.550442,0.718063,JPN,GBR,610453
7131753,116,81,7679,1998,0.0,1748.0,-0.434978,0.10193300000000001,KEN,GBR,610453
7131754,118,81,7679,1998,46028.0,0.0,-1.626686,-1.307157,KHM,GBR,610453
7131755,121,81,7679,1998,254473.0,8450.0,0.999518,1.106351,KOR,GBR,610453
7131756,122,81,7679,1998,0.0,280473.0,0.037029,-1.054761,KWT,GBR,610453
7131757,124,81,7679,1998,0.0,13375.0,0.23803200000000002,0.9927860000000001,LBN,GBR,610453
7131758,128,81,7679,1998,530579.0,0.0,-0.933293,-0.233566,LKA,GBR,610453
7131759,130,81,7679,1998,99917.0,6290.0,0.27073,0.692656,LTU,GBR,610453
7131760,133,81,7679,1998,409339.0,0.0,-0.21838000000000002,-0.370322,MAC,GBR,610453
7131761,134,81,7679,1998,161511.0,0.0,-0.7299479999999999,-0.23758200000000002,MAR,GBR,610453
7131762,138,81,7679,1998,0.0,16823.0,0.525671,0.880649,MEX,GBR,610453
7131763,142,81,7679,1998,0.0,34475.0,0.919593,-0.071451,MLT,GBR,610453
7131764,153,81,7679,1998,207796.0,5942.0,0.396826,0.203792,MYS,GBR,610453
7131765,162,81,7679,1998,85537.0,1510245.0,1.248469,1.683182,NLD,GBR,610453
7131766,163,81,7679,1998,3454.0,461647.0,1.1660190000000001,0.43901899999999994,NOR,GBR,610453
7131767,167,81,7679,1998,0.0,22028.0,-0.38848499999999997,-0.898559,OMN,GBR,610453
7131768,168,81,7679,1998,18687.0,0.0,-0.9008149999999999,-0.448942,PAK,GBR,610453
7131769,174,81,7679,1998,37732.0,21149.0,-0.262725,-0.075781,PHL,GBR,610453
7131770,177,81,7679,1998,20645.0,3351.0,0.8638309999999999,1.8881299999999999,POL,GBR,610453
7131771,179,81,7679,1998,999230.0,84940.0,0.39771999999999996,1.303603,PRT,GBR,610453
7131772,183,81,7679,1998,0.0,34407.0,-1.047819,-1.226928,QAT,GBR,610453
7131773,185,81,7679,1998,523942.0,0.0,0.315392,0.961176,ROU,GBR,610453
7131774,186,81,7679,1998,0.0,26980.0,0.93909,0.59719,RUS,GBR,610453
7131775,188,81,7679,1998,0.0,332353.0,0.521849,-0.7550899999999999,SAU,GBR,610453
7131776,192,81,7679,1998,831929.0,129945.0,1.0029709999999998,0.506545,SGP,GBR,610453
7131777,206,81,7679,1998,0.0,1954.0,1.202453,1.228204,SVK,GBR,610453
7131778,207,81,7679,1998,0.0,2221.0,1.442955,1.27214,SVN,GBR,610453
7131779,208,81,7679,1998,588747.0,2046097.0,2.134076,0.9259729999999999,SWE,GBR,610453
7131780,216,81,7679,1998,21009.0,11826.0,0.128633,1.484142,THA,GBR,610453
7131781,224,81,7679,1998,1213993.0,89761.0,0.085286,1.653589,TUR,GBR,610453
7131782,228,81,7679,1998,0.0,2011.0,0.880876,0.783668,UKR,GBR,610453
7131783,231,81,7679,1998,39347.0,19391.0,1.8223639999999999,0.761336,USA,GBR,610453
7131784,232,81,7679,1998,0.0,1497.0,-0.283425,-0.7488520000000001,UZB,GBR,610453
7131785,239,81,7679,1998,420163.0,0.0,-0.9395469999999999,0.060697,VNM,GBR,610453
7131786,246,81,7679,1998,0.0,6546.0,0.573958,1.3813739999999999,ZAF,GBR,610453
7131787,248,81,7679,1998,0.0,3790.0,-0.49939399999999995,-0.430733,ZWE,GBR,610453
7131788,249,81,7679,1998,441139.0,16273.0,1.224725,1.890322,TWN,GBR,610453
7131789,4,90,7679,1998,6363.0,2673.0,-0.37657399999999996,-0.201006,ALB,GRC,610453
7131790,7,90,7679,1998,5830.0,0.0,-0.274973,-0.481405,ARE,GRC,610453
7131791,15,90,7679,1998,0.0,215919.0,1.891966,0.508137,AUT,GRC,610453
7131792,18,90,7679,1998,7257.0,5031.0,1.4740739999999999,1.2530430000000001,BEL,GRC,610453
7131793,23,90,7679,1998,98940.0,80647.0,0.382782,1.5844479999999999,BGR,GRC,610453
7131794,39,90,7679,1998,0.0,8350.0,1.077343,1.119161,CAN,GRC,610453
7131795,41,90,7679,1998,1369.0,88927.0,2.252965,0.561806,CHE,GRC,610453
7131796,43,90,7679,1998,4711.0,0.0,0.3658,3.231258,CHN,GRC,610453
7131797,58,90,7679,1998,1021.0,217186.0,0.45990600000000004,0.41840299999999997,CYP,GRC,610453
7131798,59,90,7679,1998,0.0,50463.0,1.36345,1.408508,CZE,GRC,610453
7131799,61,90,7679,1998,149434.0,2151382.0,2.334028,-2.417278,DEU,GRC,610453
7131800,64,90,7679,1998,21335.0,56191.0,1.225999,1.470145,DNK,GRC,610453
7131801,71,90,7679,1998,88023.0,0.0,1.051392,1.983438,ESP,GRC,610453
7131802,74,90,7679,1998,5403.0,41454.0,2.003987,0.995725,FIN,GRC,610453
7131803,77,90,7679,1998,232785.0,187623.0,1.707702,0.7784270000000001,FRA,GRC,610453
7131804,81,90,7679,1998,231872.0,177972.0,1.906738,0.489101,GBR,GRC,610453
7131805,97,90,7679,1998,6608.0,0.0,0.46966099999999994,2.5744029999999998,HKG,GRC,610453
7131806,103,90,7679,1998,2515.0,0.0,-0.478253,1.350652,IDN,GRC,610453
7131807,104,90,7679,1998,5540.0,0.0,0.274308,2.316908,IND,GRC,610453
7131808,110,90,7679,1998,1270.0,8977.0,1.2643739999999999,0.958475,ISR,GRC,610453
7131809,111,90,7679,1998,285950.0,13690.0,1.4532209999999999,1.191124,ITA,GRC,610453
7131810,121,90,7679,1998,9460.0,0.0,0.999518,1.106351,KOR,GRC,610453
7131811,124,90,7679,1998,0.0,2587.0,0.23803200000000002,0.9927860000000001,LBN,GRC,610453
7131812,140,90,7679,1998,11840.0,0.0,0.102559,0.591468,MKD,GRC,610453
7131813,142,90,7679,1998,0.0,2190.0,0.919593,-0.071451,MLT,GRC,610453
7131814,162,90,7679,1998,12731.0,156974.0,1.248469,1.683182,NLD,GRC,610453
7131815,163,90,7679,1998,0.0,285756.0,1.1660190000000001,0.43901899999999994,NOR,GRC,610453
7131816,179,90,7679,1998,0.0,1963.0,0.39771999999999996,1.303603,PRT,GRC,610453
7131817,189,90,7679,1998,9418.0,0.0,0.603733,1.535453,SCG,GRC,610453
7131818,208,90,7679,1998,2820.0,356434.0,2.134076,0.9259729999999999,SWE,GRC,610453
7131819,212,90,7679,1998,4957.0,2587.0,-0.807312,-0.626358,SYR,GRC,610453
7131820,224,90,7679,1998,7475.0,0.0,0.085286,1.653589,TUR,GRC,610453
7131821,231,90,7679,1998,5139.0,17068.0,1.8223639999999999,0.761336,USA,GRC,610453
7131822,246,90,7679,1998,2913.0,0.0,0.573958,1.3813739999999999,ZAF,GRC,610453
7131823,39,93,7679,1998,0.0,2521.0,1.077343,1.119161,CAN,GTM,610453
7131824,52,93,7679,1998,0.0,8416.0,-0.26046199999999997,-0.059391,CRI,GTM,610453
7131825,99,93,7679,1998,0.0,7754.0,-0.9326049999999999,-0.598527,HND,GTM,610453
7131826,103,93,7679,1998,1089.0,0.0,-0.478253,1.350652,IDN,GTM,610453
7131827,121,93,7679,1998,6874.0,0.0,0.999518,1.106351,KOR,GTM,610453
7131828,138,93,7679,1998,29760.0,1094.0,0.525671,0.880649,MEX,GTM,610453
7131829,162,93,7679,1998,570.0,0.0,1.248469,1.683182,NLD,GTM,610453
7131830,169,93,7679,1998,1164.0,5028.0,0.010123,0.5677949999999999,PAN,GTM,610453
7131831,197,93,7679,1998,0.0,24155.0,-0.202965,-0.000499,SLV,GTM,610453
7131832,231,93,7679,1998,14301.0,1786610.0,1.8223639999999999,0.761336,USA,GTM,610453
7131833,97,96,7679,1998,4442.0,0.0,0.46966099999999994,2.5744029999999998,HKG,GUY,610453
7131834,231,96,7679,1998,0.0,3577.0,1.8223639999999999,0.761336,USA,GUY,610453
7131835,2,97,7679,1998,0.0,2602.0,-1.679223,-1.213275,AGO,HKG,610453
7131836,6,97,7679,1998,0.0,85632.0,0.666616,-0.224404,ANT,HKG,610453
7131837,7,97,7679,1998,0.0,235399.0,-0.274973,-0.481405,ARE,HKG,610453
7131838,8,97,7679,1998,0.0,4399.0,0.272015,0.45031099999999996,ARG,HKG,610453
7131839,14,97,7679,1998,1410.0,145542.0,0.375317,0.8864629999999999,AUS,HKG,610453
7131840,15,97,7679,1998,1110.0,162482.0,1.891966,0.508137,AUT,HKG,610453
7131841,18,97,7679,1998,0.0,28042.0,1.4740739999999999,1.2530430000000001,BEL,HKG,610453
7131842,24,97,7679,1998,0.0,3784.0,-0.044219,-0.859931,BHR,HKG,610453
7131843,32,97,7679,1998,0.0,9098.0,0.768101,1.04589,BRA,HKG,610453
7131844,34,97,7679,1998,0.0,2851.0,-0.445218,-0.833083,BRN,HKG,610453
7131845,39,97,7679,1998,0.0,450942.0,1.077343,1.119161,CAN,HKG,610453
7131846,41,97,7679,1998,0.0,257312.0,2.252965,0.561806,CHE,HKG,610453
7131847,42,97,7679,1998,0.0,30727.0,0.029706,-0.061149,CHL,HKG,610453
7131848,43,97,7679,1998,21263228.0,347406.0,0.3658,3.231258,CHN,HKG,610453
7131849,44,97,7679,1998,0.0,5250.0,-0.75115,-0.753865,CIV,HKG,610453
7131850,46,97,7679,1998,0.0,8023.0,-1.753881,-1.201073,COD,HKG,610453
7131851,47,97,7679,1998,0.0,62557.0,-1.404207,-1.133436,COG,HKG,610453
7131852,58,97,7679,1998,0.0,2958.0,0.45990600000000004,0.41840299999999997,CYP,HKG,610453
7131853,59,97,7679,1998,0.0,11217.0,1.36345,1.408508,CZE,HKG,610453
7131854,61,97,7679,1998,28199.0,1042970.0,2.334028,-2.417278,DEU,HKG,610453
7131855,64,97,7679,1998,20260.0,145268.0,1.225999,1.470145,DNK,HKG,610453
7131856,68,97,7679,1998,0.0,22590.0,-0.462755,0.079802,EGY,HKG,610453
7131857,71,97,7679,1998,1572.0,68140.0,1.051392,1.983438,ESP,HKG,610453
7131858,72,97,7679,1998,0.0,7593.0,0.53408,1.07691,EST,HKG,610453
7131859,74,97,7679,1998,0.0,60092.0,2.003987,0.995725,FIN,HKG,610453
7131860,77,97,7679,1998,20863.0,94758.0,1.707702,0.7784270000000001,FRA,HKG,610453
7131861,78,97,7679,1998,0.0,3053.0,-0.6159899999999999,-0.828198,FRO,HKG,610453
7131862,80,97,7679,1998,0.0,1968.0,-1.122225,-1.148066,GAB,HKG,610453
7131863,81,97,7679,1998,164009.0,4494938.0,1.906738,0.489101,GBR,HKG,610453
7131864,85,97,7679,1998,0.0,1251.0,-1.676035,-1.248894,GIN,HKG,610453
7131865,90,97,7679,1998,0.0,6608.0,0.183835,1.1512790000000002,GRC,HKG,610453
7131866,92,97,7679,1998,0.0,2044.0,-1.011085,-0.8786809999999999,GRL,HKG,610453
7131867,96,97,7679,1998,0.0,4442.0,-0.8204450000000001,-0.8914200000000001,GUY,HKG,610453
7131868,102,97,7679,1998,0.0,2828.0,0.780392,1.450701,HUN,HKG,610453
7131869,103,97,7679,1998,7536.0,4372.0,-0.478253,1.350652,IDN,HKG,610453
7131870,104,97,7679,1998,2441.0,32442.0,0.274308,2.316908,IND,HKG,610453
7131871,106,97,7679,1998,0.0,119291.0,1.451067,0.654442,IRL,HKG,610453
7131872,109,97,7679,1998,0.0,4600.0,0.18141300000000002,-0.47993500000000006,ISL,HKG,610453
7131873,110,97,7679,1998,0.0,11528.0,1.2643739999999999,0.958475,ISR,HKG,610453
7131874,111,97,7679,1998,78795.0,2424.0,1.4532209999999999,1.191124,ITA,HKG,610453
7131875,112,97,7679,1998,0.0,28346.0,-0.8083739999999999,-0.946183,JAM,HKG,610453
7131876,113,97,7679,1998,0.0,1527.0,0.403009,-0.076366,JOR,HKG,610453
7131877,114,97,7679,1998,160614.0,205424.0,2.550442,0.718063,JPN,HKG,610453
7131878,116,97,7679,1998,0.0,34228.0,-0.434978,0.10193300000000001,KEN,HKG,610453
7131879,121,97,7679,1998,122122.0,21479.0,0.999518,1.106351,KOR,HKG,610453
7131880,122,97,7679,1998,0.0,3071.0,0.037029,-1.054761,KWT,HKG,610453
7131881,124,97,7679,1998,0.0,4921.0,0.23803200000000002,0.9927860000000001,LBN,HKG,610453
7131882,128,97,7679,1998,0.0,14030.0,-0.933293,-0.233566,LKA,HKG,610453
7131883,132,97,7679,1998,0.0,1657.0,0.322473,0.388421,LVA,HKG,610453
7131884,133,97,7679,1998,52890.0,9220.0,-0.21838000000000002,-0.370322,MAC,HKG,610453
7131885,138,97,7679,1998,0.0,21291.0,0.525671,0.880649,MEX,HKG,610453
7131886,151,97,7679,1998,0.0,15966.0,-0.621599,-0.755795,MUS,HKG,610453
7131887,153,97,7679,1998,1107.0,119766.0,0.396826,0.203792,MYS,HKG,610453
7131888,156,97,7679,1998,0.0,3474.0,-0.846726,-0.879084,NCL,HKG,610453
7131889,162,97,7679,1998,2820.0,440007.0,1.248469,1.683182,NLD,HKG,610453
7131890,163,97,7679,1998,0.0,414025.0,1.1660190000000001,0.43901899999999994,NOR,HKG,610453
7131891,164,97,7679,1998,0.0,3273.0,-0.634124,-0.279031,NPL,HKG,610453
7131892,166,97,7679,1998,0.0,43427.0,0.5690529999999999,0.7752060000000001,NZL,HKG,610453
7131893,169,97,7679,1998,0.0,900830.0,0.010123,0.5677949999999999,PAN,HKG,610453
7131894,174,97,7679,1998,2823.0,19198.0,-0.262725,-0.075781,PHL,HKG,610453
7131895,177,97,7679,1998,0.0,17039.0,0.8638309999999999,1.8881299999999999,POL,HKG,610453
7131896,179,97,7679,1998,0.0,2680.0,0.39771999999999996,1.303603,PRT,HKG,610453
7131897,186,97,7679,1998,0.0,22240.0,0.93909,0.59719,RUS,HKG,610453
7131898,187,97,7679,1998,0.0,39841.0,-0.38756399999999996,-0.7770130000000001,RWA,HKG,610453
7131899,188,97,7679,1998,0.0,86589.0,0.521849,-0.7550899999999999,SAU,HKG,610453
7131900,192,97,7679,1998,20008.0,688718.0,1.0029709999999998,0.506545,SGP,HKG,610453
7131901,205,97,7679,1998,0.0,38334.0,-0.9914540000000001,-0.893913,SUR,HKG,610453
7131902,206,97,7679,1998,0.0,5884.0,1.202453,1.228204,SVK,HKG,610453
7131903,207,97,7679,1998,0.0,1267.0,1.442955,1.27214,SVN,HKG,610453
7131904,208,97,7679,1998,9960.0,1092033.0,2.134076,0.9259729999999999,SWE,HKG,610453
7131905,215,97,7679,1998,0.0,51512.0,-0.8338540000000001,-0.8437020000000001,TGO,HKG,610453
7131906,216,97,7679,1998,21911.0,16878.0,0.128633,1.484142,THA,HKG,610453
7131907,224,97,7679,1998,0.0,2093.0,0.085286,1.653589,TUR,HKG,610453
7131908,227,97,7679,1998,0.0,10364.0,-0.996762,-1.01326,UGA,HKG,610453
7131909,230,97,7679,1998,0.0,9272.0,0.323022,0.293694,URY,HKG,610453
7131910,231,97,7679,1998,31775.0,7375517.0,1.8223639999999999,0.761336,USA,HKG,610453
7131911,236,97,7679,1998,0.0,6065.0,0.288717,-0.540639,VEN,HKG,610453
7131912,246,97,7679,1998,16292.0,17747.0,0.573958,1.3813739999999999,ZAF,HKG,610453
7131913,249,97,7679,1998,31457.0,378931.0,1.224725,1.890322,TWN,HKG,610453
7131914,250,97,7679,1998,0.0,3461.0,1.144164,1.187425,ANS,HKG,610453
7131915,93,99,7679,1998,7754.0,0.0,-0.344999,0.155524,GTM,HND,610453
7131916,111,99,7679,1998,4710.0,0.0,1.4532209999999999,1.191124,ITA,HND,610453
7131917,121,99,7679,1998,2158.0,0.0,0.999518,1.106351,KOR,HND,610453
7131918,169,99,7679,1998,2770.0,0.0,0.010123,0.5677949999999999,PAN,HND,610453
7131919,231,99,7679,1998,64142.0,168830.0,1.8223639999999999,0.761336,USA,HND,610453
7131920,249,99,7679,1998,1539.0,0.0,1.224725,1.890322,TWN,HND,610453
7131921,7,103,7679,1998,0.0,51445.0,-0.274973,-0.481405,ARE,IDN,610453
7131922,14,103,7679,1998,0.0,5668.0,0.375317,0.8864629999999999,AUS,IDN,610453
7131923,15,103,7679,1998,0.0,9100.0,1.891966,0.508137,AUT,IDN,610453
7131924,18,103,7679,1998,0.0,11368.0,1.4740739999999999,1.2530430000000001,BEL,IDN,610453
7131925,24,103,7679,1998,0.0,19400.0,-0.044219,-0.859931,BHR,IDN,610453
7131926,25,103,7679,1998,0.0,22484.0,1.090167,0.25353000000000003,BHS,IDN,610453
7131927,29,103,7679,1998,0.0,1446.0,-0.103154,-0.580854,BLZ,IDN,610453
7131928,32,103,7679,1998,0.0,7141.0,0.768101,1.04589,BRA,IDN,610453
7131929,39,103,7679,1998,0.0,8943.0,1.077343,1.119161,CAN,IDN,610453
7131930,41,103,7679,1998,0.0,24471.0,2.252965,0.561806,CHE,IDN,610453
7131931,42,103,7679,1998,0.0,4109.0,0.029706,-0.061149,CHL,IDN,610453
7131932,58,103,7679,1998,0.0,1983.0,0.45990600000000004,0.41840299999999997,CYP,IDN,610453
7131933,59,103,7679,1998,0.0,685.0,1.36345,1.408508,CZE,IDN,610453
7131934,61,103,7679,1998,0.0,728964.0,2.334028,-2.417278,DEU,IDN,610453
7131935,64,103,7679,1998,0.0,100805.0,1.225999,1.470145,DNK,IDN,610453
7131936,71,103,7679,1998,0.0,33975.0,1.051392,1.983438,ESP,IDN,610453
7131937,74,103,7679,1998,0.0,28805.0,2.003987,0.995725,FIN,IDN,610453
7131938,77,103,7679,1998,0.0,59255.0,1.707702,0.7784270000000001,FRA,IDN,610453
7131939,81,103,7679,1998,3483.0,33345.0,1.906738,0.489101,GBR,IDN,610453
7131940,82,103,7679,1998,0.0,3326.0,0.644307,0.304707,GEO,IDN,610453
7131941,90,103,7679,1998,0.0,2515.0,0.183835,1.1512790000000002,GRC,IDN,610453
7131942,93,103,7679,1998,0.0,1089.0,-0.344999,0.155524,GTM,IDN,610453
7131943,97,103,7679,1998,4372.0,7536.0,0.46966099999999994,2.5744029999999998,HKG,IDN,610453
7131944,111,103,7679,1998,0.0,48326.0,1.4532209999999999,1.191124,ITA,IDN,610453
7131945,114,103,7679,1998,0.0,70914.0,2.550442,0.718063,JPN,IDN,610453
7131946,162,103,7679,1998,0.0,125164.0,1.248469,1.683182,NLD,IDN,610453
7131947,163,103,7679,1998,0.0,11156.0,1.1660190000000001,0.43901899999999994,NOR,IDN,610453
7131948,182,103,7679,1998,0.0,886.0,0.422645,-0.607595,PYF,IDN,610453
7131949,185,103,7679,1998,0.0,897.0,0.315392,0.961176,ROU,IDN,610453
7131950,188,103,7679,1998,0.0,10653.0,0.521849,-0.7550899999999999,SAU,IDN,610453
7131951,207,103,7679,1998,0.0,689.0,1.442955,1.27214,SVN,IDN,610453
7131952,208,103,7679,1998,0.0,12349.0,2.134076,0.9259729999999999,SWE,IDN,610453
7131953,231,103,7679,1998,0.0,220133.0,1.8223639999999999,0.761336,USA,IDN,610453
7131954,246,103,7679,1998,0.0,3821.0,0.573958,1.3813739999999999,ZAF,IDN,610453
7131955,249,103,7679,1998,0.0,102513.0,1.224725,1.890322,TWN,IDN,610453
7131956,250,103,7679,1998,0.0,7103.0,1.144164,1.187425,ANS,IDN,610453
7131957,7,106,7679,1998,3324.0,0.0,-0.274973,-0.481405,ARE,IRL,610453
7131958,15,106,7679,1998,0.0,1686.0,1.891966,0.508137,AUT,IRL,610453
7131959,18,106,7679,1998,14362.0,995.0,1.4740739999999999,1.2530430000000001,BEL,IRL,610453
7131960,22,106,7679,1998,1793.0,0.0,-1.130729,-1.001385,BGD,IRL,610453
7131961,39,106,7679,1998,5814.0,1334.0,1.077343,1.119161,CAN,IRL,610453
7131962,43,106,7679,1998,71764.0,0.0,0.3658,3.231258,CHN,IRL,610453
7131963,59,106,7679,1998,1195.0,0.0,1.36345,1.408508,CZE,IRL,610453
7131964,61,106,7679,1998,277770.0,2255.0,2.334028,-2.417278,DEU,IRL,610453
7131965,64,106,7679,1998,380209.0,0.0,1.225999,1.470145,DNK,IRL,610453
7131966,71,106,7679,1998,13089.0,43373.0,1.051392,1.983438,ESP,IRL,610453
7131967,74,106,7679,1998,13961.0,0.0,2.003987,0.995725,FIN,IRL,610453
7131968,77,106,7679,1998,18638.0,0.0,1.707702,0.7784270000000001,FRA,IRL,610453
7131969,81,106,7679,1998,2298399.0,465928.0,1.906738,0.489101,GBR,IRL,610453
7131970,97,106,7679,1998,119291.0,0.0,0.46966099999999994,2.5744029999999998,HKG,IRL,610453
7131971,111,106,7679,1998,99790.0,0.0,1.4532209999999999,1.191124,ITA,IRL,610453
7131972,114,106,7679,1998,0.0,3977.0,2.550442,0.718063,JPN,IRL,610453
7131973,121,106,7679,1998,2754.0,0.0,0.999518,1.106351,KOR,IRL,610453
7131974,128,106,7679,1998,11634.0,0.0,-0.933293,-0.233566,LKA,IRL,610453
7131975,130,106,7679,1998,1895.0,0.0,0.27073,0.692656,LTU,IRL,610453
7131976,134,106,7679,1998,9573.0,0.0,-0.7299479999999999,-0.23758200000000002,MAR,IRL,610453
7131977,151,106,7679,1998,6805.0,0.0,-0.621599,-0.755795,MUS,IRL,610453
7131978,153,106,7679,1998,31270.0,20577.0,0.396826,0.203792,MYS,IRL,610453
7131979,162,106,7679,1998,5360.0,1531.0,1.248469,1.683182,NLD,IRL,610453
7131980,168,106,7679,1998,1158.0,0.0,-0.9008149999999999,-0.448942,PAK,IRL,610453
7131981,174,106,7679,1998,4480.0,0.0,-0.262725,-0.075781,PHL,IRL,610453
7131982,177,106,7679,1998,4998.0,0.0,0.8638309999999999,1.8881299999999999,POL,IRL,610453
7131983,179,106,7679,1998,7099.0,0.0,0.39771999999999996,1.303603,PRT,IRL,610453
7131984,185,106,7679,1998,7069.0,0.0,0.315392,0.961176,ROU,IRL,610453
7131985,192,106,7679,1998,21804.0,0.0,1.0029709999999998,0.506545,SGP,IRL,610453
7131986,208,106,7679,1998,2873.0,0.0,2.134076,0.9259729999999999,SWE,IRL,610453
7131987,216,106,7679,1998,8742.0,0.0,0.128633,1.484142,THA,IRL,610453
7131988,224,106,7679,1998,1972.0,0.0,0.085286,1.653589,TUR,IRL,610453
7131989,231,106,7679,1998,1862.0,1322.0,1.8223639999999999,0.761336,USA,IRL,610453
7131990,249,106,7679,1998,26121.0,0.0,1.224725,1.890322,TWN,IRL,610453
7131991,8,110,7679,1998,0.0,1095.0,0.272015,0.45031099999999996,ARG,ISR,610453
7131992,14,110,7679,1998,0.0,13767.0,0.375317,0.8864629999999999,AUS,ISR,610453
7131993,15,110,7679,1998,0.0,23159.0,1.891966,0.508137,AUT,ISR,610453
7131994,39,110,7679,1998,0.0,5268.0,1.077343,1.119161,CAN,ISR,610453
7131995,43,110,7679,1998,6116.0,0.0,0.3658,3.231258,CHN,ISR,610453
7131996,61,110,7679,1998,38946.0,86303.0,2.334028,-2.417278,DEU,ISR,610453
7131997,71,110,7679,1998,42361.0,2590.0,1.051392,1.983438,ESP,ISR,610453
7131998,74,110,7679,1998,1491.0,0.0,2.003987,0.995725,FIN,ISR,610453
7131999,77,110,7679,1998,57095.0,0.0,1.707702,0.7784270000000001,FRA,ISR,610453
7132000,81,110,7679,1998,66944.0,21360.0,1.906738,0.489101,GBR,ISR,610453
7132001,90,110,7679,1998,8977.0,1270.0,0.183835,1.1512790000000002,GRC,ISR,610453
7132002,97,110,7679,1998,11528.0,0.0,0.46966099999999994,2.5744029999999998,HKG,ISR,610453
7132003,102,110,7679,1998,0.0,797.0,0.780392,1.450701,HUN,ISR,610453
7132004,104,110,7679,1998,1878.0,0.0,0.274308,2.316908,IND,ISR,610453
7132005,111,110,7679,1998,14875.0,0.0,1.4532209999999999,1.191124,ITA,ISR,610453
7132006,114,110,7679,1998,0.0,3727.0,2.550442,0.718063,JPN,ISR,610453
7132007,162,110,7679,1998,0.0,6179.0,1.248469,1.683182,NLD,ISR,610453
7132008,163,110,7679,1998,0.0,3018.0,1.1660190000000001,0.43901899999999994,NOR,ISR,610453
7132009,179,110,7679,1998,3971.0,0.0,0.39771999999999996,1.303603,PRT,ISR,610453
7132010,208,110,7679,1998,0.0,1388.0,2.134076,0.9259729999999999,SWE,ISR,610453
7132011,216,110,7679,1998,1201.0,0.0,0.128633,1.484142,THA,ISR,610453
7132012,224,110,7679,1998,3717.0,0.0,0.085286,1.653589,TUR,ISR,610453
7132013,231,110,7679,1998,6946.0,879222.0,1.8223639999999999,0.761336,USA,ISR,610453
7132014,246,110,7679,1998,0.0,1626.0,0.573958,1.3813739999999999,ZAF,ISR,610453
7132015,0,111,7679,1998,0.0,2838.0,0.197883,-0.726349,ABW,ITA,610453
7132016,4,111,7679,1998,0.0,8139.0,-0.37657399999999996,-0.201006,ALB,ITA,610453
7132017,5,111,7679,1998,0.0,4312.0,1.079978,0.618452,AND,ITA,610453
7132018,6,111,7679,1998,0.0,2244.0,0.666616,-0.224404,ANT,ITA,610453
7132019,7,111,7679,1998,0.0,72228.0,-0.274973,-0.481405,ARE,ITA,610453
7132020,8,111,7679,1998,0.0,6226.0,0.272015,0.45031099999999996,ARG,ITA,610453
7132021,14,111,7679,1998,0.0,60942.0,0.375317,0.8864629999999999,AUS,ITA,610453
7132022,15,111,7679,1998,19707.0,780378.0,1.891966,0.508137,AUT,ITA,610453
7132023,18,111,7679,1998,67891.0,510879.0,1.4740739999999999,1.2530430000000001,BEL,ITA,610453
7132024,22,111,7679,1998,2073.0,771.0,-1.130729,-1.001385,BGD,ITA,610453
7132025,23,111,7679,1998,5810.0,0.0,0.382782,1.5844479999999999,BGR,ITA,610453
7132026,24,111,7679,1998,0.0,12132.0,-0.044219,-0.859931,BHR,ITA,610453
7132027,25,111,7679,1998,0.0,2295.0,1.090167,0.25353000000000003,BHS,ITA,610453
7132028,26,111,7679,1998,6249.0,2959.0,0.290661,0.18068299999999998,BIH,ITA,610453
7132029,28,111,7679,1998,1132.0,4787.0,0.9122049999999999,1.161741,BLR,ITA,610453
7132030,30,111,7679,1998,0.0,3462.0,0.900948,-0.340868,BMU,ITA,610453
7132031,32,111,7679,1998,1856.0,5151.0,0.768101,1.04589,BRA,ITA,610453
7132032,39,111,7679,1998,0.0,42685.0,1.077343,1.119161,CAN,ITA,610453
7132033,41,111,7679,1998,23709.0,887744.0,2.252965,0.561806,CHE,ITA,610453
7132034,42,111,7679,1998,0.0,6352.0,0.029706,-0.061149,CHL,ITA,610453
7132035,43,111,7679,1998,199436.0,3216.0,0.3658,3.231258,CHN,ITA,610453
7132036,49,111,7679,1998,0.0,23576.0,0.205004,0.13985899999999998,COL,ITA,610453
7132037,54,111,7679,1998,0.0,1857.0,-0.349393,-0.9927889999999999,CUB,ITA,610453
7132038,58,111,7679,1998,0.0,3385.0,0.45990600000000004,0.41840299999999997,CYP,ITA,610453
7132039,59,111,7679,1998,4739.0,52459.0,1.36345,1.408508,CZE,ITA,610453
7132040,61,111,7679,1998,192870.0,8616821.0,2.334028,-2.417278,DEU,ITA,610453
7132041,64,111,7679,1998,0.0,622475.0,1.225999,1.470145,DNK,ITA,610453
7132042,65,111,7679,1998,0.0,1672.0,-0.772271,-0.765258,DOM,ITA,610453
7132043,68,111,7679,1998,5466.0,0.0,-0.462755,0.079802,EGY,ITA,610453
7132044,71,111,7679,1998,19813.0,427353.0,1.051392,1.983438,ESP,ITA,610453
7132045,72,111,7679,1998,0.0,4490.0,0.53408,1.07691,EST,ITA,610453
7132046,74,111,7679,1998,0.0,63314.0,2.003987,0.995725,FIN,ITA,610453
7132047,77,111,7679,1998,959491.0,2144959.0,1.707702,0.7784270000000001,FRA,ITA,610453
7132048,78,111,7679,1998,0.0,225.0,-0.6159899999999999,-0.828198,FRO,ITA,610453
7132049,81,111,7679,1998,44832.0,1153723.0,1.906738,0.489101,GBR,ITA,610453
7132050,90,111,7679,1998,13690.0,285950.0,0.183835,1.1512790000000002,GRC,ITA,610453
7132051,97,111,7679,1998,2424.0,78795.0,0.46966099999999994,2.5744029999999998,HKG,ITA,610453
7132052,99,111,7679,1998,0.0,4710.0,-0.9326049999999999,-0.598527,HND,ITA,610453
7132053,100,111,7679,1998,2945.0,36141.0,0.692779,0.9919530000000001,HRV,ITA,610453
7132054,102,111,7679,1998,114850.0,17169.0,0.780392,1.450701,HUN,ITA,610453
7132055,103,111,7679,1998,48326.0,0.0,-0.478253,1.350652,IDN,ITA,610453
7132056,104,111,7679,1998,78023.0,0.0,0.274308,2.316908,IND,ITA,610453
7132057,106,111,7679,1998,0.0,99790.0,1.451067,0.654442,IRL,ITA,610453
7132058,109,111,7679,1998,0.0,3010.0,0.18141300000000002,-0.47993500000000006,ISL,ITA,610453
7132059,110,111,7679,1998,0.0,14875.0,1.2643739999999999,0.958475,ISR,ITA,610453
7132060,113,111,7679,1998,0.0,1619.0,0.403009,-0.076366,JOR,ITA,610453
7132061,114,111,7679,1998,2700.0,661439.0,2.550442,0.718063,JPN,ITA,610453
7132062,121,111,7679,1998,2281.0,22865.0,0.999518,1.106351,KOR,ITA,610453
7132063,122,111,7679,1998,0.0,49926.0,0.037029,-1.054761,KWT,ITA,610453
7132064,124,111,7679,1998,0.0,13074.0,0.23803200000000002,0.9927860000000001,LBN,ITA,610453
7132065,128,111,7679,1998,167436.0,0.0,-0.933293,-0.233566,LKA,ITA,610453
7132066,130,111,7679,1998,0.0,4609.0,0.27073,0.692656,LTU,ITA,610453
7132067,132,111,7679,1998,0.0,13560.0,0.322473,0.388421,LVA,ITA,610453
7132068,133,111,7679,1998,3237.0,6574.0,-0.21838000000000002,-0.370322,MAC,ITA,610453
7132069,134,111,7679,1998,17954.0,2024.0,-0.7299479999999999,-0.23758200000000002,MAR,ITA,610453
7132070,135,111,7679,1998,3403.0,2611.0,-0.112783,-0.276584,MDA,ITA,610453
7132071,138,111,7679,1998,14149.0,10883.0,0.525671,0.880649,MEX,ITA,610453
7132072,142,111,7679,1998,0.0,27290.0,0.919593,-0.071451,MLT,ITA,610453
7132073,153,111,7679,1998,0.0,4180.0,0.396826,0.203792,MYS,ITA,610453
7132074,162,111,7679,1998,7579.0,1054437.0,1.248469,1.683182,NLD,ITA,610453
7132075,163,111,7679,1998,0.0,328029.0,1.1660190000000001,0.43901899999999994,NOR,ITA,610453
7132076,164,111,7679,1998,0.0,9759.0,-0.634124,-0.279031,NPL,ITA,610453
7132077,166,111,7679,1998,0.0,2386.0,0.5690529999999999,0.7752060000000001,NZL,ITA,610453
7132078,167,111,7679,1998,0.0,1425.0,-0.38848499999999997,-0.898559,OMN,ITA,610453
7132079,173,111,7679,1998,0.0,10665.0,-0.35875300000000004,0.042606,PER,ITA,610453
7132080,174,111,7679,1998,0.0,4610.0,-0.262725,-0.075781,PHL,ITA,610453
7132081,177,111,7679,1998,43999.0,108474.0,0.8638309999999999,1.8881299999999999,POL,ITA,610453
7132082,178,111,7679,1998,0.0,2867.0,0.7417239999999999,0.899826,PRK,ITA,610453
7132083,179,111,7679,1998,13716.0,165146.0,0.39771999999999996,1.303603,PRT,ITA,610453
7132084,180,111,7679,1998,0.0,1220.0,-0.204539,-0.766486,PRY,ITA,610453
7132085,183,111,7679,1998,0.0,13295.0,-1.047819,-1.226928,QAT,ITA,610453
7132086,185,111,7679,1998,338306.0,59536.0,0.315392,0.961176,ROU,ITA,610453
7132087,186,111,7679,1998,0.0,205515.0,0.93909,0.59719,RUS,ITA,610453
7132088,188,111,7679,1998,0.0,244827.0,0.521849,-0.7550899999999999,SAU,ITA,610453
7132089,189,111,7679,1998,2018.0,5308.0,0.603733,1.535453,SCG,ITA,610453
7132090,192,111,7679,1998,0.0,12721.0,1.0029709999999998,0.506545,SGP,ITA,610453
7132091,206,111,7679,1998,12114.0,14281.0,1.202453,1.228204,SVK,ITA,610453
7132092,207,111,7679,1998,106028.0,47640.0,1.442955,1.27214,SVN,ITA,610453
7132093,208,111,7679,1998,0.0,864593.0,2.134076,0.9259729999999999,SWE,ITA,610453
7132094,216,111,7679,1998,970.0,1166.0,0.128633,1.484142,THA,ITA,610453
7132095,223,111,7679,1998,265438.0,1010.0,-0.21677,-0.08694299999999999,TUN,ITA,610453
7132096,224,111,7679,1998,25452.0,17637.0,0.085286,1.653589,TUR,ITA,610453
7132097,228,111,7679,1998,8220.0,20077.0,0.880876,0.783668,UKR,ITA,610453
7132098,230,111,7679,1998,0.0,1014.0,0.323022,0.293694,URY,ITA,610453
7132099,231,111,7679,1998,1361.0,515577.0,1.8223639999999999,0.761336,USA,ITA,610453
7132100,236,111,7679,1998,0.0,2094.0,0.288717,-0.540639,VEN,ITA,610453
7132101,246,111,7679,1998,0.0,2892.0,0.573958,1.3813739999999999,ZAF,ITA,610453
7132102,249,111,7679,1998,3189.0,158127.0,1.224725,1.890322,TWN,ITA,610453
7132103,43,112,7679,1998,8865.0,0.0,0.3658,3.231258,CHN,JAM,610453
7132104,54,112,7679,1998,0.0,1101.0,-0.349393,-0.9927889999999999,CUB,JAM,610453
7132105,61,112,7679,1998,0.0,37236.0,2.334028,-2.417278,DEU,JAM,610453
7132106,71,112,7679,1998,0.0,6804.0,1.051392,1.983438,ESP,JAM,610453
7132107,97,112,7679,1998,28346.0,0.0,0.46966099999999994,2.5744029999999998,HKG,JAM,610453
7132108,169,112,7679,1998,5095.0,0.0,0.010123,0.5677949999999999,PAN,JAM,610453
7132109,231,112,7679,1998,1502.0,0.0,1.8223639999999999,0.761336,USA,JAM,610453
7132110,7,121,7679,1998,0.0,30647.0,-0.274973,-0.481405,ARE,KOR,610453
7132111,8,121,7679,1998,0.0,7074.0,0.272015,0.45031099999999996,ARG,KOR,610453
7132112,14,121,7679,1998,0.0,131828.0,0.375317,0.8864629999999999,AUS,KOR,610453
7132113,15,121,7679,1998,0.0,31311.0,1.891966,0.508137,AUT,KOR,610453
7132114,30,121,7679,1998,0.0,1458.0,0.900948,-0.340868,BMU,KOR,610453
7132115,31,121,7679,1998,0.0,1391.0,-0.49860699999999997,-0.748521,BOL,KOR,610453
7132116,32,121,7679,1998,0.0,31170.0,0.768101,1.04589,BRA,KOR,610453
7132117,39,121,7679,1998,0.0,180073.0,1.077343,1.119161,CAN,KOR,610453
7132118,41,121,7679,1998,0.0,35657.0,2.252965,0.561806,CHE,KOR,610453
7132119,42,121,7679,1998,0.0,31808.0,0.029706,-0.061149,CHL,KOR,610453
7132120,43,121,7679,1998,203163.0,11652.0,0.3658,3.231258,CHN,KOR,610453
7132121,49,121,7679,1998,0.0,7011.0,0.205004,0.13985899999999998,COL,KOR,610453
7132122,52,121,7679,1998,6237.0,1439.0,-0.26046199999999997,-0.059391,CRI,KOR,610453
7132123,59,121,7679,1998,0.0,1938.0,1.36345,1.408508,CZE,KOR,610453
7132124,61,121,7679,1998,5584.0,1135743.0,2.334028,-2.417278,DEU,KOR,610453
7132125,64,121,7679,1998,0.0,79719.0,1.225999,1.470145,DNK,KOR,610453
7132126,67,121,7679,1998,0.0,33150.0,-0.990915,-0.9670860000000001,ECU,KOR,610453
7132127,68,121,7679,1998,0.0,34304.0,-0.462755,0.079802,EGY,KOR,610453
7132128,71,121,7679,1998,0.0,19474.0,1.051392,1.983438,ESP,KOR,610453
7132129,72,121,7679,1998,0.0,1015.0,0.53408,1.07691,EST,KOR,610453
7132130,74,121,7679,1998,0.0,35130.0,2.003987,0.995725,FIN,KOR,610453
7132131,77,121,7679,1998,2388.0,193982.0,1.707702,0.7784270000000001,FRA,KOR,610453
7132132,81,121,7679,1998,8450.0,254473.0,1.906738,0.489101,GBR,KOR,610453
7132133,90,121,7679,1998,0.0,9460.0,0.183835,1.1512790000000002,GRC,KOR,610453
7132134,93,121,7679,1998,0.0,6874.0,-0.344999,0.155524,GTM,KOR,610453
7132135,97,121,7679,1998,21479.0,122122.0,0.46966099999999994,2.5744029999999998,HKG,KOR,610453
7132136,99,121,7679,1998,0.0,2158.0,-0.9326049999999999,-0.598527,HND,KOR,610453
7132137,102,121,7679,1998,0.0,1335.0,0.780392,1.450701,HUN,KOR,610453
7132138,106,121,7679,1998,0.0,2754.0,1.451067,0.654442,IRL,KOR,610453
7132139,107,121,7679,1998,0.0,7093.0,-0.6626029999999999,-1.0408959999999998,IRN,KOR,610453
7132140,111,121,7679,1998,22865.0,2281.0,1.4532209999999999,1.191124,ITA,KOR,610453
7132141,114,121,7679,1998,6516.0,2642503.0,2.550442,0.718063,JPN,KOR,610453
7132142,124,121,7679,1998,0.0,2315.0,0.23803200000000002,0.9927860000000001,LBN,KOR,610453
7132143,138,121,7679,1998,0.0,57531.0,0.525671,0.880649,MEX,KOR,610453
7132144,162,121,7679,1998,0.0,104462.0,1.248469,1.683182,NLD,KOR,610453
7132145,163,121,7679,1998,0.0,53196.0,1.1660190000000001,0.43901899999999994,NOR,KOR,610453
7132146,166,121,7679,1998,0.0,12417.0,0.5690529999999999,0.7752060000000001,NZL,KOR,610453
7132147,169,121,7679,1998,0.0,7003.0,0.010123,0.5677949999999999,PAN,KOR,610453
7132148,173,121,7679,1998,0.0,8535.0,-0.35875300000000004,0.042606,PER,KOR,610453
7132149,177,121,7679,1998,0.0,212652.0,0.8638309999999999,1.8881299999999999,POL,KOR,610453
7132150,180,121,7679,1998,0.0,7129.0,-0.204539,-0.766486,PRY,KOR,610453
7132151,186,121,7679,1998,0.0,896055.0,0.93909,0.59719,RUS,KOR,610453
7132152,188,121,7679,1998,0.0,13810.0,0.521849,-0.7550899999999999,SAU,KOR,610453
7132153,192,121,7679,1998,0.0,12913.0,1.0029709999999998,0.506545,SGP,KOR,610453
7132154,206,121,7679,1998,0.0,927.0,1.202453,1.228204,SVK,KOR,610453
7132155,208,121,7679,1998,0.0,215613.0,2.134076,0.9259729999999999,SWE,KOR,610453
7132156,215,121,7679,1998,0.0,716.0,-0.8338540000000001,-0.8437020000000001,TGO,KOR,610453
7132157,216,121,7679,1998,5699.0,2183.0,0.128633,1.484142,THA,KOR,610453
7132158,224,121,7679,1998,0.0,2821.0,0.085286,1.653589,TUR,KOR,610453
7132159,227,121,7679,1998,0.0,1509.0,-0.996762,-1.01326,UGA,KOR,610453
7132160,228,121,7679,1998,0.0,1962.0,0.880876,0.783668,UKR,KOR,610453
7132161,231,121,7679,1998,39385.0,6501033.0,1.8223639999999999,0.761336,USA,KOR,610453
7132162,249,121,7679,1998,8379.0,38942.0,1.224725,1.890322,TWN,KOR,610453
7132163,250,121,7679,1998,3214.0,0.0,1.144164,1.187425,ANS,KOR,610453
7132164,18,124,7679,1998,972.0,0.0,1.4740739999999999,1.2530430000000001,BEL,LBN,610453
7132165,43,124,7679,1998,16492.0,0.0,0.3658,3.231258,CHN,LBN,610453
7132166,61,124,7679,1998,52147.0,0.0,2.334028,-2.417278,DEU,LBN,610453
7132167,68,124,7679,1998,0.0,1739.0,-0.462755,0.079802,EGY,LBN,610453
7132168,71,124,7679,1998,6932.0,0.0,1.051392,1.983438,ESP,LBN,610453
7132169,77,124,7679,1998,51891.0,0.0,1.707702,0.7784270000000001,FRA,LBN,610453
7132170,81,124,7679,1998,13375.0,0.0,1.906738,0.489101,GBR,LBN,610453
7132171,90,124,7679,1998,2587.0,0.0,0.183835,1.1512790000000002,GRC,LBN,610453
7132172,97,124,7679,1998,4921.0,0.0,0.46966099999999994,2.5744029999999998,HKG,LBN,610453
7132173,104,124,7679,1998,8491.0,0.0,0.274308,2.316908,IND,LBN,610453
7132174,111,124,7679,1998,13074.0,0.0,1.4532209999999999,1.191124,ITA,LBN,610453
7132175,114,124,7679,1998,1013.0,0.0,2.550442,0.718063,JPN,LBN,610453
7132176,121,124,7679,1998,2315.0,0.0,0.999518,1.106351,KOR,LBN,610453
7132177,134,124,7679,1998,4604.0,0.0,-0.7299479999999999,-0.23758200000000002,MAR,LBN,610453
7132178,177,124,7679,1998,2118.0,0.0,0.8638309999999999,1.8881299999999999,POL,LBN,610453
7132179,179,124,7679,1998,781.0,0.0,0.39771999999999996,1.303603,PRT,LBN,610453
7132180,185,124,7679,1998,1633.0,0.0,0.315392,0.961176,ROU,LBN,610453
7132181,188,124,7679,1998,0.0,36279.0,0.521849,-0.7550899999999999,SAU,LBN,610453
7132182,223,124,7679,1998,769.0,0.0,-0.21677,-0.08694299999999999,TUN,LBN,610453
7132183,224,124,7679,1998,8695.0,0.0,0.085286,1.653589,TUR,LBN,610453
7132184,231,124,7679,1998,5383.0,0.0,1.8223639999999999,0.761336,USA,LBN,610453
7132185,250,124,7679,1998,3761.0,0.0,1.144164,1.187425,ANS,LBN,610453
7132186,14,138,7679,1998,0.0,5569.0,0.375317,0.8864629999999999,AUS,MEX,610453
7132187,39,138,7679,1998,16373.0,19038.0,1.077343,1.119161,CAN,MEX,610453
7132188,42,138,7679,1998,0.0,5536.0,0.029706,-0.061149,CHL,MEX,610453
7132189,43,138,7679,1998,37534.0,0.0,0.3658,3.231258,CHN,MEX,610453
7132190,52,138,7679,1998,16304.0,2582.0,-0.26046199999999997,-0.059391,CRI,MEX,610453
7132191,61,138,7679,1998,10805.0,1901.0,2.334028,-2.417278,DEU,MEX,610453
7132192,65,138,7679,1998,1032.0,0.0,-0.772271,-0.765258,DOM,MEX,610453
7132193,71,138,7679,1998,22610.0,2861.0,1.051392,1.983438,ESP,MEX,610453
7132194,77,138,7679,1998,1597.0,0.0,1.707702,0.7784270000000001,FRA,MEX,610453
7132195,81,138,7679,1998,16823.0,0.0,1.906738,0.489101,GBR,MEX,610453
7132196,93,138,7679,1998,1094.0,29760.0,-0.344999,0.155524,GTM,MEX,610453
7132197,97,138,7679,1998,21291.0,0.0,0.46966099999999994,2.5744029999999998,HKG,MEX,610453
7132198,102,138,7679,1998,940.0,0.0,0.780392,1.450701,HUN,MEX,610453
7132199,104,138,7679,1998,27482.0,0.0,0.274308,2.316908,IND,MEX,610453
7132200,111,138,7679,1998,10883.0,14149.0,1.4532209999999999,1.191124,ITA,MEX,610453
7132201,114,138,7679,1998,33005.0,0.0,2.550442,0.718063,JPN,MEX,610453
7132202,121,138,7679,1998,57531.0,0.0,0.999518,1.106351,KOR,MEX,610453
7132203,162,138,7679,1998,0.0,6843.0,1.248469,1.683182,NLD,MEX,610453
7132204,173,138,7679,1998,7760.0,2583.0,-0.35875300000000004,0.042606,PER,MEX,610453
7132205,174,138,7679,1998,4609.0,0.0,-0.262725,-0.075781,PHL,MEX,610453
7132206,178,138,7679,1998,4765.0,0.0,0.7417239999999999,0.899826,PRK,MEX,610453
7132207,185,138,7679,1998,1539.0,0.0,0.315392,0.961176,ROU,MEX,610453
7132208,186,138,7679,1998,29130.0,0.0,0.93909,0.59719,RUS,MEX,610453
7132209,197,138,7679,1998,0.0,18407.0,-0.202965,-0.000499,SLV,MEX,610453
7132210,216,138,7679,1998,2102.0,0.0,0.128633,1.484142,THA,MEX,610453
7132211,228,138,7679,1998,2490.0,0.0,0.880876,0.783668,UKR,MEX,610453
7132212,231,138,7679,1998,2605724.0,8959542.0,1.8223639999999999,0.761336,USA,MEX,610453
7132213,236,138,7679,1998,0.0,1182.0,0.288717,-0.540639,VEN,MEX,610453
7132214,249,138,7679,1998,48033.0,0.0,1.224725,1.890322,TWN,MEX,610453
7132215,250,138,7679,1998,1263.0,3830.0,1.144164,1.187425,ANS,MEX,610453
7132216,15,153,7679,1998,0.0,11546.0,1.891966,0.508137,AUT,MYS,610453
7132217,18,153,7679,1998,0.0,134155.0,1.4740739999999999,1.2530430000000001,BEL,MYS,610453
7132218,39,153,7679,1998,0.0,13474.0,1.077343,1.119161,CAN,MYS,610453
7132219,41,153,7679,1998,0.0,28208.0,2.252965,0.561806,CHE,MYS,610453
7132220,43,153,7679,1998,13015.0,0.0,0.3658,3.231258,CHN,MYS,610453
7132221,58,153,7679,1998,0.0,1937.0,0.45990600000000004,0.41840299999999997,CYP,MYS,610453
7132222,61,153,7679,1998,0.0,149961.0,2.334028,-2.417278,DEU,MYS,610453
7132223,64,153,7679,1998,0.0,89342.0,1.225999,1.470145,DNK,MYS,610453
7132224,71,153,7679,1998,0.0,23143.0,1.051392,1.983438,ESP,MYS,610453
7132225,74,153,7679,1998,0.0,2695.0,2.003987,0.995725,FIN,MYS,610453
7132226,77,153,7679,1998,0.0,482193.0,1.707702,0.7784270000000001,FRA,MYS,610453
7132227,81,153,7679,1998,5942.0,207796.0,1.906738,0.489101,GBR,MYS,610453
7132228,97,153,7679,1998,119766.0,1107.0,0.46966099999999994,2.5744029999999998,HKG,MYS,610453
7132229,106,153,7679,1998,20577.0,31270.0,1.451067,0.654442,IRL,MYS,610453
7132230,111,153,7679,1998,4180.0,0.0,1.4532209999999999,1.191124,ITA,MYS,610453
7132231,114,153,7679,1998,0.0,7725.0,2.550442,0.718063,JPN,MYS,610453
7132232,163,153,7679,1998,0.0,2497.0,1.1660190000000001,0.43901899999999994,NOR,MYS,610453
7132233,188,153,7679,1998,0.0,1283.0,0.521849,-0.7550899999999999,SAU,MYS,610453
7132234,192,153,7679,1998,21478.0,1077362.0,1.0029709999999998,0.506545,SGP,MYS,610453
7132235,224,153,7679,1998,0.0,1794.0,0.085286,1.653589,TUR,MYS,610453
7132236,231,153,7679,1998,0.0,1035709.0,1.8223639999999999,0.761336,USA,MYS,610453
7132237,249,153,7679,1998,5686.0,6385.0,1.224725,1.890322,TWN,MYS,610453
7132238,7,162,7679,1998,0.0,10117.0,-0.274973,-0.481405,ARE,NLD,610453
7132239,15,162,7679,1998,10367.0,13942.0,1.891966,0.508137,AUT,NLD,610453
7132240,18,162,7679,1998,609389.0,1813774.0,1.4740739999999999,1.2530430000000001,BEL,NLD,610453
7132241,22,162,7679,1998,176427.0,0.0,-1.130729,-1.001385,BGD,NLD,610453
7132242,23,162,7679,1998,2557.0,0.0,0.382782,1.5844479999999999,BGR,NLD,610453
7132243,28,162,7679,1998,35312.0,7763.0,0.9122049999999999,1.161741,BLR,NLD,610453
7132244,33,162,7679,1998,0.0,966.0,0.888487,0.469408,BRB,NLD,610453
7132245,39,162,7679,1998,11573.0,10226.0,1.077343,1.119161,CAN,NLD,610453
7132246,41,162,7679,1998,0.0,7170.0,2.252965,0.561806,CHE,NLD,610453
7132247,43,162,7679,1998,107083.0,0.0,0.3658,3.231258,CHN,NLD,610453
7132248,59,162,7679,1998,0.0,1382.0,1.36345,1.408508,CZE,NLD,610453
7132249,61,162,7679,1998,3640728.0,957079.0,2.334028,-2.417278,DEU,NLD,610453
7132250,64,162,7679,1998,821162.0,37701.0,1.225999,1.470145,DNK,NLD,610453
7132251,68,162,7679,1998,5128.0,0.0,-0.462755,0.079802,EGY,NLD,610453
7132252,71,162,7679,1998,55463.0,12271.0,1.051392,1.983438,ESP,NLD,610453
7132253,72,162,7679,1998,0.0,902.0,0.53408,1.07691,EST,NLD,610453
7132254,74,162,7679,1998,393662.0,11922.0,2.003987,0.995725,FIN,NLD,610453
7132255,77,162,7679,1998,858344.0,320751.0,1.707702,0.7784270000000001,FRA,NLD,610453
7132256,78,162,7679,1998,0.0,629.0,-0.6159899999999999,-0.828198,FRO,NLD,610453
7132257,81,162,7679,1998,1510245.0,85537.0,1.906738,0.489101,GBR,NLD,610453
7132258,90,162,7679,1998,156974.0,12731.0,0.183835,1.1512790000000002,GRC,NLD,610453
7132259,93,162,7679,1998,0.0,570.0,-0.344999,0.155524,GTM,NLD,610453
7132260,97,162,7679,1998,440007.0,2820.0,0.46966099999999994,2.5744029999999998,HKG,NLD,610453
7132261,100,162,7679,1998,50889.0,885.0,0.692779,0.9919530000000001,HRV,NLD,610453
7132262,102,162,7679,1998,26720.0,7451.0,0.780392,1.450701,HUN,NLD,610453
7132263,103,162,7679,1998,125164.0,0.0,-0.478253,1.350652,IDN,NLD,610453
7132264,104,162,7679,1998,50126.0,0.0,0.274308,2.316908,IND,NLD,610453
7132265,106,162,7679,1998,1531.0,5360.0,1.451067,0.654442,IRL,NLD,610453
7132266,110,162,7679,1998,6179.0,0.0,1.2643739999999999,0.958475,ISR,NLD,610453
7132267,111,162,7679,1998,1054437.0,7579.0,1.4532209999999999,1.191124,ITA,NLD,610453
7132268,114,162,7679,1998,0.0,7190.0,2.550442,0.718063,JPN,NLD,610453
7132269,118,162,7679,1998,19543.0,0.0,-1.626686,-1.307157,KHM,NLD,610453
7132270,121,162,7679,1998,104462.0,0.0,0.999518,1.106351,KOR,NLD,610453
7132271,122,162,7679,1998,0.0,5053.0,0.037029,-1.054761,KWT,NLD,610453
7132272,128,162,7679,1998,92485.0,0.0,-0.933293,-0.233566,LKA,NLD,610453
7132273,130,162,7679,1998,53281.0,0.0,0.27073,0.692656,LTU,NLD,610453
7132274,133,162,7679,1998,2450.0,0.0,-0.21838000000000002,-0.370322,MAC,NLD,610453
7132275,138,162,7679,1998,6843.0,0.0,0.525671,0.880649,MEX,NLD,610453
7132276,140,162,7679,1998,13432.0,0.0,0.102559,0.591468,MKD,NLD,610453
7132277,146,162,7679,1998,21410.0,0.0,-0.144048,-0.7987479999999999,MNP,NLD,610453
7132278,163,162,7679,1998,0.0,10874.0,1.1660190000000001,0.43901899999999994,NOR,NLD,610453
7132279,167,162,7679,1998,0.0,842.0,-0.38848499999999997,-0.898559,OMN,NLD,610453
7132280,168,162,7679,1998,9808.0,0.0,-0.9008149999999999,-0.448942,PAK,NLD,610453
7132281,174,162,7679,1998,11675.0,0.0,-0.262725,-0.075781,PHL,NLD,610453
7132282,177,162,7679,1998,962712.0,31514.0,0.8638309999999999,1.8881299999999999,POL,NLD,610453
7132283,179,162,7679,1998,328283.0,2302.0,0.39771999999999996,1.303603,PRT,NLD,610453
7132284,183,162,7679,1998,0.0,1515.0,-1.047819,-1.226928,QAT,NLD,610453
7132285,185,162,7679,1998,11580.0,886.0,0.315392,0.961176,ROU,NLD,610453
7132286,186,162,7679,1998,0.0,5736.0,0.93909,0.59719,RUS,NLD,610453
7132287,188,162,7679,1998,0.0,13082.0,0.521849,-0.7550899999999999,SAU,NLD,610453
7132288,192,162,7679,1998,9406.0,0.0,1.0029709999999998,0.506545,SGP,NLD,610453
7132289,206,162,7679,1998,0.0,1588.0,1.202453,1.228204,SVK,NLD,610453
7132290,207,162,7679,1998,9402.0,7595.0,1.442955,1.27214,SVN,NLD,610453
7132291,208,162,7679,1998,21917.0,9594.0,2.134076,0.9259729999999999,SWE,NLD,610453
7132292,216,162,7679,1998,7503.0,0.0,0.128633,1.484142,THA,NLD,610453
7132293,223,162,7679,1998,36922.0,0.0,-0.21677,-0.08694299999999999,TUN,NLD,610453
7132294,224,162,7679,1998,540915.0,10469.0,0.085286,1.653589,TUR,NLD,610453
7132295,231,162,7679,1998,28533.0,7519.0,1.8223639999999999,0.761336,USA,NLD,610453
7132296,239,162,7679,1998,4482.0,0.0,-0.9395469999999999,0.060697,VNM,NLD,610453
7132297,249,162,7679,1998,40997.0,0.0,1.224725,1.890322,TWN,NLD,610453
7132298,15,163,7679,1998,1189.0,0.0,1.891966,0.508137,AUT,NOR,610453
7132299,18,163,7679,1998,72459.0,0.0,1.4740739999999999,1.2530430000000001,BEL,NOR,610453
7132300,22,163,7679,1998,5835.0,0.0,-1.130729,-1.001385,BGD,NOR,610453
7132301,23,163,7679,1998,4107.0,0.0,0.382782,1.5844479999999999,BGR,NOR,610453
7132302,39,163,7679,1998,4988.0,0.0,1.077343,1.119161,CAN,NOR,610453
7132303,41,163,7679,1998,2488.0,0.0,2.252965,0.561806,CHE,NOR,610453
7132304,43,163,7679,1998,463523.0,0.0,0.3658,3.231258,CHN,NOR,610453
7132305,58,163,7679,1998,47307.0,0.0,0.45990600000000004,0.41840299999999997,CYP,NOR,610453
7132306,61,163,7679,1998,212010.0,0.0,2.334028,-2.417278,DEU,NOR,610453
7132307,64,163,7679,1998,2234583.0,2647.0,1.225999,1.470145,DNK,NOR,610453
7132308,71,163,7679,1998,3561.0,0.0,1.051392,1.983438,ESP,NOR,610453
7132309,72,163,7679,1998,7841.0,935.0,0.53408,1.07691,EST,NOR,610453
7132310,74,163,7679,1998,459194.0,0.0,2.003987,0.995725,FIN,NOR,610453
7132311,77,163,7679,1998,17198.0,0.0,1.707702,0.7784270000000001,FRA,NOR,610453
7132312,81,163,7679,1998,461647.0,3454.0,1.906738,0.489101,GBR,NOR,610453
7132313,90,163,7679,1998,285756.0,0.0,0.183835,1.1512790000000002,GRC,NOR,610453
7132314,97,163,7679,1998,414025.0,0.0,0.46966099999999994,2.5744029999999998,HKG,NOR,610453
7132315,100,163,7679,1998,889.0,0.0,0.692779,0.9919530000000001,HRV,NOR,610453
7132316,102,163,7679,1998,8196.0,0.0,0.780392,1.450701,HUN,NOR,610453
7132317,103,163,7679,1998,11156.0,0.0,-0.478253,1.350652,IDN,NOR,610453
7132318,104,163,7679,1998,20326.0,0.0,0.274308,2.316908,IND,NOR,610453
7132319,110,163,7679,1998,3018.0,0.0,1.2643739999999999,0.958475,ISR,NOR,610453
7132320,111,163,7679,1998,328029.0,0.0,1.4532209999999999,1.191124,ITA,NOR,610453
7132321,118,163,7679,1998,1986.0,0.0,-1.626686,-1.307157,KHM,NOR,610453
7132322,121,163,7679,1998,53196.0,0.0,0.999518,1.106351,KOR,NOR,610453
7132323,130,163,7679,1998,228878.0,0.0,0.27073,0.692656,LTU,NOR,610453
7132324,132,163,7679,1998,71705.0,5589.0,0.322473,0.388421,LVA,NOR,610453
7132325,133,163,7679,1998,11567.0,0.0,-0.21838000000000002,-0.370322,MAC,NOR,610453
7132326,134,163,7679,1998,5568.0,0.0,-0.7299479999999999,-0.23758200000000002,MAR,NOR,610453
7132327,153,163,7679,1998,2497.0,0.0,0.396826,0.203792,MYS,NOR,610453
7132328,162,163,7679,1998,10874.0,0.0,1.248469,1.683182,NLD,NOR,610453
7132329,177,163,7679,1998,202354.0,2382.0,0.8638309999999999,1.8881299999999999,POL,NOR,610453
7132330,179,163,7679,1998,56070.0,3719.0,0.39771999999999996,1.303603,PRT,NOR,610453
7132331,185,163,7679,1998,14094.0,0.0,0.315392,0.961176,ROU,NOR,610453
7132332,186,163,7679,1998,6547.0,0.0,0.93909,0.59719,RUS,NOR,610453
7132333,192,163,7679,1998,973.0,0.0,1.0029709999999998,0.506545,SGP,NOR,610453
7132334,208,163,7679,1998,421405.0,293627.0,2.134076,0.9259729999999999,SWE,NOR,610453
7132335,216,163,7679,1998,2935.0,0.0,0.128633,1.484142,THA,NOR,610453
7132336,223,163,7679,1998,5053.0,0.0,-0.21677,-0.08694299999999999,TUN,NOR,610453
7132337,224,163,7679,1998,90666.0,4366.0,0.085286,1.653589,TUR,NOR,610453
7132338,228,163,7679,1998,1127.0,0.0,0.880876,0.783668,UKR,NOR,610453
7132339,250,163,7679,1998,4102.0,0.0,1.144164,1.187425,ANS,NOR,610453
7132340,14,166,7679,1998,515129.0,59824.0,0.375317,0.8864629999999999,AUS,NZL,610453
7132341,43,166,7679,1998,168340.0,0.0,0.3658,3.231258,CHN,NZL,610453
7132342,61,166,7679,1998,974.0,0.0,2.334028,-2.417278,DEU,NZL,610453
7132343,75,166,7679,1998,14752.0,0.0,-1.069747,-0.965333,FJI,NZL,610453
7132344,97,166,7679,1998,43427.0,0.0,0.46966099999999994,2.5744029999999998,HKG,NZL,610453
7132345,104,166,7679,1998,7287.0,0.0,0.274308,2.316908,IND,NZL,610453
7132346,111,166,7679,1998,2386.0,0.0,1.4532209999999999,1.191124,ITA,NZL,610453
7132347,114,166,7679,1998,1949.0,0.0,2.550442,0.718063,JPN,NZL,610453
7132348,121,166,7679,1998,12417.0,0.0,0.999518,1.106351,KOR,NZL,610453
7132349,216,166,7679,1998,2094.0,0.0,0.128633,1.484142,THA,NZL,610453
7132350,231,166,7679,1998,10358.0,1135.0,1.8223639999999999,0.761336,USA,NZL,610453
7132351,239,166,7679,1998,3184.0,0.0,-0.9395469999999999,0.060697,VNM,NZL,610453
7132352,246,166,7679,1998,1063.0,0.0,0.573958,1.3813739999999999,ZAF,NZL,610453
7132353,250,166,7679,1998,37963.0,0.0,1.144164,1.187425,ANS,NZL,610453
7132354,43,169,7679,1998,97973.0,0.0,0.3658,3.231258,CHN,PAN,610453
7132355,49,169,7679,1998,2932.0,0.0,0.205004,0.13985899999999998,COL,PAN,610453
7132356,93,169,7679,1998,5028.0,1164.0,-0.344999,0.155524,GTM,PAN,610453
7132357,97,169,7679,1998,900830.0,0.0,0.46966099999999994,2.5744029999999998,HKG,PAN,610453
7132358,99,169,7679,1998,0.0,2770.0,-0.9326049999999999,-0.598527,HND,PAN,610453
7132359,112,169,7679,1998,0.0,5095.0,-0.8083739999999999,-0.946183,JAM,PAN,610453
7132360,121,169,7679,1998,7003.0,0.0,0.999518,1.106351,KOR,PAN,610453
7132361,160,169,7679,1998,0.0,1378.0,-0.8012199999999999,-0.749159,NIC,PAN,610453
7132362,216,169,7679,1998,10935.0,0.0,0.128633,1.484142,THA,PAN,610453
7132363,231,169,7679,1998,9898.0,0.0,1.8223639999999999,0.761336,USA,PAN,610453
7132364,236,169,7679,1998,0.0,4674.0,0.288717,-0.540639,VEN,PAN,610453
7132365,249,169,7679,1998,6451.0,0.0,1.224725,1.890322,TWN,PAN,610453
7132366,250,169,7679,1998,3948.0,0.0,1.144164,1.187425,ANS,PAN,610453
7132367,42,173,7679,1998,4472.0,0.0,0.029706,-0.061149,CHL,PER,610453
7132368,43,173,7679,1998,5592.0,0.0,0.3658,3.231258,CHN,PER,610453
7132369,49,173,7679,1998,0.0,1276.0,0.205004,0.13985899999999998,COL,PER,610453
7132370,71,173,7679,1998,15744.0,0.0,1.051392,1.983438,ESP,PER,610453
7132371,77,173,7679,1998,9298.0,0.0,1.707702,0.7784270000000001,FRA,PER,610453
7132372,111,173,7679,1998,10665.0,0.0,1.4532209999999999,1.191124,ITA,PER,610453
7132373,121,173,7679,1998,8535.0,0.0,0.999518,1.106351,KOR,PER,610453
7132374,138,173,7679,1998,2583.0,7760.0,0.525671,0.880649,MEX,PER,610453
7132375,231,173,7679,1998,10211.0,1561.0,1.8223639999999999,0.761336,USA,PER,610453
7132376,249,173,7679,1998,2686.0,0.0,1.224725,1.890322,TWN,PER,610453
7132377,250,173,7679,1998,2541.0,0.0,1.144164,1.187425,ANS,PER,610453
7132378,7,174,7679,1998,0.0,304926.0,-0.274973,-0.481405,ARE,PHL,610453
7132379,24,174,7679,1998,0.0,4711.0,-0.044219,-0.859931,BHR,PHL,610453
7132380,39,174,7679,1998,0.0,45165.0,1.077343,1.119161,CAN,PHL,610453
7132381,43,174,7679,1998,10597.0,0.0,0.3658,3.231258,CHN,PHL,610453
7132382,61,174,7679,1998,0.0,145980.0,2.334028,-2.417278,DEU,PHL,610453
7132383,64,174,7679,1998,0.0,17312.0,1.225999,1.470145,DNK,PHL,610453
7132384,68,174,7679,1998,0.0,46244.0,-0.462755,0.079802,EGY,PHL,610453
7132385,77,174,7679,1998,2484.0,9110.0,1.707702,0.7784270000000001,FRA,PHL,610453
7132386,81,174,7679,1998,21149.0,37732.0,1.906738,0.489101,GBR,PHL,610453
7132387,97,174,7679,1998,19198.0,2823.0,0.46966099999999994,2.5744029999999998,HKG,PHL,610453
7132388,102,174,7679,1998,0.0,23486.0,0.780392,1.450701,HUN,PHL,610453
7132389,106,174,7679,1998,0.0,4480.0,1.451067,0.654442,IRL,PHL,610453
7132390,107,174,7679,1998,0.0,2019.0,-0.6626029999999999,-1.0408959999999998,IRN,PHL,610453
7132391,111,174,7679,1998,4610.0,0.0,1.4532209999999999,1.191124,ITA,PHL,610453
7132392,114,174,7679,1998,2172.0,8196.0,2.550442,0.718063,JPN,PHL,610453
7132393,122,174,7679,1998,0.0,6827.0,0.037029,-1.054761,KWT,PHL,610453
7132394,138,174,7679,1998,0.0,4609.0,0.525671,0.880649,MEX,PHL,610453
7132395,162,174,7679,1998,0.0,11675.0,1.248469,1.683182,NLD,PHL,610453
7132396,188,174,7679,1998,0.0,48882.0,0.521849,-0.7550899999999999,SAU,PHL,610453
7132397,192,174,7679,1998,0.0,1667.0,1.0029709999999998,0.506545,SGP,PHL,610453
7132398,208,174,7679,1998,0.0,2647.0,2.134076,0.9259729999999999,SWE,PHL,610453
7132399,231,174,7679,1998,0.0,4064450.0,1.8223639999999999,0.761336,USA,PHL,610453
7132400,249,174,7679,1998,4373.0,0.0,1.224725,1.890322,TWN,PHL,610453
7132401,2,179,7679,1998,0.0,3891.0,-1.679223,-1.213275,AGO,PRT,610453
7132402,14,179,7679,1998,0.0,1475.0,0.375317,0.8864629999999999,AUS,PRT,610453
7132403,15,179,7679,1998,1824.0,14466.0,1.891966,0.508137,AUT,PRT,610453
7132404,18,179,7679,1998,13088.0,69167.0,1.4740739999999999,1.2530430000000001,BEL,PRT,610453
7132405,32,179,7679,1998,12757.0,0.0,0.768101,1.04589,BRA,PRT,610453
7132406,39,179,7679,1998,0.0,5679.0,1.077343,1.119161,CAN,PRT,610453
7132407,41,179,7679,1998,2794.0,93615.0,2.252965,0.561806,CHE,PRT,610453
7132408,43,179,7679,1998,18966.0,0.0,0.3658,3.231258,CHN,PRT,610453
7132409,51,179,7679,1998,0.0,1162.0,0.61526,-0.455517,CPV,PRT,610453
7132410,54,179,7679,1998,0.0,1546.0,-0.349393,-0.9927889999999999,CUB,PRT,610453
7132411,59,179,7679,1998,0.0,1150.0,1.36345,1.408508,CZE,PRT,610453
7132412,61,179,7679,1998,29628.0,750305.0,2.334028,-2.417278,DEU,PRT,610453
7132413,64,179,7679,1998,1125.0,476478.0,1.225999,1.470145,DNK,PRT,610453
7132414,71,179,7679,1998,246799.0,237379.0,1.051392,1.983438,ESP,PRT,610453
7132415,74,179,7679,1998,0.0,37960.0,2.003987,0.995725,FIN,PRT,610453
7132416,77,179,7679,1998,744265.0,785187.0,1.707702,0.7784270000000001,FRA,PRT,610453
7132417,78,179,7679,1998,0.0,923.0,-0.6159899999999999,-0.828198,FRO,PRT,610453
7132418,81,179,7679,1998,84940.0,999230.0,1.906738,0.489101,GBR,PRT,610453
7132419,90,179,7679,1998,1963.0,0.0,0.183835,1.1512790000000002,GRC,PRT,610453
7132420,97,179,7679,1998,2680.0,0.0,0.46966099999999994,2.5744029999999998,HKG,PRT,610453
7132421,100,179,7679,1998,0.0,1060.0,0.692779,0.9919530000000001,HRV,PRT,610453
7132422,102,179,7679,1998,0.0,2893.0,0.780392,1.450701,HUN,PRT,610453
7132423,106,179,7679,1998,0.0,7099.0,1.451067,0.654442,IRL,PRT,610453
7132424,109,179,7679,1998,0.0,1756.0,0.18141300000000002,-0.47993500000000006,ISL,PRT,610453
7132425,110,179,7679,1998,0.0,3971.0,1.2643739999999999,0.958475,ISR,PRT,610453
7132426,111,179,7679,1998,165146.0,13716.0,1.4532209999999999,1.191124,ITA,PRT,610453
7132427,114,179,7679,1998,0.0,24053.0,2.550442,0.718063,JPN,PRT,610453
7132428,124,179,7679,1998,0.0,781.0,0.23803200000000002,0.9927860000000001,LBN,PRT,610453
7132429,133,179,7679,1998,1104.0,0.0,-0.21838000000000002,-0.370322,MAC,PRT,610453
7132430,147,179,7679,1998,0.0,3354.0,-0.6813279999999999,-0.916391,MOZ,PRT,610453
7132431,162,179,7679,1998,2302.0,328283.0,1.248469,1.683182,NLD,PRT,610453
7132432,163,179,7679,1998,3719.0,56070.0,1.1660190000000001,0.43901899999999994,NOR,PRT,610453
7132433,188,179,7679,1998,0.0,6100.0,0.521849,-0.7550899999999999,SAU,PRT,610453
7132434,208,179,7679,1998,0.0,240662.0,2.134076,0.9259729999999999,SWE,PRT,610453
7132435,231,179,7679,1998,1807.0,115709.0,1.8223639999999999,0.761336,USA,PRT,610453
7132436,249,179,7679,1998,0.0,3416.0,1.224725,1.890322,TWN,PRT,610453
7132437,250,179,7679,1998,0.0,1592.0,1.144164,1.187425,ANS,PRT,610453
7132438,186,190,7679,1998,0.0,3897.0,0.93909,0.59719,RUS,SDN,610453
7132439,15,208,7679,1998,0.0,10899.0,1.891966,0.508137,AUT,SWE,610453
7132440,18,208,7679,1998,20236.0,1171.0,1.4740739999999999,1.2530430000000001,BEL,SWE,610453
7132441,22,208,7679,1998,15396.0,0.0,-1.130729,-1.001385,BGD,SWE,610453
7132442,39,208,7679,1998,1454.0,0.0,1.077343,1.119161,CAN,SWE,610453
7132443,41,208,7679,1998,0.0,23501.0,2.252965,0.561806,CHE,SWE,610453
7132444,43,208,7679,1998,130480.0,0.0,0.3658,3.231258,CHN,SWE,610453
7132445,61,208,7679,1998,246638.0,126132.0,2.334028,-2.417278,DEU,SWE,610453
7132446,64,208,7679,1998,3312025.0,431397.0,1.225999,1.470145,DNK,SWE,610453
7132447,71,208,7679,1998,6282.0,0.0,1.051392,1.983438,ESP,SWE,610453
7132448,72,208,7679,1998,255230.0,74206.0,0.53408,1.07691,EST,SWE,610453
7132449,74,208,7679,1998,616541.0,700906.0,2.003987,0.995725,FIN,SWE,610453
7132450,77,208,7679,1998,121694.0,5419.0,1.707702,0.7784270000000001,FRA,SWE,610453
7132451,81,208,7679,1998,2046097.0,588747.0,1.906738,0.489101,GBR,SWE,610453
7132452,90,208,7679,1998,356434.0,2820.0,0.183835,1.1512790000000002,GRC,SWE,610453
7132453,97,208,7679,1998,1092033.0,9960.0,0.46966099999999994,2.5744029999999998,HKG,SWE,610453
7132454,102,208,7679,1998,8845.0,966.0,0.780392,1.450701,HUN,SWE,610453
7132455,103,208,7679,1998,12349.0,0.0,-0.478253,1.350652,IDN,SWE,610453
7132456,104,208,7679,1998,41599.0,0.0,0.274308,2.316908,IND,SWE,610453
7132457,106,208,7679,1998,0.0,2873.0,1.451067,0.654442,IRL,SWE,610453
7132458,110,208,7679,1998,1388.0,0.0,1.2643739999999999,0.958475,ISR,SWE,610453
7132459,111,208,7679,1998,864593.0,0.0,1.4532209999999999,1.191124,ITA,SWE,610453
7132460,121,208,7679,1998,215613.0,0.0,0.999518,1.106351,KOR,SWE,610453
7132461,130,208,7679,1998,222788.0,3614.0,0.27073,0.692656,LTU,SWE,610453
7132462,132,208,7679,1998,59582.0,5603.0,0.322473,0.388421,LVA,SWE,610453
7132463,133,208,7679,1998,50507.0,0.0,-0.21838000000000002,-0.370322,MAC,SWE,610453
7132464,162,208,7679,1998,9594.0,21917.0,1.248469,1.683182,NLD,SWE,610453
7132465,163,208,7679,1998,293627.0,421405.0,1.1660190000000001,0.43901899999999994,NOR,SWE,610453
7132466,168,208,7679,1998,16577.0,0.0,-0.9008149999999999,-0.448942,PAK,SWE,610453
7132467,174,208,7679,1998,2647.0,0.0,-0.262725,-0.075781,PHL,SWE,610453
7132468,177,208,7679,1998,629723.0,265062.0,0.8638309999999999,1.8881299999999999,POL,SWE,610453
7132469,179,208,7679,1998,240662.0,0.0,0.39771999999999996,1.303603,PRT,SWE,610453
7132470,192,208,7679,1998,4116.0,0.0,1.0029709999999998,0.506545,SGP,SWE,610453
7132471,206,208,7679,1998,3986.0,0.0,1.202453,1.228204,SVK,SWE,610453
7132472,216,208,7679,1998,36996.0,0.0,0.128633,1.484142,THA,SWE,610453
7132473,224,208,7679,1998,198598.0,0.0,0.085286,1.653589,TUR,SWE,610453
7132474,231,208,7679,1998,24443.0,0.0,1.8223639999999999,0.761336,USA,SWE,610453
7132475,249,208,7679,1998,13880.0,0.0,1.224725,1.890322,TWN,SWE,610453
7132476,2,216,7679,1998,0.0,3862.0,-1.679223,-1.213275,AGO,THA,610453
7132477,7,216,7679,1998,0.0,41389.0,-0.274973,-0.481405,ARE,THA,610453
7132478,14,216,7679,1998,0.0,13541.0,0.375317,0.8864629999999999,AUS,THA,610453
7132479,15,216,7679,1998,0.0,14195.0,1.891966,0.508137,AUT,THA,610453
7132480,18,216,7679,1998,0.0,9436.0,1.4740739999999999,1.2530430000000001,BEL,THA,610453
7132481,24,216,7679,1998,0.0,11097.0,-0.044219,-0.859931,BHR,THA,610453
7132482,39,216,7679,1998,0.0,36221.0,1.077343,1.119161,CAN,THA,610453
7132483,41,216,7679,1998,0.0,4925.0,2.252965,0.561806,CHE,THA,610453
7132484,43,216,7679,1998,68485.0,0.0,0.3658,3.231258,CHN,THA,610453
7132485,46,216,7679,1998,0.0,12738.0,-1.753881,-1.201073,COD,THA,610453
7132486,59,216,7679,1998,0.0,1508.0,1.36345,1.408508,CZE,THA,610453
7132487,61,216,7679,1998,895.0,114782.0,2.334028,-2.417278,DEU,THA,610453
7132488,64,216,7679,1998,0.0,5045.0,1.225999,1.470145,DNK,THA,610453
7132489,68,216,7679,1998,0.0,12443.0,-0.462755,0.079802,EGY,THA,610453
7132490,71,216,7679,1998,1768.0,3656.0,1.051392,1.983438,ESP,THA,610453
7132491,74,216,7679,1998,0.0,8966.0,2.003987,0.995725,FIN,THA,610453
7132492,77,216,7679,1998,1055.0,42255.0,1.707702,0.7784270000000001,FRA,THA,610453
7132493,81,216,7679,1998,11826.0,21009.0,1.906738,0.489101,GBR,THA,610453
7132494,97,216,7679,1998,16878.0,21911.0,0.46966099999999994,2.5744029999999998,HKG,THA,610453
7132495,104,216,7679,1998,5907.0,0.0,0.274308,2.316908,IND,THA,610453
7132496,106,216,7679,1998,0.0,8742.0,1.451067,0.654442,IRL,THA,610453
7132497,110,216,7679,1998,0.0,1201.0,1.2643739999999999,0.958475,ISR,THA,610453
7132498,111,216,7679,1998,1166.0,970.0,1.4532209999999999,1.191124,ITA,THA,610453
7132499,114,216,7679,1998,0.0,450978.0,2.550442,0.718063,JPN,THA,610453
7132500,121,216,7679,1998,2183.0,5699.0,0.999518,1.106351,KOR,THA,610453
7132501,122,216,7679,1998,0.0,88008.0,0.037029,-1.054761,KWT,THA,610453
7132502,126,216,7679,1998,0.0,3836.0,-0.303379,-1.1347180000000001,LBY,THA,610453
7132503,137,216,7679,1998,0.0,3820.0,-1.4121629999999998,-1.084394,MDV,THA,610453
7132504,138,216,7679,1998,0.0,2102.0,0.525671,0.880649,MEX,THA,610453
7132505,151,216,7679,1998,0.0,1089.0,-0.621599,-0.755795,MUS,THA,610453
7132506,162,216,7679,1998,0.0,7503.0,1.248469,1.683182,NLD,THA,610453
7132507,163,216,7679,1998,0.0,2935.0,1.1660190000000001,0.43901899999999994,NOR,THA,610453
7132508,166,216,7679,1998,0.0,2094.0,0.5690529999999999,0.7752060000000001,NZL,THA,610453
7132509,169,216,7679,1998,0.0,10935.0,0.010123,0.5677949999999999,PAN,THA,610453
7132510,176,216,7679,1998,0.0,11437.0,-2.060952,-1.237969,PNG,THA,610453
7132511,177,216,7679,1998,0.0,1522.0,0.8638309999999999,1.8881299999999999,POL,THA,610453
7132512,183,216,7679,1998,0.0,2398.0,-1.047819,-1.226928,QAT,THA,610453
7132513,186,216,7679,1998,0.0,3254.0,0.93909,0.59719,RUS,THA,610453
7132514,188,216,7679,1998,0.0,102519.0,0.521849,-0.7550899999999999,SAU,THA,610453
7132515,192,216,7679,1998,3844.0,16295.0,1.0029709999999998,0.506545,SGP,THA,610453
7132516,208,216,7679,1998,0.0,36996.0,2.134076,0.9259729999999999,SWE,THA,610453
7132517,226,216,7679,1998,0.0,4490.0,-0.972823,-0.428149,TZA,THA,610453
7132518,227,216,7679,1998,0.0,1359.0,-0.996762,-1.01326,UGA,THA,610453
7132519,231,216,7679,1998,0.0,370442.0,1.8223639999999999,0.761336,USA,THA,610453
7132520,243,216,7679,1998,0.0,11319.0,-1.458683,-1.263139,YEM,THA,610453
7132521,246,216,7679,1998,0.0,9177.0,0.573958,1.3813739999999999,ZAF,THA,610453
7132522,249,216,7679,1998,0.0,12367.0,1.224725,1.890322,TWN,THA,610453
7132523,250,216,7679,1998,0.0,3947.0,1.144164,1.187425,ANS,THA,610453
7132524,33,222,7679,1998,0.0,12837.0,0.888487,0.469408,BRB,TTO,610453
7132525,43,222,7679,1998,1723.0,0.0,0.3658,3.231258,CHN,TTO,610453
7132526,91,222,7679,1998,0.0,3107.0,-0.249689,-0.7117,GRD,TTO,610453
7132527,104,222,7679,1998,1927.0,0.0,0.274308,2.316908,IND,TTO,610453
7132528,231,222,7679,1998,1276.0,0.0,1.8223639999999999,0.761336,USA,TTO,610453
7132529,7,224,7679,1998,0.0,23205.0,-0.274973,-0.481405,ARE,TUR,610453
7132530,14,224,7679,1998,0.0,2705.0,0.375317,0.8864629999999999,AUS,TUR,610453
7132531,15,224,7679,1998,4871.0,71443.0,1.891966,0.508137,AUT,TUR,610453
7132532,18,224,7679,1998,0.0,204065.0,1.4740739999999999,1.2530430000000001,BEL,TUR,610453
7132533,23,224,7679,1998,0.0,3312.0,0.382782,1.5844479999999999,BGR,TUR,610453
7132534,39,224,7679,1998,0.0,28764.0,1.077343,1.119161,CAN,TUR,610453
7132535,41,224,7679,1998,0.0,144852.0,2.252965,0.561806,CHE,TUR,610453
7132536,43,224,7679,1998,16453.0,0.0,0.3658,3.231258,CHN,TUR,610453
7132537,58,224,7679,1998,0.0,3485.0,0.45990600000000004,0.41840299999999997,CYP,TUR,610453
7132538,59,224,7679,1998,0.0,11351.0,1.36345,1.408508,CZE,TUR,610453
7132539,61,224,7679,1998,60756.0,6129423.0,2.334028,-2.417278,DEU,TUR,610453
7132540,64,224,7679,1998,0.0,350841.0,1.225999,1.470145,DNK,TUR,610453
7132541,68,224,7679,1998,0.0,17965.0,-0.462755,0.079802,EGY,TUR,610453
7132542,71,224,7679,1998,3230.0,17871.0,1.051392,1.983438,ESP,TUR,610453
7132543,72,224,7679,1998,0.0,3915.0,0.53408,1.07691,EST,TUR,610453
7132544,74,224,7679,1998,0.0,44292.0,2.003987,0.995725,FIN,TUR,610453
7132545,77,224,7679,1998,16800.0,667957.0,1.707702,0.7784270000000001,FRA,TUR,610453
7132546,81,224,7679,1998,89761.0,1213993.0,1.906738,0.489101,GBR,TUR,610453
7132547,90,224,7679,1998,0.0,7475.0,0.183835,1.1512790000000002,GRC,TUR,610453
7132548,97,224,7679,1998,2093.0,0.0,0.46966099999999994,2.5744029999999998,HKG,TUR,610453
7132549,102,224,7679,1998,0.0,5906.0,0.780392,1.450701,HUN,TUR,610453
7132550,106,224,7679,1998,0.0,1972.0,1.451067,0.654442,IRL,TUR,610453
7132551,109,224,7679,1998,0.0,3992.0,0.18141300000000002,-0.47993500000000006,ISL,TUR,610453
7132552,110,224,7679,1998,0.0,3717.0,1.2643739999999999,0.958475,ISR,TUR,610453
7132553,111,224,7679,1998,17637.0,25452.0,1.4532209999999999,1.191124,ITA,TUR,610453
7132554,113,224,7679,1998,0.0,1598.0,0.403009,-0.076366,JOR,TUR,610453
7132555,114,224,7679,1998,0.0,3579.0,2.550442,0.718063,JPN,TUR,610453
7132556,117,224,7679,1998,0.0,11116.0,0.11446500000000001,-0.24638000000000002,KGZ,TUR,610453
7132557,121,224,7679,1998,2821.0,0.0,0.999518,1.106351,KOR,TUR,610453
7132558,122,224,7679,1998,0.0,11316.0,0.037029,-1.054761,KWT,TUR,610453
7132559,124,224,7679,1998,0.0,8695.0,0.23803200000000002,0.9927860000000001,LBN,TUR,610453
7132560,126,224,7679,1998,0.0,162459.0,-0.303379,-1.1347180000000001,LBY,TUR,610453
7132561,130,224,7679,1998,0.0,1627.0,0.27073,0.692656,LTU,TUR,610453
7132562,142,224,7679,1998,0.0,1068.0,0.919593,-0.071451,MLT,TUR,610453
7132563,153,224,7679,1998,1794.0,0.0,0.396826,0.203792,MYS,TUR,610453
7132564,162,224,7679,1998,10469.0,540915.0,1.248469,1.683182,NLD,TUR,610453
7132565,163,224,7679,1998,4366.0,90666.0,1.1660190000000001,0.43901899999999994,NOR,TUR,610453
7132566,177,224,7679,1998,0.0,25640.0,0.8638309999999999,1.8881299999999999,POL,TUR,610453
7132567,183,224,7679,1998,0.0,2278.0,-1.047819,-1.226928,QAT,TUR,610453
7132568,185,224,7679,1998,0.0,8156.0,0.315392,0.961176,ROU,TUR,610453
7132569,186,224,7679,1998,0.0,41166.0,0.93909,0.59719,RUS,TUR,610453
7132570,188,224,7679,1998,0.0,34291.0,0.521849,-0.7550899999999999,SAU,TUR,610453
7132571,206,224,7679,1998,0.0,1729.0,1.202453,1.228204,SVK,TUR,610453
7132572,207,224,7679,1998,0.0,3878.0,1.442955,1.27214,SVN,TUR,610453
7132573,208,224,7679,1998,0.0,198598.0,2.134076,0.9259729999999999,SWE,TUR,610453
7132574,219,224,7679,1998,0.0,2012.0,-0.379934,-0.878598,TKM,TUR,610453
7132575,223,224,7679,1998,0.0,5385.0,-0.21677,-0.08694299999999999,TUN,TUR,610453
7132576,231,224,7679,1998,7195.0,300700.0,1.8223639999999999,0.761336,USA,TUR,610453
7132577,232,224,7679,1998,0.0,7257.0,-0.283425,-0.7488520000000001,UZB,TUR,610453
7132578,249,224,7679,1998,2007.0,0.0,1.224725,1.890322,TWN,TUR,610453
7132579,250,224,7679,1998,1060.0,4544.0,1.144164,1.187425,ANS,TUR,610453
7132580,0,231,7679,1998,0.0,2771.0,0.197883,-0.726349,ABW,USA,610453
7132581,6,231,7679,1998,0.0,7183.0,0.666616,-0.224404,ANT,USA,610453
7132582,7,231,7679,1998,156438.0,2778.0,-0.274973,-0.481405,ARE,USA,610453
7132583,8,231,7679,1998,2343.0,55534.0,0.272015,0.45031099999999996,ARG,USA,610453
7132584,14,231,7679,1998,15032.0,12476.0,0.375317,0.8864629999999999,AUS,USA,610453
7132585,15,231,7679,1998,0.0,5150.0,1.891966,0.508137,AUT,USA,610453
7132586,18,231,7679,1998,13678.0,45830.0,1.4740739999999999,1.2530430000000001,BEL,USA,610453
7132587,22,231,7679,1998,446703.0,0.0,-1.130729,-1.001385,BGD,USA,610453
7132588,25,231,7679,1998,0.0,6391.0,1.090167,0.25353000000000003,BHS,USA,610453
7132589,28,231,7679,1998,10672.0,0.0,0.9122049999999999,1.161741,BLR,USA,610453
7132590,32,231,7679,1998,22690.0,18103.0,0.768101,1.04589,BRA,USA,610453
7132591,33,231,7679,1998,966.0,0.0,0.888487,0.469408,BRB,USA,610453
7132592,34,231,7679,1998,27821.0,0.0,-0.445218,-0.833083,BRN,USA,610453
7132593,39,231,7679,1998,5414100.0,3307257.0,1.077343,1.119161,CAN,USA,610453
7132594,41,231,7679,1998,1289.0,45018.0,2.252965,0.561806,CHE,USA,610453
7132595,42,231,7679,1998,0.0,6570.0,0.029706,-0.061149,CHL,USA,610453
7132596,43,231,7679,1998,1919384.0,0.0,0.3658,3.231258,CHN,USA,610453
7132597,49,231,7679,1998,33286.0,6336.0,0.205004,0.13985899999999998,COL,USA,610453
7132598,51,231,7679,1998,0.0,1057.0,0.61526,-0.455517,CPV,USA,610453
7132599,52,231,7679,1998,4454.0,4911.0,-0.26046199999999997,-0.059391,CRI,USA,610453
7132600,58,231,7679,1998,8011.0,0.0,0.45990600000000004,0.41840299999999997,CYP,USA,610453
7132601,61,231,7679,1998,113587.0,118943.0,2.334028,-2.417278,DEU,USA,610453
7132602,64,231,7679,1998,14657.0,0.0,1.225999,1.470145,DNK,USA,610453
7132603,65,231,7679,1998,613197.0,9836.0,-0.772271,-0.765258,DOM,USA,610453
7132604,67,231,7679,1998,0.0,15765.0,-0.990915,-0.9670860000000001,ECU,USA,610453
7132605,71,231,7679,1998,36960.0,32324.0,1.051392,1.983438,ESP,USA,610453
7132606,74,231,7679,1998,1361.0,0.0,2.003987,0.995725,FIN,USA,610453
7132607,77,231,7679,1998,18885.0,31072.0,1.707702,0.7784270000000001,FRA,USA,610453
7132608,81,231,7679,1998,19391.0,39347.0,1.906738,0.489101,GBR,USA,610453
7132609,90,231,7679,1998,17068.0,5139.0,0.183835,1.1512790000000002,GRC,USA,610453
7132610,93,231,7679,1998,1786610.0,14301.0,-0.344999,0.155524,GTM,USA,610453
7132611,96,231,7679,1998,3577.0,0.0,-0.8204450000000001,-0.8914200000000001,GUY,USA,610453
7132612,97,231,7679,1998,7375517.0,31775.0,0.46966099999999994,2.5744029999999998,HKG,USA,610453
7132613,99,231,7679,1998,168830.0,64142.0,-0.9326049999999999,-0.598527,HND,USA,610453
7132614,100,231,7679,1998,0.0,706.0,0.692779,0.9919530000000001,HRV,USA,610453
7132615,101,231,7679,1998,189724.0,0.0,-1.186197,-0.925901,HTI,USA,610453
7132616,102,231,7679,1998,1698.0,0.0,0.780392,1.450701,HUN,USA,610453
7132617,103,231,7679,1998,220133.0,0.0,-0.478253,1.350652,IDN,USA,610453
7132618,104,231,7679,1998,316085.0,8761.0,0.274308,2.316908,IND,USA,610453
7132619,106,231,7679,1998,1322.0,1862.0,1.451067,0.654442,IRL,USA,610453
7132620,109,231,7679,1998,0.0,12113.0,0.18141300000000002,-0.47993500000000006,ISL,USA,610453
7132621,110,231,7679,1998,879222.0,6946.0,1.2643739999999999,0.958475,ISR,USA,610453
7132622,111,231,7679,1998,515577.0,1361.0,1.4532209999999999,1.191124,ITA,USA,610453
7132623,112,231,7679,1998,0.0,1502.0,-0.8083739999999999,-0.946183,JAM,USA,610453
7132624,113,231,7679,1998,0.0,9455.0,0.403009,-0.076366,JOR,USA,610453
7132625,114,231,7679,1998,124465.0,421134.0,2.550442,0.718063,JPN,USA,610453
7132626,118,231,7679,1998,221600.0,0.0,-1.626686,-1.307157,KHM,USA,610453
7132627,121,231,7679,1998,6501033.0,39385.0,0.999518,1.106351,KOR,USA,610453
7132628,124,231,7679,1998,0.0,5383.0,0.23803200000000002,0.9927860000000001,LBN,USA,610453
7132629,128,231,7679,1998,358031.0,0.0,-0.933293,-0.233566,LKA,USA,610453
7132630,133,231,7679,1998,1543627.0,0.0,-0.21838000000000002,-0.370322,MAC,USA,610453
7132631,134,231,7679,1998,3487.0,0.0,-0.7299479999999999,-0.23758200000000002,MAR,USA,610453
7132632,135,231,7679,1998,10219.0,0.0,-0.112783,-0.276584,MDA,USA,610453
7132633,138,231,7679,1998,8959542.0,2605724.0,0.525671,0.880649,MEX,USA,610453
7132634,140,231,7679,1998,34743.0,0.0,0.102559,0.591468,MKD,USA,610453
7132635,143,231,7679,1998,43760.0,0.0,-1.620365,-0.997957,MMR,USA,610453
7132636,153,231,7679,1998,1035709.0,0.0,0.396826,0.203792,MYS,USA,610453
7132637,160,231,7679,1998,0.0,3941.0,-0.8012199999999999,-0.749159,NIC,USA,610453
7132638,162,231,7679,1998,7519.0,28533.0,1.248469,1.683182,NLD,USA,610453
7132639,166,231,7679,1998,1135.0,10358.0,0.5690529999999999,0.7752060000000001,NZL,USA,610453
7132640,169,231,7679,1998,0.0,9898.0,0.010123,0.5677949999999999,PAN,USA,610453
7132641,173,231,7679,1998,1561.0,10211.0,-0.35875300000000004,0.042606,PER,USA,610453
7132642,174,231,7679,1998,4064450.0,0.0,-0.262725,-0.075781,PHL,USA,610453
7132643,177,231,7679,1998,2134.0,0.0,0.8638309999999999,1.8881299999999999,POL,USA,610453
7132644,179,231,7679,1998,115709.0,1807.0,0.39771999999999996,1.303603,PRT,USA,610453
7132645,182,231,7679,1998,0.0,1090.0,0.422645,-0.607595,PYF,USA,610453
7132646,185,231,7679,1998,145125.0,0.0,0.315392,0.961176,ROU,USA,610453
7132647,186,231,7679,1998,64215.0,1778.0,0.93909,0.59719,RUS,USA,610453
7132648,188,231,7679,1998,0.0,4047.0,0.521849,-0.7550899999999999,SAU,USA,610453
7132649,191,231,7679,1998,1150.0,0.0,-0.416955,-0.449216,SEN,USA,610453
7132650,192,231,7679,1998,445293.0,5806.0,1.0029709999999998,0.506545,SGP,USA,610453
7132651,197,231,7679,1998,579250.0,18479.0,-0.202965,-0.000499,SLV,USA,610453
7132652,208,231,7679,1998,0.0,24443.0,2.134076,0.9259729999999999,SWE,USA,610453
7132653,216,231,7679,1998,370442.0,0.0,0.128633,1.484142,THA,USA,610453
7132654,222,231,7679,1998,0.0,1276.0,0.273917,-0.453996,TTO,USA,610453
7132655,223,231,7679,1998,32650.0,0.0,-0.21677,-0.08694299999999999,TUN,USA,610453
7132656,224,231,7679,1998,300700.0,7195.0,0.085286,1.653589,TUR,USA,610453
7132657,230,231,7679,1998,0.0,2642.0,0.323022,0.293694,URY,USA,610453
7132658,234,231,7679,1998,958.0,0.0,0.22166,-0.331633,VCT,USA,610453
7132659,236,231,7679,1998,2198.0,76190.0,0.288717,-0.540639,VEN,USA,610453
7132660,246,231,7679,1998,0.0,2270.0,0.573958,1.3813739999999999,ZAF,USA,610453
7132661,249,231,7679,1998,19307346.0,40271.0,1.224725,1.890322,TWN,USA,610453
7132662,43,236,7679,1998,154253.0,0.0,0.3658,3.231258,CHN,VEN,610453
7132663,49,236,7679,1998,56142.0,0.0,0.205004,0.13985899999999998,COL,VEN,610453
7132664,61,236,7679,1998,872.0,0.0,2.334028,-2.417278,DEU,VEN,610453
7132665,67,236,7679,1998,0.0,1035.0,-0.990915,-0.9670860000000001,ECU,VEN,610453
7132666,71,236,7679,1998,3748.0,0.0,1.051392,1.983438,ESP,VEN,610453
7132667,77,236,7679,1998,2304.0,0.0,1.707702,0.7784270000000001,FRA,VEN,610453
7132668,97,236,7679,1998,6065.0,0.0,0.46966099999999994,2.5744029999999998,HKG,VEN,610453
7132669,111,236,7679,1998,2094.0,0.0,1.4532209999999999,1.191124,ITA,VEN,610453
7132670,138,236,7679,1998,1182.0,0.0,0.525671,0.880649,MEX,VEN,610453
7132671,169,236,7679,1998,4674.0,0.0,0.010123,0.5677949999999999,PAN,VEN,610453
7132672,231,236,7679,1998,76190.0,2198.0,1.8223639999999999,0.761336,USA,VEN,610453
7132673,18,14,7679,1998,8250.0,0.0,1.4740739999999999,1.2530430000000001,BEL,AUS,610453
7132674,39,14,7679,1998,34046.0,0.0,1.077343,1.119161,CAN,AUS,610453
7132675,43,14,7679,1998,878010.0,0.0,0.3658,3.231258,CHN,AUS,610453
7132676,52,14,7679,1998,11708.0,0.0,-0.26046199999999997,-0.059391,CRI,AUS,610453
7132677,61,14,7679,1998,27188.0,0.0,2.334028,-2.417278,DEU,AUS,610453
7132678,71,14,7679,1998,1747.0,0.0,1.051392,1.983438,ESP,AUS,610453
7132679,74,14,7679,1998,8618.0,0.0,2.003987,0.995725,FIN,AUS,610453
7132680,75,14,7679,1998,23995.0,0.0,-1.069747,-0.965333,FJI,AUS,610453
7132681,77,14,7679,1998,34801.0,0.0,1.707702,0.7784270000000001,FRA,AUS,610453
7132682,81,14,7679,1998,4393.0,1851.0,1.906738,0.489101,GBR,AUS,610453
7132683,97,14,7679,1998,145542.0,1410.0,0.46966099999999994,2.5744029999999998,HKG,AUS,610453
7132684,103,14,7679,1998,5668.0,0.0,-0.478253,1.350652,IDN,AUS,610453
7132685,104,14,7679,1998,15491.0,0.0,0.274308,2.316908,IND,AUS,610453
7132686,110,14,7679,1998,13767.0,0.0,1.2643739999999999,0.958475,ISR,AUS,610453
7132687,111,14,7679,1998,60942.0,0.0,1.4532209999999999,1.191124,ITA,AUS,610453
7132688,114,14,7679,1998,5160.0,3459.0,2.550442,0.718063,JPN,AUS,610453
7132689,121,14,7679,1998,131828.0,0.0,0.999518,1.106351,KOR,AUS,610453
7132690,133,14,7679,1998,11159.0,0.0,-0.21838000000000002,-0.370322,MAC,AUS,610453
7132691,138,14,7679,1998,5569.0,0.0,0.525671,0.880649,MEX,AUS,610453
7132692,166,14,7679,1998,59824.0,515129.0,0.5690529999999999,0.7752060000000001,NZL,AUS,610453
7132693,179,14,7679,1998,1475.0,0.0,0.39771999999999996,1.303603,PRT,AUS,610453
7132694,192,14,7679,1998,3305.0,3099.0,1.0029709999999998,0.506545,SGP,AUS,610453
7132695,216,14,7679,1998,13541.0,0.0,0.128633,1.484142,THA,AUS,610453
7132696,224,14,7679,1998,2705.0,0.0,0.085286,1.653589,TUR,AUS,610453
7132697,231,14,7679,1998,12476.0,15032.0,1.8223639999999999,0.761336,USA,AUS,610453
7132698,239,14,7679,1998,3017.0,0.0,-0.9395469999999999,0.060697,VNM,AUS,610453
7132699,249,14,7679,1998,6227.0,0.0,1.224725,1.890322,TWN,AUS,610453
7132700,250,14,7679,1998,8975.0,0.0,1.144164,1.187425,ANS,AUS,610453
7132701,61,16,7679,1998,892.0,0.0,2.334028,-2.417278,DEU,AZE,610453
7132702,107,16,7679,1998,1345.0,0.0,-0.6626029999999999,-1.0408959999999998,IRN,AZE,610453
7132703,15,22,7679,1998,0.0,859.0,1.891966,0.508137,AUT,BGD,610453
7132704,18,22,7679,1998,0.0,14975.0,1.4740739999999999,1.2530430000000001,BEL,BGD,610453
7132705,61,22,7679,1998,0.0,49354.0,2.334028,-2.417278,DEU,BGD,610453
7132706,64,22,7679,1998,0.0,14186.0,1.225999,1.470145,DNK,BGD,610453
7132707,74,22,7679,1998,0.0,1559.0,2.003987,0.995725,FIN,BGD,610453
7132708,77,22,7679,1998,0.0,10580.0,1.707702,0.7784270000000001,FRA,BGD,610453
7132709,81,22,7679,1998,0.0,19991.0,1.906738,0.489101,GBR,BGD,610453
7132710,106,22,7679,1998,0.0,1793.0,1.451067,0.654442,IRL,BGD,610453
7132711,111,22,7679,1998,771.0,2073.0,1.4532209999999999,1.191124,ITA,BGD,610453
7132712,162,22,7679,1998,0.0,176427.0,1.248469,1.683182,NLD,BGD,610453
7132713,163,22,7679,1998,0.0,5835.0,1.1660190000000001,0.43901899999999994,NOR,BGD,610453
7132714,208,22,7679,1998,0.0,15396.0,2.134076,0.9259729999999999,SWE,BGD,610453
7132715,231,22,7679,1998,0.0,446703.0,1.8223639999999999,0.761336,USA,BGD,610453
7132716,15,23,7679,1998,0.0,30155.0,1.891966,0.508137,AUT,BGR,610453
7132717,18,23,7679,1998,0.0,58806.0,1.4740739999999999,1.2530430000000001,BEL,BGR,610453
7132718,41,23,7679,1998,0.0,12967.0,2.252965,0.561806,CHE,BGR,610453
7132719,43,23,7679,1998,1006.0,0.0,0.3658,3.231258,CHN,BGR,610453
7132720,61,23,7679,1998,2982.0,995703.0,2.334028,-2.417278,DEU,BGR,610453
7132721,64,23,7679,1998,0.0,30062.0,1.225999,1.470145,DNK,BGR,610453
7132722,74,23,7679,1998,0.0,2902.0,2.003987,0.995725,FIN,BGR,610453
7132723,77,23,7679,1998,0.0,24164.0,1.707702,0.7784270000000001,FRA,BGR,610453
7132724,81,23,7679,1998,0.0,4329.0,1.906738,0.489101,GBR,BGR,610453
7132725,90,23,7679,1998,80647.0,98940.0,0.183835,1.1512790000000002,GRC,BGR,610453
7132726,102,23,7679,1998,0.0,7044.0,0.780392,1.450701,HUN,BGR,610453
7132727,111,23,7679,1998,0.0,5810.0,1.4532209999999999,1.191124,ITA,BGR,610453
7132728,114,23,7679,1998,0.0,1097.0,2.550442,0.718063,JPN,BGR,610453
7132729,162,23,7679,1998,0.0,2557.0,1.248469,1.683182,NLD,BGR,610453
7132730,163,23,7679,1998,0.0,4107.0,1.1660190000000001,0.43901899999999994,NOR,BGR,610453
7132731,186,23,7679,1998,0.0,1205.0,0.93909,0.59719,RUS,BGR,610453
7132732,224,23,7679,1998,3312.0,0.0,0.085286,1.653589,TUR,BGR,610453
7132733,61,28,7679,1998,7621.0,94420.0,2.334028,-2.417278,DEU,BLR,610453
7132734,74,28,7679,1998,0.0,5154.0,2.003987,0.995725,FIN,BLR,610453
7132735,77,28,7679,1998,1418.0,3419.0,1.707702,0.7784270000000001,FRA,BLR,610453
7132736,111,28,7679,1998,4787.0,1132.0,1.4532209999999999,1.191124,ITA,BLR,610453
7132737,130,28,7679,1998,6830.0,0.0,0.27073,0.692656,LTU,BLR,610453
7132738,135,28,7679,1998,0.0,1426.0,-0.112783,-0.276584,MDA,BLR,610453
7132739,162,28,7679,1998,7763.0,35312.0,1.248469,1.683182,NLD,BLR,610453
7132740,177,28,7679,1998,54617.0,0.0,0.8638309999999999,1.8881299999999999,POL,BLR,610453
7132741,186,28,7679,1998,31240.0,136947.0,0.93909,0.59719,RUS,BLR,610453
7132742,228,28,7679,1998,0.0,1496.0,0.880876,0.783668,UKR,BLR,610453
7132743,231,28,7679,1998,0.0,10672.0,1.8223639999999999,0.761336,USA,BLR,610453
7132744,2,32,7679,1998,0.0,2414.0,-1.679223,-1.213275,AGO,BRA,610453
7132745,8,32,7679,1998,5067.0,70986.0,0.272015,0.45031099999999996,ARG,BRA,610453
7132746,31,32,7679,1998,0.0,10309.0,-0.49860699999999997,-0.748521,BOL,BRA,610453
7132747,42,32,7679,1998,0.0,1639.0,0.029706,-0.061149,CHL,BRA,610453
7132748,43,32,7679,1998,116138.0,0.0,0.3658,3.231258,CHN,BRA,610453
7132749,49,32,7679,1998,0.0,1144.0,0.205004,0.13985899999999998,COL,BRA,610453
7132750,71,32,7679,1998,5472.0,0.0,1.051392,1.983438,ESP,BRA,610453
7132751,77,32,7679,1998,2783.0,2019.0,1.707702,0.7784270000000001,FRA,BRA,610453
7132752,97,32,7679,1998,9098.0,0.0,0.46966099999999994,2.5744029999999998,HKG,BRA,610453
7132753,103,32,7679,1998,7141.0,0.0,-0.478253,1.350652,IDN,BRA,610453
7132754,104,32,7679,1998,32675.0,0.0,0.274308,2.316908,IND,BRA,610453
7132755,111,32,7679,1998,5151.0,1856.0,1.4532209999999999,1.191124,ITA,BRA,610453
7132756,121,32,7679,1998,31170.0,0.0,0.999518,1.106351,KOR,BRA,610453
7132757,179,32,7679,1998,0.0,12757.0,0.39771999999999996,1.303603,PRT,BRA,610453
7132758,180,32,7679,1998,0.0,7107.0,-0.204539,-0.766486,PRY,BRA,610453
7132759,230,32,7679,1998,33027.0,1203.0,0.323022,0.293694,URY,BRA,610453
7132760,231,32,7679,1998,18103.0,22690.0,1.8223639999999999,0.761336,USA,BRA,610453
7132761,249,32,7679,1998,3552.0,0.0,1.224725,1.890322,TWN,BRA,610453
7132762,97,34,7679,1998,2851.0,0.0,0.46966099999999994,2.5744029999999998,HKG,BRN,610453
7132763,231,34,7679,1998,0.0,27821.0,1.8223639999999999,0.761336,USA,BRN,610453
7132764,7,39,7679,1998,60972.0,0.0,-0.274973,-0.481405,ARE,CAN,610453
7132765,8,39,7679,1998,0.0,6736.0,0.272015,0.45031099999999996,ARG,CAN,610453
7132766,14,39,7679,1998,0.0,34046.0,0.375317,0.8864629999999999,AUS,CAN,610453
7132767,15,39,7679,1998,1449.0,0.0,1.891966,0.508137,AUT,CAN,610453
7132768,18,39,7679,1998,0.0,1777.0,1.4740739999999999,1.2530430000000001,BEL,CAN,610453
7132769,41,39,7679,1998,0.0,13752.0,2.252965,0.561806,CHE,CAN,610453
7132770,42,39,7679,1998,0.0,11465.0,0.029706,-0.061149,CHL,CAN,610453
7132771,43,39,7679,1998,42389.0,0.0,0.3658,3.231258,CHN,CAN,610453
7132772,52,39,7679,1998,1554.0,0.0,-0.26046199999999997,-0.059391,CRI,CAN,610453
7132773,61,39,7679,1998,161347.0,98673.0,2.334028,-2.417278,DEU,CAN,610453
7132774,64,39,7679,1998,5078.0,0.0,1.225999,1.470145,DNK,CAN,610453
7132775,74,39,7679,1998,0.0,2860.0,2.003987,0.995725,FIN,CAN,610453
7132776,77,39,7679,1998,12374.0,0.0,1.707702,0.7784270000000001,FRA,CAN,610453
7132777,81,39,7679,1998,13451.0,1022236.0,1.906738,0.489101,GBR,CAN,610453
7132778,90,39,7679,1998,8350.0,0.0,0.183835,1.1512790000000002,GRC,CAN,610453
7132779,93,39,7679,1998,2521.0,0.0,-0.344999,0.155524,GTM,CAN,610453
7132780,97,39,7679,1998,450942.0,0.0,0.46966099999999994,2.5744029999999998,HKG,CAN,610453
7132781,100,39,7679,1998,2233.0,0.0,0.692779,0.9919530000000001,HRV,CAN,610453
7132782,102,39,7679,1998,1157.0,0.0,0.780392,1.450701,HUN,CAN,610453
7132783,103,39,7679,1998,8943.0,0.0,-0.478253,1.350652,IDN,CAN,610453
7132784,104,39,7679,1998,12315.0,0.0,0.274308,2.316908,IND,CAN,610453
7132785,106,39,7679,1998,1334.0,5814.0,1.451067,0.654442,IRL,CAN,610453
7132786,110,39,7679,1998,5268.0,0.0,1.2643739999999999,0.958475,ISR,CAN,610453
7132787,111,39,7679,1998,42685.0,0.0,1.4532209999999999,1.191124,ITA,CAN,610453
7132788,114,39,7679,1998,5379.0,1415.0,2.550442,0.718063,JPN,CAN,610453
7132789,121,39,7679,1998,180073.0,0.0,0.999518,1.106351,KOR,CAN,610453
7132790,128,39,7679,1998,8402.0,0.0,-0.933293,-0.233566,LKA,CAN,610453
7132791,133,39,7679,1998,37949.0,0.0,-0.21838000000000002,-0.370322,MAC,CAN,610453
7132792,138,39,7679,1998,19038.0,16373.0,0.525671,0.880649,MEX,CAN,610453
7132793,143,39,7679,1998,4125.0,0.0,-1.620365,-0.997957,MMR,CAN,610453
7132794,151,39,7679,1998,3054.0,0.0,-0.621599,-0.755795,MUS,CAN,610453
7132795,153,39,7679,1998,13474.0,0.0,0.396826,0.203792,MYS,CAN,610453
7132796,162,39,7679,1998,10226.0,11573.0,1.248469,1.683182,NLD,CAN,610453
7132797,163,39,7679,1998,0.0,4988.0,1.1660190000000001,0.43901899999999994,NOR,CAN,610453
7132798,174,39,7679,1998,45165.0,0.0,-0.262725,-0.075781,PHL,CAN,610453
7132799,177,39,7679,1998,3568.0,0.0,0.8638309999999999,1.8881299999999999,POL,CAN,610453
7132800,179,39,7679,1998,5679.0,0.0,0.39771999999999996,1.303603,PRT,CAN,610453
7132801,185,39,7679,1998,1047.0,0.0,0.315392,0.961176,ROU,CAN,610453
7132802,188,39,7679,1998,0.0,3567.0,0.521849,-0.7550899999999999,SAU,CAN,610453
7132803,192,39,7679,1998,10367.0,0.0,1.0029709999999998,0.506545,SGP,CAN,610453
7132804,197,39,7679,1998,3990.0,0.0,-0.202965,-0.000499,SLV,CAN,610453
7132805,208,39,7679,1998,0.0,1454.0,2.134076,0.9259729999999999,SWE,CAN,610453
7132806,216,39,7679,1998,36221.0,0.0,0.128633,1.484142,THA,CAN,610453
7132807,223,39,7679,1998,746.0,0.0,-0.21677,-0.08694299999999999,TUN,CAN,610453
7132808,224,39,7679,1998,28764.0,0.0,0.085286,1.653589,TUR,CAN,610453
7132809,231,39,7679,1998,3307257.0,5414100.0,1.8223639999999999,0.761336,USA,CAN,610453
7132810,239,39,7679,1998,6681.0,0.0,-0.9395469999999999,0.060697,VNM,CAN,610453
7132811,249,39,7679,1998,92791.0,0.0,1.224725,1.890322,TWN,CAN,610453
7132812,250,39,7679,1998,35573.0,0.0,1.144164,1.187425,ANS,CAN,610453
7132813,15,41,7679,1998,145200.0,2183.0,1.891966,0.508137,AUT,CHE,610453
7132814,18,41,7679,1998,13042.0,1420.0,1.4740739999999999,1.2530430000000001,BEL,CHE,610453
7132815,23,41,7679,1998,12967.0,0.0,0.382782,1.5844479999999999,BGR,CHE,610453
7132816,39,41,7679,1998,13752.0,0.0,1.077343,1.119161,CAN,CHE,610453
7132817,43,41,7679,1998,378250.0,0.0,0.3658,3.231258,CHN,CHE,610453
7132818,52,41,7679,1998,9379.0,0.0,-0.26046199999999997,-0.059391,CRI,CHE,610453
7132819,59,41,7679,1998,6102.0,0.0,1.36345,1.408508,CZE,CHE,610453
7132820,61,41,7679,1998,3636433.0,30677.0,2.334028,-2.417278,DEU,CHE,610453
7132821,64,41,7679,1998,150817.0,2191.0,1.225999,1.470145,DNK,CHE,610453
7132822,68,41,7679,1998,5239.0,0.0,-0.462755,0.079802,EGY,CHE,610453
7132823,71,41,7679,1998,22851.0,0.0,1.051392,1.983438,ESP,CHE,610453
7132824,74,41,7679,1998,3668.0,0.0,2.003987,0.995725,FIN,CHE,610453
7132825,77,41,7679,1998,604448.0,14712.0,1.707702,0.7784270000000001,FRA,CHE,610453
7132826,81,41,7679,1998,817901.0,16464.0,1.906738,0.489101,GBR,CHE,610453
7132827,90,41,7679,1998,88927.0,1369.0,0.183835,1.1512790000000002,GRC,CHE,610453
7132828,97,41,7679,1998,257312.0,0.0,0.46966099999999994,2.5744029999999998,HKG,CHE,610453
7132829,102,41,7679,1998,3722.0,0.0,0.780392,1.450701,HUN,CHE,610453
7132830,103,41,7679,1998,24471.0,0.0,-0.478253,1.350652,IDN,CHE,610453
7132831,104,41,7679,1998,76527.0,0.0,0.274308,2.316908,IND,CHE,610453
7132832,111,41,7679,1998,887744.0,23709.0,1.4532209999999999,1.191124,ITA,CHE,610453
7132833,114,41,7679,1998,4151.0,5056.0,2.550442,0.718063,JPN,CHE,610453
7132834,121,41,7679,1998,35657.0,0.0,0.999518,1.106351,KOR,CHE,610453
7132835,128,41,7679,1998,6662.0,0.0,-0.933293,-0.233566,LKA,CHE,610453
7132836,133,41,7679,1998,2936.0,0.0,-0.21838000000000002,-0.370322,MAC,CHE,610453
7132837,134,41,7679,1998,19722.0,0.0,-0.7299479999999999,-0.23758200000000002,MAR,CHE,610453
7132838,142,41,7679,1998,0.0,846.0,0.919593,-0.071451,MLT,CHE,610453
7132839,153,41,7679,1998,28208.0,0.0,0.396826,0.203792,MYS,CHE,610453
7132840,162,41,7679,1998,7170.0,0.0,1.248469,1.683182,NLD,CHE,610453
7132841,163,41,7679,1998,0.0,2488.0,1.1660190000000001,0.43901899999999994,NOR,CHE,610453
7132842,177,41,7679,1998,53140.0,0.0,0.8638309999999999,1.8881299999999999,POL,CHE,610453
7132843,179,41,7679,1998,93615.0,2794.0,0.39771999999999996,1.303603,PRT,CHE,610453
7132844,185,41,7679,1998,9707.0,0.0,0.315392,0.961176,ROU,CHE,610453
7132845,192,41,7679,1998,43269.0,0.0,1.0029709999999998,0.506545,SGP,CHE,610453
7132846,206,41,7679,1998,0.0,903.0,1.202453,1.228204,SVK,CHE,610453
7132847,208,41,7679,1998,23501.0,0.0,2.134076,0.9259729999999999,SWE,CHE,610453
7132848,216,41,7679,1998,4925.0,0.0,0.128633,1.484142,THA,CHE,610453
7132849,224,41,7679,1998,144852.0,0.0,0.085286,1.653589,TUR,CHE,610453
7132850,231,41,7679,1998,45018.0,1289.0,1.8223639999999999,0.761336,USA,CHE,610453
7132851,239,41,7679,1998,8118.0,0.0,-0.9395469999999999,0.060697,VNM,CHE,610453
7132852,249,41,7679,1998,3812.0,0.0,1.224725,1.890322,TWN,CHE,610453
7132853,15,59,7679,1998,5781.0,15628.0,1.891966,0.508137,AUT,CZE,610453
7132854,18,59,7679,1998,7060.0,60034.0,1.4740739999999999,1.2530430000000001,BEL,CZE,610453
7132855,41,59,7679,1998,0.0,6102.0,2.252965,0.561806,CHE,CZE,610453
7132856,43,59,7679,1998,131229.0,2750.0,0.3658,3.231258,CHN,CZE,610453
7132857,61,59,7679,1998,349584.0,1747132.0,2.334028,-2.417278,DEU,CZE,610453
7132858,64,59,7679,1998,2808.0,1845.0,1.225999,1.470145,DNK,CZE,610453
7132859,71,59,7679,1998,0.0,23655.0,1.051392,1.983438,ESP,CZE,610453
7132860,77,59,7679,1998,9484.0,31221.0,1.707702,0.7784270000000001,FRA,CZE,610453
7132861,81,59,7679,1998,53501.0,0.0,1.906738,0.489101,GBR,CZE,610453
7132862,90,59,7679,1998,50463.0,0.0,0.183835,1.1512790000000002,GRC,CZE,610453
7132863,97,59,7679,1998,11217.0,0.0,0.46966099999999994,2.5744029999999998,HKG,CZE,610453
7132864,102,59,7679,1998,2617.0,0.0,0.780392,1.450701,HUN,CZE,610453
7132865,103,59,7679,1998,685.0,0.0,-0.478253,1.350652,IDN,CZE,610453
7132866,106,59,7679,1998,0.0,1195.0,1.451067,0.654442,IRL,CZE,610453
7132867,111,59,7679,1998,52459.0,4739.0,1.4532209999999999,1.191124,ITA,CZE,610453
7132868,121,59,7679,1998,1938.0,0.0,0.999518,1.106351,KOR,CZE,610453
7132869,128,59,7679,1998,2865.0,0.0,-0.933293,-0.233566,LKA,CZE,610453
7132870,134,59,7679,1998,16608.0,0.0,-0.7299479999999999,-0.23758200000000002,MAR,CZE,610453
7132871,151,59,7679,1998,973.0,0.0,-0.621599,-0.755795,MUS,CZE,610453
7132872,162,59,7679,1998,1382.0,0.0,1.248469,1.683182,NLD,CZE,610453
7132873,177,59,7679,1998,48899.0,0.0,0.8638309999999999,1.8881299999999999,POL,CZE,610453
7132874,179,59,7679,1998,1150.0,0.0,0.39771999999999996,1.303603,PRT,CZE,610453
7132875,185,59,7679,1998,2055.0,0.0,0.315392,0.961176,ROU,CZE,610453
7132876,189,59,7679,1998,2029.0,0.0,0.603733,1.535453,SCG,CZE,610453
7132877,206,59,7679,1998,38808.0,25897.0,1.202453,1.228204,SVK,CZE,610453
7132878,216,59,7679,1998,1508.0,0.0,0.128633,1.484142,THA,CZE,610453
7132879,224,59,7679,1998,11351.0,0.0,0.085286,1.653589,TUR,CZE,610453
7132880,249,59,7679,1998,0.0,1519.0,1.224725,1.890322,TWN,CZE,610453
7132881,250,59,7679,1998,27803.0,0.0,1.144164,1.187425,ANS,CZE,610453
7132882,81,66,7679,1998,3644.0,0.0,1.906738,0.489101,GBR,DZA,610453
7132883,15,68,7679,1998,0.0,7486.0,1.891966,0.508137,AUT,EGY,610453
7132884,18,68,7679,1998,0.0,5827.0,1.4740739999999999,1.2530430000000001,BEL,EGY,610453
7132885,41,68,7679,1998,0.0,5239.0,2.252965,0.561806,CHE,EGY,610453
7132886,43,68,7679,1998,5339.0,0.0,0.3658,3.231258,CHN,EGY,610453
7132887,61,68,7679,1998,8656.0,98498.0,2.334028,-2.417278,DEU,EGY,610453
7132888,64,68,7679,1998,0.0,11165.0,1.225999,1.470145,DNK,EGY,610453
7132889,71,68,7679,1998,0.0,2299.0,1.051392,1.983438,ESP,EGY,610453
7132890,81,68,7679,1998,1448.0,38703.0,1.906738,0.489101,GBR,EGY,610453
7132891,97,68,7679,1998,22590.0,0.0,0.46966099999999994,2.5744029999999998,HKG,EGY,610453
7132892,111,68,7679,1998,0.0,5466.0,1.4532209999999999,1.191124,ITA,EGY,610453
7132893,121,68,7679,1998,34304.0,0.0,0.999518,1.106351,KOR,EGY,610453
7132894,124,68,7679,1998,1739.0,0.0,0.23803200000000002,0.9927860000000001,LBN,EGY,610453
7132895,162,68,7679,1998,0.0,5128.0,1.248469,1.683182,NLD,EGY,610453
7132896,174,68,7679,1998,46244.0,0.0,-0.262725,-0.075781,PHL,EGY,610453
7132897,216,68,7679,1998,12443.0,0.0,0.128633,1.484142,THA,EGY,610453
7132898,224,68,7679,1998,17965.0,0.0,0.085286,1.653589,TUR,EGY,610453
7132899,43,72,7679,1998,8432.0,0.0,0.3658,3.231258,CHN,EST,610453
7132900,61,72,7679,1998,2883.0,943.0,2.334028,-2.417278,DEU,EST,610453
7132901,64,72,7679,1998,13098.0,0.0,1.225999,1.470145,DNK,EST,610453
7132902,74,72,7679,1998,96069.0,75428.0,2.003987,0.995725,FIN,EST,610453
7132903,81,72,7679,1998,46791.0,0.0,1.906738,0.489101,GBR,EST,610453
7132904,97,72,7679,1998,7593.0,0.0,0.46966099999999994,2.5744029999999998,HKG,EST,610453
7132905,102,72,7679,1998,3514.0,0.0,0.780392,1.450701,HUN,EST,610453
7132906,104,72,7679,1998,2657.0,0.0,0.274308,2.316908,IND,EST,610453
7132907,111,72,7679,1998,4490.0,0.0,1.4532209999999999,1.191124,ITA,EST,610453
7132908,121,72,7679,1998,1015.0,0.0,0.999518,1.106351,KOR,EST,610453
7132909,132,72,7679,1998,10186.0,2355.0,0.322473,0.388421,LVA,EST,610453
7132910,162,72,7679,1998,902.0,0.0,1.248469,1.683182,NLD,EST,610453
7132911,163,72,7679,1998,935.0,7841.0,1.1660190000000001,0.43901899999999994,NOR,EST,610453
7132912,186,72,7679,1998,0.0,11959.0,0.93909,0.59719,RUS,EST,610453
7132913,208,72,7679,1998,74206.0,255230.0,2.134076,0.9259729999999999,SWE,EST,610453
7132914,224,72,7679,1998,3915.0,0.0,0.085286,1.653589,TUR,EST,610453
7132915,192,83,7679,1998,750.0,0.0,1.0029709999999998,0.506545,SGP,GHA,610453
7132916,15,102,7679,1998,3249.0,10104.0,1.891966,0.508137,AUT,HUN,610453
7132917,18,102,7679,1998,0.0,7011.0,1.4740739999999999,1.2530430000000001,BEL,HUN,610453
7132918,23,102,7679,1998,7044.0,0.0,0.382782,1.5844479999999999,BGR,HUN,610453
7132919,26,102,7679,1998,0.0,1000.0,0.290661,0.18068299999999998,BIH,HUN,610453
7132920,39,102,7679,1998,0.0,1157.0,1.077343,1.119161,CAN,HUN,610453
7132921,41,102,7679,1998,0.0,3722.0,2.252965,0.561806,CHE,HUN,610453
7132922,43,102,7679,1998,53220.0,0.0,0.3658,3.231258,CHN,HUN,610453
7132923,58,102,7679,1998,0.0,4689.0,0.45990600000000004,0.41840299999999997,CYP,HUN,610453
7132924,59,102,7679,1998,0.0,2617.0,1.36345,1.408508,CZE,HUN,610453
7132925,61,102,7679,1998,232588.0,983907.0,2.334028,-2.417278,DEU,HUN,610453
7132926,71,102,7679,1998,1667.0,2759.0,1.051392,1.983438,ESP,HUN,610453
7132927,72,102,7679,1998,0.0,3514.0,0.53408,1.07691,EST,HUN,610453
7132928,73,102,7679,1998,0.0,2079.0,-1.279819,-1.158182,ETH,HUN,610453
7132929,74,102,7679,1998,2385.0,3565.0,2.003987,0.995725,FIN,HUN,610453
7132930,77,102,7679,1998,10462.0,101718.0,1.707702,0.7784270000000001,FRA,HUN,610453
7132931,81,102,7679,1998,34680.0,0.0,1.906738,0.489101,GBR,HUN,610453
7132932,97,102,7679,1998,2828.0,0.0,0.46966099999999994,2.5744029999999998,HKG,HUN,610453
7132933,100,102,7679,1998,0.0,1800.0,0.692779,0.9919530000000001,HRV,HUN,610453
7132934,104,102,7679,1998,4950.0,0.0,0.274308,2.316908,IND,HUN,610453
7132935,110,102,7679,1998,797.0,0.0,1.2643739999999999,0.958475,ISR,HUN,610453
7132936,111,102,7679,1998,17169.0,114850.0,1.4532209999999999,1.191124,ITA,HUN,610453
7132937,114,102,7679,1998,0.0,14789.0,2.550442,0.718063,JPN,HUN,610453
7132938,121,102,7679,1998,1335.0,0.0,0.999518,1.106351,KOR,HUN,610453
7132939,132,102,7679,1998,663.0,0.0,0.322473,0.388421,LVA,HUN,610453
7132940,134,102,7679,1998,1761.0,0.0,-0.7299479999999999,-0.23758200000000002,MAR,HUN,610453
7132941,138,102,7679,1998,0.0,940.0,0.525671,0.880649,MEX,HUN,610453
7132942,162,102,7679,1998,7451.0,26720.0,1.248469,1.683182,NLD,HUN,610453
7132943,163,102,7679,1998,0.0,8196.0,1.1660190000000001,0.43901899999999994,NOR,HUN,610453
7132944,174,102,7679,1998,23486.0,0.0,-0.262725,-0.075781,PHL,HUN,610453
7132945,177,102,7679,1998,931.0,26002.0,0.8638309999999999,1.8881299999999999,POL,HUN,610453
7132946,179,102,7679,1998,2893.0,0.0,0.39771999999999996,1.303603,PRT,HUN,610453
7132947,185,102,7679,1998,11419.0,0.0,0.315392,0.961176,ROU,HUN,610453
7132948,186,102,7679,1998,0.0,14227.0,0.93909,0.59719,RUS,HUN,610453
7132949,188,102,7679,1998,0.0,986.0,0.521849,-0.7550899999999999,SAU,HUN,610453
7132950,192,102,7679,1998,0.0,2009.0,1.0029709999999998,0.506545,SGP,HUN,610453
7132951,206,102,7679,1998,0.0,925.0,1.202453,1.228204,SVK,HUN,610453
7132952,207,102,7679,1998,0.0,2659.0,1.442955,1.27214,SVN,HUN,610453
7132953,208,102,7679,1998,966.0,8845.0,2.134076,0.9259729999999999,SWE,HUN,610453
7132954,224,102,7679,1998,5906.0,0.0,0.085286,1.653589,TUR,HUN,610453
7132955,231,102,7679,1998,0.0,1698.0,1.8223639999999999,0.761336,USA,HUN,610453
7132956,249,102,7679,1998,0.0,13325.0,1.224725,1.890322,TWN,HUN,610453
7132957,7,104,7679,1998,0.0,46498.0,-0.274973,-0.481405,ARE,IND,610453
7132958,14,104,7679,1998,0.0,15491.0,0.375317,0.8864629999999999,AUS,IND,610453
7132959,15,104,7679,1998,0.0,18795.0,1.891966,0.508137,AUT,IND,610453
7132960,18,104,7679,1998,0.0,29419.0,1.4740739999999999,1.2530430000000001,BEL,IND,610453
7132961,32,104,7679,1998,0.0,32675.0,0.768101,1.04589,BRA,IND,610453
7132962,39,104,7679,1998,0.0,12315.0,1.077343,1.119161,CAN,IND,610453
7132963,41,104,7679,1998,0.0,76527.0,2.252965,0.561806,CHE,IND,610453
7132964,42,104,7679,1998,0.0,1054.0,0.029706,-0.061149,CHL,IND,610453
7132965,43,104,7679,1998,0.0,3853.0,0.3658,3.231258,CHN,IND,610453
7132966,58,104,7679,1998,0.0,3363.0,0.45990600000000004,0.41840299999999997,CYP,IND,610453
7132967,61,104,7679,1998,950.0,187192.0,2.334028,-2.417278,DEU,IND,610453
7132968,64,104,7679,1998,0.0,181388.0,1.225999,1.470145,DNK,IND,610453
7132969,71,104,7679,1998,0.0,387640.0,1.051392,1.983438,ESP,IND,610453
7132970,72,104,7679,1998,0.0,2657.0,0.53408,1.07691,EST,IND,610453
7132971,74,104,7679,1998,0.0,1533.0,2.003987,0.995725,FIN,IND,610453
7132972,77,104,7679,1998,0.0,128964.0,1.707702,0.7784270000000001,FRA,IND,610453
7132973,81,104,7679,1998,0.0,241313.0,1.906738,0.489101,GBR,IND,610453
7132974,90,104,7679,1998,0.0,5540.0,0.183835,1.1512790000000002,GRC,IND,610453
7132975,97,104,7679,1998,32442.0,2441.0,0.46966099999999994,2.5744029999999998,HKG,IND,610453
7132976,102,104,7679,1998,0.0,4950.0,0.780392,1.450701,HUN,IND,610453
7132977,109,104,7679,1998,0.0,2446.0,0.18141300000000002,-0.47993500000000006,ISL,IND,610453
7132978,110,104,7679,1998,0.0,1878.0,1.2643739999999999,0.958475,ISR,IND,610453
7132979,111,104,7679,1998,0.0,78023.0,1.4532209999999999,1.191124,ITA,IND,610453
7132980,114,104,7679,1998,0.0,12890.0,2.550442,0.718063,JPN,IND,610453
7132981,124,104,7679,1998,0.0,8491.0,0.23803200000000002,0.9927860000000001,LBN,IND,610453
7132982,138,104,7679,1998,0.0,27482.0,0.525671,0.880649,MEX,IND,610453
7132983,151,104,7679,1998,0.0,2709.0,-0.621599,-0.755795,MUS,IND,610453
7132984,162,104,7679,1998,0.0,50126.0,1.248469,1.683182,NLD,IND,610453
7132985,163,104,7679,1998,0.0,20326.0,1.1660190000000001,0.43901899999999994,NOR,IND,610453
7132986,166,104,7679,1998,0.0,7287.0,0.5690529999999999,0.7752060000000001,NZL,IND,610453
7132987,176,104,7679,1998,0.0,1952.0,-2.060952,-1.237969,PNG,IND,610453
7132988,186,104,7679,1998,0.0,54840.0,0.93909,0.59719,RUS,IND,610453
7132989,188,104,7679,1998,0.0,11581.0,0.521849,-0.7550899999999999,SAU,IND,610453
7132990,192,104,7679,1998,0.0,20571.0,1.0029709999999998,0.506545,SGP,IND,610453
7132991,208,104,7679,1998,0.0,41599.0,2.134076,0.9259729999999999,SWE,IND,610453
7132992,211,104,7679,1998,0.0,1591.0,0.265625,-0.590012,SYC,IND,610453
7132993,216,104,7679,1998,0.0,5907.0,0.128633,1.484142,THA,IND,610453
7132994,222,104,7679,1998,0.0,1927.0,0.273917,-0.453996,TTO,IND,610453
7132995,231,104,7679,1998,8761.0,316085.0,1.8223639999999999,0.761336,USA,IND,610453
7132996,246,104,7679,1998,0.0,3522.0,0.573958,1.3813739999999999,ZAF,IND,610453
7132997,16,107,7679,1998,0.0,1345.0,0.344571,-0.321203,AZE,IRN,610453
7132998,61,107,7679,1998,8576.0,4333.0,2.334028,-2.417278,DEU,IRN,610453
7132999,108,107,7679,1998,0.0,570216.0,-1.4440030000000001,-0.808689,IRQ,IRN,610453
7133000,121,107,7679,1998,7093.0,0.0,0.999518,1.106351,KOR,IRN,610453
7133001,174,107,7679,1998,2019.0,0.0,-0.262725,-0.075781,PHL,IRN,610453
7133002,43,113,7679,1998,7796.0,0.0,0.3658,3.231258,CHN,JOR,610453
7133003,61,113,7679,1998,2788.0,0.0,2.334028,-2.417278,DEU,JOR,610453
7133004,71,113,7679,1998,2033.0,0.0,1.051392,1.983438,ESP,JOR,610453
7133005,81,113,7679,1998,1372.0,0.0,1.906738,0.489101,GBR,JOR,610453
7133006,97,113,7679,1998,1527.0,0.0,0.46966099999999994,2.5744029999999998,HKG,JOR,610453
7133007,111,113,7679,1998,1619.0,0.0,1.4532209999999999,1.191124,ITA,JOR,610453
7133008,224,113,7679,1998,1598.0,0.0,0.085286,1.653589,TUR,JOR,610453
7133009,231,113,7679,1998,9455.0,0.0,1.8223639999999999,0.761336,USA,JOR,610453
7133010,14,114,7679,1998,3459.0,5160.0,0.375317,0.8864629999999999,AUS,JPN,610453
7133011,18,114,7679,1998,3262.0,0.0,1.4740739999999999,1.2530430000000001,BEL,JPN,610453
7133012,23,114,7679,1998,1097.0,0.0,0.382782,1.5844479999999999,BGR,JPN,610453
7133013,39,114,7679,1998,1415.0,5379.0,1.077343,1.119161,CAN,JPN,610453
7133014,41,114,7679,1998,5056.0,4151.0,2.252965,0.561806,CHE,JPN,610453
7133015,43,114,7679,1998,15331057.0,2487.0,0.3658,3.231258,CHN,JPN,610453
7133016,52,114,7679,1998,40788.0,0.0,-0.26046199999999997,-0.059391,CRI,JPN,610453
7133017,58,114,7679,1998,24306.0,0.0,0.45990600000000004,0.41840299999999997,CYP,JPN,610453
7133018,61,114,7679,1998,74200.0,24446.0,2.334028,-2.417278,DEU,JPN,610453
7133019,71,114,7679,1998,1264.0,0.0,1.051392,1.983438,ESP,JPN,610453
7133020,77,114,7679,1998,137030.0,113807.0,1.707702,0.7784270000000001,FRA,JPN,610453
7133021,81,114,7679,1998,47955.0,28927.0,1.906738,0.489101,GBR,JPN,610453
7133022,97,114,7679,1998,205424.0,160614.0,0.46966099999999994,2.5744029999999998,HKG,JPN,610453
7133023,102,114,7679,1998,14789.0,0.0,0.780392,1.450701,HUN,JPN,610453
7133024,103,114,7679,1998,70914.0,0.0,-0.478253,1.350652,IDN,JPN,610453
7133025,104,114,7679,1998,12890.0,0.0,0.274308,2.316908,IND,JPN,610453
7133026,106,114,7679,1998,3977.0,0.0,1.451067,0.654442,IRL,JPN,610453
7133027,110,114,7679,1998,3727.0,0.0,1.2643739999999999,0.958475,ISR,JPN,610453
7133028,111,114,7679,1998,661439.0,2700.0,1.4532209999999999,1.191124,ITA,JPN,610453
7133029,121,114,7679,1998,2642503.0,6516.0,0.999518,1.106351,KOR,JPN,610453
7133030,122,114,7679,1998,0.0,1898.0,0.037029,-1.054761,KWT,JPN,610453
7133031,124,114,7679,1998,0.0,1013.0,0.23803200000000002,0.9927860000000001,LBN,JPN,610453
7133032,128,114,7679,1998,2110.0,0.0,-0.933293,-0.233566,LKA,JPN,610453
7133033,133,114,7679,1998,28735.0,0.0,-0.21838000000000002,-0.370322,MAC,JPN,610453
7133034,134,114,7679,1998,6599.0,0.0,-0.7299479999999999,-0.23758200000000002,MAR,JPN,610453
7133035,138,114,7679,1998,0.0,33005.0,0.525671,0.880649,MEX,JPN,610453
7133036,143,114,7679,1998,6259.0,0.0,-1.620365,-0.997957,MMR,JPN,610453
7133037,146,114,7679,1998,13356.0,0.0,-0.144048,-0.7987479999999999,MNP,JPN,610453
7133038,153,114,7679,1998,7725.0,0.0,0.396826,0.203792,MYS,JPN,610453
7133039,162,114,7679,1998,7190.0,0.0,1.248469,1.683182,NLD,JPN,610453
7133040,166,114,7679,1998,0.0,1949.0,0.5690529999999999,0.7752060000000001,NZL,JPN,610453
7133041,174,114,7679,1998,8196.0,2172.0,-0.262725,-0.075781,PHL,JPN,610453
7133042,178,114,7679,1998,12364.0,0.0,0.7417239999999999,0.899826,PRK,JPN,610453
7133043,179,114,7679,1998,24053.0,0.0,0.39771999999999996,1.303603,PRT,JPN,610453
7133044,186,114,7679,1998,0.0,7981.0,0.93909,0.59719,RUS,JPN,610453
7133045,192,114,7679,1998,19342.0,17368.0,1.0029709999999998,0.506545,SGP,JPN,610453
7133046,216,114,7679,1998,450978.0,0.0,0.128633,1.484142,THA,JPN,610453
7133047,223,114,7679,1998,4722.0,0.0,-0.21677,-0.08694299999999999,TUN,JPN,610453
7133048,224,114,7679,1998,3579.0,0.0,0.085286,1.653589,TUR,JPN,610453
7133049,231,114,7679,1998,421134.0,124465.0,1.8223639999999999,0.761336,USA,JPN,610453
7133050,239,114,7679,1998,78325.0,0.0,-0.9395469999999999,0.060697,VNM,JPN,610453
7133051,249,114,7679,1998,88352.0,308300.0,1.224725,1.890322,TWN,JPN,610453
7133052,15,130,7679,1998,0.0,8976.0,1.891966,0.508137,AUT,LTU,610453
7133053,28,130,7679,1998,0.0,6830.0,0.9122049999999999,1.161741,BLR,LTU,610453
7133054,61,130,7679,1998,21861.0,560847.0,2.334028,-2.417278,DEU,LTU,610453
7133055,64,130,7679,1998,397615.0,937888.0,1.225999,1.470145,DNK,LTU,610453
7133056,71,130,7679,1998,0.0,31624.0,1.051392,1.983438,ESP,LTU,610453
7133057,74,130,7679,1998,0.0,68637.0,2.003987,0.995725,FIN,LTU,610453
7133058,77,130,7679,1998,43509.0,13818.0,1.707702,0.7784270000000001,FRA,LTU,610453
7133059,81,130,7679,1998,6290.0,99917.0,1.906738,0.489101,GBR,LTU,610453
7133060,82,130,7679,1998,0.0,789.0,0.644307,0.304707,GEO,LTU,610453
7133061,106,130,7679,1998,0.0,1895.0,1.451067,0.654442,IRL,LTU,610453
7133062,109,130,7679,1998,0.0,1496.0,0.18141300000000002,-0.47993500000000006,ISL,LTU,610453
7133063,111,130,7679,1998,4609.0,0.0,1.4532209999999999,1.191124,ITA,LTU,610453
7133064,132,130,7679,1998,34744.0,3923.0,0.322473,0.388421,LVA,LTU,610453
7133065,134,130,7679,1998,3851.0,0.0,-0.7299479999999999,-0.23758200000000002,MAR,LTU,610453
7133066,135,130,7679,1998,0.0,1428.0,-0.112783,-0.276584,MDA,LTU,610453
7133067,162,130,7679,1998,0.0,53281.0,1.248469,1.683182,NLD,LTU,610453
7133068,163,130,7679,1998,0.0,228878.0,1.1660190000000001,0.43901899999999994,NOR,LTU,610453
7133069,177,130,7679,1998,3993.0,2489.0,0.8638309999999999,1.8881299999999999,POL,LTU,610453
7133070,186,130,7679,1998,0.0,27939.0,0.93909,0.59719,RUS,LTU,610453
7133071,208,130,7679,1998,3614.0,222788.0,2.134076,0.9259729999999999,SWE,LTU,610453
7133072,211,130,7679,1998,0.0,2105.0,0.265625,-0.590012,SYC,LTU,610453
7133073,224,130,7679,1998,1627.0,0.0,0.085286,1.653589,TUR,LTU,610453
7133074,228,130,7679,1998,0.0,13862.0,0.880876,0.783668,UKR,LTU,610453
7133075,15,132,7679,1998,0.0,2499.0,1.891966,0.508137,AUT,LVA,610453
7133076,18,132,7679,1998,0.0,2246.0,1.4740739999999999,1.2530430000000001,BEL,LVA,610453
7133077,43,132,7679,1998,8629.0,0.0,0.3658,3.231258,CHN,LVA,610453
7133078,61,132,7679,1998,6059.0,196878.0,2.334028,-2.417278,DEU,LVA,610453
7133079,64,132,7679,1998,42651.0,306212.0,1.225999,1.470145,DNK,LVA,610453
7133080,72,132,7679,1998,2355.0,10186.0,0.53408,1.07691,EST,LVA,610453
7133081,74,132,7679,1998,0.0,93056.0,2.003987,0.995725,FIN,LVA,610453
7133082,77,132,7679,1998,1600.0,7118.0,1.707702,0.7784270000000001,FRA,LVA,610453
7133083,78,132,7679,1998,0.0,2692.0,-0.6159899999999999,-0.828198,FRO,LVA,610453
7133084,97,132,7679,1998,1657.0,0.0,0.46966099999999994,2.5744029999999998,HKG,LVA,610453
7133085,102,132,7679,1998,0.0,663.0,0.780392,1.450701,HUN,LVA,610453
7133086,109,132,7679,1998,0.0,1710.0,0.18141300000000002,-0.47993500000000006,ISL,LVA,610453
7133087,111,132,7679,1998,13560.0,0.0,1.4532209999999999,1.191124,ITA,LVA,610453
7133088,130,132,7679,1998,3923.0,34744.0,0.27073,0.692656,LTU,LVA,610453
7133089,163,132,7679,1998,5589.0,71705.0,1.1660190000000001,0.43901899999999994,NOR,LVA,610453
7133090,186,132,7679,1998,0.0,16674.0,0.93909,0.59719,RUS,LVA,610453
7133091,208,132,7679,1998,5603.0,59582.0,2.134076,0.9259729999999999,SWE,LVA,610453
7133092,228,132,7679,1998,0.0,1398.0,0.880876,0.783668,UKR,LVA,610453
7133093,7,142,7679,1998,3585.0,0.0,-0.274973,-0.481405,ARE,MLT,610453
7133094,41,142,7679,1998,846.0,0.0,2.252965,0.561806,CHE,MLT,610453
7133095,61,142,7679,1998,5306.0,0.0,2.334028,-2.417278,DEU,MLT,610453
7133096,81,142,7679,1998,34475.0,0.0,1.906738,0.489101,GBR,MLT,610453
7133097,90,142,7679,1998,2190.0,0.0,0.183835,1.1512790000000002,GRC,MLT,610453
7133098,111,142,7679,1998,27290.0,0.0,1.4532209999999999,1.191124,ITA,MLT,610453
7133099,224,142,7679,1998,1068.0,0.0,0.085286,1.653589,TUR,MLT,610453
7133100,249,142,7679,1998,730.0,0.0,1.224725,1.890322,TWN,MLT,610453
7133101,250,142,7679,1998,4538.0,0.0,1.144164,1.187425,ANS,MLT,610453
7133102,246,152,7679,1998,0.0,39206.0,0.573958,1.3813739999999999,ZAF,MWI,610453
7133103,61,167,7679,1998,774.0,0.0,2.334028,-2.417278,DEU,OMN,610453
7133104,81,167,7679,1998,22028.0,0.0,1.906738,0.489101,GBR,OMN,610453
7133105,111,167,7679,1998,1425.0,0.0,1.4532209999999999,1.191124,ITA,OMN,610453
7133106,162,167,7679,1998,842.0,0.0,1.248469,1.683182,NLD,OMN,610453
7133107,15,177,7679,1998,0.0,155718.0,1.891966,0.508137,AUT,POL,610453
7133108,18,177,7679,1998,3394.0,69986.0,1.4740739999999999,1.2530430000000001,BEL,POL,610453
7133109,28,177,7679,1998,0.0,54617.0,0.9122049999999999,1.161741,BLR,POL,610453
7133110,39,177,7679,1998,0.0,3568.0,1.077343,1.119161,CAN,POL,610453
7133111,41,177,7679,1998,0.0,53140.0,2.252965,0.561806,CHE,POL,610453
7133112,42,177,7679,1998,0.0,3933.0,0.029706,-0.061149,CHL,POL,610453
7133113,43,177,7679,1998,69756.0,0.0,0.3658,3.231258,CHN,POL,610453
7133114,59,177,7679,1998,0.0,48899.0,1.36345,1.408508,CZE,POL,610453
7133115,61,177,7679,1998,654124.0,3451172.0,2.334028,-2.417278,DEU,POL,610453
7133116,64,177,7679,1998,374003.0,1270908.0,1.225999,1.470145,DNK,POL,610453
7133117,71,177,7679,1998,0.0,45481.0,1.051392,1.983438,ESP,POL,610453
7133118,74,177,7679,1998,317442.0,13302.0,2.003987,0.995725,FIN,POL,610453
7133119,77,177,7679,1998,50944.0,119113.0,1.707702,0.7784270000000001,FRA,POL,610453
7133120,81,177,7679,1998,3351.0,20645.0,1.906738,0.489101,GBR,POL,610453
7133121,97,177,7679,1998,17039.0,0.0,0.46966099999999994,2.5744029999999998,HKG,POL,610453
7133122,102,177,7679,1998,26002.0,931.0,0.780392,1.450701,HUN,POL,610453
7133123,106,177,7679,1998,0.0,4998.0,1.451067,0.654442,IRL,POL,610453
7133124,109,177,7679,1998,0.0,2553.0,0.18141300000000002,-0.47993500000000006,ISL,POL,610453
7133125,111,177,7679,1998,108474.0,43999.0,1.4532209999999999,1.191124,ITA,POL,610453
7133126,121,177,7679,1998,212652.0,0.0,0.999518,1.106351,KOR,POL,610453
7133127,124,177,7679,1998,0.0,2118.0,0.23803200000000002,0.9927860000000001,LBN,POL,610453
7133128,130,177,7679,1998,2489.0,3993.0,0.27073,0.692656,LTU,POL,610453
7133129,162,177,7679,1998,31514.0,962712.0,1.248469,1.683182,NLD,POL,610453
7133130,163,177,7679,1998,2382.0,202354.0,1.1660190000000001,0.43901899999999994,NOR,POL,610453
7133131,186,177,7679,1998,0.0,3773281.0,0.93909,0.59719,RUS,POL,610453
7133132,188,177,7679,1998,0.0,949.0,0.521849,-0.7550899999999999,SAU,POL,610453
7133133,206,177,7679,1998,0.0,4096.0,1.202453,1.228204,SVK,POL,610453
7133134,208,177,7679,1998,265062.0,629723.0,2.134076,0.9259729999999999,SWE,POL,610453
7133135,216,177,7679,1998,1522.0,0.0,0.128633,1.484142,THA,POL,610453
7133136,224,177,7679,1998,25640.0,0.0,0.085286,1.653589,TUR,POL,610453
7133137,231,177,7679,1998,0.0,2134.0,1.8223639999999999,0.761336,USA,POL,610453
7133138,249,177,7679,1998,0.0,4394.0,1.224725,1.890322,TWN,POL,610453
7133139,250,177,7679,1998,174421.0,51493.0,1.144164,1.187425,ANS,POL,610453
7133140,15,185,7679,1998,0.0,19437.0,1.891966,0.508137,AUT,ROU,610453
7133141,18,185,7679,1998,0.0,54955.0,1.4740739999999999,1.2530430000000001,BEL,ROU,610453
7133142,39,185,7679,1998,0.0,1047.0,1.077343,1.119161,CAN,ROU,610453
7133143,41,185,7679,1998,0.0,9707.0,2.252965,0.561806,CHE,ROU,610453
7133144,43,185,7679,1998,31396.0,0.0,0.3658,3.231258,CHN,ROU,610453
7133145,59,185,7679,1998,0.0,2055.0,1.36345,1.408508,CZE,ROU,610453
7133146,61,185,7679,1998,9863.0,1198634.0,2.334028,-2.417278,DEU,ROU,610453
7133147,71,185,7679,1998,0.0,11088.0,1.051392,1.983438,ESP,ROU,610453
7133148,74,185,7679,1998,0.0,5615.0,2.003987,0.995725,FIN,ROU,610453
7133149,77,185,7679,1998,0.0,214201.0,1.707702,0.7784270000000001,FRA,ROU,610453
7133150,81,185,7679,1998,0.0,523942.0,1.906738,0.489101,GBR,ROU,610453
7133151,102,185,7679,1998,0.0,11419.0,0.780392,1.450701,HUN,ROU,610453
7133152,103,185,7679,1998,897.0,0.0,-0.478253,1.350652,IDN,ROU,610453
7133153,106,185,7679,1998,0.0,7069.0,1.451067,0.654442,IRL,ROU,610453
7133154,111,185,7679,1998,59536.0,338306.0,1.4532209999999999,1.191124,ITA,ROU,610453
7133155,124,185,7679,1998,0.0,1633.0,0.23803200000000002,0.9927860000000001,LBN,ROU,610453
7133156,138,185,7679,1998,0.0,1539.0,0.525671,0.880649,MEX,ROU,610453
7133157,162,185,7679,1998,886.0,11580.0,1.248469,1.683182,NLD,ROU,610453
7133158,163,185,7679,1998,0.0,14094.0,1.1660190000000001,0.43901899999999994,NOR,ROU,610453
7133159,186,185,7679,1998,0.0,1478.0,0.93909,0.59719,RUS,ROU,610453
7133160,188,185,7679,1998,0.0,691.0,0.521849,-0.7550899999999999,SAU,ROU,610453
7133161,206,185,7679,1998,0.0,848.0,1.202453,1.228204,SVK,ROU,610453
7133162,207,185,7679,1998,0.0,1155.0,1.442955,1.27214,SVN,ROU,610453
7133163,212,185,7679,1998,5747.0,0.0,-0.807312,-0.626358,SYR,ROU,610453
7133164,224,185,7679,1998,8156.0,0.0,0.085286,1.653589,TUR,ROU,610453
7133165,231,185,7679,1998,0.0,145125.0,1.8223639999999999,0.761336,USA,ROU,610453
7133166,249,185,7679,1998,0.0,4356.0,1.224725,1.890322,TWN,ROU,610453
7133167,7,186,7679,1998,1391.0,8313.0,-0.274973,-0.481405,ARE,RUS,610453
7133168,9,186,7679,1998,1161.0,0.0,0.848252,-0.159457,ARM,RUS,610453
7133169,15,186,7679,1998,6364.0,0.0,1.891966,0.508137,AUT,RUS,610453
7133170,23,186,7679,1998,1205.0,0.0,0.382782,1.5844479999999999,BGR,RUS,610453
7133171,28,186,7679,1998,136947.0,31240.0,0.9122049999999999,1.161741,BLR,RUS,610453
7133172,43,186,7679,1998,354588.0,0.0,0.3658,3.231258,CHN,RUS,610453
7133173,58,186,7679,1998,1822.0,0.0,0.45990600000000004,0.41840299999999997,CYP,RUS,610453
7133174,61,186,7679,1998,381592.0,70316.0,2.334028,-2.417278,DEU,RUS,610453
7133175,64,186,7679,1998,9346.0,0.0,1.225999,1.470145,DNK,RUS,610453
7133176,72,186,7679,1998,11959.0,0.0,0.53408,1.07691,EST,RUS,610453
7133177,74,186,7679,1998,111823.0,7185.0,2.003987,0.995725,FIN,RUS,610453
7133178,77,186,7679,1998,108248.0,1020.0,1.707702,0.7784270000000001,FRA,RUS,610453
7133179,81,186,7679,1998,26980.0,0.0,1.906738,0.489101,GBR,RUS,610453
7133180,97,186,7679,1998,22240.0,0.0,0.46966099999999994,2.5744029999999998,HKG,RUS,610453
7133181,102,186,7679,1998,14227.0,0.0,0.780392,1.450701,HUN,RUS,610453
7133182,104,186,7679,1998,54840.0,0.0,0.274308,2.316908,IND,RUS,610453
7133183,111,186,7679,1998,205515.0,0.0,1.4532209999999999,1.191124,ITA,RUS,610453
7133184,114,186,7679,1998,7981.0,0.0,2.550442,0.718063,JPN,RUS,610453
7133185,121,186,7679,1998,896055.0,0.0,0.999518,1.106351,KOR,RUS,610453
7133186,130,186,7679,1998,27939.0,0.0,0.27073,0.692656,LTU,RUS,610453
7133187,132,186,7679,1998,16674.0,0.0,0.322473,0.388421,LVA,RUS,610453
7133188,135,186,7679,1998,0.0,992.0,-0.112783,-0.276584,MDA,RUS,610453
7133189,138,186,7679,1998,0.0,29130.0,0.525671,0.880649,MEX,RUS,610453
7133190,162,186,7679,1998,5736.0,0.0,1.248469,1.683182,NLD,RUS,610453
7133191,163,186,7679,1998,0.0,6547.0,1.1660190000000001,0.43901899999999994,NOR,RUS,610453
7133192,177,186,7679,1998,3773281.0,0.0,0.8638309999999999,1.8881299999999999,POL,RUS,610453
7133193,185,186,7679,1998,1478.0,0.0,0.315392,0.961176,ROU,RUS,610453
7133194,190,186,7679,1998,3897.0,0.0,-1.034858,-1.089854,SDN,RUS,610453
7133195,207,186,7679,1998,15472.0,0.0,1.442955,1.27214,SVN,RUS,610453
7133196,216,186,7679,1998,3254.0,0.0,0.128633,1.484142,THA,RUS,610453
7133197,217,186,7679,1998,0.0,15830.0,-0.577873,-0.9368139999999999,TJK,RUS,610453
7133198,224,186,7679,1998,41166.0,0.0,0.085286,1.653589,TUR,RUS,610453
7133199,231,186,7679,1998,1778.0,64215.0,1.8223639999999999,0.761336,USA,RUS,610453
7133200,250,186,7679,1998,2145.0,0.0,1.144164,1.187425,ANS,RUS,610453
7133201,18,188,7679,1998,1436.0,0.0,1.4740739999999999,1.2530430000000001,BEL,SAU,610453
7133202,39,188,7679,1998,3567.0,0.0,1.077343,1.119161,CAN,SAU,610453
7133203,43,188,7679,1998,174413.0,0.0,0.3658,3.231258,CHN,SAU,610453
7133204,61,188,7679,1998,43383.0,0.0,2.334028,-2.417278,DEU,SAU,610453
7133205,71,188,7679,1998,2430.0,0.0,1.051392,1.983438,ESP,SAU,610453
7133206,77,188,7679,1998,34994.0,0.0,1.707702,0.7784270000000001,FRA,SAU,610453
7133207,81,188,7679,1998,332353.0,0.0,1.906738,0.489101,GBR,SAU,610453
7133208,97,188,7679,1998,86589.0,0.0,0.46966099999999994,2.5744029999999998,HKG,SAU,610453
7133209,102,188,7679,1998,986.0,0.0,0.780392,1.450701,HUN,SAU,610453
7133210,103,188,7679,1998,10653.0,0.0,-0.478253,1.350652,IDN,SAU,610453
7133211,104,188,7679,1998,11581.0,0.0,0.274308,2.316908,IND,SAU,610453
7133212,111,188,7679,1998,244827.0,0.0,1.4532209999999999,1.191124,ITA,SAU,610453
7133213,121,188,7679,1998,13810.0,0.0,0.999518,1.106351,KOR,SAU,610453
7133214,124,188,7679,1998,36279.0,0.0,0.23803200000000002,0.9927860000000001,LBN,SAU,610453
7133215,134,188,7679,1998,3968.0,0.0,-0.7299479999999999,-0.23758200000000002,MAR,SAU,610453
7133216,151,188,7679,1998,2984.0,0.0,-0.621599,-0.755795,MUS,SAU,610453
7133217,153,188,7679,1998,1283.0,0.0,0.396826,0.203792,MYS,SAU,610453
7133218,162,188,7679,1998,13082.0,0.0,1.248469,1.683182,NLD,SAU,610453
7133219,174,188,7679,1998,48882.0,0.0,-0.262725,-0.075781,PHL,SAU,610453
7133220,177,188,7679,1998,949.0,0.0,0.8638309999999999,1.8881299999999999,POL,SAU,610453
7133221,179,188,7679,1998,6100.0,0.0,0.39771999999999996,1.303603,PRT,SAU,610453
7133222,185,188,7679,1998,691.0,0.0,0.315392,0.961176,ROU,SAU,610453
7133223,212,188,7679,1998,4262.0,0.0,-0.807312,-0.626358,SYR,SAU,610453
7133224,216,188,7679,1998,102519.0,0.0,0.128633,1.484142,THA,SAU,610453
7133225,224,188,7679,1998,34291.0,0.0,0.085286,1.653589,TUR,SAU,610453
7133226,231,188,7679,1998,4047.0,0.0,1.8223639999999999,0.761336,USA,SAU,610453
7133227,239,188,7679,1998,4059.0,0.0,-0.9395469999999999,0.060697,VNM,SAU,610453
7133228,249,188,7679,1998,467644.0,0.0,1.224725,1.890322,TWN,SAU,610453
7133229,43,189,7679,1998,35829.0,0.0,0.3658,3.231258,CHN,SCG,610453
7133230,59,189,7679,1998,0.0,2029.0,1.36345,1.408508,CZE,SCG,610453
7133231,61,189,7679,1998,15871.0,129133.0,2.334028,-2.417278,DEU,SCG,610453
7133232,77,189,7679,1998,0.0,1733.0,1.707702,0.7784270000000001,FRA,SCG,610453
7133233,90,189,7679,1998,0.0,9418.0,0.183835,1.1512790000000002,GRC,SCG,610453
7133234,111,189,7679,1998,5308.0,2018.0,1.4532209999999999,1.191124,ITA,SCG,610453
7133235,140,189,7679,1998,0.0,2868.0,0.102559,0.591468,MKD,SCG,610453
7133236,206,189,7679,1998,0.0,928.0,1.202453,1.228204,SVK,SCG,610453
7133237,207,189,7679,1998,1636.0,6336.0,1.442955,1.27214,SVN,SCG,610453
7133238,14,192,7679,1998,3099.0,3305.0,0.375317,0.8864629999999999,AUS,SGP,610453
7133239,15,192,7679,1998,0.0,15207.0,1.891966,0.508137,AUT,SGP,610453
7133240,18,192,7679,1998,1110.0,39276.0,1.4740739999999999,1.2530430000000001,BEL,SGP,610453
7133241,39,192,7679,1998,0.0,10367.0,1.077343,1.119161,CAN,SGP,610453
7133242,41,192,7679,1998,0.0,43269.0,2.252965,0.561806,CHE,SGP,610453
7133243,43,192,7679,1998,208669.0,0.0,0.3658,3.231258,CHN,SGP,610453
7133244,61,192,7679,1998,4791.0,16688.0,2.334028,-2.417278,DEU,SGP,610453
7133245,64,192,7679,1998,0.0,19384.0,1.225999,1.470145,DNK,SGP,610453
7133246,71,192,7679,1998,28706.0,9367.0,1.051392,1.983438,ESP,SGP,610453
7133247,75,192,7679,1998,0.0,1081.0,-1.069747,-0.965333,FJI,SGP,610453
7133248,77,192,7679,1998,7410.0,78925.0,1.707702,0.7784270000000001,FRA,SGP,610453
7133249,81,192,7679,1998,129945.0,831929.0,1.906738,0.489101,GBR,SGP,610453
7133250,83,192,7679,1998,0.0,750.0,-1.215123,-1.0427620000000002,GHA,SGP,610453
7133251,97,192,7679,1998,688718.0,20008.0,0.46966099999999994,2.5744029999999998,HKG,SGP,610453
7133252,102,192,7679,1998,2009.0,0.0,0.780392,1.450701,HUN,SGP,610453
7133253,104,192,7679,1998,20571.0,0.0,0.274308,2.316908,IND,SGP,610453
7133254,106,192,7679,1998,0.0,21804.0,1.451067,0.654442,IRL,SGP,610453
7133255,111,192,7679,1998,12721.0,0.0,1.4532209999999999,1.191124,ITA,SGP,610453
7133256,114,192,7679,1998,17368.0,19342.0,2.550442,0.718063,JPN,SGP,610453
7133257,121,192,7679,1998,12913.0,0.0,0.999518,1.106351,KOR,SGP,610453
7133258,143,192,7679,1998,15415.0,0.0,-1.620365,-0.997957,MMR,SGP,610453
7133259,153,192,7679,1998,1077362.0,21478.0,0.396826,0.203792,MYS,SGP,610453
7133260,162,192,7679,1998,0.0,9406.0,1.248469,1.683182,NLD,SGP,610453
7133261,163,192,7679,1998,0.0,973.0,1.1660190000000001,0.43901899999999994,NOR,SGP,610453
7133262,174,192,7679,1998,1667.0,0.0,-0.262725,-0.075781,PHL,SGP,610453
7133263,207,192,7679,1998,0.0,1473.0,1.442955,1.27214,SVN,SGP,610453
7133264,208,192,7679,1998,0.0,4116.0,2.134076,0.9259729999999999,SWE,SGP,610453
7133265,216,192,7679,1998,16295.0,3844.0,0.128633,1.484142,THA,SGP,610453
7133266,223,192,7679,1998,959.0,0.0,-0.21677,-0.08694299999999999,TUN,SGP,610453
7133267,231,192,7679,1998,5806.0,445293.0,1.8223639999999999,0.761336,USA,SGP,610453
7133268,249,192,7679,1998,4709.0,5582.0,1.224725,1.890322,TWN,SGP,610453
7133269,250,192,7679,1998,0.0,1557.0,1.144164,1.187425,ANS,SGP,610453
7133270,15,206,7679,1998,1331.0,5571.0,1.891966,0.508137,AUT,SVK,610453
7133271,18,206,7679,1998,3063.0,3563.0,1.4740739999999999,1.2530430000000001,BEL,SVK,610453
7133272,41,206,7679,1998,903.0,0.0,2.252965,0.561806,CHE,SVK,610453
7133273,59,206,7679,1998,25897.0,38808.0,1.36345,1.408508,CZE,SVK,610453
7133274,61,206,7679,1998,49435.0,204819.0,2.334028,-2.417278,DEU,SVK,610453
7133275,81,206,7679,1998,1954.0,0.0,1.906738,0.489101,GBR,SVK,610453
7133276,97,206,7679,1998,5884.0,0.0,0.46966099999999994,2.5744029999999998,HKG,SVK,610453
7133277,102,206,7679,1998,925.0,0.0,0.780392,1.450701,HUN,SVK,610453
7133278,111,206,7679,1998,14281.0,12114.0,1.4532209999999999,1.191124,ITA,SVK,610453
7133279,121,206,7679,1998,927.0,0.0,0.999518,1.106351,KOR,SVK,610453
7133280,128,206,7679,1998,1133.0,0.0,-0.933293,-0.233566,LKA,SVK,610453
7133281,134,206,7679,1998,1500.0,0.0,-0.7299479999999999,-0.23758200000000002,MAR,SVK,610453
7133282,162,206,7679,1998,1588.0,0.0,1.248469,1.683182,NLD,SVK,610453
7133283,177,206,7679,1998,4096.0,0.0,0.8638309999999999,1.8881299999999999,POL,SVK,610453
7133284,185,206,7679,1998,848.0,0.0,0.315392,0.961176,ROU,SVK,610453
7133285,189,206,7679,1998,928.0,0.0,0.603733,1.535453,SCG,SVK,610453
7133286,208,206,7679,1998,0.0,3986.0,2.134076,0.9259729999999999,SWE,SVK,610453
7133287,224,206,7679,1998,1729.0,0.0,0.085286,1.653589,TUR,SVK,610453
7133288,250,206,7679,1998,2085.0,0.0,1.144164,1.187425,ANS,SVK,610453
7133289,15,228,7679,1998,0.0,15296.0,1.891966,0.508137,AUT,UKR,610453
7133290,28,228,7679,1998,1496.0,0.0,0.9122049999999999,1.161741,BLR,UKR,610453
7133291,43,228,7679,1998,40722.0,0.0,0.3658,3.231258,CHN,UKR,610453
7133292,61,228,7679,1998,34341.0,623608.0,2.334028,-2.417278,DEU,UKR,610453
7133293,77,228,7679,1998,0.0,20270.0,1.707702,0.7784270000000001,FRA,UKR,610453
7133294,81,228,7679,1998,2011.0,0.0,1.906738,0.489101,GBR,UKR,610453
7133295,111,228,7679,1998,20077.0,8220.0,1.4532209999999999,1.191124,ITA,UKR,610453
7133296,121,228,7679,1998,1962.0,0.0,0.999518,1.106351,KOR,UKR,610453
7133297,130,228,7679,1998,13862.0,0.0,0.27073,0.692656,LTU,UKR,610453
7133298,132,228,7679,1998,1398.0,0.0,0.322473,0.388421,LVA,UKR,610453
7133299,138,228,7679,1998,0.0,2490.0,0.525671,0.880649,MEX,UKR,610453
7133300,163,228,7679,1998,0.0,1127.0,1.1660190000000001,0.43901899999999994,NOR,UKR,610453
7133301,207,228,7679,1998,1036.0,0.0,1.442955,1.27214,SVN,UKR,610453
7133302,7,249,7679,1998,0.0,27978.0,-0.274973,-0.481405,ARE,TWN,610453
7133303,8,249,7679,1998,0.0,6296.0,0.272015,0.45031099999999996,ARG,TWN,610453
7133304,14,249,7679,1998,0.0,6227.0,0.375317,0.8864629999999999,AUS,TWN,610453
7133305,15,249,7679,1998,1139.0,15532.0,1.891966,0.508137,AUT,TWN,610453
7133306,18,249,7679,1998,1304.0,72103.0,1.4740739999999999,1.2530430000000001,BEL,TWN,610453
7133307,24,249,7679,1998,0.0,9336.0,-0.044219,-0.859931,BHR,TWN,610453
7133308,32,249,7679,1998,0.0,3552.0,0.768101,1.04589,BRA,TWN,610453
7133309,39,249,7679,1998,0.0,92791.0,1.077343,1.119161,CAN,TWN,610453
7133310,41,249,7679,1998,0.0,3812.0,2.252965,0.561806,CHE,TWN,610453
7133311,42,249,7679,1998,0.0,30914.0,0.029706,-0.061149,CHL,TWN,610453
7133312,43,249,7679,1998,303370.0,8324.0,0.3658,3.231258,CHN,TWN,610453
7133313,59,249,7679,1998,1519.0,0.0,1.36345,1.408508,CZE,TWN,610453
7133314,61,249,7679,1998,55571.0,748490.0,2.334028,-2.417278,DEU,TWN,610453
7133315,64,249,7679,1998,0.0,68558.0,1.225999,1.470145,DNK,TWN,610453
7133316,71,249,7679,1998,6577.0,21944.0,1.051392,1.983438,ESP,TWN,610453
7133317,77,249,7679,1998,4422.0,83775.0,1.707702,0.7784270000000001,FRA,TWN,610453
7133318,81,249,7679,1998,16273.0,441139.0,1.906738,0.489101,GBR,TWN,610453
7133319,97,249,7679,1998,378931.0,31457.0,0.46966099999999994,2.5744029999999998,HKG,TWN,610453
7133320,99,249,7679,1998,0.0,1539.0,-0.9326049999999999,-0.598527,HND,TWN,610453
7133321,102,249,7679,1998,13325.0,0.0,0.780392,1.450701,HUN,TWN,610453
7133322,103,249,7679,1998,102513.0,0.0,-0.478253,1.350652,IDN,TWN,610453
7133323,106,249,7679,1998,0.0,26121.0,1.451067,0.654442,IRL,TWN,610453
7133324,111,249,7679,1998,158127.0,3189.0,1.4532209999999999,1.191124,ITA,TWN,610453
7133325,114,249,7679,1998,308300.0,88352.0,2.550442,0.718063,JPN,TWN,610453
7133326,121,249,7679,1998,38942.0,8379.0,0.999518,1.106351,KOR,TWN,610453
7133327,122,249,7679,1998,0.0,3206.0,0.037029,-1.054761,KWT,TWN,610453
7133328,133,249,7679,1998,54026.0,0.0,-0.21838000000000002,-0.370322,MAC,TWN,610453
7133329,138,249,7679,1998,0.0,48033.0,0.525671,0.880649,MEX,TWN,610453
7133330,142,249,7679,1998,0.0,730.0,0.919593,-0.071451,MLT,TWN,610453
7133331,153,249,7679,1998,6385.0,5686.0,0.396826,0.203792,MYS,TWN,610453
7133332,162,249,7679,1998,0.0,40997.0,1.248469,1.683182,NLD,TWN,610453
7133333,169,249,7679,1998,0.0,6451.0,0.010123,0.5677949999999999,PAN,TWN,610453
7133334,173,249,7679,1998,0.0,2686.0,-0.35875300000000004,0.042606,PER,TWN,610453
7133335,174,249,7679,1998,0.0,4373.0,-0.262725,-0.075781,PHL,TWN,610453
7133336,177,249,7679,1998,4394.0,0.0,0.8638309999999999,1.8881299999999999,POL,TWN,610453
7133337,179,249,7679,1998,3416.0,0.0,0.39771999999999996,1.303603,PRT,TWN,610453
7133338,185,249,7679,1998,4356.0,0.0,0.315392,0.961176,ROU,TWN,610453
7133339,188,249,7679,1998,0.0,467644.0,0.521849,-0.7550899999999999,SAU,TWN,610453
7133340,192,249,7679,1998,5582.0,4709.0,1.0029709999999998,0.506545,SGP,TWN,610453
7133341,208,249,7679,1998,0.0,13880.0,2.134076,0.9259729999999999,SWE,TWN,610453
7133342,216,249,7679,1998,12367.0,0.0,0.128633,1.484142,THA,TWN,610453
7133343,223,249,7679,1998,5159.0,0.0,-0.21677,-0.08694299999999999,TUN,TWN,610453
7133344,224,249,7679,1998,0.0,2007.0,0.085286,1.653589,TUR,TWN,610453
7133345,231,249,7679,1998,40271.0,19307346.0,1.8223639999999999,0.761336,USA,TWN,610453
7133346,239,249,7679,1998,94826.0,0.0,-0.9395469999999999,0.060697,VNM,TWN,610453
7133347,250,249,7679,1998,0.0,6408.0,1.144164,1.187425,ANS,TWN,610453
7133348,32,8,7679,1998,70986.0,5067.0,0.768101,1.04589,BRA,ARG,610453
7133349,39,8,7679,1998,6736.0,0.0,1.077343,1.119161,CAN,ARG,610453
7133350,42,8,7679,1998,6596.0,10990.0,0.029706,-0.061149,CHL,ARG,610453
7133351,43,8,7679,1998,14609.0,0.0,0.3658,3.231258,CHN,ARG,610453
7133352,52,8,7679,1998,4338.0,0.0,-0.26046199999999997,-0.059391,CRI,ARG,610453
7133353,61,8,7679,1998,10988.0,0.0,2.334028,-2.417278,DEU,ARG,610453
7133354,71,8,7679,1998,7854.0,0.0,1.051392,1.983438,ESP,ARG,610453
7133355,77,8,7679,1998,5276.0,0.0,1.707702,0.7784270000000001,FRA,ARG,610453
7133356,81,8,7679,1998,10084.0,0.0,1.906738,0.489101,GBR,ARG,610453
7133357,97,8,7679,1998,4399.0,0.0,0.46966099999999994,2.5744029999999998,HKG,ARG,610453
7133358,110,8,7679,1998,1095.0,0.0,1.2643739999999999,0.958475,ISR,ARG,610453
7133359,111,8,7679,1998,6226.0,0.0,1.4532209999999999,1.191124,ITA,ARG,610453
7133360,121,8,7679,1998,7074.0,0.0,0.999518,1.106351,KOR,ARG,610453
7133361,180,8,7679,1998,0.0,2389.0,-0.204539,-0.766486,PRY,ARG,610453
7133362,230,8,7679,1998,16694.0,7476.0,0.323022,0.293694,URY,ARG,610453
7133363,231,8,7679,1998,55534.0,2343.0,1.8223639999999999,0.761336,USA,ARG,610453
7133364,249,8,7679,1998,6296.0,0.0,1.224725,1.890322,TWN,ARG,610453
7133365,8,42,7679,1998,10990.0,6596.0,0.272015,0.45031099999999996,ARG,CHL,610453
7133366,31,42,7679,1998,0.0,50164.0,-0.49860699999999997,-0.748521,BOL,CHL,610453
7133367,32,42,7679,1998,1639.0,0.0,0.768101,1.04589,BRA,CHL,610453
7133368,39,42,7679,1998,11465.0,0.0,1.077343,1.119161,CAN,CHL,610453
7133369,43,42,7679,1998,107327.0,0.0,0.3658,3.231258,CHN,CHL,610453
7133370,49,42,7679,1998,3269.0,0.0,0.205004,0.13985899999999998,COL,CHL,610453
7133371,61,42,7679,1998,969.0,0.0,2.334028,-2.417278,DEU,CHL,610453
7133372,71,42,7679,1998,29539.0,0.0,1.051392,1.983438,ESP,CHL,610453
7133373,77,42,7679,1998,22726.0,0.0,1.707702,0.7784270000000001,FRA,CHL,610453
7133374,97,42,7679,1998,30727.0,0.0,0.46966099999999994,2.5744029999999998,HKG,CHL,610453
7133375,103,42,7679,1998,4109.0,0.0,-0.478253,1.350652,IDN,CHL,610453
7133376,104,42,7679,1998,1054.0,0.0,0.274308,2.316908,IND,CHL,610453
7133377,111,42,7679,1998,6352.0,0.0,1.4532209999999999,1.191124,ITA,CHL,610453
7133378,121,42,7679,1998,31808.0,0.0,0.999518,1.106351,KOR,CHL,610453
7133379,133,42,7679,1998,5791.0,0.0,-0.21838000000000002,-0.370322,MAC,CHL,610453
7133380,138,42,7679,1998,5536.0,0.0,0.525671,0.880649,MEX,CHL,610453
7133381,173,42,7679,1998,0.0,4472.0,-0.35875300000000004,0.042606,PER,CHL,610453
7133382,177,42,7679,1998,3933.0,0.0,0.8638309999999999,1.8881299999999999,POL,CHL,610453
7133383,231,42,7679,1998,6570.0,0.0,1.8223639999999999,0.761336,USA,CHL,610453
7133384,249,42,7679,1998,30914.0,0.0,1.224725,1.890322,TWN,CHL,610453
7133385,250,42,7679,1998,21774.0,0.0,1.144164,1.187425,ANS,CHL,610453
7133386,77,44,7679,1998,15978.0,0.0,1.707702,0.7784270000000001,FRA,CIV,610453
7133387,97,44,7679,1998,5250.0,0.0,0.46966099999999994,2.5744029999999998,HKG,CIV,610453
7133388,97,80,7679,1998,1968.0,0.0,0.46966099999999994,2.5744029999999998,HKG,GAB,610453
7133389,97,85,7679,1998,1251.0,0.0,0.46966099999999994,2.5744029999999998,HKG,GIN,610453
7133390,81,116,7679,1998,1748.0,0.0,1.906738,0.489101,GBR,KEN,610453
7133391,97,116,7679,1998,34228.0,0.0,0.46966099999999994,2.5744029999999998,HKG,KEN,610453
7133392,226,116,7679,1998,0.0,55338.0,-0.972823,-0.428149,TZA,KEN,610453
7133393,15,134,7679,1998,0.0,39143.0,1.891966,0.508137,AUT,MAR,610453
7133394,18,134,7679,1998,16647.0,439414.0,1.4740739999999999,1.2530430000000001,BEL,MAR,610453
7133395,41,134,7679,1998,0.0,19722.0,2.252965,0.561806,CHE,MAR,610453
7133396,43,134,7679,1998,1815.0,0.0,0.3658,3.231258,CHN,MAR,610453
7133397,59,134,7679,1998,0.0,16608.0,1.36345,1.408508,CZE,MAR,610453
7133398,61,134,7679,1998,14117.0,2874552.0,2.334028,-2.417278,DEU,MAR,610453
7133399,71,134,7679,1998,0.0,26575.0,1.051392,1.983438,ESP,MAR,610453
7133400,77,134,7679,1998,4989.0,1270836.0,1.707702,0.7784270000000001,FRA,MAR,610453
7133401,81,134,7679,1998,0.0,161511.0,1.906738,0.489101,GBR,MAR,610453
7133402,102,134,7679,1998,0.0,1761.0,0.780392,1.450701,HUN,MAR,610453
7133403,106,134,7679,1998,0.0,9573.0,1.451067,0.654442,IRL,MAR,610453
7133404,111,134,7679,1998,2024.0,17954.0,1.4532209999999999,1.191124,ITA,MAR,610453
7133405,114,134,7679,1998,0.0,6599.0,2.550442,0.718063,JPN,MAR,610453
7133406,124,134,7679,1998,0.0,4604.0,0.23803200000000002,0.9927860000000001,LBN,MAR,610453
7133407,130,134,7679,1998,0.0,3851.0,0.27073,0.692656,LTU,MAR,610453
7133408,163,134,7679,1998,0.0,5568.0,1.1660190000000001,0.43901899999999994,NOR,MAR,610453
7133409,188,134,7679,1998,0.0,3968.0,0.521849,-0.7550899999999999,SAU,MAR,610453
7133410,206,134,7679,1998,0.0,1500.0,1.202453,1.228204,SVK,MAR,610453
7133411,207,134,7679,1998,0.0,900.0,1.442955,1.27214,SVN,MAR,610453
7133412,231,134,7679,1998,0.0,3487.0,1.8223639999999999,0.761336,USA,MAR,610453
7133413,250,134,7679,1998,0.0,7451.0,1.144164,1.187425,ANS,MAR,610453
7133414,15,223,7679,1998,0.0,38796.0,1.891966,0.508137,AUT,TUN,610453
7133415,18,223,7679,1998,1897.0,428831.0,1.4740739999999999,1.2530430000000001,BEL,TUN,610453
7133416,39,223,7679,1998,0.0,746.0,1.077343,1.119161,CAN,TUN,610453
7133417,43,223,7679,1998,1197.0,0.0,0.3658,3.231258,CHN,TUN,610453
7133418,58,223,7679,1998,0.0,1377.0,0.45990600000000004,0.41840299999999997,CYP,TUN,610453
7133419,61,223,7679,1998,58619.0,2829475.0,2.334028,-2.417278,DEU,TUN,610453
7133420,64,223,7679,1998,0.0,8366.0,1.225999,1.470145,DNK,TUN,610453
7133421,71,223,7679,1998,0.0,2740.0,1.051392,1.983438,ESP,TUN,610453
7133422,74,223,7679,1998,0.0,2107.0,2.003987,0.995725,FIN,TUN,610453
7133423,77,223,7679,1998,40092.0,1037050.0,1.707702,0.7784270000000001,FRA,TUN,610453
7133424,111,223,7679,1998,1010.0,265438.0,1.4532209999999999,1.191124,ITA,TUN,610453
7133425,114,223,7679,1998,0.0,4722.0,2.550442,0.718063,JPN,TUN,610453
7133426,124,223,7679,1998,0.0,769.0,0.23803200000000002,0.9927860000000001,LBN,TUN,610453
7133427,162,223,7679,1998,0.0,36922.0,1.248469,1.683182,NLD,TUN,610453
7133428,163,223,7679,1998,0.0,5053.0,1.1660190000000001,0.43901899999999994,NOR,TUN,610453
7133429,192,223,7679,1998,0.0,959.0,1.0029709999999998,0.506545,SGP,TUN,610453
7133430,224,223,7679,1998,5385.0,0.0,0.085286,1.653589,TUR,TUN,610453
7133431,231,223,7679,1998,0.0,32650.0,1.8223639999999999,0.761336,USA,TUN,610453
7133432,249,223,7679,1998,0.0,5159.0,1.224725,1.890322,TWN,TUN,610453
7133433,116,226,7679,1998,55338.0,0.0,-0.434978,0.10193300000000001,KEN,TZA,610453
7133434,216,226,7679,1998,4490.0,0.0,0.128633,1.484142,THA,TZA,610453
7133435,8,230,7679,1998,7476.0,16694.0,0.272015,0.45031099999999996,ARG,URY,610453
7133436,32,230,7679,1998,1203.0,33027.0,0.768101,1.04589,BRA,URY,610453
7133437,43,230,7679,1998,42753.0,0.0,0.3658,3.231258,CHN,URY,610453
7133438,77,230,7679,1998,1144.0,0.0,1.707702,0.7784270000000001,FRA,URY,610453
7133439,97,230,7679,1998,9272.0,0.0,0.46966099999999994,2.5744029999999998,HKG,URY,610453
7133440,111,230,7679,1998,1014.0,0.0,1.4532209999999999,1.191124,ITA,URY,610453
7133441,231,230,7679,1998,2642.0,0.0,1.8223639999999999,0.761336,USA,URY,610453
7133442,7,246,7679,1998,0.0,4422.0,-0.274973,-0.481405,ARE,ZAF,610453
7133443,43,246,7679,1998,101497.0,0.0,0.3658,3.231258,CHN,ZAF,610453
7133444,61,246,7679,1998,6710.0,1508.0,2.334028,-2.417278,DEU,ZAF,610453
7133445,77,246,7679,1998,8011.0,5319.0,1.707702,0.7784270000000001,FRA,ZAF,610453
7133446,81,246,7679,1998,6546.0,0.0,1.906738,0.489101,GBR,ZAF,610453
7133447,90,246,7679,1998,0.0,2913.0,0.183835,1.1512790000000002,GRC,ZAF,610453
7133448,97,246,7679,1998,17747.0,16292.0,0.46966099999999994,2.5744029999999998,HKG,ZAF,610453
7133449,103,246,7679,1998,3821.0,0.0,-0.478253,1.350652,IDN,ZAF,610453
7133450,104,246,7679,1998,3522.0,0.0,0.274308,2.316908,IND,ZAF,610453
7133451,110,246,7679,1998,1626.0,0.0,1.2643739999999999,0.958475,ISR,ZAF,610453
7133452,111,246,7679,1998,2892.0,0.0,1.4532209999999999,1.191124,ITA,ZAF,610453
7133453,152,246,7679,1998,39206.0,0.0,-1.436242,-1.278929,MWI,ZAF,610453
7133454,166,246,7679,1998,0.0,1063.0,0.5690529999999999,0.7752060000000001,NZL,ZAF,610453
7133455,216,246,7679,1998,9177.0,0.0,0.128633,1.484142,THA,ZAF,610453
7133456,231,246,7679,1998,2270.0,0.0,1.8223639999999999,0.761336,USA,ZAF,610453
7133457,247,246,7679,1998,0.0,2824.0,-0.383126,-0.501498,ZMB,ZAF,610453
7133458,250,246,7679,1998,6077.0,0.0,1.144164,1.187425,ANS,ZAF,610453
7133459,246,247,7679,1998,2824.0,0.0,0.573958,1.3813739999999999,ZAF,ZMB,610453
7133460,222,91,7679,1998,3107.0,0.0,0.273917,-0.453996,TTO,GRD,610453
7133461,15,58,7679,1998,0.0,6366.0,1.891966,0.508137,AUT,CYP,610453
7133462,18,58,7679,1998,0.0,1229.0,1.4740739999999999,1.2530430000000001,BEL,CYP,610453
7133463,43,58,7679,1998,7087.0,0.0,0.3658,3.231258,CHN,CYP,610453
7133464,61,58,7679,1998,0.0,29449.0,2.334028,-2.417278,DEU,CYP,610453
7133465,65,58,7679,1998,2932.0,0.0,-0.772271,-0.765258,DOM,CYP,610453
7133466,71,58,7679,1998,5476.0,21364.0,1.051392,1.983438,ESP,CYP,610453
7133467,77,58,7679,1998,15176.0,202025.0,1.707702,0.7784270000000001,FRA,CYP,610453
7133468,81,58,7679,1998,116815.0,272914.0,1.906738,0.489101,GBR,CYP,610453
7133469,90,58,7679,1998,217186.0,1021.0,0.183835,1.1512790000000002,GRC,CYP,610453
7133470,97,58,7679,1998,2958.0,0.0,0.46966099999999994,2.5744029999999998,HKG,CYP,610453
7133471,102,58,7679,1998,4689.0,0.0,0.780392,1.450701,HUN,CYP,610453
7133472,103,58,7679,1998,1983.0,0.0,-0.478253,1.350652,IDN,CYP,610453
7133473,104,58,7679,1998,3363.0,0.0,0.274308,2.316908,IND,CYP,610453
7133474,111,58,7679,1998,3385.0,0.0,1.4532209999999999,1.191124,ITA,CYP,610453
7133475,114,58,7679,1998,0.0,24306.0,2.550442,0.718063,JPN,CYP,610453
7133476,153,58,7679,1998,1937.0,0.0,0.396826,0.203792,MYS,CYP,610453
7133477,163,58,7679,1998,0.0,47307.0,1.1660190000000001,0.43901899999999994,NOR,CYP,610453
7133478,186,58,7679,1998,0.0,1822.0,0.93909,0.59719,RUS,CYP,610453
7133479,223,58,7679,1998,1377.0,0.0,-0.21677,-0.08694299999999999,TUN,CYP,610453
7133480,224,58,7679,1998,3485.0,0.0,0.085286,1.653589,TUR,CYP,610453
7133481,231,58,7679,1998,0.0,8011.0,1.8223639999999999,0.761336,USA,CYP,610453
7133482,250,58,7679,1998,2860.0,0.0,1.144164,1.187425,ANS,CYP,610453
7133483,61,82,7679,1998,3557.0,0.0,2.334028,-2.417278,DEU,GEO,610453
7133484,103,82,7679,1998,3326.0,0.0,-0.478253,1.350652,IDN,GEO,610453
7133485,130,82,7679,1998,789.0,0.0,0.27073,0.692656,LTU,GEO,610453
7133486,15,100,7679,1998,0.0,6357.0,1.891966,0.508137,AUT,HRV,610453
7133487,26,100,7679,1998,0.0,1898.0,0.290661,0.18068299999999998,BIH,HRV,610453
7133488,39,100,7679,1998,0.0,2233.0,1.077343,1.119161,CAN,HRV,610453
7133489,61,100,7679,1998,14568.0,192809.0,2.334028,-2.417278,DEU,HRV,610453
7133490,64,100,7679,1998,1798.0,0.0,1.225999,1.470145,DNK,HRV,610453
7133491,77,100,7679,1998,8516.0,6436.0,1.707702,0.7784270000000001,FRA,HRV,610453
7133492,102,100,7679,1998,1800.0,0.0,0.780392,1.450701,HUN,HRV,610453
7133493,111,100,7679,1998,36141.0,2945.0,1.4532209999999999,1.191124,ITA,HRV,610453
7133494,162,100,7679,1998,885.0,50889.0,1.248469,1.683182,NLD,HRV,610453
7133495,163,100,7679,1998,0.0,889.0,1.1660190000000001,0.43901899999999994,NOR,HRV,610453
7133496,179,100,7679,1998,1060.0,0.0,0.39771999999999996,1.303603,PRT,HRV,610453
7133497,207,100,7679,1998,10873.0,0.0,1.442955,1.27214,SVN,HRV,610453
7133498,231,100,7679,1998,706.0,0.0,1.8223639999999999,0.761336,USA,HRV,610453
7133499,15,135,7679,1998,898.0,0.0,1.891966,0.508137,AUT,MDA,610453
7133500,28,135,7679,1998,1426.0,0.0,0.9122049999999999,1.161741,BLR,MDA,610453
7133501,61,135,7679,1998,0.0,2550.0,2.334028,-2.417278,DEU,MDA,610453
7133502,77,135,7679,1998,1582.0,13103.0,1.707702,0.7784270000000001,FRA,MDA,610453
7133503,111,135,7679,1998,2611.0,3403.0,1.4532209999999999,1.191124,ITA,MDA,610453
7133504,130,135,7679,1998,1428.0,0.0,0.27073,0.692656,LTU,MDA,610453
7133505,186,135,7679,1998,992.0,0.0,0.93909,0.59719,RUS,MDA,610453
7133506,231,135,7679,1998,0.0,10219.0,1.8223639999999999,0.761336,USA,MDA,610453
7133507,15,140,7679,1998,0.0,7002.0,1.891966,0.508137,AUT,MKD,610453
7133508,18,140,7679,1998,0.0,11488.0,1.4740739999999999,1.2530430000000001,BEL,MKD,610453
7133509,61,140,7679,1998,0.0,216051.0,2.334028,-2.417278,DEU,MKD,610453
7133510,90,140,7679,1998,0.0,11840.0,0.183835,1.1512790000000002,GRC,MKD,610453
7133511,162,140,7679,1998,0.0,13432.0,1.248469,1.683182,NLD,MKD,610453
7133512,189,140,7679,1998,2868.0,0.0,0.603733,1.535453,SCG,MKD,610453
7133513,231,140,7679,1998,0.0,34743.0,1.8223639999999999,0.761336,USA,MKD,610453
7133514,250,140,7679,1998,3673.0,0.0,1.144164,1.187425,ANS,MKD,610453
7133515,15,207,7679,1998,3985.0,1180.0,1.891966,0.508137,AUT,SVN,610453
7133516,26,207,7679,1998,0.0,14583.0,0.290661,0.18068299999999998,BIH,SVN,610453
7133517,61,207,7679,1998,44596.0,192072.0,2.334028,-2.417278,DEU,SVN,610453
7133518,71,207,7679,1998,948.0,0.0,1.051392,1.983438,ESP,SVN,610453
7133519,77,207,7679,1998,6115.0,0.0,1.707702,0.7784270000000001,FRA,SVN,610453
7133520,81,207,7679,1998,2221.0,0.0,1.906738,0.489101,GBR,SVN,610453
7133521,97,207,7679,1998,1267.0,0.0,0.46966099999999994,2.5744029999999998,HKG,SVN,610453
7133522,100,207,7679,1998,0.0,10873.0,0.692779,0.9919530000000001,HRV,SVN,610453
7133523,102,207,7679,1998,2659.0,0.0,0.780392,1.450701,HUN,SVN,610453
7133524,103,207,7679,1998,689.0,0.0,-0.478253,1.350652,IDN,SVN,610453
7133525,111,207,7679,1998,47640.0,106028.0,1.4532209999999999,1.191124,ITA,SVN,610453
7133526,134,207,7679,1998,900.0,0.0,-0.7299479999999999,-0.23758200000000002,MAR,SVN,610453
7133527,162,207,7679,1998,7595.0,9402.0,1.248469,1.683182,NLD,SVN,610453
7133528,185,207,7679,1998,1155.0,0.0,0.315392,0.961176,ROU,SVN,610453
7133529,186,207,7679,1998,0.0,15472.0,0.93909,0.59719,RUS,SVN,610453
7133530,189,207,7679,1998,6336.0,1636.0,0.603733,1.535453,SCG,SVN,610453
7133531,192,207,7679,1998,1473.0,0.0,1.0029709999999998,0.506545,SGP,SVN,610453
7133532,224,207,7679,1998,3878.0,0.0,0.085286,1.653589,TUR,SVN,610453
7133533,228,207,7679,1998,0.0,1036.0,0.880876,0.783668,UKR,SVN,610453
7133534,250,207,7679,1998,28156.0,0.0,1.144164,1.187425,ANS,SVN,610453
7133535,61,212,7679,1998,0.0,9010.0,2.334028,-2.417278,DEU,SYR,610453
7133536,90,212,7679,1998,2587.0,4957.0,0.183835,1.1512790000000002,GRC,SYR,610453
7133537,185,212,7679,1998,0.0,5747.0,0.315392,0.961176,ROU,SYR,610453
7133538,188,212,7679,1998,0.0,4262.0,0.521849,-0.7550899999999999,SAU,SYR,610453
7133539,14,250,7679,1998,0.0,8975.0,0.375317,0.8864629999999999,AUS,ANS,610453
7133540,15,250,7679,1998,0.0,3182.0,1.891966,0.508137,AUT,ANS,610453
7133541,39,250,7679,1998,0.0,35573.0,1.077343,1.119161,CAN,ANS,610453
7133542,42,250,7679,1998,0.0,21774.0,0.029706,-0.061149,CHL,ANS,610453
7133543,43,250,7679,1998,1420.0,1458.0,0.3658,3.231258,CHN,ANS,610453
7133544,49,250,7679,1998,0.0,5467.0,0.205004,0.13985899999999998,COL,ANS,610453
7133545,58,250,7679,1998,0.0,2860.0,0.45990600000000004,0.41840299999999997,CYP,ANS,610453
7133546,59,250,7679,1998,0.0,27803.0,1.36345,1.408508,CZE,ANS,610453
7133547,61,250,7679,1998,17000.0,0.0,2.334028,-2.417278,DEU,ANS,610453
7133548,77,250,7679,1998,10393.0,1048402.0,1.707702,0.7784270000000001,FRA,ANS,610453
7133549,97,250,7679,1998,3461.0,0.0,0.46966099999999994,2.5744029999999998,HKG,ANS,610453
7133550,103,250,7679,1998,7103.0,0.0,-0.478253,1.350652,IDN,ANS,610453
7133551,109,250,7679,1998,0.0,7359.0,0.18141300000000002,-0.47993500000000006,ISL,ANS,610453
7133552,121,250,7679,1998,0.0,3214.0,0.999518,1.106351,KOR,ANS,610453
7133553,124,250,7679,1998,0.0,3761.0,0.23803200000000002,0.9927860000000001,LBN,ANS,610453
7133554,134,250,7679,1998,7451.0,0.0,-0.7299479999999999,-0.23758200000000002,MAR,ANS,610453
7133555,138,250,7679,1998,3830.0,1263.0,0.525671,0.880649,MEX,ANS,610453
7133556,140,250,7679,1998,0.0,3673.0,0.102559,0.591468,MKD,ANS,610453
7133557,142,250,7679,1998,0.0,4538.0,0.919593,-0.071451,MLT,ANS,610453
7133558,163,250,7679,1998,0.0,4102.0,1.1660190000000001,0.43901899999999994,NOR,ANS,610453
7133559,166,250,7679,1998,0.0,37963.0,0.5690529999999999,0.7752060000000001,NZL,ANS,610453
7133560,169,250,7679,1998,0.0,3948.0,0.010123,0.5677949999999999,PAN,ANS,610453
7133561,173,250,7679,1998,0.0,2541.0,-0.35875300000000004,0.042606,PER,ANS,610453
7133562,177,250,7679,1998,51493.0,174421.0,0.8638309999999999,1.8881299999999999,POL,ANS,610453
7133563,179,250,7679,1998,1592.0,0.0,0.39771999999999996,1.303603,PRT,ANS,610453
7133564,186,250,7679,1998,0.0,2145.0,0.93909,0.59719,RUS,ANS,610453
7133565,192,250,7679,1998,1557.0,0.0,1.0029709999999998,0.506545,SGP,ANS,610453
7133566,206,250,7679,1998,0.0,2085.0,1.202453,1.228204,SVK,ANS,610453
7133567,207,250,7679,1998,0.0,28156.0,1.442955,1.27214,SVN,ANS,610453
7133568,216,250,7679,1998,3947.0,0.0,0.128633,1.484142,THA,ANS,610453
7133569,224,250,7679,1998,4544.0,1060.0,0.085286,1.653589,TUR,ANS,610453
7133570,246,250,7679,1998,0.0,6077.0,0.573958,1.3813739999999999,ZAF,ANS,610453
7133571,249,250,7679,1998,6408.0,0.0,1.224725,1.890322,TWN,ANS,610453
7133572,81,30,7679,1998,8924.0,0.0,1.906738,0.489101,GBR,BMU,610453
7133573,111,30,7679,1998,3462.0,0.0,1.4532209999999999,1.191124,ITA,BMU,610453
7133574,121,30,7679,1998,1458.0,0.0,0.999518,1.106351,KOR,BMU,610453
7133575,61,54,7679,1998,86652.0,0.0,2.334028,-2.417278,DEU,CUB,610453
7133576,111,54,7679,1998,1857.0,0.0,1.4532209999999999,1.191124,ITA,CUB,610453
7133577,112,54,7679,1998,1101.0,0.0,-0.8083739999999999,-0.946183,JAM,CUB,610453
7133578,179,54,7679,1998,1546.0,0.0,0.39771999999999996,1.303603,PRT,CUB,610453
7133579,58,65,7679,1998,0.0,2932.0,0.45990600000000004,0.41840299999999997,CYP,DOM,610453
7133580,71,65,7679,1998,3083.0,0.0,1.051392,1.983438,ESP,DOM,610453
7133581,111,65,7679,1998,1672.0,0.0,1.4532209999999999,1.191124,ITA,DOM,610453
7133582,138,65,7679,1998,0.0,1032.0,0.525671,0.880649,MEX,DOM,610453
7133583,231,65,7679,1998,9836.0,613197.0,1.8223639999999999,0.761336,USA,DOM,610453
7133584,18,168,7679,1998,0.0,13644.0,1.4740739999999999,1.2530430000000001,BEL,PAK,610453
7133585,61,168,7679,1998,0.0,16139.0,2.334028,-2.417278,DEU,PAK,610453
7133586,81,168,7679,1998,0.0,18687.0,1.906738,0.489101,GBR,PAK,610453
7133587,106,168,7679,1998,0.0,1158.0,1.451067,0.654442,IRL,PAK,610453
7133588,162,168,7679,1998,0.0,9808.0,1.248469,1.683182,NLD,PAK,610453
7133589,208,168,7679,1998,0.0,16577.0,2.134076,0.9259729999999999,SWE,PAK,610453
7133590,104,176,7679,1998,1952.0,0.0,0.274308,2.316908,IND,PNG,610453
7133591,216,176,7679,1998,11437.0,0.0,0.128633,1.484142,THA,PNG,610453
7133592,15,178,7679,1998,0.0,34340.0,1.891966,0.508137,AUT,PRK,610453
7133593,18,178,7679,1998,0.0,3616.0,1.4740739999999999,1.2530430000000001,BEL,PRK,610453
7133594,111,178,7679,1998,2867.0,0.0,1.4532209999999999,1.191124,ITA,PRK,610453
7133595,114,178,7679,1998,0.0,12364.0,2.550442,0.718063,JPN,PRK,610453
7133596,138,178,7679,1998,0.0,4765.0,0.525671,0.880649,MEX,PRK,610453
7133597,97,227,7679,1998,10364.0,0.0,0.46966099999999994,2.5744029999999998,HKG,UGA,610453
7133598,121,227,7679,1998,1509.0,0.0,0.999518,1.106351,KOR,UGA,610453
7133599,216,227,7679,1998,1359.0,0.0,0.128633,1.484142,THA,UGA,610453
7133600,14,239,7679,1998,0.0,3017.0,0.375317,0.8864629999999999,AUS,VNM,610453
7133601,39,239,7679,1998,0.0,6681.0,1.077343,1.119161,CAN,VNM,610453
7133602,41,239,7679,1998,0.0,8118.0,2.252965,0.561806,CHE,VNM,610453
7133603,61,239,7679,1998,0.0,71241.0,2.334028,-2.417278,DEU,VNM,610453
7133604,71,239,7679,1998,0.0,5038.0,1.051392,1.983438,ESP,VNM,610453
7133605,77,239,7679,1998,0.0,17757.0,1.707702,0.7784270000000001,FRA,VNM,610453
7133606,81,239,7679,1998,0.0,420163.0,1.906738,0.489101,GBR,VNM,610453
7133607,114,239,7679,1998,0.0,78325.0,2.550442,0.718063,JPN,VNM,610453
7133608,162,239,7679,1998,0.0,4482.0,1.248469,1.683182,NLD,VNM,610453
7133609,166,239,7679,1998,0.0,3184.0,0.5690529999999999,0.7752060000000001,NZL,VNM,610453
7133610,188,239,7679,1998,0.0,4059.0,0.521849,-0.7550899999999999,SAU,VNM,610453
7133611,249,239,7679,1998,0.0,94826.0,1.224725,1.890322,TWN,VNM,610453
7133612,103,29,7679,1998,1446.0,0.0,-0.478253,1.350652,IDN,BLZ,610453
7133613,32,31,7679,1998,10309.0,0.0,0.768101,1.04589,BRA,BOL,610453
7133614,42,31,7679,1998,50164.0,0.0,0.029706,-0.061149,CHL,BOL,610453
7133615,121,31,7679,1998,1391.0,0.0,0.999518,1.106351,KOR,BOL,610453
7133616,102,73,7679,1998,2079.0,0.0,0.780392,1.450701,HUN,ETH,610453
7133617,169,160,7679,1998,1378.0,0.0,0.010123,0.5677949999999999,PAN,NIC,610453
7133618,231,160,7679,1998,3941.0,0.0,1.8223639999999999,0.761336,USA,NIC,610453
7133619,77,182,7679,1998,881.0,0.0,1.707702,0.7784270000000001,FRA,PYF,610453
7133620,103,182,7679,1998,886.0,0.0,-0.478253,1.350652,IDN,PYF,610453
7133621,231,182,7679,1998,1090.0,0.0,1.8223639999999999,0.761336,USA,PYF,610453
7133622,39,197,7679,1998,0.0,3990.0,1.077343,1.119161,CAN,SLV,610453
7133623,77,197,7679,1998,0.0,90690.0,1.707702,0.7784270000000001,FRA,SLV,610453
7133624,93,197,7679,1998,24155.0,0.0,-0.344999,0.155524,GTM,SLV,610453
7133625,138,197,7679,1998,18407.0,0.0,0.525671,0.880649,MEX,SLV,610453
7133626,231,197,7679,1998,18479.0,579250.0,1.8223639999999999,0.761336,USA,SLV,610453
7133627,43,215,7679,1998,15189.0,0.0,0.3658,3.231258,CHN,TGO,610453
7133628,97,215,7679,1998,51512.0,0.0,0.46966099999999994,2.5744029999999998,HKG,TGO,610453
7133629,121,215,7679,1998,716.0,0.0,0.999518,1.106351,KOR,TGO,610453
7133630,231,234,7679,1998,0.0,958.0,1.8223639999999999,0.761336,USA,VCT,610453
7133631,77,45,7679,1998,1269.0,0.0,1.707702,0.7784270000000001,FRA,CMR,610453
7133632,43,109,7679,1998,3252.0,0.0,0.3658,3.231258,CHN,ISL,610453
7133633,61,109,7679,1998,13793.0,0.0,2.334028,-2.417278,DEU,ISL,610453
7133634,64,109,7679,1998,55159.0,0.0,1.225999,1.470145,DNK,ISL,610453
7133635,77,109,7679,1998,2331.0,0.0,1.707702,0.7784270000000001,FRA,ISL,610453
7133636,81,109,7679,1998,10593.0,0.0,1.906738,0.489101,GBR,ISL,610453
7133637,97,109,7679,1998,4600.0,0.0,0.46966099999999994,2.5744029999999998,HKG,ISL,610453
7133638,104,109,7679,1998,2446.0,0.0,0.274308,2.316908,IND,ISL,610453
7133639,111,109,7679,1998,3010.0,0.0,1.4532209999999999,1.191124,ITA,ISL,610453
7133640,130,109,7679,1998,1496.0,0.0,0.27073,0.692656,LTU,ISL,610453
7133641,132,109,7679,1998,1710.0,0.0,0.322473,0.388421,LVA,ISL,610453
7133642,177,109,7679,1998,2553.0,0.0,0.8638309999999999,1.8881299999999999,POL,ISL,610453
7133643,179,109,7679,1998,1756.0,0.0,0.39771999999999996,1.303603,PRT,ISL,610453
7133644,224,109,7679,1998,3992.0,0.0,0.085286,1.653589,TUR,ISL,610453
7133645,231,109,7679,1998,12113.0,0.0,1.8223639999999999,0.761336,USA,ISL,610453
7133646,250,109,7679,1998,7359.0,0.0,1.144164,1.187425,ANS,ISL,610453
7133647,14,133,7679,1998,0.0,11159.0,0.375317,0.8864629999999999,AUS,MAC,610453
7133648,15,133,7679,1998,0.0,22740.0,1.891966,0.508137,AUT,MAC,610453
7133649,18,133,7679,1998,0.0,12692.0,1.4740739999999999,1.2530430000000001,BEL,MAC,610453
7133650,39,133,7679,1998,0.0,37949.0,1.077343,1.119161,CAN,MAC,610453
7133651,41,133,7679,1998,0.0,2936.0,2.252965,0.561806,CHE,MAC,610453
7133652,42,133,7679,1998,0.0,5791.0,0.029706,-0.061149,CHL,MAC,610453
7133653,43,133,7679,1998,470376.0,2775.0,0.3658,3.231258,CHN,MAC,610453
7133654,61,133,7679,1998,0.0,220742.0,2.334028,-2.417278,DEU,MAC,610453
7133655,64,133,7679,1998,0.0,9554.0,1.225999,1.470145,DNK,MAC,610453
7133656,71,133,7679,1998,0.0,81610.0,1.051392,1.983438,ESP,MAC,610453
7133657,74,133,7679,1998,0.0,19314.0,2.003987,0.995725,FIN,MAC,610453
7133658,77,133,7679,1998,3947.0,561513.0,1.707702,0.7784270000000001,FRA,MAC,610453
7133659,81,133,7679,1998,0.0,409339.0,1.906738,0.489101,GBR,MAC,610453
7133660,97,133,7679,1998,9220.0,52890.0,0.46966099999999994,2.5744029999999998,HKG,MAC,610453
7133661,111,133,7679,1998,6574.0,3237.0,1.4532209999999999,1.191124,ITA,MAC,610453
7133662,114,133,7679,1998,0.0,28735.0,2.550442,0.718063,JPN,MAC,610453
7133663,162,133,7679,1998,0.0,2450.0,1.248469,1.683182,NLD,MAC,610453
7133664,163,133,7679,1998,0.0,11567.0,1.1660190000000001,0.43901899999999994,NOR,MAC,610453
7133665,179,133,7679,1998,0.0,1104.0,0.39771999999999996,1.303603,PRT,MAC,610453
7133666,208,133,7679,1998,0.0,50507.0,2.134076,0.9259729999999999,SWE,MAC,610453
7133667,231,133,7679,1998,0.0,1543627.0,1.8223639999999999,0.761336,USA,MAC,610453
7133668,249,133,7679,1998,0.0,54026.0,1.224725,1.890322,TWN,MAC,610453
7133669,43,136,7679,1998,3285.0,0.0,0.3658,3.231258,CHN,MDG,610453
7133670,77,136,7679,1998,0.0,5432.0,1.707702,0.7784270000000001,FRA,MDG,610453
7133671,216,137,7679,1998,3820.0,0.0,0.128633,1.484142,THA,MDV,610453
7133672,18,151,7679,1998,0.0,1695.0,1.4740739999999999,1.2530430000000001,BEL,MUS,610453
7133673,39,151,7679,1998,0.0,3054.0,1.077343,1.119161,CAN,MUS,610453
7133674,59,151,7679,1998,0.0,973.0,1.36345,1.408508,CZE,MUS,610453
7133675,61,151,7679,1998,0.0,6625.0,2.334028,-2.417278,DEU,MUS,610453
7133676,77,151,7679,1998,0.0,1333.0,1.707702,0.7784270000000001,FRA,MUS,610453
7133677,97,151,7679,1998,15966.0,0.0,0.46966099999999994,2.5744029999999998,HKG,MUS,610453
7133678,104,151,7679,1998,2709.0,0.0,0.274308,2.316908,IND,MUS,610453
7133679,106,151,7679,1998,0.0,6805.0,1.451067,0.654442,IRL,MUS,610453
7133680,188,151,7679,1998,0.0,2984.0,0.521849,-0.7550899999999999,SAU,MUS,610453
7133681,216,151,7679,1998,1089.0,0.0,0.128633,1.484142,THA,MUS,610453
7133682,97,164,7679,1998,3273.0,0.0,0.46966099999999994,2.5744029999999998,HKG,NPL,610453
7133683,111,164,7679,1998,9759.0,0.0,1.4532209999999999,1.191124,ITA,NPL,610453
7133684,97,187,7679,1998,39841.0,0.0,0.46966099999999994,2.5744029999999998,HKG,RWA,610453
7133685,231,191,7679,1998,0.0,1150.0,1.8223639999999999,0.761336,USA,SEN,610453
7133686,104,211,7679,1998,1591.0,0.0,0.274308,2.316908,IND,SYC,610453
7133687,130,211,7679,1998,2105.0,0.0,0.27073,0.692656,LTU,SYC,610453
7133688,32,2,7679,1998,2414.0,0.0,0.768101,1.04589,BRA,AGO,610453
7133689,97,2,7679,1998,2602.0,0.0,0.46966099999999994,2.5744029999999998,HKG,AGO,610453
7133690,179,2,7679,1998,3891.0,0.0,0.39771999999999996,1.303603,PRT,AGO,610453
7133691,216,2,7679,1998,3862.0,0.0,0.128633,1.484142,THA,AGO,610453
7133692,39,7,7679,1998,0.0,60972.0,1.077343,1.119161,CAN,ARE,610453
7133693,43,7,7679,1998,426269.0,0.0,0.3658,3.231258,CHN,ARE,610453
7133694,61,7,7679,1998,14323.0,26122.0,2.334028,-2.417278,DEU,ARE,610453
7133695,64,7,7679,1998,3451.0,0.0,1.225999,1.470145,DNK,ARE,610453
7133696,71,7,7679,1998,43852.0,0.0,1.051392,1.983438,ESP,ARE,610453
7133697,81,7,7679,1998,338020.0,99806.0,1.906738,0.489101,GBR,ARE,610453
7133698,90,7,7679,1998,0.0,5830.0,0.183835,1.1512790000000002,GRC,ARE,610453
7133699,97,7,7679,1998,235399.0,0.0,0.46966099999999994,2.5744029999999998,HKG,ARE,610453
7133700,103,7,7679,1998,51445.0,0.0,-0.478253,1.350652,IDN,ARE,610453
7133701,104,7,7679,1998,46498.0,0.0,0.274308,2.316908,IND,ARE,610453
7133702,106,7,7679,1998,0.0,3324.0,1.451067,0.654442,IRL,ARE,610453
7133703,111,7,7679,1998,72228.0,0.0,1.4532209999999999,1.191124,ITA,ARE,610453
7133704,121,7,7679,1998,30647.0,0.0,0.999518,1.106351,KOR,ARE,610453
7133705,142,7,7679,1998,0.0,3585.0,0.919593,-0.071451,MLT,ARE,610453
7133706,162,7,7679,1998,10117.0,0.0,1.248469,1.683182,NLD,ARE,610453
7133707,174,7,7679,1998,304926.0,0.0,-0.262725,-0.075781,PHL,ARE,610453
7133708,186,7,7679,1998,8313.0,1391.0,0.93909,0.59719,RUS,ARE,610453
7133709,216,7,7679,1998,41389.0,0.0,0.128633,1.484142,THA,ARE,610453
7133710,224,7,7679,1998,23205.0,0.0,0.085286,1.653589,TUR,ARE,610453
7133711,231,7,7679,1998,2778.0,156438.0,1.8223639999999999,0.761336,USA,ARE,610453
7133712,246,7,7679,1998,4422.0,0.0,0.573958,1.3813739999999999,ZAF,ARE,610453
7133713,249,7,7679,1998,27978.0,0.0,1.224725,1.890322,TWN,ARE,610453
7133714,61,24,7679,1998,9326.0,0.0,2.334028,-2.417278,DEU,BHR,610453
7133715,81,24,7679,1998,72078.0,0.0,1.906738,0.489101,GBR,BHR,610453
7133716,97,24,7679,1998,3784.0,0.0,0.46966099999999994,2.5744029999999998,HKG,BHR,610453
7133717,103,24,7679,1998,19400.0,0.0,-0.478253,1.350652,IDN,BHR,610453
7133718,111,24,7679,1998,12132.0,0.0,1.4532209999999999,1.191124,ITA,BHR,610453
7133719,174,24,7679,1998,4711.0,0.0,-0.262725,-0.075781,PHL,BHR,610453
7133720,216,24,7679,1998,11097.0,0.0,0.128633,1.484142,THA,BHR,610453
7133721,249,24,7679,1998,9336.0,0.0,1.224725,1.890322,TWN,BHR,610453
7133722,15,26,7679,1998,7482.0,0.0,1.891966,0.508137,AUT,BIH,610453
7133723,61,26,7679,1998,0.0,43245.0,2.334028,-2.417278,DEU,BIH,610453
7133724,100,26,7679,1998,1898.0,0.0,0.692779,0.9919530000000001,HRV,BIH,610453
7133725,102,26,7679,1998,1000.0,0.0,0.780392,1.450701,HUN,BIH,610453
7133726,111,26,7679,1998,2959.0,6249.0,1.4532209999999999,1.191124,ITA,BIH,610453
7133727,207,26,7679,1998,14583.0,0.0,1.442955,1.27214,SVN,BIH,610453
7133728,97,47,7679,1998,62557.0,0.0,0.46966099999999994,2.5744029999999998,HKG,COG,610453
7133729,43,62,7679,1998,800453.0,0.0,0.3658,3.231258,CHN,DJI,610453
7133730,77,62,7679,1998,2408.0,0.0,1.707702,0.7784270000000001,FRA,DJI,610453
7133731,43,78,7679,1998,8818.0,0.0,0.3658,3.231258,CHN,FRO,610453
7133732,64,78,7679,1998,26389.0,0.0,1.225999,1.470145,DNK,FRO,610453
7133733,81,78,7679,1998,3436.0,0.0,1.906738,0.489101,GBR,FRO,610453
7133734,97,78,7679,1998,3053.0,0.0,0.46966099999999994,2.5744029999999998,HKG,FRO,610453
7133735,111,78,7679,1998,225.0,0.0,1.4532209999999999,1.191124,ITA,FRO,610453
7133736,132,78,7679,1998,2692.0,0.0,0.322473,0.388421,LVA,FRO,610453
7133737,162,78,7679,1998,629.0,0.0,1.248469,1.683182,NLD,FRO,610453
7133738,179,78,7679,1998,923.0,0.0,0.39771999999999996,1.303603,PRT,FRO,610453
7133739,231,101,7679,1998,0.0,189724.0,1.8223639999999999,0.761336,USA,HTI,610453
7133740,107,108,7679,1998,570216.0,0.0,-0.6626029999999999,-1.0408959999999998,IRN,IRQ,610453
7133741,43,115,7679,1998,33136.0,0.0,0.3658,3.231258,CHN,KAZ,610453
7133742,61,115,7679,1998,80995.0,0.0,2.334028,-2.417278,DEU,KAZ,610453
7133743,77,115,7679,1998,3410.0,0.0,1.707702,0.7784270000000001,FRA,KAZ,610453
7133744,61,118,7679,1998,0.0,12942.0,2.334028,-2.417278,DEU,KHM,610453
7133745,64,118,7679,1998,0.0,94057.0,1.225999,1.470145,DNK,KHM,610453
7133746,71,118,7679,1998,0.0,2340.0,1.051392,1.983438,ESP,KHM,610453
7133747,74,118,7679,1998,0.0,8303.0,2.003987,0.995725,FIN,KHM,610453
7133748,77,118,7679,1998,0.0,9694.0,1.707702,0.7784270000000001,FRA,KHM,610453
7133749,81,118,7679,1998,0.0,46028.0,1.906738,0.489101,GBR,KHM,610453
7133750,162,118,7679,1998,0.0,19543.0,1.248469,1.683182,NLD,KHM,610453
7133751,163,118,7679,1998,0.0,1986.0,1.1660190000000001,0.43901899999999994,NOR,KHM,610453
7133752,231,118,7679,1998,0.0,221600.0,1.8223639999999999,0.761336,USA,KHM,610453
7133753,43,122,7679,1998,71765.0,0.0,0.3658,3.231258,CHN,KWT,610453
7133754,61,122,7679,1998,21298.0,0.0,2.334028,-2.417278,DEU,KWT,610453
7133755,71,122,7679,1998,1058.0,0.0,1.051392,1.983438,ESP,KWT,610453
7133756,77,122,7679,1998,26219.0,0.0,1.707702,0.7784270000000001,FRA,KWT,610453
7133757,81,122,7679,1998,280473.0,0.0,1.906738,0.489101,GBR,KWT,610453
7133758,97,122,7679,1998,3071.0,0.0,0.46966099999999994,2.5744029999999998,HKG,KWT,610453
7133759,111,122,7679,1998,49926.0,0.0,1.4532209999999999,1.191124,ITA,KWT,610453
7133760,114,122,7679,1998,1898.0,0.0,2.550442,0.718063,JPN,KWT,610453
7133761,162,122,7679,1998,5053.0,0.0,1.248469,1.683182,NLD,KWT,610453
7133762,174,122,7679,1998,6827.0,0.0,-0.262725,-0.075781,PHL,KWT,610453
7133763,216,122,7679,1998,88008.0,0.0,0.128633,1.484142,THA,KWT,610453
7133764,224,122,7679,1998,11316.0,0.0,0.085286,1.653589,TUR,KWT,610453
7133765,249,122,7679,1998,3206.0,0.0,1.224725,1.890322,TWN,KWT,610453
7133766,216,126,7679,1998,3836.0,0.0,0.128633,1.484142,THA,LBY,610453
7133767,224,126,7679,1998,162459.0,0.0,0.085286,1.653589,TUR,LBY,610453
7133768,18,128,7679,1998,0.0,40557.0,1.4740739999999999,1.2530430000000001,BEL,LKA,610453
7133769,39,128,7679,1998,0.0,8402.0,1.077343,1.119161,CAN,LKA,610453
7133770,41,128,7679,1998,0.0,6662.0,2.252965,0.561806,CHE,LKA,610453
7133771,59,128,7679,1998,0.0,2865.0,1.36345,1.408508,CZE,LKA,610453
7133772,61,128,7679,1998,0.0,228190.0,2.334028,-2.417278,DEU,LKA,610453
7133773,64,128,7679,1998,0.0,28412.0,1.225999,1.470145,DNK,LKA,610453
7133774,77,128,7679,1998,0.0,86260.0,1.707702,0.7784270000000001,FRA,LKA,610453
7133775,81,128,7679,1998,0.0,530579.0,1.906738,0.489101,GBR,LKA,610453
7133776,97,128,7679,1998,14030.0,0.0,0.46966099999999994,2.5744029999999998,HKG,LKA,610453
7133777,106,128,7679,1998,0.0,11634.0,1.451067,0.654442,IRL,LKA,610453
7133778,111,128,7679,1998,0.0,167436.0,1.4532209999999999,1.191124,ITA,LKA,610453
7133779,114,128,7679,1998,0.0,2110.0,2.550442,0.718063,JPN,LKA,610453
7133780,162,128,7679,1998,0.0,92485.0,1.248469,1.683182,NLD,LKA,610453
7133781,206,128,7679,1998,0.0,1133.0,1.202453,1.228204,SVK,LKA,610453
7133782,231,128,7679,1998,0.0,358031.0,1.8223639999999999,0.761336,USA,LKA,610453
7133783,15,143,7679,1998,0.0,1071.0,1.891966,0.508137,AUT,MMR,610453
7133784,18,143,7679,1998,0.0,17056.0,1.4740739999999999,1.2530430000000001,BEL,MMR,610453
7133785,39,143,7679,1998,0.0,4125.0,1.077343,1.119161,CAN,MMR,610453
7133786,43,143,7679,1998,2632.0,0.0,0.3658,3.231258,CHN,MMR,610453
7133787,77,143,7679,1998,0.0,42407.0,1.707702,0.7784270000000001,FRA,MMR,610453
7133788,114,143,7679,1998,0.0,6259.0,2.550442,0.718063,JPN,MMR,610453
7133789,192,143,7679,1998,0.0,15415.0,1.0029709999999998,0.506545,SGP,MMR,610453
7133790,231,143,7679,1998,0.0,43760.0,1.8223639999999999,0.761336,USA,MMR,610453
7133791,179,147,7679,1998,3354.0,0.0,0.39771999999999996,1.303603,PRT,MOZ,610453
7133792,8,180,7679,1998,2389.0,0.0,0.272015,0.45031099999999996,ARG,PRY,610453
7133793,32,180,7679,1998,7107.0,0.0,0.768101,1.04589,BRA,PRY,610453
7133794,111,180,7679,1998,1220.0,0.0,1.4532209999999999,1.191124,ITA,PRY,610453
7133795,121,180,7679,1998,7129.0,0.0,0.999518,1.106351,KOR,PRY,610453
7133796,61,183,7679,1998,3133.0,0.0,2.334028,-2.417278,DEU,QAT,610453
7133797,77,183,7679,1998,4080.0,0.0,1.707702,0.7784270000000001,FRA,QAT,610453
7133798,81,183,7679,1998,34407.0,0.0,1.906738,0.489101,GBR,QAT,610453
7133799,111,183,7679,1998,13295.0,0.0,1.4532209999999999,1.191124,ITA,QAT,610453
7133800,162,183,7679,1998,1515.0,0.0,1.248469,1.683182,NLD,QAT,610453
7133801,216,183,7679,1998,2398.0,0.0,0.128633,1.484142,THA,QAT,610453
7133802,224,183,7679,1998,2278.0,0.0,0.085286,1.653589,TUR,QAT,610453
7133803,97,205,7679,1998,38334.0,0.0,0.46966099999999994,2.5744029999999998,HKG,SUR,610453
7133804,216,243,7679,1998,11319.0,0.0,0.128633,1.484142,THA,YEM,610453
7133805,81,248,7679,1998,3790.0,0.0,1.906738,0.489101,GBR,ZWE,610453
7133806,61,4,7679,1998,0.0,4733.0,2.334028,-2.417278,DEU,ALB,610453
7133807,77,4,7679,1998,0.0,30067.0,1.707702,0.7784270000000001,FRA,ALB,610453
7133808,81,4,7679,1998,31728.0,0.0,1.906738,0.489101,GBR,ALB,610453
7133809,90,4,7679,1998,2673.0,6363.0,0.183835,1.1512790000000002,GRC,ALB,610453
7133810,111,4,7679,1998,8139.0,0.0,1.4532209999999999,1.191124,ITA,ALB,610453
7133811,43,5,7679,1998,1098.0,0.0,0.3658,3.231258,CHN,AND,610453
7133812,71,5,7679,1998,15476.0,0.0,1.051392,1.983438,ESP,AND,610453
7133813,77,5,7679,1998,1319.0,0.0,1.707702,0.7784270000000001,FRA,AND,610453
7133814,111,5,7679,1998,4312.0,0.0,1.4532209999999999,1.191124,ITA,AND,610453
7133815,97,6,7679,1998,85632.0,0.0,0.46966099999999994,2.5744029999999998,HKG,ANT,610453
7133816,111,6,7679,1998,2244.0,0.0,1.4532209999999999,1.191124,ITA,ANT,610453
7133817,231,6,7679,1998,7183.0,0.0,1.8223639999999999,0.761336,USA,ANT,610453
7133818,77,9,7679,1998,1188.0,0.0,1.707702,0.7784270000000001,FRA,ARM,610453
7133819,186,9,7679,1998,0.0,1161.0,0.93909,0.59719,RUS,ARM,610453
7133820,97,46,7679,1998,8023.0,0.0,0.46966099999999994,2.5744029999999998,HKG,COD,610453
7133821,216,46,7679,1998,12738.0,0.0,0.128633,1.484142,THA,COD,610453
7133822,14,75,7679,1998,0.0,23995.0,0.375317,0.8864629999999999,AUS,FJI,610453
7133823,166,75,7679,1998,0.0,14752.0,0.5690529999999999,0.7752060000000001,NZL,FJI,610453
7133824,192,75,7679,1998,1081.0,0.0,1.0029709999999998,0.506545,SGP,FJI,610453
7133825,43,92,7679,1998,628.0,0.0,0.3658,3.231258,CHN,GRL,610453
7133826,64,92,7679,1998,14596.0,0.0,1.225999,1.470145,DNK,GRL,610453
7133827,81,92,7679,1998,590.0,0.0,1.906738,0.489101,GBR,GRL,610453
7133828,97,92,7679,1998,2044.0,0.0,0.46966099999999994,2.5744029999999998,HKG,GRL,610453
7133829,224,117,7679,1998,11116.0,0.0,0.085286,1.653589,TUR,KGZ,610453
7133830,61,123,7679,1998,0.0,8955.0,2.334028,-2.417278,DEU,LAO,610453
7133831,74,123,7679,1998,0.0,3177.0,2.003987,0.995725,FIN,LAO,610453
7133832,114,146,7679,1998,0.0,13356.0,2.550442,0.718063,JPN,MNP,610453
7133833,162,146,7679,1998,0.0,21410.0,1.248469,1.683182,NLD,MNP,610453
7133834,77,156,7679,1998,17092.0,0.0,1.707702,0.7784270000000001,FRA,NCL,610453
7133835,97,156,7679,1998,3474.0,0.0,0.46966099999999994,2.5744029999999998,HKG,NCL,610453
7133836,81,232,7679,1998,1497.0,0.0,1.906738,0.489101,GBR,UZB,610453
7133837,224,232,7679,1998,7257.0,0.0,0.085286,1.653589,TUR,UZB,610453
7133838,111,0,7679,1998,2838.0,0.0,1.4532209999999999,1.191124,ITA,ABW,610453
7133839,231,0,7679,1998,2771.0,0.0,1.8223639999999999,0.761336,USA,ABW,610453
7133840,43,51,7679,1998,1028.0,0.0,0.3658,3.231258,CHN,CPV,610453
7133841,179,51,7679,1998,1162.0,0.0,0.39771999999999996,1.303603,PRT,CPV,610453
7133842,231,51,7679,1998,1057.0,0.0,1.8223639999999999,0.761336,USA,CPV,610453
7133843,81,84,7679,1998,123163.0,0.0,1.906738,0.489101,GBR,GIB,610453
7133844,61,217,7679,1998,8040.0,0.0,2.334028,-2.417278,DEU,TJK,610453
7133845,186,217,7679,1998,15830.0,0.0,0.93909,0.59719,RUS,TJK,610453
7133846,224,219,7679,1998,2012.0,0.0,0.085286,1.653589,TUR,TKM,610453
7133847,81,57,7679,1998,1606.0,0.0,1.906738,0.489101,GBR,CYM,610453
7133848,18,15,7680,1998,0.0,5784.0,1.4740739999999999,1.2530430000000001,BEL,AUT,610459
7133849,41,15,7680,1998,6348.0,26943.0,2.252965,0.561806,CHE,AUT,610459
7133850,43,15,7680,1998,21291.0,0.0,0.3658,3.231258,CHN,AUT,610459
7133851,48,15,7680,1998,1710.0,0.0,-0.18348399999999998,-0.650889,COK,AUT,610459
7133852,59,15,7680,1998,7430.0,1122.0,1.36345,1.408508,CZE,AUT,610459
7133853,61,15,7680,1998,1250426.0,53726.0,2.334028,-2.417278,DEU,AUT,610459
7133854,64,15,7680,1998,28243.0,0.0,1.225999,1.470145,DNK,AUT,610459
7133855,71,15,7680,1998,1748.0,0.0,1.051392,1.983438,ESP,AUT,610459
7133856,72,15,7680,1998,6626.0,0.0,0.53408,1.07691,EST,AUT,610459
7133857,77,15,7680,1998,81136.0,1915.0,1.707702,0.7784270000000001,FRA,AUT,610459
7133858,81,15,7680,1998,31220.0,0.0,1.906738,0.489101,GBR,AUT,610459
7133859,90,15,7680,1998,21369.0,0.0,0.183835,1.1512790000000002,GRC,AUT,610459
7133860,97,15,7680,1998,19484.0,0.0,0.46966099999999994,2.5744029999999998,HKG,AUT,610459
7133861,100,15,7680,1998,2744.0,17229.0,0.692779,0.9919530000000001,HRV,AUT,610459
7133862,102,15,7680,1998,7605.0,4914.0,0.780392,1.450701,HUN,AUT,610459
7133863,103,15,7680,1998,647.0,0.0,-0.478253,1.350652,IDN,AUT,610459
7133864,104,15,7680,1998,35574.0,0.0,0.274308,2.316908,IND,AUT,610459
7133865,106,15,7680,1998,2076.0,0.0,1.451067,0.654442,IRL,AUT,610459
7133866,110,15,7680,1998,3005.0,0.0,1.2643739999999999,0.958475,ISR,AUT,610459
7133867,111,15,7680,1998,197565.0,3886.0,1.4532209999999999,1.191124,ITA,AUT,610459
7133868,114,15,7680,1998,0.0,13330.0,2.550442,0.718063,JPN,AUT,610459
7133869,121,15,7680,1998,20893.0,0.0,0.999518,1.106351,KOR,AUT,610459
7133870,132,15,7680,1998,5552.0,0.0,0.322473,0.388421,LVA,AUT,610459
7133871,134,15,7680,1998,14041.0,0.0,-0.7299479999999999,-0.23758200000000002,MAR,AUT,610459
7133872,153,15,7680,1998,9656.0,0.0,0.396826,0.203792,MYS,AUT,610459
7133873,162,15,7680,1998,1852.0,0.0,1.248469,1.683182,NLD,AUT,610459
7133874,163,15,7680,1998,0.0,1570.0,1.1660190000000001,0.43901899999999994,NOR,AUT,610459
7133875,177,15,7680,1998,25845.0,0.0,0.8638309999999999,1.8881299999999999,POL,AUT,610459
7133876,179,15,7680,1998,44334.0,0.0,0.39771999999999996,1.303603,PRT,AUT,610459
7133877,185,15,7680,1998,6818.0,0.0,0.315392,0.961176,ROU,AUT,610459
7133878,186,15,7680,1998,0.0,1579.0,0.93909,0.59719,RUS,AUT,610459
7133879,206,15,7680,1998,26930.0,1080.0,1.202453,1.228204,SVK,AUT,610459
7133880,207,15,7680,1998,22368.0,6317.0,1.442955,1.27214,SVN,AUT,610459
7133881,208,15,7680,1998,1181.0,0.0,2.134076,0.9259729999999999,SWE,AUT,610459
7133882,223,15,7680,1998,14447.0,0.0,-0.21677,-0.08694299999999999,TUN,AUT,610459
7133883,224,15,7680,1998,12434.0,0.0,0.085286,1.653589,TUR,AUT,610459
7133884,231,15,7680,1998,3328.0,3117.0,1.8223639999999999,0.761336,USA,AUT,610459
7133885,249,15,7680,1998,1531.0,805.0,1.224725,1.890322,TWN,AUT,610459
7133886,250,15,7680,1998,1814.0,2482.0,1.144164,1.187425,ANS,AUT,610459
7133887,15,18,7680,1998,5784.0,0.0,1.891966,0.508137,AUT,BEL,610459
7133888,28,18,7680,1998,0.0,957.0,0.9122049999999999,1.161741,BLR,BEL,610459
7133889,39,18,7680,1998,1569.0,0.0,1.077343,1.119161,CAN,BEL,610459
7133890,41,18,7680,1998,0.0,18091.0,2.252965,0.561806,CHE,BEL,610459
7133891,43,18,7680,1998,20480.0,0.0,0.3658,3.231258,CHN,BEL,610459
7133892,58,18,7680,1998,1229.0,0.0,0.45990600000000004,0.41840299999999997,CYP,BEL,610459
7133893,61,18,7680,1998,869862.0,67697.0,2.334028,-2.417278,DEU,BEL,610459
7133894,64,18,7680,1998,79714.0,63847.0,1.225999,1.470145,DNK,BEL,610459
7133895,71,18,7680,1998,130650.0,5583.0,1.051392,1.983438,ESP,BEL,610459
7133896,74,18,7680,1998,8508.0,0.0,2.003987,0.995725,FIN,BEL,610459
7133897,77,18,7680,1998,2610513.0,538199.0,1.707702,0.7784270000000001,FRA,BEL,610459
7133898,81,18,7680,1998,211538.0,33560.0,1.906738,0.489101,GBR,BEL,610459
7133899,90,18,7680,1998,1144.0,1316.0,0.183835,1.1512790000000002,GRC,BEL,610459
7133900,97,18,7680,1998,9261.0,0.0,0.46966099999999994,2.5744029999999998,HKG,BEL,610459
7133901,102,18,7680,1998,19207.0,0.0,0.780392,1.450701,HUN,BEL,610459
7133902,104,18,7680,1998,3910.0,0.0,0.274308,2.316908,IND,BEL,610459
7133903,106,18,7680,1998,0.0,1210.0,1.451067,0.654442,IRL,BEL,610459
7133904,111,18,7680,1998,468258.0,16015.0,1.4532209999999999,1.191124,ITA,BEL,610459
7133905,114,18,7680,1998,3506.0,46520.0,2.550442,0.718063,JPN,BEL,610459
7133906,121,18,7680,1998,0.0,4899.0,0.999518,1.106351,KOR,BEL,610459
7133907,124,18,7680,1998,0.0,12091.0,0.23803200000000002,0.9927860000000001,LBN,BEL,610459
7133908,130,18,7680,1998,2487.0,0.0,0.27073,0.692656,LTU,BEL,610459
7133909,132,18,7680,1998,0.0,1041.0,0.322473,0.388421,LVA,BEL,610459
7133910,134,18,7680,1998,97328.0,0.0,-0.7299479999999999,-0.23758200000000002,MAR,BEL,610459
7133911,151,18,7680,1998,8007.0,0.0,-0.621599,-0.755795,MUS,BEL,610459
7133912,162,18,7680,1998,290814.0,388753.0,1.248469,1.683182,NLD,BEL,610459
7133913,179,18,7680,1998,54769.0,5835.0,0.39771999999999996,1.303603,PRT,BEL,610459
7133914,185,18,7680,1998,12548.0,0.0,0.315392,0.961176,ROU,BEL,610459
7133915,188,18,7680,1998,0.0,5551.0,0.521849,-0.7550899999999999,SAU,BEL,610459
7133916,189,18,7680,1998,1324.0,953.0,0.603733,1.535453,SCG,BEL,610459
7133917,192,18,7680,1998,24014.0,1076.0,1.0029709999999998,0.506545,SGP,BEL,610459
7133918,208,18,7680,1998,0.0,21001.0,2.134076,0.9259729999999999,SWE,BEL,610459
7133919,223,18,7680,1998,3841.0,0.0,-0.21677,-0.08694299999999999,TUN,BEL,610459
7133920,224,18,7680,1998,71294.0,2617.0,0.085286,1.653589,TUR,BEL,610459
7133921,231,18,7680,1998,1673.0,5310.0,1.8223639999999999,0.761336,USA,BEL,610459
7133922,246,18,7680,1998,0.0,943.0,0.573958,1.3813739999999999,ZAF,BEL,610459
7133923,249,18,7680,1998,0.0,1614.0,1.224725,1.890322,TWN,BEL,610459
7133924,39,25,7680,1998,779.0,0.0,1.077343,1.119161,CAN,BHS,610459
7133925,61,25,7680,1998,26515.0,0.0,2.334028,-2.417278,DEU,BHS,610459
7133926,77,25,7680,1998,9612.0,0.0,1.707702,0.7784270000000001,FRA,BHS,610459
7133927,169,25,7680,1998,295.0,0.0,0.010123,0.5677949999999999,PAN,BHS,610459
7133928,231,25,7680,1998,159406.0,0.0,1.8223639999999999,0.761336,USA,BHS,610459
7133929,222,33,7680,1998,3595.0,0.0,0.273917,-0.453996,TTO,BRB,610459
7133930,231,33,7680,1998,1644.0,932.0,1.8223639999999999,0.761336,USA,BRB,610459
7133931,250,33,7680,1998,0.0,1289.0,1.144164,1.187425,ANS,BRB,610459
7133932,7,43,7680,1998,0.0,153047.0,-0.274973,-0.481405,ARE,CHN,610459
7133933,8,43,7680,1998,0.0,25616.0,0.272015,0.45031099999999996,ARG,CHN,610459
7133934,14,43,7680,1998,0.0,170535.0,0.375317,0.8864629999999999,AUS,CHN,610459
7133935,15,43,7680,1998,0.0,21291.0,1.891966,0.508137,AUT,CHN,610459
7133936,18,43,7680,1998,0.0,20480.0,1.4740739999999999,1.2530430000000001,BEL,CHN,610459
7133937,32,43,7680,1998,0.0,88436.0,0.768101,1.04589,BRA,CHN,610459
7133938,39,43,7680,1998,0.0,62982.0,1.077343,1.119161,CAN,CHN,610459
7133939,41,43,7680,1998,0.0,17826.0,2.252965,0.561806,CHE,CHN,610459
7133940,42,43,7680,1998,0.0,17854.0,0.029706,-0.061149,CHL,CHN,610459
7133941,59,43,7680,1998,0.0,32066.0,1.36345,1.408508,CZE,CHN,610459
7133942,61,43,7680,1998,3095.0,468483.0,2.334028,-2.417278,DEU,CHN,610459
7133943,64,43,7680,1998,0.0,104192.0,1.225999,1.470145,DNK,CHN,610459
7133944,68,43,7680,1998,0.0,3419.0,-0.462755,0.079802,EGY,CHN,610459
7133945,71,43,7680,1998,0.0,161997.0,1.051392,1.983438,ESP,CHN,610459
7133946,72,43,7680,1998,0.0,3698.0,0.53408,1.07691,EST,CHN,610459
7133947,73,43,7680,1998,0.0,2059.0,-1.279819,-1.158182,ETH,CHN,610459
7133948,74,43,7680,1998,0.0,9110.0,2.003987,0.995725,FIN,CHN,610459
7133949,77,43,7680,1998,2941.0,70811.0,1.707702,0.7784270000000001,FRA,CHN,610459
7133950,81,43,7680,1998,0.0,54378.0,1.906738,0.489101,GBR,CHN,610459
7133951,82,43,7680,1998,0.0,886.0,0.644307,0.304707,GEO,CHN,610459
7133952,90,43,7680,1998,0.0,3513.0,0.183835,1.1512790000000002,GRC,CHN,610459
7133953,97,43,7680,1998,181010.0,8050050.0,0.46966099999999994,2.5744029999999998,HKG,CHN,610459
7133954,100,43,7680,1998,0.0,765.0,0.692779,0.9919530000000001,HRV,CHN,610459
7133955,102,43,7680,1998,0.0,36491.0,0.780392,1.450701,HUN,CHN,610459
7133956,106,43,7680,1998,0.0,21583.0,1.451067,0.654442,IRL,CHN,610459
7133957,107,43,7680,1998,0.0,2435.0,-0.6626029999999999,-1.0408959999999998,IRN,CHN,610459
7133958,111,43,7680,1998,7565.0,80230.0,1.4532209999999999,1.191124,ITA,CHN,610459
7133959,113,43,7680,1998,0.0,2027.0,0.403009,-0.076366,JOR,CHN,610459
7133960,114,43,7680,1998,5450.0,2215836.0,2.550442,0.718063,JPN,CHN,610459
7133961,119,43,7680,1998,0.0,877.0,-0.8943610000000001,-0.89439,KIR,CHN,610459
7133962,121,43,7680,1998,8609.0,18923.0,0.999518,1.106351,KOR,CHN,610459
7133963,124,43,7680,1998,0.0,6458.0,0.23803200000000002,0.9927860000000001,LBN,CHN,610459
7133964,133,43,7680,1998,0.0,40754.0,-0.21838000000000002,-0.370322,MAC,CHN,610459
7133965,134,43,7680,1998,0.0,4148.0,-0.7299479999999999,-0.23758200000000002,MAR,CHN,610459
7133966,136,43,7680,1998,0.0,5820.0,-1.2600639999999999,-0.566983,MDG,CHN,610459
7133967,138,43,7680,1998,0.0,7196.0,0.525671,0.880649,MEX,CHN,610459
7133968,142,43,7680,1998,0.0,5758.0,0.919593,-0.071451,MLT,CHN,610459
7133969,153,43,7680,1998,0.0,2674.0,0.396826,0.203792,MYS,CHN,610459
7133970,162,43,7680,1998,0.0,33326.0,1.248469,1.683182,NLD,CHN,610459
7133971,163,43,7680,1998,0.0,171293.0,1.1660190000000001,0.43901899999999994,NOR,CHN,610459
7133972,166,43,7680,1998,0.0,57917.0,0.5690529999999999,0.7752060000000001,NZL,CHN,610459
7133973,169,43,7680,1998,0.0,287324.0,0.010123,0.5677949999999999,PAN,CHN,610459
7133974,173,43,7680,1998,0.0,3885.0,-0.35875300000000004,0.042606,PER,CHN,610459
7133975,174,43,7680,1998,0.0,6269.0,-0.262725,-0.075781,PHL,CHN,610459
7133976,176,43,7680,1998,0.0,3051.0,-2.060952,-1.237969,PNG,CHN,610459
7133977,177,43,7680,1998,0.0,5514.0,0.8638309999999999,1.8881299999999999,POL,CHN,610459
7133978,185,43,7680,1998,0.0,3028.0,0.315392,0.961176,ROU,CHN,610459
7133979,186,43,7680,1998,0.0,448741.0,0.93909,0.59719,RUS,CHN,610459
7133980,188,43,7680,1998,0.0,63622.0,0.521849,-0.7550899999999999,SAU,CHN,610459
7133981,189,43,7680,1998,0.0,1291.0,0.603733,1.535453,SCG,CHN,610459
7133982,192,43,7680,1998,0.0,36339.0,1.0029709999999998,0.506545,SGP,CHN,610459
7133983,208,43,7680,1998,0.0,17264.0,2.134076,0.9259729999999999,SWE,CHN,610459
7133984,216,43,7680,1998,0.0,12070.0,0.128633,1.484142,THA,CHN,610459
7133985,224,43,7680,1998,0.0,6991.0,0.085286,1.653589,TUR,CHN,610459
7133986,231,43,7680,1998,0.0,1373479.0,1.8223639999999999,0.761336,USA,CHN,610459
7133987,232,43,7680,1998,0.0,3251.0,-0.283425,-0.7488520000000001,UZB,CHN,610459
7133988,236,43,7680,1998,0.0,21984.0,0.288717,-0.540639,VEN,CHN,610459
7133989,246,43,7680,1998,0.0,23699.0,0.573958,1.3813739999999999,ZAF,CHN,610459
7133990,249,43,7680,1998,10495.0,82789.0,1.224725,1.890322,TWN,CHN,610459
7133991,250,43,7680,1998,184060.0,0.0,1.144164,1.187425,ANS,CHN,610459
7133992,52,49,7680,1998,0.0,194122.0,-0.26046199999999997,-0.059391,CRI,COL,610459
7133993,67,49,7680,1998,115776.0,3923.0,-0.990915,-0.9670860000000001,ECU,COL,610459
7133994,97,49,7680,1998,7501.0,0.0,0.46966099999999994,2.5744029999999998,HKG,COL,610459
7133995,111,49,7680,1998,1178.0,0.0,1.4532209999999999,1.191124,ITA,COL,610459
7133996,231,49,7680,1998,15780.0,0.0,1.8223639999999999,0.761336,USA,COL,610459
7133997,236,49,7680,1998,0.0,4763.0,0.288717,-0.540639,VEN,COL,610459
7133998,250,49,7680,1998,3933.0,0.0,1.144164,1.187425,ANS,COL,610459
7133999,14,52,7680,1998,0.0,6184.0,0.375317,0.8864629999999999,AUS,CRI,610459
7134000,49,52,7680,1998,194122.0,0.0,0.205004,0.13985899999999998,COL,CRI,610459
7134001,138,52,7680,1998,21798.0,0.0,0.525671,0.880649,MEX,CRI,610459
7134002,231,52,7680,1998,0.0,2017.0,1.8223639999999999,0.761336,USA,CRI,610459
7134003,6,61,7680,1998,0.0,2015.0,0.666616,-0.224404,ANT,DEU,610459
7134004,7,61,7680,1998,40054.0,20461.0,-0.274973,-0.481405,ARE,DEU,610459
7134005,8,61,7680,1998,0.0,2997.0,0.272015,0.45031099999999996,ARG,DEU,610459
7134006,9,61,7680,1998,0.0,1013.0,0.848252,-0.159457,ARM,DEU,610459
7134007,14,61,7680,1998,0.0,8745.0,0.375317,0.8864629999999999,AUS,DEU,610459
7134008,15,61,7680,1998,53726.0,1250426.0,1.891966,0.508137,AUT,DEU,610459
7134009,16,61,7680,1998,0.0,2676.0,0.344571,-0.321203,AZE,DEU,610459
7134010,18,61,7680,1998,67697.0,869862.0,1.4740739999999999,1.2530430000000001,BEL,DEU,610459
7134011,23,61,7680,1998,147320.0,3407.0,0.382782,1.5844479999999999,BGR,DEU,610459
7134012,24,61,7680,1998,0.0,8290.0,-0.044219,-0.859931,BHR,DEU,610459
7134013,25,61,7680,1998,0.0,26515.0,1.090167,0.25353000000000003,BHS,DEU,610459
7134014,26,61,7680,1998,20640.0,1029.0,0.290661,0.18068299999999998,BIH,DEU,610459
7134015,28,61,7680,1998,36108.0,5055.0,0.9122049999999999,1.161741,BLR,DEU,610459
7134016,31,61,7680,1998,0.0,7559.0,-0.49860699999999997,-0.748521,BOL,DEU,610459
7134017,32,61,7680,1998,0.0,949.0,0.768101,1.04589,BRA,DEU,610459
7134018,39,61,7680,1998,33372.0,103720.0,1.077343,1.119161,CAN,DEU,610459
7134019,41,61,7680,1998,19027.0,1530679.0,2.252965,0.561806,CHE,DEU,610459
7134020,43,61,7680,1998,468483.0,3095.0,0.3658,3.231258,CHN,DEU,610459
7134021,58,61,7680,1998,10346.0,5953.0,0.45990600000000004,0.41840299999999997,CYP,DEU,610459
7134022,59,61,7680,1998,242692.0,69331.0,1.36345,1.408508,CZE,DEU,610459
7134023,64,61,7680,1998,367501.0,137955.0,1.225999,1.470145,DNK,DEU,610459
7134024,68,61,7680,1998,0.0,2885.0,-0.462755,0.079802,EGY,DEU,610459
7134025,71,61,7680,1998,38076.0,123760.0,1.051392,1.983438,ESP,DEU,610459
7134026,74,61,7680,1998,7852.0,34227.0,2.003987,0.995725,FIN,DEU,610459
7134027,77,61,7680,1998,5307916.0,348165.0,1.707702,0.7784270000000001,FRA,DEU,610459
7134028,78,61,7680,1998,0.0,257.0,-0.6159899999999999,-0.828198,FRO,DEU,610459
7134029,81,61,7680,1998,887420.0,635484.0,1.906738,0.489101,GBR,DEU,610459
7134030,82,61,7680,1998,0.0,3557.0,0.644307,0.304707,GEO,DEU,610459
7134031,90,61,7680,1998,1773355.0,89233.0,0.183835,1.1512790000000002,GRC,DEU,610459
7134032,97,61,7680,1998,400381.0,31023.0,0.46966099999999994,2.5744029999999998,HKG,DEU,610459
7134033,100,61,7680,1998,333600.0,7770.0,0.692779,0.9919530000000001,HRV,DEU,610459
7134034,102,61,7680,1998,779510.0,79448.0,0.780392,1.450701,HUN,DEU,610459
7134035,103,61,7680,1998,31381.0,0.0,-0.478253,1.350652,IDN,DEU,610459
7134036,104,61,7680,1998,156336.0,0.0,0.274308,2.316908,IND,DEU,610459
7134037,106,61,7680,1998,0.0,78004.0,1.451067,0.654442,IRL,DEU,610459
7134038,107,61,7680,1998,0.0,953.0,-0.6626029999999999,-1.0408959999999998,IRN,DEU,610459
7134039,109,61,7680,1998,0.0,5517.0,0.18141300000000002,-0.47993500000000006,ISL,DEU,610459
7134040,110,61,7680,1998,13378.0,14837.0,1.2643739999999999,0.958475,ISR,DEU,610459
7134041,111,61,7680,1998,2875726.0,112615.0,1.4532209999999999,1.191124,ITA,DEU,610459
7134042,113,61,7680,1998,0.0,1859.0,0.403009,-0.076366,JOR,DEU,610459
7134043,114,61,7680,1998,7172.0,303528.0,2.550442,0.718063,JPN,DEU,610459
7134044,115,61,7680,1998,0.0,11571.0,0.245507,-0.389842,KAZ,DEU,610459
7134045,121,61,7680,1998,46933.0,38157.0,0.999518,1.106351,KOR,DEU,610459
7134046,122,61,7680,1998,0.0,20284.0,0.037029,-1.054761,KWT,DEU,610459
7134047,124,61,7680,1998,0.0,43295.0,0.23803200000000002,0.9927860000000001,LBN,DEU,610459
7134048,130,61,7680,1998,74934.0,8328.0,0.27073,0.692656,LTU,DEU,610459
7134049,132,61,7680,1998,28081.0,5049.0,0.322473,0.388421,LVA,DEU,610459
7134050,133,61,7680,1998,38003.0,0.0,-0.21838000000000002,-0.370322,MAC,DEU,610459
7134051,134,61,7680,1998,391246.0,1661.0,-0.7299479999999999,-0.23758200000000002,MAR,DEU,610459
7134052,138,61,7680,1998,0.0,3242.0,0.525671,0.880649,MEX,DEU,610459
7134053,140,61,7680,1998,20947.0,0.0,0.102559,0.591468,MKD,DEU,610459
7134054,153,61,7680,1998,19469.0,0.0,0.396826,0.203792,MYS,DEU,610459
7134055,162,61,7680,1998,260493.0,1888706.0,1.248469,1.683182,NLD,DEU,610459
7134056,163,61,7680,1998,810.0,162862.0,1.1660190000000001,0.43901899999999994,NOR,DEU,610459
7134057,166,61,7680,1998,0.0,1452.0,0.5690529999999999,0.7752060000000001,NZL,DEU,610459
7134058,167,61,7680,1998,0.0,1547.0,-0.38848499999999997,-0.898559,OMN,DEU,610459
7134059,168,61,7680,1998,27181.0,0.0,-0.9008149999999999,-0.448942,PAK,DEU,610459
7134060,177,61,7680,1998,1223788.0,136660.0,0.8638309999999999,1.8881299999999999,POL,DEU,610459
7134061,179,61,7680,1998,1099225.0,19754.0,0.39771999999999996,1.303603,PRT,DEU,610459
7134062,183,61,7680,1998,0.0,5222.0,-1.047819,-1.226928,QAT,DEU,610459
7134063,185,61,7680,1998,136091.0,4931.0,0.315392,0.961176,ROU,DEU,610459
7134064,186,61,7680,1998,32144.0,123814.0,0.93909,0.59719,RUS,DEU,610459
7134065,188,61,7680,1998,0.0,45270.0,0.521849,-0.7550899999999999,SAU,DEU,610459
7134066,189,61,7680,1998,4838.0,0.0,0.603733,1.535453,SCG,DEU,610459
7134067,192,61,7680,1998,1210.0,9582.0,1.0029709999999998,0.506545,SGP,DEU,610459
7134068,206,61,7680,1998,36858.0,1901.0,1.202453,1.228204,SVK,DEU,610459
7134069,207,61,7680,1998,256321.0,4852.0,1.442955,1.27214,SVN,DEU,610459
7134070,208,61,7680,1998,10719.0,121817.0,2.134076,0.9259729999999999,SWE,DEU,610459
7134071,216,61,7680,1998,9414.0,0.0,0.128633,1.484142,THA,DEU,610459
7134072,223,61,7680,1998,489557.0,11532.0,-0.21677,-0.08694299999999999,TUN,DEU,610459
7134073,224,61,7680,1998,3919610.0,26466.0,0.085286,1.653589,TUR,DEU,610459
7134074,227,61,7680,1998,0.0,835.0,-0.996762,-1.01326,UGA,DEU,610459
7134075,228,61,7680,1998,67453.0,11774.0,0.880876,0.783668,UKR,DEU,610459
7134076,231,61,7680,1998,28924.0,255181.0,1.8223639999999999,0.761336,USA,DEU,610459
7134077,232,61,7680,1998,0.0,1116.0,-0.283425,-0.7488520000000001,UZB,DEU,610459
7134078,246,61,7680,1998,0.0,4793.0,0.573958,1.3813739999999999,ZAF,DEU,610459
7134079,249,61,7680,1998,7700.0,88535.0,1.224725,1.890322,TWN,DEU,610459
7134080,250,61,7680,1998,0.0,7000.0,1.144164,1.187425,ANS,DEU,610459
7134081,15,64,7680,1998,0.0,28243.0,1.891966,0.508137,AUT,DNK,610459
7134082,18,64,7680,1998,63847.0,79714.0,1.4740739999999999,1.2530430000000001,BEL,DNK,610459
7134083,19,64,7680,1998,0.0,1603.0,-0.8198,-0.8584780000000001,BEN,DNK,610459
7134084,39,64,7680,1998,0.0,8454.0,1.077343,1.119161,CAN,DNK,610459
7134085,41,64,7680,1998,0.0,25332.0,2.252965,0.561806,CHE,DNK,610459
7134086,42,64,7680,1998,0.0,2540.0,0.029706,-0.061149,CHL,DNK,610459
7134087,43,64,7680,1998,104192.0,0.0,0.3658,3.231258,CHN,DNK,610459
7134088,59,64,7680,1998,2544.0,2604.0,1.36345,1.408508,CZE,DNK,610459
7134089,61,64,7680,1998,137955.0,367501.0,2.334028,-2.417278,DEU,DNK,610459
7134090,71,64,7680,1998,0.0,7511.0,1.051392,1.983438,ESP,DNK,610459
7134091,72,64,7680,1998,0.0,2434.0,0.53408,1.07691,EST,DNK,610459
7134092,74,64,7680,1998,2355.0,49482.0,2.003987,0.995725,FIN,DNK,610459
7134093,77,64,7680,1998,135005.0,6556.0,1.707702,0.7784270000000001,FRA,DNK,610459
7134094,78,64,7680,1998,0.0,14371.0,-0.6159899999999999,-0.828198,FRO,DNK,610459
7134095,81,64,7680,1998,551534.0,100969.0,1.906738,0.489101,GBR,DNK,610459
7134096,90,64,7680,1998,17084.0,4053.0,0.183835,1.1512790000000002,GRC,DNK,610459
7134097,97,64,7680,1998,23288.0,0.0,0.46966099999999994,2.5744029999999998,HKG,DNK,610459
7134098,103,64,7680,1998,15926.0,0.0,-0.478253,1.350652,IDN,DNK,610459
7134099,104,64,7680,1998,11254.0,0.0,0.274308,2.316908,IND,DNK,610459
7134100,106,64,7680,1998,0.0,30725.0,1.451067,0.654442,IRL,DNK,610459
7134101,109,64,7680,1998,0.0,14971.0,0.18141300000000002,-0.47993500000000006,ISL,DNK,610459
7134102,111,64,7680,1998,74809.0,4823.0,1.4532209999999999,1.191124,ITA,DNK,610459
7134103,124,64,7680,1998,1047.0,0.0,0.23803200000000002,0.9927860000000001,LBN,DNK,610459
7134104,130,64,7680,1998,12284.0,2105.0,0.27073,0.692656,LTU,DNK,610459
7134105,132,64,7680,1998,10071.0,0.0,0.322473,0.388421,LVA,DNK,610459
7134106,134,64,7680,1998,2076.0,0.0,-0.7299479999999999,-0.23758200000000002,MAR,DNK,610459
7134107,135,64,7680,1998,0.0,1700.0,-0.112783,-0.276584,MDA,DNK,610459
7134108,153,64,7680,1998,1720.0,0.0,0.396826,0.203792,MYS,DNK,610459
7134109,162,64,7680,1998,22324.0,94820.0,1.248469,1.683182,NLD,DNK,610459
7134110,163,64,7680,1998,1175.0,283846.0,1.1660190000000001,0.43901899999999994,NOR,DNK,610459
7134111,177,64,7680,1998,549911.0,39960.0,0.8638309999999999,1.8881299999999999,POL,DNK,610459
7134112,179,64,7680,1998,203745.0,2604.0,0.39771999999999996,1.303603,PRT,DNK,610459
7134113,186,64,7680,1998,0.0,2249.0,0.93909,0.59719,RUS,DNK,610459
7134114,192,64,7680,1998,13239.0,0.0,1.0029709999999998,0.506545,SGP,DNK,610459
7134115,208,64,7680,1998,176527.0,373661.0,2.134076,0.9259729999999999,SWE,DNK,610459
7134116,216,64,7680,1998,5003.0,0.0,0.128633,1.484142,THA,DNK,610459
7134117,224,64,7680,1998,76226.0,0.0,0.085286,1.653589,TUR,DNK,610459
7134118,231,64,7680,1998,0.0,16350.0,1.8223639999999999,0.761336,USA,DNK,610459
7134119,250,64,7680,1998,0.0,1315.0,1.144164,1.187425,ANS,DNK,610459
7134120,49,67,7680,1998,3923.0,115776.0,0.205004,0.13985899999999998,COL,ECU,610459
7134121,111,67,7680,1998,4876.0,0.0,1.4532209999999999,1.191124,ITA,ECU,610459
7134122,121,67,7680,1998,6102.0,0.0,0.999518,1.106351,KOR,ECU,610459
7134123,169,67,7680,1998,1563.0,0.0,0.010123,0.5677949999999999,PAN,ECU,610459
7134124,231,67,7680,1998,23331.0,0.0,1.8223639999999999,0.761336,USA,ECU,610459
7134125,250,67,7680,1998,1155.0,0.0,1.144164,1.187425,ANS,ECU,610459
7134126,5,71,7680,1998,0.0,3073.0,1.079978,0.618452,AND,ESP,610459
7134127,7,71,7680,1998,0.0,1071.0,-0.274973,-0.481405,ARE,ESP,610459
7134128,8,71,7680,1998,0.0,2864.0,0.272015,0.45031099999999996,ARG,ESP,610459
7134129,15,71,7680,1998,0.0,1748.0,1.891966,0.508137,AUT,ESP,610459
7134130,18,71,7680,1998,5583.0,130650.0,1.4740739999999999,1.2530430000000001,BEL,ESP,610459
7134131,23,71,7680,1998,1243.0,0.0,0.382782,1.5844479999999999,BGR,ESP,610459
7134132,32,71,7680,1998,4688.0,1620.0,0.768101,1.04589,BRA,ESP,610459
7134133,41,71,7680,1998,0.0,2273.0,2.252965,0.561806,CHE,ESP,610459
7134134,42,71,7680,1998,0.0,50871.0,0.029706,-0.061149,CHL,ESP,610459
7134135,43,71,7680,1998,161997.0,0.0,0.3658,3.231258,CHN,ESP,610459
7134136,58,71,7680,1998,0.0,1671.0,0.45990600000000004,0.41840299999999997,CYP,ESP,610459
7134137,61,71,7680,1998,123760.0,38076.0,2.334028,-2.417278,DEU,ESP,610459
7134138,64,71,7680,1998,7511.0,0.0,1.225999,1.470145,DNK,ESP,610459
7134139,77,71,7680,1998,1235733.0,225983.0,1.707702,0.7784270000000001,FRA,ESP,610459
7134140,78,71,7680,1998,0.0,246.0,-0.6159899999999999,-0.828198,FRO,ESP,610459
7134141,81,71,7680,1998,235600.0,35690.0,1.906738,0.489101,GBR,ESP,610459
7134142,90,71,7680,1998,0.0,25773.0,0.183835,1.1512790000000002,GRC,ESP,610459
7134143,97,71,7680,1998,10778.0,6702.0,0.46966099999999994,2.5744029999999998,HKG,ESP,610459
7134144,103,71,7680,1998,24373.0,0.0,-0.478253,1.350652,IDN,ESP,610459
7134145,104,71,7680,1998,52021.0,0.0,0.274308,2.316908,IND,ESP,610459
7134146,106,71,7680,1998,0.0,4608.0,1.451067,0.654442,IRL,ESP,610459
7134147,110,71,7680,1998,3958.0,2621.0,1.2643739999999999,0.958475,ISR,ESP,610459
7134148,111,71,7680,1998,332676.0,67478.0,1.4532209999999999,1.191124,ITA,ESP,610459
7134149,114,71,7680,1998,0.0,22395.0,2.550442,0.718063,JPN,ESP,610459
7134150,121,71,7680,1998,2540.0,0.0,0.999518,1.106351,KOR,ESP,610459
7134151,124,71,7680,1998,0.0,1409.0,0.23803200000000002,0.9927860000000001,LBN,ESP,610459
7134152,128,71,7680,1998,3560.0,0.0,-0.933293,-0.233566,LKA,ESP,610459
7134153,130,71,7680,1998,3188.0,0.0,0.27073,0.692656,LTU,ESP,610459
7134154,133,71,7680,1998,39831.0,0.0,-0.21838000000000002,-0.370322,MAC,ESP,610459
7134155,134,71,7680,1998,12143.0,0.0,-0.7299479999999999,-0.23758200000000002,MAR,ESP,610459
7134156,138,71,7680,1998,0.0,17832.0,0.525671,0.880649,MEX,ESP,610459
7134157,162,71,7680,1998,4257.0,26824.0,1.248469,1.683182,NLD,ESP,610459
7134158,163,71,7680,1998,1196.0,0.0,1.1660190000000001,0.43901899999999994,NOR,ESP,610459
7134159,173,71,7680,1998,0.0,2096.0,-0.35875300000000004,0.042606,PER,ESP,610459
7134160,177,71,7680,1998,36269.0,0.0,0.8638309999999999,1.8881299999999999,POL,ESP,610459
7134161,179,71,7680,1998,37425.0,679740.0,0.39771999999999996,1.303603,PRT,ESP,610459
7134162,186,71,7680,1998,0.0,14222.0,0.93909,0.59719,RUS,ESP,610459
7134163,188,71,7680,1998,0.0,3137.0,0.521849,-0.7550899999999999,SAU,ESP,610459
7134164,192,71,7680,1998,0.0,3267.0,1.0029709999999998,0.506545,SGP,ESP,610459
7134165,208,71,7680,1998,0.0,1996.0,2.134076,0.9259729999999999,SWE,ESP,610459
7134166,212,71,7680,1998,10181.0,0.0,-0.807312,-0.626358,SYR,ESP,610459
7134167,215,71,7680,1998,0.0,5928.0,-0.8338540000000001,-0.8437020000000001,TGO,ESP,610459
7134168,216,71,7680,1998,10009.0,915.0,0.128633,1.484142,THA,ESP,610459
7134169,224,71,7680,1998,6985.0,107858.0,0.085286,1.653589,TUR,ESP,610459
7134170,231,71,7680,1998,0.0,4647.0,1.8223639999999999,0.761336,USA,ESP,610459
7134171,236,71,7680,1998,0.0,30679.0,0.288717,-0.540639,VEN,ESP,610459
7134172,249,71,7680,1998,0.0,42934.0,1.224725,1.890322,TWN,ESP,610459
7134173,18,74,7680,1998,0.0,8508.0,1.4740739999999999,1.2530430000000001,BEL,FIN,610459
7134174,22,74,7680,1998,3487.0,0.0,-1.130729,-1.001385,BGD,FIN,610459
7134175,39,74,7680,1998,2517.0,0.0,1.077343,1.119161,CAN,FIN,610459
7134176,41,74,7680,1998,0.0,1044.0,2.252965,0.561806,CHE,FIN,610459
7134177,43,74,7680,1998,9110.0,0.0,0.3658,3.231258,CHN,FIN,610459
7134178,61,74,7680,1998,34227.0,7852.0,2.334028,-2.417278,DEU,FIN,610459
7134179,64,74,7680,1998,49482.0,2355.0,1.225999,1.470145,DNK,FIN,610459
7134180,72,74,7680,1998,70786.0,21335.0,0.53408,1.07691,EST,FIN,610459
7134181,77,74,7680,1998,32186.0,0.0,1.707702,0.7784270000000001,FRA,FIN,610459
7134182,81,74,7680,1998,12023.0,9079.0,1.906738,0.489101,GBR,FIN,610459
7134183,90,74,7680,1998,29601.0,0.0,0.183835,1.1512790000000002,GRC,FIN,610459
7134184,97,74,7680,1998,23776.0,0.0,0.46966099999999994,2.5744029999999998,HKG,FIN,610459
7134185,104,74,7680,1998,19591.0,0.0,0.274308,2.316908,IND,FIN,610459
7134186,106,74,7680,1998,0.0,1668.0,1.451067,0.654442,IRL,FIN,610459
7134187,111,74,7680,1998,53246.0,0.0,1.4532209999999999,1.191124,ITA,FIN,610459
7134188,118,74,7680,1998,5091.0,0.0,-1.626686,-1.307157,KHM,FIN,610459
7134189,121,74,7680,1998,4892.0,0.0,0.999518,1.106351,KOR,FIN,610459
7134190,130,74,7680,1998,23508.0,0.0,0.27073,0.692656,LTU,FIN,610459
7134191,132,74,7680,1998,10478.0,0.0,0.322473,0.388421,LVA,FIN,610459
7134192,162,74,7680,1998,3224.0,17185.0,1.248469,1.683182,NLD,FIN,610459
7134193,163,74,7680,1998,0.0,47380.0,1.1660190000000001,0.43901899999999994,NOR,FIN,610459
7134194,177,74,7680,1998,1026.0,0.0,0.8638309999999999,1.8881299999999999,POL,FIN,610459
7134195,179,74,7680,1998,6270.0,0.0,0.39771999999999996,1.303603,PRT,FIN,610459
7134196,185,74,7680,1998,1302.0,0.0,0.315392,0.961176,ROU,FIN,610459
7134197,186,74,7680,1998,0.0,18664.0,0.93909,0.59719,RUS,FIN,610459
7134198,208,74,7680,1998,252790.0,81478.0,2.134076,0.9259729999999999,SWE,FIN,610459
7134199,224,74,7680,1998,15070.0,0.0,0.085286,1.653589,TUR,FIN,610459
7134200,231,74,7680,1998,49660.0,1140.0,1.8223639999999999,0.761336,USA,FIN,610459
7134201,250,74,7680,1998,1343.0,0.0,1.144164,1.187425,ANS,FIN,610459
7134202,5,77,7680,1998,0.0,50500.0,1.079978,0.618452,AND,FRA,610459
7134203,8,77,7680,1998,0.0,1648.0,0.272015,0.45031099999999996,ARG,FRA,610459
7134204,14,77,7680,1998,4403.0,6657.0,0.375317,0.8864629999999999,AUS,FRA,610459
7134205,15,77,7680,1998,1915.0,81136.0,1.891966,0.508137,AUT,FRA,610459
7134206,18,77,7680,1998,538199.0,2610513.0,1.4740739999999999,1.2530430000000001,BEL,FRA,610459
7134207,23,77,7680,1998,11753.0,0.0,0.382782,1.5844479999999999,BGR,FRA,610459
7134208,24,77,7680,1998,0.0,5792.0,-0.044219,-0.859931,BHR,FRA,610459
7134209,25,77,7680,1998,0.0,9612.0,1.090167,0.25353000000000003,BHS,FRA,610459
7134210,30,77,7680,1998,0.0,13759.0,0.900948,-0.340868,BMU,FRA,610459
7134211,32,77,7680,1998,1571.0,2397.0,0.768101,1.04589,BRA,FRA,610459
7134212,39,77,7680,1998,0.0,18954.0,1.077343,1.119161,CAN,FRA,610459
7134213,41,77,7680,1998,6480.0,233509.0,2.252965,0.561806,CHE,FRA,610459
7134214,42,77,7680,1998,0.0,16148.0,0.029706,-0.061149,CHL,FRA,610459
7134215,43,77,7680,1998,70811.0,2941.0,0.3658,3.231258,CHN,FRA,610459
7134216,44,77,7680,1998,0.0,2886.0,-0.75115,-0.753865,CIV,FRA,610459
7134217,50,77,7680,1998,0.0,1009.0,0.242641,-0.6324069999999999,COM,FRA,610459
7134218,58,77,7680,1998,0.0,20795.0,0.45990600000000004,0.41840299999999997,CYP,FRA,610459
7134219,59,77,7680,1998,7561.0,9527.0,1.36345,1.408508,CZE,FRA,610459
7134220,61,77,7680,1998,348165.0,5307916.0,2.334028,-2.417278,DEU,FRA,610459
7134221,64,77,7680,1998,6556.0,135005.0,1.225999,1.470145,DNK,FRA,610459
7134222,68,77,7680,1998,0.0,1045.0,-0.462755,0.079802,EGY,FRA,610459
7134223,71,77,7680,1998,225983.0,1235733.0,1.051392,1.983438,ESP,FRA,610459
7134224,72,77,7680,1998,2995.0,0.0,0.53408,1.07691,EST,FRA,610459
7134225,74,77,7680,1998,0.0,32186.0,2.003987,0.995725,FIN,FRA,610459
7134226,78,77,7680,1998,0.0,187.0,-0.6159899999999999,-0.828198,FRO,FRA,610459
7134227,80,77,7680,1998,0.0,20327.0,-1.122225,-1.148066,GAB,FRA,610459
7134228,81,77,7680,1998,429797.0,1242151.0,1.906738,0.489101,GBR,FRA,610459
7134229,90,77,7680,1998,138676.0,117042.0,0.183835,1.1512790000000002,GRC,FRA,610459
7134230,97,77,7680,1998,29892.0,2303.0,0.46966099999999994,2.5744029999999998,HKG,FRA,610459
7134231,102,77,7680,1998,36556.0,13400.0,0.780392,1.450701,HUN,FRA,610459
7134232,103,77,7680,1998,24514.0,0.0,-0.478253,1.350652,IDN,FRA,610459
7134233,104,77,7680,1998,102996.0,0.0,0.274308,2.316908,IND,FRA,610459
7134234,106,77,7680,1998,3001.0,37880.0,1.451067,0.654442,IRL,FRA,610459
7134235,110,77,7680,1998,17267.0,89614.0,1.2643739999999999,0.958475,ISR,FRA,610459
7134236,111,77,7680,1998,1189958.0,925854.0,1.4532209999999999,1.191124,ITA,FRA,610459
7134237,114,77,7680,1998,5502.0,45645.0,2.550442,0.718063,JPN,FRA,610459
7134238,116,77,7680,1998,0.0,825.0,-0.434978,0.10193300000000001,KEN,FRA,610459
7134239,121,77,7680,1998,1926.0,3449.0,0.999518,1.106351,KOR,FRA,610459
7134240,122,77,7680,1998,0.0,7016.0,0.037029,-1.054761,KWT,FRA,610459
7134241,124,77,7680,1998,0.0,25780.0,0.23803200000000002,0.9927860000000001,LBN,FRA,610459
7134242,130,77,7680,1998,11436.0,1891.0,0.27073,0.692656,LTU,FRA,610459
7134243,132,77,7680,1998,1856.0,0.0,0.322473,0.388421,LVA,FRA,610459
7134244,133,77,7680,1998,60767.0,8826.0,-0.21838000000000002,-0.370322,MAC,FRA,610459
7134245,134,77,7680,1998,356041.0,7935.0,-0.7299479999999999,-0.23758200000000002,MAR,FRA,610459
7134246,138,77,7680,1998,0.0,4921.0,0.525671,0.880649,MEX,FRA,610459
7134247,142,77,7680,1998,0.0,2492.0,0.919593,-0.071451,MLT,FRA,610459
7134248,151,77,7680,1998,2758.0,0.0,-0.621599,-0.755795,MUS,FRA,610459
7134249,153,77,7680,1998,64464.0,33572.0,0.396826,0.203792,MYS,FRA,610459
7134250,156,77,7680,1998,0.0,75205.0,-0.846726,-0.879084,NCL,FRA,610459
7134251,162,77,7680,1998,50874.0,392555.0,1.248469,1.683182,NLD,FRA,610459
7134252,163,77,7680,1998,0.0,73712.0,1.1660190000000001,0.43901899999999994,NOR,FRA,610459
7134253,173,77,7680,1998,0.0,4916.0,-0.35875300000000004,0.042606,PER,FRA,610459
7134254,174,77,7680,1998,0.0,3312.0,-0.262725,-0.075781,PHL,FRA,610459
7134255,177,77,7680,1998,91432.0,87714.0,0.8638309999999999,1.8881299999999999,POL,FRA,610459
7134256,179,77,7680,1998,325201.0,475913.0,0.39771999999999996,1.303603,PRT,FRA,610459
7134257,182,77,7680,1998,0.0,3964.0,0.422645,-0.607595,PYF,FRA,610459
7134258,183,77,7680,1998,0.0,3400.0,-1.047819,-1.226928,QAT,FRA,610459
7134259,185,77,7680,1998,17956.0,0.0,0.315392,0.961176,ROU,FRA,610459
7134260,186,77,7680,1998,2041.0,42208.0,0.93909,0.59719,RUS,FRA,610459
7134261,188,77,7680,1998,0.0,22443.0,0.521849,-0.7550899999999999,SAU,FRA,610459
7134262,192,77,7680,1998,6973.0,12683.0,1.0029709999999998,0.506545,SGP,FRA,610459
7134263,206,77,7680,1998,4286.0,1745.0,1.202453,1.228204,SVK,FRA,610459
7134264,207,77,7680,1998,1480.0,0.0,1.442955,1.27214,SVN,FRA,610459
7134265,208,77,7680,1998,0.0,187150.0,2.134076,0.9259729999999999,SWE,FRA,610459
7134266,211,77,7680,1998,0.0,3097.0,0.265625,-0.590012,SYC,FRA,610459
7134267,215,77,7680,1998,0.0,3285.0,-0.8338540000000001,-0.8437020000000001,TGO,FRA,610459
7134268,216,77,7680,1998,1683.0,2967.0,0.128633,1.484142,THA,FRA,610459
7134269,223,77,7680,1998,143183.0,159890.0,-0.21677,-0.08694299999999999,TUN,FRA,610459
7134270,224,77,7680,1998,210831.0,11894.0,0.085286,1.653589,TUR,FRA,610459
7134271,230,77,7680,1998,0.0,1243.0,0.323022,0.293694,URY,FRA,610459
7134272,231,77,7680,1998,5845.0,26620.0,1.8223639999999999,0.761336,USA,FRA,610459
7134273,234,77,7680,1998,1161.0,0.0,0.22166,-0.331633,VCT,FRA,610459
7134274,236,77,7680,1998,8201.0,0.0,0.288717,-0.540639,VEN,FRA,610459
7134275,246,77,7680,1998,0.0,4746.0,0.573958,1.3813739999999999,ZAF,FRA,610459
7134276,249,77,7680,1998,0.0,1179.0,1.224725,1.890322,TWN,FRA,610459
7134277,250,77,7680,1998,235275.0,0.0,1.144164,1.187425,ANS,FRA,610459
7134278,7,81,7680,1998,74002.0,175083.0,-0.274973,-0.481405,ARE,GBR,610459
7134279,14,81,7680,1998,1710.0,5494.0,0.375317,0.8864629999999999,AUS,GBR,610459
7134280,15,81,7680,1998,0.0,31220.0,1.891966,0.508137,AUT,GBR,610459
7134281,18,81,7680,1998,33560.0,211538.0,1.4740739999999999,1.2530430000000001,BEL,GBR,610459
7134282,22,81,7680,1998,27733.0,0.0,-1.130729,-1.001385,BGD,GBR,610459
7134283,23,81,7680,1998,3879.0,0.0,0.382782,1.5844479999999999,BGR,GBR,610459
7134284,24,81,7680,1998,0.0,21296.0,-0.044219,-0.859931,BHR,GBR,610459
7134285,30,81,7680,1998,0.0,7603.0,0.900948,-0.340868,BMU,GBR,610459
7134286,34,81,7680,1998,0.0,1492.0,-0.445218,-0.833083,BRN,GBR,610459
7134287,39,81,7680,1998,2078303.0,161487.0,1.077343,1.119161,CAN,GBR,610459
7134288,41,81,7680,1998,7612.0,56408.0,2.252965,0.561806,CHE,GBR,610459
7134289,43,81,7680,1998,54378.0,0.0,0.3658,3.231258,CHN,GBR,610459
7134290,58,81,7680,1998,81597.0,45719.0,0.45990600000000004,0.41840299999999997,CYP,GBR,610459
7134291,59,81,7680,1998,3218.0,42655.0,1.36345,1.408508,CZE,GBR,610459
7134292,61,81,7680,1998,635484.0,887420.0,2.334028,-2.417278,DEU,GBR,610459
7134293,64,81,7680,1998,100969.0,551534.0,1.225999,1.470145,DNK,GBR,610459
7134294,71,81,7680,1998,35690.0,235600.0,1.051392,1.983438,ESP,GBR,610459
7134295,74,81,7680,1998,9079.0,12023.0,2.003987,0.995725,FIN,GBR,610459
7134296,77,81,7680,1998,1242151.0,429797.0,1.707702,0.7784270000000001,FRA,GBR,610459
7134297,84,81,7680,1998,0.0,21352.0,0.6941689999999999,-0.21656,GIB,GBR,610459
7134298,90,81,7680,1998,70831.0,144434.0,0.183835,1.1512790000000002,GRC,GBR,610459
7134299,97,81,7680,1998,1045233.0,56614.0,0.46966099999999994,2.5744029999999998,HKG,GBR,610459
7134300,102,81,7680,1998,0.0,13433.0,0.780392,1.450701,HUN,GBR,610459
7134301,103,81,7680,1998,38422.0,858.0,-0.478253,1.350652,IDN,GBR,610459
7134302,104,81,7680,1998,89330.0,0.0,0.274308,2.316908,IND,GBR,610459
7134303,106,81,7680,1998,294500.0,884186.0,1.451067,0.654442,IRL,GBR,610459
7134304,109,81,7680,1998,0.0,25202.0,0.18141300000000002,-0.47993500000000006,ISL,GBR,610459
7134305,110,81,7680,1998,0.0,49748.0,1.2643739999999999,0.958475,ISR,GBR,610459
7134306,111,81,7680,1998,505069.0,4366.0,1.4532209999999999,1.191124,ITA,GBR,610459
7134307,114,81,7680,1998,0.0,121071.0,2.550442,0.718063,JPN,GBR,610459
7134308,116,81,7680,1998,0.0,23584.0,-0.434978,0.10193300000000001,KEN,GBR,610459
7134309,121,81,7680,1998,11239.0,4503.0,0.999518,1.106351,KOR,GBR,610459
7134310,122,81,7680,1998,0.0,179330.0,0.037029,-1.054761,KWT,GBR,610459
7134311,124,81,7680,1998,0.0,27180.0,0.23803200000000002,0.9927860000000001,LBN,GBR,610459
7134312,128,81,7680,1998,50435.0,0.0,-0.933293,-0.233566,LKA,GBR,610459
7134313,130,81,7680,1998,64419.0,4744.0,0.27073,0.692656,LTU,GBR,610459
7134314,132,81,7680,1998,0.0,4391.0,0.322473,0.388421,LVA,GBR,610459
7134315,133,81,7680,1998,30979.0,0.0,-0.21838000000000002,-0.370322,MAC,GBR,610459
7134316,134,81,7680,1998,79052.0,3803.0,-0.7299479999999999,-0.23758200000000002,MAR,GBR,610459
7134317,141,81,7680,1998,0.0,886.0,-0.8910049999999999,-0.9654870000000001,MLI,GBR,610459
7134318,142,81,7680,1998,0.0,14804.0,0.919593,-0.071451,MLT,GBR,610459
7134319,145,81,7680,1998,0.0,668.0,-0.605635,-0.9181520000000001,MNG,GBR,610459
7134320,153,81,7680,1998,4835.0,2160.0,0.396826,0.203792,MYS,GBR,610459
7134321,159,81,7680,1998,0.0,1099.0,-1.484229,-1.144092,NGA,GBR,610459
7134322,162,81,7680,1998,31150.0,237309.0,1.248469,1.683182,NLD,GBR,610459
7134323,163,81,7680,1998,0.0,48388.0,1.1660190000000001,0.43901899999999994,NOR,GBR,610459
7134324,174,81,7680,1998,0.0,14677.0,-0.262725,-0.075781,PHL,GBR,610459
7134325,177,81,7680,1998,0.0,1357.0,0.8638309999999999,1.8881299999999999,POL,GBR,610459
7134326,179,81,7680,1998,154504.0,82301.0,0.39771999999999996,1.303603,PRT,GBR,610459
7134327,183,81,7680,1998,0.0,23386.0,-1.047819,-1.226928,QAT,GBR,610459
7134328,185,81,7680,1998,5277.0,0.0,0.315392,0.961176,ROU,GBR,610459
7134329,186,81,7680,1998,0.0,31885.0,0.93909,0.59719,RUS,GBR,610459
7134330,188,81,7680,1998,0.0,117687.0,0.521849,-0.7550899999999999,SAU,GBR,610459
7134331,192,81,7680,1998,19861.0,56833.0,1.0029709999999998,0.506545,SGP,GBR,610459
7134332,206,81,7680,1998,0.0,12177.0,1.202453,1.228204,SVK,GBR,610459
7134333,208,81,7680,1998,82092.0,113867.0,2.134076,0.9259729999999999,SWE,GBR,610459
7134334,211,81,7680,1998,0.0,1011.0,0.265625,-0.590012,SYC,GBR,610459
7134335,216,81,7680,1998,7231.0,12406.0,0.128633,1.484142,THA,GBR,610459
7134336,223,81,7680,1998,0.0,1943.0,-0.21677,-0.08694299999999999,TUN,GBR,610459
7134337,224,81,7680,1998,379200.0,34958.0,0.085286,1.653589,TUR,GBR,610459
7134338,227,81,7680,1998,0.0,8284.0,-0.996762,-1.01326,UGA,GBR,610459
7134339,231,81,7680,1998,42260.0,65234.0,1.8223639999999999,0.761336,USA,GBR,610459
7134340,239,81,7680,1998,7514.0,0.0,-0.9395469999999999,0.060697,VNM,GBR,610459
7134341,246,81,7680,1998,0.0,18075.0,0.573958,1.3813739999999999,ZAF,GBR,610459
7134342,247,81,7680,1998,0.0,669.0,-0.383126,-0.501498,ZMB,GBR,610459
7134343,249,81,7680,1998,7647.0,3897.0,1.224725,1.890322,TWN,GBR,610459
7134344,15,90,7680,1998,0.0,21369.0,1.891966,0.508137,AUT,GRC,610459
7134345,18,90,7680,1998,1316.0,1144.0,1.4740739999999999,1.2530430000000001,BEL,GRC,610459
7134346,23,90,7680,1998,90238.0,74130.0,0.382782,1.5844479999999999,BGR,GRC,610459
7134347,39,90,7680,1998,0.0,4532.0,1.077343,1.119161,CAN,GRC,610459
7134348,41,90,7680,1998,1000.0,27685.0,2.252965,0.561806,CHE,GRC,610459
7134349,43,90,7680,1998,3513.0,0.0,0.3658,3.231258,CHN,GRC,610459
7134350,58,90,7680,1998,0.0,8742.0,0.45990600000000004,0.41840299999999997,CYP,GRC,610459
7134351,61,90,7680,1998,89233.0,1773355.0,2.334028,-2.417278,DEU,GRC,610459
7134352,64,90,7680,1998,4053.0,17084.0,1.225999,1.470145,DNK,GRC,610459
7134353,71,90,7680,1998,25773.0,0.0,1.051392,1.983438,ESP,GRC,610459
7134354,74,90,7680,1998,0.0,29601.0,2.003987,0.995725,FIN,GRC,610459
7134355,77,90,7680,1998,117042.0,138676.0,1.707702,0.7784270000000001,FRA,GRC,610459
7134356,81,90,7680,1998,144434.0,70831.0,1.906738,0.489101,GBR,GRC,610459
7134357,106,90,7680,1998,0.0,13583.0,1.451067,0.654442,IRL,GRC,610459
7134358,109,90,7680,1998,0.0,813.0,0.18141300000000002,-0.47993500000000006,ISL,GRC,610459
7134359,110,90,7680,1998,0.0,22229.0,1.2643739999999999,0.958475,ISR,GRC,610459
7134360,111,90,7680,1998,242480.0,6255.0,1.4532209999999999,1.191124,ITA,GRC,610459
7134361,114,90,7680,1998,0.0,5420.0,2.550442,0.718063,JPN,GRC,610459
7134362,121,90,7680,1998,2336.0,0.0,0.999518,1.106351,KOR,GRC,610459
7134363,140,90,7680,1998,2146.0,0.0,0.102559,0.591468,MKD,GRC,610459
7134364,142,90,7680,1998,0.0,2960.0,0.919593,-0.071451,MLT,GRC,610459
7134365,162,90,7680,1998,2322.0,25496.0,1.248469,1.683182,NLD,GRC,610459
7134366,163,90,7680,1998,0.0,79092.0,1.1660190000000001,0.43901899999999994,NOR,GRC,610459
7134367,189,90,7680,1998,15324.0,0.0,0.603733,1.535453,SCG,GRC,610459
7134368,206,90,7680,1998,0.0,965.0,1.202453,1.228204,SVK,GRC,610459
7134369,207,90,7680,1998,0.0,1132.0,1.442955,1.27214,SVN,GRC,610459
7134370,208,90,7680,1998,0.0,81452.0,2.134076,0.9259729999999999,SWE,GRC,610459
7134371,224,90,7680,1998,3547.0,0.0,0.085286,1.653589,TUR,GRC,610459
7134372,231,90,7680,1998,11380.0,24556.0,1.8223639999999999,0.761336,USA,GRC,610459
7134373,97,93,7680,1998,1190.0,0.0,0.46966099999999994,2.5744029999999998,HKG,GTM,610459
7134374,99,93,7680,1998,3262.0,0.0,-0.9326049999999999,-0.598527,HND,GTM,610459
7134375,121,93,7680,1998,6726.0,0.0,0.999518,1.106351,KOR,GTM,610459
7134376,169,93,7680,1998,25726.0,0.0,0.010123,0.5677949999999999,PAN,GTM,610459
7134377,197,93,7680,1998,10172.0,0.0,-0.202965,-0.000499,SLV,GTM,610459
7134378,231,93,7680,1998,56084.0,0.0,1.8223639999999999,0.761336,USA,GTM,610459
7134379,7,97,7680,1998,0.0,6319.0,-0.274973,-0.481405,ARE,HKG,610459
7134380,8,97,7680,1998,0.0,34494.0,0.272015,0.45031099999999996,ARG,HKG,610459
7134381,14,97,7680,1998,20022.0,58359.0,0.375317,0.8864629999999999,AUS,HKG,610459
7134382,15,97,7680,1998,0.0,19484.0,1.891966,0.508137,AUT,HKG,610459
7134383,18,97,7680,1998,0.0,9261.0,1.4740739999999999,1.2530430000000001,BEL,HKG,610459
7134384,19,97,7680,1998,0.0,1586.0,-0.8198,-0.8584780000000001,BEN,HKG,610459
7134385,32,97,7680,1998,0.0,2544.0,0.768101,1.04589,BRA,HKG,610459
7134386,34,97,7680,1998,0.0,461.0,-0.445218,-0.833083,BRN,HKG,610459
7134387,39,97,7680,1998,0.0,133735.0,1.077343,1.119161,CAN,HKG,610459
7134388,41,97,7680,1998,2167.0,52434.0,2.252965,0.561806,CHE,HKG,610459
7134389,43,97,7680,1998,8050050.0,181010.0,0.3658,3.231258,CHN,HKG,610459
7134390,49,97,7680,1998,0.0,7501.0,0.205004,0.13985899999999998,COL,HKG,610459
7134391,58,97,7680,1998,0.0,4358.0,0.45990600000000004,0.41840299999999997,CYP,HKG,610459
7134392,61,97,7680,1998,31023.0,400381.0,2.334028,-2.417278,DEU,HKG,610459
7134393,64,97,7680,1998,0.0,23288.0,1.225999,1.470145,DNK,HKG,610459
7134394,71,97,7680,1998,6702.0,10778.0,1.051392,1.983438,ESP,HKG,610459
7134395,74,97,7680,1998,0.0,23776.0,2.003987,0.995725,FIN,HKG,610459
7134396,77,97,7680,1998,2303.0,29892.0,1.707702,0.7784270000000001,FRA,HKG,610459
7134397,81,97,7680,1998,56614.0,1045233.0,1.906738,0.489101,GBR,HKG,610459
7134398,83,97,7680,1998,0.0,19066.0,-1.215123,-1.0427620000000002,GHA,HKG,610459
7134399,93,97,7680,1998,0.0,1190.0,-0.344999,0.155524,GTM,HKG,610459
7134400,103,97,7680,1998,0.0,2947.0,-0.478253,1.350652,IDN,HKG,610459
7134401,104,97,7680,1998,6470.0,0.0,0.274308,2.316908,IND,HKG,610459
7134402,106,97,7680,1998,0.0,20336.0,1.451067,0.654442,IRL,HKG,610459
7134403,109,97,7680,1998,0.0,1245.0,0.18141300000000002,-0.47993500000000006,ISL,HKG,610459
7134404,110,97,7680,1998,0.0,4806.0,1.2643739999999999,0.958475,ISR,HKG,610459
7134405,111,97,7680,1998,140114.0,7866.0,1.4532209999999999,1.191124,ITA,HKG,610459
7134406,114,97,7680,1998,18052.0,162869.0,2.550442,0.718063,JPN,HKG,610459
7134407,116,97,7680,1998,0.0,7052.0,-0.434978,0.10193300000000001,KEN,HKG,610459
7134408,119,97,7680,1998,0.0,2352.0,-0.8943610000000001,-0.89439,KIR,HKG,610459
7134409,121,97,7680,1998,21656.0,5465.0,0.999518,1.106351,KOR,HKG,610459
7134410,122,97,7680,1998,0.0,2779.0,0.037029,-1.054761,KWT,HKG,610459
7134411,124,97,7680,1998,0.0,1042.0,0.23803200000000002,0.9927860000000001,LBN,HKG,610459
7134412,132,97,7680,1998,0.0,1383.0,0.322473,0.388421,LVA,HKG,610459
7134413,133,97,7680,1998,4353.0,1642.0,-0.21838000000000002,-0.370322,MAC,HKG,610459
7134414,142,97,7680,1998,0.0,3065.0,0.919593,-0.071451,MLT,HKG,610459
7134415,153,97,7680,1998,0.0,98367.0,0.396826,0.203792,MYS,HKG,610459
7134416,162,97,7680,1998,759.0,144911.0,1.248469,1.683182,NLD,HKG,610459
7134417,163,97,7680,1998,0.0,103957.0,1.1660190000000001,0.43901899999999994,NOR,HKG,610459
7134418,166,97,7680,1998,1019.0,11804.0,0.5690529999999999,0.7752060000000001,NZL,HKG,610459
7134419,174,97,7680,1998,0.0,12359.0,-0.262725,-0.075781,PHL,HKG,610459
7134420,176,97,7680,1998,0.0,2067.0,-2.060952,-1.237969,PNG,HKG,610459
7134421,177,97,7680,1998,0.0,822.0,0.8638309999999999,1.8881299999999999,POL,HKG,610459
7134422,179,97,7680,1998,2444.0,1008.0,0.39771999999999996,1.303603,PRT,HKG,610459
7134423,186,97,7680,1998,0.0,17039.0,0.93909,0.59719,RUS,HKG,610459
7134424,188,97,7680,1998,0.0,17610.0,0.521849,-0.7550899999999999,SAU,HKG,610459
7134425,192,97,7680,1998,9436.0,195750.0,1.0029709999999998,0.506545,SGP,HKG,610459
7134426,208,97,7680,1998,0.0,73061.0,2.134076,0.9259729999999999,SWE,HKG,610459
7134427,216,97,7680,1998,1352.0,20817.0,0.128633,1.484142,THA,HKG,610459
7134428,227,97,7680,1998,0.0,12673.0,-0.996762,-1.01326,UGA,HKG,610459
7134429,230,97,7680,1998,0.0,5060.0,0.323022,0.293694,URY,HKG,610459
7134430,231,97,7680,1998,63651.0,3025609.0,1.8223639999999999,0.761336,USA,HKG,610459
7134431,236,97,7680,1998,0.0,9090.0,0.288717,-0.540639,VEN,HKG,610459
7134432,246,97,7680,1998,0.0,3283.0,0.573958,1.3813739999999999,ZAF,HKG,610459
7134433,249,97,7680,1998,120964.0,521679.0,1.224725,1.890322,TWN,HKG,610459
7134434,250,97,7680,1998,0.0,1522.0,1.144164,1.187425,ANS,HKG,610459
7134435,93,99,7680,1998,0.0,3262.0,-0.344999,0.155524,GTM,HND,610459
7134436,169,99,7680,1998,2113.0,0.0,0.010123,0.5677949999999999,PAN,HND,610459
7134437,197,99,7680,1998,0.0,4567.0,-0.202965,-0.000499,SLV,HND,610459
7134438,231,99,7680,1998,0.0,9653.0,1.8223639999999999,0.761336,USA,HND,610459
7134439,14,103,7680,1998,0.0,6677.0,0.375317,0.8864629999999999,AUS,IDN,610459
7134440,15,103,7680,1998,0.0,647.0,1.891966,0.508137,AUT,IDN,610459
7134441,19,103,7680,1998,0.0,6199.0,-0.8198,-0.8584780000000001,BEN,IDN,610459
7134442,32,103,7680,1998,0.0,169359.0,0.768101,1.04589,BRA,IDN,610459
7134443,34,103,7680,1998,0.0,44010.0,-0.445218,-0.833083,BRN,IDN,610459
7134444,39,103,7680,1998,0.0,2301.0,1.077343,1.119161,CAN,IDN,610459
7134445,41,103,7680,1998,0.0,6704.0,2.252965,0.561806,CHE,IDN,610459
7134446,42,103,7680,1998,0.0,9325.0,0.029706,-0.061149,CHL,IDN,610459
7134447,45,103,7680,1998,0.0,4028.0,-1.8845029999999998,-1.250205,CMR,IDN,610459
7134448,61,103,7680,1998,0.0,31381.0,2.334028,-2.417278,DEU,IDN,610459
7134449,64,103,7680,1998,0.0,15926.0,1.225999,1.470145,DNK,IDN,610459
7134450,71,103,7680,1998,0.0,24373.0,1.051392,1.983438,ESP,IDN,610459
7134451,73,103,7680,1998,0.0,2115.0,-1.279819,-1.158182,ETH,IDN,610459
7134452,77,103,7680,1998,0.0,24514.0,1.707702,0.7784270000000001,FRA,IDN,610459
7134453,81,103,7680,1998,858.0,38422.0,1.906738,0.489101,GBR,IDN,610459
7134454,83,103,7680,1998,0.0,6482.0,-1.215123,-1.0427620000000002,GHA,IDN,610459
7134455,97,103,7680,1998,2947.0,0.0,0.46966099999999994,2.5744029999999998,HKG,IDN,610459
7134456,109,103,7680,1998,0.0,540.0,0.18141300000000002,-0.47993500000000006,ISL,IDN,610459
7134457,111,103,7680,1998,0.0,29867.0,1.4532209999999999,1.191124,ITA,IDN,610459
7134458,114,103,7680,1998,0.0,6403.0,2.550442,0.718063,JPN,IDN,610459
7134459,132,103,7680,1998,0.0,1026.0,0.322473,0.388421,LVA,IDN,610459
7134460,137,103,7680,1998,0.0,3537.0,-1.4121629999999998,-1.084394,MDV,IDN,610459
7134461,151,103,7680,1998,0.0,28298.0,-0.621599,-0.755795,MUS,IDN,610459
7134462,153,103,7680,1998,0.0,1827.0,0.396826,0.203792,MYS,IDN,610459
7134463,162,103,7680,1998,0.0,27579.0,1.248469,1.683182,NLD,IDN,610459
7134464,163,103,7680,1998,0.0,3613.0,1.1660190000000001,0.43901899999999994,NOR,IDN,610459
7134465,169,103,7680,1998,0.0,43009.0,0.010123,0.5677949999999999,PAN,IDN,610459
7134466,173,103,7680,1998,0.0,3220.0,-0.35875300000000004,0.042606,PER,IDN,610459
7134467,174,103,7680,1998,0.0,43340.0,-0.262725,-0.075781,PHL,IDN,610459
7134468,176,103,7680,1998,0.0,8938.0,-2.060952,-1.237969,PNG,IDN,610459
7134469,188,103,7680,1998,0.0,36758.0,0.521849,-0.7550899999999999,SAU,IDN,610459
7134470,192,103,7680,1998,0.0,3448.0,1.0029709999999998,0.506545,SGP,IDN,610459
7134471,211,103,7680,1998,0.0,2945.0,0.265625,-0.590012,SYC,IDN,610459
7134472,212,103,7680,1998,0.0,64213.0,-0.807312,-0.626358,SYR,IDN,610459
7134473,224,103,7680,1998,0.0,8924.0,0.085286,1.653589,TUR,IDN,610459
7134474,227,103,7680,1998,0.0,1817.0,-0.996762,-1.01326,UGA,IDN,610459
7134475,231,103,7680,1998,0.0,119232.0,1.8223639999999999,0.761336,USA,IDN,610459
7134476,246,103,7680,1998,0.0,1243.0,0.573958,1.3813739999999999,ZAF,IDN,610459
7134477,15,106,7680,1998,0.0,2076.0,1.891966,0.508137,AUT,IRL,610459
7134478,18,106,7680,1998,1210.0,0.0,1.4740739999999999,1.2530430000000001,BEL,IRL,610459
7134479,39,106,7680,1998,4697.0,0.0,1.077343,1.119161,CAN,IRL,610459
7134480,41,106,7680,1998,12384.0,0.0,2.252965,0.561806,CHE,IRL,610459
7134481,43,106,7680,1998,21583.0,0.0,0.3658,3.231258,CHN,IRL,610459
7134482,58,106,7680,1998,4687.0,0.0,0.45990600000000004,0.41840299999999997,CYP,IRL,610459
7134483,61,106,7680,1998,78004.0,0.0,2.334028,-2.417278,DEU,IRL,610459
7134484,64,106,7680,1998,30725.0,0.0,1.225999,1.470145,DNK,IRL,610459
7134485,71,106,7680,1998,4608.0,0.0,1.051392,1.983438,ESP,IRL,610459
7134486,74,106,7680,1998,1668.0,0.0,2.003987,0.995725,FIN,IRL,610459
7134487,77,106,7680,1998,37880.0,3001.0,1.707702,0.7784270000000001,FRA,IRL,610459
7134488,81,106,7680,1998,884186.0,294500.0,1.906738,0.489101,GBR,IRL,610459
7134489,90,106,7680,1998,13583.0,0.0,0.183835,1.1512790000000002,GRC,IRL,610459
7134490,97,106,7680,1998,20336.0,0.0,0.46966099999999994,2.5744029999999998,HKG,IRL,610459
7134491,104,106,7680,1998,2628.0,0.0,0.274308,2.316908,IND,IRL,610459
7134492,109,106,7680,1998,0.0,43306.0,0.18141300000000002,-0.47993500000000006,ISL,IRL,610459
7134493,111,106,7680,1998,25004.0,0.0,1.4532209999999999,1.191124,ITA,IRL,610459
7134494,130,106,7680,1998,413.0,0.0,0.27073,0.692656,LTU,IRL,610459
7134495,133,106,7680,1998,43798.0,0.0,-0.21838000000000002,-0.370322,MAC,IRL,610459
7134496,134,106,7680,1998,1072.0,0.0,-0.7299479999999999,-0.23758200000000002,MAR,IRL,610459
7134497,153,106,7680,1998,11334.0,0.0,0.396826,0.203792,MYS,IRL,610459
7134498,162,106,7680,1998,5763.0,0.0,1.248469,1.683182,NLD,IRL,610459
7134499,177,106,7680,1998,842.0,0.0,0.8638309999999999,1.8881299999999999,POL,IRL,610459
7134500,179,106,7680,1998,24989.0,0.0,0.39771999999999996,1.303603,PRT,IRL,610459
7134501,185,106,7680,1998,2962.0,0.0,0.315392,0.961176,ROU,IRL,610459
7134502,188,106,7680,1998,0.0,6131.0,0.521849,-0.7550899999999999,SAU,IRL,610459
7134503,192,106,7680,1998,31831.0,0.0,1.0029709999999998,0.506545,SGP,IRL,610459
7134504,208,106,7680,1998,3198.0,0.0,2.134076,0.9259729999999999,SWE,IRL,610459
7134505,223,106,7680,1998,1217.0,0.0,-0.21677,-0.08694299999999999,TUN,IRL,610459
7134506,224,106,7680,1998,1400.0,0.0,0.085286,1.653589,TUR,IRL,610459
7134507,231,106,7680,1998,1990.0,31294.0,1.8223639999999999,0.761336,USA,IRL,610459
7134508,250,106,7680,1998,1102.0,0.0,1.144164,1.187425,ANS,IRL,610459
7134509,8,110,7680,1998,0.0,2188.0,0.272015,0.45031099999999996,ARG,ISR,610459
7134510,15,110,7680,1998,0.0,3005.0,1.891966,0.508137,AUT,ISR,610459
7134511,39,110,7680,1998,0.0,8628.0,1.077343,1.119161,CAN,ISR,610459
7134512,61,110,7680,1998,14837.0,13378.0,2.334028,-2.417278,DEU,ISR,610459
7134513,71,110,7680,1998,2621.0,3958.0,1.051392,1.983438,ESP,ISR,610459
7134514,77,110,7680,1998,89614.0,17267.0,1.707702,0.7784270000000001,FRA,ISR,610459
7134515,81,110,7680,1998,49748.0,0.0,1.906738,0.489101,GBR,ISR,610459
7134516,90,110,7680,1998,22229.0,0.0,0.183835,1.1512790000000002,GRC,ISR,610459
7134517,97,110,7680,1998,4806.0,0.0,0.46966099999999994,2.5744029999999998,HKG,ISR,610459
7134518,104,110,7680,1998,3107.0,0.0,0.274308,2.316908,IND,ISR,610459
7134519,111,110,7680,1998,8919.0,0.0,1.4532209999999999,1.191124,ITA,ISR,610459
7134520,114,110,7680,1998,0.0,4734.0,2.550442,0.718063,JPN,ISR,610459
7134521,162,110,7680,1998,0.0,8828.0,1.248469,1.683182,NLD,ISR,610459
7134522,163,110,7680,1998,0.0,1041.0,1.1660190000000001,0.43901899999999994,NOR,ISR,610459
7134523,185,110,7680,1998,0.0,733.0,0.315392,0.961176,ROU,ISR,610459
7134524,231,110,7680,1998,36319.0,873217.0,1.8223639999999999,0.761336,USA,ISR,610459
7134525,236,110,7680,1998,0.0,1328.0,0.288717,-0.540639,VEN,ISR,610459
7134526,246,110,7680,1998,0.0,10115.0,0.573958,1.3813739999999999,ZAF,ISR,610459
7134527,4,111,7680,1998,28847.0,0.0,-0.37657399999999996,-0.201006,ALB,ITA,610459
7134528,7,111,7680,1998,0.0,50265.0,-0.274973,-0.481405,ARE,ITA,610459
7134529,8,111,7680,1998,0.0,4009.0,0.272015,0.45031099999999996,ARG,ITA,610459
7134530,14,111,7680,1998,0.0,4761.0,0.375317,0.8864629999999999,AUS,ITA,610459
7134531,15,111,7680,1998,3886.0,197565.0,1.891966,0.508137,AUT,ITA,610459
7134532,18,111,7680,1998,16015.0,468258.0,1.4740739999999999,1.2530430000000001,BEL,ITA,610459
7134533,23,111,7680,1998,0.0,12783.0,0.382782,1.5844479999999999,BGR,ITA,610459
7134534,26,111,7680,1998,0.0,11154.0,0.290661,0.18068299999999998,BIH,ITA,610459
7134535,28,111,7680,1998,0.0,30140.0,0.9122049999999999,1.161741,BLR,ITA,610459
7134536,32,111,7680,1998,0.0,13217.0,0.768101,1.04589,BRA,ITA,610459
7134537,39,111,7680,1998,0.0,3689.0,1.077343,1.119161,CAN,ITA,610459
7134538,41,111,7680,1998,8771.0,203338.0,2.252965,0.561806,CHE,ITA,610459
7134539,42,111,7680,1998,0.0,15096.0,0.029706,-0.061149,CHL,ITA,610459
7134540,43,111,7680,1998,80230.0,7565.0,0.3658,3.231258,CHN,ITA,610459
7134541,49,111,7680,1998,0.0,1178.0,0.205004,0.13985899999999998,COL,ITA,610459
7134542,58,111,7680,1998,0.0,4866.0,0.45990600000000004,0.41840299999999997,CYP,ITA,610459
7134543,59,111,7680,1998,18618.0,12081.0,1.36345,1.408508,CZE,ITA,610459
7134544,61,111,7680,1998,112615.0,2875726.0,2.334028,-2.417278,DEU,ITA,610459
7134545,64,111,7680,1998,4823.0,74809.0,1.225999,1.470145,DNK,ITA,610459
7134546,67,111,7680,1998,0.0,4876.0,-0.990915,-0.9670860000000001,ECU,ITA,610459
7134547,71,111,7680,1998,67478.0,332676.0,1.051392,1.983438,ESP,ITA,610459
7134548,72,111,7680,1998,0.0,1322.0,0.53408,1.07691,EST,ITA,610459
7134549,74,111,7680,1998,0.0,53246.0,2.003987,0.995725,FIN,ITA,610459
7134550,77,111,7680,1998,925854.0,1189958.0,1.707702,0.7784270000000001,FRA,ITA,610459
7134551,81,111,7680,1998,4366.0,505069.0,1.906738,0.489101,GBR,ITA,610459
7134552,90,111,7680,1998,6255.0,242480.0,0.183835,1.1512790000000002,GRC,ITA,610459
7134553,97,111,7680,1998,7866.0,140114.0,0.46966099999999994,2.5744029999999998,HKG,ITA,610459
7134554,100,111,7680,1998,0.0,5711.0,0.692779,0.9919530000000001,HRV,ITA,610459
7134555,102,111,7680,1998,216764.0,3938.0,0.780392,1.450701,HUN,ITA,610459
7134556,103,111,7680,1998,29867.0,0.0,-0.478253,1.350652,IDN,ITA,610459
7134557,104,111,7680,1998,67484.0,0.0,0.274308,2.316908,IND,ITA,610459
7134558,106,111,7680,1998,0.0,25004.0,1.451067,0.654442,IRL,ITA,610459
7134559,110,111,7680,1998,0.0,8919.0,1.2643739999999999,0.958475,ISR,ITA,610459
7134560,114,111,7680,1998,0.0,236878.0,2.550442,0.718063,JPN,ITA,610459
7134561,121,111,7680,1998,0.0,13691.0,0.999518,1.106351,KOR,ITA,610459
7134562,122,111,7680,1998,0.0,4426.0,0.037029,-1.054761,KWT,ITA,610459
7134563,124,111,7680,1998,0.0,4536.0,0.23803200000000002,0.9927860000000001,LBN,ITA,610459
7134564,130,111,7680,1998,0.0,6023.0,0.27073,0.692656,LTU,ITA,610459
7134565,132,111,7680,1998,0.0,7699.0,0.322473,0.388421,LVA,ITA,610459
7134566,133,111,7680,1998,0.0,1415.0,-0.21838000000000002,-0.370322,MAC,ITA,610459
7134567,134,111,7680,1998,54605.0,1393.0,-0.7299479999999999,-0.23758200000000002,MAR,ITA,610459
7134568,137,111,7680,1998,0.0,785.0,-1.4121629999999998,-1.084394,MDV,ITA,610459
7134569,138,111,7680,1998,0.0,36971.0,0.525671,0.880649,MEX,ITA,610459
7134570,142,111,7680,1998,0.0,74808.0,0.919593,-0.071451,MLT,ITA,610459
7134571,151,111,7680,1998,0.0,34972.0,-0.621599,-0.755795,MUS,ITA,610459
7134572,153,111,7680,1998,0.0,54059.0,0.396826,0.203792,MYS,ITA,610459
7134573,162,111,7680,1998,8335.0,218147.0,1.248469,1.683182,NLD,ITA,610459
7134574,163,111,7680,1998,0.0,39457.0,1.1660190000000001,0.43901899999999994,NOR,ITA,610459
7134575,173,111,7680,1998,0.0,1793.0,-0.35875300000000004,0.042606,PER,ITA,610459
7134576,177,111,7680,1998,0.0,44812.0,0.8638309999999999,1.8881299999999999,POL,ITA,610459
7134577,179,111,7680,1998,65153.0,95879.0,0.39771999999999996,1.303603,PRT,ITA,610459
7134578,180,111,7680,1998,0.0,2259.0,-0.204539,-0.766486,PRY,ITA,610459
7134579,185,111,7680,1998,64716.0,26510.0,0.315392,0.961176,ROU,ITA,610459
7134580,186,111,7680,1998,0.0,81674.0,0.93909,0.59719,RUS,ITA,610459
7134581,188,111,7680,1998,0.0,12559.0,0.521849,-0.7550899999999999,SAU,ITA,610459
7134582,189,111,7680,1998,0.0,3567.0,0.603733,1.535453,SCG,ITA,610459
7134583,192,111,7680,1998,0.0,225608.0,1.0029709999999998,0.506545,SGP,ITA,610459
7134584,206,111,7680,1998,12276.0,3547.0,1.202453,1.228204,SVK,ITA,610459
7134585,207,111,7680,1998,0.0,118605.0,1.442955,1.27214,SVN,ITA,610459
7134586,208,111,7680,1998,0.0,87513.0,2.134076,0.9259729999999999,SWE,ITA,610459
7134587,211,111,7680,1998,0.0,1094.0,0.265625,-0.590012,SYC,ITA,610459
7134588,216,111,7680,1998,0.0,2121.0,0.128633,1.484142,THA,ITA,610459
7134589,223,111,7680,1998,237796.0,1029.0,-0.21677,-0.08694299999999999,TUN,ITA,610459
7134590,224,111,7680,1998,37614.0,14269.0,0.085286,1.653589,TUR,ITA,610459
7134591,231,111,7680,1998,2439.0,703290.0,1.8223639999999999,0.761336,USA,ITA,610459
7134592,236,111,7680,1998,0.0,8039.0,0.288717,-0.540639,VEN,ITA,610459
7134593,246,111,7680,1998,0.0,10891.0,0.573958,1.3813739999999999,ZAF,ITA,610459
7134594,249,111,7680,1998,0.0,8946.0,1.224725,1.890322,TWN,ITA,610459
7134595,250,111,7680,1998,0.0,2659.0,1.144164,1.187425,ANS,ITA,610459
7134596,169,112,7680,1998,2927.0,0.0,0.010123,0.5677949999999999,PAN,JAM,610459
7134597,231,112,7680,1998,2629.0,0.0,1.8223639999999999,0.761336,USA,JAM,610459
7134598,7,121,7680,1998,0.0,2533.0,-0.274973,-0.481405,ARE,KOR,610459
7134599,14,121,7680,1998,0.0,5381.0,0.375317,0.8864629999999999,AUS,KOR,610459
7134600,15,121,7680,1998,0.0,20893.0,1.891966,0.508137,AUT,KOR,610459
7134601,18,121,7680,1998,4899.0,0.0,1.4740739999999999,1.2530430000000001,BEL,KOR,610459
7134602,39,121,7680,1998,0.0,29943.0,1.077343,1.119161,CAN,KOR,610459
7134603,41,121,7680,1998,0.0,2999.0,2.252965,0.561806,CHE,KOR,610459
7134604,42,121,7680,1998,0.0,1315.0,0.029706,-0.061149,CHL,KOR,610459
7134605,43,121,7680,1998,18923.0,8609.0,0.3658,3.231258,CHN,KOR,610459
7134606,61,121,7680,1998,38157.0,46933.0,2.334028,-2.417278,DEU,KOR,610459
7134607,67,121,7680,1998,0.0,6102.0,-0.990915,-0.9670860000000001,ECU,KOR,610459
7134608,71,121,7680,1998,0.0,2540.0,1.051392,1.983438,ESP,KOR,610459
7134609,74,121,7680,1998,0.0,4892.0,2.003987,0.995725,FIN,KOR,610459
7134610,77,121,7680,1998,3449.0,1926.0,1.707702,0.7784270000000001,FRA,KOR,610459
7134611,81,121,7680,1998,4503.0,11239.0,1.906738,0.489101,GBR,KOR,610459
7134612,83,121,7680,1998,0.0,999.0,-1.215123,-1.0427620000000002,GHA,KOR,610459
7134613,90,121,7680,1998,0.0,2336.0,0.183835,1.1512790000000002,GRC,KOR,610459
7134614,93,121,7680,1998,0.0,6726.0,-0.344999,0.155524,GTM,KOR,610459
7134615,97,121,7680,1998,5465.0,21656.0,0.46966099999999994,2.5744029999999998,HKG,KOR,610459
7134616,102,121,7680,1998,1374.0,0.0,0.780392,1.450701,HUN,KOR,610459
7134617,104,121,7680,1998,1075.0,0.0,0.274308,2.316908,IND,KOR,610459
7134618,109,121,7680,1998,0.0,1355.0,0.18141300000000002,-0.47993500000000006,ISL,KOR,610459
7134619,111,121,7680,1998,13691.0,0.0,1.4532209999999999,1.191124,ITA,KOR,610459
7134620,114,121,7680,1998,0.0,430501.0,2.550442,0.718063,JPN,KOR,610459
7134621,117,121,7680,1998,0.0,1583.0,0.11446500000000001,-0.24638000000000002,KGZ,KOR,610459
7134622,124,121,7680,1998,0.0,1338.0,0.23803200000000002,0.9927860000000001,LBN,KOR,610459
7134623,138,121,7680,1998,0.0,9958.0,0.525671,0.880649,MEX,KOR,610459
7134624,162,121,7680,1998,0.0,37153.0,1.248469,1.683182,NLD,KOR,610459
7134625,163,121,7680,1998,0.0,22436.0,1.1660190000000001,0.43901899999999994,NOR,KOR,610459
7134626,166,121,7680,1998,0.0,11291.0,0.5690529999999999,0.7752060000000001,NZL,KOR,610459
7134627,173,121,7680,1998,0.0,4807.0,-0.35875300000000004,0.042606,PER,KOR,610459
7134628,174,121,7680,1998,0.0,2452.0,-0.262725,-0.075781,PHL,KOR,610459
7134629,185,121,7680,1998,0.0,1331.0,0.315392,0.961176,ROU,KOR,610459
7134630,186,121,7680,1998,0.0,251171.0,0.93909,0.59719,RUS,KOR,610459
7134631,188,121,7680,1998,0.0,12497.0,0.521849,-0.7550899999999999,SAU,KOR,610459
7134632,192,121,7680,1998,2961.0,50203.0,1.0029709999999998,0.506545,SGP,KOR,610459
7134633,208,121,7680,1998,0.0,97844.0,2.134076,0.9259729999999999,SWE,KOR,610459
7134634,216,121,7680,1998,0.0,35961.0,0.128633,1.484142,THA,KOR,610459
7134635,231,121,7680,1998,24847.0,4679124.0,1.8223639999999999,0.761336,USA,KOR,610459
7134636,236,121,7680,1998,0.0,926.0,0.288717,-0.540639,VEN,KOR,610459
7134637,249,121,7680,1998,0.0,12800.0,1.224725,1.890322,TWN,KOR,610459
7134638,250,121,7680,1998,0.0,68.0,1.144164,1.187425,ANS,KOR,610459
7134639,18,124,7680,1998,12091.0,0.0,1.4740739999999999,1.2530430000000001,BEL,LBN,610459
7134640,41,124,7680,1998,0.0,4453.0,2.252965,0.561806,CHE,LBN,610459
7134641,43,124,7680,1998,6458.0,0.0,0.3658,3.231258,CHN,LBN,610459
7134642,61,124,7680,1998,43295.0,0.0,2.334028,-2.417278,DEU,LBN,610459
7134643,64,124,7680,1998,0.0,1047.0,1.225999,1.470145,DNK,LBN,610459
7134644,71,124,7680,1998,1409.0,0.0,1.051392,1.983438,ESP,LBN,610459
7134645,77,124,7680,1998,25780.0,0.0,1.707702,0.7784270000000001,FRA,LBN,610459
7134646,81,124,7680,1998,27180.0,0.0,1.906738,0.489101,GBR,LBN,610459
7134647,97,124,7680,1998,1042.0,0.0,0.46966099999999994,2.5744029999999998,HKG,LBN,610459
7134648,111,124,7680,1998,4536.0,0.0,1.4532209999999999,1.191124,ITA,LBN,610459
7134649,121,124,7680,1998,1338.0,0.0,0.999518,1.106351,KOR,LBN,610459
7134650,126,124,7680,1998,0.0,2124.0,-0.303379,-1.1347180000000001,LBY,LBN,610459
7134651,188,124,7680,1998,0.0,7340.0,0.521849,-0.7550899999999999,SAU,LBN,610459
7134652,224,124,7680,1998,2339.0,0.0,0.085286,1.653589,TUR,LBN,610459
7134653,231,124,7680,1998,6922.0,0.0,1.8223639999999999,0.761336,USA,LBN,610459
7134654,39,138,7680,1998,3820.0,1870.0,1.077343,1.119161,CAN,MEX,610459
7134655,41,138,7680,1998,7294.0,0.0,2.252965,0.561806,CHE,MEX,610459
7134656,43,138,7680,1998,7196.0,0.0,0.3658,3.231258,CHN,MEX,610459
7134657,52,138,7680,1998,0.0,21798.0,-0.26046199999999997,-0.059391,CRI,MEX,610459
7134658,61,138,7680,1998,3242.0,0.0,2.334028,-2.417278,DEU,MEX,610459
7134659,71,138,7680,1998,17832.0,0.0,1.051392,1.983438,ESP,MEX,610459
7134660,77,138,7680,1998,4921.0,0.0,1.707702,0.7784270000000001,FRA,MEX,610459
7134661,111,138,7680,1998,36971.0,0.0,1.4532209999999999,1.191124,ITA,MEX,610459
7134662,121,138,7680,1998,9958.0,0.0,0.999518,1.106351,KOR,MEX,610459
7134663,174,138,7680,1998,1945.0,0.0,-0.262725,-0.075781,PHL,MEX,610459
7134664,177,138,7680,1998,1414.0,0.0,0.8638309999999999,1.8881299999999999,POL,MEX,610459
7134665,188,138,7680,1998,0.0,4225.0,0.521849,-0.7550899999999999,SAU,MEX,610459
7134666,197,138,7680,1998,0.0,4014.0,-0.202965,-0.000499,SLV,MEX,610459
7134667,231,138,7680,1998,6805371.0,668597.0,1.8223639999999999,0.761336,USA,MEX,610459
7134668,236,138,7680,1998,0.0,1209.0,0.288717,-0.540639,VEN,MEX,610459
7134669,249,138,7680,1998,1579.0,0.0,1.224725,1.890322,TWN,MEX,610459
7134670,250,138,7680,1998,1279.0,1815.0,1.144164,1.187425,ANS,MEX,610459
7134671,14,153,7680,1998,0.0,10403.0,0.375317,0.8864629999999999,AUS,MYS,610459
7134672,15,153,7680,1998,0.0,9656.0,1.891966,0.508137,AUT,MYS,610459
7134673,34,153,7680,1998,0.0,8670.0,-0.445218,-0.833083,BRN,MYS,610459
7134674,41,153,7680,1998,0.0,15905.0,2.252965,0.561806,CHE,MYS,610459
7134675,43,153,7680,1998,2674.0,0.0,0.3658,3.231258,CHN,MYS,610459
7134676,61,153,7680,1998,0.0,19469.0,2.334028,-2.417278,DEU,MYS,610459
7134677,64,153,7680,1998,0.0,1720.0,1.225999,1.470145,DNK,MYS,610459
7134678,77,153,7680,1998,33572.0,64464.0,1.707702,0.7784270000000001,FRA,MYS,610459
7134679,81,153,7680,1998,2160.0,4835.0,1.906738,0.489101,GBR,MYS,610459
7134680,97,153,7680,1998,98367.0,0.0,0.46966099999999994,2.5744029999999998,HKG,MYS,610459
7134681,103,153,7680,1998,1827.0,0.0,-0.478253,1.350652,IDN,MYS,610459
7134682,106,153,7680,1998,0.0,11334.0,1.451067,0.654442,IRL,MYS,610459
7134683,111,153,7680,1998,54059.0,0.0,1.4532209999999999,1.191124,ITA,MYS,610459
7134684,122,153,7680,1998,0.0,1329.0,0.037029,-1.054761,KWT,MYS,610459
7134685,168,153,7680,1998,0.0,3152.0,-0.9008149999999999,-0.448942,PAK,MYS,610459
7134686,188,153,7680,1998,0.0,4667.0,0.521849,-0.7550899999999999,SAU,MYS,610459
7134687,192,153,7680,1998,283490.0,280607.0,1.0029709999999998,0.506545,SGP,MYS,610459
7134688,216,153,7680,1998,0.0,3049.0,0.128633,1.484142,THA,MYS,610459
7134689,231,153,7680,1998,1671.0,26986.0,1.8223639999999999,0.761336,USA,MYS,610459
7134690,249,153,7680,1998,0.0,1209.0,1.224725,1.890322,TWN,MYS,610459
7134691,0,162,7680,1998,0.0,1026.0,0.197883,-0.726349,ABW,NLD,610459
7134692,6,162,7680,1998,0.0,1574.0,0.666616,-0.224404,ANT,NLD,610459
7134693,7,162,7680,1998,0.0,1517.0,-0.274973,-0.481405,ARE,NLD,610459
7134694,15,162,7680,1998,0.0,1852.0,1.891966,0.508137,AUT,NLD,610459
7134695,18,162,7680,1998,388753.0,290814.0,1.4740739999999999,1.2530430000000001,BEL,NLD,610459
7134696,22,162,7680,1998,11762.0,0.0,-1.130729,-1.001385,BGD,NLD,610459
7134697,32,162,7680,1998,953.0,0.0,0.768101,1.04589,BRA,NLD,610459
7134698,39,162,7680,1998,2392.0,40303.0,1.077343,1.119161,CAN,NLD,610459
7134699,41,162,7680,1998,1135.0,42164.0,2.252965,0.561806,CHE,NLD,610459
7134700,43,162,7680,1998,33326.0,0.0,0.3658,3.231258,CHN,NLD,610459
7134701,59,162,7680,1998,3389.0,30092.0,1.36345,1.408508,CZE,NLD,610459
7134702,61,162,7680,1998,1888706.0,260493.0,2.334028,-2.417278,DEU,NLD,610459
7134703,64,162,7680,1998,94820.0,22324.0,1.225999,1.470145,DNK,NLD,610459
7134704,71,162,7680,1998,26824.0,4257.0,1.051392,1.983438,ESP,NLD,610459
7134705,74,162,7680,1998,17185.0,3224.0,2.003987,0.995725,FIN,NLD,610459
7134706,77,162,7680,1998,392555.0,50874.0,1.707702,0.7784270000000001,FRA,NLD,610459
7134707,78,162,7680,1998,0.0,795.0,-0.6159899999999999,-0.828198,FRO,NLD,610459
7134708,81,162,7680,1998,237309.0,31150.0,1.906738,0.489101,GBR,NLD,610459
7134709,90,162,7680,1998,25496.0,2322.0,0.183835,1.1512790000000002,GRC,NLD,610459
7134710,97,162,7680,1998,144911.0,759.0,0.46966099999999994,2.5744029999999998,HKG,NLD,610459
7134711,100,162,7680,1998,0.0,884.0,0.692779,0.9919530000000001,HRV,NLD,610459
7134712,102,162,7680,1998,2505.0,873.0,0.780392,1.450701,HUN,NLD,610459
7134713,103,162,7680,1998,27579.0,0.0,-0.478253,1.350652,IDN,NLD,610459
7134714,104,162,7680,1998,11643.0,13079.0,0.274308,2.316908,IND,NLD,610459
7134715,106,162,7680,1998,0.0,5763.0,1.451067,0.654442,IRL,NLD,610459
7134716,109,162,7680,1998,0.0,1926.0,0.18141300000000002,-0.47993500000000006,ISL,NLD,610459
7134717,110,162,7680,1998,8828.0,0.0,1.2643739999999999,0.958475,ISR,NLD,610459
7134718,111,162,7680,1998,218147.0,8335.0,1.4532209999999999,1.191124,ITA,NLD,610459
7134719,113,162,7680,1998,0.0,8376.0,0.403009,-0.076366,JOR,NLD,610459
7134720,114,162,7680,1998,0.0,1347.0,2.550442,0.718063,JPN,NLD,610459
7134721,121,162,7680,1998,37153.0,0.0,0.999518,1.106351,KOR,NLD,610459
7134722,130,162,7680,1998,14007.0,1682.0,0.27073,0.692656,LTU,NLD,610459
7134723,132,162,7680,1998,0.0,2756.0,0.322473,0.388421,LVA,NLD,610459
7134724,134,162,7680,1998,1608.0,0.0,-0.7299479999999999,-0.23758200000000002,MAR,NLD,610459
7134725,142,162,7680,1998,0.0,992.0,0.919593,-0.071451,MLT,NLD,610459
7134726,146,162,7680,1998,19794.0,0.0,-0.144048,-0.7987479999999999,MNP,NLD,610459
7134727,163,162,7680,1998,9130.0,13939.0,1.1660190000000001,0.43901899999999994,NOR,NLD,610459
7134728,173,162,7680,1998,1332.0,0.0,-0.35875300000000004,0.042606,PER,NLD,610459
7134729,177,162,7680,1998,177591.0,0.0,0.8638309999999999,1.8881299999999999,POL,NLD,610459
7134730,179,162,7680,1998,469571.0,2139.0,0.39771999999999996,1.303603,PRT,NLD,610459
7134731,186,162,7680,1998,0.0,1433.0,0.93909,0.59719,RUS,NLD,610459
7134732,188,162,7680,1998,0.0,1635.0,0.521849,-0.7550899999999999,SAU,NLD,610459
7134733,192,162,7680,1998,2864.0,11726.0,1.0029709999999998,0.506545,SGP,NLD,610459
7134734,207,162,7680,1998,8198.0,0.0,1.442955,1.27214,SVN,NLD,610459
7134735,208,162,7680,1998,7240.0,24664.0,2.134076,0.9259729999999999,SWE,NLD,610459
7134736,216,162,7680,1998,2949.0,0.0,0.128633,1.484142,THA,NLD,610459
7134737,224,162,7680,1998,234244.0,1542.0,0.085286,1.653589,TUR,NLD,610459
7134738,228,162,7680,1998,11409.0,0.0,0.880876,0.783668,UKR,NLD,610459
7134739,231,162,7680,1998,57301.0,4117.0,1.8223639999999999,0.761336,USA,NLD,610459
7134740,239,162,7680,1998,11818.0,0.0,-0.9395469999999999,0.060697,VNM,NLD,610459
7134741,15,163,7680,1998,1570.0,0.0,1.891966,0.508137,AUT,NOR,610459
7134742,23,163,7680,1998,10442.0,0.0,0.382782,1.5844479999999999,BGR,NOR,610459
7134743,28,163,7680,1998,3026.0,0.0,0.9122049999999999,1.161741,BLR,NOR,610459
7134744,39,163,7680,1998,4281.0,0.0,1.077343,1.119161,CAN,NOR,610459
7134745,41,163,7680,1998,4252.0,0.0,2.252965,0.561806,CHE,NOR,610459
7134746,43,163,7680,1998,171293.0,0.0,0.3658,3.231258,CHN,NOR,610459
7134747,59,163,7680,1998,1639.0,0.0,1.36345,1.408508,CZE,NOR,610459
7134748,61,163,7680,1998,162862.0,810.0,2.334028,-2.417278,DEU,NOR,610459
7134749,64,163,7680,1998,283846.0,1175.0,1.225999,1.470145,DNK,NOR,610459
7134750,71,163,7680,1998,0.0,1196.0,1.051392,1.983438,ESP,NOR,610459
7134751,72,163,7680,1998,3218.0,0.0,0.53408,1.07691,EST,NOR,610459
7134752,74,163,7680,1998,47380.0,0.0,2.003987,0.995725,FIN,NOR,610459
7134753,77,163,7680,1998,73712.0,0.0,1.707702,0.7784270000000001,FRA,NOR,610459
7134754,81,163,7680,1998,48388.0,0.0,1.906738,0.489101,GBR,NOR,610459
7134755,90,163,7680,1998,79092.0,0.0,0.183835,1.1512790000000002,GRC,NOR,610459
7134756,97,163,7680,1998,103957.0,0.0,0.46966099999999994,2.5744029999999998,HKG,NOR,610459
7134757,102,163,7680,1998,17320.0,0.0,0.780392,1.450701,HUN,NOR,610459
7134758,103,163,7680,1998,3613.0,0.0,-0.478253,1.350652,IDN,NOR,610459
7134759,104,163,7680,1998,5277.0,0.0,0.274308,2.316908,IND,NOR,610459
7134760,110,163,7680,1998,1041.0,0.0,1.2643739999999999,0.958475,ISR,NOR,610459
7134761,111,163,7680,1998,39457.0,0.0,1.4532209999999999,1.191124,ITA,NOR,610459
7134762,121,163,7680,1998,22436.0,0.0,0.999518,1.106351,KOR,NOR,610459
7134763,130,163,7680,1998,15413.0,0.0,0.27073,0.692656,LTU,NOR,610459
7134764,132,163,7680,1998,29307.0,0.0,0.322473,0.388421,LVA,NOR,610459
7134765,134,163,7680,1998,1307.0,0.0,-0.7299479999999999,-0.23758200000000002,MAR,NOR,610459
7134766,162,163,7680,1998,13939.0,9130.0,1.248469,1.683182,NLD,NOR,610459
7134767,177,163,7680,1998,9253.0,0.0,0.8638309999999999,1.8881299999999999,POL,NOR,610459
7134768,179,163,7680,1998,25698.0,0.0,0.39771999999999996,1.303603,PRT,NOR,610459
7134769,185,163,7680,1998,11439.0,0.0,0.315392,0.961176,ROU,NOR,610459
7134770,208,163,7680,1998,198215.0,8604.0,2.134076,0.9259729999999999,SWE,NOR,610459
7134771,216,163,7680,1998,10268.0,0.0,0.128633,1.484142,THA,NOR,610459
7134772,223,163,7680,1998,3204.0,0.0,-0.21677,-0.08694299999999999,TUN,NOR,610459
7134773,224,163,7680,1998,24395.0,0.0,0.085286,1.653589,TUR,NOR,610459
7134774,231,163,7680,1998,3786.0,0.0,1.8223639999999999,0.761336,USA,NOR,610459
7134775,250,163,7680,1998,5388.0,0.0,1.144164,1.187425,ANS,NOR,610459
7134776,14,166,7680,1998,143987.0,34444.0,0.375317,0.8864629999999999,AUS,NZL,610459
7134777,43,166,7680,1998,57917.0,0.0,0.3658,3.231258,CHN,NZL,610459
7134778,61,166,7680,1998,1452.0,0.0,2.334028,-2.417278,DEU,NZL,610459
7134779,75,166,7680,1998,2573.0,0.0,-1.069747,-0.965333,FJI,NZL,610459
7134780,97,166,7680,1998,11804.0,1019.0,0.46966099999999994,2.5744029999999998,HKG,NZL,610459
7134781,121,166,7680,1998,11291.0,0.0,0.999518,1.106351,KOR,NZL,610459
7134782,158,166,7680,1998,0.0,1473.0,1.6548900000000002,-0.5112909999999999,NFK,NZL,610459
7134783,174,166,7680,1998,1111.0,0.0,-0.262725,-0.075781,PHL,NZL,610459
7134784,231,166,7680,1998,3347.0,0.0,1.8223639999999999,0.761336,USA,NZL,610459
7134785,250,166,7680,1998,34903.0,0.0,1.144164,1.187425,ANS,NZL,610459
7134786,25,169,7680,1998,0.0,295.0,1.090167,0.25353000000000003,BHS,PAN,610459
7134787,43,169,7680,1998,287324.0,0.0,0.3658,3.231258,CHN,PAN,610459
7134788,67,169,7680,1998,0.0,1563.0,-0.990915,-0.9670860000000001,ECU,PAN,610459
7134789,93,169,7680,1998,0.0,25726.0,-0.344999,0.155524,GTM,PAN,610459
7134790,99,169,7680,1998,0.0,2113.0,-0.9326049999999999,-0.598527,HND,PAN,610459
7134791,103,169,7680,1998,43009.0,0.0,-0.478253,1.350652,IDN,PAN,610459
7134792,112,169,7680,1998,0.0,2927.0,-0.8083739999999999,-0.946183,JAM,PAN,610459
7134793,197,169,7680,1998,0.0,10327.0,-0.202965,-0.000499,SLV,PAN,610459
7134794,231,169,7680,1998,11557.0,0.0,1.8223639999999999,0.761336,USA,PAN,610459
7134795,236,169,7680,1998,0.0,27242.0,0.288717,-0.540639,VEN,PAN,610459
7134796,250,169,7680,1998,8999.0,2277.0,1.144164,1.187425,ANS,PAN,610459
7134797,43,173,7680,1998,3885.0,0.0,0.3658,3.231258,CHN,PER,610459
7134798,71,173,7680,1998,2096.0,0.0,1.051392,1.983438,ESP,PER,610459
7134799,77,173,7680,1998,4916.0,0.0,1.707702,0.7784270000000001,FRA,PER,610459
7134800,103,173,7680,1998,3220.0,0.0,-0.478253,1.350652,IDN,PER,610459
7134801,104,173,7680,1998,1758.0,0.0,0.274308,2.316908,IND,PER,610459
7134802,111,173,7680,1998,1793.0,0.0,1.4532209999999999,1.191124,ITA,PER,610459
7134803,121,173,7680,1998,4807.0,0.0,0.999518,1.106351,KOR,PER,610459
7134804,162,173,7680,1998,0.0,1332.0,1.248469,1.683182,NLD,PER,610459
7134805,231,173,7680,1998,14858.0,0.0,1.8223639999999999,0.761336,USA,PER,610459
7134806,43,174,7680,1998,6269.0,0.0,0.3658,3.231258,CHN,PHL,610459
7134807,77,174,7680,1998,3312.0,0.0,1.707702,0.7784270000000001,FRA,PHL,610459
7134808,81,174,7680,1998,14677.0,0.0,1.906738,0.489101,GBR,PHL,610459
7134809,97,174,7680,1998,12359.0,0.0,0.46966099999999994,2.5744029999999998,HKG,PHL,610459
7134810,103,174,7680,1998,43340.0,0.0,-0.478253,1.350652,IDN,PHL,610459
7134811,121,174,7680,1998,2452.0,0.0,0.999518,1.106351,KOR,PHL,610459
7134812,138,174,7680,1998,0.0,1945.0,0.525671,0.880649,MEX,PHL,610459
7134813,166,174,7680,1998,0.0,1111.0,0.5690529999999999,0.7752060000000001,NZL,PHL,610459
7134814,188,174,7680,1998,0.0,3330.0,0.521849,-0.7550899999999999,SAU,PHL,610459
7134815,231,174,7680,1998,0.0,5626182.0,1.8223639999999999,0.761336,USA,PHL,610459
7134816,8,179,7680,1998,0.0,1356.0,0.272015,0.45031099999999996,ARG,PRT,610459
7134817,15,179,7680,1998,0.0,44334.0,1.891966,0.508137,AUT,PRT,610459
7134818,18,179,7680,1998,5835.0,54769.0,1.4740739999999999,1.2530430000000001,BEL,PRT,610459
7134819,39,179,7680,1998,0.0,22813.0,1.077343,1.119161,CAN,PRT,610459
7134820,41,179,7680,1998,0.0,205480.0,2.252965,0.561806,CHE,PRT,610459
7134821,61,179,7680,1998,19754.0,1099225.0,2.334028,-2.417278,DEU,PRT,610459
7134822,64,179,7680,1998,2604.0,203745.0,1.225999,1.470145,DNK,PRT,610459
7134823,71,179,7680,1998,679740.0,37425.0,1.051392,1.983438,ESP,PRT,610459
7134824,74,179,7680,1998,0.0,6270.0,2.003987,0.995725,FIN,PRT,610459
7134825,77,179,7680,1998,475913.0,325201.0,1.707702,0.7784270000000001,FRA,PRT,610459
7134826,81,179,7680,1998,82301.0,154504.0,1.906738,0.489101,GBR,PRT,610459
7134827,97,179,7680,1998,1008.0,2444.0,0.46966099999999994,2.5744029999999998,HKG,PRT,610459
7134828,102,179,7680,1998,0.0,1157.0,0.780392,1.450701,HUN,PRT,610459
7134829,104,179,7680,1998,1462.0,0.0,0.274308,2.316908,IND,PRT,610459
7134830,106,179,7680,1998,0.0,24989.0,1.451067,0.654442,IRL,PRT,610459
7134831,109,179,7680,1998,0.0,956.0,0.18141300000000002,-0.47993500000000006,ISL,PRT,610459
7134832,111,179,7680,1998,95879.0,65153.0,1.4532209999999999,1.191124,ITA,PRT,610459
7134833,114,179,7680,1998,0.0,22806.0,2.550442,0.718063,JPN,PRT,610459
7134834,162,179,7680,1998,2139.0,469571.0,1.248469,1.683182,NLD,PRT,610459
7134835,163,179,7680,1998,0.0,25698.0,1.1660190000000001,0.43901899999999994,NOR,PRT,610459
7134836,188,179,7680,1998,0.0,14097.0,0.521849,-0.7550899999999999,SAU,PRT,610459
7134837,192,179,7680,1998,1238.0,0.0,1.0029709999999998,0.506545,SGP,PRT,610459
7134838,208,179,7680,1998,0.0,244886.0,2.134076,0.9259729999999999,SWE,PRT,610459
7134839,231,179,7680,1998,0.0,555772.0,1.8223639999999999,0.761336,USA,PRT,610459
7134840,249,179,7680,1998,0.0,6142.0,1.224725,1.890322,TWN,PRT,610459
7134841,109,190,7680,1998,10391.0,0.0,0.18141300000000002,-0.47993500000000006,ISL,SDN,610459
7134842,224,190,7680,1998,2674.0,0.0,0.085286,1.653589,TUR,SDN,610459
7134843,15,208,7680,1998,0.0,1181.0,1.891966,0.508137,AUT,SWE,610459
7134844,18,208,7680,1998,21001.0,0.0,1.4740739999999999,1.2530430000000001,BEL,SWE,610459
7134845,41,208,7680,1998,0.0,4540.0,2.252965,0.561806,CHE,SWE,610459
7134846,43,208,7680,1998,17264.0,0.0,0.3658,3.231258,CHN,SWE,610459
7134847,59,208,7680,1998,24565.0,0.0,1.36345,1.408508,CZE,SWE,610459
7134848,61,208,7680,1998,121817.0,10719.0,2.334028,-2.417278,DEU,SWE,610459
7134849,64,208,7680,1998,373661.0,176527.0,1.225999,1.470145,DNK,SWE,610459
7134850,71,208,7680,1998,1996.0,0.0,1.051392,1.983438,ESP,SWE,610459
7134851,72,208,7680,1998,48255.0,6712.0,0.53408,1.07691,EST,SWE,610459
7134852,74,208,7680,1998,81478.0,252790.0,2.003987,0.995725,FIN,SWE,610459
7134853,77,208,7680,1998,187150.0,0.0,1.707702,0.7784270000000001,FRA,SWE,610459
7134854,81,208,7680,1998,113867.0,82092.0,1.906738,0.489101,GBR,SWE,610459
7134855,90,208,7680,1998,81452.0,0.0,0.183835,1.1512790000000002,GRC,SWE,610459
7134856,97,208,7680,1998,73061.0,0.0,0.46966099999999994,2.5744029999999998,HKG,SWE,610459
7134857,104,208,7680,1998,50661.0,0.0,0.274308,2.316908,IND,SWE,610459
7134858,106,208,7680,1998,0.0,3198.0,1.451067,0.654442,IRL,SWE,610459
7134859,109,208,7680,1998,0.0,1663.0,0.18141300000000002,-0.47993500000000006,ISL,SWE,610459
7134860,111,208,7680,1998,87513.0,0.0,1.4532209999999999,1.191124,ITA,SWE,610459
7134861,121,208,7680,1998,97844.0,0.0,0.999518,1.106351,KOR,SWE,610459
7134862,130,208,7680,1998,71233.0,0.0,0.27073,0.692656,LTU,SWE,610459
7134863,132,208,7680,1998,192163.0,2335.0,0.322473,0.388421,LVA,SWE,610459
7134864,133,208,7680,1998,17546.0,0.0,-0.21838000000000002,-0.370322,MAC,SWE,610459
7134865,162,208,7680,1998,24664.0,7240.0,1.248469,1.683182,NLD,SWE,610459
7134866,163,208,7680,1998,8604.0,198215.0,1.1660190000000001,0.43901899999999994,NOR,SWE,610459
7134867,168,208,7680,1998,2583.0,0.0,-0.9008149999999999,-0.448942,PAK,SWE,610459
7134868,177,208,7680,1998,73746.0,15232.0,0.8638309999999999,1.8881299999999999,POL,SWE,610459
7134869,179,208,7680,1998,244886.0,0.0,0.39771999999999996,1.303603,PRT,SWE,610459
7134870,206,208,7680,1998,8403.0,0.0,1.202453,1.228204,SVK,SWE,610459
7134871,216,208,7680,1998,6695.0,0.0,0.128633,1.484142,THA,SWE,610459
7134872,224,208,7680,1998,245138.0,0.0,0.085286,1.653589,TUR,SWE,610459
7134873,231,208,7680,1998,3969.0,0.0,1.8223639999999999,0.761336,USA,SWE,610459
7134874,6,216,7680,1998,0.0,3358.0,0.666616,-0.224404,ANT,THA,610459
7134875,14,216,7680,1998,1513.0,0.0,0.375317,0.8864629999999999,AUS,THA,610459
7134876,19,216,7680,1998,0.0,4203.0,-0.8198,-0.8584780000000001,BEN,THA,610459
7134877,39,216,7680,1998,0.0,2171.0,1.077343,1.119161,CAN,THA,610459
7134878,41,216,7680,1998,0.0,987.0,2.252965,0.561806,CHE,THA,610459
7134879,43,216,7680,1998,12070.0,0.0,0.3658,3.231258,CHN,THA,610459
7134880,61,216,7680,1998,0.0,9414.0,2.334028,-2.417278,DEU,THA,610459
7134881,64,216,7680,1998,0.0,5003.0,1.225999,1.470145,DNK,THA,610459
7134882,71,216,7680,1998,915.0,10009.0,1.051392,1.983438,ESP,THA,610459
7134883,77,216,7680,1998,2967.0,1683.0,1.707702,0.7784270000000001,FRA,THA,610459
7134884,81,216,7680,1998,12406.0,7231.0,1.906738,0.489101,GBR,THA,610459
7134885,83,216,7680,1998,0.0,24285.0,-1.215123,-1.0427620000000002,GHA,THA,610459
7134886,97,216,7680,1998,20817.0,1352.0,0.46966099999999994,2.5744029999999998,HKG,THA,610459
7134887,111,216,7680,1998,2121.0,0.0,1.4532209999999999,1.191124,ITA,THA,610459
7134888,114,216,7680,1998,1228.0,102528.0,2.550442,0.718063,JPN,THA,610459
7134889,116,216,7680,1998,1975.0,1818.0,-0.434978,0.10193300000000001,KEN,THA,610459
7134890,121,216,7680,1998,35961.0,0.0,0.999518,1.106351,KOR,THA,610459
7134891,137,216,7680,1998,0.0,11565.0,-1.4121629999999998,-1.084394,MDV,THA,610459
7134892,147,216,7680,1998,0.0,19943.0,-0.6813279999999999,-0.916391,MOZ,THA,610459
7134893,151,216,7680,1998,0.0,1339.0,-0.621599,-0.755795,MUS,THA,610459
7134894,153,216,7680,1998,3049.0,0.0,0.396826,0.203792,MYS,THA,610459
7134895,162,216,7680,1998,0.0,2949.0,1.248469,1.683182,NLD,THA,610459
7134896,163,216,7680,1998,0.0,10268.0,1.1660190000000001,0.43901899999999994,NOR,THA,610459
7134897,176,216,7680,1998,0.0,3431.0,-2.060952,-1.237969,PNG,THA,610459
7134898,188,216,7680,1998,0.0,27166.0,0.521849,-0.7550899999999999,SAU,THA,610459
7134899,192,216,7680,1998,29966.0,29451.0,1.0029709999999998,0.506545,SGP,THA,610459
7134900,208,216,7680,1998,0.0,6695.0,2.134076,0.9259729999999999,SWE,THA,610459
7134901,215,216,7680,1998,698.0,1700.0,-0.8338540000000001,-0.8437020000000001,TGO,THA,610459
7134902,226,216,7680,1998,0.0,2192.0,-0.972823,-0.428149,TZA,THA,610459
7134903,227,216,7680,1998,0.0,10804.0,-0.996762,-1.01326,UGA,THA,610459
7134904,231,216,7680,1998,0.0,209003.0,1.8223639999999999,0.761336,USA,THA,610459
7134905,236,216,7680,1998,0.0,5701.0,0.288717,-0.540639,VEN,THA,610459
7134906,246,216,7680,1998,0.0,19885.0,0.573958,1.3813739999999999,ZAF,THA,610459
7134907,247,216,7680,1998,0.0,3068.0,-0.383126,-0.501498,ZMB,THA,610459
7134908,249,216,7680,1998,0.0,6328.0,1.224725,1.890322,TWN,THA,610459
7134909,250,216,7680,1998,0.0,1392.0,1.144164,1.187425,ANS,THA,610459
7134910,33,222,7680,1998,0.0,3595.0,0.888487,0.469408,BRB,TTO,610459
7134911,91,222,7680,1998,0.0,2054.0,-0.249689,-0.7117,GRD,TTO,610459
7134912,104,222,7680,1998,872.0,0.0,0.274308,2.316908,IND,TTO,610459
7134913,128,222,7680,1998,2201.0,0.0,-0.933293,-0.233566,LKA,TTO,610459
7134914,231,222,7680,1998,1034.0,0.0,1.8223639999999999,0.761336,USA,TTO,610459
7134915,4,224,7680,1998,0.0,1199.0,-0.37657399999999996,-0.201006,ALB,TUR,610459
7134916,14,224,7680,1998,0.0,3184.0,0.375317,0.8864629999999999,AUS,TUR,610459
7134917,15,224,7680,1998,0.0,12434.0,1.891966,0.508137,AUT,TUR,610459
7134918,18,224,7680,1998,2617.0,71294.0,1.4740739999999999,1.2530430000000001,BEL,TUR,610459
7134919,23,224,7680,1998,3517.0,0.0,0.382782,1.5844479999999999,BGR,TUR,610459
7134920,39,224,7680,1998,0.0,10564.0,1.077343,1.119161,CAN,TUR,610459
7134921,41,224,7680,1998,0.0,85035.0,2.252965,0.561806,CHE,TUR,610459
7134922,43,224,7680,1998,6991.0,0.0,0.3658,3.231258,CHN,TUR,610459
7134923,59,224,7680,1998,0.0,5154.0,1.36345,1.408508,CZE,TUR,610459
7134924,61,224,7680,1998,26466.0,3919610.0,2.334028,-2.417278,DEU,TUR,610459
7134925,64,224,7680,1998,0.0,76226.0,1.225999,1.470145,DNK,TUR,610459
7134926,66,224,7680,1998,0.0,11261.0,-0.726061,-1.161031,DZA,TUR,610459
7134927,68,224,7680,1998,0.0,6713.0,-0.462755,0.079802,EGY,TUR,610459
7134928,71,224,7680,1998,107858.0,6985.0,1.051392,1.983438,ESP,TUR,610459
7134929,72,224,7680,1998,0.0,3143.0,0.53408,1.07691,EST,TUR,610459
7134930,74,224,7680,1998,0.0,15070.0,2.003987,0.995725,FIN,TUR,610459
7134931,77,224,7680,1998,11894.0,210831.0,1.707702,0.7784270000000001,FRA,TUR,610459
7134932,81,224,7680,1998,34958.0,379200.0,1.906738,0.489101,GBR,TUR,610459
7134933,90,224,7680,1998,0.0,3547.0,0.183835,1.1512790000000002,GRC,TUR,610459
7134934,100,224,7680,1998,0.0,6379.0,0.692779,0.9919530000000001,HRV,TUR,610459
7134935,102,224,7680,1998,2564.0,1719.0,0.780392,1.450701,HUN,TUR,610459
7134936,103,224,7680,1998,8924.0,0.0,-0.478253,1.350652,IDN,TUR,610459
7134937,106,224,7680,1998,0.0,1400.0,1.451067,0.654442,IRL,TUR,610459
7134938,109,224,7680,1998,0.0,2301.0,0.18141300000000002,-0.47993500000000006,ISL,TUR,610459
7134939,111,224,7680,1998,14269.0,37614.0,1.4532209999999999,1.191124,ITA,TUR,610459
7134940,113,224,7680,1998,0.0,7630.0,0.403009,-0.076366,JOR,TUR,610459
7134941,114,224,7680,1998,0.0,3334.0,2.550442,0.718063,JPN,TUR,610459
7134942,124,224,7680,1998,0.0,2339.0,0.23803200000000002,0.9927860000000001,LBN,TUR,610459
7134943,126,224,7680,1998,0.0,9004.0,-0.303379,-1.1347180000000001,LBY,TUR,610459
7134944,128,224,7680,1998,1510.0,0.0,-0.933293,-0.233566,LKA,TUR,610459
7134945,130,224,7680,1998,0.0,1139.0,0.27073,0.692656,LTU,TUR,610459
7134946,140,224,7680,1998,0.0,4994.0,0.102559,0.591468,MKD,TUR,610459
7134947,142,224,7680,1998,0.0,5273.0,0.919593,-0.071451,MLT,TUR,610459
7134948,162,224,7680,1998,1542.0,234244.0,1.248469,1.683182,NLD,TUR,610459
7134949,163,224,7680,1998,0.0,24395.0,1.1660190000000001,0.43901899999999994,NOR,TUR,610459
7134950,177,224,7680,1998,0.0,8093.0,0.8638309999999999,1.8881299999999999,POL,TUR,610459
7134951,186,224,7680,1998,0.0,24464.0,0.93909,0.59719,RUS,TUR,610459
7134952,188,224,7680,1998,0.0,122341.0,0.521849,-0.7550899999999999,SAU,TUR,610459
7134953,190,224,7680,1998,0.0,2674.0,-1.034858,-1.089854,SDN,TUR,610459
7134954,206,224,7680,1998,0.0,3859.0,1.202453,1.228204,SVK,TUR,610459
7134955,208,224,7680,1998,0.0,245138.0,2.134076,0.9259729999999999,SWE,TUR,610459
7134956,228,224,7680,1998,75126.0,0.0,0.880876,0.783668,UKR,TUR,610459
7134957,231,224,7680,1998,0.0,78566.0,1.8223639999999999,0.761336,USA,TUR,610459
7134958,249,224,7680,1998,0.0,1070.0,1.224725,1.890322,TWN,TUR,610459
7134959,250,224,7680,1998,0.0,2689.0,1.144164,1.187425,ANS,TUR,610459
7134960,6,231,7680,1998,2194.0,0.0,0.666616,-0.224404,ANT,USA,610459
7134961,7,231,7680,1998,28659.0,11995.0,-0.274973,-0.481405,ARE,USA,610459
7134962,8,231,7680,1998,6377.0,3312.0,0.272015,0.45031099999999996,ARG,USA,610459
7134963,14,231,7680,1998,21209.0,11041.0,0.375317,0.8864629999999999,AUS,USA,610459
7134964,15,231,7680,1998,3117.0,3328.0,1.891966,0.508137,AUT,USA,610459
7134965,18,231,7680,1998,5310.0,1673.0,1.4740739999999999,1.2530430000000001,BEL,USA,610459
7134966,25,231,7680,1998,0.0,159406.0,1.090167,0.25353000000000003,BHS,USA,610459
7134967,28,231,7680,1998,1574.0,0.0,0.9122049999999999,1.161741,BLR,USA,610459
7134968,30,231,7680,1998,0.0,43706.0,0.900948,-0.340868,BMU,USA,610459
7134969,32,231,7680,1998,0.0,54222.0,0.768101,1.04589,BRA,USA,610459
7134970,33,231,7680,1998,932.0,1644.0,0.888487,0.469408,BRB,USA,610459
7134971,39,231,7680,1998,554155.0,461859.0,1.077343,1.119161,CAN,USA,610459
7134972,41,231,7680,1998,17961.0,2882.0,2.252965,0.561806,CHE,USA,610459
7134973,42,231,7680,1998,0.0,37539.0,0.029706,-0.061149,CHL,USA,610459
7134974,43,231,7680,1998,1373479.0,0.0,0.3658,3.231258,CHN,USA,610459
7134975,49,231,7680,1998,0.0,15780.0,0.205004,0.13985899999999998,COL,USA,610459
7134976,52,231,7680,1998,2017.0,0.0,-0.26046199999999997,-0.059391,CRI,USA,610459
7134977,59,231,7680,1998,6115.0,0.0,1.36345,1.408508,CZE,USA,610459
7134978,61,231,7680,1998,255181.0,28924.0,2.334028,-2.417278,DEU,USA,610459
7134979,64,231,7680,1998,16350.0,0.0,1.225999,1.470145,DNK,USA,610459
7134980,65,231,7680,1998,302328.0,24346.0,-0.772271,-0.765258,DOM,USA,610459
7134981,67,231,7680,1998,0.0,23331.0,-0.990915,-0.9670860000000001,ECU,USA,610459
7134982,71,231,7680,1998,4647.0,0.0,1.051392,1.983438,ESP,USA,610459
7134983,72,231,7680,1998,0.0,1379.0,0.53408,1.07691,EST,USA,610459
7134984,74,231,7680,1998,1140.0,49660.0,2.003987,0.995725,FIN,USA,610459
7134985,77,231,7680,1998,26620.0,5845.0,1.707702,0.7784270000000001,FRA,USA,610459
7134986,81,231,7680,1998,65234.0,42260.0,1.906738,0.489101,GBR,USA,610459
7134987,85,231,7680,1998,0.0,37009.0,-1.676035,-1.248894,GIN,USA,610459
7134988,90,231,7680,1998,24556.0,11380.0,0.183835,1.1512790000000002,GRC,USA,610459
7134989,93,231,7680,1998,0.0,56084.0,-0.344999,0.155524,GTM,USA,610459
7134990,97,231,7680,1998,3025609.0,63651.0,0.46966099999999994,2.5744029999999998,HKG,USA,610459
7134991,99,231,7680,1998,9653.0,0.0,-0.9326049999999999,-0.598527,HND,USA,610459
7134992,100,231,7680,1998,2177.0,994.0,0.692779,0.9919530000000001,HRV,USA,610459
7134993,101,231,7680,1998,0.0,60581.0,-1.186197,-0.925901,HTI,USA,610459
7134994,102,231,7680,1998,42216.0,0.0,0.780392,1.450701,HUN,USA,610459
7134995,103,231,7680,1998,119232.0,0.0,-0.478253,1.350652,IDN,USA,610459
7134996,104,231,7680,1998,314517.0,0.0,0.274308,2.316908,IND,USA,610459
7134997,106,231,7680,1998,31294.0,1990.0,1.451067,0.654442,IRL,USA,610459
7134998,110,231,7680,1998,873217.0,36319.0,1.2643739999999999,0.958475,ISR,USA,610459
7134999,111,231,7680,1998,703290.0,2439.0,1.4532209999999999,1.191124,ITA,USA,610459
7135000,112,231,7680,1998,0.0,2629.0,-0.8083739999999999,-0.946183,JAM,USA,610459
7135001,114,231,7680,1998,18121.0,361655.0,2.550442,0.718063,JPN,USA,610459
7135002,121,231,7680,1998,4679124.0,24847.0,0.999518,1.106351,KOR,USA,610459
7135003,122,231,7680,1998,0.0,26855.0,0.037029,-1.054761,KWT,USA,610459
7135004,124,231,7680,1998,0.0,6922.0,0.23803200000000002,0.9927860000000001,LBN,USA,610459
7135005,130,231,7680,1998,13296.0,0.0,0.27073,0.692656,LTU,USA,610459
7135006,133,231,7680,1998,969516.0,0.0,-0.21838000000000002,-0.370322,MAC,USA,610459
7135007,135,231,7680,1998,31277.0,0.0,-0.112783,-0.276584,MDA,USA,610459
7135008,138,231,7680,1998,668597.0,6805371.0,0.525671,0.880649,MEX,USA,610459
7135009,140,231,7680,1998,19467.0,0.0,0.102559,0.591468,MKD,USA,610459
7135010,153,231,7680,1998,26986.0,1671.0,0.396826,0.203792,MYS,USA,610459
7135011,160,231,7680,1998,0.0,10126.0,-0.8012199999999999,-0.749159,NIC,USA,610459
7135012,162,231,7680,1998,4117.0,57301.0,1.248469,1.683182,NLD,USA,610459
7135013,163,231,7680,1998,0.0,3786.0,1.1660190000000001,0.43901899999999994,NOR,USA,610459
7135014,166,231,7680,1998,0.0,3347.0,0.5690529999999999,0.7752060000000001,NZL,USA,610459
7135015,168,231,7680,1998,3384.0,0.0,-0.9008149999999999,-0.448942,PAK,USA,610459
7135016,169,231,7680,1998,0.0,11557.0,0.010123,0.5677949999999999,PAN,USA,610459
7135017,173,231,7680,1998,0.0,14858.0,-0.35875300000000004,0.042606,PER,USA,610459
7135018,174,231,7680,1998,5626182.0,0.0,-0.262725,-0.075781,PHL,USA,610459
7135019,177,231,7680,1998,15933.0,0.0,0.8638309999999999,1.8881299999999999,POL,USA,610459
7135020,179,231,7680,1998,555772.0,0.0,0.39771999999999996,1.303603,PRT,USA,610459
7135021,182,231,7680,1998,0.0,12639.0,0.422645,-0.607595,PYF,USA,610459
7135022,185,231,7680,1998,51164.0,0.0,0.315392,0.961176,ROU,USA,610459
7135023,186,231,7680,1998,58523.0,3326.0,0.93909,0.59719,RUS,USA,610459
7135024,192,231,7680,1998,7379.0,23046.0,1.0029709999999998,0.506545,SGP,USA,610459
7135025,197,231,7680,1998,187712.0,372644.0,-0.202965,-0.000499,SLV,USA,610459
7135026,206,231,7680,1998,7057.0,0.0,1.202453,1.228204,SVK,USA,610459
7135027,207,231,7680,1998,16605.0,0.0,1.442955,1.27214,SVN,USA,610459
7135028,208,231,7680,1998,0.0,3969.0,2.134076,0.9259729999999999,SWE,USA,610459
7135029,216,231,7680,1998,209003.0,0.0,0.128633,1.484142,THA,USA,610459
7135030,222,231,7680,1998,0.0,1034.0,0.273917,-0.453996,TTO,USA,610459
7135031,223,231,7680,1998,15935.0,0.0,-0.21677,-0.08694299999999999,TUN,USA,610459
7135032,224,231,7680,1998,78566.0,0.0,0.085286,1.653589,TUR,USA,610459
7135033,228,231,7680,1998,64013.0,0.0,0.880876,0.783668,UKR,USA,610459
7135034,230,231,7680,1998,0.0,4650.0,0.323022,0.293694,URY,USA,610459
7135035,234,231,7680,1998,800.0,0.0,0.22166,-0.331633,VCT,USA,610459
7135036,236,231,7680,1998,0.0,35314.0,0.288717,-0.540639,VEN,USA,610459
7135037,246,231,7680,1998,1665.0,2237.0,0.573958,1.3813739999999999,ZAF,USA,610459
7135038,249,231,7680,1998,3164448.0,6900.0,1.224725,1.890322,TWN,USA,610459
7135039,0,236,7680,1998,1159.0,0.0,0.197883,-0.726349,ABW,VEN,610459
7135040,43,236,7680,1998,21984.0,0.0,0.3658,3.231258,CHN,VEN,610459
7135041,49,236,7680,1998,4763.0,0.0,0.205004,0.13985899999999998,COL,VEN,610459
7135042,71,236,7680,1998,30679.0,0.0,1.051392,1.983438,ESP,VEN,610459
7135043,77,236,7680,1998,0.0,8201.0,1.707702,0.7784270000000001,FRA,VEN,610459
7135044,97,236,7680,1998,9090.0,0.0,0.46966099999999994,2.5744029999999998,HKG,VEN,610459
7135045,104,236,7680,1998,9712.0,0.0,0.274308,2.316908,IND,VEN,610459
7135046,110,236,7680,1998,1328.0,0.0,1.2643739999999999,0.958475,ISR,VEN,610459
7135047,111,236,7680,1998,8039.0,0.0,1.4532209999999999,1.191124,ITA,VEN,610459
7135048,121,236,7680,1998,926.0,0.0,0.999518,1.106351,KOR,VEN,610459
7135049,138,236,7680,1998,1209.0,0.0,0.525671,0.880649,MEX,VEN,610459
7135050,169,236,7680,1998,27242.0,0.0,0.010123,0.5677949999999999,PAN,VEN,610459
7135051,216,236,7680,1998,5701.0,0.0,0.128633,1.484142,THA,VEN,610459
7135052,231,236,7680,1998,35314.0,0.0,1.8223639999999999,0.761336,USA,VEN,610459
7135053,43,14,7680,1998,170535.0,0.0,0.3658,3.231258,CHN,AUS,610459
7135054,52,14,7680,1998,6184.0,0.0,-0.26046199999999997,-0.059391,CRI,AUS,610459
7135055,61,14,7680,1998,8745.0,0.0,2.334028,-2.417278,DEU,AUS,610459
7135056,77,14,7680,1998,6657.0,4403.0,1.707702,0.7784270000000001,FRA,AUS,610459
7135057,81,14,7680,1998,5494.0,1710.0,1.906738,0.489101,GBR,AUS,610459
7135058,97,14,7680,1998,58359.0,20022.0,0.46966099999999994,2.5744029999999998,HKG,AUS,610459
7135059,103,14,7680,1998,6677.0,0.0,-0.478253,1.350652,IDN,AUS,610459
7135060,104,14,7680,1998,20671.0,0.0,0.274308,2.316908,IND,AUS,610459
7135061,111,14,7680,1998,4761.0,0.0,1.4532209999999999,1.191124,ITA,AUS,610459
7135062,114,14,7680,1998,1250.0,0.0,2.550442,0.718063,JPN,AUS,610459
7135063,121,14,7680,1998,5381.0,0.0,0.999518,1.106351,KOR,AUS,610459
7135064,153,14,7680,1998,10403.0,0.0,0.396826,0.203792,MYS,AUS,610459
7135065,166,14,7680,1998,34444.0,143987.0,0.5690529999999999,0.7752060000000001,NZL,AUS,610459
7135066,176,14,7680,1998,0.0,1708.0,-2.060952,-1.237969,PNG,AUS,610459
7135067,192,14,7680,1998,0.0,8528.0,1.0029709999999998,0.506545,SGP,AUS,610459
7135068,216,14,7680,1998,0.0,1513.0,0.128633,1.484142,THA,AUS,610459
7135069,224,14,7680,1998,3184.0,0.0,0.085286,1.653589,TUR,AUS,610459
7135070,231,14,7680,1998,11041.0,21209.0,1.8223639999999999,0.761336,USA,AUS,610459
7135071,239,14,7680,1998,1306.0,0.0,-0.9395469999999999,0.060697,VNM,AUS,610459
7135072,249,14,7680,1998,5895.0,0.0,1.224725,1.890322,TWN,AUS,610459
7135073,250,14,7680,1998,2297.0,0.0,1.144164,1.187425,ANS,AUS,610459
7135074,61,16,7680,1998,2676.0,0.0,2.334028,-2.417278,DEU,AZE,610459
7135075,107,16,7680,1998,1914.0,0.0,-0.6626029999999999,-1.0408959999999998,IRN,AZE,610459
7135076,74,22,7680,1998,0.0,3487.0,2.003987,0.995725,FIN,BGD,610459
7135077,81,22,7680,1998,0.0,27733.0,1.906738,0.489101,GBR,BGD,610459
7135078,162,22,7680,1998,0.0,11762.0,1.248469,1.683182,NLD,BGD,610459
7135079,188,22,7680,1998,0.0,5806.0,0.521849,-0.7550899999999999,SAU,BGD,610459
7135080,192,22,7680,1998,0.0,19537.0,1.0029709999999998,0.506545,SGP,BGD,610459
7135081,61,23,7680,1998,3407.0,147320.0,2.334028,-2.417278,DEU,BGR,610459
7135082,71,23,7680,1998,0.0,1243.0,1.051392,1.983438,ESP,BGR,610459
7135083,77,23,7680,1998,0.0,11753.0,1.707702,0.7784270000000001,FRA,BGR,610459
7135084,81,23,7680,1998,0.0,3879.0,1.906738,0.489101,GBR,BGR,610459
7135085,90,23,7680,1998,74130.0,90238.0,0.183835,1.1512790000000002,GRC,BGR,610459
7135086,102,23,7680,1998,5315.0,0.0,0.780392,1.450701,HUN,BGR,610459
7135087,111,23,7680,1998,12783.0,0.0,1.4532209999999999,1.191124,ITA,BGR,610459
7135088,163,23,7680,1998,0.0,10442.0,1.1660190000000001,0.43901899999999994,NOR,BGR,610459
7135089,224,23,7680,1998,0.0,3517.0,0.085286,1.653589,TUR,BGR,610459
7135090,18,28,7680,1998,957.0,0.0,1.4740739999999999,1.2530430000000001,BEL,BLR,610459
7135091,61,28,7680,1998,5055.0,36108.0,2.334028,-2.417278,DEU,BLR,610459
7135092,111,28,7680,1998,30140.0,0.0,1.4532209999999999,1.191124,ITA,BLR,610459
7135093,163,28,7680,1998,0.0,3026.0,1.1660190000000001,0.43901899999999994,NOR,BLR,610459
7135094,186,28,7680,1998,0.0,10331.0,0.93909,0.59719,RUS,BLR,610459
7135095,231,28,7680,1998,0.0,1574.0,1.8223639999999999,0.761336,USA,BLR,610459
7135096,8,32,7680,1998,4731.0,9802.0,0.272015,0.45031099999999996,ARG,BRA,610459
7135097,43,32,7680,1998,88436.0,0.0,0.3658,3.231258,CHN,BRA,610459
7135098,61,32,7680,1998,949.0,0.0,2.334028,-2.417278,DEU,BRA,610459
7135099,71,32,7680,1998,1620.0,4688.0,1.051392,1.983438,ESP,BRA,610459
7135100,77,32,7680,1998,2397.0,1571.0,1.707702,0.7784270000000001,FRA,BRA,610459
7135101,83,32,7680,1998,0.0,5126.0,-1.215123,-1.0427620000000002,GHA,BRA,610459
7135102,97,32,7680,1998,2544.0,0.0,0.46966099999999994,2.5744029999999998,HKG,BRA,610459
7135103,103,32,7680,1998,169359.0,0.0,-0.478253,1.350652,IDN,BRA,610459
7135104,104,32,7680,1998,4864.0,0.0,0.274308,2.316908,IND,BRA,610459
7135105,111,32,7680,1998,13217.0,0.0,1.4532209999999999,1.191124,ITA,BRA,610459
7135106,162,32,7680,1998,0.0,953.0,1.248469,1.683182,NLD,BRA,610459
7135107,188,32,7680,1998,0.0,5018.0,0.521849,-0.7550899999999999,SAU,BRA,610459
7135108,192,32,7680,1998,73446.0,0.0,1.0029709999999998,0.506545,SGP,BRA,610459
7135109,230,32,7680,1998,6293.0,0.0,0.323022,0.293694,URY,BRA,610459
7135110,231,32,7680,1998,54222.0,0.0,1.8223639999999999,0.761336,USA,BRA,610459
7135111,81,34,7680,1998,1492.0,0.0,1.906738,0.489101,GBR,BRN,610459
7135112,97,34,7680,1998,461.0,0.0,0.46966099999999994,2.5744029999999998,HKG,BRN,610459
7135113,103,34,7680,1998,44010.0,0.0,-0.478253,1.350652,IDN,BRN,610459
7135114,153,34,7680,1998,8670.0,0.0,0.396826,0.203792,MYS,BRN,610459
7135115,192,34,7680,1998,2954.0,0.0,1.0029709999999998,0.506545,SGP,BRN,610459
7135116,18,39,7680,1998,0.0,1569.0,1.4740739999999999,1.2530430000000001,BEL,CAN,610459
7135117,25,39,7680,1998,0.0,779.0,1.090167,0.25353000000000003,BHS,CAN,610459
7135118,43,39,7680,1998,62982.0,0.0,0.3658,3.231258,CHN,CAN,610459
7135119,59,39,7680,1998,1234.0,0.0,1.36345,1.408508,CZE,CAN,610459
7135120,61,39,7680,1998,103720.0,33372.0,2.334028,-2.417278,DEU,CAN,610459
7135121,64,39,7680,1998,8454.0,0.0,1.225999,1.470145,DNK,CAN,610459
7135122,74,39,7680,1998,0.0,2517.0,2.003987,0.995725,FIN,CAN,610459
7135123,77,39,7680,1998,18954.0,0.0,1.707702,0.7784270000000001,FRA,CAN,610459
7135124,81,39,7680,1998,161487.0,2078303.0,1.906738,0.489101,GBR,CAN,610459
7135125,90,39,7680,1998,4532.0,0.0,0.183835,1.1512790000000002,GRC,CAN,610459
7135126,97,39,7680,1998,133735.0,0.0,0.46966099999999994,2.5744029999999998,HKG,CAN,610459
7135127,102,39,7680,1998,5103.0,0.0,0.780392,1.450701,HUN,CAN,610459
7135128,103,39,7680,1998,2301.0,0.0,-0.478253,1.350652,IDN,CAN,610459
7135129,104,39,7680,1998,6365.0,0.0,0.274308,2.316908,IND,CAN,610459
7135130,106,39,7680,1998,0.0,4697.0,1.451067,0.654442,IRL,CAN,610459
7135131,110,39,7680,1998,8628.0,0.0,1.2643739999999999,0.958475,ISR,CAN,610459
7135132,111,39,7680,1998,3689.0,0.0,1.4532209999999999,1.191124,ITA,CAN,610459
7135133,114,39,7680,1998,0.0,1574.0,2.550442,0.718063,JPN,CAN,610459
7135134,121,39,7680,1998,29943.0,0.0,0.999518,1.106351,KOR,CAN,610459
7135135,128,39,7680,1998,6728.0,0.0,-0.933293,-0.233566,LKA,CAN,610459
7135136,133,39,7680,1998,11140.0,0.0,-0.21838000000000002,-0.370322,MAC,CAN,610459
7135137,138,39,7680,1998,1870.0,3820.0,0.525671,0.880649,MEX,CAN,610459
7135138,162,39,7680,1998,40303.0,2392.0,1.248469,1.683182,NLD,CAN,610459
7135139,163,39,7680,1998,0.0,4281.0,1.1660190000000001,0.43901899999999994,NOR,CAN,610459
7135140,179,39,7680,1998,22813.0,0.0,0.39771999999999996,1.303603,PRT,CAN,610459
7135141,185,39,7680,1998,1223.0,0.0,0.315392,0.961176,ROU,CAN,610459
7135142,188,39,7680,1998,0.0,3874.0,0.521849,-0.7550899999999999,SAU,CAN,610459
7135143,216,39,7680,1998,2171.0,0.0,0.128633,1.484142,THA,CAN,610459
7135144,224,39,7680,1998,10564.0,0.0,0.085286,1.653589,TUR,CAN,610459
7135145,231,39,7680,1998,461859.0,554155.0,1.8223639999999999,0.761336,USA,CAN,610459
7135146,249,39,7680,1998,19357.0,0.0,1.224725,1.890322,TWN,CAN,610459
7135147,250,39,7680,1998,133355.0,0.0,1.144164,1.187425,ANS,CAN,610459
7135148,15,41,7680,1998,26943.0,6348.0,1.891966,0.508137,AUT,CHE,610459
7135149,18,41,7680,1998,18091.0,0.0,1.4740739999999999,1.2530430000000001,BEL,CHE,610459
7135150,43,41,7680,1998,17826.0,0.0,0.3658,3.231258,CHN,CHE,610459
7135151,61,41,7680,1998,1530679.0,19027.0,2.334028,-2.417278,DEU,CHE,610459
7135152,64,41,7680,1998,25332.0,0.0,1.225999,1.470145,DNK,CHE,610459
7135153,71,41,7680,1998,2273.0,0.0,1.051392,1.983438,ESP,CHE,610459
7135154,74,41,7680,1998,1044.0,0.0,2.003987,0.995725,FIN,CHE,610459
7135155,77,41,7680,1998,233509.0,6480.0,1.707702,0.7784270000000001,FRA,CHE,610459
7135156,81,41,7680,1998,56408.0,7612.0,1.906738,0.489101,GBR,CHE,610459
7135157,82,41,7680,1998,0.0,198.0,0.644307,0.304707,GEO,CHE,610459
7135158,90,41,7680,1998,27685.0,1000.0,0.183835,1.1512790000000002,GRC,CHE,610459
7135159,97,41,7680,1998,52434.0,2167.0,0.46966099999999994,2.5744029999999998,HKG,CHE,610459
7135160,102,41,7680,1998,15647.0,0.0,0.780392,1.450701,HUN,CHE,610459
7135161,103,41,7680,1998,6704.0,0.0,-0.478253,1.350652,IDN,CHE,610459
7135162,104,41,7680,1998,36950.0,0.0,0.274308,2.316908,IND,CHE,610459
7135163,106,41,7680,1998,0.0,12384.0,1.451067,0.654442,IRL,CHE,610459
7135164,111,41,7680,1998,203338.0,8771.0,1.4532209999999999,1.191124,ITA,CHE,610459
7135165,114,41,7680,1998,0.0,14787.0,2.550442,0.718063,JPN,CHE,610459
7135166,121,41,7680,1998,2999.0,0.0,0.999518,1.106351,KOR,CHE,610459
7135167,122,41,7680,1998,0.0,6023.0,0.037029,-1.054761,KWT,CHE,610459
7135168,124,41,7680,1998,4453.0,0.0,0.23803200000000002,0.9927860000000001,LBN,CHE,610459
7135169,134,41,7680,1998,768.0,0.0,-0.7299479999999999,-0.23758200000000002,MAR,CHE,610459
7135170,137,41,7680,1998,0.0,1003.0,-1.4121629999999998,-1.084394,MDV,CHE,610459
7135171,138,41,7680,1998,0.0,7294.0,0.525671,0.880649,MEX,CHE,610459
7135172,151,41,7680,1998,874.0,0.0,-0.621599,-0.755795,MUS,CHE,610459
7135173,153,41,7680,1998,15905.0,0.0,0.396826,0.203792,MYS,CHE,610459
7135174,162,41,7680,1998,42164.0,1135.0,1.248469,1.683182,NLD,CHE,610459
7135175,163,41,7680,1998,0.0,4252.0,1.1660190000000001,0.43901899999999994,NOR,CHE,610459
7135176,179,41,7680,1998,205480.0,0.0,0.39771999999999996,1.303603,PRT,CHE,610459
7135177,185,41,7680,1998,1689.0,0.0,0.315392,0.961176,ROU,CHE,610459
7135178,188,41,7680,1998,0.0,3006.0,0.521849,-0.7550899999999999,SAU,CHE,610459
7135179,207,41,7680,1998,1688.0,2695.0,1.442955,1.27214,SVN,CHE,610459
7135180,208,41,7680,1998,4540.0,0.0,2.134076,0.9259729999999999,SWE,CHE,610459
7135181,216,41,7680,1998,987.0,0.0,0.128633,1.484142,THA,CHE,610459
7135182,224,41,7680,1998,85035.0,0.0,0.085286,1.653589,TUR,CHE,610459
7135183,231,41,7680,1998,2882.0,17961.0,1.8223639999999999,0.761336,USA,CHE,610459
7135184,249,41,7680,1998,2526.0,4171.0,1.224725,1.890322,TWN,CHE,610459
7135185,250,41,7680,1998,0.0,1202.0,1.144164,1.187425,ANS,CHE,610459
7135186,15,59,7680,1998,1122.0,7430.0,1.891966,0.508137,AUT,CZE,610459
7135187,39,59,7680,1998,0.0,1234.0,1.077343,1.119161,CAN,CZE,610459
7135188,43,59,7680,1998,32066.0,0.0,0.3658,3.231258,CHN,CZE,610459
7135189,58,59,7680,1998,1549.0,0.0,0.45990600000000004,0.41840299999999997,CYP,CZE,610459
7135190,61,59,7680,1998,69331.0,242692.0,2.334028,-2.417278,DEU,CZE,610459
7135191,64,59,7680,1998,2604.0,2544.0,1.225999,1.470145,DNK,CZE,610459
7135192,77,59,7680,1998,9527.0,7561.0,1.707702,0.7784270000000001,FRA,CZE,610459
7135193,81,59,7680,1998,42655.0,3218.0,1.906738,0.489101,GBR,CZE,610459
7135194,102,59,7680,1998,1665.0,81874.0,0.780392,1.450701,HUN,CZE,610459
7135195,104,59,7680,1998,801.0,0.0,0.274308,2.316908,IND,CZE,610459
7135196,111,59,7680,1998,12081.0,18618.0,1.4532209999999999,1.191124,ITA,CZE,610459
7135197,114,59,7680,1998,0.0,8204.0,2.550442,0.718063,JPN,CZE,610459
7135198,134,59,7680,1998,750.0,0.0,-0.7299479999999999,-0.23758200000000002,MAR,CZE,610459
7135199,135,59,7680,1998,0.0,3655.0,-0.112783,-0.276584,MDA,CZE,610459
7135200,162,59,7680,1998,30092.0,3389.0,1.248469,1.683182,NLD,CZE,610459
7135201,163,59,7680,1998,0.0,1639.0,1.1660190000000001,0.43901899999999994,NOR,CZE,610459
7135202,177,59,7680,1998,16784.0,0.0,0.8638309999999999,1.8881299999999999,POL,CZE,610459
7135203,186,59,7680,1998,0.0,46596.0,0.93909,0.59719,RUS,CZE,610459
7135204,188,59,7680,1998,0.0,1791.0,0.521849,-0.7550899999999999,SAU,CZE,610459
7135205,206,59,7680,1998,4917.0,15673.0,1.202453,1.228204,SVK,CZE,610459
7135206,208,59,7680,1998,0.0,24565.0,2.134076,0.9259729999999999,SWE,CZE,610459
7135207,224,59,7680,1998,5154.0,0.0,0.085286,1.653589,TUR,CZE,610459
7135208,231,59,7680,1998,0.0,6115.0,1.8223639999999999,0.761336,USA,CZE,610459
7135209,239,59,7680,1998,1717.0,0.0,-0.9395469999999999,0.060697,VNM,CZE,610459
7135210,250,59,7680,1998,3062.0,0.0,1.144164,1.187425,ANS,CZE,610459
7135211,224,66,7680,1998,11261.0,0.0,0.085286,1.653589,TUR,DZA,610459
7135212,43,68,7680,1998,3419.0,0.0,0.3658,3.231258,CHN,EGY,610459
7135213,61,68,7680,1998,2885.0,0.0,2.334028,-2.417278,DEU,EGY,610459
7135214,77,68,7680,1998,1045.0,0.0,1.707702,0.7784270000000001,FRA,EGY,610459
7135215,142,68,7680,1998,0.0,706.0,0.919593,-0.071451,MLT,EGY,610459
7135216,188,68,7680,1998,13514.0,0.0,0.521849,-0.7550899999999999,SAU,EGY,610459
7135217,224,68,7680,1998,6713.0,0.0,0.085286,1.653589,TUR,EGY,610459
7135218,15,72,7680,1998,0.0,6626.0,1.891966,0.508137,AUT,EST,610459
7135219,43,72,7680,1998,3698.0,0.0,0.3658,3.231258,CHN,EST,610459
7135220,64,72,7680,1998,2434.0,0.0,1.225999,1.470145,DNK,EST,610459
7135221,74,72,7680,1998,21335.0,70786.0,2.003987,0.995725,FIN,EST,610459
7135222,77,72,7680,1998,0.0,2995.0,1.707702,0.7784270000000001,FRA,EST,610459
7135223,104,72,7680,1998,5516.0,0.0,0.274308,2.316908,IND,EST,610459
7135224,111,72,7680,1998,1322.0,0.0,1.4532209999999999,1.191124,ITA,EST,610459
7135225,130,72,7680,1998,7741.0,1363.0,0.27073,0.692656,LTU,EST,610459
7135226,132,72,7680,1998,0.0,3615.0,0.322473,0.388421,LVA,EST,610459
7135227,163,72,7680,1998,0.0,3218.0,1.1660190000000001,0.43901899999999994,NOR,EST,610459
7135228,208,72,7680,1998,6712.0,48255.0,2.134076,0.9259729999999999,SWE,EST,610459
7135229,224,72,7680,1998,3143.0,0.0,0.085286,1.653589,TUR,EST,610459
7135230,231,72,7680,1998,1379.0,0.0,1.8223639999999999,0.761336,USA,EST,610459
7135231,250,72,7680,1998,4485.0,0.0,1.144164,1.187425,ANS,EST,610459
7135232,32,83,7680,1998,5126.0,0.0,0.768101,1.04589,BRA,GHA,610459
7135233,97,83,7680,1998,19066.0,0.0,0.46966099999999994,2.5744029999999998,HKG,GHA,610459
7135234,103,83,7680,1998,6482.0,0.0,-0.478253,1.350652,IDN,GHA,610459
7135235,121,83,7680,1998,999.0,0.0,0.999518,1.106351,KOR,GHA,610459
7135236,192,83,7680,1998,924.0,0.0,1.0029709999999998,0.506545,SGP,GHA,610459
7135237,215,83,7680,1998,1711.0,0.0,-0.8338540000000001,-0.8437020000000001,TGO,GHA,610459
7135238,216,83,7680,1998,24285.0,0.0,0.128633,1.484142,THA,GHA,610459
7135239,250,83,7680,1998,1217.0,0.0,1.144164,1.187425,ANS,GHA,610459
7135240,15,102,7680,1998,4914.0,7605.0,1.891966,0.508137,AUT,HUN,610459
7135241,18,102,7680,1998,0.0,19207.0,1.4740739999999999,1.2530430000000001,BEL,HUN,610459
7135242,23,102,7680,1998,0.0,5315.0,0.382782,1.5844479999999999,BGR,HUN,610459
7135243,39,102,7680,1998,0.0,5103.0,1.077343,1.119161,CAN,HUN,610459
7135244,41,102,7680,1998,0.0,15647.0,2.252965,0.561806,CHE,HUN,610459
7135245,43,102,7680,1998,36491.0,0.0,0.3658,3.231258,CHN,HUN,610459
7135246,59,102,7680,1998,81874.0,1665.0,1.36345,1.408508,CZE,HUN,610459
7135247,61,102,7680,1998,79448.0,779510.0,2.334028,-2.417278,DEU,HUN,610459
7135248,77,102,7680,1998,13400.0,36556.0,1.707702,0.7784270000000001,FRA,HUN,610459
7135249,81,102,7680,1998,13433.0,0.0,1.906738,0.489101,GBR,HUN,610459
7135250,100,102,7680,1998,0.0,900.0,0.692779,0.9919530000000001,HRV,HUN,610459
7135251,104,102,7680,1998,1100.0,0.0,0.274308,2.316908,IND,HUN,610459
7135252,111,102,7680,1998,3938.0,216764.0,1.4532209999999999,1.191124,ITA,HUN,610459
7135253,114,102,7680,1998,0.0,76321.0,2.550442,0.718063,JPN,HUN,610459
7135254,121,102,7680,1998,0.0,1374.0,0.999518,1.106351,KOR,HUN,610459
7135255,162,102,7680,1998,873.0,2505.0,1.248469,1.683182,NLD,HUN,610459
7135256,163,102,7680,1998,0.0,17320.0,1.1660190000000001,0.43901899999999994,NOR,HUN,610459
7135257,177,102,7680,1998,1862.0,0.0,0.8638309999999999,1.8881299999999999,POL,HUN,610459
7135258,179,102,7680,1998,1157.0,0.0,0.39771999999999996,1.303603,PRT,HUN,610459
7135259,185,102,7680,1998,1733.0,0.0,0.315392,0.961176,ROU,HUN,610459
7135260,186,102,7680,1998,0.0,1047.0,0.93909,0.59719,RUS,HUN,610459
7135261,188,102,7680,1998,0.0,2010.0,0.521849,-0.7550899999999999,SAU,HUN,610459
7135262,206,102,7680,1998,0.0,925.0,1.202453,1.228204,SVK,HUN,610459
7135263,207,102,7680,1998,0.0,1773.0,1.442955,1.27214,SVN,HUN,610459
7135264,224,102,7680,1998,1719.0,2564.0,0.085286,1.653589,TUR,HUN,610459
7135265,231,102,7680,1998,0.0,42216.0,1.8223639999999999,0.761336,USA,HUN,610459
7135266,249,102,7680,1998,0.0,4939.0,1.224725,1.890322,TWN,HUN,610459
7135267,7,104,7680,1998,0.0,48854.0,-0.274973,-0.481405,ARE,IND,610459
7135268,14,104,7680,1998,0.0,20671.0,0.375317,0.8864629999999999,AUS,IND,610459
7135269,15,104,7680,1998,0.0,35574.0,1.891966,0.508137,AUT,IND,610459
7135270,18,104,7680,1998,0.0,3910.0,1.4740739999999999,1.2530430000000001,BEL,IND,610459
7135271,30,104,7680,1998,0.0,1058.0,0.900948,-0.340868,BMU,IND,610459
7135272,32,104,7680,1998,0.0,4864.0,0.768101,1.04589,BRA,IND,610459
7135273,39,104,7680,1998,0.0,6365.0,1.077343,1.119161,CAN,IND,610459
7135274,41,104,7680,1998,0.0,36950.0,2.252965,0.561806,CHE,IND,610459
7135275,42,104,7680,1998,0.0,3017.0,0.029706,-0.061149,CHL,IND,610459
7135276,58,104,7680,1998,0.0,6127.0,0.45990600000000004,0.41840299999999997,CYP,IND,610459
7135277,59,104,7680,1998,0.0,801.0,1.36345,1.408508,CZE,IND,610459
7135278,61,104,7680,1998,0.0,156336.0,2.334028,-2.417278,DEU,IND,610459
7135279,64,104,7680,1998,0.0,11254.0,1.225999,1.470145,DNK,IND,610459
7135280,71,104,7680,1998,0.0,52021.0,1.051392,1.983438,ESP,IND,610459
7135281,72,104,7680,1998,0.0,5516.0,0.53408,1.07691,EST,IND,610459
7135282,74,104,7680,1998,0.0,19591.0,2.003987,0.995725,FIN,IND,610459
7135283,77,104,7680,1998,0.0,102996.0,1.707702,0.7784270000000001,FRA,IND,610459
7135284,81,104,7680,1998,0.0,89330.0,1.906738,0.489101,GBR,IND,610459
7135285,97,104,7680,1998,0.0,6470.0,0.46966099999999994,2.5744029999999998,HKG,IND,610459
7135286,102,104,7680,1998,0.0,1100.0,0.780392,1.450701,HUN,IND,610459
7135287,106,104,7680,1998,0.0,2628.0,1.451067,0.654442,IRL,IND,610459
7135288,110,104,7680,1998,0.0,3107.0,1.2643739999999999,0.958475,ISR,IND,610459
7135289,111,104,7680,1998,0.0,67484.0,1.4532209999999999,1.191124,ITA,IND,610459
7135290,114,104,7680,1998,0.0,5657.0,2.550442,0.718063,JPN,IND,610459
7135291,121,104,7680,1998,0.0,1075.0,0.999518,1.106351,KOR,IND,610459
7135292,122,104,7680,1998,0.0,14109.0,0.037029,-1.054761,KWT,IND,610459
7135293,137,104,7680,1998,0.0,347.0,-1.4121629999999998,-1.084394,MDV,IND,610459
7135294,162,104,7680,1998,13079.0,11643.0,1.248469,1.683182,NLD,IND,610459
7135295,163,104,7680,1998,0.0,5277.0,1.1660190000000001,0.43901899999999994,NOR,IND,610459
7135296,173,104,7680,1998,0.0,1758.0,-0.35875300000000004,0.042606,PER,IND,610459
7135297,177,104,7680,1998,0.0,17029.0,0.8638309999999999,1.8881299999999999,POL,IND,610459
7135298,179,104,7680,1998,0.0,1462.0,0.39771999999999996,1.303603,PRT,IND,610459
7135299,188,104,7680,1998,0.0,11533.0,0.521849,-0.7550899999999999,SAU,IND,610459
7135300,192,104,7680,1998,0.0,20137.0,1.0029709999999998,0.506545,SGP,IND,610459
7135301,208,104,7680,1998,0.0,50661.0,2.134076,0.9259729999999999,SWE,IND,610459
7135302,215,104,7680,1998,0.0,5533.0,-0.8338540000000001,-0.8437020000000001,TGO,IND,610459
7135303,222,104,7680,1998,0.0,872.0,0.273917,-0.453996,TTO,IND,610459
7135304,227,104,7680,1998,0.0,1134.0,-0.996762,-1.01326,UGA,IND,610459
7135305,231,104,7680,1998,0.0,314517.0,1.8223639999999999,0.761336,USA,IND,610459
7135306,236,104,7680,1998,0.0,9712.0,0.288717,-0.540639,VEN,IND,610459
7135307,246,104,7680,1998,0.0,2826.0,0.573958,1.3813739999999999,ZAF,IND,610459
7135308,249,104,7680,1998,0.0,5726.0,1.224725,1.890322,TWN,IND,610459
7135309,7,107,7680,1998,0.0,21293.0,-0.274973,-0.481405,ARE,IRN,610459
7135310,16,107,7680,1998,0.0,1914.0,0.344571,-0.321203,AZE,IRN,610459
7135311,43,107,7680,1998,2435.0,0.0,0.3658,3.231258,CHN,IRN,610459
7135312,61,107,7680,1998,953.0,0.0,2.334028,-2.417278,DEU,IRN,610459
7135313,82,107,7680,1998,0.0,4560.0,0.644307,0.304707,GEO,IRN,610459
7135314,108,107,7680,1998,0.0,237964.0,-1.4440030000000001,-0.808689,IRQ,IRN,610459
7135315,217,107,7680,1998,0.0,7695.0,-0.577873,-0.9368139999999999,TJK,IRN,610459
7135316,219,107,7680,1998,0.0,12477.0,-0.379934,-0.878598,TKM,IRN,610459
7135317,43,113,7680,1998,2027.0,0.0,0.3658,3.231258,CHN,JOR,610459
7135318,61,113,7680,1998,1859.0,0.0,2.334028,-2.417278,DEU,JOR,610459
7135319,162,113,7680,1998,8376.0,0.0,1.248469,1.683182,NLD,JOR,610459
7135320,224,113,7680,1998,7630.0,0.0,0.085286,1.653589,TUR,JOR,610459
7135321,14,114,7680,1998,0.0,1250.0,0.375317,0.8864629999999999,AUS,JPN,610459
7135322,15,114,7680,1998,13330.0,0.0,1.891966,0.508137,AUT,JPN,610459
7135323,18,114,7680,1998,46520.0,3506.0,1.4740739999999999,1.2530430000000001,BEL,JPN,610459
7135324,39,114,7680,1998,1574.0,0.0,1.077343,1.119161,CAN,JPN,610459
7135325,41,114,7680,1998,14787.0,0.0,2.252965,0.561806,CHE,JPN,610459
7135326,43,114,7680,1998,2215836.0,5450.0,0.3658,3.231258,CHN,JPN,610459
7135327,58,114,7680,1998,5863.0,0.0,0.45990600000000004,0.41840299999999997,CYP,JPN,610459
7135328,59,114,7680,1998,8204.0,0.0,1.36345,1.408508,CZE,JPN,610459
7135329,61,114,7680,1998,303528.0,7172.0,2.334028,-2.417278,DEU,JPN,610459
7135330,71,114,7680,1998,22395.0,0.0,1.051392,1.983438,ESP,JPN,610459
7135331,77,114,7680,1998,45645.0,5502.0,1.707702,0.7784270000000001,FRA,JPN,610459
7135332,81,114,7680,1998,121071.0,0.0,1.906738,0.489101,GBR,JPN,610459
7135333,90,114,7680,1998,5420.0,0.0,0.183835,1.1512790000000002,GRC,JPN,610459
7135334,97,114,7680,1998,162869.0,18052.0,0.46966099999999994,2.5744029999999998,HKG,JPN,610459
7135335,102,114,7680,1998,76321.0,0.0,0.780392,1.450701,HUN,JPN,610459
7135336,103,114,7680,1998,6403.0,0.0,-0.478253,1.350652,IDN,JPN,610459
7135337,104,114,7680,1998,5657.0,0.0,0.274308,2.316908,IND,JPN,610459
7135338,110,114,7680,1998,4734.0,0.0,1.2643739999999999,0.958475,ISR,JPN,610459
7135339,111,114,7680,1998,236878.0,0.0,1.4532209999999999,1.191124,ITA,JPN,610459
7135340,121,114,7680,1998,430501.0,0.0,0.999518,1.106351,KOR,JPN,610459
7135341,133,114,7680,1998,12220.0,0.0,-0.21838000000000002,-0.370322,MAC,JPN,610459
7135342,134,114,7680,1998,8775.0,0.0,-0.7299479999999999,-0.23758200000000002,MAR,JPN,610459
7135343,146,114,7680,1998,59746.0,0.0,-0.144048,-0.7987479999999999,MNP,JPN,610459
7135344,162,114,7680,1998,1347.0,0.0,1.248469,1.683182,NLD,JPN,610459
7135345,179,114,7680,1998,22806.0,0.0,0.39771999999999996,1.303603,PRT,JPN,610459
7135346,185,114,7680,1998,1386.0,0.0,0.315392,0.961176,ROU,JPN,610459
7135347,192,114,7680,1998,1778.0,27648.0,1.0029709999999998,0.506545,SGP,JPN,610459
7135348,206,114,7680,1998,13454.0,0.0,1.202453,1.228204,SVK,JPN,610459
7135349,216,114,7680,1998,102528.0,1228.0,0.128633,1.484142,THA,JPN,610459
7135350,223,114,7680,1998,9755.0,0.0,-0.21677,-0.08694299999999999,TUN,JPN,610459
7135351,224,114,7680,1998,3334.0,0.0,0.085286,1.653589,TUR,JPN,610459
7135352,231,114,7680,1998,361655.0,18121.0,1.8223639999999999,0.761336,USA,JPN,610459
7135353,239,114,7680,1998,9061.0,0.0,-0.9395469999999999,0.060697,VNM,JPN,610459
7135354,249,114,7680,1998,10501.0,68007.0,1.224725,1.890322,TWN,JPN,610459
7135355,18,130,7680,1998,0.0,2487.0,1.4740739999999999,1.2530430000000001,BEL,LTU,610459
7135356,61,130,7680,1998,8328.0,74934.0,2.334028,-2.417278,DEU,LTU,610459
7135357,64,130,7680,1998,2105.0,12284.0,1.225999,1.470145,DNK,LTU,610459
7135358,71,130,7680,1998,0.0,3188.0,1.051392,1.983438,ESP,LTU,610459
7135359,72,130,7680,1998,1363.0,7741.0,0.53408,1.07691,EST,LTU,610459
7135360,74,130,7680,1998,0.0,23508.0,2.003987,0.995725,FIN,LTU,610459
7135361,77,130,7680,1998,1891.0,11436.0,1.707702,0.7784270000000001,FRA,LTU,610459
7135362,81,130,7680,1998,4744.0,64419.0,1.906738,0.489101,GBR,LTU,610459
7135363,106,130,7680,1998,0.0,413.0,1.451067,0.654442,IRL,LTU,610459
7135364,111,130,7680,1998,6023.0,0.0,1.4532209999999999,1.191124,ITA,LTU,610459
7135365,132,130,7680,1998,2691.0,0.0,0.322473,0.388421,LVA,LTU,610459
7135366,162,130,7680,1998,1682.0,14007.0,1.248469,1.683182,NLD,LTU,610459
7135367,163,130,7680,1998,0.0,15413.0,1.1660190000000001,0.43901899999999994,NOR,LTU,610459
7135368,177,130,7680,1998,2114.0,0.0,0.8638309999999999,1.8881299999999999,POL,LTU,610459
7135369,186,130,7680,1998,0.0,149938.0,0.93909,0.59719,RUS,LTU,610459
7135370,188,130,7680,1998,0.0,12042.0,0.521849,-0.7550899999999999,SAU,LTU,610459
7135371,208,130,7680,1998,0.0,71233.0,2.134076,0.9259729999999999,SWE,LTU,610459
7135372,224,130,7680,1998,1139.0,0.0,0.085286,1.653589,TUR,LTU,610459
7135373,228,130,7680,1998,0.0,1800.0,0.880876,0.783668,UKR,LTU,610459
7135374,231,130,7680,1998,0.0,13296.0,1.8223639999999999,0.761336,USA,LTU,610459
7135375,249,130,7680,1998,0.0,8685.0,1.224725,1.890322,TWN,LTU,610459
7135376,15,132,7680,1998,0.0,5552.0,1.891966,0.508137,AUT,LVA,610459
7135377,18,132,7680,1998,1041.0,0.0,1.4740739999999999,1.2530430000000001,BEL,LVA,610459
7135378,61,132,7680,1998,5049.0,28081.0,2.334028,-2.417278,DEU,LVA,610459
7135379,64,132,7680,1998,0.0,10071.0,1.225999,1.470145,DNK,LVA,610459
7135380,72,132,7680,1998,3615.0,0.0,0.53408,1.07691,EST,LVA,610459
7135381,74,132,7680,1998,0.0,10478.0,2.003987,0.995725,FIN,LVA,610459
7135382,77,132,7680,1998,0.0,1856.0,1.707702,0.7784270000000001,FRA,LVA,610459
7135383,81,132,7680,1998,4391.0,0.0,1.906738,0.489101,GBR,LVA,610459
7135384,97,132,7680,1998,1383.0,0.0,0.46966099999999994,2.5744029999999998,HKG,LVA,610459
7135385,103,132,7680,1998,1026.0,0.0,-0.478253,1.350652,IDN,LVA,610459
7135386,111,132,7680,1998,7699.0,0.0,1.4532209999999999,1.191124,ITA,LVA,610459
7135387,130,132,7680,1998,0.0,2691.0,0.27073,0.692656,LTU,LVA,610459
7135388,162,132,7680,1998,2756.0,0.0,1.248469,1.683182,NLD,LVA,610459
7135389,163,132,7680,1998,0.0,29307.0,1.1660190000000001,0.43901899999999994,NOR,LVA,610459
7135390,186,132,7680,1998,0.0,4578.0,0.93909,0.59719,RUS,LVA,610459
7135391,208,132,7680,1998,2335.0,192163.0,2.134076,0.9259729999999999,SWE,LVA,610459
7135392,43,142,7680,1998,5758.0,0.0,0.3658,3.231258,CHN,MLT,610459
7135393,68,142,7680,1998,706.0,0.0,-0.462755,0.079802,EGY,MLT,610459
7135394,77,142,7680,1998,2492.0,0.0,1.707702,0.7784270000000001,FRA,MLT,610459
7135395,81,142,7680,1998,14804.0,0.0,1.906738,0.489101,GBR,MLT,610459
7135396,90,142,7680,1998,2960.0,0.0,0.183835,1.1512790000000002,GRC,MLT,610459
7135397,97,142,7680,1998,3065.0,0.0,0.46966099999999994,2.5744029999999998,HKG,MLT,610459
7135398,111,142,7680,1998,74808.0,0.0,1.4532209999999999,1.191124,ITA,MLT,610459
7135399,128,142,7680,1998,1089.0,0.0,-0.933293,-0.233566,LKA,MLT,610459
7135400,134,142,7680,1998,3875.0,0.0,-0.7299479999999999,-0.23758200000000002,MAR,MLT,610459
7135401,162,142,7680,1998,992.0,0.0,1.248469,1.683182,NLD,MLT,610459
7135402,185,142,7680,1998,1591.0,0.0,0.315392,0.961176,ROU,MLT,610459
7135403,224,142,7680,1998,5273.0,0.0,0.085286,1.653589,TUR,MLT,610459
7135404,250,142,7680,1998,5201.0,0.0,1.144164,1.187425,ANS,MLT,610459
7135405,246,152,7680,1998,0.0,83417.0,0.573958,1.3813739999999999,ZAF,MWI,610459
7135406,248,152,7680,1998,0.0,6856.0,-0.49939399999999995,-0.430733,ZWE,MWI,610459
7135407,61,167,7680,1998,1547.0,0.0,2.334028,-2.417278,DEU,OMN,610459
7135408,8,177,7680,1998,0.0,7969.0,0.272015,0.45031099999999996,ARG,POL,610459
7135409,15,177,7680,1998,0.0,25845.0,1.891966,0.508137,AUT,POL,610459
7135410,43,177,7680,1998,5514.0,0.0,0.3658,3.231258,CHN,POL,610459
7135411,59,177,7680,1998,0.0,16784.0,1.36345,1.408508,CZE,POL,610459
7135412,61,177,7680,1998,136660.0,1223788.0,2.334028,-2.417278,DEU,POL,610459
7135413,64,177,7680,1998,39960.0,549911.0,1.225999,1.470145,DNK,POL,610459
7135414,71,177,7680,1998,0.0,36269.0,1.051392,1.983438,ESP,POL,610459
7135415,74,177,7680,1998,0.0,1026.0,2.003987,0.995725,FIN,POL,610459
7135416,77,177,7680,1998,87714.0,91432.0,1.707702,0.7784270000000001,FRA,POL,610459
7135417,78,177,7680,1998,0.0,1716.0,-0.6159899999999999,-0.828198,FRO,POL,610459
7135418,81,177,7680,1998,1357.0,0.0,1.906738,0.489101,GBR,POL,610459
7135419,97,177,7680,1998,822.0,0.0,0.46966099999999994,2.5744029999999998,HKG,POL,610459
7135420,102,177,7680,1998,0.0,1862.0,0.780392,1.450701,HUN,POL,610459
7135421,104,177,7680,1998,17029.0,0.0,0.274308,2.316908,IND,POL,610459
7135422,106,177,7680,1998,0.0,842.0,1.451067,0.654442,IRL,POL,610459
7135423,111,177,7680,1998,44812.0,0.0,1.4532209999999999,1.191124,ITA,POL,610459
7135424,130,177,7680,1998,0.0,2114.0,0.27073,0.692656,LTU,POL,610459
7135425,135,177,7680,1998,2955.0,0.0,-0.112783,-0.276584,MDA,POL,610459
7135426,138,177,7680,1998,0.0,1414.0,0.525671,0.880649,MEX,POL,610459
7135427,162,177,7680,1998,0.0,177591.0,1.248469,1.683182,NLD,POL,610459
7135428,163,177,7680,1998,0.0,9253.0,1.1660190000000001,0.43901899999999994,NOR,POL,610459
7135429,186,177,7680,1998,0.0,1241.0,0.93909,0.59719,RUS,POL,610459
7135430,188,177,7680,1998,0.0,12236.0,0.521849,-0.7550899999999999,SAU,POL,610459
7135431,206,177,7680,1998,0.0,9156.0,1.202453,1.228204,SVK,POL,610459
7135432,208,177,7680,1998,15232.0,73746.0,2.134076,0.9259729999999999,SWE,POL,610459
7135433,224,177,7680,1998,8093.0,0.0,0.085286,1.653589,TUR,POL,610459
7135434,231,177,7680,1998,0.0,15933.0,1.8223639999999999,0.761336,USA,POL,610459
7135435,249,177,7680,1998,0.0,4491.0,1.224725,1.890322,TWN,POL,610459
7135436,250,177,7680,1998,165458.0,66357.0,1.144164,1.187425,ANS,POL,610459
7135437,15,185,7680,1998,0.0,6818.0,1.891966,0.508137,AUT,ROU,610459
7135438,18,185,7680,1998,0.0,12548.0,1.4740739999999999,1.2530430000000001,BEL,ROU,610459
7135439,39,185,7680,1998,0.0,1223.0,1.077343,1.119161,CAN,ROU,610459
7135440,41,185,7680,1998,0.0,1689.0,2.252965,0.561806,CHE,ROU,610459
7135441,43,185,7680,1998,3028.0,0.0,0.3658,3.231258,CHN,ROU,610459
7135442,61,185,7680,1998,4931.0,136091.0,2.334028,-2.417278,DEU,ROU,610459
7135443,74,185,7680,1998,0.0,1302.0,2.003987,0.995725,FIN,ROU,610459
7135444,77,185,7680,1998,0.0,17956.0,1.707702,0.7784270000000001,FRA,ROU,610459
7135445,81,185,7680,1998,0.0,5277.0,1.906738,0.489101,GBR,ROU,610459
7135446,102,185,7680,1998,0.0,1733.0,0.780392,1.450701,HUN,ROU,610459
7135447,106,185,7680,1998,0.0,2962.0,1.451067,0.654442,IRL,ROU,610459
7135448,109,185,7680,1998,0.0,431.0,0.18141300000000002,-0.47993500000000006,ISL,ROU,610459
7135449,110,185,7680,1998,733.0,0.0,1.2643739999999999,0.958475,ISR,ROU,610459
7135450,111,185,7680,1998,26510.0,64716.0,1.4532209999999999,1.191124,ITA,ROU,610459
7135451,114,185,7680,1998,0.0,1386.0,2.550442,0.718063,JPN,ROU,610459
7135452,121,185,7680,1998,1331.0,0.0,0.999518,1.106351,KOR,ROU,610459
7135453,142,185,7680,1998,0.0,1591.0,0.919593,-0.071451,MLT,ROU,610459
7135454,163,185,7680,1998,0.0,11439.0,1.1660190000000001,0.43901899999999994,NOR,ROU,610459
7135455,188,185,7680,1998,0.0,4238.0,0.521849,-0.7550899999999999,SAU,ROU,610459
7135456,231,185,7680,1998,0.0,51164.0,1.8223639999999999,0.761336,USA,ROU,610459
7135457,249,185,7680,1998,0.0,898.0,1.224725,1.890322,TWN,ROU,610459
7135458,15,186,7680,1998,1579.0,0.0,1.891966,0.508137,AUT,RUS,610459
7135459,28,186,7680,1998,10331.0,0.0,0.9122049999999999,1.161741,BLR,RUS,610459
7135460,43,186,7680,1998,448741.0,0.0,0.3658,3.231258,CHN,RUS,610459
7135461,59,186,7680,1998,46596.0,0.0,1.36345,1.408508,CZE,RUS,610459
7135462,61,186,7680,1998,123814.0,32144.0,2.334028,-2.417278,DEU,RUS,610459
7135463,64,186,7680,1998,2249.0,0.0,1.225999,1.470145,DNK,RUS,610459
7135464,71,186,7680,1998,14222.0,0.0,1.051392,1.983438,ESP,RUS,610459
7135465,74,186,7680,1998,18664.0,0.0,2.003987,0.995725,FIN,RUS,610459
7135466,77,186,7680,1998,42208.0,2041.0,1.707702,0.7784270000000001,FRA,RUS,610459
7135467,81,186,7680,1998,31885.0,0.0,1.906738,0.489101,GBR,RUS,610459
7135468,97,186,7680,1998,17039.0,0.0,0.46966099999999994,2.5744029999999998,HKG,RUS,610459
7135469,102,186,7680,1998,1047.0,0.0,0.780392,1.450701,HUN,RUS,610459
7135470,111,186,7680,1998,81674.0,0.0,1.4532209999999999,1.191124,ITA,RUS,610459
7135471,115,186,7680,1998,0.0,11276.0,0.245507,-0.389842,KAZ,RUS,610459
7135472,121,186,7680,1998,251171.0,0.0,0.999518,1.106351,KOR,RUS,610459
7135473,130,186,7680,1998,149938.0,0.0,0.27073,0.692656,LTU,RUS,610459
7135474,132,186,7680,1998,4578.0,0.0,0.322473,0.388421,LVA,RUS,610459
7135475,162,186,7680,1998,1433.0,0.0,1.248469,1.683182,NLD,RUS,610459
7135476,177,186,7680,1998,1241.0,0.0,0.8638309999999999,1.8881299999999999,POL,RUS,610459
7135477,207,186,7680,1998,999.0,2396.0,1.442955,1.27214,SVN,RUS,610459
7135478,219,186,7680,1998,0.0,1353.0,-0.379934,-0.878598,TKM,RUS,610459
7135479,224,186,7680,1998,24464.0,0.0,0.085286,1.653589,TUR,RUS,610459
7135480,231,186,7680,1998,3326.0,58523.0,1.8223639999999999,0.761336,USA,RUS,610459
7135481,249,186,7680,1998,0.0,1307.0,1.224725,1.890322,TWN,RUS,610459
7135482,250,186,7680,1998,233670.0,0.0,1.144164,1.187425,ANS,RUS,610459
7135483,7,188,7680,1998,23508.0,0.0,-0.274973,-0.481405,ARE,SAU,610459
7135484,18,188,7680,1998,5551.0,0.0,1.4740739999999999,1.2530430000000001,BEL,SAU,610459
7135485,22,188,7680,1998,5806.0,0.0,-1.130729,-1.001385,BGD,SAU,610459
7135486,32,188,7680,1998,5018.0,0.0,0.768101,1.04589,BRA,SAU,610459
7135487,39,188,7680,1998,3874.0,0.0,1.077343,1.119161,CAN,SAU,610459
7135488,41,188,7680,1998,3006.0,0.0,2.252965,0.561806,CHE,SAU,610459
7135489,43,188,7680,1998,63622.0,0.0,0.3658,3.231258,CHN,SAU,610459
7135490,58,188,7680,1998,3770.0,0.0,0.45990600000000004,0.41840299999999997,CYP,SAU,610459
7135491,59,188,7680,1998,1791.0,0.0,1.36345,1.408508,CZE,SAU,610459
7135492,61,188,7680,1998,45270.0,0.0,2.334028,-2.417278,DEU,SAU,610459
7135493,62,188,7680,1998,0.0,32684.0,0.521307,-0.071371,DJI,SAU,610459
7135494,68,188,7680,1998,0.0,13514.0,-0.462755,0.079802,EGY,SAU,610459
7135495,71,188,7680,1998,3137.0,0.0,1.051392,1.983438,ESP,SAU,610459
7135496,77,188,7680,1998,22443.0,0.0,1.707702,0.7784270000000001,FRA,SAU,610459
7135497,81,188,7680,1998,117687.0,0.0,1.906738,0.489101,GBR,SAU,610459
7135498,84,188,7680,1998,3123.0,0.0,0.6941689999999999,-0.21656,GIB,SAU,610459
7135499,97,188,7680,1998,17610.0,0.0,0.46966099999999994,2.5744029999999998,HKG,SAU,610459
7135500,102,188,7680,1998,2010.0,0.0,0.780392,1.450701,HUN,SAU,610459
7135501,103,188,7680,1998,36758.0,0.0,-0.478253,1.350652,IDN,SAU,610459
7135502,104,188,7680,1998,11533.0,0.0,0.274308,2.316908,IND,SAU,610459
7135503,106,188,7680,1998,6131.0,0.0,1.451067,0.654442,IRL,SAU,610459
7135504,111,188,7680,1998,12559.0,0.0,1.4532209999999999,1.191124,ITA,SAU,610459
7135505,121,188,7680,1998,12497.0,0.0,0.999518,1.106351,KOR,SAU,610459
7135506,122,188,7680,1998,0.0,3247.0,0.037029,-1.054761,KWT,SAU,610459
7135507,124,188,7680,1998,7340.0,0.0,0.23803200000000002,0.9927860000000001,LBN,SAU,610459
7135508,126,188,7680,1998,24497.0,0.0,-0.303379,-1.1347180000000001,LBY,SAU,610459
7135509,128,188,7680,1998,31351.0,0.0,-0.933293,-0.233566,LKA,SAU,610459
7135510,130,188,7680,1998,12042.0,0.0,0.27073,0.692656,LTU,SAU,610459
7135511,133,188,7680,1998,8387.0,0.0,-0.21838000000000002,-0.370322,MAC,SAU,610459
7135512,134,188,7680,1998,25946.0,0.0,-0.7299479999999999,-0.23758200000000002,MAR,SAU,610459
7135513,138,188,7680,1998,4225.0,0.0,0.525671,0.880649,MEX,SAU,610459
7135514,151,188,7680,1998,8605.0,0.0,-0.621599,-0.755795,MUS,SAU,610459
7135515,153,188,7680,1998,4667.0,0.0,0.396826,0.203792,MYS,SAU,610459
7135516,162,188,7680,1998,1635.0,0.0,1.248469,1.683182,NLD,SAU,610459
7135517,168,188,7680,1998,8077.0,0.0,-0.9008149999999999,-0.448942,PAK,SAU,610459
7135518,174,188,7680,1998,3330.0,0.0,-0.262725,-0.075781,PHL,SAU,610459
7135519,177,188,7680,1998,12236.0,0.0,0.8638309999999999,1.8881299999999999,POL,SAU,610459
7135520,179,188,7680,1998,14097.0,0.0,0.39771999999999996,1.303603,PRT,SAU,610459
7135521,185,188,7680,1998,4238.0,0.0,0.315392,0.961176,ROU,SAU,610459
7135522,212,188,7680,1998,5169.0,0.0,-0.807312,-0.626358,SYR,SAU,610459
7135523,214,188,7680,1998,0.0,15185.0,-1.779351,-0.915178,TCD,SAU,610459
7135524,216,188,7680,1998,27166.0,0.0,0.128633,1.484142,THA,SAU,610459
7135525,224,188,7680,1998,122341.0,0.0,0.085286,1.653589,TUR,SAU,610459
7135526,246,188,7680,1998,3060.0,0.0,0.573958,1.3813739999999999,ZAF,SAU,610459
7135527,249,188,7680,1998,9565.0,0.0,1.224725,1.890322,TWN,SAU,610459
7135528,18,189,7680,1998,953.0,1324.0,1.4740739999999999,1.2530430000000001,BEL,SCG,610459
7135529,43,189,7680,1998,1291.0,0.0,0.3658,3.231258,CHN,SCG,610459
7135530,61,189,7680,1998,0.0,4838.0,2.334028,-2.417278,DEU,SCG,610459
7135531,90,189,7680,1998,0.0,15324.0,0.183835,1.1512790000000002,GRC,SCG,610459
7135532,111,189,7680,1998,3567.0,0.0,1.4532209999999999,1.191124,ITA,SCG,610459
7135533,140,189,7680,1998,0.0,7318.0,0.102559,0.591468,MKD,SCG,610459
7135534,7,192,7680,1998,0.0,4867.0,-0.274973,-0.481405,ARE,SGP,610459
7135535,14,192,7680,1998,8528.0,0.0,0.375317,0.8864629999999999,AUS,SGP,610459
7135536,18,192,7680,1998,1076.0,24014.0,1.4740739999999999,1.2530430000000001,BEL,SGP,610459
7135537,22,192,7680,1998,19537.0,0.0,-1.130729,-1.001385,BGD,SGP,610459
7135538,32,192,7680,1998,0.0,73446.0,0.768101,1.04589,BRA,SGP,610459
7135539,34,192,7680,1998,0.0,2954.0,-0.445218,-0.833083,BRN,SGP,610459
7135540,43,192,7680,1998,36339.0,0.0,0.3658,3.231258,CHN,SGP,610459
7135541,61,192,7680,1998,9582.0,1210.0,2.334028,-2.417278,DEU,SGP,610459
7135542,64,192,7680,1998,0.0,13239.0,1.225999,1.470145,DNK,SGP,610459
7135543,71,192,7680,1998,3267.0,0.0,1.051392,1.983438,ESP,SGP,610459
7135544,77,192,7680,1998,12683.0,6973.0,1.707702,0.7784270000000001,FRA,SGP,610459
7135545,81,192,7680,1998,56833.0,19861.0,1.906738,0.489101,GBR,SGP,610459
7135546,83,192,7680,1998,0.0,924.0,-1.215123,-1.0427620000000002,GHA,SGP,610459
7135547,97,192,7680,1998,195750.0,9436.0,0.46966099999999994,2.5744029999999998,HKG,SGP,610459
7135548,103,192,7680,1998,3448.0,0.0,-0.478253,1.350652,IDN,SGP,610459
7135549,104,192,7680,1998,20137.0,0.0,0.274308,2.316908,IND,SGP,610459
7135550,106,192,7680,1998,0.0,31831.0,1.451067,0.654442,IRL,SGP,610459
7135551,111,192,7680,1998,225608.0,0.0,1.4532209999999999,1.191124,ITA,SGP,610459
7135552,114,192,7680,1998,27648.0,1778.0,2.550442,0.718063,JPN,SGP,610459
7135553,121,192,7680,1998,50203.0,2961.0,0.999518,1.106351,KOR,SGP,610459
7135554,128,192,7680,1998,0.0,47243.0,-0.933293,-0.233566,LKA,SGP,610459
7135555,153,192,7680,1998,280607.0,283490.0,0.396826,0.203792,MYS,SGP,610459
7135556,156,192,7680,1998,0.0,5803.0,-0.846726,-0.879084,NCL,SGP,610459
7135557,162,192,7680,1998,11726.0,2864.0,1.248469,1.683182,NLD,SGP,610459
7135558,176,192,7680,1998,0.0,12387.0,-2.060952,-1.237969,PNG,SGP,610459
7135559,179,192,7680,1998,0.0,1238.0,0.39771999999999996,1.303603,PRT,SGP,610459
7135560,182,192,7680,1998,0.0,24867.0,0.422645,-0.607595,PYF,SGP,610459
7135561,195,192,7680,1998,0.0,13973.0,-1.512541,-0.9275700000000001,SLB,SGP,610459
7135562,211,192,7680,1998,0.0,857.0,0.265625,-0.590012,SYC,SGP,610459
7135563,216,192,7680,1998,29451.0,29966.0,0.128633,1.484142,THA,SGP,610459
7135564,231,192,7680,1998,23046.0,7379.0,1.8223639999999999,0.761336,USA,SGP,610459
7135565,239,192,7680,1998,39992.0,0.0,-0.9395469999999999,0.060697,VNM,SGP,610459
7135566,240,192,7680,1998,0.0,49855.0,-1.176751,-0.9141819999999999,VUT,SGP,610459
7135567,246,192,7680,1998,0.0,3474.0,0.573958,1.3813739999999999,ZAF,SGP,610459
7135568,249,192,7680,1998,4359.0,0.0,1.224725,1.890322,TWN,SGP,610459
7135569,250,192,7680,1998,0.0,1583.0,1.144164,1.187425,ANS,SGP,610459
7135570,15,206,7680,1998,1080.0,26930.0,1.891966,0.508137,AUT,SVK,610459
7135571,59,206,7680,1998,15673.0,4917.0,1.36345,1.408508,CZE,SVK,610459
7135572,61,206,7680,1998,1901.0,36858.0,2.334028,-2.417278,DEU,SVK,610459
7135573,77,206,7680,1998,1745.0,4286.0,1.707702,0.7784270000000001,FRA,SVK,610459
7135574,81,206,7680,1998,12177.0,0.0,1.906738,0.489101,GBR,SVK,610459
7135575,90,206,7680,1998,965.0,0.0,0.183835,1.1512790000000002,GRC,SVK,610459
7135576,102,206,7680,1998,925.0,0.0,0.780392,1.450701,HUN,SVK,610459
7135577,111,206,7680,1998,3547.0,12276.0,1.4532209999999999,1.191124,ITA,SVK,610459
7135578,114,206,7680,1998,0.0,13454.0,2.550442,0.718063,JPN,SVK,610459
7135579,177,206,7680,1998,9156.0,0.0,0.8638309999999999,1.8881299999999999,POL,SVK,610459
7135580,208,206,7680,1998,0.0,8403.0,2.134076,0.9259729999999999,SWE,SVK,610459
7135581,224,206,7680,1998,3859.0,0.0,0.085286,1.653589,TUR,SVK,610459
7135582,231,206,7680,1998,0.0,7057.0,1.8223639999999999,0.761336,USA,SVK,610459
7135583,250,206,7680,1998,3796.0,0.0,1.144164,1.187425,ANS,SVK,610459
7135584,61,228,7680,1998,11774.0,67453.0,2.334028,-2.417278,DEU,UKR,610459
7135585,130,228,7680,1998,1800.0,0.0,0.27073,0.692656,LTU,UKR,610459
7135586,162,228,7680,1998,0.0,11409.0,1.248469,1.683182,NLD,UKR,610459
7135587,207,228,7680,1998,1414.0,0.0,1.442955,1.27214,SVN,UKR,610459
7135588,224,228,7680,1998,0.0,75126.0,0.085286,1.653589,TUR,UKR,610459
7135589,231,228,7680,1998,0.0,64013.0,1.8223639999999999,0.761336,USA,UKR,610459
7135590,14,249,7680,1998,0.0,5895.0,0.375317,0.8864629999999999,AUS,TWN,610459
7135591,15,249,7680,1998,805.0,1531.0,1.891966,0.508137,AUT,TWN,610459
7135592,18,249,7680,1998,1614.0,0.0,1.4740739999999999,1.2530430000000001,BEL,TWN,610459
7135593,39,249,7680,1998,0.0,19357.0,1.077343,1.119161,CAN,TWN,610459
7135594,41,249,7680,1998,4171.0,2526.0,2.252965,0.561806,CHE,TWN,610459
7135595,42,249,7680,1998,0.0,26347.0,0.029706,-0.061149,CHL,TWN,610459
7135596,43,249,7680,1998,82789.0,10495.0,0.3658,3.231258,CHN,TWN,610459
7135597,58,249,7680,1998,0.0,2353.0,0.45990600000000004,0.41840299999999997,CYP,TWN,610459
7135598,61,249,7680,1998,88535.0,7700.0,2.334028,-2.417278,DEU,TWN,610459
7135599,71,249,7680,1998,42934.0,0.0,1.051392,1.983438,ESP,TWN,610459
7135600,77,249,7680,1998,1179.0,0.0,1.707702,0.7784270000000001,FRA,TWN,610459
7135601,81,249,7680,1998,3897.0,7647.0,1.906738,0.489101,GBR,TWN,610459
7135602,97,249,7680,1998,521679.0,120964.0,0.46966099999999994,2.5744029999999998,HKG,TWN,610459
7135603,102,249,7680,1998,4939.0,0.0,0.780392,1.450701,HUN,TWN,610459
7135604,104,249,7680,1998,5726.0,0.0,0.274308,2.316908,IND,TWN,610459
7135605,109,249,7680,1998,0.0,1029.0,0.18141300000000002,-0.47993500000000006,ISL,TWN,610459
7135606,111,249,7680,1998,8946.0,0.0,1.4532209999999999,1.191124,ITA,TWN,610459
7135607,114,249,7680,1998,68007.0,10501.0,2.550442,0.718063,JPN,TWN,610459
7135608,121,249,7680,1998,12800.0,0.0,0.999518,1.106351,KOR,TWN,610459
7135609,128,249,7680,1998,26996.0,0.0,-0.933293,-0.233566,LKA,TWN,610459
7135610,130,249,7680,1998,8685.0,0.0,0.27073,0.692656,LTU,TWN,610459
7135611,133,249,7680,1998,39947.0,0.0,-0.21838000000000002,-0.370322,MAC,TWN,610459
7135612,138,249,7680,1998,0.0,1579.0,0.525671,0.880649,MEX,TWN,610459
7135613,153,249,7680,1998,1209.0,0.0,0.396826,0.203792,MYS,TWN,610459
7135614,177,249,7680,1998,4491.0,0.0,0.8638309999999999,1.8881299999999999,POL,TWN,610459
7135615,179,249,7680,1998,6142.0,0.0,0.39771999999999996,1.303603,PRT,TWN,610459
7135616,185,249,7680,1998,898.0,0.0,0.315392,0.961176,ROU,TWN,610459
7135617,186,249,7680,1998,1307.0,0.0,0.93909,0.59719,RUS,TWN,610459
7135618,188,249,7680,1998,0.0,9565.0,0.521849,-0.7550899999999999,SAU,TWN,610459
7135619,192,249,7680,1998,0.0,4359.0,1.0029709999999998,0.506545,SGP,TWN,610459
7135620,215,249,7680,1998,0.0,2763.0,-0.8338540000000001,-0.8437020000000001,TGO,TWN,610459
7135621,216,249,7680,1998,6328.0,0.0,0.128633,1.484142,THA,TWN,610459
7135622,224,249,7680,1998,1070.0,0.0,0.085286,1.653589,TUR,TWN,610459
7135623,231,249,7680,1998,6900.0,3164448.0,1.8223639999999999,0.761336,USA,TWN,610459
7135624,239,249,7680,1998,7434.0,0.0,-0.9395469999999999,0.060697,VNM,TWN,610459
7135625,246,249,7680,1998,0.0,2765.0,0.573958,1.3813739999999999,ZAF,TWN,610459
7135626,250,249,7680,1998,6640.0,1129.0,1.144164,1.187425,ANS,TWN,610459
7135627,32,8,7680,1998,9802.0,4731.0,0.768101,1.04589,BRA,ARG,610459
7135628,42,8,7680,1998,0.0,1928.0,0.029706,-0.061149,CHL,ARG,610459
7135629,43,8,7680,1998,25616.0,0.0,0.3658,3.231258,CHN,ARG,610459
7135630,61,8,7680,1998,2997.0,0.0,2.334028,-2.417278,DEU,ARG,610459
7135631,71,8,7680,1998,2864.0,0.0,1.051392,1.983438,ESP,ARG,610459
7135632,77,8,7680,1998,1648.0,0.0,1.707702,0.7784270000000001,FRA,ARG,610459
7135633,97,8,7680,1998,34494.0,0.0,0.46966099999999994,2.5744029999999998,HKG,ARG,610459
7135634,110,8,7680,1998,2188.0,0.0,1.2643739999999999,0.958475,ISR,ARG,610459
7135635,111,8,7680,1998,4009.0,0.0,1.4532209999999999,1.191124,ITA,ARG,610459
7135636,177,8,7680,1998,7969.0,0.0,0.8638309999999999,1.8881299999999999,POL,ARG,610459
7135637,179,8,7680,1998,1356.0,0.0,0.39771999999999996,1.303603,PRT,ARG,610459
7135638,180,8,7680,1998,3517.0,1463.0,-0.204539,-0.766486,PRY,ARG,610459
7135639,230,8,7680,1998,6438.0,1960.0,0.323022,0.293694,URY,ARG,610459
7135640,231,8,7680,1998,3312.0,6377.0,1.8223639999999999,0.761336,USA,ARG,610459
7135641,8,42,7680,1998,1928.0,0.0,0.272015,0.45031099999999996,ARG,CHL,610459
7135642,31,42,7680,1998,0.0,3932.0,-0.49860699999999997,-0.748521,BOL,CHL,610459
7135643,43,42,7680,1998,17854.0,0.0,0.3658,3.231258,CHN,CHL,610459
7135644,64,42,7680,1998,2540.0,0.0,1.225999,1.470145,DNK,CHL,610459
7135645,71,42,7680,1998,50871.0,0.0,1.051392,1.983438,ESP,CHL,610459
7135646,77,42,7680,1998,16148.0,0.0,1.707702,0.7784270000000001,FRA,CHL,610459
7135647,103,42,7680,1998,9325.0,0.0,-0.478253,1.350652,IDN,CHL,610459
7135648,104,42,7680,1998,3017.0,0.0,0.274308,2.316908,IND,CHL,610459
7135649,111,42,7680,1998,15096.0,0.0,1.4532209999999999,1.191124,ITA,CHL,610459
7135650,121,42,7680,1998,1315.0,0.0,0.999518,1.106351,KOR,CHL,610459
7135651,231,42,7680,1998,37539.0,0.0,1.8223639999999999,0.761336,USA,CHL,610459
7135652,249,42,7680,1998,26347.0,0.0,1.224725,1.890322,TWN,CHL,610459
7135653,250,42,7680,1998,4394.0,0.0,1.144164,1.187425,ANS,CHL,610459
7135654,77,44,7680,1998,2886.0,0.0,1.707702,0.7784270000000001,FRA,CIV,610459
7135655,77,80,7680,1998,20327.0,0.0,1.707702,0.7784270000000001,FRA,GAB,610459
7135656,231,85,7680,1998,37009.0,0.0,1.8223639999999999,0.761336,USA,GIN,610459
7135657,77,116,7680,1998,825.0,0.0,1.707702,0.7784270000000001,FRA,KEN,610459
7135658,81,116,7680,1998,23584.0,0.0,1.906738,0.489101,GBR,KEN,610459
7135659,97,116,7680,1998,7052.0,0.0,0.46966099999999994,2.5744029999999998,HKG,KEN,610459
7135660,216,116,7680,1998,1818.0,1975.0,0.128633,1.484142,THA,KEN,610459
7135661,227,116,7680,1998,0.0,10997.0,-0.996762,-1.01326,UGA,KEN,610459
7135662,246,116,7680,1998,8862.0,0.0,0.573958,1.3813739999999999,ZAF,KEN,610459
7135663,15,134,7680,1998,0.0,14041.0,1.891966,0.508137,AUT,MAR,610459
7135664,18,134,7680,1998,0.0,97328.0,1.4740739999999999,1.2530430000000001,BEL,MAR,610459
7135665,41,134,7680,1998,0.0,768.0,2.252965,0.561806,CHE,MAR,610459
7135666,43,134,7680,1998,4148.0,0.0,0.3658,3.231258,CHN,MAR,610459
7135667,59,134,7680,1998,0.0,750.0,1.36345,1.408508,CZE,MAR,610459
7135668,61,134,7680,1998,1661.0,391246.0,2.334028,-2.417278,DEU,MAR,610459
7135669,64,134,7680,1998,0.0,2076.0,1.225999,1.470145,DNK,MAR,610459
7135670,71,134,7680,1998,0.0,12143.0,1.051392,1.983438,ESP,MAR,610459
7135671,77,134,7680,1998,7935.0,356041.0,1.707702,0.7784270000000001,FRA,MAR,610459
7135672,81,134,7680,1998,3803.0,79052.0,1.906738,0.489101,GBR,MAR,610459
7135673,106,134,7680,1998,0.0,1072.0,1.451067,0.654442,IRL,MAR,610459
7135674,111,134,7680,1998,1393.0,54605.0,1.4532209999999999,1.191124,ITA,MAR,610459
7135675,114,134,7680,1998,0.0,8775.0,2.550442,0.718063,JPN,MAR,610459
7135676,142,134,7680,1998,0.0,3875.0,0.919593,-0.071451,MLT,MAR,610459
7135677,162,134,7680,1998,0.0,1608.0,1.248469,1.683182,NLD,MAR,610459
7135678,163,134,7680,1998,0.0,1307.0,1.1660190000000001,0.43901899999999994,NOR,MAR,610459
7135679,188,134,7680,1998,0.0,25946.0,0.521849,-0.7550899999999999,SAU,MAR,610459
7135680,81,159,7680,1998,1099.0,0.0,1.906738,0.489101,GBR,NGA,610459
7135681,15,223,7680,1998,0.0,14447.0,1.891966,0.508137,AUT,TUN,610459
7135682,18,223,7680,1998,0.0,3841.0,1.4740739999999999,1.2530430000000001,BEL,TUN,610459
7135683,61,223,7680,1998,11532.0,489557.0,2.334028,-2.417278,DEU,TUN,610459
7135684,77,223,7680,1998,159890.0,143183.0,1.707702,0.7784270000000001,FRA,TUN,610459
7135685,81,223,7680,1998,1943.0,0.0,1.906738,0.489101,GBR,TUN,610459
7135686,106,223,7680,1998,0.0,1217.0,1.451067,0.654442,IRL,TUN,610459
7135687,111,223,7680,1998,1029.0,237796.0,1.4532209999999999,1.191124,ITA,TUN,610459
7135688,114,223,7680,1998,0.0,9755.0,2.550442,0.718063,JPN,TUN,610459
7135689,163,223,7680,1998,0.0,3204.0,1.1660190000000001,0.43901899999999994,NOR,TUN,610459
7135690,231,223,7680,1998,0.0,15935.0,1.8223639999999999,0.761336,USA,TUN,610459
7135691,250,223,7680,1998,0.0,67817.0,1.144164,1.187425,ANS,TUN,610459
7135692,7,226,7680,1998,7992.0,0.0,-0.274973,-0.481405,ARE,TZA,610459
7135693,216,226,7680,1998,2192.0,0.0,0.128633,1.484142,THA,TZA,610459
7135694,247,226,7680,1998,0.0,23483.0,-0.383126,-0.501498,ZMB,TZA,610459
7135695,8,230,7680,1998,1960.0,6438.0,0.272015,0.45031099999999996,ARG,URY,610459
7135696,32,230,7680,1998,0.0,6293.0,0.768101,1.04589,BRA,URY,610459
7135697,77,230,7680,1998,1243.0,0.0,1.707702,0.7784270000000001,FRA,URY,610459
7135698,97,230,7680,1998,5060.0,0.0,0.46966099999999994,2.5744029999999998,HKG,URY,610459
7135699,231,230,7680,1998,4650.0,0.0,1.8223639999999999,0.761336,USA,URY,610459
7135700,7,246,7680,1998,0.0,102769.0,-0.274973,-0.481405,ARE,ZAF,610459
7135701,18,246,7680,1998,943.0,0.0,1.4740739999999999,1.2530430000000001,BEL,ZAF,610459
7135702,24,246,7680,1998,0.0,3366.0,-0.044219,-0.859931,BHR,ZAF,610459
7135703,43,246,7680,1998,23699.0,0.0,0.3658,3.231258,CHN,ZAF,610459
7135704,61,246,7680,1998,4793.0,0.0,2.334028,-2.417278,DEU,ZAF,610459
7135705,77,246,7680,1998,4746.0,0.0,1.707702,0.7784270000000001,FRA,ZAF,610459
7135706,81,246,7680,1998,18075.0,0.0,1.906738,0.489101,GBR,ZAF,610459
7135707,97,246,7680,1998,3283.0,0.0,0.46966099999999994,2.5744029999999998,HKG,ZAF,610459
7135708,103,246,7680,1998,1243.0,0.0,-0.478253,1.350652,IDN,ZAF,610459
7135709,104,246,7680,1998,2826.0,0.0,0.274308,2.316908,IND,ZAF,610459
7135710,110,246,7680,1998,10115.0,0.0,1.2643739999999999,0.958475,ISR,ZAF,610459
7135711,111,246,7680,1998,10891.0,0.0,1.4532209999999999,1.191124,ITA,ZAF,610459
7135712,116,246,7680,1998,0.0,8862.0,-0.434978,0.10193300000000001,KEN,ZAF,610459
7135713,152,246,7680,1998,83417.0,0.0,-1.436242,-1.278929,MWI,ZAF,610459
7135714,188,246,7680,1998,0.0,3060.0,0.521849,-0.7550899999999999,SAU,ZAF,610459
7135715,192,246,7680,1998,3474.0,0.0,1.0029709999999998,0.506545,SGP,ZAF,610459
7135716,211,246,7680,1998,0.0,1400.0,0.265625,-0.590012,SYC,ZAF,610459
7135717,216,246,7680,1998,19885.0,0.0,0.128633,1.484142,THA,ZAF,610459
7135718,231,246,7680,1998,2237.0,1665.0,1.8223639999999999,0.761336,USA,ZAF,610459
7135719,247,246,7680,1998,0.0,13809.0,-0.383126,-0.501498,ZMB,ZAF,610459
7135720,248,246,7680,1998,0.0,5014.0,-0.49939399999999995,-0.430733,ZWE,ZAF,610459
7135721,249,246,7680,1998,2765.0,0.0,1.224725,1.890322,TWN,ZAF,610459
7135722,250,246,7680,1998,1865.0,0.0,1.144164,1.187425,ANS,ZAF,610459
7135723,81,247,7680,1998,669.0,0.0,1.906738,0.489101,GBR,ZMB,610459
7135724,216,247,7680,1998,3068.0,0.0,0.128633,1.484142,THA,ZMB,610459
7135725,226,247,7680,1998,23483.0,0.0,-0.972823,-0.428149,TZA,ZMB,610459
7135726,246,247,7680,1998,13809.0,0.0,0.573958,1.3813739999999999,ZAF,ZMB,610459
7135727,222,91,7680,1998,2054.0,0.0,0.273917,-0.453996,TTO,GRD,610459
7135728,81,145,7680,1998,668.0,0.0,1.906738,0.489101,GBR,MNG,610459
7135729,18,58,7680,1998,0.0,1229.0,1.4740739999999999,1.2530430000000001,BEL,CYP,610459
7135730,59,58,7680,1998,0.0,1549.0,1.36345,1.408508,CZE,CYP,610459
7135731,61,58,7680,1998,5953.0,10346.0,2.334028,-2.417278,DEU,CYP,610459
7135732,71,58,7680,1998,1671.0,0.0,1.051392,1.983438,ESP,CYP,610459
7135733,77,58,7680,1998,20795.0,0.0,1.707702,0.7784270000000001,FRA,CYP,610459
7135734,81,58,7680,1998,45719.0,81597.0,1.906738,0.489101,GBR,CYP,610459
7135735,90,58,7680,1998,8742.0,0.0,0.183835,1.1512790000000002,GRC,CYP,610459
7135736,97,58,7680,1998,4358.0,0.0,0.46966099999999994,2.5744029999999998,HKG,CYP,610459
7135737,104,58,7680,1998,6127.0,0.0,0.274308,2.316908,IND,CYP,610459
7135738,106,58,7680,1998,0.0,4687.0,1.451067,0.654442,IRL,CYP,610459
7135739,111,58,7680,1998,4866.0,0.0,1.4532209999999999,1.191124,ITA,CYP,610459
7135740,114,58,7680,1998,0.0,5863.0,2.550442,0.718063,JPN,CYP,610459
7135741,188,58,7680,1998,0.0,3770.0,0.521849,-0.7550899999999999,SAU,CYP,610459
7135742,249,58,7680,1998,2353.0,0.0,1.224725,1.890322,TWN,CYP,610459
7135743,41,82,7680,1998,198.0,0.0,2.252965,0.561806,CHE,GEO,610459
7135744,43,82,7680,1998,886.0,0.0,0.3658,3.231258,CHN,GEO,610459
7135745,61,82,7680,1998,3557.0,0.0,2.334028,-2.417278,DEU,GEO,610459
7135746,107,82,7680,1998,4560.0,0.0,-0.6626029999999999,-1.0408959999999998,IRN,GEO,610459
7135747,15,100,7680,1998,17229.0,2744.0,1.891966,0.508137,AUT,HRV,610459
7135748,26,100,7680,1998,0.0,5622.0,0.290661,0.18068299999999998,BIH,HRV,610459
7135749,43,100,7680,1998,765.0,0.0,0.3658,3.231258,CHN,HRV,610459
7135750,61,100,7680,1998,7770.0,333600.0,2.334028,-2.417278,DEU,HRV,610459
7135751,102,100,7680,1998,900.0,0.0,0.780392,1.450701,HUN,HRV,610459
7135752,111,100,7680,1998,5711.0,0.0,1.4532209999999999,1.191124,ITA,HRV,610459
7135753,162,100,7680,1998,884.0,0.0,1.248469,1.683182,NLD,HRV,610459
7135754,207,100,7680,1998,1603.0,2420.0,1.442955,1.27214,SVN,HRV,610459
7135755,224,100,7680,1998,6379.0,0.0,0.085286,1.653589,TUR,HRV,610459
7135756,231,100,7680,1998,994.0,2177.0,1.8223639999999999,0.761336,USA,HRV,610459
7135757,250,100,7680,1998,1594.0,0.0,1.144164,1.187425,ANS,HRV,610459
7135758,59,135,7680,1998,3655.0,0.0,1.36345,1.408508,CZE,MDA,610459
7135759,64,135,7680,1998,1700.0,0.0,1.225999,1.470145,DNK,MDA,610459
7135760,177,135,7680,1998,0.0,2955.0,0.8638309999999999,1.8881299999999999,POL,MDA,610459
7135761,231,135,7680,1998,0.0,31277.0,1.8223639999999999,0.761336,USA,MDA,610459
7135762,61,140,7680,1998,0.0,20947.0,2.334028,-2.417278,DEU,MKD,610459
7135763,90,140,7680,1998,0.0,2146.0,0.183835,1.1512790000000002,GRC,MKD,610459
7135764,189,140,7680,1998,7318.0,0.0,0.603733,1.535453,SCG,MKD,610459
7135765,224,140,7680,1998,4994.0,0.0,0.085286,1.653589,TUR,MKD,610459
7135766,231,140,7680,1998,0.0,19467.0,1.8223639999999999,0.761336,USA,MKD,610459
7135767,15,207,7680,1998,6317.0,22368.0,1.891966,0.508137,AUT,SVN,610459
7135768,26,207,7680,1998,23096.0,5930.0,0.290661,0.18068299999999998,BIH,SVN,610459
7135769,41,207,7680,1998,2695.0,1688.0,2.252965,0.561806,CHE,SVN,610459
7135770,61,207,7680,1998,4852.0,256321.0,2.334028,-2.417278,DEU,SVN,610459
7135771,77,207,7680,1998,0.0,1480.0,1.707702,0.7784270000000001,FRA,SVN,610459
7135772,90,207,7680,1998,1132.0,0.0,0.183835,1.1512790000000002,GRC,SVN,610459
7135773,100,207,7680,1998,2420.0,1603.0,0.692779,0.9919530000000001,HRV,SVN,610459
7135774,102,207,7680,1998,1773.0,0.0,0.780392,1.450701,HUN,SVN,610459
7135775,111,207,7680,1998,118605.0,0.0,1.4532209999999999,1.191124,ITA,SVN,610459
7135776,162,207,7680,1998,0.0,8198.0,1.248469,1.683182,NLD,SVN,610459
7135777,186,207,7680,1998,2396.0,999.0,0.93909,0.59719,RUS,SVN,610459
7135778,228,207,7680,1998,0.0,1414.0,0.880876,0.783668,UKR,SVN,610459
7135779,231,207,7680,1998,0.0,16605.0,1.8223639999999999,0.761336,USA,SVN,610459
7135780,250,207,7680,1998,27009.0,0.0,1.144164,1.187425,ANS,SVN,610459
7135781,71,212,7680,1998,0.0,10181.0,1.051392,1.983438,ESP,SYR,610459
7135782,103,212,7680,1998,64213.0,0.0,-0.478253,1.350652,IDN,SYR,610459
7135783,188,212,7680,1998,0.0,5169.0,0.521849,-0.7550899999999999,SAU,SYR,610459
7135784,14,250,7680,1998,0.0,2297.0,0.375317,0.8864629999999999,AUS,ANS,610459
7135785,15,250,7680,1998,2482.0,1814.0,1.891966,0.508137,AUT,ANS,610459
7135786,31,250,7680,1998,0.0,6519.0,-0.49860699999999997,-0.748521,BOL,ANS,610459
7135787,33,250,7680,1998,1289.0,0.0,0.888487,0.469408,BRB,ANS,610459
7135788,39,250,7680,1998,0.0,133355.0,1.077343,1.119161,CAN,ANS,610459
7135789,41,250,7680,1998,1202.0,0.0,2.252965,0.561806,CHE,ANS,610459
7135790,42,250,7680,1998,0.0,4394.0,0.029706,-0.061149,CHL,ANS,610459
7135791,43,250,7680,1998,0.0,184060.0,0.3658,3.231258,CHN,ANS,610459
7135792,49,250,7680,1998,0.0,3933.0,0.205004,0.13985899999999998,COL,ANS,610459
7135793,59,250,7680,1998,0.0,3062.0,1.36345,1.408508,CZE,ANS,610459
7135794,61,250,7680,1998,7000.0,0.0,2.334028,-2.417278,DEU,ANS,610459
7135795,64,250,7680,1998,1315.0,0.0,1.225999,1.470145,DNK,ANS,610459
7135796,67,250,7680,1998,0.0,1155.0,-0.990915,-0.9670860000000001,ECU,ANS,610459
7135797,72,250,7680,1998,0.0,4485.0,0.53408,1.07691,EST,ANS,610459
7135798,74,250,7680,1998,0.0,1343.0,2.003987,0.995725,FIN,ANS,610459
7135799,77,250,7680,1998,0.0,235275.0,1.707702,0.7784270000000001,FRA,ANS,610459
7135800,83,250,7680,1998,0.0,1217.0,-1.215123,-1.0427620000000002,GHA,ANS,610459
7135801,97,250,7680,1998,1522.0,0.0,0.46966099999999994,2.5744029999999998,HKG,ANS,610459
7135802,100,250,7680,1998,0.0,1594.0,0.692779,0.9919530000000001,HRV,ANS,610459
7135803,106,250,7680,1998,0.0,1102.0,1.451067,0.654442,IRL,ANS,610459
7135804,109,250,7680,1998,0.0,5980.0,0.18141300000000002,-0.47993500000000006,ISL,ANS,610459
7135805,111,250,7680,1998,2659.0,0.0,1.4532209999999999,1.191124,ITA,ANS,610459
7135806,121,250,7680,1998,68.0,0.0,0.999518,1.106351,KOR,ANS,610459
7135807,138,250,7680,1998,1815.0,1279.0,0.525671,0.880649,MEX,ANS,610459
7135808,142,250,7680,1998,0.0,5201.0,0.919593,-0.071451,MLT,ANS,610459
7135809,163,250,7680,1998,0.0,5388.0,1.1660190000000001,0.43901899999999994,NOR,ANS,610459
7135810,166,250,7680,1998,0.0,34903.0,0.5690529999999999,0.7752060000000001,NZL,ANS,610459
7135811,169,250,7680,1998,2277.0,8999.0,0.010123,0.5677949999999999,PAN,ANS,610459
7135812,177,250,7680,1998,66357.0,165458.0,0.8638309999999999,1.8881299999999999,POL,ANS,610459
7135813,186,250,7680,1998,0.0,233670.0,0.93909,0.59719,RUS,ANS,610459
7135814,192,250,7680,1998,1583.0,0.0,1.0029709999999998,0.506545,SGP,ANS,610459
7135815,206,250,7680,1998,0.0,3796.0,1.202453,1.228204,SVK,ANS,610459
7135816,207,250,7680,1998,0.0,27009.0,1.442955,1.27214,SVN,ANS,610459
7135817,216,250,7680,1998,1392.0,0.0,0.128633,1.484142,THA,ANS,610459
7135818,223,250,7680,1998,67817.0,0.0,-0.21677,-0.08694299999999999,TUN,ANS,610459
7135819,224,250,7680,1998,2689.0,0.0,0.085286,1.653589,TUR,ANS,610459
7135820,246,250,7680,1998,0.0,1865.0,0.573958,1.3813739999999999,ZAF,ANS,610459
7135821,249,250,7680,1998,1129.0,6640.0,1.224725,1.890322,TWN,ANS,610459
7135822,77,30,7680,1998,13759.0,0.0,1.707702,0.7784270000000001,FRA,BMU,610459
7135823,81,30,7680,1998,7603.0,0.0,1.906738,0.489101,GBR,BMU,610459
7135824,104,30,7680,1998,1058.0,0.0,0.274308,2.316908,IND,BMU,610459
7135825,231,30,7680,1998,43706.0,0.0,1.8223639999999999,0.761336,USA,BMU,610459
7135826,231,65,7680,1998,24346.0,302328.0,1.8223639999999999,0.761336,USA,DOM,610459
7135827,61,168,7680,1998,0.0,27181.0,2.334028,-2.417278,DEU,PAK,610459
7135828,153,168,7680,1998,3152.0,0.0,0.396826,0.203792,MYS,PAK,610459
7135829,188,168,7680,1998,0.0,8077.0,0.521849,-0.7550899999999999,SAU,PAK,610459
7135830,208,168,7680,1998,0.0,2583.0,2.134076,0.9259729999999999,SWE,PAK,610459
7135831,231,168,7680,1998,0.0,3384.0,1.8223639999999999,0.761336,USA,PAK,610459
7135832,14,176,7680,1998,1708.0,0.0,0.375317,0.8864629999999999,AUS,PNG,610459
7135833,43,176,7680,1998,3051.0,0.0,0.3658,3.231258,CHN,PNG,610459
7135834,97,176,7680,1998,2067.0,0.0,0.46966099999999994,2.5744029999999998,HKG,PNG,610459
7135835,103,176,7680,1998,8938.0,0.0,-0.478253,1.350652,IDN,PNG,610459
7135836,192,176,7680,1998,12387.0,0.0,1.0029709999999998,0.506545,SGP,PNG,610459
7135837,216,176,7680,1998,3431.0,0.0,0.128633,1.484142,THA,PNG,610459
7135838,7,227,7680,1998,7016.0,0.0,-0.274973,-0.481405,ARE,UGA,610459
7135839,61,227,7680,1998,835.0,0.0,2.334028,-2.417278,DEU,UGA,610459
7135840,81,227,7680,1998,8284.0,0.0,1.906738,0.489101,GBR,UGA,610459
7135841,97,227,7680,1998,12673.0,0.0,0.46966099999999994,2.5744029999999998,HKG,UGA,610459
7135842,103,227,7680,1998,1817.0,0.0,-0.478253,1.350652,IDN,UGA,610459
7135843,104,227,7680,1998,1134.0,0.0,0.274308,2.316908,IND,UGA,610459
7135844,116,227,7680,1998,10997.0,0.0,-0.434978,0.10193300000000001,KEN,UGA,610459
7135845,187,227,7680,1998,0.0,1017.0,-0.38756399999999996,-0.7770130000000001,RWA,UGA,610459
7135846,216,227,7680,1998,10804.0,0.0,0.128633,1.484142,THA,UGA,610459
7135847,14,239,7680,1998,0.0,1306.0,0.375317,0.8864629999999999,AUS,VNM,610459
7135848,59,239,7680,1998,0.0,1717.0,1.36345,1.408508,CZE,VNM,610459
7135849,81,239,7680,1998,0.0,7514.0,1.906738,0.489101,GBR,VNM,610459
7135850,114,239,7680,1998,0.0,9061.0,2.550442,0.718063,JPN,VNM,610459
7135851,162,239,7680,1998,0.0,11818.0,1.248469,1.683182,NLD,VNM,610459
7135852,192,239,7680,1998,0.0,39992.0,1.0029709999999998,0.506545,SGP,VNM,610459
7135853,249,239,7680,1998,0.0,7434.0,1.224725,1.890322,TWN,VNM,610459
7135854,42,31,7680,1998,3932.0,0.0,0.029706,-0.061149,CHL,BOL,610459
7135855,61,31,7680,1998,7559.0,0.0,2.334028,-2.417278,DEU,BOL,610459
7135856,250,31,7680,1998,6519.0,0.0,1.144164,1.187425,ANS,BOL,610459
7135857,43,73,7680,1998,2059.0,0.0,0.3658,3.231258,CHN,ETH,610459
7135858,103,73,7680,1998,2115.0,0.0,-0.478253,1.350652,IDN,ETH,610459
7135859,231,160,7680,1998,10126.0,0.0,1.8223639999999999,0.761336,USA,NIC,610459
7135860,77,182,7680,1998,3964.0,0.0,1.707702,0.7784270000000001,FRA,PYF,610459
7135861,192,182,7680,1998,24867.0,0.0,1.0029709999999998,0.506545,SGP,PYF,610459
7135862,231,182,7680,1998,12639.0,0.0,1.8223639999999999,0.761336,USA,PYF,610459
7135863,93,197,7680,1998,0.0,10172.0,-0.344999,0.155524,GTM,SLV,610459
7135864,99,197,7680,1998,4567.0,0.0,-0.9326049999999999,-0.598527,HND,SLV,610459
7135865,138,197,7680,1998,4014.0,0.0,0.525671,0.880649,MEX,SLV,610459
7135866,169,197,7680,1998,10327.0,0.0,0.010123,0.5677949999999999,PAN,SLV,610459
7135867,231,197,7680,1998,372644.0,187712.0,1.8223639999999999,0.761336,USA,SLV,610459
7135868,71,215,7680,1998,5928.0,0.0,1.051392,1.983438,ESP,TGO,610459
7135869,77,215,7680,1998,3285.0,0.0,1.707702,0.7784270000000001,FRA,TGO,610459
7135870,83,215,7680,1998,0.0,1711.0,-1.215123,-1.0427620000000002,GHA,TGO,610459
7135871,104,215,7680,1998,5533.0,0.0,0.274308,2.316908,IND,TGO,610459
7135872,216,215,7680,1998,1700.0,698.0,0.128633,1.484142,THA,TGO,610459
7135873,249,215,7680,1998,2763.0,0.0,1.224725,1.890322,TWN,TGO,610459
7135874,13,234,7680,1998,0.0,2956.0,0.441453,-0.238813,ATG,VCT,610459
7135875,77,234,7680,1998,0.0,1161.0,1.707702,0.7784270000000001,FRA,VCT,610459
7135876,231,234,7680,1998,0.0,800.0,1.8223639999999999,0.761336,USA,VCT,610459
7135877,64,19,7680,1998,1603.0,0.0,1.225999,1.470145,DNK,BEN,610459
7135878,97,19,7680,1998,1586.0,0.0,0.46966099999999994,2.5744029999999998,HKG,BEN,610459
7135879,103,19,7680,1998,6199.0,0.0,-0.478253,1.350652,IDN,BEN,610459
7135880,216,19,7680,1998,4203.0,0.0,0.128633,1.484142,THA,BEN,610459
7135881,103,45,7680,1998,4028.0,0.0,-0.478253,1.350652,IDN,CMR,610459
7135882,77,50,7680,1998,1009.0,0.0,1.707702,0.7784270000000001,FRA,COM,610459
7135883,61,109,7680,1998,5517.0,0.0,2.334028,-2.417278,DEU,ISL,610459
7135884,64,109,7680,1998,14971.0,0.0,1.225999,1.470145,DNK,ISL,610459
7135885,81,109,7680,1998,25202.0,0.0,1.906738,0.489101,GBR,ISL,610459
7135886,90,109,7680,1998,813.0,0.0,0.183835,1.1512790000000002,GRC,ISL,610459
7135887,97,109,7680,1998,1245.0,0.0,0.46966099999999994,2.5744029999999998,HKG,ISL,610459
7135888,103,109,7680,1998,540.0,0.0,-0.478253,1.350652,IDN,ISL,610459
7135889,106,109,7680,1998,43306.0,0.0,1.451067,0.654442,IRL,ISL,610459
7135890,121,109,7680,1998,1355.0,0.0,0.999518,1.106351,KOR,ISL,610459
7135891,162,109,7680,1998,1926.0,0.0,1.248469,1.683182,NLD,ISL,610459
7135892,179,109,7680,1998,956.0,0.0,0.39771999999999996,1.303603,PRT,ISL,610459
7135893,185,109,7680,1998,431.0,0.0,0.315392,0.961176,ROU,ISL,610459
7135894,190,109,7680,1998,0.0,10391.0,-1.034858,-1.089854,SDN,ISL,610459
7135895,208,109,7680,1998,1663.0,0.0,2.134076,0.9259729999999999,SWE,ISL,610459
7135896,224,109,7680,1998,2301.0,0.0,0.085286,1.653589,TUR,ISL,610459
7135897,249,109,7680,1998,1029.0,0.0,1.224725,1.890322,TWN,ISL,610459
7135898,250,109,7680,1998,5980.0,0.0,1.144164,1.187425,ANS,ISL,610459
7135899,39,133,7680,1998,0.0,11140.0,1.077343,1.119161,CAN,MAC,610459
7135900,43,133,7680,1998,40754.0,0.0,0.3658,3.231258,CHN,MAC,610459
7135901,61,133,7680,1998,0.0,38003.0,2.334028,-2.417278,DEU,MAC,610459
7135902,71,133,7680,1998,0.0,39831.0,1.051392,1.983438,ESP,MAC,610459
7135903,77,133,7680,1998,8826.0,60767.0,1.707702,0.7784270000000001,FRA,MAC,610459
7135904,81,133,7680,1998,0.0,30979.0,1.906738,0.489101,GBR,MAC,610459
7135905,97,133,7680,1998,1642.0,4353.0,0.46966099999999994,2.5744029999999998,HKG,MAC,610459
7135906,106,133,7680,1998,0.0,43798.0,1.451067,0.654442,IRL,MAC,610459
7135907,111,133,7680,1998,1415.0,0.0,1.4532209999999999,1.191124,ITA,MAC,610459
7135908,114,133,7680,1998,0.0,12220.0,2.550442,0.718063,JPN,MAC,610459
7135909,188,133,7680,1998,0.0,8387.0,0.521849,-0.7550899999999999,SAU,MAC,610459
7135910,208,133,7680,1998,0.0,17546.0,2.134076,0.9259729999999999,SWE,MAC,610459
7135911,231,133,7680,1998,0.0,969516.0,1.8223639999999999,0.761336,USA,MAC,610459
7135912,249,133,7680,1998,0.0,39947.0,1.224725,1.890322,TWN,MAC,610459
7135913,43,136,7680,1998,5820.0,0.0,0.3658,3.231258,CHN,MDG,610459
7135914,41,137,7680,1998,1003.0,0.0,2.252965,0.561806,CHE,MDV,610459
7135915,103,137,7680,1998,3537.0,0.0,-0.478253,1.350652,IDN,MDV,610459
7135916,104,137,7680,1998,347.0,0.0,0.274308,2.316908,IND,MDV,610459
7135917,111,137,7680,1998,785.0,0.0,1.4532209999999999,1.191124,ITA,MDV,610459
7135918,216,137,7680,1998,11565.0,0.0,0.128633,1.484142,THA,MDV,610459
7135919,81,141,7680,1998,886.0,0.0,1.906738,0.489101,GBR,MLI,610459
7135920,18,151,7680,1998,0.0,8007.0,1.4740739999999999,1.2530430000000001,BEL,MUS,610459
7135921,41,151,7680,1998,0.0,874.0,2.252965,0.561806,CHE,MUS,610459
7135922,77,151,7680,1998,0.0,2758.0,1.707702,0.7784270000000001,FRA,MUS,610459
7135923,103,151,7680,1998,28298.0,0.0,-0.478253,1.350652,IDN,MUS,610459
7135924,111,151,7680,1998,34972.0,0.0,1.4532209999999999,1.191124,ITA,MUS,610459
7135925,188,151,7680,1998,0.0,8605.0,0.521849,-0.7550899999999999,SAU,MUS,610459
7135926,211,151,7680,1998,0.0,3249.0,0.265625,-0.590012,SYC,MUS,610459
7135927,216,151,7680,1998,1339.0,0.0,0.128633,1.484142,THA,MUS,610459
7135928,227,187,7680,1998,1017.0,0.0,-0.996762,-1.01326,UGA,RWA,610459
7135929,77,211,7680,1998,3097.0,0.0,1.707702,0.7784270000000001,FRA,SYC,610459
7135930,81,211,7680,1998,1011.0,0.0,1.906738,0.489101,GBR,SYC,610459
7135931,103,211,7680,1998,2945.0,0.0,-0.478253,1.350652,IDN,SYC,610459
7135932,111,211,7680,1998,1094.0,0.0,1.4532209999999999,1.191124,ITA,SYC,610459
7135933,151,211,7680,1998,3249.0,0.0,-0.621599,-0.755795,MUS,SYC,610459
7135934,192,211,7680,1998,857.0,0.0,1.0029709999999998,0.506545,SGP,SYC,610459
7135935,246,211,7680,1998,1400.0,0.0,0.573958,1.3813739999999999,ZAF,SYC,610459
7135936,43,7,7680,1998,153047.0,0.0,0.3658,3.231258,CHN,ARE,610459
7135937,61,7,7680,1998,20461.0,40054.0,2.334028,-2.417278,DEU,ARE,610459
7135938,71,7,7680,1998,1071.0,0.0,1.051392,1.983438,ESP,ARE,610459
7135939,81,7,7680,1998,175083.0,74002.0,1.906738,0.489101,GBR,ARE,610459
7135940,97,7,7680,1998,6319.0,0.0,0.46966099999999994,2.5744029999999998,HKG,ARE,610459
7135941,104,7,7680,1998,48854.0,0.0,0.274308,2.316908,IND,ARE,610459
7135942,107,7,7680,1998,21293.0,0.0,-0.6626029999999999,-1.0408959999999998,IRN,ARE,610459
7135943,111,7,7680,1998,50265.0,0.0,1.4532209999999999,1.191124,ITA,ARE,610459
7135944,121,7,7680,1998,2533.0,0.0,0.999518,1.106351,KOR,ARE,610459
7135945,162,7,7680,1998,1517.0,0.0,1.248469,1.683182,NLD,ARE,610459
7135946,188,7,7680,1998,0.0,23508.0,0.521849,-0.7550899999999999,SAU,ARE,610459
7135947,192,7,7680,1998,4867.0,0.0,1.0029709999999998,0.506545,SGP,ARE,610459
7135948,226,7,7680,1998,0.0,7992.0,-0.972823,-0.428149,TZA,ARE,610459
7135949,227,7,7680,1998,0.0,7016.0,-0.996762,-1.01326,UGA,ARE,610459
7135950,231,7,7680,1998,11995.0,28659.0,1.8223639999999999,0.761336,USA,ARE,610459
7135951,246,7,7680,1998,102769.0,0.0,0.573958,1.3813739999999999,ZAF,ARE,610459
7135952,61,24,7680,1998,8290.0,0.0,2.334028,-2.417278,DEU,BHR,610459
7135953,77,24,7680,1998,5792.0,0.0,1.707702,0.7784270000000001,FRA,BHR,610459
7135954,81,24,7680,1998,21296.0,0.0,1.906738,0.489101,GBR,BHR,610459
7135955,246,24,7680,1998,3366.0,0.0,0.573958,1.3813739999999999,ZAF,BHR,610459
7135956,61,26,7680,1998,1029.0,20640.0,2.334028,-2.417278,DEU,BIH,610459
7135957,100,26,7680,1998,5622.0,0.0,0.692779,0.9919530000000001,HRV,BIH,610459
7135958,111,26,7680,1998,11154.0,0.0,1.4532209999999999,1.191124,ITA,BIH,610459
7135959,207,26,7680,1998,5930.0,23096.0,1.442955,1.27214,SVN,BIH,610459
7135960,188,62,7680,1998,32684.0,0.0,0.521849,-0.7550899999999999,SAU,DJI,610459
7135961,61,78,7680,1998,257.0,0.0,2.334028,-2.417278,DEU,FRO,610459
7135962,64,78,7680,1998,14371.0,0.0,1.225999,1.470145,DNK,FRO,610459
7135963,71,78,7680,1998,246.0,0.0,1.051392,1.983438,ESP,FRO,610459
7135964,77,78,7680,1998,187.0,0.0,1.707702,0.7784270000000001,FRA,FRO,610459
7135965,162,78,7680,1998,795.0,0.0,1.248469,1.683182,NLD,FRO,610459
7135966,177,78,7680,1998,1716.0,0.0,0.8638309999999999,1.8881299999999999,POL,FRO,610459
7135967,231,101,7680,1998,60581.0,0.0,1.8223639999999999,0.761336,USA,HTI,610459
7135968,107,108,7680,1998,237964.0,0.0,-0.6626029999999999,-1.0408959999999998,IRN,IRQ,610459
7135969,61,115,7680,1998,11571.0,0.0,2.334028,-2.417278,DEU,KAZ,610459
7135970,186,115,7680,1998,11276.0,0.0,0.93909,0.59719,RUS,KAZ,610459
7135971,74,118,7680,1998,0.0,5091.0,2.003987,0.995725,FIN,KHM,610459
7135972,41,122,7680,1998,6023.0,0.0,2.252965,0.561806,CHE,KWT,610459
7135973,61,122,7680,1998,20284.0,0.0,2.334028,-2.417278,DEU,KWT,610459
7135974,77,122,7680,1998,7016.0,0.0,1.707702,0.7784270000000001,FRA,KWT,610459
7135975,81,122,7680,1998,179330.0,0.0,1.906738,0.489101,GBR,KWT,610459
7135976,97,122,7680,1998,2779.0,0.0,0.46966099999999994,2.5744029999999998,HKG,KWT,610459
7135977,104,122,7680,1998,14109.0,0.0,0.274308,2.316908,IND,KWT,610459
7135978,111,122,7680,1998,4426.0,0.0,1.4532209999999999,1.191124,ITA,KWT,610459
7135979,153,122,7680,1998,1329.0,0.0,0.396826,0.203792,MYS,KWT,610459
7135980,188,122,7680,1998,3247.0,0.0,0.521849,-0.7550899999999999,SAU,KWT,610459
7135981,231,122,7680,1998,26855.0,0.0,1.8223639999999999,0.761336,USA,KWT,610459
7135982,124,126,7680,1998,2124.0,0.0,0.23803200000000002,0.9927860000000001,LBN,LBY,610459
7135983,188,126,7680,1998,0.0,24497.0,0.521849,-0.7550899999999999,SAU,LBY,610459
7135984,224,126,7680,1998,9004.0,0.0,0.085286,1.653589,TUR,LBY,610459
7135985,39,128,7680,1998,0.0,6728.0,1.077343,1.119161,CAN,LKA,610459
7135986,71,128,7680,1998,0.0,3560.0,1.051392,1.983438,ESP,LKA,610459
7135987,81,128,7680,1998,0.0,50435.0,1.906738,0.489101,GBR,LKA,610459
7135988,142,128,7680,1998,0.0,1089.0,0.919593,-0.071451,MLT,LKA,610459
7135989,188,128,7680,1998,0.0,31351.0,0.521849,-0.7550899999999999,SAU,LKA,610459
7135990,192,128,7680,1998,47243.0,0.0,1.0029709999999998,0.506545,SGP,LKA,610459
7135991,222,128,7680,1998,0.0,2201.0,0.273917,-0.453996,TTO,LKA,610459
7135992,224,128,7680,1998,0.0,1510.0,0.085286,1.653589,TUR,LKA,610459
7135993,249,128,7680,1998,0.0,26996.0,1.224725,1.890322,TWN,LKA,610459
7135994,216,147,7680,1998,19943.0,0.0,0.128633,1.484142,THA,MOZ,610459
7135995,8,180,7680,1998,1463.0,3517.0,0.272015,0.45031099999999996,ARG,PRY,610459
7135996,111,180,7680,1998,2259.0,0.0,1.4532209999999999,1.191124,ITA,PRY,610459
7135997,61,183,7680,1998,5222.0,0.0,2.334028,-2.417278,DEU,QAT,610459
7135998,77,183,7680,1998,3400.0,0.0,1.707702,0.7784270000000001,FRA,QAT,610459
7135999,81,183,7680,1998,23386.0,0.0,1.906738,0.489101,GBR,QAT,610459
7136000,188,214,7680,1998,15185.0,0.0,0.521849,-0.7550899999999999,SAU,TCD,610459
7136001,152,248,7680,1998,6856.0,0.0,-1.436242,-1.278929,MWI,ZWE,610459
7136002,246,248,7680,1998,5014.0,0.0,0.573958,1.3813739999999999,ZAF,ZWE,610459
7136003,111,4,7680,1998,0.0,28847.0,1.4532209999999999,1.191124,ITA,ALB,610459
7136004,224,4,7680,1998,1199.0,0.0,0.085286,1.653589,TUR,ALB,610459
7136005,71,5,7680,1998,3073.0,0.0,1.051392,1.983438,ESP,AND,610459
7136006,77,5,7680,1998,50500.0,0.0,1.707702,0.7784270000000001,FRA,AND,610459
7136007,61,6,7680,1998,2015.0,0.0,2.334028,-2.417278,DEU,ANT,610459
7136008,162,6,7680,1998,1574.0,0.0,1.248469,1.683182,NLD,ANT,610459
7136009,216,6,7680,1998,3358.0,0.0,0.128633,1.484142,THA,ANT,610459
7136010,231,6,7680,1998,0.0,2194.0,1.8223639999999999,0.761336,USA,ANT,610459
7136011,61,9,7680,1998,1013.0,0.0,2.334028,-2.417278,DEU,ARM,610459
7136012,234,13,7680,1998,2956.0,0.0,0.22166,-0.331633,VCT,ATG,610459
7136013,15,48,7680,1998,0.0,1710.0,1.891966,0.508137,AUT,COK,610459
7136014,166,75,7680,1998,0.0,2573.0,0.5690529999999999,0.7752060000000001,NZL,FJI,610459
7136015,121,117,7680,1998,1583.0,0.0,0.999518,1.106351,KOR,KGZ,610459
7136016,43,119,7680,1998,877.0,0.0,0.3658,3.231258,CHN,KIR,610459
7136017,97,119,7680,1998,2352.0,0.0,0.46966099999999994,2.5744029999999998,HKG,KIR,610459
7136018,114,146,7680,1998,0.0,59746.0,2.550442,0.718063,JPN,MNP,610459
7136019,162,146,7680,1998,0.0,19794.0,1.248469,1.683182,NLD,MNP,610459
7136020,77,156,7680,1998,75205.0,0.0,1.707702,0.7784270000000001,FRA,NCL,610459
7136021,192,156,7680,1998,5803.0,0.0,1.0029709999999998,0.506545,SGP,NCL,610459
7136022,166,158,7680,1998,1473.0,0.0,0.5690529999999999,0.7752060000000001,NZL,NFK,610459
7136023,192,195,7680,1998,13973.0,0.0,1.0029709999999998,0.506545,SGP,SLB,610459
7136024,43,232,7680,1998,3251.0,0.0,0.3658,3.231258,CHN,UZB,610459
7136025,61,232,7680,1998,1116.0,0.0,2.334028,-2.417278,DEU,UZB,610459
7136026,192,240,7680,1998,49855.0,0.0,1.0029709999999998,0.506545,SGP,VUT,610459
7136027,162,0,7680,1998,1026.0,0.0,1.248469,1.683182,NLD,ABW,610459
7136028,236,0,7680,1998,0.0,1159.0,0.288717,-0.540639,VEN,ABW,610459
7136029,81,84,7680,1998,21352.0,0.0,1.906738,0.489101,GBR,GIB,610459
7136030,188,84,7680,1998,0.0,3123.0,0.521849,-0.7550899999999999,SAU,GIB,610459
7136031,107,217,7680,1998,7695.0,0.0,-0.6626029999999999,-1.0408959999999998,IRN,TJK,610459
7136032,107,219,7680,1998,12477.0,0.0,-0.6626029999999999,-1.0408959999999998,IRN,TKM,610459
7136033,186,219,7680,1998,1353.0,0.0,0.93909,0.59719,RUS,TKM,610459
7136034,18,15,7690,1998,1761.0,0.0,1.4740739999999999,1.2530430000000001,BEL,AUT,610690
7136035,41,15,7690,1998,5059.0,15401.0,2.252965,0.561806,CHE,AUT,610690
7136036,43,15,7690,1998,171038.0,0.0,0.3658,3.231258,CHN,AUT,610690
7136037,61,15,7690,1998,607273.0,57521.0,2.334028,-2.417278,DEU,AUT,610690
7136038,64,15,7690,1998,14620.0,0.0,1.225999,1.470145,DNK,AUT,610690
7136039,77,15,7690,1998,157465.0,1026.0,1.707702,0.7784270000000001,FRA,AUT,610690
7136040,81,15,7690,1998,28767.0,0.0,1.906738,0.489101,GBR,AUT,610690
7136041,90,15,7690,1998,394841.0,0.0,0.183835,1.1512790000000002,GRC,AUT,610690
7136042,97,15,7690,1998,28362.0,10842.0,0.46966099999999994,2.5744029999999998,HKG,AUT,610690
7136043,100,15,7690,1998,923.0,5787.0,0.692779,0.9919530000000001,HRV,AUT,610690
7136044,102,15,7690,1998,30454.0,1029.0,0.780392,1.450701,HUN,AUT,610690
7136045,104,15,7690,1998,10592.0,0.0,0.274308,2.316908,IND,AUT,610690
7136046,110,15,7690,1998,17301.0,870.0,1.2643739999999999,0.958475,ISR,AUT,610690
7136047,111,15,7690,1998,563532.0,9402.0,1.4532209999999999,1.191124,ITA,AUT,610690
7136048,114,15,7690,1998,0.0,18123.0,2.550442,0.718063,JPN,AUT,610690
7136049,130,15,7690,1998,714.0,0.0,0.27073,0.692656,LTU,AUT,610690
7136050,134,15,7690,1998,6849.0,0.0,-0.7299479999999999,-0.23758200000000002,MAR,AUT,610690
7136051,138,15,7690,1998,0.0,916.0,0.525671,0.880649,MEX,AUT,610690
7136052,153,15,7690,1998,15767.0,0.0,0.396826,0.203792,MYS,AUT,610690
7136053,162,15,7690,1998,1858.0,0.0,1.248469,1.683182,NLD,AUT,610690
7136054,163,15,7690,1998,2077.0,0.0,1.1660190000000001,0.43901899999999994,NOR,AUT,610690
7136055,177,15,7690,1998,22668.0,0.0,0.8638309999999999,1.8881299999999999,POL,AUT,610690
7136056,179,15,7690,1998,41049.0,0.0,0.39771999999999996,1.303603,PRT,AUT,610690
7136057,185,15,7690,1998,43914.0,0.0,0.315392,0.961176,ROU,AUT,610690
7136058,206,15,7690,1998,5158.0,1935.0,1.202453,1.228204,SVK,AUT,610690
7136059,207,15,7690,1998,8386.0,5461.0,1.442955,1.27214,SVN,AUT,610690
7136060,208,15,7690,1998,1051.0,0.0,2.134076,0.9259729999999999,SWE,AUT,610690
7136061,216,15,7690,1998,112152.0,0.0,0.128633,1.484142,THA,AUT,610690
7136062,223,15,7690,1998,3854.0,0.0,-0.21677,-0.08694299999999999,TUN,AUT,610690
7136063,224,15,7690,1998,10737.0,0.0,0.085286,1.653589,TUR,AUT,610690
7136064,231,15,7690,1998,1884.0,30775.0,1.8223639999999999,0.761336,USA,AUT,610690
7136065,249,15,7690,1998,0.0,2174.0,1.224725,1.890322,TWN,AUT,610690
7136066,250,15,7690,1998,2386.0,0.0,1.144164,1.187425,ANS,AUT,610690
7136067,2,18,7690,1998,0.0,11281.0,-1.679223,-1.213275,AGO,BEL,610690
7136068,14,18,7690,1998,0.0,2806.0,0.375317,0.8864629999999999,AUS,BEL,610690
7136069,15,18,7690,1998,0.0,1761.0,1.891966,0.508137,AUT,BEL,610690
7136070,23,18,7690,1998,1040.0,2116.0,0.382782,1.5844479999999999,BGR,BEL,610690
7136071,39,18,7690,1998,0.0,1642.0,1.077343,1.119161,CAN,BEL,610690
7136072,41,18,7690,1998,4238.0,1955.0,2.252965,0.561806,CHE,BEL,610690
7136073,43,18,7690,1998,240454.0,1185.0,0.3658,3.231258,CHN,BEL,610690
7136074,58,18,7690,1998,1229.0,0.0,0.45990600000000004,0.41840299999999997,CYP,BEL,610690
7136075,59,18,7690,1998,18030.0,6302.0,1.36345,1.408508,CZE,BEL,610690
7136076,61,18,7690,1998,318917.0,74679.0,2.334028,-2.417278,DEU,BEL,610690
7136077,64,18,7690,1998,70667.0,9923.0,1.225999,1.470145,DNK,BEL,610690
7136078,71,18,7690,1998,104929.0,11732.0,1.051392,1.983438,ESP,BEL,610690
7136079,77,18,7690,1998,2841382.0,1942773.0,1.707702,0.7784270000000001,FRA,BEL,610690
7136080,81,18,7690,1998,466914.0,5054.0,1.906738,0.489101,GBR,BEL,610690
7136081,90,18,7690,1998,29456.0,3763.0,0.183835,1.1512790000000002,GRC,BEL,610690
7136082,97,18,7690,1998,4442.0,61986.0,0.46966099999999994,2.5744029999999998,HKG,BEL,610690
7136083,102,18,7690,1998,149018.0,0.0,0.780392,1.450701,HUN,BEL,610690
7136084,104,18,7690,1998,49910.0,0.0,0.274308,2.316908,IND,BEL,610690
7136085,110,18,7690,1998,64642.0,13656.0,1.2643739999999999,0.958475,ISR,BEL,610690
7136086,111,18,7690,1998,736514.0,13514.0,1.4532209999999999,1.191124,ITA,BEL,610690
7136087,114,18,7690,1998,0.0,69228.0,2.550442,0.718063,JPN,BEL,610690
7136088,121,18,7690,1998,0.0,9751.0,0.999518,1.106351,KOR,BEL,610690
7136089,124,18,7690,1998,0.0,3798.0,0.23803200000000002,0.9927860000000001,LBN,BEL,610690
7136090,132,18,7690,1998,0.0,1035.0,0.322473,0.388421,LVA,BEL,610690
7136091,134,18,7690,1998,4067.0,0.0,-0.7299479999999999,-0.23758200000000002,MAR,BEL,610690
7136092,153,18,7690,1998,528701.0,0.0,0.396826,0.203792,MYS,BEL,610690
7136093,162,18,7690,1998,148534.0,344975.0,1.248469,1.683182,NLD,BEL,610690
7136094,166,18,7690,1998,0.0,3311.0,0.5690529999999999,0.7752060000000001,NZL,BEL,610690
7136095,174,18,7690,1998,1160.0,0.0,-0.262725,-0.075781,PHL,BEL,610690
7136096,177,18,7690,1998,203132.0,126476.0,0.8638309999999999,1.8881299999999999,POL,BEL,610690
7136097,179,18,7690,1998,145056.0,10895.0,0.39771999999999996,1.303603,PRT,BEL,610690
7136098,185,18,7690,1998,0.0,1684.0,0.315392,0.961176,ROU,BEL,610690
7136099,192,18,7690,1998,55264.0,1688.0,1.0029709999999998,0.506545,SGP,BEL,610690
7136100,216,18,7690,1998,10883.0,0.0,0.128633,1.484142,THA,BEL,610690
7136101,223,18,7690,1998,8619.0,0.0,-0.21677,-0.08694299999999999,TUN,BEL,610690
7136102,224,18,7690,1998,63985.0,0.0,0.085286,1.653589,TUR,BEL,610690
7136103,231,18,7690,1998,0.0,13496.0,1.8223639999999999,0.761336,USA,BEL,610690
7136104,246,18,7690,1998,0.0,1094.0,0.573958,1.3813739999999999,ZAF,BEL,610690
7136105,249,18,7690,1998,0.0,8403.0,1.224725,1.890322,TWN,BEL,610690
7136106,32,25,7690,1998,1821.0,0.0,0.768101,1.04589,BRA,BHS,610690
7136107,61,25,7690,1998,63512.0,0.0,2.334028,-2.417278,DEU,BHS,610690
7136108,77,25,7690,1998,31062.0,0.0,1.707702,0.7784270000000001,FRA,BHS,610690
7136109,103,25,7690,1998,13249.0,0.0,-0.478253,1.350652,IDN,BHS,610690
7136110,110,25,7690,1998,19278.0,0.0,1.2643739999999999,0.958475,ISR,BHS,610690
7136111,111,25,7690,1998,100265.0,0.0,1.4532209999999999,1.191124,ITA,BHS,610690
7136112,169,25,7690,1998,682.0,0.0,0.010123,0.5677949999999999,PAN,BHS,610690
7136113,231,25,7690,1998,883369.0,0.0,1.8223639999999999,0.761336,USA,BHS,610690
7136114,39,33,7690,1998,3192.0,0.0,1.077343,1.119161,CAN,BRB,610690
7136115,96,33,7690,1998,1141.0,0.0,-0.8204450000000001,-0.8914200000000001,GUY,BRB,610690
7136116,222,33,7690,1998,4378.0,0.0,0.273917,-0.453996,TTO,BRB,610690
7136117,231,33,7690,1998,5472.0,0.0,1.8223639999999999,0.761336,USA,BRB,610690
7136118,4,43,7690,1998,0.0,13248.0,-0.37657399999999996,-0.201006,ALB,CHN,610690
7136119,8,43,7690,1998,0.0,14276.0,0.272015,0.45031099999999996,ARG,CHN,610690
7136120,14,43,7690,1998,0.0,1209392.0,0.375317,0.8864629999999999,AUS,CHN,610690
7136121,15,43,7690,1998,0.0,171038.0,1.891966,0.508137,AUT,CHN,610690
7136122,18,43,7690,1998,1185.0,240454.0,1.4740739999999999,1.2530430000000001,BEL,CHN,610690
7136123,23,43,7690,1998,0.0,1379.0,0.382782,1.5844479999999999,BGR,CHN,610690
7136124,31,43,7690,1998,0.0,984.0,-0.49860699999999997,-0.748521,BOL,CHN,610690
7136125,32,43,7690,1998,0.0,346730.0,0.768101,1.04589,BRA,CHN,610690
7136126,34,43,7690,1998,0.0,1234.0,-0.445218,-0.833083,BRN,CHN,610690
7136127,39,43,7690,1998,2227.0,1158404.0,1.077343,1.119161,CAN,CHN,610690
7136128,41,43,7690,1998,0.0,403656.0,2.252965,0.561806,CHE,CHN,610690
7136129,42,43,7690,1998,0.0,89203.0,0.029706,-0.061149,CHL,CHN,610690
7136130,49,43,7690,1998,0.0,8847.0,0.205004,0.13985899999999998,COL,CHN,610690
7136131,58,43,7690,1998,0.0,11539.0,0.45990600000000004,0.41840299999999997,CYP,CHN,610690
7136132,59,43,7690,1998,0.0,53044.0,1.36345,1.408508,CZE,CHN,610690
7136133,61,43,7690,1998,3095.0,3877745.0,2.334028,-2.417278,DEU,CHN,610690
7136134,64,43,7690,1998,0.0,469387.0,1.225999,1.470145,DNK,CHN,610690
7136135,66,43,7690,1998,0.0,4297.0,-0.726061,-1.161031,DZA,CHN,610690
7136136,71,43,7690,1998,4085.0,222614.0,1.051392,1.983438,ESP,CHN,610690
7136137,73,43,7690,1998,0.0,25280.0,-1.279819,-1.158182,ETH,CHN,610690
7136138,74,43,7690,1998,0.0,608920.0,2.003987,0.995725,FIN,CHN,610690
7136139,77,43,7690,1998,0.0,656561.0,1.707702,0.7784270000000001,FRA,CHN,610690
7136140,81,43,7690,1998,0.0,790186.0,1.906738,0.489101,GBR,CHN,610690
7136141,82,43,7690,1998,0.0,26585.0,0.644307,0.304707,GEO,CHN,610690
7136142,90,43,7690,1998,0.0,48541.0,0.183835,1.1512790000000002,GRC,CHN,610690
7136143,96,43,7690,1998,0.0,1247.0,-0.8204450000000001,-0.8914200000000001,GUY,CHN,610690
7136144,97,43,7690,1998,1395533.0,72284320.0,0.46966099999999994,2.5744029999999998,HKG,CHN,610690
7136145,102,43,7690,1998,0.0,191441.0,0.780392,1.450701,HUN,CHN,610690
7136146,104,43,7690,1998,0.0,161619.0,0.274308,2.316908,IND,CHN,610690
7136147,106,43,7690,1998,0.0,21293.0,1.451067,0.654442,IRL,CHN,610690
7136148,109,43,7690,1998,0.0,2595.0,0.18141300000000002,-0.47993500000000006,ISL,CHN,610690
7136149,110,43,7690,1998,0.0,43428.0,1.2643739999999999,0.958475,ISR,CHN,610690
7136150,111,43,7690,1998,11469.0,2551322.0,1.4532209999999999,1.191124,ITA,CHN,610690
7136151,112,43,7690,1998,0.0,20268.0,-0.8083739999999999,-0.946183,JAM,CHN,610690
7136152,114,43,7690,1998,158353.0,16447906.0,2.550442,0.718063,JPN,CHN,610690
7136153,121,43,7690,1998,23568.0,268097.0,0.999518,1.106351,KOR,CHN,610690
7136154,124,43,7690,1998,0.0,22288.0,0.23803200000000002,0.9927860000000001,LBN,CHN,610690
7136155,130,43,7690,1998,0.0,13877.0,0.27073,0.692656,LTU,CHN,610690
7136156,133,43,7690,1998,0.0,17616.0,-0.21838000000000002,-0.370322,MAC,CHN,610690
7136157,134,43,7690,1998,0.0,11276.0,-0.7299479999999999,-0.23758200000000002,MAR,CHN,610690
7136158,136,43,7690,1998,0.0,10522.0,-1.2600639999999999,-0.566983,MDG,CHN,610690
7136159,140,43,7690,1998,0.0,596.0,0.102559,0.591468,MKD,CHN,610690
7136160,142,43,7690,1998,0.0,3631.0,0.919593,-0.071451,MLT,CHN,610690
7136161,151,43,7690,1998,976.0,1459.0,-0.621599,-0.755795,MUS,CHN,610690
7136162,153,43,7690,1998,0.0,50174.0,0.396826,0.203792,MYS,CHN,610690
7136163,159,43,7690,1998,0.0,20299.0,-1.484229,-1.144092,NGA,CHN,610690
7136164,162,43,7690,1998,0.0,343431.0,1.248469,1.683182,NLD,CHN,610690
7136165,163,43,7690,1998,0.0,153424.0,1.1660190000000001,0.43901899999999994,NOR,CHN,610690
7136166,166,43,7690,1998,0.0,63136.0,0.5690529999999999,0.7752060000000001,NZL,CHN,610690
7136167,173,43,7690,1998,0.0,15169.0,-0.35875300000000004,0.042606,PER,CHN,610690
7136168,174,43,7690,1998,0.0,1424.0,-0.262725,-0.075781,PHL,CHN,610690
7136169,177,43,7690,1998,0.0,172852.0,0.8638309999999999,1.8881299999999999,POL,CHN,610690
7136170,179,43,7690,1998,0.0,126474.0,0.39771999999999996,1.303603,PRT,CHN,610690
7136171,185,43,7690,1998,0.0,18666.0,0.315392,0.961176,ROU,CHN,610690
7136172,186,43,7690,1998,0.0,68957.0,0.93909,0.59719,RUS,CHN,610690
7136173,188,43,7690,1998,0.0,1185835.0,0.521849,-0.7550899999999999,SAU,CHN,610690
7136174,189,43,7690,1998,0.0,56127.0,0.603733,1.535453,SCG,CHN,610690
7136175,192,43,7690,1998,0.0,150006.0,1.0029709999999998,0.506545,SGP,CHN,610690
7136176,207,43,7690,1998,0.0,1676.0,1.442955,1.27214,SVN,CHN,610690
7136177,208,43,7690,1998,0.0,42076.0,2.134076,0.9259729999999999,SWE,CHN,610690
7136178,216,43,7690,1998,3690.0,174002.0,0.128633,1.484142,THA,CHN,610690
7136179,223,43,7690,1998,0.0,3685.0,-0.21677,-0.08694299999999999,TUN,CHN,610690
7136180,224,43,7690,1998,0.0,10045.0,0.085286,1.653589,TUR,CHN,610690
7136181,230,43,7690,1998,0.0,3143.0,0.323022,0.293694,URY,CHN,610690
7136182,231,43,7690,1998,50533.0,63326548.0,1.8223639999999999,0.761336,USA,CHN,610690
7136183,246,43,7690,1998,0.0,46836.0,0.573958,1.3813739999999999,ZAF,CHN,610690
7136184,249,43,7690,1998,0.0,229068.0,1.224725,1.890322,TWN,CHN,610690
7136185,31,49,7690,1998,0.0,1905.0,-0.49860699999999997,-0.748521,BOL,COL,610690
7136186,39,49,7690,1998,0.0,52450.0,1.077343,1.119161,CAN,COL,610690
7136187,43,49,7690,1998,8847.0,0.0,0.3658,3.231258,CHN,COL,610690
7136188,52,49,7690,1998,0.0,2204.0,-0.26046199999999997,-0.059391,CRI,COL,610690
7136189,61,49,7690,1998,891.0,0.0,2.334028,-2.417278,DEU,COL,610690
7136190,67,49,7690,1998,29287.0,0.0,-0.990915,-0.9670860000000001,ECU,COL,610690
7136191,77,49,7690,1998,1037.0,0.0,1.707702,0.7784270000000001,FRA,COL,610690
7136192,97,49,7690,1998,1372.0,0.0,0.46966099999999994,2.5744029999999998,HKG,COL,610690
7136193,104,49,7690,1998,52235.0,0.0,0.274308,2.316908,IND,COL,610690
7136194,111,49,7690,1998,1742.0,0.0,1.4532209999999999,1.191124,ITA,COL,610690
7136195,121,49,7690,1998,2845.0,0.0,0.999518,1.106351,KOR,COL,610690
7136196,216,49,7690,1998,1592.0,0.0,0.128633,1.484142,THA,COL,610690
7136197,231,49,7690,1998,16142.0,74793.0,1.8223639999999999,0.761336,USA,COL,610690
7136198,236,49,7690,1998,0.0,42054.0,0.288717,-0.540639,VEN,COL,610690
7136199,250,49,7690,1998,32568.0,0.0,1.144164,1.187425,ANS,COL,610690
7136200,49,52,7690,1998,2204.0,0.0,0.205004,0.13985899999999998,COL,CRI,610690
7136201,71,52,7690,1998,1977.0,0.0,1.051392,1.983438,ESP,CRI,610690
7136202,93,52,7690,1998,4645.0,17639.0,-0.344999,0.155524,GTM,CRI,610690
7136203,97,52,7690,1998,1053.0,0.0,0.46966099999999994,2.5744029999999998,HKG,CRI,610690
7136204,138,52,7690,1998,48395.0,0.0,0.525671,0.880649,MEX,CRI,610690
7136205,160,52,7690,1998,2166.0,1693.0,-0.8012199999999999,-0.749159,NIC,CRI,610690
7136206,169,52,7690,1998,3013.0,0.0,0.010123,0.5677949999999999,PAN,CRI,610690
7136207,197,52,7690,1998,0.0,3675.0,-0.202965,-0.000499,SLV,CRI,610690
7136208,231,52,7690,1998,11627.0,2072.0,1.8223639999999999,0.761336,USA,CRI,610690
7136209,249,52,7690,1998,883.0,0.0,1.224725,1.890322,TWN,CRI,610690
7136210,4,61,7690,1998,133656.0,0.0,-0.37657399999999996,-0.201006,ALB,DEU,610690
7136211,6,61,7690,1998,0.0,1008.0,0.666616,-0.224404,ANT,DEU,610690
7136212,7,61,7690,1998,0.0,24554.0,-0.274973,-0.481405,ARE,DEU,610690
7136213,8,61,7690,1998,0.0,999.0,0.272015,0.45031099999999996,ARG,DEU,610690
7136214,14,61,7690,1998,0.0,9718.0,0.375317,0.8864629999999999,AUS,DEU,610690
7136215,15,61,7690,1998,57521.0,607273.0,1.891966,0.508137,AUT,DEU,610690
7136216,18,61,7690,1998,74679.0,318917.0,1.4740739999999999,1.2530430000000001,BEL,DEU,610690
7136217,22,61,7690,1998,143614.0,0.0,-1.130729,-1.001385,BGD,DEU,610690
7136218,23,61,7690,1998,63284.0,3976.0,0.382782,1.5844479999999999,BGR,DEU,610690
7136219,24,61,7690,1998,0.0,5181.0,-0.044219,-0.859931,BHR,DEU,610690
7136220,25,61,7690,1998,0.0,63512.0,1.090167,0.25353000000000003,BHS,DEU,610690
7136221,28,61,7690,1998,0.0,1905.0,0.9122049999999999,1.161741,BLR,DEU,610690
7136222,39,61,7690,1998,0.0,17287.0,1.077343,1.119161,CAN,DEU,610690
7136223,41,61,7690,1998,10189.0,481662.0,2.252965,0.561806,CHE,DEU,610690
7136224,42,61,7690,1998,0.0,3877.0,0.029706,-0.061149,CHL,DEU,610690
7136225,43,61,7690,1998,3877745.0,3095.0,0.3658,3.231258,CHN,DEU,610690
7136226,49,61,7690,1998,0.0,891.0,0.205004,0.13985899999999998,COL,DEU,610690
7136227,58,61,7690,1998,13373.0,993.0,0.45990600000000004,0.41840299999999997,CYP,DEU,610690
7136228,59,61,7690,1998,76138.0,3906.0,1.36345,1.408508,CZE,DEU,610690
7136229,64,61,7690,1998,758226.0,28789.0,1.225999,1.470145,DNK,DEU,610690
7136230,68,61,7690,1998,0.0,6732.0,-0.462755,0.079802,EGY,DEU,610690
7136231,71,61,7690,1998,65581.0,101066.0,1.051392,1.983438,ESP,DEU,610690
7136232,72,61,7690,1998,4012.0,31378.0,0.53408,1.07691,EST,DEU,610690
7136233,74,61,7690,1998,0.0,12081.0,2.003987,0.995725,FIN,DEU,610690
7136234,77,61,7690,1998,1785382.0,213474.0,1.707702,0.7784270000000001,FRA,DEU,610690
7136235,81,61,7690,1998,2862288.0,220789.0,1.906738,0.489101,GBR,DEU,610690
7136236,90,61,7690,1998,2323511.0,26200.0,0.183835,1.1512790000000002,GRC,DEU,610690
7136237,97,61,7690,1998,222214.0,92123.0,0.46966099999999994,2.5744029999999998,HKG,DEU,610690
7136238,100,61,7690,1998,77842.0,5828.0,0.692779,0.9919530000000001,HRV,DEU,610690
7136239,102,61,7690,1998,81263.0,8060.0,0.780392,1.450701,HUN,DEU,610690
7136240,103,61,7690,1998,19357.0,1199.0,-0.478253,1.350652,IDN,DEU,610690
7136241,104,61,7690,1998,306203.0,0.0,0.274308,2.316908,IND,DEU,610690
7136242,106,61,7690,1998,0.0,8564.0,1.451067,0.654442,IRL,DEU,610690
7136243,107,61,7690,1998,49535.0,953.0,-0.6626029999999999,-1.0408959999999998,IRN,DEU,610690
7136244,109,61,7690,1998,0.0,2759.0,0.18141300000000002,-0.47993500000000006,ISL,DEU,610690
7136245,110,61,7690,1998,1109436.0,1855.0,1.2643739999999999,0.958475,ISR,DEU,610690
7136246,111,61,7690,1998,9130035.0,59920.0,1.4532209999999999,1.191124,ITA,DEU,610690
7136247,112,61,7690,1998,0.0,2091.0,-0.8083739999999999,-0.946183,JAM,DEU,610690
7136248,113,61,7690,1998,0.0,2788.0,0.403009,-0.076366,JOR,DEU,610690
7136249,114,61,7690,1998,6509.0,122388.0,2.550442,0.718063,JPN,DEU,610690
7136250,121,61,7690,1998,0.0,13029.0,0.999518,1.106351,KOR,DEU,610690
7136251,122,61,7690,1998,0.0,5071.0,0.037029,-1.054761,KWT,DEU,610690
7136252,124,61,7690,1998,0.0,10823.0,0.23803200000000002,0.9927860000000001,LBN,DEU,610690
7136253,130,61,7690,1998,46037.0,8328.0,0.27073,0.692656,LTU,DEU,610690
7136254,132,61,7690,1998,0.0,2020.0,0.322473,0.388421,LVA,DEU,610690
7136255,133,61,7690,1998,0.0,3566.0,-0.21838000000000002,-0.370322,MAC,DEU,610690
7136256,134,61,7690,1998,25939.0,830.0,-0.7299479999999999,-0.23758200000000002,MAR,DEU,610690
7136257,138,61,7690,1998,0.0,10805.0,0.525671,0.880649,MEX,DEU,610690
7136258,140,61,7690,1998,4870.0,1886.0,0.102559,0.591468,MKD,DEU,610690
7136259,151,61,7690,1998,3829.0,0.0,-0.621599,-0.755795,MUS,DEU,610690
7136260,153,61,7690,1998,993243.0,979.0,0.396826,0.203792,MYS,DEU,610690
7136261,162,61,7690,1998,128623.0,425505.0,1.248469,1.683182,NLD,DEU,610690
7136262,163,61,7690,1998,1466.0,26983.0,1.1660190000000001,0.43901899999999994,NOR,DEU,610690
7136263,166,61,7690,1998,0.0,1947.0,0.5690529999999999,0.7752060000000001,NZL,DEU,610690
7136264,173,61,7690,1998,5289.0,0.0,-0.35875300000000004,0.042606,PER,DEU,610690
7136265,177,61,7690,1998,246269.0,13063.0,0.8638309999999999,1.8881299999999999,POL,DEU,610690
7136266,179,61,7690,1998,466229.0,30621.0,0.39771999999999996,1.303603,PRT,DEU,610690
7136267,183,61,7690,1998,0.0,3133.0,-1.047819,-1.226928,QAT,DEU,610690
7136268,185,61,7690,1998,9841.0,1973.0,0.315392,0.961176,ROU,DEU,610690
7136269,186,61,7690,1998,1181.0,91338.0,0.93909,0.59719,RUS,DEU,610690
7136270,188,61,7690,1998,0.0,13204.0,0.521849,-0.7550899999999999,SAU,DEU,610690
7136271,189,61,7690,1998,4015.0,0.0,0.603733,1.535453,SCG,DEU,610690
7136272,192,61,7690,1998,95290.0,5751.0,1.0029709999999998,0.506545,SGP,DEU,610690
7136273,206,61,7690,1998,0.0,2269.0,1.202453,1.228204,SVK,DEU,610690
7136274,207,61,7690,1998,91360.0,6789.0,1.442955,1.27214,SVN,DEU,610690
7136275,208,61,7690,1998,0.0,29716.0,2.134076,0.9259729999999999,SWE,DEU,610690
7136276,216,61,7690,1998,85544.0,0.0,0.128633,1.484142,THA,DEU,610690
7136277,219,61,7690,1998,0.0,1088.0,-0.379934,-0.878598,TKM,DEU,610690
7136278,223,61,7690,1998,47633.0,961.0,-0.21677,-0.08694299999999999,TUN,DEU,610690
7136279,224,61,7690,1998,665486.0,16664.0,0.085286,1.653589,TUR,DEU,610690
7136280,228,61,7690,1998,205920.0,5887.0,0.880876,0.783668,UKR,DEU,610690
7136281,231,61,7690,1998,28844.0,126179.0,1.8223639999999999,0.761336,USA,DEU,610690
7136282,236,61,7690,1998,0.0,872.0,0.288717,-0.540639,VEN,DEU,610690
7136283,246,61,7690,1998,0.0,10545.0,0.573958,1.3813739999999999,ZAF,DEU,610690
7136284,249,61,7690,1998,20385.0,64050.0,1.224725,1.890322,TWN,DEU,610690
7136285,250,61,7690,1998,0.0,2000.0,1.144164,1.187425,ANS,DEU,610690
7136286,14,64,7690,1998,904.0,0.0,0.375317,0.8864629999999999,AUS,DNK,610690
7136287,15,64,7690,1998,0.0,14620.0,1.891966,0.508137,AUT,DNK,610690
7136288,18,64,7690,1998,9923.0,70667.0,1.4740739999999999,1.2530430000000001,BEL,DNK,610690
7136289,39,64,7690,1998,0.0,8651.0,1.077343,1.119161,CAN,DNK,610690
7136290,41,64,7690,1998,0.0,61761.0,2.252965,0.561806,CHE,DNK,610690
7136291,42,64,7690,1998,0.0,10611.0,0.029706,-0.061149,CHL,DNK,610690
7136292,43,64,7690,1998,469387.0,0.0,0.3658,3.231258,CHN,DNK,610690
7136293,59,64,7690,1998,0.0,2482.0,1.36345,1.408508,CZE,DNK,610690
7136294,61,64,7690,1998,28789.0,758226.0,2.334028,-2.417278,DEU,DNK,610690
7136295,71,64,7690,1998,0.0,32857.0,1.051392,1.983438,ESP,DNK,610690
7136296,72,64,7690,1998,0.0,3541.0,0.53408,1.07691,EST,DNK,610690
7136297,74,64,7690,1998,0.0,144855.0,2.003987,0.995725,FIN,DNK,610690
7136298,77,64,7690,1998,35210.0,30801.0,1.707702,0.7784270000000001,FRA,DNK,610690
7136299,78,64,7690,1998,0.0,19814.0,-0.6159899999999999,-0.828198,FRO,DNK,610690
7136300,81,64,7690,1998,796358.0,79012.0,1.906738,0.489101,GBR,DNK,610690
7136301,90,64,7690,1998,107931.0,1727.0,0.183835,1.1512790000000002,GRC,DNK,610690
7136302,92,64,7690,1998,0.0,7846.0,-1.011085,-0.8786809999999999,GRL,DNK,610690
7136303,97,64,7690,1998,74266.0,0.0,0.46966099999999994,2.5744029999999998,HKG,DNK,610690
7136304,103,64,7690,1998,3292.0,0.0,-0.478253,1.350652,IDN,DNK,610690
7136305,104,64,7690,1998,86787.0,0.0,0.274308,2.316908,IND,DNK,610690
7136306,106,64,7690,1998,0.0,48795.0,1.451067,0.654442,IRL,DNK,610690
7136307,109,64,7690,1998,0.0,21449.0,0.18141300000000002,-0.47993500000000006,ISL,DNK,610690
7136308,110,64,7690,1998,2608.0,0.0,1.2643739999999999,0.958475,ISR,DNK,610690
7136309,111,64,7690,1998,106312.0,41200.0,1.4532209999999999,1.191124,ITA,DNK,610690
7136310,114,64,7690,1998,0.0,2022.0,2.550442,0.718063,JPN,DNK,610690
7136311,130,64,7690,1998,73561.0,58238.0,0.27073,0.692656,LTU,DNK,610690
7136312,132,64,7690,1998,7626.0,0.0,0.322473,0.388421,LVA,DNK,610690
7136313,153,64,7690,1998,9926.0,0.0,0.396826,0.203792,MYS,DNK,610690
7136314,162,64,7690,1998,2960.0,370867.0,1.248469,1.683182,NLD,DNK,610690
7136315,163,64,7690,1998,8232.0,887122.0,1.1660190000000001,0.43901899999999994,NOR,DNK,610690
7136316,177,64,7690,1998,338554.0,159856.0,0.8638309999999999,1.8881299999999999,POL,DNK,610690
7136317,179,64,7690,1998,314140.0,1605.0,0.39771999999999996,1.303603,PRT,DNK,610690
7136318,185,64,7690,1998,13155.0,0.0,0.315392,0.961176,ROU,DNK,610690
7136319,186,64,7690,1998,0.0,6348.0,0.93909,0.59719,RUS,DNK,610690
7136320,192,64,7690,1998,49369.0,0.0,1.0029709999999998,0.506545,SGP,DNK,610690
7136321,208,64,7690,1998,59250.0,938734.0,2.134076,0.9259729999999999,SWE,DNK,610690
7136322,216,64,7690,1998,8765.0,0.0,0.128633,1.484142,THA,DNK,610690
7136323,224,64,7690,1998,68866.0,3612.0,0.085286,1.653589,TUR,DNK,610690
7136324,231,64,7690,1998,33445.0,9273.0,1.8223639999999999,0.761336,USA,DNK,610690
7136325,239,64,7690,1998,1996.0,0.0,-0.9395469999999999,0.060697,VNM,DNK,610690
7136326,250,64,7690,1998,1792.0,0.0,1.144164,1.187425,ANS,DNK,610690
7136327,32,67,7690,1998,0.0,2806.0,0.768101,1.04589,BRA,ECU,610690
7136328,49,67,7690,1998,0.0,29287.0,0.205004,0.13985899999999998,COL,ECU,610690
7136329,97,67,7690,1998,10101.0,0.0,0.46966099999999994,2.5744029999999998,HKG,ECU,610690
7136330,121,67,7690,1998,3833.0,0.0,0.999518,1.106351,KOR,ECU,610690
7136331,169,67,7690,1998,36824.0,0.0,0.010123,0.5677949999999999,PAN,ECU,610690
7136332,231,67,7690,1998,31152.0,8880.0,1.8223639999999999,0.761336,USA,ECU,610690
7136333,250,67,7690,1998,4377.0,0.0,1.144164,1.187425,ANS,ECU,610690
7136334,5,71,7690,1998,0.0,13132.0,1.079978,0.618452,AND,ESP,610690
7136335,18,71,7690,1998,11732.0,104929.0,1.4740739999999999,1.2530430000000001,BEL,ESP,610690
7136336,19,71,7690,1998,0.0,3947.0,-0.8198,-0.8584780000000001,BEN,ESP,610690
7136337,31,71,7690,1998,0.0,12166.0,-0.49860699999999997,-0.748521,BOL,ESP,610690
7136338,32,71,7690,1998,4171.0,1965.0,0.768101,1.04589,BRA,ESP,610690
7136339,41,71,7690,1998,0.0,38953.0,2.252965,0.561806,CHE,ESP,610690
7136340,42,71,7690,1998,0.0,33611.0,0.029706,-0.061149,CHL,ESP,610690
7136341,43,71,7690,1998,222614.0,4085.0,0.3658,3.231258,CHN,ESP,610690
7136342,52,71,7690,1998,0.0,1977.0,-0.26046199999999997,-0.059391,CRI,ESP,610690
7136343,58,71,7690,1998,0.0,88979.0,0.45990600000000004,0.41840299999999997,CYP,ESP,610690
7136344,59,71,7690,1998,1729.0,0.0,1.36345,1.408508,CZE,ESP,610690
7136345,61,71,7690,1998,101066.0,65581.0,2.334028,-2.417278,DEU,ESP,610690
7136346,64,71,7690,1998,32857.0,0.0,1.225999,1.470145,DNK,ESP,610690
7136347,77,71,7690,1998,541834.0,342226.0,1.707702,0.7784270000000001,FRA,ESP,610690
7136348,78,71,7690,1998,0.0,345.0,-0.6159899999999999,-0.828198,FRO,ESP,610690
7136349,81,71,7690,1998,475917.0,28308.0,1.906738,0.489101,GBR,ESP,610690
7136350,82,71,7690,1998,0.0,3549.0,0.644307,0.304707,GEO,ESP,610690
7136351,90,71,7690,1998,5488.0,12119.0,0.183835,1.1512790000000002,GRC,ESP,610690
7136352,97,71,7690,1998,78475.0,0.0,0.46966099999999994,2.5744029999999998,HKG,ESP,610690
7136353,100,71,7690,1998,0.0,1179.0,0.692779,0.9919530000000001,HRV,ESP,610690
7136354,103,71,7690,1998,1471.0,0.0,-0.478253,1.350652,IDN,ESP,610690
7136355,104,71,7690,1998,49412.0,0.0,0.274308,2.316908,IND,ESP,610690
7136356,106,71,7690,1998,18324.0,10491.0,1.451067,0.654442,IRL,ESP,610690
7136357,110,71,7690,1998,123598.0,39116.0,1.2643739999999999,0.958475,ISR,ESP,610690
7136358,111,71,7690,1998,489584.0,10756.0,1.4532209999999999,1.191124,ITA,ESP,610690
7136359,114,71,7690,1998,1740.0,46309.0,2.550442,0.718063,JPN,ESP,610690
7136360,116,71,7690,1998,0.0,1487.0,-0.434978,0.10193300000000001,KEN,ESP,610690
7136361,118,71,7690,1998,5192.0,0.0,-1.626686,-1.307157,KHM,ESP,610690
7136362,121,71,7690,1998,9232.0,0.0,0.999518,1.106351,KOR,ESP,610690
7136363,124,71,7690,1998,0.0,3922.0,0.23803200000000002,0.9927860000000001,LBN,ESP,610690
7136364,134,71,7690,1998,15599.0,0.0,-0.7299479999999999,-0.23758200000000002,MAR,ESP,610690
7136365,136,71,7690,1998,8914.0,0.0,-1.2600639999999999,-0.566983,MDG,ESP,610690
7136366,138,71,7690,1998,0.0,5259.0,0.525671,0.880649,MEX,ESP,610690
7136367,141,71,7690,1998,0.0,2657.0,-0.8910049999999999,-0.9654870000000001,MLI,ESP,610690
7136368,142,71,7690,1998,0.0,22919.0,0.919593,-0.071451,MLT,ESP,610690
7136369,148,71,7690,1998,0.0,8141.0,-1.177719,-1.199729,MRT,ESP,610690
7136370,151,71,7690,1998,13139.0,0.0,-0.621599,-0.755795,MUS,ESP,610690
7136371,153,71,7690,1998,26583.0,0.0,0.396826,0.203792,MYS,ESP,610690
7136372,162,71,7690,1998,31382.0,10691.0,1.248469,1.683182,NLD,ESP,610690
7136373,173,71,7690,1998,0.0,6164.0,-0.35875300000000004,0.042606,PER,ESP,610690
7136374,177,71,7690,1998,2633.0,0.0,0.8638309999999999,1.8881299999999999,POL,ESP,610690
7136375,179,71,7690,1998,302718.0,1634901.0,0.39771999999999996,1.303603,PRT,ESP,610690
7136376,185,71,7690,1998,3533.0,0.0,0.315392,0.961176,ROU,ESP,610690
7136377,186,71,7690,1998,0.0,36726.0,0.93909,0.59719,RUS,ESP,610690
7136378,188,71,7690,1998,0.0,9326.0,0.521849,-0.7550899999999999,SAU,ESP,610690
7136379,192,71,7690,1998,0.0,8439.0,1.0029709999999998,0.506545,SGP,ESP,610690
7136380,216,71,7690,1998,13135.0,0.0,0.128633,1.484142,THA,ESP,610690
7136381,223,71,7690,1998,1700.0,0.0,-0.21677,-0.08694299999999999,TUN,ESP,610690
7136382,224,71,7690,1998,9466.0,114241.0,0.085286,1.653589,TUR,ESP,610690
7136383,230,71,7690,1998,0.0,1921.0,0.323022,0.293694,URY,ESP,610690
7136384,231,71,7690,1998,3238.0,7045.0,1.8223639999999999,0.761336,USA,ESP,610690
7136385,236,71,7690,1998,2207.0,2299.0,0.288717,-0.540639,VEN,ESP,610690
7136386,249,71,7690,1998,2418.0,8440.0,1.224725,1.890322,TWN,ESP,610690
7136387,22,74,7690,1998,11717.0,0.0,-1.130729,-1.001385,BGD,FIN,610690
7136388,41,74,7690,1998,1473.0,0.0,2.252965,0.561806,CHE,FIN,610690
7136389,43,74,7690,1998,608920.0,0.0,0.3658,3.231258,CHN,FIN,610690
7136390,61,74,7690,1998,12081.0,0.0,2.334028,-2.417278,DEU,FIN,610690
7136391,64,74,7690,1998,144855.0,0.0,1.225999,1.470145,DNK,FIN,610690
7136392,72,74,7690,1998,57168.0,20557.0,0.53408,1.07691,EST,FIN,610690
7136393,77,74,7690,1998,22369.0,0.0,1.707702,0.7784270000000001,FRA,FIN,610690
7136394,81,74,7690,1998,125247.0,2709.0,1.906738,0.489101,GBR,FIN,610690
7136395,90,74,7690,1998,321195.0,0.0,0.183835,1.1512790000000002,GRC,FIN,610690
7136396,97,74,7690,1998,4158.0,0.0,0.46966099999999994,2.5744029999999998,HKG,FIN,610690
7136397,104,74,7690,1998,932.0,0.0,0.274308,2.316908,IND,FIN,610690
7136398,106,74,7690,1998,0.0,1229.0,1.451067,0.654442,IRL,FIN,610690
7136399,111,74,7690,1998,22366.0,0.0,1.4532209999999999,1.191124,ITA,FIN,610690
7136400,114,74,7690,1998,0.0,6104.0,2.550442,0.718063,JPN,FIN,610690
7136401,121,74,7690,1998,1768.0,0.0,0.999518,1.106351,KOR,FIN,610690
7136402,130,74,7690,1998,7243.0,63199.0,0.27073,0.692656,LTU,FIN,610690
7136403,132,74,7690,1998,4536.0,0.0,0.322473,0.388421,LVA,FIN,610690
7136404,133,74,7690,1998,5710.0,0.0,-0.21838000000000002,-0.370322,MAC,FIN,610690
7136405,162,74,7690,1998,4130.0,0.0,1.248469,1.683182,NLD,FIN,610690
7136406,163,74,7690,1998,2588.0,1280.0,1.1660190000000001,0.43901899999999994,NOR,FIN,610690
7136407,177,74,7690,1998,15584.0,0.0,0.8638309999999999,1.8881299999999999,POL,FIN,610690
7136408,179,74,7690,1998,95593.0,0.0,0.39771999999999996,1.303603,PRT,FIN,610690
7136409,186,74,7690,1998,0.0,36633.0,0.93909,0.59719,RUS,FIN,610690
7136410,208,74,7690,1998,43235.0,10171.0,2.134076,0.9259729999999999,SWE,FIN,610690
7136411,223,74,7690,1998,2066.0,0.0,-0.21677,-0.08694299999999999,TUN,FIN,610690
7136412,224,74,7690,1998,22099.0,0.0,0.085286,1.653589,TUR,FIN,610690
7136413,231,74,7690,1998,1220.0,3274.0,1.8223639999999999,0.761336,USA,FIN,610690
7136414,2,77,7690,1998,0.0,11926.0,-1.679223,-1.213275,AGO,FRA,610690
7136415,5,77,7690,1998,1739.0,15513.0,1.079978,0.618452,AND,FRA,610690
7136416,6,77,7690,1998,0.0,3755.0,0.666616,-0.224404,ANT,FRA,610690
7136417,7,77,7690,1998,0.0,23926.0,-0.274973,-0.481405,ARE,FRA,610690
7136418,8,77,7690,1998,6941.0,2975.0,0.272015,0.45031099999999996,ARG,FRA,610690
7136419,14,77,7690,1998,0.0,20768.0,0.375317,0.8864629999999999,AUS,FRA,610690
7136420,15,77,7690,1998,1026.0,157465.0,1.891966,0.508137,AUT,FRA,610690
7136421,18,77,7690,1998,1942773.0,2841382.0,1.4740739999999999,1.2530430000000001,BEL,FRA,610690
7136422,19,77,7690,1998,0.0,3378.0,-0.8198,-0.8584780000000001,BEN,FRA,610690
7136423,22,77,7690,1998,779693.0,0.0,-1.130729,-1.001385,BGD,FRA,610690
7136424,23,77,7690,1998,55023.0,0.0,0.382782,1.5844479999999999,BGR,FRA,610690
7136425,25,77,7690,1998,0.0,31062.0,1.090167,0.25353000000000003,BHS,FRA,610690
7136426,32,77,7690,1998,0.0,8310.0,0.768101,1.04589,BRA,FRA,610690
7136427,39,77,7690,1998,0.0,7450.0,1.077343,1.119161,CAN,FRA,610690
7136428,41,77,7690,1998,0.0,52147.0,2.252965,0.561806,CHE,FRA,610690
7136429,42,77,7690,1998,0.0,5016.0,0.029706,-0.061149,CHL,FRA,610690
7136430,43,77,7690,1998,656561.0,0.0,0.3658,3.231258,CHN,FRA,610690
7136431,47,77,7690,1998,0.0,2218.0,-1.404207,-1.133436,COG,FRA,610690
7136432,49,77,7690,1998,0.0,1037.0,0.205004,0.13985899999999998,COL,FRA,610690
7136433,58,77,7690,1998,0.0,79113.0,0.45990600000000004,0.41840299999999997,CYP,FRA,610690
7136434,59,77,7690,1998,1732.0,5085.0,1.36345,1.408508,CZE,FRA,610690
7136435,61,77,7690,1998,213474.0,1785382.0,2.334028,-2.417278,DEU,FRA,610690
7136436,64,77,7690,1998,30801.0,35210.0,1.225999,1.470145,DNK,FRA,610690
7136437,66,77,7690,1998,0.0,1329.0,-0.726061,-1.161031,DZA,FRA,610690
7136438,71,77,7690,1998,342226.0,541834.0,1.051392,1.983438,ESP,FRA,610690
7136439,74,77,7690,1998,0.0,22369.0,2.003987,0.995725,FIN,FRA,610690
7136440,78,77,7690,1998,0.0,386.0,-0.6159899999999999,-0.828198,FRO,FRA,610690
7136441,80,77,7690,1998,0.0,20508.0,-1.122225,-1.148066,GAB,FRA,610690
7136442,81,77,7690,1998,347527.0,337370.0,1.906738,0.489101,GBR,FRA,610690
7136443,90,77,7690,1998,878464.0,176594.0,0.183835,1.1512790000000002,GRC,FRA,610690
7136444,97,77,7690,1998,151951.0,27920.0,0.46966099999999994,2.5744029999999998,HKG,FRA,610690
7136445,102,77,7690,1998,26150.0,9806.0,0.780392,1.450701,HUN,FRA,610690
7136446,103,77,7690,1998,381900.0,0.0,-0.478253,1.350652,IDN,FRA,610690
7136447,104,77,7690,1998,311913.0,0.0,0.274308,2.316908,IND,FRA,610690
7136448,106,77,7690,1998,1333.0,49599.0,1.451067,0.654442,IRL,FRA,610690
7136449,109,77,7690,1998,0.0,4902.0,0.18141300000000002,-0.47993500000000006,ISL,FRA,610690
7136450,110,77,7690,1998,313524.0,10361.0,1.2643739999999999,0.958475,ISR,FRA,610690
7136451,111,77,7690,1998,1848840.0,243397.0,1.4532209999999999,1.191124,ITA,FRA,610690
7136452,112,77,7690,1998,2406.0,0.0,-0.8083739999999999,-0.946183,JAM,FRA,610690
7136453,114,77,7690,1998,27201.0,58542.0,2.550442,0.718063,JPN,FRA,610690
7136454,116,77,7690,1998,0.0,1985.0,-0.434978,0.10193300000000001,KEN,FRA,610690
7136455,121,77,7690,1998,0.0,9963.0,0.999518,1.106351,KOR,FRA,610690
7136456,122,77,7690,1998,0.0,21603.0,0.037029,-1.054761,KWT,FRA,610690
7136457,124,77,7690,1998,955.0,1709.0,0.23803200000000002,0.9927860000000001,LBN,FRA,610690
7136458,130,77,7690,1998,4115.0,1888.0,0.27073,0.692656,LTU,FRA,610690
7136459,132,77,7690,1998,0.0,8713.0,0.322473,0.388421,LVA,FRA,610690
7136460,133,77,7690,1998,9695.0,1255.0,-0.21838000000000002,-0.370322,MAC,FRA,610690
7136461,134,77,7690,1998,382682.0,3164.0,-0.7299479999999999,-0.23758200000000002,MAR,FRA,610690
7136462,138,77,7690,1998,0.0,7528.0,0.525671,0.880649,MEX,FRA,610690
7136463,151,77,7690,1998,8892.0,0.0,-0.621599,-0.755795,MUS,FRA,610690
7136464,153,77,7690,1998,38277.0,44598.0,0.396826,0.203792,MYS,FRA,610690
7136465,156,77,7690,1998,0.0,20168.0,-0.846726,-0.879084,NCL,FRA,610690
7136466,162,77,7690,1998,18191.0,264498.0,1.248469,1.683182,NLD,FRA,610690
7136467,163,77,7690,1998,3118.0,4336.0,1.1660190000000001,0.43901899999999994,NOR,FRA,610690
7136468,173,77,7690,1998,0.0,5767.0,-0.35875300000000004,0.042606,PER,FRA,610690
7136469,177,77,7690,1998,253265.0,9601.0,0.8638309999999999,1.8881299999999999,POL,FRA,610690
7136470,179,77,7690,1998,577133.0,911022.0,0.39771999999999996,1.303603,PRT,FRA,610690
7136471,185,77,7690,1998,30093.0,5705.0,0.315392,0.961176,ROU,FRA,610690
7136472,186,77,7690,1998,0.0,10124.0,0.93909,0.59719,RUS,FRA,610690
7136473,188,77,7690,1998,0.0,34168.0,0.521849,-0.7550899999999999,SAU,FRA,610690
7136474,192,77,7690,1998,65875.0,21839.0,1.0029709999999998,0.506545,SGP,FRA,610690
7136475,206,77,7690,1998,13164.0,0.0,1.202453,1.228204,SVK,FRA,610690
7136476,208,77,7690,1998,0.0,62376.0,2.134076,0.9259729999999999,SWE,FRA,610690
7136477,211,77,7690,1998,0.0,5710.0,0.265625,-0.590012,SYC,FRA,610690
7136478,214,77,7690,1998,0.0,1703.0,-1.779351,-0.915178,TCD,FRA,610690
7136479,215,77,7690,1998,0.0,3845.0,-0.8338540000000001,-0.8437020000000001,TGO,FRA,610690
7136480,216,77,7690,1998,45515.0,43954.0,0.128633,1.484142,THA,FRA,610690
7136481,223,77,7690,1998,54570.0,1034.0,-0.21677,-0.08694299999999999,TUN,FRA,610690
7136482,224,77,7690,1998,247314.0,60361.0,0.085286,1.653589,TUR,FRA,610690
7136483,231,77,7690,1998,0.0,11546.0,1.8223639999999999,0.761336,USA,FRA,610690
7136484,234,77,7690,1998,1794.0,0.0,0.22166,-0.331633,VCT,FRA,610690
7136485,236,77,7690,1998,0.0,6969.0,0.288717,-0.540639,VEN,FRA,610690
7136486,239,77,7690,1998,2868.0,0.0,-0.9395469999999999,0.060697,VNM,FRA,610690
7136487,246,77,7690,1998,15496.0,133214.0,0.573958,1.3813739999999999,ZAF,FRA,610690
7136488,249,77,7690,1998,7194.0,127279.0,1.224725,1.890322,TWN,FRA,610690
7136489,250,77,7690,1998,128267.0,0.0,1.144164,1.187425,ANS,FRA,610690
7136490,5,81,7690,1998,0.0,4455.0,1.079978,0.618452,AND,GBR,610690
7136491,7,81,7690,1998,0.0,91466.0,-0.274973,-0.481405,ARE,GBR,610690
7136492,8,81,7690,1998,0.0,3579.0,0.272015,0.45031099999999996,ARG,GBR,610690
7136493,14,81,7690,1998,67484.0,5074.0,0.375317,0.8864629999999999,AUS,GBR,610690
7136494,15,81,7690,1998,0.0,28767.0,1.891966,0.508137,AUT,GBR,610690
7136495,18,81,7690,1998,5054.0,466914.0,1.4740739999999999,1.2530430000000001,BEL,GBR,610690
7136496,22,81,7690,1998,14047.0,2405.0,-1.130729,-1.001385,BGD,GBR,610690
7136497,23,81,7690,1998,4784.0,52631.0,0.382782,1.5844479999999999,BGR,GBR,610690
7136498,24,81,7690,1998,0.0,44424.0,-0.044219,-0.859931,BHR,GBR,610690
7136499,30,81,7690,1998,0.0,7622.0,0.900948,-0.340868,BMU,GBR,610690
7136500,39,81,7690,1998,14849.0,3260.0,1.077343,1.119161,CAN,GBR,610690
7136501,41,81,7690,1998,9604.0,405788.0,2.252965,0.561806,CHE,GBR,610690
7136502,43,81,7690,1998,790186.0,0.0,0.3658,3.231258,CHN,GBR,610690
7136503,44,81,7690,1998,0.0,30912.0,-0.75115,-0.753865,CIV,GBR,610690
7136504,58,81,7690,1998,18293.0,54245.0,0.45990600000000004,0.41840299999999997,CYP,GBR,610690
7136505,59,81,7690,1998,0.0,7595.0,1.36345,1.408508,CZE,GBR,610690
7136506,61,81,7690,1998,220789.0,2862288.0,2.334028,-2.417278,DEU,GBR,610690
7136507,64,81,7690,1998,79012.0,796358.0,1.225999,1.470145,DNK,GBR,610690
7136508,71,81,7690,1998,28308.0,475917.0,1.051392,1.983438,ESP,GBR,610690
7136509,72,81,7690,1998,0.0,1208.0,0.53408,1.07691,EST,GBR,610690
7136510,74,81,7690,1998,2709.0,125247.0,2.003987,0.995725,FIN,GBR,610690
7136511,77,81,7690,1998,337370.0,347527.0,1.707702,0.7784270000000001,FRA,GBR,610690
7136512,78,81,7690,1998,0.0,1930.0,-0.6159899999999999,-0.828198,FRO,GBR,610690
7136513,83,81,7690,1998,0.0,2013.0,-1.215123,-1.0427620000000002,GHA,GBR,610690
7136514,84,81,7690,1998,0.0,27148.0,0.6941689999999999,-0.21656,GIB,GBR,610690
7136515,90,81,7690,1998,441411.0,167612.0,0.183835,1.1512790000000002,GRC,GBR,610690
7136516,97,81,7690,1998,1563856.0,794762.0,0.46966099999999994,2.5744029999999998,HKG,GBR,610690
7136517,100,81,7690,1998,0.0,43532.0,0.692779,0.9919530000000001,HRV,GBR,610690
7136518,102,81,7690,1998,0.0,17127.0,0.780392,1.450701,HUN,GBR,610690
7136519,103,81,7690,1998,305889.0,0.0,-0.478253,1.350652,IDN,GBR,610690
7136520,104,81,7690,1998,264482.0,0.0,0.274308,2.316908,IND,GBR,610690
7136521,106,81,7690,1998,100987.0,1280838.0,1.451067,0.654442,IRL,GBR,610690
7136522,109,81,7690,1998,1767.0,74182.0,0.18141300000000002,-0.47993500000000006,ISL,GBR,610690
7136523,110,81,7690,1998,17323.0,93609.0,1.2643739999999999,0.958475,ISR,GBR,610690
7136524,111,81,7690,1998,808612.0,53275.0,1.4532209999999999,1.191124,ITA,GBR,610690
7136525,113,81,7690,1998,0.0,2573.0,0.403009,-0.076366,JOR,GBR,610690
7136526,114,81,7690,1998,5507.0,12124.0,2.550442,0.718063,JPN,GBR,610690
7136527,116,81,7690,1998,0.0,6596.0,-0.434978,0.10193300000000001,KEN,GBR,610690
7136528,121,81,7690,1998,0.0,5919.0,0.999518,1.106351,KOR,GBR,610690
7136529,122,81,7690,1998,0.0,182327.0,0.037029,-1.054761,KWT,GBR,610690
7136530,130,81,7690,1998,2415.0,2847.0,0.27073,0.692656,LTU,GBR,610690
7136531,132,81,7690,1998,0.0,19278.0,0.322473,0.388421,LVA,GBR,610690
7136532,133,81,7690,1998,2729.0,1135.0,-0.21838000000000002,-0.370322,MAC,GBR,610690
7136533,134,81,7690,1998,52804.0,0.0,-0.7299479999999999,-0.23758200000000002,MAR,GBR,610690
7136534,138,81,7690,1998,0.0,4202.0,0.525671,0.880649,MEX,GBR,610690
7136535,142,81,7690,1998,15381.0,7362536.0,0.919593,-0.071451,MLT,GBR,610690
7136536,148,81,7690,1998,0.0,14507.0,-1.177719,-1.199729,MRT,GBR,610690
7136537,151,81,7690,1998,9877.0,0.0,-0.621599,-0.755795,MUS,GBR,610690
7136538,153,81,7690,1998,1825394.0,2410.0,0.396826,0.203792,MYS,GBR,610690
7136539,159,81,7690,1998,0.0,2299.0,-1.484229,-1.144092,NGA,GBR,610690
7136540,162,81,7690,1998,9237.0,1355682.0,1.248469,1.683182,NLD,GBR,610690
7136541,163,81,7690,1998,1766.0,162360.0,1.1660190000000001,0.43901899999999994,NOR,GBR,610690
7136542,166,81,7690,1998,2330.0,6405.0,0.5690529999999999,0.7752060000000001,NZL,GBR,610690
7136543,167,81,7690,1998,0.0,10032.0,-0.38848499999999997,-0.898559,OMN,GBR,610690
7136544,168,81,7690,1998,1555.0,0.0,-0.9008149999999999,-0.448942,PAK,GBR,610690
7136545,173,81,7690,1998,4672.0,0.0,-0.35875300000000004,0.042606,PER,GBR,610690
7136546,174,81,7690,1998,0.0,1513.0,-0.262725,-0.075781,PHL,GBR,610690
7136547,179,81,7690,1998,350210.0,137290.0,0.39771999999999996,1.303603,PRT,GBR,610690
7136548,183,81,7690,1998,0.0,6002.0,-1.047819,-1.226928,QAT,GBR,610690
7136549,185,81,7690,1998,10417.0,0.0,0.315392,0.961176,ROU,GBR,610690
7136550,186,81,7690,1998,0.0,62116.0,0.93909,0.59719,RUS,GBR,610690
7136551,188,81,7690,1998,0.0,193565.0,0.521849,-0.7550899999999999,SAU,GBR,610690
7136552,190,81,7690,1998,0.0,547.0,-1.034858,-1.089854,SDN,GBR,610690
7136553,191,81,7690,1998,0.0,1040.0,-0.416955,-0.449216,SEN,GBR,610690
7136554,192,81,7690,1998,367350.0,11841.0,1.0029709999999998,0.506545,SGP,GBR,610690
7136555,206,81,7690,1998,0.0,6772.0,1.202453,1.228204,SVK,GBR,610690
7136556,208,81,7690,1998,6088.0,342680.0,2.134076,0.9259729999999999,SWE,GBR,610690
7136557,211,81,7690,1998,0.0,2420.0,0.265625,-0.590012,SYC,GBR,610690
7136558,215,81,7690,1998,10453.0,0.0,-0.8338540000000001,-0.8437020000000001,TGO,GBR,610690
7136559,216,81,7690,1998,69204.0,3550.0,0.128633,1.484142,THA,GBR,610690
7136560,222,81,7690,1998,0.0,12191.0,0.273917,-0.453996,TTO,GBR,610690
7136561,224,81,7690,1998,1046427.0,14938.0,0.085286,1.653589,TUR,GBR,610690
7136562,227,81,7690,1998,0.0,8860.0,-0.996762,-1.01326,UGA,GBR,610690
7136563,228,81,7690,1998,0.0,9023.0,0.880876,0.783668,UKR,GBR,610690
7136564,231,81,7690,1998,112602.0,69595.0,1.8223639999999999,0.761336,USA,GBR,610690
7136565,232,81,7690,1998,0.0,1305.0,-0.283425,-0.7488520000000001,UZB,GBR,610690
7136566,246,81,7690,1998,15415.0,12344.0,0.573958,1.3813739999999999,ZAF,GBR,610690
7136567,248,81,7690,1998,0.0,6774.0,-0.49939399999999995,-0.430733,ZWE,GBR,610690
7136568,249,81,7690,1998,0.0,380850.0,1.224725,1.890322,TWN,GBR,610690
7136569,4,90,7690,1998,317210.0,200582.0,-0.37657399999999996,-0.201006,ALB,GRC,610690
7136570,7,90,7690,1998,0.0,1836.0,-0.274973,-0.481405,ARE,GRC,610690
7136571,15,90,7690,1998,0.0,394841.0,1.891966,0.508137,AUT,GRC,610690
7136572,18,90,7690,1998,3763.0,29456.0,1.4740739999999999,1.2530430000000001,BEL,GRC,610690
7136573,23,90,7690,1998,849464.0,780099.0,0.382782,1.5844479999999999,BGR,GRC,610690
7136574,39,90,7690,1998,0.0,7572.0,1.077343,1.119161,CAN,GRC,610690
7136575,41,90,7690,1998,1258.0,35045.0,2.252965,0.561806,CHE,GRC,610690
7136576,43,90,7690,1998,48541.0,0.0,0.3658,3.231258,CHN,GRC,610690
7136577,58,90,7690,1998,3745.0,276468.0,0.45990600000000004,0.41840299999999997,CYP,GRC,610690
7136578,59,90,7690,1998,0.0,3135.0,1.36345,1.408508,CZE,GRC,610690
7136579,61,90,7690,1998,26200.0,2323511.0,2.334028,-2.417278,DEU,GRC,610690
7136580,64,90,7690,1998,1727.0,107931.0,1.225999,1.470145,DNK,GRC,610690
7136581,71,90,7690,1998,12119.0,5488.0,1.051392,1.983438,ESP,GRC,610690
7136582,74,90,7690,1998,0.0,321195.0,2.003987,0.995725,FIN,GRC,610690
7136583,77,90,7690,1998,176594.0,878464.0,1.707702,0.7784270000000001,FRA,GRC,610690
7136584,81,90,7690,1998,167612.0,441411.0,1.906738,0.489101,GBR,GRC,610690
7136585,97,90,7690,1998,3046.0,11168.0,0.46966099999999994,2.5744029999999998,HKG,GRC,610690
7136586,102,90,7690,1998,0.0,7296.0,0.780392,1.450701,HUN,GRC,610690
7136587,106,90,7690,1998,0.0,15136.0,1.451067,0.654442,IRL,GRC,610690
7136588,109,90,7690,1998,0.0,522.0,0.18141300000000002,-0.47993500000000006,ISL,GRC,610690
7136589,110,90,7690,1998,1491.0,50464.0,1.2643739999999999,0.958475,ISR,GRC,610690
7136590,111,90,7690,1998,230429.0,38169.0,1.4532209999999999,1.191124,ITA,GRC,610690
7136591,140,90,7690,1998,19433.0,10934.0,0.102559,0.591468,MKD,GRC,610690
7136592,142,90,7690,1998,0.0,5418.0,0.919593,-0.071451,MLT,GRC,610690
7136593,162,90,7690,1998,3020.0,693031.0,1.248469,1.683182,NLD,GRC,610690
7136594,163,90,7690,1998,0.0,16452.0,1.1660190000000001,0.43901899999999994,NOR,GRC,610690
7136595,179,90,7690,1998,0.0,3433.0,0.39771999999999996,1.303603,PRT,GRC,610690
7136596,185,90,7690,1998,24407.0,1136.0,0.315392,0.961176,ROU,GRC,610690
7136597,186,90,7690,1998,0.0,5137.0,0.93909,0.59719,RUS,GRC,610690
7136598,207,90,7690,1998,0.0,2462.0,1.442955,1.27214,SVN,GRC,610690
7136599,208,90,7690,1998,0.0,493972.0,2.134076,0.9259729999999999,SWE,GRC,610690
7136600,212,90,7690,1998,0.0,20404.0,-0.807312,-0.626358,SYR,GRC,610690
7136601,224,90,7690,1998,1208.0,0.0,0.085286,1.653589,TUR,GRC,610690
7136602,231,90,7690,1998,30862.0,46809.0,1.8223639999999999,0.761336,USA,GRC,610690
7136603,250,90,7690,1998,3208.0,0.0,1.144164,1.187425,ANS,GRC,610690
7136604,52,93,7690,1998,17639.0,4645.0,-0.26046199999999997,-0.059391,CRI,GTM,610690
7136605,99,93,7690,1998,4286.0,0.0,-0.9326049999999999,-0.598527,HND,GTM,610690
7136606,121,93,7690,1998,19090.0,0.0,0.999518,1.106351,KOR,GTM,610690
7136607,138,93,7690,1998,7325.0,0.0,0.525671,0.880649,MEX,GTM,610690
7136608,169,93,7690,1998,4286.0,0.0,0.010123,0.5677949999999999,PAN,GTM,610690
7136609,231,93,7690,1998,136716.0,0.0,1.8223639999999999,0.761336,USA,GTM,610690
7136610,33,96,7690,1998,0.0,1141.0,0.888487,0.469408,BRB,GUY,610690
7136611,43,96,7690,1998,1247.0,0.0,0.3658,3.231258,CHN,GUY,610690
7136612,231,96,7690,1998,53329.0,0.0,1.8223639999999999,0.761336,USA,GUY,610690
7136613,7,97,7690,1998,0.0,6889.0,-0.274973,-0.481405,ARE,HKG,610690
7136614,8,97,7690,1998,0.0,5249.0,0.272015,0.45031099999999996,ARG,HKG,610690
7136615,14,97,7690,1998,181968.0,236278.0,0.375317,0.8864629999999999,AUS,HKG,610690
7136616,15,97,7690,1998,10842.0,28362.0,1.891966,0.508137,AUT,HKG,610690
7136617,18,97,7690,1998,61986.0,4442.0,1.4740739999999999,1.2530430000000001,BEL,HKG,610690
7136618,19,97,7690,1998,0.0,678.0,-0.8198,-0.8584780000000001,BEN,HKG,610690
7136619,30,97,7690,1998,0.0,31051.0,0.900948,-0.340868,BMU,HKG,610690
7136620,32,97,7690,1998,0.0,57770.0,0.768101,1.04589,BRA,HKG,610690
7136621,34,97,7690,1998,0.0,19199.0,-0.445218,-0.833083,BRN,HKG,610690
7136622,39,97,7690,1998,0.0,1171687.0,1.077343,1.119161,CAN,HKG,610690
7136623,41,97,7690,1998,0.0,154676.0,2.252965,0.561806,CHE,HKG,610690
7136624,42,97,7690,1998,0.0,4511.0,0.029706,-0.061149,CHL,HKG,610690
7136625,43,97,7690,1998,72284320.0,1395533.0,0.3658,3.231258,CHN,HKG,610690
7136626,49,97,7690,1998,0.0,1372.0,0.205004,0.13985899999999998,COL,HKG,610690
7136627,52,97,7690,1998,0.0,1053.0,-0.26046199999999997,-0.059391,CRI,HKG,610690
7136628,58,97,7690,1998,0.0,21446.0,0.45990600000000004,0.41840299999999997,CYP,HKG,610690
7136629,59,97,7690,1998,0.0,6435.0,1.36345,1.408508,CZE,HKG,610690
7136630,61,97,7690,1998,92123.0,222214.0,2.334028,-2.417278,DEU,HKG,610690
7136631,64,97,7690,1998,0.0,74266.0,1.225999,1.470145,DNK,HKG,610690
7136632,67,97,7690,1998,0.0,10101.0,-0.990915,-0.9670860000000001,ECU,HKG,610690
7136633,71,97,7690,1998,0.0,78475.0,1.051392,1.983438,ESP,HKG,610690
7136634,72,97,7690,1998,0.0,5657.0,0.53408,1.07691,EST,HKG,610690
7136635,74,97,7690,1998,0.0,4158.0,2.003987,0.995725,FIN,HKG,610690
7136636,77,97,7690,1998,27920.0,151951.0,1.707702,0.7784270000000001,FRA,HKG,610690
7136637,78,97,7690,1998,0.0,1236.0,-0.6159899999999999,-0.828198,FRO,HKG,610690
7136638,81,97,7690,1998,794762.0,1563856.0,1.906738,0.489101,GBR,HKG,610690
7136639,83,97,7690,1998,0.0,27813.0,-1.215123,-1.0427620000000002,GHA,HKG,610690
7136640,90,97,7690,1998,11168.0,3046.0,0.183835,1.1512790000000002,GRC,HKG,610690
7136641,102,97,7690,1998,0.0,943.0,0.780392,1.450701,HUN,HKG,610690
7136642,103,97,7690,1998,0.0,10580.0,-0.478253,1.350652,IDN,HKG,610690
7136643,104,97,7690,1998,0.0,38634.0,0.274308,2.316908,IND,HKG,610690
7136644,106,97,7690,1998,0.0,21730.0,1.451067,0.654442,IRL,HKG,610690
7136645,109,97,7690,1998,0.0,774.0,0.18141300000000002,-0.47993500000000006,ISL,HKG,610690
7136646,110,97,7690,1998,0.0,49280.0,1.2643739999999999,0.958475,ISR,HKG,610690
7136647,111,97,7690,1998,183718.0,348959.0,1.4532209999999999,1.191124,ITA,HKG,610690
7136648,114,97,7690,1998,230785.0,502023.0,2.550442,0.718063,JPN,HKG,610690
7136649,116,97,7690,1998,0.0,2492.0,-0.434978,0.10193300000000001,KEN,HKG,610690
7136650,121,97,7690,1998,16766.0,25793.0,0.999518,1.106351,KOR,HKG,610690
7136651,124,97,7690,1998,0.0,6164.0,0.23803200000000002,0.9927860000000001,LBN,HKG,610690
7136652,133,97,7690,1998,12669.0,25971.0,-0.21838000000000002,-0.370322,MAC,HKG,610690
7136653,138,97,7690,1998,0.0,97333.0,0.525671,0.880649,MEX,HKG,610690
7136654,142,97,7690,1998,0.0,3074.0,0.919593,-0.071451,MLT,HKG,610690
7136655,153,97,7690,1998,15974.0,109152.0,0.396826,0.203792,MYS,HKG,610690
7136656,162,97,7690,1998,0.0,453591.0,1.248469,1.683182,NLD,HKG,610690
7136657,163,97,7690,1998,0.0,58015.0,1.1660190000000001,0.43901899999999994,NOR,HKG,610690
7136658,166,97,7690,1998,0.0,17506.0,0.5690529999999999,0.7752060000000001,NZL,HKG,610690
7136659,169,97,7690,1998,0.0,2499.0,0.010123,0.5677949999999999,PAN,HKG,610690
7136660,173,97,7690,1998,0.0,8717.0,-0.35875300000000004,0.042606,PER,HKG,610690
7136661,174,97,7690,1998,3100.0,113338.0,-0.262725,-0.075781,PHL,HKG,610690
7136662,177,97,7690,1998,0.0,2253.0,0.8638309999999999,1.8881299999999999,POL,HKG,610690
7136663,185,97,7690,1998,0.0,6139.0,0.315392,0.961176,ROU,HKG,610690
7136664,186,97,7690,1998,0.0,3809.0,0.93909,0.59719,RUS,HKG,610690
7136665,187,97,7690,1998,0.0,1540.0,-0.38756399999999996,-0.7770130000000001,RWA,HKG,610690
7136666,188,97,7690,1998,0.0,3300.0,0.521849,-0.7550899999999999,SAU,HKG,610690
7136667,192,97,7690,1998,15964.0,858381.0,1.0029709999999998,0.506545,SGP,HKG,610690
7136668,208,97,7690,1998,0.0,10573.0,2.134076,0.9259729999999999,SWE,HKG,610690
7136669,215,97,7690,1998,0.0,835.0,-0.8338540000000001,-0.8437020000000001,TGO,HKG,610690
7136670,216,97,7690,1998,3408.0,125344.0,0.128633,1.484142,THA,HKG,610690
7136671,226,97,7690,1998,0.0,2853.0,-0.972823,-0.428149,TZA,HKG,610690
7136672,227,97,7690,1998,0.0,36533.0,-0.996762,-1.01326,UGA,HKG,610690
7136673,230,97,7690,1998,0.0,7477.0,0.323022,0.293694,URY,HKG,610690
7136674,231,97,7690,1998,109702.0,21012154.0,1.8223639999999999,0.761336,USA,HKG,610690
7136675,236,97,7690,1998,0.0,19119.0,0.288717,-0.540639,VEN,HKG,610690
7136676,246,97,7690,1998,984.0,21863.0,0.573958,1.3813739999999999,ZAF,HKG,610690
7136677,249,97,7690,1998,197985.0,5185376.0,1.224725,1.890322,TWN,HKG,610690
7136678,250,97,7690,1998,0.0,6019.0,1.144164,1.187425,ANS,HKG,610690
7136679,93,99,7690,1998,0.0,4286.0,-0.344999,0.155524,GTM,HND,610690
7136680,111,99,7690,1998,795.0,0.0,1.4532209999999999,1.191124,ITA,HND,610690
7136681,160,99,7690,1998,0.0,2309.0,-0.8012199999999999,-0.749159,NIC,HND,610690
7136682,169,99,7690,1998,6510.0,0.0,0.010123,0.5677949999999999,PAN,HND,610690
7136683,197,99,7690,1998,3044.0,6814.0,-0.202965,-0.000499,SLV,HND,610690
7136684,231,99,7690,1998,36575.0,2852.0,1.8223639999999999,0.761336,USA,HND,610690
7136685,7,103,7690,1998,0.0,21742.0,-0.274973,-0.481405,ARE,IDN,610690
7136686,14,103,7690,1998,0.0,80801.0,0.375317,0.8864629999999999,AUS,IDN,610690
7136687,25,103,7690,1998,0.0,13249.0,1.090167,0.25353000000000003,BHS,IDN,610690
7136688,32,103,7690,1998,0.0,1360.0,0.768101,1.04589,BRA,IDN,610690
7136689,34,103,7690,1998,0.0,12016.0,-0.445218,-0.833083,BRN,IDN,610690
7136690,39,103,7690,1998,0.0,214512.0,1.077343,1.119161,CAN,IDN,610690
7136691,41,103,7690,1998,0.0,31348.0,2.252965,0.561806,CHE,IDN,610690
7136692,61,103,7690,1998,1199.0,19357.0,2.334028,-2.417278,DEU,IDN,610690
7136693,64,103,7690,1998,0.0,3292.0,1.225999,1.470145,DNK,IDN,610690
7136694,71,103,7690,1998,0.0,1471.0,1.051392,1.983438,ESP,IDN,610690
7136695,73,103,7690,1998,0.0,3928.0,-1.279819,-1.158182,ETH,IDN,610690
7136696,77,103,7690,1998,0.0,381900.0,1.707702,0.7784270000000001,FRA,IDN,610690
7136697,81,103,7690,1998,0.0,305889.0,1.906738,0.489101,GBR,IDN,610690
7136698,85,103,7690,1998,0.0,3032.0,-1.676035,-1.248894,GIN,IDN,610690
7136699,97,103,7690,1998,10580.0,0.0,0.46966099999999994,2.5744029999999998,HKG,IDN,610690
7136700,106,103,7690,1998,0.0,78941.0,1.451067,0.654442,IRL,IDN,610690
7136701,107,103,7690,1998,0.0,82819.0,-0.6626029999999999,-1.0408959999999998,IRN,IDN,610690
7136702,114,103,7690,1998,0.0,48211.0,2.550442,0.718063,JPN,IDN,610690
7136703,121,103,7690,1998,14697.0,0.0,0.999518,1.106351,KOR,IDN,610690
7136704,124,103,7690,1998,0.0,2803.0,0.23803200000000002,0.9927860000000001,LBN,IDN,610690
7136705,126,103,7690,1998,0.0,4952.0,-0.303379,-1.1347180000000001,LBY,IDN,610690
7136706,132,103,7690,1998,0.0,7191.0,0.322473,0.388421,LVA,IDN,610690
7136707,137,103,7690,1998,0.0,8405.0,-1.4121629999999998,-1.084394,MDV,IDN,610690
7136708,138,103,7690,1998,0.0,10289.0,0.525671,0.880649,MEX,IDN,610690
7136709,142,103,7690,1998,0.0,1306.0,0.919593,-0.071451,MLT,IDN,610690
7136710,148,103,7690,1998,0.0,49233.0,-1.177719,-1.199729,MRT,IDN,610690
7136711,151,103,7690,1998,0.0,28928.0,-0.621599,-0.755795,MUS,IDN,610690
7136712,153,103,7690,1998,0.0,43855.0,0.396826,0.203792,MYS,IDN,610690
7136713,162,103,7690,1998,0.0,262158.0,1.248469,1.683182,NLD,IDN,610690
7136714,163,103,7690,1998,0.0,9851.0,1.1660190000000001,0.43901899999999994,NOR,IDN,610690
7136715,169,103,7690,1998,0.0,142300.0,0.010123,0.5677949999999999,PAN,IDN,610690
7136716,185,103,7690,1998,0.0,1794.0,0.315392,0.961176,ROU,IDN,610690
7136717,188,103,7690,1998,0.0,523710.0,0.521849,-0.7550899999999999,SAU,IDN,610690
7136718,192,103,7690,1998,0.0,314795.0,1.0029709999999998,0.506545,SGP,IDN,610690
7136719,211,103,7690,1998,0.0,3133.0,0.265625,-0.590012,SYC,IDN,610690
7136720,224,103,7690,1998,0.0,3820.0,0.085286,1.653589,TUR,IDN,610690
7136721,226,103,7690,1998,0.0,1004.0,-0.972823,-0.428149,TZA,IDN,610690
7136722,227,103,7690,1998,0.0,1124.0,-0.996762,-1.01326,UGA,IDN,610690
7136723,231,103,7690,1998,0.0,672986.0,1.8223639999999999,0.761336,USA,IDN,610690
7136724,236,103,7690,1998,0.0,13635.0,0.288717,-0.540639,VEN,IDN,610690
7136725,246,103,7690,1998,0.0,1259.0,0.573958,1.3813739999999999,ZAF,IDN,610690
7136726,249,103,7690,1998,2530.0,79018.0,1.224725,1.890322,TWN,IDN,610690
7136727,250,103,7690,1998,3727.0,0.0,1.144164,1.187425,ANS,IDN,610690
7136728,14,106,7690,1998,1011.0,0.0,0.375317,0.8864629999999999,AUS,IRL,610690
7136729,22,106,7690,1998,2437.0,0.0,-1.130729,-1.001385,BGD,IRL,610690
7136730,43,106,7690,1998,21293.0,0.0,0.3658,3.231258,CHN,IRL,610690
7136731,58,106,7690,1998,3534.0,0.0,0.45990600000000004,0.41840299999999997,CYP,IRL,610690
7136732,61,106,7690,1998,8564.0,0.0,2.334028,-2.417278,DEU,IRL,610690
7136733,64,106,7690,1998,48795.0,0.0,1.225999,1.470145,DNK,IRL,610690
7136734,71,106,7690,1998,10491.0,18324.0,1.051392,1.983438,ESP,IRL,610690
7136735,74,106,7690,1998,1229.0,0.0,2.003987,0.995725,FIN,IRL,610690
7136736,77,106,7690,1998,49599.0,1333.0,1.707702,0.7784270000000001,FRA,IRL,610690
7136737,81,106,7690,1998,1280838.0,100987.0,1.906738,0.489101,GBR,IRL,610690
7136738,90,106,7690,1998,15136.0,0.0,0.183835,1.1512790000000002,GRC,IRL,610690
7136739,97,106,7690,1998,21730.0,0.0,0.46966099999999994,2.5744029999999998,HKG,IRL,610690
7136740,103,106,7690,1998,78941.0,0.0,-0.478253,1.350652,IDN,IRL,610690
7136741,104,106,7690,1998,4741.0,0.0,0.274308,2.316908,IND,IRL,610690
7136742,110,106,7690,1998,4162.0,0.0,1.2643739999999999,0.958475,ISR,IRL,610690
7136743,111,106,7690,1998,27518.0,0.0,1.4532209999999999,1.191124,ITA,IRL,610690
7136744,114,106,7690,1998,0.0,4144.0,2.550442,0.718063,JPN,IRL,610690
7136745,128,106,7690,1998,5284.0,0.0,-0.933293,-0.233566,LKA,IRL,610690
7136746,153,106,7690,1998,10522.0,0.0,0.396826,0.203792,MYS,IRL,610690
7136747,162,106,7690,1998,98529.0,0.0,1.248469,1.683182,NLD,IRL,610690
7136748,179,106,7690,1998,1680.0,0.0,0.39771999999999996,1.303603,PRT,IRL,610690
7136749,185,106,7690,1998,856.0,0.0,0.315392,0.961176,ROU,IRL,610690
7136750,192,106,7690,1998,79302.0,0.0,1.0029709999999998,0.506545,SGP,IRL,610690
7136751,208,106,7690,1998,4496.0,0.0,2.134076,0.9259729999999999,SWE,IRL,610690
7136752,224,106,7690,1998,4931.0,0.0,0.085286,1.653589,TUR,IRL,610690
7136753,231,106,7690,1998,2730.0,18117.0,1.8223639999999999,0.761336,USA,IRL,610690
7136754,246,106,7690,1998,0.0,1018.0,0.573958,1.3813739999999999,ZAF,IRL,610690
7136755,249,106,7690,1998,1789.0,2427.0,1.224725,1.890322,TWN,IRL,610690
7136756,250,106,7690,1998,29694.0,0.0,1.144164,1.187425,ANS,IRL,610690
7136757,15,110,7690,1998,870.0,17301.0,1.891966,0.508137,AUT,ISR,610690
7136758,18,110,7690,1998,13656.0,64642.0,1.4740739999999999,1.2530430000000001,BEL,ISR,610690
7136759,25,110,7690,1998,0.0,19278.0,1.090167,0.25353000000000003,BHS,ISR,610690
7136760,39,110,7690,1998,0.0,53560.0,1.077343,1.119161,CAN,ISR,610690
7136761,41,110,7690,1998,0.0,41984.0,2.252965,0.561806,CHE,ISR,610690
7136762,43,110,7690,1998,43428.0,0.0,0.3658,3.231258,CHN,ISR,610690
7136763,58,110,7690,1998,1310.0,0.0,0.45990600000000004,0.41840299999999997,CYP,ISR,610690
7136764,61,110,7690,1998,1855.0,1109436.0,2.334028,-2.417278,DEU,ISR,610690
7136765,64,110,7690,1998,0.0,2608.0,1.225999,1.470145,DNK,ISR,610690
7136766,71,110,7690,1998,39116.0,123598.0,1.051392,1.983438,ESP,ISR,610690
7136767,77,110,7690,1998,10361.0,313524.0,1.707702,0.7784270000000001,FRA,ISR,610690
7136768,81,110,7690,1998,93609.0,17323.0,1.906738,0.489101,GBR,ISR,610690
7136769,90,110,7690,1998,50464.0,1491.0,0.183835,1.1512790000000002,GRC,ISR,610690
7136770,97,110,7690,1998,49280.0,0.0,0.46966099999999994,2.5744029999999998,HKG,ISR,610690
7136771,104,110,7690,1998,31923.0,0.0,0.274308,2.316908,IND,ISR,610690
7136772,106,110,7690,1998,0.0,4162.0,1.451067,0.654442,IRL,ISR,610690
7136773,111,110,7690,1998,175948.0,10533.0,1.4532209999999999,1.191124,ITA,ISR,610690
7136774,113,110,7690,1998,8703.0,0.0,0.403009,-0.076366,JOR,ISR,610690
7136775,114,110,7690,1998,0.0,72115.0,2.550442,0.718063,JPN,ISR,610690
7136776,121,110,7690,1998,6469.0,0.0,0.999518,1.106351,KOR,ISR,610690
7136777,138,110,7690,1998,0.0,2167.0,0.525671,0.880649,MEX,ISR,610690
7136778,142,110,7690,1998,0.0,2972.0,0.919593,-0.071451,MLT,ISR,610690
7136779,162,110,7690,1998,0.0,259659.0,1.248469,1.683182,NLD,ISR,610690
7136780,163,110,7690,1998,0.0,4875.0,1.1660190000000001,0.43901899999999994,NOR,ISR,610690
7136781,177,110,7690,1998,10253.0,0.0,0.8638309999999999,1.8881299999999999,POL,ISR,610690
7136782,179,110,7690,1998,353380.0,0.0,0.39771999999999996,1.303603,PRT,ISR,610690
7136783,186,110,7690,1998,1567.0,0.0,0.93909,0.59719,RUS,ISR,610690
7136784,188,110,7690,1998,5562.0,0.0,0.521849,-0.7550899999999999,SAU,ISR,610690
7136785,192,110,7690,1998,5936.0,0.0,1.0029709999999998,0.506545,SGP,ISR,610690
7136786,208,110,7690,1998,0.0,3363.0,2.134076,0.9259729999999999,SWE,ISR,610690
7136787,216,110,7690,1998,1837.0,0.0,0.128633,1.484142,THA,ISR,610690
7136788,224,110,7690,1998,13675.0,0.0,0.085286,1.653589,TUR,ISR,610690
7136789,230,110,7690,1998,0.0,721.0,0.323022,0.293694,URY,ISR,610690
7136790,231,110,7690,1998,35313.0,916941.0,1.8223639999999999,0.761336,USA,ISR,610690
7136791,236,110,7690,1998,0.0,2999.0,0.288717,-0.540639,VEN,ISR,610690
7136792,246,110,7690,1998,0.0,854.0,0.573958,1.3813739999999999,ZAF,ISR,610690
7136793,249,110,7690,1998,267355.0,6299.0,1.224725,1.890322,TWN,ISR,610690
7136794,4,111,7690,1998,167643.0,6056.0,-0.37657399999999996,-0.201006,ALB,ITA,610690
7136795,7,111,7690,1998,0.0,12232.0,-0.274973,-0.481405,ARE,ITA,610690
7136796,8,111,7690,1998,0.0,4976.0,0.272015,0.45031099999999996,ARG,ITA,610690
7136797,14,111,7690,1998,0.0,5467.0,0.375317,0.8864629999999999,AUS,ITA,610690
7136798,15,111,7690,1998,9402.0,563532.0,1.891966,0.508137,AUT,ITA,610690
7136799,18,111,7690,1998,13514.0,736514.0,1.4740739999999999,1.2530430000000001,BEL,ITA,610690
7136800,22,111,7690,1998,181893.0,0.0,-1.130729,-1.001385,BGD,ITA,610690
7136801,23,111,7690,1998,92112.0,232591.0,0.382782,1.5844479999999999,BGR,ITA,610690
7136802,24,111,7690,1998,0.0,5813.0,-0.044219,-0.859931,BHR,ITA,610690
7136803,25,111,7690,1998,0.0,100265.0,1.090167,0.25353000000000003,BHS,ITA,610690
7136804,26,111,7690,1998,0.0,49170.0,0.290661,0.18068299999999998,BIH,ITA,610690
7136805,32,111,7690,1998,0.0,2209.0,0.768101,1.04589,BRA,ITA,610690
7136806,39,111,7690,1998,0.0,39846.0,1.077343,1.119161,CAN,ITA,610690
7136807,41,111,7690,1998,4056.0,245847.0,2.252965,0.561806,CHE,ITA,610690
7136808,42,111,7690,1998,0.0,99611.0,0.029706,-0.061149,CHL,ITA,610690
7136809,43,111,7690,1998,2551322.0,11469.0,0.3658,3.231258,CHN,ITA,610690
7136810,49,111,7690,1998,0.0,1742.0,0.205004,0.13985899999999998,COL,ITA,610690
7136811,58,111,7690,1998,0.0,28553.0,0.45990600000000004,0.41840299999999997,CYP,ITA,610690
7136812,59,111,7690,1998,0.0,3788.0,1.36345,1.408508,CZE,ITA,610690
7136813,61,111,7690,1998,59920.0,9130035.0,2.334028,-2.417278,DEU,ITA,610690
7136814,64,111,7690,1998,41200.0,106312.0,1.225999,1.470145,DNK,ITA,610690
7136815,65,111,7690,1998,0.0,9031.0,-0.772271,-0.765258,DOM,ITA,610690
7136816,68,111,7690,1998,0.0,7809.0,-0.462755,0.079802,EGY,ITA,610690
7136817,71,111,7690,1998,10756.0,489584.0,1.051392,1.983438,ESP,ITA,610690
7136818,72,111,7690,1998,0.0,2514.0,0.53408,1.07691,EST,ITA,610690
7136819,74,111,7690,1998,0.0,22366.0,2.003987,0.995725,FIN,ITA,610690
7136820,77,111,7690,1998,243397.0,1848840.0,1.707702,0.7784270000000001,FRA,ITA,610690
7136821,78,111,7690,1998,0.0,301.0,-0.6159899999999999,-0.828198,FRO,ITA,610690
7136822,79,111,7690,1998,0.0,6014.0,-1.8257740000000002,-1.104982,FSM,ITA,610690
7136823,81,111,7690,1998,53275.0,808612.0,1.906738,0.489101,GBR,ITA,610690
7136824,83,111,7690,1998,0.0,1465.0,-1.215123,-1.0427620000000002,GHA,ITA,610690
7136825,84,111,7690,1998,0.0,4922.0,0.6941689999999999,-0.21656,GIB,ITA,610690
7136826,90,111,7690,1998,38169.0,230429.0,0.183835,1.1512790000000002,GRC,ITA,610690
7136827,97,111,7690,1998,348959.0,183718.0,0.46966099999999994,2.5744029999999998,HKG,ITA,610690
7136828,99,111,7690,1998,0.0,795.0,-0.9326049999999999,-0.598527,HND,ITA,610690
7136829,100,111,7690,1998,0.0,48500.0,0.692779,0.9919530000000001,HRV,ITA,610690
7136830,102,111,7690,1998,73923.0,87590.0,0.780392,1.450701,HUN,ITA,610690
7136831,104,111,7690,1998,143634.0,0.0,0.274308,2.316908,IND,ITA,610690
7136832,106,111,7690,1998,0.0,27518.0,1.451067,0.654442,IRL,ITA,610690
7136833,109,111,7690,1998,0.0,4696.0,0.18141300000000002,-0.47993500000000006,ISL,ITA,610690
7136834,110,111,7690,1998,10533.0,175948.0,1.2643739999999999,0.958475,ISR,ITA,610690
7136835,114,111,7690,1998,13517.0,1455179.0,2.550442,0.718063,JPN,ITA,610690
7136836,116,111,7690,1998,0.0,1036.0,-0.434978,0.10193300000000001,KEN,ITA,610690
7136837,121,111,7690,1998,0.0,143188.0,0.999518,1.106351,KOR,ITA,610690
7136838,122,111,7690,1998,0.0,8159.0,0.037029,-1.054761,KWT,ITA,610690
7136839,124,111,7690,1998,0.0,45984.0,0.23803200000000002,0.9927860000000001,LBN,ITA,610690
7136840,130,111,7690,1998,0.0,2286.0,0.27073,0.692656,LTU,ITA,610690
7136841,132,111,7690,1998,0.0,11160.0,0.322473,0.388421,LVA,ITA,610690
7136842,134,111,7690,1998,2322.0,2105.0,-0.7299479999999999,-0.23758200000000002,MAR,ITA,610690
7136843,135,111,7690,1998,0.0,4048.0,-0.112783,-0.276584,MDA,ITA,610690
7136844,137,111,7690,1998,0.0,2466.0,-1.4121629999999998,-1.084394,MDV,ITA,610690
7136845,138,111,7690,1998,0.0,86106.0,0.525671,0.880649,MEX,ITA,610690
7136846,140,111,7690,1998,0.0,6278.0,0.102559,0.591468,MKD,ITA,610690
7136847,142,111,7690,1998,0.0,3761.0,0.919593,-0.071451,MLT,ITA,610690
7136848,151,111,7690,1998,809073.0,0.0,-0.621599,-0.755795,MUS,ITA,610690
7136849,153,111,7690,1998,0.0,1815.0,0.396826,0.203792,MYS,ITA,610690
7136850,159,111,7690,1998,0.0,7679.0,-1.484229,-1.144092,NGA,ITA,610690
7136851,162,111,7690,1998,10013.0,913200.0,1.248469,1.683182,NLD,ITA,610690
7136852,163,111,7690,1998,0.0,20853.0,1.1660190000000001,0.43901899999999994,NOR,ITA,610690
7136853,166,111,7690,1998,0.0,3209.0,0.5690529999999999,0.7752060000000001,NZL,ITA,610690
7136854,169,111,7690,1998,0.0,10165.0,0.010123,0.5677949999999999,PAN,ITA,610690
7136855,173,111,7690,1998,0.0,143869.0,-0.35875300000000004,0.042606,PER,ITA,610690
7136856,174,111,7690,1998,0.0,30949.0,-0.262725,-0.075781,PHL,ITA,610690
7136857,177,111,7690,1998,12350.0,37276.0,0.8638309999999999,1.8881299999999999,POL,ITA,610690
7136858,179,111,7690,1998,16501.0,326919.0,0.39771999999999996,1.303603,PRT,ITA,610690
7136859,180,111,7690,1998,0.0,1892.0,-0.204539,-0.766486,PRY,ITA,610690
7136860,183,111,7690,1998,0.0,10083.0,-1.047819,-1.226928,QAT,ITA,610690
7136861,185,111,7690,1998,143330.0,42049.0,0.315392,0.961176,ROU,ITA,610690
7136862,186,111,7690,1998,0.0,77576.0,0.93909,0.59719,RUS,ITA,610690
7136863,188,111,7690,1998,0.0,125249.0,0.521849,-0.7550899999999999,SAU,ITA,610690
7136864,189,111,7690,1998,4886.0,6242.0,0.603733,1.535453,SCG,ITA,610690
7136865,192,111,7690,1998,32829.0,41042.0,1.0029709999999998,0.506545,SGP,ITA,610690
7136866,206,111,7690,1998,0.0,7712.0,1.202453,1.228204,SVK,ITA,610690
7136867,207,111,7690,1998,9654.0,39105.0,1.442955,1.27214,SVN,ITA,610690
7136868,208,111,7690,1998,0.0,131819.0,2.134076,0.9259729999999999,SWE,ITA,610690
7136869,211,111,7690,1998,0.0,1890.0,0.265625,-0.590012,SYC,ITA,610690
7136870,216,111,7690,1998,2634.0,5986.0,0.128633,1.484142,THA,ITA,610690
7136871,223,111,7690,1998,45367.0,5500.0,-0.21677,-0.08694299999999999,TUN,ITA,610690
7136872,224,111,7690,1998,129717.0,152080.0,0.085286,1.653589,TUR,ITA,610690
7136873,228,111,7690,1998,0.0,1235.0,0.880876,0.783668,UKR,ITA,610690
7136874,230,111,7690,1998,0.0,1083.0,0.323022,0.293694,URY,ITA,610690
7136875,231,111,7690,1998,5639.0,557969.0,1.8223639999999999,0.761336,USA,ITA,610690
7136876,236,111,7690,1998,0.0,4717.0,0.288717,-0.540639,VEN,ITA,610690
7136877,246,111,7690,1998,1559.0,15472.0,0.573958,1.3813739999999999,ZAF,ITA,610690
7136878,249,111,7690,1998,0.0,152190.0,1.224725,1.890322,TWN,ITA,610690
7136879,250,111,7690,1998,0.0,14356.0,1.144164,1.187425,ANS,ITA,610690
7136880,43,112,7690,1998,20268.0,0.0,0.3658,3.231258,CHN,JAM,610690
7136881,61,112,7690,1998,2091.0,0.0,2.334028,-2.417278,DEU,JAM,610690
7136882,77,112,7690,1998,0.0,2406.0,1.707702,0.7784270000000001,FRA,JAM,610690
7136883,121,112,7690,1998,3494.0,0.0,0.999518,1.106351,KOR,JAM,610690
7136884,169,112,7690,1998,15820.0,0.0,0.010123,0.5677949999999999,PAN,JAM,610690
7136885,231,112,7690,1998,11270.0,0.0,1.8223639999999999,0.761336,USA,JAM,610690
7136886,234,112,7690,1998,2252.0,0.0,0.22166,-0.331633,VCT,JAM,610690
7136887,14,121,7690,1998,5142.0,8293.0,0.375317,0.8864629999999999,AUS,KOR,610690
7136888,18,121,7690,1998,9751.0,0.0,1.4740739999999999,1.2530430000000001,BEL,KOR,610690
7136889,31,121,7690,1998,0.0,1027.0,-0.49860699999999997,-0.748521,BOL,KOR,610690
7136890,39,121,7690,1998,0.0,2398.0,1.077343,1.119161,CAN,KOR,610690
7136891,41,121,7690,1998,0.0,1501.0,2.252965,0.561806,CHE,KOR,610690
7136892,43,121,7690,1998,268097.0,23568.0,0.3658,3.231258,CHN,KOR,610690
7136893,49,121,7690,1998,0.0,2845.0,0.205004,0.13985899999999998,COL,KOR,610690
7136894,58,121,7690,1998,0.0,6478.0,0.45990600000000004,0.41840299999999997,CYP,KOR,610690
7136895,59,121,7690,1998,0.0,882.0,1.36345,1.408508,CZE,KOR,610690
7136896,61,121,7690,1998,13029.0,0.0,2.334028,-2.417278,DEU,KOR,610690
7136897,67,121,7690,1998,0.0,3833.0,-0.990915,-0.9670860000000001,ECU,KOR,610690
7136898,71,121,7690,1998,0.0,9232.0,1.051392,1.983438,ESP,KOR,610690
7136899,74,121,7690,1998,0.0,1768.0,2.003987,0.995725,FIN,KOR,610690
7136900,77,121,7690,1998,9963.0,0.0,1.707702,0.7784270000000001,FRA,KOR,610690
7136901,81,121,7690,1998,5919.0,0.0,1.906738,0.489101,GBR,KOR,610690
7136902,83,121,7690,1998,0.0,2126.0,-1.215123,-1.0427620000000002,GHA,KOR,610690
7136903,93,121,7690,1998,0.0,19090.0,-0.344999,0.155524,GTM,KOR,610690
7136904,97,121,7690,1998,25793.0,16766.0,0.46966099999999994,2.5744029999999998,HKG,KOR,610690
7136905,103,121,7690,1998,0.0,14697.0,-0.478253,1.350652,IDN,KOR,610690
7136906,104,121,7690,1998,11546.0,0.0,0.274308,2.316908,IND,KOR,610690
7136907,110,121,7690,1998,0.0,6469.0,1.2643739999999999,0.958475,ISR,KOR,610690
7136908,111,121,7690,1998,143188.0,0.0,1.4532209999999999,1.191124,ITA,KOR,610690
7136909,112,121,7690,1998,0.0,3494.0,-0.8083739999999999,-0.946183,JAM,KOR,610690
7136910,114,121,7690,1998,20427.0,382908.0,2.550442,0.718063,JPN,KOR,610690
7136911,133,121,7690,1998,3524.0,0.0,-0.21838000000000002,-0.370322,MAC,KOR,610690
7136912,138,121,7690,1998,0.0,29238.0,0.525671,0.880649,MEX,KOR,610690
7136913,162,121,7690,1998,0.0,50629.0,1.248469,1.683182,NLD,KOR,610690
7136914,163,121,7690,1998,0.0,2144.0,1.1660190000000001,0.43901899999999994,NOR,KOR,610690
7136915,166,121,7690,1998,0.0,11619.0,0.5690529999999999,0.7752060000000001,NZL,KOR,610690
7136916,177,121,7690,1998,0.0,14434.0,0.8638309999999999,1.8881299999999999,POL,KOR,610690
7136917,180,121,7690,1998,0.0,4328.0,-0.204539,-0.766486,PRY,KOR,610690
7136918,186,121,7690,1998,0.0,842.0,0.93909,0.59719,RUS,KOR,610690
7136919,188,121,7690,1998,0.0,5295.0,0.521849,-0.7550899999999999,SAU,KOR,610690
7136920,192,121,7690,1998,116476.0,24110.0,1.0029709999999998,0.506545,SGP,KOR,610690
7136921,207,121,7690,1998,0.0,1585.0,1.442955,1.27214,SVN,KOR,610690
7136922,216,121,7690,1998,1901.0,10731.0,0.128633,1.484142,THA,KOR,610690
7136923,224,121,7690,1998,0.0,73127.0,0.085286,1.653589,TUR,KOR,610690
7136924,227,121,7690,1998,0.0,693.0,-0.996762,-1.01326,UGA,KOR,610690
7136925,231,121,7690,1998,22745.0,155400.0,1.8223639999999999,0.761336,USA,KOR,610690
7136926,232,121,7690,1998,0.0,44121.0,-0.283425,-0.7488520000000001,UZB,KOR,610690
7136927,246,121,7690,1998,0.0,3383.0,0.573958,1.3813739999999999,ZAF,KOR,610690
7136928,249,121,7690,1998,0.0,16910.0,1.224725,1.890322,TWN,KOR,610690
7136929,250,121,7690,1998,87.0,1102.0,1.144164,1.187425,ANS,KOR,610690
7136930,7,124,7690,1998,0.0,4118.0,-0.274973,-0.481405,ARE,LBN,610690
7136931,18,124,7690,1998,3798.0,0.0,1.4740739999999999,1.2530430000000001,BEL,LBN,610690
7136932,32,124,7690,1998,2265.0,0.0,0.768101,1.04589,BRA,LBN,610690
7136933,41,124,7690,1998,588.0,7555.0,2.252965,0.561806,CHE,LBN,610690
7136934,43,124,7690,1998,22288.0,0.0,0.3658,3.231258,CHN,LBN,610690
7136935,61,124,7690,1998,10823.0,0.0,2.334028,-2.417278,DEU,LBN,610690
7136936,71,124,7690,1998,3922.0,0.0,1.051392,1.983438,ESP,LBN,610690
7136937,77,124,7690,1998,1709.0,955.0,1.707702,0.7784270000000001,FRA,LBN,610690
7136938,97,124,7690,1998,6164.0,0.0,0.46966099999999994,2.5744029999999998,HKG,LBN,610690
7136939,103,124,7690,1998,2803.0,0.0,-0.478253,1.350652,IDN,LBN,610690
7136940,111,124,7690,1998,45984.0,0.0,1.4532209999999999,1.191124,ITA,LBN,610690
7136941,122,124,7690,1998,0.0,32828.0,0.037029,-1.054761,KWT,LBN,610690
7136942,134,124,7690,1998,3918.0,0.0,-0.7299479999999999,-0.23758200000000002,MAR,LBN,610690
7136943,178,124,7690,1998,1287.0,0.0,0.7417239999999999,0.899826,PRK,LBN,610690
7136944,188,124,7690,1998,0.0,18254.0,0.521849,-0.7550899999999999,SAU,LBN,610690
7136945,216,124,7690,1998,9970.0,0.0,0.128633,1.484142,THA,LBN,610690
7136946,223,124,7690,1998,2200.0,0.0,-0.21677,-0.08694299999999999,TUN,LBN,610690
7136947,224,124,7690,1998,9692.0,0.0,0.085286,1.653589,TUR,LBN,610690
7136948,231,124,7690,1998,9600.0,0.0,1.8223639999999999,0.761336,USA,LBN,610690
7136949,250,124,7690,1998,1272.0,0.0,1.144164,1.187425,ANS,LBN,610690
7136950,7,138,7690,1998,2215.0,0.0,-0.274973,-0.481405,ARE,MEX,610690
7136951,15,138,7690,1998,916.0,0.0,1.891966,0.508137,AUT,MEX,610690
7136952,31,138,7690,1998,0.0,6972.0,-0.49860699999999997,-0.748521,BOL,MEX,610690
7136953,39,138,7690,1998,3230.0,0.0,1.077343,1.119161,CAN,MEX,610690
7136954,42,138,7690,1998,12358.0,0.0,0.029706,-0.061149,CHL,MEX,610690
7136955,52,138,7690,1998,0.0,48395.0,-0.26046199999999997,-0.059391,CRI,MEX,610690
7136956,61,138,7690,1998,10805.0,0.0,2.334028,-2.417278,DEU,MEX,610690
7136957,71,138,7690,1998,5259.0,0.0,1.051392,1.983438,ESP,MEX,610690
7136958,77,138,7690,1998,7528.0,0.0,1.707702,0.7784270000000001,FRA,MEX,610690
7136959,81,138,7690,1998,4202.0,0.0,1.906738,0.489101,GBR,MEX,610690
7136960,93,138,7690,1998,0.0,7325.0,-0.344999,0.155524,GTM,MEX,610690
7136961,97,138,7690,1998,97333.0,0.0,0.46966099999999994,2.5744029999999998,HKG,MEX,610690
7136962,102,138,7690,1998,2140.0,0.0,0.780392,1.450701,HUN,MEX,610690
7136963,103,138,7690,1998,10289.0,0.0,-0.478253,1.350652,IDN,MEX,610690
7136964,104,138,7690,1998,5090.0,0.0,0.274308,2.316908,IND,MEX,610690
7136965,110,138,7690,1998,2167.0,0.0,1.2643739999999999,0.958475,ISR,MEX,610690
7136966,111,138,7690,1998,86106.0,0.0,1.4532209999999999,1.191124,ITA,MEX,610690
7136967,114,138,7690,1998,44192.0,0.0,2.550442,0.718063,JPN,MEX,610690
7136968,121,138,7690,1998,29238.0,0.0,0.999518,1.106351,KOR,MEX,610690
7136969,133,138,7690,1998,2577.0,0.0,-0.21838000000000002,-0.370322,MAC,MEX,610690
7136970,143,138,7690,1998,29724.0,0.0,-1.620365,-0.997957,MMR,MEX,610690
7136971,151,138,7690,1998,6684.0,0.0,-0.621599,-0.755795,MUS,MEX,610690
7136972,162,138,7690,1998,0.0,2012.0,1.248469,1.683182,NLD,MEX,610690
7136973,178,138,7690,1998,2410.0,0.0,0.7417239999999999,0.899826,PRK,MEX,610690
7136974,197,138,7690,1998,0.0,1355.0,-0.202965,-0.000499,SLV,MEX,610690
7136975,231,138,7690,1998,3508130.0,470626.0,1.8223639999999999,0.761336,USA,MEX,610690
7136976,236,138,7690,1998,0.0,3116.0,0.288717,-0.540639,VEN,MEX,610690
7136977,249,138,7690,1998,305497.0,4240.0,1.224725,1.890322,TWN,MEX,610690
7136978,250,138,7690,1998,3349.0,0.0,1.144164,1.187425,ANS,MEX,610690
7136979,14,153,7690,1998,0.0,1488.0,0.375317,0.8864629999999999,AUS,MYS,610690
7136980,15,153,7690,1998,0.0,15767.0,1.891966,0.508137,AUT,MYS,610690
7136981,18,153,7690,1998,0.0,528701.0,1.4740739999999999,1.2530430000000001,BEL,MYS,610690
7136982,32,153,7690,1998,0.0,1778.0,0.768101,1.04589,BRA,MYS,610690
7136983,34,153,7690,1998,0.0,35971.0,-0.445218,-0.833083,BRN,MYS,610690
7136984,39,153,7690,1998,14657.0,71779.0,1.077343,1.119161,CAN,MYS,610690
7136985,41,153,7690,1998,0.0,72435.0,2.252965,0.561806,CHE,MYS,610690
7136986,43,153,7690,1998,50174.0,0.0,0.3658,3.231258,CHN,MYS,610690
7136987,61,153,7690,1998,979.0,993243.0,2.334028,-2.417278,DEU,MYS,610690
7136988,64,153,7690,1998,0.0,9926.0,1.225999,1.470145,DNK,MYS,610690
7136989,71,153,7690,1998,0.0,26583.0,1.051392,1.983438,ESP,MYS,610690
7136990,77,153,7690,1998,44598.0,38277.0,1.707702,0.7784270000000001,FRA,MYS,610690
7136991,81,153,7690,1998,2410.0,1825394.0,1.906738,0.489101,GBR,MYS,610690
7136992,97,153,7690,1998,109152.0,15974.0,0.46966099999999994,2.5744029999999998,HKG,MYS,610690
7136993,103,153,7690,1998,43855.0,0.0,-0.478253,1.350652,IDN,MYS,610690
7136994,106,153,7690,1998,0.0,10522.0,1.451067,0.654442,IRL,MYS,610690
7136995,107,153,7690,1998,1109.0,0.0,-0.6626029999999999,-1.0408959999999998,IRN,MYS,610690
7136996,111,153,7690,1998,1815.0,0.0,1.4532209999999999,1.191124,ITA,MYS,610690
7136997,114,153,7690,1998,0.0,15494.0,2.550442,0.718063,JPN,MYS,610690
7136998,162,153,7690,1998,0.0,985.0,1.248469,1.683182,NLD,MYS,610690
7136999,163,153,7690,1998,0.0,2990.0,1.1660190000000001,0.43901899999999994,NOR,MYS,610690
7137000,174,153,7690,1998,0.0,44246.0,-0.262725,-0.075781,PHL,MYS,610690
7137001,179,153,7690,1998,1462.0,0.0,0.39771999999999996,1.303603,PRT,MYS,610690
7137002,192,153,7690,1998,267104.0,1257375.0,1.0029709999999998,0.506545,SGP,MYS,610690
7137003,216,153,7690,1998,5205.0,3970.0,0.128633,1.484142,THA,MYS,610690
7137004,231,153,7690,1998,0.0,479084.0,1.8223639999999999,0.761336,USA,MYS,610690
7137005,249,153,7690,1998,0.0,24738.0,1.224725,1.890322,TWN,MYS,610690
7137006,14,162,7690,1998,0.0,13750.0,0.375317,0.8864629999999999,AUS,NLD,610690
7137007,15,162,7690,1998,0.0,1858.0,1.891966,0.508137,AUT,NLD,610690
7137008,18,162,7690,1998,344975.0,148534.0,1.4740739999999999,1.2530430000000001,BEL,NLD,610690
7137009,22,162,7690,1998,101712.0,0.0,-1.130729,-1.001385,BGD,NLD,610690
7137010,23,162,7690,1998,18680.0,0.0,0.382782,1.5844479999999999,BGR,NLD,610690
7137011,39,162,7690,1998,0.0,5176.0,1.077343,1.119161,CAN,NLD,610690
7137012,41,162,7690,1998,4339.0,4640.0,2.252965,0.561806,CHE,NLD,610690
7137013,43,162,7690,1998,343431.0,0.0,0.3658,3.231258,CHN,NLD,610690
7137014,61,162,7690,1998,425505.0,128623.0,2.334028,-2.417278,DEU,NLD,610690
7137015,64,162,7690,1998,370867.0,2960.0,1.225999,1.470145,DNK,NLD,610690
7137016,71,162,7690,1998,10691.0,31382.0,1.051392,1.983438,ESP,NLD,610690
7137017,74,162,7690,1998,0.0,4130.0,2.003987,0.995725,FIN,NLD,610690
7137018,77,162,7690,1998,264498.0,18191.0,1.707702,0.7784270000000001,FRA,NLD,610690
7137019,78,162,7690,1998,0.0,3313.0,-0.6159899999999999,-0.828198,FRO,NLD,610690
7137020,81,162,7690,1998,1355682.0,9237.0,1.906738,0.489101,GBR,NLD,610690
7137021,90,162,7690,1998,693031.0,3020.0,0.183835,1.1512790000000002,GRC,NLD,610690
7137022,97,162,7690,1998,453591.0,0.0,0.46966099999999994,2.5744029999999998,HKG,NLD,610690
7137023,102,162,7690,1998,9694.0,0.0,0.780392,1.450701,HUN,NLD,610690
7137024,103,162,7690,1998,262158.0,0.0,-0.478253,1.350652,IDN,NLD,610690
7137025,104,162,7690,1998,175995.0,0.0,0.274308,2.316908,IND,NLD,610690
7137026,106,162,7690,1998,0.0,98529.0,1.451067,0.654442,IRL,NLD,610690
7137027,109,162,7690,1998,0.0,6644.0,0.18141300000000002,-0.47993500000000006,ISL,NLD,610690
7137028,110,162,7690,1998,259659.0,0.0,1.2643739999999999,0.958475,ISR,NLD,610690
7137029,111,162,7690,1998,913200.0,10013.0,1.4532209999999999,1.191124,ITA,NLD,610690
7137030,114,162,7690,1998,1020.0,13364.0,2.550442,0.718063,JPN,NLD,610690
7137031,121,162,7690,1998,50629.0,0.0,0.999518,1.106351,KOR,NLD,610690
7137032,132,162,7690,1998,0.0,7138.0,0.322473,0.388421,LVA,NLD,610690
7137033,133,162,7690,1998,4901.0,0.0,-0.21838000000000002,-0.370322,MAC,NLD,610690
7137034,134,162,7690,1998,13550.0,13042.0,-0.7299479999999999,-0.23758200000000002,MAR,NLD,610690
7137035,138,162,7690,1998,2012.0,0.0,0.525671,0.880649,MEX,NLD,610690
7137036,142,162,7690,1998,0.0,1846.0,0.919593,-0.071451,MLT,NLD,610690
7137037,153,162,7690,1998,985.0,0.0,0.396826,0.203792,MYS,NLD,610690
7137038,163,162,7690,1998,1441.0,12677.0,1.1660190000000001,0.43901899999999994,NOR,NLD,610690
7137039,177,162,7690,1998,329714.0,2351.0,0.8638309999999999,1.8881299999999999,POL,NLD,610690
7137040,179,162,7690,1998,48304.0,1037.0,0.39771999999999996,1.303603,PRT,NLD,610690
7137041,185,162,7690,1998,946597.0,0.0,0.315392,0.961176,ROU,NLD,610690
7137042,189,162,7690,1998,5878.0,2315.0,0.603733,1.535453,SCG,NLD,610690
7137043,192,162,7690,1998,62231.0,46037.0,1.0029709999999998,0.506545,SGP,NLD,610690
7137044,208,162,7690,1998,0.0,2256.0,2.134076,0.9259729999999999,SWE,NLD,610690
7137045,216,162,7690,1998,84077.0,0.0,0.128633,1.484142,THA,NLD,610690
7137046,223,162,7690,1998,1220123.0,0.0,-0.21677,-0.08694299999999999,TUN,NLD,610690
7137047,224,162,7690,1998,329991.0,0.0,0.085286,1.653589,TUR,NLD,610690
7137048,231,162,7690,1998,33226.0,10506.0,1.8223639999999999,0.761336,USA,NLD,610690
7137049,15,163,7690,1998,0.0,2077.0,1.891966,0.508137,AUT,NOR,610690
7137050,41,163,7690,1998,2822.0,0.0,2.252965,0.561806,CHE,NOR,610690
7137051,43,163,7690,1998,153424.0,0.0,0.3658,3.231258,CHN,NOR,610690
7137052,59,163,7690,1998,1985.0,0.0,1.36345,1.408508,CZE,NOR,610690
7137053,61,163,7690,1998,26983.0,1466.0,2.334028,-2.417278,DEU,NOR,610690
7137054,64,163,7690,1998,887122.0,8232.0,1.225999,1.470145,DNK,NOR,610690
7137055,72,163,7690,1998,3285.0,0.0,0.53408,1.07691,EST,NOR,610690
7137056,74,163,7690,1998,1280.0,2588.0,2.003987,0.995725,FIN,NOR,610690
7137057,77,163,7690,1998,4336.0,3118.0,1.707702,0.7784270000000001,FRA,NOR,610690
7137058,81,163,7690,1998,162360.0,1766.0,1.906738,0.489101,GBR,NOR,610690
7137059,90,163,7690,1998,16452.0,0.0,0.183835,1.1512790000000002,GRC,NOR,610690
7137060,97,163,7690,1998,58015.0,0.0,0.46966099999999994,2.5744029999999998,HKG,NOR,610690
7137061,103,163,7690,1998,9851.0,0.0,-0.478253,1.350652,IDN,NOR,610690
7137062,104,163,7690,1998,33737.0,0.0,0.274308,2.316908,IND,NOR,610690
7137063,110,163,7690,1998,4875.0,0.0,1.2643739999999999,0.958475,ISR,NOR,610690
7137064,111,163,7690,1998,20853.0,0.0,1.4532209999999999,1.191124,ITA,NOR,610690
7137065,121,163,7690,1998,2144.0,0.0,0.999518,1.106351,KOR,NOR,610690
7137066,130,163,7690,1998,9501.0,0.0,0.27073,0.692656,LTU,NOR,610690
7137067,134,163,7690,1998,9151.0,0.0,-0.7299479999999999,-0.23758200000000002,MAR,NOR,610690
7137068,153,163,7690,1998,2990.0,0.0,0.396826,0.203792,MYS,NOR,610690
7137069,162,163,7690,1998,12677.0,1441.0,1.248469,1.683182,NLD,NOR,610690
7137070,177,163,7690,1998,25811.0,0.0,0.8638309999999999,1.8881299999999999,POL,NOR,610690
7137071,179,163,7690,1998,112412.0,0.0,0.39771999999999996,1.303603,PRT,NOR,610690
7137072,185,163,7690,1998,14409.0,0.0,0.315392,0.961176,ROU,NOR,610690
7137073,207,163,7690,1998,1438.0,0.0,1.442955,1.27214,SVN,NOR,610690
7137074,208,163,7690,1998,128355.0,7918.0,2.134076,0.9259729999999999,SWE,NOR,610690
7137075,216,163,7690,1998,1680.0,0.0,0.128633,1.484142,THA,NOR,610690
7137076,224,163,7690,1998,15044.0,0.0,0.085286,1.653589,TUR,NOR,610690
7137077,231,163,7690,1998,3945.0,3023.0,1.8223639999999999,0.761336,USA,NOR,610690
7137078,249,163,7690,1998,1371.0,0.0,1.224725,1.890322,TWN,NOR,610690
7137079,14,166,7690,1998,512697.0,148357.0,0.375317,0.8864629999999999,AUS,NZL,610690
7137080,18,166,7690,1998,3311.0,0.0,1.4740739999999999,1.2530430000000001,BEL,NZL,610690
7137081,43,166,7690,1998,63136.0,0.0,0.3658,3.231258,CHN,NZL,610690
7137082,61,166,7690,1998,1947.0,0.0,2.334028,-2.417278,DEU,NZL,610690
7137083,75,166,7690,1998,9107.0,0.0,-1.069747,-0.965333,FJI,NZL,610690
7137084,81,166,7690,1998,6405.0,2330.0,1.906738,0.489101,GBR,NZL,610690
7137085,97,166,7690,1998,17506.0,0.0,0.46966099999999994,2.5744029999999998,HKG,NZL,610690
7137086,111,166,7690,1998,3209.0,0.0,1.4532209999999999,1.191124,ITA,NZL,610690
7137087,114,166,7690,1998,2369.0,2959.0,2.550442,0.718063,JPN,NZL,610690
7137088,121,166,7690,1998,11619.0,0.0,0.999518,1.106351,KOR,NZL,610690
7137089,192,166,7690,1998,9088.0,0.0,1.0029709999999998,0.506545,SGP,NZL,610690
7137090,231,166,7690,1998,10431.0,4377.0,1.8223639999999999,0.761336,USA,NZL,610690
7137091,249,166,7690,1998,19235.0,0.0,1.224725,1.890322,TWN,NZL,610690
7137092,250,166,7690,1998,32398.0,0.0,1.144164,1.187425,ANS,NZL,610690
7137093,22,169,7690,1998,39093.0,0.0,-1.130729,-1.001385,BGD,PAN,610690
7137094,25,169,7690,1998,0.0,682.0,1.090167,0.25353000000000003,BHS,PAN,610690
7137095,29,169,7690,1998,0.0,262.0,-0.103154,-0.580854,BLZ,PAN,610690
7137096,32,169,7690,1998,0.0,3294.0,0.768101,1.04589,BRA,PAN,610690
7137097,52,169,7690,1998,0.0,3013.0,-0.26046199999999997,-0.059391,CRI,PAN,610690
7137098,67,169,7690,1998,0.0,36824.0,-0.990915,-0.9670860000000001,ECU,PAN,610690
7137099,93,169,7690,1998,0.0,4286.0,-0.344999,0.155524,GTM,PAN,610690
7137100,97,169,7690,1998,2499.0,0.0,0.46966099999999994,2.5744029999999998,HKG,PAN,610690
7137101,99,169,7690,1998,0.0,6510.0,-0.9326049999999999,-0.598527,HND,PAN,610690
7137102,103,169,7690,1998,142300.0,0.0,-0.478253,1.350652,IDN,PAN,610690
7137103,111,169,7690,1998,10165.0,0.0,1.4532209999999999,1.191124,ITA,PAN,610690
7137104,112,169,7690,1998,0.0,15820.0,-0.8083739999999999,-0.946183,JAM,PAN,610690
7137105,160,169,7690,1998,0.0,14776.0,-0.8012199999999999,-0.749159,NIC,PAN,610690
7137106,197,169,7690,1998,2095.0,94434.0,-0.202965,-0.000499,SLV,PAN,610690
7137107,216,169,7690,1998,10948.0,0.0,0.128633,1.484142,THA,PAN,610690
7137108,231,169,7690,1998,9962.0,0.0,1.8223639999999999,0.761336,USA,PAN,610690
7137109,236,169,7690,1998,0.0,361198.0,0.288717,-0.540639,VEN,PAN,610690
7137110,250,169,7690,1998,0.0,3928.0,1.144164,1.187425,ANS,PAN,610690
7137111,14,173,7690,1998,0.0,1271.0,0.375317,0.8864629999999999,AUS,PER,610690
7137112,31,173,7690,1998,0.0,3254.0,-0.49860699999999997,-0.748521,BOL,PER,610690
7137113,39,173,7690,1998,0.0,19536.0,1.077343,1.119161,CAN,PER,610690
7137114,43,173,7690,1998,15169.0,0.0,0.3658,3.231258,CHN,PER,610690
7137115,61,173,7690,1998,0.0,5289.0,2.334028,-2.417278,DEU,PER,610690
7137116,71,173,7690,1998,6164.0,0.0,1.051392,1.983438,ESP,PER,610690
7137117,77,173,7690,1998,5767.0,0.0,1.707702,0.7784270000000001,FRA,PER,610690
7137118,81,173,7690,1998,0.0,4672.0,1.906738,0.489101,GBR,PER,610690
7137119,97,173,7690,1998,8717.0,0.0,0.46966099999999994,2.5744029999999998,HKG,PER,610690
7137120,111,173,7690,1998,143869.0,0.0,1.4532209999999999,1.191124,ITA,PER,610690
7137121,231,173,7690,1998,14644.0,1971.0,1.8223639999999999,0.761336,USA,PER,610690
7137122,18,174,7690,1998,0.0,1160.0,1.4740739999999999,1.2530430000000001,BEL,PHL,610690
7137123,39,174,7690,1998,0.0,27283.0,1.077343,1.119161,CAN,PHL,610690
7137124,43,174,7690,1998,1424.0,0.0,0.3658,3.231258,CHN,PHL,610690
7137125,81,174,7690,1998,1513.0,0.0,1.906738,0.489101,GBR,PHL,610690
7137126,97,174,7690,1998,113338.0,3100.0,0.46966099999999994,2.5744029999999998,HKG,PHL,610690
7137127,111,174,7690,1998,30949.0,0.0,1.4532209999999999,1.191124,ITA,PHL,610690
7137128,114,174,7690,1998,1213.0,6047.0,2.550442,0.718063,JPN,PHL,610690
7137129,153,174,7690,1998,44246.0,0.0,0.396826,0.203792,MYS,PHL,610690
7137130,216,174,7690,1998,1050.0,0.0,0.128633,1.484142,THA,PHL,610690
7137131,231,174,7690,1998,63424.0,97696.0,1.8223639999999999,0.761336,USA,PHL,610690
7137132,249,174,7690,1998,1621.0,23553.0,1.224725,1.890322,TWN,PHL,610690
7137133,2,179,7690,1998,0.0,1535.0,-1.679223,-1.213275,AGO,PRT,610690
7137134,15,179,7690,1998,0.0,41049.0,1.891966,0.508137,AUT,PRT,610690
7137135,18,179,7690,1998,10895.0,145056.0,1.4740739999999999,1.2530430000000001,BEL,PRT,610690
7137136,23,179,7690,1998,0.0,1382.0,0.382782,1.5844479999999999,BGR,PRT,610690
7137137,41,179,7690,1998,2894.0,43073.0,2.252965,0.561806,CHE,PRT,610690
7137138,43,179,7690,1998,126474.0,0.0,0.3658,3.231258,CHN,PRT,610690
7137139,61,179,7690,1998,30621.0,466229.0,2.334028,-2.417278,DEU,PRT,610690
7137140,64,179,7690,1998,1605.0,314140.0,1.225999,1.470145,DNK,PRT,610690
7137141,71,179,7690,1998,1634901.0,302718.0,1.051392,1.983438,ESP,PRT,610690
7137142,74,179,7690,1998,0.0,95593.0,2.003987,0.995725,FIN,PRT,610690
7137143,77,179,7690,1998,911022.0,577133.0,1.707702,0.7784270000000001,FRA,PRT,610690
7137144,78,179,7690,1998,0.0,1442.0,-0.6159899999999999,-0.828198,FRO,PRT,610690
7137145,81,179,7690,1998,137290.0,350210.0,1.906738,0.489101,GBR,PRT,610690
7137146,90,179,7690,1998,3433.0,0.0,0.183835,1.1512790000000002,GRC,PRT,610690
7137147,106,179,7690,1998,0.0,1680.0,1.451067,0.654442,IRL,PRT,610690
7137148,109,179,7690,1998,0.0,1374.0,0.18141300000000002,-0.47993500000000006,ISL,PRT,610690
7137149,110,179,7690,1998,0.0,353380.0,1.2643739999999999,0.958475,ISR,PRT,610690
7137150,111,179,7690,1998,326919.0,16501.0,1.4532209999999999,1.191124,ITA,PRT,610690
7137151,114,179,7690,1998,0.0,15708.0,2.550442,0.718063,JPN,PRT,610690
7137152,133,179,7690,1998,3381.0,0.0,-0.21838000000000002,-0.370322,MAC,PRT,610690
7137153,153,179,7690,1998,0.0,1462.0,0.396826,0.203792,MYS,PRT,610690
7137154,162,179,7690,1998,1037.0,48304.0,1.248469,1.683182,NLD,PRT,610690
7137155,163,179,7690,1998,0.0,112412.0,1.1660190000000001,0.43901899999999994,NOR,PRT,610690
7137156,186,179,7690,1998,0.0,6945.0,0.93909,0.59719,RUS,PRT,610690
7137157,208,179,7690,1998,0.0,39045.0,2.134076,0.9259729999999999,SWE,PRT,610690
7137158,231,179,7690,1998,0.0,10619.0,1.8223639999999999,0.761336,USA,PRT,610690
7137159,249,179,7690,1998,0.0,24606.0,1.224725,1.890322,TWN,PRT,610690
7137160,250,179,7690,1998,1228.0,0.0,1.144164,1.187425,ANS,PRT,610690
7137161,81,190,7690,1998,547.0,0.0,1.906738,0.489101,GBR,SDN,610690
7137162,15,208,7690,1998,0.0,1051.0,1.891966,0.508137,AUT,SWE,610690
7137163,41,208,7690,1998,0.0,7554.0,2.252965,0.561806,CHE,SWE,610690
7137164,43,208,7690,1998,42076.0,0.0,0.3658,3.231258,CHN,SWE,610690
7137165,61,208,7690,1998,29716.0,0.0,2.334028,-2.417278,DEU,SWE,610690
7137166,64,208,7690,1998,938734.0,59250.0,1.225999,1.470145,DNK,SWE,610690
7137167,72,208,7690,1998,23364.0,14399.0,0.53408,1.07691,EST,SWE,610690
7137168,74,208,7690,1998,10171.0,43235.0,2.003987,0.995725,FIN,SWE,610690
7137169,77,208,7690,1998,62376.0,0.0,1.707702,0.7784270000000001,FRA,SWE,610690
7137170,81,208,7690,1998,342680.0,6088.0,1.906738,0.489101,GBR,SWE,610690
7137171,90,208,7690,1998,493972.0,0.0,0.183835,1.1512790000000002,GRC,SWE,610690
7137172,97,208,7690,1998,10573.0,0.0,0.46966099999999994,2.5744029999999998,HKG,SWE,610690
7137173,104,208,7690,1998,24346.0,0.0,0.274308,2.316908,IND,SWE,610690
7137174,106,208,7690,1998,0.0,4496.0,1.451067,0.654442,IRL,SWE,610690
7137175,109,208,7690,1998,0.0,15767.0,0.18141300000000002,-0.47993500000000006,ISL,SWE,610690
7137176,110,208,7690,1998,3363.0,0.0,1.2643739999999999,0.958475,ISR,SWE,610690
7137177,111,208,7690,1998,131819.0,0.0,1.4532209999999999,1.191124,ITA,SWE,610690
7137178,130,208,7690,1998,2722.0,0.0,0.27073,0.692656,LTU,SWE,610690
7137179,162,208,7690,1998,2256.0,0.0,1.248469,1.683182,NLD,SWE,610690
7137180,163,208,7690,1998,7918.0,128355.0,1.1660190000000001,0.43901899999999994,NOR,SWE,610690
7137181,177,208,7690,1998,232864.0,4197.0,0.8638309999999999,1.8881299999999999,POL,SWE,610690
7137182,179,208,7690,1998,39045.0,0.0,0.39771999999999996,1.303603,PRT,SWE,610690
7137183,185,208,7690,1998,40801.0,0.0,0.315392,0.961176,ROU,SWE,610690
7137184,186,208,7690,1998,0.0,9839.0,0.93909,0.59719,RUS,SWE,610690
7137185,216,208,7690,1998,8986.0,0.0,0.128633,1.484142,THA,SWE,610690
7137186,223,208,7690,1998,79171.0,0.0,-0.21677,-0.08694299999999999,TUN,SWE,610690
7137187,224,208,7690,1998,5122.0,0.0,0.085286,1.653589,TUR,SWE,610690
7137188,231,208,7690,1998,1044.0,3840.0,1.8223639999999999,0.761336,USA,SWE,610690
7137189,246,208,7690,1998,7819.0,0.0,0.573958,1.3813739999999999,ZAF,SWE,610690
7137190,250,208,7690,1998,0.0,1964.0,1.144164,1.187425,ANS,SWE,610690
7137191,6,216,7690,1998,0.0,6470.0,0.666616,-0.224404,ANT,THA,610690
7137192,7,216,7690,1998,0.0,20362.0,-0.274973,-0.481405,ARE,THA,610690
7137193,13,216,7690,1998,0.0,3588.0,0.441453,-0.238813,ATG,THA,610690
7137194,14,216,7690,1998,0.0,1501.0,0.375317,0.8864629999999999,AUS,THA,610690
7137195,15,216,7690,1998,0.0,112152.0,1.891966,0.508137,AUT,THA,610690
7137196,18,216,7690,1998,0.0,10883.0,1.4740739999999999,1.2530430000000001,BEL,THA,610690
7137197,23,216,7690,1998,0.0,7314.0,0.382782,1.5844479999999999,BGR,THA,610690
7137198,24,216,7690,1998,0.0,3038.0,-0.044219,-0.859931,BHR,THA,610690
7137199,34,216,7690,1998,0.0,4364.0,-0.445218,-0.833083,BRN,THA,610690
7137200,39,216,7690,1998,0.0,4434.0,1.077343,1.119161,CAN,THA,610690
7137201,43,216,7690,1998,174002.0,3690.0,0.3658,3.231258,CHN,THA,610690
7137202,49,216,7690,1998,0.0,1592.0,0.205004,0.13985899999999998,COL,THA,610690
7137203,61,216,7690,1998,0.0,85544.0,2.334028,-2.417278,DEU,THA,610690
7137204,64,216,7690,1998,0.0,8765.0,1.225999,1.470145,DNK,THA,610690
7137205,71,216,7690,1998,0.0,13135.0,1.051392,1.983438,ESP,THA,610690
7137206,73,216,7690,1998,0.0,1521.0,-1.279819,-1.158182,ETH,THA,610690
7137207,77,216,7690,1998,43954.0,45515.0,1.707702,0.7784270000000001,FRA,THA,610690
7137208,81,216,7690,1998,3550.0,69204.0,1.906738,0.489101,GBR,THA,610690
7137209,83,216,7690,1998,0.0,16256.0,-1.215123,-1.0427620000000002,GHA,THA,610690
7137210,88,216,7690,1998,0.0,9807.0,-1.8103790000000002,-0.9481790000000001,GNB,THA,610690
7137211,97,216,7690,1998,125344.0,3408.0,0.46966099999999994,2.5744029999999998,HKG,THA,610690
7137212,104,216,7690,1998,0.0,73925.0,0.274308,2.316908,IND,THA,610690
7137213,110,216,7690,1998,0.0,1837.0,1.2643739999999999,0.958475,ISR,THA,610690
7137214,111,216,7690,1998,5986.0,2634.0,1.4532209999999999,1.191124,ITA,THA,610690
7137215,113,216,7690,1998,0.0,16632.0,0.403009,-0.076366,JOR,THA,610690
7137216,114,216,7690,1998,0.0,487441.0,2.550442,0.718063,JPN,THA,610690
7137217,116,216,7690,1998,1247.0,1120.0,-0.434978,0.10193300000000001,KEN,THA,610690
7137218,121,216,7690,1998,10731.0,1901.0,0.999518,1.106351,KOR,THA,610690
7137219,122,216,7690,1998,0.0,5619.0,0.037029,-1.054761,KWT,THA,610690
7137220,124,216,7690,1998,0.0,9970.0,0.23803200000000002,0.9927860000000001,LBN,THA,610690
7137221,133,216,7690,1998,3791.0,0.0,-0.21838000000000002,-0.370322,MAC,THA,610690
7137222,137,216,7690,1998,0.0,34626.0,-1.4121629999999998,-1.084394,MDV,THA,610690
7137223,147,216,7690,1998,0.0,13083.0,-0.6813279999999999,-0.916391,MOZ,THA,610690
7137224,153,216,7690,1998,3970.0,5205.0,0.396826,0.203792,MYS,THA,610690
7137225,162,216,7690,1998,0.0,84077.0,1.248469,1.683182,NLD,THA,610690
7137226,163,216,7690,1998,0.0,1680.0,1.1660190000000001,0.43901899999999994,NOR,THA,610690
7137227,164,216,7690,1998,0.0,4383.0,-0.634124,-0.279031,NPL,THA,610690
7137228,167,216,7690,1998,0.0,1186.0,-0.38848499999999997,-0.898559,OMN,THA,610690
7137229,169,216,7690,1998,0.0,10948.0,0.010123,0.5677949999999999,PAN,THA,610690
7137230,174,216,7690,1998,0.0,1050.0,-0.262725,-0.075781,PHL,THA,610690
7137231,182,216,7690,1998,0.0,400.0,0.422645,-0.607595,PYF,THA,610690
7137232,188,216,7690,1998,0.0,59526.0,0.521849,-0.7550899999999999,SAU,THA,610690
7137233,192,216,7690,1998,37193.0,22348.0,1.0029709999999998,0.506545,SGP,THA,610690
7137234,208,216,7690,1998,0.0,8986.0,2.134076,0.9259729999999999,SWE,THA,610690
7137235,226,216,7690,1998,0.0,1725.0,-0.972823,-0.428149,TZA,THA,610690
7137236,227,216,7690,1998,0.0,14707.0,-0.996762,-1.01326,UGA,THA,610690
7137237,231,216,7690,1998,53251.0,242757.0,1.8223639999999999,0.761336,USA,THA,610690
7137238,246,216,7690,1998,0.0,45002.0,0.573958,1.3813739999999999,ZAF,THA,610690
7137239,249,216,7690,1998,3577.0,27072.0,1.224725,1.890322,TWN,THA,610690
7137240,33,222,7690,1998,0.0,4378.0,0.888487,0.469408,BRB,TTO,610690
7137241,81,222,7690,1998,12191.0,0.0,1.906738,0.489101,GBR,TTO,610690
7137242,91,222,7690,1998,0.0,1753.0,-0.249689,-0.7117,GRD,TTO,610690
7137243,104,222,7690,1998,2354.0,0.0,0.274308,2.316908,IND,TTO,610690
7137244,127,222,7690,1998,0.0,6163.0,-0.056641,-0.672786,LCA,TTO,610690
7137245,128,222,7690,1998,2567.0,0.0,-0.933293,-0.233566,LKA,TTO,610690
7137246,231,222,7690,1998,27398.0,0.0,1.8223639999999999,0.761336,USA,TTO,610690
7137247,234,222,7690,1998,0.0,1144.0,0.22166,-0.331633,VCT,TTO,610690
7137248,7,224,7690,1998,0.0,4197.0,-0.274973,-0.481405,ARE,TUR,610690
7137249,14,224,7690,1998,0.0,1592.0,0.375317,0.8864629999999999,AUS,TUR,610690
7137250,15,224,7690,1998,0.0,10737.0,1.891966,0.508137,AUT,TUR,610690
7137251,16,224,7690,1998,0.0,2437.0,0.344571,-0.321203,AZE,TUR,610690
7137252,18,224,7690,1998,0.0,63985.0,1.4740739999999999,1.2530430000000001,BEL,TUR,610690
7137253,23,224,7690,1998,1177.0,277590.0,0.382782,1.5844479999999999,BGR,TUR,610690
7137254,39,224,7690,1998,0.0,9714.0,1.077343,1.119161,CAN,TUR,610690
7137255,41,224,7690,1998,0.0,3311.0,2.252965,0.561806,CHE,TUR,610690
7137256,42,224,7690,1998,0.0,1625.0,0.029706,-0.061149,CHL,TUR,610690
7137257,43,224,7690,1998,10045.0,0.0,0.3658,3.231258,CHN,TUR,610690
7137258,58,224,7690,1998,0.0,13023.0,0.45990600000000004,0.41840299999999997,CYP,TUR,610690
7137259,59,224,7690,1998,0.0,3629.0,1.36345,1.408508,CZE,TUR,610690
7137260,61,224,7690,1998,16664.0,665486.0,2.334028,-2.417278,DEU,TUR,610690
7137261,64,224,7690,1998,3612.0,68866.0,1.225999,1.470145,DNK,TUR,610690
7137262,66,224,7690,1998,0.0,5739.0,-0.726061,-1.161031,DZA,TUR,610690
7137263,71,224,7690,1998,114241.0,9466.0,1.051392,1.983438,ESP,TUR,610690
7137264,72,224,7690,1998,0.0,2068.0,0.53408,1.07691,EST,TUR,610690
7137265,73,224,7690,1998,0.0,11786.0,-1.279819,-1.158182,ETH,TUR,610690
7137266,74,224,7690,1998,0.0,22099.0,2.003987,0.995725,FIN,TUR,610690
7137267,77,224,7690,1998,60361.0,247314.0,1.707702,0.7784270000000001,FRA,TUR,610690
7137268,81,224,7690,1998,14938.0,1046427.0,1.906738,0.489101,GBR,TUR,610690
7137269,90,224,7690,1998,0.0,1208.0,0.183835,1.1512790000000002,GRC,TUR,610690
7137270,100,224,7690,1998,0.0,1780.0,0.692779,0.9919530000000001,HRV,TUR,610690
7137271,102,224,7690,1998,18890.0,52636.0,0.780392,1.450701,HUN,TUR,610690
7137272,103,224,7690,1998,3820.0,0.0,-0.478253,1.350652,IDN,TUR,610690
7137273,106,224,7690,1998,0.0,4931.0,1.451067,0.654442,IRL,TUR,610690
7137274,110,224,7690,1998,0.0,13675.0,1.2643739999999999,0.958475,ISR,TUR,610690
7137275,111,224,7690,1998,152080.0,129717.0,1.4532209999999999,1.191124,ITA,TUR,610690
7137276,113,224,7690,1998,0.0,3598.0,0.403009,-0.076366,JOR,TUR,610690
7137277,114,224,7690,1998,0.0,12222.0,2.550442,0.718063,JPN,TUR,610690
7137278,121,224,7690,1998,73127.0,0.0,0.999518,1.106351,KOR,TUR,610690
7137279,124,224,7690,1998,0.0,9692.0,0.23803200000000002,0.9927860000000001,LBN,TUR,610690
7137280,126,224,7690,1998,0.0,7346.0,-0.303379,-1.1347180000000001,LBY,TUR,610690
7137281,130,224,7690,1998,0.0,10685.0,0.27073,0.692656,LTU,TUR,610690
7137282,135,224,7690,1998,0.0,1756.0,-0.112783,-0.276584,MDA,TUR,610690
7137283,140,224,7690,1998,0.0,84783.0,0.102559,0.591468,MKD,TUR,610690
7137284,142,224,7690,1998,0.0,5893.0,0.919593,-0.071451,MLT,TUR,610690
7137285,162,224,7690,1998,0.0,329991.0,1.248469,1.683182,NLD,TUR,610690
7137286,163,224,7690,1998,0.0,15044.0,1.1660190000000001,0.43901899999999994,NOR,TUR,610690
7137287,177,224,7690,1998,0.0,315766.0,0.8638309999999999,1.8881299999999999,POL,TUR,610690
7137288,185,224,7690,1998,0.0,11330.0,0.315392,0.961176,ROU,TUR,610690
7137289,186,224,7690,1998,0.0,71840.0,0.93909,0.59719,RUS,TUR,610690
7137290,188,224,7690,1998,0.0,13972.0,0.521849,-0.7550899999999999,SAU,TUR,610690
7137291,189,224,7690,1998,0.0,2100.0,0.603733,1.535453,SCG,TUR,610690
7137292,206,224,7690,1998,0.0,1123.0,1.202453,1.228204,SVK,TUR,610690
7137293,208,224,7690,1998,0.0,5122.0,2.134076,0.9259729999999999,SWE,TUR,610690
7137294,223,224,7690,1998,0.0,62133.0,-0.21677,-0.08694299999999999,TUN,TUR,610690
7137295,228,224,7690,1998,0.0,10321.0,0.880876,0.783668,UKR,TUR,610690
7137296,231,224,7690,1998,5498.0,151217.0,1.8223639999999999,0.761336,USA,TUR,610690
7137297,249,224,7690,1998,0.0,5165.0,1.224725,1.890322,TWN,TUR,610690
7137298,250,224,7690,1998,0.0,27720.0,1.144164,1.187425,ANS,TUR,610690
7137299,0,231,7690,1998,0.0,13631.0,0.197883,-0.726349,ABW,USA,610690
7137300,5,231,7690,1998,0.0,2987.0,1.079978,0.618452,AND,USA,610690
7137301,6,231,7690,1998,0.0,3344.0,0.666616,-0.224404,ANT,USA,610690
7137302,7,231,7690,1998,0.0,4396.0,-0.274973,-0.481405,ARE,USA,610690
7137303,8,231,7690,1998,0.0,10075.0,0.272015,0.45031099999999996,ARG,USA,610690
7137304,14,231,7690,1998,33648.0,22918.0,0.375317,0.8864629999999999,AUS,USA,610690
7137305,15,231,7690,1998,30775.0,1884.0,1.891966,0.508137,AUT,USA,610690
7137306,16,231,7690,1998,10407.0,0.0,0.344571,-0.321203,AZE,USA,610690
7137307,18,231,7690,1998,13496.0,0.0,1.4740739999999999,1.2530430000000001,BEL,USA,610690
7137308,22,231,7690,1998,4791757.0,0.0,-1.130729,-1.001385,BGD,USA,610690
7137309,25,231,7690,1998,0.0,883369.0,1.090167,0.25353000000000003,BHS,USA,610690
7137310,30,231,7690,1998,0.0,23706.0,0.900948,-0.340868,BMU,USA,610690
7137311,31,231,7690,1998,1164.0,0.0,-0.49860699999999997,-0.748521,BOL,USA,610690
7137312,32,231,7690,1998,1415.0,29775.0,0.768101,1.04589,BRA,USA,610690
7137313,33,231,7690,1998,0.0,5472.0,0.888487,0.469408,BRB,USA,610690
7137314,39,231,7690,1998,85834.0,593643.0,1.077343,1.119161,CAN,USA,610690
7137315,41,231,7690,1998,20188.0,9602.0,2.252965,0.561806,CHE,USA,610690
7137316,42,231,7690,1998,0.0,26083.0,0.029706,-0.061149,CHL,USA,610690
7137317,43,231,7690,1998,63326548.0,50533.0,0.3658,3.231258,CHN,USA,610690
7137318,49,231,7690,1998,74793.0,16142.0,0.205004,0.13985899999999998,COL,USA,610690
7137319,51,231,7690,1998,0.0,2058.0,0.61526,-0.455517,CPV,USA,610690
7137320,52,231,7690,1998,2072.0,11627.0,-0.26046199999999997,-0.059391,CRI,USA,610690
7137321,58,231,7690,1998,0.0,3753.0,0.45990600000000004,0.41840299999999997,CYP,USA,610690
7137322,61,231,7690,1998,126179.0,28844.0,2.334028,-2.417278,DEU,USA,610690
7137323,64,231,7690,1998,9273.0,33445.0,1.225999,1.470145,DNK,USA,610690
7137324,65,231,7690,1998,27561.0,10801.0,-0.772271,-0.765258,DOM,USA,610690
7137325,67,231,7690,1998,8880.0,31152.0,-0.990915,-0.9670860000000001,ECU,USA,610690
7137326,68,231,7690,1998,0.0,47018.0,-0.462755,0.079802,EGY,USA,610690
7137327,71,231,7690,1998,7045.0,3238.0,1.051392,1.983438,ESP,USA,610690
7137328,72,231,7690,1998,0.0,956.0,0.53408,1.07691,EST,USA,610690
7137329,74,231,7690,1998,3274.0,1220.0,2.003987,0.995725,FIN,USA,610690
7137330,77,231,7690,1998,11546.0,0.0,1.707702,0.7784270000000001,FRA,USA,610690
7137331,81,231,7690,1998,69595.0,112602.0,1.906738,0.489101,GBR,USA,610690
7137332,85,231,7690,1998,0.0,26049.0,-1.676035,-1.248894,GIN,USA,610690
7137333,90,231,7690,1998,46809.0,30862.0,0.183835,1.1512790000000002,GRC,USA,610690
7137334,92,231,7690,1998,0.0,1531.0,-1.011085,-0.8786809999999999,GRL,USA,610690
7137335,93,231,7690,1998,0.0,136716.0,-0.344999,0.155524,GTM,USA,610690
7137336,96,231,7690,1998,0.0,53329.0,-0.8204450000000001,-0.8914200000000001,GUY,USA,610690
7137337,97,231,7690,1998,21012154.0,109702.0,0.46966099999999994,2.5744029999999998,HKG,USA,610690
7137338,99,231,7690,1998,2852.0,36575.0,-0.9326049999999999,-0.598527,HND,USA,610690
7137339,103,231,7690,1998,672986.0,0.0,-0.478253,1.350652,IDN,USA,610690
7137340,104,231,7690,1998,1320549.0,0.0,0.274308,2.316908,IND,USA,610690
7137341,106,231,7690,1998,18117.0,2730.0,1.451067,0.654442,IRL,USA,610690
7137342,110,231,7690,1998,916941.0,35313.0,1.2643739999999999,0.958475,ISR,USA,610690
7137343,111,231,7690,1998,557969.0,5639.0,1.4532209999999999,1.191124,ITA,USA,610690
7137344,112,231,7690,1998,0.0,11270.0,-0.8083739999999999,-0.946183,JAM,USA,610690
7137345,113,231,7690,1998,0.0,9135.0,0.403009,-0.076366,JOR,USA,610690
7137346,114,231,7690,1998,25569.0,1988423.0,2.550442,0.718063,JPN,USA,610690
7137347,118,231,7690,1998,238646.0,0.0,-1.626686,-1.307157,KHM,USA,610690
7137348,121,231,7690,1998,155400.0,22745.0,0.999518,1.106351,KOR,USA,610690
7137349,124,231,7690,1998,0.0,9600.0,0.23803200000000002,0.9927860000000001,LBN,USA,610690
7137350,127,231,7690,1998,0.0,1529.0,-0.056641,-0.672786,LCA,USA,610690
7137351,130,231,7690,1998,0.0,1895.0,0.27073,0.692656,LTU,USA,610690
7137352,133,231,7690,1998,743528.0,0.0,-0.21838000000000002,-0.370322,MAC,USA,610690
7137353,135,231,7690,1998,23382.0,0.0,-0.112783,-0.276584,MDA,USA,610690
7137354,138,231,7690,1998,470626.0,3508130.0,0.525671,0.880649,MEX,USA,610690
7137355,142,231,7690,1998,0.0,1099.0,0.919593,-0.071451,MLT,USA,610690
7137356,151,231,7690,1998,560438.0,0.0,-0.621599,-0.755795,MUS,USA,610690
7137357,153,231,7690,1998,479084.0,0.0,0.396826,0.203792,MYS,USA,610690
7137358,160,231,7690,1998,0.0,44347.0,-0.8012199999999999,-0.749159,NIC,USA,610690
7137359,162,231,7690,1998,10506.0,33226.0,1.248469,1.683182,NLD,USA,610690
7137360,163,231,7690,1998,3023.0,3945.0,1.1660190000000001,0.43901899999999994,NOR,USA,610690
7137361,164,231,7690,1998,44234.0,0.0,-0.634124,-0.279031,NPL,USA,610690
7137362,166,231,7690,1998,4377.0,10431.0,0.5690529999999999,0.7752060000000001,NZL,USA,610690
7137363,168,231,7690,1998,1662.0,0.0,-0.9008149999999999,-0.448942,PAK,USA,610690
7137364,169,231,7690,1998,0.0,9962.0,0.010123,0.5677949999999999,PAN,USA,610690
7137365,173,231,7690,1998,1971.0,14644.0,-0.35875300000000004,0.042606,PER,USA,610690
7137366,174,231,7690,1998,97696.0,63424.0,-0.262725,-0.075781,PHL,USA,610690
7137367,177,231,7690,1998,3781.0,0.0,0.8638309999999999,1.8881299999999999,POL,USA,610690
7137368,179,231,7690,1998,10619.0,0.0,0.39771999999999996,1.303603,PRT,USA,610690
7137369,182,231,7690,1998,0.0,3525.0,0.422645,-0.607595,PYF,USA,610690
7137370,183,231,7690,1998,0.0,4965.0,-1.047819,-1.226928,QAT,USA,610690
7137371,185,231,7690,1998,3736.0,0.0,0.315392,0.961176,ROU,USA,610690
7137372,186,231,7690,1998,600020.0,0.0,0.93909,0.59719,RUS,USA,610690
7137373,188,231,7690,1998,0.0,56693.0,0.521849,-0.7550899999999999,SAU,USA,610690
7137374,192,231,7690,1998,5641746.0,64630.0,1.0029709999999998,0.506545,SGP,USA,610690
7137375,197,231,7690,1998,0.0,37157.0,-0.202965,-0.000499,SLV,USA,610690
7137376,207,231,7690,1998,12979.0,0.0,1.442955,1.27214,SVN,USA,610690
7137377,208,231,7690,1998,3840.0,1044.0,2.134076,0.9259729999999999,SWE,USA,610690
7137378,216,231,7690,1998,242757.0,53251.0,0.128633,1.484142,THA,USA,610690
7137379,222,231,7690,1998,0.0,27398.0,0.273917,-0.453996,TTO,USA,610690
7137380,224,231,7690,1998,151217.0,5498.0,0.085286,1.653589,TUR,USA,610690
7137381,228,231,7690,1998,88573.0,2619.0,0.880876,0.783668,UKR,USA,610690
7137382,230,231,7690,1998,0.0,4452.0,0.323022,0.293694,URY,USA,610690
7137383,234,231,7690,1998,3625.0,0.0,0.22166,-0.331633,VCT,USA,610690
7137384,236,231,7690,1998,0.0,155858.0,0.288717,-0.540639,VEN,USA,610690
7137385,246,231,7690,1998,218558.0,22698.0,0.573958,1.3813739999999999,ZAF,USA,610690
7137386,249,231,7690,1998,2747143.0,20508.0,1.224725,1.890322,TWN,USA,610690
7137387,0,236,7690,1998,1126.0,10244.0,0.197883,-0.726349,ABW,VEN,610690
7137388,6,236,7690,1998,38284.0,0.0,0.666616,-0.224404,ANT,VEN,610690
7137389,49,236,7690,1998,42054.0,0.0,0.205004,0.13985899999999998,COL,VEN,610690
7137390,61,236,7690,1998,872.0,0.0,2.334028,-2.417278,DEU,VEN,610690
7137391,71,236,7690,1998,2299.0,2207.0,1.051392,1.983438,ESP,VEN,610690
7137392,77,236,7690,1998,6969.0,0.0,1.707702,0.7784270000000001,FRA,VEN,610690
7137393,97,236,7690,1998,19119.0,0.0,0.46966099999999994,2.5744029999999998,HKG,VEN,610690
7137394,103,236,7690,1998,13635.0,0.0,-0.478253,1.350652,IDN,VEN,610690
7137395,110,236,7690,1998,2999.0,0.0,1.2643739999999999,0.958475,ISR,VEN,610690
7137396,111,236,7690,1998,4717.0,0.0,1.4532209999999999,1.191124,ITA,VEN,610690
7137397,138,236,7690,1998,3116.0,0.0,0.525671,0.880649,MEX,VEN,610690
7137398,169,236,7690,1998,361198.0,0.0,0.010123,0.5677949999999999,PAN,VEN,610690
7137399,192,236,7690,1998,1090.0,0.0,1.0029709999999998,0.506545,SGP,VEN,610690
7137400,231,236,7690,1998,155858.0,0.0,1.8223639999999999,0.761336,USA,VEN,610690
7137401,249,236,7690,1998,1943.0,0.0,1.224725,1.890322,TWN,VEN,610690
7137402,18,14,7690,1998,2806.0,0.0,1.4740739999999999,1.2530430000000001,BEL,AUS,610690
7137403,43,14,7690,1998,1209392.0,0.0,0.3658,3.231258,CHN,AUS,610690
7137404,61,14,7690,1998,9718.0,0.0,2.334028,-2.417278,DEU,AUS,610690
7137405,64,14,7690,1998,0.0,904.0,1.225999,1.470145,DNK,AUS,610690
7137406,75,14,7690,1998,7083.0,0.0,-1.069747,-0.965333,FJI,AUS,610690
7137407,77,14,7690,1998,20768.0,0.0,1.707702,0.7784270000000001,FRA,AUS,610690
7137408,81,14,7690,1998,5074.0,67484.0,1.906738,0.489101,GBR,AUS,610690
7137409,97,14,7690,1998,236278.0,181968.0,0.46966099999999994,2.5744029999999998,HKG,AUS,610690
7137410,103,14,7690,1998,80801.0,0.0,-0.478253,1.350652,IDN,AUS,610690
7137411,104,14,7690,1998,22409.0,0.0,0.274308,2.316908,IND,AUS,610690
7137412,106,14,7690,1998,0.0,1011.0,1.451067,0.654442,IRL,AUS,610690
7137413,111,14,7690,1998,5467.0,0.0,1.4532209999999999,1.191124,ITA,AUS,610690
7137414,114,14,7690,1998,2806.0,1515.0,2.550442,0.718063,JPN,AUS,610690
7137415,121,14,7690,1998,8293.0,5142.0,0.999518,1.106351,KOR,AUS,610690
7137416,153,14,7690,1998,1488.0,0.0,0.396826,0.203792,MYS,AUS,610690
7137417,162,14,7690,1998,13750.0,0.0,1.248469,1.683182,NLD,AUS,610690
7137418,166,14,7690,1998,148357.0,512697.0,0.5690529999999999,0.7752060000000001,NZL,AUS,610690
7137419,173,14,7690,1998,1271.0,0.0,-0.35875300000000004,0.042606,PER,AUS,610690
7137420,176,14,7690,1998,0.0,23804.0,-2.060952,-1.237969,PNG,AUS,610690
7137421,192,14,7690,1998,2284.0,105746.0,1.0029709999999998,0.506545,SGP,AUS,610690
7137422,216,14,7690,1998,1501.0,0.0,0.128633,1.484142,THA,AUS,610690
7137423,224,14,7690,1998,1592.0,0.0,0.085286,1.653589,TUR,AUS,610690
7137424,231,14,7690,1998,22918.0,33648.0,1.8223639999999999,0.761336,USA,AUS,610690
7137425,249,14,7690,1998,20465.0,1348.0,1.224725,1.890322,TWN,AUS,610690
7137426,250,14,7690,1998,9777.0,1105.0,1.144164,1.187425,ANS,AUS,610690
7137427,107,16,7690,1998,7299.0,0.0,-0.6626029999999999,-1.0408959999999998,IRN,AZE,610690
7137428,186,16,7690,1998,6626.0,0.0,0.93909,0.59719,RUS,AZE,610690
7137429,224,16,7690,1998,2437.0,0.0,0.085286,1.653589,TUR,AZE,610690
7137430,231,16,7690,1998,0.0,10407.0,1.8223639999999999,0.761336,USA,AZE,610690
7137431,7,22,7690,1998,0.0,5728.0,-0.274973,-0.481405,ARE,BGD,610690
7137432,39,22,7690,1998,0.0,196263.0,1.077343,1.119161,CAN,BGD,610690
7137433,61,22,7690,1998,0.0,143614.0,2.334028,-2.417278,DEU,BGD,610690
7137434,74,22,7690,1998,0.0,11717.0,2.003987,0.995725,FIN,BGD,610690
7137435,77,22,7690,1998,0.0,779693.0,1.707702,0.7784270000000001,FRA,BGD,610690
7137436,81,22,7690,1998,2405.0,14047.0,1.906738,0.489101,GBR,BGD,610690
7137437,106,22,7690,1998,0.0,2437.0,1.451067,0.654442,IRL,BGD,610690
7137438,111,22,7690,1998,0.0,181893.0,1.4532209999999999,1.191124,ITA,BGD,610690
7137439,162,22,7690,1998,0.0,101712.0,1.248469,1.683182,NLD,BGD,610690
7137440,169,22,7690,1998,0.0,39093.0,0.010123,0.5677949999999999,PAN,BGD,610690
7137441,192,22,7690,1998,2560.0,122033.0,1.0029709999999998,0.506545,SGP,BGD,610690
7137442,231,22,7690,1998,0.0,4791757.0,1.8223639999999999,0.761336,USA,BGD,610690
7137443,4,23,7690,1998,0.0,930.0,-0.37657399999999996,-0.201006,ALB,BGR,610690
7137444,18,23,7690,1998,2116.0,1040.0,1.4740739999999999,1.2530430000000001,BEL,BGR,610690
7137445,28,23,7690,1998,0.0,3567.0,0.9122049999999999,1.161741,BLR,BGR,610690
7137446,43,23,7690,1998,1379.0,0.0,0.3658,3.231258,CHN,BGR,610690
7137447,61,23,7690,1998,3976.0,63284.0,2.334028,-2.417278,DEU,BGR,610690
7137448,77,23,7690,1998,0.0,55023.0,1.707702,0.7784270000000001,FRA,BGR,610690
7137449,81,23,7690,1998,52631.0,4784.0,1.906738,0.489101,GBR,BGR,610690
7137450,90,23,7690,1998,780099.0,849464.0,0.183835,1.1512790000000002,GRC,BGR,610690
7137451,102,23,7690,1998,27459.0,0.0,0.780392,1.450701,HUN,BGR,610690
7137452,111,23,7690,1998,232591.0,92112.0,1.4532209999999999,1.191124,ITA,BGR,610690
7137453,145,23,7690,1998,0.0,646.0,-0.605635,-0.9181520000000001,MNG,BGR,610690
7137454,162,23,7690,1998,0.0,18680.0,1.248469,1.683182,NLD,BGR,610690
7137455,179,23,7690,1998,1382.0,0.0,0.39771999999999996,1.303603,PRT,BGR,610690
7137456,216,23,7690,1998,7314.0,0.0,0.128633,1.484142,THA,BGR,610690
7137457,224,23,7690,1998,277590.0,1177.0,0.085286,1.653589,TUR,BGR,610690
7137458,250,23,7690,1998,5193.0,0.0,1.144164,1.187425,ANS,BGR,610690
7137459,23,28,7690,1998,3567.0,0.0,0.382782,1.5844479999999999,BGR,BLR,610690
7137460,61,28,7690,1998,1905.0,0.0,2.334028,-2.417278,DEU,BLR,610690
7137461,177,28,7690,1998,17883.0,0.0,0.8638309999999999,1.8881299999999999,POL,BLR,610690
7137462,186,28,7690,1998,0.0,84984.0,0.93909,0.59719,RUS,BLR,610690
7137463,8,32,7690,1998,19875.0,26907.0,0.272015,0.45031099999999996,ARG,BRA,610690
7137464,25,32,7690,1998,0.0,1821.0,1.090167,0.25353000000000003,BHS,BRA,610690
7137465,31,32,7690,1998,0.0,33149.0,-0.49860699999999997,-0.748521,BOL,BRA,610690
7137466,39,32,7690,1998,6046.0,0.0,1.077343,1.119161,CAN,BRA,610690
7137467,42,32,7690,1998,0.0,4025.0,0.029706,-0.061149,CHL,BRA,610690
7137468,43,32,7690,1998,346730.0,0.0,0.3658,3.231258,CHN,BRA,610690
7137469,67,32,7690,1998,2806.0,0.0,-0.990915,-0.9670860000000001,ECU,BRA,610690
7137470,71,32,7690,1998,1965.0,4171.0,1.051392,1.983438,ESP,BRA,610690
7137471,77,32,7690,1998,8310.0,0.0,1.707702,0.7784270000000001,FRA,BRA,610690
7137472,83,32,7690,1998,0.0,2531.0,-1.215123,-1.0427620000000002,GHA,BRA,610690
7137473,97,32,7690,1998,57770.0,0.0,0.46966099999999994,2.5744029999999998,HKG,BRA,610690
7137474,103,32,7690,1998,1360.0,0.0,-0.478253,1.350652,IDN,BRA,610690
7137475,104,32,7690,1998,10261.0,0.0,0.274308,2.316908,IND,BRA,610690
7137476,111,32,7690,1998,2209.0,0.0,1.4532209999999999,1.191124,ITA,BRA,610690
7137477,114,32,7690,1998,6193.0,0.0,2.550442,0.718063,JPN,BRA,610690
7137478,124,32,7690,1998,0.0,2265.0,0.23803200000000002,0.9927860000000001,LBN,BRA,610690
7137479,153,32,7690,1998,1778.0,0.0,0.396826,0.203792,MYS,BRA,610690
7137480,169,32,7690,1998,3294.0,0.0,0.010123,0.5677949999999999,PAN,BRA,610690
7137481,180,32,7690,1998,0.0,38977.0,-0.204539,-0.766486,PRY,BRA,610690
7137482,192,32,7690,1998,104290.0,0.0,1.0029709999999998,0.506545,SGP,BRA,610690
7137483,230,32,7690,1998,17954.0,54035.0,0.323022,0.293694,URY,BRA,610690
7137484,231,32,7690,1998,29775.0,1415.0,1.8223639999999999,0.761336,USA,BRA,610690
7137485,239,32,7690,1998,5781.0,0.0,-0.9395469999999999,0.060697,VNM,BRA,610690
7137486,7,34,7690,1998,3570.0,0.0,-0.274973,-0.481405,ARE,BRN,610690
7137487,43,34,7690,1998,1234.0,0.0,0.3658,3.231258,CHN,BRN,610690
7137488,97,34,7690,1998,19199.0,0.0,0.46966099999999994,2.5744029999999998,HKG,BRN,610690
7137489,103,34,7690,1998,12016.0,0.0,-0.478253,1.350652,IDN,BRN,610690
7137490,153,34,7690,1998,35971.0,0.0,0.396826,0.203792,MYS,BRN,610690
7137491,192,34,7690,1998,87904.0,2422242.0,1.0029709999999998,0.506545,SGP,BRN,610690
7137492,216,34,7690,1998,4364.0,0.0,0.128633,1.484142,THA,BRN,610690
7137493,249,34,7690,1998,1565.0,0.0,1.224725,1.890322,TWN,BRN,610690
7137494,18,39,7690,1998,1642.0,0.0,1.4740739999999999,1.2530430000000001,BEL,CAN,610690
7137495,22,39,7690,1998,196263.0,0.0,-1.130729,-1.001385,BGD,CAN,610690
7137496,32,39,7690,1998,0.0,6046.0,0.768101,1.04589,BRA,CAN,610690
7137497,33,39,7690,1998,0.0,3192.0,0.888487,0.469408,BRB,CAN,610690
7137498,41,39,7690,1998,1564.0,0.0,2.252965,0.561806,CHE,CAN,610690
7137499,43,39,7690,1998,1158404.0,2227.0,0.3658,3.231258,CHN,CAN,610690
7137500,49,39,7690,1998,52450.0,0.0,0.205004,0.13985899999999998,COL,CAN,610690
7137501,61,39,7690,1998,17287.0,0.0,2.334028,-2.417278,DEU,CAN,610690
7137502,64,39,7690,1998,8651.0,0.0,1.225999,1.470145,DNK,CAN,610690
7137503,77,39,7690,1998,7450.0,0.0,1.707702,0.7784270000000001,FRA,CAN,610690
7137504,81,39,7690,1998,3260.0,14849.0,1.906738,0.489101,GBR,CAN,610690
7137505,90,39,7690,1998,7572.0,0.0,0.183835,1.1512790000000002,GRC,CAN,610690
7137506,97,39,7690,1998,1171687.0,0.0,0.46966099999999994,2.5744029999999998,HKG,CAN,610690
7137507,102,39,7690,1998,2474.0,0.0,0.780392,1.450701,HUN,CAN,610690
7137508,103,39,7690,1998,214512.0,0.0,-0.478253,1.350652,IDN,CAN,610690
7137509,104,39,7690,1998,102595.0,0.0,0.274308,2.316908,IND,CAN,610690
7137510,110,39,7690,1998,53560.0,0.0,1.2643739999999999,0.958475,ISR,CAN,610690
7137511,111,39,7690,1998,39846.0,0.0,1.4532209999999999,1.191124,ITA,CAN,610690
7137512,114,39,7690,1998,0.0,25652.0,2.550442,0.718063,JPN,CAN,610690
7137513,121,39,7690,1998,2398.0,0.0,0.999518,1.106351,KOR,CAN,610690
7137514,133,39,7690,1998,50297.0,0.0,-0.21838000000000002,-0.370322,MAC,CAN,610690
7137515,138,39,7690,1998,0.0,3230.0,0.525671,0.880649,MEX,CAN,610690
7137516,153,39,7690,1998,71779.0,14657.0,0.396826,0.203792,MYS,CAN,610690
7137517,162,39,7690,1998,5176.0,0.0,1.248469,1.683182,NLD,CAN,610690
7137518,173,39,7690,1998,19536.0,0.0,-0.35875300000000004,0.042606,PER,CAN,610690
7137519,174,39,7690,1998,27283.0,0.0,-0.262725,-0.075781,PHL,CAN,610690
7137520,177,39,7690,1998,2494.0,0.0,0.8638309999999999,1.8881299999999999,POL,CAN,610690
7137521,186,39,7690,1998,0.0,1454.0,0.93909,0.59719,RUS,CAN,610690
7137522,192,39,7690,1998,63133.0,0.0,1.0029709999999998,0.506545,SGP,CAN,610690
7137523,216,39,7690,1998,4434.0,0.0,0.128633,1.484142,THA,CAN,610690
7137524,224,39,7690,1998,9714.0,0.0,0.085286,1.653589,TUR,CAN,610690
7137525,231,39,7690,1998,593643.0,85834.0,1.8223639999999999,0.761336,USA,CAN,610690
7137526,239,39,7690,1998,16386.0,0.0,-0.9395469999999999,0.060697,VNM,CAN,610690
7137527,246,39,7690,1998,9710.0,0.0,0.573958,1.3813739999999999,ZAF,CAN,610690
7137528,249,39,7690,1998,79611.0,1614.0,1.224725,1.890322,TWN,CAN,610690
7137529,250,39,7690,1998,16003.0,0.0,1.144164,1.187425,ANS,CAN,610690
7137530,15,41,7690,1998,15401.0,5059.0,1.891966,0.508137,AUT,CHE,610690
7137531,18,41,7690,1998,1955.0,4238.0,1.4740739999999999,1.2530430000000001,BEL,CHE,610690
7137532,39,41,7690,1998,0.0,1564.0,1.077343,1.119161,CAN,CHE,610690
7137533,43,41,7690,1998,403656.0,0.0,0.3658,3.231258,CHN,CHE,610690
7137534,61,41,7690,1998,481662.0,10189.0,2.334028,-2.417278,DEU,CHE,610690
7137535,64,41,7690,1998,61761.0,0.0,1.225999,1.470145,DNK,CHE,610690
7137536,71,41,7690,1998,38953.0,0.0,1.051392,1.983438,ESP,CHE,610690
7137537,74,41,7690,1998,0.0,1473.0,2.003987,0.995725,FIN,CHE,610690
7137538,77,41,7690,1998,52147.0,0.0,1.707702,0.7784270000000001,FRA,CHE,610690
7137539,81,41,7690,1998,405788.0,9604.0,1.906738,0.489101,GBR,CHE,610690
7137540,90,41,7690,1998,35045.0,1258.0,0.183835,1.1512790000000002,GRC,CHE,610690
7137541,97,41,7690,1998,154676.0,0.0,0.46966099999999994,2.5744029999999998,HKG,CHE,610690
7137542,102,41,7690,1998,11271.0,0.0,0.780392,1.450701,HUN,CHE,610690
7137543,103,41,7690,1998,31348.0,0.0,-0.478253,1.350652,IDN,CHE,610690
7137544,104,41,7690,1998,120498.0,0.0,0.274308,2.316908,IND,CHE,610690
7137545,110,41,7690,1998,41984.0,0.0,1.2643739999999999,0.958475,ISR,CHE,610690
7137546,111,41,7690,1998,245847.0,4056.0,1.4532209999999999,1.191124,ITA,CHE,610690
7137547,114,41,7690,1998,0.0,83109.0,2.550442,0.718063,JPN,CHE,610690
7137548,121,41,7690,1998,1501.0,0.0,0.999518,1.106351,KOR,CHE,610690
7137549,124,41,7690,1998,7555.0,588.0,0.23803200000000002,0.9927860000000001,LBN,CHE,610690
7137550,134,41,7690,1998,9927.0,0.0,-0.7299479999999999,-0.23758200000000002,MAR,CHE,610690
7137551,137,41,7690,1998,0.0,2513.0,-1.4121629999999998,-1.084394,MDV,CHE,610690
7137552,153,41,7690,1998,72435.0,0.0,0.396826,0.203792,MYS,CHE,610690
7137553,162,41,7690,1998,4640.0,4339.0,1.248469,1.683182,NLD,CHE,610690
7137554,163,41,7690,1998,0.0,2822.0,1.1660190000000001,0.43901899999999994,NOR,CHE,610690
7137555,179,41,7690,1998,43073.0,2894.0,0.39771999999999996,1.303603,PRT,CHE,610690
7137556,185,41,7690,1998,30866.0,0.0,0.315392,0.961176,ROU,CHE,610690
7137557,207,41,7690,1998,29998.0,27705.0,1.442955,1.27214,SVN,CHE,610690
7137558,208,41,7690,1998,7554.0,0.0,2.134076,0.9259729999999999,SWE,CHE,610690
7137559,224,41,7690,1998,3311.0,0.0,0.085286,1.653589,TUR,CHE,610690
7137560,226,41,7690,1998,0.0,739.0,-0.972823,-0.428149,TZA,CHE,610690
7137561,231,41,7690,1998,9602.0,20188.0,1.8223639999999999,0.761336,USA,CHE,610690
7137562,249,41,7690,1998,0.0,3031.0,1.224725,1.890322,TWN,CHE,610690
7137563,18,59,7690,1998,6302.0,18030.0,1.4740739999999999,1.2530430000000001,BEL,CZE,610690
7137564,43,59,7690,1998,53044.0,0.0,0.3658,3.231258,CHN,CZE,610690
7137565,61,59,7690,1998,3906.0,76138.0,2.334028,-2.417278,DEU,CZE,610690
7137566,64,59,7690,1998,2482.0,0.0,1.225999,1.470145,DNK,CZE,610690
7137567,71,59,7690,1998,0.0,1729.0,1.051392,1.983438,ESP,CZE,610690
7137568,77,59,7690,1998,5085.0,1732.0,1.707702,0.7784270000000001,FRA,CZE,610690
7137569,81,59,7690,1998,7595.0,0.0,1.906738,0.489101,GBR,CZE,610690
7137570,90,59,7690,1998,3135.0,0.0,0.183835,1.1512790000000002,GRC,CZE,610690
7137571,97,59,7690,1998,6435.0,0.0,0.46966099999999994,2.5744029999999998,HKG,CZE,610690
7137572,102,59,7690,1998,45631.0,0.0,0.780392,1.450701,HUN,CZE,610690
7137573,104,59,7690,1998,7704.0,0.0,0.274308,2.316908,IND,CZE,610690
7137574,107,59,7690,1998,51273.0,0.0,-0.6626029999999999,-1.0408959999999998,IRN,CZE,610690
7137575,111,59,7690,1998,3788.0,0.0,1.4532209999999999,1.191124,ITA,CZE,610690
7137576,121,59,7690,1998,882.0,0.0,0.999518,1.106351,KOR,CZE,610690
7137577,130,59,7690,1998,1131.0,7292.0,0.27073,0.692656,LTU,CZE,610690
7137578,163,59,7690,1998,0.0,1985.0,1.1660190000000001,0.43901899999999994,NOR,CZE,610690
7137579,177,59,7690,1998,107552.0,0.0,0.8638309999999999,1.8881299999999999,POL,CZE,610690
7137580,186,59,7690,1998,0.0,7702.0,0.93909,0.59719,RUS,CZE,610690
7137581,206,59,7690,1998,1557.0,8596.0,1.202453,1.228204,SVK,CZE,610690
7137582,224,59,7690,1998,3629.0,0.0,0.085286,1.653589,TUR,CZE,610690
7137583,239,59,7690,1998,10185.0,0.0,-0.9395469999999999,0.060697,VNM,CZE,610690
7137584,249,59,7690,1998,0.0,5716.0,1.224725,1.890322,TWN,CZE,610690
7137585,250,59,7690,1998,3956.0,0.0,1.144164,1.187425,ANS,CZE,610690
7137586,43,66,7690,1998,4297.0,0.0,0.3658,3.231258,CHN,DZA,610690
7137587,77,66,7690,1998,1329.0,0.0,1.707702,0.7784270000000001,FRA,DZA,610690
7137588,212,66,7690,1998,21234.0,0.0,-0.807312,-0.626358,SYR,DZA,610690
7137589,224,66,7690,1998,5739.0,0.0,0.085286,1.653589,TUR,DZA,610690
7137590,61,68,7690,1998,6732.0,0.0,2.334028,-2.417278,DEU,EGY,610690
7137591,111,68,7690,1998,7809.0,0.0,1.4532209999999999,1.191124,ITA,EGY,610690
7137592,113,68,7690,1998,0.0,1411.0,0.403009,-0.076366,JOR,EGY,610690
7137593,231,68,7690,1998,47018.0,0.0,1.8223639999999999,0.761336,USA,EGY,610690
7137594,61,72,7690,1998,31378.0,4012.0,2.334028,-2.417278,DEU,EST,610690
7137595,64,72,7690,1998,3541.0,0.0,1.225999,1.470145,DNK,EST,610690
7137596,74,72,7690,1998,20557.0,57168.0,2.003987,0.995725,FIN,EST,610690
7137597,81,72,7690,1998,1208.0,0.0,1.906738,0.489101,GBR,EST,610690
7137598,97,72,7690,1998,5657.0,0.0,0.46966099999999994,2.5744029999999998,HKG,EST,610690
7137599,104,72,7690,1998,3576.0,0.0,0.274308,2.316908,IND,EST,610690
7137600,111,72,7690,1998,2514.0,0.0,1.4532209999999999,1.191124,ITA,EST,610690
7137601,130,72,7690,1998,0.0,32731.0,0.27073,0.692656,LTU,EST,610690
7137602,132,72,7690,1998,2384.0,1174.0,0.322473,0.388421,LVA,EST,610690
7137603,163,72,7690,1998,0.0,3285.0,1.1660190000000001,0.43901899999999994,NOR,EST,610690
7137604,177,72,7690,1998,1732.0,0.0,0.8638309999999999,1.8881299999999999,POL,EST,610690
7137605,186,72,7690,1998,0.0,3121.0,0.93909,0.59719,RUS,EST,610690
7137606,208,72,7690,1998,14399.0,23364.0,2.134076,0.9259729999999999,SWE,EST,610690
7137607,224,72,7690,1998,2068.0,0.0,0.085286,1.653589,TUR,EST,610690
7137608,231,72,7690,1998,956.0,0.0,1.8223639999999999,0.761336,USA,EST,610690
7137609,29,83,7690,1998,0.0,244108.0,-0.103154,-0.580854,BLZ,GHA,610690
7137610,32,83,7690,1998,2531.0,0.0,0.768101,1.04589,BRA,GHA,610690
7137611,81,83,7690,1998,2013.0,0.0,1.906738,0.489101,GBR,GHA,610690
7137612,97,83,7690,1998,27813.0,0.0,0.46966099999999994,2.5744029999999998,HKG,GHA,610690
7137613,111,83,7690,1998,1465.0,0.0,1.4532209999999999,1.191124,ITA,GHA,610690
7137614,121,83,7690,1998,2126.0,0.0,0.999518,1.106351,KOR,GHA,610690
7137615,188,83,7690,1998,1456.0,0.0,0.521849,-0.7550899999999999,SAU,GHA,610690
7137616,215,83,7690,1998,0.0,4443.0,-0.8338540000000001,-0.8437020000000001,TGO,GHA,610690
7137617,216,83,7690,1998,16256.0,0.0,0.128633,1.484142,THA,GHA,610690
7137618,15,102,7690,1998,1029.0,30454.0,1.891966,0.508137,AUT,HUN,610690
7137619,18,102,7690,1998,0.0,149018.0,1.4740739999999999,1.2530430000000001,BEL,HUN,610690
7137620,23,102,7690,1998,0.0,27459.0,0.382782,1.5844479999999999,BGR,HUN,610690
7137621,39,102,7690,1998,0.0,2474.0,1.077343,1.119161,CAN,HUN,610690
7137622,41,102,7690,1998,0.0,11271.0,2.252965,0.561806,CHE,HUN,610690
7137623,43,102,7690,1998,191441.0,0.0,0.3658,3.231258,CHN,HUN,610690
7137624,59,102,7690,1998,0.0,45631.0,1.36345,1.408508,CZE,HUN,610690
7137625,61,102,7690,1998,8060.0,81263.0,2.334028,-2.417278,DEU,HUN,610690
7137626,77,102,7690,1998,9806.0,26150.0,1.707702,0.7784270000000001,FRA,HUN,610690
7137627,81,102,7690,1998,17127.0,0.0,1.906738,0.489101,GBR,HUN,610690
7137628,90,102,7690,1998,7296.0,0.0,0.183835,1.1512790000000002,GRC,HUN,610690
7137629,97,102,7690,1998,943.0,0.0,0.46966099999999994,2.5744029999999998,HKG,HUN,610690
7137630,100,102,7690,1998,0.0,1800.0,0.692779,0.9919530000000001,HRV,HUN,610690
7137631,111,102,7690,1998,87590.0,73923.0,1.4532209999999999,1.191124,ITA,HUN,610690
7137632,114,102,7690,1998,0.0,7275.0,2.550442,0.718063,JPN,HUN,610690
7137633,130,102,7690,1998,0.0,2745.0,0.27073,0.692656,LTU,HUN,610690
7137634,132,102,7690,1998,0.0,2734.0,0.322473,0.388421,LVA,HUN,610690
7137635,138,102,7690,1998,0.0,2140.0,0.525671,0.880649,MEX,HUN,610690
7137636,162,102,7690,1998,0.0,9694.0,1.248469,1.683182,NLD,HUN,610690
7137637,185,102,7690,1998,0.0,2874.0,0.315392,0.961176,ROU,HUN,610690
7137638,186,102,7690,1998,0.0,2845.0,0.93909,0.59719,RUS,HUN,610690
7137639,189,102,7690,1998,0.0,893.0,0.603733,1.535453,SCG,HUN,610690
7137640,206,102,7690,1998,0.0,2764.0,1.202453,1.228204,SVK,HUN,610690
7137641,207,102,7690,1998,0.0,886.0,1.442955,1.27214,SVN,HUN,610690
7137642,224,102,7690,1998,52636.0,18890.0,0.085286,1.653589,TUR,HUN,610690
7137643,228,102,7690,1998,911.0,0.0,0.880876,0.783668,UKR,HUN,610690
7137644,249,102,7690,1998,0.0,38734.0,1.224725,1.890322,TWN,HUN,610690
7137645,7,104,7690,1998,0.0,27024.0,-0.274973,-0.481405,ARE,IND,610690
7137646,14,104,7690,1998,0.0,22409.0,0.375317,0.8864629999999999,AUS,IND,610690
7137647,15,104,7690,1998,0.0,10592.0,1.891966,0.508137,AUT,IND,610690
7137648,18,104,7690,1998,0.0,49910.0,1.4740739999999999,1.2530430000000001,BEL,IND,610690
7137649,32,104,7690,1998,0.0,10261.0,0.768101,1.04589,BRA,IND,610690
7137650,39,104,7690,1998,0.0,102595.0,1.077343,1.119161,CAN,IND,610690
7137651,41,104,7690,1998,0.0,120498.0,2.252965,0.561806,CHE,IND,610690
7137652,43,104,7690,1998,161619.0,0.0,0.3658,3.231258,CHN,IND,610690
7137653,49,104,7690,1998,0.0,52235.0,0.205004,0.13985899999999998,COL,IND,610690
7137654,59,104,7690,1998,0.0,7704.0,1.36345,1.408508,CZE,IND,610690
7137655,61,104,7690,1998,0.0,306203.0,2.334028,-2.417278,DEU,IND,610690
7137656,64,104,7690,1998,0.0,86787.0,1.225999,1.470145,DNK,IND,610690
7137657,71,104,7690,1998,0.0,49412.0,1.051392,1.983438,ESP,IND,610690
7137658,72,104,7690,1998,0.0,3576.0,0.53408,1.07691,EST,IND,610690
7137659,73,104,7690,1998,0.0,3965.0,-1.279819,-1.158182,ETH,IND,610690
7137660,74,104,7690,1998,0.0,932.0,2.003987,0.995725,FIN,IND,610690
7137661,77,104,7690,1998,0.0,311913.0,1.707702,0.7784270000000001,FRA,IND,610690
7137662,78,104,7690,1998,0.0,3589.0,-0.6159899999999999,-0.828198,FRO,IND,610690
7137663,81,104,7690,1998,0.0,264482.0,1.906738,0.489101,GBR,IND,610690
7137664,97,104,7690,1998,38634.0,0.0,0.46966099999999994,2.5744029999999998,HKG,IND,610690
7137665,106,104,7690,1998,0.0,4741.0,1.451067,0.654442,IRL,IND,610690
7137666,109,104,7690,1998,0.0,1934.0,0.18141300000000002,-0.47993500000000006,ISL,IND,610690
7137667,110,104,7690,1998,0.0,31923.0,1.2643739999999999,0.958475,ISR,IND,610690
7137668,111,104,7690,1998,0.0,143634.0,1.4532209999999999,1.191124,ITA,IND,610690
7137669,114,104,7690,1998,0.0,61421.0,2.550442,0.718063,JPN,IND,610690
7137670,116,104,7690,1998,0.0,1068.0,-0.434978,0.10193300000000001,KEN,IND,610690
7137671,117,104,7690,1998,0.0,9992.0,0.11446500000000001,-0.24638000000000002,KGZ,IND,610690
7137672,121,104,7690,1998,0.0,11546.0,0.999518,1.106351,KOR,IND,610690
7137673,137,104,7690,1998,0.0,1880.0,-1.4121629999999998,-1.084394,MDV,IND,610690
7137674,138,104,7690,1998,0.0,5090.0,0.525671,0.880649,MEX,IND,610690
7137675,162,104,7690,1998,0.0,175995.0,1.248469,1.683182,NLD,IND,610690
7137676,163,104,7690,1998,0.0,33737.0,1.1660190000000001,0.43901899999999994,NOR,IND,610690
7137677,177,104,7690,1998,0.0,3681.0,0.8638309999999999,1.8881299999999999,POL,IND,610690
7137678,178,104,7690,1998,0.0,6002.0,0.7417239999999999,0.899826,PRK,IND,610690
7137679,186,104,7690,1998,0.0,33594.0,0.93909,0.59719,RUS,IND,610690
7137680,188,104,7690,1998,0.0,50102.0,0.521849,-0.7550899999999999,SAU,IND,610690
7137681,192,104,7690,1998,800.0,17333.0,1.0029709999999998,0.506545,SGP,IND,610690
7137682,208,104,7690,1998,0.0,24346.0,2.134076,0.9259729999999999,SWE,IND,610690
7137683,211,104,7690,1998,0.0,1111.0,0.265625,-0.590012,SYC,IND,610690
7137684,215,104,7690,1998,0.0,8734.0,-0.8338540000000001,-0.8437020000000001,TGO,IND,610690
7137685,216,104,7690,1998,73925.0,0.0,0.128633,1.484142,THA,IND,610690
7137686,222,104,7690,1998,0.0,2354.0,0.273917,-0.453996,TTO,IND,610690
7137687,231,104,7690,1998,0.0,1320549.0,1.8223639999999999,0.761336,USA,IND,610690
7137688,246,104,7690,1998,0.0,30822.0,0.573958,1.3813739999999999,ZAF,IND,610690
7137689,249,104,7690,1998,63552.0,13729.0,1.224725,1.890322,TWN,IND,610690
7137690,7,107,7690,1998,0.0,22687.0,-0.274973,-0.481405,ARE,IRN,610690
7137691,16,107,7690,1998,0.0,7299.0,0.344571,-0.321203,AZE,IRN,610690
7137692,59,107,7690,1998,0.0,51273.0,1.36345,1.408508,CZE,IRN,610690
7137693,61,107,7690,1998,953.0,49535.0,2.334028,-2.417278,DEU,IRN,610690
7137694,82,107,7690,1998,0.0,4442.0,0.644307,0.304707,GEO,IRN,610690
7137695,103,107,7690,1998,82819.0,0.0,-0.478253,1.350652,IDN,IRN,610690
7137696,115,107,7690,1998,0.0,1086.0,0.245507,-0.389842,KAZ,IRN,610690
7137697,153,107,7690,1998,0.0,1109.0,0.396826,0.203792,MYS,IRN,610690
7137698,219,107,7690,1998,0.0,19397.0,-0.379934,-0.878598,TKM,IRN,610690
7137699,250,107,7690,1998,0.0,10508.0,1.144164,1.187425,ANS,IRN,610690
7137700,58,113,7690,1998,881.0,0.0,0.45990600000000004,0.41840299999999997,CYP,JOR,610690
7137701,61,113,7690,1998,2788.0,0.0,2.334028,-2.417278,DEU,JOR,610690
7137702,68,113,7690,1998,1411.0,0.0,-0.462755,0.079802,EGY,JOR,610690
7137703,81,113,7690,1998,2573.0,0.0,1.906738,0.489101,GBR,JOR,610690
7137704,110,113,7690,1998,0.0,8703.0,1.2643739999999999,0.958475,ISR,JOR,610690
7137705,188,113,7690,1998,0.0,1697.0,0.521849,-0.7550899999999999,SAU,JOR,610690
7137706,216,113,7690,1998,16632.0,0.0,0.128633,1.484142,THA,JOR,610690
7137707,224,113,7690,1998,3598.0,0.0,0.085286,1.653589,TUR,JOR,610690
7137708,231,113,7690,1998,9135.0,0.0,1.8223639999999999,0.761336,USA,JOR,610690
7137709,249,113,7690,1998,10103.0,0.0,1.224725,1.890322,TWN,JOR,610690
7137710,250,113,7690,1998,0.0,5135.0,1.144164,1.187425,ANS,JOR,610690
7137711,14,114,7690,1998,1515.0,2806.0,0.375317,0.8864629999999999,AUS,JPN,610690
7137712,15,114,7690,1998,18123.0,0.0,1.891966,0.508137,AUT,JPN,610690
7137713,18,114,7690,1998,69228.0,0.0,1.4740739999999999,1.2530430000000001,BEL,JPN,610690
7137714,32,114,7690,1998,0.0,6193.0,0.768101,1.04589,BRA,JPN,610690
7137715,39,114,7690,1998,25652.0,0.0,1.077343,1.119161,CAN,JPN,610690
7137716,41,114,7690,1998,83109.0,0.0,2.252965,0.561806,CHE,JPN,610690
7137717,43,114,7690,1998,16447906.0,158353.0,0.3658,3.231258,CHN,JPN,610690
7137718,61,114,7690,1998,122388.0,6509.0,2.334028,-2.417278,DEU,JPN,610690
7137719,64,114,7690,1998,2022.0,0.0,1.225999,1.470145,DNK,JPN,610690
7137720,71,114,7690,1998,46309.0,1740.0,1.051392,1.983438,ESP,JPN,610690
7137721,74,114,7690,1998,6104.0,0.0,2.003987,0.995725,FIN,JPN,610690
7137722,77,114,7690,1998,58542.0,27201.0,1.707702,0.7784270000000001,FRA,JPN,610690
7137723,81,114,7690,1998,12124.0,5507.0,1.906738,0.489101,GBR,JPN,610690
7137724,97,114,7690,1998,502023.0,230785.0,0.46966099999999994,2.5744029999999998,HKG,JPN,610690
7137725,102,114,7690,1998,7275.0,0.0,0.780392,1.450701,HUN,JPN,610690
7137726,103,114,7690,1998,48211.0,0.0,-0.478253,1.350652,IDN,JPN,610690
7137727,104,114,7690,1998,61421.0,0.0,0.274308,2.316908,IND,JPN,610690
7137728,106,114,7690,1998,4144.0,0.0,1.451067,0.654442,IRL,JPN,610690
7137729,110,114,7690,1998,72115.0,0.0,1.2643739999999999,0.958475,ISR,JPN,610690
7137730,111,114,7690,1998,1455179.0,13517.0,1.4532209999999999,1.191124,ITA,JPN,610690
7137731,121,114,7690,1998,382908.0,20427.0,0.999518,1.106351,KOR,JPN,610690
7137732,133,114,7690,1998,16610.0,0.0,-0.21838000000000002,-0.370322,MAC,JPN,610690
7137733,138,114,7690,1998,0.0,44192.0,0.525671,0.880649,MEX,JPN,610690
7137734,145,114,7690,1998,2277.0,0.0,-0.605635,-0.9181520000000001,MNG,JPN,610690
7137735,151,114,7690,1998,3007.0,0.0,-0.621599,-0.755795,MUS,JPN,610690
7137736,153,114,7690,1998,15494.0,0.0,0.396826,0.203792,MYS,JPN,610690
7137737,162,114,7690,1998,13364.0,1020.0,1.248469,1.683182,NLD,JPN,610690
7137738,164,114,7690,1998,6276.0,0.0,-0.634124,-0.279031,NPL,JPN,610690
7137739,166,114,7690,1998,2959.0,2369.0,0.5690529999999999,0.7752060000000001,NZL,JPN,610690
7137740,174,114,7690,1998,6047.0,1213.0,-0.262725,-0.075781,PHL,JPN,610690
7137741,178,114,7690,1998,5056.0,5037.0,0.7417239999999999,0.899826,PRK,JPN,610690
7137742,179,114,7690,1998,15708.0,0.0,0.39771999999999996,1.303603,PRT,JPN,610690
7137743,192,114,7690,1998,3008.0,8906.0,1.0029709999999998,0.506545,SGP,JPN,610690
7137744,216,114,7690,1998,487441.0,0.0,0.128633,1.484142,THA,JPN,610690
7137745,224,114,7690,1998,12222.0,0.0,0.085286,1.653589,TUR,JPN,610690
7137746,231,114,7690,1998,1988423.0,25569.0,1.8223639999999999,0.761336,USA,JPN,610690
7137747,249,114,7690,1998,303259.0,168508.0,1.224725,1.890322,TWN,JPN,610690
7137748,15,130,7690,1998,0.0,714.0,1.891966,0.508137,AUT,LTU,610690
7137749,43,130,7690,1998,13877.0,0.0,0.3658,3.231258,CHN,LTU,610690
7137750,59,130,7690,1998,7292.0,1131.0,1.36345,1.408508,CZE,LTU,610690
7137751,61,130,7690,1998,8328.0,46037.0,2.334028,-2.417278,DEU,LTU,610690
7137752,64,130,7690,1998,58238.0,73561.0,1.225999,1.470145,DNK,LTU,610690
7137753,72,130,7690,1998,32731.0,0.0,0.53408,1.07691,EST,LTU,610690
7137754,74,130,7690,1998,63199.0,7243.0,2.003987,0.995725,FIN,LTU,610690
7137755,77,130,7690,1998,1888.0,4115.0,1.707702,0.7784270000000001,FRA,LTU,610690
7137756,81,130,7690,1998,2847.0,2415.0,1.906738,0.489101,GBR,LTU,610690
7137757,102,130,7690,1998,2745.0,0.0,0.780392,1.450701,HUN,LTU,610690
7137758,111,130,7690,1998,2286.0,0.0,1.4532209999999999,1.191124,ITA,LTU,610690
7137759,163,130,7690,1998,0.0,9501.0,1.1660190000000001,0.43901899999999994,NOR,LTU,610690
7137760,177,130,7690,1998,7483.0,0.0,0.8638309999999999,1.8881299999999999,POL,LTU,610690
7137761,186,130,7690,1998,0.0,208594.0,0.93909,0.59719,RUS,LTU,610690
7137762,208,130,7690,1998,0.0,2722.0,2.134076,0.9259729999999999,SWE,LTU,610690
7137763,224,130,7690,1998,10685.0,0.0,0.085286,1.653589,TUR,LTU,610690
7137764,231,130,7690,1998,1895.0,0.0,1.8223639999999999,0.761336,USA,LTU,610690
7137765,249,130,7690,1998,0.0,13844.0,1.224725,1.890322,TWN,LTU,610690
7137766,18,132,7690,1998,1035.0,0.0,1.4740739999999999,1.2530430000000001,BEL,LVA,610690
7137767,61,132,7690,1998,2020.0,0.0,2.334028,-2.417278,DEU,LVA,610690
7137768,64,132,7690,1998,0.0,7626.0,1.225999,1.470145,DNK,LVA,610690
7137769,72,132,7690,1998,1174.0,2384.0,0.53408,1.07691,EST,LVA,610690
7137770,74,132,7690,1998,0.0,4536.0,2.003987,0.995725,FIN,LVA,610690
7137771,77,132,7690,1998,8713.0,0.0,1.707702,0.7784270000000001,FRA,LVA,610690
7137772,81,132,7690,1998,19278.0,0.0,1.906738,0.489101,GBR,LVA,610690
7137773,102,132,7690,1998,2734.0,0.0,0.780392,1.450701,HUN,LVA,610690
7137774,103,132,7690,1998,7191.0,0.0,-0.478253,1.350652,IDN,LVA,610690
7137775,111,132,7690,1998,11160.0,0.0,1.4532209999999999,1.191124,ITA,LVA,610690
7137776,162,132,7690,1998,7138.0,0.0,1.248469,1.683182,NLD,LVA,610690
7137777,177,132,7690,1998,5206.0,0.0,0.8638309999999999,1.8881299999999999,POL,LVA,610690
7137778,250,132,7690,1998,5533.0,0.0,1.144164,1.187425,ANS,LVA,610690
7137779,43,142,7690,1998,3631.0,0.0,0.3658,3.231258,CHN,MLT,610690
7137780,71,142,7690,1998,22919.0,0.0,1.051392,1.983438,ESP,MLT,610690
7137781,81,142,7690,1998,7362536.0,15381.0,1.906738,0.489101,GBR,MLT,610690
7137782,90,142,7690,1998,5418.0,0.0,0.183835,1.1512790000000002,GRC,MLT,610690
7137783,97,142,7690,1998,3074.0,0.0,0.46966099999999994,2.5744029999999998,HKG,MLT,610690
7137784,103,142,7690,1998,1306.0,0.0,-0.478253,1.350652,IDN,MLT,610690
7137785,110,142,7690,1998,2972.0,0.0,1.2643739999999999,0.958475,ISR,MLT,610690
7137786,111,142,7690,1998,3761.0,0.0,1.4532209999999999,1.191124,ITA,MLT,610690
7137787,134,142,7690,1998,5356.0,0.0,-0.7299479999999999,-0.23758200000000002,MAR,MLT,610690
7137788,162,142,7690,1998,1846.0,0.0,1.248469,1.683182,NLD,MLT,610690
7137789,206,142,7690,1998,1645.0,0.0,1.202453,1.228204,SVK,MLT,610690
7137790,224,142,7690,1998,5893.0,0.0,0.085286,1.653589,TUR,MLT,610690
7137791,231,142,7690,1998,1099.0,0.0,1.8223639999999999,0.761336,USA,MLT,610690
7137792,249,142,7690,1998,1088.0,0.0,1.224725,1.890322,TWN,MLT,610690
7137793,246,152,7690,1998,1306.0,508940.0,0.573958,1.3813739999999999,ZAF,MWI,610690
7137794,81,167,7690,1998,10032.0,0.0,1.906738,0.489101,GBR,OMN,610690
7137795,216,167,7690,1998,1186.0,0.0,0.128633,1.484142,THA,OMN,610690
7137796,15,177,7690,1998,0.0,22668.0,1.891966,0.508137,AUT,POL,610690
7137797,18,177,7690,1998,126476.0,203132.0,1.4740739999999999,1.2530430000000001,BEL,POL,610690
7137798,28,177,7690,1998,0.0,17883.0,0.9122049999999999,1.161741,BLR,POL,610690
7137799,39,177,7690,1998,0.0,2494.0,1.077343,1.119161,CAN,POL,610690
7137800,43,177,7690,1998,172852.0,0.0,0.3658,3.231258,CHN,POL,610690
7137801,58,177,7690,1998,0.0,6558.0,0.45990600000000004,0.41840299999999997,CYP,POL,610690
7137802,59,177,7690,1998,0.0,107552.0,1.36345,1.408508,CZE,POL,610690
7137803,61,177,7690,1998,13063.0,246269.0,2.334028,-2.417278,DEU,POL,610690
7137804,64,177,7690,1998,159856.0,338554.0,1.225999,1.470145,DNK,POL,610690
7137805,71,177,7690,1998,0.0,2633.0,1.051392,1.983438,ESP,POL,610690
7137806,72,177,7690,1998,0.0,1732.0,0.53408,1.07691,EST,POL,610690
7137807,74,177,7690,1998,0.0,15584.0,2.003987,0.995725,FIN,POL,610690
7137808,77,177,7690,1998,9601.0,253265.0,1.707702,0.7784270000000001,FRA,POL,610690
7137809,78,177,7690,1998,0.0,1105.0,-0.6159899999999999,-0.828198,FRO,POL,610690
7137810,97,177,7690,1998,2253.0,0.0,0.46966099999999994,2.5744029999999998,HKG,POL,610690
7137811,104,177,7690,1998,3681.0,0.0,0.274308,2.316908,IND,POL,610690
7137812,109,177,7690,1998,0.0,1671.0,0.18141300000000002,-0.47993500000000006,ISL,POL,610690
7137813,110,177,7690,1998,0.0,10253.0,1.2643739999999999,0.958475,ISR,POL,610690
7137814,111,177,7690,1998,37276.0,12350.0,1.4532209999999999,1.191124,ITA,POL,610690
7137815,121,177,7690,1998,14434.0,0.0,0.999518,1.106351,KOR,POL,610690
7137816,130,177,7690,1998,0.0,7483.0,0.27073,0.692656,LTU,POL,610690
7137817,132,177,7690,1998,0.0,5206.0,0.322473,0.388421,LVA,POL,610690
7137818,135,177,7690,1998,9935.0,0.0,-0.112783,-0.276584,MDA,POL,610690
7137819,162,177,7690,1998,2351.0,329714.0,1.248469,1.683182,NLD,POL,610690
7137820,163,177,7690,1998,0.0,25811.0,1.1660190000000001,0.43901899999999994,NOR,POL,610690
7137821,186,177,7690,1998,0.0,6977.0,0.93909,0.59719,RUS,POL,610690
7137822,206,177,7690,1998,0.0,56639.0,1.202453,1.228204,SVK,POL,610690
7137823,208,177,7690,1998,4197.0,232864.0,2.134076,0.9259729999999999,SWE,POL,610690
7137824,224,177,7690,1998,315766.0,0.0,0.085286,1.653589,TUR,POL,610690
7137825,231,177,7690,1998,0.0,3781.0,1.8223639999999999,0.761336,USA,POL,610690
7137826,249,177,7690,1998,0.0,30738.0,1.224725,1.890322,TWN,POL,610690
7137827,250,177,7690,1998,164080.0,98209.0,1.144164,1.187425,ANS,POL,610690
7137828,15,185,7690,1998,0.0,43914.0,1.891966,0.508137,AUT,ROU,610690
7137829,18,185,7690,1998,1684.0,0.0,1.4740739999999999,1.2530430000000001,BEL,ROU,610690
7137830,41,185,7690,1998,0.0,30866.0,2.252965,0.561806,CHE,ROU,610690
7137831,43,185,7690,1998,18666.0,0.0,0.3658,3.231258,CHN,ROU,610690
7137832,58,185,7690,1998,0.0,938.0,0.45990600000000004,0.41840299999999997,CYP,ROU,610690
7137833,61,185,7690,1998,1973.0,9841.0,2.334028,-2.417278,DEU,ROU,610690
7137834,64,185,7690,1998,0.0,13155.0,1.225999,1.470145,DNK,ROU,610690
7137835,71,185,7690,1998,0.0,3533.0,1.051392,1.983438,ESP,ROU,610690
7137836,77,185,7690,1998,5705.0,30093.0,1.707702,0.7784270000000001,FRA,ROU,610690
7137837,81,185,7690,1998,0.0,10417.0,1.906738,0.489101,GBR,ROU,610690
7137838,90,185,7690,1998,1136.0,24407.0,0.183835,1.1512790000000002,GRC,ROU,610690
7137839,97,185,7690,1998,6139.0,0.0,0.46966099999999994,2.5744029999999998,HKG,ROU,610690
7137840,102,185,7690,1998,2874.0,0.0,0.780392,1.450701,HUN,ROU,610690
7137841,103,185,7690,1998,1794.0,0.0,-0.478253,1.350652,IDN,ROU,610690
7137842,106,185,7690,1998,0.0,856.0,1.451067,0.654442,IRL,ROU,610690
7137843,109,185,7690,1998,0.0,464.0,0.18141300000000002,-0.47993500000000006,ISL,ROU,610690
7137844,111,185,7690,1998,42049.0,143330.0,1.4532209999999999,1.191124,ITA,ROU,610690
7137845,162,185,7690,1998,0.0,946597.0,1.248469,1.683182,NLD,ROU,610690
7137846,163,185,7690,1998,0.0,14409.0,1.1660190000000001,0.43901899999999994,NOR,ROU,610690
7137847,208,185,7690,1998,0.0,40801.0,2.134076,0.9259729999999999,SWE,ROU,610690
7137848,224,185,7690,1998,11330.0,0.0,0.085286,1.653589,TUR,ROU,610690
7137849,231,185,7690,1998,0.0,3736.0,1.8223639999999999,0.761336,USA,ROU,610690
7137850,249,185,7690,1998,0.0,5519.0,1.224725,1.890322,TWN,ROU,610690
7137851,250,185,7690,1998,4345.0,0.0,1.144164,1.187425,ANS,ROU,610690
7137852,16,186,7690,1998,0.0,6626.0,0.344571,-0.321203,AZE,RUS,610690
7137853,28,186,7690,1998,84984.0,0.0,0.9122049999999999,1.161741,BLR,RUS,610690
7137854,39,186,7690,1998,1454.0,0.0,1.077343,1.119161,CAN,RUS,610690
7137855,43,186,7690,1998,68957.0,0.0,0.3658,3.231258,CHN,RUS,610690
7137856,59,186,7690,1998,7702.0,0.0,1.36345,1.408508,CZE,RUS,610690
7137857,61,186,7690,1998,91338.0,1181.0,2.334028,-2.417278,DEU,RUS,610690
7137858,64,186,7690,1998,6348.0,0.0,1.225999,1.470145,DNK,RUS,610690
7137859,71,186,7690,1998,36726.0,0.0,1.051392,1.983438,ESP,RUS,610690
7137860,72,186,7690,1998,3121.0,0.0,0.53408,1.07691,EST,RUS,610690
7137861,74,186,7690,1998,36633.0,0.0,2.003987,0.995725,FIN,RUS,610690
7137862,77,186,7690,1998,10124.0,0.0,1.707702,0.7784270000000001,FRA,RUS,610690
7137863,81,186,7690,1998,62116.0,0.0,1.906738,0.489101,GBR,RUS,610690
7137864,82,186,7690,1998,0.0,2451.0,0.644307,0.304707,GEO,RUS,610690
7137865,90,186,7690,1998,5137.0,0.0,0.183835,1.1512790000000002,GRC,RUS,610690
7137866,97,186,7690,1998,3809.0,0.0,0.46966099999999994,2.5744029999999998,HKG,RUS,610690
7137867,102,186,7690,1998,2845.0,0.0,0.780392,1.450701,HUN,RUS,610690
7137868,104,186,7690,1998,33594.0,0.0,0.274308,2.316908,IND,RUS,610690
7137869,110,186,7690,1998,0.0,1567.0,1.2643739999999999,0.958475,ISR,RUS,610690
7137870,111,186,7690,1998,77576.0,0.0,1.4532209999999999,1.191124,ITA,RUS,610690
7137871,115,186,7690,1998,0.0,10239.0,0.245507,-0.389842,KAZ,RUS,610690
7137872,121,186,7690,1998,842.0,0.0,0.999518,1.106351,KOR,RUS,610690
7137873,130,186,7690,1998,208594.0,0.0,0.27073,0.692656,LTU,RUS,610690
7137874,177,186,7690,1998,6977.0,0.0,0.8638309999999999,1.8881299999999999,POL,RUS,610690
7137875,179,186,7690,1998,6945.0,0.0,0.39771999999999996,1.303603,PRT,RUS,610690
7137876,208,186,7690,1998,9839.0,0.0,2.134076,0.9259729999999999,SWE,RUS,610690
7137877,224,186,7690,1998,71840.0,0.0,0.085286,1.653589,TUR,RUS,610690
7137878,231,186,7690,1998,0.0,600020.0,1.8223639999999999,0.761336,USA,RUS,610690
7137879,249,186,7690,1998,0.0,20788.0,1.224725,1.890322,TWN,RUS,610690
7137880,250,186,7690,1998,3255.0,0.0,1.144164,1.187425,ANS,RUS,610690
7137881,7,188,7690,1998,0.0,1884.0,-0.274973,-0.481405,ARE,SAU,610690
7137882,43,188,7690,1998,1185835.0,0.0,0.3658,3.231258,CHN,SAU,610690
7137883,61,188,7690,1998,13204.0,0.0,2.334028,-2.417278,DEU,SAU,610690
7137884,71,188,7690,1998,9326.0,0.0,1.051392,1.983438,ESP,SAU,610690
7137885,77,188,7690,1998,34168.0,0.0,1.707702,0.7784270000000001,FRA,SAU,610690
7137886,81,188,7690,1998,193565.0,0.0,1.906738,0.489101,GBR,SAU,610690
7137887,83,188,7690,1998,0.0,1456.0,-1.215123,-1.0427620000000002,GHA,SAU,610690
7137888,97,188,7690,1998,3300.0,0.0,0.46966099999999994,2.5744029999999998,HKG,SAU,610690
7137889,103,188,7690,1998,523710.0,0.0,-0.478253,1.350652,IDN,SAU,610690
7137890,104,188,7690,1998,50102.0,0.0,0.274308,2.316908,IND,SAU,610690
7137891,110,188,7690,1998,0.0,5562.0,1.2643739999999999,0.958475,ISR,SAU,610690
7137892,111,188,7690,1998,125249.0,0.0,1.4532209999999999,1.191124,ITA,SAU,610690
7137893,113,188,7690,1998,1697.0,0.0,0.403009,-0.076366,JOR,SAU,610690
7137894,121,188,7690,1998,5295.0,0.0,0.999518,1.106351,KOR,SAU,610690
7137895,122,188,7690,1998,2528.0,75741.0,0.037029,-1.054761,KWT,SAU,610690
7137896,124,188,7690,1998,18254.0,0.0,0.23803200000000002,0.9927860000000001,LBN,SAU,610690
7137897,128,188,7690,1998,3986.0,0.0,-0.933293,-0.233566,LKA,SAU,610690
7137898,134,188,7690,1998,1154.0,0.0,-0.7299479999999999,-0.23758200000000002,MAR,SAU,610690
7137899,168,188,7690,1998,6206.0,0.0,-0.9008149999999999,-0.448942,PAK,SAU,610690
7137900,212,188,7690,1998,118189.0,0.0,-0.807312,-0.626358,SYR,SAU,610690
7137901,216,188,7690,1998,59526.0,0.0,0.128633,1.484142,THA,SAU,610690
7137902,224,188,7690,1998,13972.0,0.0,0.085286,1.653589,TUR,SAU,610690
7137903,231,188,7690,1998,56693.0,0.0,1.8223639999999999,0.761336,USA,SAU,610690
7137904,239,188,7690,1998,3510.0,0.0,-0.9395469999999999,0.060697,VNM,SAU,610690
7137905,249,188,7690,1998,111156.0,0.0,1.224725,1.890322,TWN,SAU,610690
7137906,43,189,7690,1998,56127.0,0.0,0.3658,3.231258,CHN,SCG,610690
7137907,61,189,7690,1998,0.0,4015.0,2.334028,-2.417278,DEU,SCG,610690
7137908,102,189,7690,1998,893.0,0.0,0.780392,1.450701,HUN,SCG,610690
7137909,111,189,7690,1998,6242.0,4886.0,1.4532209999999999,1.191124,ITA,SCG,610690
7137910,162,189,7690,1998,2315.0,5878.0,1.248469,1.683182,NLD,SCG,610690
7137911,224,189,7690,1998,2100.0,0.0,0.085286,1.653589,TUR,SCG,610690
7137912,7,192,7690,1998,0.0,14076.0,-0.274973,-0.481405,ARE,SGP,610690
7137913,14,192,7690,1998,105746.0,2284.0,0.375317,0.8864629999999999,AUS,SGP,610690
7137914,18,192,7690,1998,1688.0,55264.0,1.4740739999999999,1.2530430000000001,BEL,SGP,610690
7137915,19,192,7690,1998,0.0,959.0,-0.8198,-0.8584780000000001,BEN,SGP,610690
7137916,22,192,7690,1998,122033.0,2560.0,-1.130729,-1.001385,BGD,SGP,610690
7137917,32,192,7690,1998,0.0,104290.0,0.768101,1.04589,BRA,SGP,610690
7137918,34,192,7690,1998,2422242.0,87904.0,-0.445218,-0.833083,BRN,SGP,610690
7137919,39,192,7690,1998,0.0,63133.0,1.077343,1.119161,CAN,SGP,610690
7137920,43,192,7690,1998,150006.0,0.0,0.3658,3.231258,CHN,SGP,610690
7137921,50,192,7690,1998,0.0,2710.0,0.242641,-0.6324069999999999,COM,SGP,610690
7137922,58,192,7690,1998,0.0,4461.0,0.45990600000000004,0.41840299999999997,CYP,SGP,610690
7137923,61,192,7690,1998,5751.0,95290.0,2.334028,-2.417278,DEU,SGP,610690
7137924,64,192,7690,1998,0.0,49369.0,1.225999,1.470145,DNK,SGP,610690
7137925,71,192,7690,1998,8439.0,0.0,1.051392,1.983438,ESP,SGP,610690
7137926,75,192,7690,1998,0.0,5393.0,-1.069747,-0.965333,FJI,SGP,610690
7137927,77,192,7690,1998,21839.0,65875.0,1.707702,0.7784270000000001,FRA,SGP,610690
7137928,81,192,7690,1998,11841.0,367350.0,1.906738,0.489101,GBR,SGP,610690
7137929,85,192,7690,1998,0.0,8950.0,-1.676035,-1.248894,GIN,SGP,610690
7137930,97,192,7690,1998,858381.0,15964.0,0.46966099999999994,2.5744029999999998,HKG,SGP,610690
7137931,103,192,7690,1998,314795.0,0.0,-0.478253,1.350652,IDN,SGP,610690
7137932,104,192,7690,1998,17333.0,800.0,0.274308,2.316908,IND,SGP,610690
7137933,106,192,7690,1998,0.0,79302.0,1.451067,0.654442,IRL,SGP,610690
7137934,110,192,7690,1998,0.0,5936.0,1.2643739999999999,0.958475,ISR,SGP,610690
7137935,111,192,7690,1998,41042.0,32829.0,1.4532209999999999,1.191124,ITA,SGP,610690
7137936,114,192,7690,1998,8906.0,3008.0,2.550442,0.718063,JPN,SGP,610690
7137937,118,192,7690,1998,411370.0,0.0,-1.626686,-1.307157,KHM,SGP,610690
7137938,121,192,7690,1998,24110.0,116476.0,0.999518,1.106351,KOR,SGP,610690
7137939,128,192,7690,1998,0.0,64188.0,-0.933293,-0.233566,LKA,SGP,610690
7137940,133,192,7690,1998,4783.0,0.0,-0.21838000000000002,-0.370322,MAC,SGP,610690
7137941,137,192,7690,1998,0.0,1236.0,-1.4121629999999998,-1.084394,MDV,SGP,610690
7137942,143,192,7690,1998,46598.0,0.0,-1.620365,-0.997957,MMR,SGP,610690
7137943,151,192,7690,1998,749427.0,0.0,-0.621599,-0.755795,MUS,SGP,610690
7137944,153,192,7690,1998,1257375.0,267104.0,0.396826,0.203792,MYS,SGP,610690
7137945,156,192,7690,1998,0.0,6347.0,-0.846726,-0.879084,NCL,SGP,610690
7137946,159,192,7690,1998,0.0,2186.0,-1.484229,-1.144092,NGA,SGP,610690
7137947,162,192,7690,1998,46037.0,62231.0,1.248469,1.683182,NLD,SGP,610690
7137948,166,192,7690,1998,0.0,9088.0,0.5690529999999999,0.7752060000000001,NZL,SGP,610690
7137949,168,192,7690,1998,33950.0,0.0,-0.9008149999999999,-0.448942,PAK,SGP,610690
7137950,176,192,7690,1998,0.0,2218.0,-2.060952,-1.237969,PNG,SGP,610690
7137951,182,192,7690,1998,0.0,35674.0,0.422645,-0.607595,PYF,SGP,610690
7137952,195,192,7690,1998,0.0,1607.0,-1.512541,-0.9275700000000001,SLB,SGP,610690
7137953,211,192,7690,1998,0.0,1135.0,0.265625,-0.590012,SYC,SGP,610690
7137954,216,192,7690,1998,22348.0,37193.0,0.128633,1.484142,THA,SGP,610690
7137955,231,192,7690,1998,64630.0,5641746.0,1.8223639999999999,0.761336,USA,SGP,610690
7137956,236,192,7690,1998,0.0,1090.0,0.288717,-0.540639,VEN,SGP,610690
7137957,239,192,7690,1998,88284.0,0.0,-0.9395469999999999,0.060697,VNM,SGP,610690
7137958,240,192,7690,1998,0.0,16429.0,-1.176751,-0.9141819999999999,VUT,SGP,610690
7137959,246,192,7690,1998,52793.0,82153.0,0.573958,1.3813739999999999,ZAF,SGP,610690
7137960,249,192,7690,1998,116530.0,40722.0,1.224725,1.890322,TWN,SGP,610690
7137961,250,192,7690,1998,0.0,6142.0,1.144164,1.187425,ANS,SGP,610690
7137962,15,206,7690,1998,1935.0,5158.0,1.891966,0.508137,AUT,SVK,610690
7137963,59,206,7690,1998,8596.0,1557.0,1.36345,1.408508,CZE,SVK,610690
7137964,61,206,7690,1998,2269.0,0.0,2.334028,-2.417278,DEU,SVK,610690
7137965,77,206,7690,1998,0.0,13164.0,1.707702,0.7784270000000001,FRA,SVK,610690
7137966,81,206,7690,1998,6772.0,0.0,1.906738,0.489101,GBR,SVK,610690
7137967,102,206,7690,1998,2764.0,0.0,0.780392,1.450701,HUN,SVK,610690
7137968,111,206,7690,1998,7712.0,0.0,1.4532209999999999,1.191124,ITA,SVK,610690
7137969,142,206,7690,1998,0.0,1645.0,0.919593,-0.071451,MLT,SVK,610690
7137970,177,206,7690,1998,56639.0,0.0,0.8638309999999999,1.8881299999999999,POL,SVK,610690
7137971,224,206,7690,1998,1123.0,0.0,0.085286,1.653589,TUR,SVK,610690
7137972,61,228,7690,1998,5887.0,205920.0,2.334028,-2.417278,DEU,UKR,610690
7137973,81,228,7690,1998,9023.0,0.0,1.906738,0.489101,GBR,UKR,610690
7137974,102,228,7690,1998,0.0,911.0,0.780392,1.450701,HUN,UKR,610690
7137975,111,228,7690,1998,1235.0,0.0,1.4532209999999999,1.191124,ITA,UKR,610690
7137976,135,228,7690,1998,1169.0,0.0,-0.112783,-0.276584,MDA,UKR,610690
7137977,224,228,7690,1998,10321.0,0.0,0.085286,1.653589,TUR,UKR,610690
7137978,231,228,7690,1998,2619.0,88573.0,1.8223639999999999,0.761336,USA,UKR,610690
7137979,7,249,7690,1998,0.0,152264.0,-0.274973,-0.481405,ARE,TWN,610690
7137980,14,249,7690,1998,1348.0,20465.0,0.375317,0.8864629999999999,AUS,TWN,610690
7137981,15,249,7690,1998,2174.0,0.0,1.891966,0.508137,AUT,TWN,610690
7137982,18,249,7690,1998,8403.0,0.0,1.4740739999999999,1.2530430000000001,BEL,TWN,610690
7137983,24,249,7690,1998,0.0,55331.0,-0.044219,-0.859931,BHR,TWN,610690
7137984,34,249,7690,1998,0.0,1565.0,-0.445218,-0.833083,BRN,TWN,610690
7137985,39,249,7690,1998,1614.0,79611.0,1.077343,1.119161,CAN,TWN,610690
7137986,41,249,7690,1998,3031.0,0.0,2.252965,0.561806,CHE,TWN,610690
7137987,43,249,7690,1998,229068.0,0.0,0.3658,3.231258,CHN,TWN,610690
7137988,52,249,7690,1998,0.0,883.0,-0.26046199999999997,-0.059391,CRI,TWN,610690
7137989,59,249,7690,1998,5716.0,0.0,1.36345,1.408508,CZE,TWN,610690
7137990,61,249,7690,1998,64050.0,20385.0,2.334028,-2.417278,DEU,TWN,610690
7137991,62,249,7690,1998,0.0,23038.0,0.521307,-0.071371,DJI,TWN,610690
7137992,71,249,7690,1998,8440.0,2418.0,1.051392,1.983438,ESP,TWN,610690
7137993,77,249,7690,1998,127279.0,7194.0,1.707702,0.7784270000000001,FRA,TWN,610690
7137994,81,249,7690,1998,380850.0,0.0,1.906738,0.489101,GBR,TWN,610690
7137995,97,249,7690,1998,5185376.0,197985.0,0.46966099999999994,2.5744029999999998,HKG,TWN,610690
7137996,100,249,7690,1998,9869.0,0.0,0.692779,0.9919530000000001,HRV,TWN,610690
7137997,102,249,7690,1998,38734.0,0.0,0.780392,1.450701,HUN,TWN,610690
7137998,103,249,7690,1998,79018.0,2530.0,-0.478253,1.350652,IDN,TWN,610690
7137999,104,249,7690,1998,13729.0,63552.0,0.274308,2.316908,IND,TWN,610690
7138000,106,249,7690,1998,2427.0,1789.0,1.451067,0.654442,IRL,TWN,610690
7138001,110,249,7690,1998,6299.0,267355.0,1.2643739999999999,0.958475,ISR,TWN,610690
7138002,111,249,7690,1998,152190.0,0.0,1.4532209999999999,1.191124,ITA,TWN,610690
7138003,113,249,7690,1998,0.0,10103.0,0.403009,-0.076366,JOR,TWN,610690
7138004,114,249,7690,1998,168508.0,303259.0,2.550442,0.718063,JPN,TWN,610690
7138005,121,249,7690,1998,16910.0,0.0,0.999518,1.106351,KOR,TWN,610690
7138006,122,249,7690,1998,0.0,48405.0,0.037029,-1.054761,KWT,TWN,610690
7138007,128,249,7690,1998,32343.0,0.0,-0.933293,-0.233566,LKA,TWN,610690
7138008,130,249,7690,1998,13844.0,0.0,0.27073,0.692656,LTU,TWN,610690
7138009,133,249,7690,1998,565996.0,0.0,-0.21838000000000002,-0.370322,MAC,TWN,610690
7138010,134,249,7690,1998,10038.0,0.0,-0.7299479999999999,-0.23758200000000002,MAR,TWN,610690
7138011,138,249,7690,1998,4240.0,305497.0,0.525671,0.880649,MEX,TWN,610690
7138012,142,249,7690,1998,0.0,1088.0,0.919593,-0.071451,MLT,TWN,610690
7138013,153,249,7690,1998,24738.0,0.0,0.396826,0.203792,MYS,TWN,610690
7138014,163,249,7690,1998,0.0,1371.0,1.1660190000000001,0.43901899999999994,NOR,TWN,610690
7138015,166,249,7690,1998,0.0,19235.0,0.5690529999999999,0.7752060000000001,NZL,TWN,610690
7138016,174,249,7690,1998,23553.0,1621.0,-0.262725,-0.075781,PHL,TWN,610690
7138017,177,249,7690,1998,30738.0,0.0,0.8638309999999999,1.8881299999999999,POL,TWN,610690
7138018,179,249,7690,1998,24606.0,0.0,0.39771999999999996,1.303603,PRT,TWN,610690
7138019,185,249,7690,1998,5519.0,0.0,0.315392,0.961176,ROU,TWN,610690
7138020,186,249,7690,1998,20788.0,0.0,0.93909,0.59719,RUS,TWN,610690
7138021,188,249,7690,1998,0.0,111156.0,0.521849,-0.7550899999999999,SAU,TWN,610690
7138022,192,249,7690,1998,40722.0,116530.0,1.0029709999999998,0.506545,SGP,TWN,610690
7138023,207,249,7690,1998,2706.0,0.0,1.442955,1.27214,SVN,TWN,610690
7138024,215,249,7690,1998,7484.0,0.0,-0.8338540000000001,-0.8437020000000001,TGO,TWN,610690
7138025,216,249,7690,1998,27072.0,3577.0,0.128633,1.484142,THA,TWN,610690
7138026,224,249,7690,1998,5165.0,0.0,0.085286,1.653589,TUR,TWN,610690
7138027,231,249,7690,1998,20508.0,2747143.0,1.8223639999999999,0.761336,USA,TWN,610690
7138028,236,249,7690,1998,0.0,1943.0,0.288717,-0.540639,VEN,TWN,610690
7138029,239,249,7690,1998,112220.0,0.0,-0.9395469999999999,0.060697,VNM,TWN,610690
7138030,246,249,7690,1998,0.0,13289.0,0.573958,1.3813739999999999,ZAF,TWN,610690
7138031,250,249,7690,1998,26430.0,7716.0,1.144164,1.187425,ANS,TWN,610690
7138032,32,8,7690,1998,26907.0,19875.0,0.768101,1.04589,BRA,ARG,610690
7138033,42,8,7690,1998,0.0,5312.0,0.029706,-0.061149,CHL,ARG,610690
7138034,43,8,7690,1998,14276.0,0.0,0.3658,3.231258,CHN,ARG,610690
7138035,61,8,7690,1998,999.0,0.0,2.334028,-2.417278,DEU,ARG,610690
7138036,77,8,7690,1998,2975.0,6941.0,1.707702,0.7784270000000001,FRA,ARG,610690
7138037,81,8,7690,1998,3579.0,0.0,1.906738,0.489101,GBR,ARG,610690
7138038,97,8,7690,1998,5249.0,0.0,0.46966099999999994,2.5744029999999998,HKG,ARG,610690
7138039,111,8,7690,1998,4976.0,0.0,1.4532209999999999,1.191124,ITA,ARG,610690
7138040,231,8,7690,1998,10075.0,0.0,1.8223639999999999,0.761336,USA,ARG,610690
7138041,8,42,7690,1998,5312.0,0.0,0.272015,0.45031099999999996,ARG,CHL,610690
7138042,31,42,7690,1998,0.0,1846.0,-0.49860699999999997,-0.748521,BOL,CHL,610690
7138043,32,42,7690,1998,4025.0,0.0,0.768101,1.04589,BRA,CHL,610690
7138044,43,42,7690,1998,89203.0,0.0,0.3658,3.231258,CHN,CHL,610690
7138045,61,42,7690,1998,3877.0,0.0,2.334028,-2.417278,DEU,CHL,610690
7138046,64,42,7690,1998,10611.0,0.0,1.225999,1.470145,DNK,CHL,610690
7138047,71,42,7690,1998,33611.0,0.0,1.051392,1.983438,ESP,CHL,610690
7138048,77,42,7690,1998,5016.0,0.0,1.707702,0.7784270000000001,FRA,CHL,610690
7138049,97,42,7690,1998,4511.0,0.0,0.46966099999999994,2.5744029999999998,HKG,CHL,610690
7138050,111,42,7690,1998,99611.0,0.0,1.4532209999999999,1.191124,ITA,CHL,610690
7138051,138,42,7690,1998,0.0,12358.0,0.525671,0.880649,MEX,CHL,610690
7138052,224,42,7690,1998,1625.0,0.0,0.085286,1.653589,TUR,CHL,610690
7138053,231,42,7690,1998,26083.0,0.0,1.8223639999999999,0.761336,USA,CHL,610690
7138054,250,42,7690,1998,2724.0,0.0,1.144164,1.187425,ANS,CHL,610690
7138055,81,44,7690,1998,30912.0,0.0,1.906738,0.489101,GBR,CIV,610690
7138056,77,80,7690,1998,20508.0,0.0,1.707702,0.7784270000000001,FRA,GAB,610690
7138057,246,80,7690,1998,1848.0,0.0,0.573958,1.3813739999999999,ZAF,GAB,610690
7138058,103,85,7690,1998,3032.0,0.0,-0.478253,1.350652,IDN,GIN,610690
7138059,192,85,7690,1998,8950.0,0.0,1.0029709999999998,0.506545,SGP,GIN,610690
7138060,231,85,7690,1998,26049.0,0.0,1.8223639999999999,0.761336,USA,GIN,610690
7138061,71,116,7690,1998,1487.0,0.0,1.051392,1.983438,ESP,KEN,610690
7138062,77,116,7690,1998,1985.0,0.0,1.707702,0.7784270000000001,FRA,KEN,610690
7138063,81,116,7690,1998,6596.0,0.0,1.906738,0.489101,GBR,KEN,610690
7138064,97,116,7690,1998,2492.0,0.0,0.46966099999999994,2.5744029999999998,HKG,KEN,610690
7138065,104,116,7690,1998,1068.0,0.0,0.274308,2.316908,IND,KEN,610690
7138066,111,116,7690,1998,1036.0,0.0,1.4532209999999999,1.191124,ITA,KEN,610690
7138067,216,116,7690,1998,1120.0,1247.0,0.128633,1.484142,THA,KEN,610690
7138068,227,116,7690,1998,0.0,18799.0,-0.996762,-1.01326,UGA,KEN,610690
7138069,246,116,7690,1998,5042.0,0.0,0.573958,1.3813739999999999,ZAF,KEN,610690
7138070,15,134,7690,1998,0.0,6849.0,1.891966,0.508137,AUT,MAR,610690
7138071,18,134,7690,1998,0.0,4067.0,1.4740739999999999,1.2530430000000001,BEL,MAR,610690
7138072,41,134,7690,1998,0.0,9927.0,2.252965,0.561806,CHE,MAR,610690
7138073,43,134,7690,1998,11276.0,0.0,0.3658,3.231258,CHN,MAR,610690
7138074,61,134,7690,1998,830.0,25939.0,2.334028,-2.417278,DEU,MAR,610690
7138075,71,134,7690,1998,0.0,15599.0,1.051392,1.983438,ESP,MAR,610690
7138076,77,134,7690,1998,3164.0,382682.0,1.707702,0.7784270000000001,FRA,MAR,610690
7138077,81,134,7690,1998,0.0,52804.0,1.906738,0.489101,GBR,MAR,610690
7138078,111,134,7690,1998,2105.0,2322.0,1.4532209999999999,1.191124,ITA,MAR,610690
7138079,124,134,7690,1998,0.0,3918.0,0.23803200000000002,0.9927860000000001,LBN,MAR,610690
7138080,142,134,7690,1998,0.0,5356.0,0.919593,-0.071451,MLT,MAR,610690
7138081,162,134,7690,1998,13042.0,13550.0,1.248469,1.683182,NLD,MAR,610690
7138082,163,134,7690,1998,0.0,9151.0,1.1660190000000001,0.43901899999999994,NOR,MAR,610690
7138083,188,134,7690,1998,0.0,1154.0,0.521849,-0.7550899999999999,SAU,MAR,610690
7138084,249,134,7690,1998,0.0,10038.0,1.224725,1.890322,TWN,MAR,610690
7138085,43,159,7690,1998,20299.0,0.0,0.3658,3.231258,CHN,NGA,610690
7138086,81,159,7690,1998,2299.0,0.0,1.906738,0.489101,GBR,NGA,610690
7138087,111,159,7690,1998,7679.0,0.0,1.4532209999999999,1.191124,ITA,NGA,610690
7138088,192,159,7690,1998,2186.0,0.0,1.0029709999999998,0.506545,SGP,NGA,610690
7138089,15,223,7690,1998,0.0,3854.0,1.891966,0.508137,AUT,TUN,610690
7138090,18,223,7690,1998,0.0,8619.0,1.4740739999999999,1.2530430000000001,BEL,TUN,610690
7138091,43,223,7690,1998,3685.0,0.0,0.3658,3.231258,CHN,TUN,610690
7138092,61,223,7690,1998,961.0,47633.0,2.334028,-2.417278,DEU,TUN,610690
7138093,71,223,7690,1998,0.0,1700.0,1.051392,1.983438,ESP,TUN,610690
7138094,74,223,7690,1998,0.0,2066.0,2.003987,0.995725,FIN,TUN,610690
7138095,77,223,7690,1998,1034.0,54570.0,1.707702,0.7784270000000001,FRA,TUN,610690
7138096,111,223,7690,1998,5500.0,45367.0,1.4532209999999999,1.191124,ITA,TUN,610690
7138097,124,223,7690,1998,0.0,2200.0,0.23803200000000002,0.9927860000000001,LBN,TUN,610690
7138098,162,223,7690,1998,0.0,1220123.0,1.248469,1.683182,NLD,TUN,610690
7138099,208,223,7690,1998,0.0,79171.0,2.134076,0.9259729999999999,SWE,TUN,610690
7138100,224,223,7690,1998,62133.0,0.0,0.085286,1.653589,TUR,TUN,610690
7138101,250,223,7690,1998,8051.0,0.0,1.144164,1.187425,ANS,TUN,610690
7138102,41,226,7690,1998,739.0,0.0,2.252965,0.561806,CHE,TZA,610690
7138103,97,226,7690,1998,2853.0,0.0,0.46966099999999994,2.5744029999999998,HKG,TZA,610690
7138104,103,226,7690,1998,1004.0,0.0,-0.478253,1.350652,IDN,TZA,610690
7138105,216,226,7690,1998,1725.0,0.0,0.128633,1.484142,THA,TZA,610690
7138106,247,226,7690,1998,0.0,965.0,-0.383126,-0.501498,ZMB,TZA,610690
7138107,32,230,7690,1998,54035.0,17954.0,0.768101,1.04589,BRA,URY,610690
7138108,43,230,7690,1998,3143.0,0.0,0.3658,3.231258,CHN,URY,610690
7138109,71,230,7690,1998,1921.0,0.0,1.051392,1.983438,ESP,URY,610690
7138110,97,230,7690,1998,7477.0,0.0,0.46966099999999994,2.5744029999999998,HKG,URY,610690
7138111,110,230,7690,1998,721.0,0.0,1.2643739999999999,0.958475,ISR,URY,610690
7138112,111,230,7690,1998,1083.0,0.0,1.4532209999999999,1.191124,ITA,URY,610690
7138113,231,230,7690,1998,4452.0,0.0,1.8223639999999999,0.761336,USA,URY,610690
7138114,2,246,7690,1998,0.0,13241.0,-1.679223,-1.213275,AGO,ZAF,610690
7138115,7,246,7690,1998,5381.0,275174.0,-0.274973,-0.481405,ARE,ZAF,610690
7138116,18,246,7690,1998,1094.0,0.0,1.4740739999999999,1.2530430000000001,BEL,ZAF,610690
7138117,24,246,7690,1998,0.0,4771.0,-0.044219,-0.859931,BHR,ZAF,610690
7138118,39,246,7690,1998,0.0,9710.0,1.077343,1.119161,CAN,ZAF,610690
7138119,43,246,7690,1998,46836.0,0.0,0.3658,3.231258,CHN,ZAF,610690
7138120,61,246,7690,1998,10545.0,0.0,2.334028,-2.417278,DEU,ZAF,610690
7138121,65,246,7690,1998,1701.0,0.0,-0.772271,-0.765258,DOM,ZAF,610690
7138122,77,246,7690,1998,133214.0,15496.0,1.707702,0.7784270000000001,FRA,ZAF,610690
7138123,80,246,7690,1998,0.0,1848.0,-1.122225,-1.148066,GAB,ZAF,610690
7138124,81,246,7690,1998,12344.0,15415.0,1.906738,0.489101,GBR,ZAF,610690
7138125,97,246,7690,1998,21863.0,984.0,0.46966099999999994,2.5744029999999998,HKG,ZAF,610690
7138126,103,246,7690,1998,1259.0,0.0,-0.478253,1.350652,IDN,ZAF,610690
7138127,104,246,7690,1998,30822.0,0.0,0.274308,2.316908,IND,ZAF,610690
7138128,106,246,7690,1998,1018.0,0.0,1.451067,0.654442,IRL,ZAF,610690
7138129,110,246,7690,1998,854.0,0.0,1.2643739999999999,0.958475,ISR,ZAF,610690
7138130,111,246,7690,1998,15472.0,1559.0,1.4532209999999999,1.191124,ITA,ZAF,610690
7138131,116,246,7690,1998,0.0,5042.0,-0.434978,0.10193300000000001,KEN,ZAF,610690
7138132,121,246,7690,1998,3383.0,0.0,0.999518,1.106351,KOR,ZAF,610690
7138133,147,246,7690,1998,0.0,6833.0,-0.6813279999999999,-0.916391,MOZ,ZAF,610690
7138134,151,246,7690,1998,0.0,1447.0,-0.621599,-0.755795,MUS,ZAF,610690
7138135,152,246,7690,1998,508940.0,1306.0,-1.436242,-1.278929,MWI,ZAF,610690
7138136,192,246,7690,1998,82153.0,52793.0,1.0029709999999998,0.506545,SGP,ZAF,610690
7138137,208,246,7690,1998,0.0,7819.0,2.134076,0.9259729999999999,SWE,ZAF,610690
7138138,216,246,7690,1998,45002.0,0.0,0.128633,1.484142,THA,ZAF,610690
7138139,231,246,7690,1998,22698.0,218558.0,1.8223639999999999,0.761336,USA,ZAF,610690
7138140,239,246,7690,1998,11113.0,0.0,-0.9395469999999999,0.060697,VNM,ZAF,610690
7138141,247,246,7690,1998,0.0,13131.0,-0.383126,-0.501498,ZMB,ZAF,610690
7138142,248,246,7690,1998,0.0,1935.0,-0.49939399999999995,-0.430733,ZWE,ZAF,610690
7138143,249,246,7690,1998,13289.0,0.0,1.224725,1.890322,TWN,ZAF,610690
7138144,250,246,7690,1998,1687.0,0.0,1.144164,1.187425,ANS,ZAF,610690
7138145,226,247,7690,1998,965.0,0.0,-0.972823,-0.428149,TZA,ZMB,610690
7138146,246,247,7690,1998,13131.0,0.0,0.573958,1.3813739999999999,ZAF,ZMB,610690
7138147,222,91,7690,1998,1753.0,0.0,0.273917,-0.453996,TTO,GRD,610690
7138148,234,91,7690,1998,1942.0,0.0,0.22166,-0.331633,VCT,GRD,610690
7138149,23,145,7690,1998,646.0,0.0,0.382782,1.5844479999999999,BGR,MNG,610690
7138150,114,145,7690,1998,0.0,2277.0,2.550442,0.718063,JPN,MNG,610690
7138151,18,58,7690,1998,0.0,1229.0,1.4740739999999999,1.2530430000000001,BEL,CYP,610690
7138152,43,58,7690,1998,11539.0,0.0,0.3658,3.231258,CHN,CYP,610690
7138153,61,58,7690,1998,993.0,13373.0,2.334028,-2.417278,DEU,CYP,610690
7138154,71,58,7690,1998,88979.0,0.0,1.051392,1.983438,ESP,CYP,610690
7138155,77,58,7690,1998,79113.0,0.0,1.707702,0.7784270000000001,FRA,CYP,610690
7138156,81,58,7690,1998,54245.0,18293.0,1.906738,0.489101,GBR,CYP,610690
7138157,90,58,7690,1998,276468.0,3745.0,0.183835,1.1512790000000002,GRC,CYP,610690
7138158,97,58,7690,1998,21446.0,0.0,0.46966099999999994,2.5744029999999998,HKG,CYP,610690
7138159,106,58,7690,1998,0.0,3534.0,1.451067,0.654442,IRL,CYP,610690
7138160,110,58,7690,1998,0.0,1310.0,1.2643739999999999,0.958475,ISR,CYP,610690
7138161,111,58,7690,1998,28553.0,0.0,1.4532209999999999,1.191124,ITA,CYP,610690
7138162,113,58,7690,1998,0.0,881.0,0.403009,-0.076366,JOR,CYP,610690
7138163,121,58,7690,1998,6478.0,0.0,0.999518,1.106351,KOR,CYP,610690
7138164,177,58,7690,1998,6558.0,0.0,0.8638309999999999,1.8881299999999999,POL,CYP,610690
7138165,185,58,7690,1998,938.0,0.0,0.315392,0.961176,ROU,CYP,610690
7138166,192,58,7690,1998,4461.0,0.0,1.0029709999999998,0.506545,SGP,CYP,610690
7138167,224,58,7690,1998,13023.0,0.0,0.085286,1.653589,TUR,CYP,610690
7138168,231,58,7690,1998,3753.0,0.0,1.8223639999999999,0.761336,USA,CYP,610690
7138169,250,58,7690,1998,7596.0,49779.0,1.144164,1.187425,ANS,CYP,610690
7138170,43,82,7690,1998,26585.0,0.0,0.3658,3.231258,CHN,GEO,610690
7138171,71,82,7690,1998,3549.0,0.0,1.051392,1.983438,ESP,GEO,610690
7138172,107,82,7690,1998,4442.0,0.0,-0.6626029999999999,-1.0408959999999998,IRN,GEO,610690
7138173,186,82,7690,1998,2451.0,0.0,0.93909,0.59719,RUS,GEO,610690
7138174,15,100,7690,1998,5787.0,923.0,1.891966,0.508137,AUT,HRV,610690
7138175,26,100,7690,1998,0.0,13242.0,0.290661,0.18068299999999998,BIH,HRV,610690
7138176,61,100,7690,1998,5828.0,77842.0,2.334028,-2.417278,DEU,HRV,610690
7138177,71,100,7690,1998,1179.0,0.0,1.051392,1.983438,ESP,HRV,610690
7138178,81,100,7690,1998,43532.0,0.0,1.906738,0.489101,GBR,HRV,610690
7138179,102,100,7690,1998,1800.0,0.0,0.780392,1.450701,HUN,HRV,610690
7138180,111,100,7690,1998,48500.0,0.0,1.4532209999999999,1.191124,ITA,HRV,610690
7138181,207,100,7690,1998,1995.0,0.0,1.442955,1.27214,SVN,HRV,610690
7138182,224,100,7690,1998,1780.0,0.0,0.085286,1.653589,TUR,HRV,610690
7138183,249,100,7690,1998,0.0,9869.0,1.224725,1.890322,TWN,HRV,610690
7138184,111,135,7690,1998,4048.0,0.0,1.4532209999999999,1.191124,ITA,MDA,610690
7138185,177,135,7690,1998,0.0,9935.0,0.8638309999999999,1.8881299999999999,POL,MDA,610690
7138186,224,135,7690,1998,1756.0,0.0,0.085286,1.653589,TUR,MDA,610690
7138187,228,135,7690,1998,0.0,1169.0,0.880876,0.783668,UKR,MDA,610690
7138188,231,135,7690,1998,0.0,23382.0,1.8223639999999999,0.761336,USA,MDA,610690
7138189,43,140,7690,1998,596.0,0.0,0.3658,3.231258,CHN,MKD,610690
7138190,61,140,7690,1998,1886.0,4870.0,2.334028,-2.417278,DEU,MKD,610690
7138191,90,140,7690,1998,10934.0,19433.0,0.183835,1.1512790000000002,GRC,MKD,610690
7138192,111,140,7690,1998,6278.0,0.0,1.4532209999999999,1.191124,ITA,MKD,610690
7138193,224,140,7690,1998,84783.0,0.0,0.085286,1.653589,TUR,MKD,610690
7138194,15,207,7690,1998,5461.0,8386.0,1.891966,0.508137,AUT,SVN,610690
7138195,41,207,7690,1998,27705.0,29998.0,2.252965,0.561806,CHE,SVN,610690
7138196,43,207,7690,1998,1676.0,0.0,0.3658,3.231258,CHN,SVN,610690
7138197,61,207,7690,1998,6789.0,91360.0,2.334028,-2.417278,DEU,SVN,610690
7138198,90,207,7690,1998,2462.0,0.0,0.183835,1.1512790000000002,GRC,SVN,610690
7138199,100,207,7690,1998,0.0,1995.0,0.692779,0.9919530000000001,HRV,SVN,610690
7138200,102,207,7690,1998,886.0,0.0,0.780392,1.450701,HUN,SVN,610690
7138201,111,207,7690,1998,39105.0,9654.0,1.4532209999999999,1.191124,ITA,SVN,610690
7138202,121,207,7690,1998,1585.0,0.0,0.999518,1.106351,KOR,SVN,610690
7138203,163,207,7690,1998,0.0,1438.0,1.1660190000000001,0.43901899999999994,NOR,SVN,610690
7138204,231,207,7690,1998,0.0,12979.0,1.8223639999999999,0.761336,USA,SVN,610690
7138205,249,207,7690,1998,0.0,2706.0,1.224725,1.890322,TWN,SVN,610690
7138206,250,207,7690,1998,17115.0,0.0,1.144164,1.187425,ANS,SVN,610690
7138207,66,212,7690,1998,0.0,21234.0,-0.726061,-1.161031,DZA,SYR,610690
7138208,90,212,7690,1998,20404.0,0.0,0.183835,1.1512790000000002,GRC,SYR,610690
7138209,188,212,7690,1998,0.0,118189.0,0.521849,-0.7550899999999999,SAU,SYR,610690
7138210,14,250,7690,1998,1105.0,9777.0,0.375317,0.8864629999999999,AUS,ANS,610690
7138211,15,250,7690,1998,0.0,2386.0,1.891966,0.508137,AUT,ANS,610690
7138212,23,250,7690,1998,0.0,5193.0,0.382782,1.5844479999999999,BGR,ANS,610690
7138213,31,250,7690,1998,2186.0,0.0,-0.49860699999999997,-0.748521,BOL,ANS,610690
7138214,39,250,7690,1998,0.0,16003.0,1.077343,1.119161,CAN,ANS,610690
7138215,42,250,7690,1998,0.0,2724.0,0.029706,-0.061149,CHL,ANS,610690
7138216,49,250,7690,1998,0.0,32568.0,0.205004,0.13985899999999998,COL,ANS,610690
7138217,58,250,7690,1998,49779.0,7596.0,0.45990600000000004,0.41840299999999997,CYP,ANS,610690
7138218,59,250,7690,1998,0.0,3956.0,1.36345,1.408508,CZE,ANS,610690
7138219,61,250,7690,1998,2000.0,0.0,2.334028,-2.417278,DEU,ANS,610690
7138220,64,250,7690,1998,0.0,1792.0,1.225999,1.470145,DNK,ANS,610690
7138221,67,250,7690,1998,0.0,4377.0,-0.990915,-0.9670860000000001,ECU,ANS,610690
7138222,77,250,7690,1998,0.0,128267.0,1.707702,0.7784270000000001,FRA,ANS,610690
7138223,90,250,7690,1998,0.0,3208.0,0.183835,1.1512790000000002,GRC,ANS,610690
7138224,97,250,7690,1998,6019.0,0.0,0.46966099999999994,2.5744029999999998,HKG,ANS,610690
7138225,103,250,7690,1998,0.0,3727.0,-0.478253,1.350652,IDN,ANS,610690
7138226,106,250,7690,1998,0.0,29694.0,1.451067,0.654442,IRL,ANS,610690
7138227,107,250,7690,1998,10508.0,0.0,-0.6626029999999999,-1.0408959999999998,IRN,ANS,610690
7138228,111,250,7690,1998,14356.0,0.0,1.4532209999999999,1.191124,ITA,ANS,610690
7138229,113,250,7690,1998,5135.0,0.0,0.403009,-0.076366,JOR,ANS,610690
7138230,121,250,7690,1998,1102.0,87.0,0.999518,1.106351,KOR,ANS,610690
7138231,124,250,7690,1998,0.0,1272.0,0.23803200000000002,0.9927860000000001,LBN,ANS,610690
7138232,132,250,7690,1998,0.0,5533.0,0.322473,0.388421,LVA,ANS,610690
7138233,138,250,7690,1998,0.0,3349.0,0.525671,0.880649,MEX,ANS,610690
7138234,166,250,7690,1998,0.0,32398.0,0.5690529999999999,0.7752060000000001,NZL,ANS,610690
7138235,169,250,7690,1998,3928.0,0.0,0.010123,0.5677949999999999,PAN,ANS,610690
7138236,177,250,7690,1998,98209.0,164080.0,0.8638309999999999,1.8881299999999999,POL,ANS,610690
7138237,179,250,7690,1998,0.0,1228.0,0.39771999999999996,1.303603,PRT,ANS,610690
7138238,182,250,7690,1998,0.0,1534.0,0.422645,-0.607595,PYF,ANS,610690
7138239,185,250,7690,1998,0.0,4345.0,0.315392,0.961176,ROU,ANS,610690
7138240,186,250,7690,1998,0.0,3255.0,0.93909,0.59719,RUS,ANS,610690
7138241,192,250,7690,1998,6142.0,0.0,1.0029709999999998,0.506545,SGP,ANS,610690
7138242,207,250,7690,1998,0.0,17115.0,1.442955,1.27214,SVN,ANS,610690
7138243,208,250,7690,1998,1964.0,0.0,2.134076,0.9259729999999999,SWE,ANS,610690
7138244,223,250,7690,1998,0.0,8051.0,-0.21677,-0.08694299999999999,TUN,ANS,610690
7138245,224,250,7690,1998,27720.0,0.0,0.085286,1.653589,TUR,ANS,610690
7138246,246,250,7690,1998,0.0,1687.0,0.573958,1.3813739999999999,ZAF,ANS,610690
7138247,249,250,7690,1998,7716.0,26430.0,1.224725,1.890322,TWN,ANS,610690
7138248,81,30,7690,1998,7622.0,0.0,1.906738,0.489101,GBR,BMU,610690
7138249,97,30,7690,1998,31051.0,0.0,0.46966099999999994,2.5744029999999998,HKG,BMU,610690
7138250,231,30,7690,1998,23706.0,0.0,1.8223639999999999,0.761336,USA,BMU,610690
7138251,111,65,7690,1998,9031.0,0.0,1.4532209999999999,1.191124,ITA,DOM,610690
7138252,231,65,7690,1998,10801.0,27561.0,1.8223639999999999,0.761336,USA,DOM,610690
7138253,246,65,7690,1998,0.0,1701.0,0.573958,1.3813739999999999,ZAF,DOM,610690
7138254,81,168,7690,1998,0.0,1555.0,1.906738,0.489101,GBR,PAK,610690
7138255,188,168,7690,1998,0.0,6206.0,0.521849,-0.7550899999999999,SAU,PAK,610690
7138256,192,168,7690,1998,0.0,33950.0,1.0029709999999998,0.506545,SGP,PAK,610690
7138257,231,168,7690,1998,0.0,1662.0,1.8223639999999999,0.761336,USA,PAK,610690
7138258,14,176,7690,1998,23804.0,0.0,0.375317,0.8864629999999999,AUS,PNG,610690
7138259,192,176,7690,1998,2218.0,0.0,1.0029709999999998,0.506545,SGP,PNG,610690
7138260,104,178,7690,1998,6002.0,0.0,0.274308,2.316908,IND,PRK,610690
7138261,114,178,7690,1998,5037.0,5056.0,2.550442,0.718063,JPN,PRK,610690
7138262,124,178,7690,1998,0.0,1287.0,0.23803200000000002,0.9927860000000001,LBN,PRK,610690
7138263,138,178,7690,1998,0.0,2410.0,0.525671,0.880649,MEX,PRK,610690
7138264,7,227,7690,1998,15709.0,0.0,-0.274973,-0.481405,ARE,UGA,610690
7138265,81,227,7690,1998,8860.0,0.0,1.906738,0.489101,GBR,UGA,610690
7138266,97,227,7690,1998,36533.0,0.0,0.46966099999999994,2.5744029999999998,HKG,UGA,610690
7138267,103,227,7690,1998,1124.0,0.0,-0.478253,1.350652,IDN,UGA,610690
7138268,116,227,7690,1998,18799.0,0.0,-0.434978,0.10193300000000001,KEN,UGA,610690
7138269,121,227,7690,1998,693.0,0.0,0.999518,1.106351,KOR,UGA,610690
7138270,216,227,7690,1998,14707.0,0.0,0.128633,1.484142,THA,UGA,610690
7138271,32,239,7690,1998,0.0,5781.0,0.768101,1.04589,BRA,VNM,610690
7138272,39,239,7690,1998,0.0,16386.0,1.077343,1.119161,CAN,VNM,610690
7138273,59,239,7690,1998,0.0,10185.0,1.36345,1.408508,CZE,VNM,610690
7138274,64,239,7690,1998,0.0,1996.0,1.225999,1.470145,DNK,VNM,610690
7138275,77,239,7690,1998,0.0,2868.0,1.707702,0.7784270000000001,FRA,VNM,610690
7138276,141,239,7690,1998,0.0,12554.0,-0.8910049999999999,-0.9654870000000001,MLI,VNM,610690
7138277,188,239,7690,1998,0.0,3510.0,0.521849,-0.7550899999999999,SAU,VNM,610690
7138278,192,239,7690,1998,0.0,88284.0,1.0029709999999998,0.506545,SGP,VNM,610690
7138279,246,239,7690,1998,0.0,11113.0,0.573958,1.3813739999999999,ZAF,VNM,610690
7138280,249,239,7690,1998,0.0,112220.0,1.224725,1.890322,TWN,VNM,610690
7138281,83,29,7690,1998,244108.0,0.0,-1.215123,-1.0427620000000002,GHA,BLZ,610690
7138282,169,29,7690,1998,262.0,0.0,0.010123,0.5677949999999999,PAN,BLZ,610690
7138283,32,31,7690,1998,33149.0,0.0,0.768101,1.04589,BRA,BOL,610690
7138284,42,31,7690,1998,1846.0,0.0,0.029706,-0.061149,CHL,BOL,610690
7138285,43,31,7690,1998,984.0,0.0,0.3658,3.231258,CHN,BOL,610690
7138286,49,31,7690,1998,1905.0,0.0,0.205004,0.13985899999999998,COL,BOL,610690
7138287,71,31,7690,1998,12166.0,0.0,1.051392,1.983438,ESP,BOL,610690
7138288,121,31,7690,1998,1027.0,0.0,0.999518,1.106351,KOR,BOL,610690
7138289,138,31,7690,1998,6972.0,0.0,0.525671,0.880649,MEX,BOL,610690
7138290,173,31,7690,1998,3254.0,0.0,-0.35875300000000004,0.042606,PER,BOL,610690
7138291,231,31,7690,1998,0.0,1164.0,1.8223639999999999,0.761336,USA,BOL,610690
7138292,250,31,7690,1998,0.0,2186.0,1.144164,1.187425,ANS,BOL,610690
7138293,43,73,7690,1998,25280.0,0.0,0.3658,3.231258,CHN,ETH,610690
7138294,103,73,7690,1998,3928.0,0.0,-0.478253,1.350652,IDN,ETH,610690
7138295,104,73,7690,1998,3965.0,0.0,0.274308,2.316908,IND,ETH,610690
7138296,216,73,7690,1998,1521.0,0.0,0.128633,1.484142,THA,ETH,610690
7138297,224,73,7690,1998,11786.0,0.0,0.085286,1.653589,TUR,ETH,610690
7138298,52,160,7690,1998,1693.0,2166.0,-0.26046199999999997,-0.059391,CRI,NIC,610690
7138299,99,160,7690,1998,2309.0,0.0,-0.9326049999999999,-0.598527,HND,NIC,610690
7138300,169,160,7690,1998,14776.0,0.0,0.010123,0.5677949999999999,PAN,NIC,610690
7138301,231,160,7690,1998,44347.0,0.0,1.8223639999999999,0.761336,USA,NIC,610690
7138302,192,182,7690,1998,35674.0,0.0,1.0029709999999998,0.506545,SGP,PYF,610690
7138303,216,182,7690,1998,400.0,0.0,0.128633,1.484142,THA,PYF,610690
7138304,231,182,7690,1998,3525.0,0.0,1.8223639999999999,0.761336,USA,PYF,610690
7138305,250,182,7690,1998,1534.0,0.0,1.144164,1.187425,ANS,PYF,610690
7138306,52,197,7690,1998,3675.0,0.0,-0.26046199999999997,-0.059391,CRI,SLV,610690
7138307,99,197,7690,1998,6814.0,3044.0,-0.9326049999999999,-0.598527,HND,SLV,610690
7138308,138,197,7690,1998,1355.0,0.0,0.525671,0.880649,MEX,SLV,610690
7138309,169,197,7690,1998,94434.0,2095.0,0.010123,0.5677949999999999,PAN,SLV,610690
7138310,231,197,7690,1998,37157.0,0.0,1.8223639999999999,0.761336,USA,SLV,610690
7138311,77,215,7690,1998,3845.0,0.0,1.707702,0.7784270000000001,FRA,TGO,610690
7138312,81,215,7690,1998,0.0,10453.0,1.906738,0.489101,GBR,TGO,610690
7138313,83,215,7690,1998,4443.0,0.0,-1.215123,-1.0427620000000002,GHA,TGO,610690
7138314,97,215,7690,1998,835.0,0.0,0.46966099999999994,2.5744029999999998,HKG,TGO,610690
7138315,104,215,7690,1998,8734.0,0.0,0.274308,2.316908,IND,TGO,610690
7138316,249,215,7690,1998,0.0,7484.0,1.224725,1.890322,TWN,TGO,610690
7138317,13,234,7690,1998,0.0,8985.0,0.441453,-0.238813,ATG,VCT,610690
7138318,77,234,7690,1998,0.0,1794.0,1.707702,0.7784270000000001,FRA,VCT,610690
7138319,91,234,7690,1998,0.0,1942.0,-0.249689,-0.7117,GRD,VCT,610690
7138320,112,234,7690,1998,0.0,2252.0,-0.8083739999999999,-0.946183,JAM,VCT,610690
7138321,222,234,7690,1998,1144.0,0.0,0.273917,-0.453996,TTO,VCT,610690
7138322,231,234,7690,1998,0.0,3625.0,1.8223639999999999,0.761336,USA,VCT,610690
7138323,71,19,7690,1998,3947.0,0.0,1.051392,1.983438,ESP,BEN,610690
7138324,77,19,7690,1998,3378.0,0.0,1.707702,0.7784270000000001,FRA,BEN,610690
7138325,97,19,7690,1998,678.0,0.0,0.46966099999999994,2.5744029999999998,HKG,BEN,610690
7138326,192,19,7690,1998,959.0,0.0,1.0029709999999998,0.506545,SGP,BEN,610690
7138327,192,50,7690,1998,2710.0,0.0,1.0029709999999998,0.506545,SGP,COM,610690
7138328,43,109,7690,1998,2595.0,0.0,0.3658,3.231258,CHN,ISL,610690
7138329,61,109,7690,1998,2759.0,0.0,2.334028,-2.417278,DEU,ISL,610690
7138330,64,109,7690,1998,21449.0,0.0,1.225999,1.470145,DNK,ISL,610690
7138331,77,109,7690,1998,4902.0,0.0,1.707702,0.7784270000000001,FRA,ISL,610690
7138332,81,109,7690,1998,74182.0,1767.0,1.906738,0.489101,GBR,ISL,610690
7138333,90,109,7690,1998,522.0,0.0,0.183835,1.1512790000000002,GRC,ISL,610690
7138334,97,109,7690,1998,774.0,0.0,0.46966099999999994,2.5744029999999998,HKG,ISL,610690
7138335,104,109,7690,1998,1934.0,0.0,0.274308,2.316908,IND,ISL,610690
7138336,111,109,7690,1998,4696.0,0.0,1.4532209999999999,1.191124,ITA,ISL,610690
7138337,162,109,7690,1998,6644.0,0.0,1.248469,1.683182,NLD,ISL,610690
7138338,177,109,7690,1998,1671.0,0.0,0.8638309999999999,1.8881299999999999,POL,ISL,610690
7138339,179,109,7690,1998,1374.0,0.0,0.39771999999999996,1.303603,PRT,ISL,610690
7138340,185,109,7690,1998,464.0,0.0,0.315392,0.961176,ROU,ISL,610690
7138341,208,109,7690,1998,15767.0,0.0,2.134076,0.9259729999999999,SWE,ISL,610690
7138342,39,133,7690,1998,0.0,50297.0,1.077343,1.119161,CAN,MAC,610690
7138343,43,133,7690,1998,17616.0,0.0,0.3658,3.231258,CHN,MAC,610690
7138344,61,133,7690,1998,3566.0,0.0,2.334028,-2.417278,DEU,MAC,610690
7138345,74,133,7690,1998,0.0,5710.0,2.003987,0.995725,FIN,MAC,610690
7138346,77,133,7690,1998,1255.0,9695.0,1.707702,0.7784270000000001,FRA,MAC,610690
7138347,81,133,7690,1998,1135.0,2729.0,1.906738,0.489101,GBR,MAC,610690
7138348,97,133,7690,1998,25971.0,12669.0,0.46966099999999994,2.5744029999999998,HKG,MAC,610690
7138349,114,133,7690,1998,0.0,16610.0,2.550442,0.718063,JPN,MAC,610690
7138350,121,133,7690,1998,0.0,3524.0,0.999518,1.106351,KOR,MAC,610690
7138351,138,133,7690,1998,0.0,2577.0,0.525671,0.880649,MEX,MAC,610690
7138352,162,133,7690,1998,0.0,4901.0,1.248469,1.683182,NLD,MAC,610690
7138353,179,133,7690,1998,0.0,3381.0,0.39771999999999996,1.303603,PRT,MAC,610690
7138354,192,133,7690,1998,0.0,4783.0,1.0029709999999998,0.506545,SGP,MAC,610690
7138355,216,133,7690,1998,0.0,3791.0,0.128633,1.484142,THA,MAC,610690
7138356,231,133,7690,1998,0.0,743528.0,1.8223639999999999,0.761336,USA,MAC,610690
7138357,249,133,7690,1998,0.0,565996.0,1.224725,1.890322,TWN,MAC,610690
7138358,43,136,7690,1998,10522.0,0.0,0.3658,3.231258,CHN,MDG,610690
7138359,71,136,7690,1998,0.0,8914.0,1.051392,1.983438,ESP,MDG,610690
7138360,41,137,7690,1998,2513.0,0.0,2.252965,0.561806,CHE,MDV,610690
7138361,103,137,7690,1998,8405.0,0.0,-0.478253,1.350652,IDN,MDV,610690
7138362,104,137,7690,1998,1880.0,0.0,0.274308,2.316908,IND,MDV,610690
7138363,111,137,7690,1998,2466.0,0.0,1.4532209999999999,1.191124,ITA,MDV,610690
7138364,192,137,7690,1998,1236.0,0.0,1.0029709999999998,0.506545,SGP,MDV,610690
7138365,216,137,7690,1998,34626.0,0.0,0.128633,1.484142,THA,MDV,610690
7138366,71,141,7690,1998,2657.0,0.0,1.051392,1.983438,ESP,MLI,610690
7138367,239,141,7690,1998,12554.0,0.0,-0.9395469999999999,0.060697,VNM,MLI,610690
7138368,43,151,7690,1998,1459.0,976.0,0.3658,3.231258,CHN,MUS,610690
7138369,61,151,7690,1998,0.0,3829.0,2.334028,-2.417278,DEU,MUS,610690
7138370,71,151,7690,1998,0.0,13139.0,1.051392,1.983438,ESP,MUS,610690
7138371,77,151,7690,1998,0.0,8892.0,1.707702,0.7784270000000001,FRA,MUS,610690
7138372,81,151,7690,1998,0.0,9877.0,1.906738,0.489101,GBR,MUS,610690
7138373,103,151,7690,1998,28928.0,0.0,-0.478253,1.350652,IDN,MUS,610690
7138374,111,151,7690,1998,0.0,809073.0,1.4532209999999999,1.191124,ITA,MUS,610690
7138375,114,151,7690,1998,0.0,3007.0,2.550442,0.718063,JPN,MUS,610690
7138376,138,151,7690,1998,0.0,6684.0,0.525671,0.880649,MEX,MUS,610690
7138377,192,151,7690,1998,0.0,749427.0,1.0029709999999998,0.506545,SGP,MUS,610690
7138378,211,151,7690,1998,0.0,3171.0,0.265625,-0.590012,SYC,MUS,610690
7138379,231,151,7690,1998,0.0,560438.0,1.8223639999999999,0.761336,USA,MUS,610690
7138380,246,151,7690,1998,1447.0,0.0,0.573958,1.3813739999999999,ZAF,MUS,610690
7138381,114,164,7690,1998,0.0,6276.0,2.550442,0.718063,JPN,NPL,610690
7138382,216,164,7690,1998,4383.0,0.0,0.128633,1.484142,THA,NPL,610690
7138383,231,164,7690,1998,0.0,44234.0,1.8223639999999999,0.761336,USA,NPL,610690
7138384,97,187,7690,1998,1540.0,0.0,0.46966099999999994,2.5744029999999998,HKG,RWA,610690
7138385,81,191,7690,1998,1040.0,0.0,1.906738,0.489101,GBR,SEN,610690
7138386,7,211,7690,1998,1744.0,0.0,-0.274973,-0.481405,ARE,SYC,610690
7138387,77,211,7690,1998,5710.0,0.0,1.707702,0.7784270000000001,FRA,SYC,610690
7138388,81,211,7690,1998,2420.0,0.0,1.906738,0.489101,GBR,SYC,610690
7138389,103,211,7690,1998,3133.0,0.0,-0.478253,1.350652,IDN,SYC,610690
7138390,104,211,7690,1998,1111.0,0.0,0.274308,2.316908,IND,SYC,610690
7138391,111,211,7690,1998,1890.0,0.0,1.4532209999999999,1.191124,ITA,SYC,610690
7138392,151,211,7690,1998,3171.0,0.0,-0.621599,-0.755795,MUS,SYC,610690
7138393,192,211,7690,1998,1135.0,0.0,1.0029709999999998,0.506545,SGP,SYC,610690
7138394,18,2,7690,1998,11281.0,0.0,1.4740739999999999,1.2530430000000001,BEL,AGO,610690
7138395,77,2,7690,1998,11926.0,0.0,1.707702,0.7784270000000001,FRA,AGO,610690
7138396,179,2,7690,1998,1535.0,0.0,0.39771999999999996,1.303603,PRT,AGO,610690
7138397,246,2,7690,1998,13241.0,0.0,0.573958,1.3813739999999999,ZAF,AGO,610690
7138398,22,7,7690,1998,5728.0,0.0,-1.130729,-1.001385,BGD,ARE,610690
7138399,34,7,7690,1998,0.0,3570.0,-0.445218,-0.833083,BRN,ARE,610690
7138400,61,7,7690,1998,24554.0,0.0,2.334028,-2.417278,DEU,ARE,610690
7138401,77,7,7690,1998,23926.0,0.0,1.707702,0.7784270000000001,FRA,ARE,610690
7138402,81,7,7690,1998,91466.0,0.0,1.906738,0.489101,GBR,ARE,610690
7138403,90,7,7690,1998,1836.0,0.0,0.183835,1.1512790000000002,GRC,ARE,610690
7138404,97,7,7690,1998,6889.0,0.0,0.46966099999999994,2.5744029999999998,HKG,ARE,610690
7138405,103,7,7690,1998,21742.0,0.0,-0.478253,1.350652,IDN,ARE,610690
7138406,104,7,7690,1998,27024.0,0.0,0.274308,2.316908,IND,ARE,610690
7138407,107,7,7690,1998,22687.0,0.0,-0.6626029999999999,-1.0408959999999998,IRN,ARE,610690
7138408,111,7,7690,1998,12232.0,0.0,1.4532209999999999,1.191124,ITA,ARE,610690
7138409,124,7,7690,1998,4118.0,0.0,0.23803200000000002,0.9927860000000001,LBN,ARE,610690
7138410,138,7,7690,1998,0.0,2215.0,0.525671,0.880649,MEX,ARE,610690
7138411,188,7,7690,1998,1884.0,0.0,0.521849,-0.7550899999999999,SAU,ARE,610690
7138412,192,7,7690,1998,14076.0,0.0,1.0029709999999998,0.506545,SGP,ARE,610690
7138413,211,7,7690,1998,0.0,1744.0,0.265625,-0.590012,SYC,ARE,610690
7138414,216,7,7690,1998,20362.0,0.0,0.128633,1.484142,THA,ARE,610690
7138415,224,7,7690,1998,4197.0,0.0,0.085286,1.653589,TUR,ARE,610690
7138416,227,7,7690,1998,0.0,15709.0,-0.996762,-1.01326,UGA,ARE,610690
7138417,231,7,7690,1998,4396.0,0.0,1.8223639999999999,0.761336,USA,ARE,610690
7138418,246,7,7690,1998,275174.0,5381.0,0.573958,1.3813739999999999,ZAF,ARE,610690
7138419,249,7,7690,1998,152264.0,0.0,1.224725,1.890322,TWN,ARE,610690
7138420,61,24,7690,1998,5181.0,0.0,2.334028,-2.417278,DEU,BHR,610690
7138421,81,24,7690,1998,44424.0,0.0,1.906738,0.489101,GBR,BHR,610690
7138422,111,24,7690,1998,5813.0,0.0,1.4532209999999999,1.191124,ITA,BHR,610690
7138423,216,24,7690,1998,3038.0,0.0,0.128633,1.484142,THA,BHR,610690
7138424,246,24,7690,1998,4771.0,0.0,0.573958,1.3813739999999999,ZAF,BHR,610690
7138425,249,24,7690,1998,55331.0,0.0,1.224725,1.890322,TWN,BHR,610690
7138426,100,26,7690,1998,13242.0,0.0,0.692779,0.9919530000000001,HRV,BIH,610690
7138427,111,26,7690,1998,49170.0,0.0,1.4532209999999999,1.191124,ITA,BIH,610690
7138428,77,47,7690,1998,2218.0,0.0,1.707702,0.7784270000000001,FRA,COG,610690
7138429,249,62,7690,1998,23038.0,0.0,1.224725,1.890322,TWN,DJI,610690
7138430,64,78,7690,1998,19814.0,0.0,1.225999,1.470145,DNK,FRO,610690
7138431,71,78,7690,1998,345.0,0.0,1.051392,1.983438,ESP,FRO,610690
7138432,77,78,7690,1998,386.0,0.0,1.707702,0.7784270000000001,FRA,FRO,610690
7138433,81,78,7690,1998,1930.0,0.0,1.906738,0.489101,GBR,FRO,610690
7138434,97,78,7690,1998,1236.0,0.0,0.46966099999999994,2.5744029999999998,HKG,FRO,610690
7138435,104,78,7690,1998,3589.0,0.0,0.274308,2.316908,IND,FRO,610690
7138436,111,78,7690,1998,301.0,0.0,1.4532209999999999,1.191124,ITA,FRO,610690
7138437,162,78,7690,1998,3313.0,0.0,1.248469,1.683182,NLD,FRO,610690
7138438,177,78,7690,1998,1105.0,0.0,0.8638309999999999,1.8881299999999999,POL,FRO,610690
7138439,179,78,7690,1998,1442.0,0.0,0.39771999999999996,1.303603,PRT,FRO,610690
7138440,107,115,7690,1998,1086.0,0.0,-0.6626029999999999,-1.0408959999999998,IRN,KAZ,610690
7138441,186,115,7690,1998,10239.0,0.0,0.93909,0.59719,RUS,KAZ,610690
7138442,71,118,7690,1998,0.0,5192.0,1.051392,1.983438,ESP,KHM,610690
7138443,192,118,7690,1998,0.0,411370.0,1.0029709999999998,0.506545,SGP,KHM,610690
7138444,231,118,7690,1998,0.0,238646.0,1.8223639999999999,0.761336,USA,KHM,610690
7138445,61,122,7690,1998,5071.0,0.0,2.334028,-2.417278,DEU,KWT,610690
7138446,77,122,7690,1998,21603.0,0.0,1.707702,0.7784270000000001,FRA,KWT,610690
7138447,81,122,7690,1998,182327.0,0.0,1.906738,0.489101,GBR,KWT,610690
7138448,111,122,7690,1998,8159.0,0.0,1.4532209999999999,1.191124,ITA,KWT,610690
7138449,124,122,7690,1998,32828.0,0.0,0.23803200000000002,0.9927860000000001,LBN,KWT,610690
7138450,188,122,7690,1998,75741.0,2528.0,0.521849,-0.7550899999999999,SAU,KWT,610690
7138451,216,122,7690,1998,5619.0,0.0,0.128633,1.484142,THA,KWT,610690
7138452,249,122,7690,1998,48405.0,0.0,1.224725,1.890322,TWN,KWT,610690
7138453,103,126,7690,1998,4952.0,0.0,-0.478253,1.350652,IDN,LBY,610690
7138454,224,126,7690,1998,7346.0,0.0,0.085286,1.653589,TUR,LBY,610690
7138455,222,127,7690,1998,6163.0,0.0,0.273917,-0.453996,TTO,LCA,610690
7138456,231,127,7690,1998,1529.0,0.0,1.8223639999999999,0.761336,USA,LCA,610690
7138457,106,128,7690,1998,0.0,5284.0,1.451067,0.654442,IRL,LKA,610690
7138458,188,128,7690,1998,0.0,3986.0,0.521849,-0.7550899999999999,SAU,LKA,610690
7138459,192,128,7690,1998,64188.0,0.0,1.0029709999999998,0.506545,SGP,LKA,610690
7138460,222,128,7690,1998,0.0,2567.0,0.273917,-0.453996,TTO,LKA,610690
7138461,249,128,7690,1998,0.0,32343.0,1.224725,1.890322,TWN,LKA,610690
7138462,138,143,7690,1998,0.0,29724.0,0.525671,0.880649,MEX,MMR,610690
7138463,192,143,7690,1998,0.0,46598.0,1.0029709999999998,0.506545,SGP,MMR,610690
7138464,216,147,7690,1998,13083.0,0.0,0.128633,1.484142,THA,MOZ,610690
7138465,246,147,7690,1998,6833.0,0.0,0.573958,1.3813739999999999,ZAF,MOZ,610690
7138466,32,180,7690,1998,38977.0,0.0,0.768101,1.04589,BRA,PRY,610690
7138467,111,180,7690,1998,1892.0,0.0,1.4532209999999999,1.191124,ITA,PRY,610690
7138468,121,180,7690,1998,4328.0,0.0,0.999518,1.106351,KOR,PRY,610690
7138469,61,183,7690,1998,3133.0,0.0,2.334028,-2.417278,DEU,QAT,610690
7138470,81,183,7690,1998,6002.0,0.0,1.906738,0.489101,GBR,QAT,610690
7138471,111,183,7690,1998,10083.0,0.0,1.4532209999999999,1.191124,ITA,QAT,610690
7138472,231,183,7690,1998,4965.0,0.0,1.8223639999999999,0.761336,USA,QAT,610690
7138473,77,214,7690,1998,1703.0,0.0,1.707702,0.7784270000000001,FRA,TCD,610690
7138474,81,248,7690,1998,6774.0,0.0,1.906738,0.489101,GBR,ZWE,610690
7138475,246,248,7690,1998,1935.0,0.0,0.573958,1.3813739999999999,ZAF,ZWE,610690
7138476,23,4,7690,1998,930.0,0.0,0.382782,1.5844479999999999,BGR,ALB,610690
7138477,43,4,7690,1998,13248.0,0.0,0.3658,3.231258,CHN,ALB,610690
7138478,61,4,7690,1998,0.0,133656.0,2.334028,-2.417278,DEU,ALB,610690
7138479,90,4,7690,1998,200582.0,317210.0,0.183835,1.1512790000000002,GRC,ALB,610690
7138480,111,4,7690,1998,6056.0,167643.0,1.4532209999999999,1.191124,ITA,ALB,610690
7138481,71,5,7690,1998,13132.0,0.0,1.051392,1.983438,ESP,AND,610690
7138482,77,5,7690,1998,15513.0,1739.0,1.707702,0.7784270000000001,FRA,AND,610690
7138483,81,5,7690,1998,4455.0,0.0,1.906738,0.489101,GBR,AND,610690
7138484,231,5,7690,1998,2987.0,0.0,1.8223639999999999,0.761336,USA,AND,610690
7138485,61,6,7690,1998,1008.0,0.0,2.334028,-2.417278,DEU,ANT,610690
7138486,77,6,7690,1998,3755.0,0.0,1.707702,0.7784270000000001,FRA,ANT,610690
7138487,216,6,7690,1998,6470.0,0.0,0.128633,1.484142,THA,ANT,610690
7138488,231,6,7690,1998,3344.0,0.0,1.8223639999999999,0.761336,USA,ANT,610690
7138489,236,6,7690,1998,0.0,38284.0,0.288717,-0.540639,VEN,ANT,610690
7138490,216,13,7690,1998,3588.0,0.0,0.128633,1.484142,THA,ATG,610690
7138491,234,13,7690,1998,8985.0,0.0,0.22166,-0.331633,VCT,ATG,610690
7138492,14,75,7690,1998,0.0,7083.0,0.375317,0.8864629999999999,AUS,FJI,610690
7138493,166,75,7690,1998,0.0,9107.0,0.5690529999999999,0.7752060000000001,NZL,FJI,610690
7138494,192,75,7690,1998,5393.0,0.0,1.0029709999999998,0.506545,SGP,FJI,610690
7138495,111,79,7690,1998,6014.0,0.0,1.4532209999999999,1.191124,ITA,FSM,610690
7138496,64,92,7690,1998,7846.0,0.0,1.225999,1.470145,DNK,GRL,610690
7138497,231,92,7690,1998,1531.0,0.0,1.8223639999999999,0.761336,USA,GRL,610690
7138498,104,117,7690,1998,9992.0,0.0,0.274308,2.316908,IND,KGZ,610690
7138499,71,148,7690,1998,8141.0,0.0,1.051392,1.983438,ESP,MRT,610690
7138500,81,148,7690,1998,14507.0,0.0,1.906738,0.489101,GBR,MRT,610690
7138501,103,148,7690,1998,49233.0,0.0,-0.478253,1.350652,IDN,MRT,610690
7138502,77,156,7690,1998,20168.0,0.0,1.707702,0.7784270000000001,FRA,NCL,610690
7138503,192,156,7690,1998,6347.0,0.0,1.0029709999999998,0.506545,SGP,NCL,610690
7138504,192,195,7690,1998,1607.0,0.0,1.0029709999999998,0.506545,SGP,SLB,610690
7138505,81,232,7690,1998,1305.0,0.0,1.906738,0.489101,GBR,UZB,610690
7138506,121,232,7690,1998,44121.0,0.0,0.999518,1.106351,KOR,UZB,610690
7138507,192,240,7690,1998,16429.0,0.0,1.0029709999999998,0.506545,SGP,VUT,610690
7138508,231,0,7690,1998,13631.0,0.0,1.8223639999999999,0.761336,USA,ABW,610690
7138509,236,0,7690,1998,10244.0,1126.0,0.288717,-0.540639,VEN,ABW,610690
7138510,231,51,7690,1998,2058.0,0.0,1.8223639999999999,0.761336,USA,CPV,610690
7138511,81,84,7690,1998,27148.0,0.0,1.906738,0.489101,GBR,GIB,610690
7138512,111,84,7690,1998,4922.0,0.0,1.4532209999999999,1.191124,ITA,GIB,610690
7138513,216,88,7690,1998,9807.0,0.0,0.128633,1.484142,THA,GNB,610690
7138514,61,219,7690,1998,1088.0,0.0,2.334028,-2.417278,DEU,TKM,610690
7138515,107,219,7690,1998,19397.0,0.0,-0.6626029999999999,-1.0408959999999998,IRN,TKM,610690
7138516,18,15,7692,1998,9875.0,3913.0,1.4740739999999999,1.2530430000000001,BEL,AUT,610712
7138517,23,15,7692,1998,22191.0,2900.0,0.382782,1.5844479999999999,BGR,AUT,610712
7138518,39,15,7692,1998,0.0,3421.0,1.077343,1.119161,CAN,AUT,610712
7138519,41,15,7692,1998,14902.0,40039.0,2.252965,0.561806,CHE,AUT,610712
7138520,43,15,7692,1998,25993.0,0.0,0.3658,3.231258,CHN,AUT,610712
7138521,59,15,7692,1998,156962.0,135853.0,1.36345,1.408508,CZE,AUT,610712
7138522,61,15,7692,1998,398858.0,411376.0,2.334028,-2.417278,DEU,AUT,610712
7138523,64,15,7692,1998,24915.0,10250.0,1.225999,1.470145,DNK,AUT,610712
7138524,71,15,7692,1998,2343.0,2880.0,1.051392,1.983438,ESP,AUT,610712
7138525,74,15,7692,1998,1082.0,11291.0,2.003987,0.995725,FIN,AUT,610712
7138526,77,15,7692,1998,111479.0,5588.0,1.707702,0.7784270000000001,FRA,AUT,610712
7138527,81,15,7692,1998,99856.0,2522.0,1.906738,0.489101,GBR,AUT,610712
7138528,90,15,7692,1998,0.0,2780.0,0.183835,1.1512790000000002,GRC,AUT,610712
7138529,97,15,7692,1998,51518.0,0.0,0.46966099999999994,2.5744029999999998,HKG,AUT,610712
7138530,100,15,7692,1998,29401.0,3299.0,0.692779,0.9919530000000001,HRV,AUT,610712
7138531,102,15,7692,1998,5078.0,29154.0,0.780392,1.450701,HUN,AUT,610712
7138532,104,15,7692,1998,2803.0,0.0,0.274308,2.316908,IND,AUT,610712
7138533,109,15,7692,1998,0.0,3735.0,0.18141300000000002,-0.47993500000000006,ISL,AUT,610712
7138534,111,15,7692,1998,30216.0,79583.0,1.4532209999999999,1.191124,ITA,AUT,610712
7138535,142,15,7692,1998,0.0,5138.0,0.919593,-0.071451,MLT,AUT,610712
7138536,162,15,7692,1998,5572.0,32756.0,1.248469,1.683182,NLD,AUT,610712
7138537,163,15,7692,1998,0.0,46266.0,1.1660190000000001,0.43901899999999994,NOR,AUT,610712
7138538,177,15,7692,1998,0.0,7994.0,0.8638309999999999,1.8881299999999999,POL,AUT,610712
7138539,179,15,7692,1998,3656.0,0.0,0.39771999999999996,1.303603,PRT,AUT,610712
7138540,185,15,7692,1998,0.0,5556.0,0.315392,0.961176,ROU,AUT,610712
7138541,186,15,7692,1998,0.0,2819.0,0.93909,0.59719,RUS,AUT,610712
7138542,206,15,7692,1998,8032.0,1248.0,1.202453,1.228204,SVK,AUT,610712
7138543,207,15,7692,1998,18648.0,5772.0,1.442955,1.27214,SVN,AUT,610712
7138544,208,15,7692,1998,3945.0,0.0,2.134076,0.9259729999999999,SWE,AUT,610712
7138545,224,15,7692,1998,7578.0,0.0,0.085286,1.653589,TUR,AUT,610712
7138546,231,15,7692,1998,34795.0,0.0,1.8223639999999999,0.761336,USA,AUT,610712
7138547,15,18,7692,1998,3913.0,9875.0,1.891966,0.508137,AUT,BEL,610712
7138548,39,18,7692,1998,11047.0,0.0,1.077343,1.119161,CAN,BEL,610712
7138549,41,18,7692,1998,10653.0,44909.0,2.252965,0.561806,CHE,BEL,610712
7138550,43,18,7692,1998,7333.0,4963.0,0.3658,3.231258,CHN,BEL,610712
7138551,61,18,7692,1998,42956.0,132473.0,2.334028,-2.417278,DEU,BEL,610712
7138552,64,18,7692,1998,150706.0,5671.0,1.225999,1.470145,DNK,BEL,610712
7138553,71,18,7692,1998,84718.0,8055.0,1.051392,1.983438,ESP,BEL,610712
7138554,77,18,7692,1998,591279.0,335628.0,1.707702,0.7784270000000001,FRA,BEL,610712
7138555,81,18,7692,1998,247072.0,79282.0,1.906738,0.489101,GBR,BEL,610712
7138556,97,18,7692,1998,44883.0,0.0,0.46966099999999994,2.5744029999999998,HKG,BEL,610712
7138557,104,18,7692,1998,22161.0,0.0,0.274308,2.316908,IND,BEL,610712
7138558,106,18,7692,1998,0.0,5512.0,1.451067,0.654442,IRL,BEL,610712
7138559,111,18,7692,1998,54100.0,148206.0,1.4532209999999999,1.191124,ITA,BEL,610712
7138560,134,18,7692,1998,12155.0,0.0,-0.7299479999999999,-0.23758200000000002,MAR,BEL,610712
7138561,142,18,7692,1998,15723.0,0.0,0.919593,-0.071451,MLT,BEL,610712
7138562,162,18,7692,1998,97417.0,130502.0,1.248469,1.683182,NLD,BEL,610712
7138563,163,18,7692,1998,0.0,5033.0,1.1660190000000001,0.43901899999999994,NOR,BEL,610712
7138564,177,18,7692,1998,5760.0,0.0,0.8638309999999999,1.8881299999999999,POL,BEL,610712
7138565,179,18,7692,1998,10542.0,2810.0,0.39771999999999996,1.303603,PRT,BEL,610712
7138566,207,18,7692,1998,0.0,4584.0,1.442955,1.27214,SVN,BEL,610712
7138567,208,18,7692,1998,2816.0,26062.0,2.134076,0.9259729999999999,SWE,BEL,610712
7138568,224,18,7692,1998,2322.0,0.0,0.085286,1.653589,TUR,BEL,610712
7138569,231,18,7692,1998,5338.0,0.0,1.8223639999999999,0.761336,USA,BEL,610712
7138570,239,18,7692,1998,5943.0,0.0,-0.9395469999999999,0.060697,VNM,BEL,610712
7138571,162,25,7692,1998,2264.0,0.0,1.248469,1.683182,NLD,BHS,610712
7138572,231,25,7692,1998,15093.0,0.0,1.8223639999999999,0.761336,USA,BHS,610712
7138573,49,33,7692,1998,1061.0,0.0,0.205004,0.13985899999999998,COL,BRB,610712
7138574,127,33,7692,1998,8282.0,800.0,-0.056641,-0.672786,LCA,BRB,610712
7138575,222,33,7692,1998,3536.0,0.0,0.273917,-0.453996,TTO,BRB,610712
7138576,231,33,7692,1998,924.0,0.0,1.8223639999999999,0.761336,USA,BRB,610712
7138577,6,43,7692,1998,0.0,77077.0,0.666616,-0.224404,ANT,CHN,610712
7138578,7,43,7692,1998,0.0,534018.0,-0.274973,-0.481405,ARE,CHN,610712
7138579,8,43,7692,1998,0.0,1714.0,0.272015,0.45031099999999996,ARG,CHN,610712
7138580,14,43,7692,1998,0.0,491073.0,0.375317,0.8864629999999999,AUS,CHN,610712
7138581,15,43,7692,1998,0.0,25993.0,1.891966,0.508137,AUT,CHN,610712
7138582,18,43,7692,1998,4963.0,7333.0,1.4740739999999999,1.2530430000000001,BEL,CHN,610712
7138583,23,43,7692,1998,0.0,8531.0,0.382782,1.5844479999999999,BGR,CHN,610712
7138584,32,43,7692,1998,0.0,41497.0,0.768101,1.04589,BRA,CHN,610712
7138585,39,43,7692,1998,0.0,3813.0,1.077343,1.119161,CAN,CHN,610712
7138586,41,43,7692,1998,0.0,14687.0,2.252965,0.561806,CHE,CHN,610712
7138587,42,43,7692,1998,0.0,206760.0,0.029706,-0.061149,CHL,CHN,610712
7138588,52,43,7692,1998,0.0,2240.0,-0.26046199999999997,-0.059391,CRI,CHN,610712
7138589,59,43,7692,1998,0.0,105516.0,1.36345,1.408508,CZE,CHN,610712
7138590,61,43,7692,1998,0.0,412830.0,2.334028,-2.417278,DEU,CHN,610712
7138591,64,43,7692,1998,0.0,417985.0,1.225999,1.470145,DNK,CHN,610712
7138592,66,43,7692,1998,0.0,2034.0,-0.726061,-1.161031,DZA,CHN,610712
7138593,67,43,7692,1998,0.0,3827.0,-0.990915,-0.9670860000000001,ECU,CHN,610712
7138594,71,43,7692,1998,0.0,13771.0,1.051392,1.983438,ESP,CHN,610712
7138595,74,43,7692,1998,0.0,125264.0,2.003987,0.995725,FIN,CHN,610712
7138596,77,43,7692,1998,0.0,308280.0,1.707702,0.7784270000000001,FRA,CHN,610712
7138597,81,43,7692,1998,0.0,541354.0,1.906738,0.489101,GBR,CHN,610712
7138598,83,43,7692,1998,0.0,14127.0,-1.215123,-1.0427620000000002,GHA,CHN,610712
7138599,90,43,7692,1998,0.0,3242.0,0.183835,1.1512790000000002,GRC,CHN,610712
7138600,97,43,7692,1998,6124.0,16205167.0,0.46966099999999994,2.5744029999999998,HKG,CHN,610712
7138601,102,43,7692,1998,0.0,134789.0,0.780392,1.450701,HUN,CHN,610712
7138602,106,43,7692,1998,0.0,10839.0,1.451067,0.654442,IRL,CHN,610712
7138603,109,43,7692,1998,0.0,673.0,0.18141300000000002,-0.47993500000000006,ISL,CHN,610712
7138604,111,43,7692,1998,0.0,70207.0,1.4532209999999999,1.191124,ITA,CHN,610712
7138605,112,43,7692,1998,0.0,2058.0,-0.8083739999999999,-0.946183,JAM,CHN,610712
7138606,114,43,7692,1998,0.0,1319859.0,2.550442,0.718063,JPN,CHN,610712
7138607,115,43,7692,1998,0.0,61731.0,0.245507,-0.389842,KAZ,CHN,610712
7138608,117,43,7692,1998,0.0,79244.0,0.11446500000000001,-0.24638000000000002,KGZ,CHN,610712
7138609,121,43,7692,1998,2683.0,78801.0,0.999518,1.106351,KOR,CHN,610712
7138610,122,43,7692,1998,0.0,185453.0,0.037029,-1.054761,KWT,CHN,610712
7138611,128,43,7692,1998,0.0,33153.0,-0.933293,-0.233566,LKA,CHN,610712
7138612,133,43,7692,1998,0.0,1951.0,-0.21838000000000002,-0.370322,MAC,CHN,610712
7138613,138,43,7692,1998,0.0,95987.0,0.525671,0.880649,MEX,CHN,610712
7138614,162,43,7692,1998,0.0,126377.0,1.248469,1.683182,NLD,CHN,610712
7138615,163,43,7692,1998,0.0,19534.0,1.1660190000000001,0.43901899999999994,NOR,CHN,610712
7138616,166,43,7692,1998,0.0,54965.0,0.5690529999999999,0.7752060000000001,NZL,CHN,610712
7138617,169,43,7692,1998,0.0,406810.0,0.010123,0.5677949999999999,PAN,CHN,610712
7138618,174,43,7692,1998,0.0,19117.0,-0.262725,-0.075781,PHL,CHN,610712
7138619,176,43,7692,1998,0.0,11765.0,-2.060952,-1.237969,PNG,CHN,610712
7138620,177,43,7692,1998,0.0,347981.0,0.8638309999999999,1.8881299999999999,POL,CHN,610712
7138621,178,43,7692,1998,0.0,35154.0,0.7417239999999999,0.899826,PRK,CHN,610712
7138622,179,43,7692,1998,0.0,2762.0,0.39771999999999996,1.303603,PRT,CHN,610712
7138623,182,43,7692,1998,0.0,90.0,0.422645,-0.607595,PYF,CHN,610712
7138624,185,43,7692,1998,0.0,161833.0,0.315392,0.961176,ROU,CHN,610712
7138625,186,43,7692,1998,0.0,2636.0,0.93909,0.59719,RUS,CHN,610712
7138626,188,43,7692,1998,0.0,306442.0,0.521849,-0.7550899999999999,SAU,CHN,610712
7138627,192,43,7692,1998,0.0,160149.0,1.0029709999999998,0.506545,SGP,CHN,610712
7138628,206,43,7692,1998,0.0,19355.0,1.202453,1.228204,SVK,CHN,610712
7138629,207,43,7692,1998,0.0,12254.0,1.442955,1.27214,SVN,CHN,610712
7138630,208,43,7692,1998,0.0,68761.0,2.134076,0.9259729999999999,SWE,CHN,610712
7138631,215,43,7692,1998,0.0,52020.0,-0.8338540000000001,-0.8437020000000001,TGO,CHN,610712
7138632,226,43,7692,1998,0.0,52284.0,-0.972823,-0.428149,TZA,CHN,610712
7138633,228,43,7692,1998,0.0,4525.0,0.880876,0.783668,UKR,CHN,610712
7138634,230,43,7692,1998,0.0,2676.0,0.323022,0.293694,URY,CHN,610712
7138635,231,43,7692,1998,0.0,186941.0,1.8223639999999999,0.761336,USA,CHN,610712
7138636,236,43,7692,1998,0.0,110191.0,0.288717,-0.540639,VEN,CHN,610712
7138637,243,43,7692,1998,0.0,107584.0,-1.458683,-1.263139,YEM,CHN,610712
7138638,246,43,7692,1998,0.0,329850.0,0.573958,1.3813739999999999,ZAF,CHN,610712
7138639,249,43,7692,1998,1336.0,26695.0,1.224725,1.890322,TWN,CHN,610712
7138640,0,49,7692,1998,0.0,34178.0,0.197883,-0.726349,ABW,COL,610712
7138641,6,49,7692,1998,0.0,5228.0,0.666616,-0.224404,ANT,COL,610712
7138642,31,49,7692,1998,0.0,10707.0,-0.49860699999999997,-0.748521,BOL,COL,610712
7138643,33,49,7692,1998,0.0,1061.0,0.888487,0.469408,BRB,COL,610712
7138644,42,49,7692,1998,0.0,23589.0,0.029706,-0.061149,CHL,COL,610712
7138645,52,49,7692,1998,0.0,36309.0,-0.26046199999999997,-0.059391,CRI,COL,610712
7138646,65,49,7692,1998,0.0,6864.0,-0.772271,-0.765258,DOM,COL,610712
7138647,67,49,7692,1998,0.0,1009.0,-0.990915,-0.9670860000000001,ECU,COL,610712
7138648,93,49,7692,1998,0.0,1332.0,-0.344999,0.155524,GTM,COL,610712
7138649,138,49,7692,1998,0.0,53684.0,0.525671,0.880649,MEX,COL,610712
7138650,160,49,7692,1998,0.0,2557.0,-0.8012199999999999,-0.749159,NIC,COL,610712
7138651,169,49,7692,1998,0.0,3848.0,0.010123,0.5677949999999999,PAN,COL,610712
7138652,173,49,7692,1998,0.0,2694.0,-0.35875300000000004,0.042606,PER,COL,610712
7138653,180,49,7692,1998,8005.0,0.0,-0.204539,-0.766486,PRY,COL,610712
7138654,231,49,7692,1998,0.0,84363.0,1.8223639999999999,0.761336,USA,COL,610712
7138655,236,49,7692,1998,0.0,1021140.0,0.288717,-0.540639,VEN,COL,610712
7138656,250,49,7692,1998,0.0,50833.0,1.144164,1.187425,ANS,COL,610712
7138657,43,52,7692,1998,2240.0,0.0,0.3658,3.231258,CHN,CRI,610712
7138658,49,52,7692,1998,36309.0,0.0,0.205004,0.13985899999999998,COL,CRI,610712
7138659,138,52,7692,1998,1479.0,0.0,0.525671,0.880649,MEX,CRI,610712
7138660,160,52,7692,1998,0.0,1046.0,-0.8012199999999999,-0.749159,NIC,CRI,610712
7138661,197,52,7692,1998,21560.0,0.0,-0.202965,-0.000499,SLV,CRI,610712
7138662,249,52,7692,1998,2292.0,0.0,1.224725,1.890322,TWN,CRI,610712
7138663,15,61,7692,1998,411376.0,398858.0,1.891966,0.508137,AUT,DEU,610712
7138664,16,61,7692,1998,0.0,892.0,0.344571,-0.321203,AZE,DEU,610712
7138665,18,61,7692,1998,132473.0,42956.0,1.4740739999999999,1.2530430000000001,BEL,DEU,610712
7138666,22,61,7692,1998,12149.0,0.0,-1.130729,-1.001385,BGD,DEU,610712
7138667,26,61,7692,1998,111060.0,68915.0,0.290661,0.18068299999999998,BIH,DEU,610712
7138668,39,61,7692,1998,20206.0,0.0,1.077343,1.119161,CAN,DEU,610712
7138669,41,61,7692,1998,72639.0,190733.0,2.252965,0.561806,CHE,DEU,610712
7138670,42,61,7692,1998,0.0,969.0,0.029706,-0.061149,CHL,DEU,610712
7138671,43,61,7692,1998,412830.0,0.0,0.3658,3.231258,CHN,DEU,610712
7138672,59,61,7692,1998,66965.0,43942.0,1.36345,1.408508,CZE,DEU,610712
7138673,64,61,7692,1998,242787.0,18787.0,1.225999,1.470145,DNK,DEU,610712
7138674,71,61,7692,1998,64908.0,11877.0,1.051392,1.983438,ESP,DEU,610712
7138675,72,61,7692,1998,21748.0,0.0,0.53408,1.07691,EST,DEU,610712
7138676,74,61,7692,1998,12822.0,7047.0,2.003987,0.995725,FIN,DEU,610712
7138677,77,61,7692,1998,246068.0,49949.0,1.707702,0.7784270000000001,FRA,DEU,610712
7138678,81,61,7692,1998,71060.0,402357.0,1.906738,0.489101,GBR,DEU,610712
7138679,90,61,7692,1998,44065.0,18426.0,0.183835,1.1512790000000002,GRC,DEU,610712
7138680,97,61,7692,1998,351765.0,0.0,0.46966099999999994,2.5744029999999998,HKG,DEU,610712
7138681,100,61,7692,1998,553915.0,69927.0,0.692779,0.9919530000000001,HRV,DEU,610712
7138682,102,61,7692,1998,336116.0,41452.0,0.780392,1.450701,HUN,DEU,610712
7138683,103,61,7692,1998,12454.0,0.0,-0.478253,1.350652,IDN,DEU,610712
7138684,104,61,7692,1998,48903.0,0.0,0.274308,2.316908,IND,DEU,610712
7138685,106,61,7692,1998,46512.0,172179.0,1.451067,0.654442,IRL,DEU,610712
7138686,109,61,7692,1998,0.0,920.0,0.18141300000000002,-0.47993500000000006,ISL,DEU,610712
7138687,110,61,7692,1998,0.0,1642.0,1.2643739999999999,0.958475,ISR,DEU,610712
7138688,111,61,7692,1998,1206987.0,17636.0,1.4532209999999999,1.191124,ITA,DEU,610712
7138689,114,61,7692,1998,1627.0,1933.0,2.550442,0.718063,JPN,DEU,610712
7138690,115,61,7692,1998,0.0,2104.0,0.245507,-0.389842,KAZ,DEU,610712
7138691,130,61,7692,1998,10328.0,0.0,0.27073,0.692656,LTU,DEU,610712
7138692,132,61,7692,1998,12169.0,0.0,0.322473,0.388421,LVA,DEU,610712
7138693,140,61,7692,1998,123042.0,1886.0,0.102559,0.591468,MKD,DEU,610712
7138694,142,61,7692,1998,29507.0,0.0,0.919593,-0.071451,MLT,DEU,610712
7138695,162,61,7692,1998,70734.0,251724.0,1.248469,1.683182,NLD,DEU,610712
7138696,163,61,7692,1998,41017.0,6746.0,1.1660190000000001,0.43901899999999994,NOR,DEU,610712
7138697,166,61,7692,1998,0.0,1460.0,0.5690529999999999,0.7752060000000001,NZL,DEU,610712
7138698,177,61,7692,1998,44499.0,6029.0,0.8638309999999999,1.8881299999999999,POL,DEU,610712
7138699,179,61,7692,1998,813126.0,2443.0,0.39771999999999996,1.303603,PRT,DEU,610712
7138700,185,61,7692,1998,286423.0,29590.0,0.315392,0.961176,ROU,DEU,610712
7138701,186,61,7692,1998,18315.0,38567.0,0.93909,0.59719,RUS,DEU,610712
7138702,189,61,7692,1998,20879.0,13365.0,0.603733,1.535453,SCG,DEU,610712
7138703,206,61,7692,1998,3913.0,6655.0,1.202453,1.228204,SVK,DEU,610712
7138704,207,61,7692,1998,131165.0,8727.0,1.442955,1.27214,SVN,DEU,610712
7138705,208,61,7692,1998,481323.0,5949.0,2.134076,0.9259729999999999,SWE,DEU,610712
7138706,223,61,7692,1998,3538.0,5766.0,-0.21677,-0.08694299999999999,TUN,DEU,610712
7138707,224,61,7692,1998,953146.0,980.0,0.085286,1.653589,TUR,DEU,610712
7138708,231,61,7692,1998,119502.0,25306.0,1.8223639999999999,0.761336,USA,DEU,610712
7138709,246,61,7692,1998,0.0,1918.0,0.573958,1.3813739999999999,ZAF,DEU,610712
7138710,249,61,7692,1998,16219.0,0.0,1.224725,1.890322,TWN,DEU,610712
7138711,14,64,7692,1998,0.0,13305.0,0.375317,0.8864629999999999,AUS,DNK,610712
7138712,15,64,7692,1998,10250.0,24915.0,1.891966,0.508137,AUT,DNK,610712
7138713,18,64,7692,1998,5671.0,150706.0,1.4740739999999999,1.2530430000000001,BEL,DNK,610712
7138714,23,64,7692,1998,71673.0,87183.0,0.382782,1.5844479999999999,BGR,DNK,610712
7138715,43,64,7692,1998,417985.0,0.0,0.3658,3.231258,CHN,DNK,610712
7138716,59,64,7692,1998,0.0,1670.0,1.36345,1.408508,CZE,DNK,610712
7138717,61,64,7692,1998,18787.0,242787.0,2.334028,-2.417278,DEU,DNK,610712
7138718,71,64,7692,1998,23488.0,1221.0,1.051392,1.983438,ESP,DNK,610712
7138719,72,64,7692,1998,5538.0,0.0,0.53408,1.07691,EST,DNK,610712
7138720,74,64,7692,1998,1060.0,0.0,2.003987,0.995725,FIN,DNK,610712
7138721,77,64,7692,1998,19357.0,156595.0,1.707702,0.7784270000000001,FRA,DNK,610712
7138722,78,64,7692,1998,0.0,5635.0,-0.6159899999999999,-0.828198,FRO,DNK,610712
7138723,81,64,7692,1998,4656.0,7799.0,1.906738,0.489101,GBR,DNK,610712
7138724,92,64,7692,1998,0.0,3314.0,-1.011085,-0.8786809999999999,GRL,DNK,610712
7138725,97,64,7692,1998,26094.0,0.0,0.46966099999999994,2.5744029999999998,HKG,DNK,610712
7138726,103,64,7692,1998,5293.0,0.0,-0.478253,1.350652,IDN,DNK,610712
7138727,104,64,7692,1998,7539.0,0.0,0.274308,2.316908,IND,DNK,610712
7138728,109,64,7692,1998,0.0,3069.0,0.18141300000000002,-0.47993500000000006,ISL,DNK,610712
7138729,111,64,7692,1998,1396.0,128903.0,1.4532209999999999,1.191124,ITA,DNK,610712
7138730,130,64,7692,1998,49042.0,39690.0,0.27073,0.692656,LTU,DNK,610712
7138731,132,64,7692,1998,1734.0,0.0,0.322473,0.388421,LVA,DNK,610712
7138732,153,64,7692,1998,8503.0,0.0,0.396826,0.203792,MYS,DNK,610712
7138733,162,64,7692,1998,7628.0,79937.0,1.248469,1.683182,NLD,DNK,610712
7138734,163,64,7692,1998,0.0,69610.0,1.1660190000000001,0.43901899999999994,NOR,DNK,610712
7138735,166,64,7692,1998,1438.0,0.0,0.5690529999999999,0.7752060000000001,NZL,DNK,610712
7138736,174,64,7692,1998,19467.0,0.0,-0.262725,-0.075781,PHL,DNK,610712
7138737,177,64,7692,1998,92025.0,4893.0,0.8638309999999999,1.8881299999999999,POL,DNK,610712
7138738,179,64,7692,1998,142147.0,0.0,0.39771999999999996,1.303603,PRT,DNK,610712
7138739,208,64,7692,1998,467579.0,97231.0,2.134076,0.9259729999999999,SWE,DNK,610712
7138740,216,64,7692,1998,3218.0,0.0,0.128633,1.484142,THA,DNK,610712
7138741,231,64,7692,1998,0.0,2315.0,1.8223639999999999,0.761336,USA,DNK,610712
7138742,246,64,7692,1998,0.0,3774.0,0.573958,1.3813739999999999,ZAF,DNK,610712
7138743,249,64,7692,1998,0.0,1586.0,1.224725,1.890322,TWN,DNK,610712
7138744,250,64,7692,1998,1515.0,0.0,1.144164,1.187425,ANS,DNK,610712
7138745,43,67,7692,1998,3827.0,0.0,0.3658,3.231258,CHN,ECU,610712
7138746,49,67,7692,1998,1009.0,0.0,0.205004,0.13985899999999998,COL,ECU,610712
7138747,97,67,7692,1998,7439.0,0.0,0.46966099999999994,2.5744029999999998,HKG,ECU,610712
7138748,169,67,7692,1998,992.0,0.0,0.010123,0.5677949999999999,PAN,ECU,610712
7138749,180,67,7692,1998,2455.0,0.0,-0.204539,-0.766486,PRY,ECU,610712
7138750,5,71,7692,1998,0.0,5869.0,1.079978,0.618452,AND,ESP,610712
7138751,15,71,7692,1998,2880.0,2343.0,1.891966,0.508137,AUT,ESP,610712
7138752,18,71,7692,1998,8055.0,84718.0,1.4740739999999999,1.2530430000000001,BEL,ESP,610712
7138753,23,71,7692,1998,0.0,1183.0,0.382782,1.5844479999999999,BGR,ESP,610712
7138754,41,71,7692,1998,4158.0,0.0,2.252965,0.561806,CHE,ESP,610712
7138755,42,71,7692,1998,0.0,3002.0,0.029706,-0.061149,CHL,ESP,610712
7138756,43,71,7692,1998,13771.0,0.0,0.3658,3.231258,CHN,ESP,610712
7138757,61,71,7692,1998,11877.0,64908.0,2.334028,-2.417278,DEU,ESP,610712
7138758,64,71,7692,1998,1221.0,23488.0,1.225999,1.470145,DNK,ESP,610712
7138759,74,71,7692,1998,0.0,7938.0,2.003987,0.995725,FIN,ESP,610712
7138760,77,71,7692,1998,108479.0,27625.0,1.707702,0.7784270000000001,FRA,ESP,610712
7138761,81,71,7692,1998,56055.0,1495.0,1.906738,0.489101,GBR,ESP,610712
7138762,84,71,7692,1998,0.0,4608.0,0.6941689999999999,-0.21656,GIB,ESP,610712
7138763,90,71,7692,1998,0.0,3361.0,0.183835,1.1512790000000002,GRC,ESP,610712
7138764,109,71,7692,1998,0.0,919.0,0.18141300000000002,-0.47993500000000006,ISL,ESP,610712
7138765,110,71,7692,1998,14158.0,954.0,1.2643739999999999,0.958475,ISR,ESP,610712
7138766,111,71,7692,1998,20247.0,4078.0,1.4532209999999999,1.191124,ITA,ESP,610712
7138767,114,71,7692,1998,5092.0,0.0,2.550442,0.718063,JPN,ESP,610712
7138768,122,71,7692,1998,0.0,56673.0,0.037029,-1.054761,KWT,ESP,610712
7138769,124,71,7692,1998,0.0,53843.0,0.23803200000000002,0.9927860000000001,LBN,ESP,610712
7138770,134,71,7692,1998,8738.0,0.0,-0.7299479999999999,-0.23758200000000002,MAR,ESP,610712
7138771,138,71,7692,1998,0.0,985.0,0.525671,0.880649,MEX,ESP,610712
7138772,162,71,7692,1998,928.0,141050.0,1.248469,1.683182,NLD,ESP,610712
7138773,179,71,7692,1998,2941.0,50295.0,0.39771999999999996,1.303603,PRT,ESP,610712
7138774,188,71,7692,1998,0.0,13966.0,0.521849,-0.7550899999999999,SAU,ESP,610712
7138775,208,71,7692,1998,3039.0,37053.0,2.134076,0.9259729999999999,SWE,ESP,610712
7138776,212,71,7692,1998,25303.0,0.0,-0.807312,-0.626358,SYR,ESP,610712
7138777,216,71,7692,1998,5458.0,0.0,0.128633,1.484142,THA,ESP,610712
7138778,223,71,7692,1998,45907.0,75248.0,-0.21677,-0.08694299999999999,TUN,ESP,610712
7138779,224,71,7692,1998,0.0,185744.0,0.085286,1.653589,TUR,ESP,610712
7138780,231,71,7692,1998,1240.0,0.0,1.8223639999999999,0.761336,USA,ESP,610712
7138781,243,71,7692,1998,0.0,1667.0,-1.458683,-1.263139,YEM,ESP,610712
7138782,249,71,7692,1998,14065.0,0.0,1.224725,1.890322,TWN,ESP,610712
7138783,15,74,7692,1998,11291.0,1082.0,1.891966,0.508137,AUT,FIN,610712
7138784,23,74,7692,1998,19138.0,0.0,0.382782,1.5844479999999999,BGR,FIN,610712
7138785,28,74,7692,1998,1620.0,0.0,0.9122049999999999,1.161741,BLR,FIN,610712
7138786,41,74,7692,1998,0.0,18979.0,2.252965,0.561806,CHE,FIN,610712
7138787,43,74,7692,1998,125264.0,0.0,0.3658,3.231258,CHN,FIN,610712
7138788,59,74,7692,1998,3214.0,0.0,1.36345,1.408508,CZE,FIN,610712
7138789,61,74,7692,1998,7047.0,12822.0,2.334028,-2.417278,DEU,FIN,610712
7138790,64,74,7692,1998,0.0,1060.0,1.225999,1.470145,DNK,FIN,610712
7138791,71,74,7692,1998,7938.0,0.0,1.051392,1.983438,ESP,FIN,610712
7138792,72,74,7692,1998,387613.0,27499.0,0.53408,1.07691,EST,FIN,610712
7138793,77,74,7692,1998,7566.0,0.0,1.707702,0.7784270000000001,FRA,FIN,610712
7138794,81,74,7692,1998,19969.0,16000.0,1.906738,0.489101,GBR,FIN,610712
7138795,97,74,7692,1998,44740.0,0.0,0.46966099999999994,2.5744029999999998,HKG,FIN,610712
7138796,111,74,7692,1998,19606.0,0.0,1.4532209999999999,1.191124,ITA,FIN,610712
7138797,130,74,7692,1998,1203.0,1068.0,0.27073,0.692656,LTU,FIN,610712
7138798,132,74,7692,1998,7951.0,7764.0,0.322473,0.388421,LVA,FIN,610712
7138799,134,74,7692,1998,3980.0,0.0,-0.7299479999999999,-0.23758200000000002,MAR,FIN,610712
7138800,162,74,7692,1998,1439.0,20881.0,1.248469,1.683182,NLD,FIN,610712
7138801,163,74,7692,1998,4649.0,6569.0,1.1660190000000001,0.43901899999999994,NOR,FIN,610712
7138802,179,74,7692,1998,12967.0,0.0,0.39771999999999996,1.303603,PRT,FIN,610712
7138803,186,74,7692,1998,0.0,5642.0,0.93909,0.59719,RUS,FIN,610712
7138804,206,74,7692,1998,217704.0,0.0,1.202453,1.228204,SVK,FIN,610712
7138805,208,74,7692,1998,187172.0,45544.0,2.134076,0.9259729999999999,SWE,FIN,610712
7138806,216,74,7692,1998,818.0,0.0,0.128633,1.484142,THA,FIN,610712
7138807,228,74,7692,1998,0.0,1097.0,0.880876,0.783668,UKR,FIN,610712
7138808,5,77,7692,1998,0.0,5116.0,1.079978,0.618452,AND,FRA,610712
7138809,7,77,7692,1998,0.0,5548.0,-0.274973,-0.481405,ARE,FRA,610712
7138810,14,77,7692,1998,0.0,5599.0,0.375317,0.8864629999999999,AUS,FRA,610712
7138811,15,77,7692,1998,5588.0,111479.0,1.891966,0.508137,AUT,FRA,610712
7138812,18,77,7692,1998,335628.0,591279.0,1.4740739999999999,1.2530430000000001,BEL,FRA,610712
7138813,22,77,7692,1998,33557.0,0.0,-1.130729,-1.001385,BGD,FRA,610712
7138814,39,77,7692,1998,3335.0,969.0,1.077343,1.119161,CAN,FRA,610712
7138815,41,77,7692,1998,18744.0,64793.0,2.252965,0.561806,CHE,FRA,610712
7138816,43,77,7692,1998,308280.0,0.0,0.3658,3.231258,CHN,FRA,610712
7138817,44,77,7692,1998,0.0,1122.0,-0.75115,-0.753865,CIV,FRA,610712
7138818,58,77,7692,1998,0.0,2502.0,0.45990600000000004,0.41840299999999997,CYP,FRA,610712
7138819,59,77,7692,1998,0.0,4369.0,1.36345,1.408508,CZE,FRA,610712
7138820,61,77,7692,1998,49949.0,246068.0,2.334028,-2.417278,DEU,FRA,610712
7138821,64,77,7692,1998,156595.0,19357.0,1.225999,1.470145,DNK,FRA,610712
7138822,68,77,7692,1998,2781.0,0.0,-0.462755,0.079802,EGY,FRA,610712
7138823,71,77,7692,1998,27625.0,108479.0,1.051392,1.983438,ESP,FRA,610712
7138824,74,77,7692,1998,0.0,7566.0,2.003987,0.995725,FIN,FRA,610712
7138825,81,77,7692,1998,549891.0,127212.0,1.906738,0.489101,GBR,FRA,610712
7138826,90,77,7692,1998,0.0,20438.0,0.183835,1.1512790000000002,GRC,FRA,610712
7138827,97,77,7692,1998,20353.0,0.0,0.46966099999999994,2.5744029999999998,HKG,FRA,610712
7138828,102,77,7692,1998,23098.0,1144.0,0.780392,1.450701,HUN,FRA,610712
7138829,104,77,7692,1998,27124.0,0.0,0.274308,2.316908,IND,FRA,610712
7138830,111,77,7692,1998,199592.0,24278.0,1.4532209999999999,1.191124,ITA,FRA,610712
7138831,114,77,7692,1998,0.0,188438.0,2.550442,0.718063,JPN,FRA,610712
7138832,115,77,7692,1998,0.0,1705.0,0.245507,-0.389842,KAZ,FRA,610712
7138833,124,77,7692,1998,123906.0,14122.0,0.23803200000000002,0.9927860000000001,LBN,FRA,610712
7138834,134,77,7692,1998,157275.0,46036.0,-0.7299479999999999,-0.23758200000000002,MAR,FRA,610712
7138835,136,77,7692,1998,0.0,3140.0,-1.2600639999999999,-0.566983,MDG,FRA,610712
7138836,142,77,7692,1998,90294.0,0.0,0.919593,-0.071451,MLT,FRA,610712
7138837,156,77,7692,1998,0.0,1367.0,-0.846726,-0.879084,NCL,FRA,610712
7138838,162,77,7692,1998,16022.0,45120.0,1.248469,1.683182,NLD,FRA,610712
7138839,163,77,7692,1998,0.0,6948.0,1.1660190000000001,0.43901899999999994,NOR,FRA,610712
7138840,174,77,7692,1998,445641.0,0.0,-0.262725,-0.075781,PHL,FRA,610712
7138841,177,77,7692,1998,0.0,2675.0,0.8638309999999999,1.8881299999999999,POL,FRA,610712
7138842,179,77,7692,1998,48818.0,36559.0,0.39771999999999996,1.303603,PRT,FRA,610712
7138843,182,77,7692,1998,0.0,8664.0,0.422645,-0.607595,PYF,FRA,610712
7138844,185,77,7692,1998,32277.0,0.0,0.315392,0.961176,ROU,FRA,610712
7138845,186,77,7692,1998,0.0,1246.0,0.93909,0.59719,RUS,FRA,610712
7138846,188,77,7692,1998,0.0,20775.0,0.521849,-0.7550899999999999,SAU,FRA,610712
7138847,192,77,7692,1998,1440.0,0.0,1.0029709999999998,0.506545,SGP,FRA,610712
7138848,208,77,7692,1998,0.0,7518.0,2.134076,0.9259729999999999,SWE,FRA,610712
7138849,216,77,7692,1998,55870.0,0.0,0.128633,1.484142,THA,FRA,610712
7138850,223,77,7692,1998,154489.0,11379.0,-0.21677,-0.08694299999999999,TUN,FRA,610712
7138851,224,77,7692,1998,9552.0,1627.0,0.085286,1.653589,TUR,FRA,610712
7138852,231,77,7692,1998,1392.0,2221.0,1.8223639999999999,0.761336,USA,FRA,610712
7138853,239,77,7692,1998,8468.0,0.0,-0.9395469999999999,0.060697,VNM,FRA,610712
7138854,249,77,7692,1998,3976.0,0.0,1.224725,1.890322,TWN,FRA,610712
7138855,250,77,7692,1998,20388.0,0.0,1.144164,1.187425,ANS,FRA,610712
7138856,5,81,7692,1998,0.0,7742.0,1.079978,0.618452,AND,GBR,610712
7138857,7,81,7692,1998,28109.0,0.0,-0.274973,-0.481405,ARE,GBR,610712
7138858,14,81,7692,1998,0.0,21163.0,0.375317,0.8864629999999999,AUS,GBR,610712
7138859,15,81,7692,1998,2522.0,99856.0,1.891966,0.508137,AUT,GBR,610712
7138860,18,81,7692,1998,79282.0,247072.0,1.4740739999999999,1.2530430000000001,BEL,GBR,610712
7138861,22,81,7692,1998,209846.0,0.0,-1.130729,-1.001385,BGD,GBR,610712
7138862,24,81,7692,1998,0.0,1080.0,-0.044219,-0.859931,BHR,GBR,610712
7138863,39,81,7692,1998,1801.0,13770.0,1.077343,1.119161,CAN,GBR,610712
7138864,41,81,7692,1998,26963.0,183638.0,2.252965,0.561806,CHE,GBR,610712
7138865,43,81,7692,1998,541354.0,0.0,0.3658,3.231258,CHN,GBR,610712
7138866,58,81,7692,1998,0.0,20136.0,0.45990600000000004,0.41840299999999997,CYP,GBR,610712
7138867,59,81,7692,1998,0.0,7923.0,1.36345,1.408508,CZE,GBR,610712
7138868,61,81,7692,1998,402357.0,71060.0,2.334028,-2.417278,DEU,GBR,610712
7138869,64,81,7692,1998,7799.0,4656.0,1.225999,1.470145,DNK,GBR,610712
7138870,71,81,7692,1998,1495.0,56055.0,1.051392,1.983438,ESP,GBR,610712
7138871,74,81,7692,1998,16000.0,19969.0,2.003987,0.995725,FIN,GBR,610712
7138872,77,81,7692,1998,127212.0,549891.0,1.707702,0.7784270000000001,FRA,GBR,610712
7138873,90,81,7692,1998,97342.0,26076.0,0.183835,1.1512790000000002,GRC,GBR,610712
7138874,97,81,7692,1998,789648.0,30203.0,0.46966099999999994,2.5744029999999998,HKG,GBR,610712
7138875,103,81,7692,1998,27215.0,0.0,-0.478253,1.350652,IDN,GBR,610712
7138876,104,81,7692,1998,1540.0,0.0,0.274308,2.316908,IND,GBR,610712
7138877,106,81,7692,1998,6533.0,106339.0,1.451067,0.654442,IRL,GBR,610712
7138878,109,81,7692,1998,0.0,7688.0,0.18141300000000002,-0.47993500000000006,ISL,GBR,610712
7138879,110,81,7692,1998,78410.0,13628.0,1.2643739999999999,0.958475,ISR,GBR,610712
7138880,111,81,7692,1998,35139.0,9337.0,1.4532209999999999,1.191124,ITA,GBR,610712
7138881,113,81,7692,1998,0.0,1174.0,0.403009,-0.076366,JOR,GBR,610712
7138882,114,81,7692,1998,0.0,536558.0,2.550442,0.718063,JPN,GBR,610712
7138883,123,81,7692,1998,228256.0,0.0,-1.251085,-1.1803219999999999,LAO,GBR,610712
7138884,128,81,7692,1998,4580.0,0.0,-0.933293,-0.233566,LKA,GBR,610712
7138885,134,81,7692,1998,11773.0,3526.0,-0.7299479999999999,-0.23758200000000002,MAR,GBR,610712
7138886,138,81,7692,1998,0.0,3737.0,0.525671,0.880649,MEX,GBR,610712
7138887,162,81,7692,1998,52856.0,70939.0,1.248469,1.683182,NLD,GBR,610712
7138888,163,81,7692,1998,0.0,3839.0,1.1660190000000001,0.43901899999999994,NOR,GBR,610712
7138889,167,81,7692,1998,79147.0,0.0,-0.38848499999999997,-0.898559,OMN,GBR,610712
7138890,168,81,7692,1998,385735.0,0.0,-0.9008149999999999,-0.448942,PAK,GBR,610712
7138891,177,81,7692,1998,0.0,1502.0,0.8638309999999999,1.8881299999999999,POL,GBR,610712
7138892,179,81,7692,1998,133466.0,2433.0,0.39771999999999996,1.303603,PRT,GBR,610712
7138893,186,81,7692,1998,0.0,3719.0,0.93909,0.59719,RUS,GBR,610712
7138894,188,81,7692,1998,0.0,3273.0,0.521849,-0.7550899999999999,SAU,GBR,610712
7138895,190,81,7692,1998,0.0,5083.0,-1.034858,-1.089854,SDN,GBR,610712
7138896,192,81,7692,1998,0.0,7943.0,1.0029709999999998,0.506545,SGP,GBR,610712
7138897,207,81,7692,1998,0.0,2126.0,1.442955,1.27214,SVN,GBR,610712
7138898,208,81,7692,1998,1703.0,8772.0,2.134076,0.9259729999999999,SWE,GBR,610712
7138899,216,81,7692,1998,14240.0,0.0,0.128633,1.484142,THA,GBR,610712
7138900,224,81,7692,1998,169854.0,0.0,0.085286,1.653589,TUR,GBR,610712
7138901,231,81,7692,1998,109525.0,115357.0,1.8223639999999999,0.761336,USA,GBR,610712
7138902,249,81,7692,1998,32738.0,0.0,1.224725,1.890322,TWN,GBR,610712
7138903,15,90,7692,1998,2780.0,0.0,1.891966,0.508137,AUT,GRC,610712
7138904,23,90,7692,1998,28886.0,14231.0,0.382782,1.5844479999999999,BGR,GRC,610712
7138905,43,90,7692,1998,3242.0,0.0,0.3658,3.231258,CHN,GRC,610712
7138906,58,90,7692,1998,0.0,2335.0,0.45990600000000004,0.41840299999999997,CYP,GRC,610712
7138907,59,90,7692,1998,0.0,16156.0,1.36345,1.408508,CZE,GRC,610712
7138908,61,90,7692,1998,18426.0,44065.0,2.334028,-2.417278,DEU,GRC,610712
7138909,71,90,7692,1998,3361.0,0.0,1.051392,1.983438,ESP,GRC,610712
7138910,77,90,7692,1998,20438.0,0.0,1.707702,0.7784270000000001,FRA,GRC,610712
7138911,81,90,7692,1998,26076.0,97342.0,1.906738,0.489101,GBR,GRC,610712
7138912,109,90,7692,1998,0.0,2104.0,0.18141300000000002,-0.47993500000000006,ISL,GRC,610712
7138913,111,90,7692,1998,20637.0,1813.0,1.4532209999999999,1.191124,ITA,GRC,610712
7138914,162,90,7692,1998,2604.0,13176.0,1.248469,1.683182,NLD,GRC,610712
7138915,163,90,7692,1998,0.0,10954.0,1.1660190000000001,0.43901899999999994,NOR,GRC,610712
7138916,207,90,7692,1998,0.0,914.0,1.442955,1.27214,SVN,GRC,610712
7138917,208,90,7692,1998,1668.0,0.0,2.134076,0.9259729999999999,SWE,GRC,610712
7138918,224,90,7692,1998,7694.0,0.0,0.085286,1.653589,TUR,GRC,610712
7138919,231,90,7692,1998,29488.0,0.0,1.8223639999999999,0.761336,USA,GRC,610712
7138920,49,93,7692,1998,1332.0,0.0,0.205004,0.13985899999999998,COL,GTM,610712
7138921,138,93,7692,1998,17599.0,0.0,0.525671,0.880649,MEX,GTM,610712
7138922,160,93,7692,1998,0.0,16865.0,-0.8012199999999999,-0.749159,NIC,GTM,610712
7138923,169,93,7692,1998,6320.0,0.0,0.010123,0.5677949999999999,PAN,GTM,610712
7138924,197,93,7692,1998,78053.0,1912.0,-0.202965,-0.000499,SLV,GTM,610712
7138925,231,93,7692,1998,1271.0,0.0,1.8223639999999999,0.761336,USA,GTM,610712
7138926,216,96,7692,1998,2120.0,0.0,0.128633,1.484142,THA,GUY,610712
7138927,2,97,7692,1998,0.0,93159.0,-1.679223,-1.213275,AGO,HKG,610712
7138928,6,97,7692,1998,0.0,350387.0,0.666616,-0.224404,ANT,HKG,610712
7138929,7,97,7692,1998,0.0,470313.0,-0.274973,-0.481405,ARE,HKG,610712
7138930,14,97,7692,1998,11368.0,135607.0,0.375317,0.8864629999999999,AUS,HKG,610712
7138931,15,97,7692,1998,0.0,51518.0,1.891966,0.508137,AUT,HKG,610712
7138932,17,97,7692,1998,0.0,2848.0,-1.0261360000000002,-0.872906,BDI,HKG,610712
7138933,18,97,7692,1998,0.0,44883.0,1.4740739999999999,1.2530430000000001,BEL,HKG,610712
7138934,19,97,7692,1998,0.0,27649.0,-0.8198,-0.8584780000000001,BEN,HKG,610712
7138935,21,97,7692,1998,0.0,10091.0,-0.535488,-0.900509,BFA,HKG,610712
7138936,32,97,7692,1998,0.0,38096.0,0.768101,1.04589,BRA,HKG,610712
7138937,41,97,7692,1998,13011.0,16361.0,2.252965,0.561806,CHE,HKG,610712
7138938,42,97,7692,1998,0.0,83764.0,0.029706,-0.061149,CHL,HKG,610712
7138939,43,97,7692,1998,16205167.0,6124.0,0.3658,3.231258,CHN,HKG,610712
7138940,44,97,7692,1998,0.0,46188.0,-0.75115,-0.753865,CIV,HKG,610712
7138941,46,97,7692,1998,0.0,154023.0,-1.753881,-1.201073,COD,HKG,610712
7138942,47,97,7692,1998,0.0,132787.0,-1.404207,-1.133436,COG,HKG,610712
7138943,54,97,7692,1998,0.0,14762.0,-0.349393,-0.9927889999999999,CUB,HKG,610712
7138944,59,97,7692,1998,0.0,2684.0,1.36345,1.408508,CZE,HKG,610712
7138945,61,97,7692,1998,0.0,351765.0,2.334028,-2.417278,DEU,HKG,610712
7138946,64,97,7692,1998,0.0,26094.0,1.225999,1.470145,DNK,HKG,610712
7138947,67,97,7692,1998,0.0,7439.0,-0.990915,-0.9670860000000001,ECU,HKG,610712
7138948,73,97,7692,1998,0.0,10844.0,-1.279819,-1.158182,ETH,HKG,610712
7138949,74,97,7692,1998,0.0,44740.0,2.003987,0.995725,FIN,HKG,610712
7138950,75,97,7692,1998,0.0,1328.0,-1.069747,-0.965333,FJI,HKG,610712
7138951,77,97,7692,1998,0.0,20353.0,1.707702,0.7784270000000001,FRA,HKG,610712
7138952,80,97,7692,1998,0.0,2849.0,-1.122225,-1.148066,GAB,HKG,610712
7138953,81,97,7692,1998,30203.0,789648.0,1.906738,0.489101,GBR,HKG,610712
7138954,83,97,7692,1998,0.0,14353.0,-1.215123,-1.0427620000000002,GHA,HKG,610712
7138955,85,97,7692,1998,0.0,235185.0,-1.676035,-1.248894,GIN,HKG,610712
7138956,87,97,7692,1998,0.0,100106.0,-0.8280120000000001,-0.783022,GMB,HKG,610712
7138957,102,97,7692,1998,0.0,49417.0,0.780392,1.450701,HUN,HKG,610712
7138958,106,97,7692,1998,0.0,19777.0,1.451067,0.654442,IRL,HKG,610712
7138959,112,97,7692,1998,0.0,4379.0,-0.8083739999999999,-0.946183,JAM,HKG,610712
7138960,114,97,7692,1998,14981.0,14158.0,2.550442,0.718063,JPN,HKG,610712
7138961,116,97,7692,1998,0.0,4299.0,-0.434978,0.10193300000000001,KEN,HKG,610712
7138962,119,97,7692,1998,0.0,7828.0,-0.8943610000000001,-0.89439,KIR,HKG,610712
7138963,121,97,7692,1998,38640.0,0.0,0.999518,1.106351,KOR,HKG,610712
7138964,122,97,7692,1998,0.0,12448.0,0.037029,-1.054761,KWT,HKG,610712
7138965,125,97,7692,1998,0.0,17699.0,-0.41130600000000006,-1.096049,LBR,HKG,610712
7138966,138,97,7692,1998,0.0,3478.0,0.525671,0.880649,MEX,HKG,610712
7138967,141,97,7692,1998,0.0,988.0,-0.8910049999999999,-0.9654870000000001,MLI,HKG,610712
7138968,147,97,7692,1998,0.0,18300.0,-0.6813279999999999,-0.916391,MOZ,HKG,610712
7138969,148,97,7692,1998,0.0,6108.0,-1.177719,-1.199729,MRT,HKG,610712
7138970,159,97,7692,1998,0.0,17563.0,-1.484229,-1.144092,NGA,HKG,610712
7138971,162,97,7692,1998,0.0,123625.0,1.248469,1.683182,NLD,HKG,610712
7138972,163,97,7692,1998,0.0,29756.0,1.1660190000000001,0.43901899999999994,NOR,HKG,610712
7138973,166,97,7692,1998,11529.0,43185.0,0.5690529999999999,0.7752060000000001,NZL,HKG,610712
7138974,169,97,7692,1998,0.0,748495.0,0.010123,0.5677949999999999,PAN,HKG,610712
7138975,176,97,7692,1998,0.0,6617.0,-2.060952,-1.237969,PNG,HKG,610712
7138976,177,97,7692,1998,0.0,30695.0,0.8638309999999999,1.8881299999999999,POL,HKG,610712
7138977,179,97,7692,1998,0.0,5881.0,0.39771999999999996,1.303603,PRT,HKG,610712
7138978,188,97,7692,1998,0.0,123388.0,0.521849,-0.7550899999999999,SAU,HKG,610712
7138979,191,97,7692,1998,0.0,239096.0,-0.416955,-0.449216,SEN,HKG,610712
7138980,192,97,7692,1998,969.0,16784.0,1.0029709999999998,0.506545,SGP,HKG,610712
7138981,196,97,7692,1998,0.0,13307.0,0.11786300000000001,-0.45481499999999997,SLE,HKG,610712
7138982,205,97,7692,1998,0.0,5856.0,-0.9914540000000001,-0.893913,SUR,HKG,610712
7138983,208,97,7692,1998,0.0,183206.0,2.134076,0.9259729999999999,SWE,HKG,610712
7138984,215,97,7692,1998,0.0,211491.0,-0.8338540000000001,-0.8437020000000001,TGO,HKG,610712
7138985,216,97,7692,1998,0.0,14533.0,0.128633,1.484142,THA,HKG,610712
7138986,224,97,7692,1998,0.0,22102.0,0.085286,1.653589,TUR,HKG,610712
7138987,226,97,7692,1998,0.0,4066.0,-0.972823,-0.428149,TZA,HKG,610712
7138988,227,97,7692,1998,0.0,69651.0,-0.996762,-1.01326,UGA,HKG,610712
7138989,231,97,7692,1998,28535.0,293253.0,1.8223639999999999,0.761336,USA,HKG,610712
7138990,236,97,7692,1998,0.0,46825.0,0.288717,-0.540639,VEN,HKG,610712
7138991,246,97,7692,1998,0.0,532600.0,0.573958,1.3813739999999999,ZAF,HKG,610712
7138992,249,97,7692,1998,61459.0,3479.0,1.224725,1.890322,TWN,HKG,610712
7138993,250,97,7692,1998,0.0,4579.0,1.144164,1.187425,ANS,HKG,610712
7138994,114,99,7692,1998,0.0,1131.0,2.550442,0.718063,JPN,HND,610712
7138995,138,99,7692,1998,1237.0,2562.0,0.525671,0.880649,MEX,HND,610712
7138996,197,99,7692,1998,265890.0,0.0,-0.202965,-0.000499,SLV,HND,610712
7138997,231,99,7692,1998,1293120.0,9555344.0,1.8223639999999999,0.761336,USA,HND,610712
7138998,249,99,7692,1998,1558.0,0.0,1.224725,1.890322,TWN,HND,610712
7138999,14,103,7692,1998,0.0,56127.0,0.375317,0.8864629999999999,AUS,IDN,610712
7139000,19,103,7692,1998,0.0,7338.0,-0.8198,-0.8584780000000001,BEN,IDN,610712
7139001,32,103,7692,1998,0.0,929.0,0.768101,1.04589,BRA,IDN,610712
7139002,61,103,7692,1998,0.0,12454.0,2.334028,-2.417278,DEU,IDN,610712
7139003,64,103,7692,1998,0.0,5293.0,1.225999,1.470145,DNK,IDN,610712
7139004,81,103,7692,1998,0.0,27215.0,1.906738,0.489101,GBR,IDN,610712
7139005,83,103,7692,1998,0.0,6566.0,-1.215123,-1.0427620000000002,GHA,IDN,610712
7139006,104,103,7692,1998,0.0,916.0,0.274308,2.316908,IND,IDN,610712
7139007,113,103,7692,1998,0.0,13455.0,0.403009,-0.076366,JOR,IDN,610712
7139008,114,103,7692,1998,28872.0,0.0,2.550442,0.718063,JPN,IDN,610712
7139009,162,103,7692,1998,0.0,19153.0,1.248469,1.683182,NLD,IDN,610712
7139010,169,103,7692,1998,0.0,60000.0,0.010123,0.5677949999999999,PAN,IDN,610712
7139011,188,103,7692,1998,0.0,326558.0,0.521849,-0.7550899999999999,SAU,IDN,610712
7139012,231,103,7692,1998,0.0,200943.0,1.8223639999999999,0.761336,USA,IDN,610712
7139013,249,103,7692,1998,0.0,64763.0,1.224725,1.890322,TWN,IDN,610712
7139014,18,106,7692,1998,5512.0,0.0,1.4740739999999999,1.2530430000000001,BEL,IRL,610712
7139015,41,106,7692,1998,0.0,12578.0,2.252965,0.561806,CHE,IRL,610712
7139016,43,106,7692,1998,10839.0,0.0,0.3658,3.231258,CHN,IRL,610712
7139017,61,106,7692,1998,172179.0,46512.0,2.334028,-2.417278,DEU,IRL,610712
7139018,81,106,7692,1998,106339.0,6533.0,1.906738,0.489101,GBR,IRL,610712
7139019,97,106,7692,1998,19777.0,0.0,0.46966099999999994,2.5744029999999998,HKG,IRL,610712
7139020,162,106,7692,1998,12933.0,0.0,1.248469,1.683182,NLD,IRL,610712
7139021,174,106,7692,1998,1336.0,0.0,-0.262725,-0.075781,PHL,IRL,610712
7139022,179,106,7692,1998,22229.0,0.0,0.39771999999999996,1.303603,PRT,IRL,610712
7139023,249,106,7692,1998,0.0,2134.0,1.224725,1.890322,TWN,IRL,610712
7139024,39,110,7692,1998,0.0,30962.0,1.077343,1.119161,CAN,ISR,610712
7139025,41,110,7692,1998,0.0,1115.0,2.252965,0.561806,CHE,ISR,610712
7139026,61,110,7692,1998,1642.0,0.0,2.334028,-2.417278,DEU,ISR,610712
7139027,71,110,7692,1998,954.0,14158.0,1.051392,1.983438,ESP,ISR,610712
7139028,81,110,7692,1998,13628.0,78410.0,1.906738,0.489101,GBR,ISR,610712
7139029,111,110,7692,1998,11374.0,0.0,1.4532209999999999,1.191124,ITA,ISR,610712
7139030,162,110,7692,1998,0.0,27810.0,1.248469,1.683182,NLD,ISR,610712
7139031,231,110,7692,1998,1009.0,258590.0,1.8223639999999999,0.761336,USA,ISR,610712
7139032,249,110,7692,1998,0.0,2929.0,1.224725,1.890322,TWN,ISR,610712
7139033,4,111,7692,1998,1465.0,4760.0,-0.37657399999999996,-0.201006,ALB,ITA,610712
7139034,15,111,7692,1998,79583.0,30216.0,1.891966,0.508137,AUT,ITA,610712
7139035,18,111,7692,1998,148206.0,54100.0,1.4740739999999999,1.2530430000000001,BEL,ITA,610712
7139036,23,111,7692,1998,31684.0,151582.0,0.382782,1.5844479999999999,BGR,ITA,610712
7139037,26,111,7692,1998,0.0,11487.0,0.290661,0.18068299999999998,BIH,ITA,610712
7139038,32,111,7692,1998,0.0,1482.0,0.768101,1.04589,BRA,ITA,610712
7139039,39,111,7692,1998,0.0,13105.0,1.077343,1.119161,CAN,ITA,610712
7139040,41,111,7692,1998,20251.0,56251.0,2.252965,0.561806,CHE,ITA,610712
7139041,42,111,7692,1998,0.0,1937.0,0.029706,-0.061149,CHL,ITA,610712
7139042,43,111,7692,1998,70207.0,0.0,0.3658,3.231258,CHN,ITA,610712
7139043,58,111,7692,1998,0.0,6019.0,0.45990600000000004,0.41840299999999997,CYP,ITA,610712
7139044,59,111,7692,1998,8865.0,8421.0,1.36345,1.408508,CZE,ITA,610712
7139045,61,111,7692,1998,17636.0,1206987.0,2.334028,-2.417278,DEU,ITA,610712
7139046,64,111,7692,1998,128903.0,1396.0,1.225999,1.470145,DNK,ITA,610712
7139047,71,111,7692,1998,4078.0,20247.0,1.051392,1.983438,ESP,ITA,610712
7139048,74,111,7692,1998,0.0,19606.0,2.003987,0.995725,FIN,ITA,610712
7139049,77,111,7692,1998,24278.0,199592.0,1.707702,0.7784270000000001,FRA,ITA,610712
7139050,81,111,7692,1998,9337.0,35139.0,1.906738,0.489101,GBR,ITA,610712
7139051,90,111,7692,1998,1813.0,20637.0,0.183835,1.1512790000000002,GRC,ITA,610712
7139052,100,111,7692,1998,6926.0,29623.0,0.692779,0.9919530000000001,HRV,ITA,610712
7139053,102,111,7692,1998,0.0,985.0,0.780392,1.450701,HUN,ITA,610712
7139054,110,111,7692,1998,0.0,11374.0,1.2643739999999999,0.958475,ISR,ITA,610712
7139055,113,111,7692,1998,0.0,4600.0,0.403009,-0.076366,JOR,ITA,610712
7139056,114,111,7692,1998,0.0,79740.0,2.550442,0.718063,JPN,ITA,610712
7139057,121,111,7692,1998,0.0,6081.0,0.999518,1.106351,KOR,ITA,610712
7139058,124,111,7692,1998,0.0,8930.0,0.23803200000000002,0.9927860000000001,LBN,ITA,610712
7139059,135,111,7692,1998,0.0,2894.0,-0.112783,-0.276584,MDA,ITA,610712
7139060,138,111,7692,1998,0.0,1666.0,0.525671,0.880649,MEX,ITA,610712
7139061,162,111,7692,1998,20005.0,18331.0,1.248469,1.683182,NLD,ITA,610712
7139062,163,111,7692,1998,0.0,18959.0,1.1660190000000001,0.43901899999999994,NOR,ITA,610712
7139063,173,111,7692,1998,0.0,2098.0,-0.35875300000000004,0.042606,PER,ITA,610712
7139064,177,111,7692,1998,0.0,21226.0,0.8638309999999999,1.8881299999999999,POL,ITA,610712
7139065,179,111,7692,1998,0.0,13674.0,0.39771999999999996,1.303603,PRT,ITA,610712
7139066,185,111,7692,1998,3085.0,12892.0,0.315392,0.961176,ROU,ITA,610712
7139067,186,111,7692,1998,0.0,1407.0,0.93909,0.59719,RUS,ITA,610712
7139068,188,111,7692,1998,0.0,1548.0,0.521849,-0.7550899999999999,SAU,ITA,610712
7139069,189,111,7692,1998,2644.0,0.0,0.603733,1.535453,SCG,ITA,610712
7139070,206,111,7692,1998,83239.0,6108.0,1.202453,1.228204,SVK,ITA,610712
7139071,207,111,7692,1998,0.0,5452.0,1.442955,1.27214,SVN,ITA,610712
7139072,208,111,7692,1998,16226.0,8447.0,2.134076,0.9259729999999999,SWE,ITA,610712
7139073,224,111,7692,1998,13573.0,0.0,0.085286,1.653589,TUR,ITA,610712
7139074,231,111,7692,1998,1345.0,816458.0,1.8223639999999999,0.761336,USA,ITA,610712
7139075,43,112,7692,1998,2058.0,0.0,0.3658,3.231258,CHN,JAM,610712
7139076,97,112,7692,1998,4379.0,0.0,0.46966099999999994,2.5744029999999998,HKG,JAM,610712
7139077,127,112,7692,1998,0.0,3266.0,-0.056641,-0.672786,LCA,JAM,610712
7139078,222,112,7692,1998,0.0,6699.0,0.273917,-0.453996,TTO,JAM,610712
7139079,39,121,7692,1998,0.0,13821.0,1.077343,1.119161,CAN,KOR,610712
7139080,43,121,7692,1998,78801.0,2683.0,0.3658,3.231258,CHN,KOR,610712
7139081,45,121,7692,1998,0.0,13009.0,-1.8845029999999998,-1.250205,CMR,KOR,610712
7139082,83,121,7692,1998,0.0,1413.0,-1.215123,-1.0427620000000002,GHA,KOR,610712
7139083,97,121,7692,1998,0.0,38640.0,0.46966099999999994,2.5744029999999998,HKG,KOR,610712
7139084,111,121,7692,1998,6081.0,0.0,1.4532209999999999,1.191124,ITA,KOR,610712
7139085,113,121,7692,1998,0.0,1546.0,0.403009,-0.076366,JOR,KOR,610712
7139086,114,121,7692,1998,6565.0,416664.0,2.550442,0.718063,JPN,KOR,610712
7139087,231,121,7692,1998,4202.0,172665.0,1.8223639999999999,0.761336,USA,KOR,610712
7139088,250,121,7692,1998,607.0,0.0,1.144164,1.187425,ANS,KOR,610712
7139089,44,124,7692,1998,0.0,6461.0,-0.75115,-0.753865,CIV,LBN,610712
7139090,58,124,7692,1998,0.0,600.0,0.45990600000000004,0.41840299999999997,CYP,LBN,610712
7139091,71,124,7692,1998,53843.0,0.0,1.051392,1.983438,ESP,LBN,610712
7139092,77,124,7692,1998,14122.0,123906.0,1.707702,0.7784270000000001,FRA,LBN,610712
7139093,111,124,7692,1998,8930.0,0.0,1.4532209999999999,1.191124,ITA,LBN,610712
7139094,126,124,7692,1998,0.0,9834.0,-0.303379,-1.1347180000000001,LBY,LBN,610712
7139095,216,124,7692,1998,4366.0,0.0,0.128633,1.484142,THA,LBN,610712
7139096,224,124,7692,1998,4461.0,0.0,0.085286,1.653589,TUR,LBN,610712
7139097,231,124,7692,1998,13688.0,0.0,1.8223639999999999,0.761336,USA,LBN,610712
7139098,250,124,7692,1998,1834.0,0.0,1.144164,1.187425,ANS,LBN,610712
7139099,42,138,7692,1998,0.0,12363.0,0.029706,-0.061149,CHL,MEX,610712
7139100,43,138,7692,1998,95987.0,0.0,0.3658,3.231258,CHN,MEX,610712
7139101,49,138,7692,1998,53684.0,0.0,0.205004,0.13985899999999998,COL,MEX,610712
7139102,52,138,7692,1998,0.0,1479.0,-0.26046199999999997,-0.059391,CRI,MEX,610712
7139103,71,138,7692,1998,985.0,0.0,1.051392,1.983438,ESP,MEX,610712
7139104,81,138,7692,1998,3737.0,0.0,1.906738,0.489101,GBR,MEX,610712
7139105,93,138,7692,1998,0.0,17599.0,-0.344999,0.155524,GTM,MEX,610712
7139106,97,138,7692,1998,3478.0,0.0,0.46966099999999994,2.5744029999999998,HKG,MEX,610712
7139107,99,138,7692,1998,2562.0,1237.0,-0.9326049999999999,-0.598527,HND,MEX,610712
7139108,111,138,7692,1998,1666.0,0.0,1.4532209999999999,1.191124,ITA,MEX,610712
7139109,133,138,7692,1998,2856.0,0.0,-0.21838000000000002,-0.370322,MAC,MEX,610712
7139110,231,138,7692,1998,173160.0,995691.0,1.8223639999999999,0.761336,USA,MEX,610712
7139111,249,138,7692,1998,1564.0,0.0,1.224725,1.890322,TWN,MEX,610712
7139112,34,153,7692,1998,0.0,2553.0,-0.445218,-0.833083,BRN,MYS,610712
7139113,64,153,7692,1998,0.0,8503.0,1.225999,1.470145,DNK,MYS,610712
7139114,192,153,7692,1998,3923.0,111918.0,1.0029709999999998,0.506545,SGP,MYS,610712
7139115,231,153,7692,1998,4411.0,0.0,1.8223639999999999,0.761336,USA,MYS,610712
7139116,15,162,7692,1998,32756.0,5572.0,1.891966,0.508137,AUT,NLD,610712
7139117,18,162,7692,1998,130502.0,97417.0,1.4740739999999999,1.2530430000000001,BEL,NLD,610712
7139118,25,162,7692,1998,0.0,2264.0,1.090167,0.25353000000000003,BHS,NLD,610712
7139119,41,162,7692,1998,17869.0,19184.0,2.252965,0.561806,CHE,NLD,610712
7139120,43,162,7692,1998,126377.0,0.0,0.3658,3.231258,CHN,NLD,610712
7139121,59,162,7692,1998,0.0,1203.0,1.36345,1.408508,CZE,NLD,610712
7139122,61,162,7692,1998,251724.0,70734.0,2.334028,-2.417278,DEU,NLD,610712
7139123,64,162,7692,1998,79937.0,7628.0,1.225999,1.470145,DNK,NLD,610712
7139124,71,162,7692,1998,141050.0,928.0,1.051392,1.983438,ESP,NLD,610712
7139125,74,162,7692,1998,20881.0,1439.0,2.003987,0.995725,FIN,NLD,610712
7139126,77,162,7692,1998,45120.0,16022.0,1.707702,0.7784270000000001,FRA,NLD,610712
7139127,81,162,7692,1998,70939.0,52856.0,1.906738,0.489101,GBR,NLD,610712
7139128,90,162,7692,1998,13176.0,2604.0,0.183835,1.1512790000000002,GRC,NLD,610712
7139129,97,162,7692,1998,123625.0,0.0,0.46966099999999994,2.5744029999999998,HKG,NLD,610712
7139130,103,162,7692,1998,19153.0,0.0,-0.478253,1.350652,IDN,NLD,610712
7139131,104,162,7692,1998,3587.0,0.0,0.274308,2.316908,IND,NLD,610712
7139132,106,162,7692,1998,0.0,12933.0,1.451067,0.654442,IRL,NLD,610712
7139133,110,162,7692,1998,27810.0,0.0,1.2643739999999999,0.958475,ISR,NLD,610712
7139134,111,162,7692,1998,18331.0,20005.0,1.4532209999999999,1.191124,ITA,NLD,610712
7139135,163,162,7692,1998,0.0,1675.0,1.1660190000000001,0.43901899999999994,NOR,NLD,610712
7139136,174,162,7692,1998,107453.0,0.0,-0.262725,-0.075781,PHL,NLD,610712
7139137,177,162,7692,1998,0.0,1882.0,0.8638309999999999,1.8881299999999999,POL,NLD,610712
7139138,179,162,7692,1998,72775.0,3450.0,0.39771999999999996,1.303603,PRT,NLD,610712
7139139,185,162,7692,1998,33918.0,12520.0,0.315392,0.961176,ROU,NLD,610712
7139140,208,162,7692,1998,314039.0,3380.0,2.134076,0.9259729999999999,SWE,NLD,610712
7139141,224,162,7692,1998,6937.0,0.0,0.085286,1.653589,TUR,NLD,610712
7139142,231,162,7692,1998,17380.0,3484.0,1.8223639999999999,0.761336,USA,NLD,610712
7139143,249,162,7692,1998,3585.0,0.0,1.224725,1.890322,TWN,NLD,610712
7139144,15,163,7692,1998,46266.0,0.0,1.891966,0.508137,AUT,NOR,610712
7139145,18,163,7692,1998,5033.0,0.0,1.4740739999999999,1.2530430000000001,BEL,NOR,610712
7139146,41,163,7692,1998,1585.0,0.0,2.252965,0.561806,CHE,NOR,610712
7139147,43,163,7692,1998,19534.0,0.0,0.3658,3.231258,CHN,NOR,610712
7139148,59,163,7692,1998,11784.0,0.0,1.36345,1.408508,CZE,NOR,610712
7139149,61,163,7692,1998,6746.0,41017.0,2.334028,-2.417278,DEU,NOR,610712
7139150,64,163,7692,1998,69610.0,0.0,1.225999,1.470145,DNK,NOR,610712
7139151,72,163,7692,1998,21866.0,5049.0,0.53408,1.07691,EST,NOR,610712
7139152,74,163,7692,1998,6569.0,4649.0,2.003987,0.995725,FIN,NOR,610712
7139153,77,163,7692,1998,6948.0,0.0,1.707702,0.7784270000000001,FRA,NOR,610712
7139154,81,163,7692,1998,3839.0,0.0,1.906738,0.489101,GBR,NOR,610712
7139155,90,163,7692,1998,10954.0,0.0,0.183835,1.1512790000000002,GRC,NOR,610712
7139156,97,163,7692,1998,29756.0,0.0,0.46966099999999994,2.5744029999999998,HKG,NOR,610712
7139157,109,163,7692,1998,0.0,1294.0,0.18141300000000002,-0.47993500000000006,ISL,NOR,610712
7139158,111,163,7692,1998,18959.0,0.0,1.4532209999999999,1.191124,ITA,NOR,610712
7139159,114,163,7692,1998,0.0,45410.0,2.550442,0.718063,JPN,NOR,610712
7139160,130,163,7692,1998,5262.0,1379.0,0.27073,0.692656,LTU,NOR,610712
7139161,132,163,7692,1998,4012.0,0.0,0.322473,0.388421,LVA,NOR,610712
7139162,162,163,7692,1998,1675.0,0.0,1.248469,1.683182,NLD,NOR,610712
7139163,179,163,7692,1998,4255.0,0.0,0.39771999999999996,1.303603,PRT,NOR,610712
7139164,206,163,7692,1998,19799.0,2438.0,1.202453,1.228204,SVK,NOR,610712
7139165,208,163,7692,1998,155877.0,118500.0,2.134076,0.9259729999999999,SWE,NOR,610712
7139166,216,163,7692,1998,1689.0,0.0,0.128633,1.484142,THA,NOR,610712
7139167,231,163,7692,1998,2625.0,0.0,1.8223639999999999,0.761336,USA,NOR,610712
7139168,14,166,7692,1998,5692.0,130628.0,0.375317,0.8864629999999999,AUS,NZL,610712
7139169,42,166,7692,1998,0.0,8550.0,0.029706,-0.061149,CHL,NZL,610712
7139170,43,166,7692,1998,54965.0,0.0,0.3658,3.231258,CHN,NZL,610712
7139171,61,166,7692,1998,1460.0,0.0,2.334028,-2.417278,DEU,NZL,610712
7139172,64,166,7692,1998,0.0,1438.0,1.225999,1.470145,DNK,NZL,610712
7139173,97,166,7692,1998,43185.0,11529.0,0.46966099999999994,2.5744029999999998,HKG,NZL,610712
7139174,114,166,7692,1998,0.0,11989.0,2.550442,0.718063,JPN,NZL,610712
7139175,174,166,7692,1998,1171.0,0.0,-0.262725,-0.075781,PHL,NZL,610712
7139176,216,166,7692,1998,9642.0,0.0,0.128633,1.484142,THA,NZL,610712
7139177,231,166,7692,1998,25657.0,3215.0,1.8223639999999999,0.761336,USA,NZL,610712
7139178,250,166,7692,1998,0.0,1034.0,1.144164,1.187425,ANS,NZL,610712
7139179,6,169,7692,1998,0.0,1918.0,0.666616,-0.224404,ANT,PAN,610712
7139180,43,169,7692,1998,406810.0,0.0,0.3658,3.231258,CHN,PAN,610712
7139181,49,169,7692,1998,3848.0,0.0,0.205004,0.13985899999999998,COL,PAN,610712
7139182,67,169,7692,1998,0.0,992.0,-0.990915,-0.9670860000000001,ECU,PAN,610712
7139183,93,169,7692,1998,0.0,6320.0,-0.344999,0.155524,GTM,PAN,610712
7139184,97,169,7692,1998,748495.0,0.0,0.46966099999999994,2.5744029999999998,HKG,PAN,610712
7139185,103,169,7692,1998,60000.0,0.0,-0.478253,1.350652,IDN,PAN,610712
7139186,160,169,7692,1998,0.0,6009.0,-0.8012199999999999,-0.749159,NIC,PAN,610712
7139187,231,169,7692,1998,65805.0,0.0,1.8223639999999999,0.761336,USA,PAN,610712
7139188,236,169,7692,1998,0.0,40363.0,0.288717,-0.540639,VEN,PAN,610712
7139189,31,173,7692,1998,0.0,3386.0,-0.49860699999999997,-0.748521,BOL,PER,610712
7139190,49,173,7692,1998,2694.0,0.0,0.205004,0.13985899999999998,COL,PER,610712
7139191,111,173,7692,1998,2098.0,0.0,1.4532209999999999,1.191124,ITA,PER,610712
7139192,180,173,7692,1998,16011.0,3467.0,-0.204539,-0.766486,PRY,PER,610712
7139193,7,174,7692,1998,0.0,10185.0,-0.274973,-0.481405,ARE,PHL,610712
7139194,42,174,7692,1998,0.0,14228.0,0.029706,-0.061149,CHL,PHL,610712
7139195,43,174,7692,1998,19117.0,0.0,0.3658,3.231258,CHN,PHL,610712
7139196,64,174,7692,1998,0.0,19467.0,1.225999,1.470145,DNK,PHL,610712
7139197,77,174,7692,1998,0.0,445641.0,1.707702,0.7784270000000001,FRA,PHL,610712
7139198,104,174,7692,1998,0.0,22865.0,0.274308,2.316908,IND,PHL,610712
7139199,106,174,7692,1998,0.0,1336.0,1.451067,0.654442,IRL,PHL,610712
7139200,114,174,7692,1998,0.0,313847.0,2.550442,0.718063,JPN,PHL,610712
7139201,162,174,7692,1998,0.0,107453.0,1.248469,1.683182,NLD,PHL,610712
7139202,166,174,7692,1998,0.0,1171.0,0.5690529999999999,0.7752060000000001,NZL,PHL,610712
7139203,188,174,7692,1998,0.0,346831.0,0.521849,-0.7550899999999999,SAU,PHL,610712
7139204,231,174,7692,1998,0.0,20996.0,1.8223639999999999,0.761336,USA,PHL,610712
7139205,249,174,7692,1998,1520.0,0.0,1.224725,1.890322,TWN,PHL,610712
7139206,250,174,7692,1998,0.0,2005.0,1.144164,1.187425,ANS,PHL,610712
7139207,2,179,7692,1998,0.0,6241.0,-1.679223,-1.213275,AGO,PRT,610712
7139208,15,179,7692,1998,0.0,3656.0,1.891966,0.508137,AUT,PRT,610712
7139209,18,179,7692,1998,2810.0,10542.0,1.4740739999999999,1.2530430000000001,BEL,PRT,610712
7139210,39,179,7692,1998,0.0,999.0,1.077343,1.119161,CAN,PRT,610712
7139211,41,179,7692,1998,0.0,77960.0,2.252965,0.561806,CHE,PRT,610712
7139212,43,179,7692,1998,2762.0,0.0,0.3658,3.231258,CHN,PRT,610712
7139213,59,179,7692,1998,0.0,1931.0,1.36345,1.408508,CZE,PRT,610712
7139214,61,179,7692,1998,2443.0,813126.0,2.334028,-2.417278,DEU,PRT,610712
7139215,64,179,7692,1998,0.0,142147.0,1.225999,1.470145,DNK,PRT,610712
7139216,71,179,7692,1998,50295.0,2941.0,1.051392,1.983438,ESP,PRT,610712
7139217,74,179,7692,1998,0.0,12967.0,2.003987,0.995725,FIN,PRT,610712
7139218,77,179,7692,1998,36559.0,48818.0,1.707702,0.7784270000000001,FRA,PRT,610712
7139219,81,179,7692,1998,2433.0,133466.0,1.906738,0.489101,GBR,PRT,610712
7139220,97,179,7692,1998,5881.0,0.0,0.46966099999999994,2.5744029999999998,HKG,PRT,610712
7139221,106,179,7692,1998,0.0,22229.0,1.451067,0.654442,IRL,PRT,610712
7139222,111,179,7692,1998,13674.0,0.0,1.4532209999999999,1.191124,ITA,PRT,610712
7139223,162,179,7692,1998,3450.0,72775.0,1.248469,1.683182,NLD,PRT,610712
7139224,163,179,7692,1998,0.0,4255.0,1.1660190000000001,0.43901899999999994,NOR,PRT,610712
7139225,208,179,7692,1998,0.0,18566.0,2.134076,0.9259729999999999,SWE,PRT,610712
7139226,231,179,7692,1998,0.0,4487.0,1.8223639999999999,0.761336,USA,PRT,610712
7139227,68,190,7692,1998,5006.0,0.0,-0.462755,0.079802,EGY,SDN,610712
7139228,81,190,7692,1998,5083.0,0.0,1.906738,0.489101,GBR,SDN,610712
7139229,15,208,7692,1998,0.0,3945.0,1.891966,0.508137,AUT,SWE,610712
7139230,18,208,7692,1998,26062.0,2816.0,1.4740739999999999,1.2530430000000001,BEL,SWE,610712
7139231,39,208,7692,1998,3912.0,0.0,1.077343,1.119161,CAN,SWE,610712
7139232,41,208,7692,1998,3164.0,34673.0,2.252965,0.561806,CHE,SWE,610712
7139233,43,208,7692,1998,68761.0,0.0,0.3658,3.231258,CHN,SWE,610712
7139234,58,208,7692,1998,0.0,881.0,0.45990600000000004,0.41840299999999997,CYP,SWE,610712
7139235,59,208,7692,1998,2364.0,27674.0,1.36345,1.408508,CZE,SWE,610712
7139236,61,208,7692,1998,5949.0,481323.0,2.334028,-2.417278,DEU,SWE,610712
7139237,64,208,7692,1998,97231.0,467579.0,1.225999,1.470145,DNK,SWE,610712
7139238,68,208,7692,1998,65930.0,0.0,-0.462755,0.079802,EGY,SWE,610712
7139239,71,208,7692,1998,37053.0,3039.0,1.051392,1.983438,ESP,SWE,610712
7139240,72,208,7692,1998,406460.0,0.0,0.53408,1.07691,EST,SWE,610712
7139241,74,208,7692,1998,45544.0,187172.0,2.003987,0.995725,FIN,SWE,610712
7139242,77,208,7692,1998,7518.0,0.0,1.707702,0.7784270000000001,FRA,SWE,610712
7139243,81,208,7692,1998,8772.0,1703.0,1.906738,0.489101,GBR,SWE,610712
7139244,90,208,7692,1998,0.0,1668.0,0.183835,1.1512790000000002,GRC,SWE,610712
7139245,97,208,7692,1998,183206.0,0.0,0.46966099999999994,2.5744029999999998,HKG,SWE,610712
7139246,102,208,7692,1998,946.0,966.0,0.780392,1.450701,HUN,SWE,610712
7139247,104,208,7692,1998,7396.0,0.0,0.274308,2.316908,IND,SWE,610712
7139248,109,208,7692,1998,0.0,7591.0,0.18141300000000002,-0.47993500000000006,ISL,SWE,610712
7139249,111,208,7692,1998,8447.0,16226.0,1.4532209999999999,1.191124,ITA,SWE,610712
7139250,114,208,7692,1998,0.0,2942.0,2.550442,0.718063,JPN,SWE,610712
7139251,132,208,7692,1998,589057.0,29889.0,0.322473,0.388421,LVA,SWE,610712
7139252,133,208,7692,1998,16808.0,0.0,-0.21838000000000002,-0.370322,MAC,SWE,610712
7139253,162,208,7692,1998,3380.0,314039.0,1.248469,1.683182,NLD,SWE,610712
7139254,163,208,7692,1998,118500.0,155877.0,1.1660190000000001,0.43901899999999994,NOR,SWE,610712
7139255,177,208,7692,1998,155071.0,53492.0,0.8638309999999999,1.8881299999999999,POL,SWE,610712
7139256,179,208,7692,1998,18566.0,0.0,0.39771999999999996,1.303603,PRT,SWE,610712
7139257,185,208,7692,1998,68184.0,27771.0,0.315392,0.961176,ROU,SWE,610712
7139258,206,208,7692,1998,1705.0,944.0,1.202453,1.228204,SVK,SWE,610712
7139259,207,208,7692,1998,11082.0,3608.0,1.442955,1.27214,SVN,SWE,610712
7139260,216,208,7692,1998,2226.0,0.0,0.128633,1.484142,THA,SWE,610712
7139261,231,208,7692,1998,7103.0,12693.0,1.8223639999999999,0.761336,USA,SWE,610712
7139262,249,208,7692,1998,1188.0,0.0,1.224725,1.890322,TWN,SWE,610712
7139263,2,216,7692,1998,0.0,57435.0,-1.679223,-1.213275,AGO,THA,610712
7139264,6,216,7692,1998,0.0,5988.0,0.666616,-0.224404,ANT,THA,610712
7139265,7,216,7692,1998,0.0,59082.0,-0.274973,-0.481405,ARE,THA,610712
7139266,19,216,7692,1998,0.0,15695.0,-0.8198,-0.8584780000000001,BEN,THA,610712
7139267,23,216,7692,1998,0.0,1173.0,0.382782,1.5844479999999999,BGR,THA,610712
7139268,39,216,7692,1998,0.0,14832.0,1.077343,1.119161,CAN,THA,610712
7139269,44,216,7692,1998,0.0,6704.0,-0.75115,-0.753865,CIV,THA,610712
7139270,47,216,7692,1998,0.0,2271.0,-1.404207,-1.133436,COG,THA,610712
7139271,59,216,7692,1998,0.0,704.0,1.36345,1.408508,CZE,THA,610712
7139272,62,216,7692,1998,0.0,2820.0,0.521307,-0.071371,DJI,THA,610712
7139273,64,216,7692,1998,0.0,3218.0,1.225999,1.470145,DNK,THA,610712
7139274,71,216,7692,1998,0.0,5458.0,1.051392,1.983438,ESP,THA,610712
7139275,73,216,7692,1998,0.0,8672.0,-1.279819,-1.158182,ETH,THA,610712
7139276,74,216,7692,1998,0.0,818.0,2.003987,0.995725,FIN,THA,610712
7139277,75,216,7692,1998,0.0,1312.0,-1.069747,-0.965333,FJI,THA,610712
7139278,77,216,7692,1998,0.0,55870.0,1.707702,0.7784270000000001,FRA,THA,610712
7139279,81,216,7692,1998,0.0,14240.0,1.906738,0.489101,GBR,THA,610712
7139280,96,216,7692,1998,0.0,2120.0,-0.8204450000000001,-0.8914200000000001,GUY,THA,610712
7139281,97,216,7692,1998,14533.0,0.0,0.46966099999999994,2.5744029999999998,HKG,THA,610712
7139282,102,216,7692,1998,0.0,16056.0,0.780392,1.450701,HUN,THA,610712
7139283,104,216,7692,1998,0.0,3175.0,0.274308,2.316908,IND,THA,610712
7139284,114,216,7692,1998,0.0,300152.0,2.550442,0.718063,JPN,THA,610712
7139285,116,216,7692,1998,0.0,5330.0,-0.434978,0.10193300000000001,KEN,THA,610712
7139286,122,216,7692,1998,0.0,1663.0,0.037029,-1.054761,KWT,THA,610712
7139287,124,216,7692,1998,0.0,4366.0,0.23803200000000002,0.9927860000000001,LBN,THA,610712
7139288,137,216,7692,1998,0.0,19674.0,-1.4121629999999998,-1.084394,MDV,THA,610712
7139289,141,216,7692,1998,0.0,1071.0,-0.8910049999999999,-0.9654870000000001,MLI,THA,610712
7139290,143,216,7692,1998,0.0,408317.0,-1.620365,-0.997957,MMR,THA,610712
7139291,147,216,7692,1998,0.0,37296.0,-0.6813279999999999,-0.916391,MOZ,THA,610712
7139292,159,216,7692,1998,0.0,1498.0,-1.484229,-1.144092,NGA,THA,610712
7139293,163,216,7692,1998,0.0,1689.0,1.1660190000000001,0.43901899999999994,NOR,THA,610712
7139294,166,216,7692,1998,0.0,9642.0,0.5690529999999999,0.7752060000000001,NZL,THA,610712
7139295,176,216,7692,1998,0.0,852.0,-2.060952,-1.237969,PNG,THA,610712
7139296,182,216,7692,1998,0.0,800.0,0.422645,-0.607595,PYF,THA,610712
7139297,185,216,7692,1998,0.0,1465.0,0.315392,0.961176,ROU,THA,610712
7139298,188,216,7692,1998,0.0,11369.0,0.521849,-0.7550899999999999,SAU,THA,610712
7139299,192,216,7692,1998,0.0,1937.0,1.0029709999999998,0.506545,SGP,THA,610712
7139300,208,216,7692,1998,0.0,2226.0,2.134076,0.9259729999999999,SWE,THA,610712
7139301,215,216,7692,1998,0.0,25525.0,-0.8338540000000001,-0.8437020000000001,TGO,THA,610712
7139302,226,216,7692,1998,0.0,33885.0,-0.972823,-0.428149,TZA,THA,610712
7139303,227,216,7692,1998,0.0,6810.0,-0.996762,-1.01326,UGA,THA,610712
7139304,231,216,7692,1998,0.0,279552.0,1.8223639999999999,0.761336,USA,THA,610712
7139305,242,216,7692,1998,0.0,2630.0,-1.3855540000000002,-0.932428,WSM,THA,610712
7139306,249,216,7692,1998,10080.0,38134.0,1.224725,1.890322,TWN,THA,610712
7139307,250,216,7692,1998,0.0,2107.0,1.144164,1.187425,ANS,THA,610712
7139308,33,222,7692,1998,0.0,3536.0,0.888487,0.469408,BRB,TTO,610712
7139309,104,222,7692,1998,1044.0,0.0,0.274308,2.316908,IND,TTO,610712
7139310,112,222,7692,1998,6699.0,0.0,-0.8083739999999999,-0.946183,JAM,TTO,610712
7139311,7,224,7692,1998,0.0,1154.0,-0.274973,-0.481405,ARE,TUR,610712
7139312,8,224,7692,1998,0.0,813.0,0.272015,0.45031099999999996,ARG,TUR,610712
7139313,15,224,7692,1998,0.0,7578.0,1.891966,0.508137,AUT,TUR,610712
7139314,18,224,7692,1998,0.0,2322.0,1.4740739999999999,1.2530430000000001,BEL,TUR,610712
7139315,23,224,7692,1998,0.0,135801.0,0.382782,1.5844479999999999,BGR,TUR,610712
7139316,61,224,7692,1998,980.0,953146.0,2.334028,-2.417278,DEU,TUR,610712
7139317,66,224,7692,1998,0.0,17350.0,-0.726061,-1.161031,DZA,TUR,610712
7139318,68,224,7692,1998,0.0,3375.0,-0.462755,0.079802,EGY,TUR,610712
7139319,71,224,7692,1998,185744.0,0.0,1.051392,1.983438,ESP,TUR,610712
7139320,72,224,7692,1998,0.0,3391.0,0.53408,1.07691,EST,TUR,610712
7139321,77,224,7692,1998,1627.0,9552.0,1.707702,0.7784270000000001,FRA,TUR,610712
7139322,81,224,7692,1998,0.0,169854.0,1.906738,0.489101,GBR,TUR,610712
7139323,90,224,7692,1998,0.0,7694.0,0.183835,1.1512790000000002,GRC,TUR,610712
7139324,97,224,7692,1998,22102.0,0.0,0.46966099999999994,2.5744029999999998,HKG,TUR,610712
7139325,102,224,7692,1998,0.0,859.0,0.780392,1.450701,HUN,TUR,610712
7139326,111,224,7692,1998,0.0,13573.0,1.4532209999999999,1.191124,ITA,TUR,610712
7139327,113,224,7692,1998,0.0,3465.0,0.403009,-0.076366,JOR,TUR,610712
7139328,124,224,7692,1998,0.0,4461.0,0.23803200000000002,0.9927860000000001,LBN,TUR,610712
7139329,130,224,7692,1998,0.0,2347.0,0.27073,0.692656,LTU,TUR,610712
7139330,140,224,7692,1998,0.0,2221.0,0.102559,0.591468,MKD,TUR,610712
7139331,162,224,7692,1998,0.0,6937.0,1.248469,1.683182,NLD,TUR,610712
7139332,177,224,7692,1998,0.0,103983.0,0.8638309999999999,1.8881299999999999,POL,TUR,610712
7139333,185,224,7692,1998,0.0,2938098.0,0.315392,0.961176,ROU,TUR,610712
7139334,186,224,7692,1998,0.0,26777.0,0.93909,0.59719,RUS,TUR,610712
7139335,188,224,7692,1998,0.0,7624.0,0.521849,-0.7550899999999999,SAU,TUR,610712
7139336,250,224,7692,1998,9585.0,2847.0,1.144164,1.187425,ANS,TUR,610712
7139337,8,231,7692,1998,0.0,20286.0,0.272015,0.45031099999999996,ARG,USA,610712
7139338,14,231,7692,1998,0.0,12521.0,0.375317,0.8864629999999999,AUS,USA,610712
7139339,15,231,7692,1998,0.0,34795.0,1.891966,0.508137,AUT,USA,610712
7139340,18,231,7692,1998,0.0,5338.0,1.4740739999999999,1.2530430000000001,BEL,USA,610712
7139341,22,231,7692,1998,131414.0,0.0,-1.130729,-1.001385,BGD,USA,610712
7139342,25,231,7692,1998,0.0,15093.0,1.090167,0.25353000000000003,BHS,USA,610712
7139343,32,231,7692,1998,1961.0,2574.0,0.768101,1.04589,BRA,USA,610712
7139344,33,231,7692,1998,0.0,924.0,0.888487,0.469408,BRB,USA,610712
7139345,39,231,7692,1998,1848796.0,369294.0,1.077343,1.119161,CAN,USA,610712
7139346,41,231,7692,1998,25112.0,20155.0,2.252965,0.561806,CHE,USA,610712
7139347,42,231,7692,1998,0.0,9559.0,0.029706,-0.061149,CHL,USA,610712
7139348,43,231,7692,1998,186941.0,0.0,0.3658,3.231258,CHN,USA,610712
7139349,49,231,7692,1998,84363.0,0.0,0.205004,0.13985899999999998,COL,USA,610712
7139350,59,231,7692,1998,0.0,2443.0,1.36345,1.408508,CZE,USA,610712
7139351,61,231,7692,1998,25306.0,119502.0,2.334028,-2.417278,DEU,USA,610712
7139352,64,231,7692,1998,2315.0,0.0,1.225999,1.470145,DNK,USA,610712
7139353,65,231,7692,1998,21739.0,145697.0,-0.772271,-0.765258,DOM,USA,610712
7139354,71,231,7692,1998,0.0,1240.0,1.051392,1.983438,ESP,USA,610712
7139355,77,231,7692,1998,2221.0,1392.0,1.707702,0.7784270000000001,FRA,USA,610712
7139356,81,231,7692,1998,115357.0,109525.0,1.906738,0.489101,GBR,USA,610712
7139357,90,231,7692,1998,0.0,29488.0,0.183835,1.1512790000000002,GRC,USA,610712
7139358,93,231,7692,1998,0.0,1271.0,-0.344999,0.155524,GTM,USA,610712
7139359,97,231,7692,1998,293253.0,28535.0,0.46966099999999994,2.5744029999999998,HKG,USA,610712
7139360,99,231,7692,1998,9555344.0,1293120.0,-0.9326049999999999,-0.598527,HND,USA,610712
7139361,103,231,7692,1998,200943.0,0.0,-0.478253,1.350652,IDN,USA,610712
7139362,104,231,7692,1998,60812.0,0.0,0.274308,2.316908,IND,USA,610712
7139363,109,231,7692,1998,0.0,4386.0,0.18141300000000002,-0.47993500000000006,ISL,USA,610712
7139364,110,231,7692,1998,258590.0,1009.0,1.2643739999999999,0.958475,ISR,USA,610712
7139365,111,231,7692,1998,816458.0,1345.0,1.4532209999999999,1.191124,ITA,USA,610712
7139366,114,231,7692,1998,9739.0,81120.0,2.550442,0.718063,JPN,USA,610712
7139367,121,231,7692,1998,172665.0,4202.0,0.999518,1.106351,KOR,USA,610712
7139368,124,231,7692,1998,0.0,13688.0,0.23803200000000002,0.9927860000000001,LBN,USA,610712
7139369,133,231,7692,1998,3822.0,0.0,-0.21838000000000002,-0.370322,MAC,USA,610712
7139370,138,231,7692,1998,995691.0,173160.0,0.525671,0.880649,MEX,USA,610712
7139371,153,231,7692,1998,0.0,4411.0,0.396826,0.203792,MYS,USA,610712
7139372,160,231,7692,1998,0.0,14853.0,-0.8012199999999999,-0.749159,NIC,USA,610712
7139373,162,231,7692,1998,3484.0,17380.0,1.248469,1.683182,NLD,USA,610712
7139374,163,231,7692,1998,0.0,2625.0,1.1660190000000001,0.43901899999999994,NOR,USA,610712
7139375,166,231,7692,1998,3215.0,25657.0,0.5690529999999999,0.7752060000000001,NZL,USA,610712
7139376,168,231,7692,1998,8940.0,0.0,-0.9008149999999999,-0.448942,PAK,USA,610712
7139377,169,231,7692,1998,0.0,65805.0,0.010123,0.5677949999999999,PAN,USA,610712
7139378,174,231,7692,1998,20996.0,0.0,-0.262725,-0.075781,PHL,USA,610712
7139379,179,231,7692,1998,4487.0,0.0,0.39771999999999996,1.303603,PRT,USA,610712
7139380,197,231,7692,1998,2652152.0,1908289.0,-0.202965,-0.000499,SLV,USA,610712
7139381,208,231,7692,1998,12693.0,7103.0,2.134076,0.9259729999999999,SWE,USA,610712
7139382,216,231,7692,1998,279552.0,0.0,0.128633,1.484142,THA,USA,610712
7139383,236,231,7692,1998,0.0,61894.0,0.288717,-0.540639,VEN,USA,610712
7139384,246,231,7692,1998,0.0,17259.0,0.573958,1.3813739999999999,ZAF,USA,610712
7139385,249,231,7692,1998,1041615.0,0.0,1.224725,1.890322,TWN,USA,610712
7139386,6,236,7692,1998,21629.0,0.0,0.666616,-0.224404,ANT,VEN,610712
7139387,43,236,7692,1998,110191.0,0.0,0.3658,3.231258,CHN,VEN,610712
7139388,49,236,7692,1998,1021140.0,0.0,0.205004,0.13985899999999998,COL,VEN,610712
7139389,97,236,7692,1998,46825.0,0.0,0.46966099999999994,2.5744029999999998,HKG,VEN,610712
7139390,169,236,7692,1998,40363.0,0.0,0.010123,0.5677949999999999,PAN,VEN,610712
7139391,231,236,7692,1998,61894.0,0.0,1.8223639999999999,0.761336,USA,VEN,610712
7139392,41,14,7692,1998,1104.0,0.0,2.252965,0.561806,CHE,AUS,610712
7139393,43,14,7692,1998,491073.0,0.0,0.3658,3.231258,CHN,AUS,610712
7139394,64,14,7692,1998,13305.0,0.0,1.225999,1.470145,DNK,AUS,610712
7139395,77,14,7692,1998,5599.0,0.0,1.707702,0.7784270000000001,FRA,AUS,610712
7139396,81,14,7692,1998,21163.0,0.0,1.906738,0.489101,GBR,AUS,610712
7139397,97,14,7692,1998,135607.0,11368.0,0.46966099999999994,2.5744029999999998,HKG,AUS,610712
7139398,103,14,7692,1998,56127.0,0.0,-0.478253,1.350652,IDN,AUS,610712
7139399,104,14,7692,1998,12229.0,0.0,0.274308,2.316908,IND,AUS,610712
7139400,114,14,7692,1998,30153.0,0.0,2.550442,0.718063,JPN,AUS,610712
7139401,166,14,7692,1998,130628.0,5692.0,0.5690529999999999,0.7752060000000001,NZL,AUS,610712
7139402,192,14,7692,1998,6123.0,0.0,1.0029709999999998,0.506545,SGP,AUS,610712
7139403,231,14,7692,1998,12521.0,0.0,1.8223639999999999,0.761336,USA,AUS,610712
7139404,239,14,7692,1998,38843.0,0.0,-0.9395469999999999,0.060697,VNM,AUS,610712
7139405,61,16,7692,1998,892.0,0.0,2.334028,-2.417278,DEU,AZE,610712
7139406,61,22,7692,1998,0.0,12149.0,2.334028,-2.417278,DEU,BGD,610712
7139407,77,22,7692,1998,0.0,33557.0,1.707702,0.7784270000000001,FRA,BGD,610712
7139408,81,22,7692,1998,0.0,209846.0,1.906738,0.489101,GBR,BGD,610712
7139409,114,22,7692,1998,0.0,87623.0,2.550442,0.718063,JPN,BGD,610712
7139410,188,22,7692,1998,0.0,31821.0,0.521849,-0.7550899999999999,SAU,BGD,610712
7139411,231,22,7692,1998,0.0,131414.0,1.8223639999999999,0.761336,USA,BGD,610712
7139412,7,23,7692,1998,1243.0,0.0,-0.274973,-0.481405,ARE,BGR,610712
7139413,15,23,7692,1998,2900.0,22191.0,1.891966,0.508137,AUT,BGR,610712
7139414,43,23,7692,1998,8531.0,0.0,0.3658,3.231258,CHN,BGR,610712
7139415,64,23,7692,1998,87183.0,71673.0,1.225999,1.470145,DNK,BGR,610712
7139416,71,23,7692,1998,1183.0,0.0,1.051392,1.983438,ESP,BGR,610712
7139417,74,23,7692,1998,0.0,19138.0,2.003987,0.995725,FIN,BGR,610712
7139418,90,23,7692,1998,14231.0,28886.0,0.183835,1.1512790000000002,GRC,BGR,610712
7139419,111,23,7692,1998,151582.0,31684.0,1.4532209999999999,1.191124,ITA,BGR,610712
7139420,185,23,7692,1998,0.0,4295.0,0.315392,0.961176,ROU,BGR,610712
7139421,216,23,7692,1998,1173.0,0.0,0.128633,1.484142,THA,BGR,610712
7139422,224,23,7692,1998,135801.0,0.0,0.085286,1.653589,TUR,BGR,610712
7139423,74,28,7692,1998,0.0,1620.0,2.003987,0.995725,FIN,BLR,610712
7139424,186,28,7692,1998,0.0,1013.0,0.93909,0.59719,RUS,BLR,610712
7139425,8,32,7692,1998,0.0,4125.0,0.272015,0.45031099999999996,ARG,BRA,610712
7139426,31,32,7692,1998,0.0,32942.0,-0.49860699999999997,-0.748521,BOL,BRA,610712
7139427,43,32,7692,1998,41497.0,0.0,0.3658,3.231258,CHN,BRA,610712
7139428,51,32,7692,1998,0.0,942.0,0.61526,-0.455517,CPV,BRA,610712
7139429,97,32,7692,1998,38096.0,0.0,0.46966099999999994,2.5744029999999998,HKG,BRA,610712
7139430,103,32,7692,1998,929.0,0.0,-0.478253,1.350652,IDN,BRA,610712
7139431,111,32,7692,1998,1482.0,0.0,1.4532209999999999,1.191124,ITA,BRA,610712
7139432,180,32,7692,1998,0.0,10780.0,-0.204539,-0.766486,PRY,BRA,610712
7139433,192,32,7692,1998,23339.0,0.0,1.0029709999999998,0.506545,SGP,BRA,610712
7139434,230,32,7692,1998,0.0,19771.0,0.323022,0.293694,URY,BRA,610712
7139435,231,32,7692,1998,2574.0,1961.0,1.8223639999999999,0.761336,USA,BRA,610712
7139436,153,34,7692,1998,2553.0,0.0,0.396826,0.203792,MYS,BRN,610712
7139437,15,39,7692,1998,3421.0,0.0,1.891966,0.508137,AUT,CAN,610712
7139438,18,39,7692,1998,0.0,11047.0,1.4740739999999999,1.2530430000000001,BEL,CAN,610712
7139439,41,39,7692,1998,4328.0,5624.0,2.252965,0.561806,CHE,CAN,610712
7139440,43,39,7692,1998,3813.0,0.0,0.3658,3.231258,CHN,CAN,610712
7139441,54,39,7692,1998,0.0,60166.0,-0.349393,-0.9927889999999999,CUB,CAN,610712
7139442,59,39,7692,1998,1270.0,3127.0,1.36345,1.408508,CZE,CAN,610712
7139443,61,39,7692,1998,0.0,20206.0,2.334028,-2.417278,DEU,CAN,610712
7139444,77,39,7692,1998,969.0,3335.0,1.707702,0.7784270000000001,FRA,CAN,610712
7139445,81,39,7692,1998,13770.0,1801.0,1.906738,0.489101,GBR,CAN,610712
7139446,102,39,7692,1998,226600.0,0.0,0.780392,1.450701,HUN,CAN,610712
7139447,104,39,7692,1998,1906.0,0.0,0.274308,2.316908,IND,CAN,610712
7139448,110,39,7692,1998,30962.0,0.0,1.2643739999999999,0.958475,ISR,CAN,610712
7139449,111,39,7692,1998,13105.0,0.0,1.4532209999999999,1.191124,ITA,CAN,610712
7139450,114,39,7692,1998,0.0,8225.0,2.550442,0.718063,JPN,CAN,610712
7139451,121,39,7692,1998,13821.0,0.0,0.999518,1.106351,KOR,CAN,610712
7139452,168,39,7692,1998,4671.0,0.0,-0.9008149999999999,-0.448942,PAK,CAN,610712
7139453,179,39,7692,1998,999.0,0.0,0.39771999999999996,1.303603,PRT,CAN,610712
7139454,197,39,7692,1998,117766.0,0.0,-0.202965,-0.000499,SLV,CAN,610712
7139455,208,39,7692,1998,0.0,3912.0,2.134076,0.9259729999999999,SWE,CAN,610712
7139456,216,39,7692,1998,14832.0,0.0,0.128633,1.484142,THA,CAN,610712
7139457,231,39,7692,1998,369294.0,1848796.0,1.8223639999999999,0.761336,USA,CAN,610712
7139458,249,39,7692,1998,14480.0,0.0,1.224725,1.890322,TWN,CAN,610712
7139459,14,41,7692,1998,0.0,1104.0,0.375317,0.8864629999999999,AUS,CHE,610712
7139460,15,41,7692,1998,40039.0,14902.0,1.891966,0.508137,AUT,CHE,610712
7139461,18,41,7692,1998,44909.0,10653.0,1.4740739999999999,1.2530430000000001,BEL,CHE,610712
7139462,39,41,7692,1998,5624.0,4328.0,1.077343,1.119161,CAN,CHE,610712
7139463,42,41,7692,1998,0.0,1551.0,0.029706,-0.061149,CHL,CHE,610712
7139464,43,41,7692,1998,14687.0,0.0,0.3658,3.231258,CHN,CHE,610712
7139465,59,41,7692,1998,14874.0,1110.0,1.36345,1.408508,CZE,CHE,610712
7139466,61,41,7692,1998,190733.0,72639.0,2.334028,-2.417278,DEU,CHE,610712
7139467,71,41,7692,1998,0.0,4158.0,1.051392,1.983438,ESP,CHE,610712
7139468,72,41,7692,1998,2055.0,0.0,0.53408,1.07691,EST,CHE,610712
7139469,74,41,7692,1998,18979.0,0.0,2.003987,0.995725,FIN,CHE,610712
7139470,77,41,7692,1998,64793.0,18744.0,1.707702,0.7784270000000001,FRA,CHE,610712
7139471,81,41,7692,1998,183638.0,26963.0,1.906738,0.489101,GBR,CHE,610712
7139472,97,41,7692,1998,16361.0,13011.0,0.46966099999999994,2.5744029999999998,HKG,CHE,610712
7139473,102,41,7692,1998,18579.0,1863.0,0.780392,1.450701,HUN,CHE,610712
7139474,104,41,7692,1998,19699.0,0.0,0.274308,2.316908,IND,CHE,610712
7139475,106,41,7692,1998,12578.0,0.0,1.451067,0.654442,IRL,CHE,610712
7139476,110,41,7692,1998,1115.0,0.0,1.2643739999999999,0.958475,ISR,CHE,610712
7139477,111,41,7692,1998,56251.0,20251.0,1.4532209999999999,1.191124,ITA,CHE,610712
7139478,114,41,7692,1998,0.0,41394.0,2.550442,0.718063,JPN,CHE,610712
7139479,162,41,7692,1998,19184.0,17869.0,1.248469,1.683182,NLD,CHE,610712
7139480,163,41,7692,1998,0.0,1585.0,1.1660190000000001,0.43901899999999994,NOR,CHE,610712
7139481,179,41,7692,1998,77960.0,0.0,0.39771999999999996,1.303603,PRT,CHE,610712
7139482,192,41,7692,1998,0.0,1781.0,1.0029709999999998,0.506545,SGP,CHE,610712
7139483,206,41,7692,1998,2656.0,0.0,1.202453,1.228204,SVK,CHE,610712
7139484,207,41,7692,1998,0.0,1208.0,1.442955,1.27214,SVN,CHE,610712
7139485,208,41,7692,1998,34673.0,3164.0,2.134076,0.9259729999999999,SWE,CHE,610712
7139486,231,41,7692,1998,20155.0,25112.0,1.8223639999999999,0.761336,USA,CHE,610712
7139487,250,41,7692,1998,0.0,1208.0,1.144164,1.187425,ANS,CHE,610712
7139488,15,59,7692,1998,135853.0,156962.0,1.891966,0.508137,AUT,CZE,610712
7139489,39,59,7692,1998,3127.0,1270.0,1.077343,1.119161,CAN,CZE,610712
7139490,41,59,7692,1998,1110.0,14874.0,2.252965,0.561806,CHE,CZE,610712
7139491,43,59,7692,1998,105516.0,0.0,0.3658,3.231258,CHN,CZE,610712
7139492,61,59,7692,1998,43942.0,66965.0,2.334028,-2.417278,DEU,CZE,610712
7139493,64,59,7692,1998,1670.0,0.0,1.225999,1.470145,DNK,CZE,610712
7139494,74,59,7692,1998,0.0,3214.0,2.003987,0.995725,FIN,CZE,610712
7139495,77,59,7692,1998,4369.0,0.0,1.707702,0.7784270000000001,FRA,CZE,610712
7139496,81,59,7692,1998,7923.0,0.0,1.906738,0.489101,GBR,CZE,610712
7139497,90,59,7692,1998,16156.0,0.0,0.183835,1.1512790000000002,GRC,CZE,610712
7139498,97,59,7692,1998,2684.0,0.0,0.46966099999999994,2.5744029999999998,HKG,CZE,610712
7139499,100,59,7692,1998,4067.0,0.0,0.692779,0.9919530000000001,HRV,CZE,610712
7139500,102,59,7692,1998,0.0,1775.0,0.780392,1.450701,HUN,CZE,610712
7139501,111,59,7692,1998,8421.0,8865.0,1.4532209999999999,1.191124,ITA,CZE,610712
7139502,162,59,7692,1998,1203.0,0.0,1.248469,1.683182,NLD,CZE,610712
7139503,163,59,7692,1998,0.0,11784.0,1.1660190000000001,0.43901899999999994,NOR,CZE,610712
7139504,177,59,7692,1998,3056.0,0.0,0.8638309999999999,1.8881299999999999,POL,CZE,610712
7139505,179,59,7692,1998,1931.0,0.0,0.39771999999999996,1.303603,PRT,CZE,610712
7139506,186,59,7692,1998,0.0,4937.0,0.93909,0.59719,RUS,CZE,610712
7139507,206,59,7692,1998,42142.0,14644.0,1.202453,1.228204,SVK,CZE,610712
7139508,207,59,7692,1998,4636.0,0.0,1.442955,1.27214,SVN,CZE,610712
7139509,208,59,7692,1998,27674.0,2364.0,2.134076,0.9259729999999999,SWE,CZE,610712
7139510,216,59,7692,1998,704.0,0.0,0.128633,1.484142,THA,CZE,610712
7139511,231,59,7692,1998,2443.0,0.0,1.8223639999999999,0.761336,USA,CZE,610712
7139512,249,59,7692,1998,1652.0,0.0,1.224725,1.890322,TWN,CZE,610712
7139513,250,59,7692,1998,2778.0,0.0,1.144164,1.187425,ANS,CZE,610712
7139514,7,66,7692,1998,1996.0,0.0,-0.274973,-0.481405,ARE,DZA,610712
7139515,43,66,7692,1998,2034.0,0.0,0.3658,3.231258,CHN,DZA,610712
7139516,224,66,7692,1998,17350.0,0.0,0.085286,1.653589,TUR,DZA,610712
7139517,77,68,7692,1998,0.0,2781.0,1.707702,0.7784270000000001,FRA,EGY,610712
7139518,190,68,7692,1998,0.0,5006.0,-1.034858,-1.089854,SDN,EGY,610712
7139519,208,68,7692,1998,0.0,65930.0,2.134076,0.9259729999999999,SWE,EGY,610712
7139520,224,68,7692,1998,3375.0,0.0,0.085286,1.653589,TUR,EGY,610712
7139521,41,72,7692,1998,0.0,2055.0,2.252965,0.561806,CHE,EST,610712
7139522,61,72,7692,1998,0.0,21748.0,2.334028,-2.417278,DEU,EST,610712
7139523,64,72,7692,1998,0.0,5538.0,1.225999,1.470145,DNK,EST,610712
7139524,74,72,7692,1998,27499.0,387613.0,2.003987,0.995725,FIN,EST,610712
7139525,163,72,7692,1998,5049.0,21866.0,1.1660190000000001,0.43901899999999994,NOR,EST,610712
7139526,177,72,7692,1998,1846.0,0.0,0.8638309999999999,1.8881299999999999,POL,EST,610712
7139527,208,72,7692,1998,0.0,406460.0,2.134076,0.9259729999999999,SWE,EST,610712
7139528,224,72,7692,1998,3391.0,0.0,0.085286,1.653589,TUR,EST,610712
7139529,43,83,7692,1998,14127.0,0.0,0.3658,3.231258,CHN,GHA,610712
7139530,97,83,7692,1998,14353.0,0.0,0.46966099999999994,2.5744029999999998,HKG,GHA,610712
7139531,103,83,7692,1998,6566.0,0.0,-0.478253,1.350652,IDN,GHA,610712
7139532,121,83,7692,1998,1413.0,0.0,0.999518,1.106351,KOR,GHA,610712
7139533,192,83,7692,1998,10269.0,0.0,1.0029709999999998,0.506545,SGP,GHA,610712
7139534,15,102,7692,1998,29154.0,5078.0,1.891966,0.508137,AUT,HUN,610712
7139535,39,102,7692,1998,0.0,226600.0,1.077343,1.119161,CAN,HUN,610712
7139536,41,102,7692,1998,1863.0,18579.0,2.252965,0.561806,CHE,HUN,610712
7139537,43,102,7692,1998,134789.0,0.0,0.3658,3.231258,CHN,HUN,610712
7139538,59,102,7692,1998,1775.0,0.0,1.36345,1.408508,CZE,HUN,610712
7139539,61,102,7692,1998,41452.0,336116.0,2.334028,-2.417278,DEU,HUN,610712
7139540,77,102,7692,1998,1144.0,23098.0,1.707702,0.7784270000000001,FRA,HUN,610712
7139541,97,102,7692,1998,49417.0,0.0,0.46966099999999994,2.5744029999999998,HKG,HUN,610712
7139542,100,102,7692,1998,0.0,1800.0,0.692779,0.9919530000000001,HRV,HUN,610712
7139543,104,102,7692,1998,1650.0,0.0,0.274308,2.316908,IND,HUN,610712
7139544,111,102,7692,1998,985.0,0.0,1.4532209999999999,1.191124,ITA,HUN,610712
7139545,135,102,7692,1998,0.0,904.0,-0.112783,-0.276584,MDA,HUN,610712
7139546,185,102,7692,1998,0.0,3833.0,0.315392,0.961176,ROU,HUN,610712
7139547,186,102,7692,1998,0.0,948.0,0.93909,0.59719,RUS,HUN,610712
7139548,192,102,7692,1998,12005.0,0.0,1.0029709999999998,0.506545,SGP,HUN,610712
7139549,208,102,7692,1998,966.0,946.0,2.134076,0.9259729999999999,SWE,HUN,610712
7139550,216,102,7692,1998,16056.0,0.0,0.128633,1.484142,THA,HUN,610712
7139551,224,102,7692,1998,859.0,0.0,0.085286,1.653589,TUR,HUN,610712
7139552,14,104,7692,1998,0.0,12229.0,0.375317,0.8864629999999999,AUS,IND,610712
7139553,15,104,7692,1998,0.0,2803.0,1.891966,0.508137,AUT,IND,610712
7139554,18,104,7692,1998,0.0,22161.0,1.4740739999999999,1.2530430000000001,BEL,IND,610712
7139555,39,104,7692,1998,0.0,1906.0,1.077343,1.119161,CAN,IND,610712
7139556,41,104,7692,1998,0.0,19699.0,2.252965,0.561806,CHE,IND,610712
7139557,61,104,7692,1998,0.0,48903.0,2.334028,-2.417278,DEU,IND,610712
7139558,64,104,7692,1998,0.0,7539.0,1.225999,1.470145,DNK,IND,610712
7139559,77,104,7692,1998,0.0,27124.0,1.707702,0.7784270000000001,FRA,IND,610712
7139560,81,104,7692,1998,0.0,1540.0,1.906738,0.489101,GBR,IND,610712
7139561,102,104,7692,1998,0.0,1650.0,0.780392,1.450701,HUN,IND,610712
7139562,103,104,7692,1998,916.0,0.0,-0.478253,1.350652,IDN,IND,610712
7139563,162,104,7692,1998,0.0,3587.0,1.248469,1.683182,NLD,IND,610712
7139564,174,104,7692,1998,22865.0,0.0,-0.262725,-0.075781,PHL,IND,610712
7139565,177,104,7692,1998,0.0,3678.0,0.8638309999999999,1.8881299999999999,POL,IND,610712
7139566,188,104,7692,1998,0.0,33638.0,0.521849,-0.7550899999999999,SAU,IND,610712
7139567,208,104,7692,1998,0.0,7396.0,2.134076,0.9259729999999999,SWE,IND,610712
7139568,216,104,7692,1998,3175.0,0.0,0.128633,1.484142,THA,IND,610712
7139569,222,104,7692,1998,0.0,1044.0,0.273917,-0.453996,TTO,IND,610712
7139570,231,104,7692,1998,0.0,60812.0,1.8223639999999999,0.761336,USA,IND,610712
7139571,185,107,7692,1998,0.0,5045.0,0.315392,0.961176,ROU,IRN,610712
7139572,81,113,7692,1998,1174.0,0.0,1.906738,0.489101,GBR,JOR,610712
7139573,103,113,7692,1998,13455.0,0.0,-0.478253,1.350652,IDN,JOR,610712
7139574,111,113,7692,1998,4600.0,0.0,1.4532209999999999,1.191124,ITA,JOR,610712
7139575,121,113,7692,1998,1546.0,0.0,0.999518,1.106351,KOR,JOR,610712
7139576,224,113,7692,1998,3465.0,0.0,0.085286,1.653589,TUR,JOR,610712
7139577,14,114,7692,1998,0.0,30153.0,0.375317,0.8864629999999999,AUS,JPN,610712
7139578,22,114,7692,1998,87623.0,0.0,-1.130729,-1.001385,BGD,JPN,610712
7139579,39,114,7692,1998,8225.0,0.0,1.077343,1.119161,CAN,JPN,610712
7139580,41,114,7692,1998,41394.0,0.0,2.252965,0.561806,CHE,JPN,610712
7139581,43,114,7692,1998,1319859.0,0.0,0.3658,3.231258,CHN,JPN,610712
7139582,61,114,7692,1998,1933.0,1627.0,2.334028,-2.417278,DEU,JPN,610712
7139583,71,114,7692,1998,0.0,5092.0,1.051392,1.983438,ESP,JPN,610712
7139584,77,114,7692,1998,188438.0,0.0,1.707702,0.7784270000000001,FRA,JPN,610712
7139585,81,114,7692,1998,536558.0,0.0,1.906738,0.489101,GBR,JPN,610712
7139586,97,114,7692,1998,14158.0,14981.0,0.46966099999999994,2.5744029999999998,HKG,JPN,610712
7139587,99,114,7692,1998,1131.0,0.0,-0.9326049999999999,-0.598527,HND,JPN,610712
7139588,103,114,7692,1998,0.0,28872.0,-0.478253,1.350652,IDN,JPN,610712
7139589,111,114,7692,1998,79740.0,0.0,1.4532209999999999,1.191124,ITA,JPN,610712
7139590,121,114,7692,1998,416664.0,6565.0,0.999518,1.106351,KOR,JPN,610712
7139591,133,114,7692,1998,14544.0,0.0,-0.21838000000000002,-0.370322,MAC,JPN,610712
7139592,163,114,7692,1998,45410.0,0.0,1.1660190000000001,0.43901899999999994,NOR,JPN,610712
7139593,166,114,7692,1998,11989.0,0.0,0.5690529999999999,0.7752060000000001,NZL,JPN,610712
7139594,174,114,7692,1998,313847.0,0.0,-0.262725,-0.075781,PHL,JPN,610712
7139595,192,114,7692,1998,0.0,3519.0,1.0029709999999998,0.506545,SGP,JPN,610712
7139596,197,114,7692,1998,3511.0,0.0,-0.202965,-0.000499,SLV,JPN,610712
7139597,208,114,7692,1998,2942.0,0.0,2.134076,0.9259729999999999,SWE,JPN,610712
7139598,216,114,7692,1998,300152.0,0.0,0.128633,1.484142,THA,JPN,610712
7139599,231,114,7692,1998,81120.0,9739.0,1.8223639999999999,0.761336,USA,JPN,610712
7139600,246,114,7692,1998,0.0,9247.0,0.573958,1.3813739999999999,ZAF,JPN,610712
7139601,249,114,7692,1998,12553.0,617481.0,1.224725,1.890322,TWN,JPN,610712
7139602,61,130,7692,1998,0.0,10328.0,2.334028,-2.417278,DEU,LTU,610712
7139603,64,130,7692,1998,39690.0,49042.0,1.225999,1.470145,DNK,LTU,610712
7139604,74,130,7692,1998,1068.0,1203.0,2.003987,0.995725,FIN,LTU,610712
7139605,163,130,7692,1998,1379.0,5262.0,1.1660190000000001,0.43901899999999994,NOR,LTU,610712
7139606,177,130,7692,1998,2423.0,0.0,0.8638309999999999,1.8881299999999999,POL,LTU,610712
7139607,224,130,7692,1998,2347.0,0.0,0.085286,1.653589,TUR,LTU,610712
7139608,61,132,7692,1998,0.0,12169.0,2.334028,-2.417278,DEU,LVA,610712
7139609,64,132,7692,1998,0.0,1734.0,1.225999,1.470145,DNK,LVA,610712
7139610,74,132,7692,1998,7764.0,7951.0,2.003987,0.995725,FIN,LVA,610712
7139611,163,132,7692,1998,0.0,4012.0,1.1660190000000001,0.43901899999999994,NOR,LVA,610712
7139612,208,132,7692,1998,29889.0,589057.0,2.134076,0.9259729999999999,SWE,LVA,610712
7139613,15,142,7692,1998,5138.0,0.0,1.891966,0.508137,AUT,MLT,610712
7139614,18,142,7692,1998,0.0,15723.0,1.4740739999999999,1.2530430000000001,BEL,MLT,610712
7139615,61,142,7692,1998,0.0,29507.0,2.334028,-2.417278,DEU,MLT,610712
7139616,77,142,7692,1998,0.0,90294.0,1.707702,0.7784270000000001,FRA,MLT,610712
7139617,207,142,7692,1998,0.0,1116.0,1.442955,1.27214,SVN,MLT,610712
7139618,81,167,7692,1998,0.0,79147.0,1.906738,0.489101,GBR,OMN,610712
7139619,15,177,7692,1998,7994.0,0.0,1.891966,0.508137,AUT,POL,610712
7139620,18,177,7692,1998,0.0,5760.0,1.4740739999999999,1.2530430000000001,BEL,POL,610712
7139621,43,177,7692,1998,347981.0,0.0,0.3658,3.231258,CHN,POL,610712
7139622,59,177,7692,1998,0.0,3056.0,1.36345,1.408508,CZE,POL,610712
7139623,61,177,7692,1998,6029.0,44499.0,2.334028,-2.417278,DEU,POL,610712
7139624,64,177,7692,1998,4893.0,92025.0,1.225999,1.470145,DNK,POL,610712
7139625,72,177,7692,1998,0.0,1846.0,0.53408,1.07691,EST,POL,610712
7139626,77,177,7692,1998,2675.0,0.0,1.707702,0.7784270000000001,FRA,POL,610712
7139627,81,177,7692,1998,1502.0,0.0,1.906738,0.489101,GBR,POL,610712
7139628,97,177,7692,1998,30695.0,0.0,0.46966099999999994,2.5744029999999998,HKG,POL,610712
7139629,104,177,7692,1998,3678.0,0.0,0.274308,2.316908,IND,POL,610712
7139630,111,177,7692,1998,21226.0,0.0,1.4532209999999999,1.191124,ITA,POL,610712
7139631,130,177,7692,1998,0.0,2423.0,0.27073,0.692656,LTU,POL,610712
7139632,162,177,7692,1998,1882.0,0.0,1.248469,1.683182,NLD,POL,610712
7139633,185,177,7692,1998,0.0,7127.0,0.315392,0.961176,ROU,POL,610712
7139634,208,177,7692,1998,53492.0,155071.0,2.134076,0.9259729999999999,SWE,POL,610712
7139635,224,177,7692,1998,103983.0,0.0,0.085286,1.653589,TUR,POL,610712
7139636,250,177,7692,1998,0.0,26543.0,1.144164,1.187425,ANS,POL,610712
7139637,15,185,7692,1998,5556.0,0.0,1.891966,0.508137,AUT,ROU,610712
7139638,23,185,7692,1998,4295.0,0.0,0.382782,1.5844479999999999,BGR,ROU,610712
7139639,43,185,7692,1998,161833.0,0.0,0.3658,3.231258,CHN,ROU,610712
7139640,61,185,7692,1998,29590.0,286423.0,2.334028,-2.417278,DEU,ROU,610712
7139641,77,185,7692,1998,0.0,32277.0,1.707702,0.7784270000000001,FRA,ROU,610712
7139642,102,185,7692,1998,3833.0,0.0,0.780392,1.450701,HUN,ROU,610712
7139643,107,185,7692,1998,5045.0,0.0,-0.6626029999999999,-1.0408959999999998,IRN,ROU,610712
7139644,111,185,7692,1998,12892.0,3085.0,1.4532209999999999,1.191124,ITA,ROU,610712
7139645,135,185,7692,1998,1778.0,0.0,-0.112783,-0.276584,MDA,ROU,610712
7139646,162,185,7692,1998,12520.0,33918.0,1.248469,1.683182,NLD,ROU,610712
7139647,177,185,7692,1998,7127.0,0.0,0.8638309999999999,1.8881299999999999,POL,ROU,610712
7139648,206,185,7692,1998,1239.0,0.0,1.202453,1.228204,SVK,ROU,610712
7139649,208,185,7692,1998,27771.0,68184.0,2.134076,0.9259729999999999,SWE,ROU,610712
7139650,216,185,7692,1998,1465.0,0.0,0.128633,1.484142,THA,ROU,610712
7139651,224,185,7692,1998,2938098.0,0.0,0.085286,1.653589,TUR,ROU,610712
7139652,239,185,7692,1998,106537.0,0.0,-0.9395469999999999,0.060697,VNM,ROU,610712
7139653,15,186,7692,1998,2819.0,0.0,1.891966,0.508137,AUT,RUS,610712
7139654,28,186,7692,1998,1013.0,0.0,0.9122049999999999,1.161741,BLR,RUS,610712
7139655,43,186,7692,1998,2636.0,0.0,0.3658,3.231258,CHN,RUS,610712
7139656,59,186,7692,1998,4937.0,0.0,1.36345,1.408508,CZE,RUS,610712
7139657,61,186,7692,1998,38567.0,18315.0,2.334028,-2.417278,DEU,RUS,610712
7139658,74,186,7692,1998,5642.0,0.0,2.003987,0.995725,FIN,RUS,610712
7139659,77,186,7692,1998,1246.0,0.0,1.707702,0.7784270000000001,FRA,RUS,610712
7139660,81,186,7692,1998,3719.0,0.0,1.906738,0.489101,GBR,RUS,610712
7139661,102,186,7692,1998,948.0,0.0,0.780392,1.450701,HUN,RUS,610712
7139662,111,186,7692,1998,1407.0,0.0,1.4532209999999999,1.191124,ITA,RUS,610712
7139663,224,186,7692,1998,26777.0,0.0,0.085286,1.653589,TUR,RUS,610712
7139664,232,186,7692,1998,8330.0,0.0,-0.283425,-0.7488520000000001,UZB,RUS,610712
7139665,250,186,7692,1998,1421.0,0.0,1.144164,1.187425,ANS,RUS,610712
7139666,22,188,7692,1998,31821.0,0.0,-1.130729,-1.001385,BGD,SAU,610712
7139667,43,188,7692,1998,306442.0,0.0,0.3658,3.231258,CHN,SAU,610712
7139668,71,188,7692,1998,13966.0,0.0,1.051392,1.983438,ESP,SAU,610712
7139669,77,188,7692,1998,20775.0,0.0,1.707702,0.7784270000000001,FRA,SAU,610712
7139670,81,188,7692,1998,3273.0,0.0,1.906738,0.489101,GBR,SAU,610712
7139671,97,188,7692,1998,123388.0,0.0,0.46966099999999994,2.5744029999999998,HKG,SAU,610712
7139672,103,188,7692,1998,326558.0,0.0,-0.478253,1.350652,IDN,SAU,610712
7139673,104,188,7692,1998,33638.0,0.0,0.274308,2.316908,IND,SAU,610712
7139674,111,188,7692,1998,1548.0,0.0,1.4532209999999999,1.191124,ITA,SAU,610712
7139675,174,188,7692,1998,346831.0,0.0,-0.262725,-0.075781,PHL,SAU,610712
7139676,192,188,7692,1998,1043.0,0.0,1.0029709999999998,0.506545,SGP,SAU,610712
7139677,216,188,7692,1998,11369.0,0.0,0.128633,1.484142,THA,SAU,610712
7139678,224,188,7692,1998,7624.0,0.0,0.085286,1.653589,TUR,SAU,610712
7139679,61,189,7692,1998,13365.0,20879.0,2.334028,-2.417278,DEU,SCG,610712
7139680,111,189,7692,1998,0.0,2644.0,1.4532209999999999,1.191124,ITA,SCG,610712
7139681,8,192,7692,1998,0.0,1268.0,0.272015,0.45031099999999996,ARG,SGP,610712
7139682,14,192,7692,1998,0.0,6123.0,0.375317,0.8864629999999999,AUS,SGP,610712
7139683,19,192,7692,1998,0.0,2799.0,-0.8198,-0.8584780000000001,BEN,SGP,610712
7139684,32,192,7692,1998,0.0,23339.0,0.768101,1.04589,BRA,SGP,610712
7139685,41,192,7692,1998,1781.0,0.0,2.252965,0.561806,CHE,SGP,610712
7139686,43,192,7692,1998,160149.0,0.0,0.3658,3.231258,CHN,SGP,610712
7139687,77,192,7692,1998,0.0,1440.0,1.707702,0.7784270000000001,FRA,SGP,610712
7139688,81,192,7692,1998,7943.0,0.0,1.906738,0.489101,GBR,SGP,610712
7139689,83,192,7692,1998,0.0,10269.0,-1.215123,-1.0427620000000002,GHA,SGP,610712
7139690,97,192,7692,1998,16784.0,969.0,0.46966099999999994,2.5744029999999998,HKG,SGP,610712
7139691,102,192,7692,1998,0.0,12005.0,0.780392,1.450701,HUN,SGP,610712
7139692,114,192,7692,1998,3519.0,0.0,2.550442,0.718063,JPN,SGP,610712
7139693,153,192,7692,1998,111918.0,3923.0,0.396826,0.203792,MYS,SGP,610712
7139694,182,192,7692,1998,0.0,1861.0,0.422645,-0.607595,PYF,SGP,610712
7139695,188,192,7692,1998,0.0,1043.0,0.521849,-0.7550899999999999,SAU,SGP,610712
7139696,211,192,7692,1998,0.0,1029.0,0.265625,-0.590012,SYC,SGP,610712
7139697,216,192,7692,1998,1937.0,0.0,0.128633,1.484142,THA,SGP,610712
7139698,249,192,7692,1998,5336.0,0.0,1.224725,1.890322,TWN,SGP,610712
7139699,15,206,7692,1998,1248.0,8032.0,1.891966,0.508137,AUT,SVK,610712
7139700,41,206,7692,1998,0.0,2656.0,2.252965,0.561806,CHE,SVK,610712
7139701,43,206,7692,1998,19355.0,0.0,0.3658,3.231258,CHN,SVK,610712
7139702,59,206,7692,1998,14644.0,42142.0,1.36345,1.408508,CZE,SVK,610712
7139703,61,206,7692,1998,6655.0,3913.0,2.334028,-2.417278,DEU,SVK,610712
7139704,74,206,7692,1998,0.0,217704.0,2.003987,0.995725,FIN,SVK,610712
7139705,100,206,7692,1998,3149.0,0.0,0.692779,0.9919530000000001,HRV,SVK,610712
7139706,111,206,7692,1998,6108.0,83239.0,1.4532209999999999,1.191124,ITA,SVK,610712
7139707,163,206,7692,1998,2438.0,19799.0,1.1660190000000001,0.43901899999999994,NOR,SVK,610712
7139708,185,206,7692,1998,0.0,1239.0,0.315392,0.961176,ROU,SVK,610712
7139709,207,206,7692,1998,1929.0,0.0,1.442955,1.27214,SVN,SVK,610712
7139710,208,206,7692,1998,944.0,1705.0,2.134076,0.9259729999999999,SWE,SVK,610712
7139711,43,228,7692,1998,4525.0,0.0,0.3658,3.231258,CHN,UKR,610712
7139712,74,228,7692,1998,1097.0,0.0,2.003987,0.995725,FIN,UKR,610712
7139713,7,249,7692,1998,0.0,7308.0,-0.274973,-0.481405,ARE,TWN,610712
7139714,39,249,7692,1998,0.0,14480.0,1.077343,1.119161,CAN,TWN,610712
7139715,43,249,7692,1998,26695.0,1336.0,0.3658,3.231258,CHN,TWN,610712
7139716,52,249,7692,1998,0.0,2292.0,-0.26046199999999997,-0.059391,CRI,TWN,610712
7139717,59,249,7692,1998,0.0,1652.0,1.36345,1.408508,CZE,TWN,610712
7139718,61,249,7692,1998,0.0,16219.0,2.334028,-2.417278,DEU,TWN,610712
7139719,64,249,7692,1998,1586.0,0.0,1.225999,1.470145,DNK,TWN,610712
7139720,71,249,7692,1998,0.0,14065.0,1.051392,1.983438,ESP,TWN,610712
7139721,77,249,7692,1998,0.0,3976.0,1.707702,0.7784270000000001,FRA,TWN,610712
7139722,81,249,7692,1998,0.0,32738.0,1.906738,0.489101,GBR,TWN,610712
7139723,97,249,7692,1998,3479.0,61459.0,0.46966099999999994,2.5744029999999998,HKG,TWN,610712
7139724,99,249,7692,1998,0.0,1558.0,-0.9326049999999999,-0.598527,HND,TWN,610712
7139725,103,249,7692,1998,64763.0,0.0,-0.478253,1.350652,IDN,TWN,610712
7139726,106,249,7692,1998,2134.0,0.0,1.451067,0.654442,IRL,TWN,610712
7139727,110,249,7692,1998,2929.0,0.0,1.2643739999999999,0.958475,ISR,TWN,610712
7139728,114,249,7692,1998,617481.0,12553.0,2.550442,0.718063,JPN,TWN,610712
7139729,122,249,7692,1998,0.0,4765.0,0.037029,-1.054761,KWT,TWN,610712
7139730,138,249,7692,1998,0.0,1564.0,0.525671,0.880649,MEX,TWN,610712
7139731,162,249,7692,1998,0.0,3585.0,1.248469,1.683182,NLD,TWN,610712
7139732,174,249,7692,1998,0.0,1520.0,-0.262725,-0.075781,PHL,TWN,610712
7139733,180,249,7692,1998,0.0,472.0,-0.204539,-0.766486,PRY,TWN,610712
7139734,183,249,7692,1998,0.0,13630.0,-1.047819,-1.226928,QAT,TWN,610712
7139735,192,249,7692,1998,0.0,5336.0,1.0029709999999998,0.506545,SGP,TWN,610712
7139736,208,249,7692,1998,0.0,1188.0,2.134076,0.9259729999999999,SWE,TWN,610712
7139737,216,249,7692,1998,38134.0,10080.0,0.128633,1.484142,THA,TWN,610712
7139738,231,249,7692,1998,0.0,1041615.0,1.8223639999999999,0.761336,USA,TWN,610712
7139739,239,249,7692,1998,104309.0,0.0,-0.9395469999999999,0.060697,VNM,TWN,610712
7139740,32,8,7692,1998,4125.0,0.0,0.768101,1.04589,BRA,ARG,610712
7139741,43,8,7692,1998,1714.0,0.0,0.3658,3.231258,CHN,ARG,610712
7139742,180,8,7692,1998,48516.0,0.0,-0.204539,-0.766486,PRY,ARG,610712
7139743,192,8,7692,1998,1268.0,0.0,1.0029709999999998,0.506545,SGP,ARG,610712
7139744,224,8,7692,1998,813.0,0.0,0.085286,1.653589,TUR,ARG,610712
7139745,231,8,7692,1998,20286.0,0.0,1.8223639999999999,0.761336,USA,ARG,610712
7139746,41,42,7692,1998,1551.0,0.0,2.252965,0.561806,CHE,CHL,610712
7139747,43,42,7692,1998,206760.0,0.0,0.3658,3.231258,CHN,CHL,610712
7139748,49,42,7692,1998,23589.0,0.0,0.205004,0.13985899999999998,COL,CHL,610712
7139749,61,42,7692,1998,969.0,0.0,2.334028,-2.417278,DEU,CHL,610712
7139750,71,42,7692,1998,3002.0,0.0,1.051392,1.983438,ESP,CHL,610712
7139751,97,42,7692,1998,83764.0,0.0,0.46966099999999994,2.5744029999999998,HKG,CHL,610712
7139752,111,42,7692,1998,1937.0,0.0,1.4532209999999999,1.191124,ITA,CHL,610712
7139753,138,42,7692,1998,12363.0,0.0,0.525671,0.880649,MEX,CHL,610712
7139754,166,42,7692,1998,8550.0,0.0,0.5690529999999999,0.7752060000000001,NZL,CHL,610712
7139755,174,42,7692,1998,14228.0,0.0,-0.262725,-0.075781,PHL,CHL,610712
7139756,230,42,7692,1998,0.0,7258.0,0.323022,0.293694,URY,CHL,610712
7139757,231,42,7692,1998,9559.0,0.0,1.8223639999999999,0.761336,USA,CHL,610712
7139758,250,42,7692,1998,8286.0,0.0,1.144164,1.187425,ANS,CHL,610712
7139759,21,44,7692,1998,0.0,8067.0,-0.535488,-0.900509,BFA,CIV,610712
7139760,77,44,7692,1998,1122.0,0.0,1.707702,0.7784270000000001,FRA,CIV,610712
7139761,85,44,7692,1998,0.0,2724.0,-1.676035,-1.248894,GIN,CIV,610712
7139762,97,44,7692,1998,46188.0,0.0,0.46966099999999994,2.5744029999999998,HKG,CIV,610712
7139763,124,44,7692,1998,6461.0,0.0,0.23803200000000002,0.9927860000000001,LBN,CIV,610712
7139764,141,44,7692,1998,0.0,9024.0,-0.8910049999999999,-0.9654870000000001,MLI,CIV,610712
7139765,215,44,7692,1998,0.0,2129.0,-0.8338540000000001,-0.8437020000000001,TGO,CIV,610712
7139766,216,44,7692,1998,6704.0,0.0,0.128633,1.484142,THA,CIV,610712
7139767,97,80,7692,1998,2849.0,0.0,0.46966099999999994,2.5744029999999998,HKG,GAB,610712
7139768,44,85,7692,1998,2724.0,0.0,-0.75115,-0.753865,CIV,GIN,610712
7139769,97,85,7692,1998,235185.0,0.0,0.46966099999999994,2.5744029999999998,HKG,GIN,610712
7139770,73,116,7692,1998,0.0,56577.0,-1.279819,-1.158182,ETH,KEN,610712
7139771,97,116,7692,1998,4299.0,0.0,0.46966099999999994,2.5744029999999998,HKG,KEN,610712
7139772,216,116,7692,1998,5330.0,0.0,0.128633,1.484142,THA,KEN,610712
7139773,227,116,7692,1998,0.0,251402.0,-0.996762,-1.01326,UGA,KEN,610712
7139774,246,116,7692,1998,0.0,1522.0,0.573958,1.3813739999999999,ZAF,KEN,610712
7139775,18,134,7692,1998,0.0,12155.0,1.4740739999999999,1.2530430000000001,BEL,MAR,610712
7139776,71,134,7692,1998,0.0,8738.0,1.051392,1.983438,ESP,MAR,610712
7139777,74,134,7692,1998,0.0,3980.0,2.003987,0.995725,FIN,MAR,610712
7139778,77,134,7692,1998,46036.0,157275.0,1.707702,0.7784270000000001,FRA,MAR,610712
7139779,81,134,7692,1998,3526.0,11773.0,1.906738,0.489101,GBR,MAR,610712
7139780,97,159,7692,1998,17563.0,0.0,0.46966099999999994,2.5744029999999998,HKG,NGA,610712
7139781,216,159,7692,1998,1498.0,0.0,0.128633,1.484142,THA,NGA,610712
7139782,61,223,7692,1998,5766.0,3538.0,2.334028,-2.417278,DEU,TUN,610712
7139783,71,223,7692,1998,75248.0,45907.0,1.051392,1.983438,ESP,TUN,610712
7139784,77,223,7692,1998,11379.0,154489.0,1.707702,0.7784270000000001,FRA,TUN,610712
7139785,250,223,7692,1998,0.0,2452.0,1.144164,1.187425,ANS,TUN,610712
7139786,43,226,7692,1998,52284.0,0.0,0.3658,3.231258,CHN,TZA,610712
7139787,97,226,7692,1998,4066.0,0.0,0.46966099999999994,2.5744029999999998,HKG,TZA,610712
7139788,216,226,7692,1998,33885.0,0.0,0.128633,1.484142,THA,TZA,610712
7139789,32,230,7692,1998,19771.0,0.0,0.768101,1.04589,BRA,URY,610712
7139790,42,230,7692,1998,7258.0,0.0,0.029706,-0.061149,CHL,URY,610712
7139791,43,230,7692,1998,2676.0,0.0,0.3658,3.231258,CHN,URY,610712
7139792,180,230,7692,1998,3455.0,0.0,-0.204539,-0.766486,PRY,URY,610712
7139793,43,246,7692,1998,329850.0,0.0,0.3658,3.231258,CHN,ZAF,610712
7139794,61,246,7692,1998,1918.0,0.0,2.334028,-2.417278,DEU,ZAF,610712
7139795,64,246,7692,1998,3774.0,0.0,1.225999,1.470145,DNK,ZAF,610712
7139796,97,246,7692,1998,532600.0,0.0,0.46966099999999994,2.5744029999999998,HKG,ZAF,610712
7139797,114,246,7692,1998,9247.0,0.0,2.550442,0.718063,JPN,ZAF,610712
7139798,116,246,7692,1998,1522.0,0.0,-0.434978,0.10193300000000001,KEN,ZAF,610712
7139799,147,246,7692,1998,0.0,2959.0,-0.6813279999999999,-0.916391,MOZ,ZAF,610712
7139800,231,246,7692,1998,17259.0,0.0,1.8223639999999999,0.761336,USA,ZAF,610712
7139801,247,246,7692,1998,0.0,6055.0,-0.383126,-0.501498,ZMB,ZAF,610712
7139802,246,247,7692,1998,6055.0,0.0,0.573958,1.3813739999999999,ZAF,ZMB,610712
7139803,77,58,7692,1998,2502.0,0.0,1.707702,0.7784270000000001,FRA,CYP,610712
7139804,81,58,7692,1998,20136.0,0.0,1.906738,0.489101,GBR,CYP,610712
7139805,90,58,7692,1998,2335.0,0.0,0.183835,1.1512790000000002,GRC,CYP,610712
7139806,111,58,7692,1998,6019.0,0.0,1.4532209999999999,1.191124,ITA,CYP,610712
7139807,124,58,7692,1998,600.0,0.0,0.23803200000000002,0.9927860000000001,LBN,CYP,610712
7139808,208,58,7692,1998,881.0,0.0,2.134076,0.9259729999999999,SWE,CYP,610712
7139809,15,100,7692,1998,3299.0,29401.0,1.891966,0.508137,AUT,HRV,610712
7139810,59,100,7692,1998,0.0,4067.0,1.36345,1.408508,CZE,HRV,610712
7139811,61,100,7692,1998,69927.0,553915.0,2.334028,-2.417278,DEU,HRV,610712
7139812,102,100,7692,1998,1800.0,0.0,0.780392,1.450701,HUN,HRV,610712
7139813,111,100,7692,1998,29623.0,6926.0,1.4532209999999999,1.191124,ITA,HRV,610712
7139814,206,100,7692,1998,0.0,3149.0,1.202453,1.228204,SVK,HRV,610712
7139815,207,100,7692,1998,0.0,1935.0,1.442955,1.27214,SVN,HRV,610712
7139816,102,135,7692,1998,904.0,0.0,0.780392,1.450701,HUN,MDA,610712
7139817,111,135,7692,1998,2894.0,0.0,1.4532209999999999,1.191124,ITA,MDA,610712
7139818,185,135,7692,1998,0.0,1778.0,0.315392,0.961176,ROU,MDA,610712
7139819,61,140,7692,1998,1886.0,123042.0,2.334028,-2.417278,DEU,MKD,610712
7139820,224,140,7692,1998,2221.0,0.0,0.085286,1.653589,TUR,MKD,610712
7139821,15,207,7692,1998,5772.0,18648.0,1.891966,0.508137,AUT,SVN,610712
7139822,18,207,7692,1998,4584.0,0.0,1.4740739999999999,1.2530430000000001,BEL,SVN,610712
7139823,26,207,7692,1998,11197.0,3857.0,0.290661,0.18068299999999998,BIH,SVN,610712
7139824,41,207,7692,1998,1208.0,0.0,2.252965,0.561806,CHE,SVN,610712
7139825,43,207,7692,1998,12254.0,0.0,0.3658,3.231258,CHN,SVN,610712
7139826,59,207,7692,1998,0.0,4636.0,1.36345,1.408508,CZE,SVN,610712
7139827,61,207,7692,1998,8727.0,131165.0,2.334028,-2.417278,DEU,SVN,610712
7139828,81,207,7692,1998,2126.0,0.0,1.906738,0.489101,GBR,SVN,610712
7139829,90,207,7692,1998,914.0,0.0,0.183835,1.1512790000000002,GRC,SVN,610712
7139830,100,207,7692,1998,1935.0,0.0,0.692779,0.9919530000000001,HRV,SVN,610712
7139831,111,207,7692,1998,5452.0,0.0,1.4532209999999999,1.191124,ITA,SVN,610712
7139832,142,207,7692,1998,1116.0,0.0,0.919593,-0.071451,MLT,SVN,610712
7139833,206,207,7692,1998,0.0,1929.0,1.202453,1.228204,SVK,SVN,610712
7139834,208,207,7692,1998,3608.0,11082.0,2.134076,0.9259729999999999,SWE,SVN,610712
7139835,250,207,7692,1998,17925.0,0.0,1.144164,1.187425,ANS,SVN,610712
7139836,71,212,7692,1998,0.0,25303.0,1.051392,1.983438,ESP,SYR,610712
7139837,21,250,7692,1998,0.0,7462.0,-0.535488,-0.900509,BFA,ANS,610712
7139838,41,250,7692,1998,1208.0,0.0,2.252965,0.561806,CHE,ANS,610712
7139839,42,250,7692,1998,0.0,8286.0,0.029706,-0.061149,CHL,ANS,610712
7139840,49,250,7692,1998,50833.0,0.0,0.205004,0.13985899999999998,COL,ANS,610712
7139841,59,250,7692,1998,0.0,2778.0,1.36345,1.408508,CZE,ANS,610712
7139842,64,250,7692,1998,0.0,1515.0,1.225999,1.470145,DNK,ANS,610712
7139843,77,250,7692,1998,0.0,20388.0,1.707702,0.7784270000000001,FRA,ANS,610712
7139844,97,250,7692,1998,4579.0,0.0,0.46966099999999994,2.5744029999999998,HKG,ANS,610712
7139845,109,250,7692,1998,0.0,3361.0,0.18141300000000002,-0.47993500000000006,ISL,ANS,610712
7139846,121,250,7692,1998,0.0,607.0,0.999518,1.106351,KOR,ANS,610712
7139847,124,250,7692,1998,0.0,1834.0,0.23803200000000002,0.9927860000000001,LBN,ANS,610712
7139848,141,250,7692,1998,0.0,1195.0,-0.8910049999999999,-0.9654870000000001,MLI,ANS,610712
7139849,166,250,7692,1998,1034.0,0.0,0.5690529999999999,0.7752060000000001,NZL,ANS,610712
7139850,174,250,7692,1998,2005.0,0.0,-0.262725,-0.075781,PHL,ANS,610712
7139851,177,250,7692,1998,26543.0,0.0,0.8638309999999999,1.8881299999999999,POL,ANS,610712
7139852,186,250,7692,1998,0.0,1421.0,0.93909,0.59719,RUS,ANS,610712
7139853,207,250,7692,1998,0.0,17925.0,1.442955,1.27214,SVN,ANS,610712
7139854,216,250,7692,1998,2107.0,0.0,0.128633,1.484142,THA,ANS,610712
7139855,223,250,7692,1998,2452.0,0.0,-0.21677,-0.08694299999999999,TUN,ANS,610712
7139856,224,250,7692,1998,2847.0,9585.0,0.085286,1.653589,TUR,ANS,610712
7139857,39,54,7692,1998,60166.0,0.0,1.077343,1.119161,CAN,CUB,610712
7139858,97,54,7692,1998,14762.0,0.0,0.46966099999999994,2.5744029999999998,HKG,CUB,610712
7139859,49,65,7692,1998,6864.0,0.0,0.205004,0.13985899999999998,COL,DOM,610712
7139860,231,65,7692,1998,145697.0,21739.0,1.8223639999999999,0.761336,USA,DOM,610712
7139861,39,168,7692,1998,0.0,4671.0,1.077343,1.119161,CAN,PAK,610712
7139862,81,168,7692,1998,0.0,385735.0,1.906738,0.489101,GBR,PAK,610712
7139863,231,168,7692,1998,0.0,8940.0,1.8223639999999999,0.761336,USA,PAK,610712
7139864,43,176,7692,1998,11765.0,0.0,0.3658,3.231258,CHN,PNG,610712
7139865,97,176,7692,1998,6617.0,0.0,0.46966099999999994,2.5744029999999998,HKG,PNG,610712
7139866,216,176,7692,1998,852.0,0.0,0.128633,1.484142,THA,PNG,610712
7139867,43,178,7692,1998,35154.0,0.0,0.3658,3.231258,CHN,PRK,610712
7139868,7,227,7692,1998,2158.0,0.0,-0.274973,-0.481405,ARE,UGA,610712
7139869,97,227,7692,1998,69651.0,0.0,0.46966099999999994,2.5744029999999998,HKG,UGA,610712
7139870,116,227,7692,1998,251402.0,0.0,-0.434978,0.10193300000000001,KEN,UGA,610712
7139871,216,227,7692,1998,6810.0,0.0,0.128633,1.484142,THA,UGA,610712
7139872,14,239,7692,1998,0.0,38843.0,0.375317,0.8864629999999999,AUS,VNM,610712
7139873,18,239,7692,1998,0.0,5943.0,1.4740739999999999,1.2530430000000001,BEL,VNM,610712
7139874,77,239,7692,1998,0.0,8468.0,1.707702,0.7784270000000001,FRA,VNM,610712
7139875,185,239,7692,1998,0.0,106537.0,0.315392,0.961176,ROU,VNM,610712
7139876,249,239,7692,1998,0.0,104309.0,1.224725,1.890322,TWN,VNM,610712
7139877,32,31,7692,1998,32942.0,0.0,0.768101,1.04589,BRA,BOL,610712
7139878,49,31,7692,1998,10707.0,0.0,0.205004,0.13985899999999998,COL,BOL,610712
7139879,173,31,7692,1998,3386.0,0.0,-0.35875300000000004,0.042606,PER,BOL,610712
7139880,7,73,7692,1998,1917.0,0.0,-0.274973,-0.481405,ARE,ETH,610712
7139881,97,73,7692,1998,10844.0,0.0,0.46966099999999994,2.5744029999999998,HKG,ETH,610712
7139882,116,73,7692,1998,56577.0,0.0,-0.434978,0.10193300000000001,KEN,ETH,610712
7139883,216,73,7692,1998,8672.0,0.0,0.128633,1.484142,THA,ETH,610712
7139884,49,160,7692,1998,2557.0,0.0,0.205004,0.13985899999999998,COL,NIC,610712
7139885,52,160,7692,1998,1046.0,0.0,-0.26046199999999997,-0.059391,CRI,NIC,610712
7139886,93,160,7692,1998,16865.0,0.0,-0.344999,0.155524,GTM,NIC,610712
7139887,169,160,7692,1998,6009.0,0.0,0.010123,0.5677949999999999,PAN,NIC,610712
7139888,197,160,7692,1998,63145.0,0.0,-0.202965,-0.000499,SLV,NIC,610712
7139889,231,160,7692,1998,14853.0,0.0,1.8223639999999999,0.761336,USA,NIC,610712
7139890,43,182,7692,1998,90.0,0.0,0.3658,3.231258,CHN,PYF,610712
7139891,77,182,7692,1998,8664.0,0.0,1.707702,0.7784270000000001,FRA,PYF,610712
7139892,192,182,7692,1998,1861.0,0.0,1.0029709999999998,0.506545,SGP,PYF,610712
7139893,216,182,7692,1998,800.0,0.0,0.128633,1.484142,THA,PYF,610712
7139894,39,197,7692,1998,0.0,117766.0,1.077343,1.119161,CAN,SLV,610712
7139895,52,197,7692,1998,0.0,21560.0,-0.26046199999999997,-0.059391,CRI,SLV,610712
7139896,93,197,7692,1998,1912.0,78053.0,-0.344999,0.155524,GTM,SLV,610712
7139897,99,197,7692,1998,0.0,265890.0,-0.9326049999999999,-0.598527,HND,SLV,610712
7139898,114,197,7692,1998,0.0,3511.0,2.550442,0.718063,JPN,SLV,610712
7139899,160,197,7692,1998,0.0,63145.0,-0.8012199999999999,-0.749159,NIC,SLV,610712
7139900,231,197,7692,1998,1908289.0,2652152.0,1.8223639999999999,0.761336,USA,SLV,610712
7139901,43,215,7692,1998,52020.0,0.0,0.3658,3.231258,CHN,TGO,610712
7139902,44,215,7692,1998,2129.0,0.0,-0.75115,-0.753865,CIV,TGO,610712
7139903,97,215,7692,1998,211491.0,0.0,0.46966099999999994,2.5744029999999998,HKG,TGO,610712
7139904,216,215,7692,1998,25525.0,0.0,0.128633,1.484142,THA,TGO,610712
7139905,97,17,7692,1998,2848.0,0.0,0.46966099999999994,2.5744029999999998,HKG,BDI,610712
7139906,97,19,7692,1998,27649.0,0.0,0.46966099999999994,2.5744029999999998,HKG,BEN,610712
7139907,103,19,7692,1998,7338.0,0.0,-0.478253,1.350652,IDN,BEN,610712
7139908,192,19,7692,1998,2799.0,0.0,1.0029709999999998,0.506545,SGP,BEN,610712
7139909,216,19,7692,1998,15695.0,0.0,0.128633,1.484142,THA,BEN,610712
7139910,44,21,7692,1998,8067.0,0.0,-0.75115,-0.753865,CIV,BFA,610712
7139911,97,21,7692,1998,10091.0,0.0,0.46966099999999994,2.5744029999999998,HKG,BFA,610712
7139912,250,21,7692,1998,7462.0,0.0,1.144164,1.187425,ANS,BFA,610712
7139913,121,45,7692,1998,13009.0,0.0,0.999518,1.106351,KOR,CMR,610712
7139914,97,87,7692,1998,100106.0,0.0,0.46966099999999994,2.5744029999999998,HKG,GMB,610712
7139915,15,109,7692,1998,3735.0,0.0,1.891966,0.508137,AUT,ISL,610712
7139916,43,109,7692,1998,673.0,0.0,0.3658,3.231258,CHN,ISL,610712
7139917,61,109,7692,1998,920.0,0.0,2.334028,-2.417278,DEU,ISL,610712
7139918,64,109,7692,1998,3069.0,0.0,1.225999,1.470145,DNK,ISL,610712
7139919,71,109,7692,1998,919.0,0.0,1.051392,1.983438,ESP,ISL,610712
7139920,81,109,7692,1998,7688.0,0.0,1.906738,0.489101,GBR,ISL,610712
7139921,90,109,7692,1998,2104.0,0.0,0.183835,1.1512790000000002,GRC,ISL,610712
7139922,163,109,7692,1998,1294.0,0.0,1.1660190000000001,0.43901899999999994,NOR,ISL,610712
7139923,208,109,7692,1998,7591.0,0.0,2.134076,0.9259729999999999,SWE,ISL,610712
7139924,231,109,7692,1998,4386.0,0.0,1.8223639999999999,0.761336,USA,ISL,610712
7139925,250,109,7692,1998,3361.0,0.0,1.144164,1.187425,ANS,ISL,610712
7139926,43,133,7692,1998,1951.0,0.0,0.3658,3.231258,CHN,MAC,610712
7139927,114,133,7692,1998,0.0,14544.0,2.550442,0.718063,JPN,MAC,610712
7139928,138,133,7692,1998,0.0,2856.0,0.525671,0.880649,MEX,MAC,610712
7139929,208,133,7692,1998,0.0,16808.0,2.134076,0.9259729999999999,SWE,MAC,610712
7139930,231,133,7692,1998,0.0,3822.0,1.8223639999999999,0.761336,USA,MAC,610712
7139931,77,136,7692,1998,3140.0,0.0,1.707702,0.7784270000000001,FRA,MDG,610712
7139932,216,137,7692,1998,19674.0,0.0,0.128633,1.484142,THA,MDV,610712
7139933,44,141,7692,1998,9024.0,0.0,-0.75115,-0.753865,CIV,MLI,610712
7139934,97,141,7692,1998,988.0,0.0,0.46966099999999994,2.5744029999999998,HKG,MLI,610712
7139935,216,141,7692,1998,1071.0,0.0,0.128633,1.484142,THA,MLI,610712
7139936,250,141,7692,1998,1195.0,0.0,1.144164,1.187425,ANS,MLI,610712
7139937,97,191,7692,1998,239096.0,0.0,0.46966099999999994,2.5744029999999998,HKG,SEN,610712
7139938,192,211,7692,1998,1029.0,0.0,1.0029709999999998,0.506545,SGP,SYC,610712
7139939,97,2,7692,1998,93159.0,0.0,0.46966099999999994,2.5744029999999998,HKG,AGO,610712
7139940,179,2,7692,1998,6241.0,0.0,0.39771999999999996,1.303603,PRT,AGO,610712
7139941,216,2,7692,1998,57435.0,0.0,0.128633,1.484142,THA,AGO,610712
7139942,23,7,7692,1998,0.0,1243.0,0.382782,1.5844479999999999,BGR,ARE,610712
7139943,43,7,7692,1998,534018.0,0.0,0.3658,3.231258,CHN,ARE,610712
7139944,66,7,7692,1998,0.0,1996.0,-0.726061,-1.161031,DZA,ARE,610712
7139945,73,7,7692,1998,0.0,1917.0,-1.279819,-1.158182,ETH,ARE,610712
7139946,77,7,7692,1998,5548.0,0.0,1.707702,0.7784270000000001,FRA,ARE,610712
7139947,81,7,7692,1998,0.0,28109.0,1.906738,0.489101,GBR,ARE,610712
7139948,97,7,7692,1998,470313.0,0.0,0.46966099999999994,2.5744029999999998,HKG,ARE,610712
7139949,174,7,7692,1998,10185.0,0.0,-0.262725,-0.075781,PHL,ARE,610712
7139950,216,7,7692,1998,59082.0,0.0,0.128633,1.484142,THA,ARE,610712
7139951,224,7,7692,1998,1154.0,0.0,0.085286,1.653589,TUR,ARE,610712
7139952,227,7,7692,1998,0.0,2158.0,-0.996762,-1.01326,UGA,ARE,610712
7139953,249,7,7692,1998,7308.0,0.0,1.224725,1.890322,TWN,ARE,610712
7139954,81,24,7692,1998,1080.0,0.0,1.906738,0.489101,GBR,BHR,610712
7139955,61,26,7692,1998,68915.0,111060.0,2.334028,-2.417278,DEU,BIH,610712
7139956,111,26,7692,1998,11487.0,0.0,1.4532209999999999,1.191124,ITA,BIH,610712
7139957,207,26,7692,1998,3857.0,11197.0,1.442955,1.27214,SVN,BIH,610712
7139958,97,47,7692,1998,132787.0,0.0,0.46966099999999994,2.5744029999999998,HKG,COG,610712
7139959,216,47,7692,1998,2271.0,0.0,0.128633,1.484142,THA,COG,610712
7139960,216,62,7692,1998,2820.0,0.0,0.128633,1.484142,THA,DJI,610712
7139961,64,78,7692,1998,5635.0,0.0,1.225999,1.470145,DNK,FRO,610712
7139962,43,115,7692,1998,61731.0,0.0,0.3658,3.231258,CHN,KAZ,610712
7139963,61,115,7692,1998,2104.0,0.0,2.334028,-2.417278,DEU,KAZ,610712
7139964,77,115,7692,1998,1705.0,0.0,1.707702,0.7784270000000001,FRA,KAZ,610712
7139965,43,122,7692,1998,185453.0,0.0,0.3658,3.231258,CHN,KWT,610712
7139966,71,122,7692,1998,56673.0,0.0,1.051392,1.983438,ESP,KWT,610712
7139967,97,122,7692,1998,12448.0,0.0,0.46966099999999994,2.5744029999999998,HKG,KWT,610712
7139968,216,122,7692,1998,1663.0,0.0,0.128633,1.484142,THA,KWT,610712
7139969,249,122,7692,1998,4765.0,0.0,1.224725,1.890322,TWN,KWT,610712
7139970,97,125,7692,1998,17699.0,0.0,0.46966099999999994,2.5744029999999998,HKG,LBR,610712
7139971,124,126,7692,1998,9834.0,0.0,0.23803200000000002,0.9927860000000001,LBN,LBY,610712
7139972,33,127,7692,1998,800.0,8282.0,0.888487,0.469408,BRB,LCA,610712
7139973,112,127,7692,1998,3266.0,0.0,-0.8083739999999999,-0.946183,JAM,LCA,610712
7139974,43,128,7692,1998,33153.0,0.0,0.3658,3.231258,CHN,LKA,610712
7139975,81,128,7692,1998,0.0,4580.0,1.906738,0.489101,GBR,LKA,610712
7139976,216,143,7692,1998,408317.0,0.0,0.128633,1.484142,THA,MMR,610712
7139977,97,147,7692,1998,18300.0,0.0,0.46966099999999994,2.5744029999999998,HKG,MOZ,610712
7139978,216,147,7692,1998,37296.0,0.0,0.128633,1.484142,THA,MOZ,610712
7139979,246,147,7692,1998,2959.0,0.0,0.573958,1.3813739999999999,ZAF,MOZ,610712
7139980,8,180,7692,1998,0.0,48516.0,0.272015,0.45031099999999996,ARG,PRY,610712
7139981,32,180,7692,1998,10780.0,0.0,0.768101,1.04589,BRA,PRY,610712
7139982,49,180,7692,1998,0.0,8005.0,0.205004,0.13985899999999998,COL,PRY,610712
7139983,67,180,7692,1998,0.0,2455.0,-0.990915,-0.9670860000000001,ECU,PRY,610712
7139984,173,180,7692,1998,3467.0,16011.0,-0.35875300000000004,0.042606,PER,PRY,610712
7139985,230,180,7692,1998,0.0,3455.0,0.323022,0.293694,URY,PRY,610712
7139986,249,180,7692,1998,472.0,0.0,1.224725,1.890322,TWN,PRY,610712
7139987,249,183,7692,1998,13630.0,0.0,1.224725,1.890322,TWN,QAT,610712
7139988,97,196,7692,1998,13307.0,0.0,0.46966099999999994,2.5744029999999998,HKG,SLE,610712
7139989,97,205,7692,1998,5856.0,0.0,0.46966099999999994,2.5744029999999998,HKG,SUR,610712
7139990,43,243,7692,1998,107584.0,0.0,0.3658,3.231258,CHN,YEM,610712
7139991,71,243,7692,1998,1667.0,0.0,1.051392,1.983438,ESP,YEM,610712
7139992,111,4,7692,1998,4760.0,1465.0,1.4532209999999999,1.191124,ITA,ALB,610712
7139993,71,5,7692,1998,5869.0,0.0,1.051392,1.983438,ESP,AND,610712
7139994,77,5,7692,1998,5116.0,0.0,1.707702,0.7784270000000001,FRA,AND,610712
7139995,81,5,7692,1998,7742.0,0.0,1.906738,0.489101,GBR,AND,610712
7139996,43,6,7692,1998,77077.0,0.0,0.3658,3.231258,CHN,ANT,610712
7139997,49,6,7692,1998,5228.0,0.0,0.205004,0.13985899999999998,COL,ANT,610712
7139998,97,6,7692,1998,350387.0,0.0,0.46966099999999994,2.5744029999999998,HKG,ANT,610712
