9499999,119,43,9734,2018,0.0,4420.0,-0.321563,-0.9075110000000001,KIR,CHN,901832
9500000,121,43,9734,2018,16544191.0,3027504.0,2.093866,0.764303,KOR,CHN,901832
9500001,122,43,9734,2018,0.0,489954.0,-0.668802,-1.154012,KWT,CHN,901832
9500002,123,43,9734,2018,0.0,40825.0,-0.788808,-0.8012670000000001,LAO,CHN,901832
9500003,124,43,9734,2018,0.0,396598.0,0.270554,0.9995149999999999,LBN,CHN,901832
9500004,125,43,9734,2018,0.0,94793.0,-1.022881,-1.124718,LBR,CHN,901832
9500005,126,43,9734,2018,0.0,425352.0,-1.608786,-1.231101,LBY,CHN,901832
9500006,128,43,9734,2018,0.0,194618.0,-0.544504,0.41074099999999997,LKA,CHN,901832
9500007,130,43,9734,2018,0.0,743033.0,0.964249,1.4050200000000002,LTU,CHN,901832
9500008,131,43,9734,2018,0.0,2116.0,1.1142889999999999,1.306066,LUX,CHN,901832
9500009,132,43,9734,2018,0.0,645594.0,0.707168,1.294297,LVA,CHN,901832
9500010,133,43,9734,2018,0.0,3005.0,0.44520299999999996,0.042491,MAC,CHN,901832
9500011,134,43,9734,2018,0.0,449237.0,-0.712775,-0.090013,MAR,CHN,901832
9500012,135,43,9734,2018,0.0,71387.0,-0.358412,-0.271334,MDA,CHN,901832
9500013,136,43,9734,2018,0.0,110285.0,-1.2144549999999998,-0.748326,MDG,CHN,901832
9500014,137,43,9734,2018,0.0,8722.0,-0.577527,-0.952098,MDV,CHN,901832
9500015,138,43,9734,2018,59685508.0,2576609.0,1.00061,0.585759,MEX,CHN,901832
9500016,140,43,9734,2018,0.0,91058.0,0.079976,-0.20256,MKD,CHN,901832
9500017,141,43,9734,2018,0.0,55654.0,-0.49666499999999997,-0.7189909999999999,MLI,CHN,901832
9500018,142,43,9734,2018,0.0,115749.0,0.9621219999999999,0.257289,MLT,CHN,901832
9500019,143,43,9734,2018,0.0,1165791.0,-0.936467,-0.223413,MMR,CHN,901832
9500020,144,43,9734,2018,0.0,80349.0,0.332495,0.124258,MNE,CHN,901832
9500021,145,43,9734,2018,0.0,238246.0,-0.934398,-1.125105,MNG,CHN,901832
9500022,147,43,9734,2018,0.0,104556.0,-1.380023,-1.027817,MOZ,CHN,901832
9500023,148,43,9734,2018,0.0,39623.0,-1.511361,-1.296003,MRT,CHN,901832
9500024,151,43,9734,2018,0.0,46978.0,-0.128221,0.15049400000000002,MUS,CHN,901832
9500025,152,43,9734,2018,0.0,147880.0,-0.7015979999999999,-0.9293680000000001,MWI,CHN,901832
9500026,153,43,9734,2018,24512844.0,1384964.0,1.122976,0.734109,MYS,CHN,901832
9500027,155,43,9734,2018,0.0,4495.0,-0.668091,-0.779938,NAM,CHN,901832
9500028,157,43,9734,2018,0.0,708.0,-0.633115,-0.839564,NER,CHN,901832
9500029,159,43,9734,2018,0.0,3881022.0,-1.8238,-1.259938,NGA,CHN,901832
9500030,160,43,9734,2018,0.0,168137.0,-0.887282,-0.827008,NIC,CHN,901832
9500031,162,43,9734,2018,721145.0,3916802.0,1.1478899999999999,1.454758,NLD,CHN,901832
9500032,163,43,9734,2018,108739.0,13629.0,0.681639,0.021762,NOR,CHN,901832
9500033,164,43,9734,2018,0.0,31668.0,-0.252837,0.999258,NPL,CHN,901832
9500034,166,43,9734,2018,0.0,501760.0,0.21902600000000003,0.148714,NZL,CHN,901832
9500035,167,43,9734,2018,0.0,11042.0,-0.548048,-0.9972989999999999,OMN,CHN,901832
9500036,168,43,9734,2018,0.0,6130929.0,-0.64348,0.665045,PAK,CHN,901832
9500037,169,43,9734,2018,0.0,165391.0,0.104326,-0.11611800000000001,PAN,CHN,901832
9500038,173,43,9734,2018,0.0,1277359.0,-0.6673060000000001,-0.183315,PER,CHN,901832
9500039,174,43,9734,2018,13345.0,1448340.0,0.781409,0.22126700000000002,PHL,CHN,901832
9500040,176,43,9734,2018,0.0,235982.0,-1.7580360000000002,-1.239492,PNG,CHN,901832
9500041,177,43,9734,2018,555718.0,3609621.0,1.132475,1.258945,POL,CHN,901832
9500042,178,43,9734,2018,0.0,244023.0,0.714618,0.47291700000000003,PRK,CHN,901832
9500043,179,43,9734,2018,7564.0,222994.0,0.652628,2.211758,PRT,CHN,901832
9500044,180,43,9734,2018,0.0,800982.0,-0.614751,-0.952478,PRY,CHN,901832
9500045,181,43,9734,2018,0.0,12837.0,0.096402,0.735946,PSE,CHN,901832
9500046,182,43,9734,2018,0.0,10056.0,0.21430300000000002,-0.484076,PYF,CHN,901832
9500047,183,43,9734,2018,0.0,75567.0,-0.068401,-1.014732,QAT,CHN,901832
9500048,185,43,9734,2018,20845.0,685673.0,1.050715,1.04471,ROU,CHN,901832
9500049,186,43,9734,2018,0.0,7213092.0,0.21398000000000003,0.100414,RUS,CHN,901832
9500050,187,43,9734,2018,0.0,81312.0,-0.618925,-0.788172,RWA,CHN,901832
9500051,188,43,9734,2018,0.0,829432.0,0.5801810000000001,-0.447514,SAU,CHN,901832
9500052,190,43,9734,2018,0.0,171262.0,-1.278532,-1.176008,SDN,CHN,901832
9500053,191,43,9734,2018,0.0,238545.0,-0.751378,-0.390573,SEN,CHN,901832
9500054,192,43,9734,2018,10137912.0,1711613.0,1.914132,0.652011,SGP,CHN,901832
9500055,195,43,9734,2018,0.0,7957.0,-1.246494,-0.998495,SLB,CHN,901832
9500056,196,43,9734,2018,0.0,183373.0,-0.06932999999999999,-0.36035300000000003,SLE,CHN,901832
9500057,197,43,9734,2018,0.0,112390.0,0.073928,0.22548600000000002,SLV,CHN,901832
9500058,199,43,9734,2018,0.0,277063.0,-1.4787370000000002,-1.050578,SOM,CHN,901832
9500059,201,43,9734,2018,0.0,365412.0,0.607486,1.2139389999999999,SRB,CHN,901832
9500060,205,43,9734,2018,0.0,15849.0,-0.798074,-1.023046,SUR,CHN,901832
9500061,206,43,9734,2018,10933.0,134924.0,1.3270979999999999,0.877684,SVK,CHN,901832
9500062,207,43,9734,2018,0.0,384878.0,1.67428,0.7703800000000001,SVN,CHN,901832
9500063,208,43,9734,2018,1642500.0,726936.0,1.76361,0.766904,SWE,CHN,901832
9500064,209,43,9734,2018,0.0,11510.0,-0.008154999999999999,-0.6079319999999999,SWZ,CHN,901832
9500065,211,43,9734,2018,0.0,2118.0,0.187352,-0.693013,SYC,CHN,901832
9500066,212,43,9734,2018,0.0,360627.0,-0.6836760000000001,0.554563,SYR,CHN,901832
9500067,215,43,9734,2018,0.0,16342.0,-0.685084,-0.773437,TGO,CHN,901832
9500068,216,43,9734,2018,1247681.0,1636156.0,1.053177,1.4084969999999999,THA,CHN,901832
9500069,217,43,9734,2018,0.0,225110.0,-0.757793,-1.0641209999999999,TJK,CHN,901832
9500070,220,43,9734,2018,0.0,61279.0,-0.595688,-0.8907370000000001,TLS,CHN,901832
9500071,221,43,9734,2018,0.0,6134.0,0.087991,-0.5723060000000001,TON,CHN,901832
9500072,222,43,9734,2018,0.0,92867.0,-0.281617,-1.009652,TTO,CHN,901832
9500073,223,43,9734,2018,0.0,122352.0,0.259778,1.187194,TUN,CHN,901832
9500074,224,43,9734,2018,553700.0,9516201.0,0.518721,2.5581419999999997,TUR,CHN,901832
9500075,226,43,9734,2018,0.0,1277596.0,-0.09850700000000001,1.145606,TZA,CHN,901832
9500076,227,43,9734,2018,0.0,304940.0,-0.621049,-0.061448,UGA,CHN,901832
9500077,228,43,9734,2018,1860.0,1073881.0,0.337296,0.758675,UKR,CHN,901832
9500078,230,43,9734,2018,0.0,74535.0,-0.02056,-0.38911,URY,CHN,901832
9500079,231,43,9734,2018,12528819.0,21087650.0,1.585861,0.44815900000000003,USA,CHN,901832
9500080,232,43,9734,2018,0.0,1525518.0,-0.591547,-0.429982,UZB,CHN,901832
9500081,236,43,9734,2018,0.0,6021096.0,-1.081138,-1.198717,VEN,CHN,901832
9500082,239,43,9734,2018,9891050.0,3893534.0,0.003069,0.9169729999999999,VNM,CHN,901832
9500083,240,43,9734,2018,0.0,3336.0,-1.595495,-1.026155,VUT,CHN,901832
9500084,242,43,9734,2018,0.0,14496.0,0.336421,0.186474,WSM,CHN,901832
9500085,243,43,9734,2018,0.0,492478.0,-1.3332899999999999,-1.200589,YEM,CHN,901832
9500086,246,43,9734,2018,0.0,2936675.0,0.158722,1.394829,ZAF,CHN,901832
9500087,247,43,9734,2018,0.0,449869.0,-0.736064,-0.93958,ZMB,CHN,901832
9500088,248,43,9734,2018,0.0,189560.0,-1.181524,-1.0648520000000001,ZWE,CHN,901832
9500089,249,43,9734,2018,1327940.0,1274579.0,2.0462540000000002,1.166636,TWN,CHN,901832
9500090,250,43,9734,2018,1842.0,0.0,0.809991,-0.368737,ANS,CHN,901832
9500091,8,49,9734,2018,36989.0,27635.0,-0.14316800000000002,0.14356,ARG,COL,901832
9500092,15,49,9734,2018,8655.0,0.0,1.774488,-0.21117800000000003,AUT,COL,901832
9500093,18,49,9734,2018,2964.0,0.0,1.270641,1.201063,BEL,COL,901832
9500094,32,49,9734,2018,48815.0,132903.0,0.143397,0.582092,BRA,COL,901832
9500095,41,49,9734,2018,706181.0,2751624.0,2.2324330000000003,0.7801560000000001,CHE,COL,901832
9500096,43,49,9734,2018,4224542.0,0.0,1.200689,1.2822,CHN,COL,901832
9500097,52,49,9734,2018,39481.0,1534.0,0.19386,0.05811,CRI,COL,901832
9500098,54,49,9734,2018,0.0,6740.0,-0.8835629999999999,-1.15678,CUB,COL,901832
9500099,61,49,9734,2018,919327.0,0.0,2.109059,-2.428826,DEU,COL,901832
9500100,64,49,9734,2018,229394.0,0.0,1.0945040000000001,1.3311540000000002,DNK,COL,901832
9500101,65,49,9734,2018,2765.0,0.0,-0.084258,0.474872,DOM,COL,901832
9500102,67,49,9734,2018,0.0,12719.0,-0.873973,-1.032841,ECU,COL,901832
9500103,71,49,9734,2018,1065233.0,4339532.0,0.744825,2.919005,ESP,COL,901832
9500104,77,49,9734,2018,865144.0,0.0,1.420819,0.7793770000000001,FRA,COL,901832
9500105,81,49,9734,2018,920340.0,0.0,1.693008,0.768159,GBR,COL,901832
9500106,93,49,9734,2018,0.0,9359.0,-0.362668,0.520826,GTM,COL,901832
9500107,97,49,9734,2018,1493.0,0.0,0.843677,1.656073,HKG,COL,901832
9500108,99,49,9734,2018,0.0,8927.0,-0.523738,-0.193198,HND,COL,901832
9500109,100,49,9734,2018,7345.0,0.0,0.7923720000000001,1.4047209999999999,HRV,COL,901832
9500110,102,49,9734,2018,1088.0,0.0,1.519662,0.833092,HUN,COL,901832
9500111,104,49,9734,2018,483830.0,0.0,0.526015,2.448112,IND,COL,901832
9500112,106,49,9734,2018,3419041.0,0.0,1.262419,0.013576,IRL,COL,901832
9500113,111,49,9734,2018,29798.0,0.0,1.3602530000000002,0.453607,ITA,COL,901832
9500114,114,49,9734,2018,143401.0,0.0,2.514533,-0.416074,JPN,COL,901832
9500115,121,49,9734,2018,216624.0,0.0,2.093866,0.764303,KOR,COL,901832
9500116,138,49,9734,2018,167394.0,23348.0,1.00061,0.585759,MEX,COL,901832
9500117,153,49,9734,2018,1208346.0,0.0,1.122976,0.734109,MYS,COL,901832
9500118,160,49,9734,2018,0.0,8605.0,-0.887282,-0.827008,NIC,COL,901832
9500119,162,49,9734,2018,19792.0,0.0,1.1478899999999999,1.454758,NLD,COL,901832
9500120,169,49,9734,2018,0.0,1262.0,0.104326,-0.11611800000000001,PAN,COL,901832
9500121,173,49,9734,2018,0.0,11367.0,-0.6673060000000001,-0.183315,PER,COL,901832
9500122,192,49,9734,2018,1632.0,0.0,1.914132,0.652011,SGP,COL,901832
9500123,197,49,9734,2018,0.0,1180.0,0.073928,0.22548600000000002,SLV,COL,901832
9500124,208,49,9734,2018,33574.0,0.0,1.76361,0.766904,SWE,COL,901832
9500125,216,49,9734,2018,1761.0,0.0,1.053177,1.4084969999999999,THA,COL,901832
9500126,224,49,9734,2018,23921.0,0.0,0.518721,2.5581419999999997,TUR,COL,901832
9500127,231,49,9734,2018,4844580.0,0.0,1.585861,0.44815900000000003,USA,COL,901832
9500128,236,49,9734,2018,0.0,11338.0,-1.081138,-1.198717,VEN,COL,901832
9500129,239,49,9734,2018,85742.0,0.0,0.003069,0.9169729999999999,VNM,COL,901832
9500130,249,49,9734,2018,14322.0,0.0,2.0462540000000002,1.166636,TWN,COL,901832
9500131,7,52,9734,2018,0.0,14160.0,0.11804400000000001,-0.326851,ARE,CRI,901832
9500132,8,52,9734,2018,39140.0,4956.0,-0.14316800000000002,0.14356,ARG,CRI,901832
9500133,14,52,9734,2018,0.0,1065564.0,-0.29687199999999997,-0.123116,AUS,CRI,901832
9500134,18,52,9734,2018,383195.0,5345944.0,1.270641,1.201063,BEL,CRI,901832
9500135,28,52,9734,2018,0.0,8124.0,0.850089,0.8332870000000001,BLR,CRI,901832
9500136,32,52,9734,2018,2287.0,181692.0,0.143397,0.582092,BRA,CRI,901832
9500137,39,52,9734,2018,0.0,425108.0,0.666822,1.218593,CAN,CRI,901832
9500138,41,52,9734,2018,17565260.0,33750.0,2.2324330000000003,0.7801560000000001,CHE,CRI,901832
9500139,42,52,9734,2018,0.0,38232.0,-0.37677,-0.49605299999999997,CHL,CRI,901832
9500140,43,52,9734,2018,121511.0,555855.0,1.200689,1.2822,CHN,CRI,901832
9500141,49,52,9734,2018,1534.0,39481.0,0.20431,-0.15273699999999998,COL,CRI,901832
9500142,54,52,9734,2018,0.0,3512.0,-0.8835629999999999,-1.15678,CUB,CRI,901832
9500143,61,52,9734,2018,29736.0,0.0,2.109059,-2.428826,DEU,CRI,901832
9500144,64,52,9734,2018,5916.0,0.0,1.0945040000000001,1.3311540000000002,DNK,CRI,901832
9500145,65,52,9734,2018,43459.0,0.0,-0.084258,0.474872,DOM,CRI,901832
9500146,71,52,9734,2018,5852.0,0.0,0.744825,2.919005,ESP,CRI,901832
9500147,74,52,9734,2018,0.0,71997.0,1.61151,0.9474549999999999,FIN,CRI,901832
9500148,77,52,9734,2018,67024.0,0.0,1.420819,0.7793770000000001,FRA,CRI,901832
9500149,104,52,9734,2018,1452.0,0.0,0.526015,2.448112,IND,CRI,901832
9500150,106,52,9734,2018,10858.0,0.0,1.262419,0.013576,IRL,CRI,901832
9500151,111,52,9734,2018,1928.0,0.0,1.3602530000000002,0.453607,ITA,CRI,901832
9500152,114,52,9734,2018,294034.0,247896.0,2.514533,-0.416074,JPN,CRI,901832
9500153,121,52,9734,2018,1355.0,539130.0,2.093866,0.764303,KOR,CRI,901832
9500154,124,52,9734,2018,0.0,56519.0,0.270554,0.9995149999999999,LBN,CRI,901832
9500155,134,52,9734,2018,0.0,21257.0,-0.712775,-0.090013,MAR,CRI,901832
9500156,138,52,9734,2018,306055.0,81460.0,1.00061,0.585759,MEX,CRI,901832
9500157,160,52,9734,2018,11273.0,0.0,-0.887282,-0.827008,NIC,CRI,901832
9500158,162,52,9734,2018,2135.0,272622.0,1.1478899999999999,1.454758,NLD,CRI,901832
9500159,163,52,9734,2018,0.0,87208.0,0.681639,0.021762,NOR,CRI,901832
9500160,166,52,9734,2018,0.0,25826.0,0.21902600000000003,0.148714,NZL,CRI,901832
9500161,169,52,9734,2018,25662.0,0.0,0.104326,-0.11611800000000001,PAN,CRI,901832
9500162,173,52,9734,2018,0.0,6802.0,-0.6673060000000001,-0.183315,PER,CRI,901832
9500163,177,52,9734,2018,6402.0,0.0,1.132475,1.258945,POL,CRI,901832
9500164,183,52,9734,2018,0.0,9778.0,-0.068401,-1.014732,QAT,CRI,901832
9500165,186,52,9734,2018,0.0,6909.0,0.21398000000000003,0.100414,RUS,CRI,901832
9500166,192,52,9734,2018,0.0,25843.0,1.914132,0.652011,SGP,CRI,901832
9500167,197,52,9734,2018,0.0,1211.0,0.073928,0.22548600000000002,SLV,CRI,901832
9500168,224,52,9734,2018,0.0,59301.0,0.518721,2.5581419999999997,TUR,CRI,901832
9500169,231,52,9734,2018,6721181.0,12744498.0,1.585861,0.44815900000000003,USA,CRI,901832
9500170,246,52,9734,2018,0.0,237585.0,0.158722,1.394829,ZAF,CRI,901832
9500171,249,52,9734,2018,0.0,15705.0,2.0462540000000002,1.166636,TWN,CRI,901832
9500172,250,52,9734,2018,1686290.0,0.0,0.809991,-0.368737,ANS,CRI,901832
9500173,18,55,9734,2018,25753.0,0.0,1.270641,1.201063,BEL,CUW,901832
9500174,162,55,9734,2018,1105.0,0.0,1.1478899999999999,1.454758,NLD,CUW,901832
9500175,231,55,9734,2018,101997.0,0.0,1.585861,0.44815900000000003,USA,CUW,901832
9500176,15,58,9734,2018,6092.0,0.0,1.774488,-0.21117800000000003,AUT,CYP,901832
9500177,18,58,9734,2018,123513.0,1280.0,1.270641,1.201063,BEL,CYP,901832
9500178,39,58,9734,2018,2596.0,0.0,0.666822,1.218593,CAN,CYP,901832
9500179,43,58,9734,2018,155584.0,0.0,1.200689,1.2822,CHN,CYP,901832
9500180,61,58,9734,2018,43101.0,7784.0,2.109059,-2.428826,DEU,CYP,901832
9500181,64,58,9734,2018,2814.0,0.0,1.0945040000000001,1.3311540000000002,DNK,CYP,901832
9500182,71,58,9734,2018,4453.0,0.0,0.744825,2.919005,ESP,CYP,901832
9500183,77,58,9734,2018,2297.0,0.0,1.420819,0.7793770000000001,FRA,CYP,901832
9500184,81,58,9734,2018,14880.0,247395.0,1.693008,0.768159,GBR,CYP,901832
9500185,90,58,9734,2018,43858.0,13599.0,0.059539999999999996,1.0321879999999999,GRC,CYP,901832
9500186,104,58,9734,2018,12147.0,0.0,0.526015,2.448112,IND,CYP,901832
9500187,111,58,9734,2018,110808.0,0.0,1.3602530000000002,0.453607,ITA,CYP,901832
9500188,121,58,9734,2018,22527.0,0.0,2.093866,0.764303,KOR,CYP,901832
9500189,131,58,9734,2018,8276.0,0.0,1.1142889999999999,1.306066,LUX,CYP,901832
9500190,162,58,9734,2018,38203.0,904.0,1.1478899999999999,1.454758,NLD,CYP,901832
9500191,177,58,9734,2018,1061.0,0.0,1.132475,1.258945,POL,CYP,901832
9500192,208,58,9734,2018,4368.0,0.0,1.76361,0.766904,SWE,CYP,901832
9500193,224,58,9734,2018,124100.0,0.0,0.518721,2.5581419999999997,TUR,CYP,901832
9500194,231,58,9734,2018,5966.0,0.0,1.585861,0.44815900000000003,USA,CYP,901832
9500195,1,61,9734,2018,0.0,32863.0,-1.267508,-0.8494940000000001,AFG,DEU,901832
9500196,2,61,9734,2018,0.0,2032.0,-1.489191,-1.213992,AGO,DEU,901832
9500197,4,61,9734,2018,0.0,2401.0,-0.456481,-0.139655,ALB,DEU,901832
9500198,7,61,9734,2018,1924.0,708412.0,0.11804400000000001,-0.326851,ARE,DEU,901832
9500199,8,61,9734,2018,107162.0,336356.0,-0.14316800000000002,0.14356,ARG,DEU,901832
9500200,9,61,9734,2018,0.0,47363.0,-0.330516,-0.604744,ARM,DEU,901832
9500201,12,61,9734,2018,0.0,41048.0,1.144196,-0.618788,ATF,DEU,901832
9500202,14,61,9734,2018,2541432.0,1584429.0,-0.29687199999999997,-0.123116,AUS,DEU,901832
9500203,15,61,9734,2018,456115.0,4683272.0,1.774488,-0.21117800000000003,AUT,DEU,901832
9500204,16,61,9734,2018,0.0,17898.0,-1.144089,-1.224327,AZE,DEU,901832
9500205,18,61,9734,2018,7696900.0,5718070.0,1.270641,1.201063,BEL,DEU,901832
9500206,19,61,9734,2018,0.0,4038.0,-0.646475,-0.769808,BEN,DEU,901832
9500207,21,61,9734,2018,0.0,2116.0,-0.8835200000000001,-0.9790620000000001,BFA,DEU,901832
9500208,22,61,9734,2018,0.0,92193.0,-0.899467,-0.9823719999999999,BGD,DEU,901832
9500209,23,61,9734,2018,0.0,191154.0,0.571226,1.836856,BGR,DEU,901832
9500210,24,61,9734,2018,0.0,35121.0,0.318352,-0.69221,BHR,DEU,901832
9500211,25,61,9734,2018,0.0,48355.0,0.532998,-0.394906,BHS,DEU,901832
9500212,26,61,9734,2018,0.0,29198.0,0.526392,0.742398,BIH,DEU,901832
9500213,28,61,9734,2018,0.0,943826.0,0.850089,0.8332870000000001,BLR,DEU,901832
9500214,29,61,9734,2018,0.0,5916.0,-0.15867699999999998,-0.6393989999999999,BLZ,DEU,901832
9500215,31,61,9734,2018,0.0,9665.0,-1.153953,-1.070749,BOL,DEU,901832
9500216,32,61,9734,2018,894127.0,2419885.0,0.143397,0.582092,BRA,DEU,901832
9500217,33,61,9734,2018,0.0,12041.0,0.487166,-0.129388,BRB,DEU,901832
9500218,34,61,9734,2018,0.0,20116.0,0.562198,-0.774457,BRN,DEU,901832
9500219,37,61,9734,2018,0.0,2466.0,-0.8339610000000001,-1.184307,BWA,DEU,901832
9500220,38,61,9734,2018,0.0,1754.0,-0.041318,-0.687923,CAF,DEU,901832
9500221,39,61,9734,2018,46136.0,1061893.0,0.666822,1.218593,CAN,DEU,901832
9500222,41,61,9734,2018,25499614.0,13916729.0,2.2324330000000003,0.7801560000000001,CHE,DEU,901832
9500223,42,61,9734,2018,0.0,352808.0,-0.37677,-0.49605299999999997,CHL,DEU,901832
9500224,43,61,9734,2018,14069796.0,5520640.0,1.200689,1.2822,CHN,DEU,901832
9500225,45,61,9734,2018,0.0,2695.0,-1.366619,-1.09894,CMR,DEU,901832
9500226,46,61,9734,2018,0.0,5653.0,-1.743034,-1.20446,COD,DEU,901832
9500227,49,61,9734,2018,0.0,919327.0,0.20431,-0.15273699999999998,COL,DEU,901832
9500228,52,61,9734,2018,0.0,29736.0,0.19386,0.05811,CRI,DEU,901832
9500229,54,61,9734,2018,0.0,3347.0,-0.8835629999999999,-1.15678,CUB,DEU,901832
9500230,57,61,9734,2018,0.0,2938.0,-0.194933,-0.930874,CYM,DEU,901832
9500231,58,61,9734,2018,7784.0,43101.0,0.45442,-0.113303,CYP,DEU,901832
9500232,59,61,9734,2018,10450045.0,11063617.0,1.841016,0.220806,CZE,DEU,901832
9500233,64,61,9734,2018,2122142.0,2664550.0,1.0945040000000001,1.3311540000000002,DNK,DEU,901832
9500234,65,61,9734,2018,72402.0,5894.0,-0.084258,0.474872,DOM,DEU,901832
9500235,66,61,9734,2018,0.0,227439.0,-1.281519,-1.22291,DZA,DEU,901832
9500236,67,61,9734,2018,0.0,158518.0,-0.873973,-1.032841,ECU,DEU,901832
9500237,68,61,9734,2018,157893.0,153926.0,-0.096635,1.585658,EGY,DEU,901832
9500238,71,61,9734,2018,132362.0,8501483.0,0.744825,2.919005,ESP,DEU,901832
9500239,72,61,9734,2018,79748.0,79967.0,0.979986,1.2365899999999999,EST,DEU,901832
9500240,73,61,9734,2018,0.0,2716.0,-0.874857,-0.464958,ETH,DEU,901832
9500241,74,61,9734,2018,37721.0,3416779.0,1.61151,0.9474549999999999,FIN,DEU,901832
9500242,75,61,9734,2018,0.0,2205.0,-0.269185,0.006362,FJI,DEU,901832
9500243,77,61,9734,2018,7395572.0,12169343.0,1.420819,0.7793770000000001,FRA,DEU,901832
9500244,78,61,9734,2018,0.0,3066.0,-1.00676,-0.959297,FRO,DEU,901832
9500245,80,61,9734,2018,0.0,2211.0,-1.4979200000000001,-1.180407,GAB,DEU,901832
9500246,81,61,9734,2018,3606786.0,10402742.0,1.693008,0.768159,GBR,DEU,901832
9500247,82,61,9734,2018,40629.0,574803.0,-0.049871,-0.28439899999999996,GEO,DEU,901832
9500248,83,61,9734,2018,0.0,1082.0,-0.956109,-0.861556,GHA,DEU,901832
9500249,84,61,9734,2018,0.0,2177.0,0.420756,-0.6854140000000001,GIB,DEU,901832
9500250,85,61,9734,2018,0.0,1314.0,-1.036697,-1.1562860000000001,GIN,DEU,901832
9500251,90,61,9734,2018,5713.0,343116.0,0.059539999999999996,1.0321879999999999,GRC,DEU,901832
9500252,93,61,9734,2018,0.0,77291.0,-0.362668,0.520826,GTM,DEU,901832
9500253,97,61,9734,2018,5110.0,215516.0,0.843677,1.656073,HKG,DEU,901832
9500254,99,61,9734,2018,0.0,2178.0,-0.523738,-0.193198,HND,DEU,901832
9500255,100,61,9734,2018,28698.0,478882.0,0.7923720000000001,1.4047209999999999,HRV,DEU,901832
9500256,102,61,9734,2018,708520.0,465476.0,1.519662,0.833092,HUN,DEU,901832
9500257,103,61,9734,2018,0.0,90508.0,-0.10130499999999999,1.2414209999999999,IDN,DEU,901832
9500258,104,61,9734,2018,1882361.0,830864.0,0.526015,2.448112,IND,DEU,901832
9500259,106,61,9734,2018,45885432.0,704834.0,1.262419,0.013576,IRL,DEU,901832
9500260,107,61,9734,2018,0.0,190442.0,-0.389954,-0.258156,IRN,DEU,901832
9500261,108,61,9734,2018,0.0,51401.0,-1.7504400000000002,-1.018699,IRQ,DEU,901832
9500262,109,61,9734,2018,0.0,38952.0,0.252338,-0.341319,ISL,DEU,901832
9500263,110,61,9734,2018,244860.0,3198318.0,1.355071,0.872822,ISR,DEU,901832
9500264,111,61,9734,2018,2217864.0,7663259.0,1.3602530000000002,0.453607,ITA,DEU,901832
9500265,113,61,9734,2018,0.0,156076.0,-0.086895,0.283829,JOR,DEU,901832
9500266,114,61,9734,2018,18821078.0,223967.0,2.514533,-0.416074,JPN,DEU,901832
9500267,115,61,9734,2018,4279.0,153448.0,-0.483862,-0.667417,KAZ,DEU,901832
9500268,116,61,9734,2018,0.0,11046.0,-0.32707800000000004,0.71009,KEN,DEU,901832
9500269,121,61,9734,2018,1765056.0,282808.0,2.093866,0.764303,KOR,DEU,901832
9500270,122,61,9734,2018,0.0,91094.0,-0.668802,-1.154012,KWT,DEU,901832
9500271,124,61,9734,2018,12435.0,113331.0,0.270554,0.9995149999999999,LBN,DEU,901832
9500272,126,61,9734,2018,0.0,138096.0,-1.608786,-1.231101,LBY,DEU,901832
9500273,127,61,9734,2018,0.0,15823.0,0.18656,-0.143406,LCA,DEU,901832
9500274,128,61,9734,2018,0.0,10931.0,-0.544504,0.41074099999999997,LKA,DEU,901832
9500275,130,61,9734,2018,46234.0,272916.0,0.964249,1.4050200000000002,LTU,DEU,901832
9500276,131,61,9734,2018,232857.0,272600.0,1.1142889999999999,1.306066,LUX,DEU,901832
9500277,132,61,9734,2018,4054.0,99372.0,0.707168,1.294297,LVA,DEU,901832
9500278,133,61,9734,2018,0.0,10840.0,0.44520299999999996,0.042491,MAC,DEU,901832
9500279,134,61,9734,2018,0.0,630400.0,-0.712775,-0.090013,MAR,DEU,901832
9500280,135,61,9734,2018,1236.0,28352.0,-0.358412,-0.271334,MDA,DEU,901832
9500281,138,61,9734,2018,134793.0,1580140.0,1.00061,0.585759,MEX,DEU,901832
9500282,140,61,9734,2018,0.0,35329.0,0.079976,-0.20256,MKD,DEU,901832
9500283,142,61,9734,2018,0.0,23712.0,0.9621219999999999,0.257289,MLT,DEU,901832
9500284,143,61,9734,2018,0.0,1843.0,-0.936467,-0.223413,MMR,DEU,901832
9500285,144,61,9734,2018,0.0,3937.0,0.332495,0.124258,MNE,DEU,901832
9500286,145,61,9734,2018,0.0,2930.0,-0.934398,-1.125105,MNG,DEU,901832
9500287,147,61,9734,2018,0.0,60500.0,-1.380023,-1.027817,MOZ,DEU,901832
9500288,148,61,9734,2018,0.0,16393.0,-1.511361,-1.296003,MRT,DEU,901832
9500289,151,61,9734,2018,0.0,9797.0,-0.128221,0.15049400000000002,MUS,DEU,901832
9500290,152,61,9734,2018,0.0,1923.0,-0.7015979999999999,-0.9293680000000001,MWI,DEU,901832
9500291,153,61,9734,2018,1797752.0,219834.0,1.122976,0.734109,MYS,DEU,901832
9500292,156,61,9734,2018,0.0,11548.0,-0.49370299999999995,-0.865432,NCL,DEU,901832
9500293,159,61,9734,2018,0.0,18764.0,-1.8238,-1.259938,NGA,DEU,901832
9500294,160,61,9734,2018,0.0,1632.0,-0.887282,-0.827008,NIC,DEU,901832
9500295,162,61,9734,2018,9355830.0,18865178.0,1.1478899999999999,1.454758,NLD,DEU,901832
9500296,163,61,9734,2018,271011.0,674069.0,0.681639,0.021762,NOR,DEU,901832
9500297,164,61,9734,2018,0.0,15292.0,-0.252837,0.999258,NPL,DEU,901832
9500298,166,61,9734,2018,0.0,68690.0,0.21902600000000003,0.148714,NZL,DEU,901832
9500299,167,61,9734,2018,0.0,92872.0,-0.548048,-0.9972989999999999,OMN,DEU,901832
9500300,168,61,9734,2018,4548.0,26821.0,-0.64348,0.665045,PAK,DEU,901832
9500301,169,61,9734,2018,0.0,83666.0,0.104326,-0.11611800000000001,PAN,DEU,901832
9500302,173,61,9734,2018,0.0,724191.0,-0.6673060000000001,-0.183315,PER,DEU,901832
9500303,174,61,9734,2018,2142208.0,68029.0,0.781409,0.22126700000000002,PHL,DEU,901832
9500304,177,61,9734,2018,11959053.0,3882727.0,1.132475,1.258945,POL,DEU,901832
9500305,179,61,9734,2018,458631.0,340449.0,0.652628,2.211758,PRT,DEU,901832
9500306,180,61,9734,2018,0.0,29349.0,-0.614751,-0.952478,PRY,DEU,901832
9500307,181,61,9734,2018,0.0,1503.0,0.096402,0.735946,PSE,DEU,901832
9500308,182,61,9734,2018,0.0,5063.0,0.21430300000000002,-0.484076,PYF,DEU,901832
9500309,183,61,9734,2018,0.0,66945.0,-0.068401,-1.014732,QAT,DEU,901832
9500310,185,61,9734,2018,30561.0,693042.0,1.050715,1.04471,ROU,DEU,901832
9500311,186,61,9734,2018,2293.0,2859226.0,0.21398000000000003,0.100414,RUS,DEU,901832
9500312,187,61,9734,2018,0.0,175420.0,-0.618925,-0.788172,RWA,DEU,901832
9500313,188,61,9734,2018,6162.0,566587.0,0.5801810000000001,-0.447514,SAU,DEU,901832
9500314,190,61,9734,2018,0.0,104325.0,-1.278532,-1.176008,SDN,DEU,901832
9500315,191,61,9734,2018,0.0,8823.0,-0.751378,-0.390573,SEN,DEU,901832
9500316,192,61,9734,2018,250300.0,231015.0,1.914132,0.652011,SGP,DEU,901832
9500317,197,61,9734,2018,11950.0,6564.0,0.073928,0.22548600000000002,SLV,DEU,901832
9500318,201,61,9734,2018,0.0,54023.0,0.607486,1.2139389999999999,SRB,DEU,901832
9500319,206,61,9734,2018,18110.0,352290.0,1.3270979999999999,0.877684,SVK,DEU,901832
9500320,207,61,9734,2018,456441.0,433351.0,1.67428,0.7703800000000001,SVN,DEU,901832
9500321,208,61,9734,2018,1259530.0,1749181.0,1.76361,0.766904,SWE,DEU,901832
9500322,209,61,9734,2018,0.0,28329.0,-0.008154999999999999,-0.6079319999999999,SWZ,DEU,901832
9500323,211,61,9734,2018,0.0,2121.0,0.187352,-0.693013,SYC,DEU,901832
9500324,212,61,9734,2018,0.0,76091.0,-0.6836760000000001,0.554563,SYR,DEU,901832
9500325,214,61,9734,2018,0.0,10935.0,-1.845707,-1.032018,TCD,DEU,901832
9500326,215,61,9734,2018,0.0,890.0,-0.685084,-0.773437,TGO,DEU,901832
9500327,216,61,9734,2018,1870913.0,621441.0,1.053177,1.4084969999999999,THA,DEU,901832
9500328,219,61,9734,2018,0.0,28928.0,-1.0081209999999998,-1.190796,TKM,DEU,901832
9500329,222,61,9734,2018,0.0,25764.0,-0.281617,-1.009652,TTO,DEU,901832
9500330,223,61,9734,2018,0.0,72793.0,0.259778,1.187194,TUN,DEU,901832
9500331,224,61,9734,2018,2473076.0,3933218.0,0.518721,2.5581419999999997,TUR,DEU,901832
9500332,226,61,9734,2018,0.0,5363.0,-0.09850700000000001,1.145606,TZA,DEU,901832
9500333,227,61,9734,2018,0.0,31437.0,-0.621049,-0.061448,UGA,DEU,901832
9500334,228,61,9734,2018,0.0,146369.0,0.337296,0.758675,UKR,DEU,901832
9500335,230,61,9734,2018,0.0,58959.0,-0.02056,-0.38911,URY,DEU,901832
9500336,231,61,9734,2018,14378156.0,45186284.0,1.585861,0.44815900000000003,USA,DEU,901832
9500337,232,61,9734,2018,0.0,135155.0,-0.591547,-0.429982,UZB,DEU,901832
9500338,236,61,9734,2018,0.0,4107.0,-1.081138,-1.198717,VEN,DEU,901832
9500339,239,61,9734,2018,2174701.0,139475.0,0.003069,0.9169729999999999,VNM,DEU,901832
9500340,243,61,9734,2018,0.0,21071.0,-1.3332899999999999,-1.200589,YEM,DEU,901832
9500341,246,61,9734,2018,4063.0,1159028.0,0.158722,1.394829,ZAF,DEU,901832
9500342,248,61,9734,2018,0.0,6029.0,-1.181524,-1.0648520000000001,ZWE,DEU,901832
9500343,249,61,9734,2018,69933.0,93140.0,2.0462540000000002,1.166636,TWN,DEU,901832
9500344,0,64,9734,2018,0.0,136365.0,0.8710549999999999,0.084402,ABW,DNK,901832
9500345,7,64,9734,2018,0.0,282709.0,0.11804400000000001,-0.326851,ARE,DNK,901832
9500346,8,64,9734,2018,0.0,1085046.0,-0.14316800000000002,0.14356,ARG,DNK,901832
9500347,14,64,9734,2018,7499.0,1212770.0,-0.29687199999999997,-0.123116,AUS,DNK,901832
9500348,15,64,9734,2018,383383.0,1881856.0,1.774488,-0.21117800000000003,AUT,DNK,901832
9500349,16,64,9734,2018,0.0,20908.0,-1.144089,-1.224327,AZE,DNK,901832
9500350,17,64,9734,2018,0.0,1637.0,-0.654964,-0.9683229999999999,BDI,DNK,901832
9500351,18,64,9734,2018,707988.0,1339848.0,1.270641,1.201063,BEL,DNK,901832
9500352,22,64,9734,2018,0.0,531108.0,-0.899467,-0.9823719999999999,BGD,DNK,901832
9500353,23,64,9734,2018,3919.0,147637.0,0.571226,1.836856,BGR,DNK,901832
9500354,24,64,9734,2018,0.0,77295.0,0.318352,-0.69221,BHR,DNK,901832
9500355,26,64,9734,2018,0.0,520428.0,0.526392,0.742398,BIH,DNK,901832
9500356,28,64,9734,2018,0.0,205194.0,0.850089,0.8332870000000001,BLR,DNK,901832
9500357,31,64,9734,2018,0.0,5533.0,-1.153953,-1.070749,BOL,DNK,901832
9500358,32,64,9734,2018,166914.0,449279.0,0.143397,0.582092,BRA,DNK,901832
9500359,33,64,9734,2018,0.0,48716.0,0.487166,-0.129388,BRB,DNK,901832
9500360,39,64,9734,2018,0.0,8447825.0,0.666822,1.218593,CAN,DNK,901832
9500361,41,64,9734,2018,58676.0,509349.0,2.2324330000000003,0.7801560000000001,CHE,DNK,901832
9500362,42,64,9734,2018,0.0,1463736.0,-0.37677,-0.49605299999999997,CHL,DNK,901832
9500363,43,64,9734,2018,2004756.0,163629.0,1.200689,1.2822,CHN,DNK,901832
9500364,44,64,9734,2018,0.0,9190.0,-0.8733569999999999,-0.8443139999999999,CIV,DNK,901832
9500365,49,64,9734,2018,0.0,229394.0,0.20431,-0.15273699999999998,COL,DNK,901832
9500366,52,64,9734,2018,0.0,5916.0,0.19386,0.05811,CRI,DNK,901832
9500367,54,64,9734,2018,0.0,628557.0,-0.8835629999999999,-1.15678,CUB,DNK,901832
9500368,58,64,9734,2018,0.0,2814.0,0.45442,-0.113303,CYP,DNK,901832
9500369,59,64,9734,2018,36235.0,1228674.0,1.841016,0.220806,CZE,DNK,901832
9500370,61,64,9734,2018,2664550.0,2122142.0,2.109059,-2.428826,DEU,DNK,901832
9500371,65,64,9734,2018,0.0,2952.0,-0.084258,0.474872,DOM,DNK,901832
9500372,66,64,9734,2018,0.0,407023.0,-1.281519,-1.22291,DZA,DNK,901832
9500373,67,64,9734,2018,0.0,18649.0,-0.873973,-1.032841,ECU,DNK,901832
9500374,68,64,9734,2018,0.0,367021.0,-0.096635,1.585658,EGY,DNK,901832
9500375,71,64,9734,2018,24568.0,291164.0,0.744825,2.919005,ESP,DNK,901832
9500376,72,64,9734,2018,0.0,16403.0,0.979986,1.2365899999999999,EST,DNK,901832
9500377,74,64,9734,2018,8887.0,201796.0,1.61151,0.9474549999999999,FIN,DNK,901832
9500378,77,64,9734,2018,526363.0,1465000.0,1.420819,0.7793770000000001,FRA,DNK,901832
9500379,78,64,9734,2018,0.0,60894.0,-1.00676,-0.959297,FRO,DNK,901832
9500380,81,64,9734,2018,127687.0,1934654.0,1.693008,0.768159,GBR,DNK,901832
9500381,82,64,9734,2018,0.0,23150.0,-0.049871,-0.28439899999999996,GEO,DNK,901832
9500382,83,64,9734,2018,0.0,6833.0,-0.956109,-0.861556,GHA,DNK,901832
9500383,90,64,9734,2018,0.0,116528.0,0.059539999999999996,1.0321879999999999,GRC,DNK,901832
9500384,96,64,9734,2018,0.0,3069.0,-0.841458,-0.9803280000000001,GUY,DNK,901832
9500385,97,64,9734,2018,9816.0,3242414.0,0.843677,1.656073,HKG,DNK,901832
9500386,100,64,9734,2018,0.0,1133490.0,0.7923720000000001,1.4047209999999999,HRV,DNK,901832
9500387,102,64,9734,2018,0.0,807167.0,1.519662,0.833092,HUN,DNK,901832
9500388,103,64,9734,2018,0.0,590371.0,-0.10130499999999999,1.2414209999999999,IDN,DNK,901832
9500389,104,64,9734,2018,14504.0,1575606.0,0.526015,2.448112,IND,DNK,901832
9500390,106,64,9734,2018,50075.0,49860.0,1.262419,0.013576,IRL,DNK,901832
9500391,107,64,9734,2018,0.0,1056958.0,-0.389954,-0.258156,IRN,DNK,901832
9500392,108,64,9734,2018,0.0,118812.0,-1.7504400000000002,-1.018699,IRQ,DNK,901832
9500393,109,64,9734,2018,0.0,24638.0,0.252338,-0.341319,ISL,DNK,901832
9500394,110,64,9734,2018,0.0,322691.0,1.355071,0.872822,ISR,DNK,901832
9500395,111,64,9734,2018,359269.0,4062206.0,1.3602530000000002,0.453607,ITA,DNK,901832
9500396,113,64,9734,2018,0.0,689299.0,-0.086895,0.283829,JOR,DNK,901832
9500397,114,64,9734,2018,22904854.0,45450.0,2.514533,-0.416074,JPN,DNK,901832
9500398,115,64,9734,2018,0.0,1731.0,-0.483862,-0.667417,KAZ,DNK,901832
9500399,116,64,9734,2018,0.0,43855.0,-0.32707800000000004,0.71009,KEN,DNK,901832
9500400,118,64,9734,2018,0.0,5065.0,-0.45740299999999995,-0.575966,KHM,DNK,901832
9500401,121,64,9734,2018,1333246.0,190164.0,2.093866,0.764303,KOR,DNK,901832
9500402,122,64,9734,2018,0.0,754006.0,-0.668802,-1.154012,KWT,DNK,901832
9500403,123,64,9734,2018,0.0,2083.0,-0.788808,-0.8012670000000001,LAO,DNK,901832
9500404,124,64,9734,2018,0.0,264786.0,0.270554,0.9995149999999999,LBN,DNK,901832
9500405,128,64,9734,2018,0.0,153324.0,-0.544504,0.41074099999999997,LKA,DNK,901832
9500406,130,64,9734,2018,0.0,38575.0,0.964249,1.4050200000000002,LTU,DNK,901832
9500407,131,64,9734,2018,0.0,1749.0,1.1142889999999999,1.306066,LUX,DNK,901832
9500408,132,64,9734,2018,0.0,434757.0,0.707168,1.294297,LVA,DNK,901832
9500409,133,64,9734,2018,0.0,5983.0,0.44520299999999996,0.042491,MAC,DNK,901832
9500410,134,64,9734,2018,0.0,161611.0,-0.712775,-0.090013,MAR,DNK,901832
9500411,135,64,9734,2018,0.0,6885.0,-0.358412,-0.271334,MDA,DNK,901832
9500412,138,64,9734,2018,0.0,2216584.0,1.00061,0.585759,MEX,DNK,901832
9500413,142,64,9734,2018,0.0,19662.0,0.9621219999999999,0.257289,MLT,DNK,901832
9500414,143,64,9734,2018,0.0,26713.0,-0.936467,-0.223413,MMR,DNK,901832
9500415,144,64,9734,2018,0.0,1582.0,0.332495,0.124258,MNE,DNK,901832
9500416,145,64,9734,2018,0.0,5826.0,-0.934398,-1.125105,MNG,DNK,901832
9500417,147,64,9734,2018,0.0,1199.0,-1.380023,-1.027817,MOZ,DNK,901832
9500418,153,64,9734,2018,0.0,787871.0,1.122976,0.734109,MYS,DNK,901832
9500419,159,64,9734,2018,0.0,62947.0,-1.8238,-1.259938,NGA,DNK,901832
9500420,160,64,9734,2018,0.0,2387.0,-0.887282,-0.827008,NIC,DNK,901832
9500421,162,64,9734,2018,1997119.0,1033166.0,1.1478899999999999,1.454758,NLD,DNK,901832
9500422,163,64,9734,2018,49432.0,593888.0,0.681639,0.021762,NOR,DNK,901832
9500423,166,64,9734,2018,0.0,58534.0,0.21902600000000003,0.148714,NZL,DNK,901832
9500424,167,64,9734,2018,0.0,117067.0,-0.548048,-0.9972989999999999,OMN,DNK,901832
9500425,168,64,9734,2018,1147.0,131814.0,-0.64348,0.665045,PAK,DNK,901832
9500426,169,64,9734,2018,0.0,164990.0,0.104326,-0.11611800000000001,PAN,DNK,901832
9500427,173,64,9734,2018,0.0,12712.0,-0.6673060000000001,-0.183315,PER,DNK,901832
9500428,174,64,9734,2018,0.0,145774.0,0.781409,0.22126700000000002,PHL,DNK,901832
9500429,177,64,9734,2018,10433.0,834609.0,1.132475,1.258945,POL,DNK,901832
9500430,179,64,9734,2018,0.0,58401.0,0.652628,2.211758,PRT,DNK,901832
9500431,180,64,9734,2018,0.0,5565.0,-0.614751,-0.952478,PRY,DNK,901832
9500432,182,64,9734,2018,0.0,990.0,0.21430300000000002,-0.484076,PYF,DNK,901832
9500433,183,64,9734,2018,0.0,90988.0,-0.068401,-1.014732,QAT,DNK,901832
9500434,185,64,9734,2018,6536.0,554914.0,1.050715,1.04471,ROU,DNK,901832
9500435,186,64,9734,2018,0.0,1668244.0,0.21398000000000003,0.100414,RUS,DNK,901832
9500436,187,64,9734,2018,0.0,3027.0,-0.618925,-0.788172,RWA,DNK,901832
9500437,188,64,9734,2018,0.0,1262700.0,0.5801810000000001,-0.447514,SAU,DNK,901832
9500438,190,64,9734,2018,0.0,6445.0,-1.278532,-1.176008,SDN,DNK,901832
9500439,192,64,9734,2018,0.0,557277.0,1.914132,0.652011,SGP,DNK,901832
9500440,196,64,9734,2018,0.0,3707.0,-0.06932999999999999,-0.36035300000000003,SLE,DNK,901832
9500441,201,64,9734,2018,0.0,1267358.0,0.607486,1.2139389999999999,SRB,DNK,901832
9500442,206,64,9734,2018,70192.0,206266.0,1.3270979999999999,0.877684,SVK,DNK,901832
9500443,207,64,9734,2018,18156.0,409409.0,1.67428,0.7703800000000001,SVN,DNK,901832
9500444,208,64,9734,2018,623311.0,710637.0,1.76361,0.766904,SWE,DNK,901832
9500445,216,64,9734,2018,1111255.0,1135566.0,1.053177,1.4084969999999999,THA,DNK,901832
9500446,219,64,9734,2018,0.0,24910.0,-1.0081209999999998,-1.190796,TKM,DNK,901832
9500447,223,64,9734,2018,0.0,70643.0,0.259778,1.187194,TUN,DNK,901832
9500448,224,64,9734,2018,69598.0,2439932.0,0.518721,2.5581419999999997,TUR,DNK,901832
9500449,226,64,9734,2018,0.0,3574.0,-0.09850700000000001,1.145606,TZA,DNK,901832
9500450,227,64,9734,2018,0.0,36454.0,-0.621049,-0.061448,UGA,DNK,901832
9500451,228,64,9734,2018,0.0,102506.0,0.337296,0.758675,UKR,DNK,901832
9500452,230,64,9734,2018,0.0,80917.0,-0.02056,-0.38911,URY,DNK,901832
9500453,231,64,9734,2018,946936.0,26877244.0,1.585861,0.44815900000000003,USA,DNK,901832
9500454,232,64,9734,2018,0.0,16643.0,-0.591547,-0.429982,UZB,DNK,901832
9500455,236,64,9734,2018,0.0,3569.0,-1.081138,-1.198717,VEN,DNK,901832
9500456,239,64,9734,2018,0.0,188741.0,0.003069,0.9169729999999999,VNM,DNK,901832
9500457,246,64,9734,2018,0.0,1616666.0,0.158722,1.394829,ZAF,DNK,901832
9500458,247,64,9734,2018,0.0,2430.0,-0.736064,-0.93958,ZMB,DNK,901832
9500459,248,64,9734,2018,0.0,3088.0,-1.181524,-1.0648520000000001,ZWE,DNK,901832
9500460,249,64,9734,2018,3040.0,0.0,2.0462540000000002,1.166636,TWN,DNK,901832
9500461,14,65,9734,2018,0.0,482309.0,-0.29687199999999997,-0.123116,AUS,DOM,901832
9500462,28,65,9734,2018,0.0,12023.0,0.850089,0.8332870000000001,BLR,DOM,901832
9500463,39,65,9734,2018,2344.0,195305.0,0.666822,1.218593,CAN,DOM,901832
9500464,41,65,9734,2018,719.0,0.0,2.2324330000000003,0.7801560000000001,CHE,DOM,901832
9500465,42,65,9734,2018,1707.0,15605.0,-0.37677,-0.49605299999999997,CHL,DOM,901832
9500466,43,65,9734,2018,261064.0,19922.0,1.200689,1.2822,CHN,DOM,901832
9500467,49,65,9734,2018,0.0,2765.0,0.20431,-0.15273699999999998,COL,DOM,901832
9500468,52,65,9734,2018,0.0,43459.0,0.19386,0.05811,CRI,DOM,901832
9500469,59,65,9734,2018,0.0,57356.0,1.841016,0.220806,CZE,DOM,901832
9500470,61,65,9734,2018,5894.0,72402.0,2.109059,-2.428826,DEU,DOM,901832
9500471,64,65,9734,2018,2952.0,0.0,1.0945040000000001,1.3311540000000002,DNK,DOM,901832
9500472,68,65,9734,2018,3295.0,0.0,-0.096635,1.585658,EGY,DOM,901832
9500473,71,65,9734,2018,0.0,22465.0,0.744825,2.919005,ESP,DOM,901832
9500474,74,65,9734,2018,0.0,2406.0,1.61151,0.9474549999999999,FIN,DOM,901832
9500475,77,65,9734,2018,11383350.0,7307.0,1.420819,0.7793770000000001,FRA,DOM,901832
9500476,81,65,9734,2018,57603.0,0.0,1.693008,0.768159,GBR,DOM,901832
9500477,99,65,9734,2018,0.0,3418.0,-0.523738,-0.193198,HND,DOM,901832
9500478,104,65,9734,2018,35888.0,2793.0,0.526015,2.448112,IND,DOM,901832
9500479,109,65,9734,2018,0.0,4205.0,0.252338,-0.341319,ISL,DOM,901832
9500480,110,65,9734,2018,0.0,63788.0,1.355071,0.872822,ISR,DOM,901832
9500481,111,65,9734,2018,1239.0,0.0,1.3602530000000002,0.453607,ITA,DOM,901832
9500482,114,65,9734,2018,35877.0,10630497.0,2.514533,-0.416074,JPN,DOM,901832
9500483,121,65,9734,2018,63858.0,67180.0,2.093866,0.764303,KOR,DOM,901832
9500484,138,65,9734,2018,91098.0,1876105.0,1.00061,0.585759,MEX,DOM,901832
9500485,153,65,9734,2018,49714.0,0.0,1.122976,0.734109,MYS,DOM,901832
9500486,160,65,9734,2018,0.0,2377.0,-0.887282,-0.827008,NIC,DOM,901832
9500487,166,65,9734,2018,0.0,948.0,0.21902600000000003,0.148714,NZL,DOM,901832
9500488,169,65,9734,2018,1453.0,0.0,0.104326,-0.11611800000000001,PAN,DOM,901832
9500489,174,65,9734,2018,4618.0,0.0,0.781409,0.22126700000000002,PHL,DOM,901832
9500490,177,65,9734,2018,5858.0,0.0,1.132475,1.258945,POL,DOM,901832
9500491,186,65,9734,2018,0.0,137762.0,0.21398000000000003,0.100414,RUS,DOM,901832
9500492,192,65,9734,2018,0.0,6296.0,1.914132,0.652011,SGP,DOM,901832
9500493,197,65,9734,2018,0.0,13095.0,0.073928,0.22548600000000002,SLV,DOM,901832
9500494,224,65,9734,2018,7013.0,1684.0,0.518721,2.5581419999999997,TUR,DOM,901832
9500495,231,65,9734,2018,20005924.0,959002.0,1.585861,0.44815900000000003,USA,DOM,901832
9500496,239,65,9734,2018,202333.0,0.0,0.003069,0.9169729999999999,VNM,DOM,901832
9500497,249,65,9734,2018,92878.0,394740.0,2.0462540000000002,1.166636,TWN,DOM,901832
9500498,15,67,9734,2018,734.0,0.0,1.774488,-0.21117800000000003,AUT,ECU,901832
9500499,18,67,9734,2018,20555.0,0.0,1.270641,1.201063,BEL,ECU,901832
9500500,32,67,9734,2018,33661.0,0.0,0.143397,0.582092,BRA,ECU,901832
9500501,43,67,9734,2018,592847.0,0.0,1.200689,1.2822,CHN,ECU,901832
9500502,49,67,9734,2018,12719.0,0.0,0.20431,-0.15273699999999998,COL,ECU,901832
9500503,61,67,9734,2018,158518.0,0.0,2.109059,-2.428826,DEU,ECU,901832
9500504,64,67,9734,2018,18649.0,0.0,1.0945040000000001,1.3311540000000002,DNK,ECU,901832
9500505,71,67,9734,2018,19154.0,0.0,0.744825,2.919005,ESP,ECU,901832
9500506,77,67,9734,2018,25879.0,0.0,1.420819,0.7793770000000001,FRA,ECU,901832
9500507,81,67,9734,2018,393891.0,0.0,1.693008,0.768159,GBR,ECU,901832
9500508,104,67,9734,2018,296242.0,0.0,0.526015,2.448112,IND,ECU,901832
9500509,106,67,9734,2018,10630.0,0.0,1.262419,0.013576,IRL,ECU,901832
9500510,111,67,9734,2018,23022.0,0.0,1.3602530000000002,0.453607,ITA,ECU,901832
9500511,114,67,9734,2018,128988.0,0.0,2.514533,-0.416074,JPN,ECU,901832
9500512,121,67,9734,2018,184583.0,0.0,2.093866,0.764303,KOR,ECU,901832
9500513,138,67,9734,2018,231875.0,0.0,1.00061,0.585759,MEX,ECU,901832
9500514,153,67,9734,2018,428175.0,0.0,1.122976,0.734109,MYS,ECU,901832
9500515,166,67,9734,2018,13375.0,0.0,0.21902600000000003,0.148714,NZL,ECU,901832
9500516,216,67,9734,2018,274920.0,0.0,1.053177,1.4084969999999999,THA,ECU,901832
9500517,231,67,9734,2018,582004.0,0.0,1.585861,0.44815900000000003,USA,ECU,901832
9500518,249,67,9734,2018,26005.0,0.0,2.0462540000000002,1.166636,TWN,ECU,901832
9500519,2,71,9734,2018,0.0,5818.0,-1.489191,-1.213992,AGO,ESP,901832
9500520,5,71,9734,2018,0.0,8536.0,0.975648,0.525437,AND,ESP,901832
9500521,7,71,9734,2018,0.0,196985.0,0.11804400000000001,-0.326851,ARE,ESP,901832
9500522,8,71,9734,2018,0.0,142528.0,-0.14316800000000002,0.14356,ARG,ESP,901832
9500523,9,71,9734,2018,0.0,2113.0,-0.330516,-0.604744,ARM,ESP,901832
9500524,14,71,9734,2018,0.0,15920.0,-0.29687199999999997,-0.123116,AUS,ESP,901832
9500525,15,71,9734,2018,19948.0,8939.0,1.774488,-0.21117800000000003,AUT,ESP,901832
9500526,18,71,9734,2018,3338772.0,23743676.0,1.270641,1.201063,BEL,ESP,901832
9500527,23,71,9734,2018,0.0,1286.0,0.571226,1.836856,BGR,ESP,901832
9500528,24,71,9734,2018,0.0,2568.0,0.318352,-0.69221,BHR,ESP,901832
9500529,26,71,9734,2018,0.0,2696.0,0.526392,0.742398,BIH,ESP,901832
9500530,28,71,9734,2018,0.0,9335.0,0.850089,0.8332870000000001,BLR,ESP,901832
9500531,32,71,9734,2018,5720787.0,6466.0,0.143397,0.582092,BRA,ESP,901832
9500532,38,71,9734,2018,0.0,1603.0,-0.041318,-0.687923,CAF,ESP,901832
9500533,39,71,9734,2018,598933.0,29488.0,0.666822,1.218593,CAN,ESP,901832
9500534,41,71,9734,2018,142302.0,27764.0,2.2324330000000003,0.7801560000000001,CHE,ESP,901832
9500535,42,71,9734,2018,0.0,10016.0,-0.37677,-0.49605299999999997,CHL,ESP,901832
9500536,43,71,9734,2018,1624346.0,5234322.0,1.200689,1.2822,CHN,ESP,901832
9500537,44,71,9734,2018,0.0,1289.0,-0.8733569999999999,-0.8443139999999999,CIV,ESP,901832
9500538,45,71,9734,2018,0.0,22955.0,-1.366619,-1.09894,CMR,ESP,901832
9500539,49,71,9734,2018,4339532.0,1065233.0,0.20431,-0.15273699999999998,COL,ESP,901832
9500540,52,71,9734,2018,0.0,5852.0,0.19386,0.05811,CRI,ESP,901832
9500541,58,71,9734,2018,0.0,4453.0,0.45442,-0.113303,CYP,ESP,901832
9500542,59,71,9734,2018,9177.0,63451.0,1.841016,0.220806,CZE,ESP,901832
9500543,61,71,9734,2018,8501483.0,132362.0,2.109059,-2.428826,DEU,ESP,901832
9500544,64,71,9734,2018,291164.0,24568.0,1.0945040000000001,1.3311540000000002,DNK,ESP,901832
9500545,65,71,9734,2018,22465.0,0.0,-0.084258,0.474872,DOM,ESP,901832
9500546,67,71,9734,2018,0.0,19154.0,-0.873973,-1.032841,ECU,ESP,901832
9500547,68,71,9734,2018,0.0,1105808.0,-0.096635,1.585658,EGY,ESP,901832
9500548,72,71,9734,2018,2427.0,10605.0,0.979986,1.2365899999999999,EST,ESP,901832
9500549,74,71,9734,2018,4387.0,2014.0,1.61151,0.9474549999999999,FIN,ESP,901832
9500550,77,71,9734,2018,9421122.0,1070486.0,1.420819,0.7793770000000001,FRA,ESP,901832
9500551,81,71,9734,2018,1038379.0,241834.0,1.693008,0.768159,GBR,ESP,901832
9500552,84,71,9734,2018,0.0,12866.0,0.420756,-0.6854140000000001,GIB,ESP,901832
9500553,89,71,9734,2018,0.0,50806.0,-2.017117,-0.975924,GNQ,ESP,901832
9500554,90,71,9734,2018,2533.0,21533.0,0.059539999999999996,1.0321879999999999,GRC,ESP,901832
9500555,93,71,9734,2018,0.0,1120.0,-0.362668,0.520826,GTM,ESP,901832
9500556,97,71,9734,2018,4982.0,2226.0,0.843677,1.656073,HKG,ESP,901832
9500557,100,71,9734,2018,10008.0,23633.0,0.7923720000000001,1.4047209999999999,HRV,ESP,901832
9500558,102,71,9734,2018,7945.0,7500.0,1.519662,0.833092,HUN,ESP,901832
9500559,103,71,9734,2018,0.0,120532.0,-0.10130499999999999,1.2414209999999999,IDN,ESP,901832
9500560,104,71,9734,2018,2783542.0,245821.0,0.526015,2.448112,IND,ESP,901832
9500561,106,71,9734,2018,8603521.0,153398.0,1.262419,0.013576,IRL,ESP,901832
9500562,107,71,9734,2018,0.0,447099.0,-0.389954,-0.258156,IRN,ESP,901832
9500563,109,71,9734,2018,34104.0,43587.0,0.252338,-0.341319,ISL,ESP,901832
9500564,110,71,9734,2018,9298.0,7265.0,1.355071,0.872822,ISR,ESP,901832
9500565,111,71,9734,2018,1855459.0,332475.0,1.3602530000000002,0.453607,ITA,ESP,901832
9500566,114,71,9734,2018,1298516.0,36910.0,2.514533,-0.416074,JPN,ESP,901832
9500567,116,71,9734,2018,0.0,239779.0,-0.32707800000000004,0.71009,KEN,ESP,901832
9500568,121,71,9734,2018,1147212.0,2655.0,2.093866,0.764303,KOR,ESP,901832
9500569,122,71,9734,2018,0.0,947231.0,-0.668802,-1.154012,KWT,ESP,901832
9500570,124,71,9734,2018,0.0,123778.0,0.270554,0.9995149999999999,LBN,ESP,901832
9500571,130,71,9734,2018,0.0,1546.0,0.964249,1.4050200000000002,LTU,ESP,901832
9500572,131,71,9734,2018,0.0,5240.0,1.1142889999999999,1.306066,LUX,ESP,901832
9500573,134,71,9734,2018,0.0,26938.0,-0.712775,-0.090013,MAR,ESP,901832
9500574,135,71,9734,2018,0.0,2098.0,-0.358412,-0.271334,MDA,ESP,901832
9500575,138,71,9734,2018,3153.0,10744.0,1.00061,0.585759,MEX,ESP,901832
9500576,140,71,9734,2018,0.0,18596.0,0.079976,-0.20256,MKD,ESP,901832
9500577,144,71,9734,2018,0.0,4157.0,0.332495,0.124258,MNE,ESP,901832
9500578,153,71,9734,2018,0.0,4749.0,1.122976,0.734109,MYS,ESP,901832
9500579,157,71,9734,2018,0.0,1876.0,-0.633115,-0.839564,NER,ESP,901832
9500580,160,71,9734,2018,0.0,5365.0,-0.887282,-0.827008,NIC,ESP,901832
9500581,162,71,9734,2018,1404280.0,310086.0,1.1478899999999999,1.454758,NLD,ESP,901832
9500582,163,71,9734,2018,0.0,29021.0,0.681639,0.021762,NOR,ESP,901832
9500583,166,71,9734,2018,0.0,28746.0,0.21902600000000003,0.148714,NZL,ESP,901832
9500584,167,71,9734,2018,0.0,2613.0,-0.548048,-0.9972989999999999,OMN,ESP,901832
9500585,168,71,9734,2018,0.0,6101.0,-0.64348,0.665045,PAK,ESP,901832
9500586,173,71,9734,2018,0.0,37864.0,-0.6673060000000001,-0.183315,PER,ESP,901832
9500587,174,71,9734,2018,23709.0,0.0,0.781409,0.22126700000000002,PHL,ESP,901832
9500588,177,71,9734,2018,861979.0,535270.0,1.132475,1.258945,POL,ESP,901832
9500589,179,71,9734,2018,102780.0,1449108.0,0.652628,2.211758,PRT,ESP,901832
9500590,180,71,9734,2018,0.0,38265.0,-0.614751,-0.952478,PRY,ESP,901832
9500591,181,71,9734,2018,0.0,1066.0,0.096402,0.735946,PSE,ESP,901832
9500592,182,71,9734,2018,0.0,9808.0,0.21430300000000002,-0.484076,PYF,ESP,901832
9500593,183,71,9734,2018,0.0,10480.0,-0.068401,-1.014732,QAT,ESP,901832
9500594,185,71,9734,2018,34526.0,75269.0,1.050715,1.04471,ROU,ESP,901832
9500595,186,71,9734,2018,0.0,4339.0,0.21398000000000003,0.100414,RUS,ESP,901832
9500596,188,71,9734,2018,0.0,1875.0,0.5801810000000001,-0.447514,SAU,ESP,901832
9500597,190,71,9734,2018,0.0,3748.0,-1.278532,-1.176008,SDN,ESP,901832
9500598,192,71,9734,2018,91110.0,297821.0,1.914132,0.652011,SGP,ESP,901832
9500599,197,71,9734,2018,0.0,925.0,0.073928,0.22548600000000002,SLV,ESP,901832
9500600,201,71,9734,2018,0.0,37403.0,0.607486,1.2139389999999999,SRB,ESP,901832
9500601,206,71,9734,2018,1814.0,17931.0,1.3270979999999999,0.877684,SVK,ESP,901832
9500602,207,71,9734,2018,6016.0,6886.0,1.67428,0.7703800000000001,SVN,ESP,901832
9500603,208,71,9734,2018,242765.0,12433.0,1.76361,0.766904,SWE,ESP,901832
9500604,216,71,9734,2018,148205.0,0.0,1.053177,1.4084969999999999,THA,ESP,901832
9500605,223,71,9734,2018,0.0,72234.0,0.259778,1.187194,TUN,ESP,901832
9500606,224,71,9734,2018,64325.0,243844.0,0.518721,2.5581419999999997,TUR,ESP,901832
9500607,227,71,9734,2018,0.0,27352.0,-0.621049,-0.061448,UGA,ESP,901832
9500608,228,71,9734,2018,14494.0,91984.0,0.337296,0.758675,UKR,ESP,901832
9500609,230,71,9734,2018,0.0,1103.0,-0.02056,-0.38911,URY,ESP,901832
9500610,231,71,9734,2018,4619011.0,293922.0,1.585861,0.44815900000000003,USA,ESP,901832
9500611,239,71,9734,2018,9196954.0,23239.0,0.003069,0.9169729999999999,VNM,ESP,901832
9500612,246,71,9734,2018,0.0,412691.0,0.158722,1.394829,ZAF,ESP,901832
9500613,249,71,9734,2018,20973.0,136578.0,2.0462540000000002,1.166636,TWN,ESP,901832
9500614,250,71,9734,2018,188669.0,0.0,0.809991,-0.368737,ANS,ESP,901832
9500615,15,74,9734,2018,7940.0,5560.0,1.774488,-0.21117800000000003,AUT,FIN,901832
9500616,18,74,9734,2018,166299.0,5281.0,1.270641,1.201063,BEL,FIN,901832
9500617,28,74,9734,2018,0.0,2803.0,0.850089,0.8332870000000001,BLR,FIN,901832
9500618,39,74,9734,2018,0.0,3258.0,0.666822,1.218593,CAN,FIN,901832
9500619,41,74,9734,2018,615314.0,2744.0,2.2324330000000003,0.7801560000000001,CHE,FIN,901832
9500620,43,74,9734,2018,1765480.0,0.0,1.200689,1.2822,CHN,FIN,901832
9500621,52,74,9734,2018,71997.0,0.0,0.19386,0.05811,CRI,FIN,901832
9500622,59,74,9734,2018,0.0,9566.0,1.841016,0.220806,CZE,FIN,901832
9500623,61,74,9734,2018,3416779.0,37721.0,2.109059,-2.428826,DEU,FIN,901832
9500624,64,74,9734,2018,201796.0,8887.0,1.0945040000000001,1.3311540000000002,DNK,FIN,901832
9500625,65,74,9734,2018,2406.0,0.0,-0.084258,0.474872,DOM,FIN,901832
9500626,71,74,9734,2018,2014.0,4387.0,0.744825,2.919005,ESP,FIN,901832
9500627,72,74,9734,2018,0.0,28594.0,0.979986,1.2365899999999999,EST,FIN,901832
9500628,77,74,9734,2018,224900.0,13947.0,1.420819,0.7793770000000001,FRA,FIN,901832
9500629,81,74,9734,2018,21809.0,1326.0,1.693008,0.768159,GBR,FIN,901832
9500630,97,74,9734,2018,1141.0,3706.0,0.843677,1.656073,HKG,FIN,901832
9500631,100,74,9734,2018,0.0,3029.0,0.7923720000000001,1.4047209999999999,HRV,FIN,901832
9500632,104,74,9734,2018,7122.0,16805.0,0.526015,2.448112,IND,FIN,901832
9500633,106,74,9734,2018,1194314.0,0.0,1.262419,0.013576,IRL,FIN,901832
9500634,110,74,9734,2018,22591.0,1489.0,1.355071,0.872822,ISR,FIN,901832
9500635,111,74,9734,2018,1466504.0,2866.0,1.3602530000000002,0.453607,ITA,FIN,901832
9500636,114,74,9734,2018,201427.0,3286.0,2.514533,-0.416074,JPN,FIN,901832
9500637,121,74,9734,2018,193478.0,848.0,2.093866,0.764303,KOR,FIN,901832
9500638,130,74,9734,2018,0.0,11468.0,0.964249,1.4050200000000002,LTU,FIN,901832
9500639,132,74,9734,2018,0.0,4858.0,0.707168,1.294297,LVA,FIN,901832
9500640,138,74,9734,2018,1943.0,0.0,1.00061,0.585759,MEX,FIN,901832
9500641,153,74,9734,2018,146675.0,0.0,1.122976,0.734109,MYS,FIN,901832
9500642,156,74,9734,2018,0.0,4442.0,-0.49370299999999995,-0.865432,NCL,FIN,901832
9500643,162,74,9734,2018,274415.0,7651.0,1.1478899999999999,1.454758,NLD,FIN,901832
9500644,163,74,9734,2018,3648.0,266710.0,0.681639,0.021762,NOR,FIN,901832
9500645,166,74,9734,2018,0.0,2312.0,0.21902600000000003,0.148714,NZL,FIN,901832
9500646,168,74,9734,2018,9926.0,0.0,-0.64348,0.665045,PAK,FIN,901832
9500647,177,74,9734,2018,49123.0,25094.0,1.132475,1.258945,POL,FIN,901832
9500648,179,74,9734,2018,0.0,7847.0,0.652628,2.211758,PRT,FIN,901832
9500649,183,74,9734,2018,0.0,21749.0,-0.068401,-1.014732,QAT,FIN,901832
9500650,186,74,9734,2018,0.0,1087068.0,0.21398000000000003,0.100414,RUS,FIN,901832
9500651,188,74,9734,2018,0.0,1268.0,0.5801810000000001,-0.447514,SAU,FIN,901832
9500652,192,74,9734,2018,6233.0,1154.0,1.914132,0.652011,SGP,FIN,901832
9500653,206,74,9734,2018,39356.0,0.0,1.3270979999999999,0.877684,SVK,FIN,901832
9500654,208,74,9734,2018,178640.0,487358.0,1.76361,0.766904,SWE,FIN,901832
9500655,210,74,9734,2018,0.0,1065.0,1.115443,-0.661118,SXM,FIN,901832
9500656,216,74,9734,2018,3240.0,0.0,1.053177,1.4084969999999999,THA,FIN,901832
9500657,224,74,9734,2018,34522.0,0.0,0.518721,2.5581419999999997,TUR,FIN,901832
9500658,231,74,9734,2018,320254.0,5547.0,1.585861,0.44815900000000003,USA,FIN,901832
9500659,246,74,9734,2018,0.0,16074.0,0.158722,1.394829,ZAF,FIN,901832
9500660,249,74,9734,2018,4063.0,0.0,2.0462540000000002,1.166636,TWN,FIN,901832
9500661,7,77,9734,2018,0.0,58142.0,0.11804400000000001,-0.326851,ARE,FRA,901832
9500662,8,77,9734,2018,0.0,53204.0,-0.14316800000000002,0.14356,ARG,FRA,901832
9500663,9,77,9734,2018,0.0,1088.0,-0.330516,-0.604744,ARM,FRA,901832
9500664,14,77,9734,2018,33073.0,539942.0,-0.29687199999999997,-0.123116,AUS,FRA,901832
9500665,15,77,9734,2018,132580.0,259873.0,1.774488,-0.21117800000000003,AUT,FRA,901832
9500666,16,77,9734,2018,0.0,6391.0,-1.144089,-1.224327,AZE,FRA,901832
9500667,18,77,9734,2018,7778322.0,2658595.0,1.270641,1.201063,BEL,FRA,901832
9500668,19,77,9734,2018,0.0,1404.0,-0.646475,-0.769808,BEN,FRA,901832
9500669,21,77,9734,2018,0.0,17010.0,-0.8835200000000001,-0.9790620000000001,BFA,FRA,901832
9500670,22,77,9734,2018,0.0,471920.0,-0.899467,-0.9823719999999999,BGD,FRA,901832
9500671,23,77,9734,2018,0.0,39468.0,0.571226,1.836856,BGR,FRA,901832
9500672,24,77,9734,2018,0.0,2990.0,0.318352,-0.69221,BHR,FRA,901832
9500673,25,77,9734,2018,0.0,996.0,0.532998,-0.394906,BHS,FRA,901832
9500674,26,77,9734,2018,0.0,2458.0,0.526392,0.742398,BIH,FRA,901832
9500675,27,77,9734,2018,0.0,6097.0,0.773095,-0.104209,BLM,FRA,901832
9500676,28,77,9734,2018,0.0,26705.0,0.850089,0.8332870000000001,BLR,FRA,901832
9500677,32,77,9734,2018,0.0,597683.0,0.143397,0.582092,BRA,FRA,901832
9500678,39,77,9734,2018,45050.0,1568414.0,0.666822,1.218593,CAN,FRA,901832
9500679,41,77,9734,2018,1761291.0,2762944.0,2.2324330000000003,0.7801560000000001,CHE,FRA,901832
9500680,42,77,9734,2018,0.0,40500.0,-0.37677,-0.49605299999999997,CHL,FRA,901832
9500681,43,77,9734,2018,3188405.0,2397074.0,1.200689,1.2822,CHN,FRA,901832
9500682,44,77,9734,2018,0.0,7891.0,-0.8733569999999999,-0.8443139999999999,CIV,FRA,901832
9500683,45,77,9734,2018,0.0,120375.0,-1.366619,-1.09894,CMR,FRA,901832
9500684,47,77,9734,2018,0.0,7614.0,-1.52875,-1.1869100000000001,COG,FRA,901832
9500685,49,77,9734,2018,0.0,865144.0,0.20431,-0.15273699999999998,COL,FRA,901832
9500686,52,77,9734,2018,0.0,67024.0,0.19386,0.05811,CRI,FRA,901832
9500687,58,77,9734,2018,0.0,2297.0,0.45442,-0.113303,CYP,FRA,901832
9500688,59,77,9734,2018,105982.0,174384.0,1.841016,0.220806,CZE,FRA,901832
9500689,61,77,9734,2018,12169343.0,7395572.0,2.109059,-2.428826,DEU,FRA,901832
9500690,64,77,9734,2018,1465000.0,526363.0,1.0945040000000001,1.3311540000000002,DNK,FRA,901832
9500691,65,77,9734,2018,7307.0,11383350.0,-0.084258,0.474872,DOM,FRA,901832
9500692,66,77,9734,2018,0.0,313715.0,-1.281519,-1.22291,DZA,FRA,901832
9500693,67,77,9734,2018,0.0,25879.0,-0.873973,-1.032841,ECU,FRA,901832
9500694,68,77,9734,2018,0.0,4677.0,-0.096635,1.585658,EGY,FRA,901832
9500695,71,77,9734,2018,1070486.0,9421122.0,0.744825,2.919005,ESP,FRA,901832
9500696,72,77,9734,2018,0.0,8202.0,0.979986,1.2365899999999999,EST,FRA,901832
9500697,73,77,9734,2018,0.0,2275.0,-0.874857,-0.464958,ETH,FRA,901832
9500698,74,77,9734,2018,13947.0,224900.0,1.61151,0.9474549999999999,FIN,FRA,901832
9500699,80,77,9734,2018,0.0,4445.0,-1.4979200000000001,-1.180407,GAB,FRA,901832
9500700,81,77,9734,2018,1282582.0,3930808.0,1.693008,0.768159,GBR,FRA,901832
9500701,90,77,9734,2018,0.0,372980.0,0.059539999999999996,1.0321879999999999,GRC,FRA,901832
9500702,93,77,9734,2018,0.0,1651.0,-0.362668,0.520826,GTM,FRA,901832
9500703,97,77,9734,2018,0.0,6671.0,0.843677,1.656073,HKG,FRA,901832
9500704,99,77,9734,2018,0.0,3657.0,-0.523738,-0.193198,HND,FRA,901832
9500705,100,77,9734,2018,0.0,85692.0,0.7923720000000001,1.4047209999999999,HRV,FRA,901832
9500706,102,77,9734,2018,102520.0,387505.0,1.519662,0.833092,HUN,FRA,901832
9500707,103,77,9734,2018,0.0,40559.0,-0.10130499999999999,1.2414209999999999,IDN,FRA,901832
9500708,104,77,9734,2018,547579.0,5129383.0,0.526015,2.448112,IND,FRA,901832
9500709,106,77,9734,2018,29748462.0,250130.0,1.262419,0.013576,IRL,FRA,901832
9500710,107,77,9734,2018,0.0,372834.0,-0.389954,-0.258156,IRN,FRA,901832
9500711,108,77,9734,2018,0.0,28527.0,-1.7504400000000002,-1.018699,IRQ,FRA,901832
9500712,109,77,9734,2018,0.0,3701.0,0.252338,-0.341319,ISL,FRA,901832
9500713,110,77,9734,2018,2480284.0,103348.0,1.355071,0.872822,ISR,FRA,901832
9500714,111,77,9734,2018,2549944.0,2667248.0,1.3602530000000002,0.453607,ITA,FRA,901832
9500715,113,77,9734,2018,0.0,10710.0,-0.086895,0.283829,JOR,FRA,901832
9500716,114,77,9734,2018,9206355.0,106249.0,2.514533,-0.416074,JPN,FRA,901832
9500717,115,77,9734,2018,0.0,17984.0,-0.483862,-0.667417,KAZ,FRA,901832
9500718,116,77,9734,2018,0.0,60021.0,-0.32707800000000004,0.71009,KEN,FRA,901832
9500719,118,77,9734,2018,0.0,182803.0,-0.45740299999999995,-0.575966,KHM,FRA,901832
9500720,121,77,9734,2018,1135414.0,198336.0,2.093866,0.764303,KOR,FRA,901832
9500721,122,77,9734,2018,0.0,12178.0,-0.668802,-1.154012,KWT,FRA,901832
9500722,124,77,9734,2018,0.0,6499.0,0.270554,0.9995149999999999,LBN,FRA,901832
9500723,128,77,9734,2018,0.0,2796.0,-0.544504,0.41074099999999997,LKA,FRA,901832
9500724,130,77,9734,2018,0.0,135119.0,0.964249,1.4050200000000002,LTU,FRA,901832
9500725,131,77,9734,2018,12953.0,7533.0,1.1142889999999999,1.306066,LUX,FRA,901832
9500726,132,77,9734,2018,0.0,6986.0,0.707168,1.294297,LVA,FRA,901832
9500727,134,77,9734,2018,0.0,111543.0,-0.712775,-0.090013,MAR,FRA,901832
9500728,135,77,9734,2018,0.0,8698.0,-0.358412,-0.271334,MDA,FRA,901832
9500729,136,77,9734,2018,0.0,3956.0,-1.2144549999999998,-0.748326,MDG,FRA,901832
9500730,138,77,9734,2018,206756.0,616580.0,1.00061,0.585759,MEX,FRA,901832
9500731,140,77,9734,2018,0.0,5138.0,0.079976,-0.20256,MKD,FRA,901832
9500732,141,77,9734,2018,0.0,14933.0,-0.49666499999999997,-0.7189909999999999,MLI,FRA,901832
9500733,142,77,9734,2018,0.0,1872.0,0.9621219999999999,0.257289,MLT,FRA,901832
9500734,144,77,9734,2018,0.0,5591.0,0.332495,0.124258,MNE,FRA,901832
9500735,147,77,9734,2018,0.0,2898.0,-1.380023,-1.027817,MOZ,FRA,901832
9500736,151,77,9734,2018,0.0,8664.0,-0.128221,0.15049400000000002,MUS,FRA,901832
9500737,153,77,9734,2018,812413.0,45970.0,1.122976,0.734109,MYS,FRA,901832
9500738,156,77,9734,2018,0.0,378426.0,-0.49370299999999995,-0.865432,NCL,FRA,901832
9500739,157,77,9734,2018,0.0,13775.0,-0.633115,-0.839564,NER,FRA,901832
9500740,160,77,9734,2018,0.0,1971.0,-0.887282,-0.827008,NIC,FRA,901832
9500741,162,77,9734,2018,5166038.0,651486.0,1.1478899999999999,1.454758,NLD,FRA,901832
9500742,163,77,9734,2018,9120.0,68910.0,0.681639,0.021762,NOR,FRA,901832
9500743,164,77,9734,2018,0.0,1972.0,-0.252837,0.999258,NPL,FRA,901832
9500744,166,77,9734,2018,7187.0,46898.0,0.21902600000000003,0.148714,NZL,FRA,901832
9500745,167,77,9734,2018,0.0,1438.0,-0.548048,-0.9972989999999999,OMN,FRA,901832
9500746,168,77,9734,2018,69932.0,129548.0,-0.64348,0.665045,PAK,FRA,901832
9500747,169,77,9734,2018,0.0,15992.0,0.104326,-0.11611800000000001,PAN,FRA,901832
9500748,173,77,9734,2018,0.0,11511.0,-0.6673060000000001,-0.183315,PER,FRA,901832
9500749,174,77,9734,2018,394912.0,3637.0,0.781409,0.22126700000000002,PHL,FRA,901832
9500750,177,77,9734,2018,281294.0,682731.0,1.132475,1.258945,POL,FRA,901832
9500751,179,77,9734,2018,5805.0,236583.0,0.652628,2.211758,PRT,FRA,901832
9500752,180,77,9734,2018,0.0,8019.0,-0.614751,-0.952478,PRY,FRA,901832
9500753,181,77,9734,2018,0.0,4119.0,0.096402,0.735946,PSE,FRA,901832
9500754,182,77,9734,2018,0.0,326398.0,0.21430300000000002,-0.484076,PYF,FRA,901832
9500755,183,77,9734,2018,0.0,20081.0,-0.068401,-1.014732,QAT,FRA,901832
9500756,185,77,9734,2018,16704.0,126428.0,1.050715,1.04471,ROU,FRA,901832
9500757,186,77,9734,2018,0.0,73396.0,0.21398000000000003,0.100414,RUS,FRA,901832
9500758,188,77,9734,2018,0.0,319439.0,0.5801810000000001,-0.447514,SAU,FRA,901832
9500759,191,77,9734,2018,0.0,3553.0,-0.751378,-0.390573,SEN,FRA,901832
9500760,192,77,9734,2018,3413992.0,10032.0,1.914132,0.652011,SGP,FRA,901832
9500761,197,77,9734,2018,0.0,987.0,0.073928,0.22548600000000002,SLV,FRA,901832
9500762,200,77,9734,2018,0.0,3617.0,0.750329,-0.6562,SPM,FRA,901832
9500763,201,77,9734,2018,0.0,16740.0,0.607486,1.2139389999999999,SRB,FRA,901832
9500764,206,77,9734,2018,269411.0,277300.0,1.3270979999999999,0.877684,SVK,FRA,901832
9500765,207,77,9734,2018,0.0,7483.0,1.67428,0.7703800000000001,SVN,FRA,901832
9500766,208,77,9734,2018,220101.0,230295.0,1.76361,0.766904,SWE,FRA,901832
9500767,211,77,9734,2018,16893.0,0.0,0.187352,-0.693013,SYC,FRA,901832
9500768,216,77,9734,2018,17711864.0,2498328.0,1.053177,1.4084969999999999,THA,FRA,901832
9500769,222,77,9734,2018,0.0,6147.0,-0.281617,-1.009652,TTO,FRA,901832
9500770,223,77,9734,2018,942383.0,443797.0,0.259778,1.187194,TUN,FRA,901832
9500771,224,77,9734,2018,111949.0,574582.0,0.518721,2.5581419999999997,TUR,FRA,901832
9500772,226,77,9734,2018,0.0,14937.0,-0.09850700000000001,1.145606,TZA,FRA,901832
9500773,228,77,9734,2018,2990.0,33892.0,0.337296,0.758675,UKR,FRA,901832
9500774,230,77,9734,2018,1409.0,4758.0,-0.02056,-0.38911,URY,FRA,901832
9500775,231,77,9734,2018,4058639.0,8174390.0,1.585861,0.44815900000000003,USA,FRA,901832
9500776,232,77,9734,2018,0.0,1598.0,-0.591547,-0.429982,UZB,FRA,901832
9500777,239,77,9734,2018,0.0,160912.0,0.003069,0.9169729999999999,VNM,FRA,901832
9500778,241,77,9734,2018,0.0,3055.0,1.604643,-0.608603,WLF,FRA,901832
9500779,246,77,9734,2018,0.0,93271.0,0.158722,1.394829,ZAF,FRA,901832
9500780,249,77,9734,2018,5742.0,413008.0,2.0462540000000002,1.166636,TWN,FRA,901832
9500781,250,77,9734,2018,381804.0,0.0,0.809991,-0.368737,ANS,FRA,901832
9500782,7,81,9734,2018,10284.0,121638.0,0.11804400000000001,-0.326851,ARE,GBR,901832
9500783,8,81,9734,2018,0.0,4507.0,-0.14316800000000002,0.14356,ARG,GBR,901832
9500784,9,81,9734,2018,0.0,2748.0,-0.330516,-0.604744,ARM,GBR,901832
9500785,13,81,9734,2018,0.0,1841.0,0.08520499999999999,-0.630757,ATG,GBR,901832
9500786,14,81,9734,2018,0.0,570300.0,-0.29687199999999997,-0.123116,AUS,GBR,901832
9500787,15,81,9734,2018,128087.0,739363.0,1.774488,-0.21117800000000003,AUT,GBR,901832
9500788,16,81,9734,2018,0.0,84906.0,-1.144089,-1.224327,AZE,GBR,901832
9500789,18,81,9734,2018,11241260.0,40138228.0,1.270641,1.201063,BEL,GBR,901832
9500790,23,81,9734,2018,0.0,85870.0,0.571226,1.836856,BGR,GBR,901832
9500791,24,81,9734,2018,0.0,2183.0,0.318352,-0.69221,BHR,GBR,901832
9500792,26,81,9734,2018,0.0,37732.0,0.526392,0.742398,BIH,GBR,901832
9500793,28,81,9734,2018,0.0,1137.0,0.850089,0.8332870000000001,BLR,GBR,901832
9500794,30,81,9734,2018,0.0,16125.0,0.42484399999999994,-0.70587,BMU,GBR,901832
9500795,32,81,9734,2018,420476.0,21003.0,0.143397,0.582092,BRA,GBR,901832
9500796,39,81,9734,2018,87517.0,48002.0,0.666822,1.218593,CAN,GBR,901832
9500797,41,81,9734,2018,1663852.0,52965.0,2.2324330000000003,0.7801560000000001,CHE,GBR,901832
9500798,42,81,9734,2018,0.0,47456.0,-0.37677,-0.49605299999999997,CHL,GBR,901832
9500799,43,81,9734,2018,2108623.0,382772.0,1.200689,1.2822,CHN,GBR,901832
9500800,44,81,9734,2018,0.0,2664.0,-0.8733569999999999,-0.8443139999999999,CIV,GBR,901832
9500801,45,81,9734,2018,0.0,4172.0,-1.366619,-1.09894,CMR,GBR,901832
9500802,49,81,9734,2018,0.0,920340.0,0.20431,-0.15273699999999998,COL,GBR,901832
9500803,58,81,9734,2018,247395.0,14880.0,0.45442,-0.113303,CYP,GBR,901832
9500804,59,81,9734,2018,11667.0,439550.0,1.841016,0.220806,CZE,GBR,901832
9500805,61,81,9734,2018,10402742.0,3606786.0,2.109059,-2.428826,DEU,GBR,901832
9500806,64,81,9734,2018,1934654.0,127687.0,1.0945040000000001,1.3311540000000002,DNK,GBR,901832
9500807,65,81,9734,2018,0.0,57603.0,-0.084258,0.474872,DOM,GBR,901832
9500808,67,81,9734,2018,0.0,393891.0,-0.873973,-1.032841,ECU,GBR,901832
9500809,68,81,9734,2018,0.0,141123.0,-0.096635,1.585658,EGY,GBR,901832
9500810,71,81,9734,2018,241834.0,1038379.0,0.744825,2.919005,ESP,GBR,901832
9500811,72,81,9734,2018,2491.0,15369.0,0.979986,1.2365899999999999,EST,GBR,901832
9500812,73,81,9734,2018,0.0,29460.0,-0.874857,-0.464958,ETH,GBR,901832
9500813,74,81,9734,2018,1326.0,21809.0,1.61151,0.9474549999999999,FIN,GBR,901832
9500814,77,81,9734,2018,3930808.0,1282582.0,1.420819,0.7793770000000001,FRA,GBR,901832
9500815,83,81,9734,2018,0.0,14943.0,-0.956109,-0.861556,GHA,GBR,901832
9500816,84,81,9734,2018,0.0,9950.0,0.420756,-0.6854140000000001,GIB,GBR,901832
9500817,87,81,9734,2018,0.0,1992.0,-0.85649,-0.761513,GMB,GBR,901832
9500818,90,81,9734,2018,29955.0,102696.0,0.059539999999999996,1.0321879999999999,GRC,GBR,901832
9500819,97,81,9734,2018,19922.0,48153.0,0.843677,1.656073,HKG,GBR,901832
9500820,99,81,9734,2018,0.0,853.0,-0.523738,-0.193198,HND,GBR,901832
9500821,100,81,9734,2018,9042.0,1515.0,0.7923720000000001,1.4047209999999999,HRV,GBR,901832
9500822,102,81,9734,2018,101566.0,46505.0,1.519662,0.833092,HUN,GBR,901832
9500823,103,81,9734,2018,0.0,13502.0,-0.10130499999999999,1.2414209999999999,IDN,GBR,901832
9500824,104,81,9734,2018,438455.0,156188.0,0.526015,2.448112,IND,GBR,901832
9500825,106,81,9734,2018,114318.0,1958254.0,1.262419,0.013576,IRL,GBR,901832
9500826,107,81,9734,2018,0.0,15013.0,-0.389954,-0.258156,IRN,GBR,901832
9500827,108,81,9734,2018,0.0,21236.0,-1.7504400000000002,-1.018699,IRQ,GBR,901832
9500828,109,81,9734,2018,0.0,31454.0,0.252338,-0.341319,ISL,GBR,901832
9500829,110,81,9734,2018,97045.0,89218.0,1.355071,0.872822,ISR,GBR,901832
9500830,111,81,9734,2018,1813851.0,608277.0,1.3602530000000002,0.453607,ITA,GBR,901832
9500831,112,81,9734,2018,0.0,3657.0,-0.339328,-0.8756659999999999,JAM,GBR,901832
9500832,113,81,9734,2018,0.0,41908.0,-0.086895,0.283829,JOR,GBR,901832
9500833,114,81,9734,2018,1104526.0,146063.0,2.514533,-0.416074,JPN,GBR,901832
9500834,115,81,9734,2018,0.0,66837.0,-0.483862,-0.667417,KAZ,GBR,901832
9500835,116,81,9734,2018,0.0,5915.0,-0.32707800000000004,0.71009,KEN,GBR,901832
9500836,121,81,9734,2018,3368625.0,76440.0,2.093866,0.764303,KOR,GBR,901832
9500837,122,81,9734,2018,0.0,32313.0,-0.668802,-1.154012,KWT,GBR,901832
9500838,124,81,9734,2018,0.0,10398.0,0.270554,0.9995149999999999,LBN,GBR,901832
9500839,129,81,9734,2018,0.0,3328.0,-0.413303,-0.46411899999999995,LSO,GBR,901832
9500840,130,81,9734,2018,3694.0,4883.0,0.964249,1.4050200000000002,LTU,GBR,901832
9500841,131,81,9734,2018,0.0,1272.0,1.1142889999999999,1.306066,LUX,GBR,901832
9500842,132,81,9734,2018,0.0,8682.0,0.707168,1.294297,LVA,GBR,901832
9500843,134,81,9734,2018,0.0,8634.0,-0.712775,-0.090013,MAR,GBR,901832
9500844,138,81,9734,2018,30583.0,79285.0,1.00061,0.585759,MEX,GBR,901832
9500845,140,81,9734,2018,0.0,13203.0,0.079976,-0.20256,MKD,GBR,901832
9500846,141,81,9734,2018,0.0,897.0,-0.49666499999999997,-0.7189909999999999,MLI,GBR,901832
9500847,142,81,9734,2018,0.0,6588.0,0.9621219999999999,0.257289,MLT,GBR,901832
9500848,144,81,9734,2018,0.0,7050.0,0.332495,0.124258,MNE,GBR,901832
9500849,145,81,9734,2018,0.0,8161.0,-0.934398,-1.125105,MNG,GBR,901832
9500850,147,81,9734,2018,0.0,1694.0,-1.380023,-1.027817,MOZ,GBR,901832
9500851,152,81,9734,2018,0.0,7793.0,-0.7015979999999999,-0.9293680000000001,MWI,GBR,901832
9500852,153,81,9734,2018,0.0,30009.0,1.122976,0.734109,MYS,GBR,901832
9500853,159,81,9734,2018,0.0,8986.0,-1.8238,-1.259938,NGA,GBR,901832
9500854,160,81,9734,2018,0.0,22543.0,-0.887282,-0.827008,NIC,GBR,901832
9500855,162,81,9734,2018,4357882.0,1621147.0,1.1478899999999999,1.454758,NLD,GBR,901832
9500856,163,81,9734,2018,0.0,76662.0,0.681639,0.021762,NOR,GBR,901832
9500857,164,81,9734,2018,0.0,13460.0,-0.252837,0.999258,NPL,GBR,901832
9500858,166,81,9734,2018,0.0,39658.0,0.21902600000000003,0.148714,NZL,GBR,901832
9500859,167,81,9734,2018,0.0,2621.0,-0.548048,-0.9972989999999999,OMN,GBR,901832
9500860,168,81,9734,2018,0.0,9974.0,-0.64348,0.665045,PAK,GBR,901832
9500861,173,81,9734,2018,0.0,280748.0,-0.6673060000000001,-0.183315,PER,GBR,901832
9500862,174,81,9734,2018,0.0,13367.0,0.781409,0.22126700000000002,PHL,GBR,901832
9500863,177,81,9734,2018,748708.0,87889.0,1.132475,1.258945,POL,GBR,901832
9500864,179,81,9734,2018,113664.0,110621.0,0.652628,2.211758,PRT,GBR,901832
9500865,182,81,9734,2018,0.0,978.0,0.21430300000000002,-0.484076,PYF,GBR,901832
9500866,183,81,9734,2018,0.0,10512.0,-0.068401,-1.014732,QAT,GBR,901832
9500867,185,81,9734,2018,8470.0,68944.0,1.050715,1.04471,ROU,GBR,901832
9500868,186,81,9734,2018,0.0,21944.0,0.21398000000000003,0.100414,RUS,GBR,901832
9500869,188,81,9734,2018,0.0,99898.0,0.5801810000000001,-0.447514,SAU,GBR,901832
9500870,192,81,9734,2018,3671450.0,70767.0,1.914132,0.652011,SGP,GBR,901832
9500871,201,81,9734,2018,0.0,315256.0,0.607486,1.2139389999999999,SRB,GBR,901832
9500872,206,81,9734,2018,1387.0,3106.0,1.3270979999999999,0.877684,SVK,GBR,901832
9500873,207,81,9734,2018,0.0,68558.0,1.67428,0.7703800000000001,SVN,GBR,901832
9500874,208,81,9734,2018,156000.0,328206.0,1.76361,0.766904,SWE,GBR,901832
9500875,216,81,9734,2018,717201.0,76903.0,1.053177,1.4084969999999999,THA,GBR,901832
9500876,223,81,9734,2018,0.0,11470.0,0.259778,1.187194,TUN,GBR,901832
9500877,224,81,9734,2018,2141935.0,369964.0,0.518721,2.5581419999999997,TUR,GBR,901832
9500878,226,81,9734,2018,0.0,2395.0,-0.09850700000000001,1.145606,TZA,GBR,901832
9500879,228,81,9734,2018,0.0,3164.0,0.337296,0.758675,UKR,GBR,901832
9500880,230,81,9734,2018,0.0,9602.0,-0.02056,-0.38911,URY,GBR,901832
9500881,231,81,9734,2018,13423264.0,1061989.0,1.585861,0.44815900000000003,USA,GBR,901832
9500882,239,81,9734,2018,11701.0,49892.0,0.003069,0.9169729999999999,VNM,GBR,901832
9500883,242,81,9734,2018,0.0,1197.0,0.336421,0.186474,WSM,GBR,901832
9500884,246,81,9734,2018,21923.0,137220.0,0.158722,1.394829,ZAF,GBR,901832
9500885,247,81,9734,2018,0.0,1700.0,-0.736064,-0.93958,ZMB,GBR,901832
9500886,248,81,9734,2018,0.0,959.0,-1.181524,-1.0648520000000001,ZWE,GBR,901832
9500887,249,81,9734,2018,21935.0,1406.0,2.0462540000000002,1.166636,TWN,GBR,901832
9500888,7,90,9734,2018,2152.0,33012.0,0.11804400000000001,-0.326851,ARE,GRC,901832
9500889,15,90,9734,2018,1199.0,0.0,1.774488,-0.21117800000000003,AUT,GRC,901832
9500890,18,90,9734,2018,193135.0,0.0,1.270641,1.201063,BEL,GRC,901832
9500891,23,90,9734,2018,56949.0,2680.0,0.571226,1.836856,BGR,GRC,901832
9500892,33,90,9734,2018,0.0,2171.0,0.487166,-0.129388,BRB,GRC,901832
9500893,41,90,9734,2018,115305.0,4230.0,2.2324330000000003,0.7801560000000001,CHE,GRC,901832
9500894,43,90,9734,2018,1598858.0,1036.0,1.200689,1.2822,CHN,GRC,901832
9500895,58,90,9734,2018,13599.0,43858.0,0.45442,-0.113303,CYP,GRC,901832
9500896,59,90,9734,2018,28761.0,0.0,1.841016,0.220806,CZE,GRC,901832
9500897,61,90,9734,2018,343116.0,5713.0,2.109059,-2.428826,DEU,GRC,901832
9500898,64,90,9734,2018,116528.0,0.0,1.0945040000000001,1.3311540000000002,DNK,GRC,901832
9500899,71,90,9734,2018,21533.0,2533.0,0.744825,2.919005,ESP,GRC,901832
9500900,77,90,9734,2018,372980.0,0.0,1.420819,0.7793770000000001,FRA,GRC,901832
9500901,81,90,9734,2018,102696.0,29955.0,1.693008,0.768159,GBR,GRC,901832
9500902,104,90,9734,2018,11313.0,10436.0,0.526015,2.448112,IND,GRC,901832
9500903,106,90,9734,2018,48539.0,0.0,1.262419,0.013576,IRL,GRC,901832
9500904,110,90,9734,2018,0.0,1864.0,1.355071,0.872822,ISR,GRC,901832
9500905,111,90,9734,2018,700284.0,127329.0,1.3602530000000002,0.453607,ITA,GRC,901832
9500906,114,90,9734,2018,12760.0,0.0,2.514533,-0.416074,JPN,GRC,901832
9500907,121,90,9734,2018,302429.0,0.0,2.093866,0.764303,KOR,GRC,901832
9500908,132,90,9734,2018,0.0,1920.0,0.707168,1.294297,LVA,GRC,901832
9500909,153,90,9734,2018,0.0,1867.0,1.122976,0.734109,MYS,GRC,901832
9500910,162,90,9734,2018,167143.0,3200.0,1.1478899999999999,1.454758,NLD,GRC,901832
9500911,177,90,9734,2018,7895.0,0.0,1.132475,1.258945,POL,GRC,901832
9500912,179,90,9734,2018,8346.0,0.0,0.652628,2.211758,PRT,GRC,901832
9500913,185,90,9734,2018,4417.0,989.0,1.050715,1.04471,ROU,GRC,901832
9500914,188,90,9734,2018,0.0,87301.0,0.5801810000000001,-0.447514,SAU,GRC,901832
9500915,206,90,9734,2018,3101.0,0.0,1.3270979999999999,0.877684,SVK,GRC,901832
9500916,207,90,9734,2018,1423.0,0.0,1.67428,0.7703800000000001,SVN,GRC,901832
9500917,208,90,9734,2018,58543.0,0.0,1.76361,0.766904,SWE,GRC,901832
9500918,216,90,9734,2018,26962.0,0.0,1.053177,1.4084969999999999,THA,GRC,901832
9500919,224,90,9734,2018,26008.0,0.0,0.518721,2.5581419999999997,TUR,GRC,901832
9500920,231,90,9734,2018,26492.0,0.0,1.585861,0.44815900000000003,USA,GRC,901832
9500921,239,90,9734,2018,332522.0,0.0,0.003069,0.9169729999999999,VNM,GRC,901832
9500922,39,93,9734,2018,0.0,11853.0,0.666822,1.218593,CAN,GTM,901832
9500923,41,93,9734,2018,5516.0,0.0,2.2324330000000003,0.7801560000000001,CHE,GTM,901832
9500924,43,93,9734,2018,417862.0,0.0,1.200689,1.2822,CHN,GTM,901832
9500925,49,93,9734,2018,9359.0,0.0,0.20431,-0.15273699999999998,COL,GTM,901832
9500926,61,93,9734,2018,77291.0,0.0,2.109059,-2.428826,DEU,GTM,901832
9500927,71,93,9734,2018,1120.0,0.0,0.744825,2.919005,ESP,GTM,901832
9500928,77,93,9734,2018,1651.0,0.0,1.420819,0.7793770000000001,FRA,GTM,901832
9500929,104,93,9734,2018,1261.0,0.0,0.526015,2.448112,IND,GTM,901832
9500930,111,93,9734,2018,6189.0,0.0,1.3602530000000002,0.453607,ITA,GTM,901832
9500931,121,93,9734,2018,63474.0,0.0,2.093866,0.764303,KOR,GTM,901832
9500932,138,93,9734,2018,109018.0,0.0,1.00061,0.585759,MEX,GTM,901832
9500933,162,93,9734,2018,4691.0,0.0,1.1478899999999999,1.454758,NLD,GTM,901832
9500934,169,93,9734,2018,83816.0,0.0,0.104326,-0.11611800000000001,PAN,GTM,901832
9500935,188,93,9734,2018,0.0,3939.0,0.5801810000000001,-0.447514,SAU,GTM,901832
9500936,197,93,9734,2018,8164.0,63648.0,0.073928,0.22548600000000002,SLV,GTM,901832
9500937,224,93,9734,2018,913.0,0.0,0.518721,2.5581419999999997,TUR,GTM,901832
9500938,231,93,9734,2018,1764661.0,3263344.0,1.585861,0.44815900000000003,USA,GTM,901832
9500939,33,96,9734,2018,14476.0,0.0,0.487166,-0.129388,BRB,GUY,901832
9500940,43,96,9734,2018,68280.0,0.0,1.200689,1.2822,CHN,GUY,901832
9500941,64,96,9734,2018,3069.0,0.0,1.0945040000000001,1.3311540000000002,DNK,GUY,901832
9500942,104,96,9734,2018,15063.0,0.0,0.526015,2.448112,IND,GUY,901832
9500943,114,96,9734,2018,6137.0,0.0,2.514533,-0.416074,JPN,GUY,901832
9500944,138,96,9734,2018,1045.0,0.0,1.00061,0.585759,MEX,GUY,901832
9500945,169,96,9734,2018,6036.0,0.0,0.104326,-0.11611800000000001,PAN,GUY,901832
9500946,231,96,9734,2018,37279.0,0.0,1.585861,0.44815900000000003,USA,GUY,901832
9500947,7,97,9734,2018,0.0,2021.0,0.11804400000000001,-0.326851,ARE,HKG,901832
9500948,14,97,9734,2018,0.0,11956.0,-0.29687199999999997,-0.123116,AUS,HKG,901832
9500949,18,97,9734,2018,38518.0,0.0,1.270641,1.201063,BEL,HKG,901832
9500950,23,97,9734,2018,0.0,2203.0,0.571226,1.836856,BGR,HKG,901832
9500951,39,97,9734,2018,65501.0,222189.0,0.666822,1.218593,CAN,HKG,901832
9500952,41,97,9734,2018,50303.0,1795.0,2.2324330000000003,0.7801560000000001,CHE,HKG,901832
9500953,42,97,9734,2018,0.0,4702.0,-0.37677,-0.49605299999999997,CHL,HKG,901832
9500954,43,97,9734,2018,2003065.0,1446459.0,1.200689,1.2822,CHN,HKG,901832
9500955,49,97,9734,2018,0.0,1493.0,0.20431,-0.15273699999999998,COL,HKG,901832
9500956,61,97,9734,2018,215516.0,5110.0,2.109059,-2.428826,DEU,HKG,901832
9500957,64,97,9734,2018,3242414.0,9816.0,1.0945040000000001,1.3311540000000002,DNK,HKG,901832
9500958,71,97,9734,2018,2226.0,4982.0,0.744825,2.919005,ESP,HKG,901832
9500959,74,97,9734,2018,3706.0,1141.0,1.61151,0.9474549999999999,FIN,HKG,901832
9500960,77,97,9734,2018,6671.0,0.0,1.420819,0.7793770000000001,FRA,HKG,901832
9500961,81,97,9734,2018,48153.0,19922.0,1.693008,0.768159,GBR,HKG,901832
9500962,103,97,9734,2018,0.0,3279.0,-0.10130499999999999,1.2414209999999999,IDN,HKG,901832
9500963,104,97,9734,2018,30781.0,87923.0,0.526015,2.448112,IND,HKG,901832
9500964,106,97,9734,2018,138184.0,0.0,1.262419,0.013576,IRL,HKG,901832
9500965,110,97,9734,2018,11123.0,0.0,1.355071,0.872822,ISR,HKG,901832
9500966,111,97,9734,2018,256121.0,1694.0,1.3602530000000002,0.453607,ITA,HKG,901832
9500967,114,97,9734,2018,2434865.0,0.0,2.514533,-0.416074,JPN,HKG,901832
9500968,121,97,9734,2018,551390.0,2317.0,2.093866,0.764303,KOR,HKG,901832
9500969,130,97,9734,2018,0.0,1857.0,0.964249,1.4050200000000002,LTU,HKG,901832
9500970,133,97,9734,2018,0.0,146944.0,0.44520299999999996,0.042491,MAC,HKG,901832
9500971,137,97,9734,2018,0.0,41588.0,-0.577527,-0.952098,MDV,HKG,901832
9500972,138,97,9734,2018,0.0,14845.0,1.00061,0.585759,MEX,HKG,901832
9500973,147,97,9734,2018,0.0,4970.0,-1.380023,-1.027817,MOZ,HKG,901832
9500974,152,97,9734,2018,0.0,12942.0,-0.7015979999999999,-0.9293680000000001,MWI,HKG,901832
9500975,153,97,9734,2018,58633.0,6977.0,1.122976,0.734109,MYS,HKG,901832
9500976,162,97,9734,2018,65896.0,4528.0,1.1478899999999999,1.454758,NLD,HKG,901832
9500977,166,97,9734,2018,0.0,36733.0,0.21902600000000003,0.148714,NZL,HKG,901832
9500978,167,97,9734,2018,0.0,1371.0,-0.548048,-0.9972989999999999,OMN,HKG,901832
9500979,168,97,9734,2018,6313.0,8199.0,-0.64348,0.665045,PAK,HKG,901832
9500980,174,97,9734,2018,0.0,24624.0,0.781409,0.22126700000000002,PHL,HKG,901832
9500981,177,97,9734,2018,23414.0,11949.0,1.132475,1.258945,POL,HKG,901832
9500982,179,97,9734,2018,0.0,5665.0,0.652628,2.211758,PRT,HKG,901832
9500983,185,97,9734,2018,0.0,1981.0,1.050715,1.04471,ROU,HKG,901832
9500984,192,97,9734,2018,350689.0,18653.0,1.914132,0.652011,SGP,HKG,901832
9500985,208,97,9734,2018,20950.0,6159.0,1.76361,0.766904,SWE,HKG,901832
9500986,216,97,9734,2018,210437.0,0.0,1.053177,1.4084969999999999,THA,HKG,901832
9500987,224,97,9734,2018,1065032.0,0.0,0.518721,2.5581419999999997,TUR,HKG,901832
9500988,228,97,9734,2018,9032.0,0.0,0.337296,0.758675,UKR,HKG,901832
9500989,231,97,9734,2018,3554938.0,31013.0,1.585861,0.44815900000000003,USA,HKG,901832
9500990,246,97,9734,2018,0.0,32534.0,0.158722,1.394829,ZAF,HKG,901832
9500991,249,97,9734,2018,65646.0,0.0,2.0462540000000002,1.166636,TWN,HKG,901832
9500992,250,97,9734,2018,0.0,2604.0,0.809991,-0.368737,ANS,HKG,901832
9500993,14,99,9734,2018,1231.0,0.0,-0.29687199999999997,-0.123116,AUS,HND,901832
9500994,15,99,9734,2018,2666.0,0.0,1.774488,-0.21117800000000003,AUT,HND,901832
9500995,42,99,9734,2018,9815.0,0.0,-0.37677,-0.49605299999999997,CHL,HND,901832
9500996,43,99,9734,2018,134226.0,0.0,1.200689,1.2822,CHN,HND,901832
9500997,49,99,9734,2018,8927.0,0.0,0.20431,-0.15273699999999998,COL,HND,901832
9500998,61,99,9734,2018,2178.0,0.0,2.109059,-2.428826,DEU,HND,901832
9500999,65,99,9734,2018,3418.0,0.0,-0.084258,0.474872,DOM,HND,901832
9501000,77,99,9734,2018,3657.0,0.0,1.420819,0.7793770000000001,FRA,HND,901832
9501001,81,99,9734,2018,853.0,0.0,1.693008,0.768159,GBR,HND,901832
9501002,103,99,9734,2018,3939.0,0.0,-0.10130499999999999,1.2414209999999999,IDN,HND,901832
9501003,106,99,9734,2018,1927.0,0.0,1.262419,0.013576,IRL,HND,901832
9501004,111,99,9734,2018,72401.0,0.0,1.3602530000000002,0.453607,ITA,HND,901832
9501005,114,99,9734,2018,18366.0,0.0,2.514533,-0.416074,JPN,HND,901832
9501006,121,99,9734,2018,1645.0,0.0,2.093866,0.764303,KOR,HND,901832
9501007,138,99,9734,2018,90135.0,0.0,1.00061,0.585759,MEX,HND,901832
9501008,153,99,9734,2018,5485.0,0.0,1.122976,0.734109,MYS,HND,901832
9501009,216,99,9734,2018,32062.0,0.0,1.053177,1.4084969999999999,THA,HND,901832
9501010,224,99,9734,2018,944.0,0.0,0.518721,2.5581419999999997,TUR,HND,901832
9501011,231,99,9734,2018,494721.0,0.0,1.585861,0.44815900000000003,USA,HND,901832
9501012,14,102,9734,2018,0.0,1810.0,-0.29687199999999997,-0.123116,AUS,HUN,901832
9501013,15,102,9734,2018,4814.0,10557.0,1.774488,-0.21117800000000003,AUT,HUN,901832
9501014,18,102,9734,2018,506910.0,0.0,1.270641,1.201063,BEL,HUN,901832
9501015,41,102,9734,2018,198259.0,1695.0,2.2324330000000003,0.7801560000000001,CHE,HUN,901832
9501016,43,102,9734,2018,658202.0,137734.0,1.200689,1.2822,CHN,HUN,901832
9501017,49,102,9734,2018,0.0,1088.0,0.20431,-0.15273699999999998,COL,HUN,901832
9501018,59,102,9734,2018,20909.0,7791.0,1.841016,0.220806,CZE,HUN,901832
9501019,61,102,9734,2018,465476.0,708520.0,2.109059,-2.428826,DEU,HUN,901832
9501020,64,102,9734,2018,807167.0,0.0,1.0945040000000001,1.3311540000000002,DNK,HUN,901832
9501021,71,102,9734,2018,7500.0,7945.0,0.744825,2.919005,ESP,HUN,901832
9501022,72,102,9734,2018,0.0,4659.0,0.979986,1.2365899999999999,EST,HUN,901832
9501023,77,102,9734,2018,387505.0,102520.0,1.420819,0.7793770000000001,FRA,HUN,901832
9501024,81,102,9734,2018,46505.0,101566.0,1.693008,0.768159,GBR,HUN,901832
9501025,100,102,9734,2018,21523.0,0.0,0.7923720000000001,1.4047209999999999,HRV,HUN,901832
9501026,106,102,9734,2018,2347.0,0.0,1.262419,0.013576,IRL,HUN,901832
9501027,110,102,9734,2018,0.0,62856.0,1.355071,0.872822,ISR,HUN,901832
9501028,111,102,9734,2018,463605.0,19783.0,1.3602530000000002,0.453607,ITA,HUN,901832
9501029,114,102,9734,2018,0.0,2074.0,2.514533,-0.416074,JPN,HUN,901832
9501030,121,102,9734,2018,42301.0,15798.0,2.093866,0.764303,KOR,HUN,901832
9501031,130,102,9734,2018,0.0,386894.0,0.964249,1.4050200000000002,LTU,HUN,901832
9501032,135,102,9734,2018,0.0,4418.0,-0.358412,-0.271334,MDA,HUN,901832
9501033,138,102,9734,2018,27851.0,0.0,1.00061,0.585759,MEX,HUN,901832
9501034,162,102,9734,2018,348221.0,96867.0,1.1478899999999999,1.454758,NLD,HUN,901832
9501035,177,102,9734,2018,103520.0,0.0,1.132475,1.258945,POL,HUN,901832
9501036,179,102,9734,2018,67960.0,0.0,0.652628,2.211758,PRT,HUN,901832
9501037,185,102,9734,2018,6798.0,8649.0,1.050715,1.04471,ROU,HUN,901832
9501038,186,102,9734,2018,0.0,35521.0,0.21398000000000003,0.100414,RUS,HUN,901832
9501039,188,102,9734,2018,0.0,4086.0,0.5801810000000001,-0.447514,SAU,HUN,901832
9501040,192,102,9734,2018,1518294.0,0.0,1.914132,0.652011,SGP,HUN,901832
9501041,206,102,9734,2018,281832.0,0.0,1.3270979999999999,0.877684,SVK,HUN,901832
9501042,207,102,9734,2018,1637.0,1279.0,1.67428,0.7703800000000001,SVN,HUN,901832
9501043,208,102,9734,2018,85043.0,0.0,1.76361,0.766904,SWE,HUN,901832
9501044,224,102,9734,2018,0.0,9915.0,0.518721,2.5581419999999997,TUR,HUN,901832
9501045,231,102,9734,2018,448770.0,287498.0,1.585861,0.44815900000000003,USA,HUN,901832
9501046,14,103,9734,2018,28387.0,0.0,-0.29687199999999997,-0.123116,AUS,IDN,901832
9501047,18,103,9734,2018,592236.0,0.0,1.270641,1.201063,BEL,IDN,901832
9501048,39,103,9734,2018,9411.0,0.0,0.666822,1.218593,CAN,IDN,901832
9501049,41,103,9734,2018,116085.0,34303.0,2.2324330000000003,0.7801560000000001,CHE,IDN,901832
9501050,42,103,9734,2018,0.0,112310.0,-0.37677,-0.49605299999999997,CHL,IDN,901832
9501051,43,103,9734,2018,4146821.0,0.0,1.200689,1.2822,CHN,IDN,901832
9501052,61,103,9734,2018,90508.0,0.0,2.109059,-2.428826,DEU,IDN,901832
9501053,64,103,9734,2018,590371.0,0.0,1.0945040000000001,1.3311540000000002,DNK,IDN,901832
9501054,71,103,9734,2018,120532.0,0.0,0.744825,2.919005,ESP,IDN,901832
9501055,77,103,9734,2018,40559.0,0.0,1.420819,0.7793770000000001,FRA,IDN,901832
9501056,81,103,9734,2018,13502.0,0.0,1.693008,0.768159,GBR,IDN,901832
9501057,97,103,9734,2018,3279.0,0.0,0.843677,1.656073,HKG,IDN,901832
9501058,99,103,9734,2018,0.0,3939.0,-0.523738,-0.193198,HND,IDN,901832
9501059,104,103,9734,2018,123903.0,8472.0,0.526015,2.448112,IND,IDN,901832
9501060,106,103,9734,2018,306443.0,0.0,1.262419,0.013576,IRL,IDN,901832
9501061,111,103,9734,2018,14238.0,0.0,1.3602530000000002,0.453607,ITA,IDN,901832
9501062,114,103,9734,2018,579305.0,14986.0,2.514533,-0.416074,JPN,IDN,901832
9501063,121,103,9734,2018,648861.0,0.0,2.093866,0.764303,KOR,IDN,901832
9501064,138,103,9734,2018,8572.0,0.0,1.00061,0.585759,MEX,IDN,901832
9501065,153,103,9734,2018,21578.0,513027.0,1.122976,0.734109,MYS,IDN,901832
9501066,162,103,9734,2018,6946.0,0.0,1.1478899999999999,1.454758,NLD,IDN,901832
9501067,174,103,9734,2018,743624.0,16867.0,0.781409,0.22126700000000002,PHL,IDN,901832
9501068,188,103,9734,2018,0.0,19796.0,0.5801810000000001,-0.447514,SAU,IDN,901832
9501069,192,103,9734,2018,2487174.0,0.0,1.914132,0.652011,SGP,IDN,901832
9501070,208,103,9734,2018,4688.0,0.0,1.76361,0.766904,SWE,IDN,901832
9501071,216,103,9734,2018,423329.0,23844.0,1.053177,1.4084969999999999,THA,IDN,901832
9501072,224,103,9734,2018,37776.0,0.0,0.518721,2.5581419999999997,TUR,IDN,901832
9501073,231,103,9734,2018,28228.0,456373.0,1.585861,0.44815900000000003,USA,IDN,901832
9501074,239,103,9734,2018,826148.0,0.0,0.003069,0.9169729999999999,VNM,IDN,901832
9501075,246,103,9734,2018,47512.0,0.0,0.158722,1.394829,ZAF,IDN,901832
9501076,1,104,9734,2018,0.0,943459.0,-1.267508,-0.8494940000000001,AFG,IND,901832
9501077,2,104,9734,2018,0.0,6908.0,-1.489191,-1.213992,AGO,IND,901832
9501078,7,104,9734,2018,9158.0,78273.0,0.11804400000000001,-0.326851,ARE,IND,901832
9501079,8,104,9734,2018,0.0,377892.0,-0.14316800000000002,0.14356,ARG,IND,901832
9501080,14,104,9734,2018,1508.0,296140.0,-0.29687199999999997,-0.123116,AUS,IND,901832
9501081,15,104,9734,2018,32574.0,2807.0,1.774488,-0.21117800000000003,AUT,IND,901832
9501082,16,104,9734,2018,0.0,601.0,-1.144089,-1.224327,AZE,IND,901832
9501083,17,104,9734,2018,0.0,5414.0,-0.654964,-0.9683229999999999,BDI,IND,901832
9501084,18,104,9734,2018,471426.0,290777.0,1.270641,1.201063,BEL,IND,901832
9501085,19,104,9734,2018,0.0,6756.0,-0.646475,-0.769808,BEN,IND,901832
9501086,21,104,9734,2018,0.0,24995.0,-0.8835200000000001,-0.9790620000000001,BFA,IND,901832
9501087,22,104,9734,2018,0.0,2363081.0,-0.899467,-0.9823719999999999,BGD,IND,901832
9501088,23,104,9734,2018,0.0,75211.0,0.571226,1.836856,BGR,IND,901832
9501089,24,104,9734,2018,0.0,16263.0,0.318352,-0.69221,BHR,IND,901832
9501090,28,104,9734,2018,0.0,196961.0,0.850089,0.8332870000000001,BLR,IND,901832
9501091,31,104,9734,2018,0.0,1052.0,-1.153953,-1.070749,BOL,IND,901832
9501092,32,104,9734,2018,1369594.0,2121026.0,0.143397,0.582092,BRA,IND,901832
9501093,35,104,9734,2018,0.0,88257.0,-0.168694,-0.77871,BTN,IND,901832
9501094,38,104,9734,2018,0.0,4329.0,-0.041318,-0.687923,CAF,IND,901832
9501095,39,104,9734,2018,5388.0,3115.0,0.666822,1.218593,CAN,IND,901832
9501096,41,104,9734,2018,619061.0,57498.0,2.2324330000000003,0.7801560000000001,CHE,IND,901832
9501097,42,104,9734,2018,22066.0,90249.0,-0.37677,-0.49605299999999997,CHL,IND,901832
9501098,43,104,9734,2018,6597244.0,54058.0,1.200689,1.2822,CHN,IND,901832
9501099,44,104,9734,2018,0.0,32735.0,-0.8733569999999999,-0.8443139999999999,CIV,IND,901832
9501100,45,104,9734,2018,0.0,51987.0,-1.366619,-1.09894,CMR,IND,901832
9501101,46,104,9734,2018,0.0,2324.0,-1.743034,-1.20446,COD,IND,901832
9501102,47,104,9734,2018,0.0,37464.0,-1.52875,-1.1869100000000001,COG,IND,901832
9501103,49,104,9734,2018,0.0,483830.0,0.20431,-0.15273699999999998,COL,IND,901832
9501104,52,104,9734,2018,0.0,1452.0,0.19386,0.05811,CRI,IND,901832
9501105,54,104,9734,2018,0.0,27468.0,-0.8835629999999999,-1.15678,CUB,IND,901832
9501106,57,104,9734,2018,0.0,4208.0,-0.194933,-0.930874,CYM,IND,901832
9501107,58,104,9734,2018,0.0,12147.0,0.45442,-0.113303,CYP,IND,901832
9501108,61,104,9734,2018,830864.0,1882361.0,2.109059,-2.428826,DEU,IND,901832
9501109,64,104,9734,2018,1575606.0,14504.0,1.0945040000000001,1.3311540000000002,DNK,IND,901832
9501110,65,104,9734,2018,2793.0,35888.0,-0.084258,0.474872,DOM,IND,901832
9501111,66,104,9734,2018,0.0,2936.0,-1.281519,-1.22291,DZA,IND,901832
9501112,67,104,9734,2018,0.0,296242.0,-0.873973,-1.032841,ECU,IND,901832
9501113,68,104,9734,2018,0.0,1187914.0,-0.096635,1.585658,EGY,IND,901832
9501114,69,104,9734,2018,0.0,3599.0,-1.601517,-1.062162,ERI,IND,901832
9501115,71,104,9734,2018,245821.0,2783542.0,0.744825,2.919005,ESP,IND,901832
9501116,73,104,9734,2018,0.0,120808.0,-0.874857,-0.464958,ETH,IND,901832
9501117,74,104,9734,2018,16805.0,7122.0,1.61151,0.9474549999999999,FIN,IND,901832
9501118,77,104,9734,2018,5129383.0,547579.0,1.420819,0.7793770000000001,FRA,IND,901832
9501119,81,104,9734,2018,156188.0,438455.0,1.693008,0.768159,GBR,IND,901832
9501120,82,104,9734,2018,0.0,4859.0,-0.049871,-0.28439899999999996,GEO,IND,901832
9501121,83,104,9734,2018,0.0,97819.0,-0.956109,-0.861556,GHA,IND,901832
9501122,85,104,9734,2018,0.0,9696.0,-1.036697,-1.1562860000000001,GIN,IND,901832
9501123,87,104,9734,2018,0.0,17067.0,-0.85649,-0.761513,GMB,IND,901832
9501124,90,104,9734,2018,10436.0,11313.0,0.059539999999999996,1.0321879999999999,GRC,IND,901832
9501125,93,104,9734,2018,0.0,1261.0,-0.362668,0.520826,GTM,IND,901832
9501126,96,104,9734,2018,0.0,15063.0,-0.841458,-0.9803280000000001,GUY,IND,901832
9501127,97,104,9734,2018,87923.0,30781.0,0.843677,1.656073,HKG,IND,901832
9501128,100,104,9734,2018,0.0,1673.0,0.7923720000000001,1.4047209999999999,HRV,IND,901832
9501129,103,104,9734,2018,8472.0,123903.0,-0.10130499999999999,1.2414209999999999,IDN,IND,901832
9501130,106,104,9734,2018,443142.0,1188.0,1.262419,0.013576,IRL,IND,901832
9501131,107,104,9734,2018,0.0,664342.0,-0.389954,-0.258156,IRN,IND,901832
9501132,108,104,9734,2018,0.0,556454.0,-1.7504400000000002,-1.018699,IRQ,IND,901832
9501133,110,104,9734,2018,1104.0,178579.0,1.355071,0.872822,ISR,IND,901832
9501134,111,104,9734,2018,119512.0,1456869.0,1.3602530000000002,0.453607,ITA,IND,901832
9501135,112,104,9734,2018,0.0,79618.0,-0.339328,-0.8756659999999999,JAM,IND,901832
9501136,113,104,9734,2018,0.0,84076.0,-0.086895,0.283829,JOR,IND,901832
9501137,114,104,9734,2018,1759219.0,5862.0,2.514533,-0.416074,JPN,IND,901832
9501138,115,104,9734,2018,0.0,402164.0,-0.483862,-0.667417,KAZ,IND,901832
9501139,116,104,9734,2018,0.0,271805.0,-0.32707800000000004,0.71009,KEN,IND,901832
9501140,117,104,9734,2018,0.0,1788.0,-0.141491,0.33161,KGZ,IND,901832
9501141,118,104,9734,2018,0.0,115618.0,-0.45740299999999995,-0.575966,KHM,IND,901832
9501142,121,104,9734,2018,1244131.0,156856.0,2.093866,0.764303,KOR,IND,901832
9501143,122,104,9734,2018,0.0,10135.0,-0.668802,-1.154012,KWT,IND,901832
9501144,123,104,9734,2018,0.0,2713.0,-0.788808,-0.8012670000000001,LAO,IND,901832
9501145,124,104,9734,2018,0.0,6216.0,0.270554,0.9995149999999999,LBN,IND,901832
9501146,125,104,9734,2018,0.0,40019.0,-1.022881,-1.124718,LBR,IND,901832
9501147,126,104,9734,2018,0.0,77331.0,-1.608786,-1.231101,LBY,IND,901832
9501148,128,104,9734,2018,0.0,120557.0,-0.544504,0.41074099999999997,LKA,IND,901832
9501149,129,104,9734,2018,0.0,1344.0,-0.413303,-0.46411899999999995,LSO,IND,901832
9501150,130,104,9734,2018,0.0,7703.0,0.964249,1.4050200000000002,LTU,IND,901832
9501151,132,104,9734,2018,0.0,13349.0,0.707168,1.294297,LVA,IND,901832
9501152,133,104,9734,2018,0.0,349.0,0.44520299999999996,0.042491,MAC,IND,901832
9501153,134,104,9734,2018,0.0,129773.0,-0.712775,-0.090013,MAR,IND,901832
9501154,135,104,9734,2018,0.0,4736.0,-0.358412,-0.271334,MDA,IND,901832
9501155,136,104,9734,2018,0.0,1151.0,-1.2144549999999998,-0.748326,MDG,IND,901832
9501156,137,104,9734,2018,0.0,493852.0,-0.577527,-0.952098,MDV,IND,901832
9501157,138,104,9734,2018,735612.0,974417.0,1.00061,0.585759,MEX,IND,901832
9501158,140,104,9734,2018,0.0,18281.0,0.079976,-0.20256,MKD,IND,901832
9501159,141,104,9734,2018,0.0,928.0,-0.49666499999999997,-0.7189909999999999,MLI,IND,901832
9501160,142,104,9734,2018,835.0,0.0,0.9621219999999999,0.257289,MLT,IND,901832
9501161,143,104,9734,2018,0.0,50997.0,-0.936467,-0.223413,MMR,IND,901832
9501162,145,104,9734,2018,0.0,869.0,-0.934398,-1.125105,MNG,IND,901832
9501163,147,104,9734,2018,0.0,8895.0,-1.380023,-1.027817,MOZ,IND,901832
9501164,151,104,9734,2018,0.0,2915.0,-0.128221,0.15049400000000002,MUS,IND,901832
9501165,152,104,9734,2018,0.0,971.0,-0.7015979999999999,-0.9293680000000001,MWI,IND,901832
9501166,153,104,9734,2018,423522.0,378541.0,1.122976,0.734109,MYS,IND,901832
9501167,155,104,9734,2018,0.0,26460.0,-0.668091,-0.779938,NAM,IND,901832
9501168,157,104,9734,2018,0.0,9466.0,-0.633115,-0.839564,NER,IND,901832
9501169,159,104,9734,2018,0.0,442449.0,-1.8238,-1.259938,NGA,IND,901832
9501170,160,104,9734,2018,0.0,382187.0,-0.887282,-0.827008,NIC,IND,901832
9501171,162,104,9734,2018,136674.0,553662.0,1.1478899999999999,1.454758,NLD,IND,901832
9501172,164,104,9734,2018,0.0,394105.0,-0.252837,0.999258,NPL,IND,901832
9501173,166,104,9734,2018,0.0,19418.0,0.21902600000000003,0.148714,NZL,IND,901832
9501174,167,104,9734,2018,0.0,57947.0,-0.548048,-0.9972989999999999,OMN,IND,901832
9501175,168,104,9734,2018,0.0,13036.0,-0.64348,0.665045,PAK,IND,901832
9501176,173,104,9734,2018,0.0,625403.0,-0.6673060000000001,-0.183315,PER,IND,901832
9501177,174,104,9734,2018,69302.0,55017.0,0.781409,0.22126700000000002,PHL,IND,901832
9501178,176,104,9734,2018,0.0,96472.0,-1.7580360000000002,-1.239492,PNG,IND,901832
9501179,177,104,9734,2018,16483.0,161166.0,1.132475,1.258945,POL,IND,901832
9501180,179,104,9734,2018,0.0,24976.0,0.652628,2.211758,PRT,IND,901832
9501181,180,104,9734,2018,0.0,1094.0,-0.614751,-0.952478,PRY,IND,901832
9501182,181,104,9734,2018,0.0,49.0,0.096402,0.735946,PSE,IND,901832
9501183,183,104,9734,2018,0.0,41863.0,-0.068401,-1.014732,QAT,IND,901832
9501184,185,104,9734,2018,0.0,285348.0,1.050715,1.04471,ROU,IND,901832
9501185,186,104,9734,2018,0.0,655913.0,0.21398000000000003,0.100414,RUS,IND,901832
9501186,187,104,9734,2018,0.0,22307.0,-0.618925,-0.788172,RWA,IND,901832
9501187,188,104,9734,2018,0.0,274261.0,0.5801810000000001,-0.447514,SAU,IND,901832
9501188,190,104,9734,2018,0.0,25326.0,-1.278532,-1.176008,SDN,IND,901832
9501189,191,104,9734,2018,0.0,3139.0,-0.751378,-0.390573,SEN,IND,901832
9501190,192,104,9734,2018,9659279.0,558033.0,1.914132,0.652011,SGP,IND,901832
9501191,196,104,9734,2018,0.0,13683.0,-0.06932999999999999,-0.36035300000000003,SLE,IND,901832
9501192,199,104,9734,2018,0.0,3274.0,-1.4787370000000002,-1.050578,SOM,IND,901832
9501193,201,104,9734,2018,6516.0,114029.0,0.607486,1.2139389999999999,SRB,IND,901832
9501194,206,104,9734,2018,100813.0,106414.0,1.3270979999999999,0.877684,SVK,IND,901832
9501195,207,104,9734,2018,0.0,3686.0,1.67428,0.7703800000000001,SVN,IND,901832
9501196,208,104,9734,2018,297642.0,9063.0,1.76361,0.766904,SWE,IND,901832
9501197,211,104,9734,2018,0.0,12993.0,0.187352,-0.693013,SYC,IND,901832
9501198,214,104,9734,2018,0.0,13119.0,-1.845707,-1.032018,TCD,IND,901832
9501199,216,104,9734,2018,124621.0,658725.0,1.053177,1.4084969999999999,THA,IND,901832
9501200,217,104,9734,2018,0.0,16247.0,-0.757793,-1.0641209999999999,TJK,IND,901832
9501201,219,104,9734,2018,0.0,14453.0,-1.0081209999999998,-1.190796,TKM,IND,901832
9501202,223,104,9734,2018,0.0,175414.0,0.259778,1.187194,TUN,IND,901832
9501203,224,104,9734,2018,29930.0,2766062.0,0.518721,2.5581419999999997,TUR,IND,901832
9501204,226,104,9734,2018,0.0,131756.0,-0.09850700000000001,1.145606,TZA,IND,901832
9501205,227,104,9734,2018,0.0,194372.0,-0.621049,-0.061448,UGA,IND,901832
9501206,228,104,9734,2018,3661.0,96360.0,0.337296,0.758675,UKR,IND,901832
9501207,230,104,9734,2018,0.0,1775.0,-0.02056,-0.38911,URY,IND,901832
9501208,231,104,9734,2018,2800627.0,3665450.0,1.585861,0.44815900000000003,USA,IND,901832
9501209,232,104,9734,2018,0.0,1212.0,-0.591547,-0.429982,UZB,IND,901832
9501210,239,104,9734,2018,2801364.0,931297.0,0.003069,0.9169729999999999,VNM,IND,901832
9501211,243,104,9734,2018,0.0,340911.0,-1.3332899999999999,-1.200589,YEM,IND,901832
9501212,246,104,9734,2018,0.0,1004364.0,0.158722,1.394829,ZAF,IND,901832
9501213,247,104,9734,2018,0.0,73911.0,-0.736064,-0.93958,ZMB,IND,901832
9501214,248,104,9734,2018,0.0,17816.0,-1.181524,-1.0648520000000001,ZWE,IND,901832
9501215,249,104,9734,2018,573885.0,92850.0,2.0462540000000002,1.166636,TWN,IND,901832
9501216,7,106,9734,2018,0.0,810290.0,0.11804400000000001,-0.326851,ARE,IRL,901832
9501217,8,106,9734,2018,0.0,61833.0,-0.14316800000000002,0.14356,ARG,IRL,901832
9501218,9,106,9734,2018,0.0,7991.0,-0.330516,-0.604744,ARM,IRL,901832
9501219,14,106,9734,2018,0.0,1241304.0,-0.29687199999999997,-0.123116,AUS,IRL,901832
9501220,15,106,9734,2018,4926.0,758179.0,1.774488,-0.21117800000000003,AUT,IRL,901832
9501221,18,106,9734,2018,126346.0,16631364.0,1.270641,1.201063,BEL,IRL,901832
9501222,24,106,9734,2018,0.0,102102.0,0.318352,-0.69221,BHR,IRL,901832
9501223,26,106,9734,2018,0.0,26585.0,0.526392,0.742398,BIH,IRL,901832
9501224,28,106,9734,2018,0.0,15784.0,0.850089,0.8332870000000001,BLR,IRL,901832
9501225,32,106,9734,2018,0.0,5285.0,0.143397,0.582092,BRA,IRL,901832
9501226,39,106,9734,2018,1177.0,12040473.0,0.666822,1.218593,CAN,IRL,901832
9501227,41,106,9734,2018,64735.0,446703.0,2.2324330000000003,0.7801560000000001,CHE,IRL,901832
9501228,42,106,9734,2018,0.0,37915.0,-0.37677,-0.49605299999999997,CHL,IRL,901832
9501229,43,106,9734,2018,58239.0,15822844.0,1.200689,1.2822,CHN,IRL,901832
9501230,49,106,9734,2018,0.0,3419041.0,0.20431,-0.15273699999999998,COL,IRL,901832
9501231,52,106,9734,2018,0.0,10858.0,0.19386,0.05811,CRI,IRL,901832
9501232,59,106,9734,2018,0.0,16082.0,1.841016,0.220806,CZE,IRL,901832
9501233,61,106,9734,2018,704834.0,45885432.0,2.109059,-2.428826,DEU,IRL,901832
9501234,64,106,9734,2018,49860.0,50075.0,1.0945040000000001,1.3311540000000002,DNK,IRL,901832
9501235,67,106,9734,2018,0.0,10630.0,-0.873973,-1.032841,ECU,IRL,901832
9501236,68,106,9734,2018,0.0,98988.0,-0.096635,1.585658,EGY,IRL,901832
9501237,71,106,9734,2018,153398.0,8603521.0,0.744825,2.919005,ESP,IRL,901832
9501238,72,106,9734,2018,0.0,3563.0,0.979986,1.2365899999999999,EST,IRL,901832
9501239,74,106,9734,2018,0.0,1194314.0,1.61151,0.9474549999999999,FIN,IRL,901832
9501240,77,106,9734,2018,250130.0,29748462.0,1.420819,0.7793770000000001,FRA,IRL,901832
9501241,81,106,9734,2018,1958254.0,114318.0,1.693008,0.768159,GBR,IRL,901832
9501242,90,106,9734,2018,0.0,48539.0,0.059539999999999996,1.0321879999999999,GRC,IRL,901832
9501243,97,106,9734,2018,0.0,138184.0,0.843677,1.656073,HKG,IRL,901832
9501244,99,106,9734,2018,0.0,1927.0,-0.523738,-0.193198,HND,IRL,901832
9501245,100,106,9734,2018,0.0,6026.0,0.7923720000000001,1.4047209999999999,HRV,IRL,901832
9501246,102,106,9734,2018,0.0,2347.0,1.519662,0.833092,HUN,IRL,901832
9501247,103,106,9734,2018,0.0,306443.0,-0.10130499999999999,1.2414209999999999,IDN,IRL,901832
9501248,104,106,9734,2018,1188.0,443142.0,0.526015,2.448112,IND,IRL,901832
9501249,110,106,9734,2018,0.0,232891.0,1.355071,0.872822,ISR,IRL,901832
9501250,111,106,9734,2018,5789.0,290880.0,1.3602530000000002,0.453607,ITA,IRL,901832
9501251,114,106,9734,2018,133268.0,16798040.0,2.514533,-0.416074,JPN,IRL,901832
9501252,115,106,9734,2018,0.0,116463.0,-0.483862,-0.667417,KAZ,IRL,901832
9501253,116,106,9734,2018,0.0,51207.0,-0.32707800000000004,0.71009,KEN,IRL,901832
9501254,121,106,9734,2018,44794.0,1061647.0,2.093866,0.764303,KOR,IRL,901832
9501255,122,106,9734,2018,0.0,287557.0,-0.668802,-1.154012,KWT,IRL,901832
9501256,124,106,9734,2018,0.0,53989.0,0.270554,0.9995149999999999,LBN,IRL,901832
9501257,130,106,9734,2018,0.0,1382.0,0.964249,1.4050200000000002,LTU,IRL,901832
9501258,131,106,9734,2018,0.0,16373.0,1.1142889999999999,1.306066,LUX,IRL,901832
9501259,134,106,9734,2018,0.0,19454.0,-0.712775,-0.090013,MAR,IRL,901832
9501260,138,106,9734,2018,8417.0,389679.0,1.00061,0.585759,MEX,IRL,901832
9501261,144,106,9734,2018,0.0,3961.0,0.332495,0.124258,MNE,IRL,901832
9501262,153,106,9734,2018,1453.0,155913.0,1.122976,0.734109,MYS,IRL,901832
9501263,160,106,9734,2018,0.0,867.0,-0.887282,-0.827008,NIC,IRL,901832
9501264,162,106,9734,2018,1358981.0,521744.0,1.1478899999999999,1.454758,NLD,IRL,901832
9501265,163,106,9734,2018,0.0,2216614.0,0.681639,0.021762,NOR,IRL,901832
9501266,166,106,9734,2018,0.0,293562.0,0.21902600000000003,0.148714,NZL,IRL,901832
9501267,168,106,9734,2018,9966.0,0.0,-0.64348,0.665045,PAK,IRL,901832
9501268,173,106,9734,2018,0.0,142647.0,-0.6673060000000001,-0.183315,PER,IRL,901832
9501269,177,106,9734,2018,243207.0,584128.0,1.132475,1.258945,POL,IRL,901832
9501270,179,106,9734,2018,4742.0,1798.0,0.652628,2.211758,PRT,IRL,901832
9501271,182,106,9734,2018,0.0,146.0,0.21430300000000002,-0.484076,PYF,IRL,901832
9501272,183,106,9734,2018,0.0,154003.0,-0.068401,-1.014732,QAT,IRL,901832
9501273,185,106,9734,2018,19766.0,0.0,1.050715,1.04471,ROU,IRL,901832
9501274,186,106,9734,2018,0.0,1570845.0,0.21398000000000003,0.100414,RUS,IRL,901832
9501275,188,106,9734,2018,0.0,5071968.0,0.5801810000000001,-0.447514,SAU,IRL,901832
9501276,192,106,9734,2018,8251168.0,922084.0,1.914132,0.652011,SGP,IRL,901832
9501277,201,106,9734,2018,0.0,3390.0,0.607486,1.2139389999999999,SRB,IRL,901832
9501278,206,106,9734,2018,1685.0,27766.0,1.3270979999999999,0.877684,SVK,IRL,901832
9501279,207,106,9734,2018,1899.0,62294.0,1.67428,0.7703800000000001,SVN,IRL,901832
9501280,208,106,9734,2018,35292.0,0.0,1.76361,0.766904,SWE,IRL,901832
9501281,216,106,9734,2018,11002.0,116463.0,1.053177,1.4084969999999999,THA,IRL,901832
9501282,223,106,9734,2018,0.0,15370.0,0.259778,1.187194,TUN,IRL,901832
9501283,224,106,9734,2018,6800.0,3537100.0,0.518721,2.5581419999999997,TUR,IRL,901832
9501284,228,106,9734,2018,0.0,43551.0,0.337296,0.758675,UKR,IRL,901832
9501285,230,106,9734,2018,0.0,420448.0,-0.02056,-0.38911,URY,IRL,901832
9501286,231,106,9734,2018,11185542.0,202539072.0,1.585861,0.44815900000000003,USA,IRL,901832
9501287,239,106,9734,2018,0.0,87142.0,0.003069,0.9169729999999999,VNM,IRL,901832
9501288,246,106,9734,2018,0.0,318833.0,0.158722,1.394829,ZAF,IRL,901832
9501289,249,106,9734,2018,0.0,311401.0,2.0462540000000002,1.166636,TWN,IRL,901832
9501290,250,106,9734,2018,13270.0,0.0,0.809991,-0.368737,ANS,IRL,901832
9501291,2,111,9734,2018,0.0,1509.0,-1.489191,-1.213992,AGO,ITA,901832
9501292,4,111,9734,2018,0.0,60614.0,-0.456481,-0.139655,ALB,ITA,901832
9501293,7,111,9734,2018,1332.0,320013.0,0.11804400000000001,-0.326851,ARE,ITA,901832
9501294,8,111,9734,2018,0.0,11727.0,-0.14316800000000002,0.14356,ARG,ITA,901832
9501295,9,111,9734,2018,0.0,35963.0,-0.330516,-0.604744,ARM,ITA,901832
9501296,14,111,9734,2018,0.0,1784.0,-0.29687199999999997,-0.123116,AUS,ITA,901832
9501297,15,111,9734,2018,26590.0,51137.0,1.774488,-0.21117800000000003,AUT,ITA,901832
9501298,16,111,9734,2018,0.0,10774.0,-1.144089,-1.224327,AZE,ITA,901832
9501299,18,111,9734,2018,8559230.0,1110888.0,1.270641,1.201063,BEL,ITA,901832
9501300,21,111,9734,2018,0.0,30026.0,-0.8835200000000001,-0.9790620000000001,BFA,ITA,901832
9501301,23,111,9734,2018,0.0,25384.0,0.571226,1.836856,BGR,ITA,901832
9501302,24,111,9734,2018,0.0,39498.0,0.318352,-0.69221,BHR,ITA,901832
9501303,26,111,9734,2018,0.0,17990.0,0.526392,0.742398,BIH,ITA,901832
9501304,28,111,9734,2018,0.0,661914.0,0.850089,0.8332870000000001,BLR,ITA,901832
9501305,32,111,9734,2018,0.0,283438.0,0.143397,0.582092,BRA,ITA,901832
9501306,39,111,9734,2018,72484.0,605959.0,0.666822,1.218593,CAN,ITA,901832
9501307,41,111,9734,2018,513842.0,168490.0,2.2324330000000003,0.7801560000000001,CHE,ITA,901832
9501308,42,111,9734,2018,0.0,23485.0,-0.37677,-0.49605299999999997,CHL,ITA,901832
9501309,43,111,9734,2018,5023658.0,625545.0,1.200689,1.2822,CHN,ITA,901832
9501310,46,111,9734,2018,0.0,1120.0,-1.743034,-1.20446,COD,ITA,901832
9501311,49,111,9734,2018,0.0,29798.0,0.20431,-0.15273699999999998,COL,ITA,901832
9501312,52,111,9734,2018,0.0,1928.0,0.19386,0.05811,CRI,ITA,901832
9501313,54,111,9734,2018,0.0,306724.0,-0.8835629999999999,-1.15678,CUB,ITA,901832
9501314,58,111,9734,2018,0.0,110808.0,0.45442,-0.113303,CYP,ITA,901832
9501315,59,111,9734,2018,4918.0,113401.0,1.841016,0.220806,CZE,ITA,901832
9501316,61,111,9734,2018,7663259.0,2217864.0,2.109059,-2.428826,DEU,ITA,901832
9501317,64,111,9734,2018,4062206.0,359269.0,1.0945040000000001,1.3311540000000002,DNK,ITA,901832
9501318,65,111,9734,2018,0.0,1239.0,-0.084258,0.474872,DOM,ITA,901832
9501319,66,111,9734,2018,0.0,1262351.0,-1.281519,-1.22291,DZA,ITA,901832
9501320,67,111,9734,2018,0.0,23022.0,-0.873973,-1.032841,ECU,ITA,901832
9501321,68,111,9734,2018,0.0,340771.0,-0.096635,1.585658,EGY,ITA,901832
9501322,71,111,9734,2018,332475.0,1855459.0,0.744825,2.919005,ESP,ITA,901832
9501323,72,111,9734,2018,0.0,30272.0,0.979986,1.2365899999999999,EST,ITA,901832
9501324,73,111,9734,2018,0.0,814964.0,-0.874857,-0.464958,ETH,ITA,901832
9501325,74,111,9734,2018,2866.0,1466504.0,1.61151,0.9474549999999999,FIN,ITA,901832
9501326,77,111,9734,2018,2667248.0,2549944.0,1.420819,0.7793770000000001,FRA,ITA,901832
9501327,80,111,9734,2018,0.0,20944.0,-1.4979200000000001,-1.180407,GAB,ITA,901832
9501328,81,111,9734,2018,608277.0,1813851.0,1.693008,0.768159,GBR,ITA,901832
9501329,82,111,9734,2018,0.0,556841.0,-0.049871,-0.28439899999999996,GEO,ITA,901832
9501330,90,111,9734,2018,127329.0,700284.0,0.059539999999999996,1.0321879999999999,GRC,ITA,901832
9501331,93,111,9734,2018,0.0,6189.0,-0.362668,0.520826,GTM,ITA,901832
9501332,97,111,9734,2018,1694.0,256121.0,0.843677,1.656073,HKG,ITA,901832
9501333,99,111,9734,2018,0.0,72401.0,-0.523738,-0.193198,HND,ITA,901832
9501334,100,111,9734,2018,25300.0,72140.0,0.7923720000000001,1.4047209999999999,HRV,ITA,901832
9501335,102,111,9734,2018,19783.0,463605.0,1.519662,0.833092,HUN,ITA,901832
9501336,103,111,9734,2018,0.0,14238.0,-0.10130499999999999,1.2414209999999999,IDN,ITA,901832
9501337,104,111,9734,2018,1456869.0,119512.0,0.526015,2.448112,IND,ITA,901832
9501338,106,111,9734,2018,290880.0,5789.0,1.262419,0.013576,IRL,ITA,901832
9501339,107,111,9734,2018,0.0,505495.0,-0.389954,-0.258156,IRN,ITA,901832
9501340,108,111,9734,2018,0.0,69417.0,-1.7504400000000002,-1.018699,IRQ,ITA,901832
9501341,109,111,9734,2018,0.0,4644.0,0.252338,-0.341319,ISL,ITA,901832
9501342,110,111,9734,2018,55787.0,817186.0,1.355071,0.872822,ISR,ITA,901832
9501343,113,111,9734,2018,0.0,43963.0,-0.086895,0.283829,JOR,ITA,901832
9501344,114,111,9734,2018,3750266.0,8852.0,2.514533,-0.416074,JPN,ITA,901832
9501345,115,111,9734,2018,0.0,59770.0,-0.483862,-0.667417,KAZ,ITA,901832
9501346,116,111,9734,2018,0.0,1194.0,-0.32707800000000004,0.71009,KEN,ITA,901832
9501347,117,111,9734,2018,0.0,9162.0,-0.141491,0.33161,KGZ,ITA,901832
9501348,121,111,9734,2018,1384686.0,33769.0,2.093866,0.764303,KOR,ITA,901832
9501349,122,111,9734,2018,0.0,690235.0,-0.668802,-1.154012,KWT,ITA,901832
9501350,124,111,9734,2018,0.0,71556.0,0.270554,0.9995149999999999,LBN,ITA,901832
9501351,126,111,9734,2018,0.0,369902.0,-1.608786,-1.231101,LBY,ITA,901832
9501352,130,111,9734,2018,20965.0,95374.0,0.964249,1.4050200000000002,LTU,ITA,901832
9501353,132,111,9734,2018,0.0,15646.0,0.707168,1.294297,LVA,ITA,901832
9501354,134,111,9734,2018,0.0,17083.0,-0.712775,-0.090013,MAR,ITA,901832
9501355,135,111,9734,2018,0.0,5314.0,-0.358412,-0.271334,MDA,ITA,901832
9501356,138,111,9734,2018,13711.0,520366.0,1.00061,0.585759,MEX,ITA,901832
9501357,140,111,9734,2018,0.0,6237.0,0.079976,-0.20256,MKD,ITA,901832
9501358,141,111,9734,2018,0.0,6354.0,-0.49666499999999997,-0.7189909999999999,MLI,ITA,901832
9501359,142,111,9734,2018,0.0,21318.0,0.9621219999999999,0.257289,MLT,ITA,901832
9501360,144,111,9734,2018,0.0,1573.0,0.332495,0.124258,MNE,ITA,901832
9501361,145,111,9734,2018,0.0,2043.0,-0.934398,-1.125105,MNG,ITA,901832
9501362,148,111,9734,2018,0.0,1572.0,-1.511361,-1.296003,MRT,ITA,901832
9501363,153,111,9734,2018,205481.0,64150.0,1.122976,0.734109,MYS,ITA,901832
9501364,159,111,9734,2018,0.0,1337.0,-1.8238,-1.259938,NGA,ITA,901832
9501365,160,111,9734,2018,0.0,770.0,-0.887282,-0.827008,NIC,ITA,901832
9501366,162,111,9734,2018,1242105.0,281138.0,1.1478899999999999,1.454758,NLD,ITA,901832
9501367,163,111,9734,2018,0.0,7549.0,0.681639,0.021762,NOR,ITA,901832
9501368,164,111,9734,2018,0.0,17687.0,-0.252837,0.999258,NPL,ITA,901832
9501369,166,111,9734,2018,0.0,33227.0,0.21902600000000003,0.148714,NZL,ITA,901832
9501370,167,111,9734,2018,0.0,402014.0,-0.548048,-0.9972989999999999,OMN,ITA,901832
9501371,173,111,9734,2018,0.0,37113.0,-0.6673060000000001,-0.183315,PER,ITA,901832
9501372,174,111,9734,2018,0.0,21062.0,0.781409,0.22126700000000002,PHL,ITA,901832
9501373,177,111,9734,2018,1875710.0,1108358.0,1.132475,1.258945,POL,ITA,901832
9501374,179,111,9734,2018,19793.0,433321.0,0.652628,2.211758,PRT,ITA,901832
9501375,180,111,9734,2018,0.0,13908.0,-0.614751,-0.952478,PRY,ITA,901832
9501376,181,111,9734,2018,0.0,1005.0,0.096402,0.735946,PSE,ITA,901832
9501377,182,111,9734,2018,0.0,11971.0,0.21430300000000002,-0.484076,PYF,ITA,901832
9501378,183,111,9734,2018,0.0,76381.0,-0.068401,-1.014732,QAT,ITA,901832
9501379,185,111,9734,2018,10987.0,127579.0,1.050715,1.04471,ROU,ITA,901832
9501380,186,111,9734,2018,990.0,1059359.0,0.21398000000000003,0.100414,RUS,ITA,901832
9501381,188,111,9734,2018,5208.0,230207.0,0.5801810000000001,-0.447514,SAU,ITA,901832
9501382,192,111,9734,2018,81331.0,0.0,1.914132,0.652011,SGP,ITA,901832
9501383,197,111,9734,2018,0.0,1577.0,0.073928,0.22548600000000002,SLV,ITA,901832
9501384,201,111,9734,2018,0.0,284637.0,0.607486,1.2139389999999999,SRB,ITA,901832
9501385,206,111,9734,2018,1313102.0,4445.0,1.3270979999999999,0.877684,SVK,ITA,901832
9501386,207,111,9734,2018,24323.0,147715.0,1.67428,0.7703800000000001,SVN,ITA,901832
9501387,208,111,9734,2018,137239.0,756516.0,1.76361,0.766904,SWE,ITA,901832
9501388,216,111,9734,2018,2543436.0,308491.0,1.053177,1.4084969999999999,THA,ITA,901832
9501389,223,111,9734,2018,2835.0,104091.0,0.259778,1.187194,TUN,ITA,901832
9501390,224,111,9734,2018,176298.0,656105.0,0.518721,2.5581419999999997,TUR,ITA,901832
9501391,227,111,9734,2018,0.0,11218.0,-0.621049,-0.061448,UGA,ITA,901832
9501392,228,111,9734,2018,3890.0,176034.0,0.337296,0.758675,UKR,ITA,901832
9501393,230,111,9734,2018,0.0,157345.0,-0.02056,-0.38911,URY,ITA,901832
9501394,231,111,9734,2018,1273461.0,3551952.0,1.585861,0.44815900000000003,USA,ITA,901832
9501395,232,111,9734,2018,0.0,1575.0,-0.591547,-0.429982,UZB,ITA,901832
9501396,239,111,9734,2018,1823094.0,26091.0,0.003069,0.9169729999999999,VNM,ITA,901832
9501397,246,111,9734,2018,0.0,139124.0,0.158722,1.394829,ZAF,ITA,901832
9501398,248,111,9734,2018,0.0,892.0,-1.181524,-1.0648520000000001,ZWE,ITA,901832
9501399,249,111,9734,2018,21660.0,176499.0,2.0462540000000002,1.166636,TWN,ITA,901832
9501400,33,112,9734,2018,30511.0,0.0,0.487166,-0.129388,BRB,JAM,901832
9501401,39,112,9734,2018,1677.0,0.0,0.666822,1.218593,CAN,JAM,901832
9501402,43,112,9734,2018,45900.0,0.0,1.200689,1.2822,CHN,JAM,901832
9501403,81,112,9734,2018,3657.0,0.0,1.693008,0.768159,GBR,JAM,901832
9501404,104,112,9734,2018,79618.0,0.0,0.526015,2.448112,IND,JAM,901832
9501405,114,112,9734,2018,26914.0,0.0,2.514533,-0.416074,JPN,JAM,901832
9501406,138,112,9734,2018,12599.0,0.0,1.00061,0.585759,MEX,JAM,901832
9501407,162,112,9734,2018,8765.0,0.0,1.1478899999999999,1.454758,NLD,JAM,901832
9501408,168,112,9734,2018,5768.0,0.0,-0.64348,0.665045,PAK,JAM,901832
9501409,231,112,9734,2018,549710.0,0.0,1.585861,0.44815900000000003,USA,JAM,901832
9501410,15,113,9734,2018,3699.0,0.0,1.774488,-0.21117800000000003,AUT,JOR,901832
9501411,18,113,9734,2018,92089.0,0.0,1.270641,1.201063,BEL,JOR,901832
9501412,41,113,9734,2018,14221.0,0.0,2.2324330000000003,0.7801560000000001,CHE,JOR,901832
9501413,43,113,9734,2018,185620.0,0.0,1.200689,1.2822,CHN,JOR,901832
9501414,61,113,9734,2018,156076.0,0.0,2.109059,-2.428826,DEU,JOR,901832
9501415,64,113,9734,2018,689299.0,0.0,1.0945040000000001,1.3311540000000002,DNK,JOR,901832
9501416,77,113,9734,2018,10710.0,0.0,1.420819,0.7793770000000001,FRA,JOR,901832
9501417,81,113,9734,2018,41908.0,0.0,1.693008,0.768159,GBR,JOR,901832
9501418,104,113,9734,2018,84076.0,0.0,0.526015,2.448112,IND,JOR,901832
9501419,110,113,9734,2018,0.0,2045.0,1.355071,0.872822,ISR,JOR,901832
9501420,111,113,9734,2018,43963.0,0.0,1.3602530000000002,0.453607,ITA,JOR,901832
9501421,114,113,9734,2018,39561.0,0.0,2.514533,-0.416074,JPN,JOR,901832
9501422,121,113,9734,2018,68586.0,0.0,2.093866,0.764303,KOR,JOR,901832
9501423,162,113,9734,2018,26596.0,0.0,1.1478899999999999,1.454758,NLD,JOR,901832
9501424,208,113,9734,2018,13482.0,0.0,1.76361,0.766904,SWE,JOR,901832
9501425,216,113,9734,2018,13151.0,88661.0,1.053177,1.4084969999999999,THA,JOR,901832
9501426,224,113,9734,2018,39874.0,0.0,0.518721,2.5581419999999997,TUR,JOR,901832
9501427,231,113,9734,2018,49974.0,0.0,1.585861,0.44815900000000003,USA,JOR,901832
9501428,249,113,9734,2018,1518.0,0.0,2.0462540000000002,1.166636,TWN,JOR,901832
9501429,250,113,9734,2018,0.0,359850.0,0.809991,-0.368737,ANS,JOR,901832
9501430,7,114,9734,2018,0.0,44208.0,0.11804400000000001,-0.326851,ARE,JPN,901832
9501431,8,114,9734,2018,0.0,970176.0,-0.14316800000000002,0.14356,ARG,JPN,901832
9501432,9,114,9734,2018,0.0,3474.0,-0.330516,-0.604744,ARM,JPN,901832
9501433,14,114,9734,2018,364924.0,2820241.0,-0.29687199999999997,-0.123116,AUS,JPN,901832
9501434,15,114,9734,2018,1572.0,11227865.0,1.774488,-0.21117800000000003,AUT,JPN,901832
9501435,16,114,9734,2018,0.0,3567.0,-1.144089,-1.224327,AZE,JPN,901832
9501436,18,114,9734,2018,23534.0,8371699.0,1.270641,1.201063,BEL,JPN,901832
9501437,22,114,9734,2018,0.0,291069.0,-0.899467,-0.9823719999999999,BGD,JPN,901832
9501438,24,114,9734,2018,0.0,24700.0,0.318352,-0.69221,BHR,JPN,901832
9501439,26,114,9734,2018,0.0,26243.0,0.526392,0.742398,BIH,JPN,901832
9501440,28,114,9734,2018,0.0,9365.0,0.850089,0.8332870000000001,BLR,JPN,901832
9501441,31,114,9734,2018,0.0,10917.0,-1.153953,-1.070749,BOL,JPN,901832
9501442,32,114,9734,2018,0.0,3310743.0,0.143397,0.582092,BRA,JPN,901832
9501443,33,114,9734,2018,0.0,70752.0,0.487166,-0.129388,BRB,JPN,901832
9501444,34,114,9734,2018,0.0,4751.0,0.562198,-0.774457,BRN,JPN,901832
9501445,39,114,9734,2018,946494.0,4477732.0,0.666822,1.218593,CAN,JPN,901832
9501446,41,114,9734,2018,9007.0,452241.0,2.2324330000000003,0.7801560000000001,CHE,JPN,901832
9501447,42,114,9734,2018,0.0,766035.0,-0.37677,-0.49605299999999997,CHL,JPN,901832
9501448,43,114,9734,2018,9172270.0,30619542.0,1.200689,1.2822,CHN,JPN,901832
9501449,44,114,9734,2018,0.0,6924.0,-0.8733569999999999,-0.8443139999999999,CIV,JPN,901832
9501450,49,114,9734,2018,0.0,143401.0,0.20431,-0.15273699999999998,COL,JPN,901832
9501451,52,114,9734,2018,247896.0,294034.0,0.19386,0.05811,CRI,JPN,901832
9501452,59,114,9734,2018,0.0,871393.0,1.841016,0.220806,CZE,JPN,901832
9501453,61,114,9734,2018,223967.0,18821078.0,2.109059,-2.428826,DEU,JPN,901832
9501454,63,114,9734,2018,2975.0,0.0,0.381788,0.039853,DMA,JPN,901832
9501455,64,114,9734,2018,45450.0,22904854.0,1.0945040000000001,1.3311540000000002,DNK,JPN,901832
9501456,65,114,9734,2018,10630497.0,35877.0,-0.084258,0.474872,DOM,JPN,901832
9501457,67,114,9734,2018,0.0,128988.0,-0.873973,-1.032841,ECU,JPN,901832
9501458,68,114,9734,2018,0.0,557723.0,-0.096635,1.585658,EGY,JPN,901832
9501459,71,114,9734,2018,36910.0,1298516.0,0.744825,2.919005,ESP,JPN,901832
9501460,72,114,9734,2018,0.0,49845.0,0.979986,1.2365899999999999,EST,JPN,901832
9501461,74,114,9734,2018,3286.0,201427.0,1.61151,0.9474549999999999,FIN,JPN,901832
9501462,77,114,9734,2018,106249.0,9206355.0,1.420819,0.7793770000000001,FRA,JPN,901832
9501463,81,114,9734,2018,146063.0,1104526.0,1.693008,0.768159,GBR,JPN,901832
9501464,82,114,9734,2018,0.0,9399.0,-0.049871,-0.28439899999999996,GEO,JPN,901832
9501465,90,114,9734,2018,0.0,12760.0,0.059539999999999996,1.0321879999999999,GRC,JPN,901832
9501466,96,114,9734,2018,0.0,6137.0,-0.841458,-0.9803280000000001,GUY,JPN,901832
9501467,97,114,9734,2018,0.0,2434865.0,0.843677,1.656073,HKG,JPN,901832
9501468,99,114,9734,2018,0.0,18366.0,-0.523738,-0.193198,HND,JPN,901832
9501469,100,114,9734,2018,0.0,18421.0,0.7923720000000001,1.4047209999999999,HRV,JPN,901832
9501470,102,114,9734,2018,2074.0,0.0,1.519662,0.833092,HUN,JPN,901832
9501471,103,114,9734,2018,14986.0,579305.0,-0.10130499999999999,1.2414209999999999,IDN,JPN,901832
9501472,104,114,9734,2018,5862.0,1759219.0,0.526015,2.448112,IND,JPN,901832
9501473,106,114,9734,2018,16798040.0,133268.0,1.262419,0.013576,IRL,JPN,901832
9501474,107,114,9734,2018,0.0,717576.0,-0.389954,-0.258156,IRN,JPN,901832
9501475,108,114,9734,2018,0.0,5019.0,-1.7504400000000002,-1.018699,IRQ,JPN,901832
9501476,109,114,9734,2018,0.0,13899.0,0.252338,-0.341319,ISL,JPN,901832
9501477,110,114,9734,2018,320392.0,195686.0,1.355071,0.872822,ISR,JPN,901832
9501478,111,114,9734,2018,8852.0,3750266.0,1.3602530000000002,0.453607,ITA,JPN,901832
9501479,112,114,9734,2018,0.0,26914.0,-0.339328,-0.8756659999999999,JAM,JPN,901832
9501480,113,114,9734,2018,0.0,39561.0,-0.086895,0.283829,JOR,JPN,901832
9501481,115,114,9734,2018,0.0,88069.0,-0.483862,-0.667417,KAZ,JPN,901832
9501482,116,114,9734,2018,0.0,37815.0,-0.32707800000000004,0.71009,KEN,JPN,901832
9501483,118,114,9734,2018,0.0,3850.0,-0.45740299999999995,-0.575966,KHM,JPN,901832
9501484,121,114,9734,2018,3544224.0,9763503.0,2.093866,0.764303,KOR,JPN,901832
9501485,122,114,9734,2018,0.0,20932.0,-0.668802,-1.154012,KWT,JPN,901832
9501486,124,114,9734,2018,0.0,107311.0,0.270554,0.9995149999999999,LBN,JPN,901832
9501487,128,114,9734,2018,0.0,4475.0,-0.544504,0.41074099999999997,LKA,JPN,901832
9501488,130,114,9734,2018,0.0,4175.0,0.964249,1.4050200000000002,LTU,JPN,901832
9501489,131,114,9734,2018,0.0,1438.0,1.1142889999999999,1.306066,LUX,JPN,901832
9501490,133,114,9734,2018,0.0,73751.0,0.44520299999999996,0.042491,MAC,JPN,901832
9501491,134,114,9734,2018,0.0,80395.0,-0.712775,-0.090013,MAR,JPN,901832
9501492,135,114,9734,2018,0.0,1305.0,-0.358412,-0.271334,MDA,JPN,901832
9501493,138,114,9734,2018,0.0,1273845.0,1.00061,0.585759,MEX,JPN,901832
9501494,140,114,9734,2018,0.0,2145.0,0.079976,-0.20256,MKD,JPN,901832
9501495,142,114,9734,2018,0.0,103186.0,0.9621219999999999,0.257289,MLT,JPN,901832
9501496,143,114,9734,2018,0.0,106658.0,-0.936467,-0.223413,MMR,JPN,901832
9501497,144,114,9734,2018,0.0,646.0,0.332495,0.124258,MNE,JPN,901832
9501498,145,114,9734,2018,0.0,5546.0,-0.934398,-1.125105,MNG,JPN,901832
9501499,151,114,9734,2018,0.0,85149.0,-0.128221,0.15049400000000002,MUS,JPN,901832
9501500,153,114,9734,2018,4572006.0,2005204.0,1.122976,0.734109,MYS,JPN,901832
9501501,156,114,9734,2018,0.0,5435.0,-0.49370299999999995,-0.865432,NCL,JPN,901832
9501502,160,114,9734,2018,0.0,73427.0,-0.887282,-0.827008,NIC,JPN,901832
9501503,162,114,9734,2018,461645.0,5020787.0,1.1478899999999999,1.454758,NLD,JPN,901832
9501504,163,114,9734,2018,0.0,325463.0,0.681639,0.021762,NOR,JPN,901832
9501505,164,114,9734,2018,0.0,6152.0,-0.252837,0.999258,NPL,JPN,901832
9501506,166,114,9734,2018,0.0,256038.0,0.21902600000000003,0.148714,NZL,JPN,901832
9501507,167,114,9734,2018,0.0,12567.0,-0.548048,-0.9972989999999999,OMN,JPN,901832
9501508,168,114,9734,2018,0.0,144956.0,-0.64348,0.665045,PAK,JPN,901832
9501509,173,114,9734,2018,0.0,184257.0,-0.6673060000000001,-0.183315,PER,JPN,901832
9501510,174,114,9734,2018,6987357.0,6563244.0,0.781409,0.22126700000000002,PHL,JPN,901832
9501511,177,114,9734,2018,0.0,1815889.0,1.132475,1.258945,POL,JPN,901832
9501512,179,114,9734,2018,0.0,8202.0,0.652628,2.211758,PRT,JPN,901832
9501513,180,114,9734,2018,0.0,148819.0,-0.614751,-0.952478,PRY,JPN,901832
9501514,181,114,9734,2018,0.0,4276.0,0.096402,0.735946,PSE,JPN,901832
9501515,182,114,9734,2018,0.0,35225.0,0.21430300000000002,-0.484076,PYF,JPN,901832
9501516,183,114,9734,2018,0.0,13027.0,-0.068401,-1.014732,QAT,JPN,901832
9501517,185,114,9734,2018,0.0,13257.0,1.050715,1.04471,ROU,JPN,901832
9501518,186,114,9734,2018,0.0,1009590.0,0.21398000000000003,0.100414,RUS,JPN,901832
9501519,188,114,9734,2018,0.0,251602.0,0.5801810000000001,-0.447514,SAU,JPN,901832
9501520,192,114,9734,2018,320650.0,6828090.0,1.914132,0.652011,SGP,JPN,901832
9501521,197,114,9734,2018,0.0,155721.0,0.073928,0.22548600000000002,SLV,JPN,901832
9501522,201,114,9734,2018,0.0,76813.0,0.607486,1.2139389999999999,SRB,JPN,901832
9501523,206,114,9734,2018,0.0,31603.0,1.3270979999999999,0.877684,SVK,JPN,901832
9501524,207,114,9734,2018,0.0,28684.0,1.67428,0.7703800000000001,SVN,JPN,901832
9501525,208,114,9734,2018,388759.0,1072844.0,1.76361,0.766904,SWE,JPN,901832
9501526,211,114,9734,2018,0.0,2064.0,0.187352,-0.693013,SYC,JPN,901832
9501527,216,114,9734,2018,5293718.0,2236705.0,1.053177,1.4084969999999999,THA,JPN,901832
9501528,223,114,9734,2018,0.0,76811.0,0.259778,1.187194,TUN,JPN,901832
9501529,224,114,9734,2018,0.0,526029.0,0.518721,2.5581419999999997,TUR,JPN,901832
9501530,228,114,9734,2018,0.0,32899.0,0.337296,0.758675,UKR,JPN,901832
9501531,230,114,9734,2018,0.0,33820.0,-0.02056,-0.38911,URY,JPN,901832
9501532,231,114,9734,2018,4700372.0,47431920.0,1.585861,0.44815900000000003,USA,JPN,901832
9501533,232,114,9734,2018,0.0,9936.0,-0.591547,-0.429982,UZB,JPN,901832
9501534,239,114,9734,2018,6499638.0,2024595.0,0.003069,0.9169729999999999,VNM,JPN,901832
9501535,243,114,9734,2018,0.0,12432.0,-1.3332899999999999,-1.200589,YEM,JPN,901832
9501536,246,114,9734,2018,0.0,184191.0,0.158722,1.394829,ZAF,JPN,901832
9501537,249,114,9734,2018,2154158.0,3633428.0,2.0462540000000002,1.166636,TWN,JPN,901832
9501538,43,118,9734,2018,261136.0,0.0,1.200689,1.2822,CHN,KHM,901832
9501539,64,118,9734,2018,5065.0,0.0,1.0945040000000001,1.3311540000000002,DNK,KHM,901832
9501540,77,118,9734,2018,182803.0,0.0,1.420819,0.7793770000000001,FRA,KHM,901832
9501541,104,118,9734,2018,115618.0,0.0,0.526015,2.448112,IND,KHM,901832
9501542,110,118,9734,2018,1334.0,0.0,1.355071,0.872822,ISR,KHM,901832
9501543,114,118,9734,2018,3850.0,0.0,2.514533,-0.416074,JPN,KHM,901832
9501544,121,118,9734,2018,43284.0,0.0,2.093866,0.764303,KOR,KHM,901832
9501545,192,118,9734,2018,15792.0,0.0,1.914132,0.652011,SGP,KHM,901832
9501546,216,118,9734,2018,1637377.0,0.0,1.053177,1.4084969999999999,THA,KHM,901832
9501547,231,118,9734,2018,19111.0,40208.0,1.585861,0.44815900000000003,USA,KHM,901832
9501548,239,118,9734,2018,1043.0,0.0,0.003069,0.9169729999999999,VNM,KHM,901832
9501549,4,121,9734,2018,0.0,49712.0,-0.456481,-0.139655,ALB,KOR,901832
9501550,7,121,9734,2018,2949.0,419110.0,0.11804400000000001,-0.326851,ARE,KOR,901832
9501551,8,121,9734,2018,0.0,21361.0,-0.14316800000000002,0.14356,ARG,KOR,901832
9501552,9,121,9734,2018,0.0,15661.0,-0.330516,-0.604744,ARM,KOR,901832
9501553,14,121,9734,2018,417011.0,204567.0,-0.29687199999999997,-0.123116,AUS,KOR,901832
9501554,15,121,9734,2018,0.0,80349.0,1.774488,-0.21117800000000003,AUT,KOR,901832
9501555,16,121,9734,2018,40628.0,101096.0,-1.144089,-1.224327,AZE,KOR,901832
9501556,18,121,9734,2018,599084.0,57063.0,1.270641,1.201063,BEL,KOR,901832
9501557,22,121,9734,2018,0.0,210261.0,-0.899467,-0.9823719999999999,BGD,KOR,901832
9501558,23,121,9734,2018,0.0,52578.0,0.571226,1.836856,BGR,KOR,901832
9501559,24,121,9734,2018,0.0,5417.0,0.318352,-0.69221,BHR,KOR,901832
9501560,26,121,9734,2018,0.0,24354.0,0.526392,0.742398,BIH,KOR,901832
9501561,28,121,9734,2018,0.0,3237.0,0.850089,0.8332870000000001,BLR,KOR,901832
9501562,31,121,9734,2018,0.0,15610.0,-1.153953,-1.070749,BOL,KOR,901832
9501563,32,121,9734,2018,4339.0,960937.0,0.143397,0.582092,BRA,KOR,901832
9501564,39,121,9734,2018,44482.0,244030.0,0.666822,1.218593,CAN,KOR,901832
9501565,41,121,9734,2018,59073.0,433602.0,2.2324330000000003,0.7801560000000001,CHE,KOR,901832
9501566,42,121,9734,2018,0.0,68904.0,-0.37677,-0.49605299999999997,CHL,KOR,901832
9501567,43,121,9734,2018,3027504.0,16544191.0,1.200689,1.2822,CHN,KOR,901832
9501568,44,121,9734,2018,0.0,3856.0,-0.8733569999999999,-0.8443139999999999,CIV,KOR,901832
9501569,49,121,9734,2018,0.0,216624.0,0.20431,-0.15273699999999998,COL,KOR,901832
9501570,52,121,9734,2018,539130.0,1355.0,0.19386,0.05811,CRI,KOR,901832
9501571,58,121,9734,2018,0.0,22527.0,0.45442,-0.113303,CYP,KOR,901832
9501572,59,121,9734,2018,100584.0,45096.0,1.841016,0.220806,CZE,KOR,901832
9501573,61,121,9734,2018,282808.0,1765056.0,2.109059,-2.428826,DEU,KOR,901832
9501574,64,121,9734,2018,190164.0,1333246.0,1.0945040000000001,1.3311540000000002,DNK,KOR,901832
9501575,65,121,9734,2018,67180.0,63858.0,-0.084258,0.474872,DOM,KOR,901832
9501576,66,121,9734,2018,0.0,605830.0,-1.281519,-1.22291,DZA,KOR,901832
9501577,67,121,9734,2018,0.0,184583.0,-0.873973,-1.032841,ECU,KOR,901832
9501578,68,121,9734,2018,0.0,518378.0,-0.096635,1.585658,EGY,KOR,901832
9501579,71,121,9734,2018,2655.0,1147212.0,0.744825,2.919005,ESP,KOR,901832
9501580,72,121,9734,2018,3518.0,33428.0,0.979986,1.2365899999999999,EST,KOR,901832
9501581,73,121,9734,2018,0.0,74854.0,-0.874857,-0.464958,ETH,KOR,901832
9501582,74,121,9734,2018,848.0,193478.0,1.61151,0.9474549999999999,FIN,KOR,901832
9501583,77,121,9734,2018,198336.0,1135414.0,1.420819,0.7793770000000001,FRA,KOR,901832
9501584,81,121,9734,2018,76440.0,3368625.0,1.693008,0.768159,GBR,KOR,901832
9501585,82,121,9734,2018,0.0,404849.0,-0.049871,-0.28439899999999996,GEO,KOR,901832
9501586,90,121,9734,2018,0.0,302429.0,0.059539999999999996,1.0321879999999999,GRC,KOR,901832
9501587,93,121,9734,2018,0.0,63474.0,-0.362668,0.520826,GTM,KOR,901832
9501588,97,121,9734,2018,2317.0,551390.0,0.843677,1.656073,HKG,KOR,901832
9501589,99,121,9734,2018,0.0,1645.0,-0.523738,-0.193198,HND,KOR,901832
9501590,100,121,9734,2018,0.0,54594.0,0.7923720000000001,1.4047209999999999,HRV,KOR,901832
9501591,102,121,9734,2018,15798.0,42301.0,1.519662,0.833092,HUN,KOR,901832
9501592,103,121,9734,2018,0.0,648861.0,-0.10130499999999999,1.2414209999999999,IDN,KOR,901832
9501593,104,121,9734,2018,156856.0,1244131.0,0.526015,2.448112,IND,KOR,901832
9501594,106,121,9734,2018,1061647.0,44794.0,1.262419,0.013576,IRL,KOR,901832
9501595,107,121,9734,2018,0.0,1780577.0,-0.389954,-0.258156,IRN,KOR,901832
9501596,108,121,9734,2018,0.0,236957.0,-1.7504400000000002,-1.018699,IRQ,KOR,901832
9501597,110,121,9734,2018,27694.0,112350.0,1.355071,0.872822,ISR,KOR,901832
9501598,111,121,9734,2018,33769.0,1384686.0,1.3602530000000002,0.453607,ITA,KOR,901832
9501599,113,121,9734,2018,0.0,68586.0,-0.086895,0.283829,JOR,KOR,901832
9501600,114,121,9734,2018,9763503.0,3544224.0,2.514533,-0.416074,JPN,KOR,901832
9501601,115,121,9734,2018,0.0,211459.0,-0.483862,-0.667417,KAZ,KOR,901832
9501602,116,121,9734,2018,0.0,2022.0,-0.32707800000000004,0.71009,KEN,KOR,901832
9501603,117,121,9734,2018,0.0,14513.0,-0.141491,0.33161,KGZ,KOR,901832
9501604,118,121,9734,2018,0.0,43284.0,-0.45740299999999995,-0.575966,KHM,KOR,901832
9501605,122,121,9734,2018,0.0,192339.0,-0.668802,-1.154012,KWT,KOR,901832
9501606,123,121,9734,2018,0.0,5123.0,-0.788808,-0.8012670000000001,LAO,KOR,901832
9501607,124,121,9734,2018,0.0,44809.0,0.270554,0.9995149999999999,LBN,KOR,901832
9501608,126,121,9734,2018,0.0,18112.0,-1.608786,-1.231101,LBY,KOR,901832
9501609,128,121,9734,2018,0.0,3297.0,-0.544504,0.41074099999999997,LKA,KOR,901832
9501610,130,121,9734,2018,0.0,19919.0,0.964249,1.4050200000000002,LTU,KOR,901832
9501611,132,121,9734,2018,0.0,649800.0,0.707168,1.294297,LVA,KOR,901832
9501612,133,121,9734,2018,0.0,16568.0,0.44520299999999996,0.042491,MAC,KOR,901832
9501613,134,121,9734,2018,0.0,162647.0,-0.712775,-0.090013,MAR,KOR,901832
9501614,135,121,9734,2018,0.0,3937.0,-0.358412,-0.271334,MDA,KOR,901832
9501615,136,121,9734,2018,0.0,9670.0,-1.2144549999999998,-0.748326,MDG,KOR,901832
9501616,138,121,9734,2018,4373196.0,286407.0,1.00061,0.585759,MEX,KOR,901832
9501617,140,121,9734,2018,0.0,752.0,0.079976,-0.20256,MKD,KOR,901832
9501618,143,121,9734,2018,0.0,19288.0,-0.936467,-0.223413,MMR,KOR,901832
9501619,145,121,9734,2018,0.0,185555.0,-0.934398,-1.125105,MNG,KOR,901832
9501620,152,121,9734,2018,0.0,17262.0,-0.7015979999999999,-0.9293680000000001,MWI,KOR,901832
9501621,153,121,9734,2018,180310.0,1876155.0,1.122976,0.734109,MYS,KOR,901832
9501622,159,121,9734,2018,0.0,4211.0,-1.8238,-1.259938,NGA,KOR,901832
9501623,160,121,9734,2018,0.0,19498.0,-0.887282,-0.827008,NIC,KOR,901832
9501624,162,121,9734,2018,44362.0,63128.0,1.1478899999999999,1.454758,NLD,KOR,901832
9501625,163,121,9734,2018,0.0,18676.0,0.681639,0.021762,NOR,KOR,901832
9501626,164,121,9734,2018,0.0,6148.0,-0.252837,0.999258,NPL,KOR,901832
9501627,166,121,9734,2018,0.0,13289.0,0.21902600000000003,0.148714,NZL,KOR,901832
9501628,167,121,9734,2018,0.0,27434.0,-0.548048,-0.9972989999999999,OMN,KOR,901832
9501629,168,121,9734,2018,0.0,136584.0,-0.64348,0.665045,PAK,KOR,901832
9501630,173,121,9734,2018,0.0,280436.0,-0.6673060000000001,-0.183315,PER,KOR,901832
9501631,174,121,9734,2018,0.0,1446967.0,0.781409,0.22126700000000002,PHL,KOR,901832
9501632,176,121,9734,2018,0.0,1062.0,-1.7580360000000002,-1.239492,PNG,KOR,901832
9501633,177,121,9734,2018,62179.0,605377.0,1.132475,1.258945,POL,KOR,901832
9501634,179,121,9734,2018,0.0,15574.0,0.652628,2.211758,PRT,KOR,901832
9501635,180,121,9734,2018,0.0,32739.0,-0.614751,-0.952478,PRY,KOR,901832
9501636,181,121,9734,2018,0.0,9449.0,0.096402,0.735946,PSE,KOR,901832
9501637,183,121,9734,2018,0.0,94055.0,-0.068401,-1.014732,QAT,KOR,901832
9501638,185,121,9734,2018,0.0,90328.0,1.050715,1.04471,ROU,KOR,901832
9501639,186,121,9734,2018,10901.0,2369730.0,0.21398000000000003,0.100414,RUS,KOR,901832
9501640,188,121,9734,2018,0.0,400337.0,0.5801810000000001,-0.447514,SAU,KOR,901832
9501641,190,121,9734,2018,0.0,136772.0,-1.278532,-1.176008,SDN,KOR,901832
9501642,191,121,9734,2018,0.0,9702.0,-0.751378,-0.390573,SEN,KOR,901832
9501643,192,121,9734,2018,3704822.0,173977.0,1.914132,0.652011,SGP,KOR,901832
9501644,197,121,9734,2018,0.0,810.0,0.073928,0.22548600000000002,SLV,KOR,901832
9501645,201,121,9734,2018,0.0,43748.0,0.607486,1.2139389999999999,SRB,KOR,901832
9501646,206,121,9734,2018,0.0,46362.0,1.3270979999999999,0.877684,SVK,KOR,901832
9501647,208,121,9734,2018,86137.0,189655.0,1.76361,0.766904,SWE,KOR,901832
9501648,212,121,9734,2018,0.0,48750.0,-0.6836760000000001,0.554563,SYR,KOR,901832
9501649,216,121,9734,2018,10071015.0,1320557.0,1.053177,1.4084969999999999,THA,KOR,901832
9501650,217,121,9734,2018,0.0,121332.0,-0.757793,-1.0641209999999999,TJK,KOR,901832
9501651,223,121,9734,2018,0.0,62607.0,0.259778,1.187194,TUN,KOR,901832
9501652,224,121,9734,2018,4443.0,1447696.0,0.518721,2.5581419999999997,TUR,KOR,901832
9501653,226,121,9734,2018,0.0,6207.0,-0.09850700000000001,1.145606,TZA,KOR,901832
9501654,227,121,9734,2018,0.0,1043.0,-0.621049,-0.061448,UGA,KOR,901832
9501655,228,121,9734,2018,0.0,98484.0,0.337296,0.758675,UKR,KOR,901832
9501656,230,121,9734,2018,0.0,66233.0,-0.02056,-0.38911,URY,KOR,901832
9501657,231,121,9734,2018,2990768.0,33649856.0,1.585861,0.44815900000000003,USA,KOR,901832
9501658,232,121,9734,2018,0.0,151983.0,-0.591547,-0.429982,UZB,KOR,901832
9501659,239,121,9734,2018,1022206.0,713000.0,0.003069,0.9169729999999999,VNM,KOR,901832
9501660,243,121,9734,2018,0.0,37870.0,-1.3332899999999999,-1.200589,YEM,KOR,901832
9501661,246,121,9734,2018,0.0,246450.0,0.158722,1.394829,ZAF,KOR,901832
9501662,247,121,9734,2018,0.0,32814.0,-0.736064,-0.93958,ZMB,KOR,901832
9501663,249,121,9734,2018,45568.0,445637.0,2.0462540000000002,1.166636,TWN,KOR,901832
9501664,7,122,9734,2018,47560.0,0.0,0.11804400000000001,-0.326851,ARE,KWT,901832
9501665,18,122,9734,2018,1086052.0,0.0,1.270641,1.201063,BEL,KWT,901832
9501666,39,122,9734,2018,5886.0,0.0,0.666822,1.218593,CAN,KWT,901832
9501667,41,122,9734,2018,2750.0,0.0,2.2324330000000003,0.7801560000000001,CHE,KWT,901832
9501668,43,122,9734,2018,489954.0,0.0,1.200689,1.2822,CHN,KWT,901832
9501669,61,122,9734,2018,91094.0,0.0,2.109059,-2.428826,DEU,KWT,901832
9501670,64,122,9734,2018,754006.0,0.0,1.0945040000000001,1.3311540000000002,DNK,KWT,901832
9501671,71,122,9734,2018,947231.0,0.0,0.744825,2.919005,ESP,KWT,901832
9501672,77,122,9734,2018,12178.0,0.0,1.420819,0.7793770000000001,FRA,KWT,901832
9501673,81,122,9734,2018,32313.0,0.0,1.693008,0.768159,GBR,KWT,901832
9501674,104,122,9734,2018,10135.0,0.0,0.526015,2.448112,IND,KWT,901832
9501675,106,122,9734,2018,287557.0,0.0,1.262419,0.013576,IRL,KWT,901832
9501676,107,122,9734,2018,28460.0,0.0,-0.389954,-0.258156,IRN,KWT,901832
9501677,111,122,9734,2018,690235.0,0.0,1.3602530000000002,0.453607,ITA,KWT,901832
9501678,114,122,9734,2018,20932.0,0.0,2.514533,-0.416074,JPN,KWT,901832
9501679,121,122,9734,2018,192339.0,0.0,2.093866,0.764303,KOR,KWT,901832
9501680,153,122,9734,2018,2105.0,0.0,1.122976,0.734109,MYS,KWT,901832
9501681,162,122,9734,2018,7501.0,0.0,1.1478899999999999,1.454758,NLD,KWT,901832
9501682,163,122,9734,2018,3821.0,0.0,0.681639,0.021762,NOR,KWT,901832
9501683,208,122,9734,2018,21706.0,0.0,1.76361,0.766904,SWE,KWT,901832
9501684,216,122,9734,2018,8217.0,0.0,1.053177,1.4084969999999999,THA,KWT,901832
9501685,224,122,9734,2018,12220.0,0.0,0.518721,2.5581419999999997,TUR,KWT,901832
9501686,231,122,9734,2018,25900.0,0.0,1.585861,0.44815900000000003,USA,KWT,901832
9501687,239,122,9734,2018,20362.0,0.0,0.003069,0.9169729999999999,VNM,KWT,901832
9501688,16,130,9734,2018,0.0,10648.0,-1.144089,-1.224327,AZE,LTU,901832
9501689,18,130,9734,2018,1742723.0,0.0,1.270641,1.201063,BEL,LTU,901832
9501690,28,130,9734,2018,0.0,73757.0,0.850089,0.8332870000000001,BLR,LTU,901832
9501691,41,130,9734,2018,0.0,1390.0,2.2324330000000003,0.7801560000000001,CHE,LTU,901832
9501692,43,130,9734,2018,743033.0,0.0,1.200689,1.2822,CHN,LTU,901832
9501693,61,130,9734,2018,272916.0,46234.0,2.109059,-2.428826,DEU,LTU,901832
9501694,64,130,9734,2018,38575.0,0.0,1.0945040000000001,1.3311540000000002,DNK,LTU,901832
9501695,71,130,9734,2018,1546.0,0.0,0.744825,2.919005,ESP,LTU,901832
9501696,72,130,9734,2018,51569.0,81484.0,0.979986,1.2365899999999999,EST,LTU,901832
9501697,74,130,9734,2018,11468.0,0.0,1.61151,0.9474549999999999,FIN,LTU,901832
9501698,77,130,9734,2018,135119.0,0.0,1.420819,0.7793770000000001,FRA,LTU,901832
9501699,81,130,9734,2018,4883.0,3694.0,1.693008,0.768159,GBR,LTU,901832
9501700,97,130,9734,2018,1857.0,0.0,0.843677,1.656073,HKG,LTU,901832
9501701,102,130,9734,2018,386894.0,0.0,1.519662,0.833092,HUN,LTU,901832
9501702,104,130,9734,2018,7703.0,0.0,0.526015,2.448112,IND,LTU,901832
9501703,106,130,9734,2018,1382.0,0.0,1.262419,0.013576,IRL,LTU,901832
9501704,110,130,9734,2018,1799.0,0.0,1.355071,0.872822,ISR,LTU,901832
9501705,111,130,9734,2018,95374.0,20965.0,1.3602530000000002,0.453607,ITA,LTU,901832
9501706,114,130,9734,2018,4175.0,0.0,2.514533,-0.416074,JPN,LTU,901832
9501707,115,130,9734,2018,0.0,182406.0,-0.483862,-0.667417,KAZ,LTU,901832
9501708,121,130,9734,2018,19919.0,0.0,2.093866,0.764303,KOR,LTU,901832
9501709,132,130,9734,2018,308482.0,84467.0,0.707168,1.294297,LVA,LTU,901832
9501710,135,130,9734,2018,0.0,26401.0,-0.358412,-0.271334,MDA,LTU,901832
9501711,140,130,9734,2018,0.0,919.0,0.079976,-0.20256,MKD,LTU,901832
9501712,162,130,9734,2018,16601.0,35503.0,1.1478899999999999,1.454758,NLD,LTU,901832
9501713,177,130,9734,2018,106271.0,22760.0,1.132475,1.258945,POL,LTU,901832
9501714,185,130,9734,2018,13638.0,2578.0,1.050715,1.04471,ROU,LTU,901832
9501715,186,130,9734,2018,0.0,2973083.0,0.21398000000000003,0.100414,RUS,LTU,901832
9501716,206,130,9734,2018,928.0,0.0,1.3270979999999999,0.877684,SVK,LTU,901832
9501717,207,130,9734,2018,12228.0,0.0,1.67428,0.7703800000000001,SVN,LTU,901832
9501718,208,130,9734,2018,8781.0,0.0,1.76361,0.766904,SWE,LTU,901832
9501719,224,130,9734,2018,27040.0,17288.0,0.518721,2.5581419999999997,TUR,LTU,901832
9501720,228,130,9734,2018,20741.0,1717.0,0.337296,0.758675,UKR,LTU,901832
9501721,231,130,9734,2018,67928.0,0.0,1.585861,0.44815900000000003,USA,LTU,901832
9501722,232,130,9734,2018,0.0,12827.0,-0.591547,-0.429982,UZB,LTU,901832
9501723,7,138,9734,2018,0.0,68472.0,0.11804400000000001,-0.326851,ARE,MEX,901832
9501724,8,138,9734,2018,39328.0,107195.0,-0.14316800000000002,0.14356,ARG,MEX,901832
9501725,9,138,9734,2018,0.0,2620.0,-0.330516,-0.604744,ARM,MEX,901832
9501726,14,138,9734,2018,70924.0,143329.0,-0.29687199999999997,-0.123116,AUS,MEX,901832
9501727,15,138,9734,2018,2320.0,13760.0,1.774488,-0.21117800000000003,AUT,MEX,901832
9501728,18,138,9734,2018,706970.0,34229.0,1.270641,1.201063,BEL,MEX,901832
9501729,24,138,9734,2018,0.0,2537.0,0.318352,-0.69221,BHR,MEX,901832
9501730,25,138,9734,2018,0.0,9308.0,0.532998,-0.394906,BHS,MEX,901832
9501731,26,138,9734,2018,0.0,1504.0,0.526392,0.742398,BIH,MEX,901832
9501732,28,138,9734,2018,0.0,1374.0,0.850089,0.8332870000000001,BLR,MEX,901832
9501733,29,138,9734,2018,0.0,55499.0,-0.15867699999999998,-0.6393989999999999,BLZ,MEX,901832
9501734,31,138,9734,2018,0.0,72730.0,-1.153953,-1.070749,BOL,MEX,901832
9501735,32,138,9734,2018,12490356.0,308643.0,0.143397,0.582092,BRA,MEX,901832
9501736,33,138,9734,2018,0.0,521.0,0.487166,-0.129388,BRB,MEX,901832
9501737,39,138,9734,2018,54253.0,795369.0,0.666822,1.218593,CAN,MEX,901832
9501738,41,138,9734,2018,126031.0,277242.0,2.2324330000000003,0.7801560000000001,CHE,MEX,901832
9501739,42,138,9734,2018,8709.0,446087.0,-0.37677,-0.49605299999999997,CHL,MEX,901832
9501740,43,138,9734,2018,2576609.0,59685508.0,1.200689,1.2822,CHN,MEX,901832
9501741,49,138,9734,2018,23348.0,167394.0,0.20431,-0.15273699999999998,COL,MEX,901832
9501742,52,138,9734,2018,81460.0,306055.0,0.19386,0.05811,CRI,MEX,901832
9501743,54,138,9734,2018,0.0,239539.0,-0.8835629999999999,-1.15678,CUB,MEX,901832
9501744,59,138,9734,2018,52244.0,144858.0,1.841016,0.220806,CZE,MEX,901832
9501745,61,138,9734,2018,1580140.0,134793.0,2.109059,-2.428826,DEU,MEX,901832
9501746,64,138,9734,2018,2216584.0,0.0,1.0945040000000001,1.3311540000000002,DNK,MEX,901832
9501747,65,138,9734,2018,1876105.0,91098.0,-0.084258,0.474872,DOM,MEX,901832
9501748,67,138,9734,2018,0.0,231875.0,-0.873973,-1.032841,ECU,MEX,901832
9501749,71,138,9734,2018,10744.0,3153.0,0.744825,2.919005,ESP,MEX,901832
9501750,74,138,9734,2018,0.0,1943.0,1.61151,0.9474549999999999,FIN,MEX,901832
9501751,77,138,9734,2018,616580.0,206756.0,1.420819,0.7793770000000001,FRA,MEX,901832
9501752,81,138,9734,2018,79285.0,30583.0,1.693008,0.768159,GBR,MEX,901832
9501753,93,138,9734,2018,0.0,109018.0,-0.362668,0.520826,GTM,MEX,901832
9501754,96,138,9734,2018,0.0,1045.0,-0.841458,-0.9803280000000001,GUY,MEX,901832
9501755,97,138,9734,2018,14845.0,0.0,0.843677,1.656073,HKG,MEX,901832
9501756,99,138,9734,2018,0.0,90135.0,-0.523738,-0.193198,HND,MEX,901832
9501757,102,138,9734,2018,0.0,27851.0,1.519662,0.833092,HUN,MEX,901832
9501758,103,138,9734,2018,0.0,8572.0,-0.10130499999999999,1.2414209999999999,IDN,MEX,901832
9501759,104,138,9734,2018,974417.0,735612.0,0.526015,2.448112,IND,MEX,901832
9501760,106,138,9734,2018,389679.0,8417.0,1.262419,0.013576,IRL,MEX,901832
9501761,109,138,9734,2018,0.0,1395.0,0.252338,-0.341319,ISL,MEX,901832
9501762,110,138,9734,2018,83640.0,245209.0,1.355071,0.872822,ISR,MEX,901832
9501763,111,138,9734,2018,520366.0,13711.0,1.3602530000000002,0.453607,ITA,MEX,901832
9501764,112,138,9734,2018,0.0,12599.0,-0.339328,-0.8756659999999999,JAM,MEX,901832
9501765,114,138,9734,2018,1273845.0,0.0,2.514533,-0.416074,JPN,MEX,901832
9501766,115,138,9734,2018,0.0,2678.0,-0.483862,-0.667417,KAZ,MEX,901832
9501767,116,138,9734,2018,0.0,1122.0,-0.32707800000000004,0.71009,KEN,MEX,901832
9501768,121,138,9734,2018,286407.0,4373196.0,2.093866,0.764303,KOR,MEX,901832
9501769,124,138,9734,2018,0.0,11484.0,0.270554,0.9995149999999999,LBN,MEX,901832
9501770,140,138,9734,2018,0.0,906.0,0.079976,-0.20256,MKD,MEX,901832
9501771,145,138,9734,2018,0.0,29155.0,-0.934398,-1.125105,MNG,MEX,901832
9501772,153,138,9734,2018,79418.0,23224.0,1.122976,0.734109,MYS,MEX,901832
9501773,160,138,9734,2018,0.0,159064.0,-0.887282,-0.827008,NIC,MEX,901832
9501774,162,138,9734,2018,3456.0,0.0,1.1478899999999999,1.454758,NLD,MEX,901832
9501775,163,138,9734,2018,0.0,28386.0,0.681639,0.021762,NOR,MEX,901832
9501776,166,138,9734,2018,0.0,8727.0,0.21902600000000003,0.148714,NZL,MEX,901832
9501777,168,138,9734,2018,1489.0,0.0,-0.64348,0.665045,PAK,MEX,901832
9501778,169,138,9734,2018,0.0,221524.0,0.104326,-0.11611800000000001,PAN,MEX,901832
9501779,174,138,9734,2018,97909.0,0.0,0.781409,0.22126700000000002,PHL,MEX,901832
9501780,177,138,9734,2018,1840.0,189746.0,1.132475,1.258945,POL,MEX,901832
9501781,186,138,9734,2018,0.0,891407.0,0.21398000000000003,0.100414,RUS,MEX,901832
9501782,188,138,9734,2018,0.0,6431.0,0.5801810000000001,-0.447514,SAU,MEX,901832
9501783,192,138,9734,2018,1026476.0,7777.0,1.914132,0.652011,SGP,MEX,901832
9501784,197,138,9734,2018,0.0,77369.0,0.073928,0.22548600000000002,SLV,MEX,901832
9501785,206,138,9734,2018,21318.0,4703.0,1.3270979999999999,0.877684,SVK,MEX,901832
9501786,207,138,9734,2018,0.0,2662.0,1.67428,0.7703800000000001,SVN,MEX,901832
9501787,208,138,9734,2018,3133.0,0.0,1.76361,0.766904,SWE,MEX,901832
9501788,216,138,9734,2018,469227.0,4132009.0,1.053177,1.4084969999999999,THA,MEX,901832
9501789,223,138,9734,2018,0.0,26440.0,0.259778,1.187194,TUN,MEX,901832
9501790,224,138,9734,2018,0.0,78520.0,0.518721,2.5581419999999997,TUR,MEX,901832
9501791,228,138,9734,2018,0.0,27108.0,0.337296,0.758675,UKR,MEX,901832
9501792,230,138,9734,2018,0.0,17354.0,-0.02056,-0.38911,URY,MEX,901832
9501793,231,138,9734,2018,119467640.0,51358996.0,1.585861,0.44815900000000003,USA,MEX,901832
9501794,239,138,9734,2018,1669765.0,1235.0,0.003069,0.9169729999999999,VNM,MEX,901832
9501795,246,138,9734,2018,0.0,110485.0,0.158722,1.394829,ZAF,MEX,901832
9501796,249,138,9734,2018,0.0,568842.0,2.0462540000000002,1.166636,TWN,MEX,901832
9501797,7,153,9734,2018,0.0,1420.0,0.11804400000000001,-0.326851,ARE,MYS,901832
9501798,8,153,9734,2018,0.0,24475.0,-0.14316800000000002,0.14356,ARG,MYS,901832
9501799,9,153,9734,2018,0.0,1599.0,-0.330516,-0.604744,ARM,MYS,901832
9501800,14,153,9734,2018,46737.0,149861.0,-0.29687199999999997,-0.123116,AUS,MYS,901832
9501801,15,153,9734,2018,3763.0,19107.0,1.774488,-0.21117800000000003,AUT,MYS,901832
9501802,18,153,9734,2018,19177.0,0.0,1.270641,1.201063,BEL,MYS,901832
9501803,22,153,9734,2018,0.0,209079.0,-0.899467,-0.9823719999999999,BGD,MYS,901832
9501804,28,153,9734,2018,0.0,5276.0,0.850089,0.8332870000000001,BLR,MYS,901832
9501805,32,153,9734,2018,0.0,613842.0,0.143397,0.582092,BRA,MYS,901832
9501806,33,153,9734,2018,0.0,15677.0,0.487166,-0.129388,BRB,MYS,901832
9501807,34,153,9734,2018,0.0,13365.0,0.562198,-0.774457,BRN,MYS,901832
9501808,39,153,9734,2018,343977.0,97047.0,0.666822,1.218593,CAN,MYS,901832
9501809,41,153,9734,2018,15667.0,288283.0,2.2324330000000003,0.7801560000000001,CHE,MYS,901832
9501810,42,153,9734,2018,0.0,137314.0,-0.37677,-0.49605299999999997,CHL,MYS,901832
9501811,43,153,9734,2018,1384964.0,24512844.0,1.200689,1.2822,CHN,MYS,901832
9501812,49,153,9734,2018,0.0,1208346.0,0.20431,-0.15273699999999998,COL,MYS,901832
9501813,59,153,9734,2018,0.0,147338.0,1.841016,0.220806,CZE,MYS,901832
9501814,61,153,9734,2018,219834.0,1797752.0,2.109059,-2.428826,DEU,MYS,901832
9501815,64,153,9734,2018,787871.0,0.0,1.0945040000000001,1.3311540000000002,DNK,MYS,901832
9501816,65,153,9734,2018,0.0,49714.0,-0.084258,0.474872,DOM,MYS,901832
9501817,67,153,9734,2018,0.0,428175.0,-0.873973,-1.032841,ECU,MYS,901832
9501818,71,153,9734,2018,4749.0,0.0,0.744825,2.919005,ESP,MYS,901832
9501819,74,153,9734,2018,0.0,146675.0,1.61151,0.9474549999999999,FIN,MYS,901832
9501820,77,153,9734,2018,45970.0,812413.0,1.420819,0.7793770000000001,FRA,MYS,901832
9501821,81,153,9734,2018,30009.0,0.0,1.693008,0.768159,GBR,MYS,901832
9501822,90,153,9734,2018,1867.0,0.0,0.059539999999999996,1.0321879999999999,GRC,MYS,901832
9501823,97,153,9734,2018,6977.0,58633.0,0.843677,1.656073,HKG,MYS,901832
9501824,99,153,9734,2018,0.0,5485.0,-0.523738,-0.193198,HND,MYS,901832
9501825,103,153,9734,2018,513027.0,21578.0,-0.10130499999999999,1.2414209999999999,IDN,MYS,901832
9501826,104,153,9734,2018,378541.0,423522.0,0.526015,2.448112,IND,MYS,901832
9501827,106,153,9734,2018,155913.0,1453.0,1.262419,0.013576,IRL,MYS,901832
9501828,109,153,9734,2018,0.0,7455.0,0.252338,-0.341319,ISL,MYS,901832
9501829,110,153,9734,2018,0.0,42408.0,1.355071,0.872822,ISR,MYS,901832
9501830,111,153,9734,2018,64150.0,205481.0,1.3602530000000002,0.453607,ITA,MYS,901832
9501831,114,153,9734,2018,2005204.0,4572006.0,2.514533,-0.416074,JPN,MYS,901832
9501832,115,153,9734,2018,0.0,67418.0,-0.483862,-0.667417,KAZ,MYS,901832
9501833,121,153,9734,2018,1876155.0,180310.0,2.093866,0.764303,KOR,MYS,901832
9501834,122,153,9734,2018,0.0,2105.0,-0.668802,-1.154012,KWT,MYS,901832
9501835,127,153,9734,2018,0.0,11045.0,0.18656,-0.143406,LCA,MYS,901832
9501836,133,153,9734,2018,0.0,45741.0,0.44520299999999996,0.042491,MAC,MYS,901832
9501837,134,153,9734,2018,0.0,8803.0,-0.712775,-0.090013,MAR,MYS,901832
9501838,138,153,9734,2018,23224.0,79418.0,1.00061,0.585759,MEX,MYS,901832
9501839,140,153,9734,2018,0.0,117.0,0.079976,-0.20256,MKD,MYS,901832
9501840,151,153,9734,2018,0.0,4956.0,-0.128221,0.15049400000000002,MUS,MYS,901832
9501841,162,153,9734,2018,46762.0,107046.0,1.1478899999999999,1.454758,NLD,MYS,901832
9501842,163,153,9734,2018,0.0,33960.0,0.681639,0.021762,NOR,MYS,901832
9501843,166,153,9734,2018,0.0,256350.0,0.21902600000000003,0.148714,NZL,MYS,901832
9501844,167,153,9734,2018,0.0,1865.0,-0.548048,-0.9972989999999999,OMN,MYS,901832
9501845,173,153,9734,2018,0.0,127939.0,-0.6673060000000001,-0.183315,PER,MYS,901832
9501846,174,153,9734,2018,2210253.0,55372.0,0.781409,0.22126700000000002,PHL,MYS,901832
9501847,177,153,9734,2018,1343.0,20027.0,1.132475,1.258945,POL,MYS,901832
9501848,182,153,9734,2018,0.0,868.0,0.21430300000000002,-0.484076,PYF,MYS,901832
9501849,186,153,9734,2018,0.0,932948.0,0.21398000000000003,0.100414,RUS,MYS,901832
9501850,192,153,9734,2018,945511.0,1045971.0,1.914132,0.652011,SGP,MYS,901832
9501851,197,153,9734,2018,0.0,2898.0,0.073928,0.22548600000000002,SLV,MYS,901832
9501852,206,153,9734,2018,125485.0,3755.0,1.3270979999999999,0.877684,SVK,MYS,901832
9501853,207,153,9734,2018,0.0,301663.0,1.67428,0.7703800000000001,SVN,MYS,901832
9501854,208,153,9734,2018,75407.0,0.0,1.76361,0.766904,SWE,MYS,901832
9501855,216,153,9734,2018,111162.0,32785.0,1.053177,1.4084969999999999,THA,MYS,901832
9501856,223,153,9734,2018,0.0,32578.0,0.259778,1.187194,TUN,MYS,901832
9501857,224,153,9734,2018,24846.0,226789.0,0.518721,2.5581419999999997,TUR,MYS,901832
9501858,228,153,9734,2018,2444.0,116013.0,0.337296,0.758675,UKR,MYS,901832
9501859,231,153,9734,2018,309822.0,2850790.0,1.585861,0.44815900000000003,USA,MYS,901832
9501860,239,153,9734,2018,18697.0,101285.0,0.003069,0.9169729999999999,VNM,MYS,901832
9501861,242,153,9734,2018,0.0,16380.0,0.336421,0.186474,WSM,MYS,901832
9501862,246,153,9734,2018,0.0,111032.0,0.158722,1.394829,ZAF,MYS,901832
9501863,249,153,9734,2018,39732.0,793893.0,2.0462540000000002,1.166636,TWN,MYS,901832
9501864,32,160,9734,2018,62420.0,0.0,0.143397,0.582092,BRA,NIC,901832
9501865,43,160,9734,2018,168137.0,0.0,1.200689,1.2822,CHN,NIC,901832
9501866,49,160,9734,2018,8605.0,0.0,0.20431,-0.15273699999999998,COL,NIC,901832
9501867,52,160,9734,2018,0.0,11273.0,0.19386,0.05811,CRI,NIC,901832
9501868,61,160,9734,2018,1632.0,0.0,2.109059,-2.428826,DEU,NIC,901832
9501869,64,160,9734,2018,2387.0,0.0,1.0945040000000001,1.3311540000000002,DNK,NIC,901832
9501870,65,160,9734,2018,2377.0,0.0,-0.084258,0.474872,DOM,NIC,901832
9501871,71,160,9734,2018,5365.0,0.0,0.744825,2.919005,ESP,NIC,901832
9501872,77,160,9734,2018,1971.0,0.0,1.420819,0.7793770000000001,FRA,NIC,901832
9501873,81,160,9734,2018,22543.0,0.0,1.693008,0.768159,GBR,NIC,901832
9501874,104,160,9734,2018,382187.0,0.0,0.526015,2.448112,IND,NIC,901832
9501875,106,160,9734,2018,867.0,0.0,1.262419,0.013576,IRL,NIC,901832
9501876,111,160,9734,2018,770.0,0.0,1.3602530000000002,0.453607,ITA,NIC,901832
9501877,114,160,9734,2018,73427.0,0.0,2.514533,-0.416074,JPN,NIC,901832
9501878,121,160,9734,2018,19498.0,0.0,2.093866,0.764303,KOR,NIC,901832
9501879,138,160,9734,2018,159064.0,0.0,1.00061,0.585759,MEX,NIC,901832
9501880,168,160,9734,2018,1324.0,0.0,-0.64348,0.665045,PAK,NIC,901832
9501881,216,160,9734,2018,1156.0,0.0,1.053177,1.4084969999999999,THA,NIC,901832
9501882,231,160,9734,2018,430583.0,1525752.0,1.585861,0.44815900000000003,USA,NIC,901832
9501883,0,162,9734,2018,0.0,7365.0,0.8710549999999999,0.084402,ABW,NLD,901832
9501884,1,162,9734,2018,0.0,3197.0,-1.267508,-0.8494940000000001,AFG,NLD,901832
9501885,7,162,9734,2018,0.0,272598.0,0.11804400000000001,-0.326851,ARE,NLD,901832
9501886,8,162,9734,2018,0.0,24110.0,-0.14316800000000002,0.14356,ARG,NLD,901832
9501887,9,162,9734,2018,0.0,6003.0,-0.330516,-0.604744,ARM,NLD,901832
9501888,14,162,9734,2018,11788.0,835559.0,-0.29687199999999997,-0.123116,AUS,NLD,901832
9501889,15,162,9734,2018,149645.0,960529.0,1.774488,-0.21117800000000003,AUT,NLD,901832
9501890,18,162,9734,2018,7045794.0,2863565.0,1.270641,1.201063,BEL,NLD,901832
9501891,20,162,9734,2018,0.0,1203.0,0.952758,-0.631328,BES,NLD,901832
9501892,23,162,9734,2018,0.0,131296.0,0.571226,1.836856,BGR,NLD,901832
9501893,24,162,9734,2018,0.0,5447.0,0.318352,-0.69221,BHR,NLD,901832
9501894,25,162,9734,2018,0.0,29274.0,0.532998,-0.394906,BHS,NLD,901832
9501895,26,162,9734,2018,0.0,6087.0,0.526392,0.742398,BIH,NLD,901832
9501896,28,162,9734,2018,0.0,3834.0,0.850089,0.8332870000000001,BLR,NLD,901832
9501897,32,162,9734,2018,0.0,174320.0,0.143397,0.582092,BRA,NLD,901832
9501898,39,162,9734,2018,230949.0,37281.0,0.666822,1.218593,CAN,NLD,901832
9501899,41,162,9734,2018,650026.0,792962.0,2.2324330000000003,0.7801560000000001,CHE,NLD,901832
9501900,42,162,9734,2018,0.0,30595.0,-0.37677,-0.49605299999999997,CHL,NLD,901832
9501901,43,162,9734,2018,3916802.0,721145.0,1.200689,1.2822,CHN,NLD,901832
9501902,46,162,9734,2018,0.0,2714.0,-1.743034,-1.20446,COD,NLD,901832
9501903,49,162,9734,2018,0.0,19792.0,0.20431,-0.15273699999999998,COL,NLD,901832
9501904,52,162,9734,2018,272622.0,2135.0,0.19386,0.05811,CRI,NLD,901832
9501905,55,162,9734,2018,0.0,1105.0,0.8093,-0.325347,CUW,NLD,901832
9501906,58,162,9734,2018,904.0,38203.0,0.45442,-0.113303,CYP,NLD,901832
9501907,59,162,9734,2018,23379.0,137526.0,1.841016,0.220806,CZE,NLD,901832
9501908,61,162,9734,2018,18865178.0,9355830.0,2.109059,-2.428826,DEU,NLD,901832
9501909,64,162,9734,2018,1033166.0,1997119.0,1.0945040000000001,1.3311540000000002,DNK,NLD,901832
9501910,68,162,9734,2018,0.0,31401.0,-0.096635,1.585658,EGY,NLD,901832
9501911,71,162,9734,2018,310086.0,1404280.0,0.744825,2.919005,ESP,NLD,901832
9501912,72,162,9734,2018,66349.0,97834.0,0.979986,1.2365899999999999,EST,NLD,901832
9501913,74,162,9734,2018,7651.0,274415.0,1.61151,0.9474549999999999,FIN,NLD,901832
9501914,77,162,9734,2018,651486.0,5166038.0,1.420819,0.7793770000000001,FRA,NLD,901832
9501915,81,162,9734,2018,1621147.0,4357882.0,1.693008,0.768159,GBR,NLD,901832
9501916,82,162,9734,2018,0.0,1296.0,-0.049871,-0.28439899999999996,GEO,NLD,901832
9501917,90,162,9734,2018,3200.0,167143.0,0.059539999999999996,1.0321879999999999,GRC,NLD,901832
9501918,93,162,9734,2018,0.0,4691.0,-0.362668,0.520826,GTM,NLD,901832
9501919,97,162,9734,2018,4528.0,65896.0,0.843677,1.656073,HKG,NLD,901832
9501920,100,162,9734,2018,3025.0,70893.0,0.7923720000000001,1.4047209999999999,HRV,NLD,901832
9501921,101,162,9734,2018,0.0,3721.0,-0.914545,-0.890601,HTI,NLD,901832
9501922,102,162,9734,2018,96867.0,348221.0,1.519662,0.833092,HUN,NLD,901832
9501923,103,162,9734,2018,0.0,6946.0,-0.10130499999999999,1.2414209999999999,IDN,NLD,901832
9501924,104,162,9734,2018,553662.0,136674.0,0.526015,2.448112,IND,NLD,901832
9501925,106,162,9734,2018,521744.0,1358981.0,1.262419,0.013576,IRL,NLD,901832
9501926,107,162,9734,2018,0.0,68346.0,-0.389954,-0.258156,IRN,NLD,901832
9501927,108,162,9734,2018,0.0,4158.0,-1.7504400000000002,-1.018699,IRQ,NLD,901832
9501928,109,162,9734,2018,0.0,31637.0,0.252338,-0.341319,ISL,NLD,901832
9501929,110,162,9734,2018,1162287.0,378526.0,1.355071,0.872822,ISR,NLD,901832
9501930,111,162,9734,2018,281138.0,1242105.0,1.3602530000000002,0.453607,ITA,NLD,901832
9501931,112,162,9734,2018,0.0,8765.0,-0.339328,-0.8756659999999999,JAM,NLD,901832
9501932,113,162,9734,2018,0.0,26596.0,-0.086895,0.283829,JOR,NLD,901832
9501933,114,162,9734,2018,5020787.0,461645.0,2.514533,-0.416074,JPN,NLD,901832
9501934,115,162,9734,2018,0.0,1534.0,-0.483862,-0.667417,KAZ,NLD,901832
9501935,116,162,9734,2018,0.0,12347.0,-0.32707800000000004,0.71009,KEN,NLD,901832
9501936,121,162,9734,2018,63128.0,44362.0,2.093866,0.764303,KOR,NLD,901832
9501937,122,162,9734,2018,0.0,7501.0,-0.668802,-1.154012,KWT,NLD,901832
9501938,124,162,9734,2018,0.0,126712.0,0.270554,0.9995149999999999,LBN,NLD,901832
9501939,128,162,9734,2018,0.0,34434.0,-0.544504,0.41074099999999997,LKA,NLD,901832
9501940,130,162,9734,2018,35503.0,16601.0,0.964249,1.4050200000000002,LTU,NLD,901832
9501941,131,162,9734,2018,4170.0,114490.0,1.1142889999999999,1.306066,LUX,NLD,901832
9501942,132,162,9734,2018,3622.0,140804.0,0.707168,1.294297,LVA,NLD,901832
9501943,134,162,9734,2018,0.0,6434.0,-0.712775,-0.090013,MAR,NLD,901832
9501944,135,162,9734,2018,0.0,20800.0,-0.358412,-0.271334,MDA,NLD,901832
9501945,138,162,9734,2018,0.0,3456.0,1.00061,0.585759,MEX,NLD,901832
9501946,140,162,9734,2018,27341.0,5426.0,0.079976,-0.20256,MKD,NLD,901832
9501947,142,162,9734,2018,0.0,30353.0,0.9621219999999999,0.257289,MLT,NLD,901832
9501948,144,162,9734,2018,0.0,10339.0,0.332495,0.124258,MNE,NLD,901832
9501949,153,162,9734,2018,107046.0,46762.0,1.122976,0.734109,MYS,NLD,901832
9501950,156,162,9734,2018,0.0,1200.0,-0.49370299999999995,-0.865432,NCL,NLD,901832
9501951,157,162,9734,2018,0.0,1141.0,-0.633115,-0.839564,NER,NLD,901832
9501952,163,162,9734,2018,11029.0,67668.0,0.681639,0.021762,NOR,NLD,901832
9501953,164,162,9734,2018,0.0,1675.0,-0.252837,0.999258,NPL,NLD,901832
9501954,167,162,9734,2018,0.0,14658.0,-0.548048,-0.9972989999999999,OMN,NLD,901832
9501955,168,162,9734,2018,0.0,3449.0,-0.64348,0.665045,PAK,NLD,901832
9501956,169,162,9734,2018,0.0,38601.0,0.104326,-0.11611800000000001,PAN,NLD,901832
9501957,173,162,9734,2018,0.0,29572.0,-0.6673060000000001,-0.183315,PER,NLD,901832
9501958,177,162,9734,2018,2376269.0,1839730.0,1.132475,1.258945,POL,NLD,901832
9501959,179,162,9734,2018,81991.0,127121.0,0.652628,2.211758,PRT,NLD,901832
9501960,180,162,9734,2018,0.0,11968.0,-0.614751,-0.952478,PRY,NLD,901832
9501961,181,162,9734,2018,0.0,11584.0,0.096402,0.735946,PSE,NLD,901832
9501962,182,162,9734,2018,0.0,1756.0,0.21430300000000002,-0.484076,PYF,NLD,901832
9501963,183,162,9734,2018,0.0,34746.0,-0.068401,-1.014732,QAT,NLD,901832
9501964,185,162,9734,2018,14635.0,81045.0,1.050715,1.04471,ROU,NLD,901832
9501965,186,162,9734,2018,1040.0,243279.0,0.21398000000000003,0.100414,RUS,NLD,901832
9501966,187,162,9734,2018,0.0,4018.0,-0.618925,-0.788172,RWA,NLD,901832
9501967,188,162,9734,2018,11757.0,431514.0,0.5801810000000001,-0.447514,SAU,NLD,901832
9501968,190,162,9734,2018,0.0,6687.0,-1.278532,-1.176008,SDN,NLD,901832
9501969,192,162,9734,2018,2593.0,27728.0,1.914132,0.652011,SGP,NLD,901832
9501970,195,162,9734,2018,0.0,2874.0,-1.246494,-0.998495,SLB,NLD,901832
9501971,199,162,9734,2018,0.0,2314.0,-1.4787370000000002,-1.050578,SOM,NLD,901832
9501972,201,162,9734,2018,0.0,10182.0,0.607486,1.2139389999999999,SRB,NLD,901832
9501973,205,162,9734,2018,0.0,33488.0,-0.798074,-1.023046,SUR,NLD,901832
9501974,206,162,9734,2018,5342.0,95075.0,1.3270979999999999,0.877684,SVK,NLD,901832
9501975,207,162,9734,2018,66288.0,69559.0,1.67428,0.7703800000000001,SVN,NLD,901832
9501976,208,162,9734,2018,332296.0,1461823.0,1.76361,0.766904,SWE,NLD,901832
9501977,212,162,9734,2018,0.0,1691.0,-0.6836760000000001,0.554563,SYR,NLD,901832
9501978,214,162,9734,2018,0.0,1815.0,-1.845707,-1.032018,TCD,NLD,901832
9501979,216,162,9734,2018,604474.0,37310.0,1.053177,1.4084969999999999,THA,NLD,901832
9501980,217,162,9734,2018,0.0,1380.0,-0.757793,-1.0641209999999999,TJK,NLD,901832
9501981,222,162,9734,2018,0.0,29940.0,-0.281617,-1.009652,TTO,NLD,901832
9501982,223,162,9734,2018,0.0,3786.0,0.259778,1.187194,TUN,NLD,901832
9501983,224,162,9734,2018,350952.0,135865.0,0.518721,2.5581419999999997,TUR,NLD,901832
9501984,226,162,9734,2018,0.0,2963.0,-0.09850700000000001,1.145606,TZA,NLD,901832
9501985,228,162,9734,2018,0.0,5500.0,0.337296,0.758675,UKR,NLD,901832
9501986,231,162,9734,2018,8112556.0,576984.0,1.585861,0.44815900000000003,USA,NLD,901832
9501987,232,162,9734,2018,0.0,8204.0,-0.591547,-0.429982,UZB,NLD,901832
9501988,239,162,9734,2018,0.0,21631.0,0.003069,0.9169729999999999,VNM,NLD,901832
9501989,243,162,9734,2018,0.0,3161.0,-1.3332899999999999,-1.200589,YEM,NLD,901832
9501990,246,162,9734,2018,2275.0,1305861.0,0.158722,1.394829,ZAF,NLD,901832
9501991,247,162,9734,2018,0.0,32949.0,-0.736064,-0.93958,ZMB,NLD,901832
9501992,249,162,9734,2018,225647.0,6015.0,2.0462540000000002,1.166636,TWN,NLD,901832
9501993,14,163,9734,2018,803.0,1228.0,-0.29687199999999997,-0.123116,AUS,NOR,901832
9501994,15,163,9734,2018,9219.0,0.0,1.774488,-0.21117800000000003,AUT,NOR,901832
9501995,18,163,9734,2018,12623.0,13698.0,1.270641,1.201063,BEL,NOR,901832
9501996,39,163,9734,2018,149539.0,4610.0,0.666822,1.218593,CAN,NOR,901832
9501997,41,163,9734,2018,41879.0,15531.0,2.2324330000000003,0.7801560000000001,CHE,NOR,901832
9501998,42,163,9734,2018,0.0,3363.0,-0.37677,-0.49605299999999997,CHL,NOR,901832
9501999,43,163,9734,2018,13629.0,108739.0,1.200689,1.2822,CHN,NOR,901832
9502000,52,163,9734,2018,87208.0,0.0,0.19386,0.05811,CRI,NOR,901832
9502001,61,163,9734,2018,674069.0,271011.0,2.109059,-2.428826,DEU,NOR,901832
9502002,64,163,9734,2018,593888.0,49432.0,1.0945040000000001,1.3311540000000002,DNK,NOR,901832
9502003,71,163,9734,2018,29021.0,0.0,0.744825,2.919005,ESP,NOR,901832
9502004,72,163,9734,2018,7347.0,0.0,0.979986,1.2365899999999999,EST,NOR,901832
9502005,74,163,9734,2018,266710.0,3648.0,1.61151,0.9474549999999999,FIN,NOR,901832
9502006,77,163,9734,2018,68910.0,9120.0,1.420819,0.7793770000000001,FRA,NOR,901832
9502007,81,163,9734,2018,76662.0,0.0,1.693008,0.768159,GBR,NOR,901832
9502008,106,163,9734,2018,2216614.0,0.0,1.262419,0.013576,IRL,NOR,901832
9502009,107,163,9734,2018,27445.0,0.0,-0.389954,-0.258156,IRN,NOR,901832
9502010,108,163,9734,2018,0.0,1411.0,-1.7504400000000002,-1.018699,IRQ,NOR,901832
9502011,109,163,9734,2018,0.0,3500.0,0.252338,-0.341319,ISL,NOR,901832
9502012,110,163,9734,2018,10628.0,0.0,1.355071,0.872822,ISR,NOR,901832
9502013,111,163,9734,2018,7549.0,0.0,1.3602530000000002,0.453607,ITA,NOR,901832
9502014,114,163,9734,2018,325463.0,0.0,2.514533,-0.416074,JPN,NOR,901832
9502015,121,163,9734,2018,18676.0,0.0,2.093866,0.764303,KOR,NOR,901832
9502016,122,163,9734,2018,0.0,3821.0,-0.668802,-1.154012,KWT,NOR,901832
9502017,132,163,9734,2018,1601.0,0.0,0.707168,1.294297,LVA,NOR,901832
9502018,138,163,9734,2018,28386.0,0.0,1.00061,0.585759,MEX,NOR,901832
9502019,153,163,9734,2018,33960.0,0.0,1.122976,0.734109,MYS,NOR,901832
9502020,162,163,9734,2018,67668.0,11029.0,1.1478899999999999,1.454758,NLD,NOR,901832
9502021,168,163,9734,2018,1743.0,0.0,-0.64348,0.665045,PAK,NOR,901832
9502022,174,163,9734,2018,705.0,0.0,0.781409,0.22126700000000002,PHL,NOR,901832
9502023,177,163,9734,2018,19015.0,0.0,1.132475,1.258945,POL,NOR,901832
9502024,185,163,9734,2018,1105.0,172191.0,1.050715,1.04471,ROU,NOR,901832
9502025,192,163,9734,2018,76720.0,0.0,1.914132,0.652011,SGP,NOR,901832
9502026,208,163,9734,2018,681644.0,34113.0,1.76361,0.766904,SWE,NOR,901832
9502027,216,163,9734,2018,23650.0,0.0,1.053177,1.4084969999999999,THA,NOR,901832
9502028,231,163,9734,2018,110584.0,2297.0,1.585861,0.44815900000000003,USA,NOR,901832
9502029,239,163,9734,2018,3440.0,0.0,0.003069,0.9169729999999999,VNM,NOR,901832
9502030,249,163,9734,2018,57062.0,0.0,2.0462540000000002,1.166636,TWN,NOR,901832
9502031,8,166,9734,2018,0.0,856.0,-0.14316800000000002,0.14356,ARG,NZL,901832
9502032,14,166,9734,2018,761527.0,10934.0,-0.29687199999999997,-0.123116,AUS,NZL,901832
9502033,15,166,9734,2018,8146.0,0.0,1.774488,-0.21117800000000003,AUT,NZL,901832
9502034,39,166,9734,2018,5668.0,0.0,0.666822,1.218593,CAN,NZL,901832
9502035,41,166,9734,2018,2667.0,0.0,2.2324330000000003,0.7801560000000001,CHE,NZL,901832
9502036,43,166,9734,2018,501760.0,0.0,1.200689,1.2822,CHN,NZL,901832
9502037,52,166,9734,2018,25826.0,0.0,0.19386,0.05811,CRI,NZL,901832
9502038,59,166,9734,2018,9980.0,0.0,1.841016,0.220806,CZE,NZL,901832
9502039,61,166,9734,2018,68690.0,0.0,2.109059,-2.428826,DEU,NZL,901832
9502040,64,166,9734,2018,58534.0,0.0,1.0945040000000001,1.3311540000000002,DNK,NZL,901832
9502041,65,166,9734,2018,948.0,0.0,-0.084258,0.474872,DOM,NZL,901832
9502042,67,166,9734,2018,0.0,13375.0,-0.873973,-1.032841,ECU,NZL,901832
9502043,71,166,9734,2018,28746.0,0.0,0.744825,2.919005,ESP,NZL,901832
9502044,72,166,9734,2018,0.0,1357.0,0.979986,1.2365899999999999,EST,NZL,901832
9502045,74,166,9734,2018,2312.0,0.0,1.61151,0.9474549999999999,FIN,NZL,901832
9502046,75,166,9734,2018,0.0,6095.0,-0.269185,0.006362,FJI,NZL,901832
9502047,77,166,9734,2018,46898.0,7187.0,1.420819,0.7793770000000001,FRA,NZL,901832
9502048,81,166,9734,2018,39658.0,0.0,1.693008,0.768159,GBR,NZL,901832
9502049,97,166,9734,2018,36733.0,0.0,0.843677,1.656073,HKG,NZL,901832
9502050,104,166,9734,2018,19418.0,0.0,0.526015,2.448112,IND,NZL,901832
9502051,106,166,9734,2018,293562.0,0.0,1.262419,0.013576,IRL,NZL,901832
9502052,110,166,9734,2018,32466.0,0.0,1.355071,0.872822,ISR,NZL,901832
9502053,111,166,9734,2018,33227.0,0.0,1.3602530000000002,0.453607,ITA,NZL,901832
9502054,114,166,9734,2018,256038.0,0.0,2.514533,-0.416074,JPN,NZL,901832
9502055,121,166,9734,2018,13289.0,0.0,2.093866,0.764303,KOR,NZL,901832
9502056,138,166,9734,2018,8727.0,0.0,1.00061,0.585759,MEX,NZL,901832
9502057,145,166,9734,2018,0.0,2559.0,-0.934398,-1.125105,MNG,NZL,901832
9502058,153,166,9734,2018,256350.0,0.0,1.122976,0.734109,MYS,NZL,901832
9502059,174,166,9734,2018,69885.0,0.0,0.781409,0.22126700000000002,PHL,NZL,901832
9502060,177,166,9734,2018,0.0,11777.0,1.132475,1.258945,POL,NZL,901832
9502061,192,166,9734,2018,592167.0,0.0,1.914132,0.652011,SGP,NZL,901832
9502062,208,166,9734,2018,8069.0,0.0,1.76361,0.766904,SWE,NZL,901832
9502063,216,166,9734,2018,24359.0,0.0,1.053177,1.4084969999999999,THA,NZL,901832
9502064,224,166,9734,2018,167532.0,0.0,0.518721,2.5581419999999997,TUR,NZL,901832
9502065,226,166,9734,2018,0.0,6091.0,-0.09850700000000001,1.145606,TZA,NZL,901832
9502066,231,166,9734,2018,44944.0,232813.0,1.585861,0.44815900000000003,USA,NZL,901832
9502067,239,166,9734,2018,10196.0,0.0,0.003069,0.9169729999999999,VNM,NZL,901832
9502068,242,166,9734,2018,0.0,5393.0,0.336421,0.186474,WSM,NZL,901832
9502069,249,166,9734,2018,22255.0,0.0,2.0462540000000002,1.166636,TWN,NZL,901832
9502070,15,169,9734,2018,0.0,1540.0,1.774488,-0.21117800000000003,AUT,PAN,901832
9502071,18,169,9734,2018,364394.0,0.0,1.270641,1.201063,BEL,PAN,901832
9502072,33,169,9734,2018,0.0,8884.0,0.487166,-0.129388,BRB,PAN,901832
9502073,39,169,9734,2018,8801.0,0.0,0.666822,1.218593,CAN,PAN,901832
9502074,41,169,9734,2018,2953.0,0.0,2.2324330000000003,0.7801560000000001,CHE,PAN,901832
9502075,42,169,9734,2018,0.0,34082.0,-0.37677,-0.49605299999999997,CHL,PAN,901832
9502076,43,169,9734,2018,165391.0,0.0,1.200689,1.2822,CHN,PAN,901832
9502077,49,169,9734,2018,1262.0,0.0,0.20431,-0.15273699999999998,COL,PAN,901832
9502078,52,169,9734,2018,0.0,25662.0,0.19386,0.05811,CRI,PAN,901832
9502079,61,169,9734,2018,83666.0,0.0,2.109059,-2.428826,DEU,PAN,901832
9502080,64,169,9734,2018,164990.0,0.0,1.0945040000000001,1.3311540000000002,DNK,PAN,901832
9502081,65,169,9734,2018,0.0,1453.0,-0.084258,0.474872,DOM,PAN,901832
9502082,77,169,9734,2018,15992.0,0.0,1.420819,0.7793770000000001,FRA,PAN,901832
9502083,83,169,9734,2018,0.0,5640.0,-0.956109,-0.861556,GHA,PAN,901832
9502084,93,169,9734,2018,0.0,83816.0,-0.362668,0.520826,GTM,PAN,901832
9502085,96,169,9734,2018,0.0,6036.0,-0.841458,-0.9803280000000001,GUY,PAN,901832
9502086,138,169,9734,2018,221524.0,0.0,1.00061,0.585759,MEX,PAN,901832
9502087,162,169,9734,2018,38601.0,0.0,1.1478899999999999,1.454758,NLD,PAN,901832
9502088,231,169,9734,2018,1558532.0,0.0,1.585861,0.44815900000000003,USA,PAN,901832
9502089,8,173,9734,2018,22243.0,0.0,-0.14316800000000002,0.14356,ARG,PER,901832
9502090,14,173,9734,2018,7393.0,0.0,-0.29687199999999997,-0.123116,AUS,PER,901832
9502091,31,173,9734,2018,0.0,2377.0,-1.153953,-1.070749,BOL,PER,901832
9502092,32,173,9734,2018,2623.0,1382.0,0.143397,0.582092,BRA,PER,901832
9502093,41,173,9734,2018,11284.0,0.0,2.2324330000000003,0.7801560000000001,CHE,PER,901832
9502094,43,173,9734,2018,1277359.0,0.0,1.200689,1.2822,CHN,PER,901832
9502095,49,173,9734,2018,11367.0,0.0,0.20431,-0.15273699999999998,COL,PER,901832
9502096,52,173,9734,2018,6802.0,0.0,0.19386,0.05811,CRI,PER,901832
9502097,61,173,9734,2018,724191.0,0.0,2.109059,-2.428826,DEU,PER,901832
9502098,64,173,9734,2018,12712.0,0.0,1.0945040000000001,1.3311540000000002,DNK,PER,901832
9502099,71,173,9734,2018,37864.0,0.0,0.744825,2.919005,ESP,PER,901832
9502100,77,173,9734,2018,11511.0,0.0,1.420819,0.7793770000000001,FRA,PER,901832
9502101,81,173,9734,2018,280748.0,0.0,1.693008,0.768159,GBR,PER,901832
9502102,104,173,9734,2018,625403.0,0.0,0.526015,2.448112,IND,PER,901832
9502103,106,173,9734,2018,142647.0,0.0,1.262419,0.013576,IRL,PER,901832
9502104,111,173,9734,2018,37113.0,0.0,1.3602530000000002,0.453607,ITA,PER,901832
9502105,114,173,9734,2018,184257.0,0.0,2.514533,-0.416074,JPN,PER,901832
9502106,121,173,9734,2018,280436.0,0.0,2.093866,0.764303,KOR,PER,901832
9502107,153,173,9734,2018,127939.0,0.0,1.122976,0.734109,MYS,PER,901832
9502108,162,173,9734,2018,29572.0,0.0,1.1478899999999999,1.454758,NLD,PER,901832
9502109,192,173,9734,2018,1343.0,0.0,1.914132,0.652011,SGP,PER,901832
9502110,216,173,9734,2018,22206.0,0.0,1.053177,1.4084969999999999,THA,PER,901832
9502111,224,173,9734,2018,18947.0,0.0,0.518721,2.5581419999999997,TUR,PER,901832
9502112,231,173,9734,2018,940815.0,24343.0,1.585861,0.44815900000000003,USA,PER,901832
9502113,239,173,9734,2018,159930.0,0.0,0.003069,0.9169729999999999,VNM,PER,901832
9502114,249,173,9734,2018,10502.0,0.0,2.0462540000000002,1.166636,TWN,PER,901832
9502115,7,174,9734,2018,0.0,73238.0,0.11804400000000001,-0.326851,ARE,PHL,901832
9502116,8,174,9734,2018,0.0,488782.0,-0.14316800000000002,0.14356,ARG,PHL,901832
9502117,9,174,9734,2018,0.0,838.0,-0.330516,-0.604744,ARM,PHL,901832
9502118,14,174,9734,2018,0.0,564553.0,-0.29687199999999997,-0.123116,AUS,PHL,901832
9502119,15,174,9734,2018,0.0,46980.0,1.774488,-0.21117800000000003,AUT,PHL,901832
9502120,18,174,9734,2018,404800.0,2042545.0,1.270641,1.201063,BEL,PHL,901832
9502121,32,174,9734,2018,0.0,62318.0,0.143397,0.582092,BRA,PHL,901832
9502122,33,174,9734,2018,0.0,1683.0,0.487166,-0.129388,BRB,PHL,901832
9502123,34,174,9734,2018,0.0,10384.0,0.562198,-0.774457,BRN,PHL,901832
9502124,39,174,9734,2018,0.0,343878.0,0.666822,1.218593,CAN,PHL,901832
9502125,41,174,9734,2018,0.0,1981262.0,2.2324330000000003,0.7801560000000001,CHE,PHL,901832
9502126,42,174,9734,2018,0.0,28244.0,-0.37677,-0.49605299999999997,CHL,PHL,901832
9502127,43,174,9734,2018,1448340.0,13345.0,1.200689,1.2822,CHN,PHL,901832
9502128,59,174,9734,2018,0.0,69446.0,1.841016,0.220806,CZE,PHL,901832
9502129,61,174,9734,2018,68029.0,2142208.0,2.109059,-2.428826,DEU,PHL,901832
9502130,64,174,9734,2018,145774.0,0.0,1.0945040000000001,1.3311540000000002,DNK,PHL,901832
9502131,65,174,9734,2018,0.0,4618.0,-0.084258,0.474872,DOM,PHL,901832
9502132,71,174,9734,2018,0.0,23709.0,0.744825,2.919005,ESP,PHL,901832
9502133,77,174,9734,2018,3637.0,394912.0,1.420819,0.7793770000000001,FRA,PHL,901832
9502134,81,174,9734,2018,13367.0,0.0,1.693008,0.768159,GBR,PHL,901832
9502135,97,174,9734,2018,24624.0,0.0,0.843677,1.656073,HKG,PHL,901832
9502136,103,174,9734,2018,16867.0,743624.0,-0.10130499999999999,1.2414209999999999,IDN,PHL,901832
9502137,104,174,9734,2018,55017.0,69302.0,0.526015,2.448112,IND,PHL,901832
9502138,111,174,9734,2018,21062.0,0.0,1.3602530000000002,0.453607,ITA,PHL,901832
9502139,114,174,9734,2018,6563244.0,6987357.0,2.514533,-0.416074,JPN,PHL,901832
9502140,121,174,9734,2018,1446967.0,0.0,2.093866,0.764303,KOR,PHL,901832
9502141,138,174,9734,2018,0.0,97909.0,1.00061,0.585759,MEX,PHL,901832
9502142,153,174,9734,2018,55372.0,2210253.0,1.122976,0.734109,MYS,PHL,901832
9502143,163,174,9734,2018,0.0,705.0,0.681639,0.021762,NOR,PHL,901832
9502144,166,174,9734,2018,0.0,69885.0,0.21902600000000003,0.148714,NZL,PHL,901832
9502145,175,174,9734,2018,0.0,1227.0,0.07495,-0.8339719999999999,PLW,PHL,901832
9502146,186,174,9734,2018,0.0,5352.0,0.21398000000000003,0.100414,RUS,PHL,901832
9502147,188,174,9734,2018,0.0,111375.0,0.5801810000000001,-0.447514,SAU,PHL,901832
9502148,192,174,9734,2018,2472589.0,12911.0,1.914132,0.652011,SGP,PHL,901832
9502149,208,174,9734,2018,9592.0,0.0,1.76361,0.766904,SWE,PHL,901832
9502150,209,174,9734,2018,2513.0,2351.0,-0.008154999999999999,-0.6079319999999999,SWZ,PHL,901832
9502151,216,174,9734,2018,19978.0,1443245.0,1.053177,1.4084969999999999,THA,PHL,901832
9502152,224,174,9734,2018,6019.0,78902.0,0.518721,2.5581419999999997,TUR,PHL,901832
9502153,228,174,9734,2018,0.0,1898.0,0.337296,0.758675,UKR,PHL,901832
9502154,231,174,9734,2018,8540.0,5841582.0,1.585861,0.44815900000000003,USA,PHL,901832
9502155,239,174,9734,2018,43173.0,330411.0,0.003069,0.9169729999999999,VNM,PHL,901832
9502156,246,174,9734,2018,0.0,123624.0,0.158722,1.394829,ZAF,PHL,901832
9502157,249,174,9734,2018,248974.0,110105.0,2.0462540000000002,1.166636,TWN,PHL,901832
9502158,2,177,9734,2018,0.0,1866.0,-1.489191,-1.213992,AGO,POL,901832
9502159,4,177,9734,2018,0.0,1389.0,-0.456481,-0.139655,ALB,POL,901832
9502160,7,177,9734,2018,0.0,358826.0,0.11804400000000001,-0.326851,ARE,POL,901832
9502161,14,177,9734,2018,0.0,171631.0,-0.29687199999999997,-0.123116,AUS,POL,901832
9502162,15,177,9734,2018,9624.0,1703133.0,1.774488,-0.21117800000000003,AUT,POL,901832
9502163,16,177,9734,2018,0.0,92720.0,-1.144089,-1.224327,AZE,POL,901832
9502164,18,177,9734,2018,491812.0,117174.0,1.270641,1.201063,BEL,POL,901832
9502165,23,177,9734,2018,0.0,47051.0,0.571226,1.836856,BGR,POL,901832
9502166,24,177,9734,2018,0.0,2611.0,0.318352,-0.69221,BHR,POL,901832
9502167,26,177,9734,2018,0.0,28772.0,0.526392,0.742398,BIH,POL,901832
9502168,28,177,9734,2018,0.0,139449.0,0.850089,0.8332870000000001,BLR,POL,901832
9502169,32,177,9734,2018,0.0,273086.0,0.143397,0.582092,BRA,POL,901832
9502170,39,177,9734,2018,0.0,207858.0,0.666822,1.218593,CAN,POL,901832
9502171,41,177,9734,2018,412696.0,1496689.0,2.2324330000000003,0.7801560000000001,CHE,POL,901832
9502172,42,177,9734,2018,0.0,20081.0,-0.37677,-0.49605299999999997,CHL,POL,901832
9502173,43,177,9734,2018,3609621.0,555718.0,1.200689,1.2822,CHN,POL,901832
9502174,52,177,9734,2018,0.0,6402.0,0.19386,0.05811,CRI,POL,901832
9502175,58,177,9734,2018,0.0,1061.0,0.45442,-0.113303,CYP,POL,901832
9502176,59,177,9734,2018,11726.0,589794.0,1.841016,0.220806,CZE,POL,901832
9502177,61,177,9734,2018,3882727.0,11959053.0,2.109059,-2.428826,DEU,POL,901832
9502178,64,177,9734,2018,834609.0,10433.0,1.0945040000000001,1.3311540000000002,DNK,POL,901832
9502179,65,177,9734,2018,0.0,5858.0,-0.084258,0.474872,DOM,POL,901832
9502180,68,177,9734,2018,0.0,103438.0,-0.096635,1.585658,EGY,POL,901832
9502181,71,177,9734,2018,535270.0,861979.0,0.744825,2.919005,ESP,POL,901832
9502182,72,177,9734,2018,0.0,2634.0,0.979986,1.2365899999999999,EST,POL,901832
9502183,74,177,9734,2018,25094.0,49123.0,1.61151,0.9474549999999999,FIN,POL,901832
9502184,77,177,9734,2018,682731.0,281294.0,1.420819,0.7793770000000001,FRA,POL,901832
9502185,81,177,9734,2018,87889.0,748708.0,1.693008,0.768159,GBR,POL,901832
9502186,82,177,9734,2018,0.0,1288.0,-0.049871,-0.28439899999999996,GEO,POL,901832
9502187,90,177,9734,2018,0.0,7895.0,0.059539999999999996,1.0321879999999999,GRC,POL,901832
9502188,97,177,9734,2018,11949.0,23414.0,0.843677,1.656073,HKG,POL,901832
9502189,100,177,9734,2018,0.0,23126.0,0.7923720000000001,1.4047209999999999,HRV,POL,901832
9502190,102,177,9734,2018,0.0,103520.0,1.519662,0.833092,HUN,POL,901832
9502191,104,177,9734,2018,161166.0,16483.0,0.526015,2.448112,IND,POL,901832
9502192,106,177,9734,2018,584128.0,243207.0,1.262419,0.013576,IRL,POL,901832
9502193,107,177,9734,2018,0.0,282894.0,-0.389954,-0.258156,IRN,POL,901832
9502194,110,177,9734,2018,8994.0,94037.0,1.355071,0.872822,ISR,POL,901832
9502195,111,177,9734,2018,1108358.0,1875710.0,1.3602530000000002,0.453607,ITA,POL,901832
9502196,114,177,9734,2018,1815889.0,0.0,2.514533,-0.416074,JPN,POL,901832
9502197,115,177,9734,2018,0.0,53917.0,-0.483862,-0.667417,KAZ,POL,901832
9502198,116,177,9734,2018,0.0,3356.0,-0.32707800000000004,0.71009,KEN,POL,901832
9502199,117,177,9734,2018,0.0,1810.0,-0.141491,0.33161,KGZ,POL,901832
9502200,121,177,9734,2018,605377.0,62179.0,2.093866,0.764303,KOR,POL,901832
9502201,124,177,9734,2018,0.0,1929.0,0.270554,0.9995149999999999,LBN,POL,901832
9502202,130,177,9734,2018,22760.0,106271.0,0.964249,1.4050200000000002,LTU,POL,901832
9502203,131,177,9734,2018,0.0,6563.0,1.1142889999999999,1.306066,LUX,POL,901832
9502204,132,177,9734,2018,0.0,20533.0,0.707168,1.294297,LVA,POL,901832
9502205,133,177,9734,2018,0.0,10930.0,0.44520299999999996,0.042491,MAC,POL,901832
9502206,137,177,9734,2018,0.0,1173.0,-0.577527,-0.952098,MDV,POL,901832
9502207,138,177,9734,2018,189746.0,1840.0,1.00061,0.585759,MEX,POL,901832
9502208,140,177,9734,2018,0.0,3010.0,0.079976,-0.20256,MKD,POL,901832
9502209,142,177,9734,2018,0.0,5410.0,0.9621219999999999,0.257289,MLT,POL,901832
9502210,153,177,9734,2018,20027.0,1343.0,1.122976,0.734109,MYS,POL,901832
9502211,159,177,9734,2018,0.0,5232.0,-1.8238,-1.259938,NGA,POL,901832
9502212,162,177,9734,2018,1839730.0,2376269.0,1.1478899999999999,1.454758,NLD,POL,901832
9502213,163,177,9734,2018,0.0,19015.0,0.681639,0.021762,NOR,POL,901832
9502214,164,177,9734,2018,0.0,5697.0,-0.252837,0.999258,NPL,POL,901832
9502215,166,177,9734,2018,11777.0,0.0,0.21902600000000003,0.148714,NZL,POL,901832
9502216,167,177,9734,2018,0.0,36004.0,-0.548048,-0.9972989999999999,OMN,POL,901832
9502217,168,177,9734,2018,0.0,11373.0,-0.64348,0.665045,PAK,POL,901832
9502218,179,177,9734,2018,17563.0,197734.0,0.652628,2.211758,PRT,POL,901832
9502219,182,177,9734,2018,0.0,645.0,0.21430300000000002,-0.484076,PYF,POL,901832
9502220,183,177,9734,2018,0.0,57061.0,-0.068401,-1.014732,QAT,POL,901832
9502221,185,177,9734,2018,18657.0,139940.0,1.050715,1.04471,ROU,POL,901832
9502222,186,177,9734,2018,0.0,196967.0,0.21398000000000003,0.100414,RUS,POL,901832
9502223,188,177,9734,2018,0.0,466497.0,0.5801810000000001,-0.447514,SAU,POL,901832
9502224,192,177,9734,2018,152689.0,4859.0,1.914132,0.652011,SGP,POL,901832
9502225,201,177,9734,2018,6643.0,19124.0,0.607486,1.2139389999999999,SRB,POL,901832
9502226,206,177,9734,2018,93142.0,198448.0,1.3270979999999999,0.877684,SVK,POL,901832
9502227,207,177,9734,2018,4945.0,17196.0,1.67428,0.7703800000000001,SVN,POL,901832
9502228,208,177,9734,2018,51939.0,242418.0,1.76361,0.766904,SWE,POL,901832
9502229,216,177,9734,2018,223808.0,13567.0,1.053177,1.4084969999999999,THA,POL,901832
9502230,224,177,9734,2018,173383.0,22162.0,0.518721,2.5581419999999997,TUR,POL,901832
9502231,228,177,9734,2018,7988.0,645196.0,0.337296,0.758675,UKR,POL,901832
9502232,231,177,9734,2018,321838.0,3644468.0,1.585861,0.44815900000000003,USA,POL,901832
9502233,239,177,9734,2018,201485.0,13870.0,0.003069,0.9169729999999999,VNM,POL,901832
9502234,246,177,9734,2018,0.0,17355.0,0.158722,1.394829,ZAF,POL,901832
9502235,249,177,9734,2018,12925.0,2409.0,2.0462540000000002,1.166636,TWN,POL,901832
9502236,2,179,9734,2018,0.0,498048.0,-1.489191,-1.213992,AGO,PRT,901832
9502237,7,179,9734,2018,0.0,631199.0,0.11804400000000001,-0.326851,ARE,PRT,901832
9502238,15,179,9734,2018,20660.0,1930.0,1.774488,-0.21117800000000003,AUT,PRT,901832
9502239,18,179,9734,2018,194615.0,11314.0,1.270641,1.201063,BEL,PRT,901832
9502240,39,179,9734,2018,20452.0,0.0,0.666822,1.218593,CAN,PRT,901832
9502241,41,179,9734,2018,132151.0,6839.0,2.2324330000000003,0.7801560000000001,CHE,PRT,901832
9502242,43,179,9734,2018,222994.0,7564.0,1.200689,1.2822,CHN,PRT,901832
9502243,51,179,9734,2018,0.0,105802.0,-0.319064,-0.8615659999999999,CPV,PRT,901832
9502244,59,179,9734,2018,0.0,48625.0,1.841016,0.220806,CZE,PRT,901832
9502245,61,179,9734,2018,340449.0,458631.0,2.109059,-2.428826,DEU,PRT,901832
9502246,64,179,9734,2018,58401.0,0.0,1.0945040000000001,1.3311540000000002,DNK,PRT,901832
9502247,71,179,9734,2018,1449108.0,102780.0,0.744825,2.919005,ESP,PRT,901832
9502248,74,179,9734,2018,7847.0,0.0,1.61151,0.9474549999999999,FIN,PRT,901832
9502249,77,179,9734,2018,236583.0,5805.0,1.420819,0.7793770000000001,FRA,PRT,901832
9502250,81,179,9734,2018,110621.0,113664.0,1.693008,0.768159,GBR,PRT,901832
9502251,85,179,9734,2018,0.0,1628.0,-1.036697,-1.1562860000000001,GIN,PRT,901832
9502252,88,179,9734,2018,0.0,2000.0,-2.260375,-1.038929,GNB,PRT,901832
9502253,89,179,9734,2018,0.0,9289.0,-2.017117,-0.975924,GNQ,PRT,901832
9502254,90,179,9734,2018,0.0,8346.0,0.059539999999999996,1.0321879999999999,GRC,PRT,901832
9502255,97,179,9734,2018,5665.0,0.0,0.843677,1.656073,HKG,PRT,901832
9502256,100,179,9734,2018,46200.0,0.0,0.7923720000000001,1.4047209999999999,HRV,PRT,901832
9502257,102,179,9734,2018,0.0,67960.0,1.519662,0.833092,HUN,PRT,901832
9502258,104,179,9734,2018,24976.0,0.0,0.526015,2.448112,IND,PRT,901832
9502259,106,179,9734,2018,1798.0,4742.0,1.262419,0.013576,IRL,PRT,901832
9502260,111,179,9734,2018,433321.0,19793.0,1.3602530000000002,0.453607,ITA,PRT,901832
9502261,114,179,9734,2018,8202.0,0.0,2.514533,-0.416074,JPN,PRT,901832
9502262,121,179,9734,2018,15574.0,0.0,2.093866,0.764303,KOR,PRT,901832
9502263,147,179,9734,2018,0.0,10128.0,-1.380023,-1.027817,MOZ,PRT,901832
9502264,162,179,9734,2018,127121.0,81991.0,1.1478899999999999,1.454758,NLD,PRT,901832
9502265,177,179,9734,2018,197734.0,17563.0,1.132475,1.258945,POL,PRT,901832
9502266,203,179,9734,2018,0.0,3836.0,1.426999,-0.039189999999999996,STP,PRT,901832
9502267,206,179,9734,2018,12592.0,14282.0,1.3270979999999999,0.877684,SVK,PRT,901832
9502268,207,179,9734,2018,4041.0,0.0,1.67428,0.7703800000000001,SVN,PRT,901832
9502269,208,179,9734,2018,95781.0,0.0,1.76361,0.766904,SWE,PRT,901832
9502270,228,179,9734,2018,2227.0,0.0,0.337296,0.758675,UKR,PRT,901832
9502271,231,179,9734,2018,5873.0,53233.0,1.585861,0.44815900000000003,USA,PRT,901832
9502272,249,179,9734,2018,1679.0,0.0,2.0462540000000002,1.166636,TWN,PRT,901832
9502273,32,180,9734,2018,22584.0,427368.0,0.143397,0.582092,BRA,PRY,901832
9502274,43,180,9734,2018,800982.0,0.0,1.200689,1.2822,CHN,PRY,901832
9502275,61,180,9734,2018,29349.0,0.0,2.109059,-2.428826,DEU,PRY,901832
9502276,64,180,9734,2018,5565.0,0.0,1.0945040000000001,1.3311540000000002,DNK,PRY,901832
9502277,71,180,9734,2018,38265.0,0.0,0.744825,2.919005,ESP,PRY,901832
9502278,77,180,9734,2018,8019.0,0.0,1.420819,0.7793770000000001,FRA,PRY,901832
9502279,104,180,9734,2018,1094.0,0.0,0.526015,2.448112,IND,PRY,901832
9502280,111,180,9734,2018,13908.0,0.0,1.3602530000000002,0.453607,ITA,PRY,901832
9502281,114,180,9734,2018,148819.0,0.0,2.514533,-0.416074,JPN,PRY,901832
9502282,121,180,9734,2018,32739.0,0.0,2.093866,0.764303,KOR,PRY,901832
9502283,162,180,9734,2018,11968.0,0.0,1.1478899999999999,1.454758,NLD,PRY,901832
9502284,231,180,9734,2018,195571.0,0.0,1.585861,0.44815900000000003,USA,PRY,901832
9502285,7,188,9734,2018,6489.0,0.0,0.11804400000000001,-0.326851,ARE,SAU,901832
9502286,15,188,9734,2018,6544.0,0.0,1.774488,-0.21117800000000003,AUT,SAU,901832
9502287,18,188,9734,2018,8089686.0,1959.0,1.270641,1.201063,BEL,SAU,901832
9502288,24,188,9734,2018,5074.0,6383.0,0.318352,-0.69221,BHR,SAU,901832
9502289,39,188,9734,2018,2206.0,0.0,0.666822,1.218593,CAN,SAU,901832
9502290,41,188,9734,2018,91514.0,6234.0,2.2324330000000003,0.7801560000000001,CHE,SAU,901832
9502291,43,188,9734,2018,829432.0,0.0,1.200689,1.2822,CHN,SAU,901832
9502292,61,188,9734,2018,566587.0,6162.0,2.109059,-2.428826,DEU,SAU,901832
9502293,64,188,9734,2018,1262700.0,0.0,1.0945040000000001,1.3311540000000002,DNK,SAU,901832
9502294,71,188,9734,2018,1875.0,0.0,0.744825,2.919005,ESP,SAU,901832
9502295,74,188,9734,2018,1268.0,0.0,1.61151,0.9474549999999999,FIN,SAU,901832
9502296,77,188,9734,2018,319439.0,0.0,1.420819,0.7793770000000001,FRA,SAU,901832
9502297,81,188,9734,2018,99898.0,0.0,1.693008,0.768159,GBR,SAU,901832
9502298,90,188,9734,2018,87301.0,0.0,0.059539999999999996,1.0321879999999999,GRC,SAU,901832
9502299,93,188,9734,2018,3939.0,0.0,-0.362668,0.520826,GTM,SAU,901832
9502300,102,188,9734,2018,4086.0,0.0,1.519662,0.833092,HUN,SAU,901832
9502301,103,188,9734,2018,19796.0,0.0,-0.10130499999999999,1.2414209999999999,IDN,SAU,901832
9502302,104,188,9734,2018,274261.0,0.0,0.526015,2.448112,IND,SAU,901832
9502303,106,188,9734,2018,5071968.0,0.0,1.262419,0.013576,IRL,SAU,901832
9502304,111,188,9734,2018,230207.0,5208.0,1.3602530000000002,0.453607,ITA,SAU,901832
9502305,114,188,9734,2018,251602.0,0.0,2.514533,-0.416074,JPN,SAU,901832
9502306,121,188,9734,2018,400337.0,0.0,2.093866,0.764303,KOR,SAU,901832
9502307,138,188,9734,2018,6431.0,0.0,1.00061,0.585759,MEX,SAU,901832
9502308,162,188,9734,2018,431514.0,11757.0,1.1478899999999999,1.454758,NLD,SAU,901832
9502309,174,188,9734,2018,111375.0,0.0,0.781409,0.22126700000000002,PHL,SAU,901832
9502310,177,188,9734,2018,466497.0,0.0,1.132475,1.258945,POL,SAU,901832
9502311,192,188,9734,2018,29838.0,0.0,1.914132,0.652011,SGP,SAU,901832
9502312,208,188,9734,2018,37132.0,0.0,1.76361,0.766904,SWE,SAU,901832
9502313,216,188,9734,2018,64732.0,0.0,1.053177,1.4084969999999999,THA,SAU,901832
9502314,224,188,9734,2018,111709.0,4008.0,0.518721,2.5581419999999997,TUR,SAU,901832
9502315,228,188,9734,2018,1483.0,1354.0,0.337296,0.758675,UKR,SAU,901832
9502316,231,188,9734,2018,355378.0,0.0,1.585861,0.44815900000000003,USA,SAU,901832
9502317,239,188,9734,2018,432207.0,0.0,0.003069,0.9169729999999999,VNM,SAU,901832
9502318,249,188,9734,2018,66471.0,0.0,2.0462540000000002,1.166636,TWN,SAU,901832
9502319,250,188,9734,2018,30933.0,0.0,0.809991,-0.368737,ANS,SAU,901832
9502320,7,190,9734,2018,72086.0,0.0,0.11804400000000001,-0.326851,ARE,SDN,901832
9502321,43,190,9734,2018,171262.0,0.0,1.200689,1.2822,CHN,SDN,901832
9502322,61,190,9734,2018,104325.0,0.0,2.109059,-2.428826,DEU,SDN,901832
9502323,64,190,9734,2018,6445.0,0.0,1.0945040000000001,1.3311540000000002,DNK,SDN,901832
9502324,68,190,9734,2018,5845.0,0.0,-0.096635,1.585658,EGY,SDN,901832
9502325,71,190,9734,2018,3748.0,0.0,0.744825,2.919005,ESP,SDN,901832
9502326,104,190,9734,2018,25326.0,0.0,0.526015,2.448112,IND,SDN,901832
9502327,121,190,9734,2018,136772.0,0.0,2.093866,0.764303,KOR,SDN,901832
9502328,162,190,9734,2018,6687.0,0.0,1.1478899999999999,1.454758,NLD,SDN,901832
9502329,224,190,9734,2018,52369.0,0.0,0.518721,2.5581419999999997,TUR,SDN,901832
9502330,2,192,9734,2018,0.0,3453.0,-1.489191,-1.213992,AGO,SGP,901832
9502331,7,192,9734,2018,0.0,129354.0,0.11804400000000001,-0.326851,ARE,SGP,901832
9502332,8,192,9734,2018,0.0,12393.0,-0.14316800000000002,0.14356,ARG,SGP,901832
9502333,14,192,9734,2018,3277639.0,2509277.0,-0.29687199999999997,-0.123116,AUS,SGP,901832
9502334,15,192,9734,2018,0.0,15585.0,1.774488,-0.21117800000000003,AUT,SGP,901832
9502335,18,192,9734,2018,20982.0,1556714.0,1.270641,1.201063,BEL,SGP,901832
9502336,22,192,9734,2018,0.0,246258.0,-0.899467,-0.9823719999999999,BGD,SGP,901832
9502337,28,192,9734,2018,0.0,55872.0,0.850089,0.8332870000000001,BLR,SGP,901832
9502338,32,192,9734,2018,0.0,72246.0,0.143397,0.582092,BRA,SGP,901832
9502339,34,192,9734,2018,0.0,31280.0,0.562198,-0.774457,BRN,SGP,901832
9502340,39,192,9734,2018,22820.0,791434.0,0.666822,1.218593,CAN,SGP,901832
9502341,41,192,9734,2018,125660.0,31073.0,2.2324330000000003,0.7801560000000001,CHE,SGP,901832
9502342,43,192,9734,2018,1711613.0,10137912.0,1.200689,1.2822,CHN,SGP,901832
9502343,49,192,9734,2018,0.0,1632.0,0.20431,-0.15273699999999998,COL,SGP,901832
9502344,52,192,9734,2018,25843.0,0.0,0.19386,0.05811,CRI,SGP,901832
9502345,59,192,9734,2018,0.0,15510.0,1.841016,0.220806,CZE,SGP,901832
9502346,61,192,9734,2018,231015.0,250300.0,2.109059,-2.428826,DEU,SGP,901832
9502347,64,192,9734,2018,557277.0,0.0,1.0945040000000001,1.3311540000000002,DNK,SGP,901832
9502348,65,192,9734,2018,6296.0,0.0,-0.084258,0.474872,DOM,SGP,901832
9502349,68,192,9734,2018,0.0,113496.0,-0.096635,1.585658,EGY,SGP,901832
9502350,71,192,9734,2018,297821.0,91110.0,0.744825,2.919005,ESP,SGP,901832
9502351,73,192,9734,2018,0.0,2434.0,-0.874857,-0.464958,ETH,SGP,901832
9502352,74,192,9734,2018,1154.0,6233.0,1.61151,0.9474549999999999,FIN,SGP,901832
9502353,77,192,9734,2018,10032.0,3413992.0,1.420819,0.7793770000000001,FRA,SGP,901832
9502354,81,192,9734,2018,70767.0,3671450.0,1.693008,0.768159,GBR,SGP,901832
9502355,82,192,9734,2018,2817.0,0.0,-0.049871,-0.28439899999999996,GEO,SGP,901832
9502356,97,192,9734,2018,18653.0,350689.0,0.843677,1.656073,HKG,SGP,901832
9502357,102,192,9734,2018,0.0,1518294.0,1.519662,0.833092,HUN,SGP,901832
9502358,103,192,9734,2018,0.0,2487174.0,-0.10130499999999999,1.2414209999999999,IDN,SGP,901832
9502359,104,192,9734,2018,558033.0,9659279.0,0.526015,2.448112,IND,SGP,901832
9502360,106,192,9734,2018,922084.0,8251168.0,1.262419,0.013576,IRL,SGP,901832
9502361,110,192,9734,2018,33685.0,683292.0,1.355071,0.872822,ISR,SGP,901832
9502362,111,192,9734,2018,0.0,81331.0,1.3602530000000002,0.453607,ITA,SGP,901832
9502363,114,192,9734,2018,6828090.0,320650.0,2.514533,-0.416074,JPN,SGP,901832
9502364,115,192,9734,2018,0.0,8205.0,-0.483862,-0.667417,KAZ,SGP,901832
9502365,118,192,9734,2018,0.0,15792.0,-0.45740299999999995,-0.575966,KHM,SGP,901832
9502366,121,192,9734,2018,173977.0,3704822.0,2.093866,0.764303,KOR,SGP,901832
9502367,123,192,9734,2018,0.0,9265.0,-0.788808,-0.8012670000000001,LAO,SGP,901832
9502368,128,192,9734,2018,0.0,83453.0,-0.544504,0.41074099999999997,LKA,SGP,901832
9502369,133,192,9734,2018,0.0,3296.0,0.44520299999999996,0.042491,MAC,SGP,901832
9502370,137,192,9734,2018,0.0,1164.0,-0.577527,-0.952098,MDV,SGP,901832
9502371,138,192,9734,2018,7777.0,1026476.0,1.00061,0.585759,MEX,SGP,901832
9502372,139,192,9734,2018,0.0,1202.0,0.03022,-0.7880520000000001,MHL,SGP,901832
9502373,140,192,9734,2018,0.0,12280.0,0.079976,-0.20256,MKD,SGP,901832
9502374,143,192,9734,2018,0.0,119505.0,-0.936467,-0.223413,MMR,SGP,901832
9502375,144,192,9734,2018,0.0,9193.0,0.332495,0.124258,MNE,SGP,901832
9502376,153,192,9734,2018,1045971.0,945511.0,1.122976,0.734109,MYS,SGP,901832
9502377,156,192,9734,2018,0.0,11598.0,-0.49370299999999995,-0.865432,NCL,SGP,901832
9502378,162,192,9734,2018,27728.0,2593.0,1.1478899999999999,1.454758,NLD,SGP,901832
9502379,163,192,9734,2018,0.0,76720.0,0.681639,0.021762,NOR,SGP,901832
9502380,164,192,9734,2018,0.0,74439.0,-0.252837,0.999258,NPL,SGP,901832
9502381,166,192,9734,2018,0.0,592167.0,0.21902600000000003,0.148714,NZL,SGP,901832
9502382,168,192,9734,2018,0.0,106456.0,-0.64348,0.665045,PAK,SGP,901832
9502383,173,192,9734,2018,0.0,1343.0,-0.6673060000000001,-0.183315,PER,SGP,901832
9502384,174,192,9734,2018,12911.0,2472589.0,0.781409,0.22126700000000002,PHL,SGP,901832
9502385,177,192,9734,2018,4859.0,152689.0,1.132475,1.258945,POL,SGP,901832
9502386,182,192,9734,2018,0.0,38097.0,0.21430300000000002,-0.484076,PYF,SGP,901832
9502387,186,192,9734,2018,0.0,1176881.0,0.21398000000000003,0.100414,RUS,SGP,901832
9502388,188,192,9734,2018,0.0,29838.0,0.5801810000000001,-0.447514,SAU,SGP,901832
9502389,201,192,9734,2018,0.0,10853.0,0.607486,1.2139389999999999,SRB,SGP,901832
9502390,206,192,9734,2018,42358.0,4104.0,1.3270979999999999,0.877684,SVK,SGP,901832
9502391,207,192,9734,2018,0.0,11865.0,1.67428,0.7703800000000001,SVN,SGP,901832
9502392,208,192,9734,2018,49667.0,0.0,1.76361,0.766904,SWE,SGP,901832
9502393,213,192,9734,2018,0.0,140655.0,0.915309,-0.1886,TCA,SGP,901832
9502394,216,192,9734,2018,33402.0,1234490.0,1.053177,1.4084969999999999,THA,SGP,901832
9502395,224,192,9734,2018,0.0,9738.0,0.518721,2.5581419999999997,TUR,SGP,901832
9502396,228,192,9734,2018,0.0,121880.0,0.337296,0.758675,UKR,SGP,901832
9502397,231,192,9734,2018,5755480.0,16876508.0,1.585861,0.44815900000000003,USA,SGP,901832
9502398,239,192,9734,2018,1331.0,360226.0,0.003069,0.9169729999999999,VNM,SGP,901832
9502399,246,192,9734,2018,0.0,4718.0,0.158722,1.394829,ZAF,SGP,901832
9502400,249,192,9734,2018,8712.0,6899848.0,2.0462540000000002,1.166636,TWN,SGP,901832
9502401,8,197,9734,2018,6857.0,0.0,-0.14316800000000002,0.14356,ARG,SLV,901832
9502402,15,197,9734,2018,2174.0,0.0,1.774488,-0.21117800000000003,AUT,SLV,901832
9502403,43,197,9734,2018,112390.0,0.0,1.200689,1.2822,CHN,SLV,901832
9502404,49,197,9734,2018,1180.0,0.0,0.20431,-0.15273699999999998,COL,SLV,901832
9502405,52,197,9734,2018,1211.0,0.0,0.19386,0.05811,CRI,SLV,901832
9502406,61,197,9734,2018,6564.0,11950.0,2.109059,-2.428826,DEU,SLV,901832
9502407,65,197,9734,2018,13095.0,0.0,-0.084258,0.474872,DOM,SLV,901832
9502408,71,197,9734,2018,925.0,0.0,0.744825,2.919005,ESP,SLV,901832
9502409,77,197,9734,2018,987.0,0.0,1.420819,0.7793770000000001,FRA,SLV,901832
9502410,93,197,9734,2018,63648.0,8164.0,-0.362668,0.520826,GTM,SLV,901832
9502411,111,197,9734,2018,1577.0,0.0,1.3602530000000002,0.453607,ITA,SLV,901832
9502412,114,197,9734,2018,155721.0,0.0,2.514533,-0.416074,JPN,SLV,901832
9502413,121,197,9734,2018,810.0,0.0,2.093866,0.764303,KOR,SLV,901832
9502414,138,197,9734,2018,77369.0,0.0,1.00061,0.585759,MEX,SLV,901832
9502415,153,197,9734,2018,2898.0,0.0,1.122976,0.734109,MYS,SLV,901832
9502416,231,197,9734,2018,521144.0,0.0,1.585861,0.44815900000000003,USA,SLV,901832
9502417,18,205,9734,2018,76631.0,0.0,1.270641,1.201063,BEL,SUR,901832
9502418,33,205,9734,2018,2901.0,0.0,0.487166,-0.129388,BRB,SUR,901832
9502419,43,205,9734,2018,15849.0,0.0,1.200689,1.2822,CHN,SUR,901832
9502420,162,205,9734,2018,33488.0,0.0,1.1478899999999999,1.454758,NLD,SUR,901832
9502421,231,205,9734,2018,604706.0,0.0,1.585861,0.44815900000000003,USA,SUR,901832
9502422,15,206,9734,2018,1447.0,10565.0,1.774488,-0.21117800000000003,AUT,SVK,901832
9502423,18,206,9734,2018,708815.0,0.0,1.270641,1.201063,BEL,SVK,901832
9502424,23,206,9734,2018,0.0,57700.0,0.571226,1.836856,BGR,SVK,901832
9502425,26,206,9734,2018,0.0,15788.0,0.526392,0.742398,BIH,SVK,901832
9502426,28,206,9734,2018,0.0,849.0,0.850089,0.8332870000000001,BLR,SVK,901832
9502427,39,206,9734,2018,0.0,34815.0,0.666822,1.218593,CAN,SVK,901832
9502428,41,206,9734,2018,52315.0,5125860.0,2.2324330000000003,0.7801560000000001,CHE,SVK,901832
9502429,43,206,9734,2018,134924.0,10933.0,1.200689,1.2822,CHN,SVK,901832
9502430,59,206,9734,2018,525862.0,190894.0,1.841016,0.220806,CZE,SVK,901832
9502431,61,206,9734,2018,352290.0,18110.0,2.109059,-2.428826,DEU,SVK,901832
9502432,64,206,9734,2018,206266.0,70192.0,1.0945040000000001,1.3311540000000002,DNK,SVK,901832
9502433,71,206,9734,2018,17931.0,1814.0,0.744825,2.919005,ESP,SVK,901832
9502434,72,206,9734,2018,0.0,4576.0,0.979986,1.2365899999999999,EST,SVK,901832
9502435,74,206,9734,2018,0.0,39356.0,1.61151,0.9474549999999999,FIN,SVK,901832
9502436,77,206,9734,2018,277300.0,269411.0,1.420819,0.7793770000000001,FRA,SVK,901832
9502437,81,206,9734,2018,3106.0,1387.0,1.693008,0.768159,GBR,SVK,901832
9502438,90,206,9734,2018,0.0,3101.0,0.059539999999999996,1.0321879999999999,GRC,SVK,901832
9502439,100,206,9734,2018,2275.0,124382.0,0.7923720000000001,1.4047209999999999,HRV,SVK,901832
9502440,102,206,9734,2018,0.0,281832.0,1.519662,0.833092,HUN,SVK,901832
9502441,104,206,9734,2018,106414.0,100813.0,0.526015,2.448112,IND,SVK,901832
9502442,106,206,9734,2018,27766.0,1685.0,1.262419,0.013576,IRL,SVK,901832
9502443,110,206,9734,2018,73980.0,0.0,1.355071,0.872822,ISR,SVK,901832
9502444,111,206,9734,2018,4445.0,1313102.0,1.3602530000000002,0.453607,ITA,SVK,901832
9502445,114,206,9734,2018,31603.0,0.0,2.514533,-0.416074,JPN,SVK,901832
9502446,121,206,9734,2018,46362.0,0.0,2.093866,0.764303,KOR,SVK,901832
9502447,130,206,9734,2018,0.0,928.0,0.964249,1.4050200000000002,LTU,SVK,901832
9502448,131,206,9734,2018,0.0,52541.0,1.1142889999999999,1.306066,LUX,SVK,901832
9502449,132,206,9734,2018,0.0,1526.0,0.707168,1.294297,LVA,SVK,901832
9502450,138,206,9734,2018,4703.0,21318.0,1.00061,0.585759,MEX,SVK,901832
9502451,144,206,9734,2018,0.0,9504.0,0.332495,0.124258,MNE,SVK,901832
9502452,145,206,9734,2018,0.0,11316.0,-0.934398,-1.125105,MNG,SVK,901832
9502453,153,206,9734,2018,3755.0,125485.0,1.122976,0.734109,MYS,SVK,901832
9502454,162,206,9734,2018,95075.0,5342.0,1.1478899999999999,1.454758,NLD,SVK,901832
9502455,177,206,9734,2018,198448.0,93142.0,1.132475,1.258945,POL,SVK,901832
9502456,179,206,9734,2018,14282.0,12592.0,0.652628,2.211758,PRT,SVK,901832
9502457,185,206,9734,2018,0.0,9944.0,1.050715,1.04471,ROU,SVK,901832
9502458,186,206,9734,2018,0.0,10719.0,0.21398000000000003,0.100414,RUS,SVK,901832
9502459,192,206,9734,2018,4104.0,42358.0,1.914132,0.652011,SGP,SVK,901832
9502460,201,206,9734,2018,0.0,94900.0,0.607486,1.2139389999999999,SRB,SVK,901832
9502461,207,206,9734,2018,9110.0,49115.0,1.67428,0.7703800000000001,SVN,SVK,901832
9502462,208,206,9734,2018,2756.0,2246.0,1.76361,0.766904,SWE,SVK,901832
9502463,224,206,9734,2018,1679.0,760637.0,0.518721,2.5581419999999997,TUR,SVK,901832
9502464,228,206,9734,2018,4241.0,17703.0,0.337296,0.758675,UKR,SVK,901832
9502465,231,206,9734,2018,60624.0,56696.0,1.585861,0.44815900000000003,USA,SVK,901832
9502466,249,206,9734,2018,3145.0,0.0,2.0462540000000002,1.166636,TWN,SVK,901832
9502467,250,206,9734,2018,87318.0,0.0,0.809991,-0.368737,ANS,SVK,901832
9502468,4,207,9734,2018,0.0,8790.0,-0.456481,-0.139655,ALB,SVN,901832
9502469,15,207,9734,2018,4280.0,23643.0,1.774488,-0.21117800000000003,AUT,SVN,901832
9502470,18,207,9734,2018,431543.0,0.0,1.270641,1.201063,BEL,SVN,901832
9502471,23,207,9734,2018,0.0,2911.0,0.571226,1.836856,BGR,SVN,901832
9502472,26,207,9734,2018,1966.0,6411.0,0.526392,0.742398,BIH,SVN,901832
9502473,41,207,9734,2018,37975.0,0.0,2.2324330000000003,0.7801560000000001,CHE,SVN,901832
9502474,43,207,9734,2018,384878.0,0.0,1.200689,1.2822,CHN,SVN,901832
9502475,59,207,9734,2018,12687.0,37045.0,1.841016,0.220806,CZE,SVN,901832
9502476,61,207,9734,2018,433351.0,456441.0,2.109059,-2.428826,DEU,SVN,901832
9502477,64,207,9734,2018,409409.0,18156.0,1.0945040000000001,1.3311540000000002,DNK,SVN,901832
9502478,71,207,9734,2018,6886.0,6016.0,0.744825,2.919005,ESP,SVN,901832
9502479,77,207,9734,2018,7483.0,0.0,1.420819,0.7793770000000001,FRA,SVN,901832
9502480,81,207,9734,2018,68558.0,0.0,1.693008,0.768159,GBR,SVN,901832
9502481,90,207,9734,2018,0.0,1423.0,0.059539999999999996,1.0321879999999999,GRC,SVN,901832
9502482,100,207,9734,2018,12079.0,387698.0,0.7923720000000001,1.4047209999999999,HRV,SVN,901832
9502483,102,207,9734,2018,1279.0,1637.0,1.519662,0.833092,HUN,SVN,901832
9502484,104,207,9734,2018,3686.0,0.0,0.526015,2.448112,IND,SVN,901832
9502485,106,207,9734,2018,62294.0,1899.0,1.262419,0.013576,IRL,SVN,901832
9502486,110,207,9734,2018,13704.0,0.0,1.355071,0.872822,ISR,SVN,901832
9502487,111,207,9734,2018,147715.0,24323.0,1.3602530000000002,0.453607,ITA,SVN,901832
9502488,114,207,9734,2018,28684.0,0.0,2.514533,-0.416074,JPN,SVN,901832
9502489,130,207,9734,2018,0.0,12228.0,0.964249,1.4050200000000002,LTU,SVN,901832
9502490,138,207,9734,2018,2662.0,0.0,1.00061,0.585759,MEX,SVN,901832
9502491,140,207,9734,2018,3239.0,6155.0,0.079976,-0.20256,MKD,SVN,901832
9502492,153,207,9734,2018,301663.0,0.0,1.122976,0.734109,MYS,SVN,901832
9502493,162,207,9734,2018,69559.0,66288.0,1.1478899999999999,1.454758,NLD,SVN,901832
9502494,177,207,9734,2018,17196.0,4945.0,1.132475,1.258945,POL,SVN,901832
9502495,179,207,9734,2018,0.0,4041.0,0.652628,2.211758,PRT,SVN,901832
9502496,192,207,9734,2018,11865.0,0.0,1.914132,0.652011,SGP,SVN,901832
9502497,201,207,9734,2018,0.0,35890.0,0.607486,1.2139389999999999,SRB,SVN,901832
9502498,206,207,9734,2018,49115.0,9110.0,1.3270979999999999,0.877684,SVK,SVN,901832
9502499,208,207,9734,2018,5757.0,41639.0,1.76361,0.766904,SWE,SVN,901832
9502500,216,207,9734,2018,58966.0,0.0,1.053177,1.4084969999999999,THA,SVN,901832
9502501,231,207,9734,2018,70596.0,0.0,1.585861,0.44815900000000003,USA,SVN,901832
9502502,7,208,9734,2018,5694.0,8178.0,0.11804400000000001,-0.326851,ARE,SWE,901832
9502503,9,208,9734,2018,0.0,18376.0,-0.330516,-0.604744,ARM,SWE,901832
9502504,14,208,9734,2018,0.0,600161.0,-0.29687199999999997,-0.123116,AUS,SWE,901832
9502505,15,208,9734,2018,179509.0,15192.0,1.774488,-0.21117800000000003,AUT,SWE,901832
9502506,16,208,9734,2018,0.0,11343.0,-1.144089,-1.224327,AZE,SWE,901832
9502507,18,208,9734,2018,1693226.0,122549.0,1.270641,1.201063,BEL,SWE,901832
9502508,22,208,9734,2018,0.0,1037.0,-0.899467,-0.9823719999999999,BGD,SWE,901832
9502509,23,208,9734,2018,0.0,7410.0,0.571226,1.836856,BGR,SWE,901832
9502510,24,208,9734,2018,0.0,17872.0,0.318352,-0.69221,BHR,SWE,901832
9502511,28,208,9734,2018,0.0,4924.0,0.850089,0.8332870000000001,BLR,SWE,901832
9502512,32,208,9734,2018,0.0,119241.0,0.143397,0.582092,BRA,SWE,901832
9502513,39,208,9734,2018,0.0,12860.0,0.666822,1.218593,CAN,SWE,901832
9502514,41,208,9734,2018,213226.0,455409.0,2.2324330000000003,0.7801560000000001,CHE,SWE,901832
9502515,42,208,9734,2018,0.0,38595.0,-0.37677,-0.49605299999999997,CHL,SWE,901832
9502516,43,208,9734,2018,726936.0,1642500.0,1.200689,1.2822,CHN,SWE,901832
9502517,49,208,9734,2018,0.0,33574.0,0.20431,-0.15273699999999998,COL,SWE,901832
9502518,58,208,9734,2018,0.0,4368.0,0.45442,-0.113303,CYP,SWE,901832
9502519,59,208,9734,2018,0.0,230738.0,1.841016,0.220806,CZE,SWE,901832
9502520,61,208,9734,2018,1749181.0,1259530.0,2.109059,-2.428826,DEU,SWE,901832
9502521,64,208,9734,2018,710637.0,623311.0,1.0945040000000001,1.3311540000000002,DNK,SWE,901832
9502522,71,208,9734,2018,12433.0,242765.0,0.744825,2.919005,ESP,SWE,901832
9502523,72,208,9734,2018,0.0,3732.0,0.979986,1.2365899999999999,EST,SWE,901832
9502524,74,208,9734,2018,487358.0,178640.0,1.61151,0.9474549999999999,FIN,SWE,901832
9502525,77,208,9734,2018,230295.0,220101.0,1.420819,0.7793770000000001,FRA,SWE,901832
9502526,81,208,9734,2018,328206.0,156000.0,1.693008,0.768159,GBR,SWE,901832
9502527,82,208,9734,2018,0.0,2152.0,-0.049871,-0.28439899999999996,GEO,SWE,901832
9502528,83,208,9734,2018,0.0,13449.0,-0.956109,-0.861556,GHA,SWE,901832
9502529,90,208,9734,2018,0.0,58543.0,0.059539999999999996,1.0321879999999999,GRC,SWE,901832
9502530,97,208,9734,2018,6159.0,20950.0,0.843677,1.656073,HKG,SWE,901832
9502531,100,208,9734,2018,0.0,2177.0,0.7923720000000001,1.4047209999999999,HRV,SWE,901832
9502532,102,208,9734,2018,0.0,85043.0,1.519662,0.833092,HUN,SWE,901832
9502533,103,208,9734,2018,0.0,4688.0,-0.10130499999999999,1.2414209999999999,IDN,SWE,901832
9502534,104,208,9734,2018,9063.0,297642.0,0.526015,2.448112,IND,SWE,901832
9502535,106,208,9734,2018,0.0,35292.0,1.262419,0.013576,IRL,SWE,901832
9502536,107,208,9734,2018,0.0,13968.0,-0.389954,-0.258156,IRN,SWE,901832
9502537,108,208,9734,2018,0.0,2764.0,-1.7504400000000002,-1.018699,IRQ,SWE,901832
9502538,109,208,9734,2018,0.0,19398.0,0.252338,-0.341319,ISL,SWE,901832
9502539,110,208,9734,2018,0.0,291628.0,1.355071,0.872822,ISR,SWE,901832
9502540,111,208,9734,2018,756516.0,137239.0,1.3602530000000002,0.453607,ITA,SWE,901832
9502541,113,208,9734,2018,0.0,13482.0,-0.086895,0.283829,JOR,SWE,901832
9502542,114,208,9734,2018,1072844.0,388759.0,2.514533,-0.416074,JPN,SWE,901832
9502543,121,208,9734,2018,189655.0,86137.0,2.093866,0.764303,KOR,SWE,901832
9502544,122,208,9734,2018,0.0,21706.0,-0.668802,-1.154012,KWT,SWE,901832
9502545,126,208,9734,2018,0.0,4941.0,-1.608786,-1.231101,LBY,SWE,901832
9502546,130,208,9734,2018,0.0,8781.0,0.964249,1.4050200000000002,LTU,SWE,901832
9502547,132,208,9734,2018,0.0,1756.0,0.707168,1.294297,LVA,SWE,901832
9502548,138,208,9734,2018,0.0,3133.0,1.00061,0.585759,MEX,SWE,901832
9502549,145,208,9734,2018,0.0,5501.0,-0.934398,-1.125105,MNG,SWE,901832
9502550,151,208,9734,2018,0.0,7769.0,-0.128221,0.15049400000000002,MUS,SWE,901832
9502551,153,208,9734,2018,0.0,75407.0,1.122976,0.734109,MYS,SWE,901832
9502552,159,208,9734,2018,0.0,3623.0,-1.8238,-1.259938,NGA,SWE,901832
9502553,162,208,9734,2018,1461823.0,332296.0,1.1478899999999999,1.454758,NLD,SWE,901832
9502554,163,208,9734,2018,34113.0,681644.0,0.681639,0.021762,NOR,SWE,901832
9502555,166,208,9734,2018,0.0,8069.0,0.21902600000000003,0.148714,NZL,SWE,901832
9502556,168,208,9734,2018,0.0,39343.0,-0.64348,0.665045,PAK,SWE,901832
9502557,174,208,9734,2018,0.0,9592.0,0.781409,0.22126700000000002,PHL,SWE,901832
9502558,177,208,9734,2018,242418.0,51939.0,1.132475,1.258945,POL,SWE,901832
9502559,179,208,9734,2018,0.0,95781.0,0.652628,2.211758,PRT,SWE,901832
9502560,183,208,9734,2018,0.0,2284.0,-0.068401,-1.014732,QAT,SWE,901832
9502561,185,208,9734,2018,80002.0,7940.0,1.050715,1.04471,ROU,SWE,901832
9502562,186,208,9734,2018,0.0,491516.0,0.21398000000000003,0.100414,RUS,SWE,901832
9502563,188,208,9734,2018,0.0,37132.0,0.5801810000000001,-0.447514,SAU,SWE,901832
9502564,192,208,9734,2018,0.0,49667.0,1.914132,0.652011,SGP,SWE,901832
9502565,201,208,9734,2018,0.0,173202.0,0.607486,1.2139389999999999,SRB,SWE,901832
9502566,206,208,9734,2018,2246.0,2756.0,1.3270979999999999,0.877684,SVK,SWE,901832
9502567,207,208,9734,2018,41639.0,5757.0,1.67428,0.7703800000000001,SVN,SWE,901832
9502568,216,208,9734,2018,0.0,34468.0,1.053177,1.4084969999999999,THA,SWE,901832
9502569,223,208,9734,2018,0.0,4542.0,0.259778,1.187194,TUN,SWE,901832
9502570,224,208,9734,2018,0.0,441502.0,0.518721,2.5581419999999997,TUR,SWE,901832
9502571,227,208,9734,2018,0.0,3435.0,-0.621049,-0.061448,UGA,SWE,901832
9502572,228,208,9734,2018,0.0,2616.0,0.337296,0.758675,UKR,SWE,901832
9502573,231,208,9734,2018,786124.0,593351.0,1.585861,0.44815900000000003,USA,SWE,901832
9502574,239,208,9734,2018,49111.0,33149.0,0.003069,0.9169729999999999,VNM,SWE,901832
9502575,246,208,9734,2018,0.0,5160.0,0.158722,1.394829,ZAF,SWE,901832
9502576,249,208,9734,2018,169679.0,127638.0,2.0462540000000002,1.166636,TWN,SWE,901832
9502577,7,216,9734,2018,0.0,57889.0,0.11804400000000001,-0.326851,ARE,THA,901832
9502578,9,216,9734,2018,0.0,24270.0,-0.330516,-0.604744,ARM,THA,901832
9502579,14,216,9734,2018,0.0,841677.0,-0.29687199999999997,-0.123116,AUS,THA,901832
9502580,15,216,9734,2018,2300.0,15081411.0,1.774488,-0.21117800000000003,AUT,THA,901832
9502581,16,216,9734,2018,0.0,4995.0,-1.144089,-1.224327,AZE,THA,901832
9502582,18,216,9734,2018,148016.0,645084.0,1.270641,1.201063,BEL,THA,901832
9502583,21,216,9734,2018,0.0,2714.0,-0.8835200000000001,-0.9790620000000001,BFA,THA,901832
9502584,24,216,9734,2018,0.0,2581.0,0.318352,-0.69221,BHR,THA,901832
9502585,26,216,9734,2018,0.0,142731.0,0.526392,0.742398,BIH,THA,901832
9502586,28,216,9734,2018,0.0,2712.0,0.850089,0.8332870000000001,BLR,THA,901832
9502587,31,216,9734,2018,0.0,25626.0,-1.153953,-1.070749,BOL,THA,901832
9502588,32,216,9734,2018,166211.0,28451.0,0.143397,0.582092,BRA,THA,901832
9502589,39,216,9734,2018,7013.0,305168.0,0.666822,1.218593,CAN,THA,901832
9502590,41,216,9734,2018,94114.0,162570.0,2.2324330000000003,0.7801560000000001,CHE,THA,901832
9502591,42,216,9734,2018,0.0,19680.0,-0.37677,-0.49605299999999997,CHL,THA,901832
9502592,43,216,9734,2018,1636156.0,1247681.0,1.200689,1.2822,CHN,THA,901832
9502593,44,216,9734,2018,0.0,1315.0,-0.8733569999999999,-0.8443139999999999,CIV,THA,901832
9502594,49,216,9734,2018,0.0,1761.0,0.20431,-0.15273699999999998,COL,THA,901832
9502595,59,216,9734,2018,0.0,119952.0,1.841016,0.220806,CZE,THA,901832
9502596,61,216,9734,2018,621441.0,1870913.0,2.109059,-2.428826,DEU,THA,901832
9502597,64,216,9734,2018,1135566.0,1111255.0,1.0945040000000001,1.3311540000000002,DNK,THA,901832
9502598,66,216,9734,2018,0.0,53256.0,-1.281519,-1.22291,DZA,THA,901832
9502599,67,216,9734,2018,0.0,274920.0,-0.873973,-1.032841,ECU,THA,901832
9502600,68,216,9734,2018,0.0,1487514.0,-0.096635,1.585658,EGY,THA,901832
9502601,71,216,9734,2018,0.0,148205.0,0.744825,2.919005,ESP,THA,901832
9502602,73,216,9734,2018,0.0,2125.0,-0.874857,-0.464958,ETH,THA,901832
9502603,74,216,9734,2018,0.0,3240.0,1.61151,0.9474549999999999,FIN,THA,901832
9502604,77,216,9734,2018,2498328.0,17711864.0,1.420819,0.7793770000000001,FRA,THA,901832
9502605,81,216,9734,2018,76903.0,717201.0,1.693008,0.768159,GBR,THA,901832
9502606,90,216,9734,2018,0.0,26962.0,0.059539999999999996,1.0321879999999999,GRC,THA,901832
9502607,97,216,9734,2018,0.0,210437.0,0.843677,1.656073,HKG,THA,901832
9502608,99,216,9734,2018,0.0,32062.0,-0.523738,-0.193198,HND,THA,901832
9502609,100,216,9734,2018,0.0,191996.0,0.7923720000000001,1.4047209999999999,HRV,THA,901832
9502610,103,216,9734,2018,23844.0,423329.0,-0.10130499999999999,1.2414209999999999,IDN,THA,901832
9502611,104,216,9734,2018,658725.0,124621.0,0.526015,2.448112,IND,THA,901832
9502612,106,216,9734,2018,116463.0,11002.0,1.262419,0.013576,IRL,THA,901832
9502613,109,216,9734,2018,0.0,1956.0,0.252338,-0.341319,ISL,THA,901832
9502614,110,216,9734,2018,15143.0,183055.0,1.355071,0.872822,ISR,THA,901832
9502615,111,216,9734,2018,308491.0,2543436.0,1.3602530000000002,0.453607,ITA,THA,901832
9502616,113,216,9734,2018,88661.0,13151.0,-0.086895,0.283829,JOR,THA,901832
9502617,114,216,9734,2018,2236705.0,5293718.0,2.514533,-0.416074,JPN,THA,901832
9502618,115,216,9734,2018,0.0,186454.0,-0.483862,-0.667417,KAZ,THA,901832
9502619,116,216,9734,2018,0.0,15838.0,-0.32707800000000004,0.71009,KEN,THA,901832
9502620,117,216,9734,2018,0.0,19554.0,-0.141491,0.33161,KGZ,THA,901832
9502621,118,216,9734,2018,0.0,1637377.0,-0.45740299999999995,-0.575966,KHM,THA,901832
9502622,121,216,9734,2018,1320557.0,10071015.0,2.093866,0.764303,KOR,THA,901832
9502623,122,216,9734,2018,0.0,8217.0,-0.668802,-1.154012,KWT,THA,901832
9502624,123,216,9734,2018,0.0,450900.0,-0.788808,-0.8012670000000001,LAO,THA,901832
9502625,124,216,9734,2018,0.0,124127.0,0.270554,0.9995149999999999,LBN,THA,901832
9502626,128,216,9734,2018,0.0,17411.0,-0.544504,0.41074099999999997,LKA,THA,901832
9502627,134,216,9734,2018,0.0,137932.0,-0.712775,-0.090013,MAR,THA,901832
9502628,138,216,9734,2018,4132009.0,469227.0,1.00061,0.585759,MEX,THA,901832
9502629,140,216,9734,2018,0.0,10667.0,0.079976,-0.20256,MKD,THA,901832
9502630,143,216,9734,2018,0.0,116045.0,-0.936467,-0.223413,MMR,THA,901832
9502631,144,216,9734,2018,0.0,66656.0,0.332495,0.124258,MNE,THA,901832
9502632,147,216,9734,2018,0.0,1509.0,-1.380023,-1.027817,MOZ,THA,901832
9502633,153,216,9734,2018,32785.0,111162.0,1.122976,0.734109,MYS,THA,901832
9502634,155,216,9734,2018,0.0,800.0,-0.668091,-0.779938,NAM,THA,901832
9502635,160,216,9734,2018,0.0,1156.0,-0.887282,-0.827008,NIC,THA,901832
9502636,162,216,9734,2018,37310.0,604474.0,1.1478899999999999,1.454758,NLD,THA,901832
9502637,163,216,9734,2018,0.0,23650.0,0.681639,0.021762,NOR,THA,901832
9502638,164,216,9734,2018,0.0,8472.0,-0.252837,0.999258,NPL,THA,901832
9502639,166,216,9734,2018,0.0,24359.0,0.21902600000000003,0.148714,NZL,THA,901832
9502640,167,216,9734,2018,0.0,4212.0,-0.548048,-0.9972989999999999,OMN,THA,901832
9502641,168,216,9734,2018,1730.0,3850.0,-0.64348,0.665045,PAK,THA,901832
9502642,173,216,9734,2018,0.0,22206.0,-0.6673060000000001,-0.183315,PER,THA,901832
9502643,174,216,9734,2018,1443245.0,19978.0,0.781409,0.22126700000000002,PHL,THA,901832
9502644,177,216,9734,2018,13567.0,223808.0,1.132475,1.258945,POL,THA,901832
9502645,181,216,9734,2018,0.0,841.0,0.096402,0.735946,PSE,THA,901832
9502646,182,216,9734,2018,0.0,4751.0,0.21430300000000002,-0.484076,PYF,THA,901832
9502647,186,216,9734,2018,0.0,85552.0,0.21398000000000003,0.100414,RUS,THA,901832
9502648,188,216,9734,2018,0.0,64732.0,0.5801810000000001,-0.447514,SAU,THA,901832
9502649,192,216,9734,2018,1234490.0,33402.0,1.914132,0.652011,SGP,THA,901832
9502650,201,216,9734,2018,0.0,209187.0,0.607486,1.2139389999999999,SRB,THA,901832
9502651,207,216,9734,2018,0.0,58966.0,1.67428,0.7703800000000001,SVN,THA,901832
9502652,208,216,9734,2018,34468.0,0.0,1.76361,0.766904,SWE,THA,901832
9502653,223,216,9734,2018,0.0,343681.0,0.259778,1.187194,TUN,THA,901832
9502654,224,216,9734,2018,34310.0,2313977.0,0.518721,2.5581419999999997,TUR,THA,901832
9502655,228,216,9734,2018,0.0,192008.0,0.337296,0.758675,UKR,THA,901832
9502656,230,216,9734,2018,0.0,63982.0,-0.02056,-0.38911,URY,THA,901832
9502657,231,216,9734,2018,391249.0,16588488.0,1.585861,0.44815900000000003,USA,THA,901832
9502658,239,216,9734,2018,2710560.0,62494.0,0.003069,0.9169729999999999,VNM,THA,901832
9502659,246,216,9734,2018,0.0,1504291.0,0.158722,1.394829,ZAF,THA,901832
9502660,249,216,9734,2018,129604.0,571982.0,2.0462540000000002,1.166636,TWN,THA,901832
9502661,33,222,9734,2018,5288.0,0.0,0.487166,-0.129388,BRB,TTO,901832
9502662,43,222,9734,2018,92867.0,0.0,1.200689,1.2822,CHN,TTO,901832
9502663,61,222,9734,2018,25764.0,0.0,2.109059,-2.428826,DEU,TTO,901832
9502664,77,222,9734,2018,6147.0,0.0,1.420819,0.7793770000000001,FRA,TTO,901832
9502665,162,222,9734,2018,29940.0,0.0,1.1478899999999999,1.454758,NLD,TTO,901832
9502666,231,222,9734,2018,9878.0,0.0,1.585861,0.44815900000000003,USA,TTO,901832
9502667,4,224,9734,2018,0.0,30623.0,-0.456481,-0.139655,ALB,TUR,901832
9502668,7,224,9734,2018,7751.0,52086.0,0.11804400000000001,-0.326851,ARE,TUR,901832
9502669,8,224,9734,2018,1158.0,0.0,-0.14316800000000002,0.14356,ARG,TUR,901832
9502670,14,224,9734,2018,516492.0,1186.0,-0.29687199999999997,-0.123116,AUS,TUR,901832
9502671,15,224,9734,2018,50542.0,11553.0,1.774488,-0.21117800000000003,AUT,TUR,901832
9502672,16,224,9734,2018,0.0,126942.0,-1.144089,-1.224327,AZE,TUR,901832
9502673,18,224,9734,2018,241753.0,44325.0,1.270641,1.201063,BEL,TUR,901832
9502674,22,224,9734,2018,0.0,20297.0,-0.899467,-0.9823719999999999,BGD,TUR,901832
9502675,23,224,9734,2018,0.0,18343.0,0.571226,1.836856,BGR,TUR,901832
9502676,26,224,9734,2018,0.0,30825.0,0.526392,0.742398,BIH,TUR,901832
9502677,28,224,9734,2018,0.0,148909.0,0.850089,0.8332870000000001,BLR,TUR,901832
9502678,32,224,9734,2018,0.0,87636.0,0.143397,0.582092,BRA,TUR,901832
9502679,39,224,9734,2018,161868.0,2350.0,0.666822,1.218593,CAN,TUR,901832
9502680,41,224,9734,2018,69320.0,0.0,2.2324330000000003,0.7801560000000001,CHE,TUR,901832
9502681,42,224,9734,2018,0.0,8133.0,-0.37677,-0.49605299999999997,CHL,TUR,901832
9502682,43,224,9734,2018,9516201.0,553700.0,1.200689,1.2822,CHN,TUR,901832
9502683,44,224,9734,2018,0.0,13057.0,-0.8733569999999999,-0.8443139999999999,CIV,TUR,901832
9502684,45,224,9734,2018,0.0,26930.0,-1.366619,-1.09894,CMR,TUR,901832
9502685,49,224,9734,2018,0.0,23921.0,0.20431,-0.15273699999999998,COL,TUR,901832
9502686,52,224,9734,2018,59301.0,0.0,0.19386,0.05811,CRI,TUR,901832
9502687,58,224,9734,2018,0.0,124100.0,0.45442,-0.113303,CYP,TUR,901832
9502688,59,224,9734,2018,1195.0,4104.0,1.841016,0.220806,CZE,TUR,901832
9502689,61,224,9734,2018,3933218.0,2473076.0,2.109059,-2.428826,DEU,TUR,901832
9502690,62,224,9734,2018,0.0,17535.0,-0.11008599999999999,-0.603731,DJI,TUR,901832
9502691,64,224,9734,2018,2439932.0,69598.0,1.0945040000000001,1.3311540000000002,DNK,TUR,901832
9502692,65,224,9734,2018,1684.0,7013.0,-0.084258,0.474872,DOM,TUR,901832
9502693,68,224,9734,2018,0.0,180334.0,-0.096635,1.585658,EGY,TUR,901832
9502694,71,224,9734,2018,243844.0,64325.0,0.744825,2.919005,ESP,TUR,901832
9502695,72,224,9734,2018,17103.0,1038.0,0.979986,1.2365899999999999,EST,TUR,901832
9502696,74,224,9734,2018,0.0,34522.0,1.61151,0.9474549999999999,FIN,TUR,901832
9502697,77,224,9734,2018,574582.0,111949.0,1.420819,0.7793770000000001,FRA,TUR,901832
9502698,81,224,9734,2018,369964.0,2141935.0,1.693008,0.768159,GBR,TUR,901832
9502699,82,224,9734,2018,10594.0,107884.0,-0.049871,-0.28439899999999996,GEO,TUR,901832
9502700,83,224,9734,2018,0.0,2901.0,-0.956109,-0.861556,GHA,TUR,901832
9502701,90,224,9734,2018,0.0,26008.0,0.059539999999999996,1.0321879999999999,GRC,TUR,901832
9502702,93,224,9734,2018,0.0,913.0,-0.362668,0.520826,GTM,TUR,901832
9502703,97,224,9734,2018,0.0,1065032.0,0.843677,1.656073,HKG,TUR,901832
9502704,99,224,9734,2018,0.0,944.0,-0.523738,-0.193198,HND,TUR,901832
9502705,102,224,9734,2018,9915.0,0.0,1.519662,0.833092,HUN,TUR,901832
9502706,103,224,9734,2018,0.0,37776.0,-0.10130499999999999,1.2414209999999999,IDN,TUR,901832
9502707,104,224,9734,2018,2766062.0,29930.0,0.526015,2.448112,IND,TUR,901832
9502708,106,224,9734,2018,3537100.0,6800.0,1.262419,0.013576,IRL,TUR,901832
9502709,107,224,9734,2018,0.0,71777.0,-0.389954,-0.258156,IRN,TUR,901832
9502710,108,224,9734,2018,0.0,143779.0,-1.7504400000000002,-1.018699,IRQ,TUR,901832
9502711,110,224,9734,2018,65680.0,28500.0,1.355071,0.872822,ISR,TUR,901832
9502712,111,224,9734,2018,656105.0,176298.0,1.3602530000000002,0.453607,ITA,TUR,901832
9502713,113,224,9734,2018,0.0,39874.0,-0.086895,0.283829,JOR,TUR,901832
9502714,114,224,9734,2018,526029.0,0.0,2.514533,-0.416074,JPN,TUR,901832
9502715,115,224,9734,2018,35602.0,481383.0,-0.483862,-0.667417,KAZ,TUR,901832
9502716,116,224,9734,2018,0.0,14228.0,-0.32707800000000004,0.71009,KEN,TUR,901832
9502717,117,224,9734,2018,0.0,19950.0,-0.141491,0.33161,KGZ,TUR,901832
9502718,121,224,9734,2018,1447696.0,4443.0,2.093866,0.764303,KOR,TUR,901832
9502719,122,224,9734,2018,0.0,12220.0,-0.668802,-1.154012,KWT,TUR,901832
9502720,124,224,9734,2018,0.0,21288.0,0.270554,0.9995149999999999,LBN,TUR,901832
9502721,126,224,9734,2018,0.0,107738.0,-1.608786,-1.231101,LBY,TUR,901832
9502722,130,224,9734,2018,17288.0,27040.0,0.964249,1.4050200000000002,LTU,TUR,901832
9502723,132,224,9734,2018,1022.0,65926.0,0.707168,1.294297,LVA,TUR,901832
9502724,134,224,9734,2018,0.0,105828.0,-0.712775,-0.090013,MAR,TUR,901832
9502725,135,224,9734,2018,0.0,4699.0,-0.358412,-0.271334,MDA,TUR,901832
9502726,138,224,9734,2018,78520.0,0.0,1.00061,0.585759,MEX,TUR,901832
9502727,140,224,9734,2018,0.0,98518.0,0.079976,-0.20256,MKD,TUR,901832
9502728,141,224,9734,2018,0.0,2082.0,-0.49666499999999997,-0.7189909999999999,MLI,TUR,901832
9502729,142,224,9734,2018,0.0,9390.0,0.9621219999999999,0.257289,MLT,TUR,901832
9502730,143,224,9734,2018,0.0,16989.0,-0.936467,-0.223413,MMR,TUR,901832
9502731,145,224,9734,2018,0.0,1656.0,-0.934398,-1.125105,MNG,TUR,901832
9502732,148,224,9734,2018,0.0,7665.0,-1.511361,-1.296003,MRT,TUR,901832
9502733,153,224,9734,2018,226789.0,24846.0,1.122976,0.734109,MYS,TUR,901832
9502734,159,224,9734,2018,0.0,21418.0,-1.8238,-1.259938,NGA,TUR,901832
9502735,162,224,9734,2018,135865.0,350952.0,1.1478899999999999,1.454758,NLD,TUR,901832
9502736,166,224,9734,2018,0.0,167532.0,0.21902600000000003,0.148714,NZL,TUR,901832
9502737,167,224,9734,2018,0.0,8052.0,-0.548048,-0.9972989999999999,OMN,TUR,901832
9502738,168,224,9734,2018,77901.0,77735.0,-0.64348,0.665045,PAK,TUR,901832
9502739,173,224,9734,2018,0.0,18947.0,-0.6673060000000001,-0.183315,PER,TUR,901832
9502740,174,224,9734,2018,78902.0,6019.0,0.781409,0.22126700000000002,PHL,TUR,901832
9502741,177,224,9734,2018,22162.0,173383.0,1.132475,1.258945,POL,TUR,901832
9502742,181,224,9734,2018,0.0,442.0,0.096402,0.735946,PSE,TUR,901832
9502743,183,224,9734,2018,0.0,4661.0,-0.068401,-1.014732,QAT,TUR,901832
9502744,185,224,9734,2018,9812.0,81449.0,1.050715,1.04471,ROU,TUR,901832
9502745,187,224,9734,2018,0.0,1894.0,-0.618925,-0.788172,RWA,TUR,901832
9502746,188,224,9734,2018,4008.0,111709.0,0.5801810000000001,-0.447514,SAU,TUR,901832
9502747,190,224,9734,2018,0.0,52369.0,-1.278532,-1.176008,SDN,TUR,901832
9502748,192,224,9734,2018,9738.0,0.0,1.914132,0.652011,SGP,TUR,901832
9502749,199,224,9734,2018,0.0,34689.0,-1.4787370000000002,-1.050578,SOM,TUR,901832
9502750,201,224,9734,2018,2035.0,117517.0,0.607486,1.2139389999999999,SRB,TUR,901832
9502751,206,224,9734,2018,760637.0,1679.0,1.3270979999999999,0.877684,SVK,TUR,901832
9502752,208,224,9734,2018,441502.0,0.0,1.76361,0.766904,SWE,TUR,901832
9502753,212,224,9734,2018,0.0,115165.0,-0.6836760000000001,0.554563,SYR,TUR,901832
9502754,216,224,9734,2018,2313977.0,34310.0,1.053177,1.4084969999999999,THA,TUR,901832
9502755,223,224,9734,2018,0.0,9305.0,0.259778,1.187194,TUN,TUR,901832
9502756,227,224,9734,2018,1537.0,13440.0,-0.621049,-0.061448,UGA,TUR,901832
9502757,228,224,9734,2018,18334.0,50962.0,0.337296,0.758675,UKR,TUR,901832
9502758,231,224,9734,2018,375505.0,12202.0,1.585861,0.44815900000000003,USA,TUR,901832
9502759,236,224,9734,2018,0.0,16003.0,-1.081138,-1.198717,VEN,TUR,901832
9502760,239,224,9734,2018,1503648.0,32451.0,0.003069,0.9169729999999999,VNM,TUR,901832
9502761,243,224,9734,2018,0.0,6466.0,-1.3332899999999999,-1.200589,YEM,TUR,901832
9502762,246,224,9734,2018,0.0,100596.0,0.158722,1.394829,ZAF,TUR,901832
9502763,249,224,9734,2018,15510.0,1940.0,2.0462540000000002,1.166636,TWN,TUR,901832
9502764,8,230,9734,2018,0.0,12834.0,-0.14316800000000002,0.14356,ARG,URY,901832
9502765,15,230,9734,2018,74448.0,0.0,1.774488,-0.21117800000000003,AUT,URY,901832
9502766,18,230,9734,2018,1440.0,0.0,1.270641,1.201063,BEL,URY,901832
9502767,42,230,9734,2018,0.0,40690.0,-0.37677,-0.49605299999999997,CHL,URY,901832
9502768,43,230,9734,2018,74535.0,0.0,1.200689,1.2822,CHN,URY,901832
9502769,61,230,9734,2018,58959.0,0.0,2.109059,-2.428826,DEU,URY,901832
9502770,64,230,9734,2018,80917.0,0.0,1.0945040000000001,1.3311540000000002,DNK,URY,901832
9502771,71,230,9734,2018,1103.0,0.0,0.744825,2.919005,ESP,URY,901832
9502772,77,230,9734,2018,4758.0,1409.0,1.420819,0.7793770000000001,FRA,URY,901832
9502773,81,230,9734,2018,9602.0,0.0,1.693008,0.768159,GBR,URY,901832
9502774,104,230,9734,2018,1775.0,0.0,0.526015,2.448112,IND,URY,901832
9502775,106,230,9734,2018,420448.0,0.0,1.262419,0.013576,IRL,URY,901832
9502776,111,230,9734,2018,157345.0,0.0,1.3602530000000002,0.453607,ITA,URY,901832
9502777,114,230,9734,2018,33820.0,0.0,2.514533,-0.416074,JPN,URY,901832
9502778,121,230,9734,2018,66233.0,0.0,2.093866,0.764303,KOR,URY,901832
9502779,138,230,9734,2018,17354.0,0.0,1.00061,0.585759,MEX,URY,901832
9502780,216,230,9734,2018,63982.0,0.0,1.053177,1.4084969999999999,THA,URY,901832
9502781,231,230,9734,2018,285618.0,0.0,1.585861,0.44815900000000003,USA,URY,901832
9502782,249,230,9734,2018,2006.0,0.0,2.0462540000000002,1.166636,TWN,URY,901832
9502783,250,230,9734,2018,0.0,7845.0,0.809991,-0.368737,ANS,URY,901832
9502784,0,231,9734,2018,0.0,4968.0,0.8710549999999999,0.084402,ABW,USA,901832
9502785,2,231,9734,2018,0.0,2274.0,-1.489191,-1.213992,AGO,USA,901832
9502786,7,231,9734,2018,0.0,25961.0,0.11804400000000001,-0.326851,ARE,USA,901832
9502787,8,231,9734,2018,0.0,718048.0,-0.14316800000000002,0.14356,ARG,USA,901832
9502788,9,231,9734,2018,0.0,5472.0,-0.330516,-0.604744,ARM,USA,901832
9502789,13,231,9734,2018,0.0,6806.0,0.08520499999999999,-0.630757,ATG,USA,901832
9502790,14,231,9734,2018,2499245.0,7484275.0,-0.29687199999999997,-0.123116,AUS,USA,901832
9502791,15,231,9734,2018,121928.0,618304.0,1.774488,-0.21117800000000003,AUT,USA,901832
9502792,16,231,9734,2018,0.0,16024.0,-1.144089,-1.224327,AZE,USA,901832
9502793,18,231,9734,2018,3945640.0,26618440.0,1.270641,1.201063,BEL,USA,901832
9502794,22,231,9734,2018,0.0,28144.0,-0.899467,-0.9823719999999999,BGD,USA,901832
9502795,23,231,9734,2018,0.0,25722.0,0.571226,1.836856,BGR,USA,901832
9502796,24,231,9734,2018,0.0,76269.0,0.318352,-0.69221,BHR,USA,901832
9502797,25,231,9734,2018,0.0,19044.0,0.532998,-0.394906,BHS,USA,901832
9502798,26,231,9734,2018,0.0,18148.0,0.526392,0.742398,BIH,USA,901832
9502799,28,231,9734,2018,0.0,94230.0,0.850089,0.8332870000000001,BLR,USA,901832
9502800,29,231,9734,2018,804316.0,1244849.0,-0.15867699999999998,-0.6393989999999999,BLZ,USA,901832
9502801,30,231,9734,2018,0.0,42003.0,0.42484399999999994,-0.70587,BMU,USA,901832
9502802,31,231,9734,2018,0.0,121299.0,-1.153953,-1.070749,BOL,USA,901832
9502803,32,231,9734,2018,16278388.0,6387910.0,0.143397,0.582092,BRA,USA,901832
9502804,33,231,9734,2018,0.0,22706.0,0.487166,-0.129388,BRB,USA,901832
9502805,34,231,9734,2018,0.0,9245.0,0.562198,-0.774457,BRN,USA,901832
9502806,39,231,9734,2018,2396970.0,40867224.0,0.666822,1.218593,CAN,USA,901832
9502807,41,231,9734,2018,17762000.0,2324740.0,2.2324330000000003,0.7801560000000001,CHE,USA,901832
9502808,42,231,9734,2018,3278.0,1362612.0,-0.37677,-0.49605299999999997,CHL,USA,901832
9502809,43,231,9734,2018,21087650.0,12528819.0,1.200689,1.2822,CHN,USA,901832
9502810,49,231,9734,2018,0.0,4844580.0,0.20431,-0.15273699999999998,COL,USA,901832
9502811,52,231,9734,2018,12744498.0,6721181.0,0.19386,0.05811,CRI,USA,901832
9502812,55,231,9734,2018,0.0,101997.0,0.8093,-0.325347,CUW,USA,901832
9502813,57,231,9734,2018,0.0,15437.0,-0.194933,-0.930874,CYM,USA,901832
9502814,58,231,9734,2018,0.0,5966.0,0.45442,-0.113303,CYP,USA,901832
9502815,59,231,9734,2018,775645.0,933137.0,1.841016,0.220806,CZE,USA,901832
9502816,61,231,9734,2018,45186284.0,14378156.0,2.109059,-2.428826,DEU,USA,901832
9502817,63,231,9734,2018,0.0,72751.0,0.381788,0.039853,DMA,USA,901832
9502818,64,231,9734,2018,26877244.0,946936.0,1.0945040000000001,1.3311540000000002,DNK,USA,901832
9502819,65,231,9734,2018,959002.0,20005924.0,-0.084258,0.474872,DOM,USA,901832
9502820,67,231,9734,2018,0.0,582004.0,-0.873973,-1.032841,ECU,USA,901832
9502821,68,231,9734,2018,0.0,6191.0,-0.096635,1.585658,EGY,USA,901832
9502822,71,231,9734,2018,293922.0,4619011.0,0.744825,2.919005,ESP,USA,901832
9502823,72,231,9734,2018,5369.0,12536.0,0.979986,1.2365899999999999,EST,USA,901832
9502824,73,231,9734,2018,0.0,54406.0,-0.874857,-0.464958,ETH,USA,901832
9502825,74,231,9734,2018,5547.0,320254.0,1.61151,0.9474549999999999,FIN,USA,901832
9502826,77,231,9734,2018,8174390.0,4058639.0,1.420819,0.7793770000000001,FRA,USA,901832
9502827,79,231,9734,2018,0.0,90720.0,-0.969202,-0.974952,FSM,USA,901832
9502828,81,231,9734,2018,1061989.0,13423264.0,1.693008,0.768159,GBR,USA,901832
9502829,82,231,9734,2018,0.0,2590.0,-0.049871,-0.28439899999999996,GEO,USA,901832
9502830,83,231,9734,2018,0.0,2248.0,-0.956109,-0.861556,GHA,USA,901832
9502831,90,231,9734,2018,0.0,26492.0,0.059539999999999996,1.0321879999999999,GRC,USA,901832
9502832,91,231,9734,2018,0.0,9551.0,0.28333800000000003,-0.40042,GRD,USA,901832
9502833,93,231,9734,2018,3263344.0,1764661.0,-0.362668,0.520826,GTM,USA,901832
9502834,96,231,9734,2018,0.0,37279.0,-0.841458,-0.9803280000000001,GUY,USA,901832
9502835,97,231,9734,2018,31013.0,3554938.0,0.843677,1.656073,HKG,USA,901832
9502836,99,231,9734,2018,0.0,494721.0,-0.523738,-0.193198,HND,USA,901832
9502837,100,231,9734,2018,0.0,2694.0,0.7923720000000001,1.4047209999999999,HRV,USA,901832
9502838,101,231,9734,2018,0.0,39110.0,-0.914545,-0.890601,HTI,USA,901832
9502839,102,231,9734,2018,287498.0,448770.0,1.519662,0.833092,HUN,USA,901832
9502840,103,231,9734,2018,456373.0,28228.0,-0.10130499999999999,1.2414209999999999,IDN,USA,901832
9502841,104,231,9734,2018,3665450.0,2800627.0,0.526015,2.448112,IND,USA,901832
9502842,106,231,9734,2018,202539072.0,11185542.0,1.262419,0.013576,IRL,USA,901832
9502843,107,231,9734,2018,0.0,106040.0,-0.389954,-0.258156,IRN,USA,901832
9502844,109,231,9734,2018,0.0,11712.0,0.252338,-0.341319,ISL,USA,901832
9502845,110,231,9734,2018,3660627.0,1488417.0,1.355071,0.872822,ISR,USA,901832
9502846,111,231,9734,2018,3551952.0,1273461.0,1.3602530000000002,0.453607,ITA,USA,901832
9502847,112,231,9734,2018,0.0,549710.0,-0.339328,-0.8756659999999999,JAM,USA,901832
9502848,113,231,9734,2018,0.0,49974.0,-0.086895,0.283829,JOR,USA,901832
9502849,114,231,9734,2018,47431920.0,4700372.0,2.514533,-0.416074,JPN,USA,901832
9502850,115,231,9734,2018,0.0,4720.0,-0.483862,-0.667417,KAZ,USA,901832
9502851,116,231,9734,2018,0.0,23102.0,-0.32707800000000004,0.71009,KEN,USA,901832
9502852,117,231,9734,2018,0.0,2787.0,-0.141491,0.33161,KGZ,USA,901832
9502853,118,231,9734,2018,40208.0,19111.0,-0.45740299999999995,-0.575966,KHM,USA,901832
9502854,119,231,9734,2018,0.0,16159.0,-0.321563,-0.9075110000000001,KIR,USA,901832
9502855,121,231,9734,2018,33649856.0,2990768.0,2.093866,0.764303,KOR,USA,901832
9502856,122,231,9734,2018,0.0,25900.0,-0.668802,-1.154012,KWT,USA,901832
9502857,124,231,9734,2018,0.0,113101.0,0.270554,0.9995149999999999,LBN,USA,901832
9502858,125,231,9734,2018,0.0,5849.0,-1.022881,-1.124718,LBR,USA,901832
9502859,127,231,9734,2018,0.0,89773.0,0.18656,-0.143406,LCA,USA,901832
9502860,128,231,9734,2018,0.0,94631.0,-0.544504,0.41074099999999997,LKA,USA,901832
9502861,130,231,9734,2018,0.0,67928.0,0.964249,1.4050200000000002,LTU,USA,901832
9502862,133,231,9734,2018,0.0,200142.0,0.44520299999999996,0.042491,MAC,USA,901832
9502863,134,231,9734,2018,0.0,33176.0,-0.712775,-0.090013,MAR,USA,901832
9502864,135,231,9734,2018,0.0,1537.0,-0.358412,-0.271334,MDA,USA,901832
9502865,136,231,9734,2018,0.0,12514.0,-1.2144549999999998,-0.748326,MDG,USA,901832
9502866,138,231,9734,2018,51358996.0,119467640.0,1.00061,0.585759,MEX,USA,901832
9502867,140,231,9734,2018,0.0,2957.0,0.079976,-0.20256,MKD,USA,901832
9502868,144,231,9734,2018,0.0,34962.0,0.332495,0.124258,MNE,USA,901832
9502869,145,231,9734,2018,0.0,32146.0,-0.934398,-1.125105,MNG,USA,901832
9502870,151,231,9734,2018,0.0,30071.0,-0.128221,0.15049400000000002,MUS,USA,901832
9502871,152,231,9734,2018,0.0,2202.0,-0.7015979999999999,-0.9293680000000001,MWI,USA,901832
9502872,153,231,9734,2018,2850790.0,309822.0,1.122976,0.734109,MYS,USA,901832
9502873,155,231,9734,2018,0.0,20028.0,-0.668091,-0.779938,NAM,USA,901832
9502874,159,231,9734,2018,0.0,13213.0,-1.8238,-1.259938,NGA,USA,901832
9502875,160,231,9734,2018,1525752.0,430583.0,-0.887282,-0.827008,NIC,USA,901832
9502876,162,231,9734,2018,576984.0,8112556.0,1.1478899999999999,1.454758,NLD,USA,901832
9502877,163,231,9734,2018,2297.0,110584.0,0.681639,0.021762,NOR,USA,901832
9502878,164,231,9734,2018,0.0,9755.0,-0.252837,0.999258,NPL,USA,901832
9502879,166,231,9734,2018,232813.0,44944.0,0.21902600000000003,0.148714,NZL,USA,901832
9502880,167,231,9734,2018,0.0,1338.0,-0.548048,-0.9972989999999999,OMN,USA,901832
9502881,168,231,9734,2018,12325.0,42547.0,-0.64348,0.665045,PAK,USA,901832
9502882,169,231,9734,2018,0.0,1558532.0,0.104326,-0.11611800000000001,PAN,USA,901832
9502883,173,231,9734,2018,24343.0,940815.0,-0.6673060000000001,-0.183315,PER,USA,901832
9502884,174,231,9734,2018,5841582.0,8540.0,0.781409,0.22126700000000002,PHL,USA,901832
9502885,175,231,9734,2018,0.0,581.0,0.07495,-0.8339719999999999,PLW,USA,901832
9502886,177,231,9734,2018,3644468.0,321838.0,1.132475,1.258945,POL,USA,901832
9502887,179,231,9734,2018,53233.0,5873.0,0.652628,2.211758,PRT,USA,901832
9502888,180,231,9734,2018,0.0,195571.0,-0.614751,-0.952478,PRY,USA,901832
9502889,181,231,9734,2018,0.0,867.0,0.096402,0.735946,PSE,USA,901832
9502890,182,231,9734,2018,0.0,11447.0,0.21430300000000002,-0.484076,PYF,USA,901832
9502891,183,231,9734,2018,0.0,119956.0,-0.068401,-1.014732,QAT,USA,901832
9502892,185,231,9734,2018,1657.0,7421.0,1.050715,1.04471,ROU,USA,901832
9502893,186,231,9734,2018,0.0,160792.0,0.21398000000000003,0.100414,RUS,USA,901832
9502894,187,231,9734,2018,0.0,14041.0,-0.618925,-0.788172,RWA,USA,901832
9502895,188,231,9734,2018,0.0,355378.0,0.5801810000000001,-0.447514,SAU,USA,901832
9502896,191,231,9734,2018,0.0,11256.0,-0.751378,-0.390573,SEN,USA,901832
9502897,192,231,9734,2018,16876508.0,5755480.0,1.914132,0.652011,SGP,USA,901832
9502898,196,231,9734,2018,0.0,1570.0,-0.06932999999999999,-0.36035300000000003,SLE,USA,901832
9502899,197,231,9734,2018,0.0,521144.0,0.073928,0.22548600000000002,SLV,USA,901832
9502900,201,231,9734,2018,0.0,44945.0,0.607486,1.2139389999999999,SRB,USA,901832
9502901,205,231,9734,2018,0.0,604706.0,-0.798074,-1.023046,SUR,USA,901832
9502902,206,231,9734,2018,56696.0,60624.0,1.3270979999999999,0.877684,SVK,USA,901832
9502903,207,231,9734,2018,0.0,70596.0,1.67428,0.7703800000000001,SVN,USA,901832
9502904,208,231,9734,2018,593351.0,786124.0,1.76361,0.766904,SWE,USA,901832
9502905,213,231,9734,2018,0.0,4312.0,0.915309,-0.1886,TCA,USA,901832
9502906,216,231,9734,2018,16588488.0,391249.0,1.053177,1.4084969999999999,THA,USA,901832
9502907,217,231,9734,2018,0.0,3821.0,-0.757793,-1.0641209999999999,TJK,USA,901832
9502908,222,231,9734,2018,0.0,9878.0,-0.281617,-1.009652,TTO,USA,901832
9502909,223,231,9734,2018,0.0,75740.0,0.259778,1.187194,TUN,USA,901832
9502910,224,231,9734,2018,12202.0,375505.0,0.518721,2.5581419999999997,TUR,USA,901832
9502911,226,231,9734,2018,0.0,12256.0,-0.09850700000000001,1.145606,TZA,USA,901832
9502912,227,231,9734,2018,0.0,32176.0,-0.621049,-0.061448,UGA,USA,901832
9502913,228,231,9734,2018,1280.0,11897.0,0.337296,0.758675,UKR,USA,901832
9502914,230,231,9734,2018,0.0,285618.0,-0.02056,-0.38911,URY,USA,901832
9502915,232,231,9734,2018,0.0,857.0,-0.591547,-0.429982,UZB,USA,901832
9502916,234,231,9734,2018,0.0,5208.0,-0.274831,-0.603525,VCT,USA,901832
9502917,236,231,9734,2018,22265.0,9123.0,-1.081138,-1.198717,VEN,USA,901832
9502918,239,231,9734,2018,3499648.0,688538.0,0.003069,0.9169729999999999,VNM,USA,901832
9502919,246,231,9734,2018,7828.0,628415.0,0.158722,1.394829,ZAF,USA,901832
9502920,248,231,9734,2018,0.0,4188.0,-1.181524,-1.0648520000000001,ZWE,USA,901832
9502921,249,231,9734,2018,465843.0,305522.0,2.0462540000000002,1.166636,TWN,USA,901832
9502922,43,236,9734,2018,6021096.0,0.0,1.200689,1.2822,CHN,VEN,901832
9502923,49,236,9734,2018,11338.0,0.0,0.20431,-0.15273699999999998,COL,VEN,901832
9502924,61,236,9734,2018,4107.0,0.0,2.109059,-2.428826,DEU,VEN,901832
9502925,64,236,9734,2018,3569.0,0.0,1.0945040000000001,1.3311540000000002,DNK,VEN,901832
9502926,224,236,9734,2018,16003.0,0.0,0.518721,2.5581419999999997,TUR,VEN,901832
9502927,231,236,9734,2018,9123.0,22265.0,1.585861,0.44815900000000003,USA,VEN,901832
9502928,2,246,9734,2018,0.0,3652.0,-1.489191,-1.213992,AGO,ZAF,901832
9502929,7,246,9734,2018,0.0,4637.0,0.11804400000000001,-0.326851,ARE,ZAF,901832
9502930,14,246,9734,2018,1770.0,1384.0,-0.29687199999999997,-0.123116,AUS,ZAF,901832
9502931,15,246,9734,2018,4403.0,0.0,1.774488,-0.21117800000000003,AUT,ZAF,901832
9502932,18,246,9734,2018,217599.0,4442.0,1.270641,1.201063,BEL,ZAF,901832
9502933,37,246,9734,2018,0.0,84405.0,-0.8339610000000001,-1.184307,BWA,ZAF,901832
9502934,39,246,9734,2018,367837.0,0.0,0.666822,1.218593,CAN,ZAF,901832
9502935,41,246,9734,2018,31073.0,0.0,2.2324330000000003,0.7801560000000001,CHE,ZAF,901832
9502936,43,246,9734,2018,2936675.0,0.0,1.200689,1.2822,CHN,ZAF,901832
9502937,44,246,9734,2018,0.0,52246.0,-0.8733569999999999,-0.8443139999999999,CIV,ZAF,901832
9502938,46,246,9734,2018,0.0,15604.0,-1.743034,-1.20446,COD,ZAF,901832
9502939,52,246,9734,2018,237585.0,0.0,0.19386,0.05811,CRI,ZAF,901832
9502940,61,246,9734,2018,1159028.0,4063.0,2.109059,-2.428826,DEU,ZAF,901832
9502941,64,246,9734,2018,1616666.0,0.0,1.0945040000000001,1.3311540000000002,DNK,ZAF,901832
9502942,71,246,9734,2018,412691.0,0.0,0.744825,2.919005,ESP,ZAF,901832
9502943,74,246,9734,2018,16074.0,0.0,1.61151,0.9474549999999999,FIN,ZAF,901832
9502944,77,246,9734,2018,93271.0,0.0,1.420819,0.7793770000000001,FRA,ZAF,901832
9502945,81,246,9734,2018,137220.0,21923.0,1.693008,0.768159,GBR,ZAF,901832
9502946,83,246,9734,2018,0.0,2533.0,-0.956109,-0.861556,GHA,ZAF,901832
9502947,97,246,9734,2018,32534.0,0.0,0.843677,1.656073,HKG,ZAF,901832
9502948,103,246,9734,2018,0.0,47512.0,-0.10130499999999999,1.2414209999999999,IDN,ZAF,901832
9502949,104,246,9734,2018,1004364.0,0.0,0.526015,2.448112,IND,ZAF,901832
9502950,106,246,9734,2018,318833.0,0.0,1.262419,0.013576,IRL,ZAF,901832
9502951,108,246,9734,2018,0.0,1264659.0,-1.7504400000000002,-1.018699,IRQ,ZAF,901832
9502952,110,246,9734,2018,21826.0,0.0,1.355071,0.872822,ISR,ZAF,901832
9502953,111,246,9734,2018,139124.0,0.0,1.3602530000000002,0.453607,ITA,ZAF,901832
9502954,114,246,9734,2018,184191.0,0.0,2.514533,-0.416074,JPN,ZAF,901832
9502955,116,246,9734,2018,0.0,49868.0,-0.32707800000000004,0.71009,KEN,ZAF,901832
9502956,121,246,9734,2018,246450.0,0.0,2.093866,0.764303,KOR,ZAF,901832
9502957,129,246,9734,2018,0.0,143163.0,-0.413303,-0.46411899999999995,LSO,ZAF,901832
9502958,136,246,9734,2018,0.0,988.0,-1.2144549999999998,-0.748326,MDG,ZAF,901832
9502959,138,246,9734,2018,110485.0,0.0,1.00061,0.585759,MEX,ZAF,901832
9502960,147,246,9734,2018,0.0,82803.0,-1.380023,-1.027817,MOZ,ZAF,901832
9502961,151,246,9734,2018,58809.0,15675.0,-0.128221,0.15049400000000002,MUS,ZAF,901832
9502962,152,246,9734,2018,0.0,14923.0,-0.7015979999999999,-0.9293680000000001,MWI,ZAF,901832
9502963,153,246,9734,2018,111032.0,0.0,1.122976,0.734109,MYS,ZAF,901832
9502964,155,246,9734,2018,0.0,564221.0,-0.668091,-0.779938,NAM,ZAF,901832
9502965,159,246,9734,2018,0.0,6041.0,-1.8238,-1.259938,NGA,ZAF,901832
9502966,162,246,9734,2018,1305861.0,2275.0,1.1478899999999999,1.454758,NLD,ZAF,901832
9502967,168,246,9734,2018,2142.0,0.0,-0.64348,0.665045,PAK,ZAF,901832
9502968,174,246,9734,2018,123624.0,0.0,0.781409,0.22126700000000002,PHL,ZAF,901832
9502969,177,246,9734,2018,17355.0,0.0,1.132475,1.258945,POL,ZAF,901832
9502970,187,246,9734,2018,0.0,2060.0,-0.618925,-0.788172,RWA,ZAF,901832
9502971,192,246,9734,2018,4718.0,0.0,1.914132,0.652011,SGP,ZAF,901832
9502972,199,246,9734,2018,0.0,17867.0,-1.4787370000000002,-1.050578,SOM,ZAF,901832
9502973,208,246,9734,2018,5160.0,0.0,1.76361,0.766904,SWE,ZAF,901832
9502974,209,246,9734,2018,0.0,117793.0,-0.008154999999999999,-0.6079319999999999,SWZ,ZAF,901832
9502975,211,246,9734,2018,0.0,1081.0,0.187352,-0.693013,SYC,ZAF,901832
9502976,216,246,9734,2018,1504291.0,0.0,1.053177,1.4084969999999999,THA,ZAF,901832
9502977,224,246,9734,2018,100596.0,0.0,0.518721,2.5581419999999997,TUR,ZAF,901832
9502978,226,246,9734,2018,0.0,17758.0,-0.09850700000000001,1.145606,TZA,ZAF,901832
9502979,227,246,9734,2018,0.0,24886.0,-0.621049,-0.061448,UGA,ZAF,901832
9502980,231,246,9734,2018,628415.0,7828.0,1.585861,0.44815900000000003,USA,ZAF,901832
9502981,239,246,9734,2018,24554.0,0.0,0.003069,0.9169729999999999,VNM,ZAF,901832
9502982,247,246,9734,2018,0.0,35969.0,-0.736064,-0.93958,ZMB,ZAF,901832
9502983,248,246,9734,2018,0.0,147883.0,-1.181524,-1.0648520000000001,ZWE,ZAF,901832
9502984,249,246,9734,2018,190930.0,0.0,2.0462540000000002,1.166636,TWN,ZAF,901832
9502985,250,246,9734,2018,0.0,6237.0,0.809991,-0.368737,ANS,ZAF,901832
9502986,7,249,9734,2018,0.0,9383.0,0.11804400000000001,-0.326851,ARE,TWN,901832
9502987,8,249,9734,2018,0.0,37645.0,-0.14316800000000002,0.14356,ARG,TWN,901832
9502988,14,249,9734,2018,16852.0,25568.0,-0.29687199999999997,-0.123116,AUS,TWN,901832
9502989,15,249,9734,2018,4712.0,46463.0,1.774488,-0.21117800000000003,AUT,TWN,901832
9502990,18,249,9734,2018,1592.0,0.0,1.270641,1.201063,BEL,TWN,901832
9502991,22,249,9734,2018,0.0,1160.0,-0.899467,-0.9823719999999999,BGD,TWN,901832
9502992,23,249,9734,2018,0.0,4514.0,0.571226,1.836856,BGR,TWN,901832
9502993,32,249,9734,2018,0.0,716144.0,0.143397,0.582092,BRA,TWN,901832
9502994,39,249,9734,2018,7681.0,108731.0,0.666822,1.218593,CAN,TWN,901832
9502995,41,249,9734,2018,50747.0,2436.0,2.2324330000000003,0.7801560000000001,CHE,TWN,901832
9502996,42,249,9734,2018,0.0,274451.0,-0.37677,-0.49605299999999997,CHL,TWN,901832
9502997,43,249,9734,2018,1274579.0,1327940.0,1.200689,1.2822,CHN,TWN,901832
9502998,49,249,9734,2018,0.0,14322.0,0.20431,-0.15273699999999998,COL,TWN,901832
9502999,52,249,9734,2018,15705.0,0.0,0.19386,0.05811,CRI,TWN,901832
9503000,59,249,9734,2018,311142.0,22159.0,1.841016,0.220806,CZE,TWN,901832
9503001,61,249,9734,2018,93140.0,69933.0,2.109059,-2.428826,DEU,TWN,901832
9503002,64,249,9734,2018,0.0,3040.0,1.0945040000000001,1.3311540000000002,DNK,TWN,901832
9503003,65,249,9734,2018,394740.0,92878.0,-0.084258,0.474872,DOM,TWN,901832
9503004,67,249,9734,2018,0.0,26005.0,-0.873973,-1.032841,ECU,TWN,901832
9503005,68,249,9734,2018,0.0,454461.0,-0.096635,1.585658,EGY,TWN,901832
9503006,71,249,9734,2018,136578.0,20973.0,0.744825,2.919005,ESP,TWN,901832
9503007,74,249,9734,2018,0.0,4063.0,1.61151,0.9474549999999999,FIN,TWN,901832
9503008,77,249,9734,2018,413008.0,5742.0,1.420819,0.7793770000000001,FRA,TWN,901832
9503009,81,249,9734,2018,1406.0,21935.0,1.693008,0.768159,GBR,TWN,901832
9503010,97,249,9734,2018,0.0,65646.0,0.843677,1.656073,HKG,TWN,901832
9503011,104,249,9734,2018,92850.0,573885.0,0.526015,2.448112,IND,TWN,901832
9503012,106,249,9734,2018,311401.0,0.0,1.262419,0.013576,IRL,TWN,901832
9503013,110,249,9734,2018,70784.0,10882.0,1.355071,0.872822,ISR,TWN,901832
9503014,111,249,9734,2018,176499.0,21660.0,1.3602530000000002,0.453607,ITA,TWN,901832
9503015,113,249,9734,2018,0.0,1518.0,-0.086895,0.283829,JOR,TWN,901832
9503016,114,249,9734,2018,3633428.0,2154158.0,2.514533,-0.416074,JPN,TWN,901832
9503017,116,249,9734,2018,0.0,6060.0,-0.32707800000000004,0.71009,KEN,TWN,901832
9503018,117,249,9734,2018,0.0,14961.0,-0.141491,0.33161,KGZ,TWN,901832
9503019,121,249,9734,2018,445637.0,45568.0,2.093866,0.764303,KOR,TWN,901832
9503020,123,249,9734,2018,0.0,2054.0,-0.788808,-0.8012670000000001,LAO,TWN,901832
9503021,133,249,9734,2018,0.0,1390.0,0.44520299999999996,0.042491,MAC,TWN,901832
9503022,134,249,9734,2018,0.0,4595.0,-0.712775,-0.090013,MAR,TWN,901832
9503023,138,249,9734,2018,568842.0,0.0,1.00061,0.585759,MEX,TWN,901832
9503024,147,249,9734,2018,0.0,789.0,-1.380023,-1.027817,MOZ,TWN,901832
9503025,153,249,9734,2018,793893.0,39732.0,1.122976,0.734109,MYS,TWN,901832
9503026,162,249,9734,2018,6015.0,225647.0,1.1478899999999999,1.454758,NLD,TWN,901832
9503027,163,249,9734,2018,0.0,57062.0,0.681639,0.021762,NOR,TWN,901832
9503028,164,249,9734,2018,0.0,46408.0,-0.252837,0.999258,NPL,TWN,901832
9503029,166,249,9734,2018,0.0,22255.0,0.21902600000000003,0.148714,NZL,TWN,901832
9503030,168,249,9734,2018,0.0,16822.0,-0.64348,0.665045,PAK,TWN,901832
9503031,173,249,9734,2018,0.0,10502.0,-0.6673060000000001,-0.183315,PER,TWN,901832
9503032,174,249,9734,2018,110105.0,248974.0,0.781409,0.22126700000000002,PHL,TWN,901832
9503033,177,249,9734,2018,2409.0,12925.0,1.132475,1.258945,POL,TWN,901832
9503034,179,249,9734,2018,0.0,1679.0,0.652628,2.211758,PRT,TWN,901832
9503035,186,249,9734,2018,0.0,103511.0,0.21398000000000003,0.100414,RUS,TWN,901832
9503036,188,249,9734,2018,0.0,66471.0,0.5801810000000001,-0.447514,SAU,TWN,901832
9503037,192,249,9734,2018,6899848.0,8712.0,1.914132,0.652011,SGP,TWN,901832
9503038,206,249,9734,2018,0.0,3145.0,1.3270979999999999,0.877684,SVK,TWN,901832
9503039,208,249,9734,2018,127638.0,169679.0,1.76361,0.766904,SWE,TWN,901832
9503040,216,249,9734,2018,571982.0,129604.0,1.053177,1.4084969999999999,THA,TWN,901832
9503041,223,249,9734,2018,0.0,92012.0,0.259778,1.187194,TUN,TWN,901832
9503042,224,249,9734,2018,1940.0,15510.0,0.518721,2.5581419999999997,TUR,TWN,901832
9503043,228,249,9734,2018,3299.0,0.0,0.337296,0.758675,UKR,TWN,901832
9503044,230,249,9734,2018,0.0,2006.0,-0.02056,-0.38911,URY,TWN,901832
9503045,231,249,9734,2018,305522.0,465843.0,1.585861,0.44815900000000003,USA,TWN,901832
9503046,239,249,9734,2018,116615.0,410113.0,0.003069,0.9169729999999999,VNM,TWN,901832
9503047,246,249,9734,2018,0.0,190930.0,0.158722,1.394829,ZAF,TWN,901832
9503048,248,249,9734,2018,0.0,1378.0,-1.181524,-1.0648520000000001,ZWE,TWN,901832
9503049,250,249,9734,2018,8416.0,0.0,0.809991,-0.368737,ANS,TWN,901832
9503050,0,250,9734,2018,0.0,23834.0,0.8710549999999999,0.084402,ABW,ANS,901832
9503051,42,250,9734,2018,3486.0,804053.0,-0.37677,-0.49605299999999997,CHL,ANS,901832
9503052,43,250,9734,2018,0.0,1842.0,1.200689,1.2822,CHN,ANS,901832
9503053,52,250,9734,2018,0.0,1686290.0,0.19386,0.05811,CRI,ANS,901832
9503054,71,250,9734,2018,0.0,188669.0,0.744825,2.919005,ESP,ANS,901832
9503055,72,250,9734,2018,0.0,123663.0,0.979986,1.2365899999999999,EST,ANS,901832
9503056,77,250,9734,2018,0.0,381804.0,1.420819,0.7793770000000001,FRA,ANS,901832
9503057,97,250,9734,2018,2604.0,0.0,0.843677,1.656073,HKG,ANS,901832
9503058,106,250,9734,2018,0.0,13270.0,1.262419,0.013576,IRL,ANS,901832
9503059,113,250,9734,2018,359850.0,0.0,-0.086895,0.283829,JOR,ANS,901832
9503060,186,250,9734,2018,35673.0,0.0,0.21398000000000003,0.100414,RUS,ANS,901832
9503061,188,250,9734,2018,0.0,30933.0,0.5801810000000001,-0.447514,SAU,ANS,901832
9503062,206,250,9734,2018,0.0,87318.0,1.3270979999999999,0.877684,SVK,ANS,901832
9503063,217,250,9734,2018,0.0,4687.0,-0.757793,-1.0641209999999999,TJK,ANS,901832
9503064,223,250,9734,2018,0.0,136612.0,0.259778,1.187194,TUN,ANS,901832
9503065,230,250,9734,2018,7845.0,0.0,-0.02056,-0.38911,URY,ANS,901832
9503066,243,250,9734,2018,0.0,22587.0,-1.3332899999999999,-1.200589,YEM,ANS,901832
9503067,246,250,9734,2018,6237.0,0.0,0.158722,1.394829,ZAF,ANS,901832
9503068,249,250,9734,2018,0.0,8416.0,2.0462540000000002,1.166636,TWN,ANS,901832
9503069,64,0,9734,2018,136365.0,0.0,1.0945040000000001,1.3311540000000002,DNK,ABW,901832
9503070,162,0,9734,2018,7365.0,0.0,1.1478899999999999,1.454758,NLD,ABW,901832
9503071,231,0,9734,2018,4968.0,0.0,1.585861,0.44815900000000003,USA,ABW,901832
9503072,250,0,9734,2018,23834.0,0.0,0.809991,-0.368737,ANS,ABW,901832
9503073,15,14,9734,2018,23377.0,429.0,1.774488,-0.21117800000000003,AUT,AUS,901832
9503074,18,14,9734,2018,32388.0,0.0,1.270641,1.201063,BEL,AUS,901832
9503075,28,14,9734,2018,0.0,13075.0,0.850089,0.8332870000000001,BLR,AUS,901832
9503076,39,14,9734,2018,20767.0,63624.0,0.666822,1.218593,CAN,AUS,901832
9503077,41,14,9734,2018,88141.0,0.0,2.2324330000000003,0.7801560000000001,CHE,AUS,901832
9503078,42,14,9734,2018,0.0,2082.0,-0.37677,-0.49605299999999997,CHL,AUS,901832
9503079,43,14,9734,2018,3309003.0,7487516.0,1.200689,1.2822,CHN,AUS,901832
9503080,52,14,9734,2018,1065564.0,0.0,0.19386,0.05811,CRI,AUS,901832
9503081,59,14,9734,2018,258777.0,0.0,1.841016,0.220806,CZE,AUS,901832
9503082,61,14,9734,2018,1584429.0,2541432.0,2.109059,-2.428826,DEU,AUS,901832
9503083,64,14,9734,2018,1212770.0,7499.0,1.0945040000000001,1.3311540000000002,DNK,AUS,901832
9503084,65,14,9734,2018,482309.0,0.0,-0.084258,0.474872,DOM,AUS,901832
9503085,68,14,9734,2018,0.0,45288.0,-0.096635,1.585658,EGY,AUS,901832
9503086,71,14,9734,2018,15920.0,0.0,0.744825,2.919005,ESP,AUS,901832
9503087,75,14,9734,2018,0.0,4963.0,-0.269185,0.006362,FJI,AUS,901832
9503088,77,14,9734,2018,539942.0,33073.0,1.420819,0.7793770000000001,FRA,AUS,901832
9503089,81,14,9734,2018,570300.0,0.0,1.693008,0.768159,GBR,AUS,901832
9503090,82,14,9734,2018,3802.0,0.0,-0.049871,-0.28439899999999996,GEO,AUS,901832
9503091,97,14,9734,2018,11956.0,0.0,0.843677,1.656073,HKG,AUS,901832
9503092,99,14,9734,2018,0.0,1231.0,-0.523738,-0.193198,HND,AUS,901832
9503093,102,14,9734,2018,1810.0,0.0,1.519662,0.833092,HUN,AUS,901832
9503094,103,14,9734,2018,0.0,28387.0,-0.10130499999999999,1.2414209999999999,IDN,AUS,901832
9503095,104,14,9734,2018,296140.0,1508.0,0.526015,2.448112,IND,AUS,901832
9503096,106,14,9734,2018,1241304.0,0.0,1.262419,0.013576,IRL,AUS,901832
9503097,110,14,9734,2018,96885.0,0.0,1.355071,0.872822,ISR,AUS,901832
9503098,111,14,9734,2018,1784.0,0.0,1.3602530000000002,0.453607,ITA,AUS,901832
9503099,114,14,9734,2018,2820241.0,364924.0,2.514533,-0.416074,JPN,AUS,901832
9503100,115,14,9734,2018,0.0,18720.0,-0.483862,-0.667417,KAZ,AUS,901832
9503101,119,14,9734,2018,0.0,1662.0,-0.321563,-0.9075110000000001,KIR,AUS,901832
9503102,121,14,9734,2018,204567.0,417011.0,2.093866,0.764303,KOR,AUS,901832
9503103,138,14,9734,2018,143329.0,70924.0,1.00061,0.585759,MEX,AUS,901832
9503104,140,14,9734,2018,0.0,13929.0,0.079976,-0.20256,MKD,AUS,901832
9503105,144,14,9734,2018,0.0,1686.0,0.332495,0.124258,MNE,AUS,901832
9503106,153,14,9734,2018,149861.0,46737.0,1.122976,0.734109,MYS,AUS,901832
9503107,162,14,9734,2018,835559.0,11788.0,1.1478899999999999,1.454758,NLD,AUS,901832
9503108,163,14,9734,2018,1228.0,803.0,0.681639,0.021762,NOR,AUS,901832
9503109,165,14,9734,2018,0.0,1663.0,0.8769610000000001,-0.095779,NRU,AUS,901832
9503110,166,14,9734,2018,10934.0,761527.0,0.21902600000000003,0.148714,NZL,AUS,901832
9503111,168,14,9734,2018,16077.0,3108.0,-0.64348,0.665045,PAK,AUS,901832
9503112,173,14,9734,2018,0.0,7393.0,-0.6673060000000001,-0.183315,PER,AUS,901832
9503113,174,14,9734,2018,564553.0,0.0,0.781409,0.22126700000000002,PHL,AUS,901832
9503114,176,14,9734,2018,0.0,7780.0,-1.7580360000000002,-1.239492,PNG,AUS,901832
9503115,177,14,9734,2018,171631.0,0.0,1.132475,1.258945,POL,AUS,901832
9503116,181,14,9734,2018,0.0,12661.0,0.096402,0.735946,PSE,AUS,901832
9503117,186,14,9734,2018,0.0,518684.0,0.21398000000000003,0.100414,RUS,AUS,901832
9503118,192,14,9734,2018,2509277.0,3277639.0,1.914132,0.652011,SGP,AUS,901832
9503119,194,14,9734,2018,3494.0,0.0,0.8986370000000001,-0.544551,SHN,AUS,901832
9503120,195,14,9734,2018,0.0,6496.0,-1.246494,-0.998495,SLB,AUS,901832
9503121,201,14,9734,2018,0.0,11731.0,0.607486,1.2139389999999999,SRB,AUS,901832
9503122,208,14,9734,2018,600161.0,0.0,1.76361,0.766904,SWE,AUS,901832
9503123,216,14,9734,2018,841677.0,0.0,1.053177,1.4084969999999999,THA,AUS,901832
9503124,224,14,9734,2018,1186.0,516492.0,0.518721,2.5581419999999997,TUR,AUS,901832
9503125,228,14,9734,2018,5151.0,173762.0,0.337296,0.758675,UKR,AUS,901832
9503126,231,14,9734,2018,7484275.0,2499245.0,1.585861,0.44815900000000003,USA,AUS,901832
9503127,239,14,9734,2018,185477.0,0.0,0.003069,0.9169729999999999,VNM,AUS,901832
9503128,242,14,9734,2018,0.0,7019.0,0.336421,0.186474,WSM,AUS,901832
9503129,246,14,9734,2018,1384.0,1770.0,0.158722,1.394829,ZAF,AUS,901832
9503130,249,14,9734,2018,25568.0,16852.0,2.0462540000000002,1.166636,TWN,AUS,901832
9503131,43,16,9734,2018,69105.0,0.0,1.200689,1.2822,CHN,AZE,901832
9503132,61,16,9734,2018,17898.0,0.0,2.109059,-2.428826,DEU,AZE,901832
9503133,64,16,9734,2018,20908.0,0.0,1.0945040000000001,1.3311540000000002,DNK,AZE,901832
9503134,72,16,9734,2018,1483.0,0.0,0.979986,1.2365899999999999,EST,AZE,901832
9503135,77,16,9734,2018,6391.0,0.0,1.420819,0.7793770000000001,FRA,AZE,901832
9503136,81,16,9734,2018,84906.0,0.0,1.693008,0.768159,GBR,AZE,901832
9503137,82,16,9734,2018,69098.0,0.0,-0.049871,-0.28439899999999996,GEO,AZE,901832
9503138,104,16,9734,2018,601.0,0.0,0.526015,2.448112,IND,AZE,901832
9503139,111,16,9734,2018,10774.0,0.0,1.3602530000000002,0.453607,ITA,AZE,901832
9503140,114,16,9734,2018,3567.0,0.0,2.514533,-0.416074,JPN,AZE,901832
9503141,121,16,9734,2018,101096.0,40628.0,2.093866,0.764303,KOR,AZE,901832
9503142,130,16,9734,2018,10648.0,0.0,0.964249,1.4050200000000002,LTU,AZE,901832
9503143,131,16,9734,2018,14603.0,0.0,1.1142889999999999,1.306066,LUX,AZE,901832
9503144,177,16,9734,2018,92720.0,0.0,1.132475,1.258945,POL,AZE,901832
9503145,186,16,9734,2018,5748.0,0.0,0.21398000000000003,0.100414,RUS,AZE,901832
9503146,208,16,9734,2018,11343.0,0.0,1.76361,0.766904,SWE,AZE,901832
9503147,216,16,9734,2018,4995.0,0.0,1.053177,1.4084969999999999,THA,AZE,901832
9503148,224,16,9734,2018,126942.0,0.0,0.518721,2.5581419999999997,TUR,AZE,901832
9503149,231,16,9734,2018,16024.0,0.0,1.585861,0.44815900000000003,USA,AZE,901832
9503150,43,22,9734,2018,994647.0,0.0,1.200689,1.2822,CHN,BGD,901832
9503151,61,22,9734,2018,92193.0,0.0,2.109059,-2.428826,DEU,BGD,901832
9503152,64,22,9734,2018,531108.0,0.0,1.0945040000000001,1.3311540000000002,DNK,BGD,901832
9503153,77,22,9734,2018,471920.0,0.0,1.420819,0.7793770000000001,FRA,BGD,901832
9503154,104,22,9734,2018,2363081.0,0.0,0.526015,2.448112,IND,BGD,901832
9503155,114,22,9734,2018,291069.0,0.0,2.514533,-0.416074,JPN,BGD,901832
9503156,121,22,9734,2018,210261.0,0.0,2.093866,0.764303,KOR,BGD,901832
9503157,153,22,9734,2018,209079.0,0.0,1.122976,0.734109,MYS,BGD,901832
9503158,192,22,9734,2018,246258.0,0.0,1.914132,0.652011,SGP,BGD,901832
9503159,208,22,9734,2018,1037.0,0.0,1.76361,0.766904,SWE,BGD,901832
9503160,224,22,9734,2018,20297.0,0.0,0.518721,2.5581419999999997,TUR,BGD,901832
9503161,231,22,9734,2018,28144.0,0.0,1.585861,0.44815900000000003,USA,BGD,901832
9503162,239,22,9734,2018,53974.0,0.0,0.003069,0.9169729999999999,VNM,BGD,901832
9503163,249,22,9734,2018,1160.0,0.0,2.0462540000000002,1.166636,TWN,BGD,901832
9503164,15,26,9734,2018,177047.0,0.0,1.774488,-0.21117800000000003,AUT,BIH,901832
9503165,18,26,9734,2018,86447.0,0.0,1.270641,1.201063,BEL,BIH,901832
9503166,41,26,9734,2018,328900.0,0.0,2.2324330000000003,0.7801560000000001,CHE,BIH,901832
9503167,42,26,9734,2018,0.0,2109.0,-0.37677,-0.49605299999999997,CHL,BIH,901832
9503168,43,26,9734,2018,51916.0,0.0,1.200689,1.2822,CHN,BIH,901832
9503169,59,26,9734,2018,1462.0,0.0,1.841016,0.220806,CZE,BIH,901832
9503170,61,26,9734,2018,29198.0,0.0,2.109059,-2.428826,DEU,BIH,901832
9503171,64,26,9734,2018,520428.0,0.0,1.0945040000000001,1.3311540000000002,DNK,BIH,901832
9503172,71,26,9734,2018,2696.0,0.0,0.744825,2.919005,ESP,BIH,901832
9503173,77,26,9734,2018,2458.0,0.0,1.420819,0.7793770000000001,FRA,BIH,901832
9503174,81,26,9734,2018,37732.0,0.0,1.693008,0.768159,GBR,BIH,901832
9503175,100,26,9734,2018,142781.0,3071.0,0.7923720000000001,1.4047209999999999,HRV,BIH,901832
9503176,106,26,9734,2018,26585.0,0.0,1.262419,0.013576,IRL,BIH,901832
9503177,111,26,9734,2018,17990.0,0.0,1.3602530000000002,0.453607,ITA,BIH,901832
9503178,114,26,9734,2018,26243.0,0.0,2.514533,-0.416074,JPN,BIH,901832
9503179,121,26,9734,2018,24354.0,0.0,2.093866,0.764303,KOR,BIH,901832
9503180,131,26,9734,2018,12964.0,0.0,1.1142889999999999,1.306066,LUX,BIH,901832
9503181,138,26,9734,2018,1504.0,0.0,1.00061,0.585759,MEX,BIH,901832
9503182,162,26,9734,2018,6087.0,0.0,1.1478899999999999,1.454758,NLD,BIH,901832
9503183,177,26,9734,2018,28772.0,0.0,1.132475,1.258945,POL,BIH,901832
9503184,201,26,9734,2018,19556.0,0.0,0.607486,1.2139389999999999,SRB,BIH,901832
9503185,206,26,9734,2018,15788.0,0.0,1.3270979999999999,0.877684,SVK,BIH,901832
9503186,207,26,9734,2018,6411.0,1966.0,1.67428,0.7703800000000001,SVN,BIH,901832
9503187,216,26,9734,2018,142731.0,0.0,1.053177,1.4084969999999999,THA,BIH,901832
9503188,224,26,9734,2018,30825.0,0.0,0.518721,2.5581419999999997,TUR,BIH,901832
9503189,231,26,9734,2018,18148.0,0.0,1.585861,0.44815900000000003,USA,BIH,901832
9503190,14,28,9734,2018,13075.0,0.0,-0.29687199999999997,-0.123116,AUS,BLR,901832
9503191,15,28,9734,2018,91857.0,0.0,1.774488,-0.21117800000000003,AUT,BLR,901832
9503192,18,28,9734,2018,23374.0,0.0,1.270641,1.201063,BEL,BLR,901832
9503193,41,28,9734,2018,6701.0,0.0,2.2324330000000003,0.7801560000000001,CHE,BLR,901832
9503194,43,28,9734,2018,166043.0,0.0,1.200689,1.2822,CHN,BLR,901832
9503195,52,28,9734,2018,8124.0,0.0,0.19386,0.05811,CRI,BLR,901832
9503196,61,28,9734,2018,943826.0,0.0,2.109059,-2.428826,DEU,BLR,901832
9503197,64,28,9734,2018,205194.0,0.0,1.0945040000000001,1.3311540000000002,DNK,BLR,901832
9503198,65,28,9734,2018,12023.0,0.0,-0.084258,0.474872,DOM,BLR,901832
9503199,71,28,9734,2018,9335.0,0.0,0.744825,2.919005,ESP,BLR,901832
9503200,72,28,9734,2018,1810.0,0.0,0.979986,1.2365899999999999,EST,BLR,901832
9503201,74,28,9734,2018,2803.0,0.0,1.61151,0.9474549999999999,FIN,BLR,901832
9503202,77,28,9734,2018,26705.0,0.0,1.420819,0.7793770000000001,FRA,BLR,901832
9503203,81,28,9734,2018,1137.0,0.0,1.693008,0.768159,GBR,BLR,901832
9503204,104,28,9734,2018,196961.0,0.0,0.526015,2.448112,IND,BLR,901832
9503205,106,28,9734,2018,15784.0,0.0,1.262419,0.013576,IRL,BLR,901832
9503206,111,28,9734,2018,661914.0,0.0,1.3602530000000002,0.453607,ITA,BLR,901832
9503207,114,28,9734,2018,9365.0,0.0,2.514533,-0.416074,JPN,BLR,901832
9503208,115,28,9734,2018,0.0,29144.0,-0.483862,-0.667417,KAZ,BLR,901832
9503209,121,28,9734,2018,3237.0,0.0,2.093866,0.764303,KOR,BLR,901832
9503210,130,28,9734,2018,73757.0,0.0,0.964249,1.4050200000000002,LTU,BLR,901832
9503211,132,28,9734,2018,3126.0,0.0,0.707168,1.294297,LVA,BLR,901832
9503212,138,28,9734,2018,1374.0,0.0,1.00061,0.585759,MEX,BLR,901832
9503213,153,28,9734,2018,5276.0,0.0,1.122976,0.734109,MYS,BLR,901832
9503214,162,28,9734,2018,3834.0,0.0,1.1478899999999999,1.454758,NLD,BLR,901832
9503215,177,28,9734,2018,139449.0,0.0,1.132475,1.258945,POL,BLR,901832
9503216,186,28,9734,2018,475167.0,528201.0,0.21398000000000003,0.100414,RUS,BLR,901832
9503217,192,28,9734,2018,55872.0,0.0,1.914132,0.652011,SGP,BLR,901832
9503218,206,28,9734,2018,849.0,0.0,1.3270979999999999,0.877684,SVK,BLR,901832
9503219,208,28,9734,2018,4924.0,0.0,1.76361,0.766904,SWE,BLR,901832
9503220,216,28,9734,2018,2712.0,0.0,1.053177,1.4084969999999999,THA,BLR,901832
9503221,224,28,9734,2018,148909.0,0.0,0.518721,2.5581419999999997,TUR,BLR,901832
9503222,228,28,9734,2018,0.0,25747.0,0.337296,0.758675,UKR,BLR,901832
9503223,231,28,9734,2018,94230.0,0.0,1.585861,0.44815900000000003,USA,BLR,901832
9503224,239,28,9734,2018,98975.0,0.0,0.003069,0.9169729999999999,VNM,BLR,901832
9503225,15,31,9734,2018,5682.0,0.0,1.774488,-0.21117800000000003,AUT,BOL,901832
9503226,41,31,9734,2018,8858.0,0.0,2.2324330000000003,0.7801560000000001,CHE,BOL,901832
9503227,42,31,9734,2018,35849.0,0.0,-0.37677,-0.49605299999999997,CHL,BOL,901832
9503228,43,31,9734,2018,158287.0,0.0,1.200689,1.2822,CHN,BOL,901832
9503229,61,31,9734,2018,9665.0,0.0,2.109059,-2.428826,DEU,BOL,901832
9503230,64,31,9734,2018,5533.0,0.0,1.0945040000000001,1.3311540000000002,DNK,BOL,901832
9503231,104,31,9734,2018,1052.0,0.0,0.526015,2.448112,IND,BOL,901832
9503232,114,31,9734,2018,10917.0,0.0,2.514533,-0.416074,JPN,BOL,901832
9503233,121,31,9734,2018,15610.0,0.0,2.093866,0.764303,KOR,BOL,901832
9503234,138,31,9734,2018,72730.0,0.0,1.00061,0.585759,MEX,BOL,901832
9503235,173,31,9734,2018,2377.0,0.0,-0.6673060000000001,-0.183315,PER,BOL,901832
9503236,216,31,9734,2018,25626.0,0.0,1.053177,1.4084969999999999,THA,BOL,901832
9503237,231,31,9734,2018,121299.0,0.0,1.585861,0.44815900000000003,USA,BOL,901832
9503238,14,59,9734,2018,0.0,258777.0,-0.29687199999999997,-0.123116,AUS,CZE,901832
9503239,15,59,9734,2018,42905.0,22605.0,1.774488,-0.21117800000000003,AUT,CZE,901832
9503240,18,59,9734,2018,1715368.0,327423.0,1.270641,1.201063,BEL,CZE,901832
9503241,26,59,9734,2018,0.0,1462.0,0.526392,0.742398,BIH,CZE,901832
9503242,32,59,9734,2018,0.0,470569.0,0.143397,0.582092,BRA,CZE,901832
9503243,39,59,9734,2018,1609.0,97704.0,0.666822,1.218593,CAN,CZE,901832
9503244,41,59,9734,2018,94934.0,363153.0,2.2324330000000003,0.7801560000000001,CHE,CZE,901832
9503245,42,59,9734,2018,0.0,2540.0,-0.37677,-0.49605299999999997,CHL,CZE,901832
9503246,43,59,9734,2018,544216.0,448555.0,1.200689,1.2822,CHN,CZE,901832
9503247,61,59,9734,2018,11063617.0,10450045.0,2.109059,-2.428826,DEU,CZE,901832
9503248,64,59,9734,2018,1228674.0,36235.0,1.0945040000000001,1.3311540000000002,DNK,CZE,901832
9503249,65,59,9734,2018,57356.0,0.0,-0.084258,0.474872,DOM,CZE,901832
9503250,71,59,9734,2018,63451.0,9177.0,0.744825,2.919005,ESP,CZE,901832
9503251,72,59,9734,2018,0.0,3183.0,0.979986,1.2365899999999999,EST,CZE,901832
9503252,74,59,9734,2018,9566.0,0.0,1.61151,0.9474549999999999,FIN,CZE,901832
9503253,77,59,9734,2018,174384.0,105982.0,1.420819,0.7793770000000001,FRA,CZE,901832
9503254,81,59,9734,2018,439550.0,11667.0,1.693008,0.768159,GBR,CZE,901832
9503255,90,59,9734,2018,0.0,28761.0,0.059539999999999996,1.0321879999999999,GRC,CZE,901832
9503256,102,59,9734,2018,7791.0,20909.0,1.519662,0.833092,HUN,CZE,901832
9503257,106,59,9734,2018,16082.0,0.0,1.262419,0.013576,IRL,CZE,901832
9503258,110,59,9734,2018,50045.0,0.0,1.355071,0.872822,ISR,CZE,901832
9503259,111,59,9734,2018,113401.0,4918.0,1.3602530000000002,0.453607,ITA,CZE,901832
9503260,114,59,9734,2018,871393.0,0.0,2.514533,-0.416074,JPN,CZE,901832
9503261,121,59,9734,2018,45096.0,100584.0,2.093866,0.764303,KOR,CZE,901832
9503262,124,59,9734,2018,0.0,1286.0,0.270554,0.9995149999999999,LBN,CZE,901832
9503263,138,59,9734,2018,144858.0,52244.0,1.00061,0.585759,MEX,CZE,901832
9503264,153,59,9734,2018,147338.0,0.0,1.122976,0.734109,MYS,CZE,901832
9503265,162,59,9734,2018,137526.0,23379.0,1.1478899999999999,1.454758,NLD,CZE,901832
9503266,166,59,9734,2018,0.0,9980.0,0.21902600000000003,0.148714,NZL,CZE,901832
9503267,168,59,9734,2018,9220.0,0.0,-0.64348,0.665045,PAK,CZE,901832
9503268,174,59,9734,2018,69446.0,0.0,0.781409,0.22126700000000002,PHL,CZE,901832
9503269,177,59,9734,2018,589794.0,11726.0,1.132475,1.258945,POL,CZE,901832
9503270,179,59,9734,2018,48625.0,0.0,0.652628,2.211758,PRT,CZE,901832
9503271,182,59,9734,2018,0.0,600.0,0.21430300000000002,-0.484076,PYF,CZE,901832
9503272,185,59,9734,2018,3980.0,16857.0,1.050715,1.04471,ROU,CZE,901832
9503273,186,59,9734,2018,0.0,1351.0,0.21398000000000003,0.100414,RUS,CZE,901832
9503274,192,59,9734,2018,15510.0,0.0,1.914132,0.652011,SGP,CZE,901832
9503275,206,59,9734,2018,190894.0,525862.0,1.3270979999999999,0.877684,SVK,CZE,901832
9503276,207,59,9734,2018,37045.0,12687.0,1.67428,0.7703800000000001,SVN,CZE,901832
9503277,208,59,9734,2018,230738.0,0.0,1.76361,0.766904,SWE,CZE,901832
9503278,216,59,9734,2018,119952.0,0.0,1.053177,1.4084969999999999,THA,CZE,901832
9503279,224,59,9734,2018,4104.0,1195.0,0.518721,2.5581419999999997,TUR,CZE,901832
9503280,231,59,9734,2018,933137.0,775645.0,1.585861,0.44815900000000003,USA,CZE,901832
9503281,239,59,9734,2018,308312.0,0.0,0.003069,0.9169729999999999,VNM,CZE,901832
9503282,249,59,9734,2018,22159.0,311142.0,2.0462540000000002,1.166636,TWN,CZE,901832
9503283,14,68,9734,2018,45288.0,0.0,-0.29687199999999997,-0.123116,AUS,EGY,901832
9503284,15,68,9734,2018,30765.0,0.0,1.774488,-0.21117800000000003,AUT,EGY,901832
9503285,18,68,9734,2018,832279.0,0.0,1.270641,1.201063,BEL,EGY,901832
9503286,41,68,9734,2018,18563.0,0.0,2.2324330000000003,0.7801560000000001,CHE,EGY,901832
9503287,43,68,9734,2018,3755586.0,0.0,1.200689,1.2822,CHN,EGY,901832
9503288,61,68,9734,2018,153926.0,157893.0,2.109059,-2.428826,DEU,EGY,901832
9503289,64,68,9734,2018,367021.0,0.0,1.0945040000000001,1.3311540000000002,DNK,EGY,901832
9503290,65,68,9734,2018,0.0,3295.0,-0.084258,0.474872,DOM,EGY,901832
9503291,71,68,9734,2018,1105808.0,0.0,0.744825,2.919005,ESP,EGY,901832
9503292,77,68,9734,2018,4677.0,0.0,1.420819,0.7793770000000001,FRA,EGY,901832
9503293,81,68,9734,2018,141123.0,0.0,1.693008,0.768159,GBR,EGY,901832
9503294,104,68,9734,2018,1187914.0,0.0,0.526015,2.448112,IND,EGY,901832
9503295,106,68,9734,2018,98988.0,0.0,1.262419,0.013576,IRL,EGY,901832
9503296,111,68,9734,2018,340771.0,0.0,1.3602530000000002,0.453607,ITA,EGY,901832
9503297,114,68,9734,2018,557723.0,0.0,2.514533,-0.416074,JPN,EGY,901832
9503298,116,68,9734,2018,0.0,1245.0,-0.32707800000000004,0.71009,KEN,EGY,901832
9503299,121,68,9734,2018,518378.0,0.0,2.093866,0.764303,KOR,EGY,901832
9503300,157,68,9734,2018,0.0,799.0,-0.633115,-0.839564,NER,EGY,901832
9503301,162,68,9734,2018,31401.0,0.0,1.1478899999999999,1.454758,NLD,EGY,901832
9503302,168,68,9734,2018,0.0,3528.0,-0.64348,0.665045,PAK,EGY,901832
9503303,177,68,9734,2018,103438.0,0.0,1.132475,1.258945,POL,EGY,901832
9503304,190,68,9734,2018,0.0,5845.0,-1.278532,-1.176008,SDN,EGY,901832
9503305,192,68,9734,2018,113496.0,0.0,1.914132,0.652011,SGP,EGY,901832
9503306,216,68,9734,2018,1487514.0,0.0,1.053177,1.4084969999999999,THA,EGY,901832
9503307,224,68,9734,2018,180334.0,0.0,0.518721,2.5581419999999997,TUR,EGY,901832
9503308,231,68,9734,2018,6191.0,0.0,1.585861,0.44815900000000003,USA,EGY,901832
9503309,239,68,9734,2018,0.0,1171.0,0.003069,0.9169729999999999,VNM,EGY,901832
9503310,243,68,9734,2018,0.0,17930.0,-1.3332899999999999,-1.200589,YEM,EGY,901832
9503311,249,68,9734,2018,454461.0,0.0,2.0462540000000002,1.166636,TWN,EGY,901832
9503312,16,72,9734,2018,0.0,1483.0,-1.144089,-1.224327,AZE,EST,901832
9503313,28,72,9734,2018,0.0,1810.0,0.850089,0.8332870000000001,BLR,EST,901832
9503314,43,72,9734,2018,58854.0,0.0,1.200689,1.2822,CHN,EST,901832
9503315,59,72,9734,2018,3183.0,0.0,1.841016,0.220806,CZE,EST,901832
9503316,61,72,9734,2018,79967.0,79748.0,2.109059,-2.428826,DEU,EST,901832
9503317,64,72,9734,2018,16403.0,0.0,1.0945040000000001,1.3311540000000002,DNK,EST,901832
9503318,71,72,9734,2018,10605.0,2427.0,0.744825,2.919005,ESP,EST,901832
9503319,74,72,9734,2018,28594.0,0.0,1.61151,0.9474549999999999,FIN,EST,901832
9503320,77,72,9734,2018,8202.0,0.0,1.420819,0.7793770000000001,FRA,EST,901832
9503321,81,72,9734,2018,15369.0,2491.0,1.693008,0.768159,GBR,EST,901832
9503322,100,72,9734,2018,11637.0,0.0,0.7923720000000001,1.4047209999999999,HRV,EST,901832
9503323,102,72,9734,2018,4659.0,0.0,1.519662,0.833092,HUN,EST,901832
9503324,106,72,9734,2018,3563.0,0.0,1.262419,0.013576,IRL,EST,901832
9503325,111,72,9734,2018,30272.0,0.0,1.3602530000000002,0.453607,ITA,EST,901832
9503326,114,72,9734,2018,49845.0,0.0,2.514533,-0.416074,JPN,EST,901832
9503327,115,72,9734,2018,0.0,37673.0,-0.483862,-0.667417,KAZ,EST,901832
9503328,121,72,9734,2018,33428.0,3518.0,2.093866,0.764303,KOR,EST,901832
9503329,130,72,9734,2018,81484.0,51569.0,0.964249,1.4050200000000002,LTU,EST,901832
9503330,132,72,9734,2018,54430.0,5541.0,0.707168,1.294297,LVA,EST,901832
9503331,162,72,9734,2018,97834.0,66349.0,1.1478899999999999,1.454758,NLD,EST,901832
9503332,163,72,9734,2018,0.0,7347.0,0.681639,0.021762,NOR,EST,901832
9503333,166,72,9734,2018,1357.0,0.0,0.21902600000000003,0.148714,NZL,EST,901832
9503334,167,72,9734,2018,0.0,6533.0,-0.548048,-0.9972989999999999,OMN,EST,901832
9503335,177,72,9734,2018,2634.0,0.0,1.132475,1.258945,POL,EST,901832
9503336,185,72,9734,2018,1047.0,0.0,1.050715,1.04471,ROU,EST,901832
9503337,186,72,9734,2018,0.0,68564.0,0.21398000000000003,0.100414,RUS,EST,901832
9503338,206,72,9734,2018,4576.0,0.0,1.3270979999999999,0.877684,SVK,EST,901832
9503339,208,72,9734,2018,3732.0,0.0,1.76361,0.766904,SWE,EST,901832
9503340,223,72,9734,2018,0.0,1995.0,0.259778,1.187194,TUN,EST,901832
9503341,224,72,9734,2018,1038.0,17103.0,0.518721,2.5581419999999997,TUR,EST,901832
9503342,231,72,9734,2018,12536.0,5369.0,1.585861,0.44815900000000003,USA,EST,901832
9503343,250,72,9734,2018,123663.0,0.0,0.809991,-0.368737,ANS,EST,901832
9503344,18,73,9734,2018,19896.0,0.0,1.270641,1.201063,BEL,ETH,901832
9503345,43,73,9734,2018,1590569.0,0.0,1.200689,1.2822,CHN,ETH,901832
9503346,61,73,9734,2018,2716.0,0.0,2.109059,-2.428826,DEU,ETH,901832
9503347,77,73,9734,2018,2275.0,0.0,1.420819,0.7793770000000001,FRA,ETH,901832
9503348,81,73,9734,2018,29460.0,0.0,1.693008,0.768159,GBR,ETH,901832
9503349,104,73,9734,2018,120808.0,0.0,0.526015,2.448112,IND,ETH,901832
9503350,111,73,9734,2018,814964.0,0.0,1.3602530000000002,0.453607,ITA,ETH,901832
9503351,121,73,9734,2018,74854.0,0.0,2.093866,0.764303,KOR,ETH,901832
9503352,192,73,9734,2018,2434.0,0.0,1.914132,0.652011,SGP,ETH,901832
9503353,216,73,9734,2018,2125.0,0.0,1.053177,1.4084969999999999,THA,ETH,901832
9503354,231,73,9734,2018,54406.0,0.0,1.585861,0.44815900000000003,USA,ETH,901832
9503355,9,82,9734,2018,2198.0,0.0,-0.330516,-0.604744,ARM,GEO,901832
9503356,14,82,9734,2018,0.0,3802.0,-0.29687199999999997,-0.123116,AUS,GEO,901832
9503357,16,82,9734,2018,0.0,69098.0,-1.144089,-1.224327,AZE,GEO,901832
9503358,18,82,9734,2018,43232.0,0.0,1.270641,1.201063,BEL,GEO,901832
9503359,23,82,9734,2018,0.0,3355.0,0.571226,1.836856,BGR,GEO,901832
9503360,43,82,9734,2018,454760.0,0.0,1.200689,1.2822,CHN,GEO,901832
9503361,61,82,9734,2018,574803.0,40629.0,2.109059,-2.428826,DEU,GEO,901832
9503362,64,82,9734,2018,23150.0,0.0,1.0945040000000001,1.3311540000000002,DNK,GEO,901832
9503363,104,82,9734,2018,4859.0,0.0,0.526015,2.448112,IND,GEO,901832
9503364,110,82,9734,2018,0.0,115513.0,1.355071,0.872822,ISR,GEO,901832
9503365,111,82,9734,2018,556841.0,0.0,1.3602530000000002,0.453607,ITA,GEO,901832
9503366,114,82,9734,2018,9399.0,0.0,2.514533,-0.416074,JPN,GEO,901832
9503367,115,82,9734,2018,0.0,6995.0,-0.483862,-0.667417,KAZ,GEO,901832
9503368,121,82,9734,2018,404849.0,0.0,2.093866,0.764303,KOR,GEO,901832
9503369,162,82,9734,2018,1296.0,0.0,1.1478899999999999,1.454758,NLD,GEO,901832
9503370,177,82,9734,2018,1288.0,0.0,1.132475,1.258945,POL,GEO,901832
9503371,186,82,9734,2018,29178.0,1627832.0,0.21398000000000003,0.100414,RUS,GEO,901832
9503372,192,82,9734,2018,0.0,2817.0,1.914132,0.652011,SGP,GEO,901832
9503373,208,82,9734,2018,2152.0,0.0,1.76361,0.766904,SWE,GEO,901832
9503374,224,82,9734,2018,107884.0,10594.0,0.518721,2.5581419999999997,TUR,GEO,901832
9503375,231,82,9734,2018,2590.0,0.0,1.585861,0.44815900000000003,USA,GEO,901832
9503376,15,100,9734,2018,10955.0,0.0,1.774488,-0.21117800000000003,AUT,HRV,901832
9503377,18,100,9734,2018,448164.0,0.0,1.270641,1.201063,BEL,HRV,901832
9503378,26,100,9734,2018,3071.0,142781.0,0.526392,0.742398,BIH,HRV,901832
9503379,41,100,9734,2018,220591.0,0.0,2.2324330000000003,0.7801560000000001,CHE,HRV,901832
9503380,42,100,9734,2018,0.0,2005.0,-0.37677,-0.49605299999999997,CHL,HRV,901832
9503381,43,100,9734,2018,197060.0,0.0,1.200689,1.2822,CHN,HRV,901832
9503382,49,100,9734,2018,0.0,7345.0,0.20431,-0.15273699999999998,COL,HRV,901832
9503383,61,100,9734,2018,478882.0,28698.0,2.109059,-2.428826,DEU,HRV,901832
9503384,64,100,9734,2018,1133490.0,0.0,1.0945040000000001,1.3311540000000002,DNK,HRV,901832
9503385,71,100,9734,2018,23633.0,10008.0,0.744825,2.919005,ESP,HRV,901832
9503386,72,100,9734,2018,0.0,11637.0,0.979986,1.2365899999999999,EST,HRV,901832
9503387,74,100,9734,2018,3029.0,0.0,1.61151,0.9474549999999999,FIN,HRV,901832
9503388,77,100,9734,2018,85692.0,0.0,1.420819,0.7793770000000001,FRA,HRV,901832
9503389,81,100,9734,2018,1515.0,9042.0,1.693008,0.768159,GBR,HRV,901832
9503390,102,100,9734,2018,0.0,21523.0,1.519662,0.833092,HUN,HRV,901832
9503391,104,100,9734,2018,1673.0,0.0,0.526015,2.448112,IND,HRV,901832
9503392,106,100,9734,2018,6026.0,0.0,1.262419,0.013576,IRL,HRV,901832
9503393,110,100,9734,2018,0.0,9597.0,1.355071,0.872822,ISR,HRV,901832
9503394,111,100,9734,2018,72140.0,25300.0,1.3602530000000002,0.453607,ITA,HRV,901832
9503395,114,100,9734,2018,18421.0,0.0,2.514533,-0.416074,JPN,HRV,901832
9503396,121,100,9734,2018,54594.0,0.0,2.093866,0.764303,KOR,HRV,901832
9503397,132,100,9734,2018,0.0,3808.0,0.707168,1.294297,LVA,HRV,901832
9503398,134,100,9734,2018,0.0,41799.0,-0.712775,-0.090013,MAR,HRV,901832
9503399,140,100,9734,2018,0.0,2983.0,0.079976,-0.20256,MKD,HRV,901832
9503400,144,100,9734,2018,0.0,1365.0,0.332495,0.124258,MNE,HRV,901832
9503401,162,100,9734,2018,70893.0,3025.0,1.1478899999999999,1.454758,NLD,HRV,901832
9503402,177,100,9734,2018,23126.0,0.0,1.132475,1.258945,POL,HRV,901832
9503403,179,100,9734,2018,0.0,46200.0,0.652628,2.211758,PRT,HRV,901832
9503404,185,100,9734,2018,0.0,13043.0,1.050715,1.04471,ROU,HRV,901832
9503405,201,100,9734,2018,0.0,61257.0,0.607486,1.2139389999999999,SRB,HRV,901832
9503406,206,100,9734,2018,124382.0,2275.0,1.3270979999999999,0.877684,SVK,HRV,901832
9503407,207,100,9734,2018,387698.0,12079.0,1.67428,0.7703800000000001,SVN,HRV,901832
9503408,208,100,9734,2018,2177.0,0.0,1.76361,0.766904,SWE,HRV,901832
9503409,216,100,9734,2018,191996.0,0.0,1.053177,1.4084969999999999,THA,HRV,901832
9503410,228,100,9734,2018,3814.0,11873.0,0.337296,0.758675,UKR,HRV,901832
9503411,231,100,9734,2018,2694.0,0.0,1.585861,0.44815900000000003,USA,HRV,901832
9503412,239,100,9734,2018,1158.0,0.0,0.003069,0.9169729999999999,VNM,HRV,901832
9503413,7,107,9734,2018,1477076.0,0.0,0.11804400000000001,-0.326851,ARE,IRN,901832
9503414,15,107,9734,2018,5663.0,0.0,1.774488,-0.21117800000000003,AUT,IRN,901832
9503415,18,107,9734,2018,386225.0,0.0,1.270641,1.201063,BEL,IRN,901832
9503416,39,107,9734,2018,21943.0,0.0,0.666822,1.218593,CAN,IRN,901832
9503417,41,107,9734,2018,5955.0,0.0,2.2324330000000003,0.7801560000000001,CHE,IRN,901832
9503418,43,107,9734,2018,3438592.0,0.0,1.200689,1.2822,CHN,IRN,901832
9503419,61,107,9734,2018,190442.0,0.0,2.109059,-2.428826,DEU,IRN,901832
9503420,64,107,9734,2018,1056958.0,0.0,1.0945040000000001,1.3311540000000002,DNK,IRN,901832
9503421,71,107,9734,2018,447099.0,0.0,0.744825,2.919005,ESP,IRN,901832
9503422,77,107,9734,2018,372834.0,0.0,1.420819,0.7793770000000001,FRA,IRN,901832
9503423,81,107,9734,2018,15013.0,0.0,1.693008,0.768159,GBR,IRN,901832
9503424,104,107,9734,2018,664342.0,0.0,0.526015,2.448112,IND,IRN,901832
9503425,108,107,9734,2018,0.0,40369.0,-1.7504400000000002,-1.018699,IRQ,IRN,901832
9503426,111,107,9734,2018,505495.0,0.0,1.3602530000000002,0.453607,ITA,IRN,901832
9503427,114,107,9734,2018,717576.0,0.0,2.514533,-0.416074,JPN,IRN,901832
9503428,121,107,9734,2018,1780577.0,0.0,2.093866,0.764303,KOR,IRN,901832
9503429,122,107,9734,2018,0.0,28460.0,-0.668802,-1.154012,KWT,IRN,901832
9503430,162,107,9734,2018,68346.0,0.0,1.1478899999999999,1.454758,NLD,IRN,901832
9503431,163,107,9734,2018,0.0,27445.0,0.681639,0.021762,NOR,IRN,901832
9503432,177,107,9734,2018,282894.0,0.0,1.132475,1.258945,POL,IRN,901832
9503433,183,107,9734,2018,32129.0,0.0,-0.068401,-1.014732,QAT,IRN,901832
9503434,208,107,9734,2018,13968.0,0.0,1.76361,0.766904,SWE,IRN,901832
9503435,224,107,9734,2018,71777.0,0.0,0.518721,2.5581419999999997,TUR,IRN,901832
9503436,231,107,9734,2018,106040.0,0.0,1.585861,0.44815900000000003,USA,IRN,901832
9503437,239,107,9734,2018,8957.0,0.0,0.003069,0.9169729999999999,VNM,IRN,901832
9503438,7,108,9734,2018,32612.0,0.0,0.11804400000000001,-0.326851,ARE,IRQ,901832
9503439,15,108,9734,2018,7299.0,0.0,1.774488,-0.21117800000000003,AUT,IRQ,901832
9503440,41,108,9734,2018,1237.0,0.0,2.2324330000000003,0.7801560000000001,CHE,IRQ,901832
9503441,43,108,9734,2018,991092.0,0.0,1.200689,1.2822,CHN,IRQ,901832
9503442,61,108,9734,2018,51401.0,0.0,2.109059,-2.428826,DEU,IRQ,901832
9503443,64,108,9734,2018,118812.0,0.0,1.0945040000000001,1.3311540000000002,DNK,IRQ,901832
9503444,77,108,9734,2018,28527.0,0.0,1.420819,0.7793770000000001,FRA,IRQ,901832
9503445,81,108,9734,2018,21236.0,0.0,1.693008,0.768159,GBR,IRQ,901832
9503446,104,108,9734,2018,556454.0,0.0,0.526015,2.448112,IND,IRQ,901832
9503447,107,108,9734,2018,40369.0,0.0,-0.389954,-0.258156,IRN,IRQ,901832
9503448,111,108,9734,2018,69417.0,0.0,1.3602530000000002,0.453607,ITA,IRQ,901832
9503449,114,108,9734,2018,5019.0,0.0,2.514533,-0.416074,JPN,IRQ,901832
9503450,121,108,9734,2018,236957.0,0.0,2.093866,0.764303,KOR,IRQ,901832
9503451,162,108,9734,2018,4158.0,0.0,1.1478899999999999,1.454758,NLD,IRQ,901832
9503452,163,108,9734,2018,1411.0,0.0,0.681639,0.021762,NOR,IRQ,901832
9503453,186,108,9734,2018,5734.0,0.0,0.21398000000000003,0.100414,RUS,IRQ,901832
9503454,208,108,9734,2018,2764.0,0.0,1.76361,0.766904,SWE,IRQ,901832
9503455,224,108,9734,2018,143779.0,0.0,0.518721,2.5581419999999997,TUR,IRQ,901832
9503456,246,108,9734,2018,1264659.0,0.0,0.158722,1.394829,ZAF,IRQ,901832
9503457,14,115,9734,2018,18720.0,0.0,-0.29687199999999997,-0.123116,AUS,KAZ,901832
9503458,18,115,9734,2018,390537.0,0.0,1.270641,1.201063,BEL,KAZ,901832
9503459,28,115,9734,2018,29144.0,0.0,0.850089,0.8332870000000001,BLR,KAZ,901832
9503460,41,115,9734,2018,3949.0,0.0,2.2324330000000003,0.7801560000000001,CHE,KAZ,901832
9503461,43,115,9734,2018,1255884.0,0.0,1.200689,1.2822,CHN,KAZ,901832
9503462,61,115,9734,2018,153448.0,4279.0,2.109059,-2.428826,DEU,KAZ,901832
9503463,64,115,9734,2018,1731.0,0.0,1.0945040000000001,1.3311540000000002,DNK,KAZ,901832
9503464,72,115,9734,2018,37673.0,0.0,0.979986,1.2365899999999999,EST,KAZ,901832
9503465,77,115,9734,2018,17984.0,0.0,1.420819,0.7793770000000001,FRA,KAZ,901832
9503466,81,115,9734,2018,66837.0,0.0,1.693008,0.768159,GBR,KAZ,901832
9503467,82,115,9734,2018,6995.0,0.0,-0.049871,-0.28439899999999996,GEO,KAZ,901832
9503468,104,115,9734,2018,402164.0,0.0,0.526015,2.448112,IND,KAZ,901832
9503469,106,115,9734,2018,116463.0,0.0,1.262419,0.013576,IRL,KAZ,901832
9503470,111,115,9734,2018,59770.0,0.0,1.3602530000000002,0.453607,ITA,KAZ,901832
9503471,114,115,9734,2018,88069.0,0.0,2.514533,-0.416074,JPN,KAZ,901832
9503472,121,115,9734,2018,211459.0,0.0,2.093866,0.764303,KOR,KAZ,901832
9503473,130,115,9734,2018,182406.0,0.0,0.964249,1.4050200000000002,LTU,KAZ,901832
9503474,138,115,9734,2018,2678.0,0.0,1.00061,0.585759,MEX,KAZ,901832
9503475,153,115,9734,2018,67418.0,0.0,1.122976,0.734109,MYS,KAZ,901832
9503476,162,115,9734,2018,1534.0,0.0,1.1478899999999999,1.454758,NLD,KAZ,901832
9503477,177,115,9734,2018,53917.0,0.0,1.132475,1.258945,POL,KAZ,901832
9503478,186,115,9734,2018,121488.0,0.0,0.21398000000000003,0.100414,RUS,KAZ,901832
9503479,192,115,9734,2018,8205.0,0.0,1.914132,0.652011,SGP,KAZ,901832
9503480,216,115,9734,2018,186454.0,0.0,1.053177,1.4084969999999999,THA,KAZ,901832
9503481,224,115,9734,2018,481383.0,35602.0,0.518721,2.5581419999999997,TUR,KAZ,901832
9503482,231,115,9734,2018,4720.0,0.0,1.585861,0.44815900000000003,USA,KAZ,901832
9503483,232,115,9734,2018,0.0,4212.0,-0.591547,-0.429982,UZB,KAZ,901832
9503484,7,116,9734,2018,2457.0,0.0,0.11804400000000001,-0.326851,ARE,KEN,901832
9503485,17,116,9734,2018,0.0,141120.0,-0.654964,-0.9683229999999999,BDI,KEN,901832
9503486,18,116,9734,2018,537026.0,0.0,1.270641,1.201063,BEL,KEN,901832
9503487,43,116,9734,2018,1629402.0,0.0,1.200689,1.2822,CHN,KEN,901832
9503488,46,116,9734,2018,0.0,12001.0,-1.743034,-1.20446,COD,KEN,901832
9503489,61,116,9734,2018,11046.0,0.0,2.109059,-2.428826,DEU,KEN,901832
9503490,64,116,9734,2018,43855.0,0.0,1.0945040000000001,1.3311540000000002,DNK,KEN,901832
9503491,68,116,9734,2018,1245.0,0.0,-0.096635,1.585658,EGY,KEN,901832
9503492,71,116,9734,2018,239779.0,0.0,0.744825,2.919005,ESP,KEN,901832
9503493,77,116,9734,2018,60021.0,0.0,1.420819,0.7793770000000001,FRA,KEN,901832
9503494,81,116,9734,2018,5915.0,0.0,1.693008,0.768159,GBR,KEN,901832
9503495,104,116,9734,2018,271805.0,0.0,0.526015,2.448112,IND,KEN,901832
9503496,106,116,9734,2018,51207.0,0.0,1.262419,0.013576,IRL,KEN,901832
9503497,111,116,9734,2018,1194.0,0.0,1.3602530000000002,0.453607,ITA,KEN,901832
9503498,114,116,9734,2018,37815.0,0.0,2.514533,-0.416074,JPN,KEN,901832
9503499,121,116,9734,2018,2022.0,0.0,2.093866,0.764303,KOR,KEN,901832
9503500,138,116,9734,2018,1122.0,0.0,1.00061,0.585759,MEX,KEN,901832
9503501,162,116,9734,2018,12347.0,0.0,1.1478899999999999,1.454758,NLD,KEN,901832
9503502,177,116,9734,2018,3356.0,0.0,1.132475,1.258945,POL,KEN,901832
9503503,199,116,9734,2018,0.0,17645.0,-1.4787370000000002,-1.050578,SOM,KEN,901832
9503504,202,116,9734,2018,0.0,13941.0,-2.431595,-1.0499290000000001,SSD,KEN,901832
9503505,216,116,9734,2018,15838.0,0.0,1.053177,1.4084969999999999,THA,KEN,901832
9503506,224,116,9734,2018,14228.0,0.0,0.518721,2.5581419999999997,TUR,KEN,901832
9503507,227,116,9734,2018,0.0,2706.0,-0.621049,-0.061448,UGA,KEN,901832
9503508,231,116,9734,2018,23102.0,0.0,1.585861,0.44815900000000003,USA,KEN,901832
9503509,246,116,9734,2018,49868.0,0.0,0.158722,1.394829,ZAF,KEN,901832
9503510,249,116,9734,2018,6060.0,0.0,2.0462540000000002,1.166636,TWN,KEN,901832
9503511,43,117,9734,2018,328079.0,0.0,1.200689,1.2822,CHN,KGZ,901832
9503512,104,117,9734,2018,1788.0,0.0,0.526015,2.448112,IND,KGZ,901832
9503513,111,117,9734,2018,9162.0,0.0,1.3602530000000002,0.453607,ITA,KGZ,901832
9503514,121,117,9734,2018,14513.0,0.0,2.093866,0.764303,KOR,KGZ,901832
9503515,177,117,9734,2018,1810.0,0.0,1.132475,1.258945,POL,KGZ,901832
9503516,186,117,9734,2018,22159.0,0.0,0.21398000000000003,0.100414,RUS,KGZ,901832
9503517,216,117,9734,2018,19554.0,0.0,1.053177,1.4084969999999999,THA,KGZ,901832
9503518,224,117,9734,2018,19950.0,0.0,0.518721,2.5581419999999997,TUR,KGZ,901832
9503519,228,117,9734,2018,8209.0,0.0,0.337296,0.758675,UKR,KGZ,901832
9503520,231,117,9734,2018,2787.0,0.0,1.585861,0.44815900000000003,USA,KGZ,901832
9503521,249,117,9734,2018,14961.0,0.0,2.0462540000000002,1.166636,TWN,KGZ,901832
9503522,7,124,9734,2018,1055.0,23001.0,0.11804400000000001,-0.326851,ARE,LBN,901832
9503523,15,124,9734,2018,1778.0,0.0,1.774488,-0.21117800000000003,AUT,LBN,901832
9503524,18,124,9734,2018,174575.0,0.0,1.270641,1.201063,BEL,LBN,901832
9503525,41,124,9734,2018,13492.0,0.0,2.2324330000000003,0.7801560000000001,CHE,LBN,901832
9503526,43,124,9734,2018,396598.0,0.0,1.200689,1.2822,CHN,LBN,901832
9503527,52,124,9734,2018,56519.0,0.0,0.19386,0.05811,CRI,LBN,901832
9503528,59,124,9734,2018,1286.0,0.0,1.841016,0.220806,CZE,LBN,901832
9503529,61,124,9734,2018,113331.0,12435.0,2.109059,-2.428826,DEU,LBN,901832
9503530,64,124,9734,2018,264786.0,0.0,1.0945040000000001,1.3311540000000002,DNK,LBN,901832
9503531,71,124,9734,2018,123778.0,0.0,0.744825,2.919005,ESP,LBN,901832
9503532,77,124,9734,2018,6499.0,0.0,1.420819,0.7793770000000001,FRA,LBN,901832
9503533,81,124,9734,2018,10398.0,0.0,1.693008,0.768159,GBR,LBN,901832
9503534,104,124,9734,2018,6216.0,0.0,0.526015,2.448112,IND,LBN,901832
9503535,106,124,9734,2018,53989.0,0.0,1.262419,0.013576,IRL,LBN,901832
9503536,111,124,9734,2018,71556.0,0.0,1.3602530000000002,0.453607,ITA,LBN,901832
9503537,114,124,9734,2018,107311.0,0.0,2.514533,-0.416074,JPN,LBN,901832
9503538,121,124,9734,2018,44809.0,0.0,2.093866,0.764303,KOR,LBN,901832
9503539,138,124,9734,2018,11484.0,0.0,1.00061,0.585759,MEX,LBN,901832
9503540,162,124,9734,2018,126712.0,0.0,1.1478899999999999,1.454758,NLD,LBN,901832
9503541,177,124,9734,2018,1929.0,0.0,1.132475,1.258945,POL,LBN,901832
9503542,216,124,9734,2018,124127.0,0.0,1.053177,1.4084969999999999,THA,LBN,901832
9503543,224,124,9734,2018,21288.0,0.0,0.518721,2.5581419999999997,TUR,LBN,901832
9503544,231,124,9734,2018,113101.0,0.0,1.585861,0.44815900000000003,USA,LBN,901832
9503545,43,128,9734,2018,194618.0,0.0,1.200689,1.2822,CHN,LKA,901832
9503546,61,128,9734,2018,10931.0,0.0,2.109059,-2.428826,DEU,LKA,901832
9503547,64,128,9734,2018,153324.0,0.0,1.0945040000000001,1.3311540000000002,DNK,LKA,901832
9503548,77,128,9734,2018,2796.0,0.0,1.420819,0.7793770000000001,FRA,LKA,901832
9503549,104,128,9734,2018,120557.0,0.0,0.526015,2.448112,IND,LKA,901832
9503550,114,128,9734,2018,4475.0,0.0,2.514533,-0.416074,JPN,LKA,901832
9503551,121,128,9734,2018,3297.0,0.0,2.093866,0.764303,KOR,LKA,901832
9503552,162,128,9734,2018,34434.0,0.0,1.1478899999999999,1.454758,NLD,LKA,901832
9503553,192,128,9734,2018,83453.0,0.0,1.914132,0.652011,SGP,LKA,901832
9503554,216,128,9734,2018,17411.0,0.0,1.053177,1.4084969999999999,THA,LKA,901832
9503555,231,128,9734,2018,94631.0,0.0,1.585861,0.44815900000000003,USA,LKA,901832
9503556,15,131,9734,2018,93563.0,3622.0,1.774488,-0.21117800000000003,AUT,LUX,901832
9503557,16,131,9734,2018,0.0,14603.0,-1.144089,-1.224327,AZE,LUX,901832
9503558,18,131,9734,2018,813774.0,53984.0,1.270641,1.201063,BEL,LUX,901832
9503559,26,131,9734,2018,0.0,12964.0,0.526392,0.742398,BIH,LUX,901832
9503560,41,131,9734,2018,2067.0,0.0,2.2324330000000003,0.7801560000000001,CHE,LUX,901832
9503561,43,131,9734,2018,2116.0,0.0,1.200689,1.2822,CHN,LUX,901832
9503562,44,131,9734,2018,0.0,3231.0,-0.8733569999999999,-0.8443139999999999,CIV,LUX,901832
9503563,58,131,9734,2018,0.0,8276.0,0.45442,-0.113303,CYP,LUX,901832
9503564,61,131,9734,2018,272600.0,232857.0,2.109059,-2.428826,DEU,LUX,901832
9503565,64,131,9734,2018,1749.0,0.0,1.0945040000000001,1.3311540000000002,DNK,LUX,901832
9503566,71,131,9734,2018,5240.0,0.0,0.744825,2.919005,ESP,LUX,901832
9503567,77,131,9734,2018,7533.0,12953.0,1.420819,0.7793770000000001,FRA,LUX,901832
9503568,81,131,9734,2018,1272.0,0.0,1.693008,0.768159,GBR,LUX,901832
9503569,106,131,9734,2018,16373.0,0.0,1.262419,0.013576,IRL,LUX,901832
9503570,114,131,9734,2018,1438.0,0.0,2.514533,-0.416074,JPN,LUX,901832
9503571,159,131,9734,2018,0.0,1429.0,-1.8238,-1.259938,NGA,LUX,901832
9503572,162,131,9734,2018,114490.0,4170.0,1.1478899999999999,1.454758,NLD,LUX,901832
9503573,167,131,9734,2018,0.0,651.0,-0.548048,-0.9972989999999999,OMN,LUX,901832
9503574,177,131,9734,2018,6563.0,0.0,1.132475,1.258945,POL,LUX,901832
9503575,206,131,9734,2018,52541.0,0.0,1.3270979999999999,0.877684,SVK,LUX,901832
9503576,28,132,9734,2018,0.0,3126.0,0.850089,0.8332870000000001,BLR,LVA,901832
9503577,41,132,9734,2018,70360.0,0.0,2.2324330000000003,0.7801560000000001,CHE,LVA,901832
9503578,43,132,9734,2018,645594.0,0.0,1.200689,1.2822,CHN,LVA,901832
9503579,61,132,9734,2018,99372.0,4054.0,2.109059,-2.428826,DEU,LVA,901832
9503580,64,132,9734,2018,434757.0,0.0,1.0945040000000001,1.3311540000000002,DNK,LVA,901832
9503581,72,132,9734,2018,5541.0,54430.0,0.979986,1.2365899999999999,EST,LVA,901832
9503582,74,132,9734,2018,4858.0,0.0,1.61151,0.9474549999999999,FIN,LVA,901832
9503583,77,132,9734,2018,6986.0,0.0,1.420819,0.7793770000000001,FRA,LVA,901832
9503584,81,132,9734,2018,8682.0,0.0,1.693008,0.768159,GBR,LVA,901832
9503585,90,132,9734,2018,1920.0,0.0,0.059539999999999996,1.0321879999999999,GRC,LVA,901832
9503586,100,132,9734,2018,3808.0,0.0,0.7923720000000001,1.4047209999999999,HRV,LVA,901832
9503587,104,132,9734,2018,13349.0,0.0,0.526015,2.448112,IND,LVA,901832
9503588,111,132,9734,2018,15646.0,0.0,1.3602530000000002,0.453607,ITA,LVA,901832
9503589,121,132,9734,2018,649800.0,0.0,2.093866,0.764303,KOR,LVA,901832
9503590,130,132,9734,2018,84467.0,308482.0,0.964249,1.4050200000000002,LTU,LVA,901832
9503591,162,132,9734,2018,140804.0,3622.0,1.1478899999999999,1.454758,NLD,LVA,901832
9503592,163,132,9734,2018,0.0,1601.0,0.681639,0.021762,NOR,LVA,901832
9503593,177,132,9734,2018,20533.0,0.0,1.132475,1.258945,POL,LVA,901832
9503594,185,132,9734,2018,2060.0,0.0,1.050715,1.04471,ROU,LVA,901832
9503595,186,132,9734,2018,0.0,4569.0,0.21398000000000003,0.100414,RUS,LVA,901832
9503596,206,132,9734,2018,1526.0,0.0,1.3270979999999999,0.877684,SVK,LVA,901832
9503597,208,132,9734,2018,1756.0,0.0,1.76361,0.766904,SWE,LVA,901832
9503598,224,132,9734,2018,65926.0,1022.0,0.518721,2.5581419999999997,TUR,LVA,901832
9503599,239,132,9734,2018,4630.0,0.0,0.003069,0.9169729999999999,VNM,LVA,901832
9503600,18,134,9734,2018,247356.0,1169.0,1.270641,1.201063,BEL,MAR,901832
9503601,41,134,9734,2018,97212.0,0.0,2.2324330000000003,0.7801560000000001,CHE,MAR,901832
9503602,43,134,9734,2018,449237.0,0.0,1.200689,1.2822,CHN,MAR,901832
9503603,52,134,9734,2018,21257.0,0.0,0.19386,0.05811,CRI,MAR,901832
9503604,61,134,9734,2018,630400.0,0.0,2.109059,-2.428826,DEU,MAR,901832
9503605,64,134,9734,2018,161611.0,0.0,1.0945040000000001,1.3311540000000002,DNK,MAR,901832
9503606,71,134,9734,2018,26938.0,0.0,0.744825,2.919005,ESP,MAR,901832
9503607,77,134,9734,2018,111543.0,0.0,1.420819,0.7793770000000001,FRA,MAR,901832
9503608,81,134,9734,2018,8634.0,0.0,1.693008,0.768159,GBR,MAR,901832
9503609,100,134,9734,2018,41799.0,0.0,0.7923720000000001,1.4047209999999999,HRV,MAR,901832
9503610,104,134,9734,2018,129773.0,0.0,0.526015,2.448112,IND,MAR,901832
9503611,106,134,9734,2018,19454.0,0.0,1.262419,0.013576,IRL,MAR,901832
9503612,111,134,9734,2018,17083.0,0.0,1.3602530000000002,0.453607,ITA,MAR,901832
9503613,114,134,9734,2018,80395.0,0.0,2.514533,-0.416074,JPN,MAR,901832
9503614,121,134,9734,2018,162647.0,0.0,2.093866,0.764303,KOR,MAR,901832
9503615,153,134,9734,2018,8803.0,0.0,1.122976,0.734109,MYS,MAR,901832
9503616,162,134,9734,2018,6434.0,0.0,1.1478899999999999,1.454758,NLD,MAR,901832
9503617,216,134,9734,2018,137932.0,0.0,1.053177,1.4084969999999999,THA,MAR,901832
9503618,224,134,9734,2018,105828.0,0.0,0.518721,2.5581419999999997,TUR,MAR,901832
9503619,231,134,9734,2018,33176.0,0.0,1.585861,0.44815900000000003,USA,MAR,901832
9503620,239,134,9734,2018,19299.0,0.0,0.003069,0.9169729999999999,VNM,MAR,901832
9503621,249,134,9734,2018,4595.0,0.0,2.0462540000000002,1.166636,TWN,MAR,901832
9503622,15,135,9734,2018,956.0,0.0,1.774488,-0.21117800000000003,AUT,MDA,901832
9503623,18,135,9734,2018,1423.0,0.0,1.270641,1.201063,BEL,MDA,901832
9503624,41,135,9734,2018,2740.0,0.0,2.2324330000000003,0.7801560000000001,CHE,MDA,901832
9503625,43,135,9734,2018,71387.0,0.0,1.200689,1.2822,CHN,MDA,901832
9503626,61,135,9734,2018,28352.0,1236.0,2.109059,-2.428826,DEU,MDA,901832
9503627,64,135,9734,2018,6885.0,0.0,1.0945040000000001,1.3311540000000002,DNK,MDA,901832
9503628,71,135,9734,2018,2098.0,0.0,0.744825,2.919005,ESP,MDA,901832
9503629,77,135,9734,2018,8698.0,0.0,1.420819,0.7793770000000001,FRA,MDA,901832
9503630,102,135,9734,2018,4418.0,0.0,1.519662,0.833092,HUN,MDA,901832
9503631,104,135,9734,2018,4736.0,0.0,0.526015,2.448112,IND,MDA,901832
9503632,111,135,9734,2018,5314.0,0.0,1.3602530000000002,0.453607,ITA,MDA,901832
9503633,114,135,9734,2018,1305.0,0.0,2.514533,-0.416074,JPN,MDA,901832
9503634,121,135,9734,2018,3937.0,0.0,2.093866,0.764303,KOR,MDA,901832
9503635,130,135,9734,2018,26401.0,0.0,0.964249,1.4050200000000002,LTU,MDA,901832
9503636,162,135,9734,2018,20800.0,0.0,1.1478899999999999,1.454758,NLD,MDA,901832
9503637,185,135,9734,2018,45655.0,0.0,1.050715,1.04471,ROU,MDA,901832
9503638,186,135,9734,2018,7589.0,0.0,0.21398000000000003,0.100414,RUS,MDA,901832
9503639,224,135,9734,2018,4699.0,0.0,0.518721,2.5581419999999997,TUR,MDA,901832
9503640,228,135,9734,2018,34503.0,0.0,0.337296,0.758675,UKR,MDA,901832
9503641,231,135,9734,2018,1537.0,0.0,1.585861,0.44815900000000003,USA,MDA,901832
9503642,43,143,9734,2018,1165791.0,0.0,1.200689,1.2822,CHN,MMR,901832
9503643,61,143,9734,2018,1843.0,0.0,2.109059,-2.428826,DEU,MMR,901832
9503644,64,143,9734,2018,26713.0,0.0,1.0945040000000001,1.3311540000000002,DNK,MMR,901832
9503645,104,143,9734,2018,50997.0,0.0,0.526015,2.448112,IND,MMR,901832
9503646,114,143,9734,2018,106658.0,0.0,2.514533,-0.416074,JPN,MMR,901832
9503647,121,143,9734,2018,19288.0,0.0,2.093866,0.764303,KOR,MMR,901832
9503648,168,143,9734,2018,3341.0,0.0,-0.64348,0.665045,PAK,MMR,901832
9503649,192,143,9734,2018,119505.0,0.0,1.914132,0.652011,SGP,MMR,901832
9503650,216,143,9734,2018,116045.0,0.0,1.053177,1.4084969999999999,THA,MMR,901832
9503651,224,143,9734,2018,16989.0,0.0,0.518721,2.5581419999999997,TUR,MMR,901832
9503652,239,143,9734,2018,14632.0,695226.0,0.003069,0.9169729999999999,VNM,MMR,901832
9503653,18,147,9734,2018,1021.0,0.0,1.270641,1.201063,BEL,MOZ,901832
9503654,43,147,9734,2018,104556.0,0.0,1.200689,1.2822,CHN,MOZ,901832
9503655,61,147,9734,2018,60500.0,0.0,2.109059,-2.428826,DEU,MOZ,901832
9503656,64,147,9734,2018,1199.0,0.0,1.0945040000000001,1.3311540000000002,DNK,MOZ,901832
9503657,77,147,9734,2018,2898.0,0.0,1.420819,0.7793770000000001,FRA,MOZ,901832
9503658,81,147,9734,2018,1694.0,0.0,1.693008,0.768159,GBR,MOZ,901832
9503659,97,147,9734,2018,4970.0,0.0,0.843677,1.656073,HKG,MOZ,901832
9503660,104,147,9734,2018,8895.0,0.0,0.526015,2.448112,IND,MOZ,901832
9503661,179,147,9734,2018,10128.0,0.0,0.652628,2.211758,PRT,MOZ,901832
9503662,216,147,9734,2018,1509.0,0.0,1.053177,1.4084969999999999,THA,MOZ,901832
9503663,246,147,9734,2018,82803.0,0.0,0.158722,1.394829,ZAF,MOZ,901832
9503664,249,147,9734,2018,789.0,0.0,2.0462540000000002,1.166636,TWN,MOZ,901832
9503665,18,151,9734,2018,7993.0,0.0,1.270641,1.201063,BEL,MUS,901832
9503666,32,151,9734,2018,3059.0,0.0,0.143397,0.582092,BRA,MUS,901832
9503667,43,151,9734,2018,46978.0,0.0,1.200689,1.2822,CHN,MUS,901832
9503668,61,151,9734,2018,9797.0,0.0,2.109059,-2.428826,DEU,MUS,901832
9503669,77,151,9734,2018,8664.0,0.0,1.420819,0.7793770000000001,FRA,MUS,901832
9503670,104,151,9734,2018,2915.0,0.0,0.526015,2.448112,IND,MUS,901832
9503671,114,151,9734,2018,85149.0,0.0,2.514533,-0.416074,JPN,MUS,901832
9503672,153,151,9734,2018,4956.0,0.0,1.122976,0.734109,MYS,MUS,901832
9503673,208,151,9734,2018,7769.0,0.0,1.76361,0.766904,SWE,MUS,901832
9503674,231,151,9734,2018,30071.0,0.0,1.585861,0.44815900000000003,USA,MUS,901832
9503675,246,151,9734,2018,15675.0,58809.0,0.158722,1.394829,ZAF,MUS,901832
9503676,248,151,9734,2018,0.0,47672.0,-1.181524,-1.0648520000000001,ZWE,MUS,901832
9503677,7,152,9734,2018,38814.0,0.0,0.11804400000000001,-0.326851,ARE,MWI,901832
9503678,18,152,9734,2018,885.0,0.0,1.270641,1.201063,BEL,MWI,901832
9503679,43,152,9734,2018,147880.0,0.0,1.200689,1.2822,CHN,MWI,901832
9503680,61,152,9734,2018,1923.0,0.0,2.109059,-2.428826,DEU,MWI,901832
9503681,81,152,9734,2018,7793.0,0.0,1.693008,0.768159,GBR,MWI,901832
9503682,97,152,9734,2018,12942.0,0.0,0.843677,1.656073,HKG,MWI,901832
9503683,104,152,9734,2018,971.0,0.0,0.526015,2.448112,IND,MWI,901832
9503684,121,152,9734,2018,17262.0,0.0,2.093866,0.764303,KOR,MWI,901832
9503685,231,152,9734,2018,2202.0,0.0,1.585861,0.44815900000000003,USA,MWI,901832
9503686,246,152,9734,2018,14923.0,0.0,0.158722,1.394829,ZAF,MWI,901832
9503687,18,159,9734,2018,57542.0,0.0,1.270641,1.201063,BEL,NGA,901832
9503688,41,159,9734,2018,5959.0,0.0,2.2324330000000003,0.7801560000000001,CHE,NGA,901832
9503689,43,159,9734,2018,3881022.0,0.0,1.200689,1.2822,CHN,NGA,901832
9503690,61,159,9734,2018,18764.0,0.0,2.109059,-2.428826,DEU,NGA,901832
9503691,64,159,9734,2018,62947.0,0.0,1.0945040000000001,1.3311540000000002,DNK,NGA,901832
9503692,81,159,9734,2018,8986.0,0.0,1.693008,0.768159,GBR,NGA,901832
9503693,104,159,9734,2018,442449.0,0.0,0.526015,2.448112,IND,NGA,901832
9503694,111,159,9734,2018,1337.0,0.0,1.3602530000000002,0.453607,ITA,NGA,901832
9503695,121,159,9734,2018,4211.0,0.0,2.093866,0.764303,KOR,NGA,901832
9503696,131,159,9734,2018,1429.0,0.0,1.1142889999999999,1.306066,LUX,NGA,901832
9503697,177,159,9734,2018,5232.0,0.0,1.132475,1.258945,POL,NGA,901832
9503698,187,159,9734,2018,0.0,3479.0,-0.618925,-0.788172,RWA,NGA,901832
9503699,208,159,9734,2018,3623.0,0.0,1.76361,0.766904,SWE,NGA,901832
9503700,224,159,9734,2018,21418.0,0.0,0.518721,2.5581419999999997,TUR,NGA,901832
9503701,231,159,9734,2018,13213.0,0.0,1.585861,0.44815900000000003,USA,NGA,901832
9503702,246,159,9734,2018,6041.0,0.0,0.158722,1.394829,ZAF,NGA,901832
9503703,43,164,9734,2018,31668.0,0.0,1.200689,1.2822,CHN,NPL,901832
9503704,61,164,9734,2018,15292.0,0.0,2.109059,-2.428826,DEU,NPL,901832
9503705,77,164,9734,2018,1972.0,0.0,1.420819,0.7793770000000001,FRA,NPL,901832
9503706,81,164,9734,2018,13460.0,0.0,1.693008,0.768159,GBR,NPL,901832
9503707,104,164,9734,2018,394105.0,0.0,0.526015,2.448112,IND,NPL,901832
9503708,111,164,9734,2018,17687.0,0.0,1.3602530000000002,0.453607,ITA,NPL,901832
9503709,114,164,9734,2018,6152.0,0.0,2.514533,-0.416074,JPN,NPL,901832
9503710,121,164,9734,2018,6148.0,0.0,2.093866,0.764303,KOR,NPL,901832
9503711,162,164,9734,2018,1675.0,0.0,1.1478899999999999,1.454758,NLD,NPL,901832
9503712,177,164,9734,2018,5697.0,0.0,1.132475,1.258945,POL,NPL,901832
9503713,192,164,9734,2018,74439.0,0.0,1.914132,0.652011,SGP,NPL,901832
9503714,216,164,9734,2018,8472.0,0.0,1.053177,1.4084969999999999,THA,NPL,901832
9503715,231,164,9734,2018,9755.0,0.0,1.585861,0.44815900000000003,USA,NPL,901832
9503716,249,164,9734,2018,46408.0,0.0,2.0462540000000002,1.166636,TWN,NPL,901832
9503717,7,167,9734,2018,237545.0,0.0,0.11804400000000001,-0.326851,ARE,OMN,901832
9503718,18,167,9734,2018,196602.0,0.0,1.270641,1.201063,BEL,OMN,901832
9503719,41,167,9734,2018,13596.0,0.0,2.2324330000000003,0.7801560000000001,CHE,OMN,901832
9503720,43,167,9734,2018,11042.0,0.0,1.200689,1.2822,CHN,OMN,901832
9503721,61,167,9734,2018,92872.0,0.0,2.109059,-2.428826,DEU,OMN,901832
9503722,64,167,9734,2018,117067.0,0.0,1.0945040000000001,1.3311540000000002,DNK,OMN,901832
9503723,71,167,9734,2018,2613.0,0.0,0.744825,2.919005,ESP,OMN,901832
9503724,72,167,9734,2018,6533.0,0.0,0.979986,1.2365899999999999,EST,OMN,901832
9503725,77,167,9734,2018,1438.0,0.0,1.420819,0.7793770000000001,FRA,OMN,901832
9503726,81,167,9734,2018,2621.0,0.0,1.693008,0.768159,GBR,OMN,901832
9503727,97,167,9734,2018,1371.0,0.0,0.843677,1.656073,HKG,OMN,901832
9503728,104,167,9734,2018,57947.0,0.0,0.526015,2.448112,IND,OMN,901832
9503729,111,167,9734,2018,402014.0,0.0,1.3602530000000002,0.453607,ITA,OMN,901832
9503730,114,167,9734,2018,12567.0,0.0,2.514533,-0.416074,JPN,OMN,901832
9503731,121,167,9734,2018,27434.0,0.0,2.093866,0.764303,KOR,OMN,901832
9503732,131,167,9734,2018,651.0,0.0,1.1142889999999999,1.306066,LUX,OMN,901832
9503733,153,167,9734,2018,1865.0,0.0,1.122976,0.734109,MYS,OMN,901832
9503734,162,167,9734,2018,14658.0,0.0,1.1478899999999999,1.454758,NLD,OMN,901832
9503735,177,167,9734,2018,36004.0,0.0,1.132475,1.258945,POL,OMN,901832
9503736,183,167,9734,2018,27343.0,0.0,-0.068401,-1.014732,QAT,OMN,901832
9503737,216,167,9734,2018,4212.0,0.0,1.053177,1.4084969999999999,THA,OMN,901832
9503738,224,167,9734,2018,8052.0,0.0,0.518721,2.5581419999999997,TUR,OMN,901832
9503739,231,167,9734,2018,1338.0,0.0,1.585861,0.44815900000000003,USA,OMN,901832
9503740,7,168,9734,2018,9140.0,0.0,0.11804400000000001,-0.326851,ARE,PAK,901832
9503741,8,168,9734,2018,0.0,13090.0,-0.14316800000000002,0.14356,ARG,PAK,901832
9503742,14,168,9734,2018,3108.0,16077.0,-0.29687199999999997,-0.123116,AUS,PAK,901832
9503743,32,168,9734,2018,0.0,942.0,0.143397,0.582092,BRA,PAK,901832
9503744,39,168,9734,2018,3314.0,3747.0,0.666822,1.218593,CAN,PAK,901832
9503745,41,168,9734,2018,0.0,42587.0,2.2324330000000003,0.7801560000000001,CHE,PAK,901832
9503746,42,168,9734,2018,0.0,16316.0,-0.37677,-0.49605299999999997,CHL,PAK,901832
9503747,43,168,9734,2018,6130929.0,0.0,1.200689,1.2822,CHN,PAK,901832
9503748,59,168,9734,2018,0.0,9220.0,1.841016,0.220806,CZE,PAK,901832
9503749,61,168,9734,2018,26821.0,4548.0,2.109059,-2.428826,DEU,PAK,901832
9503750,64,168,9734,2018,131814.0,1147.0,1.0945040000000001,1.3311540000000002,DNK,PAK,901832
9503751,68,168,9734,2018,3528.0,0.0,-0.096635,1.585658,EGY,PAK,901832
9503752,71,168,9734,2018,6101.0,0.0,0.744825,2.919005,ESP,PAK,901832
9503753,74,168,9734,2018,0.0,9926.0,1.61151,0.9474549999999999,FIN,PAK,901832
9503754,77,168,9734,2018,129548.0,69932.0,1.420819,0.7793770000000001,FRA,PAK,901832
9503755,81,168,9734,2018,9974.0,0.0,1.693008,0.768159,GBR,PAK,901832
9503756,83,168,9734,2018,0.0,2198.0,-0.956109,-0.861556,GHA,PAK,901832
9503757,97,168,9734,2018,8199.0,6313.0,0.843677,1.656073,HKG,PAK,901832
9503758,104,168,9734,2018,13036.0,0.0,0.526015,2.448112,IND,PAK,901832
9503759,106,168,9734,2018,0.0,9966.0,1.262419,0.013576,IRL,PAK,901832
9503760,112,168,9734,2018,0.0,5768.0,-0.339328,-0.8756659999999999,JAM,PAK,901832
9503761,114,168,9734,2018,144956.0,0.0,2.514533,-0.416074,JPN,PAK,901832
9503762,121,168,9734,2018,136584.0,0.0,2.093866,0.764303,KOR,PAK,901832
9503763,138,168,9734,2018,0.0,1489.0,1.00061,0.585759,MEX,PAK,901832
9503764,143,168,9734,2018,0.0,3341.0,-0.936467,-0.223413,MMR,PAK,901832
9503765,160,168,9734,2018,0.0,1324.0,-0.887282,-0.827008,NIC,PAK,901832
9503766,162,168,9734,2018,3449.0,0.0,1.1478899999999999,1.454758,NLD,PAK,901832
9503767,163,168,9734,2018,0.0,1743.0,0.681639,0.021762,NOR,PAK,901832
9503768,177,168,9734,2018,11373.0,0.0,1.132475,1.258945,POL,PAK,901832
9503769,186,168,9734,2018,0.0,1870.0,0.21398000000000003,0.100414,RUS,PAK,901832
9503770,192,168,9734,2018,106456.0,0.0,1.914132,0.652011,SGP,PAK,901832
9503771,208,168,9734,2018,39343.0,0.0,1.76361,0.766904,SWE,PAK,901832
9503772,216,168,9734,2018,3850.0,1730.0,1.053177,1.4084969999999999,THA,PAK,901832
9503773,224,168,9734,2018,77735.0,77901.0,0.518721,2.5581419999999997,TUR,PAK,901832
9503774,228,168,9734,2018,0.0,22034.0,0.337296,0.758675,UKR,PAK,901832
9503775,231,168,9734,2018,42547.0,12325.0,1.585861,0.44815900000000003,USA,PAK,901832
9503776,239,168,9734,2018,0.0,2322.0,0.003069,0.9169729999999999,VNM,PAK,901832
9503777,246,168,9734,2018,0.0,2142.0,0.158722,1.394829,ZAF,PAK,901832
9503778,249,168,9734,2018,16822.0,0.0,2.0462540000000002,1.166636,TWN,PAK,901832
9503779,15,185,9734,2018,1445.0,2311.0,1.774488,-0.21117800000000003,AUT,ROU,901832
9503780,18,185,9734,2018,965166.0,92624.0,1.270641,1.201063,BEL,ROU,901832
9503781,23,185,9734,2018,16101.0,7936.0,0.571226,1.836856,BGR,ROU,901832
9503782,41,185,9734,2018,139282.0,26931.0,2.2324330000000003,0.7801560000000001,CHE,ROU,901832
9503783,43,185,9734,2018,685673.0,20845.0,1.200689,1.2822,CHN,ROU,901832
9503784,59,185,9734,2018,16857.0,3980.0,1.841016,0.220806,CZE,ROU,901832
9503785,61,185,9734,2018,693042.0,30561.0,2.109059,-2.428826,DEU,ROU,901832
9503786,64,185,9734,2018,554914.0,6536.0,1.0945040000000001,1.3311540000000002,DNK,ROU,901832
9503787,71,185,9734,2018,75269.0,34526.0,0.744825,2.919005,ESP,ROU,901832
9503788,72,185,9734,2018,0.0,1047.0,0.979986,1.2365899999999999,EST,ROU,901832
9503789,77,185,9734,2018,126428.0,16704.0,1.420819,0.7793770000000001,FRA,ROU,901832
9503790,81,185,9734,2018,68944.0,8470.0,1.693008,0.768159,GBR,ROU,901832
9503791,90,185,9734,2018,989.0,4417.0,0.059539999999999996,1.0321879999999999,GRC,ROU,901832
9503792,97,185,9734,2018,1981.0,0.0,0.843677,1.656073,HKG,ROU,901832
9503793,100,185,9734,2018,13043.0,0.0,0.7923720000000001,1.4047209999999999,HRV,ROU,901832
9503794,102,185,9734,2018,8649.0,6798.0,1.519662,0.833092,HUN,ROU,901832
9503795,104,185,9734,2018,285348.0,0.0,0.526015,2.448112,IND,ROU,901832
9503796,106,185,9734,2018,0.0,19766.0,1.262419,0.013576,IRL,ROU,901832
9503797,110,185,9734,2018,0.0,1029.0,1.355071,0.872822,ISR,ROU,901832
9503798,111,185,9734,2018,127579.0,10987.0,1.3602530000000002,0.453607,ITA,ROU,901832
9503799,114,185,9734,2018,13257.0,0.0,2.514533,-0.416074,JPN,ROU,901832
9503800,121,185,9734,2018,90328.0,0.0,2.093866,0.764303,KOR,ROU,901832
9503801,130,185,9734,2018,2578.0,13638.0,0.964249,1.4050200000000002,LTU,ROU,901832
9503802,132,185,9734,2018,0.0,2060.0,0.707168,1.294297,LVA,ROU,901832
9503803,135,185,9734,2018,0.0,45655.0,-0.358412,-0.271334,MDA,ROU,901832
9503804,162,185,9734,2018,81045.0,14635.0,1.1478899999999999,1.454758,NLD,ROU,901832
9503805,163,185,9734,2018,172191.0,1105.0,0.681639,0.021762,NOR,ROU,901832
9503806,177,185,9734,2018,139940.0,18657.0,1.132475,1.258945,POL,ROU,901832
9503807,186,185,9734,2018,0.0,2812.0,0.21398000000000003,0.100414,RUS,ROU,901832
9503808,201,185,9734,2018,2480.0,453282.0,0.607486,1.2139389999999999,SRB,ROU,901832
9503809,206,185,9734,2018,9944.0,0.0,1.3270979999999999,0.877684,SVK,ROU,901832
9503810,208,185,9734,2018,7940.0,80002.0,1.76361,0.766904,SWE,ROU,901832
9503811,224,185,9734,2018,81449.0,9812.0,0.518721,2.5581419999999997,TUR,ROU,901832
9503812,228,185,9734,2018,2442.0,0.0,0.337296,0.758675,UKR,ROU,901832
9503813,231,185,9734,2018,7421.0,1657.0,1.585861,0.44815900000000003,USA,ROU,901832
9503814,239,185,9734,2018,329892.0,0.0,0.003069,0.9169729999999999,VNM,ROU,901832
9503815,243,185,9734,2018,0.0,2120.0,-1.3332899999999999,-1.200589,YEM,ROU,901832
9503816,7,186,9734,2018,0.0,1288.0,0.11804400000000001,-0.326851,ARE,RUS,901832
9503817,9,186,9734,2018,351332.0,5157.0,-0.330516,-0.604744,ARM,RUS,901832
9503818,14,186,9734,2018,518684.0,0.0,-0.29687199999999997,-0.123116,AUS,RUS,901832
9503819,15,186,9734,2018,4764.0,0.0,1.774488,-0.21117800000000003,AUT,RUS,901832
9503820,16,186,9734,2018,0.0,5748.0,-1.144089,-1.224327,AZE,RUS,901832
9503821,18,186,9734,2018,2744302.0,0.0,1.270641,1.201063,BEL,RUS,901832
9503822,23,186,9734,2018,1676.0,0.0,0.571226,1.836856,BGR,RUS,901832
9503823,28,186,9734,2018,528201.0,475167.0,0.850089,0.8332870000000001,BLR,RUS,901832
9503824,32,186,9734,2018,896.0,0.0,0.143397,0.582092,BRA,RUS,901832
9503825,39,186,9734,2018,1345.0,0.0,0.666822,1.218593,CAN,RUS,901832
9503826,41,186,9734,2018,452079.0,0.0,2.2324330000000003,0.7801560000000001,CHE,RUS,901832
9503827,43,186,9734,2018,7213092.0,0.0,1.200689,1.2822,CHN,RUS,901832
9503828,52,186,9734,2018,6909.0,0.0,0.19386,0.05811,CRI,RUS,901832
9503829,59,186,9734,2018,1351.0,0.0,1.841016,0.220806,CZE,RUS,901832
9503830,61,186,9734,2018,2859226.0,2293.0,2.109059,-2.428826,DEU,RUS,901832
9503831,64,186,9734,2018,1668244.0,0.0,1.0945040000000001,1.3311540000000002,DNK,RUS,901832
9503832,65,186,9734,2018,137762.0,0.0,-0.084258,0.474872,DOM,RUS,901832
9503833,71,186,9734,2018,4339.0,0.0,0.744825,2.919005,ESP,RUS,901832
9503834,72,186,9734,2018,68564.0,0.0,0.979986,1.2365899999999999,EST,RUS,901832
9503835,74,186,9734,2018,1087068.0,0.0,1.61151,0.9474549999999999,FIN,RUS,901832
9503836,77,186,9734,2018,73396.0,0.0,1.420819,0.7793770000000001,FRA,RUS,901832
9503837,81,186,9734,2018,21944.0,0.0,1.693008,0.768159,GBR,RUS,901832
9503838,82,186,9734,2018,1627832.0,29178.0,-0.049871,-0.28439899999999996,GEO,RUS,901832
9503839,85,186,9734,2018,0.0,1448.0,-1.036697,-1.1562860000000001,GIN,RUS,901832
9503840,102,186,9734,2018,35521.0,0.0,1.519662,0.833092,HUN,RUS,901832
9503841,104,186,9734,2018,655913.0,0.0,0.526015,2.448112,IND,RUS,901832
9503842,106,186,9734,2018,1570845.0,0.0,1.262419,0.013576,IRL,RUS,901832
9503843,108,186,9734,2018,0.0,5734.0,-1.7504400000000002,-1.018699,IRQ,RUS,901832
9503844,110,186,9734,2018,11938.0,1565.0,1.355071,0.872822,ISR,RUS,901832
9503845,111,186,9734,2018,1059359.0,990.0,1.3602530000000002,0.453607,ITA,RUS,901832
9503846,114,186,9734,2018,1009590.0,0.0,2.514533,-0.416074,JPN,RUS,901832
9503847,115,186,9734,2018,0.0,121488.0,-0.483862,-0.667417,KAZ,RUS,901832
9503848,117,186,9734,2018,0.0,22159.0,-0.141491,0.33161,KGZ,RUS,901832
9503849,121,186,9734,2018,2369730.0,10901.0,2.093866,0.764303,KOR,RUS,901832
9503850,130,186,9734,2018,2973083.0,0.0,0.964249,1.4050200000000002,LTU,RUS,901832
9503851,132,186,9734,2018,4569.0,0.0,0.707168,1.294297,LVA,RUS,901832
9503852,135,186,9734,2018,0.0,7589.0,-0.358412,-0.271334,MDA,RUS,901832
9503853,138,186,9734,2018,891407.0,0.0,1.00061,0.585759,MEX,RUS,901832
9503854,153,186,9734,2018,932948.0,0.0,1.122976,0.734109,MYS,RUS,901832
9503855,162,186,9734,2018,243279.0,1040.0,1.1478899999999999,1.454758,NLD,RUS,901832
9503856,168,186,9734,2018,1870.0,0.0,-0.64348,0.665045,PAK,RUS,901832
9503857,174,186,9734,2018,5352.0,0.0,0.781409,0.22126700000000002,PHL,RUS,901832
9503858,177,186,9734,2018,196967.0,0.0,1.132475,1.258945,POL,RUS,901832
9503859,185,186,9734,2018,2812.0,0.0,1.050715,1.04471,ROU,RUS,901832
9503860,192,186,9734,2018,1176881.0,0.0,1.914132,0.652011,SGP,RUS,901832
9503861,206,186,9734,2018,10719.0,0.0,1.3270979999999999,0.877684,SVK,RUS,901832
9503862,208,186,9734,2018,491516.0,0.0,1.76361,0.766904,SWE,RUS,901832
9503863,216,186,9734,2018,85552.0,0.0,1.053177,1.4084969999999999,THA,RUS,901832
9503864,219,186,9734,2018,0.0,5912.0,-1.0081209999999998,-1.190796,TKM,RUS,901832
9503865,228,186,9734,2018,0.0,230800.0,0.337296,0.758675,UKR,RUS,901832
9503866,231,186,9734,2018,160792.0,0.0,1.585861,0.44815900000000003,USA,RUS,901832
9503867,232,186,9734,2018,0.0,139017.0,-0.591547,-0.429982,UZB,RUS,901832
9503868,239,186,9734,2018,913547.0,0.0,0.003069,0.9169729999999999,VNM,RUS,901832
9503869,249,186,9734,2018,103511.0,0.0,2.0462540000000002,1.166636,TWN,RUS,901832
9503870,250,186,9734,2018,0.0,35673.0,0.809991,-0.368737,ANS,RUS,901832
9503871,7,187,9734,2018,94237.0,0.0,0.11804400000000001,-0.326851,ARE,RWA,901832
9503872,18,187,9734,2018,4198.0,0.0,1.270641,1.201063,BEL,RWA,901832
9503873,43,187,9734,2018,81312.0,0.0,1.200689,1.2822,CHN,RWA,901832
9503874,61,187,9734,2018,175420.0,0.0,2.109059,-2.428826,DEU,RWA,901832
9503875,64,187,9734,2018,3027.0,0.0,1.0945040000000001,1.3311540000000002,DNK,RWA,901832
9503876,104,187,9734,2018,22307.0,0.0,0.526015,2.448112,IND,RWA,901832
9503877,159,187,9734,2018,3479.0,0.0,-1.8238,-1.259938,NGA,RWA,901832
9503878,162,187,9734,2018,4018.0,0.0,1.1478899999999999,1.454758,NLD,RWA,901832
9503879,224,187,9734,2018,1894.0,0.0,0.518721,2.5581419999999997,TUR,RWA,901832
9503880,231,187,9734,2018,14041.0,0.0,1.585861,0.44815900000000003,USA,RWA,901832
9503881,246,187,9734,2018,2060.0,0.0,0.158722,1.394829,ZAF,RWA,901832
9503882,18,191,9734,2018,70809.0,0.0,1.270641,1.201063,BEL,SEN,901832
9503883,41,191,9734,2018,587.0,0.0,2.2324330000000003,0.7801560000000001,CHE,SEN,901832
9503884,43,191,9734,2018,238545.0,0.0,1.200689,1.2822,CHN,SEN,901832
9503885,61,191,9734,2018,8823.0,0.0,2.109059,-2.428826,DEU,SEN,901832
9503886,77,191,9734,2018,3553.0,0.0,1.420819,0.7793770000000001,FRA,SEN,901832
9503887,104,191,9734,2018,3139.0,0.0,0.526015,2.448112,IND,SEN,901832
9503888,121,191,9734,2018,9702.0,0.0,2.093866,0.764303,KOR,SEN,901832
9503889,223,191,9734,2018,1320.0,0.0,0.259778,1.187194,TUN,SEN,901832
9503890,231,191,9734,2018,11256.0,0.0,1.585861,0.44815900000000003,USA,SEN,901832
9503891,14,201,9734,2018,11731.0,0.0,-0.29687199999999997,-0.123116,AUS,SRB,901832
9503892,15,201,9734,2018,19296.0,0.0,1.774488,-0.21117800000000003,AUT,SRB,901832
9503893,18,201,9734,2018,501220.0,0.0,1.270641,1.201063,BEL,SRB,901832
9503894,26,201,9734,2018,0.0,19556.0,0.526392,0.742398,BIH,SRB,901832
9503895,41,201,9734,2018,3412.0,0.0,2.2324330000000003,0.7801560000000001,CHE,SRB,901832
9503896,43,201,9734,2018,365412.0,0.0,1.200689,1.2822,CHN,SRB,901832
9503897,61,201,9734,2018,54023.0,0.0,2.109059,-2.428826,DEU,SRB,901832
9503898,64,201,9734,2018,1267358.0,0.0,1.0945040000000001,1.3311540000000002,DNK,SRB,901832
9503899,71,201,9734,2018,37403.0,0.0,0.744825,2.919005,ESP,SRB,901832
9503900,77,201,9734,2018,16740.0,0.0,1.420819,0.7793770000000001,FRA,SRB,901832
9503901,81,201,9734,2018,315256.0,0.0,1.693008,0.768159,GBR,SRB,901832
9503902,100,201,9734,2018,61257.0,0.0,0.7923720000000001,1.4047209999999999,HRV,SRB,901832
9503903,104,201,9734,2018,114029.0,6516.0,0.526015,2.448112,IND,SRB,901832
9503904,106,201,9734,2018,3390.0,0.0,1.262419,0.013576,IRL,SRB,901832
9503905,111,201,9734,2018,284637.0,0.0,1.3602530000000002,0.453607,ITA,SRB,901832
9503906,114,201,9734,2018,76813.0,0.0,2.514533,-0.416074,JPN,SRB,901832
9503907,121,201,9734,2018,43748.0,0.0,2.093866,0.764303,KOR,SRB,901832
9503908,140,201,9734,2018,0.0,7576.0,0.079976,-0.20256,MKD,SRB,901832
9503909,144,201,9734,2018,0.0,38364.0,0.332495,0.124258,MNE,SRB,901832
9503910,162,201,9734,2018,10182.0,0.0,1.1478899999999999,1.454758,NLD,SRB,901832
9503911,177,201,9734,2018,19124.0,6643.0,1.132475,1.258945,POL,SRB,901832
9503912,185,201,9734,2018,453282.0,2480.0,1.050715,1.04471,ROU,SRB,901832
9503913,192,201,9734,2018,10853.0,0.0,1.914132,0.652011,SGP,SRB,901832
9503914,206,201,9734,2018,94900.0,0.0,1.3270979999999999,0.877684,SVK,SRB,901832
9503915,207,201,9734,2018,35890.0,0.0,1.67428,0.7703800000000001,SVN,SRB,901832
9503916,208,201,9734,2018,173202.0,0.0,1.76361,0.766904,SWE,SRB,901832
9503917,216,201,9734,2018,209187.0,0.0,1.053177,1.4084969999999999,THA,SRB,901832
9503918,224,201,9734,2018,117517.0,2035.0,0.518721,2.5581419999999997,TUR,SRB,901832
9503919,231,201,9734,2018,44945.0,0.0,1.585861,0.44815900000000003,USA,SRB,901832
9503920,239,201,9734,2018,4206.0,0.0,0.003069,0.9169729999999999,VNM,SRB,901832
9503921,43,209,9734,2018,11510.0,0.0,1.200689,1.2822,CHN,SWZ,901832
9503922,61,209,9734,2018,28329.0,0.0,2.109059,-2.428826,DEU,SWZ,901832
9503923,174,209,9734,2018,2351.0,2513.0,0.781409,0.22126700000000002,PHL,SWZ,901832
9503924,246,209,9734,2018,117793.0,0.0,0.158722,1.394829,ZAF,SWZ,901832
9503925,43,217,9734,2018,225110.0,0.0,1.200689,1.2822,CHN,TJK,901832
9503926,104,217,9734,2018,16247.0,0.0,0.526015,2.448112,IND,TJK,901832
9503927,121,217,9734,2018,121332.0,0.0,2.093866,0.764303,KOR,TJK,901832
9503928,162,217,9734,2018,1380.0,0.0,1.1478899999999999,1.454758,NLD,TJK,901832
9503929,228,217,9734,2018,1351.0,0.0,0.337296,0.758675,UKR,TJK,901832
9503930,231,217,9734,2018,3821.0,0.0,1.585861,0.44815900000000003,USA,TJK,901832
9503931,250,217,9734,2018,4687.0,0.0,0.809991,-0.368737,ANS,TJK,901832
9503932,61,219,9734,2018,28928.0,0.0,2.109059,-2.428826,DEU,TKM,901832
9503933,64,219,9734,2018,24910.0,0.0,1.0945040000000001,1.3311540000000002,DNK,TKM,901832
9503934,104,219,9734,2018,14453.0,0.0,0.526015,2.448112,IND,TKM,901832
9503935,186,219,9734,2018,5912.0,0.0,0.21398000000000003,0.100414,RUS,TKM,901832
9503936,18,223,9734,2018,97115.0,0.0,1.270641,1.201063,BEL,TUN,901832
9503937,41,223,9734,2018,73734.0,0.0,2.2324330000000003,0.7801560000000001,CHE,TUN,901832
9503938,43,223,9734,2018,122352.0,0.0,1.200689,1.2822,CHN,TUN,901832
9503939,61,223,9734,2018,72793.0,0.0,2.109059,-2.428826,DEU,TUN,901832
9503940,64,223,9734,2018,70643.0,0.0,1.0945040000000001,1.3311540000000002,DNK,TUN,901832
9503941,71,223,9734,2018,72234.0,0.0,0.744825,2.919005,ESP,TUN,901832
9503942,72,223,9734,2018,1995.0,0.0,0.979986,1.2365899999999999,EST,TUN,901832
9503943,77,223,9734,2018,443797.0,942383.0,1.420819,0.7793770000000001,FRA,TUN,901832
9503944,81,223,9734,2018,11470.0,0.0,1.693008,0.768159,GBR,TUN,901832
9503945,104,223,9734,2018,175414.0,0.0,0.526015,2.448112,IND,TUN,901832
9503946,106,223,9734,2018,15370.0,0.0,1.262419,0.013576,IRL,TUN,901832
9503947,111,223,9734,2018,104091.0,2835.0,1.3602530000000002,0.453607,ITA,TUN,901832
9503948,114,223,9734,2018,76811.0,0.0,2.514533,-0.416074,JPN,TUN,901832
9503949,121,223,9734,2018,62607.0,0.0,2.093866,0.764303,KOR,TUN,901832
9503950,138,223,9734,2018,26440.0,0.0,1.00061,0.585759,MEX,TUN,901832
9503951,148,223,9734,2018,0.0,5255.0,-1.511361,-1.296003,MRT,TUN,901832
9503952,153,223,9734,2018,32578.0,0.0,1.122976,0.734109,MYS,TUN,901832
9503953,162,223,9734,2018,3786.0,0.0,1.1478899999999999,1.454758,NLD,TUN,901832
9503954,191,223,9734,2018,0.0,1320.0,-0.751378,-0.390573,SEN,TUN,901832
9503955,208,223,9734,2018,4542.0,0.0,1.76361,0.766904,SWE,TUN,901832
9503956,215,223,9734,2018,0.0,9152.0,-0.685084,-0.773437,TGO,TUN,901832
9503957,216,223,9734,2018,343681.0,0.0,1.053177,1.4084969999999999,THA,TUN,901832
9503958,224,223,9734,2018,9305.0,0.0,0.518721,2.5581419999999997,TUR,TUN,901832
9503959,231,223,9734,2018,75740.0,0.0,1.585861,0.44815900000000003,USA,TUN,901832
9503960,239,223,9734,2018,94879.0,0.0,0.003069,0.9169729999999999,VNM,TUN,901832
9503961,249,223,9734,2018,92012.0,0.0,2.0462540000000002,1.166636,TWN,TUN,901832
9503962,250,223,9734,2018,136612.0,0.0,0.809991,-0.368737,ANS,TUN,901832
9503963,2,228,9734,2018,0.0,5657.0,-1.489191,-1.213992,AGO,UKR,901832
9503964,8,228,9734,2018,1119.0,0.0,-0.14316800000000002,0.14356,ARG,UKR,901832
9503965,9,228,9734,2018,0.0,1776.0,-0.330516,-0.604744,ARM,UKR,901832
9503966,14,228,9734,2018,173762.0,5151.0,-0.29687199999999997,-0.123116,AUS,UKR,901832
9503967,15,228,9734,2018,17604.0,0.0,1.774488,-0.21117800000000003,AUT,UKR,901832
9503968,18,228,9734,2018,401758.0,0.0,1.270641,1.201063,BEL,UKR,901832
9503969,23,228,9734,2018,0.0,1932.0,0.571226,1.836856,BGR,UKR,901832
9503970,28,228,9734,2018,25747.0,0.0,0.850089,0.8332870000000001,BLR,UKR,901832
9503971,43,228,9734,2018,1073881.0,1860.0,1.200689,1.2822,CHN,UKR,901832
9503972,44,228,9734,2018,0.0,3373.0,-0.8733569999999999,-0.8443139999999999,CIV,UKR,901832
9503973,61,228,9734,2018,146369.0,0.0,2.109059,-2.428826,DEU,UKR,901832
9503974,64,228,9734,2018,102506.0,0.0,1.0945040000000001,1.3311540000000002,DNK,UKR,901832
9503975,71,228,9734,2018,91984.0,14494.0,0.744825,2.919005,ESP,UKR,901832
9503976,77,228,9734,2018,33892.0,2990.0,1.420819,0.7793770000000001,FRA,UKR,901832
9503977,81,228,9734,2018,3164.0,0.0,1.693008,0.768159,GBR,UKR,901832
9503978,97,228,9734,2018,0.0,9032.0,0.843677,1.656073,HKG,UKR,901832
9503979,100,228,9734,2018,11873.0,3814.0,0.7923720000000001,1.4047209999999999,HRV,UKR,901832
9503980,104,228,9734,2018,96360.0,3661.0,0.526015,2.448112,IND,UKR,901832
9503981,106,228,9734,2018,43551.0,0.0,1.262419,0.013576,IRL,UKR,901832
9503982,110,228,9734,2018,0.0,35300.0,1.355071,0.872822,ISR,UKR,901832
9503983,111,228,9734,2018,176034.0,3890.0,1.3602530000000002,0.453607,ITA,UKR,901832
9503984,114,228,9734,2018,32899.0,0.0,2.514533,-0.416074,JPN,UKR,901832
9503985,117,228,9734,2018,0.0,8209.0,-0.141491,0.33161,KGZ,UKR,901832
9503986,121,228,9734,2018,98484.0,0.0,2.093866,0.764303,KOR,UKR,901832
9503987,130,228,9734,2018,1717.0,20741.0,0.964249,1.4050200000000002,LTU,UKR,901832
9503988,135,228,9734,2018,0.0,34503.0,-0.358412,-0.271334,MDA,UKR,901832
9503989,138,228,9734,2018,27108.0,0.0,1.00061,0.585759,MEX,UKR,901832
9503990,153,228,9734,2018,116013.0,2444.0,1.122976,0.734109,MYS,UKR,901832
9503991,162,228,9734,2018,5500.0,0.0,1.1478899999999999,1.454758,NLD,UKR,901832
9503992,168,228,9734,2018,22034.0,0.0,-0.64348,0.665045,PAK,UKR,901832
9503993,174,228,9734,2018,1898.0,0.0,0.781409,0.22126700000000002,PHL,UKR,901832
9503994,177,228,9734,2018,645196.0,7988.0,1.132475,1.258945,POL,UKR,901832
9503995,179,228,9734,2018,0.0,2227.0,0.652628,2.211758,PRT,UKR,901832
9503996,185,228,9734,2018,0.0,2442.0,1.050715,1.04471,ROU,UKR,901832
9503997,186,228,9734,2018,230800.0,0.0,0.21398000000000003,0.100414,RUS,UKR,901832
9503998,188,228,9734,2018,1354.0,1483.0,0.5801810000000001,-0.447514,SAU,UKR,901832
9503999,192,228,9734,2018,121880.0,0.0,1.914132,0.652011,SGP,UKR,901832
9504000,206,228,9734,2018,17703.0,4241.0,1.3270979999999999,0.877684,SVK,UKR,901832
9504001,208,228,9734,2018,2616.0,0.0,1.76361,0.766904,SWE,UKR,901832
9504002,216,228,9734,2018,192008.0,0.0,1.053177,1.4084969999999999,THA,UKR,901832
9504003,217,228,9734,2018,0.0,1351.0,-0.757793,-1.0641209999999999,TJK,UKR,901832
9504004,224,228,9734,2018,50962.0,18334.0,0.518721,2.5581419999999997,TUR,UKR,901832
9504005,231,228,9734,2018,11897.0,1280.0,1.585861,0.44815900000000003,USA,UKR,901832
9504006,239,228,9734,2018,106029.0,0.0,0.003069,0.9169729999999999,VNM,UKR,901832
9504007,249,228,9734,2018,0.0,3299.0,2.0462540000000002,1.166636,TWN,UKR,901832
9504008,18,232,9734,2018,239409.0,0.0,1.270641,1.201063,BEL,UZB,901832
9504009,43,232,9734,2018,1525518.0,0.0,1.200689,1.2822,CHN,UZB,901832
9504010,61,232,9734,2018,135155.0,0.0,2.109059,-2.428826,DEU,UZB,901832
9504011,64,232,9734,2018,16643.0,0.0,1.0945040000000001,1.3311540000000002,DNK,UZB,901832
9504012,77,232,9734,2018,1598.0,0.0,1.420819,0.7793770000000001,FRA,UZB,901832
9504013,104,232,9734,2018,1212.0,0.0,0.526015,2.448112,IND,UZB,901832
9504014,111,232,9734,2018,1575.0,0.0,1.3602530000000002,0.453607,ITA,UZB,901832
9504015,114,232,9734,2018,9936.0,0.0,2.514533,-0.416074,JPN,UZB,901832
9504016,115,232,9734,2018,4212.0,0.0,-0.483862,-0.667417,KAZ,UZB,901832
9504017,121,232,9734,2018,151983.0,0.0,2.093866,0.764303,KOR,UZB,901832
9504018,130,232,9734,2018,12827.0,0.0,0.964249,1.4050200000000002,LTU,UZB,901832
9504019,162,232,9734,2018,8204.0,0.0,1.1478899999999999,1.454758,NLD,UZB,901832
9504020,186,232,9734,2018,139017.0,0.0,0.21398000000000003,0.100414,RUS,UZB,901832
9504021,231,232,9734,2018,857.0,0.0,1.585861,0.44815900000000003,USA,UZB,901832
9504022,9,239,9734,2018,0.0,4126.0,-0.330516,-0.604744,ARM,VNM,901832
9504023,14,239,9734,2018,0.0,185477.0,-0.29687199999999997,-0.123116,AUS,VNM,901832
9504024,15,239,9734,2018,5708.0,0.0,1.774488,-0.21117800000000003,AUT,VNM,901832
9504025,18,239,9734,2018,10917.0,0.0,1.270641,1.201063,BEL,VNM,901832
9504026,22,239,9734,2018,0.0,53974.0,-0.899467,-0.9823719999999999,BGD,VNM,901832
9504027,23,239,9734,2018,0.0,993.0,0.571226,1.836856,BGR,VNM,901832
9504028,28,239,9734,2018,0.0,98975.0,0.850089,0.8332870000000001,BLR,VNM,901832
9504029,32,239,9734,2018,0.0,122188.0,0.143397,0.582092,BRA,VNM,901832
9504030,39,239,9734,2018,0.0,481436.0,0.666822,1.218593,CAN,VNM,901832
9504031,41,239,9734,2018,1430.0,0.0,2.2324330000000003,0.7801560000000001,CHE,VNM,901832
9504032,42,239,9734,2018,0.0,1606.0,-0.37677,-0.49605299999999997,CHL,VNM,901832
9504033,43,239,9734,2018,3893534.0,9891050.0,1.200689,1.2822,CHN,VNM,901832
9504034,49,239,9734,2018,0.0,85742.0,0.20431,-0.15273699999999998,COL,VNM,901832
9504035,59,239,9734,2018,0.0,308312.0,1.841016,0.220806,CZE,VNM,901832
9504036,61,239,9734,2018,139475.0,2174701.0,2.109059,-2.428826,DEU,VNM,901832
9504037,64,239,9734,2018,188741.0,0.0,1.0945040000000001,1.3311540000000002,DNK,VNM,901832
9504038,65,239,9734,2018,0.0,202333.0,-0.084258,0.474872,DOM,VNM,901832
9504039,68,239,9734,2018,1171.0,0.0,-0.096635,1.585658,EGY,VNM,901832
9504040,71,239,9734,2018,23239.0,9196954.0,0.744825,2.919005,ESP,VNM,901832
9504041,77,239,9734,2018,160912.0,0.0,1.420819,0.7793770000000001,FRA,VNM,901832
9504042,81,239,9734,2018,49892.0,11701.0,1.693008,0.768159,GBR,VNM,901832
9504043,90,239,9734,2018,0.0,332522.0,0.059539999999999996,1.0321879999999999,GRC,VNM,901832
9504044,100,239,9734,2018,0.0,1158.0,0.7923720000000001,1.4047209999999999,HRV,VNM,901832
9504045,103,239,9734,2018,0.0,826148.0,-0.10130499999999999,1.2414209999999999,IDN,VNM,901832
9504046,104,239,9734,2018,931297.0,2801364.0,0.526015,2.448112,IND,VNM,901832
9504047,106,239,9734,2018,87142.0,0.0,1.262419,0.013576,IRL,VNM,901832
9504048,107,239,9734,2018,0.0,8957.0,-0.389954,-0.258156,IRN,VNM,901832
9504049,109,239,9734,2018,6346.0,0.0,0.252338,-0.341319,ISL,VNM,901832
9504050,110,239,9734,2018,811.0,3937.0,1.355071,0.872822,ISR,VNM,901832
9504051,111,239,9734,2018,26091.0,1823094.0,1.3602530000000002,0.453607,ITA,VNM,901832
9504052,114,239,9734,2018,2024595.0,6499638.0,2.514533,-0.416074,JPN,VNM,901832
9504053,118,239,9734,2018,0.0,1043.0,-0.45740299999999995,-0.575966,KHM,VNM,901832
9504054,121,239,9734,2018,713000.0,1022206.0,2.093866,0.764303,KOR,VNM,901832
9504055,122,239,9734,2018,0.0,20362.0,-0.668802,-1.154012,KWT,VNM,901832
9504056,132,239,9734,2018,0.0,4630.0,0.707168,1.294297,LVA,VNM,901832
9504057,134,239,9734,2018,0.0,19299.0,-0.712775,-0.090013,MAR,VNM,901832
9504058,138,239,9734,2018,1235.0,1669765.0,1.00061,0.585759,MEX,VNM,901832
9504059,143,239,9734,2018,695226.0,14632.0,-0.936467,-0.223413,MMR,VNM,901832
9504060,153,239,9734,2018,101285.0,18697.0,1.122976,0.734109,MYS,VNM,901832
9504061,162,239,9734,2018,21631.0,0.0,1.1478899999999999,1.454758,NLD,VNM,901832
9504062,163,239,9734,2018,0.0,3440.0,0.681639,0.021762,NOR,VNM,901832
9504063,166,239,9734,2018,0.0,10196.0,0.21902600000000003,0.148714,NZL,VNM,901832
9504064,168,239,9734,2018,2322.0,0.0,-0.64348,0.665045,PAK,VNM,901832
9504065,173,239,9734,2018,0.0,159930.0,-0.6673060000000001,-0.183315,PER,VNM,901832
9504066,174,239,9734,2018,330411.0,43173.0,0.781409,0.22126700000000002,PHL,VNM,901832
9504067,177,239,9734,2018,13870.0,201485.0,1.132475,1.258945,POL,VNM,901832
9504068,185,239,9734,2018,0.0,329892.0,1.050715,1.04471,ROU,VNM,901832
9504069,186,239,9734,2018,0.0,913547.0,0.21398000000000003,0.100414,RUS,VNM,901832
9504070,188,239,9734,2018,0.0,432207.0,0.5801810000000001,-0.447514,SAU,VNM,901832
9504071,192,239,9734,2018,360226.0,1331.0,1.914132,0.652011,SGP,VNM,901832
9504072,201,239,9734,2018,0.0,4206.0,0.607486,1.2139389999999999,SRB,VNM,901832
9504073,208,239,9734,2018,33149.0,49111.0,1.76361,0.766904,SWE,VNM,901832
9504074,216,239,9734,2018,62494.0,2710560.0,1.053177,1.4084969999999999,THA,VNM,901832
9504075,223,239,9734,2018,0.0,94879.0,0.259778,1.187194,TUN,VNM,901832
9504076,224,239,9734,2018,32451.0,1503648.0,0.518721,2.5581419999999997,TUR,VNM,901832
9504077,228,239,9734,2018,0.0,106029.0,0.337296,0.758675,UKR,VNM,901832
9504078,231,239,9734,2018,688538.0,3499648.0,1.585861,0.44815900000000003,USA,VNM,901832
9504079,246,239,9734,2018,0.0,24554.0,0.158722,1.394829,ZAF,VNM,901832
9504080,249,239,9734,2018,410113.0,116615.0,2.0462540000000002,1.166636,TWN,VNM,901832
9504081,33,13,9734,2018,2026.0,0.0,0.487166,-0.129388,BRB,ATG,901832
9504082,81,13,9734,2018,1841.0,0.0,1.693008,0.768159,GBR,ATG,901832
9504083,231,13,9734,2018,6806.0,0.0,1.585861,0.44815900000000003,USA,ATG,901832
9504084,18,19,9734,2018,3411.0,0.0,1.270641,1.201063,BEL,BEN,901832
9504085,43,19,9734,2018,59159.0,0.0,1.200689,1.2822,CHN,BEN,901832
9504086,61,19,9734,2018,4038.0,0.0,2.109059,-2.428826,DEU,BEN,901832
9504087,77,19,9734,2018,1404.0,0.0,1.420819,0.7793770000000001,FRA,BEN,901832
9504088,104,19,9734,2018,6756.0,0.0,0.526015,2.448112,IND,BEN,901832
9504089,215,19,9734,2018,1219.0,0.0,-0.685084,-0.773437,TGO,BEN,901832
9504090,18,21,9734,2018,62034.0,0.0,1.270641,1.201063,BEL,BFA,901832
9504091,43,21,9734,2018,54255.0,0.0,1.200689,1.2822,CHN,BFA,901832
9504092,61,21,9734,2018,2116.0,0.0,2.109059,-2.428826,DEU,BFA,901832
9504093,77,21,9734,2018,17010.0,0.0,1.420819,0.7793770000000001,FRA,BFA,901832
9504094,104,21,9734,2018,24995.0,0.0,0.526015,2.448112,IND,BFA,901832
9504095,111,21,9734,2018,30026.0,0.0,1.3602530000000002,0.453607,ITA,BFA,901832
9504096,216,21,9734,2018,2714.0,0.0,1.053177,1.4084969999999999,THA,BFA,901832
9504097,33,25,9734,2018,5882.0,0.0,0.487166,-0.129388,BRB,BHS,901832
9504098,61,25,9734,2018,48355.0,0.0,2.109059,-2.428826,DEU,BHS,901832
9504099,77,25,9734,2018,996.0,0.0,1.420819,0.7793770000000001,FRA,BHS,901832
9504100,138,25,9734,2018,9308.0,0.0,1.00061,0.585759,MEX,BHS,901832
9504101,162,25,9734,2018,29274.0,0.0,1.1478899999999999,1.454758,NLD,BHS,901832
9504102,231,25,9734,2018,19044.0,0.0,1.585861,0.44815900000000003,USA,BHS,901832
9504103,43,29,9734,2018,4682.0,0.0,1.200689,1.2822,CHN,BLZ,901832
9504104,61,29,9734,2018,5916.0,0.0,2.109059,-2.428826,DEU,BLZ,901832
9504105,138,29,9734,2018,55499.0,0.0,1.00061,0.585759,MEX,BLZ,901832
9504106,231,29,9734,2018,1244849.0,804316.0,1.585861,0.44815900000000003,USA,BLZ,901832
9504107,43,37,9734,2018,37481.0,0.0,1.200689,1.2822,CHN,BWA,901832
9504108,61,37,9734,2018,2466.0,0.0,2.109059,-2.428826,DEU,BWA,901832
9504109,246,37,9734,2018,84405.0,0.0,0.158722,1.394829,ZAF,BWA,901832
9504110,18,44,9734,2018,59642.0,0.0,1.270641,1.201063,BEL,CIV,901832
9504111,43,44,9734,2018,260549.0,0.0,1.200689,1.2822,CHN,CIV,901832
9504112,64,44,9734,2018,9190.0,0.0,1.0945040000000001,1.3311540000000002,DNK,CIV,901832
9504113,71,44,9734,2018,1289.0,0.0,0.744825,2.919005,ESP,CIV,901832
9504114,77,44,9734,2018,7891.0,0.0,1.420819,0.7793770000000001,FRA,CIV,901832
9504115,81,44,9734,2018,2664.0,0.0,1.693008,0.768159,GBR,CIV,901832
9504116,104,44,9734,2018,32735.0,0.0,0.526015,2.448112,IND,CIV,901832
9504117,114,44,9734,2018,6924.0,0.0,2.514533,-0.416074,JPN,CIV,901832
9504118,121,44,9734,2018,3856.0,0.0,2.093866,0.764303,KOR,CIV,901832
9504119,131,44,9734,2018,3231.0,0.0,1.1142889999999999,1.306066,LUX,CIV,901832
9504120,216,44,9734,2018,1315.0,0.0,1.053177,1.4084969999999999,THA,CIV,901832
9504121,224,44,9734,2018,13057.0,0.0,0.518721,2.5581419999999997,TUR,CIV,901832
9504122,228,44,9734,2018,3373.0,0.0,0.337296,0.758675,UKR,CIV,901832
9504123,246,44,9734,2018,52246.0,0.0,0.158722,1.394829,ZAF,CIV,901832
9504124,18,45,9734,2018,431939.0,0.0,1.270641,1.201063,BEL,CMR,901832
9504125,39,45,9734,2018,1462.0,0.0,0.666822,1.218593,CAN,CMR,901832
9504126,43,45,9734,2018,198088.0,0.0,1.200689,1.2822,CHN,CMR,901832
9504127,61,45,9734,2018,2695.0,0.0,2.109059,-2.428826,DEU,CMR,901832
9504128,71,45,9734,2018,22955.0,0.0,0.744825,2.919005,ESP,CMR,901832
9504129,77,45,9734,2018,120375.0,0.0,1.420819,0.7793770000000001,FRA,CMR,901832
9504130,81,45,9734,2018,4172.0,0.0,1.693008,0.768159,GBR,CMR,901832
9504131,104,45,9734,2018,51987.0,0.0,0.526015,2.448112,IND,CMR,901832
9504132,224,45,9734,2018,26930.0,0.0,0.518721,2.5581419999999997,TUR,CMR,901832
9504133,18,46,9734,2018,13789.0,0.0,1.270641,1.201063,BEL,COD,901832
9504134,43,46,9734,2018,1355128.0,0.0,1.200689,1.2822,CHN,COD,901832
9504135,61,46,9734,2018,5653.0,0.0,2.109059,-2.428826,DEU,COD,901832
9504136,104,46,9734,2018,2324.0,0.0,0.526015,2.448112,IND,COD,901832
9504137,111,46,9734,2018,1120.0,0.0,1.3602530000000002,0.453607,ITA,COD,901832
9504138,116,46,9734,2018,12001.0,0.0,-0.32707800000000004,0.71009,KEN,COD,901832
9504139,162,46,9734,2018,2714.0,0.0,1.1478899999999999,1.454758,NLD,COD,901832
9504140,246,46,9734,2018,15604.0,0.0,0.158722,1.394829,ZAF,COD,901832
9504141,18,47,9734,2018,15581.0,0.0,1.270641,1.201063,BEL,COG,901832
9504142,43,47,9734,2018,77128.0,0.0,1.200689,1.2822,CHN,COG,901832
9504143,77,47,9734,2018,7614.0,0.0,1.420819,0.7793770000000001,FRA,COG,901832
9504144,104,47,9734,2018,37464.0,0.0,0.526015,2.448112,IND,COG,901832
9504145,179,51,9734,2018,105802.0,0.0,0.652628,2.211758,PRT,CPV,901832
9504146,43,54,9734,2018,1603231.0,0.0,1.200689,1.2822,CHN,CUB,901832
9504147,49,54,9734,2018,6740.0,0.0,0.20431,-0.15273699999999998,COL,CUB,901832
9504148,52,54,9734,2018,3512.0,0.0,0.19386,0.05811,CRI,CUB,901832
9504149,61,54,9734,2018,3347.0,0.0,2.109059,-2.428826,DEU,CUB,901832
9504150,64,54,9734,2018,628557.0,0.0,1.0945040000000001,1.3311540000000002,DNK,CUB,901832
9504151,104,54,9734,2018,27468.0,0.0,0.526015,2.448112,IND,CUB,901832
9504152,111,54,9734,2018,306724.0,0.0,1.3602530000000002,0.453607,ITA,CUB,901832
9504153,138,54,9734,2018,239539.0,0.0,1.00061,0.585759,MEX,CUB,901832
9504154,33,57,9734,2018,11345.0,0.0,0.487166,-0.129388,BRB,CYM,901832
9504155,39,57,9734,2018,5999.0,0.0,0.666822,1.218593,CAN,CYM,901832
9504156,61,57,9734,2018,2938.0,0.0,2.109059,-2.428826,DEU,CYM,901832
9504157,104,57,9734,2018,4208.0,0.0,0.526015,2.448112,IND,CYM,901832
9504158,231,57,9734,2018,15437.0,0.0,1.585861,0.44815900000000003,USA,CYM,901832
9504159,43,62,9734,2018,122805.0,0.0,1.200689,1.2822,CHN,DJI,901832
9504160,224,62,9734,2018,17535.0,0.0,0.518721,2.5581419999999997,TUR,DJI,901832
9504161,18,66,9734,2018,199477.0,1865.0,1.270641,1.201063,BEL,DZA,901832
9504162,41,66,9734,2018,93624.0,0.0,2.2324330000000003,0.7801560000000001,CHE,DZA,901832
9504163,43,66,9734,2018,860715.0,0.0,1.200689,1.2822,CHN,DZA,901832
9504164,61,66,9734,2018,227439.0,0.0,2.109059,-2.428826,DEU,DZA,901832
9504165,64,66,9734,2018,407023.0,0.0,1.0945040000000001,1.3311540000000002,DNK,DZA,901832
9504166,77,66,9734,2018,313715.0,0.0,1.420819,0.7793770000000001,FRA,DZA,901832
9504167,104,66,9734,2018,2936.0,0.0,0.526015,2.448112,IND,DZA,901832
9504168,111,66,9734,2018,1262351.0,0.0,1.3602530000000002,0.453607,ITA,DZA,901832
9504169,121,66,9734,2018,605830.0,0.0,2.093866,0.764303,KOR,DZA,901832
9504170,141,66,9734,2018,0.0,24879.0,-0.49666499999999997,-0.7189909999999999,MLI,DZA,901832
9504171,216,66,9734,2018,53256.0,0.0,1.053177,1.4084969999999999,THA,DZA,901832
9504172,18,80,9734,2018,10336.0,0.0,1.270641,1.201063,BEL,GAB,901832
9504173,43,80,9734,2018,17334.0,0.0,1.200689,1.2822,CHN,GAB,901832
9504174,61,80,9734,2018,2211.0,0.0,2.109059,-2.428826,DEU,GAB,901832
9504175,77,80,9734,2018,4445.0,0.0,1.420819,0.7793770000000001,FRA,GAB,901832
9504176,111,80,9734,2018,20944.0,0.0,1.3602530000000002,0.453607,ITA,GAB,901832
9504177,18,83,9734,2018,15961.0,0.0,1.270641,1.201063,BEL,GHA,901832
9504178,41,83,9734,2018,6834.0,0.0,2.2324330000000003,0.7801560000000001,CHE,GHA,901832
9504179,43,83,9734,2018,831379.0,0.0,1.200689,1.2822,CHN,GHA,901832
9504180,61,83,9734,2018,1082.0,0.0,2.109059,-2.428826,DEU,GHA,901832
9504181,64,83,9734,2018,6833.0,0.0,1.0945040000000001,1.3311540000000002,DNK,GHA,901832
9504182,81,83,9734,2018,14943.0,0.0,1.693008,0.768159,GBR,GHA,901832
9504183,104,83,9734,2018,97819.0,0.0,0.526015,2.448112,IND,GHA,901832
9504184,168,83,9734,2018,2198.0,0.0,-0.64348,0.665045,PAK,GHA,901832
9504185,169,83,9734,2018,5640.0,0.0,0.104326,-0.11611800000000001,PAN,GHA,901832
9504186,208,83,9734,2018,13449.0,0.0,1.76361,0.766904,SWE,GHA,901832
9504187,224,83,9734,2018,2901.0,0.0,0.518721,2.5581419999999997,TUR,GHA,901832
9504188,231,83,9734,2018,2248.0,0.0,1.585861,0.44815900000000003,USA,GHA,901832
9504189,246,83,9734,2018,2533.0,0.0,0.158722,1.394829,ZAF,GHA,901832
9504190,61,84,9734,2018,2177.0,0.0,2.109059,-2.428826,DEU,GIB,901832
9504191,71,84,9734,2018,12866.0,0.0,0.744825,2.919005,ESP,GIB,901832
9504192,81,84,9734,2018,9950.0,0.0,1.693008,0.768159,GBR,GIB,901832
9504193,18,85,9734,2018,64780.0,0.0,1.270641,1.201063,BEL,GIN,901832
9504194,43,85,9734,2018,266874.0,0.0,1.200689,1.2822,CHN,GIN,901832
9504195,61,85,9734,2018,1314.0,0.0,2.109059,-2.428826,DEU,GIN,901832
9504196,104,85,9734,2018,9696.0,0.0,0.526015,2.448112,IND,GIN,901832
9504197,179,85,9734,2018,1628.0,0.0,0.652628,2.211758,PRT,GIN,901832
9504198,186,85,9734,2018,1448.0,0.0,0.21398000000000003,0.100414,RUS,GIN,901832
9504199,43,89,9734,2018,3364.0,0.0,1.200689,1.2822,CHN,GNQ,901832
9504200,71,89,9734,2018,50806.0,0.0,0.744825,2.919005,ESP,GNQ,901832
9504201,179,89,9734,2018,9289.0,0.0,0.652628,2.211758,PRT,GNQ,901832
9504202,18,109,9734,2018,135638.0,0.0,1.270641,1.201063,BEL,ISL,901832
9504203,41,109,9734,2018,34341.0,5141.0,2.2324330000000003,0.7801560000000001,CHE,ISL,901832
9504204,43,109,9734,2018,7381.0,0.0,1.200689,1.2822,CHN,ISL,901832
9504205,61,109,9734,2018,38952.0,0.0,2.109059,-2.428826,DEU,ISL,901832
9504206,64,109,9734,2018,24638.0,0.0,1.0945040000000001,1.3311540000000002,DNK,ISL,901832
9504207,65,109,9734,2018,4205.0,0.0,-0.084258,0.474872,DOM,ISL,901832
9504208,71,109,9734,2018,43587.0,34104.0,0.744825,2.919005,ESP,ISL,901832
9504209,77,109,9734,2018,3701.0,0.0,1.420819,0.7793770000000001,FRA,ISL,901832
9504210,81,109,9734,2018,31454.0,0.0,1.693008,0.768159,GBR,ISL,901832
9504211,111,109,9734,2018,4644.0,0.0,1.3602530000000002,0.453607,ITA,ISL,901832
9504212,114,109,9734,2018,13899.0,0.0,2.514533,-0.416074,JPN,ISL,901832
9504213,138,109,9734,2018,1395.0,0.0,1.00061,0.585759,MEX,ISL,901832
9504214,153,109,9734,2018,7455.0,0.0,1.122976,0.734109,MYS,ISL,901832
9504215,162,109,9734,2018,31637.0,0.0,1.1478899999999999,1.454758,NLD,ISL,901832
9504216,163,109,9734,2018,3500.0,0.0,0.681639,0.021762,NOR,ISL,901832
9504217,208,109,9734,2018,19398.0,0.0,1.76361,0.766904,SWE,ISL,901832
9504218,216,109,9734,2018,1956.0,0.0,1.053177,1.4084969999999999,THA,ISL,901832
9504219,231,109,9734,2018,11712.0,0.0,1.585861,0.44815900000000003,USA,ISL,901832
9504220,239,109,9734,2018,0.0,6346.0,0.003069,0.9169729999999999,VNM,ISL,901832
9504221,2,110,9734,2018,0.0,1083.0,-1.489191,-1.213992,AGO,ISR,901832
9504222,14,110,9734,2018,0.0,96885.0,-0.29687199999999997,-0.123116,AUS,ISR,901832
9504223,15,110,9734,2018,4882.0,45975.0,1.774488,-0.21117800000000003,AUT,ISR,901832
9504224,18,110,9734,2018,1594714.0,0.0,1.270641,1.201063,BEL,ISR,901832
9504225,39,110,9734,2018,1899.0,22589.0,0.666822,1.218593,CAN,ISR,901832
9504226,41,110,9734,2018,715412.0,179602.0,2.2324330000000003,0.7801560000000001,CHE,ISR,901832
9504227,42,110,9734,2018,0.0,45133.0,-0.37677,-0.49605299999999997,CHL,ISR,901832
9504228,43,110,9734,2018,2864643.0,208450.0,1.200689,1.2822,CHN,ISR,901832
9504229,59,110,9734,2018,0.0,50045.0,1.841016,0.220806,CZE,ISR,901832
9504230,61,110,9734,2018,3198318.0,244860.0,2.109059,-2.428826,DEU,ISR,901832
9504231,64,110,9734,2018,322691.0,0.0,1.0945040000000001,1.3311540000000002,DNK,ISR,901832
9504232,65,110,9734,2018,63788.0,0.0,-0.084258,0.474872,DOM,ISR,901832
9504233,71,110,9734,2018,7265.0,9298.0,0.744825,2.919005,ESP,ISR,901832
9504234,74,110,9734,2018,1489.0,22591.0,1.61151,0.9474549999999999,FIN,ISR,901832
9504235,77,110,9734,2018,103348.0,2480284.0,1.420819,0.7793770000000001,FRA,ISR,901832
9504236,81,110,9734,2018,89218.0,97045.0,1.693008,0.768159,GBR,ISR,901832
9504237,82,110,9734,2018,115513.0,0.0,-0.049871,-0.28439899999999996,GEO,ISR,901832
9504238,90,110,9734,2018,1864.0,0.0,0.059539999999999996,1.0321879999999999,GRC,ISR,901832
9504239,97,110,9734,2018,0.0,11123.0,0.843677,1.656073,HKG,ISR,901832
9504240,100,110,9734,2018,9597.0,0.0,0.7923720000000001,1.4047209999999999,HRV,ISR,901832
9504241,102,110,9734,2018,62856.0,0.0,1.519662,0.833092,HUN,ISR,901832
9504242,104,110,9734,2018,178579.0,1104.0,0.526015,2.448112,IND,ISR,901832
9504243,106,110,9734,2018,232891.0,0.0,1.262419,0.013576,IRL,ISR,901832
9504244,111,110,9734,2018,817186.0,55787.0,1.3602530000000002,0.453607,ITA,ISR,901832
9504245,113,110,9734,2018,2045.0,0.0,-0.086895,0.283829,JOR,ISR,901832
9504246,114,110,9734,2018,195686.0,320392.0,2.514533,-0.416074,JPN,ISR,901832
9504247,118,110,9734,2018,0.0,1334.0,-0.45740299999999995,-0.575966,KHM,ISR,901832
9504248,121,110,9734,2018,112350.0,27694.0,2.093866,0.764303,KOR,ISR,901832
9504249,130,110,9734,2018,0.0,1799.0,0.964249,1.4050200000000002,LTU,ISR,901832
9504250,138,110,9734,2018,245209.0,83640.0,1.00061,0.585759,MEX,ISR,901832
9504251,145,110,9734,2018,0.0,1106.0,-0.934398,-1.125105,MNG,ISR,901832
9504252,153,110,9734,2018,42408.0,0.0,1.122976,0.734109,MYS,ISR,901832
9504253,162,110,9734,2018,378526.0,1162287.0,1.1478899999999999,1.454758,NLD,ISR,901832
9504254,163,110,9734,2018,0.0,10628.0,0.681639,0.021762,NOR,ISR,901832
9504255,166,110,9734,2018,0.0,32466.0,0.21902600000000003,0.148714,NZL,ISR,901832
9504256,177,110,9734,2018,94037.0,8994.0,1.132475,1.258945,POL,ISR,901832
9504257,185,110,9734,2018,1029.0,0.0,1.050715,1.04471,ROU,ISR,901832
9504258,186,110,9734,2018,1565.0,11938.0,0.21398000000000003,0.100414,RUS,ISR,901832
9504259,192,110,9734,2018,683292.0,33685.0,1.914132,0.652011,SGP,ISR,901832
9504260,206,110,9734,2018,0.0,73980.0,1.3270979999999999,0.877684,SVK,ISR,901832
9504261,207,110,9734,2018,0.0,13704.0,1.67428,0.7703800000000001,SVN,ISR,901832
9504262,208,110,9734,2018,291628.0,0.0,1.76361,0.766904,SWE,ISR,901832
9504263,216,110,9734,2018,183055.0,15143.0,1.053177,1.4084969999999999,THA,ISR,901832
9504264,224,110,9734,2018,28500.0,65680.0,0.518721,2.5581419999999997,TUR,ISR,901832
9504265,228,110,9734,2018,35300.0,0.0,0.337296,0.758675,UKR,ISR,901832
9504266,231,110,9734,2018,1488417.0,3660627.0,1.585861,0.44815900000000003,USA,ISR,901832
9504267,239,110,9734,2018,3937.0,811.0,0.003069,0.9169729999999999,VNM,ISR,901832
9504268,246,110,9734,2018,0.0,21826.0,0.158722,1.394829,ZAF,ISR,901832
9504269,249,110,9734,2018,10882.0,70784.0,2.0462540000000002,1.166636,TWN,ISR,901832
9504270,43,123,9734,2018,40825.0,0.0,1.200689,1.2822,CHN,LAO,901832
9504271,64,123,9734,2018,2083.0,0.0,1.0945040000000001,1.3311540000000002,DNK,LAO,901832
9504272,104,123,9734,2018,2713.0,0.0,0.526015,2.448112,IND,LAO,901832
9504273,121,123,9734,2018,5123.0,0.0,2.093866,0.764303,KOR,LAO,901832
9504274,192,123,9734,2018,9265.0,0.0,1.914132,0.652011,SGP,LAO,901832
9504275,216,123,9734,2018,450900.0,0.0,1.053177,1.4084969999999999,THA,LAO,901832
9504276,249,123,9734,2018,2054.0,0.0,2.0462540000000002,1.166636,TWN,LAO,901832
9504277,43,125,9734,2018,94793.0,0.0,1.200689,1.2822,CHN,LBR,901832
9504278,104,125,9734,2018,40019.0,0.0,0.526015,2.448112,IND,LBR,901832
9504279,231,125,9734,2018,5849.0,0.0,1.585861,0.44815900000000003,USA,LBR,901832
9504280,81,129,9734,2018,3328.0,0.0,1.693008,0.768159,GBR,LSO,901832
9504281,104,129,9734,2018,1344.0,0.0,0.526015,2.448112,IND,LSO,901832
9504282,246,129,9734,2018,143163.0,0.0,0.158722,1.394829,ZAF,LSO,901832
9504283,41,133,9734,2018,3461.0,0.0,2.2324330000000003,0.7801560000000001,CHE,MAC,901832
9504284,43,133,9734,2018,3005.0,0.0,1.200689,1.2822,CHN,MAC,901832
9504285,61,133,9734,2018,10840.0,0.0,2.109059,-2.428826,DEU,MAC,901832
9504286,64,133,9734,2018,5983.0,0.0,1.0945040000000001,1.3311540000000002,DNK,MAC,901832
9504287,97,133,9734,2018,146944.0,0.0,0.843677,1.656073,HKG,MAC,901832
9504288,104,133,9734,2018,349.0,0.0,0.526015,2.448112,IND,MAC,901832
9504289,114,133,9734,2018,73751.0,0.0,2.514533,-0.416074,JPN,MAC,901832
9504290,121,133,9734,2018,16568.0,0.0,2.093866,0.764303,KOR,MAC,901832
9504291,153,133,9734,2018,45741.0,0.0,1.122976,0.734109,MYS,MAC,901832
9504292,177,133,9734,2018,10930.0,0.0,1.132475,1.258945,POL,MAC,901832
9504293,192,133,9734,2018,3296.0,0.0,1.914132,0.652011,SGP,MAC,901832
9504294,231,133,9734,2018,200142.0,0.0,1.585861,0.44815900000000003,USA,MAC,901832
9504295,249,133,9734,2018,1390.0,0.0,2.0462540000000002,1.166636,TWN,MAC,901832
9504296,192,139,9734,2018,1202.0,0.0,1.914132,0.652011,SGP,MHL,901832
9504297,18,141,9734,2018,12505.0,0.0,1.270641,1.201063,BEL,MLI,901832
9504298,43,141,9734,2018,55654.0,0.0,1.200689,1.2822,CHN,MLI,901832
9504299,66,141,9734,2018,24879.0,0.0,-1.281519,-1.22291,DZA,MLI,901832
9504300,77,141,9734,2018,14933.0,0.0,1.420819,0.7793770000000001,FRA,MLI,901832
9504301,81,141,9734,2018,897.0,0.0,1.693008,0.768159,GBR,MLI,901832
9504302,104,141,9734,2018,928.0,0.0,0.526015,2.448112,IND,MLI,901832
9504303,111,141,9734,2018,6354.0,0.0,1.3602530000000002,0.453607,ITA,MLI,901832
9504304,224,141,9734,2018,2082.0,0.0,0.518721,2.5581419999999997,TUR,MLI,901832
9504305,15,142,9734,2018,4553.0,0.0,1.774488,-0.21117800000000003,AUT,MLT,901832
9504306,18,142,9734,2018,40692.0,0.0,1.270641,1.201063,BEL,MLT,901832
9504307,41,142,9734,2018,17834.0,0.0,2.2324330000000003,0.7801560000000001,CHE,MLT,901832
9504308,43,142,9734,2018,115749.0,0.0,1.200689,1.2822,CHN,MLT,901832
9504309,61,142,9734,2018,23712.0,0.0,2.109059,-2.428826,DEU,MLT,901832
9504310,64,142,9734,2018,19662.0,0.0,1.0945040000000001,1.3311540000000002,DNK,MLT,901832
9504311,77,142,9734,2018,1872.0,0.0,1.420819,0.7793770000000001,FRA,MLT,901832
9504312,81,142,9734,2018,6588.0,0.0,1.693008,0.768159,GBR,MLT,901832
9504313,104,142,9734,2018,0.0,835.0,0.526015,2.448112,IND,MLT,901832
9504314,111,142,9734,2018,21318.0,0.0,1.3602530000000002,0.453607,ITA,MLT,901832
9504315,114,142,9734,2018,103186.0,0.0,2.514533,-0.416074,JPN,MLT,901832
9504316,126,142,9734,2018,0.0,6473.0,-1.608786,-1.231101,LBY,MLT,901832
9504317,162,142,9734,2018,30353.0,0.0,1.1478899999999999,1.454758,NLD,MLT,901832
9504318,177,142,9734,2018,5410.0,0.0,1.132475,1.258945,POL,MLT,901832
9504319,224,142,9734,2018,9390.0,0.0,0.518721,2.5581419999999997,TUR,MLT,901832
9504320,18,148,9734,2018,3353.0,0.0,1.270641,1.201063,BEL,MRT,901832
9504321,43,148,9734,2018,39623.0,0.0,1.200689,1.2822,CHN,MRT,901832
9504322,61,148,9734,2018,16393.0,0.0,2.109059,-2.428826,DEU,MRT,901832
9504323,111,148,9734,2018,1572.0,0.0,1.3602530000000002,0.453607,ITA,MRT,901832
9504324,223,148,9734,2018,5255.0,0.0,0.259778,1.187194,TUN,MRT,901832
9504325,224,148,9734,2018,7665.0,0.0,0.518721,2.5581419999999997,TUR,MRT,901832
9504326,43,155,9734,2018,4495.0,0.0,1.200689,1.2822,CHN,NAM,901832
9504327,104,155,9734,2018,26460.0,0.0,0.526015,2.448112,IND,NAM,901832
9504328,216,155,9734,2018,800.0,0.0,1.053177,1.4084969999999999,THA,NAM,901832
9504329,231,155,9734,2018,20028.0,0.0,1.585861,0.44815900000000003,USA,NAM,901832
9504330,246,155,9734,2018,564221.0,0.0,0.158722,1.394829,ZAF,NAM,901832
9504331,43,178,9734,2018,244023.0,0.0,1.200689,1.2822,CHN,PRK,901832
9504332,15,183,9734,2018,9497.0,0.0,1.774488,-0.21117800000000003,AUT,QAT,901832
9504333,18,183,9734,2018,326922.0,0.0,1.270641,1.201063,BEL,QAT,901832
9504334,39,183,9734,2018,5872.0,0.0,0.666822,1.218593,CAN,QAT,901832
9504335,43,183,9734,2018,75567.0,0.0,1.200689,1.2822,CHN,QAT,901832
9504336,52,183,9734,2018,9778.0,0.0,0.19386,0.05811,CRI,QAT,901832
9504337,61,183,9734,2018,66945.0,0.0,2.109059,-2.428826,DEU,QAT,901832
9504338,64,183,9734,2018,90988.0,0.0,1.0945040000000001,1.3311540000000002,DNK,QAT,901832
9504339,71,183,9734,2018,10480.0,0.0,0.744825,2.919005,ESP,QAT,901832
9504340,74,183,9734,2018,21749.0,0.0,1.61151,0.9474549999999999,FIN,QAT,901832
9504341,77,183,9734,2018,20081.0,0.0,1.420819,0.7793770000000001,FRA,QAT,901832
9504342,81,183,9734,2018,10512.0,0.0,1.693008,0.768159,GBR,QAT,901832
9504343,104,183,9734,2018,41863.0,0.0,0.526015,2.448112,IND,QAT,901832
9504344,106,183,9734,2018,154003.0,0.0,1.262419,0.013576,IRL,QAT,901832
9504345,107,183,9734,2018,0.0,32129.0,-0.389954,-0.258156,IRN,QAT,901832
9504346,111,183,9734,2018,76381.0,0.0,1.3602530000000002,0.453607,ITA,QAT,901832
9504347,114,183,9734,2018,13027.0,0.0,2.514533,-0.416074,JPN,QAT,901832
9504348,121,183,9734,2018,94055.0,0.0,2.093866,0.764303,KOR,QAT,901832
9504349,162,183,9734,2018,34746.0,0.0,1.1478899999999999,1.454758,NLD,QAT,901832
9504350,167,183,9734,2018,0.0,27343.0,-0.548048,-0.9972989999999999,OMN,QAT,901832
9504351,177,183,9734,2018,57061.0,0.0,1.132475,1.258945,POL,QAT,901832
9504352,208,183,9734,2018,2284.0,0.0,1.76361,0.766904,SWE,QAT,901832
9504353,224,183,9734,2018,4661.0,0.0,0.518721,2.5581419999999997,TUR,QAT,901832
9504354,231,183,9734,2018,119956.0,0.0,1.585861,0.44815900000000003,USA,QAT,901832
9504355,18,196,9734,2018,1660.0,0.0,1.270641,1.201063,BEL,SLE,901832
9504356,43,196,9734,2018,183373.0,0.0,1.200689,1.2822,CHN,SLE,901832
9504357,64,196,9734,2018,3707.0,0.0,1.0945040000000001,1.3311540000000002,DNK,SLE,901832
9504358,104,196,9734,2018,13683.0,0.0,0.526015,2.448112,IND,SLE,901832
9504359,231,196,9734,2018,1570.0,0.0,1.585861,0.44815900000000003,USA,SLE,901832
9504360,179,203,9734,2018,3836.0,0.0,0.652628,2.211758,PRT,STP,901832
9504361,43,211,9734,2018,2118.0,0.0,1.200689,1.2822,CHN,SYC,901832
9504362,61,211,9734,2018,2121.0,0.0,2.109059,-2.428826,DEU,SYC,901832
9504363,77,211,9734,2018,0.0,16893.0,1.420819,0.7793770000000001,FRA,SYC,901832
9504364,104,211,9734,2018,12993.0,0.0,0.526015,2.448112,IND,SYC,901832
9504365,114,211,9734,2018,2064.0,0.0,2.514533,-0.416074,JPN,SYC,901832
9504366,246,211,9734,2018,1081.0,0.0,0.158722,1.394829,ZAF,SYC,901832
9504367,192,213,9734,2018,140655.0,0.0,1.914132,0.652011,SGP,TCA,901832
9504368,231,213,9734,2018,4312.0,0.0,1.585861,0.44815900000000003,USA,TCA,901832
9504369,61,214,9734,2018,10935.0,0.0,2.109059,-2.428826,DEU,TCD,901832
9504370,104,214,9734,2018,13119.0,0.0,0.526015,2.448112,IND,TCD,901832
9504371,162,214,9734,2018,1815.0,0.0,1.1478899999999999,1.454758,NLD,TCD,901832
9504372,18,215,9734,2018,94551.0,0.0,1.270641,1.201063,BEL,TGO,901832
9504373,19,215,9734,2018,0.0,1219.0,-0.646475,-0.769808,BEN,TGO,901832
9504374,43,215,9734,2018,16342.0,0.0,1.200689,1.2822,CHN,TGO,901832
9504375,61,215,9734,2018,890.0,0.0,2.109059,-2.428826,DEU,TGO,901832
9504376,223,215,9734,2018,9152.0,0.0,0.259778,1.187194,TUN,TGO,901832
9504377,43,220,9734,2018,61279.0,0.0,1.200689,1.2822,CHN,TLS,901832
9504378,18,226,9734,2018,9595.0,0.0,1.270641,1.201063,BEL,TZA,901832
9504379,43,226,9734,2018,1277596.0,0.0,1.200689,1.2822,CHN,TZA,901832
9504380,61,226,9734,2018,5363.0,0.0,2.109059,-2.428826,DEU,TZA,901832
9504381,64,226,9734,2018,3574.0,0.0,1.0945040000000001,1.3311540000000002,DNK,TZA,901832
9504382,77,226,9734,2018,14937.0,0.0,1.420819,0.7793770000000001,FRA,TZA,901832
9504383,81,226,9734,2018,2395.0,0.0,1.693008,0.768159,GBR,TZA,901832
9504384,104,226,9734,2018,131756.0,0.0,0.526015,2.448112,IND,TZA,901832
9504385,121,226,9734,2018,6207.0,0.0,2.093866,0.764303,KOR,TZA,901832
9504386,162,226,9734,2018,2963.0,0.0,1.1478899999999999,1.454758,NLD,TZA,901832
9504387,166,226,9734,2018,6091.0,0.0,0.21902600000000003,0.148714,NZL,TZA,901832
9504388,231,226,9734,2018,12256.0,0.0,1.585861,0.44815900000000003,USA,TZA,901832
9504389,246,226,9734,2018,17758.0,0.0,0.158722,1.394829,ZAF,TZA,901832
9504390,7,227,9734,2018,3855.0,0.0,0.11804400000000001,-0.326851,ARE,UGA,901832
9504391,18,227,9734,2018,62864.0,0.0,1.270641,1.201063,BEL,UGA,901832
9504392,41,227,9734,2018,1994.0,0.0,2.2324330000000003,0.7801560000000001,CHE,UGA,901832
9504393,43,227,9734,2018,304940.0,0.0,1.200689,1.2822,CHN,UGA,901832
9504394,61,227,9734,2018,31437.0,0.0,2.109059,-2.428826,DEU,UGA,901832
9504395,64,227,9734,2018,36454.0,0.0,1.0945040000000001,1.3311540000000002,DNK,UGA,901832
9504396,71,227,9734,2018,27352.0,0.0,0.744825,2.919005,ESP,UGA,901832
9504397,104,227,9734,2018,194372.0,0.0,0.526015,2.448112,IND,UGA,901832
9504398,111,227,9734,2018,11218.0,0.0,1.3602530000000002,0.453607,ITA,UGA,901832
9504399,116,227,9734,2018,2706.0,0.0,-0.32707800000000004,0.71009,KEN,UGA,901832
9504400,121,227,9734,2018,1043.0,0.0,2.093866,0.764303,KOR,UGA,901832
9504401,208,227,9734,2018,3435.0,0.0,1.76361,0.766904,SWE,UGA,901832
9504402,224,227,9734,2018,13440.0,1537.0,0.518721,2.5581419999999997,TUR,UGA,901832
9504403,231,227,9734,2018,32176.0,0.0,1.585861,0.44815900000000003,USA,UGA,901832
9504404,246,227,9734,2018,24886.0,0.0,0.158722,1.394829,ZAF,UGA,901832
9504405,33,234,9734,2018,4784.0,0.0,0.487166,-0.129388,BRB,VCT,901832
9504406,231,234,9734,2018,5208.0,0.0,1.585861,0.44815900000000003,USA,VCT,901832
9504407,33,237,9734,2018,1124.0,0.0,0.487166,-0.129388,BRB,VGB,901832
9504408,43,240,9734,2018,3336.0,0.0,1.200689,1.2822,CHN,VUT,901832
9504409,7,247,9734,2018,5202.0,0.0,0.11804400000000001,-0.326851,ARE,ZMB,901832
9504410,18,247,9734,2018,5205.0,0.0,1.270641,1.201063,BEL,ZMB,901832
9504411,43,247,9734,2018,449869.0,0.0,1.200689,1.2822,CHN,ZMB,901832
9504412,64,247,9734,2018,2430.0,0.0,1.0945040000000001,1.3311540000000002,DNK,ZMB,901832
9504413,81,247,9734,2018,1700.0,0.0,1.693008,0.768159,GBR,ZMB,901832
9504414,104,247,9734,2018,73911.0,0.0,0.526015,2.448112,IND,ZMB,901832
9504415,121,247,9734,2018,32814.0,0.0,2.093866,0.764303,KOR,ZMB,901832
9504416,162,247,9734,2018,32949.0,0.0,1.1478899999999999,1.454758,NLD,ZMB,901832
9504417,246,247,9734,2018,35969.0,0.0,0.158722,1.394829,ZAF,ZMB,901832
9504418,7,248,9734,2018,2541.0,0.0,0.11804400000000001,-0.326851,ARE,ZWE,901832
9504419,18,248,9734,2018,15714.0,0.0,1.270641,1.201063,BEL,ZWE,901832
9504420,41,248,9734,2018,1219.0,0.0,2.2324330000000003,0.7801560000000001,CHE,ZWE,901832
9504421,43,248,9734,2018,189560.0,0.0,1.200689,1.2822,CHN,ZWE,901832
9504422,61,248,9734,2018,6029.0,0.0,2.109059,-2.428826,DEU,ZWE,901832
9504423,64,248,9734,2018,3088.0,0.0,1.0945040000000001,1.3311540000000002,DNK,ZWE,901832
9504424,81,248,9734,2018,959.0,0.0,1.693008,0.768159,GBR,ZWE,901832
9504425,104,248,9734,2018,17816.0,0.0,0.526015,2.448112,IND,ZWE,901832
9504426,111,248,9734,2018,892.0,0.0,1.3602530000000002,0.453607,ITA,ZWE,901832
9504427,151,248,9734,2018,47672.0,0.0,-0.128221,0.15049400000000002,MUS,ZWE,901832
9504428,231,248,9734,2018,4188.0,0.0,1.585861,0.44815900000000003,USA,ZWE,901832
9504429,246,248,9734,2018,147883.0,0.0,0.158722,1.394829,ZAF,ZWE,901832
9504430,249,248,9734,2018,1378.0,0.0,2.0462540000000002,1.166636,TWN,ZWE,901832
9504431,3,9,9734,2018,2227.0,0.0,1.345238,-0.050174,AIA,ARM,901832
9504432,18,9,9734,2018,18481.0,0.0,1.270641,1.201063,BEL,ARM,901832
9504433,23,9,9734,2018,921.0,0.0,0.571226,1.836856,BGR,ARM,901832
9504434,43,9,9734,2018,155358.0,0.0,1.200689,1.2822,CHN,ARM,901832
9504435,61,9,9734,2018,47363.0,0.0,2.109059,-2.428826,DEU,ARM,901832
9504436,71,9,9734,2018,2113.0,0.0,0.744825,2.919005,ESP,ARM,901832
9504437,77,9,9734,2018,1088.0,0.0,1.420819,0.7793770000000001,FRA,ARM,901832
9504438,81,9,9734,2018,2748.0,0.0,1.693008,0.768159,GBR,ARM,901832
9504439,82,9,9734,2018,0.0,2198.0,-0.049871,-0.28439899999999996,GEO,ARM,901832
9504440,106,9,9734,2018,7991.0,0.0,1.262419,0.013576,IRL,ARM,901832
9504441,111,9,9734,2018,35963.0,0.0,1.3602530000000002,0.453607,ITA,ARM,901832
9504442,114,9,9734,2018,3474.0,0.0,2.514533,-0.416074,JPN,ARM,901832
9504443,121,9,9734,2018,15661.0,0.0,2.093866,0.764303,KOR,ARM,901832
9504444,138,9,9734,2018,2620.0,0.0,1.00061,0.585759,MEX,ARM,901832
9504445,153,9,9734,2018,1599.0,0.0,1.122976,0.734109,MYS,ARM,901832
9504446,162,9,9734,2018,6003.0,0.0,1.1478899999999999,1.454758,NLD,ARM,901832
9504447,174,9,9734,2018,838.0,0.0,0.781409,0.22126700000000002,PHL,ARM,901832
9504448,186,9,9734,2018,5157.0,351332.0,0.21398000000000003,0.100414,RUS,ARM,901832
9504449,208,9,9734,2018,18376.0,0.0,1.76361,0.766904,SWE,ARM,901832
9504450,216,9,9734,2018,24270.0,0.0,1.053177,1.4084969999999999,THA,ARM,901832
9504451,228,9,9734,2018,1776.0,0.0,0.337296,0.758675,UKR,ARM,901832
9504452,231,9,9734,2018,5472.0,0.0,1.585861,0.44815900000000003,USA,ARM,901832
9504453,239,9,9734,2018,4126.0,0.0,0.003069,0.9169729999999999,VNM,ARM,901832
9504454,39,30,9734,2018,16923.0,0.0,0.666822,1.218593,CAN,BMU,901832
9504455,81,30,9734,2018,16125.0,0.0,1.693008,0.768159,GBR,BMU,901832
9504456,231,30,9734,2018,42003.0,0.0,1.585861,0.44815900000000003,USA,BMU,901832
9504457,33,127,9734,2018,13096.0,0.0,0.487166,-0.129388,BRB,LCA,901832
9504458,61,127,9734,2018,15823.0,0.0,2.109059,-2.428826,DEU,LCA,901832
9504459,153,127,9734,2018,11045.0,0.0,1.122976,0.734109,MYS,LCA,901832
9504460,231,127,9734,2018,89773.0,0.0,1.585861,0.44815900000000003,USA,LCA,901832
9504461,7,126,9734,2018,381189.0,0.0,0.11804400000000001,-0.326851,ARE,LBY,901832
9504462,15,126,9734,2018,9062.0,0.0,1.774488,-0.21117800000000003,AUT,LBY,901832
9504463,18,126,9734,2018,38164.0,0.0,1.270641,1.201063,BEL,LBY,901832
9504464,43,126,9734,2018,425352.0,0.0,1.200689,1.2822,CHN,LBY,901832
9504465,61,126,9734,2018,138096.0,0.0,2.109059,-2.428826,DEU,LBY,901832
9504466,104,126,9734,2018,77331.0,0.0,0.526015,2.448112,IND,LBY,901832
9504467,111,126,9734,2018,369902.0,0.0,1.3602530000000002,0.453607,ITA,LBY,901832
9504468,121,126,9734,2018,18112.0,0.0,2.093866,0.764303,KOR,LBY,901832
9504469,142,126,9734,2018,6473.0,0.0,0.9621219999999999,0.257289,MLT,LBY,901832
9504470,208,126,9734,2018,4941.0,0.0,1.76361,0.766904,SWE,LBY,901832
9504471,224,126,9734,2018,107738.0,0.0,0.518721,2.5581419999999997,TUR,LBY,901832
9504472,14,140,9734,2018,13929.0,0.0,-0.29687199999999997,-0.123116,AUS,MKD,901832
9504473,18,140,9734,2018,39840.0,0.0,1.270641,1.201063,BEL,MKD,901832
9504474,23,140,9734,2018,14103.0,0.0,0.571226,1.836856,BGR,MKD,901832
9504475,43,140,9734,2018,91058.0,0.0,1.200689,1.2822,CHN,MKD,901832
9504476,61,140,9734,2018,35329.0,0.0,2.109059,-2.428826,DEU,MKD,901832
9504477,71,140,9734,2018,18596.0,0.0,0.744825,2.919005,ESP,MKD,901832
9504478,77,140,9734,2018,5138.0,0.0,1.420819,0.7793770000000001,FRA,MKD,901832
9504479,81,140,9734,2018,13203.0,0.0,1.693008,0.768159,GBR,MKD,901832
9504480,100,140,9734,2018,2983.0,0.0,0.7923720000000001,1.4047209999999999,HRV,MKD,901832
9504481,104,140,9734,2018,18281.0,0.0,0.526015,2.448112,IND,MKD,901832
9504482,111,140,9734,2018,6237.0,0.0,1.3602530000000002,0.453607,ITA,MKD,901832
9504483,114,140,9734,2018,2145.0,0.0,2.514533,-0.416074,JPN,MKD,901832
9504484,121,140,9734,2018,752.0,0.0,2.093866,0.764303,KOR,MKD,901832
9504485,130,140,9734,2018,919.0,0.0,0.964249,1.4050200000000002,LTU,MKD,901832
9504486,138,140,9734,2018,906.0,0.0,1.00061,0.585759,MEX,MKD,901832
9504487,153,140,9734,2018,117.0,0.0,1.122976,0.734109,MYS,MKD,901832
9504488,162,140,9734,2018,5426.0,27341.0,1.1478899999999999,1.454758,NLD,MKD,901832
9504489,177,140,9734,2018,3010.0,0.0,1.132475,1.258945,POL,MKD,901832
9504490,192,140,9734,2018,12280.0,0.0,1.914132,0.652011,SGP,MKD,901832
9504491,201,140,9734,2018,7576.0,0.0,0.607486,1.2139389999999999,SRB,MKD,901832
9504492,207,140,9734,2018,6155.0,3239.0,1.67428,0.7703800000000001,SVN,MKD,901832
9504493,216,140,9734,2018,10667.0,0.0,1.053177,1.4084969999999999,THA,MKD,901832
9504494,224,140,9734,2018,98518.0,0.0,0.518721,2.5581419999999997,TUR,MKD,901832
9504495,231,140,9734,2018,2957.0,0.0,1.585861,0.44815900000000003,USA,MKD,901832
9504496,14,144,9734,2018,1686.0,0.0,-0.29687199999999997,-0.123116,AUS,MNE,901832
9504497,18,144,9734,2018,17087.0,0.0,1.270641,1.201063,BEL,MNE,901832
9504498,43,144,9734,2018,80349.0,0.0,1.200689,1.2822,CHN,MNE,901832
9504499,61,144,9734,2018,3937.0,0.0,2.109059,-2.428826,DEU,MNE,901832
9504500,64,144,9734,2018,1582.0,0.0,1.0945040000000001,1.3311540000000002,DNK,MNE,901832
9504501,71,144,9734,2018,4157.0,0.0,0.744825,2.919005,ESP,MNE,901832
9504502,77,144,9734,2018,5591.0,0.0,1.420819,0.7793770000000001,FRA,MNE,901832
9504503,81,144,9734,2018,7050.0,0.0,1.693008,0.768159,GBR,MNE,901832
9504504,100,144,9734,2018,1365.0,0.0,0.7923720000000001,1.4047209999999999,HRV,MNE,901832
9504505,106,144,9734,2018,3961.0,0.0,1.262419,0.013576,IRL,MNE,901832
9504506,111,144,9734,2018,1573.0,0.0,1.3602530000000002,0.453607,ITA,MNE,901832
9504507,114,144,9734,2018,646.0,0.0,2.514533,-0.416074,JPN,MNE,901832
9504508,162,144,9734,2018,10339.0,0.0,1.1478899999999999,1.454758,NLD,MNE,901832
9504509,192,144,9734,2018,9193.0,0.0,1.914132,0.652011,SGP,MNE,901832
9504510,201,144,9734,2018,38364.0,0.0,0.607486,1.2139389999999999,SRB,MNE,901832
9504511,206,144,9734,2018,9504.0,0.0,1.3270979999999999,0.877684,SVK,MNE,901832
9504512,216,144,9734,2018,66656.0,0.0,1.053177,1.4084969999999999,THA,MNE,901832
9504513,231,144,9734,2018,34962.0,0.0,1.585861,0.44815900000000003,USA,MNE,901832
9504514,18,145,9734,2018,1146.0,0.0,1.270641,1.201063,BEL,MNG,901832
9504515,43,145,9734,2018,238246.0,0.0,1.200689,1.2822,CHN,MNG,901832
9504516,61,145,9734,2018,2930.0,0.0,2.109059,-2.428826,DEU,MNG,901832
9504517,64,145,9734,2018,5826.0,0.0,1.0945040000000001,1.3311540000000002,DNK,MNG,901832
9504518,81,145,9734,2018,8161.0,0.0,1.693008,0.768159,GBR,MNG,901832
9504519,104,145,9734,2018,869.0,0.0,0.526015,2.448112,IND,MNG,901832
9504520,110,145,9734,2018,1106.0,0.0,1.355071,0.872822,ISR,MNG,901832
9504521,111,145,9734,2018,2043.0,0.0,1.3602530000000002,0.453607,ITA,MNG,901832
9504522,114,145,9734,2018,5546.0,0.0,2.514533,-0.416074,JPN,MNG,901832
9504523,121,145,9734,2018,185555.0,0.0,2.093866,0.764303,KOR,MNG,901832
9504524,138,145,9734,2018,29155.0,0.0,1.00061,0.585759,MEX,MNG,901832
9504525,166,145,9734,2018,2559.0,0.0,0.21902600000000003,0.148714,NZL,MNG,901832
9504526,206,145,9734,2018,11316.0,0.0,1.3270979999999999,0.877684,SVK,MNG,901832
9504527,208,145,9734,2018,5501.0,0.0,1.76361,0.766904,SWE,MNG,901832
9504528,224,145,9734,2018,1656.0,0.0,0.518721,2.5581419999999997,TUR,MNG,901832
9504529,231,145,9734,2018,32146.0,0.0,1.585861,0.44815900000000003,USA,MNG,901832
9504530,18,157,9734,2018,94796.0,0.0,1.270641,1.201063,BEL,NER,901832
9504531,41,157,9734,2018,1232.0,0.0,2.2324330000000003,0.7801560000000001,CHE,NER,901832
9504532,43,157,9734,2018,708.0,0.0,1.200689,1.2822,CHN,NER,901832
9504533,68,157,9734,2018,799.0,0.0,-0.096635,1.585658,EGY,NER,901832
9504534,71,157,9734,2018,1876.0,0.0,0.744825,2.919005,ESP,NER,901832
9504535,77,157,9734,2018,13775.0,0.0,1.420819,0.7793770000000001,FRA,NER,901832
9504536,104,157,9734,2018,9466.0,0.0,0.526015,2.448112,IND,NER,901832
9504537,162,157,9734,2018,1141.0,0.0,1.1478899999999999,1.454758,NLD,NER,901832
9504538,18,198,9734,2018,3091.0,0.0,1.270641,1.201063,BEL,SMR,901832
9504539,18,17,9734,2018,1046.0,0.0,1.270641,1.201063,BEL,BDI,901832
9504540,43,17,9734,2018,22219.0,0.0,1.200689,1.2822,CHN,BDI,901832
9504541,64,17,9734,2018,1637.0,0.0,1.0945040000000001,1.3311540000000002,DNK,BDI,901832
9504542,104,17,9734,2018,5414.0,0.0,0.526015,2.448112,IND,BDI,901832
9504543,116,17,9734,2018,141120.0,0.0,-0.32707800000000004,0.71009,KEN,BDI,901832
9504544,18,243,9734,2018,6372.0,0.0,1.270641,1.201063,BEL,YEM,901832
9504545,41,243,9734,2018,6241.0,0.0,2.2324330000000003,0.7801560000000001,CHE,YEM,901832
9504546,43,243,9734,2018,492478.0,0.0,1.200689,1.2822,CHN,YEM,901832
9504547,61,243,9734,2018,21071.0,0.0,2.109059,-2.428826,DEU,YEM,901832
9504548,68,243,9734,2018,17930.0,0.0,-0.096635,1.585658,EGY,YEM,901832
9504549,104,243,9734,2018,340911.0,0.0,0.526015,2.448112,IND,YEM,901832
9504550,114,243,9734,2018,12432.0,0.0,2.514533,-0.416074,JPN,YEM,901832
9504551,121,243,9734,2018,37870.0,0.0,2.093866,0.764303,KOR,YEM,901832
9504552,162,243,9734,2018,3161.0,0.0,1.1478899999999999,1.454758,NLD,YEM,901832
9504553,185,243,9734,2018,2120.0,0.0,1.050715,1.04471,ROU,YEM,901832
9504554,224,243,9734,2018,6466.0,0.0,0.518721,2.5581419999999997,TUR,YEM,901832
9504555,250,243,9734,2018,22587.0,0.0,0.809991,-0.368737,ANS,YEM,901832
9504556,7,2,9734,2018,13533.0,0.0,0.11804400000000001,-0.326851,ARE,AGO,901832
9504557,32,2,9734,2018,7473.0,0.0,0.143397,0.582092,BRA,AGO,901832
9504558,43,2,9734,2018,867712.0,0.0,1.200689,1.2822,CHN,AGO,901832
9504559,61,2,9734,2018,2032.0,0.0,2.109059,-2.428826,DEU,AGO,901832
9504560,71,2,9734,2018,5818.0,0.0,0.744825,2.919005,ESP,AGO,901832
9504561,104,2,9734,2018,6908.0,0.0,0.526015,2.448112,IND,AGO,901832
9504562,110,2,9734,2018,1083.0,0.0,1.355071,0.872822,ISR,AGO,901832
9504563,111,2,9734,2018,1509.0,0.0,1.3602530000000002,0.453607,ITA,AGO,901832
9504564,177,2,9734,2018,1866.0,0.0,1.132475,1.258945,POL,AGO,901832
9504565,179,2,9734,2018,498048.0,0.0,0.652628,2.211758,PRT,AGO,901832
9504566,192,2,9734,2018,3453.0,0.0,1.914132,0.652011,SGP,AGO,901832
9504567,228,2,9734,2018,5657.0,0.0,0.337296,0.758675,UKR,AGO,901832
9504568,231,2,9734,2018,2274.0,0.0,1.585861,0.44815900000000003,USA,AGO,901832
9504569,246,2,9734,2018,3652.0,0.0,0.158722,1.394829,ZAF,AGO,901832
9504570,18,4,9734,2018,4218.0,0.0,1.270641,1.201063,BEL,ALB,901832
9504571,43,4,9734,2018,392059.0,0.0,1.200689,1.2822,CHN,ALB,901832
9504572,61,4,9734,2018,2401.0,0.0,2.109059,-2.428826,DEU,ALB,901832
9504573,111,4,9734,2018,60614.0,0.0,1.3602530000000002,0.453607,ITA,ALB,901832
9504574,121,4,9734,2018,49712.0,0.0,2.093866,0.764303,KOR,ALB,901832
9504575,177,4,9734,2018,1389.0,0.0,1.132475,1.258945,POL,ALB,901832
9504576,207,4,9734,2018,8790.0,0.0,1.67428,0.7703800000000001,SVN,ALB,901832
9504577,224,4,9734,2018,30623.0,0.0,0.518721,2.5581419999999997,TUR,ALB,901832
9504578,71,5,9734,2018,8536.0,0.0,0.744825,2.919005,ESP,AND,901832
9504579,18,34,9734,2018,7554.0,0.0,1.270641,1.201063,BEL,BRN,901832
9504580,43,34,9734,2018,14924.0,0.0,1.200689,1.2822,CHN,BRN,901832
9504581,61,34,9734,2018,20116.0,0.0,2.109059,-2.428826,DEU,BRN,901832
9504582,114,34,9734,2018,4751.0,0.0,2.514533,-0.416074,JPN,BRN,901832
9504583,153,34,9734,2018,13365.0,0.0,1.122976,0.734109,MYS,BRN,901832
9504584,174,34,9734,2018,10384.0,0.0,0.781409,0.22126700000000002,PHL,BRN,901832
9504585,192,34,9734,2018,31280.0,0.0,1.914132,0.652011,SGP,BRN,901832
9504586,231,34,9734,2018,9245.0,0.0,1.585861,0.44815900000000003,USA,BRN,901832
9504587,43,35,9734,2018,3276.0,0.0,1.200689,1.2822,CHN,BTN,901832
9504588,104,35,9734,2018,88257.0,0.0,0.526015,2.448112,IND,BTN,901832
9504589,43,38,9734,2018,9123.0,0.0,1.200689,1.2822,CHN,CAF,901832
9504590,61,38,9734,2018,1754.0,0.0,2.109059,-2.428826,DEU,CAF,901832
9504591,71,38,9734,2018,1603.0,0.0,0.744825,2.919005,ESP,CAF,901832
9504592,104,38,9734,2018,4329.0,0.0,0.526015,2.448112,IND,CAF,901832
9504593,33,63,9734,2018,1713.0,0.0,0.487166,-0.129388,BRB,DMA,901832
9504594,43,63,9734,2018,36819.0,0.0,1.200689,1.2822,CHN,DMA,901832
9504595,114,63,9734,2018,0.0,2975.0,2.514533,-0.416074,JPN,DMA,901832
9504596,231,63,9734,2018,72751.0,0.0,1.585861,0.44815900000000003,USA,DMA,901832
9504597,104,69,9734,2018,3599.0,0.0,0.526015,2.448112,IND,ERI,901832
9504598,14,75,9734,2018,4963.0,0.0,-0.29687199999999997,-0.123116,AUS,FJI,901832
9504599,43,75,9734,2018,45647.0,0.0,1.200689,1.2822,CHN,FJI,901832
9504600,61,75,9734,2018,2205.0,0.0,2.109059,-2.428826,DEU,FJI,901832
9504601,166,75,9734,2018,6095.0,0.0,0.21902600000000003,0.148714,NZL,FJI,901832
9504602,18,78,9734,2018,1054.0,0.0,1.270641,1.201063,BEL,FRO,901832
9504603,61,78,9734,2018,3066.0,0.0,2.109059,-2.428826,DEU,FRO,901832
9504604,64,78,9734,2018,60894.0,0.0,1.0945040000000001,1.3311540000000002,DNK,FRO,901832
9504605,43,79,9734,2018,2618.0,0.0,1.200689,1.2822,CHN,FSM,901832
9504606,231,79,9734,2018,90720.0,0.0,1.585861,0.44815900000000003,USA,FSM,901832
9504607,43,87,9734,2018,38910.0,0.0,1.200689,1.2822,CHN,GMB,901832
9504608,81,87,9734,2018,1992.0,0.0,1.693008,0.768159,GBR,GMB,901832
9504609,104,87,9734,2018,17067.0,0.0,0.526015,2.448112,IND,GMB,901832
9504610,179,88,9734,2018,2000.0,0.0,0.652628,2.211758,PRT,GNB,901832
9504611,33,91,9734,2018,13210.0,0.0,0.487166,-0.129388,BRB,GRD,901832
9504612,231,91,9734,2018,9551.0,0.0,1.585861,0.44815900000000003,USA,GRD,901832
9504613,175,95,9734,2018,0.0,63224.0,0.07495,-0.8339719999999999,PLW,GUM,901832
9504614,18,101,9734,2018,30215.0,0.0,1.270641,1.201063,BEL,HTI,901832
9504615,43,101,9734,2018,6283.0,0.0,1.200689,1.2822,CHN,HTI,901832
9504616,162,101,9734,2018,3721.0,0.0,1.1478899999999999,1.454758,NLD,HTI,901832
9504617,231,101,9734,2018,39110.0,0.0,1.585861,0.44815900000000003,USA,HTI,901832
9504618,18,136,9734,2018,1118.0,0.0,1.270641,1.201063,BEL,MDG,901832
9504619,43,136,9734,2018,110285.0,0.0,1.200689,1.2822,CHN,MDG,901832
9504620,77,136,9734,2018,3956.0,0.0,1.420819,0.7793770000000001,FRA,MDG,901832
9504621,104,136,9734,2018,1151.0,0.0,0.526015,2.448112,IND,MDG,901832
9504622,121,136,9734,2018,9670.0,0.0,2.093866,0.764303,KOR,MDG,901832
9504623,231,136,9734,2018,12514.0,0.0,1.585861,0.44815900000000003,USA,MDG,901832
9504624,246,136,9734,2018,988.0,0.0,0.158722,1.394829,ZAF,MDG,901832
9504625,43,137,9734,2018,8722.0,0.0,1.200689,1.2822,CHN,MDV,901832
9504626,97,137,9734,2018,41588.0,0.0,0.843677,1.656073,HKG,MDV,901832
9504627,104,137,9734,2018,493852.0,0.0,0.526015,2.448112,IND,MDV,901832
9504628,177,137,9734,2018,1173.0,0.0,1.132475,1.258945,POL,MDV,901832
9504629,192,137,9734,2018,1164.0,0.0,1.914132,0.652011,SGP,MDV,901832
9504630,61,156,9734,2018,11548.0,0.0,2.109059,-2.428826,DEU,NCL,901832
9504631,74,156,9734,2018,4442.0,0.0,1.61151,0.9474549999999999,FIN,NCL,901832
9504632,77,156,9734,2018,378426.0,0.0,1.420819,0.7793770000000001,FRA,NCL,901832
9504633,114,156,9734,2018,5435.0,0.0,2.514533,-0.416074,JPN,NCL,901832
9504634,162,156,9734,2018,1200.0,0.0,1.1478899999999999,1.454758,NLD,NCL,901832
9504635,192,156,9734,2018,11598.0,0.0,1.914132,0.652011,SGP,NCL,901832
9504636,14,165,9734,2018,1663.0,0.0,-0.29687199999999997,-0.123116,AUS,NRU,901832
9504637,95,175,9734,2018,63224.0,0.0,0.560314,-0.11880299999999999,GUM,PLW,901832
9504638,174,175,9734,2018,1227.0,0.0,0.781409,0.22126700000000002,PHL,PLW,901832
9504639,231,175,9734,2018,581.0,0.0,1.585861,0.44815900000000003,USA,PLW,901832
9504640,14,176,9734,2018,7780.0,0.0,-0.29687199999999997,-0.123116,AUS,PNG,901832
9504641,43,176,9734,2018,235982.0,0.0,1.200689,1.2822,CHN,PNG,901832
9504642,104,176,9734,2018,96472.0,0.0,0.526015,2.448112,IND,PNG,901832
9504643,121,176,9734,2018,1062.0,0.0,2.093866,0.764303,KOR,PNG,901832
9504644,14,181,9734,2018,12661.0,0.0,-0.29687199999999997,-0.123116,AUS,PSE,901832
9504645,18,181,9734,2018,862.0,0.0,1.270641,1.201063,BEL,PSE,901832
9504646,41,181,9734,2018,1844.0,0.0,2.2324330000000003,0.7801560000000001,CHE,PSE,901832
9504647,43,181,9734,2018,12837.0,0.0,1.200689,1.2822,CHN,PSE,901832
9504648,61,181,9734,2018,1503.0,0.0,2.109059,-2.428826,DEU,PSE,901832
9504649,71,181,9734,2018,1066.0,0.0,0.744825,2.919005,ESP,PSE,901832
9504650,77,181,9734,2018,4119.0,0.0,1.420819,0.7793770000000001,FRA,PSE,901832
9504651,104,181,9734,2018,49.0,0.0,0.526015,2.448112,IND,PSE,901832
9504652,111,181,9734,2018,1005.0,0.0,1.3602530000000002,0.453607,ITA,PSE,901832
9504653,114,181,9734,2018,4276.0,0.0,2.514533,-0.416074,JPN,PSE,901832
9504654,121,181,9734,2018,9449.0,0.0,2.093866,0.764303,KOR,PSE,901832
9504655,162,181,9734,2018,11584.0,0.0,1.1478899999999999,1.454758,NLD,PSE,901832
9504656,216,181,9734,2018,841.0,0.0,1.053177,1.4084969999999999,THA,PSE,901832
9504657,224,181,9734,2018,442.0,0.0,0.518721,2.5581419999999997,TUR,PSE,901832
9504658,231,181,9734,2018,867.0,0.0,1.585861,0.44815900000000003,USA,PSE,901832
9504659,18,182,9734,2018,1092.0,0.0,1.270641,1.201063,BEL,PYF,901832
9504660,41,182,9734,2018,1327.0,0.0,2.2324330000000003,0.7801560000000001,CHE,PYF,901832
9504661,43,182,9734,2018,10056.0,0.0,1.200689,1.2822,CHN,PYF,901832
9504662,59,182,9734,2018,600.0,0.0,1.841016,0.220806,CZE,PYF,901832
9504663,61,182,9734,2018,5063.0,0.0,2.109059,-2.428826,DEU,PYF,901832
9504664,64,182,9734,2018,990.0,0.0,1.0945040000000001,1.3311540000000002,DNK,PYF,901832
9504665,71,182,9734,2018,9808.0,0.0,0.744825,2.919005,ESP,PYF,901832
9504666,77,182,9734,2018,326398.0,0.0,1.420819,0.7793770000000001,FRA,PYF,901832
9504667,81,182,9734,2018,978.0,0.0,1.693008,0.768159,GBR,PYF,901832
9504668,106,182,9734,2018,146.0,0.0,1.262419,0.013576,IRL,PYF,901832
9504669,111,182,9734,2018,11971.0,0.0,1.3602530000000002,0.453607,ITA,PYF,901832
9504670,114,182,9734,2018,35225.0,0.0,2.514533,-0.416074,JPN,PYF,901832
9504671,153,182,9734,2018,868.0,0.0,1.122976,0.734109,MYS,PYF,901832
9504672,162,182,9734,2018,1756.0,0.0,1.1478899999999999,1.454758,NLD,PYF,901832
9504673,177,182,9734,2018,645.0,0.0,1.132475,1.258945,POL,PYF,901832
9504674,192,182,9734,2018,38097.0,0.0,1.914132,0.652011,SGP,PYF,901832
9504675,216,182,9734,2018,4751.0,0.0,1.053177,1.4084969999999999,THA,PYF,901832
9504676,231,182,9734,2018,11447.0,0.0,1.585861,0.44815900000000003,USA,PYF,901832
9504677,43,199,9734,2018,277063.0,0.0,1.200689,1.2822,CHN,SOM,901832
9504678,104,199,9734,2018,3274.0,0.0,0.526015,2.448112,IND,SOM,901832
9504679,116,199,9734,2018,17645.0,0.0,-0.32707800000000004,0.71009,KEN,SOM,901832
9504680,162,199,9734,2018,2314.0,0.0,1.1478899999999999,1.454758,NLD,SOM,901832
9504681,224,199,9734,2018,34689.0,0.0,0.518721,2.5581419999999997,TUR,SOM,901832
9504682,246,199,9734,2018,17867.0,0.0,0.158722,1.394829,ZAF,SOM,901832
9504683,116,202,9734,2018,13941.0,0.0,-0.32707800000000004,0.71009,KEN,SSD,901832
9504684,7,212,9734,2018,1559.0,0.0,0.11804400000000001,-0.326851,ARE,SYR,901832
9504685,43,212,9734,2018,360627.0,0.0,1.200689,1.2822,CHN,SYR,901832
9504686,61,212,9734,2018,76091.0,0.0,2.109059,-2.428826,DEU,SYR,901832
9504687,121,212,9734,2018,48750.0,0.0,2.093866,0.764303,KOR,SYR,901832
9504688,162,212,9734,2018,1691.0,0.0,1.1478899999999999,1.454758,NLD,SYR,901832
9504689,224,212,9734,2018,115165.0,0.0,0.518721,2.5581419999999997,TUR,SYR,901832
9504690,43,221,9734,2018,6134.0,0.0,1.200689,1.2822,CHN,TON,901832
9504691,9,3,9734,2018,0.0,2227.0,-0.330516,-0.604744,ARM,AIA,901832
9504692,33,3,9734,2018,1210.0,0.0,0.487166,-0.129388,BRB,AIA,901832
9504693,14,195,9734,2018,6496.0,0.0,-0.29687199999999997,-0.123116,AUS,SLB,901832
9504694,43,195,9734,2018,7957.0,0.0,1.200689,1.2822,CHN,SLB,901832
9504695,162,195,9734,2018,2874.0,0.0,1.1478899999999999,1.454758,NLD,SLB,901832
9504696,14,242,9734,2018,7019.0,0.0,-0.29687199999999997,-0.123116,AUS,WSM,901832
9504697,43,242,9734,2018,14496.0,0.0,1.200689,1.2822,CHN,WSM,901832
9504698,81,242,9734,2018,1197.0,0.0,1.693008,0.768159,GBR,WSM,901832
9504699,153,242,9734,2018,16380.0,0.0,1.122976,0.734109,MYS,WSM,901832
9504700,166,242,9734,2018,5393.0,0.0,0.21902600000000003,0.148714,NZL,WSM,901832
9504701,74,210,9734,2018,1065.0,0.0,1.61151,0.9474549999999999,FIN,SXM,901832
9504702,14,119,9734,2018,1662.0,0.0,-0.29687199999999997,-0.123116,AUS,KIR,901832
9504703,39,119,9734,2018,0.0,2689.0,0.666822,1.218593,CAN,KIR,901832
9504704,43,119,9734,2018,4420.0,0.0,1.200689,1.2822,CHN,KIR,901832
9504705,231,119,9734,2018,16159.0,0.0,1.585861,0.44815900000000003,USA,KIR,901832
9504706,14,194,9734,2018,0.0,3494.0,-0.29687199999999997,-0.123116,AUS,SHN,901832
9504707,77,241,9734,2018,3055.0,0.0,1.420819,0.7793770000000001,FRA,WLF,901832
9504708,162,20,9734,2018,1203.0,0.0,1.1478899999999999,1.454758,NLD,BES,901832
9504709,61,12,9734,2018,41048.0,0.0,2.109059,-2.428826,DEU,ATF,901832
9504710,77,27,9734,2018,6097.0,0.0,1.420819,0.7793770000000001,FRA,BLM,901832
9504711,77,200,9734,2018,3617.0,0.0,1.420819,0.7793770000000001,FRA,SPM,901832
9504712,43,1,9747,2018,6007.0,0.0,1.200689,1.2822,CHN,AFG,902130
9504713,61,1,9747,2018,1704.0,0.0,2.109059,-2.428826,DEU,AFG,902130
9504714,77,1,9747,2018,65663.0,0.0,1.420819,0.7793770000000001,FRA,AFG,902130
9504715,224,1,9747,2018,10132.0,0.0,0.518721,2.5581419999999997,TUR,AFG,902130
9504716,2,7,9747,2018,0.0,22225.0,-1.489191,-1.213992,AGO,ARE,902130
9504717,14,7,9747,2018,25353.0,0.0,-0.29687199999999997,-0.123116,AUS,ARE,902130
9504718,15,7,9747,2018,79181.0,0.0,1.774488,-0.21117800000000003,AUT,ARE,902130
9504719,18,7,9747,2018,1528863.0,7248.0,1.270641,1.201063,BEL,ARE,902130
9504720,23,7,9747,2018,4649.0,877.0,0.571226,1.836856,BGR,ARE,902130
9504721,24,7,9747,2018,0.0,40318.0,0.318352,-0.69221,BHR,ARE,902130
9504722,32,7,9747,2018,23286.0,0.0,0.143397,0.582092,BRA,ARE,902130
9504723,39,7,9747,2018,10127.0,0.0,0.666822,1.218593,CAN,ARE,902130
9504724,41,7,9747,2018,1112713.0,0.0,2.2324330000000003,0.7801560000000001,CHE,ARE,902130
9504725,43,7,9747,2018,2342.0,123004.0,1.200689,1.2822,CHN,ARE,902130
9504726,52,7,9747,2018,225716.0,0.0,0.19386,0.05811,CRI,ARE,902130
9504727,58,7,9747,2018,0.0,4191.0,0.45442,-0.113303,CYP,ARE,902130
9504728,61,7,9747,2018,1190372.0,4077.0,2.109059,-2.428826,DEU,ARE,902130
9504729,64,7,9747,2018,8391.0,0.0,1.0945040000000001,1.3311540000000002,DNK,ARE,902130
9504730,68,7,9747,2018,0.0,91561.0,-0.096635,1.585658,EGY,ARE,902130
9504731,71,7,9747,2018,67899.0,0.0,0.744825,2.919005,ESP,ARE,902130
9504732,73,7,9747,2018,0.0,3019.0,-0.874857,-0.464958,ETH,ARE,902130
9504733,77,7,9747,2018,745242.0,0.0,1.420819,0.7793770000000001,FRA,ARE,902130
9504734,81,7,9747,2018,900140.0,102938.0,1.693008,0.768159,GBR,ARE,902130
9504735,82,7,9747,2018,884.0,0.0,-0.049871,-0.28439899999999996,GEO,ARE,902130
9504736,97,7,9747,2018,1444.0,158529.0,0.843677,1.656073,HKG,ARE,902130
9504737,102,7,9747,2018,256223.0,3055.0,1.519662,0.833092,HUN,ARE,902130
9504738,104,7,9747,2018,145778.0,302561.0,0.526015,2.448112,IND,ARE,902130
9504739,106,7,9747,2018,2008609.0,0.0,1.262419,0.013576,IRL,ARE,902130
9504740,107,7,9747,2018,13982.0,6441653.0,-0.389954,-0.258156,IRN,ARE,902130
9504741,108,7,9747,2018,0.0,225394.0,-1.7504400000000002,-1.018699,IRQ,ARE,902130
9504742,109,7,9747,2018,21141.0,0.0,0.252338,-0.341319,ISL,ARE,902130
9504743,111,7,9747,2018,211067.0,0.0,1.3602530000000002,0.453607,ITA,ARE,902130
9504744,113,7,9747,2018,3249.0,0.0,-0.086895,0.283829,JOR,ARE,902130
9504745,114,7,9747,2018,313099.0,0.0,2.514533,-0.416074,JPN,ARE,902130
9504746,115,7,9747,2018,0.0,61201.0,-0.483862,-0.667417,KAZ,ARE,902130
9504747,121,7,9747,2018,1406.0,0.0,2.093866,0.764303,KOR,ARE,902130
9504748,122,7,9747,2018,0.0,68389.0,-0.668802,-1.154012,KWT,ARE,902130
9504749,124,7,9747,2018,0.0,67751.0,0.270554,0.9995149999999999,LBN,ARE,902130
9504750,126,7,9747,2018,0.0,11485.0,-1.608786,-1.231101,LBY,ARE,902130
9504751,134,7,9747,2018,0.0,6854.0,-0.712775,-0.090013,MAR,ARE,902130
9504752,138,7,9747,2018,432004.0,0.0,1.00061,0.585759,MEX,ARE,902130
9504753,153,7,9747,2018,1351.0,0.0,1.122976,0.734109,MYS,ARE,902130
9504754,159,7,9747,2018,0.0,20214.0,-1.8238,-1.259938,NGA,ARE,902130
9504755,162,7,9747,2018,6981866.0,106835.0,1.1478899999999999,1.454758,NLD,ARE,902130
9504756,167,7,9747,2018,0.0,623444.0,-0.548048,-0.9972989999999999,OMN,ARE,902130
9504757,168,7,9747,2018,0.0,12783.0,-0.64348,0.665045,PAK,ARE,902130
9504758,186,7,9747,2018,3157.0,6932.0,0.21398000000000003,0.100414,RUS,ARE,902130
9504759,188,7,9747,2018,0.0,126490.0,0.5801810000000001,-0.447514,SAU,ARE,902130
9504760,190,7,9747,2018,0.0,3298.0,-1.278532,-1.176008,SDN,ARE,902130
9504761,191,7,9747,2018,0.0,9668.0,-0.751378,-0.390573,SEN,ARE,902130
9504762,192,7,9747,2018,336323.0,0.0,1.914132,0.652011,SGP,ARE,902130
9504763,208,7,9747,2018,106222.0,0.0,1.76361,0.766904,SWE,ARE,902130
9504764,212,7,9747,2018,0.0,175492.0,-0.6836760000000001,0.554563,SYR,ARE,902130
9504765,224,7,9747,2018,2124.0,0.0,0.518721,2.5581419999999997,TUR,ARE,902130
9504766,231,7,9747,2018,517233.0,2466.0,1.585861,0.44815900000000003,USA,ARE,902130
9504767,246,7,9747,2018,4285.0,3091.0,0.158722,1.394829,ZAF,ARE,902130
9504768,249,7,9747,2018,335619.0,0.0,2.0462540000000002,1.166636,TWN,ARE,902130
9504769,14,8,9747,2018,44053.0,8157.0,-0.29687199999999997,-0.123116,AUS,ARG,902130
9504770,15,8,9747,2018,33380.0,0.0,1.774488,-0.21117800000000003,AUT,ARG,902130
9504771,16,8,9747,2018,0.0,5299.0,-1.144089,-1.224327,AZE,ARG,902130
9504772,18,8,9747,2018,2747682.0,0.0,1.270641,1.201063,BEL,ARG,902130
9504773,31,8,9747,2018,0.0,4603.0,-1.153953,-1.070749,BOL,ARG,902130
9504774,32,8,9747,2018,1122068.0,2081818.0,0.143397,0.582092,BRA,ARG,902130
9504775,39,8,9747,2018,108768.0,78482.0,0.666822,1.218593,CAN,ARG,902130
9504776,41,8,9747,2018,940159.0,0.0,2.2324330000000003,0.7801560000000001,CHE,ARG,902130
9504777,42,8,9747,2018,78916.0,112791.0,-0.37677,-0.49605299999999997,CHL,ARG,902130
9504778,43,8,9747,2018,132741.0,0.0,1.200689,1.2822,CHN,ARG,902130
9504779,49,8,9747,2018,0.0,211094.0,0.20431,-0.15273699999999998,COL,ARG,902130
9504780,52,8,9747,2018,1644874.0,57935.0,0.19386,0.05811,CRI,ARG,902130
9504781,59,8,9747,2018,1325.0,0.0,1.841016,0.220806,CZE,ARG,902130
9504782,61,8,9747,2018,2980951.0,192961.0,2.109059,-2.428826,DEU,ARG,902130
9504783,64,8,9747,2018,845944.0,0.0,1.0945040000000001,1.3311540000000002,DNK,ARG,902130
9504784,65,8,9747,2018,0.0,8267.0,-0.084258,0.474872,DOM,ARG,902130
9504785,67,8,9747,2018,0.0,158669.0,-0.873973,-1.032841,ECU,ARG,902130
9504786,68,8,9747,2018,0.0,508014.0,-0.096635,1.585658,EGY,ARG,902130
9504787,71,8,9747,2018,95553.0,0.0,0.744825,2.919005,ESP,ARG,902130
9504788,77,8,9747,2018,2513453.0,0.0,1.420819,0.7793770000000001,FRA,ARG,902130
9504789,81,8,9747,2018,2739032.0,0.0,1.693008,0.768159,GBR,ARG,902130
9504790,93,8,9747,2018,0.0,2154.0,-0.362668,0.520826,GTM,ARG,902130
9504791,102,8,9747,2018,68109.0,0.0,1.519662,0.833092,HUN,ARG,902130
9504792,104,8,9747,2018,1369645.0,0.0,0.526015,2.448112,IND,ARG,902130
9504793,106,8,9747,2018,1305380.0,0.0,1.262419,0.013576,IRL,ARG,902130
9504794,109,8,9747,2018,324197.0,0.0,0.252338,-0.341319,ISL,ARG,902130
9504795,110,8,9747,2018,252994.0,0.0,1.355071,0.872822,ISR,ARG,902130
9504796,111,8,9747,2018,507074.0,0.0,1.3602530000000002,0.453607,ITA,ARG,902130
9504797,121,8,9747,2018,0.0,140348.0,2.093866,0.764303,KOR,ARG,902130
9504798,138,8,9747,2018,2567725.0,0.0,1.00061,0.585759,MEX,ARG,902130
9504799,153,8,9747,2018,49885.0,0.0,1.122976,0.734109,MYS,ARG,902130
9504800,160,8,9747,2018,0.0,3314.0,-0.887282,-0.827008,NIC,ARG,902130
9504801,162,8,9747,2018,7102736.0,147404.0,1.1478899999999999,1.454758,NLD,ARG,902130
9504802,166,8,9747,2018,7477.0,1324.0,0.21902600000000003,0.148714,NZL,ARG,902130
9504803,169,8,9747,2018,0.0,78260.0,0.104326,-0.11611800000000001,PAN,ARG,902130
9504804,173,8,9747,2018,0.0,292941.0,-0.6673060000000001,-0.183315,PER,ARG,902130
9504805,179,8,9747,2018,15876.0,0.0,0.652628,2.211758,PRT,ARG,902130
9504806,180,8,9747,2018,0.0,10339.0,-0.614751,-0.952478,PRY,ARG,902130
9504807,185,8,9747,2018,1879.0,1610.0,1.050715,1.04471,ROU,ARG,902130
9504808,188,8,9747,2018,0.0,78161.0,0.5801810000000001,-0.447514,SAU,ARG,902130
9504809,192,8,9747,2018,111955.0,0.0,1.914132,0.652011,SGP,ARG,902130
9504810,197,8,9747,2018,0.0,1861.0,0.073928,0.22548600000000002,SLV,ARG,902130
9504811,201,8,9747,2018,0.0,13006.0,0.607486,1.2139389999999999,SRB,ARG,902130
9504812,208,8,9747,2018,22718.0,0.0,1.76361,0.766904,SWE,ARG,902130
9504813,224,8,9747,2018,48400.0,79728.0,0.518721,2.5581419999999997,TUR,ARG,902130
9504814,228,8,9747,2018,0.0,6174.0,0.337296,0.758675,UKR,ARG,902130
9504815,230,8,9747,2018,4508.0,91850.0,-0.02056,-0.38911,URY,ARG,902130
9504816,231,8,9747,2018,10309205.0,11980.0,1.585861,0.44815900000000003,USA,ARG,902130
9504817,239,8,9747,2018,0.0,4847.0,0.003069,0.9169729999999999,VNM,ARG,902130
9504818,249,8,9747,2018,44746.0,0.0,2.0462540000000002,1.166636,TWN,ARG,902130
9504819,7,15,9747,2018,0.0,79181.0,0.11804400000000001,-0.326851,ARE,AUT,902130
9504820,8,15,9747,2018,0.0,33380.0,-0.14316800000000002,0.14356,ARG,AUT,902130
9504821,14,15,9747,2018,0.0,270743.0,-0.29687199999999997,-0.123116,AUS,AUT,902130
9504822,18,15,9747,2018,5012110.0,401201.0,1.270641,1.201063,BEL,AUT,902130
9504823,23,15,9747,2018,0.0,22045.0,0.571226,1.836856,BGR,AUT,902130
9504824,24,15,9747,2018,0.0,14747.0,0.318352,-0.69221,BHR,AUT,902130
9504825,26,15,9747,2018,0.0,12331.0,0.526392,0.742398,BIH,AUT,902130
9504826,28,15,9747,2018,0.0,2357.0,0.850089,0.8332870000000001,BLR,AUT,902130
9504827,32,15,9747,2018,49483.0,0.0,0.143397,0.582092,BRA,AUT,902130
9504828,39,15,9747,2018,204072.0,238214.0,0.666822,1.218593,CAN,AUT,902130
9504829,41,15,9747,2018,842321.0,261594.0,2.2324330000000003,0.7801560000000001,CHE,AUT,902130
9504830,42,15,9747,2018,0.0,1804.0,-0.37677,-0.49605299999999997,CHL,AUT,902130
9504831,43,15,9747,2018,81125.0,103519.0,1.200689,1.2822,CHN,AUT,902130
9504832,52,15,9747,2018,851885.0,0.0,0.19386,0.05811,CRI,AUT,902130
9504833,59,15,9747,2018,209543.0,355673.0,1.841016,0.220806,CZE,AUT,902130
9504834,61,15,9747,2018,28238720.0,124741696.0,2.109059,-2.428826,DEU,AUT,902130
9504835,64,15,9747,2018,45619.0,9990.0,1.0945040000000001,1.3311540000000002,DNK,AUT,902130
9504836,66,15,9747,2018,0.0,4466.0,-1.281519,-1.22291,DZA,AUT,902130
9504837,68,15,9747,2018,0.0,21046.0,-0.096635,1.585658,EGY,AUT,902130
9504838,71,15,9747,2018,9769.0,384896.0,0.744825,2.919005,ESP,AUT,902130
9504839,72,15,9747,2018,56428.0,14265.0,0.979986,1.2365899999999999,EST,AUT,902130
9504840,73,15,9747,2018,0.0,1735.0,-0.874857,-0.464958,ETH,AUT,902130
9504841,74,15,9747,2018,3674.0,262273.0,1.61151,0.9474549999999999,FIN,AUT,902130
9504842,77,15,9747,2018,2692078.0,252285.0,1.420819,0.7793770000000001,FRA,AUT,902130
9504843,81,15,9747,2018,1273344.0,260668.0,1.693008,0.768159,GBR,AUT,902130
9504844,90,15,9747,2018,1219.0,29210.0,0.059539999999999996,1.0321879999999999,GRC,AUT,902130
9504845,100,15,9747,2018,33399.0,636798.0,0.7923720000000001,1.4047209999999999,HRV,AUT,902130
9504846,102,15,9747,2018,7370.0,358720.0,1.519662,0.833092,HUN,AUT,902130
9504847,104,15,9747,2018,14578.0,9178.0,0.526015,2.448112,IND,AUT,902130
9504848,106,15,9747,2018,314659.0,0.0,1.262419,0.013576,IRL,AUT,902130
9504849,107,15,9747,2018,0.0,25439.0,-0.389954,-0.258156,IRN,AUT,902130
9504850,108,15,9747,2018,0.0,95916.0,-1.7504400000000002,-1.018699,IRQ,AUT,902130
9504851,109,15,9747,2018,0.0,32483.0,0.252338,-0.341319,ISL,AUT,902130
9504852,110,15,9747,2018,2168.0,5480.0,1.355071,0.872822,ISR,AUT,902130
9504853,111,15,9747,2018,1367193.0,912161.0,1.3602530000000002,0.453607,ITA,AUT,902130
9504854,114,15,9747,2018,2706.0,141084.0,2.514533,-0.416074,JPN,AUT,902130
9504855,121,15,9747,2018,606699.0,322278.0,2.093866,0.764303,KOR,AUT,902130
9504856,124,15,9747,2018,0.0,60032.0,0.270554,0.9995149999999999,LBN,AUT,902130
9504857,131,15,9747,2018,17767.0,0.0,1.1142889999999999,1.306066,LUX,AUT,902130
9504858,132,15,9747,2018,0.0,923.0,0.707168,1.294297,LVA,AUT,902130
9504859,135,15,9747,2018,3273.0,0.0,-0.358412,-0.271334,MDA,AUT,902130
9504860,138,15,9747,2018,1291725.0,33855.0,1.00061,0.585759,MEX,AUT,902130
9504861,142,15,9747,2018,0.0,1140.0,0.9621219999999999,0.257289,MLT,AUT,902130
9504862,145,15,9747,2018,0.0,32502.0,-0.934398,-1.125105,MNG,AUT,902130
9504863,151,15,9747,2018,0.0,1384.0,-0.128221,0.15049400000000002,MUS,AUT,902130
9504864,159,15,9747,2018,0.0,7775.0,-1.8238,-1.259938,NGA,AUT,902130
9504865,162,15,9747,2018,29229526.0,4260717.0,1.1478899999999999,1.454758,NLD,AUT,902130
9504866,163,15,9747,2018,0.0,136068.0,0.681639,0.021762,NOR,AUT,902130
9504867,166,15,9747,2018,1255.0,50991.0,0.21902600000000003,0.148714,NZL,AUT,902130
9504868,168,15,9747,2018,0.0,882.0,-0.64348,0.665045,PAK,AUT,902130
9504869,174,15,9747,2018,0.0,13512.0,0.781409,0.22126700000000002,PHL,AUT,902130
9504870,177,15,9747,2018,9569.0,1026029.0,1.132475,1.258945,POL,AUT,902130
9504871,179,15,9747,2018,14583.0,41081.0,0.652628,2.211758,PRT,AUT,902130
9504872,185,15,9747,2018,4063.0,178913.0,1.050715,1.04471,ROU,AUT,902130
9504873,186,15,9747,2018,0.0,2975806.0,0.21398000000000003,0.100414,RUS,AUT,902130
9504874,188,15,9747,2018,0.0,92452.0,0.5801810000000001,-0.447514,SAU,AUT,902130
9504875,192,15,9747,2018,2497219.0,0.0,1.914132,0.652011,SGP,AUT,902130
9504876,198,15,9747,2018,1217.0,1776.0,1.1064260000000001,0.566218,SMR,AUT,902130
9504877,201,15,9747,2018,0.0,29333.0,0.607486,1.2139389999999999,SRB,AUT,902130
9504878,206,15,9747,2018,0.0,437267.0,1.3270979999999999,0.877684,SVK,AUT,902130
9504879,207,15,9747,2018,1369.0,316358.0,1.67428,0.7703800000000001,SVN,AUT,902130
9504880,208,15,9747,2018,846662.0,23984.0,1.76361,0.766904,SWE,AUT,902130
9504881,216,15,9747,2018,0.0,130609.0,1.053177,1.4084969999999999,THA,AUT,902130
9504882,219,15,9747,2018,0.0,1988.0,-1.0081209999999998,-1.190796,TKM,AUT,902130
9504883,223,15,9747,2018,0.0,16792.0,0.259778,1.187194,TUN,AUT,902130
9504884,224,15,9747,2018,34889.0,331054.0,0.518721,2.5581419999999997,TUR,AUT,902130
9504885,228,15,9747,2018,0.0,39128.0,0.337296,0.758675,UKR,AUT,902130
9504886,231,15,9747,2018,4950792.0,6203828.0,1.585861,0.44815900000000003,USA,AUT,902130
9504887,232,15,9747,2018,0.0,15770.0,-0.591547,-0.429982,UZB,AUT,902130
9504888,239,15,9747,2018,0.0,72545.0,0.003069,0.9169729999999999,VNM,AUT,902130
9504889,246,15,9747,2018,2904.0,52539.0,0.158722,1.394829,ZAF,AUT,902130
9504890,248,15,9747,2018,0.0,26408.0,-1.181524,-1.0648520000000001,ZWE,AUT,902130
9504891,249,15,9747,2018,0.0,20586.0,2.0462540000000002,1.166636,TWN,AUT,902130
9504892,2,18,9747,2018,0.0,34892.0,-1.489191,-1.213992,AGO,BEL,902130
9504893,4,18,9747,2018,0.0,207605.0,-0.456481,-0.139655,ALB,BEL,902130
9504894,5,18,9747,2018,0.0,1031.0,0.975648,0.525437,AND,BEL,902130
9504895,7,18,9747,2018,7248.0,1528863.0,0.11804400000000001,-0.326851,ARE,BEL,902130
9504896,8,18,9747,2018,0.0,2747682.0,-0.14316800000000002,0.14356,ARG,BEL,902130
9504897,9,18,9747,2018,0.0,54350.0,-0.330516,-0.604744,ARM,BEL,902130
9504898,14,18,9747,2018,5283754.0,24463988.0,-0.29687199999999997,-0.123116,AUS,BEL,902130
9504899,15,18,9747,2018,401201.0,5012110.0,1.774488,-0.21117800000000003,AUT,BEL,902130
9504900,16,18,9747,2018,0.0,1475.0,-1.144089,-1.224327,AZE,BEL,902130
9504901,21,18,9747,2018,0.0,14191.0,-0.8835200000000001,-0.9790620000000001,BFA,BEL,902130
9504902,22,18,9747,2018,0.0,490956.0,-0.899467,-0.9823719999999999,BGD,BEL,902130
9504903,23,18,9747,2018,0.0,913822.0,0.571226,1.836856,BGR,BEL,902130
9504904,24,18,9747,2018,0.0,141998.0,0.318352,-0.69221,BHR,BEL,902130
9504905,25,18,9747,2018,0.0,963.0,0.532998,-0.394906,BHS,BEL,902130
9504906,26,18,9747,2018,0.0,112361.0,0.526392,0.742398,BIH,BEL,902130
9504907,28,18,9747,2018,0.0,750381.0,0.850089,0.8332870000000001,BLR,BEL,902130
9504908,31,18,9747,2018,0.0,40524.0,-1.153953,-1.070749,BOL,BEL,902130
9504909,32,18,9747,2018,7190704.0,7773510.0,0.143397,0.582092,BRA,BEL,902130
9504910,39,18,9747,2018,310555.0,9903216.0,0.666822,1.218593,CAN,BEL,902130
9504911,41,18,9747,2018,4308980.0,7586484.0,2.2324330000000003,0.7801560000000001,CHE,BEL,902130
9504912,42,18,9747,2018,1771.0,2012694.0,-0.37677,-0.49605299999999997,CHL,BEL,902130
9504913,43,18,9747,2018,48256.0,47865628.0,1.200689,1.2822,CHN,BEL,902130
9504914,44,18,9747,2018,0.0,8020.0,-0.8733569999999999,-0.8443139999999999,CIV,BEL,902130
9504915,49,18,9747,2018,0.0,4613765.0,0.20431,-0.15273699999999998,COL,BEL,902130
9504916,52,18,9747,2018,105992696.0,173414.0,0.19386,0.05811,CRI,BEL,902130
9504917,57,18,9747,2018,0.0,4624.0,-0.194933,-0.930874,CYM,BEL,902130
9504918,58,18,9747,2018,0.0,410182.0,0.45442,-0.113303,CYP,BEL,902130
9504919,59,18,9747,2018,7472.0,5888486.0,1.841016,0.220806,CZE,BEL,902130
9504920,61,18,9747,2018,6343723.0,35338344.0,2.109059,-2.428826,DEU,BEL,902130
9504921,64,18,9747,2018,715311.0,4208802.0,1.0945040000000001,1.3311540000000002,DNK,BEL,902130
9504922,65,18,9747,2018,0.0,76837.0,-0.084258,0.474872,DOM,BEL,902130
9504923,66,18,9747,2018,0.0,327808.0,-1.281519,-1.22291,DZA,BEL,902130
9504924,67,18,9747,2018,0.0,749999.0,-0.873973,-1.032841,ECU,BEL,902130
9504925,68,18,9747,2018,0.0,5258578.0,-0.096635,1.585658,EGY,BEL,902130
9504926,71,18,9747,2018,10393655.0,30634838.0,0.744825,2.919005,ESP,BEL,902130
9504927,72,18,9747,2018,0.0,945859.0,0.979986,1.2365899999999999,EST,BEL,902130
9504928,74,18,9747,2018,28806.0,1256254.0,1.61151,0.9474549999999999,FIN,BEL,902130
9504929,77,18,9747,2018,22615186.0,27048428.0,1.420819,0.7793770000000001,FRA,BEL,902130
9504930,78,18,9747,2018,0.0,1124.0,-1.00676,-0.959297,FRO,BEL,902130
9504931,81,18,9747,2018,4719482.0,31824912.0,1.693008,0.768159,GBR,BEL,902130
9504932,82,18,9747,2018,0.0,609749.0,-0.049871,-0.28439899999999996,GEO,BEL,902130
9504933,90,18,9747,2018,70212.0,4466406.0,0.059539999999999996,1.0321879999999999,GRC,BEL,902130
9504934,93,18,9747,2018,0.0,2597.0,-0.362668,0.520826,GTM,BEL,902130
9504935,97,18,9747,2018,160870.0,2098572.0,0.843677,1.656073,HKG,BEL,902130
9504936,100,18,9747,2018,136291.0,566333.0,0.7923720000000001,1.4047209999999999,HRV,BEL,902130
9504937,102,18,9747,2018,0.0,1939503.0,1.519662,0.833092,HUN,BEL,902130
9504938,103,18,9747,2018,0.0,200513.0,-0.10130499999999999,1.2414209999999999,IDN,BEL,902130
9504939,104,18,9747,2018,340432.0,26826958.0,0.526015,2.448112,IND,BEL,902130
9504940,106,18,9747,2018,21275614.0,504176.0,1.262419,0.013576,IRL,BEL,902130
9504941,107,18,9747,2018,0.0,3819756.0,-0.389954,-0.258156,IRN,BEL,902130
9504942,108,18,9747,2018,0.0,1398928.0,-1.7504400000000002,-1.018699,IRQ,BEL,902130
9504943,109,18,9747,2018,0.0,163371.0,0.252338,-0.341319,ISL,BEL,902130
9504944,110,18,9747,2018,176665.0,3857700.0,1.355071,0.872822,ISR,BEL,902130
9504945,111,18,9747,2018,2055105.0,37186096.0,1.3602530000000002,0.453607,ITA,BEL,902130
9504946,112,18,9747,2018,0.0,4043.0,-0.339328,-0.8756659999999999,JAM,BEL,902130
9504947,113,18,9747,2018,0.0,928635.0,-0.086895,0.283829,JOR,BEL,902130
9504948,114,18,9747,2018,193301.0,46496152.0,2.514533,-0.416074,JPN,BEL,902130
9504949,115,18,9747,2018,0.0,1440981.0,-0.483862,-0.667417,KAZ,BEL,902130
9504950,116,18,9747,2018,0.0,42372.0,-0.32707800000000004,0.71009,KEN,BEL,902130
9504951,117,18,9747,2018,0.0,53217.0,-0.141491,0.33161,KGZ,BEL,902130
9504952,118,18,9747,2018,0.0,6359.0,-0.45740299999999995,-0.575966,KHM,BEL,902130
9504953,121,18,9747,2018,188017.0,21114746.0,2.093866,0.764303,KOR,BEL,902130
9504954,122,18,9747,2018,0.0,586674.0,-0.668802,-1.154012,KWT,BEL,902130
9504955,124,18,9747,2018,8228.0,1317204.0,0.270554,0.9995149999999999,LBN,BEL,902130
9504956,128,18,9747,2018,0.0,1112618.0,-0.544504,0.41074099999999997,LKA,BEL,902130
9504957,130,18,9747,2018,0.0,1071431.0,0.964249,1.4050200000000002,LTU,BEL,902130
9504958,131,18,9747,2018,3304649.0,996517.0,1.1142889999999999,1.306066,LUX,BEL,902130
9504959,132,18,9747,2018,0.0,1420468.0,0.707168,1.294297,LVA,BEL,902130
9504960,134,18,9747,2018,0.0,562084.0,-0.712775,-0.090013,MAR,BEL,902130
9504961,135,18,9747,2018,16307.0,89390.0,-0.358412,-0.271334,MDA,BEL,902130
9504962,138,18,9747,2018,588719.0,3495293.0,1.00061,0.585759,MEX,BEL,902130
9504963,140,18,9747,2018,0.0,85902.0,0.079976,-0.20256,MKD,BEL,902130
9504964,142,18,9747,2018,0.0,85745.0,0.9621219999999999,0.257289,MLT,BEL,902130
9504965,143,18,9747,2018,0.0,1499.0,-0.936467,-0.223413,MMR,BEL,902130
9504966,144,18,9747,2018,0.0,7928.0,0.332495,0.124258,MNE,BEL,902130
9504967,145,18,9747,2018,0.0,283364.0,-0.934398,-1.125105,MNG,BEL,902130
9504968,151,18,9747,2018,0.0,28624.0,-0.128221,0.15049400000000002,MUS,BEL,902130
9504969,153,18,9747,2018,9949913.0,1342208.0,1.122976,0.734109,MYS,BEL,902130
9504970,156,18,9747,2018,0.0,13735.0,-0.49370299999999995,-0.865432,NCL,BEL,902130
9504971,157,18,9747,2018,0.0,1161.0,-0.633115,-0.839564,NER,BEL,902130
9504972,159,18,9747,2018,0.0,44800.0,-1.8238,-1.259938,NGA,BEL,902130
9504973,162,18,9747,2018,132953712.0,22509414.0,1.1478899999999999,1.454758,NLD,BEL,902130
9504974,163,18,9747,2018,253610.0,1852155.0,0.681639,0.021762,NOR,BEL,902130
9504975,164,18,9747,2018,0.0,91295.0,-0.252837,0.999258,NPL,BEL,902130
9504976,166,18,9747,2018,226491.0,2367272.0,0.21902600000000003,0.148714,NZL,BEL,902130
9504977,167,18,9747,2018,0.0,160350.0,-0.548048,-0.9972989999999999,OMN,BEL,902130
9504978,168,18,9747,2018,0.0,1279002.0,-0.64348,0.665045,PAK,BEL,902130
9504979,169,18,9747,2018,0.0,628001.0,0.104326,-0.11611800000000001,PAN,BEL,902130
9504980,173,18,9747,2018,2768.0,506659.0,-0.6673060000000001,-0.183315,PER,BEL,902130
9504981,174,18,9747,2018,11950.0,415947.0,0.781409,0.22126700000000002,PHL,BEL,902130
9504982,177,18,9747,2018,47331.0,6655990.0,1.132475,1.258945,POL,BEL,902130
9504983,179,18,9747,2018,487312.0,4980095.0,0.652628,2.211758,PRT,BEL,902130
9504984,180,18,9747,2018,0.0,2640.0,-0.614751,-0.952478,PRY,BEL,902130
9504985,182,18,9747,2018,0.0,13733.0,0.21430300000000002,-0.484076,PYF,BEL,902130
9504986,183,18,9747,2018,0.0,298590.0,-0.068401,-1.014732,QAT,BEL,902130
9504987,185,18,9747,2018,0.0,3237169.0,1.050715,1.04471,ROU,BEL,902130
9504988,186,18,9747,2018,0.0,11945887.0,0.21398000000000003,0.100414,RUS,BEL,902130
9504989,187,18,9747,2018,0.0,946.0,-0.618925,-0.788172,RWA,BEL,902130
9504990,188,18,9747,2018,0.0,4458326.0,0.5801810000000001,-0.447514,SAU,BEL,902130
9504991,191,18,9747,2018,0.0,1948.0,-0.751378,-0.390573,SEN,BEL,902130
9504992,192,18,9747,2018,19265.0,5437574.0,1.914132,0.652011,SGP,BEL,902130
9504993,201,18,9747,2018,5517.0,1122475.0,0.607486,1.2139389999999999,SRB,BEL,902130
9504994,206,18,9747,2018,18577.0,1967459.0,1.3270979999999999,0.877684,SVK,BEL,902130
9504995,207,18,9747,2018,50112.0,2590621.0,1.67428,0.7703800000000001,SVN,BEL,902130
9504996,208,18,9747,2018,1978261.0,11445651.0,1.76361,0.766904,SWE,BEL,902130
9504997,212,18,9747,2018,0.0,112748.0,-0.6836760000000001,0.554563,SYR,BEL,902130
9504998,216,18,9747,2018,38675.0,6428556.0,1.053177,1.4084969999999999,THA,BEL,902130
9504999,222,18,9747,2018,0.0,55919.0,-0.281617,-1.009652,TTO,BEL,902130
9505000,223,18,9747,2018,0.0,79039.0,0.259778,1.187194,TUN,BEL,902130
9505001,224,18,9747,2018,162259.0,8834374.0,0.518721,2.5581419999999997,TUR,BEL,902130
9505002,228,18,9747,2018,0.0,1877206.0,0.337296,0.758675,UKR,BEL,902130
9505003,229,18,9747,2018,72071.0,0.0,1.766584,-0.034711,UMI,BEL,902130
9505004,230,18,9747,2018,0.0,154933.0,-0.02056,-0.38911,URY,BEL,902130
9505005,231,18,9747,2018,206446544.0,3046650.0,1.585861,0.44815900000000003,USA,BEL,902130
9505006,232,18,9747,2018,0.0,15379.0,-0.591547,-0.429982,UZB,BEL,902130
9505007,236,18,9747,2018,0.0,4969.0,-1.081138,-1.198717,VEN,BEL,902130
9505008,239,18,9747,2018,39939.0,6189112.0,0.003069,0.9169729999999999,VNM,BEL,902130
9505009,243,18,9747,2018,0.0,231445.0,-1.3332899999999999,-1.200589,YEM,BEL,902130
9505010,246,18,9747,2018,332213.0,3769791.0,0.158722,1.394829,ZAF,BEL,902130
9505011,249,18,9747,2018,2206.0,5927054.0,2.0462540000000002,1.166636,TWN,BEL,902130
9505012,4,23,9747,2018,0.0,8191.0,-0.456481,-0.139655,ALB,BGR,902130
9505013,7,23,9747,2018,877.0,4649.0,0.11804400000000001,-0.326851,ARE,BGR,902130
9505014,9,23,9747,2018,0.0,10412.0,-0.330516,-0.604744,ARM,BGR,902130
9505015,15,23,9747,2018,22045.0,0.0,1.774488,-0.21117800000000003,AUT,BGR,902130
9505016,16,23,9747,2018,0.0,19324.0,-1.144089,-1.224327,AZE,BGR,902130
9505017,18,23,9747,2018,913822.0,0.0,1.270641,1.201063,BEL,BGR,902130
9505018,26,23,9747,2018,0.0,2010.0,0.526392,0.742398,BIH,BGR,902130
9505019,32,23,9747,2018,12558.0,0.0,0.143397,0.582092,BRA,BGR,902130
9505020,39,23,9747,2018,0.0,3666.0,0.666822,1.218593,CAN,BGR,902130
9505021,41,23,9747,2018,8974.0,115341.0,2.2324330000000003,0.7801560000000001,CHE,BGR,902130
9505022,42,23,9747,2018,0.0,4941.0,-0.37677,-0.49605299999999997,CHL,BGR,902130
9505023,43,23,9747,2018,41720.0,0.0,1.200689,1.2822,CHN,BGR,902130
9505024,58,23,9747,2018,0.0,7083.0,0.45442,-0.113303,CYP,BGR,902130
9505025,59,23,9747,2018,270053.0,5919.0,1.841016,0.220806,CZE,BGR,902130
9505026,61,23,9747,2018,1070840.0,69556.0,2.109059,-2.428826,DEU,BGR,902130
9505027,64,23,9747,2018,336989.0,0.0,1.0945040000000001,1.3311540000000002,DNK,BGR,902130
9505028,67,23,9747,2018,0.0,917.0,-0.873973,-1.032841,ECU,BGR,902130
9505029,71,23,9747,2018,11900.0,0.0,0.744825,2.919005,ESP,BGR,902130
9505030,73,23,9747,2018,0.0,16705.0,-0.874857,-0.464958,ETH,BGR,902130
9505031,77,23,9747,2018,475868.0,0.0,1.420819,0.7793770000000001,FRA,BGR,902130
9505032,81,23,9747,2018,106708.0,0.0,1.693008,0.768159,GBR,BGR,902130
9505033,82,23,9747,2018,0.0,21790.0,-0.049871,-0.28439899999999996,GEO,BGR,902130
9505034,90,23,9747,2018,16066.0,684759.0,0.059539999999999996,1.0321879999999999,GRC,BGR,902130
9505035,97,23,9747,2018,24819.0,0.0,0.843677,1.656073,HKG,BGR,902130
9505036,102,23,9747,2018,21534.0,2949.0,1.519662,0.833092,HUN,BGR,902130
9505037,103,23,9747,2018,0.0,29918.0,-0.10130499999999999,1.2414209999999999,IDN,BGR,902130
9505038,104,23,9747,2018,634867.0,5106.0,0.526015,2.448112,IND,BGR,902130
9505039,106,23,9747,2018,110578.0,0.0,1.262419,0.013576,IRL,BGR,902130
9505040,108,23,9747,2018,0.0,38493.0,-1.7504400000000002,-1.018699,IRQ,BGR,902130
9505041,110,23,9747,2018,88200.0,34897.0,1.355071,0.872822,ISR,BGR,902130
9505042,111,23,9747,2018,1011763.0,0.0,1.3602530000000002,0.453607,ITA,BGR,902130
9505043,113,23,9747,2018,0.0,903.0,-0.086895,0.283829,JOR,BGR,902130
9505044,115,23,9747,2018,0.0,2059.0,-0.483862,-0.667417,KAZ,BGR,902130
9505045,116,23,9747,2018,0.0,10177.0,-0.32707800000000004,0.71009,KEN,BGR,902130
9505046,121,23,9747,2018,11114.0,66149.0,2.093866,0.764303,KOR,BGR,902130
9505047,124,23,9747,2018,0.0,3378.0,0.270554,0.9995149999999999,LBN,BGR,902130
9505048,126,23,9747,2018,0.0,56344.0,-1.608786,-1.231101,LBY,BGR,902130
9505049,130,23,9747,2018,0.0,22450.0,0.964249,1.4050200000000002,LTU,BGR,902130
9505050,132,23,9747,2018,0.0,1134.0,0.707168,1.294297,LVA,BGR,902130
9505051,134,23,9747,2018,0.0,15078.0,-0.712775,-0.090013,MAR,BGR,902130
9505052,135,23,9747,2018,3026.0,2779.0,-0.358412,-0.271334,MDA,BGR,902130
9505053,140,23,9747,2018,0.0,17198.0,0.079976,-0.20256,MKD,BGR,902130
9505054,143,23,9747,2018,0.0,6121.0,-0.936467,-0.223413,MMR,BGR,902130
9505055,153,23,9747,2018,0.0,14679.0,1.122976,0.734109,MYS,BGR,902130
9505056,159,23,9747,2018,0.0,1079.0,-1.8238,-1.259938,NGA,BGR,902130
9505057,162,23,9747,2018,3380454.0,1911.0,1.1478899999999999,1.454758,NLD,BGR,902130
9505058,163,23,9747,2018,0.0,19438.0,0.681639,0.021762,NOR,BGR,902130
9505059,167,23,9747,2018,0.0,1141.0,-0.548048,-0.9972989999999999,OMN,BGR,902130
9505060,168,23,9747,2018,0.0,16383.0,-0.64348,0.665045,PAK,BGR,902130
9505061,177,23,9747,2018,65760.0,0.0,1.132475,1.258945,POL,BGR,902130
9505062,179,23,9747,2018,74984.0,0.0,0.652628,2.211758,PRT,BGR,902130
9505063,185,23,9747,2018,50204.0,72612.0,1.050715,1.04471,ROU,BGR,902130
9505064,201,23,9747,2018,37012.0,28024.0,0.607486,1.2139389999999999,SRB,BGR,902130
9505065,207,23,9747,2018,128187.0,0.0,1.67428,0.7703800000000001,SVN,BGR,902130
9505066,224,23,9747,2018,291349.0,6986.0,0.518721,2.5581419999999997,TUR,BGR,902130
9505067,227,23,9747,2018,0.0,1464.0,-0.621049,-0.061448,UGA,BGR,902130
9505068,231,23,9747,2018,239959.0,0.0,1.585861,0.44815900000000003,USA,BGR,902130
9505069,232,23,9747,2018,0.0,36159.0,-0.591547,-0.429982,UZB,BGR,902130
9505070,239,23,9747,2018,0.0,164696.0,0.003069,0.9169729999999999,VNM,BGR,902130
9505071,246,23,9747,2018,0.0,2381.0,0.158722,1.394829,ZAF,BGR,902130
9505072,248,23,9747,2018,0.0,1197.0,-1.181524,-1.0648520000000001,ZWE,BGR,902130
9505073,7,24,9747,2018,40318.0,0.0,0.11804400000000001,-0.326851,ARE,BHR,902130
9505074,15,24,9747,2018,14747.0,0.0,1.774488,-0.21117800000000003,AUT,BHR,902130
9505075,18,24,9747,2018,141998.0,0.0,1.270641,1.201063,BEL,BHR,902130
9505076,32,24,9747,2018,8758.0,0.0,0.143397,0.582092,BRA,BHR,902130
9505077,41,24,9747,2018,254057.0,0.0,2.2324330000000003,0.7801560000000001,CHE,BHR,902130
9505078,52,24,9747,2018,15094.0,0.0,0.19386,0.05811,CRI,BHR,902130
9505079,61,24,9747,2018,105126.0,0.0,2.109059,-2.428826,DEU,BHR,902130
9505080,77,24,9747,2018,4122.0,0.0,1.420819,0.7793770000000001,FRA,BHR,902130
9505081,81,24,9747,2018,3904.0,0.0,1.693008,0.768159,GBR,BHR,902130
9505082,104,24,9747,2018,2902.0,0.0,0.526015,2.448112,IND,BHR,902130
9505083,106,24,9747,2018,414083.0,0.0,1.262419,0.013576,IRL,BHR,902130
9505084,111,24,9747,2018,29545.0,0.0,1.3602530000000002,0.453607,ITA,BHR,902130
9505085,138,24,9747,2018,2656.0,0.0,1.00061,0.585759,MEX,BHR,902130
9505086,162,24,9747,2018,1378655.0,0.0,1.1478899999999999,1.454758,NLD,BHR,902130
9505087,192,24,9747,2018,81779.0,0.0,1.914132,0.652011,SGP,BHR,902130
9505088,231,24,9747,2018,1208205.0,0.0,1.585861,0.44815900000000003,USA,BHR,902130
9505089,7,32,9747,2018,0.0,23286.0,0.11804400000000001,-0.326851,ARE,BRA,902130
9505090,8,32,9747,2018,2081818.0,1122068.0,-0.14316800000000002,0.14356,ARG,BRA,902130
9505091,9,32,9747,2018,0.0,1706.0,-0.330516,-0.604744,ARM,BRA,902130
9505092,14,32,9747,2018,268269.0,248365.0,-0.29687199999999997,-0.123116,AUS,BRA,902130
9505093,15,32,9747,2018,0.0,49483.0,1.774488,-0.21117800000000003,AUT,BRA,902130
9505094,18,32,9747,2018,7773510.0,7190704.0,1.270641,1.201063,BEL,BRA,902130
9505095,22,32,9747,2018,0.0,38690.0,-0.899467,-0.9823719999999999,BGD,BRA,902130
9505096,23,32,9747,2018,0.0,12558.0,0.571226,1.836856,BGR,BRA,902130
9505097,24,32,9747,2018,0.0,8758.0,0.318352,-0.69221,BHR,BRA,902130
9505098,26,32,9747,2018,0.0,1151.0,0.526392,0.742398,BIH,BRA,902130
9505099,28,32,9747,2018,0.0,54531.0,0.850089,0.8332870000000001,BLR,BRA,902130
9505100,31,32,9747,2018,32365.0,62011.0,-1.153953,-1.070749,BOL,BRA,902130
9505101,39,32,9747,2018,641374.0,260730.0,0.666822,1.218593,CAN,BRA,902130
9505102,41,32,9747,2018,457753.0,15442763.0,2.2324330000000003,0.7801560000000001,CHE,BRA,902130
9505103,42,32,9747,2018,0.0,737796.0,-0.37677,-0.49605299999999997,CHL,BRA,902130
9505104,43,32,9747,2018,1004174.0,693667.0,1.200689,1.2822,CHN,BRA,902130
9505105,48,32,9747,2018,0.0,4073.0,0.716123,-0.631445,COK,BRA,902130
9505106,49,32,9747,2018,0.0,1680874.0,0.20431,-0.15273699999999998,COL,BRA,902130
9505107,52,32,9747,2018,13800663.0,10419622.0,0.19386,0.05811,CRI,BRA,902130
9505108,54,32,9747,2018,0.0,477008.0,-0.8835629999999999,-1.15678,CUB,BRA,902130
9505109,57,32,9747,2018,0.0,1000.0,-0.194933,-0.930874,CYM,BRA,902130
9505110,59,32,9747,2018,298682.0,2554.0,1.841016,0.220806,CZE,BRA,902130
9505111,61,32,9747,2018,14539224.0,263967.0,2.109059,-2.428826,DEU,BRA,902130
9505112,64,32,9747,2018,3147560.0,0.0,1.0945040000000001,1.3311540000000002,DNK,BRA,902130
9505113,65,32,9747,2018,0.0,284350.0,-0.084258,0.474872,DOM,BRA,902130
9505114,66,32,9747,2018,0.0,72988.0,-1.281519,-1.22291,DZA,BRA,902130
9505115,67,32,9747,2018,0.0,486011.0,-0.873973,-1.032841,ECU,BRA,902130
9505116,71,32,9747,2018,117898.0,564680.0,0.744825,2.919005,ESP,BRA,902130
9505117,72,32,9747,2018,0.0,2443.0,0.979986,1.2365899999999999,EST,BRA,902130
9505118,74,32,9747,2018,0.0,18939.0,1.61151,0.9474549999999999,FIN,BRA,902130
9505119,77,32,9747,2018,9423975.0,210890.0,1.420819,0.7793770000000001,FRA,BRA,902130
9505120,81,32,9747,2018,2112096.0,263646.0,1.693008,0.768159,GBR,BRA,902130
9505121,90,32,9747,2018,0.0,41367.0,0.059539999999999996,1.0321879999999999,GRC,BRA,902130
9505122,93,32,9747,2018,0.0,28820.0,-0.362668,0.520826,GTM,BRA,902130
9505123,97,32,9747,2018,0.0,129290.0,0.843677,1.656073,HKG,BRA,902130
9505124,100,32,9747,2018,0.0,57232.0,0.7923720000000001,1.4047209999999999,HRV,BRA,902130
9505125,102,32,9747,2018,20264.0,0.0,1.519662,0.833092,HUN,BRA,902130
9505126,104,32,9747,2018,769750.0,194100.0,0.526015,2.448112,IND,BRA,902130
9505127,106,32,9747,2018,5632218.0,9969.0,1.262419,0.013576,IRL,BRA,902130
9505128,108,32,9747,2018,0.0,83863.0,-1.7504400000000002,-1.018699,IRQ,BRA,902130
9505129,109,32,9747,2018,1248154.0,0.0,0.252338,-0.341319,ISL,BRA,902130
9505130,110,32,9747,2018,660458.0,9701.0,1.355071,0.872822,ISR,BRA,902130
9505131,111,32,9747,2018,2083283.0,76255.0,1.3602530000000002,0.453607,ITA,BRA,902130
9505132,114,32,9747,2018,1033.0,1057509.0,2.514533,-0.416074,JPN,BRA,902130
9505133,115,32,9747,2018,0.0,222312.0,-0.483862,-0.667417,KAZ,BRA,902130
9505134,118,32,9747,2018,0.0,28840.0,-0.45740299999999995,-0.575966,KHM,BRA,902130
9505135,121,32,9747,2018,296731.0,920483.0,2.093866,0.764303,KOR,BRA,902130
9505136,124,32,9747,2018,242577.0,12456.0,0.270554,0.9995149999999999,LBN,BRA,902130
9505137,130,32,9747,2018,41487.0,0.0,0.964249,1.4050200000000002,LTU,BRA,902130
9505138,134,32,9747,2018,0.0,13048.0,-0.712775,-0.090013,MAR,BRA,902130
9505139,135,32,9747,2018,0.0,1354.0,-0.358412,-0.271334,MDA,BRA,902130
9505140,138,32,9747,2018,2416666.0,1440722.0,1.00061,0.585759,MEX,BRA,902130
9505141,153,32,9747,2018,635478.0,9467.0,1.122976,0.734109,MYS,BRA,902130
9505142,160,32,9747,2018,0.0,4308.0,-0.887282,-0.827008,NIC,BRA,902130
9505143,162,32,9747,2018,15260379.0,2525693.0,1.1478899999999999,1.454758,NLD,BRA,902130
9505144,163,32,9747,2018,0.0,15792.0,0.681639,0.021762,NOR,BRA,902130
9505145,166,32,9747,2018,0.0,2867.0,0.21902600000000003,0.148714,NZL,BRA,902130
9505146,167,32,9747,2018,0.0,25411.0,-0.548048,-0.9972989999999999,OMN,BRA,902130
9505147,168,32,9747,2018,0.0,44228.0,-0.64348,0.665045,PAK,BRA,902130
9505148,169,32,9747,2018,0.0,45517.0,0.104326,-0.11611800000000001,PAN,BRA,902130
9505149,173,32,9747,2018,9222.0,130792.0,-0.6673060000000001,-0.183315,PER,BRA,902130
9505150,174,32,9747,2018,0.0,49157.0,0.781409,0.22126700000000002,PHL,BRA,902130
9505151,177,32,9747,2018,0.0,104372.0,1.132475,1.258945,POL,BRA,902130
9505152,179,32,9747,2018,595237.0,543182.0,0.652628,2.211758,PRT,BRA,902130
9505153,180,32,9747,2018,0.0,122646.0,-0.614751,-0.952478,PRY,BRA,902130
9505154,185,32,9747,2018,0.0,11713.0,1.050715,1.04471,ROU,BRA,902130
9505155,186,32,9747,2018,1013.0,878891.0,0.21398000000000003,0.100414,RUS,BRA,902130
9505156,187,32,9747,2018,0.0,356.0,-0.618925,-0.788172,RWA,BRA,902130
9505157,188,32,9747,2018,0.0,4982.0,0.5801810000000001,-0.447514,SAU,BRA,902130
9505158,192,32,9747,2018,660685.0,24631.0,1.914132,0.652011,SGP,BRA,902130
9505159,197,32,9747,2018,0.0,86688.0,0.073928,0.22548600000000002,SLV,BRA,902130
9505160,206,32,9747,2018,0.0,1776.0,1.3270979999999999,0.877684,SVK,BRA,902130
9505161,207,32,9747,2018,0.0,50516.0,1.67428,0.7703800000000001,SVN,BRA,902130
9505162,208,32,9747,2018,69110.0,0.0,1.76361,0.766904,SWE,BRA,902130
9505163,216,32,9747,2018,0.0,691751.0,1.053177,1.4084969999999999,THA,BRA,902130
9505164,222,32,9747,2018,0.0,20630.0,-0.281617,-1.009652,TTO,BRA,902130
9505165,223,32,9747,2018,0.0,50223.0,0.259778,1.187194,TUN,BRA,902130
9505166,224,32,9747,2018,157341.0,267632.0,0.518721,2.5581419999999997,TUR,BRA,902130
9505167,230,32,9747,2018,0.0,351302.0,-0.02056,-0.38911,URY,BRA,902130
9505168,231,32,9747,2018,42504360.0,9092803.0,1.585861,0.44815900000000003,USA,BRA,902130
9505169,236,32,9747,2018,0.0,39903.0,-1.081138,-1.198717,VEN,BRA,902130
9505170,239,32,9747,2018,0.0,454745.0,0.003069,0.9169729999999999,VNM,BRA,902130
9505171,243,32,9747,2018,0.0,16778.0,-1.3332899999999999,-1.200589,YEM,BRA,902130
9505172,246,32,9747,2018,0.0,204882.0,0.158722,1.394829,ZAF,BRA,902130
9505173,249,32,9747,2018,166502.0,329528.0,2.0462540000000002,1.166636,TWN,BRA,902130
9505174,250,32,9747,2018,115435.0,0.0,0.809991,-0.368737,ANS,BRA,902130
9505175,14,33,9747,2018,0.0,5385.0,-0.29687199999999997,-0.123116,AUS,BRB,902130
9505176,39,33,9747,2018,5711.0,8887.0,0.666822,1.218593,CAN,BRB,902130
9505177,41,33,9747,2018,0.0,3870.0,2.2324330000000003,0.7801560000000001,CHE,BRB,902130
9505178,42,33,9747,2018,0.0,78488.0,-0.37677,-0.49605299999999997,CHL,BRB,902130
9505179,43,33,9747,2018,44590.0,15297213.0,1.200689,1.2822,CHN,BRB,902130
9505180,52,33,9747,2018,0.0,5217.0,0.19386,0.05811,CRI,BRB,902130
9505181,58,33,9747,2018,0.0,14498.0,0.45442,-0.113303,CYP,BRB,902130
9505182,59,33,9747,2018,0.0,318042.0,1.841016,0.220806,CZE,BRB,902130
9505183,61,33,9747,2018,6396.0,223791.0,2.109059,-2.428826,DEU,BRB,902130
9505184,63,33,9747,2018,0.0,8527.0,0.381788,0.039853,DMA,BRB,902130
9505185,65,33,9747,2018,0.0,21019.0,-0.084258,0.474872,DOM,BRB,902130
9505186,77,33,9747,2018,0.0,21498.0,1.420819,0.7793770000000001,FRA,BRB,902130
9505187,81,33,9747,2018,43257.0,120205.0,1.693008,0.768159,GBR,BRB,902130
9505188,91,33,9747,2018,0.0,1942.0,0.28333800000000003,-0.40042,GRD,BRB,902130
9505189,97,33,9747,2018,0.0,8526473.0,0.843677,1.656073,HKG,BRB,902130
9505190,102,33,9747,2018,5167.0,0.0,1.519662,0.833092,HUN,BRB,902130
9505191,104,33,9747,2018,0.0,24002.0,0.526015,2.448112,IND,BRB,902130
9505192,106,33,9747,2018,26674.0,0.0,1.262419,0.013576,IRL,BRB,902130
9505193,111,33,9747,2018,0.0,41259.0,1.3602530000000002,0.453607,ITA,BRB,902130
9505194,112,33,9747,2018,0.0,1506.0,-0.339328,-0.8756659999999999,JAM,BRB,902130
9505195,121,33,9747,2018,39130.0,102788.0,2.093866,0.764303,KOR,BRB,902130
9505196,124,33,9747,2018,0.0,56644.0,0.270554,0.9995149999999999,LBN,BRB,902130
9505197,127,33,9747,2018,0.0,691.0,0.18656,-0.143406,LCA,BRB,902130
9505198,162,33,9747,2018,246121.0,0.0,1.1478899999999999,1.454758,NLD,BRB,902130
9505199,188,33,9747,2018,0.0,38504.0,0.5801810000000001,-0.447514,SAU,BRB,902130
9505200,206,33,9747,2018,0.0,241893.0,1.3270979999999999,0.877684,SVK,BRB,902130
9505201,216,33,9747,2018,0.0,124622.0,1.053177,1.4084969999999999,THA,BRB,902130
9505202,222,33,9747,2018,0.0,182125.0,-0.281617,-1.009652,TTO,BRB,902130
9505203,224,33,9747,2018,0.0,473049.0,0.518721,2.5581419999999997,TUR,BRB,902130
9505204,231,33,9747,2018,138737.0,2475275.0,1.585861,0.44815900000000003,USA,BRB,902130
9505205,234,33,9747,2018,0.0,4482.0,-0.274831,-0.603525,VCT,BRB,902130
9505206,246,33,9747,2018,0.0,7536.0,0.158722,1.394829,ZAF,BRB,902130
9505207,249,33,9747,2018,0.0,176163.0,2.0462540000000002,1.166636,TWN,BRB,902130
9505208,7,39,9747,2018,0.0,10127.0,0.11804400000000001,-0.326851,ARE,CAN,902130
9505209,8,39,9747,2018,78482.0,108768.0,-0.14316800000000002,0.14356,ARG,CAN,902130
9505210,14,39,9747,2018,1369159.0,1610790.0,-0.29687199999999997,-0.123116,AUS,CAN,902130
9505211,15,39,9747,2018,238214.0,204072.0,1.774488,-0.21117800000000003,AUT,CAN,902130
9505212,16,39,9747,2018,0.0,1155.0,-1.144089,-1.224327,AZE,CAN,902130
9505213,18,39,9747,2018,9903216.0,310555.0,1.270641,1.201063,BEL,CAN,902130
9505214,23,39,9747,2018,3666.0,0.0,0.571226,1.836856,BGR,CAN,902130
9505215,25,39,9747,2018,0.0,5376.0,0.532998,-0.394906,BHS,CAN,902130
9505216,26,39,9747,2018,0.0,1464.0,0.526392,0.742398,BIH,CAN,902130
9505217,30,39,9747,2018,22427.0,160275.0,0.42484399999999994,-0.70587,BMU,CAN,902130
9505218,32,39,9747,2018,260730.0,641374.0,0.143397,0.582092,BRA,CAN,902130
9505219,33,39,9747,2018,8887.0,5711.0,0.487166,-0.129388,BRB,CAN,902130
9505220,41,39,9747,2018,9546792.0,75496.0,2.2324330000000003,0.7801560000000001,CHE,CAN,902130
9505221,42,39,9747,2018,0.0,385742.0,-0.37677,-0.49605299999999997,CHL,CAN,902130
9505222,43,39,9747,2018,134396.0,64840.0,1.200689,1.2822,CHN,CAN,902130
9505223,45,39,9747,2018,0.0,1145.0,-1.366619,-1.09894,CMR,CAN,902130
9505224,49,39,9747,2018,2899.0,0.0,0.20431,-0.15273699999999998,COL,CAN,902130
9505225,52,39,9747,2018,14094626.0,6666.0,0.19386,0.05811,CRI,CAN,902130
9505226,54,39,9747,2018,0.0,7946.0,-0.8835629999999999,-1.15678,CUB,CAN,902130
9505227,59,39,9747,2018,0.0,394232.0,1.841016,0.220806,CZE,CAN,902130
9505228,61,39,9747,2018,4499230.0,732120.0,2.109059,-2.428826,DEU,CAN,902130
9505229,64,39,9747,2018,480721.0,11144.0,1.0945040000000001,1.3311540000000002,DNK,CAN,902130
9505230,65,39,9747,2018,0.0,17667.0,-0.084258,0.474872,DOM,CAN,902130
9505231,67,39,9747,2018,0.0,2329.0,-0.873973,-1.032841,ECU,CAN,902130
9505232,71,39,9747,2018,6850.0,65311.0,0.744825,2.919005,ESP,CAN,902130
9505233,72,39,9747,2018,25888.0,0.0,0.979986,1.2365899999999999,EST,CAN,902130
9505234,74,39,9747,2018,0.0,14033.0,1.61151,0.9474549999999999,FIN,CAN,902130
9505235,77,39,9747,2018,14498697.0,29327.0,1.420819,0.7793770000000001,FRA,CAN,902130
9505236,81,39,9747,2018,2903284.0,260250.0,1.693008,0.768159,GBR,CAN,902130
9505237,97,39,9747,2018,79172.0,0.0,0.843677,1.656073,HKG,CAN,902130
9505238,102,39,9747,2018,2432.0,6325.0,1.519662,0.833092,HUN,CAN,902130
9505239,103,39,9747,2018,167134.0,0.0,-0.10130499999999999,1.2414209999999999,IDN,CAN,902130
9505240,104,39,9747,2018,4736.0,0.0,0.526015,2.448112,IND,CAN,902130
9505241,106,39,9747,2018,15837364.0,1663406.0,1.262419,0.013576,IRL,CAN,902130
9505242,109,39,9747,2018,2358190.0,0.0,0.252338,-0.341319,ISL,CAN,902130
9505243,110,39,9747,2018,5820.0,75332.0,1.355071,0.872822,ISR,CAN,902130
9505244,111,39,9747,2018,1377007.0,18274042.0,1.3602530000000002,0.453607,ITA,CAN,902130
9505245,113,39,9747,2018,0.0,48406.0,-0.086895,0.283829,JOR,CAN,902130
9505246,114,39,9747,2018,751238.0,4601267.0,2.514533,-0.416074,JPN,CAN,902130
9505247,121,39,9747,2018,37603.0,0.0,2.093866,0.764303,KOR,CAN,902130
9505248,124,39,9747,2018,0.0,84314.0,0.270554,0.9995149999999999,LBN,CAN,902130
9505249,134,39,9747,2018,0.0,37594.0,-0.712775,-0.090013,MAR,CAN,902130
9505250,138,39,9747,2018,2675454.0,0.0,1.00061,0.585759,MEX,CAN,902130
9505251,140,39,9747,2018,0.0,20834.0,0.079976,-0.20256,MKD,CAN,902130
9505252,153,39,9747,2018,18551.0,0.0,1.122976,0.734109,MYS,CAN,902130
9505253,162,39,9747,2018,31753492.0,1621657.0,1.1478899999999999,1.454758,NLD,CAN,902130
9505254,163,39,9747,2018,0.0,24050.0,0.681639,0.021762,NOR,CAN,902130
9505255,166,39,9747,2018,0.0,40796.0,0.21902600000000003,0.148714,NZL,CAN,902130
9505256,167,39,9747,2018,0.0,6491.0,-0.548048,-0.9972989999999999,OMN,CAN,902130
9505257,173,39,9747,2018,0.0,19261.0,-0.6673060000000001,-0.183315,PER,CAN,902130
9505258,177,39,9747,2018,0.0,93191.0,1.132475,1.258945,POL,CAN,902130
9505259,181,39,9747,2018,0.0,3076.0,0.096402,0.735946,PSE,CAN,902130
9505260,185,39,9747,2018,0.0,1328.0,1.050715,1.04471,ROU,CAN,902130
9505261,186,39,9747,2018,0.0,118446.0,0.21398000000000003,0.100414,RUS,CAN,902130
9505262,188,39,9747,2018,0.0,393310.0,0.5801810000000001,-0.447514,SAU,CAN,902130
9505263,191,39,9747,2018,0.0,4099.0,-0.751378,-0.390573,SEN,CAN,902130
9505264,192,39,9747,2018,8116422.0,2251.0,1.914132,0.652011,SGP,CAN,902130
9505265,201,39,9747,2018,0.0,45230.0,0.607486,1.2139389999999999,SRB,CAN,902130
9505266,206,39,9747,2018,2308.0,0.0,1.3270979999999999,0.877684,SVK,CAN,902130
9505267,207,39,9747,2018,1118.0,11689.0,1.67428,0.7703800000000001,SVN,CAN,902130
9505268,208,39,9747,2018,129812.0,3824.0,1.76361,0.766904,SWE,CAN,902130
9505269,216,39,9747,2018,5187.0,12888.0,1.053177,1.4084969999999999,THA,CAN,902130
9505270,223,39,9747,2018,0.0,45972.0,0.259778,1.187194,TUN,CAN,902130
9505271,224,39,9747,2018,1521.0,412865.0,0.518721,2.5581419999999997,TUR,CAN,902130
9505272,231,39,9747,2018,117845744.0,8372147.0,1.585861,0.44815900000000003,USA,CAN,902130
9505273,239,39,9747,2018,3953.0,0.0,0.003069,0.9169729999999999,VNM,CAN,902130
9505274,246,39,9747,2018,0.0,74719.0,0.158722,1.394829,ZAF,CAN,902130
9505275,247,39,9747,2018,0.0,1831.0,-0.736064,-0.93958,ZMB,CAN,902130
9505276,249,39,9747,2018,61705.0,36824.0,2.0462540000000002,1.166636,TWN,CAN,902130
9505277,250,39,9747,2018,1146882.0,0.0,0.809991,-0.368737,ANS,CAN,902130
9505278,2,41,9747,2018,0.0,17316.0,-1.489191,-1.213992,AGO,CHE,902130
9505279,4,41,9747,2018,0.0,2919.0,-0.456481,-0.139655,ALB,CHE,902130
9505280,7,41,9747,2018,0.0,1112713.0,0.11804400000000001,-0.326851,ARE,CHE,902130
9505281,8,41,9747,2018,0.0,940159.0,-0.14316800000000002,0.14356,ARG,CHE,902130
9505282,9,41,9747,2018,0.0,4562.0,-0.330516,-0.604744,ARM,CHE,902130
9505283,14,41,9747,2018,2183747.0,5384470.0,-0.29687199999999997,-0.123116,AUS,CHE,902130
9505284,15,41,9747,2018,261594.0,842321.0,1.774488,-0.21117800000000003,AUT,CHE,902130
9505285,16,41,9747,2018,0.0,8058.0,-1.144089,-1.224327,AZE,CHE,902130
9505286,18,41,9747,2018,7586484.0,4308980.0,1.270641,1.201063,BEL,CHE,902130
9505287,22,41,9747,2018,0.0,4649.0,-0.899467,-0.9823719999999999,BGD,CHE,902130
9505288,23,41,9747,2018,115341.0,8974.0,0.571226,1.836856,BGR,CHE,902130
9505289,24,41,9747,2018,0.0,254057.0,0.318352,-0.69221,BHR,CHE,902130
9505290,25,41,9747,2018,0.0,12304.0,0.532998,-0.394906,BHS,CHE,902130
9505291,26,41,9747,2018,0.0,9231.0,0.526392,0.742398,BIH,CHE,902130
9505292,28,41,9747,2018,0.0,443106.0,0.850089,0.8332870000000001,BLR,CHE,902130
9505293,31,41,9747,2018,0.0,4093.0,-1.153953,-1.070749,BOL,CHE,902130
9505294,32,41,9747,2018,15442763.0,457753.0,0.143397,0.582092,BRA,CHE,902130
9505295,33,41,9747,2018,3870.0,0.0,0.487166,-0.129388,BRB,CHE,902130
9505296,34,41,9747,2018,63983.0,78334.0,0.562198,-0.774457,BRN,CHE,902130
9505297,39,41,9747,2018,75496.0,9546792.0,0.666822,1.218593,CAN,CHE,902130
9505298,42,41,9747,2018,2389.0,761050.0,-0.37677,-0.49605299999999997,CHL,CHE,902130
9505299,43,41,9747,2018,24925.0,26208200.0,1.200689,1.2822,CHN,CHE,902130
9505300,49,41,9747,2018,10661.0,492465.0,0.20431,-0.15273699999999998,COL,CHE,902130
9505301,52,41,9747,2018,6307485.0,286832.0,0.19386,0.05811,CRI,CHE,902130
9505302,58,41,9747,2018,0.0,135510.0,0.45442,-0.113303,CYP,CHE,902130
9505303,59,41,9747,2018,126857.0,257032.0,1.841016,0.220806,CZE,CHE,902130
9505304,61,41,9747,2018,24350218.0,15561489.0,2.109059,-2.428826,DEU,CHE,902130
9505305,64,41,9747,2018,122164.0,5743.0,1.0945040000000001,1.3311540000000002,DNK,CHE,902130
9505306,65,41,9747,2018,0.0,17267.0,-0.084258,0.474872,DOM,CHE,902130
9505307,66,41,9747,2018,0.0,184348.0,-1.281519,-1.22291,DZA,CHE,902130
9505308,67,41,9747,2018,0.0,43008.0,-0.873973,-1.032841,ECU,CHE,902130
9505309,68,41,9747,2018,18046.0,604237.0,-0.096635,1.585658,EGY,CHE,902130
9505310,71,41,9747,2018,221292.0,7681646.0,0.744825,2.919005,ESP,CHE,902130
9505311,72,41,9747,2018,0.0,51168.0,0.979986,1.2365899999999999,EST,CHE,902130
9505312,73,41,9747,2018,0.0,62422.0,-0.874857,-0.464958,ETH,CHE,902130
9505313,74,41,9747,2018,34074.0,191632.0,1.61151,0.9474549999999999,FIN,CHE,902130
9505314,77,41,9747,2018,25928398.0,37557652.0,1.420819,0.7793770000000001,FRA,CHE,902130
9505315,81,41,9747,2018,998025.0,644049.0,1.693008,0.768159,GBR,CHE,902130
9505316,82,41,9747,2018,0.0,94105.0,-0.049871,-0.28439899999999996,GEO,CHE,902130
9505317,83,41,9747,2018,0.0,3136.0,-0.956109,-0.861556,GHA,CHE,902130
9505318,90,41,9747,2018,13348.0,69533.0,0.059539999999999996,1.0321879999999999,GRC,CHE,902130
9505319,93,41,9747,2018,0.0,779.0,-0.362668,0.520826,GTM,CHE,902130
9505320,97,41,9747,2018,80321.0,960370.0,0.843677,1.656073,HKG,CHE,902130
9505321,99,41,9747,2018,0.0,1839.0,-0.523738,-0.193198,HND,CHE,902130
9505322,100,41,9747,2018,0.0,95514.0,0.7923720000000001,1.4047209999999999,HRV,CHE,902130
9505323,102,41,9747,2018,382265.0,22920.0,1.519662,0.833092,HUN,CHE,902130
9505324,103,41,9747,2018,1813.0,0.0,-0.10130499999999999,1.2414209999999999,IDN,CHE,902130
9505325,104,41,9747,2018,197711.0,10875368.0,0.526015,2.448112,IND,CHE,902130
9505326,106,41,9747,2018,2516627.0,458783.0,1.262419,0.013576,IRL,CHE,902130
9505327,107,41,9747,2018,0.0,291562.0,-0.389954,-0.258156,IRN,CHE,902130
9505328,108,41,9747,2018,0.0,5653.0,-1.7504400000000002,-1.018699,IRQ,CHE,902130
9505329,109,41,9747,2018,1272526.0,8846.0,0.252338,-0.341319,ISL,CHE,902130
9505330,110,41,9747,2018,388815.0,3896184.0,1.355071,0.872822,ISR,CHE,902130
9505331,111,41,9747,2018,1388727.0,631930.0,1.3602530000000002,0.453607,ITA,CHE,902130
9505332,113,41,9747,2018,0.0,465053.0,-0.086895,0.283829,JOR,CHE,902130
9505333,114,41,9747,2018,322715.0,7764807.0,2.514533,-0.416074,JPN,CHE,902130
9505334,115,41,9747,2018,0.0,84277.0,-0.483862,-0.667417,KAZ,CHE,902130
9505335,121,41,9747,2018,2228.0,10778529.0,2.093866,0.764303,KOR,CHE,902130
9505336,122,41,9747,2018,0.0,474149.0,-0.668802,-1.154012,KWT,CHE,902130
9505337,123,41,9747,2018,0.0,19442.0,-0.788808,-0.8012670000000001,LAO,CHE,902130
9505338,124,41,9747,2018,0.0,1330220.0,0.270554,0.9995149999999999,LBN,CHE,902130
9505339,128,41,9747,2018,0.0,15578.0,-0.544504,0.41074099999999997,LKA,CHE,902130
9505340,130,41,9747,2018,20716.0,7410.0,0.964249,1.4050200000000002,LTU,CHE,902130
9505341,131,41,9747,2018,0.0,44563.0,1.1142889999999999,1.306066,LUX,CHE,902130
9505342,132,41,9747,2018,0.0,281399.0,0.707168,1.294297,LVA,CHE,902130
9505343,134,41,9747,2018,0.0,111437.0,-0.712775,-0.090013,MAR,CHE,902130
9505344,135,41,9747,2018,784378.0,9688.0,-0.358412,-0.271334,MDA,CHE,902130
9505345,136,41,9747,2018,0.0,1828.0,-1.2144549999999998,-0.748326,MDG,CHE,902130
9505346,138,41,9747,2018,140204.0,437432.0,1.00061,0.585759,MEX,CHE,902130
9505347,140,41,9747,2018,930.0,15737.0,0.079976,-0.20256,MKD,CHE,902130
9505348,141,41,9747,2018,4603.0,0.0,-0.49666499999999997,-0.7189909999999999,MLI,CHE,902130
9505349,142,41,9747,2018,0.0,26347.0,0.9621219999999999,0.257289,MLT,CHE,902130
9505350,144,41,9747,2018,0.0,42127.0,0.332495,0.124258,MNE,CHE,902130
9505351,151,41,9747,2018,0.0,87152.0,-0.128221,0.15049400000000002,MUS,CHE,902130
9505352,153,41,9747,2018,2562.0,1843369.0,1.122976,0.734109,MYS,CHE,902130
9505353,157,41,9747,2018,0.0,4573.0,-0.633115,-0.839564,NER,CHE,902130
9505354,160,41,9747,2018,0.0,1306.0,-0.887282,-0.827008,NIC,CHE,902130
9505355,162,41,9747,2018,59034404.0,51570872.0,1.1478899999999999,1.454758,NLD,CHE,902130
9505356,163,41,9747,2018,28677.0,2450525.0,0.681639,0.021762,NOR,CHE,902130
9505357,164,41,9747,2018,0.0,17250.0,-0.252837,0.999258,NPL,CHE,902130
9505358,166,41,9747,2018,114311.0,951292.0,0.21902600000000003,0.148714,NZL,CHE,902130
9505359,167,41,9747,2018,0.0,557604.0,-0.548048,-0.9972989999999999,OMN,CHE,902130
9505360,168,41,9747,2018,0.0,300280.0,-0.64348,0.665045,PAK,CHE,902130
9505361,173,41,9747,2018,0.0,45381.0,-0.6673060000000001,-0.183315,PER,CHE,902130
9505362,174,41,9747,2018,1610.0,33656.0,0.781409,0.22126700000000002,PHL,CHE,902130
9505363,177,41,9747,2018,298079.0,786712.0,1.132475,1.258945,POL,CHE,902130
9505364,179,41,9747,2018,463286.0,227016.0,0.652628,2.211758,PRT,CHE,902130
9505365,180,41,9747,2018,0.0,36369.0,-0.614751,-0.952478,PRY,CHE,902130
9505366,181,41,9747,2018,0.0,145909.0,0.096402,0.735946,PSE,CHE,902130
9505367,182,41,9747,2018,0.0,392.0,0.21430300000000002,-0.484076,PYF,CHE,902130
9505368,183,41,9747,2018,0.0,4157.0,-0.068401,-1.014732,QAT,CHE,902130
9505369,185,41,9747,2018,159600.0,41579.0,1.050715,1.04471,ROU,CHE,902130
9505370,186,41,9747,2018,0.0,884697.0,0.21398000000000003,0.100414,RUS,CHE,902130
9505371,188,41,9747,2018,63501.0,3472366.0,0.5801810000000001,-0.447514,SAU,CHE,902130
9505372,192,41,9747,2018,1194619.0,2345362.0,1.914132,0.652011,SGP,CHE,902130
9505373,197,41,9747,2018,0.0,53288.0,0.073928,0.22548600000000002,SLV,CHE,902130
9505374,201,41,9747,2018,0.0,64465.0,0.607486,1.2139389999999999,SRB,CHE,902130
9505375,206,41,9747,2018,37973.0,36083.0,1.3270979999999999,0.877684,SVK,CHE,902130
9505376,207,41,9747,2018,1195.0,63055.0,1.67428,0.7703800000000001,SVN,CHE,902130
9505377,208,41,9747,2018,70358.0,536847.0,1.76361,0.766904,SWE,CHE,902130
9505378,216,41,9747,2018,412773.0,1293560.0,1.053177,1.4084969999999999,THA,CHE,902130
9505379,222,41,9747,2018,0.0,3855.0,-0.281617,-1.009652,TTO,CHE,902130
9505380,223,41,9747,2018,2499.0,341671.0,0.259778,1.187194,TUN,CHE,902130
9505381,224,41,9747,2018,331713.0,1712766.0,0.518721,2.5581419999999997,TUR,CHE,902130
9505382,226,41,9747,2018,0.0,12226.0,-0.09850700000000001,1.145606,TZA,CHE,902130
9505383,227,41,9747,2018,0.0,53730.0,-0.621049,-0.061448,UGA,CHE,902130
9505384,228,41,9747,2018,0.0,49859.0,0.337296,0.758675,UKR,CHE,902130
9505385,230,41,9747,2018,0.0,11227.0,-0.02056,-0.38911,URY,CHE,902130
9505386,231,41,9747,2018,10979396.0,43836652.0,1.585861,0.44815900000000003,USA,CHE,902130
9505387,232,41,9747,2018,0.0,21708.0,-0.591547,-0.429982,UZB,CHE,902130
9505388,236,41,9747,2018,0.0,27459.0,-1.081138,-1.198717,VEN,CHE,902130
9505389,239,41,9747,2018,58825.0,1453582.0,0.003069,0.9169729999999999,VNM,CHE,902130
9505390,243,41,9747,2018,0.0,9730.0,-1.3332899999999999,-1.200589,YEM,CHE,902130
9505391,246,41,9747,2018,12937.0,304617.0,0.158722,1.394829,ZAF,CHE,902130
9505392,249,41,9747,2018,171560.0,5129979.0,2.0462540000000002,1.166636,TWN,CHE,902130
9505393,8,42,9747,2018,112791.0,78916.0,-0.14316800000000002,0.14356,ARG,CHL,902130
9505394,14,42,9747,2018,183567.0,0.0,-0.29687199999999997,-0.123116,AUS,CHL,902130
9505395,15,42,9747,2018,1804.0,0.0,1.774488,-0.21117800000000003,AUT,CHL,902130
9505396,18,42,9747,2018,2012694.0,1771.0,1.270641,1.201063,BEL,CHL,902130
9505397,23,42,9747,2018,4941.0,0.0,0.571226,1.836856,BGR,CHL,902130
9505398,31,42,9747,2018,0.0,18762.0,-1.153953,-1.070749,BOL,CHL,902130
9505399,32,42,9747,2018,737796.0,0.0,0.143397,0.582092,BRA,CHL,902130
9505400,33,42,9747,2018,78488.0,0.0,0.487166,-0.129388,BRB,CHL,902130
9505401,39,42,9747,2018,385742.0,0.0,0.666822,1.218593,CAN,CHL,902130
9505402,41,42,9747,2018,761050.0,2389.0,2.2324330000000003,0.7801560000000001,CHE,CHL,902130
9505403,43,42,9747,2018,130516.0,0.0,1.200689,1.2822,CHN,CHL,902130
9505404,49,42,9747,2018,46846.0,6370.0,0.20431,-0.15273699999999998,COL,CHL,902130
9505405,52,42,9747,2018,1075880.0,1358.0,0.19386,0.05811,CRI,CHL,902130
9505406,59,42,9747,2018,22298.0,0.0,1.841016,0.220806,CZE,CHL,902130
9505407,61,42,9747,2018,1299327.0,0.0,2.109059,-2.428826,DEU,CHL,902130
9505408,64,42,9747,2018,35760.0,0.0,1.0945040000000001,1.3311540000000002,DNK,CHL,902130
9505409,67,42,9747,2018,36879.0,0.0,-0.873973,-1.032841,ECU,CHL,902130
9505410,71,42,9747,2018,87324.0,0.0,0.744825,2.919005,ESP,CHL,902130
9505411,74,42,9747,2018,1098057.0,0.0,1.61151,0.9474549999999999,FIN,CHL,902130
9505412,77,42,9747,2018,464115.0,42130.0,1.420819,0.7793770000000001,FRA,CHL,902130
9505413,81,42,9747,2018,794996.0,30943.0,1.693008,0.768159,GBR,CHL,902130
9505414,90,42,9747,2018,7396.0,0.0,0.059539999999999996,1.0321879999999999,GRC,CHL,902130
9505415,104,42,9747,2018,451217.0,0.0,0.526015,2.448112,IND,CHL,902130
9505416,106,42,9747,2018,3576834.0,3385.0,1.262419,0.013576,IRL,CHL,902130
9505417,109,42,9747,2018,23812.0,0.0,0.252338,-0.341319,ISL,CHL,902130
9505418,110,42,9747,2018,52757.0,0.0,1.355071,0.872822,ISR,CHL,902130
9505419,111,42,9747,2018,763087.0,0.0,1.3602530000000002,0.453607,ITA,CHL,902130
9505420,114,42,9747,2018,516613.0,0.0,2.514533,-0.416074,JPN,CHL,902130
9505421,121,42,9747,2018,128724.0,0.0,2.093866,0.764303,KOR,CHL,902130
9505422,138,42,9747,2018,585245.0,3528.0,1.00061,0.585759,MEX,CHL,902130
9505423,153,42,9747,2018,171404.0,0.0,1.122976,0.734109,MYS,CHL,902130
9505424,162,42,9747,2018,2943307.0,848964.0,1.1478899999999999,1.454758,NLD,CHL,902130
9505425,168,42,9747,2018,44225.0,1797.0,-0.64348,0.665045,PAK,CHL,902130
9505426,169,42,9747,2018,23660.0,0.0,0.104326,-0.11611800000000001,PAN,CHL,902130
9505427,173,42,9747,2018,20386.0,0.0,-0.6673060000000001,-0.183315,PER,CHL,902130
9505428,177,42,9747,2018,16048.0,0.0,1.132475,1.258945,POL,CHL,902130
9505429,179,42,9747,2018,9899.0,0.0,0.652628,2.211758,PRT,CHL,902130
9505430,180,42,9747,2018,0.0,18792.0,-0.614751,-0.952478,PRY,CHL,902130
9505431,192,42,9747,2018,634129.0,0.0,1.914132,0.652011,SGP,CHL,902130
9505432,208,42,9747,2018,2594.0,0.0,1.76361,0.766904,SWE,CHL,902130
9505433,224,42,9747,2018,72894.0,0.0,0.518721,2.5581419999999997,TUR,CHL,902130
9505434,231,42,9747,2018,5464918.0,114788.0,1.585861,0.44815900000000003,USA,CHL,902130
9505435,249,42,9747,2018,49975.0,0.0,2.0462540000000002,1.166636,TWN,CHL,902130
9505436,250,42,9747,2018,4419582.0,0.0,0.809991,-0.368737,ANS,CHL,902130
9505437,1,43,9747,2018,0.0,6007.0,-1.267508,-0.8494940000000001,AFG,CHN,902130
9505438,2,43,9747,2018,0.0,6028.0,-1.489191,-1.213992,AGO,CHN,902130
9505439,7,43,9747,2018,123004.0,2342.0,0.11804400000000001,-0.326851,ARE,CHN,902130
9505440,8,43,9747,2018,0.0,132741.0,-0.14316800000000002,0.14356,ARG,CHN,902130
9505441,9,43,9747,2018,0.0,6637.0,-0.330516,-0.604744,ARM,CHN,902130
9505442,13,43,9747,2018,0.0,33120.0,0.08520499999999999,-0.630757,ATG,CHN,902130
9505443,14,43,9747,2018,1281378.0,280098.0,-0.29687199999999997,-0.123116,AUS,CHN,902130
9505444,15,43,9747,2018,103519.0,81125.0,1.774488,-0.21117800000000003,AUT,CHN,902130
9505445,16,43,9747,2018,0.0,24271.0,-1.144089,-1.224327,AZE,CHN,902130
9505446,17,43,9747,2018,0.0,740.0,-0.654964,-0.9683229999999999,BDI,CHN,902130
9505447,18,43,9747,2018,47865628.0,48256.0,1.270641,1.201063,BEL,CHN,902130
9505448,21,43,9747,2018,0.0,39046.0,-0.8835200000000001,-0.9790620000000001,BFA,CHN,902130
9505449,23,43,9747,2018,0.0,41720.0,0.571226,1.836856,BGR,CHN,902130
9505450,26,43,9747,2018,0.0,2788.0,0.526392,0.742398,BIH,CHN,902130
9505451,28,43,9747,2018,0.0,29952.0,0.850089,0.8332870000000001,BLR,CHN,902130
9505452,31,43,9747,2018,0.0,52917.0,-1.153953,-1.070749,BOL,CHN,902130
9505453,32,43,9747,2018,693667.0,1004174.0,0.143397,0.582092,BRA,CHN,902130
9505454,33,43,9747,2018,15297213.0,44590.0,0.487166,-0.129388,BRB,CHN,902130
9505455,39,43,9747,2018,64840.0,134396.0,0.666822,1.218593,CAN,CHN,902130
9505456,41,43,9747,2018,26208200.0,24925.0,2.2324330000000003,0.7801560000000001,CHE,CHN,902130
9505457,42,43,9747,2018,0.0,130516.0,-0.37677,-0.49605299999999997,CHL,CHN,902130
9505458,45,43,9747,2018,0.0,33526.0,-1.366619,-1.09894,CMR,CHN,902130
9505459,49,43,9747,2018,0.0,309130.0,0.20431,-0.15273699999999998,COL,CHN,902130
9505460,52,43,9747,2018,1192518.0,18556.0,0.19386,0.05811,CRI,CHN,902130
9505461,58,43,9747,2018,0.0,15542.0,0.45442,-0.113303,CYP,CHN,902130
9505462,59,43,9747,2018,0.0,25734.0,1.841016,0.220806,CZE,CHN,902130
9505463,61,43,9747,2018,17355866.0,4292140.0,2.109059,-2.428826,DEU,CHN,902130
9505464,63,43,9747,2018,0.0,6344.0,0.381788,0.039853,DMA,CHN,902130
9505465,64,43,9747,2018,268089.0,18938.0,1.0945040000000001,1.3311540000000002,DNK,CHN,902130
9505466,65,43,9747,2018,0.0,264031.0,-0.084258,0.474872,DOM,CHN,902130
9505467,66,43,9747,2018,0.0,10884.0,-1.281519,-1.22291,DZA,CHN,902130
9505468,67,43,9747,2018,0.0,78049.0,-0.873973,-1.032841,ECU,CHN,902130
9505469,68,43,9747,2018,0.0,215422.0,-0.096635,1.585658,EGY,CHN,902130
9505470,71,43,9747,2018,0.0,67050.0,0.744825,2.919005,ESP,CHN,902130
9505471,72,43,9747,2018,0.0,9540.0,0.979986,1.2365899999999999,EST,CHN,902130
9505472,73,43,9747,2018,0.0,60834.0,-0.874857,-0.464958,ETH,CHN,902130
9505473,74,43,9747,2018,0.0,7740.0,1.61151,0.9474549999999999,FIN,CHN,902130
9505474,77,43,9747,2018,9745264.0,28413.0,1.420819,0.7793770000000001,FRA,CHN,902130
9505475,81,43,9747,2018,5170799.0,346296.0,1.693008,0.768159,GBR,CHN,902130
9505476,82,43,9747,2018,449632.0,3334.0,-0.049871,-0.28439899999999996,GEO,CHN,902130
9505477,83,43,9747,2018,0.0,24831.0,-0.956109,-0.861556,GHA,CHN,902130
9505478,88,43,9747,2018,0.0,1617.0,-2.260375,-1.038929,GNB,CHN,902130
9505479,90,43,9747,2018,0.0,92387.0,0.059539999999999996,1.0321879999999999,GRC,CHN,902130
9505480,93,43,9747,2018,0.0,86375.0,-0.362668,0.520826,GTM,CHN,902130
9505481,97,43,9747,2018,2276014.0,1371095.0,0.843677,1.656073,HKG,CHN,902130
9505482,99,43,9747,2018,0.0,4322.0,-0.523738,-0.193198,HND,CHN,902130
9505483,100,43,9747,2018,0.0,93205.0,0.7923720000000001,1.4047209999999999,HRV,CHN,902130
9505484,102,43,9747,2018,523407.0,1660.0,1.519662,0.833092,HUN,CHN,902130
9505485,103,43,9747,2018,580216.0,64730.0,-0.10130499999999999,1.2414209999999999,IDN,CHN,902130
9505486,104,43,9747,2018,359730.0,508076.0,0.526015,2.448112,IND,CHN,902130
9505487,106,43,9747,2018,1085691.0,2222.0,1.262419,0.013576,IRL,CHN,902130
9505488,107,43,9747,2018,0.0,287694.0,-0.389954,-0.258156,IRN,CHN,902130
9505489,108,43,9747,2018,0.0,7866.0,-1.7504400000000002,-1.018699,IRQ,CHN,902130
9505490,109,43,9747,2018,1761420.0,14238.0,0.252338,-0.341319,ISL,CHN,902130
9505491,110,43,9747,2018,968405.0,11674.0,1.355071,0.872822,ISR,CHN,902130
9505492,111,43,9747,2018,14621055.0,424852.0,1.3602530000000002,0.453607,ITA,CHN,902130
9505493,112,43,9747,2018,0.0,4150.0,-0.339328,-0.8756659999999999,JAM,CHN,902130
9505494,113,43,9747,2018,0.0,6135.0,-0.086895,0.283829,JOR,CHN,902130
9505495,114,43,9747,2018,2028400.0,541204.0,2.514533,-0.416074,JPN,CHN,902130
9505496,115,43,9747,2018,0.0,132741.0,-0.483862,-0.667417,KAZ,CHN,902130
9505497,116,43,9747,2018,0.0,7713.0,-0.32707800000000004,0.71009,KEN,CHN,902130
9505498,117,43,9747,2018,0.0,63139.0,-0.141491,0.33161,KGZ,CHN,902130
9505499,118,43,9747,2018,0.0,4990.0,-0.45740299999999995,-0.575966,KHM,CHN,902130
9505500,119,43,9747,2018,0.0,25164.0,-0.321563,-0.9075110000000001,KIR,CHN,902130
9505501,121,43,9747,2018,6201340.0,357536.0,2.093866,0.764303,KOR,CHN,902130
9505502,122,43,9747,2018,0.0,23338.0,-0.668802,-1.154012,KWT,CHN,902130
9505503,123,43,9747,2018,0.0,26675.0,-0.788808,-0.8012670000000001,LAO,CHN,902130
9505504,124,43,9747,2018,0.0,10485.0,0.270554,0.9995149999999999,LBN,CHN,902130
9505505,128,43,9747,2018,0.0,20283.0,-0.544504,0.41074099999999997,LKA,CHN,902130
9505506,130,43,9747,2018,2219.0,3239.0,0.964249,1.4050200000000002,LTU,CHN,902130
9505507,131,43,9747,2018,0.0,18001.0,1.1142889999999999,1.306066,LUX,CHN,902130
9505508,133,43,9747,2018,0.0,4477.0,0.44520299999999996,0.042491,MAC,CHN,902130
9505509,134,43,9747,2018,2320.0,34191.0,-0.712775,-0.090013,MAR,CHN,902130
9505510,135,43,9747,2018,0.0,25527.0,-0.358412,-0.271334,MDA,CHN,902130
9505511,136,43,9747,2018,0.0,5229.0,-1.2144549999999998,-0.748326,MDG,CHN,902130
9505512,138,43,9747,2018,323426.0,219486.0,1.00061,0.585759,MEX,CHN,902130
9505513,140,43,9747,2018,0.0,111715.0,0.079976,-0.20256,MKD,CHN,902130
9505514,143,43,9747,2018,0.0,9777.0,-0.936467,-0.223413,MMR,CHN,902130
9505515,144,43,9747,2018,0.0,23716.0,0.332495,0.124258,MNE,CHN,902130
9505516,145,43,9747,2018,0.0,24484.0,-0.934398,-1.125105,MNG,CHN,902130
9505517,147,43,9747,2018,0.0,6899.0,-1.380023,-1.027817,MOZ,CHN,902130
9505518,148,43,9747,2018,0.0,47353.0,-1.511361,-1.296003,MRT,CHN,902130
9505519,151,43,9747,2018,0.0,87917.0,-0.128221,0.15049400000000002,MUS,CHN,902130
9505520,153,43,9747,2018,0.0,64655.0,1.122976,0.734109,MYS,CHN,902130
9505521,159,43,9747,2018,0.0,3079.0,-1.8238,-1.259938,NGA,CHN,902130
9505522,160,43,9747,2018,0.0,1545.0,-0.887282,-0.827008,NIC,CHN,902130
9505523,162,43,9747,2018,84982552.0,153368.0,1.1478899999999999,1.454758,NLD,CHN,902130
9505524,163,43,9747,2018,258087.0,45074.0,0.681639,0.021762,NOR,CHN,902130
9505525,164,43,9747,2018,1380286.0,3162.0,-0.252837,0.999258,NPL,CHN,902130
9505526,166,43,9747,2018,0.0,89140.0,0.21902600000000003,0.148714,NZL,CHN,902130
9505527,167,43,9747,2018,0.0,12152.0,-0.548048,-0.9972989999999999,OMN,CHN,902130
9505528,168,43,9747,2018,0.0,167188.0,-0.64348,0.665045,PAK,CHN,902130
9505529,169,43,9747,2018,0.0,13924.0,0.104326,-0.11611800000000001,PAN,CHN,902130
9505530,173,43,9747,2018,0.0,280470.0,-0.6673060000000001,-0.183315,PER,CHN,902130
9505531,174,43,9747,2018,0.0,12928.0,0.781409,0.22126700000000002,PHL,CHN,902130
9505532,177,43,9747,2018,335852.0,25927.0,1.132475,1.258945,POL,CHN,902130
9505533,178,43,9747,2018,0.0,67145.0,0.714618,0.47291700000000003,PRK,CHN,902130
9505534,179,43,9747,2018,0.0,16972.0,0.652628,2.211758,PRT,CHN,902130
9505535,180,43,9747,2018,0.0,6122.0,-0.614751,-0.952478,PRY,CHN,902130
9505536,182,43,9747,2018,0.0,19398.0,0.21430300000000002,-0.484076,PYF,CHN,902130
9505537,183,43,9747,2018,0.0,28806.0,-0.068401,-1.014732,QAT,CHN,902130
9505538,185,43,9747,2018,0.0,118845.0,1.050715,1.04471,ROU,CHN,902130
9505539,186,43,9747,2018,177188.0,334564.0,0.21398000000000003,0.100414,RUS,CHN,902130
9505540,187,43,9747,2018,0.0,820.0,-0.618925,-0.788172,RWA,CHN,902130
9505541,188,43,9747,2018,0.0,36139.0,0.5801810000000001,-0.447514,SAU,CHN,902130
9505542,190,43,9747,2018,0.0,2163.0,-1.278532,-1.176008,SDN,CHN,902130
9505543,192,43,9747,2018,25030028.0,52322.0,1.914132,0.652011,SGP,CHN,902130
9505544,196,43,9747,2018,0.0,6939.0,-0.06932999999999999,-0.36035300000000003,SLE,CHN,902130
9505545,197,43,9747,2018,0.0,19158.0,0.073928,0.22548600000000002,SLV,CHN,902130
9505546,201,43,9747,2018,1885.0,19757.0,0.607486,1.2139389999999999,SRB,CHN,902130
9505547,206,43,9747,2018,1909374.0,7589.0,1.3270979999999999,0.877684,SVK,CHN,902130
9505548,207,43,9747,2018,0.0,10451.0,1.67428,0.7703800000000001,SVN,CHN,902130
9505549,208,43,9747,2018,0.0,9086.0,1.76361,0.766904,SWE,CHN,902130
9505550,212,43,9747,2018,0.0,33958.0,-0.6836760000000001,0.554563,SYR,CHN,902130
9505551,215,43,9747,2018,0.0,1891.0,-0.685084,-0.773437,TGO,CHN,902130
9505552,216,43,9747,2018,5608.0,571933.0,1.053177,1.4084969999999999,THA,CHN,902130
9505553,223,43,9747,2018,0.0,70667.0,0.259778,1.187194,TUN,CHN,902130
9505554,224,43,9747,2018,393494.0,819692.0,0.518721,2.5581419999999997,TUR,CHN,902130
9505555,226,43,9747,2018,0.0,11185.0,-0.09850700000000001,1.145606,TZA,CHN,902130
9505556,227,43,9747,2018,0.0,1892.0,-0.621049,-0.061448,UGA,CHN,902130
9505557,228,43,9747,2018,0.0,237176.0,0.337296,0.758675,UKR,CHN,902130
9505558,230,43,9747,2018,0.0,3995.0,-0.02056,-0.38911,URY,CHN,902130
9505559,231,43,9747,2018,148959120.0,7300594.0,1.585861,0.44815900000000003,USA,CHN,902130
9505560,232,43,9747,2018,0.0,42379.0,-0.591547,-0.429982,UZB,CHN,902130
9505561,236,43,9747,2018,0.0,186219.0,-1.081138,-1.198717,VEN,CHN,902130
9505562,239,43,9747,2018,0.0,76398.0,0.003069,0.9169729999999999,VNM,CHN,902130
9505563,242,43,9747,2018,0.0,4267.0,0.336421,0.186474,WSM,CHN,902130
9505564,243,43,9747,2018,0.0,1832.0,-1.3332899999999999,-1.200589,YEM,CHN,902130
9505565,246,43,9747,2018,0.0,729192.0,0.158722,1.394829,ZAF,CHN,902130
9505566,247,43,9747,2018,0.0,1352.0,-0.736064,-0.93958,ZMB,CHN,902130
9505567,248,43,9747,2018,0.0,7544.0,-1.181524,-1.0648520000000001,ZWE,CHN,902130
9505568,249,43,9747,2018,4278300.0,165341.0,2.0462540000000002,1.166636,TWN,CHN,902130
9505569,8,49,9747,2018,211094.0,0.0,-0.14316800000000002,0.14356,ARG,COL,902130
9505570,14,49,9747,2018,140837.0,0.0,-0.29687199999999997,-0.123116,AUS,COL,902130
9505571,18,49,9747,2018,4613765.0,0.0,1.270641,1.201063,BEL,COL,902130
9505572,32,49,9747,2018,1680874.0,0.0,0.143397,0.582092,BRA,COL,902130
9505573,39,49,9747,2018,0.0,2899.0,0.666822,1.218593,CAN,COL,902130
9505574,41,49,9747,2018,492465.0,10661.0,2.2324330000000003,0.7801560000000001,CHE,COL,902130
9505575,42,49,9747,2018,6370.0,46846.0,-0.37677,-0.49605299999999997,CHL,COL,902130
9505576,43,49,9747,2018,309130.0,0.0,1.200689,1.2822,CHN,COL,902130
9505577,52,49,9747,2018,5902265.0,100539.0,0.19386,0.05811,CRI,COL,902130
9505578,61,49,9747,2018,3484270.0,28624.0,2.109059,-2.428826,DEU,COL,902130
9505579,67,49,9747,2018,252230.0,104864.0,-0.873973,-1.032841,ECU,COL,902130
9505580,71,49,9747,2018,320681.0,0.0,0.744825,2.919005,ESP,COL,902130
9505581,77,49,9747,2018,2403918.0,0.0,1.420819,0.7793770000000001,FRA,COL,902130
9505582,81,49,9747,2018,1607154.0,0.0,1.693008,0.768159,GBR,COL,902130
9505583,102,49,9747,2018,13144.0,0.0,1.519662,0.833092,HUN,COL,902130
9505584,104,49,9747,2018,1470664.0,4585.0,0.526015,2.448112,IND,COL,902130
9505585,106,49,9747,2018,4098192.0,0.0,1.262419,0.013576,IRL,COL,902130
9505586,110,49,9747,2018,151200.0,24811.0,1.355071,0.872822,ISR,COL,902130
9505587,111,49,9747,2018,465472.0,1823.0,1.3602530000000002,0.453607,ITA,COL,902130
9505588,114,49,9747,2018,4080.0,0.0,2.514533,-0.416074,JPN,COL,902130
9505589,121,49,9747,2018,1073090.0,0.0,2.093866,0.764303,KOR,COL,902130
9505590,138,49,9747,2018,377623.0,0.0,1.00061,0.585759,MEX,COL,902130
9505591,153,49,9747,2018,31583.0,0.0,1.122976,0.734109,MYS,COL,902130
9505592,162,49,9747,2018,3510601.0,464560.0,1.1478899999999999,1.454758,NLD,COL,902130
9505593,186,49,9747,2018,1278.0,0.0,0.21398000000000003,0.100414,RUS,COL,902130
9505594,192,49,9747,2018,442617.0,1752.0,1.914132,0.652011,SGP,COL,902130
9505595,197,49,9747,2018,0.0,25768.0,0.073928,0.22548600000000002,SLV,COL,902130
9505596,208,49,9747,2018,0.0,69722.0,1.76361,0.766904,SWE,COL,902130
9505597,224,49,9747,2018,311096.0,0.0,0.518721,2.5581419999999997,TUR,COL,902130
9505598,231,49,9747,2018,8747197.0,60382.0,1.585861,0.44815900000000003,USA,COL,902130
9505599,249,49,9747,2018,4687.0,0.0,2.0462540000000002,1.166636,TWN,COL,902130
9505600,250,49,9747,2018,116156.0,0.0,0.809991,-0.368737,ANS,COL,902130
9505601,7,52,9747,2018,0.0,225716.0,0.11804400000000001,-0.326851,ARE,CRI,902130
9505602,8,52,9747,2018,57935.0,1644874.0,-0.14316800000000002,0.14356,ARG,CRI,902130
9505603,9,52,9747,2018,0.0,13760.0,-0.330516,-0.604744,ARM,CRI,902130
9505604,14,52,9747,2018,1286.0,7784540.0,-0.29687199999999997,-0.123116,AUS,CRI,902130
9505605,15,52,9747,2018,0.0,851885.0,1.774488,-0.21117800000000003,AUT,CRI,902130
9505606,16,52,9747,2018,0.0,3010.0,-1.144089,-1.224327,AZE,CRI,902130
9505607,18,52,9747,2018,173414.0,105992696.0,1.270641,1.201063,BEL,CRI,902130
9505608,24,52,9747,2018,0.0,15094.0,0.318352,-0.69221,BHR,CRI,902130
9505609,26,52,9747,2018,0.0,9916.0,0.526392,0.742398,BIH,CRI,902130
9505610,28,52,9747,2018,0.0,250851.0,0.850089,0.8332870000000001,BLR,CRI,902130
9505611,31,52,9747,2018,0.0,16276.0,-1.153953,-1.070749,BOL,CRI,902130
9505612,32,52,9747,2018,10419622.0,13800663.0,0.143397,0.582092,BRA,CRI,902130
9505613,33,52,9747,2018,5217.0,0.0,0.487166,-0.129388,BRB,CRI,902130
9505614,39,52,9747,2018,6666.0,14094626.0,0.666822,1.218593,CAN,CRI,902130
9505615,41,52,9747,2018,286832.0,6307485.0,2.2324330000000003,0.7801560000000001,CHE,CRI,902130
9505616,42,52,9747,2018,1358.0,1075880.0,-0.37677,-0.49605299999999997,CHL,CRI,902130
9505617,43,52,9747,2018,18556.0,1192518.0,1.200689,1.2822,CHN,CRI,902130
9505618,49,52,9747,2018,100539.0,5902265.0,0.20431,-0.15273699999999998,COL,CRI,902130
9505619,57,52,9747,2018,0.0,1296.0,-0.194933,-0.930874,CYM,CRI,902130
9505620,59,52,9747,2018,0.0,1932786.0,1.841016,0.220806,CZE,CRI,902130
9505621,61,52,9747,2018,770357.0,10979256.0,2.109059,-2.428826,DEU,CRI,902130
9505622,65,52,9747,2018,45656.0,380730.0,-0.084258,0.474872,DOM,CRI,902130
9505623,67,52,9747,2018,0.0,466916.0,-0.873973,-1.032841,ECU,CRI,902130
9505624,71,52,9747,2018,46053.0,6188866.0,0.744825,2.919005,ESP,CRI,902130
9505625,72,52,9747,2018,0.0,492836.0,0.979986,1.2365899999999999,EST,CRI,902130
9505626,74,52,9747,2018,0.0,709733.0,1.61151,0.9474549999999999,FIN,CRI,902130
9505627,77,52,9747,2018,40502.0,30949220.0,1.420819,0.7793770000000001,FRA,CRI,902130
9505628,81,52,9747,2018,50136.0,0.0,1.693008,0.768159,GBR,CRI,902130
9505629,93,52,9747,2018,1485.0,172590.0,-0.362668,0.520826,GTM,CRI,902130
9505630,97,52,9747,2018,0.0,2233354.0,0.843677,1.656073,HKG,CRI,902130
9505631,99,52,9747,2018,0.0,27038.0,-0.523738,-0.193198,HND,CRI,902130
9505632,102,52,9747,2018,47788.0,0.0,1.519662,0.833092,HUN,CRI,902130
9505633,104,52,9747,2018,5570.0,69152.0,0.526015,2.448112,IND,CRI,902130
9505634,106,52,9747,2018,28380.0,262610.0,1.262419,0.013576,IRL,CRI,902130
9505635,110,52,9747,2018,0.0,78657.0,1.355071,0.872822,ISR,CRI,902130
9505636,111,52,9747,2018,82414.0,0.0,1.3602530000000002,0.453607,ITA,CRI,902130
9505637,113,52,9747,2018,0.0,18403.0,-0.086895,0.283829,JOR,CRI,902130
9505638,114,52,9747,2018,399332.0,6865512.0,2.514533,-0.416074,JPN,CRI,902130
9505639,115,52,9747,2018,0.0,261023.0,-0.483862,-0.667417,KAZ,CRI,902130
9505640,121,52,9747,2018,32562.0,3669019.0,2.093866,0.764303,KOR,CRI,902130
9505641,122,52,9747,2018,0.0,106386.0,-0.668802,-1.154012,KWT,CRI,902130
9505642,124,52,9747,2018,0.0,677343.0,0.270554,0.9995149999999999,LBN,CRI,902130
9505643,127,52,9747,2018,0.0,1849.0,0.18656,-0.143406,LCA,CRI,902130
9505644,134,52,9747,2018,0.0,26745.0,-0.712775,-0.090013,MAR,CRI,902130
9505645,135,52,9747,2018,0.0,84782.0,-0.358412,-0.271334,MDA,CRI,902130
9505646,138,52,9747,2018,219331.0,5722434.0,1.00061,0.585759,MEX,CRI,902130
9505647,140,52,9747,2018,0.0,65971.0,0.079976,-0.20256,MKD,CRI,902130
9505648,153,52,9747,2018,0.0,16762.0,1.122976,0.734109,MYS,CRI,902130
9505649,160,52,9747,2018,0.0,131571.0,-0.887282,-0.827008,NIC,CRI,902130
9505650,162,52,9747,2018,3051798.0,3129401.0,1.1478899999999999,1.454758,NLD,CRI,902130
9505651,163,52,9747,2018,0.0,339543.0,0.681639,0.021762,NOR,CRI,902130
9505652,166,52,9747,2018,0.0,548695.0,0.21902600000000003,0.148714,NZL,CRI,902130
9505653,169,52,9747,2018,1016385.0,288528.0,0.104326,-0.11611800000000001,PAN,CRI,902130
9505654,173,52,9747,2018,0.0,295582.0,-0.6673060000000001,-0.183315,PER,CRI,902130
9505655,174,52,9747,2018,0.0,14263.0,0.781409,0.22126700000000002,PHL,CRI,902130
9505656,177,52,9747,2018,0.0,2390335.0,1.132475,1.258945,POL,CRI,902130
9505657,183,52,9747,2018,0.0,14759.0,-0.068401,-1.014732,QAT,CRI,902130
9505658,186,52,9747,2018,0.0,4084853.0,0.21398000000000003,0.100414,RUS,CRI,902130
9505659,188,52,9747,2018,0.0,499838.0,0.5801810000000001,-0.447514,SAU,CRI,902130
9505660,192,52,9747,2018,0.0,5905560.0,1.914132,0.652011,SGP,CRI,902130
9505661,197,52,9747,2018,0.0,11741.0,0.073928,0.22548600000000002,SLV,CRI,902130
9505662,201,52,9747,2018,0.0,70694.0,0.607486,1.2139389999999999,SRB,CRI,902130
9505663,205,52,9747,2018,0.0,1420.0,-0.798074,-1.023046,SUR,CRI,902130
9505664,206,52,9747,2018,0.0,121051.0,1.3270979999999999,0.877684,SVK,CRI,902130
9505665,207,52,9747,2018,0.0,375344.0,1.67428,0.7703800000000001,SVN,CRI,902130
9505666,208,52,9747,2018,11119.0,0.0,1.76361,0.766904,SWE,CRI,902130
9505667,216,52,9747,2018,0.0,2384958.0,1.053177,1.4084969999999999,THA,CRI,902130
9505668,222,52,9747,2018,0.0,378674.0,-0.281617,-1.009652,TTO,CRI,902130
9505669,224,52,9747,2018,0.0,3872286.0,0.518721,2.5581419999999997,TUR,CRI,902130
9505670,228,52,9747,2018,0.0,651868.0,0.337296,0.758675,UKR,CRI,902130
9505671,230,52,9747,2018,15743.0,0.0,-0.02056,-0.38911,URY,CRI,902130
9505672,231,52,9747,2018,6337942.0,254379872.0,1.585861,0.44815900000000003,USA,CRI,902130
9505673,236,52,9747,2018,0.0,1112922.0,-1.081138,-1.198717,VEN,CRI,902130
9505674,239,52,9747,2018,0.0,586980.0,0.003069,0.9169729999999999,VNM,CRI,902130
9505675,246,52,9747,2018,0.0,556461.0,0.158722,1.394829,ZAF,CRI,902130
9505676,249,52,9747,2018,0.0,1901906.0,2.0462540000000002,1.166636,TWN,CRI,902130
9505677,250,52,9747,2018,826263.0,0.0,0.809991,-0.368737,ANS,CRI,902130
9505678,34,55,9747,2018,30832.0,0.0,0.562198,-0.774457,BRN,CUW,902130
9505679,61,55,9747,2018,63569.0,0.0,2.109059,-2.428826,DEU,CUW,902130
9505680,71,55,9747,2018,0.0,3072.0,0.744825,2.919005,ESP,CUW,902130
9505681,77,55,9747,2018,6214.0,0.0,1.420819,0.7793770000000001,FRA,CUW,902130
9505682,162,55,9747,2018,968613.0,0.0,1.1478899999999999,1.454758,NLD,CUW,902130
9505683,231,55,9747,2018,65777.0,0.0,1.585861,0.44815900000000003,USA,CUW,902130
9505684,7,58,9747,2018,4191.0,0.0,0.11804400000000001,-0.326851,ARE,CYP,902130
9505685,18,58,9747,2018,410182.0,0.0,1.270641,1.201063,BEL,CYP,902130
9505686,23,58,9747,2018,7083.0,0.0,0.571226,1.836856,BGR,CYP,902130
9505687,33,58,9747,2018,14498.0,0.0,0.487166,-0.129388,BRB,CYP,902130
9505688,41,58,9747,2018,135510.0,0.0,2.2324330000000003,0.7801560000000001,CHE,CYP,902130
9505689,43,58,9747,2018,15542.0,0.0,1.200689,1.2822,CHN,CYP,902130
9505690,59,58,9747,2018,0.0,245158.0,1.841016,0.220806,CZE,CYP,902130
9505691,61,58,9747,2018,101757.0,3038.0,2.109059,-2.428826,DEU,CYP,902130
9505692,68,58,9747,2018,6941.0,0.0,-0.096635,1.585658,EGY,CYP,902130
9505693,77,58,9747,2018,407461.0,0.0,1.420819,0.7793770000000001,FRA,CYP,902130
9505694,81,58,9747,2018,69252.0,0.0,1.693008,0.768159,GBR,CYP,902130
9505695,90,58,9747,2018,129288.0,1314779.0,0.059539999999999996,1.0321879999999999,GRC,CYP,902130
9505696,100,58,9747,2018,16318.0,0.0,0.7923720000000001,1.4047209999999999,HRV,CYP,902130
9505697,104,58,9747,2018,8860.0,0.0,0.526015,2.448112,IND,CYP,902130
9505698,106,58,9747,2018,80959.0,27489.0,1.262419,0.013576,IRL,CYP,902130
9505699,110,58,9747,2018,54010.0,0.0,1.355071,0.872822,ISR,CYP,902130
9505700,111,58,9747,2018,120222.0,0.0,1.3602530000000002,0.453607,ITA,CYP,902130
9505701,114,58,9747,2018,2655.0,0.0,2.514533,-0.416074,JPN,CYP,902130
9505702,121,58,9747,2018,3254.0,0.0,2.093866,0.764303,KOR,CYP,902130
9505703,162,58,9747,2018,2967784.0,134665.0,1.1478899999999999,1.454758,NLD,CYP,902130
9505704,177,58,9747,2018,350384.0,0.0,1.132475,1.258945,POL,CYP,902130
9505705,185,58,9747,2018,53359.0,405734.0,1.050715,1.04471,ROU,CYP,902130
9505706,207,58,9747,2018,17193.0,0.0,1.67428,0.7703800000000001,SVN,CYP,902130
9505707,208,58,9747,2018,26101.0,0.0,1.76361,0.766904,SWE,CYP,902130
9505708,224,58,9747,2018,1576601.0,0.0,0.518721,2.5581419999999997,TUR,CYP,902130
9505709,228,58,9747,2018,0.0,268575.0,0.337296,0.758675,UKR,CYP,902130
9505710,231,58,9747,2018,33517.0,7052.0,1.585861,0.44815900000000003,USA,CYP,902130
9505711,232,58,9747,2018,0.0,5565.0,-0.591547,-0.429982,UZB,CYP,902130
9505712,249,58,9747,2018,27056.0,0.0,2.0462540000000002,1.166636,TWN,CYP,902130
9505713,0,61,9747,2018,0.0,3618.0,0.8710549999999999,0.084402,ABW,DEU,902130
9505714,1,61,9747,2018,0.0,1704.0,-1.267508,-0.8494940000000001,AFG,DEU,902130
9505715,4,61,9747,2018,0.0,109302.0,-0.456481,-0.139655,ALB,DEU,902130
9505716,7,61,9747,2018,4077.0,1190372.0,0.11804400000000001,-0.326851,ARE,DEU,902130
9505717,8,61,9747,2018,192961.0,2980951.0,-0.14316800000000002,0.14356,ARG,DEU,902130
9505718,9,61,9747,2018,0.0,344174.0,-0.330516,-0.604744,ARM,DEU,902130
9505719,14,61,9747,2018,16057537.0,20812020.0,-0.29687199999999997,-0.123116,AUS,DEU,902130
9505720,15,61,9747,2018,124741696.0,28238720.0,1.774488,-0.21117800000000003,AUT,DEU,902130
9505721,16,61,9747,2018,0.0,462713.0,-1.144089,-1.224327,AZE,DEU,902130
9505722,18,61,9747,2018,35338344.0,6343723.0,1.270641,1.201063,BEL,DEU,902130
9505723,22,61,9747,2018,0.0,20819.0,-0.899467,-0.9823719999999999,BGD,DEU,902130
9505724,23,61,9747,2018,69556.0,1070840.0,0.571226,1.836856,BGR,DEU,902130
9505725,24,61,9747,2018,0.0,105126.0,0.318352,-0.69221,BHR,DEU,902130
9505726,25,61,9747,2018,0.0,132618.0,0.532998,-0.394906,BHS,DEU,902130
9505727,26,61,9747,2018,4686.0,638325.0,0.526392,0.742398,BIH,DEU,902130
9505728,28,61,9747,2018,0.0,404641.0,0.850089,0.8332870000000001,BLR,DEU,902130
9505729,31,61,9747,2018,0.0,39361.0,-1.153953,-1.070749,BOL,DEU,902130
9505730,32,61,9747,2018,263967.0,14539224.0,0.143397,0.582092,BRA,DEU,902130
9505731,33,61,9747,2018,223791.0,6396.0,0.487166,-0.129388,BRB,DEU,902130
9505732,34,61,9747,2018,0.0,6632.0,0.562198,-0.774457,BRN,DEU,902130
9505733,37,61,9747,2018,0.0,15446.0,-0.8339610000000001,-1.184307,BWA,DEU,902130
9505734,39,61,9747,2018,732120.0,4499230.0,0.666822,1.218593,CAN,DEU,902130
9505735,41,61,9747,2018,15561489.0,24350218.0,2.2324330000000003,0.7801560000000001,CHE,DEU,902130
9505736,42,61,9747,2018,0.0,1299327.0,-0.37677,-0.49605299999999997,CHL,DEU,902130
9505737,43,61,9747,2018,4292140.0,17355866.0,1.200689,1.2822,CHN,DEU,902130
9505738,44,61,9747,2018,0.0,175797.0,-0.8733569999999999,-0.8443139999999999,CIV,DEU,902130
9505739,45,61,9747,2018,0.0,9342.0,-1.366619,-1.09894,CMR,DEU,902130
9505740,46,61,9747,2018,0.0,2705.0,-1.743034,-1.20446,COD,DEU,902130
9505741,49,61,9747,2018,28624.0,3484270.0,0.20431,-0.15273699999999998,COL,DEU,902130
9505742,52,61,9747,2018,10979256.0,770357.0,0.19386,0.05811,CRI,DEU,902130
9505743,54,61,9747,2018,0.0,265163.0,-0.8835629999999999,-1.15678,CUB,DEU,902130
9505744,55,61,9747,2018,0.0,63569.0,0.8093,-0.325347,CUW,DEU,902130
9505745,58,61,9747,2018,3038.0,101757.0,0.45442,-0.113303,CYP,DEU,902130
9505746,59,61,9747,2018,347192.0,9392881.0,1.841016,0.220806,CZE,DEU,902130
9505747,62,61,9747,2018,0.0,77781.0,-0.11008599999999999,-0.603731,DJI,DEU,902130
9505748,64,61,9747,2018,1422194.0,4439067.0,1.0945040000000001,1.3311540000000002,DNK,DEU,902130
9505749,65,61,9747,2018,0.0,1914.0,-0.084258,0.474872,DOM,DEU,902130
9505750,66,61,9747,2018,0.0,59664.0,-1.281519,-1.22291,DZA,DEU,902130
9505751,67,61,9747,2018,10902.0,343063.0,-0.873973,-1.032841,ECU,DEU,902130
9505752,68,61,9747,2018,2742.0,1580197.0,-0.096635,1.585658,EGY,DEU,902130
9505753,71,61,9747,2018,2069881.0,18006234.0,0.744825,2.919005,ESP,DEU,902130
9505754,72,61,9747,2018,150765.0,926052.0,0.979986,1.2365899999999999,EST,DEU,902130
9505755,73,61,9747,2018,0.0,3780.0,-0.874857,-0.464958,ETH,DEU,902130
9505756,74,61,9747,2018,73371.0,2313679.0,1.61151,0.9474549999999999,FIN,DEU,902130
9505757,77,61,9747,2018,40394836.0,58095704.0,1.420819,0.7793770000000001,FRA,DEU,902130
9505758,78,61,9747,2018,0.0,5439.0,-1.00676,-0.959297,FRO,DEU,902130
9505759,81,61,9747,2018,28956632.0,19941218.0,1.693008,0.768159,GBR,DEU,902130
9505760,82,61,9747,2018,70643.0,1029502.0,-0.049871,-0.28439899999999996,GEO,DEU,902130
9505761,83,61,9747,2018,0.0,7812.0,-0.956109,-0.861556,GHA,DEU,902130
9505762,85,61,9747,2018,0.0,5027.0,-1.036697,-1.1562860000000001,GIN,DEU,902130
9505763,90,61,9747,2018,87346.0,2510388.0,0.059539999999999996,1.0321879999999999,GRC,DEU,902130
9505764,93,61,9747,2018,0.0,199555.0,-0.362668,0.520826,GTM,DEU,902130
9505765,97,61,9747,2018,92144.0,17062054.0,0.843677,1.656073,HKG,DEU,902130
9505766,99,61,9747,2018,0.0,78634.0,-0.523738,-0.193198,HND,DEU,902130
9505767,100,61,9747,2018,50379.0,2151230.0,0.7923720000000001,1.4047209999999999,HRV,DEU,902130
9505768,102,61,9747,2018,2201100.0,2389177.0,1.519662,0.833092,HUN,DEU,902130
9505769,103,61,9747,2018,0.0,678778.0,-0.10130499999999999,1.2414209999999999,IDN,DEU,902130
9505770,104,61,9747,2018,1281302.0,7170016.0,0.526015,2.448112,IND,DEU,902130
9505771,106,61,9747,2018,11004996.0,207549.0,1.262419,0.013576,IRL,DEU,902130
9505772,107,61,9747,2018,0.0,2051676.0,-0.389954,-0.258156,IRN,DEU,902130
9505773,108,61,9747,2018,0.0,8845639.0,-1.7504400000000002,-1.018699,IRQ,DEU,902130
9505774,109,61,9747,2018,3852.0,47198.0,0.252338,-0.341319,ISL,DEU,902130
9505775,110,61,9747,2018,1205738.0,2976507.0,1.355071,0.872822,ISR,DEU,902130
9505776,111,61,9747,2018,4296034.0,22951148.0,1.3602530000000002,0.453607,ITA,DEU,902130
9505777,113,61,9747,2018,6371.0,618058.0,-0.086895,0.283829,JOR,DEU,902130
9505778,114,61,9747,2018,1571050.0,11724935.0,2.514533,-0.416074,JPN,DEU,902130
9505779,115,61,9747,2018,4986.0,1044067.0,-0.483862,-0.667417,KAZ,DEU,902130
9505780,116,61,9747,2018,0.0,67787.0,-0.32707800000000004,0.71009,KEN,DEU,902130
9505781,117,61,9747,2018,0.0,43194.0,-0.141491,0.33161,KGZ,DEU,902130
9505782,118,61,9747,2018,0.0,3504.0,-0.45740299999999995,-0.575966,KHM,DEU,902130
9505783,121,61,9747,2018,124693.0,13407953.0,2.093866,0.764303,KOR,DEU,902130
9505784,122,61,9747,2018,47611.0,2226832.0,-0.668802,-1.154012,KWT,DEU,902130
9505785,124,61,9747,2018,0.0,2399580.0,0.270554,0.9995149999999999,LBN,DEU,902130
9505786,126,61,9747,2018,0.0,1771482.0,-1.608786,-1.231101,LBY,DEU,902130
9505787,128,61,9747,2018,0.0,237640.0,-0.544504,0.41074099999999997,LKA,DEU,902130
9505788,130,61,9747,2018,13243.0,1022646.0,0.964249,1.4050200000000002,LTU,DEU,902130
9505789,131,61,9747,2018,256329.0,44204.0,1.1142889999999999,1.306066,LUX,DEU,902130
9505790,132,61,9747,2018,0.0,1606446.0,0.707168,1.294297,LVA,DEU,902130
9505791,133,61,9747,2018,0.0,972.0,0.44520299999999996,0.042491,MAC,DEU,902130
9505792,134,61,9747,2018,0.0,228550.0,-0.712775,-0.090013,MAR,DEU,902130
9505793,135,61,9747,2018,0.0,163454.0,-0.358412,-0.271334,MDA,DEU,902130
9505794,136,61,9747,2018,0.0,964.0,-1.2144549999999998,-0.748326,MDG,DEU,902130
9505795,137,61,9747,2018,0.0,1358.0,-0.577527,-0.952098,MDV,DEU,902130
9505796,138,61,9747,2018,22474432.0,7847496.0,1.00061,0.585759,MEX,DEU,902130
9505797,140,61,9747,2018,7999.0,1428341.0,0.079976,-0.20256,MKD,DEU,902130
9505798,141,61,9747,2018,0.0,1800.0,-0.49666499999999997,-0.7189909999999999,MLI,DEU,902130
9505799,142,61,9747,2018,0.0,133303.0,0.9621219999999999,0.257289,MLT,DEU,902130
9505800,143,61,9747,2018,0.0,2635.0,-0.936467,-0.223413,MMR,DEU,902130
9505801,144,61,9747,2018,0.0,3864.0,0.332495,0.124258,MNE,DEU,902130
9505802,145,61,9747,2018,0.0,5437.0,-0.934398,-1.125105,MNG,DEU,902130
9505803,151,61,9747,2018,0.0,60494.0,-0.128221,0.15049400000000002,MUS,DEU,902130
9505804,152,61,9747,2018,0.0,1631.0,-0.7015979999999999,-0.9293680000000001,MWI,DEU,902130
9505805,153,61,9747,2018,220587.0,1215871.0,1.122976,0.734109,MYS,DEU,902130
9505806,155,61,9747,2018,3343.0,37340.0,-0.668091,-0.779938,NAM,DEU,902130
9505807,157,61,9747,2018,0.0,1339.0,-0.633115,-0.839564,NER,DEU,902130
9505808,159,61,9747,2018,0.0,280728.0,-1.8238,-1.259938,NGA,DEU,902130
9505809,160,61,9747,2018,0.0,51128.0,-0.887282,-0.827008,NIC,DEU,902130
9505810,162,61,9747,2018,223013872.0,38884584.0,1.1478899999999999,1.454758,NLD,DEU,902130
9505811,163,61,9747,2018,520157.0,4900792.0,0.681639,0.021762,NOR,DEU,902130
9505812,164,61,9747,2018,0.0,137095.0,-0.252837,0.999258,NPL,DEU,902130
9505813,166,61,9747,2018,24959.0,346872.0,0.21902600000000003,0.148714,NZL,DEU,902130
9505814,167,61,9747,2018,6984.0,276079.0,-0.548048,-0.9972989999999999,OMN,DEU,902130
9505815,168,61,9747,2018,0.0,892680.0,-0.64348,0.665045,PAK,DEU,902130
9505816,169,61,9747,2018,0.0,73351.0,0.104326,-0.11611800000000001,PAN,DEU,902130
9505817,173,61,9747,2018,0.0,234415.0,-0.6673060000000001,-0.183315,PER,DEU,902130
9505818,174,61,9747,2018,0.0,1146944.0,0.781409,0.22126700000000002,PHL,DEU,902130
9505819,177,61,9747,2018,7795890.0,12009952.0,1.132475,1.258945,POL,DEU,902130
9505820,179,61,9747,2018,18721.0,1781173.0,0.652628,2.211758,PRT,DEU,902130
9505821,180,61,9747,2018,139885.0,116021.0,-0.614751,-0.952478,PRY,DEU,902130
9505822,181,61,9747,2018,0.0,14019.0,0.096402,0.735946,PSE,DEU,902130
9505823,182,61,9747,2018,0.0,24112.0,0.21430300000000002,-0.484076,PYF,DEU,902130
9505824,183,61,9747,2018,0.0,113432.0,-0.068401,-1.014732,QAT,DEU,902130
9505825,185,61,9747,2018,41582.0,1432021.0,1.050715,1.04471,ROU,DEU,902130
9505826,186,61,9747,2018,12241.0,23544156.0,0.21398000000000003,0.100414,RUS,DEU,902130
9505827,187,61,9747,2018,0.0,46651.0,-0.618925,-0.788172,RWA,DEU,902130
9505828,188,61,9747,2018,165074.0,7488582.0,0.5801810000000001,-0.447514,SAU,DEU,902130
9505829,190,61,9747,2018,0.0,1103.0,-1.278532,-1.176008,SDN,DEU,902130
9505830,191,61,9747,2018,0.0,5029.0,-0.751378,-0.390573,SEN,DEU,902130
9505831,192,61,9747,2018,24867656.0,3490718.0,1.914132,0.652011,SGP,DEU,902130
9505832,197,61,9747,2018,0.0,130280.0,0.073928,0.22548600000000002,SLV,DEU,902130
9505833,198,61,9747,2018,2619.0,0.0,1.1064260000000001,0.566218,SMR,DEU,902130
9505834,201,61,9747,2018,5059.0,909719.0,0.607486,1.2139389999999999,SRB,DEU,902130
9505835,205,61,9747,2018,0.0,3428.0,-0.798074,-1.023046,SUR,DEU,902130
9505836,206,61,9747,2018,9386.0,4315610.0,1.3270979999999999,0.877684,SVK,DEU,902130
9505837,207,61,9747,2018,6099.0,1402274.0,1.67428,0.7703800000000001,SVN,DEU,902130
9505838,208,61,9747,2018,14330544.0,10102112.0,1.76361,0.766904,SWE,DEU,902130
9505839,211,61,9747,2018,0.0,1203.0,0.187352,-0.693013,SYC,DEU,902130
9505840,212,61,9747,2018,0.0,268898.0,-0.6836760000000001,0.554563,SYR,DEU,902130
9505841,215,61,9747,2018,0.0,11399.0,-0.685084,-0.773437,TGO,DEU,902130
9505842,216,61,9747,2018,14599.0,1390004.0,1.053177,1.4084969999999999,THA,DEU,902130
9505843,217,61,9747,2018,0.0,2826.0,-0.757793,-1.0641209999999999,TJK,DEU,902130
9505844,219,61,9747,2018,0.0,9497.0,-1.0081209999999998,-1.190796,TKM,DEU,902130
9505845,222,61,9747,2018,0.0,2162.0,-0.281617,-1.009652,TTO,DEU,902130
9505846,223,61,9747,2018,3573.0,452520.0,0.259778,1.187194,TUN,DEU,902130
9505847,224,61,9747,2018,1601538.0,3750163.0,0.518721,2.5581419999999997,TUR,DEU,902130
9505848,226,61,9747,2018,0.0,19289.0,-0.09850700000000001,1.145606,TZA,DEU,902130
9505849,227,61,9747,2018,0.0,20530.0,-0.621049,-0.061448,UGA,DEU,902130
9505850,228,61,9747,2018,59254.0,3711700.0,0.337296,0.758675,UKR,DEU,902130
9505851,230,61,9747,2018,0.0,102641.0,-0.02056,-0.38911,URY,DEU,902130
9505852,231,61,9747,2018,206080512.0,70081000.0,1.585861,0.44815900000000003,USA,DEU,902130
9505853,232,61,9747,2018,0.0,157629.0,-0.591547,-0.429982,UZB,DEU,902130
9505854,236,61,9747,2018,0.0,1081394.0,-1.081138,-1.198717,VEN,DEU,902130
9505855,239,61,9747,2018,58724.0,9301891.0,0.003069,0.9169729999999999,VNM,DEU,902130
9505856,243,61,9747,2018,0.0,3783.0,-1.3332899999999999,-1.200589,YEM,DEU,902130
9505857,246,61,9747,2018,603514.0,7439873.0,0.158722,1.394829,ZAF,DEU,902130
9505858,247,61,9747,2018,0.0,5264.0,-0.736064,-0.93958,ZMB,DEU,902130
9505859,248,61,9747,2018,0.0,1094.0,-1.181524,-1.0648520000000001,ZWE,DEU,902130
9505860,249,61,9747,2018,147337.0,979927.0,2.0462540000000002,1.166636,TWN,DEU,902130
9505861,7,64,9747,2018,0.0,8391.0,0.11804400000000001,-0.326851,ARE,DNK,902130
9505862,8,64,9747,2018,0.0,845944.0,-0.14316800000000002,0.14356,ARG,DNK,902130
9505863,14,64,9747,2018,12730.0,577477.0,-0.29687199999999997,-0.123116,AUS,DNK,902130
9505864,15,64,9747,2018,9990.0,45619.0,1.774488,-0.21117800000000003,AUT,DNK,902130
9505865,18,64,9747,2018,4208802.0,715311.0,1.270641,1.201063,BEL,DNK,902130
9505866,23,64,9747,2018,0.0,336989.0,0.571226,1.836856,BGR,DNK,902130
9505867,26,64,9747,2018,0.0,1542.0,0.526392,0.742398,BIH,DNK,902130
9505868,32,64,9747,2018,0.0,3147560.0,0.143397,0.582092,BRA,DNK,902130
9505869,39,64,9747,2018,11144.0,480721.0,0.666822,1.218593,CAN,DNK,902130
9505870,41,64,9747,2018,5743.0,122164.0,2.2324330000000003,0.7801560000000001,CHE,DNK,902130
9505871,42,64,9747,2018,0.0,35760.0,-0.37677,-0.49605299999999997,CHL,DNK,902130
9505872,43,64,9747,2018,18938.0,268089.0,1.200689,1.2822,CHN,DNK,902130
9505873,59,64,9747,2018,7620.0,244944.0,1.841016,0.220806,CZE,DNK,902130
9505874,61,64,9747,2018,4439067.0,1422194.0,2.109059,-2.428826,DEU,DNK,902130
9505875,67,64,9747,2018,0.0,11718.0,-0.873973,-1.032841,ECU,DNK,902130
9505876,68,64,9747,2018,0.0,215893.0,-0.096635,1.585658,EGY,DNK,902130
9505877,71,64,9747,2018,11044.0,113490.0,0.744825,2.919005,ESP,DNK,902130
9505878,72,64,9747,2018,14051.0,260600.0,0.979986,1.2365899999999999,EST,DNK,902130
9505879,74,64,9747,2018,5531.0,1513132.0,1.61151,0.9474549999999999,FIN,DNK,902130
9505880,77,64,9747,2018,1232130.0,99835.0,1.420819,0.7793770000000001,FRA,DNK,902130
9505881,81,64,9747,2018,616171.0,2134562.0,1.693008,0.768159,GBR,DNK,902130
9505882,90,64,9747,2018,1735.0,29530.0,0.059539999999999996,1.0321879999999999,GRC,DNK,902130
9505883,92,64,9747,2018,149276.0,0.0,-1.384795,-1.004781,GRL,DNK,902130
9505884,93,64,9747,2018,0.0,16771.0,-0.362668,0.520826,GTM,DNK,902130
9505885,97,64,9747,2018,0.0,833924.0,0.843677,1.656073,HKG,DNK,902130
9505886,100,64,9747,2018,1193.0,9857.0,0.7923720000000001,1.4047209999999999,HRV,DNK,902130
9505887,102,64,9747,2018,4006.0,1131706.0,1.519662,0.833092,HUN,DNK,902130
9505888,104,64,9747,2018,6278.0,5867.0,0.526015,2.448112,IND,DNK,902130
9505889,106,64,9747,2018,1006984.0,271380.0,1.262419,0.013576,IRL,DNK,902130
9505890,109,64,9747,2018,0.0,6679.0,0.252338,-0.341319,ISL,DNK,902130
9505891,110,64,9747,2018,2657.0,8627.0,1.355071,0.872822,ISR,DNK,902130
9505892,111,64,9747,2018,79663.0,3673004.0,1.3602530000000002,0.453607,ITA,DNK,902130
9505893,114,64,9747,2018,0.0,42465.0,2.514533,-0.416074,JPN,DNK,902130
9505894,121,64,9747,2018,1252.0,0.0,2.093866,0.764303,KOR,DNK,902130
9505895,123,64,9747,2018,0.0,723.0,-0.788808,-0.8012670000000001,LAO,DNK,902130
9505896,124,64,9747,2018,0.0,3903.0,0.270554,0.9995149999999999,LBN,DNK,902130
9505897,130,64,9747,2018,7814.0,823743.0,0.964249,1.4050200000000002,LTU,DNK,902130
9505898,132,64,9747,2018,3691.0,600719.0,0.707168,1.294297,LVA,DNK,902130
9505899,138,64,9747,2018,32657.0,0.0,1.00061,0.585759,MEX,DNK,902130
9505900,140,64,9747,2018,0.0,1689.0,0.079976,-0.20256,MKD,DNK,902130
9505901,142,64,9747,2018,998.0,0.0,0.9621219999999999,0.257289,MLT,DNK,902130
9505902,153,64,9747,2018,0.0,10725.0,1.122976,0.734109,MYS,DNK,902130
9505903,162,64,9747,2018,20716450.0,64546.0,1.1478899999999999,1.454758,NLD,DNK,902130
9505904,163,64,9747,2018,41432.0,1496301.0,0.681639,0.021762,NOR,DNK,902130
9505905,166,64,9747,2018,0.0,125366.0,0.21902600000000003,0.148714,NZL,DNK,902130
9505906,173,64,9747,2018,0.0,2339.0,-0.6673060000000001,-0.183315,PER,DNK,902130
9505907,179,64,9747,2018,33292.0,231796.0,0.652628,2.211758,PRT,DNK,902130
9505908,180,64,9747,2018,0.0,35918.0,-0.614751,-0.952478,PRY,DNK,902130
9505909,185,64,9747,2018,1515.0,4652.0,1.050715,1.04471,ROU,DNK,902130
9505910,188,64,9747,2018,0.0,17047.0,0.5801810000000001,-0.447514,SAU,DNK,902130
9505911,192,64,9747,2018,0.0,22364.0,1.914132,0.652011,SGP,DNK,902130
9505912,198,64,9747,2018,5627.0,0.0,1.1064260000000001,0.566218,SMR,DNK,902130
9505913,206,64,9747,2018,3062.0,92948.0,1.3270979999999999,0.877684,SVK,DNK,902130
9505914,207,64,9747,2018,4129.0,0.0,1.67428,0.7703800000000001,SVN,DNK,902130
9505915,208,64,9747,2018,1127835.0,3528469.0,1.76361,0.766904,SWE,DNK,902130
9505916,216,64,9747,2018,2771.0,919157.0,1.053177,1.4084969999999999,THA,DNK,902130
9505917,230,64,9747,2018,0.0,2605.0,-0.02056,-0.38911,URY,DNK,902130
9505918,231,64,9747,2018,306951.0,26826480.0,1.585861,0.44815900000000003,USA,DNK,902130
9505919,239,64,9747,2018,0.0,3748.0,0.003069,0.9169729999999999,VNM,DNK,902130
9505920,246,64,9747,2018,0.0,57519.0,0.158722,1.394829,ZAF,DNK,902130
9505921,249,64,9747,2018,9115.0,113629.0,2.0462540000000002,1.166636,TWN,DNK,902130
9505922,8,65,9747,2018,8267.0,0.0,-0.14316800000000002,0.14356,ARG,DOM,902130
9505923,18,65,9747,2018,76837.0,0.0,1.270641,1.201063,BEL,DOM,902130
9505924,32,65,9747,2018,284350.0,0.0,0.143397,0.582092,BRA,DOM,902130
9505925,33,65,9747,2018,21019.0,0.0,0.487166,-0.129388,BRB,DOM,902130
9505926,39,65,9747,2018,17667.0,0.0,0.666822,1.218593,CAN,DOM,902130
9505927,41,65,9747,2018,17267.0,0.0,2.2324330000000003,0.7801560000000001,CHE,DOM,902130
9505928,43,65,9747,2018,264031.0,0.0,1.200689,1.2822,CHN,DOM,902130
9505929,52,65,9747,2018,380730.0,45656.0,0.19386,0.05811,CRI,DOM,902130
9505930,59,65,9747,2018,9784.0,0.0,1.841016,0.220806,CZE,DOM,902130
9505931,61,65,9747,2018,1914.0,0.0,2.109059,-2.428826,DEU,DOM,902130
9505932,71,65,9747,2018,30788.0,34388.0,0.744825,2.919005,ESP,DOM,902130
9505933,77,65,9747,2018,33895.0,0.0,1.420819,0.7793770000000001,FRA,DOM,902130
9505934,81,65,9747,2018,48019.0,0.0,1.693008,0.768159,GBR,DOM,902130
9505935,93,65,9747,2018,2683.0,0.0,-0.362668,0.520826,GTM,DOM,902130
9505936,104,65,9747,2018,214932.0,59184.0,0.526015,2.448112,IND,DOM,902130
9505937,106,65,9747,2018,1979355.0,0.0,1.262419,0.013576,IRL,DOM,902130
9505938,110,65,9747,2018,52128.0,0.0,1.355071,0.872822,ISR,DOM,902130
9505939,111,65,9747,2018,162649.0,0.0,1.3602530000000002,0.453607,ITA,DOM,902130
9505940,114,65,9747,2018,86448.0,0.0,2.514533,-0.416074,JPN,DOM,902130
9505941,121,65,9747,2018,1292.0,0.0,2.093866,0.764303,KOR,DOM,902130
9505942,124,65,9747,2018,0.0,1335.0,0.270554,0.9995149999999999,LBN,DOM,902130
9505943,138,65,9747,2018,81973.0,0.0,1.00061,0.585759,MEX,DOM,902130
9505944,162,65,9747,2018,1407356.0,15072.0,1.1478899999999999,1.454758,NLD,DOM,902130
9505945,169,65,9747,2018,175901.0,0.0,0.104326,-0.11611800000000001,PAN,DOM,902130
9505946,179,65,9747,2018,1148.0,0.0,0.652628,2.211758,PRT,DOM,902130
9505947,182,65,9747,2018,0.0,1328.0,0.21430300000000002,-0.484076,PYF,DOM,902130
9505948,192,65,9747,2018,96025.0,0.0,1.914132,0.652011,SGP,DOM,902130
9505949,209,65,9747,2018,23608.0,0.0,-0.008154999999999999,-0.6079319999999999,SWZ,DOM,902130
9505950,228,65,9747,2018,6655.0,0.0,0.337296,0.758675,UKR,DOM,902130
9505951,231,65,9747,2018,3822920.0,252545.0,1.585861,0.44815900000000003,USA,DOM,902130
9505952,8,67,9747,2018,158669.0,0.0,-0.14316800000000002,0.14356,ARG,ECU,902130
9505953,14,67,9747,2018,0.0,17587.0,-0.29687199999999997,-0.123116,AUS,ECU,902130
9505954,18,67,9747,2018,749999.0,0.0,1.270641,1.201063,BEL,ECU,902130
9505955,23,67,9747,2018,917.0,0.0,0.571226,1.836856,BGR,ECU,902130
9505956,32,67,9747,2018,486011.0,0.0,0.143397,0.582092,BRA,ECU,902130
9505957,39,67,9747,2018,2329.0,0.0,0.666822,1.218593,CAN,ECU,902130
9505958,41,67,9747,2018,43008.0,0.0,2.2324330000000003,0.7801560000000001,CHE,ECU,902130
9505959,42,67,9747,2018,0.0,36879.0,-0.37677,-0.49605299999999997,CHL,ECU,902130
9505960,43,67,9747,2018,78049.0,0.0,1.200689,1.2822,CHN,ECU,902130
9505961,49,67,9747,2018,104864.0,252230.0,0.20431,-0.15273699999999998,COL,ECU,902130
9505962,52,67,9747,2018,466916.0,0.0,0.19386,0.05811,CRI,ECU,902130
9505963,59,67,9747,2018,4009.0,0.0,1.841016,0.220806,CZE,ECU,902130
9505964,61,67,9747,2018,343063.0,10902.0,2.109059,-2.428826,DEU,ECU,902130
9505965,64,67,9747,2018,11718.0,0.0,1.0945040000000001,1.3311540000000002,DNK,ECU,902130
9505966,71,67,9747,2018,25269.0,0.0,0.744825,2.919005,ESP,ECU,902130
9505967,77,67,9747,2018,233651.0,6611.0,1.420819,0.7793770000000001,FRA,ECU,902130
9505968,81,67,9747,2018,160572.0,0.0,1.693008,0.768159,GBR,ECU,902130
9505969,104,67,9747,2018,2641190.0,0.0,0.526015,2.448112,IND,ECU,902130
9505970,106,67,9747,2018,1611343.0,0.0,1.262419,0.013576,IRL,ECU,902130
9505971,109,67,9747,2018,9441.0,0.0,0.252338,-0.341319,ISL,ECU,902130
9505972,110,67,9747,2018,27863.0,0.0,1.355071,0.872822,ISR,ECU,902130
9505973,111,67,9747,2018,67976.0,0.0,1.3602530000000002,0.453607,ITA,ECU,902130
9505974,114,67,9747,2018,3963.0,0.0,2.514533,-0.416074,JPN,ECU,902130
9505975,121,67,9747,2018,23539.0,0.0,2.093866,0.764303,KOR,ECU,902130
9505976,138,67,9747,2018,287622.0,0.0,1.00061,0.585759,MEX,ECU,902130
9505977,162,67,9747,2018,626058.0,0.0,1.1478899999999999,1.454758,NLD,ECU,902130
9505978,169,67,9747,2018,19104.0,206651.0,0.104326,-0.11611800000000001,PAN,ECU,902130
9505979,173,67,9747,2018,20270.0,7980.0,-0.6673060000000001,-0.183315,PER,ECU,902130
9505980,185,67,9747,2018,153472.0,0.0,1.050715,1.04471,ROU,ECU,902130
9505981,192,67,9747,2018,286198.0,0.0,1.914132,0.652011,SGP,ECU,902130
9505982,208,67,9747,2018,71232.0,0.0,1.76361,0.766904,SWE,ECU,902130
9505983,224,67,9747,2018,163044.0,0.0,0.518721,2.5581419999999997,TUR,ECU,902130
9505984,229,67,9747,2018,13096.0,0.0,1.766584,-0.034711,UMI,ECU,902130
9505985,231,67,9747,2018,1168766.0,16909.0,1.585861,0.44815900000000003,USA,ECU,902130
9505986,249,67,9747,2018,18596.0,0.0,2.0462540000000002,1.166636,TWN,ECU,902130
9505987,5,71,9747,2018,0.0,355250.0,0.975648,0.525437,AND,ESP,902130
9505988,7,71,9747,2018,0.0,67899.0,0.11804400000000001,-0.326851,ARE,ESP,902130
9505989,8,71,9747,2018,0.0,95553.0,-0.14316800000000002,0.14356,ARG,ESP,902130
9505990,9,71,9747,2018,0.0,2173.0,-0.330516,-0.604744,ARM,ESP,902130
9505991,14,71,9747,2018,0.0,75668.0,-0.29687199999999997,-0.123116,AUS,ESP,902130
9505992,15,71,9747,2018,384896.0,9769.0,1.774488,-0.21117800000000003,AUT,ESP,902130
9505993,18,71,9747,2018,30634838.0,10393655.0,1.270641,1.201063,BEL,ESP,902130
9505994,22,71,9747,2018,0.0,3855.0,-0.899467,-0.9823719999999999,BGD,ESP,902130
9505995,23,71,9747,2018,0.0,11900.0,0.571226,1.836856,BGR,ESP,902130
9505996,25,71,9747,2018,0.0,2936.0,0.532998,-0.394906,BHS,ESP,902130
9505997,26,71,9747,2018,0.0,5798.0,0.526392,0.742398,BIH,ESP,902130
9505998,31,71,9747,2018,0.0,20949.0,-1.153953,-1.070749,BOL,ESP,902130
9505999,32,71,9747,2018,564680.0,117898.0,0.143397,0.582092,BRA,ESP,902130
9506000,39,71,9747,2018,65311.0,6850.0,0.666822,1.218593,CAN,ESP,902130
9506001,41,71,9747,2018,7681646.0,221292.0,2.2324330000000003,0.7801560000000001,CHE,ESP,902130
9506002,42,71,9747,2018,0.0,87324.0,-0.37677,-0.49605299999999997,CHL,ESP,902130
9506003,43,71,9747,2018,67050.0,0.0,1.200689,1.2822,CHN,ESP,902130
9506004,45,71,9747,2018,0.0,2634.0,-1.366619,-1.09894,CMR,ESP,902130
9506005,49,71,9747,2018,0.0,320681.0,0.20431,-0.15273699999999998,COL,ESP,902130
9506006,52,71,9747,2018,6188866.0,46053.0,0.19386,0.05811,CRI,ESP,902130
9506007,54,71,9747,2018,0.0,475019.0,-0.8835629999999999,-1.15678,CUB,ESP,902130
9506008,55,71,9747,2018,3072.0,0.0,0.8093,-0.325347,CUW,ESP,902130
9506009,59,71,9747,2018,107526.0,36365.0,1.841016,0.220806,CZE,ESP,902130
9506010,61,71,9747,2018,18006234.0,2069881.0,2.109059,-2.428826,DEU,ESP,902130
9506011,64,71,9747,2018,113490.0,11044.0,1.0945040000000001,1.3311540000000002,DNK,ESP,902130
9506012,65,71,9747,2018,34388.0,30788.0,-0.084258,0.474872,DOM,ESP,902130
9506013,67,71,9747,2018,0.0,25269.0,-0.873973,-1.032841,ECU,ESP,902130
9506014,68,71,9747,2018,0.0,251647.0,-0.096635,1.585658,EGY,ESP,902130
9506015,72,71,9747,2018,0.0,11249.0,0.979986,1.2365899999999999,EST,ESP,902130
9506016,74,71,9747,2018,0.0,19497.0,1.61151,0.9474549999999999,FIN,ESP,902130
9506017,77,71,9747,2018,12391797.0,247772.0,1.420819,0.7793770000000001,FRA,ESP,902130
9506018,81,71,9747,2018,8098326.0,543543.0,1.693008,0.768159,GBR,ESP,902130
9506019,82,71,9747,2018,0.0,91032.0,-0.049871,-0.28439899999999996,GEO,ESP,902130
9506020,84,71,9747,2018,0.0,84759.0,0.420756,-0.6854140000000001,GIB,ESP,902130
9506021,89,71,9747,2018,0.0,1031.0,-2.017117,-0.975924,GNQ,ESP,902130
9506022,90,71,9747,2018,3849.0,9246.0,0.059539999999999996,1.0321879999999999,GRC,ESP,902130
9506023,93,71,9747,2018,0.0,44760.0,-0.362668,0.520826,GTM,ESP,902130
9506024,97,71,9747,2018,28099.0,14189.0,0.843677,1.656073,HKG,ESP,902130
9506025,99,71,9747,2018,0.0,4293.0,-0.523738,-0.193198,HND,ESP,902130
9506026,100,71,9747,2018,3916.0,0.0,0.7923720000000001,1.4047209999999999,HRV,ESP,902130
9506027,102,71,9747,2018,832029.0,41197.0,1.519662,0.833092,HUN,ESP,902130
9506028,104,71,9747,2018,131584.0,36245.0,0.526015,2.448112,IND,ESP,902130
9506029,106,71,9747,2018,5172347.0,11347.0,1.262419,0.013576,IRL,ESP,902130
9506030,107,71,9747,2018,0.0,90016.0,-0.389954,-0.258156,IRN,ESP,902130
9506031,108,71,9747,2018,0.0,7644.0,-1.7504400000000002,-1.018699,IRQ,ESP,902130
9506032,109,71,9747,2018,0.0,818.0,0.252338,-0.341319,ISL,ESP,902130
9506033,110,71,9747,2018,554216.0,20285.0,1.355071,0.872822,ISR,ESP,902130
9506034,111,71,9747,2018,12519666.0,1348784.0,1.3602530000000002,0.453607,ITA,ESP,902130
9506035,113,71,9747,2018,0.0,5231.0,-0.086895,0.283829,JOR,ESP,902130
9506036,114,71,9747,2018,3339.0,28450.0,2.514533,-0.416074,JPN,ESP,902130
9506037,115,71,9747,2018,0.0,156442.0,-0.483862,-0.667417,KAZ,ESP,902130
9506038,116,71,9747,2018,0.0,6342.0,-0.32707800000000004,0.71009,KEN,ESP,902130
9506039,121,71,9747,2018,269982.0,3501.0,2.093866,0.764303,KOR,ESP,902130
9506040,122,71,9747,2018,0.0,10082.0,-0.668802,-1.154012,KWT,ESP,902130
9506041,124,71,9747,2018,0.0,41994.0,0.270554,0.9995149999999999,LBN,ESP,902130
9506042,130,71,9747,2018,0.0,205578.0,0.964249,1.4050200000000002,LTU,ESP,902130
9506043,131,71,9747,2018,0.0,1454.0,1.1142889999999999,1.306066,LUX,ESP,902130
9506044,134,71,9747,2018,0.0,2599.0,-0.712775,-0.090013,MAR,ESP,902130
9506045,138,71,9747,2018,3199894.0,322595.0,1.00061,0.585759,MEX,ESP,902130
9506046,140,71,9747,2018,0.0,1468.0,0.079976,-0.20256,MKD,ESP,902130
9506047,142,71,9747,2018,0.0,3875.0,0.9621219999999999,0.257289,MLT,ESP,902130
9506048,147,71,9747,2018,0.0,2972.0,-1.380023,-1.027817,MOZ,ESP,902130
9506049,151,71,9747,2018,0.0,1004.0,-0.128221,0.15049400000000002,MUS,ESP,902130
9506050,153,71,9747,2018,1106057.0,24449.0,1.122976,0.734109,MYS,ESP,902130
9506051,156,71,9747,2018,0.0,3240.0,-0.49370299999999995,-0.865432,NCL,ESP,902130
9506052,160,71,9747,2018,0.0,1920.0,-0.887282,-0.827008,NIC,ESP,902130
9506053,162,71,9747,2018,66596588.0,19036352.0,1.1478899999999999,1.454758,NLD,ESP,902130
9506054,163,71,9747,2018,2303.0,4669.0,0.681639,0.021762,NOR,ESP,902130
9506055,166,71,9747,2018,1550.0,1937.0,0.21902600000000003,0.148714,NZL,ESP,902130
9506056,168,71,9747,2018,0.0,136405.0,-0.64348,0.665045,PAK,ESP,902130
9506057,169,71,9747,2018,0.0,110952.0,0.104326,-0.11611800000000001,PAN,ESP,902130
9506058,173,71,9747,2018,0.0,12219.0,-0.6673060000000001,-0.183315,PER,ESP,902130
9506059,177,71,9747,2018,85278.0,32172.0,1.132475,1.258945,POL,ESP,902130
9506060,179,71,9747,2018,1396033.0,5900312.0,0.652628,2.211758,PRT,ESP,902130
9506061,180,71,9747,2018,0.0,2163.0,-0.614751,-0.952478,PRY,ESP,902130
9506062,181,71,9747,2018,0.0,1402.0,0.096402,0.735946,PSE,ESP,902130
9506063,185,71,9747,2018,0.0,7568.0,1.050715,1.04471,ROU,ESP,902130
9506064,186,71,9747,2018,27981.0,17185.0,0.21398000000000003,0.100414,RUS,ESP,902130
9506065,188,71,9747,2018,0.0,55845.0,0.5801810000000001,-0.447514,SAU,ESP,902130
9506066,191,71,9747,2018,0.0,1690.0,-0.751378,-0.390573,SEN,ESP,902130
9506067,192,71,9747,2018,388382.0,1553.0,1.914132,0.652011,SGP,ESP,902130
9506068,197,71,9747,2018,0.0,13783.0,0.073928,0.22548600000000002,SLV,ESP,902130
9506069,198,71,9747,2018,15881.0,0.0,1.1064260000000001,0.566218,SMR,ESP,902130
9506070,201,71,9747,2018,0.0,2437.0,0.607486,1.2139389999999999,SRB,ESP,902130
9506071,206,71,9747,2018,0.0,16171.0,1.3270979999999999,0.877684,SVK,ESP,902130
9506072,207,71,9747,2018,0.0,7563.0,1.67428,0.7703800000000001,SVN,ESP,902130
9506073,208,71,9747,2018,4859938.0,1492.0,1.76361,0.766904,SWE,ESP,902130
9506074,216,71,9747,2018,0.0,37320.0,1.053177,1.4084969999999999,THA,ESP,902130
9506075,217,71,9747,2018,0.0,4533.0,-0.757793,-1.0641209999999999,TJK,ESP,902130
9506076,223,71,9747,2018,0.0,59030.0,0.259778,1.187194,TUN,ESP,902130
9506077,224,71,9747,2018,400190.0,59667.0,0.518721,2.5581419999999997,TUR,ESP,902130
9506078,228,71,9747,2018,0.0,197408.0,0.337296,0.758675,UKR,ESP,902130
9506079,230,71,9747,2018,0.0,9468.0,-0.02056,-0.38911,URY,ESP,902130
9506080,231,71,9747,2018,27559142.0,6956038.0,1.585861,0.44815900000000003,USA,ESP,902130
9506081,239,71,9747,2018,3846.0,64926.0,0.003069,0.9169729999999999,VNM,ESP,902130
9506082,246,71,9747,2018,422477.0,49517.0,0.158722,1.394829,ZAF,ESP,902130
9506083,249,71,9747,2018,51867.0,98599.0,2.0462540000000002,1.166636,TWN,ESP,902130
9506084,250,71,9747,2018,36067.0,0.0,0.809991,-0.368737,ANS,ESP,902130
9506085,14,74,9747,2018,9469.0,0.0,-0.29687199999999997,-0.123116,AUS,FIN,902130
9506086,15,74,9747,2018,262273.0,3674.0,1.774488,-0.21117800000000003,AUT,FIN,902130
9506087,18,74,9747,2018,1256254.0,28806.0,1.270641,1.201063,BEL,FIN,902130
9506088,32,74,9747,2018,18939.0,0.0,0.143397,0.582092,BRA,FIN,902130
9506089,39,74,9747,2018,14033.0,0.0,0.666822,1.218593,CAN,FIN,902130
9506090,41,74,9747,2018,191632.0,34074.0,2.2324330000000003,0.7801560000000001,CHE,FIN,902130
9506091,42,74,9747,2018,0.0,1098057.0,-0.37677,-0.49605299999999997,CHL,FIN,902130
9506092,43,74,9747,2018,7740.0,0.0,1.200689,1.2822,CHN,FIN,902130
9506093,52,74,9747,2018,709733.0,0.0,0.19386,0.05811,CRI,FIN,902130
9506094,61,74,9747,2018,2313679.0,73371.0,2.109059,-2.428826,DEU,FIN,902130
9506095,64,74,9747,2018,1513132.0,5531.0,1.0945040000000001,1.3311540000000002,DNK,FIN,902130
9506096,71,74,9747,2018,19497.0,0.0,0.744825,2.919005,ESP,FIN,902130
9506097,72,74,9747,2018,3131.0,0.0,0.979986,1.2365899999999999,EST,FIN,902130
9506098,77,74,9747,2018,708655.0,1084.0,1.420819,0.7793770000000001,FRA,FIN,902130
9506099,81,74,9747,2018,247630.0,0.0,1.693008,0.768159,GBR,FIN,902130
9506100,104,74,9747,2018,3668.0,0.0,0.526015,2.448112,IND,FIN,902130
9506101,106,74,9747,2018,256864.0,10571.0,1.262419,0.013576,IRL,FIN,902130
9506102,109,74,9747,2018,387057.0,0.0,0.252338,-0.341319,ISL,FIN,902130
9506103,110,74,9747,2018,14781.0,0.0,1.355071,0.872822,ISR,FIN,902130
9506104,111,74,9747,2018,124346.0,0.0,1.3602530000000002,0.453607,ITA,FIN,902130
9506105,114,74,9747,2018,8829.0,7482.0,2.514533,-0.416074,JPN,FIN,902130
9506106,115,74,9747,2018,0.0,1314.0,-0.483862,-0.667417,KAZ,FIN,902130
9506107,130,74,9747,2018,1486.0,0.0,0.964249,1.4050200000000002,LTU,FIN,902130
9506108,132,74,9747,2018,85084.0,26236.0,0.707168,1.294297,LVA,FIN,902130
9506109,135,74,9747,2018,33507.0,0.0,-0.358412,-0.271334,MDA,FIN,902130
9506110,138,74,9747,2018,369200.0,0.0,1.00061,0.585759,MEX,FIN,902130
9506111,153,74,9747,2018,0.0,17502.0,1.122976,0.734109,MYS,FIN,902130
9506112,162,74,9747,2018,10299068.0,36227.0,1.1478899999999999,1.454758,NLD,FIN,902130
9506113,163,74,9747,2018,14839.0,59097.0,0.681639,0.021762,NOR,FIN,902130
9506114,177,74,9747,2018,38513.0,0.0,1.132475,1.258945,POL,FIN,902130
9506115,179,74,9747,2018,2190.0,0.0,0.652628,2.211758,PRT,FIN,902130
9506116,186,74,9747,2018,2792.0,1079.0,0.21398000000000003,0.100414,RUS,FIN,902130
9506117,192,74,9747,2018,1480.0,0.0,1.914132,0.652011,SGP,FIN,902130
9506118,206,74,9747,2018,2702.0,0.0,1.3270979999999999,0.877684,SVK,FIN,902130
9506119,207,74,9747,2018,1452.0,0.0,1.67428,0.7703800000000001,SVN,FIN,902130
9506120,208,74,9747,2018,677124.0,76136.0,1.76361,0.766904,SWE,FIN,902130
9506121,231,74,9747,2018,543646.0,5812.0,1.585861,0.44815900000000003,USA,FIN,902130
9506122,239,74,9747,2018,0.0,1938.0,0.003069,0.9169729999999999,VNM,FIN,902130
9506123,246,74,9747,2018,3265.0,0.0,0.158722,1.394829,ZAF,FIN,902130
9506124,249,74,9747,2018,0.0,10412.0,2.0462540000000002,1.166636,TWN,FIN,902130
9506125,1,77,9747,2018,0.0,65663.0,-1.267508,-0.8494940000000001,AFG,FRA,902130
9506126,4,77,9747,2018,0.0,2423.0,-0.456481,-0.139655,ALB,FRA,902130
9506127,5,77,9747,2018,0.0,8587.0,0.975648,0.525437,AND,FRA,902130
9506128,7,77,9747,2018,0.0,745242.0,0.11804400000000001,-0.326851,ARE,FRA,902130
9506129,8,77,9747,2018,0.0,2513453.0,-0.14316800000000002,0.14356,ARG,FRA,902130
9506130,9,77,9747,2018,0.0,2057.0,-0.330516,-0.604744,ARM,FRA,902130
9506131,14,77,9747,2018,58423.0,2812059.0,-0.29687199999999997,-0.123116,AUS,FRA,902130
9506132,15,77,9747,2018,252285.0,2692078.0,1.774488,-0.21117800000000003,AUT,FRA,902130
9506133,16,77,9747,2018,0.0,122532.0,-1.144089,-1.224327,AZE,FRA,902130
9506134,18,77,9747,2018,27048428.0,22615186.0,1.270641,1.201063,BEL,FRA,902130
9506135,21,77,9747,2018,0.0,4467.0,-0.8835200000000001,-0.9790620000000001,BFA,FRA,902130
9506136,23,77,9747,2018,0.0,475868.0,0.571226,1.836856,BGR,FRA,902130
9506137,24,77,9747,2018,0.0,4122.0,0.318352,-0.69221,BHR,FRA,902130
9506138,26,77,9747,2018,0.0,8581.0,0.526392,0.742398,BIH,FRA,902130
9506139,28,77,9747,2018,0.0,219941.0,0.850089,0.8332870000000001,BLR,FRA,902130
9506140,31,77,9747,2018,0.0,78012.0,-1.153953,-1.070749,BOL,FRA,902130
9506141,32,77,9747,2018,210890.0,9423975.0,0.143397,0.582092,BRA,FRA,902130
9506142,33,77,9747,2018,21498.0,0.0,0.487166,-0.129388,BRB,FRA,902130
9506143,39,77,9747,2018,29327.0,14498697.0,0.666822,1.218593,CAN,FRA,902130
9506144,41,77,9747,2018,37557652.0,25928398.0,2.2324330000000003,0.7801560000000001,CHE,FRA,902130
9506145,42,77,9747,2018,42130.0,464115.0,-0.37677,-0.49605299999999997,CHL,FRA,902130
9506146,43,77,9747,2018,28413.0,9745264.0,1.200689,1.2822,CHN,FRA,902130
9506147,44,77,9747,2018,0.0,2653.0,-0.8733569999999999,-0.8443139999999999,CIV,FRA,902130
9506148,47,77,9747,2018,0.0,1154.0,-1.52875,-1.1869100000000001,COG,FRA,902130
9506149,49,77,9747,2018,0.0,2403918.0,0.20431,-0.15273699999999998,COL,FRA,902130
9506150,52,77,9747,2018,30949220.0,40502.0,0.19386,0.05811,CRI,FRA,902130
9506151,55,77,9747,2018,0.0,6214.0,0.8093,-0.325347,CUW,FRA,902130
9506152,58,77,9747,2018,0.0,407461.0,0.45442,-0.113303,CYP,FRA,902130
9506153,59,77,9747,2018,95458.0,2022024.0,1.841016,0.220806,CZE,FRA,902130
9506154,61,77,9747,2018,58095704.0,40394836.0,2.109059,-2.428826,DEU,FRA,902130
9506155,64,77,9747,2018,99835.0,1232130.0,1.0945040000000001,1.3311540000000002,DNK,FRA,902130
9506156,65,77,9747,2018,0.0,33895.0,-0.084258,0.474872,DOM,FRA,902130
9506157,66,77,9747,2018,0.0,987054.0,-1.281519,-1.22291,DZA,FRA,902130
9506158,67,77,9747,2018,6611.0,233651.0,-0.873973,-1.032841,ECU,FRA,902130
9506159,68,77,9747,2018,0.0,2151756.0,-0.096635,1.585658,EGY,FRA,902130
9506160,71,77,9747,2018,247772.0,12391797.0,0.744825,2.919005,ESP,FRA,902130
9506161,72,77,9747,2018,0.0,42499.0,0.979986,1.2365899999999999,EST,FRA,902130
9506162,74,77,9747,2018,1084.0,708655.0,1.61151,0.9474549999999999,FIN,FRA,902130
9506163,80,77,9747,2018,0.0,5563.0,-1.4979200000000001,-1.180407,GAB,FRA,902130
9506164,81,77,9747,2018,13492901.0,8925518.0,1.693008,0.768159,GBR,FRA,902130
9506165,82,77,9747,2018,0.0,257269.0,-0.049871,-0.28439899999999996,GEO,FRA,902130
9506166,84,77,9747,2018,0.0,2704.0,0.420756,-0.6854140000000001,GIB,FRA,902130
9506167,90,77,9747,2018,0.0,1810372.0,0.059539999999999996,1.0321879999999999,GRC,FRA,902130
9506168,93,77,9747,2018,0.0,22573.0,-0.362668,0.520826,GTM,FRA,902130
9506169,97,77,9747,2018,255885.0,1684467.0,0.843677,1.656073,HKG,FRA,902130
9506170,100,77,9747,2018,0.0,105572.0,0.7923720000000001,1.4047209999999999,HRV,FRA,902130
9506171,102,77,9747,2018,1118891.0,423331.0,1.519662,0.833092,HUN,FRA,902130
9506172,103,77,9747,2018,0.0,45217.0,-0.10130499999999999,1.2414209999999999,IDN,FRA,902130
9506173,104,77,9747,2018,293147.0,380139.0,0.526015,2.448112,IND,FRA,902130
9506174,106,77,9747,2018,450401.0,8907989.0,1.262419,0.013576,IRL,FRA,902130
9506175,107,77,9747,2018,0.0,6060720.0,-0.389954,-0.258156,IRN,FRA,902130
9506176,108,77,9747,2018,0.0,606500.0,-1.7504400000000002,-1.018699,IRQ,FRA,902130
9506177,109,77,9747,2018,0.0,2430.0,0.252338,-0.341319,ISL,FRA,902130
9506178,110,77,9747,2018,11751.0,1759503.0,1.355071,0.872822,ISR,FRA,902130
9506179,111,77,9747,2018,5379736.0,13822450.0,1.3602530000000002,0.453607,ITA,FRA,902130
9506180,113,77,9747,2018,0.0,333455.0,-0.086895,0.283829,JOR,FRA,902130
9506181,114,77,9747,2018,1687267.0,3465002.0,2.514533,-0.416074,JPN,FRA,902130
9506182,115,77,9747,2018,10741.0,161631.0,-0.483862,-0.667417,KAZ,FRA,902130
9506183,116,77,9747,2018,0.0,1222.0,-0.32707800000000004,0.71009,KEN,FRA,902130
9506184,117,77,9747,2018,0.0,18831.0,-0.141491,0.33161,KGZ,FRA,902130
9506185,121,77,9747,2018,5113.0,3862546.0,2.093866,0.764303,KOR,FRA,902130
9506186,122,77,9747,2018,0.0,466081.0,-0.668802,-1.154012,KWT,FRA,902130
9506187,124,77,9747,2018,0.0,516477.0,0.270554,0.9995149999999999,LBN,FRA,902130
9506188,126,77,9747,2018,0.0,31135.0,-1.608786,-1.231101,LBY,FRA,902130
9506189,130,77,9747,2018,0.0,120189.0,0.964249,1.4050200000000002,LTU,FRA,902130
9506190,131,77,9747,2018,809801.0,112915.0,1.1142889999999999,1.306066,LUX,FRA,902130
9506191,132,77,9747,2018,0.0,1004685.0,0.707168,1.294297,LVA,FRA,902130
9506192,133,77,9747,2018,0.0,21640.0,0.44520299999999996,0.042491,MAC,FRA,902130
9506193,134,77,9747,2018,165129.0,733027.0,-0.712775,-0.090013,MAR,FRA,902130
9506194,135,77,9747,2018,4775.0,4756.0,-0.358412,-0.271334,MDA,FRA,902130
9506195,136,77,9747,2018,0.0,6735.0,-1.2144549999999998,-0.748326,MDG,FRA,902130
9506196,138,77,9747,2018,13111622.0,2285821.0,1.00061,0.585759,MEX,FRA,902130
9506197,140,77,9747,2018,0.0,25741.0,0.079976,-0.20256,MKD,FRA,902130
9506198,141,77,9747,2018,0.0,6435.0,-0.49666499999999997,-0.7189909999999999,MLI,FRA,902130
9506199,142,77,9747,2018,33063.0,129460.0,0.9621219999999999,0.257289,MLT,FRA,902130
9506200,144,77,9747,2018,0.0,20550.0,0.332495,0.124258,MNE,FRA,902130
9506201,145,77,9747,2018,0.0,29597.0,-0.934398,-1.125105,MNG,FRA,902130
9506202,147,77,9747,2018,0.0,6341.0,-1.380023,-1.027817,MOZ,FRA,902130
9506203,148,77,9747,2018,0.0,7128.0,-1.511361,-1.296003,MRT,FRA,902130
9506204,151,77,9747,2018,1292134.0,23765.0,-0.128221,0.15049400000000002,MUS,FRA,902130
9506205,153,77,9747,2018,5836941.0,351863.0,1.122976,0.734109,MYS,FRA,902130
9506206,155,77,9747,2018,0.0,3189.0,-0.668091,-0.779938,NAM,FRA,902130
9506207,156,77,9747,2018,0.0,683416.0,-0.49370299999999995,-0.865432,NCL,FRA,902130
9506208,159,77,9747,2018,0.0,4473.0,-1.8238,-1.259938,NGA,FRA,902130
9506209,162,77,9747,2018,179646192.0,147760688.0,1.1478899999999999,1.454758,NLD,FRA,902130
9506210,163,77,9747,2018,32769.0,315328.0,0.681639,0.021762,NOR,FRA,902130
9506211,166,77,9747,2018,0.0,493637.0,0.21902600000000003,0.148714,NZL,FRA,902130
9506212,167,77,9747,2018,0.0,56807.0,-0.548048,-0.9972989999999999,OMN,FRA,902130
9506213,168,77,9747,2018,0.0,159480.0,-0.64348,0.665045,PAK,FRA,902130
9506214,169,77,9747,2018,0.0,349842.0,0.104326,-0.11611800000000001,PAN,FRA,902130
9506215,173,77,9747,2018,101478.0,1370667.0,-0.6673060000000001,-0.183315,PER,FRA,902130
9506216,174,77,9747,2018,0.0,200925.0,0.781409,0.22126700000000002,PHL,FRA,902130
9506217,177,77,9747,2018,3304.0,1932400.0,1.132475,1.258945,POL,FRA,902130
9506218,179,77,9747,2018,719959.0,2314640.0,0.652628,2.211758,PRT,FRA,902130
9506219,180,77,9747,2018,0.0,594409.0,-0.614751,-0.952478,PRY,FRA,902130
9506220,181,77,9747,2018,0.0,2933.0,0.096402,0.735946,PSE,FRA,902130
9506221,182,77,9747,2018,1241.0,490165.0,0.21430300000000002,-0.484076,PYF,FRA,902130
9506222,183,77,9747,2018,0.0,55694.0,-0.068401,-1.014732,QAT,FRA,902130
9506223,185,77,9747,2018,29425.0,2364178.0,1.050715,1.04471,ROU,FRA,902130
9506224,186,77,9747,2018,1238.0,5756198.0,0.21398000000000003,0.100414,RUS,FRA,902130
9506225,187,77,9747,2018,0.0,1646.0,-0.618925,-0.788172,RWA,FRA,902130
9506226,188,77,9747,2018,2811.0,554613.0,0.5801810000000001,-0.447514,SAU,FRA,902130
9506227,190,77,9747,2018,0.0,27500.0,-1.278532,-1.176008,SDN,FRA,902130
9506228,191,77,9747,2018,0.0,11340.0,-0.751378,-0.390573,SEN,FRA,902130
9506229,192,77,9747,2018,385693.0,163927.0,1.914132,0.652011,SGP,FRA,902130
9506230,197,77,9747,2018,0.0,7132.0,0.073928,0.22548600000000002,SLV,FRA,902130
9506231,198,77,9747,2018,0.0,9701.0,1.1064260000000001,0.566218,SMR,FRA,902130
9506232,200,77,9747,2018,81974.0,18718.0,0.750329,-0.6562,SPM,FRA,902130
9506233,201,77,9747,2018,1060.0,122673.0,0.607486,1.2139389999999999,SRB,FRA,902130
9506234,205,77,9747,2018,0.0,14528.0,-0.798074,-1.023046,SUR,FRA,902130
9506235,206,77,9747,2018,0.0,1170383.0,1.3270979999999999,0.877684,SVK,FRA,902130
9506236,207,77,9747,2018,0.0,607921.0,1.67428,0.7703800000000001,SVN,FRA,902130
9506237,208,77,9747,2018,42903.0,2328488.0,1.76361,0.766904,SWE,FRA,902130
9506238,210,77,9747,2018,0.0,30790.0,1.115443,-0.661118,SXM,FRA,902130
9506239,212,77,9747,2018,0.0,138046.0,-0.6836760000000001,0.554563,SYR,FRA,902130
9506240,214,77,9747,2018,0.0,1548.0,-1.845707,-1.032018,TCD,FRA,902130
9506241,215,77,9747,2018,0.0,7316.0,-0.685084,-0.773437,TGO,FRA,902130
9506242,216,77,9747,2018,52183.0,525693.0,1.053177,1.4084969999999999,THA,FRA,902130
9506243,222,77,9747,2018,0.0,1915.0,-0.281617,-1.009652,TTO,FRA,902130
9506244,223,77,9747,2018,750460.0,1583922.0,0.259778,1.187194,TUN,FRA,902130
9506245,224,77,9747,2018,222593.0,5010844.0,0.518721,2.5581419999999997,TUR,FRA,902130
9506246,228,77,9747,2018,0.0,845264.0,0.337296,0.758675,UKR,FRA,902130
9506247,230,77,9747,2018,0.0,63311.0,-0.02056,-0.38911,URY,FRA,902130
9506248,231,77,9747,2018,43388992.0,30424334.0,1.585861,0.44815900000000003,USA,FRA,902130
9506249,236,77,9747,2018,17063.0,385856.0,-1.081138,-1.198717,VEN,FRA,902130
9506250,239,77,9747,2018,0.0,720250.0,0.003069,0.9169729999999999,VNM,FRA,902130
9506251,243,77,9747,2018,0.0,34084.0,-1.3332899999999999,-1.200589,YEM,FRA,902130
9506252,246,77,9747,2018,102401.0,2568698.0,0.158722,1.394829,ZAF,FRA,902130
9506253,249,77,9747,2018,35225.0,599358.0,2.0462540000000002,1.166636,TWN,FRA,902130
9506254,250,77,9747,2018,2577576.0,0.0,0.809991,-0.368737,ANS,FRA,902130
9506255,2,81,9747,2018,531.0,0.0,-1.489191,-1.213992,AGO,GBR,902130
9506256,7,81,9747,2018,102938.0,900140.0,0.11804400000000001,-0.326851,ARE,GBR,902130
9506257,8,81,9747,2018,0.0,2739032.0,-0.14316800000000002,0.14356,ARG,GBR,902130
9506258,9,81,9747,2018,0.0,924.0,-0.330516,-0.604744,ARM,GBR,902130
9506259,14,81,9747,2018,108812.0,3611749.0,-0.29687199999999997,-0.123116,AUS,GBR,902130
9506260,15,81,9747,2018,260668.0,1273344.0,1.774488,-0.21117800000000003,AUT,GBR,902130
9506261,16,81,9747,2018,0.0,14642.0,-1.144089,-1.224327,AZE,GBR,902130
9506262,18,81,9747,2018,31824912.0,4719482.0,1.270641,1.201063,BEL,GBR,902130
9506263,21,81,9747,2018,0.0,623.0,-0.8835200000000001,-0.9790620000000001,BFA,GBR,902130
9506264,22,81,9747,2018,0.0,206639.0,-0.899467,-0.9823719999999999,BGD,GBR,902130
9506265,23,81,9747,2018,0.0,106708.0,0.571226,1.836856,BGR,GBR,902130
9506266,24,81,9747,2018,0.0,3904.0,0.318352,-0.69221,BHR,GBR,902130
9506267,26,81,9747,2018,0.0,1059.0,0.526392,0.742398,BIH,GBR,902130
9506268,28,81,9747,2018,0.0,4185202.0,0.850089,0.8332870000000001,BLR,GBR,902130
9506269,31,81,9747,2018,0.0,6864.0,-1.153953,-1.070749,BOL,GBR,902130
9506270,32,81,9747,2018,263646.0,2112096.0,0.143397,0.582092,BRA,GBR,902130
9506271,33,81,9747,2018,120205.0,43257.0,0.487166,-0.129388,BRB,GBR,902130
9506272,39,81,9747,2018,260250.0,2903284.0,0.666822,1.218593,CAN,GBR,902130
9506273,41,81,9747,2018,644049.0,998025.0,2.2324330000000003,0.7801560000000001,CHE,GBR,902130
9506274,42,81,9747,2018,30943.0,794996.0,-0.37677,-0.49605299999999997,CHL,GBR,902130
9506275,43,81,9747,2018,346296.0,5170799.0,1.200689,1.2822,CHN,GBR,902130
9506276,49,81,9747,2018,0.0,1607154.0,0.20431,-0.15273699999999998,COL,GBR,902130
9506277,52,81,9747,2018,0.0,50136.0,0.19386,0.05811,CRI,GBR,902130
9506278,57,81,9747,2018,0.0,5327.0,-0.194933,-0.930874,CYM,GBR,902130
9506279,58,81,9747,2018,0.0,69252.0,0.45442,-0.113303,CYP,GBR,902130
9506280,59,81,9747,2018,323972.0,2012678.0,1.841016,0.220806,CZE,GBR,902130
9506281,61,81,9747,2018,19941218.0,28956632.0,2.109059,-2.428826,DEU,GBR,902130
9506282,64,81,9747,2018,2134562.0,616171.0,1.0945040000000001,1.3311540000000002,DNK,GBR,902130
9506283,65,81,9747,2018,0.0,48019.0,-0.084258,0.474872,DOM,GBR,902130
9506284,67,81,9747,2018,0.0,160572.0,-0.873973,-1.032841,ECU,GBR,902130
9506285,68,81,9747,2018,1527.0,156592.0,-0.096635,1.585658,EGY,GBR,902130
9506286,71,81,9747,2018,543543.0,8098326.0,0.744825,2.919005,ESP,GBR,902130
9506287,72,81,9747,2018,0.0,371920.0,0.979986,1.2365899999999999,EST,GBR,902130
9506288,73,81,9747,2018,0.0,222760.0,-0.874857,-0.464958,ETH,GBR,902130
9506289,74,81,9747,2018,0.0,247630.0,1.61151,0.9474549999999999,FIN,GBR,902130
9506290,77,81,9747,2018,8925518.0,13492901.0,1.420819,0.7793770000000001,FRA,GBR,902130
9506291,82,81,9747,2018,0.0,5741.0,-0.049871,-0.28439899999999996,GEO,GBR,902130
9506292,83,81,9747,2018,0.0,2600.0,-0.956109,-0.861556,GHA,GBR,902130
9506293,84,81,9747,2018,0.0,1334.0,0.420756,-0.6854140000000001,GIB,GBR,902130
9506294,90,81,9747,2018,21096.0,2186174.0,0.059539999999999996,1.0321879999999999,GRC,GBR,902130
9506295,93,81,9747,2018,0.0,38607.0,-0.362668,0.520826,GTM,GBR,902130
9506296,97,81,9747,2018,118938.0,456392.0,0.843677,1.656073,HKG,GBR,902130
9506297,99,81,9747,2018,0.0,10140.0,-0.523738,-0.193198,HND,GBR,902130
9506298,100,81,9747,2018,0.0,9652.0,0.7923720000000001,1.4047209999999999,HRV,GBR,902130
9506299,102,81,9747,2018,32340.0,1056047.0,1.519662,0.833092,HUN,GBR,902130
9506300,103,81,9747,2018,0.0,673848.0,-0.10130499999999999,1.2414209999999999,IDN,GBR,902130
9506301,104,81,9747,2018,2040259.0,3826912.0,0.526015,2.448112,IND,GBR,902130
9506302,106,81,9747,2018,3368950.0,7315908.0,1.262419,0.013576,IRL,GBR,902130
9506303,107,81,9747,2018,0.0,247447.0,-0.389954,-0.258156,IRN,GBR,902130
9506304,108,81,9747,2018,0.0,2919930.0,-1.7504400000000002,-1.018699,IRQ,GBR,902130
9506305,109,81,9747,2018,2355.0,7544.0,0.252338,-0.341319,ISL,GBR,902130
9506306,110,81,9747,2018,162809.0,402792.0,1.355071,0.872822,ISR,GBR,902130
9506307,111,81,9747,2018,4000429.0,15009755.0,1.3602530000000002,0.453607,ITA,GBR,902130
9506308,112,81,9747,2018,0.0,1846.0,-0.339328,-0.8756659999999999,JAM,GBR,902130
9506309,113,81,9747,2018,0.0,267843.0,-0.086895,0.283829,JOR,GBR,902130
9506310,114,81,9747,2018,55951.0,12030259.0,2.514533,-0.416074,JPN,GBR,902130
9506311,115,81,9747,2018,0.0,42995.0,-0.483862,-0.667417,KAZ,GBR,902130
9506312,116,81,9747,2018,0.0,58437.0,-0.32707800000000004,0.71009,KEN,GBR,902130
9506313,121,81,9747,2018,439450.0,922404.0,2.093866,0.764303,KOR,GBR,902130
9506314,122,81,9747,2018,0.0,317632.0,-0.668802,-1.154012,KWT,GBR,902130
9506315,124,81,9747,2018,0.0,769730.0,0.270554,0.9995149999999999,LBN,GBR,902130
9506316,126,81,9747,2018,0.0,1850.0,-1.608786,-1.231101,LBY,GBR,902130
9506317,128,81,9747,2018,0.0,156551.0,-0.544504,0.41074099999999997,LKA,GBR,902130
9506318,130,81,9747,2018,196366.0,816101.0,0.964249,1.4050200000000002,LTU,GBR,902130
9506319,131,81,9747,2018,0.0,8754.0,1.1142889999999999,1.306066,LUX,GBR,902130
9506320,132,81,9747,2018,0.0,211161.0,0.707168,1.294297,LVA,GBR,902130
9506321,133,81,9747,2018,0.0,20088.0,0.44520299999999996,0.042491,MAC,GBR,902130
9506322,134,81,9747,2018,0.0,28757.0,-0.712775,-0.090013,MAR,GBR,902130
9506323,135,81,9747,2018,0.0,14900.0,-0.358412,-0.271334,MDA,GBR,902130
9506324,138,81,9747,2018,3289.0,1772833.0,1.00061,0.585759,MEX,GBR,902130
9506325,140,81,9747,2018,0.0,7138.0,0.079976,-0.20256,MKD,GBR,902130
9506326,142,81,9747,2018,0.0,197580.0,0.9621219999999999,0.257289,MLT,GBR,902130
9506327,144,81,9747,2018,0.0,1092.0,0.332495,0.124258,MNE,GBR,902130
9506328,151,81,9747,2018,4626.0,40209.0,-0.128221,0.15049400000000002,MUS,GBR,902130
9506329,153,81,9747,2018,1332.0,264276.0,1.122976,0.734109,MYS,GBR,902130
9506330,155,81,9747,2018,0.0,1785.0,-0.668091,-0.779938,NAM,GBR,902130
9506331,159,81,9747,2018,0.0,3375.0,-1.8238,-1.259938,NGA,GBR,902130
9506332,160,81,9747,2018,0.0,3052.0,-0.887282,-0.827008,NIC,GBR,902130
9506333,162,81,9747,2018,131830008.0,35397752.0,1.1478899999999999,1.454758,NLD,GBR,902130
9506334,163,81,9747,2018,11218.0,1331697.0,0.681639,0.021762,NOR,GBR,902130
9506335,164,81,9747,2018,0.0,14800.0,-0.252837,0.999258,NPL,GBR,902130
9506336,166,81,9747,2018,10683.0,470504.0,0.21902600000000003,0.148714,NZL,GBR,902130
9506337,167,81,9747,2018,0.0,146293.0,-0.548048,-0.9972989999999999,OMN,GBR,902130
9506338,168,81,9747,2018,17604.0,980117.0,-0.64348,0.665045,PAK,GBR,902130
9506339,169,81,9747,2018,0.0,117781.0,0.104326,-0.11611800000000001,PAN,GBR,902130
9506340,173,81,9747,2018,0.0,66323.0,-0.6673060000000001,-0.183315,PER,GBR,902130
9506341,174,81,9747,2018,0.0,24537.0,0.781409,0.22126700000000002,PHL,GBR,902130
9506342,177,81,9747,2018,29377.0,3194294.0,1.132475,1.258945,POL,GBR,902130
9506343,179,81,9747,2018,288833.0,668441.0,0.652628,2.211758,PRT,GBR,902130
9506344,180,81,9747,2018,0.0,4928.0,-0.614751,-0.952478,PRY,GBR,902130
9506345,181,81,9747,2018,0.0,7864.0,0.096402,0.735946,PSE,GBR,902130
9506346,182,81,9747,2018,0.0,791.0,0.21430300000000002,-0.484076,PYF,GBR,902130
9506347,183,81,9747,2018,0.0,52720.0,-0.068401,-1.014732,QAT,GBR,902130
9506348,185,81,9747,2018,17576.0,283538.0,1.050715,1.04471,ROU,GBR,902130
9506349,186,81,9747,2018,109519.0,4559068.0,0.21398000000000003,0.100414,RUS,GBR,902130
9506350,188,81,9747,2018,0.0,899385.0,0.5801810000000001,-0.447514,SAU,GBR,902130
9506351,191,81,9747,2018,0.0,6359.0,-0.751378,-0.390573,SEN,GBR,902130
9506352,192,81,9747,2018,2435.0,309742.0,1.914132,0.652011,SGP,GBR,902130
9506353,197,81,9747,2018,0.0,2662.0,0.073928,0.22548600000000002,SLV,GBR,902130
9506354,201,81,9747,2018,0.0,65739.0,0.607486,1.2139389999999999,SRB,GBR,902130
9506355,206,81,9747,2018,0.0,430282.0,1.3270979999999999,0.877684,SVK,GBR,902130
9506356,207,81,9747,2018,12146.0,247281.0,1.67428,0.7703800000000001,SVN,GBR,902130
9506357,208,81,9747,2018,5355064.0,1496098.0,1.76361,0.766904,SWE,GBR,902130
9506358,209,81,9747,2018,0.0,887.0,-0.008154999999999999,-0.6079319999999999,SWZ,GBR,902130
9506359,216,81,9747,2018,0.0,2290266.0,1.053177,1.4084969999999999,THA,GBR,902130
9506360,222,81,9747,2018,0.0,4764.0,-0.281617,-1.009652,TTO,GBR,902130
9506361,223,81,9747,2018,0.0,177822.0,0.259778,1.187194,TUN,GBR,902130
9506362,224,81,9747,2018,220105.0,1921002.0,0.518721,2.5581419999999997,TUR,GBR,902130
9506363,227,81,9747,2018,0.0,7435.0,-0.621049,-0.061448,UGA,GBR,902130
9506364,228,81,9747,2018,26270.0,31257.0,0.337296,0.758675,UKR,GBR,902130
9506365,230,81,9747,2018,0.0,71635.0,-0.02056,-0.38911,URY,GBR,902130
9506366,231,81,9747,2018,13872448.0,69798960.0,1.585861,0.44815900000000003,USA,GBR,902130
9506367,239,81,9747,2018,0.0,956609.0,0.003069,0.9169729999999999,VNM,GBR,902130
9506368,246,81,9747,2018,15142.0,737498.0,0.158722,1.394829,ZAF,GBR,902130
9506369,247,81,9747,2018,0.0,16353.0,-0.736064,-0.93958,ZMB,GBR,902130
9506370,249,81,9747,2018,368298.0,1686066.0,2.0462540000000002,1.166636,TWN,GBR,902130
9506371,4,90,9747,2018,6258.0,2839.0,-0.456481,-0.139655,ALB,GRC,902130
9506372,9,90,9747,2018,0.0,70194.0,-0.330516,-0.604744,ARM,GRC,902130
9506373,14,90,9747,2018,13535.0,0.0,-0.29687199999999997,-0.123116,AUS,GRC,902130
9506374,15,90,9747,2018,29210.0,1219.0,1.774488,-0.21117800000000003,AUT,GRC,902130
9506375,16,90,9747,2018,0.0,24707.0,-1.144089,-1.224327,AZE,GRC,902130
9506376,18,90,9747,2018,4466406.0,70212.0,1.270641,1.201063,BEL,GRC,902130
9506377,23,90,9747,2018,684759.0,16066.0,0.571226,1.836856,BGR,GRC,902130
9506378,26,90,9747,2018,0.0,10894.0,0.526392,0.742398,BIH,GRC,902130
9506379,32,90,9747,2018,41367.0,0.0,0.143397,0.582092,BRA,GRC,902130
9506380,41,90,9747,2018,69533.0,13348.0,2.2324330000000003,0.7801560000000001,CHE,GRC,902130
9506381,42,90,9747,2018,0.0,7396.0,-0.37677,-0.49605299999999997,CHL,GRC,902130
9506382,43,90,9747,2018,92387.0,0.0,1.200689,1.2822,CHN,GRC,902130
9506383,58,90,9747,2018,1314779.0,129288.0,0.45442,-0.113303,CYP,GRC,902130
9506384,59,90,9747,2018,452457.0,0.0,1.841016,0.220806,CZE,GRC,902130
9506385,61,90,9747,2018,2510388.0,87346.0,2.109059,-2.428826,DEU,GRC,902130
9506386,64,90,9747,2018,29530.0,1735.0,1.0945040000000001,1.3311540000000002,DNK,GRC,902130
9506387,66,90,9747,2018,0.0,9022.0,-1.281519,-1.22291,DZA,GRC,902130
9506388,68,90,9747,2018,0.0,23327.0,-0.096635,1.585658,EGY,GRC,902130
9506389,71,90,9747,2018,9246.0,3849.0,0.744825,2.919005,ESP,GRC,902130
9506390,73,90,9747,2018,0.0,11575.0,-0.874857,-0.464958,ETH,GRC,902130
9506391,77,90,9747,2018,1810372.0,0.0,1.420819,0.7793770000000001,FRA,GRC,902130
9506392,81,90,9747,2018,2186174.0,21096.0,1.693008,0.768159,GBR,GRC,902130
9506393,100,90,9747,2018,11429.0,0.0,0.7923720000000001,1.4047209999999999,HRV,GRC,902130
9506394,102,90,9747,2018,9010.0,1272.0,1.519662,0.833092,HUN,GRC,902130
9506395,103,90,9747,2018,0.0,1779.0,-0.10130499999999999,1.2414209999999999,IDN,GRC,902130
9506396,104,90,9747,2018,568082.0,0.0,0.526015,2.448112,IND,GRC,902130
9506397,106,90,9747,2018,559139.0,0.0,1.262419,0.013576,IRL,GRC,902130
9506398,110,90,9747,2018,39468.0,7678.0,1.355071,0.872822,ISR,GRC,902130
9506399,111,90,9747,2018,1371328.0,1432.0,1.3602530000000002,0.453607,ITA,GRC,902130
9506400,113,90,9747,2018,0.0,1754.0,-0.086895,0.283829,JOR,GRC,902130
9506401,115,90,9747,2018,0.0,1690.0,-0.483862,-0.667417,KAZ,GRC,902130
9506402,121,90,9747,2018,107044.0,0.0,2.093866,0.764303,KOR,GRC,902130
9506403,124,90,9747,2018,0.0,1707.0,0.270554,0.9995149999999999,LBN,GRC,902130
9506404,131,90,9747,2018,11531.0,0.0,1.1142889999999999,1.306066,LUX,GRC,902130
9506405,134,90,9747,2018,0.0,8900.0,-0.712775,-0.090013,MAR,GRC,902130
9506406,135,90,9747,2018,0.0,9405.0,-0.358412,-0.271334,MDA,GRC,902130
9506407,140,90,9747,2018,0.0,66081.0,0.079976,-0.20256,MKD,GRC,902130
9506408,142,90,9747,2018,11352.0,0.0,0.9621219999999999,0.257289,MLT,GRC,902130
9506409,162,90,9747,2018,12488887.0,294532.0,1.1478899999999999,1.454758,NLD,GRC,902130
9506410,166,90,9747,2018,2154.0,0.0,0.21902600000000003,0.148714,NZL,GRC,902130
9506411,167,90,9747,2018,0.0,12682.0,-0.548048,-0.9972989999999999,OMN,GRC,902130
9506412,177,90,9747,2018,115910.0,0.0,1.132475,1.258945,POL,GRC,902130
9506413,179,90,9747,2018,10485.0,0.0,0.652628,2.211758,PRT,GRC,902130
9506414,185,90,9747,2018,498982.0,159734.0,1.050715,1.04471,ROU,GRC,902130
9506415,192,90,9747,2018,656.0,10044.0,1.914132,0.652011,SGP,GRC,902130
9506416,201,90,9747,2018,0.0,20203.0,0.607486,1.2139389999999999,SRB,GRC,902130
9506417,208,90,9747,2018,2190.0,0.0,1.76361,0.766904,SWE,GRC,902130
9506418,216,90,9747,2018,0.0,6311.0,1.053177,1.4084969999999999,THA,GRC,902130
9506419,223,90,9747,2018,0.0,4225.0,0.259778,1.187194,TUN,GRC,902130
9506420,224,90,9747,2018,33292.0,16123.0,0.518721,2.5581419999999997,TUR,GRC,902130
9506421,231,90,9747,2018,940007.0,1291.0,1.585861,0.44815900000000003,USA,GRC,902130
9506422,239,90,9747,2018,0.0,587172.0,0.003069,0.9169729999999999,VNM,GRC,902130
9506423,246,90,9747,2018,0.0,13843.0,0.158722,1.394829,ZAF,GRC,902130
9506424,249,90,9747,2018,40668.0,0.0,2.0462540000000002,1.166636,TWN,GRC,902130
9506425,8,93,9747,2018,2154.0,0.0,-0.14316800000000002,0.14356,ARG,GTM,902130
9506426,18,93,9747,2018,2597.0,0.0,1.270641,1.201063,BEL,GTM,902130
9506427,32,93,9747,2018,28820.0,0.0,0.143397,0.582092,BRA,GTM,902130
9506428,41,93,9747,2018,779.0,0.0,2.2324330000000003,0.7801560000000001,CHE,GTM,902130
9506429,43,93,9747,2018,86375.0,0.0,1.200689,1.2822,CHN,GTM,902130
9506430,52,93,9747,2018,172590.0,1485.0,0.19386,0.05811,CRI,GTM,902130
9506431,61,93,9747,2018,199555.0,0.0,2.109059,-2.428826,DEU,GTM,902130
9506432,64,93,9747,2018,16771.0,0.0,1.0945040000000001,1.3311540000000002,DNK,GTM,902130
9506433,65,93,9747,2018,0.0,2683.0,-0.084258,0.474872,DOM,GTM,902130
9506434,71,93,9747,2018,44760.0,0.0,0.744825,2.919005,ESP,GTM,902130
9506435,77,93,9747,2018,22573.0,0.0,1.420819,0.7793770000000001,FRA,GTM,902130
9506436,81,93,9747,2018,38607.0,0.0,1.693008,0.768159,GBR,GTM,902130
9506437,104,93,9747,2018,182032.0,0.0,0.526015,2.448112,IND,GTM,902130
9506438,110,93,9747,2018,3721.0,0.0,1.355071,0.872822,ISR,GTM,902130
9506439,111,93,9747,2018,53796.0,0.0,1.3602530000000002,0.453607,ITA,GTM,902130
9506440,121,93,9747,2018,77600.0,0.0,2.093866,0.764303,KOR,GTM,902130
9506441,138,93,9747,2018,32405.0,0.0,1.00061,0.585759,MEX,GTM,902130
9506442,162,93,9747,2018,8191.0,0.0,1.1478899999999999,1.454758,NLD,GTM,902130
9506443,169,93,9747,2018,322714.0,43868.0,0.104326,-0.11611800000000001,PAN,GTM,902130
9506444,197,93,9747,2018,11186.0,13414.0,0.073928,0.22548600000000002,SLV,GTM,902130
9506445,208,93,9747,2018,5153.0,0.0,1.76361,0.766904,SWE,GTM,902130
9506446,224,93,9747,2018,3941.0,0.0,0.518721,2.5581419999999997,TUR,GTM,902130
9506447,231,93,9747,2018,269615.0,4543090.0,1.585861,0.44815900000000003,USA,GTM,902130
9506448,97,96,9747,2018,4476.0,0.0,0.843677,1.656073,HKG,GUY,902130
9506449,104,96,9747,2018,11220.0,0.0,0.526015,2.448112,IND,GUY,902130
9506450,162,96,9747,2018,2435.0,0.0,1.1478899999999999,1.454758,NLD,GUY,902130
9506451,169,96,9747,2018,4144.0,0.0,0.104326,-0.11611800000000001,PAN,GUY,902130
9506452,231,96,9747,2018,42024.0,0.0,1.585861,0.44815900000000003,USA,GUY,902130
9506453,7,97,9747,2018,158529.0,1444.0,0.11804400000000001,-0.326851,ARE,HKG,902130
9506454,14,97,9747,2018,347659.0,303578.0,-0.29687199999999997,-0.123116,AUS,HKG,902130
9506455,18,97,9747,2018,2098572.0,160870.0,1.270641,1.201063,BEL,HKG,902130
9506456,22,97,9747,2018,0.0,1222653.0,-0.899467,-0.9823719999999999,BGD,HKG,902130
9506457,23,97,9747,2018,0.0,24819.0,0.571226,1.836856,BGR,HKG,902130
9506458,32,97,9747,2018,129290.0,0.0,0.143397,0.582092,BRA,HKG,902130
9506459,33,97,9747,2018,8526473.0,0.0,0.487166,-0.129388,BRB,HKG,902130
9506460,39,97,9747,2018,0.0,79172.0,0.666822,1.218593,CAN,HKG,902130
9506461,41,97,9747,2018,960370.0,80321.0,2.2324330000000003,0.7801560000000001,CHE,HKG,902130
9506462,43,97,9747,2018,1371095.0,2276014.0,1.200689,1.2822,CHN,HKG,902130
9506463,52,97,9747,2018,2233354.0,0.0,0.19386,0.05811,CRI,HKG,902130
9506464,59,97,9747,2018,0.0,6375.0,1.841016,0.220806,CZE,HKG,902130
9506465,61,97,9747,2018,17062054.0,92144.0,2.109059,-2.428826,DEU,HKG,902130
9506466,64,97,9747,2018,833924.0,0.0,1.0945040000000001,1.3311540000000002,DNK,HKG,902130
9506467,71,97,9747,2018,14189.0,28099.0,0.744825,2.919005,ESP,HKG,902130
9506468,77,97,9747,2018,1684467.0,255885.0,1.420819,0.7793770000000001,FRA,HKG,902130
9506469,81,97,9747,2018,456392.0,118938.0,1.693008,0.768159,GBR,HKG,902130
9506470,82,97,9747,2018,93111.0,17250.0,-0.049871,-0.28439899999999996,GEO,HKG,902130
9506471,96,97,9747,2018,0.0,4476.0,-0.841458,-0.9803280000000001,GUY,HKG,902130
9506472,100,97,9747,2018,0.0,7472.0,0.7923720000000001,1.4047209999999999,HRV,HKG,902130
9506473,102,97,9747,2018,68771.0,78347.0,1.519662,0.833092,HUN,HKG,902130
9506474,103,97,9747,2018,0.0,91357.0,-0.10130499999999999,1.2414209999999999,IDN,HKG,902130
9506475,104,97,9747,2018,849532.0,183772.0,0.526015,2.448112,IND,HKG,902130
9506476,106,97,9747,2018,581350.0,0.0,1.262419,0.013576,IRL,HKG,902130
9506477,107,97,9747,2018,0.0,13900.0,-0.389954,-0.258156,IRN,HKG,902130
9506478,110,97,9747,2018,2944.0,6754.0,1.355071,0.872822,ISR,HKG,902130
9506479,111,97,9747,2018,863259.0,2225.0,1.3602530000000002,0.453607,ITA,HKG,902130
9506480,114,97,9747,2018,320430.0,29842.0,2.514533,-0.416074,JPN,HKG,902130
9506481,121,97,9747,2018,299482.0,1129286.0,2.093866,0.764303,KOR,HKG,902130
9506482,128,97,9747,2018,0.0,3276060.0,-0.544504,0.41074099999999997,LKA,HKG,902130
9506483,133,97,9747,2018,0.0,1175585.0,0.44520299999999996,0.042491,MAC,HKG,902130
9506484,138,97,9747,2018,0.0,2732.0,1.00061,0.585759,MEX,HKG,902130
9506485,143,97,9747,2018,0.0,210886.0,-0.936467,-0.223413,MMR,HKG,902130
9506486,153,97,9747,2018,86474.0,452794.0,1.122976,0.734109,MYS,HKG,902130
9506487,162,97,9747,2018,24595136.0,254207.0,1.1478899999999999,1.454758,NLD,HKG,902130
9506488,163,97,9747,2018,12907.0,0.0,0.681639,0.021762,NOR,HKG,902130
9506489,166,97,9747,2018,0.0,46021.0,0.21902600000000003,0.148714,NZL,HKG,902130
9506490,173,97,9747,2018,0.0,30531.0,-0.6673060000000001,-0.183315,PER,HKG,902130
9506491,174,97,9747,2018,6131.0,39195.0,0.781409,0.22126700000000002,PHL,HKG,902130
9506492,186,97,9747,2018,0.0,693118.0,0.21398000000000003,0.100414,RUS,HKG,902130
9506493,188,97,9747,2018,0.0,8099.0,0.5801810000000001,-0.447514,SAU,HKG,902130
9506494,190,97,9747,2018,0.0,3699.0,-1.278532,-1.176008,SDN,HKG,902130
9506495,192,97,9747,2018,275652.0,1123252.0,1.914132,0.652011,SGP,HKG,902130
9506496,208,97,9747,2018,80232.0,24125.0,1.76361,0.766904,SWE,HKG,902130
9506497,216,97,9747,2018,107953.0,227860.0,1.053177,1.4084969999999999,THA,HKG,902130
9506498,224,97,9747,2018,193571.0,52275.0,0.518721,2.5581419999999997,TUR,HKG,902130
9506499,228,97,9747,2018,0.0,68737.0,0.337296,0.758675,UKR,HKG,902130
9506500,231,97,9747,2018,22415230.0,101329.0,1.585861,0.44815900000000003,USA,HKG,902130
9506501,239,97,9747,2018,20070.0,1050990.0,0.003069,0.9169729999999999,VNM,HKG,902130
9506502,246,97,9747,2018,0.0,53912.0,0.158722,1.394829,ZAF,HKG,902130
9506503,248,97,9747,2018,0.0,8039.0,-1.181524,-1.0648520000000001,ZWE,HKG,902130
9506504,249,97,9747,2018,721949.0,6210272.0,2.0462540000000002,1.166636,TWN,HKG,902130
9506505,41,99,9747,2018,1839.0,0.0,2.2324330000000003,0.7801560000000001,CHE,HND,902130
9506506,43,99,9747,2018,4322.0,0.0,1.200689,1.2822,CHN,HND,902130
9506507,52,99,9747,2018,27038.0,0.0,0.19386,0.05811,CRI,HND,902130
9506508,61,99,9747,2018,78634.0,0.0,2.109059,-2.428826,DEU,HND,902130
9506509,71,99,9747,2018,4293.0,0.0,0.744825,2.919005,ESP,HND,902130
9506510,81,99,9747,2018,10140.0,0.0,1.693008,0.768159,GBR,HND,902130
9506511,104,99,9747,2018,96190.0,0.0,0.526015,2.448112,IND,HND,902130
9506512,138,99,9747,2018,11852.0,0.0,1.00061,0.585759,MEX,HND,902130
9506513,169,99,9747,2018,0.0,12728.0,0.104326,-0.11611800000000001,PAN,HND,902130
9506514,231,99,9747,2018,79075.0,0.0,1.585861,0.44815900000000003,USA,HND,902130
9506515,249,99,9747,2018,2549.0,0.0,2.0462540000000002,1.166636,TWN,HND,902130
9506516,7,102,9747,2018,3055.0,256223.0,0.11804400000000001,-0.326851,ARE,HUN,902130
9506517,8,102,9747,2018,0.0,68109.0,-0.14316800000000002,0.14356,ARG,HUN,902130
9506518,9,102,9747,2018,0.0,14954.0,-0.330516,-0.604744,ARM,HUN,902130
9506519,14,102,9747,2018,7197.0,863681.0,-0.29687199999999997,-0.123116,AUS,HUN,902130
9506520,15,102,9747,2018,358720.0,7370.0,1.774488,-0.21117800000000003,AUT,HUN,902130
9506521,16,102,9747,2018,0.0,32130.0,-1.144089,-1.224327,AZE,HUN,902130
9506522,18,102,9747,2018,1939503.0,0.0,1.270641,1.201063,BEL,HUN,902130
9506523,22,102,9747,2018,0.0,10083.0,-0.899467,-0.9823719999999999,BGD,HUN,902130
9506524,23,102,9747,2018,2949.0,21534.0,0.571226,1.836856,BGR,HUN,902130
9506525,32,102,9747,2018,0.0,20264.0,0.143397,0.582092,BRA,HUN,902130
9506526,33,102,9747,2018,0.0,5167.0,0.487166,-0.129388,BRB,HUN,902130
9506527,39,102,9747,2018,6325.0,2432.0,0.666822,1.218593,CAN,HUN,902130
9506528,41,102,9747,2018,22920.0,382265.0,2.2324330000000003,0.7801560000000001,CHE,HUN,902130
9506529,43,102,9747,2018,1660.0,523407.0,1.200689,1.2822,CHN,HUN,902130
9506530,49,102,9747,2018,0.0,13144.0,0.20431,-0.15273699999999998,COL,HUN,902130
9506531,52,102,9747,2018,0.0,47788.0,0.19386,0.05811,CRI,HUN,902130
9506532,59,102,9747,2018,489469.0,339079.0,1.841016,0.220806,CZE,HUN,902130
9506533,61,102,9747,2018,2389177.0,2201100.0,2.109059,-2.428826,DEU,HUN,902130
9506534,64,102,9747,2018,1131706.0,4006.0,1.0945040000000001,1.3311540000000002,DNK,HUN,902130
9506535,66,102,9747,2018,0.0,101834.0,-1.281519,-1.22291,DZA,HUN,902130
9506536,71,102,9747,2018,41197.0,832029.0,0.744825,2.919005,ESP,HUN,902130
9506537,77,102,9747,2018,423331.0,1118891.0,1.420819,0.7793770000000001,FRA,HUN,902130
9506538,81,102,9747,2018,1056047.0,32340.0,1.693008,0.768159,GBR,HUN,902130
9506539,82,102,9747,2018,0.0,29058.0,-0.049871,-0.28439899999999996,GEO,HUN,902130
9506540,90,102,9747,2018,1272.0,9010.0,0.059539999999999996,1.0321879999999999,GRC,HUN,902130
9506541,97,102,9747,2018,78347.0,68771.0,0.843677,1.656073,HKG,HUN,902130
9506542,103,102,9747,2018,0.0,2929.0,-0.10130499999999999,1.2414209999999999,IDN,HUN,902130
9506543,104,102,9747,2018,2973.0,0.0,0.526015,2.448112,IND,HUN,902130
9506544,106,102,9747,2018,269234.0,0.0,1.262419,0.013576,IRL,HUN,902130
9506545,109,102,9747,2018,2622.0,27474.0,0.252338,-0.341319,ISL,HUN,902130
9506546,110,102,9747,2018,63037.0,215283.0,1.355071,0.872822,ISR,HUN,902130
9506547,111,102,9747,2018,75970.0,181345.0,1.3602530000000002,0.453607,ITA,HUN,902130
9506548,113,102,9747,2018,0.0,77179.0,-0.086895,0.283829,JOR,HUN,902130
9506549,114,102,9747,2018,3160.0,5054.0,2.514533,-0.416074,JPN,HUN,902130
9506550,121,102,9747,2018,8663.0,407917.0,2.093866,0.764303,KOR,HUN,902130
9506551,124,102,9747,2018,0.0,11057.0,0.270554,0.9995149999999999,LBN,HUN,902130
9506552,130,102,9747,2018,3075.0,17828.0,0.964249,1.4050200000000002,LTU,HUN,902130
9506553,132,102,9747,2018,0.0,181538.0,0.707168,1.294297,LVA,HUN,902130
9506554,134,102,9747,2018,0.0,35203.0,-0.712775,-0.090013,MAR,HUN,902130
9506555,138,102,9747,2018,0.0,20317.0,1.00061,0.585759,MEX,HUN,902130
9506556,145,102,9747,2018,0.0,15617.0,-0.934398,-1.125105,MNG,HUN,902130
9506557,153,102,9747,2018,0.0,89795.0,1.122976,0.734109,MYS,HUN,902130
9506558,162,102,9747,2018,6534084.0,290632.0,1.1478899999999999,1.454758,NLD,HUN,902130
9506559,163,102,9747,2018,0.0,1786.0,0.681639,0.021762,NOR,HUN,902130
9506560,166,102,9747,2018,0.0,4122.0,0.21902600000000003,0.148714,NZL,HUN,902130
9506561,168,102,9747,2018,0.0,272214.0,-0.64348,0.665045,PAK,HUN,902130
9506562,174,102,9747,2018,0.0,951.0,0.781409,0.22126700000000002,PHL,HUN,902130
9506563,177,102,9747,2018,3616.0,267358.0,1.132475,1.258945,POL,HUN,902130
9506564,179,102,9747,2018,2880.0,1805.0,0.652628,2.211758,PRT,HUN,902130
9506565,185,102,9747,2018,0.0,3879997.0,1.050715,1.04471,ROU,HUN,902130
9506566,186,102,9747,2018,0.0,68309.0,0.21398000000000003,0.100414,RUS,HUN,902130
9506567,188,102,9747,2018,0.0,82055.0,0.5801810000000001,-0.447514,SAU,HUN,902130
9506568,192,102,9747,2018,0.0,26932.0,1.914132,0.652011,SGP,HUN,902130
9506569,206,102,9747,2018,484414.0,1802.0,1.3270979999999999,0.877684,SVK,HUN,902130
9506570,207,102,9747,2018,6692.0,65796.0,1.67428,0.7703800000000001,SVN,HUN,902130
9506571,208,102,9747,2018,0.0,22263.0,1.76361,0.766904,SWE,HUN,902130
9506572,216,102,9747,2018,0.0,469339.0,1.053177,1.4084969999999999,THA,HUN,902130
9506573,224,102,9747,2018,207031.0,19238.0,0.518721,2.5581419999999997,TUR,HUN,902130
9506574,228,102,9747,2018,0.0,324562.0,0.337296,0.758675,UKR,HUN,902130
9506575,230,102,9747,2018,0.0,796.0,-0.02056,-0.38911,URY,HUN,902130
9506576,231,102,9747,2018,170039.0,5237.0,1.585861,0.44815900000000003,USA,HUN,902130
9506577,236,102,9747,2018,0.0,9946.0,-1.081138,-1.198717,VEN,HUN,902130
9506578,239,102,9747,2018,0.0,736905.0,0.003069,0.9169729999999999,VNM,HUN,902130
9506579,246,102,9747,2018,2827.0,150936.0,0.158722,1.394829,ZAF,HUN,902130
9506580,18,103,9747,2018,200513.0,0.0,1.270641,1.201063,BEL,IDN,902130
9506581,23,103,9747,2018,29918.0,0.0,0.571226,1.836856,BGR,IDN,902130
9506582,39,103,9747,2018,0.0,167134.0,0.666822,1.218593,CAN,IDN,902130
9506583,41,103,9747,2018,0.0,1813.0,2.2324330000000003,0.7801560000000001,CHE,IDN,902130
9506584,43,103,9747,2018,64730.0,580216.0,1.200689,1.2822,CHN,IDN,902130
9506585,59,103,9747,2018,0.0,22900.0,1.841016,0.220806,CZE,IDN,902130
9506586,61,103,9747,2018,678778.0,0.0,2.109059,-2.428826,DEU,IDN,902130
9506587,77,103,9747,2018,45217.0,0.0,1.420819,0.7793770000000001,FRA,IDN,902130
9506588,81,103,9747,2018,673848.0,0.0,1.693008,0.768159,GBR,IDN,902130
9506589,90,103,9747,2018,1779.0,0.0,0.059539999999999996,1.0321879999999999,GRC,IDN,902130
9506590,97,103,9747,2018,91357.0,0.0,0.843677,1.656073,HKG,IDN,902130
9506591,102,103,9747,2018,2929.0,0.0,1.519662,0.833092,HUN,IDN,902130
9506592,104,103,9747,2018,650141.0,0.0,0.526015,2.448112,IND,IDN,902130
9506593,109,103,9747,2018,0.0,299.0,0.252338,-0.341319,ISL,IDN,902130
9506594,111,103,9747,2018,19144.0,5175.0,1.3602530000000002,0.453607,ITA,IDN,902130
9506595,121,103,9747,2018,314227.0,0.0,2.093866,0.764303,KOR,IDN,902130
9506596,143,103,9747,2018,0.0,21293.0,-0.936467,-0.223413,MMR,IDN,902130
9506597,153,103,9747,2018,1487.0,0.0,1.122976,0.734109,MYS,IDN,902130
9506598,162,103,9747,2018,3315398.0,4271.0,1.1478899999999999,1.454758,NLD,IDN,902130
9506599,168,103,9747,2018,0.0,51239.0,-0.64348,0.665045,PAK,IDN,902130
9506600,179,103,9747,2018,2210.0,0.0,0.652628,2.211758,PRT,IDN,902130
9506601,185,103,9747,2018,1509.0,0.0,1.050715,1.04471,ROU,IDN,902130
9506602,192,103,9747,2018,806070.0,9932.0,1.914132,0.652011,SGP,IDN,902130
9506603,216,103,9747,2018,25827.0,117715.0,1.053177,1.4084969999999999,THA,IDN,902130
9506604,224,103,9747,2018,7278.0,0.0,0.518721,2.5581419999999997,TUR,IDN,902130
9506605,231,103,9747,2018,614705.0,30450.0,1.585861,0.44815900000000003,USA,IDN,902130
9506606,239,103,9747,2018,0.0,2699.0,0.003069,0.9169729999999999,VNM,IDN,902130
9506607,249,103,9747,2018,33115.0,330290.0,2.0462540000000002,1.166636,TWN,IDN,902130
9506608,2,104,9747,2018,0.0,24498.0,-1.489191,-1.213992,AGO,IND,902130
9506609,4,104,9747,2018,0.0,27229.0,-0.456481,-0.139655,ALB,IND,902130
9506610,7,104,9747,2018,302561.0,145778.0,0.11804400000000001,-0.326851,ARE,IND,902130
9506611,8,104,9747,2018,0.0,1369645.0,-0.14316800000000002,0.14356,ARG,IND,902130
9506612,9,104,9747,2018,0.0,34928.0,-0.330516,-0.604744,ARM,IND,902130
9506613,14,104,9747,2018,470009.0,37974.0,-0.29687199999999997,-0.123116,AUS,IND,902130
9506614,15,104,9747,2018,9178.0,14578.0,1.774488,-0.21117800000000003,AUT,IND,902130
9506615,16,104,9747,2018,0.0,34056.0,-1.144089,-1.224327,AZE,IND,902130
9506616,17,104,9747,2018,0.0,3226.0,-0.654964,-0.9683229999999999,BDI,IND,902130
9506617,18,104,9747,2018,26826958.0,340432.0,1.270641,1.201063,BEL,IND,902130
9506618,19,104,9747,2018,0.0,57168.0,-0.646475,-0.769808,BEN,IND,902130
9506619,21,104,9747,2018,0.0,15077.0,-0.8835200000000001,-0.9790620000000001,BFA,IND,902130
9506620,22,104,9747,2018,0.0,744780.0,-0.899467,-0.9823719999999999,BGD,IND,902130
9506621,23,104,9747,2018,5106.0,634867.0,0.571226,1.836856,BGR,IND,902130
9506622,24,104,9747,2018,0.0,2902.0,0.318352,-0.69221,BHR,IND,902130
9506623,26,104,9747,2018,0.0,5113.0,0.526392,0.742398,BIH,IND,902130
9506624,31,104,9747,2018,0.0,89588.0,-1.153953,-1.070749,BOL,IND,902130
9506625,32,104,9747,2018,194100.0,769750.0,0.143397,0.582092,BRA,IND,902130
9506626,33,104,9747,2018,24002.0,0.0,0.487166,-0.129388,BRB,IND,902130
9506627,35,104,9747,2018,0.0,12109.0,-0.168694,-0.77871,BTN,IND,902130
9506628,37,104,9747,2018,0.0,5660.0,-0.8339610000000001,-1.184307,BWA,IND,902130
9506629,39,104,9747,2018,0.0,4736.0,0.666822,1.218593,CAN,IND,902130
9506630,41,104,9747,2018,10875368.0,197711.0,2.2324330000000003,0.7801560000000001,CHE,IND,902130
9506631,42,104,9747,2018,0.0,451217.0,-0.37677,-0.49605299999999997,CHL,IND,902130
9506632,43,104,9747,2018,508076.0,359730.0,1.200689,1.2822,CHN,IND,902130
9506633,44,104,9747,2018,0.0,25998.0,-0.8733569999999999,-0.8443139999999999,CIV,IND,902130
9506634,45,104,9747,2018,0.0,76559.0,-1.366619,-1.09894,CMR,IND,902130
9506635,46,104,9747,2018,0.0,9812.0,-1.743034,-1.20446,COD,IND,902130
9506636,47,104,9747,2018,0.0,5397.0,-1.52875,-1.1869100000000001,COG,IND,902130
9506637,49,104,9747,2018,4585.0,1470664.0,0.20431,-0.15273699999999998,COL,IND,902130
9506638,52,104,9747,2018,69152.0,5570.0,0.19386,0.05811,CRI,IND,902130
9506639,54,104,9747,2018,0.0,216399.0,-0.8835629999999999,-1.15678,CUB,IND,902130
9506640,57,104,9747,2018,0.0,11862.0,-0.194933,-0.930874,CYM,IND,902130
9506641,58,104,9747,2018,0.0,8860.0,0.45442,-0.113303,CYP,IND,902130
9506642,59,104,9747,2018,0.0,123946.0,1.841016,0.220806,CZE,IND,902130
9506643,61,104,9747,2018,7170016.0,1281302.0,2.109059,-2.428826,DEU,IND,902130
9506644,64,104,9747,2018,5867.0,6278.0,1.0945040000000001,1.3311540000000002,DNK,IND,902130
9506645,65,104,9747,2018,59184.0,214932.0,-0.084258,0.474872,DOM,IND,902130
9506646,66,104,9747,2018,0.0,769346.0,-1.281519,-1.22291,DZA,IND,902130
9506647,67,104,9747,2018,0.0,2641190.0,-0.873973,-1.032841,ECU,IND,902130
9506648,68,104,9747,2018,0.0,2303466.0,-0.096635,1.585658,EGY,IND,902130
9506649,71,104,9747,2018,36245.0,131584.0,0.744825,2.919005,ESP,IND,902130
9506650,72,104,9747,2018,0.0,9067.0,0.979986,1.2365899999999999,EST,IND,902130
9506651,73,104,9747,2018,0.0,490352.0,-0.874857,-0.464958,ETH,IND,902130
9506652,74,104,9747,2018,0.0,3668.0,1.61151,0.9474549999999999,FIN,IND,902130
9506653,75,104,9747,2018,0.0,16400.0,-0.269185,0.006362,FJI,IND,902130
9506654,77,104,9747,2018,380139.0,293147.0,1.420819,0.7793770000000001,FRA,IND,902130
9506655,80,104,9747,2018,0.0,11632.0,-1.4979200000000001,-1.180407,GAB,IND,902130
9506656,81,104,9747,2018,3826912.0,2040259.0,1.693008,0.768159,GBR,IND,902130
9506657,82,104,9747,2018,75168.0,185015.0,-0.049871,-0.28439899999999996,GEO,IND,902130
9506658,83,104,9747,2018,0.0,70260.0,-0.956109,-0.861556,GHA,IND,902130
9506659,85,104,9747,2018,0.0,16663.0,-1.036697,-1.1562860000000001,GIN,IND,902130
9506660,87,104,9747,2018,0.0,12224.0,-0.85649,-0.761513,GMB,IND,902130
9506661,88,104,9747,2018,0.0,2326.0,-2.260375,-1.038929,GNB,IND,902130
9506662,90,104,9747,2018,0.0,568082.0,0.059539999999999996,1.0321879999999999,GRC,IND,902130
9506663,93,104,9747,2018,0.0,182032.0,-0.362668,0.520826,GTM,IND,902130
9506664,96,104,9747,2018,0.0,11220.0,-0.841458,-0.9803280000000001,GUY,IND,902130
9506665,97,104,9747,2018,183772.0,849532.0,0.843677,1.656073,HKG,IND,902130
9506666,99,104,9747,2018,0.0,96190.0,-0.523738,-0.193198,HND,IND,902130
9506667,100,104,9747,2018,0.0,362137.0,0.7923720000000001,1.4047209999999999,HRV,IND,902130
9506668,101,104,9747,2018,0.0,6011.0,-0.914545,-0.890601,HTI,IND,902130
9506669,102,104,9747,2018,0.0,2973.0,1.519662,0.833092,HUN,IND,902130
9506670,103,104,9747,2018,0.0,650141.0,-0.10130499999999999,1.2414209999999999,IDN,IND,902130
9506671,106,104,9747,2018,7821222.0,313098.0,1.262419,0.013576,IRL,IND,902130
9506672,107,104,9747,2018,0.0,266652.0,-0.389954,-0.258156,IRN,IND,902130
9506673,108,104,9747,2018,0.0,311109.0,-1.7504400000000002,-1.018699,IRQ,IND,902130
9506674,109,104,9747,2018,52119.0,0.0,0.252338,-0.341319,ISL,IND,902130
9506675,110,104,9747,2018,510594.0,75495.0,1.355071,0.872822,ISR,IND,902130
9506676,111,104,9747,2018,1237877.0,513194.0,1.3602530000000002,0.453607,ITA,IND,902130
9506677,112,104,9747,2018,0.0,29159.0,-0.339328,-0.8756659999999999,JAM,IND,902130
9506678,113,104,9747,2018,0.0,47811.0,-0.086895,0.283829,JOR,IND,902130
9506679,114,104,9747,2018,448678.0,0.0,2.514533,-0.416074,JPN,IND,902130
9506680,115,104,9747,2018,0.0,176293.0,-0.483862,-0.667417,KAZ,IND,902130
9506681,116,104,9747,2018,0.0,342882.0,-0.32707800000000004,0.71009,KEN,IND,902130
9506682,117,104,9747,2018,0.0,5745.0,-0.141491,0.33161,KGZ,IND,902130
9506683,118,104,9747,2018,0.0,80225.0,-0.45740299999999995,-0.575966,KHM,IND,902130
9506684,121,104,9747,2018,93499.0,512715.0,2.093866,0.764303,KOR,IND,902130
9506685,122,104,9747,2018,0.0,4597.0,-0.668802,-1.154012,KWT,IND,902130
9506686,123,104,9747,2018,0.0,9732.0,-0.788808,-0.8012670000000001,LAO,IND,902130
9506687,124,104,9747,2018,0.0,120213.0,0.270554,0.9995149999999999,LBN,IND,902130
9506688,125,104,9747,2018,0.0,7669.0,-1.022881,-1.124718,LBR,IND,902130
9506689,126,104,9747,2018,0.0,25476.0,-1.608786,-1.231101,LBY,IND,902130
9506690,127,104,9747,2018,0.0,10158.0,0.18656,-0.143406,LCA,IND,902130
9506691,128,104,9747,2018,0.0,1244976.0,-0.544504,0.41074099999999997,LKA,IND,902130
9506692,129,104,9747,2018,0.0,4552.0,-0.413303,-0.46411899999999995,LSO,IND,902130
9506693,130,104,9747,2018,0.0,62952.0,0.964249,1.4050200000000002,LTU,IND,902130
9506694,132,104,9747,2018,0.0,29379.0,0.707168,1.294297,LVA,IND,902130
9506695,134,104,9747,2018,0.0,885877.0,-0.712775,-0.090013,MAR,IND,902130
9506696,135,104,9747,2018,0.0,6101.0,-0.358412,-0.271334,MDA,IND,902130
9506697,136,104,9747,2018,0.0,30925.0,-1.2144549999999998,-0.748326,MDG,IND,902130
9506698,137,104,9747,2018,0.0,45017.0,-0.577527,-0.952098,MDV,IND,902130
9506699,138,104,9747,2018,39354.0,417307.0,1.00061,0.585759,MEX,IND,902130
9506700,140,104,9747,2018,0.0,7874.0,0.079976,-0.20256,MKD,IND,902130
9506701,141,104,9747,2018,0.0,29089.0,-0.49666499999999997,-0.7189909999999999,MLI,IND,902130
9506702,143,104,9747,2018,0.0,336305.0,-0.936467,-0.223413,MMR,IND,902130
9506703,145,104,9747,2018,0.0,16817.0,-0.934398,-1.125105,MNG,IND,902130
9506704,147,104,9747,2018,0.0,29341.0,-1.380023,-1.027817,MOZ,IND,902130
9506705,148,104,9747,2018,0.0,47610.0,-1.511361,-1.296003,MRT,IND,902130
9506706,151,104,9747,2018,0.0,21383.0,-0.128221,0.15049400000000002,MUS,IND,902130
9506707,152,104,9747,2018,0.0,60410.0,-0.7015979999999999,-0.9293680000000001,MWI,IND,902130
9506708,153,104,9747,2018,186635.0,303394.0,1.122976,0.734109,MYS,IND,902130
9506709,155,104,9747,2018,0.0,40320.0,-0.668091,-0.779938,NAM,IND,902130
9506710,157,104,9747,2018,0.0,154279.0,-0.633115,-0.839564,NER,IND,902130
9506711,159,104,9747,2018,0.0,190378.0,-1.8238,-1.259938,NGA,IND,902130
9506712,160,104,9747,2018,0.0,8983.0,-0.887282,-0.827008,NIC,IND,902130
9506713,162,104,9747,2018,29501336.0,282178.0,1.1478899999999999,1.454758,NLD,IND,902130
9506714,164,104,9747,2018,0.0,127033.0,-0.252837,0.999258,NPL,IND,902130
9506715,167,104,9747,2018,0.0,44023.0,-0.548048,-0.9972989999999999,OMN,IND,902130
9506716,168,104,9747,2018,0.0,1371341.0,-0.64348,0.665045,PAK,IND,902130
9506717,169,104,9747,2018,0.0,11399.0,0.104326,-0.11611800000000001,PAN,IND,902130
9506718,173,104,9747,2018,0.0,312687.0,-0.6673060000000001,-0.183315,PER,IND,902130
9506719,174,104,9747,2018,0.0,503743.0,0.781409,0.22126700000000002,PHL,IND,902130
9506720,176,104,9747,2018,0.0,29756.0,-1.7580360000000002,-1.239492,PNG,IND,902130
9506721,177,104,9747,2018,5455.0,742935.0,1.132475,1.258945,POL,IND,902130
9506722,178,104,9747,2018,0.0,37043.0,0.714618,0.47291700000000003,PRK,IND,902130
9506723,179,104,9747,2018,3428.0,3429.0,0.652628,2.211758,PRT,IND,902130
9506724,180,104,9747,2018,0.0,523637.0,-0.614751,-0.952478,PRY,IND,902130
9506725,181,104,9747,2018,0.0,155.0,0.096402,0.735946,PSE,IND,902130
9506726,185,104,9747,2018,0.0,1116274.0,1.050715,1.04471,ROU,IND,902130
9506727,186,104,9747,2018,48651.0,1530121.0,0.21398000000000003,0.100414,RUS,IND,902130
9506728,187,104,9747,2018,0.0,41357.0,-0.618925,-0.788172,RWA,IND,902130
9506729,188,104,9747,2018,0.0,302103.0,0.5801810000000001,-0.447514,SAU,IND,902130
9506730,190,104,9747,2018,0.0,255440.0,-1.278532,-1.176008,SDN,IND,902130
9506731,191,104,9747,2018,0.0,68380.0,-0.751378,-0.390573,SEN,IND,902130
9506732,192,104,9747,2018,7410776.0,1169320.0,1.914132,0.652011,SGP,IND,902130
9506733,196,104,9747,2018,0.0,1425.0,-0.06932999999999999,-0.36035300000000003,SLE,IND,902130
9506734,197,104,9747,2018,0.0,50477.0,0.073928,0.22548600000000002,SLV,IND,902130
9506735,199,104,9747,2018,0.0,53844.0,-1.4787370000000002,-1.050578,SOM,IND,902130
9506736,201,104,9747,2018,0.0,25540.0,0.607486,1.2139389999999999,SRB,IND,902130
9506737,205,104,9747,2018,0.0,22937.0,-0.798074,-1.023046,SUR,IND,902130
9506738,206,104,9747,2018,0.0,17416.0,1.3270979999999999,0.877684,SVK,IND,902130
9506739,208,104,9747,2018,176648.0,0.0,1.76361,0.766904,SWE,IND,902130
9506740,211,104,9747,2018,0.0,3721.0,0.187352,-0.693013,SYC,IND,902130
9506741,212,104,9747,2018,0.0,97578.0,-0.6836760000000001,0.554563,SYR,IND,902130
9506742,214,104,9747,2018,0.0,10449.0,-1.845707,-1.032018,TCD,IND,902130
9506743,215,104,9747,2018,0.0,2986.0,-0.685084,-0.773437,TGO,IND,902130
9506744,216,104,9747,2018,52432.0,980073.0,1.053177,1.4084969999999999,THA,IND,902130
9506745,217,104,9747,2018,0.0,27893.0,-0.757793,-1.0641209999999999,TJK,IND,902130
9506746,220,104,9747,2018,0.0,3702.0,-0.595688,-0.8907370000000001,TLS,IND,902130
9506747,222,104,9747,2018,0.0,13928.0,-0.281617,-1.009652,TTO,IND,902130
9506748,223,104,9747,2018,0.0,439201.0,0.259778,1.187194,TUN,IND,902130
9506749,224,104,9747,2018,150264.0,1615282.0,0.518721,2.5581419999999997,TUR,IND,902130
9506750,226,104,9747,2018,0.0,119953.0,-0.09850700000000001,1.145606,TZA,IND,902130
9506751,227,104,9747,2018,0.0,77449.0,-0.621049,-0.061448,UGA,IND,902130
9506752,228,104,9747,2018,0.0,23170.0,0.337296,0.758675,UKR,IND,902130
9506753,230,104,9747,2018,0.0,51543.0,-0.02056,-0.38911,URY,IND,902130
9506754,231,104,9747,2018,25947688.0,5197415.0,1.585861,0.44815900000000003,USA,IND,902130
9506755,232,104,9747,2018,0.0,133236.0,-0.591547,-0.429982,UZB,IND,902130
9506756,236,104,9747,2018,0.0,128273.0,-1.081138,-1.198717,VEN,IND,902130
9506757,239,104,9747,2018,56865.0,296545.0,0.003069,0.9169729999999999,VNM,IND,902130
9506758,240,104,9747,2018,0.0,3785.0,-1.595495,-1.026155,VUT,IND,902130
9506759,242,104,9747,2018,0.0,3813.0,0.336421,0.186474,WSM,IND,902130
9506760,243,104,9747,2018,0.0,146533.0,-1.3332899999999999,-1.200589,YEM,IND,902130
9506761,246,104,9747,2018,2343.0,266122.0,0.158722,1.394829,ZAF,IND,902130
9506762,247,104,9747,2018,0.0,32357.0,-0.736064,-0.93958,ZMB,IND,902130
9506763,248,104,9747,2018,0.0,62275.0,-1.181524,-1.0648520000000001,ZWE,IND,902130
9506764,249,104,9747,2018,132289.0,0.0,2.0462540000000002,1.166636,TWN,IND,902130
9506765,250,104,9747,2018,2684.0,0.0,0.809991,-0.368737,ANS,IND,902130
9506766,4,106,9747,2018,0.0,4836.0,-0.456481,-0.139655,ALB,IRL,902130
9506767,7,106,9747,2018,0.0,2008609.0,0.11804400000000001,-0.326851,ARE,IRL,902130
9506768,8,106,9747,2018,0.0,1305380.0,-0.14316800000000002,0.14356,ARG,IRL,902130
9506769,9,106,9747,2018,0.0,56505.0,-0.330516,-0.604744,ARM,IRL,902130
9506770,14,106,9747,2018,37843.0,27649576.0,-0.29687199999999997,-0.123116,AUS,IRL,902130
9506771,15,106,9747,2018,0.0,314659.0,1.774488,-0.21117800000000003,AUT,IRL,902130
9506772,16,106,9747,2018,0.0,64127.0,-1.144089,-1.224327,AZE,IRL,902130
9506773,18,106,9747,2018,504176.0,21275614.0,1.270641,1.201063,BEL,IRL,902130
9506774,23,106,9747,2018,0.0,110578.0,0.571226,1.836856,BGR,IRL,902130
9506775,24,106,9747,2018,0.0,414083.0,0.318352,-0.69221,BHR,IRL,902130
9506776,26,106,9747,2018,0.0,143514.0,0.526392,0.742398,BIH,IRL,902130
9506777,28,106,9747,2018,0.0,730251.0,0.850089,0.8332870000000001,BLR,IRL,902130
9506778,32,106,9747,2018,9969.0,5632218.0,0.143397,0.582092,BRA,IRL,902130
9506779,33,106,9747,2018,0.0,26674.0,0.487166,-0.129388,BRB,IRL,902130
9506780,34,106,9747,2018,0.0,13017.0,0.562198,-0.774457,BRN,IRL,902130
9506781,39,106,9747,2018,1663406.0,15837364.0,0.666822,1.218593,CAN,IRL,902130
9506782,41,106,9747,2018,458783.0,2516627.0,2.2324330000000003,0.7801560000000001,CHE,IRL,902130
9506783,42,106,9747,2018,3385.0,3576834.0,-0.37677,-0.49605299999999997,CHL,IRL,902130
9506784,43,106,9747,2018,2222.0,1085691.0,1.200689,1.2822,CHN,IRL,902130
9506785,49,106,9747,2018,0.0,4098192.0,0.20431,-0.15273699999999998,COL,IRL,902130
9506786,52,106,9747,2018,262610.0,28380.0,0.19386,0.05811,CRI,IRL,902130
9506787,58,106,9747,2018,27489.0,80959.0,0.45442,-0.113303,CYP,IRL,902130
9506788,59,106,9747,2018,56118.0,948489.0,1.841016,0.220806,CZE,IRL,902130
9506789,61,106,9747,2018,207549.0,11004996.0,2.109059,-2.428826,DEU,IRL,902130
9506790,64,106,9747,2018,271380.0,1006984.0,1.0945040000000001,1.3311540000000002,DNK,IRL,902130
9506791,65,106,9747,2018,0.0,1979355.0,-0.084258,0.474872,DOM,IRL,902130
9506792,66,106,9747,2018,0.0,17872.0,-1.281519,-1.22291,DZA,IRL,902130
9506793,67,106,9747,2018,0.0,1611343.0,-0.873973,-1.032841,ECU,IRL,902130
9506794,68,106,9747,2018,0.0,2254872.0,-0.096635,1.585658,EGY,IRL,902130
9506795,71,106,9747,2018,11347.0,5172347.0,0.744825,2.919005,ESP,IRL,902130
9506796,72,106,9747,2018,0.0,5473.0,0.979986,1.2365899999999999,EST,IRL,902130
9506797,74,106,9747,2018,10571.0,256864.0,1.61151,0.9474549999999999,FIN,IRL,902130
9506798,77,106,9747,2018,8907989.0,450401.0,1.420819,0.7793770000000001,FRA,IRL,902130
9506799,81,106,9747,2018,7315908.0,3368950.0,1.693008,0.768159,GBR,IRL,902130
9506800,82,106,9747,2018,0.0,4332.0,-0.049871,-0.28439899999999996,GEO,IRL,902130
9506801,84,106,9747,2018,0.0,1899.0,0.420756,-0.6854140000000001,GIB,IRL,902130
9506802,90,106,9747,2018,0.0,559139.0,0.059539999999999996,1.0321879999999999,GRC,IRL,902130
9506803,97,106,9747,2018,0.0,581350.0,0.843677,1.656073,HKG,IRL,902130
9506804,100,106,9747,2018,0.0,83724.0,0.7923720000000001,1.4047209999999999,HRV,IRL,902130
9506805,102,106,9747,2018,0.0,269234.0,1.519662,0.833092,HUN,IRL,902130
9506806,104,106,9747,2018,313098.0,7821222.0,0.526015,2.448112,IND,IRL,902130
9506807,107,106,9747,2018,0.0,26074.0,-0.389954,-0.258156,IRN,IRL,902130
9506808,109,106,9747,2018,0.0,4538.0,0.252338,-0.341319,ISL,IRL,902130
9506809,110,106,9747,2018,0.0,160072.0,1.355071,0.872822,ISR,IRL,902130
9506810,111,106,9747,2018,50477.0,171905.0,1.3602530000000002,0.453607,ITA,IRL,902130
9506811,113,106,9747,2018,0.0,4012484.0,-0.086895,0.283829,JOR,IRL,902130
9506812,114,106,9747,2018,1651.0,32691852.0,2.514533,-0.416074,JPN,IRL,902130
9506813,116,106,9747,2018,0.0,930.0,-0.32707800000000004,0.71009,KEN,IRL,902130
9506814,121,106,9747,2018,0.0,20500.0,2.093866,0.764303,KOR,IRL,902130
9506815,122,106,9747,2018,0.0,1684405.0,-0.668802,-1.154012,KWT,IRL,902130
9506816,124,106,9747,2018,0.0,1860511.0,0.270554,0.9995149999999999,LBN,IRL,902130
9506817,126,106,9747,2018,0.0,2883.0,-1.608786,-1.231101,LBY,IRL,902130
9506818,130,106,9747,2018,0.0,6606.0,0.964249,1.4050200000000002,LTU,IRL,902130
9506819,131,106,9747,2018,0.0,2457.0,1.1142889999999999,1.306066,LUX,IRL,902130
9506820,134,106,9747,2018,0.0,955523.0,-0.712775,-0.090013,MAR,IRL,902130
9506821,135,106,9747,2018,0.0,111957.0,-0.358412,-0.271334,MDA,IRL,902130
9506822,138,106,9747,2018,30169.0,18185868.0,1.00061,0.585759,MEX,IRL,902130
9506823,140,106,9747,2018,0.0,526624.0,0.079976,-0.20256,MKD,IRL,902130
9506824,142,106,9747,2018,0.0,16414.0,0.9621219999999999,0.257289,MLT,IRL,902130
9506825,144,106,9747,2018,0.0,5316.0,0.332495,0.124258,MNE,IRL,902130
9506826,145,106,9747,2018,0.0,147135.0,-0.934398,-1.125105,MNG,IRL,902130
9506827,151,106,9747,2018,0.0,448712.0,-0.128221,0.15049400000000002,MUS,IRL,902130
9506828,153,106,9747,2018,2381062.0,302306.0,1.122976,0.734109,MYS,IRL,902130
9506829,162,106,9747,2018,12313990.0,113770536.0,1.1478899999999999,1.454758,NLD,IRL,902130
9506830,163,106,9747,2018,0.0,1018943.0,0.681639,0.021762,NOR,IRL,902130
9506831,164,106,9747,2018,0.0,802.0,-0.252837,0.999258,NPL,IRL,902130
9506832,166,106,9747,2018,24995.0,775996.0,0.21902600000000003,0.148714,NZL,IRL,902130
9506833,167,106,9747,2018,0.0,46777.0,-0.548048,-0.9972989999999999,OMN,IRL,902130
9506834,168,106,9747,2018,0.0,104992.0,-0.64348,0.665045,PAK,IRL,902130
9506835,173,106,9747,2018,0.0,415280.0,-0.6673060000000001,-0.183315,PER,IRL,902130
9506836,174,106,9747,2018,0.0,25225.0,0.781409,0.22126700000000002,PHL,IRL,902130
9506837,177,106,9747,2018,0.0,6223238.0,1.132475,1.258945,POL,IRL,902130
9506838,179,106,9747,2018,0.0,295407.0,0.652628,2.211758,PRT,IRL,902130
9506839,181,106,9747,2018,0.0,12539.0,0.096402,0.735946,PSE,IRL,902130
9506840,182,106,9747,2018,0.0,218.0,0.21430300000000002,-0.484076,PYF,IRL,902130
9506841,183,106,9747,2018,0.0,459135.0,-0.068401,-1.014732,QAT,IRL,902130
9506842,185,106,9747,2018,9461.0,1388256.0,1.050715,1.04471,ROU,IRL,902130
9506843,186,106,9747,2018,0.0,12542099.0,0.21398000000000003,0.100414,RUS,IRL,902130
9506844,188,106,9747,2018,0.0,6440316.0,0.5801810000000001,-0.447514,SAU,IRL,902130
9506845,192,106,9747,2018,86078.0,235968.0,1.914132,0.652011,SGP,IRL,902130
9506846,197,106,9747,2018,0.0,21359.0,0.073928,0.22548600000000002,SLV,IRL,902130
9506847,201,106,9747,2018,0.0,148843.0,0.607486,1.2139389999999999,SRB,IRL,902130
9506848,206,106,9747,2018,2693.0,206447.0,1.3270979999999999,0.877684,SVK,IRL,902130
9506849,207,106,9747,2018,0.0,203901.0,1.67428,0.7703800000000001,SVN,IRL,902130
9506850,208,106,9747,2018,24791.0,60527.0,1.76361,0.766904,SWE,IRL,902130
9506851,216,106,9747,2018,0.0,6094324.0,1.053177,1.4084969999999999,THA,IRL,902130
9506852,223,106,9747,2018,0.0,343141.0,0.259778,1.187194,TUN,IRL,902130
9506853,224,106,9747,2018,4334.0,21506660.0,0.518721,2.5581419999999997,TUR,IRL,902130
9506854,228,106,9747,2018,0.0,633922.0,0.337296,0.758675,UKR,IRL,902130
9506855,229,106,9747,2018,1209.0,0.0,1.766584,-0.034711,UMI,IRL,902130
9506856,230,106,9747,2018,0.0,9806.0,-0.02056,-0.38911,URY,IRL,902130
9506857,231,106,9747,2018,46773752.0,1770761600.0,1.585861,0.44815900000000003,USA,IRL,902130
9506858,239,106,9747,2018,0.0,613746.0,0.003069,0.9169729999999999,VNM,IRL,902130
9506859,246,106,9747,2018,5452.0,2046650.0,0.158722,1.394829,ZAF,IRL,902130
9506860,249,106,9747,2018,0.0,4137236.0,2.0462540000000002,1.166636,TWN,IRL,902130
9506861,250,106,9747,2018,1624996.0,0.0,0.809991,-0.368737,ANS,IRL,902130
9506862,4,111,9747,2018,0.0,10335.0,-0.456481,-0.139655,ALB,ITA,902130
9506863,7,111,9747,2018,0.0,211067.0,0.11804400000000001,-0.326851,ARE,ITA,902130
9506864,8,111,9747,2018,0.0,507074.0,-0.14316800000000002,0.14356,ARG,ITA,902130
9506865,9,111,9747,2018,0.0,53916.0,-0.330516,-0.604744,ARM,ITA,902130
9506866,14,111,9747,2018,83856.0,215361.0,-0.29687199999999997,-0.123116,AUS,ITA,902130
9506867,15,111,9747,2018,912161.0,1367193.0,1.774488,-0.21117800000000003,AUT,ITA,902130
9506868,16,111,9747,2018,0.0,76554.0,-1.144089,-1.224327,AZE,ITA,902130
9506869,18,111,9747,2018,37186096.0,2055105.0,1.270641,1.201063,BEL,ITA,902130
9506870,23,111,9747,2018,0.0,1011763.0,0.571226,1.836856,BGR,ITA,902130
9506871,24,111,9747,2018,0.0,29545.0,0.318352,-0.69221,BHR,ITA,902130
9506872,26,111,9747,2018,0.0,274770.0,0.526392,0.742398,BIH,ITA,902130
9506873,28,111,9747,2018,0.0,14523.0,0.850089,0.8332870000000001,BLR,ITA,902130
9506874,32,111,9747,2018,76255.0,2083283.0,0.143397,0.582092,BRA,ITA,902130
9506875,33,111,9747,2018,41259.0,0.0,0.487166,-0.129388,BRB,ITA,902130
9506876,39,111,9747,2018,18274042.0,1377007.0,0.666822,1.218593,CAN,ITA,902130
9506877,41,111,9747,2018,631930.0,1388727.0,2.2324330000000003,0.7801560000000001,CHE,ITA,902130
9506878,42,111,9747,2018,0.0,763087.0,-0.37677,-0.49605299999999997,CHL,ITA,902130
9506879,43,111,9747,2018,424852.0,14621055.0,1.200689,1.2822,CHN,ITA,902130
9506880,49,111,9747,2018,1823.0,465472.0,0.20431,-0.15273699999999998,COL,ITA,902130
9506881,52,111,9747,2018,0.0,82414.0,0.19386,0.05811,CRI,ITA,902130
9506882,54,111,9747,2018,0.0,897244.0,-0.8835629999999999,-1.15678,CUB,ITA,902130
9506883,58,111,9747,2018,0.0,120222.0,0.45442,-0.113303,CYP,ITA,902130
9506884,59,111,9747,2018,412297.0,88119.0,1.841016,0.220806,CZE,ITA,902130
9506885,61,111,9747,2018,22951148.0,4296034.0,2.109059,-2.428826,DEU,ITA,902130
9506886,64,111,9747,2018,3673004.0,79663.0,1.0945040000000001,1.3311540000000002,DNK,ITA,902130
9506887,65,111,9747,2018,0.0,162649.0,-0.084258,0.474872,DOM,ITA,902130
9506888,66,111,9747,2018,0.0,300897.0,-1.281519,-1.22291,DZA,ITA,902130
9506889,67,111,9747,2018,0.0,67976.0,-0.873973,-1.032841,ECU,ITA,902130
9506890,68,111,9747,2018,0.0,311301.0,-0.096635,1.585658,EGY,ITA,902130
9506891,71,111,9747,2018,1348784.0,12519666.0,0.744825,2.919005,ESP,ITA,902130
9506892,72,111,9747,2018,0.0,182447.0,0.979986,1.2365899999999999,EST,ITA,902130
9506893,74,111,9747,2018,0.0,124346.0,1.61151,0.9474549999999999,FIN,ITA,902130
9506894,77,111,9747,2018,13822450.0,5379736.0,1.420819,0.7793770000000001,FRA,ITA,902130
9506895,81,111,9747,2018,15009755.0,4000429.0,1.693008,0.768159,GBR,ITA,902130
9506896,82,111,9747,2018,24192.0,25698.0,-0.049871,-0.28439899999999996,GEO,ITA,902130
9506897,90,111,9747,2018,1432.0,1371328.0,0.059539999999999996,1.0321879999999999,GRC,ITA,902130
9506898,93,111,9747,2018,0.0,53796.0,-0.362668,0.520826,GTM,ITA,902130
9506899,97,111,9747,2018,2225.0,863259.0,0.843677,1.656073,HKG,ITA,902130
9506900,100,111,9747,2018,25074.0,1887391.0,0.7923720000000001,1.4047209999999999,HRV,ITA,902130
9506901,102,111,9747,2018,181345.0,75970.0,1.519662,0.833092,HUN,ITA,902130
9506902,103,111,9747,2018,5175.0,19144.0,-0.10130499999999999,1.2414209999999999,IDN,ITA,902130
9506903,104,111,9747,2018,513194.0,1237877.0,0.526015,2.448112,IND,ITA,902130
9506904,106,111,9747,2018,171905.0,50477.0,1.262419,0.013576,IRL,ITA,902130
9506905,107,111,9747,2018,0.0,2081617.0,-0.389954,-0.258156,IRN,ITA,902130
9506906,108,111,9747,2018,0.0,46014.0,-1.7504400000000002,-1.018699,IRQ,ITA,902130
9506907,110,111,9747,2018,581052.0,317296.0,1.355071,0.872822,ISR,ITA,902130
9506908,112,111,9747,2018,0.0,2533.0,-0.339328,-0.8756659999999999,JAM,ITA,902130
9506909,113,111,9747,2018,0.0,584606.0,-0.086895,0.283829,JOR,ITA,902130
9506910,114,111,9747,2018,571298.0,2029780.0,2.514533,-0.416074,JPN,ITA,902130
9506911,115,111,9747,2018,0.0,14085.0,-0.483862,-0.667417,KAZ,ITA,902130
9506912,116,111,9747,2018,0.0,1711.0,-0.32707800000000004,0.71009,KEN,ITA,902130
9506913,121,111,9747,2018,317198.0,1316132.0,2.093866,0.764303,KOR,ITA,902130
9506914,122,111,9747,2018,19168.0,242951.0,-0.668802,-1.154012,KWT,ITA,902130
9506915,124,111,9747,2018,0.0,685784.0,0.270554,0.9995149999999999,LBN,ITA,902130
9506916,126,111,9747,2018,0.0,151528.0,-1.608786,-1.231101,LBY,ITA,902130
9506917,128,111,9747,2018,0.0,152124.0,-0.544504,0.41074099999999997,LKA,ITA,902130
9506918,130,111,9747,2018,0.0,458165.0,0.964249,1.4050200000000002,LTU,ITA,902130
9506919,131,111,9747,2018,6631.0,2731.0,1.1142889999999999,1.306066,LUX,ITA,902130
9506920,132,111,9747,2018,0.0,17214.0,0.707168,1.294297,LVA,ITA,902130
9506921,134,111,9747,2018,0.0,517332.0,-0.712775,-0.090013,MAR,ITA,902130
9506922,135,111,9747,2018,0.0,19418.0,-0.358412,-0.271334,MDA,ITA,902130
9506923,138,111,9747,2018,107151.0,1688192.0,1.00061,0.585759,MEX,ITA,902130
9506924,140,111,9747,2018,0.0,48004.0,0.079976,-0.20256,MKD,ITA,902130
9506925,142,111,9747,2018,0.0,219881.0,0.9621219999999999,0.257289,MLT,ITA,902130
9506926,144,111,9747,2018,7701.0,73052.0,0.332495,0.124258,MNE,ITA,902130
9506927,145,111,9747,2018,0.0,927.0,-0.934398,-1.125105,MNG,ITA,902130
9506928,148,111,9747,2018,0.0,2936.0,-1.511361,-1.296003,MRT,ITA,902130
9506929,151,111,9747,2018,0.0,8431.0,-0.128221,0.15049400000000002,MUS,ITA,902130
9506930,153,111,9747,2018,6501.0,127387.0,1.122976,0.734109,MYS,ITA,902130
9506931,160,111,9747,2018,0.0,38219.0,-0.887282,-0.827008,NIC,ITA,902130
9506932,162,111,9747,2018,185429232.0,5032960.0,1.1478899999999999,1.454758,NLD,ITA,902130
9506933,163,111,9747,2018,0.0,24217.0,0.681639,0.021762,NOR,ITA,902130
9506934,164,111,9747,2018,0.0,13375.0,-0.252837,0.999258,NPL,ITA,902130
9506935,166,111,9747,2018,11445.0,194327.0,0.21902600000000003,0.148714,NZL,ITA,902130
9506936,167,111,9747,2018,0.0,8317.0,-0.548048,-0.9972989999999999,OMN,ITA,902130
9506937,168,111,9747,2018,0.0,487829.0,-0.64348,0.665045,PAK,ITA,902130
9506938,169,111,9747,2018,0.0,60648.0,0.104326,-0.11611800000000001,PAN,ITA,902130
9506939,173,111,9747,2018,3756.0,465788.0,-0.6673060000000001,-0.183315,PER,ITA,902130
9506940,174,111,9747,2018,23300.0,0.0,0.781409,0.22126700000000002,PHL,ITA,902130
9506941,177,111,9747,2018,0.0,1112129.0,1.132475,1.258945,POL,ITA,902130
9506942,179,111,9747,2018,19717.0,1655796.0,0.652628,2.211758,PRT,ITA,902130
9506943,181,111,9747,2018,0.0,24033.0,0.096402,0.735946,PSE,ITA,902130
9506944,183,111,9747,2018,0.0,77062.0,-0.068401,-1.014732,QAT,ITA,902130
9506945,185,111,9747,2018,59165.0,1493601.0,1.050715,1.04471,ROU,ITA,902130
9506946,186,111,9747,2018,19972.0,107596.0,0.21398000000000003,0.100414,RUS,ITA,902130
9506947,188,111,9747,2018,455557.0,3866779.0,0.5801810000000001,-0.447514,SAU,ITA,902130
9506948,191,111,9747,2018,0.0,31584.0,-0.751378,-0.390573,SEN,ITA,902130
9506949,192,111,9747,2018,0.0,1233158.0,1.914132,0.652011,SGP,ITA,902130
9506950,196,111,9747,2018,0.0,6657.0,-0.06932999999999999,-0.36035300000000003,SLE,ITA,902130
9506951,197,111,9747,2018,0.0,10436.0,0.073928,0.22548600000000002,SLV,ITA,902130
9506952,201,111,9747,2018,5164.0,681403.0,0.607486,1.2139389999999999,SRB,ITA,902130
9506953,206,111,9747,2018,0.0,9320.0,1.3270979999999999,0.877684,SVK,ITA,902130
9506954,207,111,9747,2018,39611.0,1732046.0,1.67428,0.7703800000000001,SVN,ITA,902130
9506955,208,111,9747,2018,719811.0,733204.0,1.76361,0.766904,SWE,ITA,902130
9506956,212,111,9747,2018,0.0,53239.0,-0.6836760000000001,0.554563,SYR,ITA,902130
9506957,216,111,9747,2018,0.0,482666.0,1.053177,1.4084969999999999,THA,ITA,902130
9506958,223,111,9747,2018,0.0,436492.0,0.259778,1.187194,TUN,ITA,902130
9506959,224,111,9747,2018,1673301.0,3541032.0,0.518721,2.5581419999999997,TUR,ITA,902130
9506960,227,111,9747,2018,0.0,1514.0,-0.621049,-0.061448,UGA,ITA,902130
9506961,228,111,9747,2018,0.0,73063.0,0.337296,0.758675,UKR,ITA,902130
9506962,230,111,9747,2018,0.0,348991.0,-0.02056,-0.38911,URY,ITA,902130
9506963,231,111,9747,2018,8218428.0,3150338.0,1.585861,0.44815900000000003,USA,ITA,902130
9506964,236,111,9747,2018,18334.0,37676.0,-1.081138,-1.198717,VEN,ITA,902130
9506965,239,111,9747,2018,0.0,1273737.0,0.003069,0.9169729999999999,VNM,ITA,902130
9506966,246,111,9747,2018,22672.0,433870.0,0.158722,1.394829,ZAF,ITA,902130
9506967,248,111,9747,2018,0.0,2421.0,-1.181524,-1.0648520000000001,ZWE,ITA,902130
9506968,249,111,9747,2018,27935.0,268450.0,2.0462540000000002,1.166636,TWN,ITA,902130
9506969,18,112,9747,2018,4043.0,0.0,1.270641,1.201063,BEL,JAM,902130
9506970,33,112,9747,2018,1506.0,0.0,0.487166,-0.129388,BRB,JAM,902130
9506971,43,112,9747,2018,4150.0,0.0,1.200689,1.2822,CHN,JAM,902130
9506972,81,112,9747,2018,1846.0,0.0,1.693008,0.768159,GBR,JAM,902130
9506973,104,112,9747,2018,29159.0,0.0,0.526015,2.448112,IND,JAM,902130
9506974,111,112,9747,2018,2533.0,0.0,1.3602530000000002,0.453607,ITA,JAM,902130
9506975,231,112,9747,2018,2547198.0,22096.0,1.585861,0.44815900000000003,USA,JAM,902130
9506976,249,112,9747,2018,2723.0,0.0,2.0462540000000002,1.166636,TWN,JAM,902130
9506977,7,113,9747,2018,0.0,3249.0,0.11804400000000001,-0.326851,ARE,JOR,902130
9506978,18,113,9747,2018,928635.0,0.0,1.270641,1.201063,BEL,JOR,902130
9506979,23,113,9747,2018,903.0,0.0,0.571226,1.836856,BGR,JOR,902130
9506980,28,113,9747,2018,2638.0,0.0,0.850089,0.8332870000000001,BLR,JOR,902130
9506981,39,113,9747,2018,48406.0,0.0,0.666822,1.218593,CAN,JOR,902130
9506982,41,113,9747,2018,465053.0,0.0,2.2324330000000003,0.7801560000000001,CHE,JOR,902130
9506983,43,113,9747,2018,6135.0,0.0,1.200689,1.2822,CHN,JOR,902130
9506984,52,113,9747,2018,18403.0,0.0,0.19386,0.05811,CRI,JOR,902130
9506985,61,113,9747,2018,618058.0,6371.0,2.109059,-2.428826,DEU,JOR,902130
9506986,71,113,9747,2018,5231.0,0.0,0.744825,2.919005,ESP,JOR,902130
9506987,77,113,9747,2018,333455.0,0.0,1.420819,0.7793770000000001,FRA,JOR,902130
9506988,81,113,9747,2018,267843.0,0.0,1.693008,0.768159,GBR,JOR,902130
9506989,90,113,9747,2018,1754.0,0.0,0.059539999999999996,1.0321879999999999,GRC,JOR,902130
9506990,102,113,9747,2018,77179.0,0.0,1.519662,0.833092,HUN,JOR,902130
9506991,104,113,9747,2018,47811.0,0.0,0.526015,2.448112,IND,JOR,902130
9506992,106,113,9747,2018,4012484.0,0.0,1.262419,0.013576,IRL,JOR,902130
9506993,108,113,9747,2018,0.0,190102.0,-1.7504400000000002,-1.018699,IRQ,JOR,902130
9506994,111,113,9747,2018,584606.0,0.0,1.3602530000000002,0.453607,ITA,JOR,902130
9506995,121,113,9747,2018,53989.0,0.0,2.093866,0.764303,KOR,JOR,902130
9506996,138,113,9747,2018,219923.0,0.0,1.00061,0.585759,MEX,JOR,902130
9506997,153,113,9747,2018,54402.0,0.0,1.122976,0.734109,MYS,JOR,902130
9506998,162,113,9747,2018,3904350.0,2781.0,1.1478899999999999,1.454758,NLD,JOR,902130
9506999,168,113,9747,2018,52438.0,0.0,-0.64348,0.665045,PAK,JOR,902130
9507000,177,113,9747,2018,36975.0,0.0,1.132475,1.258945,POL,JOR,902130
9507001,192,113,9747,2018,10471.0,0.0,1.914132,0.652011,SGP,JOR,902130
9507002,216,113,9747,2018,118585.0,0.0,1.053177,1.4084969999999999,THA,JOR,902130
9507003,224,113,9747,2018,64542.0,0.0,0.518721,2.5581419999999997,TUR,JOR,902130
9507004,231,113,9747,2018,63068.0,11488.0,1.585861,0.44815900000000003,USA,JOR,902130
9507005,243,113,9747,2018,0.0,67078.0,-1.3332899999999999,-1.200589,YEM,JOR,902130
9507006,250,113,9747,2018,0.0,182915.0,0.809991,-0.368737,ANS,JOR,902130
9507007,7,114,9747,2018,0.0,313099.0,0.11804400000000001,-0.326851,ARE,JPN,902130
9507008,14,114,9747,2018,253618.0,17273.0,-0.29687199999999997,-0.123116,AUS,JPN,902130
9507009,15,114,9747,2018,141084.0,2706.0,1.774488,-0.21117800000000003,AUT,JPN,902130
9507010,16,114,9747,2018,0.0,532.0,-1.144089,-1.224327,AZE,JPN,902130
9507011,18,114,9747,2018,46496152.0,193301.0,1.270641,1.201063,BEL,JPN,902130
9507012,26,114,9747,2018,0.0,1116.0,0.526392,0.742398,BIH,JPN,902130
9507013,28,114,9747,2018,0.0,51767.0,0.850089,0.8332870000000001,BLR,JPN,902130
9507014,32,114,9747,2018,1057509.0,1033.0,0.143397,0.582092,BRA,JPN,902130
9507015,39,114,9747,2018,4601267.0,751238.0,0.666822,1.218593,CAN,JPN,902130
9507016,41,114,9747,2018,7764807.0,322715.0,2.2324330000000003,0.7801560000000001,CHE,JPN,902130
9507017,42,114,9747,2018,0.0,516613.0,-0.37677,-0.49605299999999997,CHL,JPN,902130
9507018,43,114,9747,2018,541204.0,2028400.0,1.200689,1.2822,CHN,JPN,902130
9507019,49,114,9747,2018,0.0,4080.0,0.20431,-0.15273699999999998,COL,JPN,902130
9507020,52,114,9747,2018,6865512.0,399332.0,0.19386,0.05811,CRI,JPN,902130
9507021,58,114,9747,2018,0.0,2655.0,0.45442,-0.113303,CYP,JPN,902130
9507022,59,114,9747,2018,96182.0,883585.0,1.841016,0.220806,CZE,JPN,902130
9507023,61,114,9747,2018,11724935.0,1571050.0,2.109059,-2.428826,DEU,JPN,902130
9507024,64,114,9747,2018,42465.0,0.0,1.0945040000000001,1.3311540000000002,DNK,JPN,902130
9507025,65,114,9747,2018,0.0,86448.0,-0.084258,0.474872,DOM,JPN,902130
9507026,67,114,9747,2018,0.0,3963.0,-0.873973,-1.032841,ECU,JPN,902130
9507027,68,114,9747,2018,0.0,399726.0,-0.096635,1.585658,EGY,JPN,902130
9507028,71,114,9747,2018,28450.0,3339.0,0.744825,2.919005,ESP,JPN,902130
9507029,72,114,9747,2018,70862.0,0.0,0.979986,1.2365899999999999,EST,JPN,902130
9507030,74,114,9747,2018,7482.0,8829.0,1.61151,0.9474549999999999,FIN,JPN,902130
9507031,77,114,9747,2018,3465002.0,1687267.0,1.420819,0.7793770000000001,FRA,JPN,902130
9507032,81,114,9747,2018,12030259.0,55951.0,1.693008,0.768159,GBR,JPN,902130
9507033,97,114,9747,2018,29842.0,320430.0,0.843677,1.656073,HKG,JPN,902130
9507034,102,114,9747,2018,5054.0,3160.0,1.519662,0.833092,HUN,JPN,902130
9507035,104,114,9747,2018,0.0,448678.0,0.526015,2.448112,IND,JPN,902130
9507036,106,114,9747,2018,32691852.0,1651.0,1.262419,0.013576,IRL,JPN,902130
9507037,109,114,9747,2018,3636922.0,7619.0,0.252338,-0.341319,ISL,JPN,902130
9507038,110,114,9747,2018,0.0,7071.0,1.355071,0.872822,ISR,JPN,902130
9507039,111,114,9747,2018,2029780.0,571298.0,1.3602530000000002,0.453607,ITA,JPN,902130
9507040,115,114,9747,2018,0.0,1835.0,-0.483862,-0.667417,KAZ,JPN,902130
9507041,118,114,9747,2018,0.0,6472.0,-0.45740299999999995,-0.575966,KHM,JPN,902130
9507042,121,114,9747,2018,460215.0,241619.0,2.093866,0.764303,KOR,JPN,902130
9507043,122,114,9747,2018,0.0,1105.0,-0.668802,-1.154012,KWT,JPN,902130
9507044,124,114,9747,2018,0.0,589753.0,0.270554,0.9995149999999999,LBN,JPN,902130
9507045,128,114,9747,2018,0.0,38731.0,-0.544504,0.41074099999999997,LKA,JPN,902130
9507046,130,114,9747,2018,56687.0,0.0,0.964249,1.4050200000000002,LTU,JPN,902130
9507047,131,114,9747,2018,0.0,12953.0,1.1142889999999999,1.306066,LUX,JPN,902130
9507048,135,114,9747,2018,0.0,3689.0,-0.358412,-0.271334,MDA,JPN,902130
9507049,138,114,9747,2018,39026568.0,0.0,1.00061,0.585759,MEX,JPN,902130
9507050,140,114,9747,2018,0.0,25466.0,0.079976,-0.20256,MKD,JPN,902130
9507051,145,114,9747,2018,4225.0,16450.0,-0.934398,-1.125105,MNG,JPN,902130
9507052,151,114,9747,2018,0.0,1866.0,-0.128221,0.15049400000000002,MUS,JPN,902130
9507053,153,114,9747,2018,1984746.0,17530.0,1.122976,0.734109,MYS,JPN,902130
9507054,162,114,9747,2018,124579008.0,2483951.0,1.1478899999999999,1.454758,NLD,JPN,902130
9507055,163,114,9747,2018,490384.0,100674.0,0.681639,0.021762,NOR,JPN,902130
9507056,166,114,9747,2018,0.0,62944.0,0.21902600000000003,0.148714,NZL,JPN,902130
9507057,173,114,9747,2018,0.0,8549.0,-0.6673060000000001,-0.183315,PER,JPN,902130
9507058,174,114,9747,2018,2376.0,15619.0,0.781409,0.22126700000000002,PHL,JPN,902130
9507059,177,114,9747,2018,10260.0,43979.0,1.132475,1.258945,POL,JPN,902130
9507060,179,114,9747,2018,1254.0,0.0,0.652628,2.211758,PRT,JPN,902130
9507061,186,114,9747,2018,0.0,36565.0,0.21398000000000003,0.100414,RUS,JPN,902130
9507062,188,114,9747,2018,0.0,36755.0,0.5801810000000001,-0.447514,SAU,JPN,902130
9507063,192,114,9747,2018,88390144.0,20201.0,1.914132,0.652011,SGP,JPN,902130
9507064,208,114,9747,2018,302065.0,10807.0,1.76361,0.766904,SWE,JPN,902130
9507065,216,114,9747,2018,37461.0,172095.0,1.053177,1.4084969999999999,THA,JPN,902130
9507066,223,114,9747,2018,0.0,579389.0,0.259778,1.187194,TUN,JPN,902130
9507067,224,114,9747,2018,433747.0,366474.0,0.518721,2.5581419999999997,TUR,JPN,902130
9507068,228,114,9747,2018,0.0,116872.0,0.337296,0.758675,UKR,JPN,902130
9507069,231,114,9747,2018,466862272.0,478554.0,1.585861,0.44815900000000003,USA,JPN,902130
9507070,239,114,9747,2018,2021.0,79267.0,0.003069,0.9169729999999999,VNM,JPN,902130
9507071,246,114,9747,2018,0.0,10093.0,0.158722,1.394829,ZAF,JPN,902130
9507072,247,114,9747,2018,0.0,2651.0,-0.736064,-0.93958,ZMB,JPN,902130
9507073,249,114,9747,2018,316150.0,371199.0,2.0462540000000002,1.166636,TWN,JPN,902130
9507074,18,118,9747,2018,6359.0,0.0,1.270641,1.201063,BEL,KHM,902130
9507075,32,118,9747,2018,28840.0,0.0,0.143397,0.582092,BRA,KHM,902130
9507076,43,118,9747,2018,4990.0,0.0,1.200689,1.2822,CHN,KHM,902130
9507077,61,118,9747,2018,3504.0,0.0,2.109059,-2.428826,DEU,KHM,902130
9507078,104,118,9747,2018,80225.0,0.0,0.526015,2.448112,IND,KHM,902130
9507079,114,118,9747,2018,6472.0,0.0,2.514533,-0.416074,JPN,KHM,902130
9507080,130,118,9747,2018,1412.0,0.0,0.964249,1.4050200000000002,LTU,KHM,902130
9507081,143,118,9747,2018,0.0,13983.0,-0.936467,-0.223413,MMR,KHM,902130
9507082,162,118,9747,2018,76654.0,0.0,1.1478899999999999,1.454758,NLD,KHM,902130
9507083,192,118,9747,2018,5595.0,0.0,1.914132,0.652011,SGP,KHM,902130
9507084,216,118,9747,2018,156885.0,0.0,1.053177,1.4084969999999999,THA,KHM,902130
9507085,231,118,9747,2018,13541.0,0.0,1.585861,0.44815900000000003,USA,KHM,902130
9507086,7,121,9747,2018,0.0,1406.0,0.11804400000000001,-0.326851,ARE,KOR,902130
9507087,8,121,9747,2018,140348.0,0.0,-0.14316800000000002,0.14356,ARG,KOR,902130
9507088,14,121,9747,2018,1793440.0,5693234.0,-0.29687199999999997,-0.123116,AUS,KOR,902130
9507089,15,121,9747,2018,322278.0,606699.0,1.774488,-0.21117800000000003,AUT,KOR,902130
9507090,16,121,9747,2018,0.0,12633.0,-1.144089,-1.224327,AZE,KOR,902130
9507091,18,121,9747,2018,21114746.0,188017.0,1.270641,1.201063,BEL,KOR,902130
9507092,23,121,9747,2018,66149.0,11114.0,0.571226,1.836856,BGR,KOR,902130
9507093,28,121,9747,2018,0.0,494.0,0.850089,0.8332870000000001,BLR,KOR,902130
9507094,32,121,9747,2018,920483.0,296731.0,0.143397,0.582092,BRA,KOR,902130
9507095,33,121,9747,2018,102788.0,39130.0,0.487166,-0.129388,BRB,KOR,902130
9507096,39,121,9747,2018,0.0,37603.0,0.666822,1.218593,CAN,KOR,902130
9507097,41,121,9747,2018,10778529.0,2228.0,2.2324330000000003,0.7801560000000001,CHE,KOR,902130
9507098,42,121,9747,2018,0.0,128724.0,-0.37677,-0.49605299999999997,CHL,KOR,902130
9507099,43,121,9747,2018,357536.0,6201340.0,1.200689,1.2822,CHN,KOR,902130
9507100,44,121,9747,2018,0.0,1333.0,-0.8733569999999999,-0.8443139999999999,CIV,KOR,902130
9507101,49,121,9747,2018,0.0,1073090.0,0.20431,-0.15273699999999998,COL,KOR,902130
9507102,52,121,9747,2018,3669019.0,32562.0,0.19386,0.05811,CRI,KOR,902130
9507103,58,121,9747,2018,0.0,3254.0,0.45442,-0.113303,CYP,KOR,902130
9507104,59,121,9747,2018,0.0,2306.0,1.841016,0.220806,CZE,KOR,902130
9507105,61,121,9747,2018,13407953.0,124693.0,2.109059,-2.428826,DEU,KOR,902130
9507106,64,121,9747,2018,0.0,1252.0,1.0945040000000001,1.3311540000000002,DNK,KOR,902130
9507107,65,121,9747,2018,0.0,1292.0,-0.084258,0.474872,DOM,KOR,902130
9507108,67,121,9747,2018,0.0,23539.0,-0.873973,-1.032841,ECU,KOR,902130
9507109,68,121,9747,2018,0.0,342517.0,-0.096635,1.585658,EGY,KOR,902130
9507110,71,121,9747,2018,3501.0,269982.0,0.744825,2.919005,ESP,KOR,902130
9507111,72,121,9747,2018,0.0,37294.0,0.979986,1.2365899999999999,EST,KOR,902130
9507112,77,121,9747,2018,3862546.0,5113.0,1.420819,0.7793770000000001,FRA,KOR,902130
9507113,81,121,9747,2018,922404.0,439450.0,1.693008,0.768159,GBR,KOR,902130
9507114,90,121,9747,2018,0.0,107044.0,0.059539999999999996,1.0321879999999999,GRC,KOR,902130
9507115,93,121,9747,2018,0.0,77600.0,-0.362668,0.520826,GTM,KOR,902130
9507116,97,121,9747,2018,1129286.0,299482.0,0.843677,1.656073,HKG,KOR,902130
9507117,102,121,9747,2018,407917.0,8663.0,1.519662,0.833092,HUN,KOR,902130
9507118,103,121,9747,2018,0.0,314227.0,-0.10130499999999999,1.2414209999999999,IDN,KOR,902130
9507119,104,121,9747,2018,512715.0,93499.0,0.526015,2.448112,IND,KOR,902130
9507120,106,121,9747,2018,20500.0,0.0,1.262419,0.013576,IRL,KOR,902130
9507121,107,121,9747,2018,0.0,287328.0,-0.389954,-0.258156,IRN,KOR,902130
9507122,109,121,9747,2018,948.0,0.0,0.252338,-0.341319,ISL,KOR,902130
9507123,110,121,9747,2018,735588.0,14525.0,1.355071,0.872822,ISR,KOR,902130
9507124,111,121,9747,2018,1316132.0,317198.0,1.3602530000000002,0.453607,ITA,KOR,902130
9507125,113,121,9747,2018,0.0,53989.0,-0.086895,0.283829,JOR,KOR,902130
9507126,114,121,9747,2018,241619.0,460215.0,2.514533,-0.416074,JPN,KOR,902130
9507127,115,121,9747,2018,0.0,13459.0,-0.483862,-0.667417,KAZ,KOR,902130
9507128,123,121,9747,2018,0.0,21531.0,-0.788808,-0.8012670000000001,LAO,KOR,902130
9507129,128,121,9747,2018,0.0,36650.0,-0.544504,0.41074099999999997,LKA,KOR,902130
9507130,130,121,9747,2018,0.0,155959.0,0.964249,1.4050200000000002,LTU,KOR,902130
9507131,138,121,9747,2018,4198249.0,457032.0,1.00061,0.585759,MEX,KOR,902130
9507132,143,121,9747,2018,0.0,28668.0,-0.936467,-0.223413,MMR,KOR,902130
9507133,145,121,9747,2018,0.0,35701.0,-0.934398,-1.125105,MNG,KOR,902130
9507134,153,121,9747,2018,21962.0,88734.0,1.122976,0.734109,MYS,KOR,902130
9507135,159,121,9747,2018,0.0,321.0,-1.8238,-1.259938,NGA,KOR,902130
9507136,162,121,9747,2018,43797888.0,1346909.0,1.1478899999999999,1.454758,NLD,KOR,902130
9507137,166,121,9747,2018,0.0,5614.0,0.21902600000000003,0.148714,NZL,KOR,902130
9507138,168,121,9747,2018,0.0,42489.0,-0.64348,0.665045,PAK,KOR,902130
9507139,173,121,9747,2018,0.0,90154.0,-0.6673060000000001,-0.183315,PER,KOR,902130
9507140,174,121,9747,2018,0.0,117817.0,0.781409,0.22126700000000002,PHL,KOR,902130
9507141,177,121,9747,2018,132674.0,256042.0,1.132475,1.258945,POL,KOR,902130
9507142,179,121,9747,2018,0.0,442599.0,0.652628,2.211758,PRT,KOR,902130
9507143,182,121,9747,2018,0.0,862.0,0.21430300000000002,-0.484076,PYF,KOR,902130
9507144,185,121,9747,2018,0.0,474717.0,1.050715,1.04471,ROU,KOR,902130
9507145,186,121,9747,2018,44995.0,470370.0,0.21398000000000003,0.100414,RUS,KOR,902130
9507146,188,121,9747,2018,0.0,23472.0,0.5801810000000001,-0.447514,SAU,KOR,902130
9507147,192,121,9747,2018,2885280.0,26393.0,1.914132,0.652011,SGP,KOR,902130
9507148,208,121,9747,2018,7054.0,50897.0,1.76361,0.766904,SWE,KOR,902130
9507149,209,121,9747,2018,224028.0,0.0,-0.008154999999999999,-0.6079319999999999,SWZ,KOR,902130
9507150,216,121,9747,2018,89309.0,446627.0,1.053177,1.4084969999999999,THA,KOR,902130
9507151,223,121,9747,2018,0.0,64904.0,0.259778,1.187194,TUN,KOR,902130
9507152,224,121,9747,2018,957238.0,168796.0,0.518721,2.5581419999999997,TUR,KOR,902130
9507153,228,121,9747,2018,0.0,101266.0,0.337296,0.758675,UKR,KOR,902130
9507154,230,121,9747,2018,0.0,39163.0,-0.02056,-0.38911,URY,KOR,902130
9507155,231,121,9747,2018,34126676.0,1582717.0,1.585861,0.44815900000000003,USA,KOR,902130
9507156,239,121,9747,2018,0.0,164778.0,0.003069,0.9169729999999999,VNM,KOR,902130
9507157,246,121,9747,2018,0.0,31511.0,0.158722,1.394829,ZAF,KOR,902130
9507158,248,121,9747,2018,0.0,4943.0,-1.181524,-1.0648520000000001,ZWE,KOR,902130
9507159,249,121,9747,2018,302909.0,29412.0,2.0462540000000002,1.166636,TWN,KOR,902130
9507160,7,122,9747,2018,68389.0,0.0,0.11804400000000001,-0.326851,ARE,KWT,902130
9507161,18,122,9747,2018,586674.0,0.0,1.270641,1.201063,BEL,KWT,902130
9507162,41,122,9747,2018,474149.0,0.0,2.2324330000000003,0.7801560000000001,CHE,KWT,902130
9507163,43,122,9747,2018,23338.0,0.0,1.200689,1.2822,CHN,KWT,902130
9507164,52,122,9747,2018,106386.0,0.0,0.19386,0.05811,CRI,KWT,902130
9507165,61,122,9747,2018,2226832.0,47611.0,2.109059,-2.428826,DEU,KWT,902130
9507166,71,122,9747,2018,10082.0,0.0,0.744825,2.919005,ESP,KWT,902130
9507167,77,122,9747,2018,466081.0,0.0,1.420819,0.7793770000000001,FRA,KWT,902130
9507168,81,122,9747,2018,317632.0,0.0,1.693008,0.768159,GBR,KWT,902130
9507169,104,122,9747,2018,4597.0,0.0,0.526015,2.448112,IND,KWT,902130
9507170,106,122,9747,2018,1684405.0,0.0,1.262419,0.013576,IRL,KWT,902130
9507171,109,122,9747,2018,1572.0,0.0,0.252338,-0.341319,ISL,KWT,902130
9507172,111,122,9747,2018,242951.0,19168.0,1.3602530000000002,0.453607,ITA,KWT,902130
9507173,114,122,9747,2018,1105.0,0.0,2.514533,-0.416074,JPN,KWT,902130
9507174,138,122,9747,2018,135910.0,0.0,1.00061,0.585759,MEX,KWT,902130
9507175,153,122,9747,2018,1584.0,0.0,1.122976,0.734109,MYS,KWT,902130
9507176,162,122,9747,2018,6662276.0,0.0,1.1478899999999999,1.454758,NLD,KWT,902130
9507177,183,122,9747,2018,0.0,17682.0,-0.068401,-1.014732,QAT,KWT,902130
9507178,192,122,9747,2018,155875.0,0.0,1.914132,0.652011,SGP,KWT,902130
9507179,208,122,9747,2018,28805.0,0.0,1.76361,0.766904,SWE,KWT,902130
9507180,231,122,9747,2018,143584.0,0.0,1.585861,0.44815900000000003,USA,KWT,902130
9507181,246,122,9747,2018,2760.0,0.0,0.158722,1.394829,ZAF,KWT,902130
9507182,249,122,9747,2018,7700.0,0.0,2.0462540000000002,1.166636,TWN,KWT,902130
9507183,18,130,9747,2018,1071431.0,0.0,1.270641,1.201063,BEL,LTU,902130
9507184,23,130,9747,2018,22450.0,0.0,0.571226,1.836856,BGR,LTU,902130
9507185,28,130,9747,2018,140771.0,6220273.0,0.850089,0.8332870000000001,BLR,LTU,902130
9507186,32,130,9747,2018,0.0,41487.0,0.143397,0.582092,BRA,LTU,902130
9507187,41,130,9747,2018,7410.0,20716.0,2.2324330000000003,0.7801560000000001,CHE,LTU,902130
9507188,43,130,9747,2018,3239.0,2219.0,1.200689,1.2822,CHN,LTU,902130
9507189,59,130,9747,2018,34025.0,91232.0,1.841016,0.220806,CZE,LTU,902130
9507190,61,130,9747,2018,1022646.0,13243.0,2.109059,-2.428826,DEU,LTU,902130
9507191,64,130,9747,2018,823743.0,7814.0,1.0945040000000001,1.3311540000000002,DNK,LTU,902130
9507192,71,130,9747,2018,205578.0,0.0,0.744825,2.919005,ESP,LTU,902130
9507193,72,130,9747,2018,58435.0,176106.0,0.979986,1.2365899999999999,EST,LTU,902130
9507194,74,130,9747,2018,0.0,1486.0,1.61151,0.9474549999999999,FIN,LTU,902130
9507195,77,130,9747,2018,120189.0,0.0,1.420819,0.7793770000000001,FRA,LTU,902130
9507196,81,130,9747,2018,816101.0,196366.0,1.693008,0.768159,GBR,LTU,902130
9507197,82,130,9747,2018,48453.0,245681.0,-0.049871,-0.28439899999999996,GEO,LTU,902130
9507198,102,130,9747,2018,17828.0,3075.0,1.519662,0.833092,HUN,LTU,902130
9507199,104,130,9747,2018,62952.0,0.0,0.526015,2.448112,IND,LTU,902130
9507200,106,130,9747,2018,6606.0,0.0,1.262419,0.013576,IRL,LTU,902130
9507201,110,130,9747,2018,66537.0,0.0,1.355071,0.872822,ISR,LTU,902130
9507202,111,130,9747,2018,458165.0,0.0,1.3602530000000002,0.453607,ITA,LTU,902130
9507203,114,130,9747,2018,0.0,56687.0,2.514533,-0.416074,JPN,LTU,902130
9507204,115,130,9747,2018,0.0,224258.0,-0.483862,-0.667417,KAZ,LTU,902130
9507205,118,130,9747,2018,0.0,1412.0,-0.45740299999999995,-0.575966,KHM,LTU,902130
9507206,121,130,9747,2018,155959.0,0.0,2.093866,0.764303,KOR,LTU,902130
9507207,132,130,9747,2018,1606977.0,163636.0,0.707168,1.294297,LVA,LTU,902130
9507208,162,130,9747,2018,1270106.0,52841.0,1.1478899999999999,1.454758,NLD,LTU,902130
9507209,163,130,9747,2018,0.0,1237.0,0.681639,0.021762,NOR,LTU,902130
9507210,177,130,9747,2018,207810.0,0.0,1.132475,1.258945,POL,LTU,902130
9507211,179,130,9747,2018,12492.0,0.0,0.652628,2.211758,PRT,LTU,902130
9507212,186,130,9747,2018,7477.0,4952236.0,0.21398000000000003,0.100414,RUS,LTU,902130
9507213,224,130,9747,2018,160862.0,0.0,0.518721,2.5581419999999997,TUR,LTU,902130
9507214,228,130,9747,2018,0.0,373013.0,0.337296,0.758675,UKR,LTU,902130
9507215,231,130,9747,2018,27819.0,0.0,1.585861,0.44815900000000003,USA,LTU,902130
9507216,232,130,9747,2018,0.0,35002.0,-0.591547,-0.429982,UZB,LTU,902130
9507217,7,138,9747,2018,0.0,432004.0,0.11804400000000001,-0.326851,ARE,MEX,902130
9507218,8,138,9747,2018,0.0,2567725.0,-0.14316800000000002,0.14356,ARG,MEX,902130
9507219,14,138,9747,2018,26587.0,6621018.0,-0.29687199999999997,-0.123116,AUS,MEX,902130
9507220,15,138,9747,2018,33855.0,1291725.0,1.774488,-0.21117800000000003,AUT,MEX,902130
9507221,18,138,9747,2018,3495293.0,588719.0,1.270641,1.201063,BEL,MEX,902130
9507222,24,138,9747,2018,0.0,2656.0,0.318352,-0.69221,BHR,MEX,902130
9507223,26,138,9747,2018,0.0,779.0,0.526392,0.742398,BIH,MEX,902130
9507224,31,138,9747,2018,0.0,58452.0,-1.153953,-1.070749,BOL,MEX,902130
9507225,32,138,9747,2018,1440722.0,2416666.0,0.143397,0.582092,BRA,MEX,902130
9507226,39,138,9747,2018,0.0,2675454.0,0.666822,1.218593,CAN,MEX,902130
9507227,41,138,9747,2018,437432.0,140204.0,2.2324330000000003,0.7801560000000001,CHE,MEX,902130
9507228,42,138,9747,2018,3528.0,585245.0,-0.37677,-0.49605299999999997,CHL,MEX,902130
9507229,43,138,9747,2018,219486.0,323426.0,1.200689,1.2822,CHN,MEX,902130
9507230,49,138,9747,2018,0.0,377623.0,0.20431,-0.15273699999999998,COL,MEX,902130
9507231,52,138,9747,2018,5722434.0,219331.0,0.19386,0.05811,CRI,MEX,902130
9507232,59,138,9747,2018,0.0,719516.0,1.841016,0.220806,CZE,MEX,902130
9507233,61,138,9747,2018,7847496.0,22474432.0,2.109059,-2.428826,DEU,MEX,902130
9507234,64,138,9747,2018,0.0,32657.0,1.0945040000000001,1.3311540000000002,DNK,MEX,902130
9507235,65,138,9747,2018,0.0,81973.0,-0.084258,0.474872,DOM,MEX,902130
9507236,67,138,9747,2018,0.0,287622.0,-0.873973,-1.032841,ECU,MEX,902130
9507237,71,138,9747,2018,322595.0,3199894.0,0.744825,2.919005,ESP,MEX,902130
9507238,72,138,9747,2018,0.0,30655.0,0.979986,1.2365899999999999,EST,MEX,902130
9507239,74,138,9747,2018,0.0,369200.0,1.61151,0.9474549999999999,FIN,MEX,902130
9507240,77,138,9747,2018,2285821.0,13111622.0,1.420819,0.7793770000000001,FRA,MEX,902130
9507241,81,138,9747,2018,1772833.0,3289.0,1.693008,0.768159,GBR,MEX,902130
9507242,93,138,9747,2018,0.0,32405.0,-0.362668,0.520826,GTM,MEX,902130
9507243,97,138,9747,2018,2732.0,0.0,0.843677,1.656073,HKG,MEX,902130
9507244,99,138,9747,2018,0.0,11852.0,-0.523738,-0.193198,HND,MEX,902130
9507245,102,138,9747,2018,20317.0,0.0,1.519662,0.833092,HUN,MEX,902130
9507246,104,138,9747,2018,417307.0,39354.0,0.526015,2.448112,IND,MEX,902130
9507247,106,138,9747,2018,18185868.0,30169.0,1.262419,0.013576,IRL,MEX,902130
9507248,109,138,9747,2018,244413.0,95010.0,0.252338,-0.341319,ISL,MEX,902130
9507249,110,138,9747,2018,172915.0,3952226.0,1.355071,0.872822,ISR,MEX,902130
9507250,111,138,9747,2018,1688192.0,107151.0,1.3602530000000002,0.453607,ITA,MEX,902130
9507251,113,138,9747,2018,0.0,219923.0,-0.086895,0.283829,JOR,MEX,902130
9507252,114,138,9747,2018,0.0,39026568.0,2.514533,-0.416074,JPN,MEX,902130
9507253,115,138,9747,2018,0.0,83854.0,-0.483862,-0.667417,KAZ,MEX,902130
9507254,121,138,9747,2018,457032.0,4198249.0,2.093866,0.764303,KOR,MEX,902130
9507255,122,138,9747,2018,0.0,135910.0,-0.668802,-1.154012,KWT,MEX,902130
9507256,124,138,9747,2018,0.0,1350134.0,0.270554,0.9995149999999999,LBN,MEX,902130
9507257,131,138,9747,2018,0.0,12449.0,1.1142889999999999,1.306066,LUX,MEX,902130
9507258,134,138,9747,2018,0.0,104137.0,-0.712775,-0.090013,MAR,MEX,902130
9507259,135,138,9747,2018,0.0,1026.0,-0.358412,-0.271334,MDA,MEX,902130
9507260,140,138,9747,2018,0.0,76246.0,0.079976,-0.20256,MKD,MEX,902130
9507261,144,138,9747,2018,0.0,65043.0,0.332495,0.124258,MNE,MEX,902130
9507262,151,138,9747,2018,0.0,40127.0,-0.128221,0.15049400000000002,MUS,MEX,902130
9507263,153,138,9747,2018,0.0,12705.0,1.122976,0.734109,MYS,MEX,902130
9507264,160,138,9747,2018,0.0,11529.0,-0.887282,-0.827008,NIC,MEX,902130
9507265,162,138,9747,2018,9758004.0,25218382.0,1.1478899999999999,1.454758,NLD,MEX,902130
9507266,163,138,9747,2018,0.0,314203.0,0.681639,0.021762,NOR,MEX,902130
9507267,166,138,9747,2018,0.0,148488.0,0.21902600000000003,0.148714,NZL,MEX,902130
9507268,167,138,9747,2018,0.0,34526.0,-0.548048,-0.9972989999999999,OMN,MEX,902130
9507269,168,138,9747,2018,0.0,4235.0,-0.64348,0.665045,PAK,MEX,902130
9507270,173,138,9747,2018,0.0,254530.0,-0.6673060000000001,-0.183315,PER,MEX,902130
9507271,177,138,9747,2018,80976.0,1373755.0,1.132475,1.258945,POL,MEX,902130
9507272,180,138,9747,2018,0.0,8437.0,-0.614751,-0.952478,PRY,MEX,902130
9507273,182,138,9747,2018,0.0,20165.0,0.21430300000000002,-0.484076,PYF,MEX,902130
9507274,183,138,9747,2018,0.0,443890.0,-0.068401,-1.014732,QAT,MEX,902130
9507275,185,138,9747,2018,20395.0,5041.0,1.050715,1.04471,ROU,MEX,902130
9507276,186,138,9747,2018,0.0,5538076.0,0.21398000000000003,0.100414,RUS,MEX,902130
9507277,188,138,9747,2018,0.0,1175748.0,0.5801810000000001,-0.447514,SAU,MEX,902130
9507278,192,138,9747,2018,0.0,1222191.0,1.914132,0.652011,SGP,MEX,902130
9507279,197,138,9747,2018,0.0,77989.0,0.073928,0.22548600000000002,SLV,MEX,902130
9507280,201,138,9747,2018,0.0,1903.0,0.607486,1.2139389999999999,SRB,MEX,902130
9507281,206,138,9747,2018,0.0,250387.0,1.3270979999999999,0.877684,SVK,MEX,902130
9507282,207,138,9747,2018,0.0,101076.0,1.67428,0.7703800000000001,SVN,MEX,902130
9507283,216,138,9747,2018,0.0,531647.0,1.053177,1.4084969999999999,THA,MEX,902130
9507284,223,138,9747,2018,0.0,54076.0,0.259778,1.187194,TUN,MEX,902130
9507285,224,138,9747,2018,219415.0,956615.0,0.518721,2.5581419999999997,TUR,MEX,902130
9507286,228,138,9747,2018,0.0,367176.0,0.337296,0.758675,UKR,MEX,902130
9507287,230,138,9747,2018,0.0,294218.0,-0.02056,-0.38911,URY,MEX,902130
9507288,231,138,9747,2018,44209308.0,136787872.0,1.585861,0.44815900000000003,USA,MEX,902130
9507289,246,138,9747,2018,0.0,706883.0,0.158722,1.394829,ZAF,MEX,902130
9507290,249,138,9747,2018,4468.0,226222.0,2.0462540000000002,1.166636,TWN,MEX,902130
9507291,7,153,9747,2018,0.0,1351.0,0.11804400000000001,-0.326851,ARE,MYS,902130
9507292,8,153,9747,2018,0.0,49885.0,-0.14316800000000002,0.14356,ARG,MYS,902130
9507293,14,153,9747,2018,63012.0,74620.0,-0.29687199999999997,-0.123116,AUS,MYS,902130
9507294,18,153,9747,2018,1342208.0,9949913.0,1.270641,1.201063,BEL,MYS,902130
9507295,23,153,9747,2018,14679.0,0.0,0.571226,1.836856,BGR,MYS,902130
9507296,32,153,9747,2018,9467.0,635478.0,0.143397,0.582092,BRA,MYS,902130
9507297,34,153,9747,2018,0.0,5141.0,0.562198,-0.774457,BRN,MYS,902130
9507298,39,153,9747,2018,0.0,18551.0,0.666822,1.218593,CAN,MYS,902130
9507299,41,153,9747,2018,1843369.0,2562.0,2.2324330000000003,0.7801560000000001,CHE,MYS,902130
9507300,42,153,9747,2018,0.0,171404.0,-0.37677,-0.49605299999999997,CHL,MYS,902130
9507301,43,153,9747,2018,64655.0,0.0,1.200689,1.2822,CHN,MYS,902130
9507302,49,153,9747,2018,0.0,31583.0,0.20431,-0.15273699999999998,COL,MYS,902130
9507303,52,153,9747,2018,16762.0,0.0,0.19386,0.05811,CRI,MYS,902130
9507304,61,153,9747,2018,1215871.0,220587.0,2.109059,-2.428826,DEU,MYS,902130
9507305,64,153,9747,2018,10725.0,0.0,1.0945040000000001,1.3311540000000002,DNK,MYS,902130
9507306,71,153,9747,2018,24449.0,1106057.0,0.744825,2.919005,ESP,MYS,902130
9507307,74,153,9747,2018,17502.0,0.0,1.61151,0.9474549999999999,FIN,MYS,902130
9507308,77,153,9747,2018,351863.0,5836941.0,1.420819,0.7793770000000001,FRA,MYS,902130
9507309,81,153,9747,2018,264276.0,1332.0,1.693008,0.768159,GBR,MYS,902130
9507310,97,153,9747,2018,452794.0,86474.0,0.843677,1.656073,HKG,MYS,902130
9507311,102,153,9747,2018,89795.0,0.0,1.519662,0.833092,HUN,MYS,902130
9507312,103,153,9747,2018,0.0,1487.0,-0.10130499999999999,1.2414209999999999,IDN,MYS,902130
9507313,104,153,9747,2018,303394.0,186635.0,0.526015,2.448112,IND,MYS,902130
9507314,106,153,9747,2018,302306.0,2381062.0,1.262419,0.013576,IRL,MYS,902130
9507315,110,153,9747,2018,20000.0,8002.0,1.355071,0.872822,ISR,MYS,902130
9507316,111,153,9747,2018,127387.0,6501.0,1.3602530000000002,0.453607,ITA,MYS,902130
9507317,113,153,9747,2018,0.0,54402.0,-0.086895,0.283829,JOR,MYS,902130
9507318,114,153,9747,2018,17530.0,1984746.0,2.514533,-0.416074,JPN,MYS,902130
9507319,121,153,9747,2018,88734.0,21962.0,2.093866,0.764303,KOR,MYS,902130
9507320,122,153,9747,2018,0.0,1584.0,-0.668802,-1.154012,KWT,MYS,902130
9507321,131,153,9747,2018,0.0,758.0,1.1142889999999999,1.306066,LUX,MYS,902130
9507322,133,153,9747,2018,0.0,2326.0,0.44520299999999996,0.042491,MAC,MYS,902130
9507323,134,153,9747,2018,0.0,55042.0,-0.712775,-0.090013,MAR,MYS,902130
9507324,138,153,9747,2018,12705.0,0.0,1.00061,0.585759,MEX,MYS,902130
9507325,162,153,9747,2018,3698929.0,230565.0,1.1478899999999999,1.454758,NLD,MYS,902130
9507326,163,153,9747,2018,0.0,1001.0,0.681639,0.021762,NOR,MYS,902130
9507327,166,153,9747,2018,0.0,10486.0,0.21902600000000003,0.148714,NZL,MYS,902130
9507328,168,153,9747,2018,1114.0,0.0,-0.64348,0.665045,PAK,MYS,902130
9507329,174,153,9747,2018,1045.0,3610.0,0.781409,0.22126700000000002,PHL,MYS,902130
9507330,180,153,9747,2018,0.0,13794.0,-0.614751,-0.952478,PRY,MYS,902130
9507331,185,153,9747,2018,2331.0,0.0,1.050715,1.04471,ROU,MYS,902130
9507332,188,153,9747,2018,0.0,67676.0,0.5801810000000001,-0.447514,SAU,MYS,902130
9507333,192,153,9747,2018,3488734.0,114857.0,1.914132,0.652011,SGP,MYS,902130
9507334,197,153,9747,2018,0.0,6378.0,0.073928,0.22548600000000002,SLV,MYS,902130
9507335,201,153,9747,2018,0.0,754.0,0.607486,1.2139389999999999,SRB,MYS,902130
9507336,208,153,9747,2018,72884.0,0.0,1.76361,0.766904,SWE,MYS,902130
9507337,216,153,9747,2018,66018.0,595158.0,1.053177,1.4084969999999999,THA,MYS,902130
9507338,224,153,9747,2018,61726.0,732253.0,0.518721,2.5581419999999997,TUR,MYS,902130
9507339,231,153,9747,2018,1763469.0,33059658.0,1.585861,0.44815900000000003,USA,MYS,902130
9507340,239,153,9747,2018,0.0,73689.0,0.003069,0.9169729999999999,VNM,MYS,902130
9507341,246,153,9747,2018,0.0,197784.0,0.158722,1.394829,ZAF,MYS,902130
9507342,249,153,9747,2018,109971.0,40072.0,2.0462540000000002,1.166636,TWN,MYS,902130
9507343,8,160,9747,2018,3314.0,0.0,-0.14316800000000002,0.14356,ARG,NIC,902130
9507344,32,160,9747,2018,4308.0,0.0,0.143397,0.582092,BRA,NIC,902130
9507345,41,160,9747,2018,1306.0,0.0,2.2324330000000003,0.7801560000000001,CHE,NIC,902130
9507346,43,160,9747,2018,1545.0,0.0,1.200689,1.2822,CHN,NIC,902130
9507347,52,160,9747,2018,131571.0,0.0,0.19386,0.05811,CRI,NIC,902130
9507348,61,160,9747,2018,51128.0,0.0,2.109059,-2.428826,DEU,NIC,902130
9507349,71,160,9747,2018,1920.0,0.0,0.744825,2.919005,ESP,NIC,902130
9507350,81,160,9747,2018,3052.0,0.0,1.693008,0.768159,GBR,NIC,902130
9507351,104,160,9747,2018,8983.0,0.0,0.526015,2.448112,IND,NIC,902130
9507352,111,160,9747,2018,38219.0,0.0,1.3602530000000002,0.453607,ITA,NIC,902130
9507353,138,160,9747,2018,11529.0,0.0,1.00061,0.585759,MEX,NIC,902130
9507354,162,160,9747,2018,14676.0,0.0,1.1478899999999999,1.454758,NLD,NIC,902130
9507355,231,160,9747,2018,57072.0,11088.0,1.585861,0.44815900000000003,USA,NIC,902130
9507356,0,162,9747,2018,0.0,368582.0,0.8710549999999999,0.084402,ABW,NLD,902130
9507357,4,162,9747,2018,0.0,194503.0,-0.456481,-0.139655,ALB,NLD,902130
9507358,5,162,9747,2018,0.0,4920.0,0.975648,0.525437,AND,NLD,902130
9507359,7,162,9747,2018,106835.0,6981866.0,0.11804400000000001,-0.326851,ARE,NLD,902130
9507360,8,162,9747,2018,147404.0,7102736.0,-0.14316800000000002,0.14356,ARG,NLD,902130
9507361,9,162,9747,2018,0.0,773218.0,-0.330516,-0.604744,ARM,NLD,902130
9507362,14,162,9747,2018,1521109.0,33549216.0,-0.29687199999999997,-0.123116,AUS,NLD,902130
9507363,15,162,9747,2018,4260717.0,29229526.0,1.774488,-0.21117800000000003,AUT,NLD,902130
9507364,16,162,9747,2018,0.0,56661.0,-1.144089,-1.224327,AZE,NLD,902130
9507365,18,162,9747,2018,22509414.0,132953712.0,1.270641,1.201063,BEL,NLD,902130
9507366,20,162,9747,2018,0.0,10721.0,0.952758,-0.631328,BES,NLD,902130
9507367,22,162,9747,2018,0.0,5189852.0,-0.899467,-0.9823719999999999,BGD,NLD,902130
9507368,23,162,9747,2018,1911.0,3380454.0,0.571226,1.836856,BGR,NLD,902130
9507369,24,162,9747,2018,0.0,1378655.0,0.318352,-0.69221,BHR,NLD,902130
9507370,26,162,9747,2018,59185.0,555819.0,0.526392,0.742398,BIH,NLD,902130
9507371,28,162,9747,2018,24169.0,1156538.0,0.850089,0.8332870000000001,BLR,NLD,902130
9507372,31,162,9747,2018,0.0,76843.0,-1.153953,-1.070749,BOL,NLD,902130
9507373,32,162,9747,2018,2525693.0,15260379.0,0.143397,0.582092,BRA,NLD,902130
9507374,33,162,9747,2018,0.0,246121.0,0.487166,-0.129388,BRB,NLD,902130
9507375,34,162,9747,2018,98628.0,312931.0,0.562198,-0.774457,BRN,NLD,902130
9507376,37,162,9747,2018,12535.0,21783.0,-0.8339610000000001,-1.184307,BWA,NLD,902130
9507377,39,162,9747,2018,1621657.0,31753492.0,0.666822,1.218593,CAN,NLD,902130
9507378,41,162,9747,2018,51570872.0,59034404.0,2.2324330000000003,0.7801560000000001,CHE,NLD,902130
9507379,42,162,9747,2018,848964.0,2943307.0,-0.37677,-0.49605299999999997,CHL,NLD,902130
9507380,43,162,9747,2018,153368.0,84982552.0,1.200689,1.2822,CHN,NLD,902130
9507381,46,162,9747,2018,0.0,22434.0,-1.743034,-1.20446,COD,NLD,902130
9507382,49,162,9747,2018,464560.0,3510601.0,0.20431,-0.15273699999999998,COL,NLD,902130
9507383,52,162,9747,2018,3129401.0,3051798.0,0.19386,0.05811,CRI,NLD,902130
9507384,54,162,9747,2018,0.0,4541.0,-0.8835629999999999,-1.15678,CUB,NLD,902130
9507385,55,162,9747,2018,0.0,968613.0,0.8093,-0.325347,CUW,NLD,902130
9507386,57,162,9747,2018,24330.0,63964.0,-0.194933,-0.930874,CYM,NLD,902130
9507387,58,162,9747,2018,134665.0,2967784.0,0.45442,-0.113303,CYP,NLD,902130
9507388,59,162,9747,2018,2108436.0,16434409.0,1.841016,0.220806,CZE,NLD,902130
9507389,61,162,9747,2018,38884584.0,223013872.0,2.109059,-2.428826,DEU,NLD,902130
9507390,64,162,9747,2018,64546.0,20716450.0,1.0945040000000001,1.3311540000000002,DNK,NLD,902130
9507391,65,162,9747,2018,15072.0,1407356.0,-0.084258,0.474872,DOM,NLD,902130
9507392,66,162,9747,2018,0.0,2180863.0,-1.281519,-1.22291,DZA,NLD,902130
9507393,67,162,9747,2018,0.0,626058.0,-0.873973,-1.032841,ECU,NLD,902130
9507394,68,162,9747,2018,26616.0,7535648.0,-0.096635,1.585658,EGY,NLD,902130
9507395,71,162,9747,2018,19036352.0,66596588.0,0.744825,2.919005,ESP,NLD,902130
9507396,72,162,9747,2018,14911.0,893771.0,0.979986,1.2365899999999999,EST,NLD,902130
9507397,73,162,9747,2018,0.0,6951.0,-0.874857,-0.464958,ETH,NLD,902130
9507398,74,162,9747,2018,36227.0,10299068.0,1.61151,0.9474549999999999,FIN,NLD,902130
9507399,77,162,9747,2018,147760688.0,179646192.0,1.420819,0.7793770000000001,FRA,NLD,902130
9507400,81,162,9747,2018,35397752.0,131830008.0,1.693008,0.768159,GBR,NLD,902130
9507401,82,162,9747,2018,0.0,776466.0,-0.049871,-0.28439899999999996,GEO,NLD,902130
9507402,83,162,9747,2018,0.0,10094.0,-0.956109,-0.861556,GHA,NLD,902130
9507403,90,162,9747,2018,294532.0,12488887.0,0.059539999999999996,1.0321879999999999,GRC,NLD,902130
9507404,93,162,9747,2018,0.0,8191.0,-0.362668,0.520826,GTM,NLD,902130
9507405,96,162,9747,2018,0.0,2435.0,-0.841458,-0.9803280000000001,GUY,NLD,902130
9507406,97,162,9747,2018,254207.0,24595136.0,0.843677,1.656073,HKG,NLD,902130
9507407,100,162,9747,2018,11156.0,1123851.0,0.7923720000000001,1.4047209999999999,HRV,NLD,902130
9507408,102,162,9747,2018,290632.0,6534084.0,1.519662,0.833092,HUN,NLD,902130
9507409,103,162,9747,2018,4271.0,3315398.0,-0.10130499999999999,1.2414209999999999,IDN,NLD,902130
9507410,104,162,9747,2018,282178.0,29501336.0,0.526015,2.448112,IND,NLD,902130
9507411,106,162,9747,2018,113770536.0,12313990.0,1.262419,0.013576,IRL,NLD,902130
9507412,107,162,9747,2018,0.0,15613246.0,-0.389954,-0.258156,IRN,NLD,902130
9507413,108,162,9747,2018,12748.0,2997376.0,-1.7504400000000002,-1.018699,IRQ,NLD,902130
9507414,109,162,9747,2018,11083682.0,1105251.0,0.252338,-0.341319,ISL,NLD,902130
9507415,110,162,9747,2018,826458.0,21117522.0,1.355071,0.872822,ISR,NLD,902130
9507416,111,162,9747,2018,5032960.0,185429232.0,1.3602530000000002,0.453607,ITA,NLD,902130
9507417,113,162,9747,2018,2781.0,3904350.0,-0.086895,0.283829,JOR,NLD,902130
9507418,114,162,9747,2018,2483951.0,124579008.0,2.514533,-0.416074,JPN,NLD,902130
9507419,115,162,9747,2018,637.0,1616471.0,-0.483862,-0.667417,KAZ,NLD,902130
9507420,116,162,9747,2018,0.0,124662.0,-0.32707800000000004,0.71009,KEN,NLD,902130
9507421,118,162,9747,2018,0.0,76654.0,-0.45740299999999995,-0.575966,KHM,NLD,902130
9507422,121,162,9747,2018,1346909.0,43797888.0,2.093866,0.764303,KOR,NLD,902130
9507423,122,162,9747,2018,0.0,6662276.0,-0.668802,-1.154012,KWT,NLD,902130
9507424,124,162,9747,2018,31039.0,7819664.0,0.270554,0.9995149999999999,LBN,NLD,902130
9507425,126,162,9747,2018,0.0,4576246.0,-1.608786,-1.231101,LBY,NLD,902130
9507426,128,162,9747,2018,77858.0,5345667.0,-0.544504,0.41074099999999997,LKA,NLD,902130
9507427,130,162,9747,2018,52841.0,1270106.0,0.964249,1.4050200000000002,LTU,NLD,902130
9507428,131,162,9747,2018,188813.0,1410277.0,1.1142889999999999,1.306066,LUX,NLD,902130
9507429,132,162,9747,2018,8192.0,2301570.0,0.707168,1.294297,LVA,NLD,902130
9507430,134,162,9747,2018,0.0,1666793.0,-0.712775,-0.090013,MAR,NLD,902130
9507431,135,162,9747,2018,0.0,61794.0,-0.358412,-0.271334,MDA,NLD,902130
9507432,137,162,9747,2018,0.0,153630.0,-0.577527,-0.952098,MDV,NLD,902130
9507433,138,162,9747,2018,25218382.0,9758004.0,1.00061,0.585759,MEX,NLD,902130
9507434,140,162,9747,2018,0.0,618097.0,0.079976,-0.20256,MKD,NLD,902130
9507435,142,162,9747,2018,23686.0,1287649.0,0.9621219999999999,0.257289,MLT,NLD,902130
9507436,143,162,9747,2018,0.0,117545.0,-0.936467,-0.223413,MMR,NLD,902130
9507437,144,162,9747,2018,0.0,74502.0,0.332495,0.124258,MNE,NLD,902130
9507438,145,162,9747,2018,0.0,171097.0,-0.934398,-1.125105,MNG,NLD,902130
9507439,151,162,9747,2018,0.0,323148.0,-0.128221,0.15049400000000002,MUS,NLD,902130
9507440,153,162,9747,2018,230565.0,3698929.0,1.122976,0.734109,MYS,NLD,902130
9507441,156,162,9747,2018,0.0,50719.0,-0.49370299999999995,-0.865432,NCL,NLD,902130
9507442,159,162,9747,2018,0.0,17055.0,-1.8238,-1.259938,NGA,NLD,902130
9507443,160,162,9747,2018,0.0,14676.0,-0.887282,-0.827008,NIC,NLD,902130
9507444,163,162,9747,2018,809356.0,12755428.0,0.681639,0.021762,NOR,NLD,902130
9507445,164,162,9747,2018,0.0,890333.0,-0.252837,0.999258,NPL,NLD,902130
9507446,166,162,9747,2018,116411.0,3482257.0,0.21902600000000003,0.148714,NZL,NLD,902130
9507447,167,162,9747,2018,1936.0,2841222.0,-0.548048,-0.9972989999999999,OMN,NLD,902130
9507448,168,162,9747,2018,0.0,7497042.0,-0.64348,0.665045,PAK,NLD,902130
9507449,169,162,9747,2018,0.0,946803.0,0.104326,-0.11611800000000001,PAN,NLD,902130
9507450,173,162,9747,2018,35204.0,1068822.0,-0.6673060000000001,-0.183315,PER,NLD,902130
9507451,174,162,9747,2018,0.0,646856.0,0.781409,0.22126700000000002,PHL,NLD,902130
9507452,177,162,9747,2018,6518748.0,32829412.0,1.132475,1.258945,POL,NLD,902130
9507453,179,162,9747,2018,5263484.0,20115516.0,0.652628,2.211758,PRT,NLD,902130
9507454,180,162,9747,2018,52194.0,111265.0,-0.614751,-0.952478,PRY,NLD,902130
9507455,181,162,9747,2018,0.0,1036855.0,0.096402,0.735946,PSE,NLD,902130
9507456,182,162,9747,2018,0.0,3009.0,0.21430300000000002,-0.484076,PYF,NLD,902130
9507457,183,162,9747,2018,10297.0,2184945.0,-0.068401,-1.014732,QAT,NLD,902130
9507458,185,162,9747,2018,67538.0,7102911.0,1.050715,1.04471,ROU,NLD,902130
9507459,186,162,9747,2018,555734.0,47977652.0,0.21398000000000003,0.100414,RUS,NLD,902130
9507460,188,162,9747,2018,181663.0,21057084.0,0.5801810000000001,-0.447514,SAU,NLD,902130
9507461,190,162,9747,2018,0.0,49194.0,-1.278532,-1.176008,SDN,NLD,902130
9507462,191,162,9747,2018,0.0,9276.0,-0.751378,-0.390573,SEN,NLD,902130
9507463,192,162,9747,2018,298568160.0,8962756.0,1.914132,0.652011,SGP,NLD,902130
9507464,197,162,9747,2018,0.0,24222.0,0.073928,0.22548600000000002,SLV,NLD,902130
9507465,201,162,9747,2018,15457.0,1843057.0,0.607486,1.2139389999999999,SRB,NLD,902130
9507466,206,162,9747,2018,10855.0,6667497.0,1.3270979999999999,0.877684,SVK,NLD,902130
9507467,207,162,9747,2018,24455.0,2919653.0,1.67428,0.7703800000000001,SVN,NLD,902130
9507468,208,162,9747,2018,474110.0,31571096.0,1.76361,0.766904,SWE,NLD,902130
9507469,210,162,9747,2018,0.0,1425.0,1.115443,-0.661118,SXM,NLD,902130
9507470,212,162,9747,2018,0.0,530219.0,-0.6836760000000001,0.554563,SYR,NLD,902130
9507471,216,162,9747,2018,996613.0,17246018.0,1.053177,1.4084969999999999,THA,NLD,902130
9507472,217,162,9747,2018,0.0,10007.0,-0.757793,-1.0641209999999999,TJK,NLD,902130
9507473,219,162,9747,2018,0.0,109581.0,-1.0081209999999998,-1.190796,TKM,NLD,902130
9507474,222,162,9747,2018,0.0,89213.0,-0.281617,-1.009652,TTO,NLD,902130
9507475,223,162,9747,2018,32259.0,1280976.0,0.259778,1.187194,TUN,NLD,902130
9507476,224,162,9747,2018,2480396.0,15787609.0,0.518721,2.5581419999999997,TUR,NLD,902130
9507477,226,162,9747,2018,0.0,68015.0,-0.09850700000000001,1.145606,TZA,NLD,902130
9507478,227,162,9747,2018,0.0,33427.0,-0.621049,-0.061448,UGA,NLD,902130
9507479,228,162,9747,2018,58133.0,1509878.0,0.337296,0.758675,UKR,NLD,902130
9507480,230,162,9747,2018,0.0,1264595.0,-0.02056,-0.38911,URY,NLD,902130
9507481,231,162,9747,2018,657720448.0,127917528.0,1.585861,0.44815900000000003,USA,NLD,902130
9507482,232,162,9747,2018,0.0,119964.0,-0.591547,-0.429982,UZB,NLD,902130
9507483,236,162,9747,2018,0.0,49894.0,-1.081138,-1.198717,VEN,NLD,902130
9507484,239,162,9747,2018,113897.0,6787373.0,0.003069,0.9169729999999999,VNM,NLD,902130
9507485,243,162,9747,2018,0.0,254887.0,-1.3332899999999999,-1.200589,YEM,NLD,902130
9507486,246,162,9747,2018,1107302.0,7541870.0,0.158722,1.394829,ZAF,NLD,902130
9507487,249,162,9747,2018,1546752.0,16088811.0,2.0462540000000002,1.166636,TWN,NLD,902130
9507488,14,163,9747,2018,718.0,0.0,-0.29687199999999997,-0.123116,AUS,NOR,902130
9507489,15,163,9747,2018,136068.0,0.0,1.774488,-0.21117800000000003,AUT,NOR,902130
9507490,18,163,9747,2018,1852155.0,253610.0,1.270641,1.201063,BEL,NOR,902130
9507491,23,163,9747,2018,19438.0,0.0,0.571226,1.836856,BGR,NOR,902130
9507492,32,163,9747,2018,15792.0,0.0,0.143397,0.582092,BRA,NOR,902130
9507493,39,163,9747,2018,24050.0,0.0,0.666822,1.218593,CAN,NOR,902130
9507494,41,163,9747,2018,2450525.0,28677.0,2.2324330000000003,0.7801560000000001,CHE,NOR,902130
9507495,43,163,9747,2018,45074.0,258087.0,1.200689,1.2822,CHN,NOR,902130
9507496,52,163,9747,2018,339543.0,0.0,0.19386,0.05811,CRI,NOR,902130
9507497,59,163,9747,2018,14977.0,0.0,1.841016,0.220806,CZE,NOR,902130
9507498,61,163,9747,2018,4900792.0,520157.0,2.109059,-2.428826,DEU,NOR,902130
9507499,64,163,9747,2018,1496301.0,41432.0,1.0945040000000001,1.3311540000000002,DNK,NOR,902130
9507500,68,163,9747,2018,3313.0,0.0,-0.096635,1.585658,EGY,NOR,902130
9507501,71,163,9747,2018,4669.0,2303.0,0.744825,2.919005,ESP,NOR,902130
9507502,72,163,9747,2018,5193.0,0.0,0.979986,1.2365899999999999,EST,NOR,902130
9507503,74,163,9747,2018,59097.0,14839.0,1.61151,0.9474549999999999,FIN,NOR,902130
9507504,77,163,9747,2018,315328.0,32769.0,1.420819,0.7793770000000001,FRA,NOR,902130
9507505,81,163,9747,2018,1331697.0,11218.0,1.693008,0.768159,GBR,NOR,902130
9507506,97,163,9747,2018,0.0,12907.0,0.843677,1.656073,HKG,NOR,902130
9507507,100,163,9747,2018,1289.0,0.0,0.7923720000000001,1.4047209999999999,HRV,NOR,902130
9507508,102,163,9747,2018,1786.0,0.0,1.519662,0.833092,HUN,NOR,902130
9507509,106,163,9747,2018,1018943.0,0.0,1.262419,0.013576,IRL,NOR,902130
9507510,109,163,9747,2018,192399.0,1699.0,0.252338,-0.341319,ISL,NOR,902130
9507511,110,163,9747,2018,11393.0,7092.0,1.355071,0.872822,ISR,NOR,902130
9507512,111,163,9747,2018,24217.0,0.0,1.3602530000000002,0.453607,ITA,NOR,902130
9507513,114,163,9747,2018,100674.0,490384.0,2.514533,-0.416074,JPN,NOR,902130
9507514,130,163,9747,2018,1237.0,0.0,0.964249,1.4050200000000002,LTU,NOR,902130
9507515,138,163,9747,2018,314203.0,0.0,1.00061,0.585759,MEX,NOR,902130
9507516,153,163,9747,2018,1001.0,0.0,1.122976,0.734109,MYS,NOR,902130
9507517,162,163,9747,2018,12755428.0,809356.0,1.1478899999999999,1.454758,NLD,NOR,902130
9507518,177,163,9747,2018,4223.0,0.0,1.132475,1.258945,POL,NOR,902130
9507519,179,163,9747,2018,2824.0,0.0,0.652628,2.211758,PRT,NOR,902130
9507520,185,163,9747,2018,0.0,99823.0,1.050715,1.04471,ROU,NOR,902130
9507521,192,163,9747,2018,3806.0,0.0,1.914132,0.652011,SGP,NOR,902130
9507522,208,163,9747,2018,5304432.0,294336.0,1.76361,0.766904,SWE,NOR,902130
9507523,224,163,9747,2018,118295.0,0.0,0.518721,2.5581419999999997,TUR,NOR,902130
9507524,231,163,9747,2018,216213.0,34989.0,1.585861,0.44815900000000003,USA,NOR,902130
9507525,239,163,9747,2018,1134.0,0.0,0.003069,0.9169729999999999,VNM,NOR,902130
9507526,246,163,9747,2018,6742.0,0.0,0.158722,1.394829,ZAF,NOR,902130
9507527,249,163,9747,2018,858.0,0.0,2.0462540000000002,1.166636,TWN,NOR,902130
9507528,8,166,9747,2018,1324.0,7477.0,-0.14316800000000002,0.14356,ARG,NZL,902130
9507529,14,166,9747,2018,6781410.0,2803338.0,-0.29687199999999997,-0.123116,AUS,NZL,902130
9507530,15,166,9747,2018,50991.0,1255.0,1.774488,-0.21117800000000003,AUT,NZL,902130
9507531,18,166,9747,2018,2367272.0,226491.0,1.270641,1.201063,BEL,NZL,902130
9507532,32,166,9747,2018,2867.0,0.0,0.143397,0.582092,BRA,NZL,902130
9507533,39,166,9747,2018,40796.0,0.0,0.666822,1.218593,CAN,NZL,902130
9507534,41,166,9747,2018,951292.0,114311.0,2.2324330000000003,0.7801560000000001,CHE,NZL,902130
9507535,43,166,9747,2018,89140.0,0.0,1.200689,1.2822,CHN,NZL,902130
9507536,52,166,9747,2018,548695.0,0.0,0.19386,0.05811,CRI,NZL,902130
9507537,61,166,9747,2018,346872.0,24959.0,2.109059,-2.428826,DEU,NZL,902130
9507538,64,166,9747,2018,125366.0,0.0,1.0945040000000001,1.3311540000000002,DNK,NZL,902130
9507539,71,166,9747,2018,1937.0,1550.0,0.744825,2.919005,ESP,NZL,902130
9507540,75,166,9747,2018,0.0,48241.0,-0.269185,0.006362,FJI,NZL,902130
9507541,77,166,9747,2018,493637.0,0.0,1.420819,0.7793770000000001,FRA,NZL,902130
9507542,81,166,9747,2018,470504.0,10683.0,1.693008,0.768159,GBR,NZL,902130
9507543,90,166,9747,2018,0.0,2154.0,0.059539999999999996,1.0321879999999999,GRC,NZL,902130
9507544,97,166,9747,2018,46021.0,0.0,0.843677,1.656073,HKG,NZL,902130
9507545,102,166,9747,2018,4122.0,0.0,1.519662,0.833092,HUN,NZL,902130
9507546,106,166,9747,2018,775996.0,24995.0,1.262419,0.013576,IRL,NZL,902130
9507547,107,166,9747,2018,927.0,14407.0,-0.389954,-0.258156,IRN,NZL,902130
9507548,111,166,9747,2018,194327.0,11445.0,1.3602530000000002,0.453607,ITA,NZL,902130
9507549,114,166,9747,2018,62944.0,0.0,2.514533,-0.416074,JPN,NZL,902130
9507550,121,166,9747,2018,5614.0,0.0,2.093866,0.764303,KOR,NZL,902130
9507551,138,166,9747,2018,148488.0,0.0,1.00061,0.585759,MEX,NZL,902130
9507552,153,166,9747,2018,10486.0,0.0,1.122976,0.734109,MYS,NZL,902130
9507553,156,166,9747,2018,46592.0,286902.0,-0.49370299999999995,-0.865432,NCL,NZL,902130
9507554,162,166,9747,2018,3482257.0,116411.0,1.1478899999999999,1.454758,NLD,NZL,902130
9507555,177,166,9747,2018,2821.0,0.0,1.132475,1.258945,POL,NZL,902130
9507556,192,166,9747,2018,652897.0,0.0,1.914132,0.652011,SGP,NZL,902130
9507557,208,166,9747,2018,17940.0,0.0,1.76361,0.766904,SWE,NZL,902130
9507558,231,166,9747,2018,1344327.0,2185100.0,1.585861,0.44815900000000003,USA,NZL,902130
9507559,239,166,9747,2018,1141.0,0.0,0.003069,0.9169729999999999,VNM,NZL,902130
9507560,242,166,9747,2018,0.0,1072.0,0.336421,0.186474,WSM,NZL,902130
9507561,246,166,9747,2018,4580.0,0.0,0.158722,1.394829,ZAF,NZL,902130
9507562,249,166,9747,2018,10630.0,3323.0,2.0462540000000002,1.166636,TWN,NZL,902130
9507563,8,169,9747,2018,78260.0,0.0,-0.14316800000000002,0.14356,ARG,PAN,902130
9507564,18,169,9747,2018,628001.0,0.0,1.270641,1.201063,BEL,PAN,902130
9507565,25,169,9747,2018,0.0,58907.0,0.532998,-0.394906,BHS,PAN,902130
9507566,32,169,9747,2018,45517.0,0.0,0.143397,0.582092,BRA,PAN,902130
9507567,42,169,9747,2018,0.0,23660.0,-0.37677,-0.49605299999999997,CHL,PAN,902130
9507568,43,169,9747,2018,13924.0,0.0,1.200689,1.2822,CHN,PAN,902130
9507569,52,169,9747,2018,288528.0,1016385.0,0.19386,0.05811,CRI,PAN,902130
9507570,61,169,9747,2018,73351.0,0.0,2.109059,-2.428826,DEU,PAN,902130
9507571,65,169,9747,2018,0.0,175901.0,-0.084258,0.474872,DOM,PAN,902130
9507572,67,169,9747,2018,206651.0,19104.0,-0.873973,-1.032841,ECU,PAN,902130
9507573,71,169,9747,2018,110952.0,0.0,0.744825,2.919005,ESP,PAN,902130
9507574,77,169,9747,2018,349842.0,0.0,1.420819,0.7793770000000001,FRA,PAN,902130
9507575,81,169,9747,2018,117781.0,0.0,1.693008,0.768159,GBR,PAN,902130
9507576,93,169,9747,2018,43868.0,322714.0,-0.362668,0.520826,GTM,PAN,902130
9507577,96,169,9747,2018,0.0,4144.0,-0.841458,-0.9803280000000001,GUY,PAN,902130
9507578,99,169,9747,2018,12728.0,0.0,-0.523738,-0.193198,HND,PAN,902130
9507579,104,169,9747,2018,11399.0,0.0,0.526015,2.448112,IND,PAN,902130
9507580,110,169,9747,2018,53000.0,0.0,1.355071,0.872822,ISR,PAN,902130
9507581,111,169,9747,2018,60648.0,0.0,1.3602530000000002,0.453607,ITA,PAN,902130
9507582,162,169,9747,2018,946803.0,0.0,1.1478899999999999,1.454758,NLD,PAN,902130
9507583,179,169,9747,2018,1279.0,0.0,0.652628,2.211758,PRT,PAN,902130
9507584,185,169,9747,2018,14655.0,0.0,1.050715,1.04471,ROU,PAN,902130
9507585,197,169,9747,2018,3514.0,0.0,0.073928,0.22548600000000002,SLV,PAN,902130
9507586,231,169,9747,2018,1977900.0,0.0,1.585861,0.44815900000000003,USA,PAN,902130
9507587,8,173,9747,2018,292941.0,0.0,-0.14316800000000002,0.14356,ARG,PER,902130
9507588,18,173,9747,2018,506659.0,2768.0,1.270641,1.201063,BEL,PER,902130
9507589,32,173,9747,2018,130792.0,9222.0,0.143397,0.582092,BRA,PER,902130
9507590,39,173,9747,2018,19261.0,0.0,0.666822,1.218593,CAN,PER,902130
9507591,41,173,9747,2018,45381.0,0.0,2.2324330000000003,0.7801560000000001,CHE,PER,902130
9507592,42,173,9747,2018,0.0,20386.0,-0.37677,-0.49605299999999997,CHL,PER,902130
9507593,43,173,9747,2018,280470.0,0.0,1.200689,1.2822,CHN,PER,902130
9507594,52,173,9747,2018,295582.0,0.0,0.19386,0.05811,CRI,PER,902130
9507595,61,173,9747,2018,234415.0,0.0,2.109059,-2.428826,DEU,PER,902130
9507596,64,173,9747,2018,2339.0,0.0,1.0945040000000001,1.3311540000000002,DNK,PER,902130
9507597,67,173,9747,2018,7980.0,20270.0,-0.873973,-1.032841,ECU,PER,902130
9507598,71,173,9747,2018,12219.0,0.0,0.744825,2.919005,ESP,PER,902130
9507599,77,173,9747,2018,1370667.0,101478.0,1.420819,0.7793770000000001,FRA,PER,902130
9507600,81,173,9747,2018,66323.0,0.0,1.693008,0.768159,GBR,PER,902130
9507601,97,173,9747,2018,30531.0,0.0,0.843677,1.656073,HKG,PER,902130
9507602,104,173,9747,2018,312687.0,0.0,0.526015,2.448112,IND,PER,902130
9507603,106,173,9747,2018,415280.0,0.0,1.262419,0.013576,IRL,PER,902130
9507604,107,173,9747,2018,15104.0,0.0,-0.389954,-0.258156,IRN,PER,902130
9507605,109,173,9747,2018,18625.0,0.0,0.252338,-0.341319,ISL,PER,902130
9507606,110,173,9747,2018,26182.0,0.0,1.355071,0.872822,ISR,PER,902130
9507607,111,173,9747,2018,465788.0,3756.0,1.3602530000000002,0.453607,ITA,PER,902130
9507608,114,173,9747,2018,8549.0,0.0,2.514533,-0.416074,JPN,PER,902130
9507609,121,173,9747,2018,90154.0,0.0,2.093866,0.764303,KOR,PER,902130
9507610,138,173,9747,2018,254530.0,0.0,1.00061,0.585759,MEX,PER,902130
9507611,162,173,9747,2018,1068822.0,35204.0,1.1478899999999999,1.454758,NLD,PER,902130
9507612,186,173,9747,2018,66405.0,0.0,0.21398000000000003,0.100414,RUS,PER,902130
9507613,192,173,9747,2018,18349.0,0.0,1.914132,0.652011,SGP,PER,902130
9507614,224,173,9747,2018,18477.0,23333.0,0.518721,2.5581419999999997,TUR,PER,902130
9507615,231,173,9747,2018,1801751.0,3038.0,1.585861,0.44815900000000003,USA,PER,902130
9507616,15,174,9747,2018,13512.0,0.0,1.774488,-0.21117800000000003,AUT,PHL,902130
9507617,18,174,9747,2018,415947.0,11950.0,1.270641,1.201063,BEL,PHL,902130
9507618,32,174,9747,2018,49157.0,0.0,0.143397,0.582092,BRA,PHL,902130
9507619,41,174,9747,2018,33656.0,1610.0,2.2324330000000003,0.7801560000000001,CHE,PHL,902130
9507620,43,174,9747,2018,12928.0,0.0,1.200689,1.2822,CHN,PHL,902130
9507621,52,174,9747,2018,14263.0,0.0,0.19386,0.05811,CRI,PHL,902130
9507622,61,174,9747,2018,1146944.0,0.0,2.109059,-2.428826,DEU,PHL,902130
9507623,77,174,9747,2018,200925.0,0.0,1.420819,0.7793770000000001,FRA,PHL,902130
9507624,81,174,9747,2018,24537.0,0.0,1.693008,0.768159,GBR,PHL,902130
9507625,97,174,9747,2018,39195.0,6131.0,0.843677,1.656073,HKG,PHL,902130
9507626,102,174,9747,2018,951.0,0.0,1.519662,0.833092,HUN,PHL,902130
9507627,104,174,9747,2018,503743.0,0.0,0.526015,2.448112,IND,PHL,902130
9507628,106,174,9747,2018,25225.0,0.0,1.262419,0.013576,IRL,PHL,902130
9507629,111,174,9747,2018,0.0,23300.0,1.3602530000000002,0.453607,ITA,PHL,902130
9507630,114,174,9747,2018,15619.0,2376.0,2.514533,-0.416074,JPN,PHL,902130
9507631,121,174,9747,2018,117817.0,0.0,2.093866,0.764303,KOR,PHL,902130
9507632,153,174,9747,2018,3610.0,1045.0,1.122976,0.734109,MYS,PHL,902130
9507633,162,174,9747,2018,646856.0,0.0,1.1478899999999999,1.454758,NLD,PHL,902130
9507634,177,174,9747,2018,57753.0,0.0,1.132475,1.258945,POL,PHL,902130
9507635,192,174,9747,2018,181730.0,18427.0,1.914132,0.652011,SGP,PHL,902130
9507636,216,174,9747,2018,27631.0,0.0,1.053177,1.4084969999999999,THA,PHL,902130
9507637,224,174,9747,2018,19974.0,0.0,0.518721,2.5581419999999997,TUR,PHL,902130
9507638,231,174,9747,2018,959482.0,0.0,1.585861,0.44815900000000003,USA,PHL,902130
9507639,239,174,9747,2018,7761.0,0.0,0.003069,0.9169729999999999,VNM,PHL,902130
9507640,249,174,9747,2018,230075.0,0.0,2.0462540000000002,1.166636,TWN,PHL,902130
9507641,14,177,9747,2018,0.0,6321.0,-0.29687199999999997,-0.123116,AUS,POL,902130
9507642,15,177,9747,2018,1026029.0,9569.0,1.774488,-0.21117800000000003,AUT,POL,902130
9507643,18,177,9747,2018,6655990.0,47331.0,1.270641,1.201063,BEL,POL,902130
9507644,23,177,9747,2018,0.0,65760.0,0.571226,1.836856,BGR,POL,902130
9507645,26,177,9747,2018,0.0,71391.0,0.526392,0.742398,BIH,POL,902130
9507646,28,177,9747,2018,0.0,330033.0,0.850089,0.8332870000000001,BLR,POL,902130
9507647,32,177,9747,2018,104372.0,0.0,0.143397,0.582092,BRA,POL,902130
9507648,39,177,9747,2018,93191.0,0.0,0.666822,1.218593,CAN,POL,902130
9507649,41,177,9747,2018,786712.0,298079.0,2.2324330000000003,0.7801560000000001,CHE,POL,902130
9507650,42,177,9747,2018,0.0,16048.0,-0.37677,-0.49605299999999997,CHL,POL,902130
9507651,43,177,9747,2018,25927.0,335852.0,1.200689,1.2822,CHN,POL,902130
9507652,52,177,9747,2018,2390335.0,0.0,0.19386,0.05811,CRI,POL,902130
9507653,58,177,9747,2018,0.0,350384.0,0.45442,-0.113303,CYP,POL,902130
9507654,59,177,9747,2018,110305.0,18726.0,1.841016,0.220806,CZE,POL,902130
9507655,61,177,9747,2018,12009952.0,7795890.0,2.109059,-2.428826,DEU,POL,902130
9507656,68,177,9747,2018,0.0,8695.0,-0.096635,1.585658,EGY,POL,902130
9507657,71,177,9747,2018,32172.0,85278.0,0.744825,2.919005,ESP,POL,902130
9507658,72,177,9747,2018,0.0,3587.0,0.979986,1.2365899999999999,EST,POL,902130
9507659,74,177,9747,2018,0.0,38513.0,1.61151,0.9474549999999999,FIN,POL,902130
9507660,77,177,9747,2018,1932400.0,3304.0,1.420819,0.7793770000000001,FRA,POL,902130
9507661,81,177,9747,2018,3194294.0,29377.0,1.693008,0.768159,GBR,POL,902130
9507662,82,177,9747,2018,8677.0,18648.0,-0.049871,-0.28439899999999996,GEO,POL,902130
9507663,90,177,9747,2018,0.0,115910.0,0.059539999999999996,1.0321879999999999,GRC,POL,902130
9507664,100,177,9747,2018,0.0,9753.0,0.7923720000000001,1.4047209999999999,HRV,POL,902130
9507665,102,177,9747,2018,267358.0,3616.0,1.519662,0.833092,HUN,POL,902130
9507666,104,177,9747,2018,742935.0,5455.0,0.526015,2.448112,IND,POL,902130
9507667,106,177,9747,2018,6223238.0,0.0,1.262419,0.013576,IRL,POL,902130
9507668,110,177,9747,2018,186053.0,36544.0,1.355071,0.872822,ISR,POL,902130
9507669,111,177,9747,2018,1112129.0,0.0,1.3602530000000002,0.453607,ITA,POL,902130
9507670,113,177,9747,2018,0.0,36975.0,-0.086895,0.283829,JOR,POL,902130
9507671,114,177,9747,2018,43979.0,10260.0,2.514533,-0.416074,JPN,POL,902130
9507672,121,177,9747,2018,256042.0,132674.0,2.093866,0.764303,KOR,POL,902130
9507673,124,177,9747,2018,0.0,54206.0,0.270554,0.9995149999999999,LBN,POL,902130
9507674,130,177,9747,2018,0.0,207810.0,0.964249,1.4050200000000002,LTU,POL,902130
9507675,132,177,9747,2018,0.0,61591.0,0.707168,1.294297,LVA,POL,902130
9507676,134,177,9747,2018,0.0,95582.0,-0.712775,-0.090013,MAR,POL,902130
9507677,135,177,9747,2018,42127.0,0.0,-0.358412,-0.271334,MDA,POL,902130
9507678,138,177,9747,2018,1373755.0,80976.0,1.00061,0.585759,MEX,POL,902130
9507679,162,177,9747,2018,32829412.0,6518748.0,1.1478899999999999,1.454758,NLD,POL,902130
9507680,163,177,9747,2018,0.0,4223.0,0.681639,0.021762,NOR,POL,902130
9507681,166,177,9747,2018,0.0,2821.0,0.21902600000000003,0.148714,NZL,POL,902130
9507682,174,177,9747,2018,0.0,57753.0,0.781409,0.22126700000000002,PHL,POL,902130
9507683,179,177,9747,2018,6871.0,0.0,0.652628,2.211758,PRT,POL,902130
9507684,182,177,9747,2018,0.0,147.0,0.21430300000000002,-0.484076,PYF,POL,902130
9507685,185,177,9747,2018,42913.0,10350.0,1.050715,1.04471,ROU,POL,902130
9507686,186,177,9747,2018,0.0,123929.0,0.21398000000000003,0.100414,RUS,POL,902130
9507687,188,177,9747,2018,1310.0,0.0,0.5801810000000001,-0.447514,SAU,POL,902130
9507688,192,177,9747,2018,245837.0,0.0,1.914132,0.652011,SGP,POL,902130
9507689,207,177,9747,2018,0.0,6330.0,1.67428,0.7703800000000001,SVN,POL,902130
9507690,208,177,9747,2018,40619.0,235432.0,1.76361,0.766904,SWE,POL,902130
9507691,212,177,9747,2018,0.0,8810.0,-0.6836760000000001,0.554563,SYR,POL,902130
9507692,216,177,9747,2018,0.0,4912.0,1.053177,1.4084969999999999,THA,POL,902130
9507693,217,177,9747,2018,0.0,8244.0,-0.757793,-1.0641209999999999,TJK,POL,902130
9507694,223,177,9747,2018,1544.0,4956.0,0.259778,1.187194,TUN,POL,902130
9507695,224,177,9747,2018,269585.0,34113.0,0.518721,2.5581419999999997,TUR,POL,902130
9507696,228,177,9747,2018,1207.0,1491517.0,0.337296,0.758675,UKR,POL,902130
9507697,231,177,9747,2018,1124878.0,86624.0,1.585861,0.44815900000000003,USA,POL,902130
9507698,232,177,9747,2018,0.0,63097.0,-0.591547,-0.429982,UZB,POL,902130
9507699,239,177,9747,2018,0.0,199536.0,0.003069,0.9169729999999999,VNM,POL,902130
9507700,246,177,9747,2018,3706.0,7168.0,0.158722,1.394829,ZAF,POL,902130
9507701,249,177,9747,2018,4386.0,49267.0,2.0462540000000002,1.166636,TWN,POL,902130
9507702,250,177,9747,2018,47296.0,7483.0,0.809991,-0.368737,ANS,POL,902130
9507703,2,179,9747,2018,0.0,19372.0,-1.489191,-1.213992,AGO,PRT,902130
9507704,4,179,9747,2018,0.0,735.0,-0.456481,-0.139655,ALB,PRT,902130
9507705,8,179,9747,2018,0.0,15876.0,-0.14316800000000002,0.14356,ARG,PRT,902130
9507706,9,179,9747,2018,0.0,2685.0,-0.330516,-0.604744,ARM,PRT,902130
9507707,14,179,9747,2018,7972.0,25166.0,-0.29687199999999997,-0.123116,AUS,PRT,902130
9507708,15,179,9747,2018,41081.0,14583.0,1.774488,-0.21117800000000003,AUT,PRT,902130
9507709,18,179,9747,2018,4980095.0,487312.0,1.270641,1.201063,BEL,PRT,902130
9507710,23,179,9747,2018,0.0,74984.0,0.571226,1.836856,BGR,PRT,902130
9507711,32,179,9747,2018,543182.0,595237.0,0.143397,0.582092,BRA,PRT,902130
9507712,41,179,9747,2018,227016.0,463286.0,2.2324330000000003,0.7801560000000001,CHE,PRT,902130
9507713,42,179,9747,2018,0.0,9899.0,-0.37677,-0.49605299999999997,CHL,PRT,902130
9507714,43,179,9747,2018,16972.0,0.0,1.200689,1.2822,CHN,PRT,902130
9507715,51,179,9747,2018,0.0,13378.0,-0.319064,-0.8615659999999999,CPV,PRT,902130
9507716,59,179,9747,2018,0.0,67173.0,1.841016,0.220806,CZE,PRT,902130
9507717,61,179,9747,2018,1781173.0,18721.0,2.109059,-2.428826,DEU,PRT,902130
9507718,64,179,9747,2018,231796.0,33292.0,1.0945040000000001,1.3311540000000002,DNK,PRT,902130
9507719,65,179,9747,2018,0.0,1148.0,-0.084258,0.474872,DOM,PRT,902130
9507720,71,179,9747,2018,5900312.0,1396033.0,0.744825,2.919005,ESP,PRT,902130
9507721,74,179,9747,2018,0.0,2190.0,1.61151,0.9474549999999999,FIN,PRT,902130
9507722,77,179,9747,2018,2314640.0,719959.0,1.420819,0.7793770000000001,FRA,PRT,902130
9507723,81,179,9747,2018,668441.0,288833.0,1.693008,0.768159,GBR,PRT,902130
9507724,82,179,9747,2018,0.0,12998.0,-0.049871,-0.28439899999999996,GEO,PRT,902130
9507725,90,179,9747,2018,0.0,10485.0,0.059539999999999996,1.0321879999999999,GRC,PRT,902130
9507726,102,179,9747,2018,1805.0,2880.0,1.519662,0.833092,HUN,PRT,902130
9507727,103,179,9747,2018,0.0,2210.0,-0.10130499999999999,1.2414209999999999,IDN,PRT,902130
9507728,104,179,9747,2018,3429.0,3428.0,0.526015,2.448112,IND,PRT,902130
9507729,106,179,9747,2018,295407.0,0.0,1.262419,0.013576,IRL,PRT,902130
9507730,109,179,9747,2018,0.0,976.0,0.252338,-0.341319,ISL,PRT,902130
9507731,110,179,9747,2018,6649.0,14488.0,1.355071,0.872822,ISR,PRT,902130
9507732,111,179,9747,2018,1655796.0,19717.0,1.3602530000000002,0.453607,ITA,PRT,902130
9507733,114,179,9747,2018,0.0,1254.0,2.514533,-0.416074,JPN,PRT,902130
9507734,116,179,9747,2018,0.0,4653.0,-0.32707800000000004,0.71009,KEN,PRT,902130
9507735,121,179,9747,2018,442599.0,0.0,2.093866,0.764303,KOR,PRT,902130
9507736,124,179,9747,2018,0.0,52154.0,0.270554,0.9995149999999999,LBN,PRT,902130
9507737,130,179,9747,2018,0.0,12492.0,0.964249,1.4050200000000002,LTU,PRT,902130
9507738,132,179,9747,2018,0.0,34163.0,0.707168,1.294297,LVA,PRT,902130
9507739,140,179,9747,2018,0.0,1574.0,0.079976,-0.20256,MKD,PRT,902130
9507740,147,179,9747,2018,0.0,2551.0,-1.380023,-1.027817,MOZ,PRT,902130
9507741,162,179,9747,2018,20115516.0,5263484.0,1.1478899999999999,1.454758,NLD,PRT,902130
9507742,163,179,9747,2018,0.0,2824.0,0.681639,0.021762,NOR,PRT,902130
9507743,169,179,9747,2018,0.0,1279.0,0.104326,-0.11611800000000001,PAN,PRT,902130
9507744,177,179,9747,2018,0.0,6871.0,1.132475,1.258945,POL,PRT,902130
9507745,185,179,9747,2018,0.0,23418.0,1.050715,1.04471,ROU,PRT,902130
9507746,188,179,9747,2018,0.0,10913.0,0.5801810000000001,-0.447514,SAU,PRT,902130
9507747,198,179,9747,2018,20619.0,0.0,1.1064260000000001,0.566218,SMR,PRT,902130
9507748,201,179,9747,2018,0.0,889.0,0.607486,1.2139389999999999,SRB,PRT,902130
9507749,203,179,9747,2018,0.0,7395.0,1.426999,-0.039189999999999996,STP,PRT,902130
9507750,208,179,9747,2018,24432.0,0.0,1.76361,0.766904,SWE,PRT,902130
9507751,224,179,9747,2018,595294.0,396403.0,0.518721,2.5581419999999997,TUR,PRT,902130
9507752,231,179,9747,2018,1203753.0,7738.0,1.585861,0.44815900000000003,USA,PRT,902130
9507753,243,179,9747,2018,0.0,3579.0,-1.3332899999999999,-1.200589,YEM,PRT,902130
9507754,246,179,9747,2018,2894.0,4371.0,0.158722,1.394829,ZAF,PRT,902130
9507755,249,179,9747,2018,5899.0,0.0,2.0462540000000002,1.166636,TWN,PRT,902130
9507756,8,180,9747,2018,10339.0,0.0,-0.14316800000000002,0.14356,ARG,PRY,902130
9507757,18,180,9747,2018,2640.0,0.0,1.270641,1.201063,BEL,PRY,902130
9507758,31,180,9747,2018,0.0,777.0,-1.153953,-1.070749,BOL,PRY,902130
9507759,32,180,9747,2018,122646.0,0.0,0.143397,0.582092,BRA,PRY,902130
9507760,41,180,9747,2018,36369.0,0.0,2.2324330000000003,0.7801560000000001,CHE,PRY,902130
9507761,42,180,9747,2018,18792.0,0.0,-0.37677,-0.49605299999999997,CHL,PRY,902130
9507762,43,180,9747,2018,6122.0,0.0,1.200689,1.2822,CHN,PRY,902130
9507763,54,180,9747,2018,0.0,102975.0,-0.8835629999999999,-1.15678,CUB,PRY,902130
9507764,61,180,9747,2018,116021.0,139885.0,2.109059,-2.428826,DEU,PRY,902130
9507765,64,180,9747,2018,35918.0,0.0,1.0945040000000001,1.3311540000000002,DNK,PRY,902130
9507766,71,180,9747,2018,2163.0,0.0,0.744825,2.919005,ESP,PRY,902130
9507767,77,180,9747,2018,594409.0,0.0,1.420819,0.7793770000000001,FRA,PRY,902130
9507768,81,180,9747,2018,4928.0,0.0,1.693008,0.768159,GBR,PRY,902130
9507769,104,180,9747,2018,523637.0,0.0,0.526015,2.448112,IND,PRY,902130
9507770,110,180,9747,2018,2609.0,0.0,1.355071,0.872822,ISR,PRY,902130
9507771,138,180,9747,2018,8437.0,0.0,1.00061,0.585759,MEX,PRY,902130
9507772,153,180,9747,2018,13794.0,0.0,1.122976,0.734109,MYS,PRY,902130
9507773,162,180,9747,2018,111265.0,52194.0,1.1478899999999999,1.454758,NLD,PRY,902130
9507774,185,180,9747,2018,40918.0,0.0,1.050715,1.04471,ROU,PRY,902130
9507775,231,180,9747,2018,252703.0,10848.0,1.585861,0.44815900000000003,USA,PRY,902130
9507776,7,188,9747,2018,126490.0,0.0,0.11804400000000001,-0.326851,ARE,SAU,902130
9507777,8,188,9747,2018,78161.0,0.0,-0.14316800000000002,0.14356,ARG,SAU,902130
9507778,15,188,9747,2018,92452.0,0.0,1.774488,-0.21117800000000003,AUT,SAU,902130
9507779,18,188,9747,2018,4458326.0,0.0,1.270641,1.201063,BEL,SAU,902130
9507780,32,188,9747,2018,4982.0,0.0,0.143397,0.582092,BRA,SAU,902130
9507781,33,188,9747,2018,38504.0,0.0,0.487166,-0.129388,BRB,SAU,902130
9507782,39,188,9747,2018,393310.0,0.0,0.666822,1.218593,CAN,SAU,902130
9507783,41,188,9747,2018,3472366.0,63501.0,2.2324330000000003,0.7801560000000001,CHE,SAU,902130
9507784,43,188,9747,2018,36139.0,0.0,1.200689,1.2822,CHN,SAU,902130
9507785,52,188,9747,2018,499838.0,0.0,0.19386,0.05811,CRI,SAU,902130
9507786,61,188,9747,2018,7488582.0,165074.0,2.109059,-2.428826,DEU,SAU,902130
9507787,64,188,9747,2018,17047.0,0.0,1.0945040000000001,1.3311540000000002,DNK,SAU,902130
9507788,71,188,9747,2018,55845.0,0.0,0.744825,2.919005,ESP,SAU,902130
9507789,77,188,9747,2018,554613.0,2811.0,1.420819,0.7793770000000001,FRA,SAU,902130
9507790,81,188,9747,2018,899385.0,0.0,1.693008,0.768159,GBR,SAU,902130
9507791,97,188,9747,2018,8099.0,0.0,0.843677,1.656073,HKG,SAU,902130
9507792,102,188,9747,2018,82055.0,0.0,1.519662,0.833092,HUN,SAU,902130
9507793,104,188,9747,2018,302103.0,0.0,0.526015,2.448112,IND,SAU,902130
9507794,106,188,9747,2018,6440316.0,0.0,1.262419,0.013576,IRL,SAU,902130
9507795,109,188,9747,2018,36542.0,0.0,0.252338,-0.341319,ISL,SAU,902130
9507796,111,188,9747,2018,3866779.0,455557.0,1.3602530000000002,0.453607,ITA,SAU,902130
9507797,114,188,9747,2018,36755.0,0.0,2.514533,-0.416074,JPN,SAU,902130
9507798,121,188,9747,2018,23472.0,0.0,2.093866,0.764303,KOR,SAU,902130
9507799,124,188,9747,2018,3162.0,0.0,0.270554,0.9995149999999999,LBN,SAU,902130
9507800,138,188,9747,2018,1175748.0,0.0,1.00061,0.585759,MEX,SAU,902130
9507801,153,188,9747,2018,67676.0,0.0,1.122976,0.734109,MYS,SAU,902130
9507802,162,188,9747,2018,21057084.0,181663.0,1.1478899999999999,1.454758,NLD,SAU,902130
9507803,177,188,9747,2018,0.0,1310.0,1.132475,1.258945,POL,SAU,902130
9507804,179,188,9747,2018,10913.0,0.0,0.652628,2.211758,PRT,SAU,902130
9507805,186,188,9747,2018,10791.0,0.0,0.21398000000000003,0.100414,RUS,SAU,902130
9507806,192,188,9747,2018,1295539.0,0.0,1.914132,0.652011,SGP,SAU,902130
9507807,206,188,9747,2018,1802.0,0.0,1.3270979999999999,0.877684,SVK,SAU,902130
9507808,224,188,9747,2018,131947.0,13243.0,0.518721,2.5581419999999997,TUR,SAU,902130
9507809,231,188,9747,2018,3093701.0,1716315.0,1.585861,0.44815900000000003,USA,SAU,902130
9507810,239,188,9747,2018,10219.0,0.0,0.003069,0.9169729999999999,VNM,SAU,902130
9507811,246,188,9747,2018,25141.0,0.0,0.158722,1.394829,ZAF,SAU,902130
9507812,249,188,9747,2018,27090.0,0.0,2.0462540000000002,1.166636,TWN,SAU,902130
9507813,250,188,9747,2018,471018.0,0.0,0.809991,-0.368737,ANS,SAU,902130
9507814,7,190,9747,2018,3298.0,0.0,0.11804400000000001,-0.326851,ARE,SDN,902130
9507815,43,190,9747,2018,2163.0,0.0,1.200689,1.2822,CHN,SDN,902130
9507816,61,190,9747,2018,1103.0,0.0,2.109059,-2.428826,DEU,SDN,902130
9507817,77,190,9747,2018,27500.0,0.0,1.420819,0.7793770000000001,FRA,SDN,902130
9507818,97,190,9747,2018,3699.0,0.0,0.843677,1.656073,HKG,SDN,902130
9507819,104,190,9747,2018,255440.0,0.0,0.526015,2.448112,IND,SDN,902130
9507820,162,190,9747,2018,49194.0,0.0,1.1478899999999999,1.454758,NLD,SDN,902130
9507821,186,190,9747,2018,2195.0,0.0,0.21398000000000003,0.100414,RUS,SDN,902130
9507822,213,190,9747,2018,5836.0,0.0,0.915309,-0.1886,TCA,SDN,902130
9507823,223,190,9747,2018,692.0,0.0,0.259778,1.187194,TUN,SDN,902130
9507824,246,190,9747,2018,5086.0,0.0,0.158722,1.394829,ZAF,SDN,902130
9507825,7,192,9747,2018,0.0,336323.0,0.11804400000000001,-0.326851,ARE,SGP,902130
9507826,8,192,9747,2018,0.0,111955.0,-0.14316800000000002,0.14356,ARG,SGP,902130
9507827,9,192,9747,2018,0.0,13430.0,-0.330516,-0.604744,ARM,SGP,902130
9507828,14,192,9747,2018,2782481.0,7650859.0,-0.29687199999999997,-0.123116,AUS,SGP,902130
9507829,15,192,9747,2018,0.0,2497219.0,1.774488,-0.21117800000000003,AUT,SGP,902130
9507830,16,192,9747,2018,0.0,51152.0,-1.144089,-1.224327,AZE,SGP,902130
9507831,18,192,9747,2018,5437574.0,19265.0,1.270641,1.201063,BEL,SGP,902130
9507832,22,192,9747,2018,0.0,325426.0,-0.899467,-0.9823719999999999,BGD,SGP,902130
9507833,24,192,9747,2018,0.0,81779.0,0.318352,-0.69221,BHR,SGP,902130
9507834,26,192,9747,2018,0.0,5179.0,0.526392,0.742398,BIH,SGP,902130
9507835,32,192,9747,2018,24631.0,660685.0,0.143397,0.582092,BRA,SGP,902130
9507836,34,192,9747,2018,106983.0,28397.0,0.562198,-0.774457,BRN,SGP,902130
9507837,39,192,9747,2018,2251.0,8116422.0,0.666822,1.218593,CAN,SGP,902130
9507838,41,192,9747,2018,2345362.0,1194619.0,2.2324330000000003,0.7801560000000001,CHE,SGP,902130
9507839,42,192,9747,2018,0.0,634129.0,-0.37677,-0.49605299999999997,CHL,SGP,902130
9507840,43,192,9747,2018,52322.0,25030028.0,1.200689,1.2822,CHN,SGP,902130
9507841,49,192,9747,2018,1752.0,442617.0,0.20431,-0.15273699999999998,COL,SGP,902130
9507842,52,192,9747,2018,5905560.0,0.0,0.19386,0.05811,CRI,SGP,902130
9507843,59,192,9747,2018,0.0,3944444.0,1.841016,0.220806,CZE,SGP,902130
9507844,61,192,9747,2018,3490718.0,24867656.0,2.109059,-2.428826,DEU,SGP,902130
9507845,64,192,9747,2018,22364.0,0.0,1.0945040000000001,1.3311540000000002,DNK,SGP,902130
9507846,65,192,9747,2018,0.0,96025.0,-0.084258,0.474872,DOM,SGP,902130
9507847,67,192,9747,2018,0.0,286198.0,-0.873973,-1.032841,ECU,SGP,902130
9507848,68,192,9747,2018,0.0,137651.0,-0.096635,1.585658,EGY,SGP,902130
9507849,71,192,9747,2018,1553.0,388382.0,0.744825,2.919005,ESP,SGP,902130
9507850,74,192,9747,2018,0.0,1480.0,1.61151,0.9474549999999999,FIN,SGP,902130
9507851,77,192,9747,2018,163927.0,385693.0,1.420819,0.7793770000000001,FRA,SGP,902130
9507852,81,192,9747,2018,309742.0,2435.0,1.693008,0.768159,GBR,SGP,902130
9507853,90,192,9747,2018,10044.0,656.0,0.059539999999999996,1.0321879999999999,GRC,SGP,902130
9507854,97,192,9747,2018,1123252.0,275652.0,0.843677,1.656073,HKG,SGP,902130
9507855,102,192,9747,2018,26932.0,0.0,1.519662,0.833092,HUN,SGP,902130
9507856,103,192,9747,2018,9932.0,806070.0,-0.10130499999999999,1.2414209999999999,IDN,SGP,902130
9507857,104,192,9747,2018,1169320.0,7410776.0,0.526015,2.448112,IND,SGP,902130
9507858,106,192,9747,2018,235968.0,86078.0,1.262419,0.013576,IRL,SGP,902130
9507859,107,192,9747,2018,0.0,883596.0,-0.389954,-0.258156,IRN,SGP,902130
9507860,109,192,9747,2018,65910.0,790.0,0.252338,-0.341319,ISL,SGP,902130
9507861,110,192,9747,2018,15105.0,13360.0,1.355071,0.872822,ISR,SGP,902130
9507862,111,192,9747,2018,1233158.0,0.0,1.3602530000000002,0.453607,ITA,SGP,902130
9507863,113,192,9747,2018,0.0,10471.0,-0.086895,0.283829,JOR,SGP,902130
9507864,114,192,9747,2018,20201.0,88390144.0,2.514533,-0.416074,JPN,SGP,902130
9507865,118,192,9747,2018,0.0,5595.0,-0.45740299999999995,-0.575966,KHM,SGP,902130
9507866,121,192,9747,2018,26393.0,2885280.0,2.093866,0.764303,KOR,SGP,902130
9507867,122,192,9747,2018,0.0,155875.0,-0.668802,-1.154012,KWT,SGP,902130
9507868,123,192,9747,2018,0.0,113845.0,-0.788808,-0.8012670000000001,LAO,SGP,902130
9507869,124,192,9747,2018,0.0,804603.0,0.270554,0.9995149999999999,LBN,SGP,902130
9507870,128,192,9747,2018,0.0,1462662.0,-0.544504,0.41074099999999997,LKA,SGP,902130
9507871,134,192,9747,2018,0.0,91956.0,-0.712775,-0.090013,MAR,SGP,902130
9507872,135,192,9747,2018,0.0,12225.0,-0.358412,-0.271334,MDA,SGP,902130
9507873,138,192,9747,2018,1222191.0,0.0,1.00061,0.585759,MEX,SGP,902130
9507874,140,192,9747,2018,0.0,8925.0,0.079976,-0.20256,MKD,SGP,902130
9507875,151,192,9747,2018,0.0,12296.0,-0.128221,0.15049400000000002,MUS,SGP,902130
9507876,153,192,9747,2018,114857.0,3488734.0,1.122976,0.734109,MYS,SGP,902130
9507877,155,192,9747,2018,1111.0,0.0,-0.668091,-0.779938,NAM,SGP,902130
9507878,162,192,9747,2018,8962756.0,298568160.0,1.1478899999999999,1.454758,NLD,SGP,902130
9507879,163,192,9747,2018,0.0,3806.0,0.681639,0.021762,NOR,SGP,902130
9507880,164,192,9747,2018,0.0,78124.0,-0.252837,0.999258,NPL,SGP,902130
9507881,166,192,9747,2018,0.0,652897.0,0.21902600000000003,0.148714,NZL,SGP,902130
9507882,168,192,9747,2018,0.0,303350.0,-0.64348,0.665045,PAK,SGP,902130
9507883,173,192,9747,2018,0.0,18349.0,-0.6673060000000001,-0.183315,PER,SGP,902130
9507884,174,192,9747,2018,18427.0,181730.0,0.781409,0.22126700000000002,PHL,SGP,902130
9507885,177,192,9747,2018,0.0,245837.0,1.132475,1.258945,POL,SGP,902130
9507886,186,192,9747,2018,0.0,1257579.0,0.21398000000000003,0.100414,RUS,SGP,902130
9507887,188,192,9747,2018,0.0,1295539.0,0.5801810000000001,-0.447514,SAU,SGP,902130
9507888,207,192,9747,2018,0.0,266206.0,1.67428,0.7703800000000001,SVN,SGP,902130
9507889,208,192,9747,2018,5678.0,2295.0,1.76361,0.766904,SWE,SGP,902130
9507890,216,192,9747,2018,467884.0,3093978.0,1.053177,1.4084969999999999,THA,SGP,902130
9507891,223,192,9747,2018,0.0,101516.0,0.259778,1.187194,TUN,SGP,902130
9507892,224,192,9747,2018,483775.0,2410203.0,0.518721,2.5581419999999997,TUR,SGP,902130
9507893,228,192,9747,2018,0.0,45274.0,0.337296,0.758675,UKR,SGP,902130
9507894,230,192,9747,2018,0.0,26534.0,-0.02056,-0.38911,URY,SGP,902130
9507895,231,192,9747,2018,45471380.0,226629184.0,1.585861,0.44815900000000003,USA,SGP,902130
9507896,239,192,9747,2018,0.0,4127584.0,0.003069,0.9169729999999999,VNM,SGP,902130
9507897,246,192,9747,2018,0.0,1493795.0,0.158722,1.394829,ZAF,SGP,902130
9507898,249,192,9747,2018,140499.0,3933882.0,2.0462540000000002,1.166636,TWN,SGP,902130
9507899,8,197,9747,2018,1861.0,0.0,-0.14316800000000002,0.14356,ARG,SLV,902130
9507900,32,197,9747,2018,86688.0,0.0,0.143397,0.582092,BRA,SLV,902130
9507901,41,197,9747,2018,53288.0,0.0,2.2324330000000003,0.7801560000000001,CHE,SLV,902130
9507902,43,197,9747,2018,19158.0,0.0,1.200689,1.2822,CHN,SLV,902130
9507903,49,197,9747,2018,25768.0,0.0,0.20431,-0.15273699999999998,COL,SLV,902130
9507904,52,197,9747,2018,11741.0,0.0,0.19386,0.05811,CRI,SLV,902130
9507905,61,197,9747,2018,130280.0,0.0,2.109059,-2.428826,DEU,SLV,902130
9507906,71,197,9747,2018,13783.0,0.0,0.744825,2.919005,ESP,SLV,902130
9507907,77,197,9747,2018,7132.0,0.0,1.420819,0.7793770000000001,FRA,SLV,902130
9507908,81,197,9747,2018,2662.0,0.0,1.693008,0.768159,GBR,SLV,902130
9507909,93,197,9747,2018,13414.0,11186.0,-0.362668,0.520826,GTM,SLV,902130
9507910,104,197,9747,2018,50477.0,0.0,0.526015,2.448112,IND,SLV,902130
9507911,106,197,9747,2018,21359.0,0.0,1.262419,0.013576,IRL,SLV,902130
9507912,111,197,9747,2018,10436.0,0.0,1.3602530000000002,0.453607,ITA,SLV,902130
9507913,138,197,9747,2018,77989.0,0.0,1.00061,0.585759,MEX,SLV,902130
9507914,153,197,9747,2018,6378.0,0.0,1.122976,0.734109,MYS,SLV,902130
9507915,162,197,9747,2018,24222.0,0.0,1.1478899999999999,1.454758,NLD,SLV,902130
9507916,169,197,9747,2018,0.0,3514.0,0.104326,-0.11611800000000001,PAN,SLV,902130
9507917,185,197,9747,2018,2497.0,0.0,1.050715,1.04471,ROU,SLV,902130
9507918,224,197,9747,2018,4108.0,0.0,0.518721,2.5581419999999997,TUR,SLV,902130
9507919,231,197,9747,2018,249597.0,3568.0,1.585861,0.44815900000000003,USA,SLV,902130
9507920,52,205,9747,2018,1420.0,0.0,0.19386,0.05811,CRI,SUR,902130
9507921,61,205,9747,2018,3428.0,0.0,2.109059,-2.428826,DEU,SUR,902130
9507922,77,205,9747,2018,14528.0,0.0,1.420819,0.7793770000000001,FRA,SUR,902130
9507923,104,205,9747,2018,22937.0,0.0,0.526015,2.448112,IND,SUR,902130
9507924,14,206,9747,2018,10998.0,37285.0,-0.29687199999999997,-0.123116,AUS,SVK,902130
9507925,15,206,9747,2018,437267.0,0.0,1.774488,-0.21117800000000003,AUT,SVK,902130
9507926,18,206,9747,2018,1967459.0,18577.0,1.270641,1.201063,BEL,SVK,902130
9507927,28,206,9747,2018,0.0,926.0,0.850089,0.8332870000000001,BLR,SVK,902130
9507928,32,206,9747,2018,1776.0,0.0,0.143397,0.582092,BRA,SVK,902130
9507929,33,206,9747,2018,241893.0,0.0,0.487166,-0.129388,BRB,SVK,902130
9507930,39,206,9747,2018,0.0,2308.0,0.666822,1.218593,CAN,SVK,902130
9507931,41,206,9747,2018,36083.0,37973.0,2.2324330000000003,0.7801560000000001,CHE,SVK,902130
9507932,43,206,9747,2018,7589.0,1909374.0,1.200689,1.2822,CHN,SVK,902130
9507933,52,206,9747,2018,121051.0,0.0,0.19386,0.05811,CRI,SVK,902130
9507934,59,206,9747,2018,6275788.0,3553394.0,1.841016,0.220806,CZE,SVK,902130
9507935,61,206,9747,2018,4315610.0,9386.0,2.109059,-2.428826,DEU,SVK,902130
9507936,64,206,9747,2018,92948.0,3062.0,1.0945040000000001,1.3311540000000002,DNK,SVK,902130
9507937,71,206,9747,2018,16171.0,0.0,0.744825,2.919005,ESP,SVK,902130
9507938,72,206,9747,2018,3046.0,0.0,0.979986,1.2365899999999999,EST,SVK,902130
9507939,74,206,9747,2018,0.0,2702.0,1.61151,0.9474549999999999,FIN,SVK,902130
9507940,77,206,9747,2018,1170383.0,0.0,1.420819,0.7793770000000001,FRA,SVK,902130
9507941,81,206,9747,2018,430282.0,0.0,1.693008,0.768159,GBR,SVK,902130
9507942,82,206,9747,2018,103416.0,0.0,-0.049871,-0.28439899999999996,GEO,SVK,902130
9507943,102,206,9747,2018,1802.0,484414.0,1.519662,0.833092,HUN,SVK,902130
9507944,104,206,9747,2018,17416.0,0.0,0.526015,2.448112,IND,SVK,902130
9507945,106,206,9747,2018,206447.0,2693.0,1.262419,0.013576,IRL,SVK,902130
9507946,109,206,9747,2018,1777.0,0.0,0.252338,-0.341319,ISL,SVK,902130
9507947,110,206,9747,2018,11103.0,0.0,1.355071,0.872822,ISR,SVK,902130
9507948,111,206,9747,2018,9320.0,0.0,1.3602530000000002,0.453607,ITA,SVK,902130
9507949,138,206,9747,2018,250387.0,0.0,1.00061,0.585759,MEX,SVK,902130
9507950,162,206,9747,2018,6667497.0,10855.0,1.1478899999999999,1.454758,NLD,SVK,902130
9507951,185,206,9747,2018,1163.0,278151.0,1.050715,1.04471,ROU,SVK,902130
9507952,186,206,9747,2018,0.0,7560.0,0.21398000000000003,0.100414,RUS,SVK,902130
9507953,188,206,9747,2018,0.0,1802.0,0.5801810000000001,-0.447514,SAU,SVK,902130
9507954,207,206,9747,2018,12134.0,0.0,1.67428,0.7703800000000001,SVN,SVK,902130
9507955,208,206,9747,2018,153355.0,0.0,1.76361,0.766904,SWE,SVK,902130
9507956,224,206,9747,2018,5043.0,0.0,0.518721,2.5581419999999997,TUR,SVK,902130
9507957,228,206,9747,2018,0.0,245153.0,0.337296,0.758675,UKR,SVK,902130
9507958,231,206,9747,2018,464293.0,0.0,1.585861,0.44815900000000003,USA,SVK,902130
9507959,246,206,9747,2018,136.0,4063.0,0.158722,1.394829,ZAF,SVK,902130
9507960,250,206,9747,2018,187948.0,0.0,0.809991,-0.368737,ANS,SVK,902130
9507961,4,207,9747,2018,0.0,20131.0,-0.456481,-0.139655,ALB,SVN,902130
9507962,15,207,9747,2018,316358.0,1369.0,1.774488,-0.21117800000000003,AUT,SVN,902130
9507963,18,207,9747,2018,2590621.0,50112.0,1.270641,1.201063,BEL,SVN,902130
9507964,23,207,9747,2018,0.0,128187.0,0.571226,1.836856,BGR,SVN,902130
9507965,26,207,9747,2018,6322.0,626371.0,0.526392,0.742398,BIH,SVN,902130
9507966,32,207,9747,2018,50516.0,0.0,0.143397,0.582092,BRA,SVN,902130
9507967,39,207,9747,2018,11689.0,1118.0,0.666822,1.218593,CAN,SVN,902130
9507968,41,207,9747,2018,63055.0,1195.0,2.2324330000000003,0.7801560000000001,CHE,SVN,902130
9507969,43,207,9747,2018,10451.0,0.0,1.200689,1.2822,CHN,SVN,902130
9507970,52,207,9747,2018,375344.0,0.0,0.19386,0.05811,CRI,SVN,902130
9507971,58,207,9747,2018,0.0,17193.0,0.45442,-0.113303,CYP,SVN,902130
9507972,59,207,9747,2018,11069.0,0.0,1.841016,0.220806,CZE,SVN,902130
9507973,61,207,9747,2018,1402274.0,6099.0,2.109059,-2.428826,DEU,SVN,902130
9507974,64,207,9747,2018,0.0,4129.0,1.0945040000000001,1.3311540000000002,DNK,SVN,902130
9507975,71,207,9747,2018,7563.0,0.0,0.744825,2.919005,ESP,SVN,902130
9507976,74,207,9747,2018,0.0,1452.0,1.61151,0.9474549999999999,FIN,SVN,902130
9507977,77,207,9747,2018,607921.0,0.0,1.420819,0.7793770000000001,FRA,SVN,902130
9507978,81,207,9747,2018,247281.0,12146.0,1.693008,0.768159,GBR,SVN,902130
9507979,100,207,9747,2018,249071.0,1035895.0,0.7923720000000001,1.4047209999999999,HRV,SVN,902130
9507980,102,207,9747,2018,65796.0,6692.0,1.519662,0.833092,HUN,SVN,902130
9507981,106,207,9747,2018,203901.0,0.0,1.262419,0.013576,IRL,SVN,902130
9507982,109,207,9747,2018,162017.0,0.0,0.252338,-0.341319,ISL,SVN,902130
9507983,110,207,9747,2018,31651.0,0.0,1.355071,0.872822,ISR,SVN,902130
9507984,111,207,9747,2018,1732046.0,39611.0,1.3602530000000002,0.453607,ITA,SVN,902130
9507985,138,207,9747,2018,101076.0,0.0,1.00061,0.585759,MEX,SVN,902130
9507986,140,207,9747,2018,9208.0,140839.0,0.079976,-0.20256,MKD,SVN,902130
9507987,142,207,9747,2018,0.0,15782.0,0.9621219999999999,0.257289,MLT,SVN,902130
9507988,144,207,9747,2018,0.0,23871.0,0.332495,0.124258,MNE,SVN,902130
9507989,162,207,9747,2018,2919653.0,24455.0,1.1478899999999999,1.454758,NLD,SVN,902130
9507990,177,207,9747,2018,6330.0,0.0,1.132475,1.258945,POL,SVN,902130
9507991,192,207,9747,2018,266206.0,0.0,1.914132,0.652011,SGP,SVN,902130
9507992,201,207,9747,2018,4227.0,1092316.0,0.607486,1.2139389999999999,SRB,SVN,902130
9507993,206,207,9747,2018,0.0,12134.0,1.3270979999999999,0.877684,SVK,SVN,902130
9507994,224,207,9747,2018,19697.0,0.0,0.518721,2.5581419999999997,TUR,SVN,902130
9507995,228,207,9747,2018,0.0,340772.0,0.337296,0.758675,UKR,SVN,902130
9507996,231,207,9747,2018,27029.0,0.0,1.585861,0.44815900000000003,USA,SVN,902130
9507997,246,207,9747,2018,6031.0,0.0,0.158722,1.394829,ZAF,SVN,902130
9507998,7,208,9747,2018,0.0,106222.0,0.11804400000000001,-0.326851,ARE,SWE,902130
9507999,8,208,9747,2018,0.0,22718.0,-0.14316800000000002,0.14356,ARG,SWE,902130
9508000,14,208,9747,2018,0.0,55672.0,-0.29687199999999997,-0.123116,AUS,SWE,902130
9508001,15,208,9747,2018,23984.0,846662.0,1.774488,-0.21117800000000003,AUT,SWE,902130
9508002,16,208,9747,2018,0.0,21366.0,-1.144089,-1.224327,AZE,SWE,902130
9508003,18,208,9747,2018,11445651.0,1978261.0,1.270641,1.201063,BEL,SWE,902130
9508004,28,208,9747,2018,0.0,8754.0,0.850089,0.8332870000000001,BLR,SWE,902130
9508005,32,208,9747,2018,0.0,69110.0,0.143397,0.582092,BRA,SWE,902130
9508006,39,208,9747,2018,3824.0,129812.0,0.666822,1.218593,CAN,SWE,902130
9508007,41,208,9747,2018,536847.0,70358.0,2.2324330000000003,0.7801560000000001,CHE,SWE,902130
9508008,42,208,9747,2018,0.0,2594.0,-0.37677,-0.49605299999999997,CHL,SWE,902130
9508009,43,208,9747,2018,9086.0,0.0,1.200689,1.2822,CHN,SWE,902130
9508010,49,208,9747,2018,69722.0,0.0,0.20431,-0.15273699999999998,COL,SWE,902130
9508011,52,208,9747,2018,0.0,11119.0,0.19386,0.05811,CRI,SWE,902130
9508012,58,208,9747,2018,0.0,26101.0,0.45442,-0.113303,CYP,SWE,902130
9508013,59,208,9747,2018,0.0,421538.0,1.841016,0.220806,CZE,SWE,902130
9508014,61,208,9747,2018,10102112.0,14330544.0,2.109059,-2.428826,DEU,SWE,902130
9508015,64,208,9747,2018,3528469.0,1127835.0,1.0945040000000001,1.3311540000000002,DNK,SWE,902130
9508016,67,208,9747,2018,0.0,71232.0,-0.873973,-1.032841,ECU,SWE,902130
9508017,71,208,9747,2018,1492.0,4859938.0,0.744825,2.919005,ESP,SWE,902130
9508018,72,208,9747,2018,0.0,6321.0,0.979986,1.2365899999999999,EST,SWE,902130
9508019,74,208,9747,2018,76136.0,677124.0,1.61151,0.9474549999999999,FIN,SWE,902130
9508020,77,208,9747,2018,2328488.0,42903.0,1.420819,0.7793770000000001,FRA,SWE,902130
9508021,81,208,9747,2018,1496098.0,5355064.0,1.693008,0.768159,GBR,SWE,902130
9508022,90,208,9747,2018,0.0,2190.0,0.059539999999999996,1.0321879999999999,GRC,SWE,902130
9508023,93,208,9747,2018,0.0,5153.0,-0.362668,0.520826,GTM,SWE,902130
9508024,97,208,9747,2018,24125.0,80232.0,0.843677,1.656073,HKG,SWE,902130
9508025,102,208,9747,2018,22263.0,0.0,1.519662,0.833092,HUN,SWE,902130
9508026,104,208,9747,2018,0.0,176648.0,0.526015,2.448112,IND,SWE,902130
9508027,106,208,9747,2018,60527.0,24791.0,1.262419,0.013576,IRL,SWE,902130
9508028,107,208,9747,2018,0.0,96127.0,-0.389954,-0.258156,IRN,SWE,902130
9508029,108,208,9747,2018,0.0,32021.0,-1.7504400000000002,-1.018699,IRQ,SWE,902130
9508030,109,208,9747,2018,0.0,232247.0,0.252338,-0.341319,ISL,SWE,902130
9508031,110,208,9747,2018,0.0,2302.0,1.355071,0.872822,ISR,SWE,902130
9508032,111,208,9747,2018,733204.0,719811.0,1.3602530000000002,0.453607,ITA,SWE,902130
9508033,114,208,9747,2018,10807.0,302065.0,2.514533,-0.416074,JPN,SWE,902130
9508034,121,208,9747,2018,50897.0,7054.0,2.093866,0.764303,KOR,SWE,902130
9508035,122,208,9747,2018,0.0,28805.0,-0.668802,-1.154012,KWT,SWE,902130
9508036,132,208,9747,2018,0.0,386484.0,0.707168,1.294297,LVA,SWE,902130
9508037,133,208,9747,2018,0.0,258.0,0.44520299999999996,0.042491,MAC,SWE,902130
9508038,135,208,9747,2018,5922.0,0.0,-0.358412,-0.271334,MDA,SWE,902130
9508039,142,208,9747,2018,0.0,3203.0,0.9621219999999999,0.257289,MLT,SWE,902130
9508040,153,208,9747,2018,0.0,72884.0,1.122976,0.734109,MYS,SWE,902130
9508041,162,208,9747,2018,31571096.0,474110.0,1.1478899999999999,1.454758,NLD,SWE,902130
9508042,163,208,9747,2018,294336.0,5304432.0,0.681639,0.021762,NOR,SWE,902130
9508043,166,208,9747,2018,0.0,17940.0,0.21902600000000003,0.148714,NZL,SWE,902130
9508044,168,208,9747,2018,0.0,6916.0,-0.64348,0.665045,PAK,SWE,902130
9508045,177,208,9747,2018,235432.0,40619.0,1.132475,1.258945,POL,SWE,902130
9508046,179,208,9747,2018,0.0,24432.0,0.652628,2.211758,PRT,SWE,902130
9508047,185,208,9747,2018,965.0,0.0,1.050715,1.04471,ROU,SWE,902130
9508048,186,208,9747,2018,0.0,174024.0,0.21398000000000003,0.100414,RUS,SWE,902130
9508049,192,208,9747,2018,2295.0,5678.0,1.914132,0.652011,SGP,SWE,902130
9508050,201,208,9747,2018,0.0,18149.0,0.607486,1.2139389999999999,SRB,SWE,902130
9508051,206,208,9747,2018,0.0,153355.0,1.3270979999999999,0.877684,SVK,SWE,902130
9508052,216,208,9747,2018,0.0,7940.0,1.053177,1.4084969999999999,THA,SWE,902130
9508053,224,208,9747,2018,4378802.0,2033409.0,0.518721,2.5581419999999997,TUR,SWE,902130
9508054,228,208,9747,2018,0.0,14985.0,0.337296,0.758675,UKR,SWE,902130
9508055,230,208,9747,2018,0.0,3339.0,-0.02056,-0.38911,URY,SWE,902130
9508056,231,208,9747,2018,1577990.0,7835680.0,1.585861,0.44815900000000003,USA,SWE,902130
9508057,239,208,9747,2018,0.0,2434.0,0.003069,0.9169729999999999,VNM,SWE,902130
9508058,246,208,9747,2018,10019.0,4110.0,0.158722,1.394829,ZAF,SWE,902130
9508059,249,208,9747,2018,7575.0,505378.0,2.0462540000000002,1.166636,TWN,SWE,902130
9508060,14,216,9747,2018,744500.0,30737.0,-0.29687199999999997,-0.123116,AUS,THA,902130
9508061,15,216,9747,2018,130609.0,0.0,1.774488,-0.21117800000000003,AUT,THA,902130
9508062,18,216,9747,2018,6428556.0,38675.0,1.270641,1.201063,BEL,THA,902130
9508063,32,216,9747,2018,691751.0,0.0,0.143397,0.582092,BRA,THA,902130
9508064,33,216,9747,2018,124622.0,0.0,0.487166,-0.129388,BRB,THA,902130
9508065,34,216,9747,2018,0.0,26154.0,0.562198,-0.774457,BRN,THA,902130
9508066,39,216,9747,2018,12888.0,5187.0,0.666822,1.218593,CAN,THA,902130
9508067,41,216,9747,2018,1293560.0,412773.0,2.2324330000000003,0.7801560000000001,CHE,THA,902130
9508068,43,216,9747,2018,571933.0,5608.0,1.200689,1.2822,CHN,THA,902130
9508069,52,216,9747,2018,2384958.0,0.0,0.19386,0.05811,CRI,THA,902130
9508070,61,216,9747,2018,1390004.0,14599.0,2.109059,-2.428826,DEU,THA,902130
9508071,64,216,9747,2018,919157.0,2771.0,1.0945040000000001,1.3311540000000002,DNK,THA,902130
9508072,68,216,9747,2018,0.0,23318.0,-0.096635,1.585658,EGY,THA,902130
9508073,71,216,9747,2018,37320.0,0.0,0.744825,2.919005,ESP,THA,902130
9508074,77,216,9747,2018,525693.0,52183.0,1.420819,0.7793770000000001,FRA,THA,902130
9508075,81,216,9747,2018,2290266.0,0.0,1.693008,0.768159,GBR,THA,902130
9508076,90,216,9747,2018,6311.0,0.0,0.059539999999999996,1.0321879999999999,GRC,THA,902130
9508077,97,216,9747,2018,227860.0,107953.0,0.843677,1.656073,HKG,THA,902130
9508078,102,216,9747,2018,469339.0,0.0,1.519662,0.833092,HUN,THA,902130
9508079,103,216,9747,2018,117715.0,25827.0,-0.10130499999999999,1.2414209999999999,IDN,THA,902130
9508080,104,216,9747,2018,980073.0,52432.0,0.526015,2.448112,IND,THA,902130
9508081,106,216,9747,2018,6094324.0,0.0,1.262419,0.013576,IRL,THA,902130
9508082,109,216,9747,2018,1169.0,0.0,0.252338,-0.341319,ISL,THA,902130
9508083,111,216,9747,2018,482666.0,0.0,1.3602530000000002,0.453607,ITA,THA,902130
9508084,113,216,9747,2018,0.0,118585.0,-0.086895,0.283829,JOR,THA,902130
9508085,114,216,9747,2018,172095.0,37461.0,2.514533,-0.416074,JPN,THA,902130
9508086,117,216,9747,2018,0.0,4331.0,-0.141491,0.33161,KGZ,THA,902130
9508087,118,216,9747,2018,0.0,156885.0,-0.45740299999999995,-0.575966,KHM,THA,902130
9508088,121,216,9747,2018,446627.0,89309.0,2.093866,0.764303,KOR,THA,902130
9508089,123,216,9747,2018,0.0,129118.0,-0.788808,-0.8012670000000001,LAO,THA,902130
9508090,138,216,9747,2018,531647.0,0.0,1.00061,0.585759,MEX,THA,902130
9508091,143,216,9747,2018,0.0,1547.0,-0.936467,-0.223413,MMR,THA,902130
9508092,153,216,9747,2018,595158.0,66018.0,1.122976,0.734109,MYS,THA,902130
9508093,162,216,9747,2018,17246018.0,996613.0,1.1478899999999999,1.454758,NLD,THA,902130
9508094,164,216,9747,2018,12594.0,0.0,-0.252837,0.999258,NPL,THA,902130
9508095,174,216,9747,2018,0.0,27631.0,0.781409,0.22126700000000002,PHL,THA,902130
9508096,177,216,9747,2018,4912.0,0.0,1.132475,1.258945,POL,THA,902130
9508097,191,216,9747,2018,0.0,7735.0,-0.751378,-0.390573,SEN,THA,902130
9508098,192,216,9747,2018,3093978.0,467884.0,1.914132,0.652011,SGP,THA,902130
9508099,208,216,9747,2018,7940.0,0.0,1.76361,0.766904,SWE,THA,902130
9508100,224,216,9747,2018,369552.0,0.0,0.518721,2.5581419999999997,TUR,THA,902130
9508101,231,216,9747,2018,6846531.0,118676.0,1.585861,0.44815900000000003,USA,THA,902130
9508102,239,216,9747,2018,0.0,1896770.0,0.003069,0.9169729999999999,VNM,THA,902130
9508103,246,216,9747,2018,0.0,15819.0,0.158722,1.394829,ZAF,THA,902130
9508104,249,216,9747,2018,90246.0,42008.0,2.0462540000000002,1.166636,TWN,THA,902130
9508105,18,222,9747,2018,55919.0,0.0,1.270641,1.201063,BEL,TTO,902130
9508106,32,222,9747,2018,20630.0,0.0,0.143397,0.582092,BRA,TTO,902130
9508107,33,222,9747,2018,182125.0,0.0,0.487166,-0.129388,BRB,TTO,902130
9508108,41,222,9747,2018,3855.0,0.0,2.2324330000000003,0.7801560000000001,CHE,TTO,902130
9508109,52,222,9747,2018,378674.0,0.0,0.19386,0.05811,CRI,TTO,902130
9508110,61,222,9747,2018,2162.0,0.0,2.109059,-2.428826,DEU,TTO,902130
9508111,77,222,9747,2018,1915.0,0.0,1.420819,0.7793770000000001,FRA,TTO,902130
9508112,81,222,9747,2018,4764.0,0.0,1.693008,0.768159,GBR,TTO,902130
9508113,104,222,9747,2018,13928.0,0.0,0.526015,2.448112,IND,TTO,902130
9508114,162,222,9747,2018,89213.0,0.0,1.1478899999999999,1.454758,NLD,TTO,902130
9508115,231,222,9747,2018,135748.0,0.0,1.585861,0.44815900000000003,USA,TTO,902130
9508116,1,224,9747,2018,0.0,10132.0,-1.267508,-0.8494940000000001,AFG,TUR,902130
9508117,4,224,9747,2018,0.0,11080.0,-0.456481,-0.139655,ALB,TUR,902130
9508118,7,224,9747,2018,0.0,2124.0,0.11804400000000001,-0.326851,ARE,TUR,902130
9508119,8,224,9747,2018,79728.0,48400.0,-0.14316800000000002,0.14356,ARG,TUR,902130
9508120,14,224,9747,2018,243638.0,3556.0,-0.29687199999999997,-0.123116,AUS,TUR,902130
9508121,15,224,9747,2018,331054.0,34889.0,1.774488,-0.21117800000000003,AUT,TUR,902130
9508122,16,224,9747,2018,18144.0,742389.0,-1.144089,-1.224327,AZE,TUR,902130
9508123,18,224,9747,2018,8834374.0,162259.0,1.270641,1.201063,BEL,TUR,902130
9508124,23,224,9747,2018,6986.0,291349.0,0.571226,1.836856,BGR,TUR,902130
9508125,26,224,9747,2018,0.0,43463.0,0.526392,0.742398,BIH,TUR,902130
9508126,28,224,9747,2018,0.0,4538.0,0.850089,0.8332870000000001,BLR,TUR,902130
9508127,31,224,9747,2018,0.0,12930.0,-1.153953,-1.070749,BOL,TUR,902130
9508128,32,224,9747,2018,267632.0,157341.0,0.143397,0.582092,BRA,TUR,902130
9508129,33,224,9747,2018,473049.0,0.0,0.487166,-0.129388,BRB,TUR,902130
9508130,39,224,9747,2018,412865.0,1521.0,0.666822,1.218593,CAN,TUR,902130
9508131,41,224,9747,2018,1712766.0,331713.0,2.2324330000000003,0.7801560000000001,CHE,TUR,902130
9508132,42,224,9747,2018,0.0,72894.0,-0.37677,-0.49605299999999997,CHL,TUR,902130
9508133,43,224,9747,2018,819692.0,393494.0,1.200689,1.2822,CHN,TUR,902130
9508134,49,224,9747,2018,0.0,311096.0,0.20431,-0.15273699999999998,COL,TUR,902130
9508135,52,224,9747,2018,3872286.0,0.0,0.19386,0.05811,CRI,TUR,902130
9508136,58,224,9747,2018,0.0,1576601.0,0.45442,-0.113303,CYP,TUR,902130
9508137,59,224,9747,2018,23529.0,17163.0,1.841016,0.220806,CZE,TUR,902130
9508138,61,224,9747,2018,3750163.0,1601538.0,2.109059,-2.428826,DEU,TUR,902130
9508139,66,224,9747,2018,0.0,65543.0,-1.281519,-1.22291,DZA,TUR,902130
9508140,67,224,9747,2018,0.0,163044.0,-0.873973,-1.032841,ECU,TUR,902130
9508141,68,224,9747,2018,0.0,792033.0,-0.096635,1.585658,EGY,TUR,902130
9508142,71,224,9747,2018,59667.0,400190.0,0.744825,2.919005,ESP,TUR,902130
9508143,72,224,9747,2018,0.0,3427.0,0.979986,1.2365899999999999,EST,TUR,902130
9508144,77,224,9747,2018,5010844.0,222593.0,1.420819,0.7793770000000001,FRA,TUR,902130
9508145,81,224,9747,2018,1921002.0,220105.0,1.693008,0.768159,GBR,TUR,902130
9508146,82,224,9747,2018,115860.0,689303.0,-0.049871,-0.28439899999999996,GEO,TUR,902130
9508147,83,224,9747,2018,0.0,7524.0,-0.956109,-0.861556,GHA,TUR,902130
9508148,90,224,9747,2018,16123.0,33292.0,0.059539999999999996,1.0321879999999999,GRC,TUR,902130
9508149,93,224,9747,2018,0.0,3941.0,-0.362668,0.520826,GTM,TUR,902130
9508150,97,224,9747,2018,52275.0,193571.0,0.843677,1.656073,HKG,TUR,902130
9508151,100,224,9747,2018,0.0,50655.0,0.7923720000000001,1.4047209999999999,HRV,TUR,902130
9508152,102,224,9747,2018,19238.0,207031.0,1.519662,0.833092,HUN,TUR,902130
9508153,103,224,9747,2018,0.0,7278.0,-0.10130499999999999,1.2414209999999999,IDN,TUR,902130
9508154,104,224,9747,2018,1615282.0,150264.0,0.526015,2.448112,IND,TUR,902130
9508155,106,224,9747,2018,21506660.0,4334.0,1.262419,0.013576,IRL,TUR,902130
9508156,107,224,9747,2018,0.0,344121.0,-0.389954,-0.258156,IRN,TUR,902130
9508157,108,224,9747,2018,0.0,453706.0,-1.7504400000000002,-1.018699,IRQ,TUR,902130
9508158,109,224,9747,2018,344606.0,0.0,0.252338,-0.341319,ISL,TUR,902130
9508159,110,224,9747,2018,104125.0,539992.0,1.355071,0.872822,ISR,TUR,902130
9508160,111,224,9747,2018,3541032.0,1673301.0,1.3602530000000002,0.453607,ITA,TUR,902130
9508161,113,224,9747,2018,0.0,64542.0,-0.086895,0.283829,JOR,TUR,902130
9508162,114,224,9747,2018,366474.0,433747.0,2.514533,-0.416074,JPN,TUR,902130
9508163,115,224,9747,2018,0.0,24047.0,-0.483862,-0.667417,KAZ,TUR,902130
9508164,117,224,9747,2018,0.0,13705.0,-0.141491,0.33161,KGZ,TUR,902130
9508165,121,224,9747,2018,168796.0,957238.0,2.093866,0.764303,KOR,TUR,902130
9508166,124,224,9747,2018,0.0,157603.0,0.270554,0.9995149999999999,LBN,TUR,902130
9508167,126,224,9747,2018,0.0,590024.0,-1.608786,-1.231101,LBY,TUR,902130
9508168,128,224,9747,2018,0.0,15348.0,-0.544504,0.41074099999999997,LKA,TUR,902130
9508169,130,224,9747,2018,0.0,160862.0,0.964249,1.4050200000000002,LTU,TUR,902130
9508170,131,224,9747,2018,0.0,25827.0,1.1142889999999999,1.306066,LUX,TUR,902130
9508171,132,224,9747,2018,0.0,17640.0,0.707168,1.294297,LVA,TUR,902130
9508172,134,224,9747,2018,0.0,107225.0,-0.712775,-0.090013,MAR,TUR,902130
9508173,135,224,9747,2018,0.0,73038.0,-0.358412,-0.271334,MDA,TUR,902130
9508174,138,224,9747,2018,956615.0,219415.0,1.00061,0.585759,MEX,TUR,902130
9508175,140,224,9747,2018,0.0,71616.0,0.079976,-0.20256,MKD,TUR,902130
9508176,153,224,9747,2018,732253.0,61726.0,1.122976,0.734109,MYS,TUR,902130
9508177,159,224,9747,2018,0.0,8838.0,-1.8238,-1.259938,NGA,TUR,902130
9508178,162,224,9747,2018,15787609.0,2480396.0,1.1478899999999999,1.454758,NLD,TUR,902130
9508179,163,224,9747,2018,0.0,118295.0,0.681639,0.021762,NOR,TUR,902130
9508180,167,224,9747,2018,0.0,10205.0,-0.548048,-0.9972989999999999,OMN,TUR,902130
9508181,168,224,9747,2018,0.0,491723.0,-0.64348,0.665045,PAK,TUR,902130
9508182,173,224,9747,2018,23333.0,18477.0,-0.6673060000000001,-0.183315,PER,TUR,902130
9508183,174,224,9747,2018,0.0,19974.0,0.781409,0.22126700000000002,PHL,TUR,902130
9508184,177,224,9747,2018,34113.0,269585.0,1.132475,1.258945,POL,TUR,902130
9508185,179,224,9747,2018,396403.0,595294.0,0.652628,2.211758,PRT,TUR,902130
9508186,181,224,9747,2018,0.0,533540.0,0.096402,0.735946,PSE,TUR,902130
9508187,183,224,9747,2018,0.0,223933.0,-0.068401,-1.014732,QAT,TUR,902130
9508188,185,224,9747,2018,0.0,265909.0,1.050715,1.04471,ROU,TUR,902130
9508189,186,224,9747,2018,212461.0,105851.0,0.21398000000000003,0.100414,RUS,TUR,902130
9508190,188,224,9747,2018,13243.0,131947.0,0.5801810000000001,-0.447514,SAU,TUR,902130
9508191,192,224,9747,2018,2410203.0,483775.0,1.914132,0.652011,SGP,TUR,902130
9508192,197,224,9747,2018,0.0,4108.0,0.073928,0.22548600000000002,SLV,TUR,902130
9508193,199,224,9747,2018,0.0,12622.0,-1.4787370000000002,-1.050578,SOM,TUR,902130
9508194,201,224,9747,2018,0.0,114549.0,0.607486,1.2139389999999999,SRB,TUR,902130
9508195,206,224,9747,2018,0.0,5043.0,1.3270979999999999,0.877684,SVK,TUR,902130
9508196,207,224,9747,2018,0.0,19697.0,1.67428,0.7703800000000001,SVN,TUR,902130
9508197,208,224,9747,2018,2033409.0,4378802.0,1.76361,0.766904,SWE,TUR,902130
9508198,212,224,9747,2018,0.0,266595.0,-0.6836760000000001,0.554563,SYR,TUR,902130
9508199,216,224,9747,2018,0.0,369552.0,1.053177,1.4084969999999999,THA,TUR,902130
9508200,217,224,9747,2018,0.0,21321.0,-0.757793,-1.0641209999999999,TJK,TUR,902130
9508201,219,224,9747,2018,0.0,35469.0,-1.0081209999999998,-1.190796,TKM,TUR,902130
9508202,223,224,9747,2018,0.0,42649.0,0.259778,1.187194,TUN,TUR,902130
9508203,226,224,9747,2018,0.0,1278.0,-0.09850700000000001,1.145606,TZA,TUR,902130
9508204,228,224,9747,2018,68518.0,167116.0,0.337296,0.758675,UKR,TUR,902130
9508205,230,224,9747,2018,0.0,22939.0,-0.02056,-0.38911,URY,TUR,902130
9508206,231,224,9747,2018,3286527.0,1565851.0,1.585861,0.44815900000000003,USA,TUR,902130
9508207,232,224,9747,2018,0.0,43172.0,-0.591547,-0.429982,UZB,TUR,902130
9508208,239,224,9747,2018,0.0,209674.0,0.003069,0.9169729999999999,VNM,TUR,902130
9508209,243,224,9747,2018,0.0,8296.0,-1.3332899999999999,-1.200589,YEM,TUR,902130
9508210,246,224,9747,2018,6237.0,270886.0,0.158722,1.394829,ZAF,TUR,902130
9508211,249,224,9747,2018,286921.0,700286.0,2.0462540000000002,1.166636,TWN,TUR,902130
9508212,8,230,9747,2018,91850.0,4508.0,-0.14316800000000002,0.14356,ARG,URY,902130
9508213,14,230,9747,2018,46815.0,0.0,-0.29687199999999997,-0.123116,AUS,URY,902130
9508214,18,230,9747,2018,154933.0,0.0,1.270641,1.201063,BEL,URY,902130
9508215,32,230,9747,2018,351302.0,0.0,0.143397,0.582092,BRA,URY,902130
9508216,41,230,9747,2018,11227.0,0.0,2.2324330000000003,0.7801560000000001,CHE,URY,902130
9508217,43,230,9747,2018,3995.0,0.0,1.200689,1.2822,CHN,URY,902130
9508218,52,230,9747,2018,0.0,15743.0,0.19386,0.05811,CRI,URY,902130
9508219,59,230,9747,2018,3222.0,0.0,1.841016,0.220806,CZE,URY,902130
9508220,61,230,9747,2018,102641.0,0.0,2.109059,-2.428826,DEU,URY,902130
9508221,64,230,9747,2018,2605.0,0.0,1.0945040000000001,1.3311540000000002,DNK,URY,902130
9508222,71,230,9747,2018,9468.0,0.0,0.744825,2.919005,ESP,URY,902130
9508223,77,230,9747,2018,63311.0,0.0,1.420819,0.7793770000000001,FRA,URY,902130
9508224,81,230,9747,2018,71635.0,0.0,1.693008,0.768159,GBR,URY,902130
9508225,102,230,9747,2018,796.0,0.0,1.519662,0.833092,HUN,URY,902130
9508226,104,230,9747,2018,51543.0,0.0,0.526015,2.448112,IND,URY,902130
9508227,106,230,9747,2018,9806.0,0.0,1.262419,0.013576,IRL,URY,902130
9508228,110,230,9747,2018,11248.0,0.0,1.355071,0.872822,ISR,URY,902130
9508229,111,230,9747,2018,348991.0,0.0,1.3602530000000002,0.453607,ITA,URY,902130
9508230,121,230,9747,2018,39163.0,0.0,2.093866,0.764303,KOR,URY,902130
9508231,138,230,9747,2018,294218.0,0.0,1.00061,0.585759,MEX,URY,902130
9508232,162,230,9747,2018,1264595.0,0.0,1.1478899999999999,1.454758,NLD,URY,902130
9508233,192,230,9747,2018,26534.0,0.0,1.914132,0.652011,SGP,URY,902130
9508234,208,230,9747,2018,3339.0,0.0,1.76361,0.766904,SWE,URY,902130
9508235,223,230,9747,2018,0.0,3155.0,0.259778,1.187194,TUN,URY,902130
9508236,224,230,9747,2018,22939.0,0.0,0.518721,2.5581419999999997,TUR,URY,902130
9508237,231,230,9747,2018,540627.0,32799.0,1.585861,0.44815900000000003,USA,URY,902130
9508238,0,231,9747,2018,0.0,67746.0,0.8710549999999999,0.084402,ABW,USA,902130
9508239,2,231,9747,2018,0.0,16161.0,-1.489191,-1.213992,AGO,USA,902130
9508240,4,231,9747,2018,0.0,4701.0,-0.456481,-0.139655,ALB,USA,902130
9508241,7,231,9747,2018,2466.0,517233.0,0.11804400000000001,-0.326851,ARE,USA,902130
9508242,8,231,9747,2018,11980.0,10309205.0,-0.14316800000000002,0.14356,ARG,USA,902130
9508243,9,231,9747,2018,0.0,5412.0,-0.330516,-0.604744,ARM,USA,902130
9508244,14,231,9747,2018,12296684.0,74038408.0,-0.29687199999999997,-0.123116,AUS,USA,902130
9508245,15,231,9747,2018,6203828.0,4950792.0,1.774488,-0.21117800000000003,AUT,USA,902130
9508246,16,231,9747,2018,1674.0,140724.0,-1.144089,-1.224327,AZE,USA,902130
9508247,18,231,9747,2018,3046650.0,206446544.0,1.270641,1.201063,BEL,USA,902130
9508248,22,231,9747,2018,0.0,1927290.0,-0.899467,-0.9823719999999999,BGD,USA,902130
9508249,23,231,9747,2018,0.0,239959.0,0.571226,1.836856,BGR,USA,902130
9508250,24,231,9747,2018,0.0,1208205.0,0.318352,-0.69221,BHR,USA,902130
9508251,25,231,9747,2018,0.0,6322.0,0.532998,-0.394906,BHS,USA,902130
9508252,26,231,9747,2018,0.0,22300.0,0.526392,0.742398,BIH,USA,902130
9508253,28,231,9747,2018,0.0,1137372.0,0.850089,0.8332870000000001,BLR,USA,902130
9508254,29,231,9747,2018,0.0,538358.0,-0.15867699999999998,-0.6393989999999999,BLZ,USA,902130
9508255,30,231,9747,2018,0.0,8802.0,0.42484399999999994,-0.70587,BMU,USA,902130
9508256,31,231,9747,2018,36747.0,23989.0,-1.153953,-1.070749,BOL,USA,902130
9508257,32,231,9747,2018,9092803.0,42504360.0,0.143397,0.582092,BRA,USA,902130
9508258,33,231,9747,2018,2475275.0,138737.0,0.487166,-0.129388,BRB,USA,902130
9508259,34,231,9747,2018,0.0,134645.0,0.562198,-0.774457,BRN,USA,902130
9508260,37,231,9747,2018,0.0,4387.0,-0.8339610000000001,-1.184307,BWA,USA,902130
9508261,39,231,9747,2018,8372147.0,117845744.0,0.666822,1.218593,CAN,USA,902130
9508262,41,231,9747,2018,43836652.0,10979396.0,2.2324330000000003,0.7801560000000001,CHE,USA,902130
9508263,42,231,9747,2018,114788.0,5464918.0,-0.37677,-0.49605299999999997,CHL,USA,902130
9508264,43,231,9747,2018,7300594.0,148959120.0,1.200689,1.2822,CHN,USA,902130
9508265,45,231,9747,2018,0.0,17974.0,-1.366619,-1.09894,CMR,USA,902130
9508266,49,231,9747,2018,60382.0,8747197.0,0.20431,-0.15273699999999998,COL,USA,902130
9508267,52,231,9747,2018,254379872.0,6337942.0,0.19386,0.05811,CRI,USA,902130
9508268,54,231,9747,2018,0.0,17982.0,-0.8835629999999999,-1.15678,CUB,USA,902130
9508269,55,231,9747,2018,0.0,65777.0,0.8093,-0.325347,CUW,USA,902130
9508270,57,231,9747,2018,0.0,328808.0,-0.194933,-0.930874,CYM,USA,902130
9508271,58,231,9747,2018,7052.0,33517.0,0.45442,-0.113303,CYP,USA,902130
9508272,59,231,9747,2018,25943.0,1779753.0,1.841016,0.220806,CZE,USA,902130
9508273,61,231,9747,2018,70081000.0,206080512.0,2.109059,-2.428826,DEU,USA,902130
9508274,64,231,9747,2018,26826480.0,306951.0,1.0945040000000001,1.3311540000000002,DNK,USA,902130
9508275,65,231,9747,2018,252545.0,3822920.0,-0.084258,0.474872,DOM,USA,902130
9508276,66,231,9747,2018,0.0,9060.0,-1.281519,-1.22291,DZA,USA,902130
9508277,67,231,9747,2018,16909.0,1168766.0,-0.873973,-1.032841,ECU,USA,902130
9508278,68,231,9747,2018,0.0,575869.0,-0.096635,1.585658,EGY,USA,902130
9508279,71,231,9747,2018,6956038.0,27559142.0,0.744825,2.919005,ESP,USA,902130
9508280,72,231,9747,2018,0.0,405132.0,0.979986,1.2365899999999999,EST,USA,902130
9508281,73,231,9747,2018,0.0,4305.0,-0.874857,-0.464958,ETH,USA,902130
9508282,74,231,9747,2018,5812.0,543646.0,1.61151,0.9474549999999999,FIN,USA,902130
9508283,75,231,9747,2018,0.0,37579.0,-0.269185,0.006362,FJI,USA,902130
9508284,77,231,9747,2018,30424334.0,43388992.0,1.420819,0.7793770000000001,FRA,USA,902130
9508285,79,231,9747,2018,0.0,241200.0,-0.969202,-0.974952,FSM,USA,902130
9508286,80,231,9747,2018,2234.0,0.0,-1.4979200000000001,-1.180407,GAB,USA,902130
9508287,81,231,9747,2018,69798960.0,13872448.0,1.693008,0.768159,GBR,USA,902130
9508288,82,231,9747,2018,0.0,37156.0,-0.049871,-0.28439899999999996,GEO,USA,902130
9508289,83,231,9747,2018,0.0,5017.0,-0.956109,-0.861556,GHA,USA,902130
9508290,90,231,9747,2018,1291.0,940007.0,0.059539999999999996,1.0321879999999999,GRC,USA,902130
9508291,93,231,9747,2018,4543090.0,269615.0,-0.362668,0.520826,GTM,USA,902130
9508292,96,231,9747,2018,0.0,42024.0,-0.841458,-0.9803280000000001,GUY,USA,902130
9508293,97,231,9747,2018,101329.0,22415230.0,0.843677,1.656073,HKG,USA,902130
9508294,99,231,9747,2018,0.0,79075.0,-0.523738,-0.193198,HND,USA,902130
9508295,100,231,9747,2018,0.0,297879.0,0.7923720000000001,1.4047209999999999,HRV,USA,902130
9508296,102,231,9747,2018,5237.0,170039.0,1.519662,0.833092,HUN,USA,902130
9508297,103,231,9747,2018,30450.0,614705.0,-0.10130499999999999,1.2414209999999999,IDN,USA,902130
9508298,104,231,9747,2018,5197415.0,25947688.0,0.526015,2.448112,IND,USA,902130
9508299,105,231,9747,2018,0.0,13083.0,0.725927,-0.360329,IOT,USA,902130
9508300,106,231,9747,2018,1770761600.0,46773752.0,1.262419,0.013576,IRL,USA,902130
9508301,107,231,9747,2018,0.0,1215114.0,-0.389954,-0.258156,IRN,USA,902130
9508302,108,231,9747,2018,0.0,85933.0,-1.7504400000000002,-1.018699,IRQ,USA,902130
9508303,109,231,9747,2018,15610856.0,18199.0,0.252338,-0.341319,ISL,USA,902130
9508304,110,231,9747,2018,26193270.0,1558150.0,1.355071,0.872822,ISR,USA,902130
9508305,111,231,9747,2018,3150338.0,8218428.0,1.3602530000000002,0.453607,ITA,USA,902130
9508306,112,231,9747,2018,22096.0,2547198.0,-0.339328,-0.8756659999999999,JAM,USA,902130
9508307,113,231,9747,2018,11488.0,63068.0,-0.086895,0.283829,JOR,USA,902130
9508308,114,231,9747,2018,478554.0,466862272.0,2.514533,-0.416074,JPN,USA,902130
9508309,115,231,9747,2018,0.0,17947.0,-0.483862,-0.667417,KAZ,USA,902130
9508310,116,231,9747,2018,0.0,72535.0,-0.32707800000000004,0.71009,KEN,USA,902130
9508311,117,231,9747,2018,0.0,26800.0,-0.141491,0.33161,KGZ,USA,902130
9508312,118,231,9747,2018,0.0,13541.0,-0.45740299999999995,-0.575966,KHM,USA,902130
9508313,121,231,9747,2018,1582717.0,34126676.0,2.093866,0.764303,KOR,USA,902130
9508314,122,231,9747,2018,0.0,143584.0,-0.668802,-1.154012,KWT,USA,902130
9508315,123,231,9747,2018,0.0,17851.0,-0.788808,-0.8012670000000001,LAO,USA,902130
9508316,124,231,9747,2018,0.0,492522.0,0.270554,0.9995149999999999,LBN,USA,902130
9508317,126,231,9747,2018,0.0,6284.0,-1.608786,-1.231101,LBY,USA,902130
9508318,127,231,9747,2018,0.0,2794.0,0.18656,-0.143406,LCA,USA,902130
9508319,128,231,9747,2018,0.0,188187.0,-0.544504,0.41074099999999997,LKA,USA,902130
9508320,130,231,9747,2018,0.0,27819.0,0.964249,1.4050200000000002,LTU,USA,902130
9508321,131,231,9747,2018,0.0,133476.0,1.1142889999999999,1.306066,LUX,USA,902130
9508322,132,231,9747,2018,0.0,2473.0,0.707168,1.294297,LVA,USA,902130
9508323,133,231,9747,2018,0.0,532497.0,0.44520299999999996,0.042491,MAC,USA,902130
9508324,134,231,9747,2018,0.0,203393.0,-0.712775,-0.090013,MAR,USA,902130
9508325,135,231,9747,2018,0.0,162938.0,-0.358412,-0.271334,MDA,USA,902130
9508326,137,231,9747,2018,0.0,2696.0,-0.577527,-0.952098,MDV,USA,902130
9508327,138,231,9747,2018,136787872.0,44209308.0,1.00061,0.585759,MEX,USA,902130
9508328,140,231,9747,2018,0.0,213248.0,0.079976,-0.20256,MKD,USA,902130
9508329,142,231,9747,2018,36243.0,17959.0,0.9621219999999999,0.257289,MLT,USA,902130
9508330,143,231,9747,2018,0.0,102487.0,-0.936467,-0.223413,MMR,USA,902130
9508331,144,231,9747,2018,0.0,74991.0,0.332495,0.124258,MNE,USA,902130
9508332,145,231,9747,2018,0.0,5637.0,-0.934398,-1.125105,MNG,USA,902130
9508333,151,231,9747,2018,0.0,60550.0,-0.128221,0.15049400000000002,MUS,USA,902130
9508334,153,231,9747,2018,33059658.0,1763469.0,1.122976,0.734109,MYS,USA,902130
9508335,155,231,9747,2018,0.0,9724.0,-0.668091,-0.779938,NAM,USA,902130
9508336,159,231,9747,2018,0.0,34244.0,-1.8238,-1.259938,NGA,USA,902130
9508337,160,231,9747,2018,11088.0,57072.0,-0.887282,-0.827008,NIC,USA,902130
9508338,162,231,9747,2018,127917528.0,657720448.0,1.1478899999999999,1.454758,NLD,USA,902130
9508339,163,231,9747,2018,34989.0,216213.0,0.681639,0.021762,NOR,USA,902130
9508340,164,231,9747,2018,0.0,3780.0,-0.252837,0.999258,NPL,USA,902130
9508341,166,231,9747,2018,2185100.0,1344327.0,0.21902600000000003,0.148714,NZL,USA,902130
9508342,167,231,9747,2018,0.0,117278.0,-0.548048,-0.9972989999999999,OMN,USA,902130
9508343,168,231,9747,2018,9955.0,1484740.0,-0.64348,0.665045,PAK,USA,902130
9508344,169,231,9747,2018,0.0,1977900.0,0.104326,-0.11611800000000001,PAN,USA,902130
9508345,173,231,9747,2018,3038.0,1801751.0,-0.6673060000000001,-0.183315,PER,USA,902130
9508346,174,231,9747,2018,0.0,959482.0,0.781409,0.22126700000000002,PHL,USA,902130
9508347,177,231,9747,2018,86624.0,1124878.0,1.132475,1.258945,POL,USA,902130
9508348,179,231,9747,2018,7738.0,1203753.0,0.652628,2.211758,PRT,USA,902130
9508349,180,231,9747,2018,10848.0,252703.0,-0.614751,-0.952478,PRY,USA,902130
9508350,181,231,9747,2018,0.0,1035.0,0.096402,0.735946,PSE,USA,902130
9508351,182,231,9747,2018,0.0,141515.0,0.21430300000000002,-0.484076,PYF,USA,902130
9508352,183,231,9747,2018,0.0,9989.0,-0.068401,-1.014732,QAT,USA,902130
9508353,185,231,9747,2018,189634.0,587301.0,1.050715,1.04471,ROU,USA,902130
9508354,186,231,9747,2018,0.0,1055690.0,0.21398000000000003,0.100414,RUS,USA,902130
9508355,187,231,9747,2018,0.0,72206.0,-0.618925,-0.788172,RWA,USA,902130
9508356,188,231,9747,2018,1716315.0,3093701.0,0.5801810000000001,-0.447514,SAU,USA,902130
9508357,191,231,9747,2018,0.0,15911.0,-0.751378,-0.390573,SEN,USA,902130
9508358,192,231,9747,2018,226629184.0,45471380.0,1.914132,0.652011,SGP,USA,902130
9508359,197,231,9747,2018,3568.0,249597.0,0.073928,0.22548600000000002,SLV,USA,902130
9508360,201,231,9747,2018,12422.0,41086.0,0.607486,1.2139389999999999,SRB,USA,902130
9508361,202,231,9747,2018,0.0,19917.0,-2.431595,-1.0499290000000001,SSD,USA,902130
9508362,206,231,9747,2018,0.0,464293.0,1.3270979999999999,0.877684,SVK,USA,902130
9508363,207,231,9747,2018,0.0,27029.0,1.67428,0.7703800000000001,SVN,USA,902130
9508364,208,231,9747,2018,7835680.0,1577990.0,1.76361,0.766904,SWE,USA,902130
9508365,216,231,9747,2018,118676.0,6846531.0,1.053177,1.4084969999999999,THA,USA,902130
9508366,217,231,9747,2018,0.0,10063.0,-0.757793,-1.0641209999999999,TJK,USA,902130
9508367,222,231,9747,2018,0.0,135748.0,-0.281617,-1.009652,TTO,USA,902130
9508368,223,231,9747,2018,0.0,25128.0,0.259778,1.187194,TUN,USA,902130
9508369,224,231,9747,2018,1565851.0,3286527.0,0.518721,2.5581419999999997,TUR,USA,902130
9508370,226,231,9747,2018,0.0,4593.0,-0.09850700000000001,1.145606,TZA,USA,902130
9508371,227,231,9747,2018,311010.0,597801.0,-0.621049,-0.061448,UGA,USA,902130
9508372,228,231,9747,2018,0.0,533183.0,0.337296,0.758675,UKR,USA,902130
9508373,230,231,9747,2018,32799.0,540627.0,-0.02056,-0.38911,URY,USA,902130
9508374,232,231,9747,2018,0.0,37929.0,-0.591547,-0.429982,UZB,USA,902130
9508375,234,231,9747,2018,0.0,23836.0,-0.274831,-0.603525,VCT,USA,902130
9508376,236,231,9747,2018,0.0,53488.0,-1.081138,-1.198717,VEN,USA,902130
9508377,239,231,9747,2018,70525.0,3212587.0,0.003069,0.9169729999999999,VNM,USA,902130
9508378,246,231,9747,2018,0.0,3762960.0,0.158722,1.394829,ZAF,USA,902130
9508379,249,231,9747,2018,2590843.0,12557239.0,2.0462540000000002,1.166636,TWN,USA,902130
9508380,18,236,9747,2018,4969.0,0.0,1.270641,1.201063,BEL,VEN,902130
9508381,32,236,9747,2018,39903.0,0.0,0.143397,0.582092,BRA,VEN,902130
9508382,41,236,9747,2018,27459.0,0.0,2.2324330000000003,0.7801560000000001,CHE,VEN,902130
9508383,43,236,9747,2018,186219.0,0.0,1.200689,1.2822,CHN,VEN,902130
9508384,52,236,9747,2018,1112922.0,0.0,0.19386,0.05811,CRI,VEN,902130
9508385,61,236,9747,2018,1081394.0,0.0,2.109059,-2.428826,DEU,VEN,902130
9508386,77,236,9747,2018,385856.0,17063.0,1.420819,0.7793770000000001,FRA,VEN,902130
9508387,102,236,9747,2018,9946.0,0.0,1.519662,0.833092,HUN,VEN,902130
9508388,104,236,9747,2018,128273.0,0.0,0.526015,2.448112,IND,VEN,902130
9508389,111,236,9747,2018,37676.0,18334.0,1.3602530000000002,0.453607,ITA,VEN,902130
9508390,162,236,9747,2018,49894.0,0.0,1.1478899999999999,1.454758,NLD,VEN,902130
9508391,231,236,9747,2018,53488.0,0.0,1.585861,0.44815900000000003,USA,VEN,902130
9508392,7,246,9747,2018,3091.0,4285.0,0.11804400000000001,-0.326851,ARE,ZAF,902130
9508393,14,246,9747,2018,12549.0,5991.0,-0.29687199999999997,-0.123116,AUS,ZAF,902130
9508394,15,246,9747,2018,52539.0,2904.0,1.774488,-0.21117800000000003,AUT,ZAF,902130
9508395,18,246,9747,2018,3769791.0,332213.0,1.270641,1.201063,BEL,ZAF,902130
9508396,23,246,9747,2018,2381.0,0.0,0.571226,1.836856,BGR,ZAF,902130
9508397,25,246,9747,2018,1346.0,0.0,0.532998,-0.394906,BHS,ZAF,902130
9508398,32,246,9747,2018,204882.0,0.0,0.143397,0.582092,BRA,ZAF,902130
9508399,33,246,9747,2018,7536.0,0.0,0.487166,-0.129388,BRB,ZAF,902130
9508400,37,246,9747,2018,0.0,88271.0,-0.8339610000000001,-1.184307,BWA,ZAF,902130
9508401,39,246,9747,2018,74719.0,0.0,0.666822,1.218593,CAN,ZAF,902130
9508402,41,246,9747,2018,304617.0,12937.0,2.2324330000000003,0.7801560000000001,CHE,ZAF,902130
9508403,43,246,9747,2018,729192.0,0.0,1.200689,1.2822,CHN,ZAF,902130
9508404,44,246,9747,2018,0.0,31542.0,-0.8733569999999999,-0.8443139999999999,CIV,ZAF,902130
9508405,52,246,9747,2018,556461.0,0.0,0.19386,0.05811,CRI,ZAF,902130
9508406,59,246,9747,2018,61585.0,62024.0,1.841016,0.220806,CZE,ZAF,902130
9508407,61,246,9747,2018,7439873.0,603514.0,2.109059,-2.428826,DEU,ZAF,902130
9508408,64,246,9747,2018,57519.0,0.0,1.0945040000000001,1.3311540000000002,DNK,ZAF,902130
9508409,71,246,9747,2018,49517.0,422477.0,0.744825,2.919005,ESP,ZAF,902130
9508410,72,246,9747,2018,7731.0,1079.0,0.979986,1.2365899999999999,EST,ZAF,902130
9508411,74,246,9747,2018,0.0,3265.0,1.61151,0.9474549999999999,FIN,ZAF,902130
9508412,77,246,9747,2018,2568698.0,102401.0,1.420819,0.7793770000000001,FRA,ZAF,902130
9508413,81,246,9747,2018,737498.0,15142.0,1.693008,0.768159,GBR,ZAF,902130
9508414,90,246,9747,2018,13843.0,0.0,0.059539999999999996,1.0321879999999999,GRC,ZAF,902130
9508415,97,246,9747,2018,53912.0,0.0,0.843677,1.656073,HKG,ZAF,902130
9508416,102,246,9747,2018,150936.0,2827.0,1.519662,0.833092,HUN,ZAF,902130
9508417,104,246,9747,2018,266122.0,2343.0,0.526015,2.448112,IND,ZAF,902130
9508418,106,246,9747,2018,2046650.0,5452.0,1.262419,0.013576,IRL,ZAF,902130
9508419,109,246,9747,2018,180523.0,0.0,0.252338,-0.341319,ISL,ZAF,902130
9508420,110,246,9747,2018,223955.0,0.0,1.355071,0.872822,ISR,ZAF,902130
9508421,111,246,9747,2018,433870.0,22672.0,1.3602530000000002,0.453607,ITA,ZAF,902130
9508422,114,246,9747,2018,10093.0,0.0,2.514533,-0.416074,JPN,ZAF,902130
9508423,116,246,9747,2018,0.0,42409.0,-0.32707800000000004,0.71009,KEN,ZAF,902130
9508424,121,246,9747,2018,31511.0,0.0,2.093866,0.764303,KOR,ZAF,902130
9508425,122,246,9747,2018,0.0,2760.0,-0.668802,-1.154012,KWT,ZAF,902130
9508426,124,246,9747,2018,0.0,12030.0,0.270554,0.9995149999999999,LBN,ZAF,902130
9508427,129,246,9747,2018,15825.0,2328.0,-0.413303,-0.46411899999999995,LSO,ZAF,902130
9508428,138,246,9747,2018,706883.0,0.0,1.00061,0.585759,MEX,ZAF,902130
9508429,143,246,9747,2018,20842.0,0.0,-0.936467,-0.223413,MMR,ZAF,902130
9508430,147,246,9747,2018,0.0,44838.0,-1.380023,-1.027817,MOZ,ZAF,902130
9508431,151,246,9747,2018,299108.0,420092.0,-0.128221,0.15049400000000002,MUS,ZAF,902130
9508432,152,246,9747,2018,0.0,4239.0,-0.7015979999999999,-0.9293680000000001,MWI,ZAF,902130
9508433,153,246,9747,2018,197784.0,0.0,1.122976,0.734109,MYS,ZAF,902130
9508434,155,246,9747,2018,18682.0,392653.0,-0.668091,-0.779938,NAM,ZAF,902130
9508435,159,246,9747,2018,0.0,37847.0,-1.8238,-1.259938,NGA,ZAF,902130
9508436,162,246,9747,2018,7541870.0,1107302.0,1.1478899999999999,1.454758,NLD,ZAF,902130
9508437,163,246,9747,2018,0.0,6742.0,0.681639,0.021762,NOR,ZAF,902130
9508438,164,246,9747,2018,1055.0,0.0,-0.252837,0.999258,NPL,ZAF,902130
9508439,166,246,9747,2018,0.0,4580.0,0.21902600000000003,0.148714,NZL,ZAF,902130
9508440,177,246,9747,2018,7168.0,3706.0,1.132475,1.258945,POL,ZAF,902130
9508441,179,246,9747,2018,4371.0,2894.0,0.652628,2.211758,PRT,ZAF,902130
9508442,185,246,9747,2018,0.0,2162.0,1.050715,1.04471,ROU,ZAF,902130
9508443,186,246,9747,2018,3881.0,68748.0,0.21398000000000003,0.100414,RUS,ZAF,902130
9508444,187,246,9747,2018,0.0,2263.0,-0.618925,-0.788172,RWA,ZAF,902130
9508445,188,246,9747,2018,0.0,25141.0,0.5801810000000001,-0.447514,SAU,ZAF,902130
9508446,190,246,9747,2018,0.0,5086.0,-1.278532,-1.176008,SDN,ZAF,902130
9508447,192,246,9747,2018,1493795.0,0.0,1.914132,0.652011,SGP,ZAF,902130
9508448,206,246,9747,2018,4063.0,136.0,1.3270979999999999,0.877684,SVK,ZAF,902130
9508449,207,246,9747,2018,0.0,6031.0,1.67428,0.7703800000000001,SVN,ZAF,902130
9508450,208,246,9747,2018,4110.0,10019.0,1.76361,0.766904,SWE,ZAF,902130
9508451,209,246,9747,2018,0.0,98514.0,-0.008154999999999999,-0.6079319999999999,SWZ,ZAF,902130
9508452,215,246,9747,2018,0.0,13198.0,-0.685084,-0.773437,TGO,ZAF,902130
9508453,216,246,9747,2018,15819.0,0.0,1.053177,1.4084969999999999,THA,ZAF,902130
9508454,218,246,9747,2018,2317.0,0.0,0.404658,-0.10286300000000001,TKL,ZAF,902130
9508455,224,246,9747,2018,270886.0,6237.0,0.518721,2.5581419999999997,TUR,ZAF,902130
9508456,226,246,9747,2018,0.0,11064.0,-0.09850700000000001,1.145606,TZA,ZAF,902130
9508457,231,246,9747,2018,3762960.0,0.0,1.585861,0.44815900000000003,USA,ZAF,902130
9508458,239,246,9747,2018,17291.0,0.0,0.003069,0.9169729999999999,VNM,ZAF,902130
9508459,247,246,9747,2018,0.0,2102.0,-0.736064,-0.93958,ZMB,ZAF,902130
9508460,248,246,9747,2018,0.0,40532.0,-1.181524,-1.0648520000000001,ZWE,ZAF,902130
9508461,249,246,9747,2018,150699.0,0.0,2.0462540000000002,1.166636,TWN,ZAF,902130
9508462,250,246,9747,2018,94854.0,1787.0,0.809991,-0.368737,ANS,ZAF,902130
9508463,7,249,9747,2018,0.0,335619.0,0.11804400000000001,-0.326851,ARE,TWN,902130
9508464,8,249,9747,2018,0.0,44746.0,-0.14316800000000002,0.14356,ARG,TWN,902130
9508465,14,249,9747,2018,1161967.0,638476.0,-0.29687199999999997,-0.123116,AUS,TWN,902130
9508466,15,249,9747,2018,20586.0,0.0,1.774488,-0.21117800000000003,AUT,TWN,902130
9508467,16,249,9747,2018,0.0,12297.0,-1.144089,-1.224327,AZE,TWN,902130
9508468,18,249,9747,2018,5927054.0,2206.0,1.270641,1.201063,BEL,TWN,902130
9508469,31,249,9747,2018,0.0,976.0,-1.153953,-1.070749,BOL,TWN,902130
9508470,32,249,9747,2018,329528.0,166502.0,0.143397,0.582092,BRA,TWN,902130
9508471,33,249,9747,2018,176163.0,0.0,0.487166,-0.129388,BRB,TWN,902130
9508472,39,249,9747,2018,36824.0,61705.0,0.666822,1.218593,CAN,TWN,902130
9508473,41,249,9747,2018,5129979.0,171560.0,2.2324330000000003,0.7801560000000001,CHE,TWN,902130
9508474,42,249,9747,2018,0.0,49975.0,-0.37677,-0.49605299999999997,CHL,TWN,902130
9508475,43,249,9747,2018,165341.0,4278300.0,1.200689,1.2822,CHN,TWN,902130
9508476,49,249,9747,2018,0.0,4687.0,0.20431,-0.15273699999999998,COL,TWN,902130
9508477,52,249,9747,2018,1901906.0,0.0,0.19386,0.05811,CRI,TWN,902130
9508478,58,249,9747,2018,0.0,27056.0,0.45442,-0.113303,CYP,TWN,902130
9508479,59,249,9747,2018,0.0,9422.0,1.841016,0.220806,CZE,TWN,902130
9508480,61,249,9747,2018,979927.0,147337.0,2.109059,-2.428826,DEU,TWN,902130
9508481,64,249,9747,2018,113629.0,9115.0,1.0945040000000001,1.3311540000000002,DNK,TWN,902130
9508482,66,249,9747,2018,0.0,28022.0,-1.281519,-1.22291,DZA,TWN,902130
9508483,67,249,9747,2018,0.0,18596.0,-0.873973,-1.032841,ECU,TWN,902130
9508484,68,249,9747,2018,0.0,206088.0,-0.096635,1.585658,EGY,TWN,902130
9508485,71,249,9747,2018,98599.0,51867.0,0.744825,2.919005,ESP,TWN,902130
9508486,74,249,9747,2018,10412.0,0.0,1.61151,0.9474549999999999,FIN,TWN,902130
9508487,77,249,9747,2018,599358.0,35225.0,1.420819,0.7793770000000001,FRA,TWN,902130
9508488,81,249,9747,2018,1686066.0,368298.0,1.693008,0.768159,GBR,TWN,902130
9508489,83,249,9747,2018,0.0,851.0,-0.956109,-0.861556,GHA,TWN,902130
9508490,90,249,9747,2018,0.0,40668.0,0.059539999999999996,1.0321879999999999,GRC,TWN,902130
9508491,97,249,9747,2018,6210272.0,721949.0,0.843677,1.656073,HKG,TWN,902130
9508492,99,249,9747,2018,0.0,2549.0,-0.523738,-0.193198,HND,TWN,902130
9508493,103,249,9747,2018,330290.0,33115.0,-0.10130499999999999,1.2414209999999999,IDN,TWN,902130
9508494,104,249,9747,2018,0.0,132289.0,0.526015,2.448112,IND,TWN,902130
9508495,106,249,9747,2018,4137236.0,0.0,1.262419,0.013576,IRL,TWN,902130
9508496,107,249,9747,2018,0.0,108919.0,-0.389954,-0.258156,IRN,TWN,902130
9508497,109,249,9747,2018,316368.0,0.0,0.252338,-0.341319,ISL,TWN,902130
9508498,110,249,9747,2018,236212.0,0.0,1.355071,0.872822,ISR,TWN,902130
9508499,111,249,9747,2018,268450.0,27935.0,1.3602530000000002,0.453607,ITA,TWN,902130
9508500,112,249,9747,2018,0.0,2723.0,-0.339328,-0.8756659999999999,JAM,TWN,902130
9508501,114,249,9747,2018,371199.0,316150.0,2.514533,-0.416074,JPN,TWN,902130
9508502,121,249,9747,2018,29412.0,302909.0,2.093866,0.764303,KOR,TWN,902130
9508503,122,249,9747,2018,0.0,7700.0,-0.668802,-1.154012,KWT,TWN,902130
9508504,124,249,9747,2018,0.0,10644.0,0.270554,0.9995149999999999,LBN,TWN,902130
9508505,128,249,9747,2018,0.0,14026.0,-0.544504,0.41074099999999997,LKA,TWN,902130
9508506,133,249,9747,2018,0.0,29703.0,0.44520299999999996,0.042491,MAC,TWN,902130
9508507,138,249,9747,2018,226222.0,4468.0,1.00061,0.585759,MEX,TWN,902130
9508508,151,249,9747,2018,0.0,18714.0,-0.128221,0.15049400000000002,MUS,TWN,902130
9508509,153,249,9747,2018,40072.0,109971.0,1.122976,0.734109,MYS,TWN,902130
9508510,162,249,9747,2018,16088811.0,1546752.0,1.1478899999999999,1.454758,NLD,TWN,902130
9508511,163,249,9747,2018,0.0,858.0,0.681639,0.021762,NOR,TWN,902130
9508512,166,249,9747,2018,3323.0,10630.0,0.21902600000000003,0.148714,NZL,TWN,902130
9508513,167,249,9747,2018,0.0,11958.0,-0.548048,-0.9972989999999999,OMN,TWN,902130
9508514,168,249,9747,2018,4988.0,9603.0,-0.64348,0.665045,PAK,TWN,902130
9508515,174,249,9747,2018,0.0,230075.0,0.781409,0.22126700000000002,PHL,TWN,902130
9508516,177,249,9747,2018,49267.0,4386.0,1.132475,1.258945,POL,TWN,902130
9508517,179,249,9747,2018,0.0,5899.0,0.652628,2.211758,PRT,TWN,902130
9508518,185,249,9747,2018,0.0,1094.0,1.050715,1.04471,ROU,TWN,902130
9508519,186,249,9747,2018,0.0,98126.0,0.21398000000000003,0.100414,RUS,TWN,902130
9508520,188,249,9747,2018,0.0,27090.0,0.5801810000000001,-0.447514,SAU,TWN,902130
9508521,192,249,9747,2018,3933882.0,140499.0,1.914132,0.652011,SGP,TWN,902130
9508522,208,249,9747,2018,505378.0,7575.0,1.76361,0.766904,SWE,TWN,902130
9508523,216,249,9747,2018,42008.0,90246.0,1.053177,1.4084969999999999,THA,TWN,902130
9508524,224,249,9747,2018,700286.0,286921.0,0.518721,2.5581419999999997,TUR,TWN,902130
9508525,228,249,9747,2018,0.0,33816.0,0.337296,0.758675,UKR,TWN,902130
9508526,231,249,9747,2018,12557239.0,2590843.0,1.585861,0.44815900000000003,USA,TWN,902130
9508527,239,249,9747,2018,20725.0,61272.0,0.003069,0.9169729999999999,VNM,TWN,902130
9508528,246,249,9747,2018,0.0,150699.0,0.158722,1.394829,ZAF,TWN,902130
9508529,0,250,9747,2018,1467.0,234585.0,0.8710549999999999,0.084402,ABW,ANS,902130
9508530,32,250,9747,2018,0.0,115435.0,0.143397,0.582092,BRA,ANS,902130
9508531,39,250,9747,2018,0.0,1146882.0,0.666822,1.218593,CAN,ANS,902130
9508532,42,250,9747,2018,0.0,4419582.0,-0.37677,-0.49605299999999997,CHL,ANS,902130
9508533,49,250,9747,2018,0.0,116156.0,0.20431,-0.15273699999999998,COL,ANS,902130
9508534,52,250,9747,2018,0.0,826263.0,0.19386,0.05811,CRI,ANS,902130
9508535,59,250,9747,2018,0.0,1218.0,1.841016,0.220806,CZE,ANS,902130
9508536,71,250,9747,2018,0.0,36067.0,0.744825,2.919005,ESP,ANS,902130
9508537,72,250,9747,2018,0.0,3964.0,0.979986,1.2365899999999999,EST,ANS,902130
9508538,77,250,9747,2018,0.0,2577576.0,1.420819,0.7793770000000001,FRA,ANS,902130
9508539,104,250,9747,2018,0.0,2684.0,0.526015,2.448112,IND,ANS,902130
9508540,106,250,9747,2018,0.0,1624996.0,1.262419,0.013576,IRL,ANS,902130
9508541,110,250,9747,2018,487000.0,0.0,1.355071,0.872822,ISR,ANS,902130
9508542,113,250,9747,2018,182915.0,0.0,-0.086895,0.283829,JOR,ANS,902130
9508543,131,250,9747,2018,0.0,43022.0,1.1142889999999999,1.306066,LUX,ANS,902130
9508544,164,250,9747,2018,0.0,8570.0,-0.252837,0.999258,NPL,ANS,902130
9508545,177,250,9747,2018,7483.0,47296.0,1.132475,1.258945,POL,ANS,902130
9508546,186,250,9747,2018,21213.0,0.0,0.21398000000000003,0.100414,RUS,ANS,902130
9508547,188,250,9747,2018,0.0,471018.0,0.5801810000000001,-0.447514,SAU,ANS,902130
9508548,206,250,9747,2018,0.0,187948.0,1.3270979999999999,0.877684,SVK,ANS,902130
9508549,217,250,9747,2018,0.0,5476.0,-0.757793,-1.0641209999999999,TJK,ANS,902130
9508550,223,250,9747,2018,0.0,64285.0,0.259778,1.187194,TUN,ANS,902130
9508551,246,250,9747,2018,1787.0,94854.0,0.158722,1.394829,ZAF,ANS,902130
9508552,61,0,9747,2018,3618.0,0.0,2.109059,-2.428826,DEU,ABW,902130
9508553,162,0,9747,2018,368582.0,0.0,1.1478899999999999,1.454758,NLD,ABW,902130
9508554,231,0,9747,2018,67746.0,0.0,1.585861,0.44815900000000003,USA,ABW,902130
9508555,250,0,9747,2018,234585.0,1467.0,0.809991,-0.368737,ANS,ABW,902130
9508556,7,14,9747,2018,0.0,25353.0,0.11804400000000001,-0.326851,ARE,AUS,902130
9508557,8,14,9747,2018,8157.0,44053.0,-0.14316800000000002,0.14356,ARG,AUS,902130
9508558,15,14,9747,2018,270743.0,0.0,1.774488,-0.21117800000000003,AUT,AUS,902130
9508559,18,14,9747,2018,24463988.0,5283754.0,1.270641,1.201063,BEL,AUS,902130
9508560,32,14,9747,2018,248365.0,268269.0,0.143397,0.582092,BRA,AUS,902130
9508561,33,14,9747,2018,5385.0,0.0,0.487166,-0.129388,BRB,AUS,902130
9508562,39,14,9747,2018,1610790.0,1369159.0,0.666822,1.218593,CAN,AUS,902130
9508563,41,14,9747,2018,5384470.0,2183747.0,2.2324330000000003,0.7801560000000001,CHE,AUS,902130
9508564,42,14,9747,2018,0.0,183567.0,-0.37677,-0.49605299999999997,CHL,AUS,902130
9508565,43,14,9747,2018,280098.0,1281378.0,1.200689,1.2822,CHN,AUS,902130
9508566,49,14,9747,2018,0.0,140837.0,0.20431,-0.15273699999999998,COL,AUS,902130
9508567,52,14,9747,2018,7784540.0,1286.0,0.19386,0.05811,CRI,AUS,902130
9508568,59,14,9747,2018,33200.0,6974.0,1.841016,0.220806,CZE,AUS,902130
9508569,61,14,9747,2018,20812020.0,16057537.0,2.109059,-2.428826,DEU,AUS,902130
9508570,64,14,9747,2018,577477.0,12730.0,1.0945040000000001,1.3311540000000002,DNK,AUS,902130
9508571,67,14,9747,2018,17587.0,0.0,-0.873973,-1.032841,ECU,AUS,902130
9508572,71,14,9747,2018,75668.0,0.0,0.744825,2.919005,ESP,AUS,902130
9508573,72,14,9747,2018,6920.0,0.0,0.979986,1.2365899999999999,EST,AUS,902130
9508574,74,14,9747,2018,0.0,9469.0,1.61151,0.9474549999999999,FIN,AUS,902130
9508575,75,14,9747,2018,0.0,74521.0,-0.269185,0.006362,FJI,AUS,902130
9508576,77,14,9747,2018,2812059.0,58423.0,1.420819,0.7793770000000001,FRA,AUS,902130
9508577,81,14,9747,2018,3611749.0,108812.0,1.693008,0.768159,GBR,AUS,902130
9508578,90,14,9747,2018,0.0,13535.0,0.059539999999999996,1.0321879999999999,GRC,AUS,902130
9508579,97,14,9747,2018,303578.0,347659.0,0.843677,1.656073,HKG,AUS,902130
9508580,102,14,9747,2018,863681.0,7197.0,1.519662,0.833092,HUN,AUS,902130
9508581,104,14,9747,2018,37974.0,470009.0,0.526015,2.448112,IND,AUS,902130
9508582,106,14,9747,2018,27649576.0,37843.0,1.262419,0.013576,IRL,AUS,902130
9508583,109,14,9747,2018,341486.0,0.0,0.252338,-0.341319,ISL,AUS,902130
9508584,110,14,9747,2018,173028.0,9538.0,1.355071,0.872822,ISR,AUS,902130
9508585,111,14,9747,2018,215361.0,83856.0,1.3602530000000002,0.453607,ITA,AUS,902130
9508586,114,14,9747,2018,17273.0,253618.0,2.514533,-0.416074,JPN,AUS,902130
9508587,121,14,9747,2018,5693234.0,1793440.0,2.093866,0.764303,KOR,AUS,902130
9508588,124,14,9747,2018,0.0,49736.0,0.270554,0.9995149999999999,LBN,AUS,902130
9508589,138,14,9747,2018,6621018.0,26587.0,1.00061,0.585759,MEX,AUS,902130
9508590,139,14,9747,2018,0.0,11972.0,0.03022,-0.7880520000000001,MHL,AUS,902130
9508591,143,14,9747,2018,26787.0,0.0,-0.936467,-0.223413,MMR,AUS,902130
9508592,145,14,9747,2018,0.0,14997.0,-0.934398,-1.125105,MNG,AUS,902130
9508593,153,14,9747,2018,74620.0,63012.0,1.122976,0.734109,MYS,AUS,902130
9508594,156,14,9747,2018,0.0,109332.0,-0.49370299999999995,-0.865432,NCL,AUS,902130
9508595,162,14,9747,2018,33549216.0,1521109.0,1.1478899999999999,1.454758,NLD,AUS,902130
9508596,163,14,9747,2018,0.0,718.0,0.681639,0.021762,NOR,AUS,902130
9508597,166,14,9747,2018,2803338.0,6781410.0,0.21902600000000003,0.148714,NZL,AUS,902130
9508598,177,14,9747,2018,6321.0,0.0,1.132475,1.258945,POL,AUS,902130
9508599,179,14,9747,2018,25166.0,7972.0,0.652628,2.211758,PRT,AUS,902130
9508600,182,14,9747,2018,0.0,13223.0,0.21430300000000002,-0.484076,PYF,AUS,902130
9508601,185,14,9747,2018,6224.0,6095.0,1.050715,1.04471,ROU,AUS,902130
9508602,186,14,9747,2018,912.0,0.0,0.21398000000000003,0.100414,RUS,AUS,902130
9508603,192,14,9747,2018,7650859.0,2782481.0,1.914132,0.652011,SGP,AUS,902130
9508604,206,14,9747,2018,37285.0,10998.0,1.3270979999999999,0.877684,SVK,AUS,902130
9508605,208,14,9747,2018,55672.0,0.0,1.76361,0.766904,SWE,AUS,902130
9508606,216,14,9747,2018,30737.0,744500.0,1.053177,1.4084969999999999,THA,AUS,902130
9508607,224,14,9747,2018,3556.0,243638.0,0.518721,2.5581419999999997,TUR,AUS,902130
9508608,230,14,9747,2018,0.0,46815.0,-0.02056,-0.38911,URY,AUS,902130
9508609,231,14,9747,2018,74038408.0,12296684.0,1.585861,0.44815900000000003,USA,AUS,902130
9508610,239,14,9747,2018,131982.0,263978.0,0.003069,0.9169729999999999,VNM,AUS,902130
9508611,240,14,9747,2018,0.0,3469.0,-1.595495,-1.026155,VUT,AUS,902130
9508612,246,14,9747,2018,5991.0,12549.0,0.158722,1.394829,ZAF,AUS,902130
9508613,249,14,9747,2018,638476.0,1161967.0,2.0462540000000002,1.166636,TWN,AUS,902130
9508614,8,16,9747,2018,5299.0,0.0,-0.14316800000000002,0.14356,ARG,AZE,902130
9508615,18,16,9747,2018,1475.0,0.0,1.270641,1.201063,BEL,AZE,902130
9508616,23,16,9747,2018,19324.0,0.0,0.571226,1.836856,BGR,AZE,902130
9508617,39,16,9747,2018,1155.0,0.0,0.666822,1.218593,CAN,AZE,902130
9508618,41,16,9747,2018,8058.0,0.0,2.2324330000000003,0.7801560000000001,CHE,AZE,902130
9508619,43,16,9747,2018,24271.0,0.0,1.200689,1.2822,CHN,AZE,902130
9508620,52,16,9747,2018,3010.0,0.0,0.19386,0.05811,CRI,AZE,902130
9508621,61,16,9747,2018,462713.0,0.0,2.109059,-2.428826,DEU,AZE,902130
9508622,72,16,9747,2018,6194.0,0.0,0.979986,1.2365899999999999,EST,AZE,902130
9508623,77,16,9747,2018,122532.0,0.0,1.420819,0.7793770000000001,FRA,AZE,902130
9508624,81,16,9747,2018,14642.0,0.0,1.693008,0.768159,GBR,AZE,902130
9508625,82,16,9747,2018,159380.0,0.0,-0.049871,-0.28439899999999996,GEO,AZE,902130
9508626,90,16,9747,2018,24707.0,0.0,0.059539999999999996,1.0321879999999999,GRC,AZE,902130
9508627,102,16,9747,2018,32130.0,0.0,1.519662,0.833092,HUN,AZE,902130
9508628,104,16,9747,2018,34056.0,0.0,0.526015,2.448112,IND,AZE,902130
9508629,106,16,9747,2018,64127.0,0.0,1.262419,0.013576,IRL,AZE,902130
9508630,107,16,9747,2018,13060.0,37461.0,-0.389954,-0.258156,IRN,AZE,902130
9508631,109,16,9747,2018,37360.0,0.0,0.252338,-0.341319,ISL,AZE,902130
9508632,111,16,9747,2018,76554.0,0.0,1.3602530000000002,0.453607,ITA,AZE,902130
9508633,114,16,9747,2018,532.0,0.0,2.514533,-0.416074,JPN,AZE,902130
9508634,121,16,9747,2018,12633.0,0.0,2.093866,0.764303,KOR,AZE,902130
9508635,162,16,9747,2018,56661.0,0.0,1.1478899999999999,1.454758,NLD,AZE,902130
9508636,186,16,9747,2018,414366.0,0.0,0.21398000000000003,0.100414,RUS,AZE,902130
9508637,192,16,9747,2018,51152.0,0.0,1.914132,0.652011,SGP,AZE,902130
9508638,208,16,9747,2018,21366.0,0.0,1.76361,0.766904,SWE,AZE,902130
9508639,224,16,9747,2018,742389.0,18144.0,0.518721,2.5581419999999997,TUR,AZE,902130
9508640,231,16,9747,2018,140724.0,1674.0,1.585861,0.44815900000000003,USA,AZE,902130
9508641,239,16,9747,2018,5746.0,0.0,0.003069,0.9169729999999999,VNM,AZE,902130
9508642,249,16,9747,2018,12297.0,0.0,2.0462540000000002,1.166636,TWN,AZE,902130
9508643,18,22,9747,2018,490956.0,0.0,1.270641,1.201063,BEL,BGD,902130
9508644,32,22,9747,2018,38690.0,0.0,0.143397,0.582092,BRA,BGD,902130
9508645,41,22,9747,2018,4649.0,0.0,2.2324330000000003,0.7801560000000001,CHE,BGD,902130
9508646,61,22,9747,2018,20819.0,0.0,2.109059,-2.428826,DEU,BGD,902130
9508647,71,22,9747,2018,3855.0,0.0,0.744825,2.919005,ESP,BGD,902130
9508648,81,22,9747,2018,206639.0,0.0,1.693008,0.768159,GBR,BGD,902130
9508649,97,22,9747,2018,1222653.0,0.0,0.843677,1.656073,HKG,BGD,902130
9508650,102,22,9747,2018,10083.0,0.0,1.519662,0.833092,HUN,BGD,902130
9508651,104,22,9747,2018,744780.0,0.0,0.526015,2.448112,IND,BGD,902130
9508652,159,22,9747,2018,0.0,54695.0,-1.8238,-1.259938,NGA,BGD,902130
9508653,162,22,9747,2018,5189852.0,0.0,1.1478899999999999,1.454758,NLD,BGD,902130
9508654,185,22,9747,2018,15846.0,0.0,1.050715,1.04471,ROU,BGD,902130
9508655,192,22,9747,2018,325426.0,0.0,1.914132,0.652011,SGP,BGD,902130
9508656,223,22,9747,2018,0.0,13268.0,0.259778,1.187194,TUN,BGD,902130
9508657,231,22,9747,2018,1927290.0,0.0,1.585861,0.44815900000000003,USA,BGD,902130
9508658,15,26,9747,2018,12331.0,0.0,1.774488,-0.21117800000000003,AUT,BIH,902130
9508659,18,26,9747,2018,112361.0,0.0,1.270641,1.201063,BEL,BIH,902130
9508660,23,26,9747,2018,2010.0,0.0,0.571226,1.836856,BGR,BIH,902130
9508661,32,26,9747,2018,1151.0,0.0,0.143397,0.582092,BRA,BIH,902130
9508662,39,26,9747,2018,1464.0,0.0,0.666822,1.218593,CAN,BIH,902130
9508663,41,26,9747,2018,9231.0,0.0,2.2324330000000003,0.7801560000000001,CHE,BIH,902130
9508664,43,26,9747,2018,2788.0,0.0,1.200689,1.2822,CHN,BIH,902130
9508665,52,26,9747,2018,9916.0,0.0,0.19386,0.05811,CRI,BIH,902130
9508666,59,26,9747,2018,19376.0,1074.0,1.841016,0.220806,CZE,BIH,902130
9508667,61,26,9747,2018,638325.0,4686.0,2.109059,-2.428826,DEU,BIH,902130
9508668,64,26,9747,2018,1542.0,0.0,1.0945040000000001,1.3311540000000002,DNK,BIH,902130
9508669,71,26,9747,2018,5798.0,0.0,0.744825,2.919005,ESP,BIH,902130
9508670,72,26,9747,2018,1311.0,0.0,0.979986,1.2365899999999999,EST,BIH,902130
9508671,77,26,9747,2018,8581.0,0.0,1.420819,0.7793770000000001,FRA,BIH,902130
9508672,81,26,9747,2018,1059.0,0.0,1.693008,0.768159,GBR,BIH,902130
9508673,90,26,9747,2018,10894.0,0.0,0.059539999999999996,1.0321879999999999,GRC,BIH,902130
9508674,100,26,9747,2018,311569.0,0.0,0.7923720000000001,1.4047209999999999,HRV,BIH,902130
9508675,104,26,9747,2018,5113.0,0.0,0.526015,2.448112,IND,BIH,902130
9508676,106,26,9747,2018,143514.0,0.0,1.262419,0.013576,IRL,BIH,902130
9508677,109,26,9747,2018,83539.0,0.0,0.252338,-0.341319,ISL,BIH,902130
9508678,111,26,9747,2018,274770.0,0.0,1.3602530000000002,0.453607,ITA,BIH,902130
9508679,114,26,9747,2018,1116.0,0.0,2.514533,-0.416074,JPN,BIH,902130
9508680,138,26,9747,2018,779.0,0.0,1.00061,0.585759,MEX,BIH,902130
9508681,144,26,9747,2018,0.0,17937.0,0.332495,0.124258,MNE,BIH,902130
9508682,162,26,9747,2018,555819.0,59185.0,1.1478899999999999,1.454758,NLD,BIH,902130
9508683,177,26,9747,2018,71391.0,0.0,1.132475,1.258945,POL,BIH,902130
9508684,192,26,9747,2018,5179.0,0.0,1.914132,0.652011,SGP,BIH,902130
9508685,201,26,9747,2018,38438.0,1204.0,0.607486,1.2139389999999999,SRB,BIH,902130
9508686,207,26,9747,2018,626371.0,6322.0,1.67428,0.7703800000000001,SVN,BIH,902130
9508687,224,26,9747,2018,43463.0,0.0,0.518721,2.5581419999999997,TUR,BIH,902130
9508688,231,26,9747,2018,22300.0,0.0,1.585861,0.44815900000000003,USA,BIH,902130
9508689,239,26,9747,2018,1505.0,0.0,0.003069,0.9169729999999999,VNM,BIH,902130
9508690,15,28,9747,2018,2357.0,0.0,1.774488,-0.21117800000000003,AUT,BLR,902130
9508691,18,28,9747,2018,750381.0,0.0,1.270641,1.201063,BEL,BLR,902130
9508692,32,28,9747,2018,54531.0,0.0,0.143397,0.582092,BRA,BLR,902130
9508693,41,28,9747,2018,443106.0,0.0,2.2324330000000003,0.7801560000000001,CHE,BLR,902130
9508694,43,28,9747,2018,29952.0,0.0,1.200689,1.2822,CHN,BLR,902130
9508695,52,28,9747,2018,250851.0,0.0,0.19386,0.05811,CRI,BLR,902130
9508696,59,28,9747,2018,241423.0,0.0,1.841016,0.220806,CZE,BLR,902130
9508697,61,28,9747,2018,404641.0,0.0,2.109059,-2.428826,DEU,BLR,902130
9508698,72,28,9747,2018,237592.0,0.0,0.979986,1.2365899999999999,EST,BLR,902130
9508699,77,28,9747,2018,219941.0,0.0,1.420819,0.7793770000000001,FRA,BLR,902130
9508700,81,28,9747,2018,4185202.0,0.0,1.693008,0.768159,GBR,BLR,902130
9508701,82,28,9747,2018,153800.0,0.0,-0.049871,-0.28439899999999996,GEO,BLR,902130
9508702,106,28,9747,2018,730251.0,0.0,1.262419,0.013576,IRL,BLR,902130
9508703,110,28,9747,2018,1358.0,0.0,1.355071,0.872822,ISR,BLR,902130
9508704,111,28,9747,2018,14523.0,0.0,1.3602530000000002,0.453607,ITA,BLR,902130
9508705,113,28,9747,2018,0.0,2638.0,-0.086895,0.283829,JOR,BLR,902130
9508706,114,28,9747,2018,51767.0,0.0,2.514533,-0.416074,JPN,BLR,902130
9508707,115,28,9747,2018,0.0,110328.0,-0.483862,-0.667417,KAZ,BLR,902130
9508708,117,28,9747,2018,0.0,4544.0,-0.141491,0.33161,KGZ,BLR,902130
9508709,121,28,9747,2018,494.0,0.0,2.093866,0.764303,KOR,BLR,902130
9508710,130,28,9747,2018,6220273.0,140771.0,0.964249,1.4050200000000002,LTU,BLR,902130
9508711,132,28,9747,2018,780379.0,0.0,0.707168,1.294297,LVA,BLR,902130
9508712,162,28,9747,2018,1156538.0,24169.0,1.1478899999999999,1.454758,NLD,BLR,902130
9508713,177,28,9747,2018,330033.0,0.0,1.132475,1.258945,POL,BLR,902130
9508714,186,28,9747,2018,1019136.0,3281944.0,0.21398000000000003,0.100414,RUS,BLR,902130
9508715,206,28,9747,2018,926.0,0.0,1.3270979999999999,0.877684,SVK,BLR,902130
9508716,208,28,9747,2018,8754.0,0.0,1.76361,0.766904,SWE,BLR,902130
9508717,224,28,9747,2018,4538.0,0.0,0.518721,2.5581419999999997,TUR,BLR,902130
9508718,228,28,9747,2018,0.0,62445.0,0.337296,0.758675,UKR,BLR,902130
9508719,231,28,9747,2018,1137372.0,0.0,1.585861,0.44815900000000003,USA,BLR,902130
9508720,232,28,9747,2018,0.0,2278.0,-0.591547,-0.429982,UZB,BLR,902130
9508721,8,31,9747,2018,4603.0,0.0,-0.14316800000000002,0.14356,ARG,BOL,902130
9508722,18,31,9747,2018,40524.0,0.0,1.270641,1.201063,BEL,BOL,902130
9508723,32,31,9747,2018,62011.0,32365.0,0.143397,0.582092,BRA,BOL,902130
9508724,41,31,9747,2018,4093.0,0.0,2.2324330000000003,0.7801560000000001,CHE,BOL,902130
9508725,42,31,9747,2018,18762.0,0.0,-0.37677,-0.49605299999999997,CHL,BOL,902130
9508726,43,31,9747,2018,52917.0,0.0,1.200689,1.2822,CHN,BOL,902130
9508727,52,31,9747,2018,16276.0,0.0,0.19386,0.05811,CRI,BOL,902130
9508728,61,31,9747,2018,39361.0,0.0,2.109059,-2.428826,DEU,BOL,902130
9508729,71,31,9747,2018,20949.0,0.0,0.744825,2.919005,ESP,BOL,902130
9508730,77,31,9747,2018,78012.0,0.0,1.420819,0.7793770000000001,FRA,BOL,902130
9508731,81,31,9747,2018,6864.0,0.0,1.693008,0.768159,GBR,BOL,902130
9508732,104,31,9747,2018,89588.0,0.0,0.526015,2.448112,IND,BOL,902130
9508733,138,31,9747,2018,58452.0,0.0,1.00061,0.585759,MEX,BOL,902130
9508734,162,31,9747,2018,76843.0,0.0,1.1478899999999999,1.454758,NLD,BOL,902130
9508735,180,31,9747,2018,777.0,0.0,-0.614751,-0.952478,PRY,BOL,902130
9508736,185,31,9747,2018,9081.0,0.0,1.050715,1.04471,ROU,BOL,902130
9508737,224,31,9747,2018,12930.0,0.0,0.518721,2.5581419999999997,TUR,BOL,902130
9508738,231,31,9747,2018,23989.0,36747.0,1.585861,0.44815900000000003,USA,BOL,902130
9508739,249,31,9747,2018,976.0,0.0,2.0462540000000002,1.166636,TWN,BOL,902130
9508740,8,59,9747,2018,0.0,1325.0,-0.14316800000000002,0.14356,ARG,CZE,902130
9508741,9,59,9747,2018,0.0,2594.0,-0.330516,-0.604744,ARM,CZE,902130
9508742,14,59,9747,2018,6974.0,33200.0,-0.29687199999999997,-0.123116,AUS,CZE,902130
9508743,15,59,9747,2018,355673.0,209543.0,1.774488,-0.21117800000000003,AUT,CZE,902130
9508744,18,59,9747,2018,5888486.0,7472.0,1.270641,1.201063,BEL,CZE,902130
9508745,23,59,9747,2018,5919.0,270053.0,0.571226,1.836856,BGR,CZE,902130
9508746,26,59,9747,2018,1074.0,19376.0,0.526392,0.742398,BIH,CZE,902130
9508747,28,59,9747,2018,0.0,241423.0,0.850089,0.8332870000000001,BLR,CZE,902130
9508748,32,59,9747,2018,2554.0,298682.0,0.143397,0.582092,BRA,CZE,902130
9508749,33,59,9747,2018,318042.0,0.0,0.487166,-0.129388,BRB,CZE,902130
9508750,39,59,9747,2018,394232.0,0.0,0.666822,1.218593,CAN,CZE,902130
9508751,41,59,9747,2018,257032.0,126857.0,2.2324330000000003,0.7801560000000001,CHE,CZE,902130
9508752,42,59,9747,2018,0.0,22298.0,-0.37677,-0.49605299999999997,CHL,CZE,902130
9508753,43,59,9747,2018,25734.0,0.0,1.200689,1.2822,CHN,CZE,902130
9508754,52,59,9747,2018,1932786.0,0.0,0.19386,0.05811,CRI,CZE,902130
9508755,58,59,9747,2018,245158.0,0.0,0.45442,-0.113303,CYP,CZE,902130
9508756,61,59,9747,2018,9392881.0,347192.0,2.109059,-2.428826,DEU,CZE,902130
9508757,64,59,9747,2018,244944.0,7620.0,1.0945040000000001,1.3311540000000002,DNK,CZE,902130
9508758,65,59,9747,2018,0.0,9784.0,-0.084258,0.474872,DOM,CZE,902130
9508759,67,59,9747,2018,0.0,4009.0,-0.873973,-1.032841,ECU,CZE,902130
9508760,71,59,9747,2018,36365.0,107526.0,0.744825,2.919005,ESP,CZE,902130
9508761,77,59,9747,2018,2022024.0,95458.0,1.420819,0.7793770000000001,FRA,CZE,902130
9508762,81,59,9747,2018,2012678.0,323972.0,1.693008,0.768159,GBR,CZE,902130
9508763,82,59,9747,2018,76061.0,0.0,-0.049871,-0.28439899999999996,GEO,CZE,902130
9508764,90,59,9747,2018,0.0,452457.0,0.059539999999999996,1.0321879999999999,GRC,CZE,902130
9508765,97,59,9747,2018,6375.0,0.0,0.843677,1.656073,HKG,CZE,902130
9508766,100,59,9747,2018,0.0,101707.0,0.7923720000000001,1.4047209999999999,HRV,CZE,902130
9508767,102,59,9747,2018,339079.0,489469.0,1.519662,0.833092,HUN,CZE,902130
9508768,103,59,9747,2018,22900.0,0.0,-0.10130499999999999,1.2414209999999999,IDN,CZE,902130
9508769,104,59,9747,2018,123946.0,0.0,0.526015,2.448112,IND,CZE,902130
9508770,106,59,9747,2018,948489.0,56118.0,1.262419,0.013576,IRL,CZE,902130
9508771,109,59,9747,2018,456751.0,0.0,0.252338,-0.341319,ISL,CZE,902130
9508772,110,59,9747,2018,235837.0,0.0,1.355071,0.872822,ISR,CZE,902130
9508773,111,59,9747,2018,88119.0,412297.0,1.3602530000000002,0.453607,ITA,CZE,902130
9508774,114,59,9747,2018,883585.0,96182.0,2.514533,-0.416074,JPN,CZE,902130
9508775,115,59,9747,2018,0.0,236560.0,-0.483862,-0.667417,KAZ,CZE,902130
9508776,121,59,9747,2018,2306.0,0.0,2.093866,0.764303,KOR,CZE,902130
9508777,124,59,9747,2018,0.0,2964.0,0.270554,0.9995149999999999,LBN,CZE,902130
9508778,130,59,9747,2018,91232.0,34025.0,0.964249,1.4050200000000002,LTU,CZE,902130
9508779,132,59,9747,2018,27959.0,179904.0,0.707168,1.294297,LVA,CZE,902130
9508780,138,59,9747,2018,719516.0,0.0,1.00061,0.585759,MEX,CZE,902130
9508781,142,59,9747,2018,0.0,38279.0,0.9621219999999999,0.257289,MLT,CZE,902130
9508782,162,59,9747,2018,16434409.0,2108436.0,1.1478899999999999,1.454758,NLD,CZE,902130
9508783,163,59,9747,2018,0.0,14977.0,0.681639,0.021762,NOR,CZE,902130
9508784,168,59,9747,2018,11272.0,0.0,-0.64348,0.665045,PAK,CZE,902130
9508785,176,59,9747,2018,0.0,16310.0,-1.7580360000000002,-1.239492,PNG,CZE,902130
9508786,177,59,9747,2018,18726.0,110305.0,1.132475,1.258945,POL,CZE,902130
9508787,179,59,9747,2018,67173.0,0.0,0.652628,2.211758,PRT,CZE,902130
9508788,182,59,9747,2018,0.0,1550.0,0.21430300000000002,-0.484076,PYF,CZE,902130
9508789,185,59,9747,2018,2615.0,40932.0,1.050715,1.04471,ROU,CZE,902130
9508790,186,59,9747,2018,0.0,757124.0,0.21398000000000003,0.100414,RUS,CZE,902130
9508791,192,59,9747,2018,3944444.0,0.0,1.914132,0.652011,SGP,CZE,902130
9508792,206,59,9747,2018,3553394.0,6275788.0,1.3270979999999999,0.877684,SVK,CZE,902130
9508793,207,59,9747,2018,0.0,11069.0,1.67428,0.7703800000000001,SVN,CZE,902130
9508794,208,59,9747,2018,421538.0,0.0,1.76361,0.766904,SWE,CZE,902130
9508795,224,59,9747,2018,17163.0,23529.0,0.518721,2.5581419999999997,TUR,CZE,902130
9508796,228,59,9747,2018,0.0,3087.0,0.337296,0.758675,UKR,CZE,902130
9508797,230,59,9747,2018,0.0,3222.0,-0.02056,-0.38911,URY,CZE,902130
9508798,231,59,9747,2018,1779753.0,25943.0,1.585861,0.44815900000000003,USA,CZE,902130
9508799,239,59,9747,2018,0.0,870.0,0.003069,0.9169729999999999,VNM,CZE,902130
9508800,246,59,9747,2018,62024.0,61585.0,0.158722,1.394829,ZAF,CZE,902130
9508801,249,59,9747,2018,9422.0,0.0,2.0462540000000002,1.166636,TWN,CZE,902130
9508802,250,59,9747,2018,1218.0,0.0,0.809991,-0.368737,ANS,CZE,902130
9508803,7,68,9747,2018,91561.0,0.0,0.11804400000000001,-0.326851,ARE,EGY,902130
9508804,8,68,9747,2018,508014.0,0.0,-0.14316800000000002,0.14356,ARG,EGY,902130
9508805,15,68,9747,2018,21046.0,0.0,1.774488,-0.21117800000000003,AUT,EGY,902130
9508806,18,68,9747,2018,5258578.0,0.0,1.270641,1.201063,BEL,EGY,902130
9508807,41,68,9747,2018,604237.0,18046.0,2.2324330000000003,0.7801560000000001,CHE,EGY,902130
9508808,43,68,9747,2018,215422.0,0.0,1.200689,1.2822,CHN,EGY,902130
9508809,58,68,9747,2018,0.0,6941.0,0.45442,-0.113303,CYP,EGY,902130
9508810,61,68,9747,2018,1580197.0,2742.0,2.109059,-2.428826,DEU,EGY,902130
9508811,64,68,9747,2018,215893.0,0.0,1.0945040000000001,1.3311540000000002,DNK,EGY,902130
9508812,71,68,9747,2018,251647.0,0.0,0.744825,2.919005,ESP,EGY,902130
9508813,77,68,9747,2018,2151756.0,0.0,1.420819,0.7793770000000001,FRA,EGY,902130
9508814,81,68,9747,2018,156592.0,1527.0,1.693008,0.768159,GBR,EGY,902130
9508815,82,68,9747,2018,12890.0,0.0,-0.049871,-0.28439899999999996,GEO,EGY,902130
9508816,90,68,9747,2018,23327.0,0.0,0.059539999999999996,1.0321879999999999,GRC,EGY,902130
9508817,104,68,9747,2018,2303466.0,0.0,0.526015,2.448112,IND,EGY,902130
9508818,106,68,9747,2018,2254872.0,0.0,1.262419,0.013576,IRL,EGY,902130
9508819,108,68,9747,2018,0.0,43016.0,-1.7504400000000002,-1.018699,IRQ,EGY,902130
9508820,111,68,9747,2018,311301.0,0.0,1.3602530000000002,0.453607,ITA,EGY,902130
9508821,114,68,9747,2018,399726.0,0.0,2.514533,-0.416074,JPN,EGY,902130
9508822,121,68,9747,2018,342517.0,0.0,2.093866,0.764303,KOR,EGY,902130
9508823,134,68,9747,2018,0.0,1291.0,-0.712775,-0.090013,MAR,EGY,902130
9508824,162,68,9747,2018,7535648.0,26616.0,1.1478899999999999,1.454758,NLD,EGY,902130
9508825,163,68,9747,2018,0.0,3313.0,0.681639,0.021762,NOR,EGY,902130
9508826,167,68,9747,2018,33976.0,0.0,-0.548048,-0.9972989999999999,OMN,EGY,902130
9508827,177,68,9747,2018,8695.0,0.0,1.132475,1.258945,POL,EGY,902130
9508828,181,68,9747,2018,0.0,1011.0,0.096402,0.735946,PSE,EGY,902130
9508829,185,68,9747,2018,8544.0,0.0,1.050715,1.04471,ROU,EGY,902130
9508830,186,68,9747,2018,118239.0,0.0,0.21398000000000003,0.100414,RUS,EGY,902130
9508831,192,68,9747,2018,137651.0,0.0,1.914132,0.652011,SGP,EGY,902130
9508832,216,68,9747,2018,23318.0,0.0,1.053177,1.4084969999999999,THA,EGY,902130
9508833,224,68,9747,2018,792033.0,0.0,0.518721,2.5581419999999997,TUR,EGY,902130
9508834,231,68,9747,2018,575869.0,0.0,1.585861,0.44815900000000003,USA,EGY,902130
9508835,249,68,9747,2018,206088.0,0.0,2.0462540000000002,1.166636,TWN,EGY,902130
9508836,9,72,9747,2018,0.0,4519.0,-0.330516,-0.604744,ARM,EST,902130
9508837,14,72,9747,2018,0.0,6920.0,-0.29687199999999997,-0.123116,AUS,EST,902130
9508838,15,72,9747,2018,14265.0,56428.0,1.774488,-0.21117800000000003,AUT,EST,902130
9508839,16,72,9747,2018,0.0,6194.0,-1.144089,-1.224327,AZE,EST,902130
9508840,18,72,9747,2018,945859.0,0.0,1.270641,1.201063,BEL,EST,902130
9508841,26,72,9747,2018,0.0,1311.0,0.526392,0.742398,BIH,EST,902130
9508842,28,72,9747,2018,0.0,237592.0,0.850089,0.8332870000000001,BLR,EST,902130
9508843,32,72,9747,2018,2443.0,0.0,0.143397,0.582092,BRA,EST,902130
9508844,39,72,9747,2018,0.0,25888.0,0.666822,1.218593,CAN,EST,902130
9508845,41,72,9747,2018,51168.0,0.0,2.2324330000000003,0.7801560000000001,CHE,EST,902130
9508846,43,72,9747,2018,9540.0,0.0,1.200689,1.2822,CHN,EST,902130
9508847,52,72,9747,2018,492836.0,0.0,0.19386,0.05811,CRI,EST,902130
9508848,61,72,9747,2018,926052.0,150765.0,2.109059,-2.428826,DEU,EST,902130
9508849,64,72,9747,2018,260600.0,14051.0,1.0945040000000001,1.3311540000000002,DNK,EST,902130
9508850,71,72,9747,2018,11249.0,0.0,0.744825,2.919005,ESP,EST,902130
9508851,74,72,9747,2018,0.0,3131.0,1.61151,0.9474549999999999,FIN,EST,902130
9508852,77,72,9747,2018,42499.0,0.0,1.420819,0.7793770000000001,FRA,EST,902130
9508853,81,72,9747,2018,371920.0,0.0,1.693008,0.768159,GBR,EST,902130
9508854,82,72,9747,2018,142191.0,75972.0,-0.049871,-0.28439899999999996,GEO,EST,902130
9508855,104,72,9747,2018,9067.0,0.0,0.526015,2.448112,IND,EST,902130
9508856,106,72,9747,2018,5473.0,0.0,1.262419,0.013576,IRL,EST,902130
9508857,110,72,9747,2018,5818.0,0.0,1.355071,0.872822,ISR,EST,902130
9508858,111,72,9747,2018,182447.0,0.0,1.3602530000000002,0.453607,ITA,EST,902130
9508859,114,72,9747,2018,0.0,70862.0,2.514533,-0.416074,JPN,EST,902130
9508860,121,72,9747,2018,37294.0,0.0,2.093866,0.764303,KOR,EST,902130
9508861,130,72,9747,2018,176106.0,58435.0,0.964249,1.4050200000000002,LTU,EST,902130
9508862,132,72,9747,2018,255068.0,210701.0,0.707168,1.294297,LVA,EST,902130
9508863,138,72,9747,2018,30655.0,0.0,1.00061,0.585759,MEX,EST,902130
9508864,162,72,9747,2018,893771.0,14911.0,1.1478899999999999,1.454758,NLD,EST,902130
9508865,163,72,9747,2018,0.0,5193.0,0.681639,0.021762,NOR,EST,902130
9508866,177,72,9747,2018,3587.0,0.0,1.132475,1.258945,POL,EST,902130
9508867,185,72,9747,2018,0.0,1609.0,1.050715,1.04471,ROU,EST,902130
9508868,186,72,9747,2018,0.0,106425.0,0.21398000000000003,0.100414,RUS,EST,902130
9508869,206,72,9747,2018,0.0,3046.0,1.3270979999999999,0.877684,SVK,EST,902130
9508870,208,72,9747,2018,6321.0,0.0,1.76361,0.766904,SWE,EST,902130
9508871,224,72,9747,2018,3427.0,0.0,0.518721,2.5581419999999997,TUR,EST,902130
9508872,228,72,9747,2018,0.0,3358.0,0.337296,0.758675,UKR,EST,902130
9508873,231,72,9747,2018,405132.0,0.0,1.585861,0.44815900000000003,USA,EST,902130
9508874,232,72,9747,2018,0.0,129089.0,-0.591547,-0.429982,UZB,EST,902130
9508875,246,72,9747,2018,1079.0,7731.0,0.158722,1.394829,ZAF,EST,902130
9508876,250,72,9747,2018,3964.0,0.0,0.809991,-0.368737,ANS,EST,902130
9508877,7,73,9747,2018,3019.0,0.0,0.11804400000000001,-0.326851,ARE,ETH,902130
9508878,15,73,9747,2018,1735.0,0.0,1.774488,-0.21117800000000003,AUT,ETH,902130
9508879,23,73,9747,2018,16705.0,0.0,0.571226,1.836856,BGR,ETH,902130
9508880,41,73,9747,2018,62422.0,0.0,2.2324330000000003,0.7801560000000001,CHE,ETH,902130
9508881,43,73,9747,2018,60834.0,0.0,1.200689,1.2822,CHN,ETH,902130
9508882,61,73,9747,2018,3780.0,0.0,2.109059,-2.428826,DEU,ETH,902130
9508883,81,73,9747,2018,222760.0,0.0,1.693008,0.768159,GBR,ETH,902130
9508884,90,73,9747,2018,11575.0,0.0,0.059539999999999996,1.0321879999999999,GRC,ETH,902130
9508885,104,73,9747,2018,490352.0,0.0,0.526015,2.448112,IND,ETH,902130
9508886,162,73,9747,2018,6951.0,0.0,1.1478899999999999,1.454758,NLD,ETH,902130
9508887,231,73,9747,2018,4305.0,0.0,1.585861,0.44815900000000003,USA,ETH,902130
9508888,7,82,9747,2018,0.0,884.0,0.11804400000000001,-0.326851,ARE,GEO,902130
9508889,9,82,9747,2018,211744.0,261348.0,-0.330516,-0.604744,ARM,GEO,902130
9508890,16,82,9747,2018,0.0,159380.0,-1.144089,-1.224327,AZE,GEO,902130
9508891,18,82,9747,2018,609749.0,0.0,1.270641,1.201063,BEL,GEO,902130
9508892,23,82,9747,2018,21790.0,0.0,0.571226,1.836856,BGR,GEO,902130
9508893,28,82,9747,2018,0.0,153800.0,0.850089,0.8332870000000001,BLR,GEO,902130
9508894,41,82,9747,2018,94105.0,0.0,2.2324330000000003,0.7801560000000001,CHE,GEO,902130
9508895,43,82,9747,2018,3334.0,449632.0,1.200689,1.2822,CHN,GEO,902130
9508896,59,82,9747,2018,0.0,76061.0,1.841016,0.220806,CZE,GEO,902130
9508897,61,82,9747,2018,1029502.0,70643.0,2.109059,-2.428826,DEU,GEO,902130
9508898,68,82,9747,2018,0.0,12890.0,-0.096635,1.585658,EGY,GEO,902130
9508899,71,82,9747,2018,91032.0,0.0,0.744825,2.919005,ESP,GEO,902130
9508900,72,82,9747,2018,75972.0,142191.0,0.979986,1.2365899999999999,EST,GEO,902130
9508901,77,82,9747,2018,257269.0,0.0,1.420819,0.7793770000000001,FRA,GEO,902130
9508902,81,82,9747,2018,5741.0,0.0,1.693008,0.768159,GBR,GEO,902130
9508903,97,82,9747,2018,17250.0,93111.0,0.843677,1.656073,HKG,GEO,902130
9508904,102,82,9747,2018,29058.0,0.0,1.519662,0.833092,HUN,GEO,902130
9508905,104,82,9747,2018,185015.0,75168.0,0.526015,2.448112,IND,GEO,902130
9508906,106,82,9747,2018,4332.0,0.0,1.262419,0.013576,IRL,GEO,902130
9508907,110,82,9747,2018,33141.0,0.0,1.355071,0.872822,ISR,GEO,902130
9508908,111,82,9747,2018,25698.0,24192.0,1.3602530000000002,0.453607,ITA,GEO,902130
9508909,115,82,9747,2018,0.0,33105.0,-0.483862,-0.667417,KAZ,GEO,902130
9508910,117,82,9747,2018,0.0,4662.0,-0.141491,0.33161,KGZ,GEO,902130
9508911,130,82,9747,2018,245681.0,48453.0,0.964249,1.4050200000000002,LTU,GEO,902130
9508912,132,82,9747,2018,1862.0,0.0,0.707168,1.294297,LVA,GEO,902130
9508913,145,82,9747,2018,0.0,4347.0,-0.934398,-1.125105,MNG,GEO,902130
9508914,162,82,9747,2018,776466.0,0.0,1.1478899999999999,1.454758,NLD,GEO,902130
9508915,177,82,9747,2018,18648.0,8677.0,1.132475,1.258945,POL,GEO,902130
9508916,179,82,9747,2018,12998.0,0.0,0.652628,2.211758,PRT,GEO,902130
9508917,185,82,9747,2018,26613.0,0.0,1.050715,1.04471,ROU,GEO,902130
9508918,186,82,9747,2018,34708.0,236089.0,0.21398000000000003,0.100414,RUS,GEO,902130
9508919,206,82,9747,2018,0.0,103416.0,1.3270979999999999,0.877684,SVK,GEO,902130
9508920,217,82,9747,2018,0.0,24401.0,-0.757793,-1.0641209999999999,TJK,GEO,902130
9508921,224,82,9747,2018,689303.0,115860.0,0.518721,2.5581419999999997,TUR,GEO,902130
9508922,228,82,9747,2018,2809.0,28450.0,0.337296,0.758675,UKR,GEO,902130
9508923,231,82,9747,2018,37156.0,0.0,1.585861,0.44815900000000003,USA,GEO,902130
9508924,232,82,9747,2018,0.0,158189.0,-0.591547,-0.429982,UZB,GEO,902130
9508925,15,100,9747,2018,636798.0,33399.0,1.774488,-0.21117800000000003,AUT,HRV,902130
9508926,18,100,9747,2018,566333.0,136291.0,1.270641,1.201063,BEL,HRV,902130
9508927,26,100,9747,2018,0.0,311569.0,0.526392,0.742398,BIH,HRV,902130
9508928,32,100,9747,2018,57232.0,0.0,0.143397,0.582092,BRA,HRV,902130
9508929,41,100,9747,2018,95514.0,0.0,2.2324330000000003,0.7801560000000001,CHE,HRV,902130
9508930,43,100,9747,2018,93205.0,0.0,1.200689,1.2822,CHN,HRV,902130
9508931,58,100,9747,2018,0.0,16318.0,0.45442,-0.113303,CYP,HRV,902130
9508932,59,100,9747,2018,101707.0,0.0,1.841016,0.220806,CZE,HRV,902130
9508933,61,100,9747,2018,2151230.0,50379.0,2.109059,-2.428826,DEU,HRV,902130
9508934,64,100,9747,2018,9857.0,1193.0,1.0945040000000001,1.3311540000000002,DNK,HRV,902130
9508935,71,100,9747,2018,0.0,3916.0,0.744825,2.919005,ESP,HRV,902130
9508936,77,100,9747,2018,105572.0,0.0,1.420819,0.7793770000000001,FRA,HRV,902130
9508937,81,100,9747,2018,9652.0,0.0,1.693008,0.768159,GBR,HRV,902130
9508938,90,100,9747,2018,0.0,11429.0,0.059539999999999996,1.0321879999999999,GRC,HRV,902130
9508939,97,100,9747,2018,7472.0,0.0,0.843677,1.656073,HKG,HRV,902130
9508940,104,100,9747,2018,362137.0,0.0,0.526015,2.448112,IND,HRV,902130
9508941,106,100,9747,2018,83724.0,0.0,1.262419,0.013576,IRL,HRV,902130
9508942,110,100,9747,2018,0.0,39647.0,1.355071,0.872822,ISR,HRV,902130
9508943,111,100,9747,2018,1887391.0,25074.0,1.3602530000000002,0.453607,ITA,HRV,902130
9508944,140,100,9747,2018,0.0,29625.0,0.079976,-0.20256,MKD,HRV,902130
9508945,144,100,9747,2018,0.0,485429.0,0.332495,0.124258,MNE,HRV,902130
9508946,162,100,9747,2018,1123851.0,11156.0,1.1478899999999999,1.454758,NLD,HRV,902130
9508947,163,100,9747,2018,0.0,1289.0,0.681639,0.021762,NOR,HRV,902130
9508948,177,100,9747,2018,9753.0,0.0,1.132475,1.258945,POL,HRV,902130
9508949,185,100,9747,2018,2854.0,0.0,1.050715,1.04471,ROU,HRV,902130
9508950,198,100,9747,2018,0.0,10515.0,1.1064260000000001,0.566218,SMR,HRV,902130
9508951,201,100,9747,2018,0.0,49489.0,0.607486,1.2139389999999999,SRB,HRV,902130
9508952,207,100,9747,2018,1035895.0,249071.0,1.67428,0.7703800000000001,SVN,HRV,902130
9508953,224,100,9747,2018,50655.0,0.0,0.518721,2.5581419999999997,TUR,HRV,902130
9508954,231,100,9747,2018,297879.0,0.0,1.585861,0.44815900000000003,USA,HRV,902130
9508955,7,107,9747,2018,6441653.0,13982.0,0.11804400000000001,-0.326851,ARE,IRN,902130
9508956,15,107,9747,2018,25439.0,0.0,1.774488,-0.21117800000000003,AUT,IRN,902130
9508957,16,107,9747,2018,37461.0,13060.0,-1.144089,-1.224327,AZE,IRN,902130
9508958,18,107,9747,2018,3819756.0,0.0,1.270641,1.201063,BEL,IRN,902130
9508959,41,107,9747,2018,291562.0,0.0,2.2324330000000003,0.7801560000000001,CHE,IRN,902130
9508960,43,107,9747,2018,287694.0,0.0,1.200689,1.2822,CHN,IRN,902130
9508961,61,107,9747,2018,2051676.0,0.0,2.109059,-2.428826,DEU,IRN,902130
9508962,71,107,9747,2018,90016.0,0.0,0.744825,2.919005,ESP,IRN,902130
9508963,77,107,9747,2018,6060720.0,0.0,1.420819,0.7793770000000001,FRA,IRN,902130
9508964,81,107,9747,2018,247447.0,0.0,1.693008,0.768159,GBR,IRN,902130
9508965,97,107,9747,2018,13900.0,0.0,0.843677,1.656073,HKG,IRN,902130
9508966,104,107,9747,2018,266652.0,0.0,0.526015,2.448112,IND,IRN,902130
9508967,106,107,9747,2018,26074.0,0.0,1.262419,0.013576,IRL,IRN,902130
9508968,111,107,9747,2018,2081617.0,0.0,1.3602530000000002,0.453607,ITA,IRN,902130
9508969,121,107,9747,2018,287328.0,0.0,2.093866,0.764303,KOR,IRN,902130
9508970,124,107,9747,2018,0.0,1155.0,0.270554,0.9995149999999999,LBN,IRN,902130
9508971,162,107,9747,2018,15613246.0,0.0,1.1478899999999999,1.454758,NLD,IRN,902130
9508972,166,107,9747,2018,14407.0,927.0,0.21902600000000003,0.148714,NZL,IRN,902130
9508973,168,107,9747,2018,0.0,1424.0,-0.64348,0.665045,PAK,IRN,902130
9508974,173,107,9747,2018,0.0,15104.0,-0.6673060000000001,-0.183315,PER,IRN,902130
9508975,185,107,9747,2018,50170.0,0.0,1.050715,1.04471,ROU,IRN,902130
9508976,192,107,9747,2018,883596.0,0.0,1.914132,0.652011,SGP,IRN,902130
9508977,208,107,9747,2018,96127.0,0.0,1.76361,0.766904,SWE,IRN,902130
9508978,224,107,9747,2018,344121.0,0.0,0.518721,2.5581419999999997,TUR,IRN,902130
9508979,231,107,9747,2018,1215114.0,0.0,1.585861,0.44815900000000003,USA,IRN,902130
9508980,249,107,9747,2018,108919.0,0.0,2.0462540000000002,1.166636,TWN,IRN,902130
9508981,7,108,9747,2018,225394.0,0.0,0.11804400000000001,-0.326851,ARE,IRQ,902130
9508982,15,108,9747,2018,95916.0,0.0,1.774488,-0.21117800000000003,AUT,IRQ,902130
9508983,18,108,9747,2018,1398928.0,0.0,1.270641,1.201063,BEL,IRQ,902130
9508984,23,108,9747,2018,38493.0,0.0,0.571226,1.836856,BGR,IRQ,902130
9508985,32,108,9747,2018,83863.0,0.0,0.143397,0.582092,BRA,IRQ,902130
9508986,41,108,9747,2018,5653.0,0.0,2.2324330000000003,0.7801560000000001,CHE,IRQ,902130
9508987,43,108,9747,2018,7866.0,0.0,1.200689,1.2822,CHN,IRQ,902130
9508988,61,108,9747,2018,8845639.0,0.0,2.109059,-2.428826,DEU,IRQ,902130
9508989,68,108,9747,2018,43016.0,0.0,-0.096635,1.585658,EGY,IRQ,902130
9508990,71,108,9747,2018,7644.0,0.0,0.744825,2.919005,ESP,IRQ,902130
9508991,77,108,9747,2018,606500.0,0.0,1.420819,0.7793770000000001,FRA,IRQ,902130
9508992,81,108,9747,2018,2919930.0,0.0,1.693008,0.768159,GBR,IRQ,902130
9508993,104,108,9747,2018,311109.0,0.0,0.526015,2.448112,IND,IRQ,902130
9508994,111,108,9747,2018,46014.0,0.0,1.3602530000000002,0.453607,ITA,IRQ,902130
9508995,113,108,9747,2018,190102.0,0.0,-0.086895,0.283829,JOR,IRQ,902130
9508996,162,108,9747,2018,2997376.0,12748.0,1.1478899999999999,1.454758,NLD,IRQ,902130
9508997,186,108,9747,2018,5654.0,0.0,0.21398000000000003,0.100414,RUS,IRQ,902130
9508998,208,108,9747,2018,32021.0,0.0,1.76361,0.766904,SWE,IRQ,902130
9508999,224,108,9747,2018,453706.0,0.0,0.518721,2.5581419999999997,TUR,IRQ,902130
9509000,231,108,9747,2018,85933.0,0.0,1.585861,0.44815900000000003,USA,IRQ,902130
9509001,7,115,9747,2018,61201.0,0.0,0.11804400000000001,-0.326851,ARE,KAZ,902130
9509002,18,115,9747,2018,1440981.0,0.0,1.270641,1.201063,BEL,KAZ,902130
9509003,23,115,9747,2018,2059.0,0.0,0.571226,1.836856,BGR,KAZ,902130
9509004,28,115,9747,2018,110328.0,0.0,0.850089,0.8332870000000001,BLR,KAZ,902130
9509005,32,115,9747,2018,222312.0,0.0,0.143397,0.582092,BRA,KAZ,902130
9509006,41,115,9747,2018,84277.0,0.0,2.2324330000000003,0.7801560000000001,CHE,KAZ,902130
9509007,43,115,9747,2018,132741.0,0.0,1.200689,1.2822,CHN,KAZ,902130
9509008,52,115,9747,2018,261023.0,0.0,0.19386,0.05811,CRI,KAZ,902130
9509009,59,115,9747,2018,236560.0,0.0,1.841016,0.220806,CZE,KAZ,902130
9509010,61,115,9747,2018,1044067.0,4986.0,2.109059,-2.428826,DEU,KAZ,902130
9509011,71,115,9747,2018,156442.0,0.0,0.744825,2.919005,ESP,KAZ,902130
9509012,74,115,9747,2018,1314.0,0.0,1.61151,0.9474549999999999,FIN,KAZ,902130
9509013,77,115,9747,2018,161631.0,10741.0,1.420819,0.7793770000000001,FRA,KAZ,902130
9509014,81,115,9747,2018,42995.0,0.0,1.693008,0.768159,GBR,KAZ,902130
9509015,82,115,9747,2018,33105.0,0.0,-0.049871,-0.28439899999999996,GEO,KAZ,902130
9509016,90,115,9747,2018,1690.0,0.0,0.059539999999999996,1.0321879999999999,GRC,KAZ,902130
9509017,104,115,9747,2018,176293.0,0.0,0.526015,2.448112,IND,KAZ,902130
9509018,110,115,9747,2018,413814.0,0.0,1.355071,0.872822,ISR,KAZ,902130
9509019,111,115,9747,2018,14085.0,0.0,1.3602530000000002,0.453607,ITA,KAZ,902130
9509020,114,115,9747,2018,1835.0,0.0,2.514533,-0.416074,JPN,KAZ,902130
9509021,117,115,9747,2018,71296.0,46080.0,-0.141491,0.33161,KGZ,KAZ,902130
9509022,121,115,9747,2018,13459.0,0.0,2.093866,0.764303,KOR,KAZ,902130
9509023,130,115,9747,2018,224258.0,0.0,0.964249,1.4050200000000002,LTU,KAZ,902130
9509024,132,115,9747,2018,21933.0,0.0,0.707168,1.294297,LVA,KAZ,902130
9509025,138,115,9747,2018,83854.0,0.0,1.00061,0.585759,MEX,KAZ,902130
9509026,162,115,9747,2018,1616471.0,637.0,1.1478899999999999,1.454758,NLD,KAZ,902130
9509027,186,115,9747,2018,1694615.0,0.0,0.21398000000000003,0.100414,RUS,KAZ,902130
9509028,224,115,9747,2018,24047.0,0.0,0.518721,2.5581419999999997,TUR,KAZ,902130
9509029,231,115,9747,2018,17947.0,0.0,1.585861,0.44815900000000003,USA,KAZ,902130
9509030,18,116,9747,2018,42372.0,0.0,1.270641,1.201063,BEL,KEN,902130
9509031,23,116,9747,2018,10177.0,0.0,0.571226,1.836856,BGR,KEN,902130
9509032,43,116,9747,2018,7713.0,0.0,1.200689,1.2822,CHN,KEN,902130
9509033,61,116,9747,2018,67787.0,0.0,2.109059,-2.428826,DEU,KEN,902130
9509034,71,116,9747,2018,6342.0,0.0,0.744825,2.919005,ESP,KEN,902130
9509035,77,116,9747,2018,1222.0,0.0,1.420819,0.7793770000000001,FRA,KEN,902130
9509036,81,116,9747,2018,58437.0,0.0,1.693008,0.768159,GBR,KEN,902130
9509037,104,116,9747,2018,342882.0,0.0,0.526015,2.448112,IND,KEN,902130
9509038,106,116,9747,2018,930.0,0.0,1.262419,0.013576,IRL,KEN,902130
9509039,111,116,9747,2018,1711.0,0.0,1.3602530000000002,0.453607,ITA,KEN,902130
9509040,137,116,9747,2018,0.0,24869.0,-0.577527,-0.952098,MDV,KEN,902130
9509041,162,116,9747,2018,124662.0,0.0,1.1478899999999999,1.454758,NLD,KEN,902130
9509042,179,116,9747,2018,4653.0,0.0,0.652628,2.211758,PRT,KEN,902130
9509043,202,116,9747,2018,0.0,3976.0,-2.431595,-1.0499290000000001,SSD,KEN,902130
9509044,231,116,9747,2018,72535.0,0.0,1.585861,0.44815900000000003,USA,KEN,902130
9509045,246,116,9747,2018,42409.0,0.0,0.158722,1.394829,ZAF,KEN,902130
9509046,18,117,9747,2018,53217.0,0.0,1.270641,1.201063,BEL,KGZ,902130
9509047,28,117,9747,2018,4544.0,0.0,0.850089,0.8332870000000001,BLR,KGZ,902130
9509048,43,117,9747,2018,63139.0,0.0,1.200689,1.2822,CHN,KGZ,902130
9509049,61,117,9747,2018,43194.0,0.0,2.109059,-2.428826,DEU,KGZ,902130
9509050,77,117,9747,2018,18831.0,0.0,1.420819,0.7793770000000001,FRA,KGZ,902130
9509051,82,117,9747,2018,4662.0,0.0,-0.049871,-0.28439899999999996,GEO,KGZ,902130
9509052,104,117,9747,2018,5745.0,0.0,0.526015,2.448112,IND,KGZ,902130
9509053,110,117,9747,2018,0.0,12278.0,1.355071,0.872822,ISR,KGZ,902130
9509054,115,117,9747,2018,46080.0,71296.0,-0.483862,-0.667417,KAZ,KGZ,902130
9509055,186,117,9747,2018,93475.0,0.0,0.21398000000000003,0.100414,RUS,KGZ,902130
9509056,216,117,9747,2018,4331.0,0.0,1.053177,1.4084969999999999,THA,KGZ,902130
9509057,224,117,9747,2018,13705.0,0.0,0.518721,2.5581419999999997,TUR,KGZ,902130
9509058,231,117,9747,2018,26800.0,0.0,1.585861,0.44815900000000003,USA,KGZ,902130
9509059,7,124,9747,2018,67751.0,0.0,0.11804400000000001,-0.326851,ARE,LBN,902130
9509060,14,124,9747,2018,49736.0,0.0,-0.29687199999999997,-0.123116,AUS,LBN,902130
9509061,15,124,9747,2018,60032.0,0.0,1.774488,-0.21117800000000003,AUT,LBN,902130
9509062,18,124,9747,2018,1317204.0,8228.0,1.270641,1.201063,BEL,LBN,902130
9509063,23,124,9747,2018,3378.0,0.0,0.571226,1.836856,BGR,LBN,902130
9509064,32,124,9747,2018,12456.0,242577.0,0.143397,0.582092,BRA,LBN,902130
9509065,33,124,9747,2018,56644.0,0.0,0.487166,-0.129388,BRB,LBN,902130
9509066,39,124,9747,2018,84314.0,0.0,0.666822,1.218593,CAN,LBN,902130
9509067,41,124,9747,2018,1330220.0,0.0,2.2324330000000003,0.7801560000000001,CHE,LBN,902130
9509068,43,124,9747,2018,10485.0,0.0,1.200689,1.2822,CHN,LBN,902130
9509069,52,124,9747,2018,677343.0,0.0,0.19386,0.05811,CRI,LBN,902130
9509070,59,124,9747,2018,2964.0,0.0,1.841016,0.220806,CZE,LBN,902130
9509071,61,124,9747,2018,2399580.0,0.0,2.109059,-2.428826,DEU,LBN,902130
9509072,64,124,9747,2018,3903.0,0.0,1.0945040000000001,1.3311540000000002,DNK,LBN,902130
9509073,65,124,9747,2018,1335.0,0.0,-0.084258,0.474872,DOM,LBN,902130
9509074,71,124,9747,2018,41994.0,0.0,0.744825,2.919005,ESP,LBN,902130
9509075,77,124,9747,2018,516477.0,0.0,1.420819,0.7793770000000001,FRA,LBN,902130
9509076,81,124,9747,2018,769730.0,0.0,1.693008,0.768159,GBR,LBN,902130
9509077,90,124,9747,2018,1707.0,0.0,0.059539999999999996,1.0321879999999999,GRC,LBN,902130
9509078,102,124,9747,2018,11057.0,0.0,1.519662,0.833092,HUN,LBN,902130
9509079,104,124,9747,2018,120213.0,0.0,0.526015,2.448112,IND,LBN,902130
9509080,106,124,9747,2018,1860511.0,0.0,1.262419,0.013576,IRL,LBN,902130
9509081,107,124,9747,2018,1155.0,0.0,-0.389954,-0.258156,IRN,LBN,902130
9509082,111,124,9747,2018,685784.0,0.0,1.3602530000000002,0.453607,ITA,LBN,902130
9509083,114,124,9747,2018,589753.0,0.0,2.514533,-0.416074,JPN,LBN,902130
9509084,138,124,9747,2018,1350134.0,0.0,1.00061,0.585759,MEX,LBN,902130
9509085,162,124,9747,2018,7819664.0,31039.0,1.1478899999999999,1.454758,NLD,LBN,902130
9509086,177,124,9747,2018,54206.0,0.0,1.132475,1.258945,POL,LBN,902130
9509087,179,124,9747,2018,52154.0,0.0,0.652628,2.211758,PRT,LBN,902130
9509088,185,124,9747,2018,6441.0,0.0,1.050715,1.04471,ROU,LBN,902130
9509089,186,124,9747,2018,6888.0,0.0,0.21398000000000003,0.100414,RUS,LBN,902130
9509090,188,124,9747,2018,0.0,3162.0,0.5801810000000001,-0.447514,SAU,LBN,902130
9509091,192,124,9747,2018,804603.0,0.0,1.914132,0.652011,SGP,LBN,902130
9509092,224,124,9747,2018,157603.0,0.0,0.518721,2.5581419999999997,TUR,LBN,902130
9509093,231,124,9747,2018,492522.0,0.0,1.585861,0.44815900000000003,USA,LBN,902130
9509094,246,124,9747,2018,12030.0,0.0,0.158722,1.394829,ZAF,LBN,902130
9509095,249,124,9747,2018,10644.0,0.0,2.0462540000000002,1.166636,TWN,LBN,902130
9509096,18,128,9747,2018,1112618.0,0.0,1.270641,1.201063,BEL,LKA,902130
9509097,41,128,9747,2018,15578.0,0.0,2.2324330000000003,0.7801560000000001,CHE,LKA,902130
9509098,43,128,9747,2018,20283.0,0.0,1.200689,1.2822,CHN,LKA,902130
9509099,61,128,9747,2018,237640.0,0.0,2.109059,-2.428826,DEU,LKA,902130
9509100,81,128,9747,2018,156551.0,0.0,1.693008,0.768159,GBR,LKA,902130
9509101,97,128,9747,2018,3276060.0,0.0,0.843677,1.656073,HKG,LKA,902130
9509102,104,128,9747,2018,1244976.0,0.0,0.526015,2.448112,IND,LKA,902130
9509103,111,128,9747,2018,152124.0,0.0,1.3602530000000002,0.453607,ITA,LKA,902130
9509104,114,128,9747,2018,38731.0,0.0,2.514533,-0.416074,JPN,LKA,902130
9509105,121,128,9747,2018,36650.0,0.0,2.093866,0.764303,KOR,LKA,902130
9509106,137,128,9747,2018,0.0,1793.0,-0.577527,-0.952098,MDV,LKA,902130
9509107,162,128,9747,2018,5345667.0,77858.0,1.1478899999999999,1.454758,NLD,LKA,902130
9509108,168,128,9747,2018,0.0,5748.0,-0.64348,0.665045,PAK,LKA,902130
9509109,192,128,9747,2018,1462662.0,0.0,1.914132,0.652011,SGP,LKA,902130
9509110,224,128,9747,2018,15348.0,0.0,0.518721,2.5581419999999997,TUR,LKA,902130
9509111,231,128,9747,2018,188187.0,0.0,1.585861,0.44815900000000003,USA,LKA,902130
9509112,239,128,9747,2018,5001.0,0.0,0.003069,0.9169729999999999,VNM,LKA,902130
9509113,249,128,9747,2018,14026.0,0.0,2.0462540000000002,1.166636,TWN,LKA,902130
9509114,15,131,9747,2018,0.0,17767.0,1.774488,-0.21117800000000003,AUT,LUX,902130
9509115,18,131,9747,2018,996517.0,3304649.0,1.270641,1.201063,BEL,LUX,902130
9509116,41,131,9747,2018,44563.0,0.0,2.2324330000000003,0.7801560000000001,CHE,LUX,902130
9509117,43,131,9747,2018,18001.0,0.0,1.200689,1.2822,CHN,LUX,902130
9509118,61,131,9747,2018,44204.0,256329.0,2.109059,-2.428826,DEU,LUX,902130
9509119,71,131,9747,2018,1454.0,0.0,0.744825,2.919005,ESP,LUX,902130
9509120,77,131,9747,2018,112915.0,809801.0,1.420819,0.7793770000000001,FRA,LUX,902130
9509121,81,131,9747,2018,8754.0,0.0,1.693008,0.768159,GBR,LUX,902130
9509122,90,131,9747,2018,0.0,11531.0,0.059539999999999996,1.0321879999999999,GRC,LUX,902130
9509123,106,131,9747,2018,2457.0,0.0,1.262419,0.013576,IRL,LUX,902130
9509124,111,131,9747,2018,2731.0,6631.0,1.3602530000000002,0.453607,ITA,LUX,902130
9509125,114,131,9747,2018,12953.0,0.0,2.514533,-0.416074,JPN,LUX,902130
9509126,138,131,9747,2018,12449.0,0.0,1.00061,0.585759,MEX,LUX,902130
9509127,153,131,9747,2018,758.0,0.0,1.122976,0.734109,MYS,LUX,902130
9509128,162,131,9747,2018,1410277.0,188813.0,1.1478899999999999,1.454758,NLD,LUX,902130
9509129,167,131,9747,2018,0.0,4685.0,-0.548048,-0.9972989999999999,OMN,LUX,902130
9509130,224,131,9747,2018,25827.0,0.0,0.518721,2.5581419999999997,TUR,LUX,902130
9509131,231,131,9747,2018,133476.0,0.0,1.585861,0.44815900000000003,USA,LUX,902130
9509132,250,131,9747,2018,43022.0,0.0,0.809991,-0.368737,ANS,LUX,902130
9509133,15,132,9747,2018,923.0,0.0,1.774488,-0.21117800000000003,AUT,LVA,902130
9509134,18,132,9747,2018,1420468.0,0.0,1.270641,1.201063,BEL,LVA,902130
9509135,23,132,9747,2018,1134.0,0.0,0.571226,1.836856,BGR,LVA,902130
9509136,28,132,9747,2018,0.0,780379.0,0.850089,0.8332870000000001,BLR,LVA,902130
9509137,41,132,9747,2018,281399.0,0.0,2.2324330000000003,0.7801560000000001,CHE,LVA,902130
9509138,59,132,9747,2018,179904.0,27959.0,1.841016,0.220806,CZE,LVA,902130
9509139,61,132,9747,2018,1606446.0,0.0,2.109059,-2.428826,DEU,LVA,902130
9509140,64,132,9747,2018,600719.0,3691.0,1.0945040000000001,1.3311540000000002,DNK,LVA,902130
9509141,72,132,9747,2018,210701.0,255068.0,0.979986,1.2365899999999999,EST,LVA,902130
9509142,74,132,9747,2018,26236.0,85084.0,1.61151,0.9474549999999999,FIN,LVA,902130
9509143,77,132,9747,2018,1004685.0,0.0,1.420819,0.7793770000000001,FRA,LVA,902130
9509144,81,132,9747,2018,211161.0,0.0,1.693008,0.768159,GBR,LVA,902130
9509145,82,132,9747,2018,0.0,1862.0,-0.049871,-0.28439899999999996,GEO,LVA,902130
9509146,102,132,9747,2018,181538.0,0.0,1.519662,0.833092,HUN,LVA,902130
9509147,104,132,9747,2018,29379.0,0.0,0.526015,2.448112,IND,LVA,902130
9509148,111,132,9747,2018,17214.0,0.0,1.3602530000000002,0.453607,ITA,LVA,902130
9509149,115,132,9747,2018,0.0,21933.0,-0.483862,-0.667417,KAZ,LVA,902130
9509150,130,132,9747,2018,163636.0,1606977.0,0.964249,1.4050200000000002,LTU,LVA,902130
9509151,135,132,9747,2018,0.0,6356.0,-0.358412,-0.271334,MDA,LVA,902130
9509152,162,132,9747,2018,2301570.0,8192.0,1.1478899999999999,1.454758,NLD,LVA,902130
9509153,177,132,9747,2018,61591.0,0.0,1.132475,1.258945,POL,LVA,902130
9509154,179,132,9747,2018,34163.0,0.0,0.652628,2.211758,PRT,LVA,902130
9509155,185,132,9747,2018,2310.0,0.0,1.050715,1.04471,ROU,LVA,902130
9509156,186,132,9747,2018,11766.0,4375796.0,0.21398000000000003,0.100414,RUS,LVA,902130
9509157,208,132,9747,2018,386484.0,0.0,1.76361,0.766904,SWE,LVA,902130
9509158,224,132,9747,2018,17640.0,0.0,0.518721,2.5581419999999997,TUR,LVA,902130
9509159,228,132,9747,2018,0.0,2732.0,0.337296,0.758675,UKR,LVA,902130
9509160,231,132,9747,2018,2473.0,0.0,1.585861,0.44815900000000003,USA,LVA,902130
9509161,232,132,9747,2018,0.0,18657.0,-0.591547,-0.429982,UZB,LVA,902130
9509162,7,134,9747,2018,6854.0,0.0,0.11804400000000001,-0.326851,ARE,MAR,902130
9509163,18,134,9747,2018,562084.0,0.0,1.270641,1.201063,BEL,MAR,902130
9509164,23,134,9747,2018,15078.0,0.0,0.571226,1.836856,BGR,MAR,902130
9509165,32,134,9747,2018,13048.0,0.0,0.143397,0.582092,BRA,MAR,902130
9509166,39,134,9747,2018,37594.0,0.0,0.666822,1.218593,CAN,MAR,902130
9509167,41,134,9747,2018,111437.0,0.0,2.2324330000000003,0.7801560000000001,CHE,MAR,902130
9509168,43,134,9747,2018,34191.0,2320.0,1.200689,1.2822,CHN,MAR,902130
9509169,44,134,9747,2018,0.0,5978.0,-0.8733569999999999,-0.8443139999999999,CIV,MAR,902130
9509170,52,134,9747,2018,26745.0,0.0,0.19386,0.05811,CRI,MAR,902130
9509171,61,134,9747,2018,228550.0,0.0,2.109059,-2.428826,DEU,MAR,902130
9509172,68,134,9747,2018,1291.0,0.0,-0.096635,1.585658,EGY,MAR,902130
9509173,71,134,9747,2018,2599.0,0.0,0.744825,2.919005,ESP,MAR,902130
9509174,77,134,9747,2018,733027.0,165129.0,1.420819,0.7793770000000001,FRA,MAR,902130
9509175,80,134,9747,2018,0.0,4248.0,-1.4979200000000001,-1.180407,GAB,MAR,902130
9509176,81,134,9747,2018,28757.0,0.0,1.693008,0.768159,GBR,MAR,902130
9509177,90,134,9747,2018,8900.0,0.0,0.059539999999999996,1.0321879999999999,GRC,MAR,902130
9509178,102,134,9747,2018,35203.0,0.0,1.519662,0.833092,HUN,MAR,902130
9509179,104,134,9747,2018,885877.0,0.0,0.526015,2.448112,IND,MAR,902130
9509180,106,134,9747,2018,955523.0,0.0,1.262419,0.013576,IRL,MAR,902130
9509181,109,134,9747,2018,12426.0,0.0,0.252338,-0.341319,ISL,MAR,902130
9509182,111,134,9747,2018,517332.0,0.0,1.3602530000000002,0.453607,ITA,MAR,902130
9509183,138,134,9747,2018,104137.0,0.0,1.00061,0.585759,MEX,MAR,902130
9509184,153,134,9747,2018,55042.0,0.0,1.122976,0.734109,MYS,MAR,902130
9509185,162,134,9747,2018,1666793.0,0.0,1.1478899999999999,1.454758,NLD,MAR,902130
9509186,177,134,9747,2018,95582.0,0.0,1.132475,1.258945,POL,MAR,902130
9509187,185,134,9747,2018,3611.0,0.0,1.050715,1.04471,ROU,MAR,902130
9509188,192,134,9747,2018,91956.0,0.0,1.914132,0.652011,SGP,MAR,902130
9509189,224,134,9747,2018,107225.0,0.0,0.518721,2.5581419999999997,TUR,MAR,902130
9509190,231,134,9747,2018,203393.0,0.0,1.585861,0.44815900000000003,USA,MAR,902130
9509191,15,135,9747,2018,0.0,3273.0,1.774488,-0.21117800000000003,AUT,MDA,902130
9509192,18,135,9747,2018,89390.0,16307.0,1.270641,1.201063,BEL,MDA,902130
9509193,23,135,9747,2018,2779.0,3026.0,0.571226,1.836856,BGR,MDA,902130
9509194,32,135,9747,2018,1354.0,0.0,0.143397,0.582092,BRA,MDA,902130
9509195,41,135,9747,2018,9688.0,784378.0,2.2324330000000003,0.7801560000000001,CHE,MDA,902130
9509196,43,135,9747,2018,25527.0,0.0,1.200689,1.2822,CHN,MDA,902130
9509197,52,135,9747,2018,84782.0,0.0,0.19386,0.05811,CRI,MDA,902130
9509198,61,135,9747,2018,163454.0,0.0,2.109059,-2.428826,DEU,MDA,902130
9509199,74,135,9747,2018,0.0,33507.0,1.61151,0.9474549999999999,FIN,MDA,902130
9509200,77,135,9747,2018,4756.0,4775.0,1.420819,0.7793770000000001,FRA,MDA,902130
9509201,81,135,9747,2018,14900.0,0.0,1.693008,0.768159,GBR,MDA,902130
9509202,90,135,9747,2018,9405.0,0.0,0.059539999999999996,1.0321879999999999,GRC,MDA,902130
9509203,104,135,9747,2018,6101.0,0.0,0.526015,2.448112,IND,MDA,902130
9509204,106,135,9747,2018,111957.0,0.0,1.262419,0.013576,IRL,MDA,902130
9509205,110,135,9747,2018,51739.0,0.0,1.355071,0.872822,ISR,MDA,902130
9509206,111,135,9747,2018,19418.0,0.0,1.3602530000000002,0.453607,ITA,MDA,902130
9509207,114,135,9747,2018,3689.0,0.0,2.514533,-0.416074,JPN,MDA,902130
9509208,132,135,9747,2018,6356.0,0.0,0.707168,1.294297,LVA,MDA,902130
9509209,138,135,9747,2018,1026.0,0.0,1.00061,0.585759,MEX,MDA,902130
9509210,162,135,9747,2018,61794.0,0.0,1.1478899999999999,1.454758,NLD,MDA,902130
9509211,177,135,9747,2018,0.0,42127.0,1.132475,1.258945,POL,MDA,902130
9509212,185,135,9747,2018,693603.0,36561.0,1.050715,1.04471,ROU,MDA,902130
9509213,186,135,9747,2018,293074.0,0.0,0.21398000000000003,0.100414,RUS,MDA,902130
9509214,192,135,9747,2018,12225.0,0.0,1.914132,0.652011,SGP,MDA,902130
9509215,208,135,9747,2018,0.0,5922.0,1.76361,0.766904,SWE,MDA,902130
9509216,224,135,9747,2018,73038.0,0.0,0.518721,2.5581419999999997,TUR,MDA,902130
9509217,228,135,9747,2018,15793.0,0.0,0.337296,0.758675,UKR,MDA,902130
9509218,231,135,9747,2018,162938.0,0.0,1.585861,0.44815900000000003,USA,MDA,902130
9509219,14,143,9747,2018,0.0,26787.0,-0.29687199999999997,-0.123116,AUS,MMR,902130
9509220,18,143,9747,2018,1499.0,0.0,1.270641,1.201063,BEL,MMR,902130
9509221,23,143,9747,2018,6121.0,0.0,0.571226,1.836856,BGR,MMR,902130
9509222,43,143,9747,2018,9777.0,0.0,1.200689,1.2822,CHN,MMR,902130
9509223,61,143,9747,2018,2635.0,0.0,2.109059,-2.428826,DEU,MMR,902130
9509224,97,143,9747,2018,210886.0,0.0,0.843677,1.656073,HKG,MMR,902130
9509225,103,143,9747,2018,21293.0,0.0,-0.10130499999999999,1.2414209999999999,IDN,MMR,902130
9509226,104,143,9747,2018,336305.0,0.0,0.526015,2.448112,IND,MMR,902130
9509227,110,143,9747,2018,3198.0,0.0,1.355071,0.872822,ISR,MMR,902130
9509228,118,143,9747,2018,13983.0,0.0,-0.45740299999999995,-0.575966,KHM,MMR,902130
9509229,121,143,9747,2018,28668.0,0.0,2.093866,0.764303,KOR,MMR,902130
9509230,162,143,9747,2018,117545.0,0.0,1.1478899999999999,1.454758,NLD,MMR,902130
9509231,216,143,9747,2018,1547.0,0.0,1.053177,1.4084969999999999,THA,MMR,902130
9509232,231,143,9747,2018,102487.0,0.0,1.585861,0.44815900000000003,USA,MMR,902130
9509233,239,143,9747,2018,20777.0,0.0,0.003069,0.9169729999999999,VNM,MMR,902130
9509234,246,143,9747,2018,0.0,20842.0,0.158722,1.394829,ZAF,MMR,902130
9509235,43,147,9747,2018,6899.0,0.0,1.200689,1.2822,CHN,MOZ,902130
9509236,71,147,9747,2018,2972.0,0.0,0.744825,2.919005,ESP,MOZ,902130
9509237,77,147,9747,2018,6341.0,0.0,1.420819,0.7793770000000001,FRA,MOZ,902130
9509238,104,147,9747,2018,29341.0,0.0,0.526015,2.448112,IND,MOZ,902130
9509239,179,147,9747,2018,2551.0,0.0,0.652628,2.211758,PRT,MOZ,902130
9509240,246,147,9747,2018,44838.0,0.0,0.158722,1.394829,ZAF,MOZ,902130
9509241,15,151,9747,2018,1384.0,0.0,1.774488,-0.21117800000000003,AUT,MUS,902130
9509242,18,151,9747,2018,28624.0,0.0,1.270641,1.201063,BEL,MUS,902130
9509243,41,151,9747,2018,87152.0,0.0,2.2324330000000003,0.7801560000000001,CHE,MUS,902130
9509244,43,151,9747,2018,87917.0,0.0,1.200689,1.2822,CHN,MUS,902130
9509245,61,151,9747,2018,60494.0,0.0,2.109059,-2.428826,DEU,MUS,902130
9509246,71,151,9747,2018,1004.0,0.0,0.744825,2.919005,ESP,MUS,902130
9509247,77,151,9747,2018,23765.0,1292134.0,1.420819,0.7793770000000001,FRA,MUS,902130
9509248,81,151,9747,2018,40209.0,4626.0,1.693008,0.768159,GBR,MUS,902130
9509249,104,151,9747,2018,21383.0,0.0,0.526015,2.448112,IND,MUS,902130
9509250,106,151,9747,2018,448712.0,0.0,1.262419,0.013576,IRL,MUS,902130
9509251,111,151,9747,2018,8431.0,0.0,1.3602530000000002,0.453607,ITA,MUS,902130
9509252,114,151,9747,2018,1866.0,0.0,2.514533,-0.416074,JPN,MUS,902130
9509253,138,151,9747,2018,40127.0,0.0,1.00061,0.585759,MEX,MUS,902130
9509254,162,151,9747,2018,323148.0,0.0,1.1478899999999999,1.454758,NLD,MUS,902130
9509255,192,151,9747,2018,12296.0,0.0,1.914132,0.652011,SGP,MUS,902130
9509256,211,151,9747,2018,3410.0,73787.0,0.187352,-0.693013,SYC,MUS,902130
9509257,231,151,9747,2018,60550.0,0.0,1.585861,0.44815900000000003,USA,MUS,902130
9509258,246,151,9747,2018,420092.0,299108.0,0.158722,1.394829,ZAF,MUS,902130
9509259,249,151,9747,2018,18714.0,0.0,2.0462540000000002,1.166636,TWN,MUS,902130
9509260,61,152,9747,2018,1631.0,0.0,2.109059,-2.428826,DEU,MWI,902130
9509261,104,152,9747,2018,60410.0,0.0,0.526015,2.448112,IND,MWI,902130
9509262,246,152,9747,2018,4239.0,0.0,0.158722,1.394829,ZAF,MWI,902130
9509263,247,152,9747,2018,0.0,1266.0,-0.736064,-0.93958,ZMB,MWI,902130
9509264,7,159,9747,2018,20214.0,0.0,0.11804400000000001,-0.326851,ARE,NGA,902130
9509265,15,159,9747,2018,7775.0,0.0,1.774488,-0.21117800000000003,AUT,NGA,902130
9509266,18,159,9747,2018,44800.0,0.0,1.270641,1.201063,BEL,NGA,902130
9509267,22,159,9747,2018,54695.0,0.0,-0.899467,-0.9823719999999999,BGD,NGA,902130
9509268,23,159,9747,2018,1079.0,0.0,0.571226,1.836856,BGR,NGA,902130
9509269,43,159,9747,2018,3079.0,0.0,1.200689,1.2822,CHN,NGA,902130
9509270,61,159,9747,2018,280728.0,0.0,2.109059,-2.428826,DEU,NGA,902130
9509271,77,159,9747,2018,4473.0,0.0,1.420819,0.7793770000000001,FRA,NGA,902130
9509272,81,159,9747,2018,3375.0,0.0,1.693008,0.768159,GBR,NGA,902130
9509273,104,159,9747,2018,190378.0,0.0,0.526015,2.448112,IND,NGA,902130
9509274,121,159,9747,2018,321.0,0.0,2.093866,0.764303,KOR,NGA,902130
9509275,162,159,9747,2018,17055.0,0.0,1.1478899999999999,1.454758,NLD,NGA,902130
9509276,224,159,9747,2018,8838.0,0.0,0.518721,2.5581419999999997,TUR,NGA,902130
9509277,231,159,9747,2018,34244.0,0.0,1.585861,0.44815900000000003,USA,NGA,902130
9509278,246,159,9747,2018,37847.0,0.0,0.158722,1.394829,ZAF,NGA,902130
9509279,18,164,9747,2018,91295.0,0.0,1.270641,1.201063,BEL,NPL,902130
9509280,41,164,9747,2018,17250.0,0.0,2.2324330000000003,0.7801560000000001,CHE,NPL,902130
9509281,43,164,9747,2018,3162.0,1380286.0,1.200689,1.2822,CHN,NPL,902130
9509282,61,164,9747,2018,137095.0,0.0,2.109059,-2.428826,DEU,NPL,902130
9509283,81,164,9747,2018,14800.0,0.0,1.693008,0.768159,GBR,NPL,902130
9509284,104,164,9747,2018,127033.0,0.0,0.526015,2.448112,IND,NPL,902130
9509285,106,164,9747,2018,802.0,0.0,1.262419,0.013576,IRL,NPL,902130
9509286,111,164,9747,2018,13375.0,0.0,1.3602530000000002,0.453607,ITA,NPL,902130
9509287,162,164,9747,2018,890333.0,0.0,1.1478899999999999,1.454758,NLD,NPL,902130
9509288,168,164,9747,2018,0.0,143854.0,-0.64348,0.665045,PAK,NPL,902130
9509289,192,164,9747,2018,78124.0,0.0,1.914132,0.652011,SGP,NPL,902130
9509290,216,164,9747,2018,0.0,12594.0,1.053177,1.4084969999999999,THA,NPL,902130
9509291,231,164,9747,2018,3780.0,0.0,1.585861,0.44815900000000003,USA,NPL,902130
9509292,246,164,9747,2018,0.0,1055.0,0.158722,1.394829,ZAF,NPL,902130
9509293,250,164,9747,2018,8570.0,0.0,0.809991,-0.368737,ANS,NPL,902130
9509294,7,167,9747,2018,623444.0,0.0,0.11804400000000001,-0.326851,ARE,OMN,902130
9509295,18,167,9747,2018,160350.0,0.0,1.270641,1.201063,BEL,OMN,902130
9509296,23,167,9747,2018,1141.0,0.0,0.571226,1.836856,BGR,OMN,902130
9509297,32,167,9747,2018,25411.0,0.0,0.143397,0.582092,BRA,OMN,902130
9509298,39,167,9747,2018,6491.0,0.0,0.666822,1.218593,CAN,OMN,902130
9509299,41,167,9747,2018,557604.0,0.0,2.2324330000000003,0.7801560000000001,CHE,OMN,902130
9509300,43,167,9747,2018,12152.0,0.0,1.200689,1.2822,CHN,OMN,902130
9509301,61,167,9747,2018,276079.0,6984.0,2.109059,-2.428826,DEU,OMN,902130
9509302,68,167,9747,2018,0.0,33976.0,-0.096635,1.585658,EGY,OMN,902130
9509303,77,167,9747,2018,56807.0,0.0,1.420819,0.7793770000000001,FRA,OMN,902130
9509304,81,167,9747,2018,146293.0,0.0,1.693008,0.768159,GBR,OMN,902130
9509305,90,167,9747,2018,12682.0,0.0,0.059539999999999996,1.0321879999999999,GRC,OMN,902130
9509306,104,167,9747,2018,44023.0,0.0,0.526015,2.448112,IND,OMN,902130
9509307,106,167,9747,2018,46777.0,0.0,1.262419,0.013576,IRL,OMN,902130
9509308,111,167,9747,2018,8317.0,0.0,1.3602530000000002,0.453607,ITA,OMN,902130
9509309,131,167,9747,2018,4685.0,0.0,1.1142889999999999,1.306066,LUX,OMN,902130
9509310,138,167,9747,2018,34526.0,0.0,1.00061,0.585759,MEX,OMN,902130
9509311,162,167,9747,2018,2841222.0,1936.0,1.1478899999999999,1.454758,NLD,OMN,902130
9509312,183,167,9747,2018,29616.0,19418.0,-0.068401,-1.014732,QAT,OMN,902130
9509313,185,167,9747,2018,3600.0,0.0,1.050715,1.04471,ROU,OMN,902130
9509314,224,167,9747,2018,10205.0,0.0,0.518721,2.5581419999999997,TUR,OMN,902130
9509315,231,167,9747,2018,117278.0,0.0,1.585861,0.44815900000000003,USA,OMN,902130
9509316,249,167,9747,2018,11958.0,0.0,2.0462540000000002,1.166636,TWN,OMN,902130
9509317,7,168,9747,2018,12783.0,0.0,0.11804400000000001,-0.326851,ARE,PAK,902130
9509318,15,168,9747,2018,882.0,0.0,1.774488,-0.21117800000000003,AUT,PAK,902130
9509319,18,168,9747,2018,1279002.0,0.0,1.270641,1.201063,BEL,PAK,902130
9509320,23,168,9747,2018,16383.0,0.0,0.571226,1.836856,BGR,PAK,902130
9509321,32,168,9747,2018,44228.0,0.0,0.143397,0.582092,BRA,PAK,902130
9509322,41,168,9747,2018,300280.0,0.0,2.2324330000000003,0.7801560000000001,CHE,PAK,902130
9509323,42,168,9747,2018,1797.0,44225.0,-0.37677,-0.49605299999999997,CHL,PAK,902130
9509324,43,168,9747,2018,167188.0,0.0,1.200689,1.2822,CHN,PAK,902130
9509325,59,168,9747,2018,0.0,11272.0,1.841016,0.220806,CZE,PAK,902130
9509326,61,168,9747,2018,892680.0,0.0,2.109059,-2.428826,DEU,PAK,902130
9509327,71,168,9747,2018,136405.0,0.0,0.744825,2.919005,ESP,PAK,902130
9509328,77,168,9747,2018,159480.0,0.0,1.420819,0.7793770000000001,FRA,PAK,902130
9509329,81,168,9747,2018,980117.0,17604.0,1.693008,0.768159,GBR,PAK,902130
9509330,102,168,9747,2018,272214.0,0.0,1.519662,0.833092,HUN,PAK,902130
9509331,103,168,9747,2018,51239.0,0.0,-0.10130499999999999,1.2414209999999999,IDN,PAK,902130
9509332,104,168,9747,2018,1371341.0,0.0,0.526015,2.448112,IND,PAK,902130
9509333,106,168,9747,2018,104992.0,0.0,1.262419,0.013576,IRL,PAK,902130
9509334,107,168,9747,2018,1424.0,0.0,-0.389954,-0.258156,IRN,PAK,902130
9509335,109,168,9747,2018,29402.0,0.0,0.252338,-0.341319,ISL,PAK,902130
9509336,111,168,9747,2018,487829.0,0.0,1.3602530000000002,0.453607,ITA,PAK,902130
9509337,113,168,9747,2018,0.0,52438.0,-0.086895,0.283829,JOR,PAK,902130
9509338,121,168,9747,2018,42489.0,0.0,2.093866,0.764303,KOR,PAK,902130
9509339,128,168,9747,2018,5748.0,0.0,-0.544504,0.41074099999999997,LKA,PAK,902130
9509340,138,168,9747,2018,4235.0,0.0,1.00061,0.585759,MEX,PAK,902130
9509341,153,168,9747,2018,0.0,1114.0,1.122976,0.734109,MYS,PAK,902130
9509342,162,168,9747,2018,7497042.0,0.0,1.1478899999999999,1.454758,NLD,PAK,902130
9509343,164,168,9747,2018,143854.0,0.0,-0.252837,0.999258,NPL,PAK,902130
9509344,178,168,9747,2018,4028.0,0.0,0.714618,0.47291700000000003,PRK,PAK,902130
9509345,185,168,9747,2018,39184.0,2054.0,1.050715,1.04471,ROU,PAK,902130
9509346,186,168,9747,2018,24313.0,0.0,0.21398000000000003,0.100414,RUS,PAK,902130
9509347,192,168,9747,2018,303350.0,0.0,1.914132,0.652011,SGP,PAK,902130
9509348,208,168,9747,2018,6916.0,0.0,1.76361,0.766904,SWE,PAK,902130
9509349,224,168,9747,2018,491723.0,0.0,0.518721,2.5581419999999997,TUR,PAK,902130
9509350,231,168,9747,2018,1484740.0,9955.0,1.585861,0.44815900000000003,USA,PAK,902130
9509351,249,168,9747,2018,9603.0,4988.0,2.0462540000000002,1.166636,TWN,PAK,902130
9509352,8,185,9747,2018,1610.0,1879.0,-0.14316800000000002,0.14356,ARG,ROU,902130
9509353,9,185,9747,2018,0.0,670.0,-0.330516,-0.604744,ARM,ROU,902130
9509354,14,185,9747,2018,6095.0,6224.0,-0.29687199999999997,-0.123116,AUS,ROU,902130
9509355,15,185,9747,2018,178913.0,4063.0,1.774488,-0.21117800000000003,AUT,ROU,902130
9509356,18,185,9747,2018,3237169.0,0.0,1.270641,1.201063,BEL,ROU,902130
9509357,22,185,9747,2018,0.0,15846.0,-0.899467,-0.9823719999999999,BGD,ROU,902130
9509358,23,185,9747,2018,72612.0,50204.0,0.571226,1.836856,BGR,ROU,902130
9509359,31,185,9747,2018,0.0,9081.0,-1.153953,-1.070749,BOL,ROU,902130
9509360,32,185,9747,2018,11713.0,0.0,0.143397,0.582092,BRA,ROU,902130
9509361,39,185,9747,2018,1328.0,0.0,0.666822,1.218593,CAN,ROU,902130
9509362,41,185,9747,2018,41579.0,159600.0,2.2324330000000003,0.7801560000000001,CHE,ROU,902130
9509363,43,185,9747,2018,118845.0,0.0,1.200689,1.2822,CHN,ROU,902130
9509364,58,185,9747,2018,405734.0,53359.0,0.45442,-0.113303,CYP,ROU,902130
9509365,59,185,9747,2018,40932.0,2615.0,1.841016,0.220806,CZE,ROU,902130
9509366,61,185,9747,2018,1432021.0,41582.0,2.109059,-2.428826,DEU,ROU,902130
9509367,64,185,9747,2018,4652.0,1515.0,1.0945040000000001,1.3311540000000002,DNK,ROU,902130
9509368,67,185,9747,2018,0.0,153472.0,-0.873973,-1.032841,ECU,ROU,902130
9509369,68,185,9747,2018,0.0,8544.0,-0.096635,1.585658,EGY,ROU,902130
9509370,71,185,9747,2018,7568.0,0.0,0.744825,2.919005,ESP,ROU,902130
9509371,72,185,9747,2018,1609.0,0.0,0.979986,1.2365899999999999,EST,ROU,902130
9509372,77,185,9747,2018,2364178.0,29425.0,1.420819,0.7793770000000001,FRA,ROU,902130
9509373,81,185,9747,2018,283538.0,17576.0,1.693008,0.768159,GBR,ROU,902130
9509374,82,185,9747,2018,0.0,26613.0,-0.049871,-0.28439899999999996,GEO,ROU,902130
9509375,90,185,9747,2018,159734.0,498982.0,0.059539999999999996,1.0321879999999999,GRC,ROU,902130
9509376,100,185,9747,2018,0.0,2854.0,0.7923720000000001,1.4047209999999999,HRV,ROU,902130
9509377,102,185,9747,2018,3879997.0,0.0,1.519662,0.833092,HUN,ROU,902130
9509378,103,185,9747,2018,0.0,1509.0,-0.10130499999999999,1.2414209999999999,IDN,ROU,902130
9509379,104,185,9747,2018,1116274.0,0.0,0.526015,2.448112,IND,ROU,902130
9509380,106,185,9747,2018,1388256.0,9461.0,1.262419,0.013576,IRL,ROU,902130
9509381,107,185,9747,2018,0.0,50170.0,-0.389954,-0.258156,IRN,ROU,902130
9509382,110,185,9747,2018,670944.0,0.0,1.355071,0.872822,ISR,ROU,902130
9509383,111,185,9747,2018,1493601.0,59165.0,1.3602530000000002,0.453607,ITA,ROU,902130
9509384,121,185,9747,2018,474717.0,0.0,2.093866,0.764303,KOR,ROU,902130
9509385,124,185,9747,2018,0.0,6441.0,0.270554,0.9995149999999999,LBN,ROU,902130
9509386,132,185,9747,2018,0.0,2310.0,0.707168,1.294297,LVA,ROU,902130
9509387,134,185,9747,2018,0.0,3611.0,-0.712775,-0.090013,MAR,ROU,902130
9509388,135,185,9747,2018,36561.0,693603.0,-0.358412,-0.271334,MDA,ROU,902130
9509389,138,185,9747,2018,5041.0,20395.0,1.00061,0.585759,MEX,ROU,902130
9509390,153,185,9747,2018,0.0,2331.0,1.122976,0.734109,MYS,ROU,902130
9509391,162,185,9747,2018,7102911.0,67538.0,1.1478899999999999,1.454758,NLD,ROU,902130
9509392,163,185,9747,2018,99823.0,0.0,0.681639,0.021762,NOR,ROU,902130
9509393,167,185,9747,2018,0.0,3600.0,-0.548048,-0.9972989999999999,OMN,ROU,902130
9509394,168,185,9747,2018,2054.0,39184.0,-0.64348,0.665045,PAK,ROU,902130
9509395,169,185,9747,2018,0.0,14655.0,0.104326,-0.11611800000000001,PAN,ROU,902130
9509396,177,185,9747,2018,10350.0,42913.0,1.132475,1.258945,POL,ROU,902130
9509397,179,185,9747,2018,23418.0,0.0,0.652628,2.211758,PRT,ROU,902130
9509398,180,185,9747,2018,0.0,40918.0,-0.614751,-0.952478,PRY,ROU,902130
9509399,181,185,9747,2018,0.0,1617.0,0.096402,0.735946,PSE,ROU,902130
9509400,182,185,9747,2018,0.0,5312.0,0.21430300000000002,-0.484076,PYF,ROU,902130
9509401,197,185,9747,2018,0.0,2497.0,0.073928,0.22548600000000002,SLV,ROU,902130
9509402,206,185,9747,2018,278151.0,1163.0,1.3270979999999999,0.877684,SVK,ROU,902130
9509403,208,185,9747,2018,0.0,965.0,1.76361,0.766904,SWE,ROU,902130
9509404,224,185,9747,2018,265909.0,0.0,0.518721,2.5581419999999997,TUR,ROU,902130
9509405,231,185,9747,2018,587301.0,189634.0,1.585861,0.44815900000000003,USA,ROU,902130
9509406,239,185,9747,2018,0.0,200596.0,0.003069,0.9169729999999999,VNM,ROU,902130
9509407,246,185,9747,2018,2162.0,0.0,0.158722,1.394829,ZAF,ROU,902130
9509408,249,185,9747,2018,1094.0,0.0,2.0462540000000002,1.166636,TWN,ROU,902130
9509409,7,186,9747,2018,6932.0,3157.0,0.11804400000000001,-0.326851,ARE,RUS,902130
9509410,9,186,9747,2018,0.0,89387.0,-0.330516,-0.604744,ARM,RUS,902130
9509411,14,186,9747,2018,0.0,912.0,-0.29687199999999997,-0.123116,AUS,RUS,902130
9509412,15,186,9747,2018,2975806.0,0.0,1.774488,-0.21117800000000003,AUT,RUS,902130
9509413,16,186,9747,2018,0.0,414366.0,-1.144089,-1.224327,AZE,RUS,902130
9509414,18,186,9747,2018,11945887.0,0.0,1.270641,1.201063,BEL,RUS,902130
9509415,28,186,9747,2018,3281944.0,1019136.0,0.850089,0.8332870000000001,BLR,RUS,902130
9509416,32,186,9747,2018,878891.0,1013.0,0.143397,0.582092,BRA,RUS,902130
9509417,39,186,9747,2018,118446.0,0.0,0.666822,1.218593,CAN,RUS,902130
9509418,41,186,9747,2018,884697.0,0.0,2.2324330000000003,0.7801560000000001,CHE,RUS,902130
9509419,43,186,9747,2018,334564.0,177188.0,1.200689,1.2822,CHN,RUS,902130
9509420,49,186,9747,2018,0.0,1278.0,0.20431,-0.15273699999999998,COL,RUS,902130
9509421,52,186,9747,2018,4084853.0,0.0,0.19386,0.05811,CRI,RUS,902130
9509422,59,186,9747,2018,757124.0,0.0,1.841016,0.220806,CZE,RUS,902130
9509423,61,186,9747,2018,23544156.0,12241.0,2.109059,-2.428826,DEU,RUS,902130
9509424,66,186,9747,2018,0.0,3600.0,-1.281519,-1.22291,DZA,RUS,902130
9509425,68,186,9747,2018,0.0,118239.0,-0.096635,1.585658,EGY,RUS,902130
9509426,71,186,9747,2018,17185.0,27981.0,0.744825,2.919005,ESP,RUS,902130
9509427,72,186,9747,2018,106425.0,0.0,0.979986,1.2365899999999999,EST,RUS,902130
9509428,74,186,9747,2018,1079.0,2792.0,1.61151,0.9474549999999999,FIN,RUS,902130
9509429,77,186,9747,2018,5756198.0,1238.0,1.420819,0.7793770000000001,FRA,RUS,902130
9509430,81,186,9747,2018,4559068.0,109519.0,1.693008,0.768159,GBR,RUS,902130
9509431,82,186,9747,2018,236089.0,34708.0,-0.049871,-0.28439899999999996,GEO,RUS,902130
9509432,97,186,9747,2018,693118.0,0.0,0.843677,1.656073,HKG,RUS,902130
9509433,102,186,9747,2018,68309.0,0.0,1.519662,0.833092,HUN,RUS,902130
9509434,104,186,9747,2018,1530121.0,48651.0,0.526015,2.448112,IND,RUS,902130
9509435,106,186,9747,2018,12542099.0,0.0,1.262419,0.013576,IRL,RUS,902130
9509436,108,186,9747,2018,0.0,5654.0,-1.7504400000000002,-1.018699,IRQ,RUS,902130
9509437,109,186,9747,2018,1131487.0,0.0,0.252338,-0.341319,ISL,RUS,902130
9509438,110,186,9747,2018,9472517.0,76438.0,1.355071,0.872822,ISR,RUS,902130
9509439,111,186,9747,2018,107596.0,19972.0,1.3602530000000002,0.453607,ITA,RUS,902130
9509440,114,186,9747,2018,36565.0,0.0,2.514533,-0.416074,JPN,RUS,902130
9509441,115,186,9747,2018,0.0,1694615.0,-0.483862,-0.667417,KAZ,RUS,902130
9509442,117,186,9747,2018,0.0,93475.0,-0.141491,0.33161,KGZ,RUS,902130
9509443,121,186,9747,2018,470370.0,44995.0,2.093866,0.764303,KOR,RUS,902130
9509444,124,186,9747,2018,0.0,6888.0,0.270554,0.9995149999999999,LBN,RUS,902130
9509445,126,186,9747,2018,0.0,2839.0,-1.608786,-1.231101,LBY,RUS,902130
9509446,130,186,9747,2018,4952236.0,7477.0,0.964249,1.4050200000000002,LTU,RUS,902130
9509447,132,186,9747,2018,4375796.0,11766.0,0.707168,1.294297,LVA,RUS,902130
9509448,135,186,9747,2018,0.0,293074.0,-0.358412,-0.271334,MDA,RUS,902130
9509449,138,186,9747,2018,5538076.0,0.0,1.00061,0.585759,MEX,RUS,902130
9509450,162,186,9747,2018,47977652.0,555734.0,1.1478899999999999,1.454758,NLD,RUS,902130
9509451,168,186,9747,2018,0.0,24313.0,-0.64348,0.665045,PAK,RUS,902130
9509452,173,186,9747,2018,0.0,66405.0,-0.6673060000000001,-0.183315,PER,RUS,902130
9509453,177,186,9747,2018,123929.0,0.0,1.132475,1.258945,POL,RUS,902130
9509454,188,186,9747,2018,0.0,10791.0,0.5801810000000001,-0.447514,SAU,RUS,902130
9509455,190,186,9747,2018,0.0,2195.0,-1.278532,-1.176008,SDN,RUS,902130
9509456,192,186,9747,2018,1257579.0,0.0,1.914132,0.652011,SGP,RUS,902130
9509457,206,186,9747,2018,7560.0,0.0,1.3270979999999999,0.877684,SVK,RUS,902130
9509458,208,186,9747,2018,174024.0,0.0,1.76361,0.766904,SWE,RUS,902130
9509459,224,186,9747,2018,105851.0,212461.0,0.518721,2.5581419999999997,TUR,RUS,902130
9509460,228,186,9747,2018,11337.0,924381.0,0.337296,0.758675,UKR,RUS,902130
9509461,231,186,9747,2018,1055690.0,0.0,1.585861,0.44815900000000003,USA,RUS,902130
9509462,232,186,9747,2018,0.0,78692.0,-0.591547,-0.429982,UZB,RUS,902130
9509463,239,186,9747,2018,0.0,16737.0,0.003069,0.9169729999999999,VNM,RUS,902130
9509464,246,186,9747,2018,68748.0,3881.0,0.158722,1.394829,ZAF,RUS,902130
9509465,249,186,9747,2018,98126.0,0.0,2.0462540000000002,1.166636,TWN,RUS,902130
9509466,250,186,9747,2018,0.0,21213.0,0.809991,-0.368737,ANS,RUS,902130
9509467,18,187,9747,2018,946.0,0.0,1.270641,1.201063,BEL,RWA,902130
9509468,32,187,9747,2018,356.0,0.0,0.143397,0.582092,BRA,RWA,902130
9509469,43,187,9747,2018,820.0,0.0,1.200689,1.2822,CHN,RWA,902130
9509470,61,187,9747,2018,46651.0,0.0,2.109059,-2.428826,DEU,RWA,902130
9509471,77,187,9747,2018,1646.0,0.0,1.420819,0.7793770000000001,FRA,RWA,902130
9509472,104,187,9747,2018,41357.0,0.0,0.526015,2.448112,IND,RWA,902130
9509473,231,187,9747,2018,72206.0,0.0,1.585861,0.44815900000000003,USA,RWA,902130
9509474,246,187,9747,2018,2263.0,0.0,0.158722,1.394829,ZAF,RWA,902130
9509475,7,191,9747,2018,9668.0,0.0,0.11804400000000001,-0.326851,ARE,SEN,902130
9509476,18,191,9747,2018,1948.0,0.0,1.270641,1.201063,BEL,SEN,902130
9509477,39,191,9747,2018,4099.0,0.0,0.666822,1.218593,CAN,SEN,902130
9509478,61,191,9747,2018,5029.0,0.0,2.109059,-2.428826,DEU,SEN,902130
9509479,71,191,9747,2018,1690.0,0.0,0.744825,2.919005,ESP,SEN,902130
9509480,77,191,9747,2018,11340.0,0.0,1.420819,0.7793770000000001,FRA,SEN,902130
9509481,81,191,9747,2018,6359.0,0.0,1.693008,0.768159,GBR,SEN,902130
9509482,104,191,9747,2018,68380.0,0.0,0.526015,2.448112,IND,SEN,902130
9509483,111,191,9747,2018,31584.0,0.0,1.3602530000000002,0.453607,ITA,SEN,902130
9509484,162,191,9747,2018,9276.0,0.0,1.1478899999999999,1.454758,NLD,SEN,902130
9509485,216,191,9747,2018,7735.0,0.0,1.053177,1.4084969999999999,THA,SEN,902130
9509486,223,191,9747,2018,1213.0,0.0,0.259778,1.187194,TUN,SEN,902130
9509487,231,191,9747,2018,15911.0,0.0,1.585861,0.44815900000000003,USA,SEN,902130
9509488,8,201,9747,2018,13006.0,0.0,-0.14316800000000002,0.14356,ARG,SRB,902130
9509489,15,201,9747,2018,29333.0,0.0,1.774488,-0.21117800000000003,AUT,SRB,902130
9509490,18,201,9747,2018,1122475.0,5517.0,1.270641,1.201063,BEL,SRB,902130
9509491,23,201,9747,2018,28024.0,37012.0,0.571226,1.836856,BGR,SRB,902130
9509492,26,201,9747,2018,1204.0,38438.0,0.526392,0.742398,BIH,SRB,902130
9509493,39,201,9747,2018,45230.0,0.0,0.666822,1.218593,CAN,SRB,902130
9509494,41,201,9747,2018,64465.0,0.0,2.2324330000000003,0.7801560000000001,CHE,SRB,902130
9509495,43,201,9747,2018,19757.0,1885.0,1.200689,1.2822,CHN,SRB,902130
9509496,52,201,9747,2018,70694.0,0.0,0.19386,0.05811,CRI,SRB,902130
9509497,61,201,9747,2018,909719.0,5059.0,2.109059,-2.428826,DEU,SRB,902130
9509498,71,201,9747,2018,2437.0,0.0,0.744825,2.919005,ESP,SRB,902130
9509499,77,201,9747,2018,122673.0,1060.0,1.420819,0.7793770000000001,FRA,SRB,902130
9509500,81,201,9747,2018,65739.0,0.0,1.693008,0.768159,GBR,SRB,902130
9509501,90,201,9747,2018,20203.0,0.0,0.059539999999999996,1.0321879999999999,GRC,SRB,902130
9509502,100,201,9747,2018,49489.0,0.0,0.7923720000000001,1.4047209999999999,HRV,SRB,902130
9509503,104,201,9747,2018,25540.0,0.0,0.526015,2.448112,IND,SRB,902130
9509504,106,201,9747,2018,148843.0,0.0,1.262419,0.013576,IRL,SRB,902130
9509505,110,201,9747,2018,2442.0,1244.0,1.355071,0.872822,ISR,SRB,902130
9509506,111,201,9747,2018,681403.0,5164.0,1.3602530000000002,0.453607,ITA,SRB,902130
9509507,138,201,9747,2018,1903.0,0.0,1.00061,0.585759,MEX,SRB,902130
9509508,140,201,9747,2018,15276.0,210434.0,0.079976,-0.20256,MKD,SRB,902130
9509509,144,201,9747,2018,0.0,198717.0,0.332495,0.124258,MNE,SRB,902130
9509510,153,201,9747,2018,754.0,0.0,1.122976,0.734109,MYS,SRB,902130
9509511,162,201,9747,2018,1843057.0,15457.0,1.1478899999999999,1.454758,NLD,SRB,902130
9509512,179,201,9747,2018,889.0,0.0,0.652628,2.211758,PRT,SRB,902130
9509513,207,201,9747,2018,1092316.0,4227.0,1.67428,0.7703800000000001,SVN,SRB,902130
9509514,208,201,9747,2018,18149.0,0.0,1.76361,0.766904,SWE,SRB,902130
9509515,224,201,9747,2018,114549.0,0.0,0.518721,2.5581419999999997,TUR,SRB,902130
9509516,231,201,9747,2018,41086.0,12422.0,1.585861,0.44815900000000003,USA,SRB,902130
9509517,65,209,9747,2018,0.0,23608.0,-0.084258,0.474872,DOM,SWZ,902130
9509518,81,209,9747,2018,887.0,0.0,1.693008,0.768159,GBR,SWZ,902130
9509519,121,209,9747,2018,0.0,224028.0,2.093866,0.764303,KOR,SWZ,902130
9509520,246,209,9747,2018,98514.0,0.0,0.158722,1.394829,ZAF,SWZ,902130
9509521,61,217,9747,2018,2826.0,0.0,2.109059,-2.428826,DEU,TJK,902130
9509522,71,217,9747,2018,4533.0,0.0,0.744825,2.919005,ESP,TJK,902130
9509523,82,217,9747,2018,24401.0,0.0,-0.049871,-0.28439899999999996,GEO,TJK,902130
9509524,104,217,9747,2018,27893.0,0.0,0.526015,2.448112,IND,TJK,902130
9509525,162,217,9747,2018,10007.0,0.0,1.1478899999999999,1.454758,NLD,TJK,902130
9509526,177,217,9747,2018,8244.0,0.0,1.132475,1.258945,POL,TJK,902130
9509527,224,217,9747,2018,21321.0,0.0,0.518721,2.5581419999999997,TUR,TJK,902130
9509528,231,217,9747,2018,10063.0,0.0,1.585861,0.44815900000000003,USA,TJK,902130
9509529,250,217,9747,2018,5476.0,0.0,0.809991,-0.368737,ANS,TJK,902130
9509530,15,219,9747,2018,1988.0,0.0,1.774488,-0.21117800000000003,AUT,TKM,902130
9509531,61,219,9747,2018,9497.0,0.0,2.109059,-2.428826,DEU,TKM,902130
9509532,162,219,9747,2018,109581.0,0.0,1.1478899999999999,1.454758,NLD,TKM,902130
9509533,224,219,9747,2018,35469.0,0.0,0.518721,2.5581419999999997,TUR,TKM,902130
9509534,15,223,9747,2018,16792.0,0.0,1.774488,-0.21117800000000003,AUT,TUN,902130
9509535,18,223,9747,2018,79039.0,0.0,1.270641,1.201063,BEL,TUN,902130
9509536,22,223,9747,2018,13268.0,0.0,-0.899467,-0.9823719999999999,BGD,TUN,902130
9509537,32,223,9747,2018,50223.0,0.0,0.143397,0.582092,BRA,TUN,902130
9509538,39,223,9747,2018,45972.0,0.0,0.666822,1.218593,CAN,TUN,902130
9509539,41,223,9747,2018,341671.0,2499.0,2.2324330000000003,0.7801560000000001,CHE,TUN,902130
9509540,43,223,9747,2018,70667.0,0.0,1.200689,1.2822,CHN,TUN,902130
9509541,61,223,9747,2018,452520.0,3573.0,2.109059,-2.428826,DEU,TUN,902130
9509542,66,223,9747,2018,0.0,738426.0,-1.281519,-1.22291,DZA,TUN,902130
9509543,71,223,9747,2018,59030.0,0.0,0.744825,2.919005,ESP,TUN,902130
9509544,77,223,9747,2018,1583922.0,750460.0,1.420819,0.7793770000000001,FRA,TUN,902130
9509545,81,223,9747,2018,177822.0,0.0,1.693008,0.768159,GBR,TUN,902130
9509546,90,223,9747,2018,4225.0,0.0,0.059539999999999996,1.0321879999999999,GRC,TUN,902130
9509547,104,223,9747,2018,439201.0,0.0,0.526015,2.448112,IND,TUN,902130
9509548,106,223,9747,2018,343141.0,0.0,1.262419,0.013576,IRL,TUN,902130
9509549,111,223,9747,2018,436492.0,0.0,1.3602530000000002,0.453607,ITA,TUN,902130
9509550,114,223,9747,2018,579389.0,0.0,2.514533,-0.416074,JPN,TUN,902130
9509551,121,223,9747,2018,64904.0,0.0,2.093866,0.764303,KOR,TUN,902130
9509552,126,223,9747,2018,0.0,5887.0,-1.608786,-1.231101,LBY,TUN,902130
9509553,138,223,9747,2018,54076.0,0.0,1.00061,0.585759,MEX,TUN,902130
9509554,148,223,9747,2018,0.0,55206.0,-1.511361,-1.296003,MRT,TUN,902130
9509555,162,223,9747,2018,1280976.0,32259.0,1.1478899999999999,1.454758,NLD,TUN,902130
9509556,177,223,9747,2018,4956.0,1544.0,1.132475,1.258945,POL,TUN,902130
9509557,190,223,9747,2018,0.0,692.0,-1.278532,-1.176008,SDN,TUN,902130
9509558,191,223,9747,2018,0.0,1213.0,-0.751378,-0.390573,SEN,TUN,902130
9509559,192,223,9747,2018,101516.0,0.0,1.914132,0.652011,SGP,TUN,902130
9509560,224,223,9747,2018,42649.0,0.0,0.518721,2.5581419999999997,TUR,TUN,902130
9509561,230,223,9747,2018,3155.0,0.0,-0.02056,-0.38911,URY,TUN,902130
9509562,231,223,9747,2018,25128.0,0.0,1.585861,0.44815900000000003,USA,TUN,902130
9509563,250,223,9747,2018,64285.0,0.0,0.809991,-0.368737,ANS,TUN,902130
9509564,8,228,9747,2018,6174.0,0.0,-0.14316800000000002,0.14356,ARG,UKR,902130
9509565,9,228,9747,2018,0.0,2697.0,-0.330516,-0.604744,ARM,UKR,902130
9509566,15,228,9747,2018,39128.0,0.0,1.774488,-0.21117800000000003,AUT,UKR,902130
9509567,18,228,9747,2018,1877206.0,0.0,1.270641,1.201063,BEL,UKR,902130
9509568,28,228,9747,2018,62445.0,0.0,0.850089,0.8332870000000001,BLR,UKR,902130
9509569,41,228,9747,2018,49859.0,0.0,2.2324330000000003,0.7801560000000001,CHE,UKR,902130
9509570,43,228,9747,2018,237176.0,0.0,1.200689,1.2822,CHN,UKR,902130
9509571,52,228,9747,2018,651868.0,0.0,0.19386,0.05811,CRI,UKR,902130
9509572,58,228,9747,2018,268575.0,0.0,0.45442,-0.113303,CYP,UKR,902130
9509573,59,228,9747,2018,3087.0,0.0,1.841016,0.220806,CZE,UKR,902130
9509574,61,228,9747,2018,3711700.0,59254.0,2.109059,-2.428826,DEU,UKR,902130
9509575,65,228,9747,2018,0.0,6655.0,-0.084258,0.474872,DOM,UKR,902130
9509576,71,228,9747,2018,197408.0,0.0,0.744825,2.919005,ESP,UKR,902130
9509577,72,228,9747,2018,3358.0,0.0,0.979986,1.2365899999999999,EST,UKR,902130
9509578,77,228,9747,2018,845264.0,0.0,1.420819,0.7793770000000001,FRA,UKR,902130
9509579,81,228,9747,2018,31257.0,26270.0,1.693008,0.768159,GBR,UKR,902130
9509580,82,228,9747,2018,28450.0,2809.0,-0.049871,-0.28439899999999996,GEO,UKR,902130
9509581,97,228,9747,2018,68737.0,0.0,0.843677,1.656073,HKG,UKR,902130
9509582,102,228,9747,2018,324562.0,0.0,1.519662,0.833092,HUN,UKR,902130
9509583,104,228,9747,2018,23170.0,0.0,0.526015,2.448112,IND,UKR,902130
9509584,106,228,9747,2018,633922.0,0.0,1.262419,0.013576,IRL,UKR,902130
9509585,109,228,9747,2018,32604.0,0.0,0.252338,-0.341319,ISL,UKR,902130
9509586,110,228,9747,2018,156416.0,1010.0,1.355071,0.872822,ISR,UKR,902130
9509587,111,228,9747,2018,73063.0,0.0,1.3602530000000002,0.453607,ITA,UKR,902130
9509588,114,228,9747,2018,116872.0,0.0,2.514533,-0.416074,JPN,UKR,902130
9509589,121,228,9747,2018,101266.0,0.0,2.093866,0.764303,KOR,UKR,902130
9509590,126,228,9747,2018,0.0,12315.0,-1.608786,-1.231101,LBY,UKR,902130
9509591,130,228,9747,2018,373013.0,0.0,0.964249,1.4050200000000002,LTU,UKR,902130
9509592,132,228,9747,2018,2732.0,0.0,0.707168,1.294297,LVA,UKR,902130
9509593,135,228,9747,2018,0.0,15793.0,-0.358412,-0.271334,MDA,UKR,902130
9509594,138,228,9747,2018,367176.0,0.0,1.00061,0.585759,MEX,UKR,902130
9509595,162,228,9747,2018,1509878.0,58133.0,1.1478899999999999,1.454758,NLD,UKR,902130
9509596,177,228,9747,2018,1491517.0,1207.0,1.132475,1.258945,POL,UKR,902130
9509597,186,228,9747,2018,924381.0,11337.0,0.21398000000000003,0.100414,RUS,UKR,902130
9509598,192,228,9747,2018,45274.0,0.0,1.914132,0.652011,SGP,UKR,902130
9509599,206,228,9747,2018,245153.0,0.0,1.3270979999999999,0.877684,SVK,UKR,902130
9509600,207,228,9747,2018,340772.0,0.0,1.67428,0.7703800000000001,SVN,UKR,902130
9509601,208,228,9747,2018,14985.0,0.0,1.76361,0.766904,SWE,UKR,902130
9509602,224,228,9747,2018,167116.0,68518.0,0.518721,2.5581419999999997,TUR,UKR,902130
9509603,231,228,9747,2018,533183.0,0.0,1.585861,0.44815900000000003,USA,UKR,902130
9509604,249,228,9747,2018,33816.0,0.0,2.0462540000000002,1.166636,TWN,UKR,902130
9509605,15,232,9747,2018,15770.0,0.0,1.774488,-0.21117800000000003,AUT,UZB,902130
9509606,18,232,9747,2018,15379.0,0.0,1.270641,1.201063,BEL,UZB,902130
9509607,23,232,9747,2018,36159.0,0.0,0.571226,1.836856,BGR,UZB,902130
9509608,28,232,9747,2018,2278.0,0.0,0.850089,0.8332870000000001,BLR,UZB,902130
9509609,41,232,9747,2018,21708.0,0.0,2.2324330000000003,0.7801560000000001,CHE,UZB,902130
9509610,43,232,9747,2018,42379.0,0.0,1.200689,1.2822,CHN,UZB,902130
9509611,58,232,9747,2018,5565.0,0.0,0.45442,-0.113303,CYP,UZB,902130
9509612,61,232,9747,2018,157629.0,0.0,2.109059,-2.428826,DEU,UZB,902130
9509613,72,232,9747,2018,129089.0,0.0,0.979986,1.2365899999999999,EST,UZB,902130
9509614,82,232,9747,2018,158189.0,0.0,-0.049871,-0.28439899999999996,GEO,UZB,902130
9509615,104,232,9747,2018,133236.0,0.0,0.526015,2.448112,IND,UZB,902130
9509616,130,232,9747,2018,35002.0,0.0,0.964249,1.4050200000000002,LTU,UZB,902130
9509617,132,232,9747,2018,18657.0,0.0,0.707168,1.294297,LVA,UZB,902130
9509618,162,232,9747,2018,119964.0,0.0,1.1478899999999999,1.454758,NLD,UZB,902130
9509619,177,232,9747,2018,63097.0,0.0,1.132475,1.258945,POL,UZB,902130
9509620,186,232,9747,2018,78692.0,0.0,0.21398000000000003,0.100414,RUS,UZB,902130
9509621,224,232,9747,2018,43172.0,0.0,0.518721,2.5581419999999997,TUR,UZB,902130
9509622,231,232,9747,2018,37929.0,0.0,1.585861,0.44815900000000003,USA,UZB,902130
9509623,8,239,9747,2018,4847.0,0.0,-0.14316800000000002,0.14356,ARG,VNM,902130
9509624,14,239,9747,2018,263978.0,131982.0,-0.29687199999999997,-0.123116,AUS,VNM,902130
9509625,15,239,9747,2018,72545.0,0.0,1.774488,-0.21117800000000003,AUT,VNM,902130
9509626,16,239,9747,2018,0.0,5746.0,-1.144089,-1.224327,AZE,VNM,902130
9509627,18,239,9747,2018,6189112.0,39939.0,1.270641,1.201063,BEL,VNM,902130
9509628,23,239,9747,2018,164696.0,0.0,0.571226,1.836856,BGR,VNM,902130
9509629,26,239,9747,2018,0.0,1505.0,0.526392,0.742398,BIH,VNM,902130
9509630,32,239,9747,2018,454745.0,0.0,0.143397,0.582092,BRA,VNM,902130
9509631,39,239,9747,2018,0.0,3953.0,0.666822,1.218593,CAN,VNM,902130
9509632,41,239,9747,2018,1453582.0,58825.0,2.2324330000000003,0.7801560000000001,CHE,VNM,902130
9509633,43,239,9747,2018,76398.0,0.0,1.200689,1.2822,CHN,VNM,902130
9509634,52,239,9747,2018,586980.0,0.0,0.19386,0.05811,CRI,VNM,902130
9509635,59,239,9747,2018,870.0,0.0,1.841016,0.220806,CZE,VNM,902130
9509636,61,239,9747,2018,9301891.0,58724.0,2.109059,-2.428826,DEU,VNM,902130
9509637,64,239,9747,2018,3748.0,0.0,1.0945040000000001,1.3311540000000002,DNK,VNM,902130
9509638,71,239,9747,2018,64926.0,3846.0,0.744825,2.919005,ESP,VNM,902130
9509639,74,239,9747,2018,1938.0,0.0,1.61151,0.9474549999999999,FIN,VNM,902130
9509640,77,239,9747,2018,720250.0,0.0,1.420819,0.7793770000000001,FRA,VNM,902130
9509641,81,239,9747,2018,956609.0,0.0,1.693008,0.768159,GBR,VNM,902130
9509642,90,239,9747,2018,587172.0,0.0,0.059539999999999996,1.0321879999999999,GRC,VNM,902130
9509643,97,239,9747,2018,1050990.0,20070.0,0.843677,1.656073,HKG,VNM,902130
9509644,102,239,9747,2018,736905.0,0.0,1.519662,0.833092,HUN,VNM,902130
9509645,103,239,9747,2018,2699.0,0.0,-0.10130499999999999,1.2414209999999999,IDN,VNM,902130
9509646,104,239,9747,2018,296545.0,56865.0,0.526015,2.448112,IND,VNM,902130
9509647,106,239,9747,2018,613746.0,0.0,1.262419,0.013576,IRL,VNM,902130
9509648,109,239,9747,2018,6231.0,0.0,0.252338,-0.341319,ISL,VNM,902130
9509649,110,239,9747,2018,165201.0,0.0,1.355071,0.872822,ISR,VNM,902130
9509650,111,239,9747,2018,1273737.0,0.0,1.3602530000000002,0.453607,ITA,VNM,902130
9509651,114,239,9747,2018,79267.0,2021.0,2.514533,-0.416074,JPN,VNM,902130
9509652,121,239,9747,2018,164778.0,0.0,2.093866,0.764303,KOR,VNM,902130
9509653,123,239,9747,2018,0.0,7803.0,-0.788808,-0.8012670000000001,LAO,VNM,902130
9509654,128,239,9747,2018,0.0,5001.0,-0.544504,0.41074099999999997,LKA,VNM,902130
9509655,143,239,9747,2018,0.0,20777.0,-0.936467,-0.223413,MMR,VNM,902130
9509656,153,239,9747,2018,73689.0,0.0,1.122976,0.734109,MYS,VNM,902130
9509657,162,239,9747,2018,6787373.0,113897.0,1.1478899999999999,1.454758,NLD,VNM,902130
9509658,163,239,9747,2018,0.0,1134.0,0.681639,0.021762,NOR,VNM,902130
9509659,166,239,9747,2018,0.0,1141.0,0.21902600000000003,0.148714,NZL,VNM,902130
9509660,174,239,9747,2018,0.0,7761.0,0.781409,0.22126700000000002,PHL,VNM,902130
9509661,177,239,9747,2018,199536.0,0.0,1.132475,1.258945,POL,VNM,902130
9509662,185,239,9747,2018,200596.0,0.0,1.050715,1.04471,ROU,VNM,902130
9509663,186,239,9747,2018,16737.0,0.0,0.21398000000000003,0.100414,RUS,VNM,902130
9509664,188,239,9747,2018,0.0,10219.0,0.5801810000000001,-0.447514,SAU,VNM,902130
9509665,192,239,9747,2018,4127584.0,0.0,1.914132,0.652011,SGP,VNM,902130
9509666,208,239,9747,2018,2434.0,0.0,1.76361,0.766904,SWE,VNM,902130
9509667,216,239,9747,2018,1896770.0,0.0,1.053177,1.4084969999999999,THA,VNM,902130
9509668,224,239,9747,2018,209674.0,0.0,0.518721,2.5581419999999997,TUR,VNM,902130
9509669,231,239,9747,2018,3212587.0,70525.0,1.585861,0.44815900000000003,USA,VNM,902130
9509670,246,239,9747,2018,0.0,17291.0,0.158722,1.394829,ZAF,VNM,902130
9509671,249,239,9747,2018,61272.0,20725.0,2.0462540000000002,1.166636,TWN,VNM,902130
9509672,43,13,9747,2018,33120.0,0.0,1.200689,1.2822,CHN,ATG,902130
9509673,104,19,9747,2018,57168.0,0.0,0.526015,2.448112,IND,BEN,902130
9509674,18,21,9747,2018,14191.0,0.0,1.270641,1.201063,BEL,BFA,902130
9509675,43,21,9747,2018,39046.0,0.0,1.200689,1.2822,CHN,BFA,902130
9509676,77,21,9747,2018,4467.0,0.0,1.420819,0.7793770000000001,FRA,BFA,902130
9509677,81,21,9747,2018,623.0,0.0,1.693008,0.768159,GBR,BFA,902130
9509678,104,21,9747,2018,15077.0,0.0,0.526015,2.448112,IND,BFA,902130
9509679,18,25,9747,2018,963.0,0.0,1.270641,1.201063,BEL,BHS,902130
9509680,39,25,9747,2018,5376.0,0.0,0.666822,1.218593,CAN,BHS,902130
9509681,41,25,9747,2018,12304.0,0.0,2.2324330000000003,0.7801560000000001,CHE,BHS,902130
9509682,61,25,9747,2018,132618.0,0.0,2.109059,-2.428826,DEU,BHS,902130
9509683,71,25,9747,2018,2936.0,0.0,0.744825,2.919005,ESP,BHS,902130
9509684,169,25,9747,2018,58907.0,0.0,0.104326,-0.11611800000000001,PAN,BHS,902130
9509685,231,25,9747,2018,6322.0,0.0,1.585861,0.44815900000000003,USA,BHS,902130
9509686,246,25,9747,2018,0.0,1346.0,0.158722,1.394829,ZAF,BHS,902130
9509687,231,29,9747,2018,538358.0,0.0,1.585861,0.44815900000000003,USA,BLZ,902130
9509688,61,37,9747,2018,15446.0,0.0,2.109059,-2.428826,DEU,BWA,902130
9509689,104,37,9747,2018,5660.0,0.0,0.526015,2.448112,IND,BWA,902130
9509690,162,37,9747,2018,21783.0,12535.0,1.1478899999999999,1.454758,NLD,BWA,902130
9509691,231,37,9747,2018,4387.0,0.0,1.585861,0.44815900000000003,USA,BWA,902130
9509692,246,37,9747,2018,88271.0,0.0,0.158722,1.394829,ZAF,BWA,902130
9509693,248,37,9747,2018,0.0,194679.0,-1.181524,-1.0648520000000001,ZWE,BWA,902130
9509694,18,44,9747,2018,8020.0,0.0,1.270641,1.201063,BEL,CIV,902130
9509695,61,44,9747,2018,175797.0,0.0,2.109059,-2.428826,DEU,CIV,902130
9509696,77,44,9747,2018,2653.0,0.0,1.420819,0.7793770000000001,FRA,CIV,902130
9509697,83,44,9747,2018,1511.0,0.0,-0.956109,-0.861556,GHA,CIV,902130
9509698,104,44,9747,2018,25998.0,0.0,0.526015,2.448112,IND,CIV,902130
9509699,121,44,9747,2018,1333.0,0.0,2.093866,0.764303,KOR,CIV,902130
9509700,134,44,9747,2018,5978.0,0.0,-0.712775,-0.090013,MAR,CIV,902130
9509701,246,44,9747,2018,31542.0,0.0,0.158722,1.394829,ZAF,CIV,902130
9509702,39,45,9747,2018,1145.0,0.0,0.666822,1.218593,CAN,CMR,902130
9509703,43,45,9747,2018,33526.0,0.0,1.200689,1.2822,CHN,CMR,902130
9509704,61,45,9747,2018,9342.0,0.0,2.109059,-2.428826,DEU,CMR,902130
9509705,71,45,9747,2018,2634.0,0.0,0.744825,2.919005,ESP,CMR,902130
9509706,104,45,9747,2018,76559.0,0.0,0.526015,2.448112,IND,CMR,902130
9509707,231,45,9747,2018,17974.0,0.0,1.585861,0.44815900000000003,USA,CMR,902130
9509708,61,46,9747,2018,2705.0,0.0,2.109059,-2.428826,DEU,COD,902130
9509709,104,46,9747,2018,9812.0,0.0,0.526015,2.448112,IND,COD,902130
9509710,162,46,9747,2018,22434.0,0.0,1.1478899999999999,1.454758,NLD,COD,902130
9509711,77,47,9747,2018,1154.0,0.0,1.420819,0.7793770000000001,FRA,COG,902130
9509712,104,47,9747,2018,5397.0,0.0,0.526015,2.448112,IND,COG,902130
9509713,179,51,9747,2018,13378.0,0.0,0.652628,2.211758,PRT,CPV,902130
9509714,32,54,9747,2018,477008.0,0.0,0.143397,0.582092,BRA,CUB,902130
9509715,39,54,9747,2018,7946.0,0.0,0.666822,1.218593,CAN,CUB,902130
9509716,61,54,9747,2018,265163.0,0.0,2.109059,-2.428826,DEU,CUB,902130
9509717,71,54,9747,2018,475019.0,0.0,0.744825,2.919005,ESP,CUB,902130
9509718,104,54,9747,2018,216399.0,0.0,0.526015,2.448112,IND,CUB,902130
9509719,111,54,9747,2018,897244.0,0.0,1.3602530000000002,0.453607,ITA,CUB,902130
9509720,162,54,9747,2018,4541.0,0.0,1.1478899999999999,1.454758,NLD,CUB,902130
9509721,180,54,9747,2018,102975.0,0.0,-0.614751,-0.952478,PRY,CUB,902130
9509722,231,54,9747,2018,17982.0,0.0,1.585861,0.44815900000000003,USA,CUB,902130
9509723,18,57,9747,2018,4624.0,0.0,1.270641,1.201063,BEL,CYM,902130
9509724,32,57,9747,2018,1000.0,0.0,0.143397,0.582092,BRA,CYM,902130
9509725,52,57,9747,2018,1296.0,0.0,0.19386,0.05811,CRI,CYM,902130
9509726,81,57,9747,2018,5327.0,0.0,1.693008,0.768159,GBR,CYM,902130
9509727,104,57,9747,2018,11862.0,0.0,0.526015,2.448112,IND,CYM,902130
9509728,162,57,9747,2018,63964.0,24330.0,1.1478899999999999,1.454758,NLD,CYM,902130
9509729,231,57,9747,2018,328808.0,0.0,1.585861,0.44815900000000003,USA,CYM,902130
9509730,61,62,9747,2018,77781.0,0.0,2.109059,-2.428826,DEU,DJI,902130
9509731,15,66,9747,2018,4466.0,0.0,1.774488,-0.21117800000000003,AUT,DZA,902130
9509732,18,66,9747,2018,327808.0,0.0,1.270641,1.201063,BEL,DZA,902130
9509733,32,66,9747,2018,72988.0,0.0,0.143397,0.582092,BRA,DZA,902130
9509734,41,66,9747,2018,184348.0,0.0,2.2324330000000003,0.7801560000000001,CHE,DZA,902130
9509735,43,66,9747,2018,10884.0,0.0,1.200689,1.2822,CHN,DZA,902130
9509736,61,66,9747,2018,59664.0,0.0,2.109059,-2.428826,DEU,DZA,902130
9509737,77,66,9747,2018,987054.0,0.0,1.420819,0.7793770000000001,FRA,DZA,902130
9509738,90,66,9747,2018,9022.0,0.0,0.059539999999999996,1.0321879999999999,GRC,DZA,902130
9509739,102,66,9747,2018,101834.0,0.0,1.519662,0.833092,HUN,DZA,902130
9509740,104,66,9747,2018,769346.0,0.0,0.526015,2.448112,IND,DZA,902130
9509741,106,66,9747,2018,17872.0,0.0,1.262419,0.013576,IRL,DZA,902130
9509742,111,66,9747,2018,300897.0,0.0,1.3602530000000002,0.453607,ITA,DZA,902130
9509743,162,66,9747,2018,2180863.0,0.0,1.1478899999999999,1.454758,NLD,DZA,902130
9509744,186,66,9747,2018,3600.0,0.0,0.21398000000000003,0.100414,RUS,DZA,902130
9509745,223,66,9747,2018,738426.0,0.0,0.259778,1.187194,TUN,DZA,902130
9509746,224,66,9747,2018,65543.0,0.0,0.518721,2.5581419999999997,TUR,DZA,902130
9509747,231,66,9747,2018,9060.0,0.0,1.585861,0.44815900000000003,USA,DZA,902130
9509748,249,66,9747,2018,28022.0,0.0,2.0462540000000002,1.166636,TWN,DZA,902130
9509749,77,80,9747,2018,5563.0,0.0,1.420819,0.7793770000000001,FRA,GAB,902130
9509750,104,80,9747,2018,11632.0,0.0,0.526015,2.448112,IND,GAB,902130
9509751,134,80,9747,2018,4248.0,0.0,-0.712775,-0.090013,MAR,GAB,902130
9509752,231,80,9747,2018,0.0,2234.0,1.585861,0.44815900000000003,USA,GAB,902130
9509753,41,83,9747,2018,3136.0,0.0,2.2324330000000003,0.7801560000000001,CHE,GHA,902130
9509754,43,83,9747,2018,24831.0,0.0,1.200689,1.2822,CHN,GHA,902130
9509755,44,83,9747,2018,0.0,1511.0,-0.8733569999999999,-0.8443139999999999,CIV,GHA,902130
9509756,61,83,9747,2018,7812.0,0.0,2.109059,-2.428826,DEU,GHA,902130
9509757,81,83,9747,2018,2600.0,0.0,1.693008,0.768159,GBR,GHA,902130
9509758,104,83,9747,2018,70260.0,0.0,0.526015,2.448112,IND,GHA,902130
9509759,162,83,9747,2018,10094.0,0.0,1.1478899999999999,1.454758,NLD,GHA,902130
9509760,224,83,9747,2018,7524.0,0.0,0.518721,2.5581419999999997,TUR,GHA,902130
9509761,231,83,9747,2018,5017.0,0.0,1.585861,0.44815900000000003,USA,GHA,902130
9509762,249,83,9747,2018,851.0,0.0,2.0462540000000002,1.166636,TWN,GHA,902130
9509763,71,84,9747,2018,84759.0,0.0,0.744825,2.919005,ESP,GIB,902130
9509764,77,84,9747,2018,2704.0,0.0,1.420819,0.7793770000000001,FRA,GIB,902130
9509765,81,84,9747,2018,1334.0,0.0,1.693008,0.768159,GBR,GIB,902130
9509766,106,84,9747,2018,1899.0,0.0,1.262419,0.013576,IRL,GIB,902130
9509767,61,85,9747,2018,5027.0,0.0,2.109059,-2.428826,DEU,GIN,902130
9509768,104,85,9747,2018,16663.0,0.0,0.526015,2.448112,IND,GIN,902130
9509769,71,89,9747,2018,1031.0,0.0,0.744825,2.919005,ESP,GNQ,902130
9509770,7,109,9747,2018,0.0,21141.0,0.11804400000000001,-0.326851,ARE,ISL,902130
9509771,8,109,9747,2018,0.0,324197.0,-0.14316800000000002,0.14356,ARG,ISL,902130
9509772,14,109,9747,2018,0.0,341486.0,-0.29687199999999997,-0.123116,AUS,ISL,902130
9509773,15,109,9747,2018,32483.0,0.0,1.774488,-0.21117800000000003,AUT,ISL,902130
9509774,16,109,9747,2018,0.0,37360.0,-1.144089,-1.224327,AZE,ISL,902130
9509775,18,109,9747,2018,163371.0,0.0,1.270641,1.201063,BEL,ISL,902130
9509776,26,109,9747,2018,0.0,83539.0,0.526392,0.742398,BIH,ISL,902130
9509777,32,109,9747,2018,0.0,1248154.0,0.143397,0.582092,BRA,ISL,902130
9509778,39,109,9747,2018,0.0,2358190.0,0.666822,1.218593,CAN,ISL,902130
9509779,41,109,9747,2018,8846.0,1272526.0,2.2324330000000003,0.7801560000000001,CHE,ISL,902130
9509780,42,109,9747,2018,0.0,23812.0,-0.37677,-0.49605299999999997,CHL,ISL,902130
9509781,43,109,9747,2018,14238.0,1761420.0,1.200689,1.2822,CHN,ISL,902130
9509782,59,109,9747,2018,0.0,456751.0,1.841016,0.220806,CZE,ISL,902130
9509783,61,109,9747,2018,47198.0,3852.0,2.109059,-2.428826,DEU,ISL,902130
9509784,64,109,9747,2018,6679.0,0.0,1.0945040000000001,1.3311540000000002,DNK,ISL,902130
9509785,67,109,9747,2018,0.0,9441.0,-0.873973,-1.032841,ECU,ISL,902130
9509786,71,109,9747,2018,818.0,0.0,0.744825,2.919005,ESP,ISL,902130
9509787,74,109,9747,2018,0.0,387057.0,1.61151,0.9474549999999999,FIN,ISL,902130
9509788,77,109,9747,2018,2430.0,0.0,1.420819,0.7793770000000001,FRA,ISL,902130
9509789,81,109,9747,2018,7544.0,2355.0,1.693008,0.768159,GBR,ISL,902130
9509790,102,109,9747,2018,27474.0,2622.0,1.519662,0.833092,HUN,ISL,902130
9509791,103,109,9747,2018,299.0,0.0,-0.10130499999999999,1.2414209999999999,IDN,ISL,902130
9509792,104,109,9747,2018,0.0,52119.0,0.526015,2.448112,IND,ISL,902130
9509793,106,109,9747,2018,4538.0,0.0,1.262419,0.013576,IRL,ISL,902130
9509794,110,109,9747,2018,0.0,249381.0,1.355071,0.872822,ISR,ISL,902130
9509795,114,109,9747,2018,7619.0,3636922.0,2.514533,-0.416074,JPN,ISL,902130
9509796,121,109,9747,2018,0.0,948.0,2.093866,0.764303,KOR,ISL,902130
9509797,122,109,9747,2018,0.0,1572.0,-0.668802,-1.154012,KWT,ISL,902130
9509798,134,109,9747,2018,0.0,12426.0,-0.712775,-0.090013,MAR,ISL,902130
9509799,138,109,9747,2018,95010.0,244413.0,1.00061,0.585759,MEX,ISL,902130
9509800,162,109,9747,2018,1105251.0,11083682.0,1.1478899999999999,1.454758,NLD,ISL,902130
9509801,163,109,9747,2018,1699.0,192399.0,0.681639,0.021762,NOR,ISL,902130
9509802,168,109,9747,2018,0.0,29402.0,-0.64348,0.665045,PAK,ISL,902130
9509803,173,109,9747,2018,0.0,18625.0,-0.6673060000000001,-0.183315,PER,ISL,902130
9509804,179,109,9747,2018,976.0,0.0,0.652628,2.211758,PRT,ISL,902130
9509805,186,109,9747,2018,0.0,1131487.0,0.21398000000000003,0.100414,RUS,ISL,902130
9509806,188,109,9747,2018,0.0,36542.0,0.5801810000000001,-0.447514,SAU,ISL,902130
9509807,192,109,9747,2018,790.0,65910.0,1.914132,0.652011,SGP,ISL,902130
9509808,206,109,9747,2018,0.0,1777.0,1.3270979999999999,0.877684,SVK,ISL,902130
9509809,207,109,9747,2018,0.0,162017.0,1.67428,0.7703800000000001,SVN,ISL,902130
9509810,208,109,9747,2018,232247.0,0.0,1.76361,0.766904,SWE,ISL,902130
9509811,216,109,9747,2018,0.0,1169.0,1.053177,1.4084969999999999,THA,ISL,902130
9509812,224,109,9747,2018,0.0,344606.0,0.518721,2.5581419999999997,TUR,ISL,902130
9509813,228,109,9747,2018,0.0,32604.0,0.337296,0.758675,UKR,ISL,902130
9509814,231,109,9747,2018,18199.0,15610856.0,1.585861,0.44815900000000003,USA,ISL,902130
9509815,239,109,9747,2018,0.0,6231.0,0.003069,0.9169729999999999,VNM,ISL,902130
9509816,246,109,9747,2018,0.0,180523.0,0.158722,1.394829,ZAF,ISL,902130
9509817,249,109,9747,2018,0.0,316368.0,2.0462540000000002,1.166636,TWN,ISL,902130
9509818,8,110,9747,2018,0.0,252994.0,-0.14316800000000002,0.14356,ARG,ISR,902130
9509819,9,110,9747,2018,0.0,13773.0,-0.330516,-0.604744,ARM,ISR,902130
9509820,14,110,9747,2018,9538.0,173028.0,-0.29687199999999997,-0.123116,AUS,ISR,902130
9509821,15,110,9747,2018,5480.0,2168.0,1.774488,-0.21117800000000003,AUT,ISR,902130
9509822,18,110,9747,2018,3857700.0,176665.0,1.270641,1.201063,BEL,ISR,902130
9509823,23,110,9747,2018,34897.0,88200.0,0.571226,1.836856,BGR,ISR,902130
9509824,28,110,9747,2018,0.0,1358.0,0.850089,0.8332870000000001,BLR,ISR,902130
9509825,32,110,9747,2018,9701.0,660458.0,0.143397,0.582092,BRA,ISR,902130
9509826,39,110,9747,2018,75332.0,5820.0,0.666822,1.218593,CAN,ISR,902130
9509827,41,110,9747,2018,3896184.0,388815.0,2.2324330000000003,0.7801560000000001,CHE,ISR,902130
9509828,42,110,9747,2018,0.0,52757.0,-0.37677,-0.49605299999999997,CHL,ISR,902130
9509829,43,110,9747,2018,11674.0,968405.0,1.200689,1.2822,CHN,ISR,902130
9509830,49,110,9747,2018,24811.0,151200.0,0.20431,-0.15273699999999998,COL,ISR,902130
9509831,52,110,9747,2018,78657.0,0.0,0.19386,0.05811,CRI,ISR,902130
9509832,58,110,9747,2018,0.0,54010.0,0.45442,-0.113303,CYP,ISR,902130
9509833,59,110,9747,2018,0.0,235837.0,1.841016,0.220806,CZE,ISR,902130
9509834,61,110,9747,2018,2976507.0,1205738.0,2.109059,-2.428826,DEU,ISR,902130
9509835,64,110,9747,2018,8627.0,2657.0,1.0945040000000001,1.3311540000000002,DNK,ISR,902130
9509836,65,110,9747,2018,0.0,52128.0,-0.084258,0.474872,DOM,ISR,902130
9509837,67,110,9747,2018,0.0,27863.0,-0.873973,-1.032841,ECU,ISR,902130
9509838,71,110,9747,2018,20285.0,554216.0,0.744825,2.919005,ESP,ISR,902130
9509839,72,110,9747,2018,0.0,5818.0,0.979986,1.2365899999999999,EST,ISR,902130
9509840,74,110,9747,2018,0.0,14781.0,1.61151,0.9474549999999999,FIN,ISR,902130
9509841,77,110,9747,2018,1759503.0,11751.0,1.420819,0.7793770000000001,FRA,ISR,902130
9509842,81,110,9747,2018,402792.0,162809.0,1.693008,0.768159,GBR,ISR,902130
9509843,82,110,9747,2018,0.0,33141.0,-0.049871,-0.28439899999999996,GEO,ISR,902130
9509844,90,110,9747,2018,7678.0,39468.0,0.059539999999999996,1.0321879999999999,GRC,ISR,902130
9509845,93,110,9747,2018,0.0,3721.0,-0.362668,0.520826,GTM,ISR,902130
9509846,97,110,9747,2018,6754.0,2944.0,0.843677,1.656073,HKG,ISR,902130
9509847,100,110,9747,2018,39647.0,0.0,0.7923720000000001,1.4047209999999999,HRV,ISR,902130
9509848,102,110,9747,2018,215283.0,63037.0,1.519662,0.833092,HUN,ISR,902130
9509849,104,110,9747,2018,75495.0,510594.0,0.526015,2.448112,IND,ISR,902130
9509850,106,110,9747,2018,160072.0,0.0,1.262419,0.013576,IRL,ISR,902130
9509851,109,110,9747,2018,249381.0,0.0,0.252338,-0.341319,ISL,ISR,902130
9509852,111,110,9747,2018,317296.0,581052.0,1.3602530000000002,0.453607,ITA,ISR,902130
9509853,114,110,9747,2018,7071.0,0.0,2.514533,-0.416074,JPN,ISR,902130
9509854,115,110,9747,2018,0.0,413814.0,-0.483862,-0.667417,KAZ,ISR,902130
9509855,117,110,9747,2018,12278.0,0.0,-0.141491,0.33161,KGZ,ISR,902130
9509856,121,110,9747,2018,14525.0,735588.0,2.093866,0.764303,KOR,ISR,902130
9509857,130,110,9747,2018,0.0,66537.0,0.964249,1.4050200000000002,LTU,ISR,902130
9509858,135,110,9747,2018,0.0,51739.0,-0.358412,-0.271334,MDA,ISR,902130
9509859,138,110,9747,2018,3952226.0,172915.0,1.00061,0.585759,MEX,ISR,902130
9509860,140,110,9747,2018,1111.0,70990.0,0.079976,-0.20256,MKD,ISR,902130
9509861,143,110,9747,2018,0.0,3198.0,-0.936467,-0.223413,MMR,ISR,902130
9509862,153,110,9747,2018,8002.0,20000.0,1.122976,0.734109,MYS,ISR,902130
9509863,162,110,9747,2018,21117522.0,826458.0,1.1478899999999999,1.454758,NLD,ISR,902130
9509864,163,110,9747,2018,7092.0,11393.0,0.681639,0.021762,NOR,ISR,902130
9509865,169,110,9747,2018,0.0,53000.0,0.104326,-0.11611800000000001,PAN,ISR,902130
9509866,173,110,9747,2018,0.0,26182.0,-0.6673060000000001,-0.183315,PER,ISR,902130
9509867,177,110,9747,2018,36544.0,186053.0,1.132475,1.258945,POL,ISR,902130
9509868,179,110,9747,2018,14488.0,6649.0,0.652628,2.211758,PRT,ISR,902130
9509869,180,110,9747,2018,0.0,2609.0,-0.614751,-0.952478,PRY,ISR,902130
9509870,181,110,9747,2018,5343.0,17941.0,0.096402,0.735946,PSE,ISR,902130
9509871,185,110,9747,2018,0.0,670944.0,1.050715,1.04471,ROU,ISR,902130
9509872,186,110,9747,2018,76438.0,9472517.0,0.21398000000000003,0.100414,RUS,ISR,902130
9509873,192,110,9747,2018,13360.0,15105.0,1.914132,0.652011,SGP,ISR,902130
9509874,201,110,9747,2018,1244.0,2442.0,0.607486,1.2139389999999999,SRB,ISR,902130
9509875,206,110,9747,2018,0.0,11103.0,1.3270979999999999,0.877684,SVK,ISR,902130
9509876,207,110,9747,2018,0.0,31651.0,1.67428,0.7703800000000001,SVN,ISR,902130
9509877,208,110,9747,2018,2302.0,0.0,1.76361,0.766904,SWE,ISR,902130
9509878,224,110,9747,2018,539992.0,104125.0,0.518721,2.5581419999999997,TUR,ISR,902130
9509879,228,110,9747,2018,1010.0,156416.0,0.337296,0.758675,UKR,ISR,902130
9509880,230,110,9747,2018,0.0,11248.0,-0.02056,-0.38911,URY,ISR,902130
9509881,231,110,9747,2018,1558150.0,26193270.0,1.585861,0.44815900000000003,USA,ISR,902130
9509882,239,110,9747,2018,0.0,165201.0,0.003069,0.9169729999999999,VNM,ISR,902130
9509883,246,110,9747,2018,0.0,223955.0,0.158722,1.394829,ZAF,ISR,902130
9509884,249,110,9747,2018,0.0,236212.0,2.0462540000000002,1.166636,TWN,ISR,902130
9509885,250,110,9747,2018,0.0,487000.0,0.809991,-0.368737,ANS,ISR,902130
9509886,41,123,9747,2018,19442.0,0.0,2.2324330000000003,0.7801560000000001,CHE,LAO,902130
9509887,43,123,9747,2018,26675.0,0.0,1.200689,1.2822,CHN,LAO,902130
9509888,64,123,9747,2018,723.0,0.0,1.0945040000000001,1.3311540000000002,DNK,LAO,902130
9509889,104,123,9747,2018,9732.0,0.0,0.526015,2.448112,IND,LAO,902130
9509890,121,123,9747,2018,21531.0,0.0,2.093866,0.764303,KOR,LAO,902130
9509891,192,123,9747,2018,113845.0,0.0,1.914132,0.652011,SGP,LAO,902130
9509892,216,123,9747,2018,129118.0,0.0,1.053177,1.4084969999999999,THA,LAO,902130
9509893,231,123,9747,2018,17851.0,0.0,1.585861,0.44815900000000003,USA,LAO,902130
9509894,239,123,9747,2018,7803.0,0.0,0.003069,0.9169729999999999,VNM,LAO,902130
9509895,104,125,9747,2018,7669.0,0.0,0.526015,2.448112,IND,LBR,902130
9509896,104,129,9747,2018,4552.0,0.0,0.526015,2.448112,IND,LSO,902130
9509897,246,129,9747,2018,2328.0,15825.0,0.158722,1.394829,ZAF,LSO,902130
9509898,43,133,9747,2018,4477.0,0.0,1.200689,1.2822,CHN,MAC,902130
9509899,61,133,9747,2018,972.0,0.0,2.109059,-2.428826,DEU,MAC,902130
9509900,77,133,9747,2018,21640.0,0.0,1.420819,0.7793770000000001,FRA,MAC,902130
9509901,81,133,9747,2018,20088.0,0.0,1.693008,0.768159,GBR,MAC,902130
9509902,97,133,9747,2018,1175585.0,0.0,0.843677,1.656073,HKG,MAC,902130
9509903,153,133,9747,2018,2326.0,0.0,1.122976,0.734109,MYS,MAC,902130
9509904,208,133,9747,2018,258.0,0.0,1.76361,0.766904,SWE,MAC,902130
9509905,231,133,9747,2018,532497.0,0.0,1.585861,0.44815900000000003,USA,MAC,902130
9509906,249,133,9747,2018,29703.0,0.0,2.0462540000000002,1.166636,TWN,MAC,902130
9509907,14,139,9747,2018,11972.0,0.0,-0.29687199999999997,-0.123116,AUS,MHL,902130
9509908,41,141,9747,2018,0.0,4603.0,2.2324330000000003,0.7801560000000001,CHE,MLI,902130
9509909,61,141,9747,2018,1800.0,0.0,2.109059,-2.428826,DEU,MLI,902130
9509910,77,141,9747,2018,6435.0,0.0,1.420819,0.7793770000000001,FRA,MLI,902130
9509911,104,141,9747,2018,29089.0,0.0,0.526015,2.448112,IND,MLI,902130
9509912,15,142,9747,2018,1140.0,0.0,1.774488,-0.21117800000000003,AUT,MLT,902130
9509913,18,142,9747,2018,85745.0,0.0,1.270641,1.201063,BEL,MLT,902130
9509914,41,142,9747,2018,26347.0,0.0,2.2324330000000003,0.7801560000000001,CHE,MLT,902130
9509915,59,142,9747,2018,38279.0,0.0,1.841016,0.220806,CZE,MLT,902130
9509916,61,142,9747,2018,133303.0,0.0,2.109059,-2.428826,DEU,MLT,902130
9509917,64,142,9747,2018,0.0,998.0,1.0945040000000001,1.3311540000000002,DNK,MLT,902130
9509918,71,142,9747,2018,3875.0,0.0,0.744825,2.919005,ESP,MLT,902130
9509919,77,142,9747,2018,129460.0,33063.0,1.420819,0.7793770000000001,FRA,MLT,902130
9509920,81,142,9747,2018,197580.0,0.0,1.693008,0.768159,GBR,MLT,902130
9509921,90,142,9747,2018,0.0,11352.0,0.059539999999999996,1.0321879999999999,GRC,MLT,902130
9509922,106,142,9747,2018,16414.0,0.0,1.262419,0.013576,IRL,MLT,902130
9509923,111,142,9747,2018,219881.0,0.0,1.3602530000000002,0.453607,ITA,MLT,902130
9509924,162,142,9747,2018,1287649.0,23686.0,1.1478899999999999,1.454758,NLD,MLT,902130
9509925,207,142,9747,2018,15782.0,0.0,1.67428,0.7703800000000001,SVN,MLT,902130
9509926,208,142,9747,2018,3203.0,0.0,1.76361,0.766904,SWE,MLT,902130
9509927,231,142,9747,2018,17959.0,36243.0,1.585861,0.44815900000000003,USA,MLT,902130
9509928,43,148,9747,2018,47353.0,0.0,1.200689,1.2822,CHN,MRT,902130
9509929,77,148,9747,2018,7128.0,0.0,1.420819,0.7793770000000001,FRA,MRT,902130
9509930,104,148,9747,2018,47610.0,0.0,0.526015,2.448112,IND,MRT,902130
9509931,111,148,9747,2018,2936.0,0.0,1.3602530000000002,0.453607,ITA,MRT,902130
9509932,223,148,9747,2018,55206.0,0.0,0.259778,1.187194,TUN,MRT,902130
9509933,61,155,9747,2018,37340.0,3343.0,2.109059,-2.428826,DEU,NAM,902130
9509934,77,155,9747,2018,3189.0,0.0,1.420819,0.7793770000000001,FRA,NAM,902130
9509935,81,155,9747,2018,1785.0,0.0,1.693008,0.768159,GBR,NAM,902130
9509936,104,155,9747,2018,40320.0,0.0,0.526015,2.448112,IND,NAM,902130
9509937,192,155,9747,2018,0.0,1111.0,1.914132,0.652011,SGP,NAM,902130
9509938,231,155,9747,2018,9724.0,0.0,1.585861,0.44815900000000003,USA,NAM,902130
9509939,246,155,9747,2018,392653.0,18682.0,0.158722,1.394829,ZAF,NAM,902130
9509940,43,178,9747,2018,67145.0,0.0,1.200689,1.2822,CHN,PRK,902130
9509941,104,178,9747,2018,37043.0,0.0,0.526015,2.448112,IND,PRK,902130
9509942,168,178,9747,2018,0.0,4028.0,-0.64348,0.665045,PAK,PRK,902130
9509943,18,183,9747,2018,298590.0,0.0,1.270641,1.201063,BEL,QAT,902130
9509944,41,183,9747,2018,4157.0,0.0,2.2324330000000003,0.7801560000000001,CHE,QAT,902130
9509945,43,183,9747,2018,28806.0,0.0,1.200689,1.2822,CHN,QAT,902130
9509946,52,183,9747,2018,14759.0,0.0,0.19386,0.05811,CRI,QAT,902130
9509947,61,183,9747,2018,113432.0,0.0,2.109059,-2.428826,DEU,QAT,902130
9509948,77,183,9747,2018,55694.0,0.0,1.420819,0.7793770000000001,FRA,QAT,902130
9509949,81,183,9747,2018,52720.0,0.0,1.693008,0.768159,GBR,QAT,902130
9509950,106,183,9747,2018,459135.0,0.0,1.262419,0.013576,IRL,QAT,902130
9509951,111,183,9747,2018,77062.0,0.0,1.3602530000000002,0.453607,ITA,QAT,902130
9509952,122,183,9747,2018,17682.0,0.0,-0.668802,-1.154012,KWT,QAT,902130
9509953,138,183,9747,2018,443890.0,0.0,1.00061,0.585759,MEX,QAT,902130
9509954,162,183,9747,2018,2184945.0,10297.0,1.1478899999999999,1.454758,NLD,QAT,902130
9509955,167,183,9747,2018,19418.0,29616.0,-0.548048,-0.9972989999999999,OMN,QAT,902130
9509956,224,183,9747,2018,223933.0,0.0,0.518721,2.5581419999999997,TUR,QAT,902130
9509957,231,183,9747,2018,9989.0,0.0,1.585861,0.44815900000000003,USA,QAT,902130
9509958,43,196,9747,2018,6939.0,0.0,1.200689,1.2822,CHN,SLE,902130
9509959,104,196,9747,2018,1425.0,0.0,0.526015,2.448112,IND,SLE,902130
9509960,111,196,9747,2018,6657.0,0.0,1.3602530000000002,0.453607,ITA,SLE,902130
9509961,179,203,9747,2018,7395.0,0.0,0.652628,2.211758,PRT,STP,902130
9509962,61,211,9747,2018,1203.0,0.0,2.109059,-2.428826,DEU,SYC,902130
9509963,104,211,9747,2018,3721.0,0.0,0.526015,2.448112,IND,SYC,902130
9509964,151,211,9747,2018,73787.0,3410.0,-0.128221,0.15049400000000002,MUS,SYC,902130
9509965,190,213,9747,2018,0.0,5836.0,-1.278532,-1.176008,SDN,TCA,902130
9509966,77,214,9747,2018,1548.0,0.0,1.420819,0.7793770000000001,FRA,TCD,902130
9509967,104,214,9747,2018,10449.0,0.0,0.526015,2.448112,IND,TCD,902130
9509968,43,215,9747,2018,1891.0,0.0,1.200689,1.2822,CHN,TGO,902130
9509969,61,215,9747,2018,11399.0,0.0,2.109059,-2.428826,DEU,TGO,902130
9509970,77,215,9747,2018,7316.0,0.0,1.420819,0.7793770000000001,FRA,TGO,902130
9509971,104,215,9747,2018,2986.0,0.0,0.526015,2.448112,IND,TGO,902130
9509972,246,215,9747,2018,13198.0,0.0,0.158722,1.394829,ZAF,TGO,902130
9509973,246,218,9747,2018,0.0,2317.0,0.158722,1.394829,ZAF,TKL,902130
9509974,247,218,9747,2018,0.0,19007.0,-0.736064,-0.93958,ZMB,TKL,902130
9509975,104,220,9747,2018,3702.0,0.0,0.526015,2.448112,IND,TLS,902130
9509976,41,226,9747,2018,12226.0,0.0,2.2324330000000003,0.7801560000000001,CHE,TZA,902130
9509977,43,226,9747,2018,11185.0,0.0,1.200689,1.2822,CHN,TZA,902130
9509978,61,226,9747,2018,19289.0,0.0,2.109059,-2.428826,DEU,TZA,902130
9509979,104,226,9747,2018,119953.0,0.0,0.526015,2.448112,IND,TZA,902130
9509980,162,226,9747,2018,68015.0,0.0,1.1478899999999999,1.454758,NLD,TZA,902130
9509981,224,226,9747,2018,1278.0,0.0,0.518721,2.5581419999999997,TUR,TZA,902130
9509982,231,226,9747,2018,4593.0,0.0,1.585861,0.44815900000000003,USA,TZA,902130
9509983,246,226,9747,2018,11064.0,0.0,0.158722,1.394829,ZAF,TZA,902130
9509984,23,227,9747,2018,1464.0,0.0,0.571226,1.836856,BGR,UGA,902130
9509985,41,227,9747,2018,53730.0,0.0,2.2324330000000003,0.7801560000000001,CHE,UGA,902130
9509986,43,227,9747,2018,1892.0,0.0,1.200689,1.2822,CHN,UGA,902130
9509987,61,227,9747,2018,20530.0,0.0,2.109059,-2.428826,DEU,UGA,902130
9509988,81,227,9747,2018,7435.0,0.0,1.693008,0.768159,GBR,UGA,902130
9509989,104,227,9747,2018,77449.0,0.0,0.526015,2.448112,IND,UGA,902130
9509990,111,227,9747,2018,1514.0,0.0,1.3602530000000002,0.453607,ITA,UGA,902130
9509991,162,227,9747,2018,33427.0,0.0,1.1478899999999999,1.454758,NLD,UGA,902130
9509992,231,227,9747,2018,597801.0,311010.0,1.585861,0.44815900000000003,USA,UGA,902130
9509993,247,227,9747,2018,0.0,1175.0,-0.736064,-0.93958,ZMB,UGA,902130
9509994,33,234,9747,2018,4482.0,0.0,0.487166,-0.129388,BRB,VCT,902130
9509995,231,234,9747,2018,23836.0,0.0,1.585861,0.44815900000000003,USA,VCT,902130
9509996,14,240,9747,2018,3469.0,0.0,-0.29687199999999997,-0.123116,AUS,VUT,902130
9509997,104,240,9747,2018,3785.0,0.0,0.526015,2.448112,IND,VUT,902130
9509998,39,247,9747,2018,1831.0,0.0,0.666822,1.218593,CAN,ZMB,902130
