11899999,250,223,7488,2017,477174.0,0.0,0.72523,-0.205046,ANS,TUN,551622
11900000,43,232,7488,2017,1034844.0,0.0,1.1127790000000002,1.56869,CHN,UZB,551622
11900001,224,232,7488,2017,6673.0,0.0,0.541611,2.405872,TUR,UZB,551622
11900002,15,22,7488,2017,0.0,1149.0,1.728623,-0.031045999999999997,AUT,BGD,551622
11900003,43,22,7488,2017,9068747.0,0.0,1.1127790000000002,1.56869,CHN,BGD,551622
11900004,103,22,7488,2017,27453.0,0.0,-0.23641700000000002,1.188173,IDN,BGD,551622
11900005,104,22,7488,2017,2070960.0,0.0,0.290576,2.726391,IND,BGD,551622
11900006,114,22,7488,2017,21767.0,0.0,2.4510419999999997,-0.277357,JPN,BGD,551622
11900007,121,22,7488,2017,2482552.0,0.0,2.011263,0.783215,KOR,BGD,551622
11900008,224,22,7488,2017,75655.0,0.0,0.541611,2.405872,TUR,BGD,551622
11900009,249,22,7488,2017,5632186.0,0.0,2.0548290000000002,1.2552969999999999,TWN,BGD,551622
11900010,43,66,7488,2017,373302.0,0.0,1.1127790000000002,1.56869,CHN,DZA,551622
11900011,43,73,7488,2017,112191.0,0.0,1.1127790000000002,1.56869,CHN,ETH,551622
11900012,104,73,7488,2017,5580.0,0.0,0.290576,2.726391,IND,ETH,551622
11900013,7,148,7488,2017,64096.0,0.0,0.210477,0.02557,ARE,MRT,551622
11900014,43,148,7488,2017,170360.0,0.0,1.1127790000000002,1.56869,CHN,MRT,551622
11900015,97,151,7488,2017,881.0,0.0,0.824982,1.7162220000000001,HKG,MUS,551622
11900016,104,151,7488,2017,1759.0,0.0,0.290576,2.726391,IND,MUS,551622
11900017,121,151,7488,2017,4874.0,0.0,2.011263,0.783215,KOR,MUS,551622
11900018,43,167,7488,2017,956312.0,0.0,1.1127790000000002,1.56869,CHN,OMN,551622
11900019,43,178,7488,2017,704545.0,24436.0,1.1127790000000002,1.56869,CHN,PRK,551622
11900020,43,209,7488,2017,29738.0,0.0,1.1127790000000002,1.56869,CHN,SWZ,551622
11900021,104,209,7488,2017,858.0,0.0,0.290576,2.726391,IND,SWZ,551622
11900022,121,209,7488,2017,1018.0,0.0,2.011263,0.783215,KOR,SWZ,551622
11900023,249,209,7488,2017,20050.0,0.0,2.0548290000000002,1.2552969999999999,TWN,SWZ,551622
11900024,224,219,7488,2017,3277.0,0.0,0.541611,2.405872,TUR,TKM,551622
11900025,39,239,7488,2017,15468.0,0.0,0.73897,1.206402,CAN,VNM,551622
11900026,42,239,7488,2017,87898.0,0.0,-0.378693,-0.492983,CHL,VNM,551622
11900027,43,239,7488,2017,522676992.0,18631.0,1.1127790000000002,1.56869,CHN,VNM,551622
11900028,68,239,7488,2017,0.0,21629.0,-0.073436,1.829121,EGY,VNM,551622
11900029,77,239,7488,2017,10860.0,0.0,1.398427,0.894732,FRA,VNM,551622
11900030,93,239,7488,2017,0.0,37948.0,-0.418538,0.557454,GTM,VNM,551622
11900031,97,239,7488,2017,2127.0,1502.0,0.824982,1.7162220000000001,HKG,VNM,551622
11900032,104,239,7488,2017,42862.0,0.0,0.290576,2.726391,IND,VNM,551622
11900033,111,239,7488,2017,64500.0,0.0,1.34395,0.577693,ITA,VNM,551622
11900034,114,239,7488,2017,585739.0,0.0,2.4510419999999997,-0.277357,JPN,VNM,551622
11900035,121,239,7488,2017,3466210.0,5533.0,2.011263,0.783215,KOR,VNM,551622
11900036,128,239,7488,2017,0.0,6508.0,-0.46442799999999995,0.472132,LKA,VNM,551622
11900037,153,239,7488,2017,9795.0,0.0,1.0110139999999999,0.6840729999999999,MYS,VNM,551622
11900038,192,239,7488,2017,0.0,52421.0,1.884166,0.37903600000000004,SGP,VNM,551622
11900039,216,239,7488,2017,114228.0,0.0,0.983977,1.3926020000000001,THA,VNM,551622
11900040,224,239,7488,2017,64848.0,0.0,0.541611,2.405872,TUR,VNM,551622
11900041,231,239,7488,2017,3001.0,0.0,1.601478,0.277271,USA,VNM,551622
11900042,249,239,7488,2017,1917094.0,0.0,2.0548290000000002,1.2552969999999999,TWN,VNM,551622
11900043,61,9,7488,2017,1215.0,0.0,2.1149459999999998,-2.525372,DEU,ARM,551622
11900044,111,9,7488,2017,2098.0,0.0,1.34395,0.577693,ITA,ARM,551622
11900045,7,108,7488,2017,133331.0,0.0,0.210477,0.02557,ARE,IRQ,551622
11900046,43,108,7488,2017,102319.0,0.0,1.1127790000000002,1.56869,CHN,IRQ,551622
11900047,216,108,7488,2017,117149.0,0.0,0.983977,1.3926020000000001,THA,IRQ,551622
11900048,43,126,7488,2017,146790.0,0.0,1.1127790000000002,1.56869,CHN,LBY,551622
11900049,71,126,7488,2017,3451.0,0.0,0.734342,2.8180099999999997,ESP,LBY,551622
11900050,224,126,7488,2017,1897.0,0.0,0.541611,2.405872,TUR,LBY,551622
11900051,15,140,7488,2017,20782.0,0.0,1.728623,-0.031045999999999997,AUT,MKD,551622
11900052,18,140,7488,2017,2688.0,1474.0,1.292657,1.19571,BEL,MKD,551622
11900053,23,140,7488,2017,81967.0,0.0,0.557843,1.7221119999999999,BGR,MKD,551622
11900054,43,140,7488,2017,73665.0,0.0,1.1127790000000002,1.56869,CHN,MKD,551622
11900055,61,140,7488,2017,1149606.0,6961.0,2.1149459999999998,-2.525372,DEU,MKD,551622
11900056,71,140,7488,2017,3949.0,0.0,0.734342,2.8180099999999997,ESP,MKD,551622
11900057,77,140,7488,2017,70997.0,2073.0,1.398427,0.894732,FRA,MKD,551622
11900058,81,140,7488,2017,18673.0,0.0,1.6883119999999998,0.8347469999999999,GBR,MKD,551622
11900059,90,140,7488,2017,11084.0,0.0,0.154098,1.151038,GRC,MKD,551622
11900060,102,140,7488,2017,56980.0,0.0,1.4886270000000001,0.845986,HUN,MKD,551622
11900061,111,140,7488,2017,10045.0,0.0,1.34395,0.577693,ITA,MKD,551622
11900062,132,140,7488,2017,100456.0,0.0,0.684555,1.3208030000000002,LVA,MKD,551622
11900063,162,140,7488,2017,28594.0,0.0,1.146959,1.470869,NLD,MKD,551622
11900064,206,140,7488,2017,1673.0,0.0,1.279606,0.85503,SVK,MKD,551622
11900065,224,140,7488,2017,1153828.0,27754.0,0.541611,2.405872,TUR,MKD,551622
11900066,249,140,7488,2017,51896.0,0.0,2.0548290000000002,1.2552969999999999,TWN,MKD,551622
11900067,104,1,7488,2017,1053640.0,0.0,0.290576,2.726391,IND,AFG,551622
11900068,121,1,7488,2017,16364.0,0.0,2.011263,0.783215,KOR,AFG,551622
11900069,61,4,7488,2017,90216.0,0.0,2.1149459999999998,-2.525372,DEU,ALB,551622
11900070,90,4,7488,2017,14253.0,0.0,0.154098,1.151038,GRC,ALB,551622
11900071,111,4,7488,2017,5251.0,0.0,1.34395,0.577693,ITA,ALB,551622
11900072,71,75,7488,2017,16903.0,0.0,0.734342,2.8180099999999997,ESP,FJI,551622
11900073,121,75,7488,2017,16273.0,0.0,2.011263,0.783215,KOR,FJI,551622
11900074,114,123,7488,2017,414189.0,0.0,2.4510419999999997,-0.277357,JPN,LAO,551622
11900075,216,123,7488,2017,6623.0,0.0,0.983977,1.3926020000000001,THA,LAO,551622
11900076,249,123,7488,2017,2847.0,0.0,2.0548290000000002,1.2552969999999999,TWN,LAO,551622
11900077,43,133,7488,2017,232374.0,0.0,1.1127790000000002,1.56869,CHN,MAC,551622
11900078,43,164,7488,2017,8999.0,0.0,1.1127790000000002,1.56869,CHN,NPL,551622
11900079,43,212,7488,2017,3646580.0,0.0,1.1127790000000002,1.56869,CHN,SYR,551622
11900080,224,212,7488,2017,75199.0,0.0,0.541611,2.405872,TUR,SYR,551622
11900081,43,242,7488,2017,9297.0,0.0,1.1127790000000002,1.56869,CHN,WSM,551622
11900082,18,7,7496,2017,7402.0,0.0,1.292657,1.19571,BEL,ARE,551642
11900083,43,7,7496,2017,143565.0,0.0,1.1127790000000002,1.56869,CHN,ARE,551642
11900084,71,7,7496,2017,5204.0,0.0,0.734342,2.8180099999999997,ESP,ARE,551642
11900085,77,7,7496,2017,12795.0,0.0,1.398427,0.894732,FRA,ARE,551642
11900086,104,7,7496,2017,154769.0,7012.0,0.290576,2.726391,IND,ARE,551642
11900087,107,7,7496,2017,0.0,49502.0,-0.361292,-0.361813,IRN,ARE,551642
11900088,111,7,7496,2017,3188.0,0.0,1.34395,0.577693,ITA,ARE,551642
11900089,114,7,7496,2017,3675.0,0.0,2.4510419999999997,-0.277357,JPN,ARE,551642
11900090,167,7,7496,2017,0.0,124118.0,-0.347684,-0.884569,OMN,ARE,551642
11900091,211,7,7496,2017,0.0,1099.0,0.41946000000000006,-0.523274,SYC,ARE,551642
11900092,32,8,7496,2017,9523.0,0.0,0.145224,0.483461,BRA,ARG,551642
11900093,43,8,7496,2017,73793.0,0.0,1.1127790000000002,1.56869,CHN,ARG,551642
11900094,77,8,7496,2017,0.0,2590.0,1.398427,0.894732,FRA,ARG,551642
11900095,111,8,7496,2017,10215.0,0.0,1.34395,0.577693,ITA,ARG,551642
11900096,224,8,7496,2017,9260.0,0.0,0.541611,2.405872,TUR,ARG,551642
11900097,18,15,7496,2017,0.0,1540.0,1.292657,1.19571,BEL,AUT,551642
11900098,23,15,7496,2017,0.0,24366.0,0.557843,1.7221119999999999,BGR,AUT,551642
11900099,59,15,7496,2017,0.0,3186.0,1.7715130000000001,0.359668,CZE,AUT,551642
11900100,61,15,7496,2017,15152.0,14959.0,2.1149459999999998,-2.525372,DEU,AUT,551642
11900101,71,15,7496,2017,16696.0,951.0,0.734342,2.8180099999999997,ESP,AUT,551642
11900102,77,15,7496,2017,19070.0,0.0,1.398427,0.894732,FRA,AUT,551642
11900103,81,15,7496,2017,5209.0,0.0,1.6883119999999998,0.8347469999999999,GBR,AUT,551642
11900104,102,15,7496,2017,0.0,21486.0,1.4886270000000001,0.845986,HUN,AUT,551642
11900105,111,15,7496,2017,14468.0,0.0,1.34395,0.577693,ITA,AUT,551642
11900106,135,15,7496,2017,0.0,1551.0,-0.24909,-0.181213,MDA,AUT,551642
11900107,177,15,7496,2017,0.0,1206.0,1.197417,1.092716,POL,AUT,551642
11900108,185,15,7496,2017,0.0,9508.0,1.05479,0.9842219999999999,ROU,AUT,551642
11900109,186,15,7496,2017,0.0,6003.0,0.32885,0.288392,RUS,AUT,551642
11900110,206,15,7496,2017,0.0,2448.0,1.279606,0.85503,SVK,AUT,551642
11900111,224,15,7496,2017,3302.0,10255.0,0.541611,2.405872,TUR,AUT,551642
11900112,231,15,7496,2017,1423.0,0.0,1.601478,0.277271,USA,AUT,551642
11900113,7,18,7496,2017,0.0,7402.0,0.210477,0.02557,ARE,BEL,551642
11900114,15,18,7496,2017,1540.0,0.0,1.728623,-0.031045999999999997,AUT,BEL,551642
11900115,39,18,7496,2017,0.0,8747.0,0.73897,1.206402,CAN,BEL,551642
11900116,61,18,7496,2017,7246.0,265288.0,2.1149459999999998,-2.525372,DEU,BEL,551642
11900117,71,18,7496,2017,11700.0,0.0,0.734342,2.8180099999999997,ESP,BEL,551642
11900118,77,18,7496,2017,42045.0,70685.0,1.398427,0.894732,FRA,BEL,551642
11900119,81,18,7496,2017,2140.0,0.0,1.6883119999999998,0.8347469999999999,GBR,BEL,551642
11900120,97,18,7496,2017,0.0,5984.0,0.824982,1.7162220000000001,HKG,BEL,551642
11900121,104,18,7496,2017,7164.0,0.0,0.290576,2.726391,IND,BEL,551642
11900122,111,18,7496,2017,53724.0,0.0,1.34395,0.577693,ITA,BEL,551642
11900123,134,18,7496,2017,0.0,31826.0,-0.757236,-0.065347,MAR,BEL,551642
11900124,135,18,7496,2017,0.0,46207.0,-0.24909,-0.181213,MDA,BEL,551642
11900125,162,18,7496,2017,0.0,3202.0,1.146959,1.470869,NLD,BEL,551642
11900126,166,18,7496,2017,0.0,3058.0,0.25651199999999996,0.132996,NZL,BEL,551642
11900127,177,18,7496,2017,0.0,203632.0,1.197417,1.092716,POL,BEL,551642
11900128,179,18,7496,2017,3570.0,0.0,0.527046,2.264624,PRT,BEL,551642
11900129,185,18,7496,2017,0.0,16310.0,1.05479,0.9842219999999999,ROU,BEL,551642
11900130,223,18,7496,2017,0.0,4740.0,0.224119,0.961772,TUN,BEL,551642
11900131,224,18,7496,2017,0.0,1952.0,0.541611,2.405872,TUR,BEL,551642
11900132,228,18,7496,2017,0.0,20320.0,0.461109,0.7826569999999999,UKR,BEL,551642
11900133,231,18,7496,2017,0.0,15456.0,1.601478,0.277271,USA,BEL,551642
11900134,15,23,7496,2017,24366.0,0.0,1.728623,-0.031045999999999997,AUT,BGR,551642
11900135,28,23,7496,2017,0.0,1597.0,0.8115829999999999,0.8323459999999999,BLR,BGR,551642
11900136,43,23,7496,2017,11113.0,0.0,1.1127790000000002,1.56869,CHN,BGR,551642
11900137,59,23,7496,2017,5507.0,0.0,1.7715130000000001,0.359668,CZE,BGR,551642
11900138,61,23,7496,2017,24165.0,1052.0,2.1149459999999998,-2.525372,DEU,BGR,551642
11900139,77,23,7496,2017,644918.0,4901.0,1.398427,0.894732,FRA,BGR,551642
11900140,90,23,7496,2017,7889.0,16953.0,0.154098,1.151038,GRC,BGR,551642
11900141,111,23,7496,2017,48313.0,11089.0,1.34395,0.577693,ITA,BGR,551642
11900142,114,23,7496,2017,16775.0,0.0,2.4510419999999997,-0.277357,JPN,BGR,551642
11900143,177,23,7496,2017,20475.0,31162.0,1.197417,1.092716,POL,BGR,551642
11900144,186,23,7496,2017,0.0,2138.0,0.32885,0.288392,RUS,BGR,551642
11900145,224,23,7496,2017,55132.0,0.0,0.541611,2.405872,TUR,BGR,551642
11900146,228,23,7496,2017,0.0,5601.0,0.461109,0.7826569999999999,UKR,BGR,551642
11900147,8,32,7496,2017,0.0,9523.0,-0.120753,0.233375,ARG,BRA,551642
11900148,43,32,7496,2017,130798.0,0.0,1.1127790000000002,1.56869,CHN,BRA,551642
11900149,81,32,7496,2017,6486.0,0.0,1.6883119999999998,0.8347469999999999,GBR,BRA,551642
11900150,111,32,7496,2017,8568.0,0.0,1.34395,0.577693,ITA,BRA,551642
11900151,231,32,7496,2017,0.0,10838.0,1.601478,0.277271,USA,BRA,551642
11900152,18,39,7496,2017,8747.0,0.0,1.292657,1.19571,BEL,CAN,551642
11900153,43,39,7496,2017,23352.0,0.0,1.1127790000000002,1.56869,CHN,CAN,551642
11900154,61,39,7496,2017,1591.0,0.0,2.1149459999999998,-2.525372,DEU,CAN,551642
11900155,77,39,7496,2017,5950.0,0.0,1.398427,0.894732,FRA,CAN,551642
11900156,81,39,7496,2017,6172.0,0.0,1.6883119999999998,0.8347469999999999,GBR,CAN,551642
11900157,90,39,7496,2017,1735.0,0.0,0.154098,1.151038,GRC,CAN,551642
11900158,104,39,7496,2017,17080.0,0.0,0.290576,2.726391,IND,CAN,551642
11900159,111,39,7496,2017,26149.0,0.0,1.34395,0.577693,ITA,CAN,551642
11900160,121,39,7496,2017,1167.0,0.0,2.011263,0.783215,KOR,CAN,551642
11900161,216,39,7496,2017,1702.0,0.0,0.983977,1.3926020000000001,THA,CAN,551642
11900162,224,39,7496,2017,19779.0,0.0,0.541611,2.405872,TUR,CAN,551642
11900163,231,39,7496,2017,318591.0,29246.0,1.601478,0.277271,USA,CAN,551642
11900164,239,39,7496,2017,0.0,11345.0,-0.009819,0.686429,VNM,CAN,551642
11900165,61,41,7496,2017,26836.0,16218.0,2.1149459999999998,-2.525372,DEU,CHE,551642
11900166,71,41,7496,2017,3259.0,0.0,0.734342,2.8180099999999997,ESP,CHE,551642
11900167,77,41,7496,2017,20979.0,0.0,1.398427,0.894732,FRA,CHE,551642
11900168,81,41,7496,2017,2730.0,0.0,1.6883119999999998,0.8347469999999999,GBR,CHE,551642
11900169,102,41,7496,2017,0.0,10087.0,1.4886270000000001,0.845986,HUN,CHE,551642
11900170,111,41,7496,2017,8589.0,0.0,1.34395,0.577693,ITA,CHE,551642
11900171,231,41,7496,2017,0.0,75016.0,1.601478,0.277271,USA,CHE,551642
11900172,31,42,7496,2017,0.0,235468.0,-1.158425,-1.076242,BOL,CHL,551642
11900173,43,42,7496,2017,593794.0,0.0,1.1127790000000002,1.56869,CHN,CHL,551642
11900174,77,42,7496,2017,3384.0,0.0,1.398427,0.894732,FRA,CHL,551642
11900175,104,42,7496,2017,2409.0,0.0,0.290576,2.726391,IND,CHL,551642
11900176,111,42,7496,2017,2026.0,0.0,1.34395,0.577693,ITA,CHL,551642
11900177,168,42,7496,2017,2555.0,0.0,-0.698561,0.43523500000000004,PAK,CHL,551642
11900178,7,43,7496,2017,0.0,143565.0,0.210477,0.02557,ARE,CHN,551642
11900179,8,43,7496,2017,0.0,73793.0,-0.120753,0.233375,ARG,CHN,551642
11900180,14,43,7496,2017,0.0,28553.0,-0.42427200000000004,-0.152921,AUS,CHN,551642
11900181,19,43,7496,2017,0.0,95784.0,-0.755027,-0.796864,BEN,CHN,551642
11900182,22,43,7496,2017,0.0,1505976.0,-1.016251,-0.987654,BGD,CHN,551642
11900183,23,43,7496,2017,0.0,11113.0,0.557843,1.7221119999999999,BGR,CHN,551642
11900184,24,43,7496,2017,0.0,4804.0,0.485479,-0.5348890000000001,BHR,CHN,551642
11900185,28,43,7496,2017,0.0,46191.0,0.8115829999999999,0.8323459999999999,BLR,CHN,551642
11900186,31,43,7496,2017,0.0,20703.0,-1.158425,-1.076242,BOL,CHN,551642
11900187,32,43,7496,2017,0.0,130798.0,0.145224,0.483461,BRA,CHN,551642
11900188,37,43,7496,2017,0.0,12655.0,-0.593754,-1.166742,BWA,CHN,551642
11900189,39,43,7496,2017,0.0,23352.0,0.73897,1.206402,CAN,CHN,551642
11900190,42,43,7496,2017,0.0,593794.0,-0.378693,-0.492983,CHL,CHN,551642
11900191,49,43,7496,2017,0.0,81513.0,0.208096,-0.17644300000000002,COL,CHN,551642
11900192,52,43,7496,2017,0.0,16526.0,0.288642,-0.056219000000000005,CRI,CHN,551642
11900193,61,43,7496,2017,0.0,339878.0,2.1149459999999998,-2.525372,DEU,CHN,551642
11900194,64,43,7496,2017,0.0,4629.0,1.159753,1.233914,DNK,CHN,551642
11900195,66,43,7496,2017,0.0,24076.0,-0.9905579999999999,-1.1996200000000001,DZA,CHN,551642
11900196,67,43,7496,2017,0.0,4523.0,-0.9995850000000001,-1.086367,ECU,CHN,551642
11900197,68,43,7496,2017,0.0,3050.0,-0.073436,1.829121,EGY,CHN,551642
11900198,71,43,7496,2017,90319.0,144421.0,0.734342,2.8180099999999997,ESP,CHN,551642
11900199,75,43,7496,2017,0.0,6320.0,-0.278276,-0.033997,FJI,CHN,551642
11900200,77,43,7496,2017,15285.0,1057156.0,1.398427,0.894732,FRA,CHN,551642
11900201,81,43,7496,2017,5932.0,0.0,1.6883119999999998,0.8347469999999999,GBR,CHN,551642
11900202,90,43,7496,2017,1459.0,0.0,0.154098,1.151038,GRC,CHN,551642
11900203,93,43,7496,2017,0.0,36252.0,-0.418538,0.557454,GTM,CHN,551642
11900204,97,43,7496,2017,14512.0,1667592.0,0.824982,1.7162220000000001,HKG,CHN,551642
11900205,99,43,7496,2017,0.0,248804.0,-0.6335689999999999,-0.334201,HND,CHN,551642
11900206,103,43,7496,2017,0.0,489251.0,-0.23641700000000002,1.188173,IDN,CHN,551642
11900207,104,43,7496,2017,2280.0,189817.0,0.290576,2.726391,IND,CHN,551642
11900208,106,43,7496,2017,7877.0,0.0,1.363544,0.169211,IRL,CHN,551642
11900209,107,43,7496,2017,0.0,30699.0,-0.361292,-0.361813,IRN,CHN,551642
11900210,110,43,7496,2017,0.0,2982.0,1.436156,0.776574,ISR,CHN,551642
11900211,111,43,7496,2017,57767.0,245730.0,1.34395,0.577693,ITA,CHN,551642
11900212,114,43,7496,2017,1097461.0,257988.0,2.4510419999999997,-0.277357,JPN,CHN,551642
11900213,115,43,7496,2017,0.0,64662.0,-0.394316,-0.5485979999999999,KAZ,CHN,551642
11900214,116,43,7496,2017,0.0,26835.0,-0.579541,0.511926,KEN,CHN,551642
11900215,118,43,7496,2017,0.0,725136.0,-0.656325,-0.622167,KHM,CHN,551642
11900216,121,43,7496,2017,474354.0,670210.0,2.011263,0.783215,KOR,CHN,551642
11900217,122,43,7496,2017,0.0,14118.0,-0.229821,-1.128482,KWT,CHN,551642
11900218,128,43,7496,2017,0.0,89285.0,-0.46442799999999995,0.472132,LKA,CHN,551642
11900219,130,43,7496,2017,0.0,470524.0,0.855858,1.447717,LTU,CHN,551642
11900220,134,43,7496,2017,0.0,29065.0,-0.757236,-0.065347,MAR,CHN,551642
11900221,135,43,7496,2017,0.0,664.0,-0.24909,-0.181213,MDA,CHN,551642
11900222,138,43,7496,2017,0.0,178574.0,1.08871,0.5745279999999999,MEX,CHN,551642
11900223,140,43,7496,2017,0.0,26361.0,-0.0292,-0.377156,MKD,CHN,551642
11900224,143,43,7496,2017,0.0,331519.0,-1.051544,-0.419183,MMR,CHN,551642
11900225,145,43,7496,2017,0.0,43353.0,-0.933737,-1.1195620000000002,MNG,CHN,551642
11900226,151,43,7496,2017,0.0,1066.0,-0.156616,0.073153,MUS,CHN,551642
11900227,153,43,7496,2017,0.0,1371.0,1.0110139999999999,0.6840729999999999,MYS,CHN,551642
11900228,159,43,7496,2017,0.0,69365.0,-1.8260919999999998,-1.276591,NGA,CHN,551642
11900229,162,43,7496,2017,0.0,28084.0,1.146959,1.470869,NLD,CHN,551642
11900230,164,43,7496,2017,0.0,42382.0,-0.319681,0.5788220000000001,NPL,CHN,551642
11900231,166,43,7496,2017,36624.0,2311.0,0.25651199999999996,0.132996,NZL,CHN,551642
11900232,168,43,7496,2017,0.0,24745.0,-0.698561,0.43523500000000004,PAK,CHN,551642
11900233,173,43,7496,2017,0.0,22473.0,-0.667658,-0.318344,PER,CHN,551642
11900234,174,43,7496,2017,0.0,111814.0,0.657759,0.170061,PHL,CHN,551642
11900235,177,43,7496,2017,0.0,139331.0,1.197417,1.092716,POL,CHN,551642
11900236,178,43,7496,2017,0.0,124210.0,-0.353642,-0.08027000000000001,PRK,CHN,551642
11900237,185,43,7496,2017,0.0,2689.0,1.05479,0.9842219999999999,ROU,CHN,551642
11900238,186,43,7496,2017,0.0,21877.0,0.32885,0.288392,RUS,CHN,551642
11900239,187,43,7496,2017,0.0,1645.0,-0.7610319999999999,-0.680251,RWA,CHN,551642
11900240,192,43,7496,2017,3405.0,8943.0,1.884166,0.37903600000000004,SGP,CHN,551642
11900241,201,43,7496,2017,0.0,1064.0,0.541644,1.19872,SRB,CHN,551642
11900242,215,43,7496,2017,0.0,13313.0,-0.8957450000000001,-0.891191,TGO,CHN,551642
11900243,216,43,7496,2017,7204.0,45219.0,0.983977,1.3926020000000001,THA,CHN,551642
11900244,224,43,7496,2017,75835.0,15975.0,0.541611,2.405872,TUR,CHN,551642
11900245,228,43,7496,2017,0.0,57557.0,0.461109,0.7826569999999999,UKR,CHN,551642
11900246,231,43,7496,2017,61315.0,1468202.0,1.601478,0.277271,USA,CHN,551642
11900247,239,43,7496,2017,0.0,594895.0,-0.009819,0.686429,VNM,CHN,551642
11900248,246,43,7496,2017,0.0,9067.0,0.2066,1.378591,ZAF,CHN,551642
11900249,248,43,7496,2017,0.0,20645.0,-1.101402,-1.0831680000000001,ZWE,CHN,551642
11900250,249,43,7496,2017,55224.0,2756.0,2.0548290000000002,1.2552969999999999,TWN,CHN,551642
11900251,43,49,7496,2017,81513.0,0.0,1.1127790000000002,1.56869,CHN,COL,551642
11900252,67,49,7496,2017,0.0,3680.0,-0.9995850000000001,-1.086367,ECU,COL,551642
11900253,71,49,7496,2017,1469.0,0.0,0.734342,2.8180099999999997,ESP,COL,551642
11900254,93,49,7496,2017,0.0,2014.0,-0.418538,0.557454,GTM,COL,551642
11900255,224,49,7496,2017,89764.0,0.0,0.541611,2.405872,TUR,COL,551642
11900256,43,52,7496,2017,16526.0,0.0,1.1127790000000002,1.56869,CHN,CRI,551642
11900257,224,58,7496,2017,40884.0,0.0,0.541611,2.405872,TUR,CYP,551642
11900258,14,61,7496,2017,0.0,1604.0,-0.42427200000000004,-0.152921,AUS,DEU,551642
11900259,15,61,7496,2017,14959.0,15152.0,1.728623,-0.031045999999999997,AUT,DEU,551642
11900260,18,61,7496,2017,265288.0,7246.0,1.292657,1.19571,BEL,DEU,551642
11900261,23,61,7496,2017,1052.0,24165.0,0.557843,1.7221119999999999,BGR,DEU,551642
11900262,26,61,7496,2017,0.0,8979.0,0.43245,0.726721,BIH,DEU,551642
11900263,39,61,7496,2017,0.0,1591.0,0.73897,1.206402,CAN,DEU,551642
11900264,41,61,7496,2017,16218.0,26836.0,2.2557810000000003,0.845459,CHE,DEU,551642
11900265,43,61,7496,2017,339878.0,0.0,1.1127790000000002,1.56869,CHN,DEU,551642
11900266,59,61,7496,2017,0.0,9109.0,1.7715130000000001,0.359668,CZE,DEU,551642
11900267,65,61,7496,2017,0.0,1259268.0,-0.168016,0.30840100000000004,DOM,DEU,551642
11900268,68,61,7496,2017,0.0,31076.0,-0.073436,1.829121,EGY,DEU,551642
11900269,71,61,7496,2017,2042345.0,53094.0,0.734342,2.8180099999999997,ESP,DEU,551642
11900270,77,61,7496,2017,41292.0,6777.0,1.398427,0.894732,FRA,DEU,551642
11900271,81,61,7496,2017,11584.0,8682.0,1.6883119999999998,0.8347469999999999,GBR,DEU,551642
11900272,90,61,7496,2017,0.0,7165.0,0.154098,1.151038,GRC,DEU,551642
11900273,97,61,7496,2017,0.0,65437.0,0.824982,1.7162220000000001,HKG,DEU,551642
11900274,100,61,7496,2017,0.0,1426.0,0.860825,1.365445,HRV,DEU,551642
11900275,102,61,7496,2017,0.0,7315.0,1.4886270000000001,0.845986,HUN,DEU,551642
11900276,104,61,7496,2017,20076.0,0.0,0.290576,2.726391,IND,DEU,551642
11900277,111,61,7496,2017,316557.0,13264.0,1.34395,0.577693,ITA,DEU,551642
11900278,114,61,7496,2017,12803.0,0.0,2.4510419999999997,-0.277357,JPN,DEU,551642
11900279,121,61,7496,2017,18501.0,1686.0,2.011263,0.783215,KOR,DEU,551642
11900280,132,61,7496,2017,0.0,3846.0,0.684555,1.3208030000000002,LVA,DEU,551642
11900281,138,61,7496,2017,2995.0,0.0,1.08871,0.5745279999999999,MEX,DEU,551642
11900282,140,61,7496,2017,0.0,81374.0,-0.0292,-0.377156,MKD,DEU,551642
11900283,162,61,7496,2017,8327.0,3529.0,1.146959,1.470869,NLD,DEU,551642
11900284,177,61,7496,2017,3504.0,290034.0,1.197417,1.092716,POL,DEU,551642
11900285,179,61,7496,2017,14879.0,1191.0,0.527046,2.264624,PRT,DEU,551642
11900286,185,61,7496,2017,0.0,8269.0,1.05479,0.9842219999999999,ROU,DEU,551642
11900287,186,61,7496,2017,0.0,6729.0,0.32885,0.288392,RUS,DEU,551642
11900288,201,61,7496,2017,0.0,1658.0,0.541644,1.19872,SRB,DEU,551642
11900289,207,61,7496,2017,304244.0,982.0,1.600319,0.854305,SVN,DEU,551642
11900290,208,61,7496,2017,0.0,984.0,1.764732,0.732646,SWE,DEU,551642
11900291,223,61,7496,2017,0.0,290676.0,0.224119,0.961772,TUN,DEU,551642
11900292,224,61,7496,2017,56794.0,21685.0,0.541611,2.405872,TUR,DEU,551642
11900293,228,61,7496,2017,6004.0,41936.0,0.461109,0.7826569999999999,UKR,DEU,551642
11900294,231,61,7496,2017,0.0,24849.0,1.601478,0.277271,USA,DEU,551642
11900295,43,64,7496,2017,4629.0,0.0,1.1127790000000002,1.56869,CHN,DNK,551642
11900296,71,64,7496,2017,52007.0,0.0,0.734342,2.8180099999999997,ESP,DNK,551642
11900297,77,64,7496,2017,3323.0,0.0,1.398427,0.894732,FRA,DNK,551642
11900298,81,64,7496,2017,1279.0,0.0,1.6883119999999998,0.8347469999999999,GBR,DNK,551642
11900299,111,64,7496,2017,45014.0,50688.0,1.34395,0.577693,ITA,DNK,551642
11900300,132,64,7496,2017,0.0,1660.0,0.684555,1.3208030000000002,LVA,DNK,551642
11900301,179,64,7496,2017,1568.0,0.0,0.527046,2.264624,PRT,DNK,551642
11900302,61,65,7496,2017,1259268.0,0.0,2.1149459999999998,-2.525372,DEU,DOM,551642
11900303,224,65,7496,2017,12723.0,0.0,0.541611,2.405872,TUR,DOM,551642
11900304,43,67,7496,2017,4523.0,0.0,1.1127790000000002,1.56869,CHN,ECU,551642
11900305,49,67,7496,2017,3680.0,0.0,0.208096,-0.17644300000000002,COL,ECU,551642
11900306,7,71,7496,2017,0.0,5204.0,0.210477,0.02557,ARE,ESP,551642
11900307,14,71,7496,2017,0.0,979.0,-0.42427200000000004,-0.152921,AUS,ESP,551642
11900308,15,71,7496,2017,951.0,16696.0,1.728623,-0.031045999999999997,AUT,ESP,551642
11900309,18,71,7496,2017,0.0,11700.0,1.292657,1.19571,BEL,ESP,551642
11900310,41,71,7496,2017,0.0,3259.0,2.2557810000000003,0.845459,CHE,ESP,551642
11900311,43,71,7496,2017,144421.0,90319.0,1.1127790000000002,1.56869,CHN,ESP,551642
11900312,49,71,7496,2017,0.0,1469.0,0.208096,-0.17644300000000002,COL,ESP,551642
11900313,61,71,7496,2017,53094.0,2042345.0,2.1149459999999998,-2.525372,DEU,ESP,551642
11900314,64,71,7496,2017,0.0,52007.0,1.159753,1.233914,DNK,ESP,551642
11900315,74,71,7496,2017,0.0,3479.0,1.655957,0.962485,FIN,ESP,551642
11900316,77,71,7496,2017,19917.0,47606.0,1.398427,0.894732,FRA,ESP,551642
11900317,81,71,7496,2017,5368.0,22168.0,1.6883119999999998,0.8347469999999999,GBR,ESP,551642
11900318,90,71,7496,2017,966.0,0.0,0.154098,1.151038,GRC,ESP,551642
11900319,97,71,7496,2017,0.0,145888.0,0.824982,1.7162220000000001,HKG,ESP,551642
11900320,104,71,7496,2017,0.0,21487.0,0.290576,2.726391,IND,ESP,551642
11900321,111,71,7496,2017,254211.0,432020.0,1.34395,0.577693,ITA,ESP,551642
11900322,114,71,7496,2017,0.0,1428.0,2.4510419999999997,-0.277357,JPN,ESP,551642
11900323,121,71,7496,2017,0.0,3449.0,2.011263,0.783215,KOR,ESP,551642
11900324,130,71,7496,2017,0.0,1604.0,0.855858,1.447717,LTU,ESP,551642
11900325,132,71,7496,2017,0.0,971.0,0.684555,1.3208030000000002,LVA,ESP,551642
11900326,134,71,7496,2017,8299.0,1370960.0,-0.757236,-0.065347,MAR,ESP,551642
11900327,138,71,7496,2017,0.0,29871.0,1.08871,0.5745279999999999,MEX,ESP,551642
11900328,153,71,7496,2017,0.0,1815.0,1.0110139999999999,0.6840729999999999,MYS,ESP,551642
11900329,162,71,7496,2017,0.0,2792.0,1.146959,1.470869,NLD,ESP,551642
11900330,163,71,7496,2017,0.0,6014.0,0.73658,0.11450199999999999,NOR,ESP,551642
11900331,173,71,7496,2017,0.0,1785.0,-0.667658,-0.318344,PER,ESP,551642
11900332,179,71,7496,2017,273522.0,49506.0,0.527046,2.264624,PRT,ESP,551642
11900333,185,71,7496,2017,0.0,8445.0,1.05479,0.9842219999999999,ROU,ESP,551642
11900334,186,71,7496,2017,0.0,1574.0,0.32885,0.288392,RUS,ESP,551642
11900335,188,71,7496,2017,0.0,1738.0,0.597716,-0.345049,SAU,ESP,551642
11900336,197,71,7496,2017,0.0,4623.0,0.113639,0.23175199999999999,SLV,ESP,551642
11900337,206,71,7496,2017,0.0,5819.0,1.279606,0.85503,SVK,ESP,551642
11900338,208,71,7496,2017,0.0,2471.0,1.764732,0.732646,SWE,ESP,551642
11900339,216,71,7496,2017,0.0,1428.0,0.983977,1.3926020000000001,THA,ESP,551642
11900340,223,71,7496,2017,0.0,832264.0,0.224119,0.961772,TUN,ESP,551642
11900341,224,71,7496,2017,350524.0,1238794.0,0.541611,2.405872,TUR,ESP,551642
11900342,231,71,7496,2017,893.0,209906.0,1.601478,0.277271,USA,ESP,551642
11900343,249,71,7496,2017,0.0,19115.0,2.0548290000000002,1.2552969999999999,TWN,ESP,551642
11900344,250,71,7496,2017,3382.0,0.0,0.72523,-0.205046,ANS,ESP,551642
11900345,71,74,7496,2017,3479.0,0.0,0.734342,2.8180099999999997,ESP,FIN,551642
11900346,77,74,7496,2017,7724.0,0.0,1.398427,0.894732,FRA,FIN,551642
11900347,111,74,7496,2017,12277.0,0.0,1.34395,0.577693,ITA,FIN,551642
11900348,186,74,7496,2017,0.0,1066.0,0.32885,0.288392,RUS,FIN,551642
11900349,7,77,7496,2017,0.0,12795.0,0.210477,0.02557,ARE,FRA,551642
11900350,8,77,7496,2017,2590.0,0.0,-0.120753,0.233375,ARG,FRA,551642
11900351,14,77,7496,2017,0.0,2520.0,-0.42427200000000004,-0.152921,AUS,FRA,551642
11900352,15,77,7496,2017,0.0,19070.0,1.728623,-0.031045999999999997,AUT,FRA,551642
11900353,18,77,7496,2017,70685.0,42045.0,1.292657,1.19571,BEL,FRA,551642
11900354,23,77,7496,2017,4901.0,644918.0,0.557843,1.7221119999999999,BGR,FRA,551642
11900355,24,77,7496,2017,0.0,2654.0,0.485479,-0.5348890000000001,BHR,FRA,551642
11900356,28,77,7496,2017,0.0,3108.0,0.8115829999999999,0.8323459999999999,BLR,FRA,551642
11900357,39,77,7496,2017,0.0,5950.0,0.73897,1.206402,CAN,FRA,551642
11900358,41,77,7496,2017,0.0,20979.0,2.2557810000000003,0.845459,CHE,FRA,551642
11900359,42,77,7496,2017,0.0,3384.0,-0.378693,-0.492983,CHL,FRA,551642
11900360,43,77,7496,2017,1057156.0,15285.0,1.1127790000000002,1.56869,CHN,FRA,551642
11900361,59,77,7496,2017,0.0,1497.0,1.7715130000000001,0.359668,CZE,FRA,551642
11900362,61,77,7496,2017,6777.0,41292.0,2.1149459999999998,-2.525372,DEU,FRA,551642
11900363,64,77,7496,2017,0.0,3323.0,1.159753,1.233914,DNK,FRA,551642
11900364,71,77,7496,2017,47606.0,19917.0,0.734342,2.8180099999999997,ESP,FRA,551642
11900365,74,77,7496,2017,0.0,7724.0,1.655957,0.962485,FIN,FRA,551642
11900366,81,77,7496,2017,12148.0,84004.0,1.6883119999999998,0.8347469999999999,GBR,FRA,551642
11900367,97,77,7496,2017,0.0,9587.0,0.824982,1.7162220000000001,HKG,FRA,551642
11900368,106,77,7496,2017,0.0,4206.0,1.363544,0.169211,IRL,FRA,551642
11900369,111,77,7496,2017,1080058.0,160203.0,1.34395,0.577693,ITA,FRA,551642
11900370,114,77,7496,2017,10391.0,2156.0,2.4510419999999997,-0.277357,JPN,FRA,551642
11900371,121,77,7496,2017,7083.0,0.0,2.011263,0.783215,KOR,FRA,551642
11900372,124,77,7496,2017,0.0,1424.0,0.266847,1.117621,LBN,FRA,551642
11900373,130,77,7496,2017,0.0,1219.0,0.855858,1.447717,LTU,FRA,551642
11900374,134,77,7496,2017,0.0,62912.0,-0.757236,-0.065347,MAR,FRA,551642
11900375,151,77,7496,2017,3472.0,0.0,-0.156616,0.073153,MUS,FRA,551642
11900376,162,77,7496,2017,0.0,14568.0,1.146959,1.470869,NLD,FRA,551642
11900377,163,77,7496,2017,0.0,2466.0,0.73658,0.11450199999999999,NOR,FRA,551642
11900378,166,77,7496,2017,0.0,1059.0,0.25651199999999996,0.132996,NZL,FRA,551642
11900379,177,77,7496,2017,0.0,35617.0,1.197417,1.092716,POL,FRA,551642
11900380,179,77,7496,2017,5874.0,8635.0,0.527046,2.264624,PRT,FRA,551642
11900381,185,77,7496,2017,0.0,54447.0,1.05479,0.9842219999999999,ROU,FRA,551642
11900382,186,77,7496,2017,0.0,2510.0,0.32885,0.288392,RUS,FRA,551642
11900383,188,77,7496,2017,0.0,4055.0,0.597716,-0.345049,SAU,FRA,551642
11900384,192,77,7496,2017,0.0,2395.0,1.884166,0.37903600000000004,SGP,FRA,551642
11900385,207,77,7496,2017,0.0,14707.0,1.600319,0.854305,SVN,FRA,551642
11900386,208,77,7496,2017,0.0,6213.0,1.764732,0.732646,SWE,FRA,551642
11900387,216,77,7496,2017,0.0,1650.0,0.983977,1.3926020000000001,THA,FRA,551642
11900388,223,77,7496,2017,0.0,58453.0,0.224119,0.961772,TUN,FRA,551642
11900389,224,77,7496,2017,16923.0,17774.0,0.541611,2.405872,TUR,FRA,551642
11900390,228,77,7496,2017,0.0,36480.0,0.461109,0.7826569999999999,UKR,FRA,551642
11900391,231,77,7496,2017,0.0,84004.0,1.601478,0.277271,USA,FRA,551642
11900392,250,77,7496,2017,1501.0,0.0,0.72523,-0.205046,ANS,FRA,551642
11900393,14,81,7496,2017,0.0,18302.0,-0.42427200000000004,-0.152921,AUS,GBR,551642
11900394,15,81,7496,2017,0.0,5209.0,1.728623,-0.031045999999999997,AUT,GBR,551642
11900395,18,81,7496,2017,0.0,2140.0,1.292657,1.19571,BEL,GBR,551642
11900396,24,81,7496,2017,0.0,1542.0,0.485479,-0.5348890000000001,BHR,GBR,551642
11900397,32,81,7496,2017,0.0,6486.0,0.145224,0.483461,BRA,GBR,551642
11900398,39,81,7496,2017,0.0,6172.0,0.73897,1.206402,CAN,GBR,551642
11900399,41,81,7496,2017,0.0,2730.0,2.2557810000000003,0.845459,CHE,GBR,551642
11900400,43,81,7496,2017,0.0,5932.0,1.1127790000000002,1.56869,CHN,GBR,551642
11900401,61,81,7496,2017,8682.0,11584.0,2.1149459999999998,-2.525372,DEU,GBR,551642
11900402,64,81,7496,2017,0.0,1279.0,1.159753,1.233914,DNK,GBR,551642
11900403,71,81,7496,2017,22168.0,5368.0,0.734342,2.8180099999999997,ESP,GBR,551642
11900404,77,81,7496,2017,84004.0,12148.0,1.398427,0.894732,FRA,GBR,551642
11900405,97,81,7496,2017,1227.0,10494.0,0.824982,1.7162220000000001,HKG,GBR,551642
11900406,103,81,7496,2017,0.0,1398.0,-0.23641700000000002,1.188173,IDN,GBR,551642
11900407,104,81,7496,2017,151521.0,0.0,0.290576,2.726391,IND,GBR,551642
11900408,106,81,7496,2017,0.0,2133.0,1.363544,0.169211,IRL,GBR,551642
11900409,111,81,7496,2017,715398.0,9647.0,1.34395,0.577693,ITA,GBR,551642
11900410,114,81,7496,2017,0.0,5678.0,2.4510419999999997,-0.277357,JPN,GBR,551642
11900411,121,81,7496,2017,12206.0,0.0,2.011263,0.783215,KOR,GBR,551642
11900412,130,81,7496,2017,0.0,5596.0,0.855858,1.447717,LTU,GBR,551642
11900413,162,81,7496,2017,0.0,4068.0,1.146959,1.470869,NLD,GBR,551642
11900414,177,81,7496,2017,0.0,3578.0,1.197417,1.092716,POL,GBR,551642
11900415,179,81,7496,2017,1656.0,7531.0,0.527046,2.264624,PRT,GBR,551642
11900416,185,81,7496,2017,0.0,12034.0,1.05479,0.9842219999999999,ROU,GBR,551642
11900417,186,81,7496,2017,1363.0,13014.0,0.32885,0.288392,RUS,GBR,551642
11900418,208,81,7496,2017,1004.0,1779.0,1.764732,0.732646,SWE,GBR,551642
11900419,216,81,7496,2017,9647.0,0.0,0.983977,1.3926020000000001,THA,GBR,551642
11900420,224,81,7496,2017,63796.0,0.0,0.541611,2.405872,TUR,GBR,551642
11900421,231,81,7496,2017,0.0,8352.0,1.601478,0.277271,USA,GBR,551642
11900422,43,93,7496,2017,36252.0,0.0,1.1127790000000002,1.56869,CHN,GTM,551642
11900423,49,93,7496,2017,2014.0,0.0,0.208096,-0.17644300000000002,COL,GTM,551642
11900424,14,97,7496,2017,2584.0,0.0,-0.42427200000000004,-0.152921,AUS,HKG,551642
11900425,18,97,7496,2017,5984.0,0.0,1.292657,1.19571,BEL,HKG,551642
11900426,22,97,7496,2017,0.0,4075710.0,-1.016251,-0.987654,BGD,HKG,551642
11900427,43,97,7496,2017,1667592.0,14512.0,1.1127790000000002,1.56869,CHN,HKG,551642
11900428,61,97,7496,2017,65437.0,0.0,2.1149459999999998,-2.525372,DEU,HKG,551642
11900429,71,97,7496,2017,145888.0,0.0,0.734342,2.8180099999999997,ESP,HKG,551642
11900430,77,97,7496,2017,9587.0,0.0,1.398427,0.894732,FRA,HKG,551642
11900431,81,97,7496,2017,10494.0,1227.0,1.6883119999999998,0.8347469999999999,GBR,HKG,551642
11900432,103,97,7496,2017,0.0,761517.0,-0.23641700000000002,1.188173,IDN,HKG,551642
11900433,104,97,7496,2017,279906.0,147635.0,0.290576,2.726391,IND,HKG,551642
11900434,111,97,7496,2017,591946.0,0.0,1.34395,0.577693,ITA,HKG,551642
11900435,113,97,7496,2017,0.0,7225.0,0.020035,0.295415,JOR,HKG,551642
11900436,114,97,7496,2017,105141.0,0.0,2.4510419999999997,-0.277357,JPN,HKG,551642
11900437,121,97,7496,2017,178934.0,0.0,2.011263,0.783215,KOR,HKG,551642
11900438,128,97,7496,2017,0.0,212214.0,-0.46442799999999995,0.472132,LKA,HKG,551642
11900439,134,97,7496,2017,2360.0,0.0,-0.757236,-0.065347,MAR,HKG,551642
11900440,143,97,7496,2017,0.0,8134.0,-1.051544,-0.419183,MMR,HKG,551642
11900441,152,97,7496,2017,0.0,26004.0,-0.761995,-0.8897729999999999,MWI,HKG,551642
11900442,153,97,7496,2017,0.0,19580.0,1.0110139999999999,0.6840729999999999,MYS,HKG,551642
11900443,162,97,7496,2017,2852.0,0.0,1.146959,1.470869,NLD,HKG,551642
11900444,168,97,7496,2017,25140.0,0.0,-0.698561,0.43523500000000004,PAK,HKG,551642
11900445,174,97,7496,2017,0.0,22735.0,0.657759,0.170061,PHL,HKG,551642
11900446,179,97,7496,2017,71975.0,0.0,0.527046,2.264624,PRT,HKG,551642
11900447,192,97,7496,2017,1166.0,8907.0,1.884166,0.37903600000000004,SGP,HKG,551642
11900448,208,97,7496,2017,1226.0,0.0,1.764732,0.732646,SWE,HKG,551642
11900449,216,97,7496,2017,1525.0,0.0,0.983977,1.3926020000000001,THA,HKG,551642
11900450,224,97,7496,2017,13558.0,0.0,0.541611,2.405872,TUR,HKG,551642
11900451,231,97,7496,2017,45605.0,2332.0,1.601478,0.277271,USA,HKG,551642
11900452,239,97,7496,2017,0.0,1664140.0,-0.009819,0.686429,VNM,HKG,551642
11900453,249,97,7496,2017,91211.0,759.0,2.0548290000000002,1.2552969999999999,TWN,HKG,551642
11900454,43,99,7496,2017,248804.0,0.0,1.1127790000000002,1.56869,CHN,HND,551642
11900455,224,99,7496,2017,31864.0,0.0,0.541611,2.405872,TUR,HND,551642
11900456,15,102,7496,2017,21486.0,0.0,1.728623,-0.031045999999999997,AUT,HUN,551642
11900457,41,102,7496,2017,10087.0,0.0,2.2557810000000003,0.845459,CHE,HUN,551642
11900458,61,102,7496,2017,7315.0,0.0,2.1149459999999998,-2.525372,DEU,HUN,551642
11900459,111,102,7496,2017,278726.0,0.0,1.34395,0.577693,ITA,HUN,551642
11900460,162,102,7496,2017,3375.0,0.0,1.146959,1.470869,NLD,HUN,551642
11900461,177,102,7496,2017,0.0,5105.0,1.197417,1.092716,POL,HUN,551642
11900462,179,102,7496,2017,13644.0,0.0,0.527046,2.264624,PRT,HUN,551642
11900463,185,102,7496,2017,0.0,12338.0,1.05479,0.9842219999999999,ROU,HUN,551642
11900464,216,102,7496,2017,2315.0,0.0,0.983977,1.3926020000000001,THA,HUN,551642
11900465,224,102,7496,2017,17670.0,0.0,0.541611,2.405872,TUR,HUN,551642
11900466,228,102,7496,2017,0.0,31582.0,0.461109,0.7826569999999999,UKR,HUN,551642
11900467,43,103,7496,2017,489251.0,0.0,1.1127790000000002,1.56869,CHN,IDN,551642
11900468,81,103,7496,2017,1398.0,0.0,1.6883119999999998,0.8347469999999999,GBR,IDN,551642
11900469,97,103,7496,2017,761517.0,0.0,0.824982,1.7162220000000001,HKG,IDN,551642
11900470,104,103,7496,2017,136942.0,0.0,0.290576,2.726391,IND,IDN,551642
11900471,121,103,7496,2017,76134.0,81334.0,2.011263,0.783215,KOR,IDN,551642
11900472,134,103,7496,2017,0.0,949.0,-0.757236,-0.065347,MAR,IDN,551642
11900473,224,103,7496,2017,3997.0,0.0,0.541611,2.405872,TUR,IDN,551642
11900474,7,104,7496,2017,7012.0,154769.0,0.210477,0.02557,ARE,IND,551642
11900475,18,104,7496,2017,0.0,7164.0,1.292657,1.19571,BEL,IND,551642
11900476,31,104,7496,2017,0.0,2891.0,-1.158425,-1.076242,BOL,IND,551642
11900477,39,104,7496,2017,0.0,17080.0,0.73897,1.206402,CAN,IND,551642
11900478,42,104,7496,2017,0.0,2409.0,-0.378693,-0.492983,CHL,IND,551642
11900479,43,104,7496,2017,189817.0,2280.0,1.1127790000000002,1.56869,CHN,IND,551642
11900480,61,104,7496,2017,0.0,20076.0,2.1149459999999998,-2.525372,DEU,IND,551642
11900481,71,104,7496,2017,21487.0,0.0,0.734342,2.8180099999999997,ESP,IND,551642
11900482,81,104,7496,2017,0.0,151521.0,1.6883119999999998,0.8347469999999999,GBR,IND,551642
11900483,90,104,7496,2017,4199.0,8812.0,0.154098,1.151038,GRC,IND,551642
11900484,97,104,7496,2017,147635.0,279906.0,0.824982,1.7162220000000001,HKG,IND,551642
11900485,103,104,7496,2017,0.0,136942.0,-0.23641700000000002,1.188173,IDN,IND,551642
11900486,111,104,7496,2017,20149.0,0.0,1.34395,0.577693,ITA,IND,551642
11900487,114,104,7496,2017,65661.0,0.0,2.4510419999999997,-0.277357,JPN,IND,551642
11900488,116,104,7496,2017,0.0,313217.0,-0.579541,0.511926,KEN,IND,551642
11900489,121,104,7496,2017,1650.0,0.0,2.011263,0.783215,KOR,IND,551642
11900490,122,104,7496,2017,0.0,3650.0,-0.229821,-1.128482,KWT,IND,551642
11900491,124,104,7496,2017,0.0,3982.0,0.266847,1.117621,LBN,IND,551642
11900492,134,104,7496,2017,0.0,13257.0,-0.757236,-0.065347,MAR,IND,551642
11900493,138,104,7496,2017,0.0,21651.0,1.08871,0.5745279999999999,MEX,IND,551642
11900494,140,104,7496,2017,0.0,2991.0,-0.0292,-0.377156,MKD,IND,551642
11900495,151,104,7496,2017,0.0,5619.0,-0.156616,0.073153,MUS,IND,551642
11900496,153,104,7496,2017,0.0,17363.0,1.0110139999999999,0.6840729999999999,MYS,IND,551642
11900497,166,104,7496,2017,0.0,3424.0,0.25651199999999996,0.132996,NZL,IND,551642
11900498,167,104,7496,2017,0.0,52554.0,-0.347684,-0.884569,OMN,IND,551642
11900499,177,104,7496,2017,0.0,637963.0,1.197417,1.092716,POL,IND,551642
11900500,186,104,7496,2017,0.0,1298.0,0.32885,0.288392,RUS,IND,551642
11900501,190,104,7496,2017,0.0,3148.0,-1.567691,-1.257164,SDN,IND,551642
11900502,211,104,7496,2017,0.0,1316.0,0.41946000000000006,-0.523274,SYC,IND,551642
11900503,224,104,7496,2017,935.0,0.0,0.541611,2.405872,TUR,IND,551642
11900504,231,104,7496,2017,0.0,59641.0,1.601478,0.277271,USA,IND,551642
11900505,239,104,7496,2017,0.0,5043.0,-0.009819,0.686429,VNM,IND,551642
11900506,246,104,7496,2017,0.0,7066.0,0.2066,1.378591,ZAF,IND,551642
11900507,250,104,7496,2017,6079.0,0.0,0.72523,-0.205046,ANS,IND,551642
11900508,43,106,7496,2017,0.0,7877.0,1.1127790000000002,1.56869,CHN,IRL,551642
11900509,77,106,7496,2017,4206.0,0.0,1.398427,0.894732,FRA,IRL,551642
11900510,81,106,7496,2017,2133.0,0.0,1.6883119999999998,0.8347469999999999,GBR,IRL,551642
11900511,43,110,7496,2017,2982.0,0.0,1.1127790000000002,1.56869,CHN,ISR,551642
11900512,111,110,7496,2017,8474.0,0.0,1.34395,0.577693,ITA,ISR,551642
11900513,224,110,7496,2017,6011.0,0.0,0.541611,2.405872,TUR,ISR,551642
11900514,4,111,7496,2017,0.0,51249.0,-0.44769899999999996,-0.17193,ALB,ITA,551642
11900515,7,111,7496,2017,0.0,3188.0,0.210477,0.02557,ARE,ITA,551642
11900516,8,111,7496,2017,0.0,10215.0,-0.120753,0.233375,ARG,ITA,551642
11900517,14,111,7496,2017,0.0,10995.0,-0.42427200000000004,-0.152921,AUS,ITA,551642
11900518,15,111,7496,2017,0.0,14468.0,1.728623,-0.031045999999999997,AUT,ITA,551642
11900519,18,111,7496,2017,0.0,53724.0,1.292657,1.19571,BEL,ITA,551642
11900520,23,111,7496,2017,11089.0,48313.0,0.557843,1.7221119999999999,BGR,ITA,551642
11900521,24,111,7496,2017,0.0,3601.0,0.485479,-0.5348890000000001,BHR,ITA,551642
11900522,26,111,7496,2017,0.0,1228.0,0.43245,0.726721,BIH,ITA,551642
11900523,28,111,7496,2017,0.0,3393.0,0.8115829999999999,0.8323459999999999,BLR,ITA,551642
11900524,32,111,7496,2017,0.0,8568.0,0.145224,0.483461,BRA,ITA,551642
11900525,39,111,7496,2017,0.0,26149.0,0.73897,1.206402,CAN,ITA,551642
11900526,41,111,7496,2017,0.0,8589.0,2.2557810000000003,0.845459,CHE,ITA,551642
11900527,42,111,7496,2017,0.0,2026.0,-0.378693,-0.492983,CHL,ITA,551642
11900528,43,111,7496,2017,245730.0,57767.0,1.1127790000000002,1.56869,CHN,ITA,551642
11900529,59,111,7496,2017,0.0,19810.0,1.7715130000000001,0.359668,CZE,ITA,551642
11900530,61,111,7496,2017,13264.0,316557.0,2.1149459999999998,-2.525372,DEU,ITA,551642
11900531,64,111,7496,2017,50688.0,45014.0,1.159753,1.233914,DNK,ITA,551642
11900532,71,111,7496,2017,432020.0,254211.0,0.734342,2.8180099999999997,ESP,ITA,551642
11900533,74,111,7496,2017,0.0,12277.0,1.655957,0.962485,FIN,ITA,551642
11900534,77,111,7496,2017,160203.0,1080058.0,1.398427,0.894732,FRA,ITA,551642
11900535,81,111,7496,2017,9647.0,715398.0,1.6883119999999998,0.8347469999999999,GBR,ITA,551642
11900536,90,111,7496,2017,0.0,13012.0,0.154098,1.151038,GRC,ITA,551642
11900537,97,111,7496,2017,0.0,591946.0,0.824982,1.7162220000000001,HKG,ITA,551642
11900538,100,111,7496,2017,0.0,10689.0,0.860825,1.365445,HRV,ITA,551642
11900539,102,111,7496,2017,0.0,278726.0,1.4886270000000001,0.845986,HUN,ITA,551642
11900540,104,111,7496,2017,0.0,20149.0,0.290576,2.726391,IND,ITA,551642
11900541,110,111,7496,2017,0.0,8474.0,1.436156,0.776574,ISR,ITA,551642
11900542,113,111,7496,2017,0.0,21342.0,0.020035,0.295415,JOR,ITA,551642
11900543,114,111,7496,2017,22403.0,197146.0,2.4510419999999997,-0.277357,JPN,ITA,551642
11900544,115,111,7496,2017,0.0,1926.0,-0.394316,-0.5485979999999999,KAZ,ITA,551642
11900545,121,111,7496,2017,0.0,47250.0,2.011263,0.783215,KOR,ITA,551642
11900546,122,111,7496,2017,0.0,1647.0,-0.229821,-1.128482,KWT,ITA,551642
11900547,124,111,7496,2017,0.0,1134.0,0.266847,1.117621,LBN,ITA,551642
11900548,128,111,7496,2017,0.0,45228.0,-0.46442799999999995,0.472132,LKA,ITA,551642
11900549,130,111,7496,2017,0.0,25192.0,0.855858,1.447717,LTU,ITA,551642
11900550,132,111,7496,2017,0.0,6221.0,0.684555,1.3208030000000002,LVA,ITA,551642
11900551,134,111,7496,2017,7070.0,165974.0,-0.757236,-0.065347,MAR,ITA,551642
11900552,138,111,7496,2017,0.0,1587.0,1.08871,0.5745279999999999,MEX,ITA,551642
11900553,140,111,7496,2017,0.0,11702.0,-0.0292,-0.377156,MKD,ITA,551642
11900554,162,111,7496,2017,0.0,17247.0,1.146959,1.470869,NLD,ITA,551642
11900555,163,111,7496,2017,0.0,4307.0,0.73658,0.11450199999999999,NOR,ITA,551642
11900556,166,111,7496,2017,0.0,13298.0,0.25651199999999996,0.132996,NZL,ITA,551642
11900557,177,111,7496,2017,0.0,21088.0,1.197417,1.092716,POL,ITA,551642
11900558,179,111,7496,2017,0.0,246426.0,0.527046,2.264624,PRT,ITA,551642
11900559,183,111,7496,2017,0.0,15587.0,-0.361327,-1.066869,QAT,ITA,551642
11900560,185,111,7496,2017,12202.0,444531.0,1.05479,0.9842219999999999,ROU,ITA,551642
11900561,186,111,7496,2017,0.0,121021.0,0.32885,0.288392,RUS,ITA,551642
11900562,188,111,7496,2017,0.0,13766.0,0.597716,-0.345049,SAU,ITA,551642
11900563,201,111,7496,2017,0.0,5911.0,0.541644,1.19872,SRB,ITA,551642
11900564,206,111,7496,2017,0.0,42332.0,1.279606,0.85503,SVK,ITA,551642
11900565,207,111,7496,2017,2412.0,1884.0,1.600319,0.854305,SVN,ITA,551642
11900566,208,111,7496,2017,0.0,4855.0,1.764732,0.732646,SWE,ITA,551642
11900567,223,111,7496,2017,0.0,1909.0,0.224119,0.961772,TUN,ITA,551642
11900568,224,111,7496,2017,161968.0,95127.0,0.541611,2.405872,TUR,ITA,551642
11900569,228,111,7496,2017,0.0,11143.0,0.461109,0.7826569999999999,UKR,ITA,551642
11900570,231,111,7496,2017,1552.0,232030.0,1.601478,0.277271,USA,ITA,551642
11900571,239,111,7496,2017,0.0,22006.0,-0.009819,0.686429,VNM,ITA,551642
11900572,246,111,7496,2017,0.0,4146.0,0.2066,1.378591,ZAF,ITA,551642
11900573,97,113,7496,2017,7225.0,0.0,0.824982,1.7162220000000001,HKG,JOR,551642
11900574,111,113,7496,2017,21342.0,0.0,1.34395,0.577693,ITA,JOR,551642
11900575,168,113,7496,2017,13210.0,0.0,-0.698561,0.43523500000000004,PAK,JOR,551642
11900576,224,113,7496,2017,2420644.0,0.0,0.541611,2.405872,TUR,JOR,551642
11900577,249,113,7496,2017,56118.0,0.0,2.0548290000000002,1.2552969999999999,TWN,JOR,551642
11900578,7,114,7496,2017,0.0,3675.0,0.210477,0.02557,ARE,JPN,551642
11900579,14,114,7496,2017,0.0,3751.0,-0.42427200000000004,-0.152921,AUS,JPN,551642
11900580,22,114,7496,2017,0.0,10371.0,-1.016251,-0.987654,BGD,JPN,551642
11900581,23,114,7496,2017,0.0,16775.0,0.557843,1.7221119999999999,BGR,JPN,551642
11900582,24,114,7496,2017,0.0,4374.0,0.485479,-0.5348890000000001,BHR,JPN,551642
11900583,43,114,7496,2017,257988.0,1097461.0,1.1127790000000002,1.56869,CHN,JPN,551642
11900584,61,114,7496,2017,0.0,12803.0,2.1149459999999998,-2.525372,DEU,JPN,551642
11900585,71,114,7496,2017,1428.0,0.0,0.734342,2.8180099999999997,ESP,JPN,551642
11900586,77,114,7496,2017,2156.0,10391.0,1.398427,0.894732,FRA,JPN,551642
11900587,81,114,7496,2017,5678.0,0.0,1.6883119999999998,0.8347469999999999,GBR,JPN,551642
11900588,97,114,7496,2017,0.0,105141.0,0.824982,1.7162220000000001,HKG,JPN,551642
11900589,104,114,7496,2017,0.0,65661.0,0.290576,2.726391,IND,JPN,551642
11900590,107,114,7496,2017,0.0,6787.0,-0.361292,-0.361813,IRN,JPN,551642
11900591,111,114,7496,2017,197146.0,22403.0,1.34395,0.577693,ITA,JPN,551642
11900592,118,114,7496,2017,0.0,3535.0,-0.656325,-0.622167,KHM,JPN,551642
11900593,121,114,7496,2017,206380.0,44530.0,2.011263,0.783215,KOR,JPN,551642
11900594,128,114,7496,2017,0.0,3138.0,-0.46442799999999995,0.472132,LKA,JPN,551642
11900595,143,114,7496,2017,0.0,11801.0,-1.051544,-0.419183,MMR,JPN,551642
11900596,153,114,7496,2017,0.0,3921.0,1.0110139999999999,0.6840729999999999,MYS,JPN,551642
11900597,174,114,7496,2017,0.0,40045.0,0.657759,0.170061,PHL,JPN,551642
11900598,179,114,7496,2017,11596.0,0.0,0.527046,2.264624,PRT,JPN,551642
11900599,185,114,7496,2017,0.0,3873.0,1.05479,0.9842219999999999,ROU,JPN,551642
11900600,186,114,7496,2017,0.0,1918.0,0.32885,0.288392,RUS,JPN,551642
11900601,192,114,7496,2017,0.0,2928.0,1.884166,0.37903600000000004,SGP,JPN,551642
11900602,208,114,7496,2017,4317.0,0.0,1.764732,0.732646,SWE,JPN,551642
11900603,216,114,7496,2017,178795.0,27531.0,0.983977,1.3926020000000001,THA,JPN,551642
11900604,224,114,7496,2017,1432.0,0.0,0.541611,2.405872,TUR,JPN,551642
11900605,231,114,7496,2017,0.0,11213.0,1.601478,0.277271,USA,JPN,551642
11900606,239,114,7496,2017,0.0,297733.0,-0.009819,0.686429,VNM,JPN,551642
11900607,249,114,7496,2017,0.0,18965.0,2.0548290000000002,1.2552969999999999,TWN,JPN,551642
11900608,39,121,7496,2017,0.0,1167.0,0.73897,1.206402,CAN,KOR,551642
11900609,43,121,7496,2017,670210.0,474354.0,1.1127790000000002,1.56869,CHN,KOR,551642
11900610,61,121,7496,2017,1686.0,18501.0,2.1149459999999998,-2.525372,DEU,KOR,551642
11900611,71,121,7496,2017,3449.0,0.0,0.734342,2.8180099999999997,ESP,KOR,551642
11900612,77,121,7496,2017,0.0,7083.0,1.398427,0.894732,FRA,KOR,551642
11900613,81,121,7496,2017,0.0,12206.0,1.6883119999999998,0.8347469999999999,GBR,KOR,551642
11900614,90,121,7496,2017,2113.0,0.0,0.154098,1.151038,GRC,KOR,551642
11900615,97,121,7496,2017,0.0,178934.0,0.824982,1.7162220000000001,HKG,KOR,551642
11900616,103,121,7496,2017,81334.0,76134.0,-0.23641700000000002,1.188173,IDN,KOR,551642
11900617,104,121,7496,2017,0.0,1650.0,0.290576,2.726391,IND,KOR,551642
11900618,111,121,7496,2017,47250.0,0.0,1.34395,0.577693,ITA,KOR,551642
11900619,114,121,7496,2017,44530.0,206380.0,2.4510419999999997,-0.277357,JPN,KOR,551642
11900620,138,121,7496,2017,0.0,3425.0,1.08871,0.5745279999999999,MEX,KOR,551642
11900621,140,121,7496,2017,0.0,3507.0,-0.0292,-0.377156,MKD,KOR,551642
11900622,153,121,7496,2017,0.0,1884.0,1.0110139999999999,0.6840729999999999,MYS,KOR,551642
11900623,162,121,7496,2017,0.0,6781.0,1.146959,1.470869,NLD,KOR,551642
11900624,174,121,7496,2017,0.0,28855.0,0.657759,0.170061,PHL,KOR,551642
11900625,177,121,7496,2017,0.0,24329.0,1.197417,1.092716,POL,KOR,551642
11900626,224,121,7496,2017,46637.0,0.0,0.541611,2.405872,TUR,KOR,551642
11900627,231,121,7496,2017,0.0,47395.0,1.601478,0.277271,USA,KOR,551642
11900628,239,121,7496,2017,0.0,121207.0,-0.009819,0.686429,VNM,KOR,551642
11900629,43,122,7496,2017,14118.0,0.0,1.1127790000000002,1.56869,CHN,KWT,551642
11900630,104,122,7496,2017,3650.0,0.0,0.290576,2.726391,IND,KWT,551642
11900631,111,122,7496,2017,1647.0,0.0,1.34395,0.577693,ITA,KWT,551642
11900632,43,138,7496,2017,178574.0,0.0,1.1127790000000002,1.56869,CHN,MEX,551642
11900633,61,138,7496,2017,0.0,2995.0,2.1149459999999998,-2.525372,DEU,MEX,551642
11900634,71,138,7496,2017,29871.0,0.0,0.734342,2.8180099999999997,ESP,MEX,551642
11900635,104,138,7496,2017,21651.0,0.0,0.290576,2.726391,IND,MEX,551642
11900636,111,138,7496,2017,1587.0,0.0,1.34395,0.577693,ITA,MEX,551642
11900637,121,138,7496,2017,3425.0,0.0,2.011263,0.783215,KOR,MEX,551642
11900638,224,138,7496,2017,121747.0,0.0,0.541611,2.405872,TUR,MEX,551642
11900639,231,138,7496,2017,1146350.0,3571.0,1.601478,0.277271,USA,MEX,551642
11900640,43,143,7496,2017,331519.0,0.0,1.1127790000000002,1.56869,CHN,MMR,551642
11900641,97,143,7496,2017,8134.0,0.0,0.824982,1.7162220000000001,HKG,MMR,551642
11900642,114,143,7496,2017,11801.0,0.0,2.4510419999999997,-0.277357,JPN,MMR,551642
11900643,43,153,7496,2017,1371.0,0.0,1.1127790000000002,1.56869,CHN,MYS,551642
11900644,71,153,7496,2017,1815.0,0.0,0.734342,2.8180099999999997,ESP,MYS,551642
11900645,97,153,7496,2017,19580.0,0.0,0.824982,1.7162220000000001,HKG,MYS,551642
11900646,104,153,7496,2017,17363.0,0.0,0.290576,2.726391,IND,MYS,551642
11900647,114,153,7496,2017,3921.0,0.0,2.4510419999999997,-0.277357,JPN,MYS,551642
11900648,121,153,7496,2017,1884.0,0.0,2.011263,0.783215,KOR,MYS,551642
11900649,216,153,7496,2017,7306.0,0.0,0.983977,1.3926020000000001,THA,MYS,551642
11900650,224,153,7496,2017,11172.0,0.0,0.541611,2.405872,TUR,MYS,551642
11900651,18,162,7496,2017,3202.0,0.0,1.292657,1.19571,BEL,NLD,551642
11900652,43,162,7496,2017,28084.0,0.0,1.1127790000000002,1.56869,CHN,NLD,551642
11900653,61,162,7496,2017,3529.0,8327.0,2.1149459999999998,-2.525372,DEU,NLD,551642
11900654,71,162,7496,2017,2792.0,0.0,0.734342,2.8180099999999997,ESP,NLD,551642
11900655,77,162,7496,2017,14568.0,0.0,1.398427,0.894732,FRA,NLD,551642
11900656,81,162,7496,2017,4068.0,0.0,1.6883119999999998,0.8347469999999999,GBR,NLD,551642
11900657,97,162,7496,2017,0.0,2852.0,0.824982,1.7162220000000001,HKG,NLD,551642
11900658,102,162,7496,2017,0.0,3375.0,1.4886270000000001,0.845986,HUN,NLD,551642
11900659,111,162,7496,2017,17247.0,0.0,1.34395,0.577693,ITA,NLD,551642
11900660,121,162,7496,2017,6781.0,0.0,2.011263,0.783215,KOR,NLD,551642
11900661,134,162,7496,2017,0.0,5166.0,-0.757236,-0.065347,MAR,NLD,551642
11900662,140,162,7496,2017,0.0,7681.0,-0.0292,-0.377156,MKD,NLD,551642
11900663,185,162,7496,2017,0.0,23014.0,1.05479,0.9842219999999999,ROU,NLD,551642
11900664,207,162,7496,2017,15914.0,0.0,1.600319,0.854305,SVN,NLD,551642
11900665,223,162,7496,2017,0.0,939.0,0.224119,0.961772,TUN,NLD,551642
11900666,224,162,7496,2017,16927.0,0.0,0.541611,2.405872,TUR,NLD,551642
11900667,228,162,7496,2017,111379.0,1143089.0,0.461109,0.7826569999999999,UKR,NLD,551642
11900668,231,162,7496,2017,4163.0,0.0,1.601478,0.277271,USA,NLD,551642
11900669,71,163,7496,2017,6014.0,0.0,0.734342,2.8180099999999997,ESP,NOR,551642
11900670,77,163,7496,2017,2466.0,0.0,1.398427,0.894732,FRA,NOR,551642
11900671,111,163,7496,2017,4307.0,0.0,1.34395,0.577693,ITA,NOR,551642
11900672,208,163,7496,2017,1283.0,0.0,1.764732,0.732646,SWE,NOR,551642
11900673,14,166,7496,2017,3402.0,31933.0,-0.42427200000000004,-0.152921,AUS,NZL,551642
11900674,18,166,7496,2017,3058.0,0.0,1.292657,1.19571,BEL,NZL,551642
11900675,43,166,7496,2017,2311.0,36624.0,1.1127790000000002,1.56869,CHN,NZL,551642
11900676,75,166,7496,2017,0.0,13290.0,-0.278276,-0.033997,FJI,NZL,551642
11900677,77,166,7496,2017,1059.0,0.0,1.398427,0.894732,FRA,NZL,551642
11900678,104,166,7496,2017,3424.0,0.0,0.290576,2.726391,IND,NZL,551642
11900679,111,166,7496,2017,13298.0,0.0,1.34395,0.577693,ITA,NZL,551642
11900680,231,166,7496,2017,0.0,44726.0,1.601478,0.277271,USA,NZL,551642
11900681,249,166,7496,2017,2857.0,0.0,2.0548290000000002,1.2552969999999999,TWN,NZL,551642
11900682,26,168,7496,2017,0.0,400.0,0.43245,0.726721,BIH,PAK,551642
11900683,42,168,7496,2017,0.0,2555.0,-0.378693,-0.492983,CHL,PAK,551642
11900684,43,168,7496,2017,24745.0,0.0,1.1127790000000002,1.56869,CHN,PAK,551642
11900685,66,168,7496,2017,0.0,154491.0,-0.9905579999999999,-1.1996200000000001,DZA,PAK,551642
11900686,97,168,7496,2017,0.0,25140.0,0.824982,1.7162220000000001,HKG,PAK,551642
11900687,113,168,7496,2017,0.0,13210.0,0.020035,0.295415,JOR,PAK,551642
11900688,124,168,7496,2017,0.0,8032.0,0.266847,1.117621,LBN,PAK,551642
11900689,167,168,7496,2017,0.0,165488.0,-0.347684,-0.884569,OMN,PAK,551642
11900690,43,173,7496,2017,22473.0,0.0,1.1127790000000002,1.56869,CHN,PER,551642
11900691,71,173,7496,2017,1785.0,0.0,0.734342,2.8180099999999997,ESP,PER,551642
11900692,43,174,7496,2017,111814.0,0.0,1.1127790000000002,1.56869,CHN,PHL,551642
11900693,97,174,7496,2017,22735.0,0.0,0.824982,1.7162220000000001,HKG,PHL,551642
11900694,114,174,7496,2017,40045.0,0.0,2.4510419999999997,-0.277357,JPN,PHL,551642
11900695,121,174,7496,2017,28855.0,0.0,2.011263,0.783215,KOR,PHL,551642
11900696,208,174,7496,2017,1928.0,0.0,1.764732,0.732646,SWE,PHL,551642
11900697,216,174,7496,2017,11884.0,0.0,0.983977,1.3926020000000001,THA,PHL,551642
11900698,224,174,7496,2017,8681.0,0.0,0.541611,2.405872,TUR,PHL,551642
11900699,249,174,7496,2017,17413.0,0.0,2.0548290000000002,1.2552969999999999,TWN,PHL,551642
11900700,15,177,7496,2017,1206.0,0.0,1.728623,-0.031045999999999997,AUT,POL,551642
11900701,18,177,7496,2017,203632.0,0.0,1.292657,1.19571,BEL,POL,551642
11900702,23,177,7496,2017,31162.0,20475.0,0.557843,1.7221119999999999,BGR,POL,551642
11900703,28,177,7496,2017,0.0,16573.0,0.8115829999999999,0.8323459999999999,BLR,POL,551642
11900704,43,177,7496,2017,139331.0,0.0,1.1127790000000002,1.56869,CHN,POL,551642
11900705,61,177,7496,2017,290034.0,3504.0,2.1149459999999998,-2.525372,DEU,POL,551642
11900706,77,177,7496,2017,35617.0,0.0,1.398427,0.894732,FRA,POL,551642
11900707,81,177,7496,2017,3578.0,0.0,1.6883119999999998,0.8347469999999999,GBR,POL,551642
11900708,102,177,7496,2017,5105.0,0.0,1.4886270000000001,0.845986,HUN,POL,551642
11900709,104,177,7496,2017,637963.0,0.0,0.290576,2.726391,IND,POL,551642
11900710,111,177,7496,2017,21088.0,0.0,1.34395,0.577693,ITA,POL,551642
11900711,121,177,7496,2017,24329.0,0.0,2.011263,0.783215,KOR,POL,551642
11900712,135,177,7496,2017,0.0,194347.0,-0.24909,-0.181213,MDA,POL,551642
11900713,179,177,7496,2017,10814.0,4609.0,0.527046,2.264624,PRT,POL,551642
11900714,207,177,7496,2017,21804.0,87201.0,1.600319,0.854305,SVN,POL,551642
11900715,224,177,7496,2017,68415.0,0.0,0.541611,2.405872,TUR,POL,551642
11900716,228,177,7496,2017,0.0,6681.0,0.461109,0.7826569999999999,UKR,POL,551642
11900717,231,177,7496,2017,1301.0,0.0,1.601478,0.277271,USA,POL,551642
11900718,2,179,7496,2017,0.0,2948.0,-1.408777,-1.215475,AGO,PRT,551642
11900719,18,179,7496,2017,0.0,3570.0,1.292657,1.19571,BEL,PRT,551642
11900720,51,179,7496,2017,0.0,1981.0,-0.11722300000000001,-0.677707,CPV,PRT,551642
11900721,61,179,7496,2017,1191.0,14879.0,2.1149459999999998,-2.525372,DEU,PRT,551642
11900722,64,179,7496,2017,0.0,1568.0,1.159753,1.233914,DNK,PRT,551642
11900723,71,179,7496,2017,49506.0,273522.0,0.734342,2.8180099999999997,ESP,PRT,551642
11900724,77,179,7496,2017,8635.0,5874.0,1.398427,0.894732,FRA,PRT,551642
11900725,81,179,7496,2017,7531.0,1656.0,1.6883119999999998,0.8347469999999999,GBR,PRT,551642
11900726,97,179,7496,2017,0.0,71975.0,0.824982,1.7162220000000001,HKG,PRT,551642
11900727,102,179,7496,2017,0.0,13644.0,1.4886270000000001,0.845986,HUN,PRT,551642
11900728,111,179,7496,2017,246426.0,0.0,1.34395,0.577693,ITA,PRT,551642
11900729,114,179,7496,2017,0.0,11596.0,2.4510419999999997,-0.277357,JPN,PRT,551642
11900730,134,179,7496,2017,0.0,45625.0,-0.757236,-0.065347,MAR,PRT,551642
11900731,177,179,7496,2017,4609.0,10814.0,1.197417,1.092716,POL,PRT,551642
11900732,207,179,7496,2017,0.0,24103.0,1.600319,0.854305,SVN,PRT,551642
11900733,208,179,7496,2017,0.0,964.0,1.764732,0.732646,SWE,PRT,551642
11900734,224,179,7496,2017,25640.0,0.0,0.541611,2.405872,TUR,PRT,551642
11900735,231,179,7496,2017,0.0,5367.0,1.601478,0.277271,USA,PRT,551642
11900736,15,186,7496,2017,6003.0,0.0,1.728623,-0.031045999999999997,AUT,RUS,551642
11900737,23,186,7496,2017,2138.0,0.0,0.557843,1.7221119999999999,BGR,RUS,551642
11900738,28,186,7496,2017,4575.0,18078.0,0.8115829999999999,0.8323459999999999,BLR,RUS,551642
11900739,43,186,7496,2017,21877.0,0.0,1.1127790000000002,1.56869,CHN,RUS,551642
11900740,59,186,7496,2017,195357.0,0.0,1.7715130000000001,0.359668,CZE,RUS,551642
11900741,61,186,7496,2017,6729.0,0.0,2.1149459999999998,-2.525372,DEU,RUS,551642
11900742,71,186,7496,2017,1574.0,0.0,0.734342,2.8180099999999997,ESP,RUS,551642
11900743,74,186,7496,2017,1066.0,0.0,1.655957,0.962485,FIN,RUS,551642
11900744,77,186,7496,2017,2510.0,0.0,1.398427,0.894732,FRA,RUS,551642
11900745,81,186,7496,2017,13014.0,1363.0,1.6883119999999998,0.8347469999999999,GBR,RUS,551642
11900746,104,186,7496,2017,1298.0,0.0,0.290576,2.726391,IND,RUS,551642
11900747,111,186,7496,2017,121021.0,0.0,1.34395,0.577693,ITA,RUS,551642
11900748,114,186,7496,2017,1918.0,0.0,2.4510419999999997,-0.277357,JPN,RUS,551642
11900749,115,186,7496,2017,0.0,1432.0,-0.394316,-0.5485979999999999,KAZ,RUS,551642
11900750,130,186,7496,2017,14875.0,0.0,0.855858,1.447717,LTU,RUS,551642
11900751,224,186,7496,2017,13076.0,0.0,0.541611,2.405872,TUR,RUS,551642
11900752,231,186,7496,2017,7730.0,0.0,1.601478,0.277271,USA,RUS,551642
11900753,71,188,7496,2017,1738.0,0.0,0.734342,2.8180099999999997,ESP,SAU,551642
11900754,77,188,7496,2017,4055.0,0.0,1.398427,0.894732,FRA,SAU,551642
11900755,111,188,7496,2017,13766.0,0.0,1.34395,0.577693,ITA,SAU,551642
11900756,224,188,7496,2017,58775.0,0.0,0.541611,2.405872,TUR,SAU,551642
11900757,104,190,7496,2017,3148.0,0.0,0.290576,2.726391,IND,SDN,551642
11900758,43,192,7496,2017,8943.0,3405.0,1.1127790000000002,1.56869,CHN,SGP,551642
11900759,77,192,7496,2017,2395.0,0.0,1.398427,0.894732,FRA,SGP,551642
11900760,97,192,7496,2017,8907.0,1166.0,0.824982,1.7162220000000001,HKG,SGP,551642
11900761,114,192,7496,2017,2928.0,0.0,2.4510419999999997,-0.277357,JPN,SGP,551642
11900762,211,192,7496,2017,0.0,97242.0,0.41946000000000006,-0.523274,SYC,SGP,551642
11900763,71,197,7496,2017,4623.0,0.0,0.734342,2.8180099999999997,ESP,SLV,551642
11900764,61,208,7496,2017,984.0,0.0,2.1149459999999998,-2.525372,DEU,SWE,551642
11900765,71,208,7496,2017,2471.0,0.0,0.734342,2.8180099999999997,ESP,SWE,551642
11900766,77,208,7496,2017,6213.0,0.0,1.398427,0.894732,FRA,SWE,551642
11900767,81,208,7496,2017,1779.0,1004.0,1.6883119999999998,0.8347469999999999,GBR,SWE,551642
11900768,97,208,7496,2017,0.0,1226.0,0.824982,1.7162220000000001,HKG,SWE,551642
11900769,100,208,7496,2017,0.0,45597.0,0.860825,1.365445,HRV,SWE,551642
11900770,111,208,7496,2017,4855.0,0.0,1.34395,0.577693,ITA,SWE,551642
11900771,114,208,7496,2017,0.0,4317.0,2.4510419999999997,-0.277357,JPN,SWE,551642
11900772,163,208,7496,2017,0.0,1283.0,0.73658,0.11450199999999999,NOR,SWE,551642
11900773,174,208,7496,2017,0.0,1928.0,0.657759,0.170061,PHL,SWE,551642
11900774,179,208,7496,2017,964.0,0.0,0.527046,2.264624,PRT,SWE,551642
11900775,224,208,7496,2017,0.0,4403.0,0.541611,2.405872,TUR,SWE,551642
11900776,239,208,7496,2017,0.0,705.0,-0.009819,0.686429,VNM,SWE,551642
11900777,39,216,7496,2017,0.0,1702.0,0.73897,1.206402,CAN,THA,551642
11900778,43,216,7496,2017,45219.0,7204.0,1.1127790000000002,1.56869,CHN,THA,551642
11900779,71,216,7496,2017,1428.0,0.0,0.734342,2.8180099999999997,ESP,THA,551642
11900780,77,216,7496,2017,1650.0,0.0,1.398427,0.894732,FRA,THA,551642
11900781,81,216,7496,2017,0.0,9647.0,1.6883119999999998,0.8347469999999999,GBR,THA,551642
11900782,97,216,7496,2017,0.0,1525.0,0.824982,1.7162220000000001,HKG,THA,551642
11900783,102,216,7496,2017,0.0,2315.0,1.4886270000000001,0.845986,HUN,THA,551642
11900784,114,216,7496,2017,27531.0,178795.0,2.4510419999999997,-0.277357,JPN,THA,551642
11900785,134,216,7496,2017,0.0,4791.0,-0.757236,-0.065347,MAR,THA,551642
11900786,153,216,7496,2017,0.0,7306.0,1.0110139999999999,0.6840729999999999,MYS,THA,551642
11900787,174,216,7496,2017,0.0,11884.0,0.657759,0.170061,PHL,THA,551642
11900788,231,216,7496,2017,0.0,2837.0,1.601478,0.277271,USA,THA,551642
11900789,239,216,7496,2017,0.0,78874.0,-0.009819,0.686429,VNM,THA,551642
11900790,8,224,7496,2017,0.0,9260.0,-0.120753,0.233375,ARG,TUR,551642
11900791,14,224,7496,2017,0.0,53938.0,-0.42427200000000004,-0.152921,AUS,TUR,551642
11900792,15,224,7496,2017,10255.0,3302.0,1.728623,-0.031045999999999997,AUT,TUR,551642
11900793,18,224,7496,2017,1952.0,0.0,1.292657,1.19571,BEL,TUR,551642
11900794,22,224,7496,2017,0.0,896301.0,-1.016251,-0.987654,BGD,TUR,551642
11900795,23,224,7496,2017,0.0,55132.0,0.557843,1.7221119999999999,BGR,TUR,551642
11900796,26,224,7496,2017,0.0,1158.0,0.43245,0.726721,BIH,TUR,551642
11900797,28,224,7496,2017,0.0,10620.0,0.8115829999999999,0.8323459999999999,BLR,TUR,551642
11900798,39,224,7496,2017,0.0,19779.0,0.73897,1.206402,CAN,TUR,551642
11900799,43,224,7496,2017,15975.0,75835.0,1.1127790000000002,1.56869,CHN,TUR,551642
11900800,49,224,7496,2017,0.0,89764.0,0.208096,-0.17644300000000002,COL,TUR,551642
11900801,58,224,7496,2017,0.0,40884.0,0.576982,0.279989,CYP,TUR,551642
11900802,61,224,7496,2017,21685.0,56794.0,2.1149459999999998,-2.525372,DEU,TUR,551642
11900803,65,224,7496,2017,0.0,12723.0,-0.168016,0.30840100000000004,DOM,TUR,551642
11900804,71,224,7496,2017,1238794.0,350524.0,0.734342,2.8180099999999997,ESP,TUR,551642
11900805,77,224,7496,2017,17774.0,16923.0,1.398427,0.894732,FRA,TUR,551642
11900806,81,224,7496,2017,0.0,63796.0,1.6883119999999998,0.8347469999999999,GBR,TUR,551642
11900807,82,224,7496,2017,0.0,2869.0,-0.241749,-0.374727,GEO,TUR,551642
11900808,90,224,7496,2017,0.0,10705.0,0.154098,1.151038,GRC,TUR,551642
11900809,97,224,7496,2017,0.0,13558.0,0.824982,1.7162220000000001,HKG,TUR,551642
11900810,99,224,7496,2017,0.0,31864.0,-0.6335689999999999,-0.334201,HND,TUR,551642
11900811,102,224,7496,2017,0.0,17670.0,1.4886270000000001,0.845986,HUN,TUR,551642
11900812,103,224,7496,2017,0.0,3997.0,-0.23641700000000002,1.188173,IDN,TUR,551642
11900813,104,224,7496,2017,0.0,935.0,0.290576,2.726391,IND,TUR,551642
11900814,107,224,7496,2017,0.0,291036.0,-0.361292,-0.361813,IRN,TUR,551642
11900815,110,224,7496,2017,0.0,6011.0,1.436156,0.776574,ISR,TUR,551642
11900816,111,224,7496,2017,95127.0,161968.0,1.34395,0.577693,ITA,TUR,551642
11900817,113,224,7496,2017,0.0,2420644.0,0.020035,0.295415,JOR,TUR,551642
11900818,114,224,7496,2017,0.0,1432.0,2.4510419999999997,-0.277357,JPN,TUR,551642
11900819,116,224,7496,2017,0.0,1982.0,-0.579541,0.511926,KEN,TUR,551642
11900820,121,224,7496,2017,0.0,46637.0,2.011263,0.783215,KOR,TUR,551642
11900821,128,224,7496,2017,0.0,103061.0,-0.46442799999999995,0.472132,LKA,TUR,551642
11900822,130,224,7496,2017,0.0,56114.0,0.855858,1.447717,LTU,TUR,551642
11900823,132,224,7496,2017,0.0,7991.0,0.684555,1.3208030000000002,LVA,TUR,551642
11900824,134,224,7496,2017,0.0,84392.0,-0.757236,-0.065347,MAR,TUR,551642
11900825,135,224,7496,2017,0.0,12494.0,-0.24909,-0.181213,MDA,TUR,551642
11900826,138,224,7496,2017,0.0,121747.0,1.08871,0.5745279999999999,MEX,TUR,551642
11900827,140,224,7496,2017,0.0,61628.0,-0.0292,-0.377156,MKD,TUR,551642
11900828,153,224,7496,2017,0.0,11172.0,1.0110139999999999,0.6840729999999999,MYS,TUR,551642
11900829,162,224,7496,2017,0.0,16927.0,1.146959,1.470869,NLD,TUR,551642
11900830,174,224,7496,2017,0.0,8681.0,0.657759,0.170061,PHL,TUR,551642
11900831,177,224,7496,2017,0.0,68415.0,1.197417,1.092716,POL,TUR,551642
11900832,179,224,7496,2017,0.0,25640.0,0.527046,2.264624,PRT,TUR,551642
11900833,185,224,7496,2017,0.0,125377.0,1.05479,0.9842219999999999,ROU,TUR,551642
11900834,186,224,7496,2017,0.0,13076.0,0.32885,0.288392,RUS,TUR,551642
11900835,188,224,7496,2017,0.0,58775.0,0.597716,-0.345049,SAU,TUR,551642
11900836,201,224,7496,2017,0.0,1040.0,0.541644,1.19872,SRB,TUR,551642
11900837,208,224,7496,2017,4403.0,0.0,1.764732,0.732646,SWE,TUR,551642
11900838,223,224,7496,2017,0.0,245843.0,0.224119,0.961772,TUN,TUR,551642
11900839,228,224,7496,2017,0.0,19609.0,0.461109,0.7826569999999999,UKR,TUR,551642
11900840,231,224,7496,2017,0.0,577280.0,1.601478,0.277271,USA,TUR,551642
11900841,239,224,7496,2017,0.0,62144.0,-0.009819,0.686429,VNM,TUR,551642
11900842,249,224,7496,2017,0.0,1533.0,2.0548290000000002,1.2552969999999999,TWN,TUR,551642
11900843,250,224,7496,2017,0.0,2897.0,0.72523,-0.205046,ANS,TUR,551642
11900844,18,228,7496,2017,20320.0,0.0,1.292657,1.19571,BEL,UKR,551642
11900845,23,228,7496,2017,5601.0,0.0,0.557843,1.7221119999999999,BGR,UKR,551642
11900846,43,228,7496,2017,57557.0,0.0,1.1127790000000002,1.56869,CHN,UKR,551642
11900847,61,228,7496,2017,41936.0,6004.0,2.1149459999999998,-2.525372,DEU,UKR,551642
11900848,77,228,7496,2017,36480.0,0.0,1.398427,0.894732,FRA,UKR,551642
11900849,102,228,7496,2017,31582.0,0.0,1.4886270000000001,0.845986,HUN,UKR,551642
11900850,111,228,7496,2017,11143.0,0.0,1.34395,0.577693,ITA,UKR,551642
11900851,162,228,7496,2017,1143089.0,111379.0,1.146959,1.470869,NLD,UKR,551642
11900852,177,228,7496,2017,6681.0,0.0,1.197417,1.092716,POL,UKR,551642
11900853,224,228,7496,2017,19609.0,0.0,0.541611,2.405872,TUR,UKR,551642
11900854,15,231,7496,2017,0.0,1423.0,1.728623,-0.031045999999999997,AUT,USA,551642
11900855,18,231,7496,2017,15456.0,0.0,1.292657,1.19571,BEL,USA,551642
11900856,30,231,7496,2017,0.0,5255.0,1.06318,-0.48345,BMU,USA,551642
11900857,32,231,7496,2017,10838.0,0.0,0.145224,0.483461,BRA,USA,551642
11900858,39,231,7496,2017,29246.0,318591.0,0.73897,1.206402,CAN,USA,551642
11900859,41,231,7496,2017,75016.0,0.0,2.2557810000000003,0.845459,CHE,USA,551642
11900860,43,231,7496,2017,1468202.0,61315.0,1.1127790000000002,1.56869,CHN,USA,551642
11900861,61,231,7496,2017,24849.0,0.0,2.1149459999999998,-2.525372,DEU,USA,551642
11900862,71,231,7496,2017,209906.0,893.0,0.734342,2.8180099999999997,ESP,USA,551642
11900863,77,231,7496,2017,84004.0,0.0,1.398427,0.894732,FRA,USA,551642
11900864,81,231,7496,2017,8352.0,0.0,1.6883119999999998,0.8347469999999999,GBR,USA,551642
11900865,97,231,7496,2017,2332.0,45605.0,0.824982,1.7162220000000001,HKG,USA,551642
11900866,104,231,7496,2017,59641.0,0.0,0.290576,2.726391,IND,USA,551642
11900867,111,231,7496,2017,232030.0,1552.0,1.34395,0.577693,ITA,USA,551642
11900868,114,231,7496,2017,11213.0,0.0,2.4510419999999997,-0.277357,JPN,USA,551642
11900869,121,231,7496,2017,47395.0,0.0,2.011263,0.783215,KOR,USA,551642
11900870,138,231,7496,2017,3571.0,1146350.0,1.08871,0.5745279999999999,MEX,USA,551642
11900871,162,231,7496,2017,0.0,4163.0,1.146959,1.470869,NLD,USA,551642
11900872,166,231,7496,2017,44726.0,0.0,0.25651199999999996,0.132996,NZL,USA,551642
11900873,177,231,7496,2017,0.0,1301.0,1.197417,1.092716,POL,USA,551642
11900874,179,231,7496,2017,5367.0,0.0,0.527046,2.264624,PRT,USA,551642
11900875,186,231,7496,2017,0.0,7730.0,0.32885,0.288392,RUS,USA,551642
11900876,216,231,7496,2017,2837.0,0.0,0.983977,1.3926020000000001,THA,USA,551642
11900877,224,231,7496,2017,577280.0,0.0,0.541611,2.405872,TUR,USA,551642
11900878,239,231,7496,2017,0.0,4719.0,-0.009819,0.686429,VNM,USA,551642
11900879,249,231,7496,2017,29344.0,0.0,2.0548290000000002,1.2552969999999999,TWN,USA,551642
11900880,43,246,7496,2017,9067.0,0.0,1.1127790000000002,1.56869,CHN,ZAF,551642
11900881,104,246,7496,2017,7066.0,0.0,0.290576,2.726391,IND,ZAF,551642
11900882,111,246,7496,2017,4146.0,0.0,1.34395,0.577693,ITA,ZAF,551642
11900883,43,249,7496,2017,2756.0,55224.0,1.1127790000000002,1.56869,CHN,TWN,551642
11900884,71,249,7496,2017,19115.0,0.0,0.734342,2.8180099999999997,ESP,TWN,551642
11900885,90,249,7496,2017,4276.0,0.0,0.154098,1.151038,GRC,TWN,551642
11900886,97,249,7496,2017,759.0,91211.0,0.824982,1.7162220000000001,HKG,TWN,551642
11900887,113,249,7496,2017,0.0,56118.0,0.020035,0.295415,JOR,TWN,551642
11900888,114,249,7496,2017,18965.0,0.0,2.4510419999999997,-0.277357,JPN,TWN,551642
11900889,166,249,7496,2017,0.0,2857.0,0.25651199999999996,0.132996,NZL,TWN,551642
11900890,174,249,7496,2017,0.0,17413.0,0.657759,0.170061,PHL,TWN,551642
11900891,224,249,7496,2017,1533.0,0.0,0.541611,2.405872,TUR,TWN,551642
11900892,231,249,7496,2017,0.0,29344.0,1.601478,0.277271,USA,TWN,551642
11900893,239,249,7496,2017,0.0,177558.0,-0.009819,0.686429,VNM,TWN,551642
11900894,71,250,7496,2017,0.0,3382.0,0.734342,2.8180099999999997,ESP,ANS,551642
11900895,77,250,7496,2017,0.0,1501.0,1.398427,0.894732,FRA,ANS,551642
11900896,104,250,7496,2017,0.0,6079.0,0.290576,2.726391,IND,ANS,551642
11900897,206,250,7496,2017,0.0,8429.0,1.279606,0.85503,SVK,ANS,551642
11900898,223,250,7496,2017,0.0,34677.0,0.224119,0.961772,TUN,ANS,551642
11900899,224,250,7496,2017,2897.0,0.0,0.541611,2.405872,TUR,ANS,551642
11900900,43,14,7496,2017,28553.0,0.0,1.1127790000000002,1.56869,CHN,AUS,551642
11900901,61,14,7496,2017,1604.0,0.0,2.1149459999999998,-2.525372,DEU,AUS,551642
11900902,71,14,7496,2017,979.0,0.0,0.734342,2.8180099999999997,ESP,AUS,551642
11900903,77,14,7496,2017,2520.0,0.0,1.398427,0.894732,FRA,AUS,551642
11900904,81,14,7496,2017,18302.0,0.0,1.6883119999999998,0.8347469999999999,GBR,AUS,551642
11900905,97,14,7496,2017,0.0,2584.0,0.824982,1.7162220000000001,HKG,AUS,551642
11900906,111,14,7496,2017,10995.0,0.0,1.34395,0.577693,ITA,AUS,551642
11900907,114,14,7496,2017,3751.0,0.0,2.4510419999999997,-0.277357,JPN,AUS,551642
11900908,166,14,7496,2017,31933.0,3402.0,0.25651199999999996,0.132996,NZL,AUS,551642
11900909,224,14,7496,2017,53938.0,0.0,0.541611,2.405872,TUR,AUS,551642
11900910,239,14,7496,2017,0.0,6149.0,-0.009819,0.686429,VNM,AUS,551642
11900911,43,24,7496,2017,4804.0,0.0,1.1127790000000002,1.56869,CHN,BHR,551642
11900912,77,24,7496,2017,2654.0,0.0,1.398427,0.894732,FRA,BHR,551642
11900913,81,24,7496,2017,1542.0,0.0,1.6883119999999998,0.8347469999999999,GBR,BHR,551642
11900914,111,24,7496,2017,3601.0,0.0,1.34395,0.577693,ITA,BHR,551642
11900915,114,24,7496,2017,4374.0,0.0,2.4510419999999997,-0.277357,JPN,BHR,551642
11900916,61,26,7496,2017,8979.0,0.0,2.1149459999999998,-2.525372,DEU,BIH,551642
11900917,111,26,7496,2017,1228.0,0.0,1.34395,0.577693,ITA,BIH,551642
11900918,168,26,7496,2017,400.0,0.0,-0.698561,0.43523500000000004,PAK,BIH,551642
11900919,224,26,7496,2017,1158.0,0.0,0.541611,2.405872,TUR,BIH,551642
11900920,23,28,7496,2017,1597.0,0.0,0.557843,1.7221119999999999,BGR,BLR,551642
11900921,43,28,7496,2017,46191.0,0.0,1.1127790000000002,1.56869,CHN,BLR,551642
11900922,77,28,7496,2017,3108.0,0.0,1.398427,0.894732,FRA,BLR,551642
11900923,111,28,7496,2017,3393.0,0.0,1.34395,0.577693,ITA,BLR,551642
11900924,130,28,7496,2017,977.0,0.0,0.855858,1.447717,LTU,BLR,551642
11900925,132,28,7496,2017,0.0,1614.0,0.684555,1.3208030000000002,LVA,BLR,551642
11900926,177,28,7496,2017,16573.0,0.0,1.197417,1.092716,POL,BLR,551642
11900927,186,28,7496,2017,18078.0,4575.0,0.32885,0.288392,RUS,BLR,551642
11900928,224,28,7496,2017,10620.0,0.0,0.541611,2.405872,TUR,BLR,551642
11900929,42,31,7496,2017,235468.0,0.0,-0.378693,-0.492983,CHL,BOL,551642
11900930,43,31,7496,2017,20703.0,0.0,1.1127790000000002,1.56869,CHN,BOL,551642
11900931,104,31,7496,2017,2891.0,0.0,0.290576,2.726391,IND,BOL,551642
11900932,15,59,7496,2017,3186.0,0.0,1.728623,-0.031045999999999997,AUT,CZE,551642
11900933,23,59,7496,2017,0.0,5507.0,0.557843,1.7221119999999999,BGR,CZE,551642
11900934,61,59,7496,2017,9109.0,0.0,2.1149459999999998,-2.525372,DEU,CZE,551642
11900935,77,59,7496,2017,1497.0,0.0,1.398427,0.894732,FRA,CZE,551642
11900936,111,59,7496,2017,19810.0,0.0,1.34395,0.577693,ITA,CZE,551642
11900937,186,59,7496,2017,0.0,195357.0,0.32885,0.288392,RUS,CZE,551642
11900938,206,59,7496,2017,0.0,4711.0,1.279606,0.85503,SVK,CZE,551642
11900939,207,59,7496,2017,0.0,13387.0,1.600319,0.854305,SVN,CZE,551642
11900940,43,68,7496,2017,3050.0,0.0,1.1127790000000002,1.56869,CHN,EGY,551642
11900941,61,68,7496,2017,31076.0,0.0,2.1149459999999998,-2.525372,DEU,EGY,551642
11900942,224,82,7496,2017,2869.0,0.0,0.541611,2.405872,TUR,GEO,551642
11900943,23,90,7496,2017,16953.0,7889.0,0.557843,1.7221119999999999,BGR,GRC,551642
11900944,39,90,7496,2017,0.0,1735.0,0.73897,1.206402,CAN,GRC,551642
11900945,43,90,7496,2017,0.0,1459.0,1.1127790000000002,1.56869,CHN,GRC,551642
11900946,61,90,7496,2017,7165.0,0.0,2.1149459999999998,-2.525372,DEU,GRC,551642
11900947,71,90,7496,2017,0.0,966.0,0.734342,2.8180099999999997,ESP,GRC,551642
11900948,104,90,7496,2017,8812.0,4199.0,0.290576,2.726391,IND,GRC,551642
11900949,111,90,7496,2017,13012.0,0.0,1.34395,0.577693,ITA,GRC,551642
11900950,121,90,7496,2017,0.0,2113.0,2.011263,0.783215,KOR,GRC,551642
11900951,124,90,7496,2017,0.0,1356.0,0.266847,1.117621,LBN,GRC,551642
11900952,201,90,7496,2017,0.0,1764.0,0.541644,1.19872,SRB,GRC,551642
11900953,224,90,7496,2017,10705.0,0.0,0.541611,2.405872,TUR,GRC,551642
11900954,249,90,7496,2017,0.0,4276.0,2.0548290000000002,1.2552969999999999,TWN,GRC,551642
11900955,61,100,7496,2017,1426.0,0.0,2.1149459999999998,-2.525372,DEU,HRV,551642
11900956,111,100,7496,2017,10689.0,0.0,1.34395,0.577693,ITA,HRV,551642
11900957,207,100,7496,2017,1023.0,0.0,1.600319,0.854305,SVN,HRV,551642
11900958,208,100,7496,2017,45597.0,0.0,1.764732,0.732646,SWE,HRV,551642
11900959,7,107,7496,2017,49502.0,0.0,0.210477,0.02557,ARE,IRN,551642
11900960,43,107,7496,2017,30699.0,0.0,1.1127790000000002,1.56869,CHN,IRN,551642
11900961,114,107,7496,2017,6787.0,0.0,2.4510419999999997,-0.277357,JPN,IRN,551642
11900962,224,107,7496,2017,291036.0,0.0,0.541611,2.405872,TUR,IRN,551642
11900963,43,115,7496,2017,64662.0,0.0,1.1127790000000002,1.56869,CHN,KAZ,551642
11900964,111,115,7496,2017,1926.0,0.0,1.34395,0.577693,ITA,KAZ,551642
11900965,186,115,7496,2017,1432.0,0.0,0.32885,0.288392,RUS,KAZ,551642
11900966,43,116,7496,2017,26835.0,0.0,1.1127790000000002,1.56869,CHN,KEN,551642
11900967,104,116,7496,2017,313217.0,0.0,0.290576,2.726391,IND,KEN,551642
11900968,224,116,7496,2017,1982.0,0.0,0.541611,2.405872,TUR,KEN,551642
11900969,43,118,7496,2017,725136.0,0.0,1.1127790000000002,1.56869,CHN,KHM,551642
11900970,114,118,7496,2017,3535.0,0.0,2.4510419999999997,-0.277357,JPN,KHM,551642
11900971,77,124,7496,2017,1424.0,0.0,1.398427,0.894732,FRA,LBN,551642
11900972,90,124,7496,2017,1356.0,0.0,0.154098,1.151038,GRC,LBN,551642
11900973,104,124,7496,2017,3982.0,0.0,0.290576,2.726391,IND,LBN,551642
11900974,111,124,7496,2017,1134.0,0.0,1.34395,0.577693,ITA,LBN,551642
11900975,168,124,7496,2017,8032.0,0.0,-0.698561,0.43523500000000004,PAK,LBN,551642
11900976,43,128,7496,2017,89285.0,0.0,1.1127790000000002,1.56869,CHN,LKA,551642
11900977,97,128,7496,2017,212214.0,0.0,0.824982,1.7162220000000001,HKG,LKA,551642
11900978,111,128,7496,2017,45228.0,0.0,1.34395,0.577693,ITA,LKA,551642
11900979,114,128,7496,2017,3138.0,0.0,2.4510419999999997,-0.277357,JPN,LKA,551642
11900980,211,128,7496,2017,0.0,1564.0,0.41946000000000006,-0.523274,SYC,LKA,551642
11900981,224,128,7496,2017,103061.0,0.0,0.541611,2.405872,TUR,LKA,551642
11900982,28,130,7496,2017,0.0,977.0,0.8115829999999999,0.8323459999999999,BLR,LTU,551642
11900983,43,130,7496,2017,470524.0,0.0,1.1127790000000002,1.56869,CHN,LTU,551642
11900984,71,130,7496,2017,1604.0,0.0,0.734342,2.8180099999999997,ESP,LTU,551642
11900985,77,130,7496,2017,1219.0,0.0,1.398427,0.894732,FRA,LTU,551642
11900986,81,130,7496,2017,5596.0,0.0,1.6883119999999998,0.8347469999999999,GBR,LTU,551642
11900987,111,130,7496,2017,25192.0,0.0,1.34395,0.577693,ITA,LTU,551642
11900988,186,130,7496,2017,0.0,14875.0,0.32885,0.288392,RUS,LTU,551642
11900989,224,130,7496,2017,56114.0,0.0,0.541611,2.405872,TUR,LTU,551642
11900990,28,132,7496,2017,1614.0,0.0,0.8115829999999999,0.8323459999999999,BLR,LVA,551642
11900991,61,132,7496,2017,3846.0,0.0,2.1149459999999998,-2.525372,DEU,LVA,551642
11900992,64,132,7496,2017,1660.0,0.0,1.159753,1.233914,DNK,LVA,551642
11900993,71,132,7496,2017,971.0,0.0,0.734342,2.8180099999999997,ESP,LVA,551642
11900994,111,132,7496,2017,6221.0,0.0,1.34395,0.577693,ITA,LVA,551642
11900995,224,132,7496,2017,7991.0,0.0,0.541611,2.405872,TUR,LVA,551642
11900996,18,134,7496,2017,31826.0,0.0,1.292657,1.19571,BEL,MAR,551642
11900997,43,134,7496,2017,29065.0,0.0,1.1127790000000002,1.56869,CHN,MAR,551642
11900998,71,134,7496,2017,1370960.0,8299.0,0.734342,2.8180099999999997,ESP,MAR,551642
11900999,77,134,7496,2017,62912.0,0.0,1.398427,0.894732,FRA,MAR,551642
11901000,97,134,7496,2017,0.0,2360.0,0.824982,1.7162220000000001,HKG,MAR,551642
11901001,103,134,7496,2017,949.0,0.0,-0.23641700000000002,1.188173,IDN,MAR,551642
11901002,104,134,7496,2017,13257.0,0.0,0.290576,2.726391,IND,MAR,551642
11901003,111,134,7496,2017,165974.0,7070.0,1.34395,0.577693,ITA,MAR,551642
11901004,162,134,7496,2017,5166.0,0.0,1.146959,1.470869,NLD,MAR,551642
11901005,179,134,7496,2017,45625.0,0.0,0.527046,2.264624,PRT,MAR,551642
11901006,216,134,7496,2017,4791.0,0.0,0.983977,1.3926020000000001,THA,MAR,551642
11901007,224,134,7496,2017,84392.0,0.0,0.541611,2.405872,TUR,MAR,551642
11901008,15,135,7496,2017,1551.0,0.0,1.728623,-0.031045999999999997,AUT,MDA,551642
11901009,18,135,7496,2017,46207.0,0.0,1.292657,1.19571,BEL,MDA,551642
11901010,43,135,7496,2017,664.0,0.0,1.1127790000000002,1.56869,CHN,MDA,551642
11901011,177,135,7496,2017,194347.0,0.0,1.197417,1.092716,POL,MDA,551642
11901012,185,135,7496,2017,70102.0,0.0,1.05479,0.9842219999999999,ROU,MDA,551642
11901013,224,135,7496,2017,12494.0,0.0,0.541611,2.405872,TUR,MDA,551642
11901014,111,183,7496,2017,15587.0,0.0,1.34395,0.577693,ITA,QAT,551642
11901015,15,185,7496,2017,9508.0,0.0,1.728623,-0.031045999999999997,AUT,ROU,551642
11901016,18,185,7496,2017,16310.0,0.0,1.292657,1.19571,BEL,ROU,551642
11901017,43,185,7496,2017,2689.0,0.0,1.1127790000000002,1.56869,CHN,ROU,551642
11901018,61,185,7496,2017,8269.0,0.0,2.1149459999999998,-2.525372,DEU,ROU,551642
11901019,71,185,7496,2017,8445.0,0.0,0.734342,2.8180099999999997,ESP,ROU,551642
11901020,77,185,7496,2017,54447.0,0.0,1.398427,0.894732,FRA,ROU,551642
11901021,81,185,7496,2017,12034.0,0.0,1.6883119999999998,0.8347469999999999,GBR,ROU,551642
11901022,102,185,7496,2017,12338.0,0.0,1.4886270000000001,0.845986,HUN,ROU,551642
11901023,111,185,7496,2017,444531.0,12202.0,1.34395,0.577693,ITA,ROU,551642
11901024,114,185,7496,2017,3873.0,0.0,2.4510419999999997,-0.277357,JPN,ROU,551642
11901025,135,185,7496,2017,0.0,70102.0,-0.24909,-0.181213,MDA,ROU,551642
11901026,162,185,7496,2017,23014.0,0.0,1.146959,1.470869,NLD,ROU,551642
11901027,224,185,7496,2017,125377.0,0.0,0.541611,2.405872,TUR,ROU,551642
11901028,43,187,7496,2017,1645.0,0.0,1.1127790000000002,1.56869,CHN,RWA,551642
11901029,43,201,7496,2017,1064.0,0.0,1.1127790000000002,1.56869,CHN,SRB,551642
11901030,61,201,7496,2017,1658.0,0.0,2.1149459999999998,-2.525372,DEU,SRB,551642
11901031,90,201,7496,2017,1764.0,0.0,0.154098,1.151038,GRC,SRB,551642
11901032,111,201,7496,2017,5911.0,0.0,1.34395,0.577693,ITA,SRB,551642
11901033,224,201,7496,2017,1040.0,0.0,0.541611,2.405872,TUR,SRB,551642
11901034,15,206,7496,2017,2448.0,0.0,1.728623,-0.031045999999999997,AUT,SVK,551642
11901035,59,206,7496,2017,4711.0,0.0,1.7715130000000001,0.359668,CZE,SVK,551642
11901036,71,206,7496,2017,5819.0,0.0,0.734342,2.8180099999999997,ESP,SVK,551642
11901037,111,206,7496,2017,42332.0,0.0,1.34395,0.577693,ITA,SVK,551642
11901038,207,206,7496,2017,0.0,11109.0,1.600319,0.854305,SVN,SVK,551642
11901039,250,206,7496,2017,8429.0,0.0,0.72523,-0.205046,ANS,SVK,551642
11901040,59,207,7496,2017,13387.0,0.0,1.7715130000000001,0.359668,CZE,SVN,551642
11901041,61,207,7496,2017,982.0,304244.0,2.1149459999999998,-2.525372,DEU,SVN,551642
11901042,77,207,7496,2017,14707.0,0.0,1.398427,0.894732,FRA,SVN,551642
11901043,100,207,7496,2017,0.0,1023.0,0.860825,1.365445,HRV,SVN,551642
11901044,111,207,7496,2017,1884.0,2412.0,1.34395,0.577693,ITA,SVN,551642
11901045,162,207,7496,2017,0.0,15914.0,1.146959,1.470869,NLD,SVN,551642
11901046,177,207,7496,2017,87201.0,21804.0,1.197417,1.092716,POL,SVN,551642
11901047,179,207,7496,2017,24103.0,0.0,0.527046,2.264624,PRT,SVN,551642
11901048,206,207,7496,2017,11109.0,0.0,1.279606,0.85503,SVK,SVN,551642
11901049,18,223,7496,2017,4740.0,0.0,1.292657,1.19571,BEL,TUN,551642
11901050,61,223,7496,2017,290676.0,0.0,2.1149459999999998,-2.525372,DEU,TUN,551642
11901051,71,223,7496,2017,832264.0,0.0,0.734342,2.8180099999999997,ESP,TUN,551642
11901052,77,223,7496,2017,58453.0,0.0,1.398427,0.894732,FRA,TUN,551642
11901053,111,223,7496,2017,1909.0,0.0,1.34395,0.577693,ITA,TUN,551642
11901054,162,223,7496,2017,939.0,0.0,1.146959,1.470869,NLD,TUN,551642
11901055,224,223,7496,2017,245843.0,0.0,0.541611,2.405872,TUR,TUN,551642
11901056,250,223,7496,2017,34677.0,0.0,0.72523,-0.205046,ANS,TUN,551642
11901057,43,19,7496,2017,95784.0,0.0,1.1127790000000002,1.56869,CHN,BEN,551642
11901058,43,22,7496,2017,1505976.0,0.0,1.1127790000000002,1.56869,CHN,BGD,551642
11901059,97,22,7496,2017,4075710.0,0.0,0.824982,1.7162220000000001,HKG,BGD,551642
11901060,114,22,7496,2017,10371.0,0.0,2.4510419999999997,-0.277357,JPN,BGD,551642
11901061,224,22,7496,2017,896301.0,0.0,0.541611,2.405872,TUR,BGD,551642
11901062,43,37,7496,2017,12655.0,0.0,1.1127790000000002,1.56869,CHN,BWA,551642
11901063,179,51,7496,2017,1981.0,0.0,0.527046,2.264624,PRT,CPV,551642
11901064,43,66,7496,2017,24076.0,0.0,1.1127790000000002,1.56869,CHN,DZA,551642
11901065,168,66,7496,2017,154491.0,0.0,-0.698561,0.43523500000000004,PAK,DZA,551642
11901066,43,151,7496,2017,1066.0,0.0,1.1127790000000002,1.56869,CHN,MUS,551642
11901067,77,151,7496,2017,0.0,3472.0,1.398427,0.894732,FRA,MUS,551642
11901068,104,151,7496,2017,5619.0,0.0,0.290576,2.726391,IND,MUS,551642
11901069,211,151,7496,2017,0.0,5132.0,0.41946000000000006,-0.523274,SYC,MUS,551642
11901070,97,152,7496,2017,26004.0,0.0,0.824982,1.7162220000000001,HKG,MWI,551642
11901071,43,159,7496,2017,69365.0,0.0,1.1127790000000002,1.56869,CHN,NGA,551642
11901072,239,159,7496,2017,61038.0,0.0,-0.009819,0.686429,VNM,NGA,551642
11901073,7,167,7496,2017,124118.0,0.0,0.210477,0.02557,ARE,OMN,551642
11901074,104,167,7496,2017,52554.0,0.0,0.290576,2.726391,IND,OMN,551642
11901075,168,167,7496,2017,165488.0,0.0,-0.698561,0.43523500000000004,PAK,OMN,551642
11901076,43,178,7496,2017,124210.0,0.0,1.1127790000000002,1.56869,CHN,PRK,551642
11901077,43,215,7496,2017,13313.0,0.0,1.1127790000000002,1.56869,CHN,TGO,551642
11901078,14,239,7496,2017,6149.0,0.0,-0.42427200000000004,-0.152921,AUS,VNM,551642
11901079,39,239,7496,2017,11345.0,0.0,0.73897,1.206402,CAN,VNM,551642
11901080,43,239,7496,2017,594895.0,0.0,1.1127790000000002,1.56869,CHN,VNM,551642
11901081,97,239,7496,2017,1664140.0,0.0,0.824982,1.7162220000000001,HKG,VNM,551642
11901082,104,239,7496,2017,5043.0,0.0,0.290576,2.726391,IND,VNM,551642
11901083,111,239,7496,2017,22006.0,0.0,1.34395,0.577693,ITA,VNM,551642
11901084,114,239,7496,2017,297733.0,0.0,2.4510419999999997,-0.277357,JPN,VNM,551642
11901085,121,239,7496,2017,121207.0,0.0,2.011263,0.783215,KOR,VNM,551642
11901086,159,239,7496,2017,0.0,61038.0,-1.8260919999999998,-1.276591,NGA,VNM,551642
11901087,208,239,7496,2017,705.0,0.0,1.764732,0.732646,SWE,VNM,551642
11901088,216,239,7496,2017,78874.0,0.0,0.983977,1.3926020000000001,THA,VNM,551642
11901089,224,239,7496,2017,62144.0,0.0,0.541611,2.405872,TUR,VNM,551642
11901090,231,239,7496,2017,4719.0,0.0,1.601478,0.277271,USA,VNM,551642
11901091,249,239,7496,2017,177558.0,0.0,2.0548290000000002,1.2552969999999999,TWN,VNM,551642
11901092,43,248,7496,2017,20645.0,0.0,1.1127790000000002,1.56869,CHN,ZWE,551642
11901093,43,140,7496,2017,26361.0,0.0,1.1127790000000002,1.56869,CHN,MKD,551642
11901094,61,140,7496,2017,81374.0,0.0,2.1149459999999998,-2.525372,DEU,MKD,551642
11901095,104,140,7496,2017,2991.0,0.0,0.290576,2.726391,IND,MKD,551642
11901096,111,140,7496,2017,11702.0,0.0,1.34395,0.577693,ITA,MKD,551642
11901097,121,140,7496,2017,3507.0,0.0,2.011263,0.783215,KOR,MKD,551642
11901098,162,140,7496,2017,7681.0,0.0,1.146959,1.470869,NLD,MKD,551642
11901099,224,140,7496,2017,61628.0,0.0,0.541611,2.405872,TUR,MKD,551642
11901100,43,145,7496,2017,43353.0,0.0,1.1127790000000002,1.56869,CHN,MNG,551642
11901101,179,2,7496,2017,2948.0,0.0,0.527046,2.264624,PRT,AGO,551642
11901102,111,4,7496,2017,51249.0,0.0,1.34395,0.577693,ITA,ALB,551642
11901103,231,30,7496,2017,5255.0,0.0,1.601478,0.277271,USA,BMU,551642
11901104,43,75,7496,2017,6320.0,0.0,1.1127790000000002,1.56869,CHN,FJI,551642
11901105,166,75,7496,2017,13290.0,0.0,0.25651199999999996,0.132996,NZL,FJI,551642
11901106,43,164,7496,2017,42382.0,0.0,1.1127790000000002,1.56869,CHN,NPL,551642
11901107,7,211,7496,2017,1099.0,0.0,0.210477,0.02557,ARE,SYC,551642
11901108,104,211,7496,2017,1316.0,0.0,0.290576,2.726391,IND,SYC,551642
11901109,128,211,7496,2017,1564.0,0.0,-0.46442799999999995,0.472132,LKA,SYC,551642
11901110,151,211,7496,2017,5132.0,0.0,-0.156616,0.073153,MUS,SYC,551642
11901111,192,211,7496,2017,97242.0,0.0,1.884166,0.37903600000000004,SGP,SYC,551642
11901112,18,7,7497,2017,1008.0,0.0,1.292657,1.19571,BEL,ARE,551643
11901113,41,7,7497,2017,1211.0,0.0,2.2557810000000003,0.845459,CHE,ARE,551643
11901114,43,7,7497,2017,6299.0,0.0,1.1127790000000002,1.56869,CHN,ARE,551643
11901115,61,7,7497,2017,22762.0,0.0,2.1149459999999998,-2.525372,DEU,ARE,551643
11901116,71,7,7497,2017,2832.0,0.0,0.734342,2.8180099999999997,ESP,ARE,551643
11901117,77,7,7497,2017,2613.0,0.0,1.398427,0.894732,FRA,ARE,551643
11901118,81,7,7497,2017,37184.0,0.0,1.6883119999999998,0.8347469999999999,GBR,ARE,551643
11901119,104,7,7497,2017,1813.0,0.0,0.290576,2.726391,IND,ARE,551643
11901120,111,7,7497,2017,39415.0,0.0,1.34395,0.577693,ITA,ARE,551643
11901121,134,7,7497,2017,5230.0,0.0,-0.757236,-0.065347,MAR,ARE,551643
11901122,157,7,7497,2017,0.0,8189.0,-1.250156,-0.995524,NER,ARE,551643
11901123,167,7,7497,2017,0.0,8687.0,-0.347684,-0.884569,OMN,ARE,551643
11901124,186,7,7497,2017,1163.0,0.0,0.32885,0.288392,RUS,ARE,551643
11901125,216,7,7497,2017,11096.0,0.0,0.983977,1.3926020000000001,THA,ARE,551643
11901126,224,7,7497,2017,30188.0,0.0,0.541611,2.405872,TUR,ARE,551643
11901127,226,7,7497,2017,0.0,225464.0,-1.0691709999999999,0.11636800000000001,TZA,ARE,551643
11901128,227,7,7497,2017,0.0,2873.0,-0.6831020000000001,-0.046838,UGA,ARE,551643
11901129,231,7,7497,2017,10003.0,0.0,1.601478,0.277271,USA,ARE,551643
11901130,32,8,7497,2017,1960434.0,0.0,0.145224,0.483461,BRA,ARG,551643
11901131,43,8,7497,2017,8803.0,0.0,1.1127790000000002,1.56869,CHN,ARG,551643
11901132,49,8,7497,2017,0.0,7474.0,0.208096,-0.17644300000000002,COL,ARG,551643
11901133,71,8,7497,2017,3677.0,0.0,0.734342,2.8180099999999997,ESP,ARG,551643
11901134,111,8,7497,2017,4114.0,0.0,1.34395,0.577693,ITA,ARG,551643
11901135,173,8,7497,2017,0.0,1110.0,-0.667658,-0.318344,PER,ARG,551643
11901136,224,8,7497,2017,71472.0,0.0,0.541611,2.405872,TUR,ARG,551643
11901137,14,15,7497,2017,0.0,978.0,-0.42427200000000004,-0.152921,AUS,AUT,551643
11901138,18,15,7497,2017,31591.0,1006.0,1.292657,1.19571,BEL,AUT,551643
11901139,41,15,7497,2017,1110.0,5643.0,2.2557810000000003,0.845459,CHE,AUT,551643
11901140,43,15,7497,2017,0.0,1599.0,1.1127790000000002,1.56869,CHN,AUT,551643
11901141,59,15,7497,2017,5293.0,16644.0,1.7715130000000001,0.359668,CZE,AUT,551643
11901142,61,15,7497,2017,64336.0,129769.0,2.1149459999999998,-2.525372,DEU,AUT,551643
11901143,71,15,7497,2017,1165.0,7765.0,0.734342,2.8180099999999997,ESP,AUT,551643
11901144,74,15,7497,2017,0.0,3121.0,1.655957,0.962485,FIN,AUT,551643
11901145,77,15,7497,2017,17232.0,0.0,1.398427,0.894732,FRA,AUT,551643
11901146,81,15,7497,2017,60294.0,4033.0,1.6883119999999998,0.8347469999999999,GBR,AUT,551643
11901147,90,15,7497,2017,0.0,1678.0,0.154098,1.151038,GRC,AUT,551643
11901148,100,15,7497,2017,0.0,9649.0,0.860825,1.365445,HRV,AUT,551643
11901149,102,15,7497,2017,6166.0,3849.0,1.4886270000000001,0.845986,HUN,AUT,551643
11901150,111,15,7497,2017,52166.0,16193.0,1.34395,0.577693,ITA,AUT,551643
11901151,114,15,7497,2017,0.0,3460.0,2.4510419999999997,-0.277357,JPN,AUT,551643
11901152,130,15,7497,2017,0.0,1612.0,0.855858,1.447717,LTU,AUT,551643
11901153,135,15,7497,2017,0.0,1641.0,-0.24909,-0.181213,MDA,AUT,551643
11901154,140,15,7497,2017,0.0,1724.0,-0.0292,-0.377156,MKD,AUT,551643
11901155,163,15,7497,2017,0.0,2723.0,0.73658,0.11450199999999999,NOR,AUT,551643
11901156,177,15,7497,2017,0.0,1971.0,1.197417,1.092716,POL,AUT,551643
11901157,201,15,7497,2017,0.0,1019.0,0.541644,1.19872,SRB,AUT,551643
11901158,206,15,7497,2017,810140.0,4511.0,1.279606,0.85503,SVK,AUT,551643
11901159,208,15,7497,2017,0.0,1651.0,1.764732,0.732646,SWE,AUT,551643
11901160,224,15,7497,2017,0.0,9456.0,0.541611,2.405872,TUR,AUT,551643
11901161,228,15,7497,2017,0.0,1022.0,0.461109,0.7826569999999999,UKR,AUT,551643
11901162,231,15,7497,2017,0.0,1564.0,1.601478,0.277271,USA,AUT,551643
11901163,7,18,7497,2017,0.0,1008.0,0.210477,0.02557,ARE,BEL,551643
11901164,14,18,7497,2017,0.0,1228.0,-0.42427200000000004,-0.152921,AUS,BEL,551643
11901165,15,18,7497,2017,1006.0,31591.0,1.728623,-0.031045999999999997,AUT,BEL,551643
11901166,23,18,7497,2017,37954.0,4168.0,0.557843,1.7221119999999999,BGR,BEL,551643
11901167,32,18,7497,2017,0.0,2406.0,0.145224,0.483461,BRA,BEL,551643
11901168,39,18,7497,2017,0.0,5826.0,0.73897,1.206402,CAN,BEL,551643
11901169,41,18,7497,2017,0.0,31634.0,2.2557810000000003,0.845459,CHE,BEL,551643
11901170,43,18,7497,2017,0.0,1286.0,1.1127790000000002,1.56869,CHN,BEL,551643
11901171,49,18,7497,2017,0.0,2183.0,0.208096,-0.17644300000000002,COL,BEL,551643
11901172,59,18,7497,2017,0.0,2715.0,1.7715130000000001,0.359668,CZE,BEL,551643
11901173,61,18,7497,2017,47954.0,355297.0,2.1149459999999998,-2.525372,DEU,BEL,551643
11901174,71,18,7497,2017,68864.0,89498.0,0.734342,2.8180099999999997,ESP,BEL,551643
11901175,74,18,7497,2017,0.0,9533.0,1.655957,0.962485,FIN,BEL,551643
11901176,77,18,7497,2017,46291.0,170938.0,1.398427,0.894732,FRA,BEL,551643
11901177,81,18,7497,2017,114632.0,2936320.0,1.6883119999999998,0.8347469999999999,GBR,BEL,551643
11901178,90,18,7497,2017,0.0,1413.0,0.154098,1.151038,GRC,BEL,551643
11901179,97,18,7497,2017,0.0,5778.0,0.824982,1.7162220000000001,HKG,BEL,551643
11901180,102,18,7497,2017,0.0,10008.0,1.4886270000000001,0.845986,HUN,BEL,551643
11901181,106,18,7497,2017,0.0,26886.0,1.363544,0.169211,IRL,BEL,551643
11901182,109,18,7497,2017,0.0,42779.0,0.386094,-0.277269,ISL,BEL,551643
11901183,111,18,7497,2017,195443.0,21899.0,1.34395,0.577693,ITA,BEL,551643
11901184,114,18,7497,2017,0.0,5759.0,2.4510419999999997,-0.277357,JPN,BEL,551643
11901185,121,18,7497,2017,0.0,4843.0,2.011263,0.783215,KOR,BEL,551643
11901186,124,18,7497,2017,0.0,1026.0,0.266847,1.117621,LBN,BEL,551643
11901187,130,18,7497,2017,0.0,6425.0,0.855858,1.447717,LTU,BEL,551643
11901188,142,18,7497,2017,0.0,1816.0,0.999914,0.12683,MLT,BEL,551643
11901189,162,18,7497,2017,11629.0,338322.0,1.146959,1.470869,NLD,BEL,551643
11901190,163,18,7497,2017,0.0,952.0,0.73658,0.11450199999999999,NOR,BEL,551643
11901191,174,18,7497,2017,0.0,28952.0,0.657759,0.170061,PHL,BEL,551643
11901192,177,18,7497,2017,5296.0,25662.0,1.197417,1.092716,POL,BEL,551643
11901193,179,18,7497,2017,1688.0,110799.0,0.527046,2.264624,PRT,BEL,551643
11901194,185,18,7497,2017,122400.0,0.0,1.05479,0.9842219999999999,ROU,BEL,551643
11901195,186,18,7497,2017,0.0,3069.0,0.32885,0.288392,RUS,BEL,551643
11901196,207,18,7497,2017,0.0,3639.0,1.600319,0.854305,SVN,BEL,551643
11901197,208,18,7497,2017,0.0,58786.0,1.764732,0.732646,SWE,BEL,551643
11901198,224,18,7497,2017,255423.0,10195.0,0.541611,2.405872,TUR,BEL,551643
11901199,228,18,7497,2017,0.0,1770.0,0.461109,0.7826569999999999,UKR,BEL,551643
11901200,231,18,7497,2017,1967.0,48836.0,1.601478,0.277271,USA,BEL,551643
11901201,239,18,7497,2017,0.0,4078.0,-0.009819,0.686429,VNM,BEL,551643
11901202,246,18,7497,2017,0.0,2341.0,0.2066,1.378591,ZAF,BEL,551643
11901203,249,18,7497,2017,0.0,3314.0,2.0548290000000002,1.2552969999999999,TWN,BEL,551643
11901204,14,23,7497,2017,0.0,6450.0,-0.42427200000000004,-0.152921,AUS,BGR,551643
11901205,18,23,7497,2017,4168.0,37954.0,1.292657,1.19571,BEL,BGR,551643
11901206,32,23,7497,2017,0.0,19060.0,0.145224,0.483461,BRA,BGR,551643
11901207,61,23,7497,2017,82595.0,0.0,2.1149459999999998,-2.525372,DEU,BGR,551643
11901208,71,23,7497,2017,24094.0,0.0,0.734342,2.8180099999999997,ESP,BGR,551643
11901209,77,23,7497,2017,4460.0,0.0,1.398427,0.894732,FRA,BGR,551643
11901210,81,23,7497,2017,1700.0,0.0,1.6883119999999998,0.8347469999999999,GBR,BGR,551643
11901211,102,23,7497,2017,6653.0,0.0,1.4886270000000001,0.845986,HUN,BGR,551643
11901212,111,23,7497,2017,78251.0,40261.0,1.34395,0.577693,ITA,BGR,551643
11901213,121,23,7497,2017,0.0,1886.0,2.011263,0.783215,KOR,BGR,551643
11901214,135,23,7497,2017,0.0,3102.0,-0.24909,-0.181213,MDA,BGR,551643
11901215,138,23,7497,2017,0.0,11123.0,1.08871,0.5745279999999999,MEX,BGR,551643
11901216,162,23,7497,2017,2079.0,0.0,1.146959,1.470869,NLD,BGR,551643
11901217,177,23,7497,2017,22013.0,2325.0,1.197417,1.092716,POL,BGR,551643
11901218,185,23,7497,2017,3605.0,0.0,1.05479,0.9842219999999999,ROU,BGR,551643
11901219,186,23,7497,2017,0.0,5113.0,0.32885,0.288392,RUS,BGR,551643
11901220,224,23,7497,2017,143626.0,0.0,0.541611,2.405872,TUR,BGR,551643
11901221,231,23,7497,2017,0.0,6084.0,1.601478,0.277271,USA,BGR,551643
11901222,8,32,7497,2017,0.0,1960434.0,-0.120753,0.233375,ARG,BRA,551643
11901223,18,32,7497,2017,2406.0,0.0,1.292657,1.19571,BEL,BRA,551643
11901224,23,32,7497,2017,19060.0,0.0,0.557843,1.7221119999999999,BGR,BRA,551643
11901225,31,32,7497,2017,0.0,40460.0,-1.158425,-1.076242,BOL,BRA,551643
11901226,43,32,7497,2017,115966.0,0.0,1.1127790000000002,1.56869,CHN,BRA,551643
11901227,49,32,7497,2017,0.0,9626.0,0.208096,-0.17644300000000002,COL,BRA,551643
11901228,67,32,7497,2017,0.0,9899.0,-0.9995850000000001,-1.086367,ECU,BRA,551643
11901229,99,32,7497,2017,0.0,17227.0,-0.6335689999999999,-0.334201,HND,BRA,551643
11901230,111,32,7497,2017,19285.0,0.0,1.34395,0.577693,ITA,BRA,551643
11901231,160,32,7497,2017,0.0,1188.0,-1.0502280000000002,-0.8817719999999999,NIC,BRA,551643
11901232,162,32,7497,2017,0.0,24098.0,1.146959,1.470869,NLD,BRA,551643
11901233,173,32,7497,2017,0.0,13088.0,-0.667658,-0.318344,PER,BRA,551643
11901234,180,32,7497,2017,0.0,87344.0,-0.437741,-0.9248879999999999,PRY,BRA,551643
11901235,197,32,7497,2017,0.0,1627.0,0.113639,0.23175199999999999,SLV,BRA,551643
11901236,223,32,7497,2017,0.0,31882.0,0.224119,0.961772,TUN,BRA,551643
11901237,224,32,7497,2017,22470.0,0.0,0.541611,2.405872,TUR,BRA,551643
11901238,230,32,7497,2017,0.0,6713.0,0.16963,-0.403006,URY,BRA,551643
11901239,231,32,7497,2017,2691.0,0.0,1.601478,0.277271,USA,BRA,551643
11901240,81,33,7497,2017,3451.0,0.0,1.6883119999999998,0.8347469999999999,GBR,BRB,551643
11901241,18,39,7497,2017,5826.0,0.0,1.292657,1.19571,BEL,CAN,551643
11901242,43,39,7497,2017,13478.0,0.0,1.1127790000000002,1.56869,CHN,CAN,551643
11901243,61,39,7497,2017,21759.0,0.0,2.1149459999999998,-2.525372,DEU,CAN,551643
11901244,77,39,7497,2017,6304.0,0.0,1.398427,0.894732,FRA,CAN,551643
11901245,81,39,7497,2017,37225.0,0.0,1.6883119999999998,0.8347469999999999,GBR,CAN,551643
11901246,97,39,7497,2017,0.0,1539.0,0.824982,1.7162220000000001,HKG,CAN,551643
11901247,104,39,7497,2017,55750.0,0.0,0.290576,2.726391,IND,CAN,551643
11901248,111,39,7497,2017,34241.0,0.0,1.34395,0.577693,ITA,CAN,551643
11901249,114,39,7497,2017,32857.0,0.0,2.4510419999999997,-0.277357,JPN,CAN,551643
11901250,134,39,7497,2017,3515.0,0.0,-0.757236,-0.065347,MAR,CAN,551643
11901251,166,39,7497,2017,9124.0,0.0,0.25651199999999996,0.132996,NZL,CAN,551643
11901252,224,39,7497,2017,10970.0,0.0,0.541611,2.405872,TUR,CAN,551643
11901253,231,39,7497,2017,376782.0,46868.0,1.601478,0.277271,USA,CAN,551643
11901254,7,41,7497,2017,0.0,1211.0,0.210477,0.02557,ARE,CHE,551643
11901255,15,41,7497,2017,5643.0,1110.0,1.728623,-0.031045999999999997,AUT,CHE,551643
11901256,18,41,7497,2017,31634.0,0.0,1.292657,1.19571,BEL,CHE,551643
11901257,59,41,7497,2017,1850.0,0.0,1.7715130000000001,0.359668,CZE,CHE,551643
11901258,61,41,7497,2017,25558.0,8461.0,2.1149459999999998,-2.525372,DEU,CHE,551643
11901259,71,41,7497,2017,2943.0,0.0,0.734342,2.8180099999999997,ESP,CHE,551643
11901260,72,41,7497,2017,0.0,6406.0,1.010985,1.289633,EST,CHE,551643
11901261,77,41,7497,2017,17949.0,0.0,1.398427,0.894732,FRA,CHE,551643
11901262,81,41,7497,2017,10557.0,2105.0,1.6883119999999998,0.8347469999999999,GBR,CHE,551643
11901263,97,41,7497,2017,0.0,16788.0,0.824982,1.7162220000000001,HKG,CHE,551643
11901264,104,41,7497,2017,1082.0,0.0,0.290576,2.726391,IND,CHE,551643
11901265,111,41,7497,2017,52444.0,1139.0,1.34395,0.577693,ITA,CHE,551643
11901266,121,41,7497,2017,0.0,4668.0,2.011263,0.783215,KOR,CHE,551643
11901267,134,41,7497,2017,2721.0,1173.0,-0.757236,-0.065347,MAR,CHE,551643
11901268,179,41,7497,2017,0.0,1448.0,0.527046,2.264624,PRT,CHE,551643
11901269,231,41,7497,2017,0.0,5280.0,1.601478,0.277271,USA,CHE,551643
11901270,31,42,7497,2017,0.0,2796318.0,-1.158425,-1.076242,BOL,CHL,551643
11901271,43,42,7497,2017,436017.0,0.0,1.1127790000000002,1.56869,CHN,CHL,551643
11901272,67,42,7497,2017,0.0,3325.0,-0.9995850000000001,-1.086367,ECU,CHL,551643
11901273,71,42,7497,2017,6724.0,0.0,0.734342,2.8180099999999997,ESP,CHL,551643
11901274,97,42,7497,2017,6101.0,0.0,0.824982,1.7162220000000001,HKG,CHL,551643
11901275,104,42,7497,2017,393244.0,0.0,0.290576,2.726391,IND,CHL,551643
11901276,111,42,7497,2017,3652.0,0.0,1.34395,0.577693,ITA,CHL,551643
11901277,168,42,7497,2017,32743.0,0.0,-0.698561,0.43523500000000004,PAK,CHL,551643
11901278,169,42,7497,2017,1403.0,0.0,0.5520109999999999,0.788181,PAN,CHL,551643
11901279,180,42,7497,2017,0.0,2570304.0,-0.437741,-0.9248879999999999,PRY,CHL,551643
11901280,216,42,7497,2017,4601.0,0.0,0.983977,1.3926020000000001,THA,CHL,551643
11901281,249,42,7497,2017,1674.0,0.0,2.0548290000000002,1.2552969999999999,TWN,CHL,551643
11901282,250,42,7497,2017,0.0,5919.0,0.72523,-0.205046,ANS,CHL,551643
11901283,7,43,7497,2017,0.0,6299.0,0.210477,0.02557,ARE,CHN,551643
11901284,8,43,7497,2017,0.0,8803.0,-0.120753,0.233375,ARG,CHN,551643
11901285,14,43,7497,2017,0.0,17915.0,-0.42427200000000004,-0.152921,AUS,CHN,551643
11901286,15,43,7497,2017,1599.0,0.0,1.728623,-0.031045999999999997,AUT,CHN,551643
11901287,18,43,7497,2017,1286.0,0.0,1.292657,1.19571,BEL,CHN,551643
11901288,22,43,7497,2017,0.0,5303274.0,-1.016251,-0.987654,BGD,CHN,551643
11901289,24,43,7497,2017,0.0,1512.0,0.485479,-0.5348890000000001,BHR,CHN,551643
11901290,28,43,7497,2017,0.0,1106.0,0.8115829999999999,0.8323459999999999,BLR,CHN,551643
11901291,32,43,7497,2017,0.0,115966.0,0.145224,0.483461,BRA,CHN,551643
11901292,39,43,7497,2017,0.0,13478.0,0.73897,1.206402,CAN,CHN,551643
11901293,42,43,7497,2017,0.0,436017.0,-0.378693,-0.492983,CHL,CHN,551643
11901294,49,43,7497,2017,0.0,126417.0,0.208096,-0.17644300000000002,COL,CHN,551643
11901295,59,43,7497,2017,0.0,9279.0,1.7715130000000001,0.359668,CZE,CHN,551643
11901296,61,43,7497,2017,20552.0,149486.0,2.1149459999999998,-2.525372,DEU,CHN,551643
11901297,67,43,7497,2017,0.0,62420.0,-0.9995850000000001,-1.086367,ECU,CHN,551643
11901298,68,43,7497,2017,0.0,9904.0,-0.073436,1.829121,EGY,CHN,551643
11901299,71,43,7497,2017,1155.0,6170.0,0.734342,2.8180099999999997,ESP,CHN,551643
11901300,77,43,7497,2017,4884.0,46380.0,1.398427,0.894732,FRA,CHN,551643
11901301,81,43,7497,2017,12545.0,13270.0,1.6883119999999998,0.8347469999999999,GBR,CHN,551643
11901302,90,43,7497,2017,0.0,2676.0,0.154098,1.151038,GRC,CHN,551643
11901303,97,43,7497,2017,40063.0,2377868.0,0.824982,1.7162220000000001,HKG,CHN,551643
11901304,100,43,7497,2017,0.0,124025.0,0.860825,1.365445,HRV,CHN,551643
11901305,102,43,7497,2017,2187.0,2454.0,1.4886270000000001,0.845986,HUN,CHN,551643
11901306,103,43,7497,2017,0.0,2541296.0,-0.23641700000000002,1.188173,IDN,CHN,551643
11901307,104,43,7497,2017,114127.0,94413.0,0.290576,2.726391,IND,CHN,551643
11901308,107,43,7497,2017,0.0,27004.0,-0.361292,-0.361813,IRN,CHN,551643
11901309,111,43,7497,2017,120781.0,199741.0,1.34395,0.577693,ITA,CHN,551643
11901310,113,43,7497,2017,0.0,10975.0,0.020035,0.295415,JOR,CHN,551643
11901311,114,43,7497,2017,1070893.0,226843.0,2.4510419999999997,-0.277357,JPN,CHN,551643
11901312,116,43,7497,2017,0.0,2055.0,-0.579541,0.511926,KEN,CHN,551643
11901313,118,43,7497,2017,0.0,5206773.0,-0.656325,-0.622167,KHM,CHN,551643
11901314,121,43,7497,2017,22383.0,16414.0,2.011263,0.783215,KOR,CHN,551643
11901315,124,43,7497,2017,0.0,41878.0,0.266847,1.117621,LBN,CHN,551643
11901316,128,43,7497,2017,0.0,194935.0,-0.46442799999999995,0.472132,LKA,CHN,551643
11901317,132,43,7497,2017,0.0,1025.0,0.684555,1.3208030000000002,LVA,CHN,551643
11901318,133,43,7497,2017,0.0,3734.0,0.264006,-0.11028099999999999,MAC,CHN,551643
11901319,134,43,7497,2017,0.0,30409.0,-0.757236,-0.065347,MAR,CHN,551643
11901320,135,43,7497,2017,0.0,5530.0,-0.24909,-0.181213,MDA,CHN,551643
11901321,138,43,7497,2017,0.0,449429.0,1.08871,0.5745279999999999,MEX,CHN,551643
11901322,140,43,7497,2017,0.0,2959.0,-0.0292,-0.377156,MKD,CHN,551643
11901323,143,43,7497,2017,0.0,158214.0,-1.051544,-0.419183,MMR,CHN,551643
11901324,153,43,7497,2017,0.0,31273.0,1.0110139999999999,0.6840729999999999,MYS,CHN,551643
11901325,162,43,7497,2017,4430.0,4394.0,1.146959,1.470869,NLD,CHN,551643
11901326,168,43,7497,2017,0.0,26781.0,-0.698561,0.43523500000000004,PAK,CHN,551643
11901327,173,43,7497,2017,0.0,17916.0,-0.667658,-0.318344,PER,CHN,551643
11901328,174,43,7497,2017,0.0,147221.0,0.657759,0.170061,PHL,CHN,551643
11901329,177,43,7497,2017,0.0,91653.0,1.197417,1.092716,POL,CHN,551643
11901330,178,43,7497,2017,0.0,3002.0,-0.353642,-0.08027000000000001,PRK,CHN,551643
11901331,180,43,7497,2017,0.0,37228.0,-0.437741,-0.9248879999999999,PRY,CHN,551643
11901332,186,43,7497,2017,0.0,50946.0,0.32885,0.288392,RUS,CHN,551643
11901333,192,43,7497,2017,1500.0,210116.0,1.884166,0.37903600000000004,SGP,CHN,551643
11901334,207,43,7497,2017,0.0,1448.0,1.600319,0.854305,SVN,CHN,551643
11901335,216,43,7497,2017,53274.0,4558.0,0.983977,1.3926020000000001,THA,CHN,551643
11901336,223,43,7497,2017,0.0,57400.0,0.224119,0.961772,TUN,CHN,551643
11901337,224,43,7497,2017,197833.0,0.0,0.541611,2.405872,TUR,CHN,551643
11901338,226,43,7497,2017,0.0,13178.0,-1.0691709999999999,0.11636800000000001,TZA,CHN,551643
11901339,227,43,7497,2017,0.0,1117.0,-0.6831020000000001,-0.046838,UGA,CHN,551643
11901340,228,43,7497,2017,0.0,20708.0,0.461109,0.7826569999999999,UKR,CHN,551643
11901341,231,43,7497,2017,57202.0,10261260.0,1.601478,0.277271,USA,CHN,551643
11901342,239,43,7497,2017,0.0,2148284.0,-0.009819,0.686429,VNM,CHN,551643
11901343,246,43,7497,2017,0.0,58450.0,0.2066,1.378591,ZAF,CHN,551643
11901344,249,43,7497,2017,59278.0,0.0,2.0548290000000002,1.2552969999999999,TWN,CHN,551643
11901345,8,49,7497,2017,7474.0,0.0,-0.120753,0.233375,ARG,COL,551643
11901346,18,49,7497,2017,2183.0,0.0,1.292657,1.19571,BEL,COL,551643
11901347,32,49,7497,2017,9626.0,0.0,0.145224,0.483461,BRA,COL,551643
11901348,43,49,7497,2017,126417.0,0.0,1.1127790000000002,1.56869,CHN,COL,551643
11901349,61,49,7497,2017,35769.0,0.0,2.1149459999999998,-2.525372,DEU,COL,551643
11901350,67,49,7497,2017,0.0,3459.0,-0.9995850000000001,-1.086367,ECU,COL,551643
11901351,103,49,7497,2017,13812.0,0.0,-0.23641700000000002,1.188173,IDN,COL,551643
11901352,104,49,7497,2017,11450.0,0.0,0.290576,2.726391,IND,COL,551643
11901353,111,49,7497,2017,1098.0,0.0,1.34395,0.577693,ITA,COL,551643
11901354,138,49,7497,2017,73096.0,2248.0,1.08871,0.5745279999999999,MEX,COL,551643
11901355,224,49,7497,2017,53843.0,0.0,0.541611,2.405872,TUR,COL,551643
11901356,93,52,7497,2017,0.0,1125.0,-0.418538,0.557454,GTM,CRI,551643
11901357,77,58,7497,2017,1425.0,0.0,1.398427,0.894732,FRA,CYP,551643
11901358,81,58,7497,2017,3954.0,0.0,1.6883119999999998,0.8347469999999999,GBR,CYP,551643
11901359,90,58,7497,2017,1180.0,2502.0,0.154098,1.151038,GRC,CYP,551643
11901360,111,58,7497,2017,2466.0,0.0,1.34395,0.577693,ITA,CYP,551643
11901361,7,61,7497,2017,0.0,22762.0,0.210477,0.02557,ARE,DEU,551643
11901362,14,61,7497,2017,0.0,7455.0,-0.42427200000000004,-0.152921,AUS,DEU,551643
11901363,15,61,7497,2017,129769.0,64336.0,1.728623,-0.031045999999999997,AUT,DEU,551643
11901364,16,61,7497,2017,0.0,7405.0,-1.022455,-1.199225,AZE,DEU,551643
11901365,18,61,7497,2017,355297.0,47954.0,1.292657,1.19571,BEL,DEU,551643
11901366,23,61,7497,2017,0.0,82595.0,0.557843,1.7221119999999999,BGR,DEU,551643
11901367,28,61,7497,2017,0.0,2084.0,0.8115829999999999,0.8323459999999999,BLR,DEU,551643
11901368,39,61,7497,2017,0.0,21759.0,0.73897,1.206402,CAN,DEU,551643
11901369,41,61,7497,2017,8461.0,25558.0,2.2557810000000003,0.845459,CHE,DEU,551643
11901370,43,61,7497,2017,149486.0,20552.0,1.1127790000000002,1.56869,CHN,DEU,551643
11901371,49,61,7497,2017,0.0,35769.0,0.208096,-0.17644300000000002,COL,DEU,551643
11901372,59,61,7497,2017,10742.0,12579.0,1.7715130000000001,0.359668,CZE,DEU,551643
11901373,64,61,7497,2017,0.0,19744.0,1.159753,1.233914,DNK,DEU,551643
11901374,68,61,7497,2017,0.0,2329.0,-0.073436,1.829121,EGY,DEU,551643
11901375,71,61,7497,2017,83232.0,15451.0,0.734342,2.8180099999999997,ESP,DEU,551643
11901376,72,61,7497,2017,0.0,2614.0,1.010985,1.289633,EST,DEU,551643
11901377,74,61,7497,2017,0.0,3766.0,1.655957,0.962485,FIN,DEU,551643
11901378,77,61,7497,2017,62570.0,79498.0,1.398427,0.894732,FRA,DEU,551643
11901379,81,61,7497,2017,271849.0,84467.0,1.6883119999999998,0.8347469999999999,GBR,DEU,551643
11901380,97,61,7497,2017,0.0,21574.0,0.824982,1.7162220000000001,HKG,DEU,551643
11901381,100,61,7497,2017,0.0,2304.0,0.860825,1.365445,HRV,DEU,551643
11901382,102,61,7497,2017,0.0,27105.0,1.4886270000000001,0.845986,HUN,DEU,551643
11901383,104,61,7497,2017,184595.0,0.0,0.290576,2.726391,IND,DEU,551643
11901384,106,61,7497,2017,0.0,1316.0,1.363544,0.169211,IRL,DEU,551643
11901385,111,61,7497,2017,1251920.0,62778.0,1.34395,0.577693,ITA,DEU,551643
11901386,114,61,7497,2017,505137.0,11594.0,2.4510419999999997,-0.277357,JPN,DEU,551643
11901387,115,61,7497,2017,0.0,7318.0,-0.394316,-0.5485979999999999,KAZ,DEU,551643
11901388,121,61,7497,2017,0.0,1674.0,2.011263,0.783215,KOR,DEU,551643
11901389,124,61,7497,2017,0.0,10483.0,0.266847,1.117621,LBN,DEU,551643
11901390,130,61,7497,2017,0.0,10779.0,0.855858,1.447717,LTU,DEU,551643
11901391,132,61,7497,2017,0.0,3723.0,0.684555,1.3208030000000002,LVA,DEU,551643
11901392,134,61,7497,2017,123022.0,51545.0,-0.757236,-0.065347,MAR,DEU,551643
11901393,140,61,7497,2017,0.0,54912.0,-0.0292,-0.377156,MKD,DEU,551643
11901394,153,61,7497,2017,0.0,2101.0,1.0110139999999999,0.6840729999999999,MYS,DEU,551643
11901395,162,61,7497,2017,5076.0,68820.0,1.146959,1.470869,NLD,DEU,551643
11901396,163,61,7497,2017,0.0,45350.0,0.73658,0.11450199999999999,NOR,DEU,551643
11901397,166,61,7497,2017,0.0,1839.0,0.25651199999999996,0.132996,NZL,DEU,551643
11901398,174,61,7497,2017,0.0,1266.0,0.657759,0.170061,PHL,DEU,551643
11901399,177,61,7497,2017,0.0,110090.0,1.197417,1.092716,POL,DEU,551643
11901400,179,61,7497,2017,32050.0,9826.0,0.527046,2.264624,PRT,DEU,551643
11901401,183,61,7497,2017,0.0,1658.0,-0.361327,-1.066869,QAT,DEU,551643
11901402,185,61,7497,2017,0.0,12984.0,1.05479,0.9842219999999999,ROU,DEU,551643
11901403,186,61,7497,2017,0.0,291644.0,0.32885,0.288392,RUS,DEU,551643
11901404,188,61,7497,2017,0.0,12653.0,0.597716,-0.345049,SAU,DEU,551643
11901405,201,61,7497,2017,0.0,25278.0,0.541644,1.19872,SRB,DEU,551643
11901406,206,61,7497,2017,0.0,2206.0,1.279606,0.85503,SVK,DEU,551643
11901407,208,61,7497,2017,0.0,6391.0,1.764732,0.732646,SWE,DEU,551643
11901408,216,61,7497,2017,9709.0,0.0,0.983977,1.3926020000000001,THA,DEU,551643
11901409,223,61,7497,2017,0.0,570976.0,0.224119,0.961772,TUN,DEU,551643
11901410,224,61,7497,2017,250522.0,58987.0,0.541611,2.405872,TUR,DEU,551643
11901411,228,61,7497,2017,0.0,21530.0,0.461109,0.7826569999999999,UKR,DEU,551643
11901412,231,61,7497,2017,5170.0,128250.0,1.601478,0.277271,USA,DEU,551643
11901413,246,61,7497,2017,0.0,2087.0,0.2066,1.378591,ZAF,DEU,551643
11901414,249,61,7497,2017,0.0,1294.0,2.0548290000000002,1.2552969999999999,TWN,DEU,551643
11901415,61,64,7497,2017,19744.0,0.0,2.1149459999999998,-2.525372,DEU,DNK,551643
11901416,71,64,7497,2017,4568.0,5307.0,0.734342,2.8180099999999997,ESP,DNK,551643
11901417,77,64,7497,2017,2756.0,0.0,1.398427,0.894732,FRA,DNK,551643
11901418,81,64,7497,2017,18690.0,0.0,1.6883119999999998,0.8347469999999999,GBR,DNK,551643
11901419,111,64,7497,2017,64659.0,66494.0,1.34395,0.577693,ITA,DNK,551643
11901420,224,64,7497,2017,91189.0,0.0,0.541611,2.405872,TUR,DNK,551643
11901421,231,64,7497,2017,1052.0,0.0,1.601478,0.277271,USA,DNK,551643
11901422,239,64,7497,2017,0.0,17569.0,-0.009819,0.686429,VNM,DNK,551643
11901423,32,67,7497,2017,9899.0,0.0,0.145224,0.483461,BRA,ECU,551643
11901424,42,67,7497,2017,3325.0,0.0,-0.378693,-0.492983,CHL,ECU,551643
11901425,43,67,7497,2017,62420.0,0.0,1.1127790000000002,1.56869,CHN,ECU,551643
11901426,49,67,7497,2017,3459.0,0.0,0.208096,-0.17644300000000002,COL,ECU,551643
11901427,103,67,7497,2017,33558.0,0.0,-0.23641700000000002,1.188173,IDN,ECU,551643
11901428,104,67,7497,2017,9846.0,0.0,0.290576,2.726391,IND,ECU,551643
11901429,5,71,7497,2017,0.0,6703.0,1.097505,0.480863,AND,ESP,551643
11901430,7,71,7497,2017,0.0,2832.0,0.210477,0.02557,ARE,ESP,551643
11901431,8,71,7497,2017,0.0,3677.0,-0.120753,0.233375,ARG,ESP,551643
11901432,14,71,7497,2017,0.0,2993.0,-0.42427200000000004,-0.152921,AUS,ESP,551643
11901433,15,71,7497,2017,7765.0,1165.0,1.728623,-0.031045999999999997,AUT,ESP,551643
11901434,18,71,7497,2017,89498.0,68864.0,1.292657,1.19571,BEL,ESP,551643
11901435,23,71,7497,2017,0.0,24094.0,0.557843,1.7221119999999999,BGR,ESP,551643
11901436,41,71,7497,2017,0.0,2943.0,2.2557810000000003,0.845459,CHE,ESP,551643
11901437,42,71,7497,2017,0.0,6724.0,-0.378693,-0.492983,CHL,ESP,551643
11901438,43,71,7497,2017,6170.0,1155.0,1.1127790000000002,1.56869,CHN,ESP,551643
11901439,61,71,7497,2017,15451.0,83232.0,2.1149459999999998,-2.525372,DEU,ESP,551643
11901440,64,71,7497,2017,5307.0,4568.0,1.159753,1.233914,DNK,ESP,551643
11901441,77,71,7497,2017,78153.0,163122.0,1.398427,0.894732,FRA,ESP,551643
11901442,81,71,7497,2017,179006.0,69152.0,1.6883119999999998,0.8347469999999999,GBR,ESP,551643
11901443,90,71,7497,2017,0.0,1709.0,0.154098,1.151038,GRC,ESP,551643
11901444,97,71,7497,2017,0.0,55594.0,0.824982,1.7162220000000001,HKG,ESP,551643
11901445,103,71,7497,2017,0.0,1653.0,-0.23641700000000002,1.188173,IDN,ESP,551643
11901446,106,71,7497,2017,0.0,2060.0,1.363544,0.169211,IRL,ESP,551643
11901447,110,71,7497,2017,0.0,969.0,1.436156,0.776574,ISR,ESP,551643
11901448,111,71,7497,2017,1077247.0,961448.0,1.34395,0.577693,ITA,ESP,551643
11901449,114,71,7497,2017,20982.0,2095.0,2.4510419999999997,-0.277357,JPN,ESP,551643
11901450,121,71,7497,2017,0.0,2904.0,2.011263,0.783215,KOR,ESP,551643
11901451,124,71,7497,2017,0.0,9637.0,0.266847,1.117621,LBN,ESP,551643
11901452,134,71,7497,2017,0.0,717238.0,-0.757236,-0.065347,MAR,ESP,551643
11901453,138,71,7497,2017,0.0,9278.0,1.08871,0.5745279999999999,MEX,ESP,551643
11901454,140,71,7497,2017,0.0,5948.0,-0.0292,-0.377156,MKD,ESP,551643
11901455,162,71,7497,2017,0.0,5122.0,1.146959,1.470869,NLD,ESP,551643
11901456,166,71,7497,2017,0.0,1496.0,0.25651199999999996,0.132996,NZL,ESP,551643
11901457,177,71,7497,2017,0.0,5754.0,1.197417,1.092716,POL,ESP,551643
11901458,179,71,7497,2017,111929.0,397959.0,0.527046,2.264624,PRT,ESP,551643
11901459,183,71,7497,2017,0.0,2429.0,-0.361327,-1.066869,QAT,ESP,551643
11901460,185,71,7497,2017,8688.0,2596.0,1.05479,0.9842219999999999,ROU,ESP,551643
11901461,186,71,7497,2017,0.0,2568.0,0.32885,0.288392,RUS,ESP,551643
11901462,188,71,7497,2017,0.0,8528.0,0.597716,-0.345049,SAU,ESP,551643
11901463,201,71,7497,2017,0.0,2334.0,0.541644,1.19872,SRB,ESP,551643
11901464,208,71,7497,2017,0.0,1902.0,1.764732,0.732646,SWE,ESP,551643
11901465,223,71,7497,2017,0.0,111342.0,0.224119,0.961772,TUN,ESP,551643
11901466,224,71,7497,2017,145234.0,680362.0,0.541611,2.405872,TUR,ESP,551643
11901467,230,71,7497,2017,0.0,10089.0,0.16963,-0.403006,URY,ESP,551643
11901468,231,71,7497,2017,1788.0,4932.0,1.601478,0.277271,USA,ESP,551643
11901469,246,71,7497,2017,0.0,1467.0,0.2066,1.378591,ZAF,ESP,551643
11901470,249,71,7497,2017,0.0,4411.0,2.0548290000000002,1.2552969999999999,TWN,ESP,551643
11901471,250,71,7497,2017,23057.0,0.0,0.72523,-0.205046,ANS,ESP,551643
11901472,15,74,7497,2017,3121.0,0.0,1.728623,-0.031045999999999997,AUT,FIN,551643
11901473,18,74,7497,2017,9533.0,0.0,1.292657,1.19571,BEL,FIN,551643
11901474,61,74,7497,2017,3766.0,0.0,2.1149459999999998,-2.525372,DEU,FIN,551643
11901475,77,74,7497,2017,5524.0,0.0,1.398427,0.894732,FRA,FIN,551643
11901476,81,74,7497,2017,17482.0,0.0,1.6883119999999998,0.8347469999999999,GBR,FIN,551643
11901477,111,74,7497,2017,42897.0,0.0,1.34395,0.577693,ITA,FIN,551643
11901478,134,74,7497,2017,1545.0,0.0,-0.757236,-0.065347,MAR,FIN,551643
11901479,186,74,7497,2017,0.0,1452.0,0.32885,0.288392,RUS,FIN,551643
11901480,7,77,7497,2017,0.0,2613.0,0.210477,0.02557,ARE,FRA,551643
11901481,14,77,7497,2017,0.0,18930.0,-0.42427200000000004,-0.152921,AUS,FRA,551643
11901482,15,77,7497,2017,0.0,17232.0,1.728623,-0.031045999999999997,AUT,FRA,551643
11901483,18,77,7497,2017,170938.0,46291.0,1.292657,1.19571,BEL,FRA,551643
11901484,23,77,7497,2017,0.0,4460.0,0.557843,1.7221119999999999,BGR,FRA,551643
11901485,24,77,7497,2017,0.0,3176.0,0.485479,-0.5348890000000001,BHR,FRA,551643
11901486,28,77,7497,2017,0.0,834.0,0.8115829999999999,0.8323459999999999,BLR,FRA,551643
11901487,39,77,7497,2017,0.0,6304.0,0.73897,1.206402,CAN,FRA,551643
11901488,41,77,7497,2017,0.0,17949.0,2.2557810000000003,0.845459,CHE,FRA,551643
11901489,43,77,7497,2017,46380.0,4884.0,1.1127790000000002,1.56869,CHN,FRA,551643
11901490,58,77,7497,2017,0.0,1425.0,0.576982,0.279989,CYP,FRA,551643
11901491,61,77,7497,2017,79498.0,62570.0,2.1149459999999998,-2.525372,DEU,FRA,551643
11901492,64,77,7497,2017,0.0,2756.0,1.159753,1.233914,DNK,FRA,551643
11901493,71,77,7497,2017,163122.0,78153.0,0.734342,2.8180099999999997,ESP,FRA,551643
11901494,74,77,7497,2017,0.0,5524.0,1.655957,0.962485,FIN,FRA,551643
11901495,81,77,7497,2017,244604.0,137519.0,1.6883119999999998,0.8347469999999999,GBR,FRA,551643
11901496,90,77,7497,2017,0.0,4613.0,0.154098,1.151038,GRC,FRA,551643
11901497,97,77,7497,2017,0.0,15273.0,0.824982,1.7162220000000001,HKG,FRA,551643
11901498,100,77,7497,2017,4452.0,0.0,0.860825,1.365445,HRV,FRA,551643
11901499,104,77,7497,2017,9837.0,0.0,0.290576,2.726391,IND,FRA,551643
11901500,106,77,7497,2017,0.0,3168.0,1.363544,0.169211,IRL,FRA,551643
11901501,110,77,7497,2017,0.0,2413.0,1.436156,0.776574,ISR,FRA,551643
11901502,111,77,7497,2017,658536.0,98948.0,1.34395,0.577693,ITA,FRA,551643
11901503,114,77,7497,2017,0.0,9378.0,2.4510419999999997,-0.277357,JPN,FRA,551643
11901504,121,77,7497,2017,0.0,5672.0,2.011263,0.783215,KOR,FRA,551643
11901505,122,77,7497,2017,0.0,4807.0,-0.229821,-1.128482,KWT,FRA,551643
11901506,124,77,7497,2017,0.0,5921.0,0.266847,1.117621,LBN,FRA,551643
11901507,130,77,7497,2017,0.0,2415.0,0.855858,1.447717,LTU,FRA,551643
11901508,134,77,7497,2017,112395.0,267408.0,-0.757236,-0.065347,MAR,FRA,551643
11901509,138,77,7497,2017,0.0,1319.0,1.08871,0.5745279999999999,MEX,FRA,551643
11901510,162,77,7497,2017,0.0,30860.0,1.146959,1.470869,NLD,FRA,551643
11901511,163,77,7497,2017,0.0,3285.0,0.73658,0.11450199999999999,NOR,FRA,551643
11901512,166,77,7497,2017,0.0,1763.0,0.25651199999999996,0.132996,NZL,FRA,551643
11901513,177,77,7497,2017,0.0,2813.0,1.197417,1.092716,POL,FRA,551643
11901514,179,77,7497,2017,998.0,63494.0,0.527046,2.264624,PRT,FRA,551643
11901515,182,77,7497,2017,0.0,2134.0,-0.1278,-0.748387,PYF,FRA,551643
11901516,183,77,7497,2017,0.0,3867.0,-0.361327,-1.066869,QAT,FRA,551643
11901517,185,77,7497,2017,2736.0,2457.0,1.05479,0.9842219999999999,ROU,FRA,551643
11901518,186,77,7497,2017,0.0,8033.0,0.32885,0.288392,RUS,FRA,551643
11901519,188,77,7497,2017,0.0,5790.0,0.597716,-0.345049,SAU,FRA,551643
11901520,192,77,7497,2017,0.0,2081.0,1.884166,0.37903600000000004,SGP,FRA,551643
11901521,201,77,7497,2017,0.0,2354.0,0.541644,1.19872,SRB,FRA,551643
11901522,206,77,7497,2017,0.0,1586.0,1.279606,0.85503,SVK,FRA,551643
11901523,207,77,7497,2017,0.0,1669.0,1.600319,0.854305,SVN,FRA,551643
11901524,208,77,7497,2017,0.0,23539.0,1.764732,0.732646,SWE,FRA,551643
11901525,223,77,7497,2017,0.0,23140.0,0.224119,0.961772,TUN,FRA,551643
11901526,224,77,7497,2017,4524.0,1701.0,0.541611,2.405872,TUR,FRA,551643
11901527,226,77,7497,2017,2428.0,0.0,-1.0691709999999999,0.11636800000000001,TZA,FRA,551643
11901528,231,77,7497,2017,6871.0,245631.0,1.601478,0.277271,USA,FRA,551643
11901529,246,77,7497,2017,0.0,4396.0,0.2066,1.378591,ZAF,FRA,551643
11901530,249,77,7497,2017,0.0,6340.0,2.0548290000000002,1.2552969999999999,TWN,FRA,551643
11901531,250,77,7497,2017,4788.0,0.0,0.72523,-0.205046,ANS,FRA,551643
11901532,7,81,7497,2017,0.0,37184.0,0.210477,0.02557,ARE,GBR,551643
11901533,14,81,7497,2017,0.0,27068.0,-0.42427200000000004,-0.152921,AUS,GBR,551643
11901534,15,81,7497,2017,4033.0,60294.0,1.728623,-0.031045999999999997,AUT,GBR,551643
11901535,18,81,7497,2017,2936320.0,114632.0,1.292657,1.19571,BEL,GBR,551643
11901536,23,81,7497,2017,0.0,1700.0,0.557843,1.7221119999999999,BGR,GBR,551643
11901537,24,81,7497,2017,0.0,1323.0,0.485479,-0.5348890000000001,BHR,GBR,551643
11901538,33,81,7497,2017,0.0,3451.0,0.589793,-0.004488000000000001,BRB,GBR,551643
11901539,39,81,7497,2017,0.0,37225.0,0.73897,1.206402,CAN,GBR,551643
11901540,41,81,7497,2017,2105.0,10557.0,2.2557810000000003,0.845459,CHE,GBR,551643
11901541,43,81,7497,2017,13270.0,12545.0,1.1127790000000002,1.56869,CHN,GBR,551643
11901542,58,81,7497,2017,0.0,3954.0,0.576982,0.279989,CYP,GBR,551643
11901543,59,81,7497,2017,823145.0,9546.0,1.7715130000000001,0.359668,CZE,GBR,551643
11901544,61,81,7497,2017,84467.0,271849.0,2.1149459999999998,-2.525372,DEU,GBR,551643
11901545,64,81,7497,2017,0.0,18690.0,1.159753,1.233914,DNK,GBR,551643
11901546,71,81,7497,2017,69152.0,179006.0,0.734342,2.8180099999999997,ESP,GBR,551643
11901547,72,81,7497,2017,0.0,11120.0,1.010985,1.289633,EST,GBR,551643
11901548,74,81,7497,2017,0.0,17482.0,1.655957,0.962485,FIN,GBR,551643
11901549,77,81,7497,2017,137519.0,244604.0,1.398427,0.894732,FRA,GBR,551643
11901550,84,81,7497,2017,0.0,2825.0,0.767836,-0.725273,GIB,GBR,551643
11901551,90,81,7497,2017,0.0,22861.0,0.154098,1.151038,GRC,GBR,551643
11901552,97,81,7497,2017,0.0,53492.0,0.824982,1.7162220000000001,HKG,GBR,551643
11901553,102,81,7497,2017,0.0,10891.0,1.4886270000000001,0.845986,HUN,GBR,551643
11901554,104,81,7497,2017,29412.0,4378.0,0.290576,2.726391,IND,GBR,551643
11901555,106,81,7497,2017,7269.0,192558.0,1.363544,0.169211,IRL,GBR,551643
11901556,110,81,7497,2017,0.0,3475.0,1.436156,0.776574,ISR,GBR,551643
11901557,111,81,7497,2017,4632956.0,215051.0,1.34395,0.577693,ITA,GBR,551643
11901558,114,81,7497,2017,0.0,9106.0,2.4510419999999997,-0.277357,JPN,GBR,551643
11901559,115,81,7497,2017,0.0,1377.0,-0.394316,-0.5485979999999999,KAZ,GBR,551643
11901560,116,81,7497,2017,0.0,5901.0,-0.579541,0.511926,KEN,GBR,551643
11901561,121,81,7497,2017,0.0,2638.0,2.011263,0.783215,KOR,GBR,551643
11901562,122,81,7497,2017,0.0,6590.0,-0.229821,-1.128482,KWT,GBR,551643
11901563,124,81,7497,2017,0.0,33396.0,0.266847,1.117621,LBN,GBR,551643
11901564,130,81,7497,2017,23416.0,10493.0,0.855858,1.447717,LTU,GBR,551643
11901565,131,81,7497,2017,0.0,1210.0,1.24064,1.298263,LUX,GBR,551643
11901566,132,81,7497,2017,0.0,2029.0,0.684555,1.3208030000000002,LVA,GBR,551643
11901567,134,81,7497,2017,3878.0,0.0,-0.757236,-0.065347,MAR,GBR,551643
11901568,138,81,7497,2017,0.0,5405.0,1.08871,0.5745279999999999,MEX,GBR,551643
11901569,151,81,7497,2017,0.0,1741.0,-0.156616,0.073153,MUS,GBR,551643
11901570,153,81,7497,2017,0.0,3451.0,1.0110139999999999,0.6840729999999999,MYS,GBR,551643
11901571,162,81,7497,2017,162322.0,122031.0,1.146959,1.470869,NLD,GBR,551643
11901572,163,81,7497,2017,0.0,1643.0,0.73658,0.11450199999999999,NOR,GBR,551643
11901573,166,81,7497,2017,3309.0,5881.0,0.25651199999999996,0.132996,NZL,GBR,551643
11901574,177,81,7497,2017,0.0,56971.0,1.197417,1.092716,POL,GBR,551643
11901575,179,81,7497,2017,2738.0,85328.0,0.527046,2.264624,PRT,GBR,551643
11901576,183,81,7497,2017,0.0,7486.0,-0.361327,-1.066869,QAT,GBR,551643
11901577,185,81,7497,2017,38339.0,57735.0,1.05479,0.9842219999999999,ROU,GBR,551643
11901578,186,81,7497,2017,0.0,1148.0,0.32885,0.288392,RUS,GBR,551643
11901579,188,81,7497,2017,0.0,12378.0,0.597716,-0.345049,SAU,GBR,551643
11901580,206,81,7497,2017,0.0,4528.0,1.279606,0.85503,SVK,GBR,551643
11901581,208,81,7497,2017,0.0,48130.0,1.764732,0.732646,SWE,GBR,551643
11901582,216,81,7497,2017,0.0,4781.0,0.983977,1.3926020000000001,THA,GBR,551643
11901583,224,81,7497,2017,1805738.0,5046.0,0.541611,2.405872,TUR,GBR,551643
11901584,228,81,7497,2017,0.0,1465.0,0.461109,0.7826569999999999,UKR,GBR,551643
11901585,231,81,7497,2017,49734.0,292674.0,1.601478,0.277271,USA,GBR,551643
11901586,239,81,7497,2017,0.0,8237.0,-0.009819,0.686429,VNM,GBR,551643
11901587,246,81,7497,2017,0.0,2319.0,0.2066,1.378591,ZAF,GBR,551643
11901588,249,81,7497,2017,0.0,2543.0,2.0548290000000002,1.2552969999999999,TWN,GBR,551643
11901589,52,93,7497,2017,1125.0,0.0,0.288642,-0.056219000000000005,CRI,GTM,551643
11901590,231,96,7497,2017,3411.0,0.0,1.601478,0.277271,USA,GUY,551643
11901591,18,97,7497,2017,5778.0,0.0,1.292657,1.19571,BEL,HKG,551643
11901592,22,97,7497,2017,0.0,11263.0,-1.016251,-0.987654,BGD,HKG,551643
11901593,39,97,7497,2017,1539.0,0.0,0.73897,1.206402,CAN,HKG,551643
11901594,41,97,7497,2017,16788.0,0.0,2.2557810000000003,0.845459,CHE,HKG,551643
11901595,42,97,7497,2017,0.0,6101.0,-0.378693,-0.492983,CHL,HKG,551643
11901596,43,97,7497,2017,2377868.0,40063.0,1.1127790000000002,1.56869,CHN,HKG,551643
11901597,61,97,7497,2017,21574.0,0.0,2.1149459999999998,-2.525372,DEU,HKG,551643
11901598,71,97,7497,2017,55594.0,0.0,0.734342,2.8180099999999997,ESP,HKG,551643
11901599,77,97,7497,2017,15273.0,0.0,1.398427,0.894732,FRA,HKG,551643
11901600,81,97,7497,2017,53492.0,0.0,1.6883119999999998,0.8347469999999999,GBR,HKG,551643
11901601,103,97,7497,2017,0.0,201461.0,-0.23641700000000002,1.188173,IDN,HKG,551643
11901602,104,97,7497,2017,0.0,6376.0,0.290576,2.726391,IND,HKG,551643
11901603,111,97,7497,2017,150582.0,0.0,1.34395,0.577693,ITA,HKG,551643
11901604,114,97,7497,2017,24120.0,0.0,2.4510419999999997,-0.277357,JPN,HKG,551643
11901605,118,97,7497,2017,0.0,35715.0,-0.656325,-0.622167,KHM,HKG,551643
11901606,121,97,7497,2017,3129.0,0.0,2.011263,0.783215,KOR,HKG,551643
11901607,168,97,7497,2017,12220.0,0.0,-0.698561,0.43523500000000004,PAK,HKG,551643
11901608,174,97,7497,2017,0.0,5332.0,0.657759,0.170061,PHL,HKG,551643
11901609,179,97,7497,2017,830.0,0.0,0.527046,2.264624,PRT,HKG,551643
11901610,224,97,7497,2017,1669696.0,0.0,0.541611,2.405872,TUR,HKG,551643
11901611,231,97,7497,2017,3533.0,3662.0,1.601478,0.277271,USA,HKG,551643
11901612,239,97,7497,2017,0.0,11296.0,-0.009819,0.686429,VNM,HKG,551643
11901613,249,97,7497,2017,45166.0,0.0,2.0548290000000002,1.2552969999999999,TWN,HKG,551643
11901614,32,99,7497,2017,17227.0,0.0,0.145224,0.483461,BRA,HND,551643
11901615,224,99,7497,2017,82866.0,0.0,0.541611,2.405872,TUR,HND,551643
11901616,15,102,7497,2017,3849.0,6166.0,1.728623,-0.031045999999999997,AUT,HUN,551643
11901617,18,102,7497,2017,10008.0,0.0,1.292657,1.19571,BEL,HUN,551643
11901618,23,102,7497,2017,0.0,6653.0,0.557843,1.7221119999999999,BGR,HUN,551643
11901619,43,102,7497,2017,2454.0,2187.0,1.1127790000000002,1.56869,CHN,HUN,551643
11901620,61,102,7497,2017,27105.0,0.0,2.1149459999999998,-2.525372,DEU,HUN,551643
11901621,81,102,7497,2017,10891.0,0.0,1.6883119999999998,0.8347469999999999,GBR,HUN,551643
11901622,100,102,7497,2017,0.0,3369.0,0.860825,1.365445,HRV,HUN,551643
11901623,111,102,7497,2017,393355.0,0.0,1.34395,0.577693,ITA,HUN,551643
11901624,135,102,7497,2017,0.0,28709.0,-0.24909,-0.181213,MDA,HUN,551643
11901625,140,102,7497,2017,0.0,23665.0,-0.0292,-0.377156,MKD,HUN,551643
11901626,162,102,7497,2017,104397.0,0.0,1.146959,1.470869,NLD,HUN,551643
11901627,185,102,7497,2017,3649.0,13280.0,1.05479,0.9842219999999999,ROU,HUN,551643
11901628,206,102,7497,2017,0.0,6198.0,1.279606,0.85503,SVK,HUN,551643
11901629,224,102,7497,2017,186504.0,0.0,0.541611,2.405872,TUR,HUN,551643
11901630,228,102,7497,2017,1006.0,8641.0,0.461109,0.7826569999999999,UKR,HUN,551643
11901631,24,103,7497,2017,7842.0,0.0,0.485479,-0.5348890000000001,BHR,IDN,551643
11901632,43,103,7497,2017,2541296.0,0.0,1.1127790000000002,1.56869,CHN,IDN,551643
11901633,49,103,7497,2017,0.0,13812.0,0.208096,-0.17644300000000002,COL,IDN,551643
11901634,67,103,7497,2017,0.0,33558.0,-0.9995850000000001,-1.086367,ECU,IDN,551643
11901635,71,103,7497,2017,1653.0,0.0,0.734342,2.8180099999999997,ESP,IDN,551643
11901636,97,103,7497,2017,201461.0,0.0,0.824982,1.7162220000000001,HKG,IDN,551643
11901637,111,103,7497,2017,1004.0,0.0,1.34395,0.577693,ITA,IDN,551643
11901638,114,103,7497,2017,34899.0,27979.0,2.4510419999999997,-0.277357,JPN,IDN,551643
11901639,166,103,7497,2017,1041.0,0.0,0.25651199999999996,0.132996,NZL,IDN,551643
11901640,216,103,7497,2017,0.0,25883.0,0.983977,1.3926020000000001,THA,IDN,551643
11901641,224,103,7497,2017,94711.0,0.0,0.541611,2.405872,TUR,IDN,551643
11901642,226,103,7497,2017,0.0,5727.0,-1.0691709999999999,0.11636800000000001,TZA,IDN,551643
11901643,231,103,7497,2017,0.0,82467.0,1.601478,0.277271,USA,IDN,551643
11901644,239,103,7497,2017,0.0,1626.0,-0.009819,0.686429,VNM,IDN,551643
11901645,7,104,7497,2017,0.0,1813.0,0.210477,0.02557,ARE,IND,551643
11901646,14,104,7497,2017,0.0,12421.0,-0.42427200000000004,-0.152921,AUS,IND,551643
11901647,22,104,7497,2017,0.0,413365.0,-1.016251,-0.987654,BGD,IND,551643
11901648,39,104,7497,2017,0.0,55750.0,0.73897,1.206402,CAN,IND,551643
11901649,41,104,7497,2017,0.0,1082.0,2.2557810000000003,0.845459,CHE,IND,551643
11901650,42,104,7497,2017,0.0,393244.0,-0.378693,-0.492983,CHL,IND,551643
11901651,43,104,7497,2017,94413.0,114127.0,1.1127790000000002,1.56869,CHN,IND,551643
11901652,49,104,7497,2017,0.0,11450.0,0.208096,-0.17644300000000002,COL,IND,551643
11901653,61,104,7497,2017,0.0,184595.0,2.1149459999999998,-2.525372,DEU,IND,551643
11901654,67,104,7497,2017,0.0,9846.0,-0.9995850000000001,-1.086367,ECU,IND,551643
11901655,73,104,7497,2017,0.0,1075.0,-1.007413,-0.638231,ETH,IND,551643
11901656,77,104,7497,2017,0.0,9837.0,1.398427,0.894732,FRA,IND,551643
11901657,81,104,7497,2017,4378.0,29412.0,1.6883119999999998,0.8347469999999999,GBR,IND,551643
11901658,97,104,7497,2017,6376.0,0.0,0.824982,1.7162220000000001,HKG,IND,551643
11901659,111,104,7497,2017,21219.0,0.0,1.34395,0.577693,ITA,IND,551643
11901660,114,104,7497,2017,2609.0,0.0,2.4510419999999997,-0.277357,JPN,IND,551643
11901661,116,104,7497,2017,0.0,3319.0,-0.579541,0.511926,KEN,IND,551643
11901662,121,104,7497,2017,0.0,17180.0,2.011263,0.783215,KOR,IND,551643
11901663,124,104,7497,2017,0.0,3264.0,0.266847,1.117621,LBN,IND,551643
11901664,128,104,7497,2017,0.0,27661.0,-0.46442799999999995,0.472132,LKA,IND,551643
11901665,134,104,7497,2017,0.0,11140.0,-0.757236,-0.065347,MAR,IND,551643
11901666,135,104,7497,2017,0.0,1253.0,-0.24909,-0.181213,MDA,IND,551643
11901667,138,104,7497,2017,0.0,4836.0,1.08871,0.5745279999999999,MEX,IND,551643
11901668,163,104,7497,2017,0.0,806.0,0.73658,0.11450199999999999,NOR,IND,551643
11901669,166,104,7497,2017,0.0,2782.0,0.25651199999999996,0.132996,NZL,IND,551643
11901670,174,104,7497,2017,0.0,13616.0,0.657759,0.170061,PHL,IND,551643
11901671,177,104,7497,2017,0.0,11451.0,1.197417,1.092716,POL,IND,551643
11901672,186,104,7497,2017,0.0,4686.0,0.32885,0.288392,RUS,IND,551643
11901673,192,104,7497,2017,0.0,2130.0,1.884166,0.37903600000000004,SGP,IND,551643
11901674,207,104,7497,2017,0.0,3536.0,1.600319,0.854305,SVN,IND,551643
11901675,224,104,7497,2017,9043.0,36429.0,0.541611,2.405872,TUR,IND,551643
11901676,226,104,7497,2017,0.0,5786.0,-1.0691709999999999,0.11636800000000001,TZA,IND,551643
11901677,231,104,7497,2017,0.0,96618.0,1.601478,0.277271,USA,IND,551643
11901678,246,104,7497,2017,0.0,13623.0,0.2066,1.378591,ZAF,IND,551643
11901679,18,106,7497,2017,26886.0,0.0,1.292657,1.19571,BEL,IRL,551643
11901680,61,106,7497,2017,1316.0,0.0,2.1149459999999998,-2.525372,DEU,IRL,551643
11901681,71,106,7497,2017,2060.0,0.0,0.734342,2.8180099999999997,ESP,IRL,551643
11901682,77,106,7497,2017,3168.0,0.0,1.398427,0.894732,FRA,IRL,551643
11901683,81,106,7497,2017,192558.0,7269.0,1.6883119999999998,0.8347469999999999,GBR,IRL,551643
11901684,111,106,7497,2017,5563.0,0.0,1.34395,0.577693,ITA,IRL,551643
11901685,224,106,7497,2017,11002.0,0.0,0.541611,2.405872,TUR,IRL,551643
11901686,71,110,7497,2017,969.0,0.0,0.734342,2.8180099999999997,ESP,ISR,551643
11901687,77,110,7497,2017,2413.0,0.0,1.398427,0.894732,FRA,ISR,551643
11901688,81,110,7497,2017,3475.0,0.0,1.6883119999999998,0.8347469999999999,GBR,ISR,551643
11901689,111,110,7497,2017,985.0,0.0,1.34395,0.577693,ITA,ISR,551643
11901690,224,110,7497,2017,24996.0,0.0,0.541611,2.405872,TUR,ISR,551643
11901691,4,111,7497,2017,0.0,17348.0,-0.44769899999999996,-0.17193,ALB,ITA,551643
11901692,7,111,7497,2017,0.0,39415.0,0.210477,0.02557,ARE,ITA,551643
11901693,8,111,7497,2017,0.0,4114.0,-0.120753,0.233375,ARG,ITA,551643
11901694,14,111,7497,2017,0.0,49369.0,-0.42427200000000004,-0.152921,AUS,ITA,551643
11901695,15,111,7497,2017,16193.0,52166.0,1.728623,-0.031045999999999997,AUT,ITA,551643
11901696,16,111,7497,2017,0.0,3750.0,-1.022455,-1.199225,AZE,ITA,551643
11901697,18,111,7497,2017,21899.0,195443.0,1.292657,1.19571,BEL,ITA,551643
11901698,23,111,7497,2017,40261.0,78251.0,0.557843,1.7221119999999999,BGR,ITA,551643
11901699,24,111,7497,2017,0.0,7183.0,0.485479,-0.5348890000000001,BHR,ITA,551643
11901700,28,111,7497,2017,0.0,3268.0,0.8115829999999999,0.8323459999999999,BLR,ITA,551643
11901701,32,111,7497,2017,0.0,19285.0,0.145224,0.483461,BRA,ITA,551643
11901702,39,111,7497,2017,0.0,34241.0,0.73897,1.206402,CAN,ITA,551643
11901703,41,111,7497,2017,1139.0,52444.0,2.2557810000000003,0.845459,CHE,ITA,551643
11901704,42,111,7497,2017,0.0,3652.0,-0.378693,-0.492983,CHL,ITA,551643
11901705,43,111,7497,2017,199741.0,120781.0,1.1127790000000002,1.56869,CHN,ITA,551643
11901706,49,111,7497,2017,0.0,1098.0,0.208096,-0.17644300000000002,COL,ITA,551643
11901707,58,111,7497,2017,0.0,2466.0,0.576982,0.279989,CYP,ITA,551643
11901708,59,111,7497,2017,8403.0,38385.0,1.7715130000000001,0.359668,CZE,ITA,551643
11901709,61,111,7497,2017,62778.0,1251920.0,2.1149459999999998,-2.525372,DEU,ITA,551643
11901710,64,111,7497,2017,66494.0,64659.0,1.159753,1.233914,DNK,ITA,551643
11901711,71,111,7497,2017,961448.0,1077247.0,0.734342,2.8180099999999997,ESP,ITA,551643
11901712,72,111,7497,2017,0.0,2940.0,1.010985,1.289633,EST,ITA,551643
11901713,74,111,7497,2017,0.0,42897.0,1.655957,0.962485,FIN,ITA,551643
11901714,77,111,7497,2017,98948.0,658536.0,1.398427,0.894732,FRA,ITA,551643
11901715,81,111,7497,2017,215051.0,4632956.0,1.6883119999999998,0.8347469999999999,GBR,ITA,551643
11901716,90,111,7497,2017,0.0,77020.0,0.154098,1.151038,GRC,ITA,551643
11901717,97,111,7497,2017,0.0,150582.0,0.824982,1.7162220000000001,HKG,ITA,551643
11901718,100,111,7497,2017,0.0,2020.0,0.860825,1.365445,HRV,ITA,551643
11901719,102,111,7497,2017,0.0,393355.0,1.4886270000000001,0.845986,HUN,ITA,551643
11901720,103,111,7497,2017,0.0,1004.0,-0.23641700000000002,1.188173,IDN,ITA,551643
11901721,104,111,7497,2017,0.0,21219.0,0.290576,2.726391,IND,ITA,551643
11901722,106,111,7497,2017,0.0,5563.0,1.363544,0.169211,IRL,ITA,551643
11901723,109,111,7497,2017,0.0,1569.0,0.386094,-0.277269,ISL,ITA,551643
11901724,110,111,7497,2017,0.0,985.0,1.436156,0.776574,ISR,ITA,551643
11901725,113,111,7497,2017,0.0,1338.0,0.020035,0.295415,JOR,ITA,551643
11901726,114,111,7497,2017,61994.0,79594.0,2.4510419999999997,-0.277357,JPN,ITA,551643
11901727,121,111,7497,2017,6360.0,50752.0,2.011263,0.783215,KOR,ITA,551643
11901728,122,111,7497,2017,0.0,5472.0,-0.229821,-1.128482,KWT,ITA,551643
11901729,124,111,7497,2017,0.0,35744.0,0.266847,1.117621,LBN,ITA,551643
11901730,130,111,7497,2017,0.0,31580.0,0.855858,1.447717,LTU,ITA,551643
11901731,132,111,7497,2017,0.0,31255.0,0.684555,1.3208030000000002,LVA,ITA,551643
11901732,134,111,7497,2017,0.0,294595.0,-0.757236,-0.065347,MAR,ITA,551643
11901733,135,111,7497,2017,0.0,8023.0,-0.24909,-0.181213,MDA,ITA,551643
11901734,138,111,7497,2017,0.0,79086.0,1.08871,0.5745279999999999,MEX,ITA,551643
11901735,140,111,7497,2017,0.0,14105.0,-0.0292,-0.377156,MKD,ITA,551643
11901736,151,111,7497,2017,0.0,3581.0,-0.156616,0.073153,MUS,ITA,551643
11901737,162,111,7497,2017,18156.0,647059.0,1.146959,1.470869,NLD,ITA,551643
11901738,163,111,7497,2017,0.0,6203.0,0.73658,0.11450199999999999,NOR,ITA,551643
11901739,166,111,7497,2017,4196.0,197101.0,0.25651199999999996,0.132996,NZL,ITA,551643
11901740,167,111,7497,2017,0.0,3057.0,-0.347684,-0.884569,OMN,ITA,551643
11901741,177,111,7497,2017,0.0,110806.0,1.197417,1.092716,POL,ITA,551643
11901742,179,111,7497,2017,1809.0,90220.0,0.527046,2.264624,PRT,ITA,551643
11901743,183,111,7497,2017,0.0,69446.0,-0.361327,-1.066869,QAT,ITA,551643
11901744,185,111,7497,2017,2489.0,580522.0,1.05479,0.9842219999999999,ROU,ITA,551643
11901745,186,111,7497,2017,0.0,303866.0,0.32885,0.288392,RUS,ITA,551643
11901746,188,111,7497,2017,0.0,29720.0,0.597716,-0.345049,SAU,ITA,551643
11901747,192,111,7497,2017,0.0,1436.0,1.884166,0.37903600000000004,SGP,ITA,551643
11901748,201,111,7497,2017,0.0,9054.0,0.541644,1.19872,SRB,ITA,551643
11901749,206,111,7497,2017,5733.0,184494.0,1.279606,0.85503,SVK,ITA,551643
11901750,207,111,7497,2017,1733.0,19182.0,1.600319,0.854305,SVN,ITA,551643
11901751,208,111,7497,2017,0.0,16521.0,1.764732,0.732646,SWE,ITA,551643
11901752,216,111,7497,2017,0.0,2006.0,0.983977,1.3926020000000001,THA,ITA,551643
11901753,223,111,7497,2017,28223.0,56972.0,0.224119,0.961772,TUN,ITA,551643
11901754,224,111,7497,2017,538020.0,57900.0,0.541611,2.405872,TUR,ITA,551643
11901755,228,111,7497,2017,4854.0,14637.0,0.461109,0.7826569999999999,UKR,ITA,551643
11901756,231,111,7497,2017,83589.0,977912.0,1.601478,0.277271,USA,ITA,551643
11901757,239,111,7497,2017,0.0,7772.0,-0.009819,0.686429,VNM,ITA,551643
11901758,246,111,7497,2017,0.0,3063.0,0.2066,1.378591,ZAF,ITA,551643
11901759,249,111,7497,2017,0.0,6283.0,2.0548290000000002,1.2552969999999999,TWN,ITA,551643
11901760,43,113,7497,2017,10975.0,0.0,1.1127790000000002,1.56869,CHN,JOR,551643
11901761,111,113,7497,2017,1338.0,0.0,1.34395,0.577693,ITA,JOR,551643
11901762,224,113,7497,2017,6865948.0,0.0,0.541611,2.405872,TUR,JOR,551643
11901763,15,114,7497,2017,3460.0,0.0,1.728623,-0.031045999999999997,AUT,JPN,551643
11901764,18,114,7497,2017,5759.0,0.0,1.292657,1.19571,BEL,JPN,551643
11901765,22,114,7497,2017,0.0,39719.0,-1.016251,-0.987654,BGD,JPN,551643
11901766,39,114,7497,2017,0.0,32857.0,0.73897,1.206402,CAN,JPN,551643
11901767,43,114,7497,2017,226843.0,1070893.0,1.1127790000000002,1.56869,CHN,JPN,551643
11901768,61,114,7497,2017,11594.0,505137.0,2.1149459999999998,-2.525372,DEU,JPN,551643
11901769,71,114,7497,2017,2095.0,20982.0,0.734342,2.8180099999999997,ESP,JPN,551643
11901770,77,114,7497,2017,9378.0,0.0,1.398427,0.894732,FRA,JPN,551643
11901771,81,114,7497,2017,9106.0,0.0,1.6883119999999998,0.8347469999999999,GBR,JPN,551643
11901772,97,114,7497,2017,0.0,24120.0,0.824982,1.7162220000000001,HKG,JPN,551643
11901773,103,114,7497,2017,27979.0,34899.0,-0.23641700000000002,1.188173,IDN,JPN,551643
11901774,104,114,7497,2017,0.0,2609.0,0.290576,2.726391,IND,JPN,551643
11901775,111,114,7497,2017,79594.0,61994.0,1.34395,0.577693,ITA,JPN,551643
11901776,118,114,7497,2017,0.0,72863.0,-0.656325,-0.622167,KHM,JPN,551643
11901777,121,114,7497,2017,0.0,8655.0,2.011263,0.783215,KOR,JPN,551643
11901778,128,114,7497,2017,0.0,8681.0,-0.46442799999999995,0.472132,LKA,JPN,551643
11901779,138,114,7497,2017,0.0,7410.0,1.08871,0.5745279999999999,MEX,JPN,551643
11901780,143,114,7497,2017,0.0,3252.0,-1.051544,-0.419183,MMR,JPN,551643
11901781,153,114,7497,2017,0.0,60472.0,1.0110139999999999,0.6840729999999999,MYS,JPN,551643
11901782,179,114,7497,2017,0.0,24074.0,0.527046,2.264624,PRT,JPN,551643
11901783,188,114,7497,2017,0.0,141810.0,0.597716,-0.345049,SAU,JPN,551643
11901784,192,114,7497,2017,1232.0,2050.0,1.884166,0.37903600000000004,SGP,JPN,551643
11901785,216,114,7497,2017,99297.0,32206.0,0.983977,1.3926020000000001,THA,JPN,551643
11901786,223,114,7497,2017,0.0,137649.0,0.224119,0.961772,TUN,JPN,551643
11901787,224,114,7497,2017,82754.0,0.0,0.541611,2.405872,TUR,JPN,551643
11901788,231,114,7497,2017,5593.0,524301.0,1.601478,0.277271,USA,JPN,551643
11901789,239,114,7497,2017,0.0,5334230.0,-0.009819,0.686429,VNM,JPN,551643
11901790,249,114,7497,2017,0.0,30284.0,2.0548290000000002,1.2552969999999999,TWN,JPN,551643
11901791,14,121,7497,2017,2884.0,0.0,-0.42427200000000004,-0.152921,AUS,KOR,551643
11901792,18,121,7497,2017,4843.0,0.0,1.292657,1.19571,BEL,KOR,551643
11901793,23,121,7497,2017,1886.0,0.0,0.557843,1.7221119999999999,BGR,KOR,551643
11901794,41,121,7497,2017,4668.0,0.0,2.2557810000000003,0.845459,CHE,KOR,551643
11901795,43,121,7497,2017,16414.0,22383.0,1.1127790000000002,1.56869,CHN,KOR,551643
11901796,61,121,7497,2017,1674.0,0.0,2.1149459999999998,-2.525372,DEU,KOR,551643
11901797,71,121,7497,2017,2904.0,0.0,0.734342,2.8180099999999997,ESP,KOR,551643
11901798,77,121,7497,2017,5672.0,0.0,1.398427,0.894732,FRA,KOR,551643
11901799,81,121,7497,2017,2638.0,0.0,1.6883119999999998,0.8347469999999999,GBR,KOR,551643
11901800,97,121,7497,2017,0.0,3129.0,0.824982,1.7162220000000001,HKG,KOR,551643
11901801,104,121,7497,2017,17180.0,0.0,0.290576,2.726391,IND,KOR,551643
11901802,111,121,7497,2017,50752.0,6360.0,1.34395,0.577693,ITA,KOR,551643
11901803,114,121,7497,2017,8655.0,0.0,2.4510419999999997,-0.277357,JPN,KOR,551643
11901804,162,121,7497,2017,3596.0,0.0,1.146959,1.470869,NLD,KOR,551643
11901805,179,121,7497,2017,33484.0,0.0,0.527046,2.264624,PRT,KOR,551643
11901806,224,121,7497,2017,139906.0,0.0,0.541611,2.405872,TUR,KOR,551643
11901807,249,121,7497,2017,5702.0,2591.0,2.0548290000000002,1.2552969999999999,TWN,KOR,551643
11901808,77,122,7497,2017,4807.0,0.0,1.398427,0.894732,FRA,KWT,551643
11901809,81,122,7497,2017,6590.0,0.0,1.6883119999999998,0.8347469999999999,GBR,KWT,551643
11901810,111,122,7497,2017,5472.0,0.0,1.34395,0.577693,ITA,KWT,551643
11901811,224,122,7497,2017,17917.0,0.0,0.541611,2.405872,TUR,KWT,551643
11901812,23,138,7497,2017,11123.0,0.0,0.557843,1.7221119999999999,BGR,MEX,551643
11901813,43,138,7497,2017,449429.0,0.0,1.1127790000000002,1.56869,CHN,MEX,551643
11901814,49,138,7497,2017,2248.0,73096.0,0.208096,-0.17644300000000002,COL,MEX,551643
11901815,71,138,7497,2017,9278.0,0.0,0.734342,2.8180099999999997,ESP,MEX,551643
11901816,77,138,7497,2017,1319.0,0.0,1.398427,0.894732,FRA,MEX,551643
11901817,81,138,7497,2017,5405.0,0.0,1.6883119999999998,0.8347469999999999,GBR,MEX,551643
11901818,104,138,7497,2017,4836.0,0.0,0.290576,2.726391,IND,MEX,551643
11901819,111,138,7497,2017,79086.0,0.0,1.34395,0.577693,ITA,MEX,551643
11901820,114,138,7497,2017,7410.0,0.0,2.4510419999999997,-0.277357,JPN,MEX,551643
11901821,224,138,7497,2017,883519.0,0.0,0.541611,2.405872,TUR,MEX,551643
11901822,231,138,7497,2017,569040.0,80235.0,1.601478,0.277271,USA,MEX,551643
11901823,43,143,7497,2017,158214.0,0.0,1.1127790000000002,1.56869,CHN,MMR,551643
11901824,114,143,7497,2017,3252.0,0.0,2.4510419999999997,-0.277357,JPN,MMR,551643
11901825,43,153,7497,2017,31273.0,0.0,1.1127790000000002,1.56869,CHN,MYS,551643
11901826,61,153,7497,2017,2101.0,0.0,2.1149459999999998,-2.525372,DEU,MYS,551643
11901827,81,153,7497,2017,3451.0,0.0,1.6883119999999998,0.8347469999999999,GBR,MYS,551643
11901828,114,153,7497,2017,60472.0,0.0,2.4510419999999997,-0.277357,JPN,MYS,551643
11901829,162,153,7497,2017,1133.0,0.0,1.146959,1.470869,NLD,MYS,551643
11901830,192,153,7497,2017,207783.0,0.0,1.884166,0.37903600000000004,SGP,MYS,551643
11901831,224,153,7497,2017,22547.0,0.0,0.541611,2.405872,TUR,MYS,551643
11901832,32,160,7497,2017,1188.0,0.0,0.145224,0.483461,BRA,NIC,551643
11901833,18,162,7497,2017,338322.0,11629.0,1.292657,1.19571,BEL,NLD,551643
11901834,23,162,7497,2017,0.0,2079.0,0.557843,1.7221119999999999,BGR,NLD,551643
11901835,32,162,7497,2017,24098.0,0.0,0.145224,0.483461,BRA,NLD,551643
11901836,43,162,7497,2017,4394.0,4430.0,1.1127790000000002,1.56869,CHN,NLD,551643
11901837,61,162,7497,2017,68820.0,5076.0,2.1149459999999998,-2.525372,DEU,NLD,551643
11901838,71,162,7497,2017,5122.0,0.0,0.734342,2.8180099999999997,ESP,NLD,551643
11901839,77,162,7497,2017,30860.0,0.0,1.398427,0.894732,FRA,NLD,551643
11901840,81,162,7497,2017,122031.0,162322.0,1.6883119999999998,0.8347469999999999,GBR,NLD,551643
11901841,90,162,7497,2017,0.0,6296.0,0.154098,1.151038,GRC,NLD,551643
11901842,102,162,7497,2017,0.0,104397.0,1.4886270000000001,0.845986,HUN,NLD,551643
11901843,109,162,7497,2017,0.0,16001.0,0.386094,-0.277269,ISL,NLD,551643
11901844,111,162,7497,2017,647059.0,18156.0,1.34395,0.577693,ITA,NLD,551643
11901845,121,162,7497,2017,0.0,3596.0,2.011263,0.783215,KOR,NLD,551643
11901846,134,162,7497,2017,0.0,2414.0,-0.757236,-0.065347,MAR,NLD,551643
11901847,153,162,7497,2017,0.0,1133.0,1.0110139999999999,0.6840729999999999,MYS,NLD,551643
11901848,177,162,7497,2017,0.0,15470.0,1.197417,1.092716,POL,NLD,551643
11901849,186,162,7497,2017,0.0,1908.0,0.32885,0.288392,RUS,NLD,551643
11901850,192,162,7497,2017,0.0,5020.0,1.884166,0.37903600000000004,SGP,NLD,551643
11901851,216,162,7497,2017,3367.0,0.0,0.983977,1.3926020000000001,THA,NLD,551643
11901852,224,162,7497,2017,1396.0,0.0,0.541611,2.405872,TUR,NLD,551643
11901853,231,162,7497,2017,6031.0,0.0,1.601478,0.277271,USA,NLD,551643
11901854,15,163,7497,2017,2723.0,0.0,1.728623,-0.031045999999999997,AUT,NOR,551643
11901855,18,163,7497,2017,952.0,0.0,1.292657,1.19571,BEL,NOR,551643
11901856,61,163,7497,2017,45350.0,0.0,2.1149459999999998,-2.525372,DEU,NOR,551643
11901857,77,163,7497,2017,3285.0,0.0,1.398427,0.894732,FRA,NOR,551643
11901858,81,163,7497,2017,1643.0,0.0,1.6883119999999998,0.8347469999999999,GBR,NOR,551643
11901859,104,163,7497,2017,806.0,0.0,0.290576,2.726391,IND,NOR,551643
11901860,111,163,7497,2017,6203.0,0.0,1.34395,0.577693,ITA,NOR,551643
11901861,130,163,7497,2017,0.0,3796.0,0.855858,1.447717,LTU,NOR,551643
11901862,208,163,7497,2017,52819.0,0.0,1.764732,0.732646,SWE,NOR,551643
11901863,14,166,7497,2017,1562.0,219253.0,-0.42427200000000004,-0.152921,AUS,NZL,551643
11901864,39,166,7497,2017,0.0,9124.0,0.73897,1.206402,CAN,NZL,551643
11901865,61,166,7497,2017,1839.0,0.0,2.1149459999999998,-2.525372,DEU,NZL,551643
11901866,71,166,7497,2017,1496.0,0.0,0.734342,2.8180099999999997,ESP,NZL,551643
11901867,77,166,7497,2017,1763.0,0.0,1.398427,0.894732,FRA,NZL,551643
11901868,81,166,7497,2017,5881.0,3309.0,1.6883119999999998,0.8347469999999999,GBR,NZL,551643
11901869,103,166,7497,2017,0.0,1041.0,-0.23641700000000002,1.188173,IDN,NZL,551643
11901870,104,166,7497,2017,2782.0,0.0,0.290576,2.726391,IND,NZL,551643
11901871,111,166,7497,2017,197101.0,4196.0,1.34395,0.577693,ITA,NZL,551643
11901872,134,166,7497,2017,2605.0,0.0,-0.757236,-0.065347,MAR,NZL,551643
11901873,192,166,7497,2017,0.0,2122.0,1.884166,0.37903600000000004,SGP,NZL,551643
11901874,216,166,7497,2017,993.0,0.0,0.983977,1.3926020000000001,THA,NZL,551643
11901875,224,166,7497,2017,5204.0,0.0,0.541611,2.405872,TUR,NZL,551643
11901876,231,166,7497,2017,1675.0,233043.0,1.601478,0.277271,USA,NZL,551643
11901877,42,168,7497,2017,0.0,32743.0,-0.378693,-0.492983,CHL,PAK,551643
11901878,43,168,7497,2017,26781.0,0.0,1.1127790000000002,1.56869,CHN,PAK,551643
11901879,97,168,7497,2017,0.0,12220.0,0.824982,1.7162220000000001,HKG,PAK,551643
11901880,224,168,7497,2017,0.0,53787.0,0.541611,2.405872,TUR,PAK,551643
11901881,231,168,7497,2017,0.0,6214.0,1.601478,0.277271,USA,PAK,551643
11901882,42,169,7497,2017,0.0,1403.0,-0.378693,-0.492983,CHL,PAN,551643
11901883,231,169,7497,2017,2419.0,0.0,1.601478,0.277271,USA,PAN,551643
11901884,250,169,7497,2017,0.0,2425.0,0.72523,-0.205046,ANS,PAN,551643
11901885,8,173,7497,2017,1110.0,0.0,-0.120753,0.233375,ARG,PER,551643
11901886,32,173,7497,2017,13088.0,0.0,0.145224,0.483461,BRA,PER,551643
11901887,43,173,7497,2017,17916.0,0.0,1.1127790000000002,1.56869,CHN,PER,551643
11901888,18,174,7497,2017,28952.0,0.0,1.292657,1.19571,BEL,PHL,551643
11901889,43,174,7497,2017,147221.0,0.0,1.1127790000000002,1.56869,CHN,PHL,551643
11901890,61,174,7497,2017,1266.0,0.0,2.1149459999999998,-2.525372,DEU,PHL,551643
11901891,97,174,7497,2017,5332.0,0.0,0.824982,1.7162220000000001,HKG,PHL,551643
11901892,104,174,7497,2017,13616.0,0.0,0.290576,2.726391,IND,PHL,551643
11901893,192,174,7497,2017,1198.0,0.0,1.884166,0.37903600000000004,SGP,PHL,551643
11901894,224,174,7497,2017,32090.0,0.0,0.541611,2.405872,TUR,PHL,551643
11901895,15,177,7497,2017,1971.0,0.0,1.728623,-0.031045999999999997,AUT,POL,551643
11901896,18,177,7497,2017,25662.0,5296.0,1.292657,1.19571,BEL,POL,551643
11901897,23,177,7497,2017,2325.0,22013.0,0.557843,1.7221119999999999,BGR,POL,551643
11901898,28,177,7497,2017,1834.0,5031.0,0.8115829999999999,0.8323459999999999,BLR,POL,551643
11901899,43,177,7497,2017,91653.0,0.0,1.1127790000000002,1.56869,CHN,POL,551643
11901900,59,177,7497,2017,10706.0,64976.0,1.7715130000000001,0.359668,CZE,POL,551643
11901901,61,177,7497,2017,110090.0,0.0,2.1149459999999998,-2.525372,DEU,POL,551643
11901902,71,177,7497,2017,5754.0,0.0,0.734342,2.8180099999999997,ESP,POL,551643
11901903,77,177,7497,2017,2813.0,0.0,1.398427,0.894732,FRA,POL,551643
11901904,81,177,7497,2017,56971.0,0.0,1.6883119999999998,0.8347469999999999,GBR,POL,551643
11901905,100,177,7497,2017,0.0,9559.0,0.860825,1.365445,HRV,POL,551643
11901906,104,177,7497,2017,11451.0,0.0,0.290576,2.726391,IND,POL,551643
11901907,109,177,7497,2017,0.0,2391.0,0.386094,-0.277269,ISL,POL,551643
11901908,111,177,7497,2017,110806.0,0.0,1.34395,0.577693,ITA,POL,551643
11901909,162,177,7497,2017,15470.0,0.0,1.146959,1.470869,NLD,POL,551643
11901910,179,177,7497,2017,12793.0,0.0,0.527046,2.264624,PRT,POL,551643
11901911,186,177,7497,2017,0.0,5733.0,0.32885,0.288392,RUS,POL,551643
11901912,198,177,7497,2017,6229.0,0.0,0.984548,0.6116199999999999,SMR,POL,551643
11901913,206,177,7497,2017,0.0,1180.0,1.279606,0.85503,SVK,POL,551643
11901914,216,177,7497,2017,962.0,0.0,0.983977,1.3926020000000001,THA,POL,551643
11901915,224,177,7497,2017,11242.0,0.0,0.541611,2.405872,TUR,POL,551643
11901916,228,177,7497,2017,0.0,24119.0,0.461109,0.7826569999999999,UKR,POL,551643
11901917,231,177,7497,2017,2529.0,0.0,1.601478,0.277271,USA,POL,551643
11901918,2,179,7497,2017,0.0,1756.0,-1.408777,-1.215475,AGO,PRT,551643
11901919,18,179,7497,2017,110799.0,1688.0,1.292657,1.19571,BEL,PRT,551643
11901920,41,179,7497,2017,1448.0,0.0,2.2557810000000003,0.845459,CHE,PRT,551643
11901921,61,179,7497,2017,9826.0,32050.0,2.1149459999999998,-2.525372,DEU,PRT,551643
11901922,71,179,7497,2017,397959.0,111929.0,0.734342,2.8180099999999997,ESP,PRT,551643
11901923,77,179,7497,2017,63494.0,998.0,1.398427,0.894732,FRA,PRT,551643
11901924,81,179,7497,2017,85328.0,2738.0,1.6883119999999998,0.8347469999999999,GBR,PRT,551643
11901925,97,179,7497,2017,0.0,830.0,0.824982,1.7162220000000001,HKG,PRT,551643
11901926,111,179,7497,2017,90220.0,1809.0,1.34395,0.577693,ITA,PRT,551643
11901927,114,179,7497,2017,24074.0,0.0,2.4510419999999997,-0.277357,JPN,PRT,551643
11901928,121,179,7497,2017,0.0,33484.0,2.011263,0.783215,KOR,PRT,551643
11901929,130,179,7497,2017,0.0,38019.0,0.855858,1.447717,LTU,PRT,551643
11901930,140,179,7497,2017,0.0,22958.0,-0.0292,-0.377156,MKD,PRT,551643
11901931,177,179,7497,2017,0.0,12793.0,1.197417,1.092716,POL,PRT,551643
11901932,223,179,7497,2017,0.0,1239.0,0.224119,0.961772,TUN,PRT,551643
11901933,224,179,7497,2017,12235.0,0.0,0.541611,2.405872,TUR,PRT,551643
11901934,32,180,7497,2017,87344.0,0.0,0.145224,0.483461,BRA,PRY,551643
11901935,42,180,7497,2017,2570304.0,0.0,-0.378693,-0.492983,CHL,PRY,551643
11901936,43,180,7497,2017,37228.0,0.0,1.1127790000000002,1.56869,CHN,PRY,551643
11901937,224,180,7497,2017,28882.0,0.0,0.541611,2.405872,TUR,PRY,551643
11901938,231,180,7497,2017,24122.0,0.0,1.601478,0.277271,USA,PRY,551643
11901939,7,186,7497,2017,0.0,1163.0,0.210477,0.02557,ARE,RUS,551643
11901940,18,186,7497,2017,3069.0,0.0,1.292657,1.19571,BEL,RUS,551643
11901941,23,186,7497,2017,5113.0,0.0,0.557843,1.7221119999999999,BGR,RUS,551643
11901942,28,186,7497,2017,5643.0,30427.0,0.8115829999999999,0.8323459999999999,BLR,RUS,551643
11901943,43,186,7497,2017,50946.0,0.0,1.1127790000000002,1.56869,CHN,RUS,551643
11901944,61,186,7497,2017,291644.0,0.0,2.1149459999999998,-2.525372,DEU,RUS,551643
11901945,71,186,7497,2017,2568.0,0.0,0.734342,2.8180099999999997,ESP,RUS,551643
11901946,72,186,7497,2017,1226.0,0.0,1.010985,1.289633,EST,RUS,551643
11901947,74,186,7497,2017,1452.0,0.0,1.655957,0.962485,FIN,RUS,551643
11901948,77,186,7497,2017,8033.0,0.0,1.398427,0.894732,FRA,RUS,551643
11901949,81,186,7497,2017,1148.0,0.0,1.6883119999999998,0.8347469999999999,GBR,RUS,551643
11901950,104,186,7497,2017,4686.0,0.0,0.290576,2.726391,IND,RUS,551643
11901951,111,186,7497,2017,303866.0,0.0,1.34395,0.577693,ITA,RUS,551643
11901952,130,186,7497,2017,18656.0,0.0,0.855858,1.447717,LTU,RUS,551643
11901953,132,186,7497,2017,42679.0,0.0,0.684555,1.3208030000000002,LVA,RUS,551643
11901954,162,186,7497,2017,1908.0,0.0,1.146959,1.470869,NLD,RUS,551643
11901955,177,186,7497,2017,5733.0,0.0,1.197417,1.092716,POL,RUS,551643
11901956,208,186,7497,2017,3126.0,0.0,1.764732,0.732646,SWE,RUS,551643
11901957,224,186,7497,2017,44299.0,0.0,0.541611,2.405872,TUR,RUS,551643
11901958,231,186,7497,2017,1022.0,0.0,1.601478,0.277271,USA,RUS,551643
11901959,61,188,7497,2017,12653.0,0.0,2.1149459999999998,-2.525372,DEU,SAU,551643
11901960,71,188,7497,2017,8528.0,0.0,0.734342,2.8180099999999997,ESP,SAU,551643
11901961,77,188,7497,2017,5790.0,0.0,1.398427,0.894732,FRA,SAU,551643
11901962,81,188,7497,2017,12378.0,0.0,1.6883119999999998,0.8347469999999999,GBR,SAU,551643
11901963,111,188,7497,2017,29720.0,0.0,1.34395,0.577693,ITA,SAU,551643
11901964,114,188,7497,2017,141810.0,0.0,2.4510419999999997,-0.277357,JPN,SAU,551643
11901965,231,188,7497,2017,6457.0,0.0,1.601478,0.277271,USA,SAU,551643
11901966,43,192,7497,2017,210116.0,1500.0,1.1127790000000002,1.56869,CHN,SGP,551643
11901967,77,192,7497,2017,2081.0,0.0,1.398427,0.894732,FRA,SGP,551643
11901968,104,192,7497,2017,2130.0,0.0,0.290576,2.726391,IND,SGP,551643
11901969,111,192,7497,2017,1436.0,0.0,1.34395,0.577693,ITA,SGP,551643
11901970,114,192,7497,2017,2050.0,1232.0,2.4510419999999997,-0.277357,JPN,SGP,551643
11901971,153,192,7497,2017,0.0,207783.0,1.0110139999999999,0.6840729999999999,MYS,SGP,551643
11901972,162,192,7497,2017,5020.0,0.0,1.146959,1.470869,NLD,SGP,551643
11901973,166,192,7497,2017,2122.0,0.0,0.25651199999999996,0.132996,NZL,SGP,551643
11901974,174,192,7497,2017,0.0,1198.0,0.657759,0.170061,PHL,SGP,551643
11901975,231,192,7497,2017,5439.0,0.0,1.601478,0.277271,USA,SGP,551643
11901976,32,197,7497,2017,1627.0,0.0,0.145224,0.483461,BRA,SLV,551643
11901977,15,208,7497,2017,1651.0,0.0,1.728623,-0.031045999999999997,AUT,SWE,551643
11901978,18,208,7497,2017,58786.0,0.0,1.292657,1.19571,BEL,SWE,551643
11901979,59,208,7497,2017,4705.0,0.0,1.7715130000000001,0.359668,CZE,SWE,551643
11901980,61,208,7497,2017,6391.0,0.0,2.1149459999999998,-2.525372,DEU,SWE,551643
11901981,71,208,7497,2017,1902.0,0.0,0.734342,2.8180099999999997,ESP,SWE,551643
11901982,77,208,7497,2017,23539.0,0.0,1.398427,0.894732,FRA,SWE,551643
11901983,81,208,7497,2017,48130.0,0.0,1.6883119999999998,0.8347469999999999,GBR,SWE,551643
11901984,111,208,7497,2017,16521.0,0.0,1.34395,0.577693,ITA,SWE,551643
11901985,163,208,7497,2017,0.0,52819.0,0.73658,0.11450199999999999,NOR,SWE,551643
11901986,186,208,7497,2017,0.0,3126.0,0.32885,0.288392,RUS,SWE,551643
11901987,7,216,7497,2017,0.0,11096.0,0.210477,0.02557,ARE,THA,551643
11901988,14,216,7497,2017,0.0,1715.0,-0.42427200000000004,-0.152921,AUS,THA,551643
11901989,42,216,7497,2017,0.0,4601.0,-0.378693,-0.492983,CHL,THA,551643
11901990,43,216,7497,2017,4558.0,53274.0,1.1127790000000002,1.56869,CHN,THA,551643
11901991,61,216,7497,2017,0.0,9709.0,2.1149459999999998,-2.525372,DEU,THA,551643
11901992,81,216,7497,2017,4781.0,0.0,1.6883119999999998,0.8347469999999999,GBR,THA,551643
11901993,103,216,7497,2017,25883.0,0.0,-0.23641700000000002,1.188173,IDN,THA,551643
11901994,111,216,7497,2017,2006.0,0.0,1.34395,0.577693,ITA,THA,551643
11901995,114,216,7497,2017,32206.0,99297.0,2.4510419999999997,-0.277357,JPN,THA,551643
11901996,162,216,7497,2017,0.0,3367.0,1.146959,1.470869,NLD,THA,551643
11901997,164,216,7497,2017,0.0,1962.0,-0.319681,0.5788220000000001,NPL,THA,551643
11901998,166,216,7497,2017,0.0,993.0,0.25651199999999996,0.132996,NZL,THA,551643
11901999,177,216,7497,2017,0.0,962.0,1.197417,1.092716,POL,THA,551643
11902000,239,216,7497,2017,0.0,2181.0,-0.009819,0.686429,VNM,THA,551643
11902001,7,224,7497,2017,0.0,30188.0,0.210477,0.02557,ARE,TUR,551643
11902002,8,224,7497,2017,0.0,71472.0,-0.120753,0.233375,ARG,TUR,551643
11902003,14,224,7497,2017,0.0,5810.0,-0.42427200000000004,-0.152921,AUS,TUR,551643
11902004,15,224,7497,2017,9456.0,0.0,1.728623,-0.031045999999999997,AUT,TUR,551643
11902005,18,224,7497,2017,10195.0,255423.0,1.292657,1.19571,BEL,TUR,551643
11902006,22,224,7497,2017,0.0,250062.0,-1.016251,-0.987654,BGD,TUR,551643
11902007,23,224,7497,2017,0.0,143626.0,0.557843,1.7221119999999999,BGR,TUR,551643
11902008,28,224,7497,2017,0.0,17620.0,0.8115829999999999,0.8323459999999999,BLR,TUR,551643
11902009,32,224,7497,2017,0.0,22470.0,0.145224,0.483461,BRA,TUR,551643
11902010,39,224,7497,2017,0.0,10970.0,0.73897,1.206402,CAN,TUR,551643
11902011,43,224,7497,2017,0.0,197833.0,1.1127790000000002,1.56869,CHN,TUR,551643
11902012,49,224,7497,2017,0.0,53843.0,0.208096,-0.17644300000000002,COL,TUR,551643
11902013,59,224,7497,2017,0.0,564542.0,1.7715130000000001,0.359668,CZE,TUR,551643
11902014,61,224,7497,2017,58987.0,250522.0,2.1149459999999998,-2.525372,DEU,TUR,551643
11902015,64,224,7497,2017,0.0,91189.0,1.159753,1.233914,DNK,TUR,551643
11902016,66,224,7497,2017,0.0,1096.0,-0.9905579999999999,-1.1996200000000001,DZA,TUR,551643
11902017,68,224,7497,2017,29956.0,502561.0,-0.073436,1.829121,EGY,TUR,551643
11902018,71,224,7497,2017,680362.0,145234.0,0.734342,2.8180099999999997,ESP,TUR,551643
11902019,72,224,7497,2017,0.0,4903.0,1.010985,1.289633,EST,TUR,551643
11902020,77,224,7497,2017,1701.0,4524.0,1.398427,0.894732,FRA,TUR,551643
11902021,81,224,7497,2017,5046.0,1805738.0,1.6883119999999998,0.8347469999999999,GBR,TUR,551643
11902022,90,224,7497,2017,0.0,31211.0,0.154098,1.151038,GRC,TUR,551643
11902023,97,224,7497,2017,0.0,1669696.0,0.824982,1.7162220000000001,HKG,TUR,551643
11902024,99,224,7497,2017,0.0,82866.0,-0.6335689999999999,-0.334201,HND,TUR,551643
11902025,102,224,7497,2017,0.0,186504.0,1.4886270000000001,0.845986,HUN,TUR,551643
11902026,103,224,7497,2017,0.0,94711.0,-0.23641700000000002,1.188173,IDN,TUR,551643
11902027,104,224,7497,2017,36429.0,9043.0,0.290576,2.726391,IND,TUR,551643
11902028,106,224,7497,2017,0.0,11002.0,1.363544,0.169211,IRL,TUR,551643
11902029,107,224,7497,2017,0.0,14346.0,-0.361292,-0.361813,IRN,TUR,551643
11902030,110,224,7497,2017,0.0,24996.0,1.436156,0.776574,ISR,TUR,551643
11902031,111,224,7497,2017,57900.0,538020.0,1.34395,0.577693,ITA,TUR,551643
11902032,113,224,7497,2017,0.0,6865948.0,0.020035,0.295415,JOR,TUR,551643
11902033,114,224,7497,2017,0.0,82754.0,2.4510419999999997,-0.277357,JPN,TUR,551643
11902034,115,224,7497,2017,0.0,1052.0,-0.394316,-0.5485979999999999,KAZ,TUR,551643
11902035,121,224,7497,2017,0.0,139906.0,2.011263,0.783215,KOR,TUR,551643
11902036,122,224,7497,2017,0.0,17917.0,-0.229821,-1.128482,KWT,TUR,551643
11902037,124,224,7497,2017,0.0,26637.0,0.266847,1.117621,LBN,TUR,551643
11902038,128,224,7497,2017,0.0,797758.0,-0.46442799999999995,0.472132,LKA,TUR,551643
11902039,130,224,7497,2017,0.0,32046.0,0.855858,1.447717,LTU,TUR,551643
11902040,132,224,7497,2017,0.0,2067.0,0.684555,1.3208030000000002,LVA,TUR,551643
11902041,134,224,7497,2017,0.0,170445.0,-0.757236,-0.065347,MAR,TUR,551643
11902042,135,224,7497,2017,0.0,21274.0,-0.24909,-0.181213,MDA,TUR,551643
11902043,138,224,7497,2017,0.0,883519.0,1.08871,0.5745279999999999,MEX,TUR,551643
11902044,140,224,7497,2017,0.0,5935.0,-0.0292,-0.377156,MKD,TUR,551643
11902045,151,224,7497,2017,0.0,3403.0,-0.156616,0.073153,MUS,TUR,551643
11902046,153,224,7497,2017,0.0,22547.0,1.0110139999999999,0.6840729999999999,MYS,TUR,551643
11902047,162,224,7497,2017,0.0,1396.0,1.146959,1.470869,NLD,TUR,551643
11902048,166,224,7497,2017,0.0,5204.0,0.25651199999999996,0.132996,NZL,TUR,551643
11902049,168,224,7497,2017,53787.0,0.0,-0.698561,0.43523500000000004,PAK,TUR,551643
11902050,174,224,7497,2017,0.0,32090.0,0.657759,0.170061,PHL,TUR,551643
11902051,177,224,7497,2017,0.0,11242.0,1.197417,1.092716,POL,TUR,551643
11902052,179,224,7497,2017,0.0,12235.0,0.527046,2.264624,PRT,TUR,551643
11902053,180,224,7497,2017,0.0,28882.0,-0.437741,-0.9248879999999999,PRY,TUR,551643
11902054,183,224,7497,2017,0.0,1467.0,-0.361327,-1.066869,QAT,TUR,551643
11902055,185,224,7497,2017,0.0,51734.0,1.05479,0.9842219999999999,ROU,TUR,551643
11902056,186,224,7497,2017,0.0,44299.0,0.32885,0.288392,RUS,TUR,551643
11902057,201,224,7497,2017,0.0,13746.0,0.541644,1.19872,SRB,TUR,551643
11902058,223,224,7497,2017,0.0,1259490.0,0.224119,0.961772,TUN,TUR,551643
11902059,228,224,7497,2017,0.0,10180.0,0.461109,0.7826569999999999,UKR,TUR,551643
11902060,230,224,7497,2017,0.0,107032.0,0.16963,-0.403006,URY,TUR,551643
11902061,231,224,7497,2017,26966.0,1497779.0,1.601478,0.277271,USA,TUR,551643
11902062,239,224,7497,2017,0.0,587213.0,-0.009819,0.686429,VNM,TUR,551643
11902063,246,224,7497,2017,0.0,6429.0,0.2066,1.378591,ZAF,TUR,551643
11902064,249,224,7497,2017,0.0,2076.0,2.0548290000000002,1.2552969999999999,TWN,TUR,551643
11902065,15,228,7497,2017,1022.0,0.0,1.728623,-0.031045999999999997,AUT,UKR,551643
11902066,18,228,7497,2017,1770.0,0.0,1.292657,1.19571,BEL,UKR,551643
11902067,43,228,7497,2017,20708.0,0.0,1.1127790000000002,1.56869,CHN,UKR,551643
11902068,61,228,7497,2017,21530.0,0.0,2.1149459999999998,-2.525372,DEU,UKR,551643
11902069,81,228,7497,2017,1465.0,0.0,1.6883119999999998,0.8347469999999999,GBR,UKR,551643
11902070,102,228,7497,2017,8641.0,1006.0,1.4886270000000001,0.845986,HUN,UKR,551643
11902071,111,228,7497,2017,14637.0,4854.0,1.34395,0.577693,ITA,UKR,551643
11902072,177,228,7497,2017,24119.0,0.0,1.197417,1.092716,POL,UKR,551643
11902073,185,228,7497,2017,5634.0,0.0,1.05479,0.9842219999999999,ROU,UKR,551643
11902074,224,228,7497,2017,10180.0,0.0,0.541611,2.405872,TUR,UKR,551643
11902075,32,230,7497,2017,6713.0,0.0,0.145224,0.483461,BRA,URY,551643
11902076,71,230,7497,2017,10089.0,0.0,0.734342,2.8180099999999997,ESP,URY,551643
11902077,224,230,7497,2017,107032.0,0.0,0.541611,2.405872,TUR,URY,551643
11902078,7,231,7497,2017,0.0,10003.0,0.210477,0.02557,ARE,USA,551643
11902079,14,231,7497,2017,0.0,20161.0,-0.42427200000000004,-0.152921,AUS,USA,551643
11902080,15,231,7497,2017,1564.0,0.0,1.728623,-0.031045999999999997,AUT,USA,551643
11902081,18,231,7497,2017,48836.0,1967.0,1.292657,1.19571,BEL,USA,551643
11902082,23,231,7497,2017,6084.0,0.0,0.557843,1.7221119999999999,BGR,USA,551643
11902083,31,231,7497,2017,0.0,1201.0,-1.158425,-1.076242,BOL,USA,551643
11902084,32,231,7497,2017,0.0,2691.0,0.145224,0.483461,BRA,USA,551643
11902085,34,231,7497,2017,0.0,3691.0,0.270525,-0.747949,BRN,USA,551643
11902086,39,231,7497,2017,46868.0,376782.0,0.73897,1.206402,CAN,USA,551643
11902087,41,231,7497,2017,5280.0,0.0,2.2557810000000003,0.845459,CHE,USA,551643
11902088,43,231,7497,2017,10261260.0,57202.0,1.1127790000000002,1.56869,CHN,USA,551643
11902089,61,231,7497,2017,128250.0,5170.0,2.1149459999999998,-2.525372,DEU,USA,551643
11902090,64,231,7497,2017,0.0,1052.0,1.159753,1.233914,DNK,USA,551643
11902091,71,231,7497,2017,4932.0,1788.0,0.734342,2.8180099999999997,ESP,USA,551643
11902092,72,231,7497,2017,0.0,3850.0,1.010985,1.289633,EST,USA,551643
11902093,77,231,7497,2017,245631.0,6871.0,1.398427,0.894732,FRA,USA,551643
11902094,81,231,7497,2017,292674.0,49734.0,1.6883119999999998,0.8347469999999999,GBR,USA,551643
11902095,96,231,7497,2017,0.0,3411.0,-0.703271,-0.898648,GUY,USA,551643
11902096,97,231,7497,2017,3662.0,3533.0,0.824982,1.7162220000000001,HKG,USA,551643
11902097,103,231,7497,2017,82467.0,0.0,-0.23641700000000002,1.188173,IDN,USA,551643
11902098,104,231,7497,2017,96618.0,0.0,0.290576,2.726391,IND,USA,551643
11902099,111,231,7497,2017,977912.0,83589.0,1.34395,0.577693,ITA,USA,551643
11902100,114,231,7497,2017,524301.0,5593.0,2.4510419999999997,-0.277357,JPN,USA,551643
11902101,134,231,7497,2017,24717.0,0.0,-0.757236,-0.065347,MAR,USA,551643
11902102,138,231,7497,2017,80235.0,569040.0,1.08871,0.5745279999999999,MEX,USA,551643
11902103,162,231,7497,2017,0.0,6031.0,1.146959,1.470869,NLD,USA,551643
11902104,166,231,7497,2017,233043.0,1675.0,0.25651199999999996,0.132996,NZL,USA,551643
11902105,168,231,7497,2017,6214.0,0.0,-0.698561,0.43523500000000004,PAK,USA,551643
11902106,169,231,7497,2017,0.0,2419.0,0.5520109999999999,0.788181,PAN,USA,551643
11902107,177,231,7497,2017,0.0,2529.0,1.197417,1.092716,POL,USA,551643
11902108,180,231,7497,2017,0.0,24122.0,-0.437741,-0.9248879999999999,PRY,USA,551643
11902109,183,231,7497,2017,0.0,1230.0,-0.361327,-1.066869,QAT,USA,551643
11902110,186,231,7497,2017,0.0,1022.0,0.32885,0.288392,RUS,USA,551643
11902111,188,231,7497,2017,0.0,6457.0,0.597716,-0.345049,SAU,USA,551643
11902112,192,231,7497,2017,0.0,5439.0,1.884166,0.37903600000000004,SGP,USA,551643
11902113,224,231,7497,2017,1497779.0,26966.0,0.541611,2.405872,TUR,USA,551643
11902114,239,231,7497,2017,0.0,66730.0,-0.009819,0.686429,VNM,USA,551643
11902115,246,231,7497,2017,0.0,991.0,0.2066,1.378591,ZAF,USA,551643
11902116,249,231,7497,2017,18382.0,0.0,2.0548290000000002,1.2552969999999999,TWN,USA,551643
11902117,18,246,7497,2017,2341.0,0.0,1.292657,1.19571,BEL,ZAF,551643
11902118,43,246,7497,2017,58450.0,0.0,1.1127790000000002,1.56869,CHN,ZAF,551643
11902119,61,246,7497,2017,2087.0,0.0,2.1149459999999998,-2.525372,DEU,ZAF,551643
11902120,71,246,7497,2017,1467.0,0.0,0.734342,2.8180099999999997,ESP,ZAF,551643
11902121,77,246,7497,2017,4396.0,0.0,1.398427,0.894732,FRA,ZAF,551643
11902122,81,246,7497,2017,2319.0,0.0,1.6883119999999998,0.8347469999999999,GBR,ZAF,551643
11902123,104,246,7497,2017,13623.0,0.0,0.290576,2.726391,IND,ZAF,551643
11902124,111,246,7497,2017,3063.0,0.0,1.34395,0.577693,ITA,ZAF,551643
11902125,134,246,7497,2017,1527.0,0.0,-0.757236,-0.065347,MAR,ZAF,551643
11902126,209,246,7497,2017,0.0,6633.0,0.126066,-0.551203,SWZ,ZAF,551643
11902127,224,246,7497,2017,6429.0,0.0,0.541611,2.405872,TUR,ZAF,551643
11902128,231,246,7497,2017,991.0,0.0,1.601478,0.277271,USA,ZAF,551643
11902129,18,249,7497,2017,3314.0,0.0,1.292657,1.19571,BEL,TWN,551643
11902130,42,249,7497,2017,0.0,1674.0,-0.378693,-0.492983,CHL,TWN,551643
11902131,43,249,7497,2017,0.0,59278.0,1.1127790000000002,1.56869,CHN,TWN,551643
11902132,61,249,7497,2017,1294.0,0.0,2.1149459999999998,-2.525372,DEU,TWN,551643
11902133,71,249,7497,2017,4411.0,0.0,0.734342,2.8180099999999997,ESP,TWN,551643
11902134,77,249,7497,2017,6340.0,0.0,1.398427,0.894732,FRA,TWN,551643
11902135,81,249,7497,2017,2543.0,0.0,1.6883119999999998,0.8347469999999999,GBR,TWN,551643
11902136,97,249,7497,2017,0.0,45166.0,0.824982,1.7162220000000001,HKG,TWN,551643
11902137,111,249,7497,2017,6283.0,0.0,1.34395,0.577693,ITA,TWN,551643
11902138,114,249,7497,2017,30284.0,0.0,2.4510419999999997,-0.277357,JPN,TWN,551643
11902139,121,249,7497,2017,2591.0,5702.0,2.011263,0.783215,KOR,TWN,551643
11902140,224,249,7497,2017,2076.0,0.0,0.541611,2.405872,TUR,TWN,551643
11902141,231,249,7497,2017,0.0,18382.0,1.601478,0.277271,USA,TWN,551643
11902142,42,250,7497,2017,5919.0,0.0,-0.378693,-0.492983,CHL,ANS,551643
11902143,71,250,7497,2017,0.0,23057.0,0.734342,2.8180099999999997,ESP,ANS,551643
11902144,72,250,7497,2017,0.0,11045.0,1.010985,1.289633,EST,ANS,551643
11902145,77,250,7497,2017,0.0,4788.0,1.398427,0.894732,FRA,ANS,551643
11902146,131,250,7497,2017,0.0,2848.0,1.24064,1.298263,LUX,ANS,551643
11902147,169,250,7497,2017,2425.0,0.0,0.5520109999999999,0.788181,PAN,ANS,551643
11902148,183,250,7497,2017,0.0,2450.0,-0.361327,-1.066869,QAT,ANS,551643
11902149,223,250,7497,2017,0.0,531647.0,0.224119,0.961772,TUN,ANS,551643
11902150,15,14,7497,2017,978.0,0.0,1.728623,-0.031045999999999997,AUT,AUS,551643
11902151,18,14,7497,2017,1228.0,0.0,1.292657,1.19571,BEL,AUS,551643
11902152,23,14,7497,2017,6450.0,0.0,0.557843,1.7221119999999999,BGR,AUS,551643
11902153,43,14,7497,2017,17915.0,0.0,1.1127790000000002,1.56869,CHN,AUS,551643
11902154,61,14,7497,2017,7455.0,0.0,2.1149459999999998,-2.525372,DEU,AUS,551643
11902155,71,14,7497,2017,2993.0,0.0,0.734342,2.8180099999999997,ESP,AUS,551643
11902156,77,14,7497,2017,18930.0,0.0,1.398427,0.894732,FRA,AUS,551643
11902157,81,14,7497,2017,27068.0,0.0,1.6883119999999998,0.8347469999999999,GBR,AUS,551643
11902158,104,14,7497,2017,12421.0,0.0,0.290576,2.726391,IND,AUS,551643
11902159,111,14,7497,2017,49369.0,0.0,1.34395,0.577693,ITA,AUS,551643
11902160,121,14,7497,2017,0.0,2884.0,2.011263,0.783215,KOR,AUS,551643
11902161,166,14,7497,2017,219253.0,1562.0,0.25651199999999996,0.132996,NZL,AUS,551643
11902162,216,14,7497,2017,1715.0,0.0,0.983977,1.3926020000000001,THA,AUS,551643
11902163,224,14,7497,2017,5810.0,0.0,0.541611,2.405872,TUR,AUS,551643
11902164,231,14,7497,2017,20161.0,0.0,1.601478,0.277271,USA,AUS,551643
11902165,61,16,7497,2017,7405.0,0.0,2.1149459999999998,-2.525372,DEU,AZE,551643
11902166,111,16,7497,2017,3750.0,0.0,1.34395,0.577693,ITA,AZE,551643
11902167,43,24,7497,2017,1512.0,0.0,1.1127790000000002,1.56869,CHN,BHR,551643
11902168,77,24,7497,2017,3176.0,0.0,1.398427,0.894732,FRA,BHR,551643
11902169,81,24,7497,2017,1323.0,0.0,1.6883119999999998,0.8347469999999999,GBR,BHR,551643
11902170,103,24,7497,2017,0.0,7842.0,-0.23641700000000002,1.188173,IDN,BHR,551643
11902171,111,24,7497,2017,7183.0,0.0,1.34395,0.577693,ITA,BHR,551643
11902172,223,24,7497,2017,0.0,23208.0,0.224119,0.961772,TUN,BHR,551643
11902173,43,28,7497,2017,1106.0,0.0,1.1127790000000002,1.56869,CHN,BLR,551643
11902174,61,28,7497,2017,2084.0,0.0,2.1149459999999998,-2.525372,DEU,BLR,551643
11902175,77,28,7497,2017,834.0,0.0,1.398427,0.894732,FRA,BLR,551643
11902176,111,28,7497,2017,3268.0,0.0,1.34395,0.577693,ITA,BLR,551643
11902177,130,28,7497,2017,6715.0,0.0,0.855858,1.447717,LTU,BLR,551643
11902178,177,28,7497,2017,5031.0,1834.0,1.197417,1.092716,POL,BLR,551643
11902179,186,28,7497,2017,30427.0,5643.0,0.32885,0.288392,RUS,BLR,551643
11902180,224,28,7497,2017,17620.0,0.0,0.541611,2.405872,TUR,BLR,551643
11902181,32,31,7497,2017,40460.0,0.0,0.145224,0.483461,BRA,BOL,551643
11902182,42,31,7497,2017,2796318.0,0.0,-0.378693,-0.492983,CHL,BOL,551643
11902183,231,31,7497,2017,1201.0,0.0,1.601478,0.277271,USA,BOL,551643
11902184,15,59,7497,2017,16644.0,5293.0,1.728623,-0.031045999999999997,AUT,CZE,551643
11902185,18,59,7497,2017,2715.0,0.0,1.292657,1.19571,BEL,CZE,551643
11902186,41,59,7497,2017,0.0,1850.0,2.2557810000000003,0.845459,CHE,CZE,551643
11902187,43,59,7497,2017,9279.0,0.0,1.1127790000000002,1.56869,CHN,CZE,551643
11902188,61,59,7497,2017,12579.0,10742.0,2.1149459999999998,-2.525372,DEU,CZE,551643
11902189,81,59,7497,2017,9546.0,823145.0,1.6883119999999998,0.8347469999999999,GBR,CZE,551643
11902190,111,59,7497,2017,38385.0,8403.0,1.34395,0.577693,ITA,CZE,551643
11902191,177,59,7497,2017,64976.0,10706.0,1.197417,1.092716,POL,CZE,551643
11902192,206,59,7497,2017,0.0,7447.0,1.279606,0.85503,SVK,CZE,551643
11902193,208,59,7497,2017,0.0,4705.0,1.764732,0.732646,SWE,CZE,551643
11902194,224,59,7497,2017,564542.0,0.0,0.541611,2.405872,TUR,CZE,551643
11902195,43,68,7497,2017,9904.0,0.0,1.1127790000000002,1.56869,CHN,EGY,551643
11902196,61,68,7497,2017,2329.0,0.0,2.1149459999999998,-2.525372,DEU,EGY,551643
11902197,224,68,7497,2017,502561.0,29956.0,0.541611,2.405872,TUR,EGY,551643
11902198,41,72,7497,2017,6406.0,0.0,2.2557810000000003,0.845459,CHE,EST,551643
11902199,61,72,7497,2017,2614.0,0.0,2.1149459999999998,-2.525372,DEU,EST,551643
11902200,81,72,7497,2017,11120.0,0.0,1.6883119999999998,0.8347469999999999,GBR,EST,551643
11902201,111,72,7497,2017,2940.0,0.0,1.34395,0.577693,ITA,EST,551643
11902202,186,72,7497,2017,0.0,1226.0,0.32885,0.288392,RUS,EST,551643
11902203,224,72,7497,2017,4903.0,0.0,0.541611,2.405872,TUR,EST,551643
11902204,231,72,7497,2017,3850.0,0.0,1.601478,0.277271,USA,EST,551643
11902205,250,72,7497,2017,11045.0,0.0,0.72523,-0.205046,ANS,EST,551643
11902206,15,90,7497,2017,1678.0,0.0,1.728623,-0.031045999999999997,AUT,GRC,551643
11902207,18,90,7497,2017,1413.0,0.0,1.292657,1.19571,BEL,GRC,551643
11902208,43,90,7497,2017,2676.0,0.0,1.1127790000000002,1.56869,CHN,GRC,551643
11902209,58,90,7497,2017,2502.0,1180.0,0.576982,0.279989,CYP,GRC,551643
11902210,71,90,7497,2017,1709.0,0.0,0.734342,2.8180099999999997,ESP,GRC,551643
11902211,77,90,7497,2017,4613.0,0.0,1.398427,0.894732,FRA,GRC,551643
11902212,81,90,7497,2017,22861.0,0.0,1.6883119999999998,0.8347469999999999,GBR,GRC,551643
11902213,111,90,7497,2017,77020.0,0.0,1.34395,0.577693,ITA,GRC,551643
11902214,162,90,7497,2017,6296.0,0.0,1.146959,1.470869,NLD,GRC,551643
11902215,224,90,7497,2017,31211.0,0.0,0.541611,2.405872,TUR,GRC,551643
11902216,15,100,7497,2017,9649.0,0.0,1.728623,-0.031045999999999997,AUT,HRV,551643
11902217,43,100,7497,2017,124025.0,0.0,1.1127790000000002,1.56869,CHN,HRV,551643
11902218,61,100,7497,2017,2304.0,0.0,2.1149459999999998,-2.525372,DEU,HRV,551643
11902219,77,100,7497,2017,0.0,4452.0,1.398427,0.894732,FRA,HRV,551643
11902220,102,100,7497,2017,3369.0,0.0,1.4886270000000001,0.845986,HUN,HRV,551643
11902221,111,100,7497,2017,2020.0,0.0,1.34395,0.577693,ITA,HRV,551643
11902222,177,100,7497,2017,9559.0,0.0,1.197417,1.092716,POL,HRV,551643
11902223,43,107,7497,2017,27004.0,0.0,1.1127790000000002,1.56869,CHN,IRN,551643
11902224,224,107,7497,2017,14346.0,0.0,0.541611,2.405872,TUR,IRN,551643
11902225,18,109,7497,2017,42779.0,0.0,1.292657,1.19571,BEL,ISL,551643
11902226,111,109,7497,2017,1569.0,0.0,1.34395,0.577693,ITA,ISL,551643
11902227,162,109,7497,2017,16001.0,0.0,1.146959,1.470869,NLD,ISL,551643
11902228,177,109,7497,2017,2391.0,0.0,1.197417,1.092716,POL,ISL,551643
11902229,61,115,7497,2017,7318.0,0.0,2.1149459999999998,-2.525372,DEU,KAZ,551643
11902230,81,115,7497,2017,1377.0,0.0,1.6883119999999998,0.8347469999999999,GBR,KAZ,551643
11902231,224,115,7497,2017,1052.0,0.0,0.541611,2.405872,TUR,KAZ,551643
11902232,43,116,7497,2017,2055.0,0.0,1.1127790000000002,1.56869,CHN,KEN,551643
11902233,81,116,7497,2017,5901.0,0.0,1.6883119999999998,0.8347469999999999,GBR,KEN,551643
11902234,104,116,7497,2017,3319.0,0.0,0.290576,2.726391,IND,KEN,551643
11902235,43,118,7497,2017,5206773.0,0.0,1.1127790000000002,1.56869,CHN,KHM,551643
11902236,97,118,7497,2017,35715.0,0.0,0.824982,1.7162220000000001,HKG,KHM,551643
11902237,114,118,7497,2017,72863.0,0.0,2.4510419999999997,-0.277357,JPN,KHM,551643
11902238,18,124,7497,2017,1026.0,0.0,1.292657,1.19571,BEL,LBN,551643
11902239,43,124,7497,2017,41878.0,0.0,1.1127790000000002,1.56869,CHN,LBN,551643
11902240,61,124,7497,2017,10483.0,0.0,2.1149459999999998,-2.525372,DEU,LBN,551643
11902241,71,124,7497,2017,9637.0,0.0,0.734342,2.8180099999999997,ESP,LBN,551643
11902242,77,124,7497,2017,5921.0,0.0,1.398427,0.894732,FRA,LBN,551643
11902243,81,124,7497,2017,33396.0,0.0,1.6883119999999998,0.8347469999999999,GBR,LBN,551643
11902244,104,124,7497,2017,3264.0,0.0,0.290576,2.726391,IND,LBN,551643
11902245,111,124,7497,2017,35744.0,0.0,1.34395,0.577693,ITA,LBN,551643
11902246,134,124,7497,2017,2022.0,0.0,-0.757236,-0.065347,MAR,LBN,551643
11902247,224,124,7497,2017,26637.0,0.0,0.541611,2.405872,TUR,LBN,551643
11902248,43,128,7497,2017,194935.0,0.0,1.1127790000000002,1.56869,CHN,LKA,551643
11902249,104,128,7497,2017,27661.0,0.0,0.290576,2.726391,IND,LKA,551643
11902250,114,128,7497,2017,8681.0,0.0,2.4510419999999997,-0.277357,JPN,LKA,551643
11902251,224,128,7497,2017,797758.0,0.0,0.541611,2.405872,TUR,LKA,551643
11902252,15,130,7497,2017,1612.0,0.0,1.728623,-0.031045999999999997,AUT,LTU,551643
11902253,18,130,7497,2017,6425.0,0.0,1.292657,1.19571,BEL,LTU,551643
11902254,28,130,7497,2017,0.0,6715.0,0.8115829999999999,0.8323459999999999,BLR,LTU,551643
11902255,61,130,7497,2017,10779.0,0.0,2.1149459999999998,-2.525372,DEU,LTU,551643
11902256,77,130,7497,2017,2415.0,0.0,1.398427,0.894732,FRA,LTU,551643
11902257,81,130,7497,2017,10493.0,23416.0,1.6883119999999998,0.8347469999999999,GBR,LTU,551643
11902258,111,130,7497,2017,31580.0,0.0,1.34395,0.577693,ITA,LTU,551643
11902259,163,130,7497,2017,3796.0,0.0,0.73658,0.11450199999999999,NOR,LTU,551643
11902260,179,130,7497,2017,38019.0,0.0,0.527046,2.264624,PRT,LTU,551643
11902261,186,130,7497,2017,0.0,18656.0,0.32885,0.288392,RUS,LTU,551643
11902262,224,130,7497,2017,32046.0,0.0,0.541611,2.405872,TUR,LTU,551643
11902263,81,131,7497,2017,1210.0,0.0,1.6883119999999998,0.8347469999999999,GBR,LUX,551643
11902264,250,131,7497,2017,2848.0,0.0,0.72523,-0.205046,ANS,LUX,551643
11902265,43,132,7497,2017,1025.0,0.0,1.1127790000000002,1.56869,CHN,LVA,551643
11902266,61,132,7497,2017,3723.0,0.0,2.1149459999999998,-2.525372,DEU,LVA,551643
11902267,81,132,7497,2017,2029.0,0.0,1.6883119999999998,0.8347469999999999,GBR,LVA,551643
11902268,111,132,7497,2017,31255.0,0.0,1.34395,0.577693,ITA,LVA,551643
11902269,186,132,7497,2017,0.0,42679.0,0.32885,0.288392,RUS,LVA,551643
11902270,224,132,7497,2017,2067.0,0.0,0.541611,2.405872,TUR,LVA,551643
11902271,7,134,7497,2017,0.0,5230.0,0.210477,0.02557,ARE,MAR,551643
11902272,39,134,7497,2017,0.0,3515.0,0.73897,1.206402,CAN,MAR,551643
11902273,41,134,7497,2017,1173.0,2721.0,2.2557810000000003,0.845459,CHE,MAR,551643
11902274,43,134,7497,2017,30409.0,0.0,1.1127790000000002,1.56869,CHN,MAR,551643
11902275,61,134,7497,2017,51545.0,123022.0,2.1149459999999998,-2.525372,DEU,MAR,551643
11902276,71,134,7497,2017,717238.0,0.0,0.734342,2.8180099999999997,ESP,MAR,551643
11902277,74,134,7497,2017,0.0,1545.0,1.655957,0.962485,FIN,MAR,551643
11902278,77,134,7497,2017,267408.0,112395.0,1.398427,0.894732,FRA,MAR,551643
11902279,81,134,7497,2017,0.0,3878.0,1.6883119999999998,0.8347469999999999,GBR,MAR,551643
11902280,104,134,7497,2017,11140.0,0.0,0.290576,2.726391,IND,MAR,551643
11902281,111,134,7497,2017,294595.0,0.0,1.34395,0.577693,ITA,MAR,551643
11902282,124,134,7497,2017,0.0,2022.0,0.266847,1.117621,LBN,MAR,551643
11902283,162,134,7497,2017,2414.0,0.0,1.146959,1.470869,NLD,MAR,551643
11902284,166,134,7497,2017,0.0,2605.0,0.25651199999999996,0.132996,NZL,MAR,551643
11902285,183,134,7497,2017,0.0,1741.0,-0.361327,-1.066869,QAT,MAR,551643
11902286,224,134,7497,2017,170445.0,0.0,0.541611,2.405872,TUR,MAR,551643
11902287,231,134,7497,2017,0.0,24717.0,1.601478,0.277271,USA,MAR,551643
11902288,246,134,7497,2017,0.0,1527.0,0.2066,1.378591,ZAF,MAR,551643
11902289,15,135,7497,2017,1641.0,0.0,1.728623,-0.031045999999999997,AUT,MDA,551643
11902290,23,135,7497,2017,3102.0,0.0,0.557843,1.7221119999999999,BGR,MDA,551643
11902291,43,135,7497,2017,5530.0,0.0,1.1127790000000002,1.56869,CHN,MDA,551643
11902292,102,135,7497,2017,28709.0,0.0,1.4886270000000001,0.845986,HUN,MDA,551643
11902293,104,135,7497,2017,1253.0,0.0,0.290576,2.726391,IND,MDA,551643
11902294,111,135,7497,2017,8023.0,0.0,1.34395,0.577693,ITA,MDA,551643
11902295,185,135,7497,2017,4621.0,0.0,1.05479,0.9842219999999999,ROU,MDA,551643
11902296,224,135,7497,2017,21274.0,0.0,0.541611,2.405872,TUR,MDA,551643
11902297,18,142,7497,2017,1816.0,0.0,1.292657,1.19571,BEL,MLT,551643
11902298,61,183,7497,2017,1658.0,0.0,2.1149459999999998,-2.525372,DEU,QAT,551643
11902299,71,183,7497,2017,2429.0,0.0,0.734342,2.8180099999999997,ESP,QAT,551643
11902300,77,183,7497,2017,3867.0,0.0,1.398427,0.894732,FRA,QAT,551643
11902301,81,183,7497,2017,7486.0,0.0,1.6883119999999998,0.8347469999999999,GBR,QAT,551643
11902302,111,183,7497,2017,69446.0,0.0,1.34395,0.577693,ITA,QAT,551643
11902303,134,183,7497,2017,1741.0,0.0,-0.757236,-0.065347,MAR,QAT,551643
11902304,224,183,7497,2017,1467.0,0.0,0.541611,2.405872,TUR,QAT,551643
11902305,231,183,7497,2017,1230.0,0.0,1.601478,0.277271,USA,QAT,551643
11902306,250,183,7497,2017,2450.0,0.0,0.72523,-0.205046,ANS,QAT,551643
11902307,18,185,7497,2017,0.0,122400.0,1.292657,1.19571,BEL,ROU,551643
11902308,23,185,7497,2017,0.0,3605.0,0.557843,1.7221119999999999,BGR,ROU,551643
11902309,61,185,7497,2017,12984.0,0.0,2.1149459999999998,-2.525372,DEU,ROU,551643
11902310,71,185,7497,2017,2596.0,8688.0,0.734342,2.8180099999999997,ESP,ROU,551643
11902311,77,185,7497,2017,2457.0,2736.0,1.398427,0.894732,FRA,ROU,551643
11902312,81,185,7497,2017,57735.0,38339.0,1.6883119999999998,0.8347469999999999,GBR,ROU,551643
11902313,102,185,7497,2017,13280.0,3649.0,1.4886270000000001,0.845986,HUN,ROU,551643
11902314,111,185,7497,2017,580522.0,2489.0,1.34395,0.577693,ITA,ROU,551643
11902315,135,185,7497,2017,0.0,4621.0,-0.24909,-0.181213,MDA,ROU,551643
11902316,224,185,7497,2017,51734.0,0.0,0.541611,2.405872,TUR,ROU,551643
11902317,228,185,7497,2017,0.0,5634.0,0.461109,0.7826569999999999,UKR,ROU,551643
11902318,15,201,7497,2017,1019.0,0.0,1.728623,-0.031045999999999997,AUT,SRB,551643
11902319,61,201,7497,2017,25278.0,0.0,2.1149459999999998,-2.525372,DEU,SRB,551643
11902320,71,201,7497,2017,2334.0,0.0,0.734342,2.8180099999999997,ESP,SRB,551643
11902321,77,201,7497,2017,2354.0,0.0,1.398427,0.894732,FRA,SRB,551643
11902322,111,201,7497,2017,9054.0,0.0,1.34395,0.577693,ITA,SRB,551643
11902323,224,201,7497,2017,13746.0,0.0,0.541611,2.405872,TUR,SRB,551643
11902324,15,206,7497,2017,4511.0,810140.0,1.728623,-0.031045999999999997,AUT,SVK,551643
11902325,59,206,7497,2017,7447.0,0.0,1.7715130000000001,0.359668,CZE,SVK,551643
11902326,61,206,7497,2017,2206.0,0.0,2.1149459999999998,-2.525372,DEU,SVK,551643
11902327,77,206,7497,2017,1586.0,0.0,1.398427,0.894732,FRA,SVK,551643
11902328,81,206,7497,2017,4528.0,0.0,1.6883119999999998,0.8347469999999999,GBR,SVK,551643
11902329,102,206,7497,2017,6198.0,0.0,1.4886270000000001,0.845986,HUN,SVK,551643
11902330,111,206,7497,2017,184494.0,5733.0,1.34395,0.577693,ITA,SVK,551643
11902331,177,206,7497,2017,1180.0,0.0,1.197417,1.092716,POL,SVK,551643
11902332,18,207,7497,2017,3639.0,0.0,1.292657,1.19571,BEL,SVN,551643
11902333,43,207,7497,2017,1448.0,0.0,1.1127790000000002,1.56869,CHN,SVN,551643
11902334,77,207,7497,2017,1669.0,0.0,1.398427,0.894732,FRA,SVN,551643
11902335,104,207,7497,2017,3536.0,0.0,0.290576,2.726391,IND,SVN,551643
11902336,111,207,7497,2017,19182.0,1733.0,1.34395,0.577693,ITA,SVN,551643
11902337,140,207,7497,2017,0.0,1339.0,-0.0292,-0.377156,MKD,SVN,551643
11902338,24,223,7497,2017,23208.0,0.0,0.485479,-0.5348890000000001,BHR,TUN,551643
11902339,32,223,7497,2017,31882.0,0.0,0.145224,0.483461,BRA,TUN,551643
11902340,43,223,7497,2017,57400.0,0.0,1.1127790000000002,1.56869,CHN,TUN,551643
11902341,61,223,7497,2017,570976.0,0.0,2.1149459999999998,-2.525372,DEU,TUN,551643
11902342,66,223,7497,2017,0.0,19452.0,-0.9905579999999999,-1.1996200000000001,DZA,TUN,551643
11902343,71,223,7497,2017,111342.0,0.0,0.734342,2.8180099999999997,ESP,TUN,551643
11902344,77,223,7497,2017,23140.0,0.0,1.398427,0.894732,FRA,TUN,551643
11902345,111,223,7497,2017,56972.0,28223.0,1.34395,0.577693,ITA,TUN,551643
11902346,114,223,7497,2017,137649.0,0.0,2.4510419999999997,-0.277357,JPN,TUN,551643
11902347,179,223,7497,2017,1239.0,0.0,0.527046,2.264624,PRT,TUN,551643
11902348,224,223,7497,2017,1259490.0,0.0,0.541611,2.405872,TUR,TUN,551643
11902349,250,223,7497,2017,531647.0,0.0,0.72523,-0.205046,ANS,TUN,551643
11902350,43,22,7497,2017,5303274.0,0.0,1.1127790000000002,1.56869,CHN,BGD,551643
11902351,97,22,7497,2017,11263.0,0.0,0.824982,1.7162220000000001,HKG,BGD,551643
11902352,104,22,7497,2017,413365.0,0.0,0.290576,2.726391,IND,BGD,551643
11902353,114,22,7497,2017,39719.0,0.0,2.4510419999999997,-0.277357,JPN,BGD,551643
11902354,224,22,7497,2017,250062.0,0.0,0.541611,2.405872,TUR,BGD,551643
11902355,223,66,7497,2017,19452.0,0.0,0.224119,0.961772,TUN,DZA,551643
11902356,224,66,7497,2017,1096.0,0.0,0.541611,2.405872,TUR,DZA,551643
11902357,104,73,7497,2017,1075.0,0.0,0.290576,2.726391,IND,ETH,551643
11902358,81,151,7497,2017,1741.0,0.0,1.6883119999999998,0.8347469999999999,GBR,MUS,551643
11902359,111,151,7497,2017,3581.0,0.0,1.34395,0.577693,ITA,MUS,551643
11902360,224,151,7497,2017,3403.0,0.0,0.541611,2.405872,TUR,MUS,551643
11902361,7,167,7497,2017,8687.0,0.0,0.210477,0.02557,ARE,OMN,551643
11902362,111,167,7497,2017,3057.0,0.0,1.34395,0.577693,ITA,OMN,551643
11902363,43,178,7497,2017,3002.0,0.0,1.1127790000000002,1.56869,CHN,PRK,551643
11902364,246,209,7497,2017,6633.0,0.0,0.2066,1.378591,ZAF,SWZ,551643
11902365,7,226,7497,2017,225464.0,0.0,0.210477,0.02557,ARE,TZA,551643
11902366,43,226,7497,2017,13178.0,0.0,1.1127790000000002,1.56869,CHN,TZA,551643
11902367,77,226,7497,2017,0.0,2428.0,1.398427,0.894732,FRA,TZA,551643
11902368,103,226,7497,2017,5727.0,0.0,-0.23641700000000002,1.188173,IDN,TZA,551643
11902369,104,226,7497,2017,5786.0,0.0,0.290576,2.726391,IND,TZA,551643
11902370,7,227,7497,2017,2873.0,0.0,0.210477,0.02557,ARE,UGA,551643
11902371,43,227,7497,2017,1117.0,0.0,1.1127790000000002,1.56869,CHN,UGA,551643
11902372,18,239,7497,2017,4078.0,0.0,1.292657,1.19571,BEL,VNM,551643
11902373,43,239,7497,2017,2148284.0,0.0,1.1127790000000002,1.56869,CHN,VNM,551643
11902374,64,239,7497,2017,17569.0,0.0,1.159753,1.233914,DNK,VNM,551643
11902375,81,239,7497,2017,8237.0,0.0,1.6883119999999998,0.8347469999999999,GBR,VNM,551643
11902376,97,239,7497,2017,11296.0,0.0,0.824982,1.7162220000000001,HKG,VNM,551643
11902377,103,239,7497,2017,1626.0,0.0,-0.23641700000000002,1.188173,IDN,VNM,551643
11902378,111,239,7497,2017,7772.0,0.0,1.34395,0.577693,ITA,VNM,551643
11902379,114,239,7497,2017,5334230.0,0.0,2.4510419999999997,-0.277357,JPN,VNM,551643
11902380,216,239,7497,2017,2181.0,0.0,0.983977,1.3926020000000001,THA,VNM,551643
11902381,224,239,7497,2017,587213.0,0.0,0.541611,2.405872,TUR,VNM,551643
11902382,231,239,7497,2017,66730.0,0.0,1.601478,0.277271,USA,VNM,551643
11902383,15,140,7497,2017,1724.0,0.0,1.728623,-0.031045999999999997,AUT,MKD,551643
11902384,43,140,7497,2017,2959.0,0.0,1.1127790000000002,1.56869,CHN,MKD,551643
11902385,61,140,7497,2017,54912.0,0.0,2.1149459999999998,-2.525372,DEU,MKD,551643
11902386,71,140,7497,2017,5948.0,0.0,0.734342,2.8180099999999997,ESP,MKD,551643
11902387,102,140,7497,2017,23665.0,0.0,1.4886270000000001,0.845986,HUN,MKD,551643
11902388,111,140,7497,2017,14105.0,0.0,1.34395,0.577693,ITA,MKD,551643
11902389,179,140,7497,2017,22958.0,0.0,0.527046,2.264624,PRT,MKD,551643
11902390,207,140,7497,2017,1339.0,0.0,1.600319,0.854305,SVN,MKD,551643
11902391,224,140,7497,2017,5935.0,0.0,0.541611,2.405872,TUR,MKD,551643
11902392,177,198,7497,2017,0.0,6229.0,1.197417,1.092716,POL,SMR,551643
11902393,179,2,7497,2017,1756.0,0.0,0.527046,2.264624,PRT,AGO,551643
11902394,111,4,7497,2017,17348.0,0.0,1.34395,0.577693,ITA,ALB,551643
11902395,71,5,7497,2017,6703.0,0.0,0.734342,2.8180099999999997,ESP,AND,551643
11902396,231,34,7497,2017,3691.0,0.0,1.601478,0.277271,USA,BRN,551643
11902397,81,84,7497,2017,2825.0,0.0,1.6883119999999998,0.8347469999999999,GBR,GIB,551643
11902398,43,133,7497,2017,3734.0,0.0,1.1127790000000002,1.56869,CHN,MAC,551643
11902399,7,157,7497,2017,8189.0,0.0,0.210477,0.02557,ARE,NER,551643
11902400,216,164,7497,2017,1962.0,0.0,0.983977,1.3926020000000001,THA,NPL,551643
11902401,77,182,7497,2017,2134.0,0.0,1.398427,0.894732,FRA,PYF,551643
11902402,18,7,7499,2017,0.0,1073.0,1.292657,1.19571,BEL,ARE,551691
11902403,43,7,7499,2017,18448.0,0.0,1.1127790000000002,1.56869,CHN,ARE,551691
11902404,47,7,7499,2017,0.0,5455.0,-1.2289780000000001,-1.169368,COG,ARE,551691
11902405,111,7,7499,2017,1784.0,0.0,1.34395,0.577693,ITA,ARE,551691
11902406,116,7,7499,2017,0.0,1599.0,-0.579541,0.511926,KEN,ARE,551691
11902407,121,7,7499,2017,2922.0,0.0,2.011263,0.783215,KOR,ARE,551691
11902408,177,7,7499,2017,0.0,4355.0,1.197417,1.092716,POL,ARE,551691
11902409,43,8,7499,2017,18312.0,0.0,1.1127790000000002,1.56869,CHN,ARG,551691
11902410,111,8,7499,2017,33976.0,0.0,1.34395,0.577693,ITA,ARG,551691
11902411,39,15,7499,2017,0.0,5065.0,0.73897,1.206402,CAN,AUT,551691
11902412,43,15,7499,2017,3801.0,0.0,1.1127790000000002,1.56869,CHN,AUT,551691
11902413,61,15,7499,2017,18989.0,8615.0,2.1149459999999998,-2.525372,DEU,AUT,551691
11902414,71,15,7499,2017,0.0,33844.0,0.734342,2.8180099999999997,ESP,AUT,551691
11902415,81,15,7499,2017,1596.0,0.0,1.6883119999999998,0.8347469999999999,GBR,AUT,551691
11902416,90,15,7499,2017,0.0,1567.0,0.154098,1.151038,GRC,AUT,551691
11902417,111,15,7499,2017,3492.0,1049.0,1.34395,0.577693,ITA,AUT,551691
11902418,177,15,7499,2017,5953.0,0.0,1.197417,1.092716,POL,AUT,551691
11902419,206,15,7499,2017,45714.0,0.0,1.279606,0.85503,SVK,AUT,551691
11902420,7,18,7499,2017,1073.0,0.0,0.210477,0.02557,ARE,BEL,551691
11902421,39,18,7499,2017,11841.0,0.0,0.73897,1.206402,CAN,BEL,551691
11902422,43,18,7499,2017,129652.0,0.0,1.1127790000000002,1.56869,CHN,BEL,551691
11902423,61,18,7499,2017,1024.0,643602.0,2.1149459999999998,-2.525372,DEU,BEL,551691
11902424,71,18,7499,2017,0.0,4022.0,0.734342,2.8180099999999997,ESP,BEL,551691
11902425,77,18,7499,2017,125282.0,368753.0,1.398427,0.894732,FRA,BEL,551691
11902426,81,18,7499,2017,3485.0,0.0,1.6883119999999998,0.8347469999999999,GBR,BEL,551691
11902427,111,18,7499,2017,0.0,268395.0,1.34395,0.577693,ITA,BEL,551691
11902428,162,18,7499,2017,0.0,3818.0,1.146959,1.470869,NLD,BEL,551691
11902429,179,18,7499,2017,0.0,65387.0,0.527046,2.264624,PRT,BEL,551691
11902430,223,18,7499,2017,0.0,55922.0,0.224119,0.961772,TUN,BEL,551691
11902431,231,18,7499,2017,0.0,24558.0,1.601478,0.277271,USA,BEL,551691
11902432,43,23,7499,2017,0.0,12193.0,1.1127790000000002,1.56869,CHN,BGR,551691
11902433,71,23,7499,2017,8772.0,0.0,0.734342,2.8180099999999997,ESP,BGR,551691
11902434,111,23,7499,2017,48915.0,58055.0,1.34395,0.577693,ITA,BGR,551691
11902435,177,23,7499,2017,0.0,2809.0,1.197417,1.092716,POL,BGR,551691
11902436,206,23,7499,2017,0.0,1922.0,1.279606,0.85503,SVK,BGR,551691
11902437,224,23,7499,2017,15634.0,1928.0,0.541611,2.405872,TUR,BGR,551691
11902438,231,23,7499,2017,0.0,1349.0,1.601478,0.277271,USA,BGR,551691
11902439,43,32,7499,2017,397568.0,0.0,1.1127790000000002,1.56869,CHN,BRA,551691
11902440,71,32,7499,2017,64038.0,0.0,0.734342,2.8180099999999997,ESP,BRA,551691
11902441,111,32,7499,2017,11693.0,0.0,1.34395,0.577693,ITA,BRA,551691
11902442,15,39,7499,2017,5065.0,0.0,1.728623,-0.031045999999999997,AUT,CAN,551691
11902443,18,39,7499,2017,0.0,11841.0,1.292657,1.19571,BEL,CAN,551691
11902444,43,39,7499,2017,47283.0,0.0,1.1127790000000002,1.56869,CHN,CAN,551691
11902445,61,39,7499,2017,5746.0,0.0,2.1149459999999998,-2.525372,DEU,CAN,551691
11902446,81,39,7499,2017,1122.0,0.0,1.6883119999999998,0.8347469999999999,GBR,CAN,551691
11902447,104,39,7499,2017,1407.0,0.0,0.290576,2.726391,IND,CAN,551691
11902448,111,39,7499,2017,2641.0,0.0,1.34395,0.577693,ITA,CAN,551691
11902449,114,39,7499,2017,2551.0,0.0,2.4510419999999997,-0.277357,JPN,CAN,551691
11902450,231,39,7499,2017,2209.0,7918.0,1.601478,0.277271,USA,CAN,551691
11902451,249,39,7499,2017,6209.0,0.0,2.0548290000000002,1.2552969999999999,TWN,CAN,551691
11902452,81,41,7499,2017,1456.0,0.0,1.6883119999999998,0.8347469999999999,GBR,CHE,551691
11902453,111,41,7499,2017,1642.0,0.0,1.34395,0.577693,ITA,CHE,551691
11902454,140,41,7499,2017,0.0,993.0,-0.0292,-0.377156,MKD,CHE,551691
11902455,177,41,7499,2017,1602.0,0.0,1.197417,1.092716,POL,CHE,551691
11902456,239,41,7499,2017,2137.0,0.0,-0.009819,0.686429,VNM,CHE,551691
11902457,31,42,7499,2017,0.0,1181522.0,-1.158425,-1.076242,BOL,CHL,551691
11902458,43,42,7499,2017,36014.0,0.0,1.1127790000000002,1.56869,CHN,CHL,551691
11902459,104,42,7499,2017,352085.0,0.0,0.290576,2.726391,IND,CHL,551691
11902460,168,42,7499,2017,2274.0,0.0,-0.698561,0.43523500000000004,PAK,CHL,551691
11902461,173,42,7499,2017,0.0,212084.0,-0.667658,-0.318344,PER,CHL,551691
11902462,180,42,7499,2017,0.0,902032.0,-0.437741,-0.9248879999999999,PRY,CHL,551691
11902463,250,42,7499,2017,0.0,8090.0,0.72523,-0.205046,ANS,CHL,551691
11902464,7,43,7499,2017,0.0,18448.0,0.210477,0.02557,ARE,CHN,551691
11902465,8,43,7499,2017,0.0,18312.0,-0.120753,0.233375,ARG,CHN,551691
11902466,14,43,7499,2017,0.0,41416.0,-0.42427200000000004,-0.152921,AUS,CHN,551691
11902467,15,43,7499,2017,0.0,3801.0,1.728623,-0.031045999999999997,AUT,CHN,551691
11902468,18,43,7499,2017,0.0,129652.0,1.292657,1.19571,BEL,CHN,551691
11902469,22,43,7499,2017,0.0,582806.0,-1.016251,-0.987654,BGD,CHN,551691
11902470,23,43,7499,2017,12193.0,0.0,0.557843,1.7221119999999999,BGR,CHN,551691
11902471,32,43,7499,2017,0.0,397568.0,0.145224,0.483461,BRA,CHN,551691
11902472,39,43,7499,2017,0.0,47283.0,0.73897,1.206402,CAN,CHN,551691
11902473,42,43,7499,2017,0.0,36014.0,-0.378693,-0.492983,CHL,CHN,551691
11902474,49,43,7499,2017,0.0,22702.0,0.208096,-0.17644300000000002,COL,CHN,551691
11902475,61,43,7499,2017,0.0,686230.0,2.1149459999999998,-2.525372,DEU,CHN,551691
11902476,64,43,7499,2017,0.0,3782.0,1.159753,1.233914,DNK,CHN,551691
11902477,66,43,7499,2017,0.0,2520.0,-0.9905579999999999,-1.1996200000000001,DZA,CHN,551691
11902478,67,43,7499,2017,0.0,13389.0,-0.9995850000000001,-1.086367,ECU,CHN,551691
11902479,71,43,7499,2017,0.0,318213.0,0.734342,2.8180099999999997,ESP,CHN,551691
11902480,74,43,7499,2017,0.0,2433.0,1.655957,0.962485,FIN,CHN,551691
11902481,75,43,7499,2017,0.0,1006.0,-0.278276,-0.033997,FJI,CHN,551691
11902482,77,43,7499,2017,0.0,151880.0,1.398427,0.894732,FRA,CHN,551691
11902483,81,43,7499,2017,9635.0,719295.0,1.6883119999999998,0.8347469999999999,GBR,CHN,551691
11902484,83,43,7499,2017,0.0,10349.0,-0.929143,-0.811439,GHA,CHN,551691
11902485,90,43,7499,2017,0.0,1960129.0,0.154098,1.151038,GRC,CHN,551691
11902486,93,43,7499,2017,0.0,1305.0,-0.418538,0.557454,GTM,CHN,551691
11902487,97,43,7499,2017,16942.0,194482.0,0.824982,1.7162220000000001,HKG,CHN,551691
11902488,100,43,7499,2017,0.0,1600.0,0.860825,1.365445,HRV,CHN,551691
11902489,102,43,7499,2017,0.0,270071.0,1.4886270000000001,0.845986,HUN,CHN,551691
11902490,103,43,7499,2017,0.0,487674.0,-0.23641700000000002,1.188173,IDN,CHN,551691
11902491,104,43,7499,2017,0.0,44842.0,0.290576,2.726391,IND,CHN,551691
11902492,111,43,7499,2017,32951.0,1759713.0,1.34395,0.577693,ITA,CHN,551691
11902493,114,43,7499,2017,44687.0,360704.0,2.4510419999999997,-0.277357,JPN,CHN,551691
11902494,121,43,7499,2017,4921.0,313483.0,2.011263,0.783215,KOR,CHN,551691
11902495,128,43,7499,2017,0.0,1576.0,-0.46442799999999995,0.472132,LKA,CHN,551691
11902496,130,43,7499,2017,0.0,1409.0,0.855858,1.447717,LTU,CHN,551691
11902497,134,43,7499,2017,0.0,225868.0,-0.757236,-0.065347,MAR,CHN,551691
11902498,138,43,7499,2017,0.0,49175.0,1.08871,0.5745279999999999,MEX,CHN,551691
11902499,143,43,7499,2017,0.0,1056.0,-1.051544,-0.419183,MMR,CHN,551691
11902500,148,43,7499,2017,0.0,835366.0,-1.634533,-1.330819,MRT,CHN,551691
11902501,151,43,7499,2017,0.0,30821.0,-0.156616,0.073153,MUS,CHN,551691
11902502,162,43,7499,2017,0.0,67205.0,1.146959,1.470869,NLD,CHN,551691
11902503,166,43,7499,2017,0.0,1259.0,0.25651199999999996,0.132996,NZL,CHN,551691
11902504,168,43,7499,2017,0.0,27250.0,-0.698561,0.43523500000000004,PAK,CHN,551691
11902505,169,43,7499,2017,0.0,8867.0,0.5520109999999999,0.788181,PAN,CHN,551691
11902506,174,43,7499,2017,0.0,5653.0,0.657759,0.170061,PHL,CHN,551691
11902507,177,43,7499,2017,0.0,561047.0,1.197417,1.092716,POL,CHN,551691
11902508,185,43,7499,2017,0.0,15151.0,1.05479,0.9842219999999999,ROU,CHN,551691
11902509,186,43,7499,2017,0.0,13846.0,0.32885,0.288392,RUS,CHN,551691
11902510,187,43,7499,2017,0.0,1175.0,-0.7610319999999999,-0.680251,RWA,CHN,551691
11902511,206,43,7499,2017,0.0,2791.0,1.279606,0.85503,SVK,CHN,551691
11902512,207,43,7499,2017,0.0,3022424.0,1.600319,0.854305,SVN,CHN,551691
11902513,216,43,7499,2017,21042.0,43173.0,0.983977,1.3926020000000001,THA,CHN,551691
11902514,223,43,7499,2017,0.0,38313.0,0.224119,0.961772,TUN,CHN,551691
11902515,224,43,7499,2017,0.0,146320.0,0.541611,2.405872,TUR,CHN,551691
11902516,228,43,7499,2017,0.0,1261.0,0.461109,0.7826569999999999,UKR,CHN,551691
11902517,231,43,7499,2017,2588.0,197985.0,1.601478,0.277271,USA,CHN,551691
11902518,239,43,7499,2017,0.0,432194.0,-0.009819,0.686429,VNM,CHN,551691
11902519,246,43,7499,2017,0.0,2610.0,0.2066,1.378591,ZAF,CHN,551691
11902520,247,43,7499,2017,0.0,1593.0,-0.8594290000000001,-1.0574459999999999,ZMB,CHN,551691
11902521,249,43,7499,2017,7623.0,0.0,2.0548290000000002,1.2552969999999999,TWN,CHN,551691
11902522,43,49,7499,2017,22702.0,0.0,1.1127790000000002,1.56869,CHN,COL,551691
11902523,71,49,7499,2017,1409.0,0.0,0.734342,2.8180099999999997,ESP,COL,551691
11902524,138,49,7499,2017,0.0,2441.0,1.08871,0.5745279999999999,MEX,COL,551691
11902525,231,49,7499,2017,2757.0,0.0,1.601478,0.277271,USA,COL,551691
11902526,15,61,7499,2017,8615.0,18989.0,1.728623,-0.031045999999999997,AUT,DEU,551691
11902527,18,61,7499,2017,643602.0,1024.0,1.292657,1.19571,BEL,DEU,551691
11902528,39,61,7499,2017,0.0,5746.0,0.73897,1.206402,CAN,DEU,551691
11902529,43,61,7499,2017,686230.0,0.0,1.1127790000000002,1.56869,CHN,DEU,551691
11902530,59,61,7499,2017,273948.0,0.0,1.7715130000000001,0.359668,CZE,DEU,551691
11902531,64,61,7499,2017,0.0,2843.0,1.159753,1.233914,DNK,DEU,551691
11902532,71,61,7499,2017,6058.0,3837.0,0.734342,2.8180099999999997,ESP,DEU,551691
11902533,77,61,7499,2017,0.0,6360.0,1.398427,0.894732,FRA,DEU,551691
11902534,81,61,7499,2017,17019.0,0.0,1.6883119999999998,0.8347469999999999,GBR,DEU,551691
11902535,111,61,7499,2017,188209.0,20136.0,1.34395,0.577693,ITA,DEU,551691
11902536,114,61,7499,2017,0.0,3074.0,2.4510419999999997,-0.277357,JPN,DEU,551691
11902537,135,61,7499,2017,0.0,7563.0,-0.24909,-0.181213,MDA,DEU,551691
11902538,162,61,7499,2017,285807.0,8980.0,1.146959,1.470869,NLD,DEU,551691
11902539,177,61,7499,2017,5795.0,88096.0,1.197417,1.092716,POL,DEU,551691
11902540,179,61,7499,2017,8293.0,4819.0,0.527046,2.264624,PRT,DEU,551691
11902541,185,61,7499,2017,0.0,147197.0,1.05479,0.9842219999999999,ROU,DEU,551691
11902542,223,61,7499,2017,0.0,19063.0,0.224119,0.961772,TUN,DEU,551691
11902543,224,61,7499,2017,4747.0,0.0,0.541611,2.405872,TUR,DEU,551691
11902544,228,61,7499,2017,0.0,1576.0,0.461109,0.7826569999999999,UKR,DEU,551691
11902545,231,61,7499,2017,0.0,2189.0,1.601478,0.277271,USA,DEU,551691
11902546,249,61,7499,2017,290524.0,0.0,2.0548290000000002,1.2552969999999999,TWN,DEU,551691
11902547,43,64,7499,2017,3782.0,0.0,1.1127790000000002,1.56869,CHN,DNK,551691
11902548,61,64,7499,2017,2843.0,0.0,2.1149459999999998,-2.525372,DEU,DNK,551691
11902549,81,64,7499,2017,132224.0,0.0,1.6883119999999998,0.8347469999999999,GBR,DNK,551691
11902550,177,64,7499,2017,0.0,11555.0,1.197417,1.092716,POL,DNK,551691
11902551,43,67,7499,2017,13389.0,0.0,1.1127790000000002,1.56869,CHN,ECU,551691
11902552,111,67,7499,2017,1578.0,0.0,1.34395,0.577693,ITA,ECU,551691
11902553,15,71,7499,2017,33844.0,0.0,1.728623,-0.031045999999999997,AUT,ESP,551691
11902554,18,71,7499,2017,4022.0,0.0,1.292657,1.19571,BEL,ESP,551691
11902555,23,71,7499,2017,0.0,8772.0,0.557843,1.7221119999999999,BGR,ESP,551691
11902556,32,71,7499,2017,0.0,64038.0,0.145224,0.483461,BRA,ESP,551691
11902557,43,71,7499,2017,318213.0,0.0,1.1127790000000002,1.56869,CHN,ESP,551691
11902558,49,71,7499,2017,0.0,1409.0,0.208096,-0.17644300000000002,COL,ESP,551691
11902559,61,71,7499,2017,3837.0,6058.0,2.1149459999999998,-2.525372,DEU,ESP,551691
11902560,72,71,7499,2017,0.0,3233.0,1.010985,1.289633,EST,ESP,551691
11902561,77,71,7499,2017,30926.0,32438.0,1.398427,0.894732,FRA,ESP,551691
11902562,81,71,7499,2017,6714.0,0.0,1.6883119999999998,0.8347469999999999,GBR,ESP,551691
11902563,90,71,7499,2017,0.0,1242.0,0.154098,1.151038,GRC,ESP,551691
11902564,97,71,7499,2017,0.0,254163.0,0.824982,1.7162220000000001,HKG,ESP,551691
11902565,102,71,7499,2017,0.0,1183.0,1.4886270000000001,0.845986,HUN,ESP,551691
11902566,111,71,7499,2017,16471.0,48430.0,1.34395,0.577693,ITA,ESP,551691
11902567,134,71,7499,2017,0.0,119119.0,-0.757236,-0.065347,MAR,ESP,551691
11902568,138,71,7499,2017,0.0,26591.0,1.08871,0.5745279999999999,MEX,ESP,551691
11902569,173,71,7499,2017,0.0,11874.0,-0.667658,-0.318344,PER,ESP,551691
11902570,177,71,7499,2017,0.0,3680.0,1.197417,1.092716,POL,ESP,551691
11902571,179,71,7499,2017,0.0,46308.0,0.527046,2.264624,PRT,ESP,551691
11902572,183,71,7499,2017,0.0,1974.0,-0.361327,-1.066869,QAT,ESP,551691
11902573,208,71,7499,2017,0.0,4976.0,1.764732,0.732646,SWE,ESP,551691
11902574,223,71,7499,2017,0.0,24664.0,0.224119,0.961772,TUN,ESP,551691
11902575,224,71,7499,2017,5044.0,48051.0,0.541611,2.405872,TUR,ESP,551691
11902576,231,71,7499,2017,0.0,30172.0,1.601478,0.277271,USA,ESP,551691
11902577,43,74,7499,2017,2433.0,0.0,1.1127790000000002,1.56869,CHN,FIN,551691
11902578,81,74,7499,2017,3031.0,0.0,1.6883119999999998,0.8347469999999999,GBR,FIN,551691
11902579,111,74,7499,2017,3162.0,0.0,1.34395,0.577693,ITA,FIN,551691
11902580,18,77,7499,2017,368753.0,125282.0,1.292657,1.19571,BEL,FRA,551691
11902581,43,77,7499,2017,151880.0,0.0,1.1127790000000002,1.56869,CHN,FRA,551691
11902582,45,77,7499,2017,0.0,5255.0,-1.048569,-1.030799,CMR,FRA,551691
11902583,61,77,7499,2017,6360.0,0.0,2.1149459999999998,-2.525372,DEU,FRA,551691
11902584,71,77,7499,2017,32438.0,30926.0,0.734342,2.8180099999999997,ESP,FRA,551691
11902585,81,77,7499,2017,4344.0,0.0,1.6883119999999998,0.8347469999999999,GBR,FRA,551691
11902586,97,77,7499,2017,0.0,7135.0,0.824982,1.7162220000000001,HKG,FRA,551691
11902587,111,77,7499,2017,333248.0,208714.0,1.34395,0.577693,ITA,FRA,551691
11902588,122,77,7499,2017,0.0,55720.0,-0.229821,-1.128482,KWT,FRA,551691
11902589,134,77,7499,2017,0.0,47865.0,-0.757236,-0.065347,MAR,FRA,551691
11902590,136,77,7499,2017,0.0,11439.0,-1.277182,-0.6503399999999999,MDG,FRA,551691
11902591,140,77,7499,2017,0.0,10854.0,-0.0292,-0.377156,MKD,FRA,551691
11902592,162,77,7499,2017,0.0,3258.0,1.146959,1.470869,NLD,FRA,551691
11902593,177,77,7499,2017,1277.0,0.0,1.197417,1.092716,POL,FRA,551691
11902594,183,77,7499,2017,0.0,2995.0,-0.361327,-1.066869,QAT,FRA,551691
11902595,185,77,7499,2017,1486.0,7484.0,1.05479,0.9842219999999999,ROU,FRA,551691
11902596,223,77,7499,2017,0.0,5408.0,0.224119,0.961772,TUN,FRA,551691
11902597,224,77,7499,2017,53318.0,16040.0,0.541611,2.405872,TUR,FRA,551691
11902598,231,77,7499,2017,0.0,11393.0,1.601478,0.277271,USA,FRA,551691
11902599,14,81,7499,2017,0.0,2924.0,-0.42427200000000004,-0.152921,AUS,GBR,551691
11902600,15,81,7499,2017,0.0,1596.0,1.728623,-0.031045999999999997,AUT,GBR,551691
11902601,18,81,7499,2017,0.0,3485.0,1.292657,1.19571,BEL,GBR,551691
11902602,39,81,7499,2017,0.0,1122.0,0.73897,1.206402,CAN,GBR,551691
11902603,41,81,7499,2017,0.0,1456.0,2.2557810000000003,0.845459,CHE,GBR,551691
11902604,43,81,7499,2017,719295.0,9635.0,1.1127790000000002,1.56869,CHN,GBR,551691
11902605,59,81,7499,2017,20426.0,3511.0,1.7715130000000001,0.359668,CZE,GBR,551691
11902606,61,81,7499,2017,0.0,17019.0,2.1149459999999998,-2.525372,DEU,GBR,551691
11902607,64,81,7499,2017,0.0,132224.0,1.159753,1.233914,DNK,GBR,551691
11902608,68,81,7499,2017,4468.0,0.0,-0.073436,1.829121,EGY,GBR,551691
11902609,71,81,7499,2017,0.0,6714.0,0.734342,2.8180099999999997,ESP,GBR,551691
11902610,74,81,7499,2017,0.0,3031.0,1.655957,0.962485,FIN,GBR,551691
11902611,77,81,7499,2017,0.0,4344.0,1.398427,0.894732,FRA,GBR,551691
11902612,78,81,7499,2017,0.0,1135.0,-0.956326,-0.951541,FRO,GBR,551691
11902613,97,81,7499,2017,2938.0,0.0,0.824982,1.7162220000000001,HKG,GBR,551691
11902614,102,81,7499,2017,0.0,6789.0,1.4886270000000001,0.845986,HUN,GBR,551691
11902615,104,81,7499,2017,3107.0,0.0,0.290576,2.726391,IND,GBR,551691
11902616,106,81,7499,2017,0.0,6236.0,1.363544,0.169211,IRL,GBR,551691
11902617,111,81,7499,2017,39544.0,123994.0,1.34395,0.577693,ITA,GBR,551691
11902618,114,81,7499,2017,0.0,1950.0,2.4510419999999997,-0.277357,JPN,GBR,551691
11902619,121,81,7499,2017,0.0,1333.0,2.011263,0.783215,KOR,GBR,551691
11902620,122,81,7499,2017,0.0,2653.0,-0.229821,-1.128482,KWT,GBR,551691
11902621,134,81,7499,2017,0.0,58683.0,-0.757236,-0.065347,MAR,GBR,551691
11902622,138,81,7499,2017,0.0,3165.0,1.08871,0.5745279999999999,MEX,GBR,551691
11902623,142,81,7499,2017,0.0,7253.0,0.999914,0.12683,MLT,GBR,551691
11902624,162,81,7499,2017,0.0,13045.0,1.146959,1.470869,NLD,GBR,551691
11902625,163,81,7499,2017,0.0,4437.0,0.73658,0.11450199999999999,NOR,GBR,551691
11902626,166,81,7499,2017,0.0,8743.0,0.25651199999999996,0.132996,NZL,GBR,551691
11902627,177,81,7499,2017,0.0,14314.0,1.197417,1.092716,POL,GBR,551691
11902628,179,81,7499,2017,0.0,1074.0,0.527046,2.264624,PRT,GBR,551691
11902629,208,81,7499,2017,0.0,4222.0,1.764732,0.732646,SWE,GBR,551691
11902630,224,81,7499,2017,491305.0,0.0,0.541611,2.405872,TUR,GBR,551691
11902631,231,81,7499,2017,2654.0,37643.0,1.601478,0.277271,USA,GBR,551691
11902632,239,81,7499,2017,0.0,3785.0,-0.009819,0.686429,VNM,GBR,551691
11902633,246,81,7499,2017,0.0,1105.0,0.2066,1.378591,ZAF,GBR,551691
11902634,43,93,7499,2017,1305.0,0.0,1.1127790000000002,1.56869,CHN,GTM,551691
11902635,43,97,7499,2017,194482.0,16942.0,1.1127790000000002,1.56869,CHN,HKG,551691
11902636,71,97,7499,2017,254163.0,0.0,0.734342,2.8180099999999997,ESP,HKG,551691
11902637,77,97,7499,2017,7135.0,0.0,1.398427,0.894732,FRA,HKG,551691
11902638,81,97,7499,2017,0.0,2938.0,1.6883119999999998,0.8347469999999999,GBR,HKG,551691
11902639,102,97,7499,2017,0.0,16877.0,1.4886270000000001,0.845986,HUN,HKG,551691
11902640,118,97,7499,2017,0.0,15086.0,-0.656325,-0.622167,KHM,HKG,551691
11902641,121,97,7499,2017,8693.0,0.0,2.011263,0.783215,KOR,HKG,551691
11902642,128,97,7499,2017,0.0,23028.0,-0.46442799999999995,0.472132,LKA,HKG,551691
11902643,134,97,7499,2017,0.0,967.0,-0.757236,-0.065347,MAR,HKG,551691
11902644,162,97,7499,2017,0.0,18325.0,1.146959,1.470869,NLD,HKG,551691
11902645,224,97,7499,2017,242992.0,0.0,0.541611,2.405872,TUR,HKG,551691
11902646,239,97,7499,2017,0.0,7233.0,-0.009819,0.686429,VNM,HKG,551691
11902647,43,102,7499,2017,270071.0,0.0,1.1127790000000002,1.56869,CHN,HUN,551691
11902648,71,102,7499,2017,1183.0,0.0,0.734342,2.8180099999999997,ESP,HUN,551691
11902649,81,102,7499,2017,6789.0,0.0,1.6883119999999998,0.8347469999999999,GBR,HUN,551691
11902650,97,102,7499,2017,16877.0,0.0,0.824982,1.7162220000000001,HKG,HUN,551691
11902651,111,102,7499,2017,0.0,1397.0,1.34395,0.577693,ITA,HUN,551691
11902652,43,103,7499,2017,487674.0,0.0,1.1127790000000002,1.56869,CHN,IDN,551691
11902653,114,103,7499,2017,0.0,1282434.0,2.4510419999999997,-0.277357,JPN,IDN,551691
11902654,121,103,7499,2017,11594.0,0.0,2.011263,0.783215,KOR,IDN,551691
11902655,246,103,7499,2017,0.0,1828.0,0.2066,1.378591,ZAF,IDN,551691
11902656,39,104,7499,2017,0.0,1407.0,0.73897,1.206402,CAN,IND,551691
11902657,42,104,7499,2017,0.0,352085.0,-0.378693,-0.492983,CHL,IND,551691
11902658,43,104,7499,2017,44842.0,0.0,1.1127790000000002,1.56869,CHN,IND,551691
11902659,81,104,7499,2017,0.0,3107.0,1.6883119999999998,0.8347469999999999,GBR,IND,551691
11902660,121,104,7499,2017,0.0,167436.0,2.011263,0.783215,KOR,IND,551691
11902661,122,104,7499,2017,0.0,28609.0,-0.229821,-1.128482,KWT,IND,551691
11902662,128,104,7499,2017,0.0,5474.0,-0.46442799999999995,0.472132,LKA,IND,551691
11902663,151,104,7499,2017,0.0,103110.0,-0.156616,0.073153,MUS,IND,551691
11902664,231,104,7499,2017,0.0,1559.0,1.601478,0.277271,USA,IND,551691
11902665,81,106,7499,2017,6236.0,0.0,1.6883119999999998,0.8347469999999999,GBR,IRL,551691
11902666,111,110,7499,2017,5413.0,0.0,1.34395,0.577693,ITA,ISR,551691
11902667,224,110,7499,2017,5938.0,0.0,0.541611,2.405872,TUR,ISR,551691
11902668,7,111,7499,2017,0.0,1784.0,0.210477,0.02557,ARE,ITA,551691
11902669,8,111,7499,2017,0.0,33976.0,-0.120753,0.233375,ARG,ITA,551691
11902670,15,111,7499,2017,1049.0,3492.0,1.728623,-0.031045999999999997,AUT,ITA,551691
11902671,18,111,7499,2017,268395.0,0.0,1.292657,1.19571,BEL,ITA,551691
11902672,23,111,7499,2017,58055.0,48915.0,0.557843,1.7221119999999999,BGR,ITA,551691
11902673,32,111,7499,2017,0.0,11693.0,0.145224,0.483461,BRA,ITA,551691
11902674,39,111,7499,2017,0.0,2641.0,0.73897,1.206402,CAN,ITA,551691
11902675,41,111,7499,2017,0.0,1642.0,2.2557810000000003,0.845459,CHE,ITA,551691
11902676,43,111,7499,2017,1759713.0,32951.0,1.1127790000000002,1.56869,CHN,ITA,551691
11902677,59,111,7499,2017,96031.0,0.0,1.7715130000000001,0.359668,CZE,ITA,551691
11902678,61,111,7499,2017,20136.0,188209.0,2.1149459999999998,-2.525372,DEU,ITA,551691
11902679,67,111,7499,2017,0.0,1578.0,-0.9995850000000001,-1.086367,ECU,ITA,551691
11902680,71,111,7499,2017,48430.0,16471.0,0.734342,2.8180099999999997,ESP,ITA,551691
11902681,74,111,7499,2017,0.0,3162.0,1.655957,0.962485,FIN,ITA,551691
11902682,77,111,7499,2017,208714.0,333248.0,1.398427,0.894732,FRA,ITA,551691
11902683,81,111,7499,2017,123994.0,39544.0,1.6883119999999998,0.8347469999999999,GBR,ITA,551691
11902684,90,111,7499,2017,11942.0,17421.0,0.154098,1.151038,GRC,ITA,551691
11902685,102,111,7499,2017,1397.0,0.0,1.4886270000000001,0.845986,HUN,ITA,551691
11902686,110,111,7499,2017,0.0,5413.0,1.436156,0.776574,ISR,ITA,551691
11902687,114,111,7499,2017,0.0,12026.0,2.4510419999999997,-0.277357,JPN,ITA,551691
11902688,121,111,7499,2017,0.0,1316.0,2.011263,0.783215,KOR,ITA,551691
11902689,122,111,7499,2017,0.0,22615.0,-0.229821,-1.128482,KWT,ITA,551691
11902690,124,111,7499,2017,0.0,6895.0,0.266847,1.117621,LBN,ITA,551691
11902691,133,111,7499,2017,0.0,1488130.0,0.264006,-0.11028099999999999,MAC,ITA,551691
11902692,134,111,7499,2017,0.0,126485.0,-0.757236,-0.065347,MAR,ITA,551691
11902693,138,111,7499,2017,0.0,2324.0,1.08871,0.5745279999999999,MEX,ITA,551691
11902694,163,111,7499,2017,0.0,2631.0,0.73658,0.11450199999999999,NOR,ITA,551691
11902695,177,111,7499,2017,1048.0,12736.0,1.197417,1.092716,POL,ITA,551691
11902696,179,111,7499,2017,0.0,128962.0,0.527046,2.264624,PRT,ITA,551691
11902697,185,111,7499,2017,40433.0,59902.0,1.05479,0.9842219999999999,ROU,ITA,551691
11902698,186,111,7499,2017,0.0,8996.0,0.32885,0.288392,RUS,ITA,551691
11902699,201,111,7499,2017,9123.0,12103.0,0.541644,1.19872,SRB,ITA,551691
11902700,206,111,7499,2017,0.0,69208.0,1.279606,0.85503,SVK,ITA,551691
11902701,223,111,7499,2017,0.0,28022.0,0.224119,0.961772,TUN,ITA,551691
11902702,224,111,7499,2017,40621.0,65545.0,0.541611,2.405872,TUR,ITA,551691
11902703,231,111,7499,2017,0.0,3861.0,1.601478,0.277271,USA,ITA,551691
11902704,239,111,7499,2017,0.0,972.0,-0.009819,0.686429,VNM,ITA,551691
11902705,231,112,7499,2017,12501.0,0.0,1.601478,0.277271,USA,JAM,551691
11902706,39,114,7499,2017,0.0,2551.0,0.73897,1.206402,CAN,JPN,551691
11902707,43,114,7499,2017,360704.0,44687.0,1.1127790000000002,1.56869,CHN,JPN,551691
11902708,61,114,7499,2017,3074.0,0.0,2.1149459999999998,-2.525372,DEU,JPN,551691
11902709,81,114,7499,2017,1950.0,0.0,1.6883119999999998,0.8347469999999999,GBR,JPN,551691
11902710,103,114,7499,2017,1282434.0,0.0,-0.23641700000000002,1.188173,IDN,JPN,551691
11902711,111,114,7499,2017,12026.0,0.0,1.34395,0.577693,ITA,JPN,551691
11902712,121,114,7499,2017,75629.0,14267.0,2.011263,0.783215,KOR,JPN,551691
11902713,188,114,7499,2017,0.0,33773.0,0.597716,-0.345049,SAU,JPN,551691
11902714,216,114,7499,2017,77725.0,0.0,0.983977,1.3926020000000001,THA,JPN,551691
11902715,224,114,7499,2017,3054.0,0.0,0.541611,2.405872,TUR,JPN,551691
11902716,231,114,7499,2017,3176.0,0.0,1.601478,0.277271,USA,JPN,551691
11902717,239,114,7499,2017,0.0,13471.0,-0.009819,0.686429,VNM,JPN,551691
11902718,249,114,7499,2017,2211.0,0.0,2.0548290000000002,1.2552969999999999,TWN,JPN,551691
11902719,7,121,7499,2017,0.0,2922.0,0.210477,0.02557,ARE,KOR,551691
11902720,43,121,7499,2017,313483.0,4921.0,1.1127790000000002,1.56869,CHN,KOR,551691
11902721,81,121,7499,2017,1333.0,0.0,1.6883119999999998,0.8347469999999999,GBR,KOR,551691
11902722,97,121,7499,2017,0.0,8693.0,0.824982,1.7162220000000001,HKG,KOR,551691
11902723,103,121,7499,2017,0.0,11594.0,-0.23641700000000002,1.188173,IDN,KOR,551691
11902724,104,121,7499,2017,167436.0,0.0,0.290576,2.726391,IND,KOR,551691
11902725,111,121,7499,2017,1316.0,0.0,1.34395,0.577693,ITA,KOR,551691
11902726,114,121,7499,2017,14267.0,75629.0,2.4510419999999997,-0.277357,JPN,KOR,551691
11902727,239,121,7499,2017,0.0,8021.0,-0.009819,0.686429,VNM,KOR,551691
11902728,77,122,7499,2017,55720.0,0.0,1.398427,0.894732,FRA,KWT,551691
11902729,81,122,7499,2017,2653.0,0.0,1.6883119999999998,0.8347469999999999,GBR,KWT,551691
11902730,104,122,7499,2017,28609.0,0.0,0.290576,2.726391,IND,KWT,551691
11902731,111,122,7499,2017,22615.0,0.0,1.34395,0.577693,ITA,KWT,551691
11902732,231,122,7499,2017,18865.0,0.0,1.601478,0.277271,USA,KWT,551691
11902733,43,138,7499,2017,49175.0,0.0,1.1127790000000002,1.56869,CHN,MEX,551691
11902734,49,138,7499,2017,2441.0,0.0,0.208096,-0.17644300000000002,COL,MEX,551691
11902735,71,138,7499,2017,26591.0,0.0,0.734342,2.8180099999999997,ESP,MEX,551691
11902736,81,138,7499,2017,3165.0,0.0,1.6883119999999998,0.8347469999999999,GBR,MEX,551691
11902737,111,138,7499,2017,2324.0,0.0,1.34395,0.577693,ITA,MEX,551691
11902738,224,138,7499,2017,387290.0,0.0,0.541611,2.405872,TUR,MEX,551691
11902739,231,138,7499,2017,48955.0,20126.0,1.601478,0.277271,USA,MEX,551691
11902740,43,143,7499,2017,1056.0,0.0,1.1127790000000002,1.56869,CHN,MMR,551691
11902741,249,153,7499,2017,569081.0,0.0,2.0548290000000002,1.2552969999999999,TWN,MYS,551691
11902742,18,162,7499,2017,3818.0,0.0,1.292657,1.19571,BEL,NLD,551691
11902743,43,162,7499,2017,67205.0,0.0,1.1127790000000002,1.56869,CHN,NLD,551691
11902744,61,162,7499,2017,8980.0,285807.0,2.1149459999999998,-2.525372,DEU,NLD,551691
11902745,77,162,7499,2017,3258.0,0.0,1.398427,0.894732,FRA,NLD,551691
11902746,81,162,7499,2017,13045.0,0.0,1.6883119999999998,0.8347469999999999,GBR,NLD,551691
11902747,97,162,7499,2017,18325.0,0.0,0.824982,1.7162220000000001,HKG,NLD,551691
11902748,81,163,7499,2017,4437.0,0.0,1.6883119999999998,0.8347469999999999,GBR,NOR,551691
11902749,111,163,7499,2017,2631.0,0.0,1.34395,0.577693,ITA,NOR,551691
11902750,14,166,7499,2017,0.0,25018.0,-0.42427200000000004,-0.152921,AUS,NZL,551691
11902751,43,166,7499,2017,1259.0,0.0,1.1127790000000002,1.56869,CHN,NZL,551691
11902752,75,166,7499,2017,0.0,4020.0,-0.278276,-0.033997,FJI,NZL,551691
11902753,81,166,7499,2017,8743.0,0.0,1.6883119999999998,0.8347469999999999,GBR,NZL,551691
11902754,42,168,7499,2017,0.0,2274.0,-0.378693,-0.492983,CHL,PAK,551691
11902755,43,168,7499,2017,27250.0,0.0,1.1127790000000002,1.56869,CHN,PAK,551691
11902756,151,168,7499,2017,0.0,6504.0,-0.156616,0.073153,MUS,PAK,551691
11902757,43,169,7499,2017,8867.0,0.0,1.1127790000000002,1.56869,CHN,PAN,551691
11902758,42,173,7499,2017,212084.0,0.0,-0.378693,-0.492983,CHL,PER,551691
11902759,71,173,7499,2017,11874.0,0.0,0.734342,2.8180099999999997,ESP,PER,551691
11902760,43,174,7499,2017,5653.0,0.0,1.1127790000000002,1.56869,CHN,PHL,551691
11902761,249,174,7499,2017,1502.0,0.0,2.0548290000000002,1.2552969999999999,TWN,PHL,551691
11902762,7,177,7499,2017,4355.0,0.0,0.210477,0.02557,ARE,POL,551691
11902763,15,177,7499,2017,0.0,5953.0,1.728623,-0.031045999999999997,AUT,POL,551691
11902764,23,177,7499,2017,2809.0,0.0,0.557843,1.7221119999999999,BGR,POL,551691
11902765,41,177,7499,2017,0.0,1602.0,2.2557810000000003,0.845459,CHE,POL,551691
11902766,43,177,7499,2017,561047.0,0.0,1.1127790000000002,1.56869,CHN,POL,551691
11902767,59,177,7499,2017,15735.0,0.0,1.7715130000000001,0.359668,CZE,POL,551691
11902768,61,177,7499,2017,88096.0,5795.0,2.1149459999999998,-2.525372,DEU,POL,551691
11902769,64,177,7499,2017,11555.0,0.0,1.159753,1.233914,DNK,POL,551691
11902770,71,177,7499,2017,3680.0,0.0,0.734342,2.8180099999999997,ESP,POL,551691
11902771,77,177,7499,2017,0.0,1277.0,1.398427,0.894732,FRA,POL,551691
11902772,81,177,7499,2017,14314.0,0.0,1.6883119999999998,0.8347469999999999,GBR,POL,551691
11902773,111,177,7499,2017,12736.0,1048.0,1.34395,0.577693,ITA,POL,551691
11902774,130,177,7499,2017,0.0,5381.0,0.855858,1.447717,LTU,POL,551691
11902775,179,177,7499,2017,0.0,4325.0,0.527046,2.264624,PRT,POL,551691
11902776,185,177,7499,2017,1381.0,0.0,1.05479,0.9842219999999999,ROU,POL,551691
11902777,186,177,7499,2017,0.0,2183.0,0.32885,0.288392,RUS,POL,551691
11902778,18,179,7499,2017,65387.0,0.0,1.292657,1.19571,BEL,PRT,551691
11902779,61,179,7499,2017,4819.0,8293.0,2.1149459999999998,-2.525372,DEU,PRT,551691
11902780,71,179,7499,2017,46308.0,0.0,0.734342,2.8180099999999997,ESP,PRT,551691
11902781,81,179,7499,2017,1074.0,0.0,1.6883119999999998,0.8347469999999999,GBR,PRT,551691
11902782,111,179,7499,2017,128962.0,0.0,1.34395,0.577693,ITA,PRT,551691
11902783,177,179,7499,2017,4325.0,0.0,1.197417,1.092716,POL,PRT,551691
11902784,223,179,7499,2017,0.0,818.0,0.224119,0.961772,TUN,PRT,551691
11902785,224,179,7499,2017,0.0,10939.0,0.541611,2.405872,TUR,PRT,551691
11902786,42,180,7499,2017,902032.0,0.0,-0.378693,-0.492983,CHL,PRY,551691
11902787,28,186,7499,2017,1696.0,126483.0,0.8115829999999999,0.8323459999999999,BLR,RUS,551691
11902788,43,186,7499,2017,13846.0,0.0,1.1127790000000002,1.56869,CHN,RUS,551691
11902789,111,186,7499,2017,8996.0,0.0,1.34395,0.577693,ITA,RUS,551691
11902790,177,186,7499,2017,2183.0,0.0,1.197417,1.092716,POL,RUS,551691
11902791,114,188,7499,2017,33773.0,0.0,2.4510419999999997,-0.277357,JPN,SAU,551691
11902792,239,192,7499,2017,0.0,3686.0,-0.009819,0.686429,VNM,SGP,551691
11902793,247,192,7499,2017,0.0,7611.0,-0.8594290000000001,-1.0574459999999999,ZMB,SGP,551691
11902794,71,208,7499,2017,4976.0,0.0,0.734342,2.8180099999999997,ESP,SWE,551691
11902795,81,208,7499,2017,4222.0,0.0,1.6883119999999998,0.8347469999999999,GBR,SWE,551691
11902796,201,208,7499,2017,0.0,1285.0,0.541644,1.19872,SRB,SWE,551691
11902797,43,216,7499,2017,43173.0,21042.0,1.1127790000000002,1.56869,CHN,THA,551691
11902798,114,216,7499,2017,0.0,77725.0,2.4510419999999997,-0.277357,JPN,THA,551691
11902799,137,216,7499,2017,0.0,11689.0,-1.100027,-0.9779479999999999,MDV,THA,551691
11902800,231,216,7499,2017,0.0,5445.0,1.601478,0.277271,USA,THA,551691
11902801,231,222,7499,2017,14964.0,0.0,1.601478,0.277271,USA,TTO,551691
11902802,23,224,7499,2017,1928.0,15634.0,0.557843,1.7221119999999999,BGR,TUR,551691
11902803,43,224,7499,2017,146320.0,0.0,1.1127790000000002,1.56869,CHN,TUR,551691
11902804,61,224,7499,2017,0.0,4747.0,2.1149459999999998,-2.525372,DEU,TUR,551691
11902805,71,224,7499,2017,48051.0,5044.0,0.734342,2.8180099999999997,ESP,TUR,551691
11902806,77,224,7499,2017,16040.0,53318.0,1.398427,0.894732,FRA,TUR,551691
11902807,81,224,7499,2017,0.0,491305.0,1.6883119999999998,0.8347469999999999,GBR,TUR,551691
11902808,97,224,7499,2017,0.0,242992.0,0.824982,1.7162220000000001,HKG,TUR,551691
11902809,100,224,7499,2017,0.0,4270.0,0.860825,1.365445,HRV,TUR,551691
11902810,110,224,7499,2017,0.0,5938.0,1.436156,0.776574,ISR,TUR,551691
11902811,111,224,7499,2017,65545.0,40621.0,1.34395,0.577693,ITA,TUR,551691
11902812,114,224,7499,2017,0.0,3054.0,2.4510419999999997,-0.277357,JPN,TUR,551691
11902813,117,224,7499,2017,0.0,8780.0,-0.11530599999999999,0.264752,KGZ,TUR,551691
11902814,134,224,7499,2017,0.0,44435.0,-0.757236,-0.065347,MAR,TUR,551691
11902815,138,224,7499,2017,0.0,387290.0,1.08871,0.5745279999999999,MEX,TUR,551691
11902816,179,224,7499,2017,10939.0,0.0,0.527046,2.264624,PRT,TUR,551691
11902817,223,224,7499,2017,0.0,326716.0,0.224119,0.961772,TUN,TUR,551691
11902818,231,224,7499,2017,0.0,440847.0,1.601478,0.277271,USA,TUR,551691
11902819,43,228,7499,2017,1261.0,0.0,1.1127790000000002,1.56869,CHN,UKR,551691
11902820,61,228,7499,2017,1576.0,0.0,2.1149459999999998,-2.525372,DEU,UKR,551691
11902821,18,231,7499,2017,24558.0,0.0,1.292657,1.19571,BEL,USA,551691
11902822,23,231,7499,2017,1349.0,0.0,0.557843,1.7221119999999999,BGR,USA,551691
11902823,39,231,7499,2017,7918.0,2209.0,0.73897,1.206402,CAN,USA,551691
11902824,43,231,7499,2017,197985.0,2588.0,1.1127790000000002,1.56869,CHN,USA,551691
11902825,49,231,7499,2017,0.0,2757.0,0.208096,-0.17644300000000002,COL,USA,551691
11902826,61,231,7499,2017,2189.0,0.0,2.1149459999999998,-2.525372,DEU,USA,551691
11902827,71,231,7499,2017,30172.0,0.0,0.734342,2.8180099999999997,ESP,USA,551691
11902828,77,231,7499,2017,11393.0,0.0,1.398427,0.894732,FRA,USA,551691
11902829,81,231,7499,2017,37643.0,2654.0,1.6883119999999998,0.8347469999999999,GBR,USA,551691
11902830,104,231,7499,2017,1559.0,0.0,0.290576,2.726391,IND,USA,551691
11902831,111,231,7499,2017,3861.0,0.0,1.34395,0.577693,ITA,USA,551691
11902832,112,231,7499,2017,0.0,12501.0,-0.497654,-0.76481,JAM,USA,551691
11902833,114,231,7499,2017,0.0,3176.0,2.4510419999999997,-0.277357,JPN,USA,551691
11902834,122,231,7499,2017,0.0,18865.0,-0.229821,-1.128482,KWT,USA,551691
11902835,138,231,7499,2017,20126.0,48955.0,1.08871,0.5745279999999999,MEX,USA,551691
11902836,216,231,7499,2017,5445.0,0.0,0.983977,1.3926020000000001,THA,USA,551691
11902837,222,231,7499,2017,0.0,14964.0,-0.183935,-1.012153,TTO,USA,551691
11902838,224,231,7499,2017,440847.0,0.0,0.541611,2.405872,TUR,USA,551691
11902839,239,231,7499,2017,0.0,4650.0,-0.009819,0.686429,VNM,USA,551691
11902840,249,231,7499,2017,110939.0,0.0,2.0548290000000002,1.2552969999999999,TWN,USA,551691
11902841,37,246,7499,2017,0.0,3651.0,-0.593754,-1.166742,BWA,ZAF,551691
11902842,43,246,7499,2017,2610.0,0.0,1.1127790000000002,1.56869,CHN,ZAF,551691
11902843,81,246,7499,2017,1105.0,0.0,1.6883119999999998,0.8347469999999999,GBR,ZAF,551691
11902844,103,246,7499,2017,1828.0,0.0,-0.23641700000000002,1.188173,IDN,ZAF,551691
11902845,129,246,7499,2017,0.0,2171.0,-0.955398,-0.824111,LSO,ZAF,551691
11902846,155,246,7499,2017,0.0,5309.0,-0.5221060000000001,-0.7365079999999999,NAM,ZAF,551691
11902847,39,249,7499,2017,0.0,6209.0,0.73897,1.206402,CAN,TWN,551691
11902848,43,249,7499,2017,0.0,7623.0,1.1127790000000002,1.56869,CHN,TWN,551691
11902849,61,249,7499,2017,0.0,290524.0,2.1149459999999998,-2.525372,DEU,TWN,551691
11902850,114,249,7499,2017,0.0,2211.0,2.4510419999999997,-0.277357,JPN,TWN,551691
11902851,153,249,7499,2017,0.0,569081.0,1.0110139999999999,0.6840729999999999,MYS,TWN,551691
11902852,174,249,7499,2017,0.0,1502.0,0.657759,0.170061,PHL,TWN,551691
11902853,231,249,7499,2017,0.0,110939.0,1.601478,0.277271,USA,TWN,551691
11902854,239,249,7499,2017,0.0,72654.0,-0.009819,0.686429,VNM,TWN,551691
11902855,250,249,7499,2017,2085.0,0.0,0.72523,-0.205046,ANS,TWN,551691
11902856,42,250,7499,2017,8090.0,0.0,-0.378693,-0.492983,CHL,ANS,551691
11902857,183,250,7499,2017,0.0,1963.0,-0.361327,-1.066869,QAT,ANS,551691
11902858,249,250,7499,2017,0.0,2085.0,2.0548290000000002,1.2552969999999999,TWN,ANS,551691
11902859,43,14,7499,2017,41416.0,0.0,1.1127790000000002,1.56869,CHN,AUS,551691
11902860,81,14,7499,2017,2924.0,0.0,1.6883119999999998,0.8347469999999999,GBR,AUS,551691
11902861,166,14,7499,2017,25018.0,0.0,0.25651199999999996,0.132996,NZL,AUS,551691
11902862,186,28,7499,2017,126483.0,1696.0,0.32885,0.288392,RUS,BLR,551691
11902863,42,31,7499,2017,1181522.0,0.0,-0.378693,-0.492983,CHL,BOL,551691
11902864,61,59,7499,2017,0.0,273948.0,2.1149459999999998,-2.525372,DEU,CZE,551691
11902865,81,59,7499,2017,3511.0,20426.0,1.6883119999999998,0.8347469999999999,GBR,CZE,551691
11902866,111,59,7499,2017,0.0,96031.0,1.34395,0.577693,ITA,CZE,551691
11902867,130,59,7499,2017,0.0,8708.0,0.855858,1.447717,LTU,CZE,551691
11902868,177,59,7499,2017,0.0,15735.0,1.197417,1.092716,POL,CZE,551691
11902869,207,59,7499,2017,7469.0,0.0,1.600319,0.854305,SVN,CZE,551691
11902870,81,68,7499,2017,0.0,4468.0,1.6883119999999998,0.8347469999999999,GBR,EGY,551691
11902871,71,72,7499,2017,3233.0,0.0,0.734342,2.8180099999999997,ESP,EST,551691
11902872,15,90,7499,2017,1567.0,0.0,1.728623,-0.031045999999999997,AUT,GRC,551691
11902873,43,90,7499,2017,1960129.0,0.0,1.1127790000000002,1.56869,CHN,GRC,551691
11902874,71,90,7499,2017,1242.0,0.0,0.734342,2.8180099999999997,ESP,GRC,551691
11902875,111,90,7499,2017,17421.0,11942.0,1.34395,0.577693,ITA,GRC,551691
11902876,43,100,7499,2017,1600.0,0.0,1.1127790000000002,1.56869,CHN,HRV,551691
11902877,224,100,7499,2017,4270.0,0.0,0.541611,2.405872,TUR,HRV,551691
11902878,7,116,7499,2017,1599.0,0.0,0.210477,0.02557,ARE,KEN,551691
11902879,224,117,7499,2017,8780.0,0.0,0.541611,2.405872,TUR,KGZ,551691
11902880,97,118,7499,2017,15086.0,0.0,0.824982,1.7162220000000001,HKG,KHM,551691
11902881,111,124,7499,2017,6895.0,0.0,1.34395,0.577693,ITA,LBN,551691
11902882,43,128,7499,2017,1576.0,0.0,1.1127790000000002,1.56869,CHN,LKA,551691
11902883,97,128,7499,2017,23028.0,0.0,0.824982,1.7162220000000001,HKG,LKA,551691
11902884,104,128,7499,2017,5474.0,0.0,0.290576,2.726391,IND,LKA,551691
11902885,137,128,7499,2017,0.0,2344.0,-1.100027,-0.9779479999999999,MDV,LKA,551691
11902886,43,130,7499,2017,1409.0,0.0,1.1127790000000002,1.56869,CHN,LTU,551691
11902887,59,130,7499,2017,8708.0,0.0,1.7715130000000001,0.359668,CZE,LTU,551691
11902888,177,130,7499,2017,5381.0,0.0,1.197417,1.092716,POL,LTU,551691
11902889,43,134,7499,2017,225868.0,0.0,1.1127790000000002,1.56869,CHN,MAR,551691
11902890,71,134,7499,2017,119119.0,0.0,0.734342,2.8180099999999997,ESP,MAR,551691
11902891,77,134,7499,2017,47865.0,0.0,1.398427,0.894732,FRA,MAR,551691
11902892,81,134,7499,2017,58683.0,0.0,1.6883119999999998,0.8347469999999999,GBR,MAR,551691
11902893,97,134,7499,2017,967.0,0.0,0.824982,1.7162220000000001,HKG,MAR,551691
11902894,111,134,7499,2017,126485.0,0.0,1.34395,0.577693,ITA,MAR,551691
11902895,224,134,7499,2017,44435.0,0.0,0.541611,2.405872,TUR,MAR,551691
11902896,61,135,7499,2017,7563.0,0.0,2.1149459999999998,-2.525372,DEU,MDA,551691
11902897,77,136,7499,2017,11439.0,0.0,1.398427,0.894732,FRA,MDG,551691
11902898,151,136,7499,2017,9789.0,0.0,-0.156616,0.073153,MUS,MDG,551691
11902899,81,142,7499,2017,7253.0,0.0,1.6883119999999998,0.8347469999999999,GBR,MLT,551691
11902900,71,183,7499,2017,1974.0,0.0,0.734342,2.8180099999999997,ESP,QAT,551691
11902901,77,183,7499,2017,2995.0,0.0,1.398427,0.894732,FRA,QAT,551691
11902902,250,183,7499,2017,1963.0,0.0,0.72523,-0.205046,ANS,QAT,551691
11902903,43,185,7499,2017,15151.0,0.0,1.1127790000000002,1.56869,CHN,ROU,551691
11902904,61,185,7499,2017,147197.0,0.0,2.1149459999999998,-2.525372,DEU,ROU,551691
11902905,77,185,7499,2017,7484.0,1486.0,1.398427,0.894732,FRA,ROU,551691
11902906,111,185,7499,2017,59902.0,40433.0,1.34395,0.577693,ITA,ROU,551691
11902907,177,185,7499,2017,0.0,1381.0,1.197417,1.092716,POL,ROU,551691
11902908,43,187,7499,2017,1175.0,0.0,1.1127790000000002,1.56869,CHN,RWA,551691
11902909,111,201,7499,2017,12103.0,9123.0,1.34395,0.577693,ITA,SRB,551691
11902910,208,201,7499,2017,1285.0,0.0,1.764732,0.732646,SWE,SRB,551691
11902911,15,206,7499,2017,0.0,45714.0,1.728623,-0.031045999999999997,AUT,SVK,551691
11902912,23,206,7499,2017,1922.0,0.0,0.557843,1.7221119999999999,BGR,SVK,551691
11902913,43,206,7499,2017,2791.0,0.0,1.1127790000000002,1.56869,CHN,SVK,551691
11902914,111,206,7499,2017,69208.0,0.0,1.34395,0.577693,ITA,SVK,551691
11902915,43,207,7499,2017,3022424.0,0.0,1.1127790000000002,1.56869,CHN,SVN,551691
11902916,59,207,7499,2017,0.0,7469.0,1.7715130000000001,0.359668,CZE,SVN,551691
11902917,18,223,7499,2017,55922.0,0.0,1.292657,1.19571,BEL,TUN,551691
11902918,43,223,7499,2017,38313.0,0.0,1.1127790000000002,1.56869,CHN,TUN,551691
11902919,61,223,7499,2017,19063.0,0.0,2.1149459999999998,-2.525372,DEU,TUN,551691
11902920,71,223,7499,2017,24664.0,0.0,0.734342,2.8180099999999997,ESP,TUN,551691
11902921,77,223,7499,2017,5408.0,0.0,1.398427,0.894732,FRA,TUN,551691
11902922,111,223,7499,2017,28022.0,0.0,1.34395,0.577693,ITA,TUN,551691
11902923,179,223,7499,2017,818.0,0.0,0.527046,2.264624,PRT,TUN,551691
11902924,224,223,7499,2017,326716.0,0.0,0.541611,2.405872,TUR,TUN,551691
11902925,43,22,7499,2017,582806.0,0.0,1.1127790000000002,1.56869,CHN,BGD,551691
11902926,246,37,7499,2017,3651.0,0.0,0.2066,1.378591,ZAF,BWA,551691
11902927,77,45,7499,2017,5255.0,0.0,1.398427,0.894732,FRA,CMR,551691
11902928,7,47,7499,2017,5455.0,0.0,0.210477,0.02557,ARE,COG,551691
11902929,43,66,7499,2017,2520.0,0.0,1.1127790000000002,1.56869,CHN,DZA,551691
11902930,43,83,7499,2017,10349.0,0.0,1.1127790000000002,1.56869,CHN,GHA,551691
11902931,215,83,7499,2017,5353.0,0.0,-0.8957450000000001,-0.891191,TGO,GHA,551691
11902932,43,148,7499,2017,835366.0,0.0,1.1127790000000002,1.56869,CHN,MRT,551691
11902933,43,151,7499,2017,30821.0,0.0,1.1127790000000002,1.56869,CHN,MUS,551691
11902934,104,151,7499,2017,103110.0,0.0,0.290576,2.726391,IND,MUS,551691
11902935,136,151,7499,2017,0.0,9789.0,-1.277182,-0.6503399999999999,MDG,MUS,551691
11902936,168,151,7499,2017,6504.0,0.0,-0.698561,0.43523500000000004,PAK,MUS,551691
11902937,246,155,7499,2017,5309.0,0.0,0.2066,1.378591,ZAF,NAM,551691
11902938,83,215,7499,2017,0.0,5353.0,-0.929143,-0.811439,GHA,TGO,551691
11902939,41,239,7499,2017,0.0,2137.0,2.2557810000000003,0.845459,CHE,VNM,551691
11902940,43,239,7499,2017,432194.0,0.0,1.1127790000000002,1.56869,CHN,VNM,551691
11902941,81,239,7499,2017,3785.0,0.0,1.6883119999999998,0.8347469999999999,GBR,VNM,551691
11902942,97,239,7499,2017,7233.0,0.0,0.824982,1.7162220000000001,HKG,VNM,551691
11902943,111,239,7499,2017,972.0,0.0,1.34395,0.577693,ITA,VNM,551691
11902944,114,239,7499,2017,13471.0,0.0,2.4510419999999997,-0.277357,JPN,VNM,551691
11902945,121,239,7499,2017,8021.0,0.0,2.011263,0.783215,KOR,VNM,551691
11902946,192,239,7499,2017,3686.0,0.0,1.884166,0.37903600000000004,SGP,VNM,551691
11902947,231,239,7499,2017,4650.0,0.0,1.601478,0.277271,USA,VNM,551691
11902948,249,239,7499,2017,72654.0,0.0,2.0548290000000002,1.2552969999999999,TWN,VNM,551691
11902949,43,247,7499,2017,1593.0,0.0,1.1127790000000002,1.56869,CHN,ZMB,551691
11902950,192,247,7499,2017,7611.0,0.0,1.884166,0.37903600000000004,SGP,ZMB,551691
11902951,41,140,7499,2017,993.0,0.0,2.2557810000000003,0.845459,CHE,MKD,551691
11902952,77,140,7499,2017,10854.0,0.0,1.398427,0.894732,FRA,MKD,551691
11902953,43,75,7499,2017,1006.0,0.0,1.1127790000000002,1.56869,CHN,FJI,551691
11902954,166,75,7499,2017,4020.0,0.0,0.25651199999999996,0.132996,NZL,FJI,551691
11902955,81,78,7499,2017,1135.0,0.0,1.6883119999999998,0.8347469999999999,GBR,FRO,551691
11902956,246,129,7499,2017,2171.0,0.0,0.2066,1.378591,ZAF,LSO,551691
11902957,111,133,7499,2017,1488130.0,0.0,1.34395,0.577693,ITA,MAC,551691
11902958,128,137,7499,2017,2344.0,0.0,-0.46442799999999995,0.472132,LKA,MDV,551691
11902959,216,137,7499,2017,11689.0,0.0,0.983977,1.3926020000000001,THA,MDV,551691
11902960,18,7,7502,2017,0.0,14770.0,1.292657,1.19571,BEL,ARE,551694
11902961,43,7,7502,2017,79262.0,0.0,1.1127790000000002,1.56869,CHN,ARE,551694
11902962,61,7,7502,2017,3631.0,0.0,2.1149459999999998,-2.525372,DEU,ARE,551694
11902963,71,7,7502,2017,26952.0,0.0,0.734342,2.8180099999999997,ESP,ARE,551694
11902964,77,7,7502,2017,42752.0,2261.0,1.398427,0.894732,FRA,ARE,551694
11902965,81,7,7502,2017,2363.0,7259.0,1.6883119999999998,0.8347469999999999,GBR,ARE,551694
11902966,104,7,7502,2017,40945.0,0.0,0.290576,2.726391,IND,ARE,551694
11902967,107,7,7502,2017,0.0,29553.0,-0.361292,-0.361813,IRN,ARE,551694
11902968,168,7,7502,2017,0.0,32157.0,-0.698561,0.43523500000000004,PAK,ARE,551694
11902969,211,7,7502,2017,0.0,1832.0,0.41946000000000006,-0.523274,SYC,ARE,551694
11902970,224,7,7502,2017,1964.0,0.0,0.541611,2.405872,TUR,ARE,551694
11902971,226,7,7502,2017,0.0,17698.0,-1.0691709999999999,0.11636800000000001,TZA,ARE,551694
11902972,227,7,7502,2017,0.0,7539.0,-0.6831020000000001,-0.046838,UGA,ARE,551694
11902973,32,8,7502,2017,3605.0,0.0,0.145224,0.483461,BRA,ARG,551694
11902974,43,8,7502,2017,251925.0,0.0,1.1127790000000002,1.56869,CHN,ARG,551694
11902975,71,8,7502,2017,36708.0,1433.0,0.734342,2.8180099999999997,ESP,ARG,551694
11902976,81,8,7502,2017,1397.0,0.0,1.6883119999999998,0.8347469999999999,GBR,ARG,551694
11902977,14,15,7502,2017,0.0,2153.0,-0.42427200000000004,-0.152921,AUS,AUT,551694
11902978,23,15,7502,2017,0.0,81219.0,0.557843,1.7221119999999999,BGR,AUT,551694
11902979,26,15,7502,2017,0.0,30583.0,0.43245,0.726721,BIH,AUT,551694
11902980,28,15,7502,2017,0.0,1409.0,0.8115829999999999,0.8323459999999999,BLR,AUT,551694
11902981,41,15,7502,2017,0.0,9315.0,2.2557810000000003,0.845459,CHE,AUT,551694
11902982,59,15,7502,2017,0.0,36988.0,1.7715130000000001,0.359668,CZE,AUT,551694
11902983,61,15,7502,2017,110702.0,623058.0,2.1149459999999998,-2.525372,DEU,AUT,551694
11902984,64,15,7502,2017,42228.0,1490.0,1.159753,1.233914,DNK,AUT,551694
11902985,68,15,7502,2017,0.0,22981.0,-0.073436,1.829121,EGY,AUT,551694
11902986,71,15,7502,2017,15378.0,22693.0,0.734342,2.8180099999999997,ESP,AUT,551694
11902987,77,15,7502,2017,0.0,119830.0,1.398427,0.894732,FRA,AUT,551694
11902988,81,15,7502,2017,21347.0,7972.0,1.6883119999999998,0.8347469999999999,GBR,AUT,551694
11902989,100,15,7502,2017,0.0,33602.0,0.860825,1.365445,HRV,AUT,551694
11902990,102,15,7502,2017,22521.0,91265.0,1.4886270000000001,0.845986,HUN,AUT,551694
11902991,110,15,7502,2017,0.0,2288.0,1.436156,0.776574,ISR,AUT,551694
11902992,111,15,7502,2017,3617.0,9330.0,1.34395,0.577693,ITA,AUT,551694
11902993,130,15,7502,2017,0.0,47384.0,0.855858,1.447717,LTU,AUT,551694
11902994,134,15,7502,2017,0.0,20036.0,-0.757236,-0.065347,MAR,AUT,551694
11902995,140,15,7502,2017,0.0,11402.0,-0.0292,-0.377156,MKD,AUT,551694
11902996,162,15,7502,2017,1692.0,17895.0,1.146959,1.470869,NLD,AUT,551694
11902997,163,15,7502,2017,0.0,1029.0,0.73658,0.11450199999999999,NOR,AUT,551694
11902998,166,15,7502,2017,0.0,1179.0,0.25651199999999996,0.132996,NZL,AUT,551694
11902999,177,15,7502,2017,0.0,143771.0,1.197417,1.092716,POL,AUT,551694
11903000,179,15,7502,2017,0.0,11717.0,0.527046,2.264624,PRT,AUT,551694
11903001,185,15,7502,2017,0.0,136608.0,1.05479,0.9842219999999999,ROU,AUT,551694
11903002,186,15,7502,2017,0.0,48818.0,0.32885,0.288392,RUS,AUT,551694
11903003,206,15,7502,2017,0.0,68787.0,1.279606,0.85503,SVK,AUT,551694
11903004,207,15,7502,2017,0.0,1072.0,1.600319,0.854305,SVN,AUT,551694
11903005,224,15,7502,2017,0.0,383748.0,0.541611,2.405872,TUR,AUT,551694
11903006,228,15,7502,2017,0.0,27600.0,0.461109,0.7826569999999999,UKR,AUT,551694
11903007,231,15,7502,2017,1109.0,14775.0,1.601478,0.277271,USA,AUT,551694
11903008,7,18,7502,2017,14770.0,0.0,0.210477,0.02557,ARE,BEL,551694
11903009,23,18,7502,2017,0.0,16768.0,0.557843,1.7221119999999999,BGR,BEL,551694
11903010,41,18,7502,2017,0.0,1798.0,2.2557810000000003,0.845459,CHE,BEL,551694
11903011,42,18,7502,2017,0.0,36252.0,-0.378693,-0.492983,CHL,BEL,551694
11903012,43,18,7502,2017,14464.0,0.0,1.1127790000000002,1.56869,CHN,BEL,551694
11903013,59,18,7502,2017,1901.0,0.0,1.7715130000000001,0.359668,CZE,BEL,551694
11903014,61,18,7502,2017,3043862.0,12809.0,2.1149459999999998,-2.525372,DEU,BEL,551694
11903015,71,18,7502,2017,36976.0,0.0,0.734342,2.8180099999999997,ESP,BEL,551694
11903016,77,18,7502,2017,16900.0,4404.0,1.398427,0.894732,FRA,BEL,551694
11903017,81,18,7502,2017,6918.0,9330.0,1.6883119999999998,0.8347469999999999,GBR,BEL,551694
11903018,104,18,7502,2017,7930.0,0.0,0.290576,2.726391,IND,BEL,551694
11903019,111,18,7502,2017,8449.0,3004.0,1.34395,0.577693,ITA,BEL,551694
11903020,114,18,7502,2017,8168.0,0.0,2.4510419999999997,-0.277357,JPN,BEL,551694
11903021,140,18,7502,2017,0.0,2286.0,-0.0292,-0.377156,MKD,BEL,551694
11903022,162,18,7502,2017,25155.0,0.0,1.146959,1.470869,NLD,BEL,551694
11903023,166,18,7502,2017,0.0,1503.0,0.25651199999999996,0.132996,NZL,BEL,551694
11903024,216,18,7502,2017,0.0,856.0,0.983977,1.3926020000000001,THA,BEL,551694
11903025,224,18,7502,2017,2134.0,0.0,0.541611,2.405872,TUR,BEL,551694
11903026,228,18,7502,2017,0.0,11543.0,0.461109,0.7826569999999999,UKR,BEL,551694
11903027,231,18,7502,2017,1797.0,0.0,1.601478,0.277271,USA,BEL,551694
11903028,249,18,7502,2017,0.0,7449.0,2.0548290000000002,1.2552969999999999,TWN,BEL,551694
11903029,15,23,7502,2017,81219.0,0.0,1.728623,-0.031045999999999997,AUT,BGR,551694
11903030,18,23,7502,2017,16768.0,0.0,1.292657,1.19571,BEL,BGR,551694
11903031,49,23,7502,2017,0.0,949.0,0.208096,-0.17644300000000002,COL,BGR,551694
11903032,59,23,7502,2017,6300.0,0.0,1.7715130000000001,0.359668,CZE,BGR,551694
11903033,61,23,7502,2017,201207.0,0.0,2.1149459999999998,-2.525372,DEU,BGR,551694
11903034,77,23,7502,2017,22634.0,0.0,1.398427,0.894732,FRA,BGR,551694
11903035,81,23,7502,2017,11799.0,0.0,1.6883119999999998,0.8347469999999999,GBR,BGR,551694
11903036,102,23,7502,2017,15482.0,0.0,1.4886270000000001,0.845986,HUN,BGR,551694
11903037,111,23,7502,2017,124580.0,1874.0,1.34395,0.577693,ITA,BGR,551694
11903038,140,23,7502,2017,0.0,11704.0,-0.0292,-0.377156,MKD,BGR,551694
11903039,185,23,7502,2017,79617.0,0.0,1.05479,0.9842219999999999,ROU,BGR,551694
11903040,224,23,7502,2017,540135.0,0.0,0.541611,2.405872,TUR,BGR,551694
11903041,8,32,7502,2017,0.0,3605.0,-0.120753,0.233375,ARG,BRA,551694
11903042,43,32,7502,2017,426108.0,0.0,1.1127790000000002,1.56869,CHN,BRA,551694
11903043,71,32,7502,2017,536968.0,0.0,0.734342,2.8180099999999997,ESP,BRA,551694
11903044,111,32,7502,2017,9721.0,0.0,1.34395,0.577693,ITA,BRA,551694
11903045,81,33,7502,2017,45293.0,0.0,1.6883119999999998,0.8347469999999999,GBR,BRB,551694
11903046,104,33,7502,2017,1266.0,0.0,0.290576,2.726391,IND,BRB,551694
11903047,231,33,7502,2017,4618.0,0.0,1.601478,0.277271,USA,BRB,551694
11903048,13,39,7502,2017,0.0,4484.0,0.42561099999999996,-0.42671099999999995,ATG,CAN,551694
11903049,43,39,7502,2017,119754.0,0.0,1.1127790000000002,1.56869,CHN,CAN,551694
11903050,49,39,7502,2017,0.0,2965.0,0.208096,-0.17644300000000002,COL,CAN,551694
11903051,59,39,7502,2017,0.0,3135.0,1.7715130000000001,0.359668,CZE,CAN,551694
11903052,61,39,7502,2017,5773.0,0.0,2.1149459999999998,-2.525372,DEU,CAN,551694
11903053,71,39,7502,2017,1151.0,0.0,0.734342,2.8180099999999997,ESP,CAN,551694
11903054,77,39,7502,2017,4161.0,0.0,1.398427,0.894732,FRA,CAN,551694
11903055,81,39,7502,2017,2877.0,0.0,1.6883119999999998,0.8347469999999999,GBR,CAN,551694
11903056,111,39,7502,2017,12002.0,0.0,1.34395,0.577693,ITA,CAN,551694
11903057,121,39,7502,2017,79518.0,0.0,2.011263,0.783215,KOR,CAN,551694
11903058,197,39,7502,2017,0.0,1763.0,0.113639,0.23175199999999999,SLV,CAN,551694
11903059,231,39,7502,2017,62782.0,3655.0,1.601478,0.277271,USA,CAN,551694
11903060,246,39,7502,2017,0.0,1075.0,0.2066,1.378591,ZAF,CAN,551694
11903061,15,41,7502,2017,9315.0,0.0,1.728623,-0.031045999999999997,AUT,CHE,551694
11903062,18,41,7502,2017,1798.0,0.0,1.292657,1.19571,BEL,CHE,551694
11903063,43,41,7502,2017,7949.0,0.0,1.1127790000000002,1.56869,CHN,CHE,551694
11903064,61,41,7502,2017,14687.0,142137.0,2.1149459999999998,-2.525372,DEU,CHE,551694
11903065,77,41,7502,2017,536749.0,5114.0,1.398427,0.894732,FRA,CHE,551694
11903066,81,41,7502,2017,3961.0,55892.0,1.6883119999999998,0.8347469999999999,GBR,CHE,551694
11903067,111,41,7502,2017,10445.0,0.0,1.34395,0.577693,ITA,CHE,551694
11903068,140,41,7502,2017,0.0,943.0,-0.0292,-0.377156,MKD,CHE,551694
11903069,162,41,7502,2017,3482.0,8544.0,1.146959,1.470869,NLD,CHE,551694
11903070,192,41,7502,2017,0.0,6226.0,1.884166,0.37903600000000004,SGP,CHE,551694
11903071,208,41,7502,2017,1083.0,0.0,1.764732,0.732646,SWE,CHE,551694
11903072,224,41,7502,2017,2734.0,0.0,0.541611,2.405872,TUR,CHE,551694
11903073,18,42,7502,2017,36252.0,0.0,1.292657,1.19571,BEL,CHL,551694
11903074,31,42,7502,2017,0.0,15141969.0,-1.158425,-1.076242,BOL,CHL,551694
11903075,43,42,7502,2017,103128.0,0.0,1.1127790000000002,1.56869,CHN,CHL,551694
11903076,49,42,7502,2017,0.0,39672.0,0.208096,-0.17644300000000002,COL,CHL,551694
11903077,67,42,7502,2017,0.0,19245.0,-0.9995850000000001,-1.086367,ECU,CHL,551694
11903078,81,42,7502,2017,0.0,41132.0,1.6883119999999998,0.8347469999999999,GBR,CHL,551694
11903079,104,42,7502,2017,265142.0,0.0,0.290576,2.726391,IND,CHL,551694
11903080,168,42,7502,2017,260941.0,1893.0,-0.698561,0.43523500000000004,PAK,CHL,551694
11903081,173,42,7502,2017,0.0,1541948.0,-0.667658,-0.318344,PER,CHL,551694
11903082,180,42,7502,2017,0.0,6514734.0,-0.437741,-0.9248879999999999,PRY,CHL,551694
11903083,192,42,7502,2017,8231.0,0.0,1.884166,0.37903600000000004,SGP,CHL,551694
11903084,216,42,7502,2017,4965.0,0.0,0.983977,1.3926020000000001,THA,CHL,551694
11903085,249,42,7502,2017,2036.0,0.0,2.0548290000000002,1.2552969999999999,TWN,CHL,551694
11903086,250,42,7502,2017,0.0,54136.0,0.72523,-0.205046,ANS,CHL,551694
11903087,7,43,7502,2017,0.0,79262.0,0.210477,0.02557,ARE,CHN,551694
11903088,8,43,7502,2017,0.0,251925.0,-0.120753,0.233375,ARG,CHN,551694
11903089,13,43,7502,2017,0.0,91966.0,0.42561099999999996,-0.42671099999999995,ATG,CHN,551694
11903090,14,43,7502,2017,20704.0,8925.0,-0.42427200000000004,-0.152921,AUS,CHN,551694
11903091,18,43,7502,2017,0.0,14464.0,1.292657,1.19571,BEL,CHN,551694
11903092,19,43,7502,2017,0.0,15252.0,-0.755027,-0.796864,BEN,CHN,551694
11903093,22,43,7502,2017,0.0,148414.0,-1.016251,-0.987654,BGD,CHN,551694
11903094,28,43,7502,2017,0.0,12654.0,0.8115829999999999,0.8323459999999999,BLR,CHN,551694
11903095,31,43,7502,2017,0.0,418480.0,-1.158425,-1.076242,BOL,CHN,551694
11903096,32,43,7502,2017,0.0,426108.0,0.145224,0.483461,BRA,CHN,551694
11903097,39,43,7502,2017,0.0,119754.0,0.73897,1.206402,CAN,CHN,551694
11903098,41,43,7502,2017,0.0,7949.0,2.2557810000000003,0.845459,CHE,CHN,551694
11903099,42,43,7502,2017,0.0,103128.0,-0.378693,-0.492983,CHL,CHN,551694
11903100,47,43,7502,2017,0.0,2937.0,-1.2289780000000001,-1.169368,COG,CHN,551694
11903101,49,43,7502,2017,0.0,181650.0,0.208096,-0.17644300000000002,COL,CHN,551694
11903102,51,43,7502,2017,0.0,7479.0,-0.11722300000000001,-0.677707,CPV,CHN,551694
11903103,52,43,7502,2017,0.0,18391.0,0.288642,-0.056219000000000005,CRI,CHN,551694
11903104,58,43,7502,2017,0.0,6892.0,0.576982,0.279989,CYP,CHN,551694
11903105,59,43,7502,2017,0.0,1853.0,1.7715130000000001,0.359668,CZE,CHN,551694
11903106,61,43,7502,2017,38383.0,42982.0,2.1149459999999998,-2.525372,DEU,CHN,551694
11903107,62,43,7502,2017,0.0,30711.0,-0.4897,-0.7249180000000001,DJI,CHN,551694
11903108,64,43,7502,2017,0.0,23360.0,1.159753,1.233914,DNK,CHN,551694
11903109,65,43,7502,2017,0.0,1253.0,-0.168016,0.30840100000000004,DOM,CHN,551694
11903110,67,43,7502,2017,0.0,1902.0,-0.9995850000000001,-1.086367,ECU,CHN,551694
11903111,68,43,7502,2017,0.0,54851.0,-0.073436,1.829121,EGY,CHN,551694
11903112,71,43,7502,2017,8895.0,77182.0,0.734342,2.8180099999999997,ESP,CHN,551694
11903113,73,43,7502,2017,0.0,3764.0,-1.007413,-0.638231,ETH,CHN,551694
11903114,74,43,7502,2017,0.0,7897.0,1.655957,0.962485,FIN,CHN,551694
11903115,77,43,7502,2017,12759.0,191579.0,1.398427,0.894732,FRA,CHN,551694
11903116,81,43,7502,2017,1094.0,112498.0,1.6883119999999998,0.8347469999999999,GBR,CHN,551694
11903117,82,43,7502,2017,0.0,129567.0,-0.241749,-0.374727,GEO,CHN,551694
11903118,83,43,7502,2017,0.0,3118.0,-0.929143,-0.811439,GHA,CHN,551694
11903119,93,43,7502,2017,0.0,235121.0,-0.418538,0.557454,GTM,CHN,551694
11903120,96,43,7502,2017,0.0,30838.0,-0.703271,-0.898648,GUY,CHN,551694
11903121,97,43,7502,2017,142360.0,823916.0,0.824982,1.7162220000000001,HKG,CHN,551694
11903122,100,43,7502,2017,0.0,2108.0,0.860825,1.365445,HRV,CHN,551694
11903123,102,43,7502,2017,0.0,9803.0,1.4886270000000001,0.845986,HUN,CHN,551694
11903124,103,43,7502,2017,0.0,311156.0,-0.23641700000000002,1.188173,IDN,CHN,551694
11903125,104,43,7502,2017,0.0,193430.0,0.290576,2.726391,IND,CHN,551694
11903126,106,43,7502,2017,0.0,2640.0,1.363544,0.169211,IRL,CHN,551694
11903127,107,43,7502,2017,0.0,1027.0,-0.361292,-0.361813,IRN,CHN,551694
11903128,110,43,7502,2017,0.0,27224.0,1.436156,0.776574,ISR,CHN,551694
11903129,111,43,7502,2017,36358.0,164259.0,1.34395,0.577693,ITA,CHN,551694
11903130,112,43,7502,2017,0.0,82685.0,-0.497654,-0.76481,JAM,CHN,551694
11903131,114,43,7502,2017,77133.0,29238.0,2.4510419999999997,-0.277357,JPN,CHN,551694
11903132,115,43,7502,2017,0.0,949072.0,-0.394316,-0.5485979999999999,KAZ,CHN,551694
11903133,117,43,7502,2017,0.0,3532465.0,-0.11530599999999999,0.264752,KGZ,CHN,551694
11903134,118,43,7502,2017,0.0,62302.0,-0.656325,-0.622167,KHM,CHN,551694
11903135,121,43,7502,2017,430541.0,10034.0,2.011263,0.783215,KOR,CHN,551694
11903136,122,43,7502,2017,0.0,386170.0,-0.229821,-1.128482,KWT,CHN,551694
11903137,124,43,7502,2017,0.0,151448.0,0.266847,1.117621,LBN,CHN,551694
11903138,128,43,7502,2017,0.0,19844.0,-0.46442799999999995,0.472132,LKA,CHN,551694
11903139,130,43,7502,2017,0.0,20707.0,0.855858,1.447717,LTU,CHN,551694
11903140,134,43,7502,2017,0.0,116020.0,-0.757236,-0.065347,MAR,CHN,551694
11903141,138,43,7502,2017,0.0,69702.0,1.08871,0.5745279999999999,MEX,CHN,551694
11903142,143,43,7502,2017,0.0,71957.0,-1.051544,-0.419183,MMR,CHN,551694
11903143,151,43,7502,2017,0.0,133514.0,-0.156616,0.073153,MUS,CHN,551694
11903144,152,43,7502,2017,0.0,69168.0,-0.761995,-0.8897729999999999,MWI,CHN,551694
11903145,153,43,7502,2017,0.0,194750.0,1.0110139999999999,0.6840729999999999,MYS,CHN,551694
11903146,162,43,7502,2017,0.0,91055.0,1.146959,1.470869,NLD,CHN,551694
11903147,164,43,7502,2017,0.0,2175241.0,-0.319681,0.5788220000000001,NPL,CHN,551694
11903148,166,43,7502,2017,0.0,2638.0,0.25651199999999996,0.132996,NZL,CHN,551694
11903149,168,43,7502,2017,0.0,2615159.0,-0.698561,0.43523500000000004,PAK,CHN,551694
11903150,174,43,7502,2017,0.0,25650.0,0.657759,0.170061,PHL,CHN,551694
11903151,177,43,7502,2017,0.0,45070.0,1.197417,1.092716,POL,CHN,551694
11903152,180,43,7502,2017,0.0,8251.0,-0.437741,-0.9248879999999999,PRY,CHN,551694
11903153,181,43,7502,2017,0.0,412009.0,0.11852,0.609241,PSE,CHN,551694
11903154,185,43,7502,2017,0.0,2757.0,1.05479,0.9842219999999999,ROU,CHN,551694
11903155,186,43,7502,2017,0.0,70504.0,0.32885,0.288392,RUS,CHN,551694
11903156,187,43,7502,2017,0.0,55265.0,-0.7610319999999999,-0.680251,RWA,CHN,551694
11903157,188,43,7502,2017,0.0,5906.0,0.597716,-0.345049,SAU,CHN,551694
11903158,191,43,7502,2017,0.0,4754.0,-0.6722899999999999,-0.26522199999999996,SEN,CHN,551694
11903159,192,43,7502,2017,2710.0,271268.0,1.884166,0.37903600000000004,SGP,CHN,551694
11903160,197,43,7502,2017,0.0,15869.0,0.113639,0.23175199999999999,SLV,CHN,551694
11903161,201,43,7502,2017,0.0,7223.0,0.541644,1.19872,SRB,CHN,551694
11903162,205,43,7502,2017,0.0,10229.0,-0.596432,-1.0249700000000002,SUR,CHN,551694
11903163,207,43,7502,2017,0.0,8525.0,1.600319,0.854305,SVN,CHN,551694
11903164,208,43,7502,2017,0.0,4889.0,1.764732,0.732646,SWE,CHN,551694
11903165,212,43,7502,2017,0.0,18687.0,-0.660905,0.345462,SYR,CHN,551694
11903166,216,43,7502,2017,0.0,15956.0,0.983977,1.3926020000000001,THA,CHN,551694
11903167,217,43,7502,2017,0.0,92305.0,-0.938366,-1.092714,TJK,CHN,551694
11903168,223,43,7502,2017,0.0,5937.0,0.224119,0.961772,TUN,CHN,551694
11903169,224,43,7502,2017,0.0,109980.0,0.541611,2.405872,TUR,CHN,551694
11903170,226,43,7502,2017,0.0,67068.0,-1.0691709999999999,0.11636800000000001,TZA,CHN,551694
11903171,227,43,7502,2017,0.0,57276.0,-0.6831020000000001,-0.046838,UGA,CHN,551694
11903172,228,43,7502,2017,0.0,126995.0,0.461109,0.7826569999999999,UKR,CHN,551694
11903173,230,43,7502,2017,0.0,10718.0,0.16963,-0.403006,URY,CHN,551694
11903174,231,43,7502,2017,1903.0,149381.0,1.601478,0.277271,USA,CHN,551694
11903175,232,43,7502,2017,0.0,3381730.0,-0.407169,-0.264942,UZB,CHN,551694
11903176,239,43,7502,2017,0.0,973305.0,-0.009819,0.686429,VNM,CHN,551694
11903177,242,43,7502,2017,0.0,2648.0,0.450726,0.050197000000000006,WSM,CHN,551694
11903178,246,43,7502,2017,0.0,126954.0,0.2066,1.378591,ZAF,CHN,551694
11903179,249,43,7502,2017,80464.0,1072786.0,2.0548290000000002,1.2552969999999999,TWN,CHN,551694
11903180,23,49,7502,2017,949.0,0.0,0.557843,1.7221119999999999,BGR,COL,551694
11903181,39,49,7502,2017,2965.0,0.0,0.73897,1.206402,CAN,COL,551694
11903182,42,49,7502,2017,39672.0,0.0,-0.378693,-0.492983,CHL,COL,551694
11903183,43,49,7502,2017,181650.0,0.0,1.1127790000000002,1.56869,CHN,COL,551694
11903184,67,49,7502,2017,0.0,3556.0,-0.9995850000000001,-1.086367,ECU,COL,551694
11903185,71,49,7502,2017,7885.0,0.0,0.734342,2.8180099999999997,ESP,COL,551694
11903186,162,49,7502,2017,12322.0,0.0,1.146959,1.470869,NLD,COL,551694
11903187,43,52,7502,2017,18391.0,0.0,1.1127790000000002,1.56869,CHN,CRI,551694
11903188,111,52,7502,2017,10153.0,0.0,1.34395,0.577693,ITA,CRI,551694
11903189,231,52,7502,2017,7460.0,0.0,1.601478,0.277271,USA,CRI,551694
11903190,236,52,7502,2017,1373.0,0.0,-0.8874559999999999,-1.178752,VEN,CRI,551694
11903191,43,58,7502,2017,6892.0,0.0,1.1127790000000002,1.56869,CHN,CYP,551694
11903192,61,58,7502,2017,1722.0,0.0,2.1149459999999998,-2.525372,DEU,CYP,551694
11903193,90,58,7502,2017,1575.0,0.0,0.154098,1.151038,GRC,CYP,551694
11903194,142,58,7502,2017,0.0,4630.0,0.999914,0.12683,MLT,CYP,551694
11903195,7,61,7502,2017,0.0,3631.0,0.210477,0.02557,ARE,DEU,551694
11903196,14,61,7502,2017,0.0,4338.0,-0.42427200000000004,-0.152921,AUS,DEU,551694
11903197,15,61,7502,2017,623058.0,110702.0,1.728623,-0.031045999999999997,AUT,DEU,551694
11903198,18,61,7502,2017,12809.0,3043862.0,1.292657,1.19571,BEL,DEU,551694
11903199,23,61,7502,2017,0.0,201207.0,0.557843,1.7221119999999999,BGR,DEU,551694
11903200,26,61,7502,2017,0.0,22522.0,0.43245,0.726721,BIH,DEU,551694
11903201,28,61,7502,2017,0.0,2274.0,0.8115829999999999,0.8323459999999999,BLR,DEU,551694
11903202,39,61,7502,2017,0.0,5773.0,0.73897,1.206402,CAN,DEU,551694
11903203,41,61,7502,2017,142137.0,14687.0,2.2557810000000003,0.845459,CHE,DEU,551694
11903204,43,61,7502,2017,42982.0,38383.0,1.1127790000000002,1.56869,CHN,DEU,551694
11903205,58,61,7502,2017,0.0,1722.0,0.576982,0.279989,CYP,DEU,551694
11903206,59,61,7502,2017,0.0,3313.0,1.7715130000000001,0.359668,CZE,DEU,551694
11903207,64,61,7502,2017,3792.0,47868.0,1.159753,1.233914,DNK,DEU,551694
11903208,71,61,7502,2017,465161.0,19382.0,0.734342,2.8180099999999997,ESP,DEU,551694
11903209,72,61,7502,2017,0.0,19272.0,1.010985,1.289633,EST,DEU,551694
11903210,74,61,7502,2017,0.0,1637.0,1.655957,0.962485,FIN,DEU,551694
11903211,77,61,7502,2017,134734.0,27023.0,1.398427,0.894732,FRA,DEU,551694
11903212,81,61,7502,2017,132223.0,21556.0,1.6883119999999998,0.8347469999999999,GBR,DEU,551694
11903213,82,61,7502,2017,0.0,1272.0,-0.241749,-0.374727,GEO,DEU,551694
11903214,90,61,7502,2017,0.0,3717.0,0.154098,1.151038,GRC,DEU,551694
11903215,97,61,7502,2017,0.0,2007.0,0.824982,1.7162220000000001,HKG,DEU,551694
11903216,100,61,7502,2017,0.0,3076.0,0.860825,1.365445,HRV,DEU,551694
11903217,102,61,7502,2017,2283.0,98322.0,1.4886270000000001,0.845986,HUN,DEU,551694
11903218,104,61,7502,2017,1689.0,8154.0,0.290576,2.726391,IND,DEU,551694
11903219,110,61,7502,2017,0.0,2797.0,1.436156,0.776574,ISR,DEU,551694
11903220,111,61,7502,2017,495030.0,32875.0,1.34395,0.577693,ITA,DEU,551694
11903221,114,61,7502,2017,12420.0,2268.0,2.4510419999999997,-0.277357,JPN,DEU,551694
11903222,121,61,7502,2017,3607.0,3415.0,2.011263,0.783215,KOR,DEU,551694
11903223,130,61,7502,2017,0.0,22695.0,0.855858,1.447717,LTU,DEU,551694
11903224,134,61,7502,2017,0.0,1330016.0,-0.757236,-0.065347,MAR,DEU,551694
11903225,140,61,7502,2017,0.0,141156.0,-0.0292,-0.377156,MKD,DEU,551694
11903226,162,61,7502,2017,22867.0,49648.0,1.146959,1.470869,NLD,DEU,551694
11903227,163,61,7502,2017,0.0,4964.0,0.73658,0.11450199999999999,NOR,DEU,551694
11903228,166,61,7502,2017,0.0,7010.0,0.25651199999999996,0.132996,NZL,DEU,551694
11903229,177,61,7502,2017,1039.0,227636.0,1.197417,1.092716,POL,DEU,551694
11903230,179,61,7502,2017,0.0,50868.0,0.527046,2.264624,PRT,DEU,551694
11903231,183,61,7502,2017,0.0,2506.0,-0.361327,-1.066869,QAT,DEU,551694
11903232,185,61,7502,2017,65546.0,185413.0,1.05479,0.9842219999999999,ROU,DEU,551694
11903233,186,61,7502,2017,0.0,87921.0,0.32885,0.288392,RUS,DEU,551694
11903234,192,61,7502,2017,0.0,1120.0,1.884166,0.37903600000000004,SGP,DEU,551694
11903235,206,61,7502,2017,0.0,2472.0,1.279606,0.85503,SVK,DEU,551694
11903236,207,61,7502,2017,0.0,10571.0,1.600319,0.854305,SVN,DEU,551694
11903237,208,61,7502,2017,0.0,9177.0,1.764732,0.732646,SWE,DEU,551694
11903238,216,61,7502,2017,0.0,1026.0,0.983977,1.3926020000000001,THA,DEU,551694
11903239,223,61,7502,2017,0.0,40312.0,0.224119,0.961772,TUN,DEU,551694
11903240,224,61,7502,2017,7773.0,17453.0,0.541611,2.405872,TUR,DEU,551694
11903241,228,61,7502,2017,0.0,17143.0,0.461109,0.7826569999999999,UKR,DEU,551694
11903242,231,61,7502,2017,0.0,14029.0,1.601478,0.277271,USA,DEU,551694
11903243,246,61,7502,2017,0.0,2038.0,0.2066,1.378591,ZAF,DEU,551694
11903244,249,61,7502,2017,0.0,1256.0,2.0548290000000002,1.2552969999999999,TWN,DEU,551694
11903245,15,64,7502,2017,1490.0,42228.0,1.728623,-0.031045999999999997,AUT,DNK,551694
11903246,43,64,7502,2017,23360.0,0.0,1.1127790000000002,1.56869,CHN,DNK,551694
11903247,61,64,7502,2017,47868.0,3792.0,2.1149459999999998,-2.525372,DEU,DNK,551694
11903248,81,64,7502,2017,8673.0,0.0,1.6883119999999998,0.8347469999999999,GBR,DNK,551694
11903249,111,64,7502,2017,49510.0,0.0,1.34395,0.577693,ITA,DNK,551694
11903250,132,64,7502,2017,0.0,23724.0,0.684555,1.3208030000000002,LVA,DNK,551694
11903251,162,64,7502,2017,1594.0,0.0,1.146959,1.470869,NLD,DNK,551694
11903252,179,64,7502,2017,0.0,19038.0,0.527046,2.264624,PRT,DNK,551694
11903253,216,64,7502,2017,2181.0,0.0,0.983977,1.3926020000000001,THA,DNK,551694
11903254,224,64,7502,2017,1200.0,0.0,0.541611,2.405872,TUR,DNK,551694
11903255,43,65,7502,2017,1253.0,0.0,1.1127790000000002,1.56869,CHN,DOM,551694
11903256,71,65,7502,2017,6192.0,0.0,0.734342,2.8180099999999997,ESP,DOM,551694
11903257,42,67,7502,2017,19245.0,0.0,-0.378693,-0.492983,CHL,ECU,551694
11903258,43,67,7502,2017,1902.0,0.0,1.1127790000000002,1.56869,CHN,ECU,551694
11903259,49,67,7502,2017,3556.0,0.0,0.208096,-0.17644300000000002,COL,ECU,551694
11903260,111,67,7502,2017,6165.0,0.0,1.34395,0.577693,ITA,ECU,551694
11903261,135,67,7502,2017,0.0,930.0,-0.24909,-0.181213,MDA,ECU,551694
11903262,231,67,7502,2017,1124.0,0.0,1.601478,0.277271,USA,ECU,551694
11903263,7,71,7502,2017,0.0,26952.0,0.210477,0.02557,ARE,ESP,551694
11903264,8,71,7502,2017,1433.0,36708.0,-0.120753,0.233375,ARG,ESP,551694
11903265,14,71,7502,2017,0.0,4059.0,-0.42427200000000004,-0.152921,AUS,ESP,551694
11903266,15,71,7502,2017,22693.0,15378.0,1.728623,-0.031045999999999997,AUT,ESP,551694
11903267,18,71,7502,2017,0.0,36976.0,1.292657,1.19571,BEL,ESP,551694
11903268,32,71,7502,2017,0.0,536968.0,0.145224,0.483461,BRA,ESP,551694
11903269,39,71,7502,2017,0.0,1151.0,0.73897,1.206402,CAN,ESP,551694
11903270,43,71,7502,2017,77182.0,8895.0,1.1127790000000002,1.56869,CHN,ESP,551694
11903271,49,71,7502,2017,0.0,7885.0,0.208096,-0.17644300000000002,COL,ESP,551694
11903272,59,71,7502,2017,0.0,8074.0,1.7715130000000001,0.359668,CZE,ESP,551694
11903273,61,71,7502,2017,19382.0,465161.0,2.1149459999999998,-2.525372,DEU,ESP,551694
11903274,65,71,7502,2017,0.0,6192.0,-0.168016,0.30840100000000004,DOM,ESP,551694
11903275,72,71,7502,2017,0.0,2522.0,1.010985,1.289633,EST,ESP,551694
11903276,74,71,7502,2017,0.0,10369.0,1.655957,0.962485,FIN,ESP,551694
11903277,77,71,7502,2017,1164.0,47885.0,1.398427,0.894732,FRA,ESP,551694
11903278,81,71,7502,2017,25097.0,136501.0,1.6883119999999998,0.8347469999999999,GBR,ESP,551694
11903279,82,71,7502,2017,0.0,15581.0,-0.241749,-0.374727,GEO,ESP,551694
11903280,90,71,7502,2017,8286.0,16247.0,0.154098,1.151038,GRC,ESP,551694
11903281,104,71,7502,2017,11821.0,0.0,0.290576,2.726391,IND,ESP,551694
11903282,110,71,7502,2017,0.0,1939.0,1.436156,0.776574,ISR,ESP,551694
11903283,111,71,7502,2017,812515.0,260571.0,1.34395,0.577693,ITA,ESP,551694
11903284,114,71,7502,2017,5401.0,0.0,2.4510419999999997,-0.277357,JPN,ESP,551694
11903285,121,71,7502,2017,11209.0,3608.0,2.011263,0.783215,KOR,ESP,551694
11903286,124,71,7502,2017,0.0,12674.0,0.266847,1.117621,LBN,ESP,551694
11903287,130,71,7502,2017,0.0,24561.0,0.855858,1.447717,LTU,ESP,551694
11903288,132,71,7502,2017,0.0,19037.0,0.684555,1.3208030000000002,LVA,ESP,551694
11903289,134,71,7502,2017,54089.0,507855.0,-0.757236,-0.065347,MAR,ESP,551694
11903290,138,71,7502,2017,0.0,37373.0,1.08871,0.5745279999999999,MEX,ESP,551694
11903291,140,71,7502,2017,0.0,3169.0,-0.0292,-0.377156,MKD,ESP,551694
11903292,151,71,7502,2017,0.0,8164.0,-0.156616,0.073153,MUS,ESP,551694
11903293,162,71,7502,2017,3985.0,103741.0,1.146959,1.470869,NLD,ESP,551694
11903294,163,71,7502,2017,0.0,1739.0,0.73658,0.11450199999999999,NOR,ESP,551694
11903295,166,71,7502,2017,0.0,4507.0,0.25651199999999996,0.132996,NZL,ESP,551694
11903296,177,71,7502,2017,3060.0,40057.0,1.197417,1.092716,POL,ESP,551694
11903297,179,71,7502,2017,11760.0,100446.0,0.527046,2.264624,PRT,ESP,551694
11903298,185,71,7502,2017,0.0,3127.0,1.05479,0.9842219999999999,ROU,ESP,551694
11903299,186,71,7502,2017,0.0,2554.0,0.32885,0.288392,RUS,ESP,551694
11903300,188,71,7502,2017,0.0,2110.0,0.597716,-0.345049,SAU,ESP,551694
11903301,208,71,7502,2017,0.0,27213.0,1.764732,0.732646,SWE,ESP,551694
11903302,224,71,7502,2017,28056.0,8411.0,0.541611,2.405872,TUR,ESP,551694
11903303,230,71,7502,2017,0.0,1723.0,0.16963,-0.403006,URY,ESP,551694
11903304,231,71,7502,2017,1039.0,276390.0,1.601478,0.277271,USA,ESP,551694
11903305,239,71,7502,2017,12887.0,0.0,-0.009819,0.686429,VNM,ESP,551694
11903306,246,71,7502,2017,0.0,34838.0,0.2066,1.378591,ZAF,ESP,551694
11903307,249,71,7502,2017,8495.0,69292.0,2.0548290000000002,1.2552969999999999,TWN,ESP,551694
11903308,43,74,7502,2017,7897.0,0.0,1.1127790000000002,1.56869,CHN,FIN,551694
11903309,61,74,7502,2017,1637.0,0.0,2.1149459999999998,-2.525372,DEU,FIN,551694
11903310,71,74,7502,2017,10369.0,0.0,0.734342,2.8180099999999997,ESP,FIN,551694
11903311,81,74,7502,2017,14195.0,0.0,1.6883119999999998,0.8347469999999999,GBR,FIN,551694
11903312,162,74,7502,2017,4445.0,0.0,1.146959,1.470869,NLD,FIN,551694
11903313,7,77,7502,2017,2261.0,42752.0,0.210477,0.02557,ARE,FRA,551694
11903314,14,77,7502,2017,2115.0,17872.0,-0.42427200000000004,-0.152921,AUS,FRA,551694
11903315,15,77,7502,2017,119830.0,0.0,1.728623,-0.031045999999999997,AUT,FRA,551694
11903316,18,77,7502,2017,4404.0,16900.0,1.292657,1.19571,BEL,FRA,551694
11903317,23,77,7502,2017,0.0,22634.0,0.557843,1.7221119999999999,BGR,FRA,551694
11903318,39,77,7502,2017,0.0,4161.0,0.73897,1.206402,CAN,FRA,551694
11903319,41,77,7502,2017,5114.0,536749.0,2.2557810000000003,0.845459,CHE,FRA,551694
11903320,43,77,7502,2017,191579.0,12759.0,1.1127790000000002,1.56869,CHN,FRA,551694
11903321,45,77,7502,2017,0.0,1263.0,-1.048569,-1.030799,CMR,FRA,551694
11903322,59,77,7502,2017,58173.0,0.0,1.7715130000000001,0.359668,CZE,FRA,551694
11903323,61,77,7502,2017,27023.0,134734.0,2.1149459999999998,-2.525372,DEU,FRA,551694
11903324,71,77,7502,2017,47885.0,1164.0,0.734342,2.8180099999999997,ESP,FRA,551694
11903325,81,77,7502,2017,87860.0,2708.0,1.6883119999999998,0.8347469999999999,GBR,FRA,551694
11903326,90,77,7502,2017,1963.0,0.0,0.154098,1.151038,GRC,FRA,551694
11903327,97,77,7502,2017,2118.0,32436.0,0.824982,1.7162220000000001,HKG,FRA,551694
11903328,102,77,7502,2017,0.0,16807.0,1.4886270000000001,0.845986,HUN,FRA,551694
11903329,104,77,7502,2017,2465.0,14418.0,0.290576,2.726391,IND,FRA,551694
11903330,109,77,7502,2017,0.0,9042.0,0.386094,-0.277269,ISL,FRA,551694
11903331,110,77,7502,2017,0.0,1144.0,1.436156,0.776574,ISR,FRA,551694
11903332,111,77,7502,2017,2250376.0,5347.0,1.34395,0.577693,ITA,FRA,551694
11903333,114,77,7502,2017,228623.0,49547.0,2.4510419999999997,-0.277357,JPN,FRA,551694
11903334,121,77,7502,2017,106760.0,2004.0,2.011263,0.783215,KOR,FRA,551694
11903335,122,77,7502,2017,0.0,14453.0,-0.229821,-1.128482,KWT,FRA,551694
11903336,130,77,7502,2017,6590.0,15667.0,0.855858,1.447717,LTU,FRA,551694
11903337,134,77,7502,2017,0.0,79474.0,-0.757236,-0.065347,MAR,FRA,551694
11903338,136,77,7502,2017,0.0,13903.0,-1.277182,-0.6503399999999999,MDG,FRA,551694
11903339,138,77,7502,2017,2478.0,1477.0,1.08871,0.5745279999999999,MEX,FRA,551694
11903340,151,77,7502,2017,7539.0,11453.0,-0.156616,0.073153,MUS,FRA,551694
11903341,153,77,7502,2017,0.0,1604.0,1.0110139999999999,0.6840729999999999,MYS,FRA,551694
11903342,156,77,7502,2017,0.0,3458.0,-0.38216100000000003,-0.8662549999999999,NCL,FRA,551694
11903343,162,77,7502,2017,10966.0,0.0,1.146959,1.470869,NLD,FRA,551694
11903344,174,77,7502,2017,9122.0,0.0,0.657759,0.170061,PHL,FRA,551694
11903345,177,77,7502,2017,0.0,91345.0,1.197417,1.092716,POL,FRA,551694
11903346,179,77,7502,2017,0.0,11730.0,0.527046,2.264624,PRT,FRA,551694
11903347,182,77,7502,2017,0.0,5375.0,-0.1278,-0.748387,PYF,FRA,551694
11903348,183,77,7502,2017,0.0,48619.0,-0.361327,-1.066869,QAT,FRA,551694
11903349,185,77,7502,2017,3117.0,11151.0,1.05479,0.9842219999999999,ROU,FRA,551694
11903350,186,77,7502,2017,0.0,1339.0,0.32885,0.288392,RUS,FRA,551694
11903351,188,77,7502,2017,0.0,3051.0,0.597716,-0.345049,SAU,FRA,551694
11903352,191,77,7502,2017,4512.0,6632.0,-0.6722899999999999,-0.26522199999999996,SEN,FRA,551694
11903353,201,77,7502,2017,0.0,4636.0,0.541644,1.19872,SRB,FRA,551694
11903354,215,77,7502,2017,386.0,0.0,-0.8957450000000001,-0.891191,TGO,FRA,551694
11903355,216,77,7502,2017,6906.0,0.0,0.983977,1.3926020000000001,THA,FRA,551694
11903356,223,77,7502,2017,0.0,114056.0,0.224119,0.961772,TUN,FRA,551694
11903357,224,77,7502,2017,97762.0,0.0,0.541611,2.405872,TUR,FRA,551694
11903358,230,77,7502,2017,8522.0,0.0,0.16963,-0.403006,URY,FRA,551694
11903359,231,77,7502,2017,59688.0,178115.0,1.601478,0.277271,USA,FRA,551694
11903360,249,77,7502,2017,9331.0,2901.0,2.0548290000000002,1.2552969999999999,TWN,FRA,551694
11903361,250,77,7502,2017,22039.0,0.0,0.72523,-0.205046,ANS,FRA,551694
11903362,7,81,7502,2017,7259.0,2363.0,0.210477,0.02557,ARE,GBR,551694
11903363,8,81,7502,2017,0.0,1397.0,-0.120753,0.233375,ARG,GBR,551694
11903364,13,81,7502,2017,0.0,15288.0,0.42561099999999996,-0.42671099999999995,ATG,GBR,551694
11903365,14,81,7502,2017,10576.0,12737.0,-0.42427200000000004,-0.152921,AUS,GBR,551694
11903366,15,81,7502,2017,7972.0,21347.0,1.728623,-0.031045999999999997,AUT,GBR,551694
11903367,18,81,7502,2017,9330.0,6918.0,1.292657,1.19571,BEL,GBR,551694
11903368,23,81,7502,2017,0.0,11799.0,0.557843,1.7221119999999999,BGR,GBR,551694
11903369,24,81,7502,2017,0.0,1687.0,0.485479,-0.5348890000000001,BHR,GBR,551694
11903370,33,81,7502,2017,0.0,45293.0,0.589793,-0.004488000000000001,BRB,GBR,551694
11903371,39,81,7502,2017,0.0,2877.0,0.73897,1.206402,CAN,GBR,551694
11903372,41,81,7502,2017,55892.0,3961.0,2.2557810000000003,0.845459,CHE,GBR,551694
11903373,42,81,7502,2017,41132.0,0.0,-0.378693,-0.492983,CHL,GBR,551694
11903374,43,81,7502,2017,112498.0,1094.0,1.1127790000000002,1.56869,CHN,GBR,551694
11903375,59,81,7502,2017,0.0,32422.0,1.7715130000000001,0.359668,CZE,GBR,551694
11903376,61,81,7502,2017,21556.0,132223.0,2.1149459999999998,-2.525372,DEU,GBR,551694
11903377,64,81,7502,2017,0.0,8673.0,1.159753,1.233914,DNK,GBR,551694
11903378,71,81,7502,2017,136501.0,25097.0,0.734342,2.8180099999999997,ESP,GBR,551694
11903379,74,81,7502,2017,0.0,14195.0,1.655957,0.962485,FIN,GBR,551694
11903380,77,81,7502,2017,2708.0,87860.0,1.398427,0.894732,FRA,GBR,551694
11903381,90,81,7502,2017,0.0,4473.0,0.154098,1.151038,GRC,GBR,551694
11903382,97,81,7502,2017,11398.0,2529.0,0.824982,1.7162220000000001,HKG,GBR,551694
11903383,102,81,7502,2017,0.0,1837.0,1.4886270000000001,0.845986,HUN,GBR,551694
11903384,103,81,7502,2017,3041.0,0.0,-0.23641700000000002,1.188173,IDN,GBR,551694
11903385,104,81,7502,2017,11484.0,0.0,0.290576,2.726391,IND,GBR,551694
11903386,106,81,7502,2017,0.0,16225.0,1.363544,0.169211,IRL,GBR,551694
11903387,109,81,7502,2017,0.0,2836.0,0.386094,-0.277269,ISL,GBR,551694
11903388,110,81,7502,2017,4048.0,2085.0,1.436156,0.776574,ISR,GBR,551694
11903389,111,81,7502,2017,60824.0,46588.0,1.34395,0.577693,ITA,GBR,551694
11903390,114,81,7502,2017,126384.0,19075.0,2.4510419999999997,-0.277357,JPN,GBR,551694
11903391,115,81,7502,2017,0.0,4192.0,-0.394316,-0.5485979999999999,KAZ,GBR,551694
11903392,121,81,7502,2017,28503.0,1922.0,2.011263,0.783215,KOR,GBR,551694
11903393,122,81,7502,2017,1575.0,0.0,-0.229821,-1.128482,KWT,GBR,551694
11903394,132,81,7502,2017,0.0,3348.0,0.684555,1.3208030000000002,LVA,GBR,551694
11903395,134,81,7502,2017,0.0,5155.0,-0.757236,-0.065347,MAR,GBR,551694
11903396,145,81,7502,2017,61.0,0.0,-0.933737,-1.1195620000000002,MNG,GBR,551694
11903397,159,81,7502,2017,1392.0,0.0,-1.8260919999999998,-1.276591,NGA,GBR,551694
11903398,162,81,7502,2017,10914.0,161359.0,1.146959,1.470869,NLD,GBR,551694
11903399,163,81,7502,2017,0.0,39992.0,0.73658,0.11450199999999999,NOR,GBR,551694
11903400,166,81,7502,2017,0.0,54856.0,0.25651199999999996,0.132996,NZL,GBR,551694
11903401,173,81,7502,2017,4252.0,0.0,-0.667658,-0.318344,PER,GBR,551694
11903402,177,81,7502,2017,0.0,74815.0,1.197417,1.092716,POL,GBR,551694
11903403,179,81,7502,2017,0.0,13043.0,0.527046,2.264624,PRT,GBR,551694
11903404,185,81,7502,2017,61982.0,273242.0,1.05479,0.9842219999999999,ROU,GBR,551694
11903405,188,81,7502,2017,0.0,1466.0,0.597716,-0.345049,SAU,GBR,551694
11903406,192,81,7502,2017,0.0,1110.0,1.884166,0.37903600000000004,SGP,GBR,551694
11903407,206,81,7502,2017,0.0,1856.0,1.279606,0.85503,SVK,GBR,551694
11903408,208,81,7502,2017,0.0,42481.0,1.764732,0.732646,SWE,GBR,551694
11903409,216,81,7502,2017,6598.0,0.0,0.983977,1.3926020000000001,THA,GBR,551694
11903410,223,81,7502,2017,0.0,2217.0,0.224119,0.961772,TUN,GBR,551694
11903411,224,81,7502,2017,8555.0,0.0,0.541611,2.405872,TUR,GBR,551694
11903412,231,81,7502,2017,70530.0,76806.0,1.601478,0.277271,USA,GBR,551694
11903413,246,81,7502,2017,0.0,997.0,0.2066,1.378591,ZAF,GBR,551694
11903414,249,81,7502,2017,2313.0,0.0,2.0548290000000002,1.2552969999999999,TWN,GBR,551694
11903415,43,93,7502,2017,235121.0,0.0,1.1127790000000002,1.56869,CHN,GTM,551694
11903416,231,93,7502,2017,1234.0,0.0,1.601478,0.277271,USA,GTM,551694
11903417,43,96,7502,2017,30838.0,0.0,1.1127790000000002,1.56869,CHN,GUY,551694
11903418,97,96,7502,2017,36703.0,0.0,0.824982,1.7162220000000001,HKG,GUY,551694
11903419,104,96,7502,2017,3731.0,0.0,0.290576,2.726391,IND,GUY,551694
11903420,169,96,7502,2017,75487.0,0.0,0.5520109999999999,0.788181,PAN,GUY,551694
11903421,231,96,7502,2017,2551.0,0.0,1.601478,0.277271,USA,GUY,551694
11903422,249,96,7502,2017,46321.0,0.0,2.0548290000000002,1.2552969999999999,TWN,GUY,551694
11903423,14,97,7502,2017,0.0,3885.0,-0.42427200000000004,-0.152921,AUS,HKG,551694
11903424,43,97,7502,2017,823916.0,142360.0,1.1127790000000002,1.56869,CHN,HKG,551694
11903425,61,97,7502,2017,2007.0,0.0,2.1149459999999998,-2.525372,DEU,HKG,551694
11903426,77,97,7502,2017,32436.0,2118.0,1.398427,0.894732,FRA,HKG,551694
11903427,81,97,7502,2017,2529.0,11398.0,1.6883119999999998,0.8347469999999999,GBR,HKG,551694
11903428,96,97,7502,2017,0.0,36703.0,-0.703271,-0.898648,GUY,HKG,551694
11903429,103,97,7502,2017,0.0,1176394.0,-0.23641700000000002,1.188173,IDN,HKG,551694
11903430,106,97,7502,2017,0.0,1064.0,1.363544,0.169211,IRL,HKG,551694
11903431,111,97,7502,2017,58566.0,1733.0,1.34395,0.577693,ITA,HKG,551694
11903432,112,97,7502,2017,0.0,7779.0,-0.497654,-0.76481,JAM,HKG,551694
11903433,114,97,7502,2017,1748196.0,0.0,2.4510419999999997,-0.277357,JPN,HKG,551694
11903434,121,97,7502,2017,424248.0,0.0,2.011263,0.783215,KOR,HKG,551694
11903435,153,97,7502,2017,0.0,2186.0,1.0110139999999999,0.6840729999999999,MYS,HKG,551694
11903436,162,97,7502,2017,0.0,1338.0,1.146959,1.470869,NLD,HKG,551694
11903437,174,97,7502,2017,0.0,3109.0,0.657759,0.170061,PHL,HKG,551694
11903438,181,97,7502,2017,0.0,1103.0,0.11852,0.609241,PSE,HKG,551694
11903439,205,97,7502,2017,0.0,6533.0,-0.596432,-1.0249700000000002,SUR,HKG,551694
11903440,224,97,7502,2017,9788.0,0.0,0.541611,2.405872,TUR,HKG,551694
11903441,231,97,7502,2017,0.0,1653.0,1.601478,0.277271,USA,HKG,551694
11903442,239,97,7502,2017,0.0,31629.0,-0.009819,0.686429,VNM,HKG,551694
11903443,249,97,7502,2017,37478.0,39120.0,2.0548290000000002,1.2552969999999999,TWN,HKG,551694
11903444,15,102,7502,2017,91265.0,22521.0,1.728623,-0.031045999999999997,AUT,HUN,551694
11903445,23,102,7502,2017,0.0,15482.0,0.557843,1.7221119999999999,BGR,HUN,551694
11903446,28,102,7502,2017,0.0,1641.0,0.8115829999999999,0.8323459999999999,BLR,HUN,551694
11903447,43,102,7502,2017,9803.0,0.0,1.1127790000000002,1.56869,CHN,HUN,551694
11903448,61,102,7502,2017,98322.0,2283.0,2.1149459999999998,-2.525372,DEU,HUN,551694
11903449,77,102,7502,2017,16807.0,0.0,1.398427,0.894732,FRA,HUN,551694
11903450,81,102,7502,2017,1837.0,0.0,1.6883119999999998,0.8347469999999999,GBR,HUN,551694
11903451,100,102,7502,2017,0.0,21583.0,0.860825,1.365445,HRV,HUN,551694
11903452,104,102,7502,2017,1065.0,0.0,0.290576,2.726391,IND,HUN,551694
11903453,111,102,7502,2017,6056.0,44871.0,1.34395,0.577693,ITA,HUN,551694
11903454,162,102,7502,2017,1322.0,0.0,1.146959,1.470869,NLD,HUN,551694
11903455,185,102,7502,2017,0.0,38443.0,1.05479,0.9842219999999999,ROU,HUN,551694
11903456,224,102,7502,2017,8939.0,0.0,0.541611,2.405872,TUR,HUN,551694
11903457,228,102,7502,2017,0.0,36060.0,0.461109,0.7826569999999999,UKR,HUN,551694
11903458,43,103,7502,2017,311156.0,0.0,1.1127790000000002,1.56869,CHN,IDN,551694
11903459,81,103,7502,2017,0.0,3041.0,1.6883119999999998,0.8347469999999999,GBR,IDN,551694
11903460,97,103,7502,2017,1176394.0,0.0,0.824982,1.7162220000000001,HKG,IDN,551694
11903461,121,103,7502,2017,10410.0,26967.0,2.011263,0.783215,KOR,IDN,551694
11903462,136,103,7502,2017,0.0,6222.0,-1.277182,-0.6503399999999999,MDG,IDN,551694
11903463,153,103,7502,2017,0.0,77212.0,1.0110139999999999,0.6840729999999999,MYS,IDN,551694
11903464,168,103,7502,2017,0.0,18546.0,-0.698561,0.43523500000000004,PAK,IDN,551694
11903465,192,103,7502,2017,281725.0,0.0,1.884166,0.37903600000000004,SGP,IDN,551694
11903466,249,103,7502,2017,458821.0,0.0,2.0548290000000002,1.2552969999999999,TWN,IDN,551694
11903467,7,104,7502,2017,0.0,40945.0,0.210477,0.02557,ARE,IND,551694
11903468,18,104,7502,2017,0.0,7930.0,1.292657,1.19571,BEL,IND,551694
11903469,22,104,7502,2017,0.0,33630052.0,-1.016251,-0.987654,BGD,IND,551694
11903470,33,104,7502,2017,0.0,1266.0,0.589793,-0.004488000000000001,BRB,IND,551694
11903471,42,104,7502,2017,0.0,265142.0,-0.378693,-0.492983,CHL,IND,551694
11903472,43,104,7502,2017,193430.0,0.0,1.1127790000000002,1.56869,CHN,IND,551694
11903473,59,104,7502,2017,0.0,906.0,1.7715130000000001,0.359668,CZE,IND,551694
11903474,61,104,7502,2017,8154.0,1689.0,2.1149459999999998,-2.525372,DEU,IND,551694
11903475,71,104,7502,2017,0.0,11821.0,0.734342,2.8180099999999997,ESP,IND,551694
11903476,77,104,7502,2017,14418.0,2465.0,1.398427,0.894732,FRA,IND,551694
11903477,81,104,7502,2017,0.0,11484.0,1.6883119999999998,0.8347469999999999,GBR,IND,551694
11903478,96,104,7502,2017,0.0,3731.0,-0.703271,-0.898648,GUY,IND,551694
11903479,102,104,7502,2017,0.0,1065.0,1.4886270000000001,0.845986,HUN,IND,551694
11903480,111,104,7502,2017,20869.0,21167.0,1.34395,0.577693,ITA,IND,551694
11903481,128,104,7502,2017,0.0,6115.0,-0.46442799999999995,0.472132,LKA,IND,551694
11903482,136,104,7502,2017,0.0,20302.0,-1.277182,-0.6503399999999999,MDG,IND,551694
11903483,151,104,7502,2017,0.0,116932.0,-0.156616,0.073153,MUS,IND,551694
11903484,152,104,7502,2017,0.0,6433.0,-0.761995,-0.8897729999999999,MWI,IND,551694
11903485,153,104,7502,2017,0.0,4581.0,1.0110139999999999,0.6840729999999999,MYS,IND,551694
11903486,164,104,7502,2017,0.0,11300.0,-0.319681,0.5788220000000001,NPL,IND,551694
11903487,166,104,7502,2017,0.0,1468.0,0.25651199999999996,0.132996,NZL,IND,551694
11903488,177,104,7502,2017,0.0,1341.0,1.197417,1.092716,POL,IND,551694
11903489,186,104,7502,2017,0.0,1626.0,0.32885,0.288392,RUS,IND,551694
11903490,188,104,7502,2017,0.0,7649.0,0.597716,-0.345049,SAU,IND,551694
11903491,190,104,7502,2017,0.0,1282.0,-1.567691,-1.257164,SDN,IND,551694
11903492,192,104,7502,2017,0.0,1744.0,1.884166,0.37903600000000004,SGP,IND,551694
11903493,205,104,7502,2017,0.0,63159.0,-0.596432,-1.0249700000000002,SUR,IND,551694
11903494,211,104,7502,2017,0.0,1171.0,0.41946000000000006,-0.523274,SYC,IND,551694
11903495,216,104,7502,2017,0.0,1747.0,0.983977,1.3926020000000001,THA,IND,551694
11903496,230,104,7502,2017,0.0,2991.0,0.16963,-0.403006,URY,IND,551694
11903497,231,104,7502,2017,0.0,15721.0,1.601478,0.277271,USA,IND,551694
11903498,249,104,7502,2017,0.0,17438.0,2.0548290000000002,1.2552969999999999,TWN,IND,551694
11903499,43,106,7502,2017,2640.0,0.0,1.1127790000000002,1.56869,CHN,IRL,551694
11903500,81,106,7502,2017,16225.0,0.0,1.6883119999999998,0.8347469999999999,GBR,IRL,551694
11903501,97,106,7502,2017,1064.0,0.0,0.824982,1.7162220000000001,HKG,IRL,551694
11903502,134,106,7502,2017,1486.0,0.0,-0.757236,-0.065347,MAR,IRL,551694
11903503,138,106,7502,2017,997.0,0.0,1.08871,0.5745279999999999,MEX,IRL,551694
11903504,224,106,7502,2017,1041.0,0.0,0.541611,2.405872,TUR,IRL,551694
11903505,231,106,7502,2017,1167.0,0.0,1.601478,0.277271,USA,IRL,551694
11903506,15,110,7502,2017,2288.0,0.0,1.728623,-0.031045999999999997,AUT,ISR,551694
11903507,43,110,7502,2017,27224.0,0.0,1.1127790000000002,1.56869,CHN,ISR,551694
11903508,61,110,7502,2017,2797.0,0.0,2.1149459999999998,-2.525372,DEU,ISR,551694
11903509,71,110,7502,2017,1939.0,0.0,0.734342,2.8180099999999997,ESP,ISR,551694
11903510,77,110,7502,2017,1144.0,0.0,1.398427,0.894732,FRA,ISR,551694
11903511,81,110,7502,2017,2085.0,4048.0,1.6883119999999998,0.8347469999999999,GBR,ISR,551694
11903512,111,110,7502,2017,6898.0,0.0,1.34395,0.577693,ITA,ISR,551694
11903513,224,110,7502,2017,46428.0,0.0,0.541611,2.405872,TUR,ISR,551694
11903514,231,110,7502,2017,152580.0,0.0,1.601478,0.277271,USA,ISR,551694
11903515,4,111,7502,2017,0.0,61668.0,-0.44769899999999996,-0.17193,ALB,ITA,551694
11903516,13,111,7502,2017,0.0,2796.0,0.42561099999999996,-0.42671099999999995,ATG,ITA,551694
11903517,14,111,7502,2017,0.0,26003.0,-0.42427200000000004,-0.152921,AUS,ITA,551694
11903518,15,111,7502,2017,9330.0,3617.0,1.728623,-0.031045999999999997,AUT,ITA,551694
11903519,18,111,7502,2017,3004.0,8449.0,1.292657,1.19571,BEL,ITA,551694
11903520,23,111,7502,2017,1874.0,124580.0,0.557843,1.7221119999999999,BGR,ITA,551694
11903521,28,111,7502,2017,0.0,57669.0,0.8115829999999999,0.8323459999999999,BLR,ITA,551694
11903522,32,111,7502,2017,0.0,9721.0,0.145224,0.483461,BRA,ITA,551694
11903523,39,111,7502,2017,0.0,12002.0,0.73897,1.206402,CAN,ITA,551694
11903524,41,111,7502,2017,0.0,10445.0,2.2557810000000003,0.845459,CHE,ITA,551694
11903525,43,111,7502,2017,164259.0,36358.0,1.1127790000000002,1.56869,CHN,ITA,551694
11903526,52,111,7502,2017,0.0,10153.0,0.288642,-0.056219000000000005,CRI,ITA,551694
11903527,59,111,7502,2017,0.0,31925.0,1.7715130000000001,0.359668,CZE,ITA,551694
11903528,61,111,7502,2017,32875.0,495030.0,2.1149459999999998,-2.525372,DEU,ITA,551694
11903529,64,111,7502,2017,0.0,49510.0,1.159753,1.233914,DNK,ITA,551694
11903530,67,111,7502,2017,0.0,6165.0,-0.9995850000000001,-1.086367,ECU,ITA,551694
11903531,71,111,7502,2017,260571.0,812515.0,0.734342,2.8180099999999997,ESP,ITA,551694
11903532,72,111,7502,2017,0.0,19192.0,1.010985,1.289633,EST,ITA,551694
11903533,77,111,7502,2017,5347.0,2250376.0,1.398427,0.894732,FRA,ITA,551694
11903534,81,111,7502,2017,46588.0,60824.0,1.6883119999999998,0.8347469999999999,GBR,ITA,551694
11903535,90,111,7502,2017,0.0,1969.0,0.154098,1.151038,GRC,ITA,551694
11903536,97,111,7502,2017,1733.0,58566.0,0.824982,1.7162220000000001,HKG,ITA,551694
11903537,100,111,7502,2017,0.0,15755.0,0.860825,1.365445,HRV,ITA,551694
11903538,102,111,7502,2017,44871.0,6056.0,1.4886270000000001,0.845986,HUN,ITA,551694
11903539,104,111,7502,2017,21167.0,20869.0,0.290576,2.726391,IND,ITA,551694
11903540,110,111,7502,2017,0.0,6898.0,1.436156,0.776574,ISR,ITA,551694
11903541,113,111,7502,2017,0.0,9256.0,0.020035,0.295415,JOR,ITA,551694
11903542,114,111,7502,2017,4018.0,19436.0,2.4510419999999997,-0.277357,JPN,ITA,551694
11903543,115,111,7502,2017,0.0,3046.0,-0.394316,-0.5485979999999999,KAZ,ITA,551694
11903544,116,111,7502,2017,3739.0,0.0,-0.579541,0.511926,KEN,ITA,551694
11903545,121,111,7502,2017,1232.0,15950.0,2.011263,0.783215,KOR,ITA,551694
11903546,124,111,7502,2017,0.0,5590.0,0.266847,1.117621,LBN,ITA,551694
11903547,126,111,7502,2017,0.0,20190.0,-1.156635,-1.212561,LBY,ITA,551694
11903548,128,111,7502,2017,0.0,1898.0,-0.46442799999999995,0.472132,LKA,ITA,551694
11903549,130,111,7502,2017,0.0,5527.0,0.855858,1.447717,LTU,ITA,551694
11903550,134,111,7502,2017,2182.0,7050.0,-0.757236,-0.065347,MAR,ITA,551694
11903551,140,111,7502,2017,0.0,47635.0,-0.0292,-0.377156,MKD,ITA,551694
11903552,144,111,7502,2017,0.0,3690.0,0.201739,-0.23111399999999999,MNE,ITA,551694
11903553,151,111,7502,2017,0.0,2010.0,-0.156616,0.073153,MUS,ITA,551694
11903554,153,111,7502,2017,0.0,60124.0,1.0110139999999999,0.6840729999999999,MYS,ITA,551694
11903555,162,111,7502,2017,2093.0,2346.0,1.146959,1.470869,NLD,ITA,551694
11903556,163,111,7502,2017,0.0,1979.0,0.73658,0.11450199999999999,NOR,ITA,551694
11903557,166,111,7502,2017,0.0,3511.0,0.25651199999999996,0.132996,NZL,ITA,551694
11903558,168,111,7502,2017,0.0,43990.0,-0.698561,0.43523500000000004,PAK,ITA,551694
11903559,177,111,7502,2017,0.0,114815.0,1.197417,1.092716,POL,ITA,551694
11903560,179,111,7502,2017,0.0,103348.0,0.527046,2.264624,PRT,ITA,551694
11903561,185,111,7502,2017,0.0,238386.0,1.05479,0.9842219999999999,ROU,ITA,551694
11903562,186,111,7502,2017,0.0,101530.0,0.32885,0.288392,RUS,ITA,551694
11903563,192,111,7502,2017,0.0,1293.0,1.884166,0.37903600000000004,SGP,ITA,551694
11903564,201,111,7502,2017,0.0,2639.0,0.541644,1.19872,SRB,ITA,551694
11903565,206,111,7502,2017,0.0,42797.0,1.279606,0.85503,SVK,ITA,551694
11903566,216,111,7502,2017,0.0,1308.0,0.983977,1.3926020000000001,THA,ITA,551694
11903567,223,111,7502,2017,0.0,520817.0,0.224119,0.961772,TUN,ITA,551694
11903568,224,111,7502,2017,20475.0,711260.0,0.541611,2.405872,TUR,ITA,551694
11903569,228,111,7502,2017,0.0,1791.0,0.461109,0.7826569999999999,UKR,ITA,551694
11903570,231,111,7502,2017,2523.0,36403.0,1.601478,0.277271,USA,ITA,551694
11903571,249,111,7502,2017,0.0,3816.0,2.0548290000000002,1.2552969999999999,TWN,ITA,551694
11903572,43,112,7502,2017,82685.0,0.0,1.1127790000000002,1.56869,CHN,JAM,551694
11903573,97,112,7502,2017,7779.0,0.0,0.824982,1.7162220000000001,HKG,JAM,551694
11903574,231,112,7502,2017,1194.0,0.0,1.601478,0.277271,USA,JAM,551694
11903575,111,113,7502,2017,9256.0,0.0,1.34395,0.577693,ITA,JOR,551694
11903576,14,114,7502,2017,0.0,4263.0,-0.42427200000000004,-0.152921,AUS,JPN,551694
11903577,18,114,7502,2017,0.0,8168.0,1.292657,1.19571,BEL,JPN,551694
11903578,43,114,7502,2017,29238.0,77133.0,1.1127790000000002,1.56869,CHN,JPN,551694
11903579,61,114,7502,2017,2268.0,12420.0,2.1149459999999998,-2.525372,DEU,JPN,551694
11903580,71,114,7502,2017,0.0,5401.0,0.734342,2.8180099999999997,ESP,JPN,551694
11903581,77,114,7502,2017,49547.0,228623.0,1.398427,0.894732,FRA,JPN,551694
11903582,81,114,7502,2017,19075.0,126384.0,1.6883119999999998,0.8347469999999999,GBR,JPN,551694
11903583,97,114,7502,2017,0.0,1748196.0,0.824982,1.7162220000000001,HKG,JPN,551694
11903584,111,114,7502,2017,19436.0,4018.0,1.34395,0.577693,ITA,JPN,551694
11903585,121,114,7502,2017,27313.0,18992.0,2.011263,0.783215,KOR,JPN,551694
11903586,162,114,7502,2017,4536.0,9263.0,1.146959,1.470869,NLD,JPN,551694
11903587,163,114,7502,2017,0.0,5795.0,0.73658,0.11450199999999999,NOR,JPN,551694
11903588,168,114,7502,2017,0.0,25887.0,-0.698561,0.43523500000000004,PAK,JPN,551694
11903589,174,114,7502,2017,0.0,3540.0,0.657759,0.170061,PHL,JPN,551694
11903590,216,114,7502,2017,1894.0,15259.0,0.983977,1.3926020000000001,THA,JPN,551694
11903591,224,114,7502,2017,6176.0,0.0,0.541611,2.405872,TUR,JPN,551694
11903592,231,114,7502,2017,0.0,6101.0,1.601478,0.277271,USA,JPN,551694
11903593,239,114,7502,2017,0.0,10368.0,-0.009819,0.686429,VNM,JPN,551694
11903594,249,114,7502,2017,0.0,54916.0,2.0548290000000002,1.2552969999999999,TWN,JPN,551694
11903595,39,121,7502,2017,0.0,79518.0,0.73897,1.206402,CAN,KOR,551694
11903596,43,121,7502,2017,10034.0,430541.0,1.1127790000000002,1.56869,CHN,KOR,551694
11903597,61,121,7502,2017,3415.0,3607.0,2.1149459999999998,-2.525372,DEU,KOR,551694
11903598,71,121,7502,2017,3608.0,11209.0,0.734342,2.8180099999999997,ESP,KOR,551694
11903599,77,121,7502,2017,2004.0,106760.0,1.398427,0.894732,FRA,KOR,551694
11903600,81,121,7502,2017,1922.0,28503.0,1.6883119999999998,0.8347469999999999,GBR,KOR,551694
11903601,97,121,7502,2017,0.0,424248.0,0.824982,1.7162220000000001,HKG,KOR,551694
11903602,103,121,7502,2017,26967.0,10410.0,-0.23641700000000002,1.188173,IDN,KOR,551694
11903603,111,121,7502,2017,15950.0,1232.0,1.34395,0.577693,ITA,KOR,551694
11903604,114,121,7502,2017,18992.0,27313.0,2.4510419999999997,-0.277357,JPN,KOR,551694
11903605,128,121,7502,2017,0.0,14117.0,-0.46442799999999995,0.472132,LKA,KOR,551694
11903606,138,121,7502,2017,0.0,29057.0,1.08871,0.5745279999999999,MEX,KOR,551694
11903607,168,121,7502,2017,0.0,36311.0,-0.698561,0.43523500000000004,PAK,KOR,551694
11903608,174,121,7502,2017,0.0,18963.0,0.657759,0.170061,PHL,KOR,551694
11903609,185,121,7502,2017,0.0,1534.0,1.05479,0.9842219999999999,ROU,KOR,551694
11903610,224,121,7502,2017,2110.0,0.0,0.541611,2.405872,TUR,KOR,551694
11903611,231,121,7502,2017,10696.0,5066.0,1.601478,0.277271,USA,KOR,551694
11903612,239,121,7502,2017,0.0,222113.0,-0.009819,0.686429,VNM,KOR,551694
11903613,43,122,7502,2017,386170.0,0.0,1.1127790000000002,1.56869,CHN,KWT,551694
11903614,77,122,7502,2017,14453.0,0.0,1.398427,0.894732,FRA,KWT,551694
11903615,81,122,7502,2017,0.0,1575.0,1.6883119999999998,0.8347469999999999,GBR,KWT,551694
11903616,124,122,7502,2017,1251.0,0.0,0.266847,1.117621,LBN,KWT,551694
11903617,134,122,7502,2017,1496.0,0.0,-0.757236,-0.065347,MAR,KWT,551694
11903618,224,122,7502,2017,37070.0,0.0,0.541611,2.405872,TUR,KWT,551694
11903619,43,138,7502,2017,69702.0,0.0,1.1127790000000002,1.56869,CHN,MEX,551694
11903620,71,138,7502,2017,37373.0,0.0,0.734342,2.8180099999999997,ESP,MEX,551694
11903621,77,138,7502,2017,1477.0,2478.0,1.398427,0.894732,FRA,MEX,551694
11903622,106,138,7502,2017,0.0,997.0,1.363544,0.169211,IRL,MEX,551694
11903623,121,138,7502,2017,29057.0,0.0,2.011263,0.783215,KOR,MEX,551694
11903624,231,138,7502,2017,1723784.0,0.0,1.601478,0.277271,USA,MEX,551694
11903625,43,143,7502,2017,71957.0,0.0,1.1127790000000002,1.56869,CHN,MMR,551694
11903626,216,143,7502,2017,10685.0,0.0,0.983977,1.3926020000000001,THA,MMR,551694
11903627,14,153,7502,2017,18036.0,2599.0,-0.42427200000000004,-0.152921,AUS,MYS,551694
11903628,22,153,7502,2017,3894.0,0.0,-1.016251,-0.987654,BGD,MYS,551694
11903629,34,153,7502,2017,0.0,8328.0,0.270525,-0.747949,BRN,MYS,551694
11903630,43,153,7502,2017,194750.0,0.0,1.1127790000000002,1.56869,CHN,MYS,551694
11903631,77,153,7502,2017,1604.0,0.0,1.398427,0.894732,FRA,MYS,551694
11903632,97,153,7502,2017,2186.0,0.0,0.824982,1.7162220000000001,HKG,MYS,551694
11903633,103,153,7502,2017,77212.0,0.0,-0.23641700000000002,1.188173,IDN,MYS,551694
11903634,104,153,7502,2017,4581.0,0.0,0.290576,2.726391,IND,MYS,551694
11903635,111,153,7502,2017,60124.0,0.0,1.34395,0.577693,ITA,MYS,551694
11903636,185,153,7502,2017,2950.0,0.0,1.05479,0.9842219999999999,ROU,MYS,551694
11903637,192,153,7502,2017,6733.0,0.0,1.884166,0.37903600000000004,SGP,MYS,551694
11903638,216,153,7502,2017,11219.0,0.0,0.983977,1.3926020000000001,THA,MYS,551694
11903639,224,153,7502,2017,5233.0,0.0,0.541611,2.405872,TUR,MYS,551694
11903640,0,162,7502,2017,0.0,9401.0,0.845843,0.165178,ABW,NLD,551694
11903641,14,162,7502,2017,0.0,2067.0,-0.42427200000000004,-0.152921,AUS,NLD,551694
11903642,15,162,7502,2017,17895.0,1692.0,1.728623,-0.031045999999999997,AUT,NLD,551694
11903643,18,162,7502,2017,0.0,25155.0,1.292657,1.19571,BEL,NLD,551694
11903644,41,162,7502,2017,8544.0,3482.0,2.2557810000000003,0.845459,CHE,NLD,551694
11903645,43,162,7502,2017,91055.0,0.0,1.1127790000000002,1.56869,CHN,NLD,551694
11903646,49,162,7502,2017,0.0,12322.0,0.208096,-0.17644300000000002,COL,NLD,551694
11903647,59,162,7502,2017,0.0,3315.0,1.7715130000000001,0.359668,CZE,NLD,551694
11903648,61,162,7502,2017,49648.0,22867.0,2.1149459999999998,-2.525372,DEU,NLD,551694
11903649,64,162,7502,2017,0.0,1594.0,1.159753,1.233914,DNK,NLD,551694
11903650,71,162,7502,2017,103741.0,3985.0,0.734342,2.8180099999999997,ESP,NLD,551694
11903651,74,162,7502,2017,0.0,4445.0,1.655957,0.962485,FIN,NLD,551694
11903652,77,162,7502,2017,0.0,10966.0,1.398427,0.894732,FRA,NLD,551694
11903653,81,162,7502,2017,161359.0,10914.0,1.6883119999999998,0.8347469999999999,GBR,NLD,551694
11903654,85,162,7502,2017,0.0,3425.0,-1.7560669999999998,-1.2747680000000001,GIN,NLD,551694
11903655,90,162,7502,2017,0.0,4440.0,0.154098,1.151038,GRC,NLD,551694
11903656,97,162,7502,2017,1338.0,0.0,0.824982,1.7162220000000001,HKG,NLD,551694
11903657,102,162,7502,2017,0.0,1322.0,1.4886270000000001,0.845986,HUN,NLD,551694
11903658,109,162,7502,2017,0.0,3747.0,0.386094,-0.277269,ISL,NLD,551694
11903659,111,162,7502,2017,2346.0,2093.0,1.34395,0.577693,ITA,NLD,551694
11903660,114,162,7502,2017,9263.0,4536.0,2.4510419999999997,-0.277357,JPN,NLD,551694
11903661,130,162,7502,2017,0.0,2051.0,0.855858,1.447717,LTU,NLD,551694
11903662,132,162,7502,2017,0.0,7123.0,0.684555,1.3208030000000002,LVA,NLD,551694
11903663,134,162,7502,2017,0.0,6844.0,-0.757236,-0.065347,MAR,NLD,551694
11903664,140,162,7502,2017,0.0,6813.0,-0.0292,-0.377156,MKD,NLD,551694
11903665,177,162,7502,2017,0.0,22174.0,1.197417,1.092716,POL,NLD,551694
11903666,179,162,7502,2017,0.0,3065.0,0.527046,2.264624,PRT,NLD,551694
11903667,185,162,7502,2017,0.0,7907.0,1.05479,0.9842219999999999,ROU,NLD,551694
11903668,205,162,7502,2017,0.0,21551.0,-0.596432,-1.0249700000000002,SUR,NLD,551694
11903669,208,162,7502,2017,0.0,2438.0,1.764732,0.732646,SWE,NLD,551694
11903670,224,162,7502,2017,32649.0,0.0,0.541611,2.405872,TUR,NLD,551694
11903671,231,162,7502,2017,4827.0,0.0,1.601478,0.277271,USA,NLD,551694
11903672,246,162,7502,2017,0.0,27370.0,0.2066,1.378591,ZAF,NLD,551694
11903673,249,162,7502,2017,0.0,4391.0,2.0548290000000002,1.2552969999999999,TWN,NLD,551694
11903674,15,163,7502,2017,1029.0,0.0,1.728623,-0.031045999999999997,AUT,NOR,551694
11903675,61,163,7502,2017,4964.0,0.0,2.1149459999999998,-2.525372,DEU,NOR,551694
11903676,71,163,7502,2017,1739.0,0.0,0.734342,2.8180099999999997,ESP,NOR,551694
11903677,72,163,7502,2017,49667.0,0.0,1.010985,1.289633,EST,NOR,551694
11903678,81,163,7502,2017,39992.0,0.0,1.6883119999999998,0.8347469999999999,GBR,NOR,551694
11903679,111,163,7502,2017,1979.0,0.0,1.34395,0.577693,ITA,NOR,551694
11903680,114,163,7502,2017,5795.0,0.0,2.4510419999999997,-0.277357,JPN,NOR,551694
11903681,208,163,7502,2017,1166.0,0.0,1.764732,0.732646,SWE,NOR,551694
11903682,231,163,7502,2017,3374.0,0.0,1.601478,0.277271,USA,NOR,551694
11903683,14,166,7502,2017,0.0,26371.0,-0.42427200000000004,-0.152921,AUS,NZL,551694
11903684,15,166,7502,2017,1179.0,0.0,1.728623,-0.031045999999999997,AUT,NZL,551694
11903685,18,166,7502,2017,1503.0,0.0,1.292657,1.19571,BEL,NZL,551694
11903686,43,166,7502,2017,2638.0,0.0,1.1127790000000002,1.56869,CHN,NZL,551694
11903687,61,166,7502,2017,7010.0,0.0,2.1149459999999998,-2.525372,DEU,NZL,551694
11903688,71,166,7502,2017,4507.0,0.0,0.734342,2.8180099999999997,ESP,NZL,551694
11903689,75,166,7502,2017,0.0,7083.0,-0.278276,-0.033997,FJI,NZL,551694
11903690,81,166,7502,2017,54856.0,0.0,1.6883119999999998,0.8347469999999999,GBR,NZL,551694
11903691,104,166,7502,2017,1468.0,0.0,0.290576,2.726391,IND,NZL,551694
11903692,111,166,7502,2017,3511.0,0.0,1.34395,0.577693,ITA,NZL,551694
11903693,156,166,7502,2017,0.0,15536.0,-0.38216100000000003,-0.8662549999999999,NCL,NZL,551694
11903694,231,166,7502,2017,4798.0,1210.0,1.601478,0.277271,USA,NZL,551694
11903695,249,166,7502,2017,2206.0,0.0,2.0548290000000002,1.2552969999999999,TWN,NZL,551694
11903696,7,168,7502,2017,32157.0,0.0,0.210477,0.02557,ARE,PAK,551694
11903697,14,168,7502,2017,5299.0,0.0,-0.42427200000000004,-0.152921,AUS,PAK,551694
11903698,42,168,7502,2017,1893.0,260941.0,-0.378693,-0.492983,CHL,PAK,551694
11903699,43,168,7502,2017,2615159.0,0.0,1.1127790000000002,1.56869,CHN,PAK,551694
11903700,103,168,7502,2017,18546.0,0.0,-0.23641700000000002,1.188173,IDN,PAK,551694
11903701,111,168,7502,2017,43990.0,0.0,1.34395,0.577693,ITA,PAK,551694
11903702,114,168,7502,2017,25887.0,0.0,2.4510419999999997,-0.277357,JPN,PAK,551694
11903703,121,168,7502,2017,36311.0,0.0,2.011263,0.783215,KOR,PAK,551694
11903704,216,168,7502,2017,8782.0,0.0,0.983977,1.3926020000000001,THA,PAK,551694
11903705,224,168,7502,2017,271105.0,0.0,0.541611,2.405872,TUR,PAK,551694
11903706,231,168,7502,2017,5229.0,0.0,1.601478,0.277271,USA,PAK,551694
11903707,250,168,7502,2017,1188.0,0.0,0.72523,-0.205046,ANS,PAK,551694
11903708,96,169,7502,2017,0.0,75487.0,-0.703271,-0.898648,GUY,PAN,551694
11903709,173,169,7502,2017,1995.0,0.0,-0.667658,-0.318344,PER,PAN,551694
11903710,231,169,7502,2017,29679.0,0.0,1.601478,0.277271,USA,PAN,551694
11903711,42,173,7502,2017,1541948.0,0.0,-0.378693,-0.492983,CHL,PER,551694
11903712,81,173,7502,2017,0.0,4252.0,1.6883119999999998,0.8347469999999999,GBR,PER,551694
11903713,169,173,7502,2017,0.0,1995.0,0.5520109999999999,0.788181,PAN,PER,551694
11903714,43,174,7502,2017,25650.0,0.0,1.1127790000000002,1.56869,CHN,PHL,551694
11903715,77,174,7502,2017,0.0,9122.0,1.398427,0.894732,FRA,PHL,551694
11903716,97,174,7502,2017,3109.0,0.0,0.824982,1.7162220000000001,HKG,PHL,551694
11903717,114,174,7502,2017,3540.0,0.0,2.4510419999999997,-0.277357,JPN,PHL,551694
11903718,121,174,7502,2017,18963.0,0.0,2.011263,0.783215,KOR,PHL,551694
11903719,15,177,7502,2017,143771.0,0.0,1.728623,-0.031045999999999997,AUT,POL,551694
11903720,43,177,7502,2017,45070.0,0.0,1.1127790000000002,1.56869,CHN,POL,551694
11903721,59,177,7502,2017,0.0,3778.0,1.7715130000000001,0.359668,CZE,POL,551694
11903722,61,177,7502,2017,227636.0,1039.0,2.1149459999999998,-2.525372,DEU,POL,551694
11903723,71,177,7502,2017,40057.0,3060.0,0.734342,2.8180099999999997,ESP,POL,551694
11903724,77,177,7502,2017,91345.0,0.0,1.398427,0.894732,FRA,POL,551694
11903725,81,177,7502,2017,74815.0,0.0,1.6883119999999998,0.8347469999999999,GBR,POL,551694
11903726,104,177,7502,2017,1341.0,0.0,0.290576,2.726391,IND,POL,551694
11903727,111,177,7502,2017,114815.0,0.0,1.34395,0.577693,ITA,POL,551694
11903728,132,177,7502,2017,0.0,1475.0,0.684555,1.3208030000000002,LVA,POL,551694
11903729,162,177,7502,2017,22174.0,0.0,1.146959,1.470869,NLD,POL,551694
11903730,179,177,7502,2017,3960.0,0.0,0.527046,2.264624,PRT,POL,551694
11903731,192,177,7502,2017,0.0,1149.0,1.884166,0.37903600000000004,SGP,POL,551694
11903732,206,177,7502,2017,0.0,1568.0,1.279606,0.85503,SVK,POL,551694
11903733,224,177,7502,2017,0.0,1101.0,0.541611,2.405872,TUR,POL,551694
11903734,228,177,7502,2017,0.0,50475.0,0.461109,0.7826569999999999,UKR,POL,551694
11903735,2,179,7502,2017,0.0,19580.0,-1.408777,-1.215475,AGO,PRT,551694
11903736,15,179,7502,2017,11717.0,0.0,1.728623,-0.031045999999999997,AUT,PRT,551694
11903737,47,179,7502,2017,0.0,4953.0,-1.2289780000000001,-1.169368,COG,PRT,551694
11903738,61,179,7502,2017,50868.0,0.0,2.1149459999999998,-2.525372,DEU,PRT,551694
11903739,64,179,7502,2017,19038.0,0.0,1.159753,1.233914,DNK,PRT,551694
11903740,71,179,7502,2017,100446.0,11760.0,0.734342,2.8180099999999997,ESP,PRT,551694
11903741,77,179,7502,2017,11730.0,0.0,1.398427,0.894732,FRA,PRT,551694
11903742,81,179,7502,2017,13043.0,0.0,1.6883119999999998,0.8347469999999999,GBR,PRT,551694
11903743,111,179,7502,2017,103348.0,0.0,1.34395,0.577693,ITA,PRT,551694
11903744,134,179,7502,2017,0.0,90317.0,-0.757236,-0.065347,MAR,PRT,551694
11903745,162,179,7502,2017,3065.0,0.0,1.146959,1.470869,NLD,PRT,551694
11903746,177,179,7502,2017,0.0,3960.0,1.197417,1.092716,POL,PRT,551694
11903747,188,179,7502,2017,0.0,1365.0,0.597716,-0.345049,SAU,PRT,551694
11903748,42,180,7502,2017,6514734.0,0.0,-0.378693,-0.492983,CHL,PRY,551694
11903749,43,180,7502,2017,8251.0,0.0,1.1127790000000002,1.56869,CHN,PRY,551694
11903750,43,181,7502,2017,412009.0,0.0,1.1127790000000002,1.56869,CHN,PSE,551694
11903751,97,181,7502,2017,1103.0,0.0,0.824982,1.7162220000000001,HKG,PSE,551694
11903752,224,181,7502,2017,9386.0,0.0,0.541611,2.405872,TUR,PSE,551694
11903753,249,181,7502,2017,409.0,0.0,2.0548290000000002,1.2552969999999999,TWN,PSE,551694
11903754,9,186,7502,2017,0.0,4471.0,-0.23846799999999999,-0.658774,ARM,RUS,551694
11903755,15,186,7502,2017,48818.0,0.0,1.728623,-0.031045999999999997,AUT,RUS,551694
11903756,28,186,7502,2017,0.0,1094.0,0.8115829999999999,0.8323459999999999,BLR,RUS,551694
11903757,43,186,7502,2017,70504.0,0.0,1.1127790000000002,1.56869,CHN,RUS,551694
11903758,61,186,7502,2017,87921.0,0.0,2.1149459999999998,-2.525372,DEU,RUS,551694
11903759,71,186,7502,2017,2554.0,0.0,0.734342,2.8180099999999997,ESP,RUS,551694
11903760,77,186,7502,2017,1339.0,0.0,1.398427,0.894732,FRA,RUS,551694
11903761,104,186,7502,2017,1626.0,0.0,0.290576,2.726391,IND,RUS,551694
11903762,111,186,7502,2017,101530.0,0.0,1.34395,0.577693,ITA,RUS,551694
11903763,43,188,7502,2017,5906.0,0.0,1.1127790000000002,1.56869,CHN,SAU,551694
11903764,71,188,7502,2017,2110.0,0.0,0.734342,2.8180099999999997,ESP,SAU,551694
11903765,77,188,7502,2017,3051.0,0.0,1.398427,0.894732,FRA,SAU,551694
11903766,81,188,7502,2017,1466.0,0.0,1.6883119999999998,0.8347469999999999,GBR,SAU,551694
11903767,104,188,7502,2017,7649.0,0.0,0.290576,2.726391,IND,SAU,551694
11903768,179,188,7502,2017,1365.0,0.0,0.527046,2.264624,PRT,SAU,551694
11903769,224,188,7502,2017,3942.0,0.0,0.541611,2.405872,TUR,SAU,551694
11903770,104,190,7502,2017,1282.0,0.0,0.290576,2.726391,IND,SDN,551694
11903771,14,192,7502,2017,0.0,7338.0,-0.42427200000000004,-0.152921,AUS,SGP,551694
11903772,41,192,7502,2017,6226.0,0.0,2.2557810000000003,0.845459,CHE,SGP,551694
11903773,42,192,7502,2017,0.0,8231.0,-0.378693,-0.492983,CHL,SGP,551694
11903774,43,192,7502,2017,271268.0,2710.0,1.1127790000000002,1.56869,CHN,SGP,551694
11903775,61,192,7502,2017,1120.0,0.0,2.1149459999999998,-2.525372,DEU,SGP,551694
11903776,81,192,7502,2017,1110.0,0.0,1.6883119999999998,0.8347469999999999,GBR,SGP,551694
11903777,103,192,7502,2017,0.0,281725.0,-0.23641700000000002,1.188173,IDN,SGP,551694
11903778,104,192,7502,2017,1744.0,0.0,0.290576,2.726391,IND,SGP,551694
11903779,111,192,7502,2017,1293.0,0.0,1.34395,0.577693,ITA,SGP,551694
11903780,153,192,7502,2017,0.0,6733.0,1.0110139999999999,0.6840729999999999,MYS,SGP,551694
11903781,177,192,7502,2017,1149.0,0.0,1.197417,1.092716,POL,SGP,551694
11903782,216,192,7502,2017,10218.0,0.0,0.983977,1.3926020000000001,THA,SGP,551694
11903783,224,192,7502,2017,5299.0,0.0,0.541611,2.405872,TUR,SGP,551694
11903784,231,192,7502,2017,2604.0,0.0,1.601478,0.277271,USA,SGP,551694
11903785,249,192,7502,2017,109632.0,0.0,2.0548290000000002,1.2552969999999999,TWN,SGP,551694
11903786,39,197,7502,2017,1763.0,0.0,0.73897,1.206402,CAN,SLV,551694
11903787,43,197,7502,2017,15869.0,0.0,1.1127790000000002,1.56869,CHN,SLV,551694
11903788,231,197,7502,2017,4342.0,0.0,1.601478,0.277271,USA,SLV,551694
11903789,43,205,7502,2017,10229.0,0.0,1.1127790000000002,1.56869,CHN,SUR,551694
11903790,97,205,7502,2017,6533.0,0.0,0.824982,1.7162220000000001,HKG,SUR,551694
11903791,104,205,7502,2017,63159.0,0.0,0.290576,2.726391,IND,SUR,551694
11903792,162,205,7502,2017,21551.0,0.0,1.146959,1.470869,NLD,SUR,551694
11903793,222,205,7502,2017,12576.0,0.0,-0.183935,-1.012153,TTO,SUR,551694
11903794,14,208,7502,2017,0.0,1366.0,-0.42427200000000004,-0.152921,AUS,SWE,551694
11903795,41,208,7502,2017,0.0,1083.0,2.2557810000000003,0.845459,CHE,SWE,551694
11903796,43,208,7502,2017,4889.0,0.0,1.1127790000000002,1.56869,CHN,SWE,551694
11903797,61,208,7502,2017,9177.0,0.0,2.1149459999999998,-2.525372,DEU,SWE,551694
11903798,71,208,7502,2017,27213.0,0.0,0.734342,2.8180099999999997,ESP,SWE,551694
11903799,81,208,7502,2017,42481.0,0.0,1.6883119999999998,0.8347469999999999,GBR,SWE,551694
11903800,130,208,7502,2017,0.0,3505.0,0.855858,1.447717,LTU,SWE,551694
11903801,162,208,7502,2017,2438.0,0.0,1.146959,1.470869,NLD,SWE,551694
11903802,163,208,7502,2017,0.0,1166.0,0.73658,0.11450199999999999,NOR,SWE,551694
11903803,231,208,7502,2017,2896.0,2063.0,1.601478,0.277271,USA,SWE,551694
11903804,18,216,7502,2017,856.0,0.0,1.292657,1.19571,BEL,THA,551694
11903805,42,216,7502,2017,0.0,4965.0,-0.378693,-0.492983,CHL,THA,551694
11903806,43,216,7502,2017,15956.0,0.0,1.1127790000000002,1.56869,CHN,THA,551694
11903807,61,216,7502,2017,1026.0,0.0,2.1149459999999998,-2.525372,DEU,THA,551694
11903808,64,216,7502,2017,0.0,2181.0,1.159753,1.233914,DNK,THA,551694
11903809,77,216,7502,2017,0.0,6906.0,1.398427,0.894732,FRA,THA,551694
11903810,81,216,7502,2017,0.0,6598.0,1.6883119999999998,0.8347469999999999,GBR,THA,551694
11903811,85,216,7502,2017,0.0,55494.0,-1.7560669999999998,-1.2747680000000001,GIN,THA,551694
11903812,90,216,7502,2017,0.0,2622.0,0.154098,1.151038,GRC,THA,551694
11903813,104,216,7502,2017,1747.0,0.0,0.290576,2.726391,IND,THA,551694
11903814,111,216,7502,2017,1308.0,0.0,1.34395,0.577693,ITA,THA,551694
11903815,114,216,7502,2017,15259.0,1894.0,2.4510419999999997,-0.277357,JPN,THA,551694
11903816,124,216,7502,2017,0.0,44470.0,0.266847,1.117621,LBN,THA,551694
11903817,128,216,7502,2017,0.0,1382.0,-0.46442799999999995,0.472132,LKA,THA,551694
11903818,143,216,7502,2017,0.0,10685.0,-1.051544,-0.419183,MMR,THA,551694
11903819,151,216,7502,2017,0.0,4473.0,-0.156616,0.073153,MUS,THA,551694
11903820,153,216,7502,2017,0.0,11219.0,1.0110139999999999,0.6840729999999999,MYS,THA,551694
11903821,168,216,7502,2017,0.0,8782.0,-0.698561,0.43523500000000004,PAK,THA,551694
11903822,192,216,7502,2017,0.0,10218.0,1.884166,0.37903600000000004,SGP,THA,551694
11903823,231,216,7502,2017,17810.0,58414.0,1.601478,0.277271,USA,THA,551694
11903824,239,216,7502,2017,2442.0,50476.0,-0.009819,0.686429,VNM,THA,551694
11903825,249,216,7502,2017,55509.0,0.0,2.0548290000000002,1.2552969999999999,TWN,THA,551694
11903826,91,222,7502,2017,0.0,2275.0,0.384656,-0.317098,GRD,TTO,551694
11903827,205,222,7502,2017,0.0,12576.0,-0.596432,-1.0249700000000002,SUR,TTO,551694
11903828,2,224,7502,2017,0.0,52502.0,-1.408777,-1.215475,AGO,TUR,551694
11903829,7,224,7502,2017,0.0,1964.0,0.210477,0.02557,ARE,TUR,551694
11903830,15,224,7502,2017,383748.0,0.0,1.728623,-0.031045999999999997,AUT,TUR,551694
11903831,18,224,7502,2017,0.0,2134.0,1.292657,1.19571,BEL,TUR,551694
11903832,23,224,7502,2017,0.0,540135.0,0.557843,1.7221119999999999,BGR,TUR,551694
11903833,28,224,7502,2017,0.0,33747.0,0.8115829999999999,0.8323459999999999,BLR,TUR,551694
11903834,31,224,7502,2017,0.0,27411.0,-1.158425,-1.076242,BOL,TUR,551694
11903835,41,224,7502,2017,0.0,2734.0,2.2557810000000003,0.845459,CHE,TUR,551694
11903836,43,224,7502,2017,109980.0,0.0,1.1127790000000002,1.56869,CHN,TUR,551694
11903837,61,224,7502,2017,17453.0,7773.0,2.1149459999999998,-2.525372,DEU,TUR,551694
11903838,64,224,7502,2017,0.0,1200.0,1.159753,1.233914,DNK,TUR,551694
11903839,71,224,7502,2017,8411.0,28056.0,0.734342,2.8180099999999997,ESP,TUR,551694
11903840,77,224,7502,2017,0.0,97762.0,1.398427,0.894732,FRA,TUR,551694
11903841,81,224,7502,2017,0.0,8555.0,1.6883119999999998,0.8347469999999999,GBR,TUR,551694
11903842,82,224,7502,2017,0.0,10251.0,-0.241749,-0.374727,GEO,TUR,551694
11903843,90,224,7502,2017,0.0,11074.0,0.154098,1.151038,GRC,TUR,551694
11903844,97,224,7502,2017,0.0,9788.0,0.824982,1.7162220000000001,HKG,TUR,551694
11903845,102,224,7502,2017,0.0,8939.0,1.4886270000000001,0.845986,HUN,TUR,551694
11903846,106,224,7502,2017,0.0,1041.0,1.363544,0.169211,IRL,TUR,551694
11903847,107,224,7502,2017,0.0,19358.0,-0.361292,-0.361813,IRN,TUR,551694
11903848,108,224,7502,2017,0.0,15493.0,-1.515339,-0.9462950000000001,IRQ,TUR,551694
11903849,110,224,7502,2017,0.0,46428.0,1.436156,0.776574,ISR,TUR,551694
11903850,111,224,7502,2017,711260.0,20475.0,1.34395,0.577693,ITA,TUR,551694
11903851,114,224,7502,2017,0.0,6176.0,2.4510419999999997,-0.277357,JPN,TUR,551694
11903852,121,224,7502,2017,0.0,2110.0,2.011263,0.783215,KOR,TUR,551694
11903853,122,224,7502,2017,0.0,37070.0,-0.229821,-1.128482,KWT,TUR,551694
11903854,124,224,7502,2017,0.0,19103.0,0.266847,1.117621,LBN,TUR,551694
11903855,134,224,7502,2017,0.0,820093.0,-0.757236,-0.065347,MAR,TUR,551694
11903856,140,224,7502,2017,0.0,1862.0,-0.0292,-0.377156,MKD,TUR,551694
11903857,153,224,7502,2017,0.0,5233.0,1.0110139999999999,0.6840729999999999,MYS,TUR,551694
11903858,159,224,7502,2017,0.0,1478.0,-1.8260919999999998,-1.276591,NGA,TUR,551694
11903859,162,224,7502,2017,0.0,32649.0,1.146959,1.470869,NLD,TUR,551694
11903860,168,224,7502,2017,0.0,271105.0,-0.698561,0.43523500000000004,PAK,TUR,551694
11903861,177,224,7502,2017,1101.0,0.0,1.197417,1.092716,POL,TUR,551694
11903862,181,224,7502,2017,0.0,9386.0,0.11852,0.609241,PSE,TUR,551694
11903863,185,224,7502,2017,0.0,46686.0,1.05479,0.9842219999999999,ROU,TUR,551694
11903864,188,224,7502,2017,0.0,3942.0,0.597716,-0.345049,SAU,TUR,551694
11903865,192,224,7502,2017,0.0,5299.0,1.884166,0.37903600000000004,SGP,TUR,551694
11903866,212,224,7502,2017,0.0,2161.0,-0.660905,0.345462,SYR,TUR,551694
11903867,223,224,7502,2017,0.0,53182.0,0.224119,0.961772,TUN,TUR,551694
11903868,231,224,7502,2017,0.0,6757.0,1.601478,0.277271,USA,TUR,551694
11903869,249,224,7502,2017,0.0,3885.0,2.0548290000000002,1.2552969999999999,TWN,TUR,551694
11903870,15,228,7502,2017,27600.0,0.0,1.728623,-0.031045999999999997,AUT,UKR,551694
11903871,18,228,7502,2017,11543.0,0.0,1.292657,1.19571,BEL,UKR,551694
11903872,43,228,7502,2017,126995.0,0.0,1.1127790000000002,1.56869,CHN,UKR,551694
11903873,61,228,7502,2017,17143.0,0.0,2.1149459999999998,-2.525372,DEU,UKR,551694
11903874,102,228,7502,2017,36060.0,0.0,1.4886270000000001,0.845986,HUN,UKR,551694
11903875,111,228,7502,2017,1791.0,0.0,1.34395,0.577693,ITA,UKR,551694
11903876,177,228,7502,2017,50475.0,0.0,1.197417,1.092716,POL,UKR,551694
11903877,43,230,7502,2017,10718.0,0.0,1.1127790000000002,1.56869,CHN,URY,551694
11903878,71,230,7502,2017,1723.0,0.0,0.734342,2.8180099999999997,ESP,URY,551694
11903879,77,230,7502,2017,0.0,8522.0,1.398427,0.894732,FRA,URY,551694
11903880,104,230,7502,2017,2991.0,0.0,0.290576,2.726391,IND,URY,551694
11903881,0,231,7502,2017,0.0,130426.0,0.845843,0.165178,ABW,USA,551694
11903882,13,231,7502,2017,0.0,53208.0,0.42561099999999996,-0.42671099999999995,ATG,USA,551694
11903883,14,231,7502,2017,0.0,1527.0,-0.42427200000000004,-0.152921,AUS,USA,551694
11903884,15,231,7502,2017,14775.0,1109.0,1.728623,-0.031045999999999997,AUT,USA,551694
11903885,18,231,7502,2017,0.0,1797.0,1.292657,1.19571,BEL,USA,551694
11903886,25,231,7502,2017,0.0,3321.0,0.81944,-0.30649499999999996,BHS,USA,551694
11903887,30,231,7502,2017,0.0,4488.0,1.06318,-0.48345,BMU,USA,551694
11903888,33,231,7502,2017,0.0,4618.0,0.589793,-0.004488000000000001,BRB,USA,551694
11903889,39,231,7502,2017,3655.0,62782.0,0.73897,1.206402,CAN,USA,551694
11903890,43,231,7502,2017,149381.0,1903.0,1.1127790000000002,1.56869,CHN,USA,551694
11903891,52,231,7502,2017,0.0,7460.0,0.288642,-0.056219000000000005,CRI,USA,551694
11903892,61,231,7502,2017,14029.0,0.0,2.1149459999999998,-2.525372,DEU,USA,551694
11903893,67,231,7502,2017,0.0,1124.0,-0.9995850000000001,-1.086367,ECU,USA,551694
11903894,71,231,7502,2017,276390.0,1039.0,0.734342,2.8180099999999997,ESP,USA,551694
11903895,77,231,7502,2017,178115.0,59688.0,1.398427,0.894732,FRA,USA,551694
11903896,81,231,7502,2017,76806.0,70530.0,1.6883119999999998,0.8347469999999999,GBR,USA,551694
11903897,83,231,7502,2017,0.0,1156.0,-0.929143,-0.811439,GHA,USA,551694
11903898,93,231,7502,2017,0.0,1234.0,-0.418538,0.557454,GTM,USA,551694
11903899,96,231,7502,2017,0.0,2551.0,-0.703271,-0.898648,GUY,USA,551694
11903900,97,231,7502,2017,1653.0,0.0,0.824982,1.7162220000000001,HKG,USA,551694
11903901,104,231,7502,2017,15721.0,0.0,0.290576,2.726391,IND,USA,551694
11903902,106,231,7502,2017,0.0,1167.0,1.363544,0.169211,IRL,USA,551694
11903903,110,231,7502,2017,0.0,152580.0,1.436156,0.776574,ISR,USA,551694
11903904,111,231,7502,2017,36403.0,2523.0,1.34395,0.577693,ITA,USA,551694
11903905,112,231,7502,2017,0.0,1194.0,-0.497654,-0.76481,JAM,USA,551694
11903906,114,231,7502,2017,6101.0,0.0,2.4510419999999997,-0.277357,JPN,USA,551694
11903907,121,231,7502,2017,5066.0,10696.0,2.011263,0.783215,KOR,USA,551694
11903908,138,231,7502,2017,0.0,1723784.0,1.08871,0.5745279999999999,MEX,USA,551694
11903909,162,231,7502,2017,0.0,4827.0,1.146959,1.470869,NLD,USA,551694
11903910,163,231,7502,2017,0.0,3374.0,0.73658,0.11450199999999999,NOR,USA,551694
11903911,166,231,7502,2017,1210.0,4798.0,0.25651199999999996,0.132996,NZL,USA,551694
11903912,168,231,7502,2017,0.0,5229.0,-0.698561,0.43523500000000004,PAK,USA,551694
11903913,169,231,7502,2017,0.0,29679.0,0.5520109999999999,0.788181,PAN,USA,551694
11903914,192,231,7502,2017,0.0,2604.0,1.884166,0.37903600000000004,SGP,USA,551694
11903915,197,231,7502,2017,0.0,4342.0,0.113639,0.23175199999999999,SLV,USA,551694
11903916,207,231,7502,2017,0.0,1091.0,1.600319,0.854305,SVN,USA,551694
11903917,208,231,7502,2017,2063.0,2896.0,1.764732,0.732646,SWE,USA,551694
11903918,216,231,7502,2017,58414.0,17810.0,0.983977,1.3926020000000001,THA,USA,551694
11903919,224,231,7502,2017,6757.0,0.0,0.541611,2.405872,TUR,USA,551694
11903920,234,231,7502,2017,0.0,1052.0,-0.040273,-0.549452,VCT,USA,551694
11903921,246,231,7502,2017,0.0,5800.0,0.2066,1.378591,ZAF,USA,551694
11903922,249,231,7502,2017,11688.0,0.0,2.0548290000000002,1.2552969999999999,TWN,USA,551694
11903923,52,236,7502,2017,0.0,1373.0,0.288642,-0.056219000000000005,CRI,VEN,551694
11903924,37,246,7502,2017,1071.0,1478.0,-0.593754,-1.166742,BWA,ZAF,551694
11903925,39,246,7502,2017,1075.0,0.0,0.73897,1.206402,CAN,ZAF,551694
11903926,43,246,7502,2017,126954.0,0.0,1.1127790000000002,1.56869,CHN,ZAF,551694
11903927,61,246,7502,2017,2038.0,0.0,2.1149459999999998,-2.525372,DEU,ZAF,551694
11903928,71,246,7502,2017,34838.0,0.0,0.734342,2.8180099999999997,ESP,ZAF,551694
11903929,81,246,7502,2017,997.0,0.0,1.6883119999999998,0.8347469999999999,GBR,ZAF,551694
11903930,83,246,7502,2017,2676.0,0.0,-0.929143,-0.811439,GHA,ZAF,551694
11903931,129,246,7502,2017,0.0,18150.0,-0.955398,-0.824111,LSO,ZAF,551694
11903932,147,246,7502,2017,0.0,2424.0,-1.3882290000000002,-1.114475,MOZ,ZAF,551694
11903933,151,246,7502,2017,0.0,9045.0,-0.156616,0.073153,MUS,ZAF,551694
11903934,152,246,7502,2017,0.0,1617.0,-0.761995,-0.8897729999999999,MWI,ZAF,551694
11903935,155,246,7502,2017,0.0,2279.0,-0.5221060000000001,-0.7365079999999999,NAM,ZAF,551694
11903936,162,246,7502,2017,27370.0,0.0,1.146959,1.470869,NLD,ZAF,551694
11903937,164,246,7502,2017,2800.0,0.0,-0.319681,0.5788220000000001,NPL,ZAF,551694
11903938,211,246,7502,2017,0.0,8289.0,0.41946000000000006,-0.523274,SYC,ZAF,551694
11903939,231,246,7502,2017,5800.0,0.0,1.601478,0.277271,USA,ZAF,551694
11903940,248,246,7502,2017,0.0,3491.0,-1.101402,-1.0831680000000001,ZWE,ZAF,551694
11903941,18,249,7502,2017,7449.0,0.0,1.292657,1.19571,BEL,TWN,551694
11903942,42,249,7502,2017,0.0,2036.0,-0.378693,-0.492983,CHL,TWN,551694
11903943,43,249,7502,2017,1072786.0,80464.0,1.1127790000000002,1.56869,CHN,TWN,551694
11903944,61,249,7502,2017,1256.0,0.0,2.1149459999999998,-2.525372,DEU,TWN,551694
11903945,71,249,7502,2017,69292.0,8495.0,0.734342,2.8180099999999997,ESP,TWN,551694
11903946,77,249,7502,2017,2901.0,9331.0,1.398427,0.894732,FRA,TWN,551694
11903947,81,249,7502,2017,0.0,2313.0,1.6883119999999998,0.8347469999999999,GBR,TWN,551694
11903948,96,249,7502,2017,0.0,46321.0,-0.703271,-0.898648,GUY,TWN,551694
11903949,97,249,7502,2017,39120.0,37478.0,0.824982,1.7162220000000001,HKG,TWN,551694
11903950,103,249,7502,2017,0.0,458821.0,-0.23641700000000002,1.188173,IDN,TWN,551694
11903951,104,249,7502,2017,17438.0,0.0,0.290576,2.726391,IND,TWN,551694
11903952,111,249,7502,2017,3816.0,0.0,1.34395,0.577693,ITA,TWN,551694
11903953,114,249,7502,2017,54916.0,0.0,2.4510419999999997,-0.277357,JPN,TWN,551694
11903954,117,249,7502,2017,0.0,1452.0,-0.11530599999999999,0.264752,KGZ,TWN,551694
11903955,162,249,7502,2017,4391.0,0.0,1.146959,1.470869,NLD,TWN,551694
11903956,166,249,7502,2017,0.0,2206.0,0.25651199999999996,0.132996,NZL,TWN,551694
11903957,181,249,7502,2017,0.0,409.0,0.11852,0.609241,PSE,TWN,551694
11903958,185,249,7502,2017,0.0,7633.0,1.05479,0.9842219999999999,ROU,TWN,551694
11903959,192,249,7502,2017,0.0,109632.0,1.884166,0.37903600000000004,SGP,TWN,551694
11903960,216,249,7502,2017,0.0,55509.0,0.983977,1.3926020000000001,THA,TWN,551694
11903961,224,249,7502,2017,3885.0,0.0,0.541611,2.405872,TUR,TWN,551694
11903962,231,249,7502,2017,0.0,11688.0,1.601478,0.277271,USA,TWN,551694
11903963,239,249,7502,2017,0.0,3335.0,-0.009819,0.686429,VNM,TWN,551694
11903964,0,250,7502,2017,0.0,31341.0,0.845843,0.165178,ABW,ANS,551694
11903965,42,250,7502,2017,54136.0,0.0,-0.378693,-0.492983,CHL,ANS,551694
11903966,77,250,7502,2017,0.0,22039.0,1.398427,0.894732,FRA,ANS,551694
11903967,168,250,7502,2017,0.0,1188.0,-0.698561,0.43523500000000004,PAK,ANS,551694
11903968,206,250,7502,2017,0.0,21436.0,1.279606,0.85503,SVK,ANS,551694
11903969,223,250,7502,2017,0.0,7910.0,0.224119,0.961772,TUN,ANS,551694
11903970,15,14,7502,2017,2153.0,0.0,1.728623,-0.031045999999999997,AUT,AUS,551694
11903971,43,14,7502,2017,8925.0,20704.0,1.1127790000000002,1.56869,CHN,AUS,551694
11903972,61,14,7502,2017,4338.0,0.0,2.1149459999999998,-2.525372,DEU,AUS,551694
11903973,71,14,7502,2017,4059.0,0.0,0.734342,2.8180099999999997,ESP,AUS,551694
11903974,77,14,7502,2017,17872.0,2115.0,1.398427,0.894732,FRA,AUS,551694
11903975,81,14,7502,2017,12737.0,10576.0,1.6883119999999998,0.8347469999999999,GBR,AUS,551694
11903976,97,14,7502,2017,3885.0,0.0,0.824982,1.7162220000000001,HKG,AUS,551694
11903977,111,14,7502,2017,26003.0,0.0,1.34395,0.577693,ITA,AUS,551694
11903978,114,14,7502,2017,4263.0,0.0,2.4510419999999997,-0.277357,JPN,AUS,551694
11903979,153,14,7502,2017,2599.0,18036.0,1.0110139999999999,0.6840729999999999,MYS,AUS,551694
11903980,162,14,7502,2017,2067.0,0.0,1.146959,1.470869,NLD,AUS,551694
11903981,166,14,7502,2017,26371.0,0.0,0.25651199999999996,0.132996,NZL,AUS,551694
11903982,168,14,7502,2017,0.0,5299.0,-0.698561,0.43523500000000004,PAK,AUS,551694
11903983,192,14,7502,2017,7338.0,0.0,1.884166,0.37903600000000004,SGP,AUS,551694
11903984,208,14,7502,2017,1366.0,0.0,1.764732,0.732646,SWE,AUS,551694
11903985,231,14,7502,2017,1527.0,0.0,1.601478,0.277271,USA,AUS,551694
11903986,81,24,7502,2017,1687.0,0.0,1.6883119999999998,0.8347469999999999,GBR,BHR,551694
11903987,15,26,7502,2017,30583.0,0.0,1.728623,-0.031045999999999997,AUT,BIH,551694
11903988,61,26,7502,2017,22522.0,0.0,2.1149459999999998,-2.525372,DEU,BIH,551694
11903989,206,26,7502,2017,1464.0,0.0,1.279606,0.85503,SVK,BIH,551694
11903990,15,28,7502,2017,1409.0,0.0,1.728623,-0.031045999999999997,AUT,BLR,551694
11903991,43,28,7502,2017,12654.0,0.0,1.1127790000000002,1.56869,CHN,BLR,551694
11903992,61,28,7502,2017,2274.0,0.0,2.1149459999999998,-2.525372,DEU,BLR,551694
11903993,102,28,7502,2017,1641.0,0.0,1.4886270000000001,0.845986,HUN,BLR,551694
11903994,111,28,7502,2017,57669.0,0.0,1.34395,0.577693,ITA,BLR,551694
11903995,130,28,7502,2017,9612.0,0.0,0.855858,1.447717,LTU,BLR,551694
11903996,186,28,7502,2017,1094.0,0.0,0.32885,0.288392,RUS,BLR,551694
11903997,224,28,7502,2017,33747.0,0.0,0.541611,2.405872,TUR,BLR,551694
11903998,42,31,7502,2017,15141969.0,0.0,-0.378693,-0.492983,CHL,BOL,551694
11903999,43,31,7502,2017,418480.0,0.0,1.1127790000000002,1.56869,CHN,BOL,551694
11904000,224,31,7502,2017,27411.0,0.0,0.541611,2.405872,TUR,BOL,551694
11904001,15,59,7502,2017,36988.0,0.0,1.728623,-0.031045999999999997,AUT,CZE,551694
11904002,18,59,7502,2017,0.0,1901.0,1.292657,1.19571,BEL,CZE,551694
11904003,23,59,7502,2017,0.0,6300.0,0.557843,1.7221119999999999,BGR,CZE,551694
11904004,39,59,7502,2017,3135.0,0.0,0.73897,1.206402,CAN,CZE,551694
11904005,43,59,7502,2017,1853.0,0.0,1.1127790000000002,1.56869,CHN,CZE,551694
11904006,61,59,7502,2017,3313.0,0.0,2.1149459999999998,-2.525372,DEU,CZE,551694
11904007,71,59,7502,2017,8074.0,0.0,0.734342,2.8180099999999997,ESP,CZE,551694
11904008,77,59,7502,2017,0.0,58173.0,1.398427,0.894732,FRA,CZE,551694
11904009,81,59,7502,2017,32422.0,0.0,1.6883119999999998,0.8347469999999999,GBR,CZE,551694
11904010,104,59,7502,2017,906.0,0.0,0.290576,2.726391,IND,CZE,551694
11904011,111,59,7502,2017,31925.0,0.0,1.34395,0.577693,ITA,CZE,551694
11904012,162,59,7502,2017,3315.0,0.0,1.146959,1.470869,NLD,CZE,551694
11904013,177,59,7502,2017,3778.0,0.0,1.197417,1.092716,POL,CZE,551694
11904014,206,59,7502,2017,0.0,3523.0,1.279606,0.85503,SVK,CZE,551694
11904015,15,68,7502,2017,22981.0,0.0,1.728623,-0.031045999999999997,AUT,EGY,551694
11904016,43,68,7502,2017,54851.0,0.0,1.1127790000000002,1.56869,CHN,EGY,551694
11904017,90,68,7502,2017,10283.0,0.0,0.154098,1.151038,GRC,EGY,551694
11904018,61,72,7502,2017,19272.0,0.0,2.1149459999999998,-2.525372,DEU,EST,551694
11904019,71,72,7502,2017,2522.0,0.0,0.734342,2.8180099999999997,ESP,EST,551694
11904020,111,72,7502,2017,19192.0,0.0,1.34395,0.577693,ITA,EST,551694
11904021,132,72,7502,2017,0.0,5200.0,0.684555,1.3208030000000002,LVA,EST,551694
11904022,163,72,7502,2017,0.0,49667.0,0.73658,0.11450199999999999,NOR,EST,551694
11904023,43,82,7502,2017,129567.0,0.0,1.1127790000000002,1.56869,CHN,GEO,551694
11904024,61,82,7502,2017,1272.0,0.0,2.1149459999999998,-2.525372,DEU,GEO,551694
11904025,71,82,7502,2017,15581.0,0.0,0.734342,2.8180099999999997,ESP,GEO,551694
11904026,224,82,7502,2017,10251.0,0.0,0.541611,2.405872,TUR,GEO,551694
11904027,58,90,7502,2017,0.0,1575.0,0.576982,0.279989,CYP,GRC,551694
11904028,61,90,7502,2017,3717.0,0.0,2.1149459999999998,-2.525372,DEU,GRC,551694
11904029,68,90,7502,2017,0.0,10283.0,-0.073436,1.829121,EGY,GRC,551694
11904030,71,90,7502,2017,16247.0,8286.0,0.734342,2.8180099999999997,ESP,GRC,551694
11904031,77,90,7502,2017,0.0,1963.0,1.398427,0.894732,FRA,GRC,551694
11904032,81,90,7502,2017,4473.0,0.0,1.6883119999999998,0.8347469999999999,GBR,GRC,551694
11904033,111,90,7502,2017,1969.0,0.0,1.34395,0.577693,ITA,GRC,551694
11904034,162,90,7502,2017,4440.0,0.0,1.146959,1.470869,NLD,GRC,551694
11904035,216,90,7502,2017,2622.0,0.0,0.983977,1.3926020000000001,THA,GRC,551694
11904036,224,90,7502,2017,11074.0,0.0,0.541611,2.405872,TUR,GRC,551694
11904037,15,100,7502,2017,33602.0,0.0,1.728623,-0.031045999999999997,AUT,HRV,551694
11904038,43,100,7502,2017,2108.0,0.0,1.1127790000000002,1.56869,CHN,HRV,551694
11904039,61,100,7502,2017,3076.0,0.0,2.1149459999999998,-2.525372,DEU,HRV,551694
11904040,102,100,7502,2017,21583.0,0.0,1.4886270000000001,0.845986,HUN,HRV,551694
11904041,111,100,7502,2017,15755.0,0.0,1.34395,0.577693,ITA,HRV,551694
11904042,7,107,7502,2017,29553.0,0.0,0.210477,0.02557,ARE,IRN,551694
11904043,43,107,7502,2017,1027.0,0.0,1.1127790000000002,1.56869,CHN,IRN,551694
11904044,108,107,7502,2017,0.0,60472.0,-1.515339,-0.9462950000000001,IRQ,IRN,551694
11904045,224,107,7502,2017,19358.0,0.0,0.541611,2.405872,TUR,IRN,551694
11904046,77,109,7502,2017,9042.0,0.0,1.398427,0.894732,FRA,ISL,551694
11904047,81,109,7502,2017,2836.0,0.0,1.6883119999999998,0.8347469999999999,GBR,ISL,551694
11904048,162,109,7502,2017,3747.0,0.0,1.146959,1.470869,NLD,ISL,551694
11904049,43,115,7502,2017,949072.0,0.0,1.1127790000000002,1.56869,CHN,KAZ,551694
11904050,81,115,7502,2017,4192.0,0.0,1.6883119999999998,0.8347469999999999,GBR,KAZ,551694
11904051,111,115,7502,2017,3046.0,0.0,1.34395,0.577693,ITA,KAZ,551694
11904052,223,115,7502,2017,0.0,34792.0,0.224119,0.961772,TUN,KAZ,551694
11904053,73,116,7502,2017,26899.0,0.0,-1.007413,-0.638231,ETH,KEN,551694
11904054,111,116,7502,2017,0.0,3739.0,1.34395,0.577693,ITA,KEN,551694
11904055,43,117,7502,2017,3532465.0,0.0,1.1127790000000002,1.56869,CHN,KGZ,551694
11904056,249,117,7502,2017,1452.0,0.0,2.0548290000000002,1.2552969999999999,TWN,KGZ,551694
11904057,43,118,7502,2017,62302.0,0.0,1.1127790000000002,1.56869,CHN,KHM,551694
11904058,43,124,7502,2017,151448.0,0.0,1.1127790000000002,1.56869,CHN,LBN,551694
11904059,71,124,7502,2017,12674.0,0.0,0.734342,2.8180099999999997,ESP,LBN,551694
11904060,111,124,7502,2017,5590.0,0.0,1.34395,0.577693,ITA,LBN,551694
11904061,122,124,7502,2017,0.0,1251.0,-0.229821,-1.128482,KWT,LBN,551694
11904062,216,124,7502,2017,44470.0,0.0,0.983977,1.3926020000000001,THA,LBN,551694
11904063,224,124,7502,2017,19103.0,0.0,0.541611,2.405872,TUR,LBN,551694
11904064,247,124,7502,2017,0.0,1655.0,-0.8594290000000001,-1.0574459999999999,ZMB,LBN,551694
11904065,43,128,7502,2017,19844.0,0.0,1.1127790000000002,1.56869,CHN,LKA,551694
11904066,104,128,7502,2017,6115.0,0.0,0.290576,2.726391,IND,LKA,551694
11904067,111,128,7502,2017,1898.0,0.0,1.34395,0.577693,ITA,LKA,551694
11904068,121,128,7502,2017,14117.0,0.0,2.011263,0.783215,KOR,LKA,551694
11904069,137,128,7502,2017,0.0,3055.0,-1.100027,-0.9779479999999999,MDV,LKA,551694
11904070,216,128,7502,2017,1382.0,0.0,0.983977,1.3926020000000001,THA,LKA,551694
11904071,15,130,7502,2017,47384.0,0.0,1.728623,-0.031045999999999997,AUT,LTU,551694
11904072,28,130,7502,2017,0.0,9612.0,0.8115829999999999,0.8323459999999999,BLR,LTU,551694
11904073,43,130,7502,2017,20707.0,0.0,1.1127790000000002,1.56869,CHN,LTU,551694
11904074,61,130,7502,2017,22695.0,0.0,2.1149459999999998,-2.525372,DEU,LTU,551694
11904075,71,130,7502,2017,24561.0,0.0,0.734342,2.8180099999999997,ESP,LTU,551694
11904076,77,130,7502,2017,15667.0,6590.0,1.398427,0.894732,FRA,LTU,551694
11904077,111,130,7502,2017,5527.0,0.0,1.34395,0.577693,ITA,LTU,551694
11904078,162,130,7502,2017,2051.0,0.0,1.146959,1.470869,NLD,LTU,551694
11904079,208,130,7502,2017,3505.0,0.0,1.764732,0.732646,SWE,LTU,551694
11904080,64,132,7502,2017,23724.0,0.0,1.159753,1.233914,DNK,LVA,551694
11904081,71,132,7502,2017,19037.0,0.0,0.734342,2.8180099999999997,ESP,LVA,551694
11904082,72,132,7502,2017,5200.0,0.0,1.010985,1.289633,EST,LVA,551694
11904083,81,132,7502,2017,3348.0,0.0,1.6883119999999998,0.8347469999999999,GBR,LVA,551694
11904084,162,132,7502,2017,7123.0,0.0,1.146959,1.470869,NLD,LVA,551694
11904085,177,132,7502,2017,1475.0,0.0,1.197417,1.092716,POL,LVA,551694
11904086,15,134,7502,2017,20036.0,0.0,1.728623,-0.031045999999999997,AUT,MAR,551694
11904087,43,134,7502,2017,116020.0,0.0,1.1127790000000002,1.56869,CHN,MAR,551694
11904088,61,134,7502,2017,1330016.0,0.0,2.1149459999999998,-2.525372,DEU,MAR,551694
11904089,71,134,7502,2017,507855.0,54089.0,0.734342,2.8180099999999997,ESP,MAR,551694
11904090,77,134,7502,2017,79474.0,0.0,1.398427,0.894732,FRA,MAR,551694
11904091,81,134,7502,2017,5155.0,0.0,1.6883119999999998,0.8347469999999999,GBR,MAR,551694
11904092,83,134,7502,2017,687.0,0.0,-0.929143,-0.811439,GHA,MAR,551694
11904093,106,134,7502,2017,0.0,1486.0,1.363544,0.169211,IRL,MAR,551694
11904094,111,134,7502,2017,7050.0,2182.0,1.34395,0.577693,ITA,MAR,551694
11904095,122,134,7502,2017,0.0,1496.0,-0.229821,-1.128482,KWT,MAR,551694
11904096,162,134,7502,2017,6844.0,0.0,1.146959,1.470869,NLD,MAR,551694
11904097,179,134,7502,2017,90317.0,0.0,0.527046,2.264624,PRT,MAR,551694
11904098,223,134,7502,2017,0.0,8119.0,0.224119,0.961772,TUN,MAR,551694
11904099,224,134,7502,2017,820093.0,0.0,0.541611,2.405872,TUR,MAR,551694
11904100,67,135,7502,2017,930.0,0.0,-0.9995850000000001,-1.086367,ECU,MDA,551694
11904101,185,135,7502,2017,1974.0,0.0,1.05479,0.9842219999999999,ROU,MDA,551694
11904102,77,136,7502,2017,13903.0,0.0,1.398427,0.894732,FRA,MDG,551694
11904103,103,136,7502,2017,6222.0,0.0,-0.23641700000000002,1.188173,IDN,MDG,551694
11904104,104,136,7502,2017,20302.0,0.0,0.290576,2.726391,IND,MDG,551694
11904105,58,142,7502,2017,4630.0,0.0,0.576982,0.279989,CYP,MLT,551694
11904106,111,144,7502,2017,3690.0,0.0,1.34395,0.577693,ITA,MNE,551694
11904107,246,147,7502,2017,2424.0,0.0,0.2066,1.378591,ZAF,MOZ,551694
11904108,61,183,7502,2017,2506.0,0.0,2.1149459999999998,-2.525372,DEU,QAT,551694
11904109,77,183,7502,2017,48619.0,0.0,1.398427,0.894732,FRA,QAT,551694
11904110,15,185,7502,2017,136608.0,0.0,1.728623,-0.031045999999999997,AUT,ROU,551694
11904111,23,185,7502,2017,0.0,79617.0,0.557843,1.7221119999999999,BGR,ROU,551694
11904112,43,185,7502,2017,2757.0,0.0,1.1127790000000002,1.56869,CHN,ROU,551694
11904113,61,185,7502,2017,185413.0,65546.0,2.1149459999999998,-2.525372,DEU,ROU,551694
11904114,66,185,7502,2017,0.0,7202.0,-0.9905579999999999,-1.1996200000000001,DZA,ROU,551694
11904115,71,185,7502,2017,3127.0,0.0,0.734342,2.8180099999999997,ESP,ROU,551694
11904116,77,185,7502,2017,11151.0,3117.0,1.398427,0.894732,FRA,ROU,551694
11904117,81,185,7502,2017,273242.0,61982.0,1.6883119999999998,0.8347469999999999,GBR,ROU,551694
11904118,102,185,7502,2017,38443.0,0.0,1.4886270000000001,0.845986,HUN,ROU,551694
11904119,111,185,7502,2017,238386.0,0.0,1.34395,0.577693,ITA,ROU,551694
11904120,121,185,7502,2017,1534.0,0.0,2.011263,0.783215,KOR,ROU,551694
11904121,135,185,7502,2017,0.0,1974.0,-0.24909,-0.181213,MDA,ROU,551694
11904122,153,185,7502,2017,0.0,2950.0,1.0110139999999999,0.6840729999999999,MYS,ROU,551694
11904123,162,185,7502,2017,7907.0,0.0,1.146959,1.470869,NLD,ROU,551694
11904124,224,185,7502,2017,46686.0,0.0,0.541611,2.405872,TUR,ROU,551694
11904125,249,185,7502,2017,7633.0,0.0,2.0548290000000002,1.2552969999999999,TWN,ROU,551694
11904126,43,187,7502,2017,55265.0,0.0,1.1127790000000002,1.56869,CHN,RWA,551694
11904127,227,187,7502,2017,2618.0,0.0,-0.6831020000000001,-0.046838,UGA,RWA,551694
11904128,43,191,7502,2017,4754.0,0.0,1.1127790000000002,1.56869,CHN,SEN,551694
11904129,77,191,7502,2017,6632.0,4512.0,1.398427,0.894732,FRA,SEN,551694
11904130,43,201,7502,2017,7223.0,0.0,1.1127790000000002,1.56869,CHN,SRB,551694
11904131,77,201,7502,2017,4636.0,0.0,1.398427,0.894732,FRA,SRB,551694
11904132,111,201,7502,2017,2639.0,0.0,1.34395,0.577693,ITA,SRB,551694
11904133,15,206,7502,2017,68787.0,0.0,1.728623,-0.031045999999999997,AUT,SVK,551694
11904134,26,206,7502,2017,0.0,1464.0,0.43245,0.726721,BIH,SVK,551694
11904135,59,206,7502,2017,3523.0,0.0,1.7715130000000001,0.359668,CZE,SVK,551694
11904136,61,206,7502,2017,2472.0,0.0,2.1149459999999998,-2.525372,DEU,SVK,551694
11904137,81,206,7502,2017,1856.0,0.0,1.6883119999999998,0.8347469999999999,GBR,SVK,551694
11904138,111,206,7502,2017,42797.0,0.0,1.34395,0.577693,ITA,SVK,551694
11904139,177,206,7502,2017,1568.0,0.0,1.197417,1.092716,POL,SVK,551694
11904140,250,206,7502,2017,21436.0,0.0,0.72523,-0.205046,ANS,SVK,551694
11904141,15,207,7502,2017,1072.0,0.0,1.728623,-0.031045999999999997,AUT,SVN,551694
11904142,43,207,7502,2017,8525.0,0.0,1.1127790000000002,1.56869,CHN,SVN,551694
11904143,61,207,7502,2017,10571.0,0.0,2.1149459999999998,-2.525372,DEU,SVN,551694
11904144,231,207,7502,2017,1091.0,0.0,1.601478,0.277271,USA,SVN,551694
11904145,43,223,7502,2017,5937.0,0.0,1.1127790000000002,1.56869,CHN,TUN,551694
11904146,61,223,7502,2017,40312.0,0.0,2.1149459999999998,-2.525372,DEU,TUN,551694
11904147,77,223,7502,2017,114056.0,0.0,1.398427,0.894732,FRA,TUN,551694
11904148,81,223,7502,2017,2217.0,0.0,1.6883119999999998,0.8347469999999999,GBR,TUN,551694
11904149,111,223,7502,2017,520817.0,0.0,1.34395,0.577693,ITA,TUN,551694
11904150,115,223,7502,2017,34792.0,0.0,-0.394316,-0.5485979999999999,KAZ,TUN,551694
11904151,134,223,7502,2017,8119.0,0.0,-0.757236,-0.065347,MAR,TUN,551694
11904152,224,223,7502,2017,53182.0,0.0,0.541611,2.405872,TUR,TUN,551694
11904153,250,223,7502,2017,7910.0,0.0,0.72523,-0.205046,ANS,TUN,551694
11904154,43,232,7502,2017,3381730.0,0.0,1.1127790000000002,1.56869,CHN,UZB,551694
11904155,39,13,7502,2017,4484.0,0.0,0.73897,1.206402,CAN,ATG,551694
11904156,43,13,7502,2017,91966.0,0.0,1.1127790000000002,1.56869,CHN,ATG,551694
11904157,81,13,7502,2017,15288.0,0.0,1.6883119999999998,0.8347469999999999,GBR,ATG,551694
11904158,111,13,7502,2017,2796.0,0.0,1.34395,0.577693,ITA,ATG,551694
11904159,231,13,7502,2017,53208.0,0.0,1.601478,0.277271,USA,ATG,551694
11904160,43,19,7502,2017,15252.0,0.0,1.1127790000000002,1.56869,CHN,BEN,551694
11904161,43,22,7502,2017,148414.0,0.0,1.1127790000000002,1.56869,CHN,BGD,551694
11904162,104,22,7502,2017,33630052.0,0.0,0.290576,2.726391,IND,BGD,551694
11904163,153,22,7502,2017,0.0,3894.0,1.0110139999999999,0.6840729999999999,MYS,BGD,551694
11904164,231,25,7502,2017,3321.0,0.0,1.601478,0.277271,USA,BHS,551694
11904165,246,37,7502,2017,1478.0,1071.0,0.2066,1.378591,ZAF,BWA,551694
11904166,77,45,7502,2017,1263.0,0.0,1.398427,0.894732,FRA,CMR,551694
11904167,43,47,7502,2017,2937.0,0.0,1.1127790000000002,1.56869,CHN,COG,551694
11904168,83,47,7502,2017,39483.0,0.0,-0.929143,-0.811439,GHA,COG,551694
11904169,179,47,7502,2017,4953.0,0.0,0.527046,2.264624,PRT,COG,551694
11904170,43,51,7502,2017,7479.0,0.0,1.1127790000000002,1.56869,CHN,CPV,551694
11904171,43,62,7502,2017,30711.0,0.0,1.1127790000000002,1.56869,CHN,DJI,551694
11904172,185,66,7502,2017,7202.0,0.0,1.05479,0.9842219999999999,ROU,DZA,551694
11904173,43,73,7502,2017,3764.0,0.0,1.1127790000000002,1.56869,CHN,ETH,551694
11904174,116,73,7502,2017,0.0,26899.0,-0.579541,0.511926,KEN,ETH,551694
11904175,43,83,7502,2017,3118.0,0.0,1.1127790000000002,1.56869,CHN,GHA,551694
11904176,47,83,7502,2017,0.0,39483.0,-1.2289780000000001,-1.169368,COG,GHA,551694
11904177,134,83,7502,2017,0.0,687.0,-0.757236,-0.065347,MAR,GHA,551694
11904178,159,83,7502,2017,0.0,108236.0,-1.8260919999999998,-1.276591,NGA,GHA,551694
11904179,227,83,7502,2017,0.0,4172.0,-0.6831020000000001,-0.046838,UGA,GHA,551694
11904180,231,83,7502,2017,1156.0,0.0,1.601478,0.277271,USA,GHA,551694
11904181,246,83,7502,2017,0.0,2676.0,0.2066,1.378591,ZAF,GHA,551694
11904182,162,85,7502,2017,3425.0,0.0,1.146959,1.470869,NLD,GIN,551694
11904183,216,85,7502,2017,55494.0,0.0,0.983977,1.3926020000000001,THA,GIN,551694
11904184,43,151,7502,2017,133514.0,0.0,1.1127790000000002,1.56869,CHN,MUS,551694
11904185,71,151,7502,2017,8164.0,0.0,0.734342,2.8180099999999997,ESP,MUS,551694
11904186,77,151,7502,2017,11453.0,7539.0,1.398427,0.894732,FRA,MUS,551694
11904187,104,151,7502,2017,116932.0,0.0,0.290576,2.726391,IND,MUS,551694
11904188,111,151,7502,2017,2010.0,0.0,1.34395,0.577693,ITA,MUS,551694
11904189,211,151,7502,2017,0.0,1243.0,0.41946000000000006,-0.523274,SYC,MUS,551694
11904190,216,151,7502,2017,4473.0,0.0,0.983977,1.3926020000000001,THA,MUS,551694
11904191,246,151,7502,2017,9045.0,0.0,0.2066,1.378591,ZAF,MUS,551694
11904192,43,152,7502,2017,69168.0,0.0,1.1127790000000002,1.56869,CHN,MWI,551694
11904193,104,152,7502,2017,6433.0,0.0,0.290576,2.726391,IND,MWI,551694
11904194,246,152,7502,2017,1617.0,0.0,0.2066,1.378591,ZAF,MWI,551694
11904195,246,155,7502,2017,2279.0,0.0,0.2066,1.378591,ZAF,NAM,551694
11904196,81,159,7502,2017,0.0,1392.0,1.6883119999999998,0.8347469999999999,GBR,NGA,551694
11904197,83,159,7502,2017,108236.0,0.0,-0.929143,-0.811439,GHA,NGA,551694
11904198,224,159,7502,2017,1478.0,0.0,0.541611,2.405872,TUR,NGA,551694
11904199,77,215,7502,2017,0.0,386.0,1.398427,0.894732,FRA,TGO,551694
11904200,7,226,7502,2017,17698.0,0.0,0.210477,0.02557,ARE,TZA,551694
11904201,43,226,7502,2017,67068.0,0.0,1.1127790000000002,1.56869,CHN,TZA,551694
11904202,7,227,7502,2017,7539.0,0.0,0.210477,0.02557,ARE,UGA,551694
11904203,43,227,7502,2017,57276.0,0.0,1.1127790000000002,1.56869,CHN,UGA,551694
11904204,83,227,7502,2017,4172.0,0.0,-0.929143,-0.811439,GHA,UGA,551694
11904205,187,227,7502,2017,0.0,2618.0,-0.7610319999999999,-0.680251,RWA,UGA,551694
11904206,43,239,7502,2017,973305.0,0.0,1.1127790000000002,1.56869,CHN,VNM,551694
11904207,71,239,7502,2017,0.0,12887.0,0.734342,2.8180099999999997,ESP,VNM,551694
11904208,97,239,7502,2017,31629.0,0.0,0.824982,1.7162220000000001,HKG,VNM,551694
11904209,114,239,7502,2017,10368.0,0.0,2.4510419999999997,-0.277357,JPN,VNM,551694
11904210,121,239,7502,2017,222113.0,0.0,2.011263,0.783215,KOR,VNM,551694
11904211,216,239,7502,2017,50476.0,2442.0,0.983977,1.3926020000000001,THA,VNM,551694
11904212,249,239,7502,2017,3335.0,0.0,2.0548290000000002,1.2552969999999999,TWN,VNM,551694
11904213,124,247,7502,2017,1655.0,0.0,0.266847,1.117621,LBN,ZMB,551694
11904214,246,248,7502,2017,3491.0,0.0,0.2066,1.378591,ZAF,ZWE,551694
11904215,186,9,7502,2017,4471.0,0.0,0.32885,0.288392,RUS,ARM,551694
11904216,107,108,7502,2017,60472.0,0.0,-0.361292,-0.361813,IRN,IRQ,551694
11904217,224,108,7502,2017,15493.0,0.0,0.541611,2.405872,TUR,IRQ,551694
11904218,111,126,7502,2017,20190.0,0.0,1.34395,0.577693,ITA,LBY,551694
11904219,15,140,7502,2017,11402.0,0.0,1.728623,-0.031045999999999997,AUT,MKD,551694
11904220,18,140,7502,2017,2286.0,0.0,1.292657,1.19571,BEL,MKD,551694
11904221,23,140,7502,2017,11704.0,0.0,0.557843,1.7221119999999999,BGR,MKD,551694
11904222,41,140,7502,2017,943.0,0.0,2.2557810000000003,0.845459,CHE,MKD,551694
11904223,61,140,7502,2017,141156.0,0.0,2.1149459999999998,-2.525372,DEU,MKD,551694
11904224,71,140,7502,2017,3169.0,0.0,0.734342,2.8180099999999997,ESP,MKD,551694
11904225,111,140,7502,2017,47635.0,0.0,1.34395,0.577693,ITA,MKD,551694
11904226,162,140,7502,2017,6813.0,0.0,1.146959,1.470869,NLD,MKD,551694
11904227,224,140,7502,2017,1862.0,0.0,0.541611,2.405872,TUR,MKD,551694
11904228,81,145,7502,2017,0.0,61.0,1.6883119999999998,0.8347469999999999,GBR,MNG,551694
11904229,162,0,7502,2017,9401.0,0.0,1.146959,1.470869,NLD,ABW,551694
11904230,231,0,7502,2017,130426.0,0.0,1.601478,0.277271,USA,ABW,551694
11904231,250,0,7502,2017,31341.0,0.0,0.72523,-0.205046,ANS,ABW,551694
11904232,179,2,7502,2017,19580.0,0.0,0.527046,2.264624,PRT,AGO,551694
11904233,224,2,7502,2017,52502.0,0.0,0.541611,2.405872,TUR,AGO,551694
11904234,111,4,7502,2017,61668.0,0.0,1.34395,0.577693,ITA,ALB,551694
11904235,231,30,7502,2017,4488.0,0.0,1.601478,0.277271,USA,BMU,551694
11904236,153,34,7502,2017,8328.0,0.0,1.0110139999999999,0.6840729999999999,MYS,BRN,551694
11904237,166,75,7502,2017,7083.0,0.0,0.25651199999999996,0.132996,NZL,FJI,551694
11904238,222,91,7502,2017,2275.0,0.0,-0.183935,-1.012153,TTO,GRD,551694
11904239,246,129,7502,2017,18150.0,0.0,0.2066,1.378591,ZAF,LSO,551694
11904240,128,137,7502,2017,3055.0,0.0,-0.46442799999999995,0.472132,LKA,MDV,551694
11904241,77,156,7502,2017,3458.0,0.0,1.398427,0.894732,FRA,NCL,551694
11904242,166,156,7502,2017,15536.0,0.0,0.25651199999999996,0.132996,NZL,NCL,551694
11904243,43,164,7502,2017,2175241.0,0.0,1.1127790000000002,1.56869,CHN,NPL,551694
11904244,104,164,7502,2017,11300.0,0.0,0.290576,2.726391,IND,NPL,551694
11904245,246,164,7502,2017,0.0,2800.0,0.2066,1.378591,ZAF,NPL,551694
11904246,77,182,7502,2017,5375.0,0.0,1.398427,0.894732,FRA,PYF,551694
11904247,7,211,7502,2017,1832.0,0.0,0.210477,0.02557,ARE,SYC,551694
11904248,104,211,7502,2017,1171.0,0.0,0.290576,2.726391,IND,SYC,551694
11904249,151,211,7502,2017,1243.0,0.0,-0.156616,0.073153,MUS,SYC,551694
11904250,246,211,7502,2017,8289.0,0.0,0.2066,1.378591,ZAF,SYC,551694
11904251,43,212,7502,2017,18687.0,0.0,1.1127790000000002,1.56869,CHN,SYR,551694
11904252,224,212,7502,2017,2161.0,0.0,0.541611,2.405872,TUR,SYR,551694
11904253,43,217,7502,2017,92305.0,0.0,1.1127790000000002,1.56869,CHN,TJK,551694
11904254,231,234,7502,2017,1052.0,0.0,1.601478,0.277271,USA,VCT,551694
11904255,43,242,7502,2017,2648.0,0.0,1.1127790000000002,1.56869,CHN,WSM,551694
11904256,18,7,7509,2017,4886.0,0.0,1.292657,1.19571,BEL,ARE,560221
11904257,39,7,7509,2017,22101.0,0.0,0.73897,1.206402,CAN,ARE,560221
11904258,41,7,7509,2017,1358.0,0.0,2.2557810000000003,0.845459,CHE,ARE,560221
11904259,43,7,7509,2017,85371.0,1718.0,1.1127790000000002,1.56869,CHN,ARE,560221
11904260,61,7,7509,2017,6234.0,0.0,2.1149459999999998,-2.525372,DEU,ARE,560221
11904261,71,7,7509,2017,1187.0,0.0,0.734342,2.8180099999999997,ESP,ARE,560221
11904262,77,7,7509,2017,2425.0,0.0,1.398427,0.894732,FRA,ARE,560221
11904263,81,7,7509,2017,8551.0,0.0,1.6883119999999998,0.8347469999999999,GBR,ARE,560221
11904264,104,7,7509,2017,34432.0,0.0,0.290576,2.726391,IND,ARE,560221
11904265,111,7,7509,2017,16535.0,0.0,1.34395,0.577693,ITA,ARE,560221
11904266,121,7,7509,2017,1975.0,0.0,2.011263,0.783215,KOR,ARE,560221
11904267,162,7,7509,2017,2508.0,0.0,1.146959,1.470869,NLD,ARE,560221
11904268,164,7,7509,2017,339.0,0.0,-0.319681,0.5788220000000001,NPL,ARE,560221
11904269,167,7,7509,2017,0.0,7240.0,-0.347684,-0.884569,OMN,ARE,560221
11904270,224,7,7509,2017,4026.0,0.0,0.541611,2.405872,TUR,ARE,560221
11904271,231,7,7509,2017,16868.0,0.0,1.601478,0.277271,USA,ARE,560221
11904272,32,8,7509,2017,172799.0,0.0,0.145224,0.483461,BRA,ARG,560221
11904273,41,8,7509,2017,3596.0,0.0,2.2557810000000003,0.845459,CHE,ARG,560221
11904274,43,8,7509,2017,60174.0,0.0,1.1127790000000002,1.56869,CHN,ARG,560221
11904275,61,8,7509,2017,9905.0,0.0,2.1149459999999998,-2.525372,DEU,ARG,560221
11904276,104,8,7509,2017,34958.0,0.0,0.290576,2.726391,IND,ARG,560221
11904277,111,8,7509,2017,20756.0,0.0,1.34395,0.577693,ITA,ARG,560221
11904278,216,8,7509,2017,225793.0,0.0,0.983977,1.3926020000000001,THA,ARG,560221
11904279,23,15,7509,2017,0.0,2105.0,0.557843,1.7221119999999999,BGR,AUT,560221
11904280,26,15,7509,2017,0.0,16150.0,0.43245,0.726721,BIH,AUT,560221
11904281,32,15,7509,2017,0.0,5126.0,0.145224,0.483461,BRA,AUT,560221
11904282,41,15,7509,2017,17415.0,153384.0,2.2557810000000003,0.845459,CHE,AUT,560221
11904283,43,15,7509,2017,1225.0,1758.0,1.1127790000000002,1.56869,CHN,AUT,560221
11904284,59,15,7509,2017,9727.0,13563.0,1.7715130000000001,0.359668,CZE,AUT,560221
11904285,61,15,7509,2017,992621.0,5333.0,2.1149459999999998,-2.525372,DEU,AUT,560221
11904286,71,15,7509,2017,51123.0,2805.0,0.734342,2.8180099999999997,ESP,AUT,560221
11904287,81,15,7509,2017,5559.0,0.0,1.6883119999999998,0.8347469999999999,GBR,AUT,560221
11904288,100,15,7509,2017,1092.0,0.0,0.860825,1.365445,HRV,AUT,560221
11904289,102,15,7509,2017,77754.0,33320.0,1.4886270000000001,0.845986,HUN,AUT,560221
11904290,104,15,7509,2017,34561.0,0.0,0.290576,2.726391,IND,AUT,560221
11904291,111,15,7509,2017,39091.0,1728.0,1.34395,0.577693,ITA,AUT,560221
11904292,162,15,7509,2017,7039.0,0.0,1.146959,1.470869,NLD,AUT,560221
11904293,163,15,7509,2017,0.0,4335.0,0.73658,0.11450199999999999,NOR,AUT,560221
11904294,177,15,7509,2017,1649.0,0.0,1.197417,1.092716,POL,AUT,560221
11904295,186,15,7509,2017,0.0,1075.0,0.32885,0.288392,RUS,AUT,560221
11904296,206,15,7509,2017,3065.0,0.0,1.279606,0.85503,SVK,AUT,560221
11904297,208,15,7509,2017,0.0,2227.0,1.764732,0.732646,SWE,AUT,560221
11904298,231,15,7509,2017,5539.0,1734.0,1.601478,0.277271,USA,AUT,560221
11904299,7,18,7509,2017,0.0,4886.0,0.210477,0.02557,ARE,BEL,560221
11904300,41,18,7509,2017,51608.0,2749.0,2.2557810000000003,0.845459,CHE,BEL,560221
11904301,42,18,7509,2017,0.0,1249.0,-0.378693,-0.492983,CHL,BEL,560221
11904302,43,18,7509,2017,2936.0,16276.0,1.1127790000000002,1.56869,CHN,BEL,560221
11904303,59,18,7509,2017,0.0,2801.0,1.7715130000000001,0.359668,CZE,BEL,560221
11904304,61,18,7509,2017,595101.0,198148.0,2.1149459999999998,-2.525372,DEU,BEL,560221
11904305,64,18,7509,2017,1905.0,2290.0,1.159753,1.233914,DNK,BEL,560221
11904306,66,18,7509,2017,0.0,1318.0,-0.9905579999999999,-1.1996200000000001,DZA,BEL,560221
11904307,71,18,7509,2017,219864.0,17801.0,0.734342,2.8180099999999997,ESP,BEL,560221
11904308,77,18,7509,2017,63649.0,804595.0,1.398427,0.894732,FRA,BEL,560221
11904309,81,18,7509,2017,11259.0,41938.0,1.6883119999999998,0.8347469999999999,GBR,BEL,560221
11904310,97,18,7509,2017,0.0,1350.0,0.824982,1.7162220000000001,HKG,BEL,560221
11904311,102,18,7509,2017,0.0,1420.0,1.4886270000000001,0.845986,HUN,BEL,560221
11904312,104,18,7509,2017,79366.0,0.0,0.290576,2.726391,IND,BEL,560221
11904313,106,18,7509,2017,3046.0,0.0,1.363544,0.169211,IRL,BEL,560221
11904314,111,18,7509,2017,135457.0,35695.0,1.34395,0.577693,ITA,BEL,560221
11904315,114,18,7509,2017,0.0,7007.0,2.4510419999999997,-0.277357,JPN,BEL,560221
11904316,121,18,7509,2017,0.0,3141.0,2.011263,0.783215,KOR,BEL,560221
11904317,131,18,7509,2017,0.0,12350.0,1.24064,1.298263,LUX,BEL,560221
11904318,162,18,7509,2017,101231.0,91817.0,1.146959,1.470869,NLD,BEL,560221
11904319,177,18,7509,2017,0.0,34053.0,1.197417,1.092716,POL,BEL,560221
11904320,179,18,7509,2017,0.0,17274.0,0.527046,2.264624,PRT,BEL,560221
11904321,192,18,7509,2017,0.0,106119.0,1.884166,0.37903600000000004,SGP,BEL,560221
11904322,201,18,7509,2017,0.0,1223.0,0.541644,1.19872,SRB,BEL,560221
11904323,206,18,7509,2017,0.0,9061.0,1.279606,0.85503,SVK,BEL,560221
11904324,207,18,7509,2017,0.0,1890.0,1.600319,0.854305,SVN,BEL,560221
11904325,224,18,7509,2017,60698.0,9325.0,0.541611,2.405872,TUR,BEL,560221
11904326,228,18,7509,2017,0.0,944.0,0.461109,0.7826569999999999,UKR,BEL,560221
11904327,231,18,7509,2017,12613.0,26783.0,1.601478,0.277271,USA,BEL,560221
11904328,15,23,7509,2017,2105.0,0.0,1.728623,-0.031045999999999997,AUT,BGR,560221
11904329,41,23,7509,2017,5921.0,0.0,2.2557810000000003,0.845459,CHE,BGR,560221
11904330,43,23,7509,2017,4792.0,0.0,1.1127790000000002,1.56869,CHN,BGR,560221
11904331,61,23,7509,2017,442360.0,1641.0,2.1149459999999998,-2.525372,DEU,BGR,560221
11904332,77,23,7509,2017,3519.0,0.0,1.398427,0.894732,FRA,BGR,560221
11904333,81,23,7509,2017,1305.0,0.0,1.6883119999999998,0.8347469999999999,GBR,BGR,560221
11904334,90,23,7509,2017,1003.0,0.0,0.154098,1.151038,GRC,BGR,560221
11904335,100,23,7509,2017,0.0,836.0,0.860825,1.365445,HRV,BGR,560221
11904336,111,23,7509,2017,26603.0,3284.0,1.34395,0.577693,ITA,BGR,560221
11904337,162,23,7509,2017,1057.0,0.0,1.146959,1.470869,NLD,BGR,560221
11904338,177,23,7509,2017,13196.0,0.0,1.197417,1.092716,POL,BGR,560221
11904339,201,23,7509,2017,0.0,2700.0,0.541644,1.19872,SRB,BGR,560221
11904340,231,23,7509,2017,7964.0,0.0,1.601478,0.277271,USA,BGR,560221
11904341,8,32,7509,2017,0.0,172799.0,-0.120753,0.233375,ARG,BRA,560221
11904342,14,32,7509,2017,2229.0,0.0,-0.42427200000000004,-0.152921,AUS,BRA,560221
11904343,15,32,7509,2017,5126.0,0.0,1.728623,-0.031045999999999997,AUT,BRA,560221
11904344,31,32,7509,2017,0.0,13142.0,-1.158425,-1.076242,BOL,BRA,560221
11904345,39,32,7509,2017,1162.0,0.0,0.73897,1.206402,CAN,BRA,560221
11904346,42,32,7509,2017,0.0,2747.0,-0.378693,-0.492983,CHL,BRA,560221
11904347,43,32,7509,2017,7486.0,0.0,1.1127790000000002,1.56869,CHN,BRA,560221
11904348,49,32,7509,2017,0.0,4917.0,0.208096,-0.17644300000000002,COL,BRA,560221
11904349,61,32,7509,2017,22118.0,0.0,2.1149459999999998,-2.525372,DEU,BRA,560221
11904350,65,32,7509,2017,0.0,1238.0,-0.168016,0.30840100000000004,DOM,BRA,560221
11904351,67,32,7509,2017,0.0,3800.0,-0.9995850000000001,-1.086367,ECU,BRA,560221
11904352,71,32,7509,2017,54843.0,1130.0,0.734342,2.8180099999999997,ESP,BRA,560221
11904353,77,32,7509,2017,6971.0,0.0,1.398427,0.894732,FRA,BRA,560221
11904354,111,32,7509,2017,12742.0,0.0,1.34395,0.577693,ITA,BRA,560221
11904355,121,32,7509,2017,5140.0,0.0,2.011263,0.783215,KOR,BRA,560221
11904356,122,32,7509,2017,0.0,1088.0,-0.229821,-1.128482,KWT,BRA,560221
11904357,138,32,7509,2017,0.0,114202.0,1.08871,0.5745279999999999,MEX,BRA,560221
11904358,162,32,7509,2017,5306.0,0.0,1.146959,1.470869,NLD,BRA,560221
11904359,179,32,7509,2017,0.0,2116.0,0.527046,2.264624,PRT,BRA,560221
11904360,180,32,7509,2017,0.0,4197.0,-0.437741,-0.9248879999999999,PRY,BRA,560221
11904361,192,32,7509,2017,1911.0,0.0,1.884166,0.37903600000000004,SGP,BRA,560221
11904362,216,32,7509,2017,0.0,14174.0,0.983977,1.3926020000000001,THA,BRA,560221
11904363,224,32,7509,2017,0.0,27720.0,0.541611,2.405872,TUR,BRA,560221
11904364,231,32,7509,2017,11494.0,0.0,1.601478,0.277271,USA,BRA,560221
11904365,236,32,7509,2017,0.0,3078.0,-0.8874559999999999,-1.178752,VEN,BRA,560221
11904366,246,32,7509,2017,0.0,2930.0,0.2066,1.378591,ZAF,BRA,560221
11904367,249,32,7509,2017,4381.0,0.0,2.0548290000000002,1.2552969999999999,TWN,BRA,560221
11904368,7,39,7509,2017,0.0,22101.0,0.210477,0.02557,ARE,CAN,560221
11904369,14,39,7509,2017,0.0,3717.0,-0.42427200000000004,-0.152921,AUS,CAN,560221
11904370,32,39,7509,2017,0.0,1162.0,0.145224,0.483461,BRA,CAN,560221
11904371,41,39,7509,2017,0.0,3638.0,2.2557810000000003,0.845459,CHE,CAN,560221
11904372,43,39,7509,2017,23613.0,3331.0,1.1127790000000002,1.56869,CHN,CAN,560221
11904373,61,39,7509,2017,414470.0,8332.0,2.1149459999999998,-2.525372,DEU,CAN,560221
11904374,71,39,7509,2017,11782.0,2427.0,0.734342,2.8180099999999997,ESP,CAN,560221
11904375,77,39,7509,2017,0.0,5026.0,1.398427,0.894732,FRA,CAN,560221
11904376,81,39,7509,2017,16140.0,0.0,1.6883119999999998,0.8347469999999999,GBR,CAN,560221
11904377,103,39,7509,2017,0.0,3136.0,-0.23641700000000002,1.188173,IDN,CAN,560221
11904378,104,39,7509,2017,182033.0,0.0,0.290576,2.726391,IND,CAN,560221
11904379,111,39,7509,2017,1671.0,0.0,1.34395,0.577693,ITA,CAN,560221
11904380,138,39,7509,2017,26592.0,0.0,1.08871,0.5745279999999999,MEX,CAN,560221
11904381,162,39,7509,2017,30488.0,0.0,1.146959,1.470869,NLD,CAN,560221
11904382,164,39,7509,2017,300745.0,0.0,-0.319681,0.5788220000000001,NPL,CAN,560221
11904383,192,39,7509,2017,0.0,9792.0,1.884166,0.37903600000000004,SGP,CAN,560221
11904384,231,39,7509,2017,799295.0,2728398.0,1.601478,0.277271,USA,CAN,560221
11904385,246,39,7509,2017,0.0,4180.0,0.2066,1.378591,ZAF,CAN,560221
11904386,7,41,7509,2017,0.0,1358.0,0.210477,0.02557,ARE,CHE,560221
11904387,8,41,7509,2017,0.0,3596.0,-0.120753,0.233375,ARG,CHE,560221
11904388,15,41,7509,2017,153384.0,17415.0,1.728623,-0.031045999999999997,AUT,CHE,560221
11904389,18,41,7509,2017,2749.0,51608.0,1.292657,1.19571,BEL,CHE,560221
11904390,22,41,7509,2017,0.0,2813.0,-1.016251,-0.987654,BGD,CHE,560221
11904391,23,41,7509,2017,0.0,5921.0,0.557843,1.7221119999999999,BGR,CHE,560221
11904392,26,41,7509,2017,5485.0,0.0,0.43245,0.726721,BIH,CHE,560221
11904393,39,41,7509,2017,3638.0,0.0,0.73897,1.206402,CAN,CHE,560221
11904394,42,41,7509,2017,0.0,3838.0,-0.378693,-0.492983,CHL,CHE,560221
11904395,43,41,7509,2017,5478.0,12653.0,1.1127790000000002,1.56869,CHN,CHE,560221
11904396,59,41,7509,2017,0.0,8740.0,1.7715130000000001,0.359668,CZE,CHE,560221
11904397,61,41,7509,2017,869661.0,219428.0,2.1149459999999998,-2.525372,DEU,CHE,560221
11904398,64,41,7509,2017,1303.0,3948.0,1.159753,1.233914,DNK,CHE,560221
11904399,71,41,7509,2017,330650.0,9643.0,0.734342,2.8180099999999997,ESP,CHE,560221
11904400,77,41,7509,2017,14835.0,7044.0,1.398427,0.894732,FRA,CHE,560221
11904401,81,41,7509,2017,2600.0,1479.0,1.6883119999999998,0.8347469999999999,GBR,CHE,560221
11904402,97,41,7509,2017,0.0,5694.0,0.824982,1.7162220000000001,HKG,CHE,560221
11904403,102,41,7509,2017,0.0,4096.0,1.4886270000000001,0.845986,HUN,CHE,560221
11904404,104,41,7509,2017,5484.0,984.0,0.290576,2.726391,IND,CHE,560221
11904405,111,41,7509,2017,349766.0,39016.0,1.34395,0.577693,ITA,CHE,560221
11904406,121,41,7509,2017,0.0,4452.0,2.011263,0.783215,KOR,CHE,560221
11904407,128,41,7509,2017,0.0,5259.0,-0.46442799999999995,0.472132,LKA,CHE,560221
11904408,162,41,7509,2017,24454.0,0.0,1.146959,1.470869,NLD,CHE,560221
11904409,164,41,7509,2017,3724.0,0.0,-0.319681,0.5788220000000001,NPL,CHE,560221
11904410,174,41,7509,2017,1704.0,0.0,0.657759,0.170061,PHL,CHE,560221
11904411,177,41,7509,2017,10353.0,21180.0,1.197417,1.092716,POL,CHE,560221
11904412,179,41,7509,2017,0.0,949.0,0.527046,2.264624,PRT,CHE,560221
11904413,185,41,7509,2017,0.0,2272.0,1.05479,0.9842219999999999,ROU,CHE,560221
11904414,186,41,7509,2017,0.0,15060.0,0.32885,0.288392,RUS,CHE,560221
11904415,192,41,7509,2017,0.0,1683.0,1.884166,0.37903600000000004,SGP,CHE,560221
11904416,208,41,7509,2017,5998.0,0.0,1.764732,0.732646,SWE,CHE,560221
11904417,216,41,7509,2017,0.0,1092.0,0.983977,1.3926020000000001,THA,CHE,560221
11904418,224,41,7509,2017,0.0,8798.0,0.541611,2.405872,TUR,CHE,560221
11904419,231,41,7509,2017,2048.0,7746.0,1.601478,0.277271,USA,CHE,560221
11904420,236,41,7509,2017,0.0,5018.0,-0.8874559999999999,-1.178752,VEN,CHE,560221
11904421,246,41,7509,2017,0.0,1075.0,0.2066,1.378591,ZAF,CHE,560221
11904422,18,42,7509,2017,1249.0,0.0,1.292657,1.19571,BEL,CHL,560221
11904423,31,42,7509,2017,0.0,3791.0,-1.158425,-1.076242,BOL,CHL,560221
11904424,32,42,7509,2017,2747.0,0.0,0.145224,0.483461,BRA,CHL,560221
11904425,41,42,7509,2017,3838.0,0.0,2.2557810000000003,0.845459,CHE,CHL,560221
11904426,43,42,7509,2017,15976.0,0.0,1.1127790000000002,1.56869,CHN,CHL,560221
11904427,61,42,7509,2017,18106.0,0.0,2.1149459999999998,-2.525372,DEU,CHL,560221
11904428,104,42,7509,2017,9762.0,0.0,0.290576,2.726391,IND,CHL,560221
11904429,162,42,7509,2017,8782.0,0.0,1.146959,1.470869,NLD,CHL,560221
11904430,173,42,7509,2017,0.0,4995.0,-0.667658,-0.318344,PER,CHL,560221
11904431,180,42,7509,2017,0.0,9014.0,-0.437741,-0.9248879999999999,PRY,CHL,560221
11904432,231,42,7509,2017,5397.0,0.0,1.601478,0.277271,USA,CHL,560221
11904433,2,43,7509,2017,0.0,7155.0,-1.408777,-1.215475,AGO,CHN,560221
11904434,7,43,7509,2017,1718.0,85371.0,0.210477,0.02557,ARE,CHN,560221
11904435,8,43,7509,2017,0.0,60174.0,-0.120753,0.233375,ARG,CHN,560221
11904436,14,43,7509,2017,0.0,98383.0,-0.42427200000000004,-0.152921,AUS,CHN,560221
11904437,15,43,7509,2017,1758.0,1225.0,1.728623,-0.031045999999999997,AUT,CHN,560221
11904438,18,43,7509,2017,16276.0,2936.0,1.292657,1.19571,BEL,CHN,560221
11904439,22,43,7509,2017,0.0,5860.0,-1.016251,-0.987654,BGD,CHN,560221
11904440,23,43,7509,2017,0.0,4792.0,0.557843,1.7221119999999999,BGR,CHN,560221
11904441,24,43,7509,2017,0.0,2918.0,0.485479,-0.5348890000000001,BHR,CHN,560221
11904442,28,43,7509,2017,0.0,1251.0,0.8115829999999999,0.8323459999999999,BLR,CHN,560221
11904443,32,43,7509,2017,0.0,7486.0,0.145224,0.483461,BRA,CHN,560221
11904444,39,43,7509,2017,3331.0,23613.0,0.73897,1.206402,CAN,CHN,560221
11904445,41,43,7509,2017,12653.0,5478.0,2.2557810000000003,0.845459,CHE,CHN,560221
11904446,42,43,7509,2017,0.0,15976.0,-0.378693,-0.492983,CHL,CHN,560221
11904447,49,43,7509,2017,0.0,30202.0,0.208096,-0.17644300000000002,COL,CHN,560221
11904448,52,43,7509,2017,0.0,32700.0,0.288642,-0.056219000000000005,CRI,CHN,560221
11904449,54,43,7509,2017,0.0,1011.0,-0.77404,-1.121084,CUB,CHN,560221
11904450,59,43,7509,2017,0.0,27083.0,1.7715130000000001,0.359668,CZE,CHN,560221
11904451,61,43,7509,2017,3406260.0,349309.0,2.1149459999999998,-2.525372,DEU,CHN,560221
11904452,64,43,7509,2017,0.0,9865.0,1.159753,1.233914,DNK,CHN,560221
11904453,65,43,7509,2017,0.0,20101.0,-0.168016,0.30840100000000004,DOM,CHN,560221
11904454,66,43,7509,2017,0.0,1924.0,-0.9905579999999999,-1.1996200000000001,DZA,CHN,560221
11904455,67,43,7509,2017,0.0,9429.0,-0.9995850000000001,-1.086367,ECU,CHN,560221
11904456,68,43,7509,2017,0.0,1952.0,-0.073436,1.829121,EGY,CHN,560221
11904457,71,43,7509,2017,1716.0,28231.0,0.734342,2.8180099999999997,ESP,CHN,560221
11904458,73,43,7509,2017,0.0,58301.0,-1.007413,-0.638231,ETH,CHN,560221
11904459,74,43,7509,2017,1195.0,6873.0,1.655957,0.962485,FIN,CHN,560221
11904460,77,43,7509,2017,78936.0,40943.0,1.398427,0.894732,FRA,CHN,560221
11904461,81,43,7509,2017,40648.0,188075.0,1.6883119999999998,0.8347469999999999,GBR,CHN,560221
11904462,83,43,7509,2017,0.0,3900.0,-0.929143,-0.811439,GHA,CHN,560221
11904463,92,43,7509,2017,0.0,218.0,-1.226963,-0.9309620000000001,GRL,CHN,560221
11904464,97,43,7509,2017,555597.0,161307.0,0.824982,1.7162220000000001,HKG,CHN,560221
11904465,102,43,7509,2017,0.0,6638.0,1.4886270000000001,0.845986,HUN,CHN,560221
11904466,103,43,7509,2017,0.0,106445.0,-0.23641700000000002,1.188173,IDN,CHN,560221
11904467,104,43,7509,2017,3011.0,104797.0,0.290576,2.726391,IND,CHN,560221
11904468,107,43,7509,2017,0.0,19036.0,-0.361292,-0.361813,IRN,CHN,560221
11904469,108,43,7509,2017,0.0,1600.0,-1.515339,-0.9462950000000001,IRQ,CHN,560221
11904470,110,43,7509,2017,0.0,4911.0,1.436156,0.776574,ISR,CHN,560221
11904471,111,43,7509,2017,8270.0,29524.0,1.34395,0.577693,ITA,CHN,560221
11904472,113,43,7509,2017,0.0,2105.0,0.020035,0.295415,JOR,CHN,560221
11904473,114,43,7509,2017,3961612.0,645285.0,2.4510419999999997,-0.277357,JPN,CHN,560221
11904474,115,43,7509,2017,0.0,78038.0,-0.394316,-0.5485979999999999,KAZ,CHN,560221
11904475,118,43,7509,2017,0.0,1288.0,-0.656325,-0.622167,KHM,CHN,560221
11904476,121,43,7509,2017,118895.0,539755.0,2.011263,0.783215,KOR,CHN,560221
11904477,122,43,7509,2017,0.0,7431.0,-0.229821,-1.128482,KWT,CHN,560221
11904478,123,43,7509,2017,0.0,3108.0,-0.9742190000000001,-0.727593,LAO,CHN,560221
11904479,124,43,7509,2017,0.0,1031.0,0.266847,1.117621,LBN,CHN,560221
11904480,128,43,7509,2017,0.0,3588.0,-0.46442799999999995,0.472132,LKA,CHN,560221
11904481,130,43,7509,2017,0.0,4804.0,0.855858,1.447717,LTU,CHN,560221
11904482,132,43,7509,2017,0.0,34113.0,0.684555,1.3208030000000002,LVA,CHN,560221
11904483,134,43,7509,2017,0.0,1762.0,-0.757236,-0.065347,MAR,CHN,560221
11904484,138,43,7509,2017,30068.0,21542.0,1.08871,0.5745279999999999,MEX,CHN,560221
11904485,145,43,7509,2017,1498.0,257234.0,-0.933737,-1.1195620000000002,MNG,CHN,560221
11904486,151,43,7509,2017,0.0,2321.0,-0.156616,0.073153,MUS,CHN,560221
11904487,153,43,7509,2017,0.0,74798.0,1.0110139999999999,0.6840729999999999,MYS,CHN,560221
11904488,157,43,7509,2017,0.0,7240.0,-1.250156,-0.995524,NER,CHN,560221
11904489,159,43,7509,2017,0.0,4302.0,-1.8260919999999998,-1.276591,NGA,CHN,560221
11904490,160,43,7509,2017,0.0,1777.0,-1.0502280000000002,-0.8817719999999999,NIC,CHN,560221
11904491,162,43,7509,2017,34427.0,41713.0,1.146959,1.470869,NLD,CHN,560221
11904492,163,43,7509,2017,0.0,11040.0,0.73658,0.11450199999999999,NOR,CHN,560221
11904493,164,43,7509,2017,10046.0,2181.0,-0.319681,0.5788220000000001,NPL,CHN,560221
11904494,166,43,7509,2017,0.0,337549.0,0.25651199999999996,0.132996,NZL,CHN,560221
11904495,168,43,7509,2017,0.0,168958.0,-0.698561,0.43523500000000004,PAK,CHN,560221
11904496,169,43,7509,2017,0.0,1621.0,0.5520109999999999,0.788181,PAN,CHN,560221
11904497,173,43,7509,2017,0.0,8067.0,-0.667658,-0.318344,PER,CHN,560221
11904498,174,43,7509,2017,0.0,87403.0,0.657759,0.170061,PHL,CHN,560221
11904499,176,43,7509,2017,0.0,3404.0,-1.788834,-1.267126,PNG,CHN,560221
11904500,177,43,7509,2017,0.0,95935.0,1.197417,1.092716,POL,CHN,560221
11904501,178,43,7509,2017,0.0,1950.0,-0.353642,-0.08027000000000001,PRK,CHN,560221
11904502,179,43,7509,2017,0.0,5177.0,0.527046,2.264624,PRT,CHN,560221
11904503,180,43,7509,2017,0.0,3033.0,-0.437741,-0.9248879999999999,PRY,CHN,560221
11904504,183,43,7509,2017,0.0,2030.0,-0.361327,-1.066869,QAT,CHN,560221
11904505,185,43,7509,2017,2464.0,9102.0,1.05479,0.9842219999999999,ROU,CHN,560221
11904506,186,43,7509,2017,0.0,107591.0,0.32885,0.288392,RUS,CHN,560221
11904507,188,43,7509,2017,0.0,19491.0,0.597716,-0.345049,SAU,CHN,560221
11904508,190,43,7509,2017,0.0,20888.0,-1.567691,-1.257164,SDN,CHN,560221
11904509,192,43,7509,2017,0.0,94492.0,1.884166,0.37903600000000004,SGP,CHN,560221
11904510,197,43,7509,2017,0.0,2911.0,0.113639,0.23175199999999999,SLV,CHN,560221
11904511,206,43,7509,2017,0.0,6886.0,1.279606,0.85503,SVK,CHN,560221
11904512,207,43,7509,2017,3803.0,3247.0,1.600319,0.854305,SVN,CHN,560221
11904513,208,43,7509,2017,0.0,108888.0,1.764732,0.732646,SWE,CHN,560221
11904514,216,43,7509,2017,1332865.0,47387.0,0.983977,1.3926020000000001,THA,CHN,560221
11904515,219,43,7509,2017,0.0,9445.0,-1.564885,-1.274637,TKM,CHN,560221
11904516,224,43,7509,2017,3305.0,20713.0,0.541611,2.405872,TUR,CHN,560221
11904517,228,43,7509,2017,0.0,143712.0,0.461109,0.7826569999999999,UKR,CHN,560221
11904518,230,43,7509,2017,0.0,2172.0,0.16963,-0.403006,URY,CHN,560221
11904519,231,43,7509,2017,34050.0,138679.0,1.601478,0.277271,USA,CHN,560221
11904520,232,43,7509,2017,0.0,20061.0,-0.407169,-0.264942,UZB,CHN,560221
11904521,239,43,7509,2017,0.0,60181.0,-0.009819,0.686429,VNM,CHN,560221
11904522,242,43,7509,2017,0.0,2461.0,0.450726,0.050197000000000006,WSM,CHN,560221
11904523,246,43,7509,2017,0.0,78497.0,0.2066,1.378591,ZAF,CHN,560221
11904524,249,43,7509,2017,51571.0,91245.0,2.0548290000000002,1.2552969999999999,TWN,CHN,560221
11904525,32,49,7509,2017,4917.0,0.0,0.145224,0.483461,BRA,COL,560221
11904526,43,49,7509,2017,30202.0,0.0,1.1127790000000002,1.56869,CHN,COL,560221
11904527,61,49,7509,2017,12440.0,0.0,2.1149459999999998,-2.525372,DEU,COL,560221
11904528,67,49,7509,2017,0.0,4818.0,-0.9995850000000001,-1.086367,ECU,COL,560221
11904529,71,49,7509,2017,13960.0,0.0,0.734342,2.8180099999999997,ESP,COL,560221
11904530,111,49,7509,2017,1123.0,0.0,1.34395,0.577693,ITA,COL,560221
11904531,162,49,7509,2017,12627.0,0.0,1.146959,1.470869,NLD,COL,560221
11904532,169,49,7509,2017,0.0,5283.0,0.5520109999999999,0.788181,PAN,COL,560221
11904533,231,49,7509,2017,8296.0,0.0,1.601478,0.277271,USA,COL,560221
11904534,43,52,7509,2017,32700.0,0.0,1.1127790000000002,1.56869,CHN,CRI,560221
11904535,138,52,7509,2017,16399.0,0.0,1.08871,0.5745279999999999,MEX,CRI,560221
11904536,162,58,7509,2017,1529.0,0.0,1.146959,1.470869,NLD,CYP,560221
11904537,7,61,7509,2017,0.0,6234.0,0.210477,0.02557,ARE,DEU,560221
11904538,8,61,7509,2017,0.0,9905.0,-0.120753,0.233375,ARG,DEU,560221
11904539,14,61,7509,2017,0.0,167415.0,-0.42427200000000004,-0.152921,AUS,DEU,560221
11904540,15,61,7509,2017,5333.0,992621.0,1.728623,-0.031045999999999997,AUT,DEU,560221
11904541,18,61,7509,2017,198148.0,595101.0,1.292657,1.19571,BEL,DEU,560221
11904542,22,61,7509,2017,0.0,5710.0,-1.016251,-0.987654,BGD,DEU,560221
11904543,23,61,7509,2017,1641.0,442360.0,0.557843,1.7221119999999999,BGR,DEU,560221
11904544,26,61,7509,2017,0.0,91115.0,0.43245,0.726721,BIH,DEU,560221
11904545,28,61,7509,2017,0.0,3870.0,0.8115829999999999,0.8323459999999999,BLR,DEU,560221
11904546,32,61,7509,2017,0.0,22118.0,0.145224,0.483461,BRA,DEU,560221
11904547,39,61,7509,2017,8332.0,414470.0,0.73897,1.206402,CAN,DEU,560221
11904548,41,61,7509,2017,219428.0,869661.0,2.2557810000000003,0.845459,CHE,DEU,560221
11904549,42,61,7509,2017,0.0,18106.0,-0.378693,-0.492983,CHL,DEU,560221
11904550,43,61,7509,2017,349309.0,3406260.0,1.1127790000000002,1.56869,CHN,DEU,560221
11904551,44,61,7509,2017,0.0,1988.0,-0.784119,-0.904135,CIV,DEU,560221
11904552,49,61,7509,2017,0.0,12440.0,0.208096,-0.17644300000000002,COL,DEU,560221
11904553,59,61,7509,2017,110952.0,393692.0,1.7715130000000001,0.359668,CZE,DEU,560221
11904554,64,61,7509,2017,4347.0,513759.0,1.159753,1.233914,DNK,DEU,560221
11904555,66,61,7509,2017,0.0,2229.0,-0.9905579999999999,-1.1996200000000001,DZA,DEU,560221
11904556,68,61,7509,2017,0.0,33206.0,-0.073436,1.829121,EGY,DEU,560221
11904557,71,61,7509,2017,1817694.0,190036.0,0.734342,2.8180099999999997,ESP,DEU,560221
11904558,72,61,7509,2017,0.0,44688.0,1.010985,1.289633,EST,DEU,560221
11904559,74,61,7509,2017,0.0,207112.0,1.655957,0.962485,FIN,DEU,560221
11904560,77,61,7509,2017,887281.0,674201.0,1.398427,0.894732,FRA,DEU,560221
11904561,81,61,7509,2017,135295.0,1141779.0,1.6883119999999998,0.8347469999999999,GBR,DEU,560221
11904562,85,61,7509,2017,0.0,2874.0,-1.7560669999999998,-1.2747680000000001,GIN,DEU,560221
11904563,90,61,7509,2017,0.0,8341.0,0.154098,1.151038,GRC,DEU,560221
11904564,97,61,7509,2017,0.0,71521.0,0.824982,1.7162220000000001,HKG,DEU,560221
11904565,100,61,7509,2017,0.0,60256.0,0.860825,1.365445,HRV,DEU,560221
11904566,102,61,7509,2017,2402.0,511279.0,1.4886270000000001,0.845986,HUN,DEU,560221
11904567,103,61,7509,2017,0.0,11903.0,-0.23641700000000002,1.188173,IDN,DEU,560221
11904568,104,61,7509,2017,576486.0,113856.0,0.290576,2.726391,IND,DEU,560221
11904569,106,61,7509,2017,5307.0,18750.0,1.363544,0.169211,IRL,DEU,560221
11904570,107,61,7509,2017,0.0,1239.0,-0.361292,-0.361813,IRN,DEU,560221
11904571,109,61,7509,2017,0.0,1112.0,0.386094,-0.277269,ISL,DEU,560221
11904572,110,61,7509,2017,0.0,8050.0,1.436156,0.776574,ISR,DEU,560221
11904573,111,61,7509,2017,1943537.0,1304497.0,1.34395,0.577693,ITA,DEU,560221
11904574,113,61,7509,2017,0.0,4932.0,0.020035,0.295415,JOR,DEU,560221
11904575,114,61,7509,2017,13866.0,1094453.0,2.4510419999999997,-0.277357,JPN,DEU,560221
11904576,115,61,7509,2017,0.0,14760.0,-0.394316,-0.5485979999999999,KAZ,DEU,560221
11904577,116,61,7509,2017,0.0,915.0,-0.579541,0.511926,KEN,DEU,560221
11904578,117,61,7509,2017,5017.0,0.0,-0.11530599999999999,0.264752,KGZ,DEU,560221
11904579,121,61,7509,2017,0.0,40360.0,2.011263,0.783215,KOR,DEU,560221
11904580,122,61,7509,2017,0.0,6056.0,-0.229821,-1.128482,KWT,DEU,560221
11904581,130,61,7509,2017,2129.0,53421.0,0.855858,1.447717,LTU,DEU,560221
11904582,131,61,7509,2017,0.0,73214.0,1.24064,1.298263,LUX,DEU,560221
11904583,132,61,7509,2017,0.0,20486.0,0.684555,1.3208030000000002,LVA,DEU,560221
11904584,134,61,7509,2017,0.0,4905.0,-0.757236,-0.065347,MAR,DEU,560221
11904585,138,61,7509,2017,0.0,150765.0,1.08871,0.5745279999999999,MEX,DEU,560221
11904586,140,61,7509,2017,0.0,10119.0,-0.0292,-0.377156,MKD,DEU,560221
11904587,153,61,7509,2017,0.0,11594.0,1.0110139999999999,0.6840729999999999,MYS,DEU,560221
11904588,162,61,7509,2017,76479.0,719342.0,1.146959,1.470869,NLD,DEU,560221
11904589,163,61,7509,2017,0.0,16419.0,0.73658,0.11450199999999999,NOR,DEU,560221
11904590,164,61,7509,2017,70432.0,0.0,-0.319681,0.5788220000000001,NPL,DEU,560221
11904591,166,61,7509,2017,0.0,8495.0,0.25651199999999996,0.132996,NZL,DEU,560221
11904592,168,61,7509,2017,0.0,3681.0,-0.698561,0.43523500000000004,PAK,DEU,560221
11904593,173,61,7509,2017,0.0,1045.0,-0.667658,-0.318344,PER,DEU,560221
11904594,177,61,7509,2017,15629.0,1243539.0,1.197417,1.092716,POL,DEU,560221
11904595,179,61,7509,2017,1771.0,120717.0,0.527046,2.264624,PRT,DEU,560221
11904596,180,61,7509,2017,0.0,8008.0,-0.437741,-0.9248879999999999,PRY,DEU,560221
11904597,183,61,7509,2017,0.0,1023.0,-0.361327,-1.066869,QAT,DEU,560221
11904598,185,61,7509,2017,0.0,579261.0,1.05479,0.9842219999999999,ROU,DEU,560221
11904599,186,61,7509,2017,0.0,98748.0,0.32885,0.288392,RUS,DEU,560221
11904600,188,61,7509,2017,0.0,5341.0,0.597716,-0.345049,SAU,DEU,560221
11904601,192,61,7509,2017,0.0,9411.0,1.884166,0.37903600000000004,SGP,DEU,560221
11904602,201,61,7509,2017,0.0,61426.0,0.541644,1.19872,SRB,DEU,560221
11904603,206,61,7509,2017,0.0,93126.0,1.279606,0.85503,SVK,DEU,560221
11904604,207,61,7509,2017,0.0,56859.0,1.600319,0.854305,SVN,DEU,560221
11904605,208,61,7509,2017,6472.0,300127.0,1.764732,0.732646,SWE,DEU,560221
11904606,216,61,7509,2017,0.0,6902.0,0.983977,1.3926020000000001,THA,DEU,560221
11904607,223,61,7509,2017,0.0,66990.0,0.224119,0.961772,TUN,DEU,560221
11904608,224,61,7509,2017,46811.0,975023.0,0.541611,2.405872,TUR,DEU,560221
11904609,228,61,7509,2017,0.0,78180.0,0.461109,0.7826569999999999,UKR,DEU,560221
11904610,230,61,7509,2017,0.0,1044.0,0.16963,-0.403006,URY,DEU,560221
11904611,231,61,7509,2017,49292.0,7689264.0,1.601478,0.277271,USA,DEU,560221
11904612,236,61,7509,2017,0.0,1861.0,-0.8874559999999999,-1.178752,VEN,DEU,560221
11904613,239,61,7509,2017,0.0,271759.0,-0.009819,0.686429,VNM,DEU,560221
11904614,246,61,7509,2017,0.0,16614.0,0.2066,1.378591,ZAF,DEU,560221
11904615,249,61,7509,2017,0.0,5076.0,2.0548290000000002,1.2552969999999999,TWN,DEU,560221
11904616,18,64,7509,2017,2290.0,1905.0,1.292657,1.19571,BEL,DNK,560221
11904617,41,64,7509,2017,3948.0,1303.0,2.2557810000000003,0.845459,CHE,DNK,560221
11904618,43,64,7509,2017,9865.0,0.0,1.1127790000000002,1.56869,CHN,DNK,560221
11904619,59,64,7509,2017,6585.0,0.0,1.7715130000000001,0.359668,CZE,DNK,560221
11904620,61,64,7509,2017,513759.0,4347.0,2.1149459999999998,-2.525372,DEU,DNK,560221
11904621,71,64,7509,2017,691123.0,3612.0,0.734342,2.8180099999999997,ESP,DNK,560221
11904622,74,64,7509,2017,0.0,398899.0,1.655957,0.962485,FIN,DNK,560221
11904623,77,64,7509,2017,3963.0,14556.0,1.398427,0.894732,FRA,DNK,560221
11904624,92,64,7509,2017,0.0,3457.0,-1.226963,-0.9309620000000001,GRL,DNK,560221
11904625,102,64,7509,2017,5171.0,16565.0,1.4886270000000001,0.845986,HUN,DNK,560221
11904626,111,64,7509,2017,2802.0,4334.0,1.34395,0.577693,ITA,DNK,560221
11904627,130,64,7509,2017,2586.0,4316.0,0.855858,1.447717,LTU,DNK,560221
11904628,145,64,7509,2017,1775.0,0.0,-0.933737,-1.1195620000000002,MNG,DNK,560221
11904629,162,64,7509,2017,22241.0,3642.0,1.146959,1.470869,NLD,DNK,560221
11904630,163,64,7509,2017,0.0,2087.0,0.73658,0.11450199999999999,NOR,DNK,560221
11904631,164,64,7509,2017,12815.0,0.0,-0.319681,0.5788220000000001,NPL,DNK,560221
11904632,177,64,7509,2017,4559.0,13757.0,1.197417,1.092716,POL,DNK,560221
11904633,208,64,7509,2017,5081.0,30771.0,1.764732,0.732646,SWE,DNK,560221
11904634,228,64,7509,2017,0.0,1345.0,0.461109,0.7826569999999999,UKR,DNK,560221
11904635,231,64,7509,2017,0.0,113839.0,1.601478,0.277271,USA,DNK,560221
11904636,32,65,7509,2017,1238.0,0.0,0.145224,0.483461,BRA,DOM,560221
11904637,43,65,7509,2017,20101.0,0.0,1.1127790000000002,1.56869,CHN,DOM,560221
11904638,81,65,7509,2017,18720.0,0.0,1.6883119999999998,0.8347469999999999,GBR,DOM,560221
11904639,231,65,7509,2017,123687.0,0.0,1.601478,0.277271,USA,DOM,560221
11904640,32,67,7509,2017,3800.0,0.0,0.145224,0.483461,BRA,ECU,560221
11904641,43,67,7509,2017,9429.0,0.0,1.1127790000000002,1.56869,CHN,ECU,560221
11904642,49,67,7509,2017,4818.0,0.0,0.208096,-0.17644300000000002,COL,ECU,560221
11904643,7,71,7509,2017,0.0,1187.0,0.210477,0.02557,ARE,ESP,560221
11904644,14,71,7509,2017,0.0,1723.0,-0.42427200000000004,-0.152921,AUS,ESP,560221
11904645,15,71,7509,2017,2805.0,51123.0,1.728623,-0.031045999999999997,AUT,ESP,560221
11904646,18,71,7509,2017,17801.0,219864.0,1.292657,1.19571,BEL,ESP,560221
11904647,32,71,7509,2017,1130.0,54843.0,0.145224,0.483461,BRA,ESP,560221
11904648,39,71,7509,2017,2427.0,11782.0,0.73897,1.206402,CAN,ESP,560221
11904649,41,71,7509,2017,9643.0,330650.0,2.2557810000000003,0.845459,CHE,ESP,560221
11904650,43,71,7509,2017,28231.0,1716.0,1.1127790000000002,1.56869,CHN,ESP,560221
11904651,49,71,7509,2017,0.0,13960.0,0.208096,-0.17644300000000002,COL,ESP,560221
11904652,59,71,7509,2017,1440.0,67465.0,1.7715130000000001,0.359668,CZE,ESP,560221
11904653,61,71,7509,2017,190036.0,1817694.0,2.1149459999999998,-2.525372,DEU,ESP,560221
11904654,64,71,7509,2017,3612.0,691123.0,1.159753,1.233914,DNK,ESP,560221
11904655,66,71,7509,2017,0.0,5847.0,-0.9905579999999999,-1.1996200000000001,DZA,ESP,560221
11904656,68,71,7509,2017,0.0,28064.0,-0.073436,1.829121,EGY,ESP,560221
11904657,72,71,7509,2017,0.0,8314.0,1.010985,1.289633,EST,ESP,560221
11904658,74,71,7509,2017,0.0,25726.0,1.655957,0.962485,FIN,ESP,560221
11904659,77,71,7509,2017,33902.0,299472.0,1.398427,0.894732,FRA,ESP,560221
11904660,81,71,7509,2017,51487.0,774311.0,1.6883119999999998,0.8347469999999999,GBR,ESP,560221
11904661,104,71,7509,2017,15909.0,10285.0,0.290576,2.726391,IND,ESP,560221
11904662,106,71,7509,2017,2713.0,0.0,1.363544,0.169211,IRL,ESP,560221
11904663,107,71,7509,2017,0.0,21955.0,-0.361292,-0.361813,IRN,ESP,560221
11904664,111,71,7509,2017,117312.0,417970.0,1.34395,0.577693,ITA,ESP,560221
11904665,121,71,7509,2017,0.0,4127.0,2.011263,0.783215,KOR,ESP,560221
11904666,130,71,7509,2017,10446.0,467469.0,0.855858,1.447717,LTU,ESP,560221
11904667,134,71,7509,2017,0.0,45109.0,-0.757236,-0.065347,MAR,ESP,560221
11904668,138,71,7509,2017,0.0,13378.0,1.08871,0.5745279999999999,MEX,ESP,560221
11904669,162,71,7509,2017,34077.0,937118.0,1.146959,1.470869,NLD,ESP,560221
11904670,163,71,7509,2017,0.0,2498.0,0.73658,0.11450199999999999,NOR,ESP,560221
11904671,164,71,7509,2017,2938.0,0.0,-0.319681,0.5788220000000001,NPL,ESP,560221
11904672,169,71,7509,2017,0.0,7736.0,0.5520109999999999,0.788181,PAN,ESP,560221
11904673,177,71,7509,2017,0.0,60714.0,1.197417,1.092716,POL,ESP,560221
11904674,179,71,7509,2017,183634.0,354141.0,0.527046,2.264624,PRT,ESP,560221
11904675,185,71,7509,2017,0.0,36418.0,1.05479,0.9842219999999999,ROU,ESP,560221
11904676,186,71,7509,2017,0.0,7111.0,0.32885,0.288392,RUS,ESP,560221
11904677,208,71,7509,2017,0.0,14355.0,1.764732,0.732646,SWE,ESP,560221
11904678,224,71,7509,2017,0.0,2296.0,0.541611,2.405872,TUR,ESP,560221
11904679,231,71,7509,2017,12293.0,378922.0,1.601478,0.277271,USA,ESP,560221
11904680,246,71,7509,2017,0.0,11290.0,0.2066,1.378591,ZAF,ESP,560221
11904681,249,71,7509,2017,0.0,1885.0,2.0548290000000002,1.2552969999999999,TWN,ESP,560221
11904682,250,71,7509,2017,2885.0,0.0,0.72523,-0.205046,ANS,ESP,560221
11904683,43,74,7509,2017,6873.0,1195.0,1.1127790000000002,1.56869,CHN,FIN,560221
11904684,61,74,7509,2017,207112.0,0.0,2.1149459999999998,-2.525372,DEU,FIN,560221
11904685,64,74,7509,2017,398899.0,0.0,1.159753,1.233914,DNK,FIN,560221
11904686,71,74,7509,2017,25726.0,0.0,0.734342,2.8180099999999997,ESP,FIN,560221
11904687,72,74,7509,2017,0.0,2254.0,1.010985,1.289633,EST,FIN,560221
11904688,81,74,7509,2017,964.0,0.0,1.6883119999999998,0.8347469999999999,GBR,FIN,560221
11904689,114,74,7509,2017,0.0,1813.0,2.4510419999999997,-0.277357,JPN,FIN,560221
11904690,130,74,7509,2017,380988.0,0.0,0.855858,1.447717,LTU,FIN,560221
11904691,132,74,7509,2017,0.0,9199.0,0.684555,1.3208030000000002,LVA,FIN,560221
11904692,163,74,7509,2017,0.0,3250.0,0.73658,0.11450199999999999,NOR,FIN,560221
11904693,164,74,7509,2017,10090.0,0.0,-0.319681,0.5788220000000001,NPL,FIN,560221
11904694,207,74,7509,2017,11487.0,0.0,1.600319,0.854305,SVN,FIN,560221
11904695,208,74,7509,2017,66928.0,0.0,1.764732,0.732646,SWE,FIN,560221
11904696,224,74,7509,2017,18050.0,0.0,0.541611,2.405872,TUR,FIN,560221
11904697,231,74,7509,2017,1362.0,0.0,1.601478,0.277271,USA,FIN,560221
11904698,7,77,7509,2017,0.0,2425.0,0.210477,0.02557,ARE,FRA,560221
11904699,18,77,7509,2017,804595.0,63649.0,1.292657,1.19571,BEL,FRA,560221
11904700,22,77,7509,2017,0.0,18020.0,-1.016251,-0.987654,BGD,FRA,560221
11904701,23,77,7509,2017,0.0,3519.0,0.557843,1.7221119999999999,BGR,FRA,560221
11904702,32,77,7509,2017,0.0,6971.0,0.145224,0.483461,BRA,FRA,560221
11904703,39,77,7509,2017,5026.0,0.0,0.73897,1.206402,CAN,FRA,560221
11904704,41,77,7509,2017,7044.0,14835.0,2.2557810000000003,0.845459,CHE,FRA,560221
11904705,43,77,7509,2017,40943.0,78936.0,1.1127790000000002,1.56869,CHN,FRA,560221
11904706,47,77,7509,2017,0.0,3744.0,-1.2289780000000001,-1.169368,COG,FRA,560221
11904707,59,77,7509,2017,2930.0,26008.0,1.7715130000000001,0.359668,CZE,FRA,560221
11904708,61,77,7509,2017,674201.0,887281.0,2.1149459999999998,-2.525372,DEU,FRA,560221
11904709,64,77,7509,2017,14556.0,3963.0,1.159753,1.233914,DNK,FRA,560221
11904710,66,77,7509,2017,0.0,12174.0,-0.9905579999999999,-1.1996200000000001,DZA,FRA,560221
11904711,71,77,7509,2017,299472.0,33902.0,0.734342,2.8180099999999997,ESP,FRA,560221
11904712,81,77,7509,2017,4350.0,61581.0,1.6883119999999998,0.8347469999999999,GBR,FRA,560221
11904713,97,77,7509,2017,0.0,19568.0,0.824982,1.7162220000000001,HKG,FRA,560221
11904714,103,77,7509,2017,0.0,2069.0,-0.23641700000000002,1.188173,IDN,FRA,560221
11904715,104,77,7509,2017,4534.0,16832.0,0.290576,2.726391,IND,FRA,560221
11904716,106,77,7509,2017,64632.0,0.0,1.363544,0.169211,IRL,FRA,560221
11904717,110,77,7509,2017,0.0,2858.0,1.436156,0.776574,ISR,FRA,560221
11904718,111,77,7509,2017,654978.0,15277.0,1.34395,0.577693,ITA,FRA,560221
11904719,114,77,7509,2017,9034.0,0.0,2.4510419999999997,-0.277357,JPN,FRA,560221
11904720,121,77,7509,2017,0.0,4450.0,2.011263,0.783215,KOR,FRA,560221
11904721,130,77,7509,2017,21693.0,0.0,0.855858,1.447717,LTU,FRA,560221
11904722,131,77,7509,2017,0.0,12325.0,1.24064,1.298263,LUX,FRA,560221
11904723,134,77,7509,2017,5782.0,651192.0,-0.757236,-0.065347,MAR,FRA,560221
11904724,136,77,7509,2017,0.0,1957.0,-1.277182,-0.6503399999999999,MDG,FRA,560221
11904725,138,77,7509,2017,230948.0,0.0,1.08871,0.5745279999999999,MEX,FRA,560221
11904726,153,77,7509,2017,0.0,8554.0,1.0110139999999999,0.6840729999999999,MYS,FRA,560221
11904727,162,77,7509,2017,55511.0,7757.0,1.146959,1.470869,NLD,FRA,560221
11904728,168,77,7509,2017,0.0,4896.0,-0.698561,0.43523500000000004,PAK,FRA,560221
11904729,177,77,7509,2017,0.0,33506.0,1.197417,1.092716,POL,FRA,560221
11904730,179,77,7509,2017,340883.0,15094.0,0.527046,2.264624,PRT,FRA,560221
11904731,185,77,7509,2017,675094.0,8102.0,1.05479,0.9842219999999999,ROU,FRA,560221
11904732,186,77,7509,2017,0.0,8360.0,0.32885,0.288392,RUS,FRA,560221
11904733,206,77,7509,2017,21855.0,1185.0,1.279606,0.85503,SVK,FRA,560221
11904734,208,77,7509,2017,1928.0,0.0,1.764732,0.732646,SWE,FRA,560221
11904735,216,77,7509,2017,0.0,3773.0,0.983977,1.3926020000000001,THA,FRA,560221
11904736,223,77,7509,2017,9640.0,6331.0,0.224119,0.961772,TUN,FRA,560221
11904737,224,77,7509,2017,0.0,27709.0,0.541611,2.405872,TUR,FRA,560221
11904738,231,77,7509,2017,11954.0,16680.0,1.601478,0.277271,USA,FRA,560221
11904739,239,77,7509,2017,0.0,1085.0,-0.009819,0.686429,VNM,FRA,560221
11904740,246,77,7509,2017,0.0,1227.0,0.2066,1.378591,ZAF,FRA,560221
11904741,249,77,7509,2017,1744.0,1753.0,2.0548290000000002,1.2552969999999999,TWN,FRA,560221
11904742,250,77,7509,2017,9726.0,0.0,0.72523,-0.205046,ANS,FRA,560221
11904743,7,81,7509,2017,0.0,8551.0,0.210477,0.02557,ARE,GBR,560221
11904744,14,81,7509,2017,0.0,6663.0,-0.42427200000000004,-0.152921,AUS,GBR,560221
11904745,15,81,7509,2017,0.0,5559.0,1.728623,-0.031045999999999997,AUT,GBR,560221
11904746,18,81,7509,2017,41938.0,11259.0,1.292657,1.19571,BEL,GBR,560221
11904747,23,81,7509,2017,0.0,1305.0,0.557843,1.7221119999999999,BGR,GBR,560221
11904748,39,81,7509,2017,0.0,16140.0,0.73897,1.206402,CAN,GBR,560221
11904749,41,81,7509,2017,1479.0,2600.0,2.2557810000000003,0.845459,CHE,GBR,560221
11904750,43,81,7509,2017,188075.0,40648.0,1.1127790000000002,1.56869,CHN,GBR,560221
11904751,59,81,7509,2017,0.0,1303.0,1.7715130000000001,0.359668,CZE,GBR,560221
11904752,61,81,7509,2017,1141779.0,135295.0,2.1149459999999998,-2.525372,DEU,GBR,560221
11904753,65,81,7509,2017,0.0,18720.0,-0.168016,0.30840100000000004,DOM,GBR,560221
11904754,71,81,7509,2017,774311.0,51487.0,0.734342,2.8180099999999997,ESP,GBR,560221
11904755,72,81,7509,2017,0.0,9864.0,1.010985,1.289633,EST,GBR,560221
11904756,74,81,7509,2017,0.0,964.0,1.655957,0.962485,FIN,GBR,560221
11904757,77,81,7509,2017,61581.0,4350.0,1.398427,0.894732,FRA,GBR,560221
11904758,102,81,7509,2017,0.0,1333.0,1.4886270000000001,0.845986,HUN,GBR,560221
11904759,103,81,7509,2017,0.0,15407.0,-0.23641700000000002,1.188173,IDN,GBR,560221
11904760,104,81,7509,2017,345235.0,33557.0,0.290576,2.726391,IND,GBR,560221
11904761,106,81,7509,2017,132837.0,2120.0,1.363544,0.169211,IRL,GBR,560221
11904762,109,81,7509,2017,0.0,26407.0,0.386094,-0.277269,ISL,GBR,560221
11904763,110,81,7509,2017,0.0,5347.0,1.436156,0.776574,ISR,GBR,560221
11904764,111,81,7509,2017,464466.0,22788.0,1.34395,0.577693,ITA,GBR,560221
11904765,130,81,7509,2017,7784.0,0.0,0.855858,1.447717,LTU,GBR,560221
11904766,145,81,7509,2017,372.0,0.0,-0.933737,-1.1195620000000002,MNG,GBR,560221
11904767,162,81,7509,2017,60642.0,33047.0,1.146959,1.470869,NLD,GBR,560221
11904768,163,81,7509,2017,0.0,1363.0,0.73658,0.11450199999999999,NOR,GBR,560221
11904769,164,81,7509,2017,26082.0,0.0,-0.319681,0.5788220000000001,NPL,GBR,560221
11904770,166,81,7509,2017,0.0,22023.0,0.25651199999999996,0.132996,NZL,GBR,560221
11904771,167,81,7509,2017,9221.0,0.0,-0.347684,-0.884569,OMN,GBR,560221
11904772,173,81,7509,2017,1019.0,0.0,-0.667658,-0.318344,PER,GBR,560221
11904773,177,81,7509,2017,0.0,4335.0,1.197417,1.092716,POL,GBR,560221
11904774,179,81,7509,2017,0.0,12337.0,0.527046,2.264624,PRT,GBR,560221
11904775,183,81,7509,2017,0.0,1708.0,-0.361327,-1.066869,QAT,GBR,560221
11904776,185,81,7509,2017,0.0,50954.0,1.05479,0.9842219999999999,ROU,GBR,560221
11904777,186,81,7509,2017,0.0,3280.0,0.32885,0.288392,RUS,GBR,560221
11904778,192,81,7509,2017,0.0,2046.0,1.884166,0.37903600000000004,SGP,GBR,560221
11904779,208,81,7509,2017,0.0,1551.0,1.764732,0.732646,SWE,GBR,560221
11904780,224,81,7509,2017,70507.0,0.0,0.541611,2.405872,TUR,GBR,560221
11904781,231,81,7509,2017,5896.0,60322.0,1.601478,0.277271,USA,GBR,560221
11904782,239,81,7509,2017,0.0,17013.0,-0.009819,0.686429,VNM,GBR,560221
11904783,246,81,7509,2017,0.0,1577.0,0.2066,1.378591,ZAF,GBR,560221
11904784,138,93,7509,2017,42270.0,0.0,1.08871,0.5745279999999999,MEX,GTM,560221
11904785,231,93,7509,2017,4327.0,0.0,1.601478,0.277271,USA,GTM,560221
11904786,18,97,7509,2017,1350.0,0.0,1.292657,1.19571,BEL,HKG,560221
11904787,41,97,7509,2017,5694.0,0.0,2.2557810000000003,0.845459,CHE,HKG,560221
11904788,43,97,7509,2017,161307.0,555597.0,1.1127790000000002,1.56869,CHN,HKG,560221
11904789,61,97,7509,2017,71521.0,0.0,2.1149459999999998,-2.525372,DEU,HKG,560221
11904790,77,97,7509,2017,19568.0,0.0,1.398427,0.894732,FRA,HKG,560221
11904791,103,97,7509,2017,326787.0,19009.0,-0.23641700000000002,1.188173,IDN,HKG,560221
11904792,104,97,7509,2017,12673.0,0.0,0.290576,2.726391,IND,HKG,560221
11904793,111,97,7509,2017,108375.0,0.0,1.34395,0.577693,ITA,HKG,560221
11904794,114,97,7509,2017,266790.0,6862.0,2.4510419999999997,-0.277357,JPN,HKG,560221
11904795,121,97,7509,2017,19929.0,0.0,2.011263,0.783215,KOR,HKG,560221
11904796,153,97,7509,2017,1958.0,13502.0,1.0110139999999999,0.6840729999999999,MYS,HKG,560221
11904797,162,97,7509,2017,35791.0,0.0,1.146959,1.470869,NLD,HKG,560221
11904798,188,97,7509,2017,0.0,1102.0,0.597716,-0.345049,SAU,HKG,560221
11904799,208,97,7509,2017,5014.0,0.0,1.764732,0.732646,SWE,HKG,560221
11904800,216,97,7509,2017,815892.0,26723.0,0.983977,1.3926020000000001,THA,HKG,560221
11904801,231,97,7509,2017,188449.0,1326.0,1.601478,0.277271,USA,HKG,560221
11904802,239,97,7509,2017,0.0,2066.0,-0.009819,0.686429,VNM,HKG,560221
11904803,249,97,7509,2017,6426.0,0.0,2.0548290000000002,1.2552969999999999,TWN,HKG,560221
11904804,15,102,7509,2017,33320.0,77754.0,1.728623,-0.031045999999999997,AUT,HUN,560221
11904805,18,102,7509,2017,1420.0,0.0,1.292657,1.19571,BEL,HUN,560221
11904806,41,102,7509,2017,4096.0,0.0,2.2557810000000003,0.845459,CHE,HUN,560221
11904807,43,102,7509,2017,6638.0,0.0,1.1127790000000002,1.56869,CHN,HUN,560221
11904808,59,102,7509,2017,38871.0,0.0,1.7715130000000001,0.359668,CZE,HUN,560221
11904809,61,102,7509,2017,511279.0,2402.0,2.1149459999999998,-2.525372,DEU,HUN,560221
11904810,64,102,7509,2017,16565.0,5171.0,1.159753,1.233914,DNK,HUN,560221
11904811,81,102,7509,2017,1333.0,0.0,1.6883119999999998,0.8347469999999999,GBR,HUN,560221
11904812,100,102,7509,2017,0.0,17063.0,0.860825,1.365445,HRV,HUN,560221
11904813,111,102,7509,2017,56533.0,0.0,1.34395,0.577693,ITA,HUN,560221
11904814,162,102,7509,2017,84207.0,0.0,1.146959,1.470869,NLD,HUN,560221
11904815,177,102,7509,2017,6645.0,0.0,1.197417,1.092716,POL,HUN,560221
11904816,185,102,7509,2017,0.0,15422.0,1.05479,0.9842219999999999,ROU,HUN,560221
11904817,206,102,7509,2017,0.0,1983.0,1.279606,0.85503,SVK,HUN,560221
11904818,231,102,7509,2017,17272.0,0.0,1.601478,0.277271,USA,HUN,560221
11904819,34,103,7509,2017,0.0,52875.0,0.270525,-0.747949,BRN,IDN,560221
11904820,39,103,7509,2017,3136.0,0.0,0.73897,1.206402,CAN,IDN,560221
11904821,43,103,7509,2017,106445.0,0.0,1.1127790000000002,1.56869,CHN,IDN,560221
11904822,61,103,7509,2017,11903.0,0.0,2.1149459999999998,-2.525372,DEU,IDN,560221
11904823,77,103,7509,2017,2069.0,0.0,1.398427,0.894732,FRA,IDN,560221
11904824,81,103,7509,2017,15407.0,0.0,1.6883119999999998,0.8347469999999999,GBR,IDN,560221
11904825,97,103,7509,2017,19009.0,326787.0,0.824982,1.7162220000000001,HKG,IDN,560221
11904826,104,103,7509,2017,70131.0,0.0,0.290576,2.726391,IND,IDN,560221
11904827,111,103,7509,2017,2072.0,0.0,1.34395,0.577693,ITA,IDN,560221
11904828,114,103,7509,2017,346147.0,0.0,2.4510419999999997,-0.277357,JPN,IDN,560221
11904829,121,103,7509,2017,79391.0,0.0,2.011263,0.783215,KOR,IDN,560221
11904830,162,103,7509,2017,56900.0,0.0,1.146959,1.470869,NLD,IDN,560221
11904831,168,103,7509,2017,2640.0,0.0,-0.698561,0.43523500000000004,PAK,IDN,560221
11904832,192,103,7509,2017,10614.0,1294.0,1.884166,0.37903600000000004,SGP,IDN,560221
11904833,216,103,7509,2017,75143.0,0.0,0.983977,1.3926020000000001,THA,IDN,560221
11904834,249,103,7509,2017,1546.0,0.0,2.0548290000000002,1.2552969999999999,TWN,IDN,560221
11904835,7,104,7509,2017,0.0,34432.0,0.210477,0.02557,ARE,IND,560221
11904836,8,104,7509,2017,0.0,34958.0,-0.120753,0.233375,ARG,IND,560221
11904837,14,104,7509,2017,0.0,171116.0,-0.42427200000000004,-0.152921,AUS,IND,560221
11904838,15,104,7509,2017,0.0,34561.0,1.728623,-0.031045999999999997,AUT,IND,560221
11904839,18,104,7509,2017,0.0,79366.0,1.292657,1.19571,BEL,IND,560221
11904840,22,104,7509,2017,0.0,7402.0,-1.016251,-0.987654,BGD,IND,560221
11904841,24,104,7509,2017,0.0,1973.0,0.485479,-0.5348890000000001,BHR,IND,560221
11904842,39,104,7509,2017,0.0,182033.0,0.73897,1.206402,CAN,IND,560221
11904843,41,104,7509,2017,984.0,5484.0,2.2557810000000003,0.845459,CHE,IND,560221
11904844,42,104,7509,2017,0.0,9762.0,-0.378693,-0.492983,CHL,IND,560221
11904845,43,104,7509,2017,104797.0,3011.0,1.1127790000000002,1.56869,CHN,IND,560221
11904846,59,104,7509,2017,0.0,60911.0,1.7715130000000001,0.359668,CZE,IND,560221
11904847,61,104,7509,2017,113856.0,576486.0,2.1149459999999998,-2.525372,DEU,IND,560221
11904848,68,104,7509,2017,0.0,81089.0,-0.073436,1.829121,EGY,IND,560221
11904849,71,104,7509,2017,10285.0,15909.0,0.734342,2.8180099999999997,ESP,IND,560221
11904850,73,104,7509,2017,0.0,2677.0,-1.007413,-0.638231,ETH,IND,560221
11904851,77,104,7509,2017,16832.0,4534.0,1.398427,0.894732,FRA,IND,560221
11904852,81,104,7509,2017,33557.0,345235.0,1.6883119999999998,0.8347469999999999,GBR,IND,560221
11904853,90,104,7509,2017,0.0,5909.0,0.154098,1.151038,GRC,IND,560221
11904854,97,104,7509,2017,0.0,12673.0,0.824982,1.7162220000000001,HKG,IND,560221
11904855,100,104,7509,2017,0.0,11722.0,0.860825,1.365445,HRV,IND,560221
11904856,103,104,7509,2017,0.0,70131.0,-0.23641700000000002,1.188173,IDN,IND,560221
11904857,106,104,7509,2017,0.0,2461.0,1.363544,0.169211,IRL,IND,560221
11904858,107,104,7509,2017,0.0,209804.0,-0.361292,-0.361813,IRN,IND,560221
11904859,110,104,7509,2017,0.0,21975.0,1.436156,0.776574,ISR,IND,560221
11904860,111,104,7509,2017,14588.0,410051.0,1.34395,0.577693,ITA,IND,560221
11904861,114,104,7509,2017,5624.0,45527.0,2.4510419999999997,-0.277357,JPN,IND,560221
11904862,116,104,7509,2017,0.0,2519.0,-0.579541,0.511926,KEN,IND,560221
11904863,121,104,7509,2017,0.0,248057.0,2.011263,0.783215,KOR,IND,560221
11904864,122,104,7509,2017,0.0,1184.0,-0.229821,-1.128482,KWT,IND,560221
11904865,126,104,7509,2017,0.0,4857.0,-1.156635,-1.212561,LBY,IND,560221
11904866,128,104,7509,2017,0.0,19539.0,-0.46442799999999995,0.472132,LKA,IND,560221
11904867,153,104,7509,2017,0.0,71622.0,1.0110139999999999,0.6840729999999999,MYS,IND,560221
11904868,162,104,7509,2017,0.0,18100.0,1.146959,1.470869,NLD,IND,560221
11904869,166,104,7509,2017,0.0,34204.0,0.25651199999999996,0.132996,NZL,IND,560221
11904870,174,104,7509,2017,0.0,18787.0,0.657759,0.170061,PHL,IND,560221
11904871,177,104,7509,2017,0.0,148831.0,1.197417,1.092716,POL,IND,560221
11904872,183,104,7509,2017,0.0,2151.0,-0.361327,-1.066869,QAT,IND,560221
11904873,186,104,7509,2017,0.0,61965.0,0.32885,0.288392,RUS,IND,560221
11904874,188,104,7509,2017,0.0,3086.0,0.597716,-0.345049,SAU,IND,560221
11904875,192,104,7509,2017,0.0,13975.0,1.884166,0.37903600000000004,SGP,IND,560221
11904876,201,104,7509,2017,0.0,2161.0,0.541644,1.19872,SRB,IND,560221
11904877,206,104,7509,2017,0.0,26263.0,1.279606,0.85503,SVK,IND,560221
11904878,207,104,7509,2017,0.0,21805.0,1.600319,0.854305,SVN,IND,560221
11904879,208,104,7509,2017,0.0,6254.0,1.764732,0.732646,SWE,IND,560221
11904880,216,104,7509,2017,17104.0,59375.0,0.983977,1.3926020000000001,THA,IND,560221
11904881,224,104,7509,2017,91631.0,374756.0,0.541611,2.405872,TUR,IND,560221
11904882,226,104,7509,2017,0.0,1831.0,-1.0691709999999999,0.11636800000000001,TZA,IND,560221
11904883,231,104,7509,2017,11724.0,242179.0,1.601478,0.277271,USA,IND,560221
11904884,239,104,7509,2017,0.0,16335.0,-0.009819,0.686429,VNM,IND,560221
11904885,246,104,7509,2017,0.0,158910.0,0.2066,1.378591,ZAF,IND,560221
11904886,247,104,7509,2017,0.0,1445.0,-0.8594290000000001,-1.0574459999999999,ZMB,IND,560221
11904887,249,104,7509,2017,0.0,49254.0,2.0548290000000002,1.2552969999999999,TWN,IND,560221
11904888,18,106,7509,2017,0.0,3046.0,1.292657,1.19571,BEL,IRL,560221
11904889,59,106,7509,2017,0.0,6554.0,1.7715130000000001,0.359668,CZE,IRL,560221
11904890,61,106,7509,2017,18750.0,5307.0,2.1149459999999998,-2.525372,DEU,IRL,560221
11904891,71,106,7509,2017,0.0,2713.0,0.734342,2.8180099999999997,ESP,IRL,560221
11904892,77,106,7509,2017,0.0,64632.0,1.398427,0.894732,FRA,IRL,560221
11904893,81,106,7509,2017,2120.0,132837.0,1.6883119999999998,0.8347469999999999,GBR,IRL,560221
11904894,104,106,7509,2017,2461.0,0.0,0.290576,2.726391,IND,IRL,560221
11904895,111,106,7509,2017,15352.0,14825.0,1.34395,0.577693,ITA,IRL,560221
11904896,162,106,7509,2017,5437.0,40935.0,1.146959,1.470869,NLD,IRL,560221
11904897,177,106,7509,2017,0.0,1719.0,1.197417,1.092716,POL,IRL,560221
11904898,179,106,7509,2017,0.0,7082.0,0.527046,2.264624,PRT,IRL,560221
11904899,216,106,7509,2017,5414.0,0.0,0.983977,1.3926020000000001,THA,IRL,560221
11904900,231,106,7509,2017,66270.0,0.0,1.601478,0.277271,USA,IRL,560221
11904901,250,106,7509,2017,54178.0,0.0,0.72523,-0.205046,ANS,IRL,560221
11904902,43,110,7509,2017,4911.0,0.0,1.1127790000000002,1.56869,CHN,ISR,560221
11904903,61,110,7509,2017,8050.0,0.0,2.1149459999999998,-2.525372,DEU,ISR,560221
11904904,77,110,7509,2017,2858.0,0.0,1.398427,0.894732,FRA,ISR,560221
11904905,81,110,7509,2017,5347.0,0.0,1.6883119999999998,0.8347469999999999,GBR,ISR,560221
11904906,104,110,7509,2017,21975.0,0.0,0.290576,2.726391,IND,ISR,560221
11904907,111,110,7509,2017,48516.0,0.0,1.34395,0.577693,ITA,ISR,560221
11904908,162,110,7509,2017,9015.0,0.0,1.146959,1.470869,NLD,ISR,560221
11904909,224,110,7509,2017,967.0,0.0,0.541611,2.405872,TUR,ISR,560221
11904910,231,110,7509,2017,7017.0,0.0,1.601478,0.277271,USA,ISR,560221
11904911,7,111,7509,2017,0.0,16535.0,0.210477,0.02557,ARE,ITA,560221
11904912,8,111,7509,2017,0.0,20756.0,-0.120753,0.233375,ARG,ITA,560221
11904913,14,111,7509,2017,0.0,18522.0,-0.42427200000000004,-0.152921,AUS,ITA,560221
11904914,15,111,7509,2017,1728.0,39091.0,1.728623,-0.031045999999999997,AUT,ITA,560221
11904915,18,111,7509,2017,35695.0,135457.0,1.292657,1.19571,BEL,ITA,560221
11904916,23,111,7509,2017,3284.0,26603.0,0.557843,1.7221119999999999,BGR,ITA,560221
11904917,24,111,7509,2017,0.0,15721.0,0.485479,-0.5348890000000001,BHR,ITA,560221
11904918,28,111,7509,2017,0.0,3340.0,0.8115829999999999,0.8323459999999999,BLR,ITA,560221
11904919,31,111,7509,2017,0.0,7139.0,-1.158425,-1.076242,BOL,ITA,560221
11904920,32,111,7509,2017,0.0,12742.0,0.145224,0.483461,BRA,ITA,560221
11904921,39,111,7509,2017,0.0,1671.0,0.73897,1.206402,CAN,ITA,560221
11904922,41,111,7509,2017,39016.0,349766.0,2.2557810000000003,0.845459,CHE,ITA,560221
11904923,43,111,7509,2017,29524.0,8270.0,1.1127790000000002,1.56869,CHN,ITA,560221
11904924,49,111,7509,2017,0.0,1123.0,0.208096,-0.17644300000000002,COL,ITA,560221
11904925,59,111,7509,2017,2096.0,203781.0,1.7715130000000001,0.359668,CZE,ITA,560221
11904926,61,111,7509,2017,1304497.0,1943537.0,2.1149459999999998,-2.525372,DEU,ITA,560221
11904927,64,111,7509,2017,4334.0,2802.0,1.159753,1.233914,DNK,ITA,560221
11904928,66,111,7509,2017,0.0,10732.0,-0.9905579999999999,-1.1996200000000001,DZA,ITA,560221
11904929,68,111,7509,2017,0.0,40916.0,-0.073436,1.829121,EGY,ITA,560221
11904930,71,111,7509,2017,417970.0,117312.0,0.734342,2.8180099999999997,ESP,ITA,560221
11904931,73,111,7509,2017,0.0,3983.0,-1.007413,-0.638231,ETH,ITA,560221
11904932,77,111,7509,2017,15277.0,654978.0,1.398427,0.894732,FRA,ITA,560221
11904933,81,111,7509,2017,22788.0,464466.0,1.6883119999999998,0.8347469999999999,GBR,ITA,560221
11904934,90,111,7509,2017,0.0,21636.0,0.154098,1.151038,GRC,ITA,560221
11904935,97,111,7509,2017,0.0,108375.0,0.824982,1.7162220000000001,HKG,ITA,560221
11904936,100,111,7509,2017,0.0,183239.0,0.860825,1.365445,HRV,ITA,560221
11904937,102,111,7509,2017,0.0,56533.0,1.4886270000000001,0.845986,HUN,ITA,560221
11904938,103,111,7509,2017,0.0,2072.0,-0.23641700000000002,1.188173,IDN,ITA,560221
11904939,104,111,7509,2017,410051.0,14588.0,0.290576,2.726391,IND,ITA,560221
11904940,106,111,7509,2017,14825.0,15352.0,1.363544,0.169211,IRL,ITA,560221
11904941,107,111,7509,2017,0.0,3324.0,-0.361292,-0.361813,IRN,ITA,560221
11904942,110,111,7509,2017,0.0,48516.0,1.436156,0.776574,ISR,ITA,560221
11904943,113,111,7509,2017,0.0,1297.0,0.020035,0.295415,JOR,ITA,560221
11904944,114,111,7509,2017,309026.0,7434.0,2.4510419999999997,-0.277357,JPN,ITA,560221
11904945,118,111,7509,2017,0.0,10766.0,-0.656325,-0.622167,KHM,ITA,560221
11904946,121,111,7509,2017,0.0,45796.0,2.011263,0.783215,KOR,ITA,560221
11904947,134,111,7509,2017,0.0,6234.0,-0.757236,-0.065347,MAR,ITA,560221
11904948,135,111,7509,2017,0.0,1426.0,-0.24909,-0.181213,MDA,ITA,560221
11904949,138,111,7509,2017,0.0,62804.0,1.08871,0.5745279999999999,MEX,ITA,560221
11904950,140,111,7509,2017,0.0,2585.0,-0.0292,-0.377156,MKD,ITA,560221
11904951,153,111,7509,2017,1143.0,9578.0,1.0110139999999999,0.6840729999999999,MYS,ITA,560221
11904952,162,111,7509,2017,5594.0,237580.0,1.146959,1.470869,NLD,ITA,560221
11904953,163,111,7509,2017,0.0,26940.0,0.73658,0.11450199999999999,NOR,ITA,560221
11904954,164,111,7509,2017,36446.0,0.0,-0.319681,0.5788220000000001,NPL,ITA,560221
11904955,167,111,7509,2017,0.0,14135.0,-0.347684,-0.884569,OMN,ITA,560221
11904956,177,111,7509,2017,1417.0,169006.0,1.197417,1.092716,POL,ITA,560221
11904957,179,111,7509,2017,0.0,79309.0,0.527046,2.264624,PRT,ITA,560221
11904958,185,111,7509,2017,0.0,172234.0,1.05479,0.9842219999999999,ROU,ITA,560221
11904959,186,111,7509,2017,0.0,20840.0,0.32885,0.288392,RUS,ITA,560221
11904960,188,111,7509,2017,0.0,37208.0,0.597716,-0.345049,SAU,ITA,560221
11904961,192,111,7509,2017,0.0,9483.0,1.884166,0.37903600000000004,SGP,ITA,560221
11904962,201,111,7509,2017,0.0,95742.0,0.541644,1.19872,SRB,ITA,560221
11904963,206,111,7509,2017,0.0,4639.0,1.279606,0.85503,SVK,ITA,560221
11904964,207,111,7509,2017,0.0,201166.0,1.600319,0.854305,SVN,ITA,560221
11904965,208,111,7509,2017,0.0,104319.0,1.764732,0.732646,SWE,ITA,560221
11904966,216,111,7509,2017,0.0,16129.0,0.983977,1.3926020000000001,THA,ITA,560221
11904967,223,111,7509,2017,0.0,7937.0,0.224119,0.961772,TUN,ITA,560221
11904968,224,111,7509,2017,6984.0,51247.0,0.541611,2.405872,TUR,ITA,560221
11904969,228,111,7509,2017,0.0,2363.0,0.461109,0.7826569999999999,UKR,ITA,560221
11904970,230,111,7509,2017,0.0,19833.0,0.16963,-0.403006,URY,ITA,560221
11904971,231,111,7509,2017,2363.0,541643.0,1.601478,0.277271,USA,ITA,560221
11904972,236,111,7509,2017,0.0,97292.0,-0.8874559999999999,-1.178752,VEN,ITA,560221
11904973,246,111,7509,2017,0.0,78435.0,0.2066,1.378591,ZAF,ITA,560221
11904974,249,111,7509,2017,1121.0,6610.0,2.0548290000000002,1.2552969999999999,TWN,ITA,560221
11904975,231,112,7509,2017,2627.0,0.0,1.601478,0.277271,USA,JAM,560221
11904976,43,113,7509,2017,2105.0,0.0,1.1127790000000002,1.56869,CHN,JOR,560221
11904977,61,113,7509,2017,4932.0,0.0,2.1149459999999998,-2.525372,DEU,JOR,560221
11904978,111,113,7509,2017,1297.0,0.0,1.34395,0.577693,ITA,JOR,560221
11904979,18,114,7509,2017,7007.0,0.0,1.292657,1.19571,BEL,JPN,560221
11904980,43,114,7509,2017,645285.0,3961612.0,1.1127790000000002,1.56869,CHN,JPN,560221
11904981,61,114,7509,2017,1094453.0,13866.0,2.1149459999999998,-2.525372,DEU,JPN,560221
11904982,74,114,7509,2017,1813.0,0.0,1.655957,0.962485,FIN,JPN,560221
11904983,77,114,7509,2017,0.0,9034.0,1.398427,0.894732,FRA,JPN,560221
11904984,97,114,7509,2017,6862.0,266790.0,0.824982,1.7162220000000001,HKG,JPN,560221
11904985,103,114,7509,2017,0.0,346147.0,-0.23641700000000002,1.188173,IDN,JPN,560221
11904986,104,114,7509,2017,45527.0,5624.0,0.290576,2.726391,IND,JPN,560221
11904987,111,114,7509,2017,7434.0,309026.0,1.34395,0.577693,ITA,JPN,560221
11904988,118,114,7509,2017,0.0,46845.0,-0.656325,-0.622167,KHM,JPN,560221
11904989,121,114,7509,2017,425981.0,326836.0,2.011263,0.783215,KOR,JPN,560221
11904990,123,114,7509,2017,0.0,3488.0,-0.9742190000000001,-0.727593,LAO,JPN,560221
11904991,138,114,7509,2017,0.0,66282.0,1.08871,0.5745279999999999,MEX,JPN,560221
11904992,143,114,7509,2017,0.0,59090.0,-1.051544,-0.419183,MMR,JPN,560221
11904993,153,114,7509,2017,50095.0,50297.0,1.0110139999999999,0.6840729999999999,MYS,JPN,560221
11904994,162,114,7509,2017,11525.0,0.0,1.146959,1.470869,NLD,JPN,560221
11904995,163,114,7509,2017,2044.0,0.0,0.73658,0.11450199999999999,NOR,JPN,560221
11904996,164,114,7509,2017,1791.0,0.0,-0.319681,0.5788220000000001,NPL,JPN,560221
11904997,168,114,7509,2017,0.0,2941.0,-0.698561,0.43523500000000004,PAK,JPN,560221
11904998,174,114,7509,2017,0.0,129403.0,0.657759,0.170061,PHL,JPN,560221
11904999,186,114,7509,2017,0.0,15794.0,0.32885,0.288392,RUS,JPN,560221
11905000,192,114,7509,2017,0.0,117159.0,1.884166,0.37903600000000004,SGP,JPN,560221
11905001,216,114,7509,2017,2771.0,631538.0,0.983977,1.3926020000000001,THA,JPN,560221
11905002,224,114,7509,2017,0.0,15702.0,0.541611,2.405872,TUR,JPN,560221
11905003,231,114,7509,2017,7365.0,145987.0,1.601478,0.277271,USA,JPN,560221
11905004,239,114,7509,2017,0.0,116392.0,-0.009819,0.686429,VNM,JPN,560221
11905005,249,114,7509,2017,13987.0,182072.0,2.0548290000000002,1.2552969999999999,TWN,JPN,560221
11905006,7,121,7509,2017,0.0,1975.0,0.210477,0.02557,ARE,KOR,560221
11905007,18,121,7509,2017,3141.0,0.0,1.292657,1.19571,BEL,KOR,560221
11905008,32,121,7509,2017,0.0,5140.0,0.145224,0.483461,BRA,KOR,560221
11905009,41,121,7509,2017,4452.0,0.0,2.2557810000000003,0.845459,CHE,KOR,560221
11905010,43,121,7509,2017,539755.0,118895.0,1.1127790000000002,1.56869,CHN,KOR,560221
11905011,61,121,7509,2017,40360.0,0.0,2.1149459999999998,-2.525372,DEU,KOR,560221
11905012,68,121,7509,2017,0.0,3047.0,-0.073436,1.829121,EGY,KOR,560221
11905013,71,121,7509,2017,4127.0,0.0,0.734342,2.8180099999999997,ESP,KOR,560221
11905014,77,121,7509,2017,4450.0,0.0,1.398427,0.894732,FRA,KOR,560221
11905015,97,121,7509,2017,0.0,19929.0,0.824982,1.7162220000000001,HKG,KOR,560221
11905016,103,121,7509,2017,0.0,79391.0,-0.23641700000000002,1.188173,IDN,KOR,560221
11905017,104,121,7509,2017,248057.0,0.0,0.290576,2.726391,IND,KOR,560221
11905018,111,121,7509,2017,45796.0,0.0,1.34395,0.577693,ITA,KOR,560221
11905019,114,121,7509,2017,326836.0,425981.0,2.4510419999999997,-0.277357,JPN,KOR,560221
11905020,118,121,7509,2017,0.0,3100.0,-0.656325,-0.622167,KHM,KOR,560221
11905021,162,121,7509,2017,8350.0,0.0,1.146959,1.470869,NLD,KOR,560221
11905022,163,121,7509,2017,0.0,1484.0,0.73658,0.11450199999999999,NOR,KOR,560221
11905023,164,121,7509,2017,48984.0,0.0,-0.319681,0.5788220000000001,NPL,KOR,560221
11905024,174,121,7509,2017,0.0,49514.0,0.657759,0.170061,PHL,KOR,560221
11905025,192,121,7509,2017,0.0,742.0,1.884166,0.37903600000000004,SGP,KOR,560221
11905026,216,121,7509,2017,0.0,19539.0,0.983977,1.3926020000000001,THA,KOR,560221
11905027,224,121,7509,2017,0.0,3147.0,0.541611,2.405872,TUR,KOR,560221
11905028,231,121,7509,2017,120035.0,16060.0,1.601478,0.277271,USA,KOR,560221
11905029,239,121,7509,2017,3631.0,127216.0,-0.009819,0.686429,VNM,KOR,560221
11905030,249,121,7509,2017,1622.0,261267.0,2.0548290000000002,1.2552969999999999,TWN,KOR,560221
11905031,32,122,7509,2017,1088.0,0.0,0.145224,0.483461,BRA,KWT,560221
11905032,43,122,7509,2017,7431.0,0.0,1.1127790000000002,1.56869,CHN,KWT,560221
11905033,61,122,7509,2017,6056.0,0.0,2.1149459999999998,-2.525372,DEU,KWT,560221
11905034,104,122,7509,2017,1184.0,0.0,0.290576,2.726391,IND,KWT,560221
11905035,224,122,7509,2017,35260.0,0.0,0.541611,2.405872,TUR,KWT,560221
11905036,231,122,7509,2017,6256.0,0.0,1.601478,0.277271,USA,KWT,560221
11905037,32,138,7509,2017,114202.0,0.0,0.145224,0.483461,BRA,MEX,560221
11905038,39,138,7509,2017,0.0,26592.0,0.73897,1.206402,CAN,MEX,560221
11905039,43,138,7509,2017,21542.0,30068.0,1.1127790000000002,1.56869,CHN,MEX,560221
11905040,52,138,7509,2017,0.0,16399.0,0.288642,-0.056219000000000005,CRI,MEX,560221
11905041,61,138,7509,2017,150765.0,0.0,2.1149459999999998,-2.525372,DEU,MEX,560221
11905042,71,138,7509,2017,13378.0,0.0,0.734342,2.8180099999999997,ESP,MEX,560221
11905043,77,138,7509,2017,0.0,230948.0,1.398427,0.894732,FRA,MEX,560221
11905044,93,138,7509,2017,0.0,42270.0,-0.418538,0.557454,GTM,MEX,560221
11905045,111,138,7509,2017,62804.0,0.0,1.34395,0.577693,ITA,MEX,560221
11905046,114,138,7509,2017,66282.0,0.0,2.4510419999999997,-0.277357,JPN,MEX,560221
11905047,160,138,7509,2017,0.0,12389.0,-1.0502280000000002,-0.8817719999999999,NIC,MEX,560221
11905048,162,138,7509,2017,101685.0,0.0,1.146959,1.470869,NLD,MEX,560221
11905049,197,138,7509,2017,0.0,4828.0,0.113639,0.23175199999999999,SLV,MEX,560221
11905050,216,138,7509,2017,991.0,0.0,0.983977,1.3926020000000001,THA,MEX,560221
11905051,231,138,7509,2017,1030712.0,5730618.0,1.601478,0.277271,USA,MEX,560221
11905052,249,138,7509,2017,0.0,45779.0,2.0548290000000002,1.2552969999999999,TWN,MEX,560221
11905053,114,143,7509,2017,59090.0,0.0,2.4510419999999997,-0.277357,JPN,MMR,560221
11905054,186,143,7509,2017,3164.0,0.0,0.32885,0.288392,RUS,MMR,560221
11905055,14,153,7509,2017,17264.0,0.0,-0.42427200000000004,-0.152921,AUS,MYS,560221
11905056,34,153,7509,2017,0.0,4768.0,0.270525,-0.747949,BRN,MYS,560221
11905057,43,153,7509,2017,74798.0,0.0,1.1127790000000002,1.56869,CHN,MYS,560221
11905058,61,153,7509,2017,11594.0,0.0,2.1149459999999998,-2.525372,DEU,MYS,560221
11905059,77,153,7509,2017,8554.0,0.0,1.398427,0.894732,FRA,MYS,560221
11905060,97,153,7509,2017,13502.0,1958.0,0.824982,1.7162220000000001,HKG,MYS,560221
11905061,104,153,7509,2017,71622.0,0.0,0.290576,2.726391,IND,MYS,560221
11905062,111,153,7509,2017,9578.0,1143.0,1.34395,0.577693,ITA,MYS,560221
11905063,114,153,7509,2017,50297.0,50095.0,2.4510419999999997,-0.277357,JPN,MYS,560221
11905064,162,153,7509,2017,33376.0,0.0,1.146959,1.470869,NLD,MYS,560221
11905065,166,153,7509,2017,14991.0,0.0,0.25651199999999996,0.132996,NZL,MYS,560221
11905066,174,153,7509,2017,0.0,120104.0,0.657759,0.170061,PHL,MYS,560221
11905067,192,153,7509,2017,3859.0,0.0,1.884166,0.37903600000000004,SGP,MYS,560221
11905068,208,153,7509,2017,2516.0,0.0,1.764732,0.732646,SWE,MYS,560221
11905069,216,153,7509,2017,2423.0,0.0,0.983977,1.3926020000000001,THA,MYS,560221
11905070,231,153,7509,2017,3338.0,0.0,1.601478,0.277271,USA,MYS,560221
11905071,43,160,7509,2017,1777.0,0.0,1.1127790000000002,1.56869,CHN,NIC,560221
11905072,138,160,7509,2017,12389.0,0.0,1.08871,0.5745279999999999,MEX,NIC,560221
11905073,231,160,7509,2017,9121.0,0.0,1.601478,0.277271,USA,NIC,560221
11905074,7,162,7509,2017,0.0,2508.0,0.210477,0.02557,ARE,NLD,560221
11905075,14,162,7509,2017,0.0,10827.0,-0.42427200000000004,-0.152921,AUS,NLD,560221
11905076,15,162,7509,2017,0.0,7039.0,1.728623,-0.031045999999999997,AUT,NLD,560221
11905077,18,162,7509,2017,91817.0,101231.0,1.292657,1.19571,BEL,NLD,560221
11905078,23,162,7509,2017,0.0,1057.0,0.557843,1.7221119999999999,BGR,NLD,560221
11905079,32,162,7509,2017,0.0,5306.0,0.145224,0.483461,BRA,NLD,560221
11905080,39,162,7509,2017,0.0,30488.0,0.73897,1.206402,CAN,NLD,560221
11905081,41,162,7509,2017,0.0,24454.0,2.2557810000000003,0.845459,CHE,NLD,560221
11905082,42,162,7509,2017,0.0,8782.0,-0.378693,-0.492983,CHL,NLD,560221
11905083,43,162,7509,2017,41713.0,34427.0,1.1127790000000002,1.56869,CHN,NLD,560221
11905084,49,162,7509,2017,0.0,12627.0,0.208096,-0.17644300000000002,COL,NLD,560221
11905085,58,162,7509,2017,0.0,1529.0,0.576982,0.279989,CYP,NLD,560221
11905086,59,162,7509,2017,6463.0,16602.0,1.7715130000000001,0.359668,CZE,NLD,560221
11905087,61,162,7509,2017,719342.0,76479.0,2.1149459999999998,-2.525372,DEU,NLD,560221
11905088,64,162,7509,2017,3642.0,22241.0,1.159753,1.233914,DNK,NLD,560221
11905089,68,162,7509,2017,0.0,909.0,-0.073436,1.829121,EGY,NLD,560221
11905090,71,162,7509,2017,937118.0,34077.0,0.734342,2.8180099999999997,ESP,NLD,560221
11905091,77,162,7509,2017,7757.0,55511.0,1.398427,0.894732,FRA,NLD,560221
11905092,81,162,7509,2017,33047.0,60642.0,1.6883119999999998,0.8347469999999999,GBR,NLD,560221
11905093,90,162,7509,2017,0.0,5342.0,0.154098,1.151038,GRC,NLD,560221
11905094,97,162,7509,2017,0.0,35791.0,0.824982,1.7162220000000001,HKG,NLD,560221
11905095,100,162,7509,2017,0.0,1934.0,0.860825,1.365445,HRV,NLD,560221
11905096,102,162,7509,2017,0.0,84207.0,1.4886270000000001,0.845986,HUN,NLD,560221
11905097,103,162,7509,2017,0.0,56900.0,-0.23641700000000002,1.188173,IDN,NLD,560221
11905098,104,162,7509,2017,18100.0,0.0,0.290576,2.726391,IND,NLD,560221
11905099,106,162,7509,2017,40935.0,5437.0,1.363544,0.169211,IRL,NLD,560221
11905100,109,162,7509,2017,0.0,35610.0,0.386094,-0.277269,ISL,NLD,560221
11905101,110,162,7509,2017,0.0,9015.0,1.436156,0.776574,ISR,NLD,560221
11905102,111,162,7509,2017,237580.0,5594.0,1.34395,0.577693,ITA,NLD,560221
11905103,114,162,7509,2017,0.0,11525.0,2.4510419999999997,-0.277357,JPN,NLD,560221
11905104,121,162,7509,2017,0.0,8350.0,2.011263,0.783215,KOR,NLD,560221
11905105,130,162,7509,2017,12772.0,7893.0,0.855858,1.447717,LTU,NLD,560221
11905106,134,162,7509,2017,0.0,70104.0,-0.757236,-0.065347,MAR,NLD,560221
11905107,138,162,7509,2017,0.0,101685.0,1.08871,0.5745279999999999,MEX,NLD,560221
11905108,145,162,7509,2017,6229.0,0.0,-0.933737,-1.1195620000000002,MNG,NLD,560221
11905109,151,162,7509,2017,0.0,1320.0,-0.156616,0.073153,MUS,NLD,560221
11905110,153,162,7509,2017,0.0,33376.0,1.0110139999999999,0.6840729999999999,MYS,NLD,560221
11905111,163,162,7509,2017,0.0,5891.0,0.73658,0.11450199999999999,NOR,NLD,560221
11905112,164,162,7509,2017,13235.0,0.0,-0.319681,0.5788220000000001,NPL,NLD,560221
11905113,168,162,7509,2017,0.0,1956.0,-0.698561,0.43523500000000004,PAK,NLD,560221
11905114,174,162,7509,2017,0.0,104208.0,0.657759,0.170061,PHL,NLD,560221
11905115,177,162,7509,2017,0.0,12302.0,1.197417,1.092716,POL,NLD,560221
11905116,179,162,7509,2017,0.0,8024.0,0.527046,2.264624,PRT,NLD,560221
11905117,185,162,7509,2017,2231.0,12620.0,1.05479,0.9842219999999999,ROU,NLD,560221
11905118,186,162,7509,2017,0.0,1773.0,0.32885,0.288392,RUS,NLD,560221
11905119,188,162,7509,2017,0.0,9251.0,0.597716,-0.345049,SAU,NLD,560221
11905120,208,162,7509,2017,0.0,8037.0,1.764732,0.732646,SWE,NLD,560221
11905121,216,162,7509,2017,0.0,1993.0,0.983977,1.3926020000000001,THA,NLD,560221
11905122,224,162,7509,2017,0.0,13615.0,0.541611,2.405872,TUR,NLD,560221
11905123,231,162,7509,2017,2275.0,120091.0,1.601478,0.277271,USA,NLD,560221
11905124,249,162,7509,2017,0.0,7770.0,2.0548290000000002,1.2552969999999999,TWN,NLD,560221
11905125,250,162,7509,2017,29571.0,0.0,0.72523,-0.205046,ANS,NLD,560221
11905126,15,163,7509,2017,4335.0,0.0,1.728623,-0.031045999999999997,AUT,NOR,560221
11905127,43,163,7509,2017,11040.0,0.0,1.1127790000000002,1.56869,CHN,NOR,560221
11905128,61,163,7509,2017,16419.0,0.0,2.1149459999999998,-2.525372,DEU,NOR,560221
11905129,64,163,7509,2017,2087.0,0.0,1.159753,1.233914,DNK,NOR,560221
11905130,71,163,7509,2017,2498.0,0.0,0.734342,2.8180099999999997,ESP,NOR,560221
11905131,72,163,7509,2017,1450.0,0.0,1.010985,1.289633,EST,NOR,560221
11905132,74,163,7509,2017,3250.0,0.0,1.655957,0.962485,FIN,NOR,560221
11905133,81,163,7509,2017,1363.0,0.0,1.6883119999999998,0.8347469999999999,GBR,NOR,560221
11905134,111,163,7509,2017,26940.0,0.0,1.34395,0.577693,ITA,NOR,560221
11905135,114,163,7509,2017,0.0,2044.0,2.4510419999999997,-0.277357,JPN,NOR,560221
11905136,121,163,7509,2017,1484.0,0.0,2.011263,0.783215,KOR,NOR,560221
11905137,130,163,7509,2017,4466.0,0.0,0.855858,1.447717,LTU,NOR,560221
11905138,131,163,7509,2017,10761.0,0.0,1.24064,1.298263,LUX,NOR,560221
11905139,145,163,7509,2017,1469.0,0.0,-0.933737,-1.1195620000000002,MNG,NOR,560221
11905140,159,163,7509,2017,0.0,1305.0,-1.8260919999999998,-1.276591,NGA,NOR,560221
11905141,162,163,7509,2017,5891.0,0.0,1.146959,1.470869,NLD,NOR,560221
11905142,164,163,7509,2017,21317.0,0.0,-0.319681,0.5788220000000001,NPL,NOR,560221
11905143,208,163,7509,2017,82855.0,0.0,1.764732,0.732646,SWE,NOR,560221
11905144,216,163,7509,2017,0.0,940.0,0.983977,1.3926020000000001,THA,NOR,560221
11905145,231,163,7509,2017,1201.0,0.0,1.601478,0.277271,USA,NOR,560221
11905146,14,166,7509,2017,28809.0,2578.0,-0.42427200000000004,-0.152921,AUS,NZL,560221
11905147,43,166,7509,2017,337549.0,0.0,1.1127790000000002,1.56869,CHN,NZL,560221
11905148,61,166,7509,2017,8495.0,0.0,2.1149459999999998,-2.525372,DEU,NZL,560221
11905149,81,166,7509,2017,22023.0,0.0,1.6883119999999998,0.8347469999999999,GBR,NZL,560221
11905150,104,166,7509,2017,34204.0,0.0,0.290576,2.726391,IND,NZL,560221
11905151,124,166,7509,2017,0.0,7487.0,0.266847,1.117621,LBN,NZL,560221
11905152,153,166,7509,2017,0.0,14991.0,1.0110139999999999,0.6840729999999999,MYS,NZL,560221
11905153,164,166,7509,2017,4550.0,0.0,-0.319681,0.5788220000000001,NPL,NZL,560221
11905154,216,166,7509,2017,0.0,3028.0,0.983977,1.3926020000000001,THA,NZL,560221
11905155,231,166,7509,2017,11985.0,0.0,1.601478,0.277271,USA,NZL,560221
11905156,249,166,7509,2017,0.0,8145.0,2.0548290000000002,1.2552969999999999,TWN,NZL,560221
11905157,43,168,7509,2017,168958.0,0.0,1.1127790000000002,1.56869,CHN,PAK,560221
11905158,61,168,7509,2017,3681.0,0.0,2.1149459999999998,-2.525372,DEU,PAK,560221
11905159,77,168,7509,2017,4896.0,0.0,1.398427,0.894732,FRA,PAK,560221
11905160,103,168,7509,2017,0.0,2640.0,-0.23641700000000002,1.188173,IDN,PAK,560221
11905161,114,168,7509,2017,2941.0,0.0,2.4510419999999997,-0.277357,JPN,PAK,560221
11905162,116,168,7509,2017,0.0,28443.0,-0.579541,0.511926,KEN,PAK,560221
11905163,162,168,7509,2017,1956.0,0.0,1.146959,1.470869,NLD,PAK,560221
11905164,43,169,7509,2017,1621.0,0.0,1.1127790000000002,1.56869,CHN,PAN,560221
11905165,49,169,7509,2017,5283.0,0.0,0.208096,-0.17644300000000002,COL,PAN,560221
11905166,71,169,7509,2017,7736.0,0.0,0.734342,2.8180099999999997,ESP,PAN,560221
11905167,231,169,7509,2017,5740.0,0.0,1.601478,0.277271,USA,PAN,560221
11905168,250,169,7509,2017,0.0,8401.0,0.72523,-0.205046,ANS,PAN,560221
11905169,42,173,7509,2017,4995.0,0.0,-0.378693,-0.492983,CHL,PER,560221
11905170,43,173,7509,2017,8067.0,0.0,1.1127790000000002,1.56869,CHN,PER,560221
11905171,61,173,7509,2017,1045.0,0.0,2.1149459999999998,-2.525372,DEU,PER,560221
11905172,81,173,7509,2017,0.0,1019.0,1.6883119999999998,0.8347469999999999,GBR,PER,560221
11905173,41,174,7509,2017,0.0,1704.0,2.2557810000000003,0.845459,CHE,PHL,560221
11905174,43,174,7509,2017,87403.0,0.0,1.1127790000000002,1.56869,CHN,PHL,560221
11905175,104,174,7509,2017,18787.0,0.0,0.290576,2.726391,IND,PHL,560221
11905176,114,174,7509,2017,129403.0,0.0,2.4510419999999997,-0.277357,JPN,PHL,560221
11905177,121,174,7509,2017,49514.0,0.0,2.011263,0.783215,KOR,PHL,560221
11905178,153,174,7509,2017,120104.0,0.0,1.0110139999999999,0.6840729999999999,MYS,PHL,560221
11905179,162,174,7509,2017,104208.0,0.0,1.146959,1.470869,NLD,PHL,560221
11905180,216,174,7509,2017,469714.0,0.0,0.983977,1.3926020000000001,THA,PHL,560221
11905181,231,174,7509,2017,2802.0,0.0,1.601478,0.277271,USA,PHL,560221
11905182,14,177,7509,2017,0.0,2302.0,-0.42427200000000004,-0.152921,AUS,POL,560221
11905183,15,177,7509,2017,0.0,1649.0,1.728623,-0.031045999999999997,AUT,POL,560221
11905184,18,177,7509,2017,34053.0,0.0,1.292657,1.19571,BEL,POL,560221
11905185,23,177,7509,2017,0.0,13196.0,0.557843,1.7221119999999999,BGR,POL,560221
11905186,26,177,7509,2017,0.0,29778.0,0.43245,0.726721,BIH,POL,560221
11905187,28,177,7509,2017,0.0,3304.0,0.8115829999999999,0.8323459999999999,BLR,POL,560221
11905188,41,177,7509,2017,21180.0,10353.0,2.2557810000000003,0.845459,CHE,POL,560221
11905189,43,177,7509,2017,95935.0,0.0,1.1127790000000002,1.56869,CHN,POL,560221
11905190,59,177,7509,2017,7579.0,2757.0,1.7715130000000001,0.359668,CZE,POL,560221
11905191,61,177,7509,2017,1243539.0,15629.0,2.1149459999999998,-2.525372,DEU,POL,560221
11905192,64,177,7509,2017,13757.0,4559.0,1.159753,1.233914,DNK,POL,560221
11905193,71,177,7509,2017,60714.0,0.0,0.734342,2.8180099999999997,ESP,POL,560221
11905194,77,177,7509,2017,33506.0,0.0,1.398427,0.894732,FRA,POL,560221
11905195,81,177,7509,2017,4335.0,0.0,1.6883119999999998,0.8347469999999999,GBR,POL,560221
11905196,100,177,7509,2017,0.0,18015.0,0.860825,1.365445,HRV,POL,560221
11905197,102,177,7509,2017,0.0,6645.0,1.4886270000000001,0.845986,HUN,POL,560221
11905198,104,177,7509,2017,148831.0,0.0,0.290576,2.726391,IND,POL,560221
11905199,106,177,7509,2017,1719.0,0.0,1.363544,0.169211,IRL,POL,560221
11905200,111,177,7509,2017,169006.0,1417.0,1.34395,0.577693,ITA,POL,560221
11905201,115,177,7509,2017,0.0,8229.0,-0.394316,-0.5485979999999999,KAZ,POL,560221
11905202,130,177,7509,2017,130691.0,3011.0,0.855858,1.447717,LTU,POL,560221
11905203,162,177,7509,2017,12302.0,0.0,1.146959,1.470869,NLD,POL,560221
11905204,185,177,7509,2017,0.0,21023.0,1.05479,0.9842219999999999,ROU,POL,560221
11905205,198,177,7509,2017,2473.0,0.0,0.984548,0.6116199999999999,SMR,POL,560221
11905206,206,177,7509,2017,517500.0,91858.0,1.279606,0.85503,SVK,POL,560221
11905207,208,177,7509,2017,110154.0,0.0,1.764732,0.732646,SWE,POL,560221
11905208,228,177,7509,2017,0.0,40603.0,0.461109,0.7826569999999999,UKR,POL,560221
11905209,231,177,7509,2017,18556.0,0.0,1.601478,0.277271,USA,POL,560221
11905210,18,179,7509,2017,17274.0,0.0,1.292657,1.19571,BEL,PRT,560221
11905211,32,179,7509,2017,2116.0,0.0,0.145224,0.483461,BRA,PRT,560221
11905212,41,179,7509,2017,949.0,0.0,2.2557810000000003,0.845459,CHE,PRT,560221
11905213,43,179,7509,2017,5177.0,0.0,1.1127790000000002,1.56869,CHN,PRT,560221
11905214,61,179,7509,2017,120717.0,1771.0,2.1149459999999998,-2.525372,DEU,PRT,560221
11905215,71,179,7509,2017,354141.0,183634.0,0.734342,2.8180099999999997,ESP,PRT,560221
11905216,77,179,7509,2017,15094.0,340883.0,1.398427,0.894732,FRA,PRT,560221
11905217,81,179,7509,2017,12337.0,0.0,1.6883119999999998,0.8347469999999999,GBR,PRT,560221
11905218,106,179,7509,2017,7082.0,0.0,1.363544,0.169211,IRL,PRT,560221
11905219,111,179,7509,2017,79309.0,0.0,1.34395,0.577693,ITA,PRT,560221
11905220,162,179,7509,2017,8024.0,0.0,1.146959,1.470869,NLD,PRT,560221
11905221,231,179,7509,2017,1739.0,0.0,1.601478,0.277271,USA,PRT,560221
11905222,32,180,7509,2017,4197.0,0.0,0.145224,0.483461,BRA,PRY,560221
11905223,42,180,7509,2017,9014.0,0.0,-0.378693,-0.492983,CHL,PRY,560221
11905224,43,180,7509,2017,3033.0,0.0,1.1127790000000002,1.56869,CHN,PRY,560221
11905225,61,180,7509,2017,8008.0,0.0,2.1149459999999998,-2.525372,DEU,PRY,560221
11905226,9,186,7509,2017,0.0,11049.0,-0.23846799999999999,-0.658774,ARM,RUS,560221
11905227,15,186,7509,2017,1075.0,0.0,1.728623,-0.031045999999999997,AUT,RUS,560221
11905228,16,186,7509,2017,0.0,10368.0,-1.022455,-1.199225,AZE,RUS,560221
11905229,28,186,7509,2017,1130.0,115630.0,0.8115829999999999,0.8323459999999999,BLR,RUS,560221
11905230,41,186,7509,2017,15060.0,0.0,2.2557810000000003,0.845459,CHE,RUS,560221
11905231,43,186,7509,2017,107591.0,0.0,1.1127790000000002,1.56869,CHN,RUS,560221
11905232,61,186,7509,2017,98748.0,0.0,2.1149459999999998,-2.525372,DEU,RUS,560221
11905233,71,186,7509,2017,7111.0,0.0,0.734342,2.8180099999999997,ESP,RUS,560221
11905234,77,186,7509,2017,8360.0,0.0,1.398427,0.894732,FRA,RUS,560221
11905235,81,186,7509,2017,3280.0,0.0,1.6883119999999998,0.8347469999999999,GBR,RUS,560221
11905236,104,186,7509,2017,61965.0,0.0,0.290576,2.726391,IND,RUS,560221
11905237,111,186,7509,2017,20840.0,0.0,1.34395,0.577693,ITA,RUS,560221
11905238,114,186,7509,2017,15794.0,0.0,2.4510419999999997,-0.277357,JPN,RUS,560221
11905239,115,186,7509,2017,6030.0,53448.0,-0.394316,-0.5485979999999999,KAZ,RUS,560221
11905240,130,186,7509,2017,25748.0,14151.0,0.855858,1.447717,LTU,RUS,560221
11905241,132,186,7509,2017,0.0,5316.0,0.684555,1.3208030000000002,LVA,RUS,560221
11905242,143,186,7509,2017,0.0,3164.0,-1.051544,-0.419183,MMR,RUS,560221
11905243,145,186,7509,2017,0.0,5698.0,-0.933737,-1.1195620000000002,MNG,RUS,560221
11905244,162,186,7509,2017,1773.0,0.0,1.146959,1.470869,NLD,RUS,560221
11905245,228,186,7509,2017,0.0,66470.0,0.461109,0.7826569999999999,UKR,RUS,560221
11905246,231,186,7509,2017,12367.0,0.0,1.601478,0.277271,USA,RUS,560221
11905247,43,188,7509,2017,19491.0,0.0,1.1127790000000002,1.56869,CHN,SAU,560221
11905248,61,188,7509,2017,5341.0,0.0,2.1149459999999998,-2.525372,DEU,SAU,560221
11905249,97,188,7509,2017,1102.0,0.0,0.824982,1.7162220000000001,HKG,SAU,560221
11905250,104,188,7509,2017,3086.0,0.0,0.290576,2.726391,IND,SAU,560221
11905251,111,188,7509,2017,37208.0,0.0,1.34395,0.577693,ITA,SAU,560221
11905252,162,188,7509,2017,9251.0,0.0,1.146959,1.470869,NLD,SAU,560221
11905253,224,188,7509,2017,16533.0,0.0,0.541611,2.405872,TUR,SAU,560221
11905254,43,190,7509,2017,20888.0,0.0,1.1127790000000002,1.56869,CHN,SDN,560221
11905255,18,192,7509,2017,106119.0,0.0,1.292657,1.19571,BEL,SGP,560221
11905256,32,192,7509,2017,0.0,1911.0,0.145224,0.483461,BRA,SGP,560221
11905257,39,192,7509,2017,9792.0,0.0,0.73897,1.206402,CAN,SGP,560221
11905258,41,192,7509,2017,1683.0,0.0,2.2557810000000003,0.845459,CHE,SGP,560221
11905259,43,192,7509,2017,94492.0,0.0,1.1127790000000002,1.56869,CHN,SGP,560221
11905260,61,192,7509,2017,9411.0,0.0,2.1149459999999998,-2.525372,DEU,SGP,560221
11905261,81,192,7509,2017,2046.0,0.0,1.6883119999999998,0.8347469999999999,GBR,SGP,560221
11905262,103,192,7509,2017,1294.0,10614.0,-0.23641700000000002,1.188173,IDN,SGP,560221
11905263,104,192,7509,2017,13975.0,0.0,0.290576,2.726391,IND,SGP,560221
11905264,111,192,7509,2017,9483.0,0.0,1.34395,0.577693,ITA,SGP,560221
11905265,114,192,7509,2017,117159.0,0.0,2.4510419999999997,-0.277357,JPN,SGP,560221
11905266,121,192,7509,2017,742.0,0.0,2.011263,0.783215,KOR,SGP,560221
11905267,137,192,7509,2017,0.0,1097.0,-1.100027,-0.9779479999999999,MDV,SGP,560221
11905268,153,192,7509,2017,0.0,3859.0,1.0110139999999999,0.6840729999999999,MYS,SGP,560221
11905269,224,192,7509,2017,5817.0,0.0,0.541611,2.405872,TUR,SGP,560221
11905270,231,192,7509,2017,7987.0,0.0,1.601478,0.277271,USA,SGP,560221
11905271,43,197,7509,2017,2911.0,0.0,1.1127790000000002,1.56869,CHN,SLV,560221
11905272,138,197,7509,2017,4828.0,0.0,1.08871,0.5745279999999999,MEX,SLV,560221
11905273,231,197,7509,2017,1208.0,0.0,1.601478,0.277271,USA,SLV,560221
11905274,15,208,7509,2017,2227.0,0.0,1.728623,-0.031045999999999997,AUT,SWE,560221
11905275,41,208,7509,2017,0.0,5998.0,2.2557810000000003,0.845459,CHE,SWE,560221
11905276,43,208,7509,2017,108888.0,0.0,1.1127790000000002,1.56869,CHN,SWE,560221
11905277,59,208,7509,2017,2021.0,0.0,1.7715130000000001,0.359668,CZE,SWE,560221
11905278,61,208,7509,2017,300127.0,6472.0,2.1149459999999998,-2.525372,DEU,SWE,560221
11905279,64,208,7509,2017,30771.0,5081.0,1.159753,1.233914,DNK,SWE,560221
11905280,71,208,7509,2017,14355.0,0.0,0.734342,2.8180099999999997,ESP,SWE,560221
11905281,74,208,7509,2017,0.0,66928.0,1.655957,0.962485,FIN,SWE,560221
11905282,77,208,7509,2017,0.0,1928.0,1.398427,0.894732,FRA,SWE,560221
11905283,81,208,7509,2017,1551.0,0.0,1.6883119999999998,0.8347469999999999,GBR,SWE,560221
11905284,97,208,7509,2017,0.0,5014.0,0.824982,1.7162220000000001,HKG,SWE,560221
11905285,104,208,7509,2017,6254.0,0.0,0.290576,2.726391,IND,SWE,560221
11905286,111,208,7509,2017,104319.0,0.0,1.34395,0.577693,ITA,SWE,560221
11905287,130,208,7509,2017,14041.0,0.0,0.855858,1.447717,LTU,SWE,560221
11905288,132,208,7509,2017,0.0,16477.0,0.684555,1.3208030000000002,LVA,SWE,560221
11905289,153,208,7509,2017,0.0,2516.0,1.0110139999999999,0.6840729999999999,MYS,SWE,560221
11905290,162,208,7509,2017,8037.0,0.0,1.146959,1.470869,NLD,SWE,560221
11905291,163,208,7509,2017,0.0,82855.0,0.73658,0.11450199999999999,NOR,SWE,560221
11905292,164,208,7509,2017,1866.0,0.0,-0.319681,0.5788220000000001,NPL,SWE,560221
11905293,177,208,7509,2017,0.0,110154.0,1.197417,1.092716,POL,SWE,560221
11905294,231,208,7509,2017,2385.0,0.0,1.601478,0.277271,USA,SWE,560221
11905295,8,216,7509,2017,0.0,225793.0,-0.120753,0.233375,ARG,THA,560221
11905296,32,216,7509,2017,14174.0,0.0,0.145224,0.483461,BRA,THA,560221
11905297,41,216,7509,2017,1092.0,0.0,2.2557810000000003,0.845459,CHE,THA,560221
11905298,43,216,7509,2017,47387.0,1332865.0,1.1127790000000002,1.56869,CHN,THA,560221
11905299,61,216,7509,2017,6902.0,0.0,2.1149459999999998,-2.525372,DEU,THA,560221
11905300,77,216,7509,2017,3773.0,0.0,1.398427,0.894732,FRA,THA,560221
11905301,97,216,7509,2017,26723.0,815892.0,0.824982,1.7162220000000001,HKG,THA,560221
11905302,103,216,7509,2017,0.0,75143.0,-0.23641700000000002,1.188173,IDN,THA,560221
11905303,104,216,7509,2017,59375.0,17104.0,0.290576,2.726391,IND,THA,560221
11905304,106,216,7509,2017,0.0,5414.0,1.363544,0.169211,IRL,THA,560221
11905305,111,216,7509,2017,16129.0,0.0,1.34395,0.577693,ITA,THA,560221
11905306,114,216,7509,2017,631538.0,2771.0,2.4510419999999997,-0.277357,JPN,THA,560221
11905307,121,216,7509,2017,19539.0,0.0,2.011263,0.783215,KOR,THA,560221
11905308,138,216,7509,2017,0.0,991.0,1.08871,0.5745279999999999,MEX,THA,560221
11905309,153,216,7509,2017,0.0,2423.0,1.0110139999999999,0.6840729999999999,MYS,THA,560221
11905310,162,216,7509,2017,1993.0,0.0,1.146959,1.470869,NLD,THA,560221
11905311,163,216,7509,2017,940.0,0.0,0.73658,0.11450199999999999,NOR,THA,560221
11905312,166,216,7509,2017,3028.0,0.0,0.25651199999999996,0.132996,NZL,THA,560221
11905313,174,216,7509,2017,0.0,469714.0,0.657759,0.170061,PHL,THA,560221
11905314,231,216,7509,2017,41800.0,0.0,1.601478,0.277271,USA,THA,560221
11905315,239,216,7509,2017,0.0,1422.0,-0.009819,0.686429,VNM,THA,560221
11905316,249,216,7509,2017,9031.0,1360.0,2.0548290000000002,1.2552969999999999,TWN,THA,560221
11905317,7,224,7509,2017,0.0,4026.0,0.210477,0.02557,ARE,TUR,560221
11905318,16,224,7509,2017,0.0,1122.0,-1.022455,-1.199225,AZE,TUR,560221
11905319,18,224,7509,2017,9325.0,60698.0,1.292657,1.19571,BEL,TUR,560221
11905320,32,224,7509,2017,27720.0,0.0,0.145224,0.483461,BRA,TUR,560221
11905321,41,224,7509,2017,8798.0,0.0,2.2557810000000003,0.845459,CHE,TUR,560221
11905322,43,224,7509,2017,20713.0,3305.0,1.1127790000000002,1.56869,CHN,TUR,560221
11905323,59,224,7509,2017,4460.0,0.0,1.7715130000000001,0.359668,CZE,TUR,560221
11905324,61,224,7509,2017,975023.0,46811.0,2.1149459999999998,-2.525372,DEU,TUR,560221
11905325,66,224,7509,2017,0.0,10462.0,-0.9905579999999999,-1.1996200000000001,DZA,TUR,560221
11905326,68,224,7509,2017,0.0,16159.0,-0.073436,1.829121,EGY,TUR,560221
11905327,71,224,7509,2017,2296.0,0.0,0.734342,2.8180099999999997,ESP,TUR,560221
11905328,74,224,7509,2017,0.0,18050.0,1.655957,0.962485,FIN,TUR,560221
11905329,77,224,7509,2017,27709.0,0.0,1.398427,0.894732,FRA,TUR,560221
11905330,81,224,7509,2017,0.0,70507.0,1.6883119999999998,0.8347469999999999,GBR,TUR,560221
11905331,82,224,7509,2017,0.0,1155.0,-0.241749,-0.374727,GEO,TUR,560221
11905332,104,224,7509,2017,374756.0,91631.0,0.290576,2.726391,IND,TUR,560221
11905333,107,224,7509,2017,0.0,19137.0,-0.361292,-0.361813,IRN,TUR,560221
11905334,110,224,7509,2017,0.0,967.0,1.436156,0.776574,ISR,TUR,560221
11905335,111,224,7509,2017,51247.0,6984.0,1.34395,0.577693,ITA,TUR,560221
11905336,114,224,7509,2017,15702.0,0.0,2.4510419999999997,-0.277357,JPN,TUR,560221
11905337,121,224,7509,2017,3147.0,0.0,2.011263,0.783215,KOR,TUR,560221
11905338,122,224,7509,2017,0.0,35260.0,-0.229821,-1.128482,KWT,TUR,560221
11905339,124,224,7509,2017,0.0,1079.0,0.266847,1.117621,LBN,TUR,560221
11905340,134,224,7509,2017,0.0,9216.0,-0.757236,-0.065347,MAR,TUR,560221
11905341,148,224,7509,2017,0.0,978.0,-1.634533,-1.330819,MRT,TUR,560221
11905342,162,224,7509,2017,13615.0,0.0,1.146959,1.470869,NLD,TUR,560221
11905343,183,224,7509,2017,0.0,9430.0,-0.361327,-1.066869,QAT,TUR,560221
11905344,188,224,7509,2017,0.0,16533.0,0.597716,-0.345049,SAU,TUR,560221
11905345,192,224,7509,2017,0.0,5817.0,1.884166,0.37903600000000004,SGP,TUR,560221
11905346,201,224,7509,2017,0.0,34029.0,0.541644,1.19872,SRB,TUR,560221
11905347,212,224,7509,2017,0.0,2324.0,-0.660905,0.345462,SYR,TUR,560221
11905348,217,224,7509,2017,0.0,3071.0,-0.938366,-1.092714,TJK,TUR,560221
11905349,219,224,7509,2017,0.0,5108.0,-1.564885,-1.274637,TKM,TUR,560221
11905350,231,224,7509,2017,113276.0,0.0,1.601478,0.277271,USA,TUR,560221
11905351,232,224,7509,2017,0.0,4496.0,-0.407169,-0.264942,UZB,TUR,560221
11905352,18,228,7509,2017,944.0,0.0,1.292657,1.19571,BEL,UKR,560221
11905353,43,228,7509,2017,143712.0,0.0,1.1127790000000002,1.56869,CHN,UKR,560221
11905354,61,228,7509,2017,78180.0,0.0,2.1149459999999998,-2.525372,DEU,UKR,560221
11905355,64,228,7509,2017,1345.0,0.0,1.159753,1.233914,DNK,UKR,560221
11905356,111,228,7509,2017,2363.0,0.0,1.34395,0.577693,ITA,UKR,560221
11905357,135,228,7509,2017,0.0,1400.0,-0.24909,-0.181213,MDA,UKR,560221
11905358,177,228,7509,2017,40603.0,0.0,1.197417,1.092716,POL,UKR,560221
11905359,186,228,7509,2017,66470.0,0.0,0.32885,0.288392,RUS,UKR,560221
11905360,43,230,7509,2017,2172.0,0.0,1.1127790000000002,1.56869,CHN,URY,560221
11905361,61,230,7509,2017,1044.0,0.0,2.1149459999999998,-2.525372,DEU,URY,560221
11905362,111,230,7509,2017,19833.0,0.0,1.34395,0.577693,ITA,URY,560221
11905363,7,231,7509,2017,0.0,16868.0,0.210477,0.02557,ARE,USA,560221
11905364,14,231,7509,2017,0.0,9692.0,-0.42427200000000004,-0.152921,AUS,USA,560221
11905365,15,231,7509,2017,1734.0,5539.0,1.728623,-0.031045999999999997,AUT,USA,560221
11905366,18,231,7509,2017,26783.0,12613.0,1.292657,1.19571,BEL,USA,560221
11905367,21,231,7509,2017,0.0,1690.0,-1.100802,-1.0632110000000001,BFA,USA,560221
11905368,23,231,7509,2017,0.0,7964.0,0.557843,1.7221119999999999,BGR,USA,560221
11905369,25,231,7509,2017,0.0,6192.0,0.81944,-0.30649499999999996,BHS,USA,560221
11905370,32,231,7509,2017,0.0,11494.0,0.145224,0.483461,BRA,USA,560221
11905371,39,231,7509,2017,2728398.0,799295.0,0.73897,1.206402,CAN,USA,560221
11905372,41,231,7509,2017,7746.0,2048.0,2.2557810000000003,0.845459,CHE,USA,560221
11905373,42,231,7509,2017,0.0,5397.0,-0.378693,-0.492983,CHL,USA,560221
11905374,43,231,7509,2017,138679.0,34050.0,1.1127790000000002,1.56869,CHN,USA,560221
11905375,49,231,7509,2017,0.0,8296.0,0.208096,-0.17644300000000002,COL,USA,560221
11905376,61,231,7509,2017,7689264.0,49292.0,2.1149459999999998,-2.525372,DEU,USA,560221
11905377,64,231,7509,2017,113839.0,0.0,1.159753,1.233914,DNK,USA,560221
11905378,65,231,7509,2017,0.0,123687.0,-0.168016,0.30840100000000004,DOM,USA,560221
11905379,71,231,7509,2017,378922.0,12293.0,0.734342,2.8180099999999997,ESP,USA,560221
11905380,74,231,7509,2017,0.0,1362.0,1.655957,0.962485,FIN,USA,560221
11905381,77,231,7509,2017,16680.0,11954.0,1.398427,0.894732,FRA,USA,560221
11905382,81,231,7509,2017,60322.0,5896.0,1.6883119999999998,0.8347469999999999,GBR,USA,560221
11905383,82,231,7509,2017,1215.0,0.0,-0.241749,-0.374727,GEO,USA,560221
11905384,90,231,7509,2017,0.0,8386.0,0.154098,1.151038,GRC,USA,560221
11905385,93,231,7509,2017,0.0,4327.0,-0.418538,0.557454,GTM,USA,560221
11905386,97,231,7509,2017,1326.0,188449.0,0.824982,1.7162220000000001,HKG,USA,560221
11905387,102,231,7509,2017,0.0,17272.0,1.4886270000000001,0.845986,HUN,USA,560221
11905388,104,231,7509,2017,242179.0,11724.0,0.290576,2.726391,IND,USA,560221
11905389,106,231,7509,2017,0.0,66270.0,1.363544,0.169211,IRL,USA,560221
11905390,107,231,7509,2017,183143.0,0.0,-0.361292,-0.361813,IRN,USA,560221
11905391,110,231,7509,2017,0.0,7017.0,1.436156,0.776574,ISR,USA,560221
11905392,111,231,7509,2017,541643.0,2363.0,1.34395,0.577693,ITA,USA,560221
11905393,112,231,7509,2017,0.0,2627.0,-0.497654,-0.76481,JAM,USA,560221
11905394,114,231,7509,2017,145987.0,7365.0,2.4510419999999997,-0.277357,JPN,USA,560221
11905395,121,231,7509,2017,16060.0,120035.0,2.011263,0.783215,KOR,USA,560221
11905396,122,231,7509,2017,0.0,6256.0,-0.229821,-1.128482,KWT,USA,560221
11905397,138,231,7509,2017,5730618.0,1030712.0,1.08871,0.5745279999999999,MEX,USA,560221
11905398,153,231,7509,2017,0.0,3338.0,1.0110139999999999,0.6840729999999999,MYS,USA,560221
11905399,160,231,7509,2017,0.0,9121.0,-1.0502280000000002,-0.8817719999999999,NIC,USA,560221
11905400,162,231,7509,2017,120091.0,2275.0,1.146959,1.470869,NLD,USA,560221
11905401,163,231,7509,2017,0.0,1201.0,0.73658,0.11450199999999999,NOR,USA,560221
11905402,164,231,7509,2017,37037.0,0.0,-0.319681,0.5788220000000001,NPL,USA,560221
11905403,166,231,7509,2017,0.0,11985.0,0.25651199999999996,0.132996,NZL,USA,560221
11905404,169,231,7509,2017,0.0,5740.0,0.5520109999999999,0.788181,PAN,USA,560221
11905405,174,231,7509,2017,0.0,2802.0,0.657759,0.170061,PHL,USA,560221
11905406,177,231,7509,2017,0.0,18556.0,1.197417,1.092716,POL,USA,560221
11905407,179,231,7509,2017,0.0,1739.0,0.527046,2.264624,PRT,USA,560221
11905408,185,231,7509,2017,0.0,1291.0,1.05479,0.9842219999999999,ROU,USA,560221
11905409,186,231,7509,2017,0.0,12367.0,0.32885,0.288392,RUS,USA,560221
11905410,192,231,7509,2017,0.0,7987.0,1.884166,0.37903600000000004,SGP,USA,560221
11905411,197,231,7509,2017,0.0,1208.0,0.113639,0.23175199999999999,SLV,USA,560221
11905412,207,231,7509,2017,0.0,83216.0,1.600319,0.854305,SVN,USA,560221
11905413,208,231,7509,2017,0.0,2385.0,1.764732,0.732646,SWE,USA,560221
11905414,213,231,7509,2017,0.0,2730.0,0.897017,0.219298,TCA,USA,560221
11905415,216,231,7509,2017,0.0,41800.0,0.983977,1.3926020000000001,THA,USA,560221
11905416,224,231,7509,2017,0.0,113276.0,0.541611,2.405872,TUR,USA,560221
11905417,239,231,7509,2017,0.0,24750.0,-0.009819,0.686429,VNM,USA,560221
11905418,246,231,7509,2017,0.0,1767.0,0.2066,1.378591,ZAF,USA,560221
11905419,249,231,7509,2017,11724.0,0.0,2.0548290000000002,1.2552969999999999,TWN,USA,560221
11905420,32,236,7509,2017,3078.0,0.0,0.145224,0.483461,BRA,VEN,560221
11905421,41,236,7509,2017,5018.0,0.0,2.2557810000000003,0.845459,CHE,VEN,560221
11905422,61,236,7509,2017,1861.0,0.0,2.1149459999999998,-2.525372,DEU,VEN,560221
11905423,111,236,7509,2017,97292.0,0.0,1.34395,0.577693,ITA,VEN,560221
11905424,32,246,7509,2017,2930.0,0.0,0.145224,0.483461,BRA,ZAF,560221
11905425,39,246,7509,2017,4180.0,0.0,0.73897,1.206402,CAN,ZAF,560221
11905426,41,246,7509,2017,1075.0,0.0,2.2557810000000003,0.845459,CHE,ZAF,560221
11905427,43,246,7509,2017,78497.0,0.0,1.1127790000000002,1.56869,CHN,ZAF,560221
11905428,61,246,7509,2017,16614.0,0.0,2.1149459999999998,-2.525372,DEU,ZAF,560221
11905429,71,246,7509,2017,11290.0,0.0,0.734342,2.8180099999999997,ESP,ZAF,560221
11905430,77,246,7509,2017,1227.0,0.0,1.398427,0.894732,FRA,ZAF,560221
11905431,81,246,7509,2017,1577.0,0.0,1.6883119999999998,0.8347469999999999,GBR,ZAF,560221
11905432,104,246,7509,2017,158910.0,0.0,0.290576,2.726391,IND,ZAF,560221
11905433,111,246,7509,2017,78435.0,0.0,1.34395,0.577693,ITA,ZAF,560221
11905434,129,246,7509,2017,0.0,9348.0,-0.955398,-0.824111,LSO,ZAF,560221
11905435,231,246,7509,2017,1767.0,0.0,1.601478,0.277271,USA,ZAF,560221
11905436,22,249,7509,2017,0.0,1578.0,-1.016251,-0.987654,BGD,TWN,560221
11905437,32,249,7509,2017,0.0,4381.0,0.145224,0.483461,BRA,TWN,560221
11905438,34,249,7509,2017,0.0,764.0,0.270525,-0.747949,BRN,TWN,560221
11905439,43,249,7509,2017,91245.0,51571.0,1.1127790000000002,1.56869,CHN,TWN,560221
11905440,61,249,7509,2017,5076.0,0.0,2.1149459999999998,-2.525372,DEU,TWN,560221
11905441,71,249,7509,2017,1885.0,0.0,0.734342,2.8180099999999997,ESP,TWN,560221
11905442,77,249,7509,2017,1753.0,1744.0,1.398427,0.894732,FRA,TWN,560221
11905443,97,249,7509,2017,0.0,6426.0,0.824982,1.7162220000000001,HKG,TWN,560221
11905444,103,249,7509,2017,0.0,1546.0,-0.23641700000000002,1.188173,IDN,TWN,560221
11905445,104,249,7509,2017,49254.0,0.0,0.290576,2.726391,IND,TWN,560221
11905446,111,249,7509,2017,6610.0,1121.0,1.34395,0.577693,ITA,TWN,560221
11905447,114,249,7509,2017,182072.0,13987.0,2.4510419999999997,-0.277357,JPN,TWN,560221
11905448,121,249,7509,2017,261267.0,1622.0,2.011263,0.783215,KOR,TWN,560221
11905449,138,249,7509,2017,45779.0,0.0,1.08871,0.5745279999999999,MEX,TWN,560221
11905450,162,249,7509,2017,7770.0,0.0,1.146959,1.470869,NLD,TWN,560221
11905451,166,249,7509,2017,8145.0,0.0,0.25651199999999996,0.132996,NZL,TWN,560221
11905452,216,249,7509,2017,1360.0,9031.0,0.983977,1.3926020000000001,THA,TWN,560221
11905453,231,249,7509,2017,0.0,11724.0,1.601478,0.277271,USA,TWN,560221
11905454,239,249,7509,2017,0.0,47375.0,-0.009819,0.686429,VNM,TWN,560221
11905455,71,250,7509,2017,0.0,2885.0,0.734342,2.8180099999999997,ESP,ANS,560221
11905456,72,250,7509,2017,0.0,7324.0,1.010985,1.289633,EST,ANS,560221
11905457,77,250,7509,2017,0.0,9726.0,1.398427,0.894732,FRA,ANS,560221
11905458,106,250,7509,2017,0.0,54178.0,1.363544,0.169211,IRL,ANS,560221
11905459,162,250,7509,2017,0.0,29571.0,1.146959,1.470869,NLD,ANS,560221
11905460,169,250,7509,2017,8401.0,0.0,0.5520109999999999,0.788181,PAN,ANS,560221
11905461,183,250,7509,2017,0.0,4562.0,-0.361327,-1.066869,QAT,ANS,560221
11905462,206,250,7509,2017,0.0,2234.0,1.279606,0.85503,SVK,ANS,560221
11905463,32,14,7509,2017,0.0,2229.0,0.145224,0.483461,BRA,AUS,560221
11905464,39,14,7509,2017,3717.0,0.0,0.73897,1.206402,CAN,AUS,560221
11905465,43,14,7509,2017,98383.0,0.0,1.1127790000000002,1.56869,CHN,AUS,560221
11905466,59,14,7509,2017,110757.0,0.0,1.7715130000000001,0.359668,CZE,AUS,560221
11905467,61,14,7509,2017,167415.0,0.0,2.1149459999999998,-2.525372,DEU,AUS,560221
11905468,71,14,7509,2017,1723.0,0.0,0.734342,2.8180099999999997,ESP,AUS,560221
11905469,81,14,7509,2017,6663.0,0.0,1.6883119999999998,0.8347469999999999,GBR,AUS,560221
11905470,104,14,7509,2017,171116.0,0.0,0.290576,2.726391,IND,AUS,560221
11905471,111,14,7509,2017,18522.0,0.0,1.34395,0.577693,ITA,AUS,560221
11905472,145,14,7509,2017,352.0,0.0,-0.933737,-1.1195620000000002,MNG,AUS,560221
11905473,153,14,7509,2017,0.0,17264.0,1.0110139999999999,0.6840729999999999,MYS,AUS,560221
11905474,162,14,7509,2017,10827.0,0.0,1.146959,1.470869,NLD,AUS,560221
11905475,164,14,7509,2017,1637.0,0.0,-0.319681,0.5788220000000001,NPL,AUS,560221
11905476,166,14,7509,2017,2578.0,28809.0,0.25651199999999996,0.132996,NZL,AUS,560221
11905477,177,14,7509,2017,2302.0,0.0,1.197417,1.092716,POL,AUS,560221
11905478,231,14,7509,2017,9692.0,0.0,1.601478,0.277271,USA,AUS,560221
11905479,186,16,7509,2017,10368.0,0.0,0.32885,0.288392,RUS,AZE,560221
11905480,224,16,7509,2017,1122.0,0.0,0.541611,2.405872,TUR,AZE,560221
11905481,43,24,7509,2017,2918.0,0.0,1.1127790000000002,1.56869,CHN,BHR,560221
11905482,104,24,7509,2017,1973.0,0.0,0.290576,2.726391,IND,BHR,560221
11905483,111,24,7509,2017,15721.0,0.0,1.34395,0.577693,ITA,BHR,560221
11905484,15,26,7509,2017,16150.0,0.0,1.728623,-0.031045999999999997,AUT,BIH,560221
11905485,41,26,7509,2017,0.0,5485.0,2.2557810000000003,0.845459,CHE,BIH,560221
11905486,61,26,7509,2017,91115.0,0.0,2.1149459999999998,-2.525372,DEU,BIH,560221
11905487,100,26,7509,2017,4767.0,1807.0,0.860825,1.365445,HRV,BIH,560221
11905488,177,26,7509,2017,29778.0,0.0,1.197417,1.092716,POL,BIH,560221
11905489,201,26,7509,2017,2595.0,5105.0,0.541644,1.19872,SRB,BIH,560221
11905490,207,26,7509,2017,40529.0,0.0,1.600319,0.854305,SVN,BIH,560221
11905491,43,28,7509,2017,1251.0,0.0,1.1127790000000002,1.56869,CHN,BLR,560221
11905492,61,28,7509,2017,3870.0,0.0,2.1149459999999998,-2.525372,DEU,BLR,560221
11905493,111,28,7509,2017,3340.0,0.0,1.34395,0.577693,ITA,BLR,560221
11905494,130,28,7509,2017,7758.0,0.0,0.855858,1.447717,LTU,BLR,560221
11905495,177,28,7509,2017,3304.0,0.0,1.197417,1.092716,POL,BLR,560221
11905496,186,28,7509,2017,115630.0,1130.0,0.32885,0.288392,RUS,BLR,560221
11905497,32,31,7509,2017,13142.0,0.0,0.145224,0.483461,BRA,BOL,560221
11905498,42,31,7509,2017,3791.0,0.0,-0.378693,-0.492983,CHL,BOL,560221
11905499,111,31,7509,2017,7139.0,0.0,1.34395,0.577693,ITA,BOL,560221
11905500,14,59,7509,2017,0.0,110757.0,-0.42427200000000004,-0.152921,AUS,CZE,560221
11905501,15,59,7509,2017,13563.0,9727.0,1.728623,-0.031045999999999997,AUT,CZE,560221
11905502,18,59,7509,2017,2801.0,0.0,1.292657,1.19571,BEL,CZE,560221
11905503,41,59,7509,2017,8740.0,0.0,2.2557810000000003,0.845459,CHE,CZE,560221
11905504,43,59,7509,2017,27083.0,0.0,1.1127790000000002,1.56869,CHN,CZE,560221
11905505,61,59,7509,2017,393692.0,110952.0,2.1149459999999998,-2.525372,DEU,CZE,560221
11905506,64,59,7509,2017,0.0,6585.0,1.159753,1.233914,DNK,CZE,560221
11905507,71,59,7509,2017,67465.0,1440.0,0.734342,2.8180099999999997,ESP,CZE,560221
11905508,77,59,7509,2017,26008.0,2930.0,1.398427,0.894732,FRA,CZE,560221
11905509,81,59,7509,2017,1303.0,0.0,1.6883119999999998,0.8347469999999999,GBR,CZE,560221
11905510,102,59,7509,2017,0.0,38871.0,1.4886270000000001,0.845986,HUN,CZE,560221
11905511,104,59,7509,2017,60911.0,0.0,0.290576,2.726391,IND,CZE,560221
11905512,106,59,7509,2017,6554.0,0.0,1.363544,0.169211,IRL,CZE,560221
11905513,108,59,7509,2017,0.0,1207.0,-1.515339,-0.9462950000000001,IRQ,CZE,560221
11905514,111,59,7509,2017,203781.0,2096.0,1.34395,0.577693,ITA,CZE,560221
11905515,162,59,7509,2017,16602.0,6463.0,1.146959,1.470869,NLD,CZE,560221
11905516,164,59,7509,2017,1167.0,0.0,-0.319681,0.5788220000000001,NPL,CZE,560221
11905517,177,59,7509,2017,2757.0,7579.0,1.197417,1.092716,POL,CZE,560221
11905518,185,59,7509,2017,0.0,2329.0,1.05479,0.9842219999999999,ROU,CZE,560221
11905519,201,59,7509,2017,0.0,1079.0,0.541644,1.19872,SRB,CZE,560221
11905520,206,59,7509,2017,52468.0,66898.0,1.279606,0.85503,SVK,CZE,560221
11905521,208,59,7509,2017,0.0,2021.0,1.764732,0.732646,SWE,CZE,560221
11905522,224,59,7509,2017,0.0,4460.0,0.541611,2.405872,TUR,CZE,560221
11905523,43,68,7509,2017,1952.0,0.0,1.1127790000000002,1.56869,CHN,EGY,560221
11905524,61,68,7509,2017,33206.0,0.0,2.1149459999999998,-2.525372,DEU,EGY,560221
11905525,71,68,7509,2017,28064.0,0.0,0.734342,2.8180099999999997,ESP,EGY,560221
11905526,104,68,7509,2017,81089.0,0.0,0.290576,2.726391,IND,EGY,560221
11905527,111,68,7509,2017,40916.0,0.0,1.34395,0.577693,ITA,EGY,560221
11905528,121,68,7509,2017,3047.0,0.0,2.011263,0.783215,KOR,EGY,560221
11905529,162,68,7509,2017,909.0,0.0,1.146959,1.470869,NLD,EGY,560221
11905530,224,68,7509,2017,16159.0,0.0,0.541611,2.405872,TUR,EGY,560221
11905531,61,72,7509,2017,44688.0,0.0,2.1149459999999998,-2.525372,DEU,EST,560221
11905532,71,72,7509,2017,8314.0,0.0,0.734342,2.8180099999999997,ESP,EST,560221
11905533,74,72,7509,2017,2254.0,0.0,1.655957,0.962485,FIN,EST,560221
11905534,81,72,7509,2017,9864.0,0.0,1.6883119999999998,0.8347469999999999,GBR,EST,560221
11905535,130,72,7509,2017,24137.0,1078.0,0.855858,1.447717,LTU,EST,560221
11905536,132,72,7509,2017,0.0,7316.0,0.684555,1.3208030000000002,LVA,EST,560221
11905537,163,72,7509,2017,0.0,1450.0,0.73658,0.11450199999999999,NOR,EST,560221
11905538,250,72,7509,2017,7324.0,0.0,0.72523,-0.205046,ANS,EST,560221
11905539,224,82,7509,2017,1155.0,0.0,0.541611,2.405872,TUR,GEO,560221
11905540,231,82,7509,2017,0.0,1215.0,1.601478,0.277271,USA,GEO,560221
11905541,23,90,7509,2017,0.0,1003.0,0.557843,1.7221119999999999,BGR,GRC,560221
11905542,61,90,7509,2017,8341.0,0.0,2.1149459999999998,-2.525372,DEU,GRC,560221
11905543,104,90,7509,2017,5909.0,0.0,0.290576,2.726391,IND,GRC,560221
11905544,111,90,7509,2017,21636.0,0.0,1.34395,0.577693,ITA,GRC,560221
11905545,162,90,7509,2017,5342.0,0.0,1.146959,1.470869,NLD,GRC,560221
11905546,231,90,7509,2017,8386.0,0.0,1.601478,0.277271,USA,GRC,560221
11905547,15,100,7509,2017,0.0,1092.0,1.728623,-0.031045999999999997,AUT,HRV,560221
11905548,23,100,7509,2017,836.0,0.0,0.557843,1.7221119999999999,BGR,HRV,560221
11905549,26,100,7509,2017,1807.0,4767.0,0.43245,0.726721,BIH,HRV,560221
11905550,61,100,7509,2017,60256.0,0.0,2.1149459999999998,-2.525372,DEU,HRV,560221
11905551,102,100,7509,2017,17063.0,0.0,1.4886270000000001,0.845986,HUN,HRV,560221
11905552,104,100,7509,2017,11722.0,0.0,0.290576,2.726391,IND,HRV,560221
11905553,111,100,7509,2017,183239.0,0.0,1.34395,0.577693,ITA,HRV,560221
11905554,162,100,7509,2017,1934.0,0.0,1.146959,1.470869,NLD,HRV,560221
11905555,177,100,7509,2017,18015.0,0.0,1.197417,1.092716,POL,HRV,560221
11905556,207,100,7509,2017,4883.0,0.0,1.600319,0.854305,SVN,HRV,560221
11905557,43,107,7509,2017,19036.0,0.0,1.1127790000000002,1.56869,CHN,IRN,560221
11905558,61,107,7509,2017,1239.0,0.0,2.1149459999999998,-2.525372,DEU,IRN,560221
11905559,71,107,7509,2017,21955.0,0.0,0.734342,2.8180099999999997,ESP,IRN,560221
11905560,104,107,7509,2017,209804.0,0.0,0.290576,2.726391,IND,IRN,560221
11905561,111,107,7509,2017,3324.0,0.0,1.34395,0.577693,ITA,IRN,560221
11905562,224,107,7509,2017,19137.0,0.0,0.541611,2.405872,TUR,IRN,560221
11905563,231,107,7509,2017,0.0,183143.0,1.601478,0.277271,USA,IRN,560221
11905564,61,109,7509,2017,1112.0,0.0,2.1149459999999998,-2.525372,DEU,ISL,560221
11905565,81,109,7509,2017,26407.0,0.0,1.6883119999999998,0.8347469999999999,GBR,ISL,560221
11905566,162,109,7509,2017,35610.0,0.0,1.146959,1.470869,NLD,ISL,560221
11905567,43,115,7509,2017,78038.0,0.0,1.1127790000000002,1.56869,CHN,KAZ,560221
11905568,61,115,7509,2017,14760.0,0.0,2.1149459999999998,-2.525372,DEU,KAZ,560221
11905569,177,115,7509,2017,8229.0,0.0,1.197417,1.092716,POL,KAZ,560221
11905570,186,115,7509,2017,53448.0,6030.0,0.32885,0.288392,RUS,KAZ,560221
11905571,232,115,7509,2017,15941.0,0.0,-0.407169,-0.264942,UZB,KAZ,560221
11905572,61,116,7509,2017,915.0,0.0,2.1149459999999998,-2.525372,DEU,KEN,560221
11905573,104,116,7509,2017,2519.0,0.0,0.290576,2.726391,IND,KEN,560221
11905574,152,116,7509,2017,0.0,1327.0,-0.761995,-0.8897729999999999,MWI,KEN,560221
11905575,168,116,7509,2017,28443.0,0.0,-0.698561,0.43523500000000004,PAK,KEN,560221
11905576,61,117,7509,2017,0.0,5017.0,2.1149459999999998,-2.525372,DEU,KGZ,560221
11905577,232,117,7509,2017,4602.0,0.0,-0.407169,-0.264942,UZB,KGZ,560221
11905578,43,118,7509,2017,1288.0,0.0,1.1127790000000002,1.56869,CHN,KHM,560221
11905579,111,118,7509,2017,10766.0,0.0,1.34395,0.577693,ITA,KHM,560221
11905580,114,118,7509,2017,46845.0,0.0,2.4510419999999997,-0.277357,JPN,KHM,560221
11905581,121,118,7509,2017,3100.0,0.0,2.011263,0.783215,KOR,KHM,560221
11905582,43,124,7509,2017,1031.0,0.0,1.1127790000000002,1.56869,CHN,LBN,560221
11905583,166,124,7509,2017,7487.0,0.0,0.25651199999999996,0.132996,NZL,LBN,560221
11905584,224,124,7509,2017,1079.0,0.0,0.541611,2.405872,TUR,LBN,560221
11905585,41,128,7509,2017,5259.0,0.0,2.2557810000000003,0.845459,CHE,LKA,560221
11905586,43,128,7509,2017,3588.0,0.0,1.1127790000000002,1.56869,CHN,LKA,560221
11905587,104,128,7509,2017,19539.0,0.0,0.290576,2.726391,IND,LKA,560221
11905588,28,130,7509,2017,0.0,7758.0,0.8115829999999999,0.8323459999999999,BLR,LTU,560221
11905589,43,130,7509,2017,4804.0,0.0,1.1127790000000002,1.56869,CHN,LTU,560221
11905590,61,130,7509,2017,53421.0,2129.0,2.1149459999999998,-2.525372,DEU,LTU,560221
11905591,64,130,7509,2017,4316.0,2586.0,1.159753,1.233914,DNK,LTU,560221
11905592,71,130,7509,2017,467469.0,10446.0,0.734342,2.8180099999999997,ESP,LTU,560221
11905593,72,130,7509,2017,1078.0,24137.0,1.010985,1.289633,EST,LTU,560221
11905594,74,130,7509,2017,0.0,380988.0,1.655957,0.962485,FIN,LTU,560221
11905595,77,130,7509,2017,0.0,21693.0,1.398427,0.894732,FRA,LTU,560221
11905596,81,130,7509,2017,0.0,7784.0,1.6883119999999998,0.8347469999999999,GBR,LTU,560221
11905597,132,130,7509,2017,0.0,5137.0,0.684555,1.3208030000000002,LVA,LTU,560221
11905598,162,130,7509,2017,7893.0,12772.0,1.146959,1.470869,NLD,LTU,560221
11905599,163,130,7509,2017,0.0,4466.0,0.73658,0.11450199999999999,NOR,LTU,560221
11905600,177,130,7509,2017,3011.0,130691.0,1.197417,1.092716,POL,LTU,560221
11905601,186,130,7509,2017,14151.0,25748.0,0.32885,0.288392,RUS,LTU,560221
11905602,208,130,7509,2017,0.0,14041.0,1.764732,0.732646,SWE,LTU,560221
11905603,18,131,7509,2017,12350.0,0.0,1.292657,1.19571,BEL,LUX,560221
11905604,61,131,7509,2017,73214.0,0.0,2.1149459999999998,-2.525372,DEU,LUX,560221
11905605,77,131,7509,2017,12325.0,0.0,1.398427,0.894732,FRA,LUX,560221
11905606,163,131,7509,2017,0.0,10761.0,0.73658,0.11450199999999999,NOR,LUX,560221
11905607,43,132,7509,2017,34113.0,0.0,1.1127790000000002,1.56869,CHN,LVA,560221
11905608,61,132,7509,2017,20486.0,0.0,2.1149459999999998,-2.525372,DEU,LVA,560221
11905609,72,132,7509,2017,7316.0,0.0,1.010985,1.289633,EST,LVA,560221
11905610,74,132,7509,2017,9199.0,0.0,1.655957,0.962485,FIN,LVA,560221
11905611,130,132,7509,2017,5137.0,0.0,0.855858,1.447717,LTU,LVA,560221
11905612,186,132,7509,2017,5316.0,0.0,0.32885,0.288392,RUS,LVA,560221
11905613,208,132,7509,2017,16477.0,0.0,1.764732,0.732646,SWE,LVA,560221
11905614,43,134,7509,2017,1762.0,0.0,1.1127790000000002,1.56869,CHN,MAR,560221
11905615,61,134,7509,2017,4905.0,0.0,2.1149459999999998,-2.525372,DEU,MAR,560221
11905616,71,134,7509,2017,45109.0,0.0,0.734342,2.8180099999999997,ESP,MAR,560221
11905617,77,134,7509,2017,651192.0,5782.0,1.398427,0.894732,FRA,MAR,560221
11905618,111,134,7509,2017,6234.0,0.0,1.34395,0.577693,ITA,MAR,560221
11905619,148,134,7509,2017,0.0,1228.0,-1.634533,-1.330819,MRT,MAR,560221
11905620,162,134,7509,2017,70104.0,0.0,1.146959,1.470869,NLD,MAR,560221
11905621,224,134,7509,2017,9216.0,0.0,0.541611,2.405872,TUR,MAR,560221
11905622,111,135,7509,2017,1426.0,0.0,1.34395,0.577693,ITA,MDA,560221
11905623,185,135,7509,2017,2711.0,0.0,1.05479,0.9842219999999999,ROU,MDA,560221
11905624,228,135,7509,2017,1400.0,0.0,0.461109,0.7826569999999999,UKR,MDA,560221
11905625,77,136,7509,2017,1957.0,0.0,1.398427,0.894732,FRA,MDG,560221
11905626,43,183,7509,2017,2030.0,0.0,1.1127790000000002,1.56869,CHN,QAT,560221
11905627,61,183,7509,2017,1023.0,0.0,2.1149459999999998,-2.525372,DEU,QAT,560221
11905628,81,183,7509,2017,1708.0,0.0,1.6883119999999998,0.8347469999999999,GBR,QAT,560221
11905629,104,183,7509,2017,2151.0,0.0,0.290576,2.726391,IND,QAT,560221
11905630,224,183,7509,2017,9430.0,0.0,0.541611,2.405872,TUR,QAT,560221
11905631,250,183,7509,2017,4562.0,0.0,0.72523,-0.205046,ANS,QAT,560221
11905632,41,185,7509,2017,2272.0,0.0,2.2557810000000003,0.845459,CHE,ROU,560221
11905633,43,185,7509,2017,9102.0,2464.0,1.1127790000000002,1.56869,CHN,ROU,560221
11905634,59,185,7509,2017,2329.0,0.0,1.7715130000000001,0.359668,CZE,ROU,560221
11905635,61,185,7509,2017,579261.0,0.0,2.1149459999999998,-2.525372,DEU,ROU,560221
11905636,71,185,7509,2017,36418.0,0.0,0.734342,2.8180099999999997,ESP,ROU,560221
11905637,77,185,7509,2017,8102.0,675094.0,1.398427,0.894732,FRA,ROU,560221
11905638,81,185,7509,2017,50954.0,0.0,1.6883119999999998,0.8347469999999999,GBR,ROU,560221
11905639,102,185,7509,2017,15422.0,0.0,1.4886270000000001,0.845986,HUN,ROU,560221
11905640,111,185,7509,2017,172234.0,0.0,1.34395,0.577693,ITA,ROU,560221
11905641,135,185,7509,2017,0.0,2711.0,-0.24909,-0.181213,MDA,ROU,560221
11905642,162,185,7509,2017,12620.0,2231.0,1.146959,1.470869,NLD,ROU,560221
11905643,177,185,7509,2017,21023.0,0.0,1.197417,1.092716,POL,ROU,560221
11905644,201,185,7509,2017,0.0,34146.0,0.541644,1.19872,SRB,ROU,560221
11905645,231,185,7509,2017,1291.0,0.0,1.601478,0.277271,USA,ROU,560221
11905646,18,201,7509,2017,1223.0,0.0,1.292657,1.19571,BEL,SRB,560221
11905647,23,201,7509,2017,2700.0,0.0,0.557843,1.7221119999999999,BGR,SRB,560221
11905648,26,201,7509,2017,5105.0,2595.0,0.43245,0.726721,BIH,SRB,560221
11905649,59,201,7509,2017,1079.0,0.0,1.7715130000000001,0.359668,CZE,SRB,560221
11905650,61,201,7509,2017,61426.0,0.0,2.1149459999999998,-2.525372,DEU,SRB,560221
11905651,104,201,7509,2017,2161.0,0.0,0.290576,2.726391,IND,SRB,560221
11905652,111,201,7509,2017,95742.0,0.0,1.34395,0.577693,ITA,SRB,560221
11905653,140,201,7509,2017,0.0,2682.0,-0.0292,-0.377156,MKD,SRB,560221
11905654,185,201,7509,2017,34146.0,0.0,1.05479,0.9842219999999999,ROU,SRB,560221
11905655,207,201,7509,2017,0.0,19073.0,1.600319,0.854305,SVN,SRB,560221
11905656,224,201,7509,2017,34029.0,0.0,0.541611,2.405872,TUR,SRB,560221
11905657,15,206,7509,2017,0.0,3065.0,1.728623,-0.031045999999999997,AUT,SVK,560221
11905658,18,206,7509,2017,9061.0,0.0,1.292657,1.19571,BEL,SVK,560221
11905659,43,206,7509,2017,6886.0,0.0,1.1127790000000002,1.56869,CHN,SVK,560221
11905660,59,206,7509,2017,66898.0,52468.0,1.7715130000000001,0.359668,CZE,SVK,560221
11905661,61,206,7509,2017,93126.0,0.0,2.1149459999999998,-2.525372,DEU,SVK,560221
11905662,77,206,7509,2017,1185.0,21855.0,1.398427,0.894732,FRA,SVK,560221
11905663,102,206,7509,2017,1983.0,0.0,1.4886270000000001,0.845986,HUN,SVK,560221
11905664,104,206,7509,2017,26263.0,0.0,0.290576,2.726391,IND,SVK,560221
11905665,111,206,7509,2017,4639.0,0.0,1.34395,0.577693,ITA,SVK,560221
11905666,177,206,7509,2017,91858.0,517500.0,1.197417,1.092716,POL,SVK,560221
11905667,250,206,7509,2017,2234.0,0.0,0.72523,-0.205046,ANS,SVK,560221
11905668,18,207,7509,2017,1890.0,0.0,1.292657,1.19571,BEL,SVN,560221
11905669,26,207,7509,2017,0.0,40529.0,0.43245,0.726721,BIH,SVN,560221
11905670,43,207,7509,2017,3247.0,3803.0,1.1127790000000002,1.56869,CHN,SVN,560221
11905671,61,207,7509,2017,56859.0,0.0,2.1149459999999998,-2.525372,DEU,SVN,560221
11905672,74,207,7509,2017,0.0,11487.0,1.655957,0.962485,FIN,SVN,560221
11905673,100,207,7509,2017,0.0,4883.0,0.860825,1.365445,HRV,SVN,560221
11905674,104,207,7509,2017,21805.0,0.0,0.290576,2.726391,IND,SVN,560221
11905675,111,207,7509,2017,201166.0,0.0,1.34395,0.577693,ITA,SVN,560221
11905676,140,207,7509,2017,0.0,1375.0,-0.0292,-0.377156,MKD,SVN,560221
11905677,201,207,7509,2017,19073.0,0.0,0.541644,1.19872,SRB,SVN,560221
11905678,231,207,7509,2017,83216.0,0.0,1.601478,0.277271,USA,SVN,560221
11905679,61,223,7509,2017,66990.0,0.0,2.1149459999999998,-2.525372,DEU,TUN,560221
11905680,77,223,7509,2017,6331.0,9640.0,1.398427,0.894732,FRA,TUN,560221
11905681,111,223,7509,2017,7937.0,0.0,1.34395,0.577693,ITA,TUN,560221
11905682,43,232,7509,2017,20061.0,0.0,1.1127790000000002,1.56869,CHN,UZB,560221
11905683,115,232,7509,2017,0.0,15941.0,-0.394316,-0.5485979999999999,KAZ,UZB,560221
11905684,117,232,7509,2017,0.0,4602.0,-0.11530599999999999,0.264752,KGZ,UZB,560221
11905685,217,232,7509,2017,0.0,5373.0,-0.938366,-1.092714,TJK,UZB,560221
11905686,224,232,7509,2017,4496.0,0.0,0.541611,2.405872,TUR,UZB,560221
11905687,231,21,7509,2017,1690.0,0.0,1.601478,0.277271,USA,BFA,560221
11905688,41,22,7509,2017,2813.0,0.0,2.2557810000000003,0.845459,CHE,BGD,560221
11905689,43,22,7509,2017,5860.0,0.0,1.1127790000000002,1.56869,CHN,BGD,560221
11905690,61,22,7509,2017,5710.0,0.0,2.1149459999999998,-2.525372,DEU,BGD,560221
11905691,77,22,7509,2017,18020.0,0.0,1.398427,0.894732,FRA,BGD,560221
11905692,104,22,7509,2017,7402.0,0.0,0.290576,2.726391,IND,BGD,560221
11905693,249,22,7509,2017,1578.0,0.0,2.0548290000000002,1.2552969999999999,TWN,BGD,560221
11905694,231,25,7509,2017,6192.0,0.0,1.601478,0.277271,USA,BHS,560221
11905695,61,44,7509,2017,1988.0,0.0,2.1149459999999998,-2.525372,DEU,CIV,560221
11905696,83,44,7509,2017,3409.0,0.0,-0.929143,-0.811439,GHA,CIV,560221
11905697,77,47,7509,2017,3744.0,0.0,1.398427,0.894732,FRA,COG,560221
11905698,43,54,7509,2017,1011.0,0.0,1.1127790000000002,1.56869,CHN,CUB,560221
11905699,18,66,7509,2017,1318.0,0.0,1.292657,1.19571,BEL,DZA,560221
11905700,43,66,7509,2017,1924.0,0.0,1.1127790000000002,1.56869,CHN,DZA,560221
11905701,61,66,7509,2017,2229.0,0.0,2.1149459999999998,-2.525372,DEU,DZA,560221
11905702,71,66,7509,2017,5847.0,0.0,0.734342,2.8180099999999997,ESP,DZA,560221
11905703,77,66,7509,2017,12174.0,0.0,1.398427,0.894732,FRA,DZA,560221
11905704,111,66,7509,2017,10732.0,0.0,1.34395,0.577693,ITA,DZA,560221
11905705,224,66,7509,2017,10462.0,0.0,0.541611,2.405872,TUR,DZA,560221
11905706,43,73,7509,2017,58301.0,0.0,1.1127790000000002,1.56869,CHN,ETH,560221
11905707,104,73,7509,2017,2677.0,0.0,0.290576,2.726391,IND,ETH,560221
11905708,111,73,7509,2017,3983.0,0.0,1.34395,0.577693,ITA,ETH,560221
11905709,43,83,7509,2017,3900.0,0.0,1.1127790000000002,1.56869,CHN,GHA,560221
11905710,44,83,7509,2017,0.0,3409.0,-0.784119,-0.904135,CIV,GHA,560221
11905711,61,85,7509,2017,2874.0,0.0,2.1149459999999998,-2.525372,DEU,GIN,560221
11905712,134,148,7509,2017,1228.0,0.0,-0.757236,-0.065347,MAR,MRT,560221
11905713,224,148,7509,2017,978.0,0.0,0.541611,2.405872,TUR,MRT,560221
11905714,43,151,7509,2017,2321.0,0.0,1.1127790000000002,1.56869,CHN,MUS,560221
11905715,162,151,7509,2017,1320.0,0.0,1.146959,1.470869,NLD,MUS,560221
11905716,116,152,7509,2017,1327.0,0.0,-0.579541,0.511926,KEN,MWI,560221
11905717,43,159,7509,2017,4302.0,0.0,1.1127790000000002,1.56869,CHN,NGA,560221
11905718,163,159,7509,2017,1305.0,0.0,0.73658,0.11450199999999999,NOR,NGA,560221
11905719,7,167,7509,2017,7240.0,0.0,0.210477,0.02557,ARE,OMN,560221
11905720,81,167,7509,2017,0.0,9221.0,1.6883119999999998,0.8347469999999999,GBR,OMN,560221
11905721,111,167,7509,2017,14135.0,0.0,1.34395,0.577693,ITA,OMN,560221
11905722,43,176,7509,2017,3404.0,0.0,1.1127790000000002,1.56869,CHN,PNG,560221
11905723,43,178,7509,2017,1950.0,0.0,1.1127790000000002,1.56869,CHN,PRK,560221
11905724,43,219,7509,2017,9445.0,0.0,1.1127790000000002,1.56869,CHN,TKM,560221
11905725,224,219,7509,2017,5108.0,0.0,0.541611,2.405872,TUR,TKM,560221
11905726,104,226,7509,2017,1831.0,0.0,0.290576,2.726391,IND,TZA,560221
11905727,43,239,7509,2017,60181.0,0.0,1.1127790000000002,1.56869,CHN,VNM,560221
11905728,61,239,7509,2017,271759.0,0.0,2.1149459999999998,-2.525372,DEU,VNM,560221
11905729,77,239,7509,2017,1085.0,0.0,1.398427,0.894732,FRA,VNM,560221
11905730,81,239,7509,2017,17013.0,0.0,1.6883119999999998,0.8347469999999999,GBR,VNM,560221
11905731,97,239,7509,2017,2066.0,0.0,0.824982,1.7162220000000001,HKG,VNM,560221
11905732,104,239,7509,2017,16335.0,0.0,0.290576,2.726391,IND,VNM,560221
11905733,114,239,7509,2017,116392.0,0.0,2.4510419999999997,-0.277357,JPN,VNM,560221
11905734,121,239,7509,2017,127216.0,3631.0,2.011263,0.783215,KOR,VNM,560221
11905735,216,239,7509,2017,1422.0,0.0,0.983977,1.3926020000000001,THA,VNM,560221
11905736,231,239,7509,2017,24750.0,0.0,1.601478,0.277271,USA,VNM,560221
11905737,249,239,7509,2017,47375.0,0.0,2.0548290000000002,1.2552969999999999,TWN,VNM,560221
11905738,104,247,7509,2017,1445.0,0.0,0.290576,2.726391,IND,ZMB,560221
11905739,186,9,7509,2017,11049.0,0.0,0.32885,0.288392,RUS,ARM,560221
11905740,43,92,7509,2017,218.0,0.0,1.1127790000000002,1.56869,CHN,GRL,560221
11905741,64,92,7509,2017,3457.0,0.0,1.159753,1.233914,DNK,GRL,560221
11905742,43,108,7509,2017,1600.0,0.0,1.1127790000000002,1.56869,CHN,IRQ,560221
11905743,59,108,7509,2017,1207.0,0.0,1.7715130000000001,0.359668,CZE,IRQ,560221
11905744,104,126,7509,2017,4857.0,0.0,0.290576,2.726391,IND,LBY,560221
11905745,61,140,7509,2017,10119.0,0.0,2.1149459999999998,-2.525372,DEU,MKD,560221
11905746,111,140,7509,2017,2585.0,0.0,1.34395,0.577693,ITA,MKD,560221
11905747,201,140,7509,2017,2682.0,0.0,0.541644,1.19872,SRB,MKD,560221
11905748,207,140,7509,2017,1375.0,0.0,1.600319,0.854305,SVN,MKD,560221
11905749,14,145,7509,2017,0.0,352.0,-0.42427200000000004,-0.152921,AUS,MNG,560221
11905750,43,145,7509,2017,257234.0,1498.0,1.1127790000000002,1.56869,CHN,MNG,560221
11905751,64,145,7509,2017,0.0,1775.0,1.159753,1.233914,DNK,MNG,560221
11905752,81,145,7509,2017,0.0,372.0,1.6883119999999998,0.8347469999999999,GBR,MNG,560221
11905753,162,145,7509,2017,0.0,6229.0,1.146959,1.470869,NLD,MNG,560221
11905754,163,145,7509,2017,0.0,1469.0,0.73658,0.11450199999999999,NOR,MNG,560221
11905755,186,145,7509,2017,5698.0,0.0,0.32885,0.288392,RUS,MNG,560221
11905756,177,198,7509,2017,0.0,2473.0,1.197417,1.092716,POL,SMR,560221
11905757,43,2,7509,2017,7155.0,0.0,1.1127790000000002,1.56869,CHN,AGO,560221
11905758,103,34,7509,2017,52875.0,0.0,-0.23641700000000002,1.188173,IDN,BRN,560221
11905759,153,34,7509,2017,4768.0,0.0,1.0110139999999999,0.6840729999999999,MYS,BRN,560221
11905760,249,34,7509,2017,764.0,0.0,2.0548290000000002,1.2552969999999999,TWN,BRN,560221
11905761,43,123,7509,2017,3108.0,0.0,1.1127790000000002,1.56869,CHN,LAO,560221
11905762,114,123,7509,2017,3488.0,0.0,2.4510419999999997,-0.277357,JPN,LAO,560221
11905763,246,129,7509,2017,9348.0,0.0,0.2066,1.378591,ZAF,LSO,560221
11905764,192,137,7509,2017,1097.0,0.0,1.884166,0.37903600000000004,SGP,MDV,560221
11905765,43,157,7509,2017,7240.0,0.0,1.1127790000000002,1.56869,CHN,NER,560221
11905766,7,164,7509,2017,0.0,339.0,0.210477,0.02557,ARE,NPL,560221
11905767,14,164,7509,2017,0.0,1637.0,-0.42427200000000004,-0.152921,AUS,NPL,560221
11905768,39,164,7509,2017,0.0,300745.0,0.73897,1.206402,CAN,NPL,560221
11905769,41,164,7509,2017,0.0,3724.0,2.2557810000000003,0.845459,CHE,NPL,560221
11905770,43,164,7509,2017,2181.0,10046.0,1.1127790000000002,1.56869,CHN,NPL,560221
11905771,59,164,7509,2017,0.0,1167.0,1.7715130000000001,0.359668,CZE,NPL,560221
11905772,61,164,7509,2017,0.0,70432.0,2.1149459999999998,-2.525372,DEU,NPL,560221
11905773,64,164,7509,2017,0.0,12815.0,1.159753,1.233914,DNK,NPL,560221
11905774,71,164,7509,2017,0.0,2938.0,0.734342,2.8180099999999997,ESP,NPL,560221
11905775,74,164,7509,2017,0.0,10090.0,1.655957,0.962485,FIN,NPL,560221
11905776,81,164,7509,2017,0.0,26082.0,1.6883119999999998,0.8347469999999999,GBR,NPL,560221
11905777,111,164,7509,2017,0.0,36446.0,1.34395,0.577693,ITA,NPL,560221
11905778,114,164,7509,2017,0.0,1791.0,2.4510419999999997,-0.277357,JPN,NPL,560221
11905779,121,164,7509,2017,0.0,48984.0,2.011263,0.783215,KOR,NPL,560221
11905780,162,164,7509,2017,0.0,13235.0,1.146959,1.470869,NLD,NPL,560221
11905781,163,164,7509,2017,0.0,21317.0,0.73658,0.11450199999999999,NOR,NPL,560221
11905782,166,164,7509,2017,0.0,4550.0,0.25651199999999996,0.132996,NZL,NPL,560221
11905783,208,164,7509,2017,0.0,1866.0,1.764732,0.732646,SWE,NPL,560221
11905784,231,164,7509,2017,0.0,37037.0,1.601478,0.277271,USA,NPL,560221
11905785,224,212,7509,2017,2324.0,0.0,0.541611,2.405872,TUR,SYR,560221
11905786,224,217,7509,2017,3071.0,0.0,0.541611,2.405872,TUR,TJK,560221
11905787,232,217,7509,2017,5373.0,0.0,-0.407169,-0.264942,UZB,TJK,560221
11905788,43,242,7509,2017,2461.0,0.0,1.1127790000000002,1.56869,CHN,WSM,560221
11905789,231,213,7509,2017,2730.0,0.0,1.601478,0.277271,USA,TCA,560221
11905790,18,7,7511,2017,1610.0,0.0,1.292657,1.19571,BEL,ARE,560290
11905791,24,7,7511,2017,0.0,17950.0,0.485479,-0.5348890000000001,BHR,ARE,560290
11905792,32,7,7511,2017,4998.0,0.0,0.145224,0.483461,BRA,ARE,560290
11905793,41,7,7511,2017,18696.0,0.0,2.2557810000000003,0.845459,CHE,ARE,560290
11905794,43,7,7511,2017,502978.0,0.0,1.1127790000000002,1.56869,CHN,ARE,560290
11905795,47,7,7511,2017,0.0,909.0,-1.2289780000000001,-1.169368,COG,ARE,560290
11905796,61,7,7511,2017,14237.0,0.0,2.1149459999999998,-2.525372,DEU,ARE,560290
11905797,73,7,7511,2017,0.0,7074.0,-1.007413,-0.638231,ETH,ARE,560290
11905798,77,7,7511,2017,82878.0,0.0,1.398427,0.894732,FRA,ARE,560290
11905799,81,7,7511,2017,24505.0,0.0,1.6883119999999998,0.8347469999999999,GBR,ARE,560290
11905800,104,7,7511,2017,3127.0,18893.0,0.290576,2.726391,IND,ARE,560290
11905801,111,7,7511,2017,28601.0,0.0,1.34395,0.577693,ITA,ARE,560290
11905802,122,7,7511,2017,0.0,1485.0,-0.229821,-1.128482,KWT,ARE,560290
11905803,137,7,7511,2017,0.0,45948.0,-1.100027,-0.9779479999999999,MDV,ARE,560290
11905804,143,7,7511,2017,0.0,2227.0,-1.051544,-0.419183,MMR,ARE,560290
11905805,147,7,7511,2017,0.0,67727.0,-1.3882290000000002,-1.114475,MOZ,ARE,560290
11905806,157,7,7511,2017,0.0,2077.0,-1.250156,-0.995524,NER,ARE,560290
11905807,164,7,7511,2017,7423.0,0.0,-0.319681,0.5788220000000001,NPL,ARE,560290
11905808,167,7,7511,2017,0.0,76064.0,-0.347684,-0.884569,OMN,ARE,560290
11905809,168,7,7511,2017,0.0,3746.0,-0.698561,0.43523500000000004,PAK,ARE,560290
11905810,179,7,7511,2017,9358.0,0.0,0.527046,2.264624,PRT,ARE,560290
11905811,188,7,7511,2017,9369.0,1630.0,0.597716,-0.345049,SAU,ARE,560290
11905812,190,7,7511,2017,0.0,875526.0,-1.567691,-1.257164,SDN,ARE,560290
11905813,224,7,7511,2017,445317.0,0.0,0.541611,2.405872,TUR,ARE,560290
11905814,226,7,7511,2017,0.0,5304.0,-1.0691709999999999,0.11636800000000001,TZA,ARE,560290
11905815,231,7,7511,2017,24245.0,0.0,1.601478,0.277271,USA,ARE,560290
11905816,248,7,7511,2017,0.0,1507.0,-1.101402,-1.0831680000000001,ZWE,ARE,560290
11905817,249,7,7511,2017,2322.0,0.0,2.0548290000000002,1.2552969999999999,TWN,ARE,560290
11905818,18,8,7511,2017,8743.0,0.0,1.292657,1.19571,BEL,ARG,560290
11905819,32,8,7511,2017,90017.0,6332.0,0.145224,0.483461,BRA,ARG,560290
11905820,43,8,7511,2017,100988.0,1466.0,1.1127790000000002,1.56869,CHN,ARG,560290
11905821,49,8,7511,2017,0.0,1590.0,0.208096,-0.17644300000000002,COL,ARG,560290
11905822,61,8,7511,2017,12090.0,0.0,2.1149459999999998,-2.525372,DEU,ARG,560290
11905823,71,8,7511,2017,12656.0,0.0,0.734342,2.8180099999999997,ESP,ARG,560290
11905824,111,8,7511,2017,32541.0,0.0,1.34395,0.577693,ITA,ARG,560290
11905825,114,8,7511,2017,53961.0,0.0,2.4510419999999997,-0.277357,JPN,ARG,560290
11905826,143,8,7511,2017,0.0,98480.0,-1.051544,-0.419183,MMR,ARG,560290
11905827,162,8,7511,2017,11967.0,0.0,1.146959,1.470869,NLD,ARG,560290
11905828,180,8,7511,2017,0.0,6335.0,-0.437741,-0.9248879999999999,PRY,ARG,560290
11905829,216,8,7511,2017,71289.0,0.0,0.983977,1.3926020000000001,THA,ARG,560290
11905830,231,8,7511,2017,4060.0,0.0,1.601478,0.277271,USA,ARG,560290
11905831,249,8,7511,2017,80659.0,0.0,2.0548290000000002,1.2552969999999999,TWN,ARG,560290
11905832,14,15,7511,2017,0.0,2227.0,-0.42427200000000004,-0.152921,AUS,AUT,560290
11905833,18,15,7511,2017,3069.0,0.0,1.292657,1.19571,BEL,AUT,560290
11905834,23,15,7511,2017,0.0,1030.0,0.557843,1.7221119999999999,BGR,AUT,560290
11905835,26,15,7511,2017,0.0,1627.0,0.43245,0.726721,BIH,AUT,560290
11905836,32,15,7511,2017,0.0,33266.0,0.145224,0.483461,BRA,AUT,560290
11905837,39,15,7511,2017,936.0,0.0,0.73897,1.206402,CAN,AUT,560290
11905838,41,15,7511,2017,6063.0,184090.0,2.2557810000000003,0.845459,CHE,AUT,560290
11905839,43,15,7511,2017,118374.0,12230.0,1.1127790000000002,1.56869,CHN,AUT,560290
11905840,59,15,7511,2017,21463.0,4791.0,1.7715130000000001,0.359668,CZE,AUT,560290
11905841,61,15,7511,2017,808874.0,520541.0,2.1149459999999998,-2.525372,DEU,AUT,560290
11905842,64,15,7511,2017,8567.0,12430.0,1.159753,1.233914,DNK,AUT,560290
11905843,68,15,7511,2017,0.0,1834.0,-0.073436,1.829121,EGY,AUT,560290
11905844,71,15,7511,2017,2051.0,39392.0,0.734342,2.8180099999999997,ESP,AUT,560290
11905845,74,15,7511,2017,0.0,2445.0,1.655957,0.962485,FIN,AUT,560290
11905846,77,15,7511,2017,819434.0,1828.0,1.398427,0.894732,FRA,AUT,560290
11905847,81,15,7511,2017,0.0,1470.0,1.6883119999999998,0.8347469999999999,GBR,AUT,560290
11905848,97,15,7511,2017,0.0,36019.0,0.824982,1.7162220000000001,HKG,AUT,560290
11905849,99,15,7511,2017,0.0,3158.0,-0.6335689999999999,-0.334201,HND,AUT,560290
11905850,100,15,7511,2017,0.0,6023.0,0.860825,1.365445,HRV,AUT,560290
11905851,102,15,7511,2017,0.0,19250.0,1.4886270000000001,0.845986,HUN,AUT,560290
11905852,106,15,7511,2017,913.0,0.0,1.363544,0.169211,IRL,AUT,560290
11905853,107,15,7511,2017,0.0,1357.0,-0.361292,-0.361813,IRN,AUT,560290
11905854,111,15,7511,2017,235969.0,19223.0,1.34395,0.577693,ITA,AUT,560290
11905855,113,15,7511,2017,0.0,1933.0,0.020035,0.295415,JOR,AUT,560290
11905856,114,15,7511,2017,1850.0,1615.0,2.4510419999999997,-0.277357,JPN,AUT,560290
11905857,121,15,7511,2017,0.0,1305.0,2.011263,0.783215,KOR,AUT,560290
11905858,130,15,7511,2017,0.0,1812.0,0.855858,1.447717,LTU,AUT,560290
11905859,135,15,7511,2017,0.0,1085.0,-0.24909,-0.181213,MDA,AUT,560290
11905860,138,15,7511,2017,0.0,10359.0,1.08871,0.5745279999999999,MEX,AUT,560290
11905861,162,15,7511,2017,13584.0,10267.0,1.146959,1.470869,NLD,AUT,560290
11905862,164,15,7511,2017,33888.0,0.0,-0.319681,0.5788220000000001,NPL,AUT,560290
11905863,166,15,7511,2017,0.0,3292.0,0.25651199999999996,0.132996,NZL,AUT,560290
11905864,177,15,7511,2017,0.0,8088.0,1.197417,1.092716,POL,AUT,560290
11905865,185,15,7511,2017,5318.0,15252.0,1.05479,0.9842219999999999,ROU,AUT,560290
11905866,186,15,7511,2017,0.0,21198.0,0.32885,0.288392,RUS,AUT,560290
11905867,201,15,7511,2017,50880.0,3425.0,0.541644,1.19872,SRB,AUT,560290
11905868,206,15,7511,2017,0.0,2437.0,1.279606,0.85503,SVK,AUT,560290
11905869,207,15,7511,2017,10826.0,1094.0,1.600319,0.854305,SVN,AUT,560290
11905870,208,15,7511,2017,1002.0,1307.0,1.764732,0.732646,SWE,AUT,560290
11905871,216,15,7511,2017,0.0,1659.0,0.983977,1.3926020000000001,THA,AUT,560290
11905872,224,15,7511,2017,4186.0,0.0,0.541611,2.405872,TUR,AUT,560290
11905873,228,15,7511,2017,0.0,2836.0,0.461109,0.7826569999999999,UKR,AUT,560290
11905874,231,15,7511,2017,25710.0,9137.0,1.601478,0.277271,USA,AUT,560290
11905875,249,15,7511,2017,0.0,167150.0,2.0548290000000002,1.2552969999999999,TWN,AUT,560290
11905876,7,18,7511,2017,0.0,1610.0,0.210477,0.02557,ARE,BEL,560290
11905877,8,18,7511,2017,0.0,8743.0,-0.120753,0.233375,ARG,BEL,560290
11905878,14,18,7511,2017,0.0,157280.0,-0.42427200000000004,-0.152921,AUS,BEL,560290
11905879,15,18,7511,2017,0.0,3069.0,1.728623,-0.031045999999999997,AUT,BEL,560290
11905880,16,18,7511,2017,0.0,79851.0,-1.022455,-1.199225,AZE,BEL,560290
11905881,32,18,7511,2017,0.0,1556.0,0.145224,0.483461,BRA,BEL,560290
11905882,39,18,7511,2017,21164.0,0.0,0.73897,1.206402,CAN,BEL,560290
11905883,41,18,7511,2017,21317.0,3840.0,2.2557810000000003,0.845459,CHE,BEL,560290
11905884,42,18,7511,2017,0.0,65399.0,-0.378693,-0.492983,CHL,BEL,560290
11905885,43,18,7511,2017,201236.0,24115.0,1.1127790000000002,1.56869,CHN,BEL,560290
11905886,52,18,7511,2017,0.0,924.0,0.288642,-0.056219000000000005,CRI,BEL,560290
11905887,59,18,7511,2017,14802.0,1229.0,1.7715130000000001,0.359668,CZE,BEL,560290
11905888,61,18,7511,2017,196885.0,310889.0,2.1149459999999998,-2.525372,DEU,BEL,560290
11905889,64,18,7511,2017,3092.0,25410.0,1.159753,1.233914,DNK,BEL,560290
11905890,71,18,7511,2017,1810091.0,20142.0,0.734342,2.8180099999999997,ESP,BEL,560290
11905891,74,18,7511,2017,0.0,1999.0,1.655957,0.962485,FIN,BEL,560290
11905892,77,18,7511,2017,83401.0,221600.0,1.398427,0.894732,FRA,BEL,560290
11905893,81,18,7511,2017,8348.0,65753.0,1.6883119999999998,0.8347469999999999,GBR,BEL,560290
11905894,90,18,7511,2017,0.0,2605.0,0.154098,1.151038,GRC,BEL,560290
11905895,97,18,7511,2017,8624.0,0.0,0.824982,1.7162220000000001,HKG,BEL,560290
11905896,102,18,7511,2017,0.0,1187.0,1.4886270000000001,0.845986,HUN,BEL,560290
11905897,106,18,7511,2017,0.0,1501.0,1.363544,0.169211,IRL,BEL,560290
11905898,111,18,7511,2017,132208.0,28676.0,1.34395,0.577693,ITA,BEL,560290
11905899,114,18,7511,2017,8129.0,3191.0,2.4510419999999997,-0.277357,JPN,BEL,560290
11905900,126,18,7511,2017,0.0,1469.0,-1.156635,-1.212561,LBY,BEL,560290
11905901,131,18,7511,2017,0.0,14079.0,1.24064,1.298263,LUX,BEL,560290
11905902,142,18,7511,2017,0.0,2726.0,0.999914,0.12683,MLT,BEL,560290
11905903,148,18,7511,2017,0.0,5922.0,-1.634533,-1.330819,MRT,BEL,560290
11905904,162,18,7511,2017,272946.0,394368.0,1.146959,1.470869,NLD,BEL,560290
11905905,163,18,7511,2017,0.0,7262.0,0.73658,0.11450199999999999,NOR,BEL,560290
11905906,164,18,7511,2017,21362.0,0.0,-0.319681,0.5788220000000001,NPL,BEL,560290
11905907,177,18,7511,2017,5860.0,4170.0,1.197417,1.092716,POL,BEL,560290
11905908,179,18,7511,2017,2762.0,25552.0,0.527046,2.264624,PRT,BEL,560290
11905909,185,18,7511,2017,0.0,4739.0,1.05479,0.9842219999999999,ROU,BEL,560290
11905910,186,18,7511,2017,0.0,949.0,0.32885,0.288392,RUS,BEL,560290
11905911,188,18,7511,2017,0.0,6737.0,0.597716,-0.345049,SAU,BEL,560290
11905912,191,18,7511,2017,0.0,5251.0,-0.6722899999999999,-0.26522199999999996,SEN,BEL,560290
11905913,201,18,7511,2017,0.0,1456.0,0.541644,1.19872,SRB,BEL,560290
11905914,206,18,7511,2017,0.0,1870.0,1.279606,0.85503,SVK,BEL,560290
11905915,207,18,7511,2017,0.0,1994.0,1.600319,0.854305,SVN,BEL,560290
11905916,208,18,7511,2017,0.0,12917.0,1.764732,0.732646,SWE,BEL,560290
11905917,216,18,7511,2017,0.0,1124.0,0.983977,1.3926020000000001,THA,BEL,560290
11905918,223,18,7511,2017,0.0,44814.0,0.224119,0.961772,TUN,BEL,560290
11905919,224,18,7511,2017,107857.0,4401.0,0.541611,2.405872,TUR,BEL,560290
11905920,231,18,7511,2017,4045.0,21511.0,1.601478,0.277271,USA,BEL,560290
11905921,246,18,7511,2017,0.0,5086.0,0.2066,1.378591,ZAF,BEL,560290
11905922,249,18,7511,2017,9559.0,0.0,2.0548290000000002,1.2552969999999999,TWN,BEL,560290
11905923,15,23,7511,2017,1030.0,0.0,1.728623,-0.031045999999999997,AUT,BGR,560290
11905924,28,23,7511,2017,0.0,5788.0,0.8115829999999999,0.8323459999999999,BLR,BGR,560290
11905925,41,23,7511,2017,30711.0,0.0,2.2557810000000003,0.845459,CHE,BGR,560290
11905926,43,23,7511,2017,24377.0,0.0,1.1127790000000002,1.56869,CHN,BGR,560290
11905927,61,23,7511,2017,60332.0,1417.0,2.1149459999999998,-2.525372,DEU,BGR,560290
11905928,77,23,7511,2017,1580.0,0.0,1.398427,0.894732,FRA,BGR,560290
11905929,81,23,7511,2017,1423.0,0.0,1.6883119999999998,0.8347469999999999,GBR,BGR,560290
11905930,90,23,7511,2017,5079.0,0.0,0.154098,1.151038,GRC,BGR,560290
11905931,111,23,7511,2017,39901.0,0.0,1.34395,0.577693,ITA,BGR,560290
11905932,177,23,7511,2017,2432.0,0.0,1.197417,1.092716,POL,BGR,560290
11905933,185,23,7511,2017,0.0,8158.0,1.05479,0.9842219999999999,ROU,BGR,560290
11905934,224,23,7511,2017,141254.0,0.0,0.541611,2.405872,TUR,BGR,560290
11905935,228,23,7511,2017,0.0,6628.0,0.461109,0.7826569999999999,UKR,BGR,560290
11905936,7,32,7511,2017,0.0,4998.0,0.210477,0.02557,ARE,BRA,560290
11905937,8,32,7511,2017,6332.0,90017.0,-0.120753,0.233375,ARG,BRA,560290
11905938,15,32,7511,2017,33266.0,0.0,1.728623,-0.031045999999999997,AUT,BRA,560290
11905939,18,32,7511,2017,1556.0,0.0,1.292657,1.19571,BEL,BRA,560290
11905940,39,32,7511,2017,32880.0,0.0,0.73897,1.206402,CAN,BRA,560290
11905941,41,32,7511,2017,4077.0,0.0,2.2557810000000003,0.845459,CHE,BRA,560290
11905942,42,32,7511,2017,1468.0,0.0,-0.378693,-0.492983,CHL,BRA,560290
11905943,43,32,7511,2017,775233.0,0.0,1.1127790000000002,1.56869,CHN,BRA,560290
11905944,49,32,7511,2017,0.0,4624.0,0.208096,-0.17644300000000002,COL,BRA,560290
11905945,61,32,7511,2017,23063.0,0.0,2.1149459999999998,-2.525372,DEU,BRA,560290
11905946,65,32,7511,2017,0.0,5976.0,-0.168016,0.30840100000000004,DOM,BRA,560290
11905947,71,32,7511,2017,396444.0,0.0,0.734342,2.8180099999999997,ESP,BRA,560290
11905948,74,32,7511,2017,102905.0,0.0,1.655957,0.962485,FIN,BRA,560290
11905949,77,32,7511,2017,79572.0,0.0,1.398427,0.894732,FRA,BRA,560290
11905950,81,32,7511,2017,12913.0,0.0,1.6883119999999998,0.8347469999999999,GBR,BRA,560290
11905951,97,32,7511,2017,3016.0,0.0,0.824982,1.7162220000000001,HKG,BRA,560290
11905952,103,32,7511,2017,0.0,1634.0,-0.23641700000000002,1.188173,IDN,BRA,560290
11905953,104,32,7511,2017,12691.0,1353.0,0.290576,2.726391,IND,BRA,560290
11905954,111,32,7511,2017,511035.0,0.0,1.34395,0.577693,ITA,BRA,560290
11905955,114,32,7511,2017,20806.0,0.0,2.4510419999999997,-0.277357,JPN,BRA,560290
11905956,121,32,7511,2017,36584.0,0.0,2.011263,0.783215,KOR,BRA,560290
11905957,138,32,7511,2017,24097.0,1283.0,1.08871,0.5745279999999999,MEX,BRA,560290
11905958,153,32,7511,2017,167497.0,0.0,1.0110139999999999,0.6840729999999999,MYS,BRA,560290
11905959,162,32,7511,2017,919.0,0.0,1.146959,1.470869,NLD,BRA,560290
11905960,169,32,7511,2017,0.0,2658.0,0.5520109999999999,0.788181,PAN,BRA,560290
11905961,173,32,7511,2017,0.0,4249.0,-0.667658,-0.318344,PER,BRA,560290
11905962,179,32,7511,2017,0.0,12268.0,0.527046,2.264624,PRT,BRA,560290
11905963,180,32,7511,2017,0.0,4180.0,-0.437741,-0.9248879999999999,PRY,BRA,560290
11905964,186,32,7511,2017,0.0,3416.0,0.32885,0.288392,RUS,BRA,560290
11905965,192,32,7511,2017,16826.0,0.0,1.884166,0.37903600000000004,SGP,BRA,560290
11905966,205,32,7511,2017,0.0,1135.0,-0.596432,-1.0249700000000002,SUR,BRA,560290
11905967,206,32,7511,2017,4993.0,0.0,1.279606,0.85503,SVK,BRA,560290
11905968,216,32,7511,2017,33929.0,1759.0,0.983977,1.3926020000000001,THA,BRA,560290
11905969,224,32,7511,2017,9894.0,0.0,0.541611,2.405872,TUR,BRA,560290
11905970,230,32,7511,2017,0.0,540820.0,0.16963,-0.403006,URY,BRA,560290
11905971,231,32,7511,2017,280231.0,6559.0,1.601478,0.277271,USA,BRA,560290
11905972,249,32,7511,2017,55832.0,0.0,2.0548290000000002,1.2552969999999999,TWN,BRA,560290
11905973,250,32,7511,2017,2140.0,0.0,0.72523,-0.205046,ANS,BRA,560290
11905974,43,33,7511,2017,12172.0,0.0,1.1127790000000002,1.56869,CHN,BRB,560290
11905975,65,33,7511,2017,2242.0,0.0,-0.168016,0.30840100000000004,DOM,BRB,560290
11905976,81,33,7511,2017,1112.0,0.0,1.6883119999999998,0.8347469999999999,GBR,BRB,560290
11905977,112,33,7511,2017,969.0,0.0,-0.497654,-0.76481,JAM,BRB,560290
11905978,231,33,7511,2017,16283.0,0.0,1.601478,0.277271,USA,BRB,560290
11905979,14,39,7511,2017,0.0,13559.0,-0.42427200000000004,-0.152921,AUS,CAN,560290
11905980,15,39,7511,2017,0.0,936.0,1.728623,-0.031045999999999997,AUT,CAN,560290
11905981,18,39,7511,2017,0.0,21164.0,1.292657,1.19571,BEL,CAN,560290
11905982,25,39,7511,2017,0.0,6754.0,0.81944,-0.30649499999999996,BHS,CAN,560290
11905983,32,39,7511,2017,0.0,32880.0,0.145224,0.483461,BRA,CAN,560290
11905984,41,39,7511,2017,2842.0,1452.0,2.2557810000000003,0.845459,CHE,CAN,560290
11905985,43,39,7511,2017,952311.0,20122.0,1.1127790000000002,1.56869,CHN,CAN,560290
11905986,52,39,7511,2017,0.0,2778.0,0.288642,-0.056219000000000005,CRI,CAN,560290
11905987,61,39,7511,2017,9168.0,0.0,2.1149459999999998,-2.525372,DEU,CAN,560290
11905988,64,39,7511,2017,2593.0,0.0,1.159753,1.233914,DNK,CAN,560290
11905989,71,39,7511,2017,27782.0,0.0,0.734342,2.8180099999999997,ESP,CAN,560290
11905990,74,39,7511,2017,7424.0,0.0,1.655957,0.962485,FIN,CAN,560290
11905991,77,39,7511,2017,1690.0,0.0,1.398427,0.894732,FRA,CAN,560290
11905992,81,39,7511,2017,16542.0,78944.0,1.6883119999999998,0.8347469999999999,GBR,CAN,560290
11905993,83,39,7511,2017,0.0,7255.0,-0.929143,-0.811439,GHA,CAN,560290
11905994,96,39,7511,2017,0.0,3267.0,-0.703271,-0.898648,GUY,CAN,560290
11905995,104,39,7511,2017,1642.0,0.0,0.290576,2.726391,IND,CAN,560290
11905996,110,39,7511,2017,3093.0,0.0,1.436156,0.776574,ISR,CAN,560290
11905997,111,39,7511,2017,19143.0,0.0,1.34395,0.577693,ITA,CAN,560290
11905998,114,39,7511,2017,11671.0,0.0,2.4510419999999997,-0.277357,JPN,CAN,560290
11905999,121,39,7511,2017,184996.0,0.0,2.011263,0.783215,KOR,CAN,560290
11906000,138,39,7511,2017,9876.0,185174.0,1.08871,0.5745279999999999,MEX,CAN,560290
11906001,162,39,7511,2017,2551.0,0.0,1.146959,1.470869,NLD,CAN,560290
11906002,163,39,7511,2017,2880.0,0.0,0.73658,0.11450199999999999,NOR,CAN,560290
11906003,164,39,7511,2017,71995.0,0.0,-0.319681,0.5788220000000001,NPL,CAN,560290
11906004,166,39,7511,2017,11848.0,2010.0,0.25651199999999996,0.132996,NZL,CAN,560290
11906005,182,39,7511,2017,0.0,4304.0,-0.1278,-0.748387,PYF,CAN,560290
11906006,188,39,7511,2017,420261.0,0.0,0.597716,-0.345049,SAU,CAN,560290
11906007,207,39,7511,2017,2040.0,0.0,1.600319,0.854305,SVN,CAN,560290
11906008,208,39,7511,2017,2667.0,0.0,1.764732,0.732646,SWE,CAN,560290
11906009,222,39,7511,2017,0.0,5935.0,-0.183935,-1.012153,TTO,CAN,560290
11906010,224,39,7511,2017,46700.0,0.0,0.541611,2.405872,TUR,CAN,560290
11906011,231,39,7511,2017,8707846.0,221809.0,1.601478,0.277271,USA,CAN,560290
11906012,249,39,7511,2017,25050.0,0.0,2.0548290000000002,1.2552969999999999,TWN,CAN,560290
11906013,7,41,7511,2017,0.0,18696.0,0.210477,0.02557,ARE,CHE,560290
11906014,14,41,7511,2017,0.0,57743.0,-0.42427200000000004,-0.152921,AUS,CHE,560290
11906015,15,41,7511,2017,184090.0,6063.0,1.728623,-0.031045999999999997,AUT,CHE,560290
11906016,18,41,7511,2017,3840.0,21317.0,1.292657,1.19571,BEL,CHE,560290
11906017,23,41,7511,2017,0.0,30711.0,0.557843,1.7221119999999999,BGR,CHE,560290
11906018,32,41,7511,2017,0.0,4077.0,0.145224,0.483461,BRA,CHE,560290
11906019,39,41,7511,2017,1452.0,2842.0,0.73897,1.206402,CAN,CHE,560290
11906020,43,41,7511,2017,141682.0,9580.0,1.1127790000000002,1.56869,CHN,CHE,560290
11906021,59,41,7511,2017,2085.0,7809.0,1.7715130000000001,0.359668,CZE,CHE,560290
11906022,61,41,7511,2017,333589.0,669816.0,2.1149459999999998,-2.525372,DEU,CHE,560290
11906023,64,41,7511,2017,5051.0,7746.0,1.159753,1.233914,DNK,CHE,560290
11906024,67,41,7511,2017,0.0,1186.0,-0.9995850000000001,-1.086367,ECU,CHE,560290
11906025,71,41,7511,2017,7262.0,16258.0,0.734342,2.8180099999999997,ESP,CHE,560290
11906026,77,41,7511,2017,67177.0,301880.0,1.398427,0.894732,FRA,CHE,560290
11906027,81,41,7511,2017,7903.0,91122.0,1.6883119999999998,0.8347469999999999,GBR,CHE,560290
11906028,97,41,7511,2017,0.0,1355.0,0.824982,1.7162220000000001,HKG,CHE,560290
11906029,102,41,7511,2017,0.0,11669.0,1.4886270000000001,0.845986,HUN,CHE,560290
11906030,104,41,7511,2017,0.0,9856.0,0.290576,2.726391,IND,CHE,560290
11906031,106,41,7511,2017,1118.0,18279.0,1.363544,0.169211,IRL,CHE,560290
11906032,111,41,7511,2017,65899.0,18357.0,1.34395,0.577693,ITA,CHE,560290
11906033,114,41,7511,2017,2139.0,8993.0,2.4510419999999997,-0.277357,JPN,CHE,560290
11906034,121,41,7511,2017,987.0,3828.0,2.011263,0.783215,KOR,CHE,560290
11906035,122,41,7511,2017,0.0,1562.0,-0.229821,-1.128482,KWT,CHE,560290
11906036,132,41,7511,2017,0.0,1970.0,0.684555,1.3208030000000002,LVA,CHE,560290
11906037,140,41,7511,2017,0.0,864.0,-0.0292,-0.377156,MKD,CHE,560290
11906038,153,41,7511,2017,0.0,3077.0,1.0110139999999999,0.6840729999999999,MYS,CHE,560290
11906039,159,41,7511,2017,0.0,6403.0,-1.8260919999999998,-1.276591,NGA,CHE,560290
11906040,162,41,7511,2017,14865.0,10623.0,1.146959,1.470869,NLD,CHE,560290
11906041,163,41,7511,2017,0.0,147103.0,0.73658,0.11450199999999999,NOR,CHE,560290
11906042,164,41,7511,2017,22240.0,0.0,-0.319681,0.5788220000000001,NPL,CHE,560290
11906043,166,41,7511,2017,0.0,2438.0,0.25651199999999996,0.132996,NZL,CHE,560290
11906044,177,41,7511,2017,7094.0,55645.0,1.197417,1.092716,POL,CHE,560290
11906045,179,41,7511,2017,0.0,3948.0,0.527046,2.264624,PRT,CHE,560290
11906046,185,41,7511,2017,0.0,109670.0,1.05479,0.9842219999999999,ROU,CHE,560290
11906047,186,41,7511,2017,0.0,16784.0,0.32885,0.288392,RUS,CHE,560290
11906048,188,41,7511,2017,0.0,10493.0,0.597716,-0.345049,SAU,CHE,560290
11906049,192,41,7511,2017,0.0,3917.0,1.884166,0.37903600000000004,SGP,CHE,560290
11906050,201,41,7511,2017,2106.0,1536.0,0.541644,1.19872,SRB,CHE,560290
11906051,207,41,7511,2017,2138.0,1006.0,1.600319,0.854305,SVN,CHE,560290
11906052,208,41,7511,2017,2941.0,17391.0,1.764732,0.732646,SWE,CHE,560290
11906053,211,41,7511,2017,0.0,959.0,0.41946000000000006,-0.523274,SYC,CHE,560290
11906054,216,41,7511,2017,0.0,56962.0,0.983977,1.3926020000000001,THA,CHE,560290
11906055,224,41,7511,2017,0.0,1255.0,0.541611,2.405872,TUR,CHE,560290
11906056,231,41,7511,2017,7140.0,59829.0,1.601478,0.277271,USA,CHE,560290
11906057,239,41,7511,2017,0.0,3657.0,-0.009819,0.686429,VNM,CHE,560290
11906058,243,41,7511,2017,0.0,1081.0,-1.397594,-1.2342110000000002,YEM,CHE,560290
11906059,18,42,7511,2017,65399.0,0.0,1.292657,1.19571,BEL,CHL,560290
11906060,31,42,7511,2017,0.0,9560.0,-1.158425,-1.076242,BOL,CHL,560290
11906061,32,42,7511,2017,0.0,1468.0,0.145224,0.483461,BRA,CHL,560290
11906062,43,42,7511,2017,588282.0,0.0,1.1127790000000002,1.56869,CHN,CHL,560290
11906063,61,42,7511,2017,2165.0,0.0,2.1149459999999998,-2.525372,DEU,CHL,560290
11906064,71,42,7511,2017,3112.0,0.0,0.734342,2.8180099999999997,ESP,CHL,560290
11906065,74,42,7511,2017,2442.0,0.0,1.655957,0.962485,FIN,CHL,560290
11906066,81,42,7511,2017,1911.0,0.0,1.6883119999999998,0.8347469999999999,GBR,CHL,560290
11906067,162,42,7511,2017,0.0,4076.0,1.146959,1.470869,NLD,CHL,560290
11906068,164,42,7511,2017,11590.0,0.0,-0.319681,0.5788220000000001,NPL,CHL,560290
11906069,169,42,7511,2017,1554.0,0.0,0.5520109999999999,0.788181,PAN,CHL,560290
11906070,173,42,7511,2017,0.0,11606.0,-0.667658,-0.318344,PER,CHL,560290
11906071,180,42,7511,2017,0.0,7457.0,-0.437741,-0.9248879999999999,PRY,CHL,560290
11906072,224,42,7511,2017,38853.0,0.0,0.541611,2.405872,TUR,CHL,560290
11906073,231,42,7511,2017,69747.0,0.0,1.601478,0.277271,USA,CHL,560290
11906074,2,43,7511,2017,0.0,113075.0,-1.408777,-1.215475,AGO,CHN,560290
11906075,7,43,7511,2017,0.0,502978.0,0.210477,0.02557,ARE,CHN,560290
11906076,8,43,7511,2017,1466.0,100988.0,-0.120753,0.233375,ARG,CHN,560290
11906077,9,43,7511,2017,0.0,17030.0,-0.23846799999999999,-0.658774,ARM,CHN,560290
11906078,14,43,7511,2017,2591572.0,1883992.0,-0.42427200000000004,-0.152921,AUS,CHN,560290
11906079,15,43,7511,2017,12230.0,118374.0,1.728623,-0.031045999999999997,AUT,CHN,560290
11906080,16,43,7511,2017,0.0,997.0,-1.022455,-1.199225,AZE,CHN,560290
11906081,18,43,7511,2017,24115.0,201236.0,1.292657,1.19571,BEL,CHN,560290
11906082,19,43,7511,2017,0.0,1952.0,-0.755027,-0.796864,BEN,CHN,560290
11906083,22,43,7511,2017,0.0,182173.0,-1.016251,-0.987654,BGD,CHN,560290
11906084,23,43,7511,2017,0.0,24377.0,0.557843,1.7221119999999999,BGR,CHN,560290
11906085,24,43,7511,2017,0.0,83607.0,0.485479,-0.5348890000000001,BHR,CHN,560290
11906086,25,43,7511,2017,0.0,16965.0,0.81944,-0.30649499999999996,BHS,CHN,560290
11906087,26,43,7511,2017,0.0,10026.0,0.43245,0.726721,BIH,CHN,560290
11906088,28,43,7511,2017,0.0,2019.0,0.8115829999999999,0.8323459999999999,BLR,CHN,560290
11906089,29,43,7511,2017,0.0,10284.0,-0.284062,-0.711108,BLZ,CHN,560290
11906090,31,43,7511,2017,0.0,7265.0,-1.158425,-1.076242,BOL,CHN,560290
11906091,32,43,7511,2017,0.0,775233.0,0.145224,0.483461,BRA,CHN,560290
11906092,33,43,7511,2017,0.0,12172.0,0.589793,-0.004488000000000001,BRB,CHN,560290
11906093,34,43,7511,2017,0.0,10148.0,0.270525,-0.747949,BRN,CHN,560290
11906094,39,43,7511,2017,20122.0,952311.0,0.73897,1.206402,CAN,CHN,560290
11906095,41,43,7511,2017,9580.0,141682.0,2.2557810000000003,0.845459,CHE,CHN,560290
11906096,42,43,7511,2017,0.0,588282.0,-0.378693,-0.492983,CHL,CHN,560290
11906097,44,43,7511,2017,0.0,4321.0,-0.784119,-0.904135,CIV,CHN,560290
11906098,46,43,7511,2017,0.0,8235.0,-1.3960569999999999,-1.126784,COD,CHN,560290
11906099,49,43,7511,2017,0.0,322200.0,0.208096,-0.17644300000000002,COL,CHN,560290
11906100,52,43,7511,2017,0.0,33901.0,0.288642,-0.056219000000000005,CRI,CHN,560290
11906101,58,43,7511,2017,0.0,1476.0,0.576982,0.279989,CYP,CHN,560290
11906102,59,43,7511,2017,68519.0,24523.0,1.7715130000000001,0.359668,CZE,CHN,560290
11906103,61,43,7511,2017,1373774.0,1518105.0,2.1149459999999998,-2.525372,DEU,CHN,560290
11906104,64,43,7511,2017,159304.0,195165.0,1.159753,1.233914,DNK,CHN,560290
11906105,65,43,7511,2017,0.0,104468.0,-0.168016,0.30840100000000004,DOM,CHN,560290
11906106,66,43,7511,2017,0.0,249518.0,-0.9905579999999999,-1.1996200000000001,DZA,CHN,560290
11906107,67,43,7511,2017,0.0,56966.0,-0.9995850000000001,-1.086367,ECU,CHN,560290
11906108,68,43,7511,2017,0.0,717243.0,-0.073436,1.829121,EGY,CHN,560290
11906109,71,43,7511,2017,1606.0,282962.0,0.734342,2.8180099999999997,ESP,CHN,560290
11906110,72,43,7511,2017,0.0,17427.0,1.010985,1.289633,EST,CHN,560290
11906111,73,43,7511,2017,0.0,14913.0,-1.007413,-0.638231,ETH,CHN,560290
11906112,74,43,7511,2017,18723.0,39552.0,1.655957,0.962485,FIN,CHN,560290
11906113,75,43,7511,2017,0.0,1146.0,-0.278276,-0.033997,FJI,CHN,560290
11906114,77,43,7511,2017,36104.0,436238.0,1.398427,0.894732,FRA,CHN,560290
11906115,81,43,7511,2017,150862.0,773252.0,1.6883119999999998,0.8347469999999999,GBR,CHN,560290
11906116,82,43,7511,2017,0.0,24682.0,-0.241749,-0.374727,GEO,CHN,560290
11906117,83,43,7511,2017,0.0,27895.0,-0.929143,-0.811439,GHA,CHN,560290
11906118,90,43,7511,2017,0.0,49789.0,0.154098,1.151038,GRC,CHN,560290
11906119,93,43,7511,2017,0.0,52413.0,-0.418538,0.557454,GTM,CHN,560290
11906120,97,43,7511,2017,25869.0,637964.0,0.824982,1.7162220000000001,HKG,CHN,560290
11906121,99,43,7511,2017,0.0,94309.0,-0.6335689999999999,-0.334201,HND,CHN,560290
11906122,100,43,7511,2017,0.0,17272.0,0.860825,1.365445,HRV,CHN,560290
11906123,102,43,7511,2017,21995.0,27984.0,1.4886270000000001,0.845986,HUN,CHN,560290
11906124,103,43,7511,2017,252336.0,1698751.0,-0.23641700000000002,1.188173,IDN,CHN,560290
11906125,104,43,7511,2017,6492.0,1662614.0,0.290576,2.726391,IND,CHN,560290
11906126,106,43,7511,2017,0.0,120410.0,1.363544,0.169211,IRL,CHN,560290
11906127,107,43,7511,2017,0.0,355326.0,-0.361292,-0.361813,IRN,CHN,560290
11906128,109,43,7511,2017,0.0,4166.0,0.386094,-0.277269,ISL,CHN,560290
11906129,110,43,7511,2017,0.0,293639.0,1.436156,0.776574,ISR,CHN,560290
11906130,111,43,7511,2017,140481.0,666469.0,1.34395,0.577693,ITA,CHN,560290
11906131,112,43,7511,2017,0.0,39431.0,-0.497654,-0.76481,JAM,CHN,560290
11906132,113,43,7511,2017,0.0,27572.0,0.020035,0.295415,JOR,CHN,560290
11906133,114,43,7511,2017,4282686.0,7925665.0,2.4510419999999997,-0.277357,JPN,CHN,560290
11906134,115,43,7511,2017,0.0,26273.0,-0.394316,-0.5485979999999999,KAZ,CHN,560290
11906135,116,43,7511,2017,0.0,70647.0,-0.579541,0.511926,KEN,CHN,560290
11906136,117,43,7511,2017,0.0,153409.0,-0.11530599999999999,0.264752,KGZ,CHN,560290
11906137,118,43,7511,2017,0.0,174632.0,-0.656325,-0.622167,KHM,CHN,560290
11906138,121,43,7511,2017,660201.0,2124262.0,2.011263,0.783215,KOR,CHN,560290
11906139,122,43,7511,2017,0.0,205974.0,-0.229821,-1.128482,KWT,CHN,560290
11906140,123,43,7511,2017,0.0,4688.0,-0.9742190000000001,-0.727593,LAO,CHN,560290
11906141,124,43,7511,2017,0.0,47154.0,0.266847,1.117621,LBN,CHN,560290
11906142,128,43,7511,2017,0.0,307376.0,-0.46442799999999995,0.472132,LKA,CHN,560290
11906143,130,43,7511,2017,0.0,18677.0,0.855858,1.447717,LTU,CHN,560290
11906144,131,43,7511,2017,6132.0,5016.0,1.24064,1.298263,LUX,CHN,560290
11906145,132,43,7511,2017,0.0,84700.0,0.684555,1.3208030000000002,LVA,CHN,560290
11906146,134,43,7511,2017,0.0,13423.0,-0.757236,-0.065347,MAR,CHN,560290
11906147,135,43,7511,2017,0.0,3829.0,-0.24909,-0.181213,MDA,CHN,560290
11906148,136,43,7511,2017,0.0,6998.0,-1.277182,-0.6503399999999999,MDG,CHN,560290
11906149,137,43,7511,2017,0.0,26932.0,-1.100027,-0.9779479999999999,MDV,CHN,560290
11906150,138,43,7511,2017,5224.0,323264.0,1.08871,0.5745279999999999,MEX,CHN,560290
11906151,140,43,7511,2017,0.0,1307.0,-0.0292,-0.377156,MKD,CHN,560290
11906152,141,43,7511,2017,0.0,934.0,-0.5927899999999999,-0.707245,MLI,CHN,560290
11906153,143,43,7511,2017,53286.0,552450.0,-1.051544,-0.419183,MMR,CHN,560290
11906154,145,43,7511,2017,15092.0,89905.0,-0.933737,-1.1195620000000002,MNG,CHN,560290
11906155,147,43,7511,2017,0.0,93018.0,-1.3882290000000002,-1.114475,MOZ,CHN,560290
11906156,151,43,7511,2017,0.0,12694.0,-0.156616,0.073153,MUS,CHN,560290
11906157,152,43,7511,2017,0.0,853.0,-0.761995,-0.8897729999999999,MWI,CHN,560290
11906158,153,43,7511,2017,36889.0,1965519.0,1.0110139999999999,0.6840729999999999,MYS,CHN,560290
11906159,155,43,7511,2017,0.0,1626.0,-0.5221060000000001,-0.7365079999999999,NAM,CHN,560290
11906160,159,43,7511,2017,0.0,131319.0,-1.8260919999999998,-1.276591,NGA,CHN,560290
11906161,160,43,7511,2017,0.0,54237.0,-1.0502280000000002,-0.8817719999999999,NIC,CHN,560290
11906162,162,43,7511,2017,28959.0,746387.0,1.146959,1.470869,NLD,CHN,560290
11906163,163,43,7511,2017,0.0,15841.0,0.73658,0.11450199999999999,NOR,CHN,560290
11906164,164,43,7511,2017,9115.0,1397.0,-0.319681,0.5788220000000001,NPL,CHN,560290
11906165,166,43,7511,2017,0.0,375945.0,0.25651199999999996,0.132996,NZL,CHN,560290
11906166,168,43,7511,2017,0.0,521209.0,-0.698561,0.43523500000000004,PAK,CHN,560290
11906167,169,43,7511,2017,0.0,61299.0,0.5520109999999999,0.788181,PAN,CHN,560290
11906168,173,43,7511,2017,0.0,29174.0,-0.667658,-0.318344,PER,CHN,560290
11906169,174,43,7511,2017,0.0,587867.0,0.657759,0.170061,PHL,CHN,560290
11906170,176,43,7511,2017,0.0,24144.0,-1.788834,-1.267126,PNG,CHN,560290
11906171,177,43,7511,2017,98123.0,323290.0,1.197417,1.092716,POL,CHN,560290
11906172,178,43,7511,2017,0.0,174559.0,-0.353642,-0.08027000000000001,PRK,CHN,560290
11906173,179,43,7511,2017,0.0,17452.0,0.527046,2.264624,PRT,CHN,560290
11906174,180,43,7511,2017,0.0,18650.0,-0.437741,-0.9248879999999999,PRY,CHN,560290
11906175,181,43,7511,2017,0.0,3796.0,0.11852,0.609241,PSE,CHN,560290
11906176,185,43,7511,2017,5682.0,122653.0,1.05479,0.9842219999999999,ROU,CHN,560290
11906177,186,43,7511,2017,0.0,3375221.0,0.32885,0.288392,RUS,CHN,560290
11906178,187,43,7511,2017,0.0,7012.0,-0.7610319999999999,-0.680251,RWA,CHN,560290
11906179,188,43,7511,2017,0.0,356628.0,0.597716,-0.345049,SAU,CHN,560290
11906180,190,43,7511,2017,0.0,4904.0,-1.567691,-1.257164,SDN,CHN,560290
11906181,192,43,7511,2017,4528.0,300881.0,1.884166,0.37903600000000004,SGP,CHN,560290
11906182,195,43,7511,2017,0.0,6987.0,-1.153846,-0.971255,SLB,CHN,560290
11906183,197,43,7511,2017,0.0,1439.0,0.113639,0.23175199999999999,SLV,CHN,560290
11906184,201,43,7511,2017,0.0,52999.0,0.541644,1.19872,SRB,CHN,560290
11906185,206,43,7511,2017,0.0,41378.0,1.279606,0.85503,SVK,CHN,560290
11906186,207,43,7511,2017,0.0,17730.0,1.600319,0.854305,SVN,CHN,560290
11906187,208,43,7511,2017,42071.0,294625.0,1.764732,0.732646,SWE,CHN,560290
11906188,214,43,7511,2017,0.0,3404.0,-2.263503,-1.00147,TCD,CHN,560290
11906189,215,43,7511,2017,0.0,1358.0,-0.8957450000000001,-0.891191,TGO,CHN,560290
11906190,216,43,7511,2017,152240.0,2151454.0,0.983977,1.3926020000000001,THA,CHN,560290
11906191,217,43,7511,2017,0.0,23001.0,-0.938366,-1.092714,TJK,CHN,560290
11906192,219,43,7511,2017,0.0,270493.0,-1.564885,-1.274637,TKM,CHN,560290
11906193,222,43,7511,2017,0.0,18945.0,-0.183935,-1.012153,TTO,CHN,560290
11906194,223,43,7511,2017,0.0,6698.0,0.224119,0.961772,TUN,CHN,560290
11906195,224,43,7511,2017,1045.0,812733.0,0.541611,2.405872,TUR,CHN,560290
11906196,226,43,7511,2017,0.0,72747.0,-1.0691709999999999,0.11636800000000001,TZA,CHN,560290
11906197,227,43,7511,2017,0.0,3513.0,-0.6831020000000001,-0.046838,UGA,CHN,560290
11906198,228,43,7511,2017,0.0,158943.0,0.461109,0.7826569999999999,UKR,CHN,560290
11906199,230,43,7511,2017,0.0,6618.0,0.16963,-0.403006,URY,CHN,560290
11906200,231,43,7511,2017,755864.0,3810583.0,1.601478,0.277271,USA,CHN,560290
11906201,232,43,7511,2017,0.0,9033.0,-0.407169,-0.264942,UZB,CHN,560290
11906202,236,43,7511,2017,0.0,11995.0,-0.8874559999999999,-1.178752,VEN,CHN,560290
11906203,239,43,7511,2017,353165.0,1884380.0,-0.009819,0.686429,VNM,CHN,560290
11906204,246,43,7511,2017,0.0,624410.0,0.2066,1.378591,ZAF,CHN,560290
11906205,247,43,7511,2017,0.0,1393.0,-0.8594290000000001,-1.0574459999999999,ZMB,CHN,560290
11906206,248,43,7511,2017,0.0,1161.0,-1.101402,-1.0831680000000001,ZWE,CHN,560290
11906207,249,43,7511,2017,398960.0,1337741.0,2.0548290000000002,1.2552969999999999,TWN,CHN,560290
11906208,8,49,7511,2017,1590.0,0.0,-0.120753,0.233375,ARG,COL,560290
11906209,32,49,7511,2017,4624.0,0.0,0.145224,0.483461,BRA,COL,560290
11906210,43,49,7511,2017,322200.0,0.0,1.1127790000000002,1.56869,CHN,COL,560290
11906211,61,49,7511,2017,2518.0,0.0,2.1149459999999998,-2.525372,DEU,COL,560290
11906212,67,49,7511,2017,0.0,9177.0,-0.9995850000000001,-1.086367,ECU,COL,560290
11906213,71,49,7511,2017,385909.0,0.0,0.734342,2.8180099999999997,ESP,COL,560290
11906214,77,49,7511,2017,2433.0,0.0,1.398427,0.894732,FRA,COL,560290
11906215,93,49,7511,2017,4188.0,6998.0,-0.418538,0.557454,GTM,COL,560290
11906216,97,49,7511,2017,10446.0,0.0,0.824982,1.7162220000000001,HKG,COL,560290
11906217,99,49,7511,2017,0.0,102732.0,-0.6335689999999999,-0.334201,HND,COL,560290
11906218,111,49,7511,2017,7362.0,0.0,1.34395,0.577693,ITA,COL,560290
11906219,114,49,7511,2017,11171.0,0.0,2.4510419999999997,-0.277357,JPN,COL,560290
11906220,138,49,7511,2017,25667.0,0.0,1.08871,0.5745279999999999,MEX,COL,560290
11906221,169,49,7511,2017,0.0,5228.0,0.5520109999999999,0.788181,PAN,COL,560290
11906222,216,49,7511,2017,5323.0,0.0,0.983977,1.3926020000000001,THA,COL,560290
11906223,224,49,7511,2017,21809.0,0.0,0.541611,2.405872,TUR,COL,560290
11906224,231,49,7511,2017,66161.0,0.0,1.601478,0.277271,USA,COL,560290
11906225,236,49,7511,2017,0.0,27187.0,-0.8874559999999999,-1.178752,VEN,COL,560290
11906226,18,52,7511,2017,924.0,0.0,1.292657,1.19571,BEL,CRI,560290
11906227,39,52,7511,2017,2778.0,0.0,0.73897,1.206402,CAN,CRI,560290
11906228,43,52,7511,2017,33901.0,0.0,1.1127790000000002,1.56869,CHN,CRI,560290
11906229,71,52,7511,2017,1124.0,0.0,0.734342,2.8180099999999997,ESP,CRI,560290
11906230,93,52,7511,2017,119295.0,0.0,-0.418538,0.557454,GTM,CRI,560290
11906231,97,52,7511,2017,9753.0,0.0,0.824982,1.7162220000000001,HKG,CRI,560290
11906232,99,52,7511,2017,28383.0,0.0,-0.6335689999999999,-0.334201,HND,CRI,560290
11906233,138,52,7511,2017,8487.0,0.0,1.08871,0.5745279999999999,MEX,CRI,560290
11906234,169,52,7511,2017,2043.0,0.0,0.5520109999999999,0.788181,PAN,CRI,560290
11906235,231,52,7511,2017,6137.0,0.0,1.601478,0.277271,USA,CRI,560290
11906236,250,52,7511,2017,47736.0,0.0,0.72523,-0.205046,ANS,CRI,560290
11906237,231,55,7511,2017,3504.0,0.0,1.601478,0.277271,USA,CUW,560290
11906238,43,58,7511,2017,1476.0,0.0,1.1127790000000002,1.56869,CHN,CYP,560290
11906239,61,58,7511,2017,1885.0,0.0,2.1149459999999998,-2.525372,DEU,CYP,560290
11906240,90,58,7511,2017,2722.0,0.0,0.154098,1.151038,GRC,CYP,560290
11906241,111,58,7511,2017,60276.0,0.0,1.34395,0.577693,ITA,CYP,560290
11906242,224,58,7511,2017,86296.0,0.0,0.541611,2.405872,TUR,CYP,560290
11906243,4,61,7511,2017,0.0,2957.0,-0.44769899999999996,-0.17193,ALB,DEU,560290
11906244,7,61,7511,2017,0.0,14237.0,0.210477,0.02557,ARE,DEU,560290
11906245,8,61,7511,2017,0.0,12090.0,-0.120753,0.233375,ARG,DEU,560290
11906246,14,61,7511,2017,0.0,14480.0,-0.42427200000000004,-0.152921,AUS,DEU,560290
11906247,15,61,7511,2017,520541.0,808874.0,1.728623,-0.031045999999999997,AUT,DEU,560290
11906248,18,61,7511,2017,310889.0,196885.0,1.292657,1.19571,BEL,DEU,560290
11906249,22,61,7511,2017,0.0,3170.0,-1.016251,-0.987654,BGD,DEU,560290
11906250,23,61,7511,2017,1417.0,60332.0,0.557843,1.7221119999999999,BGR,DEU,560290
11906251,24,61,7511,2017,0.0,1266.0,0.485479,-0.5348890000000001,BHR,DEU,560290
11906252,26,61,7511,2017,0.0,4712.0,0.43245,0.726721,BIH,DEU,560290
11906253,28,61,7511,2017,0.0,8053.0,0.8115829999999999,0.8323459999999999,BLR,DEU,560290
11906254,32,61,7511,2017,0.0,23063.0,0.145224,0.483461,BRA,DEU,560290
11906255,39,61,7511,2017,0.0,9168.0,0.73897,1.206402,CAN,DEU,560290
11906256,41,61,7511,2017,669816.0,333589.0,2.2557810000000003,0.845459,CHE,DEU,560290
11906257,42,61,7511,2017,0.0,2165.0,-0.378693,-0.492983,CHL,DEU,560290
11906258,43,61,7511,2017,1518105.0,1373774.0,1.1127790000000002,1.56869,CHN,DEU,560290
11906259,49,61,7511,2017,0.0,2518.0,0.208096,-0.17644300000000002,COL,DEU,560290
11906260,58,61,7511,2017,0.0,1885.0,0.576982,0.279989,CYP,DEU,560290
11906261,59,61,7511,2017,111918.0,825897.0,1.7715130000000001,0.359668,CZE,DEU,560290
11906262,64,61,7511,2017,17006.0,107356.0,1.159753,1.233914,DNK,DEU,560290
11906263,66,61,7511,2017,0.0,1420.0,-0.9905579999999999,-1.1996200000000001,DZA,DEU,560290
11906264,68,61,7511,2017,0.0,7143.0,-0.073436,1.829121,EGY,DEU,560290
11906265,71,61,7511,2017,3860628.0,256532.0,0.734342,2.8180099999999997,ESP,DEU,560290
11906266,72,61,7511,2017,0.0,14425.0,1.010985,1.289633,EST,DEU,560290
11906267,74,61,7511,2017,0.0,17692.0,1.655957,0.962485,FIN,DEU,560290
11906268,77,61,7511,2017,60106.0,523512.0,1.398427,0.894732,FRA,DEU,560290
11906269,81,61,7511,2017,4265.0,682116.0,1.6883119999999998,0.8347469999999999,GBR,DEU,560290
11906270,82,61,7511,2017,0.0,3665.0,-0.241749,-0.374727,GEO,DEU,560290
11906271,90,61,7511,2017,0.0,14573.0,0.154098,1.151038,GRC,DEU,560290
11906272,97,61,7511,2017,4168.0,4656.0,0.824982,1.7162220000000001,HKG,DEU,560290
11906273,100,61,7511,2017,31398.0,15214.0,0.860825,1.365445,HRV,DEU,560290
11906274,102,61,7511,2017,4903.0,133714.0,1.4886270000000001,0.845986,HUN,DEU,560290
11906275,103,61,7511,2017,1216.0,9520.0,-0.23641700000000002,1.188173,IDN,DEU,560290
11906276,104,61,7511,2017,37539.0,97603.0,0.290576,2.726391,IND,DEU,560290
11906277,106,61,7511,2017,0.0,29955.0,1.363544,0.169211,IRL,DEU,560290
11906278,107,61,7511,2017,0.0,2793.0,-0.361292,-0.361813,IRN,DEU,560290
11906279,110,61,7511,2017,0.0,4290.0,1.436156,0.776574,ISR,DEU,560290
11906280,111,61,7511,2017,2085594.0,147743.0,1.34395,0.577693,ITA,DEU,560290
11906281,113,61,7511,2017,0.0,2190.0,0.020035,0.295415,JOR,DEU,560290
11906282,114,61,7511,2017,26298.0,18473.0,2.4510419999999997,-0.277357,JPN,DEU,560290
11906283,115,61,7511,2017,0.0,1644.0,-0.394316,-0.5485979999999999,KAZ,DEU,560290
11906284,121,61,7511,2017,182178.0,49884.0,2.011263,0.783215,KOR,DEU,560290
11906285,130,61,7511,2017,0.0,24896.0,0.855858,1.447717,LTU,DEU,560290
11906286,131,61,7511,2017,0.0,28794.0,1.24064,1.298263,LUX,DEU,560290
11906287,132,61,7511,2017,0.0,16565.0,0.684555,1.3208030000000002,LVA,DEU,560290
11906288,134,61,7511,2017,0.0,3762.0,-0.757236,-0.065347,MAR,DEU,560290
11906289,135,61,7511,2017,0.0,4309.0,-0.24909,-0.181213,MDA,DEU,560290
11906290,138,61,7511,2017,11625.0,138289.0,1.08871,0.5745279999999999,MEX,DEU,560290
11906291,140,61,7511,2017,0.0,6675.0,-0.0292,-0.377156,MKD,DEU,560290
11906292,142,61,7511,2017,0.0,1400.0,0.999914,0.12683,MLT,DEU,560290
11906293,144,61,7511,2017,0.0,1811.0,0.201739,-0.23111399999999999,MNE,DEU,560290
11906294,153,61,7511,2017,1509.0,29634.0,1.0110139999999999,0.6840729999999999,MYS,DEU,560290
11906295,162,61,7511,2017,529471.0,230175.0,1.146959,1.470869,NLD,DEU,560290
11906296,163,61,7511,2017,0.0,18536.0,0.73658,0.11450199999999999,NOR,DEU,560290
11906297,164,61,7511,2017,306487.0,0.0,-0.319681,0.5788220000000001,NPL,DEU,560290
11906298,166,61,7511,2017,0.0,2383.0,0.25651199999999996,0.132996,NZL,DEU,560290
11906299,168,61,7511,2017,0.0,7560.0,-0.698561,0.43523500000000004,PAK,DEU,560290
11906300,173,61,7511,2017,0.0,1234.0,-0.667658,-0.318344,PER,DEU,560290
11906301,174,61,7511,2017,0.0,1748.0,0.657759,0.170061,PHL,DEU,560290
11906302,177,61,7511,2017,511429.0,1730262.0,1.197417,1.092716,POL,DEU,560290
11906303,179,61,7511,2017,0.0,67164.0,0.527046,2.264624,PRT,DEU,560290
11906304,183,61,7511,2017,0.0,1597.0,-0.361327,-1.066869,QAT,DEU,560290
11906305,185,61,7511,2017,68139.0,1038556.0,1.05479,0.9842219999999999,ROU,DEU,560290
11906306,186,61,7511,2017,0.0,194778.0,0.32885,0.288392,RUS,DEU,560290
11906307,188,61,7511,2017,0.0,3822.0,0.597716,-0.345049,SAU,DEU,560290
11906308,192,61,7511,2017,0.0,37754.0,1.884166,0.37903600000000004,SGP,DEU,560290
11906309,201,61,7511,2017,0.0,9737.0,0.541644,1.19872,SRB,DEU,560290
11906310,206,61,7511,2017,128135.0,116790.0,1.279606,0.85503,SVK,DEU,560290
11906311,207,61,7511,2017,8010.0,56775.0,1.600319,0.854305,SVN,DEU,560290
11906312,208,61,7511,2017,6806.0,107386.0,1.764732,0.732646,SWE,DEU,560290
11906313,216,61,7511,2017,0.0,29549.0,0.983977,1.3926020000000001,THA,DEU,560290
11906314,223,61,7511,2017,0.0,5634.0,0.224119,0.961772,TUN,DEU,560290
11906315,224,61,7511,2017,926978.0,54666.0,0.541611,2.405872,TUR,DEU,560290
11906316,226,61,7511,2017,0.0,8392.0,-1.0691709999999999,0.11636800000000001,TZA,DEU,560290
11906317,228,61,7511,2017,0.0,9301.0,0.461109,0.7826569999999999,UKR,DEU,560290
11906318,230,61,7511,2017,0.0,983.0,0.16963,-0.403006,URY,DEU,560290
11906319,231,61,7511,2017,206425.0,429588.0,1.601478,0.277271,USA,DEU,560290
11906320,239,61,7511,2017,0.0,8503.0,-0.009819,0.686429,VNM,DEU,560290
11906321,246,61,7511,2017,0.0,260054.0,0.2066,1.378591,ZAF,DEU,560290
11906322,249,61,7511,2017,53581.0,2570.0,2.0548290000000002,1.2552969999999999,TWN,DEU,560290
11906323,14,64,7511,2017,42594.0,0.0,-0.42427200000000004,-0.152921,AUS,DNK,560290
11906324,15,64,7511,2017,12430.0,8567.0,1.728623,-0.031045999999999997,AUT,DNK,560290
11906325,18,64,7511,2017,25410.0,3092.0,1.292657,1.19571,BEL,DNK,560290
11906326,39,64,7511,2017,0.0,2593.0,0.73897,1.206402,CAN,DNK,560290
11906327,41,64,7511,2017,7746.0,5051.0,2.2557810000000003,0.845459,CHE,DNK,560290
11906328,43,64,7511,2017,195165.0,159304.0,1.1127790000000002,1.56869,CHN,DNK,560290
11906329,59,64,7511,2017,0.0,2081.0,1.7715130000000001,0.359668,CZE,DNK,560290
11906330,61,64,7511,2017,107356.0,17006.0,2.1149459999999998,-2.525372,DEU,DNK,560290
11906331,71,64,7511,2017,43986.0,2008.0,0.734342,2.8180099999999997,ESP,DNK,560290
11906332,72,64,7511,2017,1551.0,1022.0,1.010985,1.289633,EST,DNK,560290
11906333,74,64,7511,2017,0.0,94086.0,1.655957,0.962485,FIN,DNK,560290
11906334,77,64,7511,2017,3655.0,11383.0,1.398427,0.894732,FRA,DNK,560290
11906335,78,64,7511,2017,0.0,2028.0,-0.956326,-0.951541,FRO,DNK,560290
11906336,81,64,7511,2017,16133.0,12272.0,1.6883119999999998,0.8347469999999999,GBR,DNK,560290
11906337,92,64,7511,2017,0.0,36924.0,-1.226963,-0.9309620000000001,GRL,DNK,560290
11906338,102,64,7511,2017,4150.0,10580.0,1.4886270000000001,0.845986,HUN,DNK,560290
11906339,104,64,7511,2017,20080.0,1546.0,0.290576,2.726391,IND,DNK,560290
11906340,106,64,7511,2017,13008.0,2729.0,1.363544,0.169211,IRL,DNK,560290
11906341,109,64,7511,2017,0.0,6667.0,0.386094,-0.277269,ISL,DNK,560290
11906342,111,64,7511,2017,65874.0,1485.0,1.34395,0.577693,ITA,DNK,560290
11906343,128,64,7511,2017,12293.0,0.0,-0.46442799999999995,0.472132,LKA,DNK,560290
11906344,162,64,7511,2017,6817.0,13677.0,1.146959,1.470869,NLD,DNK,560290
11906345,163,64,7511,2017,0.0,80289.0,0.73658,0.11450199999999999,NOR,DNK,560290
11906346,164,64,7511,2017,612239.0,1599.0,-0.319681,0.5788220000000001,NPL,DNK,560290
11906347,177,64,7511,2017,34209.0,25211.0,1.197417,1.092716,POL,DNK,560290
11906348,186,64,7511,2017,0.0,4086.0,0.32885,0.288392,RUS,DNK,560290
11906349,208,64,7511,2017,55077.0,142255.0,1.764732,0.732646,SWE,DNK,560290
11906350,216,64,7511,2017,0.0,1286.0,0.983977,1.3926020000000001,THA,DNK,560290
11906351,224,64,7511,2017,2515.0,0.0,0.541611,2.405872,TUR,DNK,560290
11906352,231,64,7511,2017,75451.0,13753.0,1.601478,0.277271,USA,DNK,560290
11906353,13,65,7511,2017,0.0,2779.0,0.42561099999999996,-0.42671099999999995,ATG,DOM,560290
11906354,32,65,7511,2017,5976.0,0.0,0.145224,0.483461,BRA,DOM,560290
11906355,33,65,7511,2017,0.0,2242.0,0.589793,-0.004488000000000001,BRB,DOM,560290
11906356,43,65,7511,2017,104468.0,0.0,1.1127790000000002,1.56869,CHN,DOM,560290
11906357,71,65,7511,2017,1436.0,0.0,0.734342,2.8180099999999997,ESP,DOM,560290
11906358,77,65,7511,2017,0.0,4675.0,1.398427,0.894732,FRA,DOM,560290
11906359,93,65,7511,2017,264898.0,0.0,-0.418538,0.557454,GTM,DOM,560290
11906360,97,65,7511,2017,45482.0,0.0,0.824982,1.7162220000000001,HKG,DOM,560290
11906361,101,65,7511,2017,0.0,4406.0,-1.0089219999999999,-0.946722,HTI,DOM,560290
11906362,112,65,7511,2017,0.0,146003.0,-0.497654,-0.76481,JAM,DOM,560290
11906363,121,65,7511,2017,120286.0,0.0,2.011263,0.783215,KOR,DOM,560290
11906364,127,65,7511,2017,0.0,3224.0,0.458896,-0.149195,LCA,DOM,560290
11906365,162,65,7511,2017,3154.0,0.0,1.146959,1.470869,NLD,DOM,560290
11906366,169,65,7511,2017,3220.0,0.0,0.5520109999999999,0.788181,PAN,DOM,560290
11906367,224,65,7511,2017,50961.0,0.0,0.541611,2.405872,TUR,DOM,560290
11906368,231,65,7511,2017,12921.0,1918.0,1.601478,0.277271,USA,DOM,560290
11906369,249,65,7511,2017,78967.0,0.0,2.0548290000000002,1.2552969999999999,TWN,DOM,560290
11906370,250,65,7511,2017,40924.0,0.0,0.72523,-0.205046,ANS,DOM,560290
11906371,31,67,7511,2017,0.0,28427.0,-1.158425,-1.076242,BOL,ECU,560290
11906372,41,67,7511,2017,1186.0,0.0,2.2557810000000003,0.845459,CHE,ECU,560290
11906373,43,67,7511,2017,56966.0,0.0,1.1127790000000002,1.56869,CHN,ECU,560290
11906374,49,67,7511,2017,9177.0,0.0,0.208096,-0.17644300000000002,COL,ECU,560290
11906375,71,67,7511,2017,963.0,0.0,0.734342,2.8180099999999997,ESP,ECU,560290
11906376,111,67,7511,2017,1417.0,0.0,1.34395,0.577693,ITA,ECU,560290
11906377,138,67,7511,2017,58586.0,0.0,1.08871,0.5745279999999999,MEX,ECU,560290
11906378,224,67,7511,2017,2027.0,0.0,0.541611,2.405872,TUR,ECU,560290
11906379,249,67,7511,2017,21535.0,0.0,2.0548290000000002,1.2552969999999999,TWN,ECU,560290
11906380,5,71,7511,2017,0.0,38540.0,1.097505,0.480863,AND,ESP,560290
11906381,8,71,7511,2017,0.0,12656.0,-0.120753,0.233375,ARG,ESP,560290
11906382,15,71,7511,2017,39392.0,2051.0,1.728623,-0.031045999999999997,AUT,ESP,560290
11906383,18,71,7511,2017,20142.0,1810091.0,1.292657,1.19571,BEL,ESP,560290
11906384,21,71,7511,2017,0.0,2106.0,-1.100802,-1.0632110000000001,BFA,ESP,560290
11906385,32,71,7511,2017,0.0,396444.0,0.145224,0.483461,BRA,ESP,560290
11906386,39,71,7511,2017,0.0,27782.0,0.73897,1.206402,CAN,ESP,560290
11906387,41,71,7511,2017,16258.0,7262.0,2.2557810000000003,0.845459,CHE,ESP,560290
11906388,42,71,7511,2017,0.0,3112.0,-0.378693,-0.492983,CHL,ESP,560290
11906389,43,71,7511,2017,282962.0,1606.0,1.1127790000000002,1.56869,CHN,ESP,560290
11906390,45,71,7511,2017,0.0,2038.0,-1.048569,-1.030799,CMR,ESP,560290
11906391,49,71,7511,2017,0.0,385909.0,0.208096,-0.17644300000000002,COL,ESP,560290
11906392,51,71,7511,2017,0.0,9783.0,-0.11722300000000001,-0.677707,CPV,ESP,560290
11906393,52,71,7511,2017,0.0,1124.0,0.288642,-0.056219000000000005,CRI,ESP,560290
11906394,54,71,7511,2017,0.0,256809.0,-0.77404,-1.121084,CUB,ESP,560290
11906395,59,71,7511,2017,0.0,5729652.0,1.7715130000000001,0.359668,CZE,ESP,560290
11906396,61,71,7511,2017,256532.0,3860628.0,2.1149459999999998,-2.525372,DEU,ESP,560290
11906397,64,71,7511,2017,2008.0,43986.0,1.159753,1.233914,DNK,ESP,560290
11906398,65,71,7511,2017,0.0,1436.0,-0.168016,0.30840100000000004,DOM,ESP,560290
11906399,66,71,7511,2017,0.0,5165.0,-0.9905579999999999,-1.1996200000000001,DZA,ESP,560290
11906400,67,71,7511,2017,0.0,963.0,-0.9995850000000001,-1.086367,ECU,ESP,560290
11906401,74,71,7511,2017,0.0,2212.0,1.655957,0.962485,FIN,ESP,560290
11906402,77,71,7511,2017,371031.0,1323890.0,1.398427,0.894732,FRA,ESP,560290
11906403,81,71,7511,2017,14814.0,875070.0,1.6883119999999998,0.8347469999999999,GBR,ESP,560290
11906404,83,71,7511,2017,0.0,4752.0,-0.929143,-0.811439,GHA,ESP,560290
11906405,84,71,7511,2017,0.0,1186.0,0.767836,-0.725273,GIB,ESP,560290
11906406,90,71,7511,2017,0.0,7313.0,0.154098,1.151038,GRC,ESP,560290
11906407,97,71,7511,2017,22931.0,0.0,0.824982,1.7162220000000001,HKG,ESP,560290
11906408,100,71,7511,2017,0.0,104015.0,0.860825,1.365445,HRV,ESP,560290
11906409,102,71,7511,2017,0.0,5790.0,1.4886270000000001,0.845986,HUN,ESP,560290
11906410,103,71,7511,2017,0.0,2456.0,-0.23641700000000002,1.188173,IDN,ESP,560290
11906411,106,71,7511,2017,0.0,4412.0,1.363544,0.169211,IRL,ESP,560290
11906412,107,71,7511,2017,0.0,6976.0,-0.361292,-0.361813,IRN,ESP,560290
11906413,110,71,7511,2017,0.0,3298.0,1.436156,0.776574,ISR,ESP,560290
11906414,111,71,7511,2017,4668771.0,52090.0,1.34395,0.577693,ITA,ESP,560290
11906415,113,71,7511,2017,0.0,1629.0,0.020035,0.295415,JOR,ESP,560290
11906416,114,71,7511,2017,2647.0,0.0,2.4510419999999997,-0.277357,JPN,ESP,560290
11906417,121,71,7511,2017,0.0,5097.0,2.011263,0.783215,KOR,ESP,560290
11906418,128,71,7511,2017,0.0,1379.0,-0.46442799999999995,0.472132,LKA,ESP,560290
11906419,130,71,7511,2017,0.0,9407.0,0.855858,1.447717,LTU,ESP,560290
11906420,134,71,7511,2017,0.0,243025.0,-0.757236,-0.065347,MAR,ESP,560290
11906421,138,71,7511,2017,0.0,51992.0,1.08871,0.5745279999999999,MEX,ESP,560290
11906422,142,71,7511,2017,0.0,1388.0,0.999914,0.12683,MLT,ESP,560290
11906423,162,71,7511,2017,48466.0,55475.0,1.146959,1.470869,NLD,ESP,560290
11906424,163,71,7511,2017,0.0,3329.0,0.73658,0.11450199999999999,NOR,ESP,560290
11906425,164,71,7511,2017,20208.0,0.0,-0.319681,0.5788220000000001,NPL,ESP,560290
11906426,169,71,7511,2017,0.0,13910.0,0.5520109999999999,0.788181,PAN,ESP,560290
11906427,173,71,7511,2017,0.0,1212.0,-0.667658,-0.318344,PER,ESP,560290
11906428,177,71,7511,2017,0.0,10536.0,1.197417,1.092716,POL,ESP,560290
11906429,179,71,7511,2017,547222.0,478695.0,0.527046,2.264624,PRT,ESP,560290
11906430,185,71,7511,2017,209917.0,2945.0,1.05479,0.9842219999999999,ROU,ESP,560290
11906431,186,71,7511,2017,0.0,56018.0,0.32885,0.288392,RUS,ESP,560290
11906432,188,71,7511,2017,0.0,5979.0,0.597716,-0.345049,SAU,ESP,560290
11906433,192,71,7511,2017,1792.0,0.0,1.884166,0.37903600000000004,SGP,ESP,560290
11906434,206,71,7511,2017,32557.0,66576.0,1.279606,0.85503,SVK,ESP,560290
11906435,207,71,7511,2017,1436.0,0.0,1.600319,0.854305,SVN,ESP,560290
11906436,208,71,7511,2017,2813.0,1184.0,1.764732,0.732646,SWE,ESP,560290
11906437,215,71,7511,2017,0.0,7976.0,-0.8957450000000001,-0.891191,TGO,ESP,560290
11906438,216,71,7511,2017,13434.0,3714.0,0.983977,1.3926020000000001,THA,ESP,560290
11906439,223,71,7511,2017,0.0,302322.0,0.224119,0.961772,TUN,ESP,560290
11906440,224,71,7511,2017,10601.0,3291.0,0.541611,2.405872,TUR,ESP,560290
11906441,230,71,7511,2017,0.0,10780.0,0.16963,-0.403006,URY,ESP,560290
11906442,231,71,7511,2017,9694.0,59654.0,1.601478,0.277271,USA,ESP,560290
11906443,246,71,7511,2017,0.0,5936.0,0.2066,1.378591,ZAF,ESP,560290
11906444,249,71,7511,2017,4489.0,0.0,2.0548290000000002,1.2552969999999999,TWN,ESP,560290
11906445,15,74,7511,2017,2445.0,0.0,1.728623,-0.031045999999999997,AUT,FIN,560290
11906446,18,74,7511,2017,1999.0,0.0,1.292657,1.19571,BEL,FIN,560290
11906447,21,74,7511,2017,0.0,13817.0,-1.100802,-1.0632110000000001,BFA,FIN,560290
11906448,32,74,7511,2017,0.0,102905.0,0.145224,0.483461,BRA,FIN,560290
11906449,39,74,7511,2017,0.0,7424.0,0.73897,1.206402,CAN,FIN,560290
11906450,42,74,7511,2017,0.0,2442.0,-0.378693,-0.492983,CHL,FIN,560290
11906451,43,74,7511,2017,39552.0,18723.0,1.1127790000000002,1.56869,CHN,FIN,560290
11906452,61,74,7511,2017,17692.0,0.0,2.1149459999999998,-2.525372,DEU,FIN,560290
11906453,64,74,7511,2017,94086.0,0.0,1.159753,1.233914,DNK,FIN,560290
11906454,71,74,7511,2017,2212.0,0.0,0.734342,2.8180099999999997,ESP,FIN,560290
11906455,72,74,7511,2017,0.0,53022.0,1.010985,1.289633,EST,FIN,560290
11906456,77,74,7511,2017,2919.0,1032.0,1.398427,0.894732,FRA,FIN,560290
11906457,81,74,7511,2017,34378.0,0.0,1.6883119999999998,0.8347469999999999,GBR,FIN,560290
11906458,111,74,7511,2017,47016.0,11304.0,1.34395,0.577693,ITA,FIN,560290
11906459,114,74,7511,2017,3267.0,9166.0,2.4510419999999997,-0.277357,JPN,FIN,560290
11906460,130,74,7511,2017,1057.0,1947.0,0.855858,1.447717,LTU,FIN,560290
11906461,132,74,7511,2017,0.0,65099.0,0.684555,1.3208030000000002,LVA,FIN,560290
11906462,162,74,7511,2017,5113.0,0.0,1.146959,1.470869,NLD,FIN,560290
11906463,163,74,7511,2017,0.0,8413.0,0.73658,0.11450199999999999,NOR,FIN,560290
11906464,164,74,7511,2017,22967.0,0.0,-0.319681,0.5788220000000001,NPL,FIN,560290
11906465,177,74,7511,2017,135203.0,4511.0,1.197417,1.092716,POL,FIN,560290
11906466,186,74,7511,2017,0.0,4655.0,0.32885,0.288392,RUS,FIN,560290
11906467,207,74,7511,2017,25197.0,0.0,1.600319,0.854305,SVN,FIN,560290
11906468,208,74,7511,2017,140202.0,5204.0,1.764732,0.732646,SWE,FIN,560290
11906469,224,74,7511,2017,7583.0,0.0,0.541611,2.405872,TUR,FIN,560290
11906470,231,74,7511,2017,8224.0,0.0,1.601478,0.277271,USA,FIN,560290
11906471,249,74,7511,2017,2090.0,0.0,2.0548290000000002,1.2552969999999999,TWN,FIN,560290
11906472,5,77,7511,2017,0.0,3937.0,1.097505,0.480863,AND,FRA,560290
11906473,7,77,7511,2017,0.0,82878.0,0.210477,0.02557,ARE,FRA,560290
11906474,15,77,7511,2017,1828.0,819434.0,1.728623,-0.031045999999999997,AUT,FRA,560290
11906475,18,77,7511,2017,221600.0,83401.0,1.292657,1.19571,BEL,FRA,560290
11906476,19,77,7511,2017,0.0,12068.0,-0.755027,-0.796864,BEN,FRA,560290
11906477,22,77,7511,2017,3816.0,4869.0,-1.016251,-0.987654,BGD,FRA,560290
11906478,23,77,7511,2017,0.0,1580.0,0.557843,1.7221119999999999,BGR,FRA,560290
11906479,28,77,7511,2017,0.0,5105.0,0.8115829999999999,0.8323459999999999,BLR,FRA,560290
11906480,32,77,7511,2017,0.0,79572.0,0.145224,0.483461,BRA,FRA,560290
11906481,39,77,7511,2017,0.0,1690.0,0.73897,1.206402,CAN,FRA,560290
11906482,41,77,7511,2017,301880.0,67177.0,2.2557810000000003,0.845459,CHE,FRA,560290
11906483,43,77,7511,2017,436238.0,36104.0,1.1127790000000002,1.56869,CHN,FRA,560290
11906484,44,77,7511,2017,0.0,145092.0,-0.784119,-0.904135,CIV,FRA,560290
11906485,45,77,7511,2017,0.0,5920.0,-1.048569,-1.030799,CMR,FRA,560290
11906486,47,77,7511,2017,0.0,16690.0,-1.2289780000000001,-1.169368,COG,FRA,560290
11906487,49,77,7511,2017,0.0,2433.0,0.208096,-0.17644300000000002,COL,FRA,560290
11906488,59,77,7511,2017,39269.0,95167.0,1.7715130000000001,0.359668,CZE,FRA,560290
11906489,61,77,7511,2017,523512.0,60106.0,2.1149459999999998,-2.525372,DEU,FRA,560290
11906490,64,77,7511,2017,11383.0,3655.0,1.159753,1.233914,DNK,FRA,560290
11906491,65,77,7511,2017,4675.0,0.0,-0.168016,0.30840100000000004,DOM,FRA,560290
11906492,66,77,7511,2017,0.0,41600.0,-0.9905579999999999,-1.1996200000000001,DZA,FRA,560290
11906493,68,77,7511,2017,0.0,8226.0,-0.073436,1.829121,EGY,FRA,560290
11906494,71,77,7511,2017,1323890.0,371031.0,0.734342,2.8180099999999997,ESP,FRA,560290
11906495,72,77,7511,2017,0.0,1685.0,1.010985,1.289633,EST,FRA,560290
11906496,74,77,7511,2017,1032.0,2919.0,1.655957,0.962485,FIN,FRA,560290
11906497,81,77,7511,2017,15611.0,143991.0,1.6883119999999998,0.8347469999999999,GBR,FRA,560290
11906498,90,77,7511,2017,0.0,26322.0,0.154098,1.151038,GRC,FRA,560290
11906499,97,77,7511,2017,16643.0,0.0,0.824982,1.7162220000000001,HKG,FRA,560290
11906500,102,77,7511,2017,0.0,8268.0,1.4886270000000001,0.845986,HUN,FRA,560290
11906501,103,77,7511,2017,0.0,6517.0,-0.23641700000000002,1.188173,IDN,FRA,560290
11906502,104,77,7511,2017,0.0,11234.0,0.290576,2.726391,IND,FRA,560290
11906503,106,77,7511,2017,142542.0,0.0,1.363544,0.169211,IRL,FRA,560290
11906504,107,77,7511,2017,0.0,4701.0,-0.361292,-0.361813,IRN,FRA,560290
11906505,110,77,7511,2017,0.0,953.0,1.436156,0.776574,ISR,FRA,560290
11906506,111,77,7511,2017,7236966.0,26006.0,1.34395,0.577693,ITA,FRA,560290
11906507,114,77,7511,2017,5470.0,3005.0,2.4510419999999997,-0.277357,JPN,FRA,560290
11906508,128,77,7511,2017,1775.0,23239.0,-0.46442799999999995,0.472132,LKA,FRA,560290
11906509,131,77,7511,2017,16041.0,7178.0,1.24064,1.298263,LUX,FRA,560290
11906510,134,77,7511,2017,8797.0,115410.0,-0.757236,-0.065347,MAR,FRA,560290
11906511,138,77,7511,2017,3784.0,10973.0,1.08871,0.5745279999999999,MEX,FRA,560290
11906512,142,77,7511,2017,0.0,6974.0,0.999914,0.12683,MLT,FRA,560290
11906513,143,77,7511,2017,0.0,6958.0,-1.051544,-0.419183,MMR,FRA,560290
11906514,151,77,7511,2017,0.0,3267.0,-0.156616,0.073153,MUS,FRA,560290
11906515,153,77,7511,2017,0.0,19060.0,1.0110139999999999,0.6840729999999999,MYS,FRA,560290
11906516,156,77,7511,2017,0.0,1767.0,-0.38216100000000003,-0.8662549999999999,NCL,FRA,560290
11906517,162,77,7511,2017,182733.0,9444.0,1.146959,1.470869,NLD,FRA,560290
11906518,163,77,7511,2017,0.0,5209.0,0.73658,0.11450199999999999,NOR,FRA,560290
11906519,164,77,7511,2017,83135.0,0.0,-0.319681,0.5788220000000001,NPL,FRA,560290
11906520,177,77,7511,2017,1614.0,12294.0,1.197417,1.092716,POL,FRA,560290
11906521,179,77,7511,2017,477092.0,8947.0,0.527046,2.264624,PRT,FRA,560290
11906522,182,77,7511,2017,0.0,1250.0,-0.1278,-0.748387,PYF,FRA,560290
11906523,185,77,7511,2017,68508.0,12487.0,1.05479,0.9842219999999999,ROU,FRA,560290
11906524,186,77,7511,2017,0.0,1990.0,0.32885,0.288392,RUS,FRA,560290
11906525,188,77,7511,2017,0.0,12441.0,0.597716,-0.345049,SAU,FRA,560290
11906526,191,77,7511,2017,0.0,14177.0,-0.6722899999999999,-0.26522199999999996,SEN,FRA,560290
11906527,192,77,7511,2017,4511.0,5080.0,1.884166,0.37903600000000004,SGP,FRA,560290
11906528,201,77,7511,2017,0.0,2963.0,0.541644,1.19872,SRB,FRA,560290
11906529,206,77,7511,2017,34090.0,12512.0,1.279606,0.85503,SVK,FRA,560290
11906530,207,77,7511,2017,36005.0,23285.0,1.600319,0.854305,SVN,FRA,560290
11906531,208,77,7511,2017,8808.0,18788.0,1.764732,0.732646,SWE,FRA,560290
11906532,216,77,7511,2017,4927.0,0.0,0.983977,1.3926020000000001,THA,FRA,560290
11906533,223,77,7511,2017,0.0,57352.0,0.224119,0.961772,TUN,FRA,560290
11906534,224,77,7511,2017,31136.0,19543.0,0.541611,2.405872,TUR,FRA,560290
11906535,228,77,7511,2017,0.0,11143.0,0.461109,0.7826569999999999,UKR,FRA,560290
11906536,231,77,7511,2017,289885.0,72348.0,1.601478,0.277271,USA,FRA,560290
11906537,239,77,7511,2017,0.0,6065.0,-0.009819,0.686429,VNM,FRA,560290
11906538,249,77,7511,2017,1619.0,0.0,2.0548290000000002,1.2552969999999999,TWN,FRA,560290
11906539,250,77,7511,2017,89782.0,0.0,0.72523,-0.205046,ANS,FRA,560290
11906540,4,81,7511,2017,0.0,1519.0,-0.44769899999999996,-0.17193,ALB,GBR,560290
11906541,7,81,7511,2017,0.0,24505.0,0.210477,0.02557,ARE,GBR,560290
11906542,14,81,7511,2017,21836.0,1633.0,-0.42427200000000004,-0.152921,AUS,GBR,560290
11906543,15,81,7511,2017,1470.0,0.0,1.728623,-0.031045999999999997,AUT,GBR,560290
11906544,18,81,7511,2017,65753.0,8348.0,1.292657,1.19571,BEL,GBR,560290
11906545,23,81,7511,2017,0.0,1423.0,0.557843,1.7221119999999999,BGR,GBR,560290
11906546,32,81,7511,2017,0.0,12913.0,0.145224,0.483461,BRA,GBR,560290
11906547,33,81,7511,2017,0.0,1112.0,0.589793,-0.004488000000000001,BRB,GBR,560290
11906548,39,81,7511,2017,78944.0,16542.0,0.73897,1.206402,CAN,GBR,560290
11906549,41,81,7511,2017,91122.0,7903.0,2.2557810000000003,0.845459,CHE,GBR,560290
11906550,42,81,7511,2017,0.0,1911.0,-0.378693,-0.492983,CHL,GBR,560290
11906551,43,81,7511,2017,773252.0,150862.0,1.1127790000000002,1.56869,CHN,GBR,560290
11906552,59,81,7511,2017,4943.0,77538.0,1.7715130000000001,0.359668,CZE,GBR,560290
11906553,61,81,7511,2017,682116.0,4265.0,2.1149459999999998,-2.525372,DEU,GBR,560290
11906554,64,81,7511,2017,12272.0,16133.0,1.159753,1.233914,DNK,GBR,560290
11906555,66,81,7511,2017,0.0,2119.0,-0.9905579999999999,-1.1996200000000001,DZA,GBR,560290
11906556,68,81,7511,2017,0.0,115054.0,-0.073436,1.829121,EGY,GBR,560290
11906557,71,81,7511,2017,875070.0,14814.0,0.734342,2.8180099999999997,ESP,GBR,560290
11906558,72,81,7511,2017,0.0,7698.0,1.010985,1.289633,EST,GBR,560290
11906559,74,81,7511,2017,0.0,34378.0,1.655957,0.962485,FIN,GBR,560290
11906560,77,81,7511,2017,143991.0,15611.0,1.398427,0.894732,FRA,GBR,560290
11906561,83,81,7511,2017,0.0,5757.0,-0.929143,-0.811439,GHA,GBR,560290
11906562,97,81,7511,2017,1592.0,13809.0,0.824982,1.7162220000000001,HKG,GBR,560290
11906563,103,81,7511,2017,0.0,8700.0,-0.23641700000000002,1.188173,IDN,GBR,560290
11906564,104,81,7511,2017,101780.0,9474.0,0.290576,2.726391,IND,GBR,560290
11906565,106,81,7511,2017,138976.0,461702.0,1.363544,0.169211,IRL,GBR,560290
11906566,109,81,7511,2017,0.0,1292.0,0.386094,-0.277269,ISL,GBR,560290
11906567,110,81,7511,2017,0.0,123367.0,1.436156,0.776574,ISR,GBR,560290
11906568,111,81,7511,2017,751407.0,6008.0,1.34395,0.577693,ITA,GBR,560290
11906569,114,81,7511,2017,30162.0,21627.0,2.4510419999999997,-0.277357,JPN,GBR,560290
11906570,115,81,7511,2017,0.0,2720.0,-0.394316,-0.5485979999999999,KAZ,GBR,560290
11906571,116,81,7511,2017,0.0,2951.0,-0.579541,0.511926,KEN,GBR,560290
11906572,117,81,7511,2017,1532.0,0.0,-0.11530599999999999,0.264752,KGZ,GBR,560290
11906573,121,81,7511,2017,8923.0,9670.0,2.011263,0.783215,KOR,GBR,560290
11906574,130,81,7511,2017,0.0,2068.0,0.855858,1.447717,LTU,GBR,560290
11906575,134,81,7511,2017,0.0,20311.0,-0.757236,-0.065347,MAR,GBR,560290
11906576,138,81,7511,2017,0.0,5023.0,1.08871,0.5745279999999999,MEX,GBR,560290
11906577,142,81,7511,2017,0.0,3261.0,0.999914,0.12683,MLT,GBR,560290
11906578,151,81,7511,2017,1751.0,0.0,-0.156616,0.073153,MUS,GBR,560290
11906579,153,81,7511,2017,0.0,1420.0,1.0110139999999999,0.6840729999999999,MYS,GBR,560290
11906580,162,81,7511,2017,281129.0,8469.0,1.146959,1.470869,NLD,GBR,560290
11906581,163,81,7511,2017,1352.0,70295.0,0.73658,0.11450199999999999,NOR,GBR,560290
11906582,164,81,7511,2017,237189.0,0.0,-0.319681,0.5788220000000001,NPL,GBR,560290
11906583,166,81,7511,2017,0.0,7558.0,0.25651199999999996,0.132996,NZL,GBR,560290
11906584,168,81,7511,2017,0.0,1171.0,-0.698561,0.43523500000000004,PAK,GBR,560290
11906585,174,81,7511,2017,0.0,10448.0,0.657759,0.170061,PHL,GBR,560290
11906586,177,81,7511,2017,52109.0,50521.0,1.197417,1.092716,POL,GBR,560290
11906587,179,81,7511,2017,11852.0,2189.0,0.527046,2.264624,PRT,GBR,560290
11906588,181,81,7511,2017,0.0,923.0,0.11852,0.609241,PSE,GBR,560290
11906589,183,81,7511,2017,0.0,1314.0,-0.361327,-1.066869,QAT,GBR,560290
11906590,185,81,7511,2017,0.0,79783.0,1.05479,0.9842219999999999,ROU,GBR,560290
11906591,186,81,7511,2017,2253.0,0.0,0.32885,0.288392,RUS,GBR,560290
11906592,188,81,7511,2017,0.0,8207.0,0.597716,-0.345049,SAU,GBR,560290
11906593,190,81,7511,2017,0.0,96572.0,-1.567691,-1.257164,SDN,GBR,560290
11906594,192,81,7511,2017,0.0,6158.0,1.884166,0.37903600000000004,SGP,GBR,560290
11906595,207,81,7511,2017,2345.0,0.0,1.600319,0.854305,SVN,GBR,560290
11906596,208,81,7511,2017,10717.0,50929.0,1.764732,0.732646,SWE,GBR,560290
11906597,216,81,7511,2017,0.0,4234864.0,0.983977,1.3926020000000001,THA,GBR,560290
11906598,224,81,7511,2017,1792553.0,3968.0,0.541611,2.405872,TUR,GBR,560290
11906599,231,81,7511,2017,94756.0,41165.0,1.601478,0.277271,USA,GBR,560290
11906600,239,81,7511,2017,0.0,8547.0,-0.009819,0.686429,VNM,GBR,560290
11906601,246,81,7511,2017,0.0,3905.0,0.2066,1.378591,ZAF,GBR,560290
11906602,249,81,7511,2017,2899.0,7328.0,2.0548290000000002,1.2552969999999999,TWN,GBR,560290
11906603,43,93,7511,2017,52413.0,0.0,1.1127790000000002,1.56869,CHN,GTM,560290
11906604,49,93,7511,2017,6998.0,4188.0,0.208096,-0.17644300000000002,COL,GTM,560290
11906605,52,93,7511,2017,0.0,119295.0,0.288642,-0.056219000000000005,CRI,GTM,560290
11906606,65,93,7511,2017,0.0,264898.0,-0.168016,0.30840100000000004,DOM,GTM,560290
11906607,97,93,7511,2017,4503.0,0.0,0.824982,1.7162220000000001,HKG,GTM,560290
11906608,99,93,7511,2017,0.0,50508.0,-0.6335689999999999,-0.334201,HND,GTM,560290
11906609,121,93,7511,2017,1081.0,0.0,2.011263,0.783215,KOR,GTM,560290
11906610,160,93,7511,2017,0.0,15749.0,-1.0502280000000002,-0.8817719999999999,NIC,GTM,560290
11906611,169,93,7511,2017,7681.0,154175.0,0.5520109999999999,0.788181,PAN,GTM,560290
11906612,197,93,7511,2017,3622.0,37023.0,0.113639,0.23175199999999999,SLV,GTM,560290
11906613,224,93,7511,2017,49783.0,0.0,0.541611,2.405872,TUR,GTM,560290
11906614,231,93,7511,2017,8559.0,0.0,1.601478,0.277271,USA,GTM,560290
11906615,249,93,7511,2017,23159.0,0.0,2.0548290000000002,1.2552969999999999,TWN,GTM,560290
11906616,39,96,7511,2017,3267.0,0.0,0.73897,1.206402,CAN,GUY,560290
11906617,222,96,7511,2017,20641.0,0.0,-0.183935,-1.012153,TTO,GUY,560290
11906618,231,96,7511,2017,46550.0,0.0,1.601478,0.277271,USA,GUY,560290
11906619,14,97,7511,2017,1037950.0,0.0,-0.42427200000000004,-0.152921,AUS,HKG,560290
11906620,15,97,7511,2017,36019.0,0.0,1.728623,-0.031045999999999997,AUT,HKG,560290
11906621,18,97,7511,2017,0.0,8624.0,1.292657,1.19571,BEL,HKG,560290
11906622,22,97,7511,2017,0.0,4302.0,-1.016251,-0.987654,BGD,HKG,560290
11906623,32,97,7511,2017,0.0,3016.0,0.145224,0.483461,BRA,HKG,560290
11906624,41,97,7511,2017,1355.0,0.0,2.2557810000000003,0.845459,CHE,HKG,560290
11906625,43,97,7511,2017,637964.0,25869.0,1.1127790000000002,1.56869,CHN,HKG,560290
11906626,49,97,7511,2017,0.0,10446.0,0.208096,-0.17644300000000002,COL,HKG,560290
11906627,52,97,7511,2017,0.0,9753.0,0.288642,-0.056219000000000005,CRI,HKG,560290
11906628,61,97,7511,2017,4656.0,4168.0,2.1149459999999998,-2.525372,DEU,HKG,560290
11906629,65,97,7511,2017,0.0,45482.0,-0.168016,0.30840100000000004,DOM,HKG,560290
11906630,68,97,7511,2017,0.0,2498.0,-0.073436,1.829121,EGY,HKG,560290
11906631,71,97,7511,2017,0.0,22931.0,0.734342,2.8180099999999997,ESP,HKG,560290
11906632,77,97,7511,2017,0.0,16643.0,1.398427,0.894732,FRA,HKG,560290
11906633,81,97,7511,2017,13809.0,1592.0,1.6883119999999998,0.8347469999999999,GBR,HKG,560290
11906634,82,97,7511,2017,0.0,3179.0,-0.241749,-0.374727,GEO,HKG,560290
11906635,93,97,7511,2017,0.0,4503.0,-0.418538,0.557454,GTM,HKG,560290
11906636,103,97,7511,2017,0.0,470731.0,-0.23641700000000002,1.188173,IDN,HKG,560290
11906637,104,97,7511,2017,0.0,20794.0,0.290576,2.726391,IND,HKG,560290
11906638,111,97,7511,2017,12293.0,0.0,1.34395,0.577693,ITA,HKG,560290
11906639,114,97,7511,2017,39244.0,2534.0,2.4510419999999997,-0.277357,JPN,HKG,560290
11906640,116,97,7511,2017,0.0,157206.0,-0.579541,0.511926,KEN,HKG,560290
11906641,118,97,7511,2017,0.0,39439.0,-0.656325,-0.622167,KHM,HKG,560290
11906642,121,97,7511,2017,2383.0,0.0,2.011263,0.783215,KOR,HKG,560290
11906643,128,97,7511,2017,0.0,21288.0,-0.46442799999999995,0.472132,LKA,HKG,560290
11906644,143,97,7511,2017,0.0,177601.0,-1.051544,-0.419183,MMR,HKG,560290
11906645,153,97,7511,2017,0.0,104717.0,1.0110139999999999,0.6840729999999999,MYS,HKG,560290
11906646,162,97,7511,2017,0.0,11971.0,1.146959,1.470869,NLD,HKG,560290
11906647,163,97,7511,2017,0.0,5796.0,0.73658,0.11450199999999999,NOR,HKG,560290
11906648,164,97,7511,2017,14697.0,0.0,-0.319681,0.5788220000000001,NPL,HKG,560290
11906649,168,97,7511,2017,0.0,5900.0,-0.698561,0.43523500000000004,PAK,HKG,560290
11906650,174,97,7511,2017,0.0,25145.0,0.657759,0.170061,PHL,HKG,560290
11906651,192,97,7511,2017,32833.0,0.0,1.884166,0.37903600000000004,SGP,HKG,560290
11906652,208,97,7511,2017,0.0,1215.0,1.764732,0.732646,SWE,HKG,560290
11906653,216,97,7511,2017,0.0,13248.0,0.983977,1.3926020000000001,THA,HKG,560290
11906654,231,97,7511,2017,161749.0,0.0,1.601478,0.277271,USA,HKG,560290
11906655,239,97,7511,2017,12883.0,161318.0,-0.009819,0.686429,VNM,HKG,560290
11906656,249,97,7511,2017,9015.0,0.0,2.0548290000000002,1.2552969999999999,TWN,HKG,560290
11906657,15,99,7511,2017,3158.0,0.0,1.728623,-0.031045999999999997,AUT,HND,560290
11906658,43,99,7511,2017,94309.0,0.0,1.1127790000000002,1.56869,CHN,HND,560290
11906659,49,99,7511,2017,102732.0,0.0,0.208096,-0.17644300000000002,COL,HND,560290
11906660,52,99,7511,2017,0.0,28383.0,0.288642,-0.056219000000000005,CRI,HND,560290
11906661,93,99,7511,2017,50508.0,0.0,-0.418538,0.557454,GTM,HND,560290
11906662,169,99,7511,2017,6762.0,0.0,0.5520109999999999,0.788181,PAN,HND,560290
11906663,173,99,7511,2017,54665.0,0.0,-0.667658,-0.318344,PER,HND,560290
11906664,197,99,7511,2017,0.0,816206.0,0.113639,0.23175199999999999,SLV,HND,560290
11906665,224,99,7511,2017,9026.0,0.0,0.541611,2.405872,TUR,HND,560290
11906666,231,99,7511,2017,1327922.0,0.0,1.601478,0.277271,USA,HND,560290
11906667,15,102,7511,2017,19250.0,0.0,1.728623,-0.031045999999999997,AUT,HUN,560290
11906668,18,102,7511,2017,1187.0,0.0,1.292657,1.19571,BEL,HUN,560290
11906669,41,102,7511,2017,11669.0,0.0,2.2557810000000003,0.845459,CHE,HUN,560290
11906670,43,102,7511,2017,27984.0,21995.0,1.1127790000000002,1.56869,CHN,HUN,560290
11906671,59,102,7511,2017,48808.0,5710.0,1.7715130000000001,0.359668,CZE,HUN,560290
11906672,61,102,7511,2017,133714.0,4903.0,2.1149459999999998,-2.525372,DEU,HUN,560290
11906673,64,102,7511,2017,10580.0,4150.0,1.159753,1.233914,DNK,HUN,560290
11906674,71,102,7511,2017,5790.0,0.0,0.734342,2.8180099999999997,ESP,HUN,560290
11906675,77,102,7511,2017,8268.0,0.0,1.398427,0.894732,FRA,HUN,560290
11906676,100,102,7511,2017,18793.0,4768.0,0.860825,1.365445,HRV,HUN,560290
11906677,111,102,7511,2017,283234.0,2309.0,1.34395,0.577693,ITA,HUN,560290
11906678,162,102,7511,2017,4817.0,0.0,1.146959,1.470869,NLD,HUN,560290
11906679,163,102,7511,2017,0.0,3428.0,0.73658,0.11450199999999999,NOR,HUN,560290
11906680,164,102,7511,2017,890.0,0.0,-0.319681,0.5788220000000001,NPL,HUN,560290
11906681,177,102,7511,2017,9986.0,0.0,1.197417,1.092716,POL,HUN,560290
11906682,185,102,7511,2017,1382.0,81323.0,1.05479,0.9842219999999999,ROU,HUN,560290
11906683,201,102,7511,2017,0.0,3339.0,0.541644,1.19872,SRB,HUN,560290
11906684,206,102,7511,2017,15970.0,1848.0,1.279606,0.85503,SVK,HUN,560290
11906685,207,102,7511,2017,7047.0,0.0,1.600319,0.854305,SVN,HUN,560290
11906686,224,102,7511,2017,3872.0,0.0,0.541611,2.405872,TUR,HUN,560290
11906687,228,102,7511,2017,0.0,12545.0,0.461109,0.7826569999999999,UKR,HUN,560290
11906688,14,103,7511,2017,18671.0,2166.0,-0.42427200000000004,-0.152921,AUS,IDN,560290
11906689,22,103,7511,2017,0.0,18745.0,-1.016251,-0.987654,BGD,IDN,560290
11906690,32,103,7511,2017,1634.0,0.0,0.145224,0.483461,BRA,IDN,560290
11906691,34,103,7511,2017,0.0,4124.0,0.270525,-0.747949,BRN,IDN,560290
11906692,43,103,7511,2017,1698751.0,252336.0,1.1127790000000002,1.56869,CHN,IDN,560290
11906693,61,103,7511,2017,9520.0,1216.0,2.1149459999999998,-2.525372,DEU,IDN,560290
11906694,71,103,7511,2017,2456.0,0.0,0.734342,2.8180099999999997,ESP,IDN,560290
11906695,77,103,7511,2017,6517.0,0.0,1.398427,0.894732,FRA,IDN,560290
11906696,81,103,7511,2017,8700.0,0.0,1.6883119999999998,0.8347469999999999,GBR,IDN,560290
11906697,97,103,7511,2017,470731.0,0.0,0.824982,1.7162220000000001,HKG,IDN,560290
11906698,111,103,7511,2017,15992.0,0.0,1.34395,0.577693,ITA,IDN,560290
11906699,112,103,7511,2017,0.0,1680.0,-0.497654,-0.76481,JAM,IDN,560290
11906700,114,103,7511,2017,296651.0,1276.0,2.4510419999999997,-0.277357,JPN,IDN,560290
11906701,121,103,7511,2017,265747.0,0.0,2.011263,0.783215,KOR,IDN,560290
11906702,131,103,7511,2017,2633.0,0.0,1.24064,1.298263,LUX,IDN,560290
11906703,143,103,7511,2017,44605.0,39458.0,-1.051544,-0.419183,MMR,IDN,560290
11906704,153,103,7511,2017,5262.0,95722.0,1.0110139999999999,0.6840729999999999,MYS,IDN,560290
11906705,162,103,7511,2017,2708.0,0.0,1.146959,1.470869,NLD,IDN,560290
11906706,164,103,7511,2017,1641.0,0.0,-0.319681,0.5788220000000001,NPL,IDN,560290
11906707,192,103,7511,2017,200347.0,6677.0,1.884166,0.37903600000000004,SGP,IDN,560290
11906708,216,103,7511,2017,32960.0,17675.0,0.983977,1.3926020000000001,THA,IDN,560290
11906709,231,103,7511,2017,26276.0,6820.0,1.601478,0.277271,USA,IDN,560290
11906710,239,103,7511,2017,95821.0,5781.0,-0.009819,0.686429,VNM,IDN,560290
11906711,246,103,7511,2017,0.0,4990.0,0.2066,1.378591,ZAF,IDN,560290
11906712,249,103,7511,2017,643671.0,0.0,2.0548290000000002,1.2552969999999999,TWN,IDN,560290
11906713,7,104,7511,2017,18893.0,3127.0,0.210477,0.02557,ARE,IND,560290
11906714,14,104,7511,2017,0.0,3507.0,-0.42427200000000004,-0.152921,AUS,IND,560290
11906715,22,104,7511,2017,0.0,29150.0,-1.016251,-0.987654,BGD,IND,560290
11906716,32,104,7511,2017,1353.0,12691.0,0.145224,0.483461,BRA,IND,560290
11906717,35,104,7511,2017,0.0,5766.0,-0.167518,-0.7758520000000001,BTN,IND,560290
11906718,39,104,7511,2017,0.0,1642.0,0.73897,1.206402,CAN,IND,560290
11906719,41,104,7511,2017,9856.0,0.0,2.2557810000000003,0.845459,CHE,IND,560290
11906720,43,104,7511,2017,1662614.0,6492.0,1.1127790000000002,1.56869,CHN,IND,560290
11906721,46,104,7511,2017,0.0,1787.0,-1.3960569999999999,-1.126784,COD,IND,560290
11906722,59,104,7511,2017,5077.0,2418.0,1.7715130000000001,0.359668,CZE,IND,560290
11906723,61,104,7511,2017,97603.0,37539.0,2.1149459999999998,-2.525372,DEU,IND,560290
11906724,64,104,7511,2017,1546.0,20080.0,1.159753,1.233914,DNK,IND,560290
11906725,68,104,7511,2017,0.0,21295.0,-0.073436,1.829121,EGY,IND,560290
11906726,77,104,7511,2017,11234.0,0.0,1.398427,0.894732,FRA,IND,560290
11906727,81,104,7511,2017,9474.0,101780.0,1.6883119999999998,0.8347469999999999,GBR,IND,560290
11906728,97,104,7511,2017,20794.0,0.0,0.824982,1.7162220000000001,HKG,IND,560290
11906729,107,104,7511,2017,0.0,2875.0,-0.361292,-0.361813,IRN,IND,560290
11906730,110,104,7511,2017,0.0,13901.0,1.436156,0.776574,ISR,IND,560290
11906731,111,104,7511,2017,434933.0,0.0,1.34395,0.577693,ITA,IND,560290
11906732,113,104,7511,2017,0.0,11218.0,0.020035,0.295415,JOR,IND,560290
11906733,114,104,7511,2017,6152.0,1432.0,2.4510419999999997,-0.277357,JPN,IND,560290
11906734,116,104,7511,2017,0.0,2620.0,-0.579541,0.511926,KEN,IND,560290
11906735,121,104,7511,2017,26852.0,26737.0,2.011263,0.783215,KOR,IND,560290
11906736,128,104,7511,2017,157478.0,119926.0,-0.46442799999999995,0.472132,LKA,IND,560290
11906737,137,104,7511,2017,0.0,1631.0,-1.100027,-0.9779479999999999,MDV,IND,560290
11906738,153,104,7511,2017,2017.0,1264.0,1.0110139999999999,0.6840729999999999,MYS,IND,560290
11906739,162,104,7511,2017,5975.0,119365.0,1.146959,1.470869,NLD,IND,560290
11906740,164,104,7511,2017,3106.0,11724.0,-0.319681,0.5788220000000001,NPL,IND,560290
11906741,166,104,7511,2017,0.0,4146.0,0.25651199999999996,0.132996,NZL,IND,560290
11906742,167,104,7511,2017,0.0,8107.0,-0.347684,-0.884569,OMN,IND,560290
11906743,177,104,7511,2017,0.0,5774.0,1.197417,1.092716,POL,IND,560290
11906744,179,104,7511,2017,8798.0,0.0,0.527046,2.264624,PRT,IND,560290
11906745,183,104,7511,2017,0.0,16032.0,-0.361327,-1.066869,QAT,IND,560290
11906746,186,104,7511,2017,0.0,2686.0,0.32885,0.288392,RUS,IND,560290
11906747,188,104,7511,2017,0.0,1475.0,0.597716,-0.345049,SAU,IND,560290
11906748,192,104,7511,2017,27731.0,6477.0,1.884166,0.37903600000000004,SGP,IND,560290
11906749,216,104,7511,2017,374781.0,1909.0,0.983977,1.3926020000000001,THA,IND,560290
11906750,224,104,7511,2017,565950.0,18076.0,0.541611,2.405872,TUR,IND,560290
11906751,226,104,7511,2017,0.0,1446.0,-1.0691709999999999,0.11636800000000001,TZA,IND,560290
11906752,231,104,7511,2017,99411.0,25510.0,1.601478,0.277271,USA,IND,560290
11906753,239,104,7511,2017,0.0,1220.0,-0.009819,0.686429,VNM,IND,560290
11906754,249,104,7511,2017,14299.0,27761.0,2.0548290000000002,1.2552969999999999,TWN,IND,560290
11906755,15,106,7511,2017,0.0,913.0,1.728623,-0.031045999999999997,AUT,IRL,560290
11906756,18,106,7511,2017,1501.0,0.0,1.292657,1.19571,BEL,IRL,560290
11906757,41,106,7511,2017,18279.0,1118.0,2.2557810000000003,0.845459,CHE,IRL,560290
11906758,43,106,7511,2017,120410.0,0.0,1.1127790000000002,1.56869,CHN,IRL,560290
11906759,61,106,7511,2017,29955.0,0.0,2.1149459999999998,-2.525372,DEU,IRL,560290
11906760,64,106,7511,2017,2729.0,13008.0,1.159753,1.233914,DNK,IRL,560290
11906761,71,106,7511,2017,4412.0,0.0,0.734342,2.8180099999999997,ESP,IRL,560290
11906762,77,106,7511,2017,0.0,142542.0,1.398427,0.894732,FRA,IRL,560290
11906763,81,106,7511,2017,461702.0,138976.0,1.6883119999999998,0.8347469999999999,GBR,IRL,560290
11906764,111,106,7511,2017,46678.0,0.0,1.34395,0.577693,ITA,IRL,560290
11906765,162,106,7511,2017,2847.0,0.0,1.146959,1.470869,NLD,IRL,560290
11906766,163,106,7511,2017,0.0,3566.0,0.73658,0.11450199999999999,NOR,IRL,560290
11906767,208,106,7511,2017,1744.0,0.0,1.764732,0.732646,SWE,IRL,560290
11906768,224,106,7511,2017,156599.0,0.0,0.541611,2.405872,TUR,IRL,560290
11906769,231,106,7511,2017,10743.0,1174.0,1.601478,0.277271,USA,IRL,560290
11906770,239,106,7511,2017,0.0,418.0,-0.009819,0.686429,VNM,IRL,560290
11906771,250,106,7511,2017,285841.0,0.0,0.72523,-0.205046,ANS,IRL,560290
11906772,39,110,7511,2017,0.0,3093.0,0.73897,1.206402,CAN,ISR,560290
11906773,43,110,7511,2017,293639.0,0.0,1.1127790000000002,1.56869,CHN,ISR,560290
11906774,61,110,7511,2017,4290.0,0.0,2.1149459999999998,-2.525372,DEU,ISR,560290
11906775,71,110,7511,2017,3298.0,0.0,0.734342,2.8180099999999997,ESP,ISR,560290
11906776,77,110,7511,2017,953.0,0.0,1.398427,0.894732,FRA,ISR,560290
11906777,81,110,7511,2017,123367.0,0.0,1.6883119999999998,0.8347469999999999,GBR,ISR,560290
11906778,82,110,7511,2017,0.0,48532.0,-0.241749,-0.374727,GEO,ISR,560290
11906779,104,110,7511,2017,13901.0,0.0,0.290576,2.726391,IND,ISR,560290
11906780,111,110,7511,2017,193702.0,0.0,1.34395,0.577693,ITA,ISR,560290
11906781,164,110,7511,2017,3814.0,0.0,-0.319681,0.5788220000000001,NPL,ISR,560290
11906782,206,110,7511,2017,4589.0,0.0,1.279606,0.85503,SVK,ISR,560290
11906783,224,110,7511,2017,52045.0,0.0,0.541611,2.405872,TUR,ISR,560290
11906784,231,110,7511,2017,2916.0,0.0,1.601478,0.277271,USA,ISR,560290
11906785,249,110,7511,2017,1510.0,0.0,2.0548290000000002,1.2552969999999999,TWN,ISR,560290
11906786,4,111,7511,2017,15956.0,1686.0,-0.44769899999999996,-0.17193,ALB,ITA,560290
11906787,7,111,7511,2017,0.0,28601.0,0.210477,0.02557,ARE,ITA,560290
11906788,8,111,7511,2017,0.0,32541.0,-0.120753,0.233375,ARG,ITA,560290
11906789,14,111,7511,2017,0.0,10179.0,-0.42427200000000004,-0.152921,AUS,ITA,560290
11906790,15,111,7511,2017,19223.0,235969.0,1.728623,-0.031045999999999997,AUT,ITA,560290
11906791,18,111,7511,2017,28676.0,132208.0,1.292657,1.19571,BEL,ITA,560290
11906792,22,111,7511,2017,0.0,1737.0,-1.016251,-0.987654,BGD,ITA,560290
11906793,23,111,7511,2017,0.0,39901.0,0.557843,1.7221119999999999,BGR,ITA,560290
11906794,26,111,7511,2017,1535.0,50983.0,0.43245,0.726721,BIH,ITA,560290
11906795,28,111,7511,2017,0.0,11929.0,0.8115829999999999,0.8323459999999999,BLR,ITA,560290
11906796,32,111,7511,2017,0.0,511035.0,0.145224,0.483461,BRA,ITA,560290
11906797,39,111,7511,2017,0.0,19143.0,0.73897,1.206402,CAN,ITA,560290
11906798,41,111,7511,2017,18357.0,65899.0,2.2557810000000003,0.845459,CHE,ITA,560290
11906799,43,111,7511,2017,666469.0,140481.0,1.1127790000000002,1.56869,CHN,ITA,560290
11906800,45,111,7511,2017,0.0,1686.0,-1.048569,-1.030799,CMR,ITA,560290
11906801,49,111,7511,2017,0.0,7362.0,0.208096,-0.17644300000000002,COL,ITA,560290
11906802,54,111,7511,2017,0.0,111196.0,-0.77404,-1.121084,CUB,ITA,560290
11906803,58,111,7511,2017,0.0,60276.0,0.576982,0.279989,CYP,ITA,560290
11906804,59,111,7511,2017,1219.0,3366714.0,1.7715130000000001,0.359668,CZE,ITA,560290
11906805,61,111,7511,2017,147743.0,2085594.0,2.1149459999999998,-2.525372,DEU,ITA,560290
11906806,64,111,7511,2017,1485.0,65874.0,1.159753,1.233914,DNK,ITA,560290
11906807,66,111,7511,2017,0.0,36805.0,-0.9905579999999999,-1.1996200000000001,DZA,ITA,560290
11906808,67,111,7511,2017,0.0,1417.0,-0.9995850000000001,-1.086367,ECU,ITA,560290
11906809,68,111,7511,2017,0.0,69586.0,-0.073436,1.829121,EGY,ITA,560290
11906810,71,111,7511,2017,52090.0,4668771.0,0.734342,2.8180099999999997,ESP,ITA,560290
11906811,72,111,7511,2017,0.0,20958.0,1.010985,1.289633,EST,ITA,560290
11906812,73,111,7511,2017,0.0,797.0,-1.007413,-0.638231,ETH,ITA,560290
11906813,74,111,7511,2017,11304.0,47016.0,1.655957,0.962485,FIN,ITA,560290
11906814,77,111,7511,2017,26006.0,7236966.0,1.398427,0.894732,FRA,ITA,560290
11906815,81,111,7511,2017,6008.0,751407.0,1.6883119999999998,0.8347469999999999,GBR,ITA,560290
11906816,90,111,7511,2017,0.0,329646.0,0.154098,1.151038,GRC,ITA,560290
11906817,97,111,7511,2017,0.0,12293.0,0.824982,1.7162220000000001,HKG,ITA,560290
11906818,100,111,7511,2017,0.0,233205.0,0.860825,1.365445,HRV,ITA,560290
11906819,102,111,7511,2017,2309.0,283234.0,1.4886270000000001,0.845986,HUN,ITA,560290
11906820,103,111,7511,2017,0.0,15992.0,-0.23641700000000002,1.188173,IDN,ITA,560290
11906821,104,111,7511,2017,0.0,434933.0,0.290576,2.726391,IND,ITA,560290
11906822,106,111,7511,2017,0.0,46678.0,1.363544,0.169211,IRL,ITA,560290
11906823,107,111,7511,2017,0.0,464550.0,-0.361292,-0.361813,IRN,ITA,560290
11906824,110,111,7511,2017,0.0,193702.0,1.436156,0.776574,ISR,ITA,560290
11906825,114,111,7511,2017,177580.0,6869.0,2.4510419999999997,-0.277357,JPN,ITA,560290
11906826,115,111,7511,2017,0.0,2157.0,-0.394316,-0.5485979999999999,KAZ,ITA,560290
11906827,118,111,7511,2017,0.0,2903.0,-0.656325,-0.622167,KHM,ITA,560290
11906828,121,111,7511,2017,13951.0,891099.0,2.011263,0.783215,KOR,ITA,560290
11906829,122,111,7511,2017,0.0,1433.0,-0.229821,-1.128482,KWT,ITA,560290
11906830,124,111,7511,2017,0.0,120793.0,0.266847,1.117621,LBN,ITA,560290
11906831,128,111,7511,2017,0.0,2587.0,-0.46442799999999995,0.472132,LKA,ITA,560290
11906832,130,111,7511,2017,0.0,56176.0,0.855858,1.447717,LTU,ITA,560290
11906833,132,111,7511,2017,0.0,5041.0,0.684555,1.3208030000000002,LVA,ITA,560290
11906834,134,111,7511,2017,0.0,38457.0,-0.757236,-0.065347,MAR,ITA,560290
11906835,135,111,7511,2017,0.0,23289.0,-0.24909,-0.181213,MDA,ITA,560290
11906836,138,111,7511,2017,0.0,312261.0,1.08871,0.5745279999999999,MEX,ITA,560290
11906837,140,111,7511,2017,1870.0,396726.0,-0.0292,-0.377156,MKD,ITA,560290
11906838,142,111,7511,2017,0.0,64355.0,0.999914,0.12683,MLT,ITA,560290
11906839,143,111,7511,2017,0.0,25790.0,-1.051544,-0.419183,MMR,ITA,560290
11906840,144,111,7511,2017,0.0,168880.0,0.201739,-0.23111399999999999,MNE,ITA,560290
11906841,162,111,7511,2017,18368.0,288896.0,1.146959,1.470869,NLD,ITA,560290
11906842,163,111,7511,2017,0.0,3697.0,0.73658,0.11450199999999999,NOR,ITA,560290
11906843,164,111,7511,2017,15826.0,1270.0,-0.319681,0.5788220000000001,NPL,ITA,560290
11906844,167,111,7511,2017,0.0,64719.0,-0.347684,-0.884569,OMN,ITA,560290
11906845,173,111,7511,2017,0.0,6019.0,-0.667658,-0.318344,PER,ITA,560290
11906846,174,111,7511,2017,0.0,3809.0,0.657759,0.170061,PHL,ITA,560290
11906847,177,111,7511,2017,6666.0,1549405.0,1.197417,1.092716,POL,ITA,560290
11906848,179,111,7511,2017,50737.0,621940.0,0.527046,2.264624,PRT,ITA,560290
11906849,183,111,7511,2017,0.0,242935.0,-0.361327,-1.066869,QAT,ITA,560290
11906850,185,111,7511,2017,903485.0,1149856.0,1.05479,0.9842219999999999,ROU,ITA,560290
11906851,186,111,7511,2017,0.0,88491.0,0.32885,0.288392,RUS,ITA,560290
11906852,188,111,7511,2017,0.0,16913.0,0.597716,-0.345049,SAU,ITA,560290
11906853,191,111,7511,2017,0.0,1856.0,-0.6722899999999999,-0.26522199999999996,SEN,ITA,560290
11906854,201,111,7511,2017,2819.0,625451.0,0.541644,1.19872,SRB,ITA,560290
11906855,206,111,7511,2017,0.0,1718606.0,1.279606,0.85503,SVK,ITA,560290
11906856,207,111,7511,2017,1298.0,148835.0,1.600319,0.854305,SVN,ITA,560290
11906857,208,111,7511,2017,1479.0,141762.0,1.764732,0.732646,SWE,ITA,560290
11906858,216,111,7511,2017,0.0,55475.0,0.983977,1.3926020000000001,THA,ITA,560290
11906859,223,111,7511,2017,0.0,1820322.0,0.224119,0.961772,TUN,ITA,560290
11906860,224,111,7511,2017,4849.0,4099268.0,0.541611,2.405872,TUR,ITA,560290
11906861,228,111,7511,2017,0.0,261931.0,0.461109,0.7826569999999999,UKR,ITA,560290
11906862,230,111,7511,2017,0.0,6601.0,0.16963,-0.403006,URY,ITA,560290
11906863,231,111,7511,2017,39914.0,890891.0,1.601478,0.277271,USA,ITA,560290
11906864,236,111,7511,2017,0.0,11377.0,-0.8874559999999999,-1.178752,VEN,ITA,560290
11906865,239,111,7511,2017,0.0,1573.0,-0.009819,0.686429,VNM,ITA,560290
11906866,246,111,7511,2017,0.0,457356.0,0.2066,1.378591,ZAF,ITA,560290
11906867,249,111,7511,2017,24790.0,71873.0,2.0548290000000002,1.2552969999999999,TWN,ITA,560290
11906868,33,112,7511,2017,0.0,969.0,0.589793,-0.004488000000000001,BRB,JAM,560290
11906869,43,112,7511,2017,39431.0,0.0,1.1127790000000002,1.56869,CHN,JAM,560290
11906870,65,112,7511,2017,146003.0,0.0,-0.168016,0.30840100000000004,DOM,JAM,560290
11906871,103,112,7511,2017,1680.0,0.0,-0.23641700000000002,1.188173,IDN,JAM,560290
11906872,213,112,7511,2017,0.0,18401.0,0.897017,0.219298,TCA,JAM,560290
11906873,231,112,7511,2017,121025.0,0.0,1.601478,0.277271,USA,JAM,560290
11906874,236,112,7511,2017,12606.0,0.0,-0.8874559999999999,-1.178752,VEN,JAM,560290
11906875,15,113,7511,2017,1933.0,0.0,1.728623,-0.031045999999999997,AUT,JOR,560290
11906876,43,113,7511,2017,27572.0,0.0,1.1127790000000002,1.56869,CHN,JOR,560290
11906877,61,113,7511,2017,2190.0,0.0,2.1149459999999998,-2.525372,DEU,JOR,560290
11906878,71,113,7511,2017,1629.0,0.0,0.734342,2.8180099999999997,ESP,JOR,560290
11906879,104,113,7511,2017,11218.0,0.0,0.290576,2.726391,IND,JOR,560290
11906880,192,113,7511,2017,40261.0,0.0,1.884166,0.37903600000000004,SGP,JOR,560290
11906881,224,113,7511,2017,24297.0,0.0,0.541611,2.405872,TUR,JOR,560290
11906882,8,114,7511,2017,0.0,53961.0,-0.120753,0.233375,ARG,JPN,560290
11906883,15,114,7511,2017,1615.0,1850.0,1.728623,-0.031045999999999997,AUT,JPN,560290
11906884,16,114,7511,2017,0.0,1522.0,-1.022455,-1.199225,AZE,JPN,560290
11906885,18,114,7511,2017,3191.0,8129.0,1.292657,1.19571,BEL,JPN,560290
11906886,32,114,7511,2017,0.0,20806.0,0.145224,0.483461,BRA,JPN,560290
11906887,39,114,7511,2017,0.0,11671.0,0.73897,1.206402,CAN,JPN,560290
11906888,41,114,7511,2017,8993.0,2139.0,2.2557810000000003,0.845459,CHE,JPN,560290
11906889,43,114,7511,2017,7925665.0,4282686.0,1.1127790000000002,1.56869,CHN,JPN,560290
11906890,49,114,7511,2017,0.0,11171.0,0.208096,-0.17644300000000002,COL,JPN,560290
11906891,59,114,7511,2017,0.0,29135.0,1.7715130000000001,0.359668,CZE,JPN,560290
11906892,61,114,7511,2017,18473.0,26298.0,2.1149459999999998,-2.525372,DEU,JPN,560290
11906893,71,114,7511,2017,0.0,2647.0,0.734342,2.8180099999999997,ESP,JPN,560290
11906894,74,114,7511,2017,9166.0,3267.0,1.655957,0.962485,FIN,JPN,560290
11906895,77,114,7511,2017,3005.0,5470.0,1.398427,0.894732,FRA,JPN,560290
11906896,81,114,7511,2017,21627.0,30162.0,1.6883119999999998,0.8347469999999999,GBR,JPN,560290
11906897,97,114,7511,2017,2534.0,39244.0,0.824982,1.7162220000000001,HKG,JPN,560290
11906898,103,114,7511,2017,1276.0,296651.0,-0.23641700000000002,1.188173,IDN,JPN,560290
11906899,104,114,7511,2017,1432.0,6152.0,0.290576,2.726391,IND,JPN,560290
11906900,111,114,7511,2017,6869.0,177580.0,1.34395,0.577693,ITA,JPN,560290
11906901,118,114,7511,2017,0.0,48120.0,-0.656325,-0.622167,KHM,JPN,560290
11906902,121,114,7511,2017,242481.0,488718.0,2.011263,0.783215,KOR,JPN,560290
11906903,123,114,7511,2017,0.0,95060.0,-0.9742190000000001,-0.727593,LAO,JPN,560290
11906904,138,114,7511,2017,986.0,116436.0,1.08871,0.5745279999999999,MEX,JPN,560290
11906905,143,114,7511,2017,0.0,491373.0,-1.051544,-0.419183,MMR,JPN,560290
11906906,145,114,7511,2017,0.0,252083.0,-0.933737,-1.1195620000000002,MNG,JPN,560290
11906907,153,114,7511,2017,0.0,259508.0,1.0110139999999999,0.6840729999999999,MYS,JPN,560290
11906908,162,114,7511,2017,0.0,5314.0,1.146959,1.470869,NLD,JPN,560290
11906909,164,114,7511,2017,257071.0,0.0,-0.319681,0.5788220000000001,NPL,JPN,560290
11906910,166,114,7511,2017,0.0,2049.0,0.25651199999999996,0.132996,NZL,JPN,560290
11906911,168,114,7511,2017,0.0,307702.0,-0.698561,0.43523500000000004,PAK,JPN,560290
11906912,174,114,7511,2017,16147.0,35368.0,0.657759,0.170061,PHL,JPN,560290
11906913,177,114,7511,2017,0.0,48988.0,1.197417,1.092716,POL,JPN,560290
11906914,185,114,7511,2017,0.0,3797.0,1.05479,0.9842219999999999,ROU,JPN,560290
11906915,186,114,7511,2017,0.0,1902.0,0.32885,0.288392,RUS,JPN,560290
11906916,190,114,7511,2017,0.0,842687.0,-1.567691,-1.257164,SDN,JPN,560290
11906917,192,114,7511,2017,11871.0,86314.0,1.884166,0.37903600000000004,SGP,JPN,560290
11906918,206,114,7511,2017,0.0,1567.0,1.279606,0.85503,SVK,JPN,560290
11906919,216,114,7511,2017,550138.0,463249.0,0.983977,1.3926020000000001,THA,JPN,560290
11906920,224,114,7511,2017,5433.0,15244.0,0.541611,2.405872,TUR,JPN,560290
11906921,231,114,7511,2017,239419.0,101969.0,1.601478,0.277271,USA,JPN,560290
11906922,239,114,7511,2017,2770.0,562864.0,-0.009819,0.686429,VNM,JPN,560290
11906923,246,114,7511,2017,0.0,5320.0,0.2066,1.378591,ZAF,JPN,560290
11906924,249,114,7511,2017,24704.0,53796.0,2.0548290000000002,1.2552969999999999,TWN,JPN,560290
11906925,14,121,7511,2017,1849636.0,0.0,-0.42427200000000004,-0.152921,AUS,KOR,560290
11906926,15,121,7511,2017,1305.0,0.0,1.728623,-0.031045999999999997,AUT,KOR,560290
11906927,28,121,7511,2017,0.0,4592.0,0.8115829999999999,0.8323459999999999,BLR,KOR,560290
11906928,32,121,7511,2017,0.0,36584.0,0.145224,0.483461,BRA,KOR,560290
11906929,39,121,7511,2017,0.0,184996.0,0.73897,1.206402,CAN,KOR,560290
11906930,41,121,7511,2017,3828.0,987.0,2.2557810000000003,0.845459,CHE,KOR,560290
11906931,43,121,7511,2017,2124262.0,660201.0,1.1127790000000002,1.56869,CHN,KOR,560290
11906932,59,121,7511,2017,0.0,64137.0,1.7715130000000001,0.359668,CZE,KOR,560290
11906933,61,121,7511,2017,49884.0,182178.0,2.1149459999999998,-2.525372,DEU,KOR,560290
11906934,65,121,7511,2017,0.0,120286.0,-0.168016,0.30840100000000004,DOM,KOR,560290
11906935,68,121,7511,2017,0.0,7570.0,-0.073436,1.829121,EGY,KOR,560290
11906936,71,121,7511,2017,5097.0,0.0,0.734342,2.8180099999999997,ESP,KOR,560290
11906937,81,121,7511,2017,9670.0,8923.0,1.6883119999999998,0.8347469999999999,GBR,KOR,560290
11906938,93,121,7511,2017,0.0,1081.0,-0.418538,0.557454,GTM,KOR,560290
11906939,97,121,7511,2017,0.0,2383.0,0.824982,1.7162220000000001,HKG,KOR,560290
11906940,103,121,7511,2017,0.0,265747.0,-0.23641700000000002,1.188173,IDN,KOR,560290
11906941,104,121,7511,2017,26737.0,26852.0,0.290576,2.726391,IND,KOR,560290
11906942,111,121,7511,2017,891099.0,13951.0,1.34395,0.577693,ITA,KOR,560290
11906943,114,121,7511,2017,488718.0,242481.0,2.4510419999999997,-0.277357,JPN,KOR,560290
11906944,118,121,7511,2017,0.0,1882.0,-0.656325,-0.622167,KHM,KOR,560290
11906945,130,121,7511,2017,0.0,3406.0,0.855858,1.447717,LTU,KOR,560290
11906946,138,121,7511,2017,0.0,81488.0,1.08871,0.5745279999999999,MEX,KOR,560290
11906947,143,121,7511,2017,0.0,724688.0,-1.051544,-0.419183,MMR,KOR,560290
11906948,145,121,7511,2017,1779.0,73031.0,-0.933737,-1.1195620000000002,MNG,KOR,560290
11906949,151,121,7511,2017,0.0,16991.0,-0.156616,0.073153,MUS,KOR,560290
11906950,153,121,7511,2017,0.0,7842.0,1.0110139999999999,0.6840729999999999,MYS,KOR,560290
11906951,162,121,7511,2017,744927.0,0.0,1.146959,1.470869,NLD,KOR,560290
11906952,164,121,7511,2017,33154.0,0.0,-0.319681,0.5788220000000001,NPL,KOR,560290
11906953,168,121,7511,2017,0.0,56985.0,-0.698561,0.43523500000000004,PAK,KOR,560290
11906954,174,121,7511,2017,0.0,146410.0,0.657759,0.170061,PHL,KOR,560290
11906955,177,121,7511,2017,1085.0,8383.0,1.197417,1.092716,POL,KOR,560290
11906956,179,121,7511,2017,3837.0,1729.0,0.527046,2.264624,PRT,KOR,560290
11906957,185,121,7511,2017,0.0,197595.0,1.05479,0.9842219999999999,ROU,KOR,560290
11906958,186,121,7511,2017,5998.0,0.0,0.32885,0.288392,RUS,KOR,560290
11906959,188,121,7511,2017,0.0,11524.0,0.597716,-0.345049,SAU,KOR,560290
11906960,192,121,7511,2017,64457.0,13514.0,1.884166,0.37903600000000004,SGP,KOR,560290
11906961,197,121,7511,2017,0.0,2203.0,0.113639,0.23175199999999999,SLV,KOR,560290
11906962,206,121,7511,2017,0.0,45367.0,1.279606,0.85503,SVK,KOR,560290
11906963,207,121,7511,2017,0.0,36192.0,1.600319,0.854305,SVN,KOR,560290
11906964,208,121,7511,2017,1114.0,0.0,1.764732,0.732646,SWE,KOR,560290
11906965,216,121,7511,2017,0.0,48505.0,0.983977,1.3926020000000001,THA,KOR,560290
11906966,224,121,7511,2017,0.0,4901.0,0.541611,2.405872,TUR,KOR,560290
11906967,228,121,7511,2017,0.0,1095.0,0.461109,0.7826569999999999,UKR,KOR,560290
11906968,231,121,7511,2017,2479247.0,179401.0,1.601478,0.277271,USA,KOR,560290
11906969,232,121,7511,2017,0.0,29687.0,-0.407169,-0.264942,UZB,KOR,560290
11906970,239,121,7511,2017,0.0,132853.0,-0.009819,0.686429,VNM,KOR,560290
11906971,249,121,7511,2017,0.0,24742.0,2.0548290000000002,1.2552969999999999,TWN,KOR,560290
11906972,7,122,7511,2017,1485.0,0.0,0.210477,0.02557,ARE,KWT,560290
11906973,41,122,7511,2017,1562.0,0.0,2.2557810000000003,0.845459,CHE,KWT,560290
11906974,43,122,7511,2017,205974.0,0.0,1.1127790000000002,1.56869,CHN,KWT,560290
11906975,111,122,7511,2017,1433.0,0.0,1.34395,0.577693,ITA,KWT,560290
11906976,164,122,7511,2017,2399.0,0.0,-0.319681,0.5788220000000001,NPL,KWT,560290
11906977,177,122,7511,2017,851.0,0.0,1.197417,1.092716,POL,KWT,560290
11906978,188,122,7511,2017,308937.0,0.0,0.597716,-0.345049,SAU,KWT,560290
11906979,207,122,7511,2017,934.0,0.0,1.600319,0.854305,SVN,KWT,560290
11906980,224,122,7511,2017,2732.0,0.0,0.541611,2.405872,TUR,KWT,560290
11906981,231,122,7511,2017,3770.0,0.0,1.601478,0.277271,USA,KWT,560290
11906982,65,127,7511,2017,3224.0,0.0,-0.168016,0.30840100000000004,DOM,LCA,560290
11906983,231,127,7511,2017,7274.0,0.0,1.601478,0.277271,USA,LCA,560290
11906984,15,138,7511,2017,10359.0,0.0,1.728623,-0.031045999999999997,AUT,MEX,560290
11906985,29,138,7511,2017,0.0,2453.0,-0.284062,-0.711108,BLZ,MEX,560290
11906986,32,138,7511,2017,1283.0,24097.0,0.145224,0.483461,BRA,MEX,560290
11906987,39,138,7511,2017,185174.0,9876.0,0.73897,1.206402,CAN,MEX,560290
11906988,43,138,7511,2017,323264.0,5224.0,1.1127790000000002,1.56869,CHN,MEX,560290
11906989,49,138,7511,2017,0.0,25667.0,0.208096,-0.17644300000000002,COL,MEX,560290
11906990,52,138,7511,2017,0.0,8487.0,0.288642,-0.056219000000000005,CRI,MEX,560290
11906991,61,138,7511,2017,138289.0,11625.0,2.1149459999999998,-2.525372,DEU,MEX,560290
11906992,67,138,7511,2017,0.0,58586.0,-0.9995850000000001,-1.086367,ECU,MEX,560290
11906993,71,138,7511,2017,51992.0,0.0,0.734342,2.8180099999999997,ESP,MEX,560290
11906994,77,138,7511,2017,10973.0,3784.0,1.398427,0.894732,FRA,MEX,560290
11906995,81,138,7511,2017,5023.0,0.0,1.6883119999999998,0.8347469999999999,GBR,MEX,560290
11906996,111,138,7511,2017,312261.0,0.0,1.34395,0.577693,ITA,MEX,560290
11906997,114,138,7511,2017,116436.0,986.0,2.4510419999999997,-0.277357,JPN,MEX,560290
11906998,121,138,7511,2017,81488.0,0.0,2.011263,0.783215,KOR,MEX,560290
11906999,160,138,7511,2017,0.0,905.0,-1.0502280000000002,-0.8817719999999999,NIC,MEX,560290
11907000,162,138,7511,2017,5018.0,0.0,1.146959,1.470869,NLD,MEX,560290
11907001,164,138,7511,2017,3258.0,0.0,-0.319681,0.5788220000000001,NPL,MEX,560290
11907002,169,138,7511,2017,0.0,124795.0,0.5520109999999999,0.788181,PAN,MEX,560290
11907003,197,138,7511,2017,0.0,1047.0,0.113639,0.23175199999999999,SLV,MEX,560290
11907004,216,138,7511,2017,3429.0,7188.0,0.983977,1.3926020000000001,THA,MEX,560290
11907005,231,138,7511,2017,17449860.0,495570.0,1.601478,0.277271,USA,MEX,560290
11907006,249,138,7511,2017,31614.0,0.0,2.0548290000000002,1.2552969999999999,TWN,MEX,560290
11907007,7,143,7511,2017,2227.0,0.0,0.210477,0.02557,ARE,MMR,560290
11907008,8,143,7511,2017,98480.0,0.0,-0.120753,0.233375,ARG,MMR,560290
11907009,22,143,7511,2017,3752.0,0.0,-1.016251,-0.987654,BGD,MMR,560290
11907010,43,143,7511,2017,552450.0,53286.0,1.1127790000000002,1.56869,CHN,MMR,560290
11907011,77,143,7511,2017,6958.0,0.0,1.398427,0.894732,FRA,MMR,560290
11907012,97,143,7511,2017,177601.0,0.0,0.824982,1.7162220000000001,HKG,MMR,560290
11907013,103,143,7511,2017,39458.0,44605.0,-0.23641700000000002,1.188173,IDN,MMR,560290
11907014,111,143,7511,2017,25790.0,0.0,1.34395,0.577693,ITA,MMR,560290
11907015,114,143,7511,2017,491373.0,0.0,2.4510419999999997,-0.277357,JPN,MMR,560290
11907016,121,143,7511,2017,724688.0,0.0,2.011263,0.783215,KOR,MMR,560290
11907017,153,143,7511,2017,38737.0,0.0,1.0110139999999999,0.6840729999999999,MYS,MMR,560290
11907018,168,143,7511,2017,112636.0,0.0,-0.698561,0.43523500000000004,PAK,MMR,560290
11907019,173,143,7511,2017,6675.0,0.0,-0.667658,-0.318344,PER,MMR,560290
11907020,192,143,7511,2017,18338.0,0.0,1.884166,0.37903600000000004,SGP,MMR,560290
11907021,216,143,7511,2017,73579.0,0.0,0.983977,1.3926020000000001,THA,MMR,560290
11907022,236,143,7511,2017,3938.0,0.0,-0.8874559999999999,-1.178752,VEN,MMR,560290
11907023,239,143,7511,2017,86744.0,0.0,-0.009819,0.686429,VNM,MMR,560290
11907024,249,143,7511,2017,112625.0,6718.0,2.0548290000000002,1.2552969999999999,TWN,MMR,560290
11907025,14,153,7511,2017,2640.0,0.0,-0.42427200000000004,-0.152921,AUS,MYS,560290
11907026,32,153,7511,2017,0.0,167497.0,0.145224,0.483461,BRA,MYS,560290
11907027,34,153,7511,2017,0.0,1950.0,0.270525,-0.747949,BRN,MYS,560290
11907028,41,153,7511,2017,3077.0,0.0,2.2557810000000003,0.845459,CHE,MYS,560290
11907029,43,153,7511,2017,1965519.0,36889.0,1.1127790000000002,1.56869,CHN,MYS,560290
11907030,61,153,7511,2017,29634.0,1509.0,2.1149459999999998,-2.525372,DEU,MYS,560290
11907031,77,153,7511,2017,19060.0,0.0,1.398427,0.894732,FRA,MYS,560290
11907032,81,153,7511,2017,1420.0,0.0,1.6883119999999998,0.8347469999999999,GBR,MYS,560290
11907033,97,153,7511,2017,104717.0,0.0,0.824982,1.7162220000000001,HKG,MYS,560290
11907034,103,153,7511,2017,95722.0,5262.0,-0.23641700000000002,1.188173,IDN,MYS,560290
11907035,104,153,7511,2017,1264.0,2017.0,0.290576,2.726391,IND,MYS,560290
11907036,114,153,7511,2017,259508.0,0.0,2.4510419999999997,-0.277357,JPN,MYS,560290
11907037,121,153,7511,2017,7842.0,0.0,2.011263,0.783215,KOR,MYS,560290
11907038,143,153,7511,2017,0.0,38737.0,-1.051544,-0.419183,MMR,MYS,560290
11907039,162,153,7511,2017,4544.0,0.0,1.146959,1.470869,NLD,MYS,560290
11907040,174,153,7511,2017,0.0,262332.0,0.657759,0.170061,PHL,MYS,560290
11907041,179,153,7511,2017,0.0,960.0,0.527046,2.264624,PRT,MYS,560290
11907042,192,153,7511,2017,23330.0,183335.0,1.884166,0.37903600000000004,SGP,MYS,560290
11907043,197,153,7511,2017,0.0,941.0,0.113639,0.23175199999999999,SLV,MYS,560290
11907044,216,153,7511,2017,1191712.0,1039764.0,0.983977,1.3926020000000001,THA,MYS,560290
11907045,231,153,7511,2017,8463.0,2142.0,1.601478,0.277271,USA,MYS,560290
11907046,239,153,7511,2017,0.0,3833.0,-0.009819,0.686429,VNM,MYS,560290
11907047,249,153,7511,2017,234236.0,57583.0,2.0548290000000002,1.2552969999999999,TWN,MYS,560290
11907048,43,160,7511,2017,54237.0,0.0,1.1127790000000002,1.56869,CHN,NIC,560290
11907049,93,160,7511,2017,15749.0,0.0,-0.418538,0.557454,GTM,NIC,560290
11907050,138,160,7511,2017,905.0,0.0,1.08871,0.5745279999999999,MEX,NIC,560290
11907051,169,160,7511,2017,4573.0,0.0,0.5520109999999999,0.788181,PAN,NIC,560290
11907052,197,160,7511,2017,2019.0,0.0,0.113639,0.23175199999999999,SLV,NIC,560290
11907053,0,162,7511,2017,0.0,1091.0,0.845843,0.165178,ABW,NLD,560290
11907054,8,162,7511,2017,0.0,11967.0,-0.120753,0.233375,ARG,NLD,560290
11907055,14,162,7511,2017,0.0,2982.0,-0.42427200000000004,-0.152921,AUS,NLD,560290
11907056,15,162,7511,2017,10267.0,13584.0,1.728623,-0.031045999999999997,AUT,NLD,560290
11907057,18,162,7511,2017,394368.0,272946.0,1.292657,1.19571,BEL,NLD,560290
11907058,32,162,7511,2017,0.0,919.0,0.145224,0.483461,BRA,NLD,560290
11907059,39,162,7511,2017,0.0,2551.0,0.73897,1.206402,CAN,NLD,560290
11907060,41,162,7511,2017,10623.0,14865.0,2.2557810000000003,0.845459,CHE,NLD,560290
11907061,42,162,7511,2017,4076.0,0.0,-0.378693,-0.492983,CHL,NLD,560290
11907062,43,162,7511,2017,746387.0,28959.0,1.1127790000000002,1.56869,CHN,NLD,560290
11907063,59,162,7511,2017,15895.0,7313.0,1.7715130000000001,0.359668,CZE,NLD,560290
11907064,61,162,7511,2017,230175.0,529471.0,2.1149459999999998,-2.525372,DEU,NLD,560290
11907065,64,162,7511,2017,13677.0,6817.0,1.159753,1.233914,DNK,NLD,560290
11907066,65,162,7511,2017,0.0,3154.0,-0.168016,0.30840100000000004,DOM,NLD,560290
11907067,66,162,7511,2017,0.0,6057.0,-0.9905579999999999,-1.1996200000000001,DZA,NLD,560290
11907068,68,162,7511,2017,0.0,4835.0,-0.073436,1.829121,EGY,NLD,560290
11907069,71,162,7511,2017,55475.0,48466.0,0.734342,2.8180099999999997,ESP,NLD,560290
11907070,72,162,7511,2017,0.0,1185.0,1.010985,1.289633,EST,NLD,560290
11907071,74,162,7511,2017,0.0,5113.0,1.655957,0.962485,FIN,NLD,560290
11907072,77,162,7511,2017,9444.0,182733.0,1.398427,0.894732,FRA,NLD,560290
11907073,81,162,7511,2017,8469.0,281129.0,1.6883119999999998,0.8347469999999999,GBR,NLD,560290
11907074,90,162,7511,2017,0.0,2415.0,0.154098,1.151038,GRC,NLD,560290
11907075,97,162,7511,2017,11971.0,0.0,0.824982,1.7162220000000001,HKG,NLD,560290
11907076,100,162,7511,2017,0.0,3152.0,0.860825,1.365445,HRV,NLD,560290
11907077,102,162,7511,2017,0.0,4817.0,1.4886270000000001,0.845986,HUN,NLD,560290
11907078,103,162,7511,2017,0.0,2708.0,-0.23641700000000002,1.188173,IDN,NLD,560290
11907079,104,162,7511,2017,119365.0,5975.0,0.290576,2.726391,IND,NLD,560290
11907080,106,162,7511,2017,0.0,2847.0,1.363544,0.169211,IRL,NLD,560290
11907081,109,162,7511,2017,0.0,5662.0,0.386094,-0.277269,ISL,NLD,560290
11907082,111,162,7511,2017,288896.0,18368.0,1.34395,0.577693,ITA,NLD,560290
11907083,114,162,7511,2017,5314.0,0.0,2.4510419999999997,-0.277357,JPN,NLD,560290
11907084,121,162,7511,2017,0.0,744927.0,2.011263,0.783215,KOR,NLD,560290
11907085,128,162,7511,2017,19517.0,6641.0,-0.46442799999999995,0.472132,LKA,NLD,560290
11907086,130,162,7511,2017,0.0,2268.0,0.855858,1.447717,LTU,NLD,560290
11907087,131,162,7511,2017,0.0,8264.0,1.24064,1.298263,LUX,NLD,560290
11907088,134,162,7511,2017,91798.0,11013.0,-0.757236,-0.065347,MAR,NLD,560290
11907089,138,162,7511,2017,0.0,5018.0,1.08871,0.5745279999999999,MEX,NLD,560290
11907090,151,162,7511,2017,0.0,1803.0,-0.156616,0.073153,MUS,NLD,560290
11907091,153,162,7511,2017,0.0,4544.0,1.0110139999999999,0.6840729999999999,MYS,NLD,560290
11907092,163,162,7511,2017,27321.0,4107.0,0.73658,0.11450199999999999,NOR,NLD,560290
11907093,164,162,7511,2017,221065.0,0.0,-0.319681,0.5788220000000001,NPL,NLD,560290
11907094,177,162,7511,2017,22448.0,23490.0,1.197417,1.092716,POL,NLD,560290
11907095,179,162,7511,2017,0.0,19029.0,0.527046,2.264624,PRT,NLD,560290
11907096,185,162,7511,2017,0.0,2579.0,1.05479,0.9842219999999999,ROU,NLD,560290
11907097,192,162,7511,2017,6770.0,0.0,1.884166,0.37903600000000004,SGP,NLD,560290
11907098,201,162,7511,2017,0.0,13467.0,0.541644,1.19872,SRB,NLD,560290
11907099,205,162,7511,2017,0.0,10117.0,-0.596432,-1.0249700000000002,SUR,NLD,560290
11907100,206,162,7511,2017,0.0,46569.0,1.279606,0.85503,SVK,NLD,560290
11907101,207,162,7511,2017,0.0,7312.0,1.600319,0.854305,SVN,NLD,560290
11907102,208,162,7511,2017,2496.0,2184.0,1.764732,0.732646,SWE,NLD,560290
11907103,211,162,7511,2017,0.0,1245.0,0.41946000000000006,-0.523274,SYC,NLD,560290
11907104,224,162,7511,2017,1204.0,0.0,0.541611,2.405872,TUR,NLD,560290
11907105,228,162,7511,2017,0.0,3596.0,0.461109,0.7826569999999999,UKR,NLD,560290
11907106,231,162,7511,2017,467854.0,22734.0,1.601478,0.277271,USA,NLD,560290
11907107,246,162,7511,2017,0.0,3728.0,0.2066,1.378591,ZAF,NLD,560290
11907108,249,162,7511,2017,28552.0,0.0,2.0548290000000002,1.2552969999999999,TWN,NLD,560290
11907109,18,163,7511,2017,7262.0,0.0,1.292657,1.19571,BEL,NOR,560290
11907110,39,163,7511,2017,0.0,2880.0,0.73897,1.206402,CAN,NOR,560290
11907111,41,163,7511,2017,147103.0,0.0,2.2557810000000003,0.845459,CHE,NOR,560290
11907112,43,163,7511,2017,15841.0,0.0,1.1127790000000002,1.56869,CHN,NOR,560290
11907113,61,163,7511,2017,18536.0,0.0,2.1149459999999998,-2.525372,DEU,NOR,560290
11907114,64,163,7511,2017,80289.0,0.0,1.159753,1.233914,DNK,NOR,560290
11907115,71,163,7511,2017,3329.0,0.0,0.734342,2.8180099999999997,ESP,NOR,560290
11907116,72,163,7511,2017,17210.0,0.0,1.010985,1.289633,EST,NOR,560290
11907117,74,163,7511,2017,8413.0,0.0,1.655957,0.962485,FIN,NOR,560290
11907118,77,163,7511,2017,5209.0,0.0,1.398427,0.894732,FRA,NOR,560290
11907119,81,163,7511,2017,70295.0,1352.0,1.6883119999999998,0.8347469999999999,GBR,NOR,560290
11907120,97,163,7511,2017,5796.0,0.0,0.824982,1.7162220000000001,HKG,NOR,560290
11907121,102,163,7511,2017,3428.0,0.0,1.4886270000000001,0.845986,HUN,NOR,560290
11907122,106,163,7511,2017,3566.0,0.0,1.363544,0.169211,IRL,NOR,560290
11907123,109,163,7511,2017,0.0,2002.0,0.386094,-0.277269,ISL,NOR,560290
11907124,111,163,7511,2017,3697.0,0.0,1.34395,0.577693,ITA,NOR,560290
11907125,130,163,7511,2017,5576.0,2724.0,0.855858,1.447717,LTU,NOR,560290
11907126,145,163,7511,2017,1198.0,0.0,-0.933737,-1.1195620000000002,MNG,NOR,560290
11907127,162,163,7511,2017,4107.0,27321.0,1.146959,1.470869,NLD,NOR,560290
11907128,164,163,7511,2017,77552.0,0.0,-0.319681,0.5788220000000001,NPL,NOR,560290
11907129,177,163,7511,2017,16300.0,0.0,1.197417,1.092716,POL,NOR,560290
11907130,208,163,7511,2017,184219.0,27123.0,1.764732,0.732646,SWE,NOR,560290
11907131,216,163,7511,2017,22637.0,0.0,0.983977,1.3926020000000001,THA,NOR,560290
11907132,231,163,7511,2017,27197.0,0.0,1.601478,0.277271,USA,NOR,560290
11907133,249,163,7511,2017,2560.0,0.0,2.0548290000000002,1.2552969999999999,TWN,NOR,560290
11907134,14,166,7511,2017,60571.0,115259.0,-0.42427200000000004,-0.152921,AUS,NZL,560290
11907135,15,166,7511,2017,3292.0,0.0,1.728623,-0.031045999999999997,AUT,NZL,560290
11907136,39,166,7511,2017,2010.0,11848.0,0.73897,1.206402,CAN,NZL,560290
11907137,41,166,7511,2017,2438.0,0.0,2.2557810000000003,0.845459,CHE,NZL,560290
11907138,43,166,7511,2017,375945.0,0.0,1.1127790000000002,1.56869,CHN,NZL,560290
11907139,61,166,7511,2017,2383.0,0.0,2.1149459999999998,-2.525372,DEU,NZL,560290
11907140,75,166,7511,2017,0.0,5536.0,-0.278276,-0.033997,FJI,NZL,560290
11907141,81,166,7511,2017,7558.0,0.0,1.6883119999999998,0.8347469999999999,GBR,NZL,560290
11907142,104,166,7511,2017,4146.0,0.0,0.290576,2.726391,IND,NZL,560290
11907143,114,166,7511,2017,2049.0,0.0,2.4510419999999997,-0.277357,JPN,NZL,560290
11907144,164,166,7511,2017,17557.0,0.0,-0.319681,0.5788220000000001,NPL,NZL,560290
11907145,192,166,7511,2017,4203.0,0.0,1.884166,0.37903600000000004,SGP,NZL,560290
11907146,231,166,7511,2017,9676.0,0.0,1.601478,0.277271,USA,NZL,560290
11907147,249,166,7511,2017,3814.0,0.0,2.0548290000000002,1.2552969999999999,TWN,NZL,560290
11907148,7,168,7511,2017,3746.0,0.0,0.210477,0.02557,ARE,PAK,560290
11907149,14,168,7511,2017,21082.0,0.0,-0.42427200000000004,-0.152921,AUS,PAK,560290
11907150,43,168,7511,2017,521209.0,0.0,1.1127790000000002,1.56869,CHN,PAK,560290
11907151,61,168,7511,2017,7560.0,0.0,2.1149459999999998,-2.525372,DEU,PAK,560290
11907152,81,168,7511,2017,1171.0,0.0,1.6883119999999998,0.8347469999999999,GBR,PAK,560290
11907153,97,168,7511,2017,5900.0,0.0,0.824982,1.7162220000000001,HKG,PAK,560290
11907154,114,168,7511,2017,307702.0,0.0,2.4510419999999997,-0.277357,JPN,PAK,560290
11907155,121,168,7511,2017,56985.0,0.0,2.011263,0.783215,KOR,PAK,560290
11907156,143,168,7511,2017,0.0,112636.0,-1.051544,-0.419183,MMR,PAK,560290
11907157,188,168,7511,2017,39847.0,0.0,0.597716,-0.345049,SAU,PAK,560290
11907158,216,168,7511,2017,49225.0,0.0,0.983977,1.3926020000000001,THA,PAK,560290
11907159,224,168,7511,2017,160640.0,0.0,0.541611,2.405872,TUR,PAK,560290
11907160,231,168,7511,2017,4650.0,292196.0,1.601478,0.277271,USA,PAK,560290
11907161,249,168,7511,2017,23701.0,0.0,2.0548290000000002,1.2552969999999999,TWN,PAK,560290
11907162,32,169,7511,2017,2658.0,0.0,0.145224,0.483461,BRA,PAN,560290
11907163,42,169,7511,2017,0.0,1554.0,-0.378693,-0.492983,CHL,PAN,560290
11907164,43,169,7511,2017,61299.0,0.0,1.1127790000000002,1.56869,CHN,PAN,560290
11907165,49,169,7511,2017,5228.0,0.0,0.208096,-0.17644300000000002,COL,PAN,560290
11907166,52,169,7511,2017,0.0,2043.0,0.288642,-0.056219000000000005,CRI,PAN,560290
11907167,65,169,7511,2017,0.0,3220.0,-0.168016,0.30840100000000004,DOM,PAN,560290
11907168,71,169,7511,2017,13910.0,0.0,0.734342,2.8180099999999997,ESP,PAN,560290
11907169,93,169,7511,2017,154175.0,7681.0,-0.418538,0.557454,GTM,PAN,560290
11907170,99,169,7511,2017,0.0,6762.0,-0.6335689999999999,-0.334201,HND,PAN,560290
11907171,138,169,7511,2017,124795.0,0.0,1.08871,0.5745279999999999,MEX,PAN,560290
11907172,160,169,7511,2017,0.0,4573.0,-1.0502280000000002,-0.8817719999999999,NIC,PAN,560290
11907173,173,169,7511,2017,489521.0,0.0,-0.667658,-0.318344,PER,PAN,560290
11907174,197,169,7511,2017,0.0,828.0,0.113639,0.23175199999999999,SLV,PAN,560290
11907175,230,169,7511,2017,0.0,1688.0,0.16963,-0.403006,URY,PAN,560290
11907176,231,169,7511,2017,7490.0,0.0,1.601478,0.277271,USA,PAN,560290
11907177,250,169,7511,2017,4731.0,2700.0,0.72523,-0.205046,ANS,PAN,560290
11907178,32,173,7511,2017,4249.0,0.0,0.145224,0.483461,BRA,PER,560290
11907179,42,173,7511,2017,11606.0,0.0,-0.378693,-0.492983,CHL,PER,560290
11907180,43,173,7511,2017,29174.0,0.0,1.1127790000000002,1.56869,CHN,PER,560290
11907181,61,173,7511,2017,1234.0,0.0,2.1149459999999998,-2.525372,DEU,PER,560290
11907182,71,173,7511,2017,1212.0,0.0,0.734342,2.8180099999999997,ESP,PER,560290
11907183,99,173,7511,2017,0.0,54665.0,-0.6335689999999999,-0.334201,HND,PER,560290
11907184,111,173,7511,2017,6019.0,0.0,1.34395,0.577693,ITA,PER,560290
11907185,143,173,7511,2017,0.0,6675.0,-1.051544,-0.419183,MMR,PER,560290
11907186,169,173,7511,2017,0.0,489521.0,0.5520109999999999,0.788181,PAN,PER,560290
11907187,180,173,7511,2017,0.0,2825.0,-0.437741,-0.9248879999999999,PRY,PER,560290
11907188,224,173,7511,2017,2433.0,0.0,0.541611,2.405872,TUR,PER,560290
11907189,230,173,7511,2017,0.0,2156.0,0.16963,-0.403006,URY,PER,560290
11907190,231,173,7511,2017,18693.0,0.0,1.601478,0.277271,USA,PER,560290
11907191,14,174,7511,2017,166730.0,3330.0,-0.42427200000000004,-0.152921,AUS,PHL,560290
11907192,43,174,7511,2017,587867.0,0.0,1.1127790000000002,1.56869,CHN,PHL,560290
11907193,61,174,7511,2017,1748.0,0.0,2.1149459999999998,-2.525372,DEU,PHL,560290
11907194,81,174,7511,2017,10448.0,0.0,1.6883119999999998,0.8347469999999999,GBR,PHL,560290
11907195,97,174,7511,2017,25145.0,0.0,0.824982,1.7162220000000001,HKG,PHL,560290
11907196,111,174,7511,2017,3809.0,0.0,1.34395,0.577693,ITA,PHL,560290
11907197,114,174,7511,2017,35368.0,16147.0,2.4510419999999997,-0.277357,JPN,PHL,560290
11907198,121,174,7511,2017,146410.0,0.0,2.011263,0.783215,KOR,PHL,560290
11907199,153,174,7511,2017,262332.0,0.0,1.0110139999999999,0.6840729999999999,MYS,PHL,560290
11907200,192,174,7511,2017,280536.0,0.0,1.884166,0.37903600000000004,SGP,PHL,560290
11907201,216,174,7511,2017,308279.0,0.0,0.983977,1.3926020000000001,THA,PHL,560290
11907202,231,174,7511,2017,190434.0,0.0,1.601478,0.277271,USA,PHL,560290
11907203,239,174,7511,2017,84336.0,0.0,-0.009819,0.686429,VNM,PHL,560290
11907204,249,174,7511,2017,7141.0,0.0,2.0548290000000002,1.2552969999999999,TWN,PHL,560290
11907205,15,177,7511,2017,8088.0,0.0,1.728623,-0.031045999999999997,AUT,POL,560290
11907206,18,177,7511,2017,4170.0,5860.0,1.292657,1.19571,BEL,POL,560290
11907207,23,177,7511,2017,0.0,2432.0,0.557843,1.7221119999999999,BGR,POL,560290
11907208,26,177,7511,2017,0.0,1756.0,0.43245,0.726721,BIH,POL,560290
11907209,28,177,7511,2017,3861.0,21604.0,0.8115829999999999,0.8323459999999999,BLR,POL,560290
11907210,41,177,7511,2017,55645.0,7094.0,2.2557810000000003,0.845459,CHE,POL,560290
11907211,43,177,7511,2017,323290.0,98123.0,1.1127790000000002,1.56869,CHN,POL,560290
11907212,59,177,7511,2017,242491.0,26806.0,1.7715130000000001,0.359668,CZE,POL,560290
11907213,61,177,7511,2017,1730262.0,511429.0,2.1149459999999998,-2.525372,DEU,POL,560290
11907214,64,177,7511,2017,25211.0,34209.0,1.159753,1.233914,DNK,POL,560290
11907215,71,177,7511,2017,10536.0,0.0,0.734342,2.8180099999999997,ESP,POL,560290
11907216,72,177,7511,2017,0.0,1166.0,1.010985,1.289633,EST,POL,560290
11907217,74,177,7511,2017,4511.0,135203.0,1.655957,0.962485,FIN,POL,560290
11907218,77,177,7511,2017,12294.0,1614.0,1.398427,0.894732,FRA,POL,560290
11907219,81,177,7511,2017,50521.0,52109.0,1.6883119999999998,0.8347469999999999,GBR,POL,560290
11907220,82,177,7511,2017,0.0,1152.0,-0.241749,-0.374727,GEO,POL,560290
11907221,90,177,7511,2017,0.0,2699.0,0.154098,1.151038,GRC,POL,560290
11907222,100,177,7511,2017,0.0,4778.0,0.860825,1.365445,HRV,POL,560290
11907223,102,177,7511,2017,0.0,9986.0,1.4886270000000001,0.845986,HUN,POL,560290
11907224,104,177,7511,2017,5774.0,0.0,0.290576,2.726391,IND,POL,560290
11907225,111,177,7511,2017,1549405.0,6666.0,1.34395,0.577693,ITA,POL,560290
11907226,114,177,7511,2017,48988.0,0.0,2.4510419999999997,-0.277357,JPN,POL,560290
11907227,121,177,7511,2017,8383.0,1085.0,2.011263,0.783215,KOR,POL,560290
11907228,122,177,7511,2017,0.0,851.0,-0.229821,-1.128482,KWT,POL,560290
11907229,130,177,7511,2017,0.0,22283.0,0.855858,1.447717,LTU,POL,560290
11907230,131,177,7511,2017,3734.0,0.0,1.24064,1.298263,LUX,POL,560290
11907231,132,177,7511,2017,0.0,7317.0,0.684555,1.3208030000000002,LVA,POL,560290
11907232,135,177,7511,2017,0.0,1259.0,-0.24909,-0.181213,MDA,POL,560290
11907233,162,177,7511,2017,23490.0,22448.0,1.146959,1.470869,NLD,POL,560290
11907234,163,177,7511,2017,0.0,16300.0,0.73658,0.11450199999999999,NOR,POL,560290
11907235,164,177,7511,2017,4666.0,0.0,-0.319681,0.5788220000000001,NPL,POL,560290
11907236,179,177,7511,2017,0.0,79118.0,0.527046,2.264624,PRT,POL,560290
11907237,185,177,7511,2017,9239.0,119875.0,1.05479,0.9842219999999999,ROU,POL,560290
11907238,186,177,7511,2017,0.0,93486.0,0.32885,0.288392,RUS,POL,560290
11907239,201,177,7511,2017,0.0,3666.0,0.541644,1.19872,SRB,POL,560290
11907240,206,177,7511,2017,0.0,135120.0,1.279606,0.85503,SVK,POL,560290
11907241,207,177,7511,2017,1313630.0,1863.0,1.600319,0.854305,SVN,POL,560290
11907242,208,177,7511,2017,3871.0,146099.0,1.764732,0.732646,SWE,POL,560290
11907243,224,177,7511,2017,1249104.0,0.0,0.541611,2.405872,TUR,POL,560290
11907244,228,177,7511,2017,0.0,194554.0,0.461109,0.7826569999999999,UKR,POL,560290
11907245,231,177,7511,2017,12070.0,7214.0,1.601478,0.277271,USA,POL,560290
11907246,249,177,7511,2017,42015.0,0.0,2.0548290000000002,1.2552969999999999,TWN,POL,560290
11907247,250,177,7511,2017,11079.0,0.0,0.72523,-0.205046,ANS,POL,560290
11907248,2,179,7511,2017,0.0,49727.0,-1.408777,-1.215475,AGO,PRT,560290
11907249,7,179,7511,2017,0.0,9358.0,0.210477,0.02557,ARE,PRT,560290
11907250,18,179,7511,2017,25552.0,2762.0,1.292657,1.19571,BEL,PRT,560290
11907251,32,179,7511,2017,12268.0,0.0,0.145224,0.483461,BRA,PRT,560290
11907252,41,179,7511,2017,3948.0,0.0,2.2557810000000003,0.845459,CHE,PRT,560290
11907253,43,179,7511,2017,17452.0,0.0,1.1127790000000002,1.56869,CHN,PRT,560290
11907254,51,179,7511,2017,0.0,47884.0,-0.11722300000000001,-0.677707,CPV,PRT,560290
11907255,59,179,7511,2017,10873.0,50064.0,1.7715130000000001,0.359668,CZE,PRT,560290
11907256,61,179,7511,2017,67164.0,0.0,2.1149459999999998,-2.525372,DEU,PRT,560290
11907257,68,179,7511,2017,0.0,79343.0,-0.073436,1.829121,EGY,PRT,560290
11907258,71,179,7511,2017,478695.0,547222.0,0.734342,2.8180099999999997,ESP,PRT,560290
11907259,77,179,7511,2017,8947.0,477092.0,1.398427,0.894732,FRA,PRT,560290
11907260,81,179,7511,2017,2189.0,11852.0,1.6883119999999998,0.8347469999999999,GBR,PRT,560290
11907261,104,179,7511,2017,0.0,8798.0,0.290576,2.726391,IND,PRT,560290
11907262,111,179,7511,2017,621940.0,50737.0,1.34395,0.577693,ITA,PRT,560290
11907263,121,179,7511,2017,1729.0,3837.0,2.011263,0.783215,KOR,PRT,560290
11907264,134,179,7511,2017,0.0,42468.0,-0.757236,-0.065347,MAR,PRT,560290
11907265,147,179,7511,2017,0.0,8086.0,-1.3882290000000002,-1.114475,MOZ,PRT,560290
11907266,153,179,7511,2017,960.0,0.0,1.0110139999999999,0.6840729999999999,MYS,PRT,560290
11907267,162,179,7511,2017,19029.0,0.0,1.146959,1.470869,NLD,PRT,560290
11907268,177,179,7511,2017,79118.0,0.0,1.197417,1.092716,POL,PRT,560290
11907269,185,179,7511,2017,0.0,11401.0,1.05479,0.9842219999999999,ROU,PRT,560290
11907270,192,179,7511,2017,662.0,0.0,1.884166,0.37903600000000004,SGP,PRT,560290
11907271,203,179,7511,2017,0.0,2329.0,0.531107,-0.43282200000000004,STP,PRT,560290
11907272,216,179,7511,2017,14933.0,0.0,0.983977,1.3926020000000001,THA,PRT,560290
11907273,224,179,7511,2017,108792.0,0.0,0.541611,2.405872,TUR,PRT,560290
11907274,231,179,7511,2017,3747.0,0.0,1.601478,0.277271,USA,PRT,560290
11907275,8,180,7511,2017,6335.0,0.0,-0.120753,0.233375,ARG,PRY,560290
11907276,32,180,7511,2017,4180.0,0.0,0.145224,0.483461,BRA,PRY,560290
11907277,42,180,7511,2017,7457.0,0.0,-0.378693,-0.492983,CHL,PRY,560290
11907278,43,180,7511,2017,18650.0,0.0,1.1127790000000002,1.56869,CHN,PRY,560290
11907279,173,180,7511,2017,2825.0,0.0,-0.667658,-0.318344,PER,PRY,560290
11907280,224,180,7511,2017,4339.0,0.0,0.541611,2.405872,TUR,PRY,560290
11907281,43,181,7511,2017,3796.0,0.0,1.1127790000000002,1.56869,CHN,PSE,560290
11907282,81,181,7511,2017,923.0,0.0,1.6883119999999998,0.8347469999999999,GBR,PSE,560290
11907283,15,186,7511,2017,21198.0,0.0,1.728623,-0.031045999999999997,AUT,RUS,560290
11907284,18,186,7511,2017,949.0,0.0,1.292657,1.19571,BEL,RUS,560290
11907285,28,186,7511,2017,21319.0,120105.0,0.8115829999999999,0.8323459999999999,BLR,RUS,560290
11907286,32,186,7511,2017,3416.0,0.0,0.145224,0.483461,BRA,RUS,560290
11907287,41,186,7511,2017,16784.0,0.0,2.2557810000000003,0.845459,CHE,RUS,560290
11907288,43,186,7511,2017,3375221.0,0.0,1.1127790000000002,1.56869,CHN,RUS,560290
11907289,59,186,7511,2017,11986.0,0.0,1.7715130000000001,0.359668,CZE,RUS,560290
11907290,61,186,7511,2017,194778.0,0.0,2.1149459999999998,-2.525372,DEU,RUS,560290
11907291,64,186,7511,2017,4086.0,0.0,1.159753,1.233914,DNK,RUS,560290
11907292,66,186,7511,2017,0.0,16043.0,-0.9905579999999999,-1.1996200000000001,DZA,RUS,560290
11907293,71,186,7511,2017,56018.0,0.0,0.734342,2.8180099999999997,ESP,RUS,560290
11907294,72,186,7511,2017,2204.0,0.0,1.010985,1.289633,EST,RUS,560290
11907295,74,186,7511,2017,4655.0,0.0,1.655957,0.962485,FIN,RUS,560290
11907296,77,186,7511,2017,1990.0,0.0,1.398427,0.894732,FRA,RUS,560290
11907297,81,186,7511,2017,0.0,2253.0,1.6883119999999998,0.8347469999999999,GBR,RUS,560290
11907298,82,186,7511,2017,0.0,1197.0,-0.241749,-0.374727,GEO,RUS,560290
11907299,104,186,7511,2017,2686.0,0.0,0.290576,2.726391,IND,RUS,560290
11907300,111,186,7511,2017,88491.0,0.0,1.34395,0.577693,ITA,RUS,560290
11907301,114,186,7511,2017,1902.0,0.0,2.4510419999999997,-0.277357,JPN,RUS,560290
11907302,115,186,7511,2017,0.0,11812.0,-0.394316,-0.5485979999999999,KAZ,RUS,560290
11907303,117,186,7511,2017,0.0,4744.0,-0.11530599999999999,0.264752,KGZ,RUS,560290
11907304,121,186,7511,2017,0.0,5998.0,2.011263,0.783215,KOR,RUS,560290
11907305,130,186,7511,2017,36316.0,2808.0,0.855858,1.447717,LTU,RUS,560290
11907306,141,186,7511,2017,0.0,2197.0,-0.5927899999999999,-0.707245,MLI,RUS,560290
11907307,177,186,7511,2017,93486.0,0.0,1.197417,1.092716,POL,RUS,560290
11907308,185,186,7511,2017,1001.0,1402.0,1.05479,0.9842219999999999,ROU,RUS,560290
11907309,206,186,7511,2017,34207.0,0.0,1.279606,0.85503,SVK,RUS,560290
11907310,208,186,7511,2017,2375.0,0.0,1.764732,0.732646,SWE,RUS,560290
11907311,224,186,7511,2017,542330.0,0.0,0.541611,2.405872,TUR,RUS,560290
11907312,228,186,7511,2017,0.0,11468.0,0.461109,0.7826569999999999,UKR,RUS,560290
11907313,231,186,7511,2017,23728.0,0.0,1.601478,0.277271,USA,RUS,560290
11907314,250,186,7511,2017,3179.0,0.0,0.72523,-0.205046,ANS,RUS,560290
11907315,7,188,7511,2017,1630.0,9369.0,0.210477,0.02557,ARE,SAU,560290
11907316,14,188,7511,2017,0.0,80432.0,-0.42427200000000004,-0.152921,AUS,SAU,560290
11907317,18,188,7511,2017,6737.0,0.0,1.292657,1.19571,BEL,SAU,560290
11907318,24,188,7511,2017,1112.0,2484.0,0.485479,-0.5348890000000001,BHR,SAU,560290
11907319,39,188,7511,2017,0.0,420261.0,0.73897,1.206402,CAN,SAU,560290
11907320,41,188,7511,2017,10493.0,0.0,2.2557810000000003,0.845459,CHE,SAU,560290
11907321,43,188,7511,2017,356628.0,0.0,1.1127790000000002,1.56869,CHN,SAU,560290
11907322,61,188,7511,2017,3822.0,0.0,2.1149459999999998,-2.525372,DEU,SAU,560290
11907323,68,188,7511,2017,0.0,492719.0,-0.073436,1.829121,EGY,SAU,560290
11907324,71,188,7511,2017,5979.0,0.0,0.734342,2.8180099999999997,ESP,SAU,560290
11907325,77,188,7511,2017,12441.0,0.0,1.398427,0.894732,FRA,SAU,560290
11907326,81,188,7511,2017,8207.0,0.0,1.6883119999999998,0.8347469999999999,GBR,SAU,560290
11907327,104,188,7511,2017,1475.0,0.0,0.290576,2.726391,IND,SAU,560290
11907328,111,188,7511,2017,16913.0,0.0,1.34395,0.577693,ITA,SAU,560290
11907329,121,188,7511,2017,11524.0,0.0,2.011263,0.783215,KOR,SAU,560290
11907330,122,188,7511,2017,0.0,308937.0,-0.229821,-1.128482,KWT,SAU,560290
11907331,159,188,7511,2017,0.0,625681.0,-1.8260919999999998,-1.276591,NGA,SAU,560290
11907332,164,188,7511,2017,1212.0,0.0,-0.319681,0.5788220000000001,NPL,SAU,560290
11907333,167,188,7511,2017,0.0,63774.0,-0.347684,-0.884569,OMN,SAU,560290
11907334,168,188,7511,2017,0.0,39847.0,-0.698561,0.43523500000000004,PAK,SAU,560290
11907335,224,188,7511,2017,1064527.0,0.0,0.541611,2.405872,TUR,SAU,560290
11907336,231,188,7511,2017,20923.0,13233232.0,1.601478,0.277271,USA,SAU,560290
11907337,243,188,7511,2017,0.0,52548.0,-1.397594,-1.2342110000000002,YEM,SAU,560290
11907338,249,188,7511,2017,32258.0,0.0,2.0548290000000002,1.2552969999999999,TWN,SAU,560290
11907339,7,190,7511,2017,875526.0,0.0,0.210477,0.02557,ARE,SDN,560290
11907340,43,190,7511,2017,4904.0,0.0,1.1127790000000002,1.56869,CHN,SDN,560290
11907341,68,190,7511,2017,5621.0,0.0,-0.073436,1.829121,EGY,SDN,560290
11907342,81,190,7511,2017,96572.0,0.0,1.6883119999999998,0.8347469999999999,GBR,SDN,560290
11907343,114,190,7511,2017,842687.0,0.0,2.4510419999999997,-0.277357,JPN,SDN,560290
11907344,224,190,7511,2017,8703.0,0.0,0.541611,2.405872,TUR,SDN,560290
11907345,14,192,7511,2017,2991916.0,14502.0,-0.42427200000000004,-0.152921,AUS,SGP,560290
11907346,22,192,7511,2017,0.0,41141.0,-1.016251,-0.987654,BGD,SGP,560290
11907347,32,192,7511,2017,0.0,16826.0,0.145224,0.483461,BRA,SGP,560290
11907348,34,192,7511,2017,0.0,3227.0,0.270525,-0.747949,BRN,SGP,560290
11907349,41,192,7511,2017,3917.0,0.0,2.2557810000000003,0.845459,CHE,SGP,560290
11907350,43,192,7511,2017,300881.0,4528.0,1.1127790000000002,1.56869,CHN,SGP,560290
11907351,61,192,7511,2017,37754.0,0.0,2.1149459999999998,-2.525372,DEU,SGP,560290
11907352,71,192,7511,2017,0.0,1792.0,0.734342,2.8180099999999997,ESP,SGP,560290
11907353,73,192,7511,2017,0.0,4139.0,-1.007413,-0.638231,ETH,SGP,560290
11907354,77,192,7511,2017,5080.0,4511.0,1.398427,0.894732,FRA,SGP,560290
11907355,81,192,7511,2017,6158.0,0.0,1.6883119999999998,0.8347469999999999,GBR,SGP,560290
11907356,97,192,7511,2017,0.0,32833.0,0.824982,1.7162220000000001,HKG,SGP,560290
11907357,103,192,7511,2017,6677.0,200347.0,-0.23641700000000002,1.188173,IDN,SGP,560290
11907358,104,192,7511,2017,6477.0,27731.0,0.290576,2.726391,IND,SGP,560290
11907359,113,192,7511,2017,0.0,40261.0,0.020035,0.295415,JOR,SGP,560290
11907360,114,192,7511,2017,86314.0,11871.0,2.4510419999999997,-0.277357,JPN,SGP,560290
11907361,118,192,7511,2017,0.0,2835.0,-0.656325,-0.622167,KHM,SGP,560290
11907362,121,192,7511,2017,13514.0,64457.0,2.011263,0.783215,KOR,SGP,560290
11907363,128,192,7511,2017,0.0,4979.0,-0.46442799999999995,0.472132,LKA,SGP,560290
11907364,143,192,7511,2017,0.0,18338.0,-1.051544,-0.419183,MMR,SGP,560290
11907365,153,192,7511,2017,183335.0,23330.0,1.0110139999999999,0.6840729999999999,MYS,SGP,560290
11907366,162,192,7511,2017,0.0,6770.0,1.146959,1.470869,NLD,SGP,560290
11907367,164,192,7511,2017,9383.0,0.0,-0.319681,0.5788220000000001,NPL,SGP,560290
11907368,166,192,7511,2017,0.0,4203.0,0.25651199999999996,0.132996,NZL,SGP,560290
11907369,174,192,7511,2017,0.0,280536.0,0.657759,0.170061,PHL,SGP,560290
11907370,179,192,7511,2017,0.0,662.0,0.527046,2.264624,PRT,SGP,560290
11907371,216,192,7511,2017,4482.0,103650.0,0.983977,1.3926020000000001,THA,SGP,560290
11907372,224,192,7511,2017,13138.0,0.0,0.541611,2.405872,TUR,SGP,560290
11907373,231,192,7511,2017,133547.0,0.0,1.601478,0.277271,USA,SGP,560290
11907374,239,192,7511,2017,0.0,13453.0,-0.009819,0.686429,VNM,SGP,560290
11907375,249,192,7511,2017,654.0,49250.0,2.0548290000000002,1.2552969999999999,TWN,SGP,560290
11907376,43,197,7511,2017,1439.0,0.0,1.1127790000000002,1.56869,CHN,SLV,560290
11907377,93,197,7511,2017,37023.0,3622.0,-0.418538,0.557454,GTM,SLV,560290
11907378,99,197,7511,2017,816206.0,0.0,-0.6335689999999999,-0.334201,HND,SLV,560290
11907379,121,197,7511,2017,2203.0,0.0,2.011263,0.783215,KOR,SLV,560290
11907380,138,197,7511,2017,1047.0,0.0,1.08871,0.5745279999999999,MEX,SLV,560290
11907381,153,197,7511,2017,941.0,0.0,1.0110139999999999,0.6840729999999999,MYS,SLV,560290
11907382,160,197,7511,2017,0.0,2019.0,-1.0502280000000002,-0.8817719999999999,NIC,SLV,560290
11907383,169,197,7511,2017,828.0,0.0,0.5520109999999999,0.788181,PAN,SLV,560290
11907384,231,197,7511,2017,89769.0,0.0,1.601478,0.277271,USA,SLV,560290
11907385,32,205,7511,2017,1135.0,0.0,0.145224,0.483461,BRA,SUR,560290
11907386,162,205,7511,2017,10117.0,0.0,1.146959,1.470869,NLD,SUR,560290
11907387,224,205,7511,2017,927.0,0.0,0.541611,2.405872,TUR,SUR,560290
11907388,15,208,7511,2017,1307.0,1002.0,1.728623,-0.031045999999999997,AUT,SWE,560290
11907389,18,208,7511,2017,12917.0,0.0,1.292657,1.19571,BEL,SWE,560290
11907390,39,208,7511,2017,0.0,2667.0,0.73897,1.206402,CAN,SWE,560290
11907391,41,208,7511,2017,17391.0,2941.0,2.2557810000000003,0.845459,CHE,SWE,560290
11907392,43,208,7511,2017,294625.0,42071.0,1.1127790000000002,1.56869,CHN,SWE,560290
11907393,59,208,7511,2017,1137.0,3933.0,1.7715130000000001,0.359668,CZE,SWE,560290
11907394,61,208,7511,2017,107386.0,6806.0,2.1149459999999998,-2.525372,DEU,SWE,560290
11907395,64,208,7511,2017,142255.0,55077.0,1.159753,1.233914,DNK,SWE,560290
11907396,71,208,7511,2017,1184.0,2813.0,0.734342,2.8180099999999997,ESP,SWE,560290
11907397,72,208,7511,2017,0.0,25146.0,1.010985,1.289633,EST,SWE,560290
11907398,74,208,7511,2017,5204.0,140202.0,1.655957,0.962485,FIN,SWE,560290
11907399,77,208,7511,2017,18788.0,8808.0,1.398427,0.894732,FRA,SWE,560290
11907400,81,208,7511,2017,50929.0,10717.0,1.6883119999999998,0.8347469999999999,GBR,SWE,560290
11907401,97,208,7511,2017,1215.0,0.0,0.824982,1.7162220000000001,HKG,SWE,560290
11907402,106,208,7511,2017,0.0,1744.0,1.363544,0.169211,IRL,SWE,560290
11907403,109,208,7511,2017,0.0,5044.0,0.386094,-0.277269,ISL,SWE,560290
11907404,111,208,7511,2017,141762.0,1479.0,1.34395,0.577693,ITA,SWE,560290
11907405,121,208,7511,2017,0.0,1114.0,2.011263,0.783215,KOR,SWE,560290
11907406,132,208,7511,2017,0.0,2097.0,0.684555,1.3208030000000002,LVA,SWE,560290
11907407,162,208,7511,2017,2184.0,2496.0,1.146959,1.470869,NLD,SWE,560290
11907408,163,208,7511,2017,27123.0,184219.0,0.73658,0.11450199999999999,NOR,SWE,560290
11907409,164,208,7511,2017,44034.0,0.0,-0.319681,0.5788220000000001,NPL,SWE,560290
11907410,177,208,7511,2017,146099.0,3871.0,1.197417,1.092716,POL,SWE,560290
11907411,185,208,7511,2017,0.0,32245.0,1.05479,0.9842219999999999,ROU,SWE,560290
11907412,186,208,7511,2017,0.0,2375.0,0.32885,0.288392,RUS,SWE,560290
11907413,206,208,7511,2017,0.0,4201.0,1.279606,0.85503,SVK,SWE,560290
11907414,207,208,7511,2017,7981.0,0.0,1.600319,0.854305,SVN,SWE,560290
11907415,216,208,7511,2017,80493.0,0.0,0.983977,1.3926020000000001,THA,SWE,560290
11907416,224,208,7511,2017,4839.0,0.0,0.541611,2.405872,TUR,SWE,560290
11907417,231,208,7511,2017,8917.0,1145.0,1.601478,0.277271,USA,SWE,560290
11907418,249,208,7511,2017,54611.0,0.0,2.0548290000000002,1.2552969999999999,TWN,SWE,560290
11907419,8,216,7511,2017,0.0,71289.0,-0.120753,0.233375,ARG,THA,560290
11907420,14,216,7511,2017,3706.0,188615.0,-0.42427200000000004,-0.152921,AUS,THA,560290
11907421,15,216,7511,2017,1659.0,0.0,1.728623,-0.031045999999999997,AUT,THA,560290
11907422,18,216,7511,2017,1124.0,0.0,1.292657,1.19571,BEL,THA,560290
11907423,32,216,7511,2017,1759.0,33929.0,0.145224,0.483461,BRA,THA,560290
11907424,41,216,7511,2017,56962.0,0.0,2.2557810000000003,0.845459,CHE,THA,560290
11907425,43,216,7511,2017,2151454.0,152240.0,1.1127790000000002,1.56869,CHN,THA,560290
11907426,49,216,7511,2017,0.0,5323.0,0.208096,-0.17644300000000002,COL,THA,560290
11907427,59,216,7511,2017,2818.0,4126.0,1.7715130000000001,0.359668,CZE,THA,560290
11907428,61,216,7511,2017,29549.0,0.0,2.1149459999999998,-2.525372,DEU,THA,560290
11907429,64,216,7511,2017,1286.0,0.0,1.159753,1.233914,DNK,THA,560290
11907430,68,216,7511,2017,0.0,171694.0,-0.073436,1.829121,EGY,THA,560290
11907431,71,216,7511,2017,3714.0,13434.0,0.734342,2.8180099999999997,ESP,THA,560290
11907432,72,216,7511,2017,0.0,1675.0,1.010985,1.289633,EST,THA,560290
11907433,77,216,7511,2017,0.0,4927.0,1.398427,0.894732,FRA,THA,560290
11907434,81,216,7511,2017,4234864.0,0.0,1.6883119999999998,0.8347469999999999,GBR,THA,560290
11907435,97,216,7511,2017,13248.0,0.0,0.824982,1.7162220000000001,HKG,THA,560290
11907436,103,216,7511,2017,17675.0,32960.0,-0.23641700000000002,1.188173,IDN,THA,560290
11907437,104,216,7511,2017,1909.0,374781.0,0.290576,2.726391,IND,THA,560290
11907438,111,216,7511,2017,55475.0,0.0,1.34395,0.577693,ITA,THA,560290
11907439,114,216,7511,2017,463249.0,550138.0,2.4510419999999997,-0.277357,JPN,THA,560290
11907440,118,216,7511,2017,0.0,4182.0,-0.656325,-0.622167,KHM,THA,560290
11907441,121,216,7511,2017,48505.0,0.0,2.011263,0.783215,KOR,THA,560290
11907442,123,216,7511,2017,0.0,2712.0,-0.9742190000000001,-0.727593,LAO,THA,560290
11907443,128,216,7511,2017,0.0,3953.0,-0.46442799999999995,0.472132,LKA,THA,560290
11907444,138,216,7511,2017,7188.0,3429.0,1.08871,0.5745279999999999,MEX,THA,560290
11907445,143,216,7511,2017,0.0,73579.0,-1.051544,-0.419183,MMR,THA,560290
11907446,153,216,7511,2017,1039764.0,1191712.0,1.0110139999999999,0.6840729999999999,MYS,THA,560290
11907447,163,216,7511,2017,0.0,22637.0,0.73658,0.11450199999999999,NOR,THA,560290
11907448,164,216,7511,2017,2987.0,0.0,-0.319681,0.5788220000000001,NPL,THA,560290
11907449,168,216,7511,2017,0.0,49225.0,-0.698561,0.43523500000000004,PAK,THA,560290
11907450,174,216,7511,2017,0.0,308279.0,0.657759,0.170061,PHL,THA,560290
11907451,179,216,7511,2017,0.0,14933.0,0.527046,2.264624,PRT,THA,560290
11907452,192,216,7511,2017,103650.0,4482.0,1.884166,0.37903600000000004,SGP,THA,560290
11907453,208,216,7511,2017,0.0,80493.0,1.764732,0.732646,SWE,THA,560290
11907454,224,216,7511,2017,1878.0,0.0,0.541611,2.405872,TUR,THA,560290
11907455,231,216,7511,2017,85015.0,97545.0,1.601478,0.277271,USA,THA,560290
11907456,239,216,7511,2017,0.0,567280.0,-0.009819,0.686429,VNM,THA,560290
11907457,246,216,7511,2017,1555.0,17482.0,0.2066,1.378591,ZAF,THA,560290
11907458,249,216,7511,2017,749076.0,338933.0,2.0548290000000002,1.2552969999999999,TWN,THA,560290
11907459,39,222,7511,2017,5935.0,0.0,0.73897,1.206402,CAN,TTO,560290
11907460,43,222,7511,2017,18945.0,0.0,1.1127790000000002,1.56869,CHN,TTO,560290
11907461,96,222,7511,2017,0.0,20641.0,-0.703271,-0.898648,GUY,TTO,560290
11907462,231,222,7511,2017,42578.0,0.0,1.601478,0.277271,USA,TTO,560290
11907463,4,224,7511,2017,0.0,25927.0,-0.44769899999999996,-0.17193,ALB,TUR,560290
11907464,7,224,7511,2017,0.0,445317.0,0.210477,0.02557,ARE,TUR,560290
11907465,9,224,7511,2017,0.0,317.0,-0.23846799999999999,-0.658774,ARM,TUR,560290
11907466,14,224,7511,2017,0.0,4512.0,-0.42427200000000004,-0.152921,AUS,TUR,560290
11907467,15,224,7511,2017,0.0,4186.0,1.728623,-0.031045999999999997,AUT,TUR,560290
11907468,16,224,7511,2017,0.0,148518.0,-1.022455,-1.199225,AZE,TUR,560290
11907469,18,224,7511,2017,4401.0,107857.0,1.292657,1.19571,BEL,TUR,560290
11907470,21,224,7511,2017,0.0,2472.0,-1.100802,-1.0632110000000001,BFA,TUR,560290
11907471,22,224,7511,2017,0.0,1472.0,-1.016251,-0.987654,BGD,TUR,560290
11907472,23,224,7511,2017,0.0,141254.0,0.557843,1.7221119999999999,BGR,TUR,560290
11907473,24,224,7511,2017,0.0,1490.0,0.485479,-0.5348890000000001,BHR,TUR,560290
11907474,26,224,7511,2017,0.0,109948.0,0.43245,0.726721,BIH,TUR,560290
11907475,28,224,7511,2017,0.0,3531.0,0.8115829999999999,0.8323459999999999,BLR,TUR,560290
11907476,32,224,7511,2017,0.0,9894.0,0.145224,0.483461,BRA,TUR,560290
11907477,39,224,7511,2017,0.0,46700.0,0.73897,1.206402,CAN,TUR,560290
11907478,41,224,7511,2017,1255.0,0.0,2.2557810000000003,0.845459,CHE,TUR,560290
11907479,42,224,7511,2017,0.0,38853.0,-0.378693,-0.492983,CHL,TUR,560290
11907480,43,224,7511,2017,812733.0,1045.0,1.1127790000000002,1.56869,CHN,TUR,560290
11907481,44,224,7511,2017,0.0,2056.0,-0.784119,-0.904135,CIV,TUR,560290
11907482,45,224,7511,2017,0.0,10566.0,-1.048569,-1.030799,CMR,TUR,560290
11907483,49,224,7511,2017,0.0,21809.0,0.208096,-0.17644300000000002,COL,TUR,560290
11907484,58,224,7511,2017,0.0,86296.0,0.576982,0.279989,CYP,TUR,560290
11907485,59,224,7511,2017,0.0,753436.0,1.7715130000000001,0.359668,CZE,TUR,560290
11907486,61,224,7511,2017,54666.0,926978.0,2.1149459999999998,-2.525372,DEU,TUR,560290
11907487,64,224,7511,2017,0.0,2515.0,1.159753,1.233914,DNK,TUR,560290
11907488,65,224,7511,2017,0.0,50961.0,-0.168016,0.30840100000000004,DOM,TUR,560290
11907489,66,224,7511,2017,0.0,36196.0,-0.9905579999999999,-1.1996200000000001,DZA,TUR,560290
11907490,67,224,7511,2017,0.0,2027.0,-0.9995850000000001,-1.086367,ECU,TUR,560290
11907491,68,224,7511,2017,0.0,672933.0,-0.073436,1.829121,EGY,TUR,560290
11907492,71,224,7511,2017,3291.0,10601.0,0.734342,2.8180099999999997,ESP,TUR,560290
11907493,73,224,7511,2017,0.0,4624.0,-1.007413,-0.638231,ETH,TUR,560290
11907494,74,224,7511,2017,0.0,7583.0,1.655957,0.962485,FIN,TUR,560290
11907495,77,224,7511,2017,19543.0,31136.0,1.398427,0.894732,FRA,TUR,560290
11907496,81,224,7511,2017,3968.0,1792553.0,1.6883119999999998,0.8347469999999999,GBR,TUR,560290
11907497,82,224,7511,2017,0.0,387618.0,-0.241749,-0.374727,GEO,TUR,560290
11907498,83,224,7511,2017,0.0,13011.0,-0.929143,-0.811439,GHA,TUR,560290
11907499,90,224,7511,2017,0.0,63323.0,0.154098,1.151038,GRC,TUR,560290
11907500,93,224,7511,2017,0.0,49783.0,-0.418538,0.557454,GTM,TUR,560290
11907501,99,224,7511,2017,0.0,9026.0,-0.6335689999999999,-0.334201,HND,TUR,560290
11907502,100,224,7511,2017,0.0,1679.0,0.860825,1.365445,HRV,TUR,560290
11907503,102,224,7511,2017,0.0,3872.0,1.4886270000000001,0.845986,HUN,TUR,560290
11907504,104,224,7511,2017,18076.0,565950.0,0.290576,2.726391,IND,TUR,560290
11907505,106,224,7511,2017,0.0,156599.0,1.363544,0.169211,IRL,TUR,560290
11907506,107,224,7511,2017,0.0,58426.0,-0.361292,-0.361813,IRN,TUR,560290
11907507,108,224,7511,2017,0.0,280645.0,-1.515339,-0.9462950000000001,IRQ,TUR,560290
11907508,109,224,7511,2017,0.0,19367.0,0.386094,-0.277269,ISL,TUR,560290
11907509,110,224,7511,2017,0.0,52045.0,1.436156,0.776574,ISR,TUR,560290
11907510,111,224,7511,2017,4099268.0,4849.0,1.34395,0.577693,ITA,TUR,560290
11907511,113,224,7511,2017,0.0,24297.0,0.020035,0.295415,JOR,TUR,560290
11907512,114,224,7511,2017,15244.0,5433.0,2.4510419999999997,-0.277357,JPN,TUR,560290
11907513,115,224,7511,2017,0.0,6405.0,-0.394316,-0.5485979999999999,KAZ,TUR,560290
11907514,117,224,7511,2017,0.0,26538.0,-0.11530599999999999,0.264752,KGZ,TUR,560290
11907515,121,224,7511,2017,4901.0,0.0,2.011263,0.783215,KOR,TUR,560290
11907516,122,224,7511,2017,0.0,2732.0,-0.229821,-1.128482,KWT,TUR,560290
11907517,124,224,7511,2017,0.0,154883.0,0.266847,1.117621,LBN,TUR,560290
11907518,125,224,7511,2017,0.0,4258.0,-0.355064,-0.977613,LBR,TUR,560290
11907519,126,224,7511,2017,0.0,17721.0,-1.156635,-1.212561,LBY,TUR,560290
11907520,128,224,7511,2017,0.0,18176.0,-0.46442799999999995,0.472132,LKA,TUR,560290
11907521,130,224,7511,2017,0.0,40871.0,0.855858,1.447717,LTU,TUR,560290
11907522,131,224,7511,2017,0.0,334869.0,1.24064,1.298263,LUX,TUR,560290
11907523,132,224,7511,2017,0.0,2031.0,0.684555,1.3208030000000002,LVA,TUR,560290
11907524,134,224,7511,2017,0.0,183854.0,-0.757236,-0.065347,MAR,TUR,560290
11907525,135,224,7511,2017,0.0,109139.0,-0.24909,-0.181213,MDA,TUR,560290
11907526,140,224,7511,2017,0.0,136032.0,-0.0292,-0.377156,MKD,TUR,560290
11907527,141,224,7511,2017,0.0,8648.0,-0.5927899999999999,-0.707245,MLI,TUR,560290
11907528,144,224,7511,2017,0.0,10349.0,0.201739,-0.23111399999999999,MNE,TUR,560290
11907529,151,224,7511,2017,0.0,43032.0,-0.156616,0.073153,MUS,TUR,560290
11907530,157,224,7511,2017,0.0,939.0,-1.250156,-0.995524,NER,TUR,560290
11907531,162,224,7511,2017,0.0,1204.0,1.146959,1.470869,NLD,TUR,560290
11907532,164,224,7511,2017,15248.0,0.0,-0.319681,0.5788220000000001,NPL,TUR,560290
11907533,167,224,7511,2017,0.0,3137.0,-0.347684,-0.884569,OMN,TUR,560290
11907534,168,224,7511,2017,0.0,160640.0,-0.698561,0.43523500000000004,PAK,TUR,560290
11907535,173,224,7511,2017,0.0,2433.0,-0.667658,-0.318344,PER,TUR,560290
11907536,177,224,7511,2017,0.0,1249104.0,1.197417,1.092716,POL,TUR,560290
11907537,179,224,7511,2017,0.0,108792.0,0.527046,2.264624,PRT,TUR,560290
11907538,180,224,7511,2017,0.0,4339.0,-0.437741,-0.9248879999999999,PRY,TUR,560290
11907539,183,224,7511,2017,0.0,57511.0,-0.361327,-1.066869,QAT,TUR,560290
11907540,185,224,7511,2017,0.0,4774157.0,1.05479,0.9842219999999999,ROU,TUR,560290
11907541,186,224,7511,2017,0.0,542330.0,0.32885,0.288392,RUS,TUR,560290
11907542,188,224,7511,2017,0.0,1064527.0,0.597716,-0.345049,SAU,TUR,560290
11907543,190,224,7511,2017,0.0,8703.0,-1.567691,-1.257164,SDN,TUR,560290
11907544,191,224,7511,2017,0.0,3240.0,-0.6722899999999999,-0.26522199999999996,SEN,TUR,560290
11907545,192,224,7511,2017,0.0,13138.0,1.884166,0.37903600000000004,SGP,TUR,560290
11907546,196,224,7511,2017,0.0,2213.0,-0.37777,-0.6353270000000001,SLE,TUR,560290
11907547,199,224,7511,2017,0.0,1988.0,-1.2313479999999999,-1.063879,SOM,TUR,560290
11907548,201,224,7511,2017,0.0,206632.0,0.541644,1.19872,SRB,TUR,560290
11907549,205,224,7511,2017,0.0,927.0,-0.596432,-1.0249700000000002,SUR,TUR,560290
11907550,206,224,7511,2017,0.0,1367.0,1.279606,0.85503,SVK,TUR,560290
11907551,207,224,7511,2017,0.0,326783.0,1.600319,0.854305,SVN,TUR,560290
11907552,208,224,7511,2017,0.0,4839.0,1.764732,0.732646,SWE,TUR,560290
11907553,212,224,7511,2017,0.0,11378.0,-0.660905,0.345462,SYR,TUR,560290
11907554,216,224,7511,2017,0.0,1878.0,0.983977,1.3926020000000001,THA,TUR,560290
11907555,219,224,7511,2017,0.0,172915.0,-1.564885,-1.274637,TKM,TUR,560290
11907556,223,224,7511,2017,0.0,62026.0,0.224119,0.961772,TUN,TUR,560290
11907557,227,224,7511,2017,0.0,3845.0,-0.6831020000000001,-0.046838,UGA,TUR,560290
11907558,228,224,7511,2017,3180.0,135347.0,0.461109,0.7826569999999999,UKR,TUR,560290
11907559,231,224,7511,2017,9036.0,1988.0,1.601478,0.277271,USA,TUR,560290
11907560,232,224,7511,2017,0.0,11585.0,-0.407169,-0.264942,UZB,TUR,560290
11907561,239,224,7511,2017,0.0,45427.0,-0.009819,0.686429,VNM,TUR,560290
11907562,243,224,7511,2017,0.0,1310.0,-1.397594,-1.2342110000000002,YEM,TUR,560290
11907563,246,224,7511,2017,0.0,42848.0,0.2066,1.378591,ZAF,TUR,560290
11907564,249,224,7511,2017,51971.0,0.0,2.0548290000000002,1.2552969999999999,TWN,TUR,560290
11907565,15,228,7511,2017,2836.0,0.0,1.728623,-0.031045999999999997,AUT,UKR,560290
11907566,23,228,7511,2017,6628.0,0.0,0.557843,1.7221119999999999,BGR,UKR,560290
11907567,43,228,7511,2017,158943.0,0.0,1.1127790000000002,1.56869,CHN,UKR,560290
11907568,61,228,7511,2017,9301.0,0.0,2.1149459999999998,-2.525372,DEU,UKR,560290
11907569,77,228,7511,2017,11143.0,0.0,1.398427,0.894732,FRA,UKR,560290
11907570,102,228,7511,2017,12545.0,0.0,1.4886270000000001,0.845986,HUN,UKR,560290
11907571,111,228,7511,2017,261931.0,0.0,1.34395,0.577693,ITA,UKR,560290
11907572,121,228,7511,2017,1095.0,0.0,2.011263,0.783215,KOR,UKR,560290
11907573,132,228,7511,2017,1339.0,0.0,0.684555,1.3208030000000002,LVA,UKR,560290
11907574,135,228,7511,2017,0.0,2912.0,-0.24909,-0.181213,MDA,UKR,560290
11907575,162,228,7511,2017,3596.0,0.0,1.146959,1.470869,NLD,UKR,560290
11907576,177,228,7511,2017,194554.0,0.0,1.197417,1.092716,POL,UKR,560290
11907577,185,228,7511,2017,139600.0,0.0,1.05479,0.9842219999999999,ROU,UKR,560290
11907578,186,228,7511,2017,11468.0,0.0,0.32885,0.288392,RUS,UKR,560290
11907579,224,228,7511,2017,135347.0,3180.0,0.541611,2.405872,TUR,UKR,560290
11907580,249,228,7511,2017,944.0,0.0,2.0548290000000002,1.2552969999999999,TWN,UKR,560290
11907581,32,230,7511,2017,540820.0,0.0,0.145224,0.483461,BRA,URY,560290
11907582,43,230,7511,2017,6618.0,0.0,1.1127790000000002,1.56869,CHN,URY,560290
11907583,61,230,7511,2017,983.0,0.0,2.1149459999999998,-2.525372,DEU,URY,560290
11907584,71,230,7511,2017,10780.0,0.0,0.734342,2.8180099999999997,ESP,URY,560290
11907585,111,230,7511,2017,6601.0,0.0,1.34395,0.577693,ITA,URY,560290
11907586,169,230,7511,2017,1688.0,0.0,0.5520109999999999,0.788181,PAN,URY,560290
11907587,173,230,7511,2017,2156.0,0.0,-0.667658,-0.318344,PER,URY,560290
11907588,0,231,7511,2017,0.0,37506.0,0.845843,0.165178,ABW,USA,560290
11907589,7,231,7511,2017,0.0,24245.0,0.210477,0.02557,ARE,USA,560290
11907590,8,231,7511,2017,0.0,4060.0,-0.120753,0.233375,ARG,USA,560290
11907591,13,231,7511,2017,0.0,2384.0,0.42561099999999996,-0.42671099999999995,ATG,USA,560290
11907592,14,231,7511,2017,6629.0,1414030.0,-0.42427200000000004,-0.152921,AUS,USA,560290
11907593,15,231,7511,2017,9137.0,25710.0,1.728623,-0.031045999999999997,AUT,USA,560290
11907594,18,231,7511,2017,21511.0,4045.0,1.292657,1.19571,BEL,USA,560290
11907595,24,231,7511,2017,0.0,2355.0,0.485479,-0.5348890000000001,BHR,USA,560290
11907596,25,231,7511,2017,0.0,25957.0,0.81944,-0.30649499999999996,BHS,USA,560290
11907597,29,231,7511,2017,0.0,6729.0,-0.284062,-0.711108,BLZ,USA,560290
11907598,30,231,7511,2017,0.0,13240.0,1.06318,-0.48345,BMU,USA,560290
11907599,32,231,7511,2017,6559.0,280231.0,0.145224,0.483461,BRA,USA,560290
11907600,33,231,7511,2017,0.0,16283.0,0.589793,-0.004488000000000001,BRB,USA,560290
11907601,39,231,7511,2017,221809.0,8707846.0,0.73897,1.206402,CAN,USA,560290
11907602,41,231,7511,2017,59829.0,7140.0,2.2557810000000003,0.845459,CHE,USA,560290
11907603,42,231,7511,2017,0.0,69747.0,-0.378693,-0.492983,CHL,USA,560290
11907604,43,231,7511,2017,3810583.0,755864.0,1.1127790000000002,1.56869,CHN,USA,560290
11907605,44,231,7511,2017,0.0,2967.0,-0.784119,-0.904135,CIV,USA,560290
11907606,49,231,7511,2017,0.0,66161.0,0.208096,-0.17644300000000002,COL,USA,560290
11907607,52,231,7511,2017,0.0,6137.0,0.288642,-0.056219000000000005,CRI,USA,560290
11907608,55,231,7511,2017,0.0,3504.0,0.161139,-0.591701,CUW,USA,560290
11907609,57,231,7511,2017,0.0,6293.0,1.105397,-0.794764,CYM,USA,560290
11907610,59,231,7511,2017,0.0,10118.0,1.7715130000000001,0.359668,CZE,USA,560290
11907611,61,231,7511,2017,429588.0,206425.0,2.1149459999999998,-2.525372,DEU,USA,560290
11907612,64,231,7511,2017,13753.0,75451.0,1.159753,1.233914,DNK,USA,560290
11907613,65,231,7511,2017,1918.0,12921.0,-0.168016,0.30840100000000004,DOM,USA,560290
11907614,66,231,7511,2017,0.0,2401.0,-0.9905579999999999,-1.1996200000000001,DZA,USA,560290
11907615,68,231,7511,2017,0.0,37051.0,-0.073436,1.829121,EGY,USA,560290
11907616,71,231,7511,2017,59654.0,9694.0,0.734342,2.8180099999999997,ESP,USA,560290
11907617,73,231,7511,2017,0.0,995.0,-1.007413,-0.638231,ETH,USA,560290
11907618,74,231,7511,2017,0.0,8224.0,1.655957,0.962485,FIN,USA,560290
11907619,77,231,7511,2017,72348.0,289885.0,1.398427,0.894732,FRA,USA,560290
11907620,81,231,7511,2017,41165.0,94756.0,1.6883119999999998,0.8347469999999999,GBR,USA,560290
11907621,83,231,7511,2017,0.0,23339.0,-0.929143,-0.811439,GHA,USA,560290
11907622,90,231,7511,2017,0.0,9790.0,0.154098,1.151038,GRC,USA,560290
11907623,91,231,7511,2017,0.0,37680.0,0.384656,-0.317098,GRD,USA,560290
11907624,93,231,7511,2017,0.0,8559.0,-0.418538,0.557454,GTM,USA,560290
11907625,96,231,7511,2017,0.0,46550.0,-0.703271,-0.898648,GUY,USA,560290
11907626,97,231,7511,2017,0.0,161749.0,0.824982,1.7162220000000001,HKG,USA,560290
11907627,99,231,7511,2017,0.0,1327922.0,-0.6335689999999999,-0.334201,HND,USA,560290
11907628,103,231,7511,2017,6820.0,26276.0,-0.23641700000000002,1.188173,IDN,USA,560290
11907629,104,231,7511,2017,25510.0,99411.0,0.290576,2.726391,IND,USA,560290
11907630,106,231,7511,2017,1174.0,10743.0,1.363544,0.169211,IRL,USA,560290
11907631,109,231,7511,2017,0.0,9292.0,0.386094,-0.277269,ISL,USA,560290
11907632,110,231,7511,2017,0.0,2916.0,1.436156,0.776574,ISR,USA,560290
11907633,111,231,7511,2017,890891.0,39914.0,1.34395,0.577693,ITA,USA,560290
11907634,112,231,7511,2017,0.0,121025.0,-0.497654,-0.76481,JAM,USA,560290
11907635,114,231,7511,2017,101969.0,239419.0,2.4510419999999997,-0.277357,JPN,USA,560290
11907636,120,231,7511,2017,0.0,7285.0,0.781625,-0.405177,KNA,USA,560290
11907637,121,231,7511,2017,179401.0,2479247.0,2.011263,0.783215,KOR,USA,560290
11907638,122,231,7511,2017,0.0,3770.0,-0.229821,-1.128482,KWT,USA,560290
11907639,127,231,7511,2017,0.0,7274.0,0.458896,-0.149195,LCA,USA,560290
11907640,128,231,7511,2017,2901.0,0.0,-0.46442799999999995,0.472132,LKA,USA,560290
11907641,131,231,7511,2017,0.0,1089.0,1.24064,1.298263,LUX,USA,560290
11907642,138,231,7511,2017,495570.0,17449860.0,1.08871,0.5745279999999999,MEX,USA,560290
11907643,153,231,7511,2017,2142.0,8463.0,1.0110139999999999,0.6840729999999999,MYS,USA,560290
11907644,162,231,7511,2017,22734.0,467854.0,1.146959,1.470869,NLD,USA,560290
11907645,163,231,7511,2017,0.0,27197.0,0.73658,0.11450199999999999,NOR,USA,560290
11907646,164,231,7511,2017,64493.0,0.0,-0.319681,0.5788220000000001,NPL,USA,560290
11907647,166,231,7511,2017,0.0,9676.0,0.25651199999999996,0.132996,NZL,USA,560290
11907648,168,231,7511,2017,292196.0,4650.0,-0.698561,0.43523500000000004,PAK,USA,560290
11907649,169,231,7511,2017,0.0,7490.0,0.5520109999999999,0.788181,PAN,USA,560290
11907650,173,231,7511,2017,0.0,18693.0,-0.667658,-0.318344,PER,USA,560290
11907651,174,231,7511,2017,0.0,190434.0,0.657759,0.170061,PHL,USA,560290
11907652,177,231,7511,2017,7214.0,12070.0,1.197417,1.092716,POL,USA,560290
11907653,179,231,7511,2017,0.0,3747.0,0.527046,2.264624,PRT,USA,560290
11907654,185,231,7511,2017,0.0,8656.0,1.05479,0.9842219999999999,ROU,USA,560290
11907655,186,231,7511,2017,0.0,23728.0,0.32885,0.288392,RUS,USA,560290
11907656,188,231,7511,2017,13233232.0,20923.0,0.597716,-0.345049,SAU,USA,560290
11907657,192,231,7511,2017,0.0,133547.0,1.884166,0.37903600000000004,SGP,USA,560290
11907658,197,231,7511,2017,0.0,89769.0,0.113639,0.23175199999999999,SLV,USA,560290
11907659,201,231,7511,2017,0.0,3521.0,0.541644,1.19872,SRB,USA,560290
11907660,208,231,7511,2017,1145.0,8917.0,1.764732,0.732646,SWE,USA,560290
11907661,210,231,7511,2017,0.0,5848.0,0.892698,-0.795854,SXM,USA,560290
11907662,213,231,7511,2017,0.0,2777.0,0.897017,0.219298,TCA,USA,560290
11907663,216,231,7511,2017,97545.0,85015.0,0.983977,1.3926020000000001,THA,USA,560290
11907664,222,231,7511,2017,0.0,42578.0,-0.183935,-1.012153,TTO,USA,560290
11907665,224,231,7511,2017,1988.0,9036.0,0.541611,2.405872,TUR,USA,560290
11907666,234,231,7511,2017,0.0,1372.0,-0.040273,-0.549452,VCT,USA,560290
11907667,237,231,7511,2017,0.0,5953.0,0.768,-0.257912,VGB,USA,560290
11907668,239,231,7511,2017,3754.0,49891.0,-0.009819,0.686429,VNM,USA,560290
11907669,246,231,7511,2017,0.0,36670.0,0.2066,1.378591,ZAF,USA,560290
11907670,248,231,7511,2017,0.0,6539.0,-1.101402,-1.0831680000000001,ZWE,USA,560290
11907671,249,231,7511,2017,25358.0,15232.0,2.0548290000000002,1.2552969999999999,TWN,USA,560290
11907672,43,236,7511,2017,11995.0,0.0,1.1127790000000002,1.56869,CHN,VEN,560290
11907673,49,236,7511,2017,27187.0,0.0,0.208096,-0.17644300000000002,COL,VEN,560290
11907674,111,236,7511,2017,11377.0,0.0,1.34395,0.577693,ITA,VEN,560290
11907675,112,236,7511,2017,0.0,12606.0,-0.497654,-0.76481,JAM,VEN,560290
11907676,143,236,7511,2017,0.0,3938.0,-1.051544,-0.419183,MMR,VEN,560290
11907677,14,246,7511,2017,0.0,88913.0,-0.42427200000000004,-0.152921,AUS,ZAF,560290
11907678,16,246,7511,2017,0.0,14263.0,-1.022455,-1.199225,AZE,ZAF,560290
11907679,18,246,7511,2017,5086.0,0.0,1.292657,1.19571,BEL,ZAF,560290
11907680,37,246,7511,2017,0.0,3709.0,-0.593754,-1.166742,BWA,ZAF,560290
11907681,43,246,7511,2017,624410.0,0.0,1.1127790000000002,1.56869,CHN,ZAF,560290
11907682,61,246,7511,2017,260054.0,0.0,2.1149459999999998,-2.525372,DEU,ZAF,560290
11907683,71,246,7511,2017,5936.0,0.0,0.734342,2.8180099999999997,ESP,ZAF,560290
11907684,81,246,7511,2017,3905.0,0.0,1.6883119999999998,0.8347469999999999,GBR,ZAF,560290
11907685,83,246,7511,2017,0.0,1547.0,-0.929143,-0.811439,GHA,ZAF,560290
11907686,103,246,7511,2017,4990.0,0.0,-0.23641700000000002,1.188173,IDN,ZAF,560290
11907687,111,246,7511,2017,457356.0,0.0,1.34395,0.577693,ITA,ZAF,560290
11907688,114,246,7511,2017,5320.0,0.0,2.4510419999999997,-0.277357,JPN,ZAF,560290
11907689,116,246,7511,2017,0.0,1375.0,-0.579541,0.511926,KEN,ZAF,560290
11907690,129,246,7511,2017,0.0,2144.0,-0.955398,-0.824111,LSO,ZAF,560290
11907691,147,246,7511,2017,0.0,29620.0,-1.3882290000000002,-1.114475,MOZ,ZAF,560290
11907692,155,246,7511,2017,0.0,120423.0,-0.5221060000000001,-0.7365079999999999,NAM,ZAF,560290
11907693,162,246,7511,2017,3728.0,0.0,1.146959,1.470869,NLD,ZAF,560290
11907694,216,246,7511,2017,17482.0,1555.0,0.983977,1.3926020000000001,THA,ZAF,560290
11907695,224,246,7511,2017,42848.0,0.0,0.541611,2.405872,TUR,ZAF,560290
11907696,227,246,7511,2017,0.0,2639.0,-0.6831020000000001,-0.046838,UGA,ZAF,560290
11907697,231,246,7511,2017,36670.0,0.0,1.601478,0.277271,USA,ZAF,560290
11907698,247,246,7511,2017,0.0,3967.0,-0.8594290000000001,-1.0574459999999999,ZMB,ZAF,560290
11907699,248,246,7511,2017,0.0,127036.0,-1.101402,-1.0831680000000001,ZWE,ZAF,560290
11907700,7,249,7511,2017,0.0,2322.0,0.210477,0.02557,ARE,TWN,560290
11907701,8,249,7511,2017,0.0,80659.0,-0.120753,0.233375,ARG,TWN,560290
11907702,14,249,7511,2017,37955.0,961.0,-0.42427200000000004,-0.152921,AUS,TWN,560290
11907703,15,249,7511,2017,167150.0,0.0,1.728623,-0.031045999999999997,AUT,TWN,560290
11907704,18,249,7511,2017,0.0,9559.0,1.292657,1.19571,BEL,TWN,560290
11907705,24,249,7511,2017,0.0,1448.0,0.485479,-0.5348890000000001,BHR,TWN,560290
11907706,32,249,7511,2017,0.0,55832.0,0.145224,0.483461,BRA,TWN,560290
11907707,39,249,7511,2017,0.0,25050.0,0.73897,1.206402,CAN,TWN,560290
11907708,43,249,7511,2017,1337741.0,398960.0,1.1127790000000002,1.56869,CHN,TWN,560290
11907709,61,249,7511,2017,2570.0,53581.0,2.1149459999999998,-2.525372,DEU,TWN,560290
11907710,65,249,7511,2017,0.0,78967.0,-0.168016,0.30840100000000004,DOM,TWN,560290
11907711,67,249,7511,2017,0.0,21535.0,-0.9995850000000001,-1.086367,ECU,TWN,560290
11907712,71,249,7511,2017,0.0,4489.0,0.734342,2.8180099999999997,ESP,TWN,560290
11907713,74,249,7511,2017,0.0,2090.0,1.655957,0.962485,FIN,TWN,560290
11907714,77,249,7511,2017,0.0,1619.0,1.398427,0.894732,FRA,TWN,560290
11907715,81,249,7511,2017,7328.0,2899.0,1.6883119999999998,0.8347469999999999,GBR,TWN,560290
11907716,93,249,7511,2017,0.0,23159.0,-0.418538,0.557454,GTM,TWN,560290
11907717,97,249,7511,2017,0.0,9015.0,0.824982,1.7162220000000001,HKG,TWN,560290
11907718,103,249,7511,2017,0.0,643671.0,-0.23641700000000002,1.188173,IDN,TWN,560290
11907719,104,249,7511,2017,27761.0,14299.0,0.290576,2.726391,IND,TWN,560290
11907720,110,249,7511,2017,0.0,1510.0,1.436156,0.776574,ISR,TWN,560290
11907721,111,249,7511,2017,71873.0,24790.0,1.34395,0.577693,ITA,TWN,560290
11907722,114,249,7511,2017,53796.0,24704.0,2.4510419999999997,-0.277357,JPN,TWN,560290
11907723,118,249,7511,2017,0.0,18981.0,-0.656325,-0.622167,KHM,TWN,560290
11907724,121,249,7511,2017,24742.0,0.0,2.011263,0.783215,KOR,TWN,560290
11907725,128,249,7511,2017,0.0,2401.0,-0.46442799999999995,0.472132,LKA,TWN,560290
11907726,138,249,7511,2017,0.0,31614.0,1.08871,0.5745279999999999,MEX,TWN,560290
11907727,143,249,7511,2017,6718.0,112625.0,-1.051544,-0.419183,MMR,TWN,560290
11907728,153,249,7511,2017,57583.0,234236.0,1.0110139999999999,0.6840729999999999,MYS,TWN,560290
11907729,162,249,7511,2017,0.0,28552.0,1.146959,1.470869,NLD,TWN,560290
11907730,163,249,7511,2017,0.0,2560.0,0.73658,0.11450199999999999,NOR,TWN,560290
11907731,164,249,7511,2017,22223.0,0.0,-0.319681,0.5788220000000001,NPL,TWN,560290
11907732,166,249,7511,2017,0.0,3814.0,0.25651199999999996,0.132996,NZL,TWN,560290
11907733,168,249,7511,2017,0.0,23701.0,-0.698561,0.43523500000000004,PAK,TWN,560290
11907734,174,249,7511,2017,0.0,7141.0,0.657759,0.170061,PHL,TWN,560290
11907735,177,249,7511,2017,0.0,42015.0,1.197417,1.092716,POL,TWN,560290
11907736,188,249,7511,2017,0.0,32258.0,0.597716,-0.345049,SAU,TWN,560290
11907737,192,249,7511,2017,49250.0,654.0,1.884166,0.37903600000000004,SGP,TWN,560290
11907738,208,249,7511,2017,0.0,54611.0,1.764732,0.732646,SWE,TWN,560290
11907739,216,249,7511,2017,338933.0,749076.0,0.983977,1.3926020000000001,THA,TWN,560290
11907740,224,249,7511,2017,0.0,51971.0,0.541611,2.405872,TUR,TWN,560290
11907741,228,249,7511,2017,0.0,944.0,0.461109,0.7826569999999999,UKR,TWN,560290
11907742,231,249,7511,2017,15232.0,25358.0,1.601478,0.277271,USA,TWN,560290
11907743,239,249,7511,2017,0.0,129444.0,-0.009819,0.686429,VNM,TWN,560290
11907744,25,250,7511,2017,0.0,22927.0,0.81944,-0.30649499999999996,BHS,ANS,560290
11907745,32,250,7511,2017,0.0,2140.0,0.145224,0.483461,BRA,ANS,560290
11907746,52,250,7511,2017,0.0,47736.0,0.288642,-0.056219000000000005,CRI,ANS,560290
11907747,65,250,7511,2017,0.0,40924.0,-0.168016,0.30840100000000004,DOM,ANS,560290
11907748,72,250,7511,2017,0.0,28491.0,1.010985,1.289633,EST,ANS,560290
11907749,77,250,7511,2017,0.0,89782.0,1.398427,0.894732,FRA,ANS,560290
11907750,106,250,7511,2017,0.0,285841.0,1.363544,0.169211,IRL,ANS,560290
11907751,164,250,7511,2017,0.0,5109.0,-0.319681,0.5788220000000001,NPL,ANS,560290
11907752,169,250,7511,2017,2700.0,4731.0,0.5520109999999999,0.788181,PAN,ANS,560290
11907753,177,250,7511,2017,0.0,11079.0,1.197417,1.092716,POL,ANS,560290
11907754,183,250,7511,2017,0.0,4583.0,-0.361327,-1.066869,QAT,ANS,560290
11907755,186,250,7511,2017,0.0,3179.0,0.32885,0.288392,RUS,ANS,560290
11907756,206,250,7511,2017,0.0,303264.0,1.279606,0.85503,SVK,ANS,560290
11907757,239,250,7511,2017,0.0,8336.0,-0.009819,0.686429,VNM,ANS,560290
11907758,15,14,7511,2017,2227.0,0.0,1.728623,-0.031045999999999997,AUT,AUS,560290
11907759,18,14,7511,2017,157280.0,0.0,1.292657,1.19571,BEL,AUS,560290
11907760,22,14,7511,2017,417524.0,33363.0,-1.016251,-0.987654,BGD,AUS,560290
11907761,39,14,7511,2017,13559.0,0.0,0.73897,1.206402,CAN,AUS,560290
11907762,41,14,7511,2017,57743.0,0.0,2.2557810000000003,0.845459,CHE,AUS,560290
11907763,43,14,7511,2017,1883992.0,2591572.0,1.1127790000000002,1.56869,CHN,AUS,560290
11907764,61,14,7511,2017,14480.0,0.0,2.1149459999999998,-2.525372,DEU,AUS,560290
11907765,64,14,7511,2017,0.0,42594.0,1.159753,1.233914,DNK,AUS,560290
11907766,75,14,7511,2017,0.0,19575.0,-0.278276,-0.033997,FJI,AUS,560290
11907767,81,14,7511,2017,1633.0,21836.0,1.6883119999999998,0.8347469999999999,GBR,AUS,560290
11907768,97,14,7511,2017,0.0,1037950.0,0.824982,1.7162220000000001,HKG,AUS,560290
11907769,103,14,7511,2017,2166.0,18671.0,-0.23641700000000002,1.188173,IDN,AUS,560290
11907770,104,14,7511,2017,3507.0,0.0,0.290576,2.726391,IND,AUS,560290
11907771,111,14,7511,2017,10179.0,0.0,1.34395,0.577693,ITA,AUS,560290
11907772,121,14,7511,2017,0.0,1849636.0,2.011263,0.783215,KOR,AUS,560290
11907773,153,14,7511,2017,0.0,2640.0,1.0110139999999999,0.6840729999999999,MYS,AUS,560290
11907774,162,14,7511,2017,2982.0,0.0,1.146959,1.470869,NLD,AUS,560290
11907775,164,14,7511,2017,44990.0,0.0,-0.319681,0.5788220000000001,NPL,AUS,560290
11907776,166,14,7511,2017,115259.0,60571.0,0.25651199999999996,0.132996,NZL,AUS,560290
11907777,168,14,7511,2017,0.0,21082.0,-0.698561,0.43523500000000004,PAK,AUS,560290
11907778,174,14,7511,2017,3330.0,166730.0,0.657759,0.170061,PHL,AUS,560290
11907779,176,14,7511,2017,0.0,2614.0,-1.788834,-1.267126,PNG,AUS,560290
11907780,185,14,7511,2017,882.0,0.0,1.05479,0.9842219999999999,ROU,AUS,560290
11907781,188,14,7511,2017,80432.0,0.0,0.597716,-0.345049,SAU,AUS,560290
11907782,192,14,7511,2017,14502.0,2991916.0,1.884166,0.37903600000000004,SGP,AUS,560290
11907783,216,14,7511,2017,188615.0,3706.0,0.983977,1.3926020000000001,THA,AUS,560290
11907784,224,14,7511,2017,4512.0,0.0,0.541611,2.405872,TUR,AUS,560290
11907785,231,14,7511,2017,1414030.0,6629.0,1.601478,0.277271,USA,AUS,560290
11907786,239,14,7511,2017,22773.0,1104.0,-0.009819,0.686429,VNM,AUS,560290
11907787,246,14,7511,2017,88913.0,0.0,0.2066,1.378591,ZAF,AUS,560290
11907788,249,14,7511,2017,961.0,37955.0,2.0548290000000002,1.2552969999999999,TWN,AUS,560290
11907789,18,16,7511,2017,79851.0,0.0,1.292657,1.19571,BEL,AZE,560290
11907790,43,16,7511,2017,997.0,0.0,1.1127790000000002,1.56869,CHN,AZE,560290
11907791,107,16,7511,2017,83280.0,0.0,-0.361292,-0.361813,IRN,AZE,560290
11907792,114,16,7511,2017,1522.0,0.0,2.4510419999999997,-0.277357,JPN,AZE,560290
11907793,224,16,7511,2017,148518.0,0.0,0.541611,2.405872,TUR,AZE,560290
11907794,246,16,7511,2017,14263.0,0.0,0.2066,1.378591,ZAF,AZE,560290
11907795,7,24,7511,2017,17950.0,0.0,0.210477,0.02557,ARE,BHR,560290
11907796,43,24,7511,2017,83607.0,0.0,1.1127790000000002,1.56869,CHN,BHR,560290
11907797,61,24,7511,2017,1266.0,0.0,2.1149459999999998,-2.525372,DEU,BHR,560290
11907798,188,24,7511,2017,2484.0,1112.0,0.597716,-0.345049,SAU,BHR,560290
11907799,224,24,7511,2017,1490.0,0.0,0.541611,2.405872,TUR,BHR,560290
11907800,231,24,7511,2017,2355.0,0.0,1.601478,0.277271,USA,BHR,560290
11907801,249,24,7511,2017,1448.0,0.0,2.0548290000000002,1.2552969999999999,TWN,BHR,560290
11907802,15,26,7511,2017,1627.0,0.0,1.728623,-0.031045999999999997,AUT,BIH,560290
11907803,43,26,7511,2017,10026.0,0.0,1.1127790000000002,1.56869,CHN,BIH,560290
11907804,61,26,7511,2017,4712.0,0.0,2.1149459999999998,-2.525372,DEU,BIH,560290
11907805,100,26,7511,2017,9374.0,34188.0,0.860825,1.365445,HRV,BIH,560290
11907806,111,26,7511,2017,50983.0,1535.0,1.34395,0.577693,ITA,BIH,560290
11907807,177,26,7511,2017,1756.0,0.0,1.197417,1.092716,POL,BIH,560290
11907808,201,26,7511,2017,1656.0,17942.0,0.541644,1.19872,SRB,BIH,560290
11907809,207,26,7511,2017,2879.0,91462.0,1.600319,0.854305,SVN,BIH,560290
11907810,224,26,7511,2017,109948.0,0.0,0.541611,2.405872,TUR,BIH,560290
11907811,23,28,7511,2017,5788.0,0.0,0.557843,1.7221119999999999,BGR,BLR,560290
11907812,43,28,7511,2017,2019.0,0.0,1.1127790000000002,1.56869,CHN,BLR,560290
11907813,61,28,7511,2017,8053.0,0.0,2.1149459999999998,-2.525372,DEU,BLR,560290
11907814,77,28,7511,2017,5105.0,0.0,1.398427,0.894732,FRA,BLR,560290
11907815,111,28,7511,2017,11929.0,0.0,1.34395,0.577693,ITA,BLR,560290
11907816,121,28,7511,2017,4592.0,0.0,2.011263,0.783215,KOR,BLR,560290
11907817,130,28,7511,2017,17490.0,1128.0,0.855858,1.447717,LTU,BLR,560290
11907818,135,28,7511,2017,0.0,4181.0,-0.24909,-0.181213,MDA,BLR,560290
11907819,177,28,7511,2017,21604.0,3861.0,1.197417,1.092716,POL,BLR,560290
11907820,186,28,7511,2017,120105.0,21319.0,0.32885,0.288392,RUS,BLR,560290
11907821,224,28,7511,2017,3531.0,0.0,0.541611,2.405872,TUR,BLR,560290
11907822,42,31,7511,2017,9560.0,0.0,-0.378693,-0.492983,CHL,BOL,560290
11907823,43,31,7511,2017,7265.0,0.0,1.1127790000000002,1.56869,CHN,BOL,560290
11907824,67,31,7511,2017,28427.0,0.0,-0.9995850000000001,-1.086367,ECU,BOL,560290
11907825,15,59,7511,2017,4791.0,21463.0,1.728623,-0.031045999999999997,AUT,CZE,560290
11907826,18,59,7511,2017,1229.0,14802.0,1.292657,1.19571,BEL,CZE,560290
11907827,41,59,7511,2017,7809.0,2085.0,2.2557810000000003,0.845459,CHE,CZE,560290
11907828,43,59,7511,2017,24523.0,68519.0,1.1127790000000002,1.56869,CHN,CZE,560290
11907829,61,59,7511,2017,825897.0,111918.0,2.1149459999999998,-2.525372,DEU,CZE,560290
11907830,64,59,7511,2017,2081.0,0.0,1.159753,1.233914,DNK,CZE,560290
11907831,71,59,7511,2017,5729652.0,0.0,0.734342,2.8180099999999997,ESP,CZE,560290
11907832,72,59,7511,2017,0.0,8658.0,1.010985,1.289633,EST,CZE,560290
11907833,77,59,7511,2017,95167.0,39269.0,1.398427,0.894732,FRA,CZE,560290
11907834,81,59,7511,2017,77538.0,4943.0,1.6883119999999998,0.8347469999999999,GBR,CZE,560290
11907835,82,59,7511,2017,0.0,1690.0,-0.241749,-0.374727,GEO,CZE,560290
11907836,100,59,7511,2017,0.0,47431.0,0.860825,1.365445,HRV,CZE,560290
11907837,102,59,7511,2017,5710.0,48808.0,1.4886270000000001,0.845986,HUN,CZE,560290
11907838,104,59,7511,2017,2418.0,5077.0,0.290576,2.726391,IND,CZE,560290
11907839,111,59,7511,2017,3366714.0,1219.0,1.34395,0.577693,ITA,CZE,560290
11907840,114,59,7511,2017,29135.0,0.0,2.4510419999999997,-0.277357,JPN,CZE,560290
11907841,121,59,7511,2017,64137.0,0.0,2.011263,0.783215,KOR,CZE,560290
11907842,131,59,7511,2017,0.0,1707.0,1.24064,1.298263,LUX,CZE,560290
11907843,135,59,7511,2017,0.0,4091.0,-0.24909,-0.181213,MDA,CZE,560290
11907844,162,59,7511,2017,7313.0,15895.0,1.146959,1.470869,NLD,CZE,560290
11907845,164,59,7511,2017,854.0,0.0,-0.319681,0.5788220000000001,NPL,CZE,560290
11907846,177,59,7511,2017,26806.0,242491.0,1.197417,1.092716,POL,CZE,560290
11907847,179,59,7511,2017,50064.0,10873.0,0.527046,2.264624,PRT,CZE,560290
11907848,185,59,7511,2017,162404.0,0.0,1.05479,0.9842219999999999,ROU,CZE,560290
11907849,186,59,7511,2017,0.0,11986.0,0.32885,0.288392,RUS,CZE,560290
11907850,201,59,7511,2017,0.0,1253.0,0.541644,1.19872,SRB,CZE,560290
11907851,206,59,7511,2017,216612.0,17884.0,1.279606,0.85503,SVK,CZE,560290
11907852,207,59,7511,2017,9672.0,14953.0,1.600319,0.854305,SVN,CZE,560290
11907853,208,59,7511,2017,3933.0,1137.0,1.764732,0.732646,SWE,CZE,560290
11907854,216,59,7511,2017,4126.0,2818.0,0.983977,1.3926020000000001,THA,CZE,560290
11907855,224,59,7511,2017,753436.0,0.0,0.541611,2.405872,TUR,CZE,560290
11907856,231,59,7511,2017,10118.0,0.0,1.601478,0.277271,USA,CZE,560290
11907857,15,68,7511,2017,1834.0,0.0,1.728623,-0.031045999999999997,AUT,EGY,560290
11907858,43,68,7511,2017,717243.0,0.0,1.1127790000000002,1.56869,CHN,EGY,560290
11907859,61,68,7511,2017,7143.0,0.0,2.1149459999999998,-2.525372,DEU,EGY,560290
11907860,77,68,7511,2017,8226.0,0.0,1.398427,0.894732,FRA,EGY,560290
11907861,81,68,7511,2017,115054.0,0.0,1.6883119999999998,0.8347469999999999,GBR,EGY,560290
11907862,90,68,7511,2017,62727.0,0.0,0.154098,1.151038,GRC,EGY,560290
11907863,97,68,7511,2017,2498.0,0.0,0.824982,1.7162220000000001,HKG,EGY,560290
11907864,104,68,7511,2017,21295.0,0.0,0.290576,2.726391,IND,EGY,560290
11907865,111,68,7511,2017,69586.0,0.0,1.34395,0.577693,ITA,EGY,560290
11907866,121,68,7511,2017,7570.0,0.0,2.011263,0.783215,KOR,EGY,560290
11907867,142,68,7511,2017,0.0,19678.0,0.999914,0.12683,MLT,EGY,560290
11907868,162,68,7511,2017,4835.0,0.0,1.146959,1.470869,NLD,EGY,560290
11907869,179,68,7511,2017,79343.0,0.0,0.527046,2.264624,PRT,EGY,560290
11907870,188,68,7511,2017,492719.0,0.0,0.597716,-0.345049,SAU,EGY,560290
11907871,190,68,7511,2017,0.0,5621.0,-1.567691,-1.257164,SDN,EGY,560290
11907872,216,68,7511,2017,171694.0,0.0,0.983977,1.3926020000000001,THA,EGY,560290
11907873,224,68,7511,2017,672933.0,0.0,0.541611,2.405872,TUR,EGY,560290
11907874,231,68,7511,2017,37051.0,0.0,1.601478,0.277271,USA,EGY,560290
11907875,43,72,7511,2017,17427.0,0.0,1.1127790000000002,1.56869,CHN,EST,560290
11907876,59,72,7511,2017,8658.0,0.0,1.7715130000000001,0.359668,CZE,EST,560290
11907877,61,72,7511,2017,14425.0,0.0,2.1149459999999998,-2.525372,DEU,EST,560290
11907878,64,72,7511,2017,1022.0,1551.0,1.159753,1.233914,DNK,EST,560290
11907879,74,72,7511,2017,53022.0,0.0,1.655957,0.962485,FIN,EST,560290
11907880,77,72,7511,2017,1685.0,0.0,1.398427,0.894732,FRA,EST,560290
11907881,81,72,7511,2017,7698.0,0.0,1.6883119999999998,0.8347469999999999,GBR,EST,560290
11907882,111,72,7511,2017,20958.0,0.0,1.34395,0.577693,ITA,EST,560290
11907883,130,72,7511,2017,11827.0,2239.0,0.855858,1.447717,LTU,EST,560290
11907884,162,72,7511,2017,1185.0,0.0,1.146959,1.470869,NLD,EST,560290
11907885,163,72,7511,2017,0.0,17210.0,0.73658,0.11450199999999999,NOR,EST,560290
11907886,177,72,7511,2017,1166.0,0.0,1.197417,1.092716,POL,EST,560290
11907887,186,72,7511,2017,0.0,2204.0,0.32885,0.288392,RUS,EST,560290
11907888,208,72,7511,2017,25146.0,0.0,1.764732,0.732646,SWE,EST,560290
11907889,216,72,7511,2017,1675.0,0.0,0.983977,1.3926020000000001,THA,EST,560290
11907890,250,72,7511,2017,28491.0,0.0,0.72523,-0.205046,ANS,EST,560290
11907891,43,82,7511,2017,24682.0,0.0,1.1127790000000002,1.56869,CHN,GEO,560290
11907892,59,82,7511,2017,1690.0,0.0,1.7715130000000001,0.359668,CZE,GEO,560290
11907893,61,82,7511,2017,3665.0,0.0,2.1149459999999998,-2.525372,DEU,GEO,560290
11907894,97,82,7511,2017,3179.0,0.0,0.824982,1.7162220000000001,HKG,GEO,560290
11907895,110,82,7511,2017,48532.0,0.0,1.436156,0.776574,ISR,GEO,560290
11907896,177,82,7511,2017,1152.0,0.0,1.197417,1.092716,POL,GEO,560290
11907897,186,82,7511,2017,1197.0,0.0,0.32885,0.288392,RUS,GEO,560290
11907898,224,82,7511,2017,387618.0,0.0,0.541611,2.405872,TUR,GEO,560290
11907899,18,90,7511,2017,2605.0,0.0,1.292657,1.19571,BEL,GRC,560290
11907900,23,90,7511,2017,0.0,5079.0,0.557843,1.7221119999999999,BGR,GRC,560290
11907901,43,90,7511,2017,49789.0,0.0,1.1127790000000002,1.56869,CHN,GRC,560290
11907902,58,90,7511,2017,0.0,2722.0,0.576982,0.279989,CYP,GRC,560290
11907903,61,90,7511,2017,14573.0,0.0,2.1149459999999998,-2.525372,DEU,GRC,560290
11907904,68,90,7511,2017,0.0,62727.0,-0.073436,1.829121,EGY,GRC,560290
11907905,71,90,7511,2017,7313.0,0.0,0.734342,2.8180099999999997,ESP,GRC,560290
11907906,77,90,7511,2017,26322.0,0.0,1.398427,0.894732,FRA,GRC,560290
11907907,100,90,7511,2017,0.0,21225.0,0.860825,1.365445,HRV,GRC,560290
11907908,111,90,7511,2017,329646.0,0.0,1.34395,0.577693,ITA,GRC,560290
11907909,162,90,7511,2017,2415.0,0.0,1.146959,1.470869,NLD,GRC,560290
11907910,177,90,7511,2017,2699.0,0.0,1.197417,1.092716,POL,GRC,560290
11907911,185,90,7511,2017,0.0,7889.0,1.05479,0.9842219999999999,ROU,GRC,560290
11907912,201,90,7511,2017,0.0,10110.0,0.541644,1.19872,SRB,GRC,560290
11907913,224,90,7511,2017,63323.0,0.0,0.541611,2.405872,TUR,GRC,560290
11907914,231,90,7511,2017,9790.0,0.0,1.601478,0.277271,USA,GRC,560290
11907915,15,100,7511,2017,6023.0,0.0,1.728623,-0.031045999999999997,AUT,HRV,560290
11907916,26,100,7511,2017,34188.0,9374.0,0.43245,0.726721,BIH,HRV,560290
11907917,43,100,7511,2017,17272.0,0.0,1.1127790000000002,1.56869,CHN,HRV,560290
11907918,59,100,7511,2017,47431.0,0.0,1.7715130000000001,0.359668,CZE,HRV,560290
11907919,61,100,7511,2017,15214.0,31398.0,2.1149459999999998,-2.525372,DEU,HRV,560290
11907920,71,100,7511,2017,104015.0,0.0,0.734342,2.8180099999999997,ESP,HRV,560290
11907921,90,100,7511,2017,21225.0,0.0,0.154098,1.151038,GRC,HRV,560290
11907922,102,100,7511,2017,4768.0,18793.0,1.4886270000000001,0.845986,HUN,HRV,560290
11907923,111,100,7511,2017,233205.0,0.0,1.34395,0.577693,ITA,HRV,560290
11907924,144,100,7511,2017,0.0,13708.0,0.201739,-0.23111399999999999,MNE,HRV,560290
11907925,162,100,7511,2017,3152.0,0.0,1.146959,1.470869,NLD,HRV,560290
11907926,177,100,7511,2017,4778.0,0.0,1.197417,1.092716,POL,HRV,560290
11907927,201,100,7511,2017,0.0,6680.0,0.541644,1.19872,SRB,HRV,560290
11907928,207,100,7511,2017,9099.0,46424.0,1.600319,0.854305,SVN,HRV,560290
11907929,224,100,7511,2017,1679.0,0.0,0.541611,2.405872,TUR,HRV,560290
11907930,1,107,7511,2017,0.0,120041.0,-1.147348,-0.886799,AFG,IRN,560290
11907931,9,107,7511,2017,0.0,7504.0,-0.23846799999999999,-0.658774,ARM,IRN,560290
11907932,15,107,7511,2017,1357.0,0.0,1.728623,-0.031045999999999997,AUT,IRN,560290
11907933,16,107,7511,2017,0.0,83280.0,-1.022455,-1.199225,AZE,IRN,560290
11907934,43,107,7511,2017,355326.0,0.0,1.1127790000000002,1.56869,CHN,IRN,560290
11907935,61,107,7511,2017,2793.0,0.0,2.1149459999999998,-2.525372,DEU,IRN,560290
11907936,71,107,7511,2017,6976.0,0.0,0.734342,2.8180099999999997,ESP,IRN,560290
11907937,77,107,7511,2017,4701.0,0.0,1.398427,0.894732,FRA,IRN,560290
11907938,104,107,7511,2017,2875.0,0.0,0.290576,2.726391,IND,IRN,560290
11907939,108,107,7511,2017,0.0,507974.0,-1.515339,-0.9462950000000001,IRQ,IRN,560290
11907940,111,107,7511,2017,464550.0,0.0,1.34395,0.577693,ITA,IRN,560290
11907941,124,107,7511,2017,9005.0,0.0,0.266847,1.117621,LBN,IRN,560290
11907942,224,107,7511,2017,58426.0,0.0,0.541611,2.405872,TUR,IRN,560290
11907943,43,109,7511,2017,4166.0,0.0,1.1127790000000002,1.56869,CHN,ISL,560290
11907944,64,109,7511,2017,6667.0,0.0,1.159753,1.233914,DNK,ISL,560290
11907945,81,109,7511,2017,1292.0,0.0,1.6883119999999998,0.8347469999999999,GBR,ISL,560290
11907946,162,109,7511,2017,5662.0,0.0,1.146959,1.470869,NLD,ISL,560290
11907947,163,109,7511,2017,2002.0,0.0,0.73658,0.11450199999999999,NOR,ISL,560290
11907948,208,109,7511,2017,5044.0,0.0,1.764732,0.732646,SWE,ISL,560290
11907949,224,109,7511,2017,19367.0,0.0,0.541611,2.405872,TUR,ISL,560290
11907950,231,109,7511,2017,9292.0,0.0,1.601478,0.277271,USA,ISL,560290
11907951,43,115,7511,2017,26273.0,0.0,1.1127790000000002,1.56869,CHN,KAZ,560290
11907952,61,115,7511,2017,1644.0,0.0,2.1149459999999998,-2.525372,DEU,KAZ,560290
11907953,81,115,7511,2017,2720.0,0.0,1.6883119999999998,0.8347469999999999,GBR,KAZ,560290
11907954,111,115,7511,2017,2157.0,0.0,1.34395,0.577693,ITA,KAZ,560290
11907955,186,115,7511,2017,11812.0,0.0,0.32885,0.288392,RUS,KAZ,560290
11907956,224,115,7511,2017,6405.0,0.0,0.541611,2.405872,TUR,KAZ,560290
11907957,43,116,7511,2017,70647.0,0.0,1.1127790000000002,1.56869,CHN,KEN,560290
11907958,81,116,7511,2017,2951.0,0.0,1.6883119999999998,0.8347469999999999,GBR,KEN,560290
11907959,97,116,7511,2017,157206.0,0.0,0.824982,1.7162220000000001,HKG,KEN,560290
11907960,104,116,7511,2017,2620.0,0.0,0.290576,2.726391,IND,KEN,560290
11907961,246,116,7511,2017,1375.0,0.0,0.2066,1.378591,ZAF,KEN,560290
11907962,43,117,7511,2017,153409.0,0.0,1.1127790000000002,1.56869,CHN,KGZ,560290
11907963,81,117,7511,2017,0.0,1532.0,1.6883119999999998,0.8347469999999999,GBR,KGZ,560290
11907964,186,117,7511,2017,4744.0,0.0,0.32885,0.288392,RUS,KGZ,560290
11907965,224,117,7511,2017,26538.0,0.0,0.541611,2.405872,TUR,KGZ,560290
11907966,43,118,7511,2017,174632.0,0.0,1.1127790000000002,1.56869,CHN,KHM,560290
11907967,97,118,7511,2017,39439.0,0.0,0.824982,1.7162220000000001,HKG,KHM,560290
11907968,111,118,7511,2017,2903.0,0.0,1.34395,0.577693,ITA,KHM,560290
11907969,114,118,7511,2017,48120.0,0.0,2.4510419999999997,-0.277357,JPN,KHM,560290
11907970,121,118,7511,2017,1882.0,0.0,2.011263,0.783215,KOR,KHM,560290
11907971,192,118,7511,2017,2835.0,0.0,1.884166,0.37903600000000004,SGP,KHM,560290
11907972,216,118,7511,2017,4182.0,0.0,0.983977,1.3926020000000001,THA,KHM,560290
11907973,239,118,7511,2017,12757.0,0.0,-0.009819,0.686429,VNM,KHM,560290
11907974,249,118,7511,2017,18981.0,0.0,2.0548290000000002,1.2552969999999999,TWN,KHM,560290
11907975,43,124,7511,2017,47154.0,0.0,1.1127790000000002,1.56869,CHN,LBN,560290
11907976,107,124,7511,2017,0.0,9005.0,-0.361292,-0.361813,IRN,LBN,560290
11907977,111,124,7511,2017,120793.0,0.0,1.34395,0.577693,ITA,LBN,560290
11907978,212,124,7511,2017,7022.0,39978.0,-0.660905,0.345462,SYR,LBN,560290
11907979,224,124,7511,2017,154883.0,0.0,0.541611,2.405872,TUR,LBN,560290
11907980,43,128,7511,2017,307376.0,0.0,1.1127790000000002,1.56869,CHN,LKA,560290
11907981,64,128,7511,2017,0.0,12293.0,1.159753,1.233914,DNK,LKA,560290
11907982,71,128,7511,2017,1379.0,0.0,0.734342,2.8180099999999997,ESP,LKA,560290
11907983,77,128,7511,2017,23239.0,1775.0,1.398427,0.894732,FRA,LKA,560290
11907984,97,128,7511,2017,21288.0,0.0,0.824982,1.7162220000000001,HKG,LKA,560290
11907985,104,128,7511,2017,119926.0,157478.0,0.290576,2.726391,IND,LKA,560290
11907986,111,128,7511,2017,2587.0,0.0,1.34395,0.577693,ITA,LKA,560290
11907987,151,128,7511,2017,0.0,1424.0,-0.156616,0.073153,MUS,LKA,560290
11907988,162,128,7511,2017,6641.0,19517.0,1.146959,1.470869,NLD,LKA,560290
11907989,192,128,7511,2017,4979.0,0.0,1.884166,0.37903600000000004,SGP,LKA,560290
11907990,216,128,7511,2017,3953.0,0.0,0.983977,1.3926020000000001,THA,LKA,560290
11907991,224,128,7511,2017,18176.0,0.0,0.541611,2.405872,TUR,LKA,560290
11907992,231,128,7511,2017,0.0,2901.0,1.601478,0.277271,USA,LKA,560290
11907993,249,128,7511,2017,2401.0,0.0,2.0548290000000002,1.2552969999999999,TWN,LKA,560290
11907994,15,130,7511,2017,1812.0,0.0,1.728623,-0.031045999999999997,AUT,LTU,560290
11907995,28,130,7511,2017,1128.0,17490.0,0.8115829999999999,0.8323459999999999,BLR,LTU,560290
11907996,43,130,7511,2017,18677.0,0.0,1.1127790000000002,1.56869,CHN,LTU,560290
11907997,61,130,7511,2017,24896.0,0.0,2.1149459999999998,-2.525372,DEU,LTU,560290
11907998,71,130,7511,2017,9407.0,0.0,0.734342,2.8180099999999997,ESP,LTU,560290
11907999,72,130,7511,2017,2239.0,11827.0,1.010985,1.289633,EST,LTU,560290
11908000,74,130,7511,2017,1947.0,1057.0,1.655957,0.962485,FIN,LTU,560290
11908001,81,130,7511,2017,2068.0,0.0,1.6883119999999998,0.8347469999999999,GBR,LTU,560290
11908002,111,130,7511,2017,56176.0,0.0,1.34395,0.577693,ITA,LTU,560290
11908003,121,130,7511,2017,3406.0,0.0,2.011263,0.783215,KOR,LTU,560290
11908004,132,130,7511,2017,8559.0,3565.0,0.684555,1.3208030000000002,LVA,LTU,560290
11908005,162,130,7511,2017,2268.0,0.0,1.146959,1.470869,NLD,LTU,560290
11908006,163,130,7511,2017,2724.0,5576.0,0.73658,0.11450199999999999,NOR,LTU,560290
11908007,177,130,7511,2017,22283.0,0.0,1.197417,1.092716,POL,LTU,560290
11908008,186,130,7511,2017,2808.0,36316.0,0.32885,0.288392,RUS,LTU,560290
11908009,224,130,7511,2017,40871.0,0.0,0.541611,2.405872,TUR,LTU,560290
11908010,18,131,7511,2017,14079.0,0.0,1.292657,1.19571,BEL,LUX,560290
11908011,43,131,7511,2017,5016.0,6132.0,1.1127790000000002,1.56869,CHN,LUX,560290
11908012,59,131,7511,2017,1707.0,0.0,1.7715130000000001,0.359668,CZE,LUX,560290
11908013,61,131,7511,2017,28794.0,0.0,2.1149459999999998,-2.525372,DEU,LUX,560290
11908014,77,131,7511,2017,7178.0,16041.0,1.398427,0.894732,FRA,LUX,560290
11908015,103,131,7511,2017,0.0,2633.0,-0.23641700000000002,1.188173,IDN,LUX,560290
11908016,162,131,7511,2017,8264.0,0.0,1.146959,1.470869,NLD,LUX,560290
11908017,177,131,7511,2017,0.0,3734.0,1.197417,1.092716,POL,LUX,560290
11908018,224,131,7511,2017,334869.0,0.0,0.541611,2.405872,TUR,LUX,560290
11908019,231,131,7511,2017,1089.0,0.0,1.601478,0.277271,USA,LUX,560290
11908020,41,132,7511,2017,1970.0,0.0,2.2557810000000003,0.845459,CHE,LVA,560290
11908021,43,132,7511,2017,84700.0,0.0,1.1127790000000002,1.56869,CHN,LVA,560290
11908022,61,132,7511,2017,16565.0,0.0,2.1149459999999998,-2.525372,DEU,LVA,560290
11908023,74,132,7511,2017,65099.0,0.0,1.655957,0.962485,FIN,LVA,560290
11908024,111,132,7511,2017,5041.0,0.0,1.34395,0.577693,ITA,LVA,560290
11908025,130,132,7511,2017,3565.0,8559.0,0.855858,1.447717,LTU,LVA,560290
11908026,177,132,7511,2017,7317.0,0.0,1.197417,1.092716,POL,LVA,560290
11908027,208,132,7511,2017,2097.0,0.0,1.764732,0.732646,SWE,LVA,560290
11908028,224,132,7511,2017,2031.0,0.0,0.541611,2.405872,TUR,LVA,560290
11908029,228,132,7511,2017,0.0,1339.0,0.461109,0.7826569999999999,UKR,LVA,560290
11908030,43,134,7511,2017,13423.0,0.0,1.1127790000000002,1.56869,CHN,MAR,560290
11908031,61,134,7511,2017,3762.0,0.0,2.1149459999999998,-2.525372,DEU,MAR,560290
11908032,66,134,7511,2017,0.0,14378.0,-0.9905579999999999,-1.1996200000000001,DZA,MAR,560290
11908033,71,134,7511,2017,243025.0,0.0,0.734342,2.8180099999999997,ESP,MAR,560290
11908034,77,134,7511,2017,115410.0,8797.0,1.398427,0.894732,FRA,MAR,560290
11908035,81,134,7511,2017,20311.0,0.0,1.6883119999999998,0.8347469999999999,GBR,MAR,560290
11908036,111,134,7511,2017,38457.0,0.0,1.34395,0.577693,ITA,MAR,560290
11908037,135,134,7511,2017,12600.0,0.0,-0.24909,-0.181213,MDA,MAR,560290
11908038,162,134,7511,2017,11013.0,91798.0,1.146959,1.470869,NLD,MAR,560290
11908039,179,134,7511,2017,42468.0,0.0,0.527046,2.264624,PRT,MAR,560290
11908040,224,134,7511,2017,183854.0,0.0,0.541611,2.405872,TUR,MAR,560290
11908041,15,135,7511,2017,1085.0,0.0,1.728623,-0.031045999999999997,AUT,MDA,560290
11908042,28,135,7511,2017,4181.0,0.0,0.8115829999999999,0.8323459999999999,BLR,MDA,560290
11908043,43,135,7511,2017,3829.0,0.0,1.1127790000000002,1.56869,CHN,MDA,560290
11908044,59,135,7511,2017,4091.0,0.0,1.7715130000000001,0.359668,CZE,MDA,560290
11908045,61,135,7511,2017,4309.0,0.0,2.1149459999999998,-2.525372,DEU,MDA,560290
11908046,111,135,7511,2017,23289.0,0.0,1.34395,0.577693,ITA,MDA,560290
11908047,134,135,7511,2017,0.0,12600.0,-0.757236,-0.065347,MAR,MDA,560290
11908048,177,135,7511,2017,1259.0,0.0,1.197417,1.092716,POL,MDA,560290
11908049,185,135,7511,2017,71563.0,0.0,1.05479,0.9842219999999999,ROU,MDA,560290
11908050,224,135,7511,2017,109139.0,0.0,0.541611,2.405872,TUR,MDA,560290
11908051,228,135,7511,2017,2912.0,0.0,0.461109,0.7826569999999999,UKR,MDA,560290
11908052,43,136,7511,2017,6998.0,0.0,1.1127790000000002,1.56869,CHN,MDG,560290
11908053,151,136,7511,2017,15586.0,0.0,-0.156616,0.073153,MUS,MDG,560290
11908054,18,142,7511,2017,2726.0,0.0,1.292657,1.19571,BEL,MLT,560290
11908055,61,142,7511,2017,1400.0,0.0,2.1149459999999998,-2.525372,DEU,MLT,560290
11908056,68,142,7511,2017,19678.0,0.0,-0.073436,1.829121,EGY,MLT,560290
11908057,71,142,7511,2017,1388.0,0.0,0.734342,2.8180099999999997,ESP,MLT,560290
11908058,77,142,7511,2017,6974.0,0.0,1.398427,0.894732,FRA,MLT,560290
11908059,81,142,7511,2017,3261.0,0.0,1.6883119999999998,0.8347469999999999,GBR,MLT,560290
11908060,111,142,7511,2017,64355.0,0.0,1.34395,0.577693,ITA,MLT,560290
11908061,61,144,7511,2017,1811.0,0.0,2.1149459999999998,-2.525372,DEU,MNE,560290
11908062,100,144,7511,2017,13708.0,0.0,0.860825,1.365445,HRV,MNE,560290
11908063,111,144,7511,2017,168880.0,0.0,1.34395,0.577693,ITA,MNE,560290
11908064,201,144,7511,2017,20575.0,0.0,0.541644,1.19872,SRB,MNE,560290
11908065,224,144,7511,2017,10349.0,0.0,0.541611,2.405872,TUR,MNE,560290
11908066,7,147,7511,2017,67727.0,0.0,0.210477,0.02557,ARE,MOZ,560290
11908067,43,147,7511,2017,93018.0,0.0,1.1127790000000002,1.56869,CHN,MOZ,560290
11908068,179,147,7511,2017,8086.0,0.0,0.527046,2.264624,PRT,MOZ,560290
11908069,246,147,7511,2017,29620.0,0.0,0.2066,1.378591,ZAF,MOZ,560290
11908070,61,183,7511,2017,1597.0,0.0,2.1149459999999998,-2.525372,DEU,QAT,560290
11908071,81,183,7511,2017,1314.0,0.0,1.6883119999999998,0.8347469999999999,GBR,QAT,560290
11908072,104,183,7511,2017,16032.0,0.0,0.290576,2.726391,IND,QAT,560290
11908073,111,183,7511,2017,242935.0,0.0,1.34395,0.577693,ITA,QAT,560290
11908074,167,183,7511,2017,8503.0,0.0,-0.347684,-0.884569,OMN,QAT,560290
11908075,224,183,7511,2017,57511.0,0.0,0.541611,2.405872,TUR,QAT,560290
11908076,250,183,7511,2017,4583.0,0.0,0.72523,-0.205046,ANS,QAT,560290
11908077,4,185,7511,2017,0.0,2962.0,-0.44769899999999996,-0.17193,ALB,ROU,560290
11908078,14,185,7511,2017,0.0,882.0,-0.42427200000000004,-0.152921,AUS,ROU,560290
11908079,15,185,7511,2017,15252.0,5318.0,1.728623,-0.031045999999999997,AUT,ROU,560290
11908080,18,185,7511,2017,4739.0,0.0,1.292657,1.19571,BEL,ROU,560290
11908081,23,185,7511,2017,8158.0,0.0,0.557843,1.7221119999999999,BGR,ROU,560290
11908082,41,185,7511,2017,109670.0,0.0,2.2557810000000003,0.845459,CHE,ROU,560290
11908083,43,185,7511,2017,122653.0,5682.0,1.1127790000000002,1.56869,CHN,ROU,560290
11908084,59,185,7511,2017,0.0,162404.0,1.7715130000000001,0.359668,CZE,ROU,560290
11908085,61,185,7511,2017,1038556.0,68139.0,2.1149459999999998,-2.525372,DEU,ROU,560290
11908086,66,185,7511,2017,0.0,6635.0,-0.9905579999999999,-1.1996200000000001,DZA,ROU,560290
11908087,71,185,7511,2017,2945.0,209917.0,0.734342,2.8180099999999997,ESP,ROU,560290
11908088,77,185,7511,2017,12487.0,68508.0,1.398427,0.894732,FRA,ROU,560290
11908089,81,185,7511,2017,79783.0,0.0,1.6883119999999998,0.8347469999999999,GBR,ROU,560290
11908090,90,185,7511,2017,7889.0,0.0,0.154098,1.151038,GRC,ROU,560290
11908091,102,185,7511,2017,81323.0,1382.0,1.4886270000000001,0.845986,HUN,ROU,560290
11908092,111,185,7511,2017,1149856.0,903485.0,1.34395,0.577693,ITA,ROU,560290
11908093,114,185,7511,2017,3797.0,0.0,2.4510419999999997,-0.277357,JPN,ROU,560290
11908094,121,185,7511,2017,197595.0,0.0,2.011263,0.783215,KOR,ROU,560290
11908095,135,185,7511,2017,0.0,71563.0,-0.24909,-0.181213,MDA,ROU,560290
11908096,162,185,7511,2017,2579.0,0.0,1.146959,1.470869,NLD,ROU,560290
11908097,177,185,7511,2017,119875.0,9239.0,1.197417,1.092716,POL,ROU,560290
11908098,179,185,7511,2017,11401.0,0.0,0.527046,2.264624,PRT,ROU,560290
11908099,186,185,7511,2017,1402.0,1001.0,0.32885,0.288392,RUS,ROU,560290
11908100,201,185,7511,2017,8135.0,10508.0,0.541644,1.19872,SRB,ROU,560290
11908101,206,185,7511,2017,0.0,111483.0,1.279606,0.85503,SVK,ROU,560290
11908102,207,185,7511,2017,3050.0,0.0,1.600319,0.854305,SVN,ROU,560290
11908103,208,185,7511,2017,32245.0,0.0,1.764732,0.732646,SWE,ROU,560290
11908104,224,185,7511,2017,4774157.0,0.0,0.541611,2.405872,TUR,ROU,560290
11908105,228,185,7511,2017,0.0,139600.0,0.461109,0.7826569999999999,UKR,ROU,560290
11908106,231,185,7511,2017,8656.0,0.0,1.601478,0.277271,USA,ROU,560290
11908107,43,187,7511,2017,7012.0,0.0,1.1127790000000002,1.56869,CHN,RWA,560290
11908108,18,191,7511,2017,5251.0,0.0,1.292657,1.19571,BEL,SEN,560290
11908109,77,191,7511,2017,14177.0,0.0,1.398427,0.894732,FRA,SEN,560290
11908110,111,191,7511,2017,1856.0,0.0,1.34395,0.577693,ITA,SEN,560290
11908111,224,191,7511,2017,3240.0,0.0,0.541611,2.405872,TUR,SEN,560290
11908112,4,201,7511,2017,0.0,4804.0,-0.44769899999999996,-0.17193,ALB,SRB,560290
11908113,15,201,7511,2017,3425.0,50880.0,1.728623,-0.031045999999999997,AUT,SRB,560290
11908114,18,201,7511,2017,1456.0,0.0,1.292657,1.19571,BEL,SRB,560290
11908115,26,201,7511,2017,17942.0,1656.0,0.43245,0.726721,BIH,SRB,560290
11908116,41,201,7511,2017,1536.0,2106.0,2.2557810000000003,0.845459,CHE,SRB,560290
11908117,43,201,7511,2017,52999.0,0.0,1.1127790000000002,1.56869,CHN,SRB,560290
11908118,59,201,7511,2017,1253.0,0.0,1.7715130000000001,0.359668,CZE,SRB,560290
11908119,61,201,7511,2017,9737.0,0.0,2.1149459999999998,-2.525372,DEU,SRB,560290
11908120,77,201,7511,2017,2963.0,0.0,1.398427,0.894732,FRA,SRB,560290
11908121,90,201,7511,2017,10110.0,0.0,0.154098,1.151038,GRC,SRB,560290
11908122,100,201,7511,2017,6680.0,0.0,0.860825,1.365445,HRV,SRB,560290
11908123,102,201,7511,2017,3339.0,0.0,1.4886270000000001,0.845986,HUN,SRB,560290
11908124,111,201,7511,2017,625451.0,2819.0,1.34395,0.577693,ITA,SRB,560290
11908125,140,201,7511,2017,0.0,18729.0,-0.0292,-0.377156,MKD,SRB,560290
11908126,144,201,7511,2017,0.0,20575.0,0.201739,-0.23111399999999999,MNE,SRB,560290
11908127,162,201,7511,2017,13467.0,0.0,1.146959,1.470869,NLD,SRB,560290
11908128,177,201,7511,2017,3666.0,0.0,1.197417,1.092716,POL,SRB,560290
11908129,185,201,7511,2017,10508.0,8135.0,1.05479,0.9842219999999999,ROU,SRB,560290
11908130,207,201,7511,2017,1862.0,9858.0,1.600319,0.854305,SVN,SRB,560290
11908131,224,201,7511,2017,206632.0,0.0,0.541611,2.405872,TUR,SRB,560290
11908132,231,201,7511,2017,3521.0,0.0,1.601478,0.277271,USA,SRB,560290
11908133,15,206,7511,2017,2437.0,0.0,1.728623,-0.031045999999999997,AUT,SVK,560290
11908134,18,206,7511,2017,1870.0,0.0,1.292657,1.19571,BEL,SVK,560290
11908135,32,206,7511,2017,0.0,4993.0,0.145224,0.483461,BRA,SVK,560290
11908136,43,206,7511,2017,41378.0,0.0,1.1127790000000002,1.56869,CHN,SVK,560290
11908137,59,206,7511,2017,17884.0,216612.0,1.7715130000000001,0.359668,CZE,SVK,560290
11908138,61,206,7511,2017,116790.0,128135.0,2.1149459999999998,-2.525372,DEU,SVK,560290
11908139,66,206,7511,2017,0.0,18191.0,-0.9905579999999999,-1.1996200000000001,DZA,SVK,560290
11908140,71,206,7511,2017,66576.0,32557.0,0.734342,2.8180099999999997,ESP,SVK,560290
11908141,77,206,7511,2017,12512.0,34090.0,1.398427,0.894732,FRA,SVK,560290
11908142,102,206,7511,2017,1848.0,15970.0,1.4886270000000001,0.845986,HUN,SVK,560290
11908143,110,206,7511,2017,0.0,4589.0,1.436156,0.776574,ISR,SVK,560290
11908144,111,206,7511,2017,1718606.0,0.0,1.34395,0.577693,ITA,SVK,560290
11908145,114,206,7511,2017,1567.0,0.0,2.4510419999999997,-0.277357,JPN,SVK,560290
11908146,121,206,7511,2017,45367.0,0.0,2.011263,0.783215,KOR,SVK,560290
11908147,162,206,7511,2017,46569.0,0.0,1.146959,1.470869,NLD,SVK,560290
11908148,164,206,7511,2017,1344.0,0.0,-0.319681,0.5788220000000001,NPL,SVK,560290
11908149,177,206,7511,2017,135120.0,0.0,1.197417,1.092716,POL,SVK,560290
11908150,185,206,7511,2017,111483.0,0.0,1.05479,0.9842219999999999,ROU,SVK,560290
11908151,186,206,7511,2017,0.0,34207.0,0.32885,0.288392,RUS,SVK,560290
11908152,207,206,7511,2017,57240.0,22826.0,1.600319,0.854305,SVN,SVK,560290
11908153,208,206,7511,2017,4201.0,0.0,1.764732,0.732646,SWE,SVK,560290
11908154,224,206,7511,2017,1367.0,0.0,0.541611,2.405872,TUR,SVK,560290
11908155,239,206,7511,2017,0.0,2064.0,-0.009819,0.686429,VNM,SVK,560290
11908156,250,206,7511,2017,303264.0,0.0,0.72523,-0.205046,ANS,SVK,560290
11908157,15,207,7511,2017,1094.0,10826.0,1.728623,-0.031045999999999997,AUT,SVN,560290
11908158,18,207,7511,2017,1994.0,0.0,1.292657,1.19571,BEL,SVN,560290
11908159,26,207,7511,2017,91462.0,2879.0,0.43245,0.726721,BIH,SVN,560290
11908160,39,207,7511,2017,0.0,2040.0,0.73897,1.206402,CAN,SVN,560290
11908161,41,207,7511,2017,1006.0,2138.0,2.2557810000000003,0.845459,CHE,SVN,560290
11908162,43,207,7511,2017,17730.0,0.0,1.1127790000000002,1.56869,CHN,SVN,560290
11908163,59,207,7511,2017,14953.0,9672.0,1.7715130000000001,0.359668,CZE,SVN,560290
11908164,61,207,7511,2017,56775.0,8010.0,2.1149459999999998,-2.525372,DEU,SVN,560290
11908165,71,207,7511,2017,0.0,1436.0,0.734342,2.8180099999999997,ESP,SVN,560290
11908166,74,207,7511,2017,0.0,25197.0,1.655957,0.962485,FIN,SVN,560290
11908167,77,207,7511,2017,23285.0,36005.0,1.398427,0.894732,FRA,SVN,560290
11908168,81,207,7511,2017,0.0,2345.0,1.6883119999999998,0.8347469999999999,GBR,SVN,560290
11908169,100,207,7511,2017,46424.0,9099.0,0.860825,1.365445,HRV,SVN,560290
11908170,102,207,7511,2017,0.0,7047.0,1.4886270000000001,0.845986,HUN,SVN,560290
11908171,111,207,7511,2017,148835.0,1298.0,1.34395,0.577693,ITA,SVN,560290
11908172,121,207,7511,2017,36192.0,0.0,2.011263,0.783215,KOR,SVN,560290
11908173,122,207,7511,2017,0.0,934.0,-0.229821,-1.128482,KWT,SVN,560290
11908174,162,207,7511,2017,7312.0,0.0,1.146959,1.470869,NLD,SVN,560290
11908175,177,207,7511,2017,1863.0,1313630.0,1.197417,1.092716,POL,SVN,560290
11908176,185,207,7511,2017,0.0,3050.0,1.05479,0.9842219999999999,ROU,SVN,560290
11908177,201,207,7511,2017,9858.0,1862.0,0.541644,1.19872,SRB,SVN,560290
11908178,206,207,7511,2017,22826.0,57240.0,1.279606,0.85503,SVK,SVN,560290
11908179,208,207,7511,2017,0.0,7981.0,1.764732,0.732646,SWE,SVN,560290
11908180,224,207,7511,2017,326783.0,0.0,0.541611,2.405872,TUR,SVN,560290
11908181,18,223,7511,2017,44814.0,0.0,1.292657,1.19571,BEL,TUN,560290
11908182,43,223,7511,2017,6698.0,0.0,1.1127790000000002,1.56869,CHN,TUN,560290
11908183,61,223,7511,2017,5634.0,0.0,2.1149459999999998,-2.525372,DEU,TUN,560290
11908184,71,223,7511,2017,302322.0,0.0,0.734342,2.8180099999999997,ESP,TUN,560290
11908185,77,223,7511,2017,57352.0,0.0,1.398427,0.894732,FRA,TUN,560290
11908186,111,223,7511,2017,1820322.0,0.0,1.34395,0.577693,ITA,TUN,560290
11908187,224,223,7511,2017,62026.0,0.0,0.541611,2.405872,TUR,TUN,560290
11908188,43,232,7511,2017,9033.0,0.0,1.1127790000000002,1.56869,CHN,UZB,560290
11908189,121,232,7511,2017,29687.0,0.0,2.011263,0.783215,KOR,UZB,560290
11908190,224,232,7511,2017,11585.0,0.0,0.541611,2.405872,TUR,UZB,560290
11908191,65,13,7511,2017,2779.0,0.0,-0.168016,0.30840100000000004,DOM,ATG,560290
11908192,231,13,7511,2017,2384.0,0.0,1.601478,0.277271,USA,ATG,560290
11908193,43,19,7511,2017,1952.0,0.0,1.1127790000000002,1.56869,CHN,BEN,560290
11908194,77,19,7511,2017,12068.0,0.0,1.398427,0.894732,FRA,BEN,560290
11908195,71,21,7511,2017,2106.0,0.0,0.734342,2.8180099999999997,ESP,BFA,560290
11908196,74,21,7511,2017,13817.0,0.0,1.655957,0.962485,FIN,BFA,560290
11908197,224,21,7511,2017,2472.0,0.0,0.541611,2.405872,TUR,BFA,560290
11908198,14,22,7511,2017,33363.0,417524.0,-0.42427200000000004,-0.152921,AUS,BGD,560290
11908199,43,22,7511,2017,182173.0,0.0,1.1127790000000002,1.56869,CHN,BGD,560290
11908200,61,22,7511,2017,3170.0,0.0,2.1149459999999998,-2.525372,DEU,BGD,560290
11908201,77,22,7511,2017,4869.0,3816.0,1.398427,0.894732,FRA,BGD,560290
11908202,97,22,7511,2017,4302.0,0.0,0.824982,1.7162220000000001,HKG,BGD,560290
11908203,103,22,7511,2017,18745.0,0.0,-0.23641700000000002,1.188173,IDN,BGD,560290
11908204,104,22,7511,2017,29150.0,0.0,0.290576,2.726391,IND,BGD,560290
11908205,111,22,7511,2017,1737.0,0.0,1.34395,0.577693,ITA,BGD,560290
11908206,143,22,7511,2017,0.0,3752.0,-1.051544,-0.419183,MMR,BGD,560290
11908207,164,22,7511,2017,1540.0,0.0,-0.319681,0.5788220000000001,NPL,BGD,560290
11908208,192,22,7511,2017,41141.0,0.0,1.884166,0.37903600000000004,SGP,BGD,560290
11908209,224,22,7511,2017,1472.0,0.0,0.541611,2.405872,TUR,BGD,560290
11908210,39,25,7511,2017,6754.0,0.0,0.73897,1.206402,CAN,BHS,560290
11908211,43,25,7511,2017,16965.0,0.0,1.1127790000000002,1.56869,CHN,BHS,560290
11908212,231,25,7511,2017,25957.0,0.0,1.601478,0.277271,USA,BHS,560290
11908213,250,25,7511,2017,22927.0,0.0,0.72523,-0.205046,ANS,BHS,560290
11908214,246,37,7511,2017,3709.0,0.0,0.2066,1.378591,ZAF,BWA,560290
11908215,43,44,7511,2017,4321.0,0.0,1.1127790000000002,1.56869,CHN,CIV,560290
11908216,77,44,7511,2017,145092.0,0.0,1.398427,0.894732,FRA,CIV,560290
11908217,224,44,7511,2017,2056.0,0.0,0.541611,2.405872,TUR,CIV,560290
11908218,231,44,7511,2017,2967.0,0.0,1.601478,0.277271,USA,CIV,560290
11908219,71,45,7511,2017,2038.0,0.0,0.734342,2.8180099999999997,ESP,CMR,560290
11908220,77,45,7511,2017,5920.0,0.0,1.398427,0.894732,FRA,CMR,560290
11908221,111,45,7511,2017,1686.0,0.0,1.34395,0.577693,ITA,CMR,560290
11908222,224,45,7511,2017,10566.0,0.0,0.541611,2.405872,TUR,CMR,560290
11908223,43,46,7511,2017,8235.0,0.0,1.1127790000000002,1.56869,CHN,COD,560290
11908224,104,46,7511,2017,1787.0,0.0,0.290576,2.726391,IND,COD,560290
11908225,7,47,7511,2017,909.0,0.0,0.210477,0.02557,ARE,COG,560290
11908226,77,47,7511,2017,16690.0,0.0,1.398427,0.894732,FRA,COG,560290
11908227,71,51,7511,2017,9783.0,0.0,0.734342,2.8180099999999997,ESP,CPV,560290
11908228,179,51,7511,2017,47884.0,0.0,0.527046,2.264624,PRT,CPV,560290
11908229,71,54,7511,2017,256809.0,0.0,0.734342,2.8180099999999997,ESP,CUB,560290
11908230,111,54,7511,2017,111196.0,0.0,1.34395,0.577693,ITA,CUB,560290
11908231,43,66,7511,2017,249518.0,0.0,1.1127790000000002,1.56869,CHN,DZA,560290
11908232,61,66,7511,2017,1420.0,0.0,2.1149459999999998,-2.525372,DEU,DZA,560290
11908233,71,66,7511,2017,5165.0,0.0,0.734342,2.8180099999999997,ESP,DZA,560290
11908234,77,66,7511,2017,41600.0,0.0,1.398427,0.894732,FRA,DZA,560290
11908235,81,66,7511,2017,2119.0,0.0,1.6883119999999998,0.8347469999999999,GBR,DZA,560290
11908236,111,66,7511,2017,36805.0,0.0,1.34395,0.577693,ITA,DZA,560290
11908237,134,66,7511,2017,14378.0,0.0,-0.757236,-0.065347,MAR,DZA,560290
11908238,162,66,7511,2017,6057.0,0.0,1.146959,1.470869,NLD,DZA,560290
11908239,185,66,7511,2017,6635.0,0.0,1.05479,0.9842219999999999,ROU,DZA,560290
11908240,186,66,7511,2017,16043.0,0.0,0.32885,0.288392,RUS,DZA,560290
11908241,206,66,7511,2017,18191.0,0.0,1.279606,0.85503,SVK,DZA,560290
11908242,224,66,7511,2017,36196.0,0.0,0.541611,2.405872,TUR,DZA,560290
11908243,231,66,7511,2017,2401.0,0.0,1.601478,0.277271,USA,DZA,560290
11908244,7,73,7511,2017,7074.0,0.0,0.210477,0.02557,ARE,ETH,560290
11908245,43,73,7511,2017,14913.0,0.0,1.1127790000000002,1.56869,CHN,ETH,560290
11908246,111,73,7511,2017,797.0,0.0,1.34395,0.577693,ITA,ETH,560290
11908247,192,73,7511,2017,4139.0,0.0,1.884166,0.37903600000000004,SGP,ETH,560290
11908248,224,73,7511,2017,4624.0,0.0,0.541611,2.405872,TUR,ETH,560290
11908249,231,73,7511,2017,995.0,0.0,1.601478,0.277271,USA,ETH,560290
11908250,39,83,7511,2017,7255.0,0.0,0.73897,1.206402,CAN,GHA,560290
11908251,43,83,7511,2017,27895.0,0.0,1.1127790000000002,1.56869,CHN,GHA,560290
11908252,71,83,7511,2017,4752.0,0.0,0.734342,2.8180099999999997,ESP,GHA,560290
11908253,81,83,7511,2017,5757.0,0.0,1.6883119999999998,0.8347469999999999,GBR,GHA,560290
11908254,157,83,7511,2017,0.0,1816.0,-1.250156,-0.995524,NER,GHA,560290
11908255,224,83,7511,2017,13011.0,0.0,0.541611,2.405872,TUR,GHA,560290
11908256,231,83,7511,2017,23339.0,0.0,1.601478,0.277271,USA,GHA,560290
11908257,246,83,7511,2017,1547.0,0.0,0.2066,1.378591,ZAF,GHA,560290
11908258,224,125,7511,2017,4258.0,0.0,0.541611,2.405872,TUR,LBR,560290
11908259,43,141,7511,2017,934.0,0.0,1.1127790000000002,1.56869,CHN,MLI,560290
11908260,186,141,7511,2017,2197.0,0.0,0.32885,0.288392,RUS,MLI,560290
11908261,224,141,7511,2017,8648.0,0.0,0.541611,2.405872,TUR,MLI,560290
11908262,18,148,7511,2017,5922.0,0.0,1.292657,1.19571,BEL,MRT,560290
11908263,43,151,7511,2017,12694.0,0.0,1.1127790000000002,1.56869,CHN,MUS,560290
11908264,77,151,7511,2017,3267.0,0.0,1.398427,0.894732,FRA,MUS,560290
11908265,81,151,7511,2017,0.0,1751.0,1.6883119999999998,0.8347469999999999,GBR,MUS,560290
11908266,121,151,7511,2017,16991.0,0.0,2.011263,0.783215,KOR,MUS,560290
11908267,128,151,7511,2017,1424.0,0.0,-0.46442799999999995,0.472132,LKA,MUS,560290
11908268,136,151,7511,2017,0.0,15586.0,-1.277182,-0.6503399999999999,MDG,MUS,560290
11908269,162,151,7511,2017,1803.0,0.0,1.146959,1.470869,NLD,MUS,560290
11908270,224,151,7511,2017,43032.0,0.0,0.541611,2.405872,TUR,MUS,560290
11908271,43,152,7511,2017,853.0,0.0,1.1127790000000002,1.56869,CHN,MWI,560290
11908272,43,155,7511,2017,1626.0,0.0,1.1127790000000002,1.56869,CHN,NAM,560290
11908273,246,155,7511,2017,120423.0,0.0,0.2066,1.378591,ZAF,NAM,560290
11908274,41,159,7511,2017,6403.0,0.0,2.2557810000000003,0.845459,CHE,NGA,560290
11908275,43,159,7511,2017,131319.0,0.0,1.1127790000000002,1.56869,CHN,NGA,560290
11908276,188,159,7511,2017,625681.0,0.0,0.597716,-0.345049,SAU,NGA,560290
11908277,7,167,7511,2017,76064.0,0.0,0.210477,0.02557,ARE,OMN,560290
11908278,104,167,7511,2017,8107.0,0.0,0.290576,2.726391,IND,OMN,560290
11908279,111,167,7511,2017,64719.0,0.0,1.34395,0.577693,ITA,OMN,560290
11908280,183,167,7511,2017,0.0,8503.0,-0.361327,-1.066869,QAT,OMN,560290
11908281,188,167,7511,2017,63774.0,0.0,0.597716,-0.345049,SAU,OMN,560290
11908282,224,167,7511,2017,3137.0,0.0,0.541611,2.405872,TUR,OMN,560290
11908283,14,176,7511,2017,2614.0,0.0,-0.42427200000000004,-0.152921,AUS,PNG,560290
11908284,43,176,7511,2017,24144.0,0.0,1.1127790000000002,1.56869,CHN,PNG,560290
11908285,43,178,7511,2017,174559.0,0.0,1.1127790000000002,1.56869,CHN,PRK,560290
11908286,224,196,7511,2017,2213.0,0.0,0.541611,2.405872,TUR,SLE,560290
11908287,2,203,7511,2017,5616.0,0.0,-1.408777,-1.215475,AGO,STP,560290
11908288,179,203,7511,2017,2329.0,0.0,0.527046,2.264624,PRT,STP,560290
11908289,43,214,7511,2017,3404.0,0.0,1.1127790000000002,1.56869,CHN,TCD,560290
11908290,43,215,7511,2017,1358.0,0.0,1.1127790000000002,1.56869,CHN,TGO,560290
11908291,71,215,7511,2017,7976.0,0.0,0.734342,2.8180099999999997,ESP,TGO,560290
11908292,43,219,7511,2017,270493.0,0.0,1.1127790000000002,1.56869,CHN,TKM,560290
11908293,224,219,7511,2017,172915.0,0.0,0.541611,2.405872,TUR,TKM,560290
11908294,7,226,7511,2017,5304.0,0.0,0.210477,0.02557,ARE,TZA,560290
11908295,43,226,7511,2017,72747.0,0.0,1.1127790000000002,1.56869,CHN,TZA,560290
11908296,61,226,7511,2017,8392.0,0.0,2.1149459999999998,-2.525372,DEU,TZA,560290
11908297,104,226,7511,2017,1446.0,0.0,0.290576,2.726391,IND,TZA,560290
11908298,43,227,7511,2017,3513.0,0.0,1.1127790000000002,1.56869,CHN,UGA,560290
11908299,224,227,7511,2017,3845.0,0.0,0.541611,2.405872,TUR,UGA,560290
11908300,246,227,7511,2017,2639.0,0.0,0.2066,1.378591,ZAF,UGA,560290
11908301,231,237,7511,2017,5953.0,0.0,1.601478,0.277271,USA,VGB,560290
11908302,14,239,7511,2017,1104.0,22773.0,-0.42427200000000004,-0.152921,AUS,VNM,560290
11908303,41,239,7511,2017,3657.0,0.0,2.2557810000000003,0.845459,CHE,VNM,560290
11908304,43,239,7511,2017,1884380.0,353165.0,1.1127790000000002,1.56869,CHN,VNM,560290
11908305,61,239,7511,2017,8503.0,0.0,2.1149459999999998,-2.525372,DEU,VNM,560290
11908306,77,239,7511,2017,6065.0,0.0,1.398427,0.894732,FRA,VNM,560290
11908307,81,239,7511,2017,8547.0,0.0,1.6883119999999998,0.8347469999999999,GBR,VNM,560290
11908308,97,239,7511,2017,161318.0,12883.0,0.824982,1.7162220000000001,HKG,VNM,560290
11908309,103,239,7511,2017,5781.0,95821.0,-0.23641700000000002,1.188173,IDN,VNM,560290
11908310,104,239,7511,2017,1220.0,0.0,0.290576,2.726391,IND,VNM,560290
11908311,106,239,7511,2017,418.0,0.0,1.363544,0.169211,IRL,VNM,560290
11908312,111,239,7511,2017,1573.0,0.0,1.34395,0.577693,ITA,VNM,560290
11908313,114,239,7511,2017,562864.0,2770.0,2.4510419999999997,-0.277357,JPN,VNM,560290
11908314,118,239,7511,2017,0.0,12757.0,-0.656325,-0.622167,KHM,VNM,560290
11908315,121,239,7511,2017,132853.0,0.0,2.011263,0.783215,KOR,VNM,560290
11908316,123,239,7511,2017,0.0,3621.0,-0.9742190000000001,-0.727593,LAO,VNM,560290
11908317,143,239,7511,2017,0.0,86744.0,-1.051544,-0.419183,MMR,VNM,560290
11908318,153,239,7511,2017,3833.0,0.0,1.0110139999999999,0.6840729999999999,MYS,VNM,560290
11908319,174,239,7511,2017,0.0,84336.0,0.657759,0.170061,PHL,VNM,560290
11908320,192,239,7511,2017,13453.0,0.0,1.884166,0.37903600000000004,SGP,VNM,560290
11908321,206,239,7511,2017,2064.0,0.0,1.279606,0.85503,SVK,VNM,560290
11908322,216,239,7511,2017,567280.0,0.0,0.983977,1.3926020000000001,THA,VNM,560290
11908323,224,239,7511,2017,45427.0,0.0,0.541611,2.405872,TUR,VNM,560290
11908324,231,239,7511,2017,49891.0,3754.0,1.601478,0.277271,USA,VNM,560290
11908325,249,239,7511,2017,129444.0,0.0,2.0548290000000002,1.2552969999999999,TWN,VNM,560290
11908326,250,239,7511,2017,8336.0,0.0,0.72523,-0.205046,ANS,VNM,560290
11908327,43,247,7511,2017,1393.0,0.0,1.1127790000000002,1.56869,CHN,ZMB,560290
11908328,246,247,7511,2017,3967.0,0.0,0.2066,1.378591,ZAF,ZMB,560290
11908329,7,248,7511,2017,1507.0,0.0,0.210477,0.02557,ARE,ZWE,560290
11908330,43,248,7511,2017,1161.0,0.0,1.1127790000000002,1.56869,CHN,ZWE,560290
11908331,231,248,7511,2017,6539.0,0.0,1.601478,0.277271,USA,ZWE,560290
11908332,246,248,7511,2017,127036.0,0.0,0.2066,1.378591,ZAF,ZWE,560290
11908333,43,9,7511,2017,17030.0,0.0,1.1127790000000002,1.56869,CHN,ARM,560290
11908334,107,9,7511,2017,7504.0,0.0,-0.361292,-0.361813,IRN,ARM,560290
11908335,224,9,7511,2017,317.0,0.0,0.541611,2.405872,TUR,ARM,560290
11908336,231,120,7511,2017,7285.0,0.0,1.601478,0.277271,USA,KNA,560290
11908337,104,35,7511,2017,5766.0,0.0,0.290576,2.726391,IND,BTN,560290
11908338,231,57,7511,2017,6293.0,0.0,1.601478,0.277271,USA,CYM,560290
11908339,64,92,7511,2017,36924.0,0.0,1.159753,1.233914,DNK,GRL,560290
11908340,107,108,7511,2017,507974.0,0.0,-0.361292,-0.361813,IRN,IRQ,560290
11908341,224,108,7511,2017,280645.0,0.0,0.541611,2.405872,TUR,IRQ,560290
11908342,18,126,7511,2017,1469.0,0.0,1.292657,1.19571,BEL,LBY,560290
11908343,224,126,7511,2017,17721.0,0.0,0.541611,2.405872,TUR,LBY,560290
11908344,41,140,7511,2017,864.0,0.0,2.2557810000000003,0.845459,CHE,MKD,560290
11908345,43,140,7511,2017,1307.0,0.0,1.1127790000000002,1.56869,CHN,MKD,560290
11908346,61,140,7511,2017,6675.0,0.0,2.1149459999999998,-2.525372,DEU,MKD,560290
11908347,111,140,7511,2017,396726.0,1870.0,1.34395,0.577693,ITA,MKD,560290
11908348,201,140,7511,2017,18729.0,0.0,0.541644,1.19872,SRB,MKD,560290
11908349,224,140,7511,2017,136032.0,0.0,0.541611,2.405872,TUR,MKD,560290
11908350,43,145,7511,2017,89905.0,15092.0,1.1127790000000002,1.56869,CHN,MNG,560290
11908351,114,145,7511,2017,252083.0,0.0,2.4510419999999997,-0.277357,JPN,MNG,560290
11908352,121,145,7511,2017,73031.0,1779.0,2.011263,0.783215,KOR,MNG,560290
11908353,163,145,7511,2017,0.0,1198.0,0.73658,0.11450199999999999,NOR,MNG,560290
11908354,224,199,7511,2017,1988.0,0.0,0.541611,2.405872,TUR,SOM,560290
11908355,162,0,7511,2017,1091.0,0.0,1.146959,1.470869,NLD,ABW,560290
11908356,231,0,7511,2017,37506.0,0.0,1.601478,0.277271,USA,ABW,560290
11908357,107,1,7511,2017,120041.0,0.0,-0.361292,-0.361813,IRN,AFG,560290
11908358,43,2,7511,2017,113075.0,0.0,1.1127790000000002,1.56869,CHN,AGO,560290
11908359,179,2,7511,2017,49727.0,0.0,0.527046,2.264624,PRT,AGO,560290
11908360,203,2,7511,2017,0.0,5616.0,0.531107,-0.43282200000000004,STP,AGO,560290
11908361,61,4,7511,2017,2957.0,0.0,2.1149459999999998,-2.525372,DEU,ALB,560290
11908362,81,4,7511,2017,1519.0,0.0,1.6883119999999998,0.8347469999999999,GBR,ALB,560290
11908363,111,4,7511,2017,1686.0,15956.0,1.34395,0.577693,ITA,ALB,560290
11908364,185,4,7511,2017,2962.0,0.0,1.05479,0.9842219999999999,ROU,ALB,560290
11908365,201,4,7511,2017,4804.0,0.0,0.541644,1.19872,SRB,ALB,560290
11908366,224,4,7511,2017,25927.0,0.0,0.541611,2.405872,TUR,ALB,560290
11908367,71,5,7511,2017,38540.0,0.0,0.734342,2.8180099999999997,ESP,AND,560290
11908368,77,5,7511,2017,3937.0,0.0,1.398427,0.894732,FRA,AND,560290
11908369,43,29,7511,2017,10284.0,0.0,1.1127790000000002,1.56869,CHN,BLZ,560290
11908370,138,29,7511,2017,2453.0,0.0,1.08871,0.5745279999999999,MEX,BLZ,560290
11908371,231,29,7511,2017,6729.0,0.0,1.601478,0.277271,USA,BLZ,560290
11908372,231,30,7511,2017,13240.0,0.0,1.601478,0.277271,USA,BMU,560290
11908373,43,34,7511,2017,10148.0,0.0,1.1127790000000002,1.56869,CHN,BRN,560290
11908374,103,34,7511,2017,4124.0,0.0,-0.23641700000000002,1.188173,IDN,BRN,560290
11908375,153,34,7511,2017,1950.0,0.0,1.0110139999999999,0.6840729999999999,MYS,BRN,560290
11908376,192,34,7511,2017,3227.0,0.0,1.884166,0.37903600000000004,SGP,BRN,560290
11908377,14,75,7511,2017,19575.0,0.0,-0.42427200000000004,-0.152921,AUS,FJI,560290
11908378,43,75,7511,2017,1146.0,0.0,1.1127790000000002,1.56869,CHN,FJI,560290
11908379,166,75,7511,2017,5536.0,0.0,0.25651199999999996,0.132996,NZL,FJI,560290
11908380,64,78,7511,2017,2028.0,0.0,1.159753,1.233914,DNK,FRO,560290
11908381,71,84,7511,2017,1186.0,0.0,0.734342,2.8180099999999997,ESP,GIB,560290
11908382,231,91,7511,2017,37680.0,0.0,1.601478,0.277271,USA,GRD,560290
11908383,65,101,7511,2017,4406.0,0.0,-0.168016,0.30840100000000004,DOM,HTI,560290
11908384,43,123,7511,2017,4688.0,0.0,1.1127790000000002,1.56869,CHN,LAO,560290
11908385,114,123,7511,2017,95060.0,0.0,2.4510419999999997,-0.277357,JPN,LAO,560290
11908386,216,123,7511,2017,2712.0,0.0,0.983977,1.3926020000000001,THA,LAO,560290
11908387,239,123,7511,2017,3621.0,0.0,-0.009819,0.686429,VNM,LAO,560290
11908388,246,129,7511,2017,2144.0,0.0,0.2066,1.378591,ZAF,LSO,560290
11908389,7,137,7511,2017,45948.0,0.0,0.210477,0.02557,ARE,MDV,560290
11908390,43,137,7511,2017,26932.0,0.0,1.1127790000000002,1.56869,CHN,MDV,560290
11908391,104,137,7511,2017,1631.0,0.0,0.290576,2.726391,IND,MDV,560290
11908392,77,156,7511,2017,1767.0,0.0,1.398427,0.894732,FRA,NCL,560290
11908393,7,157,7511,2017,2077.0,0.0,0.210477,0.02557,ARE,NER,560290
11908394,83,157,7511,2017,1816.0,0.0,-0.929143,-0.811439,GHA,NER,560290
11908395,224,157,7511,2017,939.0,0.0,0.541611,2.405872,TUR,NER,560290
11908396,7,164,7511,2017,0.0,7423.0,0.210477,0.02557,ARE,NPL,560290
11908397,14,164,7511,2017,0.0,44990.0,-0.42427200000000004,-0.152921,AUS,NPL,560290
11908398,15,164,7511,2017,0.0,33888.0,1.728623,-0.031045999999999997,AUT,NPL,560290
11908399,18,164,7511,2017,0.0,21362.0,1.292657,1.19571,BEL,NPL,560290
11908400,22,164,7511,2017,0.0,1540.0,-1.016251,-0.987654,BGD,NPL,560290
11908401,39,164,7511,2017,0.0,71995.0,0.73897,1.206402,CAN,NPL,560290
11908402,41,164,7511,2017,0.0,22240.0,2.2557810000000003,0.845459,CHE,NPL,560290
11908403,42,164,7511,2017,0.0,11590.0,-0.378693,-0.492983,CHL,NPL,560290
11908404,43,164,7511,2017,1397.0,9115.0,1.1127790000000002,1.56869,CHN,NPL,560290
11908405,59,164,7511,2017,0.0,854.0,1.7715130000000001,0.359668,CZE,NPL,560290
11908406,61,164,7511,2017,0.0,306487.0,2.1149459999999998,-2.525372,DEU,NPL,560290
11908407,64,164,7511,2017,1599.0,612239.0,1.159753,1.233914,DNK,NPL,560290
11908408,71,164,7511,2017,0.0,20208.0,0.734342,2.8180099999999997,ESP,NPL,560290
11908409,74,164,7511,2017,0.0,22967.0,1.655957,0.962485,FIN,NPL,560290
11908410,77,164,7511,2017,0.0,83135.0,1.398427,0.894732,FRA,NPL,560290
11908411,81,164,7511,2017,0.0,237189.0,1.6883119999999998,0.8347469999999999,GBR,NPL,560290
11908412,97,164,7511,2017,0.0,14697.0,0.824982,1.7162220000000001,HKG,NPL,560290
11908413,102,164,7511,2017,0.0,890.0,1.4886270000000001,0.845986,HUN,NPL,560290
11908414,103,164,7511,2017,0.0,1641.0,-0.23641700000000002,1.188173,IDN,NPL,560290
11908415,104,164,7511,2017,11724.0,3106.0,0.290576,2.726391,IND,NPL,560290
11908416,110,164,7511,2017,0.0,3814.0,1.436156,0.776574,ISR,NPL,560290
11908417,111,164,7511,2017,1270.0,15826.0,1.34395,0.577693,ITA,NPL,560290
11908418,114,164,7511,2017,0.0,257071.0,2.4510419999999997,-0.277357,JPN,NPL,560290
11908419,121,164,7511,2017,0.0,33154.0,2.011263,0.783215,KOR,NPL,560290
11908420,122,164,7511,2017,0.0,2399.0,-0.229821,-1.128482,KWT,NPL,560290
11908421,138,164,7511,2017,0.0,3258.0,1.08871,0.5745279999999999,MEX,NPL,560290
11908422,162,164,7511,2017,0.0,221065.0,1.146959,1.470869,NLD,NPL,560290
11908423,163,164,7511,2017,0.0,77552.0,0.73658,0.11450199999999999,NOR,NPL,560290
11908424,166,164,7511,2017,0.0,17557.0,0.25651199999999996,0.132996,NZL,NPL,560290
11908425,177,164,7511,2017,0.0,4666.0,1.197417,1.092716,POL,NPL,560290
11908426,188,164,7511,2017,0.0,1212.0,0.597716,-0.345049,SAU,NPL,560290
11908427,192,164,7511,2017,0.0,9383.0,1.884166,0.37903600000000004,SGP,NPL,560290
11908428,206,164,7511,2017,0.0,1344.0,1.279606,0.85503,SVK,NPL,560290
11908429,208,164,7511,2017,0.0,44034.0,1.764732,0.732646,SWE,NPL,560290
11908430,216,164,7511,2017,0.0,2987.0,0.983977,1.3926020000000001,THA,NPL,560290
11908431,224,164,7511,2017,0.0,15248.0,0.541611,2.405872,TUR,NPL,560290
11908432,231,164,7511,2017,0.0,64493.0,1.601478,0.277271,USA,NPL,560290
11908433,249,164,7511,2017,0.0,22223.0,2.0548290000000002,1.2552969999999999,TWN,NPL,560290
11908434,250,164,7511,2017,5109.0,0.0,0.72523,-0.205046,ANS,NPL,560290
11908435,39,182,7511,2017,4304.0,0.0,0.73897,1.206402,CAN,PYF,560290
11908436,77,182,7511,2017,1250.0,0.0,1.398427,0.894732,FRA,PYF,560290
11908437,43,195,7511,2017,6987.0,0.0,1.1127790000000002,1.56869,CHN,SLB,560290
11908438,41,211,7511,2017,959.0,0.0,2.2557810000000003,0.845459,CHE,SYC,560290
11908439,162,211,7511,2017,1245.0,0.0,1.146959,1.470869,NLD,SYC,560290
11908440,124,212,7511,2017,39978.0,7022.0,0.266847,1.117621,LBN,SYR,560290
11908441,224,212,7511,2017,11378.0,0.0,0.541611,2.405872,TUR,SYR,560290
11908442,43,217,7511,2017,23001.0,0.0,1.1127790000000002,1.56869,CHN,TJK,560290
11908443,231,234,7511,2017,1372.0,0.0,1.601478,0.277271,USA,VCT,560290
11908444,41,243,7511,2017,1081.0,0.0,2.2557810000000003,0.845459,CHE,YEM,560290
11908445,188,243,7511,2017,52548.0,0.0,0.597716,-0.345049,SAU,YEM,560290
11908446,224,243,7511,2017,1310.0,0.0,0.541611,2.405872,TUR,YEM,560290
11908447,231,210,7511,2017,5848.0,0.0,1.601478,0.277271,USA,SXM,560290
11908448,112,213,7511,2017,18401.0,0.0,-0.497654,-0.76481,JAM,TCA,560290
11908449,231,213,7511,2017,2777.0,0.0,1.601478,0.277271,USA,TCA,560290
11908450,18,7,7553,2017,1913.0,0.0,1.292657,1.19571,BEL,ARE,580110
11908451,41,7,7553,2017,10095.0,0.0,2.2557810000000003,0.845459,CHE,ARE,580110
11908452,43,7,7553,2017,30509.0,0.0,1.1127790000000002,1.56869,CHN,ARE,580110
11908453,46,7,7553,2017,0.0,1173.0,-1.3960569999999999,-1.126784,COD,ARE,580110
11908454,61,7,7553,2017,3196.0,0.0,2.1149459999999998,-2.525372,DEU,ARE,580110
11908455,64,7,7553,2017,18277.0,0.0,1.159753,1.233914,DNK,ARE,580110
11908456,71,7,7553,2017,1102.0,0.0,0.734342,2.8180099999999997,ESP,ARE,580110
11908457,77,7,7553,2017,16825.0,0.0,1.398427,0.894732,FRA,ARE,580110
11908458,81,7,7553,2017,31903.0,0.0,1.6883119999999998,0.8347469999999999,GBR,ARE,580110
11908459,103,7,7553,2017,0.0,2066.0,-0.23641700000000002,1.188173,IDN,ARE,580110
11908460,104,7,7553,2017,38177.0,32503.0,0.290576,2.726391,IND,ARE,580110
11908461,111,7,7553,2017,3810.0,0.0,1.34395,0.577693,ITA,ARE,580110
11908462,122,7,7553,2017,0.0,15283.0,-0.229821,-1.128482,KWT,ARE,580110
11908463,155,7,7553,2017,0.0,7727.0,-0.5221060000000001,-0.7365079999999999,NAM,ARE,580110
11908464,162,7,7553,2017,2109.0,0.0,1.146959,1.470869,NLD,ARE,580110
11908465,167,7,7553,2017,0.0,37514.0,-0.347684,-0.884569,OMN,ARE,580110
11908466,174,7,7553,2017,0.0,6667.0,0.657759,0.170061,PHL,ARE,580110
11908467,187,7,7553,2017,0.0,1987.0,-0.7610319999999999,-0.680251,RWA,ARE,580110
11908468,224,7,7553,2017,5110.0,0.0,0.541611,2.405872,TUR,ARE,580110
11908469,231,7,7553,2017,91352.0,0.0,1.601478,0.277271,USA,ARE,580110
11908470,246,7,7553,2017,2108.0,0.0,0.2066,1.378591,ZAF,ARE,580110
11908471,61,8,7553,2017,3860.0,0.0,2.1149459999999998,-2.525372,DEU,ARG,580110
11908472,81,8,7553,2017,1479.0,0.0,1.6883119999999998,0.8347469999999999,GBR,ARG,580110
11908473,18,15,7553,2017,1577227.0,1148.0,1.292657,1.19571,BEL,AUT,580110
11908474,26,15,7553,2017,5128.0,48119.0,0.43245,0.726721,BIH,AUT,580110
11908475,39,15,7553,2017,0.0,1153.0,0.73897,1.206402,CAN,AUT,580110
11908476,41,15,7553,2017,1260.0,0.0,2.2557810000000003,0.845459,CHE,AUT,580110
11908477,61,15,7553,2017,35418.0,19283.0,2.1149459999999998,-2.525372,DEU,AUT,580110
11908478,64,15,7553,2017,11490.0,0.0,1.159753,1.233914,DNK,AUT,580110
11908479,74,15,7553,2017,0.0,60242.0,1.655957,0.962485,FIN,AUT,580110
11908480,77,15,7553,2017,3296.0,17672.0,1.398427,0.894732,FRA,AUT,580110
11908481,81,15,7553,2017,1826.0,3370.0,1.6883119999999998,0.8347469999999999,GBR,AUT,580110
11908482,100,15,7553,2017,0.0,11822.0,0.860825,1.365445,HRV,AUT,580110
11908483,102,15,7553,2017,0.0,5034.0,1.4886270000000001,0.845986,HUN,AUT,580110
11908484,111,15,7553,2017,12234.0,10351.0,1.34395,0.577693,ITA,AUT,580110
11908485,130,15,7553,2017,0.0,6885.0,0.855858,1.447717,LTU,AUT,580110
11908486,162,15,7553,2017,8626.0,0.0,1.146959,1.470869,NLD,AUT,580110
11908487,177,15,7553,2017,0.0,2815.0,1.197417,1.092716,POL,AUT,580110
11908488,206,15,7553,2017,40840.0,2889.0,1.279606,0.85503,SVK,AUT,580110
11908489,231,15,7553,2017,68309.0,2962.0,1.601478,0.277271,USA,AUT,580110
11908490,5,18,7553,2017,0.0,3331.0,1.097505,0.480863,AND,BEL,580110
11908491,7,18,7553,2017,0.0,1913.0,0.210477,0.02557,ARE,BEL,580110
11908492,14,18,7553,2017,0.0,5274.0,-0.42427200000000004,-0.152921,AUS,BEL,580110
11908493,15,18,7553,2017,1148.0,1577227.0,1.728623,-0.031045999999999997,AUT,BEL,580110
11908494,32,18,7553,2017,0.0,3783.0,0.145224,0.483461,BRA,BEL,580110
11908495,39,18,7553,2017,0.0,10758.0,0.73897,1.206402,CAN,BEL,580110
11908496,41,18,7553,2017,0.0,699464.0,2.2557810000000003,0.845459,CHE,BEL,580110
11908497,43,18,7553,2017,11721.0,185265.0,1.1127790000000002,1.56869,CHN,BEL,580110
11908498,59,18,7553,2017,0.0,117454.0,1.7715130000000001,0.359668,CZE,BEL,580110
11908499,61,18,7553,2017,25894.0,298287.0,2.1149459999999998,-2.525372,DEU,BEL,580110
11908500,64,18,7553,2017,6466.0,50898.0,1.159753,1.233914,DNK,BEL,580110
11908501,66,18,7553,2017,0.0,58380.0,-0.9905579999999999,-1.1996200000000001,DZA,BEL,580110
11908502,71,18,7553,2017,0.0,94271.0,0.734342,2.8180099999999997,ESP,BEL,580110
11908503,74,18,7553,2017,0.0,20323.0,1.655957,0.962485,FIN,BEL,580110
11908504,77,18,7553,2017,28897.0,182694.0,1.398427,0.894732,FRA,BEL,580110
11908505,81,18,7553,2017,564268.0,117914.0,1.6883119999999998,0.8347469999999999,GBR,BEL,580110
11908506,90,18,7553,2017,0.0,5860.0,0.154098,1.151038,GRC,BEL,580110
11908507,97,18,7553,2017,0.0,20330.0,0.824982,1.7162220000000001,HKG,BEL,580110
11908508,104,18,7553,2017,0.0,23570.0,0.290576,2.726391,IND,BEL,580110
11908509,111,18,7553,2017,5227227.0,193894.0,1.34395,0.577693,ITA,BEL,580110
11908510,121,18,7553,2017,0.0,1472.0,2.011263,0.783215,KOR,BEL,580110
11908511,122,18,7553,2017,0.0,1048.0,-0.229821,-1.128482,KWT,BEL,580110
11908512,130,18,7553,2017,0.0,58964.0,0.855858,1.447717,LTU,BEL,580110
11908513,131,18,7553,2017,0.0,116020.0,1.24064,1.298263,LUX,BEL,580110
11908514,138,18,7553,2017,0.0,4783.0,1.08871,0.5745279999999999,MEX,BEL,580110
11908515,140,18,7553,2017,0.0,87360.0,-0.0292,-0.377156,MKD,BEL,580110
11908516,162,18,7553,2017,310164.0,429643.0,1.146959,1.470869,NLD,BEL,580110
11908517,163,18,7553,2017,0.0,2042.0,0.73658,0.11450199999999999,NOR,BEL,580110
11908518,177,18,7553,2017,0.0,419539.0,1.197417,1.092716,POL,BEL,580110
11908519,179,18,7553,2017,0.0,56780.0,0.527046,2.264624,PRT,BEL,580110
11908520,185,18,7553,2017,0.0,6758.0,1.05479,0.9842219999999999,ROU,BEL,580110
11908521,196,18,7553,2017,0.0,727.0,-0.37777,-0.6353270000000001,SLE,BEL,580110
11908522,208,18,7553,2017,0.0,2925.0,1.764732,0.732646,SWE,BEL,580110
11908523,216,18,7553,2017,0.0,948.0,0.983977,1.3926020000000001,THA,BEL,580110
11908524,224,18,7553,2017,0.0,65484.0,0.541611,2.405872,TUR,BEL,580110
11908525,231,18,7553,2017,56469.0,2911059.0,1.601478,0.277271,USA,BEL,580110
11908526,239,18,7553,2017,0.0,6908.0,-0.009819,0.686429,VNM,BEL,580110
11908527,39,23,7553,2017,0.0,7835.0,0.73897,1.206402,CAN,BGR,580110
11908528,61,23,7553,2017,14104.0,0.0,2.1149459999999998,-2.525372,DEU,BGR,580110
11908529,77,23,7553,2017,5459.0,0.0,1.398427,0.894732,FRA,BGR,580110
11908530,81,23,7553,2017,5241.0,0.0,1.6883119999999998,0.8347469999999999,GBR,BGR,580110
11908531,111,23,7553,2017,1477.0,0.0,1.34395,0.577693,ITA,BGR,580110
11908532,177,23,7553,2017,4089.0,0.0,1.197417,1.092716,POL,BGR,580110
11908533,185,23,7553,2017,0.0,4648.0,1.05479,0.9842219999999999,ROU,BGR,580110
11908534,231,23,7553,2017,0.0,16645.0,1.601478,0.277271,USA,BGR,580110
11908535,18,32,7553,2017,3783.0,0.0,1.292657,1.19571,BEL,BRA,580110
11908536,61,32,7553,2017,3863.0,0.0,2.1149459999999998,-2.525372,DEU,BRA,580110
11908537,81,32,7553,2017,73890.0,0.0,1.6883119999999998,0.8347469999999999,GBR,BRA,580110
11908538,111,32,7553,2017,151702.0,0.0,1.34395,0.577693,ITA,BRA,580110
11908539,179,32,7553,2017,48715.0,0.0,0.527046,2.264624,PRT,BRA,580110
11908540,231,32,7553,2017,29142.0,0.0,1.601478,0.277271,USA,BRA,580110
11908541,81,33,7553,2017,27918.0,0.0,1.6883119999999998,0.8347469999999999,GBR,BRB,580110
11908542,14,39,7553,2017,1156.0,0.0,-0.42427200000000004,-0.152921,AUS,CAN,580110
11908543,15,39,7553,2017,1153.0,0.0,1.728623,-0.031045999999999997,AUT,CAN,580110
11908544,18,39,7553,2017,10758.0,0.0,1.292657,1.19571,BEL,CAN,580110
11908545,23,39,7553,2017,7835.0,0.0,0.557843,1.7221119999999999,BGR,CAN,580110
11908546,41,39,7553,2017,3641.0,0.0,2.2557810000000003,0.845459,CHE,CAN,580110
11908547,43,39,7553,2017,19193.0,0.0,1.1127790000000002,1.56869,CHN,CAN,580110
11908548,61,39,7553,2017,4752.0,0.0,2.1149459999999998,-2.525372,DEU,CAN,580110
11908549,68,39,7553,2017,0.0,2018.0,-0.073436,1.829121,EGY,CAN,580110
11908550,71,39,7553,2017,1669.0,0.0,0.734342,2.8180099999999997,ESP,CAN,580110
11908551,77,39,7553,2017,14115.0,0.0,1.398427,0.894732,FRA,CAN,580110
11908552,81,39,7553,2017,518722.0,0.0,1.6883119999999998,0.8347469999999999,GBR,CAN,580110
11908553,104,39,7553,2017,6299.0,0.0,0.290576,2.726391,IND,CAN,580110
11908554,111,39,7553,2017,11418.0,8532.0,1.34395,0.577693,ITA,CAN,580110
11908555,114,39,7553,2017,3244.0,0.0,2.4510419999999997,-0.277357,JPN,CAN,580110
11908556,130,39,7553,2017,2232.0,0.0,0.855858,1.447717,LTU,CAN,580110
11908557,138,39,7553,2017,55290.0,0.0,1.08871,0.5745279999999999,MEX,CAN,580110
11908558,162,39,7553,2017,534313.0,0.0,1.146959,1.470869,NLD,CAN,580110
11908559,208,39,7553,2017,4623.0,0.0,1.764732,0.732646,SWE,CAN,580110
11908560,216,39,7553,2017,3758.0,0.0,0.983977,1.3926020000000001,THA,CAN,580110
11908561,231,39,7553,2017,1252961.0,220823.0,1.601478,0.277271,USA,CAN,580110
11908562,5,41,7553,2017,0.0,9086.0,1.097505,0.480863,AND,CHE,580110
11908563,7,41,7553,2017,0.0,10095.0,0.210477,0.02557,ARE,CHE,580110
11908564,14,41,7553,2017,0.0,1266.0,-0.42427200000000004,-0.152921,AUS,CHE,580110
11908565,15,41,7553,2017,0.0,1260.0,1.728623,-0.031045999999999997,AUT,CHE,580110
11908566,18,41,7553,2017,699464.0,0.0,1.292657,1.19571,BEL,CHE,580110
11908567,39,41,7553,2017,0.0,3641.0,0.73897,1.206402,CAN,CHE,580110
11908568,42,41,7553,2017,0.0,3200.0,-0.378693,-0.492983,CHL,CHE,580110
11908569,43,41,7553,2017,0.0,37616.0,1.1127790000000002,1.56869,CHN,CHE,580110
11908570,58,41,7553,2017,0.0,3207.0,0.576982,0.279989,CYP,CHE,580110
11908571,59,41,7553,2017,0.0,196839.0,1.7715130000000001,0.359668,CZE,CHE,580110
11908572,61,41,7553,2017,300757.0,488797.0,2.1149459999999998,-2.525372,DEU,CHE,580110
11908573,64,41,7553,2017,964.0,1292.0,1.159753,1.233914,DNK,CHE,580110
11908574,66,41,7553,2017,0.0,5305.0,-0.9905579999999999,-1.1996200000000001,DZA,CHE,580110
11908575,71,41,7553,2017,24102.0,12682.0,0.734342,2.8180099999999997,ESP,CHE,580110
11908576,77,41,7553,2017,220688.0,381796.0,1.398427,0.894732,FRA,CHE,580110
11908577,81,41,7553,2017,254034.0,1755.0,1.6883119999999998,0.8347469999999999,GBR,CHE,580110
11908578,90,41,7553,2017,0.0,2445.0,0.154098,1.151038,GRC,CHE,580110
11908579,104,41,7553,2017,1016.0,0.0,0.290576,2.726391,IND,CHE,580110
11908580,107,41,7553,2017,0.0,484.0,-0.361292,-0.361813,IRN,CHE,580110
11908581,111,41,7553,2017,23271.0,189255.0,1.34395,0.577693,ITA,CHE,580110
11908582,113,41,7553,2017,0.0,19713.0,0.020035,0.295415,JOR,CHE,580110
11908583,121,41,7553,2017,0.0,3689.0,2.011263,0.783215,KOR,CHE,580110
11908584,122,41,7553,2017,0.0,6028.0,-0.229821,-1.128482,KWT,CHE,580110
11908585,128,41,7553,2017,0.0,1889.0,-0.46442799999999995,0.472132,LKA,CHE,580110
11908586,130,41,7553,2017,0.0,2227.0,0.855858,1.447717,LTU,CHE,580110
11908587,138,41,7553,2017,0.0,6523.0,1.08871,0.5745279999999999,MEX,CHE,580110
11908588,162,41,7553,2017,3912.0,122476.0,1.146959,1.470869,NLD,CHE,580110
11908589,163,41,7553,2017,0.0,224920.0,0.73658,0.11450199999999999,NOR,CHE,580110
11908590,177,41,7553,2017,0.0,87657.0,1.197417,1.092716,POL,CHE,580110
11908591,179,41,7553,2017,664899.0,13320.0,0.527046,2.264624,PRT,CHE,580110
11908592,185,41,7553,2017,0.0,5306.0,1.05479,0.9842219999999999,ROU,CHE,580110
11908593,186,41,7553,2017,0.0,2172.0,0.32885,0.288392,RUS,CHE,580110
11908594,188,41,7553,2017,0.0,8998.0,0.597716,-0.345049,SAU,CHE,580110
11908595,192,41,7553,2017,0.0,3595.0,1.884166,0.37903600000000004,SGP,CHE,580110
11908596,201,41,7553,2017,0.0,1068.0,0.541644,1.19872,SRB,CHE,580110
11908597,206,41,7553,2017,0.0,4955.0,1.279606,0.85503,SVK,CHE,580110
11908598,228,41,7553,2017,0.0,373.0,0.461109,0.7826569999999999,UKR,CHE,580110
11908599,231,41,7553,2017,84485.0,19565.0,1.601478,0.277271,USA,CHE,580110
11908600,236,41,7553,2017,0.0,1643.0,-0.8874559999999999,-1.178752,VEN,CHE,580110
11908601,246,41,7553,2017,3453.0,7230.0,0.2066,1.378591,ZAF,CHE,580110
11908602,41,42,7553,2017,3200.0,0.0,2.2557810000000003,0.845459,CHE,CHL,580110
11908603,43,42,7553,2017,0.0,1317.0,1.1127790000000002,1.56869,CHN,CHL,580110
11908604,71,42,7553,2017,2361.0,0.0,0.734342,2.8180099999999997,ESP,CHL,580110
11908605,77,42,7553,2017,3945.0,0.0,1.398427,0.894732,FRA,CHL,580110
11908606,81,42,7553,2017,22486.0,0.0,1.6883119999999998,0.8347469999999999,GBR,CHL,580110
11908607,111,42,7553,2017,9354.0,0.0,1.34395,0.577693,ITA,CHL,580110
11908608,231,42,7553,2017,4640.0,0.0,1.601478,0.277271,USA,CHL,580110
11908609,250,42,7553,2017,3139.0,0.0,0.72523,-0.205046,ANS,CHL,580110
11908610,7,43,7553,2017,0.0,30509.0,0.210477,0.02557,ARE,CHN,580110
11908611,14,43,7553,2017,70206.0,18176.0,-0.42427200000000004,-0.152921,AUS,CHN,580110
11908612,17,43,7553,2017,0.0,284034.0,-0.637985,-1.051277,BDI,CHN,580110
11908613,18,43,7553,2017,185265.0,11721.0,1.292657,1.19571,BEL,CHN,580110
11908614,19,43,7553,2017,0.0,29131.0,-0.755027,-0.796864,BEN,CHN,580110
11908615,22,43,7553,2017,0.0,157388.0,-1.016251,-0.987654,BGD,CHN,580110
11908616,24,43,7553,2017,0.0,1737.0,0.485479,-0.5348890000000001,BHR,CHN,580110
11908617,28,43,7553,2017,0.0,40936.0,0.8115829999999999,0.8323459999999999,BLR,CHN,580110
11908618,31,43,7553,2017,0.0,1476.0,-1.158425,-1.076242,BOL,CHN,580110
11908619,34,43,7553,2017,0.0,116280.0,0.270525,-0.747949,BRN,CHN,580110
11908620,39,43,7553,2017,0.0,19193.0,0.73897,1.206402,CAN,CHN,580110
11908621,41,43,7553,2017,37616.0,0.0,2.2557810000000003,0.845459,CHE,CHN,580110
11908622,42,43,7553,2017,1317.0,0.0,-0.378693,-0.492983,CHL,CHN,580110
11908623,46,43,7553,2017,0.0,4586.0,-1.3960569999999999,-1.126784,COD,CHN,580110
11908624,61,43,7553,2017,57415.0,2068.0,2.1149459999999998,-2.525372,DEU,CHN,580110
11908625,64,43,7553,2017,5051.0,0.0,1.159753,1.233914,DNK,CHN,580110
11908626,68,43,7553,2017,0.0,85380.0,-0.073436,1.829121,EGY,CHN,580110
11908627,71,43,7553,2017,18775.0,0.0,0.734342,2.8180099999999997,ESP,CHN,580110
11908628,73,43,7553,2017,0.0,31477.0,-1.007413,-0.638231,ETH,CHN,580110
11908629,77,43,7553,2017,13316.0,2046.0,1.398427,0.894732,FRA,CHN,580110
11908630,81,43,7553,2017,478772.0,57885.0,1.6883119999999998,0.8347469999999999,GBR,CHN,580110
11908631,90,43,7553,2017,0.0,1013.0,0.154098,1.151038,GRC,CHN,580110
11908632,97,43,7553,2017,8716.0,13624.0,0.824982,1.7162220000000001,HKG,CHN,580110
11908633,103,43,7553,2017,0.0,130463.0,-0.23641700000000002,1.188173,IDN,CHN,580110
11908634,104,43,7553,2017,0.0,4875.0,0.290576,2.726391,IND,CHN,580110
11908635,106,43,7553,2017,4179.0,0.0,1.363544,0.169211,IRL,CHN,580110
11908636,107,43,7553,2017,0.0,45366.0,-0.361292,-0.361813,IRN,CHN,580110
11908637,111,43,7553,2017,32594.0,4303.0,1.34395,0.577693,ITA,CHN,580110
11908638,113,43,7553,2017,0.0,192123.0,0.020035,0.295415,JOR,CHN,580110
11908639,114,43,7553,2017,65243.0,0.0,2.4510419999999997,-0.277357,JPN,CHN,580110
11908640,115,43,7553,2017,0.0,15639.0,-0.394316,-0.5485979999999999,KAZ,CHN,580110
11908641,118,43,7553,2017,0.0,67503.0,-0.656325,-0.622167,KHM,CHN,580110
11908642,121,43,7553,2017,4366.0,50812.0,2.011263,0.783215,KOR,CHN,580110
11908643,122,43,7553,2017,0.0,64777.0,-0.229821,-1.128482,KWT,CHN,580110
11908644,124,43,7553,2017,0.0,2527.0,0.266847,1.117621,LBN,CHN,580110
11908645,126,43,7553,2017,0.0,22338.0,-1.156635,-1.212561,LBY,CHN,580110
11908646,128,43,7553,2017,0.0,19245.0,-0.46442799999999995,0.472132,LKA,CHN,580110
11908647,140,43,7553,2017,0.0,4682.0,-0.0292,-0.377156,MKD,CHN,580110
11908648,143,43,7553,2017,0.0,361376.0,-1.051544,-0.419183,MMR,CHN,580110
11908649,153,43,7553,2017,158571.0,65096.0,1.0110139999999999,0.6840729999999999,MYS,CHN,580110
11908650,159,43,7553,2017,0.0,14706.0,-1.8260919999999998,-1.276591,NGA,CHN,580110
11908651,162,43,7553,2017,29574.0,0.0,1.146959,1.470869,NLD,CHN,580110
11908652,166,43,7553,2017,0.0,2937.0,0.25651199999999996,0.132996,NZL,CHN,580110
11908653,167,43,7553,2017,0.0,11411.0,-0.347684,-0.884569,OMN,CHN,580110
11908654,168,43,7553,2017,0.0,34775.0,-0.698561,0.43523500000000004,PAK,CHN,580110
11908655,169,43,7553,2017,0.0,6878.0,0.5520109999999999,0.788181,PAN,CHN,580110
11908656,174,43,7553,2017,0.0,100626.0,0.657759,0.170061,PHL,CHN,580110
11908657,177,43,7553,2017,0.0,4253.0,1.197417,1.092716,POL,CHN,580110
11908658,178,43,7553,2017,0.0,45459.0,-0.353642,-0.08027000000000001,PRK,CHN,580110
11908659,179,43,7553,2017,1676.0,0.0,0.527046,2.264624,PRT,CHN,580110
11908660,183,43,7553,2017,0.0,1482.0,-0.361327,-1.066869,QAT,CHN,580110
11908661,186,43,7553,2017,0.0,349012.0,0.32885,0.288392,RUS,CHN,580110
11908662,188,43,7553,2017,0.0,48594.0,0.597716,-0.345049,SAU,CHN,580110
11908663,191,43,7553,2017,0.0,3972.0,-0.6722899999999999,-0.26522199999999996,SEN,CHN,580110
11908664,192,43,7553,2017,1507.0,40039.0,1.884166,0.37903600000000004,SGP,CHN,580110
11908665,216,43,7553,2017,0.0,13179.0,0.983977,1.3926020000000001,THA,CHN,580110
11908666,223,43,7553,2017,0.0,20575.0,0.224119,0.961772,TUN,CHN,580110
11908667,224,43,7553,2017,1577.0,0.0,0.541611,2.405872,TUR,CHN,580110
11908668,227,43,7553,2017,0.0,1858.0,-0.6831020000000001,-0.046838,UGA,CHN,580110
11908669,231,43,7553,2017,48987.0,58246.0,1.601478,0.277271,USA,CHN,580110
11908670,239,43,7553,2017,0.0,12464.0,-0.009819,0.686429,VNM,CHN,580110
11908671,246,43,7553,2017,14392.0,9419.0,0.2066,1.378591,ZAF,CHN,580110
11908672,249,43,7553,2017,9540.0,1100.0,2.0548290000000002,1.2552969999999999,TWN,CHN,580110
11908673,71,49,7553,2017,2779.0,0.0,0.734342,2.8180099999999997,ESP,COL,580110
11908674,77,49,7553,2017,892.0,0.0,1.398427,0.894732,FRA,COL,580110
11908675,41,58,7553,2017,3207.0,0.0,2.2557810000000003,0.845459,CHE,CYP,580110
11908676,81,58,7553,2017,3539.0,0.0,1.6883119999999998,0.8347469999999999,GBR,CYP,580110
11908677,7,61,7553,2017,0.0,3196.0,0.210477,0.02557,ARE,DEU,580110
11908678,8,61,7553,2017,0.0,3860.0,-0.120753,0.233375,ARG,DEU,580110
11908679,14,61,7553,2017,0.0,13900.0,-0.42427200000000004,-0.152921,AUS,DEU,580110
11908680,15,61,7553,2017,19283.0,35418.0,1.728623,-0.031045999999999997,AUT,DEU,580110
11908681,18,61,7553,2017,298287.0,25894.0,1.292657,1.19571,BEL,DEU,580110
11908682,23,61,7553,2017,0.0,14104.0,0.557843,1.7221119999999999,BGR,DEU,580110
11908683,24,61,7553,2017,0.0,3000.0,0.485479,-0.5348890000000001,BHR,DEU,580110
11908684,26,61,7553,2017,0.0,9459.0,0.43245,0.726721,BIH,DEU,580110
11908685,32,61,7553,2017,0.0,3863.0,0.145224,0.483461,BRA,DEU,580110
11908686,39,61,7553,2017,0.0,4752.0,0.73897,1.206402,CAN,DEU,580110
11908687,41,61,7553,2017,488797.0,300757.0,2.2557810000000003,0.845459,CHE,DEU,580110
11908688,43,61,7553,2017,2068.0,57415.0,1.1127790000000002,1.56869,CHN,DEU,580110
11908689,59,61,7553,2017,12544.0,236345.0,1.7715130000000001,0.359668,CZE,DEU,580110
11908690,64,61,7553,2017,17564.0,66751.0,1.159753,1.233914,DNK,DEU,580110
11908691,71,61,7553,2017,0.0,32241.0,0.734342,2.8180099999999997,ESP,DEU,580110
11908692,74,61,7553,2017,0.0,33794.0,1.655957,0.962485,FIN,DEU,580110
11908693,77,61,7553,2017,28926.0,182284.0,1.398427,0.894732,FRA,DEU,580110
11908694,81,61,7553,2017,557755.0,734172.0,1.6883119999999998,0.8347469999999999,GBR,DEU,580110
11908695,90,61,7553,2017,0.0,1298.0,0.154098,1.151038,GRC,DEU,580110
11908696,97,61,7553,2017,0.0,42708.0,0.824982,1.7162220000000001,HKG,DEU,580110
11908697,102,61,7553,2017,0.0,7426.0,1.4886270000000001,0.845986,HUN,DEU,580110
11908698,104,61,7553,2017,1437.0,50901.0,0.290576,2.726391,IND,DEU,580110
11908699,106,61,7553,2017,0.0,18923.0,1.363544,0.169211,IRL,DEU,580110
11908700,111,61,7553,2017,114720.0,991904.0,1.34395,0.577693,ITA,DEU,580110
11908701,114,61,7553,2017,0.0,443979.0,2.4510419999999997,-0.277357,JPN,DEU,580110
11908702,116,61,7553,2017,0.0,2315.0,-0.579541,0.511926,KEN,DEU,580110
11908703,121,61,7553,2017,0.0,22500.0,2.011263,0.783215,KOR,DEU,580110
11908704,122,61,7553,2017,0.0,12388.0,-0.229821,-1.128482,KWT,DEU,580110
11908705,130,61,7553,2017,0.0,74131.0,0.855858,1.447717,LTU,DEU,580110
11908706,131,61,7553,2017,0.0,3226.0,1.24064,1.298263,LUX,DEU,580110
11908707,132,61,7553,2017,0.0,4018.0,0.684555,1.3208030000000002,LVA,DEU,580110
11908708,136,61,7553,2017,0.0,13906.0,-1.277182,-0.6503399999999999,MDG,DEU,580110
11908709,138,61,7553,2017,0.0,5706.0,1.08871,0.5745279999999999,MEX,DEU,580110
11908710,140,61,7553,2017,0.0,3484.0,-0.0292,-0.377156,MKD,DEU,580110
11908711,162,61,7553,2017,887524.0,82493.0,1.146959,1.470869,NLD,DEU,580110
11908712,163,61,7553,2017,1353.0,7197.0,0.73658,0.11450199999999999,NOR,DEU,580110
11908713,169,61,7553,2017,0.0,4290.0,0.5520109999999999,0.788181,PAN,DEU,580110
11908714,177,61,7553,2017,10864.0,85758.0,1.197417,1.092716,POL,DEU,580110
11908715,179,61,7553,2017,14962.0,24202.0,0.527046,2.264624,PRT,DEU,580110
11908716,185,61,7553,2017,0.0,102563.0,1.05479,0.9842219999999999,ROU,DEU,580110
11908717,186,61,7553,2017,0.0,112412.0,0.32885,0.288392,RUS,DEU,580110
11908718,188,61,7553,2017,0.0,3082.0,0.597716,-0.345049,SAU,DEU,580110
11908719,192,61,7553,2017,0.0,1412.0,1.884166,0.37903600000000004,SGP,DEU,580110
11908720,201,61,7553,2017,0.0,61532.0,0.541644,1.19872,SRB,DEU,580110
11908721,207,61,7553,2017,0.0,5458.0,1.600319,0.854305,SVN,DEU,580110
11908722,208,61,7553,2017,1038.0,75770.0,1.764732,0.732646,SWE,DEU,580110
11908723,216,61,7553,2017,8495.0,277496.0,0.983977,1.3926020000000001,THA,DEU,580110
11908724,223,61,7553,2017,0.0,844007.0,0.224119,0.961772,TUN,DEU,580110
11908725,224,61,7553,2017,5115.0,45058.0,0.541611,2.405872,TUR,DEU,580110
11908726,228,61,7553,2017,0.0,1518.0,0.461109,0.7826569999999999,UKR,DEU,580110
11908727,230,61,7553,2017,0.0,3921.0,0.16963,-0.403006,URY,DEU,580110
11908728,231,61,7553,2017,22155.0,706671.0,1.601478,0.277271,USA,DEU,580110
11908729,239,61,7553,2017,0.0,4575.0,-0.009819,0.686429,VNM,DEU,580110
11908730,246,61,7553,2017,0.0,18926.0,0.2066,1.378591,ZAF,DEU,580110
11908731,7,64,7553,2017,0.0,18277.0,0.210477,0.02557,ARE,DNK,580110
11908732,14,64,7553,2017,0.0,13690.0,-0.42427200000000004,-0.152921,AUS,DNK,580110
11908733,15,64,7553,2017,0.0,11490.0,1.728623,-0.031045999999999997,AUT,DNK,580110
11908734,18,64,7553,2017,50898.0,6466.0,1.292657,1.19571,BEL,DNK,580110
11908735,41,64,7553,2017,1292.0,964.0,2.2557810000000003,0.845459,CHE,DNK,580110
11908736,43,64,7553,2017,0.0,5051.0,1.1127790000000002,1.56869,CHN,DNK,580110
11908737,61,64,7553,2017,66751.0,17564.0,2.1149459999999998,-2.525372,DEU,DNK,580110
11908738,71,64,7553,2017,0.0,11572.0,0.734342,2.8180099999999997,ESP,DNK,580110
11908739,72,64,7553,2017,0.0,1524.0,1.010985,1.289633,EST,DNK,580110
11908740,74,64,7553,2017,0.0,7696.0,1.655957,0.962485,FIN,DNK,580110
11908741,77,64,7553,2017,0.0,20523.0,1.398427,0.894732,FRA,DNK,580110
11908742,81,64,7553,2017,37926.0,67476.0,1.6883119999999998,0.8347469999999999,GBR,DNK,580110
11908743,90,64,7553,2017,1124.0,0.0,0.154098,1.151038,GRC,DNK,580110
11908744,97,64,7553,2017,0.0,20795.0,0.824982,1.7162220000000001,HKG,DNK,580110
11908745,102,64,7553,2017,0.0,9998.0,1.4886270000000001,0.845986,HUN,DNK,580110
11908746,103,64,7553,2017,0.0,35514.0,-0.23641700000000002,1.188173,IDN,DNK,580110
11908747,104,64,7553,2017,0.0,1210.0,0.290576,2.726391,IND,DNK,580110
11908748,106,64,7553,2017,0.0,1841.0,1.363544,0.169211,IRL,DNK,580110
11908749,111,64,7553,2017,18955.0,241879.0,1.34395,0.577693,ITA,DNK,580110
11908750,114,64,7553,2017,0.0,10109.0,2.4510419999999997,-0.277357,JPN,DNK,580110
11908751,121,64,7553,2017,0.0,1138.0,2.011263,0.783215,KOR,DNK,580110
11908752,122,64,7553,2017,0.0,6698.0,-0.229821,-1.128482,KWT,DNK,580110
11908753,124,64,7553,2017,0.0,903.0,0.266847,1.117621,LBN,DNK,580110
11908754,130,64,7553,2017,0.0,25408.0,0.855858,1.447717,LTU,DNK,580110
11908755,162,64,7553,2017,343988.0,9568.0,1.146959,1.470869,NLD,DNK,580110
11908756,163,64,7553,2017,0.0,2631.0,0.73658,0.11450199999999999,NOR,DNK,580110
11908757,177,64,7553,2017,0.0,71900.0,1.197417,1.092716,POL,DNK,580110
11908758,179,64,7553,2017,441346.0,4711.0,0.527046,2.264624,PRT,DNK,580110
11908759,185,64,7553,2017,1804.0,0.0,1.05479,0.9842219999999999,ROU,DNK,580110
11908760,192,64,7553,2017,0.0,5478.0,1.884166,0.37903600000000004,SGP,DNK,580110
11908761,208,64,7553,2017,0.0,15625.0,1.764732,0.732646,SWE,DNK,580110
11908762,224,64,7553,2017,0.0,1435.0,0.541611,2.405872,TUR,DNK,580110
11908763,231,64,7553,2017,4772.0,2931.0,1.601478,0.277271,USA,DNK,580110
11908764,249,64,7553,2017,0.0,3579.0,2.0548290000000002,1.2552969999999999,TWN,DNK,580110
11908765,81,65,7553,2017,1039.0,0.0,1.6883119999999998,0.8347469999999999,GBR,DOM,580110
11908766,169,65,7553,2017,2204.0,0.0,0.5520109999999999,0.788181,PAN,DOM,580110
11908767,231,65,7553,2017,162610.0,0.0,1.601478,0.277271,USA,DOM,580110
11908768,7,71,7553,2017,0.0,1102.0,0.210477,0.02557,ARE,ESP,580110
11908769,14,71,7553,2017,2461.0,1308.0,-0.42427200000000004,-0.152921,AUS,ESP,580110
11908770,18,71,7553,2017,94271.0,0.0,1.292657,1.19571,BEL,ESP,580110
11908771,39,71,7553,2017,0.0,1669.0,0.73897,1.206402,CAN,ESP,580110
11908772,41,71,7553,2017,12682.0,24102.0,2.2557810000000003,0.845459,CHE,ESP,580110
11908773,42,71,7553,2017,0.0,2361.0,-0.378693,-0.492983,CHL,ESP,580110
11908774,43,71,7553,2017,0.0,18775.0,1.1127790000000002,1.56869,CHN,ESP,580110
11908775,49,71,7553,2017,0.0,2779.0,0.208096,-0.17644300000000002,COL,ESP,580110
11908776,61,71,7553,2017,32241.0,0.0,2.1149459999999998,-2.525372,DEU,ESP,580110
11908777,64,71,7553,2017,11572.0,0.0,1.159753,1.233914,DNK,ESP,580110
11908778,68,71,7553,2017,181567.0,0.0,-0.073436,1.829121,EGY,ESP,580110
11908779,77,71,7553,2017,13476.0,1764.0,1.398427,0.894732,FRA,ESP,580110
11908780,81,71,7553,2017,1562785.0,3598.0,1.6883119999999998,0.8347469999999999,GBR,ESP,580110
11908781,90,71,7553,2017,0.0,7718.0,0.154098,1.151038,GRC,ESP,580110
11908782,100,71,7553,2017,0.0,1308.0,0.860825,1.365445,HRV,ESP,580110
11908783,102,71,7553,2017,0.0,1268.0,1.4886270000000001,0.845986,HUN,ESP,580110
11908784,104,71,7553,2017,1364.0,0.0,0.290576,2.726391,IND,ESP,580110
11908785,106,71,7553,2017,0.0,1145.0,1.363544,0.169211,IRL,ESP,580110
11908786,111,71,7553,2017,85608.0,1011.0,1.34395,0.577693,ITA,ESP,580110
11908787,121,71,7553,2017,0.0,26191.0,2.011263,0.783215,KOR,ESP,580110
11908788,122,71,7553,2017,0.0,9167.0,-0.229821,-1.128482,KWT,ESP,580110
11908789,134,71,7553,2017,0.0,1035.0,-0.757236,-0.065347,MAR,ESP,580110
11908790,162,71,7553,2017,12563.0,0.0,1.146959,1.470869,NLD,ESP,580110
11908791,177,71,7553,2017,0.0,2406.0,1.197417,1.092716,POL,ESP,580110
11908792,179,71,7553,2017,17472.0,2396.0,0.527046,2.264624,PRT,ESP,580110
11908793,183,71,7553,2017,0.0,6739.0,-0.361327,-1.066869,QAT,ESP,580110
11908794,188,71,7553,2017,0.0,955.0,0.597716,-0.345049,SAU,ESP,580110
11908795,201,71,7553,2017,0.0,1237.0,0.541644,1.19872,SRB,ESP,580110
11908796,206,71,7553,2017,0.0,5843.0,1.279606,0.85503,SVK,ESP,580110
11908797,224,71,7553,2017,0.0,25137.0,0.541611,2.405872,TUR,ESP,580110
11908798,231,71,7553,2017,8565.0,34462.0,1.601478,0.277271,USA,ESP,580110
11908799,250,71,7553,2017,13649.0,0.0,0.72523,-0.205046,ANS,ESP,580110
11908800,15,74,7553,2017,60242.0,0.0,1.728623,-0.031045999999999997,AUT,FIN,580110
11908801,18,74,7553,2017,20323.0,0.0,1.292657,1.19571,BEL,FIN,580110
11908802,61,74,7553,2017,33794.0,0.0,2.1149459999999998,-2.525372,DEU,FIN,580110
11908803,64,74,7553,2017,7696.0,0.0,1.159753,1.233914,DNK,FIN,580110
11908804,77,74,7553,2017,3057.0,0.0,1.398427,0.894732,FRA,FIN,580110
11908805,81,74,7553,2017,179026.0,0.0,1.6883119999999998,0.8347469999999999,GBR,FIN,580110
11908806,162,74,7553,2017,45886.0,0.0,1.146959,1.470869,NLD,FIN,580110
11908807,163,74,7553,2017,1247.0,0.0,0.73658,0.11450199999999999,NOR,FIN,580110
11908808,186,74,7553,2017,0.0,2988.0,0.32885,0.288392,RUS,FIN,580110
11908809,208,74,7553,2017,1780.0,0.0,1.764732,0.732646,SWE,FIN,580110
11908810,5,77,7553,2017,0.0,21859.0,1.097505,0.480863,AND,FRA,580110
11908811,7,77,7553,2017,0.0,16825.0,0.210477,0.02557,ARE,FRA,580110
11908812,14,77,7553,2017,0.0,4530.0,-0.42427200000000004,-0.152921,AUS,FRA,580110
11908813,15,77,7553,2017,17672.0,3296.0,1.728623,-0.031045999999999997,AUT,FRA,580110
11908814,17,77,7553,2017,0.0,55987.0,-0.637985,-1.051277,BDI,FRA,580110
11908815,18,77,7553,2017,182694.0,28897.0,1.292657,1.19571,BEL,FRA,580110
11908816,23,77,7553,2017,0.0,5459.0,0.557843,1.7221119999999999,BGR,FRA,580110
11908817,39,77,7553,2017,0.0,14115.0,0.73897,1.206402,CAN,FRA,580110
11908818,41,77,7553,2017,381796.0,220688.0,2.2557810000000003,0.845459,CHE,FRA,580110
11908819,42,77,7553,2017,0.0,3945.0,-0.378693,-0.492983,CHL,FRA,580110
11908820,43,77,7553,2017,2046.0,13316.0,1.1127790000000002,1.56869,CHN,FRA,580110
11908821,49,77,7553,2017,0.0,892.0,0.208096,-0.17644300000000002,COL,FRA,580110
11908822,59,77,7553,2017,0.0,1245.0,1.7715130000000001,0.359668,CZE,FRA,580110
11908823,61,77,7553,2017,182284.0,28926.0,2.1149459999999998,-2.525372,DEU,FRA,580110
11908824,64,77,7553,2017,20523.0,0.0,1.159753,1.233914,DNK,FRA,580110
11908825,71,77,7553,2017,1764.0,13476.0,0.734342,2.8180099999999997,ESP,FRA,580110
11908826,74,77,7553,2017,0.0,3057.0,1.655957,0.962485,FIN,FRA,580110
11908827,81,77,7553,2017,331749.0,204955.0,1.6883119999999998,0.8347469999999999,GBR,FRA,580110
11908828,90,77,7553,2017,0.0,1145.0,0.154098,1.151038,GRC,FRA,580110
11908829,93,77,7553,2017,0.0,1664.0,-0.418538,0.557454,GTM,FRA,580110
11908830,97,77,7553,2017,0.0,98036.0,0.824982,1.7162220000000001,HKG,FRA,580110
11908831,100,77,7553,2017,0.0,1628.0,0.860825,1.365445,HRV,FRA,580110
11908832,102,77,7553,2017,0.0,1056.0,1.4886270000000001,0.845986,HUN,FRA,580110
11908833,104,77,7553,2017,11058.0,1158.0,0.290576,2.726391,IND,FRA,580110
11908834,106,77,7553,2017,0.0,1416.0,1.363544,0.169211,IRL,FRA,580110
11908835,107,77,7553,2017,0.0,9580.0,-0.361292,-0.361813,IRN,FRA,580110
11908836,111,77,7553,2017,351351.0,131889.0,1.34395,0.577693,ITA,FRA,580110
11908837,114,77,7553,2017,1380.0,4663.0,2.4510419999999997,-0.277357,JPN,FRA,580110
11908838,121,77,7553,2017,0.0,10461.0,2.011263,0.783215,KOR,FRA,580110
11908839,122,77,7553,2017,0.0,6388.0,-0.229821,-1.128482,KWT,FRA,580110
11908840,124,77,7553,2017,0.0,31838.0,0.266847,1.117621,LBN,FRA,580110
11908841,131,77,7553,2017,0.0,6586.0,1.24064,1.298263,LUX,FRA,580110
11908842,134,77,7553,2017,0.0,26406.0,-0.757236,-0.065347,MAR,FRA,580110
11908843,136,77,7553,2017,0.0,5802.0,-1.277182,-0.6503399999999999,MDG,FRA,580110
11908844,151,77,7553,2017,0.0,2137.0,-0.156616,0.073153,MUS,FRA,580110
11908845,162,77,7553,2017,424713.0,26641.0,1.146959,1.470869,NLD,FRA,580110
11908846,163,77,7553,2017,0.0,8161.0,0.73658,0.11450199999999999,NOR,FRA,580110
11908847,169,77,7553,2017,0.0,4488.0,0.5520109999999999,0.788181,PAN,FRA,580110
11908848,177,77,7553,2017,9138.0,15558.0,1.197417,1.092716,POL,FRA,580110
11908849,179,77,7553,2017,0.0,5515.0,0.527046,2.264624,PRT,FRA,580110
11908850,180,77,7553,2017,0.0,11850.0,-0.437741,-0.9248879999999999,PRY,FRA,580110
11908851,183,77,7553,2017,0.0,2280.0,-0.361327,-1.066869,QAT,FRA,580110
11908852,186,77,7553,2017,0.0,16768.0,0.32885,0.288392,RUS,FRA,580110
11908853,188,77,7553,2017,0.0,9679.0,0.597716,-0.345049,SAU,FRA,580110
11908854,192,77,7553,2017,0.0,1000.0,1.884166,0.37903600000000004,SGP,FRA,580110
11908855,206,77,7553,2017,0.0,2949.0,1.279606,0.85503,SVK,FRA,580110
11908856,208,77,7553,2017,1210.0,21124.0,1.764732,0.732646,SWE,FRA,580110
11908857,216,77,7553,2017,0.0,1747.0,0.983977,1.3926020000000001,THA,FRA,580110
11908858,223,77,7553,2017,0.0,7192.0,0.224119,0.961772,TUN,FRA,580110
11908859,224,77,7553,2017,0.0,19468.0,0.541611,2.405872,TUR,FRA,580110
11908860,231,77,7553,2017,48852.0,498641.0,1.601478,0.277271,USA,FRA,580110
11908861,249,77,7553,2017,0.0,1424.0,2.0548290000000002,1.2552969999999999,TWN,FRA,580110
11908862,250,77,7553,2017,233090.0,0.0,0.72523,-0.205046,ANS,FRA,580110
11908863,0,81,7553,2017,0.0,3046.0,0.845843,0.165178,ABW,GBR,580110
11908864,7,81,7553,2017,0.0,31903.0,0.210477,0.02557,ARE,GBR,580110
11908865,8,81,7553,2017,0.0,1479.0,-0.120753,0.233375,ARG,GBR,580110
11908866,13,81,7553,2017,0.0,3620.0,0.42561099999999996,-0.42671099999999995,ATG,GBR,580110
11908867,14,81,7553,2017,0.0,1002975.0,-0.42427200000000004,-0.152921,AUS,GBR,580110
11908868,15,81,7553,2017,3370.0,1826.0,1.728623,-0.031045999999999997,AUT,GBR,580110
11908869,18,81,7553,2017,117914.0,564268.0,1.292657,1.19571,BEL,GBR,580110
11908870,20,81,7553,2017,0.0,3494.0,1.1776659999999999,-0.748922,BES,GBR,580110
11908871,23,81,7553,2017,0.0,5241.0,0.557843,1.7221119999999999,BGR,GBR,580110
11908872,25,81,7553,2017,0.0,18136.0,0.81944,-0.30649499999999996,BHS,GBR,580110
11908873,29,81,7553,2017,0.0,61342.0,-0.284062,-0.711108,BLZ,GBR,580110
11908874,30,81,7553,2017,0.0,2682.0,1.06318,-0.48345,BMU,GBR,580110
11908875,32,81,7553,2017,0.0,73890.0,0.145224,0.483461,BRA,GBR,580110
11908876,33,81,7553,2017,0.0,27918.0,0.589793,-0.004488000000000001,BRB,GBR,580110
11908877,39,81,7553,2017,0.0,518722.0,0.73897,1.206402,CAN,GBR,580110
11908878,41,81,7553,2017,1755.0,254034.0,2.2557810000000003,0.845459,CHE,GBR,580110
11908879,42,81,7553,2017,0.0,22486.0,-0.378693,-0.492983,CHL,GBR,580110
11908880,43,81,7553,2017,57885.0,478772.0,1.1127790000000002,1.56869,CHN,GBR,580110
11908881,58,81,7553,2017,0.0,3539.0,0.576982,0.279989,CYP,GBR,580110
11908882,59,81,7553,2017,0.0,364764.0,1.7715130000000001,0.359668,CZE,GBR,580110
11908883,61,81,7553,2017,734172.0,557755.0,2.1149459999999998,-2.525372,DEU,GBR,580110
11908884,64,81,7553,2017,67476.0,37926.0,1.159753,1.233914,DNK,GBR,580110
11908885,65,81,7553,2017,0.0,1039.0,-0.168016,0.30840100000000004,DOM,GBR,580110
11908886,68,81,7553,2017,0.0,18211.0,-0.073436,1.829121,EGY,GBR,580110
11908887,71,81,7553,2017,3598.0,1562785.0,0.734342,2.8180099999999997,ESP,GBR,580110
11908888,72,81,7553,2017,0.0,30977.0,1.010985,1.289633,EST,GBR,580110
11908889,74,81,7553,2017,0.0,179026.0,1.655957,0.962485,FIN,GBR,580110
11908890,76,81,7553,2017,0.0,14152.0,-1.506175,-0.9551219999999999,FLK,GBR,580110
11908891,77,81,7553,2017,204955.0,331749.0,1.398427,0.894732,FRA,GBR,580110
11908892,90,81,7553,2017,0.0,7101.0,0.154098,1.151038,GRC,GBR,580110
11908893,91,81,7553,2017,0.0,11204.0,0.384656,-0.317098,GRD,GBR,580110
11908894,96,81,7553,2017,0.0,10133.0,-0.703271,-0.898648,GUY,GBR,580110
11908895,97,81,7553,2017,1059.0,141893.0,0.824982,1.7162220000000001,HKG,GBR,580110
11908896,102,81,7553,2017,0.0,195383.0,1.4886270000000001,0.845986,HUN,GBR,580110
11908897,103,81,7553,2017,0.0,4818.0,-0.23641700000000002,1.188173,IDN,GBR,580110
11908898,104,81,7553,2017,4583.0,26150.0,0.290576,2.726391,IND,GBR,580110
11908899,106,81,7553,2017,1987.0,440795.0,1.363544,0.169211,IRL,GBR,580110
11908900,107,81,7553,2017,0.0,341.0,-0.361292,-0.361813,IRN,GBR,580110
11908901,109,81,7553,2017,0.0,23003.0,0.386094,-0.277269,ISL,GBR,580110
11908902,110,81,7553,2017,0.0,200554.0,1.436156,0.776574,ISR,GBR,580110
11908903,111,81,7553,2017,312833.0,391324.0,1.34395,0.577693,ITA,GBR,580110
11908904,114,81,7553,2017,0.0,66652.0,2.4510419999999997,-0.277357,JPN,GBR,580110
11908905,118,81,7553,2017,0.0,1282.0,-0.656325,-0.622167,KHM,GBR,580110
11908906,121,81,7553,2017,0.0,91825.0,2.011263,0.783215,KOR,GBR,580110
11908907,122,81,7553,2017,0.0,13210.0,-0.229821,-1.128482,KWT,GBR,580110
11908908,127,81,7553,2017,0.0,14059.0,0.458896,-0.149195,LCA,GBR,580110
11908909,130,81,7553,2017,5666.0,290132.0,0.855858,1.447717,LTU,GBR,580110
11908910,132,81,7553,2017,66596.0,2833.0,0.684555,1.3208030000000002,LVA,GBR,580110
11908911,134,81,7553,2017,10127.0,67462.0,-0.757236,-0.065347,MAR,GBR,580110
11908912,138,81,7553,2017,0.0,2018558.0,1.08871,0.5745279999999999,MEX,GBR,580110
11908913,140,81,7553,2017,0.0,2533.0,-0.0292,-0.377156,MKD,GBR,580110
11908914,151,81,7553,2017,0.0,5395.0,-0.156616,0.073153,MUS,GBR,580110
11908915,153,81,7553,2017,0.0,128617.0,1.0110139999999999,0.6840729999999999,MYS,GBR,580110
11908916,162,81,7553,2017,271968.0,123860.0,1.146959,1.470869,NLD,GBR,580110
11908917,163,81,7553,2017,0.0,33642.0,0.73658,0.11450199999999999,NOR,GBR,580110
11908918,166,81,7553,2017,0.0,98068.0,0.25651199999999996,0.132996,NZL,GBR,580110
11908919,174,81,7553,2017,0.0,5721.0,0.657759,0.170061,PHL,GBR,580110
11908920,176,81,7553,2017,0.0,7803.0,-1.788834,-1.267126,PNG,GBR,580110
11908921,177,81,7553,2017,0.0,1167367.0,1.197417,1.092716,POL,GBR,580110
11908922,179,81,7553,2017,0.0,3176.0,0.527046,2.264624,PRT,GBR,580110
11908923,185,81,7553,2017,0.0,5636.0,1.05479,0.9842219999999999,ROU,GBR,580110
11908924,186,81,7553,2017,0.0,21195.0,0.32885,0.288392,RUS,GBR,580110
11908925,188,81,7553,2017,0.0,12088.0,0.597716,-0.345049,SAU,GBR,580110
11908926,192,81,7553,2017,0.0,66886.0,1.884166,0.37903600000000004,SGP,GBR,580110
11908927,196,81,7553,2017,0.0,2301.0,-0.37777,-0.6353270000000001,SLE,GBR,580110
11908928,206,81,7553,2017,0.0,104958.0,1.279606,0.85503,SVK,GBR,580110
11908929,207,81,7553,2017,0.0,1677.0,1.600319,0.854305,SVN,GBR,580110
11908930,208,81,7553,2017,0.0,102581.0,1.764732,0.732646,SWE,GBR,580110
11908931,216,81,7553,2017,34407.0,3129.0,0.983977,1.3926020000000001,THA,GBR,580110
11908932,222,81,7553,2017,0.0,13792.0,-0.183935,-1.012153,TTO,GBR,580110
11908933,223,81,7553,2017,2565.0,14556.0,0.224119,0.961772,TUN,GBR,580110
11908934,224,81,7553,2017,1123888.0,241247.0,0.541611,2.405872,TUR,GBR,580110
11908935,231,81,7553,2017,137641.0,4173548.0,1.601478,0.277271,USA,GBR,580110
11908936,234,81,7553,2017,0.0,43564.0,-0.040273,-0.549452,VCT,GBR,580110
11908937,239,81,7553,2017,0.0,38242.0,-0.009819,0.686429,VNM,GBR,580110
11908938,246,81,7553,2017,1565.0,26479.0,0.2066,1.378591,ZAF,GBR,580110
11908939,249,81,7553,2017,2800.0,39799.0,2.0548290000000002,1.2552969999999999,TWN,GBR,580110
11908940,77,93,7553,2017,1664.0,0.0,1.398427,0.894732,FRA,GTM,580110
11908941,231,93,7553,2017,78003.0,0.0,1.601478,0.277271,USA,GTM,580110
11908942,81,96,7553,2017,10133.0,0.0,1.6883119999999998,0.8347469999999999,GBR,GUY,580110
11908943,18,97,7553,2017,20330.0,0.0,1.292657,1.19571,BEL,HKG,580110
11908944,43,97,7553,2017,13624.0,8716.0,1.1127790000000002,1.56869,CHN,HKG,580110
11908945,61,97,7553,2017,42708.0,0.0,2.1149459999999998,-2.525372,DEU,HKG,580110
11908946,64,97,7553,2017,20795.0,0.0,1.159753,1.233914,DNK,HKG,580110
11908947,77,97,7553,2017,98036.0,0.0,1.398427,0.894732,FRA,HKG,580110
11908948,81,97,7553,2017,141893.0,1059.0,1.6883119999999998,0.8347469999999999,GBR,HKG,580110
11908949,103,97,7553,2017,0.0,2313.0,-0.23641700000000002,1.188173,IDN,HKG,580110
11908950,106,97,7553,2017,1696.0,0.0,1.363544,0.169211,IRL,HKG,580110
11908951,111,97,7553,2017,94059.0,0.0,1.34395,0.577693,ITA,HKG,580110
11908952,114,97,7553,2017,19000.0,0.0,2.4510419999999997,-0.277357,JPN,HKG,580110
11908953,118,97,7553,2017,0.0,34234.0,-0.656325,-0.622167,KHM,HKG,580110
11908954,121,97,7553,2017,0.0,6039.0,2.011263,0.783215,KOR,HKG,580110
11908955,162,97,7553,2017,83125.0,0.0,1.146959,1.470869,NLD,HKG,580110
11908956,174,97,7553,2017,0.0,5130.0,0.657759,0.170061,PHL,HKG,580110
11908957,216,97,7553,2017,21421.0,1110.0,0.983977,1.3926020000000001,THA,HKG,580110
11908958,224,97,7553,2017,1353.0,0.0,0.541611,2.405872,TUR,HKG,580110
11908959,231,97,7553,2017,166566.0,0.0,1.601478,0.277271,USA,HKG,580110
11908960,15,102,7553,2017,5034.0,0.0,1.728623,-0.031045999999999997,AUT,HUN,580110
11908961,61,102,7553,2017,7426.0,0.0,2.1149459999999998,-2.525372,DEU,HUN,580110
11908962,64,102,7553,2017,9998.0,0.0,1.159753,1.233914,DNK,HUN,580110
11908963,71,102,7553,2017,1268.0,0.0,0.734342,2.8180099999999997,ESP,HUN,580110
11908964,77,102,7553,2017,1056.0,0.0,1.398427,0.894732,FRA,HUN,580110
11908965,81,102,7553,2017,195383.0,0.0,1.6883119999999998,0.8347469999999999,GBR,HUN,580110
11908966,111,102,7553,2017,1495.0,0.0,1.34395,0.577693,ITA,HUN,580110
11908967,162,102,7553,2017,23079.0,0.0,1.146959,1.470869,NLD,HUN,580110
11908968,7,103,7553,2017,2066.0,0.0,0.210477,0.02557,ARE,IDN,580110
11908969,14,103,7553,2017,0.0,6440.0,-0.42427200000000004,-0.152921,AUS,IDN,580110
11908970,34,103,7553,2017,0.0,34719.0,0.270525,-0.747949,BRN,IDN,580110
11908971,43,103,7553,2017,130463.0,0.0,1.1127790000000002,1.56869,CHN,IDN,580110
11908972,64,103,7553,2017,35514.0,0.0,1.159753,1.233914,DNK,IDN,580110
11908973,81,103,7553,2017,4818.0,0.0,1.6883119999999998,0.8347469999999999,GBR,IDN,580110
11908974,97,103,7553,2017,2313.0,0.0,0.824982,1.7162220000000001,HKG,IDN,580110
11908975,121,103,7553,2017,7288.0,0.0,2.011263,0.783215,KOR,IDN,580110
11908976,162,103,7553,2017,51267.0,0.0,1.146959,1.470869,NLD,IDN,580110
11908977,166,103,7553,2017,0.0,994.0,0.25651199999999996,0.132996,NZL,IDN,580110
11908978,174,103,7553,2017,76446.0,0.0,0.657759,0.170061,PHL,IDN,580110
11908979,192,103,7553,2017,4253.0,0.0,1.884166,0.37903600000000004,SGP,IDN,580110
11908980,216,103,7553,2017,0.0,1599.0,0.983977,1.3926020000000001,THA,IDN,580110
11908981,224,103,7553,2017,0.0,3132.0,0.541611,2.405872,TUR,IDN,580110
11908982,231,103,7553,2017,16120.0,0.0,1.601478,0.277271,USA,IDN,580110
11908983,239,103,7553,2017,1212.0,0.0,-0.009819,0.686429,VNM,IDN,580110
11908984,7,104,7553,2017,32503.0,38177.0,0.210477,0.02557,ARE,IND,580110
11908985,14,104,7553,2017,0.0,6312.0,-0.42427200000000004,-0.152921,AUS,IND,580110
11908986,18,104,7553,2017,23570.0,0.0,1.292657,1.19571,BEL,IND,580110
11908987,34,104,7553,2017,0.0,69559.0,0.270525,-0.747949,BRN,IND,580110
11908988,39,104,7553,2017,0.0,6299.0,0.73897,1.206402,CAN,IND,580110
11908989,41,104,7553,2017,0.0,1016.0,2.2557810000000003,0.845459,CHE,IND,580110
11908990,43,104,7553,2017,4875.0,0.0,1.1127790000000002,1.56869,CHN,IND,580110
11908991,45,104,7553,2017,0.0,14181.0,-1.048569,-1.030799,CMR,IND,580110
11908992,61,104,7553,2017,50901.0,1437.0,2.1149459999999998,-2.525372,DEU,IND,580110
11908993,64,104,7553,2017,1210.0,0.0,1.159753,1.233914,DNK,IND,580110
11908994,71,104,7553,2017,0.0,1364.0,0.734342,2.8180099999999997,ESP,IND,580110
11908995,77,104,7553,2017,1158.0,11058.0,1.398427,0.894732,FRA,IND,580110
11908996,81,104,7553,2017,26150.0,4583.0,1.6883119999999998,0.8347469999999999,GBR,IND,580110
11908997,111,104,7553,2017,0.0,13403.0,1.34395,0.577693,ITA,IND,580110
11908998,116,104,7553,2017,0.0,10681.0,-0.579541,0.511926,KEN,IND,580110
11908999,122,104,7553,2017,0.0,86142.0,-0.229821,-1.128482,KWT,IND,580110
11909000,153,104,7553,2017,0.0,1195.0,1.0110139999999999,0.6840729999999999,MYS,IND,580110
11909001,163,104,7553,2017,0.0,2168.0,0.73658,0.11450199999999999,NOR,IND,580110
11909002,164,104,7553,2017,0.0,12498.0,-0.319681,0.5788220000000001,NPL,IND,580110
11909003,183,104,7553,2017,0.0,2224.0,-0.361327,-1.066869,QAT,IND,580110
11909004,231,104,7553,2017,20737.0,38008.0,1.601478,0.277271,USA,IND,580110
11909005,246,104,7553,2017,0.0,1818.0,0.2066,1.378591,ZAF,IND,580110
11909006,249,104,7553,2017,0.0,4546.0,2.0548290000000002,1.2552969999999999,TWN,IND,580110
11909007,43,106,7553,2017,0.0,4179.0,1.1127790000000002,1.56869,CHN,IRL,580110
11909008,61,106,7553,2017,18923.0,0.0,2.1149459999999998,-2.525372,DEU,IRL,580110
11909009,64,106,7553,2017,1841.0,0.0,1.159753,1.233914,DNK,IRL,580110
11909010,71,106,7553,2017,1145.0,0.0,0.734342,2.8180099999999997,ESP,IRL,580110
11909011,77,106,7553,2017,1416.0,0.0,1.398427,0.894732,FRA,IRL,580110
11909012,81,106,7553,2017,440795.0,1987.0,1.6883119999999998,0.8347469999999999,GBR,IRL,580110
11909013,97,106,7553,2017,0.0,1696.0,0.824982,1.7162220000000001,HKG,IRL,580110
11909014,111,106,7553,2017,2048.0,0.0,1.34395,0.577693,ITA,IRL,580110
11909015,114,106,7553,2017,0.0,8678.0,2.4510419999999997,-0.277357,JPN,IRL,580110
11909016,186,106,7553,2017,0.0,1633.0,0.32885,0.288392,RUS,IRL,580110
11909017,216,106,7553,2017,0.0,2123.0,0.983977,1.3926020000000001,THA,IRL,580110
11909018,231,106,7553,2017,2946.0,61241.0,1.601478,0.277271,USA,IRL,580110
11909019,250,106,7553,2017,0.0,24004.0,0.72523,-0.205046,ANS,IRL,580110
11909020,81,110,7553,2017,200554.0,0.0,1.6883119999999998,0.8347469999999999,GBR,ISR,580110
11909021,181,110,7553,2017,0.0,2312.0,0.11852,0.609241,PSE,ISR,580110
11909022,224,110,7553,2017,11607.0,7460.0,0.541611,2.405872,TUR,ISR,580110
11909023,231,110,7553,2017,7003.0,0.0,1.601478,0.277271,USA,ISR,580110
11909024,7,111,7553,2017,0.0,3810.0,0.210477,0.02557,ARE,ITA,580110
11909025,14,111,7553,2017,0.0,6729.0,-0.42427200000000004,-0.152921,AUS,ITA,580110
11909026,15,111,7553,2017,10351.0,12234.0,1.728623,-0.031045999999999997,AUT,ITA,580110
11909027,18,111,7553,2017,193894.0,5227227.0,1.292657,1.19571,BEL,ITA,580110
11909028,23,111,7553,2017,0.0,1477.0,0.557843,1.7221119999999999,BGR,ITA,580110
11909029,26,111,7553,2017,0.0,8672.0,0.43245,0.726721,BIH,ITA,580110
11909030,28,111,7553,2017,0.0,3862.0,0.8115829999999999,0.8323459999999999,BLR,ITA,580110
11909031,32,111,7553,2017,0.0,151702.0,0.145224,0.483461,BRA,ITA,580110
11909032,39,111,7553,2017,8532.0,11418.0,0.73897,1.206402,CAN,ITA,580110
11909033,41,111,7553,2017,189255.0,23271.0,2.2557810000000003,0.845459,CHE,ITA,580110
11909034,42,111,7553,2017,0.0,9354.0,-0.378693,-0.492983,CHL,ITA,580110
11909035,43,111,7553,2017,4303.0,32594.0,1.1127790000000002,1.56869,CHN,ITA,580110
11909036,59,111,7553,2017,137041.0,17238.0,1.7715130000000001,0.359668,CZE,ITA,580110
11909037,61,111,7553,2017,991904.0,114720.0,2.1149459999999998,-2.525372,DEU,ITA,580110
11909038,64,111,7553,2017,241879.0,18955.0,1.159753,1.233914,DNK,ITA,580110
11909039,68,111,7553,2017,0.0,5516.0,-0.073436,1.829121,EGY,ITA,580110
11909040,71,111,7553,2017,1011.0,85608.0,0.734342,2.8180099999999997,ESP,ITA,580110
11909041,77,111,7553,2017,131889.0,351351.0,1.398427,0.894732,FRA,ITA,580110
11909042,81,111,7553,2017,391324.0,312833.0,1.6883119999999998,0.8347469999999999,GBR,ITA,580110
11909043,90,111,7553,2017,1139.0,3842.0,0.154098,1.151038,GRC,ITA,580110
11909044,97,111,7553,2017,0.0,94059.0,0.824982,1.7162220000000001,HKG,ITA,580110
11909045,102,111,7553,2017,0.0,1495.0,1.4886270000000001,0.845986,HUN,ITA,580110
11909046,104,111,7553,2017,13403.0,0.0,0.290576,2.726391,IND,ITA,580110
11909047,106,111,7553,2017,0.0,2048.0,1.363544,0.169211,IRL,ITA,580110
11909048,113,111,7553,2017,0.0,1345.0,0.020035,0.295415,JOR,ITA,580110
11909049,114,111,7553,2017,0.0,30784.0,2.4510419999999997,-0.277357,JPN,ITA,580110
11909050,115,111,7553,2017,0.0,5528.0,-0.394316,-0.5485979999999999,KAZ,ITA,580110
11909051,121,111,7553,2017,0.0,12709.0,2.011263,0.783215,KOR,ITA,580110
11909052,122,111,7553,2017,0.0,40384.0,-0.229821,-1.128482,KWT,ITA,580110
11909053,124,111,7553,2017,0.0,1539.0,0.266847,1.117621,LBN,ITA,580110
11909054,130,111,7553,2017,2448.0,0.0,0.855858,1.447717,LTU,ITA,580110
11909055,134,111,7553,2017,0.0,3157.0,-0.757236,-0.065347,MAR,ITA,580110
11909056,162,111,7553,2017,136834.0,16968.0,1.146959,1.470869,NLD,ITA,580110
11909057,163,111,7553,2017,0.0,3457.0,0.73658,0.11450199999999999,NOR,ITA,580110
11909058,166,111,7553,2017,3099.0,2504.0,0.25651199999999996,0.132996,NZL,ITA,580110
11909059,177,111,7553,2017,0.0,10933.0,1.197417,1.092716,POL,ITA,580110
11909060,179,111,7553,2017,18162.0,7009.0,0.527046,2.264624,PRT,ITA,580110
11909061,185,111,7553,2017,1394.0,20907.0,1.05479,0.9842219999999999,ROU,ITA,580110
11909062,186,111,7553,2017,0.0,9904.0,0.32885,0.288392,RUS,ITA,580110
11909063,192,111,7553,2017,0.0,12806.0,1.884166,0.37903600000000004,SGP,ITA,580110
11909064,201,111,7553,2017,0.0,3110.0,0.541644,1.19872,SRB,ITA,580110
11909065,206,111,7553,2017,0.0,2952.0,1.279606,0.85503,SVK,ITA,580110
11909066,208,111,7553,2017,0.0,6279.0,1.764732,0.732646,SWE,ITA,580110
11909067,223,111,7553,2017,23819.0,41828.0,0.224119,0.961772,TUN,ITA,580110
11909068,224,111,7553,2017,0.0,11730.0,0.541611,2.405872,TUR,ITA,580110
11909069,231,111,7553,2017,371215.0,645837.0,1.601478,0.277271,USA,ITA,580110
11909070,239,111,7553,2017,0.0,10757.0,-0.009819,0.686429,VNM,ITA,580110
11909071,246,111,7553,2017,0.0,1913.0,0.2066,1.378591,ZAF,ITA,580110
11909072,249,111,7553,2017,0.0,5773.0,2.0548290000000002,1.2552969999999999,TWN,ITA,580110
11909073,231,112,7553,2017,1836.0,0.0,1.601478,0.277271,USA,JAM,580110
11909074,41,113,7553,2017,19713.0,0.0,2.2557810000000003,0.845459,CHE,JOR,580110
11909075,43,113,7553,2017,192123.0,0.0,1.1127790000000002,1.56869,CHN,JOR,580110
11909076,111,113,7553,2017,1345.0,0.0,1.34395,0.577693,ITA,JOR,580110
11909077,122,113,7553,2017,6629.0,0.0,-0.229821,-1.128482,KWT,JOR,580110
11909078,39,114,7553,2017,0.0,3244.0,0.73897,1.206402,CAN,JPN,580110
11909079,43,114,7553,2017,0.0,65243.0,1.1127790000000002,1.56869,CHN,JPN,580110
11909080,61,114,7553,2017,443979.0,0.0,2.1149459999999998,-2.525372,DEU,JPN,580110
11909081,64,114,7553,2017,10109.0,0.0,1.159753,1.233914,DNK,JPN,580110
11909082,77,114,7553,2017,4663.0,1380.0,1.398427,0.894732,FRA,JPN,580110
11909083,81,114,7553,2017,66652.0,0.0,1.6883119999999998,0.8347469999999999,GBR,JPN,580110
11909084,97,114,7553,2017,0.0,19000.0,0.824982,1.7162220000000001,HKG,JPN,580110
11909085,106,114,7553,2017,8678.0,0.0,1.363544,0.169211,IRL,JPN,580110
11909086,111,114,7553,2017,30784.0,0.0,1.34395,0.577693,ITA,JPN,580110
11909087,121,114,7553,2017,0.0,17553.0,2.011263,0.783215,KOR,JPN,580110
11909088,162,114,7553,2017,9551.0,0.0,1.146959,1.470869,NLD,JPN,580110
11909089,174,114,7553,2017,0.0,5455.0,0.657759,0.170061,PHL,JPN,580110
11909090,179,114,7553,2017,0.0,1172.0,0.527046,2.264624,PRT,JPN,580110
11909091,231,114,7553,2017,36168.0,1245.0,1.601478,0.277271,USA,JPN,580110
11909092,239,114,7553,2017,0.0,13197.0,-0.009819,0.686429,VNM,JPN,580110
11909093,18,121,7553,2017,1472.0,0.0,1.292657,1.19571,BEL,KOR,580110
11909094,41,121,7553,2017,3689.0,0.0,2.2557810000000003,0.845459,CHE,KOR,580110
11909095,43,121,7553,2017,50812.0,4366.0,1.1127790000000002,1.56869,CHN,KOR,580110
11909096,61,121,7553,2017,22500.0,0.0,2.1149459999999998,-2.525372,DEU,KOR,580110
11909097,64,121,7553,2017,1138.0,0.0,1.159753,1.233914,DNK,KOR,580110
11909098,71,121,7553,2017,26191.0,0.0,0.734342,2.8180099999999997,ESP,KOR,580110
11909099,77,121,7553,2017,10461.0,0.0,1.398427,0.894732,FRA,KOR,580110
11909100,81,121,7553,2017,91825.0,0.0,1.6883119999999998,0.8347469999999999,GBR,KOR,580110
11909101,97,121,7553,2017,6039.0,0.0,0.824982,1.7162220000000001,HKG,KOR,580110
11909102,103,121,7553,2017,0.0,7288.0,-0.23641700000000002,1.188173,IDN,KOR,580110
11909103,111,121,7553,2017,12709.0,0.0,1.34395,0.577693,ITA,KOR,580110
11909104,114,121,7553,2017,17553.0,0.0,2.4510419999999997,-0.277357,JPN,KOR,580110
11909105,160,121,7553,2017,0.0,1512.0,-1.0502280000000002,-0.8817719999999999,NIC,KOR,580110
11909106,162,121,7553,2017,19074.0,0.0,1.146959,1.470869,NLD,KOR,580110
11909107,174,121,7553,2017,0.0,16974.0,0.657759,0.170061,PHL,KOR,580110
11909108,179,121,7553,2017,71413.0,0.0,0.527046,2.264624,PRT,KOR,580110
11909109,216,121,7553,2017,0.0,4943.0,0.983977,1.3926020000000001,THA,KOR,580110
11909110,231,121,7553,2017,11662.0,0.0,1.601478,0.277271,USA,KOR,580110
11909111,246,121,7553,2017,1131.0,0.0,0.2066,1.378591,ZAF,KOR,580110
11909112,249,121,7553,2017,113208.0,0.0,2.0548290000000002,1.2552969999999999,TWN,KOR,580110
11909113,7,122,7553,2017,15283.0,0.0,0.210477,0.02557,ARE,KWT,580110
11909114,18,122,7553,2017,1048.0,0.0,1.292657,1.19571,BEL,KWT,580110
11909115,41,122,7553,2017,6028.0,0.0,2.2557810000000003,0.845459,CHE,KWT,580110
11909116,43,122,7553,2017,64777.0,0.0,1.1127790000000002,1.56869,CHN,KWT,580110
11909117,59,122,7553,2017,4499.0,0.0,1.7715130000000001,0.359668,CZE,KWT,580110
11909118,61,122,7553,2017,12388.0,0.0,2.1149459999999998,-2.525372,DEU,KWT,580110
11909119,64,122,7553,2017,6698.0,0.0,1.159753,1.233914,DNK,KWT,580110
11909120,68,122,7553,2017,2801.0,0.0,-0.073436,1.829121,EGY,KWT,580110
11909121,71,122,7553,2017,9167.0,0.0,0.734342,2.8180099999999997,ESP,KWT,580110
11909122,77,122,7553,2017,6388.0,0.0,1.398427,0.894732,FRA,KWT,580110
11909123,81,122,7553,2017,13210.0,0.0,1.6883119999999998,0.8347469999999999,GBR,KWT,580110
11909124,104,122,7553,2017,86142.0,0.0,0.290576,2.726391,IND,KWT,580110
11909125,107,122,7553,2017,912.0,56215.0,-0.361292,-0.361813,IRN,KWT,580110
11909126,111,122,7553,2017,40384.0,0.0,1.34395,0.577693,ITA,KWT,580110
11909127,113,122,7553,2017,0.0,6629.0,0.020035,0.295415,JOR,KWT,580110
11909128,162,122,7553,2017,7930.0,0.0,1.146959,1.470869,NLD,KWT,580110
11909129,183,122,7553,2017,0.0,1289.0,-0.361327,-1.066869,QAT,KWT,580110
11909130,188,122,7553,2017,0.0,8120.0,0.597716,-0.345049,SAU,KWT,580110
11909131,212,122,7553,2017,16734.0,0.0,-0.660905,0.345462,SYR,KWT,580110
11909132,224,122,7553,2017,16139.0,0.0,0.541611,2.405872,TUR,KWT,580110
11909133,231,122,7553,2017,3301.0,0.0,1.601478,0.277271,USA,KWT,580110
11909134,81,127,7553,2017,14059.0,0.0,1.6883119999999998,0.8347469999999999,GBR,LCA,580110
11909135,18,138,7553,2017,4783.0,0.0,1.292657,1.19571,BEL,MEX,580110
11909136,39,138,7553,2017,0.0,55290.0,0.73897,1.206402,CAN,MEX,580110
11909137,41,138,7553,2017,6523.0,0.0,2.2557810000000003,0.845459,CHE,MEX,580110
11909138,61,138,7553,2017,5706.0,0.0,2.1149459999999998,-2.525372,DEU,MEX,580110
11909139,81,138,7553,2017,2018558.0,0.0,1.6883119999999998,0.8347469999999999,GBR,MEX,580110
11909140,162,138,7553,2017,173228.0,1382.0,1.146959,1.470869,NLD,MEX,580110
11909141,231,138,7553,2017,310780.0,0.0,1.601478,0.277271,USA,MEX,580110
11909142,43,143,7553,2017,361376.0,0.0,1.1127790000000002,1.56869,CHN,MMR,580110
11909143,34,153,7553,2017,0.0,27433.0,0.270525,-0.747949,BRN,MYS,580110
11909144,43,153,7553,2017,65096.0,158571.0,1.1127790000000002,1.56869,CHN,MYS,580110
11909145,81,153,7553,2017,128617.0,0.0,1.6883119999999998,0.8347469999999999,GBR,MYS,580110
11909146,104,153,7553,2017,1195.0,0.0,0.290576,2.726391,IND,MYS,580110
11909147,174,153,7553,2017,0.0,69765.0,0.657759,0.170061,PHL,MYS,580110
11909148,192,153,7553,2017,0.0,25219.0,1.884166,0.37903600000000004,SGP,MYS,580110
11909149,216,153,7553,2017,1264.0,0.0,0.983977,1.3926020000000001,THA,MYS,580110
11909150,224,153,7553,2017,2173.0,0.0,0.541611,2.405872,TUR,MYS,580110
11909151,231,153,7553,2017,208499.0,0.0,1.601478,0.277271,USA,MYS,580110
11909152,249,153,7553,2017,55143.0,0.0,2.0548290000000002,1.2552969999999999,TWN,MYS,580110
11909153,121,160,7553,2017,1512.0,0.0,2.011263,0.783215,KOR,NIC,580110
11909154,197,160,7553,2017,1535.0,0.0,0.113639,0.23175199999999999,SLV,NIC,580110
11909155,7,162,7553,2017,0.0,2109.0,0.210477,0.02557,ARE,NLD,580110
11909156,14,162,7553,2017,0.0,65361.0,-0.42427200000000004,-0.152921,AUS,NLD,580110
11909157,15,162,7553,2017,0.0,8626.0,1.728623,-0.031045999999999997,AUT,NLD,580110
11909158,18,162,7553,2017,429643.0,310164.0,1.292657,1.19571,BEL,NLD,580110
11909159,39,162,7553,2017,0.0,534313.0,0.73897,1.206402,CAN,NLD,580110
11909160,41,162,7553,2017,122476.0,3912.0,2.2557810000000003,0.845459,CHE,NLD,580110
11909161,43,162,7553,2017,0.0,29574.0,1.1127790000000002,1.56869,CHN,NLD,580110
11909162,61,162,7553,2017,82493.0,887524.0,2.1149459999999998,-2.525372,DEU,NLD,580110
11909163,64,162,7553,2017,9568.0,343988.0,1.159753,1.233914,DNK,NLD,580110
11909164,71,162,7553,2017,0.0,12563.0,0.734342,2.8180099999999997,ESP,NLD,580110
11909165,74,162,7553,2017,0.0,45886.0,1.655957,0.962485,FIN,NLD,580110
11909166,77,162,7553,2017,26641.0,424713.0,1.398427,0.894732,FRA,NLD,580110
11909167,81,162,7553,2017,123860.0,271968.0,1.6883119999999998,0.8347469999999999,GBR,NLD,580110
11909168,90,162,7553,2017,0.0,9922.0,0.154098,1.151038,GRC,NLD,580110
11909169,97,162,7553,2017,0.0,83125.0,0.824982,1.7162220000000001,HKG,NLD,580110
11909170,102,162,7553,2017,0.0,23079.0,1.4886270000000001,0.845986,HUN,NLD,580110
11909171,103,162,7553,2017,0.0,51267.0,-0.23641700000000002,1.188173,IDN,NLD,580110
11909172,109,162,7553,2017,0.0,7268.0,0.386094,-0.277269,ISL,NLD,580110
11909173,111,162,7553,2017,16968.0,136834.0,1.34395,0.577693,ITA,NLD,580110
11909174,114,162,7553,2017,0.0,9551.0,2.4510419999999997,-0.277357,JPN,NLD,580110
11909175,121,162,7553,2017,0.0,19074.0,2.011263,0.783215,KOR,NLD,580110
11909176,122,162,7553,2017,0.0,7930.0,-0.229821,-1.128482,KWT,NLD,580110
11909177,130,162,7553,2017,0.0,8271.0,0.855858,1.447717,LTU,NLD,580110
11909178,138,162,7553,2017,1382.0,173228.0,1.08871,0.5745279999999999,MEX,NLD,580110
11909179,163,162,7553,2017,0.0,1556.0,0.73658,0.11450199999999999,NOR,NLD,580110
11909180,166,162,7553,2017,0.0,115355.0,0.25651199999999996,0.132996,NZL,NLD,580110
11909181,177,162,7553,2017,0.0,14535.0,1.197417,1.092716,POL,NLD,580110
11909182,179,162,7553,2017,0.0,2201.0,0.527046,2.264624,PRT,NLD,580110
11909183,192,162,7553,2017,0.0,5608.0,1.884166,0.37903600000000004,SGP,NLD,580110
11909184,206,162,7553,2017,0.0,1696.0,1.279606,0.85503,SVK,NLD,580110
11909185,207,162,7553,2017,4902.0,6970.0,1.600319,0.854305,SVN,NLD,580110
11909186,208,162,7553,2017,0.0,24202.0,1.764732,0.732646,SWE,NLD,580110
11909187,224,162,7553,2017,1496.0,13511.0,0.541611,2.405872,TUR,NLD,580110
11909188,227,162,7553,2017,0.0,1725.0,-0.6831020000000001,-0.046838,UGA,NLD,580110
11909189,231,162,7553,2017,18486.0,3642076.0,1.601478,0.277271,USA,NLD,580110
11909190,239,162,7553,2017,0.0,2989.0,-0.009819,0.686429,VNM,NLD,580110
11909191,18,163,7553,2017,2042.0,0.0,1.292657,1.19571,BEL,NOR,580110
11909192,41,163,7553,2017,224920.0,0.0,2.2557810000000003,0.845459,CHE,NOR,580110
11909193,61,163,7553,2017,7197.0,1353.0,2.1149459999999998,-2.525372,DEU,NOR,580110
11909194,64,163,7553,2017,2631.0,0.0,1.159753,1.233914,DNK,NOR,580110
11909195,72,163,7553,2017,945.0,0.0,1.010985,1.289633,EST,NOR,580110
11909196,74,163,7553,2017,0.0,1247.0,1.655957,0.962485,FIN,NOR,580110
11909197,77,163,7553,2017,8161.0,0.0,1.398427,0.894732,FRA,NOR,580110
11909198,81,163,7553,2017,33642.0,0.0,1.6883119999999998,0.8347469999999999,GBR,NOR,580110
11909199,104,163,7553,2017,2168.0,0.0,0.290576,2.726391,IND,NOR,580110
11909200,109,163,7553,2017,0.0,1024.0,0.386094,-0.277269,ISL,NOR,580110
11909201,111,163,7553,2017,3457.0,0.0,1.34395,0.577693,ITA,NOR,580110
11909202,132,163,7553,2017,22509.0,0.0,0.684555,1.3208030000000002,LVA,NOR,580110
11909203,162,163,7553,2017,1556.0,0.0,1.146959,1.470869,NLD,NOR,580110
11909204,177,163,7553,2017,2096.0,0.0,1.197417,1.092716,POL,NOR,580110
11909205,208,163,7553,2017,2869.0,5299.0,1.764732,0.732646,SWE,NOR,580110
11909206,231,163,7553,2017,1975.0,1752.0,1.601478,0.277271,USA,NOR,580110
11909207,246,163,7553,2017,5770.0,0.0,0.2066,1.378591,ZAF,NOR,580110
11909208,14,166,7553,2017,45862.0,86463.0,-0.42427200000000004,-0.152921,AUS,NZL,580110
11909209,43,166,7553,2017,2937.0,0.0,1.1127790000000002,1.56869,CHN,NZL,580110
11909210,75,166,7553,2017,0.0,1907.0,-0.278276,-0.033997,FJI,NZL,580110
11909211,81,166,7553,2017,98068.0,0.0,1.6883119999999998,0.8347469999999999,GBR,NZL,580110
11909212,103,166,7553,2017,994.0,0.0,-0.23641700000000002,1.188173,IDN,NZL,580110
11909213,111,166,7553,2017,2504.0,3099.0,1.34395,0.577693,ITA,NZL,580110
11909214,162,166,7553,2017,115355.0,0.0,1.146959,1.470869,NLD,NZL,580110
11909215,216,166,7553,2017,1251.0,997.0,0.983977,1.3926020000000001,THA,NZL,580110
11909216,231,166,7553,2017,0.0,60375.0,1.601478,0.277271,USA,NZL,580110
11909217,43,168,7553,2017,34775.0,0.0,1.1127790000000002,1.56869,CHN,PAK,580110
11909218,167,168,7553,2017,0.0,4158.0,-0.347684,-0.884569,OMN,PAK,580110
11909219,231,168,7553,2017,3735.0,0.0,1.601478,0.277271,USA,PAK,580110
11909220,43,169,7553,2017,6878.0,0.0,1.1127790000000002,1.56869,CHN,PAN,580110
11909221,61,169,7553,2017,4290.0,0.0,2.1149459999999998,-2.525372,DEU,PAN,580110
11909222,65,169,7553,2017,0.0,2204.0,-0.168016,0.30840100000000004,DOM,PAN,580110
11909223,77,169,7553,2017,4488.0,0.0,1.398427,0.894732,FRA,PAN,580110
11909224,231,169,7553,2017,4441.0,1241.0,1.601478,0.277271,USA,PAN,580110
11909225,250,169,7553,2017,278.0,5153.0,0.72523,-0.205046,ANS,PAN,580110
11909226,231,173,7553,2017,0.0,2462.0,1.601478,0.277271,USA,PER,580110
11909227,7,174,7553,2017,6667.0,0.0,0.210477,0.02557,ARE,PHL,580110
11909228,43,174,7553,2017,100626.0,0.0,1.1127790000000002,1.56869,CHN,PHL,580110
11909229,81,174,7553,2017,5721.0,0.0,1.6883119999999998,0.8347469999999999,GBR,PHL,580110
11909230,97,174,7553,2017,5130.0,0.0,0.824982,1.7162220000000001,HKG,PHL,580110
11909231,103,174,7553,2017,0.0,76446.0,-0.23641700000000002,1.188173,IDN,PHL,580110
11909232,114,174,7553,2017,5455.0,0.0,2.4510419999999997,-0.277357,JPN,PHL,580110
11909233,121,174,7553,2017,16974.0,0.0,2.011263,0.783215,KOR,PHL,580110
11909234,153,174,7553,2017,69765.0,0.0,1.0110139999999999,0.6840729999999999,MYS,PHL,580110
11909235,231,174,7553,2017,4008.0,0.0,1.601478,0.277271,USA,PHL,580110
11909236,249,174,7553,2017,6492.0,0.0,2.0548290000000002,1.2552969999999999,TWN,PHL,580110
11909237,15,177,7553,2017,2815.0,0.0,1.728623,-0.031045999999999997,AUT,POL,580110
11909238,18,177,7553,2017,419539.0,0.0,1.292657,1.19571,BEL,POL,580110
11909239,23,177,7553,2017,0.0,4089.0,0.557843,1.7221119999999999,BGR,POL,580110
11909240,41,177,7553,2017,87657.0,0.0,2.2557810000000003,0.845459,CHE,POL,580110
11909241,43,177,7553,2017,4253.0,0.0,1.1127790000000002,1.56869,CHN,POL,580110
11909242,59,177,7553,2017,2701.0,2367.0,1.7715130000000001,0.359668,CZE,POL,580110
11909243,61,177,7553,2017,85758.0,10864.0,2.1149459999999998,-2.525372,DEU,POL,580110
11909244,64,177,7553,2017,71900.0,0.0,1.159753,1.233914,DNK,POL,580110
11909245,71,177,7553,2017,2406.0,0.0,0.734342,2.8180099999999997,ESP,POL,580110
11909246,77,177,7553,2017,15558.0,9138.0,1.398427,0.894732,FRA,POL,580110
11909247,81,177,7553,2017,1167367.0,0.0,1.6883119999999998,0.8347469999999999,GBR,POL,580110
11909248,109,177,7553,2017,0.0,4102.0,0.386094,-0.277269,ISL,POL,580110
11909249,111,177,7553,2017,10933.0,0.0,1.34395,0.577693,ITA,POL,580110
11909250,130,177,7553,2017,0.0,4137.0,0.855858,1.447717,LTU,POL,580110
11909251,132,177,7553,2017,3887.0,0.0,0.684555,1.3208030000000002,LVA,POL,580110
11909252,162,177,7553,2017,14535.0,0.0,1.146959,1.470869,NLD,POL,580110
11909253,163,177,7553,2017,0.0,2096.0,0.73658,0.11450199999999999,NOR,POL,580110
11909254,192,177,7553,2017,0.0,1433.0,1.884166,0.37903600000000004,SGP,POL,580110
11909255,208,177,7553,2017,6332.0,0.0,1.764732,0.732646,SWE,POL,580110
11909256,224,177,7553,2017,2227.0,1454.0,0.541611,2.405872,TUR,POL,580110
11909257,228,177,7553,2017,0.0,17741.0,0.461109,0.7826569999999999,UKR,POL,580110
11909258,231,177,7553,2017,2298.0,0.0,1.601478,0.277271,USA,POL,580110
11909259,250,177,7553,2017,80415.0,0.0,0.72523,-0.205046,ANS,POL,580110
11909260,18,179,7553,2017,56780.0,0.0,1.292657,1.19571,BEL,PRT,580110
11909261,32,179,7553,2017,0.0,48715.0,0.145224,0.483461,BRA,PRT,580110
11909262,41,179,7553,2017,13320.0,664899.0,2.2557810000000003,0.845459,CHE,PRT,580110
11909263,43,179,7553,2017,0.0,1676.0,1.1127790000000002,1.56869,CHN,PRT,580110
11909264,61,179,7553,2017,24202.0,14962.0,2.1149459999999998,-2.525372,DEU,PRT,580110
11909265,64,179,7553,2017,4711.0,441346.0,1.159753,1.233914,DNK,PRT,580110
11909266,71,179,7553,2017,2396.0,17472.0,0.734342,2.8180099999999997,ESP,PRT,580110
11909267,77,179,7553,2017,5515.0,0.0,1.398427,0.894732,FRA,PRT,580110
11909268,81,179,7553,2017,3176.0,0.0,1.6883119999999998,0.8347469999999999,GBR,PRT,580110
11909269,111,179,7553,2017,7009.0,18162.0,1.34395,0.577693,ITA,PRT,580110
11909270,114,179,7553,2017,1172.0,0.0,2.4510419999999997,-0.277357,JPN,PRT,580110
11909271,121,179,7553,2017,0.0,71413.0,2.011263,0.783215,KOR,PRT,580110
11909272,162,179,7553,2017,2201.0,0.0,1.146959,1.470869,NLD,PRT,580110
11909273,183,179,7553,2017,0.0,1063.0,-0.361327,-1.066869,QAT,PRT,580110
11909274,231,179,7553,2017,2530.0,0.0,1.601478,0.277271,USA,PRT,580110
11909275,77,180,7553,2017,11850.0,0.0,1.398427,0.894732,FRA,PRY,580110
11909276,110,181,7553,2017,2312.0,0.0,1.436156,0.776574,ISR,PSE,580110
11909277,28,186,7553,2017,601512.0,124753.0,0.8115829999999999,0.8323459999999999,BLR,RUS,580110
11909278,41,186,7553,2017,2172.0,0.0,2.2557810000000003,0.845459,CHE,RUS,580110
11909279,43,186,7553,2017,349012.0,0.0,1.1127790000000002,1.56869,CHN,RUS,580110
11909280,61,186,7553,2017,112412.0,0.0,2.1149459999999998,-2.525372,DEU,RUS,580110
11909281,74,186,7553,2017,2988.0,0.0,1.655957,0.962485,FIN,RUS,580110
11909282,77,186,7553,2017,16768.0,0.0,1.398427,0.894732,FRA,RUS,580110
11909283,81,186,7553,2017,21195.0,0.0,1.6883119999999998,0.8347469999999999,GBR,RUS,580110
11909284,106,186,7553,2017,1633.0,0.0,1.363544,0.169211,IRL,RUS,580110
11909285,111,186,7553,2017,9904.0,0.0,1.34395,0.577693,ITA,RUS,580110
11909286,130,186,7553,2017,37156.0,0.0,0.855858,1.447717,LTU,RUS,580110
11909287,231,186,7553,2017,2039.0,0.0,1.601478,0.277271,USA,RUS,580110
11909288,41,188,7553,2017,8998.0,0.0,2.2557810000000003,0.845459,CHE,SAU,580110
11909289,43,188,7553,2017,48594.0,0.0,1.1127790000000002,1.56869,CHN,SAU,580110
11909290,61,188,7553,2017,3082.0,0.0,2.1149459999999998,-2.525372,DEU,SAU,580110
11909291,71,188,7553,2017,955.0,0.0,0.734342,2.8180099999999997,ESP,SAU,580110
11909292,77,188,7553,2017,9679.0,0.0,1.398427,0.894732,FRA,SAU,580110
11909293,81,188,7553,2017,12088.0,0.0,1.6883119999999998,0.8347469999999999,GBR,SAU,580110
11909294,122,188,7553,2017,8120.0,0.0,-0.229821,-1.128482,KWT,SAU,580110
11909295,212,188,7553,2017,33322.0,0.0,-0.660905,0.345462,SYR,SAU,580110
11909296,14,192,7553,2017,6788.0,0.0,-0.42427200000000004,-0.152921,AUS,SGP,580110
11909297,41,192,7553,2017,3595.0,0.0,2.2557810000000003,0.845459,CHE,SGP,580110
11909298,43,192,7553,2017,40039.0,1507.0,1.1127790000000002,1.56869,CHN,SGP,580110
11909299,61,192,7553,2017,1412.0,0.0,2.1149459999999998,-2.525372,DEU,SGP,580110
11909300,64,192,7553,2017,5478.0,0.0,1.159753,1.233914,DNK,SGP,580110
11909301,77,192,7553,2017,1000.0,0.0,1.398427,0.894732,FRA,SGP,580110
11909302,81,192,7553,2017,66886.0,0.0,1.6883119999999998,0.8347469999999999,GBR,SGP,580110
11909303,103,192,7553,2017,0.0,4253.0,-0.23641700000000002,1.188173,IDN,SGP,580110
11909304,111,192,7553,2017,12806.0,0.0,1.34395,0.577693,ITA,SGP,580110
11909305,118,192,7553,2017,0.0,2085.0,-0.656325,-0.622167,KHM,SGP,580110
11909306,153,192,7553,2017,25219.0,0.0,1.0110139999999999,0.6840729999999999,MYS,SGP,580110
11909307,162,192,7553,2017,5608.0,0.0,1.146959,1.470869,NLD,SGP,580110
11909308,167,192,7553,2017,0.0,2042.0,-0.347684,-0.884569,OMN,SGP,580110
11909309,177,192,7553,2017,1433.0,0.0,1.197417,1.092716,POL,SGP,580110
11909310,231,192,7553,2017,62270.0,0.0,1.601478,0.277271,USA,SGP,580110
11909311,239,192,7553,2017,0.0,3386.0,-0.009819,0.686429,VNM,SGP,580110
11909312,160,197,7553,2017,0.0,1535.0,-1.0502280000000002,-0.8817719999999999,NIC,SLV,580110
11909313,231,197,7553,2017,217317.0,0.0,1.601478,0.277271,USA,SLV,580110
11909314,18,208,7553,2017,2925.0,0.0,1.292657,1.19571,BEL,SWE,580110
11909315,39,208,7553,2017,0.0,4623.0,0.73897,1.206402,CAN,SWE,580110
11909316,59,208,7553,2017,1102.0,0.0,1.7715130000000001,0.359668,CZE,SWE,580110
11909317,61,208,7553,2017,75770.0,1038.0,2.1149459999999998,-2.525372,DEU,SWE,580110
11909318,64,208,7553,2017,15625.0,0.0,1.159753,1.233914,DNK,SWE,580110
11909319,74,208,7553,2017,0.0,1780.0,1.655957,0.962485,FIN,SWE,580110
11909320,77,208,7553,2017,21124.0,1210.0,1.398427,0.894732,FRA,SWE,580110
11909321,81,208,7553,2017,102581.0,0.0,1.6883119999999998,0.8347469999999999,GBR,SWE,580110
11909322,111,208,7553,2017,6279.0,0.0,1.34395,0.577693,ITA,SWE,580110
11909323,130,208,7553,2017,0.0,19843.0,0.855858,1.447717,LTU,SWE,580110
11909324,132,208,7553,2017,6745.0,1926.0,0.684555,1.3208030000000002,LVA,SWE,580110
11909325,162,208,7553,2017,24202.0,0.0,1.146959,1.470869,NLD,SWE,580110
11909326,163,208,7553,2017,5299.0,2869.0,0.73658,0.11450199999999999,NOR,SWE,580110
11909327,177,208,7553,2017,0.0,6332.0,1.197417,1.092716,POL,SWE,580110
11909328,224,208,7553,2017,14397.0,0.0,0.541611,2.405872,TUR,SWE,580110
11909329,231,208,7553,2017,27625.0,0.0,1.601478,0.277271,USA,SWE,580110
11909330,18,216,7553,2017,948.0,0.0,1.292657,1.19571,BEL,THA,580110
11909331,39,216,7553,2017,0.0,3758.0,0.73897,1.206402,CAN,THA,580110
11909332,43,216,7553,2017,13179.0,0.0,1.1127790000000002,1.56869,CHN,THA,580110
11909333,61,216,7553,2017,277496.0,8495.0,2.1149459999999998,-2.525372,DEU,THA,580110
11909334,77,216,7553,2017,1747.0,0.0,1.398427,0.894732,FRA,THA,580110
11909335,81,216,7553,2017,3129.0,34407.0,1.6883119999999998,0.8347469999999999,GBR,THA,580110
11909336,97,216,7553,2017,1110.0,21421.0,0.824982,1.7162220000000001,HKG,THA,580110
11909337,103,216,7553,2017,1599.0,0.0,-0.23641700000000002,1.188173,IDN,THA,580110
11909338,106,216,7553,2017,2123.0,0.0,1.363544,0.169211,IRL,THA,580110
11909339,121,216,7553,2017,4943.0,0.0,2.011263,0.783215,KOR,THA,580110
11909340,123,216,7553,2017,0.0,14671.0,-0.9742190000000001,-0.727593,LAO,THA,580110
11909341,153,216,7553,2017,0.0,1264.0,1.0110139999999999,0.6840729999999999,MYS,THA,580110
11909342,166,216,7553,2017,997.0,1251.0,0.25651199999999996,0.132996,NZL,THA,580110
11909343,231,216,7553,2017,29989.0,9519.0,1.601478,0.277271,USA,THA,580110
11909344,239,216,7553,2017,0.0,55775.0,-0.009819,0.686429,VNM,THA,580110
11909345,81,222,7553,2017,13792.0,0.0,1.6883119999999998,0.8347469999999999,GBR,TTO,580110
11909346,7,224,7553,2017,0.0,5110.0,0.210477,0.02557,ARE,TUR,580110
11909347,18,224,7553,2017,65484.0,0.0,1.292657,1.19571,BEL,TUR,580110
11909348,43,224,7553,2017,0.0,1577.0,1.1127790000000002,1.56869,CHN,TUR,580110
11909349,61,224,7553,2017,45058.0,5115.0,2.1149459999999998,-2.525372,DEU,TUR,580110
11909350,64,224,7553,2017,1435.0,0.0,1.159753,1.233914,DNK,TUR,580110
11909351,66,224,7553,2017,0.0,1529.0,-0.9905579999999999,-1.1996200000000001,DZA,TUR,580110
11909352,68,224,7553,2017,0.0,99568.0,-0.073436,1.829121,EGY,TUR,580110
11909353,71,224,7553,2017,25137.0,0.0,0.734342,2.8180099999999997,ESP,TUR,580110
11909354,77,224,7553,2017,19468.0,0.0,1.398427,0.894732,FRA,TUR,580110
11909355,81,224,7553,2017,241247.0,1123888.0,1.6883119999999998,0.8347469999999999,GBR,TUR,580110
11909356,97,224,7553,2017,0.0,1353.0,0.824982,1.7162220000000001,HKG,TUR,580110
11909357,103,224,7553,2017,3132.0,0.0,-0.23641700000000002,1.188173,IDN,TUR,580110
11909358,107,224,7553,2017,0.0,49018.0,-0.361292,-0.361813,IRN,TUR,580110
11909359,110,224,7553,2017,7460.0,11607.0,1.436156,0.776574,ISR,TUR,580110
11909360,111,224,7553,2017,11730.0,0.0,1.34395,0.577693,ITA,TUR,580110
11909361,116,224,7553,2017,0.0,22326.0,-0.579541,0.511926,KEN,TUR,580110
11909362,122,224,7553,2017,0.0,16139.0,-0.229821,-1.128482,KWT,TUR,580110
11909363,124,224,7553,2017,0.0,14035.0,0.266847,1.117621,LBN,TUR,580110
11909364,130,224,7553,2017,0.0,18182.0,0.855858,1.447717,LTU,TUR,580110
11909365,131,224,7553,2017,4708.0,0.0,1.24064,1.298263,LUX,TUR,580110
11909366,153,224,7553,2017,0.0,2173.0,1.0110139999999999,0.6840729999999999,MYS,TUR,580110
11909367,162,224,7553,2017,13511.0,1496.0,1.146959,1.470869,NLD,TUR,580110
11909368,177,224,7553,2017,1454.0,2227.0,1.197417,1.092716,POL,TUR,580110
11909369,208,224,7553,2017,0.0,14397.0,1.764732,0.732646,SWE,TUR,580110
11909370,223,224,7553,2017,0.0,2189.0,0.224119,0.961772,TUN,TUR,580110
11909371,228,224,7553,2017,0.0,3328.0,0.461109,0.7826569999999999,UKR,TUR,580110
11909372,231,224,7553,2017,13067.0,8440.0,1.601478,0.277271,USA,TUR,580110
11909373,243,224,7553,2017,0.0,29480.0,-1.397594,-1.2342110000000002,YEM,TUR,580110
11909374,246,224,7553,2017,969.0,0.0,0.2066,1.378591,ZAF,TUR,580110
11909375,41,228,7553,2017,373.0,0.0,2.2557810000000003,0.845459,CHE,UKR,580110
11909376,61,228,7553,2017,1518.0,0.0,2.1149459999999998,-2.525372,DEU,UKR,580110
11909377,177,228,7553,2017,17741.0,0.0,1.197417,1.092716,POL,UKR,580110
11909378,224,228,7553,2017,3328.0,0.0,0.541611,2.405872,TUR,UKR,580110
11909379,231,228,7553,2017,3060.0,0.0,1.601478,0.277271,USA,UKR,580110
11909380,61,230,7553,2017,3921.0,0.0,2.1149459999999998,-2.525372,DEU,URY,580110
11909381,7,231,7553,2017,0.0,91352.0,0.210477,0.02557,ARE,USA,580110
11909382,13,231,7553,2017,0.0,2635.0,0.42561099999999996,-0.42671099999999995,ATG,USA,580110
11909383,14,231,7553,2017,37621.0,16836.0,-0.42427200000000004,-0.152921,AUS,USA,580110
11909384,15,231,7553,2017,2962.0,68309.0,1.728623,-0.031045999999999997,AUT,USA,580110
11909385,18,231,7553,2017,2911059.0,56469.0,1.292657,1.19571,BEL,USA,580110
11909386,23,231,7553,2017,16645.0,0.0,0.557843,1.7221119999999999,BGR,USA,580110
11909387,24,231,7553,2017,0.0,3435.0,0.485479,-0.5348890000000001,BHR,USA,580110
11909388,25,231,7553,2017,0.0,1836.0,0.81944,-0.30649499999999996,BHS,USA,580110
11909389,32,231,7553,2017,0.0,29142.0,0.145224,0.483461,BRA,USA,580110
11909390,39,231,7553,2017,220823.0,1252961.0,0.73897,1.206402,CAN,USA,580110
11909391,41,231,7553,2017,19565.0,84485.0,2.2557810000000003,0.845459,CHE,USA,580110
11909392,42,231,7553,2017,0.0,4640.0,-0.378693,-0.492983,CHL,USA,580110
11909393,43,231,7553,2017,58246.0,48987.0,1.1127790000000002,1.56869,CHN,USA,580110
11909394,59,231,7553,2017,7076.0,4180.0,1.7715130000000001,0.359668,CZE,USA,580110
11909395,61,231,7553,2017,706671.0,22155.0,2.1149459999999998,-2.525372,DEU,USA,580110
11909396,64,231,7553,2017,2931.0,4772.0,1.159753,1.233914,DNK,USA,580110
11909397,65,231,7553,2017,0.0,162610.0,-0.168016,0.30840100000000004,DOM,USA,580110
11909398,68,231,7553,2017,0.0,17362.0,-0.073436,1.829121,EGY,USA,580110
11909399,71,231,7553,2017,34462.0,8565.0,0.734342,2.8180099999999997,ESP,USA,580110
11909400,73,231,7553,2017,0.0,3679.0,-1.007413,-0.638231,ETH,USA,580110
11909401,77,231,7553,2017,498641.0,48852.0,1.398427,0.894732,FRA,USA,580110
11909402,81,231,7553,2017,4173548.0,137641.0,1.6883119999999998,0.8347469999999999,GBR,USA,580110
11909403,93,231,7553,2017,0.0,78003.0,-0.418538,0.557454,GTM,USA,580110
11909404,97,231,7553,2017,0.0,166566.0,0.824982,1.7162220000000001,HKG,USA,580110
11909405,103,231,7553,2017,0.0,16120.0,-0.23641700000000002,1.188173,IDN,USA,580110
11909406,104,231,7553,2017,38008.0,20737.0,0.290576,2.726391,IND,USA,580110
11909407,106,231,7553,2017,61241.0,2946.0,1.363544,0.169211,IRL,USA,580110
11909408,110,231,7553,2017,0.0,7003.0,1.436156,0.776574,ISR,USA,580110
11909409,111,231,7553,2017,645837.0,371215.0,1.34395,0.577693,ITA,USA,580110
11909410,112,231,7553,2017,0.0,1836.0,-0.497654,-0.76481,JAM,USA,580110
11909411,114,231,7553,2017,1245.0,36168.0,2.4510419999999997,-0.277357,JPN,USA,580110
11909412,121,231,7553,2017,0.0,11662.0,2.011263,0.783215,KOR,USA,580110
11909413,122,231,7553,2017,0.0,3301.0,-0.229821,-1.128482,KWT,USA,580110
11909414,130,231,7553,2017,0.0,2851.0,0.855858,1.447717,LTU,USA,580110
11909415,138,231,7553,2017,0.0,310780.0,1.08871,0.5745279999999999,MEX,USA,580110
11909416,153,231,7553,2017,0.0,208499.0,1.0110139999999999,0.6840729999999999,MYS,USA,580110
11909417,162,231,7553,2017,3642076.0,18486.0,1.146959,1.470869,NLD,USA,580110
11909418,163,231,7553,2017,1752.0,1975.0,0.73658,0.11450199999999999,NOR,USA,580110
11909419,166,231,7553,2017,60375.0,0.0,0.25651199999999996,0.132996,NZL,USA,580110
11909420,168,231,7553,2017,0.0,3735.0,-0.698561,0.43523500000000004,PAK,USA,580110
11909421,169,231,7553,2017,1241.0,4441.0,0.5520109999999999,0.788181,PAN,USA,580110
11909422,173,231,7553,2017,2462.0,0.0,-0.667658,-0.318344,PER,USA,580110
11909423,174,231,7553,2017,0.0,4008.0,0.657759,0.170061,PHL,USA,580110
11909424,177,231,7553,2017,0.0,2298.0,1.197417,1.092716,POL,USA,580110
11909425,179,231,7553,2017,0.0,2530.0,0.527046,2.264624,PRT,USA,580110
11909426,186,231,7553,2017,0.0,2039.0,0.32885,0.288392,RUS,USA,580110
11909427,192,231,7553,2017,0.0,62270.0,1.884166,0.37903600000000004,SGP,USA,580110
11909428,196,231,7553,2017,0.0,8734.0,-0.37777,-0.6353270000000001,SLE,USA,580110
11909429,197,231,7553,2017,0.0,217317.0,0.113639,0.23175199999999999,SLV,USA,580110
11909430,208,231,7553,2017,0.0,27625.0,1.764732,0.732646,SWE,USA,580110
11909431,216,231,7553,2017,9519.0,29989.0,0.983977,1.3926020000000001,THA,USA,580110
11909432,218,231,7553,2017,2441.0,0.0,0.302394,-0.35394499999999995,TKL,USA,580110
11909433,224,231,7553,2017,8440.0,13067.0,0.541611,2.405872,TUR,USA,580110
11909434,228,231,7553,2017,0.0,3060.0,0.461109,0.7826569999999999,UKR,USA,580110
11909435,239,231,7553,2017,0.0,3447.0,-0.009819,0.686429,VNM,USA,580110
11909436,246,231,7553,2017,51509.0,0.0,0.2066,1.378591,ZAF,USA,580110
11909437,249,231,7553,2017,8745.0,0.0,2.0548290000000002,1.2552969999999999,TWN,USA,580110
11909438,41,236,7553,2017,1643.0,0.0,2.2557810000000003,0.845459,CHE,VEN,580110
11909439,7,246,7553,2017,0.0,2108.0,0.210477,0.02557,ARE,ZAF,580110
11909440,14,246,7553,2017,0.0,2119.0,-0.42427200000000004,-0.152921,AUS,ZAF,580110
11909441,37,246,7553,2017,0.0,1633.0,-0.593754,-1.166742,BWA,ZAF,580110
11909442,41,246,7553,2017,7230.0,3453.0,2.2557810000000003,0.845459,CHE,ZAF,580110
11909443,43,246,7553,2017,9419.0,14392.0,1.1127790000000002,1.56869,CHN,ZAF,580110
11909444,61,246,7553,2017,18926.0,0.0,2.1149459999999998,-2.525372,DEU,ZAF,580110
11909445,81,246,7553,2017,26479.0,1565.0,1.6883119999999998,0.8347469999999999,GBR,ZAF,580110
11909446,104,246,7553,2017,1818.0,0.0,0.290576,2.726391,IND,ZAF,580110
11909447,111,246,7553,2017,1913.0,0.0,1.34395,0.577693,ITA,ZAF,580110
11909448,121,246,7553,2017,0.0,1131.0,2.011263,0.783215,KOR,ZAF,580110
11909449,129,246,7553,2017,0.0,5124.0,-0.955398,-0.824111,LSO,ZAF,580110
11909450,155,246,7553,2017,1643.0,0.0,-0.5221060000000001,-0.7365079999999999,NAM,ZAF,580110
11909451,163,246,7553,2017,0.0,5770.0,0.73658,0.11450199999999999,NOR,ZAF,580110
11909452,209,246,7553,2017,0.0,5948.0,0.126066,-0.551203,SWZ,ZAF,580110
11909453,224,246,7553,2017,0.0,969.0,0.541611,2.405872,TUR,ZAF,580110
11909454,227,246,7553,2017,0.0,2855.0,-0.6831020000000001,-0.046838,UGA,ZAF,580110
11909455,231,246,7553,2017,0.0,51509.0,1.601478,0.277271,USA,ZAF,580110
11909456,14,249,7553,2017,0.0,1292.0,-0.42427200000000004,-0.152921,AUS,TWN,580110
11909457,43,249,7553,2017,1100.0,9540.0,1.1127790000000002,1.56869,CHN,TWN,580110
11909458,64,249,7553,2017,3579.0,0.0,1.159753,1.233914,DNK,TWN,580110
11909459,77,249,7553,2017,1424.0,0.0,1.398427,0.894732,FRA,TWN,580110
11909460,81,249,7553,2017,39799.0,2800.0,1.6883119999999998,0.8347469999999999,GBR,TWN,580110
11909461,104,249,7553,2017,4546.0,0.0,0.290576,2.726391,IND,TWN,580110
11909462,111,249,7553,2017,5773.0,0.0,1.34395,0.577693,ITA,TWN,580110
11909463,116,249,7553,2017,0.0,7119.0,-0.579541,0.511926,KEN,TWN,580110
11909464,118,249,7553,2017,0.0,1527.0,-0.656325,-0.622167,KHM,TWN,580110
11909465,121,249,7553,2017,0.0,113208.0,2.011263,0.783215,KOR,TWN,580110
11909466,153,249,7553,2017,0.0,55143.0,1.0110139999999999,0.6840729999999999,MYS,TWN,580110
11909467,174,249,7553,2017,0.0,6492.0,0.657759,0.170061,PHL,TWN,580110
11909468,231,249,7553,2017,0.0,8745.0,1.601478,0.277271,USA,TWN,580110
11909469,239,249,7553,2017,0.0,33396.0,-0.009819,0.686429,VNM,TWN,580110
11909470,42,250,7553,2017,0.0,3139.0,-0.378693,-0.492983,CHL,ANS,580110
11909471,71,250,7553,2017,0.0,13649.0,0.734342,2.8180099999999997,ESP,ANS,580110
11909472,77,250,7553,2017,0.0,233090.0,1.398427,0.894732,FRA,ANS,580110
11909473,106,250,7553,2017,24004.0,0.0,1.363544,0.169211,IRL,ANS,580110
11909474,131,250,7553,2017,0.0,50491.0,1.24064,1.298263,LUX,ANS,580110
11909475,140,250,7553,2017,1.0,0.0,-0.0292,-0.377156,MKD,ANS,580110
11909476,169,250,7553,2017,5153.0,278.0,0.5520109999999999,0.788181,PAN,ANS,580110
11909477,177,250,7553,2017,0.0,80415.0,1.197417,1.092716,POL,ANS,580110
11909478,183,250,7553,2017,0.0,2195.0,-0.361327,-1.066869,QAT,ANS,580110
11909479,223,250,7553,2017,28457.0,37071.0,0.224119,0.961772,TUN,ANS,580110
11909480,18,14,7553,2017,5274.0,0.0,1.292657,1.19571,BEL,AUS,580110
11909481,39,14,7553,2017,0.0,1156.0,0.73897,1.206402,CAN,AUS,580110
11909482,41,14,7553,2017,1266.0,0.0,2.2557810000000003,0.845459,CHE,AUS,580110
11909483,43,14,7553,2017,18176.0,70206.0,1.1127790000000002,1.56869,CHN,AUS,580110
11909484,61,14,7553,2017,13900.0,0.0,2.1149459999999998,-2.525372,DEU,AUS,580110
11909485,64,14,7553,2017,13690.0,0.0,1.159753,1.233914,DNK,AUS,580110
11909486,71,14,7553,2017,1308.0,2461.0,0.734342,2.8180099999999997,ESP,AUS,580110
11909487,77,14,7553,2017,4530.0,0.0,1.398427,0.894732,FRA,AUS,580110
11909488,81,14,7553,2017,1002975.0,0.0,1.6883119999999998,0.8347469999999999,GBR,AUS,580110
11909489,103,14,7553,2017,6440.0,0.0,-0.23641700000000002,1.188173,IDN,AUS,580110
11909490,104,14,7553,2017,6312.0,0.0,0.290576,2.726391,IND,AUS,580110
11909491,111,14,7553,2017,6729.0,0.0,1.34395,0.577693,ITA,AUS,580110
11909492,128,14,7553,2017,3224.0,0.0,-0.46442799999999995,0.472132,LKA,AUS,580110
11909493,162,14,7553,2017,65361.0,0.0,1.146959,1.470869,NLD,AUS,580110
11909494,166,14,7553,2017,86463.0,45862.0,0.25651199999999996,0.132996,NZL,AUS,580110
11909495,192,14,7553,2017,0.0,6788.0,1.884166,0.37903600000000004,SGP,AUS,580110
11909496,196,14,7553,2017,0.0,895.0,-0.37777,-0.6353270000000001,SLE,AUS,580110
11909497,231,14,7553,2017,16836.0,37621.0,1.601478,0.277271,USA,AUS,580110
11909498,246,14,7553,2017,2119.0,0.0,0.2066,1.378591,ZAF,AUS,580110
11909499,249,14,7553,2017,1292.0,0.0,2.0548290000000002,1.2552969999999999,TWN,AUS,580110
11909500,43,24,7553,2017,1737.0,0.0,1.1127790000000002,1.56869,CHN,BHR,580110
11909501,61,24,7553,2017,3000.0,0.0,2.1149459999999998,-2.525372,DEU,BHR,580110
11909502,231,24,7553,2017,3435.0,0.0,1.601478,0.277271,USA,BHR,580110
11909503,15,26,7553,2017,48119.0,5128.0,1.728623,-0.031045999999999997,AUT,BIH,580110
11909504,61,26,7553,2017,9459.0,0.0,2.1149459999999998,-2.525372,DEU,BIH,580110
11909505,111,26,7553,2017,8672.0,0.0,1.34395,0.577693,ITA,BIH,580110
11909506,43,28,7553,2017,40936.0,0.0,1.1127790000000002,1.56869,CHN,BLR,580110
11909507,111,28,7553,2017,3862.0,0.0,1.34395,0.577693,ITA,BLR,580110
11909508,186,28,7553,2017,124753.0,601512.0,0.32885,0.288392,RUS,BLR,580110
11909509,43,31,7553,2017,1476.0,0.0,1.1127790000000002,1.56869,CHN,BOL,580110
11909510,18,59,7553,2017,117454.0,0.0,1.292657,1.19571,BEL,CZE,580110
11909511,41,59,7553,2017,196839.0,0.0,2.2557810000000003,0.845459,CHE,CZE,580110
11909512,61,59,7553,2017,236345.0,12544.0,2.1149459999999998,-2.525372,DEU,CZE,580110
11909513,77,59,7553,2017,1245.0,0.0,1.398427,0.894732,FRA,CZE,580110
11909514,81,59,7553,2017,364764.0,0.0,1.6883119999999998,0.8347469999999999,GBR,CZE,580110
11909515,90,59,7553,2017,0.0,9864.0,0.154098,1.151038,GRC,CZE,580110
11909516,111,59,7553,2017,17238.0,137041.0,1.34395,0.577693,ITA,CZE,580110
11909517,122,59,7553,2017,0.0,4499.0,-0.229821,-1.128482,KWT,CZE,580110
11909518,177,59,7553,2017,2367.0,2701.0,1.197417,1.092716,POL,CZE,580110
11909519,206,59,7553,2017,0.0,3197.0,1.279606,0.85503,SVK,CZE,580110
11909520,208,59,7553,2017,0.0,1102.0,1.764732,0.732646,SWE,CZE,580110
11909521,231,59,7553,2017,4180.0,7076.0,1.601478,0.277271,USA,CZE,580110
11909522,39,68,7553,2017,2018.0,0.0,0.73897,1.206402,CAN,EGY,580110
11909523,43,68,7553,2017,85380.0,0.0,1.1127790000000002,1.56869,CHN,EGY,580110
11909524,46,68,7553,2017,0.0,13405.0,-1.3960569999999999,-1.126784,COD,EGY,580110
11909525,66,68,7553,2017,0.0,45574.0,-0.9905579999999999,-1.1996200000000001,DZA,EGY,580110
11909526,71,68,7553,2017,0.0,181567.0,0.734342,2.8180099999999997,ESP,EGY,580110
11909527,81,68,7553,2017,18211.0,0.0,1.6883119999999998,0.8347469999999999,GBR,EGY,580110
11909528,111,68,7553,2017,5516.0,0.0,1.34395,0.577693,ITA,EGY,580110
11909529,122,68,7553,2017,0.0,2801.0,-0.229821,-1.128482,KWT,EGY,580110
11909530,134,68,7553,2017,0.0,194914.0,-0.757236,-0.065347,MAR,EGY,580110
11909531,212,68,7553,2017,0.0,64300.0,-0.660905,0.345462,SYR,EGY,580110
11909532,223,68,7553,2017,3852.0,0.0,0.224119,0.961772,TUN,EGY,580110
11909533,224,68,7553,2017,99568.0,0.0,0.541611,2.405872,TUR,EGY,580110
11909534,231,68,7553,2017,17362.0,0.0,1.601478,0.277271,USA,EGY,580110
11909535,64,72,7553,2017,1524.0,0.0,1.159753,1.233914,DNK,EST,580110
11909536,81,72,7553,2017,30977.0,0.0,1.6883119999999998,0.8347469999999999,GBR,EST,580110
11909537,132,72,7553,2017,5668.0,0.0,0.684555,1.3208030000000002,LVA,EST,580110
11909538,163,72,7553,2017,0.0,945.0,0.73658,0.11450199999999999,NOR,EST,580110
11909539,18,90,7553,2017,5860.0,0.0,1.292657,1.19571,BEL,GRC,580110
11909540,41,90,7553,2017,2445.0,0.0,2.2557810000000003,0.845459,CHE,GRC,580110
11909541,43,90,7553,2017,1013.0,0.0,1.1127790000000002,1.56869,CHN,GRC,580110
11909542,59,90,7553,2017,9864.0,0.0,1.7715130000000001,0.359668,CZE,GRC,580110
11909543,61,90,7553,2017,1298.0,0.0,2.1149459999999998,-2.525372,DEU,GRC,580110
11909544,64,90,7553,2017,0.0,1124.0,1.159753,1.233914,DNK,GRC,580110
11909545,71,90,7553,2017,7718.0,0.0,0.734342,2.8180099999999997,ESP,GRC,580110
11909546,77,90,7553,2017,1145.0,0.0,1.398427,0.894732,FRA,GRC,580110
11909547,81,90,7553,2017,7101.0,0.0,1.6883119999999998,0.8347469999999999,GBR,GRC,580110
11909548,111,90,7553,2017,3842.0,1139.0,1.34395,0.577693,ITA,GRC,580110
11909549,162,90,7553,2017,9922.0,0.0,1.146959,1.470869,NLD,GRC,580110
11909550,15,100,7553,2017,11822.0,0.0,1.728623,-0.031045999999999997,AUT,HRV,580110
11909551,71,100,7553,2017,1308.0,0.0,0.734342,2.8180099999999997,ESP,HRV,580110
11909552,77,100,7553,2017,1628.0,0.0,1.398427,0.894732,FRA,HRV,580110
11909553,201,100,7553,2017,0.0,1594.0,0.541644,1.19872,SRB,HRV,580110
11909554,207,100,7553,2017,39266.0,0.0,1.600319,0.854305,SVN,HRV,580110
11909555,41,107,7553,2017,484.0,0.0,2.2557810000000003,0.845459,CHE,IRN,580110
11909556,43,107,7553,2017,45366.0,0.0,1.1127790000000002,1.56869,CHN,IRN,580110
11909557,77,107,7553,2017,9580.0,0.0,1.398427,0.894732,FRA,IRN,580110
11909558,81,107,7553,2017,341.0,0.0,1.6883119999999998,0.8347469999999999,GBR,IRN,580110
11909559,108,107,7553,2017,0.0,1028370.0,-1.515339,-0.9462950000000001,IRQ,IRN,580110
11909560,122,107,7553,2017,56215.0,912.0,-0.229821,-1.128482,KWT,IRN,580110
11909561,224,107,7553,2017,49018.0,0.0,0.541611,2.405872,TUR,IRN,580110
11909562,81,109,7553,2017,23003.0,0.0,1.6883119999999998,0.8347469999999999,GBR,ISL,580110
11909563,162,109,7553,2017,7268.0,0.0,1.146959,1.470869,NLD,ISL,580110
11909564,163,109,7553,2017,1024.0,0.0,0.73658,0.11450199999999999,NOR,ISL,580110
11909565,177,109,7553,2017,4102.0,0.0,1.197417,1.092716,POL,ISL,580110
11909566,43,115,7553,2017,15639.0,0.0,1.1127790000000002,1.56869,CHN,KAZ,580110
11909567,111,115,7553,2017,5528.0,0.0,1.34395,0.577693,ITA,KAZ,580110
11909568,117,115,7553,2017,0.0,11890.0,-0.11530599999999999,0.264752,KGZ,KAZ,580110
11909569,61,116,7553,2017,2315.0,0.0,2.1149459999999998,-2.525372,DEU,KEN,580110
11909570,104,116,7553,2017,10681.0,0.0,0.290576,2.726391,IND,KEN,580110
11909571,224,116,7553,2017,22326.0,0.0,0.541611,2.405872,TUR,KEN,580110
11909572,249,116,7553,2017,7119.0,0.0,2.0548290000000002,1.2552969999999999,TWN,KEN,580110
11909573,115,117,7553,2017,11890.0,0.0,-0.394316,-0.5485979999999999,KAZ,KGZ,580110
11909574,43,118,7553,2017,67503.0,0.0,1.1127790000000002,1.56869,CHN,KHM,580110
11909575,81,118,7553,2017,1282.0,0.0,1.6883119999999998,0.8347469999999999,GBR,KHM,580110
11909576,97,118,7553,2017,34234.0,0.0,0.824982,1.7162220000000001,HKG,KHM,580110
11909577,192,118,7553,2017,2085.0,0.0,1.884166,0.37903600000000004,SGP,KHM,580110
11909578,249,118,7553,2017,1527.0,0.0,2.0548290000000002,1.2552969999999999,TWN,KHM,580110
11909579,43,124,7553,2017,2527.0,0.0,1.1127790000000002,1.56869,CHN,LBN,580110
11909580,64,124,7553,2017,903.0,0.0,1.159753,1.233914,DNK,LBN,580110
11909581,77,124,7553,2017,31838.0,0.0,1.398427,0.894732,FRA,LBN,580110
11909582,111,124,7553,2017,1539.0,0.0,1.34395,0.577693,ITA,LBN,580110
11909583,224,124,7553,2017,14035.0,0.0,0.541611,2.405872,TUR,LBN,580110
11909584,14,128,7553,2017,0.0,3224.0,-0.42427200000000004,-0.152921,AUS,LKA,580110
11909585,41,128,7553,2017,1889.0,0.0,2.2557810000000003,0.845459,CHE,LKA,580110
11909586,43,128,7553,2017,19245.0,0.0,1.1127790000000002,1.56869,CHN,LKA,580110
11909587,15,130,7553,2017,6885.0,0.0,1.728623,-0.031045999999999997,AUT,LTU,580110
11909588,18,130,7553,2017,58964.0,0.0,1.292657,1.19571,BEL,LTU,580110
11909589,39,130,7553,2017,0.0,2232.0,0.73897,1.206402,CAN,LTU,580110
11909590,41,130,7553,2017,2227.0,0.0,2.2557810000000003,0.845459,CHE,LTU,580110
11909591,61,130,7553,2017,74131.0,0.0,2.1149459999999998,-2.525372,DEU,LTU,580110
11909592,64,130,7553,2017,25408.0,0.0,1.159753,1.233914,DNK,LTU,580110
11909593,81,130,7553,2017,290132.0,5666.0,1.6883119999999998,0.8347469999999999,GBR,LTU,580110
11909594,111,130,7553,2017,0.0,2448.0,1.34395,0.577693,ITA,LTU,580110
11909595,162,130,7553,2017,8271.0,0.0,1.146959,1.470869,NLD,LTU,580110
11909596,177,130,7553,2017,4137.0,0.0,1.197417,1.092716,POL,LTU,580110
11909597,186,130,7553,2017,0.0,37156.0,0.32885,0.288392,RUS,LTU,580110
11909598,208,130,7553,2017,19843.0,0.0,1.764732,0.732646,SWE,LTU,580110
11909599,224,130,7553,2017,18182.0,0.0,0.541611,2.405872,TUR,LTU,580110
11909600,231,130,7553,2017,2851.0,0.0,1.601478,0.277271,USA,LTU,580110
11909601,18,131,7553,2017,116020.0,0.0,1.292657,1.19571,BEL,LUX,580110
11909602,61,131,7553,2017,3226.0,0.0,2.1149459999999998,-2.525372,DEU,LUX,580110
11909603,77,131,7553,2017,6586.0,0.0,1.398427,0.894732,FRA,LUX,580110
11909604,224,131,7553,2017,0.0,4708.0,0.541611,2.405872,TUR,LUX,580110
11909605,250,131,7553,2017,50491.0,0.0,0.72523,-0.205046,ANS,LUX,580110
11909606,61,132,7553,2017,4018.0,0.0,2.1149459999999998,-2.525372,DEU,LVA,580110
11909607,72,132,7553,2017,0.0,5668.0,1.010985,1.289633,EST,LVA,580110
11909608,81,132,7553,2017,2833.0,66596.0,1.6883119999999998,0.8347469999999999,GBR,LVA,580110
11909609,163,132,7553,2017,0.0,22509.0,0.73658,0.11450199999999999,NOR,LVA,580110
11909610,177,132,7553,2017,0.0,3887.0,1.197417,1.092716,POL,LVA,580110
11909611,208,132,7553,2017,1926.0,6745.0,1.764732,0.732646,SWE,LVA,580110
11909612,68,134,7553,2017,194914.0,0.0,-0.073436,1.829121,EGY,MAR,580110
11909613,71,134,7553,2017,1035.0,0.0,0.734342,2.8180099999999997,ESP,MAR,580110
11909614,77,134,7553,2017,26406.0,0.0,1.398427,0.894732,FRA,MAR,580110
11909615,81,134,7553,2017,67462.0,10127.0,1.6883119999999998,0.8347469999999999,GBR,MAR,580110
11909616,111,134,7553,2017,3157.0,0.0,1.34395,0.577693,ITA,MAR,580110
11909617,159,134,7553,2017,0.0,1694.0,-1.8260919999999998,-1.276591,NGA,MAR,580110
11909618,61,136,7553,2017,13906.0,0.0,2.1149459999999998,-2.525372,DEU,MDG,580110
11909619,77,136,7553,2017,5802.0,0.0,1.398427,0.894732,FRA,MDG,580110
11909620,151,136,7553,2017,4653.0,0.0,-0.156616,0.073153,MUS,MDG,580110
11909621,223,136,7553,2017,0.0,1136.0,0.224119,0.961772,TUN,MDG,580110
11909622,43,183,7553,2017,1482.0,0.0,1.1127790000000002,1.56869,CHN,QAT,580110
11909623,71,183,7553,2017,6739.0,0.0,0.734342,2.8180099999999997,ESP,QAT,580110
11909624,77,183,7553,2017,2280.0,0.0,1.398427,0.894732,FRA,QAT,580110
11909625,104,183,7553,2017,2224.0,0.0,0.290576,2.726391,IND,QAT,580110
11909626,122,183,7553,2017,1289.0,0.0,-0.229821,-1.128482,KWT,QAT,580110
11909627,167,183,7553,2017,1641.0,0.0,-0.347684,-0.884569,OMN,QAT,580110
11909628,179,183,7553,2017,1063.0,0.0,0.527046,2.264624,PRT,QAT,580110
11909629,250,183,7553,2017,2195.0,0.0,0.72523,-0.205046,ANS,QAT,580110
11909630,18,185,7553,2017,6758.0,0.0,1.292657,1.19571,BEL,ROU,580110
11909631,23,185,7553,2017,4648.0,0.0,0.557843,1.7221119999999999,BGR,ROU,580110
11909632,41,185,7553,2017,5306.0,0.0,2.2557810000000003,0.845459,CHE,ROU,580110
11909633,61,185,7553,2017,102563.0,0.0,2.1149459999999998,-2.525372,DEU,ROU,580110
11909634,64,185,7553,2017,0.0,1804.0,1.159753,1.233914,DNK,ROU,580110
11909635,81,185,7553,2017,5636.0,0.0,1.6883119999999998,0.8347469999999999,GBR,ROU,580110
11909636,111,185,7553,2017,20907.0,1394.0,1.34395,0.577693,ITA,ROU,580110
11909637,7,187,7553,2017,1987.0,0.0,0.210477,0.02557,ARE,RWA,580110
11909638,226,187,7553,2017,4277.0,0.0,-1.0691709999999999,0.11636800000000001,TZA,RWA,580110
11909639,43,191,7553,2017,3972.0,0.0,1.1127790000000002,1.56869,CHN,SEN,580110
11909640,41,201,7553,2017,1068.0,0.0,2.2557810000000003,0.845459,CHE,SRB,580110
11909641,61,201,7553,2017,61532.0,0.0,2.1149459999999998,-2.525372,DEU,SRB,580110
11909642,71,201,7553,2017,1237.0,0.0,0.734342,2.8180099999999997,ESP,SRB,580110
11909643,100,201,7553,2017,1594.0,0.0,0.860825,1.365445,HRV,SRB,580110
11909644,111,201,7553,2017,3110.0,0.0,1.34395,0.577693,ITA,SRB,580110
11909645,140,201,7553,2017,1119.0,0.0,-0.0292,-0.377156,MKD,SRB,580110
11909646,15,206,7553,2017,2889.0,40840.0,1.728623,-0.031045999999999997,AUT,SVK,580110
11909647,41,206,7553,2017,4955.0,0.0,2.2557810000000003,0.845459,CHE,SVK,580110
11909648,59,206,7553,2017,3197.0,0.0,1.7715130000000001,0.359668,CZE,SVK,580110
11909649,71,206,7553,2017,5843.0,0.0,0.734342,2.8180099999999997,ESP,SVK,580110
11909650,77,206,7553,2017,2949.0,0.0,1.398427,0.894732,FRA,SVK,580110
11909651,81,206,7553,2017,104958.0,0.0,1.6883119999999998,0.8347469999999999,GBR,SVK,580110
11909652,111,206,7553,2017,2952.0,0.0,1.34395,0.577693,ITA,SVK,580110
11909653,162,206,7553,2017,1696.0,0.0,1.146959,1.470869,NLD,SVK,580110
11909654,61,207,7553,2017,5458.0,0.0,2.1149459999999998,-2.525372,DEU,SVN,580110
11909655,81,207,7553,2017,1677.0,0.0,1.6883119999999998,0.8347469999999999,GBR,SVN,580110
11909656,100,207,7553,2017,0.0,39266.0,0.860825,1.365445,HRV,SVN,580110
11909657,162,207,7553,2017,6970.0,4902.0,1.146959,1.470869,NLD,SVN,580110
11909658,43,223,7553,2017,20575.0,0.0,1.1127790000000002,1.56869,CHN,TUN,580110
11909659,61,223,7553,2017,844007.0,0.0,2.1149459999999998,-2.525372,DEU,TUN,580110
11909660,68,223,7553,2017,0.0,3852.0,-0.073436,1.829121,EGY,TUN,580110
11909661,77,223,7553,2017,7192.0,0.0,1.398427,0.894732,FRA,TUN,580110
11909662,81,223,7553,2017,14556.0,2565.0,1.6883119999999998,0.8347469999999999,GBR,TUN,580110
11909663,111,223,7553,2017,41828.0,23819.0,1.34395,0.577693,ITA,TUN,580110
11909664,136,223,7553,2017,1136.0,0.0,-1.277182,-0.6503399999999999,MDG,TUN,580110
11909665,224,223,7553,2017,2189.0,0.0,0.541611,2.405872,TUR,TUN,580110
11909666,250,223,7553,2017,37071.0,28457.0,0.72523,-0.205046,ANS,TUN,580110
11909667,81,13,7553,2017,3620.0,0.0,1.6883119999999998,0.8347469999999999,GBR,ATG,580110
11909668,231,13,7553,2017,2635.0,0.0,1.601478,0.277271,USA,ATG,580110
11909669,43,19,7553,2017,29131.0,0.0,1.1127790000000002,1.56869,CHN,BEN,580110
11909670,141,19,7553,2017,0.0,2058.0,-0.5927899999999999,-0.707245,MLI,BEN,580110
11909671,43,22,7553,2017,157388.0,0.0,1.1127790000000002,1.56869,CHN,BGD,580110
11909672,81,25,7553,2017,18136.0,0.0,1.6883119999999998,0.8347469999999999,GBR,BHS,580110
11909673,231,25,7553,2017,1836.0,0.0,1.601478,0.277271,USA,BHS,580110
11909674,246,37,7553,2017,1633.0,0.0,0.2066,1.378591,ZAF,BWA,580110
11909675,104,45,7553,2017,14181.0,0.0,0.290576,2.726391,IND,CMR,580110
11909676,7,46,7553,2017,1173.0,0.0,0.210477,0.02557,ARE,COD,580110
11909677,43,46,7553,2017,4586.0,0.0,1.1127790000000002,1.56869,CHN,COD,580110
11909678,68,46,7553,2017,13405.0,0.0,-0.073436,1.829121,EGY,COD,580110
11909679,227,46,7553,2017,1076.0,0.0,-0.6831020000000001,-0.046838,UGA,COD,580110
11909680,18,66,7553,2017,58380.0,0.0,1.292657,1.19571,BEL,DZA,580110
11909681,41,66,7553,2017,5305.0,0.0,2.2557810000000003,0.845459,CHE,DZA,580110
11909682,68,66,7553,2017,45574.0,0.0,-0.073436,1.829121,EGY,DZA,580110
11909683,224,66,7553,2017,1529.0,0.0,0.541611,2.405872,TUR,DZA,580110
11909684,43,73,7553,2017,31477.0,0.0,1.1127790000000002,1.56869,CHN,ETH,580110
11909685,178,73,7553,2017,10836.0,0.0,-0.353642,-0.08027000000000001,PRK,ETH,580110
11909686,231,73,7553,2017,3679.0,0.0,1.601478,0.277271,USA,ETH,580110
11909687,19,141,7553,2017,2058.0,0.0,-0.755027,-0.796864,BEN,MLI,580110
11909688,77,151,7553,2017,2137.0,0.0,1.398427,0.894732,FRA,MUS,580110
11909689,81,151,7553,2017,5395.0,0.0,1.6883119999999998,0.8347469999999999,GBR,MUS,580110
11909690,136,151,7553,2017,0.0,4653.0,-1.277182,-0.6503399999999999,MDG,MUS,580110
11909691,7,155,7553,2017,7727.0,0.0,0.210477,0.02557,ARE,NAM,580110
11909692,246,155,7553,2017,0.0,1643.0,0.2066,1.378591,ZAF,NAM,580110
11909693,43,159,7553,2017,14706.0,0.0,1.1127790000000002,1.56869,CHN,NGA,580110
11909694,134,159,7553,2017,1694.0,0.0,-0.757236,-0.065347,MAR,NGA,580110
11909695,7,167,7553,2017,37514.0,0.0,0.210477,0.02557,ARE,OMN,580110
11909696,43,167,7553,2017,11411.0,0.0,1.1127790000000002,1.56869,CHN,OMN,580110
11909697,168,167,7553,2017,4158.0,0.0,-0.698561,0.43523500000000004,PAK,OMN,580110
11909698,183,167,7553,2017,0.0,1641.0,-0.361327,-1.066869,QAT,OMN,580110
11909699,192,167,7553,2017,2042.0,0.0,1.884166,0.37903600000000004,SGP,OMN,580110
11909700,81,176,7553,2017,7803.0,0.0,1.6883119999999998,0.8347469999999999,GBR,PNG,580110
11909701,43,178,7553,2017,45459.0,0.0,1.1127790000000002,1.56869,CHN,PRK,580110
11909702,73,178,7553,2017,0.0,10836.0,-1.007413,-0.638231,ETH,PRK,580110
11909703,14,196,7553,2017,895.0,0.0,-0.42427200000000004,-0.152921,AUS,SLE,580110
11909704,18,196,7553,2017,727.0,0.0,1.292657,1.19571,BEL,SLE,580110
11909705,81,196,7553,2017,2301.0,0.0,1.6883119999999998,0.8347469999999999,GBR,SLE,580110
11909706,231,196,7553,2017,8734.0,0.0,1.601478,0.277271,USA,SLE,580110
11909707,246,209,7553,2017,5948.0,0.0,0.2066,1.378591,ZAF,SWZ,580110
11909708,187,226,7553,2017,0.0,4277.0,-0.7610319999999999,-0.680251,RWA,TZA,580110
11909709,43,227,7553,2017,1858.0,0.0,1.1127790000000002,1.56869,CHN,UGA,580110
11909710,46,227,7553,2017,0.0,1076.0,-1.3960569999999999,-1.126784,COD,UGA,580110
11909711,162,227,7553,2017,1725.0,0.0,1.146959,1.470869,NLD,UGA,580110
11909712,246,227,7553,2017,2855.0,0.0,0.2066,1.378591,ZAF,UGA,580110
11909713,18,239,7553,2017,6908.0,0.0,1.292657,1.19571,BEL,VNM,580110
11909714,43,239,7553,2017,12464.0,0.0,1.1127790000000002,1.56869,CHN,VNM,580110
11909715,61,239,7553,2017,4575.0,0.0,2.1149459999999998,-2.525372,DEU,VNM,580110
11909716,81,239,7553,2017,38242.0,0.0,1.6883119999999998,0.8347469999999999,GBR,VNM,580110
11909717,103,239,7553,2017,0.0,1212.0,-0.23641700000000002,1.188173,IDN,VNM,580110
11909718,111,239,7553,2017,10757.0,0.0,1.34395,0.577693,ITA,VNM,580110
11909719,114,239,7553,2017,13197.0,0.0,2.4510419999999997,-0.277357,JPN,VNM,580110
11909720,162,239,7553,2017,2989.0,0.0,1.146959,1.470869,NLD,VNM,580110
11909721,192,239,7553,2017,3386.0,0.0,1.884166,0.37903600000000004,SGP,VNM,580110
11909722,216,239,7553,2017,55775.0,0.0,0.983977,1.3926020000000001,THA,VNM,580110
11909723,231,239,7553,2017,3447.0,0.0,1.601478,0.277271,USA,VNM,580110
11909724,249,239,7553,2017,33396.0,0.0,2.0548290000000002,1.2552969999999999,TWN,VNM,580110
11909725,81,76,7553,2017,14152.0,0.0,1.6883119999999998,0.8347469999999999,GBR,FLK,580110
11909726,107,108,7553,2017,1028370.0,0.0,-0.361292,-0.361813,IRN,IRQ,580110
11909727,43,126,7553,2017,22338.0,0.0,1.1127790000000002,1.56869,CHN,LBY,580110
11909728,18,140,7553,2017,87360.0,0.0,1.292657,1.19571,BEL,MKD,580110
11909729,43,140,7553,2017,4682.0,0.0,1.1127790000000002,1.56869,CHN,MKD,580110
11909730,61,140,7553,2017,3484.0,0.0,2.1149459999999998,-2.525372,DEU,MKD,580110
11909731,81,140,7553,2017,2533.0,0.0,1.6883119999999998,0.8347469999999999,GBR,MKD,580110
11909732,201,140,7553,2017,0.0,1119.0,0.541644,1.19872,SRB,MKD,580110
11909733,250,140,7553,2017,0.0,1.0,0.72523,-0.205046,ANS,MKD,580110
11909734,81,0,7553,2017,3046.0,0.0,1.6883119999999998,0.8347469999999999,GBR,ABW,580110
11909735,18,5,7553,2017,3331.0,0.0,1.292657,1.19571,BEL,AND,580110
11909736,41,5,7553,2017,9086.0,0.0,2.2557810000000003,0.845459,CHE,AND,580110
11909737,77,5,7553,2017,21859.0,0.0,1.398427,0.894732,FRA,AND,580110
11909738,43,17,7553,2017,284034.0,0.0,1.1127790000000002,1.56869,CHN,BDI,580110
11909739,77,17,7553,2017,55987.0,0.0,1.398427,0.894732,FRA,BDI,580110
11909740,81,29,7553,2017,61342.0,0.0,1.6883119999999998,0.8347469999999999,GBR,BLZ,580110
11909741,81,30,7553,2017,2682.0,0.0,1.6883119999999998,0.8347469999999999,GBR,BMU,580110
11909742,43,34,7553,2017,116280.0,0.0,1.1127790000000002,1.56869,CHN,BRN,580110
11909743,103,34,7553,2017,34719.0,0.0,-0.23641700000000002,1.188173,IDN,BRN,580110
11909744,104,34,7553,2017,69559.0,0.0,0.290576,2.726391,IND,BRN,580110
11909745,153,34,7553,2017,27433.0,0.0,1.0110139999999999,0.6840729999999999,MYS,BRN,580110
11909746,166,75,7553,2017,1907.0,0.0,0.25651199999999996,0.132996,NZL,FJI,580110
11909747,81,91,7553,2017,11204.0,0.0,1.6883119999999998,0.8347469999999999,GBR,GRD,580110
11909748,216,123,7553,2017,14671.0,0.0,0.983977,1.3926020000000001,THA,LAO,580110
11909749,246,129,7553,2017,5124.0,0.0,0.2066,1.378591,ZAF,LSO,580110
11909750,104,164,7553,2017,12498.0,0.0,0.290576,2.726391,IND,NPL,580110
11909751,68,212,7553,2017,64300.0,0.0,-0.073436,1.829121,EGY,SYR,580110
11909752,122,212,7553,2017,0.0,16734.0,-0.229821,-1.128482,KWT,SYR,580110
11909753,188,212,7553,2017,0.0,33322.0,0.597716,-0.345049,SAU,SYR,580110
11909754,81,234,7553,2017,43564.0,0.0,1.6883119999999998,0.8347469999999999,GBR,VCT,580110
11909755,224,243,7553,2017,29480.0,0.0,0.541611,2.405872,TUR,YEM,580110
11909756,81,20,7553,2017,3494.0,0.0,1.6883119999999998,0.8347469999999999,GBR,BES,580110
11909757,231,218,7553,2017,0.0,2441.0,1.601478,0.277271,USA,TKL,580110
11909758,18,7,7558,2017,11678.0,25347.0,1.292657,1.19571,BEL,ARE,580125
11909759,43,7,7558,2017,126720.0,0.0,1.1127790000000002,1.56869,CHN,ARE,580125
11909760,59,7,7558,2017,3888.0,0.0,1.7715130000000001,0.359668,CZE,ARE,580125
11909761,61,7,7558,2017,60229.0,0.0,2.1149459999999998,-2.525372,DEU,ARE,580125
11909762,72,7,7558,2017,0.0,6080.0,1.010985,1.289633,EST,ARE,580125
11909763,77,7,7558,2017,41416.0,0.0,1.398427,0.894732,FRA,ARE,580125
11909764,81,7,7558,2017,41396.0,0.0,1.6883119999999998,0.8347469999999999,GBR,ARE,580125
11909765,104,7,7558,2017,4067.0,0.0,0.290576,2.726391,IND,ARE,580125
11909766,107,7,7558,2017,0.0,20260.0,-0.361292,-0.361813,IRN,ARE,580125
11909767,111,7,7558,2017,102324.0,1435.0,1.34395,0.577693,ITA,ARE,580125
11909768,121,7,7558,2017,12630.0,0.0,2.011263,0.783215,KOR,ARE,580125
11909769,162,7,7558,2017,44749.0,0.0,1.146959,1.470869,NLD,ARE,580125
11909770,167,7,7558,2017,0.0,7852.0,-0.347684,-0.884569,OMN,ARE,580125
11909771,174,7,7558,2017,0.0,6454.0,0.657759,0.170061,PHL,ARE,580125
11909772,179,7,7558,2017,6962.0,0.0,0.527046,2.264624,PRT,ARE,580125
11909773,185,7,7558,2017,0.0,3929.0,1.05479,0.9842219999999999,ROU,ARE,580125
11909774,224,7,7558,2017,14853.0,0.0,0.541611,2.405872,TUR,ARE,580125
11909775,231,7,7558,2017,6960.0,0.0,1.601478,0.277271,USA,ARE,580125
11909776,43,8,7558,2017,60533.0,0.0,1.1127790000000002,1.56869,CHN,ARG,580125
11909777,111,8,7558,2017,9102.0,0.0,1.34395,0.577693,ITA,ARG,580125
11909778,179,8,7558,2017,4424.0,0.0,0.527046,2.264624,PRT,ARG,580125
11909779,230,8,7558,2017,0.0,10606.0,0.16963,-0.403006,URY,ARG,580125
11909780,18,15,7558,2017,1691.0,6963.0,1.292657,1.19571,BEL,AUT,580125
11909781,23,15,7558,2017,0.0,2103.0,0.557843,1.7221119999999999,BGR,AUT,580125
11909782,43,15,7558,2017,61971.0,0.0,1.1127790000000002,1.56869,CHN,AUT,580125
11909783,59,15,7558,2017,311333.0,29319.0,1.7715130000000001,0.359668,CZE,AUT,580125
11909784,61,15,7558,2017,272208.0,127464.0,2.1149459999999998,-2.525372,DEU,AUT,580125
11909785,71,15,7558,2017,1350.0,0.0,0.734342,2.8180099999999997,ESP,AUT,580125
11909786,74,15,7558,2017,0.0,15772.0,1.655957,0.962485,FIN,AUT,580125
11909787,77,15,7558,2017,32826.0,56007.0,1.398427,0.894732,FRA,AUT,580125
11909788,81,15,7558,2017,236394.0,190522.0,1.6883119999999998,0.8347469999999999,GBR,AUT,580125
11909789,100,15,7558,2017,0.0,9092.0,0.860825,1.365445,HRV,AUT,580125
11909790,102,15,7558,2017,31457.0,131462.0,1.4886270000000001,0.845986,HUN,AUT,580125
11909791,104,15,7558,2017,0.0,17544.0,0.290576,2.726391,IND,AUT,580125
11909792,111,15,7558,2017,257198.0,3617.0,1.34395,0.577693,ITA,AUT,580125
11909793,114,15,7558,2017,0.0,6414.0,2.4510419999999997,-0.277357,JPN,AUT,580125
11909794,134,15,7558,2017,0.0,1354.0,-0.757236,-0.065347,MAR,AUT,580125
11909795,140,15,7558,2017,0.0,978.0,-0.0292,-0.377156,MKD,AUT,580125
11909796,162,15,7558,2017,61514.0,0.0,1.146959,1.470869,NLD,AUT,580125
11909797,166,15,7558,2017,0.0,2290.0,0.25651199999999996,0.132996,NZL,AUT,580125
11909798,177,15,7558,2017,1850.0,12206.0,1.197417,1.092716,POL,AUT,580125
11909799,179,15,7558,2017,148132.0,4824.0,0.527046,2.264624,PRT,AUT,580125
11909800,185,15,7558,2017,0.0,23035.0,1.05479,0.9842219999999999,ROU,AUT,580125
11909801,186,15,7558,2017,0.0,53987.0,0.32885,0.288392,RUS,AUT,580125
11909802,201,15,7558,2017,0.0,3288.0,0.541644,1.19872,SRB,AUT,580125
11909803,207,15,7558,2017,1294.0,2836.0,1.600319,0.854305,SVN,AUT,580125
11909804,231,15,7558,2017,0.0,44278.0,1.601478,0.277271,USA,AUT,580125
11909805,7,18,7558,2017,25347.0,11678.0,0.210477,0.02557,ARE,BEL,580125
11909806,14,18,7558,2017,0.0,4030.0,-0.42427200000000004,-0.152921,AUS,BEL,580125
11909807,15,18,7558,2017,6963.0,1691.0,1.728623,-0.031045999999999997,AUT,BEL,580125
11909808,23,18,7558,2017,0.0,3793.0,0.557843,1.7221119999999999,BGR,BEL,580125
11909809,39,18,7558,2017,0.0,1577.0,0.73897,1.206402,CAN,BEL,580125
11909810,41,18,7558,2017,1099.0,14830.0,2.2557810000000003,0.845459,CHE,BEL,580125
11909811,42,18,7558,2017,0.0,3602.0,-0.378693,-0.492983,CHL,BEL,580125
11909812,43,18,7558,2017,180665.0,0.0,1.1127790000000002,1.56869,CHN,BEL,580125
11909813,61,18,7558,2017,63326.0,46715.0,2.1149459999999998,-2.525372,DEU,BEL,580125
11909814,64,18,7558,2017,0.0,139396.0,1.159753,1.233914,DNK,BEL,580125
11909815,71,18,7558,2017,9248.0,8291.0,0.734342,2.8180099999999997,ESP,BEL,580125
11909816,72,18,7558,2017,0.0,86251.0,1.010985,1.289633,EST,BEL,580125
11909817,74,18,7558,2017,0.0,37294.0,1.655957,0.962485,FIN,BEL,580125
11909818,77,18,7558,2017,103644.0,271089.0,1.398427,0.894732,FRA,BEL,580125
11909819,81,18,7558,2017,118980.0,200551.0,1.6883119999999998,0.8347469999999999,GBR,BEL,580125
11909820,97,18,7558,2017,0.0,8512.0,0.824982,1.7162220000000001,HKG,BEL,580125
11909821,102,18,7558,2017,0.0,27601.0,1.4886270000000001,0.845986,HUN,BEL,580125
11909822,104,18,7558,2017,25935.0,14788.0,0.290576,2.726391,IND,BEL,580125
11909823,111,18,7558,2017,512475.0,25207.0,1.34395,0.577693,ITA,BEL,580125
11909824,130,18,7558,2017,0.0,25056.0,0.855858,1.447717,LTU,BEL,580125
11909825,131,18,7558,2017,0.0,5499.0,1.24064,1.298263,LUX,BEL,580125
11909826,134,18,7558,2017,0.0,3996.0,-0.757236,-0.065347,MAR,BEL,580125
11909827,138,18,7558,2017,0.0,1455.0,1.08871,0.5745279999999999,MEX,BEL,580125
11909828,140,18,7558,2017,0.0,1186.0,-0.0292,-0.377156,MKD,BEL,580125
11909829,142,18,7558,2017,0.0,3330.0,0.999914,0.12683,MLT,BEL,580125
11909830,162,18,7558,2017,420370.0,214574.0,1.146959,1.470869,NLD,BEL,580125
11909831,163,18,7558,2017,0.0,4622.0,0.73658,0.11450199999999999,NOR,BEL,580125
11909832,166,18,7558,2017,0.0,1529.0,0.25651199999999996,0.132996,NZL,BEL,580125
11909833,177,18,7558,2017,0.0,1227.0,1.197417,1.092716,POL,BEL,580125
11909834,179,18,7558,2017,15769.0,1977.0,0.527046,2.264624,PRT,BEL,580125
11909835,185,18,7558,2017,0.0,37460.0,1.05479,0.9842219999999999,ROU,BEL,580125
11909836,201,18,7558,2017,0.0,9331.0,0.541644,1.19872,SRB,BEL,580125
11909837,207,18,7558,2017,0.0,4403.0,1.600319,0.854305,SVN,BEL,580125
11909838,208,18,7558,2017,0.0,66557.0,1.764732,0.732646,SWE,BEL,580125
11909839,216,18,7558,2017,0.0,2869.0,0.983977,1.3926020000000001,THA,BEL,580125
11909840,223,18,7558,2017,0.0,1106.0,0.224119,0.961772,TUN,BEL,580125
11909841,224,18,7558,2017,11616.0,6567.0,0.541611,2.405872,TUR,BEL,580125
11909842,231,18,7558,2017,1486.0,484968.0,1.601478,0.277271,USA,BEL,580125
11909843,249,18,7558,2017,0.0,1247.0,2.0548290000000002,1.2552969999999999,TWN,BEL,580125
11909844,15,23,7558,2017,2103.0,0.0,1.728623,-0.031045999999999997,AUT,BGR,580125
11909845,18,23,7558,2017,3793.0,0.0,1.292657,1.19571,BEL,BGR,580125
11909846,41,23,7558,2017,6796.0,0.0,2.2557810000000003,0.845459,CHE,BGR,580125
11909847,59,23,7558,2017,4907.0,0.0,1.7715130000000001,0.359668,CZE,BGR,580125
11909848,61,23,7558,2017,39133.0,0.0,2.1149459999999998,-2.525372,DEU,BGR,580125
11909849,77,23,7558,2017,19300.0,0.0,1.398427,0.894732,FRA,BGR,580125
11909850,81,23,7558,2017,3202.0,0.0,1.6883119999999998,0.8347469999999999,GBR,BGR,580125
11909851,102,23,7558,2017,2519.0,0.0,1.4886270000000001,0.845986,HUN,BGR,580125
11909852,110,23,7558,2017,883.0,0.0,1.436156,0.776574,ISR,BGR,580125
11909853,111,23,7558,2017,201015.0,1980.0,1.34395,0.577693,ITA,BGR,580125
11909854,185,23,7558,2017,0.0,5435.0,1.05479,0.9842219999999999,ROU,BGR,580125
11909855,201,23,7558,2017,0.0,2011.0,0.541644,1.19872,SRB,BGR,580125
11909856,208,23,7558,2017,5144.0,0.0,1.764732,0.732646,SWE,BGR,580125
11909857,224,23,7558,2017,406733.0,0.0,0.541611,2.405872,TUR,BGR,580125
11909858,43,32,7558,2017,33203.0,0.0,1.1127790000000002,1.56869,CHN,BRA,580125
11909859,77,32,7558,2017,3082.0,0.0,1.398427,0.894732,FRA,BRA,580125
11909860,81,32,7558,2017,8167.0,0.0,1.6883119999999998,0.8347469999999999,GBR,BRA,580125
11909861,111,32,7558,2017,52369.0,0.0,1.34395,0.577693,ITA,BRA,580125
11909862,114,32,7558,2017,0.0,9920.0,2.4510419999999997,-0.277357,JPN,BRA,580125
11909863,121,32,7558,2017,34503.0,0.0,2.011263,0.783215,KOR,BRA,580125
11909864,162,32,7558,2017,95090.0,0.0,1.146959,1.470869,NLD,BRA,580125
11909865,18,39,7558,2017,1577.0,0.0,1.292657,1.19571,BEL,CAN,580125
11909866,43,39,7558,2017,61276.0,0.0,1.1127790000000002,1.56869,CHN,CAN,580125
11909867,61,39,7558,2017,8871.0,0.0,2.1149459999999998,-2.525372,DEU,CAN,580125
11909868,77,39,7558,2017,27221.0,0.0,1.398427,0.894732,FRA,CAN,580125
11909869,81,39,7558,2017,91672.0,0.0,1.6883119999999998,0.8347469999999999,GBR,CAN,580125
11909870,103,39,7558,2017,0.0,2024.0,-0.23641700000000002,1.188173,IDN,CAN,580125
11909871,104,39,7558,2017,41706.0,0.0,0.290576,2.726391,IND,CAN,580125
11909872,111,39,7558,2017,65180.0,2744.0,1.34395,0.577693,ITA,CAN,580125
11909873,121,39,7558,2017,5789.0,0.0,2.011263,0.783215,KOR,CAN,580125
11909874,162,39,7558,2017,678888.0,3724.0,1.146959,1.470869,NLD,CAN,580125
11909875,166,39,7558,2017,1629.0,0.0,0.25651199999999996,0.132996,NZL,CAN,580125
11909876,179,39,7558,2017,1703.0,0.0,0.527046,2.264624,PRT,CAN,580125
11909877,224,39,7558,2017,6313.0,0.0,0.541611,2.405872,TUR,CAN,580125
11909878,231,39,7558,2017,743111.0,865237.0,1.601478,0.277271,USA,CAN,580125
11909879,14,41,7558,2017,0.0,1406.0,-0.42427200000000004,-0.152921,AUS,CHE,580125
11909880,18,41,7558,2017,14830.0,1099.0,1.292657,1.19571,BEL,CHE,580125
11909881,23,41,7558,2017,0.0,6796.0,0.557843,1.7221119999999999,BGR,CHE,580125
11909882,59,41,7558,2017,19671.0,0.0,1.7715130000000001,0.359668,CZE,CHE,580125
11909883,61,41,7558,2017,182621.0,53428.0,2.1149459999999998,-2.525372,DEU,CHE,580125
11909884,71,41,7558,2017,2503.0,0.0,0.734342,2.8180099999999997,ESP,CHE,580125
11909885,77,41,7558,2017,35279.0,8131.0,1.398427,0.894732,FRA,CHE,580125
11909886,81,41,7558,2017,16545.0,1344.0,1.6883119999999998,0.8347469999999999,GBR,CHE,580125
11909887,97,41,7558,2017,0.0,2236.0,0.824982,1.7162220000000001,HKG,CHE,580125
11909888,104,41,7558,2017,5954.0,0.0,0.290576,2.726391,IND,CHE,580125
11909889,106,41,7558,2017,2654.0,0.0,1.363544,0.169211,IRL,CHE,580125
11909890,111,41,7558,2017,394604.0,4959.0,1.34395,0.577693,ITA,CHE,580125
11909891,121,41,7558,2017,5276.0,0.0,2.011263,0.783215,KOR,CHE,580125
11909892,124,41,7558,2017,0.0,1262.0,0.266847,1.117621,LBN,CHE,580125
11909893,162,41,7558,2017,34202.0,1050.0,1.146959,1.470869,NLD,CHE,580125
11909894,169,41,7558,2017,0.0,1273.0,0.5520109999999999,0.788181,PAN,CHE,580125
11909895,179,41,7558,2017,33563.0,0.0,0.527046,2.264624,PRT,CHE,580125
11909896,208,41,7558,2017,0.0,3561.0,1.764732,0.732646,SWE,CHE,580125
11909897,224,41,7558,2017,1398.0,0.0,0.541611,2.405872,TUR,CHE,580125
11909898,231,41,7558,2017,0.0,39260.0,1.601478,0.277271,USA,CHE,580125
11909899,18,42,7558,2017,3602.0,0.0,1.292657,1.19571,BEL,CHL,580125
11909900,43,42,7558,2017,78179.0,0.0,1.1127790000000002,1.56869,CHN,CHL,580125
11909901,59,42,7558,2017,1907.0,0.0,1.7715130000000001,0.359668,CZE,CHL,580125
11909902,71,42,7558,2017,1261.0,0.0,0.734342,2.8180099999999997,ESP,CHL,580125
11909903,77,42,7558,2017,3572.0,0.0,1.398427,0.894732,FRA,CHL,580125
11909904,81,42,7558,2017,31760.0,0.0,1.6883119999999998,0.8347469999999999,GBR,CHL,580125
11909905,111,42,7558,2017,2865.0,0.0,1.34395,0.577693,ITA,CHL,580125
11909906,162,42,7558,2017,1731.0,0.0,1.146959,1.470869,NLD,CHL,580125
11909907,7,43,7558,2017,0.0,126720.0,0.210477,0.02557,ARE,CHN,580125
11909908,8,43,7558,2017,0.0,60533.0,-0.120753,0.233375,ARG,CHN,580125
11909909,14,43,7558,2017,0.0,135968.0,-0.42427200000000004,-0.152921,AUS,CHN,580125
11909910,15,43,7558,2017,0.0,61971.0,1.728623,-0.031045999999999997,AUT,CHN,580125
11909911,18,43,7558,2017,0.0,180665.0,1.292657,1.19571,BEL,CHN,580125
11909912,22,43,7558,2017,0.0,586034.0,-1.016251,-0.987654,BGD,CHN,580125
11909913,24,43,7558,2017,0.0,1861.0,0.485479,-0.5348890000000001,BHR,CHN,580125
11909914,28,43,7558,2017,0.0,30771.0,0.8115829999999999,0.8323459999999999,BLR,CHN,580125
11909915,31,43,7558,2017,0.0,1676.0,-1.158425,-1.076242,BOL,CHN,580125
11909916,32,43,7558,2017,0.0,33203.0,0.145224,0.483461,BRA,CHN,580125
11909917,39,43,7558,2017,0.0,61276.0,0.73897,1.206402,CAN,CHN,580125
11909918,42,43,7558,2017,0.0,78179.0,-0.378693,-0.492983,CHL,CHN,580125
11909919,47,43,7558,2017,0.0,972.0,-1.2289780000000001,-1.169368,COG,CHN,580125
11909920,49,43,7558,2017,0.0,68837.0,0.208096,-0.17644300000000002,COL,CHN,580125
11909921,59,43,7558,2017,20501.0,0.0,1.7715130000000001,0.359668,CZE,CHN,580125
11909922,61,43,7558,2017,44984.0,43777.0,2.1149459999999998,-2.525372,DEU,CHN,580125
11909923,64,43,7558,2017,0.0,85080.0,1.159753,1.233914,DNK,CHN,580125
11909924,65,43,7558,2017,0.0,5415.0,-0.168016,0.30840100000000004,DOM,CHN,580125
11909925,66,43,7558,2017,0.0,2656308.0,-0.9905579999999999,-1.1996200000000001,DZA,CHN,580125
11909926,67,43,7558,2017,0.0,1865.0,-0.9995850000000001,-1.086367,ECU,CHN,580125
11909927,68,43,7558,2017,0.0,12095.0,-0.073436,1.829121,EGY,CHN,580125
11909928,71,43,7558,2017,8431.0,191189.0,0.734342,2.8180099999999997,ESP,CHN,580125
11909929,73,43,7558,2017,0.0,19389.0,-1.007413,-0.638231,ETH,CHN,580125
11909930,77,43,7558,2017,109500.0,384009.0,1.398427,0.894732,FRA,CHN,580125
11909931,81,43,7558,2017,68434.0,204936.0,1.6883119999999998,0.8347469999999999,GBR,CHN,580125
11909932,90,43,7558,2017,0.0,13835.0,0.154098,1.151038,GRC,CHN,580125
11909933,93,43,7558,2017,0.0,17554.0,-0.418538,0.557454,GTM,CHN,580125
11909934,97,43,7558,2017,332572.0,1057735.0,0.824982,1.7162220000000001,HKG,CHN,580125
11909935,103,43,7558,2017,0.0,201804.0,-0.23641700000000002,1.188173,IDN,CHN,580125
11909936,104,43,7558,2017,0.0,515744.0,0.290576,2.726391,IND,CHN,580125
11909937,110,43,7558,2017,0.0,133894.0,1.436156,0.776574,ISR,CHN,580125
11909938,111,43,7558,2017,455890.0,487784.0,1.34395,0.577693,ITA,CHN,580125
11909939,113,43,7558,2017,0.0,3382.0,0.020035,0.295415,JOR,CHN,580125
11909940,114,43,7558,2017,1270663.0,256393.0,2.4510419999999997,-0.277357,JPN,CHN,580125
11909941,117,43,7558,2017,0.0,64280.0,-0.11530599999999999,0.264752,KGZ,CHN,580125
11909942,118,43,7558,2017,0.0,365279.0,-0.656325,-0.622167,KHM,CHN,580125
11909943,121,43,7558,2017,48988.0,39521.0,2.011263,0.783215,KOR,CHN,580125
11909944,122,43,7558,2017,0.0,63035.0,-0.229821,-1.128482,KWT,CHN,580125
11909945,124,43,7558,2017,0.0,1234.0,0.266847,1.117621,LBN,CHN,580125
11909946,128,43,7558,2017,0.0,36395.0,-0.46442799999999995,0.472132,LKA,CHN,580125
11909947,130,43,7558,2017,0.0,12868.0,0.855858,1.447717,LTU,CHN,580125
11909948,133,43,7558,2017,0.0,65959.0,0.264006,-0.11028099999999999,MAC,CHN,580125
11909949,134,43,7558,2017,0.0,42018.0,-0.757236,-0.065347,MAR,CHN,580125
11909950,136,43,7558,2017,0.0,153710.0,-1.277182,-0.6503399999999999,MDG,CHN,580125
11909951,138,43,7558,2017,4357.0,148399.0,1.08871,0.5745279999999999,MEX,CHN,580125
11909952,140,43,7558,2017,0.0,1250.0,-0.0292,-0.377156,MKD,CHN,580125
11909953,143,43,7558,2017,0.0,46788.0,-1.051544,-0.419183,MMR,CHN,580125
11909954,153,43,7558,2017,0.0,34279.0,1.0110139999999999,0.6840729999999999,MYS,CHN,580125
11909955,156,43,7558,2017,0.0,54837.0,-0.38216100000000003,-0.8662549999999999,NCL,CHN,580125
11909956,162,43,7558,2017,47481.0,9563.0,1.146959,1.470869,NLD,CHN,580125
11909957,164,43,7558,2017,0.0,9742.0,-0.319681,0.5788220000000001,NPL,CHN,580125
11909958,166,43,7558,2017,0.0,19236.0,0.25651199999999996,0.132996,NZL,CHN,580125
11909959,168,43,7558,2017,0.0,7891.0,-0.698561,0.43523500000000004,PAK,CHN,580125
11909960,174,43,7558,2017,0.0,716671.0,0.657759,0.170061,PHL,CHN,580125
11909961,177,43,7558,2017,0.0,42949.0,1.197417,1.092716,POL,CHN,580125
11909962,179,43,7558,2017,21170.0,12598.0,0.527046,2.264624,PRT,CHN,580125
11909963,181,43,7558,2017,0.0,8240.0,0.11852,0.609241,PSE,CHN,580125
11909964,183,43,7558,2017,0.0,19933.0,-0.361327,-1.066869,QAT,CHN,580125
11909965,185,43,7558,2017,0.0,1270.0,1.05479,0.9842219999999999,ROU,CHN,580125
11909966,186,43,7558,2017,0.0,5696.0,0.32885,0.288392,RUS,CHN,580125
11909967,188,43,7558,2017,0.0,18030.0,0.597716,-0.345049,SAU,CHN,580125
11909968,192,43,7558,2017,9866.0,60795.0,1.884166,0.37903600000000004,SGP,CHN,580125
11909969,201,43,7558,2017,0.0,7495.0,0.541644,1.19872,SRB,CHN,580125
11909970,208,43,7558,2017,0.0,32226.0,1.764732,0.732646,SWE,CHN,580125
11909971,216,43,7558,2017,0.0,88740.0,0.983977,1.3926020000000001,THA,CHN,580125
11909972,223,43,7558,2017,0.0,5822.0,0.224119,0.961772,TUN,CHN,580125
11909973,224,43,7558,2017,0.0,61828.0,0.541611,2.405872,TUR,CHN,580125
11909974,228,43,7558,2017,0.0,997.0,0.461109,0.7826569999999999,UKR,CHN,580125
11909975,231,43,7558,2017,2105047.0,634811.0,1.601478,0.277271,USA,CHN,580125
11909976,239,43,7558,2017,0.0,3509248.0,-0.009819,0.686429,VNM,CHN,580125
11909977,246,43,7558,2017,0.0,362834.0,0.2066,1.378591,ZAF,CHN,580125
11909978,249,43,7558,2017,12913.0,8828.0,2.0548290000000002,1.2552969999999999,TWN,CHN,580125
11909979,43,49,7558,2017,68837.0,0.0,1.1127790000000002,1.56869,CHN,COL,580125
11909980,59,49,7558,2017,1492.0,0.0,1.7715130000000001,0.359668,CZE,COL,580125
11909981,77,49,7558,2017,2090.0,0.0,1.398427,0.894732,FRA,COL,580125
11909982,111,49,7558,2017,3958.0,0.0,1.34395,0.577693,ITA,COL,580125
11909983,77,52,7558,2017,1811.0,0.0,1.398427,0.894732,FRA,CRI,580125
11909984,162,52,7558,2017,2698.0,0.0,1.146959,1.470869,NLD,CRI,580125
11909985,81,58,7558,2017,2297.0,0.0,1.6883119999999998,0.8347469999999999,GBR,CYP,580125
11909986,111,58,7558,2017,5616.0,0.0,1.34395,0.577693,ITA,CYP,580125
11909987,162,58,7558,2017,2331.0,0.0,1.146959,1.470869,NLD,CYP,580125
11909988,4,61,7558,2017,0.0,66702.0,-0.44769899999999996,-0.17193,ALB,DEU,580125
11909989,7,61,7558,2017,0.0,60229.0,0.210477,0.02557,ARE,DEU,580125
11909990,14,61,7558,2017,0.0,38410.0,-0.42427200000000004,-0.152921,AUS,DEU,580125
11909991,15,61,7558,2017,127464.0,272208.0,1.728623,-0.031045999999999997,AUT,DEU,580125
11909992,18,61,7558,2017,46715.0,63326.0,1.292657,1.19571,BEL,DEU,580125
11909993,23,61,7558,2017,0.0,39133.0,0.557843,1.7221119999999999,BGR,DEU,580125
11909994,26,61,7558,2017,0.0,10489.0,0.43245,0.726721,BIH,DEU,580125
11909995,39,61,7558,2017,0.0,8871.0,0.73897,1.206402,CAN,DEU,580125
11909996,41,61,7558,2017,53428.0,182621.0,2.2557810000000003,0.845459,CHE,DEU,580125
11909997,43,61,7558,2017,43777.0,44984.0,1.1127790000000002,1.56869,CHN,DEU,580125
11909998,59,61,7558,2017,1018174.0,73844.0,1.7715130000000001,0.359668,CZE,DEU,580125
