10549999,111,138,9746,2015,147780.0,39076.0,1.321127,0.747046,ITA,MEX,902129
10550000,113,138,9746,2015,0.0,195813.0,0.121172,0.457301,JOR,MEX,902129
10550001,114,138,9746,2015,12403.0,7987733.0,2.516133,-0.484202,JPN,MEX,902129
10550002,121,138,9746,2015,1194137.0,2720758.0,1.900653,0.859406,KOR,MEX,902129
10550003,122,138,9746,2015,0.0,47563.0,-0.352023,-1.153057,KWT,MEX,902129
10550004,124,138,9746,2015,0.0,1152.0,0.317355,1.330374,LBN,MEX,902129
10550005,151,138,9746,2015,0.0,75861.0,-0.231762,-0.195051,MUS,MEX,902129
10550006,153,138,9746,2015,0.0,51641.0,1.082803,0.811615,MYS,MEX,902129
10550007,156,138,9746,2015,0.0,15111.0,-0.727911,-0.844562,NCL,MEX,902129
10550008,160,138,9746,2015,0.0,47096.0,-1.102989,-0.952276,NIC,MEX,902129
10550009,162,138,9746,2015,1261.0,27721.0,1.230104,1.27344,NLD,MEX,902129
10550010,163,138,9746,2015,0.0,2746.0,0.950708,0.314339,NOR,MEX,902129
10550011,166,138,9746,2015,0.0,689259.0,0.224598,0.253179,NZL,MEX,902129
10550012,173,138,9746,2015,0.0,97885.0,-0.6007819999999999,0.32152800000000004,PER,MEX,902129
10550013,177,138,9746,2015,1833.0,0.0,1.145844,1.1449280000000002,POL,MEX,902129
10550014,183,138,9746,2015,0.0,36665.0,-0.077053,-0.9922719999999999,QAT,MEX,902129
10550015,186,138,9746,2015,0.0,425113.0,0.23119,0.035965,RUS,MEX,902129
10550016,188,138,9746,2015,0.0,185244.0,0.5552520000000001,-0.7263229999999999,SAU,MEX,902129
10550017,192,138,9746,2015,0.0,1703686.0,2.05613,0.593065,SGP,MEX,902129
10550018,197,138,9746,2015,0.0,6643.0,0.05531900000000001,0.169073,SLV,MEX,902129
10550019,201,138,9746,2015,0.0,16664.0,0.457042,1.324908,SRB,MEX,902129
10550020,208,138,9746,2015,7655.0,0.0,1.8068349999999997,0.693389,SWE,MEX,902129
10550021,216,138,9746,2015,0.0,1533.0,0.965888,1.368572,THA,MEX,902129
10550022,224,138,9746,2015,0.0,664574.0,0.438669,2.519632,TUR,MEX,902129
10550023,231,138,9746,2015,15792213.0,88536856.0,1.720478,-0.129322,USA,MEX,902129
10550024,246,138,9746,2015,0.0,212177.0,0.24944699999999997,1.7573159999999999,ZAF,MEX,902129
10550025,249,138,9746,2015,9813.0,2044774.0,1.962832,1.214982,TWN,MEX,902129
10550026,14,153,9746,2015,26980.0,182292.0,-0.292325,-0.043489,AUS,MYS,902129
10550027,18,153,9746,2015,12619.0,0.0,1.329866,1.100641,BEL,MYS,902129
10550028,32,153,9746,2015,2752.0,0.0,0.23656799999999997,0.688607,BRA,MYS,902129
10550029,34,153,9746,2015,0.0,2404.0,1.093564,-0.679211,BRN,MYS,902129
10550030,39,153,9746,2015,7464.0,0.0,0.695867,1.171676,CAN,MYS,902129
10550031,41,153,9746,2015,706285.0,0.0,2.306075,0.720781,CHE,MYS,902129
10550032,43,153,9746,2015,70064.0,2482.0,1.077143,1.735757,CHN,MYS,902129
10550033,59,153,9746,2015,1134.0,0.0,1.743012,0.45424,CZE,MYS,902129
10550034,61,153,9746,2015,217856.0,1079876.0,2.203818,-2.307561,DEU,MYS,902129
10550035,71,153,9746,2015,0.0,1357.0,0.8173590000000001,2.442556,ESP,MYS,902129
10550036,77,153,9746,2015,22069.0,19854.0,1.479792,0.6490239999999999,FRA,MYS,902129
10550037,81,153,9746,2015,50134.0,0.0,1.7422990000000003,0.75838,GBR,MYS,902129
10550038,90,153,9746,2015,10031.0,0.0,0.099027,1.012289,GRC,MYS,902129
10550039,97,153,9746,2015,551163.0,24773.0,0.8255290000000001,1.8017279999999998,HKG,MYS,902129
10550040,102,153,9746,2015,0.0,5037.0,1.462839,0.803258,HUN,MYS,902129
10550041,103,153,9746,2015,0.0,57089.0,-0.145103,1.277362,IDN,MYS,902129
10550042,104,153,9746,2015,5416.0,16950.0,0.24230900000000002,2.8190880000000003,IND,MYS,902129
10550043,106,153,9746,2015,33261.0,0.0,1.304942,0.126431,IRL,MYS,902129
10550044,111,153,9746,2015,15802.0,0.0,1.321127,0.747046,ITA,MYS,902129
10550045,114,153,9746,2015,206436.0,1999.0,2.516133,-0.484202,JPN,MYS,902129
10550046,121,153,9746,2015,890303.0,141409.0,1.900653,0.859406,KOR,MYS,902129
10550047,122,153,9746,2015,0.0,1397.0,-0.352023,-1.153057,KWT,MYS,902129
10550048,138,153,9746,2015,51641.0,0.0,1.169724,0.61457,MEX,MYS,902129
10550049,143,153,9746,2015,0.0,7162.0,-1.4596120000000001,-0.903904,MMR,MYS,902129
10550050,151,153,9746,2015,0.0,27494.0,-0.231762,-0.195051,MUS,MYS,902129
10550051,162,153,9746,2015,18922.0,0.0,1.230104,1.27344,NLD,MYS,902129
10550052,163,153,9746,2015,0.0,1038.0,0.950708,0.314339,NOR,MYS,902129
10550053,168,153,9746,2015,0.0,16224.0,-0.7059979999999999,0.73501,PAK,MYS,902129
10550054,192,153,9746,2015,137876.0,38059.0,2.05613,0.593065,SGP,MYS,902129
10550055,207,153,9746,2015,1459.0,0.0,1.6089879999999999,0.833616,SVN,MYS,902129
10550056,216,153,9746,2015,5638.0,70744.0,0.965888,1.368572,THA,MYS,902129
10550057,224,153,9746,2015,29875.0,0.0,0.438669,2.519632,TUR,MYS,902129
10550058,231,153,9746,2015,711590.0,134654.0,1.720478,-0.129322,USA,MYS,902129
10550059,239,153,9746,2015,11071.0,0.0,-0.17108900000000002,1.10995,VNM,MYS,902129
10550060,249,153,9746,2015,56947.0,5132.0,1.962832,1.214982,TWN,MYS,902129
10550061,7,159,9746,2015,2992.0,0.0,0.21779600000000002,-0.0047420000000000006,ARE,NGA,902129
10550062,41,159,9746,2015,21741.0,0.0,2.306075,0.720781,CHE,NGA,902129
10550063,43,159,9746,2015,73933.0,0.0,1.077143,1.735757,CHN,NGA,902129
10550064,59,159,9746,2015,2051.0,0.0,1.743012,0.45424,CZE,NGA,902129
10550065,61,159,9746,2015,26369.0,0.0,2.203818,-2.307561,DEU,NGA,902129
10550066,77,159,9746,2015,0.0,21611.0,1.479792,0.6490239999999999,FRA,NGA,902129
10550067,81,159,9746,2015,5976.0,0.0,1.7422990000000003,0.75838,GBR,NGA,902129
10550068,104,159,9746,2015,3554.0,0.0,0.24230900000000002,2.8190880000000003,IND,NGA,902129
10550069,111,159,9746,2015,7884.0,0.0,1.321127,0.747046,ITA,NGA,902129
10550070,121,159,9746,2015,18175.0,0.0,1.900653,0.859406,KOR,NGA,902129
10550071,224,159,9746,2015,1851.0,0.0,0.438669,2.519632,TUR,NGA,902129
10550072,231,159,9746,2015,43935.0,0.0,1.720478,-0.129322,USA,NGA,902129
10550073,246,159,9746,2015,18827.0,0.0,0.24944699999999997,1.7573159999999999,ZAF,NGA,902129
10550074,8,160,9746,2015,7667.0,0.0,0.116896,0.30330999999999997,ARG,NIC,902129
10550075,32,160,9746,2015,11640.0,0.0,0.23656799999999997,0.688607,BRA,NIC,902129
10550076,41,160,9746,2015,11232.0,0.0,2.306075,0.720781,CHE,NIC,902129
10550077,43,160,9746,2015,1864.0,0.0,1.077143,1.735757,CHN,NIC,902129
10550078,49,160,9746,2015,1745.0,0.0,0.156383,-0.183055,COL,NIC,902129
10550079,61,160,9746,2015,1923.0,0.0,2.203818,-2.307561,DEU,NIC,902129
10550080,71,160,9746,2015,35498.0,0.0,0.8173590000000001,2.442556,ESP,NIC,902129
10550081,104,160,9746,2015,2076.0,0.0,0.24230900000000002,2.8190880000000003,IND,NIC,902129
10550082,138,160,9746,2015,47096.0,0.0,1.169724,0.61457,MEX,NIC,902129
10550083,231,160,9746,2015,126764.0,0.0,1.720478,-0.129322,USA,NIC,902129
10550084,4,162,9746,2015,0.0,1451.0,-0.601875,-0.27003,ALB,NLD,902129
10550085,5,162,9746,2015,0.0,3794.0,0.850153,0.383793,AND,NLD,902129
10550086,7,162,9746,2015,12893.0,423980.0,0.21779600000000002,-0.0047420000000000006,ARE,NLD,902129
10550087,9,162,9746,2015,0.0,249632.0,0.037579,-0.42448800000000003,ARM,NLD,902129
10550088,14,162,9746,2015,83507.0,2925938.0,-0.292325,-0.043489,AUS,NLD,902129
10550089,15,162,9746,2015,293153.0,3674801.0,1.747098,-0.08026699999999999,AUT,NLD,902129
10550090,18,162,9746,2015,5986134.0,9581892.0,1.329866,1.100641,BEL,NLD,902129
10550091,23,162,9746,2015,55393.0,110326.0,0.45640699999999995,1.691455,BGR,NLD,902129
10550092,28,162,9746,2015,0.0,336085.0,0.672499,0.5584020000000001,BLR,NLD,902129
10550093,32,162,9746,2015,222001.0,0.0,0.23656799999999997,0.688607,BRA,NLD,902129
10550094,39,162,9746,2015,314735.0,17353.0,0.695867,1.171676,CAN,NLD,902129
10550095,41,162,9746,2015,11886151.0,3067886.0,2.306075,0.720781,CHE,NLD,902129
10550096,42,162,9746,2015,0.0,1477230.0,-0.356167,-0.47629399999999994,CHL,NLD,902129
10550097,43,162,9746,2015,120848.0,22341396.0,1.077143,1.735757,CHN,NLD,902129
10550098,49,162,9746,2015,12974.0,107108.0,0.156383,-0.183055,COL,NLD,902129
10550099,52,162,9746,2015,0.0,48309.0,0.24859699999999998,-0.033143,CRI,NLD,902129
10550100,58,162,9746,2015,10687.0,80905.0,0.511225,-0.207261,CYP,NLD,902129
10550101,59,162,9746,2015,186077.0,337276.0,1.743012,0.45424,CZE,NLD,902129
10550102,61,162,9746,2015,29987280.0,7362959.0,2.203818,-2.307561,DEU,NLD,902129
10550103,64,162,9746,2015,671392.0,1484908.0,1.157924,1.2045629999999998,DNK,NLD,902129
10550104,66,162,9746,2015,0.0,4360.0,-1.54346,-1.255633,DZA,NLD,902129
10550105,67,162,9746,2015,0.0,47424.0,-0.9845959999999999,-1.075639,ECU,NLD,902129
10550106,68,162,9746,2015,0.0,11726.0,-0.183053,1.765036,EGY,NLD,902129
10550107,71,162,9746,2015,91086.0,7226841.0,0.8173590000000001,2.442556,ESP,NLD,902129
10550108,72,162,9746,2015,19740.0,57397.0,0.9281149999999999,1.1780389999999998,EST,NLD,902129
10550109,74,162,9746,2015,198229.0,412756.0,1.597817,0.998059,FIN,NLD,902129
10550110,77,162,9746,2015,10278613.0,27465396.0,1.479792,0.6490239999999999,FRA,NLD,902129
10550111,81,162,9746,2015,1129760.0,8088478.0,1.7422990000000003,0.75838,GBR,NLD,902129
10550112,82,162,9746,2015,0.0,164386.0,-0.343663,-0.588017,GEO,NLD,902129
10550113,90,162,9746,2015,30182.0,421381.0,0.099027,1.012289,GRC,NLD,902129
10550114,92,162,9746,2015,0.0,2746.0,-1.017707,-0.913467,GRL,NLD,902129
10550115,93,162,9746,2015,0.0,39095.0,-0.284403,0.525564,GTM,NLD,902129
10550116,97,162,9746,2015,793237.0,3298751.0,0.8255290000000001,1.8017279999999998,HKG,NLD,902129
10550117,100,162,9746,2015,359096.0,1938942.0,0.7590140000000001,1.257415,HRV,NLD,902129
10550118,102,162,9746,2015,365291.0,1601755.0,1.462839,0.803258,HUN,NLD,902129
10550119,104,162,9746,2015,47849.0,2653484.0,0.24230900000000002,2.8190880000000003,IND,NLD,902129
10550120,106,162,9746,2015,153762.0,811612.0,1.304942,0.126431,IRL,NLD,902129
10550121,107,162,9746,2015,0.0,92988.0,-0.258946,-0.0073420000000000004,IRN,NLD,902129
10550122,109,162,9746,2015,0.0,171586.0,0.24527600000000002,-0.411616,ISL,NLD,902129
10550123,110,162,9746,2015,24132066.0,1916901.0,1.260071,0.545545,ISR,NLD,902129
10550124,111,162,9746,2015,129058.0,13497099.0,1.321127,0.747046,ITA,NLD,902129
10550125,113,162,9746,2015,0.0,1100084.0,0.121172,0.457301,JOR,NLD,902129
10550126,114,162,9746,2015,66231.0,34142508.0,2.516133,-0.484202,JPN,NLD,902129
10550127,115,162,9746,2015,0.0,824459.0,-0.45091499999999995,-0.652026,KAZ,NLD,902129
10550128,117,162,9746,2015,0.0,68774.0,0.02058,0.438692,KGZ,NLD,902129
10550129,121,162,9746,2015,2767602.0,167472.0,1.900653,0.859406,KOR,NLD,902129
10550130,122,162,9746,2015,0.0,356564.0,-0.352023,-1.153057,KWT,NLD,902129
10550131,124,162,9746,2015,5758.0,388815.0,0.317355,1.330374,LBN,NLD,902129
10550132,126,162,9746,2015,0.0,8160.0,-1.3257219999999998,-1.260453,LBY,NLD,902129
10550133,130,162,9746,2015,270492.0,1181122.0,0.749429,1.3659860000000001,LTU,NLD,902129
10550134,131,162,9746,2015,38913.0,15639.0,1.218924,1.247152,LUX,NLD,902129
10550135,132,162,9746,2015,14212.0,4989.0,0.602209,1.125357,LVA,NLD,902129
10550136,135,162,9746,2015,0.0,341821.0,-0.313837,-0.20393,MDA,NLD,902129
10550137,138,162,9746,2015,27721.0,1261.0,1.169724,0.61457,MEX,NLD,902129
10550138,140,162,9746,2015,0.0,68164.0,-0.09009600000000001,-0.147359,MKD,NLD,902129
10550139,142,162,9746,2015,7701.0,27206.0,0.880893,-0.117585,MLT,NLD,902129
10550140,144,162,9746,2015,1075.0,0.0,-0.048385000000000004,-0.150759,MNE,NLD,902129
10550141,153,162,9746,2015,0.0,18922.0,1.082803,0.811615,MYS,NLD,902129
10550142,156,162,9746,2015,0.0,9139.0,-0.727911,-0.844562,NCL,NLD,902129
10550143,163,162,9746,2015,91717.0,1397165.0,0.950708,0.314339,NOR,NLD,902129
10550144,166,162,9746,2015,2775.0,0.0,0.224598,0.253179,NZL,NLD,902129
10550145,168,162,9746,2015,2864.0,10358.0,-0.7059979999999999,0.73501,PAK,NLD,902129
10550146,174,162,9746,2015,114096.0,0.0,0.6406270000000001,0.45770200000000005,PHL,NLD,902129
10550147,177,162,9746,2015,111719.0,904005.0,1.145844,1.1449280000000002,POL,NLD,902129
10550148,179,162,9746,2015,3058237.0,5172432.0,0.561922,2.2276380000000002,PRT,NLD,902129
10550149,185,162,9746,2015,73939.0,470832.0,0.946363,1.056775,ROU,NLD,902129
10550150,186,162,9746,2015,724892.0,31666878.0,0.23119,0.035965,RUS,NLD,902129
10550151,187,162,9746,2015,0.0,1010.0,-0.755738,-0.4423,RWA,NLD,902129
10550152,188,162,9746,2015,0.0,1090427.0,0.5552520000000001,-0.7263229999999999,SAU,NLD,902129
10550153,191,162,9746,2015,0.0,23621.0,-0.708349,-0.296663,SEN,NLD,902129
10550154,192,162,9746,2015,102672.0,379865.0,2.05613,0.593065,SGP,NLD,902129
10550155,194,162,9746,2015,0.0,829819.0,1.256851,-0.270048,SHN,NLD,902129
10550156,198,162,9746,2015,0.0,15627.0,0.918452,0.559399,SMR,NLD,902129
10550157,201,162,9746,2015,0.0,604638.0,0.457042,1.324908,SRB,NLD,902129
10550158,206,162,9746,2015,231125.0,10104.0,1.287133,0.7900560000000001,SVK,NLD,902129
10550159,207,162,9746,2015,35674.0,6604.0,1.6089879999999999,0.833616,SVN,NLD,902129
10550160,208,162,9746,2015,22265650.0,3462356.0,1.8068349999999997,0.693389,SWE,NLD,902129
10550161,210,162,9746,2015,0.0,6956.0,0.945973,-0.7548229999999999,SXM,NLD,902129
10550162,216,162,9746,2015,3830.0,308285.0,0.965888,1.368572,THA,NLD,902129
10550163,223,162,9746,2015,0.0,43385.0,0.140202,0.967591,TUN,NLD,902129
10550164,224,162,9746,2015,8721.0,1628643.0,0.438669,2.519632,TUR,NLD,902129
10550165,226,162,9746,2015,0.0,1406.0,-1.02395,-0.017509999999999998,TZA,NLD,902129
10550166,228,162,9746,2015,0.0,666799.0,0.429879,0.701813,UKR,NLD,902129
10550167,230,162,9746,2015,0.0,5730.0,0.273876,-0.363695,URY,NLD,902129
10550168,231,162,9746,2015,31373698.0,9457524.0,1.720478,-0.129322,USA,NLD,902129
10550169,232,162,9746,2015,0.0,2055.0,-0.724966,-0.599292,UZB,NLD,902129
10550170,236,162,9746,2015,0.0,131330.0,-0.9249129999999999,-1.1877280000000001,VEN,NLD,902129
10550171,239,162,9746,2015,0.0,24248.0,-0.17108900000000002,1.10995,VNM,NLD,902129
10550172,246,162,9746,2015,50933.0,399928.0,0.24944699999999997,1.7573159999999999,ZAF,NLD,902129
10550173,249,162,9746,2015,426058.0,3602354.0,1.962832,1.214982,TWN,NLD,902129
10550174,250,162,9746,2015,11835.0,1109.0,0.377283,-0.092204,ANS,NLD,902129
10550175,7,166,9746,2015,0.0,12717.0,0.21779600000000002,-0.0047420000000000006,ARE,NZL,902129
10550176,14,166,9746,2015,3937209.0,219423.0,-0.292325,-0.043489,AUS,NZL,902129
10550177,15,166,9746,2015,1680.0,0.0,1.747098,-0.08026699999999999,AUT,NZL,902129
10550178,39,166,9746,2015,86970.0,92574.0,0.695867,1.171676,CAN,NZL,902129
10550179,41,166,9746,2015,67495.0,2349.0,2.306075,0.720781,CHE,NZL,902129
10550180,43,166,9746,2015,5115.0,0.0,1.077143,1.735757,CHN,NZL,902129
10550181,61,166,9746,2015,75251.0,0.0,2.203818,-2.307561,DEU,NZL,902129
10550182,71,166,9746,2015,8299.0,0.0,0.8173590000000001,2.442556,ESP,NZL,902129
10550183,75,166,9746,2015,0.0,5672.0,-0.481968,-0.201468,FJI,NZL,902129
10550184,77,166,9746,2015,2498.0,0.0,1.479792,0.6490239999999999,FRA,NZL,902129
10550185,81,166,9746,2015,34789.0,2272.0,1.7422990000000003,0.75838,GBR,NZL,902129
10550186,97,166,9746,2015,0.0,998.0,0.8255290000000001,1.8017279999999998,HKG,NZL,902129
10550187,102,166,9746,2015,850.0,0.0,1.462839,0.803258,HUN,NZL,902129
10550188,110,166,9746,2015,5074.0,5878.0,1.260071,0.545545,ISR,NZL,902129
10550189,111,166,9746,2015,12869.0,0.0,1.321127,0.747046,ITA,NZL,902129
10550190,114,166,9746,2015,16964.0,6559.0,2.516133,-0.484202,JPN,NZL,902129
10550191,121,166,9746,2015,10594.0,0.0,1.900653,0.859406,KOR,NZL,902129
10550192,138,166,9746,2015,689259.0,0.0,1.169724,0.61457,MEX,NZL,902129
10550193,156,166,9746,2015,0.0,1692.0,-0.727911,-0.844562,NCL,NZL,902129
10550194,162,166,9746,2015,0.0,2775.0,1.230104,1.27344,NLD,NZL,902129
10550195,165,166,9746,2015,0.0,2315.0,1.27283,-0.30019,NRU,NZL,902129
10550196,192,166,9746,2015,22577.0,25030.0,2.05613,0.593065,SGP,NZL,902129
10550197,206,166,9746,2015,0.0,849.0,1.287133,0.7900560000000001,SVK,NZL,902129
10550198,208,166,9746,2015,25515.0,3753.0,1.8068349999999997,0.693389,SWE,NZL,902129
10550199,216,166,9746,2015,0.0,16604.0,0.965888,1.368572,THA,NZL,902129
10550200,231,166,9746,2015,734542.0,459146.0,1.720478,-0.129322,USA,NZL,902129
10550201,242,166,9746,2015,0.0,2949.0,0.351057,-0.158431,WSM,NZL,902129
10550202,246,166,9746,2015,104559.0,0.0,0.24944699999999997,1.7573159999999999,ZAF,NZL,902129
10550203,7,168,9746,2015,2117.0,1187.0,0.21779600000000002,-0.0047420000000000006,ARE,PAK,902129
10550204,14,168,9746,2015,1557.0,1933.0,-0.292325,-0.043489,AUS,PAK,902129
10550205,18,168,9746,2015,0.0,1408.0,1.329866,1.100641,BEL,PAK,902129
10550206,22,168,9746,2015,0.0,7192.0,-1.088465,-0.8745360000000001,BGD,PAK,902129
10550207,32,168,9746,2015,3730.0,0.0,0.23656799999999997,0.688607,BRA,PAK,902129
10550208,41,168,9746,2015,53342.0,0.0,2.306075,0.720781,CHE,PAK,902129
10550209,42,168,9746,2015,0.0,6451.0,-0.356167,-0.47629399999999994,CHL,PAK,902129
10550210,43,168,9746,2015,10094.0,6681.0,1.077143,1.735757,CHN,PAK,902129
10550211,61,168,9746,2015,92711.0,25389.0,2.203818,-2.307561,DEU,PAK,902129
10550212,64,168,9746,2015,0.0,3407.0,1.157924,1.2045629999999998,DNK,PAK,902129
10550213,71,168,9746,2015,0.0,13256.0,0.8173590000000001,2.442556,ESP,PAK,902129
10550214,75,168,9746,2015,0.0,3555.0,-0.481968,-0.201468,FJI,PAK,902129
10550215,77,168,9746,2015,2183.0,3378.0,1.479792,0.6490239999999999,FRA,PAK,902129
10550216,81,168,9746,2015,1448.0,4056.0,1.7422990000000003,0.75838,GBR,PAK,902129
10550217,104,168,9746,2015,0.0,5335.0,0.24230900000000002,2.8190880000000003,IND,PAK,902129
10550218,111,168,9746,2015,20542.0,0.0,1.321127,0.747046,ITA,PAK,902129
10550219,113,168,9746,2015,0.0,1086.0,0.121172,0.457301,JOR,PAK,902129
10550220,116,168,9746,2015,0.0,9505.0,-0.453564,0.433325,KEN,PAK,902129
10550221,121,168,9746,2015,228363.0,19254.0,1.900653,0.859406,KOR,PAK,902129
10550222,123,168,9746,2015,0.0,740.0,-0.927524,-0.74525,LAO,PAK,902129
10550223,153,168,9746,2015,16224.0,0.0,1.082803,0.811615,MYS,PAK,902129
10550224,162,168,9746,2015,10358.0,2864.0,1.230104,1.27344,NLD,PAK,902129
10550225,163,168,9746,2015,0.0,6077.0,0.950708,0.314339,NOR,PAK,902129
10550226,164,168,9746,2015,0.0,10516.0,-0.290416,0.456716,NPL,PAK,902129
10550227,177,168,9746,2015,0.0,1431.0,1.145844,1.1449280000000002,POL,PAK,902129
10550228,192,168,9746,2015,0.0,113618.0,2.05613,0.593065,SGP,PAK,902129
10550229,216,168,9746,2015,0.0,3509.0,0.965888,1.368572,THA,PAK,902129
10550230,224,168,9746,2015,1772.0,0.0,0.438669,2.519632,TUR,PAK,902129
10550231,231,168,9746,2015,251827.0,8876.0,1.720478,-0.129322,USA,PAK,902129
10550232,243,168,9746,2015,0.0,15444.0,-1.048632,-1.10843,YEM,PAK,902129
10550233,246,168,9746,2015,0.0,7843.0,0.24944699999999997,1.7573159999999999,ZAF,PAK,902129
10550234,249,168,9746,2015,0.0,43826.0,1.962832,1.214982,TWN,PAK,902129
10550235,32,169,9746,2015,51752.0,0.0,0.23656799999999997,0.688607,BRA,PAN,902129
10550236,39,169,9746,2015,6069.0,0.0,0.695867,1.171676,CAN,PAN,902129
10550237,41,169,9746,2015,8332.0,0.0,2.306075,0.720781,CHE,PAN,902129
10550238,43,169,9746,2015,27683.0,0.0,1.077143,1.735757,CHN,PAN,902129
10550239,49,169,9746,2015,23928.0,0.0,0.156383,-0.183055,COL,PAN,902129
10550240,52,169,9746,2015,709.0,0.0,0.24859699999999998,-0.033143,CRI,PAN,902129
10550241,54,169,9746,2015,0.0,101172.0,-0.694839,-1.093439,CUB,PAN,902129
10550242,61,169,9746,2015,35920.0,0.0,2.203818,-2.307561,DEU,PAN,902129
10550243,71,169,9746,2015,11583.0,0.0,0.8173590000000001,2.442556,ESP,PAN,902129
10550244,77,169,9746,2015,73993.0,0.0,1.479792,0.6490239999999999,FRA,PAN,902129
10550245,93,169,9746,2015,10570.0,0.0,-0.284403,0.525564,GTM,PAN,902129
10550246,96,169,9746,2015,0.0,2480.0,-1.018758,-1.056085,GUY,PAN,902129
10550247,97,169,9746,2015,7952.0,0.0,0.8255290000000001,1.8017279999999998,HKG,PAN,902129
10550248,110,169,9746,2015,2759.0,0.0,1.260071,0.545545,ISR,PAN,902129
10550249,111,169,9746,2015,0.0,1251.0,1.321127,0.747046,ITA,PAN,902129
10550250,112,169,9746,2015,0.0,9330.0,-0.438267,-0.828097,JAM,PAN,902129
10550251,208,169,9746,2015,13333.0,0.0,1.8068349999999997,0.693389,SWE,PAN,902129
10550252,231,169,9746,2015,1064343.0,0.0,1.720478,-0.129322,USA,PAN,902129
10550253,236,169,9746,2015,0.0,7501.0,-0.9249129999999999,-1.1877280000000001,VEN,PAN,902129
10550254,250,169,9746,2015,0.0,1492.0,0.377283,-0.092204,ANS,PAN,902129
10550255,8,173,9746,2015,7666.0,33141.0,0.116896,0.30330999999999997,ARG,PER,902129
10550256,32,173,9746,2015,305017.0,0.0,0.23656799999999997,0.688607,BRA,PER,902129
10550257,41,173,9746,2015,19830.0,0.0,2.306075,0.720781,CHE,PER,902129
10550258,43,173,9746,2015,8004.0,0.0,1.077143,1.735757,CHN,PER,902129
10550259,61,173,9746,2015,60869.0,0.0,2.203818,-2.307561,DEU,PER,902129
10550260,71,173,9746,2015,11705.0,0.0,0.8173590000000001,2.442556,ESP,PER,902129
10550261,77,173,9746,2015,12264.0,0.0,1.479792,0.6490239999999999,FRA,PER,902129
10550262,97,173,9746,2015,1466.0,0.0,0.8255290000000001,1.8017279999999998,HKG,PER,902129
10550263,104,173,9746,2015,1030.0,0.0,0.24230900000000002,2.8190880000000003,IND,PER,902129
10550264,110,173,9746,2015,85961.0,0.0,1.260071,0.545545,ISR,PER,902129
10550265,111,173,9746,2015,12977.0,0.0,1.321127,0.747046,ITA,PER,902129
10550266,114,173,9746,2015,123333.0,0.0,2.516133,-0.484202,JPN,PER,902129
10550267,121,173,9746,2015,442503.0,7307.0,1.900653,0.859406,KOR,PER,902129
10550268,138,173,9746,2015,97885.0,0.0,1.169724,0.61457,MEX,PER,902129
10550269,231,173,9746,2015,522009.0,0.0,1.720478,-0.129322,USA,PER,902129
10550270,1,174,9746,2015,0.0,20617.0,-1.249655,-0.9094459999999999,AFG,PHL,902129
10550271,14,174,9746,2015,6070.0,163627.0,-0.292325,-0.043489,AUS,PHL,902129
10550272,18,174,9746,2015,859.0,4054.0,1.329866,1.100641,BEL,PHL,902129
10550273,32,174,9746,2015,9695.0,0.0,0.23656799999999997,0.688607,BRA,PHL,902129
10550274,39,174,9746,2015,28871.0,1726.0,0.695867,1.171676,CAN,PHL,902129
10550275,41,174,9746,2015,16702.0,1414078.0,2.306075,0.720781,CHE,PHL,902129
10550276,43,174,9746,2015,58514.0,0.0,1.077143,1.735757,CHN,PHL,902129
10550277,59,174,9746,2015,0.0,7336.0,1.743012,0.45424,CZE,PHL,902129
10550278,61,174,9746,2015,870832.0,4179386.0,2.203818,-2.307561,DEU,PHL,902129
10550279,74,174,9746,2015,0.0,2802.0,1.597817,0.998059,FIN,PHL,902129
10550280,77,174,9746,2015,46640.0,75705.0,1.479792,0.6490239999999999,FRA,PHL,902129
10550281,81,174,9746,2015,1768.0,2319.0,1.7422990000000003,0.75838,GBR,PHL,902129
10550282,97,174,9746,2015,1644.0,0.0,0.8255290000000001,1.8017279999999998,HKG,PHL,902129
10550283,111,174,9746,2015,24773.0,0.0,1.321127,0.747046,ITA,PHL,902129
10550284,114,174,9746,2015,13228.0,9219.0,2.516133,-0.484202,JPN,PHL,902129
10550285,121,174,9746,2015,146724.0,1028.0,1.900653,0.859406,KOR,PHL,902129
10550286,162,174,9746,2015,0.0,114096.0,1.230104,1.27344,NLD,PHL,902129
10550287,163,174,9746,2015,0.0,18721.0,0.950708,0.314339,NOR,PHL,902129
10550288,177,174,9746,2015,961.0,0.0,1.145844,1.1449280000000002,POL,PHL,902129
10550289,178,174,9746,2015,0.0,8930.0,-0.404818,-0.075235,PRK,PHL,902129
10550290,192,174,9746,2015,3679.0,4358.0,2.05613,0.593065,SGP,PHL,902129
10550291,208,174,9746,2015,8545.0,73222.0,1.8068349999999997,0.693389,SWE,PHL,902129
10550292,231,174,9746,2015,141403.0,609343.0,1.720478,-0.129322,USA,PHL,902129
10550293,7,177,9746,2015,0.0,2437.0,0.21779600000000002,-0.0047420000000000006,ARE,POL,902129
10550294,8,177,9746,2015,0.0,3039.0,0.116896,0.30330999999999997,ARG,POL,902129
10550295,14,177,9746,2015,0.0,1135.0,-0.292325,-0.043489,AUS,POL,902129
10550296,15,177,9746,2015,19472.0,10361.0,1.747098,-0.08026699999999999,AUT,POL,902129
10550297,18,177,9746,2015,276911.0,38780.0,1.329866,1.100641,BEL,POL,902129
10550298,23,177,9746,2015,0.0,5504.0,0.45640699999999995,1.691455,BGR,POL,902129
10550299,26,177,9746,2015,0.0,3131.0,0.355903,0.723092,BIH,POL,902129
10550300,32,177,9746,2015,52318.0,0.0,0.23656799999999997,0.688607,BRA,POL,902129
10550301,39,177,9746,2015,3934.0,1600.0,0.695867,1.171676,CAN,POL,902129
10550302,41,177,9746,2015,2130227.0,96720.0,2.306075,0.720781,CHE,POL,902129
10550303,43,177,9746,2015,351543.0,0.0,1.077143,1.735757,CHN,POL,902129
10550304,52,177,9746,2015,0.0,3167.0,0.24859699999999998,-0.033143,CRI,POL,902129
10550305,58,177,9746,2015,0.0,4831.0,0.511225,-0.207261,CYP,POL,902129
10550306,59,177,9746,2015,153422.0,13177.0,1.743012,0.45424,CZE,POL,902129
10550307,61,177,9746,2015,3237428.0,616692.0,2.203818,-2.307561,DEU,POL,902129
10550308,64,177,9746,2015,24232.0,5338.0,1.157924,1.2045629999999998,DNK,POL,902129
10550309,68,177,9746,2015,0.0,8604.0,-0.183053,1.765036,EGY,POL,902129
10550310,71,177,9746,2015,82493.0,14141.0,0.8173590000000001,2.442556,ESP,POL,902129
10550311,74,177,9746,2015,57588.0,0.0,1.597817,0.998059,FIN,POL,902129
10550312,77,177,9746,2015,922686.0,112901.0,1.479792,0.6490239999999999,FRA,POL,902129
10550313,81,177,9746,2015,15005.0,10260.0,1.7422990000000003,0.75838,GBR,POL,902129
10550314,82,177,9746,2015,0.0,18191.0,-0.343663,-0.588017,GEO,POL,902129
10550315,90,177,9746,2015,0.0,4564.0,0.099027,1.012289,GRC,POL,902129
10550316,100,177,9746,2015,27545.0,7654.0,0.7590140000000001,1.257415,HRV,POL,902129
10550317,102,177,9746,2015,183258.0,16962.0,1.462839,0.803258,HUN,POL,902129
10550318,104,177,9746,2015,10962.0,0.0,0.24230900000000002,2.8190880000000003,IND,POL,902129
10550319,106,177,9746,2015,200035.0,0.0,1.304942,0.126431,IRL,POL,902129
10550320,108,177,9746,2015,0.0,4735.0,-1.465803,-0.912113,IRQ,POL,902129
10550321,110,177,9746,2015,707748.0,14678.0,1.260071,0.545545,ISR,POL,902129
10550322,111,177,9746,2015,262915.0,36143.0,1.321127,0.747046,ITA,POL,902129
10550323,113,177,9746,2015,0.0,6388.0,0.121172,0.457301,JOR,POL,902129
10550324,114,177,9746,2015,41259.0,2417.0,2.516133,-0.484202,JPN,POL,902129
10550325,121,177,9746,2015,1689794.0,0.0,1.900653,0.859406,KOR,POL,902129
10550326,130,177,9746,2015,0.0,7483.0,0.749429,1.3659860000000001,LTU,POL,902129
10550327,132,177,9746,2015,0.0,12507.0,0.602209,1.125357,LVA,POL,902129
10550328,134,177,9746,2015,0.0,6485.0,-0.7554810000000001,-0.059697,MAR,POL,902129
10550329,138,177,9746,2015,0.0,1833.0,1.169724,0.61457,MEX,POL,902129
10550330,162,177,9746,2015,904005.0,111719.0,1.230104,1.27344,NLD,POL,902129
10550331,163,177,9746,2015,7615.0,4105.0,0.950708,0.314339,NOR,POL,902129
10550332,168,177,9746,2015,1431.0,0.0,-0.7059979999999999,0.73501,PAK,POL,902129
10550333,174,177,9746,2015,0.0,961.0,0.6406270000000001,0.45770200000000005,PHL,POL,902129
10550334,179,177,9746,2015,0.0,5325.0,0.561922,2.2276380000000002,PRT,POL,902129
10550335,181,177,9746,2015,0.0,1092.0,0.060575,0.5649489999999999,PSE,POL,902129
10550336,185,177,9746,2015,0.0,54364.0,0.946363,1.056775,ROU,POL,902129
10550337,192,177,9746,2015,0.0,5112.0,2.05613,0.593065,SGP,POL,902129
10550338,201,177,9746,2015,0.0,3356.0,0.457042,1.324908,SRB,POL,902129
10550339,206,177,9746,2015,1661.0,25812.0,1.287133,0.7900560000000001,SVK,POL,902129
10550340,207,177,9746,2015,11606.0,1058.0,1.6089879999999999,0.833616,SVN,POL,902129
10550341,208,177,9746,2015,2314565.0,34641.0,1.8068349999999997,0.693389,SWE,POL,902129
10550342,223,177,9746,2015,0.0,2430.0,0.140202,0.967591,TUN,POL,902129
10550343,224,177,9746,2015,1552.0,0.0,0.438669,2.519632,TUR,POL,902129
10550344,228,177,9746,2015,1362.0,11346.0,0.429879,0.701813,UKR,POL,902129
10550345,231,177,9746,2015,1820846.0,40149.0,1.720478,-0.129322,USA,POL,902129
10550346,249,177,9746,2015,5547.0,0.0,1.962832,1.214982,TWN,POL,902129
10550347,250,177,9746,2015,15402.0,0.0,0.377283,-0.092204,ANS,POL,902129
10550348,2,179,9746,2015,0.0,14028.0,-1.6542,-1.2598989999999999,AGO,PRT,902129
10550349,15,179,9746,2015,12940.0,0.0,1.747098,-0.08026699999999999,AUT,PRT,902129
10550350,18,179,9746,2015,411432.0,0.0,1.329866,1.100641,BEL,PRT,902129
10550351,23,179,9746,2015,0.0,1286.0,0.45640699999999995,1.691455,BGR,PRT,902129
10550352,32,179,9746,2015,967719.0,0.0,0.23656799999999997,0.688607,BRA,PRT,902129
10550353,39,179,9746,2015,2288.0,0.0,0.695867,1.171676,CAN,PRT,902129
10550354,41,179,9746,2015,33990.0,6415.0,2.306075,0.720781,CHE,PRT,902129
10550355,43,179,9746,2015,54623.0,0.0,1.077143,1.735757,CHN,PRT,902129
10550356,61,179,9746,2015,3191198.0,0.0,2.203818,-2.307561,DEU,PRT,902129
10550357,71,179,9746,2015,5417497.0,69059.0,0.8173590000000001,2.442556,ESP,PRT,902129
10550358,77,179,9746,2015,402068.0,5907.0,1.479792,0.6490239999999999,FRA,PRT,902129
10550359,81,179,9746,2015,18976.0,0.0,1.7422990000000003,0.75838,GBR,PRT,902129
10550360,100,179,9746,2015,0.0,65802.0,0.7590140000000001,1.257415,HRV,PRT,902129
10550361,104,179,9746,2015,1154.0,0.0,0.24230900000000002,2.8190880000000003,IND,PRT,902129
10550362,110,179,9746,2015,183923.0,0.0,1.260071,0.545545,ISR,PRT,902129
10550363,111,179,9746,2015,321807.0,0.0,1.321127,0.747046,ITA,PRT,902129
10550364,114,179,9746,2015,4099.0,0.0,2.516133,-0.484202,JPN,PRT,902129
10550365,121,179,9746,2015,652635.0,9303.0,1.900653,0.859406,KOR,PRT,902129
10550366,142,179,9746,2015,136169.0,0.0,0.880893,-0.117585,MLT,PRT,902129
10550367,162,179,9746,2015,5172432.0,3058237.0,1.230104,1.27344,NLD,PRT,902129
10550368,177,179,9746,2015,5325.0,0.0,1.145844,1.1449280000000002,POL,PRT,902129
10550369,185,179,9746,2015,0.0,21317.0,0.946363,1.056775,ROU,PRT,902129
10550370,207,179,9746,2015,499936.0,0.0,1.6089879999999999,0.833616,SVN,PRT,902129
10550371,208,179,9746,2015,792445.0,0.0,1.8068349999999997,0.693389,SWE,PRT,902129
10550372,231,179,9746,2015,62969.0,1036.0,1.720478,-0.129322,USA,PRT,902129
10550373,246,179,9746,2015,23872.0,0.0,0.24944699999999997,1.7573159999999999,ZAF,PRT,902129
10550374,249,179,9746,2015,1797.0,0.0,1.962832,1.214982,TWN,PRT,902129
10550375,8,180,9746,2015,1453.0,0.0,0.116896,0.30330999999999997,ARG,PRY,902129
10550376,32,180,9746,2015,96235.0,0.0,0.23656799999999997,0.688607,BRA,PRY,902129
10550377,41,180,9746,2015,7404.0,0.0,2.306075,0.720781,CHE,PRY,902129
10550378,61,180,9746,2015,4865.0,0.0,2.203818,-2.307561,DEU,PRY,902129
10550379,71,180,9746,2015,3667.0,0.0,0.8173590000000001,2.442556,ESP,PRY,902129
10550380,121,180,9746,2015,1141.0,0.0,1.900653,0.859406,KOR,PRY,902129
10550381,231,180,9746,2015,293106.0,0.0,1.720478,-0.129322,USA,PRY,902129
10550382,41,181,9746,2015,111767.0,0.0,2.306075,0.720781,CHE,PSE,902129
10550383,43,181,9746,2015,729.0,0.0,1.077143,1.735757,CHN,PSE,902129
10550384,61,181,9746,2015,62876.0,0.0,2.203818,-2.307561,DEU,PSE,902129
10550385,97,181,9746,2015,2160.0,0.0,0.8255290000000001,1.8017279999999998,HKG,PSE,902129
10550386,110,181,9746,2015,1104882.0,650424.0,1.260071,0.545545,ISR,PSE,902129
10550387,111,181,9746,2015,19000.0,0.0,1.321127,0.747046,ITA,PSE,902129
10550388,121,181,9746,2015,30974.0,0.0,1.900653,0.859406,KOR,PSE,902129
10550389,177,181,9746,2015,1092.0,0.0,1.145844,1.1449280000000002,POL,PSE,902129
10550390,224,181,9746,2015,647.0,0.0,0.438669,2.519632,TUR,PSE,902129
10550391,231,181,9746,2015,1944.0,0.0,1.720478,-0.129322,USA,PSE,902129
10550392,7,188,9746,2015,208943.0,0.0,0.21779600000000002,-0.0047420000000000006,ARE,SAU,902129
10550393,14,188,9746,2015,6853.0,0.0,-0.292325,-0.043489,AUS,SAU,902129
10550394,24,188,9746,2015,713529.0,0.0,0.36650900000000003,-0.28735,BHR,SAU,902129
10550395,32,188,9746,2015,32698.0,0.0,0.23656799999999997,0.688607,BRA,SAU,902129
10550396,41,188,9746,2015,3290654.0,1281.0,2.306075,0.720781,CHE,SAU,902129
10550397,43,188,9746,2015,25229.0,0.0,1.077143,1.735757,CHN,SAU,902129
10550398,58,188,9746,2015,4074.0,0.0,0.511225,-0.207261,CYP,SAU,902129
10550399,59,188,9746,2015,6716.0,0.0,1.743012,0.45424,CZE,SAU,902129
10550400,61,188,9746,2015,2803102.0,18921.0,2.203818,-2.307561,DEU,SAU,902129
10550401,64,188,9746,2015,23581.0,0.0,1.157924,1.2045629999999998,DNK,SAU,902129
10550402,71,188,9746,2015,41954.0,0.0,0.8173590000000001,2.442556,ESP,SAU,902129
10550403,77,188,9746,2015,287528.0,0.0,1.479792,0.6490239999999999,FRA,SAU,902129
10550404,81,188,9746,2015,2991.0,186443.0,1.7422990000000003,0.75838,GBR,SAU,902129
10550405,102,188,9746,2015,77768.0,0.0,1.462839,0.803258,HUN,SAU,902129
10550406,104,188,9746,2015,11015.0,0.0,0.24230900000000002,2.8190880000000003,IND,SAU,902129
10550407,111,188,9746,2015,136592.0,0.0,1.321127,0.747046,ITA,SAU,902129
10550408,113,188,9746,2015,798695.0,0.0,0.121172,0.457301,JOR,SAU,902129
10550409,114,188,9746,2015,5729.0,0.0,2.516133,-0.484202,JPN,SAU,902129
10550410,121,188,9746,2015,321612.0,0.0,1.900653,0.859406,KOR,SAU,902129
10550411,130,188,9746,2015,53872.0,0.0,0.749429,1.3659860000000001,LTU,SAU,902129
10550412,138,188,9746,2015,185244.0,0.0,1.169724,0.61457,MEX,SAU,902129
10550413,151,188,9746,2015,1976.0,0.0,-0.231762,-0.195051,MUS,SAU,902129
10550414,162,188,9746,2015,1090427.0,0.0,1.230104,1.27344,NLD,SAU,902129
10550415,185,188,9746,2015,4696.0,0.0,0.946363,1.056775,ROU,SAU,902129
10550416,208,188,9746,2015,76721.0,0.0,1.8068349999999997,0.693389,SWE,SAU,902129
10550417,224,188,9746,2015,30937.0,0.0,0.438669,2.519632,TUR,SAU,902129
10550418,231,188,9746,2015,4915828.0,46358.0,1.720478,-0.129322,USA,SAU,902129
10550419,250,188,9746,2015,59557.0,0.0,0.377283,-0.092204,ANS,SAU,902129
10550420,41,190,9746,2015,8734.0,0.0,2.306075,0.720781,CHE,SDN,902129
10550421,61,190,9746,2015,2818.0,0.0,2.203818,-2.307561,DEU,SDN,902129
10550422,7,192,9746,2015,0.0,25542.0,0.21779600000000002,-0.0047420000000000006,ARE,SGP,902129
10550423,14,192,9746,2015,24693.0,82477.0,-0.292325,-0.043489,AUS,SGP,902129
10550424,15,192,9746,2015,9269.0,7297.0,1.747098,-0.08026699999999999,AUT,SGP,902129
10550425,18,192,9746,2015,108440.0,0.0,1.329866,1.100641,BEL,SGP,902129
10550426,32,192,9746,2015,3033.0,0.0,0.23656799999999997,0.688607,BRA,SGP,902129
10550427,34,192,9746,2015,0.0,4057.0,1.093564,-0.679211,BRN,SGP,902129
10550428,35,192,9746,2015,0.0,2014.0,-0.55347,-0.8795219999999999,BTN,SGP,902129
10550429,41,192,9746,2015,1413722.0,20442.0,2.306075,0.720781,CHE,SGP,902129
10550430,43,192,9746,2015,279528.0,396728.0,1.077143,1.735757,CHN,SGP,902129
10550431,61,192,9746,2015,461924.0,109623.0,2.203818,-2.307561,DEU,SGP,902129
10550432,71,192,9746,2015,18027.0,0.0,0.8173590000000001,2.442556,ESP,SGP,902129
10550433,74,192,9746,2015,27802.0,101139.0,1.597817,0.998059,FIN,SGP,902129
10550434,75,192,9746,2015,0.0,1470.0,-0.481968,-0.201468,FJI,SGP,902129
10550435,77,192,9746,2015,80434.0,0.0,1.479792,0.6490239999999999,FRA,SGP,902129
10550436,81,192,9746,2015,44454.0,0.0,1.7422990000000003,0.75838,GBR,SGP,902129
10550437,97,192,9746,2015,96261.0,90744.0,0.8255290000000001,1.8017279999999998,HKG,SGP,902129
10550438,103,192,9746,2015,0.0,1432993.0,-0.145103,1.277362,IDN,SGP,902129
10550439,104,192,9746,2015,8937.0,0.0,0.24230900000000002,2.8190880000000003,IND,SGP,902129
10550440,106,192,9746,2015,1056.0,0.0,1.304942,0.126431,IRL,SGP,902129
10550441,110,192,9746,2015,168817.0,0.0,1.260071,0.545545,ISR,SGP,902129
10550442,111,192,9746,2015,41226.0,0.0,1.321127,0.747046,ITA,SGP,902129
10550443,114,192,9746,2015,177370.0,28979.0,2.516133,-0.484202,JPN,SGP,902129
10550444,118,192,9746,2015,0.0,77255.0,-0.791985,-0.833046,KHM,SGP,902129
10550445,121,192,9746,2015,1950257.0,621450.0,1.900653,0.859406,KOR,SGP,902129
10550446,122,192,9746,2015,0.0,4960.0,-0.352023,-1.153057,KWT,SGP,902129
10550447,130,192,9746,2015,1136.0,0.0,0.749429,1.3659860000000001,LTU,SGP,902129
10550448,137,192,9746,2015,0.0,1177.0,-0.321571,-0.858751,MDV,SGP,902129
10550449,138,192,9746,2015,1703686.0,0.0,1.169724,0.61457,MEX,SGP,902129
10550450,143,192,9746,2015,0.0,28004.0,-1.4596120000000001,-0.903904,MMR,SGP,902129
10550451,151,192,9746,2015,0.0,873.0,-0.231762,-0.195051,MUS,SGP,902129
10550452,153,192,9746,2015,38059.0,137876.0,1.082803,0.811615,MYS,SGP,902129
10550453,162,192,9746,2015,379865.0,102672.0,1.230104,1.27344,NLD,SGP,902129
10550454,163,192,9746,2015,0.0,13360.0,0.950708,0.314339,NOR,SGP,902129
10550455,164,192,9746,2015,0.0,13150.0,-0.290416,0.456716,NPL,SGP,902129
10550456,166,192,9746,2015,25030.0,22577.0,0.224598,0.253179,NZL,SGP,902129
10550457,168,192,9746,2015,113618.0,0.0,-0.7059979999999999,0.73501,PAK,SGP,902129
10550458,174,192,9746,2015,4358.0,3679.0,0.6406270000000001,0.45770200000000005,PHL,SGP,902129
10550459,177,192,9746,2015,5112.0,0.0,1.145844,1.1449280000000002,POL,SGP,902129
10550460,208,192,9746,2015,23283.0,1101.0,1.8068349999999997,0.693389,SWE,SGP,902129
10550461,216,192,9746,2015,6726.0,17909.0,0.965888,1.368572,THA,SGP,902129
10550462,231,192,9746,2015,2963182.0,14340.0,1.720478,-0.129322,USA,SGP,902129
10550463,239,192,9746,2015,2489.0,106922.0,-0.17108900000000002,1.10995,VNM,SGP,902129
10550464,246,192,9746,2015,5194.0,0.0,0.24944699999999997,1.7573159999999999,ZAF,SGP,902129
10550465,249,192,9746,2015,17463.0,3493.0,1.962832,1.214982,TWN,SGP,902129
10550466,15,197,9746,2015,2018.0,0.0,1.747098,-0.08026699999999999,AUT,SLV,902129
10550467,32,197,9746,2015,11124.0,0.0,0.23656799999999997,0.688607,BRA,SLV,902129
10550468,41,197,9746,2015,21530.0,0.0,2.306075,0.720781,CHE,SLV,902129
10550469,43,197,9746,2015,3704.0,0.0,1.077143,1.735757,CHN,SLV,902129
10550470,61,197,9746,2015,23381.0,0.0,2.203818,-2.307561,DEU,SLV,902129
10550471,77,197,9746,2015,4095.0,0.0,1.479792,0.6490239999999999,FRA,SLV,902129
10550472,110,197,9746,2015,26365.0,0.0,1.260071,0.545545,ISR,SLV,902129
10550473,111,197,9746,2015,1123.0,0.0,1.321127,0.747046,ITA,SLV,902129
10550474,121,197,9746,2015,1236.0,0.0,1.900653,0.859406,KOR,SLV,902129
10550475,138,197,9746,2015,6643.0,0.0,1.169724,0.61457,MEX,SLV,902129
10550476,231,197,9746,2015,91446.0,0.0,1.720478,-0.129322,USA,SLV,902129
10550477,32,205,9746,2015,915.0,0.0,0.23656799999999997,0.688607,BRA,SUR,902129
10550478,231,205,9746,2015,0.0,94532.0,1.720478,-0.129322,USA,SUR,902129
10550479,4,208,9746,2015,0.0,16015.0,-0.601875,-0.27003,ALB,SWE,902129
10550480,7,208,9746,2015,0.0,73318.0,0.21779600000000002,-0.0047420000000000006,ARE,SWE,902129
10550481,8,208,9746,2015,0.0,17321.0,0.116896,0.30330999999999997,ARG,SWE,902129
10550482,9,208,9746,2015,0.0,24705.0,0.037579,-0.42448800000000003,ARM,SWE,902129
10550483,14,208,9746,2015,3133.0,1074978.0,-0.292325,-0.043489,AUS,SWE,902129
10550484,15,208,9746,2015,13923.0,1748454.0,1.747098,-0.08026699999999999,AUT,SWE,902129
10550485,18,208,9746,2015,1265358.0,1630488.0,1.329866,1.100641,BEL,SWE,902129
10550486,23,208,9746,2015,0.0,29174.0,0.45640699999999995,1.691455,BGR,SWE,902129
10550487,32,208,9746,2015,2589.0,99477.0,0.23656799999999997,0.688607,BRA,SWE,902129
10550488,37,208,9746,2015,0.0,4427.0,-0.14164200000000002,-1.0372059999999999,BWA,SWE,902129
10550489,39,208,9746,2015,11918.0,698737.0,0.695867,1.171676,CAN,SWE,902129
10550490,41,208,9746,2015,10227816.0,1307288.0,2.306075,0.720781,CHE,SWE,902129
10550491,42,208,9746,2015,0.0,544750.0,-0.356167,-0.47629399999999994,CHL,SWE,902129
10550492,43,208,9746,2015,780957.0,1123939.0,1.077143,1.735757,CHN,SWE,902129
10550493,49,208,9746,2015,0.0,4055.0,0.156383,-0.183055,COL,SWE,902129
10550494,58,208,9746,2015,0.0,3090.0,0.511225,-0.207261,CYP,SWE,902129
10550495,59,208,9746,2015,27145.0,58738.0,1.743012,0.45424,CZE,SWE,902129
10550496,61,208,9746,2015,19723236.0,17365448.0,2.203818,-2.307561,DEU,SWE,902129
10550497,64,208,9746,2015,1664279.0,1424821.0,1.157924,1.2045629999999998,DNK,SWE,902129
10550498,67,208,9746,2015,0.0,2173.0,-0.9845959999999999,-1.075639,ECU,SWE,902129
10550499,71,208,9746,2015,897706.0,6225722.0,0.8173590000000001,2.442556,ESP,SWE,902129
10550500,72,208,9746,2015,0.0,328238.0,0.9281149999999999,1.1780389999999998,EST,SWE,902129
10550501,73,208,9746,2015,0.0,1633.0,-1.004896,-0.721019,ETH,SWE,902129
10550502,74,208,9746,2015,106669.0,1886748.0,1.597817,0.998059,FIN,SWE,902129
10550503,77,208,9746,2015,1905236.0,12914315.0,1.479792,0.6490239999999999,FRA,SWE,902129
10550504,78,208,9746,2015,0.0,1904.0,-0.700767,-0.9214399999999999,FRO,SWE,902129
10550505,81,208,9746,2015,522908.0,9872441.0,1.7422990000000003,0.75838,GBR,SWE,902129
10550506,90,208,9746,2015,1151.0,25477.0,0.099027,1.012289,GRC,SWE,902129
10550507,97,208,9746,2015,149364.0,312204.0,0.8255290000000001,1.8017279999999998,HKG,SWE,902129
10550508,100,208,9746,2015,0.0,99747.0,0.7590140000000001,1.257415,HRV,SWE,902129
10550509,102,208,9746,2015,0.0,279443.0,1.462839,0.803258,HUN,SWE,902129
10550510,104,208,9746,2015,0.0,201411.0,0.24230900000000002,2.8190880000000003,IND,SWE,902129
10550511,106,208,9746,2015,0.0,409403.0,1.304942,0.126431,IRL,SWE,902129
10550512,107,208,9746,2015,0.0,20425.0,-0.258946,-0.0073420000000000004,IRN,SWE,902129
10550513,108,208,9746,2015,0.0,48039.0,-1.465803,-0.912113,IRQ,SWE,902129
10550514,109,208,9746,2015,3594.0,198424.0,0.24527600000000002,-0.411616,ISL,SWE,902129
10550515,110,208,9746,2015,61920.0,90785.0,1.260071,0.545545,ISR,SWE,902129
10550516,111,208,9746,2015,273336.0,9323631.0,1.321127,0.747046,ITA,SWE,902129
10550517,113,208,9746,2015,0.0,73918.0,0.121172,0.457301,JOR,SWE,902129
10550518,114,208,9746,2015,16168.0,2508161.0,2.516133,-0.484202,JPN,SWE,902129
10550519,121,208,9746,2015,70343.0,32542.0,1.900653,0.859406,KOR,SWE,902129
10550520,122,208,9746,2015,0.0,2369.0,-0.352023,-1.153057,KWT,SWE,902129
10550521,124,208,9746,2015,0.0,12574.0,0.317355,1.330374,LBN,SWE,902129
10550522,130,208,9746,2015,0.0,208421.0,0.749429,1.3659860000000001,LTU,SWE,902129
10550523,131,208,9746,2015,0.0,15511.0,1.218924,1.247152,LUX,SWE,902129
10550524,132,208,9746,2015,0.0,1663.0,0.602209,1.125357,LVA,SWE,902129
10550525,134,208,9746,2015,0.0,1645.0,-0.7554810000000001,-0.059697,MAR,SWE,902129
10550526,138,208,9746,2015,0.0,7655.0,1.169724,0.61457,MEX,SWE,902129
10550527,142,208,9746,2015,0.0,9268.0,0.880893,-0.117585,MLT,SWE,902129
10550528,144,208,9746,2015,0.0,7762.0,-0.048385000000000004,-0.150759,MNE,SWE,902129
10550529,156,208,9746,2015,0.0,2507.0,-0.727911,-0.844562,NCL,SWE,902129
10550530,162,208,9746,2015,3462356.0,22265650.0,1.230104,1.27344,NLD,SWE,902129
10550531,163,208,9746,2015,344708.0,993916.0,0.950708,0.314339,NOR,SWE,902129
10550532,166,208,9746,2015,3753.0,25515.0,0.224598,0.253179,NZL,SWE,902129
10550533,169,208,9746,2015,0.0,13333.0,0.642058,0.833392,PAN,SWE,902129
10550534,174,208,9746,2015,73222.0,8545.0,0.6406270000000001,0.45770200000000005,PHL,SWE,902129
10550535,177,208,9746,2015,34641.0,2314565.0,1.145844,1.1449280000000002,POL,SWE,902129
10550536,179,208,9746,2015,0.0,792445.0,0.561922,2.2276380000000002,PRT,SWE,902129
10550537,182,208,9746,2015,0.0,437.0,-0.301696,-0.795154,PYF,SWE,902129
10550538,183,208,9746,2015,0.0,2939.0,-0.077053,-0.9922719999999999,QAT,SWE,902129
10550539,185,208,9746,2015,0.0,2790.0,0.946363,1.056775,ROU,SWE,902129
10550540,186,208,9746,2015,0.0,2286755.0,0.23119,0.035965,RUS,SWE,902129
10550541,188,208,9746,2015,0.0,76721.0,0.5552520000000001,-0.7263229999999999,SAU,SWE,902129
10550542,192,208,9746,2015,1101.0,23283.0,2.05613,0.593065,SGP,SWE,902129
10550543,201,208,9746,2015,0.0,6109.0,0.457042,1.324908,SRB,SWE,902129
10550544,206,208,9746,2015,0.0,1827.0,1.287133,0.7900560000000001,SVK,SWE,902129
10550545,207,208,9746,2015,0.0,45470.0,1.6089879999999999,0.833616,SVN,SWE,902129
10550546,216,208,9746,2015,11957.0,12692.0,0.965888,1.368572,THA,SWE,902129
10550547,223,208,9746,2015,0.0,7912.0,0.140202,0.967591,TUN,SWE,902129
10550548,224,208,9746,2015,6326.0,872585.0,0.438669,2.519632,TUR,SWE,902129
10550549,228,208,9746,2015,0.0,58760.0,0.429879,0.701813,UKR,SWE,902129
10550550,231,208,9746,2015,4240166.0,30966070.0,1.720478,-0.129322,USA,SWE,902129
10550551,239,208,9746,2015,0.0,16491.0,-0.17108900000000002,1.10995,VNM,SWE,902129
10550552,246,208,9746,2015,78460.0,43224.0,0.24944699999999997,1.7573159999999999,ZAF,SWE,902129
10550553,249,208,9746,2015,97252.0,803650.0,1.962832,1.214982,TWN,SWE,902129
10550554,14,216,9746,2015,149901.0,2222.0,-0.292325,-0.043489,AUS,THA,902129
10550555,15,216,9746,2015,0.0,1011.0,1.747098,-0.08026699999999999,AUT,THA,902129
10550556,18,216,9746,2015,0.0,2737.0,1.329866,1.100641,BEL,THA,902129
10550557,32,216,9746,2015,3915.0,0.0,0.23656799999999997,0.688607,BRA,THA,902129
10550558,39,216,9746,2015,4866.0,0.0,0.695867,1.171676,CAN,THA,902129
10550559,41,216,9746,2015,2541754.0,4121.0,2.306075,0.720781,CHE,THA,902129
10550560,42,216,9746,2015,0.0,1312.0,-0.356167,-0.47629399999999994,CHL,THA,902129
10550561,43,216,9746,2015,132165.0,9832.0,1.077143,1.735757,CHN,THA,902129
10550562,49,216,9746,2015,0.0,1128.0,0.156383,-0.183055,COL,THA,902129
10550563,58,216,9746,2015,0.0,959.0,0.511225,-0.207261,CYP,THA,902129
10550564,61,216,9746,2015,963052.0,302333.0,2.203818,-2.307561,DEU,THA,902129
10550565,64,216,9746,2015,1998.0,26051.0,1.157924,1.2045629999999998,DNK,THA,902129
10550566,68,216,9746,2015,0.0,2568.0,-0.183053,1.765036,EGY,THA,902129
10550567,71,216,9746,2015,34668.0,14755.0,0.8173590000000001,2.442556,ESP,THA,902129
10550568,77,216,9746,2015,147209.0,32095.0,1.479792,0.6490239999999999,FRA,THA,902129
10550569,81,216,9746,2015,13116.0,15191.0,1.7422990000000003,0.75838,GBR,THA,902129
10550570,97,216,9746,2015,8576.0,27843.0,0.8255290000000001,1.8017279999999998,HKG,THA,902129
10550571,103,216,9746,2015,0.0,1456.0,-0.145103,1.277362,IDN,THA,902129
10550572,104,216,9746,2015,3158.0,2732.0,0.24230900000000002,2.8190880000000003,IND,THA,902129
10550573,110,216,9746,2015,182897.0,0.0,1.260071,0.545545,ISR,THA,902129
10550574,111,216,9746,2015,60346.0,4770.0,1.321127,0.747046,ITA,THA,902129
10550575,114,216,9746,2015,102698.0,22619.0,2.516133,-0.484202,JPN,THA,902129
10550576,118,216,9746,2015,0.0,11315.0,-0.791985,-0.833046,KHM,THA,902129
10550577,121,216,9746,2015,2047014.0,16638.0,1.900653,0.859406,KOR,THA,902129
10550578,124,216,9746,2015,0.0,944.0,0.317355,1.330374,LBN,THA,902129
10550579,138,216,9746,2015,1533.0,0.0,1.169724,0.61457,MEX,THA,902129
10550580,153,216,9746,2015,70744.0,5638.0,1.082803,0.811615,MYS,THA,902129
10550581,156,216,9746,2015,0.0,9364.0,-0.727911,-0.844562,NCL,THA,902129
10550582,162,216,9746,2015,308285.0,3830.0,1.230104,1.27344,NLD,THA,902129
10550583,163,216,9746,2015,0.0,63276.0,0.950708,0.314339,NOR,THA,902129
10550584,166,216,9746,2015,16604.0,0.0,0.224598,0.253179,NZL,THA,902129
10550585,168,216,9746,2015,3509.0,0.0,-0.7059979999999999,0.73501,PAK,THA,902129
10550586,192,216,9746,2015,17909.0,6726.0,2.05613,0.593065,SGP,THA,902129
10550587,208,216,9746,2015,12692.0,11957.0,1.8068349999999997,0.693389,SWE,THA,902129
10550588,224,216,9746,2015,2824.0,0.0,0.438669,2.519632,TUR,THA,902129
10550589,231,216,9746,2015,1651720.0,248787.0,1.720478,-0.129322,USA,THA,902129
10550590,239,216,9746,2015,0.0,7571.0,-0.17108900000000002,1.10995,VNM,THA,902129
10550591,249,216,9746,2015,72976.0,1027.0,1.962832,1.214982,TWN,THA,902129
10550592,18,222,9746,2015,0.0,3799.0,1.329866,1.100641,BEL,TTO,902129
10550593,32,222,9746,2015,3788.0,0.0,0.23656799999999997,0.688607,BRA,TTO,902129
10550594,33,222,9746,2015,2315.0,0.0,0.453689,0.039237,BRB,TTO,902129
10550595,64,222,9746,2015,0.0,32540.0,1.157924,1.2045629999999998,DNK,TTO,902129
10550596,77,222,9746,2015,1225.0,0.0,1.479792,0.6490239999999999,FRA,TTO,902129
10550597,81,222,9746,2015,0.0,33556.0,1.7422990000000003,0.75838,GBR,TTO,902129
10550598,91,222,9746,2015,0.0,1815.0,0.296552,-0.335908,GRD,TTO,902129
10550599,121,222,9746,2015,23949.0,0.0,1.900653,0.859406,KOR,TTO,902129
10550600,224,222,9746,2015,0.0,12425.0,0.438669,2.519632,TUR,TTO,902129
10550601,231,222,9746,2015,57755.0,400774.0,1.720478,-0.129322,USA,TTO,902129
10550602,4,224,9746,2015,0.0,5858.0,-0.601875,-0.27003,ALB,TUR,902129
10550603,7,224,9746,2015,7360.0,2472.0,0.21779600000000002,-0.0047420000000000006,ARE,TUR,902129
10550604,8,224,9746,2015,2406.0,0.0,0.116896,0.30330999999999997,ARG,TUR,902129
10550605,15,224,9746,2015,4613.0,54626.0,1.747098,-0.08026699999999999,AUT,TUR,902129
10550606,16,224,9746,2015,0.0,322962.0,-0.983347,-1.231542,AZE,TUR,902129
10550607,18,224,9746,2015,217735.0,85497.0,1.329866,1.100641,BEL,TUR,902129
10550608,23,224,9746,2015,0.0,1935.0,0.45640699999999995,1.691455,BGR,TUR,902129
10550609,24,224,9746,2015,0.0,5257.0,0.36650900000000003,-0.28735,BHR,TUR,902129
10550610,32,224,9746,2015,341538.0,25361.0,0.23656799999999997,0.688607,BRA,TUR,902129
10550611,39,224,9746,2015,9719.0,0.0,0.695867,1.171676,CAN,TUR,902129
10550612,41,224,9746,2015,9699408.0,3563.0,2.306075,0.720781,CHE,TUR,902129
10550613,43,224,9746,2015,263003.0,34141.0,1.077143,1.735757,CHN,TUR,902129
10550614,49,224,9746,2015,0.0,400075.0,0.156383,-0.183055,COL,TUR,902129
10550615,58,224,9746,2015,0.0,3265.0,0.511225,-0.207261,CYP,TUR,902129
10550616,59,224,9746,2015,212689.0,0.0,1.743012,0.45424,CZE,TUR,902129
10550617,61,224,9746,2015,13890154.0,325398.0,2.203818,-2.307561,DEU,TUR,902129
10550618,64,224,9746,2015,20586.0,3160.0,1.157924,1.2045629999999998,DNK,TUR,902129
10550619,66,224,9746,2015,0.0,29112.0,-1.54346,-1.255633,DZA,TUR,902129
10550620,68,224,9746,2015,0.0,83002.0,-0.183053,1.765036,EGY,TUR,902129
10550621,71,224,9746,2015,222289.0,2473.0,0.8173590000000001,2.442556,ESP,TUR,902129
10550622,74,224,9746,2015,10694.0,0.0,1.597817,0.998059,FIN,TUR,902129
10550623,77,224,9746,2015,567325.0,251553.0,1.479792,0.6490239999999999,FRA,TUR,902129
10550624,81,224,9746,2015,21429.0,127555.0,1.7422990000000003,0.75838,GBR,TUR,902129
10550625,82,224,9746,2015,0.0,2421.0,-0.343663,-0.588017,GEO,TUR,902129
10550626,90,224,9746,2015,0.0,16666.0,0.099027,1.012289,GRC,TUR,902129
10550627,102,224,9746,2015,113731.0,3647.0,1.462839,0.803258,HUN,TUR,902129
10550628,104,224,9746,2015,5148.0,46901.0,0.24230900000000002,2.8190880000000003,IND,TUR,902129
10550629,106,224,9746,2015,0.0,7510.0,1.304942,0.126431,IRL,TUR,902129
10550630,107,224,9746,2015,40009.0,426417.0,-0.258946,-0.0073420000000000004,IRN,TUR,902129
10550631,110,224,9746,2015,2886153.0,89798.0,1.260071,0.545545,ISR,TUR,902129
10550632,111,224,9746,2015,1338284.0,111149.0,1.321127,0.747046,ITA,TUR,902129
10550633,113,224,9746,2015,0.0,13734.0,0.121172,0.457301,JOR,TUR,902129
10550634,114,224,9746,2015,273172.0,0.0,2.516133,-0.484202,JPN,TUR,902129
10550635,121,224,9746,2015,4373813.0,39700.0,1.900653,0.859406,KOR,TUR,902129
10550636,124,224,9746,2015,0.0,4349.0,0.317355,1.330374,LBN,TUR,902129
10550637,126,224,9746,2015,0.0,39034.0,-1.3257219999999998,-1.260453,LBY,TUR,902129
10550638,130,224,9746,2015,163021.0,0.0,0.749429,1.3659860000000001,LTU,TUR,902129
10550639,132,224,9746,2015,38023.0,0.0,0.602209,1.125357,LVA,TUR,902129
10550640,138,224,9746,2015,664574.0,0.0,1.169724,0.61457,MEX,TUR,902129
10550641,140,224,9746,2015,0.0,5350.0,-0.09009600000000001,-0.147359,MKD,TUR,902129
10550642,142,224,9746,2015,0.0,7027.0,0.880893,-0.117585,MLT,TUR,902129
10550643,148,224,9746,2015,0.0,5458.0,-1.5597450000000002,-1.3209229999999998,MRT,TUR,902129
10550644,153,224,9746,2015,0.0,29875.0,1.082803,0.811615,MYS,TUR,902129
10550645,159,224,9746,2015,0.0,1851.0,-1.415451,-1.157829,NGA,TUR,902129
10550646,162,224,9746,2015,1628643.0,8721.0,1.230104,1.27344,NLD,TUR,902129
10550647,163,224,9746,2015,5316.0,2012.0,0.950708,0.314339,NOR,TUR,902129
10550648,168,224,9746,2015,0.0,1772.0,-0.7059979999999999,0.73501,PAK,TUR,902129
10550649,177,224,9746,2015,0.0,1552.0,1.145844,1.1449280000000002,POL,TUR,902129
10550650,181,224,9746,2015,0.0,647.0,0.060575,0.5649489999999999,PSE,TUR,902129
10550651,185,224,9746,2015,0.0,35548.0,0.946363,1.056775,ROU,TUR,902129
10550652,188,224,9746,2015,0.0,30937.0,0.5552520000000001,-0.7263229999999999,SAU,TUR,902129
10550653,191,224,9746,2015,0.0,2066.0,-0.708349,-0.296663,SEN,TUR,902129
10550654,206,224,9746,2015,0.0,17597.0,1.287133,0.7900560000000001,SVK,TUR,902129
10550655,208,224,9746,2015,872585.0,6326.0,1.8068349999999997,0.693389,SWE,TUR,902129
10550656,216,224,9746,2015,0.0,2824.0,0.965888,1.368572,THA,TUR,902129
10550657,222,224,9746,2015,12425.0,0.0,-0.462837,-1.117621,TTO,TUR,902129
10550658,228,224,9746,2015,0.0,11647.0,0.429879,0.701813,UKR,TUR,902129
10550659,231,224,9746,2015,6004212.0,75667.0,1.720478,-0.129322,USA,TUR,902129
10550660,246,224,9746,2015,66170.0,22585.0,0.24944699999999997,1.7573159999999999,ZAF,TUR,902129
10550661,249,224,9746,2015,167744.0,0.0,1.962832,1.214982,TWN,TUR,902129
10550662,18,228,9746,2015,20052.0,0.0,1.329866,1.100641,BEL,UKR,902129
10550663,39,228,9746,2015,0.0,808.0,0.695867,1.171676,CAN,UKR,902129
10550664,41,228,9746,2015,505312.0,0.0,2.306075,0.720781,CHE,UKR,902129
10550665,43,228,9746,2015,10731.0,0.0,1.077143,1.735757,CHN,UKR,902129
10550666,59,228,9746,2015,28236.0,0.0,1.743012,0.45424,CZE,UKR,902129
10550667,61,228,9746,2015,1551494.0,1181.0,2.203818,-2.307561,DEU,UKR,902129
10550668,71,228,9746,2015,23996.0,0.0,0.8173590000000001,2.442556,ESP,UKR,902129
10550669,77,228,9746,2015,58455.0,10038.0,1.479792,0.6490239999999999,FRA,UKR,902129
10550670,81,228,9746,2015,0.0,3578.0,1.7422990000000003,0.75838,GBR,UKR,902129
10550671,110,228,9746,2015,546622.0,0.0,1.260071,0.545545,ISR,UKR,902129
10550672,111,228,9746,2015,104116.0,0.0,1.321127,0.747046,ITA,UKR,902129
10550673,114,228,9746,2015,9104.0,0.0,2.516133,-0.484202,JPN,UKR,902129
10550674,121,228,9746,2015,1886484.0,0.0,1.900653,0.859406,KOR,UKR,902129
10550675,130,228,9746,2015,11925.0,0.0,0.749429,1.3659860000000001,LTU,UKR,902129
10550676,135,228,9746,2015,0.0,1288.0,-0.313837,-0.20393,MDA,UKR,902129
10550677,162,228,9746,2015,666799.0,0.0,1.230104,1.27344,NLD,UKR,902129
10550678,177,228,9746,2015,11346.0,1362.0,1.145844,1.1449280000000002,POL,UKR,902129
10550679,186,228,9746,2015,1383.0,396181.0,0.23119,0.035965,RUS,UKR,902129
10550680,208,228,9746,2015,58760.0,0.0,1.8068349999999997,0.693389,SWE,UKR,902129
10550681,224,228,9746,2015,11647.0,0.0,0.438669,2.519632,TUR,UKR,902129
10550682,231,228,9746,2015,878545.0,0.0,1.720478,-0.129322,USA,UKR,902129
10550683,8,230,9746,2015,22813.0,0.0,0.116896,0.30330999999999997,ARG,URY,902129
10550684,32,230,9746,2015,60769.0,0.0,0.23656799999999997,0.688607,BRA,URY,902129
10550685,41,230,9746,2015,148470.0,0.0,2.306075,0.720781,CHE,URY,902129
10550686,43,230,9746,2015,46853.0,0.0,1.077143,1.735757,CHN,URY,902129
10550687,61,230,9746,2015,21828.0,0.0,2.203818,-2.307561,DEU,URY,902129
10550688,71,230,9746,2015,207434.0,0.0,0.8173590000000001,2.442556,ESP,URY,902129
10550689,77,230,9746,2015,6475.0,0.0,1.479792,0.6490239999999999,FRA,URY,902129
10550690,110,230,9746,2015,142438.0,0.0,1.260071,0.545545,ISR,URY,902129
10550691,111,230,9746,2015,2095.0,0.0,1.321127,0.747046,ITA,URY,902129
10550692,121,230,9746,2015,4267.0,0.0,1.900653,0.859406,KOR,URY,902129
10550693,162,230,9746,2015,5730.0,0.0,1.230104,1.27344,NLD,URY,902129
10550694,231,230,9746,2015,195404.0,0.0,1.720478,-0.129322,USA,URY,902129
10550695,249,230,9746,2015,12859.0,0.0,1.962832,1.214982,TWN,URY,902129
10550696,0,231,9746,2015,0.0,13180.0,0.8526809999999999,-0.043541,ABW,USA,902129
10550697,1,231,9746,2015,0.0,5025.0,-1.249655,-0.9094459999999999,AFG,USA,902129
10550698,4,231,9746,2015,0.0,7219.0,-0.601875,-0.27003,ALB,USA,902129
10550699,5,231,9746,2015,141439.0,0.0,0.850153,0.383793,AND,USA,902129
10550700,7,231,9746,2015,0.0,3483546.0,0.21779600000000002,-0.0047420000000000006,ARE,USA,902129
10550701,8,231,9746,2015,3897.0,2195178.0,0.116896,0.30330999999999997,ARG,USA,902129
10550702,9,231,9746,2015,0.0,13436.0,0.037579,-0.42448800000000003,ARM,USA,902129
10550703,13,231,9746,2015,0.0,4133.0,0.43318,-0.552045,ATG,USA,902129
10550704,14,231,9746,2015,231366.0,13040287.0,-0.292325,-0.043489,AUS,USA,902129
10550705,15,231,9746,2015,1048148.0,153584.0,1.747098,-0.08026699999999999,AUT,USA,902129
10550706,16,231,9746,2015,0.0,88012.0,-0.983347,-1.231542,AZE,USA,902129
10550707,18,231,9746,2015,72529.0,2594986.0,1.329866,1.100641,BEL,USA,902129
10550708,22,231,9746,2015,0.0,7941.0,-1.088465,-0.8745360000000001,BGD,USA,902129
10550709,23,231,9746,2015,2782.0,350873.0,0.45640699999999995,1.691455,BGR,USA,902129
10550710,24,231,9746,2015,0.0,150002.0,0.36650900000000003,-0.28735,BHR,USA,902129
10550711,25,231,9746,2015,0.0,41323.0,0.669493,-0.37838099999999997,BHS,USA,902129
10550712,26,231,9746,2015,0.0,15238.0,0.355903,0.723092,BIH,USA,902129
10550713,28,231,9746,2015,0.0,15368.0,0.672499,0.5584020000000001,BLR,USA,902129
10550714,30,231,9746,2015,42724.0,57335.0,0.974592,-0.636426,BMU,USA,902129
10550715,31,231,9746,2015,0.0,103830.0,-1.051562,-1.067714,BOL,USA,902129
10550716,32,231,9746,2015,2417200.0,4516574.0,0.23656799999999997,0.688607,BRA,USA,902129
10550717,33,231,9746,2015,0.0,9022.0,0.453689,0.039237,BRB,USA,902129
10550718,34,231,9746,2015,0.0,27658.0,1.093564,-0.679211,BRN,USA,902129
10550719,39,231,9746,2015,2693247.0,52333884.0,0.695867,1.171676,CAN,USA,902129
10550720,41,231,9746,2015,72568896.0,17885596.0,2.306075,0.720781,CHE,USA,902129
10550721,42,231,9746,2015,25574.0,6707516.0,-0.356167,-0.47629399999999994,CHL,USA,902129
10550722,43,231,9746,2015,5599806.0,12078516.0,1.077143,1.735757,CHN,USA,902129
10550723,49,231,9746,2015,3473.0,7868676.0,0.156383,-0.183055,COL,USA,902129
10550724,52,231,9746,2015,11175.0,1157826.0,0.24859699999999998,-0.033143,CRI,USA,902129
10550725,57,231,9746,2015,0.0,28845.0,0.275472,-0.831835,CYM,USA,902129
10550726,58,231,9746,2015,0.0,27717.0,0.511225,-0.207261,CYP,USA,902129
10550727,59,231,9746,2015,6083.0,264141.0,1.743012,0.45424,CZE,USA,902129
10550728,61,231,9746,2015,22820450.0,28052664.0,2.203818,-2.307561,DEU,USA,902129
10550729,64,231,9746,2015,287245.0,100387.0,1.157924,1.2045629999999998,DNK,USA,902129
10550730,65,231,9746,2015,6757.0,378629.0,-0.212808,0.395873,DOM,USA,902129
10550731,66,231,9746,2015,0.0,6829.0,-1.54346,-1.255633,DZA,USA,902129
10550732,67,231,9746,2015,0.0,810462.0,-0.9845959999999999,-1.075639,ECU,USA,902129
10550733,68,231,9746,2015,0.0,1302159.0,-0.183053,1.765036,EGY,USA,902129
10550734,71,231,9746,2015,19719546.0,15603688.0,0.8173590000000001,2.442556,ESP,USA,902129
10550735,72,231,9746,2015,0.0,10343.0,0.9281149999999999,1.1780389999999998,EST,USA,902129
10550736,73,231,9746,2015,0.0,34200.0,-1.004896,-0.721019,ETH,USA,902129
10550737,74,231,9746,2015,5426.0,488969.0,1.597817,0.998059,FIN,USA,902129
10550738,75,231,9746,2015,0.0,895.0,-0.481968,-0.201468,FJI,USA,902129
10550739,77,231,9746,2015,623176.0,28198048.0,1.479792,0.6490239999999999,FRA,USA,902129
10550740,81,231,9746,2015,741240.0,15438791.0,1.7422990000000003,0.75838,GBR,USA,902129
10550741,82,231,9746,2015,0.0,6145.0,-0.343663,-0.588017,GEO,USA,902129
10550742,83,231,9746,2015,0.0,14833.0,-0.750568,-0.690257,GHA,USA,902129
10550743,90,231,9746,2015,6603.0,455601.0,0.099027,1.012289,GRC,USA,902129
10550744,93,231,9746,2015,0.0,85548.0,-0.284403,0.525564,GTM,USA,902129
10550745,96,231,9746,2015,0.0,164857.0,-1.018758,-1.056085,GUY,USA,902129
10550746,97,231,9746,2015,59529.0,2665539.0,0.8255290000000001,1.8017279999999998,HKG,USA,902129
10550747,99,231,9746,2015,0.0,83772.0,-0.578635,-0.292053,HND,USA,902129
10550748,100,231,9746,2015,0.0,159524.0,0.7590140000000001,1.257415,HRV,USA,902129
10550749,102,231,9746,2015,121947.0,499347.0,1.462839,0.803258,HUN,USA,902129
10550750,103,231,9746,2015,19557.0,13039.0,-0.145103,1.277362,IDN,USA,902129
10550751,104,231,9746,2015,64110.0,2594266.0,0.24230900000000002,2.8190880000000003,IND,USA,902129
10550752,106,231,9746,2015,26544.0,1926685.0,1.304942,0.126431,IRL,USA,902129
10550753,107,231,9746,2015,0.0,1617125.0,-0.258946,-0.0073420000000000004,IRN,USA,902129
10550754,108,231,9746,2015,0.0,60308.0,-1.465803,-0.912113,IRQ,USA,902129
10550755,109,231,9746,2015,2402.0,5744.0,0.24527600000000002,-0.411616,ISL,USA,902129
10550756,110,231,9746,2015,3620877.0,6694514.0,1.260071,0.545545,ISR,USA,902129
10550757,111,231,9746,2015,2210079.0,25130766.0,1.321127,0.747046,ITA,USA,902129
10550758,112,231,9746,2015,2790.0,62728.0,-0.438267,-0.828097,JAM,USA,902129
10550759,113,231,9746,2015,0.0,1613779.0,0.121172,0.457301,JOR,USA,902129
10550760,114,231,9746,2015,3326047.0,24865146.0,2.516133,-0.484202,JPN,USA,902129
10550761,115,231,9746,2015,0.0,95009.0,-0.45091499999999995,-0.652026,KAZ,USA,902129
10550762,116,231,9746,2015,0.0,8603.0,-0.453564,0.433325,KEN,USA,902129
10550763,120,231,9746,2015,0.0,2477.0,0.8252430000000001,-0.436662,KNA,USA,902129
10550764,121,231,9746,2015,14877383.0,10483753.0,1.900653,0.859406,KOR,USA,902129
10550765,122,231,9746,2015,0.0,1596190.0,-0.352023,-1.153057,KWT,USA,902129
10550766,123,231,9746,2015,0.0,11478.0,-0.927524,-0.74525,LAO,USA,902129
10550767,124,231,9746,2015,0.0,1379750.0,0.317355,1.330374,LBN,USA,902129
10550768,126,231,9746,2015,0.0,15696.0,-1.3257219999999998,-1.260453,LBY,USA,902129
10550769,127,231,9746,2015,0.0,7456.0,0.5410590000000001,-0.484234,LCA,USA,902129
10550770,128,231,9746,2015,0.0,20476.0,-0.6773399999999999,0.386343,LKA,USA,902129
10550771,130,231,9746,2015,6746.0,128444.0,0.749429,1.3659860000000001,LTU,USA,902129
10550772,131,231,9746,2015,6554.0,5348.0,1.218924,1.247152,LUX,USA,902129
10550773,132,231,9746,2015,0.0,14092.0,0.602209,1.125357,LVA,USA,902129
10550774,134,231,9746,2015,0.0,650845.0,-0.7554810000000001,-0.059697,MAR,USA,902129
10550775,137,231,9746,2015,0.0,2424.0,-0.321571,-0.858751,MDV,USA,902129
10550776,138,231,9746,2015,88536856.0,15792213.0,1.169724,0.61457,MEX,USA,902129
10550777,140,231,9746,2015,0.0,14931.0,-0.09009600000000001,-0.147359,MKD,USA,902129
10550778,142,231,9746,2015,0.0,7512.0,0.880893,-0.117585,MLT,USA,902129
10550779,145,231,9746,2015,0.0,16579.0,-1.244368,-1.196677,MNG,USA,902129
10550780,151,231,9746,2015,0.0,29474.0,-0.231762,-0.195051,MUS,USA,902129
10550781,153,231,9746,2015,134654.0,711590.0,1.082803,0.811615,MYS,USA,902129
10550782,156,231,9746,2015,0.0,32397.0,-0.727911,-0.844562,NCL,USA,902129
10550783,159,231,9746,2015,0.0,43935.0,-1.415451,-1.157829,NGA,USA,902129
10550784,160,231,9746,2015,0.0,126764.0,-1.102989,-0.952276,NIC,USA,902129
10550785,162,231,9746,2015,9457524.0,31373698.0,1.230104,1.27344,NLD,USA,902129
10550786,163,231,9746,2015,53762.0,158955.0,0.950708,0.314339,NOR,USA,902129
10550787,164,231,9746,2015,0.0,3951.0,-0.290416,0.456716,NPL,USA,902129
10550788,166,231,9746,2015,459146.0,734542.0,0.224598,0.253179,NZL,USA,902129
10550789,167,231,9746,2015,0.0,282182.0,-0.4699,-1.00451,OMN,USA,902129
10550790,168,231,9746,2015,8876.0,251827.0,-0.7059979999999999,0.73501,PAK,USA,902129
10550791,169,231,9746,2015,0.0,1064343.0,0.642058,0.833392,PAN,USA,902129
10550792,173,231,9746,2015,0.0,522009.0,-0.6007819999999999,0.32152800000000004,PER,USA,902129
10550793,174,231,9746,2015,609343.0,141403.0,0.6406270000000001,0.45770200000000005,PHL,USA,902129
10550794,177,231,9746,2015,40149.0,1820846.0,1.145844,1.1449280000000002,POL,USA,902129
10550795,179,231,9746,2015,1036.0,62969.0,0.561922,2.2276380000000002,PRT,USA,902129
10550796,180,231,9746,2015,0.0,293106.0,-0.471106,-0.9431139999999999,PRY,USA,902129
10550797,181,231,9746,2015,0.0,1944.0,0.060575,0.5649489999999999,PSE,USA,902129
10550798,182,231,9746,2015,0.0,31359.0,-0.301696,-0.795154,PYF,USA,902129
10550799,183,231,9746,2015,0.0,330252.0,-0.077053,-0.9922719999999999,QAT,USA,902129
10550800,185,231,9746,2015,3372.0,431632.0,0.946363,1.056775,ROU,USA,902129
10550801,186,231,9746,2015,0.0,1092808.0,0.23119,0.035965,RUS,USA,902129
10550802,188,231,9746,2015,46358.0,4915828.0,0.5552520000000001,-0.7263229999999999,SAU,USA,902129
10550803,191,231,9746,2015,0.0,1104.0,-0.708349,-0.296663,SEN,USA,902129
10550804,192,231,9746,2015,14340.0,2963182.0,2.05613,0.593065,SGP,USA,902129
10550805,197,231,9746,2015,0.0,91446.0,0.05531900000000001,0.169073,SLV,USA,902129
10550806,201,231,9746,2015,0.0,98898.0,0.457042,1.324908,SRB,USA,902129
10550807,205,231,9746,2015,94532.0,0.0,-0.570361,-1.005072,SUR,USA,902129
10550808,206,231,9746,2015,0.0,87766.0,1.287133,0.7900560000000001,SVK,USA,902129
10550809,207,231,9746,2015,11087.0,57254.0,1.6089879999999999,0.833616,SVN,USA,902129
10550810,208,231,9746,2015,30966070.0,4240166.0,1.8068349999999997,0.693389,SWE,USA,902129
10550811,210,231,9746,2015,0.0,6721.0,0.945973,-0.7548229999999999,SXM,USA,902129
10550812,212,231,9746,2015,0.0,6289.0,-0.603532,0.313216,SYR,USA,902129
10550813,216,231,9746,2015,248787.0,1651720.0,0.965888,1.368572,THA,USA,902129
10550814,222,231,9746,2015,400774.0,57755.0,-0.462837,-1.117621,TTO,USA,902129
10550815,223,231,9746,2015,0.0,286075.0,0.140202,0.967591,TUN,USA,902129
10550816,224,231,9746,2015,75667.0,6004212.0,0.438669,2.519632,TUR,USA,902129
10550817,226,231,9746,2015,0.0,5355.0,-1.02395,-0.017509999999999998,TZA,USA,902129
10550818,228,231,9746,2015,0.0,878545.0,0.429879,0.701813,UKR,USA,902129
10550819,230,231,9746,2015,0.0,195404.0,0.273876,-0.363695,URY,USA,902129
10550820,236,231,9746,2015,0.0,1222751.0,-0.9249129999999999,-1.1877280000000001,VEN,USA,902129
10550821,239,231,9746,2015,388107.0,402159.0,-0.17108900000000002,1.10995,VNM,USA,902129
10550822,246,231,9746,2015,35005.0,1185291.0,0.24944699999999997,1.7573159999999999,ZAF,USA,902129
10550823,248,231,9746,2015,0.0,2625.0,-0.838017,-0.9400270000000001,ZWE,USA,902129
10550824,249,231,9746,2015,617033.0,4715118.0,1.962832,1.214982,TWN,USA,902129
10550825,32,236,9746,2015,20640.0,0.0,0.23656799999999997,0.688607,BRA,VEN,902129
10550826,43,236,9746,2015,1161209.0,0.0,1.077143,1.735757,CHN,VEN,902129
10550827,49,236,9746,2015,1995.0,0.0,0.156383,-0.183055,COL,VEN,902129
10550828,104,236,9746,2015,62135.0,0.0,0.24230900000000002,2.8190880000000003,IND,VEN,902129
10550829,110,236,9746,2015,15000.0,0.0,1.260071,0.545545,ISR,VEN,902129
10550830,162,236,9746,2015,131330.0,0.0,1.230104,1.27344,NLD,VEN,902129
10550831,169,236,9746,2015,7501.0,0.0,0.642058,0.833392,PAN,VEN,902129
10550832,231,236,9746,2015,1222751.0,0.0,1.720478,-0.129322,USA,VEN,902129
10550833,43,243,9746,2015,2189.0,0.0,1.077143,1.735757,CHN,YEM,902129
10550834,61,243,9746,2015,8466.0,0.0,2.203818,-2.307561,DEU,YEM,902129
10550835,77,243,9746,2015,1192.0,0.0,1.479792,0.6490239999999999,FRA,YEM,902129
10550836,111,243,9746,2015,1026.0,0.0,1.321127,0.747046,ITA,YEM,902129
10550837,113,243,9746,2015,10682.0,0.0,0.121172,0.457301,JOR,YEM,902129
10550838,121,243,9746,2015,20632.0,0.0,1.900653,0.859406,KOR,YEM,902129
10550839,168,243,9746,2015,15444.0,0.0,-0.7059979999999999,0.73501,PAK,YEM,902129
10550840,250,243,9746,2015,0.0,2158.0,0.377283,-0.092204,ANS,YEM,902129
10550841,7,246,9746,2015,33616.0,111414.0,0.21779600000000002,-0.0047420000000000006,ARE,ZAF,902129
10550842,14,246,9746,2015,27879.0,800607.0,-0.292325,-0.043489,AUS,ZAF,902129
10550843,15,246,9746,2015,22625.0,1930.0,1.747098,-0.08026699999999999,AUT,ZAF,902129
10550844,18,246,9746,2015,38916.0,66492.0,1.329866,1.100641,BEL,ZAF,902129
10550845,32,246,9746,2015,13429.0,0.0,0.23656799999999997,0.688607,BRA,ZAF,902129
10550846,37,246,9746,2015,0.0,6218.0,-0.14164200000000002,-1.0372059999999999,BWA,ZAF,902129
10550847,39,246,9746,2015,37497.0,99902.0,0.695867,1.171676,CAN,ZAF,902129
10550848,41,246,9746,2015,799874.0,20864.0,2.306075,0.720781,CHE,ZAF,902129
10550849,43,246,9746,2015,170944.0,0.0,1.077143,1.735757,CHN,ZAF,902129
10550850,46,246,9746,2015,0.0,1869.0,-1.3921290000000002,-1.146549,COD,ZAF,902129
10550851,59,246,9746,2015,2832.0,0.0,1.743012,0.45424,CZE,ZAF,902129
10550852,61,246,9746,2015,866235.0,134836.0,2.203818,-2.307561,DEU,ZAF,902129
10550853,64,246,9746,2015,11062.0,0.0,1.157924,1.2045629999999998,DNK,ZAF,902129
10550854,68,246,9746,2015,0.0,5205.0,-0.183053,1.765036,EGY,ZAF,902129
10550855,71,246,9746,2015,18070.0,0.0,0.8173590000000001,2.442556,ESP,ZAF,902129
10550856,74,246,9746,2015,12560.0,0.0,1.597817,0.998059,FIN,ZAF,902129
10550857,77,246,9746,2015,45369.0,76946.0,1.479792,0.6490239999999999,FRA,ZAF,902129
10550858,81,246,9746,2015,80734.0,616539.0,1.7422990000000003,0.75838,GBR,ZAF,902129
10550859,83,246,9746,2015,0.0,1515.0,-0.750568,-0.690257,GHA,ZAF,902129
10550860,90,246,9746,2015,0.0,443267.0,0.099027,1.012289,GRC,ZAF,902129
10550861,97,246,9746,2015,4786.0,0.0,0.8255290000000001,1.8017279999999998,HKG,ZAF,902129
10550862,104,246,9746,2015,5969.0,0.0,0.24230900000000002,2.8190880000000003,IND,ZAF,902129
10550863,106,246,9746,2015,13452.0,0.0,1.304942,0.126431,IRL,ZAF,902129
10550864,110,246,9746,2015,126993.0,39501.0,1.260071,0.545545,ISR,ZAF,902129
10550865,111,246,9746,2015,76509.0,393937.0,1.321127,0.747046,ITA,ZAF,902129
10550866,114,246,9746,2015,12009.0,0.0,2.516133,-0.484202,JPN,ZAF,902129
10550867,116,246,9746,2015,0.0,12021.0,-0.453564,0.433325,KEN,ZAF,902129
10550868,121,246,9746,2015,212012.0,0.0,1.900653,0.859406,KOR,ZAF,902129
10550869,129,246,9746,2015,0.0,247596.0,-0.910168,-0.870865,LSO,ZAF,902129
10550870,138,246,9746,2015,212177.0,0.0,1.169724,0.61457,MEX,ZAF,902129
10550871,147,246,9746,2015,0.0,4681.0,-1.293809,-1.115069,MOZ,ZAF,902129
10550872,151,246,9746,2015,2949.0,81644.0,-0.231762,-0.195051,MUS,ZAF,902129
10550873,155,246,9746,2015,1317.0,133011.0,-0.43457399999999996,-0.665655,NAM,ZAF,902129
10550874,159,246,9746,2015,0.0,18827.0,-1.415451,-1.157829,NGA,ZAF,902129
10550875,162,246,9746,2015,399928.0,50933.0,1.230104,1.27344,NLD,ZAF,902129
10550876,166,246,9746,2015,0.0,104559.0,0.224598,0.253179,NZL,ZAF,902129
10550877,168,246,9746,2015,7843.0,0.0,-0.7059979999999999,0.73501,PAK,ZAF,902129
10550878,179,246,9746,2015,0.0,23872.0,0.561922,2.2276380000000002,PRT,ZAF,902129
10550879,185,246,9746,2015,4693.0,0.0,0.946363,1.056775,ROU,ZAF,902129
10550880,186,246,9746,2015,0.0,67234.0,0.23119,0.035965,RUS,ZAF,902129
10550881,192,246,9746,2015,0.0,5194.0,2.05613,0.593065,SGP,ZAF,902129
10550882,208,246,9746,2015,43224.0,78460.0,1.8068349999999997,0.693389,SWE,ZAF,902129
10550883,209,246,9746,2015,0.0,1124.0,0.257467,-0.402491,SWZ,ZAF,902129
10550884,224,246,9746,2015,22585.0,66170.0,0.438669,2.519632,TUR,ZAF,902129
10550885,226,246,9746,2015,0.0,32610.0,-1.02395,-0.017509999999999998,TZA,ZAF,902129
10550886,231,246,9746,2015,1185291.0,35005.0,1.720478,-0.129322,USA,ZAF,902129
10550887,247,246,9746,2015,0.0,2732.0,-0.44792,-0.769586,ZMB,ZAF,902129
10550888,248,246,9746,2015,0.0,87768.0,-0.838017,-0.9400270000000001,ZWE,ZAF,902129
10550889,249,246,9746,2015,22427.0,0.0,1.962832,1.214982,TWN,ZAF,902129
10550890,250,246,9746,2015,0.0,3428.0,0.377283,-0.092204,ANS,ZAF,902129
10550891,7,249,9746,2015,0.0,57767.0,0.21779600000000002,-0.0047420000000000006,ARE,TWN,902129
10550892,14,249,9746,2015,4958.0,491254.0,-0.292325,-0.043489,AUS,TWN,902129
10550893,15,249,9746,2015,27847.0,148539.0,1.747098,-0.08026699999999999,AUT,TWN,902129
10550894,18,249,9746,2015,2586.0,4553.0,1.329866,1.100641,BEL,TWN,902129
10550895,23,249,9746,2015,0.0,1731.0,0.45640699999999995,1.691455,BGR,TWN,902129
10550896,26,249,9746,2015,0.0,370.0,0.355903,0.723092,BIH,TWN,902129
10550897,32,249,9746,2015,7851.0,12757.0,0.23656799999999997,0.688607,BRA,TWN,902129
10550898,39,249,9746,2015,4726.0,342526.0,0.695867,1.171676,CAN,TWN,902129
10550899,41,249,9746,2015,4747202.0,788458.0,2.306075,0.720781,CHE,TWN,902129
10550900,43,249,9746,2015,123572.0,336085.0,1.077143,1.735757,CHN,TWN,902129
10550901,59,249,9746,2015,5775.0,0.0,1.743012,0.45424,CZE,TWN,902129
10550902,61,249,9746,2015,6521590.0,74771.0,2.203818,-2.307561,DEU,TWN,902129
10550903,64,249,9746,2015,37601.0,14699.0,1.157924,1.2045629999999998,DNK,TWN,902129
10550904,71,249,9746,2015,8408.0,39806.0,0.8173590000000001,2.442556,ESP,TWN,902129
10550905,74,249,9746,2015,2348.0,0.0,1.597817,0.998059,FIN,TWN,902129
10550906,77,249,9746,2015,1127374.0,62953.0,1.479792,0.6490239999999999,FRA,TWN,902129
10550907,81,249,9746,2015,23302.0,107261.0,1.7422990000000003,0.75838,GBR,TWN,902129
10550908,90,249,9746,2015,0.0,11993.0,0.099027,1.012289,GRC,TWN,902129
10550909,97,249,9746,2015,81170.0,85384.0,0.8255290000000001,1.8017279999999998,HKG,TWN,902129
10550910,100,249,9746,2015,0.0,4713.0,0.7590140000000001,1.257415,HRV,TWN,902129
10550911,102,249,9746,2015,0.0,4042.0,1.462839,0.803258,HUN,TWN,902129
10550912,103,249,9746,2015,0.0,21220.0,-0.145103,1.277362,IDN,TWN,902129
10550913,104,249,9746,2015,2265.0,280629.0,0.24230900000000002,2.8190880000000003,IND,TWN,902129
10550914,107,249,9746,2015,0.0,23754.0,-0.258946,-0.0073420000000000004,IRN,TWN,902129
10550915,110,249,9746,2015,343070.0,190045.0,1.260071,0.545545,ISR,TWN,902129
10550916,111,249,9746,2015,457978.0,53683.0,1.321127,0.747046,ITA,TWN,902129
10550917,114,249,9746,2015,1229344.0,175089.0,2.516133,-0.484202,JPN,TWN,902129
10550918,121,249,9746,2015,6888020.0,483916.0,1.900653,0.859406,KOR,TWN,902129
10550919,124,249,9746,2015,0.0,10594.0,0.317355,1.330374,LBN,TWN,902129
10550920,128,249,9746,2015,0.0,7391.0,-0.6773399999999999,0.386343,LKA,TWN,902129
10550921,130,249,9746,2015,1844.0,0.0,0.749429,1.3659860000000001,LTU,TWN,902129
10550922,133,249,9746,2015,0.0,31908.0,0.296288,0.32009499999999996,MAC,TWN,902129
10550923,134,249,9746,2015,0.0,11985.0,-0.7554810000000001,-0.059697,MAR,TWN,902129
10550924,138,249,9746,2015,2044774.0,9813.0,1.169724,0.61457,MEX,TWN,902129
10550925,153,249,9746,2015,5132.0,56947.0,1.082803,0.811615,MYS,TWN,902129
10550926,162,249,9746,2015,3602354.0,426058.0,1.230104,1.27344,NLD,TWN,902129
10550927,168,249,9746,2015,43826.0,0.0,-0.7059979999999999,0.73501,PAK,TWN,902129
10550928,177,249,9746,2015,0.0,5547.0,1.145844,1.1449280000000002,POL,TWN,902129
10550929,179,249,9746,2015,0.0,1797.0,0.561922,2.2276380000000002,PRT,TWN,902129
10550930,186,249,9746,2015,0.0,12818.0,0.23119,0.035965,RUS,TWN,902129
10550931,192,249,9746,2015,3493.0,17463.0,2.05613,0.593065,SGP,TWN,902129
10550932,203,249,9746,2015,0.0,4017.0,1.051934,-0.304408,STP,TWN,902129
10550933,208,249,9746,2015,803650.0,97252.0,1.8068349999999997,0.693389,SWE,TWN,902129
10550934,216,249,9746,2015,1027.0,72976.0,0.965888,1.368572,THA,TWN,902129
10550935,224,249,9746,2015,0.0,167744.0,0.438669,2.519632,TUR,TWN,902129
10550936,230,249,9746,2015,0.0,12859.0,0.273876,-0.363695,URY,TWN,902129
10550937,231,249,9746,2015,4715118.0,617033.0,1.720478,-0.129322,USA,TWN,902129
10550938,239,249,9746,2015,0.0,159176.0,-0.17108900000000002,1.10995,VNM,TWN,902129
10550939,246,249,9746,2015,0.0,22427.0,0.24944699999999997,1.7573159999999999,ZAF,TWN,902129
10550940,250,249,9746,2015,24143.0,0.0,0.377283,-0.092204,ANS,TWN,902129
10550941,0,250,9746,2015,0.0,30344.0,0.8526809999999999,-0.043541,ABW,ANS,902129
10550942,5,250,9746,2015,196054.0,25964.0,0.850153,0.383793,AND,ANS,902129
10550943,14,250,9746,2015,1134.0,0.0,-0.292325,-0.043489,AUS,ANS,902129
10550944,32,250,9746,2015,0.0,20393.0,0.23656799999999997,0.688607,BRA,ANS,902129
10550945,42,250,9746,2015,0.0,47009.0,-0.356167,-0.47629399999999994,CHL,ANS,902129
10550946,71,250,9746,2015,0.0,118561.0,0.8173590000000001,2.442556,ESP,ANS,902129
10550947,72,250,9746,2015,0.0,178454.0,0.9281149999999999,1.1780389999999998,EST,ANS,902129
10550948,77,250,9746,2015,0.0,1184160.0,1.479792,0.6490239999999999,FRA,ANS,902129
10550949,100,250,9746,2015,0.0,1938.0,0.7590140000000001,1.257415,HRV,ANS,902129
10550950,104,250,9746,2015,0.0,21303.0,0.24230900000000002,2.8190880000000003,IND,ANS,902129
10550951,106,250,9746,2015,43874.0,79214.0,1.304942,0.126431,IRL,ANS,902129
10550952,110,250,9746,2015,1589000.0,0.0,1.260071,0.545545,ISR,ANS,902129
10550953,113,250,9746,2015,112107.0,0.0,0.121172,0.457301,JOR,ANS,902129
10550954,131,250,9746,2015,0.0,259500.0,1.218924,1.247152,LUX,ANS,902129
10550955,162,250,9746,2015,1109.0,11835.0,1.230104,1.27344,NLD,ANS,902129
10550956,169,250,9746,2015,1492.0,0.0,0.642058,0.833392,PAN,ANS,902129
10550957,177,250,9746,2015,0.0,15402.0,1.145844,1.1449280000000002,POL,ANS,902129
10550958,188,250,9746,2015,0.0,59557.0,0.5552520000000001,-0.7263229999999999,SAU,ANS,902129
10550959,206,250,9746,2015,0.0,1249934.0,1.287133,0.7900560000000001,SVK,ANS,902129
10550960,239,250,9746,2015,0.0,4174.0,-0.17108900000000002,1.10995,VNM,ANS,902129
10550961,243,250,9746,2015,2158.0,0.0,-1.048632,-1.10843,YEM,ANS,902129
10550962,246,250,9746,2015,3428.0,0.0,0.24944699999999997,1.7573159999999999,ZAF,ANS,902129
10550963,249,250,9746,2015,0.0,24143.0,1.962832,1.214982,TWN,ANS,902129
10550964,71,2,9746,2015,2508.0,0.0,0.8173590000000001,2.442556,ESP,AGO,902129
10550965,111,2,9746,2015,1735.0,0.0,1.321127,0.747046,ITA,AGO,902129
10550966,179,2,9746,2015,14028.0,0.0,0.561922,2.2276380000000002,PRT,AGO,902129
10550967,18,9,9746,2015,5271.0,0.0,1.329866,1.100641,BEL,ARM,902129
10550968,32,9,9746,2015,5173.0,0.0,0.23656799999999997,0.688607,BRA,ARM,902129
10550969,41,9,9746,2015,33560.0,0.0,2.306075,0.720781,CHE,ARM,902129
10550970,43,9,9746,2015,6710.0,0.0,1.077143,1.735757,CHN,ARM,902129
10550971,61,9,9746,2015,408009.0,0.0,2.203818,-2.307561,DEU,ARM,902129
10550972,77,9,9746,2015,263982.0,0.0,1.479792,0.6490239999999999,FRA,ARM,902129
10550973,97,9,9746,2015,4421.0,0.0,0.8255290000000001,1.8017279999999998,HKG,ARM,902129
10550974,110,9,9746,2015,30352.0,4799.0,1.260071,0.545545,ISR,ARM,902129
10550975,111,9,9746,2015,31206.0,0.0,1.321127,0.747046,ITA,ARM,902129
10550976,121,9,9746,2015,144483.0,0.0,1.900653,0.859406,KOR,ARM,902129
10550977,162,9,9746,2015,249632.0,0.0,1.230104,1.27344,NLD,ARM,902129
10550978,186,9,9746,2015,3462.0,0.0,0.23119,0.035965,RUS,ARM,902129
10550979,208,9,9746,2015,24705.0,0.0,1.8068349999999997,0.693389,SWE,ARM,902129
10550980,231,9,9746,2015,13436.0,0.0,1.720478,-0.129322,USA,ARM,902129
10550981,7,14,9746,2015,0.0,11622.0,0.21779600000000002,-0.0047420000000000006,ARE,AUS,902129
10550982,8,14,9746,2015,0.0,69477.0,0.116896,0.30330999999999997,ARG,AUS,902129
10550983,15,14,9746,2015,4942.0,6985.0,1.747098,-0.08026699999999999,AUT,AUS,902129
10550984,18,14,9746,2015,66598.0,0.0,1.329866,1.100641,BEL,AUS,902129
10550985,28,14,9746,2015,0.0,6824.0,0.672499,0.5584020000000001,BLR,AUS,902129
10550986,32,14,9746,2015,4751.0,0.0,0.23656799999999997,0.688607,BRA,AUS,902129
10550987,34,14,9746,2015,0.0,48689.0,1.093564,-0.679211,BRN,AUS,902129
10550988,39,14,9746,2015,101047.0,70041.0,0.695867,1.171676,CAN,AUS,902129
10550989,41,14,9746,2015,5017562.0,3488.0,2.306075,0.720781,CHE,AUS,902129
10550990,42,14,9746,2015,0.0,9894.0,-0.356167,-0.47629399999999994,CHL,AUS,902129
10550991,43,14,9746,2015,115032.0,96917.0,1.077143,1.735757,CHN,AUS,902129
10550992,49,14,9746,2015,0.0,1251.0,0.156383,-0.183055,COL,AUS,902129
10550993,59,14,9746,2015,1429.0,0.0,1.743012,0.45424,CZE,AUS,902129
10550994,61,14,9746,2015,989823.0,53945.0,2.203818,-2.307561,DEU,AUS,902129
10550995,64,14,9746,2015,70046.0,0.0,1.157924,1.2045629999999998,DNK,AUS,902129
10550996,68,14,9746,2015,28064.0,0.0,-0.183053,1.765036,EGY,AUS,902129
10550997,71,14,9746,2015,112415.0,0.0,0.8173590000000001,2.442556,ESP,AUS,902129
10550998,74,14,9746,2015,52668.0,0.0,1.597817,0.998059,FIN,AUS,902129
10550999,75,14,9746,2015,0.0,6366.0,-0.481968,-0.201468,FJI,AUS,902129
10551000,77,14,9746,2015,82733.0,12470.0,1.479792,0.6490239999999999,FRA,AUS,902129
10551001,81,14,9746,2015,243081.0,5198.0,1.7422990000000003,0.75838,GBR,AUS,902129
10551002,93,14,9746,2015,0.0,13904.0,-0.284403,0.525564,GTM,AUS,902129
10551003,97,14,9746,2015,57132.0,145688.0,0.8255290000000001,1.8017279999999998,HKG,AUS,902129
10551004,104,14,9746,2015,23638.0,51813.0,0.24230900000000002,2.8190880000000003,IND,AUS,902129
10551005,106,14,9746,2015,0.0,2678.0,1.304942,0.126431,IRL,AUS,902129
10551006,110,14,9746,2015,918364.0,3363.0,1.260071,0.545545,ISR,AUS,902129
10551007,111,14,9746,2015,171993.0,24223.0,1.321127,0.747046,ITA,AUS,902129
10551008,113,14,9746,2015,0.0,7935.0,0.121172,0.457301,JOR,AUS,902129
10551009,114,14,9746,2015,783275.0,723357.0,2.516133,-0.484202,JPN,AUS,902129
10551010,116,14,9746,2015,0.0,3836.0,-0.453564,0.433325,KEN,AUS,902129
10551011,121,14,9746,2015,1771511.0,27060.0,1.900653,0.859406,KOR,AUS,902129
10551012,122,14,9746,2015,0.0,16447.0,-0.352023,-1.153057,KWT,AUS,902129
10551013,130,14,9746,2015,1356.0,0.0,0.749429,1.3659860000000001,LTU,AUS,902129
10551014,134,14,9746,2015,1467.0,0.0,-0.7554810000000001,-0.059697,MAR,AUS,902129
10551015,138,14,9746,2015,11329617.0,2406.0,1.169724,0.61457,MEX,AUS,902129
10551016,140,14,9746,2015,0.0,3026.0,-0.09009600000000001,-0.147359,MKD,AUS,902129
10551017,153,14,9746,2015,182292.0,26980.0,1.082803,0.811615,MYS,AUS,902129
10551018,156,14,9746,2015,0.0,10628.0,-0.727911,-0.844562,NCL,AUS,902129
10551019,162,14,9746,2015,2925938.0,83507.0,1.230104,1.27344,NLD,AUS,902129
10551020,163,14,9746,2015,0.0,8181.0,0.950708,0.314339,NOR,AUS,902129
10551021,166,14,9746,2015,219423.0,3937209.0,0.224598,0.253179,NZL,AUS,902129
10551022,168,14,9746,2015,1933.0,1557.0,-0.7059979999999999,0.73501,PAK,AUS,902129
10551023,174,14,9746,2015,163627.0,6070.0,0.6406270000000001,0.45770200000000005,PHL,AUS,902129
10551024,177,14,9746,2015,1135.0,0.0,1.145844,1.1449280000000002,POL,AUS,902129
10551025,188,14,9746,2015,0.0,6853.0,0.5552520000000001,-0.7263229999999999,SAU,AUS,902129
10551026,192,14,9746,2015,82477.0,24693.0,2.05613,0.593065,SGP,AUS,902129
10551027,206,14,9746,2015,1021.0,0.0,1.287133,0.7900560000000001,SVK,AUS,902129
10551028,208,14,9746,2015,1074978.0,3133.0,1.8068349999999997,0.693389,SWE,AUS,902129
10551029,216,14,9746,2015,2222.0,149901.0,0.965888,1.368572,THA,AUS,902129
10551030,231,14,9746,2015,13040287.0,231366.0,1.720478,-0.129322,USA,AUS,902129
10551031,239,14,9746,2015,0.0,163747.0,-0.17108900000000002,1.10995,VNM,AUS,902129
10551032,246,14,9746,2015,800607.0,27879.0,0.24944699999999997,1.7573159999999999,ZAF,AUS,902129
10551033,249,14,9746,2015,491254.0,4958.0,1.962832,1.214982,TWN,AUS,902129
10551034,250,14,9746,2015,0.0,1134.0,0.377283,-0.092204,ANS,AUS,902129
10551035,15,16,9746,2015,1874.0,0.0,1.747098,-0.08026699999999999,AUT,AZE,902129
10551036,28,16,9746,2015,1960.0,0.0,0.672499,0.5584020000000001,BLR,AZE,902129
10551037,41,16,9746,2015,80507.0,0.0,2.306075,0.720781,CHE,AZE,902129
10551038,61,16,9746,2015,271824.0,0.0,2.203818,-2.307561,DEU,AZE,902129
10551039,77,16,9746,2015,94982.0,0.0,1.479792,0.6490239999999999,FRA,AZE,902129
10551040,110,16,9746,2015,4390.0,0.0,1.260071,0.545545,ISR,AZE,902129
10551041,111,16,9746,2015,67936.0,0.0,1.321127,0.747046,ITA,AZE,902129
10551042,121,16,9746,2015,312532.0,0.0,1.900653,0.859406,KOR,AZE,902129
10551043,224,16,9746,2015,322962.0,0.0,0.438669,2.519632,TUR,AZE,902129
10551044,231,16,9746,2015,88012.0,0.0,1.720478,-0.129322,USA,AZE,902129
10551045,43,22,9746,2015,6721.0,0.0,1.077143,1.735757,CHN,BGD,902129
10551046,61,22,9746,2015,213460.0,0.0,2.203818,-2.307561,DEU,BGD,902129
10551047,81,22,9746,2015,35737.0,0.0,1.7422990000000003,0.75838,GBR,BGD,902129
10551048,114,22,9746,2015,1519.0,0.0,2.516133,-0.484202,JPN,BGD,902129
10551049,121,22,9746,2015,313403.0,0.0,1.900653,0.859406,KOR,BGD,902129
10551050,168,22,9746,2015,7192.0,0.0,-0.7059979999999999,0.73501,PAK,BGD,902129
10551051,231,22,9746,2015,7941.0,0.0,1.720478,-0.129322,USA,BGD,902129
10551052,7,24,9746,2015,1485.0,0.0,0.21779600000000002,-0.0047420000000000006,ARE,BHR,902129
10551053,41,24,9746,2015,66315.0,0.0,2.306075,0.720781,CHE,BHR,902129
10551054,43,24,9746,2015,15043.0,0.0,1.077143,1.735757,CHN,BHR,902129
10551055,61,24,9746,2015,11025.0,0.0,2.203818,-2.307561,DEU,BHR,902129
10551056,68,24,9746,2015,18910.0,0.0,-0.183053,1.765036,EGY,BHR,902129
10551057,77,24,9746,2015,6870.0,0.0,1.479792,0.6490239999999999,FRA,BHR,902129
10551058,81,24,9746,2015,9393.0,0.0,1.7422990000000003,0.75838,GBR,BHR,902129
10551059,104,24,9746,2015,2507.0,0.0,0.24230900000000002,2.8190880000000003,IND,BHR,902129
10551060,106,24,9746,2015,7281.0,0.0,1.304942,0.126431,IRL,BHR,902129
10551061,121,24,9746,2015,61000.0,0.0,1.900653,0.859406,KOR,BHR,902129
10551062,138,24,9746,2015,7061.0,0.0,1.169724,0.61457,MEX,BHR,902129
10551063,188,24,9746,2015,0.0,713529.0,0.5552520000000001,-0.7263229999999999,SAU,BHR,902129
10551064,224,24,9746,2015,5257.0,0.0,0.438669,2.519632,TUR,BHR,902129
10551065,231,24,9746,2015,150002.0,0.0,1.720478,-0.129322,USA,BHR,902129
10551066,14,28,9746,2015,6824.0,0.0,-0.292325,-0.043489,AUS,BLR,902129
10551067,16,28,9746,2015,0.0,1960.0,-0.983347,-1.231542,AZE,BLR,902129
10551068,23,28,9746,2015,1740.0,0.0,0.45640699999999995,1.691455,BGR,BLR,902129
10551069,41,28,9746,2015,244968.0,0.0,2.306075,0.720781,CHE,BLR,902129
10551070,61,28,9746,2015,193099.0,0.0,2.203818,-2.307561,DEU,BLR,902129
10551071,77,28,9746,2015,5911.0,0.0,1.479792,0.6490239999999999,FRA,BLR,902129
10551072,82,28,9746,2015,0.0,2958.0,-0.343663,-0.588017,GEO,BLR,902129
10551073,110,28,9746,2015,89230.0,0.0,1.260071,0.545545,ISR,BLR,902129
10551074,111,28,9746,2015,28170.0,0.0,1.321127,0.747046,ITA,BLR,902129
10551075,115,28,9746,2015,0.0,14014.0,-0.45091499999999995,-0.652026,KAZ,BLR,902129
10551076,121,28,9746,2015,3958.0,0.0,1.900653,0.859406,KOR,BLR,902129
10551077,130,28,9746,2015,580650.0,15535.0,0.749429,1.3659860000000001,LTU,BLR,902129
10551078,162,28,9746,2015,336085.0,0.0,1.230104,1.27344,NLD,BLR,902129
10551079,186,28,9746,2015,26710.0,717952.0,0.23119,0.035965,RUS,BLR,902129
10551080,231,28,9746,2015,15368.0,0.0,1.720478,-0.129322,USA,BLR,902129
10551081,43,46,9746,2015,3842.0,0.0,1.077143,1.735757,CHN,COD,902129
10551082,134,46,9746,2015,41070.0,0.0,-0.7554810000000001,-0.059697,MAR,COD,902129
10551083,246,46,9746,2015,1869.0,0.0,0.24944699999999997,1.7573159999999999,ZAF,COD,902129
10551084,14,68,9746,2015,0.0,28064.0,-0.292325,-0.043489,AUS,EGY,902129
10551085,15,68,9746,2015,22786.0,0.0,1.747098,-0.08026699999999999,AUT,EGY,902129
10551086,18,68,9746,2015,92212.0,0.0,1.329866,1.100641,BEL,EGY,902129
10551087,24,68,9746,2015,0.0,18910.0,0.36650900000000003,-0.28735,BHR,EGY,902129
10551088,32,68,9746,2015,1520.0,0.0,0.23656799999999997,0.688607,BRA,EGY,902129
10551089,41,68,9746,2015,165525.0,0.0,2.306075,0.720781,CHE,EGY,902129
10551090,43,68,9746,2015,51059.0,0.0,1.077143,1.735757,CHN,EGY,902129
10551091,61,68,9746,2015,989343.0,31938.0,2.203818,-2.307561,DEU,EGY,902129
10551092,71,68,9746,2015,25929.0,0.0,0.8173590000000001,2.442556,ESP,EGY,902129
10551093,77,68,9746,2015,64194.0,0.0,1.479792,0.6490239999999999,FRA,EGY,902129
10551094,104,68,9746,2015,4441.0,0.0,0.24230900000000002,2.8190880000000003,IND,EGY,902129
10551095,111,68,9746,2015,69853.0,0.0,1.321127,0.747046,ITA,EGY,902129
10551096,121,68,9746,2015,632296.0,0.0,1.900653,0.859406,KOR,EGY,902129
10551097,130,68,9746,2015,1551.0,0.0,0.749429,1.3659860000000001,LTU,EGY,902129
10551098,162,68,9746,2015,11726.0,0.0,1.230104,1.27344,NLD,EGY,902129
10551099,177,68,9746,2015,8604.0,0.0,1.145844,1.1449280000000002,POL,EGY,902129
10551100,178,68,9746,2015,17635.0,0.0,-0.404818,-0.075235,PRK,EGY,902129
10551101,216,68,9746,2015,2568.0,0.0,0.965888,1.368572,THA,EGY,902129
10551102,224,68,9746,2015,83002.0,0.0,0.438669,2.519632,TUR,EGY,902129
10551103,231,68,9746,2015,1302159.0,0.0,1.720478,-0.129322,USA,EGY,902129
10551104,246,68,9746,2015,5205.0,0.0,0.24944699999999997,1.7573159999999999,ZAF,EGY,902129
10551105,247,68,9746,2015,0.0,1535.0,-0.44792,-0.769586,ZMB,EGY,902129
10551106,7,74,9746,2015,0.0,1136.0,0.21779600000000002,-0.0047420000000000006,ARE,FIN,902129
10551107,14,74,9746,2015,0.0,52668.0,-0.292325,-0.043489,AUS,FIN,902129
10551108,15,74,9746,2015,0.0,1228.0,1.747098,-0.08026699999999999,AUT,FIN,902129
10551109,18,74,9746,2015,201041.0,671712.0,1.329866,1.100641,BEL,FIN,902129
10551110,41,74,9746,2015,1572747.0,14234.0,2.306075,0.720781,CHE,FIN,902129
10551111,43,74,9746,2015,1394.0,0.0,1.077143,1.735757,CHN,FIN,902129
10551112,59,74,9746,2015,0.0,12851.0,1.743012,0.45424,CZE,FIN,902129
10551113,61,74,9746,2015,1304986.0,117105.0,2.203818,-2.307561,DEU,FIN,902129
10551114,64,74,9746,2015,3561.0,2642.0,1.157924,1.2045629999999998,DNK,FIN,902129
10551115,71,74,9746,2015,13735.0,0.0,0.8173590000000001,2.442556,ESP,FIN,902129
10551116,72,74,9746,2015,0.0,22261.0,0.9281149999999999,1.1780389999999998,EST,FIN,902129
10551117,77,74,9746,2015,272844.0,359746.0,1.479792,0.6490239999999999,FRA,FIN,902129
10551118,81,74,9746,2015,28136.0,4993.0,1.7422990000000003,0.75838,GBR,FIN,902129
10551119,104,74,9746,2015,0.0,13085.0,0.24230900000000002,2.8190880000000003,IND,FIN,902129
10551120,109,74,9746,2015,0.0,1778.0,0.24527600000000002,-0.411616,ISL,FIN,902129
10551121,110,74,9746,2015,32950.0,0.0,1.260071,0.545545,ISR,FIN,902129
10551122,111,74,9746,2015,2431.0,2277.0,1.321127,0.747046,ITA,FIN,902129
10551123,114,74,9746,2015,2467.0,0.0,2.516133,-0.484202,JPN,FIN,902129
10551124,121,74,9746,2015,403427.0,0.0,1.900653,0.859406,KOR,FIN,902129
10551125,122,74,9746,2015,0.0,912.0,-0.352023,-1.153057,KWT,FIN,902129
10551126,130,74,9746,2015,0.0,11262.0,0.749429,1.3659860000000001,LTU,FIN,902129
10551127,132,74,9746,2015,0.0,3638.0,0.602209,1.125357,LVA,FIN,902129
10551128,145,74,9746,2015,0.0,6106.0,-1.244368,-1.196677,MNG,FIN,902129
10551129,162,74,9746,2015,412756.0,198229.0,1.230104,1.27344,NLD,FIN,902129
10551130,163,74,9746,2015,8276.0,110911.0,0.950708,0.314339,NOR,FIN,902129
10551131,174,74,9746,2015,2802.0,0.0,0.6406270000000001,0.45770200000000005,PHL,FIN,902129
10551132,177,74,9746,2015,0.0,57588.0,1.145844,1.1449280000000002,POL,FIN,902129
10551133,186,74,9746,2015,0.0,731014.0,0.23119,0.035965,RUS,FIN,902129
10551134,192,74,9746,2015,101139.0,27802.0,2.05613,0.593065,SGP,FIN,902129
10551135,201,74,9746,2015,0.0,4772.0,0.457042,1.324908,SRB,FIN,902129
10551136,206,74,9746,2015,0.0,26451.0,1.287133,0.7900560000000001,SVK,FIN,902129
10551137,207,74,9746,2015,0.0,9025.0,1.6089879999999999,0.833616,SVN,FIN,902129
10551138,208,74,9746,2015,1886748.0,106669.0,1.8068349999999997,0.693389,SWE,FIN,902129
10551139,224,74,9746,2015,0.0,10694.0,0.438669,2.519632,TUR,FIN,902129
10551140,231,74,9746,2015,488969.0,5426.0,1.720478,-0.129322,USA,FIN,902129
10551141,246,74,9746,2015,0.0,12560.0,0.24944699999999997,1.7573159999999999,ZAF,FIN,902129
10551142,249,74,9746,2015,0.0,2348.0,1.962832,1.214982,TWN,FIN,902129
10551143,18,82,9746,2015,4030.0,0.0,1.329866,1.100641,BEL,GEO,902129
10551144,28,82,9746,2015,2958.0,0.0,0.672499,0.5584020000000001,BLR,GEO,902129
10551145,41,82,9746,2015,9911.0,0.0,2.306075,0.720781,CHE,GEO,902129
10551146,43,82,9746,2015,3503.0,0.0,1.077143,1.735757,CHN,GEO,902129
10551147,61,82,9746,2015,129794.0,8908.0,2.203818,-2.307561,DEU,GEO,902129
10551148,67,82,9746,2015,0.0,1823.0,-0.9845959999999999,-1.075639,ECU,GEO,902129
10551149,102,82,9746,2015,131643.0,0.0,1.462839,0.803258,HUN,GEO,902129
10551150,104,82,9746,2015,2096.0,0.0,0.24230900000000002,2.8190880000000003,IND,GEO,902129
10551151,110,82,9746,2015,1661.0,0.0,1.260071,0.545545,ISR,GEO,902129
10551152,111,82,9746,2015,20369.0,0.0,1.321127,0.747046,ITA,GEO,902129
10551153,121,82,9746,2015,181760.0,6047.0,1.900653,0.859406,KOR,GEO,902129
10551154,162,82,9746,2015,164386.0,0.0,1.230104,1.27344,NLD,GEO,902129
10551155,177,82,9746,2015,18191.0,0.0,1.145844,1.1449280000000002,POL,GEO,902129
10551156,186,82,9746,2015,8253.0,0.0,0.23119,0.035965,RUS,GEO,902129
10551157,224,82,9746,2015,2421.0,0.0,0.438669,2.519632,TUR,GEO,902129
10551158,231,82,9746,2015,6145.0,0.0,1.720478,-0.129322,USA,GEO,902129
10551159,7,90,9746,2015,0.0,4077.0,0.21779600000000002,-0.0047420000000000006,ARE,GRC,902129
10551160,15,90,9746,2015,13674.0,0.0,1.747098,-0.08026699999999999,AUT,GRC,902129
10551161,18,90,9746,2015,77959.0,0.0,1.329866,1.100641,BEL,GRC,902129
10551162,23,90,9746,2015,34469.0,4039.0,0.45640699999999995,1.691455,BGR,GRC,902129
10551163,32,90,9746,2015,41709.0,0.0,0.23656799999999997,0.688607,BRA,GRC,902129
10551164,39,90,9746,2015,2895.0,1350.0,0.695867,1.171676,CAN,GRC,902129
10551165,41,90,9746,2015,860172.0,9998.0,2.306075,0.720781,CHE,GRC,902129
10551166,43,90,9746,2015,28692.0,0.0,1.077143,1.735757,CHN,GRC,902129
10551167,57,90,9746,2015,0.0,1435.0,0.275472,-0.831835,CYM,GRC,902129
10551168,58,90,9746,2015,5059.0,11571.0,0.511225,-0.207261,CYP,GRC,902129
10551169,59,90,9746,2015,0.0,2831.0,1.743012,0.45424,CZE,GRC,902129
10551170,61,90,9746,2015,3666149.0,18190.0,2.203818,-2.307561,DEU,GRC,902129
10551171,64,90,9746,2015,4088.0,0.0,1.157924,1.2045629999999998,DNK,GRC,902129
10551172,71,90,9746,2015,65610.0,1021.0,0.8173590000000001,2.442556,ESP,GRC,902129
10551173,77,90,9746,2015,1035042.0,2034.0,1.479792,0.6490239999999999,FRA,GRC,902129
10551174,81,90,9746,2015,15822.0,13262.0,1.7422990000000003,0.75838,GBR,GRC,902129
10551175,102,90,9746,2015,23757.0,0.0,1.462839,0.803258,HUN,GRC,902129
10551176,106,90,9746,2015,36478.0,0.0,1.304942,0.126431,IRL,GRC,902129
10551177,110,90,9746,2015,645285.0,0.0,1.260071,0.545545,ISR,GRC,902129
10551178,111,90,9746,2015,478501.0,0.0,1.321127,0.747046,ITA,GRC,902129
10551179,121,90,9746,2015,125484.0,0.0,1.900653,0.859406,KOR,GRC,902129
10551180,130,90,9746,2015,5357.0,0.0,0.749429,1.3659860000000001,LTU,GRC,902129
10551181,153,90,9746,2015,0.0,10031.0,1.082803,0.811615,MYS,GRC,902129
10551182,162,90,9746,2015,421381.0,30182.0,1.230104,1.27344,NLD,GRC,902129
10551183,163,90,9746,2015,0.0,1595.0,0.950708,0.314339,NOR,GRC,902129
10551184,177,90,9746,2015,4564.0,0.0,1.145844,1.1449280000000002,POL,GRC,902129
10551185,207,90,9746,2015,1801.0,0.0,1.6089879999999999,0.833616,SVN,GRC,902129
10551186,208,90,9746,2015,25477.0,1151.0,1.8068349999999997,0.693389,SWE,GRC,902129
10551187,224,90,9746,2015,16666.0,0.0,0.438669,2.519632,TUR,GRC,902129
10551188,231,90,9746,2015,455601.0,6603.0,1.720478,-0.129322,USA,GRC,902129
10551189,246,90,9746,2015,443267.0,0.0,0.24944699999999997,1.7573159999999999,ZAF,GRC,902129
10551190,249,90,9746,2015,11993.0,0.0,1.962832,1.214982,TWN,GRC,902129
10551191,15,100,9746,2015,603354.0,60259.0,1.747098,-0.08026699999999999,AUT,HRV,902129
10551192,18,100,9746,2015,121471.0,0.0,1.329866,1.100641,BEL,HRV,902129
10551193,26,100,9746,2015,1221.0,104876.0,0.355903,0.723092,BIH,HRV,902129
10551194,32,100,9746,2015,18464.0,0.0,0.23656799999999997,0.688607,BRA,HRV,902129
10551195,39,100,9746,2015,6580.0,0.0,0.695867,1.171676,CAN,HRV,902129
10551196,41,100,9746,2015,1351729.0,15052.0,2.306075,0.720781,CHE,HRV,902129
10551197,43,100,9746,2015,3526.0,0.0,1.077143,1.735757,CHN,HRV,902129
10551198,59,100,9746,2015,15082.0,0.0,1.743012,0.45424,CZE,HRV,902129
10551199,61,100,9746,2015,1994124.0,0.0,2.203818,-2.307561,DEU,HRV,902129
10551200,64,100,9746,2015,6973.0,0.0,1.157924,1.2045629999999998,DNK,HRV,902129
10551201,71,100,9746,2015,172198.0,0.0,0.8173590000000001,2.442556,ESP,HRV,902129
10551202,77,100,9746,2015,7360.0,7124.0,1.479792,0.6490239999999999,FRA,HRV,902129
10551203,81,100,9746,2015,3509.0,0.0,1.7422990000000003,0.75838,GBR,HRV,902129
10551204,102,100,9746,2015,27006.0,6731.0,1.462839,0.803258,HUN,HRV,902129
10551205,110,100,9746,2015,335825.0,0.0,1.260071,0.545545,ISR,HRV,902129
10551206,111,100,9746,2015,113110.0,0.0,1.321127,0.747046,ITA,HRV,902129
10551207,121,100,9746,2015,1074077.0,0.0,1.900653,0.859406,KOR,HRV,902129
10551208,140,100,9746,2015,0.0,1957.0,-0.09009600000000001,-0.147359,MKD,HRV,902129
10551209,162,100,9746,2015,1938942.0,359096.0,1.230104,1.27344,NLD,HRV,902129
10551210,177,100,9746,2015,7654.0,27545.0,1.145844,1.1449280000000002,POL,HRV,902129
10551211,179,100,9746,2015,65802.0,0.0,0.561922,2.2276380000000002,PRT,HRV,902129
10551212,201,100,9746,2015,12914.0,1450.0,0.457042,1.324908,SRB,HRV,902129
10551213,206,100,9746,2015,0.0,249544.0,1.287133,0.7900560000000001,SVK,HRV,902129
10551214,207,100,9746,2015,691289.0,352922.0,1.6089879999999999,0.833616,SVN,HRV,902129
10551215,208,100,9746,2015,99747.0,0.0,1.8068349999999997,0.693389,SWE,HRV,902129
10551216,231,100,9746,2015,159524.0,0.0,1.720478,-0.129322,USA,HRV,902129
10551217,249,100,9746,2015,4713.0,0.0,1.962832,1.214982,TWN,HRV,902129
10551218,250,100,9746,2015,1938.0,0.0,0.377283,-0.092204,ANS,HRV,902129
10551219,7,106,9746,2015,0.0,6140.0,0.21779600000000002,-0.0047420000000000006,ARE,IRL,902129
10551220,14,106,9746,2015,2678.0,0.0,-0.292325,-0.043489,AUS,IRL,902129
10551221,15,106,9746,2015,0.0,79085.0,1.747098,-0.08026699999999999,AUT,IRL,902129
10551222,18,106,9746,2015,4611.0,117836.0,1.329866,1.100641,BEL,IRL,902129
10551223,23,106,9746,2015,0.0,39677.0,0.45640699999999995,1.691455,BGR,IRL,902129
10551224,24,106,9746,2015,0.0,7281.0,0.36650900000000003,-0.28735,BHR,IRL,902129
10551225,39,106,9746,2015,19554.0,11071.0,0.695867,1.171676,CAN,IRL,902129
10551226,41,106,9746,2015,71645.0,8609.0,2.306075,0.720781,CHE,IRL,902129
10551227,42,106,9746,2015,0.0,4772.0,-0.356167,-0.47629399999999994,CHL,IRL,902129
10551228,43,106,9746,2015,254372.0,0.0,1.077143,1.735757,CHN,IRL,902129
10551229,49,106,9746,2015,0.0,3893.0,0.156383,-0.183055,COL,IRL,902129
10551230,58,106,9746,2015,0.0,34415.0,0.511225,-0.207261,CYP,IRL,902129
10551231,61,106,9746,2015,191580.0,24326.0,2.203818,-2.307561,DEU,IRL,902129
10551232,64,106,9746,2015,2535.0,19932.0,1.157924,1.2045629999999998,DNK,IRL,902129
10551233,71,106,9746,2015,437534.0,15295.0,0.8173590000000001,2.442556,ESP,IRL,902129
10551234,77,106,9746,2015,22338.0,128787.0,1.479792,0.6490239999999999,FRA,IRL,902129
10551235,81,106,9746,2015,967077.0,57514.0,1.7422990000000003,0.75838,GBR,IRL,902129
10551236,90,106,9746,2015,0.0,36478.0,0.099027,1.012289,GRC,IRL,902129
10551237,97,106,9746,2015,198353.0,1623.0,0.8255290000000001,1.8017279999999998,HKG,IRL,902129
10551238,102,106,9746,2015,13312.0,0.0,1.462839,0.803258,HUN,IRL,902129
10551239,104,106,9746,2015,11881.0,0.0,0.24230900000000002,2.8190880000000003,IND,IRL,902129
10551240,109,106,9746,2015,0.0,1403.0,0.24527600000000002,-0.411616,ISL,IRL,902129
10551241,111,106,9746,2015,0.0,1683075.0,1.321127,0.747046,ITA,IRL,902129
10551242,114,106,9746,2015,13198.0,0.0,2.516133,-0.484202,JPN,IRL,902129
10551243,121,106,9746,2015,22306.0,28508.0,1.900653,0.859406,KOR,IRL,902129
10551244,124,106,9746,2015,0.0,53564.0,0.317355,1.330374,LBN,IRL,902129
10551245,135,106,9746,2015,2052.0,0.0,-0.313837,-0.20393,MDA,IRL,902129
10551246,151,106,9746,2015,0.0,3247.0,-0.231762,-0.195051,MUS,IRL,902129
10551247,153,106,9746,2015,0.0,33261.0,1.082803,0.811615,MYS,IRL,902129
10551248,162,106,9746,2015,811612.0,153762.0,1.230104,1.27344,NLD,IRL,902129
10551249,163,106,9746,2015,3041.0,35274.0,0.950708,0.314339,NOR,IRL,902129
10551250,177,106,9746,2015,0.0,200035.0,1.145844,1.1449280000000002,POL,IRL,902129
10551251,185,106,9746,2015,0.0,144732.0,0.946363,1.056775,ROU,IRL,902129
10551252,192,106,9746,2015,0.0,1056.0,2.05613,0.593065,SGP,IRL,902129
10551253,206,106,9746,2015,0.0,1378.0,1.287133,0.7900560000000001,SVK,IRL,902129
10551254,208,106,9746,2015,409403.0,0.0,1.8068349999999997,0.693389,SWE,IRL,902129
10551255,224,106,9746,2015,7510.0,0.0,0.438669,2.519632,TUR,IRL,902129
10551256,231,106,9746,2015,1926685.0,26544.0,1.720478,-0.129322,USA,IRL,902129
10551257,246,106,9746,2015,0.0,13452.0,0.24944699999999997,1.7573159999999999,ZAF,IRL,902129
10551258,250,106,9746,2015,79214.0,43874.0,0.377283,-0.092204,ANS,IRL,902129
10551259,7,107,9746,2015,228115.0,0.0,0.21779600000000002,-0.0047420000000000006,ARE,IRN,902129
10551260,32,107,9746,2015,234493.0,0.0,0.23656799999999997,0.688607,BRA,IRN,902129
10551261,41,107,9746,2015,901732.0,1637.0,2.306075,0.720781,CHE,IRN,902129
10551262,43,107,9746,2015,136544.0,1296.0,1.077143,1.735757,CHN,IRN,902129
10551263,61,107,9746,2015,3297202.0,0.0,2.203818,-2.307561,DEU,IRN,902129
10551264,71,107,9746,2015,73709.0,0.0,0.8173590000000001,2.442556,ESP,IRN,902129
10551265,77,107,9746,2015,652447.0,21811.0,1.479792,0.6490239999999999,FRA,IRN,902129
10551266,102,107,9746,2015,108254.0,0.0,1.462839,0.803258,HUN,IRN,902129
10551267,104,107,9746,2015,3290158.0,0.0,0.24230900000000002,2.8190880000000003,IND,IRN,902129
10551268,108,107,9746,2015,0.0,13005.0,-1.465803,-0.912113,IRQ,IRN,902129
10551269,111,107,9746,2015,315845.0,0.0,1.321127,0.747046,ITA,IRN,902129
10551270,114,107,9746,2015,6920.0,0.0,2.516133,-0.484202,JPN,IRN,902129
10551271,121,107,9746,2015,11434194.0,26796.0,1.900653,0.859406,KOR,IRN,902129
10551272,162,107,9746,2015,92988.0,0.0,1.230104,1.27344,NLD,IRN,902129
10551273,208,107,9746,2015,20425.0,0.0,1.8068349999999997,0.693389,SWE,IRN,902129
10551274,224,107,9746,2015,426417.0,40009.0,0.438669,2.519632,TUR,IRN,902129
10551275,231,107,9746,2015,1617125.0,0.0,1.720478,-0.129322,USA,IRN,902129
10551276,249,107,9746,2015,23754.0,0.0,1.962832,1.214982,TWN,IRN,902129
10551277,7,108,9746,2015,51807.0,0.0,0.21779600000000002,-0.0047420000000000006,ARE,IRQ,902129
10551278,15,108,9746,2015,6728.0,0.0,1.747098,-0.08026699999999999,AUT,IRQ,902129
10551279,39,108,9746,2015,1457.0,0.0,0.695867,1.171676,CAN,IRQ,902129
10551280,41,108,9746,2015,25648.0,0.0,2.306075,0.720781,CHE,IRQ,902129
10551281,43,108,9746,2015,8241.0,0.0,1.077143,1.735757,CHN,IRQ,902129
10551282,61,108,9746,2015,372258.0,0.0,2.203818,-2.307561,DEU,IRQ,902129
10551283,64,108,9746,2015,16728.0,0.0,1.157924,1.2045629999999998,DNK,IRQ,902129
10551284,71,108,9746,2015,61493.0,0.0,0.8173590000000001,2.442556,ESP,IRQ,902129
10551285,77,108,9746,2015,23845.0,0.0,1.479792,0.6490239999999999,FRA,IRQ,902129
10551286,107,108,9746,2015,13005.0,0.0,-0.258946,-0.0073420000000000004,IRN,IRQ,902129
10551287,111,108,9746,2015,96760.0,0.0,1.321127,0.747046,ITA,IRQ,902129
10551288,113,108,9746,2015,56882.0,0.0,0.121172,0.457301,JOR,IRQ,902129
10551289,121,108,9746,2015,137270.0,0.0,1.900653,0.859406,KOR,IRQ,902129
10551290,124,108,9746,2015,11274.0,0.0,0.317355,1.330374,LBN,IRQ,902129
10551291,177,108,9746,2015,4735.0,0.0,1.145844,1.1449280000000002,POL,IRQ,902129
10551292,208,108,9746,2015,48039.0,0.0,1.8068349999999997,0.693389,SWE,IRQ,902129
10551293,231,108,9746,2015,60308.0,0.0,1.720478,-0.129322,USA,IRQ,902129
10551294,28,115,9746,2015,14014.0,0.0,0.672499,0.5584020000000001,BLR,KAZ,902129
10551295,41,115,9746,2015,44166.0,0.0,2.306075,0.720781,CHE,KAZ,902129
10551296,43,115,9746,2015,3197.0,0.0,1.077143,1.735757,CHN,KAZ,902129
10551297,61,115,9746,2015,692909.0,0.0,2.203818,-2.307561,DEU,KAZ,902129
10551298,110,115,9746,2015,146405.0,0.0,1.260071,0.545545,ISR,KAZ,902129
10551299,111,115,9746,2015,3589.0,0.0,1.321127,0.747046,ITA,KAZ,902129
10551300,121,115,9746,2015,985020.0,0.0,1.900653,0.859406,KOR,KAZ,902129
10551301,162,115,9746,2015,824459.0,0.0,1.230104,1.27344,NLD,KAZ,902129
10551302,186,115,9746,2015,143448.0,1712.0,0.23119,0.035965,RUS,KAZ,902129
10551303,231,115,9746,2015,95009.0,0.0,1.720478,-0.129322,USA,KAZ,902129
10551304,7,116,9746,2015,11270.0,0.0,0.21779600000000002,-0.0047420000000000006,ARE,KEN,902129
10551305,14,116,9746,2015,3836.0,0.0,-0.292325,-0.043489,AUS,KEN,902129
10551306,41,116,9746,2015,1029.0,0.0,2.306075,0.720781,CHE,KEN,902129
10551307,61,116,9746,2015,18495.0,0.0,2.203818,-2.307561,DEU,KEN,902129
10551308,71,116,9746,2015,1987.0,0.0,0.8173590000000001,2.442556,ESP,KEN,902129
10551309,81,116,9746,2015,10316.0,0.0,1.7422990000000003,0.75838,GBR,KEN,902129
10551310,104,116,9746,2015,44730.0,0.0,0.24230900000000002,2.8190880000000003,IND,KEN,902129
10551311,110,116,9746,2015,2772.0,0.0,1.260071,0.545545,ISR,KEN,902129
10551312,111,116,9746,2015,1125.0,0.0,1.321127,0.747046,ITA,KEN,902129
10551313,121,116,9746,2015,26928.0,0.0,1.900653,0.859406,KOR,KEN,902129
10551314,168,116,9746,2015,9505.0,0.0,-0.7059979999999999,0.73501,PAK,KEN,902129
10551315,231,116,9746,2015,8603.0,0.0,1.720478,-0.129322,USA,KEN,902129
10551316,246,116,9746,2015,12021.0,0.0,0.24944699999999997,1.7573159999999999,ZAF,KEN,902129
10551317,41,117,9746,2015,3537.0,0.0,2.306075,0.720781,CHE,KGZ,902129
10551318,61,117,9746,2015,10705.0,0.0,2.203818,-2.307561,DEU,KGZ,902129
10551319,110,117,9746,2015,70644.0,0.0,1.260071,0.545545,ISR,KGZ,902129
10551320,121,117,9746,2015,263115.0,0.0,1.900653,0.859406,KOR,KGZ,902129
10551321,162,117,9746,2015,68774.0,0.0,1.230104,1.27344,NLD,KGZ,902129
10551322,186,117,9746,2015,15409.0,0.0,0.23119,0.035965,RUS,KGZ,902129
10551323,18,124,9746,2015,0.0,7682.0,1.329866,1.100641,BEL,LBN,902129
10551324,32,124,9746,2015,18810.0,0.0,0.23656799999999997,0.688607,BRA,LBN,902129
10551325,41,124,9746,2015,1871846.0,0.0,2.306075,0.720781,CHE,LBN,902129
10551326,43,124,9746,2015,19637.0,0.0,1.077143,1.735757,CHN,LBN,902129
10551327,61,124,9746,2015,924865.0,102240.0,2.203818,-2.307561,DEU,LBN,902129
10551328,64,124,9746,2015,7493.0,0.0,1.157924,1.2045629999999998,DNK,LBN,902129
10551329,71,124,9746,2015,160422.0,0.0,0.8173590000000001,2.442556,ESP,LBN,902129
10551330,77,124,9746,2015,123222.0,233254.0,1.479792,0.6490239999999999,FRA,LBN,902129
10551331,81,124,9746,2015,39773.0,0.0,1.7422990000000003,0.75838,GBR,LBN,902129
10551332,102,124,9746,2015,71372.0,0.0,1.462839,0.803258,HUN,LBN,902129
10551333,104,124,9746,2015,18048.0,0.0,0.24230900000000002,2.8190880000000003,IND,LBN,902129
10551334,106,124,9746,2015,53564.0,0.0,1.304942,0.126431,IRL,LBN,902129
10551335,108,124,9746,2015,0.0,11274.0,-1.465803,-0.912113,IRQ,LBN,902129
10551336,111,124,9746,2015,126755.0,0.0,1.321127,0.747046,ITA,LBN,902129
10551337,114,124,9746,2015,118696.0,0.0,2.516133,-0.484202,JPN,LBN,902129
10551338,121,124,9746,2015,677461.0,5844.0,1.900653,0.859406,KOR,LBN,902129
10551339,130,124,9746,2015,2758.0,0.0,0.749429,1.3659860000000001,LTU,LBN,902129
10551340,138,124,9746,2015,1152.0,0.0,1.169724,0.61457,MEX,LBN,902129
10551341,162,124,9746,2015,388815.0,5758.0,1.230104,1.27344,NLD,LBN,902129
10551342,186,124,9746,2015,2543.0,0.0,0.23119,0.035965,RUS,LBN,902129
10551343,208,124,9746,2015,12574.0,0.0,1.8068349999999997,0.693389,SWE,LBN,902129
10551344,216,124,9746,2015,944.0,0.0,0.965888,1.368572,THA,LBN,902129
10551345,223,124,9746,2015,0.0,2893.0,0.140202,0.967591,TUN,LBN,902129
10551346,224,124,9746,2015,4349.0,0.0,0.438669,2.519632,TUR,LBN,902129
10551347,231,124,9746,2015,1379750.0,0.0,1.720478,-0.129322,USA,LBN,902129
10551348,249,124,9746,2015,10594.0,0.0,1.962832,1.214982,TWN,LBN,902129
10551349,15,128,9746,2015,13249.0,0.0,1.747098,-0.08026699999999999,AUT,LKA,902129
10551350,61,128,9746,2015,66813.0,0.0,2.203818,-2.307561,DEU,LKA,902129
10551351,77,128,9746,2015,28141.0,0.0,1.479792,0.6490239999999999,FRA,LKA,902129
10551352,104,128,9746,2015,10628.0,0.0,0.24230900000000002,2.8190880000000003,IND,LKA,902129
10551353,110,128,9746,2015,5695.0,0.0,1.260071,0.545545,ISR,LKA,902129
10551354,111,128,9746,2015,1558.0,0.0,1.321127,0.747046,ITA,LKA,902129
10551355,121,128,9746,2015,8116.0,0.0,1.900653,0.859406,KOR,LKA,902129
10551356,137,128,9746,2015,0.0,1080.0,-0.321571,-0.858751,MDV,LKA,902129
10551357,231,128,9746,2015,20476.0,0.0,1.720478,-0.129322,USA,LKA,902129
10551358,249,128,9746,2015,7391.0,0.0,1.962832,1.214982,TWN,LKA,902129
10551359,4,130,9746,2015,0.0,15290.0,-0.601875,-0.27003,ALB,LTU,902129
10551360,7,130,9746,2015,0.0,2356.0,0.21779600000000002,-0.0047420000000000006,ARE,LTU,902129
10551361,14,130,9746,2015,0.0,1356.0,-0.292325,-0.043489,AUS,LTU,902129
10551362,18,130,9746,2015,27885.0,0.0,1.329866,1.100641,BEL,LTU,902129
10551363,28,130,9746,2015,15535.0,580650.0,0.672499,0.5584020000000001,BLR,LTU,902129
10551364,32,130,9746,2015,44600.0,0.0,0.23656799999999997,0.688607,BRA,LTU,902129
10551365,41,130,9746,2015,3440186.0,25683.0,2.306075,0.720781,CHE,LTU,902129
10551366,43,130,9746,2015,6142.0,0.0,1.077143,1.735757,CHN,LTU,902129
10551367,58,130,9746,2015,21779.0,0.0,0.511225,-0.207261,CYP,LTU,902129
10551368,59,130,9746,2015,31132.0,0.0,1.743012,0.45424,CZE,LTU,902129
10551369,61,130,9746,2015,1064807.0,0.0,2.203818,-2.307561,DEU,LTU,902129
10551370,64,130,9746,2015,1876.0,1790.0,1.157924,1.2045629999999998,DNK,LTU,902129
10551371,68,130,9746,2015,0.0,1551.0,-0.183053,1.765036,EGY,LTU,902129
10551372,71,130,9746,2015,146376.0,1201.0,0.8173590000000001,2.442556,ESP,LTU,902129
10551373,72,130,9746,2015,14862.0,3079.0,0.9281149999999999,1.1780389999999998,EST,LTU,902129
10551374,74,130,9746,2015,11262.0,0.0,1.597817,0.998059,FIN,LTU,902129
10551375,77,130,9746,2015,37051.0,0.0,1.479792,0.6490239999999999,FRA,LTU,902129
10551376,81,130,9746,2015,9584.0,0.0,1.7422990000000003,0.75838,GBR,LTU,902129
10551377,90,130,9746,2015,0.0,5357.0,0.099027,1.012289,GRC,LTU,902129
10551378,97,130,9746,2015,0.0,23647.0,0.8255290000000001,1.8017279999999998,HKG,LTU,902129
10551379,104,130,9746,2015,0.0,271328.0,0.24230900000000002,2.8190880000000003,IND,LTU,902129
10551380,110,130,9746,2015,238293.0,11004.0,1.260071,0.545545,ISR,LTU,902129
10551381,111,130,9746,2015,23023.0,0.0,1.321127,0.747046,ITA,LTU,902129
10551382,113,130,9746,2015,0.0,13745.0,0.121172,0.457301,JOR,LTU,902129
10551383,121,130,9746,2015,1027493.0,0.0,1.900653,0.859406,KOR,LTU,902129
10551384,124,130,9746,2015,0.0,2758.0,0.317355,1.330374,LBN,LTU,902129
10551385,132,130,9746,2015,3698.0,735436.0,0.602209,1.125357,LVA,LTU,902129
10551386,134,130,9746,2015,0.0,992.0,-0.7554810000000001,-0.059697,MAR,LTU,902129
10551387,140,130,9746,2015,0.0,10913.0,-0.09009600000000001,-0.147359,MKD,LTU,902129
10551388,147,130,9746,2015,0.0,2755.0,-1.293809,-1.115069,MOZ,LTU,902129
10551389,162,130,9746,2015,1181122.0,270492.0,1.230104,1.27344,NLD,LTU,902129
10551390,163,130,9746,2015,0.0,62301.0,0.950708,0.314339,NOR,LTU,902129
10551391,177,130,9746,2015,7483.0,0.0,1.145844,1.1449280000000002,POL,LTU,902129
10551392,185,130,9746,2015,0.0,6894.0,0.946363,1.056775,ROU,LTU,902129
10551393,186,130,9746,2015,2310.0,0.0,0.23119,0.035965,RUS,LTU,902129
10551394,188,130,9746,2015,0.0,53872.0,0.5552520000000001,-0.7263229999999999,SAU,LTU,902129
10551395,192,130,9746,2015,0.0,1136.0,2.05613,0.593065,SGP,LTU,902129
10551396,208,130,9746,2015,208421.0,0.0,1.8068349999999997,0.693389,SWE,LTU,902129
10551397,224,130,9746,2015,0.0,163021.0,0.438669,2.519632,TUR,LTU,902129
10551398,228,130,9746,2015,0.0,11925.0,0.429879,0.701813,UKR,LTU,902129
10551399,231,130,9746,2015,128444.0,6746.0,1.720478,-0.129322,USA,LTU,902129
10551400,249,130,9746,2015,0.0,1844.0,1.962832,1.214982,TWN,LTU,902129
10551401,7,131,9746,2015,0.0,50259.0,0.21779600000000002,-0.0047420000000000006,ARE,LUX,902129
10551402,18,131,9746,2015,36578.0,97435.0,1.329866,1.100641,BEL,LUX,902129
10551403,39,131,9746,2015,3270.0,5969.0,0.695867,1.171676,CAN,LUX,902129
10551404,41,131,9746,2015,31805.0,9625.0,2.306075,0.720781,CHE,LUX,902129
10551405,43,131,9746,2015,17944.0,0.0,1.077143,1.735757,CHN,LUX,902129
10551406,61,131,9746,2015,324980.0,886331.0,2.203818,-2.307561,DEU,LUX,902129
10551407,64,131,9746,2015,842.0,0.0,1.157924,1.2045629999999998,DNK,LUX,902129
10551408,66,131,9746,2015,0.0,8208.0,-1.54346,-1.255633,DZA,LUX,902129
10551409,77,131,9746,2015,333216.0,19549.0,1.479792,0.6490239999999999,FRA,LUX,902129
10551410,81,131,9746,2015,11495.0,0.0,1.7422990000000003,0.75838,GBR,LUX,902129
10551411,110,131,9746,2015,45820.0,0.0,1.260071,0.545545,ISR,LUX,902129
10551412,111,131,9746,2015,19829.0,1157.0,1.321127,0.747046,ITA,LUX,902129
10551413,121,131,9746,2015,11152.0,0.0,1.900653,0.859406,KOR,LUX,902129
10551414,162,131,9746,2015,15639.0,38913.0,1.230104,1.27344,NLD,LUX,902129
10551415,208,131,9746,2015,15511.0,0.0,1.8068349999999997,0.693389,SWE,LUX,902129
10551416,223,131,9746,2015,0.0,31495.0,0.140202,0.967591,TUN,LUX,902129
10551417,231,131,9746,2015,5348.0,6554.0,1.720478,-0.129322,USA,LUX,902129
10551418,250,131,9746,2015,259500.0,0.0,0.377283,-0.092204,ANS,LUX,902129
10551419,15,132,9746,2015,1477.0,0.0,1.747098,-0.08026699999999999,AUT,LVA,902129
10551420,18,132,9746,2015,25254.0,0.0,1.329866,1.100641,BEL,LVA,902129
10551421,32,132,9746,2015,2587.0,0.0,0.23656799999999997,0.688607,BRA,LVA,902129
10551422,41,132,9746,2015,24834.0,1234.0,2.306075,0.720781,CHE,LVA,902129
10551423,43,132,9746,2015,9919.0,0.0,1.077143,1.735757,CHN,LVA,902129
10551424,58,132,9746,2015,102226.0,0.0,0.511225,-0.207261,CYP,LVA,902129
10551425,59,132,9746,2015,3305.0,0.0,1.743012,0.45424,CZE,LVA,902129
10551426,61,132,9746,2015,348703.0,0.0,2.203818,-2.307561,DEU,LVA,902129
10551427,71,132,9746,2015,16473.0,0.0,0.8173590000000001,2.442556,ESP,LVA,902129
10551428,72,132,9746,2015,146056.0,10116.0,0.9281149999999999,1.1780389999999998,EST,LVA,902129
10551429,74,132,9746,2015,3638.0,0.0,1.597817,0.998059,FIN,LVA,902129
10551430,77,132,9746,2015,741390.0,0.0,1.479792,0.6490239999999999,FRA,LVA,902129
10551431,81,132,9746,2015,11212.0,130239.0,1.7422990000000003,0.75838,GBR,LVA,902129
10551432,110,132,9746,2015,19759.0,0.0,1.260071,0.545545,ISR,LVA,902129
10551433,111,132,9746,2015,11342.0,0.0,1.321127,0.747046,ITA,LVA,902129
10551434,121,132,9746,2015,193457.0,0.0,1.900653,0.859406,KOR,LVA,902129
10551435,130,132,9746,2015,735436.0,3698.0,0.749429,1.3659860000000001,LTU,LVA,902129
10551436,162,132,9746,2015,4989.0,14212.0,1.230104,1.27344,NLD,LVA,902129
10551437,177,132,9746,2015,12507.0,0.0,1.145844,1.1449280000000002,POL,LVA,902129
10551438,186,132,9746,2015,0.0,544255.0,0.23119,0.035965,RUS,LVA,902129
10551439,208,132,9746,2015,1663.0,0.0,1.8068349999999997,0.693389,SWE,LVA,902129
10551440,224,132,9746,2015,0.0,38023.0,0.438669,2.519632,TUR,LVA,902129
10551441,231,132,9746,2015,14092.0,0.0,1.720478,-0.129322,USA,LVA,902129
10551442,14,140,9746,2015,3026.0,0.0,-0.292325,-0.043489,AUS,MKD,902129
10551443,15,140,9746,2015,97894.0,3536.0,1.747098,-0.08026699999999999,AUT,MKD,902129
10551444,18,140,9746,2015,35715.0,0.0,1.329866,1.100641,BEL,MKD,902129
10551445,23,140,9746,2015,10439.0,0.0,0.45640699999999995,1.691455,BGR,MKD,902129
10551446,41,140,9746,2015,83981.0,0.0,2.306075,0.720781,CHE,MKD,902129
10551447,43,140,9746,2015,861.0,0.0,1.077143,1.735757,CHN,MKD,902129
10551448,61,140,9746,2015,141021.0,1576.0,2.203818,-2.307561,DEU,MKD,902129
10551449,71,140,9746,2015,1128.0,0.0,0.8173590000000001,2.442556,ESP,MKD,902129
10551450,77,140,9746,2015,2381.0,0.0,1.479792,0.6490239999999999,FRA,MKD,902129
10551451,100,140,9746,2015,1957.0,0.0,0.7590140000000001,1.257415,HRV,MKD,902129
10551452,104,140,9746,2015,971.0,0.0,0.24230900000000002,2.8190880000000003,IND,MKD,902129
10551453,111,140,9746,2015,4739.0,0.0,1.321127,0.747046,ITA,MKD,902129
10551454,114,140,9746,2015,806.0,0.0,2.516133,-0.484202,JPN,MKD,902129
10551455,121,140,9746,2015,2369.0,0.0,1.900653,0.859406,KOR,MKD,902129
10551456,130,140,9746,2015,10913.0,0.0,0.749429,1.3659860000000001,LTU,MKD,902129
10551457,162,140,9746,2015,68164.0,0.0,1.230104,1.27344,NLD,MKD,902129
10551458,201,140,9746,2015,14536.0,0.0,0.457042,1.324908,SRB,MKD,902129
10551459,207,140,9746,2015,3426.0,0.0,1.6089879999999999,0.833616,SVN,MKD,902129
10551460,224,140,9746,2015,5350.0,0.0,0.438669,2.519632,TUR,MKD,902129
10551461,231,140,9746,2015,14931.0,0.0,1.720478,-0.129322,USA,MKD,902129
10551462,32,142,9746,2015,1195.0,0.0,0.23656799999999997,0.688607,BRA,MLT,902129
10551463,41,142,9746,2015,177348.0,0.0,2.306075,0.720781,CHE,MLT,902129
10551464,61,142,9746,2015,161019.0,0.0,2.203818,-2.307561,DEU,MLT,902129
10551465,64,142,9746,2015,1410.0,0.0,1.157924,1.2045629999999998,DNK,MLT,902129
10551466,77,142,9746,2015,130672.0,0.0,1.479792,0.6490239999999999,FRA,MLT,902129
10551467,81,142,9746,2015,47126.0,0.0,1.7422990000000003,0.75838,GBR,MLT,902129
10551468,97,142,9746,2015,1706.0,0.0,0.8255290000000001,1.8017279999999998,HKG,MLT,902129
10551469,109,142,9746,2015,1841.0,0.0,0.24527600000000002,-0.411616,ISL,MLT,902129
10551470,111,142,9746,2015,141007.0,492197.0,1.321127,0.747046,ITA,MLT,902129
10551471,162,142,9746,2015,27206.0,7701.0,1.230104,1.27344,NLD,MLT,902129
10551472,179,142,9746,2015,0.0,136169.0,0.561922,2.2276380000000002,PRT,MLT,902129
10551473,206,142,9746,2015,0.0,99007.0,1.287133,0.7900560000000001,SVK,MLT,902129
10551474,208,142,9746,2015,9268.0,0.0,1.8068349999999997,0.693389,SWE,MLT,902129
10551475,224,142,9746,2015,7027.0,0.0,0.438669,2.519632,TUR,MLT,902129
10551476,231,142,9746,2015,7512.0,0.0,1.720478,-0.129322,USA,MLT,902129
10551477,43,143,9746,2015,12868.0,0.0,1.077143,1.735757,CHN,MMR,902129
10551478,71,143,9746,2015,2067.0,0.0,0.8173590000000001,2.442556,ESP,MMR,902129
10551479,104,143,9746,2015,1781.0,0.0,0.24230900000000002,2.8190880000000003,IND,MMR,902129
10551480,121,143,9746,2015,32948.0,0.0,1.900653,0.859406,KOR,MMR,902129
10551481,153,143,9746,2015,7162.0,0.0,1.082803,0.811615,MYS,MMR,902129
10551482,192,143,9746,2015,28004.0,0.0,2.05613,0.593065,SGP,MMR,902129
10551483,14,163,9746,2015,8181.0,0.0,-0.292325,-0.043489,AUS,NOR,902129
10551484,15,163,9746,2015,10400.0,0.0,1.747098,-0.08026699999999999,AUT,NOR,902129
10551485,18,163,9746,2015,29519.0,3739.0,1.329866,1.100641,BEL,NOR,902129
10551486,23,163,9746,2015,0.0,3265.0,0.45640699999999995,1.691455,BGR,NOR,902129
10551487,32,163,9746,2015,1500.0,0.0,0.23656799999999997,0.688607,BRA,NOR,902129
10551488,39,163,9746,2015,292429.0,2194.0,0.695867,1.171676,CAN,NOR,902129
10551489,41,163,9746,2015,2472202.0,17855.0,2.306075,0.720781,CHE,NOR,902129
10551490,43,163,9746,2015,43480.0,0.0,1.077143,1.735757,CHN,NOR,902129
10551491,58,163,9746,2015,9707.0,0.0,0.511225,-0.207261,CYP,NOR,902129
10551492,61,163,9746,2015,897199.0,1794.0,2.203818,-2.307561,DEU,NOR,902129
10551493,64,163,9746,2015,61658.0,5258.0,1.157924,1.2045629999999998,DNK,NOR,902129
10551494,67,163,9746,2015,2960.0,0.0,-0.9845959999999999,-1.075639,ECU,NOR,902129
10551495,71,163,9746,2015,390996.0,1454.0,0.8173590000000001,2.442556,ESP,NOR,902129
10551496,74,163,9746,2015,110911.0,8276.0,1.597817,0.998059,FIN,NOR,902129
10551497,77,163,9746,2015,115856.0,16435.0,1.479792,0.6490239999999999,FRA,NOR,902129
10551498,81,163,9746,2015,7360.0,1582.0,1.7422990000000003,0.75838,GBR,NOR,902129
10551499,90,163,9746,2015,1595.0,0.0,0.099027,1.012289,GRC,NOR,902129
10551500,97,163,9746,2015,139747.0,0.0,0.8255290000000001,1.8017279999999998,HKG,NOR,902129
10551501,102,163,9746,2015,29271.0,0.0,1.462839,0.803258,HUN,NOR,902129
10551502,106,163,9746,2015,35274.0,3041.0,1.304942,0.126431,IRL,NOR,902129
10551503,109,163,9746,2015,1755.0,5339.0,0.24527600000000002,-0.411616,ISL,NOR,902129
10551504,110,163,9746,2015,5791.0,4004.0,1.260071,0.545545,ISR,NOR,902129
10551505,111,163,9746,2015,48957.0,0.0,1.321127,0.747046,ITA,NOR,902129
10551506,114,163,9746,2015,11488.0,0.0,2.516133,-0.484202,JPN,NOR,902129
10551507,121,163,9746,2015,8370.0,3825.0,1.900653,0.859406,KOR,NOR,902129
10551508,130,163,9746,2015,62301.0,0.0,0.749429,1.3659860000000001,LTU,NOR,902129
10551509,134,163,9746,2015,1006.0,0.0,-0.7554810000000001,-0.059697,MAR,NOR,902129
10551510,138,163,9746,2015,2746.0,0.0,1.169724,0.61457,MEX,NOR,902129
10551511,153,163,9746,2015,1038.0,0.0,1.082803,0.811615,MYS,NOR,902129
10551512,162,163,9746,2015,1397165.0,91717.0,1.230104,1.27344,NLD,NOR,902129
10551513,168,163,9746,2015,6077.0,0.0,-0.7059979999999999,0.73501,PAK,NOR,902129
10551514,174,163,9746,2015,18721.0,0.0,0.6406270000000001,0.45770200000000005,PHL,NOR,902129
10551515,177,163,9746,2015,4105.0,7615.0,1.145844,1.1449280000000002,POL,NOR,902129
10551516,192,163,9746,2015,13360.0,0.0,2.05613,0.593065,SGP,NOR,902129
10551517,208,163,9746,2015,993916.0,344708.0,1.8068349999999997,0.693389,SWE,NOR,902129
10551518,216,163,9746,2015,63276.0,0.0,0.965888,1.368572,THA,NOR,902129
10551519,224,163,9746,2015,2012.0,5316.0,0.438669,2.519632,TUR,NOR,902129
10551520,231,163,9746,2015,158955.0,53762.0,1.720478,-0.129322,USA,NOR,902129
10551521,41,164,9746,2015,9068.0,0.0,2.306075,0.720781,CHE,NPL,902129
10551522,43,164,9746,2015,5711.0,0.0,1.077143,1.735757,CHN,NPL,902129
10551523,61,164,9746,2015,36776.0,0.0,2.203818,-2.307561,DEU,NPL,902129
10551524,71,164,9746,2015,986.0,0.0,0.8173590000000001,2.442556,ESP,NPL,902129
10551525,77,164,9746,2015,1144.0,0.0,1.479792,0.6490239999999999,FRA,NPL,902129
10551526,104,164,9746,2015,31034.0,0.0,0.24230900000000002,2.8190880000000003,IND,NPL,902129
10551527,110,164,9746,2015,9501.0,0.0,1.260071,0.545545,ISR,NPL,902129
10551528,114,164,9746,2015,47477.0,0.0,2.516133,-0.484202,JPN,NPL,902129
10551529,121,164,9746,2015,16687.0,0.0,1.900653,0.859406,KOR,NPL,902129
10551530,168,164,9746,2015,10516.0,0.0,-0.7059979999999999,0.73501,PAK,NPL,902129
10551531,192,164,9746,2015,13150.0,0.0,2.05613,0.593065,SGP,NPL,902129
10551532,231,164,9746,2015,3951.0,0.0,1.720478,-0.129322,USA,NPL,902129
10551533,41,167,9746,2015,276193.0,0.0,2.306075,0.720781,CHE,OMN,902129
10551534,43,167,9746,2015,22450.0,0.0,1.077143,1.735757,CHN,OMN,902129
10551535,61,167,9746,2015,104911.0,0.0,2.203818,-2.307561,DEU,OMN,902129
10551536,71,167,9746,2015,2446.0,0.0,0.8173590000000001,2.442556,ESP,OMN,902129
10551537,77,167,9746,2015,20239.0,0.0,1.479792,0.6490239999999999,FRA,OMN,902129
10551538,111,167,9746,2015,9987.0,0.0,1.321127,0.747046,ITA,OMN,902129
10551539,231,167,9746,2015,282182.0,0.0,1.720478,-0.129322,USA,OMN,902129
10551540,7,183,9746,2015,51151.0,0.0,0.21779600000000002,-0.0047420000000000006,ARE,QAT,902129
10551541,41,183,9746,2015,583804.0,0.0,2.306075,0.720781,CHE,QAT,902129
10551542,43,183,9746,2015,6930.0,0.0,1.077143,1.735757,CHN,QAT,902129
10551543,61,183,9746,2015,570667.0,0.0,2.203818,-2.307561,DEU,QAT,902129
10551544,81,183,9746,2015,1887.0,0.0,1.7422990000000003,0.75838,GBR,QAT,902129
10551545,111,183,9746,2015,8501.0,0.0,1.321127,0.747046,ITA,QAT,902129
10551546,113,183,9746,2015,49175.0,0.0,0.121172,0.457301,JOR,QAT,902129
10551547,138,183,9746,2015,36665.0,0.0,1.169724,0.61457,MEX,QAT,902129
10551548,208,183,9746,2015,2939.0,0.0,1.8068349999999997,0.693389,SWE,QAT,902129
10551549,231,183,9746,2015,330252.0,0.0,1.720478,-0.129322,USA,QAT,902129
10551550,5,185,9746,2015,0.0,7042.0,0.850153,0.383793,AND,ROU,902129
10551551,15,185,9746,2015,471356.0,0.0,1.747098,-0.08026699999999999,AUT,ROU,902129
10551552,18,185,9746,2015,65004.0,0.0,1.329866,1.100641,BEL,ROU,902129
10551553,23,185,9746,2015,9567.0,1117.0,0.45640699999999995,1.691455,BGR,ROU,902129
10551554,32,185,9746,2015,96099.0,0.0,0.23656799999999997,0.688607,BRA,ROU,902129
10551555,41,185,9746,2015,324757.0,1546.0,2.306075,0.720781,CHE,ROU,902129
10551556,43,185,9746,2015,16359.0,0.0,1.077143,1.735757,CHN,ROU,902129
10551557,58,185,9746,2015,0.0,2098.0,0.511225,-0.207261,CYP,ROU,902129
10551558,59,185,9746,2015,94301.0,0.0,1.743012,0.45424,CZE,ROU,902129
10551559,61,185,9746,2015,2496802.0,104633.0,2.203818,-2.307561,DEU,ROU,902129
10551560,64,185,9746,2015,2640.0,0.0,1.157924,1.2045629999999998,DNK,ROU,902129
10551561,71,185,9746,2015,157537.0,0.0,0.8173590000000001,2.442556,ESP,ROU,902129
10551562,77,185,9746,2015,406436.0,0.0,1.479792,0.6490239999999999,FRA,ROU,902129
10551563,81,185,9746,2015,2011.0,0.0,1.7422990000000003,0.75838,GBR,ROU,902129
10551564,97,185,9746,2015,459.0,0.0,0.8255290000000001,1.8017279999999998,HKG,ROU,902129
10551565,102,185,9746,2015,99602.0,33361.0,1.462839,0.803258,HUN,ROU,902129
10551566,104,185,9746,2015,1943.0,0.0,0.24230900000000002,2.8190880000000003,IND,ROU,902129
10551567,106,185,9746,2015,144732.0,0.0,1.304942,0.126431,IRL,ROU,902129
10551568,110,185,9746,2015,1519303.0,0.0,1.260071,0.545545,ISR,ROU,902129
10551569,111,185,9746,2015,383907.0,17094.0,1.321127,0.747046,ITA,ROU,902129
10551570,114,185,9746,2015,36206.0,0.0,2.516133,-0.484202,JPN,ROU,902129
10551571,121,185,9746,2015,2375749.0,0.0,1.900653,0.859406,KOR,ROU,902129
10551572,130,185,9746,2015,6894.0,0.0,0.749429,1.3659860000000001,LTU,ROU,902129
10551573,135,185,9746,2015,0.0,91371.0,-0.313837,-0.20393,MDA,ROU,902129
10551574,162,185,9746,2015,470832.0,73939.0,1.230104,1.27344,NLD,ROU,902129
10551575,177,185,9746,2015,54364.0,0.0,1.145844,1.1449280000000002,POL,ROU,902129
10551576,179,185,9746,2015,21317.0,0.0,0.561922,2.2276380000000002,PRT,ROU,902129
10551577,188,185,9746,2015,0.0,4696.0,0.5552520000000001,-0.7263229999999999,SAU,ROU,902129
10551578,206,185,9746,2015,0.0,7910.0,1.287133,0.7900560000000001,SVK,ROU,902129
10551579,207,185,9746,2015,1427.0,0.0,1.6089879999999999,0.833616,SVN,ROU,902129
10551580,208,185,9746,2015,2790.0,0.0,1.8068349999999997,0.693389,SWE,ROU,902129
10551581,224,185,9746,2015,35548.0,0.0,0.438669,2.519632,TUR,ROU,902129
10551582,231,185,9746,2015,431632.0,3372.0,1.720478,-0.129322,USA,ROU,902129
10551583,246,185,9746,2015,0.0,4693.0,0.24944699999999997,1.7573159999999999,ZAF,ROU,902129
10551584,9,186,9746,2015,0.0,3462.0,0.037579,-0.42448800000000003,ARM,RUS,902129
10551585,18,186,9746,2015,17057.0,0.0,1.329866,1.100641,BEL,RUS,902129
10551586,23,186,9746,2015,37387.0,0.0,0.45640699999999995,1.691455,BGR,RUS,902129
10551587,28,186,9746,2015,717952.0,26710.0,0.672499,0.5584020000000001,BLR,RUS,902129
10551588,32,186,9746,2015,52482.0,0.0,0.23656799999999997,0.688607,BRA,RUS,902129
10551589,41,186,9746,2015,4043702.0,165323.0,2.306075,0.720781,CHE,RUS,902129
10551590,43,186,9746,2015,183538.0,0.0,1.077143,1.735757,CHN,RUS,902129
10551591,59,186,9746,2015,30548.0,0.0,1.743012,0.45424,CZE,RUS,902129
10551592,61,186,9746,2015,18525988.0,1576.0,2.203818,-2.307561,DEU,RUS,902129
10551593,71,186,9746,2015,3704.0,15603.0,0.8173590000000001,2.442556,ESP,RUS,902129
10551594,72,186,9746,2015,49103.0,0.0,0.9281149999999999,1.1780389999999998,EST,RUS,902129
10551595,74,186,9746,2015,731014.0,0.0,1.597817,0.998059,FIN,RUS,902129
10551596,77,186,9746,2015,1084022.0,0.0,1.479792,0.6490239999999999,FRA,RUS,902129
10551597,81,186,9746,2015,124492.0,0.0,1.7422990000000003,0.75838,GBR,RUS,902129
10551598,82,186,9746,2015,0.0,8253.0,-0.343663,-0.588017,GEO,RUS,902129
10551599,104,186,9746,2015,6957.0,2140.0,0.24230900000000002,2.8190880000000003,IND,RUS,902129
10551600,110,186,9746,2015,6190591.0,0.0,1.260071,0.545545,ISR,RUS,902129
10551601,111,186,9746,2015,947708.0,10729.0,1.321127,0.747046,ITA,RUS,902129
10551602,114,186,9746,2015,83555.0,0.0,2.516133,-0.484202,JPN,RUS,902129
10551603,115,186,9746,2015,1712.0,143448.0,-0.45091499999999995,-0.652026,KAZ,RUS,902129
10551604,117,186,9746,2015,0.0,15409.0,0.02058,0.438692,KGZ,RUS,902129
10551605,121,186,9746,2015,14756159.0,0.0,1.900653,0.859406,KOR,RUS,902129
10551606,124,186,9746,2015,0.0,2543.0,0.317355,1.330374,LBN,RUS,902129
10551607,130,186,9746,2015,0.0,2310.0,0.749429,1.3659860000000001,LTU,RUS,902129
10551608,132,186,9746,2015,544255.0,0.0,0.602209,1.125357,LVA,RUS,902129
10551609,135,186,9746,2015,0.0,1731.0,-0.313837,-0.20393,MDA,RUS,902129
10551610,138,186,9746,2015,425113.0,0.0,1.169724,0.61457,MEX,RUS,902129
10551611,162,186,9746,2015,31666878.0,724892.0,1.230104,1.27344,NLD,RUS,902129
10551612,208,186,9746,2015,2286755.0,0.0,1.8068349999999997,0.693389,SWE,RUS,902129
10551613,219,186,9746,2015,0.0,12973.0,-1.546516,-1.315803,TKM,RUS,902129
10551614,223,186,9746,2015,0.0,815.0,0.140202,0.967591,TUN,RUS,902129
10551615,228,186,9746,2015,396181.0,1383.0,0.429879,0.701813,UKR,RUS,902129
10551616,231,186,9746,2015,1092808.0,0.0,1.720478,-0.129322,USA,RUS,902129
10551617,246,186,9746,2015,67234.0,0.0,0.24944699999999997,1.7573159999999999,ZAF,RUS,902129
10551618,249,186,9746,2015,12818.0,0.0,1.962832,1.214982,TWN,RUS,902129
10551619,41,191,9746,2015,682.0,0.0,2.306075,0.720781,CHE,SEN,902129
10551620,43,191,9746,2015,1678.0,0.0,1.077143,1.735757,CHN,SEN,902129
10551621,61,191,9746,2015,5619.0,0.0,2.203818,-2.307561,DEU,SEN,902129
10551622,71,191,9746,2015,32978.0,0.0,0.8173590000000001,2.442556,ESP,SEN,902129
10551623,77,191,9746,2015,40361.0,0.0,1.479792,0.6490239999999999,FRA,SEN,902129
10551624,111,191,9746,2015,0.0,1675.0,1.321127,0.747046,ITA,SEN,902129
10551625,162,191,9746,2015,23621.0,0.0,1.230104,1.27344,NLD,SEN,902129
10551626,224,191,9746,2015,2066.0,0.0,0.438669,2.519632,TUR,SEN,902129
10551627,231,191,9746,2015,1104.0,0.0,1.720478,-0.129322,USA,SEN,902129
10551628,4,201,9746,2015,0.0,14468.0,-0.601875,-0.27003,ALB,SRB,902129
10551629,15,201,9746,2015,87502.0,0.0,1.747098,-0.08026699999999999,AUT,SRB,902129
10551630,18,201,9746,2015,10654.0,0.0,1.329866,1.100641,BEL,SRB,902129
10551631,32,201,9746,2015,19327.0,0.0,0.23656799999999997,0.688607,BRA,SRB,902129
10551632,41,201,9746,2015,630464.0,0.0,2.306075,0.720781,CHE,SRB,902129
10551633,43,201,9746,2015,1209.0,0.0,1.077143,1.735757,CHN,SRB,902129
10551634,59,201,9746,2015,27431.0,0.0,1.743012,0.45424,CZE,SRB,902129
10551635,61,201,9746,2015,307671.0,0.0,2.203818,-2.307561,DEU,SRB,902129
10551636,74,201,9746,2015,4772.0,0.0,1.597817,0.998059,FIN,SRB,902129
10551637,77,201,9746,2015,3111.0,0.0,1.479792,0.6490239999999999,FRA,SRB,902129
10551638,81,201,9746,2015,7867.0,0.0,1.7422990000000003,0.75838,GBR,SRB,902129
10551639,100,201,9746,2015,1450.0,12914.0,0.7590140000000001,1.257415,HRV,SRB,902129
10551640,102,201,9746,2015,39201.0,0.0,1.462839,0.803258,HUN,SRB,902129
10551641,110,201,9746,2015,21192.0,0.0,1.260071,0.545545,ISR,SRB,902129
10551642,111,201,9746,2015,120947.0,10777.0,1.321127,0.747046,ITA,SRB,902129
10551643,114,201,9746,2015,20536.0,0.0,2.516133,-0.484202,JPN,SRB,902129
10551644,121,201,9746,2015,26459.0,0.0,1.900653,0.859406,KOR,SRB,902129
10551645,138,201,9746,2015,16664.0,0.0,1.169724,0.61457,MEX,SRB,902129
10551646,140,201,9746,2015,0.0,14536.0,-0.09009600000000001,-0.147359,MKD,SRB,902129
10551647,144,201,9746,2015,4418.0,31573.0,-0.048385000000000004,-0.150759,MNE,SRB,902129
10551648,162,201,9746,2015,604638.0,0.0,1.230104,1.27344,NLD,SRB,902129
10551649,177,201,9746,2015,3356.0,0.0,1.145844,1.1449280000000002,POL,SRB,902129
10551650,207,201,9746,2015,256046.0,993.0,1.6089879999999999,0.833616,SVN,SRB,902129
10551651,208,201,9746,2015,6109.0,0.0,1.8068349999999997,0.693389,SWE,SRB,902129
10551652,231,201,9746,2015,98898.0,0.0,1.720478,-0.129322,USA,SRB,902129
10551653,14,206,9746,2015,0.0,1021.0,-0.292325,-0.043489,AUS,SVK,902129
10551654,15,206,9746,2015,376015.0,60171.0,1.747098,-0.08026699999999999,AUT,SVK,902129
10551655,18,206,9746,2015,60449.0,0.0,1.329866,1.100641,BEL,SVK,902129
10551656,32,206,9746,2015,3175.0,0.0,0.23656799999999997,0.688607,BRA,SVK,902129
10551657,41,206,9746,2015,261506.0,0.0,2.306075,0.720781,CHE,SVK,902129
10551658,43,206,9746,2015,1121.0,0.0,1.077143,1.735757,CHN,SVK,902129
10551659,59,206,9746,2015,175566.0,115158.0,1.743012,0.45424,CZE,SVK,902129
10551660,61,206,9746,2015,409625.0,0.0,2.203818,-2.307561,DEU,SVK,902129
10551661,64,206,9746,2015,7976.0,0.0,1.157924,1.2045629999999998,DNK,SVK,902129
10551662,71,206,9746,2015,12323.0,0.0,0.8173590000000001,2.442556,ESP,SVK,902129
10551663,74,206,9746,2015,26451.0,0.0,1.597817,0.998059,FIN,SVK,902129
10551664,77,206,9746,2015,81404.0,0.0,1.479792,0.6490239999999999,FRA,SVK,902129
10551665,81,206,9746,2015,44641.0,3989.0,1.7422990000000003,0.75838,GBR,SVK,902129
10551666,100,206,9746,2015,249544.0,0.0,0.7590140000000001,1.257415,HRV,SVK,902129
10551667,102,206,9746,2015,6489.0,0.0,1.462839,0.803258,HUN,SVK,902129
10551668,104,206,9746,2015,1749.0,0.0,0.24230900000000002,2.8190880000000003,IND,SVK,902129
10551669,106,206,9746,2015,1378.0,0.0,1.304942,0.126431,IRL,SVK,902129
10551670,113,206,9746,2015,0.0,15893.0,0.121172,0.457301,JOR,SVK,902129
10551671,114,206,9746,2015,869.0,0.0,2.516133,-0.484202,JPN,SVK,902129
10551672,121,206,9746,2015,38819.0,0.0,1.900653,0.859406,KOR,SVK,902129
10551673,142,206,9746,2015,99007.0,0.0,0.880893,-0.117585,MLT,SVK,902129
10551674,162,206,9746,2015,10104.0,231125.0,1.230104,1.27344,NLD,SVK,902129
10551675,166,206,9746,2015,849.0,0.0,0.224598,0.253179,NZL,SVK,902129
10551676,177,206,9746,2015,25812.0,1661.0,1.145844,1.1449280000000002,POL,SVK,902129
10551677,185,206,9746,2015,7910.0,0.0,0.946363,1.056775,ROU,SVK,902129
10551678,207,206,9746,2015,21478.0,0.0,1.6089879999999999,0.833616,SVN,SVK,902129
10551679,208,206,9746,2015,1827.0,0.0,1.8068349999999997,0.693389,SWE,SVK,902129
10551680,224,206,9746,2015,17597.0,0.0,0.438669,2.519632,TUR,SVK,902129
10551681,231,206,9746,2015,87766.0,0.0,1.720478,-0.129322,USA,SVK,902129
10551682,250,206,9746,2015,1249934.0,0.0,0.377283,-0.092204,ANS,SVK,902129
10551683,7,207,9746,2015,3533.0,0.0,0.21779600000000002,-0.0047420000000000006,ARE,SVN,902129
10551684,15,207,9746,2015,671665.0,5725.0,1.747098,-0.08026699999999999,AUT,SVN,902129
10551685,18,207,9746,2015,191936.0,0.0,1.329866,1.100641,BEL,SVN,902129
10551686,26,207,9746,2015,0.0,29000.0,0.355903,0.723092,BIH,SVN,902129
10551687,32,207,9746,2015,10092.0,0.0,0.23656799999999997,0.688607,BRA,SVN,902129
10551688,39,207,9746,2015,6912.0,0.0,0.695867,1.171676,CAN,SVN,902129
10551689,41,207,9746,2015,53714.0,9421.0,2.306075,0.720781,CHE,SVN,902129
10551690,59,207,9746,2015,3784.0,19493.0,1.743012,0.45424,CZE,SVN,902129
10551691,61,207,9746,2015,1266783.0,10524.0,2.203818,-2.307561,DEU,SVN,902129
10551692,64,207,9746,2015,1702.0,0.0,1.157924,1.2045629999999998,DNK,SVN,902129
10551693,71,207,9746,2015,10366.0,4760.0,0.8173590000000001,2.442556,ESP,SVN,902129
10551694,74,207,9746,2015,9025.0,0.0,1.597817,0.998059,FIN,SVN,902129
10551695,77,207,9746,2015,30895.0,2494.0,1.479792,0.6490239999999999,FRA,SVN,902129
10551696,90,207,9746,2015,0.0,1801.0,0.099027,1.012289,GRC,SVN,902129
10551697,100,207,9746,2015,352922.0,691289.0,0.7590140000000001,1.257415,HRV,SVN,902129
10551698,102,207,9746,2015,4322.0,11153.0,1.462839,0.803258,HUN,SVN,902129
10551699,110,207,9746,2015,2186.0,0.0,1.260071,0.545545,ISR,SVN,902129
10551700,111,207,9746,2015,118565.0,9995.0,1.321127,0.747046,ITA,SVN,902129
10551701,113,207,9746,2015,0.0,78710.0,0.121172,0.457301,JOR,SVN,902129
10551702,114,207,9746,2015,1050.0,0.0,2.516133,-0.484202,JPN,SVN,902129
10551703,121,207,9746,2015,44865.0,0.0,1.900653,0.859406,KOR,SVN,902129
10551704,122,207,9746,2015,0.0,11575.0,-0.352023,-1.153057,KWT,SVN,902129
10551705,140,207,9746,2015,0.0,3426.0,-0.09009600000000001,-0.147359,MKD,SVN,902129
10551706,144,207,9746,2015,0.0,38767.0,-0.048385000000000004,-0.150759,MNE,SVN,902129
10551707,153,207,9746,2015,0.0,1459.0,1.082803,0.811615,MYS,SVN,902129
10551708,162,207,9746,2015,6604.0,35674.0,1.230104,1.27344,NLD,SVN,902129
10551709,177,207,9746,2015,1058.0,11606.0,1.145844,1.1449280000000002,POL,SVN,902129
10551710,179,207,9746,2015,0.0,499936.0,0.561922,2.2276380000000002,PRT,SVN,902129
10551711,185,207,9746,2015,0.0,1427.0,0.946363,1.056775,ROU,SVN,902129
10551712,201,207,9746,2015,993.0,256046.0,0.457042,1.324908,SRB,SVN,902129
10551713,206,207,9746,2015,0.0,21478.0,1.287133,0.7900560000000001,SVK,SVN,902129
10551714,208,207,9746,2015,45470.0,0.0,1.8068349999999997,0.693389,SWE,SVN,902129
10551715,231,207,9746,2015,57254.0,11087.0,1.720478,-0.129322,USA,SVN,902129
10551716,239,207,9746,2015,0.0,949.0,-0.17108900000000002,1.10995,VNM,SVN,902129
10551717,61,217,9746,2015,30157.0,0.0,2.203818,-2.307561,DEU,TJK,902129
10551718,121,217,9746,2015,118788.0,0.0,1.900653,0.859406,KOR,TJK,902129
10551719,121,219,9746,2015,3337.0,0.0,1.900653,0.859406,KOR,TKM,902129
10551720,186,219,9746,2015,12973.0,0.0,0.23119,0.035965,RUS,TKM,902129
10551721,104,226,9746,2015,7192.0,0.0,0.24230900000000002,2.8190880000000003,IND,TZA,902129
10551722,121,226,9746,2015,4343.0,0.0,1.900653,0.859406,KOR,TZA,902129
10551723,162,226,9746,2015,1406.0,0.0,1.230104,1.27344,NLD,TZA,902129
10551724,231,226,9746,2015,5355.0,0.0,1.720478,-0.129322,USA,TZA,902129
10551725,246,226,9746,2015,32610.0,0.0,0.24944699999999997,1.7573159999999999,ZAF,TZA,902129
10551726,61,232,9746,2015,70504.0,0.0,2.203818,-2.307561,DEU,UZB,902129
10551727,77,232,9746,2015,2476.0,0.0,1.479792,0.6490239999999999,FRA,UZB,902129
10551728,111,232,9746,2015,3874.0,0.0,1.321127,0.747046,ITA,UZB,902129
10551729,121,232,9746,2015,497461.0,0.0,1.900653,0.859406,KOR,UZB,902129
10551730,162,232,9746,2015,2055.0,0.0,1.230104,1.27344,NLD,UZB,902129
10551731,14,239,9746,2015,163747.0,0.0,-0.292325,-0.043489,AUS,VNM,902129
10551732,32,239,9746,2015,7808.0,0.0,0.23656799999999997,0.688607,BRA,VNM,902129
10551733,39,239,9746,2015,0.0,1923.0,0.695867,1.171676,CAN,VNM,902129
10551734,41,239,9746,2015,200403.0,5674.0,2.306075,0.720781,CHE,VNM,902129
10551735,43,239,9746,2015,78323.0,0.0,1.077143,1.735757,CHN,VNM,902129
10551736,58,239,9746,2015,0.0,1420.0,0.511225,-0.207261,CYP,VNM,902129
10551737,59,239,9746,2015,45885.0,0.0,1.743012,0.45424,CZE,VNM,902129
10551738,61,239,9746,2015,200083.0,15339.0,2.203818,-2.307561,DEU,VNM,902129
10551739,71,239,9746,2015,51400.0,27330.0,0.8173590000000001,2.442556,ESP,VNM,902129
10551740,77,239,9746,2015,148536.0,74106.0,1.479792,0.6490239999999999,FRA,VNM,902129
10551741,97,239,9746,2015,285166.0,71006.0,0.8255290000000001,1.8017279999999998,HKG,VNM,902129
10551742,104,239,9746,2015,32252.0,0.0,0.24230900000000002,2.8190880000000003,IND,VNM,902129
10551743,110,239,9746,2015,8540.0,1882.0,1.260071,0.545545,ISR,VNM,902129
10551744,111,239,9746,2015,46297.0,15769.0,1.321127,0.747046,ITA,VNM,902129
10551745,114,239,9746,2015,281823.0,0.0,2.516133,-0.484202,JPN,VNM,902129
10551746,121,239,9746,2015,1311840.0,43454.0,1.900653,0.859406,KOR,VNM,902129
10551747,153,239,9746,2015,0.0,11071.0,1.082803,0.811615,MYS,VNM,902129
10551748,162,239,9746,2015,24248.0,0.0,1.230104,1.27344,NLD,VNM,902129
10551749,192,239,9746,2015,106922.0,2489.0,2.05613,0.593065,SGP,VNM,902129
10551750,207,239,9746,2015,949.0,0.0,1.6089879999999999,0.833616,SVN,VNM,902129
10551751,208,239,9746,2015,16491.0,0.0,1.8068349999999997,0.693389,SWE,VNM,902129
10551752,216,239,9746,2015,7571.0,0.0,0.965888,1.368572,THA,VNM,902129
10551753,231,239,9746,2015,402159.0,388107.0,1.720478,-0.129322,USA,VNM,902129
10551754,249,239,9746,2015,159176.0,0.0,1.962832,1.214982,TWN,VNM,902129
10551755,250,239,9746,2015,4174.0,0.0,0.377283,-0.092204,ANS,VNM,902129
10551756,166,242,9746,2015,2949.0,0.0,0.224598,0.253179,NZL,WSM,902129
10551757,102,1,9746,2015,9304.0,0.0,1.462839,0.803258,HUN,AFG,902129
10551758,174,1,9746,2015,20617.0,0.0,0.6406270000000001,0.45770200000000005,PHL,AFG,902129
10551759,231,1,9746,2015,5025.0,0.0,1.720478,-0.129322,USA,AFG,902129
10551760,18,4,9746,2015,3700.0,0.0,1.329866,1.100641,BEL,ALB,902129
10551761,43,4,9746,2015,6108.0,0.0,1.077143,1.735757,CHN,ALB,902129
10551762,61,4,9746,2015,238608.0,0.0,2.203818,-2.307561,DEU,ALB,902129
10551763,71,4,9746,2015,65855.0,0.0,0.8173590000000001,2.442556,ESP,ALB,902129
10551764,77,4,9746,2015,1293.0,0.0,1.479792,0.6490239999999999,FRA,ALB,902129
10551765,102,4,9746,2015,1697.0,0.0,1.462839,0.803258,HUN,ALB,902129
10551766,111,4,9746,2015,142616.0,20710.0,1.321127,0.747046,ITA,ALB,902129
10551767,121,4,9746,2015,447972.0,0.0,1.900653,0.859406,KOR,ALB,902129
10551768,130,4,9746,2015,15290.0,0.0,0.749429,1.3659860000000001,LTU,ALB,902129
10551769,162,4,9746,2015,1451.0,0.0,1.230104,1.27344,NLD,ALB,902129
10551770,201,4,9746,2015,14468.0,0.0,0.457042,1.324908,SRB,ALB,902129
10551771,208,4,9746,2015,16015.0,0.0,1.8068349999999997,0.693389,SWE,ALB,902129
10551772,224,4,9746,2015,5858.0,0.0,0.438669,2.519632,TUR,ALB,902129
10551773,231,4,9746,2015,7219.0,0.0,1.720478,-0.129322,USA,ALB,902129
10551774,33,13,9746,2015,0.0,782.0,0.453689,0.039237,BRB,ATG,902129
10551775,231,13,9746,2015,4133.0,0.0,1.720478,-0.129322,USA,ATG,902129
10551776,77,19,9746,2015,5535.0,0.0,1.479792,0.6490239999999999,FRA,BEN,902129
10551777,121,19,9746,2015,9026.0,0.0,1.900653,0.859406,KOR,BEN,902129
10551778,77,21,9746,2015,20434.0,0.0,1.479792,0.6490239999999999,FRA,BFA,902129
10551779,15,26,9746,2015,1829.0,0.0,1.747098,-0.08026699999999999,AUT,BIH,902129
10551780,18,26,9746,2015,7954.0,269151.0,1.329866,1.100641,BEL,BIH,902129
10551781,32,26,9746,2015,77.0,0.0,0.23656799999999997,0.688607,BRA,BIH,902129
10551782,41,26,9746,2015,12204.0,0.0,2.306075,0.720781,CHE,BIH,902129
10551783,61,26,9746,2015,13531.0,0.0,2.203818,-2.307561,DEU,BIH,902129
10551784,77,26,9746,2015,5092.0,0.0,1.479792,0.6490239999999999,FRA,BIH,902129
10551785,100,26,9746,2015,104876.0,1221.0,0.7590140000000001,1.257415,HRV,BIH,902129
10551786,110,26,9746,2015,326.0,0.0,1.260071,0.545545,ISR,BIH,902129
10551787,111,26,9746,2015,10641.0,0.0,1.321127,0.747046,ITA,BIH,902129
10551788,114,26,9746,2015,183.0,0.0,2.516133,-0.484202,JPN,BIH,902129
10551789,177,26,9746,2015,3131.0,0.0,1.145844,1.1449280000000002,POL,BIH,902129
10551790,207,26,9746,2015,29000.0,0.0,1.6089879999999999,0.833616,SVN,BIH,902129
10551791,231,26,9746,2015,15238.0,0.0,1.720478,-0.129322,USA,BIH,902129
10551792,249,26,9746,2015,370.0,0.0,1.962832,1.214982,TWN,BIH,902129
10551793,208,37,9746,2015,4427.0,0.0,1.8068349999999997,0.693389,SWE,BWA,902129
10551794,246,37,9746,2015,6218.0,0.0,0.24944699999999997,1.7573159999999999,ZAF,BWA,902129
10551795,77,45,9746,2015,1785.0,0.0,1.479792,0.6490239999999999,FRA,CMR,902129
10551796,77,47,9746,2015,2523.0,0.0,1.479792,0.6490239999999999,FRA,COG,902129
10551797,43,54,9746,2015,293579.0,0.0,1.077143,1.735757,CHN,CUB,902129
10551798,71,54,9746,2015,55633.0,0.0,0.8173590000000001,2.442556,ESP,CUB,902129
10551799,104,54,9746,2015,30380.0,0.0,0.24230900000000002,2.8190880000000003,IND,CUB,902129
10551800,169,54,9746,2015,101172.0,0.0,0.642058,0.833392,PAN,CUB,902129
10551801,41,58,9746,2015,6619.0,27492.0,2.306075,0.720781,CHE,CYP,902129
10551802,43,58,9746,2015,3147.0,0.0,1.077143,1.735757,CHN,CYP,902129
10551803,61,58,9746,2015,379409.0,0.0,2.203818,-2.307561,DEU,CYP,902129
10551804,90,58,9746,2015,11571.0,5059.0,0.099027,1.012289,GRC,CYP,902129
10551805,106,58,9746,2015,34415.0,0.0,1.304942,0.126431,IRL,CYP,902129
10551806,110,58,9746,2015,111941.0,0.0,1.260071,0.545545,ISR,CYP,902129
10551807,111,58,9746,2015,11256.0,0.0,1.321127,0.747046,ITA,CYP,902129
10551808,114,58,9746,2015,27571.0,0.0,2.516133,-0.484202,JPN,CYP,902129
10551809,121,58,9746,2015,68663.0,0.0,1.900653,0.859406,KOR,CYP,902129
10551810,130,58,9746,2015,0.0,21779.0,0.749429,1.3659860000000001,LTU,CYP,902129
10551811,132,58,9746,2015,0.0,102226.0,0.602209,1.125357,LVA,CYP,902129
10551812,162,58,9746,2015,80905.0,10687.0,1.230104,1.27344,NLD,CYP,902129
10551813,163,58,9746,2015,0.0,9707.0,0.950708,0.314339,NOR,CYP,902129
10551814,177,58,9746,2015,4831.0,0.0,1.145844,1.1449280000000002,POL,CYP,902129
10551815,185,58,9746,2015,2098.0,0.0,0.946363,1.056775,ROU,CYP,902129
10551816,188,58,9746,2015,0.0,4074.0,0.5552520000000001,-0.7263229999999999,SAU,CYP,902129
10551817,208,58,9746,2015,3090.0,0.0,1.8068349999999997,0.693389,SWE,CYP,902129
10551818,216,58,9746,2015,959.0,0.0,0.965888,1.368572,THA,CYP,902129
10551819,224,58,9746,2015,3265.0,0.0,0.438669,2.519632,TUR,CYP,902129
10551820,231,58,9746,2015,27717.0,0.0,1.720478,-0.129322,USA,CYP,902129
10551821,239,58,9746,2015,1420.0,0.0,-0.17108900000000002,1.10995,VNM,CYP,902129
10551822,77,62,9746,2015,12728.0,0.0,1.479792,0.6490239999999999,FRA,DJI,902129
10551823,18,66,9746,2015,3875.0,0.0,1.329866,1.100641,BEL,DZA,902129
10551824,39,66,9746,2015,2044.0,0.0,0.695867,1.171676,CAN,DZA,902129
10551825,41,66,9746,2015,120431.0,0.0,2.306075,0.720781,CHE,DZA,902129
10551826,43,66,9746,2015,25863.0,0.0,1.077143,1.735757,CHN,DZA,902129
10551827,61,66,9746,2015,429741.0,0.0,2.203818,-2.307561,DEU,DZA,902129
10551828,71,66,9746,2015,4069.0,0.0,0.8173590000000001,2.442556,ESP,DZA,902129
10551829,77,66,9746,2015,763691.0,0.0,1.479792,0.6490239999999999,FRA,DZA,902129
10551830,111,66,9746,2015,131721.0,0.0,1.321127,0.747046,ITA,DZA,902129
10551831,114,66,9746,2015,5990.0,0.0,2.516133,-0.484202,JPN,DZA,902129
10551832,121,66,9746,2015,78884.0,0.0,1.900653,0.859406,KOR,DZA,902129
10551833,131,66,9746,2015,8208.0,0.0,1.218924,1.247152,LUX,DZA,902129
10551834,162,66,9746,2015,4360.0,0.0,1.230104,1.27344,NLD,DZA,902129
10551835,224,66,9746,2015,29112.0,0.0,0.438669,2.519632,TUR,DZA,902129
10551836,231,66,9746,2015,6829.0,0.0,1.720478,-0.129322,USA,DZA,902129
10551837,61,73,9746,2015,5787.0,0.0,2.203818,-2.307561,DEU,ETH,902129
10551838,104,73,9746,2015,2114.0,0.0,0.24230900000000002,2.8190880000000003,IND,ETH,902129
10551839,111,73,9746,2015,996.0,0.0,1.321127,0.747046,ITA,ETH,902129
10551840,208,73,9746,2015,1633.0,0.0,1.8068349999999997,0.693389,SWE,ETH,902129
10551841,231,73,9746,2015,34200.0,0.0,1.720478,-0.129322,USA,ETH,902129
10551842,77,80,9746,2015,8604.0,0.0,1.479792,0.6490239999999999,FRA,GAB,902129
10551843,61,83,9746,2015,5007.0,0.0,2.203818,-2.307561,DEU,GHA,902129
10551844,71,83,9746,2015,5467.0,0.0,0.8173590000000001,2.442556,ESP,GHA,902129
10551845,231,83,9746,2015,14833.0,0.0,1.720478,-0.129322,USA,GHA,902129
10551846,246,83,9746,2015,1515.0,0.0,0.24944699999999997,1.7573159999999999,ZAF,GHA,902129
10551847,71,84,9746,2015,14136.0,0.0,0.8173590000000001,2.442556,ESP,GIB,902129
10551848,81,84,9746,2015,34264.0,0.0,1.7422990000000003,0.75838,GBR,GIB,902129
10551849,111,85,9746,2015,3070.0,0.0,1.321127,0.747046,ITA,GIN,902129
10551850,104,96,9746,2015,8221.0,0.0,0.24230900000000002,2.8190880000000003,IND,GUY,902129
10551851,169,96,9746,2015,2480.0,0.0,0.642058,0.833392,PAN,GUY,902129
10551852,231,96,9746,2015,164857.0,0.0,1.720478,-0.129322,USA,GUY,902129
10551853,18,109,9746,2015,1872.0,897.0,1.329866,1.100641,BEL,ISL,902129
10551854,41,109,9746,2015,130946.0,0.0,2.306075,0.720781,CHE,ISL,902129
10551855,43,109,9746,2015,5580.0,0.0,1.077143,1.735757,CHN,ISL,902129
10551856,61,109,9746,2015,68926.0,0.0,2.203818,-2.307561,DEU,ISL,902129
10551857,64,109,9746,2015,14613.0,0.0,1.157924,1.2045629999999998,DNK,ISL,902129
10551858,71,109,9746,2015,868.0,0.0,0.8173590000000001,2.442556,ESP,ISL,902129
10551859,72,109,9746,2015,3927.0,0.0,0.9281149999999999,1.1780389999999998,EST,ISL,902129
10551860,74,109,9746,2015,1778.0,0.0,1.597817,0.998059,FIN,ISL,902129
10551861,77,109,9746,2015,4900.0,0.0,1.479792,0.6490239999999999,FRA,ISL,902129
10551862,81,109,9746,2015,2563.0,0.0,1.7422990000000003,0.75838,GBR,ISL,902129
10551863,97,109,9746,2015,1454.0,0.0,0.8255290000000001,1.8017279999999998,HKG,ISL,902129
10551864,106,109,9746,2015,1403.0,0.0,1.304942,0.126431,IRL,ISL,902129
10551865,111,109,9746,2015,6138.0,0.0,1.321127,0.747046,ITA,ISL,902129
10551866,142,109,9746,2015,0.0,1841.0,0.880893,-0.117585,MLT,ISL,902129
10551867,162,109,9746,2015,171586.0,0.0,1.230104,1.27344,NLD,ISL,902129
10551868,163,109,9746,2015,5339.0,1755.0,0.950708,0.314339,NOR,ISL,902129
10551869,208,109,9746,2015,198424.0,3594.0,1.8068349999999997,0.693389,SWE,ISL,902129
10551870,231,109,9746,2015,5744.0,2402.0,1.720478,-0.129322,USA,ISL,902129
10551871,43,118,9746,2015,2944.0,0.0,1.077143,1.735757,CHN,KHM,902129
10551872,61,118,9746,2015,215027.0,0.0,2.203818,-2.307561,DEU,KHM,902129
10551873,111,118,9746,2015,1509.0,0.0,1.321127,0.747046,ITA,KHM,902129
10551874,121,118,9746,2015,366334.0,704984.0,1.900653,0.859406,KOR,KHM,902129
10551875,192,118,9746,2015,77255.0,0.0,2.05613,0.593065,SGP,KHM,902129
10551876,216,118,9746,2015,11315.0,0.0,0.965888,1.368572,THA,KHM,902129
10551877,33,120,9746,2015,766.0,0.0,0.453689,0.039237,BRB,KNA,902129
10551878,231,120,9746,2015,2477.0,0.0,1.720478,-0.129322,USA,KNA,902129
10551879,41,126,9746,2015,10139.0,0.0,2.306075,0.720781,CHE,LBY,902129
10551880,61,126,9746,2015,164073.0,3224.0,2.203818,-2.307561,DEU,LBY,902129
10551881,64,126,9746,2015,75372.0,0.0,1.157924,1.2045629999999998,DNK,LBY,902129
10551882,77,126,9746,2015,6792.0,0.0,1.479792,0.6490239999999999,FRA,LBY,902129
10551883,104,126,9746,2015,21375.0,0.0,0.24230900000000002,2.8190880000000003,IND,LBY,902129
10551884,111,126,9746,2015,191967.0,0.0,1.321127,0.747046,ITA,LBY,902129
10551885,113,126,9746,2015,182789.0,0.0,0.121172,0.457301,JOR,LBY,902129
10551886,121,126,9746,2015,101782.0,0.0,1.900653,0.859406,KOR,LBY,902129
10551887,162,126,9746,2015,8160.0,0.0,1.230104,1.27344,NLD,LBY,902129
10551888,224,126,9746,2015,39034.0,0.0,0.438669,2.519632,TUR,LBY,902129
10551889,231,126,9746,2015,15696.0,0.0,1.720478,-0.129322,USA,LBY,902129
10551890,39,133,9746,2015,6228.0,0.0,0.695867,1.171676,CAN,MAC,902129
10551891,43,133,9746,2015,7987.0,149938.0,1.077143,1.735757,CHN,MAC,902129
10551892,61,133,9746,2015,9936.0,0.0,2.203818,-2.307561,DEU,MAC,902129
10551893,97,133,9746,2015,159200.0,5707.0,0.8255290000000001,1.8017279999999998,HKG,MAC,902129
10551894,249,133,9746,2015,31908.0,0.0,1.962832,1.214982,TWN,MAC,902129
10551895,14,134,9746,2015,0.0,1467.0,-0.292325,-0.043489,AUS,MAR,902129
10551896,15,134,9746,2015,13343.0,0.0,1.747098,-0.08026699999999999,AUT,MAR,902129
10551897,32,134,9746,2015,11281.0,0.0,0.23656799999999997,0.688607,BRA,MAR,902129
10551898,39,134,9746,2015,2120.0,0.0,0.695867,1.171676,CAN,MAR,902129
10551899,41,134,9746,2015,64155.0,7110.0,2.306075,0.720781,CHE,MAR,902129
10551900,43,134,9746,2015,78122.0,0.0,1.077143,1.735757,CHN,MAR,902129
10551901,46,134,9746,2015,0.0,41070.0,-1.3921290000000002,-1.146549,COD,MAR,902129
10551902,61,134,9746,2015,851113.0,0.0,2.203818,-2.307561,DEU,MAR,902129
10551903,71,134,9746,2015,2773.0,0.0,0.8173590000000001,2.442556,ESP,MAR,902129
10551904,77,134,9746,2015,606449.0,2286144.0,1.479792,0.6490239999999999,FRA,MAR,902129
10551905,97,134,9746,2015,23787.0,0.0,0.8255290000000001,1.8017279999999998,HKG,MAR,902129
10551906,104,134,9746,2015,15305.0,0.0,0.24230900000000002,2.8190880000000003,IND,MAR,902129
10551907,111,134,9746,2015,35442.0,0.0,1.321127,0.747046,ITA,MAR,902129
10551908,114,134,9746,2015,30639.0,0.0,2.516133,-0.484202,JPN,MAR,902129
10551909,121,134,9746,2015,347750.0,0.0,1.900653,0.859406,KOR,MAR,902129
10551910,130,134,9746,2015,992.0,0.0,0.749429,1.3659860000000001,LTU,MAR,902129
10551911,163,134,9746,2015,0.0,1006.0,0.950708,0.314339,NOR,MAR,902129
10551912,177,134,9746,2015,6485.0,0.0,1.145844,1.1449280000000002,POL,MAR,902129
10551913,208,134,9746,2015,1645.0,0.0,1.8068349999999997,0.693389,SWE,MAR,902129
10551914,231,134,9746,2015,650845.0,0.0,1.720478,-0.129322,USA,MAR,902129
10551915,249,134,9746,2015,11985.0,0.0,1.962832,1.214982,TWN,MAR,902129
10551916,77,136,9746,2015,23154.0,1487843.0,1.479792,0.6490239999999999,FRA,MDG,902129
10551917,121,136,9746,2015,1280.0,0.0,1.900653,0.859406,KOR,MDG,902129
10551918,151,136,9746,2015,2951.0,78716.0,-0.231762,-0.195051,MUS,MDG,902129
10551919,41,144,9746,2015,17576.0,0.0,2.306075,0.720781,CHE,MNE,902129
10551920,61,144,9746,2015,2288.0,0.0,2.203818,-2.307561,DEU,MNE,902129
10551921,111,144,9746,2015,3104.0,0.0,1.321127,0.747046,ITA,MNE,902129
10551922,121,144,9746,2015,813.0,0.0,1.900653,0.859406,KOR,MNE,902129
10551923,162,144,9746,2015,0.0,1075.0,1.230104,1.27344,NLD,MNE,902129
10551924,201,144,9746,2015,31573.0,4418.0,0.457042,1.324908,SRB,MNE,902129
10551925,207,144,9746,2015,38767.0,0.0,1.6089879999999999,0.833616,SVN,MNE,902129
10551926,208,144,9746,2015,7762.0,0.0,1.8068349999999997,0.693389,SWE,MNE,902129
10551927,104,147,9746,2015,3809.0,0.0,0.24230900000000002,2.8190880000000003,IND,MOZ,902129
10551928,130,147,9746,2015,2755.0,0.0,0.749429,1.3659860000000001,LTU,MOZ,902129
10551929,246,147,9746,2015,4681.0,0.0,0.24944699999999997,1.7573159999999999,ZAF,MOZ,902129
10551930,77,148,9746,2015,1320.0,0.0,1.479792,0.6490239999999999,FRA,MRT,902129
10551931,104,148,9746,2015,3774.0,0.0,0.24230900000000002,2.8190880000000003,IND,MRT,902129
10551932,224,148,9746,2015,5458.0,0.0,0.438669,2.519632,TUR,MRT,902129
10551933,61,151,9746,2015,8702.0,0.0,2.203818,-2.307561,DEU,MUS,902129
10551934,77,151,9746,2015,46839.0,4524.0,1.479792,0.6490239999999999,FRA,MUS,902129
10551935,81,151,9746,2015,6275.0,0.0,1.7422990000000003,0.75838,GBR,MUS,902129
10551936,97,151,9746,2015,1983.0,0.0,0.8255290000000001,1.8017279999999998,HKG,MUS,902129
10551937,106,151,9746,2015,3247.0,0.0,1.304942,0.126431,IRL,MUS,902129
10551938,136,151,9746,2015,78716.0,2951.0,-1.15947,-0.497217,MDG,MUS,902129
10551939,138,151,9746,2015,75861.0,0.0,1.169724,0.61457,MEX,MUS,902129
10551940,153,151,9746,2015,27494.0,0.0,1.082803,0.811615,MYS,MUS,902129
10551941,188,151,9746,2015,0.0,1976.0,0.5552520000000001,-0.7263229999999999,SAU,MUS,902129
10551942,192,151,9746,2015,873.0,0.0,2.05613,0.593065,SGP,MUS,902129
10551943,231,151,9746,2015,29474.0,0.0,1.720478,-0.129322,USA,MUS,902129
10551944,246,151,9746,2015,81644.0,2949.0,0.24944699999999997,1.7573159999999999,ZAF,MUS,902129
10551945,61,155,9746,2015,4357.0,0.0,2.203818,-2.307561,DEU,NAM,902129
10551946,71,155,9746,2015,7943.0,0.0,0.8173590000000001,2.442556,ESP,NAM,902129
10551947,104,155,9746,2015,5542.0,0.0,0.24230900000000002,2.8190880000000003,IND,NAM,902129
10551948,246,155,9746,2015,133011.0,1317.0,0.24944699999999997,1.7573159999999999,ZAF,NAM,902129
10551949,14,156,9746,2015,10628.0,0.0,-0.292325,-0.043489,AUS,NCL,902129
10551950,15,156,9746,2015,1699.0,0.0,1.747098,-0.08026699999999999,AUT,NCL,902129
10551951,39,156,9746,2015,2302.0,0.0,0.695867,1.171676,CAN,NCL,902129
10551952,41,156,9746,2015,233.0,0.0,2.306075,0.720781,CHE,NCL,902129
10551953,61,156,9746,2015,1484.0,0.0,2.203818,-2.307561,DEU,NCL,902129
10551954,71,156,9746,2015,1277.0,0.0,0.8173590000000001,2.442556,ESP,NCL,902129
10551955,77,156,9746,2015,208526.0,6565.0,1.479792,0.6490239999999999,FRA,NCL,902129
10551956,111,156,9746,2015,2039.0,0.0,1.321127,0.747046,ITA,NCL,902129
10551957,114,156,9746,2015,28864.0,0.0,2.516133,-0.484202,JPN,NCL,902129
10551958,138,156,9746,2015,15111.0,0.0,1.169724,0.61457,MEX,NCL,902129
10551959,162,156,9746,2015,9139.0,0.0,1.230104,1.27344,NLD,NCL,902129
10551960,166,156,9746,2015,1692.0,0.0,0.224598,0.253179,NZL,NCL,902129
10551961,182,156,9746,2015,0.0,1421.0,-0.301696,-0.795154,PYF,NCL,902129
10551962,208,156,9746,2015,2507.0,0.0,1.8068349999999997,0.693389,SWE,NCL,902129
10551963,216,156,9746,2015,9364.0,0.0,0.965888,1.368572,THA,NCL,902129
10551964,231,156,9746,2015,32397.0,0.0,1.720478,-0.129322,USA,NCL,902129
10551965,121,176,9746,2015,3605.0,0.0,1.900653,0.859406,KOR,PNG,902129
10551966,68,178,9746,2015,0.0,17635.0,-0.183053,1.765036,EGY,PRK,902129
10551967,93,178,9746,2015,0.0,1262.0,-0.284403,0.525564,GTM,PRK,902129
10551968,174,178,9746,2015,8930.0,0.0,0.6406270000000001,0.45770200000000005,PHL,PRK,902129
10551969,227,178,9746,2015,0.0,5651.0,-0.611023,0.078961,UGA,PRK,902129
10551970,249,203,9746,2015,4017.0,0.0,1.962832,1.214982,TWN,STP,902129
10551971,7,209,9746,2015,0.0,84086.0,0.21779600000000002,-0.0047420000000000006,ARE,SWZ,902129
10551972,246,209,9746,2015,1124.0,0.0,0.24944699999999997,1.7573159999999999,ZAF,SWZ,902129
10551973,61,211,9746,2015,2223.0,0.0,2.203818,-2.307561,DEU,SYC,902129
10551974,81,211,9746,2015,2034.0,0.0,1.7422990000000003,0.75838,GBR,SYC,902129
10551975,121,211,9746,2015,3251.0,0.0,1.900653,0.859406,KOR,SYC,902129
10551976,41,212,9746,2015,0.0,9165.0,2.306075,0.720781,CHE,SYR,902129
10551977,61,212,9746,2015,42478.0,0.0,2.203818,-2.307561,DEU,SYR,902129
10551978,77,212,9746,2015,68186.0,0.0,1.479792,0.6490239999999999,FRA,SYR,902129
10551979,111,212,9746,2015,28066.0,0.0,1.321127,0.747046,ITA,SYR,902129
10551980,121,212,9746,2015,129133.0,0.0,1.900653,0.859406,KOR,SYR,902129
10551981,231,212,9746,2015,6289.0,0.0,1.720478,-0.129322,USA,SYR,902129
10551982,77,215,9746,2015,19579.0,0.0,1.479792,0.6490239999999999,FRA,TGO,902129
10551983,18,223,9746,2015,3775.0,0.0,1.329866,1.100641,BEL,TUN,902129
10551984,32,223,9746,2015,46822.0,0.0,0.23656799999999997,0.688607,BRA,TUN,902129
10551985,41,223,9746,2015,16766.0,0.0,2.306075,0.720781,CHE,TUN,902129
10551986,43,223,9746,2015,42117.0,0.0,1.077143,1.735757,CHN,TUN,902129
10551987,61,223,9746,2015,457709.0,0.0,2.203818,-2.307561,DEU,TUN,902129
10551988,77,223,9746,2015,405689.0,40464.0,1.479792,0.6490239999999999,FRA,TUN,902129
10551989,81,223,9746,2015,32596.0,0.0,1.7422990000000003,0.75838,GBR,TUN,902129
10551990,111,223,9746,2015,29083.0,348621.0,1.321127,0.747046,ITA,TUN,902129
10551991,113,223,9746,2015,32095.0,0.0,0.121172,0.457301,JOR,TUN,902129
10551992,121,223,9746,2015,339589.0,0.0,1.900653,0.859406,KOR,TUN,902129
10551993,124,223,9746,2015,2893.0,0.0,0.317355,1.330374,LBN,TUN,902129
10551994,131,223,9746,2015,31495.0,0.0,1.218924,1.247152,LUX,TUN,902129
10551995,162,223,9746,2015,43385.0,0.0,1.230104,1.27344,NLD,TUN,902129
10551996,177,223,9746,2015,2430.0,0.0,1.145844,1.1449280000000002,POL,TUN,902129
10551997,186,223,9746,2015,815.0,0.0,0.23119,0.035965,RUS,TUN,902129
10551998,208,223,9746,2015,7912.0,0.0,1.8068349999999997,0.693389,SWE,TUN,902129
10551999,231,223,9746,2015,286075.0,0.0,1.720478,-0.129322,USA,TUN,902129
10552000,61,227,9746,2015,2641.0,0.0,2.203818,-2.307561,DEU,UGA,902129
10552001,121,227,9746,2015,16101.0,0.0,1.900653,0.859406,KOR,UGA,902129
10552002,178,227,9746,2015,5651.0,0.0,-0.404818,-0.075235,PRK,UGA,902129
10552003,68,247,9746,2015,1535.0,0.0,-0.183053,1.765036,EGY,ZMB,902129
10552004,246,247,9746,2015,2732.0,0.0,0.24944699999999997,1.7573159999999999,ZAF,ZMB,902129
10552005,71,248,9746,2015,1956.0,0.0,0.8173590000000001,2.442556,ESP,ZWE,902129
10552006,81,248,9746,2015,10909.0,0.0,1.7422990000000003,0.75838,GBR,ZWE,902129
10552007,121,248,9746,2015,2541.0,0.0,1.900653,0.859406,KOR,ZWE,902129
10552008,231,248,9746,2015,2625.0,0.0,1.720478,-0.129322,USA,ZWE,902129
10552009,246,248,9746,2015,87768.0,0.0,0.24944699999999997,1.7573159999999999,ZAF,ZWE,902129
10552010,14,34,9746,2015,48689.0,0.0,-0.292325,-0.043489,AUS,BRN,902129
10552011,81,34,9746,2015,2663.0,0.0,1.7422990000000003,0.75838,GBR,BRN,902129
10552012,97,34,9746,2015,17141.0,0.0,0.8255290000000001,1.8017279999999998,HKG,BRN,902129
10552013,153,34,9746,2015,2404.0,0.0,1.082803,0.811615,MYS,BRN,902129
10552014,192,34,9746,2015,4057.0,0.0,2.05613,0.593065,SGP,BRN,902129
10552015,231,34,9746,2015,27658.0,0.0,1.720478,-0.129322,USA,BRN,902129
10552016,231,127,9746,2015,7456.0,0.0,1.720478,-0.129322,USA,LCA,902129
10552017,52,29,9746,2015,0.0,2591.0,0.24859699999999998,-0.033143,CRI,BLZ,902129
10552018,90,57,9746,2015,1435.0,0.0,0.099027,1.012289,GRC,CYM,902129
10552019,231,57,9746,2015,28845.0,0.0,1.720478,-0.129322,USA,CYM,902129
10552020,32,135,9746,2015,424.0,0.0,0.23656799999999997,0.688607,BRA,MDA,902129
10552021,41,135,9746,2015,14810.0,0.0,2.306075,0.720781,CHE,MDA,902129
10552022,43,135,9746,2015,4030.0,0.0,1.077143,1.735757,CHN,MDA,902129
10552023,59,135,9746,2015,1289.0,0.0,1.743012,0.45424,CZE,MDA,902129
10552024,61,135,9746,2015,290109.0,0.0,2.203818,-2.307561,DEU,MDA,902129
10552025,77,135,9746,2015,19896.0,0.0,1.479792,0.6490239999999999,FRA,MDA,902129
10552026,106,135,9746,2015,0.0,2052.0,1.304942,0.126431,IRL,MDA,902129
10552027,110,135,9746,2015,144661.0,0.0,1.260071,0.545545,ISR,MDA,902129
10552028,111,135,9746,2015,0.0,47538.0,1.321127,0.747046,ITA,MDA,902129
10552029,121,135,9746,2015,3375.0,0.0,1.900653,0.859406,KOR,MDA,902129
10552030,162,135,9746,2015,341821.0,0.0,1.230104,1.27344,NLD,MDA,902129
10552031,185,135,9746,2015,91371.0,0.0,0.946363,1.056775,ROU,MDA,902129
10552032,186,135,9746,2015,1731.0,0.0,0.23119,0.035965,RUS,MDA,902129
10552033,228,135,9746,2015,1288.0,0.0,0.429879,0.701813,UKR,MDA,902129
10552034,162,198,9746,2015,15627.0,0.0,1.230104,1.27344,NLD,SMR,902129
10552035,231,0,9746,2015,13180.0,0.0,1.720478,-0.129322,USA,ABW,902129
10552036,250,0,9746,2015,30344.0,0.0,0.377283,-0.092204,ANS,ABW,902129
10552037,61,5,9746,2015,6594.0,0.0,2.203818,-2.307561,DEU,AND,902129
10552038,71,5,9746,2015,369740.0,5264250.0,0.8173590000000001,2.442556,ESP,AND,902129
10552039,77,5,9746,2015,60418.0,1772.0,1.479792,0.6490239999999999,FRA,AND,902129
10552040,81,5,9746,2015,1019.0,0.0,1.7422990000000003,0.75838,GBR,AND,902129
10552041,111,5,9746,2015,0.0,11242.0,1.321127,0.747046,ITA,AND,902129
10552042,138,5,9746,2015,23880.0,0.0,1.169724,0.61457,MEX,AND,902129
10552043,162,5,9746,2015,3794.0,0.0,1.230104,1.27344,NLD,AND,902129
10552044,185,5,9746,2015,7042.0,0.0,0.946363,1.056775,ROU,AND,902129
10552045,231,5,9746,2015,0.0,141439.0,1.720478,-0.129322,USA,AND,902129
10552046,250,5,9746,2015,25964.0,196054.0,0.377283,-0.092204,ANS,AND,902129
10552047,8,31,9746,2015,5194.0,0.0,0.116896,0.30330999999999997,ARG,BOL,902129
10552048,32,31,9746,2015,183033.0,0.0,0.23656799999999997,0.688607,BRA,BOL,902129
10552049,41,31,9746,2015,3887.0,0.0,2.306075,0.720781,CHE,BOL,902129
10552050,43,31,9746,2015,34072.0,0.0,1.077143,1.735757,CHN,BOL,902129
10552051,61,31,9746,2015,29598.0,0.0,2.203818,-2.307561,DEU,BOL,902129
10552052,64,31,9746,2015,2887.0,0.0,1.157924,1.2045629999999998,DNK,BOL,902129
10552053,71,31,9746,2015,11282.0,0.0,0.8173590000000001,2.442556,ESP,BOL,902129
10552054,104,31,9746,2015,1932.0,0.0,0.24230900000000002,2.8190880000000003,IND,BOL,902129
10552055,110,31,9746,2015,45793.0,0.0,1.260071,0.545545,ISR,BOL,902129
10552056,111,31,9746,2015,1196.0,0.0,1.321127,0.747046,ITA,BOL,902129
10552057,121,31,9746,2015,2881.0,0.0,1.900653,0.859406,KOR,BOL,902129
10552058,231,31,9746,2015,103830.0,0.0,1.720478,-0.129322,USA,BOL,902129
10552059,192,35,9746,2015,2014.0,0.0,2.05613,0.593065,SGP,BTN,902129
10552060,104,38,9746,2015,12057.0,0.0,0.24230900000000002,2.8190880000000003,IND,CAF,902129
10552061,110,63,9746,2015,3000.0,0.0,1.260071,0.545545,ISR,DMA,902129
10552062,14,75,9746,2015,6366.0,0.0,-0.292325,-0.043489,AUS,FJI,902129
10552063,166,75,9746,2015,5672.0,0.0,0.224598,0.253179,NZL,FJI,902129
10552064,168,75,9746,2015,3555.0,0.0,-0.7059979999999999,0.73501,PAK,FJI,902129
10552065,192,75,9746,2015,1470.0,0.0,2.05613,0.593065,SGP,FJI,902129
10552066,231,75,9746,2015,895.0,0.0,1.720478,-0.129322,USA,FJI,902129
10552067,208,78,9746,2015,1904.0,0.0,1.8068349999999997,0.693389,SWE,FRO,902129
10552068,43,119,9746,2015,3178.0,0.0,1.077143,1.735757,CHN,KIR,902129
10552069,168,123,9746,2015,740.0,0.0,-0.7059979999999999,0.73501,PAK,LAO,902129
10552070,231,123,9746,2015,11478.0,0.0,1.720478,-0.129322,USA,LAO,902129
10552071,246,129,9746,2015,247596.0,0.0,0.24944699999999997,1.7573159999999999,ZAF,LSO,902129
10552072,121,137,9746,2015,1940.0,0.0,1.900653,0.859406,KOR,MDV,902129
10552073,128,137,9746,2015,1080.0,0.0,-0.6773399999999999,0.386343,LKA,MDV,902129
10552074,192,137,9746,2015,1177.0,0.0,2.05613,0.593065,SGP,MDV,902129
10552075,231,137,9746,2015,2424.0,0.0,1.720478,-0.129322,USA,MDV,902129
10552076,43,145,9746,2015,1822.0,0.0,1.077143,1.735757,CHN,MNG,902129
10552077,61,145,9746,2015,3710.0,0.0,2.203818,-2.307561,DEU,MNG,902129
10552078,71,145,9746,2015,2257.0,0.0,0.8173590000000001,2.442556,ESP,MNG,902129
10552079,74,145,9746,2015,6106.0,0.0,1.597817,0.998059,FIN,MNG,902129
10552080,102,145,9746,2015,5200.0,0.0,1.462839,0.803258,HUN,MNG,902129
10552081,121,145,9746,2015,37104.0,0.0,1.900653,0.859406,KOR,MNG,902129
10552082,231,145,9746,2015,16579.0,0.0,1.720478,-0.129322,USA,MNG,902129
10552083,104,152,9746,2015,8491.0,0.0,0.24230900000000002,2.8190880000000003,IND,MWI,902129
10552084,162,187,9746,2015,1010.0,0.0,1.230104,1.27344,NLD,RWA,902129
10552085,81,196,9746,2015,3264.0,0.0,1.7422990000000003,0.75838,GBR,SLE,902129
10552086,33,234,9746,2015,934.0,0.0,0.453689,0.039237,BRB,VCT,902129
10552087,39,30,9746,2015,2504.0,1005.0,0.695867,1.171676,CAN,BMU,902129
10552088,231,30,9746,2015,57335.0,42724.0,1.720478,-0.129322,USA,BMU,902129
10552089,162,92,9746,2015,2746.0,0.0,1.230104,1.27344,NLD,GRL,902129
10552090,32,182,9746,2015,1627.0,0.0,0.23656799999999997,0.688607,BRA,PYF,902129
10552091,41,182,9746,2015,280.0,0.0,2.306075,0.720781,CHE,PYF,902129
10552092,61,182,9746,2015,2328.0,0.0,2.203818,-2.307561,DEU,PYF,902129
10552093,64,182,9746,2015,2234.0,0.0,1.157924,1.2045629999999998,DNK,PYF,902129
10552094,71,182,9746,2015,2788.0,0.0,0.8173590000000001,2.442556,ESP,PYF,902129
10552095,77,182,9746,2015,93134.0,0.0,1.479792,0.6490239999999999,FRA,PYF,902129
10552096,111,182,9746,2015,3495.0,0.0,1.321127,0.747046,ITA,PYF,902129
10552097,156,182,9746,2015,1421.0,0.0,-0.727911,-0.844562,NCL,PYF,902129
10552098,208,182,9746,2015,437.0,0.0,1.8068349999999997,0.693389,SWE,PYF,902129
10552099,231,182,9746,2015,31359.0,0.0,1.720478,-0.129322,USA,PYF,902129
10552100,166,165,9746,2015,2315.0,0.0,0.224598,0.253179,NZL,NRU,902129
10552101,162,194,9746,2015,829819.0,0.0,1.230104,1.27344,NLD,SHN,902129
10552102,162,210,9746,2015,6956.0,0.0,1.230104,1.27344,NLD,SXM,902129
10552103,231,210,9746,2015,6721.0,0.0,1.720478,-0.129322,USA,SXM,902129
10552104,14,7,9750,2015,9375.0,0.0,-0.292325,-0.043489,AUS,ARE,902190
10552105,15,7,9750,2015,1177093.0,117190.0,1.747098,-0.08026699999999999,AUT,ARE,902190
10552106,18,7,9750,2015,1102903.0,2387.0,1.329866,1.100641,BEL,ARE,902190
10552107,19,7,9750,2015,0.0,1721.0,-0.5641470000000001,-0.8971020000000001,BEN,ARE,902190
10552108,23,7,9750,2015,30441.0,0.0,0.45640699999999995,1.691455,BGR,ARE,902190
10552109,24,7,9750,2015,714038.0,0.0,0.36650900000000003,-0.28735,BHR,ARE,902190
10552110,33,7,9750,2015,0.0,660.0,0.453689,0.039237,BRB,ARE,902190
10552111,39,7,9750,2015,10056.0,11337.0,0.695867,1.171676,CAN,ARE,902190
10552112,41,7,9750,2015,657203.0,93735.0,2.306075,0.720781,CHE,ARE,902190
10552113,43,7,9750,2015,321667.0,0.0,1.077143,1.735757,CHN,ARE,902190
10552114,52,7,9750,2015,82468.0,0.0,0.24859699999999998,-0.033143,CRI,ARE,902190
10552115,59,7,9750,2015,2557.0,0.0,1.743012,0.45424,CZE,ARE,902190
10552116,61,7,9750,2015,3182416.0,28454.0,2.203818,-2.307561,DEU,ARE,902190
10552117,64,7,9750,2015,220077.0,0.0,1.157924,1.2045629999999998,DNK,ARE,902190
10552118,68,7,9750,2015,68231.0,0.0,-0.183053,1.765036,EGY,ARE,902190
10552119,71,7,9750,2015,86923.0,0.0,0.8173590000000001,2.442556,ESP,ARE,902190
10552120,74,7,9750,2015,4718.0,0.0,1.597817,0.998059,FIN,ARE,902190
10552121,77,7,9750,2015,1611491.0,0.0,1.479792,0.6490239999999999,FRA,ARE,902190
10552122,81,7,9750,2015,820822.0,6029.0,1.7422990000000003,0.75838,GBR,ARE,902190
10552123,100,7,9750,2015,2121.0,0.0,0.7590140000000001,1.257415,HRV,ARE,902190
10552124,102,7,9750,2015,9399.0,0.0,1.462839,0.803258,HUN,ARE,902190
10552125,104,7,9750,2015,184407.0,2691818.0,0.24230900000000002,2.8190880000000003,IND,ARE,902190
10552126,106,7,9750,2015,815440.0,0.0,1.304942,0.126431,IRL,ARE,902190
10552127,107,7,9750,2015,0.0,126824.0,-0.258946,-0.0073420000000000004,IRN,ARE,902190
10552128,108,7,9750,2015,0.0,2513.0,-1.465803,-0.912113,IRQ,ARE,902190
10552129,111,7,9750,2015,40578.0,0.0,1.321127,0.747046,ITA,ARE,902190
10552130,114,7,9750,2015,0.0,1873.0,2.516133,-0.484202,JPN,ARE,902190
10552131,116,7,9750,2015,0.0,9890.0,-0.453564,0.433325,KEN,ARE,902190
10552132,121,7,9750,2015,214766.0,1987.0,1.900653,0.859406,KOR,ARE,902190
10552133,122,7,9750,2015,0.0,17111.0,-0.352023,-1.153057,KWT,ARE,902190
10552134,124,7,9750,2015,0.0,23424.0,0.317355,1.330374,LBN,ARE,902190
10552135,138,7,9750,2015,434126.0,0.0,1.169724,0.61457,MEX,ARE,902190
10552136,153,7,9750,2015,145967.0,5367.0,1.082803,0.811615,MYS,ARE,902190
10552137,162,7,9750,2015,4437449.0,1158.0,1.230104,1.27344,NLD,ARE,902190
10552138,163,7,9750,2015,13310.0,0.0,0.950708,0.314339,NOR,ARE,902190
10552139,166,7,9750,2015,0.0,1727.0,0.224598,0.253179,NZL,ARE,902190
10552140,167,7,9750,2015,1364.0,0.0,-0.4699,-1.00451,OMN,ARE,902190
10552141,168,7,9750,2015,0.0,33670.0,-0.7059979999999999,0.73501,PAK,ARE,902190
10552142,177,7,9750,2015,12863.0,0.0,1.145844,1.1449280000000002,POL,ARE,902190
10552143,179,7,9750,2015,10109.0,0.0,0.561922,2.2276380000000002,PRT,ARE,902190
10552144,183,7,9750,2015,0.0,312241.0,-0.077053,-0.9922719999999999,QAT,ARE,902190
10552145,186,7,9750,2015,4107.0,0.0,0.23119,0.035965,RUS,ARE,902190
10552146,188,7,9750,2015,0.0,11384560.0,0.5552520000000001,-0.7263229999999999,SAU,ARE,902190
10552147,190,7,9750,2015,0.0,3208.0,-1.420356,-1.218424,SDN,ARE,902190
10552148,192,7,9750,2015,91196.0,0.0,2.05613,0.593065,SGP,ARE,902190
10552149,208,7,9750,2015,22981.0,0.0,1.8068349999999997,0.693389,SWE,ARE,902190
10552150,214,7,9750,2015,0.0,6840.0,-1.543675,-0.9703860000000001,TCD,ARE,902190
10552151,216,7,9750,2015,1197.0,0.0,0.965888,1.368572,THA,ARE,902190
10552152,224,7,9750,2015,69492.0,0.0,0.438669,2.519632,TUR,ARE,902190
10552153,230,7,9750,2015,2540.0,0.0,0.273876,-0.363695,URY,ARE,902190
10552154,231,7,9750,2015,1338502.0,4777.0,1.720478,-0.129322,USA,ARE,902190
10552155,239,7,9750,2015,4254.0,0.0,-0.17108900000000002,1.10995,VNM,ARE,902190
10552156,246,7,9750,2015,37261.0,0.0,0.24944699999999997,1.7573159999999999,ZAF,ARE,902190
10552157,249,7,9750,2015,2514.0,0.0,1.962832,1.214982,TWN,ARE,902190
10552158,14,8,9750,2015,308471.0,6660.0,-0.292325,-0.043489,AUS,ARG,902190
10552159,15,8,9750,2015,4525042.0,87736.0,1.747098,-0.08026699999999999,AUT,ARG,902190
10552160,16,8,9750,2015,0.0,585.0,-0.983347,-1.231542,AZE,ARG,902190
10552161,18,8,9750,2015,424819.0,0.0,1.329866,1.100641,BEL,ARG,902190
10552162,23,8,9750,2015,12640.0,0.0,0.45640699999999995,1.691455,BGR,ARG,902190
10552163,31,8,9750,2015,65934.0,25843.0,-1.051562,-1.067714,BOL,ARG,902190
10552164,32,8,9750,2015,58628.0,225350.0,0.23656799999999997,0.688607,BRA,ARG,902190
10552165,39,8,9750,2015,3305.0,171072.0,0.695867,1.171676,CAN,ARG,902190
10552166,41,8,9750,2015,1362233.0,1071.0,2.306075,0.720781,CHE,ARG,902190
10552167,42,8,9750,2015,0.0,43299.0,-0.356167,-0.47629399999999994,CHL,ARG,902190
10552168,43,8,9750,2015,854474.0,0.0,1.077143,1.735757,CHN,ARG,902190
10552169,49,8,9750,2015,0.0,45738.0,0.156383,-0.183055,COL,ARG,902190
10552170,52,8,9750,2015,572837.0,6823.0,0.24859699999999998,-0.033143,CRI,ARG,902190
10552171,54,8,9750,2015,0.0,47378.0,-0.694839,-1.093439,CUB,ARG,902190
10552172,59,8,9750,2015,43074.0,65708.0,1.743012,0.45424,CZE,ARG,902190
10552173,61,8,9750,2015,5960460.0,59030.0,2.203818,-2.307561,DEU,ARG,902190
10552174,64,8,9750,2015,1767759.0,0.0,1.157924,1.2045629999999998,DNK,ARG,902190
10552175,65,8,9750,2015,0.0,1795.0,-0.212808,0.395873,DOM,ARG,902190
10552176,67,8,9750,2015,0.0,68593.0,-0.9845959999999999,-1.075639,ECU,ARG,902190
10552177,68,8,9750,2015,0.0,25345.0,-0.183053,1.765036,EGY,ARG,902190
10552178,71,8,9750,2015,111950.0,0.0,0.8173590000000001,2.442556,ESP,ARG,902190
10552179,74,8,9750,2015,26315.0,0.0,1.597817,0.998059,FIN,ARG,902190
10552180,77,8,9750,2015,432690.0,17969.0,1.479792,0.6490239999999999,FRA,ARG,902190
10552181,81,8,9750,2015,116391.0,0.0,1.7422990000000003,0.75838,GBR,ARG,902190
10552182,104,8,9750,2015,8334.0,0.0,0.24230900000000002,2.8190880000000003,IND,ARG,902190
10552183,106,8,9750,2015,4568074.0,0.0,1.304942,0.126431,IRL,ARG,902190
10552184,107,8,9750,2015,0.0,134760.0,-0.258946,-0.0073420000000000004,IRN,ARG,902190
10552185,110,8,9750,2015,155990.0,0.0,1.260071,0.545545,ISR,ARG,902190
10552186,111,8,9750,2015,454945.0,0.0,1.321127,0.747046,ITA,ARG,902190
10552187,113,8,9750,2015,0.0,41937.0,0.121172,0.457301,JOR,ARG,902190
10552188,114,8,9750,2015,39818.0,0.0,2.516133,-0.484202,JPN,ARG,902190
10552189,121,8,9750,2015,127667.0,36004.0,1.900653,0.859406,KOR,ARG,902190
10552190,124,8,9750,2015,0.0,12827.0,0.317355,1.330374,LBN,ARG,902190
10552191,130,8,9750,2015,0.0,9618.0,0.749429,1.3659860000000001,LTU,ARG,902190
10552192,132,8,9750,2015,0.0,5290.0,0.602209,1.125357,LVA,ARG,902190
10552193,138,8,9750,2015,203999.0,52029.0,1.169724,0.61457,MEX,ARG,902190
10552194,153,8,9750,2015,38447.0,0.0,1.082803,0.811615,MYS,ARG,902190
10552195,162,8,9750,2015,9359161.0,155935.0,1.230104,1.27344,NLD,ARG,902190
10552196,163,8,9750,2015,0.0,1566.0,0.950708,0.314339,NOR,ARG,902190
10552197,169,8,9750,2015,0.0,55270.0,0.642058,0.833392,PAN,ARG,902190
10552198,173,8,9750,2015,0.0,15947.0,-0.6007819999999999,0.32152800000000004,PER,ARG,902190
10552199,177,8,9750,2015,135590.0,0.0,1.145844,1.1449280000000002,POL,ARG,902190
10552200,179,8,9750,2015,0.0,3769.0,0.561922,2.2276380000000002,PRT,ARG,902190
10552201,180,8,9750,2015,0.0,10218.0,-0.471106,-0.9431139999999999,PRY,ARG,902190
10552202,185,8,9750,2015,0.0,3244.0,0.946363,1.056775,ROU,ARG,902190
10552203,186,8,9750,2015,0.0,214441.0,0.23119,0.035965,RUS,ARG,902190
10552204,188,8,9750,2015,0.0,11548.0,0.5552520000000001,-0.7263229999999999,SAU,ARG,902190
10552205,192,8,9750,2015,538402.0,0.0,2.05613,0.593065,SGP,ARG,902190
10552206,197,8,9750,2015,0.0,3896.0,0.05531900000000001,0.169073,SLV,ARG,902190
10552207,207,8,9750,2015,0.0,4755.0,1.6089879999999999,0.833616,SVN,ARG,902190
10552208,208,8,9750,2015,66150.0,0.0,1.8068349999999997,0.693389,SWE,ARG,902190
10552209,224,8,9750,2015,13547.0,68996.0,0.438669,2.519632,TUR,ARG,902190
10552210,230,8,9750,2015,0.0,63498.0,0.273876,-0.363695,URY,ARG,902190
10552211,231,8,9750,2015,6883279.0,20902.0,1.720478,-0.129322,USA,ARG,902190
10552212,239,8,9750,2015,6321.0,0.0,-0.17108900000000002,1.10995,VNM,ARG,902190
10552213,249,8,9750,2015,10713.0,0.0,1.962832,1.214982,TWN,ARG,902190
10552214,0,15,9750,2015,0.0,117525.0,0.8526809999999999,-0.043541,ABW,AUT,902190
10552215,4,15,9750,2015,0.0,21244.0,-0.601875,-0.27003,ALB,AUT,902190
10552216,7,15,9750,2015,117190.0,1177093.0,0.21779600000000002,-0.0047420000000000006,ARE,AUT,902190
10552217,8,15,9750,2015,87736.0,4525042.0,0.116896,0.30330999999999997,ARG,AUT,902190
10552218,14,15,9750,2015,313385.0,3101940.0,-0.292325,-0.043489,AUS,AUT,902190
10552219,16,15,9750,2015,502536.0,981314.0,-0.983347,-1.231542,AZE,AUT,902190
10552220,18,15,9750,2015,5179454.0,3103606.0,1.329866,1.100641,BEL,AUT,902190
10552221,22,15,9750,2015,0.0,194550.0,-1.088465,-0.8745360000000001,BGD,AUT,902190
10552222,23,15,9750,2015,17754118.0,669671.0,0.45640699999999995,1.691455,BGR,AUT,902190
10552223,24,15,9750,2015,4192.0,601102.0,0.36650900000000003,-0.28735,BHR,AUT,902190
10552224,25,15,9750,2015,24295.0,24428.0,0.669493,-0.37838099999999997,BHS,AUT,902190
10552225,26,15,9750,2015,13493.0,167468.0,0.355903,0.723092,BIH,AUT,902190
10552226,28,15,9750,2015,0.0,739221.0,0.672499,0.5584020000000001,BLR,AUT,902190
10552227,31,15,9750,2015,0.0,15769.0,-1.051562,-1.067714,BOL,AUT,902190
10552228,32,15,9750,2015,142273.0,5451007.0,0.23656799999999997,0.688607,BRA,AUT,902190
10552229,39,15,9750,2015,3518.0,8478914.0,0.695867,1.171676,CAN,AUT,902190
10552230,41,15,9750,2015,6658029.0,5692672.0,2.306075,0.720781,CHE,AUT,902190
10552231,42,15,9750,2015,7593.0,487543.0,-0.356167,-0.47629399999999994,CHL,AUT,902190
10552232,43,15,9750,2015,80072.0,18498330.0,1.077143,1.735757,CHN,AUT,902190
10552233,49,15,9750,2015,3131.0,1637937.0,0.156383,-0.183055,COL,AUT,902190
10552234,52,15,9750,2015,232153.0,40538.0,0.24859699999999998,-0.033143,CRI,AUT,902190
10552235,55,15,9750,2015,0.0,3240.0,0.296267,-0.6313350000000001,CUW,AUT,902190
10552236,58,15,9750,2015,0.0,1708822.0,0.511225,-0.207261,CYP,AUT,902190
10552237,59,15,9750,2015,87980.0,1663500.0,1.743012,0.45424,CZE,AUT,902190
10552238,61,15,9750,2015,34185844.0,71849544.0,2.203818,-2.307561,DEU,AUT,902190
10552239,64,15,9750,2015,2468102.0,160484.0,1.157924,1.2045629999999998,DNK,AUT,902190
10552240,66,15,9750,2015,0.0,2529398.0,-1.54346,-1.255633,DZA,AUT,902190
10552241,67,15,9750,2015,0.0,12433.0,-0.9845959999999999,-1.075639,ECU,AUT,902190
10552242,68,15,9750,2015,31219.0,5269623.0,-0.183053,1.765036,EGY,AUT,902190
10552243,71,15,9750,2015,361981.0,6843530.0,0.8173590000000001,2.442556,ESP,AUT,902190
10552244,72,15,9750,2015,38200.0,61643.0,0.9281149999999999,1.1780389999999998,EST,AUT,902190
10552245,74,15,9750,2015,0.0,1237565.0,1.597817,0.998059,FIN,AUT,902190
10552246,77,15,9750,2015,2171067.0,10722507.0,1.479792,0.6490239999999999,FRA,AUT,902190
10552247,80,15,9750,2015,5279.0,0.0,-1.384351,-1.209873,GAB,AUT,902190
10552248,81,15,9750,2015,732442.0,3861610.0,1.7422990000000003,0.75838,GBR,AUT,902190
10552249,82,15,9750,2015,0.0,447075.0,-0.343663,-0.588017,GEO,AUT,902190
10552250,90,15,9750,2015,23540.0,648988.0,0.099027,1.012289,GRC,AUT,902190
10552251,93,15,9750,2015,0.0,18047.0,-0.284403,0.525564,GTM,AUT,902190
10552252,97,15,9750,2015,1424737.0,31224390.0,0.8255290000000001,1.8017279999999998,HKG,AUT,902190
10552253,100,15,9750,2015,0.0,503833.0,0.7590140000000001,1.257415,HRV,AUT,902190
10552254,102,15,9750,2015,9022.0,2553057.0,1.462839,0.803258,HUN,AUT,902190
10552255,103,15,9750,2015,1620.0,355351.0,-0.145103,1.277362,IDN,AUT,902190
10552256,104,15,9750,2015,210387.0,5587479.0,0.24230900000000002,2.8190880000000003,IND,AUT,902190
10552257,106,15,9750,2015,571917.0,3654.0,1.304942,0.126431,IRL,AUT,902190
10552258,107,15,9750,2015,0.0,1223310.0,-0.258946,-0.0073420000000000004,IRN,AUT,902190
10552259,108,15,9750,2015,0.0,4030058.0,-1.465803,-0.912113,IRQ,AUT,902190
10552260,109,15,9750,2015,0.0,4537.0,0.24527600000000002,-0.411616,ISL,AUT,902190
10552261,110,15,9750,2015,118030.0,1032800.0,1.260071,0.545545,ISR,AUT,902190
10552262,111,15,9750,2015,1259329.0,5646528.0,1.321127,0.747046,ITA,AUT,902190
10552263,113,15,9750,2015,4637.0,1875402.0,0.121172,0.457301,JOR,AUT,902190
10552264,114,15,9750,2015,357611.0,5839165.0,2.516133,-0.484202,JPN,AUT,902190
10552265,115,15,9750,2015,12268.0,4286221.0,-0.45091499999999995,-0.652026,KAZ,AUT,902190
10552266,121,15,9750,2015,759658.0,4041115.0,1.900653,0.859406,KOR,AUT,902190
10552267,122,15,9750,2015,8045.0,117575.0,-0.352023,-1.153057,KWT,AUT,902190
10552268,124,15,9750,2015,953.0,303294.0,0.317355,1.330374,LBN,AUT,902190
10552269,126,15,9750,2015,0.0,446813.0,-1.3257219999999998,-1.260453,LBY,AUT,902190
10552270,128,15,9750,2015,3086.0,86376.0,-0.6773399999999999,0.386343,LKA,AUT,902190
10552271,130,15,9750,2015,3775.0,408721.0,0.749429,1.3659860000000001,LTU,AUT,902190
10552272,131,15,9750,2015,417826.0,81051.0,1.218924,1.247152,LUX,AUT,902190
10552273,132,15,9750,2015,0.0,186304.0,0.602209,1.125357,LVA,AUT,902190
10552274,134,15,9750,2015,0.0,354410.0,-0.7554810000000001,-0.059697,MAR,AUT,902190
10552275,135,15,9750,2015,0.0,57613.0,-0.313837,-0.20393,MDA,AUT,902190
10552276,138,15,9750,2015,502171.0,651282.0,1.169724,0.61457,MEX,AUT,902190
10552277,140,15,9750,2015,0.0,62557.0,-0.09009600000000001,-0.147359,MKD,AUT,902190
10552278,142,15,9750,2015,0.0,6834.0,0.880893,-0.117585,MLT,AUT,902190
10552279,152,15,9750,2015,0.0,27365.0,-0.549862,-0.8753190000000001,MWI,AUT,902190
10552280,153,15,9750,2015,311395.0,375864.0,1.082803,0.811615,MYS,AUT,902190
10552281,155,15,9750,2015,0.0,8304.0,-0.43457399999999996,-0.665655,NAM,AUT,902190
10552282,162,15,9750,2015,9943227.0,1211754.0,1.230104,1.27344,NLD,AUT,902190
10552283,163,15,9750,2015,28870.0,86824.0,0.950708,0.314339,NOR,AUT,902190
10552284,164,15,9750,2015,0.0,47708.0,-0.290416,0.456716,NPL,AUT,902190
10552285,166,15,9750,2015,1769.0,42141.0,0.224598,0.253179,NZL,AUT,902190
10552286,167,15,9750,2015,6894.0,409381.0,-0.4699,-1.00451,OMN,AUT,902190
10552287,168,15,9750,2015,0.0,865469.0,-0.7059979999999999,0.73501,PAK,AUT,902190
10552288,169,15,9750,2015,0.0,372855.0,0.642058,0.833392,PAN,AUT,902190
10552289,173,15,9750,2015,0.0,139673.0,-0.6007819999999999,0.32152800000000004,PER,AUT,902190
10552290,174,15,9750,2015,291432.0,296082.0,0.6406270000000001,0.45770200000000005,PHL,AUT,902190
10552291,176,15,9750,2015,0.0,28111.0,-1.710939,-1.266333,PNG,AUT,902190
10552292,177,15,9750,2015,22322.0,5336407.0,1.145844,1.1449280000000002,POL,AUT,902190
10552293,179,15,9750,2015,0.0,1706841.0,0.561922,2.2276380000000002,PRT,AUT,902190
10552294,183,15,9750,2015,0.0,125784.0,-0.077053,-0.9922719999999999,QAT,AUT,902190
10552295,185,15,9750,2015,1394.0,1831154.0,0.946363,1.056775,ROU,AUT,902190
10552296,186,15,9750,2015,0.0,8107482.0,0.23119,0.035965,RUS,AUT,902190
10552297,188,15,9750,2015,517761.0,2825662.0,0.5552520000000001,-0.7263229999999999,SAU,AUT,902190
10552298,190,15,9750,2015,0.0,84651.0,-1.420356,-1.218424,SDN,AUT,902190
10552299,192,15,9750,2015,1149077.0,134877.0,2.05613,0.593065,SGP,AUT,902190
10552300,201,15,9750,2015,19245.0,407580.0,0.457042,1.324908,SRB,AUT,902190
10552301,206,15,9750,2015,2648.0,6229236.0,1.287133,0.7900560000000001,SVK,AUT,902190
10552302,207,15,9750,2015,0.0,950060.0,1.6089879999999999,0.833616,SVN,AUT,902190
10552303,208,15,9750,2015,158646.0,4306194.0,1.8068349999999997,0.693389,SWE,AUT,902190
10552304,211,15,9750,2015,7867.0,0.0,1.017467,-0.285569,SYC,AUT,902190
10552305,216,15,9750,2015,3496.0,97563.0,0.965888,1.368572,THA,AUT,902190
10552306,217,15,9750,2015,0.0,287724.0,-1.134216,-1.174245,TJK,AUT,902190
10552307,223,15,9750,2015,0.0,46543.0,0.140202,0.967591,TUN,AUT,902190
10552308,224,15,9750,2015,78428.0,4090505.0,0.438669,2.519632,TUR,AUT,902190
10552309,226,15,9750,2015,0.0,909.0,-1.02395,-0.017509999999999998,TZA,AUT,902190
10552310,228,15,9750,2015,0.0,108690.0,0.429879,0.701813,UKR,AUT,902190
10552311,230,15,9750,2015,787.0,100530.0,0.273876,-0.363695,URY,AUT,902190
10552312,231,15,9750,2015,5804892.0,45239760.0,1.720478,-0.129322,USA,AUT,902190
10552313,232,15,9750,2015,0.0,4068399.0,-0.724966,-0.599292,UZB,AUT,902190
10552314,236,15,9750,2015,0.0,2112.0,-0.9249129999999999,-1.1877280000000001,VEN,AUT,902190
10552315,239,15,9750,2015,335776.0,7336.0,-0.17108900000000002,1.10995,VNM,AUT,902190
10552316,246,15,9750,2015,4799.0,493725.0,0.24944699999999997,1.7573159999999999,ZAF,AUT,902190
10552317,247,15,9750,2015,0.0,1911.0,-0.44792,-0.769586,ZMB,AUT,902190
10552318,249,15,9750,2015,168476.0,504062.0,1.962832,1.214982,TWN,AUT,902190
10552319,4,18,9750,2015,0.0,4356.0,-0.601875,-0.27003,ALB,BEL,902190
10552320,7,18,9750,2015,2387.0,1102903.0,0.21779600000000002,-0.0047420000000000006,ARE,BEL,902190
10552321,8,18,9750,2015,0.0,424819.0,0.116896,0.30330999999999997,ARG,BEL,902190
10552322,9,18,9750,2015,0.0,71595.0,0.037579,-0.42448800000000003,ARM,BEL,902190
10552323,14,18,9750,2015,1071998.0,6165250.0,-0.292325,-0.043489,AUS,BEL,902190
10552324,15,18,9750,2015,3103606.0,5179454.0,1.747098,-0.08026699999999999,AUT,BEL,902190
10552325,22,18,9750,2015,0.0,235251.0,-1.088465,-0.8745360000000001,BGD,BEL,902190
10552326,23,18,9750,2015,6085.0,369447.0,0.45640699999999995,1.691455,BGR,BEL,902190
10552327,24,18,9750,2015,0.0,146054.0,0.36650900000000003,-0.28735,BHR,BEL,902190
10552328,25,18,9750,2015,0.0,3796.0,0.669493,-0.37838099999999997,BHS,BEL,902190
10552329,26,18,9750,2015,0.0,5793.0,0.355903,0.723092,BIH,BEL,902190
10552330,31,18,9750,2015,0.0,10821.0,-1.051562,-1.067714,BOL,BEL,902190
10552331,32,18,9750,2015,2871.0,2991762.0,0.23656799999999997,0.688607,BRA,BEL,902190
10552332,39,18,9750,2015,75290.0,2060754.0,0.695867,1.171676,CAN,BEL,902190
10552333,41,18,9750,2015,189335248.0,18265004.0,2.306075,0.720781,CHE,BEL,902190
10552334,42,18,9750,2015,0.0,1729558.0,-0.356167,-0.47629399999999994,CHL,BEL,902190
10552335,43,18,9750,2015,1854678.0,12930582.0,1.077143,1.735757,CHN,BEL,902190
10552336,44,18,9750,2015,0.0,5143.0,-0.856142,-0.905292,CIV,BEL,902190
10552337,45,18,9750,2015,0.0,2703.0,-0.924366,-1.040721,CMR,BEL,902190
10552338,46,18,9750,2015,0.0,57951.0,-1.3921290000000002,-1.146549,COD,BEL,902190
10552339,49,18,9750,2015,0.0,2671170.0,0.156383,-0.183055,COL,BEL,902190
10552340,52,18,9750,2015,14426394.0,33360.0,0.24859699999999998,-0.033143,CRI,BEL,902190
10552341,58,18,9750,2015,0.0,282884.0,0.511225,-0.207261,CYP,BEL,902190
10552342,59,18,9750,2015,35460.0,1743576.0,1.743012,0.45424,CZE,BEL,902190
10552343,61,18,9750,2015,134420848.0,69696728.0,2.203818,-2.307561,DEU,BEL,902190
10552344,64,18,9750,2015,897844.0,16701717.0,1.157924,1.2045629999999998,DNK,BEL,902190
10552345,65,18,9750,2015,0.0,6153.0,-0.212808,0.395873,DOM,BEL,902190
10552346,66,18,9750,2015,0.0,105158.0,-1.54346,-1.255633,DZA,BEL,902190
10552347,67,18,9750,2015,0.0,2173.0,-0.9845959999999999,-1.075639,ECU,BEL,902190
10552348,68,18,9750,2015,0.0,1400680.0,-0.183053,1.765036,EGY,BEL,902190
10552349,71,18,9750,2015,4253621.0,13372248.0,0.8173590000000001,2.442556,ESP,BEL,902190
10552350,72,18,9750,2015,7406.0,740205.0,0.9281149999999999,1.1780389999999998,EST,BEL,902190
10552351,74,18,9750,2015,30007.0,4930328.0,1.597817,0.998059,FIN,BEL,902190
10552352,77,18,9750,2015,18130466.0,34335656.0,1.479792,0.6490239999999999,FRA,BEL,902190
10552353,78,18,9750,2015,0.0,15826.0,-0.700767,-0.9214399999999999,FRO,BEL,902190
10552354,80,18,9750,2015,0.0,2433.0,-1.384351,-1.209873,GAB,BEL,902190
10552355,81,18,9750,2015,6631646.0,62899864.0,1.7422990000000003,0.75838,GBR,BEL,902190
10552356,82,18,9750,2015,0.0,80108.0,-0.343663,-0.588017,GEO,BEL,902190
10552357,83,18,9750,2015,0.0,443.0,-0.750568,-0.690257,GHA,BEL,902190
10552358,85,18,9750,2015,0.0,172373.0,-1.288329,-1.167532,GIN,BEL,902190
10552359,90,18,9750,2015,110371.0,3437071.0,0.099027,1.012289,GRC,BEL,902190
10552360,97,18,9750,2015,3139.0,1508406.0,0.8255290000000001,1.8017279999999998,HKG,BEL,902190
10552361,100,18,9750,2015,20684.0,236352.0,0.7590140000000001,1.257415,HRV,BEL,902190
10552362,102,18,9750,2015,6485.0,1826771.0,1.462839,0.803258,HUN,BEL,902190
10552363,103,18,9750,2015,0.0,158788.0,-0.145103,1.277362,IDN,BEL,902190
10552364,104,18,9750,2015,24577.0,6648574.0,0.24230900000000002,2.8190880000000003,IND,BEL,902190
10552365,106,18,9750,2015,2743261.0,1353584.0,1.304942,0.126431,IRL,BEL,902190
10552366,107,18,9750,2015,2580.0,81314.0,-0.258946,-0.0073420000000000004,IRN,BEL,902190
10552367,108,18,9750,2015,0.0,19282.0,-1.465803,-0.912113,IRQ,BEL,902190
10552368,109,18,9750,2015,0.0,150167.0,0.24527600000000002,-0.411616,ISL,BEL,902190
10552369,110,18,9750,2015,2536859.0,3583812.0,1.260071,0.545545,ISR,BEL,902190
10552370,111,18,9750,2015,3430197.0,64555396.0,1.321127,0.747046,ITA,BEL,902190
10552371,113,18,9750,2015,1203.0,347755.0,0.121172,0.457301,JOR,BEL,902190
10552372,114,18,9750,2015,389328.0,13246326.0,2.516133,-0.484202,JPN,BEL,902190
10552373,115,18,9750,2015,39305.0,307690.0,-0.45091499999999995,-0.652026,KAZ,BEL,902190
10552374,116,18,9750,2015,0.0,2493.0,-0.453564,0.433325,KEN,BEL,902190
10552375,117,18,9750,2015,0.0,65089.0,0.02058,0.438692,KGZ,BEL,902190
10552376,121,18,9750,2015,719768.0,2636013.0,1.900653,0.859406,KOR,BEL,902190
10552377,122,18,9750,2015,4825.0,1663908.0,-0.352023,-1.153057,KWT,BEL,902190
10552378,124,18,9750,2015,831.0,1071637.0,0.317355,1.330374,LBN,BEL,902190
10552379,128,18,9750,2015,0.0,234406.0,-0.6773399999999999,0.386343,LKA,BEL,902190
10552380,130,18,9750,2015,11505.0,881263.0,0.749429,1.3659860000000001,LTU,BEL,902190
10552381,131,18,9750,2015,1792289.0,4808826.0,1.218924,1.247152,LUX,BEL,902190
10552382,132,18,9750,2015,0.0,897141.0,0.602209,1.125357,LVA,BEL,902190
10552383,134,18,9750,2015,0.0,90423.0,-0.7554810000000001,-0.059697,MAR,BEL,902190
10552384,135,18,9750,2015,0.0,7053.0,-0.313837,-0.20393,MDA,BEL,902190
10552385,138,18,9750,2015,4721786.0,600119.0,1.169724,0.61457,MEX,BEL,902190
10552386,140,18,9750,2015,0.0,30780.0,-0.09009600000000001,-0.147359,MKD,BEL,902190
10552387,141,18,9750,2015,0.0,1306.0,-0.744236,-0.9441860000000001,MLI,BEL,902190
10552388,142,18,9750,2015,0.0,5685.0,0.880893,-0.117585,MLT,BEL,902190
10552389,143,18,9750,2015,4238.0,7155.0,-1.4596120000000001,-0.903904,MMR,BEL,902190
10552390,144,18,9750,2015,0.0,51040.0,-0.048385000000000004,-0.150759,MNE,BEL,902190
10552391,145,18,9750,2015,0.0,13466.0,-1.244368,-1.196677,MNG,BEL,902190
10552392,151,18,9750,2015,56381.0,4037.0,-0.231762,-0.195051,MUS,BEL,902190
10552393,153,18,9750,2015,86086024.0,443472.0,1.082803,0.811615,MYS,BEL,902190
10552394,156,18,9750,2015,0.0,4060.0,-0.727911,-0.844562,NCL,BEL,902190
10552395,159,18,9750,2015,0.0,1635.0,-1.415451,-1.157829,NGA,BEL,902190
10552396,160,18,9750,2015,0.0,38963.0,-1.102989,-0.952276,NIC,BEL,902190
10552397,162,18,9750,2015,55049012.0,26906500.0,1.230104,1.27344,NLD,BEL,902190
10552398,163,18,9750,2015,31719.0,2665470.0,0.950708,0.314339,NOR,BEL,902190
10552399,164,18,9750,2015,0.0,4759.0,-0.290416,0.456716,NPL,BEL,902190
10552400,166,18,9750,2015,18797.0,325617.0,0.224598,0.253179,NZL,BEL,902190
10552401,167,18,9750,2015,0.0,324217.0,-0.4699,-1.00451,OMN,BEL,902190
10552402,168,18,9750,2015,11480.0,86757.0,-0.7059979999999999,0.73501,PAK,BEL,902190
10552403,169,18,9750,2015,0.0,267332.0,0.642058,0.833392,PAN,BEL,902190
10552404,173,18,9750,2015,0.0,25768.0,-0.6007819999999999,0.32152800000000004,PER,BEL,902190
10552405,174,18,9750,2015,21815.0,10654.0,0.6406270000000001,0.45770200000000005,PHL,BEL,902190
10552406,177,18,9750,2015,239248.0,8629858.0,1.145844,1.1449280000000002,POL,BEL,902190
10552407,179,18,9750,2015,81976.0,4892503.0,0.561922,2.2276380000000002,PRT,BEL,902190
10552408,180,18,9750,2015,0.0,20519.0,-0.471106,-0.9431139999999999,PRY,BEL,902190
10552409,181,18,9750,2015,0.0,5428.0,0.060575,0.5649489999999999,PSE,BEL,902190
10552410,182,18,9750,2015,0.0,2143.0,-0.301696,-0.795154,PYF,BEL,902190
10552411,183,18,9750,2015,0.0,328003.0,-0.077053,-0.9922719999999999,QAT,BEL,902190
10552412,185,18,9750,2015,0.0,482174.0,0.946363,1.056775,ROU,BEL,902190
10552413,186,18,9750,2015,25870.0,8041172.0,0.23119,0.035965,RUS,BEL,902190
10552414,188,18,9750,2015,1523.0,4596400.0,0.5552520000000001,-0.7263229999999999,SAU,BEL,902190
10552415,191,18,9750,2015,0.0,1727.0,-0.708349,-0.296663,SEN,BEL,902190
10552416,192,18,9750,2015,48411.0,659966.0,2.05613,0.593065,SGP,BEL,902190
10552417,197,18,9750,2015,0.0,3088.0,0.05531900000000001,0.169073,SLV,BEL,902190
10552418,198,18,9750,2015,0.0,94605.0,0.918452,0.559399,SMR,BEL,902190
10552419,201,18,9750,2015,33397.0,253263.0,0.457042,1.324908,SRB,BEL,902190
10552420,206,18,9750,2015,3960.0,589702.0,1.287133,0.7900560000000001,SVK,BEL,902190
10552421,207,18,9750,2015,221216.0,512641.0,1.6089879999999999,0.833616,SVN,BEL,902190
10552422,208,18,9750,2015,2671905.0,13355870.0,1.8068349999999997,0.693389,SWE,BEL,902190
10552423,210,18,9750,2015,0.0,5048.0,0.945973,-0.7548229999999999,SXM,BEL,902190
10552424,211,18,9750,2015,0.0,1291.0,1.017467,-0.285569,SYC,BEL,902190
10552425,215,18,9750,2015,0.0,4868.0,-0.66925,-0.873554,TGO,BEL,902190
10552426,216,18,9750,2015,981819.0,1059426.0,0.965888,1.368572,THA,BEL,902190
10552427,222,18,9750,2015,0.0,6255.0,-0.462837,-1.117621,TTO,BEL,902190
10552428,223,18,9750,2015,0.0,340890.0,0.140202,0.967591,TUN,BEL,902190
10552429,224,18,9750,2015,16189.0,6600265.0,0.438669,2.519632,TUR,BEL,902190
10552430,228,18,9750,2015,0.0,42362.0,0.429879,0.701813,UKR,BEL,902190
10552431,230,18,9750,2015,0.0,98030.0,0.273876,-0.363695,URY,BEL,902190
10552432,231,18,9750,2015,52907352.0,14629034.0,1.720478,-0.129322,USA,BEL,902190
10552433,236,18,9750,2015,0.0,67394.0,-0.9249129999999999,-1.1877280000000001,VEN,BEL,902190
10552434,239,18,9750,2015,518813.0,148628.0,-0.17108900000000002,1.10995,VNM,BEL,902190
10552435,243,18,9750,2015,0.0,3561.0,-1.048632,-1.10843,YEM,BEL,902190
10552436,246,18,9750,2015,22294.0,683542.0,0.24944699999999997,1.7573159999999999,ZAF,BEL,902190
10552437,249,18,9750,2015,459264.0,1478733.0,1.962832,1.214982,TWN,BEL,902190
10552438,250,18,9750,2015,221495.0,0.0,0.377283,-0.092204,ANS,BEL,902190
10552439,7,23,9750,2015,0.0,30441.0,0.21779600000000002,-0.0047420000000000006,ARE,BGR,902190
10552440,8,23,9750,2015,0.0,12640.0,0.116896,0.30330999999999997,ARG,BGR,902190
10552441,14,23,9750,2015,0.0,29247.0,-0.292325,-0.043489,AUS,BGR,902190
10552442,15,23,9750,2015,669671.0,17754118.0,1.747098,-0.08026699999999999,AUT,BGR,902190
10552443,18,23,9750,2015,369447.0,6085.0,1.329866,1.100641,BEL,BGR,902190
10552444,24,23,9750,2015,0.0,4720.0,0.36650900000000003,-0.28735,BHR,BGR,902190
10552445,32,23,9750,2015,4610.0,0.0,0.23656799999999997,0.688607,BRA,BGR,902190
10552446,39,23,9750,2015,1620.0,98067.0,0.695867,1.171676,CAN,BGR,902190
10552447,41,23,9750,2015,10946.0,0.0,2.306075,0.720781,CHE,BGR,902190
10552448,43,23,9750,2015,50647.0,25506.0,1.077143,1.735757,CHN,BGR,902190
10552449,58,23,9750,2015,8676.0,0.0,0.511225,-0.207261,CYP,BGR,902190
10552450,59,23,9750,2015,1047.0,0.0,1.743012,0.45424,CZE,BGR,902190
10552451,61,23,9750,2015,3828542.0,0.0,2.203818,-2.307561,DEU,BGR,902190
10552452,64,23,9750,2015,158193.0,55983.0,1.157924,1.2045629999999998,DNK,BGR,902190
10552453,71,23,9750,2015,10823.0,0.0,0.8173590000000001,2.442556,ESP,BGR,902190
10552454,77,23,9750,2015,256171.0,0.0,1.479792,0.6490239999999999,FRA,BGR,902190
10552455,81,23,9750,2015,4355.0,0.0,1.7422990000000003,0.75838,GBR,BGR,902190
10552456,90,23,9750,2015,152186.0,0.0,0.099027,1.012289,GRC,BGR,902190
10552457,102,23,9750,2015,281136.0,0.0,1.462839,0.803258,HUN,BGR,902190
10552458,104,23,9750,2015,26585.0,0.0,0.24230900000000002,2.8190880000000003,IND,BGR,902190
10552459,106,23,9750,2015,17357.0,0.0,1.304942,0.126431,IRL,BGR,902190
10552460,110,23,9750,2015,4129.0,0.0,1.260071,0.545545,ISR,BGR,902190
10552461,111,23,9750,2015,139759.0,114837.0,1.321127,0.747046,ITA,BGR,902190
10552462,114,23,9750,2015,5160.0,1001.0,2.516133,-0.484202,JPN,BGR,902190
10552463,121,23,9750,2015,27684.0,5676.0,1.900653,0.859406,KOR,BGR,902190
10552464,122,23,9750,2015,0.0,1442.0,-0.352023,-1.153057,KWT,BGR,902190
10552465,124,23,9750,2015,0.0,2339.0,0.317355,1.330374,LBN,BGR,902190
10552466,132,23,9750,2015,12299.0,0.0,0.602209,1.125357,LVA,BGR,902190
10552467,162,23,9750,2015,1113706.0,31475.0,1.230104,1.27344,NLD,BGR,902190
10552468,163,23,9750,2015,0.0,10863.0,0.950708,0.314339,NOR,BGR,902190
10552469,166,23,9750,2015,0.0,2204.0,0.224598,0.253179,NZL,BGR,902190
10552470,177,23,9750,2015,89264.0,0.0,1.145844,1.1449280000000002,POL,BGR,902190
10552471,183,23,9750,2015,0.0,895.0,-0.077053,-0.9922719999999999,QAT,BGR,902190
10552472,207,23,9750,2015,12494.0,0.0,1.6089879999999999,0.833616,SVN,BGR,902190
10552473,224,23,9750,2015,58367.0,6412.0,0.438669,2.519632,TUR,BGR,902190
10552474,228,23,9750,2015,0.0,17662.0,0.429879,0.701813,UKR,BGR,902190
10552475,231,23,9750,2015,210505.0,1809480.0,1.720478,-0.129322,USA,BGR,902190
10552476,246,23,9750,2015,0.0,2019.0,0.24944699999999997,1.7573159999999999,ZAF,BGR,902190
10552477,249,23,9750,2015,5200.0,0.0,1.962832,1.214982,TWN,BGR,902190
10552478,15,25,9750,2015,24428.0,24295.0,1.747098,-0.08026699999999999,AUT,BHS,902190
10552479,18,25,9750,2015,3796.0,0.0,1.329866,1.100641,BEL,BHS,902190
10552480,61,25,9750,2015,92628.0,0.0,2.203818,-2.307561,DEU,BHS,902190
10552481,81,25,9750,2015,1370.0,0.0,1.7422990000000003,0.75838,GBR,BHS,902190
10552482,162,25,9750,2015,12209.0,0.0,1.230104,1.27344,NLD,BHS,902190
10552483,231,25,9750,2015,182744.0,6310.0,1.720478,-0.129322,USA,BHS,902190
10552484,2,32,9750,2015,0.0,4282.0,-1.6542,-1.2598989999999999,AGO,BRA,902190
10552485,8,32,9750,2015,225350.0,58628.0,0.116896,0.30330999999999997,ARG,BRA,902190
10552486,14,32,9750,2015,683632.0,1642.0,-0.292325,-0.043489,AUS,BRA,902190
10552487,15,32,9750,2015,5451007.0,142273.0,1.747098,-0.08026699999999999,AUT,BRA,902190
10552488,18,32,9750,2015,2991762.0,2871.0,1.329866,1.100641,BEL,BRA,902190
10552489,22,32,9750,2015,0.0,40649.0,-1.088465,-0.8745360000000001,BGD,BRA,902190
10552490,23,32,9750,2015,0.0,4610.0,0.45640699999999995,1.691455,BGR,BRA,902190
10552491,31,32,9750,2015,0.0,44550.0,-1.051562,-1.067714,BOL,BRA,902190
10552492,39,32,9750,2015,59726.0,7011.0,0.695867,1.171676,CAN,BRA,902190
10552493,41,32,9750,2015,14170063.0,1310178.0,2.306075,0.720781,CHE,BRA,902190
10552494,42,32,9750,2015,47986.0,69395.0,-0.356167,-0.47629399999999994,CHL,BRA,902190
10552495,43,32,9750,2015,5234208.0,429989.0,1.077143,1.735757,CHN,BRA,902190
10552496,49,32,9750,2015,0.0,89252.0,0.156383,-0.183055,COL,BRA,902190
10552497,52,32,9750,2015,697925.0,0.0,0.24859699999999998,-0.033143,CRI,BRA,902190
10552498,59,32,9750,2015,287322.0,5530.0,1.743012,0.45424,CZE,BRA,902190
10552499,61,32,9750,2015,24631486.0,65901.0,2.203818,-2.307561,DEU,BRA,902190
10552500,64,32,9750,2015,4530924.0,3546.0,1.157924,1.2045629999999998,DNK,BRA,902190
10552501,65,32,9750,2015,2260.0,2852.0,-0.212808,0.395873,DOM,BRA,902190
10552502,66,32,9750,2015,0.0,32308.0,-1.54346,-1.255633,DZA,BRA,902190
10552503,67,32,9750,2015,0.0,40835.0,-0.9845959999999999,-1.075639,ECU,BRA,902190
10552504,71,32,9750,2015,70159.0,46810.0,0.8173590000000001,2.442556,ESP,BRA,902190
10552505,74,32,9750,2015,254990.0,0.0,1.597817,0.998059,FIN,BRA,902190
10552506,77,32,9750,2015,4790090.0,83530.0,1.479792,0.6490239999999999,FRA,BRA,902190
10552507,81,32,9750,2015,272532.0,316552.0,1.7422990000000003,0.75838,GBR,BRA,902190
10552508,82,32,9750,2015,0.0,1797.0,-0.343663,-0.588017,GEO,BRA,902190
10552509,93,32,9750,2015,0.0,20502.0,-0.284403,0.525564,GTM,BRA,902190
10552510,100,32,9750,2015,0.0,19588.0,0.7590140000000001,1.257415,HRV,BRA,902190
10552511,103,32,9750,2015,0.0,4187.0,-0.145103,1.277362,IDN,BRA,902190
10552512,104,32,9750,2015,434224.0,0.0,0.24230900000000002,2.8190880000000003,IND,BRA,902190
10552513,106,32,9750,2015,21959974.0,5171.0,1.304942,0.126431,IRL,BRA,902190
10552514,110,32,9750,2015,113205.0,125257.0,1.260071,0.545545,ISR,BRA,902190
10552515,111,32,9750,2015,263120.0,62447.0,1.321127,0.747046,ITA,BRA,902190
10552516,113,32,9750,2015,0.0,21638.0,0.121172,0.457301,JOR,BRA,902190
10552517,114,32,9750,2015,332429.0,0.0,2.516133,-0.484202,JPN,BRA,902190
10552518,115,32,9750,2015,0.0,5028.0,-0.45091499999999995,-0.652026,KAZ,BRA,902190
10552519,121,32,9750,2015,1982691.0,1828328.0,1.900653,0.859406,KOR,BRA,902190
10552520,130,32,9750,2015,0.0,2002.0,0.749429,1.3659860000000001,LTU,BRA,902190
10552521,134,32,9750,2015,0.0,11364.0,-0.7554810000000001,-0.059697,MAR,BRA,902190
10552522,136,32,9750,2015,0.0,22610.0,-1.15947,-0.497217,MDG,BRA,902190
10552523,138,32,9750,2015,31495.0,244665.0,1.169724,0.61457,MEX,BRA,902190
10552524,153,32,9750,2015,179409.0,0.0,1.082803,0.811615,MYS,BRA,902190
10552525,159,32,9750,2015,0.0,1588.0,-1.415451,-1.157829,NGA,BRA,902190
10552526,160,32,9750,2015,0.0,1379.0,-1.102989,-0.952276,NIC,BRA,902190
10552527,162,32,9750,2015,22675110.0,6904.0,1.230104,1.27344,NLD,BRA,902190
10552528,163,32,9750,2015,42666.0,0.0,0.950708,0.314339,NOR,BRA,902190
10552529,164,32,9750,2015,0.0,8938.0,-0.290416,0.456716,NPL,BRA,902190
10552530,166,32,9750,2015,0.0,8249.0,0.224598,0.253179,NZL,BRA,902190
10552531,168,32,9750,2015,0.0,58552.0,-0.7059979999999999,0.73501,PAK,BRA,902190
10552532,169,32,9750,2015,0.0,225515.0,0.642058,0.833392,PAN,BRA,902190
10552533,173,32,9750,2015,0.0,77036.0,-0.6007819999999999,0.32152800000000004,PER,BRA,902190
10552534,174,32,9750,2015,62942.0,0.0,0.6406270000000001,0.45770200000000005,PHL,BRA,902190
10552535,177,32,9750,2015,144220.0,15014.0,1.145844,1.1449280000000002,POL,BRA,902190
10552536,179,32,9750,2015,0.0,9835.0,0.561922,2.2276380000000002,PRT,BRA,902190
10552537,180,32,9750,2015,0.0,61907.0,-0.471106,-0.9431139999999999,PRY,BRA,902190
10552538,185,32,9750,2015,3345.0,0.0,0.946363,1.056775,ROU,BRA,902190
10552539,186,32,9750,2015,11072.0,3006.0,0.23119,0.035965,RUS,BRA,902190
10552540,192,32,9750,2015,1177412.0,154775.0,2.05613,0.593065,SGP,BRA,902190
10552541,197,32,9750,2015,0.0,3170.0,0.05531900000000001,0.169073,SLV,BRA,902190
10552542,207,32,9750,2015,0.0,51125.0,1.6089879999999999,0.833616,SVN,BRA,902190
10552543,208,32,9750,2015,484127.0,150790.0,1.8068349999999997,0.693389,SWE,BRA,902190
10552544,216,32,9750,2015,37095.0,0.0,0.965888,1.368572,THA,BRA,902190
10552545,223,32,9750,2015,0.0,10056.0,0.140202,0.967591,TUN,BRA,902190
10552546,224,32,9750,2015,47190.0,32295.0,0.438669,2.519632,TUR,BRA,902190
10552547,230,32,9750,2015,0.0,887128.0,0.273876,-0.363695,URY,BRA,902190
10552548,231,32,9750,2015,18651276.0,641066.0,1.720478,-0.129322,USA,BRA,902190
10552549,236,32,9750,2015,0.0,23391.0,-0.9249129999999999,-1.1877280000000001,VEN,BRA,902190
10552550,239,32,9750,2015,580648.0,16906.0,-0.17108900000000002,1.10995,VNM,BRA,902190
10552551,246,32,9750,2015,0.0,69626.0,0.24944699999999997,1.7573159999999999,ZAF,BRA,902190
10552552,249,32,9750,2015,49937.0,24387.0,1.962832,1.214982,TWN,BRA,902190
10552553,7,33,9750,2015,660.0,0.0,0.21779600000000002,-0.0047420000000000006,ARE,BRB,902190
10552554,13,33,9750,2015,0.0,9667.0,0.43318,-0.552045,ATG,BRB,902190
10552555,39,33,9750,2015,3500.0,3788.0,0.695867,1.171676,CAN,BRB,902190
10552556,41,33,9750,2015,7972.0,7537.0,2.306075,0.720781,CHE,BRB,902190
10552557,43,33,9750,2015,3869.0,0.0,1.077143,1.735757,CHN,BRB,902190
10552558,52,33,9750,2015,1560.0,3383.0,0.24859699999999998,-0.033143,CRI,BRB,902190
10552559,59,33,9750,2015,505.0,38436.0,1.743012,0.45424,CZE,BRB,902190
10552560,61,33,9750,2015,1878.0,12669.0,2.203818,-2.307561,DEU,BRB,902190
10552561,63,33,9750,2015,0.0,3583.0,0.0735,-0.44923599999999997,DMA,BRB,902190
10552562,77,33,9750,2015,21389.0,0.0,1.479792,0.6490239999999999,FRA,BRB,902190
10552563,81,33,9750,2015,5887.0,3089.0,1.7422990000000003,0.75838,GBR,BRB,902190
10552564,91,33,9750,2015,0.0,3742.0,0.296552,-0.335908,GRD,BRB,902190
10552565,104,33,9750,2015,1048.0,0.0,0.24230900000000002,2.8190880000000003,IND,BRB,902190
10552566,106,33,9750,2015,529.0,0.0,1.304942,0.126431,IRL,BRB,902190
10552567,111,33,9750,2015,0.0,7486.0,1.321127,0.747046,ITA,BRB,902190
10552568,120,33,9750,2015,0.0,1956.0,0.8252430000000001,-0.436662,KNA,BRB,902190
10552569,121,33,9750,2015,0.0,26292.0,1.900653,0.859406,KOR,BRB,902190
10552570,127,33,9750,2015,0.0,1391.0,0.5410590000000001,-0.484234,LCA,BRB,902190
10552571,138,33,9750,2015,0.0,1984.0,1.169724,0.61457,MEX,BRB,902190
10552572,162,33,9750,2015,5976.0,0.0,1.230104,1.27344,NLD,BRB,902190
10552573,166,33,9750,2015,0.0,2006.0,0.224598,0.253179,NZL,BRB,902190
10552574,168,33,9750,2015,0.0,8466.0,-0.7059979999999999,0.73501,PAK,BRB,902190
10552575,169,33,9750,2015,916.0,0.0,0.642058,0.833392,PAN,BRB,902190
10552576,206,33,9750,2015,0.0,15469.0,1.287133,0.7900560000000001,SVK,BRB,902190
10552577,216,33,9750,2015,0.0,16850.0,0.965888,1.368572,THA,BRB,902190
10552578,222,33,9750,2015,14904.0,0.0,-0.462837,-1.117621,TTO,BRB,902190
10552579,231,33,9750,2015,58090.0,307897.0,1.720478,-0.129322,USA,BRB,902190
10552580,234,33,9750,2015,0.0,1751.0,0.087811,-0.35481999999999997,VCT,BRB,902190
10552581,246,33,9750,2015,0.0,2668.0,0.24944699999999997,1.7573159999999999,ZAF,BRB,902190
10552582,249,33,9750,2015,0.0,30320.0,1.962832,1.214982,TWN,BRB,902190
10552583,7,39,9750,2015,11337.0,10056.0,0.21779600000000002,-0.0047420000000000006,ARE,CAN,902190
10552584,8,39,9750,2015,171072.0,3305.0,0.116896,0.30330999999999997,ARG,CAN,902190
10552585,14,39,9750,2015,3146566.0,32632.0,-0.292325,-0.043489,AUS,CAN,902190
10552586,15,39,9750,2015,8478914.0,3518.0,1.747098,-0.08026699999999999,AUT,CAN,902190
10552587,18,39,9750,2015,2060754.0,75290.0,1.329866,1.100641,BEL,CAN,902190
10552588,23,39,9750,2015,98067.0,1620.0,0.45640699999999995,1.691455,BGR,CAN,902190
10552589,30,39,9750,2015,2328.0,0.0,0.974592,-0.636426,BMU,CAN,902190
10552590,32,39,9750,2015,7011.0,59726.0,0.23656799999999997,0.688607,BRA,CAN,902190
10552591,33,39,9750,2015,3788.0,3500.0,0.453689,0.039237,BRB,CAN,902190
10552592,41,39,9750,2015,12553337.0,36882.0,2.306075,0.720781,CHE,CAN,902190
10552593,42,39,9750,2015,0.0,10480.0,-0.356167,-0.47629399999999994,CHL,CAN,902190
10552594,43,39,9750,2015,2885402.0,279762.0,1.077143,1.735757,CHN,CAN,902190
10552595,49,39,9750,2015,0.0,3571.0,0.156383,-0.183055,COL,CAN,902190
10552596,52,39,9750,2015,1065031.0,0.0,0.24859699999999998,-0.033143,CRI,CAN,902190
10552597,59,39,9750,2015,8648.0,81333.0,1.743012,0.45424,CZE,CAN,902190
10552598,61,39,9750,2015,7179380.0,481342.0,2.203818,-2.307561,DEU,CAN,902190
10552599,64,39,9750,2015,6656594.0,13452.0,1.157924,1.2045629999999998,DNK,CAN,902190
10552600,65,39,9750,2015,1902.0,0.0,-0.212808,0.395873,DOM,CAN,902190
10552601,71,39,9750,2015,34534.0,30693.0,0.8173590000000001,2.442556,ESP,CAN,902190
10552602,72,39,9750,2015,0.0,5220.0,0.9281149999999999,1.1780389999999998,EST,CAN,902190
10552603,74,39,9750,2015,2944.0,10895.0,1.597817,0.998059,FIN,CAN,902190
10552604,77,39,9750,2015,568036.0,38001.0,1.479792,0.6490239999999999,FRA,CAN,902190
10552605,81,39,9750,2015,199423.0,125805.0,1.7422990000000003,0.75838,GBR,CAN,902190
10552606,90,39,9750,2015,0.0,158866.0,0.099027,1.012289,GRC,CAN,902190
10552607,91,39,9750,2015,0.0,1640.0,0.296552,-0.335908,GRD,CAN,902190
10552608,93,39,9750,2015,28059.0,0.0,-0.284403,0.525564,GTM,CAN,902190
10552609,97,39,9750,2015,24024.0,32079.0,0.8255290000000001,1.8017279999999998,HKG,CAN,902190
10552610,103,39,9750,2015,0.0,3215.0,-0.145103,1.277362,IDN,CAN,902190
10552611,104,39,9750,2015,20749.0,72626.0,0.24230900000000002,2.8190880000000003,IND,CAN,902190
10552612,106,39,9750,2015,13124560.0,1980797.0,1.304942,0.126431,IRL,CAN,902190
10552613,110,39,9750,2015,134076.0,81306.0,1.260071,0.545545,ISR,CAN,902190
10552614,111,39,9750,2015,4034702.0,293573.0,1.321127,0.747046,ITA,CAN,902190
10552615,112,39,9750,2015,0.0,30111.0,-0.438267,-0.828097,JAM,CAN,902190
10552616,114,39,9750,2015,649232.0,80783.0,2.516133,-0.484202,JPN,CAN,902190
10552617,121,39,9750,2015,600526.0,23499.0,1.900653,0.859406,KOR,CAN,902190
10552618,124,39,9750,2015,0.0,7614.0,0.317355,1.330374,LBN,CAN,902190
10552619,127,39,9750,2015,0.0,1861.0,0.5410590000000001,-0.484234,LCA,CAN,902190
10552620,128,39,9750,2015,0.0,1714.0,-0.6773399999999999,0.386343,LKA,CAN,902190
10552621,130,39,9750,2015,6911.0,0.0,0.749429,1.3659860000000001,LTU,CAN,902190
10552622,138,39,9750,2015,5158892.0,0.0,1.169724,0.61457,MEX,CAN,902190
10552623,144,39,9750,2015,0.0,23667.0,-0.048385000000000004,-0.150759,MNE,CAN,902190
10552624,153,39,9750,2015,626087.0,44412.0,1.082803,0.811615,MYS,CAN,902190
10552625,157,39,9750,2015,0.0,1853.0,-1.517292,-1.033891,NER,CAN,902190
10552626,159,39,9750,2015,0.0,1982.0,-1.415451,-1.157829,NGA,CAN,902190
10552627,160,39,9750,2015,0.0,3344.0,-1.102989,-0.952276,NIC,CAN,902190
10552628,162,39,9750,2015,18773862.0,257764.0,1.230104,1.27344,NLD,CAN,902190
10552629,163,39,9750,2015,0.0,49974.0,0.950708,0.314339,NOR,CAN,902190
10552630,166,39,9750,2015,92592.0,15434.0,0.224598,0.253179,NZL,CAN,902190
10552631,168,39,9750,2015,5302.0,72464.0,-0.7059979999999999,0.73501,PAK,CAN,902190
10552632,169,39,9750,2015,0.0,4028.0,0.642058,0.833392,PAN,CAN,902190
10552633,173,39,9750,2015,0.0,3303.0,-0.6007819999999999,0.32152800000000004,PER,CAN,902190
10552634,174,39,9750,2015,972333.0,0.0,0.6406270000000001,0.45770200000000005,PHL,CAN,902190
10552635,177,39,9750,2015,10037218.0,59033.0,1.145844,1.1449280000000002,POL,CAN,902190
10552636,179,39,9750,2015,0.0,2043.0,0.561922,2.2276380000000002,PRT,CAN,902190
10552637,185,39,9750,2015,66577.0,2227.0,0.946363,1.056775,ROU,CAN,902190
10552638,186,39,9750,2015,0.0,2408.0,0.23119,0.035965,RUS,CAN,902190
10552639,187,39,9750,2015,0.0,28185.0,-0.755738,-0.4423,RWA,CAN,902190
10552640,188,39,9750,2015,0.0,66218.0,0.5552520000000001,-0.7263229999999999,SAU,CAN,902190
10552641,192,39,9750,2015,2278808.0,27820.0,2.05613,0.593065,SGP,CAN,902190
10552642,197,39,9750,2015,0.0,1218.0,0.05531900000000001,0.169073,SLV,CAN,902190
10552643,201,39,9750,2015,0.0,2436.0,0.457042,1.324908,SRB,CAN,902190
10552644,206,39,9750,2015,0.0,1091.0,1.287133,0.7900560000000001,SVK,CAN,902190
10552645,207,39,9750,2015,0.0,4955.0,1.6089879999999999,0.833616,SVN,CAN,902190
10552646,208,39,9750,2015,159484.0,24083.0,1.8068349999999997,0.693389,SWE,CAN,902190
10552647,216,39,9750,2015,32644.0,20681.0,0.965888,1.368572,THA,CAN,902190
10552648,222,39,9750,2015,0.0,731.0,-0.462837,-1.117621,TTO,CAN,902190
10552649,223,39,9750,2015,1276.0,0.0,0.140202,0.967591,TUN,CAN,902190
10552650,224,39,9750,2015,2573.0,23274.0,0.438669,2.519632,TUR,CAN,902190
10552651,227,39,9750,2015,30661.0,0.0,-0.611023,0.078961,UGA,CAN,902190
10552652,231,39,9750,2015,75569328.0,1783699.0,1.720478,-0.129322,USA,CAN,902190
10552653,239,39,9750,2015,7235652.0,62171.0,-0.17108900000000002,1.10995,VNM,CAN,902190
10552654,246,39,9750,2015,0.0,52180.0,0.24944699999999997,1.7573159999999999,ZAF,CAN,902190
10552655,249,39,9750,2015,152907.0,15221.0,1.962832,1.214982,TWN,CAN,902190
10552656,0,41,9750,2015,12789.0,1603.0,0.8526809999999999,-0.043541,ABW,CHE,902190
10552657,4,41,9750,2015,0.0,19167.0,-0.601875,-0.27003,ALB,CHE,902190
10552658,5,41,9750,2015,0.0,1708.0,0.850153,0.383793,AND,CHE,902190
10552659,7,41,9750,2015,93735.0,657203.0,0.21779600000000002,-0.0047420000000000006,ARE,CHE,902190
10552660,8,41,9750,2015,1071.0,1362233.0,0.116896,0.30330999999999997,ARG,CHE,902190
10552661,9,41,9750,2015,0.0,74973.0,0.037579,-0.42448800000000003,ARM,CHE,902190
10552662,14,41,9750,2015,1710454.0,15787711.0,-0.292325,-0.043489,AUS,CHE,902190
10552663,15,41,9750,2015,5692672.0,6658029.0,1.747098,-0.08026699999999999,AUT,CHE,902190
10552664,16,41,9750,2015,0.0,14806.0,-0.983347,-1.231542,AZE,CHE,902190
10552665,18,41,9750,2015,18265004.0,189335248.0,1.329866,1.100641,BEL,CHE,902190
10552666,22,41,9750,2015,0.0,430343.0,-1.088465,-0.8745360000000001,BGD,CHE,902190
10552667,23,41,9750,2015,0.0,10946.0,0.45640699999999995,1.691455,BGR,CHE,902190
10552668,24,41,9750,2015,0.0,25517.0,0.36650900000000003,-0.28735,BHR,CHE,902190
10552669,26,41,9750,2015,0.0,84653.0,0.355903,0.723092,BIH,CHE,902190
10552670,28,41,9750,2015,0.0,338853.0,0.672499,0.5584020000000001,BLR,CHE,902190
10552671,31,41,9750,2015,3971.0,796.0,-1.051562,-1.067714,BOL,CHE,902190
10552672,32,41,9750,2015,1310178.0,14170063.0,0.23656799999999997,0.688607,BRA,CHE,902190
10552673,33,41,9750,2015,7537.0,7972.0,0.453689,0.039237,BRB,CHE,902190
10552674,38,41,9750,2015,0.0,1383.0,-0.35029,-0.6630199999999999,CAF,CHE,902190
10552675,39,41,9750,2015,36882.0,12553337.0,0.695867,1.171676,CAN,CHE,902190
10552676,42,41,9750,2015,641786.0,1574185.0,-0.356167,-0.47629399999999994,CHL,CHE,902190
10552677,43,41,9750,2015,4895606.0,38175248.0,1.077143,1.735757,CHN,CHE,902190
10552678,45,41,9750,2015,0.0,21574.0,-0.924366,-1.040721,CMR,CHE,902190
10552679,49,41,9750,2015,1721.0,683726.0,0.156383,-0.183055,COL,CHE,902190
10552680,52,41,9750,2015,112338.0,500892.0,0.24859699999999998,-0.033143,CRI,CHE,902190
10552681,58,41,9750,2015,19376.0,15330.0,0.511225,-0.207261,CYP,CHE,902190
10552682,59,41,9750,2015,120815.0,236468.0,1.743012,0.45424,CZE,CHE,902190
10552683,61,41,9750,2015,60306880.0,102363016.0,2.203818,-2.307561,DEU,CHE,902190
10552684,64,41,9750,2015,1980568.0,1651794.0,1.157924,1.2045629999999998,DNK,CHE,902190
10552685,65,41,9750,2015,0.0,204150.0,-0.212808,0.395873,DOM,CHE,902190
10552686,66,41,9750,2015,0.0,125041.0,-1.54346,-1.255633,DZA,CHE,902190
10552687,67,41,9750,2015,1424.0,84736.0,-0.9845959999999999,-1.075639,ECU,CHE,902190
10552688,68,41,9750,2015,2152.0,1295617.0,-0.183053,1.765036,EGY,CHE,902190
10552689,71,41,9750,2015,1178337.0,10351168.0,0.8173590000000001,2.442556,ESP,CHE,902190
10552690,72,41,9750,2015,127714.0,70198.0,0.9281149999999999,1.1780389999999998,EST,CHE,902190
10552691,74,41,9750,2015,21209.0,477342.0,1.597817,0.998059,FIN,CHE,902190
10552692,77,41,9750,2015,11242182.0,82184584.0,1.479792,0.6490239999999999,FRA,CHE,902190
10552693,81,41,9750,2015,6910248.0,5120833.0,1.7422990000000003,0.75838,GBR,CHE,902190
10552694,82,41,9750,2015,0.0,187153.0,-0.343663,-0.588017,GEO,CHE,902190
10552695,90,41,9750,2015,11097.0,86407.0,0.099027,1.012289,GRC,CHE,902190
10552696,93,41,9750,2015,0.0,21119.0,-0.284403,0.525564,GTM,CHE,902190
10552697,97,41,9750,2015,178451.0,2382690.0,0.8255290000000001,1.8017279999999998,HKG,CHE,902190
10552698,100,41,9750,2015,0.0,17423.0,0.7590140000000001,1.257415,HRV,CHE,902190
10552699,102,41,9750,2015,808900.0,97218.0,1.462839,0.803258,HUN,CHE,902190
10552700,103,41,9750,2015,6537.0,1372049.0,-0.145103,1.277362,IDN,CHE,902190
10552701,104,41,9750,2015,2712.0,5389445.0,0.24230900000000002,2.8190880000000003,IND,CHE,902190
10552702,106,41,9750,2015,2067366.0,1106309.0,1.304942,0.126431,IRL,CHE,902190
10552703,107,41,9750,2015,11888.0,2022840.0,-0.258946,-0.0073420000000000004,IRN,CHE,902190
10552704,108,41,9750,2015,0.0,84641.0,-1.465803,-0.912113,IRQ,CHE,902190
10552705,109,41,9750,2015,0.0,35449.0,0.24527600000000002,-0.411616,ISL,CHE,902190
10552706,110,41,9750,2015,491740.0,2828166.0,1.260071,0.545545,ISR,CHE,902190
10552707,111,41,9750,2015,3423091.0,4515086.0,1.321127,0.747046,ITA,CHE,902190
10552708,113,41,9750,2015,0.0,180460.0,0.121172,0.457301,JOR,CHE,902190
10552709,114,41,9750,2015,188639.0,43806600.0,2.516133,-0.484202,JPN,CHE,902190
10552710,115,41,9750,2015,0.0,709402.0,-0.45091499999999995,-0.652026,KAZ,CHE,902190
10552711,116,41,9750,2015,0.0,8580.0,-0.453564,0.433325,KEN,CHE,902190
10552712,117,41,9750,2015,0.0,4160.0,0.02058,0.438692,KGZ,CHE,902190
10552713,121,41,9750,2015,807618.0,19413458.0,1.900653,0.859406,KOR,CHE,902190
10552714,122,41,9750,2015,0.0,186873.0,-0.352023,-1.153057,KWT,CHE,902190
10552715,124,41,9750,2015,0.0,1057929.0,0.317355,1.330374,LBN,CHE,902190
10552716,128,41,9750,2015,0.0,703620.0,-0.6773399999999999,0.386343,LKA,CHE,902190
10552717,130,41,9750,2015,119476.0,107996.0,0.749429,1.3659860000000001,LTU,CHE,902190
10552718,131,41,9750,2015,6783.0,113196.0,1.218924,1.247152,LUX,CHE,902190
10552719,132,41,9750,2015,0.0,4192.0,0.602209,1.125357,LVA,CHE,902190
10552720,134,41,9750,2015,1122.0,226782.0,-0.7554810000000001,-0.059697,MAR,CHE,902190
10552721,135,41,9750,2015,0.0,6958.0,-0.313837,-0.20393,MDA,CHE,902190
10552722,138,41,9750,2015,579044.0,938208.0,1.169724,0.61457,MEX,CHE,902190
10552723,140,41,9750,2015,0.0,137624.0,-0.09009600000000001,-0.147359,MKD,CHE,902190
10552724,142,41,9750,2015,0.0,1733.0,0.880893,-0.117585,MLT,CHE,902190
10552725,143,41,9750,2015,0.0,238539.0,-1.4596120000000001,-0.903904,MMR,CHE,902190
10552726,144,41,9750,2015,0.0,19601.0,-0.048385000000000004,-0.150759,MNE,CHE,902190
10552727,145,41,9750,2015,0.0,18749.0,-1.244368,-1.196677,MNG,CHE,902190
10552728,147,41,9750,2015,0.0,97862.0,-1.293809,-1.115069,MOZ,CHE,902190
10552729,151,41,9750,2015,0.0,2503.0,-0.231762,-0.195051,MUS,CHE,902190
10552730,153,41,9750,2015,379009.0,8186808.0,1.082803,0.811615,MYS,CHE,902190
10552731,156,41,9750,2015,0.0,3525.0,-0.727911,-0.844562,NCL,CHE,902190
10552732,159,41,9750,2015,0.0,1087.0,-1.415451,-1.157829,NGA,CHE,902190
10552733,160,41,9750,2015,0.0,8986.0,-1.102989,-0.952276,NIC,CHE,902190
10552734,162,41,9750,2015,39632832.0,65744224.0,1.230104,1.27344,NLD,CHE,902190
10552735,163,41,9750,2015,113229.0,1384441.0,0.950708,0.314339,NOR,CHE,902190
10552736,164,41,9750,2015,0.0,36968.0,-0.290416,0.456716,NPL,CHE,902190
10552737,166,41,9750,2015,35249.0,775271.0,0.224598,0.253179,NZL,CHE,902190
10552738,167,41,9750,2015,0.0,42958.0,-0.4699,-1.00451,OMN,CHE,902190
10552739,168,41,9750,2015,3464.0,74464.0,-0.7059979999999999,0.73501,PAK,CHE,902190
10552740,169,41,9750,2015,0.0,60609.0,0.642058,0.833392,PAN,CHE,902190
10552741,173,41,9750,2015,36073.0,109747.0,-0.6007819999999999,0.32152800000000004,PER,CHE,902190
10552742,174,41,9750,2015,299090.0,55350.0,0.6406270000000001,0.45770200000000005,PHL,CHE,902190
10552743,177,41,9750,2015,3444350.0,2703532.0,1.145844,1.1449280000000002,POL,CHE,902190
10552744,179,41,9750,2015,34572.0,20991.0,0.561922,2.2276380000000002,PRT,CHE,902190
10552745,180,41,9750,2015,0.0,74067.0,-0.471106,-0.9431139999999999,PRY,CHE,902190
10552746,181,41,9750,2015,0.0,50174.0,0.060575,0.5649489999999999,PSE,CHE,902190
10552747,182,41,9750,2015,0.0,10178.0,-0.301696,-0.795154,PYF,CHE,902190
10552748,183,41,9750,2015,0.0,65206.0,-0.077053,-0.9922719999999999,QAT,CHE,902190
10552749,185,41,9750,2015,44406.0,74980.0,0.946363,1.056775,ROU,CHE,902190
10552750,186,41,9750,2015,638544.0,4023923.0,0.23119,0.035965,RUS,CHE,902190
10552751,187,41,9750,2015,0.0,1921.0,-0.755738,-0.4423,RWA,CHE,902190
10552752,188,41,9750,2015,1107.0,1790454.0,0.5552520000000001,-0.7263229999999999,SAU,CHE,902190
10552753,192,41,9750,2015,773110.0,2523576.0,2.05613,0.593065,SGP,CHE,902190
10552754,197,41,9750,2015,0.0,4510.0,0.05531900000000001,0.169073,SLV,CHE,902190
10552755,201,41,9750,2015,19463.0,326279.0,0.457042,1.324908,SRB,CHE,902190
10552756,206,41,9750,2015,96422.0,175218.0,1.287133,0.7900560000000001,SVK,CHE,902190
10552757,207,41,9750,2015,15955.0,92343.0,1.6089879999999999,0.833616,SVN,CHE,902190
10552758,208,41,9750,2015,1284945.0,3171955.0,1.8068349999999997,0.693389,SWE,CHE,902190
10552759,212,41,9750,2015,0.0,2563.0,-0.603532,0.313216,SYR,CHE,902190
10552760,215,41,9750,2015,0.0,2317.0,-0.66925,-0.873554,TGO,CHE,902190
10552761,216,41,9750,2015,31423.0,1898859.0,0.965888,1.368572,THA,CHE,902190
10552762,217,41,9750,2015,0.0,18056.0,-1.134216,-1.174245,TJK,CHE,902190
10552763,219,41,9750,2015,0.0,2417.0,-1.546516,-1.315803,TKM,CHE,902190
10552764,223,41,9750,2015,8485.0,24888.0,0.140202,0.967591,TUN,CHE,902190
10552765,224,41,9750,2015,167667.0,2432005.0,0.438669,2.519632,TUR,CHE,902190
10552766,227,41,9750,2015,0.0,12888.0,-0.611023,0.078961,UGA,CHE,902190
10552767,228,41,9750,2015,20325.0,81430.0,0.429879,0.701813,UKR,CHE,902190
10552768,230,41,9750,2015,0.0,52998.0,0.273876,-0.363695,URY,CHE,902190
10552769,231,41,9750,2015,120273264.0,67490008.0,1.720478,-0.129322,USA,CHE,902190
10552770,232,41,9750,2015,0.0,2557.0,-0.724966,-0.599292,UZB,CHE,902190
10552771,236,41,9750,2015,0.0,5390.0,-0.9249129999999999,-1.1877280000000001,VEN,CHE,902190
10552772,239,41,9750,2015,6144871.0,7458954.0,-0.17108900000000002,1.10995,VNM,CHE,902190
10552773,243,41,9750,2015,0.0,166095.0,-1.048632,-1.10843,YEM,CHE,902190
10552774,246,41,9750,2015,7989.0,1316494.0,0.24944699999999997,1.7573159999999999,ZAF,CHE,902190
10552775,249,41,9750,2015,122812.0,2647250.0,1.962832,1.214982,TWN,CHE,902190
10552776,250,41,9750,2015,0.0,133482.0,0.377283,-0.092204,ANS,CHE,902190
10552777,8,42,9750,2015,43299.0,0.0,0.116896,0.30330999999999997,ARG,CHL,902190
10552778,14,42,9750,2015,6347.0,0.0,-0.292325,-0.043489,AUS,CHL,902190
10552779,15,42,9750,2015,487543.0,7593.0,1.747098,-0.08026699999999999,AUT,CHL,902190
10552780,18,42,9750,2015,1729558.0,0.0,1.329866,1.100641,BEL,CHL,902190
10552781,32,42,9750,2015,69395.0,47986.0,0.23656799999999997,0.688607,BRA,CHL,902190
10552782,39,42,9750,2015,10480.0,0.0,0.695867,1.171676,CAN,CHL,902190
10552783,41,42,9750,2015,1574185.0,641786.0,2.306075,0.720781,CHE,CHL,902190
10552784,43,42,9750,2015,462451.0,0.0,1.077143,1.735757,CHN,CHL,902190
10552785,49,42,9750,2015,8908.0,3142.0,0.156383,-0.183055,COL,CHL,902190
10552786,52,42,9750,2015,150705.0,0.0,0.24859699999999998,-0.033143,CRI,CHL,902190
10552787,59,42,9750,2015,29921.0,0.0,1.743012,0.45424,CZE,CHL,902190
10552788,61,42,9750,2015,2607036.0,0.0,2.203818,-2.307561,DEU,CHL,902190
10552789,64,42,9750,2015,2489362.0,0.0,1.157924,1.2045629999999998,DNK,CHL,902190
10552790,67,42,9750,2015,0.0,241839.0,-0.9845959999999999,-1.075639,ECU,CHL,902190
10552791,71,42,9750,2015,163064.0,0.0,0.8173590000000001,2.442556,ESP,CHL,902190
10552792,74,42,9750,2015,9074.0,0.0,1.597817,0.998059,FIN,CHL,902190
10552793,77,42,9750,2015,183166.0,0.0,1.479792,0.6490239999999999,FRA,CHL,902190
10552794,81,42,9750,2015,5182.0,0.0,1.7422990000000003,0.75838,GBR,CHL,902190
10552795,102,42,9750,2015,2187.0,0.0,1.462839,0.803258,HUN,CHL,902190
10552796,104,42,9750,2015,12279.0,0.0,0.24230900000000002,2.8190880000000003,IND,CHL,902190
10552797,106,42,9750,2015,1523757.0,1006.0,1.304942,0.126431,IRL,CHL,902190
10552798,110,42,9750,2015,59533.0,0.0,1.260071,0.545545,ISR,CHL,902190
10552799,111,42,9750,2015,104030.0,0.0,1.321127,0.747046,ITA,CHL,902190
10552800,114,42,9750,2015,19585.0,0.0,2.516133,-0.484202,JPN,CHL,902190
10552801,121,42,9750,2015,551199.0,1495.0,1.900653,0.859406,KOR,CHL,902190
10552802,138,42,9750,2015,17616.0,0.0,1.169724,0.61457,MEX,CHL,902190
10552803,153,42,9750,2015,1672.0,0.0,1.082803,0.811615,MYS,CHL,902190
10552804,162,42,9750,2015,4444566.0,0.0,1.230104,1.27344,NLD,CHL,902190
10552805,169,42,9750,2015,1555.0,0.0,0.642058,0.833392,PAN,CHL,902190
10552806,173,42,9750,2015,0.0,6150.0,-0.6007819999999999,0.32152800000000004,PER,CHL,902190
10552807,177,42,9750,2015,36137.0,0.0,1.145844,1.1449280000000002,POL,CHL,902190
10552808,179,42,9750,2015,44051.0,0.0,0.561922,2.2276380000000002,PRT,CHL,902190
10552809,180,42,9750,2015,0.0,4207.0,-0.471106,-0.9431139999999999,PRY,CHL,902190
10552810,185,42,9750,2015,1223.0,0.0,0.946363,1.056775,ROU,CHL,902190
10552811,192,42,9750,2015,4544.0,0.0,2.05613,0.593065,SGP,CHL,902190
10552812,208,42,9750,2015,21486.0,0.0,1.8068349999999997,0.693389,SWE,CHL,902190
10552813,216,42,9750,2015,17057.0,0.0,0.965888,1.368572,THA,CHL,902190
10552814,228,42,9750,2015,13736.0,0.0,0.429879,0.701813,UKR,CHL,902190
10552815,231,42,9750,2015,2151200.0,418475.0,1.720478,-0.129322,USA,CHL,902190
10552816,239,42,9750,2015,20081.0,0.0,-0.17108900000000002,1.10995,VNM,CHL,902190
10552817,249,42,9750,2015,95799.0,0.0,1.962832,1.214982,TWN,CHL,902190
10552818,250,42,9750,2015,28529.0,0.0,0.377283,-0.092204,ANS,CHL,902190
10552819,2,43,9750,2015,0.0,15651.0,-1.6542,-1.2598989999999999,AGO,CHN,902190
10552820,4,43,9750,2015,0.0,1978.0,-0.601875,-0.27003,ALB,CHN,902190
10552821,5,43,9750,2015,0.0,38.0,0.850153,0.383793,AND,CHN,902190
10552822,7,43,9750,2015,0.0,321667.0,0.21779600000000002,-0.0047420000000000006,ARE,CHN,902190
10552823,8,43,9750,2015,0.0,854474.0,0.116896,0.30330999999999997,ARG,CHN,902190
10552824,9,43,9750,2015,0.0,869.0,0.037579,-0.42448800000000003,ARM,CHN,902190
10552825,14,43,9750,2015,33333526.0,8453608.0,-0.292325,-0.043489,AUS,CHN,902190
10552826,15,43,9750,2015,18498330.0,80072.0,1.747098,-0.08026699999999999,AUT,CHN,902190
10552827,16,43,9750,2015,0.0,11693.0,-0.983347,-1.231542,AZE,CHN,902190
10552828,18,43,9750,2015,12930582.0,1854678.0,1.329866,1.100641,BEL,CHN,902190
10552829,22,43,9750,2015,0.0,243688.0,-1.088465,-0.8745360000000001,BGD,CHN,902190
10552830,23,43,9750,2015,25506.0,50647.0,0.45640699999999995,1.691455,BGR,CHN,902190
10552831,24,43,9750,2015,0.0,4577.0,0.36650900000000003,-0.28735,BHR,CHN,902190
10552832,28,43,9750,2015,0.0,65819.0,0.672499,0.5584020000000001,BLR,CHN,902190
10552833,31,43,9750,2015,0.0,30182.0,-1.051562,-1.067714,BOL,CHN,902190
10552834,32,43,9750,2015,429989.0,5234208.0,0.23656799999999997,0.688607,BRA,CHN,902190
10552835,33,43,9750,2015,0.0,3869.0,0.453689,0.039237,BRB,CHN,902190
10552836,34,43,9750,2015,0.0,1727.0,1.093564,-0.679211,BRN,CHN,902190
10552837,39,43,9750,2015,279762.0,2885402.0,0.695867,1.171676,CAN,CHN,902190
10552838,41,43,9750,2015,38175248.0,4895606.0,2.306075,0.720781,CHE,CHN,902190
10552839,42,43,9750,2015,0.0,462451.0,-0.356167,-0.47629399999999994,CHL,CHN,902190
10552840,44,43,9750,2015,0.0,6838.0,-0.856142,-0.905292,CIV,CHN,902190
10552841,45,43,9750,2015,0.0,8967.0,-0.924366,-1.040721,CMR,CHN,902190
10552842,49,43,9750,2015,0.0,2251037.0,0.156383,-0.183055,COL,CHN,902190
10552843,52,43,9750,2015,20417702.0,10506.0,0.24859699999999998,-0.033143,CRI,CHN,902190
10552844,54,43,9750,2015,0.0,5620.0,-0.694839,-1.093439,CUB,CHN,902190
10552845,58,43,9750,2015,0.0,8786.0,0.511225,-0.207261,CYP,CHN,902190
10552846,59,43,9750,2015,198955.0,20826.0,1.743012,0.45424,CZE,CHN,902190
10552847,61,43,9750,2015,132111536.0,7203628.0,2.203818,-2.307561,DEU,CHN,902190
10552848,62,43,9750,2015,0.0,2190.0,-0.538942,-0.832522,DJI,CHN,902190
10552849,64,43,9750,2015,34911672.0,2662972.0,1.157924,1.2045629999999998,DNK,CHN,902190
10552850,65,43,9750,2015,160898.0,463315.0,-0.212808,0.395873,DOM,CHN,902190
10552851,66,43,9750,2015,0.0,158640.0,-1.54346,-1.255633,DZA,CHN,902190
10552852,67,43,9750,2015,0.0,298096.0,-0.9845959999999999,-1.075639,ECU,CHN,902190
10552853,68,43,9750,2015,0.0,279515.0,-0.183053,1.765036,EGY,CHN,902190
10552854,71,43,9750,2015,180888.0,2498180.0,0.8173590000000001,2.442556,ESP,CHN,902190
10552855,72,43,9750,2015,41630.0,65570.0,0.9281149999999999,1.1780389999999998,EST,CHN,902190
10552856,73,43,9750,2015,0.0,34049.0,-1.004896,-0.721019,ETH,CHN,902190
10552857,74,43,9750,2015,1149295.0,311388.0,1.597817,0.998059,FIN,CHN,902190
10552858,75,43,9750,2015,0.0,1973.0,-0.481968,-0.201468,FJI,CHN,902190
10552859,77,43,9750,2015,4993494.0,4929000.0,1.479792,0.6490239999999999,FRA,CHN,902190
10552860,81,43,9750,2015,930060.0,19707826.0,1.7422990000000003,0.75838,GBR,CHN,902190
10552861,82,43,9750,2015,0.0,5455.0,-0.343663,-0.588017,GEO,CHN,902190
10552862,83,43,9750,2015,0.0,79755.0,-0.750568,-0.690257,GHA,CHN,902190
10552863,90,43,9750,2015,0.0,361884.0,0.099027,1.012289,GRC,CHN,902190
10552864,93,43,9750,2015,0.0,34437.0,-0.284403,0.525564,GTM,CHN,902190
10552865,97,43,9750,2015,967404.0,16390461.0,0.8255290000000001,1.8017279999999998,HKG,CHN,902190
10552866,99,43,9750,2015,0.0,145673.0,-0.578635,-0.292053,HND,CHN,902190
10552867,100,43,9750,2015,0.0,100104.0,0.7590140000000001,1.257415,HRV,CHN,902190
10552868,102,43,9750,2015,1918642.0,47271.0,1.462839,0.803258,HUN,CHN,902190
10552869,103,43,9750,2015,0.0,1047480.0,-0.145103,1.277362,IDN,CHN,902190
10552870,104,43,9750,2015,40734.0,2111484.0,0.24230900000000002,2.8190880000000003,IND,CHN,902190
10552871,106,43,9750,2015,151250992.0,3867503.0,1.304942,0.126431,IRL,CHN,902190
10552872,107,43,9750,2015,0.0,312696.0,-0.258946,-0.0073420000000000004,IRN,CHN,902190
10552873,108,43,9750,2015,0.0,114155.0,-1.465803,-0.912113,IRQ,CHN,902190
10552874,109,43,9750,2015,0.0,145461.0,0.24527600000000002,-0.411616,ISL,CHN,902190
10552875,110,43,9750,2015,381840.0,88164.0,1.260071,0.545545,ISR,CHN,902190
10552876,111,43,9750,2015,523977.0,2649423.0,1.321127,0.747046,ITA,CHN,902190
10552877,112,43,9750,2015,0.0,9684.0,-0.438267,-0.828097,JAM,CHN,902190
10552878,113,43,9750,2015,0.0,41133.0,0.121172,0.457301,JOR,CHN,902190
10552879,114,43,9750,2015,1448230.0,4108155.0,2.516133,-0.484202,JPN,CHN,902190
10552880,115,43,9750,2015,0.0,11928.0,-0.45091499999999995,-0.652026,KAZ,CHN,902190
10552881,116,43,9750,2015,0.0,529168.0,-0.453564,0.433325,KEN,CHN,902190
10552882,117,43,9750,2015,0.0,13574.0,0.02058,0.438692,KGZ,CHN,902190
10552883,118,43,9750,2015,0.0,21247.0,-0.791985,-0.833046,KHM,CHN,902190
10552884,121,43,9750,2015,5851226.0,1499430.0,1.900653,0.859406,KOR,CHN,902190
10552885,122,43,9750,2015,0.0,63842.0,-0.352023,-1.153057,KWT,CHN,902190
10552886,123,43,9750,2015,0.0,16601.0,-0.927524,-0.74525,LAO,CHN,902190
10552887,124,43,9750,2015,0.0,200790.0,0.317355,1.330374,LBN,CHN,902190
10552888,126,43,9750,2015,0.0,20520.0,-1.3257219999999998,-1.260453,LBY,CHN,902190
10552889,128,43,9750,2015,0.0,62386.0,-0.6773399999999999,0.386343,LKA,CHN,902190
10552890,130,43,9750,2015,0.0,419201.0,0.749429,1.3659860000000001,LTU,CHN,902190
10552891,131,43,9750,2015,0.0,3773.0,1.218924,1.247152,LUX,CHN,902190
10552892,133,43,9750,2015,0.0,11861.0,0.296288,0.32009499999999996,MAC,CHN,902190
10552893,134,43,9750,2015,2685.0,93077.0,-0.7554810000000001,-0.059697,MAR,CHN,902190
10552894,135,43,9750,2015,0.0,10637.0,-0.313837,-0.20393,MDA,CHN,902190
10552895,137,43,9750,2015,0.0,1869.0,-0.321571,-0.858751,MDV,CHN,902190
10552896,138,43,9750,2015,13941471.0,1370104.0,1.169724,0.61457,MEX,CHN,902190
10552897,140,43,9750,2015,0.0,1829.0,-0.09009600000000001,-0.147359,MKD,CHN,902190
10552898,142,43,9750,2015,0.0,11570.0,0.880893,-0.117585,MLT,CHN,902190
10552899,143,43,9750,2015,0.0,1360.0,-1.4596120000000001,-0.903904,MMR,CHN,902190
10552900,144,43,9750,2015,0.0,894.0,-0.048385000000000004,-0.150759,MNE,CHN,902190
10552901,145,43,9750,2015,4569.0,33376.0,-1.244368,-1.196677,MNG,CHN,902190
10552902,151,43,9750,2015,0.0,10899.0,-0.231762,-0.195051,MUS,CHN,902190
10552903,153,43,9750,2015,13264619.0,11828206.0,1.082803,0.811615,MYS,CHN,902190
10552904,155,43,9750,2015,0.0,980.0,-0.43457399999999996,-0.665655,NAM,CHN,902190
10552905,156,43,9750,2015,0.0,8291.0,-0.727911,-0.844562,NCL,CHN,902190
10552906,157,43,9750,2015,0.0,955.0,-1.517292,-1.033891,NER,CHN,902190
10552907,159,43,9750,2015,0.0,87732.0,-1.415451,-1.157829,NGA,CHN,902190
10552908,160,43,9750,2015,0.0,63510.0,-1.102989,-0.952276,NIC,CHN,902190
10552909,162,43,9750,2015,46049596.0,6154420.0,1.230104,1.27344,NLD,CHN,902190
10552910,163,43,9750,2015,1285.0,207219.0,0.950708,0.314339,NOR,CHN,902190
10552911,164,43,9750,2015,0.0,80034.0,-0.290416,0.456716,NPL,CHN,902190
10552912,166,43,9750,2015,37806.0,640658.0,0.224598,0.253179,NZL,CHN,902190
10552913,167,43,9750,2015,0.0,19526.0,-0.4699,-1.00451,OMN,CHN,902190
10552914,168,43,9750,2015,0.0,1489941.0,-0.7059979999999999,0.73501,PAK,CHN,902190
10552915,169,43,9750,2015,0.0,1860.0,0.642058,0.833392,PAN,CHN,902190
10552916,173,43,9750,2015,0.0,219490.0,-0.6007819999999999,0.32152800000000004,PER,CHN,902190
10552917,174,43,9750,2015,97738.0,2352793.0,0.6406270000000001,0.45770200000000005,PHL,CHN,902190
10552918,177,43,9750,2015,472615.0,6126076.0,1.145844,1.1449280000000002,POL,CHN,902190
10552919,179,43,9750,2015,0.0,5899.0,0.561922,2.2276380000000002,PRT,CHN,902190
10552920,180,43,9750,2015,0.0,21172.0,-0.471106,-0.9431139999999999,PRY,CHN,902190
10552921,181,43,9750,2015,0.0,10160.0,0.060575,0.5649489999999999,PSE,CHN,902190
10552922,182,43,9750,2015,0.0,20361.0,-0.301696,-0.795154,PYF,CHN,902190
10552923,183,43,9750,2015,0.0,2104.0,-0.077053,-0.9922719999999999,QAT,CHN,902190
10552924,185,43,9750,2015,0.0,127690.0,0.946363,1.056775,ROU,CHN,902190
10552925,186,43,9750,2015,0.0,1857486.0,0.23119,0.035965,RUS,CHN,902190
10552926,188,43,9750,2015,0.0,266376.0,0.5552520000000001,-0.7263229999999999,SAU,CHN,902190
10552927,190,43,9750,2015,0.0,8692.0,-1.420356,-1.218424,SDN,CHN,902190
10552928,191,43,9750,2015,0.0,5679.0,-0.708349,-0.296663,SEN,CHN,902190
10552929,192,43,9750,2015,54152424.0,4161577.0,2.05613,0.593065,SGP,CHN,902190
10552930,197,43,9750,2015,0.0,13753.0,0.05531900000000001,0.169073,SLV,CHN,902190
10552931,201,43,9750,2015,0.0,8809.0,0.457042,1.324908,SRB,CHN,902190
10552932,206,43,9750,2015,0.0,99781.0,1.287133,0.7900560000000001,SVK,CHN,902190
10552933,207,43,9750,2015,0.0,53604.0,1.6089879999999999,0.833616,SVN,CHN,902190
10552934,208,43,9750,2015,670512.0,4198388.0,1.8068349999999997,0.693389,SWE,CHN,902190
10552935,211,43,9750,2015,0.0,13791.0,1.017467,-0.285569,SYC,CHN,902190
10552936,212,43,9750,2015,0.0,84537.0,-0.603532,0.313216,SYR,CHN,902190
10552937,216,43,9750,2015,19375.0,1323918.0,0.965888,1.368572,THA,CHN,902190
10552938,217,43,9750,2015,0.0,1432.0,-1.134216,-1.174245,TJK,CHN,902190
10552939,222,43,9750,2015,0.0,9278.0,-0.462837,-1.117621,TTO,CHN,902190
10552940,223,43,9750,2015,1820958.0,146389.0,0.140202,0.967591,TUN,CHN,902190
10552941,224,43,9750,2015,21825.0,1692386.0,0.438669,2.519632,TUR,CHN,902190
10552942,226,43,9750,2015,0.0,25789.0,-1.02395,-0.017509999999999998,TZA,CHN,902190
10552943,227,43,9750,2015,0.0,11169.0,-0.611023,0.078961,UGA,CHN,902190
10552944,228,43,9750,2015,1342.0,42840.0,0.429879,0.701813,UKR,CHN,902190
10552945,230,43,9750,2015,16203.0,1432736.0,0.273876,-0.363695,URY,CHN,902190
10552946,231,43,9750,2015,69825800.0,180328848.0,1.720478,-0.129322,USA,CHN,902190
10552947,232,43,9750,2015,0.0,45631.0,-0.724966,-0.599292,UZB,CHN,902190
10552948,236,43,9750,2015,0.0,1036562.0,-0.9249129999999999,-1.1877280000000001,VEN,CHN,902190
10552949,239,43,9750,2015,5025902.0,4907546.0,-0.17108900000000002,1.10995,VNM,CHN,902190
10552950,242,43,9750,2015,0.0,872.0,0.351057,-0.158431,WSM,CHN,902190
10552951,243,43,9750,2015,0.0,28580.0,-1.048632,-1.10843,YEM,CHN,902190
10552952,246,43,9750,2015,0.0,607094.0,0.24944699999999997,1.7573159999999999,ZAF,CHN,902190
10552953,247,43,9750,2015,0.0,28479.0,-0.44792,-0.769586,ZMB,CHN,902190
10552954,248,43,9750,2015,0.0,2794.0,-0.838017,-0.9400270000000001,ZWE,CHN,902190
10552955,249,43,9750,2015,11270308.0,634074.0,1.962832,1.214982,TWN,CHN,902190
10552956,18,44,9750,2015,5143.0,0.0,1.329866,1.100641,BEL,CIV,902190
10552957,43,44,9750,2015,6838.0,0.0,1.077143,1.735757,CHN,CIV,902190
10552958,61,44,9750,2015,10911.0,0.0,2.203818,-2.307561,DEU,CIV,902190
10552959,64,44,9750,2015,5435.0,0.0,1.157924,1.2045629999999998,DNK,CIV,902190
10552960,68,44,9750,2015,7146.0,0.0,-0.183053,1.765036,EGY,CIV,902190
10552961,71,44,9750,2015,0.0,3518.0,0.8173590000000001,2.442556,ESP,CIV,902190
10552962,77,44,9750,2015,78689.0,0.0,1.479792,0.6490239999999999,FRA,CIV,902190
10552963,81,44,9750,2015,5942.0,0.0,1.7422990000000003,0.75838,GBR,CIV,902190
10552964,104,44,9750,2015,14026.0,0.0,0.24230900000000002,2.8190880000000003,IND,CIV,902190
10552965,111,44,9750,2015,13326.0,0.0,1.321127,0.747046,ITA,CIV,902190
10552966,114,44,9750,2015,5575.0,0.0,2.516133,-0.484202,JPN,CIV,902190
10552967,223,44,9750,2015,26505.0,0.0,0.140202,0.967591,TUN,CIV,902190
10552968,246,44,9750,2015,5374.0,0.0,0.24944699999999997,1.7573159999999999,ZAF,CIV,902190
10552969,250,44,9750,2015,10027.0,0.0,0.377283,-0.092204,ANS,CIV,902190
10552970,8,49,9750,2015,45738.0,0.0,0.116896,0.30330999999999997,ARG,COL,902190
10552971,14,49,9750,2015,68276.0,0.0,-0.292325,-0.043489,AUS,COL,902190
10552972,15,49,9750,2015,1637937.0,3131.0,1.747098,-0.08026699999999999,AUT,COL,902190
10552973,18,49,9750,2015,2671170.0,0.0,1.329866,1.100641,BEL,COL,902190
10552974,31,49,9750,2015,0.0,8006.0,-1.051562,-1.067714,BOL,COL,902190
10552975,32,49,9750,2015,89252.0,0.0,0.23656799999999997,0.688607,BRA,COL,902190
10552976,39,49,9750,2015,3571.0,0.0,0.695867,1.171676,CAN,COL,902190
10552977,41,49,9750,2015,683726.0,1721.0,2.306075,0.720781,CHE,COL,902190
10552978,42,49,9750,2015,3142.0,8908.0,-0.356167,-0.47629399999999994,CHL,COL,902190
10552979,43,49,9750,2015,2251037.0,0.0,1.077143,1.735757,CHN,COL,902190
10552980,52,49,9750,2015,170077.0,0.0,0.24859699999999998,-0.033143,CRI,COL,902190
10552981,59,49,9750,2015,34832.0,0.0,1.743012,0.45424,CZE,COL,902190
10552982,61,49,9750,2015,3351400.0,4743.0,2.203818,-2.307561,DEU,COL,902190
10552983,64,49,9750,2015,320592.0,0.0,1.157924,1.2045629999999998,DNK,COL,902190
10552984,65,49,9750,2015,0.0,560409.0,-0.212808,0.395873,DOM,COL,902190
10552985,67,49,9750,2015,1404.0,8325.0,-0.9845959999999999,-1.075639,ECU,COL,902190
10552986,71,49,9750,2015,293336.0,0.0,0.8173590000000001,2.442556,ESP,COL,902190
10552987,74,49,9750,2015,28712.0,0.0,1.597817,0.998059,FIN,COL,902190
10552988,77,49,9750,2015,1311771.0,0.0,1.479792,0.6490239999999999,FRA,COL,902190
10552989,81,49,9750,2015,228487.0,1904.0,1.7422990000000003,0.75838,GBR,COL,902190
10552990,93,49,9750,2015,0.0,16741.0,-0.284403,0.525564,GTM,COL,902190
10552991,97,49,9750,2015,1029.0,0.0,0.8255290000000001,1.8017279999999998,HKG,COL,902190
10552992,102,49,9750,2015,116476.0,0.0,1.462839,0.803258,HUN,COL,902190
10552993,104,49,9750,2015,30460.0,0.0,0.24230900000000002,2.8190880000000003,IND,COL,902190
10552994,106,49,9750,2015,4186610.0,5834.0,1.304942,0.126431,IRL,COL,902190
10552995,110,49,9750,2015,315262.0,0.0,1.260071,0.545545,ISR,COL,902190
10552996,111,49,9750,2015,194514.0,0.0,1.321127,0.747046,ITA,COL,902190
10552997,114,49,9750,2015,900204.0,0.0,2.516133,-0.484202,JPN,COL,902190
10552998,121,49,9750,2015,808224.0,0.0,1.900653,0.859406,KOR,COL,902190
10552999,138,49,9750,2015,125835.0,0.0,1.169724,0.61457,MEX,COL,902190
10553000,153,49,9750,2015,45379.0,0.0,1.082803,0.811615,MYS,COL,902190
10553001,162,49,9750,2015,17918056.0,143290.0,1.230104,1.27344,NLD,COL,902190
10553002,173,49,9750,2015,0.0,3498.0,-0.6007819999999999,0.32152800000000004,PER,COL,902190
10553003,177,49,9750,2015,461029.0,788.0,1.145844,1.1449280000000002,POL,COL,902190
10553004,178,49,9750,2015,10197.0,0.0,-0.404818,-0.075235,PRK,COL,902190
10553005,186,49,9750,2015,84570.0,0.0,0.23119,0.035965,RUS,COL,902190
10553006,192,49,9750,2015,51564.0,0.0,2.05613,0.593065,SGP,COL,902190
10553007,208,49,9750,2015,59240.0,0.0,1.8068349999999997,0.693389,SWE,COL,902190
10553008,231,49,9750,2015,18660522.0,23916.0,1.720478,-0.129322,USA,COL,902190
10553009,249,49,9750,2015,78633.0,0.0,1.962832,1.214982,TWN,COL,902190
10553010,7,52,9750,2015,0.0,82468.0,0.21779600000000002,-0.0047420000000000006,ARE,CRI,902190
10553011,8,52,9750,2015,6823.0,572837.0,0.116896,0.30330999999999997,ARG,CRI,902190
10553012,14,52,9750,2015,0.0,1924087.0,-0.292325,-0.043489,AUS,CRI,902190
10553013,15,52,9750,2015,40538.0,232153.0,1.747098,-0.08026699999999999,AUT,CRI,902190
10553014,16,52,9750,2015,0.0,2543.0,-0.983347,-1.231542,AZE,CRI,902190
10553015,18,52,9750,2015,33360.0,14426394.0,1.329866,1.100641,BEL,CRI,902190
10553016,24,52,9750,2015,0.0,14142.0,0.36650900000000003,-0.28735,BHR,CRI,902190
10553017,31,52,9750,2015,0.0,24746.0,-1.051562,-1.067714,BOL,CRI,902190
10553018,32,52,9750,2015,0.0,697925.0,0.23656799999999997,0.688607,BRA,CRI,902190
10553019,33,52,9750,2015,3383.0,1560.0,0.453689,0.039237,BRB,CRI,902190
10553020,39,52,9750,2015,0.0,1065031.0,0.695867,1.171676,CAN,CRI,902190
10553021,41,52,9750,2015,500892.0,112338.0,2.306075,0.720781,CHE,CRI,902190
10553022,42,52,9750,2015,0.0,150705.0,-0.356167,-0.47629399999999994,CHL,CRI,902190
10553023,43,52,9750,2015,10506.0,20417702.0,1.077143,1.735757,CHN,CRI,902190
10553024,49,52,9750,2015,0.0,170077.0,0.156383,-0.183055,COL,CRI,902190
10553025,59,52,9750,2015,766.0,0.0,1.743012,0.45424,CZE,CRI,902190
10553026,61,52,9750,2015,489758.0,3318765.0,2.203818,-2.307561,DEU,CRI,902190
10553027,64,52,9750,2015,27488.0,0.0,1.157924,1.2045629999999998,DNK,CRI,902190
10553028,65,52,9750,2015,0.0,6332.0,-0.212808,0.395873,DOM,CRI,902190
10553029,66,52,9750,2015,0.0,5650.0,-1.54346,-1.255633,DZA,CRI,902190
10553030,67,52,9750,2015,0.0,33044.0,-0.9845959999999999,-1.075639,ECU,CRI,902190
10553031,71,52,9750,2015,3204.0,483771.0,0.8173590000000001,2.442556,ESP,CRI,902190
10553032,72,52,9750,2015,0.0,3028.0,0.9281149999999999,1.1780389999999998,EST,CRI,902190
10553033,74,52,9750,2015,0.0,216363.0,1.597817,0.998059,FIN,CRI,902190
10553034,77,52,9750,2015,2655.0,3776136.0,1.479792,0.6490239999999999,FRA,CRI,902190
10553035,93,52,9750,2015,5398.0,44286.0,-0.284403,0.525564,GTM,CRI,902190
10553036,97,52,9750,2015,0.0,13510.0,0.8255290000000001,1.8017279999999998,HKG,CRI,902190
10553037,106,52,9750,2015,119976.0,221436.0,1.304942,0.126431,IRL,CRI,902190
10553038,109,52,9750,2015,0.0,265820.0,0.24527600000000002,-0.411616,ISL,CRI,902190
10553039,110,52,9750,2015,15965.0,0.0,1.260071,0.545545,ISR,CRI,902190
10553040,111,52,9750,2015,56434.0,1075.0,1.321127,0.747046,ITA,CRI,902190
10553041,114,52,9750,2015,0.0,8158382.0,2.516133,-0.484202,JPN,CRI,902190
10553042,115,52,9750,2015,0.0,3625.0,-0.45091499999999995,-0.652026,KAZ,CRI,902190
10553043,121,52,9750,2015,0.0,1783107.0,1.900653,0.859406,KOR,CRI,902190
10553044,122,52,9750,2015,0.0,328294.0,-0.352023,-1.153057,KWT,CRI,902190
10553045,134,52,9750,2015,0.0,59746.0,-0.7554810000000001,-0.059697,MAR,CRI,902190
10553046,138,52,9750,2015,10437.0,16372077.0,1.169724,0.61457,MEX,CRI,902190
10553047,160,52,9750,2015,10580.0,3504.0,-1.102989,-0.952276,NIC,CRI,902190
10553048,162,52,9750,2015,1983560.0,2843519.0,1.230104,1.27344,NLD,CRI,902190
10553049,163,52,9750,2015,0.0,24442.0,0.950708,0.314339,NOR,CRI,902190
10553050,164,52,9750,2015,0.0,24711.0,-0.290416,0.456716,NPL,CRI,902190
10553051,166,52,9750,2015,0.0,117263.0,0.224598,0.253179,NZL,CRI,902190
10553052,169,52,9750,2015,0.0,13389.0,0.642058,0.833392,PAN,CRI,902190
10553053,173,52,9750,2015,0.0,61322.0,-0.6007819999999999,0.32152800000000004,PER,CRI,902190
10553054,177,52,9750,2015,80913.0,622714.0,1.145844,1.1449280000000002,POL,CRI,902190
10553055,183,52,9750,2015,0.0,67340.0,-0.077053,-0.9922719999999999,QAT,CRI,902190
10553056,186,52,9750,2015,0.0,171251.0,0.23119,0.035965,RUS,CRI,902190
10553057,188,52,9750,2015,0.0,310310.0,0.5552520000000001,-0.7263229999999999,SAU,CRI,902190
10553058,192,52,9750,2015,0.0,539918.0,2.05613,0.593065,SGP,CRI,902190
10553059,197,52,9750,2015,4371.0,0.0,0.05531900000000001,0.169073,SLV,CRI,902190
10553060,201,52,9750,2015,0.0,52152.0,0.457042,1.324908,SRB,CRI,902190
10553061,206,52,9750,2015,0.0,13714.0,1.287133,0.7900560000000001,SVK,CRI,902190
10553062,207,52,9750,2015,0.0,153047.0,1.6089879999999999,0.833616,SVN,CRI,902190
10553063,224,52,9750,2015,0.0,332727.0,0.438669,2.519632,TUR,CRI,902190
10553064,228,52,9750,2015,0.0,15511.0,0.429879,0.701813,UKR,CRI,902190
10553065,230,52,9750,2015,0.0,8589.0,0.273876,-0.363695,URY,CRI,902190
10553066,231,52,9750,2015,12010072.0,5267931.0,1.720478,-0.129322,USA,CRI,902190
10553067,239,52,9750,2015,0.0,22286.0,-0.17108900000000002,1.10995,VNM,CRI,902190
10553068,246,52,9750,2015,0.0,46399.0,0.24944699999999997,1.7573159999999999,ZAF,CRI,902190
10553069,249,52,9750,2015,39095.0,11274.0,1.962832,1.214982,TWN,CRI,902190
10553070,250,52,9750,2015,211818.0,0.0,0.377283,-0.092204,ANS,CRI,902190
10553071,15,55,9750,2015,3240.0,0.0,1.747098,-0.08026699999999999,AUT,CUW,902190
10553072,61,55,9750,2015,59391.0,0.0,2.203818,-2.307561,DEU,CUW,902190
10553073,110,55,9750,2015,77000.0,0.0,1.260071,0.545545,ISR,CUW,902190
10553074,162,55,9750,2015,1140414.0,0.0,1.230104,1.27344,NLD,CUW,902190
10553075,169,55,9750,2015,8416.0,0.0,0.642058,0.833392,PAN,CUW,902190
10553076,226,55,9750,2015,0.0,3551.0,-1.02395,-0.017509999999999998,TZA,CUW,902190
10553077,230,55,9750,2015,2135.0,0.0,0.273876,-0.363695,URY,CUW,902190
10553078,231,55,9750,2015,2196007.0,0.0,1.720478,-0.129322,USA,CUW,902190
10553079,7,59,9750,2015,0.0,2557.0,0.21779600000000002,-0.0047420000000000006,ARE,CZE,902190
10553080,8,59,9750,2015,65708.0,43074.0,0.116896,0.30330999999999997,ARG,CZE,902190
10553081,9,59,9750,2015,0.0,1758.0,0.037579,-0.42448800000000003,ARM,CZE,902190
10553082,14,59,9750,2015,90144.0,75858.0,-0.292325,-0.043489,AUS,CZE,902190
10553083,15,59,9750,2015,1663500.0,87980.0,1.747098,-0.08026699999999999,AUT,CZE,902190
10553084,18,59,9750,2015,1743576.0,35460.0,1.329866,1.100641,BEL,CZE,902190
10553085,23,59,9750,2015,0.0,1047.0,0.45640699999999995,1.691455,BGR,CZE,902190
10553086,26,59,9750,2015,0.0,49112.0,0.355903,0.723092,BIH,CZE,902190
10553087,28,59,9750,2015,0.0,18594.0,0.672499,0.5584020000000001,BLR,CZE,902190
10553088,32,59,9750,2015,5530.0,287322.0,0.23656799999999997,0.688607,BRA,CZE,902190
10553089,33,59,9750,2015,38436.0,505.0,0.453689,0.039237,BRB,CZE,902190
10553090,39,59,9750,2015,81333.0,8648.0,0.695867,1.171676,CAN,CZE,902190
10553091,41,59,9750,2015,236468.0,120815.0,2.306075,0.720781,CHE,CZE,902190
10553092,42,59,9750,2015,0.0,29921.0,-0.356167,-0.47629399999999994,CHL,CZE,902190
10553093,43,59,9750,2015,20826.0,198955.0,1.077143,1.735757,CHN,CZE,902190
10553094,49,59,9750,2015,0.0,34832.0,0.156383,-0.183055,COL,CZE,902190
10553095,52,59,9750,2015,0.0,766.0,0.24859699999999998,-0.033143,CRI,CZE,902190
10553096,61,59,9750,2015,16227795.0,185349.0,2.203818,-2.307561,DEU,CZE,902190
10553097,64,59,9750,2015,269162.0,32339.0,1.157924,1.2045629999999998,DNK,CZE,902190
10553098,68,59,9750,2015,0.0,88837.0,-0.183053,1.765036,EGY,CZE,902190
10553099,71,59,9750,2015,133667.0,290002.0,0.8173590000000001,2.442556,ESP,CZE,902190
10553100,72,59,9750,2015,0.0,148895.0,0.9281149999999999,1.1780389999999998,EST,CZE,902190
10553101,74,59,9750,2015,37670.0,47422.0,1.597817,0.998059,FIN,CZE,902190
10553102,77,59,9750,2015,806391.0,68910.0,1.479792,0.6490239999999999,FRA,CZE,902190
10553103,81,59,9750,2015,214718.0,655442.0,1.7422990000000003,0.75838,GBR,CZE,902190
10553104,82,59,9750,2015,0.0,13194.0,-0.343663,-0.588017,GEO,CZE,902190
10553105,90,59,9750,2015,0.0,47921.0,0.099027,1.012289,GRC,CZE,902190
10553106,97,59,9750,2015,1036.0,2222.0,0.8255290000000001,1.8017279999999998,HKG,CZE,902190
10553107,100,59,9750,2015,0.0,4164.0,0.7590140000000001,1.257415,HRV,CZE,902190
10553108,102,59,9750,2015,7833.0,20118.0,1.462839,0.803258,HUN,CZE,902190
10553109,104,59,9750,2015,11665.0,24340.0,0.24230900000000002,2.8190880000000003,IND,CZE,902190
10553110,106,59,9750,2015,336368.0,4371.0,1.304942,0.126431,IRL,CZE,902190
10553111,107,59,9750,2015,0.0,18514.0,-0.258946,-0.0073420000000000004,IRN,CZE,902190
10553112,110,59,9750,2015,58376.0,16842.0,1.260071,0.545545,ISR,CZE,902190
10553113,111,59,9750,2015,947808.0,464699.0,1.321127,0.747046,ITA,CZE,902190
10553114,113,59,9750,2015,0.0,3598.0,0.121172,0.457301,JOR,CZE,902190
10553115,114,59,9750,2015,21540.0,148241.0,2.516133,-0.484202,JPN,CZE,902190
10553116,115,59,9750,2015,0.0,310604.0,-0.45091499999999995,-0.652026,KAZ,CZE,902190
10553117,116,59,9750,2015,0.0,7405.0,-0.453564,0.433325,KEN,CZE,902190
10553118,121,59,9750,2015,275787.0,19120.0,1.900653,0.859406,KOR,CZE,902190
10553119,122,59,9750,2015,0.0,19095.0,-0.352023,-1.153057,KWT,CZE,902190
10553120,124,59,9750,2015,0.0,5771.0,0.317355,1.330374,LBN,CZE,902190
10553121,128,59,9750,2015,0.0,9527.0,-0.6773399999999999,0.386343,LKA,CZE,902190
10553122,130,59,9750,2015,0.0,10164.0,0.749429,1.3659860000000001,LTU,CZE,902190
10553123,132,59,9750,2015,39921.0,759016.0,0.602209,1.125357,LVA,CZE,902190
10553124,134,59,9750,2015,0.0,58858.0,-0.7554810000000001,-0.059697,MAR,CZE,902190
10553125,135,59,9750,2015,0.0,1322.0,-0.313837,-0.20393,MDA,CZE,902190
10553126,138,59,9750,2015,97721.0,24090.0,1.169724,0.61457,MEX,CZE,902190
10553127,143,59,9750,2015,0.0,122256.0,-1.4596120000000001,-0.903904,MMR,CZE,902190
10553128,153,59,9750,2015,20989.0,5384.0,1.082803,0.811615,MYS,CZE,902190
10553129,162,59,9750,2015,3698153.0,386875.0,1.230104,1.27344,NLD,CZE,902190
10553130,163,59,9750,2015,0.0,12326.0,0.950708,0.314339,NOR,CZE,902190
10553131,166,59,9750,2015,30670.0,3712.0,0.224598,0.253179,NZL,CZE,902190
10553132,168,59,9750,2015,5128.0,0.0,-0.7059979999999999,0.73501,PAK,CZE,902190
10553133,173,59,9750,2015,0.0,11828.0,-0.6007819999999999,0.32152800000000004,PER,CZE,902190
10553134,177,59,9750,2015,192435.0,1361365.0,1.145844,1.1449280000000002,POL,CZE,902190
10553135,179,59,9750,2015,0.0,20091.0,0.561922,2.2276380000000002,PRT,CZE,902190
10553136,182,59,9750,2015,0.0,408.0,-0.301696,-0.795154,PYF,CZE,902190
10553137,185,59,9750,2015,1322.0,9218.0,0.946363,1.056775,ROU,CZE,902190
10553138,186,59,9750,2015,0.0,1864872.0,0.23119,0.035965,RUS,CZE,902190
10553139,188,59,9750,2015,0.0,69616.0,0.5552520000000001,-0.7263229999999999,SAU,CZE,902190
10553140,192,59,9750,2015,409622.0,24241.0,2.05613,0.593065,SGP,CZE,902190
10553141,201,59,9750,2015,0.0,8632.0,0.457042,1.324908,SRB,CZE,902190
10553142,206,59,9750,2015,118523.0,3602521.0,1.287133,0.7900560000000001,SVK,CZE,902190
10553143,207,59,9750,2015,22874.0,44369.0,1.6089879999999999,0.833616,SVN,CZE,902190
10553144,208,59,9750,2015,48077.0,115862.0,1.8068349999999997,0.693389,SWE,CZE,902190
10553145,216,59,9750,2015,0.0,9406.0,0.965888,1.368572,THA,CZE,902190
10553146,219,59,9750,2015,0.0,2216.0,-1.546516,-1.315803,TKM,CZE,902190
10553147,224,59,9750,2015,31014.0,61389.0,0.438669,2.519632,TUR,CZE,902190
10553148,228,59,9750,2015,0.0,171747.0,0.429879,0.701813,UKR,CZE,902190
10553149,230,59,9750,2015,0.0,15841.0,0.273876,-0.363695,URY,CZE,902190
10553150,231,59,9750,2015,864793.0,282555.0,1.720478,-0.129322,USA,CZE,902190
10553151,239,59,9750,2015,12668.0,23930.0,-0.17108900000000002,1.10995,VNM,CZE,902190
10553152,246,59,9750,2015,6869.0,10603.0,0.24944699999999997,1.7573159999999999,ZAF,CZE,902190
10553153,249,59,9750,2015,43320.0,0.0,1.962832,1.214982,TWN,CZE,902190
10553154,0,61,9750,2015,0.0,8213.0,0.8526809999999999,-0.043541,ABW,DEU,902190
10553155,2,61,9750,2015,0.0,9940.0,-1.6542,-1.2598989999999999,AGO,DEU,902190
10553156,4,61,9750,2015,0.0,401723.0,-0.601875,-0.27003,ALB,DEU,902190
10553157,5,61,9750,2015,0.0,4264.0,0.850153,0.383793,AND,DEU,902190
10553158,7,61,9750,2015,28454.0,3182416.0,0.21779600000000002,-0.0047420000000000006,ARE,DEU,902190
10553159,8,61,9750,2015,59030.0,5960460.0,0.116896,0.30330999999999997,ARG,DEU,902190
10553160,9,61,9750,2015,0.0,261154.0,0.037579,-0.42448800000000003,ARM,DEU,902190
10553161,14,61,9750,2015,6345682.0,27968298.0,-0.292325,-0.043489,AUS,DEU,902190
10553162,15,61,9750,2015,71849544.0,34185844.0,1.747098,-0.08026699999999999,AUT,DEU,902190
10553163,16,61,9750,2015,0.0,271944.0,-0.983347,-1.231542,AZE,DEU,902190
10553164,18,61,9750,2015,69696728.0,134420848.0,1.329866,1.100641,BEL,DEU,902190
10553165,19,61,9750,2015,0.0,6278.0,-0.5641470000000001,-0.8971020000000001,BEN,DEU,902190
10553166,22,61,9750,2015,0.0,496258.0,-1.088465,-0.8745360000000001,BGD,DEU,902190
10553167,23,61,9750,2015,0.0,3828542.0,0.45640699999999995,1.691455,BGR,DEU,902190
10553168,24,61,9750,2015,0.0,69501.0,0.36650900000000003,-0.28735,BHR,DEU,902190
10553169,25,61,9750,2015,0.0,92628.0,0.669493,-0.37838099999999997,BHS,DEU,902190
10553170,26,61,9750,2015,0.0,835856.0,0.355903,0.723092,BIH,DEU,902190
10553171,28,61,9750,2015,0.0,328460.0,0.672499,0.5584020000000001,BLR,DEU,902190
10553172,31,61,9750,2015,770736.0,126866.0,-1.051562,-1.067714,BOL,DEU,902190
10553173,32,61,9750,2015,65901.0,24631486.0,0.23656799999999997,0.688607,BRA,DEU,902190
10553174,33,61,9750,2015,12669.0,1878.0,0.453689,0.039237,BRB,DEU,902190
10553175,39,61,9750,2015,481342.0,7179380.0,0.695867,1.171676,CAN,DEU,902190
10553176,41,61,9750,2015,102363016.0,60306880.0,2.306075,0.720781,CHE,DEU,902190
10553177,42,61,9750,2015,0.0,2607036.0,-0.356167,-0.47629399999999994,CHL,DEU,902190
10553178,43,61,9750,2015,7203628.0,132111536.0,1.077143,1.735757,CHN,DEU,902190
10553179,44,61,9750,2015,0.0,10911.0,-0.856142,-0.905292,CIV,DEU,902190
10553180,45,61,9750,2015,0.0,4651.0,-0.924366,-1.040721,CMR,DEU,902190
10553181,49,61,9750,2015,4743.0,3351400.0,0.156383,-0.183055,COL,DEU,902190
10553182,52,61,9750,2015,3318765.0,489758.0,0.24859699999999998,-0.033143,CRI,DEU,902190
10553183,54,61,9750,2015,0.0,57385.0,-0.694839,-1.093439,CUB,DEU,902190
10553184,55,61,9750,2015,0.0,59391.0,0.296267,-0.6313350000000001,CUW,DEU,902190
10553185,58,61,9750,2015,0.0,316502.0,0.511225,-0.207261,CYP,DEU,902190
10553186,59,61,9750,2015,185349.0,16227795.0,1.743012,0.45424,CZE,DEU,902190
10553187,62,61,9750,2015,0.0,6144.0,-0.538942,-0.832522,DJI,DEU,902190
10553188,64,61,9750,2015,13132354.0,13572469.0,1.157924,1.2045629999999998,DNK,DEU,902190
10553189,65,61,9750,2015,9248.0,160234.0,-0.212808,0.395873,DOM,DEU,902190
10553190,66,61,9750,2015,0.0,524595.0,-1.54346,-1.255633,DZA,DEU,902190
10553191,67,61,9750,2015,6244.0,778705.0,-0.9845959999999999,-1.075639,ECU,DEU,902190
10553192,68,61,9750,2015,45661.0,2668618.0,-0.183053,1.765036,EGY,DEU,902190
10553193,71,61,9750,2015,1718422.0,31269620.0,0.8173590000000001,2.442556,ESP,DEU,902190
10553194,72,61,9750,2015,201840.0,1098593.0,0.9281149999999999,1.1780389999999998,EST,DEU,902190
10553195,73,61,9750,2015,0.0,3506.0,-1.004896,-0.721019,ETH,DEU,902190
10553196,74,61,9750,2015,193140.0,16321963.0,1.597817,0.998059,FIN,DEU,902190
10553197,75,61,9750,2015,0.0,8879.0,-0.481968,-0.201468,FJI,DEU,902190
10553198,77,61,9750,2015,43174980.0,70284296.0,1.479792,0.6490239999999999,FRA,DEU,902190
10553199,78,61,9750,2015,0.0,7498.0,-0.700767,-0.9214399999999999,FRO,DEU,902190
10553200,81,61,9750,2015,15238219.0,51795944.0,1.7422990000000003,0.75838,GBR,DEU,902190
10553201,82,61,9750,2015,0.0,1182245.0,-0.343663,-0.588017,GEO,DEU,902190
10553202,83,61,9750,2015,0.0,2918.0,-0.750568,-0.690257,GHA,DEU,902190
10553203,90,61,9750,2015,364483.0,10900947.0,0.099027,1.012289,GRC,DEU,902190
10553204,93,61,9750,2015,0.0,111087.0,-0.284403,0.525564,GTM,DEU,902190
10553205,96,61,9750,2015,0.0,8806.0,-1.018758,-1.056085,GUY,DEU,902190
10553206,97,61,9750,2015,426542.0,3794205.0,0.8255290000000001,1.8017279999999998,HKG,DEU,902190
10553207,99,61,9750,2015,0.0,30036.0,-0.578635,-0.292053,HND,DEU,902190
10553208,100,61,9750,2015,956885.0,2587403.0,0.7590140000000001,1.257415,HRV,DEU,902190
10553209,102,61,9750,2015,33882.0,4253954.0,1.462839,0.803258,HUN,DEU,902190
10553210,103,61,9750,2015,0.0,746378.0,-0.145103,1.277362,IDN,DEU,902190
10553211,104,61,9750,2015,538727.0,7821807.0,0.24230900000000002,2.8190880000000003,IND,DEU,902190
10553212,106,61,9750,2015,104717024.0,33646988.0,1.304942,0.126431,IRL,DEU,902190
10553213,107,61,9750,2015,6177.0,2528201.0,-0.258946,-0.0073420000000000004,IRN,DEU,902190
10553214,108,61,9750,2015,0.0,625343.0,-1.465803,-0.912113,IRQ,DEU,902190
10553215,109,61,9750,2015,2405.0,691204.0,0.24527600000000002,-0.411616,ISL,DEU,902190
10553216,110,61,9750,2015,3260973.0,14989508.0,1.260071,0.545545,ISR,DEU,902190
10553217,111,61,9750,2015,7030242.0,83184776.0,1.321127,0.747046,ITA,DEU,902190
10553218,112,61,9750,2015,0.0,4788.0,-0.438267,-0.828097,JAM,DEU,902190
10553219,113,61,9750,2015,1351.0,498856.0,0.121172,0.457301,JOR,DEU,902190
10553220,114,61,9750,2015,1845758.0,16135930.0,2.516133,-0.484202,JPN,DEU,902190
10553221,115,61,9750,2015,2767.0,4954290.0,-0.45091499999999995,-0.652026,KAZ,DEU,902190
10553222,116,61,9750,2015,0.0,70723.0,-0.453564,0.433325,KEN,DEU,902190
10553223,117,61,9750,2015,0.0,28401.0,0.02058,0.438692,KGZ,DEU,902190
10553224,118,61,9750,2015,0.0,8282.0,-0.791985,-0.833046,KHM,DEU,902190
10553225,120,61,9750,2015,0.0,8550.0,0.8252430000000001,-0.436662,KNA,DEU,902190
10553226,121,61,9750,2015,4156497.0,28407328.0,1.900653,0.859406,KOR,DEU,902190
10553227,122,61,9750,2015,2540.0,786855.0,-0.352023,-1.153057,KWT,DEU,902190
10553228,124,61,9750,2015,1815.0,1295432.0,0.317355,1.330374,LBN,DEU,902190
10553229,126,61,9750,2015,2772.0,442612.0,-1.3257219999999998,-1.260453,LBY,DEU,902190
10553230,128,61,9750,2015,0.0,969692.0,-0.6773399999999999,0.386343,LKA,DEU,902190
10553231,130,61,9750,2015,63534.0,3062332.0,0.749429,1.3659860000000001,LTU,DEU,902190
10553232,131,61,9750,2015,2840.0,1858354.0,1.218924,1.247152,LUX,DEU,902190
10553233,132,61,9750,2015,8268.0,3102523.0,0.602209,1.125357,LVA,DEU,902190
10553234,134,61,9750,2015,10883.0,515032.0,-0.7554810000000001,-0.059697,MAR,DEU,902190
10553235,135,61,9750,2015,0.0,79026.0,-0.313837,-0.20393,MDA,DEU,902190
10553236,138,61,9750,2015,50089084.0,2783066.0,1.169724,0.61457,MEX,DEU,902190
10553237,140,61,9750,2015,0.0,624263.0,-0.09009600000000001,-0.147359,MKD,DEU,902190
10553238,142,61,9750,2015,2088.0,196666.0,0.880893,-0.117585,MLT,DEU,902190
10553239,143,61,9750,2015,0.0,222277.0,-1.4596120000000001,-0.903904,MMR,DEU,902190
10553240,144,61,9750,2015,4206.0,248049.0,-0.048385000000000004,-0.150759,MNE,DEU,902190
10553241,145,61,9750,2015,0.0,66154.0,-1.244368,-1.196677,MNG,DEU,902190
10553242,148,61,9750,2015,0.0,6338.0,-1.5597450000000002,-1.3209229999999998,MRT,DEU,902190
10553243,151,61,9750,2015,0.0,20532.0,-0.231762,-0.195051,MUS,DEU,902190
10553244,153,61,9750,2015,9863984.0,11855516.0,1.082803,0.811615,MYS,DEU,902190
10553245,155,61,9750,2015,0.0,3926.0,-0.43457399999999996,-0.665655,NAM,DEU,902190
10553246,156,61,9750,2015,0.0,4669.0,-0.727911,-0.844562,NCL,DEU,902190
10553247,159,61,9750,2015,0.0,2759.0,-1.415451,-1.157829,NGA,DEU,902190
10553248,160,61,9750,2015,0.0,19479.0,-1.102989,-0.952276,NIC,DEU,902190
10553249,162,61,9750,2015,110868992.0,66260160.0,1.230104,1.27344,NLD,DEU,902190
10553250,163,61,9750,2015,47371.0,20617476.0,0.950708,0.314339,NOR,DEU,902190
10553251,164,61,9750,2015,0.0,56224.0,-0.290416,0.456716,NPL,DEU,902190
10553252,166,61,9750,2015,9830.0,185666.0,0.224598,0.253179,NZL,DEU,902190
10553253,167,61,9750,2015,0.0,389121.0,-0.4699,-1.00451,OMN,DEU,902190
10553254,168,61,9750,2015,4332.0,1657396.0,-0.7059979999999999,0.73501,PAK,DEU,902190
10553255,169,61,9750,2015,50463.0,190373.0,0.642058,0.833392,PAN,DEU,902190
10553256,173,61,9750,2015,0.0,584105.0,-0.6007819999999999,0.32152800000000004,PER,DEU,902190
10553257,174,61,9750,2015,323390.0,285059.0,0.6406270000000001,0.45770200000000005,PHL,DEU,902190
10553258,177,61,9750,2015,6677966.0,42359156.0,1.145844,1.1449280000000002,POL,DEU,902190
10553259,178,61,9750,2015,0.0,8477.0,-0.404818,-0.075235,PRK,DEU,902190
10553260,179,61,9750,2015,1232.0,2477119.0,0.561922,2.2276380000000002,PRT,DEU,902190
10553261,180,61,9750,2015,0.0,146197.0,-0.471106,-0.9431139999999999,PRY,DEU,902190
10553262,181,61,9750,2015,0.0,41849.0,0.060575,0.5649489999999999,PSE,DEU,902190
10553263,182,61,9750,2015,0.0,139154.0,-0.301696,-0.795154,PYF,DEU,902190
10553264,183,61,9750,2015,2372.0,437069.0,-0.077053,-0.9922719999999999,QAT,DEU,902190
10553265,185,61,9750,2015,96962.0,4186369.0,0.946363,1.056775,ROU,DEU,902190
10553266,186,61,9750,2015,47787.0,23862154.0,0.23119,0.035965,RUS,DEU,902190
10553267,188,61,9750,2015,30829.0,5295136.0,0.5552520000000001,-0.7263229999999999,SAU,DEU,902190
10553268,190,61,9750,2015,0.0,1992.0,-1.420356,-1.218424,SDN,DEU,902190
10553269,191,61,9750,2015,0.0,7079.0,-0.708349,-0.296663,SEN,DEU,902190
10553270,192,61,9750,2015,17039496.0,55582260.0,2.05613,0.593065,SGP,DEU,902190
10553271,197,61,9750,2015,0.0,72111.0,0.05531900000000001,0.169073,SLV,DEU,902190
10553272,198,61,9750,2015,0.0,18011.0,0.918452,0.559399,SMR,DEU,902190
10553273,201,61,9750,2015,4223.0,2566783.0,0.457042,1.324908,SRB,DEU,902190
10553274,206,61,9750,2015,21920.0,7323398.0,1.287133,0.7900560000000001,SVK,DEU,902190
10553275,207,61,9750,2015,2948.0,3727788.0,1.6089879999999999,0.833616,SVN,DEU,902190
10553276,208,61,9750,2015,7993599.0,27823690.0,1.8068349999999997,0.693389,SWE,DEU,902190
10553277,212,61,9750,2015,0.0,109375.0,-0.603532,0.313216,SYR,DEU,902190
10553278,215,61,9750,2015,0.0,2475.0,-0.66925,-0.873554,TGO,DEU,902190
10553279,216,61,9750,2015,190185.0,4282623.0,0.965888,1.368572,THA,DEU,902190
10553280,217,61,9750,2015,0.0,141454.0,-1.134216,-1.174245,TJK,DEU,902190
10553281,219,61,9750,2015,0.0,37734.0,-1.546516,-1.315803,TKM,DEU,902190
10553282,222,61,9750,2015,0.0,352755.0,-0.462837,-1.117621,TTO,DEU,902190
10553283,223,61,9750,2015,9234.0,504022.0,0.140202,0.967591,TUN,DEU,902190
10553284,224,61,9750,2015,143320.0,11542338.0,0.438669,2.519632,TUR,DEU,902190
10553285,226,61,9750,2015,0.0,33695.0,-1.02395,-0.017509999999999998,TZA,DEU,902190
10553286,227,61,9750,2015,0.0,3019.0,-0.611023,0.078961,UGA,DEU,902190
10553287,228,61,9750,2015,2082.0,1524294.0,0.429879,0.701813,UKR,DEU,902190
10553288,230,61,9750,2015,213846.0,414969.0,0.273876,-0.363695,URY,DEU,902190
10553289,231,61,9750,2015,285615680.0,105449120.0,1.720478,-0.129322,USA,DEU,902190
10553290,232,61,9750,2015,0.0,7311.0,-0.724966,-0.599292,UZB,DEU,902190
10553291,236,61,9750,2015,0.0,26652.0,-0.9249129999999999,-1.1877280000000001,VEN,DEU,902190
10553292,239,61,9750,2015,2034312.0,3350874.0,-0.17108900000000002,1.10995,VNM,DEU,902190
10553293,243,61,9750,2015,0.0,1666.0,-1.048632,-1.10843,YEM,DEU,902190
10553294,246,61,9750,2015,221555.0,15879199.0,0.24944699999999997,1.7573159999999999,ZAF,DEU,902190
10553295,248,61,9750,2015,0.0,8052.0,-0.838017,-0.9400270000000001,ZWE,DEU,902190
10553296,249,61,9750,2015,2480937.0,2804399.0,1.962832,1.214982,TWN,DEU,902190
10553297,2,64,9750,2015,0.0,10770.0,-1.6542,-1.2598989999999999,AGO,DNK,902190
10553298,4,64,9750,2015,0.0,11021.0,-0.601875,-0.27003,ALB,DNK,902190
10553299,7,64,9750,2015,0.0,220077.0,0.21779600000000002,-0.0047420000000000006,ARE,DNK,902190
10553300,8,64,9750,2015,0.0,1767759.0,0.116896,0.30330999999999997,ARG,DNK,902190
10553301,9,64,9750,2015,0.0,8285.0,0.037579,-0.42448800000000003,ARM,DNK,902190
10553302,14,64,9750,2015,7308.0,5016241.0,-0.292325,-0.043489,AUS,DNK,902190
10553303,15,64,9750,2015,160484.0,2468102.0,1.747098,-0.08026699999999999,AUT,DNK,902190
10553304,16,64,9750,2015,0.0,4053.0,-0.983347,-1.231542,AZE,DNK,902190
10553305,18,64,9750,2015,16701717.0,897844.0,1.329866,1.100641,BEL,DNK,902190
10553306,23,64,9750,2015,55983.0,158193.0,0.45640699999999995,1.691455,BGR,DNK,902190
10553307,24,64,9750,2015,0.0,11018.0,0.36650900000000003,-0.28735,BHR,DNK,902190
10553308,26,64,9750,2015,0.0,87397.0,0.355903,0.723092,BIH,DNK,902190
10553309,28,64,9750,2015,0.0,40924.0,0.672499,0.5584020000000001,BLR,DNK,902190
10553310,31,64,9750,2015,0.0,65042.0,-1.051562,-1.067714,BOL,DNK,902190
10553311,32,64,9750,2015,3546.0,4530924.0,0.23656799999999997,0.688607,BRA,DNK,902190
10553312,39,64,9750,2015,13452.0,6656594.0,0.695867,1.171676,CAN,DNK,902190
10553313,41,64,9750,2015,1651794.0,1980568.0,2.306075,0.720781,CHE,DNK,902190
10553314,42,64,9750,2015,0.0,2489362.0,-0.356167,-0.47629399999999994,CHL,DNK,902190
10553315,43,64,9750,2015,2662972.0,34911672.0,1.077143,1.735757,CHN,DNK,902190
10553316,44,64,9750,2015,0.0,5435.0,-0.856142,-0.905292,CIV,DNK,902190
10553317,49,64,9750,2015,0.0,320592.0,0.156383,-0.183055,COL,DNK,902190
10553318,52,64,9750,2015,0.0,27488.0,0.24859699999999998,-0.033143,CRI,DNK,902190
10553319,54,64,9750,2015,0.0,167485.0,-0.694839,-1.093439,CUB,DNK,902190
10553320,58,64,9750,2015,5236.0,62839.0,0.511225,-0.207261,CYP,DNK,902190
10553321,59,64,9750,2015,32339.0,269162.0,1.743012,0.45424,CZE,DNK,902190
10553322,61,64,9750,2015,13572469.0,13132354.0,2.203818,-2.307561,DEU,DNK,902190
10553323,63,64,9750,2015,0.0,12748.0,0.0735,-0.44923599999999997,DMA,DNK,902190
10553324,65,64,9750,2015,5506.0,119225.0,-0.212808,0.395873,DOM,DNK,902190
10553325,66,64,9750,2015,0.0,602272.0,-1.54346,-1.255633,DZA,DNK,902190
10553326,67,64,9750,2015,0.0,42388.0,-0.9845959999999999,-1.075639,ECU,DNK,902190
10553327,68,64,9750,2015,0.0,748396.0,-0.183053,1.765036,EGY,DNK,902190
10553328,71,64,9750,2015,148988.0,2710736.0,0.8173590000000001,2.442556,ESP,DNK,902190
10553329,72,64,9750,2015,1724879.0,121773.0,0.9281149999999999,1.1780389999999998,EST,DNK,902190
10553330,73,64,9750,2015,0.0,10710.0,-1.004896,-0.721019,ETH,DNK,902190
10553331,74,64,9750,2015,7176.0,356428.0,1.597817,0.998059,FIN,DNK,902190
10553332,77,64,9750,2015,698126.0,7017109.0,1.479792,0.6490239999999999,FRA,DNK,902190
10553333,78,64,9750,2015,0.0,357887.0,-0.700767,-0.9214399999999999,FRO,DNK,902190
10553334,81,64,9750,2015,2127948.0,6147804.0,1.7422990000000003,0.75838,GBR,DNK,902190
10553335,82,64,9750,2015,0.0,16070.0,-0.343663,-0.588017,GEO,DNK,902190
10553336,83,64,9750,2015,0.0,6607.0,-0.750568,-0.690257,GHA,DNK,902190
10553337,90,64,9750,2015,52751.0,155178.0,0.099027,1.012289,GRC,DNK,902190
10553338,92,64,9750,2015,16489.0,36687.0,-1.017707,-0.913467,GRL,DNK,902190
10553339,93,64,9750,2015,0.0,79124.0,-0.284403,0.525564,GTM,DNK,902190
10553340,97,64,9750,2015,361691.0,1311940.0,0.8255290000000001,1.8017279999999998,HKG,DNK,902190
10553341,100,64,9750,2015,0.0,44774.0,0.7590140000000001,1.257415,HRV,DNK,902190
10553342,102,64,9750,2015,0.0,1462523.0,1.462839,0.803258,HUN,DNK,902190
10553343,103,64,9750,2015,0.0,31435.0,-0.145103,1.277362,IDN,DNK,902190
10553344,104,64,9750,2015,0.0,1525210.0,0.24230900000000002,2.8190880000000003,IND,DNK,902190
10553345,106,64,9750,2015,94714.0,4979.0,1.304942,0.126431,IRL,DNK,902190
10553346,107,64,9750,2015,0.0,1363421.0,-0.258946,-0.0073420000000000004,IRN,DNK,902190
10553347,108,64,9750,2015,0.0,49914.0,-1.465803,-0.912113,IRQ,DNK,902190
10553348,109,64,9750,2015,42317.0,657051.0,0.24527600000000002,-0.411616,ISL,DNK,902190
10553349,110,64,9750,2015,22491.0,2977940.0,1.260071,0.545545,ISR,DNK,902190
10553350,111,64,9750,2015,177808.0,1219979.0,1.321127,0.747046,ITA,DNK,902190
10553351,112,64,9750,2015,0.0,47390.0,-0.438267,-0.828097,JAM,DNK,902190
10553352,113,64,9750,2015,0.0,229923.0,0.121172,0.457301,JOR,DNK,902190
10553353,114,64,9750,2015,17899.0,6340916.0,2.516133,-0.484202,JPN,DNK,902190
10553354,115,64,9750,2015,0.0,54593.0,-0.45091499999999995,-0.652026,KAZ,DNK,902190
10553355,116,64,9750,2015,0.0,25073.0,-0.453564,0.433325,KEN,DNK,902190
10553356,117,64,9750,2015,0.0,32154.0,0.02058,0.438692,KGZ,DNK,902190
10553357,121,64,9750,2015,167436.0,1737558.0,1.900653,0.859406,KOR,DNK,902190
10553358,122,64,9750,2015,0.0,150461.0,-0.352023,-1.153057,KWT,DNK,902190
10553359,124,64,9750,2015,0.0,300868.0,0.317355,1.330374,LBN,DNK,902190
10553360,126,64,9750,2015,0.0,848957.0,-1.3257219999999998,-1.260453,LBY,DNK,902190
10553361,127,64,9750,2015,0.0,2217.0,0.5410590000000001,-0.484234,LCA,DNK,902190
10553362,128,64,9750,2015,0.0,71176.0,-0.6773399999999999,0.386343,LKA,DNK,902190
10553363,130,64,9750,2015,50068.0,68571.0,0.749429,1.3659860000000001,LTU,DNK,902190
10553364,131,64,9750,2015,12049.0,8843.0,1.218924,1.247152,LUX,DNK,902190
10553365,132,64,9750,2015,6493.0,19904.0,0.602209,1.125357,LVA,DNK,902190
10553366,134,64,9750,2015,1437.0,278069.0,-0.7554810000000001,-0.059697,MAR,DNK,902190
10553367,138,64,9750,2015,9682.0,1602704.0,1.169724,0.61457,MEX,DNK,902190
10553368,140,64,9750,2015,0.0,38049.0,-0.09009600000000001,-0.147359,MKD,DNK,902190
10553369,142,64,9750,2015,0.0,31852.0,0.880893,-0.117585,MLT,DNK,902190
10553370,144,64,9750,2015,0.0,10991.0,-0.048385000000000004,-0.150759,MNE,DNK,902190
10553371,145,64,9750,2015,0.0,34729.0,-1.244368,-1.196677,MNG,DNK,902190
10553372,151,64,9750,2015,0.0,1692.0,-0.231762,-0.195051,MUS,DNK,902190
10553373,152,64,9750,2015,0.0,17272.0,-0.549862,-0.8753190000000001,MWI,DNK,902190
10553374,153,64,9750,2015,2188966.0,1395600.0,1.082803,0.811615,MYS,DNK,902190
10553375,155,64,9750,2015,0.0,11746.0,-0.43457399999999996,-0.665655,NAM,DNK,902190
10553376,156,64,9750,2015,0.0,71614.0,-0.727911,-0.844562,NCL,DNK,902190
10553377,159,64,9750,2015,0.0,3953.0,-1.415451,-1.157829,NGA,DNK,902190
10553378,160,64,9750,2015,0.0,1887.0,-1.102989,-0.952276,NIC,DNK,902190
10553379,162,64,9750,2015,4416815.0,3273719.0,1.230104,1.27344,NLD,DNK,902190
10553380,163,64,9750,2015,151505.0,4423134.0,0.950708,0.314339,NOR,DNK,902190
10553381,166,64,9750,2015,2148.0,404933.0,0.224598,0.253179,NZL,DNK,902190
10553382,167,64,9750,2015,0.0,152962.0,-0.4699,-1.00451,OMN,DNK,902190
10553383,168,64,9750,2015,8701.0,27145.0,-0.7059979999999999,0.73501,PAK,DNK,902190
10553384,169,64,9750,2015,0.0,19329.0,0.642058,0.833392,PAN,DNK,902190
10553385,173,64,9750,2015,0.0,104008.0,-0.6007819999999999,0.32152800000000004,PER,DNK,902190
10553386,174,64,9750,2015,29551.0,362928.0,0.6406270000000001,0.45770200000000005,PHL,DNK,902190
10553387,177,64,9750,2015,14966388.0,10936090.0,1.145844,1.1449280000000002,POL,DNK,902190
10553388,179,64,9750,2015,25261.0,269581.0,0.561922,2.2276380000000002,PRT,DNK,902190
10553389,180,64,9750,2015,0.0,77825.0,-0.471106,-0.9431139999999999,PRY,DNK,902190
10553390,182,64,9750,2015,0.0,58989.0,-0.301696,-0.795154,PYF,DNK,902190
10553391,183,64,9750,2015,0.0,118156.0,-0.077053,-0.9922719999999999,QAT,DNK,902190
10553392,185,64,9750,2015,69733.0,141291.0,0.946363,1.056775,ROU,DNK,902190
10553393,186,64,9750,2015,0.0,1606365.0,0.23119,0.035965,RUS,DNK,902190
10553394,188,64,9750,2015,0.0,306461.0,0.5552520000000001,-0.7263229999999999,SAU,DNK,902190
10553395,190,64,9750,2015,0.0,131552.0,-1.420356,-1.218424,SDN,DNK,902190
10553396,192,64,9750,2015,2550254.0,1156989.0,2.05613,0.593065,SGP,DNK,902190
10553397,196,64,9750,2015,0.0,835.0,0.072324,-0.255235,SLE,DNK,902190
10553398,197,64,9750,2015,0.0,14397.0,0.05531900000000001,0.169073,SLV,DNK,902190
10553399,201,64,9750,2015,0.0,293880.0,0.457042,1.324908,SRB,DNK,902190
10553400,206,64,9750,2015,7201.0,110008.0,1.287133,0.7900560000000001,SVK,DNK,902190
10553401,207,64,9750,2015,0.0,82254.0,1.6089879999999999,0.833616,SVN,DNK,902190
10553402,208,64,9750,2015,8033850.0,7463541.0,1.8068349999999997,0.693389,SWE,DNK,902190
10553403,212,64,9750,2015,0.0,63364.0,-0.603532,0.313216,SYR,DNK,902190
10553404,216,64,9750,2015,748886.0,1350545.0,0.965888,1.368572,THA,DNK,902190
10553405,217,64,9750,2015,0.0,7299.0,-1.134216,-1.174245,TJK,DNK,902190
10553406,222,64,9750,2015,0.0,65121.0,-0.462837,-1.117621,TTO,DNK,902190
10553407,223,64,9750,2015,0.0,6376.0,0.140202,0.967591,TUN,DNK,902190
10553408,224,64,9750,2015,5989.0,2871524.0,0.438669,2.519632,TUR,DNK,902190
10553409,227,64,9750,2015,0.0,5127.0,-0.611023,0.078961,UGA,DNK,902190
10553410,228,64,9750,2015,1557.0,146786.0,0.429879,0.701813,UKR,DNK,902190
10553411,230,64,9750,2015,0.0,150643.0,0.273876,-0.363695,URY,DNK,902190
10553412,231,64,9750,2015,10280538.0,60515556.0,1.720478,-0.129322,USA,DNK,902190
10553413,236,64,9750,2015,0.0,8293.0,-0.9249129999999999,-1.1877280000000001,VEN,DNK,902190
10553414,239,64,9750,2015,660681.0,5067291.0,-0.17108900000000002,1.10995,VNM,DNK,902190
10553415,243,64,9750,2015,0.0,3605.0,-1.048632,-1.10843,YEM,DNK,902190
10553416,246,64,9750,2015,7517.0,1514691.0,0.24944699999999997,1.7573159999999999,ZAF,DNK,902190
10553417,248,64,9750,2015,0.0,9899.0,-0.838017,-0.9400270000000001,ZWE,DNK,902190
10553418,249,64,9750,2015,524034.0,407283.0,1.962832,1.214982,TWN,DNK,902190
10553419,8,65,9750,2015,1795.0,0.0,0.116896,0.30330999999999997,ARG,DOM,902190
10553420,18,65,9750,2015,6153.0,0.0,1.329866,1.100641,BEL,DOM,902190
10553421,32,65,9750,2015,2852.0,2260.0,0.23656799999999997,0.688607,BRA,DOM,902190
10553422,39,65,9750,2015,0.0,1902.0,0.695867,1.171676,CAN,DOM,902190
10553423,41,65,9750,2015,204150.0,0.0,2.306075,0.720781,CHE,DOM,902190
10553424,43,65,9750,2015,463315.0,160898.0,1.077143,1.735757,CHN,DOM,902190
10553425,49,65,9750,2015,560409.0,0.0,0.156383,-0.183055,COL,DOM,902190
10553426,52,65,9750,2015,6332.0,0.0,0.24859699999999998,-0.033143,CRI,DOM,902190
10553427,61,65,9750,2015,160234.0,9248.0,2.203818,-2.307561,DEU,DOM,902190
10553428,64,65,9750,2015,119225.0,5506.0,1.157924,1.2045629999999998,DNK,DOM,902190
10553429,71,65,9750,2015,51707.0,0.0,0.8173590000000001,2.442556,ESP,DOM,902190
10553430,72,65,9750,2015,0.0,6621.0,0.9281149999999999,1.1780389999999998,EST,DOM,902190
10553431,77,65,9750,2015,10486.0,0.0,1.479792,0.6490239999999999,FRA,DOM,902190
10553432,81,65,9750,2015,78802.0,0.0,1.7422990000000003,0.75838,GBR,DOM,902190
10553433,93,65,9750,2015,0.0,31410.0,-0.284403,0.525564,GTM,DOM,902190
10553434,103,65,9750,2015,0.0,5581.0,-0.145103,1.277362,IDN,DOM,902190
10553435,104,65,9750,2015,44801.0,79820.0,0.24230900000000002,2.8190880000000003,IND,DOM,902190
10553436,106,65,9750,2015,137675.0,10883.0,1.304942,0.126431,IRL,DOM,902190
10553437,110,65,9750,2015,215181.0,0.0,1.260071,0.545545,ISR,DOM,902190
10553438,111,65,9750,2015,52640.0,0.0,1.321127,0.747046,ITA,DOM,902190
10553439,114,65,9750,2015,9226.0,1877.0,2.516133,-0.484202,JPN,DOM,902190
10553440,115,65,9750,2015,0.0,2139.0,-0.45091499999999995,-0.652026,KAZ,DOM,902190
10553441,121,65,9750,2015,12203.0,10209.0,1.900653,0.859406,KOR,DOM,902190
10553442,128,65,9750,2015,0.0,40426.0,-0.6773399999999999,0.386343,LKA,DOM,902190
10553443,138,65,9750,2015,54545.0,0.0,1.169724,0.61457,MEX,DOM,902190
10553444,162,65,9750,2015,1276861.0,12054.0,1.230104,1.27344,NLD,DOM,902190
10553445,163,65,9750,2015,0.0,5389.0,0.950708,0.314339,NOR,DOM,902190
10553446,166,65,9750,2015,0.0,2255.0,0.224598,0.253179,NZL,DOM,902190
10553447,169,65,9750,2015,284870.0,0.0,0.642058,0.833392,PAN,DOM,902190
10553448,177,65,9750,2015,7696.0,0.0,1.145844,1.1449280000000002,POL,DOM,902190
10553449,182,65,9750,2015,0.0,1593.0,-0.301696,-0.795154,PYF,DOM,902190
10553450,192,65,9750,2015,0.0,1072.0,2.05613,0.593065,SGP,DOM,902190
10553451,208,65,9750,2015,0.0,24219.0,1.8068349999999997,0.693389,SWE,DOM,902190
10553452,231,65,9750,2015,1910140.0,128563.0,1.720478,-0.129322,USA,DOM,902190
10553453,249,65,9750,2015,0.0,17601.0,1.962832,1.214982,TWN,DOM,902190
10553454,8,67,9750,2015,68593.0,0.0,0.116896,0.30330999999999997,ARG,ECU,902190
10553455,15,67,9750,2015,12433.0,0.0,1.747098,-0.08026699999999999,AUT,ECU,902190
10553456,18,67,9750,2015,2173.0,0.0,1.329866,1.100641,BEL,ECU,902190
10553457,32,67,9750,2015,40835.0,0.0,0.23656799999999997,0.688607,BRA,ECU,902190
10553458,41,67,9750,2015,84736.0,1424.0,2.306075,0.720781,CHE,ECU,902190
10553459,42,67,9750,2015,241839.0,0.0,-0.356167,-0.47629399999999994,CHL,ECU,902190
10553460,43,67,9750,2015,298096.0,0.0,1.077143,1.735757,CHN,ECU,902190
10553461,49,67,9750,2015,8325.0,1404.0,0.156383,-0.183055,COL,ECU,902190
10553462,52,67,9750,2015,33044.0,0.0,0.24859699999999998,-0.033143,CRI,ECU,902190
10553463,61,67,9750,2015,778705.0,6244.0,2.203818,-2.307561,DEU,ECU,902190
10553464,64,67,9750,2015,42388.0,0.0,1.157924,1.2045629999999998,DNK,ECU,902190
10553465,71,67,9750,2015,56781.0,0.0,0.8173590000000001,2.442556,ESP,ECU,902190
10553466,77,67,9750,2015,121170.0,0.0,1.479792,0.6490239999999999,FRA,ECU,902190
10553467,81,67,9750,2015,27199.0,0.0,1.7422990000000003,0.75838,GBR,ECU,902190
10553468,104,67,9750,2015,167982.0,0.0,0.24230900000000002,2.8190880000000003,IND,ECU,902190
10553469,106,67,9750,2015,65819.0,0.0,1.304942,0.126431,IRL,ECU,902190
10553470,110,67,9750,2015,59496.0,0.0,1.260071,0.545545,ISR,ECU,902190
10553471,111,67,9750,2015,119923.0,0.0,1.321127,0.747046,ITA,ECU,902190
10553472,121,67,9750,2015,114289.0,0.0,1.900653,0.859406,KOR,ECU,902190
10553473,138,67,9750,2015,6352.0,0.0,1.169724,0.61457,MEX,ECU,902190
10553474,153,67,9750,2015,6403.0,0.0,1.082803,0.811615,MYS,ECU,902190
10553475,162,67,9750,2015,1112661.0,0.0,1.230104,1.27344,NLD,ECU,902190
10553476,163,67,9750,2015,0.0,1307.0,0.950708,0.314339,NOR,ECU,902190
10553477,169,67,9750,2015,17266.0,0.0,0.642058,0.833392,PAN,ECU,902190
10553478,177,67,9750,2015,2111.0,0.0,1.145844,1.1449280000000002,POL,ECU,902190
10553479,192,67,9750,2015,41423.0,0.0,2.05613,0.593065,SGP,ECU,902190
10553480,206,67,9750,2015,4403.0,0.0,1.287133,0.7900560000000001,SVK,ECU,902190
10553481,208,67,9750,2015,1463.0,0.0,1.8068349999999997,0.693389,SWE,ECU,902190
10553482,231,67,9750,2015,1295162.0,0.0,1.720478,-0.129322,USA,ECU,902190
10553483,249,67,9750,2015,214733.0,0.0,1.962832,1.214982,TWN,ECU,902190
10553484,2,71,9750,2015,0.0,9587.0,-1.6542,-1.2598989999999999,AGO,ESP,902190
10553485,5,71,9750,2015,0.0,57704.0,0.850153,0.383793,AND,ESP,902190
10553486,7,71,9750,2015,0.0,86923.0,0.21779600000000002,-0.0047420000000000006,ARE,ESP,902190
10553487,8,71,9750,2015,0.0,111950.0,0.116896,0.30330999999999997,ARG,ESP,902190
10553488,9,71,9750,2015,0.0,2986.0,0.037579,-0.42448800000000003,ARM,ESP,902190
10553489,14,71,9750,2015,0.0,28320.0,-0.292325,-0.043489,AUS,ESP,902190
10553490,15,71,9750,2015,6843530.0,361981.0,1.747098,-0.08026699999999999,AUT,ESP,902190
10553491,18,71,9750,2015,13372248.0,4253621.0,1.329866,1.100641,BEL,ESP,902190
10553492,22,71,9750,2015,0.0,7713.0,-1.088465,-0.8745360000000001,BGD,ESP,902190
10553493,23,71,9750,2015,0.0,10823.0,0.45640699999999995,1.691455,BGR,ESP,902190
10553494,24,71,9750,2015,0.0,2110.0,0.36650900000000003,-0.28735,BHR,ESP,902190
10553495,26,71,9750,2015,0.0,943.0,0.355903,0.723092,BIH,ESP,902190
10553496,31,71,9750,2015,0.0,10783.0,-1.051562,-1.067714,BOL,ESP,902190
10553497,32,71,9750,2015,46810.0,70159.0,0.23656799999999997,0.688607,BRA,ESP,902190
10553498,39,71,9750,2015,30693.0,34534.0,0.695867,1.171676,CAN,ESP,902190
10553499,41,71,9750,2015,10351168.0,1178337.0,2.306075,0.720781,CHE,ESP,902190
10553500,42,71,9750,2015,0.0,163064.0,-0.356167,-0.47629399999999994,CHL,ESP,902190
10553501,43,71,9750,2015,2498180.0,180888.0,1.077143,1.735757,CHN,ESP,902190
10553502,44,71,9750,2015,3518.0,0.0,-0.856142,-0.905292,CIV,ESP,902190
10553503,45,71,9750,2015,0.0,10522.0,-0.924366,-1.040721,CMR,ESP,902190
10553504,49,71,9750,2015,0.0,293336.0,0.156383,-0.183055,COL,ESP,902190
10553505,51,71,9750,2015,0.0,855.0,-0.263621,-0.772158,CPV,ESP,902190
10553506,52,71,9750,2015,483771.0,3204.0,0.24859699999999998,-0.033143,CRI,ESP,902190
10553507,54,71,9750,2015,0.0,494674.0,-0.694839,-1.093439,CUB,ESP,902190
10553508,58,71,9750,2015,0.0,8523.0,0.511225,-0.207261,CYP,ESP,902190
10553509,59,71,9750,2015,290002.0,133667.0,1.743012,0.45424,CZE,ESP,902190
10553510,61,71,9750,2015,31269620.0,1718422.0,2.203818,-2.307561,DEU,ESP,902190
10553511,64,71,9750,2015,2710736.0,148988.0,1.157924,1.2045629999999998,DNK,ESP,902190
10553512,65,71,9750,2015,0.0,51707.0,-0.212808,0.395873,DOM,ESP,902190
10553513,67,71,9750,2015,0.0,56781.0,-0.9845959999999999,-1.075639,ECU,ESP,902190
10553514,68,71,9750,2015,0.0,81872.0,-0.183053,1.765036,EGY,ESP,902190
10553515,72,71,9750,2015,0.0,30646.0,0.9281149999999999,1.1780389999999998,EST,ESP,902190
10553516,73,71,9750,2015,0.0,2569.0,-1.004896,-0.721019,ETH,ESP,902190
10553517,74,71,9750,2015,42599.0,174257.0,1.597817,0.998059,FIN,ESP,902190
10553518,75,71,9750,2015,0.0,18803.0,-0.481968,-0.201468,FJI,ESP,902190
10553519,77,71,9750,2015,10861045.0,2807146.0,1.479792,0.6490239999999999,FRA,ESP,902190
10553520,81,71,9750,2015,2641411.0,324598.0,1.7422990000000003,0.75838,GBR,ESP,902190
10553521,84,71,9750,2015,0.0,71442.0,0.535143,-0.750155,GIB,ESP,902190
10553522,89,71,9750,2015,0.0,19665.0,-1.585577,-0.9044979999999999,GNQ,ESP,902190
10553523,90,71,9750,2015,0.0,19958.0,0.099027,1.012289,GRC,ESP,902190
10553524,93,71,9750,2015,0.0,14294.0,-0.284403,0.525564,GTM,ESP,902190
10553525,97,71,9750,2015,3055.0,37049.0,0.8255290000000001,1.8017279999999998,HKG,ESP,902190
10553526,99,71,9750,2015,0.0,9801.0,-0.578635,-0.292053,HND,ESP,902190
10553527,100,71,9750,2015,0.0,20014.0,0.7590140000000001,1.257415,HRV,ESP,902190
10553528,102,71,9750,2015,901630.0,16648.0,1.462839,0.803258,HUN,ESP,902190
10553529,103,71,9750,2015,0.0,50231.0,-0.145103,1.277362,IDN,ESP,902190
10553530,104,71,9750,2015,275727.0,74923.0,0.24230900000000002,2.8190880000000003,IND,ESP,902190
10553531,106,71,9750,2015,28992412.0,61489.0,1.304942,0.126431,IRL,ESP,902190
10553532,107,71,9750,2015,0.0,14493.0,-0.258946,-0.0073420000000000004,IRN,ESP,902190
10553533,109,71,9750,2015,0.0,1031.0,0.24527600000000002,-0.411616,ISL,ESP,902190
10553534,110,71,9750,2015,346002.0,135989.0,1.260071,0.545545,ISR,ESP,902190
10553535,111,71,9750,2015,3421710.0,1025651.0,1.321127,0.747046,ITA,ESP,902190
10553536,113,71,9750,2015,0.0,2118.0,0.121172,0.457301,JOR,ESP,902190
10553537,114,71,9750,2015,43888.0,142484.0,2.516133,-0.484202,JPN,ESP,902190
10553538,115,71,9750,2015,0.0,4066.0,-0.45091499999999995,-0.652026,KAZ,ESP,902190
10553539,116,71,9750,2015,0.0,7120.0,-0.453564,0.433325,KEN,ESP,902190
10553540,121,71,9750,2015,508056.0,64866.0,1.900653,0.859406,KOR,ESP,902190
10553541,122,71,9750,2015,0.0,127872.0,-0.352023,-1.153057,KWT,ESP,902190
10553542,124,71,9750,2015,0.0,16312.0,0.317355,1.330374,LBN,ESP,902190
10553543,126,71,9750,2015,0.0,27205.0,-1.3257219999999998,-1.260453,LBY,ESP,902190
10553544,128,71,9750,2015,0.0,12441.0,-0.6773399999999999,0.386343,LKA,ESP,902190
10553545,130,71,9750,2015,1365.0,58416.0,0.749429,1.3659860000000001,LTU,ESP,902190
10553546,132,71,9750,2015,0.0,23257.0,0.602209,1.125357,LVA,ESP,902190
10553547,134,71,9750,2015,0.0,125879.0,-0.7554810000000001,-0.059697,MAR,ESP,902190
10553548,135,71,9750,2015,0.0,1161.0,-0.313837,-0.20393,MDA,ESP,902190
10553549,138,71,9750,2015,736482.0,209184.0,1.169724,0.61457,MEX,ESP,902190
10553550,142,71,9750,2015,0.0,1641.0,0.880893,-0.117585,MLT,ESP,902190
10553551,153,71,9750,2015,2003201.0,3356.0,1.082803,0.811615,MYS,ESP,902190
10553552,155,71,9750,2015,0.0,919.0,-0.43457399999999996,-0.665655,NAM,ESP,902190
10553553,159,71,9750,2015,0.0,34719.0,-1.415451,-1.157829,NGA,ESP,902190
10553554,160,71,9750,2015,0.0,19352.0,-1.102989,-0.952276,NIC,ESP,902190
10553555,162,71,9750,2015,34598900.0,8990418.0,1.230104,1.27344,NLD,ESP,902190
10553556,163,71,9750,2015,3251.0,46336.0,0.950708,0.314339,NOR,ESP,902190
10553557,164,71,9750,2015,0.0,5462.0,-0.290416,0.456716,NPL,ESP,902190
10553558,166,71,9750,2015,0.0,17610.0,0.224598,0.253179,NZL,ESP,902190
10553559,167,71,9750,2015,0.0,1701.0,-0.4699,-1.00451,OMN,ESP,902190
10553560,168,71,9750,2015,0.0,53558.0,-0.7059979999999999,0.73501,PAK,ESP,902190
10553561,169,71,9750,2015,0.0,72521.0,0.642058,0.833392,PAN,ESP,902190
10553562,173,71,9750,2015,0.0,19166.0,-0.6007819999999999,0.32152800000000004,PER,ESP,902190
10553563,174,71,9750,2015,0.0,6734.0,0.6406270000000001,0.45770200000000005,PHL,ESP,902190
10553564,177,71,9750,2015,655471.0,365794.0,1.145844,1.1449280000000002,POL,ESP,902190
10553565,179,71,9750,2015,4337980.0,9666504.0,0.561922,2.2276380000000002,PRT,ESP,902190
10553566,180,71,9750,2015,0.0,13588.0,-0.471106,-0.9431139999999999,PRY,ESP,902190
10553567,181,71,9750,2015,0.0,2545.0,0.060575,0.5649489999999999,PSE,ESP,902190
10553568,182,71,9750,2015,0.0,2471.0,-0.301696,-0.795154,PYF,ESP,902190
10553569,183,71,9750,2015,0.0,4493.0,-0.077053,-0.9922719999999999,QAT,ESP,902190
10553570,185,71,9750,2015,0.0,48130.0,0.946363,1.056775,ROU,ESP,902190
10553571,186,71,9750,2015,0.0,36161.0,0.23119,0.035965,RUS,ESP,902190
10553572,188,71,9750,2015,0.0,225021.0,0.5552520000000001,-0.7263229999999999,SAU,ESP,902190
10553573,192,71,9750,2015,1475179.0,1906.0,2.05613,0.593065,SGP,ESP,902190
10553574,197,71,9750,2015,0.0,8774.0,0.05531900000000001,0.169073,SLV,ESP,902190
10553575,201,71,9750,2015,0.0,29943.0,0.457042,1.324908,SRB,ESP,902190
10553576,206,71,9750,2015,0.0,26304.0,1.287133,0.7900560000000001,SVK,ESP,902190
10553577,207,71,9750,2015,0.0,34887.0,1.6089879999999999,0.833616,SVN,ESP,902190
10553578,208,71,9750,2015,1742125.0,66803.0,1.8068349999999997,0.693389,SWE,ESP,902190
10553579,210,71,9750,2015,0.0,1096.0,0.945973,-0.7548229999999999,SXM,ESP,902190
10553580,216,71,9750,2015,2990.0,154835.0,0.965888,1.368572,THA,ESP,902190
10553581,223,71,9750,2015,0.0,81133.0,0.140202,0.967591,TUN,ESP,902190
10553582,224,71,9750,2015,11318.0,129842.0,0.438669,2.519632,TUR,ESP,902190
10553583,228,71,9750,2015,0.0,1847.0,0.429879,0.701813,UKR,ESP,902190
10553584,230,71,9750,2015,0.0,23141.0,0.273876,-0.363695,URY,ESP,902190
10553585,231,71,9750,2015,11269749.0,6590090.0,1.720478,-0.129322,USA,ESP,902190
10553586,236,71,9750,2015,0.0,302878.0,-0.9249129999999999,-1.1877280000000001,VEN,ESP,902190
10553587,239,71,9750,2015,970275.0,34919.0,-0.17108900000000002,1.10995,VNM,ESP,902190
10553588,243,71,9750,2015,0.0,2743.0,-1.048632,-1.10843,YEM,ESP,902190
10553589,246,71,9750,2015,0.0,120834.0,0.24944699999999997,1.7573159999999999,ZAF,ESP,902190
10553590,249,71,9750,2015,382995.0,52603.0,1.962832,1.214982,TWN,ESP,902190
10553591,250,71,9750,2015,133181.0,0.0,0.377283,-0.092204,ANS,ESP,902190
10553592,14,72,9750,2015,0.0,13199.0,-0.292325,-0.043489,AUS,EST,902190
10553593,15,72,9750,2015,61643.0,38200.0,1.747098,-0.08026699999999999,AUT,EST,902190
10553594,18,72,9750,2015,740205.0,7406.0,1.329866,1.100641,BEL,EST,902190
10553595,39,72,9750,2015,5220.0,0.0,0.695867,1.171676,CAN,EST,902190
10553596,41,72,9750,2015,70198.0,127714.0,2.306075,0.720781,CHE,EST,902190
10553597,43,72,9750,2015,65570.0,41630.0,1.077143,1.735757,CHN,EST,902190
10553598,52,72,9750,2015,3028.0,0.0,0.24859699999999998,-0.033143,CRI,EST,902190
10553599,59,72,9750,2015,148895.0,0.0,1.743012,0.45424,CZE,EST,902190
10553600,61,72,9750,2015,1098593.0,201840.0,2.203818,-2.307561,DEU,EST,902190
10553601,64,72,9750,2015,121773.0,1724879.0,1.157924,1.2045629999999998,DNK,EST,902190
10553602,65,72,9750,2015,6621.0,0.0,-0.212808,0.395873,DOM,EST,902190
10553603,68,72,9750,2015,0.0,10477.0,-0.183053,1.765036,EGY,EST,902190
10553604,71,72,9750,2015,30646.0,0.0,0.8173590000000001,2.442556,ESP,EST,902190
10553605,74,72,9750,2015,10272.0,10566.0,1.597817,0.998059,FIN,EST,902190
10553606,77,72,9750,2015,132148.0,0.0,1.479792,0.6490239999999999,FRA,EST,902190
10553607,81,72,9750,2015,22225.0,0.0,1.7422990000000003,0.75838,GBR,EST,902190
10553608,82,72,9750,2015,0.0,24639.0,-0.343663,-0.588017,GEO,EST,902190
10553609,102,72,9750,2015,23121.0,0.0,1.462839,0.803258,HUN,EST,902190
10553610,104,72,9750,2015,33144.0,0.0,0.24230900000000002,2.8190880000000003,IND,EST,902190
10553611,106,72,9750,2015,203600.0,0.0,1.304942,0.126431,IRL,EST,902190
10553612,109,72,9750,2015,0.0,5248.0,0.24527600000000002,-0.411616,ISL,EST,902190
10553613,111,72,9750,2015,39539.0,0.0,1.321127,0.747046,ITA,EST,902190
10553614,114,72,9750,2015,2831.0,720315.0,2.516133,-0.484202,JPN,EST,902190
10553615,121,72,9750,2015,67001.0,0.0,1.900653,0.859406,KOR,EST,902190
10553616,130,72,9750,2015,163122.0,4866.0,0.749429,1.3659860000000001,LTU,EST,902190
10553617,132,72,9750,2015,60837.0,54088.0,0.602209,1.125357,LVA,EST,902190
10553618,138,72,9750,2015,6553.0,0.0,1.169724,0.61457,MEX,EST,902190
10553619,145,72,9750,2015,0.0,10857.0,-1.244368,-1.196677,MNG,EST,902190
10553620,153,72,9750,2015,372718.0,0.0,1.082803,0.811615,MYS,EST,902190
10553621,162,72,9750,2015,287721.0,20130.0,1.230104,1.27344,NLD,EST,902190
10553622,163,72,9750,2015,1719.0,134214.0,0.950708,0.314339,NOR,EST,902190
10553623,177,72,9750,2015,951322.0,0.0,1.145844,1.1449280000000002,POL,EST,902190
10553624,182,72,9750,2015,40509.0,0.0,-0.301696,-0.795154,PYF,EST,902190
10553625,186,72,9750,2015,87910.0,0.0,0.23119,0.035965,RUS,EST,902190
10553626,206,72,9750,2015,7209.0,0.0,1.287133,0.7900560000000001,SVK,EST,902190
10553627,207,72,9750,2015,1026.0,0.0,1.6089879999999999,0.833616,SVN,EST,902190
10553628,208,72,9750,2015,263675.0,1574976.0,1.8068349999999997,0.693389,SWE,EST,902190
10553629,228,72,9750,2015,0.0,201479.0,0.429879,0.701813,UKR,EST,902190
10553630,231,72,9750,2015,9028.0,367327.0,1.720478,-0.129322,USA,EST,902190
10553631,239,72,9750,2015,3627.0,0.0,-0.17108900000000002,1.10995,VNM,EST,902190
10553632,246,72,9750,2015,0.0,7555.0,0.24944699999999997,1.7573159999999999,ZAF,EST,902190
10553633,249,72,9750,2015,6711.0,0.0,1.962832,1.214982,TWN,EST,902190
10553634,250,72,9750,2015,181188.0,0.0,0.377283,-0.092204,ANS,EST,902190
10553635,0,77,9750,2015,0.0,9716.0,0.8526809999999999,-0.043541,ABW,FRA,902190
10553636,4,77,9750,2015,0.0,3064.0,-0.601875,-0.27003,ALB,FRA,902190
10553637,5,77,9750,2015,0.0,17402.0,0.850153,0.383793,AND,FRA,902190
10553638,7,77,9750,2015,0.0,1611491.0,0.21779600000000002,-0.0047420000000000006,ARE,FRA,902190
10553639,8,77,9750,2015,17969.0,432690.0,0.116896,0.30330999999999997,ARG,FRA,902190
10553640,9,77,9750,2015,0.0,4011.0,0.037579,-0.42448800000000003,ARM,FRA,902190
10553641,14,77,9750,2015,6038750.0,960842.0,-0.292325,-0.043489,AUS,FRA,902190
10553642,15,77,9750,2015,10722507.0,2171067.0,1.747098,-0.08026699999999999,AUT,FRA,902190
10553643,16,77,9750,2015,0.0,2171144.0,-0.983347,-1.231542,AZE,FRA,902190
10553644,18,77,9750,2015,34335656.0,18130466.0,1.329866,1.100641,BEL,FRA,902190
10553645,19,77,9750,2015,0.0,52892.0,-0.5641470000000001,-0.8971020000000001,BEN,FRA,902190
10553646,21,77,9750,2015,0.0,20374.0,-1.085359,-1.034365,BFA,FRA,902190
10553647,23,77,9750,2015,0.0,256171.0,0.45640699999999995,1.691455,BGR,FRA,902190
10553648,24,77,9750,2015,0.0,13171.0,0.36650900000000003,-0.28735,BHR,FRA,902190
10553649,26,77,9750,2015,0.0,36963.0,0.355903,0.723092,BIH,FRA,902190
10553650,28,77,9750,2015,0.0,280425.0,0.672499,0.5584020000000001,BLR,FRA,902190
10553651,31,77,9750,2015,0.0,9584.0,-1.051562,-1.067714,BOL,FRA,902190
10553652,32,77,9750,2015,83530.0,4790090.0,0.23656799999999997,0.688607,BRA,FRA,902190
10553653,33,77,9750,2015,0.0,21389.0,0.453689,0.039237,BRB,FRA,902190
10553654,38,77,9750,2015,0.0,15246.0,-0.35029,-0.6630199999999999,CAF,FRA,902190
10553655,39,77,9750,2015,38001.0,568036.0,0.695867,1.171676,CAN,FRA,902190
10553656,41,77,9750,2015,82184584.0,11242182.0,2.306075,0.720781,CHE,FRA,902190
10553657,42,77,9750,2015,0.0,183166.0,-0.356167,-0.47629399999999994,CHL,FRA,902190
10553658,43,77,9750,2015,4929000.0,4993494.0,1.077143,1.735757,CHN,FRA,902190
10553659,44,77,9750,2015,0.0,78689.0,-0.856142,-0.905292,CIV,FRA,902190
10553660,45,77,9750,2015,0.0,28582.0,-0.924366,-1.040721,CMR,FRA,902190
10553661,47,77,9750,2015,0.0,3943.0,-1.294823,-1.18811,COG,FRA,902190
10553662,49,77,9750,2015,0.0,1311771.0,0.156383,-0.183055,COL,FRA,902190
10553663,52,77,9750,2015,3776136.0,2655.0,0.24859699999999998,-0.033143,CRI,FRA,902190
10553664,54,77,9750,2015,0.0,620490.0,-0.694839,-1.093439,CUB,FRA,902190
10553665,58,77,9750,2015,0.0,122963.0,0.511225,-0.207261,CYP,FRA,902190
10553666,59,77,9750,2015,68910.0,806391.0,1.743012,0.45424,CZE,FRA,902190
10553667,61,77,9750,2015,70284296.0,43174980.0,2.203818,-2.307561,DEU,FRA,902190
10553668,62,77,9750,2015,0.0,2148.0,-0.538942,-0.832522,DJI,FRA,902190
10553669,64,77,9750,2015,7017109.0,698126.0,1.157924,1.2045629999999998,DNK,FRA,902190
10553670,65,77,9750,2015,0.0,10486.0,-0.212808,0.395873,DOM,FRA,902190
10553671,66,77,9750,2015,0.0,1700261.0,-1.54346,-1.255633,DZA,FRA,902190
10553672,67,77,9750,2015,0.0,121170.0,-0.9845959999999999,-1.075639,ECU,FRA,902190
10553673,68,77,9750,2015,10130.0,597096.0,-0.183053,1.765036,EGY,FRA,902190
10553674,71,77,9750,2015,2807146.0,10861045.0,0.8173590000000001,2.442556,ESP,FRA,902190
10553675,72,77,9750,2015,0.0,132148.0,0.9281149999999999,1.1780389999999998,EST,FRA,902190
10553676,74,77,9750,2015,117478.0,594425.0,1.597817,0.998059,FIN,FRA,902190
10553677,80,77,9750,2015,0.0,27721.0,-1.384351,-1.209873,GAB,FRA,902190
10553678,81,77,9750,2015,24242784.0,10599096.0,1.7422990000000003,0.75838,GBR,FRA,902190
10553679,82,77,9750,2015,0.0,2013.0,-0.343663,-0.588017,GEO,FRA,902190
10553680,89,77,9750,2015,0.0,6382.0,-1.585577,-0.9044979999999999,GNQ,FRA,902190
10553681,90,77,9750,2015,0.0,699721.0,0.099027,1.012289,GRC,FRA,902190
10553682,93,77,9750,2015,0.0,66774.0,-0.284403,0.525564,GTM,FRA,902190
10553683,97,77,9750,2015,32503.0,583747.0,0.8255290000000001,1.8017279999999998,HKG,FRA,902190
10553684,99,77,9750,2015,0.0,7208.0,-0.578635,-0.292053,HND,FRA,902190
10553685,100,77,9750,2015,0.0,17631.0,0.7590140000000001,1.257415,HRV,FRA,902190
10553686,102,77,9750,2015,367403.0,845327.0,1.462839,0.803258,HUN,FRA,902190
10553687,103,77,9750,2015,0.0,50235.0,-0.145103,1.277362,IDN,FRA,902190
10553688,104,77,9750,2015,62463.0,46890.0,0.24230900000000002,2.8190880000000003,IND,FRA,902190
10553689,106,77,9750,2015,29659038.0,3865246.0,1.304942,0.126431,IRL,FRA,902190
10553690,107,77,9750,2015,0.0,279556.0,-0.258946,-0.0073420000000000004,IRN,FRA,902190
10553691,108,77,9750,2015,0.0,207425.0,-1.465803,-0.912113,IRQ,FRA,902190
10553692,109,77,9750,2015,1016.0,7895.0,0.24527600000000002,-0.411616,ISL,FRA,902190
10553693,110,77,9750,2015,277036.0,314332.0,1.260071,0.545545,ISR,FRA,902190
10553694,111,77,9750,2015,8170170.0,36808048.0,1.321127,0.747046,ITA,FRA,902190
10553695,112,77,9750,2015,0.0,2532.0,-0.438267,-0.828097,JAM,FRA,902190
10553696,113,77,9750,2015,0.0,179757.0,0.121172,0.457301,JOR,FRA,902190
10553697,114,77,9750,2015,693460.0,1195156.0,2.516133,-0.484202,JPN,FRA,902190
10553698,115,77,9750,2015,0.0,8185.0,-0.45091499999999995,-0.652026,KAZ,FRA,902190
10553699,116,77,9750,2015,0.0,27682.0,-0.453564,0.433325,KEN,FRA,902190
10553700,121,77,9750,2015,4854896.0,2207710.0,1.900653,0.859406,KOR,FRA,902190
10553701,122,77,9750,2015,0.0,187318.0,-0.352023,-1.153057,KWT,FRA,902190
10553702,124,77,9750,2015,0.0,484655.0,0.317355,1.330374,LBN,FRA,902190
10553703,126,77,9750,2015,0.0,3369.0,-1.3257219999999998,-1.260453,LBY,FRA,902190
10553704,128,77,9750,2015,0.0,207993.0,-0.6773399999999999,0.386343,LKA,FRA,902190
10553705,130,77,9750,2015,4799.0,33413.0,0.749429,1.3659860000000001,LTU,FRA,902190
10553706,131,77,9750,2015,842149.0,199219.0,1.218924,1.247152,LUX,FRA,902190
10553707,132,77,9750,2015,0.0,33869.0,0.602209,1.125357,LVA,FRA,902190
10553708,134,77,9750,2015,316658.0,1855282.0,-0.7554810000000001,-0.059697,MAR,FRA,902190
10553709,135,77,9750,2015,0.0,4969.0,-0.313837,-0.20393,MDA,FRA,902190
10553710,136,77,9750,2015,0.0,6860.0,-1.15947,-0.497217,MDG,FRA,902190
10553711,137,77,9750,2015,0.0,3231.0,-0.321571,-0.858751,MDV,FRA,902190
10553712,138,77,9750,2015,7803218.0,1579710.0,1.169724,0.61457,MEX,FRA,902190
10553713,140,77,9750,2015,0.0,4944.0,-0.09009600000000001,-0.147359,MKD,FRA,902190
10553714,142,77,9750,2015,0.0,13705.0,0.880893,-0.117585,MLT,FRA,902190
10553715,143,77,9750,2015,0.0,7998.0,-1.4596120000000001,-0.903904,MMR,FRA,902190
10553716,144,77,9750,2015,0.0,26676.0,-0.048385000000000004,-0.150759,MNE,FRA,902190
10553717,145,77,9750,2015,0.0,9841.0,-1.244368,-1.196677,MNG,FRA,902190
10553718,151,77,9750,2015,0.0,50016.0,-0.231762,-0.195051,MUS,FRA,902190
10553719,153,77,9750,2015,6319090.0,420260.0,1.082803,0.811615,MYS,FRA,902190
10553720,156,77,9750,2015,13473.0,1103631.0,-0.727911,-0.844562,NCL,FRA,902190
10553721,157,77,9750,2015,0.0,6842.0,-1.517292,-1.033891,NER,FRA,902190
10553722,159,77,9750,2015,0.0,8514.0,-1.415451,-1.157829,NGA,FRA,902190
10553723,162,77,9750,2015,106471776.0,108678064.0,1.230104,1.27344,NLD,FRA,902190
10553724,163,77,9750,2015,15132.0,92737.0,0.950708,0.314339,NOR,FRA,902190
10553725,164,77,9750,2015,0.0,344.0,-0.290416,0.456716,NPL,FRA,902190
10553726,166,77,9750,2015,1490.0,46058.0,0.224598,0.253179,NZL,FRA,902190
10553727,167,77,9750,2015,0.0,17196.0,-0.4699,-1.00451,OMN,FRA,902190
10553728,168,77,9750,2015,1844.0,107514.0,-0.7059979999999999,0.73501,PAK,FRA,902190
10553729,169,77,9750,2015,0.0,13740.0,0.642058,0.833392,PAN,FRA,902190
10553730,173,77,9750,2015,9579.0,31704.0,-0.6007819999999999,0.32152800000000004,PER,FRA,902190
10553731,174,77,9750,2015,363371.0,2832.0,0.6406270000000001,0.45770200000000005,PHL,FRA,902190
10553732,177,77,9750,2015,1930094.0,2563354.0,1.145844,1.1449280000000002,POL,FRA,902190
10553733,178,77,9750,2015,0.0,8825.0,-0.404818,-0.075235,PRK,FRA,902190
10553734,179,77,9750,2015,49672.0,1927143.0,0.561922,2.2276380000000002,PRT,FRA,902190
10553735,181,77,9750,2015,0.0,2875.0,0.060575,0.5649489999999999,PSE,FRA,902190
10553736,182,77,9750,2015,0.0,1116848.0,-0.301696,-0.795154,PYF,FRA,902190
10553737,183,77,9750,2015,0.0,39413.0,-0.077053,-0.9922719999999999,QAT,FRA,902190
10553738,185,77,9750,2015,206824.0,512430.0,0.946363,1.056775,ROU,FRA,902190
10553739,186,77,9750,2015,0.0,756171.0,0.23119,0.035965,RUS,FRA,902190
10553740,188,77,9750,2015,1242.0,2594480.0,0.5552520000000001,-0.7263229999999999,SAU,FRA,902190
10553741,190,77,9750,2015,1591.0,1249.0,-1.420356,-1.218424,SDN,FRA,902190
10553742,191,77,9750,2015,0.0,14089.0,-0.708349,-0.296663,SEN,FRA,902190
10553743,192,77,9750,2015,31085816.0,1392661.0,2.05613,0.593065,SGP,FRA,902190
10553744,197,77,9750,2015,0.0,4072.0,0.05531900000000001,0.169073,SLV,FRA,902190
10553745,200,77,9750,2015,0.0,9802.0,1.108603,-0.356745,SPM,FRA,902190
10553746,201,77,9750,2015,0.0,27325.0,0.457042,1.324908,SRB,FRA,902190
10553747,205,77,9750,2015,0.0,5187.0,-0.570361,-1.005072,SUR,FRA,902190
10553748,206,77,9750,2015,4833.0,365607.0,1.287133,0.7900560000000001,SVK,FRA,902190
10553749,207,77,9750,2015,0.0,93115.0,1.6089879999999999,0.833616,SVN,FRA,902190
10553750,208,77,9750,2015,4330200.0,861600.0,1.8068349999999997,0.693389,SWE,FRA,902190
10553751,210,77,9750,2015,0.0,5681.0,0.945973,-0.7548229999999999,SXM,FRA,902190
10553752,211,77,9750,2015,0.0,985.0,1.017467,-0.285569,SYC,FRA,902190
10553753,212,77,9750,2015,0.0,43518.0,-0.603532,0.313216,SYR,FRA,902190
10553754,214,77,9750,2015,0.0,3077.0,-1.543675,-0.9703860000000001,TCD,FRA,902190
10553755,215,77,9750,2015,0.0,6968.0,-0.66925,-0.873554,TGO,FRA,902190
10553756,216,77,9750,2015,3870850.0,271607.0,0.965888,1.368572,THA,FRA,902190
10553757,222,77,9750,2015,0.0,1371.0,-0.462837,-1.117621,TTO,FRA,902190
10553758,223,77,9750,2015,205074.0,4712932.0,0.140202,0.967591,TUN,FRA,902190
10553759,224,77,9750,2015,51322.0,1450783.0,0.438669,2.519632,TUR,FRA,902190
10553760,226,77,9750,2015,2348.0,0.0,-1.02395,-0.017509999999999998,TZA,FRA,902190
10553761,228,77,9750,2015,0.0,94087.0,0.429879,0.701813,UKR,FRA,902190
10553762,230,77,9750,2015,9646.0,86512.0,0.273876,-0.363695,URY,FRA,902190
10553763,231,77,9750,2015,18111212.0,26561106.0,1.720478,-0.129322,USA,FRA,902190
10553764,239,77,9750,2015,2811994.0,555300.0,-0.17108900000000002,1.10995,VNM,FRA,902190
10553765,243,77,9750,2015,0.0,9424.0,-1.048632,-1.10843,YEM,FRA,902190
10553766,246,77,9750,2015,8043.0,619334.0,0.24944699999999997,1.7573159999999999,ZAF,FRA,902190
10553767,249,77,9750,2015,730897.0,234481.0,1.962832,1.214982,TWN,FRA,902190
10553768,250,77,9750,2015,2912051.0,31154.0,0.377283,-0.092204,ANS,FRA,902190
10553769,0,81,9750,2015,0.0,3018.0,0.8526809999999999,-0.043541,ABW,GBR,902190
10553770,2,81,9750,2015,0.0,2316.0,-1.6542,-1.2598989999999999,AGO,GBR,902190
10553771,7,81,9750,2015,6029.0,820822.0,0.21779600000000002,-0.0047420000000000006,ARE,GBR,902190
10553772,8,81,9750,2015,0.0,116391.0,0.116896,0.30330999999999997,ARG,GBR,902190
10553773,9,81,9750,2015,0.0,76271.0,0.037579,-0.42448800000000003,ARM,GBR,902190
10553774,14,81,9750,2015,106941320.0,3120352.0,-0.292325,-0.043489,AUS,GBR,902190
10553775,15,81,9750,2015,3861610.0,732442.0,1.747098,-0.08026699999999999,AUT,GBR,902190
10553776,16,81,9750,2015,0.0,14529.0,-0.983347,-1.231542,AZE,GBR,902190
10553777,18,81,9750,2015,62899864.0,6631646.0,1.329866,1.100641,BEL,GBR,902190
10553778,22,81,9750,2015,0.0,197858.0,-1.088465,-0.8745360000000001,BGD,GBR,902190
10553779,23,81,9750,2015,0.0,4355.0,0.45640699999999995,1.691455,BGR,GBR,902190
10553780,24,81,9750,2015,0.0,45565.0,0.36650900000000003,-0.28735,BHR,GBR,902190
10553781,25,81,9750,2015,0.0,1370.0,0.669493,-0.37838099999999997,BHS,GBR,902190
10553782,26,81,9750,2015,0.0,19712.0,0.355903,0.723092,BIH,GBR,902190
10553783,28,81,9750,2015,0.0,1638539.0,0.672499,0.5584020000000001,BLR,GBR,902190
10553784,30,81,9750,2015,0.0,3881.0,0.974592,-0.636426,BMU,GBR,902190
10553785,32,81,9750,2015,316552.0,272532.0,0.23656799999999997,0.688607,BRA,GBR,902190
10553786,33,81,9750,2015,3089.0,5887.0,0.453689,0.039237,BRB,GBR,902190
10553787,39,81,9750,2015,125805.0,199423.0,0.695867,1.171676,CAN,GBR,902190
10553788,41,81,9750,2015,5120833.0,6910248.0,2.306075,0.720781,CHE,GBR,902190
10553789,42,81,9750,2015,0.0,5182.0,-0.356167,-0.47629399999999994,CHL,GBR,902190
10553790,43,81,9750,2015,19707826.0,930060.0,1.077143,1.735757,CHN,GBR,902190
10553791,44,81,9750,2015,0.0,5942.0,-0.856142,-0.905292,CIV,GBR,902190
10553792,49,81,9750,2015,1904.0,228487.0,0.156383,-0.183055,COL,GBR,902190
10553793,54,81,9750,2015,26598.0,872489.0,-0.694839,-1.093439,CUB,GBR,902190
10553794,58,81,9750,2015,11588.0,474612.0,0.511225,-0.207261,CYP,GBR,902190
10553795,59,81,9750,2015,655442.0,214718.0,1.743012,0.45424,CZE,GBR,902190
10553796,61,81,9750,2015,51795944.0,15238219.0,2.203818,-2.307561,DEU,GBR,902190
10553797,64,81,9750,2015,6147804.0,2127948.0,1.157924,1.2045629999999998,DNK,GBR,902190
10553798,65,81,9750,2015,0.0,78802.0,-0.212808,0.395873,DOM,GBR,902190
10553799,66,81,9750,2015,0.0,104386.0,-1.54346,-1.255633,DZA,GBR,902190
10553800,67,81,9750,2015,0.0,27199.0,-0.9845959999999999,-1.075639,ECU,GBR,902190
10553801,68,81,9750,2015,90222.0,2513420.0,-0.183053,1.765036,EGY,GBR,902190
10553802,71,81,9750,2015,324598.0,2641411.0,0.8173590000000001,2.442556,ESP,GBR,902190
10553803,72,81,9750,2015,0.0,22225.0,0.9281149999999999,1.1780389999999998,EST,GBR,902190
10553804,74,81,9750,2015,46242.0,539424.0,1.597817,0.998059,FIN,GBR,902190
10553805,75,81,9750,2015,0.0,753.0,-0.481968,-0.201468,FJI,GBR,902190
10553806,77,81,9750,2015,10599096.0,24242784.0,1.479792,0.6490239999999999,FRA,GBR,902190
10553807,82,81,9750,2015,0.0,2326.0,-0.343663,-0.588017,GEO,GBR,902190
10553808,83,81,9750,2015,0.0,3146.0,-0.750568,-0.690257,GHA,GBR,902190
10553809,84,81,9750,2015,2687.0,6170.0,0.535143,-0.750155,GIB,GBR,902190
10553810,90,81,9750,2015,50366.0,104696.0,0.099027,1.012289,GRC,GBR,902190
10553811,96,81,9750,2015,0.0,1265.0,-1.018758,-1.056085,GUY,GBR,902190
10553812,97,81,9750,2015,155759.0,996208.0,0.8255290000000001,1.8017279999999998,HKG,GBR,902190
10553813,99,81,9750,2015,0.0,926.0,-0.578635,-0.292053,HND,GBR,902190
10553814,100,81,9750,2015,0.0,24718.0,0.7590140000000001,1.257415,HRV,GBR,902190
10553815,102,81,9750,2015,93108.0,107711.0,1.462839,0.803258,HUN,GBR,902190
10553816,103,81,9750,2015,0.0,117738.0,-0.145103,1.277362,IDN,GBR,902190
10553817,104,81,9750,2015,194480.0,329512.0,0.24230900000000002,2.8190880000000003,IND,GBR,902190
10553818,106,81,9750,2015,7008572.0,11679323.0,1.304942,0.126431,IRL,GBR,902190
10553819,107,81,9750,2015,0.0,1479036.0,-0.258946,-0.0073420000000000004,IRN,GBR,902190
10553820,108,81,9750,2015,0.0,358905.0,-1.465803,-0.912113,IRQ,GBR,902190
10553821,109,81,9750,2015,0.0,62062.0,0.24527600000000002,-0.411616,ISL,GBR,902190
10553822,110,81,9750,2015,91845.0,990713.0,1.260071,0.545545,ISR,GBR,902190
10553823,111,81,9750,2015,4194228.0,19874938.0,1.321127,0.747046,ITA,GBR,902190
10553824,112,81,9750,2015,0.0,2818.0,-0.438267,-0.828097,JAM,GBR,902190
10553825,113,81,9750,2015,0.0,301942.0,0.121172,0.457301,JOR,GBR,902190
10553826,114,81,9750,2015,234997.0,5067844.0,2.516133,-0.484202,JPN,GBR,902190
10553827,115,81,9750,2015,4622.0,21365.0,-0.45091499999999995,-0.652026,KAZ,GBR,902190
10553828,116,81,9750,2015,0.0,54711.0,-0.453564,0.433325,KEN,GBR,902190
10553829,118,81,9750,2015,0.0,1856.0,-0.791985,-0.833046,KHM,GBR,902190
10553830,121,81,9750,2015,2759012.0,1204702.0,1.900653,0.859406,KOR,GBR,902190
10553831,122,81,9750,2015,0.0,276431.0,-0.352023,-1.153057,KWT,GBR,902190
10553832,124,81,9750,2015,0.0,285109.0,0.317355,1.330374,LBN,GBR,902190
10553833,126,81,9750,2015,0.0,5868.0,-1.3257219999999998,-1.260453,LBY,GBR,902190
10553834,128,81,9750,2015,345098.0,15983.0,-0.6773399999999999,0.386343,LKA,GBR,902190
10553835,130,81,9750,2015,16537.0,33810.0,0.749429,1.3659860000000001,LTU,GBR,902190
10553836,131,81,9750,2015,0.0,9627.0,1.218924,1.247152,LUX,GBR,902190
10553837,132,81,9750,2015,352012.0,36650.0,0.602209,1.125357,LVA,GBR,902190
10553838,134,81,9750,2015,0.0,246480.0,-0.7554810000000001,-0.059697,MAR,GBR,902190
10553839,135,81,9750,2015,0.0,3168.0,-0.313837,-0.20393,MDA,GBR,902190
10553840,136,81,9750,2015,0.0,909.0,-1.15947,-0.497217,MDG,GBR,902190
10553841,138,81,9750,2015,2043386.0,6238.0,1.169724,0.61457,MEX,GBR,902190
10553842,140,81,9750,2015,0.0,47863.0,-0.09009600000000001,-0.147359,MKD,GBR,902190
10553843,142,81,9750,2015,0.0,69263.0,0.880893,-0.117585,MLT,GBR,902190
10553844,151,81,9750,2015,2663.0,7451.0,-0.231762,-0.195051,MUS,GBR,902190
10553845,153,81,9750,2015,40118.0,35498.0,1.082803,0.811615,MYS,GBR,902190
10553846,156,81,9750,2015,0.0,45188.0,-0.727911,-0.844562,NCL,GBR,902190
10553847,159,81,9750,2015,0.0,16832.0,-1.415451,-1.157829,NGA,GBR,902190
10553848,160,81,9750,2015,0.0,15706.0,-1.102989,-0.952276,NIC,GBR,902190
10553849,162,81,9750,2015,123220048.0,4352943.0,1.230104,1.27344,NLD,GBR,902190
10553850,163,81,9750,2015,80930.0,2997149.0,0.950708,0.314339,NOR,GBR,902190
10553851,164,81,9750,2015,0.0,25285.0,-0.290416,0.456716,NPL,GBR,902190
10553852,166,81,9750,2015,93691.0,252401.0,0.224598,0.253179,NZL,GBR,902190
10553853,167,81,9750,2015,0.0,302776.0,-0.4699,-1.00451,OMN,GBR,902190
10553854,168,81,9750,2015,32543.0,5592.0,-0.7059979999999999,0.73501,PAK,GBR,902190
10553855,169,81,9750,2015,0.0,4859.0,0.642058,0.833392,PAN,GBR,902190
10553856,173,81,9750,2015,0.0,1350.0,-0.6007819999999999,0.32152800000000004,PER,GBR,902190
10553857,174,81,9750,2015,3040.0,3839.0,0.6406270000000001,0.45770200000000005,PHL,GBR,902190
10553858,177,81,9750,2015,4156475.0,1463947.0,1.145844,1.1449280000000002,POL,GBR,902190
10553859,179,81,9750,2015,2674.0,196034.0,0.561922,2.2276380000000002,PRT,GBR,902190
10553860,182,81,9750,2015,0.0,1926.0,-0.301696,-0.795154,PYF,GBR,902190
10553861,183,81,9750,2015,0.0,145835.0,-0.077053,-0.9922719999999999,QAT,GBR,902190
10553862,185,81,9750,2015,22731.0,86779.0,0.946363,1.056775,ROU,GBR,902190
10553863,186,81,9750,2015,0.0,1603082.0,0.23119,0.035965,RUS,GBR,902190
10553864,188,81,9750,2015,0.0,1979606.0,0.5552520000000001,-0.7263229999999999,SAU,GBR,902190
10553865,192,81,9750,2015,5028850.0,286274.0,2.05613,0.593065,SGP,GBR,902190
10553866,197,81,9750,2015,0.0,21818.0,0.05531900000000001,0.169073,SLV,GBR,902190
10553867,201,81,9750,2015,3749.0,154846.0,0.457042,1.324908,SRB,GBR,902190
10553868,206,81,9750,2015,0.0,191501.0,1.287133,0.7900560000000001,SVK,GBR,902190
10553869,207,81,9750,2015,0.0,62778.0,1.6089879999999999,0.833616,SVN,GBR,902190
10553870,208,81,9750,2015,13414308.0,1948627.0,1.8068349999999997,0.693389,SWE,GBR,902190
10553871,211,81,9750,2015,0.0,31127.0,1.017467,-0.285569,SYC,GBR,902190
10553872,212,81,9750,2015,0.0,55178.0,-0.603532,0.313216,SYR,GBR,902190
10553873,216,81,9750,2015,449809.0,172697.0,0.965888,1.368572,THA,GBR,902190
10553874,222,81,9750,2015,3102.0,4972.0,-0.462837,-1.117621,TTO,GBR,902190
10553875,223,81,9750,2015,0.0,283769.0,0.140202,0.967591,TUN,GBR,902190
10553876,224,81,9750,2015,531775.0,5612290.0,0.438669,2.519632,TUR,GBR,902190
10553877,228,81,9750,2015,0.0,25037.0,0.429879,0.701813,UKR,GBR,902190
10553878,230,81,9750,2015,15865.0,0.0,0.273876,-0.363695,URY,GBR,902190
10553879,231,81,9750,2015,15658941.0,16732392.0,1.720478,-0.129322,USA,GBR,902190
10553880,232,81,9750,2015,0.0,878575.0,-0.724966,-0.599292,UZB,GBR,902190
10553881,234,81,9750,2015,0.0,1999.0,0.087811,-0.35481999999999997,VCT,GBR,902190
10553882,239,81,9750,2015,1730122.0,57623.0,-0.17108900000000002,1.10995,VNM,GBR,902190
10553883,243,81,9750,2015,0.0,9580.0,-1.048632,-1.10843,YEM,GBR,902190
10553884,246,81,9750,2015,140799.0,2524718.0,0.24944699999999997,1.7573159999999999,ZAF,GBR,902190
10553885,248,81,9750,2015,0.0,1909.0,-0.838017,-0.9400270000000001,ZWE,GBR,902190
10553886,249,81,9750,2015,1535854.0,235807.0,1.962832,1.214982,TWN,GBR,902190
10553887,33,91,9750,2015,3742.0,0.0,0.453689,0.039237,BRB,GRD,902190
10553888,39,91,9750,2015,1640.0,0.0,0.695867,1.171676,CAN,GRD,902190
10553889,231,91,9750,2015,1327.0,0.0,1.720478,-0.129322,USA,GRD,902190
10553890,15,93,9750,2015,18047.0,0.0,1.747098,-0.08026699999999999,AUT,GTM,902190
10553891,32,93,9750,2015,20502.0,0.0,0.23656799999999997,0.688607,BRA,GTM,902190
10553892,39,93,9750,2015,0.0,28059.0,0.695867,1.171676,CAN,GTM,902190
10553893,41,93,9750,2015,21119.0,0.0,2.306075,0.720781,CHE,GTM,902190
10553894,43,93,9750,2015,34437.0,0.0,1.077143,1.735757,CHN,GTM,902190
10553895,49,93,9750,2015,16741.0,0.0,0.156383,-0.183055,COL,GTM,902190
10553896,52,93,9750,2015,44286.0,5398.0,0.24859699999999998,-0.033143,CRI,GTM,902190
10553897,61,93,9750,2015,111087.0,0.0,2.203818,-2.307561,DEU,GTM,902190
10553898,64,93,9750,2015,79124.0,0.0,1.157924,1.2045629999999998,DNK,GTM,902190
10553899,65,93,9750,2015,31410.0,0.0,-0.212808,0.395873,DOM,GTM,902190
10553900,71,93,9750,2015,14294.0,0.0,0.8173590000000001,2.442556,ESP,GTM,902190
10553901,77,93,9750,2015,66774.0,0.0,1.479792,0.6490239999999999,FRA,GTM,902190
10553902,104,93,9750,2015,47084.0,0.0,0.24230900000000002,2.8190880000000003,IND,GTM,902190
10553903,106,93,9750,2015,89780.0,0.0,1.304942,0.126431,IRL,GTM,902190
10553904,111,93,9750,2015,7627.0,0.0,1.321127,0.747046,ITA,GTM,902190
10553905,121,93,9750,2015,216319.0,0.0,1.900653,0.859406,KOR,GTM,902190
10553906,138,93,9750,2015,23337.0,0.0,1.169724,0.61457,MEX,GTM,902190
10553907,153,93,9750,2015,6213.0,0.0,1.082803,0.811615,MYS,GTM,902190
10553908,160,93,9750,2015,0.0,1100.0,-1.102989,-0.952276,NIC,GTM,902190
10553909,162,93,9750,2015,54059.0,0.0,1.230104,1.27344,NLD,GTM,902190
10553910,169,93,9750,2015,302864.0,0.0,0.642058,0.833392,PAN,GTM,902190
10553911,178,93,9750,2015,1444.0,0.0,-0.404818,-0.075235,PRK,GTM,902190
10553912,197,93,9750,2015,37082.0,0.0,0.05531900000000001,0.169073,SLV,GTM,902190
10553913,208,93,9750,2015,0.0,2912.0,1.8068349999999997,0.693389,SWE,GTM,902190
10553914,231,93,9750,2015,322767.0,10374891.0,1.720478,-0.129322,USA,GTM,902190
10553915,249,93,9750,2015,17295.0,0.0,1.962832,1.214982,TWN,GTM,902190
10553916,14,97,9750,2015,801331.0,283663.0,-0.292325,-0.043489,AUS,HKG,902190
10553917,15,97,9750,2015,31224390.0,1424737.0,1.747098,-0.08026699999999999,AUT,HKG,902190
10553918,18,97,9750,2015,1508406.0,3139.0,1.329866,1.100641,BEL,HKG,902190
10553919,22,97,9750,2015,0.0,132884.0,-1.088465,-0.8745360000000001,BGD,HKG,902190
10553920,39,97,9750,2015,32079.0,24024.0,0.695867,1.171676,CAN,HKG,902190
10553921,41,97,9750,2015,2382690.0,178451.0,2.306075,0.720781,CHE,HKG,902190
10553922,43,97,9750,2015,16390461.0,967404.0,1.077143,1.735757,CHN,HKG,902190
10553923,49,97,9750,2015,0.0,1029.0,0.156383,-0.183055,COL,HKG,902190
10553924,52,97,9750,2015,13510.0,0.0,0.24859699999999998,-0.033143,CRI,HKG,902190
10553925,59,97,9750,2015,2222.0,1036.0,1.743012,0.45424,CZE,HKG,902190
10553926,61,97,9750,2015,3794205.0,426542.0,2.203818,-2.307561,DEU,HKG,902190
10553927,64,97,9750,2015,1311940.0,361691.0,1.157924,1.2045629999999998,DNK,HKG,902190
10553928,71,97,9750,2015,37049.0,3055.0,0.8173590000000001,2.442556,ESP,HKG,902190
10553929,74,97,9750,2015,4252.0,3742.0,1.597817,0.998059,FIN,HKG,902190
10553930,77,97,9750,2015,583747.0,32503.0,1.479792,0.6490239999999999,FRA,HKG,902190
10553931,81,97,9750,2015,996208.0,155759.0,1.7422990000000003,0.75838,GBR,HKG,902190
10553932,90,97,9750,2015,0.0,9382.0,0.099027,1.012289,GRC,HKG,902190
10553933,100,97,9750,2015,0.0,86119.0,0.7590140000000001,1.257415,HRV,HKG,902190
10553934,102,97,9750,2015,34696.0,1093.0,1.462839,0.803258,HUN,HKG,902190
10553935,103,97,9750,2015,0.0,77433.0,-0.145103,1.277362,IDN,HKG,902190
10553936,104,97,9750,2015,153185.0,14078.0,0.24230900000000002,2.8190880000000003,IND,HKG,902190
10553937,106,97,9750,2015,598388.0,2334.0,1.304942,0.126431,IRL,HKG,902190
10553938,110,97,9750,2015,63949.0,145600.0,1.260071,0.545545,ISR,HKG,902190
10553939,111,97,9750,2015,258599.0,0.0,1.321127,0.747046,ITA,HKG,902190
10553940,114,97,9750,2015,154400.0,7595.0,2.516133,-0.484202,JPN,HKG,902190
10553941,116,97,9750,2015,2057.0,2520.0,-0.453564,0.433325,KEN,HKG,902190
10553942,121,97,9750,2015,2605970.0,940274.0,1.900653,0.859406,KOR,HKG,902190
10553943,128,97,9750,2015,0.0,476236.0,-0.6773399999999999,0.386343,LKA,HKG,902190
10553944,133,97,9750,2015,38003.0,1075284.0,0.296288,0.32009499999999996,MAC,HKG,902190
10553945,153,97,9750,2015,480371.0,1732440.0,1.082803,0.811615,MYS,HKG,902190
10553946,160,97,9750,2015,0.0,9500.0,-1.102989,-0.952276,NIC,HKG,902190
10553947,162,97,9750,2015,1746568.0,638749.0,1.230104,1.27344,NLD,HKG,902190
10553948,163,97,9750,2015,77035.0,8285.0,0.950708,0.314339,NOR,HKG,902190
10553949,164,97,9750,2015,0.0,12438.0,-0.290416,0.456716,NPL,HKG,902190
10553950,166,97,9750,2015,3609.0,16252.0,0.224598,0.253179,NZL,HKG,902190
10553951,168,97,9750,2015,0.0,524301.0,-0.7059979999999999,0.73501,PAK,HKG,902190
10553952,174,97,9750,2015,947.0,8876.0,0.6406270000000001,0.45770200000000005,PHL,HKG,902190
10553953,177,97,9750,2015,514479.0,38622.0,1.145844,1.1449280000000002,POL,HKG,902190
10553954,181,97,9750,2015,0.0,5039.0,0.060575,0.5649489999999999,PSE,HKG,902190
10553955,186,97,9750,2015,3411.0,126244.0,0.23119,0.035965,RUS,HKG,902190
10553956,192,97,9750,2015,7822670.0,547153.0,2.05613,0.593065,SGP,HKG,902190
10553957,197,97,9750,2015,0.0,2152.0,0.05531900000000001,0.169073,SLV,HKG,902190
10553958,206,97,9750,2015,753.0,1216.0,1.287133,0.7900560000000001,SVK,HKG,902190
10553959,208,97,9750,2015,87678.0,38882.0,1.8068349999999997,0.693389,SWE,HKG,902190
10553960,216,97,9750,2015,2300.0,21732.0,0.965888,1.368572,THA,HKG,902190
10553961,224,97,9750,2015,1307.0,693.0,0.438669,2.519632,TUR,HKG,902190
10553962,228,97,9750,2015,5027.0,0.0,0.429879,0.701813,UKR,HKG,902190
10553963,231,97,9750,2015,4779104.0,993744.0,1.720478,-0.129322,USA,HKG,902190
10553964,239,97,9750,2015,3870.0,22931.0,-0.17108900000000002,1.10995,VNM,HKG,902190
10553965,246,97,9750,2015,0.0,90856.0,0.24944699999999997,1.7573159999999999,ZAF,HKG,902190
10553966,249,97,9750,2015,1334227.0,628568.0,1.962832,1.214982,TWN,HKG,902190
10553967,43,99,9750,2015,145673.0,0.0,1.077143,1.735757,CHN,HND,902190
10553968,61,99,9750,2015,30036.0,0.0,2.203818,-2.307561,DEU,HND,902190
10553969,71,99,9750,2015,9801.0,0.0,0.8173590000000001,2.442556,ESP,HND,902190
10553970,77,99,9750,2015,7208.0,0.0,1.479792,0.6490239999999999,FRA,HND,902190
10553971,81,99,9750,2015,926.0,0.0,1.7422990000000003,0.75838,GBR,HND,902190
10553972,104,99,9750,2015,7194.0,0.0,0.24230900000000002,2.8190880000000003,IND,HND,902190
10553973,106,99,9750,2015,46159.0,0.0,1.304942,0.126431,IRL,HND,902190
10553974,110,99,9750,2015,1843.0,0.0,1.260071,0.545545,ISR,HND,902190
10553975,121,99,9750,2015,7378.0,0.0,1.900653,0.859406,KOR,HND,902190
10553976,138,99,9750,2015,9754.0,0.0,1.169724,0.61457,MEX,HND,902190
10553977,162,99,9750,2015,131422.0,0.0,1.230104,1.27344,NLD,HND,902190
10553978,177,99,9750,2015,28499.0,0.0,1.145844,1.1449280000000002,POL,HND,902190
10553979,197,99,9750,2015,52116.0,0.0,0.05531900000000001,0.169073,SLV,HND,902190
10553980,231,99,9750,2015,41026.0,0.0,1.720478,-0.129322,USA,HND,902190
10553981,239,99,9750,2015,1242.0,0.0,-0.17108900000000002,1.10995,VNM,HND,902190
10553982,249,99,9750,2015,887.0,0.0,1.962832,1.214982,TWN,HND,902190
10553983,7,102,9750,2015,0.0,9399.0,0.21779600000000002,-0.0047420000000000006,ARE,HUN,902190
10553984,9,102,9750,2015,0.0,22608.0,0.037579,-0.42448800000000003,ARM,HUN,902190
10553985,14,102,9750,2015,0.0,9626042.0,-0.292325,-0.043489,AUS,HUN,902190
10553986,15,102,9750,2015,2553057.0,9022.0,1.747098,-0.08026699999999999,AUT,HUN,902190
10553987,18,102,9750,2015,1826771.0,6485.0,1.329866,1.100641,BEL,HUN,902190
10553988,23,102,9750,2015,0.0,281136.0,0.45640699999999995,1.691455,BGR,HUN,902190
10553989,41,102,9750,2015,97218.0,808900.0,2.306075,0.720781,CHE,HUN,902190
10553990,42,102,9750,2015,0.0,2187.0,-0.356167,-0.47629399999999994,CHL,HUN,902190
10553991,43,102,9750,2015,47271.0,1918642.0,1.077143,1.735757,CHN,HUN,902190
10553992,49,102,9750,2015,0.0,116476.0,0.156383,-0.183055,COL,HUN,902190
10553993,59,102,9750,2015,20118.0,7833.0,1.743012,0.45424,CZE,HUN,902190
10553994,61,102,9750,2015,4253954.0,33882.0,2.203818,-2.307561,DEU,HUN,902190
10553995,64,102,9750,2015,1462523.0,0.0,1.157924,1.2045629999999998,DNK,HUN,902190
10553996,66,102,9750,2015,0.0,972.0,-1.54346,-1.255633,DZA,HUN,902190
10553997,68,102,9750,2015,0.0,88163.0,-0.183053,1.765036,EGY,HUN,902190
10553998,71,102,9750,2015,16648.0,901630.0,0.8173590000000001,2.442556,ESP,HUN,902190
10553999,72,102,9750,2015,0.0,23121.0,0.9281149999999999,1.1780389999999998,EST,HUN,902190
10554000,77,102,9750,2015,845327.0,367403.0,1.479792,0.6490239999999999,FRA,HUN,902190
10554001,81,102,9750,2015,107711.0,93108.0,1.7422990000000003,0.75838,GBR,HUN,902190
10554002,85,102,9750,2015,0.0,1710.0,-1.288329,-1.167532,GIN,HUN,902190
10554003,90,102,9750,2015,6296.0,408632.0,0.099027,1.012289,GRC,HUN,902190
10554004,97,102,9750,2015,1093.0,34696.0,0.8255290000000001,1.8017279999999998,HKG,HUN,902190
10554005,100,102,9750,2015,14023.0,18011.0,0.7590140000000001,1.257415,HRV,HUN,902190
10554006,104,102,9750,2015,148472.0,0.0,0.24230900000000002,2.8190880000000003,IND,HUN,902190
10554007,106,102,9750,2015,60172.0,0.0,1.304942,0.126431,IRL,HUN,902190
10554008,107,102,9750,2015,0.0,30046.0,-0.258946,-0.0073420000000000004,IRN,HUN,902190
10554009,110,102,9750,2015,13764.0,8164.0,1.260071,0.545545,ISR,HUN,902190
10554010,111,102,9750,2015,272047.0,267487.0,1.321127,0.747046,ITA,HUN,902190
10554011,113,102,9750,2015,0.0,37474.0,0.121172,0.457301,JOR,HUN,902190
10554012,115,102,9750,2015,0.0,159281.0,-0.45091499999999995,-0.652026,KAZ,HUN,902190
10554013,121,102,9750,2015,113628.0,0.0,1.900653,0.859406,KOR,HUN,902190
10554014,122,102,9750,2015,0.0,21075.0,-0.352023,-1.153057,KWT,HUN,902190
10554015,124,102,9750,2015,0.0,266028.0,0.317355,1.330374,LBN,HUN,902190
10554016,132,102,9750,2015,0.0,22906.0,0.602209,1.125357,LVA,HUN,902190
10554017,134,102,9750,2015,0.0,1678.0,-0.7554810000000001,-0.059697,MAR,HUN,902190
10554018,138,102,9750,2015,0.0,117262.0,1.169724,0.61457,MEX,HUN,902190
10554019,162,102,9750,2015,1404666.0,215424.0,1.230104,1.27344,NLD,HUN,902190
10554020,163,102,9750,2015,0.0,28868.0,0.950708,0.314339,NOR,HUN,902190
10554021,177,102,9750,2015,69948.0,35595.0,1.145844,1.1449280000000002,POL,HUN,902190
10554022,179,102,9750,2015,0.0,34987.0,0.561922,2.2276380000000002,PRT,HUN,902190
10554023,185,102,9750,2015,1051.0,88700.0,0.946363,1.056775,ROU,HUN,902190
10554024,186,102,9750,2015,909.0,527105.0,0.23119,0.035965,RUS,HUN,902190
10554025,188,102,9750,2015,0.0,182940.0,0.5552520000000001,-0.7263229999999999,SAU,HUN,902190
10554026,192,102,9750,2015,42446.0,10500.0,2.05613,0.593065,SGP,HUN,902190
10554027,201,102,9750,2015,1089.0,0.0,0.457042,1.324908,SRB,HUN,902190
10554028,206,102,9750,2015,3397.0,91211.0,1.287133,0.7900560000000001,SVK,HUN,902190
10554029,207,102,9750,2015,0.0,2622.0,1.6089879999999999,0.833616,SVN,HUN,902190
10554030,208,102,9750,2015,29899.0,0.0,1.8068349999999997,0.693389,SWE,HUN,902190
10554031,216,102,9750,2015,0.0,8848.0,0.965888,1.368572,THA,HUN,902190
10554032,224,102,9750,2015,20574.0,110528.0,0.438669,2.519632,TUR,HUN,902190
10554033,228,102,9750,2015,0.0,18141.0,0.429879,0.701813,UKR,HUN,902190
10554034,231,102,9750,2015,313406.0,4338.0,1.720478,-0.129322,USA,HUN,902190
10554035,239,102,9750,2015,0.0,96952.0,-0.17108900000000002,1.10995,VNM,HUN,902190
10554036,246,102,9750,2015,0.0,14566.0,0.24944699999999997,1.7573159999999999,ZAF,HUN,902190
10554037,249,102,9750,2015,17949.0,0.0,1.962832,1.214982,TWN,HUN,902190
10554038,15,103,9750,2015,355351.0,1620.0,1.747098,-0.08026699999999999,AUT,IDN,902190
10554039,18,103,9750,2015,158788.0,0.0,1.329866,1.100641,BEL,IDN,902190
10554040,32,103,9750,2015,4187.0,0.0,0.23656799999999997,0.688607,BRA,IDN,902190
10554041,39,103,9750,2015,3215.0,0.0,0.695867,1.171676,CAN,IDN,902190
10554042,41,103,9750,2015,1372049.0,6537.0,2.306075,0.720781,CHE,IDN,902190
10554043,43,103,9750,2015,1047480.0,0.0,1.077143,1.735757,CHN,IDN,902190
10554044,61,103,9750,2015,746378.0,0.0,2.203818,-2.307561,DEU,IDN,902190
10554045,64,103,9750,2015,31435.0,0.0,1.157924,1.2045629999999998,DNK,IDN,902190
10554046,65,103,9750,2015,5581.0,0.0,-0.212808,0.395873,DOM,IDN,902190
10554047,71,103,9750,2015,50231.0,0.0,0.8173590000000001,2.442556,ESP,IDN,902190
10554048,77,103,9750,2015,50235.0,0.0,1.479792,0.6490239999999999,FRA,IDN,902190
10554049,81,103,9750,2015,117738.0,0.0,1.7422990000000003,0.75838,GBR,IDN,902190
10554050,97,103,9750,2015,77433.0,0.0,0.8255290000000001,1.8017279999999998,HKG,IDN,902190
10554051,104,103,9750,2015,20342.0,0.0,0.24230900000000002,2.8190880000000003,IND,IDN,902190
10554052,106,103,9750,2015,42463.0,0.0,1.304942,0.126431,IRL,IDN,902190
10554053,109,103,9750,2015,0.0,685.0,0.24527600000000002,-0.411616,ISL,IDN,902190
10554054,111,103,9750,2015,706123.0,0.0,1.321127,0.747046,ITA,IDN,902190
10554055,114,103,9750,2015,1889.0,45562.0,2.516133,-0.484202,JPN,IDN,902190
10554056,121,103,9750,2015,398615.0,3642.0,1.900653,0.859406,KOR,IDN,902190
10554057,138,103,9750,2015,79718.0,0.0,1.169724,0.61457,MEX,IDN,902190
10554058,153,103,9750,2015,16376.0,0.0,1.082803,0.811615,MYS,IDN,902190
10554059,162,103,9750,2015,85856.0,0.0,1.230104,1.27344,NLD,IDN,902190
10554060,177,103,9750,2015,10865.0,8848.0,1.145844,1.1449280000000002,POL,IDN,902190
10554061,192,103,9750,2015,3741445.0,10910153.0,2.05613,0.593065,SGP,IDN,902190
10554062,208,103,9750,2015,3364.0,0.0,1.8068349999999997,0.693389,SWE,IDN,902190
10554063,216,103,9750,2015,0.0,3506.0,0.965888,1.368572,THA,IDN,902190
10554064,224,103,9750,2015,14119.0,0.0,0.438669,2.519632,TUR,IDN,902190
10554065,231,103,9750,2015,392135.0,8590.0,1.720478,-0.129322,USA,IDN,902190
10554066,239,103,9750,2015,16651.0,0.0,-0.17108900000000002,1.10995,VNM,IDN,902190
10554067,246,103,9750,2015,3364.0,0.0,0.24944699999999997,1.7573159999999999,ZAF,IDN,902190
10554068,249,103,9750,2015,166281.0,38357.0,1.962832,1.214982,TWN,IDN,902190
10554069,1,104,9750,2015,0.0,76712.0,-1.249655,-0.9094459999999999,AFG,IND,902190
10554070,2,104,9750,2015,0.0,9324.0,-1.6542,-1.2598989999999999,AGO,IND,902190
10554071,7,104,9750,2015,2691818.0,184407.0,0.21779600000000002,-0.0047420000000000006,ARE,IND,902190
10554072,8,104,9750,2015,0.0,8334.0,0.116896,0.30330999999999997,ARG,IND,902190
10554073,9,104,9750,2015,0.0,11201.0,0.037579,-0.42448800000000003,ARM,IND,902190
10554074,14,104,9750,2015,4276594.0,1970533.0,-0.292325,-0.043489,AUS,IND,902190
10554075,15,104,9750,2015,5587479.0,210387.0,1.747098,-0.08026699999999999,AUT,IND,902190
10554076,16,104,9750,2015,0.0,5597.0,-0.983347,-1.231542,AZE,IND,902190
10554077,18,104,9750,2015,6648574.0,24577.0,1.329866,1.100641,BEL,IND,902190
10554078,19,104,9750,2015,0.0,3098.0,-0.5641470000000001,-0.8971020000000001,BEN,IND,902190
10554079,21,104,9750,2015,0.0,20670.0,-1.085359,-1.034365,BFA,IND,902190
10554080,22,104,9750,2015,0.0,1909934.0,-1.088465,-0.8745360000000001,BGD,IND,902190
10554081,23,104,9750,2015,0.0,26585.0,0.45640699999999995,1.691455,BGR,IND,902190
10554082,26,104,9750,2015,0.0,3564.0,0.355903,0.723092,BIH,IND,902190
10554083,28,104,9750,2015,0.0,1857.0,0.672499,0.5584020000000001,BLR,IND,902190
10554084,31,104,9750,2015,0.0,1269.0,-1.051562,-1.067714,BOL,IND,902190
10554085,32,104,9750,2015,0.0,434224.0,0.23656799999999997,0.688607,BRA,IND,902190
10554086,33,104,9750,2015,0.0,1048.0,0.453689,0.039237,BRB,IND,902190
10554087,39,104,9750,2015,72626.0,20749.0,0.695867,1.171676,CAN,IND,902190
10554088,41,104,9750,2015,5389445.0,2712.0,2.306075,0.720781,CHE,IND,902190
10554089,42,104,9750,2015,0.0,12279.0,-0.356167,-0.47629399999999994,CHL,IND,902190
10554090,43,104,9750,2015,2111484.0,40734.0,1.077143,1.735757,CHN,IND,902190
10554091,44,104,9750,2015,0.0,14026.0,-0.856142,-0.905292,CIV,IND,902190
10554092,46,104,9750,2015,0.0,15164.0,-1.3921290000000002,-1.146549,COD,IND,902190
10554093,47,104,9750,2015,0.0,1604.0,-1.294823,-1.18811,COG,IND,902190
10554094,49,104,9750,2015,0.0,30460.0,0.156383,-0.183055,COL,IND,902190
10554095,57,104,9750,2015,0.0,14357.0,0.275472,-0.831835,CYM,IND,902190
10554096,59,104,9750,2015,24340.0,11665.0,1.743012,0.45424,CZE,IND,902190
10554097,61,104,9750,2015,7821807.0,538727.0,2.203818,-2.307561,DEU,IND,902190
10554098,64,104,9750,2015,1525210.0,0.0,1.157924,1.2045629999999998,DNK,IND,902190
10554099,65,104,9750,2015,79820.0,44801.0,-0.212808,0.395873,DOM,IND,902190
10554100,66,104,9750,2015,0.0,2749.0,-1.54346,-1.255633,DZA,IND,902190
10554101,67,104,9750,2015,0.0,167982.0,-0.9845959999999999,-1.075639,ECU,IND,902190
10554102,68,104,9750,2015,0.0,21779.0,-0.183053,1.765036,EGY,IND,902190
10554103,71,104,9750,2015,74923.0,275727.0,0.8173590000000001,2.442556,ESP,IND,902190
10554104,72,104,9750,2015,0.0,33144.0,0.9281149999999999,1.1780389999999998,EST,IND,902190
10554105,73,104,9750,2015,0.0,58730.0,-1.004896,-0.721019,ETH,IND,902190
10554106,74,104,9750,2015,22125.0,0.0,1.597817,0.998059,FIN,IND,902190
10554107,77,104,9750,2015,46890.0,62463.0,1.479792,0.6490239999999999,FRA,IND,902190
10554108,81,104,9750,2015,329512.0,194480.0,1.7422990000000003,0.75838,GBR,IND,902190
10554109,82,104,9750,2015,0.0,78871.0,-0.343663,-0.588017,GEO,IND,902190
10554110,83,104,9750,2015,0.0,13554.0,-0.750568,-0.690257,GHA,IND,902190
10554111,85,104,9750,2015,0.0,1739.0,-1.288329,-1.167532,GIN,IND,902190
10554112,90,104,9750,2015,0.0,11580.0,0.099027,1.012289,GRC,IND,902190
10554113,93,104,9750,2015,0.0,47084.0,-0.284403,0.525564,GTM,IND,902190
10554114,96,104,9750,2015,0.0,2197.0,-1.018758,-1.056085,GUY,IND,902190
10554115,97,104,9750,2015,14078.0,153185.0,0.8255290000000001,1.8017279999999998,HKG,IND,902190
10554116,99,104,9750,2015,0.0,7194.0,-0.578635,-0.292053,HND,IND,902190
10554117,102,104,9750,2015,0.0,148472.0,1.462839,0.803258,HUN,IND,902190
10554118,103,104,9750,2015,0.0,20342.0,-0.145103,1.277362,IDN,IND,902190
10554119,106,104,9750,2015,23233506.0,164479.0,1.304942,0.126431,IRL,IND,902190
10554120,107,104,9750,2015,0.0,102952.0,-0.258946,-0.0073420000000000004,IRN,IND,902190
10554121,108,104,9750,2015,0.0,17403.0,-1.465803,-0.912113,IRQ,IND,902190
10554122,109,104,9750,2015,0.0,757.0,0.24527600000000002,-0.411616,ISL,IND,902190
10554123,110,104,9750,2015,521083.0,42169.0,1.260071,0.545545,ISR,IND,902190
10554124,111,104,9750,2015,33468.0,320662.0,1.321127,0.747046,ITA,IND,902190
10554125,112,104,9750,2015,0.0,32674.0,-0.438267,-0.828097,JAM,IND,902190
10554126,113,104,9750,2015,0.0,26351.0,0.121172,0.457301,JOR,IND,902190
10554127,114,104,9750,2015,23053.0,47603.0,2.516133,-0.484202,JPN,IND,902190
10554128,115,104,9750,2015,0.0,82817.0,-0.45091499999999995,-0.652026,KAZ,IND,902190
10554129,116,104,9750,2015,0.0,96515.0,-0.453564,0.433325,KEN,IND,902190
10554130,117,104,9750,2015,0.0,95160.0,0.02058,0.438692,KGZ,IND,902190
10554131,118,104,9750,2015,0.0,6047.0,-0.791985,-0.833046,KHM,IND,902190
10554132,121,104,9750,2015,1810675.0,14900.0,1.900653,0.859406,KOR,IND,902190
10554133,123,104,9750,2015,0.0,19747.0,-0.927524,-0.74525,LAO,IND,902190
10554134,124,104,9750,2015,0.0,33996.0,0.317355,1.330374,LBN,IND,902190
10554135,125,104,9750,2015,0.0,2556.0,-1.087459,-1.195708,LBR,IND,902190
10554136,128,104,9750,2015,7124.0,202571.0,-0.6773399999999999,0.386343,LKA,IND,902190
10554137,130,104,9750,2015,2475.0,4991.0,0.749429,1.3659860000000001,LTU,IND,902190
10554138,132,104,9750,2015,0.0,11009.0,0.602209,1.125357,LVA,IND,902190
10554139,134,104,9750,2015,0.0,70199.0,-0.7554810000000001,-0.059697,MAR,IND,902190
10554140,136,104,9750,2015,0.0,1557.0,-1.15947,-0.497217,MDG,IND,902190
10554141,137,104,9750,2015,0.0,50825.0,-0.321571,-0.858751,MDV,IND,902190
10554142,138,104,9750,2015,62555.0,22877.0,1.169724,0.61457,MEX,IND,902190
10554143,141,104,9750,2015,0.0,1779.0,-0.744236,-0.9441860000000001,MLI,IND,902190
10554144,142,104,9750,2015,0.0,3487.0,0.880893,-0.117585,MLT,IND,902190
10554145,143,104,9750,2015,0.0,57296.0,-1.4596120000000001,-0.903904,MMR,IND,902190
10554146,145,104,9750,2015,0.0,1545.0,-1.244368,-1.196677,MNG,IND,902190
10554147,151,104,9750,2015,0.0,49999.0,-0.231762,-0.195051,MUS,IND,902190
10554148,153,104,9750,2015,405001.0,78078.0,1.082803,0.811615,MYS,IND,902190
10554149,155,104,9750,2015,0.0,2125.0,-0.43457399999999996,-0.665655,NAM,IND,902190
10554150,159,104,9750,2015,0.0,51761.0,-1.415451,-1.157829,NGA,IND,902190
10554151,160,104,9750,2015,0.0,6404.0,-1.102989,-0.952276,NIC,IND,902190
10554152,162,104,9750,2015,11885570.0,431943.0,1.230104,1.27344,NLD,IND,902190
10554153,163,104,9750,2015,3192.0,0.0,0.950708,0.314339,NOR,IND,902190
10554154,164,104,9750,2015,0.0,178411.0,-0.290416,0.456716,NPL,IND,902190
10554155,166,104,9750,2015,0.0,2533.0,0.224598,0.253179,NZL,IND,902190
10554156,167,104,9750,2015,0.0,6233.0,-0.4699,-1.00451,OMN,IND,902190
10554157,168,104,9750,2015,6167.0,0.0,-0.7059979999999999,0.73501,PAK,IND,902190
10554158,173,104,9750,2015,0.0,105742.0,-0.6007819999999999,0.32152800000000004,PER,IND,902190
10554159,174,104,9750,2015,0.0,3709.0,0.6406270000000001,0.45770200000000005,PHL,IND,902190
10554160,176,104,9750,2015,0.0,90245.0,-1.710939,-1.266333,PNG,IND,902190
10554161,177,104,9750,2015,59784.0,30298.0,1.145844,1.1449280000000002,POL,IND,902190
10554162,180,104,9750,2015,0.0,10208.0,-0.471106,-0.9431139999999999,PRY,IND,902190
10554163,183,104,9750,2015,0.0,1331.0,-0.077053,-0.9922719999999999,QAT,IND,902190
10554164,185,104,9750,2015,0.0,14140.0,0.946363,1.056775,ROU,IND,902190
10554165,186,104,9750,2015,0.0,37775.0,0.23119,0.035965,RUS,IND,902190
10554166,188,104,9750,2015,0.0,166442.0,0.5552520000000001,-0.7263229999999999,SAU,IND,902190
10554167,190,104,9750,2015,0.0,54609.0,-1.420356,-1.218424,SDN,IND,902190
10554168,192,104,9750,2015,3822903.0,51420.0,2.05613,0.593065,SGP,IND,902190
10554169,196,104,9750,2015,0.0,2160.0,0.072324,-0.255235,SLE,IND,902190
10554170,197,104,9750,2015,0.0,1111.0,0.05531900000000001,0.169073,SLV,IND,902190
10554171,199,104,9750,2015,0.0,2317.0,-1.716689,-1.078134,SOM,IND,902190
10554172,201,104,9750,2015,0.0,105607.0,0.457042,1.324908,SRB,IND,902190
10554173,206,104,9750,2015,0.0,1838.0,1.287133,0.7900560000000001,SVK,IND,902190
10554174,207,104,9750,2015,0.0,8268.0,1.6089879999999999,0.833616,SVN,IND,902190
10554175,208,104,9750,2015,199259.0,46578.0,1.8068349999999997,0.693389,SWE,IND,902190
10554176,209,104,9750,2015,3485.0,0.0,0.257467,-0.402491,SWZ,IND,902190
10554177,216,104,9750,2015,133211.0,234936.0,0.965888,1.368572,THA,IND,902190
10554178,222,104,9750,2015,0.0,16706.0,-0.462837,-1.117621,TTO,IND,902190
10554179,224,104,9750,2015,24332.0,122015.0,0.438669,2.519632,TUR,IND,902190
10554180,226,104,9750,2015,0.0,21247.0,-1.02395,-0.017509999999999998,TZA,IND,902190
10554181,227,104,9750,2015,0.0,9932.0,-0.611023,0.078961,UGA,IND,902190
10554182,228,104,9750,2015,0.0,301391.0,0.429879,0.701813,UKR,IND,902190
10554183,230,104,9750,2015,0.0,1973.0,0.273876,-0.363695,URY,IND,902190
10554184,231,104,9750,2015,7371412.0,1777350.0,1.720478,-0.129322,USA,IND,902190
10554185,239,104,9750,2015,119519.0,47954.0,-0.17108900000000002,1.10995,VNM,IND,902190
10554186,243,104,9750,2015,0.0,2074.0,-1.048632,-1.10843,YEM,IND,902190
10554187,246,104,9750,2015,35368.0,39445.0,0.24944699999999997,1.7573159999999999,ZAF,IND,902190
10554188,247,104,9750,2015,0.0,5205.0,-0.44792,-0.769586,ZMB,IND,902190
10554189,248,104,9750,2015,0.0,22079.0,-0.838017,-0.9400270000000001,ZWE,IND,902190
10554190,249,104,9750,2015,137232.0,11187.0,1.962832,1.214982,TWN,IND,902190
10554191,250,104,9750,2015,0.0,2265.0,0.377283,-0.092204,ANS,IND,902190
10554192,8,110,9750,2015,0.0,155990.0,0.116896,0.30330999999999997,ARG,ISR,902190
10554193,9,110,9750,2015,0.0,6411.0,0.037579,-0.42448800000000003,ARM,ISR,902190
10554194,14,110,9750,2015,2413.0,66545.0,-0.292325,-0.043489,AUS,ISR,902190
10554195,15,110,9750,2015,1032800.0,118030.0,1.747098,-0.08026699999999999,AUT,ISR,902190
10554196,16,110,9750,2015,0.0,2634.0,-0.983347,-1.231542,AZE,ISR,902190
10554197,18,110,9750,2015,3583812.0,2536859.0,1.329866,1.100641,BEL,ISR,902190
10554198,23,110,9750,2015,0.0,4129.0,0.45640699999999995,1.691455,BGR,ISR,902190
10554199,28,110,9750,2015,0.0,183888.0,0.672499,0.5584020000000001,BLR,ISR,902190
10554200,31,110,9750,2015,0.0,44487.0,-1.051562,-1.067714,BOL,ISR,902190
10554201,32,110,9750,2015,125257.0,113205.0,0.23656799999999997,0.688607,BRA,ISR,902190
10554202,39,110,9750,2015,81306.0,134076.0,0.695867,1.171676,CAN,ISR,902190
10554203,41,110,9750,2015,2828166.0,491740.0,2.306075,0.720781,CHE,ISR,902190
10554204,42,110,9750,2015,0.0,59533.0,-0.356167,-0.47629399999999994,CHL,ISR,902190
10554205,43,110,9750,2015,88164.0,381840.0,1.077143,1.735757,CHN,ISR,902190
10554206,49,110,9750,2015,0.0,315262.0,0.156383,-0.183055,COL,ISR,902190
10554207,52,110,9750,2015,0.0,15965.0,0.24859699999999998,-0.033143,CRI,ISR,902190
10554208,55,110,9750,2015,0.0,77000.0,0.296267,-0.6313350000000001,CUW,ISR,902190
10554209,58,110,9750,2015,0.0,18508.0,0.511225,-0.207261,CYP,ISR,902190
10554210,59,110,9750,2015,16842.0,58376.0,1.743012,0.45424,CZE,ISR,902190
10554211,61,110,9750,2015,14989508.0,3260973.0,2.203818,-2.307561,DEU,ISR,902190
10554212,64,110,9750,2015,2977940.0,22491.0,1.157924,1.2045629999999998,DNK,ISR,902190
10554213,65,110,9750,2015,0.0,215181.0,-0.212808,0.395873,DOM,ISR,902190
10554214,67,110,9750,2015,0.0,59496.0,-0.9845959999999999,-1.075639,ECU,ISR,902190
10554215,71,110,9750,2015,135989.0,346002.0,0.8173590000000001,2.442556,ESP,ISR,902190
10554216,74,110,9750,2015,8140.0,17933.0,1.597817,0.998059,FIN,ISR,902190
10554217,77,110,9750,2015,314332.0,277036.0,1.479792,0.6490239999999999,FRA,ISR,902190
10554218,81,110,9750,2015,990713.0,91845.0,1.7422990000000003,0.75838,GBR,ISR,902190
10554219,82,110,9750,2015,0.0,59742.0,-0.343663,-0.588017,GEO,ISR,902190
10554220,89,110,9750,2015,0.0,65000.0,-1.585577,-0.9044979999999999,GNQ,ISR,902190
10554221,90,110,9750,2015,0.0,59182.0,0.099027,1.012289,GRC,ISR,902190
10554222,97,110,9750,2015,145600.0,63949.0,0.8255290000000001,1.8017279999999998,HKG,ISR,902190
10554223,99,110,9750,2015,0.0,1843.0,-0.578635,-0.292053,HND,ISR,902190
10554224,100,110,9750,2015,0.0,27493.0,0.7590140000000001,1.257415,HRV,ISR,902190
10554225,102,110,9750,2015,8164.0,13764.0,1.462839,0.803258,HUN,ISR,902190
10554226,104,110,9750,2015,42169.0,521083.0,0.24230900000000002,2.8190880000000003,IND,ISR,902190
10554227,106,110,9750,2015,902618.0,949.0,1.304942,0.126431,IRL,ISR,902190
10554228,111,110,9750,2015,537343.0,537696.0,1.321127,0.747046,ITA,ISR,902190
10554229,112,110,9750,2015,0.0,46133.0,-0.438267,-0.828097,JAM,ISR,902190
10554230,114,110,9750,2015,1877.0,705174.0,2.516133,-0.484202,JPN,ISR,902190
10554231,115,110,9750,2015,0.0,189861.0,-0.45091499999999995,-0.652026,KAZ,ISR,902190
10554232,121,110,9750,2015,136963.0,74070.0,1.900653,0.859406,KOR,ISR,902190
10554233,128,110,9750,2015,0.0,142094.0,-0.6773399999999999,0.386343,LKA,ISR,902190
10554234,130,110,9750,2015,4692.0,3463.0,0.749429,1.3659860000000001,LTU,ISR,902190
10554235,132,110,9750,2015,0.0,17288.0,0.602209,1.125357,LVA,ISR,902190
10554236,135,110,9750,2015,0.0,61394.0,-0.313837,-0.20393,MDA,ISR,902190
10554237,138,110,9750,2015,6509.0,195883.0,1.169724,0.61457,MEX,ISR,902190
10554238,142,110,9750,2015,0.0,848.0,0.880893,-0.117585,MLT,ISR,902190
10554239,155,110,9750,2015,0.0,2778.0,-0.43457399999999996,-0.665655,NAM,ISR,902190
10554240,160,110,9750,2015,0.0,6274.0,-1.102989,-0.952276,NIC,ISR,902190
10554241,162,110,9750,2015,5060536.0,269846.0,1.230104,1.27344,NLD,ISR,902190
10554242,163,110,9750,2015,0.0,4880.0,0.950708,0.314339,NOR,ISR,902190
10554243,166,110,9750,2015,0.0,8440.0,0.224598,0.253179,NZL,ISR,902190
10554244,169,110,9750,2015,0.0,11957.0,0.642058,0.833392,PAN,ISR,902190
10554245,177,110,9750,2015,31992.0,321360.0,1.145844,1.1449280000000002,POL,ISR,902190
10554246,179,110,9750,2015,12041.0,0.0,0.561922,2.2276380000000002,PRT,ISR,902190
10554247,180,110,9750,2015,0.0,423.0,-0.471106,-0.9431139999999999,PRY,ISR,902190
10554248,185,110,9750,2015,0.0,33453.0,0.946363,1.056775,ROU,ISR,902190
10554249,186,110,9750,2015,0.0,422707.0,0.23119,0.035965,RUS,ISR,902190
10554250,192,110,9750,2015,0.0,224016.0,2.05613,0.593065,SGP,ISR,902190
10554251,197,110,9750,2015,0.0,32175.0,0.05531900000000001,0.169073,SLV,ISR,902190
10554252,201,110,9750,2015,6491.0,3387.0,0.457042,1.324908,SRB,ISR,902190
10554253,206,110,9750,2015,0.0,40953.0,1.287133,0.7900560000000001,SVK,ISR,902190
10554254,207,110,9750,2015,0.0,3679.0,1.6089879999999999,0.833616,SVN,ISR,902190
10554255,208,110,9750,2015,46565.0,138170.0,1.8068349999999997,0.693389,SWE,ISR,902190
10554256,216,110,9750,2015,0.0,26793.0,0.965888,1.368572,THA,ISR,902190
10554257,224,110,9750,2015,25089.0,72638.0,0.438669,2.519632,TUR,ISR,902190
10554258,228,110,9750,2015,0.0,98124.0,0.429879,0.701813,UKR,ISR,902190
10554259,230,110,9750,2015,21382.0,0.0,0.273876,-0.363695,URY,ISR,902190
10554260,231,110,9750,2015,1718146.0,6804520.0,1.720478,-0.129322,USA,ISR,902190
10554261,236,110,9750,2015,0.0,9000.0,-0.9249129999999999,-1.1877280000000001,VEN,ISR,902190
10554262,239,110,9750,2015,36872.0,113113.0,-0.17108900000000002,1.10995,VNM,ISR,902190
10554263,246,110,9750,2015,11037.0,172361.0,0.24944699999999997,1.7573159999999999,ZAF,ISR,902190
10554264,249,110,9750,2015,60571.0,172852.0,1.962832,1.214982,TWN,ISR,902190
10554265,250,110,9750,2015,0.0,13000.0,0.377283,-0.092204,ANS,ISR,902190
10554266,4,111,9750,2015,0.0,18935.0,-0.601875,-0.27003,ALB,ITA,902190
10554267,7,111,9750,2015,0.0,40578.0,0.21779600000000002,-0.0047420000000000006,ARE,ITA,902190
10554268,8,111,9750,2015,0.0,454945.0,0.116896,0.30330999999999997,ARG,ITA,902190
10554269,9,111,9750,2015,0.0,75201.0,0.037579,-0.42448800000000003,ARM,ITA,902190
10554270,14,111,9750,2015,46106.0,1284673.0,-0.292325,-0.043489,AUS,ITA,902190
10554271,15,111,9750,2015,5646528.0,1259329.0,1.747098,-0.08026699999999999,AUT,ITA,902190
10554272,16,111,9750,2015,0.0,5941.0,-0.983347,-1.231542,AZE,ITA,902190
10554273,18,111,9750,2015,64555396.0,3430197.0,1.329866,1.100641,BEL,ITA,902190
10554274,21,111,9750,2015,0.0,181041.0,-1.085359,-1.034365,BFA,ITA,902190
10554275,22,111,9750,2015,0.0,68626.0,-1.088465,-0.8745360000000001,BGD,ITA,902190
10554276,23,111,9750,2015,114837.0,139759.0,0.45640699999999995,1.691455,BGR,ITA,902190
10554277,24,111,9750,2015,0.0,2258.0,0.36650900000000003,-0.28735,BHR,ITA,902190
10554278,26,111,9750,2015,0.0,18330.0,0.355903,0.723092,BIH,ITA,902190
10554279,28,111,9750,2015,0.0,20341.0,0.672499,0.5584020000000001,BLR,ITA,902190
10554280,32,111,9750,2015,62447.0,263120.0,0.23656799999999997,0.688607,BRA,ITA,902190
10554281,33,111,9750,2015,7486.0,0.0,0.453689,0.039237,BRB,ITA,902190
10554282,37,111,9750,2015,0.0,881.0,-0.14164200000000002,-1.0372059999999999,BWA,ITA,902190
10554283,39,111,9750,2015,293573.0,4034702.0,0.695867,1.171676,CAN,ITA,902190
10554284,41,111,9750,2015,4515086.0,3423091.0,2.306075,0.720781,CHE,ITA,902190
10554285,42,111,9750,2015,0.0,104030.0,-0.356167,-0.47629399999999994,CHL,ITA,902190
10554286,43,111,9750,2015,2649423.0,523977.0,1.077143,1.735757,CHN,ITA,902190
10554287,44,111,9750,2015,0.0,13326.0,-0.856142,-0.905292,CIV,ITA,902190
10554288,49,111,9750,2015,0.0,194514.0,0.156383,-0.183055,COL,ITA,902190
10554289,51,111,9750,2015,0.0,904.0,-0.263621,-0.772158,CPV,ITA,902190
10554290,52,111,9750,2015,1075.0,56434.0,0.24859699999999998,-0.033143,CRI,ITA,902190
10554291,54,111,9750,2015,0.0,38019.0,-0.694839,-1.093439,CUB,ITA,902190
10554292,58,111,9750,2015,0.0,32145.0,0.511225,-0.207261,CYP,ITA,902190
10554293,59,111,9750,2015,464699.0,947808.0,1.743012,0.45424,CZE,ITA,902190
10554294,61,111,9750,2015,83184776.0,7030242.0,2.203818,-2.307561,DEU,ITA,902190
10554295,64,111,9750,2015,1219979.0,177808.0,1.157924,1.2045629999999998,DNK,ITA,902190
10554296,65,111,9750,2015,0.0,52640.0,-0.212808,0.395873,DOM,ITA,902190
10554297,66,111,9750,2015,0.0,44072.0,-1.54346,-1.255633,DZA,ITA,902190
10554298,67,111,9750,2015,0.0,119923.0,-0.9845959999999999,-1.075639,ECU,ITA,902190
10554299,68,111,9750,2015,17012.0,3530148.0,-0.183053,1.765036,EGY,ITA,902190
10554300,71,111,9750,2015,1025651.0,3421710.0,0.8173590000000001,2.442556,ESP,ITA,902190
10554301,72,111,9750,2015,0.0,39539.0,0.9281149999999999,1.1780389999999998,EST,ITA,902190
10554302,74,111,9750,2015,7567.0,20903.0,1.597817,0.998059,FIN,ITA,902190
10554303,77,111,9750,2015,36808048.0,8170170.0,1.479792,0.6490239999999999,FRA,ITA,902190
10554304,81,111,9750,2015,19874938.0,4194228.0,1.7422990000000003,0.75838,GBR,ITA,902190
10554305,82,111,9750,2015,0.0,99154.0,-0.343663,-0.588017,GEO,ITA,902190
10554306,90,111,9750,2015,13205.0,253909.0,0.099027,1.012289,GRC,ITA,902190
10554307,93,111,9750,2015,0.0,7627.0,-0.284403,0.525564,GTM,ITA,902190
10554308,97,111,9750,2015,0.0,258599.0,0.8255290000000001,1.8017279999999998,HKG,ITA,902190
10554309,100,111,9750,2015,35172.0,361052.0,0.7590140000000001,1.257415,HRV,ITA,902190
10554310,102,111,9750,2015,267487.0,272047.0,1.462839,0.803258,HUN,ITA,902190
10554311,103,111,9750,2015,0.0,706123.0,-0.145103,1.277362,IDN,ITA,902190
10554312,104,111,9750,2015,320662.0,33468.0,0.24230900000000002,2.8190880000000003,IND,ITA,902190
10554313,106,111,9750,2015,345663.0,88848.0,1.304942,0.126431,IRL,ITA,902190
10554314,107,111,9750,2015,0.0,580735.0,-0.258946,-0.0073420000000000004,IRN,ITA,902190
10554315,108,111,9750,2015,0.0,12396.0,-1.465803,-0.912113,IRQ,ITA,902190
10554316,109,111,9750,2015,0.0,3383.0,0.24527600000000002,-0.411616,ISL,ITA,902190
10554317,110,111,9750,2015,537696.0,537343.0,1.260071,0.545545,ISR,ITA,902190
10554318,113,111,9750,2015,0.0,5732.0,0.121172,0.457301,JOR,ITA,902190
10554319,114,111,9750,2015,186672.0,1027214.0,2.516133,-0.484202,JPN,ITA,902190
10554320,115,111,9750,2015,0.0,27915.0,-0.45091499999999995,-0.652026,KAZ,ITA,902190
10554321,117,111,9750,2015,0.0,16434.0,0.02058,0.438692,KGZ,ITA,902190
10554322,121,111,9750,2015,613938.0,19044.0,1.900653,0.859406,KOR,ITA,902190
10554323,122,111,9750,2015,0.0,16754.0,-0.352023,-1.153057,KWT,ITA,902190
10554324,124,111,9750,2015,0.0,110028.0,0.317355,1.330374,LBN,ITA,902190
10554325,126,111,9750,2015,0.0,2165.0,-1.3257219999999998,-1.260453,LBY,ITA,902190
10554326,128,111,9750,2015,0.0,366803.0,-0.6773399999999999,0.386343,LKA,ITA,902190
10554327,130,111,9750,2015,123857.0,72818.0,0.749429,1.3659860000000001,LTU,ITA,902190
10554328,131,111,9750,2015,0.0,55156.0,1.218924,1.247152,LUX,ITA,902190
10554329,132,111,9750,2015,0.0,11573.0,0.602209,1.125357,LVA,ITA,902190
10554330,133,111,9750,2015,0.0,2531.0,0.296288,0.32009499999999996,MAC,ITA,902190
10554331,134,111,9750,2015,0.0,81771.0,-0.7554810000000001,-0.059697,MAR,ITA,902190
10554332,137,111,9750,2015,0.0,18011.0,-0.321571,-0.858751,MDV,ITA,902190
10554333,138,111,9750,2015,4092046.0,373618.0,1.169724,0.61457,MEX,ITA,902190
10554334,140,111,9750,2015,0.0,39862.0,-0.09009600000000001,-0.147359,MKD,ITA,902190
10554335,142,111,9750,2015,0.0,24675.0,0.880893,-0.117585,MLT,ITA,902190
10554336,144,111,9750,2015,0.0,11747.0,-0.048385000000000004,-0.150759,MNE,ITA,902190
10554337,151,111,9750,2015,0.0,1379.0,-0.231762,-0.195051,MUS,ITA,902190
10554338,153,111,9750,2015,429678.0,345511.0,1.082803,0.811615,MYS,ITA,902190
10554339,156,111,9750,2015,0.0,31926.0,-0.727911,-0.844562,NCL,ITA,902190
10554340,159,111,9750,2015,0.0,3134.0,-1.415451,-1.157829,NGA,ITA,902190
10554341,160,111,9750,2015,0.0,14277.0,-1.102989,-0.952276,NIC,ITA,902190
10554342,162,111,9750,2015,60652456.0,3095991.0,1.230104,1.27344,NLD,ITA,902190
10554343,163,111,9750,2015,11364.0,250413.0,0.950708,0.314339,NOR,ITA,902190
10554344,166,111,9750,2015,27033.0,26928.0,0.224598,0.253179,NZL,ITA,902190
10554345,167,111,9750,2015,0.0,23032.0,-0.4699,-1.00451,OMN,ITA,902190
10554346,168,111,9750,2015,0.0,43309.0,-0.7059979999999999,0.73501,PAK,ITA,902190
10554347,169,111,9750,2015,0.0,53604.0,0.642058,0.833392,PAN,ITA,902190
10554348,173,111,9750,2015,0.0,20286.0,-0.6007819999999999,0.32152800000000004,PER,ITA,902190
10554349,174,111,9750,2015,56475.0,0.0,0.6406270000000001,0.45770200000000005,PHL,ITA,902190
10554350,177,111,9750,2015,11025475.0,445566.0,1.145844,1.1449280000000002,POL,ITA,902190
10554351,179,111,9750,2015,19977.0,434865.0,0.561922,2.2276380000000002,PRT,ITA,902190
10554352,180,111,9750,2015,0.0,1494.0,-0.471106,-0.9431139999999999,PRY,ITA,902190
10554353,182,111,9750,2015,0.0,5697.0,-0.301696,-0.795154,PYF,ITA,902190
10554354,183,111,9750,2015,0.0,30661.0,-0.077053,-0.9922719999999999,QAT,ITA,902190
10554355,185,111,9750,2015,27803.0,291136.0,0.946363,1.056775,ROU,ITA,902190
10554356,186,111,9750,2015,3682.0,2310928.0,0.23119,0.035965,RUS,ITA,902190
10554357,187,111,9750,2015,0.0,14746.0,-0.755738,-0.4423,RWA,ITA,902190
10554358,188,111,9750,2015,0.0,214310.0,0.5552520000000001,-0.7263229999999999,SAU,ITA,902190
10554359,192,111,9750,2015,325227.0,451608.0,2.05613,0.593065,SGP,ITA,902190
10554360,197,111,9750,2015,0.0,919.0,0.05531900000000001,0.169073,SLV,ITA,902190
10554361,201,111,9750,2015,42016.0,240437.0,0.457042,1.324908,SRB,ITA,902190
10554362,206,111,9750,2015,1961.0,107245.0,1.287133,0.7900560000000001,SVK,ITA,902190
10554363,207,111,9750,2015,91280.0,642905.0,1.6089879999999999,0.833616,SVN,ITA,902190
10554364,208,111,9750,2015,2449008.0,939173.0,1.8068349999999997,0.693389,SWE,ITA,902190
10554365,212,111,9750,2015,0.0,7360.0,-0.603532,0.313216,SYR,ITA,902190
10554366,216,111,9750,2015,4630.0,25419.0,0.965888,1.368572,THA,ITA,902190
10554367,222,111,9750,2015,0.0,26964.0,-0.462837,-1.117621,TTO,ITA,902190
10554368,223,111,9750,2015,0.0,135081.0,0.140202,0.967591,TUN,ITA,902190
10554369,224,111,9750,2015,50078.0,1346717.0,0.438669,2.519632,TUR,ITA,902190
10554370,226,111,9750,2015,0.0,7683.0,-1.02395,-0.017509999999999998,TZA,ITA,902190
10554371,228,111,9750,2015,55475.0,34540.0,0.429879,0.701813,UKR,ITA,902190
10554372,230,111,9750,2015,66900.0,5967.0,0.273876,-0.363695,URY,ITA,902190
10554373,231,111,9750,2015,20567084.0,5311850.0,1.720478,-0.129322,USA,ITA,902190
10554374,236,111,9750,2015,0.0,183414.0,-0.9249129999999999,-1.1877280000000001,VEN,ITA,902190
10554375,239,111,9750,2015,2108287.0,685678.0,-0.17108900000000002,1.10995,VNM,ITA,902190
10554376,243,111,9750,2015,0.0,6518.0,-1.048632,-1.10843,YEM,ITA,902190
10554377,246,111,9750,2015,56430.0,235052.0,0.24944699999999997,1.7573159999999999,ZAF,ITA,902190
10554378,249,111,9750,2015,51689.0,125027.0,1.962832,1.214982,TWN,ITA,902190
10554379,39,112,9750,2015,30111.0,0.0,0.695867,1.171676,CAN,JAM,902190
10554380,43,112,9750,2015,9684.0,0.0,1.077143,1.735757,CHN,JAM,902190
10554381,61,112,9750,2015,4788.0,0.0,2.203818,-2.307561,DEU,JAM,902190
10554382,64,112,9750,2015,47390.0,0.0,1.157924,1.2045629999999998,DNK,JAM,902190
10554383,77,112,9750,2015,2532.0,0.0,1.479792,0.6490239999999999,FRA,JAM,902190
10554384,81,112,9750,2015,2818.0,0.0,1.7422990000000003,0.75838,GBR,JAM,902190
10554385,104,112,9750,2015,32674.0,0.0,0.24230900000000002,2.8190880000000003,IND,JAM,902190
10554386,106,112,9750,2015,13635.0,0.0,1.304942,0.126431,IRL,JAM,902190
10554387,110,112,9750,2015,46133.0,0.0,1.260071,0.545545,ISR,JAM,902190
10554388,162,112,9750,2015,24362.0,7737.0,1.230104,1.27344,NLD,JAM,902190
10554389,169,112,9750,2015,2198.0,0.0,0.642058,0.833392,PAN,JAM,902190
10554390,222,112,9750,2015,4694.0,6445.0,-0.462837,-1.117621,TTO,JAM,902190
10554391,231,112,9750,2015,861853.0,392109.0,1.720478,-0.129322,USA,JAM,902190
10554392,249,112,9750,2015,10428.0,0.0,1.962832,1.214982,TWN,JAM,902190
10554393,8,113,9750,2015,41937.0,0.0,0.116896,0.30330999999999997,ARG,JOR,902190
10554394,14,113,9750,2015,29945.0,0.0,-0.292325,-0.043489,AUS,JOR,902190
10554395,15,113,9750,2015,1875402.0,4637.0,1.747098,-0.08026699999999999,AUT,JOR,902190
10554396,18,113,9750,2015,347755.0,1203.0,1.329866,1.100641,BEL,JOR,902190
10554397,32,113,9750,2015,21638.0,0.0,0.23656799999999997,0.688607,BRA,JOR,902190
10554398,41,113,9750,2015,180460.0,0.0,2.306075,0.720781,CHE,JOR,902190
10554399,43,113,9750,2015,41133.0,0.0,1.077143,1.735757,CHN,JOR,902190
10554400,59,113,9750,2015,3598.0,0.0,1.743012,0.45424,CZE,JOR,902190
10554401,61,113,9750,2015,498856.0,1351.0,2.203818,-2.307561,DEU,JOR,902190
10554402,64,113,9750,2015,229923.0,0.0,1.157924,1.2045629999999998,DNK,JOR,902190
10554403,68,113,9750,2015,3829.0,0.0,-0.183053,1.765036,EGY,JOR,902190
10554404,71,113,9750,2015,2118.0,0.0,0.8173590000000001,2.442556,ESP,JOR,902190
10554405,74,113,9750,2015,5406.0,0.0,1.597817,0.998059,FIN,JOR,902190
10554406,77,113,9750,2015,179757.0,0.0,1.479792,0.6490239999999999,FRA,JOR,902190
10554407,81,113,9750,2015,301942.0,0.0,1.7422990000000003,0.75838,GBR,JOR,902190
10554408,102,113,9750,2015,37474.0,0.0,1.462839,0.803258,HUN,JOR,902190
10554409,104,113,9750,2015,26351.0,0.0,0.24230900000000002,2.8190880000000003,IND,JOR,902190
10554410,106,113,9750,2015,664615.0,0.0,1.304942,0.126431,IRL,JOR,902190
10554411,108,113,9750,2015,0.0,35634.0,-1.465803,-0.912113,IRQ,JOR,902190
10554412,111,113,9750,2015,5732.0,0.0,1.321127,0.747046,ITA,JOR,902190
10554413,114,113,9750,2015,26281.0,0.0,2.516133,-0.484202,JPN,JOR,902190
10554414,121,113,9750,2015,78027.0,0.0,1.900653,0.859406,KOR,JOR,902190
10554415,138,113,9750,2015,5447.0,0.0,1.169724,0.61457,MEX,JOR,902190
10554416,162,113,9750,2015,5726246.0,1384.0,1.230104,1.27344,NLD,JOR,902190
10554417,163,113,9750,2015,5278.0,0.0,0.950708,0.314339,NOR,JOR,902190
10554418,168,113,9750,2015,2744.0,0.0,-0.7059979999999999,0.73501,PAK,JOR,902190
10554419,208,113,9750,2015,121335.0,0.0,1.8068349999999997,0.693389,SWE,JOR,902190
10554420,223,113,9750,2015,0.0,5480.0,0.140202,0.967591,TUN,JOR,902190
10554421,224,113,9750,2015,73535.0,0.0,0.438669,2.519632,TUR,JOR,902190
10554422,231,113,9750,2015,295043.0,0.0,1.720478,-0.129322,USA,JOR,902190
10554423,243,113,9750,2015,0.0,45081.0,-1.048632,-1.10843,YEM,JOR,902190
10554424,249,113,9750,2015,54968.0,0.0,1.962832,1.214982,TWN,JOR,902190
10554425,250,113,9750,2015,0.0,5946.0,0.377283,-0.092204,ANS,JOR,902190
10554426,7,114,9750,2015,1873.0,0.0,0.21779600000000002,-0.0047420000000000006,ARE,JPN,902190
10554427,8,114,9750,2015,0.0,39818.0,0.116896,0.30330999999999997,ARG,JPN,902190
10554428,9,114,9750,2015,0.0,82313.0,0.037579,-0.42448800000000003,ARM,JPN,902190
10554429,14,114,9750,2015,8534457.0,132797.0,-0.292325,-0.043489,AUS,JPN,902190
10554430,15,114,9750,2015,5839165.0,357611.0,1.747098,-0.08026699999999999,AUT,JPN,902190
10554431,16,114,9750,2015,0.0,2058.0,-0.983347,-1.231542,AZE,JPN,902190
10554432,18,114,9750,2015,13246326.0,389328.0,1.329866,1.100641,BEL,JPN,902190
10554433,23,114,9750,2015,1001.0,5160.0,0.45640699999999995,1.691455,BGR,JPN,902190
10554434,26,114,9750,2015,0.0,4595.0,0.355903,0.723092,BIH,JPN,902190
10554435,28,114,9750,2015,0.0,52840.0,0.672499,0.5584020000000001,BLR,JPN,902190
10554436,32,114,9750,2015,0.0,332429.0,0.23656799999999997,0.688607,BRA,JPN,902190
10554437,39,114,9750,2015,80783.0,649232.0,0.695867,1.171676,CAN,JPN,902190
10554438,41,114,9750,2015,43806600.0,188639.0,2.306075,0.720781,CHE,JPN,902190
10554439,42,114,9750,2015,0.0,19585.0,-0.356167,-0.47629399999999994,CHL,JPN,902190
10554440,43,114,9750,2015,4108155.0,1448230.0,1.077143,1.735757,CHN,JPN,902190
10554441,44,114,9750,2015,0.0,5575.0,-0.856142,-0.905292,CIV,JPN,902190
10554442,49,114,9750,2015,0.0,900204.0,0.156383,-0.183055,COL,JPN,902190
10554443,52,114,9750,2015,8158382.0,0.0,0.24859699999999998,-0.033143,CRI,JPN,902190
10554444,54,114,9750,2015,0.0,65856.0,-0.694839,-1.093439,CUB,JPN,902190
10554445,58,114,9750,2015,0.0,48619.0,0.511225,-0.207261,CYP,JPN,902190
10554446,59,114,9750,2015,148241.0,21540.0,1.743012,0.45424,CZE,JPN,902190
10554447,61,114,9750,2015,16135930.0,1845758.0,2.203818,-2.307561,DEU,JPN,902190
10554448,64,114,9750,2015,6340916.0,17899.0,1.157924,1.2045629999999998,DNK,JPN,902190
10554449,65,114,9750,2015,1877.0,9226.0,-0.212808,0.395873,DOM,JPN,902190
10554450,66,114,9750,2015,0.0,3154.0,-1.54346,-1.255633,DZA,JPN,902190
10554451,68,114,9750,2015,0.0,188259.0,-0.183053,1.765036,EGY,JPN,902190
10554452,71,114,9750,2015,142484.0,43888.0,0.8173590000000001,2.442556,ESP,JPN,902190
10554453,72,114,9750,2015,720315.0,2831.0,0.9281149999999999,1.1780389999999998,EST,JPN,902190
10554454,73,114,9750,2015,0.0,1629.0,-1.004896,-0.721019,ETH,JPN,902190
10554455,74,114,9750,2015,14931.0,16681.0,1.597817,0.998059,FIN,JPN,902190
10554456,77,114,9750,2015,1195156.0,693460.0,1.479792,0.6490239999999999,FRA,JPN,902190
10554457,81,114,9750,2015,5067844.0,234997.0,1.7422990000000003,0.75838,GBR,JPN,902190
10554458,90,114,9750,2015,0.0,2011.0,0.099027,1.012289,GRC,JPN,902190
10554459,97,114,9750,2015,7595.0,154400.0,0.8255290000000001,1.8017279999999998,HKG,JPN,902190
10554460,103,114,9750,2015,45562.0,1889.0,-0.145103,1.277362,IDN,JPN,902190
10554461,104,114,9750,2015,47603.0,23053.0,0.24230900000000002,2.8190880000000003,IND,JPN,902190
10554462,106,114,9750,2015,127223400.0,97108.0,1.304942,0.126431,IRL,JPN,902190
10554463,107,114,9750,2015,0.0,7479.0,-0.258946,-0.0073420000000000004,IRN,JPN,902190
10554464,109,114,9750,2015,0.0,9442.0,0.24527600000000002,-0.411616,ISL,JPN,902190
10554465,110,114,9750,2015,705174.0,1877.0,1.260071,0.545545,ISR,JPN,902190
10554466,111,114,9750,2015,1027214.0,186672.0,1.321127,0.747046,ITA,JPN,902190
10554467,113,114,9750,2015,0.0,26281.0,0.121172,0.457301,JOR,JPN,902190
10554468,115,114,9750,2015,0.0,460591.0,-0.45091499999999995,-0.652026,KAZ,JPN,902190
10554469,118,114,9750,2015,0.0,19149.0,-0.791985,-0.833046,KHM,JPN,902190
10554470,119,114,9750,2015,0.0,1781.0,-0.257871,-0.858136,KIR,JPN,902190
10554471,121,114,9750,2015,15453691.0,477118.0,1.900653,0.859406,KOR,JPN,902190
10554472,122,114,9750,2015,0.0,15246.0,-0.352023,-1.153057,KWT,JPN,902190
10554473,128,114,9750,2015,0.0,194885.0,-0.6773399999999999,0.386343,LKA,JPN,902190
10554474,138,114,9750,2015,17868478.0,159227.0,1.169724,0.61457,MEX,JPN,902190
10554475,153,114,9750,2015,22385988.0,186478.0,1.082803,0.811615,MYS,JPN,902190
10554476,160,114,9750,2015,0.0,8102.0,-1.102989,-0.952276,NIC,JPN,902190
10554477,162,114,9750,2015,19323046.0,92833.0,1.230104,1.27344,NLD,JPN,902190
10554478,163,114,9750,2015,10704.0,39494.0,0.950708,0.314339,NOR,JPN,902190
10554479,166,114,9750,2015,34925.0,3953.0,0.224598,0.253179,NZL,JPN,902190
10554480,167,114,9750,2015,0.0,10572.0,-0.4699,-1.00451,OMN,JPN,902190
10554481,168,114,9750,2015,0.0,4593.0,-0.7059979999999999,0.73501,PAK,JPN,902190
10554482,173,114,9750,2015,0.0,31716.0,-0.6007819999999999,0.32152800000000004,PER,JPN,902190
10554483,174,114,9750,2015,138840.0,89228.0,0.6406270000000001,0.45770200000000005,PHL,JPN,902190
10554484,177,114,9750,2015,554013.0,12815.0,1.145844,1.1449280000000002,POL,JPN,902190
10554485,180,114,9750,2015,0.0,79907.0,-0.471106,-0.9431139999999999,PRY,JPN,902190
10554486,182,114,9750,2015,0.0,1598.0,-0.301696,-0.795154,PYF,JPN,902190
10554487,185,114,9750,2015,64315.0,0.0,0.946363,1.056775,ROU,JPN,902190
10554488,186,114,9750,2015,0.0,763276.0,0.23119,0.035965,RUS,JPN,902190
10554489,188,114,9750,2015,0.0,16933.0,0.5552520000000001,-0.7263229999999999,SAU,JPN,902190
10554490,192,114,9750,2015,7828594.0,310264.0,2.05613,0.593065,SGP,JPN,902190
10554491,197,114,9750,2015,0.0,5907.0,0.05531900000000001,0.169073,SLV,JPN,902190
10554492,201,114,9750,2015,0.0,309.0,0.457042,1.324908,SRB,JPN,902190
10554493,206,114,9750,2015,0.0,26600.0,1.287133,0.7900560000000001,SVK,JPN,902190
10554494,207,114,9750,2015,0.0,2835.0,1.6089879999999999,0.833616,SVN,JPN,902190
10554495,208,114,9750,2015,1267785.0,162007.0,1.8068349999999997,0.693389,SWE,JPN,902190
10554496,216,114,9750,2015,4004.0,15859.0,0.965888,1.368572,THA,JPN,902190
10554497,224,114,9750,2015,0.0,9740.0,0.438669,2.519632,TUR,JPN,902190
10554498,228,114,9750,2015,0.0,409372.0,0.429879,0.701813,UKR,JPN,902190
10554499,231,114,9750,2015,77964128.0,1507600.0,1.720478,-0.129322,USA,JPN,902190
10554500,239,114,9750,2015,2286452.0,7753.0,-0.17108900000000002,1.10995,VNM,JPN,902190
10554501,246,114,9750,2015,0.0,9107.0,0.24944699999999997,1.7573159999999999,ZAF,JPN,902190
10554502,249,114,9750,2015,1250363.0,88239.0,1.962832,1.214982,TWN,JPN,902190
10554503,7,121,9750,2015,1987.0,214766.0,0.21779600000000002,-0.0047420000000000006,ARE,KOR,902190
10554504,8,121,9750,2015,36004.0,127667.0,0.116896,0.30330999999999997,ARG,KOR,902190
10554505,9,121,9750,2015,0.0,1639.0,0.037579,-0.42448800000000003,ARM,KOR,902190
10554506,14,121,9750,2015,9072614.0,652336.0,-0.292325,-0.043489,AUS,KOR,902190
10554507,15,121,9750,2015,4041115.0,759658.0,1.747098,-0.08026699999999999,AUT,KOR,902190
10554508,16,121,9750,2015,0.0,21792.0,-0.983347,-1.231542,AZE,KOR,902190
10554509,18,121,9750,2015,2636013.0,719768.0,1.329866,1.100641,BEL,KOR,902190
10554510,19,121,9750,2015,0.0,7282.0,-0.5641470000000001,-0.8971020000000001,BEN,KOR,902190
10554511,23,121,9750,2015,5676.0,27684.0,0.45640699999999995,1.691455,BGR,KOR,902190
10554512,24,121,9750,2015,0.0,9895.0,0.36650900000000003,-0.28735,BHR,KOR,902190
10554513,28,121,9750,2015,0.0,1592.0,0.672499,0.5584020000000001,BLR,KOR,902190
10554514,31,121,9750,2015,0.0,38381.0,-1.051562,-1.067714,BOL,KOR,902190
10554515,32,121,9750,2015,1828328.0,1982691.0,0.23656799999999997,0.688607,BRA,KOR,902190
10554516,33,121,9750,2015,26292.0,0.0,0.453689,0.039237,BRB,KOR,902190
10554517,39,121,9750,2015,23499.0,600526.0,0.695867,1.171676,CAN,KOR,902190
10554518,41,121,9750,2015,19413458.0,807618.0,2.306075,0.720781,CHE,KOR,902190
10554519,42,121,9750,2015,1495.0,551199.0,-0.356167,-0.47629399999999994,CHL,KOR,902190
10554520,43,121,9750,2015,1499430.0,5851226.0,1.077143,1.735757,CHN,KOR,902190
10554521,49,121,9750,2015,0.0,808224.0,0.156383,-0.183055,COL,KOR,902190
10554522,52,121,9750,2015,1783107.0,0.0,0.24859699999999998,-0.033143,CRI,KOR,902190
10554523,58,121,9750,2015,0.0,4544.0,0.511225,-0.207261,CYP,KOR,902190
10554524,59,121,9750,2015,19120.0,275787.0,1.743012,0.45424,CZE,KOR,902190
10554525,61,121,9750,2015,28407328.0,4156497.0,2.203818,-2.307561,DEU,KOR,902190
10554526,64,121,9750,2015,1737558.0,167436.0,1.157924,1.2045629999999998,DNK,KOR,902190
10554527,65,121,9750,2015,10209.0,12203.0,-0.212808,0.395873,DOM,KOR,902190
10554528,66,121,9750,2015,0.0,1352.0,-1.54346,-1.255633,DZA,KOR,902190
10554529,67,121,9750,2015,0.0,114289.0,-0.9845959999999999,-1.075639,ECU,KOR,902190
10554530,68,121,9750,2015,2791.0,559322.0,-0.183053,1.765036,EGY,KOR,902190
10554531,71,121,9750,2015,64866.0,508056.0,0.8173590000000001,2.442556,ESP,KOR,902190
10554532,72,121,9750,2015,0.0,67001.0,0.9281149999999999,1.1780389999999998,EST,KOR,902190
10554533,73,121,9750,2015,0.0,7098.0,-1.004896,-0.721019,ETH,KOR,902190
10554534,74,121,9750,2015,226582.0,29746.0,1.597817,0.998059,FIN,KOR,902190
10554535,77,121,9750,2015,2207710.0,4854896.0,1.479792,0.6490239999999999,FRA,KOR,902190
10554536,81,121,9750,2015,1204702.0,2759012.0,1.7422990000000003,0.75838,GBR,KOR,902190
10554537,82,121,9750,2015,0.0,35347.0,-0.343663,-0.588017,GEO,KOR,902190
10554538,90,121,9750,2015,7387.0,24098.0,0.099027,1.012289,GRC,KOR,902190
10554539,93,121,9750,2015,0.0,216319.0,-0.284403,0.525564,GTM,KOR,902190
10554540,95,121,9750,2015,0.0,29244.0,0.658226,0.030897000000000004,GUM,KOR,902190
10554541,97,121,9750,2015,940274.0,2605970.0,0.8255290000000001,1.8017279999999998,HKG,KOR,902190
10554542,99,121,9750,2015,0.0,7378.0,-0.578635,-0.292053,HND,KOR,902190
10554543,100,121,9750,2015,878.0,47701.0,0.7590140000000001,1.257415,HRV,KOR,902190
10554544,102,121,9750,2015,0.0,113628.0,1.462839,0.803258,HUN,KOR,902190
10554545,103,121,9750,2015,3642.0,398615.0,-0.145103,1.277362,IDN,KOR,902190
10554546,104,121,9750,2015,14900.0,1810675.0,0.24230900000000002,2.8190880000000003,IND,KOR,902190
10554547,106,121,9750,2015,30921006.0,233259.0,1.304942,0.126431,IRL,KOR,902190
10554548,107,121,9750,2015,7495.0,2529605.0,-0.258946,-0.0073420000000000004,IRN,KOR,902190
10554549,108,121,9750,2015,0.0,56104.0,-1.465803,-0.912113,IRQ,KOR,902190
10554550,109,121,9750,2015,190837.0,0.0,0.24527600000000002,-0.411616,ISL,KOR,902190
10554551,110,121,9750,2015,74070.0,136963.0,1.260071,0.545545,ISR,KOR,902190
10554552,111,121,9750,2015,19044.0,613938.0,1.321127,0.747046,ITA,KOR,902190
10554553,113,121,9750,2015,0.0,78027.0,0.121172,0.457301,JOR,KOR,902190
10554554,114,121,9750,2015,477118.0,15453691.0,2.516133,-0.484202,JPN,KOR,902190
10554555,115,121,9750,2015,0.0,98609.0,-0.45091499999999995,-0.652026,KAZ,KOR,902190
10554556,116,121,9750,2015,0.0,1973.0,-0.453564,0.433325,KEN,KOR,902190
10554557,117,121,9750,2015,0.0,3007.0,0.02058,0.438692,KGZ,KOR,902190
10554558,122,121,9750,2015,0.0,61989.0,-0.352023,-1.153057,KWT,KOR,902190
10554559,124,121,9750,2015,0.0,157730.0,0.317355,1.330374,LBN,KOR,902190
10554560,128,121,9750,2015,0.0,236125.0,-0.6773399999999999,0.386343,LKA,KOR,902190
10554561,130,121,9750,2015,0.0,136793.0,0.749429,1.3659860000000001,LTU,KOR,902190
10554562,131,121,9750,2015,9549.0,0.0,1.218924,1.247152,LUX,KOR,902190
10554563,134,121,9750,2015,0.0,12479.0,-0.7554810000000001,-0.059697,MAR,KOR,902190
10554564,138,121,9750,2015,1962458.0,600319.0,1.169724,0.61457,MEX,KOR,902190
10554565,143,121,9750,2015,0.0,50472.0,-1.4596120000000001,-0.903904,MMR,KOR,902190
10554566,145,121,9750,2015,5259.0,327911.0,-1.244368,-1.196677,MNG,KOR,902190
10554567,151,121,9750,2015,0.0,818.0,-0.231762,-0.195051,MUS,KOR,902190
10554568,153,121,9750,2015,189670.0,1027066.0,1.082803,0.811615,MYS,KOR,902190
10554569,155,121,9750,2015,0.0,3018.0,-0.43457399999999996,-0.665655,NAM,KOR,902190
10554570,159,121,9750,2015,0.0,12918.0,-1.415451,-1.157829,NGA,KOR,902190
10554571,160,121,9750,2015,0.0,110171.0,-1.102989,-0.952276,NIC,KOR,902190
10554572,162,121,9750,2015,21437904.0,660419.0,1.230104,1.27344,NLD,KOR,902190
10554573,163,121,9750,2015,5887.0,29485.0,0.950708,0.314339,NOR,KOR,902190
10554574,164,121,9750,2015,0.0,128684.0,-0.290416,0.456716,NPL,KOR,902190
10554575,166,121,9750,2015,2206.0,170635.0,0.224598,0.253179,NZL,KOR,902190
10554576,167,121,9750,2015,0.0,4647.0,-0.4699,-1.00451,OMN,KOR,902190
10554577,168,121,9750,2015,4950.0,148391.0,-0.7059979999999999,0.73501,PAK,KOR,902190
10554578,173,121,9750,2015,0.0,139251.0,-0.6007819999999999,0.32152800000000004,PER,KOR,902190
10554579,174,121,9750,2015,50496.0,68038.0,0.6406270000000001,0.45770200000000005,PHL,KOR,902190
10554580,177,121,9750,2015,355561.0,944435.0,1.145844,1.1449280000000002,POL,KOR,902190
10554581,179,121,9750,2015,0.0,198106.0,0.561922,2.2276380000000002,PRT,KOR,902190
10554582,180,121,9750,2015,0.0,68802.0,-0.471106,-0.9431139999999999,PRY,KOR,902190
10554583,182,121,9750,2015,0.0,24522.0,-0.301696,-0.795154,PYF,KOR,902190
10554584,183,121,9750,2015,0.0,64610.0,-0.077053,-0.9922719999999999,QAT,KOR,902190
10554585,185,121,9750,2015,4027.0,32956.0,0.946363,1.056775,ROU,KOR,902190
10554586,186,121,9750,2015,3254.0,2130005.0,0.23119,0.035965,RUS,KOR,902190
10554587,188,121,9750,2015,3309.0,242155.0,0.5552520000000001,-0.7263229999999999,SAU,KOR,902190
10554588,192,121,9750,2015,10655886.0,2336648.0,2.05613,0.593065,SGP,KOR,902190
10554589,197,121,9750,2015,0.0,11604.0,0.05531900000000001,0.169073,SLV,KOR,902190
10554590,201,121,9750,2015,0.0,4600.0,0.457042,1.324908,SRB,KOR,902190
10554591,206,121,9750,2015,920.0,15981.0,1.287133,0.7900560000000001,SVK,KOR,902190
10554592,207,121,9750,2015,0.0,20848.0,1.6089879999999999,0.833616,SVN,KOR,902190
10554593,208,121,9750,2015,118655.0,10707.0,1.8068349999999997,0.693389,SWE,KOR,902190
10554594,212,121,9750,2015,0.0,96654.0,-0.603532,0.313216,SYR,KOR,902190
10554595,216,121,9750,2015,61995.0,2730299.0,0.965888,1.368572,THA,KOR,902190
10554596,223,121,9750,2015,0.0,65360.0,0.140202,0.967591,TUN,KOR,902190
10554597,224,121,9750,2015,94064.0,890189.0,0.438669,2.519632,TUR,KOR,902190
10554598,228,121,9750,2015,18626.0,73275.0,0.429879,0.701813,UKR,KOR,902190
10554599,230,121,9750,2015,0.0,369921.0,0.273876,-0.363695,URY,KOR,902190
10554600,231,121,9750,2015,28072906.0,18674494.0,1.720478,-0.129322,USA,KOR,902190
10554601,232,121,9750,2015,0.0,94598.0,-0.724966,-0.599292,UZB,KOR,902190
10554602,236,121,9750,2015,0.0,1532.0,-0.9249129999999999,-1.1877280000000001,VEN,KOR,902190
10554603,239,121,9750,2015,405968.0,2187732.0,-0.17108900000000002,1.10995,VNM,KOR,902190
10554604,243,121,9750,2015,0.0,4987.0,-1.048632,-1.10843,YEM,KOR,902190
10554605,246,121,9750,2015,30193.0,1317627.0,0.24944699999999997,1.7573159999999999,ZAF,KOR,902190
10554606,248,121,9750,2015,0.0,6905.0,-0.838017,-0.9400270000000001,ZWE,KOR,902190
10554607,249,121,9750,2015,517866.0,1034936.0,1.962832,1.214982,TWN,KOR,902190
10554608,250,121,9750,2015,0.0,7483.0,0.377283,-0.092204,ANS,KOR,902190
10554609,7,122,9750,2015,17111.0,0.0,0.21779600000000002,-0.0047420000000000006,ARE,KWT,902190
10554610,14,122,9750,2015,5138.0,0.0,-0.292325,-0.043489,AUS,KWT,902190
10554611,15,122,9750,2015,117575.0,8045.0,1.747098,-0.08026699999999999,AUT,KWT,902190
10554612,18,122,9750,2015,1663908.0,4825.0,1.329866,1.100641,BEL,KWT,902190
10554613,23,122,9750,2015,1442.0,0.0,0.45640699999999995,1.691455,BGR,KWT,902190
10554614,24,122,9750,2015,55413.0,0.0,0.36650900000000003,-0.28735,BHR,KWT,902190
10554615,41,122,9750,2015,186873.0,0.0,2.306075,0.720781,CHE,KWT,902190
10554616,43,122,9750,2015,63842.0,0.0,1.077143,1.735757,CHN,KWT,902190
10554617,52,122,9750,2015,328294.0,0.0,0.24859699999999998,-0.033143,CRI,KWT,902190
10554618,59,122,9750,2015,19095.0,0.0,1.743012,0.45424,CZE,KWT,902190
10554619,61,122,9750,2015,786855.0,2540.0,2.203818,-2.307561,DEU,KWT,902190
10554620,64,122,9750,2015,150461.0,0.0,1.157924,1.2045629999999998,DNK,KWT,902190
10554621,68,122,9750,2015,90012.0,2690.0,-0.183053,1.765036,EGY,KWT,902190
10554622,71,122,9750,2015,127872.0,0.0,0.8173590000000001,2.442556,ESP,KWT,902190
10554623,77,122,9750,2015,187318.0,0.0,1.479792,0.6490239999999999,FRA,KWT,902190
10554624,81,122,9750,2015,276431.0,0.0,1.7422990000000003,0.75838,GBR,KWT,902190
10554625,102,122,9750,2015,21075.0,0.0,1.462839,0.803258,HUN,KWT,902190
10554626,106,122,9750,2015,761723.0,0.0,1.304942,0.126431,IRL,KWT,902190
10554627,111,122,9750,2015,16754.0,0.0,1.321127,0.747046,ITA,KWT,902190
10554628,114,122,9750,2015,15246.0,0.0,2.516133,-0.484202,JPN,KWT,902190
10554629,121,122,9750,2015,61989.0,0.0,1.900653,0.859406,KOR,KWT,902190
10554630,130,122,9750,2015,3278.0,0.0,0.749429,1.3659860000000001,LTU,KWT,902190
10554631,132,122,9750,2015,2896.0,0.0,0.602209,1.125357,LVA,KWT,902190
10554632,138,122,9750,2015,280530.0,0.0,1.169724,0.61457,MEX,KWT,902190
10554633,153,122,9750,2015,1087.0,0.0,1.082803,0.811615,MYS,KWT,902190
10554634,162,122,9750,2015,5424940.0,260666.0,1.230104,1.27344,NLD,KWT,902190
10554635,163,122,9750,2015,629.0,0.0,0.950708,0.314339,NOR,KWT,902190
10554636,177,122,9750,2015,5333.0,0.0,1.145844,1.1449280000000002,POL,KWT,902190
10554637,183,122,9750,2015,0.0,44698.0,-0.077053,-0.9922719999999999,QAT,KWT,902190
10554638,185,122,9750,2015,1144.0,0.0,0.946363,1.056775,ROU,KWT,902190
10554639,188,122,9750,2015,6712.0,0.0,0.5552520000000001,-0.7263229999999999,SAU,KWT,902190
10554640,192,122,9750,2015,94093.0,0.0,2.05613,0.593065,SGP,KWT,902190
10554641,224,122,9750,2015,17963.0,0.0,0.438669,2.519632,TUR,KWT,902190
10554642,231,122,9750,2015,3033837.0,0.0,1.720478,-0.129322,USA,KWT,902190
10554643,239,122,9750,2015,43137.0,0.0,-0.17108900000000002,1.10995,VNM,KWT,902190
10554644,247,122,9750,2015,3903.0,0.0,-0.44792,-0.769586,ZMB,KWT,902190
10554645,249,122,9750,2015,9665.0,0.0,1.962832,1.214982,TWN,KWT,902190
10554646,7,138,9750,2015,0.0,434126.0,0.21779600000000002,-0.0047420000000000006,ARE,MEX,902190
10554647,8,138,9750,2015,52029.0,203999.0,0.116896,0.30330999999999997,ARG,MEX,902190
10554648,14,138,9750,2015,0.0,6706234.0,-0.292325,-0.043489,AUS,MEX,902190
10554649,15,138,9750,2015,651282.0,502171.0,1.747098,-0.08026699999999999,AUT,MEX,902190
10554650,18,138,9750,2015,600119.0,4721786.0,1.329866,1.100641,BEL,MEX,902190
10554651,24,138,9750,2015,0.0,49484.0,0.36650900000000003,-0.28735,BHR,MEX,902190
10554652,26,138,9750,2015,0.0,3241.0,0.355903,0.723092,BIH,MEX,902190
10554653,28,138,9750,2015,0.0,30611.0,0.672499,0.5584020000000001,BLR,MEX,902190
10554654,31,138,9750,2015,0.0,21311.0,-1.051562,-1.067714,BOL,MEX,902190
10554655,32,138,9750,2015,244665.0,31495.0,0.23656799999999997,0.688607,BRA,MEX,902190
10554656,33,138,9750,2015,1984.0,0.0,0.453689,0.039237,BRB,MEX,902190
10554657,34,138,9750,2015,0.0,997.0,1.093564,-0.679211,BRN,MEX,902190
10554658,39,138,9750,2015,0.0,5158892.0,0.695867,1.171676,CAN,MEX,902190
10554659,41,138,9750,2015,938208.0,579044.0,2.306075,0.720781,CHE,MEX,902190
10554660,42,138,9750,2015,0.0,17616.0,-0.356167,-0.47629399999999994,CHL,MEX,902190
10554661,43,138,9750,2015,1370104.0,13941471.0,1.077143,1.735757,CHN,MEX,902190
10554662,49,138,9750,2015,0.0,125835.0,0.156383,-0.183055,COL,MEX,902190
10554663,52,138,9750,2015,16372077.0,10437.0,0.24859699999999998,-0.033143,CRI,MEX,902190
10554664,59,138,9750,2015,24090.0,97721.0,1.743012,0.45424,CZE,MEX,902190
10554665,61,138,9750,2015,2783066.0,50089084.0,2.203818,-2.307561,DEU,MEX,902190
10554666,64,138,9750,2015,1602704.0,9682.0,1.157924,1.2045629999999998,DNK,MEX,902190
10554667,65,138,9750,2015,0.0,54545.0,-0.212808,0.395873,DOM,MEX,902190
10554668,66,138,9750,2015,0.0,8104.0,-1.54346,-1.255633,DZA,MEX,902190
10554669,67,138,9750,2015,0.0,6352.0,-0.9845959999999999,-1.075639,ECU,MEX,902190
10554670,71,138,9750,2015,209184.0,736482.0,0.8173590000000001,2.442556,ESP,MEX,902190
10554671,72,138,9750,2015,0.0,6553.0,0.9281149999999999,1.1780389999999998,EST,MEX,902190
10554672,74,138,9750,2015,13040.0,95323.0,1.597817,0.998059,FIN,MEX,902190
10554673,77,138,9750,2015,1579710.0,7803218.0,1.479792,0.6490239999999999,FRA,MEX,902190
10554674,81,138,9750,2015,6238.0,2043386.0,1.7422990000000003,0.75838,GBR,MEX,902190
10554675,90,138,9750,2015,0.0,113810.0,0.099027,1.012289,GRC,MEX,902190
10554676,93,138,9750,2015,0.0,23337.0,-0.284403,0.525564,GTM,MEX,902190
10554677,99,138,9750,2015,0.0,9754.0,-0.578635,-0.292053,HND,MEX,902190
10554678,102,138,9750,2015,117262.0,0.0,1.462839,0.803258,HUN,MEX,902190
10554679,103,138,9750,2015,0.0,79718.0,-0.145103,1.277362,IDN,MEX,902190
10554680,104,138,9750,2015,22877.0,62555.0,0.24230900000000002,2.8190880000000003,IND,MEX,902190
10554681,106,138,9750,2015,221168960.0,57075788.0,1.304942,0.126431,IRL,MEX,902190
10554682,107,138,9750,2015,0.0,193332.0,-0.258946,-0.0073420000000000004,IRN,MEX,902190
10554683,109,138,9750,2015,0.0,87.0,0.24527600000000002,-0.411616,ISL,MEX,902190
10554684,110,138,9750,2015,195883.0,6509.0,1.260071,0.545545,ISR,MEX,902190
10554685,111,138,9750,2015,373618.0,4092046.0,1.321127,0.747046,ITA,MEX,902190
10554686,113,138,9750,2015,0.0,5447.0,0.121172,0.457301,JOR,MEX,902190
10554687,114,138,9750,2015,159227.0,17868478.0,2.516133,-0.484202,JPN,MEX,902190
10554688,115,138,9750,2015,0.0,121915.0,-0.45091499999999995,-0.652026,KAZ,MEX,902190
10554689,121,138,9750,2015,600319.0,1962458.0,1.900653,0.859406,KOR,MEX,902190
10554690,122,138,9750,2015,0.0,280530.0,-0.352023,-1.153057,KWT,MEX,902190
10554691,124,138,9750,2015,0.0,127388.0,0.317355,1.330374,LBN,MEX,902190
10554692,131,138,9750,2015,0.0,5622.0,1.218924,1.247152,LUX,MEX,902190
10554693,134,138,9750,2015,0.0,50921.0,-0.7554810000000001,-0.059697,MAR,MEX,902190
10554694,144,138,9750,2015,0.0,4951.0,-0.048385000000000004,-0.150759,MNE,MEX,902190
10554695,151,138,9750,2015,0.0,3126.0,-0.231762,-0.195051,MUS,MEX,902190
10554696,153,138,9750,2015,0.0,2133978.0,1.082803,0.811615,MYS,MEX,902190
10554697,156,138,9750,2015,0.0,82510.0,-0.727911,-0.844562,NCL,MEX,902190
10554698,160,138,9750,2015,0.0,2093.0,-1.102989,-0.952276,NIC,MEX,902190
10554699,162,138,9750,2015,10971884.0,6548775.0,1.230104,1.27344,NLD,MEX,902190
10554700,163,138,9750,2015,0.0,211678.0,0.950708,0.314339,NOR,MEX,902190
10554701,166,138,9750,2015,0.0,251593.0,0.224598,0.253179,NZL,MEX,902190
10554702,167,138,9750,2015,0.0,58778.0,-0.4699,-1.00451,OMN,MEX,902190
10554703,168,138,9750,2015,0.0,242805.0,-0.7059979999999999,0.73501,PAK,MEX,902190
10554704,177,138,9750,2015,468751.0,559600.0,1.145844,1.1449280000000002,POL,MEX,902190
10554705,180,138,9750,2015,0.0,5798.0,-0.471106,-0.9431139999999999,PRY,MEX,902190
10554706,183,138,9750,2015,0.0,45185.0,-0.077053,-0.9922719999999999,QAT,MEX,902190
10554707,185,138,9750,2015,14104.0,0.0,0.946363,1.056775,ROU,MEX,902190
10554708,186,138,9750,2015,0.0,7439391.0,0.23119,0.035965,RUS,MEX,902190
10554709,188,138,9750,2015,0.0,725602.0,0.5552520000000001,-0.7263229999999999,SAU,MEX,902190
10554710,192,138,9750,2015,77865.0,2880038.0,2.05613,0.593065,SGP,MEX,902190
10554711,197,138,9750,2015,0.0,8380.0,0.05531900000000001,0.169073,SLV,MEX,902190
10554712,201,138,9750,2015,0.0,2061.0,0.457042,1.324908,SRB,MEX,902190
10554713,206,138,9750,2015,0.0,18516.0,1.287133,0.7900560000000001,SVK,MEX,902190
10554714,207,138,9750,2015,0.0,34303.0,1.6089879999999999,0.833616,SVN,MEX,902190
10554715,208,138,9750,2015,36550.0,180813.0,1.8068349999999997,0.693389,SWE,MEX,902190
10554716,216,138,9750,2015,0.0,75703.0,0.965888,1.368572,THA,MEX,902190
10554717,223,138,9750,2015,0.0,6594.0,0.140202,0.967591,TUN,MEX,902190
10554718,224,138,9750,2015,0.0,53031.0,0.438669,2.519632,TUR,MEX,902190
10554719,226,138,9750,2015,0.0,2858.0,-1.02395,-0.017509999999999998,TZA,MEX,902190
10554720,228,138,9750,2015,0.0,233247.0,0.429879,0.701813,UKR,MEX,902190
10554721,230,138,9750,2015,0.0,1106.0,0.273876,-0.363695,URY,MEX,902190
10554722,231,138,9750,2015,53424532.0,132276040.0,1.720478,-0.129322,USA,MEX,902190
10554723,239,138,9750,2015,240995.0,317221.0,-0.17108900000000002,1.10995,VNM,MEX,902190
10554724,246,138,9750,2015,0.0,149385.0,0.24944699999999997,1.7573159999999999,ZAF,MEX,902190
10554725,249,138,9750,2015,243180.0,455351.0,1.962832,1.214982,TWN,MEX,902190
10554726,7,153,9750,2015,5367.0,145967.0,0.21779600000000002,-0.0047420000000000006,ARE,MYS,902190
10554727,8,153,9750,2015,0.0,38447.0,0.116896,0.30330999999999997,ARG,MYS,902190
10554728,14,153,9750,2015,797916.0,7445878.0,-0.292325,-0.043489,AUS,MYS,902190
10554729,15,153,9750,2015,375864.0,311395.0,1.747098,-0.08026699999999999,AUT,MYS,902190
10554730,18,153,9750,2015,443472.0,86086024.0,1.329866,1.100641,BEL,MYS,902190
10554731,24,153,9750,2015,0.0,5890.0,0.36650900000000003,-0.28735,BHR,MYS,902190
10554732,28,153,9750,2015,0.0,1086.0,0.672499,0.5584020000000001,BLR,MYS,902190
10554733,32,153,9750,2015,0.0,179409.0,0.23656799999999997,0.688607,BRA,MYS,902190
10554734,34,153,9750,2015,0.0,1282.0,1.093564,-0.679211,BRN,MYS,902190
10554735,39,153,9750,2015,44412.0,626087.0,0.695867,1.171676,CAN,MYS,902190
10554736,41,153,9750,2015,8186808.0,379009.0,2.306075,0.720781,CHE,MYS,902190
10554737,42,153,9750,2015,0.0,1672.0,-0.356167,-0.47629399999999994,CHL,MYS,902190
10554738,43,153,9750,2015,11828206.0,13264619.0,1.077143,1.735757,CHN,MYS,902190
10554739,49,153,9750,2015,0.0,45379.0,0.156383,-0.183055,COL,MYS,902190
10554740,59,153,9750,2015,5384.0,20989.0,1.743012,0.45424,CZE,MYS,902190
10554741,61,153,9750,2015,11855516.0,9863984.0,2.203818,-2.307561,DEU,MYS,902190
10554742,64,153,9750,2015,1395600.0,2188966.0,1.157924,1.2045629999999998,DNK,MYS,902190
10554743,67,153,9750,2015,0.0,6403.0,-0.9845959999999999,-1.075639,ECU,MYS,902190
10554744,71,153,9750,2015,3356.0,2003201.0,0.8173590000000001,2.442556,ESP,MYS,902190
10554745,72,153,9750,2015,0.0,372718.0,0.9281149999999999,1.1780389999999998,EST,MYS,902190
10554746,74,153,9750,2015,0.0,107537.0,1.597817,0.998059,FIN,MYS,902190
10554747,77,153,9750,2015,420260.0,6319090.0,1.479792,0.6490239999999999,FRA,MYS,902190
10554748,81,153,9750,2015,35498.0,40118.0,1.7422990000000003,0.75838,GBR,MYS,902190
10554749,90,153,9750,2015,4603.0,0.0,0.099027,1.012289,GRC,MYS,902190
10554750,93,153,9750,2015,0.0,6213.0,-0.284403,0.525564,GTM,MYS,902190
10554751,97,153,9750,2015,1732440.0,480371.0,0.8255290000000001,1.8017279999999998,HKG,MYS,902190
10554752,103,153,9750,2015,0.0,16376.0,-0.145103,1.277362,IDN,MYS,902190
10554753,104,153,9750,2015,78078.0,405001.0,0.24230900000000002,2.8190880000000003,IND,MYS,902190
10554754,106,153,9750,2015,719114.0,9341.0,1.304942,0.126431,IRL,MYS,902190
10554755,109,153,9750,2015,0.0,1618.0,0.24527600000000002,-0.411616,ISL,MYS,902190
10554756,111,153,9750,2015,345511.0,429678.0,1.321127,0.747046,ITA,MYS,902190
10554757,114,153,9750,2015,186478.0,22385988.0,2.516133,-0.484202,JPN,MYS,902190
10554758,115,153,9750,2015,0.0,10751.0,-0.45091499999999995,-0.652026,KAZ,MYS,902190
10554759,121,153,9750,2015,1027066.0,189670.0,1.900653,0.859406,KOR,MYS,902190
10554760,122,153,9750,2015,0.0,1087.0,-0.352023,-1.153057,KWT,MYS,902190
10554761,124,153,9750,2015,0.0,15970.0,0.317355,1.330374,LBN,MYS,902190
10554762,128,153,9750,2015,0.0,5009.0,-0.6773399999999999,0.386343,LKA,MYS,902190
10554763,134,153,9750,2015,0.0,88944.0,-0.7554810000000001,-0.059697,MAR,MYS,902190
10554764,137,153,9750,2015,0.0,1034.0,-0.321571,-0.858751,MDV,MYS,902190
10554765,138,153,9750,2015,2133978.0,0.0,1.169724,0.61457,MEX,MYS,902190
10554766,142,153,9750,2015,0.0,3207.0,0.880893,-0.117585,MLT,MYS,902190
10554767,143,153,9750,2015,0.0,1972.0,-1.4596120000000001,-0.903904,MMR,MYS,902190
10554768,145,153,9750,2015,0.0,19040.0,-1.244368,-1.196677,MNG,MYS,902190
10554769,156,153,9750,2015,0.0,8786.0,-0.727911,-0.844562,NCL,MYS,902190
10554770,162,153,9750,2015,282568.0,8984520.0,1.230104,1.27344,NLD,MYS,902190
10554771,163,153,9750,2015,1030.0,243408.0,0.950708,0.314339,NOR,MYS,902190
10554772,164,153,9750,2015,0.0,4096.0,-0.290416,0.456716,NPL,MYS,902190
10554773,166,153,9750,2015,8828.0,493081.0,0.224598,0.253179,NZL,MYS,902190
10554774,167,153,9750,2015,0.0,30145.0,-0.4699,-1.00451,OMN,MYS,902190
10554775,168,153,9750,2015,113248.0,0.0,-0.7059979999999999,0.73501,PAK,MYS,902190
10554776,174,153,9750,2015,45891.0,678413.0,0.6406270000000001,0.45770200000000005,PHL,MYS,902190
10554777,177,153,9750,2015,298600.0,457971.0,1.145844,1.1449280000000002,POL,MYS,902190
10554778,180,153,9750,2015,0.0,6428.0,-0.471106,-0.9431139999999999,PRY,MYS,902190
10554779,182,153,9750,2015,0.0,1122.0,-0.301696,-0.795154,PYF,MYS,902190
10554780,183,153,9750,2015,0.0,61363.0,-0.077053,-0.9922719999999999,QAT,MYS,902190
10554781,186,153,9750,2015,0.0,646709.0,0.23119,0.035965,RUS,MYS,902190
10554782,188,153,9750,2015,0.0,50921.0,0.5552520000000001,-0.7263229999999999,SAU,MYS,902190
10554783,192,153,9750,2015,23565524.0,9989853.0,2.05613,0.593065,SGP,MYS,902190
10554784,206,153,9750,2015,0.0,254774.0,1.287133,0.7900560000000001,SVK,MYS,902190
10554785,207,153,9750,2015,0.0,127297.0,1.6089879999999999,0.833616,SVN,MYS,902190
10554786,208,153,9750,2015,252249.0,1649.0,1.8068349999999997,0.693389,SWE,MYS,902190
10554787,216,153,9750,2015,3190.0,33753.0,0.965888,1.368572,THA,MYS,902190
10554788,224,153,9750,2015,1503.0,417198.0,0.438669,2.519632,TUR,MYS,902190
10554789,228,153,9750,2015,57429.0,0.0,0.429879,0.701813,UKR,MYS,902190
10554790,230,153,9750,2015,0.0,8715.0,0.273876,-0.363695,URY,MYS,902190
10554791,231,153,9750,2015,55510216.0,27871894.0,1.720478,-0.129322,USA,MYS,902190
10554792,239,153,9750,2015,1668.0,77343.0,-0.17108900000000002,1.10995,VNM,MYS,902190
10554793,246,153,9750,2015,0.0,1681647.0,0.24944699999999997,1.7573159999999999,ZAF,MYS,902190
10554794,249,153,9750,2015,343263.0,351689.0,1.962832,1.214982,TWN,MYS,902190
10554795,18,159,9750,2015,1635.0,0.0,1.329866,1.100641,BEL,NGA,902190
10554796,32,159,9750,2015,1588.0,0.0,0.23656799999999997,0.688607,BRA,NGA,902190
10554797,39,159,9750,2015,1982.0,0.0,0.695867,1.171676,CAN,NGA,902190
10554798,41,159,9750,2015,1087.0,0.0,2.306075,0.720781,CHE,NGA,902190
10554799,43,159,9750,2015,87732.0,0.0,1.077143,1.735757,CHN,NGA,902190
10554800,61,159,9750,2015,2759.0,0.0,2.203818,-2.307561,DEU,NGA,902190
10554801,64,159,9750,2015,3953.0,0.0,1.157924,1.2045629999999998,DNK,NGA,902190
10554802,68,159,9750,2015,4024.0,0.0,-0.183053,1.765036,EGY,NGA,902190
10554803,71,159,9750,2015,34719.0,0.0,0.8173590000000001,2.442556,ESP,NGA,902190
10554804,77,159,9750,2015,8514.0,0.0,1.479792,0.6490239999999999,FRA,NGA,902190
10554805,81,159,9750,2015,16832.0,0.0,1.7422990000000003,0.75838,GBR,NGA,902190
10554806,104,159,9750,2015,51761.0,0.0,0.24230900000000002,2.8190880000000003,IND,NGA,902190
10554807,111,159,9750,2015,3134.0,0.0,1.321127,0.747046,ITA,NGA,902190
10554808,121,159,9750,2015,12918.0,0.0,1.900653,0.859406,KOR,NGA,902190
10554809,162,159,9750,2015,52909.0,0.0,1.230104,1.27344,NLD,NGA,902190
10554810,177,159,9750,2015,22315.0,0.0,1.145844,1.1449280000000002,POL,NGA,902190
10554811,188,159,9750,2015,3291.0,0.0,0.5552520000000001,-0.7263229999999999,SAU,NGA,902190
10554812,231,159,9750,2015,5161.0,0.0,1.720478,-0.129322,USA,NGA,902190
10554813,246,159,9750,2015,73921.0,0.0,0.24944699999999997,1.7573159999999999,ZAF,NGA,902190
10554814,14,160,9750,2015,815.0,0.0,-0.292325,-0.043489,AUS,NIC,902190
10554815,18,160,9750,2015,38963.0,0.0,1.329866,1.100641,BEL,NIC,902190
10554816,32,160,9750,2015,1379.0,0.0,0.23656799999999997,0.688607,BRA,NIC,902190
10554817,39,160,9750,2015,3344.0,0.0,0.695867,1.171676,CAN,NIC,902190
10554818,41,160,9750,2015,8986.0,0.0,2.306075,0.720781,CHE,NIC,902190
10554819,43,160,9750,2015,63510.0,0.0,1.077143,1.735757,CHN,NIC,902190
10554820,52,160,9750,2015,3504.0,10580.0,0.24859699999999998,-0.033143,CRI,NIC,902190
10554821,61,160,9750,2015,19479.0,0.0,2.203818,-2.307561,DEU,NIC,902190
10554822,64,160,9750,2015,1887.0,0.0,1.157924,1.2045629999999998,DNK,NIC,902190
10554823,71,160,9750,2015,19352.0,0.0,0.8173590000000001,2.442556,ESP,NIC,902190
10554824,81,160,9750,2015,15706.0,0.0,1.7422990000000003,0.75838,GBR,NIC,902190
10554825,93,160,9750,2015,1100.0,0.0,-0.284403,0.525564,GTM,NIC,902190
10554826,97,160,9750,2015,9500.0,0.0,0.8255290000000001,1.8017279999999998,HKG,NIC,902190
10554827,104,160,9750,2015,6404.0,0.0,0.24230900000000002,2.8190880000000003,IND,NIC,902190
10554828,106,160,9750,2015,27666.0,0.0,1.304942,0.126431,IRL,NIC,902190
10554829,110,160,9750,2015,6274.0,0.0,1.260071,0.545545,ISR,NIC,902190
10554830,111,160,9750,2015,14277.0,0.0,1.321127,0.747046,ITA,NIC,902190
10554831,114,160,9750,2015,8102.0,0.0,2.516133,-0.484202,JPN,NIC,902190
10554832,121,160,9750,2015,110171.0,0.0,1.900653,0.859406,KOR,NIC,902190
10554833,138,160,9750,2015,2093.0,0.0,1.169724,0.61457,MEX,NIC,902190
10554834,162,160,9750,2015,23394.0,0.0,1.230104,1.27344,NLD,NIC,902190
10554835,177,160,9750,2015,24940.0,0.0,1.145844,1.1449280000000002,POL,NIC,902190
10554836,231,160,9750,2015,139728.0,0.0,1.720478,-0.129322,USA,NIC,902190
10554837,249,160,9750,2015,1838.0,0.0,1.962832,1.214982,TWN,NIC,902190
10554838,0,162,9750,2015,86841.0,77227.0,0.8526809999999999,-0.043541,ABW,NLD,902190
10554839,2,162,9750,2015,0.0,8055.0,-1.6542,-1.2598989999999999,AGO,NLD,902190
10554840,4,162,9750,2015,0.0,66311.0,-0.601875,-0.27003,ALB,NLD,902190
10554841,7,162,9750,2015,1158.0,4437449.0,0.21779600000000002,-0.0047420000000000006,ARE,NLD,902190
10554842,8,162,9750,2015,155935.0,9359161.0,0.116896,0.30330999999999997,ARG,NLD,902190
10554843,9,162,9750,2015,0.0,107160.0,0.037579,-0.42448800000000003,ARM,NLD,902190
10554844,14,162,9750,2015,822852.0,12870229.0,-0.292325,-0.043489,AUS,NLD,902190
10554845,15,162,9750,2015,1211754.0,9943227.0,1.747098,-0.08026699999999999,AUT,NLD,902190
10554846,18,162,9750,2015,26906500.0,55049012.0,1.329866,1.100641,BEL,NLD,902190
10554847,20,162,9750,2015,13643.0,22770.0,1.036306,-0.715777,BES,NLD,902190
10554848,22,162,9750,2015,0.0,831235.0,-1.088465,-0.8745360000000001,BGD,NLD,902190
10554849,23,162,9750,2015,31475.0,1113706.0,0.45640699999999995,1.691455,BGR,NLD,902190
10554850,24,162,9750,2015,0.0,776573.0,0.36650900000000003,-0.28735,BHR,NLD,902190
10554851,25,162,9750,2015,0.0,12209.0,0.669493,-0.37838099999999997,BHS,NLD,902190
10554852,26,162,9750,2015,6159.0,75223.0,0.355903,0.723092,BIH,NLD,902190
10554853,28,162,9750,2015,0.0,525379.0,0.672499,0.5584020000000001,BLR,NLD,902190
10554854,31,162,9750,2015,0.0,74026.0,-1.051562,-1.067714,BOL,NLD,902190
10554855,32,162,9750,2015,6904.0,22675110.0,0.23656799999999997,0.688607,BRA,NLD,902190
10554856,33,162,9750,2015,0.0,5976.0,0.453689,0.039237,BRB,NLD,902190
10554857,39,162,9750,2015,257764.0,18773862.0,0.695867,1.171676,CAN,NLD,902190
10554858,41,162,9750,2015,65744224.0,39632832.0,2.306075,0.720781,CHE,NLD,902190
10554859,42,162,9750,2015,0.0,4444566.0,-0.356167,-0.47629399999999994,CHL,NLD,902190
10554860,43,162,9750,2015,6154420.0,46049596.0,1.077143,1.735757,CHN,NLD,902190
10554861,45,162,9750,2015,0.0,17732.0,-0.924366,-1.040721,CMR,NLD,902190
10554862,49,162,9750,2015,143290.0,17918056.0,0.156383,-0.183055,COL,NLD,902190
10554863,52,162,9750,2015,2843519.0,1983560.0,0.24859699999999998,-0.033143,CRI,NLD,902190
10554864,54,162,9750,2015,0.0,24684.0,-0.694839,-1.093439,CUB,NLD,902190
10554865,55,162,9750,2015,0.0,1140414.0,0.296267,-0.6313350000000001,CUW,NLD,902190
10554866,57,162,9750,2015,0.0,10793.0,0.275472,-0.831835,CYM,NLD,902190
10554867,58,162,9750,2015,1150.0,757830.0,0.511225,-0.207261,CYP,NLD,902190
10554868,59,162,9750,2015,386875.0,3698153.0,1.743012,0.45424,CZE,NLD,902190
10554869,61,162,9750,2015,66260160.0,110868992.0,2.203818,-2.307561,DEU,NLD,902190
10554870,64,162,9750,2015,3273719.0,4416815.0,1.157924,1.2045629999999998,DNK,NLD,902190
10554871,65,162,9750,2015,12054.0,1276861.0,-0.212808,0.395873,DOM,NLD,902190
10554872,66,162,9750,2015,0.0,4116206.0,-1.54346,-1.255633,DZA,NLD,902190
10554873,67,162,9750,2015,0.0,1112661.0,-0.9845959999999999,-1.075639,ECU,NLD,902190
10554874,68,162,9750,2015,34915.0,11233452.0,-0.183053,1.765036,EGY,NLD,902190
10554875,71,162,9750,2015,8990418.0,34598900.0,0.8173590000000001,2.442556,ESP,NLD,902190
10554876,72,162,9750,2015,20130.0,287721.0,0.9281149999999999,1.1780389999999998,EST,NLD,902190
10554877,73,162,9750,2015,0.0,81894.0,-1.004896,-0.721019,ETH,NLD,902190
10554878,74,162,9750,2015,221323.0,3003866.0,1.597817,0.998059,FIN,NLD,902190
10554879,77,162,9750,2015,108678064.0,106471776.0,1.479792,0.6490239999999999,FRA,NLD,902190
10554880,78,162,9750,2015,0.0,2857.0,-0.700767,-0.9214399999999999,FRO,NLD,902190
10554881,81,162,9750,2015,4352943.0,123220048.0,1.7422990000000003,0.75838,GBR,NLD,902190
10554882,82,162,9750,2015,0.0,475630.0,-0.343663,-0.588017,GEO,NLD,902190
10554883,83,162,9750,2015,0.0,37792.0,-0.750568,-0.690257,GHA,NLD,902190
10554884,84,162,9750,2015,0.0,4545.0,0.535143,-0.750155,GIB,NLD,902190
10554885,90,162,9750,2015,758186.0,4410197.0,0.099027,1.012289,GRC,NLD,902190
10554886,93,162,9750,2015,0.0,54059.0,-0.284403,0.525564,GTM,NLD,902190
10554887,96,162,9750,2015,26087.0,55472.0,-1.018758,-1.056085,GUY,NLD,902190
10554888,97,162,9750,2015,638749.0,1746568.0,0.8255290000000001,1.8017279999999998,HKG,NLD,902190
10554889,99,162,9750,2015,0.0,131422.0,-0.578635,-0.292053,HND,NLD,902190
10554890,100,162,9750,2015,18223.0,778410.0,0.7590140000000001,1.257415,HRV,NLD,902190
10554891,102,162,9750,2015,215424.0,1404666.0,1.462839,0.803258,HUN,NLD,902190
10554892,103,162,9750,2015,0.0,85856.0,-0.145103,1.277362,IDN,NLD,902190
10554893,104,162,9750,2015,431943.0,11885570.0,0.24230900000000002,2.8190880000000003,IND,NLD,902190
10554894,106,162,9750,2015,531012928.0,9077065.0,1.304942,0.126431,IRL,NLD,902190
10554895,107,162,9750,2015,0.0,10726800.0,-0.258946,-0.0073420000000000004,IRN,NLD,902190
10554896,108,162,9750,2015,0.0,6251464.0,-1.465803,-0.912113,IRQ,NLD,902190
10554897,109,162,9750,2015,15763.0,776959.0,0.24527600000000002,-0.411616,ISL,NLD,902190
10554898,110,162,9750,2015,269846.0,5060536.0,1.260071,0.545545,ISR,NLD,902190
10554899,111,162,9750,2015,3095991.0,60652456.0,1.321127,0.747046,ITA,NLD,902190
10554900,112,162,9750,2015,7737.0,24362.0,-0.438267,-0.828097,JAM,NLD,902190
10554901,113,162,9750,2015,1384.0,5726246.0,0.121172,0.457301,JOR,NLD,902190
10554902,114,162,9750,2015,92833.0,19323046.0,2.516133,-0.484202,JPN,NLD,902190
10554903,115,162,9750,2015,0.0,3688406.0,-0.45091499999999995,-0.652026,KAZ,NLD,902190
10554904,116,162,9750,2015,107896.0,504760.0,-0.453564,0.433325,KEN,NLD,902190
10554905,121,162,9750,2015,660419.0,21437904.0,1.900653,0.859406,KOR,NLD,902190
10554906,122,162,9750,2015,260666.0,5424940.0,-0.352023,-1.153057,KWT,NLD,902190
10554907,124,162,9750,2015,137473.0,5114346.0,0.317355,1.330374,LBN,NLD,902190
10554908,126,162,9750,2015,0.0,201245.0,-1.3257219999999998,-1.260453,LBY,NLD,902190
10554909,128,162,9750,2015,0.0,745578.0,-0.6773399999999999,0.386343,LKA,NLD,902190
10554910,130,162,9750,2015,253839.0,677538.0,0.749429,1.3659860000000001,LTU,NLD,902190
10554911,131,162,9750,2015,39730.0,1547132.0,1.218924,1.247152,LUX,NLD,902190
10554912,132,162,9750,2015,14260.0,859128.0,0.602209,1.125357,LVA,NLD,902190
10554913,134,162,9750,2015,0.0,2285630.0,-0.7554810000000001,-0.059697,MAR,NLD,902190
10554914,136,162,9750,2015,0.0,26962.0,-1.15947,-0.497217,MDG,NLD,902190
10554915,138,162,9750,2015,6548775.0,10971884.0,1.169724,0.61457,MEX,NLD,902190
10554916,140,162,9750,2015,0.0,95201.0,-0.09009600000000001,-0.147359,MKD,NLD,902190
10554917,142,162,9750,2015,4370.0,336481.0,0.880893,-0.117585,MLT,NLD,902190
10554918,144,162,9750,2015,0.0,56078.0,-0.048385000000000004,-0.150759,MNE,NLD,902190
10554919,145,162,9750,2015,0.0,4061.0,-1.244368,-1.196677,MNG,NLD,902190
10554920,147,162,9750,2015,0.0,32925.0,-1.293809,-1.115069,MOZ,NLD,902190
10554921,151,162,9750,2015,0.0,79430.0,-0.231762,-0.195051,MUS,NLD,902190
10554922,153,162,9750,2015,8984520.0,282568.0,1.082803,0.811615,MYS,NLD,902190
10554923,159,162,9750,2015,0.0,52909.0,-1.415451,-1.157829,NGA,NLD,902190
10554924,160,162,9750,2015,0.0,23394.0,-1.102989,-0.952276,NIC,NLD,902190
10554925,163,162,9750,2015,867054.0,4126853.0,0.950708,0.314339,NOR,NLD,902190
10554926,164,162,9750,2015,0.0,451832.0,-0.290416,0.456716,NPL,NLD,902190
10554927,166,162,9750,2015,2627.0,63491.0,0.224598,0.253179,NZL,NLD,902190
10554928,167,162,9750,2015,50465.0,1062720.0,-0.4699,-1.00451,OMN,NLD,902190
10554929,168,162,9750,2015,0.0,4265662.0,-0.7059979999999999,0.73501,PAK,NLD,902190
10554930,169,162,9750,2015,0.0,773321.0,0.642058,0.833392,PAN,NLD,902190
10554931,173,162,9750,2015,0.0,679227.0,-0.6007819999999999,0.32152800000000004,PER,NLD,902190
10554932,174,162,9750,2015,61988.0,342798.0,0.6406270000000001,0.45770200000000005,PHL,NLD,902190
10554933,177,162,9750,2015,2727746.0,14531067.0,1.145844,1.1449280000000002,POL,NLD,902190
10554934,179,162,9750,2015,2232656.0,14716809.0,0.561922,2.2276380000000002,PRT,NLD,902190
10554935,180,162,9750,2015,0.0,141050.0,-0.471106,-0.9431139999999999,PRY,NLD,902190
10554936,182,162,9750,2015,0.0,906.0,-0.301696,-0.795154,PYF,NLD,902190
10554937,183,162,9750,2015,6322.0,7629208.0,-0.077053,-0.9922719999999999,QAT,NLD,902190
10554938,185,162,9750,2015,36672.0,1167890.0,0.946363,1.056775,ROU,NLD,902190
10554939,186,162,9750,2015,31067.0,6749708.0,0.23119,0.035965,RUS,NLD,902190
10554940,187,162,9750,2015,0.0,67923.0,-0.755738,-0.4423,RWA,NLD,902190
10554941,188,162,9750,2015,75382.0,36293784.0,0.5552520000000001,-0.7263229999999999,SAU,NLD,902190
10554942,190,162,9750,2015,0.0,292278.0,-1.420356,-1.218424,SDN,NLD,902190
10554943,191,162,9750,2015,0.0,32419.0,-0.708349,-0.296663,SEN,NLD,902190
10554944,192,162,9750,2015,12126215.0,16388414.0,2.05613,0.593065,SGP,NLD,902190
10554945,196,162,9750,2015,0.0,87341.0,0.072324,-0.255235,SLE,NLD,902190
10554946,197,162,9750,2015,0.0,155380.0,0.05531900000000001,0.169073,SLV,NLD,902190
10554947,198,162,9750,2015,0.0,21267.0,0.918452,0.559399,SMR,NLD,902190
10554948,201,162,9750,2015,16830.0,868991.0,0.457042,1.324908,SRB,NLD,902190
10554949,202,162,9750,2015,0.0,4551.0,-2.704381,-0.969411,SSD,NLD,902190
10554950,205,162,9750,2015,9957.0,30388.0,-0.570361,-1.005072,SUR,NLD,902190
10554951,206,162,9750,2015,67318.0,3362306.0,1.287133,0.7900560000000001,SVK,NLD,902190
10554952,207,162,9750,2015,58334.0,821431.0,1.6089879999999999,0.833616,SVN,NLD,902190
10554953,208,162,9750,2015,3669831.0,7265640.0,1.8068349999999997,0.693389,SWE,NLD,902190
10554954,212,162,9750,2015,0.0,1613233.0,-0.603532,0.313216,SYR,NLD,902190
10554955,216,162,9750,2015,146616.0,199669.0,0.965888,1.368572,THA,NLD,902190
10554956,222,162,9750,2015,32162.0,144705.0,-0.462837,-1.117621,TTO,NLD,902190
10554957,223,162,9750,2015,0.0,4135761.0,0.140202,0.967591,TUN,NLD,902190
10554958,224,162,9750,2015,193926.0,24430570.0,0.438669,2.519632,TUR,NLD,902190
10554959,226,162,9750,2015,0.0,111867.0,-1.02395,-0.017509999999999998,TZA,NLD,902190
10554960,227,162,9750,2015,0.0,186251.0,-0.611023,0.078961,UGA,NLD,902190
10554961,228,162,9750,2015,0.0,1327220.0,0.429879,0.701813,UKR,NLD,902190
10554962,230,162,9750,2015,309586.0,320999.0,0.273876,-0.363695,URY,NLD,902190
10554963,231,162,9750,2015,713091584.0,13761854.0,1.720478,-0.129322,USA,NLD,902190
10554964,232,162,9750,2015,0.0,26866.0,-0.724966,-0.599292,UZB,NLD,902190
10554965,236,162,9750,2015,0.0,3488940.0,-0.9249129999999999,-1.1877280000000001,VEN,NLD,902190
10554966,239,162,9750,2015,4960902.0,3887580.0,-0.17108900000000002,1.10995,VNM,NLD,902190
10554967,243,162,9750,2015,0.0,577756.0,-1.048632,-1.10843,YEM,NLD,902190
10554968,246,162,9750,2015,202627.0,7644503.0,0.24944699999999997,1.7573159999999999,ZAF,NLD,902190
10554969,249,162,9750,2015,1482982.0,708075.0,1.962832,1.214982,TWN,NLD,902190
10554970,250,162,9750,2015,10598.0,14053.0,0.377283,-0.092204,ANS,NLD,902190
10554971,7,166,9750,2015,1727.0,0.0,0.21779600000000002,-0.0047420000000000006,ARE,NZL,902190
10554972,14,166,9750,2015,15333903.0,1652634.0,-0.292325,-0.043489,AUS,NZL,902190
10554973,15,166,9750,2015,42141.0,1769.0,1.747098,-0.08026699999999999,AUT,NZL,902190
10554974,18,166,9750,2015,325617.0,18797.0,1.329866,1.100641,BEL,NZL,902190
10554975,23,166,9750,2015,2204.0,0.0,0.45640699999999995,1.691455,BGR,NZL,902190
10554976,32,166,9750,2015,8249.0,0.0,0.23656799999999997,0.688607,BRA,NZL,902190
10554977,33,166,9750,2015,2006.0,0.0,0.453689,0.039237,BRB,NZL,902190
10554978,39,166,9750,2015,15434.0,92592.0,0.695867,1.171676,CAN,NZL,902190
10554979,41,166,9750,2015,775271.0,35249.0,2.306075,0.720781,CHE,NZL,902190
10554980,43,166,9750,2015,640658.0,37806.0,1.077143,1.735757,CHN,NZL,902190
10554981,52,166,9750,2015,117263.0,0.0,0.24859699999999998,-0.033143,CRI,NZL,902190
10554982,59,166,9750,2015,3712.0,30670.0,1.743012,0.45424,CZE,NZL,902190
10554983,61,166,9750,2015,185666.0,9830.0,2.203818,-2.307561,DEU,NZL,902190
10554984,64,166,9750,2015,404933.0,2148.0,1.157924,1.2045629999999998,DNK,NZL,902190
10554985,65,166,9750,2015,2255.0,0.0,-0.212808,0.395873,DOM,NZL,902190
10554986,71,166,9750,2015,17610.0,0.0,0.8173590000000001,2.442556,ESP,NZL,902190
10554987,74,166,9750,2015,23815.0,0.0,1.597817,0.998059,FIN,NZL,902190
10554988,75,166,9750,2015,0.0,63708.0,-0.481968,-0.201468,FJI,NZL,902190
10554989,77,166,9750,2015,46058.0,1490.0,1.479792,0.6490239999999999,FRA,NZL,902190
10554990,81,166,9750,2015,252401.0,93691.0,1.7422990000000003,0.75838,GBR,NZL,902190
10554991,97,166,9750,2015,16252.0,3609.0,0.8255290000000001,1.8017279999999998,HKG,NZL,902190
10554992,104,166,9750,2015,2533.0,0.0,0.24230900000000002,2.8190880000000003,IND,NZL,902190
10554993,106,166,9750,2015,925030.0,0.0,1.304942,0.126431,IRL,NZL,902190
10554994,110,166,9750,2015,8440.0,0.0,1.260071,0.545545,ISR,NZL,902190
10554995,111,166,9750,2015,26928.0,27033.0,1.321127,0.747046,ITA,NZL,902190
10554996,114,166,9750,2015,3953.0,34925.0,2.516133,-0.484202,JPN,NZL,902190
10554997,121,166,9750,2015,170635.0,2206.0,1.900653,0.859406,KOR,NZL,902190
10554998,138,166,9750,2015,251593.0,0.0,1.169724,0.61457,MEX,NZL,902190
10554999,153,166,9750,2015,493081.0,8828.0,1.082803,0.811615,MYS,NZL,902190
10555000,156,166,9750,2015,19370.0,78152.0,-0.727911,-0.844562,NCL,NZL,902190
10555001,161,166,9750,2015,0.0,1673.0,1.7121400000000002,-0.072287,NIU,NZL,902190
10555002,162,166,9750,2015,63491.0,2627.0,1.230104,1.27344,NLD,NZL,902190
10555003,163,166,9750,2015,4255.0,0.0,0.950708,0.314339,NOR,NZL,902190
10555004,174,166,9750,2015,1120.0,0.0,0.6406270000000001,0.45770200000000005,PHL,NZL,902190
10555005,176,166,9750,2015,0.0,3182.0,-1.710939,-1.266333,PNG,NZL,902190
10555006,177,166,9750,2015,42827.0,4009.0,1.145844,1.1449280000000002,POL,NZL,902190
10555007,179,166,9750,2015,0.0,3148.0,0.561922,2.2276380000000002,PRT,NZL,902190
10555008,185,166,9750,2015,0.0,1058.0,0.946363,1.056775,ROU,NZL,902190
10555009,186,166,9750,2015,0.0,52091.0,0.23119,0.035965,RUS,NZL,902190
10555010,192,166,9750,2015,2315745.0,30747.0,2.05613,0.593065,SGP,NZL,902190
10555011,208,166,9750,2015,14201.0,0.0,1.8068349999999997,0.693389,SWE,NZL,902190
10555012,216,166,9750,2015,9638.0,0.0,0.965888,1.368572,THA,NZL,902190
10555013,231,166,9750,2015,1728759.0,407295.0,1.720478,-0.129322,USA,NZL,902190
10555014,239,166,9750,2015,356049.0,8307.0,-0.17108900000000002,1.10995,VNM,NZL,902190
10555015,246,166,9750,2015,6764.0,5437.0,0.24944699999999997,1.7573159999999999,ZAF,NZL,902190
10555016,249,166,9750,2015,91304.0,9176.0,1.962832,1.214982,TWN,NZL,902190
10555017,7,168,9750,2015,33670.0,0.0,0.21779600000000002,-0.0047420000000000006,ARE,PAK,902190
10555018,15,168,9750,2015,865469.0,0.0,1.747098,-0.08026699999999999,AUT,PAK,902190
10555019,18,168,9750,2015,86757.0,11480.0,1.329866,1.100641,BEL,PAK,902190
10555020,32,168,9750,2015,58552.0,0.0,0.23656799999999997,0.688607,BRA,PAK,902190
10555021,33,168,9750,2015,8466.0,0.0,0.453689,0.039237,BRB,PAK,902190
10555022,39,168,9750,2015,72464.0,5302.0,0.695867,1.171676,CAN,PAK,902190
10555023,41,168,9750,2015,74464.0,3464.0,2.306075,0.720781,CHE,PAK,902190
10555024,43,168,9750,2015,1489941.0,0.0,1.077143,1.735757,CHN,PAK,902190
10555025,59,168,9750,2015,0.0,5128.0,1.743012,0.45424,CZE,PAK,902190
10555026,61,168,9750,2015,1657396.0,4332.0,2.203818,-2.307561,DEU,PAK,902190
10555027,64,168,9750,2015,27145.0,8701.0,1.157924,1.2045629999999998,DNK,PAK,902190
10555028,71,168,9750,2015,53558.0,0.0,0.8173590000000001,2.442556,ESP,PAK,902190
10555029,77,168,9750,2015,107514.0,1844.0,1.479792,0.6490239999999999,FRA,PAK,902190
10555030,81,168,9750,2015,5592.0,32543.0,1.7422990000000003,0.75838,GBR,PAK,902190
10555031,90,168,9750,2015,0.0,3523.0,0.099027,1.012289,GRC,PAK,902190
10555032,97,168,9750,2015,524301.0,0.0,0.8255290000000001,1.8017279999999998,HKG,PAK,902190
10555033,104,168,9750,2015,0.0,6167.0,0.24230900000000002,2.8190880000000003,IND,PAK,902190
10555034,106,168,9750,2015,89848.0,0.0,1.304942,0.126431,IRL,PAK,902190
10555035,111,168,9750,2015,43309.0,0.0,1.321127,0.747046,ITA,PAK,902190
10555036,113,168,9750,2015,0.0,2744.0,0.121172,0.457301,JOR,PAK,902190
10555037,114,168,9750,2015,4593.0,0.0,2.516133,-0.484202,JPN,PAK,902190
10555038,121,168,9750,2015,148391.0,4950.0,1.900653,0.859406,KOR,PAK,902190
10555039,138,168,9750,2015,242805.0,0.0,1.169724,0.61457,MEX,PAK,902190
10555040,153,168,9750,2015,0.0,113248.0,1.082803,0.811615,MYS,PAK,902190
10555041,162,168,9750,2015,4265662.0,0.0,1.230104,1.27344,NLD,PAK,902190
10555042,163,168,9750,2015,0.0,6206.0,0.950708,0.314339,NOR,PAK,902190
10555043,177,168,9750,2015,3236.0,1304.0,1.145844,1.1449280000000002,POL,PAK,902190
10555044,186,168,9750,2015,1677.0,0.0,0.23119,0.035965,RUS,PAK,902190
10555045,192,168,9750,2015,105904.0,15730.0,2.05613,0.593065,SGP,PAK,902190
10555046,209,168,9750,2015,29454.0,0.0,0.257467,-0.402491,SWZ,PAK,902190
10555047,216,168,9750,2015,0.0,10115.0,0.965888,1.368572,THA,PAK,902190
10555048,224,168,9750,2015,6194.0,0.0,0.438669,2.519632,TUR,PAK,902190
10555049,231,168,9750,2015,165058.0,2769.0,1.720478,-0.129322,USA,PAK,902190
10555050,246,168,9750,2015,0.0,5845.0,0.24944699999999997,1.7573159999999999,ZAF,PAK,902190
10555051,8,169,9750,2015,55270.0,0.0,0.116896,0.30330999999999997,ARG,PAN,902190
10555052,14,169,9750,2015,8957685.0,0.0,-0.292325,-0.043489,AUS,PAN,902190
10555053,15,169,9750,2015,372855.0,0.0,1.747098,-0.08026699999999999,AUT,PAN,902190
10555054,18,169,9750,2015,267332.0,0.0,1.329866,1.100641,BEL,PAN,902190
10555055,32,169,9750,2015,225515.0,0.0,0.23656799999999997,0.688607,BRA,PAN,902190
10555056,33,169,9750,2015,0.0,916.0,0.453689,0.039237,BRB,PAN,902190
10555057,39,169,9750,2015,4028.0,0.0,0.695867,1.171676,CAN,PAN,902190
10555058,41,169,9750,2015,60609.0,0.0,2.306075,0.720781,CHE,PAN,902190
10555059,42,169,9750,2015,0.0,1555.0,-0.356167,-0.47629399999999994,CHL,PAN,902190
10555060,43,169,9750,2015,1860.0,0.0,1.077143,1.735757,CHN,PAN,902190
10555061,52,169,9750,2015,13389.0,0.0,0.24859699999999998,-0.033143,CRI,PAN,902190
10555062,55,169,9750,2015,0.0,8416.0,0.296267,-0.6313350000000001,CUW,PAN,902190
10555063,61,169,9750,2015,190373.0,50463.0,2.203818,-2.307561,DEU,PAN,902190
10555064,64,169,9750,2015,19329.0,0.0,1.157924,1.2045629999999998,DNK,PAN,902190
10555065,65,169,9750,2015,0.0,284870.0,-0.212808,0.395873,DOM,PAN,902190
10555066,67,169,9750,2015,0.0,17266.0,-0.9845959999999999,-1.075639,ECU,PAN,902190
10555067,71,169,9750,2015,72521.0,0.0,0.8173590000000001,2.442556,ESP,PAN,902190
10555068,77,169,9750,2015,13740.0,0.0,1.479792,0.6490239999999999,FRA,PAN,902190
10555069,81,169,9750,2015,4859.0,0.0,1.7422990000000003,0.75838,GBR,PAN,902190
10555070,93,169,9750,2015,0.0,302864.0,-0.284403,0.525564,GTM,PAN,902190
10555071,106,169,9750,2015,919244.0,0.0,1.304942,0.126431,IRL,PAN,902190
10555072,110,169,9750,2015,11957.0,0.0,1.260071,0.545545,ISR,PAN,902190
10555073,111,169,9750,2015,53604.0,0.0,1.321127,0.747046,ITA,PAN,902190
10555074,112,169,9750,2015,0.0,2198.0,-0.438267,-0.828097,JAM,PAN,902190
10555075,162,169,9750,2015,773321.0,0.0,1.230104,1.27344,NLD,PAN,902190
10555076,163,169,9750,2015,0.0,7085.0,0.950708,0.314339,NOR,PAN,902190
10555077,177,169,9750,2015,55870.0,0.0,1.145844,1.1449280000000002,POL,PAN,902190
10555078,197,169,9750,2015,9390.0,0.0,0.05531900000000001,0.169073,SLV,PAN,902190
10555079,208,169,9750,2015,997739.0,0.0,1.8068349999999997,0.693389,SWE,PAN,902190
10555080,231,169,9750,2015,788415.0,19214.0,1.720478,-0.129322,USA,PAN,902190
10555081,236,169,9750,2015,0.0,833361.0,-0.9249129999999999,-1.1877280000000001,VEN,PAN,902190
10555082,250,169,9750,2015,0.0,290744.0,0.377283,-0.092204,ANS,PAN,902190
10555083,8,173,9750,2015,15947.0,0.0,0.116896,0.30330999999999997,ARG,PER,902190
10555084,14,173,9750,2015,112531.0,0.0,-0.292325,-0.043489,AUS,PER,902190
10555085,15,173,9750,2015,139673.0,0.0,1.747098,-0.08026699999999999,AUT,PER,902190
10555086,18,173,9750,2015,25768.0,0.0,1.329866,1.100641,BEL,PER,902190
10555087,31,173,9750,2015,0.0,12885.0,-1.051562,-1.067714,BOL,PER,902190
10555088,32,173,9750,2015,77036.0,0.0,0.23656799999999997,0.688607,BRA,PER,902190
10555089,39,173,9750,2015,3303.0,0.0,0.695867,1.171676,CAN,PER,902190
10555090,41,173,9750,2015,109747.0,36073.0,2.306075,0.720781,CHE,PER,902190
10555091,42,173,9750,2015,6150.0,0.0,-0.356167,-0.47629399999999994,CHL,PER,902190
10555092,43,173,9750,2015,219490.0,0.0,1.077143,1.735757,CHN,PER,902190
10555093,49,173,9750,2015,3498.0,0.0,0.156383,-0.183055,COL,PER,902190
10555094,52,173,9750,2015,61322.0,0.0,0.24859699999999998,-0.033143,CRI,PER,902190
10555095,59,173,9750,2015,11828.0,0.0,1.743012,0.45424,CZE,PER,902190
10555096,61,173,9750,2015,584105.0,0.0,2.203818,-2.307561,DEU,PER,902190
10555097,64,173,9750,2015,104008.0,0.0,1.157924,1.2045629999999998,DNK,PER,902190
10555098,71,173,9750,2015,19166.0,0.0,0.8173590000000001,2.442556,ESP,PER,902190
10555099,77,173,9750,2015,31704.0,9579.0,1.479792,0.6490239999999999,FRA,PER,902190
10555100,81,173,9750,2015,1350.0,0.0,1.7422990000000003,0.75838,GBR,PER,902190
10555101,104,173,9750,2015,105742.0,0.0,0.24230900000000002,2.8190880000000003,IND,PER,902190
10555102,106,173,9750,2015,323242.0,0.0,1.304942,0.126431,IRL,PER,902190
10555103,111,173,9750,2015,20286.0,0.0,1.321127,0.747046,ITA,PER,902190
10555104,114,173,9750,2015,31716.0,0.0,2.516133,-0.484202,JPN,PER,902190
10555105,121,173,9750,2015,139251.0,0.0,1.900653,0.859406,KOR,PER,902190
10555106,162,173,9750,2015,679227.0,0.0,1.230104,1.27344,NLD,PER,902190
10555107,177,173,9750,2015,879.0,0.0,1.145844,1.1449280000000002,POL,PER,902190
10555108,192,173,9750,2015,5037.0,0.0,2.05613,0.593065,SGP,PER,902190
10555109,208,173,9750,2015,19060.0,0.0,1.8068349999999997,0.693389,SWE,PER,902190
10555110,224,173,9750,2015,51493.0,0.0,0.438669,2.519632,TUR,PER,902190
10555111,231,173,9750,2015,1032082.0,6043.0,1.720478,-0.129322,USA,PER,902190
10555112,249,173,9750,2015,44645.0,0.0,1.962832,1.214982,TWN,PER,902190
10555113,1,174,9750,2015,0.0,20881.0,-1.249655,-0.9094459999999999,AFG,PHL,902190
10555114,14,174,9750,2015,154064.0,59288.0,-0.292325,-0.043489,AUS,PHL,902190
10555115,15,174,9750,2015,296082.0,291432.0,1.747098,-0.08026699999999999,AUT,PHL,902190
10555116,18,174,9750,2015,10654.0,21815.0,1.329866,1.100641,BEL,PHL,902190
10555117,32,174,9750,2015,0.0,62942.0,0.23656799999999997,0.688607,BRA,PHL,902190
10555118,39,174,9750,2015,0.0,972333.0,0.695867,1.171676,CAN,PHL,902190
10555119,41,174,9750,2015,55350.0,299090.0,2.306075,0.720781,CHE,PHL,902190
10555120,43,174,9750,2015,2352793.0,97738.0,1.077143,1.735757,CHN,PHL,902190
10555121,61,174,9750,2015,285059.0,323390.0,2.203818,-2.307561,DEU,PHL,902190
10555122,64,174,9750,2015,362928.0,29551.0,1.157924,1.2045629999999998,DNK,PHL,902190
10555123,71,174,9750,2015,6734.0,0.0,0.8173590000000001,2.442556,ESP,PHL,902190
10555124,74,174,9750,2015,0.0,6544.0,1.597817,0.998059,FIN,PHL,902190
10555125,77,174,9750,2015,2832.0,363371.0,1.479792,0.6490239999999999,FRA,PHL,902190
10555126,81,174,9750,2015,3839.0,3040.0,1.7422990000000003,0.75838,GBR,PHL,902190
10555127,97,174,9750,2015,8876.0,947.0,0.8255290000000001,1.8017279999999998,HKG,PHL,902190
10555128,104,174,9750,2015,3709.0,0.0,0.24230900000000002,2.8190880000000003,IND,PHL,902190
10555129,106,174,9750,2015,466817.0,0.0,1.304942,0.126431,IRL,PHL,902190
10555130,111,174,9750,2015,0.0,56475.0,1.321127,0.747046,ITA,PHL,902190
10555131,114,174,9750,2015,89228.0,138840.0,2.516133,-0.484202,JPN,PHL,902190
10555132,118,174,9750,2015,1589.0,0.0,-0.791985,-0.833046,KHM,PHL,902190
10555133,121,174,9750,2015,68038.0,50496.0,1.900653,0.859406,KOR,PHL,902190
10555134,153,174,9750,2015,678413.0,45891.0,1.082803,0.811615,MYS,PHL,902190
10555135,162,174,9750,2015,342798.0,61988.0,1.230104,1.27344,NLD,PHL,902190
10555136,163,174,9750,2015,0.0,63757.0,0.950708,0.314339,NOR,PHL,902190
10555137,166,174,9750,2015,0.0,1120.0,0.224598,0.253179,NZL,PHL,902190
10555138,177,174,9750,2015,0.0,45344.0,1.145844,1.1449280000000002,POL,PHL,902190
10555139,178,174,9750,2015,0.0,13643.0,-0.404818,-0.075235,PRK,PHL,902190
10555140,192,174,9750,2015,584584.0,2216483.0,2.05613,0.593065,SGP,PHL,902190
10555141,197,174,9750,2015,0.0,698.0,0.05531900000000001,0.169073,SLV,PHL,902190
10555142,208,174,9750,2015,0.0,53228.0,1.8068349999999997,0.693389,SWE,PHL,902190
10555143,224,174,9750,2015,0.0,26520.0,0.438669,2.519632,TUR,PHL,902190
10555144,231,174,9750,2015,465156.0,3732938.0,1.720478,-0.129322,USA,PHL,902190
10555145,246,174,9750,2015,0.0,5586.0,0.24944699999999997,1.7573159999999999,ZAF,PHL,902190
10555146,249,174,9750,2015,18550.0,0.0,1.962832,1.214982,TWN,PHL,902190
10555147,4,177,9750,2015,0.0,45986.0,-0.601875,-0.27003,ALB,POL,902190
10555148,7,177,9750,2015,0.0,12863.0,0.21779600000000002,-0.0047420000000000006,ARE,POL,902190
10555149,8,177,9750,2015,0.0,135590.0,0.116896,0.30330999999999997,ARG,POL,902190
10555150,9,177,9750,2015,0.0,79581.0,0.037579,-0.42448800000000003,ARM,POL,902190
10555151,12,177,9750,2015,0.0,169540.0,0.7385430000000001,-0.6156,ATF,POL,902190
10555152,14,177,9750,2015,162596.0,579643.0,-0.292325,-0.043489,AUS,POL,902190
10555153,15,177,9750,2015,5336407.0,22322.0,1.747098,-0.08026699999999999,AUT,POL,902190
10555154,16,177,9750,2015,0.0,4357.0,-0.983347,-1.231542,AZE,POL,902190
10555155,18,177,9750,2015,8629858.0,239248.0,1.329866,1.100641,BEL,POL,902190
10555156,23,177,9750,2015,0.0,89264.0,0.45640699999999995,1.691455,BGR,POL,902190
10555157,26,177,9750,2015,0.0,98830.0,0.355903,0.723092,BIH,POL,902190
10555158,28,177,9750,2015,0.0,1155373.0,0.672499,0.5584020000000001,BLR,POL,902190
10555159,31,177,9750,2015,0.0,31423.0,-1.051562,-1.067714,BOL,POL,902190
10555160,32,177,9750,2015,15014.0,144220.0,0.23656799999999997,0.688607,BRA,POL,902190
10555161,39,177,9750,2015,59033.0,10037218.0,0.695867,1.171676,CAN,POL,902190
10555162,41,177,9750,2015,2703532.0,3444350.0,2.306075,0.720781,CHE,POL,902190
10555163,42,177,9750,2015,0.0,36137.0,-0.356167,-0.47629399999999994,CHL,POL,902190
10555164,43,177,9750,2015,6126076.0,472615.0,1.077143,1.735757,CHN,POL,902190
10555165,49,177,9750,2015,788.0,461029.0,0.156383,-0.183055,COL,POL,902190
10555166,52,177,9750,2015,622714.0,80913.0,0.24859699999999998,-0.033143,CRI,POL,902190
10555167,54,177,9750,2015,0.0,1945.0,-0.694839,-1.093439,CUB,POL,902190
10555168,58,177,9750,2015,0.0,57650.0,0.511225,-0.207261,CYP,POL,902190
10555169,59,177,9750,2015,1361365.0,192435.0,1.743012,0.45424,CZE,POL,902190
10555170,61,177,9750,2015,42359156.0,6677966.0,2.203818,-2.307561,DEU,POL,902190
10555171,64,177,9750,2015,10936090.0,14966388.0,1.157924,1.2045629999999998,DNK,POL,902190
10555172,65,177,9750,2015,0.0,7696.0,-0.212808,0.395873,DOM,POL,902190
10555173,66,177,9750,2015,0.0,28560.0,-1.54346,-1.255633,DZA,POL,902190
10555174,67,177,9750,2015,0.0,2111.0,-0.9845959999999999,-1.075639,ECU,POL,902190
10555175,68,177,9750,2015,0.0,67935.0,-0.183053,1.765036,EGY,POL,902190
10555176,71,177,9750,2015,365794.0,655471.0,0.8173590000000001,2.442556,ESP,POL,902190
10555177,72,177,9750,2015,0.0,951322.0,0.9281149999999999,1.1780389999999998,EST,POL,902190
10555178,74,177,9750,2015,18538.0,320019.0,1.597817,0.998059,FIN,POL,902190
10555179,77,177,9750,2015,2563354.0,1930094.0,1.479792,0.6490239999999999,FRA,POL,902190
10555180,78,177,9750,2015,0.0,16254.0,-0.700767,-0.9214399999999999,FRO,POL,902190
10555181,81,177,9750,2015,1463947.0,4156475.0,1.7422990000000003,0.75838,GBR,POL,902190
10555182,82,177,9750,2015,0.0,5643.0,-0.343663,-0.588017,GEO,POL,902190
10555183,83,177,9750,2015,0.0,10064.0,-0.750568,-0.690257,GHA,POL,902190
10555184,90,177,9750,2015,0.0,256212.0,0.099027,1.012289,GRC,POL,902190
10555185,97,177,9750,2015,38622.0,514479.0,0.8255290000000001,1.8017279999999998,HKG,POL,902190
10555186,99,177,9750,2015,0.0,28499.0,-0.578635,-0.292053,HND,POL,902190
10555187,100,177,9750,2015,13556.0,11842.0,0.7590140000000001,1.257415,HRV,POL,902190
10555188,102,177,9750,2015,35595.0,69948.0,1.462839,0.803258,HUN,POL,902190
10555189,103,177,9750,2015,8848.0,10865.0,-0.145103,1.277362,IDN,POL,902190
10555190,104,177,9750,2015,30298.0,59784.0,0.24230900000000002,2.8190880000000003,IND,POL,902190
10555191,106,177,9750,2015,4290950.0,955.0,1.304942,0.126431,IRL,POL,902190
10555192,107,177,9750,2015,0.0,76885.0,-0.258946,-0.0073420000000000004,IRN,POL,902190
10555193,109,177,9750,2015,0.0,514230.0,0.24527600000000002,-0.411616,ISL,POL,902190
10555194,110,177,9750,2015,321360.0,31992.0,1.260071,0.545545,ISR,POL,902190
10555195,111,177,9750,2015,445566.0,11025475.0,1.321127,0.747046,ITA,POL,902190
10555196,114,177,9750,2015,12815.0,554013.0,2.516133,-0.484202,JPN,POL,902190
10555197,115,177,9750,2015,0.0,1608810.0,-0.45091499999999995,-0.652026,KAZ,POL,902190
10555198,121,177,9750,2015,944435.0,355561.0,1.900653,0.859406,KOR,POL,902190
10555199,122,177,9750,2015,0.0,5333.0,-0.352023,-1.153057,KWT,POL,902190
10555200,124,177,9750,2015,0.0,147717.0,0.317355,1.330374,LBN,POL,902190
10555201,126,177,9750,2015,0.0,36893.0,-1.3257219999999998,-1.260453,LBY,POL,902190
10555202,128,177,9750,2015,0.0,53969.0,-0.6773399999999999,0.386343,LKA,POL,902190
10555203,130,177,9750,2015,1694.0,199487.0,0.749429,1.3659860000000001,LTU,POL,902190
10555204,132,177,9750,2015,0.0,37366.0,0.602209,1.125357,LVA,POL,902190
10555205,134,177,9750,2015,0.0,19149.0,-0.7554810000000001,-0.059697,MAR,POL,902190
10555206,135,177,9750,2015,0.0,28198.0,-0.313837,-0.20393,MDA,POL,902190
10555207,138,177,9750,2015,559600.0,468751.0,1.169724,0.61457,MEX,POL,902190
10555208,140,177,9750,2015,0.0,97349.0,-0.09009600000000001,-0.147359,MKD,POL,902190
10555209,144,177,9750,2015,0.0,297834.0,-0.048385000000000004,-0.150759,MNE,POL,902190
10555210,151,177,9750,2015,0.0,6068.0,-0.231762,-0.195051,MUS,POL,902190
10555211,153,177,9750,2015,457971.0,298600.0,1.082803,0.811615,MYS,POL,902190
10555212,159,177,9750,2015,0.0,22315.0,-1.415451,-1.157829,NGA,POL,902190
10555213,160,177,9750,2015,0.0,24940.0,-1.102989,-0.952276,NIC,POL,902190
10555214,162,177,9750,2015,14531067.0,2727746.0,1.230104,1.27344,NLD,POL,902190
10555215,163,177,9750,2015,6879.0,2140443.0,0.950708,0.314339,NOR,POL,902190
10555216,166,177,9750,2015,4009.0,42827.0,0.224598,0.253179,NZL,POL,902190
10555217,168,177,9750,2015,1304.0,3236.0,-0.7059979999999999,0.73501,PAK,POL,902190
10555218,169,177,9750,2015,0.0,55870.0,0.642058,0.833392,PAN,POL,902190
10555219,173,177,9750,2015,0.0,879.0,-0.6007819999999999,0.32152800000000004,PER,POL,902190
10555220,174,177,9750,2015,45344.0,0.0,0.6406270000000001,0.45770200000000005,PHL,POL,902190
10555221,176,177,9750,2015,0.0,11835.0,-1.710939,-1.266333,PNG,POL,902190
10555222,179,177,9750,2015,0.0,51754.0,0.561922,2.2276380000000002,PRT,POL,902190
10555223,185,177,9750,2015,11358.0,484828.0,0.946363,1.056775,ROU,POL,902190
10555224,186,177,9750,2015,0.0,1809947.0,0.23119,0.035965,RUS,POL,902190
10555225,188,177,9750,2015,0.0,8460.0,0.5552520000000001,-0.7263229999999999,SAU,POL,902190
10555226,191,177,9750,2015,0.0,1422.0,-0.708349,-0.296663,SEN,POL,902190
10555227,192,177,9750,2015,4991014.0,390496.0,2.05613,0.593065,SGP,POL,902190
10555228,197,177,9750,2015,0.0,14017.0,0.05531900000000001,0.169073,SLV,POL,902190
10555229,201,177,9750,2015,0.0,99395.0,0.457042,1.324908,SRB,POL,902190
10555230,205,177,9750,2015,0.0,30464.0,-0.570361,-1.005072,SUR,POL,902190
10555231,206,177,9750,2015,0.0,727708.0,1.287133,0.7900560000000001,SVK,POL,902190
10555232,207,177,9750,2015,138409.0,205204.0,1.6089879999999999,0.833616,SVN,POL,902190
10555233,208,177,9750,2015,7285677.0,466797.0,1.8068349999999997,0.693389,SWE,POL,902190
10555234,216,177,9750,2015,15952.0,15590.0,0.965888,1.368572,THA,POL,902190
10555235,222,177,9750,2015,0.0,693.0,-0.462837,-1.117621,TTO,POL,902190
10555236,224,177,9750,2015,89506.0,223420.0,0.438669,2.519632,TUR,POL,902190
10555237,227,177,9750,2015,0.0,10907.0,-0.611023,0.078961,UGA,POL,902190
10555238,228,177,9750,2015,0.0,403213.0,0.429879,0.701813,UKR,POL,902190
10555239,230,177,9750,2015,0.0,1001.0,0.273876,-0.363695,URY,POL,902190
10555240,231,177,9750,2015,6224230.0,7144738.0,1.720478,-0.129322,USA,POL,902190
10555241,232,177,9750,2015,0.0,113683.0,-0.724966,-0.599292,UZB,POL,902190
10555242,236,177,9750,2015,0.0,7749.0,-0.9249129999999999,-1.1877280000000001,VEN,POL,902190
10555243,239,177,9750,2015,314167.0,2043648.0,-0.17108900000000002,1.10995,VNM,POL,902190
10555244,246,177,9750,2015,0.0,14251.0,0.24944699999999997,1.7573159999999999,ZAF,POL,902190
10555245,248,177,9750,2015,0.0,759.0,-0.838017,-0.9400270000000001,ZWE,POL,902190
10555246,249,177,9750,2015,178127.0,1165318.0,1.962832,1.214982,TWN,POL,902190
10555247,250,177,9750,2015,70196.0,22828.0,0.377283,-0.092204,ANS,POL,902190
10555248,2,179,9750,2015,0.0,33234.0,-1.6542,-1.2598989999999999,AGO,PRT,902190
10555249,7,179,9750,2015,0.0,10109.0,0.21779600000000002,-0.0047420000000000006,ARE,PRT,902190
10555250,8,179,9750,2015,3769.0,0.0,0.116896,0.30330999999999997,ARG,PRT,902190
10555251,15,179,9750,2015,1706841.0,0.0,1.747098,-0.08026699999999999,AUT,PRT,902190
10555252,18,179,9750,2015,4892503.0,81976.0,1.329866,1.100641,BEL,PRT,902190
10555253,32,179,9750,2015,9835.0,0.0,0.23656799999999997,0.688607,BRA,PRT,902190
10555254,39,179,9750,2015,2043.0,0.0,0.695867,1.171676,CAN,PRT,902190
10555255,41,179,9750,2015,20991.0,34572.0,2.306075,0.720781,CHE,PRT,902190
10555256,42,179,9750,2015,0.0,44051.0,-0.356167,-0.47629399999999994,CHL,PRT,902190
10555257,43,179,9750,2015,5899.0,0.0,1.077143,1.735757,CHN,PRT,902190
10555258,59,179,9750,2015,20091.0,0.0,1.743012,0.45424,CZE,PRT,902190
10555259,61,179,9750,2015,2477119.0,1232.0,2.203818,-2.307561,DEU,PRT,902190
10555260,64,179,9750,2015,269581.0,25261.0,1.157924,1.2045629999999998,DNK,PRT,902190
10555261,71,179,9750,2015,9666504.0,4337980.0,0.8173590000000001,2.442556,ESP,PRT,902190
10555262,74,179,9750,2015,0.0,140514.0,1.597817,0.998059,FIN,PRT,902190
10555263,77,179,9750,2015,1927143.0,49672.0,1.479792,0.6490239999999999,FRA,PRT,902190
10555264,81,179,9750,2015,196034.0,2674.0,1.7422990000000003,0.75838,GBR,PRT,902190
10555265,83,179,9750,2015,0.0,11033.0,-0.750568,-0.690257,GHA,PRT,902190
10555266,100,179,9750,2015,2808.0,0.0,0.7590140000000001,1.257415,HRV,PRT,902190
10555267,102,179,9750,2015,34987.0,0.0,1.462839,0.803258,HUN,PRT,902190
10555268,110,179,9750,2015,0.0,12041.0,1.260071,0.545545,ISR,PRT,902190
10555269,111,179,9750,2015,434865.0,19977.0,1.321127,0.747046,ITA,PRT,902190
10555270,121,179,9750,2015,198106.0,0.0,1.900653,0.859406,KOR,PRT,902190
10555271,126,179,9750,2015,0.0,10328.0,-1.3257219999999998,-1.260453,LBY,PRT,902190
10555272,132,179,9750,2015,2503.0,0.0,0.602209,1.125357,LVA,PRT,902190
10555273,147,179,9750,2015,0.0,11722.0,-1.293809,-1.115069,MOZ,PRT,902190
10555274,162,179,9750,2015,14716809.0,2232656.0,1.230104,1.27344,NLD,PRT,902190
10555275,163,179,9750,2015,0.0,19303.0,0.950708,0.314339,NOR,PRT,902190
10555276,166,179,9750,2015,3148.0,0.0,0.224598,0.253179,NZL,PRT,902190
10555277,177,179,9750,2015,51754.0,0.0,1.145844,1.1449280000000002,POL,PRT,902190
10555278,185,179,9750,2015,0.0,218601.0,0.946363,1.056775,ROU,PRT,902190
10555279,192,179,9750,2015,0.0,15835.0,2.05613,0.593065,SGP,PRT,902190
10555280,207,179,9750,2015,0.0,26051.0,1.6089879999999999,0.833616,SVN,PRT,902190
10555281,208,179,9750,2015,457911.0,0.0,1.8068349999999997,0.693389,SWE,PRT,902190
10555282,224,179,9750,2015,5025.0,39842.0,0.438669,2.519632,TUR,PRT,902190
10555283,231,179,9750,2015,321169.0,0.0,1.720478,-0.129322,USA,PRT,902190
10555284,249,179,9750,2015,17382.0,0.0,1.962832,1.214982,TWN,PRT,902190
10555285,8,180,9750,2015,10218.0,0.0,0.116896,0.30330999999999997,ARG,PRY,902190
10555286,14,180,9750,2015,6432.0,0.0,-0.292325,-0.043489,AUS,PRY,902190
10555287,18,180,9750,2015,20519.0,0.0,1.329866,1.100641,BEL,PRY,902190
10555288,32,180,9750,2015,61907.0,0.0,0.23656799999999997,0.688607,BRA,PRY,902190
10555289,41,180,9750,2015,74067.0,0.0,2.306075,0.720781,CHE,PRY,902190
10555290,42,180,9750,2015,4207.0,0.0,-0.356167,-0.47629399999999994,CHL,PRY,902190
10555291,43,180,9750,2015,21172.0,0.0,1.077143,1.735757,CHN,PRY,902190
10555292,61,180,9750,2015,146197.0,0.0,2.203818,-2.307561,DEU,PRY,902190
10555293,64,180,9750,2015,77825.0,0.0,1.157924,1.2045629999999998,DNK,PRY,902190
10555294,68,180,9750,2015,6655.0,0.0,-0.183053,1.765036,EGY,PRY,902190
10555295,71,180,9750,2015,13588.0,0.0,0.8173590000000001,2.442556,ESP,PRY,902190
10555296,74,180,9750,2015,9371.0,0.0,1.597817,0.998059,FIN,PRY,902190
10555297,104,180,9750,2015,10208.0,0.0,0.24230900000000002,2.8190880000000003,IND,PRY,902190
10555298,106,180,9750,2015,7564.0,0.0,1.304942,0.126431,IRL,PRY,902190
10555299,110,180,9750,2015,423.0,0.0,1.260071,0.545545,ISR,PRY,902190
10555300,111,180,9750,2015,1494.0,0.0,1.321127,0.747046,ITA,PRY,902190
10555301,114,180,9750,2015,79907.0,0.0,2.516133,-0.484202,JPN,PRY,902190
10555302,121,180,9750,2015,68802.0,0.0,1.900653,0.859406,KOR,PRY,902190
10555303,138,180,9750,2015,5798.0,0.0,1.169724,0.61457,MEX,PRY,902190
10555304,153,180,9750,2015,6428.0,0.0,1.082803,0.811615,MYS,PRY,902190
10555305,162,180,9750,2015,141050.0,0.0,1.230104,1.27344,NLD,PRY,902190
10555306,192,180,9750,2015,5279.0,0.0,2.05613,0.593065,SGP,PRY,902190
10555307,230,180,9750,2015,2144.0,0.0,0.273876,-0.363695,URY,PRY,902190
10555308,231,180,9750,2015,90296.0,0.0,1.720478,-0.129322,USA,PRY,902190
10555309,239,180,9750,2015,5143.0,0.0,-0.17108900000000002,1.10995,VNM,PRY,902190
10555310,14,181,9750,2015,7671.0,0.0,-0.292325,-0.043489,AUS,PSE,902190
10555311,18,181,9750,2015,5428.0,0.0,1.329866,1.100641,BEL,PSE,902190
10555312,41,181,9750,2015,50174.0,0.0,2.306075,0.720781,CHE,PSE,902190
10555313,43,181,9750,2015,10160.0,0.0,1.077143,1.735757,CHN,PSE,902190
10555314,61,181,9750,2015,41849.0,0.0,2.203818,-2.307561,DEU,PSE,902190
10555315,71,181,9750,2015,2545.0,0.0,0.8173590000000001,2.442556,ESP,PSE,902190
10555316,77,181,9750,2015,2875.0,0.0,1.479792,0.6490239999999999,FRA,PSE,902190
10555317,97,181,9750,2015,5039.0,0.0,0.8255290000000001,1.8017279999999998,HKG,PSE,902190
10555318,224,181,9750,2015,12142.0,0.0,0.438669,2.519632,TUR,PSE,902190
10555319,231,181,9750,2015,1867.0,0.0,1.720478,-0.129322,USA,PSE,902190
10555320,7,188,9750,2015,11384560.0,0.0,0.21779600000000002,-0.0047420000000000006,ARE,SAU,902190
10555321,8,188,9750,2015,11548.0,0.0,0.116896,0.30330999999999997,ARG,SAU,902190
10555322,15,188,9750,2015,2825662.0,517761.0,1.747098,-0.08026699999999999,AUT,SAU,902190
10555323,18,188,9750,2015,4596400.0,1523.0,1.329866,1.100641,BEL,SAU,902190
10555324,24,188,9750,2015,487685.0,0.0,0.36650900000000003,-0.28735,BHR,SAU,902190
10555325,39,188,9750,2015,66218.0,0.0,0.695867,1.171676,CAN,SAU,902190
10555326,41,188,9750,2015,1790454.0,1107.0,2.306075,0.720781,CHE,SAU,902190
10555327,43,188,9750,2015,266376.0,0.0,1.077143,1.735757,CHN,SAU,902190
10555328,52,188,9750,2015,310310.0,0.0,0.24859699999999998,-0.033143,CRI,SAU,902190
10555329,59,188,9750,2015,69616.0,0.0,1.743012,0.45424,CZE,SAU,902190
10555330,61,188,9750,2015,5295136.0,30829.0,2.203818,-2.307561,DEU,SAU,902190
10555331,64,188,9750,2015,306461.0,0.0,1.157924,1.2045629999999998,DNK,SAU,902190
10555332,68,188,9750,2015,289785.0,0.0,-0.183053,1.765036,EGY,SAU,902190
10555333,71,188,9750,2015,225021.0,0.0,0.8173590000000001,2.442556,ESP,SAU,902190
10555334,74,188,9750,2015,504382.0,0.0,1.597817,0.998059,FIN,SAU,902190
10555335,77,188,9750,2015,2594480.0,1242.0,1.479792,0.6490239999999999,FRA,SAU,902190
10555336,81,188,9750,2015,1979606.0,0.0,1.7422990000000003,0.75838,GBR,SAU,902190
10555337,102,188,9750,2015,182940.0,0.0,1.462839,0.803258,HUN,SAU,902190
10555338,104,188,9750,2015,166442.0,0.0,0.24230900000000002,2.8190880000000003,IND,SAU,902190
10555339,106,188,9750,2015,3368368.0,0.0,1.304942,0.126431,IRL,SAU,902190
10555340,111,188,9750,2015,214310.0,0.0,1.321127,0.747046,ITA,SAU,902190
10555341,114,188,9750,2015,16933.0,0.0,2.516133,-0.484202,JPN,SAU,902190
10555342,121,188,9750,2015,242155.0,3309.0,1.900653,0.859406,KOR,SAU,902190
10555343,122,188,9750,2015,0.0,6712.0,-0.352023,-1.153057,KWT,SAU,902190
10555344,138,188,9750,2015,725602.0,0.0,1.169724,0.61457,MEX,SAU,902190
10555345,153,188,9750,2015,50921.0,0.0,1.082803,0.811615,MYS,SAU,902190
10555346,159,188,9750,2015,0.0,3291.0,-1.415451,-1.157829,NGA,SAU,902190
10555347,162,188,9750,2015,36293784.0,75382.0,1.230104,1.27344,NLD,SAU,902190
10555348,163,188,9750,2015,3120.0,2731.0,0.950708,0.314339,NOR,SAU,902190
10555349,177,188,9750,2015,8460.0,0.0,1.145844,1.1449280000000002,POL,SAU,902190
10555350,190,188,9750,2015,0.0,1498.0,-1.420356,-1.218424,SDN,SAU,902190
10555351,192,188,9750,2015,162887.0,0.0,2.05613,0.593065,SGP,SAU,902190
10555352,206,188,9750,2015,5724.0,0.0,1.287133,0.7900560000000001,SVK,SAU,902190
10555353,207,188,9750,2015,54866.0,0.0,1.6089879999999999,0.833616,SVN,SAU,902190
10555354,208,188,9750,2015,26226.0,0.0,1.8068349999999997,0.693389,SWE,SAU,902190
10555355,216,188,9750,2015,27656.0,0.0,0.965888,1.368572,THA,SAU,902190
10555356,224,188,9750,2015,10553.0,0.0,0.438669,2.519632,TUR,SAU,902190
10555357,228,188,9750,2015,81213.0,0.0,0.429879,0.701813,UKR,SAU,902190
10555358,231,188,9750,2015,5212613.0,0.0,1.720478,-0.129322,USA,SAU,902190
10555359,249,188,9750,2015,5168.0,0.0,1.962832,1.214982,TWN,SAU,902190
10555360,250,188,9750,2015,173703.0,0.0,0.377283,-0.092204,ANS,SAU,902190
10555361,7,190,9750,2015,3208.0,0.0,0.21779600000000002,-0.0047420000000000006,ARE,SDN,902190
10555362,15,190,9750,2015,84651.0,0.0,1.747098,-0.08026699999999999,AUT,SDN,902190
10555363,43,190,9750,2015,8692.0,0.0,1.077143,1.735757,CHN,SDN,902190
10555364,61,190,9750,2015,1992.0,0.0,2.203818,-2.307561,DEU,SDN,902190
10555365,64,190,9750,2015,131552.0,0.0,1.157924,1.2045629999999998,DNK,SDN,902190
10555366,68,190,9750,2015,125265.0,0.0,-0.183053,1.765036,EGY,SDN,902190
10555367,77,190,9750,2015,1249.0,1591.0,1.479792,0.6490239999999999,FRA,SDN,902190
10555368,104,190,9750,2015,54609.0,0.0,0.24230900000000002,2.8190880000000003,IND,SDN,902190
10555369,162,190,9750,2015,292278.0,0.0,1.230104,1.27344,NLD,SDN,902190
10555370,188,190,9750,2015,1498.0,0.0,0.5552520000000001,-0.7263229999999999,SAU,SDN,902190
10555371,224,190,9750,2015,12345.0,0.0,0.438669,2.519632,TUR,SDN,902190
10555372,246,190,9750,2015,9116.0,0.0,0.24944699999999997,1.7573159999999999,ZAF,SDN,902190
10555373,7,192,9750,2015,0.0,91196.0,0.21779600000000002,-0.0047420000000000006,ARE,SGP,902190
10555374,8,192,9750,2015,0.0,538402.0,0.116896,0.30330999999999997,ARG,SGP,902190
10555375,14,192,9750,2015,4476879.0,13517773.0,-0.292325,-0.043489,AUS,SGP,902190
10555376,15,192,9750,2015,134877.0,1149077.0,1.747098,-0.08026699999999999,AUT,SGP,902190
10555377,18,192,9750,2015,659966.0,48411.0,1.329866,1.100641,BEL,SGP,902190
10555378,22,192,9750,2015,0.0,92624.0,-1.088465,-0.8745360000000001,BGD,SGP,902190
10555379,24,192,9750,2015,0.0,8816.0,0.36650900000000003,-0.28735,BHR,SGP,902190
10555380,26,192,9750,2015,0.0,48179.0,0.355903,0.723092,BIH,SGP,902190
10555381,31,192,9750,2015,15081.0,335.0,-1.051562,-1.067714,BOL,SGP,902190
10555382,32,192,9750,2015,154775.0,1177412.0,0.23656799999999997,0.688607,BRA,SGP,902190
10555383,34,192,9750,2015,9032.0,33680.0,1.093564,-0.679211,BRN,SGP,902190
10555384,39,192,9750,2015,27820.0,2278808.0,0.695867,1.171676,CAN,SGP,902190
10555385,41,192,9750,2015,2523576.0,773110.0,2.306075,0.720781,CHE,SGP,902190
10555386,42,192,9750,2015,0.0,4544.0,-0.356167,-0.47629399999999994,CHL,SGP,902190
10555387,43,192,9750,2015,4161577.0,54152424.0,1.077143,1.735757,CHN,SGP,902190
10555388,49,192,9750,2015,0.0,51564.0,0.156383,-0.183055,COL,SGP,902190
10555389,52,192,9750,2015,539918.0,0.0,0.24859699999999998,-0.033143,CRI,SGP,902190
10555390,59,192,9750,2015,24241.0,409622.0,1.743012,0.45424,CZE,SGP,902190
10555391,61,192,9750,2015,55582260.0,17039496.0,2.203818,-2.307561,DEU,SGP,902190
10555392,64,192,9750,2015,1156989.0,2550254.0,1.157924,1.2045629999999998,DNK,SGP,902190
10555393,65,192,9750,2015,1072.0,0.0,-0.212808,0.395873,DOM,SGP,902190
10555394,66,192,9750,2015,0.0,197456.0,-1.54346,-1.255633,DZA,SGP,902190
10555395,67,192,9750,2015,0.0,41423.0,-0.9845959999999999,-1.075639,ECU,SGP,902190
10555396,71,192,9750,2015,1906.0,1475179.0,0.8173590000000001,2.442556,ESP,SGP,902190
10555397,73,192,9750,2015,0.0,19175.0,-1.004896,-0.721019,ETH,SGP,902190
10555398,74,192,9750,2015,51235.0,188441.0,1.597817,0.998059,FIN,SGP,902190
10555399,77,192,9750,2015,1392661.0,31085816.0,1.479792,0.6490239999999999,FRA,SGP,902190
10555400,81,192,9750,2015,286274.0,5028850.0,1.7422990000000003,0.75838,GBR,SGP,902190
10555401,97,192,9750,2015,547153.0,7822670.0,0.8255290000000001,1.8017279999999998,HKG,SGP,902190
10555402,102,192,9750,2015,10500.0,42446.0,1.462839,0.803258,HUN,SGP,902190
10555403,103,192,9750,2015,10910153.0,3741445.0,-0.145103,1.277362,IDN,SGP,902190
10555404,104,192,9750,2015,51420.0,3822903.0,0.24230900000000002,2.8190880000000003,IND,SGP,902190
10555405,106,192,9750,2015,9769329.0,108944.0,1.304942,0.126431,IRL,SGP,902190
10555406,107,192,9750,2015,0.0,118441.0,-0.258946,-0.0073420000000000004,IRN,SGP,902190
10555407,109,192,9750,2015,1426.0,0.0,0.24527600000000002,-0.411616,ISL,SGP,902190
10555408,110,192,9750,2015,224016.0,0.0,1.260071,0.545545,ISR,SGP,902190
10555409,111,192,9750,2015,451608.0,325227.0,1.321127,0.747046,ITA,SGP,902190
10555410,114,192,9750,2015,310264.0,7828594.0,2.516133,-0.484202,JPN,SGP,902190
10555411,115,192,9750,2015,0.0,1843096.0,-0.45091499999999995,-0.652026,KAZ,SGP,902190
10555412,118,192,9750,2015,0.0,3881.0,-0.791985,-0.833046,KHM,SGP,902190
10555413,121,192,9750,2015,2336648.0,10655886.0,1.900653,0.859406,KOR,SGP,902190
10555414,122,192,9750,2015,0.0,94093.0,-0.352023,-1.153057,KWT,SGP,902190
10555415,124,192,9750,2015,0.0,58620.0,0.317355,1.330374,LBN,SGP,902190
10555416,128,192,9750,2015,0.0,356329.0,-0.6773399999999999,0.386343,LKA,SGP,902190
10555417,131,192,9750,2015,0.0,7495.0,1.218924,1.247152,LUX,SGP,902190
10555418,134,192,9750,2015,0.0,20208.0,-0.7554810000000001,-0.059697,MAR,SGP,902190
10555419,138,192,9750,2015,2880038.0,77865.0,1.169724,0.61457,MEX,SGP,902190
10555420,140,192,9750,2015,0.0,3351.0,-0.09009600000000001,-0.147359,MKD,SGP,902190
10555421,143,192,9750,2015,0.0,32054.0,-1.4596120000000001,-0.903904,MMR,SGP,902190
10555422,145,192,9750,2015,0.0,38826.0,-1.244368,-1.196677,MNG,SGP,902190
10555423,153,192,9750,2015,9989853.0,23565524.0,1.082803,0.811615,MYS,SGP,902190
10555424,155,192,9750,2015,0.0,3975.0,-0.43457399999999996,-0.665655,NAM,SGP,902190
10555425,156,192,9750,2015,0.0,5794.0,-0.727911,-0.844562,NCL,SGP,902190
10555426,162,192,9750,2015,16388414.0,12126215.0,1.230104,1.27344,NLD,SGP,902190
10555427,163,192,9750,2015,8863.0,1020171.0,0.950708,0.314339,NOR,SGP,902190
10555428,164,192,9750,2015,0.0,9746.0,-0.290416,0.456716,NPL,SGP,902190
10555429,166,192,9750,2015,30747.0,2315745.0,0.224598,0.253179,NZL,SGP,902190
10555430,168,192,9750,2015,15730.0,105904.0,-0.7059979999999999,0.73501,PAK,SGP,902190
10555431,173,192,9750,2015,0.0,5037.0,-0.6007819999999999,0.32152800000000004,PER,SGP,902190
10555432,174,192,9750,2015,2216483.0,584584.0,0.6406270000000001,0.45770200000000005,PHL,SGP,902190
10555433,177,192,9750,2015,390496.0,4991014.0,1.145844,1.1449280000000002,POL,SGP,902190
10555434,179,192,9750,2015,15835.0,0.0,0.561922,2.2276380000000002,PRT,SGP,902190
10555435,180,192,9750,2015,0.0,5279.0,-0.471106,-0.9431139999999999,PRY,SGP,902190
10555436,182,192,9750,2015,0.0,8733.0,-0.301696,-0.795154,PYF,SGP,902190
10555437,183,192,9750,2015,0.0,40505.0,-0.077053,-0.9922719999999999,QAT,SGP,902190
10555438,185,192,9750,2015,1096225.0,0.0,0.946363,1.056775,ROU,SGP,902190
10555439,186,192,9750,2015,0.0,2796234.0,0.23119,0.035965,RUS,SGP,902190
10555440,188,192,9750,2015,0.0,162887.0,0.5552520000000001,-0.7263229999999999,SAU,SGP,902190
10555441,201,192,9750,2015,0.0,104856.0,0.457042,1.324908,SRB,SGP,902190
10555442,205,192,9750,2015,194.0,0.0,-0.570361,-1.005072,SUR,SGP,902190
10555443,206,192,9750,2015,0.0,45563.0,1.287133,0.7900560000000001,SVK,SGP,902190
10555444,207,192,9750,2015,0.0,4271.0,1.6089879999999999,0.833616,SVN,SGP,902190
10555445,208,192,9750,2015,36922.0,1561.0,1.8068349999999997,0.693389,SWE,SGP,902190
10555446,216,192,9750,2015,33382.0,4947986.0,0.965888,1.368572,THA,SGP,902190
10555447,223,192,9750,2015,0.0,9168.0,0.140202,0.967591,TUN,SGP,902190
10555448,224,192,9750,2015,17786.0,142777.0,0.438669,2.519632,TUR,SGP,902190
10555449,228,192,9750,2015,0.0,657147.0,0.429879,0.701813,UKR,SGP,902190
10555450,230,192,9750,2015,0.0,6381.0,0.273876,-0.363695,URY,SGP,902190
10555451,231,192,9750,2015,59987448.0,54634220.0,1.720478,-0.129322,USA,SGP,902190
10555452,239,192,9750,2015,8875487.0,988984.0,-0.17108900000000002,1.10995,VNM,SGP,902190
10555453,246,192,9750,2015,0.0,925276.0,0.24944699999999997,1.7573159999999999,ZAF,SGP,902190
10555454,249,192,9750,2015,177007.0,4822871.0,1.962832,1.214982,TWN,SGP,902190
10555455,8,197,9750,2015,3896.0,0.0,0.116896,0.30330999999999997,ARG,SLV,902190
10555456,18,197,9750,2015,3088.0,0.0,1.329866,1.100641,BEL,SLV,902190
10555457,29,197,9750,2015,0.0,997.0,-0.24283600000000002,-0.577408,BLZ,SLV,902190
10555458,32,197,9750,2015,3170.0,0.0,0.23656799999999997,0.688607,BRA,SLV,902190
10555459,39,197,9750,2015,1218.0,0.0,0.695867,1.171676,CAN,SLV,902190
10555460,41,197,9750,2015,4510.0,0.0,2.306075,0.720781,CHE,SLV,902190
10555461,43,197,9750,2015,13753.0,0.0,1.077143,1.735757,CHN,SLV,902190
10555462,52,197,9750,2015,0.0,4371.0,0.24859699999999998,-0.033143,CRI,SLV,902190
10555463,61,197,9750,2015,72111.0,0.0,2.203818,-2.307561,DEU,SLV,902190
10555464,64,197,9750,2015,14397.0,0.0,1.157924,1.2045629999999998,DNK,SLV,902190
10555465,71,197,9750,2015,8774.0,0.0,0.8173590000000001,2.442556,ESP,SLV,902190
10555466,77,197,9750,2015,4072.0,0.0,1.479792,0.6490239999999999,FRA,SLV,902190
10555467,81,197,9750,2015,21818.0,0.0,1.7422990000000003,0.75838,GBR,SLV,902190
10555468,93,197,9750,2015,0.0,37082.0,-0.284403,0.525564,GTM,SLV,902190
10555469,97,197,9750,2015,2152.0,0.0,0.8255290000000001,1.8017279999999998,HKG,SLV,902190
10555470,99,197,9750,2015,0.0,52116.0,-0.578635,-0.292053,HND,SLV,902190
10555471,104,197,9750,2015,1111.0,0.0,0.24230900000000002,2.8190880000000003,IND,SLV,902190
10555472,106,197,9750,2015,22913.0,0.0,1.304942,0.126431,IRL,SLV,902190
10555473,110,197,9750,2015,32175.0,0.0,1.260071,0.545545,ISR,SLV,902190
10555474,111,197,9750,2015,919.0,0.0,1.321127,0.747046,ITA,SLV,902190
10555475,114,197,9750,2015,5907.0,0.0,2.516133,-0.484202,JPN,SLV,902190
10555476,121,197,9750,2015,11604.0,0.0,1.900653,0.859406,KOR,SLV,902190
10555477,138,197,9750,2015,8380.0,0.0,1.169724,0.61457,MEX,SLV,902190
10555478,162,197,9750,2015,155380.0,0.0,1.230104,1.27344,NLD,SLV,902190
10555479,169,197,9750,2015,0.0,9390.0,0.642058,0.833392,PAN,SLV,902190
10555480,174,197,9750,2015,698.0,0.0,0.6406270000000001,0.45770200000000005,PHL,SLV,902190
10555481,177,197,9750,2015,14017.0,0.0,1.145844,1.1449280000000002,POL,SLV,902190
10555482,231,197,9750,2015,158271.0,0.0,1.720478,-0.129322,USA,SLV,902190
10555483,236,197,9750,2015,0.0,3353.0,-0.9249129999999999,-1.1877280000000001,VEN,SLV,902190
10555484,249,197,9750,2015,1733.0,0.0,1.962832,1.214982,TWN,SLV,902190
10555485,77,205,9750,2015,5187.0,0.0,1.479792,0.6490239999999999,FRA,SUR,902190
10555486,162,205,9750,2015,30388.0,9957.0,1.230104,1.27344,NLD,SUR,902190
10555487,177,205,9750,2015,30464.0,0.0,1.145844,1.1449280000000002,POL,SUR,902190
10555488,192,205,9750,2015,0.0,194.0,2.05613,0.593065,SGP,SUR,902190
10555489,231,205,9750,2015,5206.0,0.0,1.720478,-0.129322,USA,SUR,902190
10555490,0,208,9750,2015,0.0,17114.0,0.8526809999999999,-0.043541,ABW,SWE,902190
10555491,7,208,9750,2015,0.0,22981.0,0.21779600000000002,-0.0047420000000000006,ARE,SWE,902190
10555492,8,208,9750,2015,0.0,66150.0,0.116896,0.30330999999999997,ARG,SWE,902190
10555493,9,208,9750,2015,0.0,746.0,0.037579,-0.42448800000000003,ARM,SWE,902190
10555494,14,208,9750,2015,176682.0,3565381.0,-0.292325,-0.043489,AUS,SWE,902190
10555495,15,208,9750,2015,4306194.0,158646.0,1.747098,-0.08026699999999999,AUT,SWE,902190
10555496,16,208,9750,2015,0.0,9058.0,-0.983347,-1.231542,AZE,SWE,902190
10555497,18,208,9750,2015,13355870.0,2671905.0,1.329866,1.100641,BEL,SWE,902190
10555498,24,208,9750,2015,0.0,1852.0,0.36650900000000003,-0.28735,BHR,SWE,902190
10555499,26,208,9750,2015,0.0,9263.0,0.355903,0.723092,BIH,SWE,902190
10555500,28,208,9750,2015,0.0,5312.0,0.672499,0.5584020000000001,BLR,SWE,902190
10555501,32,208,9750,2015,150790.0,484127.0,0.23656799999999997,0.688607,BRA,SWE,902190
10555502,39,208,9750,2015,24083.0,159484.0,0.695867,1.171676,CAN,SWE,902190
10555503,41,208,9750,2015,3171955.0,1284945.0,2.306075,0.720781,CHE,SWE,902190
10555504,42,208,9750,2015,0.0,21486.0,-0.356167,-0.47629399999999994,CHL,SWE,902190
10555505,43,208,9750,2015,4198388.0,670512.0,1.077143,1.735757,CHN,SWE,902190
10555506,49,208,9750,2015,0.0,59240.0,0.156383,-0.183055,COL,SWE,902190
10555507,58,208,9750,2015,114897.0,41140.0,0.511225,-0.207261,CYP,SWE,902190
10555508,59,208,9750,2015,115862.0,48077.0,1.743012,0.45424,CZE,SWE,902190
10555509,61,208,9750,2015,27823690.0,7993599.0,2.203818,-2.307561,DEU,SWE,902190
10555510,64,208,9750,2015,7463541.0,8033850.0,1.157924,1.2045629999999998,DNK,SWE,902190
10555511,65,208,9750,2015,24219.0,0.0,-0.212808,0.395873,DOM,SWE,902190
10555512,66,208,9750,2015,0.0,4211.0,-1.54346,-1.255633,DZA,SWE,902190
10555513,67,208,9750,2015,0.0,1463.0,-0.9845959999999999,-1.075639,ECU,SWE,902190
10555514,68,208,9750,2015,23790.0,132676.0,-0.183053,1.765036,EGY,SWE,902190
10555515,71,208,9750,2015,66803.0,1742125.0,0.8173590000000001,2.442556,ESP,SWE,902190
10555516,72,208,9750,2015,1574976.0,263675.0,0.9281149999999999,1.1780389999999998,EST,SWE,902190
10555517,74,208,9750,2015,3118245.0,5939850.0,1.597817,0.998059,FIN,SWE,902190
10555518,77,208,9750,2015,861600.0,4330200.0,1.479792,0.6490239999999999,FRA,SWE,902190
10555519,78,208,9750,2015,0.0,10952.0,-0.700767,-0.9214399999999999,FRO,SWE,902190
10555520,81,208,9750,2015,1948627.0,13414308.0,1.7422990000000003,0.75838,GBR,SWE,902190
10555521,82,208,9750,2015,0.0,18749.0,-0.343663,-0.588017,GEO,SWE,902190
10555522,90,208,9750,2015,23326.0,70437.0,0.099027,1.012289,GRC,SWE,902190
10555523,93,208,9750,2015,2912.0,0.0,-0.284403,0.525564,GTM,SWE,902190
10555524,97,208,9750,2015,38882.0,87678.0,0.8255290000000001,1.8017279999999998,HKG,SWE,902190
10555525,100,208,9750,2015,0.0,921900.0,0.7590140000000001,1.257415,HRV,SWE,902190
10555526,102,208,9750,2015,0.0,29899.0,1.462839,0.803258,HUN,SWE,902190
10555527,103,208,9750,2015,0.0,3364.0,-0.145103,1.277362,IDN,SWE,902190
10555528,104,208,9750,2015,46578.0,199259.0,0.24230900000000002,2.8190880000000003,IND,SWE,902190
10555529,106,208,9750,2015,345820.0,170777.0,1.304942,0.126431,IRL,SWE,902190
10555530,107,208,9750,2015,0.0,59278.0,-0.258946,-0.0073420000000000004,IRN,SWE,902190
10555531,109,208,9750,2015,73971.0,422099.0,0.24527600000000002,-0.411616,ISL,SWE,902190
10555532,110,208,9750,2015,138170.0,46565.0,1.260071,0.545545,ISR,SWE,902190
10555533,111,208,9750,2015,939173.0,2449008.0,1.321127,0.747046,ITA,SWE,902190
10555534,113,208,9750,2015,0.0,121335.0,0.121172,0.457301,JOR,SWE,902190
10555535,114,208,9750,2015,162007.0,1267785.0,2.516133,-0.484202,JPN,SWE,902190
10555536,121,208,9750,2015,10707.0,118655.0,1.900653,0.859406,KOR,SWE,902190
10555537,124,208,9750,2015,0.0,60218.0,0.317355,1.330374,LBN,SWE,902190
10555538,125,208,9750,2015,0.0,1901.0,-1.087459,-1.195708,LBR,SWE,902190
10555539,126,208,9750,2015,0.0,54227.0,-1.3257219999999998,-1.260453,LBY,SWE,902190
10555540,128,208,9750,2015,0.0,5612.0,-0.6773399999999999,0.386343,LKA,SWE,902190
10555541,130,208,9750,2015,407912.0,168339.0,0.749429,1.3659860000000001,LTU,SWE,902190
10555542,131,208,9750,2015,0.0,34043.0,1.218924,1.247152,LUX,SWE,902190
10555543,132,208,9750,2015,5332.0,4214.0,0.602209,1.125357,LVA,SWE,902190
10555544,134,208,9750,2015,0.0,22459.0,-0.7554810000000001,-0.059697,MAR,SWE,902190
10555545,138,208,9750,2015,180813.0,36550.0,1.169724,0.61457,MEX,SWE,902190
10555546,153,208,9750,2015,1649.0,252249.0,1.082803,0.811615,MYS,SWE,902190
10555547,162,208,9750,2015,7265640.0,3669831.0,1.230104,1.27344,NLD,SWE,902190
10555548,163,208,9750,2015,672192.0,3665494.0,0.950708,0.314339,NOR,SWE,902190
10555549,166,208,9750,2015,0.0,14201.0,0.224598,0.253179,NZL,SWE,902190
10555550,169,208,9750,2015,0.0,997739.0,0.642058,0.833392,PAN,SWE,902190
10555551,173,208,9750,2015,0.0,19060.0,-0.6007819999999999,0.32152800000000004,PER,SWE,902190
10555552,174,208,9750,2015,53228.0,0.0,0.6406270000000001,0.45770200000000005,PHL,SWE,902190
10555553,177,208,9750,2015,466797.0,7285677.0,1.145844,1.1449280000000002,POL,SWE,902190
10555554,179,208,9750,2015,0.0,457911.0,0.561922,2.2276380000000002,PRT,SWE,902190
10555555,182,208,9750,2015,0.0,1133.0,-0.301696,-0.795154,PYF,SWE,902190
10555556,183,208,9750,2015,0.0,48437.0,-0.077053,-0.9922719999999999,QAT,SWE,902190
10555557,185,208,9750,2015,0.0,86919.0,0.946363,1.056775,ROU,SWE,902190
10555558,186,208,9750,2015,0.0,312248.0,0.23119,0.035965,RUS,SWE,902190
10555559,188,208,9750,2015,0.0,26226.0,0.5552520000000001,-0.7263229999999999,SAU,SWE,902190
10555560,191,208,9750,2015,0.0,4649.0,-0.708349,-0.296663,SEN,SWE,902190
10555561,192,208,9750,2015,1561.0,36922.0,2.05613,0.593065,SGP,SWE,902190
10555562,201,208,9750,2015,0.0,86430.0,0.457042,1.324908,SRB,SWE,902190
10555563,206,208,9750,2015,0.0,559405.0,1.287133,0.7900560000000001,SVK,SWE,902190
10555564,207,208,9750,2015,0.0,31169.0,1.6089879999999999,0.833616,SVN,SWE,902190
10555565,216,208,9750,2015,13816.0,0.0,0.965888,1.368572,THA,SWE,902190
10555566,224,208,9750,2015,142975.0,36696.0,0.438669,2.519632,TUR,SWE,902190
10555567,228,208,9750,2015,0.0,1948.0,0.429879,0.701813,UKR,SWE,902190
10555568,231,208,9750,2015,4995600.0,37180020.0,1.720478,-0.129322,USA,SWE,902190
10555569,239,208,9750,2015,1563687.0,24227.0,-0.17108900000000002,1.10995,VNM,SWE,902190
10555570,246,208,9750,2015,30801.0,155557.0,0.24944699999999997,1.7573159999999999,ZAF,SWE,902190
10555571,249,208,9750,2015,162468.0,6899.0,1.962832,1.214982,TWN,SWE,902190
10555572,250,208,9750,2015,0.0,8657.0,0.377283,-0.092204,ANS,SWE,902190
10555573,7,216,9750,2015,0.0,1197.0,0.21779600000000002,-0.0047420000000000006,ARE,THA,902190
10555574,14,216,9750,2015,765228.0,61140.0,-0.292325,-0.043489,AUS,THA,902190
10555575,15,216,9750,2015,97563.0,3496.0,1.747098,-0.08026699999999999,AUT,THA,902190
10555576,18,216,9750,2015,1059426.0,981819.0,1.329866,1.100641,BEL,THA,902190
10555577,24,216,9750,2015,0.0,9652.0,0.36650900000000003,-0.28735,BHR,THA,902190
10555578,32,216,9750,2015,0.0,37095.0,0.23656799999999997,0.688607,BRA,THA,902190
10555579,33,216,9750,2015,16850.0,0.0,0.453689,0.039237,BRB,THA,902190
10555580,39,216,9750,2015,20681.0,32644.0,0.695867,1.171676,CAN,THA,902190
10555581,41,216,9750,2015,1898859.0,31423.0,2.306075,0.720781,CHE,THA,902190
10555582,42,216,9750,2015,0.0,17057.0,-0.356167,-0.47629399999999994,CHL,THA,902190
10555583,43,216,9750,2015,1323918.0,19375.0,1.077143,1.735757,CHN,THA,902190
10555584,45,216,9750,2015,0.0,956.0,-0.924366,-1.040721,CMR,THA,902190
10555585,59,216,9750,2015,9406.0,0.0,1.743012,0.45424,CZE,THA,902190
10555586,61,216,9750,2015,4282623.0,190185.0,2.203818,-2.307561,DEU,THA,902190
10555587,64,216,9750,2015,1350545.0,748886.0,1.157924,1.2045629999999998,DNK,THA,902190
10555588,71,216,9750,2015,154835.0,2990.0,0.8173590000000001,2.442556,ESP,THA,902190
10555589,77,216,9750,2015,271607.0,3870850.0,1.479792,0.6490239999999999,FRA,THA,902190
10555590,81,216,9750,2015,172697.0,449809.0,1.7422990000000003,0.75838,GBR,THA,902190
10555591,97,216,9750,2015,21732.0,2300.0,0.8255290000000001,1.8017279999999998,HKG,THA,902190
10555592,102,216,9750,2015,8848.0,0.0,1.462839,0.803258,HUN,THA,902190
10555593,103,216,9750,2015,3506.0,0.0,-0.145103,1.277362,IDN,THA,902190
10555594,104,216,9750,2015,234936.0,133211.0,0.24230900000000002,2.8190880000000003,IND,THA,902190
10555595,106,216,9750,2015,693706.0,2158.0,1.304942,0.126431,IRL,THA,902190
10555596,107,216,9750,2015,764.0,0.0,-0.258946,-0.0073420000000000004,IRN,THA,902190
10555597,110,216,9750,2015,26793.0,0.0,1.260071,0.545545,ISR,THA,902190
10555598,111,216,9750,2015,25419.0,4630.0,1.321127,0.747046,ITA,THA,902190
10555599,114,216,9750,2015,15859.0,4004.0,2.516133,-0.484202,JPN,THA,902190
10555600,118,216,9750,2015,9895.0,0.0,-0.791985,-0.833046,KHM,THA,902190
10555601,121,216,9750,2015,2730299.0,61995.0,1.900653,0.859406,KOR,THA,902190
10555602,128,216,9750,2015,0.0,16141.0,-0.6773399999999999,0.386343,LKA,THA,902190
10555603,138,216,9750,2015,75703.0,0.0,1.169724,0.61457,MEX,THA,902190
10555604,153,216,9750,2015,33753.0,3190.0,1.082803,0.811615,MYS,THA,902190
10555605,162,216,9750,2015,199669.0,146616.0,1.230104,1.27344,NLD,THA,902190
10555606,163,216,9750,2015,0.0,844.0,0.950708,0.314339,NOR,THA,902190
10555607,166,216,9750,2015,0.0,9638.0,0.224598,0.253179,NZL,THA,902190
10555608,168,216,9750,2015,10115.0,0.0,-0.7059979999999999,0.73501,PAK,THA,902190
10555609,177,216,9750,2015,15590.0,15952.0,1.145844,1.1449280000000002,POL,THA,902190
10555610,188,216,9750,2015,0.0,27656.0,0.5552520000000001,-0.7263229999999999,SAU,THA,902190
10555611,192,216,9750,2015,4947986.0,33382.0,2.05613,0.593065,SGP,THA,902190
10555612,208,216,9750,2015,0.0,13816.0,1.8068349999999997,0.693389,SWE,THA,902190
10555613,224,216,9750,2015,0.0,8184.0,0.438669,2.519632,TUR,THA,902190
10555614,231,216,9750,2015,1804173.0,1364358.0,1.720478,-0.129322,USA,THA,902190
10555615,239,216,9750,2015,0.0,18526.0,-0.17108900000000002,1.10995,VNM,THA,902190
10555616,246,216,9750,2015,0.0,17275.0,0.24944699999999997,1.7573159999999999,ZAF,THA,902190
10555617,249,216,9750,2015,233441.0,1396.0,1.962832,1.214982,TWN,THA,902190
10555618,18,222,9750,2015,6255.0,0.0,1.329866,1.100641,BEL,TTO,902190
10555619,33,222,9750,2015,0.0,14904.0,0.453689,0.039237,BRB,TTO,902190
10555620,39,222,9750,2015,731.0,0.0,0.695867,1.171676,CAN,TTO,902190
10555621,43,222,9750,2015,9278.0,0.0,1.077143,1.735757,CHN,TTO,902190
10555622,61,222,9750,2015,352755.0,0.0,2.203818,-2.307561,DEU,TTO,902190
10555623,64,222,9750,2015,65121.0,0.0,1.157924,1.2045629999999998,DNK,TTO,902190
10555624,77,222,9750,2015,1371.0,0.0,1.479792,0.6490239999999999,FRA,TTO,902190
10555625,81,222,9750,2015,4972.0,3102.0,1.7422990000000003,0.75838,GBR,TTO,902190
10555626,104,222,9750,2015,16706.0,0.0,0.24230900000000002,2.8190880000000003,IND,TTO,902190
10555627,106,222,9750,2015,20092.0,0.0,1.304942,0.126431,IRL,TTO,902190
10555628,111,222,9750,2015,26964.0,0.0,1.321127,0.747046,ITA,TTO,902190
10555629,112,222,9750,2015,6445.0,4694.0,-0.438267,-0.828097,JAM,TTO,902190
10555630,162,222,9750,2015,144705.0,32162.0,1.230104,1.27344,NLD,TTO,902190
10555631,177,222,9750,2015,693.0,0.0,1.145844,1.1449280000000002,POL,TTO,902190
10555632,231,222,9750,2015,491890.0,0.0,1.720478,-0.129322,USA,TTO,902190
10555633,249,222,9750,2015,10879.0,0.0,1.962832,1.214982,TWN,TTO,902190
10555634,4,224,9750,2015,0.0,5928.0,-0.601875,-0.27003,ALB,TUR,902190
10555635,7,224,9750,2015,0.0,69492.0,0.21779600000000002,-0.0047420000000000006,ARE,TUR,902190
10555636,8,224,9750,2015,68996.0,13547.0,0.116896,0.30330999999999997,ARG,TUR,902190
10555637,14,224,9750,2015,224748.0,1668.0,-0.292325,-0.043489,AUS,TUR,902190
10555638,15,224,9750,2015,4090505.0,78428.0,1.747098,-0.08026699999999999,AUT,TUR,902190
10555639,16,224,9750,2015,0.0,727111.0,-0.983347,-1.231542,AZE,TUR,902190
10555640,18,224,9750,2015,6600265.0,16189.0,1.329866,1.100641,BEL,TUR,902190
10555641,23,224,9750,2015,6412.0,58367.0,0.45640699999999995,1.691455,BGR,TUR,902190
10555642,26,224,9750,2015,0.0,21073.0,0.355903,0.723092,BIH,TUR,902190
10555643,32,224,9750,2015,32295.0,47190.0,0.23656799999999997,0.688607,BRA,TUR,902190
10555644,39,224,9750,2015,23274.0,2573.0,0.695867,1.171676,CAN,TUR,902190
10555645,41,224,9750,2015,2432005.0,167667.0,2.306075,0.720781,CHE,TUR,902190
10555646,43,224,9750,2015,1692386.0,21825.0,1.077143,1.735757,CHN,TUR,902190
10555647,52,224,9750,2015,332727.0,0.0,0.24859699999999998,-0.033143,CRI,TUR,902190
10555648,58,224,9750,2015,0.0,53600.0,0.511225,-0.207261,CYP,TUR,902190
10555649,59,224,9750,2015,61389.0,31014.0,1.743012,0.45424,CZE,TUR,902190
10555650,61,224,9750,2015,11542338.0,143320.0,2.203818,-2.307561,DEU,TUR,902190
10555651,64,224,9750,2015,2871524.0,5989.0,1.157924,1.2045629999999998,DNK,TUR,902190
10555652,66,224,9750,2015,0.0,1706.0,-1.54346,-1.255633,DZA,TUR,902190
10555653,68,224,9750,2015,43338.0,53619.0,-0.183053,1.765036,EGY,TUR,902190
10555654,71,224,9750,2015,129842.0,11318.0,0.8173590000000001,2.442556,ESP,TUR,902190
10555655,73,224,9750,2015,0.0,3479.0,-1.004896,-0.721019,ETH,TUR,902190
10555656,74,224,9750,2015,93253.0,85383.0,1.597817,0.998059,FIN,TUR,902190
10555657,77,224,9750,2015,1450783.0,51322.0,1.479792,0.6490239999999999,FRA,TUR,902190
10555658,81,224,9750,2015,5612290.0,531775.0,1.7422990000000003,0.75838,GBR,TUR,902190
10555659,82,224,9750,2015,0.0,123021.0,-0.343663,-0.588017,GEO,TUR,902190
10555660,90,224,9750,2015,29797.0,71105.0,0.099027,1.012289,GRC,TUR,902190
10555661,97,224,9750,2015,693.0,1307.0,0.8255290000000001,1.8017279999999998,HKG,TUR,902190
10555662,100,224,9750,2015,0.0,4549.0,0.7590140000000001,1.257415,HRV,TUR,902190
10555663,102,224,9750,2015,110528.0,20574.0,1.462839,0.803258,HUN,TUR,902190
10555664,103,224,9750,2015,0.0,14119.0,-0.145103,1.277362,IDN,TUR,902190
10555665,104,224,9750,2015,122015.0,24332.0,0.24230900000000002,2.8190880000000003,IND,TUR,902190
10555666,106,224,9750,2015,465849.0,4795.0,1.304942,0.126431,IRL,TUR,902190
10555667,107,224,9750,2015,0.0,2982.0,-0.258946,-0.0073420000000000004,IRN,TUR,902190
10555668,108,224,9750,2015,31871.0,118852.0,-1.465803,-0.912113,IRQ,TUR,902190
10555669,110,224,9750,2015,72638.0,25089.0,1.260071,0.545545,ISR,TUR,902190
10555670,111,224,9750,2015,1346717.0,50078.0,1.321127,0.747046,ITA,TUR,902190
10555671,113,224,9750,2015,0.0,73535.0,0.121172,0.457301,JOR,TUR,902190
10555672,114,224,9750,2015,9740.0,0.0,2.516133,-0.484202,JPN,TUR,902190
10555673,115,224,9750,2015,0.0,16215.0,-0.45091499999999995,-0.652026,KAZ,TUR,902190
10555674,117,224,9750,2015,0.0,4137.0,0.02058,0.438692,KGZ,TUR,902190
10555675,121,224,9750,2015,890189.0,94064.0,1.900653,0.859406,KOR,TUR,902190
10555676,122,224,9750,2015,0.0,17963.0,-0.352023,-1.153057,KWT,TUR,902190
10555677,124,224,9750,2015,0.0,21110.0,0.317355,1.330374,LBN,TUR,902190
10555678,126,224,9750,2015,0.0,28273.0,-1.3257219999999998,-1.260453,LBY,TUR,902190
10555679,128,224,9750,2015,0.0,2371.0,-0.6773399999999999,0.386343,LKA,TUR,902190
10555680,130,224,9750,2015,2065.0,27625.0,0.749429,1.3659860000000001,LTU,TUR,902190
10555681,132,224,9750,2015,0.0,4599.0,0.602209,1.125357,LVA,TUR,902190
10555682,134,224,9750,2015,0.0,89727.0,-0.7554810000000001,-0.059697,MAR,TUR,902190
10555683,138,224,9750,2015,53031.0,0.0,1.169724,0.61457,MEX,TUR,902190
10555684,140,224,9750,2015,0.0,4209.0,-0.09009600000000001,-0.147359,MKD,TUR,902190
10555685,153,224,9750,2015,417198.0,1503.0,1.082803,0.811615,MYS,TUR,902190
10555686,162,224,9750,2015,24430570.0,193926.0,1.230104,1.27344,NLD,TUR,902190
10555687,163,224,9750,2015,0.0,3393.0,0.950708,0.314339,NOR,TUR,902190
10555688,168,224,9750,2015,0.0,6194.0,-0.7059979999999999,0.73501,PAK,TUR,902190
10555689,173,224,9750,2015,0.0,51493.0,-0.6007819999999999,0.32152800000000004,PER,TUR,902190
10555690,174,224,9750,2015,26520.0,0.0,0.6406270000000001,0.45770200000000005,PHL,TUR,902190
10555691,177,224,9750,2015,223420.0,89506.0,1.145844,1.1449280000000002,POL,TUR,902190
10555692,179,224,9750,2015,39842.0,5025.0,0.561922,2.2276380000000002,PRT,TUR,902190
10555693,181,224,9750,2015,0.0,12142.0,0.060575,0.5649489999999999,PSE,TUR,902190
10555694,183,224,9750,2015,0.0,2123.0,-0.077053,-0.9922719999999999,QAT,TUR,902190
10555695,185,224,9750,2015,8569.0,36913.0,0.946363,1.056775,ROU,TUR,902190
10555696,186,224,9750,2015,28342.0,7078.0,0.23119,0.035965,RUS,TUR,902190
10555697,188,224,9750,2015,0.0,10553.0,0.5552520000000001,-0.7263229999999999,SAU,TUR,902190
10555698,190,224,9750,2015,0.0,12345.0,-1.420356,-1.218424,SDN,TUR,902190
10555699,192,224,9750,2015,142777.0,17786.0,2.05613,0.593065,SGP,TUR,902190
10555700,199,224,9750,2015,0.0,9536.0,-1.716689,-1.078134,SOM,TUR,902190
10555701,201,224,9750,2015,0.0,7655.0,0.457042,1.324908,SRB,TUR,902190
10555702,206,224,9750,2015,1699.0,3064.0,1.287133,0.7900560000000001,SVK,TUR,902190
10555703,208,224,9750,2015,36696.0,142975.0,1.8068349999999997,0.693389,SWE,TUR,902190
10555704,212,224,9750,2015,0.0,57943.0,-0.603532,0.313216,SYR,TUR,902190
10555705,216,224,9750,2015,8184.0,0.0,0.965888,1.368572,THA,TUR,902190
10555706,219,224,9750,2015,0.0,6140.0,-1.546516,-1.315803,TKM,TUR,902190
10555707,223,224,9750,2015,0.0,51858.0,0.140202,0.967591,TUN,TUR,902190
10555708,226,224,9750,2015,0.0,2443.0,-1.02395,-0.017509999999999998,TZA,TUR,902190
10555709,228,224,9750,2015,36110.0,35877.0,0.429879,0.701813,UKR,TUR,902190
10555710,230,224,9750,2015,0.0,18113.0,0.273876,-0.363695,URY,TUR,902190
10555711,231,224,9750,2015,3364420.0,3523.0,1.720478,-0.129322,USA,TUR,902190
10555712,239,224,9750,2015,508451.0,13253.0,-0.17108900000000002,1.10995,VNM,TUR,902190
10555713,243,224,9750,2015,0.0,1038.0,-1.048632,-1.10843,YEM,TUR,902190
10555714,246,224,9750,2015,0.0,10941.0,0.24944699999999997,1.7573159999999999,ZAF,TUR,902190
10555715,247,224,9750,2015,0.0,1355.0,-0.44792,-0.769586,ZMB,TUR,902190
10555716,249,224,9750,2015,125437.0,0.0,1.962832,1.214982,TWN,TUR,902190
10555717,14,228,9750,2015,11894.0,0.0,-0.292325,-0.043489,AUS,UKR,902190
10555718,15,228,9750,2015,108690.0,0.0,1.747098,-0.08026699999999999,AUT,UKR,902190
10555719,16,228,9750,2015,0.0,25388.0,-0.983347,-1.231542,AZE,UKR,902190
10555720,18,228,9750,2015,42362.0,0.0,1.329866,1.100641,BEL,UKR,902190
10555721,23,228,9750,2015,17662.0,0.0,0.45640699999999995,1.691455,BGR,UKR,902190
10555722,41,228,9750,2015,81430.0,20325.0,2.306075,0.720781,CHE,UKR,902190
10555723,42,228,9750,2015,0.0,13736.0,-0.356167,-0.47629399999999994,CHL,UKR,902190
10555724,43,228,9750,2015,42840.0,1342.0,1.077143,1.735757,CHN,UKR,902190
10555725,52,228,9750,2015,15511.0,0.0,0.24859699999999998,-0.033143,CRI,UKR,902190
10555726,59,228,9750,2015,171747.0,0.0,1.743012,0.45424,CZE,UKR,902190
10555727,61,228,9750,2015,1524294.0,2082.0,2.203818,-2.307561,DEU,UKR,902190
10555728,64,228,9750,2015,146786.0,1557.0,1.157924,1.2045629999999998,DNK,UKR,902190
10555729,71,228,9750,2015,1847.0,0.0,0.8173590000000001,2.442556,ESP,UKR,902190
10555730,72,228,9750,2015,201479.0,0.0,0.9281149999999999,1.1780389999999998,EST,UKR,902190
10555731,77,228,9750,2015,94087.0,0.0,1.479792,0.6490239999999999,FRA,UKR,902190
10555732,81,228,9750,2015,25037.0,0.0,1.7422990000000003,0.75838,GBR,UKR,902190
10555733,82,228,9750,2015,0.0,4778.0,-0.343663,-0.588017,GEO,UKR,902190
10555734,97,228,9750,2015,0.0,5027.0,0.8255290000000001,1.8017279999999998,HKG,UKR,902190
10555735,102,228,9750,2015,18141.0,0.0,1.462839,0.803258,HUN,UKR,902190
10555736,104,228,9750,2015,301391.0,0.0,0.24230900000000002,2.8190880000000003,IND,UKR,902190
10555737,106,228,9750,2015,455387.0,0.0,1.304942,0.126431,IRL,UKR,902190
10555738,107,228,9750,2015,187686.0,0.0,-0.258946,-0.0073420000000000004,IRN,UKR,902190
10555739,110,228,9750,2015,98124.0,0.0,1.260071,0.545545,ISR,UKR,902190
10555740,111,228,9750,2015,34540.0,55475.0,1.321127,0.747046,ITA,UKR,902190
10555741,114,228,9750,2015,409372.0,0.0,2.516133,-0.484202,JPN,UKR,902190
10555742,115,228,9750,2015,0.0,212388.0,-0.45091499999999995,-0.652026,KAZ,UKR,902190
10555743,117,228,9750,2015,0.0,25590.0,0.02058,0.438692,KGZ,UKR,902190
10555744,121,228,9750,2015,73275.0,18626.0,1.900653,0.859406,KOR,UKR,902190
10555745,124,228,9750,2015,0.0,19000.0,0.317355,1.330374,LBN,UKR,902190
10555746,130,228,9750,2015,53591.0,0.0,0.749429,1.3659860000000001,LTU,UKR,902190
10555747,132,228,9750,2015,11933.0,0.0,0.602209,1.125357,LVA,UKR,902190
10555748,138,228,9750,2015,233247.0,0.0,1.169724,0.61457,MEX,UKR,902190
10555749,153,228,9750,2015,0.0,57429.0,1.082803,0.811615,MYS,UKR,902190
10555750,162,228,9750,2015,1327220.0,0.0,1.230104,1.27344,NLD,UKR,902190
10555751,163,228,9750,2015,0.0,2278.0,0.950708,0.314339,NOR,UKR,902190
10555752,177,228,9750,2015,403213.0,0.0,1.145844,1.1449280000000002,POL,UKR,902190
10555753,185,228,9750,2015,0.0,1962.0,0.946363,1.056775,ROU,UKR,902190
10555754,186,228,9750,2015,60517.0,515922.0,0.23119,0.035965,RUS,UKR,902190
10555755,188,228,9750,2015,0.0,81213.0,0.5552520000000001,-0.7263229999999999,SAU,UKR,902190
10555756,192,228,9750,2015,657147.0,0.0,2.05613,0.593065,SGP,UKR,902190
10555757,206,228,9750,2015,101238.0,0.0,1.287133,0.7900560000000001,SVK,UKR,902190
10555758,208,228,9750,2015,1948.0,0.0,1.8068349999999997,0.693389,SWE,UKR,902190
10555759,217,228,9750,2015,0.0,1619.0,-1.134216,-1.174245,TJK,UKR,902190
10555760,224,228,9750,2015,35877.0,36110.0,0.438669,2.519632,TUR,UKR,902190
10555761,231,228,9750,2015,108041.0,9601.0,1.720478,-0.129322,USA,UKR,902190
10555762,232,228,9750,2015,0.0,22381.0,-0.724966,-0.599292,UZB,UKR,902190
10555763,239,228,9750,2015,0.0,14232.0,-0.17108900000000002,1.10995,VNM,UKR,902190
10555764,246,228,9750,2015,0.0,2739.0,0.24944699999999997,1.7573159999999999,ZAF,UKR,902190
10555765,249,228,9750,2015,52507.0,0.0,1.962832,1.214982,TWN,UKR,902190
10555766,7,230,9750,2015,0.0,2540.0,0.21779600000000002,-0.0047420000000000006,ARE,URY,902190
10555767,8,230,9750,2015,63498.0,0.0,0.116896,0.30330999999999997,ARG,URY,902190
10555768,14,230,9750,2015,165490.0,58064.0,-0.292325,-0.043489,AUS,URY,902190
10555769,15,230,9750,2015,100530.0,787.0,1.747098,-0.08026699999999999,AUT,URY,902190
10555770,18,230,9750,2015,98030.0,0.0,1.329866,1.100641,BEL,URY,902190
10555771,32,230,9750,2015,887128.0,0.0,0.23656799999999997,0.688607,BRA,URY,902190
10555772,41,230,9750,2015,52998.0,0.0,2.306075,0.720781,CHE,URY,902190
10555773,43,230,9750,2015,1432736.0,16203.0,1.077143,1.735757,CHN,URY,902190
10555774,52,230,9750,2015,8589.0,0.0,0.24859699999999998,-0.033143,CRI,URY,902190
10555775,55,230,9750,2015,0.0,2135.0,0.296267,-0.6313350000000001,CUW,URY,902190
10555776,59,230,9750,2015,15841.0,0.0,1.743012,0.45424,CZE,URY,902190
10555777,61,230,9750,2015,414969.0,213846.0,2.203818,-2.307561,DEU,URY,902190
10555778,64,230,9750,2015,150643.0,0.0,1.157924,1.2045629999999998,DNK,URY,902190
10555779,71,230,9750,2015,23141.0,0.0,0.8173590000000001,2.442556,ESP,URY,902190
10555780,77,230,9750,2015,86512.0,9646.0,1.479792,0.6490239999999999,FRA,URY,902190
10555781,81,230,9750,2015,0.0,15865.0,1.7422990000000003,0.75838,GBR,URY,902190
10555782,104,230,9750,2015,1973.0,0.0,0.24230900000000002,2.8190880000000003,IND,URY,902190
10555783,106,230,9750,2015,335731.0,1874.0,1.304942,0.126431,IRL,URY,902190
10555784,110,230,9750,2015,0.0,21382.0,1.260071,0.545545,ISR,URY,902190
10555785,111,230,9750,2015,5967.0,66900.0,1.321127,0.747046,ITA,URY,902190
10555786,121,230,9750,2015,369921.0,0.0,1.900653,0.859406,KOR,URY,902190
10555787,138,230,9750,2015,1106.0,0.0,1.169724,0.61457,MEX,URY,902190
10555788,153,230,9750,2015,8715.0,0.0,1.082803,0.811615,MYS,URY,902190
10555789,162,230,9750,2015,320999.0,309586.0,1.230104,1.27344,NLD,URY,902190
10555790,177,230,9750,2015,1001.0,0.0,1.145844,1.1449280000000002,POL,URY,902190
10555791,180,230,9750,2015,0.0,2144.0,-0.471106,-0.9431139999999999,PRY,URY,902190
10555792,192,230,9750,2015,6381.0,0.0,2.05613,0.593065,SGP,URY,902190
10555793,201,230,9750,2015,0.0,903.0,0.457042,1.324908,SRB,URY,902190
10555794,224,230,9750,2015,18113.0,0.0,0.438669,2.519632,TUR,URY,902190
10555795,231,230,9750,2015,2791091.0,569908.0,1.720478,-0.129322,USA,URY,902190
10555796,239,230,9750,2015,2190.0,0.0,-0.17108900000000002,1.10995,VNM,URY,902190
10555797,0,231,9750,2015,2970.0,162474.0,0.8526809999999999,-0.043541,ABW,USA,902190
10555798,3,231,9750,2015,8092.0,4172.0,0.903682,-0.046925,AIA,USA,902190
10555799,4,231,9750,2015,0.0,28835.0,-0.601875,-0.27003,ALB,USA,902190
10555800,7,231,9750,2015,4777.0,1338502.0,0.21779600000000002,-0.0047420000000000006,ARE,USA,902190
10555801,8,231,9750,2015,20902.0,6883279.0,0.116896,0.30330999999999997,ARG,USA,902190
10555802,9,231,9750,2015,0.0,34147.0,0.037579,-0.42448800000000003,ARM,USA,902190
10555803,13,231,9750,2015,0.0,1045.0,0.43318,-0.552045,ATG,USA,902190
10555804,14,231,9750,2015,94134760.0,63383560.0,-0.292325,-0.043489,AUS,USA,902190
10555805,15,231,9750,2015,45239760.0,5804892.0,1.747098,-0.08026699999999999,AUT,USA,902190
10555806,16,231,9750,2015,0.0,165192.0,-0.983347,-1.231542,AZE,USA,902190
10555807,18,231,9750,2015,14629034.0,52907352.0,1.329866,1.100641,BEL,USA,902190
10555808,22,231,9750,2015,0.0,218540.0,-1.088465,-0.8745360000000001,BGD,USA,902190
10555809,23,231,9750,2015,1809480.0,210505.0,0.45640699999999995,1.691455,BGR,USA,902190
10555810,24,231,9750,2015,0.0,199281.0,0.36650900000000003,-0.28735,BHR,USA,902190
10555811,25,231,9750,2015,6310.0,182744.0,0.669493,-0.37838099999999997,BHS,USA,902190
10555812,26,231,9750,2015,0.0,207479.0,0.355903,0.723092,BIH,USA,902190
10555813,28,231,9750,2015,0.0,1758923.0,0.672499,0.5584020000000001,BLR,USA,902190
10555814,29,231,9750,2015,0.0,33526.0,-0.24283600000000002,-0.577408,BLZ,USA,902190
10555815,30,231,9750,2015,2816.0,25577.0,0.974592,-0.636426,BMU,USA,902190
10555816,31,231,9750,2015,0.0,122942.0,-1.051562,-1.067714,BOL,USA,902190
10555817,32,231,9750,2015,641066.0,18651276.0,0.23656799999999997,0.688607,BRA,USA,902190
10555818,33,231,9750,2015,307897.0,58090.0,0.453689,0.039237,BRB,USA,902190
10555819,34,231,9750,2015,0.0,2706.0,1.093564,-0.679211,BRN,USA,902190
10555820,39,231,9750,2015,1783699.0,75569328.0,0.695867,1.171676,CAN,USA,902190
10555821,41,231,9750,2015,67490008.0,120273264.0,2.306075,0.720781,CHE,USA,902190
10555822,42,231,9750,2015,418475.0,2151200.0,-0.356167,-0.47629399999999994,CHL,USA,902190
10555823,43,231,9750,2015,180328848.0,69825800.0,1.077143,1.735757,CHN,USA,902190
10555824,45,231,9750,2015,0.0,989.0,-0.924366,-1.040721,CMR,USA,902190
10555825,46,231,9750,2015,0.0,3837.0,-1.3921290000000002,-1.146549,COD,USA,902190
10555826,49,231,9750,2015,23916.0,18660522.0,0.156383,-0.183055,COL,USA,902190
10555827,51,231,9750,2015,0.0,1195.0,-0.263621,-0.772158,CPV,USA,902190
10555828,52,231,9750,2015,5267931.0,12010072.0,0.24859699999999998,-0.033143,CRI,USA,902190
10555829,54,231,9750,2015,0.0,32498.0,-0.694839,-1.093439,CUB,USA,902190
10555830,55,231,9750,2015,0.0,2196007.0,0.296267,-0.6313350000000001,CUW,USA,902190
10555831,56,231,9750,2015,0.0,148912.0,0.33029400000000003,-0.725431,CXR,USA,902190
10555832,57,231,9750,2015,0.0,131741.0,0.275472,-0.831835,CYM,USA,902190
10555833,58,231,9750,2015,0.0,14928.0,0.511225,-0.207261,CYP,USA,902190
10555834,59,231,9750,2015,282555.0,864793.0,1.743012,0.45424,CZE,USA,902190
10555835,61,231,9750,2015,105449120.0,285615680.0,2.203818,-2.307561,DEU,USA,902190
10555836,62,231,9750,2015,0.0,50000.0,-0.538942,-0.832522,DJI,USA,902190
10555837,63,231,9750,2015,0.0,5794.0,0.0735,-0.44923599999999997,DMA,USA,902190
10555838,64,231,9750,2015,60515556.0,10280538.0,1.157924,1.2045629999999998,DNK,USA,902190
10555839,65,231,9750,2015,128563.0,1910140.0,-0.212808,0.395873,DOM,USA,902190
10555840,66,231,9750,2015,0.0,25843.0,-1.54346,-1.255633,DZA,USA,902190
10555841,67,231,9750,2015,0.0,1295162.0,-0.9845959999999999,-1.075639,ECU,USA,902190
10555842,68,231,9750,2015,41043.0,286969.0,-0.183053,1.765036,EGY,USA,902190
10555843,71,231,9750,2015,6590090.0,11269749.0,0.8173590000000001,2.442556,ESP,USA,902190
10555844,72,231,9750,2015,367327.0,9028.0,0.9281149999999999,1.1780389999999998,EST,USA,902190
10555845,73,231,9750,2015,0.0,31574.0,-1.004896,-0.721019,ETH,USA,902190
10555846,74,231,9750,2015,1116530.0,500050.0,1.597817,0.998059,FIN,USA,902190
10555847,75,231,9750,2015,0.0,1254.0,-0.481968,-0.201468,FJI,USA,902190
10555848,77,231,9750,2015,26561106.0,18111212.0,1.479792,0.6490239999999999,FRA,USA,902190
10555849,81,231,9750,2015,16732392.0,15658941.0,1.7422990000000003,0.75838,GBR,USA,902190
10555850,83,231,9750,2015,0.0,33185.0,-0.750568,-0.690257,GHA,USA,902190
10555851,85,231,9750,2015,0.0,1545.0,-1.288329,-1.167532,GIN,USA,902190
10555852,90,231,9750,2015,1034.0,197031.0,0.099027,1.012289,GRC,USA,902190
10555853,91,231,9750,2015,0.0,1327.0,0.296552,-0.335908,GRD,USA,902190
10555854,93,231,9750,2015,10374891.0,322767.0,-0.284403,0.525564,GTM,USA,902190
10555855,96,231,9750,2015,0.0,11180.0,-1.018758,-1.056085,GUY,USA,902190
10555856,97,231,9750,2015,993744.0,4779104.0,0.8255290000000001,1.8017279999999998,HKG,USA,902190
10555857,99,231,9750,2015,0.0,41026.0,-0.578635,-0.292053,HND,USA,902190
10555858,100,231,9750,2015,0.0,223438.0,0.7590140000000001,1.257415,HRV,USA,902190
10555859,101,231,9750,2015,0.0,20578.0,-1.288246,-1.018979,HTI,USA,902190
10555860,102,231,9750,2015,4338.0,313406.0,1.462839,0.803258,HUN,USA,902190
10555861,103,231,9750,2015,8590.0,392135.0,-0.145103,1.277362,IDN,USA,902190
10555862,104,231,9750,2015,1777350.0,7371412.0,0.24230900000000002,2.8190880000000003,IND,USA,902190
10555863,106,231,9750,2015,93165776.0,104564800.0,1.304942,0.126431,IRL,USA,902190
10555864,107,231,9750,2015,0.0,2117855.0,-0.258946,-0.0073420000000000004,IRN,USA,902190
10555865,108,231,9750,2015,0.0,98653.0,-1.465803,-0.912113,IRQ,USA,902190
10555866,109,231,9750,2015,14882.0,4071.0,0.24527600000000002,-0.411616,ISL,USA,902190
10555867,110,231,9750,2015,6804520.0,1718146.0,1.260071,0.545545,ISR,USA,902190
10555868,111,231,9750,2015,5311850.0,20567084.0,1.321127,0.747046,ITA,USA,902190
10555869,112,231,9750,2015,392109.0,861853.0,-0.438267,-0.828097,JAM,USA,902190
10555870,113,231,9750,2015,0.0,295043.0,0.121172,0.457301,JOR,USA,902190
10555871,114,231,9750,2015,1507600.0,77964128.0,2.516133,-0.484202,JPN,USA,902190
10555872,115,231,9750,2015,0.0,143388.0,-0.45091499999999995,-0.652026,KAZ,USA,902190
10555873,116,231,9750,2015,0.0,7827.0,-0.453564,0.433325,KEN,USA,902190
10555874,117,231,9750,2015,0.0,5199.0,0.02058,0.438692,KGZ,USA,902190
10555875,118,231,9750,2015,0.0,3173.0,-0.791985,-0.833046,KHM,USA,902190
10555876,120,231,9750,2015,0.0,2272.0,0.8252430000000001,-0.436662,KNA,USA,902190
10555877,121,231,9750,2015,18674494.0,28072906.0,1.900653,0.859406,KOR,USA,902190
10555878,122,231,9750,2015,0.0,3033837.0,-0.352023,-1.153057,KWT,USA,902190
10555879,124,231,9750,2015,0.0,283538.0,0.317355,1.330374,LBN,USA,902190
10555880,126,231,9750,2015,0.0,17678.0,-1.3257219999999998,-1.260453,LBY,USA,902190
10555881,127,231,9750,2015,0.0,16522.0,0.5410590000000001,-0.484234,LCA,USA,902190
10555882,128,231,9750,2015,46305.0,63679.0,-0.6773399999999999,0.386343,LKA,USA,902190
10555883,130,231,9750,2015,0.0,38817.0,0.749429,1.3659860000000001,LTU,USA,902190
10555884,131,231,9750,2015,0.0,37233.0,1.218924,1.247152,LUX,USA,902190
10555885,132,231,9750,2015,34342.0,9425.0,0.602209,1.125357,LVA,USA,902190
10555886,133,231,9750,2015,0.0,4081.0,0.296288,0.32009499999999996,MAC,USA,902190
10555887,134,231,9750,2015,0.0,97499.0,-0.7554810000000001,-0.059697,MAR,USA,902190
10555888,135,231,9750,2015,0.0,23217.0,-0.313837,-0.20393,MDA,USA,902190
10555889,136,231,9750,2015,0.0,15770.0,-1.15947,-0.497217,MDG,USA,902190
10555890,138,231,9750,2015,132276040.0,53424532.0,1.169724,0.61457,MEX,USA,902190
10555891,140,231,9750,2015,0.0,6168.0,-0.09009600000000001,-0.147359,MKD,USA,902190
10555892,142,231,9750,2015,0.0,6166.0,0.880893,-0.117585,MLT,USA,902190
10555893,143,231,9750,2015,0.0,36439.0,-1.4596120000000001,-0.903904,MMR,USA,902190
10555894,144,231,9750,2015,0.0,11030.0,-0.048385000000000004,-0.150759,MNE,USA,902190
10555895,145,231,9750,2015,0.0,302133.0,-1.244368,-1.196677,MNG,USA,902190
10555896,151,231,9750,2015,467986.0,11171.0,-0.231762,-0.195051,MUS,USA,902190
10555897,153,231,9750,2015,27871894.0,55510216.0,1.082803,0.811615,MYS,USA,902190
10555898,155,231,9750,2015,0.0,1233.0,-0.43457399999999996,-0.665655,NAM,USA,902190
10555899,156,231,9750,2015,0.0,105162.0,-0.727911,-0.844562,NCL,USA,902190
10555900,157,231,9750,2015,0.0,829.0,-1.517292,-1.033891,NER,USA,902190
10555901,159,231,9750,2015,0.0,5161.0,-1.415451,-1.157829,NGA,USA,902190
10555902,160,231,9750,2015,0.0,139728.0,-1.102989,-0.952276,NIC,USA,902190
10555903,162,231,9750,2015,13761854.0,713091584.0,1.230104,1.27344,NLD,USA,902190
10555904,163,231,9750,2015,4316.0,1381073.0,0.950708,0.314339,NOR,USA,902190
10555905,164,231,9750,2015,0.0,92660.0,-0.290416,0.456716,NPL,USA,902190
10555906,166,231,9750,2015,407295.0,1728759.0,0.224598,0.253179,NZL,USA,902190
10555907,167,231,9750,2015,0.0,35123.0,-0.4699,-1.00451,OMN,USA,902190
10555908,168,231,9750,2015,2769.0,165058.0,-0.7059979999999999,0.73501,PAK,USA,902190
10555909,169,231,9750,2015,19214.0,788415.0,0.642058,0.833392,PAN,USA,902190
10555910,173,231,9750,2015,6043.0,1032082.0,-0.6007819999999999,0.32152800000000004,PER,USA,902190
10555911,174,231,9750,2015,3732938.0,465156.0,0.6406270000000001,0.45770200000000005,PHL,USA,902190
10555912,177,231,9750,2015,7144738.0,6224230.0,1.145844,1.1449280000000002,POL,USA,902190
10555913,179,231,9750,2015,0.0,321169.0,0.561922,2.2276380000000002,PRT,USA,902190
10555914,180,231,9750,2015,0.0,90296.0,-0.471106,-0.9431139999999999,PRY,USA,902190
10555915,181,231,9750,2015,0.0,1867.0,0.060575,0.5649489999999999,PSE,USA,902190
10555916,182,231,9750,2015,0.0,373190.0,-0.301696,-0.795154,PYF,USA,902190
10555917,183,231,9750,2015,0.0,110866.0,-0.077053,-0.9922719999999999,QAT,USA,902190
10555918,185,231,9750,2015,1531637.0,253836.0,0.946363,1.056775,ROU,USA,902190
10555919,186,231,9750,2015,22605.0,1583748.0,0.23119,0.035965,RUS,USA,902190
10555920,187,231,9750,2015,0.0,5010.0,-0.755738,-0.4423,RWA,USA,902190
10555921,188,231,9750,2015,0.0,5212613.0,0.5552520000000001,-0.7263229999999999,SAU,USA,902190
10555922,191,231,9750,2015,0.0,15947.0,-0.708349,-0.296663,SEN,USA,902190
10555923,192,231,9750,2015,54634220.0,59987448.0,2.05613,0.593065,SGP,USA,902190
10555924,196,231,9750,2015,0.0,5453.0,0.072324,-0.255235,SLE,USA,902190
10555925,197,231,9750,2015,0.0,158271.0,0.05531900000000001,0.169073,SLV,USA,902190
10555926,198,231,9750,2015,0.0,5723.0,0.918452,0.559399,SMR,USA,902190
10555927,201,231,9750,2015,0.0,25315.0,0.457042,1.324908,SRB,USA,902190
10555928,205,231,9750,2015,0.0,5206.0,-0.570361,-1.005072,SUR,USA,902190
10555929,206,231,9750,2015,19207.0,3381786.0,1.287133,0.7900560000000001,SVK,USA,902190
10555930,207,231,9750,2015,0.0,51564.0,1.6089879999999999,0.833616,SVN,USA,902190
10555931,208,231,9750,2015,37180020.0,4995600.0,1.8068349999999997,0.693389,SWE,USA,902190
10555932,211,231,9750,2015,0.0,1983.0,1.017467,-0.285569,SYC,USA,902190
10555933,212,231,9750,2015,0.0,9102.0,-0.603532,0.313216,SYR,USA,902190
10555934,216,231,9750,2015,1364358.0,1804173.0,0.965888,1.368572,THA,USA,902190
10555935,222,231,9750,2015,0.0,491890.0,-0.462837,-1.117621,TTO,USA,902190
10555936,223,231,9750,2015,4178.0,331901.0,0.140202,0.967591,TUN,USA,902190
10555937,224,231,9750,2015,3523.0,3364420.0,0.438669,2.519632,TUR,USA,902190
10555938,226,231,9750,2015,0.0,5152.0,-1.02395,-0.017509999999999998,TZA,USA,902190
10555939,228,231,9750,2015,9601.0,108041.0,0.429879,0.701813,UKR,USA,902190
10555940,230,231,9750,2015,569908.0,2791091.0,0.273876,-0.363695,URY,USA,902190
10555941,232,231,9750,2015,0.0,10462.0,-0.724966,-0.599292,UZB,USA,902190
10555942,234,231,9750,2015,0.0,839.0,0.087811,-0.35481999999999997,VCT,USA,902190
10555943,236,231,9750,2015,0.0,515917.0,-0.9249129999999999,-1.1877280000000001,VEN,USA,902190
10555944,237,231,9750,2015,0.0,48993.0,0.914493,-0.31357399999999996,VGB,USA,902190
10555945,239,231,9750,2015,39432432.0,5468609.0,-0.17108900000000002,1.10995,VNM,USA,902190
10555946,246,231,9750,2015,21443.0,1963004.0,0.24944699999999997,1.7573159999999999,ZAF,USA,902190
10555947,247,231,9750,2015,0.0,1456.0,-0.44792,-0.769586,ZMB,USA,902190
10555948,248,231,9750,2015,0.0,716.0,-0.838017,-0.9400270000000001,ZWE,USA,902190
10555949,249,231,9750,2015,8895246.0,4267910.0,1.962832,1.214982,TWN,USA,902190
10555950,15,236,9750,2015,2112.0,0.0,1.747098,-0.08026699999999999,AUT,VEN,902190
10555951,18,236,9750,2015,67394.0,0.0,1.329866,1.100641,BEL,VEN,902190
10555952,32,236,9750,2015,23391.0,0.0,0.23656799999999997,0.688607,BRA,VEN,902190
10555953,41,236,9750,2015,5390.0,0.0,2.306075,0.720781,CHE,VEN,902190
10555954,43,236,9750,2015,1036562.0,0.0,1.077143,1.735757,CHN,VEN,902190
10555955,61,236,9750,2015,26652.0,0.0,2.203818,-2.307561,DEU,VEN,902190
10555956,64,236,9750,2015,8293.0,0.0,1.157924,1.2045629999999998,DNK,VEN,902190
10555957,71,236,9750,2015,302878.0,0.0,0.8173590000000001,2.442556,ESP,VEN,902190
10555958,106,236,9750,2015,3063.0,0.0,1.304942,0.126431,IRL,VEN,902190
10555959,110,236,9750,2015,9000.0,0.0,1.260071,0.545545,ISR,VEN,902190
10555960,111,236,9750,2015,183414.0,0.0,1.321127,0.747046,ITA,VEN,902190
10555961,121,236,9750,2015,1532.0,0.0,1.900653,0.859406,KOR,VEN,902190
10555962,162,236,9750,2015,3488940.0,0.0,1.230104,1.27344,NLD,VEN,902190
10555963,169,236,9750,2015,833361.0,0.0,0.642058,0.833392,PAN,VEN,902190
10555964,177,236,9750,2015,7749.0,0.0,1.145844,1.1449280000000002,POL,VEN,902190
10555965,197,236,9750,2015,3353.0,0.0,0.05531900000000001,0.169073,SLV,VEN,902190
10555966,231,236,9750,2015,515917.0,0.0,1.720478,-0.129322,USA,VEN,902190
10555967,18,243,9750,2015,3561.0,0.0,1.329866,1.100641,BEL,YEM,902190
10555968,41,243,9750,2015,166095.0,0.0,2.306075,0.720781,CHE,YEM,902190
10555969,43,243,9750,2015,28580.0,0.0,1.077143,1.735757,CHN,YEM,902190
10555970,61,243,9750,2015,1666.0,0.0,2.203818,-2.307561,DEU,YEM,902190
10555971,64,243,9750,2015,3605.0,0.0,1.157924,1.2045629999999998,DNK,YEM,902190
10555972,68,243,9750,2015,36449.0,0.0,-0.183053,1.765036,EGY,YEM,902190
10555973,71,243,9750,2015,2743.0,0.0,0.8173590000000001,2.442556,ESP,YEM,902190
10555974,77,243,9750,2015,9424.0,0.0,1.479792,0.6490239999999999,FRA,YEM,902190
10555975,81,243,9750,2015,9580.0,0.0,1.7422990000000003,0.75838,GBR,YEM,902190
10555976,104,243,9750,2015,2074.0,0.0,0.24230900000000002,2.8190880000000003,IND,YEM,902190
10555977,111,243,9750,2015,6518.0,0.0,1.321127,0.747046,ITA,YEM,902190
10555978,113,243,9750,2015,45081.0,0.0,0.121172,0.457301,JOR,YEM,902190
10555979,121,243,9750,2015,4987.0,0.0,1.900653,0.859406,KOR,YEM,902190
10555980,162,243,9750,2015,577756.0,0.0,1.230104,1.27344,NLD,YEM,902190
10555981,224,243,9750,2015,1038.0,0.0,0.438669,2.519632,TUR,YEM,902190
10555982,250,243,9750,2015,210171.0,0.0,0.377283,-0.092204,ANS,YEM,902190
10555983,2,246,9750,2015,0.0,19769.0,-1.6542,-1.2598989999999999,AGO,ZAF,902190
10555984,7,246,9750,2015,0.0,37261.0,0.21779600000000002,-0.0047420000000000006,ARE,ZAF,902190
10555985,9,246,9750,2015,0.0,785.0,0.037579,-0.42448800000000003,ARM,ZAF,902190
10555986,14,246,9750,2015,206390.0,22661.0,-0.292325,-0.043489,AUS,ZAF,902190
10555987,15,246,9750,2015,493725.0,4799.0,1.747098,-0.08026699999999999,AUT,ZAF,902190
10555988,18,246,9750,2015,683542.0,22294.0,1.329866,1.100641,BEL,ZAF,902190
10555989,23,246,9750,2015,2019.0,0.0,0.45640699999999995,1.691455,BGR,ZAF,902190
10555990,32,246,9750,2015,69626.0,0.0,0.23656799999999997,0.688607,BRA,ZAF,902190
10555991,33,246,9750,2015,2668.0,0.0,0.453689,0.039237,BRB,ZAF,902190
10555992,37,246,9750,2015,0.0,249186.0,-0.14164200000000002,-1.0372059999999999,BWA,ZAF,902190
10555993,39,246,9750,2015,52180.0,0.0,0.695867,1.171676,CAN,ZAF,902190
10555994,41,246,9750,2015,1316494.0,7989.0,2.306075,0.720781,CHE,ZAF,902190
10555995,43,246,9750,2015,607094.0,0.0,1.077143,1.735757,CHN,ZAF,902190
10555996,44,246,9750,2015,0.0,5374.0,-0.856142,-0.905292,CIV,ZAF,902190
10555997,45,246,9750,2015,0.0,20544.0,-0.924366,-1.040721,CMR,ZAF,902190
10555998,52,246,9750,2015,46399.0,0.0,0.24859699999999998,-0.033143,CRI,ZAF,902190
10555999,59,246,9750,2015,10603.0,6869.0,1.743012,0.45424,CZE,ZAF,902190
10556000,61,246,9750,2015,15879199.0,221555.0,2.203818,-2.307561,DEU,ZAF,902190
10556001,64,246,9750,2015,1514691.0,7517.0,1.157924,1.2045629999999998,DNK,ZAF,902190
10556002,68,246,9750,2015,8156.0,0.0,-0.183053,1.765036,EGY,ZAF,902190
10556003,71,246,9750,2015,120834.0,0.0,0.8173590000000001,2.442556,ESP,ZAF,902190
10556004,72,246,9750,2015,7555.0,0.0,0.9281149999999999,1.1780389999999998,EST,ZAF,902190
10556005,73,246,9750,2015,5080.0,2609.0,-1.004896,-0.721019,ETH,ZAF,902190
10556006,74,246,9750,2015,80528.0,0.0,1.597817,0.998059,FIN,ZAF,902190
10556007,77,246,9750,2015,619334.0,8043.0,1.479792,0.6490239999999999,FRA,ZAF,902190
10556008,81,246,9750,2015,2524718.0,140799.0,1.7422990000000003,0.75838,GBR,ZAF,902190
10556009,83,246,9750,2015,0.0,28909.0,-0.750568,-0.690257,GHA,ZAF,902190
10556010,90,246,9750,2015,0.0,28140.0,0.099027,1.012289,GRC,ZAF,902190
10556011,97,246,9750,2015,90856.0,0.0,0.8255290000000001,1.8017279999999998,HKG,ZAF,902190
10556012,102,246,9750,2015,14566.0,0.0,1.462839,0.803258,HUN,ZAF,902190
10556013,103,246,9750,2015,0.0,3364.0,-0.145103,1.277362,IDN,ZAF,902190
10556014,104,246,9750,2015,39445.0,35368.0,0.24230900000000002,2.8190880000000003,IND,ZAF,902190
10556015,106,246,9750,2015,3065421.0,0.0,1.304942,0.126431,IRL,ZAF,902190
10556016,109,246,9750,2015,1028.0,0.0,0.24527600000000002,-0.411616,ISL,ZAF,902190
10556017,110,246,9750,2015,172361.0,11037.0,1.260071,0.545545,ISR,ZAF,902190
10556018,111,246,9750,2015,235052.0,56430.0,1.321127,0.747046,ITA,ZAF,902190
10556019,114,246,9750,2015,9107.0,0.0,2.516133,-0.484202,JPN,ZAF,902190
10556020,116,246,9750,2015,555.0,148606.0,-0.453564,0.433325,KEN,ZAF,902190
10556021,121,246,9750,2015,1317627.0,30193.0,1.900653,0.859406,KOR,ZAF,902190
10556022,129,246,9750,2015,0.0,10367.0,-0.910168,-0.870865,LSO,ZAF,902190
10556023,136,246,9750,2015,0.0,1096.0,-1.15947,-0.497217,MDG,ZAF,902190
10556024,138,246,9750,2015,149385.0,0.0,1.169724,0.61457,MEX,ZAF,902190
10556025,141,246,9750,2015,0.0,1757.0,-0.744236,-0.9441860000000001,MLI,ZAF,902190
10556026,147,246,9750,2015,0.0,61765.0,-1.293809,-1.115069,MOZ,ZAF,902190
10556027,151,246,9750,2015,0.0,74293.0,-0.231762,-0.195051,MUS,ZAF,902190
10556028,152,246,9750,2015,0.0,11391.0,-0.549862,-0.8753190000000001,MWI,ZAF,902190
10556029,153,246,9750,2015,1681647.0,0.0,1.082803,0.811615,MYS,ZAF,902190
10556030,155,246,9750,2015,326109.0,2018713.0,-0.43457399999999996,-0.665655,NAM,ZAF,902190
10556031,159,246,9750,2015,0.0,73921.0,-1.415451,-1.157829,NGA,ZAF,902190
10556032,162,246,9750,2015,7644503.0,202627.0,1.230104,1.27344,NLD,ZAF,902190
10556033,166,246,9750,2015,5437.0,6764.0,0.224598,0.253179,NZL,ZAF,902190
10556034,168,246,9750,2015,5845.0,0.0,-0.7059979999999999,0.73501,PAK,ZAF,902190
10556035,174,246,9750,2015,5586.0,0.0,0.6406270000000001,0.45770200000000005,PHL,ZAF,902190
10556036,177,246,9750,2015,14251.0,0.0,1.145844,1.1449280000000002,POL,ZAF,902190
10556037,185,246,9750,2015,5651.0,0.0,0.946363,1.056775,ROU,ZAF,902190
10556038,187,246,9750,2015,0.0,1986.0,-0.755738,-0.4423,RWA,ZAF,902190
10556039,190,246,9750,2015,0.0,9116.0,-1.420356,-1.218424,SDN,ZAF,902190
10556040,192,246,9750,2015,925276.0,0.0,2.05613,0.593065,SGP,ZAF,902190
10556041,207,246,9750,2015,1424.0,0.0,1.6089879999999999,0.833616,SVN,ZAF,902190
10556042,208,246,9750,2015,155557.0,30801.0,1.8068349999999997,0.693389,SWE,ZAF,902190
10556043,209,246,9750,2015,0.0,79388.0,0.257467,-0.402491,SWZ,ZAF,902190
10556044,216,246,9750,2015,17275.0,0.0,0.965888,1.368572,THA,ZAF,902190
10556045,224,246,9750,2015,10941.0,0.0,0.438669,2.519632,TUR,ZAF,902190
10556046,226,246,9750,2015,0.0,9820.0,-1.02395,-0.017509999999999998,TZA,ZAF,902190
10556047,227,246,9750,2015,0.0,9065.0,-0.611023,0.078961,UGA,ZAF,902190
10556048,228,246,9750,2015,2739.0,0.0,0.429879,0.701813,UKR,ZAF,902190
10556049,231,246,9750,2015,1963004.0,21443.0,1.720478,-0.129322,USA,ZAF,902190
10556050,239,246,9750,2015,120195.0,0.0,-0.17108900000000002,1.10995,VNM,ZAF,902190
10556051,247,246,9750,2015,0.0,42566.0,-0.44792,-0.769586,ZMB,ZAF,902190
10556052,248,246,9750,2015,652.0,130085.0,-0.838017,-0.9400270000000001,ZWE,ZAF,902190
10556053,249,246,9750,2015,53792.0,0.0,1.962832,1.214982,TWN,ZAF,902190
10556054,250,246,9750,2015,0.0,19884.0,0.377283,-0.092204,ANS,ZAF,902190
10556055,7,249,9750,2015,0.0,2514.0,0.21779600000000002,-0.0047420000000000006,ARE,TWN,902190
10556056,8,249,9750,2015,0.0,10713.0,0.116896,0.30330999999999997,ARG,TWN,902190
10556057,14,249,9750,2015,2159512.0,601086.0,-0.292325,-0.043489,AUS,TWN,902190
10556058,15,249,9750,2015,504062.0,168476.0,1.747098,-0.08026699999999999,AUT,TWN,902190
10556059,18,249,9750,2015,1478733.0,459264.0,1.329866,1.100641,BEL,TWN,902190
10556060,23,249,9750,2015,0.0,5200.0,0.45640699999999995,1.691455,BGR,TWN,902190
10556061,24,249,9750,2015,0.0,16680.0,0.36650900000000003,-0.28735,BHR,TWN,902190
10556062,32,249,9750,2015,24387.0,49937.0,0.23656799999999997,0.688607,BRA,TWN,902190
10556063,33,249,9750,2015,30320.0,0.0,0.453689,0.039237,BRB,TWN,902190
10556064,39,249,9750,2015,15221.0,152907.0,0.695867,1.171676,CAN,TWN,902190
10556065,41,249,9750,2015,2647250.0,122812.0,2.306075,0.720781,CHE,TWN,902190
10556066,42,249,9750,2015,0.0,95799.0,-0.356167,-0.47629399999999994,CHL,TWN,902190
10556067,43,249,9750,2015,634074.0,11270308.0,1.077143,1.735757,CHN,TWN,902190
10556068,49,249,9750,2015,0.0,78633.0,0.156383,-0.183055,COL,TWN,902190
10556069,52,249,9750,2015,11274.0,39095.0,0.24859699999999998,-0.033143,CRI,TWN,902190
10556070,58,249,9750,2015,0.0,980.0,0.511225,-0.207261,CYP,TWN,902190
10556071,59,249,9750,2015,0.0,43320.0,1.743012,0.45424,CZE,TWN,902190
10556072,61,249,9750,2015,2804399.0,2480937.0,2.203818,-2.307561,DEU,TWN,902190
10556073,64,249,9750,2015,407283.0,524034.0,1.157924,1.2045629999999998,DNK,TWN,902190
10556074,65,249,9750,2015,17601.0,0.0,-0.212808,0.395873,DOM,TWN,902190
10556075,67,249,9750,2015,0.0,214733.0,-0.9845959999999999,-1.075639,ECU,TWN,902190
10556076,68,249,9750,2015,0.0,69472.0,-0.183053,1.765036,EGY,TWN,902190
10556077,71,249,9750,2015,52603.0,382995.0,0.8173590000000001,2.442556,ESP,TWN,902190
10556078,72,249,9750,2015,0.0,6711.0,0.9281149999999999,1.1780389999999998,EST,TWN,902190
10556079,74,249,9750,2015,117322.0,468765.0,1.597817,0.998059,FIN,TWN,902190
10556080,75,249,9750,2015,0.0,5710.0,-0.481968,-0.201468,FJI,TWN,902190
10556081,77,249,9750,2015,234481.0,730897.0,1.479792,0.6490239999999999,FRA,TWN,902190
10556082,81,249,9750,2015,235807.0,1535854.0,1.7422990000000003,0.75838,GBR,TWN,902190
10556083,90,249,9750,2015,0.0,29501.0,0.099027,1.012289,GRC,TWN,902190
10556084,93,249,9750,2015,0.0,17295.0,-0.284403,0.525564,GTM,TWN,902190
10556085,97,249,9750,2015,628568.0,1334227.0,0.8255290000000001,1.8017279999999998,HKG,TWN,902190
10556086,99,249,9750,2015,0.0,887.0,-0.578635,-0.292053,HND,TWN,902190
10556087,100,249,9750,2015,0.0,71059.0,0.7590140000000001,1.257415,HRV,TWN,902190
10556088,102,249,9750,2015,0.0,17949.0,1.462839,0.803258,HUN,TWN,902190
10556089,103,249,9750,2015,38357.0,166281.0,-0.145103,1.277362,IDN,TWN,902190
10556090,104,249,9750,2015,11187.0,137232.0,0.24230900000000002,2.8190880000000003,IND,TWN,902190
10556091,106,249,9750,2015,6875066.0,0.0,1.304942,0.126431,IRL,TWN,902190
10556092,107,249,9750,2015,0.0,137164.0,-0.258946,-0.0073420000000000004,IRN,TWN,902190
10556093,108,249,9750,2015,0.0,42881.0,-1.465803,-0.912113,IRQ,TWN,902190
10556094,109,249,9750,2015,0.0,12118.0,0.24527600000000002,-0.411616,ISL,TWN,902190
10556095,110,249,9750,2015,172852.0,60571.0,1.260071,0.545545,ISR,TWN,902190
10556096,111,249,9750,2015,125027.0,51689.0,1.321127,0.747046,ITA,TWN,902190
10556097,112,249,9750,2015,0.0,10428.0,-0.438267,-0.828097,JAM,TWN,902190
10556098,113,249,9750,2015,0.0,54968.0,0.121172,0.457301,JOR,TWN,902190
10556099,114,249,9750,2015,88239.0,1250363.0,2.516133,-0.484202,JPN,TWN,902190
10556100,116,249,9750,2015,0.0,36429.0,-0.453564,0.433325,KEN,TWN,902190
10556101,121,249,9750,2015,1034936.0,517866.0,1.900653,0.859406,KOR,TWN,902190
10556102,122,249,9750,2015,0.0,9665.0,-0.352023,-1.153057,KWT,TWN,902190
10556103,124,249,9750,2015,0.0,61935.0,0.317355,1.330374,LBN,TWN,902190
10556104,126,249,9750,2015,0.0,3680.0,-1.3257219999999998,-1.260453,LBY,TWN,902190
10556105,128,249,9750,2015,0.0,15015.0,-0.6773399999999999,0.386343,LKA,TWN,902190
10556106,130,249,9750,2015,0.0,11235.0,0.749429,1.3659860000000001,LTU,TWN,902190
10556107,133,249,9750,2015,0.0,5533.0,0.296288,0.32009499999999996,MAC,TWN,902190
10556108,134,249,9750,2015,0.0,18607.0,-0.7554810000000001,-0.059697,MAR,TWN,902190
10556109,138,249,9750,2015,455351.0,243180.0,1.169724,0.61457,MEX,TWN,902190
10556110,151,249,9750,2015,0.0,1367.0,-0.231762,-0.195051,MUS,TWN,902190
10556111,153,249,9750,2015,351689.0,343263.0,1.082803,0.811615,MYS,TWN,902190
10556112,156,249,9750,2015,0.0,979.0,-0.727911,-0.844562,NCL,TWN,902190
10556113,160,249,9750,2015,0.0,1838.0,-1.102989,-0.952276,NIC,TWN,902190
10556114,162,249,9750,2015,708075.0,1482982.0,1.230104,1.27344,NLD,TWN,902190
10556115,163,249,9750,2015,0.0,2154.0,0.950708,0.314339,NOR,TWN,902190
10556116,164,249,9750,2015,0.0,2076.0,-0.290416,0.456716,NPL,TWN,902190
10556117,166,249,9750,2015,9176.0,91304.0,0.224598,0.253179,NZL,TWN,902190
10556118,167,249,9750,2015,0.0,22426.0,-0.4699,-1.00451,OMN,TWN,902190
10556119,173,249,9750,2015,0.0,44645.0,-0.6007819999999999,0.32152800000000004,PER,TWN,902190
10556120,174,249,9750,2015,0.0,18550.0,0.6406270000000001,0.45770200000000005,PHL,TWN,902190
10556121,177,249,9750,2015,1165318.0,178127.0,1.145844,1.1449280000000002,POL,TWN,902190
10556122,179,249,9750,2015,0.0,17382.0,0.561922,2.2276380000000002,PRT,TWN,902190
10556123,182,249,9750,2015,0.0,9053.0,-0.301696,-0.795154,PYF,TWN,902190
10556124,186,249,9750,2015,0.0,578742.0,0.23119,0.035965,RUS,TWN,902190
10556125,188,249,9750,2015,0.0,5168.0,0.5552520000000001,-0.7263229999999999,SAU,TWN,902190
10556126,192,249,9750,2015,4822871.0,177007.0,2.05613,0.593065,SGP,TWN,902190
10556127,197,249,9750,2015,0.0,1733.0,0.05531900000000001,0.169073,SLV,TWN,902190
10556128,206,249,9750,2015,0.0,11482.0,1.287133,0.7900560000000001,SVK,TWN,902190
10556129,207,249,9750,2015,0.0,3150.0,1.6089879999999999,0.833616,SVN,TWN,902190
10556130,208,249,9750,2015,6899.0,162468.0,1.8068349999999997,0.693389,SWE,TWN,902190
10556131,215,249,9750,2015,0.0,8765.0,-0.66925,-0.873554,TGO,TWN,902190
10556132,216,249,9750,2015,1396.0,233441.0,0.965888,1.368572,THA,TWN,902190
10556133,222,249,9750,2015,0.0,10879.0,-0.462837,-1.117621,TTO,TWN,902190
10556134,223,249,9750,2015,0.0,2553.0,0.140202,0.967591,TUN,TWN,902190
10556135,224,249,9750,2015,0.0,125437.0,0.438669,2.519632,TUR,TWN,902190
10556136,228,249,9750,2015,0.0,52507.0,0.429879,0.701813,UKR,TWN,902190
10556137,231,249,9750,2015,4267910.0,8895246.0,1.720478,-0.129322,USA,TWN,902190
10556138,239,249,9750,2015,879763.0,119818.0,-0.17108900000000002,1.10995,VNM,TWN,902190
10556139,246,249,9750,2015,0.0,53792.0,0.24944699999999997,1.7573159999999999,ZAF,TWN,902190
10556140,250,249,9750,2015,28537.0,0.0,0.377283,-0.092204,ANS,TWN,902190
10556141,0,250,9750,2015,13548.0,486086.0,0.8526809999999999,-0.043541,ABW,ANS,902190
10556142,18,250,9750,2015,0.0,221495.0,1.329866,1.100641,BEL,ANS,902190
10556143,41,250,9750,2015,133482.0,0.0,2.306075,0.720781,CHE,ANS,902190
10556144,42,250,9750,2015,0.0,28529.0,-0.356167,-0.47629399999999994,CHL,ANS,902190
10556145,44,250,9750,2015,0.0,10027.0,-0.856142,-0.905292,CIV,ANS,902190
10556146,52,250,9750,2015,0.0,211818.0,0.24859699999999998,-0.033143,CRI,ANS,902190
10556147,58,250,9750,2015,0.0,1768.0,0.511225,-0.207261,CYP,ANS,902190
10556148,71,250,9750,2015,0.0,133181.0,0.8173590000000001,2.442556,ESP,ANS,902190
10556149,72,250,9750,2015,0.0,181188.0,0.9281149999999999,1.1780389999999998,EST,ANS,902190
10556150,77,250,9750,2015,31154.0,2912051.0,1.479792,0.6490239999999999,FRA,ANS,902190
10556151,104,250,9750,2015,2265.0,0.0,0.24230900000000002,2.8190880000000003,IND,ANS,902190
10556152,106,250,9750,2015,0.0,3452189.0,1.304942,0.126431,IRL,ANS,902190
10556153,110,250,9750,2015,13000.0,0.0,1.260071,0.545545,ISR,ANS,902190
10556154,113,250,9750,2015,5946.0,0.0,0.121172,0.457301,JOR,ANS,902190
10556155,121,250,9750,2015,7483.0,0.0,1.900653,0.859406,KOR,ANS,902190
10556156,131,250,9750,2015,0.0,77900.0,1.218924,1.247152,LUX,ANS,902190
10556157,155,250,9750,2015,0.0,10529.0,-0.43457399999999996,-0.665655,NAM,ANS,902190
10556158,162,250,9750,2015,14053.0,10598.0,1.230104,1.27344,NLD,ANS,902190
10556159,169,250,9750,2015,290744.0,0.0,0.642058,0.833392,PAN,ANS,902190
10556160,177,250,9750,2015,22828.0,70196.0,1.145844,1.1449280000000002,POL,ANS,902190
10556161,188,250,9750,2015,0.0,173703.0,0.5552520000000001,-0.7263229999999999,SAU,ANS,902190
10556162,206,250,9750,2015,0.0,1097000.0,1.287133,0.7900560000000001,SVK,ANS,902190
10556163,208,250,9750,2015,8657.0,0.0,1.8068349999999997,0.693389,SWE,ANS,902190
10556164,239,250,9750,2015,0.0,831959.0,-0.17108900000000002,1.10995,VNM,ANS,902190
10556165,243,250,9750,2015,0.0,210171.0,-1.048632,-1.10843,YEM,ANS,902190
10556166,246,250,9750,2015,19884.0,0.0,0.24944699999999997,1.7573159999999999,ZAF,ANS,902190
10556167,248,250,9750,2015,4146.0,0.0,-0.838017,-0.9400270000000001,ZWE,ANS,902190
10556168,249,250,9750,2015,0.0,28537.0,1.962832,1.214982,TWN,ANS,902190
10556169,32,2,9750,2015,4282.0,0.0,0.23656799999999997,0.688607,BRA,AGO,902190
10556170,43,2,9750,2015,15651.0,0.0,1.077143,1.735757,CHN,AGO,902190
10556171,54,2,9750,2015,1269359.0,0.0,-0.694839,-1.093439,CUB,AGO,902190
10556172,61,2,9750,2015,9940.0,0.0,2.203818,-2.307561,DEU,AGO,902190
10556173,64,2,9750,2015,10770.0,0.0,1.157924,1.2045629999999998,DNK,AGO,902190
10556174,71,2,9750,2015,9587.0,0.0,0.8173590000000001,2.442556,ESP,AGO,902190
10556175,81,2,9750,2015,2316.0,0.0,1.7422990000000003,0.75838,GBR,AGO,902190
10556176,104,2,9750,2015,9324.0,0.0,0.24230900000000002,2.8190880000000003,IND,AGO,902190
10556177,162,2,9750,2015,8055.0,0.0,1.230104,1.27344,NLD,AGO,902190
10556178,179,2,9750,2015,33234.0,0.0,0.561922,2.2276380000000002,PRT,AGO,902190
10556179,246,2,9750,2015,19769.0,0.0,0.24944699999999997,1.7573159999999999,ZAF,AGO,902190
10556180,18,9,9750,2015,71595.0,0.0,1.329866,1.100641,BEL,ARM,902190
10556181,41,9,9750,2015,74973.0,0.0,2.306075,0.720781,CHE,ARM,902190
10556182,43,9,9750,2015,869.0,0.0,1.077143,1.735757,CHN,ARM,902190
10556183,59,9,9750,2015,1758.0,0.0,1.743012,0.45424,CZE,ARM,902190
10556184,61,9,9750,2015,261154.0,0.0,2.203818,-2.307561,DEU,ARM,902190
10556185,64,9,9750,2015,8285.0,0.0,1.157924,1.2045629999999998,DNK,ARM,902190
10556186,71,9,9750,2015,2986.0,0.0,0.8173590000000001,2.442556,ESP,ARM,902190
10556187,77,9,9750,2015,4011.0,0.0,1.479792,0.6490239999999999,FRA,ARM,902190
10556188,81,9,9750,2015,76271.0,0.0,1.7422990000000003,0.75838,GBR,ARM,902190
10556189,82,9,9750,2015,19293.0,0.0,-0.343663,-0.588017,GEO,ARM,902190
10556190,102,9,9750,2015,22608.0,0.0,1.462839,0.803258,HUN,ARM,902190
10556191,104,9,9750,2015,11201.0,0.0,0.24230900000000002,2.8190880000000003,IND,ARM,902190
10556192,106,9,9750,2015,310996.0,0.0,1.304942,0.126431,IRL,ARM,902190
10556193,107,9,9750,2015,9616.0,20901.0,-0.258946,-0.0073420000000000004,IRN,ARM,902190
10556194,110,9,9750,2015,6411.0,0.0,1.260071,0.545545,ISR,ARM,902190
10556195,111,9,9750,2015,75201.0,0.0,1.321127,0.747046,ITA,ARM,902190
10556196,114,9,9750,2015,82313.0,0.0,2.516133,-0.484202,JPN,ARM,902190
10556197,121,9,9750,2015,1639.0,0.0,1.900653,0.859406,KOR,ARM,902190
10556198,132,9,9750,2015,113447.0,0.0,0.602209,1.125357,LVA,ARM,902190
10556199,162,9,9750,2015,107160.0,0.0,1.230104,1.27344,NLD,ARM,902190
10556200,177,9,9750,2015,79581.0,0.0,1.145844,1.1449280000000002,POL,ARM,902190
10556201,185,9,9750,2015,439.0,0.0,0.946363,1.056775,ROU,ARM,902190
10556202,186,9,9750,2015,13364.0,0.0,0.23119,0.035965,RUS,ARM,902190
10556203,208,9,9750,2015,746.0,0.0,1.8068349999999997,0.693389,SWE,ARM,902190
10556204,231,9,9750,2015,34147.0,0.0,1.720478,-0.129322,USA,ARM,902190
10556205,239,9,9750,2015,1869.0,0.0,-0.17108900000000002,1.10995,VNM,ARM,902190
10556206,246,9,9750,2015,785.0,0.0,0.24944699999999997,1.7573159999999999,ZAF,ARM,902190
10556207,7,14,9750,2015,0.0,9375.0,0.21779600000000002,-0.0047420000000000006,ARE,AUS,902190
10556208,8,14,9750,2015,6660.0,308471.0,0.116896,0.30330999999999997,ARG,AUS,902190
10556209,15,14,9750,2015,3101940.0,313385.0,1.747098,-0.08026699999999999,AUT,AUS,902190
10556210,18,14,9750,2015,6165250.0,1071998.0,1.329866,1.100641,BEL,AUS,902190
10556211,22,14,9750,2015,0.0,210028.0,-1.088465,-0.8745360000000001,BGD,AUS,902190
10556212,23,14,9750,2015,29247.0,0.0,0.45640699999999995,1.691455,BGR,AUS,902190
10556213,24,14,9750,2015,0.0,7259.0,0.36650900000000003,-0.28735,BHR,AUS,902190
10556214,26,14,9750,2015,0.0,4985.0,0.355903,0.723092,BIH,AUS,902190
10556215,28,14,9750,2015,0.0,4964.0,0.672499,0.5584020000000001,BLR,AUS,902190
10556216,32,14,9750,2015,1642.0,683632.0,0.23656799999999997,0.688607,BRA,AUS,902190
10556217,34,14,9750,2015,0.0,3532.0,1.093564,-0.679211,BRN,AUS,902190
10556218,39,14,9750,2015,32632.0,3146566.0,0.695867,1.171676,CAN,AUS,902190
10556219,40,14,9750,2015,0.0,2568.0,1.2134049999999998,-0.228465,CCK,AUS,902190
10556220,41,14,9750,2015,15787711.0,1710454.0,2.306075,0.720781,CHE,AUS,902190
10556221,42,14,9750,2015,0.0,6347.0,-0.356167,-0.47629399999999994,CHL,AUS,902190
10556222,43,14,9750,2015,8453608.0,33333526.0,1.077143,1.735757,CHN,AUS,902190
10556223,49,14,9750,2015,0.0,68276.0,0.156383,-0.183055,COL,AUS,902190
10556224,52,14,9750,2015,1924087.0,0.0,0.24859699999999998,-0.033143,CRI,AUS,902190
10556225,56,14,9750,2015,0.0,2265.0,0.33029400000000003,-0.725431,CXR,AUS,902190
10556226,59,14,9750,2015,75858.0,90144.0,1.743012,0.45424,CZE,AUS,902190
10556227,61,14,9750,2015,27968298.0,6345682.0,2.203818,-2.307561,DEU,AUS,902190
10556228,64,14,9750,2015,5016241.0,7308.0,1.157924,1.2045629999999998,DNK,AUS,902190
10556229,68,14,9750,2015,37726.0,17169.0,-0.183053,1.765036,EGY,AUS,902190
10556230,71,14,9750,2015,28320.0,0.0,0.8173590000000001,2.442556,ESP,AUS,902190
10556231,72,14,9750,2015,13199.0,0.0,0.9281149999999999,1.1780389999999998,EST,AUS,902190
10556232,74,14,9750,2015,82473.0,2463.0,1.597817,0.998059,FIN,AUS,902190
10556233,75,14,9750,2015,0.0,18802.0,-0.481968,-0.201468,FJI,AUS,902190
10556234,77,14,9750,2015,960842.0,6038750.0,1.479792,0.6490239999999999,FRA,AUS,902190
10556235,81,14,9750,2015,3120352.0,106941320.0,1.7422990000000003,0.75838,GBR,AUS,902190
10556236,97,14,9750,2015,283663.0,801331.0,0.8255290000000001,1.8017279999999998,HKG,AUS,902190
10556237,102,14,9750,2015,9626042.0,0.0,1.462839,0.803258,HUN,AUS,902190
10556238,104,14,9750,2015,1970533.0,4276594.0,0.24230900000000002,2.8190880000000003,IND,AUS,902190
10556239,106,14,9750,2015,38121688.0,11797.0,1.304942,0.126431,IRL,AUS,902190
10556240,107,14,9750,2015,135333.0,0.0,-0.258946,-0.0073420000000000004,IRN,AUS,902190
10556241,109,14,9750,2015,0.0,126.0,0.24527600000000002,-0.411616,ISL,AUS,902190
10556242,110,14,9750,2015,66545.0,2413.0,1.260071,0.545545,ISR,AUS,902190
10556243,111,14,9750,2015,1284673.0,46106.0,1.321127,0.747046,ITA,AUS,902190
10556244,113,14,9750,2015,0.0,29945.0,0.121172,0.457301,JOR,AUS,902190
10556245,114,14,9750,2015,132797.0,8534457.0,2.516133,-0.484202,JPN,AUS,902190
10556246,115,14,9750,2015,0.0,133414.0,-0.45091499999999995,-0.652026,KAZ,AUS,902190
10556247,116,14,9750,2015,0.0,3106.0,-0.453564,0.433325,KEN,AUS,902190
10556248,119,14,9750,2015,0.0,30576.0,-0.257871,-0.858136,KIR,AUS,902190
10556249,121,14,9750,2015,652336.0,9072614.0,1.900653,0.859406,KOR,AUS,902190
10556250,122,14,9750,2015,0.0,5138.0,-0.352023,-1.153057,KWT,AUS,902190
10556251,128,14,9750,2015,0.0,534245.0,-0.6773399999999999,0.386343,LKA,AUS,902190
10556252,134,14,9750,2015,0.0,3214.0,-0.7554810000000001,-0.059697,MAR,AUS,902190
10556253,138,14,9750,2015,6706234.0,0.0,1.169724,0.61457,MEX,AUS,902190
10556254,141,14,9750,2015,72017.0,0.0,-0.744236,-0.9441860000000001,MLI,AUS,902190
10556255,142,14,9750,2015,0.0,1497.0,0.880893,-0.117585,MLT,AUS,902190
10556256,145,14,9750,2015,0.0,8229.0,-1.244368,-1.196677,MNG,AUS,902190
10556257,153,14,9750,2015,7445878.0,797916.0,1.082803,0.811615,MYS,AUS,902190
10556258,156,14,9750,2015,2663.0,4207.0,-0.727911,-0.844562,NCL,AUS,902190
10556259,160,14,9750,2015,0.0,815.0,-1.102989,-0.952276,NIC,AUS,902190
10556260,162,14,9750,2015,12870229.0,822852.0,1.230104,1.27344,NLD,AUS,902190
10556261,163,14,9750,2015,70419.0,347444.0,0.950708,0.314339,NOR,AUS,902190
10556262,165,14,9750,2015,0.0,2627.0,1.27283,-0.30019,NRU,AUS,902190
10556263,166,14,9750,2015,1652634.0,15333903.0,0.224598,0.253179,NZL,AUS,902190
10556264,167,14,9750,2015,0.0,98647.0,-0.4699,-1.00451,OMN,AUS,902190
10556265,169,14,9750,2015,0.0,8957685.0,0.642058,0.833392,PAN,AUS,902190
10556266,173,14,9750,2015,0.0,112531.0,-0.6007819999999999,0.32152800000000004,PER,AUS,902190
10556267,174,14,9750,2015,59288.0,154064.0,0.6406270000000001,0.45770200000000005,PHL,AUS,902190
10556268,176,14,9750,2015,0.0,8863.0,-1.710939,-1.266333,PNG,AUS,902190
10556269,177,14,9750,2015,579643.0,162596.0,1.145844,1.1449280000000002,POL,AUS,902190
10556270,180,14,9750,2015,0.0,6432.0,-0.471106,-0.9431139999999999,PRY,AUS,902190
10556271,181,14,9750,2015,0.0,7671.0,0.060575,0.5649489999999999,PSE,AUS,902190
10556272,183,14,9750,2015,0.0,2091.0,-0.077053,-0.9922719999999999,QAT,AUS,902190
10556273,185,14,9750,2015,28892.0,3248.0,0.946363,1.056775,ROU,AUS,902190
10556274,186,14,9750,2015,0.0,14402.0,0.23119,0.035965,RUS,AUS,902190
10556275,192,14,9750,2015,13517773.0,4476879.0,2.05613,0.593065,SGP,AUS,902190
10556276,195,14,9750,2015,0.0,904.0,-1.167451,-0.931206,SLB,AUS,902190
10556277,201,14,9750,2015,0.0,37674.0,0.457042,1.324908,SRB,AUS,902190
10556278,206,14,9750,2015,29433.0,4282.0,1.287133,0.7900560000000001,SVK,AUS,902190
10556279,207,14,9750,2015,0.0,295898.0,1.6089879999999999,0.833616,SVN,AUS,902190
10556280,208,14,9750,2015,3565381.0,176682.0,1.8068349999999997,0.693389,SWE,AUS,902190
10556281,216,14,9750,2015,61140.0,765228.0,0.965888,1.368572,THA,AUS,902190
10556282,224,14,9750,2015,1668.0,224748.0,0.438669,2.519632,TUR,AUS,902190
10556283,228,14,9750,2015,0.0,11894.0,0.429879,0.701813,UKR,AUS,902190
10556284,230,14,9750,2015,58064.0,165490.0,0.273876,-0.363695,URY,AUS,902190
10556285,231,14,9750,2015,63383560.0,94134760.0,1.720478,-0.129322,USA,AUS,902190
10556286,239,14,9750,2015,2278848.0,751647.0,-0.17108900000000002,1.10995,VNM,AUS,902190
10556287,242,14,9750,2015,0.0,2225.0,0.351057,-0.158431,WSM,AUS,902190
10556288,246,14,9750,2015,22661.0,206390.0,0.24944699999999997,1.7573159999999999,ZAF,AUS,902190
10556289,249,14,9750,2015,601086.0,2159512.0,1.962832,1.214982,TWN,AUS,902190
10556290,8,16,9750,2015,585.0,0.0,0.116896,0.30330999999999997,ARG,AZE,902190
10556291,15,16,9750,2015,981314.0,502536.0,1.747098,-0.08026699999999999,AUT,AZE,902190
10556292,41,16,9750,2015,14806.0,0.0,2.306075,0.720781,CHE,AZE,902190
10556293,43,16,9750,2015,11693.0,0.0,1.077143,1.735757,CHN,AZE,902190
10556294,52,16,9750,2015,2543.0,0.0,0.24859699999999998,-0.033143,CRI,AZE,902190
10556295,61,16,9750,2015,271944.0,0.0,2.203818,-2.307561,DEU,AZE,902190
10556296,64,16,9750,2015,4053.0,0.0,1.157924,1.2045629999999998,DNK,AZE,902190
10556297,74,16,9750,2015,9916.0,0.0,1.597817,0.998059,FIN,AZE,902190
10556298,77,16,9750,2015,2171144.0,0.0,1.479792,0.6490239999999999,FRA,AZE,902190
10556299,81,16,9750,2015,14529.0,0.0,1.7422990000000003,0.75838,GBR,AZE,902190
10556300,104,16,9750,2015,5597.0,0.0,0.24230900000000002,2.8190880000000003,IND,AZE,902190
10556301,106,16,9750,2015,478438.0,0.0,1.304942,0.126431,IRL,AZE,902190
10556302,110,16,9750,2015,2634.0,0.0,1.260071,0.545545,ISR,AZE,902190
10556303,111,16,9750,2015,5941.0,0.0,1.321127,0.747046,ITA,AZE,902190
10556304,114,16,9750,2015,2058.0,0.0,2.516133,-0.484202,JPN,AZE,902190
10556305,121,16,9750,2015,21792.0,0.0,1.900653,0.859406,KOR,AZE,902190
10556306,132,16,9750,2015,55825.0,0.0,0.602209,1.125357,LVA,AZE,902190
10556307,163,16,9750,2015,8380.0,5429.0,0.950708,0.314339,NOR,AZE,902190
10556308,177,16,9750,2015,4357.0,0.0,1.145844,1.1449280000000002,POL,AZE,902190
10556309,186,16,9750,2015,657629.0,0.0,0.23119,0.035965,RUS,AZE,902190
10556310,208,16,9750,2015,9058.0,0.0,1.8068349999999997,0.693389,SWE,AZE,902190
10556311,224,16,9750,2015,727111.0,0.0,0.438669,2.519632,TUR,AZE,902190
10556312,228,16,9750,2015,25388.0,0.0,0.429879,0.701813,UKR,AZE,902190
10556313,231,16,9750,2015,165192.0,0.0,1.720478,-0.129322,USA,AZE,902190
10556314,14,22,9750,2015,210028.0,0.0,-0.292325,-0.043489,AUS,BGD,902190
10556315,15,22,9750,2015,194550.0,0.0,1.747098,-0.08026699999999999,AUT,BGD,902190
10556316,18,22,9750,2015,235251.0,0.0,1.329866,1.100641,BEL,BGD,902190
10556317,32,22,9750,2015,40649.0,0.0,0.23656799999999997,0.688607,BRA,BGD,902190
10556318,41,22,9750,2015,430343.0,0.0,2.306075,0.720781,CHE,BGD,902190
10556319,43,22,9750,2015,243688.0,0.0,1.077143,1.735757,CHN,BGD,902190
10556320,61,22,9750,2015,496258.0,0.0,2.203818,-2.307561,DEU,BGD,902190
10556321,71,22,9750,2015,7713.0,0.0,0.8173590000000001,2.442556,ESP,BGD,902190
10556322,81,22,9750,2015,197858.0,0.0,1.7422990000000003,0.75838,GBR,BGD,902190
10556323,97,22,9750,2015,132884.0,0.0,0.8255290000000001,1.8017279999999998,HKG,BGD,902190
10556324,104,22,9750,2015,1909934.0,0.0,0.24230900000000002,2.8190880000000003,IND,BGD,902190
10556325,111,22,9750,2015,68626.0,0.0,1.321127,0.747046,ITA,BGD,902190
10556326,162,22,9750,2015,831235.0,0.0,1.230104,1.27344,NLD,BGD,902190
10556327,192,22,9750,2015,92624.0,0.0,2.05613,0.593065,SGP,BGD,902190
10556328,209,22,9750,2015,16863.0,0.0,0.257467,-0.402491,SWZ,BGD,902190
10556329,231,22,9750,2015,218540.0,0.0,1.720478,-0.129322,USA,BGD,902190
10556330,7,24,9750,2015,0.0,714038.0,0.21779600000000002,-0.0047420000000000006,ARE,BHR,902190
10556331,14,24,9750,2015,7259.0,0.0,-0.292325,-0.043489,AUS,BHR,902190
10556332,15,24,9750,2015,601102.0,4192.0,1.747098,-0.08026699999999999,AUT,BHR,902190
10556333,18,24,9750,2015,146054.0,0.0,1.329866,1.100641,BEL,BHR,902190
10556334,23,24,9750,2015,4720.0,0.0,0.45640699999999995,1.691455,BGR,BHR,902190
10556335,41,24,9750,2015,25517.0,0.0,2.306075,0.720781,CHE,BHR,902190
10556336,43,24,9750,2015,4577.0,0.0,1.077143,1.735757,CHN,BHR,902190
10556337,52,24,9750,2015,14142.0,0.0,0.24859699999999998,-0.033143,CRI,BHR,902190
10556338,61,24,9750,2015,69501.0,0.0,2.203818,-2.307561,DEU,BHR,902190
10556339,64,24,9750,2015,11018.0,0.0,1.157924,1.2045629999999998,DNK,BHR,902190
10556340,71,24,9750,2015,2110.0,0.0,0.8173590000000001,2.442556,ESP,BHR,902190
10556341,74,24,9750,2015,26301.0,0.0,1.597817,0.998059,FIN,BHR,902190
10556342,77,24,9750,2015,13171.0,0.0,1.479792,0.6490239999999999,FRA,BHR,902190
10556343,81,24,9750,2015,45565.0,0.0,1.7422990000000003,0.75838,GBR,BHR,902190
10556344,106,24,9750,2015,68318.0,0.0,1.304942,0.126431,IRL,BHR,902190
10556345,111,24,9750,2015,2258.0,0.0,1.321127,0.747046,ITA,BHR,902190
10556346,121,24,9750,2015,9895.0,0.0,1.900653,0.859406,KOR,BHR,902190
10556347,122,24,9750,2015,0.0,55413.0,-0.352023,-1.153057,KWT,BHR,902190
10556348,138,24,9750,2015,49484.0,0.0,1.169724,0.61457,MEX,BHR,902190
10556349,153,24,9750,2015,5890.0,0.0,1.082803,0.811615,MYS,BHR,902190
10556350,162,24,9750,2015,776573.0,0.0,1.230104,1.27344,NLD,BHR,902190
10556351,188,24,9750,2015,0.0,487685.0,0.5552520000000001,-0.7263229999999999,SAU,BHR,902190
10556352,192,24,9750,2015,8816.0,0.0,2.05613,0.593065,SGP,BHR,902190
10556353,208,24,9750,2015,1852.0,0.0,1.8068349999999997,0.693389,SWE,BHR,902190
10556354,216,24,9750,2015,9652.0,0.0,0.965888,1.368572,THA,BHR,902190
10556355,231,24,9750,2015,199281.0,0.0,1.720478,-0.129322,USA,BHR,902190
10556356,249,24,9750,2015,16680.0,0.0,1.962832,1.214982,TWN,BHR,902190
10556357,14,28,9750,2015,4964.0,0.0,-0.292325,-0.043489,AUS,BLR,902190
10556358,15,28,9750,2015,739221.0,0.0,1.747098,-0.08026699999999999,AUT,BLR,902190
10556359,41,28,9750,2015,338853.0,0.0,2.306075,0.720781,CHE,BLR,902190
10556360,43,28,9750,2015,65819.0,0.0,1.077143,1.735757,CHN,BLR,902190
10556361,59,28,9750,2015,18594.0,0.0,1.743012,0.45424,CZE,BLR,902190
10556362,61,28,9750,2015,328460.0,0.0,2.203818,-2.307561,DEU,BLR,902190
10556363,64,28,9750,2015,40924.0,0.0,1.157924,1.2045629999999998,DNK,BLR,902190
10556364,77,28,9750,2015,280425.0,0.0,1.479792,0.6490239999999999,FRA,BLR,902190
10556365,81,28,9750,2015,1638539.0,0.0,1.7422990000000003,0.75838,GBR,BLR,902190
10556366,104,28,9750,2015,1857.0,0.0,0.24230900000000002,2.8190880000000003,IND,BLR,902190
10556367,106,28,9750,2015,138333.0,0.0,1.304942,0.126431,IRL,BLR,902190
10556368,110,28,9750,2015,183888.0,0.0,1.260071,0.545545,ISR,BLR,902190
10556369,111,28,9750,2015,20341.0,0.0,1.321127,0.747046,ITA,BLR,902190
10556370,114,28,9750,2015,52840.0,0.0,2.516133,-0.484202,JPN,BLR,902190
10556371,115,28,9750,2015,4028.0,54696.0,-0.45091499999999995,-0.652026,KAZ,BLR,902190
10556372,121,28,9750,2015,1592.0,0.0,1.900653,0.859406,KOR,BLR,902190
10556373,130,28,9750,2015,947358.0,0.0,0.749429,1.3659860000000001,LTU,BLR,902190
10556374,132,28,9750,2015,1993992.0,0.0,0.602209,1.125357,LVA,BLR,902190
10556375,138,28,9750,2015,30611.0,0.0,1.169724,0.61457,MEX,BLR,902190
10556376,153,28,9750,2015,1086.0,0.0,1.082803,0.811615,MYS,BLR,902190
10556377,162,28,9750,2015,525379.0,0.0,1.230104,1.27344,NLD,BLR,902190
10556378,177,28,9750,2015,1155373.0,0.0,1.145844,1.1449280000000002,POL,BLR,902190
10556379,186,28,9750,2015,230876.0,679417.0,0.23119,0.035965,RUS,BLR,902190
10556380,208,28,9750,2015,5312.0,0.0,1.8068349999999997,0.693389,SWE,BLR,902190
10556381,231,28,9750,2015,1758923.0,0.0,1.720478,-0.129322,USA,BLR,902190
10556382,18,46,9750,2015,57951.0,0.0,1.329866,1.100641,BEL,COD,902190
10556383,104,46,9750,2015,15164.0,0.0,0.24230900000000002,2.8190880000000003,IND,COD,902190
10556384,215,46,9750,2015,34240.0,0.0,-0.66925,-0.873554,TGO,COD,902190
10556385,231,46,9750,2015,3837.0,0.0,1.720478,-0.129322,USA,COD,902190
10556386,7,68,9750,2015,0.0,68231.0,0.21779600000000002,-0.0047420000000000006,ARE,EGY,902190
10556387,8,68,9750,2015,25345.0,0.0,0.116896,0.30330999999999997,ARG,EGY,902190
10556388,14,68,9750,2015,17169.0,37726.0,-0.292325,-0.043489,AUS,EGY,902190
10556389,15,68,9750,2015,5269623.0,31219.0,1.747098,-0.08026699999999999,AUT,EGY,902190
10556390,17,68,9750,2015,0.0,9604.0,-0.993318,-1.031194,BDI,EGY,902190
10556391,18,68,9750,2015,1400680.0,0.0,1.329866,1.100641,BEL,EGY,902190
10556392,41,68,9750,2015,1295617.0,2152.0,2.306075,0.720781,CHE,EGY,902190
10556393,43,68,9750,2015,279515.0,0.0,1.077143,1.735757,CHN,EGY,902190
10556394,44,68,9750,2015,0.0,7146.0,-0.856142,-0.905292,CIV,EGY,902190
10556395,58,68,9750,2015,0.0,24464.0,0.511225,-0.207261,CYP,EGY,902190
10556396,59,68,9750,2015,88837.0,0.0,1.743012,0.45424,CZE,EGY,902190
10556397,61,68,9750,2015,2668618.0,45661.0,2.203818,-2.307561,DEU,EGY,902190
10556398,62,68,9750,2015,0.0,1960.0,-0.538942,-0.832522,DJI,EGY,902190
10556399,64,68,9750,2015,748396.0,0.0,1.157924,1.2045629999999998,DNK,EGY,902190
10556400,66,68,9750,2015,0.0,65918.0,-1.54346,-1.255633,DZA,EGY,902190
10556401,71,68,9750,2015,81872.0,0.0,0.8173590000000001,2.442556,ESP,EGY,902190
10556402,72,68,9750,2015,10477.0,0.0,0.9281149999999999,1.1780389999999998,EST,EGY,902190
10556403,73,68,9750,2015,0.0,3803.0,-1.004896,-0.721019,ETH,EGY,902190
10556404,74,68,9750,2015,87313.0,0.0,1.597817,0.998059,FIN,EGY,902190
10556405,77,68,9750,2015,597096.0,10130.0,1.479792,0.6490239999999999,FRA,EGY,902190
10556406,81,68,9750,2015,2513420.0,90222.0,1.7422990000000003,0.75838,GBR,EGY,902190
10556407,90,68,9750,2015,0.0,6038.0,0.099027,1.012289,GRC,EGY,902190
10556408,102,68,9750,2015,88163.0,0.0,1.462839,0.803258,HUN,EGY,902190
10556409,104,68,9750,2015,21779.0,0.0,0.24230900000000002,2.8190880000000003,IND,EGY,902190
10556410,106,68,9750,2015,1998674.0,3157.0,1.304942,0.126431,IRL,EGY,902190
10556411,108,68,9750,2015,0.0,38080.0,-1.465803,-0.912113,IRQ,EGY,902190
10556412,111,68,9750,2015,3530148.0,17012.0,1.321127,0.747046,ITA,EGY,902190
10556413,113,68,9750,2015,0.0,3829.0,0.121172,0.457301,JOR,EGY,902190
10556414,114,68,9750,2015,188259.0,0.0,2.516133,-0.484202,JPN,EGY,902190
10556415,116,68,9750,2015,0.0,21624.0,-0.453564,0.433325,KEN,EGY,902190
10556416,121,68,9750,2015,559322.0,2791.0,1.900653,0.859406,KOR,EGY,902190
10556417,122,68,9750,2015,2690.0,90012.0,-0.352023,-1.153057,KWT,EGY,902190
10556418,124,68,9750,2015,0.0,1779.0,0.317355,1.330374,LBN,EGY,902190
10556419,134,68,9750,2015,0.0,3176.0,-0.7554810000000001,-0.059697,MAR,EGY,902190
10556420,142,68,9750,2015,0.0,130584.0,0.880893,-0.117585,MLT,EGY,902190
10556421,159,68,9750,2015,0.0,4024.0,-1.415451,-1.157829,NGA,EGY,902190
10556422,162,68,9750,2015,11233452.0,34915.0,1.230104,1.27344,NLD,EGY,902190
10556423,164,68,9750,2015,0.0,1209.0,-0.290416,0.456716,NPL,EGY,902190
10556424,177,68,9750,2015,67935.0,0.0,1.145844,1.1449280000000002,POL,EGY,902190
10556425,180,68,9750,2015,0.0,6655.0,-0.471106,-0.9431139999999999,PRY,EGY,902190
10556426,183,68,9750,2015,0.0,5023.0,-0.077053,-0.9922719999999999,QAT,EGY,902190
10556427,185,68,9750,2015,0.0,20173.0,0.946363,1.056775,ROU,EGY,902190
10556428,188,68,9750,2015,0.0,289785.0,0.5552520000000001,-0.7263229999999999,SAU,EGY,902190
10556429,190,68,9750,2015,0.0,125265.0,-1.420356,-1.218424,SDN,EGY,902190
10556430,191,68,9750,2015,0.0,1078.0,-0.708349,-0.296663,SEN,EGY,902190
10556431,208,68,9750,2015,132676.0,23790.0,1.8068349999999997,0.693389,SWE,EGY,902190
10556432,212,68,9750,2015,0.0,4214.0,-0.603532,0.313216,SYR,EGY,902190
10556433,223,68,9750,2015,0.0,16320.0,0.140202,0.967591,TUN,EGY,902190
10556434,224,68,9750,2015,53619.0,43338.0,0.438669,2.519632,TUR,EGY,902190
10556435,227,68,9750,2015,0.0,1100.0,-0.611023,0.078961,UGA,EGY,902190
10556436,231,68,9750,2015,286969.0,41043.0,1.720478,-0.129322,USA,EGY,902190
10556437,243,68,9750,2015,0.0,36449.0,-1.048632,-1.10843,YEM,EGY,902190
10556438,246,68,9750,2015,0.0,8156.0,0.24944699999999997,1.7573159999999999,ZAF,EGY,902190
10556439,247,68,9750,2015,0.0,7784.0,-0.44792,-0.769586,ZMB,EGY,902190
10556440,249,68,9750,2015,69472.0,0.0,1.962832,1.214982,TWN,EGY,902190
10556441,7,74,9750,2015,0.0,4718.0,0.21779600000000002,-0.0047420000000000006,ARE,FIN,902190
10556442,8,74,9750,2015,0.0,26315.0,0.116896,0.30330999999999997,ARG,FIN,902190
10556443,14,74,9750,2015,2463.0,82473.0,-0.292325,-0.043489,AUS,FIN,902190
10556444,15,74,9750,2015,1237565.0,0.0,1.747098,-0.08026699999999999,AUT,FIN,902190
10556445,16,74,9750,2015,0.0,9916.0,-0.983347,-1.231542,AZE,FIN,902190
10556446,18,74,9750,2015,4930328.0,30007.0,1.329866,1.100641,BEL,FIN,902190
10556447,24,74,9750,2015,0.0,26301.0,0.36650900000000003,-0.28735,BHR,FIN,902190
10556448,32,74,9750,2015,0.0,254990.0,0.23656799999999997,0.688607,BRA,FIN,902190
10556449,39,74,9750,2015,10895.0,2944.0,0.695867,1.171676,CAN,FIN,902190
10556450,41,74,9750,2015,477342.0,21209.0,2.306075,0.720781,CHE,FIN,902190
10556451,42,74,9750,2015,0.0,9074.0,-0.356167,-0.47629399999999994,CHL,FIN,902190
10556452,43,74,9750,2015,311388.0,1149295.0,1.077143,1.735757,CHN,FIN,902190
10556453,49,74,9750,2015,0.0,28712.0,0.156383,-0.183055,COL,FIN,902190
10556454,52,74,9750,2015,216363.0,0.0,0.24859699999999998,-0.033143,CRI,FIN,902190
10556455,59,74,9750,2015,47422.0,37670.0,1.743012,0.45424,CZE,FIN,902190
10556456,61,74,9750,2015,16321963.0,193140.0,2.203818,-2.307561,DEU,FIN,902190
10556457,64,74,9750,2015,356428.0,7176.0,1.157924,1.2045629999999998,DNK,FIN,902190
10556458,68,74,9750,2015,0.0,87313.0,-0.183053,1.765036,EGY,FIN,902190
10556459,71,74,9750,2015,174257.0,42599.0,0.8173590000000001,2.442556,ESP,FIN,902190
10556460,72,74,9750,2015,10566.0,10272.0,0.9281149999999999,1.1780389999999998,EST,FIN,902190
10556461,77,74,9750,2015,594425.0,117478.0,1.479792,0.6490239999999999,FRA,FIN,902190
10556462,81,74,9750,2015,539424.0,46242.0,1.7422990000000003,0.75838,GBR,FIN,902190
10556463,90,74,9750,2015,0.0,7378.0,0.099027,1.012289,GRC,FIN,902190
10556464,97,74,9750,2015,3742.0,4252.0,0.8255290000000001,1.8017279999999998,HKG,FIN,902190
10556465,104,74,9750,2015,0.0,22125.0,0.24230900000000002,2.8190880000000003,IND,FIN,902190
10556466,106,74,9750,2015,3926692.0,62238.0,1.304942,0.126431,IRL,FIN,902190
10556467,107,74,9750,2015,0.0,17757.0,-0.258946,-0.0073420000000000004,IRN,FIN,902190
10556468,110,74,9750,2015,17933.0,8140.0,1.260071,0.545545,ISR,FIN,902190
10556469,111,74,9750,2015,20903.0,7567.0,1.321127,0.747046,ITA,FIN,902190
10556470,113,74,9750,2015,0.0,5406.0,0.121172,0.457301,JOR,FIN,902190
10556471,114,74,9750,2015,16681.0,14931.0,2.516133,-0.484202,JPN,FIN,902190
10556472,121,74,9750,2015,29746.0,226582.0,1.900653,0.859406,KOR,FIN,902190
10556473,130,74,9750,2015,23606.0,0.0,0.749429,1.3659860000000001,LTU,FIN,902190
10556474,132,74,9750,2015,0.0,90321.0,0.602209,1.125357,LVA,FIN,902190
10556475,138,74,9750,2015,95323.0,13040.0,1.169724,0.61457,MEX,FIN,902190
10556476,153,74,9750,2015,107537.0,0.0,1.082803,0.811615,MYS,FIN,902190
10556477,162,74,9750,2015,3003866.0,221323.0,1.230104,1.27344,NLD,FIN,902190
10556478,163,74,9750,2015,117540.0,97281.0,0.950708,0.314339,NOR,FIN,902190
10556479,166,74,9750,2015,0.0,23815.0,0.224598,0.253179,NZL,FIN,902190
10556480,174,74,9750,2015,6544.0,0.0,0.6406270000000001,0.45770200000000005,PHL,FIN,902190
10556481,177,74,9750,2015,320019.0,18538.0,1.145844,1.1449280000000002,POL,FIN,902190
10556482,179,74,9750,2015,140514.0,0.0,0.561922,2.2276380000000002,PRT,FIN,902190
10556483,180,74,9750,2015,0.0,9371.0,-0.471106,-0.9431139999999999,PRY,FIN,902190
10556484,182,74,9750,2015,0.0,5124.0,-0.301696,-0.795154,PYF,FIN,902190
10556485,185,74,9750,2015,0.0,2089.0,0.946363,1.056775,ROU,FIN,902190
10556486,186,74,9750,2015,0.0,195871.0,0.23119,0.035965,RUS,FIN,902190
10556487,188,74,9750,2015,0.0,504382.0,0.5552520000000001,-0.7263229999999999,SAU,FIN,902190
10556488,192,74,9750,2015,188441.0,51235.0,2.05613,0.593065,SGP,FIN,902190
10556489,196,74,9750,2015,0.0,52804.0,0.072324,-0.255235,SLE,FIN,902190
10556490,208,74,9750,2015,5939850.0,3118245.0,1.8068349999999997,0.693389,SWE,FIN,902190
10556491,223,74,9750,2015,0.0,5771.0,0.140202,0.967591,TUN,FIN,902190
10556492,224,74,9750,2015,85383.0,93253.0,0.438669,2.519632,TUR,FIN,902190
10556493,231,74,9750,2015,500050.0,1116530.0,1.720478,-0.129322,USA,FIN,902190
10556494,239,74,9750,2015,86188.0,0.0,-0.17108900000000002,1.10995,VNM,FIN,902190
10556495,246,74,9750,2015,0.0,80528.0,0.24944699999999997,1.7573159999999999,ZAF,FIN,902190
10556496,249,74,9750,2015,468765.0,117322.0,1.962832,1.214982,TWN,FIN,902190
10556497,9,82,9750,2015,0.0,19293.0,0.037579,-0.42448800000000003,ARM,GEO,902190
10556498,15,82,9750,2015,447075.0,0.0,1.747098,-0.08026699999999999,AUT,GEO,902190
10556499,18,82,9750,2015,80108.0,0.0,1.329866,1.100641,BEL,GEO,902190
10556500,32,82,9750,2015,1797.0,0.0,0.23656799999999997,0.688607,BRA,GEO,902190
10556501,41,82,9750,2015,187153.0,0.0,2.306075,0.720781,CHE,GEO,902190
10556502,43,82,9750,2015,5455.0,0.0,1.077143,1.735757,CHN,GEO,902190
10556503,59,82,9750,2015,13194.0,0.0,1.743012,0.45424,CZE,GEO,902190
10556504,61,82,9750,2015,1182245.0,0.0,2.203818,-2.307561,DEU,GEO,902190
10556505,64,82,9750,2015,16070.0,0.0,1.157924,1.2045629999999998,DNK,GEO,902190
10556506,72,82,9750,2015,24639.0,0.0,0.9281149999999999,1.1780389999999998,EST,GEO,902190
10556507,77,82,9750,2015,2013.0,0.0,1.479792,0.6490239999999999,FRA,GEO,902190
10556508,81,82,9750,2015,2326.0,0.0,1.7422990000000003,0.75838,GBR,GEO,902190
10556509,104,82,9750,2015,78871.0,0.0,0.24230900000000002,2.8190880000000003,IND,GEO,902190
10556510,110,82,9750,2015,59742.0,0.0,1.260071,0.545545,ISR,GEO,902190
10556511,111,82,9750,2015,99154.0,0.0,1.321127,0.747046,ITA,GEO,902190
10556512,121,82,9750,2015,35347.0,0.0,1.900653,0.859406,KOR,GEO,902190
10556513,130,82,9750,2015,32225.0,81810.0,0.749429,1.3659860000000001,LTU,GEO,902190
10556514,131,82,9750,2015,0.0,2802.0,1.218924,1.247152,LUX,GEO,902190
10556515,132,82,9750,2015,108644.0,0.0,0.602209,1.125357,LVA,GEO,902190
10556516,162,82,9750,2015,475630.0,0.0,1.230104,1.27344,NLD,GEO,902190
10556517,177,82,9750,2015,5643.0,0.0,1.145844,1.1449280000000002,POL,GEO,902190
10556518,186,82,9750,2015,15905.0,0.0,0.23119,0.035965,RUS,GEO,902190
10556519,206,82,9750,2015,1684.0,0.0,1.287133,0.7900560000000001,SVK,GEO,902190
10556520,208,82,9750,2015,18749.0,0.0,1.8068349999999997,0.693389,SWE,GEO,902190
10556521,224,82,9750,2015,123021.0,0.0,0.438669,2.519632,TUR,GEO,902190
10556522,228,82,9750,2015,4778.0,0.0,0.429879,0.701813,UKR,GEO,902190
10556523,4,90,9750,2015,0.0,87603.0,-0.601875,-0.27003,ALB,GRC,902190
10556524,15,90,9750,2015,648988.0,23540.0,1.747098,-0.08026699999999999,AUT,GRC,902190
10556525,18,90,9750,2015,3437071.0,110371.0,1.329866,1.100641,BEL,GRC,902190
10556526,23,90,9750,2015,0.0,152186.0,0.45640699999999995,1.691455,BGR,GRC,902190
10556527,39,90,9750,2015,158866.0,0.0,0.695867,1.171676,CAN,GRC,902190
10556528,41,90,9750,2015,86407.0,11097.0,2.306075,0.720781,CHE,GRC,902190
10556529,43,90,9750,2015,361884.0,0.0,1.077143,1.735757,CHN,GRC,902190
10556530,58,90,9750,2015,756478.0,376381.0,0.511225,-0.207261,CYP,GRC,902190
10556531,59,90,9750,2015,47921.0,0.0,1.743012,0.45424,CZE,GRC,902190
10556532,61,90,9750,2015,10900947.0,364483.0,2.203818,-2.307561,DEU,GRC,902190
10556533,64,90,9750,2015,155178.0,52751.0,1.157924,1.2045629999999998,DNK,GRC,902190
10556534,68,90,9750,2015,6038.0,0.0,-0.183053,1.765036,EGY,GRC,902190
10556535,71,90,9750,2015,19958.0,0.0,0.8173590000000001,2.442556,ESP,GRC,902190
10556536,74,90,9750,2015,7378.0,0.0,1.597817,0.998059,FIN,GRC,902190
10556537,77,90,9750,2015,699721.0,0.0,1.479792,0.6490239999999999,FRA,GRC,902190
10556538,81,90,9750,2015,104696.0,50366.0,1.7422990000000003,0.75838,GBR,GRC,902190
10556539,97,90,9750,2015,9382.0,0.0,0.8255290000000001,1.8017279999999998,HKG,GRC,902190
10556540,102,90,9750,2015,408632.0,6296.0,1.462839,0.803258,HUN,GRC,902190
10556541,104,90,9750,2015,11580.0,0.0,0.24230900000000002,2.8190880000000003,IND,GRC,902190
10556542,110,90,9750,2015,59182.0,0.0,1.260071,0.545545,ISR,GRC,902190
10556543,111,90,9750,2015,253909.0,13205.0,1.321127,0.747046,ITA,GRC,902190
10556544,114,90,9750,2015,2011.0,0.0,2.516133,-0.484202,JPN,GRC,902190
10556545,115,90,9750,2015,0.0,934.0,-0.45091499999999995,-0.652026,KAZ,GRC,902190
10556546,121,90,9750,2015,24098.0,7387.0,1.900653,0.859406,KOR,GRC,902190
10556547,124,90,9750,2015,0.0,21785.0,0.317355,1.330374,LBN,GRC,902190
10556548,130,90,9750,2015,3304.0,0.0,0.749429,1.3659860000000001,LTU,GRC,902190
10556549,131,90,9750,2015,219689.0,0.0,1.218924,1.247152,LUX,GRC,902190
10556550,138,90,9750,2015,113810.0,0.0,1.169724,0.61457,MEX,GRC,902190
10556551,153,90,9750,2015,0.0,4603.0,1.082803,0.811615,MYS,GRC,902190
10556552,162,90,9750,2015,4410197.0,758186.0,1.230104,1.27344,NLD,GRC,902190
10556553,168,90,9750,2015,3523.0,0.0,-0.7059979999999999,0.73501,PAK,GRC,902190
10556554,177,90,9750,2015,256212.0,0.0,1.145844,1.1449280000000002,POL,GRC,902190
10556555,185,90,9750,2015,344540.0,1347931.0,0.946363,1.056775,ROU,GRC,902190
10556556,207,90,9750,2015,1499.0,0.0,1.6089879999999999,0.833616,SVN,GRC,902190
10556557,208,90,9750,2015,70437.0,23326.0,1.8068349999999997,0.693389,SWE,GRC,902190
10556558,224,90,9750,2015,71105.0,29797.0,0.438669,2.519632,TUR,GRC,902190
10556559,231,90,9750,2015,197031.0,1034.0,1.720478,-0.129322,USA,GRC,902190
10556560,246,90,9750,2015,28140.0,0.0,0.24944699999999997,1.7573159999999999,ZAF,GRC,902190
10556561,249,90,9750,2015,29501.0,0.0,1.962832,1.214982,TWN,GRC,902190
10556562,4,100,9750,2015,0.0,6420.0,-0.601875,-0.27003,ALB,HRV,902190
10556563,7,100,9750,2015,0.0,2121.0,0.21779600000000002,-0.0047420000000000006,ARE,HRV,902190
10556564,15,100,9750,2015,503833.0,0.0,1.747098,-0.08026699999999999,AUT,HRV,902190
10556565,18,100,9750,2015,236352.0,20684.0,1.329866,1.100641,BEL,HRV,902190
10556566,26,100,9750,2015,0.0,33357.0,0.355903,0.723092,BIH,HRV,902190
10556567,32,100,9750,2015,19588.0,0.0,0.23656799999999997,0.688607,BRA,HRV,902190
10556568,41,100,9750,2015,17423.0,0.0,2.306075,0.720781,CHE,HRV,902190
10556569,43,100,9750,2015,100104.0,0.0,1.077143,1.735757,CHN,HRV,902190
10556570,58,100,9750,2015,0.0,11895.0,0.511225,-0.207261,CYP,HRV,902190
10556571,59,100,9750,2015,4164.0,0.0,1.743012,0.45424,CZE,HRV,902190
10556572,61,100,9750,2015,2587403.0,956885.0,2.203818,-2.307561,DEU,HRV,902190
10556573,64,100,9750,2015,44774.0,0.0,1.157924,1.2045629999999998,DNK,HRV,902190
10556574,71,100,9750,2015,20014.0,0.0,0.8173590000000001,2.442556,ESP,HRV,902190
10556575,77,100,9750,2015,17631.0,0.0,1.479792,0.6490239999999999,FRA,HRV,902190
10556576,81,100,9750,2015,24718.0,0.0,1.7422990000000003,0.75838,GBR,HRV,902190
10556577,97,100,9750,2015,86119.0,0.0,0.8255290000000001,1.8017279999999998,HKG,HRV,902190
10556578,102,100,9750,2015,18011.0,14023.0,1.462839,0.803258,HUN,HRV,902190
10556579,106,100,9750,2015,9875.0,0.0,1.304942,0.126431,IRL,HRV,902190
10556580,110,100,9750,2015,27493.0,0.0,1.260071,0.545545,ISR,HRV,902190
10556581,111,100,9750,2015,361052.0,35172.0,1.321127,0.747046,ITA,HRV,902190
10556582,121,100,9750,2015,47701.0,878.0,1.900653,0.859406,KOR,HRV,902190
10556583,140,100,9750,2015,2387.0,82893.0,-0.09009600000000001,-0.147359,MKD,HRV,902190
10556584,144,100,9750,2015,2869.0,62927.0,-0.048385000000000004,-0.150759,MNE,HRV,902190
10556585,162,100,9750,2015,778410.0,18223.0,1.230104,1.27344,NLD,HRV,902190
10556586,177,100,9750,2015,11842.0,13556.0,1.145844,1.1449280000000002,POL,HRV,902190
10556587,179,100,9750,2015,0.0,2808.0,0.561922,2.2276380000000002,PRT,HRV,902190
10556588,201,100,9750,2015,15545.0,331507.0,0.457042,1.324908,SRB,HRV,902190
10556589,207,100,9750,2015,693724.0,100370.0,1.6089879999999999,0.833616,SVN,HRV,902190
10556590,208,100,9750,2015,921900.0,0.0,1.8068349999999997,0.693389,SWE,HRV,902190
10556591,224,100,9750,2015,4549.0,0.0,0.438669,2.519632,TUR,HRV,902190
10556592,231,100,9750,2015,223438.0,0.0,1.720478,-0.129322,USA,HRV,902190
10556593,237,100,9750,2015,8493.0,0.0,0.914493,-0.31357399999999996,VGB,HRV,902190
10556594,249,100,9750,2015,71059.0,0.0,1.962832,1.214982,TWN,HRV,902190
10556595,5,106,9750,2015,0.0,532.0,0.850153,0.383793,AND,IRL,902190
10556596,7,106,9750,2015,0.0,815440.0,0.21779600000000002,-0.0047420000000000006,ARE,IRL,902190
10556597,8,106,9750,2015,0.0,4568074.0,0.116896,0.30330999999999997,ARG,IRL,902190
10556598,9,106,9750,2015,0.0,310996.0,0.037579,-0.42448800000000003,ARM,IRL,902190
10556599,14,106,9750,2015,11797.0,38121688.0,-0.292325,-0.043489,AUS,IRL,902190
10556600,15,106,9750,2015,3654.0,571917.0,1.747098,-0.08026699999999999,AUT,IRL,902190
10556601,16,106,9750,2015,0.0,478438.0,-0.983347,-1.231542,AZE,IRL,902190
10556602,18,106,9750,2015,1353584.0,2743261.0,1.329866,1.100641,BEL,IRL,902190
10556603,23,106,9750,2015,0.0,17357.0,0.45640699999999995,1.691455,BGR,IRL,902190
10556604,24,106,9750,2015,0.0,68318.0,0.36650900000000003,-0.28735,BHR,IRL,902190
10556605,26,106,9750,2015,0.0,4817.0,0.355903,0.723092,BIH,IRL,902190
10556606,28,106,9750,2015,0.0,138333.0,0.672499,0.5584020000000001,BLR,IRL,902190
10556607,31,106,9750,2015,0.0,13554.0,-1.051562,-1.067714,BOL,IRL,902190
10556608,32,106,9750,2015,5171.0,21959974.0,0.23656799999999997,0.688607,BRA,IRL,902190
10556609,33,106,9750,2015,0.0,529.0,0.453689,0.039237,BRB,IRL,902190
10556610,34,106,9750,2015,0.0,166788.0,1.093564,-0.679211,BRN,IRL,902190
10556611,39,106,9750,2015,1980797.0,13124560.0,0.695867,1.171676,CAN,IRL,902190
10556612,41,106,9750,2015,1106309.0,2067366.0,2.306075,0.720781,CHE,IRL,902190
10556613,42,106,9750,2015,1006.0,1523757.0,-0.356167,-0.47629399999999994,CHL,IRL,902190
10556614,43,106,9750,2015,3867503.0,151250992.0,1.077143,1.735757,CHN,IRL,902190
10556615,49,106,9750,2015,5834.0,4186610.0,0.156383,-0.183055,COL,IRL,902190
10556616,52,106,9750,2015,221436.0,119976.0,0.24859699999999998,-0.033143,CRI,IRL,902190
10556617,58,106,9750,2015,0.0,18037.0,0.511225,-0.207261,CYP,IRL,902190
10556618,59,106,9750,2015,4371.0,336368.0,1.743012,0.45424,CZE,IRL,902190
10556619,61,106,9750,2015,33646988.0,104717024.0,2.203818,-2.307561,DEU,IRL,902190
10556620,64,106,9750,2015,4979.0,94714.0,1.157924,1.2045629999999998,DNK,IRL,902190
10556621,65,106,9750,2015,10883.0,137675.0,-0.212808,0.395873,DOM,IRL,902190
10556622,66,106,9750,2015,0.0,412818.0,-1.54346,-1.255633,DZA,IRL,902190
10556623,67,106,9750,2015,0.0,65819.0,-0.9845959999999999,-1.075639,ECU,IRL,902190
10556624,68,106,9750,2015,3157.0,1998674.0,-0.183053,1.765036,EGY,IRL,902190
10556625,71,106,9750,2015,61489.0,28992412.0,0.8173590000000001,2.442556,ESP,IRL,902190
10556626,72,106,9750,2015,0.0,203600.0,0.9281149999999999,1.1780389999999998,EST,IRL,902190
10556627,73,106,9750,2015,0.0,1052.0,-1.004896,-0.721019,ETH,IRL,902190
10556628,74,106,9750,2015,62238.0,3926692.0,1.597817,0.998059,FIN,IRL,902190
10556629,77,106,9750,2015,3865246.0,29659038.0,1.479792,0.6490239999999999,FRA,IRL,902190
10556630,81,106,9750,2015,11679323.0,7008572.0,1.7422990000000003,0.75838,GBR,IRL,902190
10556631,83,106,9750,2015,0.0,2466.0,-0.750568,-0.690257,GHA,IRL,902190
10556632,93,106,9750,2015,0.0,89780.0,-0.284403,0.525564,GTM,IRL,902190
10556633,97,106,9750,2015,2334.0,598388.0,0.8255290000000001,1.8017279999999998,HKG,IRL,902190
10556634,99,106,9750,2015,0.0,46159.0,-0.578635,-0.292053,HND,IRL,902190
10556635,100,106,9750,2015,0.0,9875.0,0.7590140000000001,1.257415,HRV,IRL,902190
10556636,102,106,9750,2015,0.0,60172.0,1.462839,0.803258,HUN,IRL,902190
10556637,103,106,9750,2015,0.0,42463.0,-0.145103,1.277362,IDN,IRL,902190
10556638,104,106,9750,2015,164479.0,23233506.0,0.24230900000000002,2.8190880000000003,IND,IRL,902190
10556639,107,106,9750,2015,1868.0,513829.0,-0.258946,-0.0073420000000000004,IRN,IRL,902190
10556640,109,106,9750,2015,0.0,233355.0,0.24527600000000002,-0.411616,ISL,IRL,902190
10556641,110,106,9750,2015,949.0,902618.0,1.260071,0.545545,ISR,IRL,902190
10556642,111,106,9750,2015,88848.0,345663.0,1.321127,0.747046,ITA,IRL,902190
10556643,112,106,9750,2015,0.0,13635.0,-0.438267,-0.828097,JAM,IRL,902190
10556644,113,106,9750,2015,0.0,664615.0,0.121172,0.457301,JOR,IRL,902190
10556645,114,106,9750,2015,97108.0,127223400.0,2.516133,-0.484202,JPN,IRL,902190
10556646,115,106,9750,2015,0.0,3061206.0,-0.45091499999999995,-0.652026,KAZ,IRL,902190
10556647,116,106,9750,2015,0.0,37460.0,-0.453564,0.433325,KEN,IRL,902190
10556648,117,106,9750,2015,0.0,6213.0,0.02058,0.438692,KGZ,IRL,902190
10556649,121,106,9750,2015,233259.0,30921006.0,1.900653,0.859406,KOR,IRL,902190
10556650,122,106,9750,2015,0.0,761723.0,-0.352023,-1.153057,KWT,IRL,902190
10556651,124,106,9750,2015,0.0,451405.0,0.317355,1.330374,LBN,IRL,902190
10556652,128,106,9750,2015,0.0,68477.0,-0.6773399999999999,0.386343,LKA,IRL,902190
10556653,130,106,9750,2015,0.0,10119.0,0.749429,1.3659860000000001,LTU,IRL,902190
10556654,131,106,9750,2015,0.0,264930.0,1.218924,1.247152,LUX,IRL,902190
10556655,132,106,9750,2015,5199.0,5543.0,0.602209,1.125357,LVA,IRL,902190
10556656,134,106,9750,2015,0.0,293768.0,-0.7554810000000001,-0.059697,MAR,IRL,902190
10556657,135,106,9750,2015,762.0,6294.0,-0.313837,-0.20393,MDA,IRL,902190
10556658,138,106,9750,2015,57075788.0,221168960.0,1.169724,0.61457,MEX,IRL,902190
10556659,140,106,9750,2015,0.0,37686.0,-0.09009600000000001,-0.147359,MKD,IRL,902190
10556660,144,106,9750,2015,0.0,5890.0,-0.048385000000000004,-0.150759,MNE,IRL,902190
10556661,145,106,9750,2015,0.0,727.0,-1.244368,-1.196677,MNG,IRL,902190
10556662,151,106,9750,2015,0.0,32515.0,-0.231762,-0.195051,MUS,IRL,902190
10556663,153,106,9750,2015,9341.0,719114.0,1.082803,0.811615,MYS,IRL,902190
10556664,156,106,9750,2015,0.0,52734.0,-0.727911,-0.844562,NCL,IRL,902190
10556665,160,106,9750,2015,0.0,27666.0,-1.102989,-0.952276,NIC,IRL,902190
10556666,162,106,9750,2015,9077065.0,531012928.0,1.230104,1.27344,NLD,IRL,902190
10556667,163,106,9750,2015,12368.0,983609.0,0.950708,0.314339,NOR,IRL,902190
10556668,164,106,9750,2015,0.0,271853.0,-0.290416,0.456716,NPL,IRL,902190
10556669,166,106,9750,2015,0.0,925030.0,0.224598,0.253179,NZL,IRL,902190
10556670,167,106,9750,2015,5760.0,188188.0,-0.4699,-1.00451,OMN,IRL,902190
10556671,168,106,9750,2015,0.0,89848.0,-0.7059979999999999,0.73501,PAK,IRL,902190
10556672,169,106,9750,2015,0.0,919244.0,0.642058,0.833392,PAN,IRL,902190
10556673,173,106,9750,2015,0.0,323242.0,-0.6007819999999999,0.32152800000000004,PER,IRL,902190
10556674,174,106,9750,2015,0.0,466817.0,0.6406270000000001,0.45770200000000005,PHL,IRL,902190
10556675,177,106,9750,2015,955.0,4290950.0,1.145844,1.1449280000000002,POL,IRL,902190
10556676,180,106,9750,2015,0.0,7564.0,-0.471106,-0.9431139999999999,PRY,IRL,902190
10556677,182,106,9750,2015,0.0,50789.0,-0.301696,-0.795154,PYF,IRL,902190
10556678,183,106,9750,2015,0.0,234771.0,-0.077053,-0.9922719999999999,QAT,IRL,902190
10556679,185,106,9750,2015,0.0,68331.0,0.946363,1.056775,ROU,IRL,902190
10556680,186,106,9750,2015,0.0,9220324.0,0.23119,0.035965,RUS,IRL,902190
10556681,188,106,9750,2015,0.0,3368368.0,0.5552520000000001,-0.7263229999999999,SAU,IRL,902190
10556682,192,106,9750,2015,108944.0,9769329.0,2.05613,0.593065,SGP,IRL,902190
10556683,197,106,9750,2015,0.0,22913.0,0.05531900000000001,0.169073,SLV,IRL,902190
10556684,201,106,9750,2015,4063.0,201839.0,0.457042,1.324908,SRB,IRL,902190
10556685,206,106,9750,2015,0.0,222970.0,1.287133,0.7900560000000001,SVK,IRL,902190
10556686,207,106,9750,2015,65565.0,120516.0,1.6089879999999999,0.833616,SVN,IRL,902190
10556687,208,106,9750,2015,170777.0,345820.0,1.8068349999999997,0.693389,SWE,IRL,902190
10556688,216,106,9750,2015,2158.0,693706.0,0.965888,1.368572,THA,IRL,902190
10556689,222,106,9750,2015,0.0,20092.0,-0.462837,-1.117621,TTO,IRL,902190
10556690,223,106,9750,2015,0.0,722115.0,0.140202,0.967591,TUN,IRL,902190
10556691,224,106,9750,2015,4795.0,465849.0,0.438669,2.519632,TUR,IRL,902190
10556692,226,106,9750,2015,0.0,16660.0,-1.02395,-0.017509999999999998,TZA,IRL,902190
10556693,228,106,9750,2015,0.0,455387.0,0.429879,0.701813,UKR,IRL,902190
10556694,230,106,9750,2015,1874.0,335731.0,0.273876,-0.363695,URY,IRL,902190
10556695,231,106,9750,2015,104564800.0,93165776.0,1.720478,-0.129322,USA,IRL,902190
10556696,236,106,9750,2015,0.0,3063.0,-0.9249129999999999,-1.1877280000000001,VEN,IRL,902190
10556697,239,106,9750,2015,0.0,2020544.0,-0.17108900000000002,1.10995,VNM,IRL,902190
10556698,246,106,9750,2015,0.0,3065421.0,0.24944699999999997,1.7573159999999999,ZAF,IRL,902190
10556699,249,106,9750,2015,0.0,6875066.0,1.962832,1.214982,TWN,IRL,902190
10556700,250,106,9750,2015,3452189.0,0.0,0.377283,-0.092204,ANS,IRL,902190
10556701,7,107,9750,2015,126824.0,0.0,0.21779600000000002,-0.0047420000000000006,ARE,IRN,902190
10556702,8,107,9750,2015,134760.0,0.0,0.116896,0.30330999999999997,ARG,IRN,902190
10556703,9,107,9750,2015,20901.0,9616.0,0.037579,-0.42448800000000003,ARM,IRN,902190
10556704,14,107,9750,2015,0.0,135333.0,-0.292325,-0.043489,AUS,IRN,902190
10556705,15,107,9750,2015,1223310.0,0.0,1.747098,-0.08026699999999999,AUT,IRN,902190
10556706,18,107,9750,2015,81314.0,2580.0,1.329866,1.100641,BEL,IRN,902190
10556707,41,107,9750,2015,2022840.0,11888.0,2.306075,0.720781,CHE,IRN,902190
10556708,43,107,9750,2015,312696.0,0.0,1.077143,1.735757,CHN,IRN,902190
10556709,59,107,9750,2015,18514.0,0.0,1.743012,0.45424,CZE,IRN,902190
10556710,61,107,9750,2015,2528201.0,6177.0,2.203818,-2.307561,DEU,IRN,902190
10556711,64,107,9750,2015,1363421.0,0.0,1.157924,1.2045629999999998,DNK,IRN,902190
10556712,71,107,9750,2015,14493.0,0.0,0.8173590000000001,2.442556,ESP,IRN,902190
10556713,74,107,9750,2015,17757.0,0.0,1.597817,0.998059,FIN,IRN,902190
10556714,77,107,9750,2015,279556.0,0.0,1.479792,0.6490239999999999,FRA,IRN,902190
10556715,81,107,9750,2015,1479036.0,0.0,1.7422990000000003,0.75838,GBR,IRN,902190
10556716,102,107,9750,2015,30046.0,0.0,1.462839,0.803258,HUN,IRN,902190
10556717,104,107,9750,2015,102952.0,0.0,0.24230900000000002,2.8190880000000003,IND,IRN,902190
10556718,106,107,9750,2015,513829.0,1868.0,1.304942,0.126431,IRL,IRN,902190
10556719,111,107,9750,2015,580735.0,0.0,1.321127,0.747046,ITA,IRN,902190
10556720,114,107,9750,2015,7479.0,0.0,2.516133,-0.484202,JPN,IRN,902190
10556721,121,107,9750,2015,2529605.0,7495.0,1.900653,0.859406,KOR,IRN,902190
10556722,138,107,9750,2015,193332.0,0.0,1.169724,0.61457,MEX,IRN,902190
10556723,162,107,9750,2015,10726800.0,0.0,1.230104,1.27344,NLD,IRN,902190
10556724,163,107,9750,2015,2433.0,3801.0,0.950708,0.314339,NOR,IRN,902190
10556725,164,107,9750,2015,0.0,1579.0,-0.290416,0.456716,NPL,IRN,902190
10556726,177,107,9750,2015,76885.0,0.0,1.145844,1.1449280000000002,POL,IRN,902190
10556727,186,107,9750,2015,0.0,15533.0,0.23119,0.035965,RUS,IRN,902190
10556728,192,107,9750,2015,118441.0,0.0,2.05613,0.593065,SGP,IRN,902190
10556729,208,107,9750,2015,59278.0,0.0,1.8068349999999997,0.693389,SWE,IRN,902190
10556730,216,107,9750,2015,0.0,764.0,0.965888,1.368572,THA,IRN,902190
10556731,224,107,9750,2015,2982.0,0.0,0.438669,2.519632,TUR,IRN,902190
10556732,228,107,9750,2015,0.0,187686.0,0.429879,0.701813,UKR,IRN,902190
10556733,231,107,9750,2015,2117855.0,0.0,1.720478,-0.129322,USA,IRN,902190
10556734,249,107,9750,2015,137164.0,0.0,1.962832,1.214982,TWN,IRN,902190
10556735,7,108,9750,2015,2513.0,0.0,0.21779600000000002,-0.0047420000000000006,ARE,IRQ,902190
10556736,15,108,9750,2015,4030058.0,0.0,1.747098,-0.08026699999999999,AUT,IRQ,902190
10556737,18,108,9750,2015,19282.0,0.0,1.329866,1.100641,BEL,IRQ,902190
10556738,41,108,9750,2015,84641.0,0.0,2.306075,0.720781,CHE,IRQ,902190
10556739,43,108,9750,2015,114155.0,0.0,1.077143,1.735757,CHN,IRQ,902190
10556740,61,108,9750,2015,625343.0,0.0,2.203818,-2.307561,DEU,IRQ,902190
10556741,64,108,9750,2015,49914.0,0.0,1.157924,1.2045629999999998,DNK,IRQ,902190
10556742,68,108,9750,2015,38080.0,0.0,-0.183053,1.765036,EGY,IRQ,902190
10556743,77,108,9750,2015,207425.0,0.0,1.479792,0.6490239999999999,FRA,IRQ,902190
10556744,81,108,9750,2015,358905.0,0.0,1.7422990000000003,0.75838,GBR,IRQ,902190
10556745,104,108,9750,2015,17403.0,0.0,0.24230900000000002,2.8190880000000003,IND,IRQ,902190
10556746,111,108,9750,2015,12396.0,0.0,1.321127,0.747046,ITA,IRQ,902190
10556747,113,108,9750,2015,35634.0,0.0,0.121172,0.457301,JOR,IRQ,902190
10556748,121,108,9750,2015,56104.0,0.0,1.900653,0.859406,KOR,IRQ,902190
10556749,162,108,9750,2015,6251464.0,0.0,1.230104,1.27344,NLD,IRQ,902190
10556750,224,108,9750,2015,118852.0,31871.0,0.438669,2.519632,TUR,IRQ,902190
10556751,231,108,9750,2015,98653.0,0.0,1.720478,-0.129322,USA,IRQ,902190
10556752,249,108,9750,2015,42881.0,0.0,1.962832,1.214982,TWN,IRQ,902190
10556753,14,115,9750,2015,133414.0,0.0,-0.292325,-0.043489,AUS,KAZ,902190
10556754,15,115,9750,2015,4286221.0,12268.0,1.747098,-0.08026699999999999,AUT,KAZ,902190
10556755,18,115,9750,2015,307690.0,39305.0,1.329866,1.100641,BEL,KAZ,902190
10556756,28,115,9750,2015,54696.0,4028.0,0.672499,0.5584020000000001,BLR,KAZ,902190
10556757,32,115,9750,2015,5028.0,0.0,0.23656799999999997,0.688607,BRA,KAZ,902190
10556758,41,115,9750,2015,709402.0,0.0,2.306075,0.720781,CHE,KAZ,902190
10556759,43,115,9750,2015,11928.0,0.0,1.077143,1.735757,CHN,KAZ,902190
10556760,52,115,9750,2015,3625.0,0.0,0.24859699999999998,-0.033143,CRI,KAZ,902190
10556761,59,115,9750,2015,310604.0,0.0,1.743012,0.45424,CZE,KAZ,902190
10556762,61,115,9750,2015,4954290.0,2767.0,2.203818,-2.307561,DEU,KAZ,902190
10556763,64,115,9750,2015,54593.0,0.0,1.157924,1.2045629999999998,DNK,KAZ,902190
10556764,65,115,9750,2015,2139.0,0.0,-0.212808,0.395873,DOM,KAZ,902190
10556765,71,115,9750,2015,4066.0,0.0,0.8173590000000001,2.442556,ESP,KAZ,902190
10556766,77,115,9750,2015,8185.0,0.0,1.479792,0.6490239999999999,FRA,KAZ,902190
10556767,81,115,9750,2015,21365.0,4622.0,1.7422990000000003,0.75838,GBR,KAZ,902190
10556768,90,115,9750,2015,934.0,0.0,0.099027,1.012289,GRC,KAZ,902190
10556769,102,115,9750,2015,159281.0,0.0,1.462839,0.803258,HUN,KAZ,902190
10556770,104,115,9750,2015,82817.0,0.0,0.24230900000000002,2.8190880000000003,IND,KAZ,902190
10556771,106,115,9750,2015,3061206.0,0.0,1.304942,0.126431,IRL,KAZ,902190
10556772,110,115,9750,2015,189861.0,0.0,1.260071,0.545545,ISR,KAZ,902190
10556773,111,115,9750,2015,27915.0,0.0,1.321127,0.747046,ITA,KAZ,902190
10556774,114,115,9750,2015,460591.0,0.0,2.516133,-0.484202,JPN,KAZ,902190
10556775,117,115,9750,2015,36603.0,0.0,0.02058,0.438692,KGZ,KAZ,902190
10556776,121,115,9750,2015,98609.0,0.0,1.900653,0.859406,KOR,KAZ,902190
10556777,130,115,9750,2015,62532.0,1244.0,0.749429,1.3659860000000001,LTU,KAZ,902190
10556778,132,115,9750,2015,242690.0,0.0,0.602209,1.125357,LVA,KAZ,902190
10556779,138,115,9750,2015,121915.0,0.0,1.169724,0.61457,MEX,KAZ,902190
10556780,153,115,9750,2015,10751.0,0.0,1.082803,0.811615,MYS,KAZ,902190
10556781,162,115,9750,2015,3688406.0,0.0,1.230104,1.27344,NLD,KAZ,902190
10556782,163,115,9750,2015,5242.0,0.0,0.950708,0.314339,NOR,KAZ,902190
10556783,177,115,9750,2015,1608810.0,0.0,1.145844,1.1449280000000002,POL,KAZ,902190
10556784,186,115,9750,2015,430996.0,292434.0,0.23119,0.035965,RUS,KAZ,902190
10556785,192,115,9750,2015,1843096.0,0.0,2.05613,0.593065,SGP,KAZ,902190
10556786,206,115,9750,2015,169067.0,0.0,1.287133,0.7900560000000001,SVK,KAZ,902190
10556787,224,115,9750,2015,16215.0,0.0,0.438669,2.519632,TUR,KAZ,902190
10556788,228,115,9750,2015,212388.0,0.0,0.429879,0.701813,UKR,KAZ,902190
10556789,231,115,9750,2015,143388.0,0.0,1.720478,-0.129322,USA,KAZ,902190
10556790,239,115,9750,2015,5064.0,0.0,-0.17108900000000002,1.10995,VNM,KAZ,902190
10556791,7,116,9750,2015,9890.0,0.0,0.21779600000000002,-0.0047420000000000006,ARE,KEN,902190
10556792,14,116,9750,2015,3106.0,0.0,-0.292325,-0.043489,AUS,KEN,902190
10556793,18,116,9750,2015,2493.0,0.0,1.329866,1.100641,BEL,KEN,902190
10556794,41,116,9750,2015,8580.0,0.0,2.306075,0.720781,CHE,KEN,902190
10556795,43,116,9750,2015,529168.0,0.0,1.077143,1.735757,CHN,KEN,902190
10556796,59,116,9750,2015,7405.0,0.0,1.743012,0.45424,CZE,KEN,902190
10556797,61,116,9750,2015,70723.0,0.0,2.203818,-2.307561,DEU,KEN,902190
10556798,64,116,9750,2015,25073.0,0.0,1.157924,1.2045629999999998,DNK,KEN,902190
10556799,68,116,9750,2015,21624.0,0.0,-0.183053,1.765036,EGY,KEN,902190
10556800,71,116,9750,2015,7120.0,0.0,0.8173590000000001,2.442556,ESP,KEN,902190
10556801,77,116,9750,2015,27682.0,0.0,1.479792,0.6490239999999999,FRA,KEN,902190
10556802,81,116,9750,2015,54711.0,0.0,1.7422990000000003,0.75838,GBR,KEN,902190
10556803,97,116,9750,2015,2520.0,2057.0,0.8255290000000001,1.8017279999999998,HKG,KEN,902190
10556804,104,116,9750,2015,96515.0,0.0,0.24230900000000002,2.8190880000000003,IND,KEN,902190
10556805,106,116,9750,2015,37460.0,0.0,1.304942,0.126431,IRL,KEN,902190
10556806,121,116,9750,2015,1973.0,0.0,1.900653,0.859406,KOR,KEN,902190
10556807,162,116,9750,2015,504760.0,107896.0,1.230104,1.27344,NLD,KEN,902190
10556808,163,116,9750,2015,1153.0,0.0,0.950708,0.314339,NOR,KEN,902190
10556809,196,116,9750,2015,0.0,732.0,0.072324,-0.255235,SLE,KEN,902190
10556810,199,116,9750,2015,0.0,3307.0,-1.716689,-1.078134,SOM,KEN,902190
10556811,226,116,9750,2015,0.0,1163.0,-1.02395,-0.017509999999999998,TZA,KEN,902190
10556812,231,116,9750,2015,7827.0,0.0,1.720478,-0.129322,USA,KEN,902190
10556813,246,116,9750,2015,148606.0,555.0,0.24944699999999997,1.7573159999999999,ZAF,KEN,902190
10556814,249,116,9750,2015,36429.0,0.0,1.962832,1.214982,TWN,KEN,902190
10556815,18,117,9750,2015,65089.0,0.0,1.329866,1.100641,BEL,KGZ,902190
10556816,41,117,9750,2015,4160.0,0.0,2.306075,0.720781,CHE,KGZ,902190
10556817,43,117,9750,2015,13574.0,0.0,1.077143,1.735757,CHN,KGZ,902190
10556818,61,117,9750,2015,28401.0,0.0,2.203818,-2.307561,DEU,KGZ,902190
10556819,64,117,9750,2015,32154.0,0.0,1.157924,1.2045629999999998,DNK,KGZ,902190
10556820,104,117,9750,2015,95160.0,0.0,0.24230900000000002,2.8190880000000003,IND,KGZ,902190
10556821,106,117,9750,2015,6213.0,0.0,1.304942,0.126431,IRL,KGZ,902190
10556822,111,117,9750,2015,16434.0,0.0,1.321127,0.747046,ITA,KGZ,902190
10556823,115,117,9750,2015,0.0,36603.0,-0.45091499999999995,-0.652026,KAZ,KGZ,902190
10556824,121,117,9750,2015,3007.0,0.0,1.900653,0.859406,KOR,KGZ,902190
10556825,130,117,9750,2015,39158.0,0.0,0.749429,1.3659860000000001,LTU,KGZ,902190
10556826,132,117,9750,2015,23643.0,0.0,0.602209,1.125357,LVA,KGZ,902190
10556827,185,117,9750,2015,11086.0,0.0,0.946363,1.056775,ROU,KGZ,902190
10556828,186,117,9750,2015,2951.0,0.0,0.23119,0.035965,RUS,KGZ,902190
10556829,224,117,9750,2015,4137.0,0.0,0.438669,2.519632,TUR,KGZ,902190
10556830,228,117,9750,2015,25590.0,0.0,0.429879,0.701813,UKR,KGZ,902190
10556831,231,117,9750,2015,5199.0,0.0,1.720478,-0.129322,USA,KGZ,902190
10556832,7,124,9750,2015,23424.0,0.0,0.21779600000000002,-0.0047420000000000006,ARE,LBN,902190
10556833,8,124,9750,2015,12827.0,0.0,0.116896,0.30330999999999997,ARG,LBN,902190
10556834,15,124,9750,2015,303294.0,953.0,1.747098,-0.08026699999999999,AUT,LBN,902190
10556835,18,124,9750,2015,1071637.0,831.0,1.329866,1.100641,BEL,LBN,902190
10556836,23,124,9750,2015,2339.0,0.0,0.45640699999999995,1.691455,BGR,LBN,902190
10556837,39,124,9750,2015,7614.0,0.0,0.695867,1.171676,CAN,LBN,902190
10556838,41,124,9750,2015,1057929.0,0.0,2.306075,0.720781,CHE,LBN,902190
10556839,43,124,9750,2015,200790.0,0.0,1.077143,1.735757,CHN,LBN,902190
10556840,59,124,9750,2015,5771.0,0.0,1.743012,0.45424,CZE,LBN,902190
10556841,61,124,9750,2015,1295432.0,1815.0,2.203818,-2.307561,DEU,LBN,902190
10556842,64,124,9750,2015,300868.0,0.0,1.157924,1.2045629999999998,DNK,LBN,902190
10556843,68,124,9750,2015,1779.0,0.0,-0.183053,1.765036,EGY,LBN,902190
10556844,71,124,9750,2015,16312.0,0.0,0.8173590000000001,2.442556,ESP,LBN,902190
10556845,77,124,9750,2015,484655.0,0.0,1.479792,0.6490239999999999,FRA,LBN,902190
10556846,81,124,9750,2015,285109.0,0.0,1.7422990000000003,0.75838,GBR,LBN,902190
10556847,90,124,9750,2015,21785.0,0.0,0.099027,1.012289,GRC,LBN,902190
10556848,102,124,9750,2015,266028.0,0.0,1.462839,0.803258,HUN,LBN,902190
10556849,104,124,9750,2015,33996.0,0.0,0.24230900000000002,2.8190880000000003,IND,LBN,902190
10556850,106,124,9750,2015,451405.0,0.0,1.304942,0.126431,IRL,LBN,902190
10556851,111,124,9750,2015,110028.0,0.0,1.321127,0.747046,ITA,LBN,902190
10556852,121,124,9750,2015,157730.0,0.0,1.900653,0.859406,KOR,LBN,902190
10556853,138,124,9750,2015,127388.0,0.0,1.169724,0.61457,MEX,LBN,902190
10556854,153,124,9750,2015,15970.0,0.0,1.082803,0.811615,MYS,LBN,902190
10556855,162,124,9750,2015,5114346.0,137473.0,1.230104,1.27344,NLD,LBN,902190
10556856,177,124,9750,2015,147717.0,0.0,1.145844,1.1449280000000002,POL,LBN,902190
10556857,192,124,9750,2015,58620.0,0.0,2.05613,0.593065,SGP,LBN,902190
10556858,208,124,9750,2015,60218.0,0.0,1.8068349999999997,0.693389,SWE,LBN,902190
10556859,223,124,9750,2015,1018.0,0.0,0.140202,0.967591,TUN,LBN,902190
10556860,224,124,9750,2015,21110.0,0.0,0.438669,2.519632,TUR,LBN,902190
10556861,228,124,9750,2015,19000.0,0.0,0.429879,0.701813,UKR,LBN,902190
10556862,231,124,9750,2015,283538.0,0.0,1.720478,-0.129322,USA,LBN,902190
10556863,249,124,9750,2015,61935.0,0.0,1.962832,1.214982,TWN,LBN,902190
10556864,14,128,9750,2015,534245.0,0.0,-0.292325,-0.043489,AUS,LKA,902190
10556865,15,128,9750,2015,86376.0,3086.0,1.747098,-0.08026699999999999,AUT,LKA,902190
10556866,18,128,9750,2015,234406.0,0.0,1.329866,1.100641,BEL,LKA,902190
10556867,39,128,9750,2015,1714.0,0.0,0.695867,1.171676,CAN,LKA,902190
10556868,41,128,9750,2015,703620.0,0.0,2.306075,0.720781,CHE,LKA,902190
10556869,43,128,9750,2015,62386.0,0.0,1.077143,1.735757,CHN,LKA,902190
10556870,58,128,9750,2015,22661.0,0.0,0.511225,-0.207261,CYP,LKA,902190
10556871,59,128,9750,2015,9527.0,0.0,1.743012,0.45424,CZE,LKA,902190
10556872,61,128,9750,2015,969692.0,0.0,2.203818,-2.307561,DEU,LKA,902190
10556873,64,128,9750,2015,71176.0,0.0,1.157924,1.2045629999999998,DNK,LKA,902190
10556874,65,128,9750,2015,40426.0,0.0,-0.212808,0.395873,DOM,LKA,902190
10556875,71,128,9750,2015,12441.0,0.0,0.8173590000000001,2.442556,ESP,LKA,902190
10556876,77,128,9750,2015,207993.0,0.0,1.479792,0.6490239999999999,FRA,LKA,902190
10556877,81,128,9750,2015,15983.0,345098.0,1.7422990000000003,0.75838,GBR,LKA,902190
10556878,97,128,9750,2015,476236.0,0.0,0.8255290000000001,1.8017279999999998,HKG,LKA,902190
10556879,104,128,9750,2015,202571.0,7124.0,0.24230900000000002,2.8190880000000003,IND,LKA,902190
10556880,106,128,9750,2015,68477.0,0.0,1.304942,0.126431,IRL,LKA,902190
10556881,110,128,9750,2015,142094.0,0.0,1.260071,0.545545,ISR,LKA,902190
10556882,111,128,9750,2015,366803.0,0.0,1.321127,0.747046,ITA,LKA,902190
10556883,114,128,9750,2015,194885.0,0.0,2.516133,-0.484202,JPN,LKA,902190
10556884,118,128,9750,2015,0.0,1267.0,-0.791985,-0.833046,KHM,LKA,902190
10556885,121,128,9750,2015,236125.0,0.0,1.900653,0.859406,KOR,LKA,902190
10556886,137,128,9750,2015,0.0,2920.0,-0.321571,-0.858751,MDV,LKA,902190
10556887,153,128,9750,2015,5009.0,0.0,1.082803,0.811615,MYS,LKA,902190
10556888,162,128,9750,2015,745578.0,0.0,1.230104,1.27344,NLD,LKA,902190
10556889,177,128,9750,2015,53969.0,0.0,1.145844,1.1449280000000002,POL,LKA,902190
10556890,192,128,9750,2015,356329.0,0.0,2.05613,0.593065,SGP,LKA,902190
10556891,208,128,9750,2015,5612.0,0.0,1.8068349999999997,0.693389,SWE,LKA,902190
10556892,216,128,9750,2015,16141.0,0.0,0.965888,1.368572,THA,LKA,902190
10556893,224,128,9750,2015,2371.0,0.0,0.438669,2.519632,TUR,LKA,902190
10556894,231,128,9750,2015,63679.0,46305.0,1.720478,-0.129322,USA,LKA,902190
10556895,249,128,9750,2015,15015.0,0.0,1.962832,1.214982,TWN,LKA,902190
10556896,8,130,9750,2015,9618.0,0.0,0.116896,0.30330999999999997,ARG,LTU,902190
10556897,15,130,9750,2015,408721.0,3775.0,1.747098,-0.08026699999999999,AUT,LTU,902190
10556898,18,130,9750,2015,881263.0,11505.0,1.329866,1.100641,BEL,LTU,902190
10556899,28,130,9750,2015,0.0,947358.0,0.672499,0.5584020000000001,BLR,LTU,902190
10556900,32,130,9750,2015,2002.0,0.0,0.23656799999999997,0.688607,BRA,LTU,902190
10556901,39,130,9750,2015,0.0,6911.0,0.695867,1.171676,CAN,LTU,902190
10556902,41,130,9750,2015,107996.0,119476.0,2.306075,0.720781,CHE,LTU,902190
10556903,43,130,9750,2015,419201.0,0.0,1.077143,1.735757,CHN,LTU,902190
10556904,59,130,9750,2015,10164.0,0.0,1.743012,0.45424,CZE,LTU,902190
10556905,61,130,9750,2015,3062332.0,63534.0,2.203818,-2.307561,DEU,LTU,902190
10556906,64,130,9750,2015,68571.0,50068.0,1.157924,1.2045629999999998,DNK,LTU,902190
10556907,71,130,9750,2015,58416.0,1365.0,0.8173590000000001,2.442556,ESP,LTU,902190
10556908,72,130,9750,2015,4866.0,163122.0,0.9281149999999999,1.1780389999999998,EST,LTU,902190
10556909,74,130,9750,2015,0.0,23606.0,1.597817,0.998059,FIN,LTU,902190
10556910,77,130,9750,2015,33413.0,4799.0,1.479792,0.6490239999999999,FRA,LTU,902190
10556911,81,130,9750,2015,33810.0,16537.0,1.7422990000000003,0.75838,GBR,LTU,902190
10556912,82,130,9750,2015,81810.0,32225.0,-0.343663,-0.588017,GEO,LTU,902190
10556913,90,130,9750,2015,0.0,3304.0,0.099027,1.012289,GRC,LTU,902190
10556914,104,130,9750,2015,4991.0,2475.0,0.24230900000000002,2.8190880000000003,IND,LTU,902190
10556915,106,130,9750,2015,10119.0,0.0,1.304942,0.126431,IRL,LTU,902190
10556916,110,130,9750,2015,3463.0,4692.0,1.260071,0.545545,ISR,LTU,902190
10556917,111,130,9750,2015,72818.0,123857.0,1.321127,0.747046,ITA,LTU,902190
10556918,115,130,9750,2015,1244.0,62532.0,-0.45091499999999995,-0.652026,KAZ,LTU,902190
10556919,117,130,9750,2015,0.0,39158.0,0.02058,0.438692,KGZ,LTU,902190
10556920,121,130,9750,2015,136793.0,0.0,1.900653,0.859406,KOR,LTU,902190
10556921,122,130,9750,2015,0.0,3278.0,-0.352023,-1.153057,KWT,LTU,902190
10556922,132,130,9750,2015,52667.0,251680.0,0.602209,1.125357,LVA,LTU,902190
10556923,145,130,9750,2015,0.0,6177.0,-1.244368,-1.196677,MNG,LTU,902190
10556924,162,130,9750,2015,677538.0,253839.0,1.230104,1.27344,NLD,LTU,902190
10556925,163,130,9750,2015,0.0,3247.0,0.950708,0.314339,NOR,LTU,902190
10556926,177,130,9750,2015,199487.0,1694.0,1.145844,1.1449280000000002,POL,LTU,902190
10556927,186,130,9750,2015,1008.0,2150745.0,0.23119,0.035965,RUS,LTU,902190
10556928,207,130,9750,2015,49474.0,0.0,1.6089879999999999,0.833616,SVN,LTU,902190
10556929,208,130,9750,2015,168339.0,407912.0,1.8068349999999997,0.693389,SWE,LTU,902190
10556930,224,130,9750,2015,27625.0,2065.0,0.438669,2.519632,TUR,LTU,902190
10556931,228,130,9750,2015,0.0,53591.0,0.429879,0.701813,UKR,LTU,902190
10556932,231,130,9750,2015,38817.0,0.0,1.720478,-0.129322,USA,LTU,902190
10556933,239,130,9750,2015,1918.0,0.0,-0.17108900000000002,1.10995,VNM,LTU,902190
10556934,249,130,9750,2015,11235.0,0.0,1.962832,1.214982,TWN,LTU,902190
10556935,15,131,9750,2015,81051.0,417826.0,1.747098,-0.08026699999999999,AUT,LUX,902190
10556936,18,131,9750,2015,4808826.0,1792289.0,1.329866,1.100641,BEL,LUX,902190
10556937,41,131,9750,2015,113196.0,6783.0,2.306075,0.720781,CHE,LUX,902190
10556938,43,131,9750,2015,3773.0,0.0,1.077143,1.735757,CHN,LUX,902190
10556939,61,131,9750,2015,1858354.0,2840.0,2.203818,-2.307561,DEU,LUX,902190
10556940,64,131,9750,2015,8843.0,12049.0,1.157924,1.2045629999999998,DNK,LUX,902190
10556941,77,131,9750,2015,199219.0,842149.0,1.479792,0.6490239999999999,FRA,LUX,902190
10556942,81,131,9750,2015,9627.0,0.0,1.7422990000000003,0.75838,GBR,LUX,902190
10556943,82,131,9750,2015,2802.0,0.0,-0.343663,-0.588017,GEO,LUX,902190
10556944,90,131,9750,2015,0.0,219689.0,0.099027,1.012289,GRC,LUX,902190
10556945,106,131,9750,2015,264930.0,0.0,1.304942,0.126431,IRL,LUX,902190
10556946,111,131,9750,2015,55156.0,0.0,1.321127,0.747046,ITA,LUX,902190
10556947,121,131,9750,2015,0.0,9549.0,1.900653,0.859406,KOR,LUX,902190
10556948,138,131,9750,2015,5622.0,0.0,1.169724,0.61457,MEX,LUX,902190
10556949,162,131,9750,2015,1547132.0,39730.0,1.230104,1.27344,NLD,LUX,902190
10556950,163,131,9750,2015,857.0,0.0,0.950708,0.314339,NOR,LUX,902190
10556951,192,131,9750,2015,7495.0,0.0,2.05613,0.593065,SGP,LUX,902190
10556952,208,131,9750,2015,34043.0,0.0,1.8068349999999997,0.693389,SWE,LUX,902190
10556953,231,131,9750,2015,37233.0,0.0,1.720478,-0.129322,USA,LUX,902190
10556954,250,131,9750,2015,77900.0,0.0,0.377283,-0.092204,ANS,LUX,902190
10556955,8,132,9750,2015,5290.0,0.0,0.116896,0.30330999999999997,ARG,LVA,902190
10556956,9,132,9750,2015,0.0,113447.0,0.037579,-0.42448800000000003,ARM,LVA,902190
10556957,15,132,9750,2015,186304.0,0.0,1.747098,-0.08026699999999999,AUT,LVA,902190
10556958,16,132,9750,2015,0.0,55825.0,-0.983347,-1.231542,AZE,LVA,902190
10556959,18,132,9750,2015,897141.0,0.0,1.329866,1.100641,BEL,LVA,902190
10556960,23,132,9750,2015,0.0,12299.0,0.45640699999999995,1.691455,BGR,LVA,902190
10556961,28,132,9750,2015,0.0,1993992.0,0.672499,0.5584020000000001,BLR,LVA,902190
10556962,41,132,9750,2015,4192.0,0.0,2.306075,0.720781,CHE,LVA,902190
10556963,59,132,9750,2015,759016.0,39921.0,1.743012,0.45424,CZE,LVA,902190
10556964,61,132,9750,2015,3102523.0,8268.0,2.203818,-2.307561,DEU,LVA,902190
10556965,64,132,9750,2015,19904.0,6493.0,1.157924,1.2045629999999998,DNK,LVA,902190
10556966,71,132,9750,2015,23257.0,0.0,0.8173590000000001,2.442556,ESP,LVA,902190
10556967,72,132,9750,2015,54088.0,60837.0,0.9281149999999999,1.1780389999999998,EST,LVA,902190
10556968,74,132,9750,2015,90321.0,0.0,1.597817,0.998059,FIN,LVA,902190
10556969,77,132,9750,2015,33869.0,0.0,1.479792,0.6490239999999999,FRA,LVA,902190
10556970,81,132,9750,2015,36650.0,352012.0,1.7422990000000003,0.75838,GBR,LVA,902190
10556971,82,132,9750,2015,0.0,108644.0,-0.343663,-0.588017,GEO,LVA,902190
10556972,102,132,9750,2015,22906.0,0.0,1.462839,0.803258,HUN,LVA,902190
10556973,104,132,9750,2015,11009.0,0.0,0.24230900000000002,2.8190880000000003,IND,LVA,902190
10556974,106,132,9750,2015,5543.0,5199.0,1.304942,0.126431,IRL,LVA,902190
10556975,110,132,9750,2015,17288.0,0.0,1.260071,0.545545,ISR,LVA,902190
10556976,111,132,9750,2015,11573.0,0.0,1.321127,0.747046,ITA,LVA,902190
10556977,115,132,9750,2015,0.0,242690.0,-0.45091499999999995,-0.652026,KAZ,LVA,902190
10556978,117,132,9750,2015,0.0,23643.0,0.02058,0.438692,KGZ,LVA,902190
10556979,122,132,9750,2015,0.0,2896.0,-0.352023,-1.153057,KWT,LVA,902190
10556980,130,132,9750,2015,251680.0,52667.0,0.749429,1.3659860000000001,LTU,LVA,902190
10556981,134,132,9750,2015,0.0,7773.0,-0.7554810000000001,-0.059697,MAR,LVA,902190
10556982,135,132,9750,2015,0.0,93266.0,-0.313837,-0.20393,MDA,LVA,902190
10556983,145,132,9750,2015,0.0,8104.0,-1.244368,-1.196677,MNG,LVA,902190
10556984,162,132,9750,2015,859128.0,14260.0,1.230104,1.27344,NLD,LVA,902190
10556985,177,132,9750,2015,37366.0,0.0,1.145844,1.1449280000000002,POL,LVA,902190
10556986,179,132,9750,2015,0.0,2503.0,0.561922,2.2276380000000002,PRT,LVA,902190
10556987,185,132,9750,2015,0.0,14356.0,0.946363,1.056775,ROU,LVA,902190
10556988,186,132,9750,2015,13907.0,0.0,0.23119,0.035965,RUS,LVA,902190
10556989,208,132,9750,2015,4214.0,5332.0,1.8068349999999997,0.693389,SWE,LVA,902190
10556990,217,132,9750,2015,0.0,4661.0,-1.134216,-1.174245,TJK,LVA,902190
10556991,223,132,9750,2015,0.0,2435.0,0.140202,0.967591,TUN,LVA,902190
10556992,224,132,9750,2015,4599.0,0.0,0.438669,2.519632,TUR,LVA,902190
10556993,228,132,9750,2015,0.0,11933.0,0.429879,0.701813,UKR,LVA,902190
10556994,231,132,9750,2015,9425.0,34342.0,1.720478,-0.129322,USA,LVA,902190
10556995,232,132,9750,2015,0.0,434983.0,-0.724966,-0.599292,UZB,LVA,902190
10556996,15,140,9750,2015,62557.0,0.0,1.747098,-0.08026699999999999,AUT,MKD,902190
10556997,18,140,9750,2015,30780.0,0.0,1.329866,1.100641,BEL,MKD,902190
10556998,41,140,9750,2015,137624.0,0.0,2.306075,0.720781,CHE,MKD,902190
10556999,43,140,9750,2015,1829.0,0.0,1.077143,1.735757,CHN,MKD,902190
10557000,61,140,9750,2015,624263.0,0.0,2.203818,-2.307561,DEU,MKD,902190
10557001,64,140,9750,2015,38049.0,0.0,1.157924,1.2045629999999998,DNK,MKD,902190
10557002,77,140,9750,2015,4944.0,0.0,1.479792,0.6490239999999999,FRA,MKD,902190
10557003,81,140,9750,2015,47863.0,0.0,1.7422990000000003,0.75838,GBR,MKD,902190
10557004,100,140,9750,2015,82893.0,2387.0,0.7590140000000001,1.257415,HRV,MKD,902190
10557005,106,140,9750,2015,37686.0,0.0,1.304942,0.126431,IRL,MKD,902190
10557006,111,140,9750,2015,39862.0,0.0,1.321127,0.747046,ITA,MKD,902190
10557007,162,140,9750,2015,95201.0,0.0,1.230104,1.27344,NLD,MKD,902190
10557008,177,140,9750,2015,97349.0,0.0,1.145844,1.1449280000000002,POL,MKD,902190
10557009,192,140,9750,2015,3351.0,0.0,2.05613,0.593065,SGP,MKD,902190
10557010,201,140,9750,2015,17055.0,0.0,0.457042,1.324908,SRB,MKD,902190
10557011,206,140,9750,2015,4085.0,51480.0,1.287133,0.7900560000000001,SVK,MKD,902190
10557012,207,140,9750,2015,26646.0,0.0,1.6089879999999999,0.833616,SVN,MKD,902190
10557013,224,140,9750,2015,4209.0,0.0,0.438669,2.519632,TUR,MKD,902190
10557014,231,140,9750,2015,6168.0,0.0,1.720478,-0.129322,USA,MKD,902190
10557015,14,142,9750,2015,1497.0,0.0,-0.292325,-0.043489,AUS,MLT,902190
10557016,15,142,9750,2015,6834.0,0.0,1.747098,-0.08026699999999999,AUT,MLT,902190
10557017,18,142,9750,2015,5685.0,0.0,1.329866,1.100641,BEL,MLT,902190
10557018,41,142,9750,2015,1733.0,0.0,2.306075,0.720781,CHE,MLT,902190
10557019,43,142,9750,2015,11570.0,0.0,1.077143,1.735757,CHN,MLT,902190
10557020,61,142,9750,2015,196666.0,2088.0,2.203818,-2.307561,DEU,MLT,902190
10557021,64,142,9750,2015,31852.0,0.0,1.157924,1.2045629999999998,DNK,MLT,902190
10557022,68,142,9750,2015,130584.0,0.0,-0.183053,1.765036,EGY,MLT,902190
10557023,71,142,9750,2015,1641.0,0.0,0.8173590000000001,2.442556,ESP,MLT,902190
10557024,77,142,9750,2015,13705.0,0.0,1.479792,0.6490239999999999,FRA,MLT,902190
10557025,81,142,9750,2015,69263.0,0.0,1.7422990000000003,0.75838,GBR,MLT,902190
10557026,104,142,9750,2015,3487.0,0.0,0.24230900000000002,2.8190880000000003,IND,MLT,902190
10557027,110,142,9750,2015,848.0,0.0,1.260071,0.545545,ISR,MLT,902190
10557028,111,142,9750,2015,24675.0,0.0,1.321127,0.747046,ITA,MLT,902190
10557029,126,142,9750,2015,0.0,308038.0,-1.3257219999999998,-1.260453,LBY,MLT,902190
10557030,153,142,9750,2015,3207.0,0.0,1.082803,0.811615,MYS,MLT,902190
10557031,162,142,9750,2015,336481.0,4370.0,1.230104,1.27344,NLD,MLT,902190
10557032,182,142,9750,2015,0.0,4022.0,-0.301696,-0.795154,PYF,MLT,902190
10557033,231,142,9750,2015,6166.0,0.0,1.720478,-0.129322,USA,MLT,902190
10557034,18,143,9750,2015,7155.0,4238.0,1.329866,1.100641,BEL,MMR,902190
10557035,41,143,9750,2015,238539.0,0.0,2.306075,0.720781,CHE,MMR,902190
10557036,43,143,9750,2015,1360.0,0.0,1.077143,1.735757,CHN,MMR,902190
10557037,59,143,9750,2015,122256.0,0.0,1.743012,0.45424,CZE,MMR,902190
10557038,61,143,9750,2015,222277.0,0.0,2.203818,-2.307561,DEU,MMR,902190
10557039,77,143,9750,2015,7998.0,0.0,1.479792,0.6490239999999999,FRA,MMR,902190
10557040,104,143,9750,2015,57296.0,0.0,0.24230900000000002,2.8190880000000003,IND,MMR,902190
10557041,121,143,9750,2015,50472.0,0.0,1.900653,0.859406,KOR,MMR,902190
10557042,153,143,9750,2015,1972.0,0.0,1.082803,0.811615,MYS,MMR,902190
10557043,192,143,9750,2015,32054.0,0.0,2.05613,0.593065,SGP,MMR,902190
10557044,231,143,9750,2015,36439.0,0.0,1.720478,-0.129322,USA,MMR,902190
10557045,7,163,9750,2015,0.0,13310.0,0.21779600000000002,-0.0047420000000000006,ARE,NOR,902190
10557046,8,163,9750,2015,1566.0,0.0,0.116896,0.30330999999999997,ARG,NOR,902190
10557047,14,163,9750,2015,347444.0,70419.0,-0.292325,-0.043489,AUS,NOR,902190
10557048,15,163,9750,2015,86824.0,28870.0,1.747098,-0.08026699999999999,AUT,NOR,902190
10557049,16,163,9750,2015,5429.0,8380.0,-0.983347,-1.231542,AZE,NOR,902190
10557050,18,163,9750,2015,2665470.0,31719.0,1.329866,1.100641,BEL,NOR,902190
10557051,23,163,9750,2015,10863.0,0.0,0.45640699999999995,1.691455,BGR,NOR,902190
10557052,32,163,9750,2015,0.0,42666.0,0.23656799999999997,0.688607,BRA,NOR,902190
10557053,39,163,9750,2015,49974.0,0.0,0.695867,1.171676,CAN,NOR,902190
10557054,41,163,9750,2015,1384441.0,113229.0,2.306075,0.720781,CHE,NOR,902190
10557055,43,163,9750,2015,207219.0,1285.0,1.077143,1.735757,CHN,NOR,902190
10557056,52,163,9750,2015,24442.0,0.0,0.24859699999999998,-0.033143,CRI,NOR,902190
10557057,59,163,9750,2015,12326.0,0.0,1.743012,0.45424,CZE,NOR,902190
10557058,61,163,9750,2015,20617476.0,47371.0,2.203818,-2.307561,DEU,NOR,902190
10557059,64,163,9750,2015,4423134.0,151505.0,1.157924,1.2045629999999998,DNK,NOR,902190
10557060,65,163,9750,2015,5389.0,0.0,-0.212808,0.395873,DOM,NOR,902190
10557061,67,163,9750,2015,1307.0,0.0,-0.9845959999999999,-1.075639,ECU,NOR,902190
10557062,71,163,9750,2015,46336.0,3251.0,0.8173590000000001,2.442556,ESP,NOR,902190
10557063,72,163,9750,2015,134214.0,1719.0,0.9281149999999999,1.1780389999999998,EST,NOR,902190
10557064,74,163,9750,2015,97281.0,117540.0,1.597817,0.998059,FIN,NOR,902190
10557065,77,163,9750,2015,92737.0,15132.0,1.479792,0.6490239999999999,FRA,NOR,902190
10557066,81,163,9750,2015,2997149.0,80930.0,1.7422990000000003,0.75838,GBR,NOR,902190
10557067,97,163,9750,2015,8285.0,77035.0,0.8255290000000001,1.8017279999999998,HKG,NOR,902190
10557068,102,163,9750,2015,28868.0,0.0,1.462839,0.803258,HUN,NOR,902190
10557069,104,163,9750,2015,0.0,3192.0,0.24230900000000002,2.8190880000000003,IND,NOR,902190
10557070,106,163,9750,2015,983609.0,12368.0,1.304942,0.126431,IRL,NOR,902190
10557071,107,163,9750,2015,3801.0,2433.0,-0.258946,-0.0073420000000000004,IRN,NOR,902190
10557072,109,163,9750,2015,16876.0,249306.0,0.24527600000000002,-0.411616,ISL,NOR,902190
10557073,110,163,9750,2015,4880.0,0.0,1.260071,0.545545,ISR,NOR,902190
10557074,111,163,9750,2015,250413.0,11364.0,1.321127,0.747046,ITA,NOR,902190
10557075,113,163,9750,2015,0.0,5278.0,0.121172,0.457301,JOR,NOR,902190
10557076,114,163,9750,2015,39494.0,10704.0,2.516133,-0.484202,JPN,NOR,902190
10557077,115,163,9750,2015,0.0,5242.0,-0.45091499999999995,-0.652026,KAZ,NOR,902190
10557078,116,163,9750,2015,0.0,1153.0,-0.453564,0.433325,KEN,NOR,902190
10557079,121,163,9750,2015,29485.0,5887.0,1.900653,0.859406,KOR,NOR,902190
10557080,122,163,9750,2015,0.0,629.0,-0.352023,-1.153057,KWT,NOR,902190
10557081,130,163,9750,2015,3247.0,0.0,0.749429,1.3659860000000001,LTU,NOR,902190
10557082,131,163,9750,2015,0.0,857.0,1.218924,1.247152,LUX,NOR,902190
10557083,138,163,9750,2015,211678.0,0.0,1.169724,0.61457,MEX,NOR,902190
10557084,153,163,9750,2015,243408.0,1030.0,1.082803,0.811615,MYS,NOR,902190
10557085,162,163,9750,2015,4126853.0,867054.0,1.230104,1.27344,NLD,NOR,902190
10557086,166,163,9750,2015,0.0,4255.0,0.224598,0.253179,NZL,NOR,902190
10557087,167,163,9750,2015,0.0,19640.0,-0.4699,-1.00451,OMN,NOR,902190
10557088,168,163,9750,2015,6206.0,0.0,-0.7059979999999999,0.73501,PAK,NOR,902190
10557089,169,163,9750,2015,7085.0,0.0,0.642058,0.833392,PAN,NOR,902190
10557090,174,163,9750,2015,63757.0,0.0,0.6406270000000001,0.45770200000000005,PHL,NOR,902190
10557091,177,163,9750,2015,2140443.0,6879.0,1.145844,1.1449280000000002,POL,NOR,902190
10557092,179,163,9750,2015,19303.0,0.0,0.561922,2.2276380000000002,PRT,NOR,902190
10557093,183,163,9750,2015,0.0,41150.0,-0.077053,-0.9922719999999999,QAT,NOR,902190
10557094,185,163,9750,2015,10131.0,30986.0,0.946363,1.056775,ROU,NOR,902190
10557095,188,163,9750,2015,2731.0,3120.0,0.5552520000000001,-0.7263229999999999,SAU,NOR,902190
10557096,192,163,9750,2015,1020171.0,8863.0,2.05613,0.593065,SGP,NOR,902190
10557097,208,163,9750,2015,3665494.0,672192.0,1.8068349999999997,0.693389,SWE,NOR,902190
10557098,209,163,9750,2015,1098.0,0.0,0.257467,-0.402491,SWZ,NOR,902190
10557099,216,163,9750,2015,844.0,0.0,0.965888,1.368572,THA,NOR,902190
10557100,224,163,9750,2015,3393.0,0.0,0.438669,2.519632,TUR,NOR,902190
10557101,228,163,9750,2015,2278.0,0.0,0.429879,0.701813,UKR,NOR,902190
10557102,231,163,9750,2015,1381073.0,4316.0,1.720478,-0.129322,USA,NOR,902190
10557103,239,163,9750,2015,250028.0,0.0,-0.17108900000000002,1.10995,VNM,NOR,902190
10557104,249,163,9750,2015,2154.0,0.0,1.962832,1.214982,TWN,NOR,902190
10557105,15,164,9750,2015,47708.0,0.0,1.747098,-0.08026699999999999,AUT,NPL,902190
10557106,18,164,9750,2015,4759.0,0.0,1.329866,1.100641,BEL,NPL,902190
10557107,32,164,9750,2015,8938.0,0.0,0.23656799999999997,0.688607,BRA,NPL,902190
10557108,41,164,9750,2015,36968.0,0.0,2.306075,0.720781,CHE,NPL,902190
10557109,43,164,9750,2015,80034.0,0.0,1.077143,1.735757,CHN,NPL,902190
10557110,52,164,9750,2015,24711.0,0.0,0.24859699999999998,-0.033143,CRI,NPL,902190
10557111,61,164,9750,2015,56224.0,0.0,2.203818,-2.307561,DEU,NPL,902190
10557112,68,164,9750,2015,1209.0,0.0,-0.183053,1.765036,EGY,NPL,902190
10557113,71,164,9750,2015,5462.0,0.0,0.8173590000000001,2.442556,ESP,NPL,902190
10557114,77,164,9750,2015,344.0,0.0,1.479792,0.6490239999999999,FRA,NPL,902190
10557115,81,164,9750,2015,25285.0,0.0,1.7422990000000003,0.75838,GBR,NPL,902190
10557116,97,164,9750,2015,12438.0,0.0,0.8255290000000001,1.8017279999999998,HKG,NPL,902190
10557117,104,164,9750,2015,178411.0,0.0,0.24230900000000002,2.8190880000000003,IND,NPL,902190
10557118,106,164,9750,2015,271853.0,0.0,1.304942,0.126431,IRL,NPL,902190
10557119,107,164,9750,2015,1579.0,0.0,-0.258946,-0.0073420000000000004,IRN,NPL,902190
10557120,121,164,9750,2015,128684.0,0.0,1.900653,0.859406,KOR,NPL,902190
10557121,153,164,9750,2015,4096.0,0.0,1.082803,0.811615,MYS,NPL,902190
10557122,162,164,9750,2015,451832.0,0.0,1.230104,1.27344,NLD,NPL,902190
10557123,192,164,9750,2015,9746.0,0.0,2.05613,0.593065,SGP,NPL,902190
10557124,231,164,9750,2015,92660.0,0.0,1.720478,-0.129322,USA,NPL,902190
10557125,239,164,9750,2015,901.0,0.0,-0.17108900000000002,1.10995,VNM,NPL,902190
10557126,249,164,9750,2015,2076.0,0.0,1.962832,1.214982,TWN,NPL,902190
10557127,7,167,9750,2015,0.0,1364.0,0.21779600000000002,-0.0047420000000000006,ARE,OMN,902190
10557128,14,167,9750,2015,98647.0,0.0,-0.292325,-0.043489,AUS,OMN,902190
10557129,15,167,9750,2015,409381.0,6894.0,1.747098,-0.08026699999999999,AUT,OMN,902190
10557130,18,167,9750,2015,324217.0,0.0,1.329866,1.100641,BEL,OMN,902190
10557131,41,167,9750,2015,42958.0,0.0,2.306075,0.720781,CHE,OMN,902190
10557132,43,167,9750,2015,19526.0,0.0,1.077143,1.735757,CHN,OMN,902190
10557133,61,167,9750,2015,389121.0,0.0,2.203818,-2.307561,DEU,OMN,902190
10557134,64,167,9750,2015,152962.0,0.0,1.157924,1.2045629999999998,DNK,OMN,902190
10557135,71,167,9750,2015,1701.0,0.0,0.8173590000000001,2.442556,ESP,OMN,902190
10557136,77,167,9750,2015,17196.0,0.0,1.479792,0.6490239999999999,FRA,OMN,902190
10557137,81,167,9750,2015,302776.0,0.0,1.7422990000000003,0.75838,GBR,OMN,902190
10557138,104,167,9750,2015,6233.0,0.0,0.24230900000000002,2.8190880000000003,IND,OMN,902190
10557139,106,167,9750,2015,188188.0,5760.0,1.304942,0.126431,IRL,OMN,902190
10557140,111,167,9750,2015,23032.0,0.0,1.321127,0.747046,ITA,OMN,902190
10557141,114,167,9750,2015,10572.0,0.0,2.516133,-0.484202,JPN,OMN,902190
10557142,121,167,9750,2015,4647.0,0.0,1.900653,0.859406,KOR,OMN,902190
10557143,138,167,9750,2015,58778.0,0.0,1.169724,0.61457,MEX,OMN,902190
10557144,153,167,9750,2015,30145.0,0.0,1.082803,0.811615,MYS,OMN,902190
10557145,162,167,9750,2015,1062720.0,50465.0,1.230104,1.27344,NLD,OMN,902190
10557146,163,167,9750,2015,19640.0,0.0,0.950708,0.314339,NOR,OMN,902190
10557147,231,167,9750,2015,35123.0,0.0,1.720478,-0.129322,USA,OMN,902190
10557148,249,167,9750,2015,22426.0,0.0,1.962832,1.214982,TWN,OMN,902190
10557149,7,183,9750,2015,312241.0,0.0,0.21779600000000002,-0.0047420000000000006,ARE,QAT,902190
10557150,14,183,9750,2015,2091.0,0.0,-0.292325,-0.043489,AUS,QAT,902190
10557151,15,183,9750,2015,125784.0,0.0,1.747098,-0.08026699999999999,AUT,QAT,902190
10557152,18,183,9750,2015,328003.0,0.0,1.329866,1.100641,BEL,QAT,902190
10557153,23,183,9750,2015,895.0,0.0,0.45640699999999995,1.691455,BGR,QAT,902190
10557154,41,183,9750,2015,65206.0,0.0,2.306075,0.720781,CHE,QAT,902190
10557155,43,183,9750,2015,2104.0,0.0,1.077143,1.735757,CHN,QAT,902190
10557156,52,183,9750,2015,67340.0,0.0,0.24859699999999998,-0.033143,CRI,QAT,902190
10557157,61,183,9750,2015,437069.0,2372.0,2.203818,-2.307561,DEU,QAT,902190
10557158,64,183,9750,2015,118156.0,0.0,1.157924,1.2045629999999998,DNK,QAT,902190
10557159,68,183,9750,2015,5023.0,0.0,-0.183053,1.765036,EGY,QAT,902190
10557160,71,183,9750,2015,4493.0,0.0,0.8173590000000001,2.442556,ESP,QAT,902190
10557161,77,183,9750,2015,39413.0,0.0,1.479792,0.6490239999999999,FRA,QAT,902190
10557162,81,183,9750,2015,145835.0,0.0,1.7422990000000003,0.75838,GBR,QAT,902190
10557163,104,183,9750,2015,1331.0,0.0,0.24230900000000002,2.8190880000000003,IND,QAT,902190
10557164,106,183,9750,2015,234771.0,0.0,1.304942,0.126431,IRL,QAT,902190
10557165,111,183,9750,2015,30661.0,0.0,1.321127,0.747046,ITA,QAT,902190
10557166,121,183,9750,2015,64610.0,0.0,1.900653,0.859406,KOR,QAT,902190
10557167,122,183,9750,2015,44698.0,0.0,-0.352023,-1.153057,KWT,QAT,902190
10557168,138,183,9750,2015,45185.0,0.0,1.169724,0.61457,MEX,QAT,902190
10557169,153,183,9750,2015,61363.0,0.0,1.082803,0.811615,MYS,QAT,902190
10557170,162,183,9750,2015,7629208.0,6322.0,1.230104,1.27344,NLD,QAT,902190
10557171,163,183,9750,2015,41150.0,0.0,0.950708,0.314339,NOR,QAT,902190
10557172,192,183,9750,2015,40505.0,0.0,2.05613,0.593065,SGP,QAT,902190
10557173,208,183,9750,2015,48437.0,0.0,1.8068349999999997,0.693389,SWE,QAT,902190
10557174,224,183,9750,2015,2123.0,0.0,0.438669,2.519632,TUR,QAT,902190
10557175,231,183,9750,2015,110866.0,0.0,1.720478,-0.129322,USA,QAT,902190
10557176,239,183,9750,2015,1908.0,0.0,-0.17108900000000002,1.10995,VNM,QAT,902190
10557177,8,185,9750,2015,3244.0,0.0,0.116896,0.30330999999999997,ARG,ROU,902190
10557178,9,185,9750,2015,0.0,439.0,0.037579,-0.42448800000000003,ARM,ROU,902190
10557179,14,185,9750,2015,3248.0,28892.0,-0.292325,-0.043489,AUS,ROU,902190
10557180,15,185,9750,2015,1831154.0,1394.0,1.747098,-0.08026699999999999,AUT,ROU,902190
10557181,18,185,9750,2015,482174.0,0.0,1.329866,1.100641,BEL,ROU,902190
10557182,31,185,9750,2015,0.0,422.0,-1.051562,-1.067714,BOL,ROU,902190
10557183,32,185,9750,2015,0.0,3345.0,0.23656799999999997,0.688607,BRA,ROU,902190
10557184,39,185,9750,2015,2227.0,66577.0,0.695867,1.171676,CAN,ROU,902190
10557185,41,185,9750,2015,74980.0,44406.0,2.306075,0.720781,CHE,ROU,902190
10557186,42,185,9750,2015,0.0,1223.0,-0.356167,-0.47629399999999994,CHL,ROU,902190
10557187,43,185,9750,2015,127690.0,0.0,1.077143,1.735757,CHN,ROU,902190
10557188,58,185,9750,2015,342492.0,0.0,0.511225,-0.207261,CYP,ROU,902190
10557189,59,185,9750,2015,9218.0,1322.0,1.743012,0.45424,CZE,ROU,902190
10557190,61,185,9750,2015,4186369.0,96962.0,2.203818,-2.307561,DEU,ROU,902190
10557191,64,185,9750,2015,141291.0,69733.0,1.157924,1.2045629999999998,DNK,ROU,902190
10557192,68,185,9750,2015,20173.0,0.0,-0.183053,1.765036,EGY,ROU,902190
10557193,71,185,9750,2015,48130.0,0.0,0.8173590000000001,2.442556,ESP,ROU,902190
10557194,74,185,9750,2015,2089.0,0.0,1.597817,0.998059,FIN,ROU,902190
10557195,77,185,9750,2015,512430.0,206824.0,1.479792,0.6490239999999999,FRA,ROU,902190
10557196,81,185,9750,2015,86779.0,22731.0,1.7422990000000003,0.75838,GBR,ROU,902190
10557197,90,185,9750,2015,1347931.0,344540.0,0.099027,1.012289,GRC,ROU,902190
10557198,102,185,9750,2015,88700.0,1051.0,1.462839,0.803258,HUN,ROU,902190
10557199,104,185,9750,2015,14140.0,0.0,0.24230900000000002,2.8190880000000003,IND,ROU,902190
10557200,106,185,9750,2015,68331.0,0.0,1.304942,0.126431,IRL,ROU,902190
10557201,110,185,9750,2015,33453.0,0.0,1.260071,0.545545,ISR,ROU,902190
10557202,111,185,9750,2015,291136.0,27803.0,1.321127,0.747046,ITA,ROU,902190
10557203,114,185,9750,2015,0.0,64315.0,2.516133,-0.484202,JPN,ROU,902190
10557204,117,185,9750,2015,0.0,11086.0,0.02058,0.438692,KGZ,ROU,902190
10557205,121,185,9750,2015,32956.0,4027.0,1.900653,0.859406,KOR,ROU,902190
10557206,122,185,9750,2015,0.0,1144.0,-0.352023,-1.153057,KWT,ROU,902190
10557207,132,185,9750,2015,14356.0,0.0,0.602209,1.125357,LVA,ROU,902190
10557208,134,185,9750,2015,0.0,56913.0,-0.7554810000000001,-0.059697,MAR,ROU,902190
10557209,135,185,9750,2015,0.0,36157.0,-0.313837,-0.20393,MDA,ROU,902190
10557210,138,185,9750,2015,0.0,14104.0,1.169724,0.61457,MEX,ROU,902190
10557211,162,185,9750,2015,1167890.0,36672.0,1.230104,1.27344,NLD,ROU,902190
10557212,163,185,9750,2015,30986.0,10131.0,0.950708,0.314339,NOR,ROU,902190
10557213,166,185,9750,2015,1058.0,0.0,0.224598,0.253179,NZL,ROU,902190
10557214,177,185,9750,2015,484828.0,11358.0,1.145844,1.1449280000000002,POL,ROU,902190
10557215,179,185,9750,2015,218601.0,0.0,0.561922,2.2276380000000002,PRT,ROU,902190
10557216,182,185,9750,2015,0.0,2701.0,-0.301696,-0.795154,PYF,ROU,902190
10557217,186,185,9750,2015,0.0,43025.0,0.23119,0.035965,RUS,ROU,902190
10557218,192,185,9750,2015,0.0,1096225.0,2.05613,0.593065,SGP,ROU,902190
10557219,201,185,9750,2015,20831.0,0.0,0.457042,1.324908,SRB,ROU,902190
10557220,208,185,9750,2015,86919.0,0.0,1.8068349999999997,0.693389,SWE,ROU,902190
10557221,224,185,9750,2015,36913.0,8569.0,0.438669,2.519632,TUR,ROU,902190
10557222,228,185,9750,2015,1962.0,0.0,0.429879,0.701813,UKR,ROU,902190
10557223,231,185,9750,2015,253836.0,1531637.0,1.720478,-0.129322,USA,ROU,902190
10557224,239,185,9750,2015,1557.0,0.0,-0.17108900000000002,1.10995,VNM,ROU,902190
10557225,246,185,9750,2015,0.0,5651.0,0.24944699999999997,1.7573159999999999,ZAF,ROU,902190
10557226,7,186,9750,2015,0.0,4107.0,0.21779600000000002,-0.0047420000000000006,ARE,RUS,902190
10557227,8,186,9750,2015,214441.0,0.0,0.116896,0.30330999999999997,ARG,RUS,902190
10557228,9,186,9750,2015,0.0,13364.0,0.037579,-0.42448800000000003,ARM,RUS,902190
10557229,14,186,9750,2015,14402.0,0.0,-0.292325,-0.043489,AUS,RUS,902190
10557230,15,186,9750,2015,8107482.0,0.0,1.747098,-0.08026699999999999,AUT,RUS,902190
10557231,16,186,9750,2015,0.0,657629.0,-0.983347,-1.231542,AZE,RUS,902190
10557232,18,186,9750,2015,8041172.0,25870.0,1.329866,1.100641,BEL,RUS,902190
10557233,28,186,9750,2015,679417.0,230876.0,0.672499,0.5584020000000001,BLR,RUS,902190
10557234,32,186,9750,2015,3006.0,11072.0,0.23656799999999997,0.688607,BRA,RUS,902190
10557235,39,186,9750,2015,2408.0,0.0,0.695867,1.171676,CAN,RUS,902190
10557236,41,186,9750,2015,4023923.0,638544.0,2.306075,0.720781,CHE,RUS,902190
10557237,43,186,9750,2015,1857486.0,0.0,1.077143,1.735757,CHN,RUS,902190
10557238,49,186,9750,2015,0.0,84570.0,0.156383,-0.183055,COL,RUS,902190
10557239,52,186,9750,2015,171251.0,0.0,0.24859699999999998,-0.033143,CRI,RUS,902190
10557240,59,186,9750,2015,1864872.0,0.0,1.743012,0.45424,CZE,RUS,902190
10557241,61,186,9750,2015,23862154.0,47787.0,2.203818,-2.307561,DEU,RUS,902190
10557242,64,186,9750,2015,1606365.0,0.0,1.157924,1.2045629999999998,DNK,RUS,902190
10557243,71,186,9750,2015,36161.0,0.0,0.8173590000000001,2.442556,ESP,RUS,902190
10557244,72,186,9750,2015,0.0,87910.0,0.9281149999999999,1.1780389999999998,EST,RUS,902190
10557245,74,186,9750,2015,195871.0,0.0,1.597817,0.998059,FIN,RUS,902190
10557246,77,186,9750,2015,756171.0,0.0,1.479792,0.6490239999999999,FRA,RUS,902190
10557247,81,186,9750,2015,1603082.0,0.0,1.7422990000000003,0.75838,GBR,RUS,902190
10557248,82,186,9750,2015,0.0,15905.0,-0.343663,-0.588017,GEO,RUS,902190
10557249,97,186,9750,2015,126244.0,3411.0,0.8255290000000001,1.8017279999999998,HKG,RUS,902190
10557250,102,186,9750,2015,527105.0,909.0,1.462839,0.803258,HUN,RUS,902190
10557251,104,186,9750,2015,37775.0,0.0,0.24230900000000002,2.8190880000000003,IND,RUS,902190
10557252,106,186,9750,2015,9220324.0,0.0,1.304942,0.126431,IRL,RUS,902190
10557253,107,186,9750,2015,15533.0,0.0,-0.258946,-0.0073420000000000004,IRN,RUS,902190
10557254,110,186,9750,2015,422707.0,0.0,1.260071,0.545545,ISR,RUS,902190
10557255,111,186,9750,2015,2310928.0,3682.0,1.321127,0.747046,ITA,RUS,902190
10557256,114,186,9750,2015,763276.0,0.0,2.516133,-0.484202,JPN,RUS,902190
10557257,115,186,9750,2015,292434.0,430996.0,-0.45091499999999995,-0.652026,KAZ,RUS,902190
10557258,117,186,9750,2015,0.0,2951.0,0.02058,0.438692,KGZ,RUS,902190
10557259,121,186,9750,2015,2130005.0,3254.0,1.900653,0.859406,KOR,RUS,902190
10557260,130,186,9750,2015,2150745.0,1008.0,0.749429,1.3659860000000001,LTU,RUS,902190
10557261,132,186,9750,2015,0.0,13907.0,0.602209,1.125357,LVA,RUS,902190
10557262,135,186,9750,2015,0.0,1332.0,-0.313837,-0.20393,MDA,RUS,902190
10557263,138,186,9750,2015,7439391.0,0.0,1.169724,0.61457,MEX,RUS,902190
10557264,153,186,9750,2015,646709.0,0.0,1.082803,0.811615,MYS,RUS,902190
10557265,162,186,9750,2015,6749708.0,31067.0,1.230104,1.27344,NLD,RUS,902190
10557266,166,186,9750,2015,52091.0,0.0,0.224598,0.253179,NZL,RUS,902190
10557267,168,186,9750,2015,0.0,1677.0,-0.7059979999999999,0.73501,PAK,RUS,902190
10557268,177,186,9750,2015,1809947.0,0.0,1.145844,1.1449280000000002,POL,RUS,902190
10557269,185,186,9750,2015,43025.0,0.0,0.946363,1.056775,ROU,RUS,902190
10557270,192,186,9750,2015,2796234.0,0.0,2.05613,0.593065,SGP,RUS,902190
10557271,208,186,9750,2015,312248.0,0.0,1.8068349999999997,0.693389,SWE,RUS,902190
10557272,224,186,9750,2015,7078.0,28342.0,0.438669,2.519632,TUR,RUS,902190
10557273,228,186,9750,2015,515922.0,60517.0,0.429879,0.701813,UKR,RUS,902190
10557274,231,186,9750,2015,1583748.0,22605.0,1.720478,-0.129322,USA,RUS,902190
10557275,232,186,9750,2015,0.0,42082.0,-0.724966,-0.599292,UZB,RUS,902190
10557276,239,186,9750,2015,10285.0,0.0,-0.17108900000000002,1.10995,VNM,RUS,902190
10557277,249,186,9750,2015,578742.0,0.0,1.962832,1.214982,TWN,RUS,902190
10557278,4,191,9750,2015,1489.0,0.0,-0.601875,-0.27003,ALB,SEN,902190
10557279,18,191,9750,2015,1727.0,0.0,1.329866,1.100641,BEL,SEN,902190
10557280,43,191,9750,2015,5679.0,0.0,1.077143,1.735757,CHN,SEN,902190
10557281,61,191,9750,2015,7079.0,0.0,2.203818,-2.307561,DEU,SEN,902190
10557282,68,191,9750,2015,1078.0,0.0,-0.183053,1.765036,EGY,SEN,902190
10557283,77,191,9750,2015,14089.0,0.0,1.479792,0.6490239999999999,FRA,SEN,902190
10557284,134,191,9750,2015,4466.0,0.0,-0.7554810000000001,-0.059697,MAR,SEN,902190
10557285,162,191,9750,2015,32419.0,0.0,1.230104,1.27344,NLD,SEN,902190
10557286,177,191,9750,2015,1422.0,0.0,1.145844,1.1449280000000002,POL,SEN,902190
10557287,208,191,9750,2015,4649.0,0.0,1.8068349999999997,0.693389,SWE,SEN,902190
10557288,231,191,9750,2015,15947.0,0.0,1.720478,-0.129322,USA,SEN,902190
10557289,4,201,9750,2015,0.0,37686.0,-0.601875,-0.27003,ALB,SRB,902190
10557290,14,201,9750,2015,37674.0,0.0,-0.292325,-0.043489,AUS,SRB,902190
10557291,15,201,9750,2015,407580.0,19245.0,1.747098,-0.08026699999999999,AUT,SRB,902190
10557292,18,201,9750,2015,253263.0,33397.0,1.329866,1.100641,BEL,SRB,902190
10557293,26,201,9750,2015,0.0,274454.0,0.355903,0.723092,BIH,SRB,902190
10557294,31,201,9750,2015,2054.0,0.0,-1.051562,-1.067714,BOL,SRB,902190
10557295,39,201,9750,2015,2436.0,0.0,0.695867,1.171676,CAN,SRB,902190
10557296,41,201,9750,2015,326279.0,19463.0,2.306075,0.720781,CHE,SRB,902190
10557297,43,201,9750,2015,8809.0,0.0,1.077143,1.735757,CHN,SRB,902190
10557298,52,201,9750,2015,52152.0,0.0,0.24859699999999998,-0.033143,CRI,SRB,902190
10557299,59,201,9750,2015,8632.0,0.0,1.743012,0.45424,CZE,SRB,902190
10557300,61,201,9750,2015,2566783.0,4223.0,2.203818,-2.307561,DEU,SRB,902190
10557301,64,201,9750,2015,293880.0,0.0,1.157924,1.2045629999999998,DNK,SRB,902190
10557302,71,201,9750,2015,29943.0,0.0,0.8173590000000001,2.442556,ESP,SRB,902190
10557303,77,201,9750,2015,27325.0,0.0,1.479792,0.6490239999999999,FRA,SRB,902190
10557304,81,201,9750,2015,154846.0,3749.0,1.7422990000000003,0.75838,GBR,SRB,902190
10557305,100,201,9750,2015,331507.0,15545.0,0.7590140000000001,1.257415,HRV,SRB,902190
10557306,102,201,9750,2015,0.0,1089.0,1.462839,0.803258,HUN,SRB,902190
10557307,104,201,9750,2015,105607.0,0.0,0.24230900000000002,2.8190880000000003,IND,SRB,902190
10557308,106,201,9750,2015,201839.0,4063.0,1.304942,0.126431,IRL,SRB,902190
10557309,110,201,9750,2015,3387.0,6491.0,1.260071,0.545545,ISR,SRB,902190
10557310,111,201,9750,2015,240437.0,42016.0,1.321127,0.747046,ITA,SRB,902190
10557311,114,201,9750,2015,309.0,0.0,2.516133,-0.484202,JPN,SRB,902190
10557312,121,201,9750,2015,4600.0,0.0,1.900653,0.859406,KOR,SRB,902190
10557313,138,201,9750,2015,2061.0,0.0,1.169724,0.61457,MEX,SRB,902190
10557314,140,201,9750,2015,0.0,17055.0,-0.09009600000000001,-0.147359,MKD,SRB,902190
10557315,144,201,9750,2015,0.0,183193.0,-0.048385000000000004,-0.150759,MNE,SRB,902190
10557316,162,201,9750,2015,868991.0,16830.0,1.230104,1.27344,NLD,SRB,902190
10557317,177,201,9750,2015,99395.0,0.0,1.145844,1.1449280000000002,POL,SRB,902190
10557318,185,201,9750,2015,0.0,20831.0,0.946363,1.056775,ROU,SRB,902190
10557319,192,201,9750,2015,104856.0,0.0,2.05613,0.593065,SGP,SRB,902190
10557320,207,201,9750,2015,279001.0,8963.0,1.6089879999999999,0.833616,SVN,SRB,902190
10557321,208,201,9750,2015,86430.0,0.0,1.8068349999999997,0.693389,SWE,SRB,902190
10557322,224,201,9750,2015,7655.0,0.0,0.438669,2.519632,TUR,SRB,902190
10557323,230,201,9750,2015,903.0,0.0,0.273876,-0.363695,URY,SRB,902190
10557324,231,201,9750,2015,25315.0,0.0,1.720478,-0.129322,USA,SRB,902190
10557325,14,206,9750,2015,4282.0,29433.0,-0.292325,-0.043489,AUS,SVK,902190
10557326,15,206,9750,2015,6229236.0,2648.0,1.747098,-0.08026699999999999,AUT,SVK,902190
10557327,18,206,9750,2015,589702.0,3960.0,1.329866,1.100641,BEL,SVK,902190
10557328,33,206,9750,2015,15469.0,0.0,0.453689,0.039237,BRB,SVK,902190
10557329,39,206,9750,2015,1091.0,0.0,0.695867,1.171676,CAN,SVK,902190
10557330,41,206,9750,2015,175218.0,96422.0,2.306075,0.720781,CHE,SVK,902190
10557331,43,206,9750,2015,99781.0,0.0,1.077143,1.735757,CHN,SVK,902190
10557332,52,206,9750,2015,13714.0,0.0,0.24859699999999998,-0.033143,CRI,SVK,902190
10557333,59,206,9750,2015,3602521.0,118523.0,1.743012,0.45424,CZE,SVK,902190
10557334,61,206,9750,2015,7323398.0,21920.0,2.203818,-2.307561,DEU,SVK,902190
10557335,64,206,9750,2015,110008.0,7201.0,1.157924,1.2045629999999998,DNK,SVK,902190
10557336,67,206,9750,2015,0.0,4403.0,-0.9845959999999999,-1.075639,ECU,SVK,902190
10557337,71,206,9750,2015,26304.0,0.0,0.8173590000000001,2.442556,ESP,SVK,902190
10557338,72,206,9750,2015,0.0,7209.0,0.9281149999999999,1.1780389999999998,EST,SVK,902190
10557339,77,206,9750,2015,365607.0,4833.0,1.479792,0.6490239999999999,FRA,SVK,902190
10557340,81,206,9750,2015,191501.0,0.0,1.7422990000000003,0.75838,GBR,SVK,902190
10557341,82,206,9750,2015,0.0,1684.0,-0.343663,-0.588017,GEO,SVK,902190
10557342,97,206,9750,2015,1216.0,753.0,0.8255290000000001,1.8017279999999998,HKG,SVK,902190
10557343,102,206,9750,2015,91211.0,3397.0,1.462839,0.803258,HUN,SVK,902190
10557344,104,206,9750,2015,1838.0,0.0,0.24230900000000002,2.8190880000000003,IND,SVK,902190
10557345,106,206,9750,2015,222970.0,0.0,1.304942,0.126431,IRL,SVK,902190
10557346,110,206,9750,2015,40953.0,0.0,1.260071,0.545545,ISR,SVK,902190
10557347,111,206,9750,2015,107245.0,1961.0,1.321127,0.747046,ITA,SVK,902190
10557348,114,206,9750,2015,26600.0,0.0,2.516133,-0.484202,JPN,SVK,902190
10557349,115,206,9750,2015,0.0,169067.0,-0.45091499999999995,-0.652026,KAZ,SVK,902190
10557350,121,206,9750,2015,15981.0,920.0,1.900653,0.859406,KOR,SVK,902190
10557351,138,206,9750,2015,18516.0,0.0,1.169724,0.61457,MEX,SVK,902190
10557352,140,206,9750,2015,51480.0,4085.0,-0.09009600000000001,-0.147359,MKD,SVK,902190
10557353,153,206,9750,2015,254774.0,0.0,1.082803,0.811615,MYS,SVK,902190
10557354,162,206,9750,2015,3362306.0,67318.0,1.230104,1.27344,NLD,SVK,902190
10557355,177,206,9750,2015,727708.0,0.0,1.145844,1.1449280000000002,POL,SVK,902190
10557356,188,206,9750,2015,0.0,5724.0,0.5552520000000001,-0.7263229999999999,SAU,SVK,902190
10557357,192,206,9750,2015,45563.0,0.0,2.05613,0.593065,SGP,SVK,902190
10557358,207,206,9750,2015,3090.0,6069.0,1.6089879999999999,0.833616,SVN,SVK,902190
10557359,208,206,9750,2015,559405.0,0.0,1.8068349999999997,0.693389,SWE,SVK,902190
10557360,224,206,9750,2015,3064.0,1699.0,0.438669,2.519632,TUR,SVK,902190
10557361,228,206,9750,2015,0.0,101238.0,0.429879,0.701813,UKR,SVK,902190
10557362,231,206,9750,2015,3381786.0,19207.0,1.720478,-0.129322,USA,SVK,902190
10557363,249,206,9750,2015,11482.0,0.0,1.962832,1.214982,TWN,SVK,902190
10557364,250,206,9750,2015,1097000.0,0.0,0.377283,-0.092204,ANS,SVK,902190
10557365,4,207,9750,2015,0.0,20530.0,-0.601875,-0.27003,ALB,SVN,902190
10557366,8,207,9750,2015,4755.0,0.0,0.116896,0.30330999999999997,ARG,SVN,902190
10557367,14,207,9750,2015,295898.0,0.0,-0.292325,-0.043489,AUS,SVN,902190
10557368,15,207,9750,2015,950060.0,0.0,1.747098,-0.08026699999999999,AUT,SVN,902190
10557369,18,207,9750,2015,512641.0,221216.0,1.329866,1.100641,BEL,SVN,902190
10557370,23,207,9750,2015,0.0,12494.0,0.45640699999999995,1.691455,BGR,SVN,902190
10557371,26,207,9750,2015,15998.0,47802.0,0.355903,0.723092,BIH,SVN,902190
10557372,32,207,9750,2015,51125.0,0.0,0.23656799999999997,0.688607,BRA,SVN,902190
10557373,39,207,9750,2015,4955.0,0.0,0.695867,1.171676,CAN,SVN,902190
10557374,41,207,9750,2015,92343.0,15955.0,2.306075,0.720781,CHE,SVN,902190
10557375,43,207,9750,2015,53604.0,0.0,1.077143,1.735757,CHN,SVN,902190
10557376,52,207,9750,2015,153047.0,0.0,0.24859699999999998,-0.033143,CRI,SVN,902190
10557377,58,207,9750,2015,0.0,16980.0,0.511225,-0.207261,CYP,SVN,902190
10557378,59,207,9750,2015,44369.0,22874.0,1.743012,0.45424,CZE,SVN,902190
10557379,61,207,9750,2015,3727788.0,2948.0,2.203818,-2.307561,DEU,SVN,902190
10557380,64,207,9750,2015,82254.0,0.0,1.157924,1.2045629999999998,DNK,SVN,902190
10557381,71,207,9750,2015,34887.0,0.0,0.8173590000000001,2.442556,ESP,SVN,902190
10557382,72,207,9750,2015,0.0,1026.0,0.9281149999999999,1.1780389999999998,EST,SVN,902190
10557383,77,207,9750,2015,93115.0,0.0,1.479792,0.6490239999999999,FRA,SVN,902190
10557384,81,207,9750,2015,62778.0,0.0,1.7422990000000003,0.75838,GBR,SVN,902190
10557385,90,207,9750,2015,0.0,1499.0,0.099027,1.012289,GRC,SVN,902190
10557386,100,207,9750,2015,100370.0,693724.0,0.7590140000000001,1.257415,HRV,SVN,902190
10557387,102,207,9750,2015,2622.0,0.0,1.462839,0.803258,HUN,SVN,902190
10557388,104,207,9750,2015,8268.0,0.0,0.24230900000000002,2.8190880000000003,IND,SVN,902190
10557389,106,207,9750,2015,120516.0,65565.0,1.304942,0.126431,IRL,SVN,902190
10557390,109,207,9750,2015,1957.0,4292.0,0.24527600000000002,-0.411616,ISL,SVN,902190
10557391,110,207,9750,2015,3679.0,0.0,1.260071,0.545545,ISR,SVN,902190
10557392,111,207,9750,2015,642905.0,91280.0,1.321127,0.747046,ITA,SVN,902190
10557393,114,207,9750,2015,2835.0,0.0,2.516133,-0.484202,JPN,SVN,902190
10557394,121,207,9750,2015,20848.0,0.0,1.900653,0.859406,KOR,SVN,902190
10557395,130,207,9750,2015,0.0,49474.0,0.749429,1.3659860000000001,LTU,SVN,902190
10557396,138,207,9750,2015,34303.0,0.0,1.169724,0.61457,MEX,SVN,902190
10557397,140,207,9750,2015,0.0,26646.0,-0.09009600000000001,-0.147359,MKD,SVN,902190
10557398,144,207,9750,2015,0.0,4259.0,-0.048385000000000004,-0.150759,MNE,SVN,902190
10557399,153,207,9750,2015,127297.0,0.0,1.082803,0.811615,MYS,SVN,902190
10557400,162,207,9750,2015,821431.0,58334.0,1.230104,1.27344,NLD,SVN,902190
10557401,177,207,9750,2015,205204.0,138409.0,1.145844,1.1449280000000002,POL,SVN,902190
10557402,179,207,9750,2015,26051.0,0.0,0.561922,2.2276380000000002,PRT,SVN,902190
10557403,188,207,9750,2015,0.0,54866.0,0.5552520000000001,-0.7263229999999999,SAU,SVN,902190
10557404,192,207,9750,2015,4271.0,0.0,2.05613,0.593065,SGP,SVN,902190
10557405,194,207,9750,2015,51573.0,0.0,1.256851,-0.270048,SHN,SVN,902190
10557406,201,207,9750,2015,8963.0,279001.0,0.457042,1.324908,SRB,SVN,902190
10557407,206,207,9750,2015,6069.0,3090.0,1.287133,0.7900560000000001,SVK,SVN,902190
10557408,208,207,9750,2015,31169.0,0.0,1.8068349999999997,0.693389,SWE,SVN,902190
10557409,231,207,9750,2015,51564.0,0.0,1.720478,-0.129322,USA,SVN,902190
10557410,239,207,9750,2015,2439.0,0.0,-0.17108900000000002,1.10995,VNM,SVN,902190
10557411,246,207,9750,2015,0.0,1424.0,0.24944699999999997,1.7573159999999999,ZAF,SVN,902190
10557412,249,207,9750,2015,3150.0,0.0,1.962832,1.214982,TWN,SVN,902190
10557413,15,217,9750,2015,287724.0,0.0,1.747098,-0.08026699999999999,AUT,TJK,902190
10557414,41,217,9750,2015,18056.0,0.0,2.306075,0.720781,CHE,TJK,902190
10557415,43,217,9750,2015,1432.0,0.0,1.077143,1.735757,CHN,TJK,902190
10557416,61,217,9750,2015,141454.0,0.0,2.203818,-2.307561,DEU,TJK,902190
10557417,64,217,9750,2015,7299.0,0.0,1.157924,1.2045629999999998,DNK,TJK,902190
10557418,132,217,9750,2015,4661.0,0.0,0.602209,1.125357,LVA,TJK,902190
10557419,228,217,9750,2015,1619.0,0.0,0.429879,0.701813,UKR,TJK,902190
10557420,41,219,9750,2015,2417.0,0.0,2.306075,0.720781,CHE,TKM,902190
10557421,59,219,9750,2015,2216.0,0.0,1.743012,0.45424,CZE,TKM,902190
10557422,61,219,9750,2015,37734.0,0.0,2.203818,-2.307561,DEU,TKM,902190
10557423,224,219,9750,2015,6140.0,0.0,0.438669,2.519632,TUR,TKM,902190
10557424,15,226,9750,2015,909.0,0.0,1.747098,-0.08026699999999999,AUT,TZA,902190
10557425,43,226,9750,2015,25789.0,0.0,1.077143,1.735757,CHN,TZA,902190
10557426,55,226,9750,2015,3551.0,0.0,0.296267,-0.6313350000000001,CUW,TZA,902190
10557427,61,226,9750,2015,33695.0,0.0,2.203818,-2.307561,DEU,TZA,902190
10557428,77,226,9750,2015,0.0,2348.0,1.479792,0.6490239999999999,FRA,TZA,902190
10557429,104,226,9750,2015,21247.0,0.0,0.24230900000000002,2.8190880000000003,IND,TZA,902190
10557430,106,226,9750,2015,16660.0,0.0,1.304942,0.126431,IRL,TZA,902190
10557431,111,226,9750,2015,7683.0,0.0,1.321127,0.747046,ITA,TZA,902190
10557432,116,226,9750,2015,1163.0,0.0,-0.453564,0.433325,KEN,TZA,902190
10557433,138,226,9750,2015,2858.0,0.0,1.169724,0.61457,MEX,TZA,902190
10557434,162,226,9750,2015,111867.0,0.0,1.230104,1.27344,NLD,TZA,902190
10557435,224,226,9750,2015,2443.0,0.0,0.438669,2.519632,TUR,TZA,902190
10557436,231,226,9750,2015,5152.0,0.0,1.720478,-0.129322,USA,TZA,902190
10557437,246,226,9750,2015,9820.0,0.0,0.24944699999999997,1.7573159999999999,ZAF,TZA,902190
10557438,15,232,9750,2015,4068399.0,0.0,1.747098,-0.08026699999999999,AUT,UZB,902190
10557439,41,232,9750,2015,2557.0,0.0,2.306075,0.720781,CHE,UZB,902190
10557440,43,232,9750,2015,45631.0,0.0,1.077143,1.735757,CHN,UZB,902190
10557441,61,232,9750,2015,7311.0,0.0,2.203818,-2.307561,DEU,UZB,902190
10557442,81,232,9750,2015,878575.0,0.0,1.7422990000000003,0.75838,GBR,UZB,902190
10557443,121,232,9750,2015,94598.0,0.0,1.900653,0.859406,KOR,UZB,902190
10557444,132,232,9750,2015,434983.0,0.0,0.602209,1.125357,LVA,UZB,902190
10557445,162,232,9750,2015,26866.0,0.0,1.230104,1.27344,NLD,UZB,902190
10557446,177,232,9750,2015,113683.0,0.0,1.145844,1.1449280000000002,POL,UZB,902190
10557447,186,232,9750,2015,42082.0,0.0,0.23119,0.035965,RUS,UZB,902190
10557448,228,232,9750,2015,22381.0,0.0,0.429879,0.701813,UKR,UZB,902190
10557449,231,232,9750,2015,10462.0,0.0,1.720478,-0.129322,USA,UZB,902190
10557450,7,239,9750,2015,0.0,4254.0,0.21779600000000002,-0.0047420000000000006,ARE,VNM,902190
10557451,8,239,9750,2015,0.0,6321.0,0.116896,0.30330999999999997,ARG,VNM,902190
10557452,9,239,9750,2015,0.0,1869.0,0.037579,-0.42448800000000003,ARM,VNM,902190
10557453,14,239,9750,2015,751647.0,2278848.0,-0.292325,-0.043489,AUS,VNM,902190
10557454,15,239,9750,2015,7336.0,335776.0,1.747098,-0.08026699999999999,AUT,VNM,902190
10557455,18,239,9750,2015,148628.0,518813.0,1.329866,1.100641,BEL,VNM,902190
10557456,31,239,9750,2015,0.0,2145.0,-1.051562,-1.067714,BOL,VNM,902190
10557457,32,239,9750,2015,16906.0,580648.0,0.23656799999999997,0.688607,BRA,VNM,902190
10557458,39,239,9750,2015,62171.0,7235652.0,0.695867,1.171676,CAN,VNM,902190
10557459,41,239,9750,2015,7458954.0,6144871.0,2.306075,0.720781,CHE,VNM,902190
10557460,42,239,9750,2015,0.0,20081.0,-0.356167,-0.47629399999999994,CHL,VNM,902190
10557461,43,239,9750,2015,4907546.0,5025902.0,1.077143,1.735757,CHN,VNM,902190
10557462,52,239,9750,2015,22286.0,0.0,0.24859699999999998,-0.033143,CRI,VNM,902190
10557463,59,239,9750,2015,23930.0,12668.0,1.743012,0.45424,CZE,VNM,902190
10557464,61,239,9750,2015,3350874.0,2034312.0,2.203818,-2.307561,DEU,VNM,902190
10557465,64,239,9750,2015,5067291.0,660681.0,1.157924,1.2045629999999998,DNK,VNM,902190
10557466,71,239,9750,2015,34919.0,970275.0,0.8173590000000001,2.442556,ESP,VNM,902190
10557467,72,239,9750,2015,0.0,3627.0,0.9281149999999999,1.1780389999999998,EST,VNM,902190
10557468,74,239,9750,2015,0.0,86188.0,1.597817,0.998059,FIN,VNM,902190
10557469,77,239,9750,2015,555300.0,2811994.0,1.479792,0.6490239999999999,FRA,VNM,902190
10557470,81,239,9750,2015,57623.0,1730122.0,1.7422990000000003,0.75838,GBR,VNM,902190
10557471,97,239,9750,2015,22931.0,3870.0,0.8255290000000001,1.8017279999999998,HKG,VNM,902190
10557472,99,239,9750,2015,0.0,1242.0,-0.578635,-0.292053,HND,VNM,902190
10557473,102,239,9750,2015,96952.0,0.0,1.462839,0.803258,HUN,VNM,902190
10557474,103,239,9750,2015,0.0,16651.0,-0.145103,1.277362,IDN,VNM,902190
10557475,104,239,9750,2015,47954.0,119519.0,0.24230900000000002,2.8190880000000003,IND,VNM,902190
10557476,106,239,9750,2015,2020544.0,0.0,1.304942,0.126431,IRL,VNM,902190
10557477,109,239,9750,2015,984.0,0.0,0.24527600000000002,-0.411616,ISL,VNM,902190
10557478,110,239,9750,2015,113113.0,36872.0,1.260071,0.545545,ISR,VNM,902190
10557479,111,239,9750,2015,685678.0,2108287.0,1.321127,0.747046,ITA,VNM,902190
10557480,114,239,9750,2015,7753.0,2286452.0,2.516133,-0.484202,JPN,VNM,902190
10557481,115,239,9750,2015,0.0,5064.0,-0.45091499999999995,-0.652026,KAZ,VNM,902190
10557482,121,239,9750,2015,2187732.0,405968.0,1.900653,0.859406,KOR,VNM,902190
10557483,122,239,9750,2015,0.0,43137.0,-0.352023,-1.153057,KWT,VNM,902190
10557484,130,239,9750,2015,0.0,1918.0,0.749429,1.3659860000000001,LTU,VNM,902190
10557485,138,239,9750,2015,317221.0,240995.0,1.169724,0.61457,MEX,VNM,902190
10557486,153,239,9750,2015,77343.0,1668.0,1.082803,0.811615,MYS,VNM,902190
10557487,162,239,9750,2015,3887580.0,4960902.0,1.230104,1.27344,NLD,VNM,902190
10557488,163,239,9750,2015,0.0,250028.0,0.950708,0.314339,NOR,VNM,902190
10557489,164,239,9750,2015,0.0,901.0,-0.290416,0.456716,NPL,VNM,902190
10557490,166,239,9750,2015,8307.0,356049.0,0.224598,0.253179,NZL,VNM,902190
10557491,176,239,9750,2015,0.0,38139.0,-1.710939,-1.266333,PNG,VNM,902190
10557492,177,239,9750,2015,2043648.0,314167.0,1.145844,1.1449280000000002,POL,VNM,902190
10557493,180,239,9750,2015,0.0,5143.0,-0.471106,-0.9431139999999999,PRY,VNM,902190
10557494,182,239,9750,2015,0.0,2358.0,-0.301696,-0.795154,PYF,VNM,902190
10557495,183,239,9750,2015,0.0,1908.0,-0.077053,-0.9922719999999999,QAT,VNM,902190
10557496,185,239,9750,2015,0.0,1557.0,0.946363,1.056775,ROU,VNM,902190
10557497,186,239,9750,2015,0.0,10285.0,0.23119,0.035965,RUS,VNM,902190
10557498,192,239,9750,2015,988984.0,8875487.0,2.05613,0.593065,SGP,VNM,902190
10557499,207,239,9750,2015,0.0,2439.0,1.6089879999999999,0.833616,SVN,VNM,902190
10557500,208,239,9750,2015,24227.0,1563687.0,1.8068349999999997,0.693389,SWE,VNM,902190
10557501,216,239,9750,2015,18526.0,0.0,0.965888,1.368572,THA,VNM,902190
10557502,223,239,9750,2015,0.0,3939.0,0.140202,0.967591,TUN,VNM,902190
10557503,224,239,9750,2015,13253.0,508451.0,0.438669,2.519632,TUR,VNM,902190
10557504,228,239,9750,2015,14232.0,0.0,0.429879,0.701813,UKR,VNM,902190
10557505,230,239,9750,2015,0.0,2190.0,0.273876,-0.363695,URY,VNM,902190
10557506,231,239,9750,2015,5468609.0,39432432.0,1.720478,-0.129322,USA,VNM,902190
10557507,246,239,9750,2015,0.0,120195.0,0.24944699999999997,1.7573159999999999,ZAF,VNM,902190
10557508,249,239,9750,2015,119818.0,879763.0,1.962832,1.214982,TWN,VNM,902190
10557509,250,239,9750,2015,831959.0,0.0,0.377283,-0.092204,ANS,VNM,902190
10557510,14,242,9750,2015,2225.0,0.0,-0.292325,-0.043489,AUS,WSM,902190
10557511,43,242,9750,2015,872.0,0.0,1.077143,1.735757,CHN,WSM,902190
10557512,104,1,9750,2015,76712.0,0.0,0.24230900000000002,2.8190880000000003,IND,AFG,902190
10557513,174,1,9750,2015,20881.0,0.0,0.6406270000000001,0.45770200000000005,PHL,AFG,902190
10557514,15,4,9750,2015,21244.0,0.0,1.747098,-0.08026699999999999,AUT,ALB,902190
10557515,18,4,9750,2015,4356.0,0.0,1.329866,1.100641,BEL,ALB,902190
10557516,41,4,9750,2015,19167.0,0.0,2.306075,0.720781,CHE,ALB,902190
10557517,43,4,9750,2015,1978.0,0.0,1.077143,1.735757,CHN,ALB,902190
10557518,61,4,9750,2015,401723.0,0.0,2.203818,-2.307561,DEU,ALB,902190
10557519,64,4,9750,2015,11021.0,0.0,1.157924,1.2045629999999998,DNK,ALB,902190
10557520,77,4,9750,2015,3064.0,0.0,1.479792,0.6490239999999999,FRA,ALB,902190
10557521,90,4,9750,2015,87603.0,0.0,0.099027,1.012289,GRC,ALB,902190
10557522,100,4,9750,2015,6420.0,0.0,0.7590140000000001,1.257415,HRV,ALB,902190
10557523,111,4,9750,2015,18935.0,0.0,1.321127,0.747046,ITA,ALB,902190
10557524,162,4,9750,2015,66311.0,0.0,1.230104,1.27344,NLD,ALB,902190
10557525,177,4,9750,2015,45986.0,0.0,1.145844,1.1449280000000002,POL,ALB,902190
10557526,191,4,9750,2015,0.0,1489.0,-0.708349,-0.296663,SEN,ALB,902190
10557527,201,4,9750,2015,37686.0,0.0,0.457042,1.324908,SRB,ALB,902190
10557528,207,4,9750,2015,20530.0,0.0,1.6089879999999999,0.833616,SVN,ALB,902190
10557529,224,4,9750,2015,5928.0,0.0,0.438669,2.519632,TUR,ALB,902190
10557530,231,4,9750,2015,28835.0,0.0,1.720478,-0.129322,USA,ALB,902190
10557531,33,13,9750,2015,9667.0,0.0,0.453689,0.039237,BRB,ATG,902190
10557532,231,13,9750,2015,1045.0,0.0,1.720478,-0.129322,USA,ATG,902190
10557533,7,19,9750,2015,1721.0,0.0,0.21779600000000002,-0.0047420000000000006,ARE,BEN,902190
10557534,61,19,9750,2015,6278.0,0.0,2.203818,-2.307561,DEU,BEN,902190
10557535,77,19,9750,2015,52892.0,0.0,1.479792,0.6490239999999999,FRA,BEN,902190
10557536,104,19,9750,2015,3098.0,0.0,0.24230900000000002,2.8190880000000003,IND,BEN,902190
10557537,121,19,9750,2015,7282.0,0.0,1.900653,0.859406,KOR,BEN,902190
10557538,77,21,9750,2015,20374.0,0.0,1.479792,0.6490239999999999,FRA,BFA,902190
10557539,104,21,9750,2015,20670.0,0.0,0.24230900000000002,2.8190880000000003,IND,BFA,902190
10557540,111,21,9750,2015,181041.0,0.0,1.321127,0.747046,ITA,BFA,902190
10557541,14,26,9750,2015,4985.0,0.0,-0.292325,-0.043489,AUS,BIH,902190
10557542,15,26,9750,2015,167468.0,13493.0,1.747098,-0.08026699999999999,AUT,BIH,902190
10557543,18,26,9750,2015,5793.0,0.0,1.329866,1.100641,BEL,BIH,902190
10557544,41,26,9750,2015,84653.0,0.0,2.306075,0.720781,CHE,BIH,902190
10557545,59,26,9750,2015,49112.0,0.0,1.743012,0.45424,CZE,BIH,902190
10557546,61,26,9750,2015,835856.0,0.0,2.203818,-2.307561,DEU,BIH,902190
10557547,64,26,9750,2015,87397.0,0.0,1.157924,1.2045629999999998,DNK,BIH,902190
10557548,71,26,9750,2015,943.0,0.0,0.8173590000000001,2.442556,ESP,BIH,902190
10557549,77,26,9750,2015,36963.0,0.0,1.479792,0.6490239999999999,FRA,BIH,902190
10557550,81,26,9750,2015,19712.0,0.0,1.7422990000000003,0.75838,GBR,BIH,902190
10557551,100,26,9750,2015,33357.0,0.0,0.7590140000000001,1.257415,HRV,BIH,902190
10557552,104,26,9750,2015,3564.0,0.0,0.24230900000000002,2.8190880000000003,IND,BIH,902190
10557553,106,26,9750,2015,4817.0,0.0,1.304942,0.126431,IRL,BIH,902190
10557554,111,26,9750,2015,18330.0,0.0,1.321127,0.747046,ITA,BIH,902190
10557555,114,26,9750,2015,4595.0,0.0,2.516133,-0.484202,JPN,BIH,902190
10557556,138,26,9750,2015,3241.0,0.0,1.169724,0.61457,MEX,BIH,902190
10557557,144,26,9750,2015,0.0,13671.0,-0.048385000000000004,-0.150759,MNE,BIH,902190
10557558,162,26,9750,2015,75223.0,6159.0,1.230104,1.27344,NLD,BIH,902190
10557559,177,26,9750,2015,98830.0,0.0,1.145844,1.1449280000000002,POL,BIH,902190
10557560,192,26,9750,2015,48179.0,0.0,2.05613,0.593065,SGP,BIH,902190
10557561,201,26,9750,2015,274454.0,0.0,0.457042,1.324908,SRB,BIH,902190
10557562,207,26,9750,2015,47802.0,15998.0,1.6089879999999999,0.833616,SVN,BIH,902190
10557563,208,26,9750,2015,9263.0,0.0,1.8068349999999997,0.693389,SWE,BIH,902190
10557564,224,26,9750,2015,21073.0,0.0,0.438669,2.519632,TUR,BIH,902190
10557565,231,26,9750,2015,207479.0,0.0,1.720478,-0.129322,USA,BIH,902190
10557566,111,37,9750,2015,881.0,0.0,1.321127,0.747046,ITA,BWA,902190
10557567,246,37,9750,2015,249186.0,0.0,0.24944699999999997,1.7573159999999999,ZAF,BWA,902190
10557568,18,45,9750,2015,2703.0,0.0,1.329866,1.100641,BEL,CMR,902190
10557569,41,45,9750,2015,21574.0,0.0,2.306075,0.720781,CHE,CMR,902190
10557570,43,45,9750,2015,8967.0,0.0,1.077143,1.735757,CHN,CMR,902190
10557571,61,45,9750,2015,4651.0,0.0,2.203818,-2.307561,DEU,CMR,902190
10557572,71,45,9750,2015,10522.0,0.0,0.8173590000000001,2.442556,ESP,CMR,902190
10557573,77,45,9750,2015,28582.0,0.0,1.479792,0.6490239999999999,FRA,CMR,902190
10557574,162,45,9750,2015,17732.0,0.0,1.230104,1.27344,NLD,CMR,902190
10557575,216,45,9750,2015,956.0,0.0,0.965888,1.368572,THA,CMR,902190
10557576,231,45,9750,2015,989.0,0.0,1.720478,-0.129322,USA,CMR,902190
10557577,246,45,9750,2015,20544.0,0.0,0.24944699999999997,1.7573159999999999,ZAF,CMR,902190
10557578,77,47,9750,2015,3943.0,0.0,1.479792,0.6490239999999999,FRA,COG,902190
10557579,104,47,9750,2015,1604.0,0.0,0.24230900000000002,2.8190880000000003,IND,COG,902190
10557580,134,47,9750,2015,2873.0,0.0,-0.7554810000000001,-0.059697,MAR,COG,902190
10557581,2,54,9750,2015,0.0,1269359.0,-1.6542,-1.2598989999999999,AGO,CUB,902190
10557582,8,54,9750,2015,47378.0,0.0,0.116896,0.30330999999999997,ARG,CUB,902190
10557583,31,54,9750,2015,0.0,218591.0,-1.051562,-1.067714,BOL,CUB,902190
10557584,43,54,9750,2015,5620.0,0.0,1.077143,1.735757,CHN,CUB,902190
10557585,61,54,9750,2015,57385.0,0.0,2.203818,-2.307561,DEU,CUB,902190
10557586,64,54,9750,2015,167485.0,0.0,1.157924,1.2045629999999998,DNK,CUB,902190
10557587,71,54,9750,2015,494674.0,0.0,0.8173590000000001,2.442556,ESP,CUB,902190
10557588,77,54,9750,2015,620490.0,0.0,1.479792,0.6490239999999999,FRA,CUB,902190
10557589,81,54,9750,2015,872489.0,26598.0,1.7422990000000003,0.75838,GBR,CUB,902190
10557590,111,54,9750,2015,38019.0,0.0,1.321127,0.747046,ITA,CUB,902190
10557591,114,54,9750,2015,65856.0,0.0,2.516133,-0.484202,JPN,CUB,902190
10557592,162,54,9750,2015,24684.0,0.0,1.230104,1.27344,NLD,CUB,902190
10557593,177,54,9750,2015,1945.0,0.0,1.145844,1.1449280000000002,POL,CUB,902190
10557594,231,54,9750,2015,32498.0,0.0,1.720478,-0.129322,USA,CUB,902190
10557595,15,58,9750,2015,1708822.0,0.0,1.747098,-0.08026699999999999,AUT,CYP,902190
10557596,18,58,9750,2015,282884.0,0.0,1.329866,1.100641,BEL,CYP,902190
10557597,23,58,9750,2015,0.0,8676.0,0.45640699999999995,1.691455,BGR,CYP,902190
10557598,41,58,9750,2015,15330.0,19376.0,2.306075,0.720781,CHE,CYP,902190
10557599,43,58,9750,2015,8786.0,0.0,1.077143,1.735757,CHN,CYP,902190
10557600,61,58,9750,2015,316502.0,0.0,2.203818,-2.307561,DEU,CYP,902190
10557601,64,58,9750,2015,62839.0,5236.0,1.157924,1.2045629999999998,DNK,CYP,902190
10557602,68,58,9750,2015,24464.0,0.0,-0.183053,1.765036,EGY,CYP,902190
10557603,71,58,9750,2015,8523.0,0.0,0.8173590000000001,2.442556,ESP,CYP,902190
10557604,77,58,9750,2015,122963.0,0.0,1.479792,0.6490239999999999,FRA,CYP,902190
10557605,81,58,9750,2015,474612.0,11588.0,1.7422990000000003,0.75838,GBR,CYP,902190
10557606,90,58,9750,2015,376381.0,756478.0,0.099027,1.012289,GRC,CYP,902190
10557607,100,58,9750,2015,11895.0,0.0,0.7590140000000001,1.257415,HRV,CYP,902190
10557608,106,58,9750,2015,18037.0,0.0,1.304942,0.126431,IRL,CYP,902190
10557609,110,58,9750,2015,18508.0,0.0,1.260071,0.545545,ISR,CYP,902190
10557610,111,58,9750,2015,32145.0,0.0,1.321127,0.747046,ITA,CYP,902190
10557611,114,58,9750,2015,48619.0,0.0,2.516133,-0.484202,JPN,CYP,902190
10557612,121,58,9750,2015,4544.0,0.0,1.900653,0.859406,KOR,CYP,902190
10557613,128,58,9750,2015,0.0,22661.0,-0.6773399999999999,0.386343,LKA,CYP,902190
10557614,162,58,9750,2015,757830.0,1150.0,1.230104,1.27344,NLD,CYP,902190
10557615,177,58,9750,2015,57650.0,0.0,1.145844,1.1449280000000002,POL,CYP,902190
10557616,185,58,9750,2015,0.0,342492.0,0.946363,1.056775,ROU,CYP,902190
10557617,207,58,9750,2015,16980.0,0.0,1.6089879999999999,0.833616,SVN,CYP,902190
10557618,208,58,9750,2015,41140.0,114897.0,1.8068349999999997,0.693389,SWE,CYP,902190
10557619,224,58,9750,2015,53600.0,0.0,0.438669,2.519632,TUR,CYP,902190
10557620,231,58,9750,2015,14928.0,0.0,1.720478,-0.129322,USA,CYP,902190
10557621,249,58,9750,2015,980.0,0.0,1.962832,1.214982,TWN,CYP,902190
10557622,250,58,9750,2015,1768.0,0.0,0.377283,-0.092204,ANS,CYP,902190
10557623,43,62,9750,2015,2190.0,0.0,1.077143,1.735757,CHN,DJI,902190
10557624,61,62,9750,2015,6144.0,0.0,2.203818,-2.307561,DEU,DJI,902190
10557625,68,62,9750,2015,1960.0,0.0,-0.183053,1.765036,EGY,DJI,902190
10557626,77,62,9750,2015,2148.0,0.0,1.479792,0.6490239999999999,FRA,DJI,902190
10557627,231,62,9750,2015,50000.0,0.0,1.720478,-0.129322,USA,DJI,902190
10557628,15,66,9750,2015,2529398.0,0.0,1.747098,-0.08026699999999999,AUT,DZA,902190
10557629,18,66,9750,2015,105158.0,0.0,1.329866,1.100641,BEL,DZA,902190
10557630,32,66,9750,2015,32308.0,0.0,0.23656799999999997,0.688607,BRA,DZA,902190
10557631,41,66,9750,2015,125041.0,0.0,2.306075,0.720781,CHE,DZA,902190
10557632,43,66,9750,2015,158640.0,0.0,1.077143,1.735757,CHN,DZA,902190
10557633,52,66,9750,2015,5650.0,0.0,0.24859699999999998,-0.033143,CRI,DZA,902190
10557634,61,66,9750,2015,524595.0,0.0,2.203818,-2.307561,DEU,DZA,902190
10557635,64,66,9750,2015,602272.0,0.0,1.157924,1.2045629999999998,DNK,DZA,902190
10557636,68,66,9750,2015,65918.0,0.0,-0.183053,1.765036,EGY,DZA,902190
10557637,77,66,9750,2015,1700261.0,0.0,1.479792,0.6490239999999999,FRA,DZA,902190
10557638,81,66,9750,2015,104386.0,0.0,1.7422990000000003,0.75838,GBR,DZA,902190
10557639,102,66,9750,2015,972.0,0.0,1.462839,0.803258,HUN,DZA,902190
10557640,104,66,9750,2015,2749.0,0.0,0.24230900000000002,2.8190880000000003,IND,DZA,902190
10557641,106,66,9750,2015,412818.0,0.0,1.304942,0.126431,IRL,DZA,902190
10557642,111,66,9750,2015,44072.0,0.0,1.321127,0.747046,ITA,DZA,902190
10557643,114,66,9750,2015,3154.0,0.0,2.516133,-0.484202,JPN,DZA,902190
10557644,121,66,9750,2015,1352.0,0.0,1.900653,0.859406,KOR,DZA,902190
10557645,138,66,9750,2015,8104.0,0.0,1.169724,0.61457,MEX,DZA,902190
10557646,141,66,9750,2015,0.0,4740.0,-0.744236,-0.9441860000000001,MLI,DZA,902190
10557647,162,66,9750,2015,4116206.0,0.0,1.230104,1.27344,NLD,DZA,902190
10557648,177,66,9750,2015,28560.0,0.0,1.145844,1.1449280000000002,POL,DZA,902190
10557649,192,66,9750,2015,197456.0,0.0,2.05613,0.593065,SGP,DZA,902190
10557650,208,66,9750,2015,4211.0,0.0,1.8068349999999997,0.693389,SWE,DZA,902190
10557651,224,66,9750,2015,1706.0,0.0,0.438669,2.519632,TUR,DZA,902190
10557652,231,66,9750,2015,25843.0,0.0,1.720478,-0.129322,USA,DZA,902190
10557653,43,73,9750,2015,34049.0,0.0,1.077143,1.735757,CHN,ETH,902190
10557654,61,73,9750,2015,3506.0,0.0,2.203818,-2.307561,DEU,ETH,902190
10557655,64,73,9750,2015,10710.0,0.0,1.157924,1.2045629999999998,DNK,ETH,902190
10557656,68,73,9750,2015,3803.0,0.0,-0.183053,1.765036,EGY,ETH,902190
10557657,71,73,9750,2015,2569.0,0.0,0.8173590000000001,2.442556,ESP,ETH,902190
10557658,104,73,9750,2015,58730.0,0.0,0.24230900000000002,2.8190880000000003,IND,ETH,902190
10557659,106,73,9750,2015,1052.0,0.0,1.304942,0.126431,IRL,ETH,902190
10557660,114,73,9750,2015,1629.0,0.0,2.516133,-0.484202,JPN,ETH,902190
10557661,121,73,9750,2015,7098.0,0.0,1.900653,0.859406,KOR,ETH,902190
10557662,162,73,9750,2015,81894.0,0.0,1.230104,1.27344,NLD,ETH,902190
10557663,192,73,9750,2015,19175.0,0.0,2.05613,0.593065,SGP,ETH,902190
10557664,209,73,9750,2015,3590.0,0.0,0.257467,-0.402491,SWZ,ETH,902190
10557665,224,73,9750,2015,3479.0,0.0,0.438669,2.519632,TUR,ETH,902190
10557666,231,73,9750,2015,31574.0,0.0,1.720478,-0.129322,USA,ETH,902190
10557667,246,73,9750,2015,2609.0,5080.0,0.24944699999999997,1.7573159999999999,ZAF,ETH,902190
10557668,15,80,9750,2015,0.0,5279.0,1.747098,-0.08026699999999999,AUT,GAB,902190
10557669,18,80,9750,2015,2433.0,0.0,1.329866,1.100641,BEL,GAB,902190
10557670,77,80,9750,2015,27721.0,0.0,1.479792,0.6490239999999999,FRA,GAB,902190
10557671,18,83,9750,2015,443.0,0.0,1.329866,1.100641,BEL,GHA,902190
10557672,43,83,9750,2015,79755.0,0.0,1.077143,1.735757,CHN,GHA,902190
10557673,61,83,9750,2015,2918.0,0.0,2.203818,-2.307561,DEU,GHA,902190
10557674,64,83,9750,2015,6607.0,0.0,1.157924,1.2045629999999998,DNK,GHA,902190
10557675,81,83,9750,2015,3146.0,0.0,1.7422990000000003,0.75838,GBR,GHA,902190
10557676,104,83,9750,2015,13554.0,0.0,0.24230900000000002,2.8190880000000003,IND,GHA,902190
10557677,106,83,9750,2015,2466.0,0.0,1.304942,0.126431,IRL,GHA,902190
10557678,162,83,9750,2015,37792.0,0.0,1.230104,1.27344,NLD,GHA,902190
10557679,177,83,9750,2015,10064.0,0.0,1.145844,1.1449280000000002,POL,GHA,902190
10557680,179,83,9750,2015,11033.0,0.0,0.561922,2.2276380000000002,PRT,GHA,902190
10557681,231,83,9750,2015,33185.0,0.0,1.720478,-0.129322,USA,GHA,902190
10557682,246,83,9750,2015,28909.0,0.0,0.24944699999999997,1.7573159999999999,ZAF,GHA,902190
10557683,71,84,9750,2015,71442.0,0.0,0.8173590000000001,2.442556,ESP,GIB,902190
10557684,81,84,9750,2015,6170.0,2687.0,1.7422990000000003,0.75838,GBR,GIB,902190
10557685,162,84,9750,2015,4545.0,0.0,1.230104,1.27344,NLD,GIB,902190
10557686,18,85,9750,2015,172373.0,0.0,1.329866,1.100641,BEL,GIN,902190
10557687,102,85,9750,2015,1710.0,0.0,1.462839,0.803258,HUN,GIN,902190
10557688,104,85,9750,2015,1739.0,0.0,0.24230900000000002,2.8190880000000003,IND,GIN,902190
10557689,231,85,9750,2015,1545.0,0.0,1.720478,-0.129322,USA,GIN,902190
10557690,71,89,9750,2015,19665.0,0.0,0.8173590000000001,2.442556,ESP,GNQ,902190
10557691,77,89,9750,2015,6382.0,0.0,1.479792,0.6490239999999999,FRA,GNQ,902190
10557692,110,89,9750,2015,65000.0,0.0,1.260071,0.545545,ISR,GNQ,902190
10557693,61,96,9750,2015,8806.0,0.0,2.203818,-2.307561,DEU,GUY,902190
10557694,81,96,9750,2015,1265.0,0.0,1.7422990000000003,0.75838,GBR,GUY,902190
10557695,104,96,9750,2015,2197.0,0.0,0.24230900000000002,2.8190880000000003,IND,GUY,902190
10557696,162,96,9750,2015,55472.0,26087.0,1.230104,1.27344,NLD,GUY,902190
10557697,231,96,9750,2015,11180.0,0.0,1.720478,-0.129322,USA,GUY,902190
10557698,14,109,9750,2015,126.0,0.0,-0.292325,-0.043489,AUS,ISL,902190
10557699,15,109,9750,2015,4537.0,0.0,1.747098,-0.08026699999999999,AUT,ISL,902190
10557700,18,109,9750,2015,150167.0,0.0,1.329866,1.100641,BEL,ISL,902190
10557701,41,109,9750,2015,35449.0,0.0,2.306075,0.720781,CHE,ISL,902190
10557702,43,109,9750,2015,145461.0,0.0,1.077143,1.735757,CHN,ISL,902190
10557703,52,109,9750,2015,265820.0,0.0,0.24859699999999998,-0.033143,CRI,ISL,902190
10557704,61,109,9750,2015,691204.0,2405.0,2.203818,-2.307561,DEU,ISL,902190
10557705,64,109,9750,2015,657051.0,42317.0,1.157924,1.2045629999999998,DNK,ISL,902190
10557706,71,109,9750,2015,1031.0,0.0,0.8173590000000001,2.442556,ESP,ISL,902190
10557707,72,109,9750,2015,5248.0,0.0,0.9281149999999999,1.1780389999999998,EST,ISL,902190
10557708,77,109,9750,2015,7895.0,1016.0,1.479792,0.6490239999999999,FRA,ISL,902190
10557709,81,109,9750,2015,62062.0,0.0,1.7422990000000003,0.75838,GBR,ISL,902190
10557710,103,109,9750,2015,685.0,0.0,-0.145103,1.277362,IDN,ISL,902190
10557711,104,109,9750,2015,757.0,0.0,0.24230900000000002,2.8190880000000003,IND,ISL,902190
10557712,106,109,9750,2015,233355.0,0.0,1.304942,0.126431,IRL,ISL,902190
10557713,111,109,9750,2015,3383.0,0.0,1.321127,0.747046,ITA,ISL,902190
10557714,114,109,9750,2015,9442.0,0.0,2.516133,-0.484202,JPN,ISL,902190
10557715,121,109,9750,2015,0.0,190837.0,1.900653,0.859406,KOR,ISL,902190
10557716,138,109,9750,2015,87.0,0.0,1.169724,0.61457,MEX,ISL,902190
10557717,153,109,9750,2015,1618.0,0.0,1.082803,0.811615,MYS,ISL,902190
10557718,162,109,9750,2015,776959.0,15763.0,1.230104,1.27344,NLD,ISL,902190
10557719,163,109,9750,2015,249306.0,16876.0,0.950708,0.314339,NOR,ISL,902190
10557720,177,109,9750,2015,514230.0,0.0,1.145844,1.1449280000000002,POL,ISL,902190
10557721,192,109,9750,2015,0.0,1426.0,2.05613,0.593065,SGP,ISL,902190
10557722,207,109,9750,2015,4292.0,1957.0,1.6089879999999999,0.833616,SVN,ISL,902190
10557723,208,109,9750,2015,422099.0,73971.0,1.8068349999999997,0.693389,SWE,ISL,902190
10557724,231,109,9750,2015,4071.0,14882.0,1.720478,-0.129322,USA,ISL,902190
10557725,239,109,9750,2015,0.0,984.0,-0.17108900000000002,1.10995,VNM,ISL,902190
10557726,246,109,9750,2015,0.0,1028.0,0.24944699999999997,1.7573159999999999,ZAF,ISL,902190
10557727,249,109,9750,2015,12118.0,0.0,1.962832,1.214982,TWN,ISL,902190
10557728,43,118,9750,2015,21247.0,0.0,1.077143,1.735757,CHN,KHM,902190
10557729,61,118,9750,2015,8282.0,0.0,2.203818,-2.307561,DEU,KHM,902190
10557730,81,118,9750,2015,1856.0,0.0,1.7422990000000003,0.75838,GBR,KHM,902190
10557731,104,118,9750,2015,6047.0,0.0,0.24230900000000002,2.8190880000000003,IND,KHM,902190
10557732,114,118,9750,2015,19149.0,0.0,2.516133,-0.484202,JPN,KHM,902190
10557733,128,118,9750,2015,1267.0,0.0,-0.6773399999999999,0.386343,LKA,KHM,902190
10557734,174,118,9750,2015,0.0,1589.0,0.6406270000000001,0.45770200000000005,PHL,KHM,902190
10557735,192,118,9750,2015,3881.0,0.0,2.05613,0.593065,SGP,KHM,902190
10557736,216,118,9750,2015,0.0,9895.0,0.965888,1.368572,THA,KHM,902190
10557737,231,118,9750,2015,3173.0,0.0,1.720478,-0.129322,USA,KHM,902190
10557738,33,120,9750,2015,1956.0,0.0,0.453689,0.039237,BRB,KNA,902190
10557739,61,120,9750,2015,8550.0,0.0,2.203818,-2.307561,DEU,KNA,902190
10557740,231,120,9750,2015,2272.0,0.0,1.720478,-0.129322,USA,KNA,902190
10557741,104,125,9750,2015,2556.0,0.0,0.24230900000000002,2.8190880000000003,IND,LBR,902190
10557742,208,125,9750,2015,1901.0,0.0,1.8068349999999997,0.693389,SWE,LBR,902190
10557743,15,126,9750,2015,446813.0,0.0,1.747098,-0.08026699999999999,AUT,LBY,902190
10557744,43,126,9750,2015,20520.0,0.0,1.077143,1.735757,CHN,LBY,902190
10557745,61,126,9750,2015,442612.0,2772.0,2.203818,-2.307561,DEU,LBY,902190
10557746,64,126,9750,2015,848957.0,0.0,1.157924,1.2045629999999998,DNK,LBY,902190
10557747,71,126,9750,2015,27205.0,0.0,0.8173590000000001,2.442556,ESP,LBY,902190
10557748,77,126,9750,2015,3369.0,0.0,1.479792,0.6490239999999999,FRA,LBY,902190
10557749,81,126,9750,2015,5868.0,0.0,1.7422990000000003,0.75838,GBR,LBY,902190
10557750,111,126,9750,2015,2165.0,0.0,1.321127,0.747046,ITA,LBY,902190
10557751,142,126,9750,2015,308038.0,0.0,0.880893,-0.117585,MLT,LBY,902190
10557752,162,126,9750,2015,201245.0,0.0,1.230104,1.27344,NLD,LBY,902190
10557753,177,126,9750,2015,36893.0,0.0,1.145844,1.1449280000000002,POL,LBY,902190
10557754,179,126,9750,2015,10328.0,0.0,0.561922,2.2276380000000002,PRT,LBY,902190
10557755,208,126,9750,2015,54227.0,0.0,1.8068349999999997,0.693389,SWE,LBY,902190
10557756,224,126,9750,2015,28273.0,0.0,0.438669,2.519632,TUR,LBY,902190
10557757,231,126,9750,2015,17678.0,0.0,1.720478,-0.129322,USA,LBY,902190
10557758,249,126,9750,2015,3680.0,0.0,1.962832,1.214982,TWN,LBY,902190
10557759,43,133,9750,2015,11861.0,0.0,1.077143,1.735757,CHN,MAC,902190
10557760,97,133,9750,2015,1075284.0,38003.0,0.8255290000000001,1.8017279999999998,HKG,MAC,902190
10557761,111,133,9750,2015,2531.0,0.0,1.321127,0.747046,ITA,MAC,902190
10557762,231,133,9750,2015,4081.0,0.0,1.720478,-0.129322,USA,MAC,902190
10557763,249,133,9750,2015,5533.0,0.0,1.962832,1.214982,TWN,MAC,902190
10557764,14,134,9750,2015,3214.0,0.0,-0.292325,-0.043489,AUS,MAR,902190
10557765,15,134,9750,2015,354410.0,0.0,1.747098,-0.08026699999999999,AUT,MAR,902190
10557766,18,134,9750,2015,90423.0,0.0,1.329866,1.100641,BEL,MAR,902190
10557767,32,134,9750,2015,11364.0,0.0,0.23656799999999997,0.688607,BRA,MAR,902190
10557768,41,134,9750,2015,226782.0,1122.0,2.306075,0.720781,CHE,MAR,902190
10557769,43,134,9750,2015,93077.0,2685.0,1.077143,1.735757,CHN,MAR,902190
10557770,47,134,9750,2015,0.0,2873.0,-1.294823,-1.18811,COG,MAR,902190
10557771,52,134,9750,2015,59746.0,0.0,0.24859699999999998,-0.033143,CRI,MAR,902190
10557772,59,134,9750,2015,58858.0,0.0,1.743012,0.45424,CZE,MAR,902190
10557773,61,134,9750,2015,515032.0,10883.0,2.203818,-2.307561,DEU,MAR,902190
10557774,64,134,9750,2015,278069.0,1437.0,1.157924,1.2045629999999998,DNK,MAR,902190
10557775,68,134,9750,2015,3176.0,0.0,-0.183053,1.765036,EGY,MAR,902190
10557776,71,134,9750,2015,125879.0,0.0,0.8173590000000001,2.442556,ESP,MAR,902190
10557777,77,134,9750,2015,1855282.0,316658.0,1.479792,0.6490239999999999,FRA,MAR,902190
10557778,81,134,9750,2015,246480.0,0.0,1.7422990000000003,0.75838,GBR,MAR,902190
10557779,102,134,9750,2015,1678.0,0.0,1.462839,0.803258,HUN,MAR,902190
10557780,104,134,9750,2015,70199.0,0.0,0.24230900000000002,2.8190880000000003,IND,MAR,902190
10557781,106,134,9750,2015,293768.0,0.0,1.304942,0.126431,IRL,MAR,902190
10557782,111,134,9750,2015,81771.0,0.0,1.321127,0.747046,ITA,MAR,902190
10557783,121,134,9750,2015,12479.0,0.0,1.900653,0.859406,KOR,MAR,902190
10557784,132,134,9750,2015,7773.0,0.0,0.602209,1.125357,LVA,MAR,902190
10557785,138,134,9750,2015,50921.0,0.0,1.169724,0.61457,MEX,MAR,902190
10557786,153,134,9750,2015,88944.0,0.0,1.082803,0.811615,MYS,MAR,902190
10557787,162,134,9750,2015,2285630.0,0.0,1.230104,1.27344,NLD,MAR,902190
10557788,177,134,9750,2015,19149.0,0.0,1.145844,1.1449280000000002,POL,MAR,902190
10557789,185,134,9750,2015,56913.0,0.0,0.946363,1.056775,ROU,MAR,902190
10557790,191,134,9750,2015,0.0,4466.0,-0.708349,-0.296663,SEN,MAR,902190
10557791,192,134,9750,2015,20208.0,0.0,2.05613,0.593065,SGP,MAR,902190
10557792,208,134,9750,2015,22459.0,0.0,1.8068349999999997,0.693389,SWE,MAR,902190
10557793,224,134,9750,2015,89727.0,0.0,0.438669,2.519632,TUR,MAR,902190
10557794,231,134,9750,2015,97499.0,0.0,1.720478,-0.129322,USA,MAR,902190
10557795,249,134,9750,2015,18607.0,0.0,1.962832,1.214982,TWN,MAR,902190
10557796,32,136,9750,2015,22610.0,0.0,0.23656799999999997,0.688607,BRA,MDG,902190
10557797,77,136,9750,2015,6860.0,0.0,1.479792,0.6490239999999999,FRA,MDG,902190
10557798,81,136,9750,2015,909.0,0.0,1.7422990000000003,0.75838,GBR,MDG,902190
10557799,104,136,9750,2015,1557.0,0.0,0.24230900000000002,2.8190880000000003,IND,MDG,902190
10557800,162,136,9750,2015,26962.0,0.0,1.230104,1.27344,NLD,MDG,902190
10557801,231,136,9750,2015,15770.0,0.0,1.720478,-0.129322,USA,MDG,902190
10557802,246,136,9750,2015,1096.0,0.0,0.24944699999999997,1.7573159999999999,ZAF,MDG,902190
10557803,14,141,9750,2015,0.0,72017.0,-0.292325,-0.043489,AUS,MLI,902190
10557804,18,141,9750,2015,1306.0,0.0,1.329866,1.100641,BEL,MLI,902190
10557805,66,141,9750,2015,4740.0,0.0,-1.54346,-1.255633,DZA,MLI,902190
10557806,104,141,9750,2015,1779.0,0.0,0.24230900000000002,2.8190880000000003,IND,MLI,902190
10557807,246,141,9750,2015,1757.0,0.0,0.24944699999999997,1.7573159999999999,ZAF,MLI,902190
10557808,18,144,9750,2015,51040.0,0.0,1.329866,1.100641,BEL,MNE,902190
10557809,26,144,9750,2015,13671.0,0.0,0.355903,0.723092,BIH,MNE,902190
10557810,39,144,9750,2015,23667.0,0.0,0.695867,1.171676,CAN,MNE,902190
10557811,41,144,9750,2015,19601.0,0.0,2.306075,0.720781,CHE,MNE,902190
10557812,43,144,9750,2015,894.0,0.0,1.077143,1.735757,CHN,MNE,902190
10557813,61,144,9750,2015,248049.0,4206.0,2.203818,-2.307561,DEU,MNE,902190
10557814,64,144,9750,2015,10991.0,0.0,1.157924,1.2045629999999998,DNK,MNE,902190
10557815,77,144,9750,2015,26676.0,0.0,1.479792,0.6490239999999999,FRA,MNE,902190
10557816,100,144,9750,2015,62927.0,2869.0,0.7590140000000001,1.257415,HRV,MNE,902190
10557817,106,144,9750,2015,5890.0,0.0,1.304942,0.126431,IRL,MNE,902190
10557818,111,144,9750,2015,11747.0,0.0,1.321127,0.747046,ITA,MNE,902190
10557819,138,144,9750,2015,4951.0,0.0,1.169724,0.61457,MEX,MNE,902190
10557820,162,144,9750,2015,56078.0,0.0,1.230104,1.27344,NLD,MNE,902190
10557821,177,144,9750,2015,297834.0,0.0,1.145844,1.1449280000000002,POL,MNE,902190
10557822,201,144,9750,2015,183193.0,0.0,0.457042,1.324908,SRB,MNE,902190
10557823,207,144,9750,2015,4259.0,0.0,1.6089879999999999,0.833616,SVN,MNE,902190
10557824,231,144,9750,2015,11030.0,0.0,1.720478,-0.129322,USA,MNE,902190
10557825,41,147,9750,2015,97862.0,0.0,2.306075,0.720781,CHE,MOZ,902190
10557826,162,147,9750,2015,32925.0,0.0,1.230104,1.27344,NLD,MOZ,902190
10557827,179,147,9750,2015,11722.0,0.0,0.561922,2.2276380000000002,PRT,MOZ,902190
10557828,246,147,9750,2015,61765.0,0.0,0.24944699999999997,1.7573159999999999,ZAF,MOZ,902190
10557829,61,148,9750,2015,6338.0,0.0,2.203818,-2.307561,DEU,MRT,902190
10557830,223,148,9750,2015,4598.0,0.0,0.140202,0.967591,TUN,MRT,902190
10557831,18,151,9750,2015,4037.0,56381.0,1.329866,1.100641,BEL,MUS,902190
10557832,41,151,9750,2015,2503.0,0.0,2.306075,0.720781,CHE,MUS,902190
10557833,43,151,9750,2015,10899.0,0.0,1.077143,1.735757,CHN,MUS,902190
10557834,61,151,9750,2015,20532.0,0.0,2.203818,-2.307561,DEU,MUS,902190
10557835,64,151,9750,2015,1692.0,0.0,1.157924,1.2045629999999998,DNK,MUS,902190
10557836,77,151,9750,2015,50016.0,0.0,1.479792,0.6490239999999999,FRA,MUS,902190
10557837,81,151,9750,2015,7451.0,2663.0,1.7422990000000003,0.75838,GBR,MUS,902190
10557838,104,151,9750,2015,49999.0,0.0,0.24230900000000002,2.8190880000000003,IND,MUS,902190
10557839,106,151,9750,2015,32515.0,0.0,1.304942,0.126431,IRL,MUS,902190
10557840,111,151,9750,2015,1379.0,0.0,1.321127,0.747046,ITA,MUS,902190
10557841,121,151,9750,2015,818.0,0.0,1.900653,0.859406,KOR,MUS,902190
10557842,138,151,9750,2015,3126.0,0.0,1.169724,0.61457,MEX,MUS,902190
10557843,162,151,9750,2015,79430.0,0.0,1.230104,1.27344,NLD,MUS,902190
10557844,177,151,9750,2015,6068.0,0.0,1.145844,1.1449280000000002,POL,MUS,902190
10557845,211,151,9750,2015,0.0,2168.0,1.017467,-0.285569,SYC,MUS,902190
10557846,231,151,9750,2015,11171.0,467986.0,1.720478,-0.129322,USA,MUS,902190
10557847,246,151,9750,2015,74293.0,0.0,0.24944699999999997,1.7573159999999999,ZAF,MUS,902190
10557848,249,151,9750,2015,1367.0,0.0,1.962832,1.214982,TWN,MUS,902190
10557849,15,155,9750,2015,8304.0,0.0,1.747098,-0.08026699999999999,AUT,NAM,902190
10557850,43,155,9750,2015,980.0,0.0,1.077143,1.735757,CHN,NAM,902190
10557851,61,155,9750,2015,3926.0,0.0,2.203818,-2.307561,DEU,NAM,902190
10557852,64,155,9750,2015,11746.0,0.0,1.157924,1.2045629999999998,DNK,NAM,902190
10557853,71,155,9750,2015,919.0,0.0,0.8173590000000001,2.442556,ESP,NAM,902190
10557854,104,155,9750,2015,2125.0,0.0,0.24230900000000002,2.8190880000000003,IND,NAM,902190
10557855,110,155,9750,2015,2778.0,0.0,1.260071,0.545545,ISR,NAM,902190
10557856,121,155,9750,2015,3018.0,0.0,1.900653,0.859406,KOR,NAM,902190
10557857,192,155,9750,2015,3975.0,0.0,2.05613,0.593065,SGP,NAM,902190
10557858,231,155,9750,2015,1233.0,0.0,1.720478,-0.129322,USA,NAM,902190
10557859,246,155,9750,2015,2018713.0,326109.0,0.24944699999999997,1.7573159999999999,ZAF,NAM,902190
10557860,248,155,9750,2015,0.0,1514.0,-0.838017,-0.9400270000000001,ZWE,NAM,902190
10557861,250,155,9750,2015,10529.0,0.0,0.377283,-0.092204,ANS,NAM,902190
10557862,14,156,9750,2015,4207.0,2663.0,-0.292325,-0.043489,AUS,NCL,902190
10557863,18,156,9750,2015,4060.0,0.0,1.329866,1.100641,BEL,NCL,902190
10557864,41,156,9750,2015,3525.0,0.0,2.306075,0.720781,CHE,NCL,902190
10557865,43,156,9750,2015,8291.0,0.0,1.077143,1.735757,CHN,NCL,902190
10557866,61,156,9750,2015,4669.0,0.0,2.203818,-2.307561,DEU,NCL,902190
10557867,64,156,9750,2015,71614.0,0.0,1.157924,1.2045629999999998,DNK,NCL,902190
10557868,77,156,9750,2015,1103631.0,13473.0,1.479792,0.6490239999999999,FRA,NCL,902190
10557869,81,156,9750,2015,45188.0,0.0,1.7422990000000003,0.75838,GBR,NCL,902190
10557870,106,156,9750,2015,52734.0,0.0,1.304942,0.126431,IRL,NCL,902190
10557871,111,156,9750,2015,31926.0,0.0,1.321127,0.747046,ITA,NCL,902190
10557872,138,156,9750,2015,82510.0,0.0,1.169724,0.61457,MEX,NCL,902190
10557873,153,156,9750,2015,8786.0,0.0,1.082803,0.811615,MYS,NCL,902190
10557874,166,156,9750,2015,78152.0,19370.0,0.224598,0.253179,NZL,NCL,902190
10557875,192,156,9750,2015,5794.0,0.0,2.05613,0.593065,SGP,NCL,902190
10557876,231,156,9750,2015,105162.0,0.0,1.720478,-0.129322,USA,NCL,902190
10557877,249,156,9750,2015,979.0,0.0,1.962832,1.214982,TWN,NCL,902190
10557878,14,176,9750,2015,8863.0,0.0,-0.292325,-0.043489,AUS,PNG,902190
10557879,15,176,9750,2015,28111.0,0.0,1.747098,-0.08026699999999999,AUT,PNG,902190
10557880,104,176,9750,2015,90245.0,0.0,0.24230900000000002,2.8190880000000003,IND,PNG,902190
10557881,166,176,9750,2015,3182.0,0.0,0.224598,0.253179,NZL,PNG,902190
10557882,177,176,9750,2015,11835.0,0.0,1.145844,1.1449280000000002,POL,PNG,902190
10557883,239,176,9750,2015,38139.0,0.0,-0.17108900000000002,1.10995,VNM,PNG,902190
10557884,49,178,9750,2015,0.0,10197.0,0.156383,-0.183055,COL,PRK,902190
10557885,61,178,9750,2015,8477.0,0.0,2.203818,-2.307561,DEU,PRK,902190
10557886,77,178,9750,2015,8825.0,0.0,1.479792,0.6490239999999999,FRA,PRK,902190
10557887,93,178,9750,2015,0.0,1444.0,-0.284403,0.525564,GTM,PRK,902190
10557888,174,178,9750,2015,13643.0,0.0,0.6406270000000001,0.45770200000000005,PHL,PRK,902190
10557889,22,209,9750,2015,0.0,16863.0,-1.088465,-0.8745360000000001,BGD,SWZ,902190
10557890,73,209,9750,2015,0.0,3590.0,-1.004896,-0.721019,ETH,SWZ,902190
10557891,104,209,9750,2015,0.0,3485.0,0.24230900000000002,2.8190880000000003,IND,SWZ,902190
10557892,163,209,9750,2015,0.0,1098.0,0.950708,0.314339,NOR,SWZ,902190
10557893,168,209,9750,2015,0.0,29454.0,-0.7059979999999999,0.73501,PAK,SWZ,902190
10557894,227,209,9750,2015,0.0,963.0,-0.611023,0.078961,UGA,SWZ,902190
10557895,246,209,9750,2015,79388.0,0.0,0.24944699999999997,1.7573159999999999,ZAF,SWZ,902190
10557896,15,211,9750,2015,0.0,7867.0,1.747098,-0.08026699999999999,AUT,SYC,902190
10557897,18,211,9750,2015,1291.0,0.0,1.329866,1.100641,BEL,SYC,902190
10557898,43,211,9750,2015,13791.0,0.0,1.077143,1.735757,CHN,SYC,902190
10557899,77,211,9750,2015,985.0,0.0,1.479792,0.6490239999999999,FRA,SYC,902190
10557900,81,211,9750,2015,31127.0,0.0,1.7422990000000003,0.75838,GBR,SYC,902190
10557901,151,211,9750,2015,2168.0,0.0,-0.231762,-0.195051,MUS,SYC,902190
10557902,231,211,9750,2015,1983.0,0.0,1.720478,-0.129322,USA,SYC,902190
10557903,41,212,9750,2015,2563.0,0.0,2.306075,0.720781,CHE,SYR,902190
10557904,43,212,9750,2015,84537.0,0.0,1.077143,1.735757,CHN,SYR,902190
10557905,61,212,9750,2015,109375.0,0.0,2.203818,-2.307561,DEU,SYR,902190
10557906,64,212,9750,2015,63364.0,0.0,1.157924,1.2045629999999998,DNK,SYR,902190
10557907,68,212,9750,2015,4214.0,0.0,-0.183053,1.765036,EGY,SYR,902190
10557908,77,212,9750,2015,43518.0,0.0,1.479792,0.6490239999999999,FRA,SYR,902190
10557909,81,212,9750,2015,55178.0,0.0,1.7422990000000003,0.75838,GBR,SYR,902190
10557910,111,212,9750,2015,7360.0,0.0,1.321127,0.747046,ITA,SYR,902190
10557911,121,212,9750,2015,96654.0,0.0,1.900653,0.859406,KOR,SYR,902190
10557912,162,212,9750,2015,1613233.0,0.0,1.230104,1.27344,NLD,SYR,902190
10557913,224,212,9750,2015,57943.0,0.0,0.438669,2.519632,TUR,SYR,902190
10557914,231,212,9750,2015,9102.0,0.0,1.720478,-0.129322,USA,SYR,902190
10557915,18,215,9750,2015,4868.0,0.0,1.329866,1.100641,BEL,TGO,902190
10557916,41,215,9750,2015,2317.0,0.0,2.306075,0.720781,CHE,TGO,902190
10557917,46,215,9750,2015,0.0,34240.0,-1.3921290000000002,-1.146549,COD,TGO,902190
10557918,61,215,9750,2015,2475.0,0.0,2.203818,-2.307561,DEU,TGO,902190
10557919,77,215,9750,2015,6968.0,0.0,1.479792,0.6490239999999999,FRA,TGO,902190
10557920,249,215,9750,2015,8765.0,0.0,1.962832,1.214982,TWN,TGO,902190
10557921,15,223,9750,2015,46543.0,0.0,1.747098,-0.08026699999999999,AUT,TUN,902190
10557922,18,223,9750,2015,340890.0,0.0,1.329866,1.100641,BEL,TUN,902190
10557923,32,223,9750,2015,10056.0,0.0,0.23656799999999997,0.688607,BRA,TUN,902190
10557924,39,223,9750,2015,0.0,1276.0,0.695867,1.171676,CAN,TUN,902190
10557925,41,223,9750,2015,24888.0,8485.0,2.306075,0.720781,CHE,TUN,902190
10557926,43,223,9750,2015,146389.0,1820958.0,1.077143,1.735757,CHN,TUN,902190
10557927,44,223,9750,2015,0.0,26505.0,-0.856142,-0.905292,CIV,TUN,902190
10557928,61,223,9750,2015,504022.0,9234.0,2.203818,-2.307561,DEU,TUN,902190
10557929,64,223,9750,2015,6376.0,0.0,1.157924,1.2045629999999998,DNK,TUN,902190
10557930,68,223,9750,2015,16320.0,0.0,-0.183053,1.765036,EGY,TUN,902190
10557931,71,223,9750,2015,81133.0,0.0,0.8173590000000001,2.442556,ESP,TUN,902190
10557932,74,223,9750,2015,5771.0,0.0,1.597817,0.998059,FIN,TUN,902190
10557933,77,223,9750,2015,4712932.0,205074.0,1.479792,0.6490239999999999,FRA,TUN,902190
10557934,81,223,9750,2015,283769.0,0.0,1.7422990000000003,0.75838,GBR,TUN,902190
10557935,106,223,9750,2015,722115.0,0.0,1.304942,0.126431,IRL,TUN,902190
10557936,111,223,9750,2015,135081.0,0.0,1.321127,0.747046,ITA,TUN,902190
10557937,113,223,9750,2015,5480.0,0.0,0.121172,0.457301,JOR,TUN,902190
10557938,121,223,9750,2015,65360.0,0.0,1.900653,0.859406,KOR,TUN,902190
10557939,124,223,9750,2015,0.0,1018.0,0.317355,1.330374,LBN,TUN,902190
10557940,132,223,9750,2015,2435.0,0.0,0.602209,1.125357,LVA,TUN,902190
10557941,138,223,9750,2015,6594.0,0.0,1.169724,0.61457,MEX,TUN,902190
10557942,148,223,9750,2015,0.0,4598.0,-1.5597450000000002,-1.3209229999999998,MRT,TUN,902190
10557943,162,223,9750,2015,4135761.0,0.0,1.230104,1.27344,NLD,TUN,902190
10557944,192,223,9750,2015,9168.0,0.0,2.05613,0.593065,SGP,TUN,902190
10557945,224,223,9750,2015,51858.0,0.0,0.438669,2.519632,TUR,TUN,902190
10557946,231,223,9750,2015,331901.0,4178.0,1.720478,-0.129322,USA,TUN,902190
10557947,239,223,9750,2015,3939.0,0.0,-0.17108900000000002,1.10995,VNM,TUN,902190
10557948,249,223,9750,2015,2553.0,0.0,1.962832,1.214982,TWN,TUN,902190
10557949,39,227,9750,2015,0.0,30661.0,0.695867,1.171676,CAN,UGA,902190
10557950,41,227,9750,2015,12888.0,0.0,2.306075,0.720781,CHE,UGA,902190
10557951,43,227,9750,2015,11169.0,0.0,1.077143,1.735757,CHN,UGA,902190
10557952,61,227,9750,2015,3019.0,0.0,2.203818,-2.307561,DEU,UGA,902190
10557953,64,227,9750,2015,5127.0,0.0,1.157924,1.2045629999999998,DNK,UGA,902190
10557954,68,227,9750,2015,1100.0,0.0,-0.183053,1.765036,EGY,UGA,902190
10557955,104,227,9750,2015,9932.0,0.0,0.24230900000000002,2.8190880000000003,IND,UGA,902190
10557956,162,227,9750,2015,186251.0,0.0,1.230104,1.27344,NLD,UGA,902190
10557957,177,227,9750,2015,10907.0,0.0,1.145844,1.1449280000000002,POL,UGA,902190
10557958,209,227,9750,2015,963.0,0.0,0.257467,-0.402491,SWZ,UGA,902190
10557959,246,227,9750,2015,9065.0,0.0,0.24944699999999997,1.7573159999999999,ZAF,UGA,902190
10557960,100,237,9750,2015,0.0,8493.0,0.7590140000000001,1.257415,HRV,VGB,902190
10557961,231,237,9750,2015,48993.0,0.0,1.720478,-0.129322,USA,VGB,902190
10557962,15,247,9750,2015,1911.0,0.0,1.747098,-0.08026699999999999,AUT,ZMB,902190
10557963,43,247,9750,2015,28479.0,0.0,1.077143,1.735757,CHN,ZMB,902190
10557964,68,247,9750,2015,7784.0,0.0,-0.183053,1.765036,EGY,ZMB,902190
10557965,104,247,9750,2015,5205.0,0.0,0.24230900000000002,2.8190880000000003,IND,ZMB,902190
10557966,122,247,9750,2015,0.0,3903.0,-0.352023,-1.153057,KWT,ZMB,902190
10557967,224,247,9750,2015,1355.0,0.0,0.438669,2.519632,TUR,ZMB,902190
10557968,231,247,9750,2015,1456.0,0.0,1.720478,-0.129322,USA,ZMB,902190
10557969,246,247,9750,2015,42566.0,0.0,0.24944699999999997,1.7573159999999999,ZAF,ZMB,902190
10557970,43,248,9750,2015,2794.0,0.0,1.077143,1.735757,CHN,ZWE,902190
10557971,61,248,9750,2015,8052.0,0.0,2.203818,-2.307561,DEU,ZWE,902190
10557972,64,248,9750,2015,9899.0,0.0,1.157924,1.2045629999999998,DNK,ZWE,902190
10557973,81,248,9750,2015,1909.0,0.0,1.7422990000000003,0.75838,GBR,ZWE,902190
10557974,104,248,9750,2015,22079.0,0.0,0.24230900000000002,2.8190880000000003,IND,ZWE,902190
10557975,121,248,9750,2015,6905.0,0.0,1.900653,0.859406,KOR,ZWE,902190
10557976,152,248,9750,2015,0.0,2879.0,-0.549862,-0.8753190000000001,MWI,ZWE,902190
10557977,155,248,9750,2015,1514.0,0.0,-0.43457399999999996,-0.665655,NAM,ZWE,902190
10557978,177,248,9750,2015,759.0,0.0,1.145844,1.1449280000000002,POL,ZWE,902190
10557979,231,248,9750,2015,716.0,0.0,1.720478,-0.129322,USA,ZWE,902190
10557980,246,248,9750,2015,130085.0,652.0,0.24944699999999997,1.7573159999999999,ZAF,ZWE,902190
10557981,250,248,9750,2015,0.0,4146.0,0.377283,-0.092204,ANS,ZWE,902190
10557982,14,34,9750,2015,3532.0,0.0,-0.292325,-0.043489,AUS,BRN,902190
10557983,43,34,9750,2015,1727.0,0.0,1.077143,1.735757,CHN,BRN,902190
10557984,106,34,9750,2015,166788.0,0.0,1.304942,0.126431,IRL,BRN,902190
10557985,138,34,9750,2015,997.0,0.0,1.169724,0.61457,MEX,BRN,902190
10557986,153,34,9750,2015,1282.0,0.0,1.082803,0.811615,MYS,BRN,902190
10557987,192,34,9750,2015,33680.0,9032.0,2.05613,0.593065,SGP,BRN,902190
10557988,231,34,9750,2015,2706.0,0.0,1.720478,-0.129322,USA,BRN,902190
10557989,33,127,9750,2015,1391.0,0.0,0.453689,0.039237,BRB,LCA,902190
10557990,39,127,9750,2015,1861.0,0.0,0.695867,1.171676,CAN,LCA,902190
10557991,64,127,9750,2015,2217.0,0.0,1.157924,1.2045629999999998,DNK,LCA,902190
10557992,231,127,9750,2015,16522.0,0.0,1.720478,-0.129322,USA,LCA,902190
10557993,197,29,9750,2015,997.0,0.0,0.05531900000000001,0.169073,SLV,BLZ,902190
10557994,231,29,9750,2015,33526.0,0.0,1.720478,-0.129322,USA,BLZ,902190
10557995,104,57,9750,2015,14357.0,0.0,0.24230900000000002,2.8190880000000003,IND,CYM,902190
10557996,162,57,9750,2015,10793.0,0.0,1.230104,1.27344,NLD,CYM,902190
10557997,231,57,9750,2015,131741.0,0.0,1.720478,-0.129322,USA,CYM,902190
10557998,15,135,9750,2015,57613.0,0.0,1.747098,-0.08026699999999999,AUT,MDA,902190
10557999,18,135,9750,2015,7053.0,0.0,1.329866,1.100641,BEL,MDA,902190
10558000,41,135,9750,2015,6958.0,0.0,2.306075,0.720781,CHE,MDA,902190
10558001,43,135,9750,2015,10637.0,0.0,1.077143,1.735757,CHN,MDA,902190
10558002,59,135,9750,2015,1322.0,0.0,1.743012,0.45424,CZE,MDA,902190
10558003,61,135,9750,2015,79026.0,0.0,2.203818,-2.307561,DEU,MDA,902190
10558004,71,135,9750,2015,1161.0,0.0,0.8173590000000001,2.442556,ESP,MDA,902190
10558005,77,135,9750,2015,4969.0,0.0,1.479792,0.6490239999999999,FRA,MDA,902190
10558006,81,135,9750,2015,3168.0,0.0,1.7422990000000003,0.75838,GBR,MDA,902190
10558007,106,135,9750,2015,6294.0,762.0,1.304942,0.126431,IRL,MDA,902190
10558008,110,135,9750,2015,61394.0,0.0,1.260071,0.545545,ISR,MDA,902190
10558009,132,135,9750,2015,93266.0,0.0,0.602209,1.125357,LVA,MDA,902190
10558010,177,135,9750,2015,28198.0,0.0,1.145844,1.1449280000000002,POL,MDA,902190
10558011,185,135,9750,2015,36157.0,0.0,0.946363,1.056775,ROU,MDA,902190
10558012,186,135,9750,2015,1332.0,0.0,0.23119,0.035965,RUS,MDA,902190
10558013,231,135,9750,2015,23217.0,0.0,1.720478,-0.129322,USA,MDA,902190
10558014,18,198,9750,2015,94605.0,0.0,1.329866,1.100641,BEL,SMR,902190
10558015,61,198,9750,2015,18011.0,0.0,2.203818,-2.307561,DEU,SMR,902190
10558016,162,198,9750,2015,21267.0,0.0,1.230104,1.27344,NLD,SMR,902190
10558017,231,198,9750,2015,5723.0,0.0,1.720478,-0.129322,USA,SMR,902190
10558018,15,0,9750,2015,117525.0,0.0,1.747098,-0.08026699999999999,AUT,ABW,902190
10558019,41,0,9750,2015,1603.0,12789.0,2.306075,0.720781,CHE,ABW,902190
10558020,61,0,9750,2015,8213.0,0.0,2.203818,-2.307561,DEU,ABW,902190
10558021,77,0,9750,2015,9716.0,0.0,1.479792,0.6490239999999999,FRA,ABW,902190
10558022,81,0,9750,2015,3018.0,0.0,1.7422990000000003,0.75838,GBR,ABW,902190
10558023,162,0,9750,2015,77227.0,86841.0,1.230104,1.27344,NLD,ABW,902190
10558024,208,0,9750,2015,17114.0,0.0,1.8068349999999997,0.693389,SWE,ABW,902190
10558025,231,0,9750,2015,162474.0,2970.0,1.720478,-0.129322,USA,ABW,902190
10558026,250,0,9750,2015,486086.0,13548.0,0.377283,-0.092204,ANS,ABW,902190
10558027,41,5,9750,2015,1708.0,0.0,2.306075,0.720781,CHE,AND,902190
10558028,43,5,9750,2015,38.0,0.0,1.077143,1.735757,CHN,AND,902190
10558029,61,5,9750,2015,4264.0,0.0,2.203818,-2.307561,DEU,AND,902190
10558030,71,5,9750,2015,57704.0,0.0,0.8173590000000001,2.442556,ESP,AND,902190
10558031,77,5,9750,2015,17402.0,0.0,1.479792,0.6490239999999999,FRA,AND,902190
10558032,106,5,9750,2015,532.0,0.0,1.304942,0.126431,IRL,AND,902190
10558033,68,17,9750,2015,9604.0,0.0,-0.183053,1.765036,EGY,BDI,902190
10558034,8,31,9750,2015,25843.0,65934.0,0.116896,0.30330999999999997,ARG,BOL,902190
10558035,15,31,9750,2015,15769.0,0.0,1.747098,-0.08026699999999999,AUT,BOL,902190
10558036,18,31,9750,2015,10821.0,0.0,1.329866,1.100641,BEL,BOL,902190
10558037,32,31,9750,2015,44550.0,0.0,0.23656799999999997,0.688607,BRA,BOL,902190
10558038,41,31,9750,2015,796.0,3971.0,2.306075,0.720781,CHE,BOL,902190
10558039,43,31,9750,2015,30182.0,0.0,1.077143,1.735757,CHN,BOL,902190
10558040,49,31,9750,2015,8006.0,0.0,0.156383,-0.183055,COL,BOL,902190
10558041,52,31,9750,2015,24746.0,0.0,0.24859699999999998,-0.033143,CRI,BOL,902190
10558042,54,31,9750,2015,218591.0,0.0,-0.694839,-1.093439,CUB,BOL,902190
10558043,61,31,9750,2015,126866.0,770736.0,2.203818,-2.307561,DEU,BOL,902190
10558044,64,31,9750,2015,65042.0,0.0,1.157924,1.2045629999999998,DNK,BOL,902190
10558045,71,31,9750,2015,10783.0,0.0,0.8173590000000001,2.442556,ESP,BOL,902190
10558046,77,31,9750,2015,9584.0,0.0,1.479792,0.6490239999999999,FRA,BOL,902190
10558047,104,31,9750,2015,1269.0,0.0,0.24230900000000002,2.8190880000000003,IND,BOL,902190
10558048,106,31,9750,2015,13554.0,0.0,1.304942,0.126431,IRL,BOL,902190
10558049,110,31,9750,2015,44487.0,0.0,1.260071,0.545545,ISR,BOL,902190
10558050,121,31,9750,2015,38381.0,0.0,1.900653,0.859406,KOR,BOL,902190
10558051,138,31,9750,2015,21311.0,0.0,1.169724,0.61457,MEX,BOL,902190
10558052,162,31,9750,2015,74026.0,0.0,1.230104,1.27344,NLD,BOL,902190
10558053,173,31,9750,2015,12885.0,0.0,-0.6007819999999999,0.32152800000000004,PER,BOL,902190
10558054,177,31,9750,2015,31423.0,0.0,1.145844,1.1449280000000002,POL,BOL,902190
10558055,185,31,9750,2015,422.0,0.0,0.946363,1.056775,ROU,BOL,902190
10558056,192,31,9750,2015,335.0,15081.0,2.05613,0.593065,SGP,BOL,902190
10558057,201,31,9750,2015,0.0,2054.0,0.457042,1.324908,SRB,BOL,902190
10558058,231,31,9750,2015,122942.0,0.0,1.720478,-0.129322,USA,BOL,902190
10558059,239,31,9750,2015,2145.0,0.0,-0.17108900000000002,1.10995,VNM,BOL,902190
10558060,41,38,9750,2015,1383.0,0.0,2.306075,0.720781,CHE,CAF,902190
10558061,77,38,9750,2015,15246.0,0.0,1.479792,0.6490239999999999,FRA,CAF,902190
10558062,71,51,9750,2015,855.0,0.0,0.8173590000000001,2.442556,ESP,CPV,902190
10558063,111,51,9750,2015,904.0,0.0,1.321127,0.747046,ITA,CPV,902190
10558064,231,51,9750,2015,1195.0,0.0,1.720478,-0.129322,USA,CPV,902190
10558065,33,63,9750,2015,3583.0,0.0,0.453689,0.039237,BRB,DMA,902190
10558066,64,63,9750,2015,12748.0,0.0,1.157924,1.2045629999999998,DNK,DMA,902190
10558067,231,63,9750,2015,5794.0,0.0,1.720478,-0.129322,USA,DMA,902190
10558068,14,75,9750,2015,18802.0,0.0,-0.292325,-0.043489,AUS,FJI,902190
10558069,43,75,9750,2015,1973.0,0.0,1.077143,1.735757,CHN,FJI,902190
10558070,61,75,9750,2015,8879.0,0.0,2.203818,-2.307561,DEU,FJI,902190
10558071,71,75,9750,2015,18803.0,0.0,0.8173590000000001,2.442556,ESP,FJI,902190
10558072,81,75,9750,2015,753.0,0.0,1.7422990000000003,0.75838,GBR,FJI,902190
10558073,166,75,9750,2015,63708.0,0.0,0.224598,0.253179,NZL,FJI,902190
10558074,231,75,9750,2015,1254.0,0.0,1.720478,-0.129322,USA,FJI,902190
10558075,249,75,9750,2015,5710.0,0.0,1.962832,1.214982,TWN,FJI,902190
10558076,18,78,9750,2015,15826.0,0.0,1.329866,1.100641,BEL,FRO,902190
10558077,61,78,9750,2015,7498.0,0.0,2.203818,-2.307561,DEU,FRO,902190
10558078,64,78,9750,2015,357887.0,0.0,1.157924,1.2045629999999998,DNK,FRO,902190
10558079,162,78,9750,2015,2857.0,0.0,1.230104,1.27344,NLD,FRO,902190
10558080,177,78,9750,2015,16254.0,0.0,1.145844,1.1449280000000002,POL,FRO,902190
10558081,208,78,9750,2015,10952.0,0.0,1.8068349999999997,0.693389,SWE,FRO,902190
10558082,231,101,9750,2015,20578.0,0.0,1.720478,-0.129322,USA,HTI,902190
10558083,14,119,9750,2015,30576.0,0.0,-0.292325,-0.043489,AUS,KIR,902190
10558084,114,119,9750,2015,1781.0,0.0,2.516133,-0.484202,JPN,KIR,902190
10558085,43,123,9750,2015,16601.0,0.0,1.077143,1.735757,CHN,LAO,902190
10558086,104,123,9750,2015,19747.0,0.0,0.24230900000000002,2.8190880000000003,IND,LAO,902190
10558087,246,129,9750,2015,10367.0,0.0,0.24944699999999997,1.7573159999999999,ZAF,LSO,902190
10558088,43,137,9750,2015,1869.0,0.0,1.077143,1.735757,CHN,MDV,902190
10558089,77,137,9750,2015,3231.0,0.0,1.479792,0.6490239999999999,FRA,MDV,902190
10558090,104,137,9750,2015,50825.0,0.0,0.24230900000000002,2.8190880000000003,IND,MDV,902190
10558091,111,137,9750,2015,18011.0,0.0,1.321127,0.747046,ITA,MDV,902190
10558092,128,137,9750,2015,2920.0,0.0,-0.6773399999999999,0.386343,LKA,MDV,902190
10558093,153,137,9750,2015,1034.0,0.0,1.082803,0.811615,MYS,MDV,902190
10558094,14,145,9750,2015,8229.0,0.0,-0.292325,-0.043489,AUS,MNG,902190
10558095,18,145,9750,2015,13466.0,0.0,1.329866,1.100641,BEL,MNG,902190
10558096,41,145,9750,2015,18749.0,0.0,2.306075,0.720781,CHE,MNG,902190
10558097,43,145,9750,2015,33376.0,4569.0,1.077143,1.735757,CHN,MNG,902190
10558098,61,145,9750,2015,66154.0,0.0,2.203818,-2.307561,DEU,MNG,902190
10558099,64,145,9750,2015,34729.0,0.0,1.157924,1.2045629999999998,DNK,MNG,902190
10558100,72,145,9750,2015,10857.0,0.0,0.9281149999999999,1.1780389999999998,EST,MNG,902190
10558101,77,145,9750,2015,9841.0,0.0,1.479792,0.6490239999999999,FRA,MNG,902190
10558102,104,145,9750,2015,1545.0,0.0,0.24230900000000002,2.8190880000000003,IND,MNG,902190
10558103,106,145,9750,2015,727.0,0.0,1.304942,0.126431,IRL,MNG,902190
10558104,121,145,9750,2015,327911.0,5259.0,1.900653,0.859406,KOR,MNG,902190
10558105,130,145,9750,2015,6177.0,0.0,0.749429,1.3659860000000001,LTU,MNG,902190
10558106,132,145,9750,2015,8104.0,0.0,0.602209,1.125357,LVA,MNG,902190
10558107,153,145,9750,2015,19040.0,0.0,1.082803,0.811615,MYS,MNG,902190
10558108,162,145,9750,2015,4061.0,0.0,1.230104,1.27344,NLD,MNG,902190
10558109,192,145,9750,2015,38826.0,0.0,2.05613,0.593065,SGP,MNG,902190
10558110,231,145,9750,2015,302133.0,0.0,1.720478,-0.129322,USA,MNG,902190
10558111,15,152,9750,2015,27365.0,0.0,1.747098,-0.08026699999999999,AUT,MWI,902190
10558112,64,152,9750,2015,17272.0,0.0,1.157924,1.2045629999999998,DNK,MWI,902190
10558113,246,152,9750,2015,11391.0,0.0,0.24944699999999997,1.7573159999999999,ZAF,MWI,902190
10558114,248,152,9750,2015,2879.0,0.0,-0.838017,-0.9400270000000001,ZWE,MWI,902190
10558115,39,157,9750,2015,1853.0,0.0,0.695867,1.171676,CAN,NER,902190
10558116,43,157,9750,2015,955.0,0.0,1.077143,1.735757,CHN,NER,902190
10558117,77,157,9750,2015,6842.0,0.0,1.479792,0.6490239999999999,FRA,NER,902190
10558118,231,157,9750,2015,829.0,0.0,1.720478,-0.129322,USA,NER,902190
10558119,39,187,9750,2015,28185.0,0.0,0.695867,1.171676,CAN,RWA,902190
10558120,41,187,9750,2015,1921.0,0.0,2.306075,0.720781,CHE,RWA,902190
10558121,111,187,9750,2015,14746.0,0.0,1.321127,0.747046,ITA,RWA,902190
10558122,162,187,9750,2015,67923.0,0.0,1.230104,1.27344,NLD,RWA,902190
10558123,231,187,9750,2015,5010.0,0.0,1.720478,-0.129322,USA,RWA,902190
10558124,246,187,9750,2015,1986.0,0.0,0.24944699999999997,1.7573159999999999,ZAF,RWA,902190
10558125,14,195,9750,2015,904.0,0.0,-0.292325,-0.043489,AUS,SLB,902190
10558126,64,196,9750,2015,835.0,0.0,1.157924,1.2045629999999998,DNK,SLE,902190
10558127,74,196,9750,2015,52804.0,0.0,1.597817,0.998059,FIN,SLE,902190
10558128,104,196,9750,2015,2160.0,0.0,0.24230900000000002,2.8190880000000003,IND,SLE,902190
10558129,116,196,9750,2015,732.0,0.0,-0.453564,0.433325,KEN,SLE,902190
10558130,162,196,9750,2015,87341.0,0.0,1.230104,1.27344,NLD,SLE,902190
10558131,231,196,9750,2015,5453.0,0.0,1.720478,-0.129322,USA,SLE,902190
10558132,104,199,9750,2015,2317.0,0.0,0.24230900000000002,2.8190880000000003,IND,SOM,902190
10558133,116,199,9750,2015,3307.0,0.0,-0.453564,0.433325,KEN,SOM,902190
10558134,224,199,9750,2015,9536.0,0.0,0.438669,2.519632,TUR,SOM,902190
10558135,162,202,9750,2015,4551.0,0.0,1.230104,1.27344,NLD,SSD,902190
10558136,7,214,9750,2015,6840.0,0.0,0.21779600000000002,-0.0047420000000000006,ARE,TCD,902190
10558137,77,214,9750,2015,3077.0,0.0,1.479792,0.6490239999999999,FRA,TCD,902190
10558138,33,234,9750,2015,1751.0,0.0,0.453689,0.039237,BRB,VCT,902190
10558139,81,234,9750,2015,1999.0,0.0,1.7422990000000003,0.75838,GBR,VCT,902190
10558140,231,234,9750,2015,839.0,0.0,1.720478,-0.129322,USA,VCT,902190
10558141,39,30,9750,2015,0.0,2328.0,0.695867,1.171676,CAN,BMU,902190
10558142,81,30,9750,2015,3881.0,0.0,1.7422990000000003,0.75838,GBR,BMU,902190
10558143,231,30,9750,2015,25577.0,2816.0,1.720478,-0.129322,USA,BMU,902190
10558144,64,92,9750,2015,36687.0,16489.0,1.157924,1.2045629999999998,DNK,GRL,902190
10558145,18,182,9750,2015,2143.0,0.0,1.329866,1.100641,BEL,PYF,902190
10558146,41,182,9750,2015,10178.0,0.0,2.306075,0.720781,CHE,PYF,902190
10558147,43,182,9750,2015,20361.0,0.0,1.077143,1.735757,CHN,PYF,902190
10558148,59,182,9750,2015,408.0,0.0,1.743012,0.45424,CZE,PYF,902190
10558149,61,182,9750,2015,139154.0,0.0,2.203818,-2.307561,DEU,PYF,902190
10558150,64,182,9750,2015,58989.0,0.0,1.157924,1.2045629999999998,DNK,PYF,902190
10558151,65,182,9750,2015,1593.0,0.0,-0.212808,0.395873,DOM,PYF,902190
10558152,71,182,9750,2015,2471.0,0.0,0.8173590000000001,2.442556,ESP,PYF,902190
10558153,72,182,9750,2015,0.0,40509.0,0.9281149999999999,1.1780389999999998,EST,PYF,902190
10558154,74,182,9750,2015,5124.0,0.0,1.597817,0.998059,FIN,PYF,902190
10558155,77,182,9750,2015,1116848.0,0.0,1.479792,0.6490239999999999,FRA,PYF,902190
10558156,81,182,9750,2015,1926.0,0.0,1.7422990000000003,0.75838,GBR,PYF,902190
10558157,106,182,9750,2015,50789.0,0.0,1.304942,0.126431,IRL,PYF,902190
10558158,111,182,9750,2015,5697.0,0.0,1.321127,0.747046,ITA,PYF,902190
10558159,114,182,9750,2015,1598.0,0.0,2.516133,-0.484202,JPN,PYF,902190
10558160,121,182,9750,2015,24522.0,0.0,1.900653,0.859406,KOR,PYF,902190
10558161,142,182,9750,2015,4022.0,0.0,0.880893,-0.117585,MLT,PYF,902190
10558162,153,182,9750,2015,1122.0,0.0,1.082803,0.811615,MYS,PYF,902190
10558163,162,182,9750,2015,906.0,0.0,1.230104,1.27344,NLD,PYF,902190
10558164,185,182,9750,2015,2701.0,0.0,0.946363,1.056775,ROU,PYF,902190
10558165,192,182,9750,2015,8733.0,0.0,2.05613,0.593065,SGP,PYF,902190
10558166,208,182,9750,2015,1133.0,0.0,1.8068349999999997,0.693389,SWE,PYF,902190
10558167,231,182,9750,2015,373190.0,0.0,1.720478,-0.129322,USA,PYF,902190
10558168,239,182,9750,2015,2358.0,0.0,-0.17108900000000002,1.10995,VNM,PYF,902190
10558169,249,182,9750,2015,9053.0,0.0,1.962832,1.214982,TWN,PYF,902190
10558170,14,40,9750,2015,2568.0,0.0,-0.292325,-0.043489,AUS,CCK,902190
10558171,14,56,9750,2015,2265.0,0.0,-0.292325,-0.043489,AUS,CXR,902190
10558172,231,56,9750,2015,148912.0,0.0,1.720478,-0.129322,USA,CXR,902190
10558173,121,95,9750,2015,29244.0,0.0,1.900653,0.859406,KOR,GUM,902190
10558174,14,165,9750,2015,2627.0,0.0,-0.292325,-0.043489,AUS,NRU,902190
10558175,207,194,9750,2015,0.0,51573.0,1.6089879999999999,0.833616,SVN,SHN,902190
10558176,162,20,9750,2015,22770.0,13643.0,1.230104,1.27344,NLD,BES,902190
10558177,18,210,9750,2015,5048.0,0.0,1.329866,1.100641,BEL,SXM,902190
10558178,71,210,9750,2015,1096.0,0.0,0.8173590000000001,2.442556,ESP,SXM,902190
10558179,77,210,9750,2015,5681.0,0.0,1.479792,0.6490239999999999,FRA,SXM,902190
10558180,231,3,9750,2015,4172.0,8092.0,1.720478,-0.129322,USA,AIA,902190
10558181,177,12,9750,2015,169540.0,0.0,1.145844,1.1449280000000002,POL,ATF,902190
10558182,77,200,9750,2015,9802.0,0.0,1.479792,0.6490239999999999,FRA,SPM,902190
10558183,166,161,9750,2015,1673.0,0.0,0.224598,0.253179,NZL,NIU,902190
10558184,14,7,9753,2015,2778.0,0.0,-0.292325,-0.043489,AUS,ARE,902221
10558185,41,7,9753,2015,1894.0,0.0,2.306075,0.720781,CHE,ARE,902221
10558186,43,7,9753,2015,3521.0,0.0,1.077143,1.735757,CHN,ARE,902221
10558187,61,7,9753,2015,132251.0,0.0,2.203818,-2.307561,DEU,ARE,902221
10558188,64,7,9753,2015,6514.0,0.0,1.157924,1.2045629999999998,DNK,ARE,902221
10558189,77,7,9753,2015,153852.0,0.0,1.479792,0.6490239999999999,FRA,ARE,902221
10558190,81,7,9753,2015,1945.0,0.0,1.7422990000000003,0.75838,GBR,ARE,902221
10558191,85,7,9753,2015,0.0,5037.0,-1.288329,-1.167532,GIN,ARE,902221
10558192,104,7,9753,2015,204143.0,0.0,0.24230900000000002,2.8190880000000003,IND,ARE,902221
10558193,107,7,9753,2015,0.0,6999020.0,-0.258946,-0.0073420000000000004,IRN,ARE,902221
10558194,111,7,9753,2015,64211.0,0.0,1.321127,0.747046,ITA,ARE,902221
10558195,121,7,9753,2015,5911.0,0.0,1.900653,0.859406,KOR,ARE,902221
10558196,126,7,9753,2015,0.0,260222.0,-1.3257219999999998,-1.260453,LBY,ARE,902221
10558197,143,7,9753,2015,0.0,2926.0,-1.4596120000000001,-0.903904,MMR,ARE,902221
10558198,152,7,9753,2015,0.0,97177.0,-0.549862,-0.8753190000000001,MWI,ARE,902221
10558199,159,7,9753,2015,0.0,5345.0,-1.415451,-1.157829,NGA,ARE,902221
10558200,162,7,9753,2015,369622.0,0.0,1.230104,1.27344,NLD,ARE,902221
10558201,168,7,9753,2015,8813.0,0.0,-0.7059979999999999,0.73501,PAK,ARE,902221
10558202,206,7,9753,2015,8568.0,0.0,1.287133,0.7900560000000001,SVK,ARE,902221
10558203,226,7,9753,2015,0.0,28928.0,-1.02395,-0.017509999999999998,TZA,ARE,902221
10558204,231,7,9753,2015,186063.0,0.0,1.720478,-0.129322,USA,ARE,902221
10558205,41,8,9753,2015,0.0,1061.0,2.306075,0.720781,CHE,ARG,902221
10558206,61,8,9753,2015,434603.0,0.0,2.203818,-2.307561,DEU,ARG,902221
10558207,162,8,9753,2015,584487.0,0.0,1.230104,1.27344,NLD,ARG,902221
10558208,174,8,9753,2015,0.0,23273.0,0.6406270000000001,0.45770200000000005,PHL,ARG,902221
10558209,208,8,9753,2015,2163957.0,0.0,1.8068349999999997,0.693389,SWE,ARG,902221
10558210,231,8,9753,2015,336256.0,0.0,1.720478,-0.129322,USA,ARG,902221
10558211,23,15,9753,2015,0.0,2042.0,0.45640699999999995,1.691455,BGR,AUT,902221
10558212,41,15,9753,2015,8625.0,8901.0,2.306075,0.720781,CHE,AUT,902221
10558213,59,15,9753,2015,0.0,6108.0,1.743012,0.45424,CZE,AUT,902221
10558214,61,15,9753,2015,113621.0,0.0,2.203818,-2.307561,DEU,AUT,902221
10558215,64,15,9753,2015,0.0,1745.0,1.157924,1.2045629999999998,DNK,AUT,902221
10558216,71,15,9753,2015,0.0,20945.0,0.8173590000000001,2.442556,ESP,AUT,902221
10558217,81,15,9753,2015,1883354.0,1030.0,1.7422990000000003,0.75838,GBR,AUT,902221
10558218,110,15,9753,2015,240924.0,0.0,1.260071,0.545545,ISR,AUT,902221
10558219,111,15,9753,2015,417636.0,1641.0,1.321127,0.747046,ITA,AUT,902221
10558220,114,15,9753,2015,0.0,3646.0,2.516133,-0.484202,JPN,AUT,902221
10558221,123,15,9753,2015,0.0,340010.0,-0.927524,-0.74525,LAO,AUT,902221
10558222,162,15,9753,2015,34454.0,10033.0,1.230104,1.27344,NLD,AUT,902221
10558223,181,15,9753,2015,0.0,4008.0,0.060575,0.5649489999999999,PSE,AUT,902221
10558224,231,15,9753,2015,191532.0,0.0,1.720478,-0.129322,USA,AUT,902221
10558225,1,18,9753,2015,0.0,2041.0,-1.249655,-0.9094459999999999,AFG,BEL,902221
10558226,14,18,9753,2015,0.0,133014.0,-0.292325,-0.043489,AUS,BEL,902221
10558227,23,18,9753,2015,0.0,8267854.0,0.45640699999999995,1.691455,BGR,BEL,902221
10558228,39,18,9753,2015,2207378.0,0.0,0.695867,1.171676,CAN,BEL,902221
10558229,41,18,9753,2015,12812.0,4259.0,2.306075,0.720781,CHE,BEL,902221
10558230,43,18,9753,2015,12652.0,0.0,1.077143,1.735757,CHN,BEL,902221
10558231,46,18,9753,2015,0.0,61348.0,-1.3921290000000002,-1.146549,COD,BEL,902221
10558232,52,18,9753,2015,0.0,57884.0,0.24859699999999998,-0.033143,CRI,BEL,902221
10558233,54,18,9753,2015,0.0,60870.0,-0.694839,-1.093439,CUB,BEL,902221
10558234,61,18,9753,2015,1593058.0,0.0,2.203818,-2.307561,DEU,BEL,902221
10558235,64,18,9753,2015,42590.0,48968.0,1.157924,1.2045629999999998,DNK,BEL,902221
10558236,68,18,9753,2015,0.0,236019.0,-0.183053,1.765036,EGY,BEL,902221
10558237,71,18,9753,2015,0.0,2096.0,0.8173590000000001,2.442556,ESP,BEL,902221
10558238,77,18,9753,2015,14892.0,4019.0,1.479792,0.6490239999999999,FRA,BEL,902221
10558239,81,18,9753,2015,103187.0,2851071.0,1.7422990000000003,0.75838,GBR,BEL,902221
10558240,104,18,9753,2015,0.0,795730.0,0.24230900000000002,2.8190880000000003,IND,BEL,902221
10558241,111,18,9753,2015,1561.0,97245.0,1.321127,0.747046,ITA,BEL,902221
10558242,114,18,9753,2015,5341.0,0.0,2.516133,-0.484202,JPN,BEL,902221
10558243,116,18,9753,2015,0.0,1386.0,-0.453564,0.433325,KEN,BEL,902221
10558244,121,18,9753,2015,85011.0,0.0,1.900653,0.859406,KOR,BEL,902221
10558245,130,18,9753,2015,0.0,6651.0,0.749429,1.3659860000000001,LTU,BEL,902221
10558246,134,18,9753,2015,0.0,11690.0,-0.7554810000000001,-0.059697,MAR,BEL,902221
10558247,143,18,9753,2015,0.0,6285.0,-1.4596120000000001,-0.903904,MMR,BEL,902221
10558248,153,18,9753,2015,4730.0,11665.0,1.082803,0.811615,MYS,BEL,902221
10558249,162,18,9753,2015,219635.0,203497.0,1.230104,1.27344,NLD,BEL,902221
10558250,166,18,9753,2015,0.0,59811.0,0.224598,0.253179,NZL,BEL,902221
10558251,181,18,9753,2015,0.0,6830.0,0.060575,0.5649489999999999,PSE,BEL,902221
10558252,185,18,9753,2015,0.0,220340.0,0.946363,1.056775,ROU,BEL,902221
10558253,192,18,9753,2015,0.0,216778.0,2.05613,0.593065,SGP,BEL,902221
10558254,207,18,9753,2015,0.0,189654.0,1.6089879999999999,0.833616,SVN,BEL,902221
10558255,208,18,9753,2015,0.0,7926.0,1.8068349999999997,0.693389,SWE,BEL,902221
10558256,223,18,9753,2015,0.0,4771.0,0.140202,0.967591,TUN,BEL,902221
10558257,224,18,9753,2015,2179.0,0.0,0.438669,2.519632,TUR,BEL,902221
10558258,227,18,9753,2015,0.0,414858.0,-0.611023,0.078961,UGA,BEL,902221
10558259,231,18,9753,2015,6718588.0,570058.0,1.720478,-0.129322,USA,BEL,902221
10558260,15,23,9753,2015,2042.0,0.0,1.747098,-0.08026699999999999,AUT,BGR,902221
10558261,18,23,9753,2015,8267854.0,0.0,1.329866,1.100641,BEL,BGR,902221
10558262,61,23,9753,2015,1662.0,0.0,2.203818,-2.307561,DEU,BGR,902221
10558263,111,23,9753,2015,255632.0,0.0,1.321127,0.747046,ITA,BGR,902221
10558264,142,23,9753,2015,374027.0,0.0,0.880893,-0.117585,MLT,BGR,902221
10558265,162,23,9753,2015,7653.0,2433.0,1.230104,1.27344,NLD,BGR,902221
10558266,183,23,9753,2015,0.0,1540.0,-0.077053,-0.9922719999999999,QAT,BGR,902221
10558267,185,23,9753,2015,4318414.0,0.0,0.946363,1.056775,ROU,BGR,902221
10558268,231,23,9753,2015,581509.0,0.0,1.720478,-0.129322,USA,BGR,902221
10558269,231,25,9753,2015,55648.0,0.0,1.720478,-0.129322,USA,BHS,902221
10558270,42,32,9753,2015,0.0,42394.0,-0.356167,-0.47629399999999994,CHL,BRA,902221
10558271,43,32,9753,2015,1461026.0,0.0,1.077143,1.735757,CHN,BRA,902221
10558272,61,32,9753,2015,32106.0,0.0,2.203818,-2.307561,DEU,BRA,902221
10558273,68,32,9753,2015,0.0,7658.0,-0.183053,1.765036,EGY,BRA,902221
10558274,81,32,9753,2015,5576458.0,0.0,1.7422990000000003,0.75838,GBR,BRA,902221
10558275,162,32,9753,2015,412915.0,0.0,1.230104,1.27344,NLD,BRA,902221
10558276,208,32,9753,2015,5816.0,0.0,1.8068349999999997,0.693389,SWE,BRA,902221
10558277,231,32,9753,2015,1857812.0,0.0,1.720478,-0.129322,USA,BRA,902221
10558278,39,33,9753,2015,0.0,4888.0,0.695867,1.171676,CAN,BRB,902221
10558279,41,33,9753,2015,0.0,2334.0,2.306075,0.720781,CHE,BRB,902221
10558280,61,33,9753,2015,141545.0,0.0,2.203818,-2.307561,DEU,BRB,902221
10558281,77,33,9753,2015,0.0,3378.0,1.479792,0.6490239999999999,FRA,BRB,902221
10558282,231,33,9753,2015,26349.0,12767.0,1.720478,-0.129322,USA,BRB,902221
10558283,14,39,9753,2015,1264.0,0.0,-0.292325,-0.043489,AUS,CAN,902221
10558284,18,39,9753,2015,0.0,2207378.0,1.329866,1.100641,BEL,CAN,902221
10558285,24,39,9753,2015,0.0,9641.0,0.36650900000000003,-0.28735,BHR,CAN,902221
10558286,30,39,9753,2015,0.0,55302.0,0.974592,-0.636426,BMU,CAN,902221
10558287,33,39,9753,2015,4888.0,0.0,0.453689,0.039237,BRB,CAN,902221
10558288,43,39,9753,2015,125637.0,0.0,1.077143,1.735757,CHN,CAN,902221
10558289,59,39,9753,2015,29195.0,233218.0,1.743012,0.45424,CZE,CAN,902221
10558290,61,39,9753,2015,21846.0,732020.0,2.203818,-2.307561,DEU,CAN,902221
10558291,64,39,9753,2015,1288.0,0.0,1.157924,1.2045629999999998,DNK,CAN,902221
10558292,66,39,9753,2015,0.0,312365.0,-1.54346,-1.255633,DZA,CAN,902221
10558293,68,39,9753,2015,0.0,375460.0,-0.183053,1.765036,EGY,CAN,902221
10558294,71,39,9753,2015,1626.0,0.0,0.8173590000000001,2.442556,ESP,CAN,902221
10558295,77,39,9753,2015,316472.0,0.0,1.479792,0.6490239999999999,FRA,CAN,902221
10558296,81,39,9753,2015,417490.0,2542.0,1.7422990000000003,0.75838,GBR,CAN,902221
10558297,103,39,9753,2015,0.0,572700.0,-0.145103,1.277362,IDN,CAN,902221
10558298,104,39,9753,2015,3036.0,392021.0,0.24230900000000002,2.8190880000000003,IND,CAN,902221
10558299,110,39,9753,2015,8046772.0,580332.0,1.260071,0.545545,ISR,CAN,902221
10558300,111,39,9753,2015,459328.0,74710.0,1.321127,0.747046,ITA,CAN,902221
10558301,114,39,9753,2015,192653.0,0.0,2.516133,-0.484202,JPN,CAN,902221
10558302,121,39,9753,2015,9257.0,272619.0,1.900653,0.859406,KOR,CAN,902221
10558303,138,39,9753,2015,0.0,449451.0,1.169724,0.61457,MEX,CAN,902221
10558304,143,39,9753,2015,0.0,716316.0,-1.4596120000000001,-0.903904,MMR,CAN,902221
10558305,162,39,9753,2015,8994.0,0.0,1.230104,1.27344,NLD,CAN,902221
10558306,164,39,9753,2015,0.0,281664.0,-0.290416,0.456716,NPL,CAN,902221
10558307,166,39,9753,2015,0.0,268745.0,0.224598,0.253179,NZL,CAN,902221
10558308,173,39,9753,2015,0.0,523706.0,-0.6007819999999999,0.32152800000000004,PER,CAN,902221
10558309,208,39,9753,2015,34049.0,0.0,1.8068349999999997,0.693389,SWE,CAN,902221
10558310,216,39,9753,2015,0.0,162302.0,0.965888,1.368572,THA,CAN,902221
10558311,231,39,9753,2015,2977498.0,2191065.0,1.720478,-0.129322,USA,CAN,902221
10558312,249,39,9753,2015,0.0,225843.0,1.962832,1.214982,TWN,CAN,902221
10558313,7,41,9753,2015,0.0,1894.0,0.21779600000000002,-0.0047420000000000006,ARE,CHE,902221
10558314,8,41,9753,2015,1061.0,0.0,0.116896,0.30330999999999997,ARG,CHE,902221
10558315,15,41,9753,2015,8901.0,8625.0,1.747098,-0.08026699999999999,AUT,CHE,902221
10558316,18,41,9753,2015,4259.0,12812.0,1.329866,1.100641,BEL,CHE,902221
10558317,22,41,9753,2015,0.0,35827.0,-1.088465,-0.8745360000000001,BGD,CHE,902221
10558318,33,41,9753,2015,2334.0,0.0,0.453689,0.039237,BRB,CHE,902221
10558319,34,41,9753,2015,0.0,713.0,1.093564,-0.679211,BRN,CHE,902221
10558320,42,41,9753,2015,0.0,22679.0,-0.356167,-0.47629399999999994,CHL,CHE,902221
10558321,43,41,9753,2015,20145.0,0.0,1.077143,1.735757,CHN,CHE,902221
10558322,45,41,9753,2015,0.0,4404.0,-0.924366,-1.040721,CMR,CHE,902221
10558323,49,41,9753,2015,11240.0,0.0,0.156383,-0.183055,COL,CHE,902221
10558324,51,41,9753,2015,0.0,620.0,-0.263621,-0.772158,CPV,CHE,902221
10558325,61,41,9753,2015,978689.0,8964.0,2.203818,-2.307561,DEU,CHE,902221
10558326,64,41,9753,2015,1245.0,0.0,1.157924,1.2045629999999998,DNK,CHE,902221
10558327,68,41,9753,2015,0.0,65481.0,-0.183053,1.765036,EGY,CHE,902221
10558328,77,41,9753,2015,51451.0,8731.0,1.479792,0.6490239999999999,FRA,CHE,902221
10558329,81,41,9753,2015,14905.0,9299.0,1.7422990000000003,0.75838,GBR,CHE,902221
10558330,82,41,9753,2015,0.0,106086.0,-0.343663,-0.588017,GEO,CHE,902221
10558331,104,41,9753,2015,69127.0,40613.0,0.24230900000000002,2.8190880000000003,IND,CHE,902221
10558332,111,41,9753,2015,178684.0,61239.0,1.321127,0.747046,ITA,CHE,902221
10558333,121,41,9753,2015,4269.0,0.0,1.900653,0.859406,KOR,CHE,902221
10558334,134,41,9753,2015,0.0,44265.0,-0.7554810000000001,-0.059697,MAR,CHE,902221
10558335,143,41,9753,2015,0.0,5922.0,-1.4596120000000001,-0.903904,MMR,CHE,902221
10558336,148,41,9753,2015,0.0,119.0,-1.5597450000000002,-1.3209229999999998,MRT,CHE,902221
10558337,162,41,9753,2015,26917.0,0.0,1.230104,1.27344,NLD,CHE,902221
10558338,163,41,9753,2015,0.0,168233.0,0.950708,0.314339,NOR,CHE,902221
10558339,174,41,9753,2015,0.0,6287.0,0.6406270000000001,0.45770200000000005,PHL,CHE,902221
10558340,177,41,9753,2015,2519.0,0.0,1.145844,1.1449280000000002,POL,CHE,902221
10558341,181,41,9753,2015,0.0,55512.0,0.060575,0.5649489999999999,PSE,CHE,902221
10558342,188,41,9753,2015,0.0,753404.0,0.5552520000000001,-0.7263229999999999,SAU,CHE,902221
10558343,208,41,9753,2015,2061.0,57674.0,1.8068349999999997,0.693389,SWE,CHE,902221
10558344,231,41,9753,2015,5867638.0,26620.0,1.720478,-0.129322,USA,CHE,902221
10558345,32,42,9753,2015,42394.0,0.0,0.23656799999999997,0.688607,BRA,CHL,902221
10558346,41,42,9753,2015,22679.0,0.0,2.306075,0.720781,CHE,CHL,902221
10558347,43,42,9753,2015,38271.0,0.0,1.077143,1.735757,CHN,CHL,902221
10558348,111,42,9753,2015,5217.0,0.0,1.321127,0.747046,ITA,CHL,902221
10558349,114,42,9753,2015,171995.0,0.0,2.516133,-0.484202,JPN,CHL,902221
10558350,121,42,9753,2015,58656.0,0.0,1.900653,0.859406,KOR,CHL,902221
10558351,208,42,9753,2015,1926.0,0.0,1.8068349999999997,0.693389,SWE,CHL,902221
10558352,231,42,9753,2015,166364.0,0.0,1.720478,-0.129322,USA,CHL,902221
10558353,7,43,9753,2015,0.0,3521.0,0.21779600000000002,-0.0047420000000000006,ARE,CHN,902221
10558354,14,43,9753,2015,39599.0,480958.0,-0.292325,-0.043489,AUS,CHN,902221
10558355,18,43,9753,2015,0.0,12652.0,1.329866,1.100641,BEL,CHN,902221
10558356,21,43,9753,2015,0.0,6885.0,-1.085359,-1.034365,BFA,CHN,902221
10558357,22,43,9753,2015,0.0,1134.0,-1.088465,-0.8745360000000001,BGD,CHN,902221
10558358,26,43,9753,2015,0.0,5730.0,0.355903,0.723092,BIH,CHN,902221
10558359,29,43,9753,2015,0.0,16506.0,-0.24283600000000002,-0.577408,BLZ,CHN,902221
10558360,31,43,9753,2015,0.0,47809.0,-1.051562,-1.067714,BOL,CHN,902221
10558361,32,43,9753,2015,0.0,1461026.0,0.23656799999999997,0.688607,BRA,CHN,902221
10558362,39,43,9753,2015,0.0,125637.0,0.695867,1.171676,CAN,CHN,902221
10558363,41,43,9753,2015,0.0,20145.0,2.306075,0.720781,CHE,CHN,902221
10558364,42,43,9753,2015,0.0,38271.0,-0.356167,-0.47629399999999994,CHL,CHN,902221
10558365,49,43,9753,2015,0.0,4429.0,0.156383,-0.183055,COL,CHN,902221
10558366,59,43,9753,2015,0.0,755954.0,1.743012,0.45424,CZE,CHN,902221
10558367,61,43,9753,2015,247374.0,3461.0,2.203818,-2.307561,DEU,CHN,902221
10558368,65,43,9753,2015,0.0,28746.0,-0.212808,0.395873,DOM,CHN,902221
10558369,68,43,9753,2015,0.0,136987.0,-0.183053,1.765036,EGY,CHN,902221
10558370,71,43,9753,2015,0.0,3535.0,0.8173590000000001,2.442556,ESP,CHN,902221
10558371,74,43,9753,2015,0.0,1416.0,1.597817,0.998059,FIN,CHN,902221
10558372,77,43,9753,2015,0.0,11682.0,1.479792,0.6490239999999999,FRA,CHN,902221
10558373,81,43,9753,2015,13478.0,42063.0,1.7422990000000003,0.75838,GBR,CHN,902221
10558374,82,43,9753,2015,0.0,1088.0,-0.343663,-0.588017,GEO,CHN,902221
10558375,90,43,9753,2015,0.0,1845.0,0.099027,1.012289,GRC,CHN,902221
10558376,93,43,9753,2015,0.0,2609.0,-0.284403,0.525564,GTM,CHN,902221
10558377,97,43,9753,2015,2160115.0,0.0,0.8255290000000001,1.8017279999999998,HKG,CHN,902221
10558378,99,43,9753,2015,0.0,1352.0,-0.578635,-0.292053,HND,CHN,902221
10558379,102,43,9753,2015,0.0,12781.0,1.462839,0.803258,HUN,CHN,902221
10558380,103,43,9753,2015,5345.0,407395.0,-0.145103,1.277362,IDN,CHN,902221
10558381,104,43,9753,2015,0.0,1256858.0,0.24230900000000002,2.8190880000000003,IND,CHN,902221
10558382,107,43,9753,2015,0.0,377727.0,-0.258946,-0.0073420000000000004,IRN,CHN,902221
10558383,110,43,9753,2015,5992078.0,0.0,1.260071,0.545545,ISR,CHN,902221
10558384,111,43,9753,2015,13615.0,825223.0,1.321127,0.747046,ITA,CHN,902221
10558385,114,43,9753,2015,167696.0,2148429.0,2.516133,-0.484202,JPN,CHN,902221
10558386,116,43,9753,2015,0.0,2167.0,-0.453564,0.433325,KEN,CHN,902221
10558387,121,43,9753,2015,45808.0,0.0,1.900653,0.859406,KOR,CHN,902221
10558388,124,43,9753,2015,0.0,3509.0,0.317355,1.330374,LBN,CHN,902221
10558389,143,43,9753,2015,0.0,849474.0,-1.4596120000000001,-0.903904,MMR,CHN,902221
10558390,145,43,9753,2015,0.0,110562.0,-1.244368,-1.196677,MNG,CHN,902221
10558391,151,43,9753,2015,0.0,3439.0,-0.231762,-0.195051,MUS,CHN,902221
10558392,153,43,9753,2015,0.0,89782.0,1.082803,0.811615,MYS,CHN,902221
10558393,159,43,9753,2015,0.0,29541.0,-1.415451,-1.157829,NGA,CHN,902221
10558394,160,43,9753,2015,0.0,18580.0,-1.102989,-0.952276,NIC,CHN,902221
10558395,162,43,9753,2015,731342.0,11205.0,1.230104,1.27344,NLD,CHN,902221
10558396,163,43,9753,2015,4760.0,0.0,0.950708,0.314339,NOR,CHN,902221
10558397,164,43,9753,2015,0.0,3377.0,-0.290416,0.456716,NPL,CHN,902221
10558398,166,43,9753,2015,0.0,4087.0,0.224598,0.253179,NZL,CHN,902221
10558399,168,43,9753,2015,0.0,4931.0,-0.7059979999999999,0.73501,PAK,CHN,902221
10558400,169,43,9753,2015,0.0,10017.0,0.642058,0.833392,PAN,CHN,902221
10558401,174,43,9753,2015,0.0,7664.0,0.6406270000000001,0.45770200000000005,PHL,CHN,902221
10558402,177,43,9753,2015,0.0,25749.0,1.145844,1.1449280000000002,POL,CHN,902221
10558403,181,43,9753,2015,0.0,102287.0,0.060575,0.5649489999999999,PSE,CHN,902221
10558404,186,43,9753,2015,0.0,3760340.0,0.23119,0.035965,RUS,CHN,902221
10558405,188,43,9753,2015,0.0,124810.0,0.5552520000000001,-0.7263229999999999,SAU,CHN,902221
10558406,191,43,9753,2015,0.0,6552.0,-0.708349,-0.296663,SEN,CHN,902221
10558407,206,43,9753,2015,0.0,3724.0,1.287133,0.7900560000000001,SVK,CHN,902221
10558408,208,43,9753,2015,7494101.0,1507.0,1.8068349999999997,0.693389,SWE,CHN,902221
10558409,223,43,9753,2015,0.0,5662.0,0.140202,0.967591,TUN,CHN,902221
10558410,226,43,9753,2015,0.0,3106.0,-1.02395,-0.017509999999999998,TZA,CHN,902221
10558411,227,43,9753,2015,0.0,8381.0,-0.611023,0.078961,UGA,CHN,902221
10558412,231,43,9753,2015,5992191.0,831658.0,1.720478,-0.129322,USA,CHN,902221
10558413,239,43,9753,2015,0.0,1257212.0,-0.17108900000000002,1.10995,VNM,CHN,902221
10558414,243,43,9753,2015,0.0,114143.0,-1.048632,-1.10843,YEM,CHN,902221
10558415,246,43,9753,2015,0.0,40810.0,0.24944699999999997,1.7573159999999999,ZAF,CHN,902221
10558416,247,43,9753,2015,0.0,5360.0,-0.44792,-0.769586,ZMB,CHN,902221
10558417,77,44,9753,2015,9465.0,0.0,1.479792,0.6490239999999999,FRA,CIV,902221
10558418,107,44,9753,2015,6893.0,0.0,-0.258946,-0.0073420000000000004,IRN,CIV,902221
10558419,250,44,9753,2015,8348.0,0.0,0.377283,-0.092204,ANS,CIV,902221
10558420,41,49,9753,2015,0.0,11240.0,2.306075,0.720781,CHE,COL,902221
10558421,43,49,9753,2015,4429.0,0.0,1.077143,1.735757,CHN,COL,902221
10558422,61,49,9753,2015,100723.0,0.0,2.203818,-2.307561,DEU,COL,902221
10558423,81,49,9753,2015,265237.0,0.0,1.7422990000000003,0.75838,GBR,COL,902221
10558424,104,49,9753,2015,3472.0,0.0,0.24230900000000002,2.8190880000000003,IND,COL,902221
10558425,169,49,9753,2015,0.0,14626.0,0.642058,0.833392,PAN,COL,902221
10558426,231,49,9753,2015,702374.0,4072.0,1.720478,-0.129322,USA,COL,902221
10558427,18,52,9753,2015,57884.0,0.0,1.329866,1.100641,BEL,CRI,902221
10558428,121,52,9753,2015,7120.0,0.0,1.900653,0.859406,KOR,CRI,902221
10558429,181,52,9753,2015,0.0,2225.0,0.060575,0.5649489999999999,PSE,CRI,902221
10558430,231,52,9753,2015,209147.0,0.0,1.720478,-0.129322,USA,CRI,902221
10558431,162,55,9753,2015,60625.0,0.0,1.230104,1.27344,NLD,CUW,902221
10558432,15,59,9753,2015,6108.0,0.0,1.747098,-0.08026699999999999,AUT,CZE,902221
10558433,39,59,9753,2015,233218.0,29195.0,0.695867,1.171676,CAN,CZE,902221
10558434,43,59,9753,2015,755954.0,0.0,1.077143,1.735757,CHN,CZE,902221
10558435,54,59,9753,2015,0.0,776522.0,-0.694839,-1.093439,CUB,CZE,902221
10558436,64,59,9753,2015,0.0,34067.0,1.157924,1.2045629999999998,DNK,CZE,902221
10558437,81,59,9753,2015,0.0,143927.0,1.7422990000000003,0.75838,GBR,CZE,902221
10558438,82,59,9753,2015,0.0,947108.0,-0.343663,-0.588017,GEO,CZE,902221
10558439,115,59,9753,2015,0.0,3306.0,-0.45091499999999995,-0.652026,KAZ,CZE,902221
10558440,162,59,9753,2015,43970.0,5195.0,1.230104,1.27344,NLD,CZE,902221
10558441,168,59,9753,2015,0.0,166109.0,-0.7059979999999999,0.73501,PAK,CZE,902221
10558442,179,59,9753,2015,0.0,57254.0,0.561922,2.2276380000000002,PRT,CZE,902221
10558443,186,59,9753,2015,0.0,4304306.0,0.23119,0.035965,RUS,CZE,902221
10558444,201,59,9753,2015,34937.0,0.0,0.457042,1.324908,SRB,CZE,902221
10558445,206,59,9753,2015,0.0,415776.0,1.287133,0.7900560000000001,SVK,CZE,902221
10558446,208,59,9753,2015,1920.0,0.0,1.8068349999999997,0.693389,SWE,CZE,902221
10558447,228,59,9753,2015,14344.0,0.0,0.429879,0.701813,UKR,CZE,902221
10558448,231,59,9753,2015,8060.0,0.0,1.720478,-0.129322,USA,CZE,902221
10558449,250,59,9753,2015,1351244.0,0.0,0.377283,-0.092204,ANS,CZE,902221
10558450,2,61,9753,2015,0.0,20721.0,-1.6542,-1.2598989999999999,AGO,DEU,902221
10558451,7,61,9753,2015,0.0,132251.0,0.21779600000000002,-0.0047420000000000006,ARE,DEU,902221
10558452,8,61,9753,2015,0.0,434603.0,0.116896,0.30330999999999997,ARG,DEU,902221
10558453,14,61,9753,2015,0.0,325190.0,-0.292325,-0.043489,AUS,DEU,902221
10558454,15,61,9753,2015,0.0,113621.0,1.747098,-0.08026699999999999,AUT,DEU,902221
10558455,18,61,9753,2015,0.0,1593058.0,1.329866,1.100641,BEL,DEU,902221
10558456,22,61,9753,2015,0.0,991281.0,-1.088465,-0.8745360000000001,BGD,DEU,902221
10558457,23,61,9753,2015,0.0,1662.0,0.45640699999999995,1.691455,BGR,DEU,902221
10558458,24,61,9753,2015,0.0,71171.0,0.36650900000000003,-0.28735,BHR,DEU,902221
10558459,26,61,9753,2015,0.0,121077.0,0.355903,0.723092,BIH,DEU,902221
10558460,31,61,9753,2015,0.0,4020.0,-1.051562,-1.067714,BOL,DEU,902221
10558461,32,61,9753,2015,0.0,32106.0,0.23656799999999997,0.688607,BRA,DEU,902221
10558462,33,61,9753,2015,0.0,141545.0,0.453689,0.039237,BRB,DEU,902221
10558463,34,61,9753,2015,0.0,29148.0,1.093564,-0.679211,BRN,DEU,902221
10558464,39,61,9753,2015,732020.0,21846.0,0.695867,1.171676,CAN,DEU,902221
10558465,41,61,9753,2015,8964.0,978689.0,2.306075,0.720781,CHE,DEU,902221
10558466,43,61,9753,2015,3461.0,247374.0,1.077143,1.735757,CHN,DEU,902221
10558467,49,61,9753,2015,0.0,100723.0,0.156383,-0.183055,COL,DEU,902221
10558468,54,61,9753,2015,0.0,125259.0,-0.694839,-1.093439,CUB,DEU,902221
10558469,64,61,9753,2015,0.0,22815.0,1.157924,1.2045629999999998,DNK,DEU,902221
10558470,65,61,9753,2015,0.0,1918.0,-0.212808,0.395873,DOM,DEU,902221
10558471,66,61,9753,2015,0.0,58294.0,-1.54346,-1.255633,DZA,DEU,902221
10558472,67,61,9753,2015,0.0,93526.0,-0.9845959999999999,-1.075639,ECU,DEU,902221
10558473,68,61,9753,2015,0.0,421765.0,-0.183053,1.765036,EGY,DEU,902221
10558474,71,61,9753,2015,23362.0,31786.0,0.8173590000000001,2.442556,ESP,DEU,902221
10558475,73,61,9753,2015,0.0,25576.0,-1.004896,-0.721019,ETH,DEU,902221
10558476,74,61,9753,2015,6505.0,0.0,1.597817,0.998059,FIN,DEU,902221
10558477,77,61,9753,2015,0.0,184344.0,1.479792,0.6490239999999999,FRA,DEU,902221
10558478,81,61,9753,2015,135917.0,4629000.0,1.7422990000000003,0.75838,GBR,DEU,902221
10558479,82,61,9753,2015,0.0,1261745.0,-0.343663,-0.588017,GEO,DEU,902221
10558480,83,61,9753,2015,0.0,5354.0,-0.750568,-0.690257,GHA,DEU,902221
10558481,90,61,9753,2015,0.0,103160.0,0.099027,1.012289,GRC,DEU,902221
10558482,100,61,9753,2015,10674.0,21370.0,0.7590140000000001,1.257415,HRV,DEU,902221
10558483,103,61,9753,2015,20852.0,0.0,-0.145103,1.277362,IDN,DEU,902221
10558484,104,61,9753,2015,0.0,651873.0,0.24230900000000002,2.8190880000000003,IND,DEU,902221
10558485,106,61,9753,2015,0.0,25459.0,1.304942,0.126431,IRL,DEU,902221
10558486,107,61,9753,2015,0.0,438407.0,-0.258946,-0.0073420000000000004,IRN,DEU,902221
10558487,109,61,9753,2015,1132.0,0.0,0.24527600000000002,-0.411616,ISL,DEU,902221
10558488,110,61,9753,2015,4839.0,90616.0,1.260071,0.545545,ISR,DEU,902221
10558489,111,61,9753,2015,0.0,267089.0,1.321127,0.747046,ITA,DEU,902221
10558490,114,61,9753,2015,13844.0,105928.0,2.516133,-0.484202,JPN,DEU,902221
10558491,121,61,9753,2015,2050.0,10355.0,1.900653,0.859406,KOR,DEU,902221
10558492,124,61,9753,2015,0.0,9242.0,0.317355,1.330374,LBN,DEU,902221
10558493,130,61,9753,2015,0.0,62023.0,0.749429,1.3659860000000001,LTU,DEU,902221
10558494,131,61,9753,2015,120798.0,42125.0,1.218924,1.247152,LUX,DEU,902221
10558495,134,61,9753,2015,0.0,205776.0,-0.7554810000000001,-0.059697,MAR,DEU,902221
10558496,138,61,9753,2015,0.0,322660.0,1.169724,0.61457,MEX,DEU,902221
10558497,142,61,9753,2015,0.0,464796.0,0.880893,-0.117585,MLT,DEU,902221
10558498,143,61,9753,2015,0.0,356981.0,-1.4596120000000001,-0.903904,MMR,DEU,902221
10558499,144,61,9753,2015,0.0,9634.0,-0.048385000000000004,-0.150759,MNE,DEU,902221
10558500,145,61,9753,2015,0.0,17481.0,-1.244368,-1.196677,MNG,DEU,902221
10558501,153,61,9753,2015,0.0,238574.0,1.082803,0.811615,MYS,DEU,902221
10558502,159,61,9753,2015,0.0,1371.0,-1.415451,-1.157829,NGA,DEU,902221
10558503,162,61,9753,2015,301119.0,271257.0,1.230104,1.27344,NLD,DEU,902221
10558504,163,61,9753,2015,0.0,41581.0,0.950708,0.314339,NOR,DEU,902221
10558505,166,61,9753,2015,24036.0,72173.0,0.224598,0.253179,NZL,DEU,902221
10558506,173,61,9753,2015,1856.0,108137.0,-0.6007819999999999,0.32152800000000004,PER,DEU,902221
10558507,174,61,9753,2015,0.0,143220.0,0.6406270000000001,0.45770200000000005,PHL,DEU,902221
10558508,177,61,9753,2015,0.0,104244.0,1.145844,1.1449280000000002,POL,DEU,902221
10558509,179,61,9753,2015,0.0,9008.0,0.561922,2.2276380000000002,PRT,DEU,902221
10558510,181,61,9753,2015,0.0,1106404.0,0.060575,0.5649489999999999,PSE,DEU,902221
10558511,182,61,9753,2015,0.0,26675.0,-0.301696,-0.795154,PYF,DEU,902221
10558512,183,61,9753,2015,0.0,32065.0,-0.077053,-0.9922719999999999,QAT,DEU,902221
10558513,185,61,9753,2015,0.0,28207.0,0.946363,1.056775,ROU,DEU,902221
10558514,186,61,9753,2015,2080.0,178158.0,0.23119,0.035965,RUS,DEU,902221
10558515,188,61,9753,2015,94942.0,319964.0,0.5552520000000001,-0.7263229999999999,SAU,DEU,902221
10558516,191,61,9753,2015,0.0,3885.0,-0.708349,-0.296663,SEN,DEU,902221
10558517,192,61,9753,2015,0.0,6075.0,2.05613,0.593065,SGP,DEU,902221
10558518,201,61,9753,2015,28478.0,58595.0,0.457042,1.324908,SRB,DEU,902221
10558519,206,61,9753,2015,6374.0,0.0,1.287133,0.7900560000000001,SVK,DEU,902221
10558520,208,61,9753,2015,4763723.0,16570.0,1.8068349999999997,0.693389,SWE,DEU,902221
10558521,216,61,9753,2015,0.0,209510.0,0.965888,1.368572,THA,DEU,902221
10558522,222,61,9753,2015,0.0,255792.0,-0.462837,-1.117621,TTO,DEU,902221
10558523,224,61,9753,2015,0.0,411407.0,0.438669,2.519632,TUR,DEU,902221
10558524,231,61,9753,2015,1964251.0,3275650.0,1.720478,-0.129322,USA,DEU,902221
10558525,239,61,9753,2015,0.0,204173.0,-0.17108900000000002,1.10995,VNM,DEU,902221
10558526,246,61,9753,2015,2122.0,141993.0,0.24944699999999997,1.7573159999999999,ZAF,DEU,902221
10558527,247,61,9753,2015,0.0,44089.0,-0.44792,-0.769586,ZMB,DEU,902221
10558528,249,61,9753,2015,0.0,29868.0,1.962832,1.214982,TWN,DEU,902221
10558529,1,64,9753,2015,0.0,4145.0,-1.249655,-0.9094459999999999,AFG,DNK,902221
10558530,7,64,9753,2015,0.0,6514.0,0.21779600000000002,-0.0047420000000000006,ARE,DNK,902221
10558531,15,64,9753,2015,1745.0,0.0,1.747098,-0.08026699999999999,AUT,DNK,902221
10558532,18,64,9753,2015,48968.0,42590.0,1.329866,1.100641,BEL,DNK,902221
10558533,39,64,9753,2015,0.0,1288.0,0.695867,1.171676,CAN,DNK,902221
10558534,41,64,9753,2015,0.0,1245.0,2.306075,0.720781,CHE,DNK,902221
10558535,59,64,9753,2015,34067.0,0.0,1.743012,0.45424,CZE,DNK,902221
10558536,61,64,9753,2015,22815.0,0.0,2.203818,-2.307561,DEU,DNK,902221
10558537,71,64,9753,2015,0.0,15117.0,0.8173590000000001,2.442556,ESP,DNK,902221
10558538,72,64,9753,2015,925.0,0.0,0.9281149999999999,1.1780389999999998,EST,DNK,902221
10558539,78,64,9753,2015,0.0,5794.0,-0.700767,-0.9214399999999999,FRO,DNK,902221
10558540,81,64,9753,2015,8486.0,4330.0,1.7422990000000003,0.75838,GBR,DNK,902221
10558541,85,64,9753,2015,0.0,189233.0,-1.288329,-1.167532,GIN,DNK,902221
10558542,107,64,9753,2015,0.0,47234.0,-0.258946,-0.0073420000000000004,IRN,DNK,902221
10558543,109,64,9753,2015,0.0,26872.0,0.24527600000000002,-0.411616,ISL,DNK,902221
10558544,111,64,9753,2015,10781.0,8540.0,1.321127,0.747046,ITA,DNK,902221
10558545,114,64,9753,2015,0.0,2986.0,2.516133,-0.484202,JPN,DNK,902221
10558546,116,64,9753,2015,0.0,2611.0,-0.453564,0.433325,KEN,DNK,902221
10558547,122,64,9753,2015,0.0,23147.0,-0.352023,-1.153057,KWT,DNK,902221
10558548,124,64,9753,2015,0.0,1785.0,0.317355,1.330374,LBN,DNK,902221
10558549,128,64,9753,2015,0.0,5086.0,-0.6773399999999999,0.386343,LKA,DNK,902221
10558550,141,64,9753,2015,0.0,4742.0,-0.744236,-0.9441860000000001,MLI,DNK,902221
10558551,152,64,9753,2015,0.0,670.0,-0.549862,-0.8753190000000001,MWI,DNK,902221
10558552,153,64,9753,2015,4818.0,0.0,1.082803,0.811615,MYS,DNK,902221
10558553,159,64,9753,2015,0.0,1177.0,-1.415451,-1.157829,NGA,DNK,902221
10558554,162,64,9753,2015,177177.0,16118.0,1.230104,1.27344,NLD,DNK,902221
10558555,163,64,9753,2015,0.0,196747.0,0.950708,0.314339,NOR,DNK,902221
10558556,166,64,9753,2015,0.0,1782.0,0.224598,0.253179,NZL,DNK,902221
10558557,173,64,9753,2015,0.0,1278.0,-0.6007819999999999,0.32152800000000004,PER,DNK,902221
10558558,201,64,9753,2015,0.0,103810.0,0.457042,1.324908,SRB,DNK,902221
10558559,208,64,9753,2015,5628.0,9441.0,1.8068349999999997,0.693389,SWE,DNK,902221
10558560,223,64,9753,2015,0.0,1911.0,0.140202,0.967591,TUN,DNK,902221
10558561,227,64,9753,2015,0.0,164029.0,-0.611023,0.078961,UGA,DNK,902221
10558562,231,64,9753,2015,78274.0,14048.0,1.720478,-0.129322,USA,DNK,902221
10558563,247,64,9753,2015,0.0,36651.0,-0.44792,-0.769586,ZMB,DNK,902221
10558564,43,65,9753,2015,28746.0,0.0,1.077143,1.735757,CHN,DOM,902221
10558565,61,65,9753,2015,1918.0,0.0,2.203818,-2.307561,DEU,DOM,902221
10558566,71,65,9753,2015,6532.0,0.0,0.8173590000000001,2.442556,ESP,DOM,902221
10558567,81,65,9753,2015,2013.0,0.0,1.7422990000000003,0.75838,GBR,DOM,902221
10558568,111,65,9753,2015,5310.0,0.0,1.321127,0.747046,ITA,DOM,902221
10558569,153,65,9753,2015,7447.0,0.0,1.082803,0.811615,MYS,DOM,902221
10558570,206,65,9753,2015,1375.0,0.0,1.287133,0.7900560000000001,SVK,DOM,902221
10558571,208,65,9753,2015,638.0,0.0,1.8068349999999997,0.693389,SWE,DOM,902221
10558572,231,65,9753,2015,269956.0,0.0,1.720478,-0.129322,USA,DOM,902221
10558573,61,67,9753,2015,93526.0,0.0,2.203818,-2.307561,DEU,ECU,902221
10558574,77,67,9753,2015,2511.0,0.0,1.479792,0.6490239999999999,FRA,ECU,902221
10558575,111,67,9753,2015,824042.0,0.0,1.321127,0.747046,ITA,ECU,902221
10558576,121,67,9753,2015,43810.0,0.0,1.900653,0.859406,KOR,ECU,902221
10558577,138,67,9753,2015,12657.0,0.0,1.169724,0.61457,MEX,ECU,902221
10558578,231,67,9753,2015,370434.0,0.0,1.720478,-0.129322,USA,ECU,902221
10558579,2,71,9753,2015,0.0,164530.0,-1.6542,-1.2598989999999999,AGO,ESP,902221
10558580,5,71,9753,2015,0.0,1002.0,0.850153,0.383793,AND,ESP,902221
10558581,15,71,9753,2015,20945.0,0.0,1.747098,-0.08026699999999999,AUT,ESP,902221
10558582,18,71,9753,2015,2096.0,0.0,1.329866,1.100641,BEL,ESP,902221
10558583,31,71,9753,2015,0.0,5985.0,-1.051562,-1.067714,BOL,ESP,902221
10558584,39,71,9753,2015,0.0,1626.0,0.695867,1.171676,CAN,ESP,902221
10558585,43,71,9753,2015,3535.0,0.0,1.077143,1.735757,CHN,ESP,902221
10558586,54,71,9753,2015,0.0,27356.0,-0.694839,-1.093439,CUB,ESP,902221
10558587,61,71,9753,2015,31786.0,23362.0,2.203818,-2.307561,DEU,ESP,902221
10558588,64,71,9753,2015,15117.0,0.0,1.157924,1.2045629999999998,DNK,ESP,902221
10558589,65,71,9753,2015,0.0,6532.0,-0.212808,0.395873,DOM,ESP,902221
10558590,77,71,9753,2015,0.0,6348.0,1.479792,0.6490239999999999,FRA,ESP,902221
10558591,81,71,9753,2015,385506.0,286255.0,1.7422990000000003,0.75838,GBR,ESP,902221
10558592,111,71,9753,2015,4396.0,136201.0,1.321127,0.747046,ITA,ESP,902221
10558593,121,71,9753,2015,33772.0,2961.0,1.900653,0.859406,KOR,ESP,902221
10558594,153,71,9753,2015,0.0,17942.0,1.082803,0.811615,MYS,ESP,902221
10558595,162,71,9753,2015,21992.0,47366.0,1.230104,1.27344,NLD,ESP,902221
10558596,177,71,9753,2015,0.0,168991.0,1.145844,1.1449280000000002,POL,ESP,902221
10558597,179,71,9753,2015,0.0,8539948.0,0.561922,2.2276380000000002,PRT,ESP,902221
10558598,181,71,9753,2015,0.0,1651.0,0.060575,0.5649489999999999,PSE,ESP,902221
10558599,188,71,9753,2015,0.0,31706.0,0.5552520000000001,-0.7263229999999999,SAU,ESP,902221
10558600,208,71,9753,2015,1806.0,0.0,1.8068349999999997,0.693389,SWE,ESP,902221
10558601,222,71,9753,2015,0.0,133663.0,-0.462837,-1.117621,TTO,ESP,902221
10558602,224,71,9753,2015,0.0,413569.0,0.438669,2.519632,TUR,ESP,902221
10558603,227,71,9753,2015,0.0,219679.0,-0.611023,0.078961,UGA,ESP,902221
10558604,228,71,9753,2015,63459.0,0.0,0.429879,0.701813,UKR,ESP,902221
10558605,231,71,9753,2015,394805.0,173265.0,1.720478,-0.129322,USA,ESP,902221
10558606,64,72,9753,2015,0.0,925.0,1.157924,1.2045629999999998,DNK,EST,902221
10558607,74,72,9753,2015,15781.0,0.0,1.597817,0.998059,FIN,EST,902221
10558608,81,72,9753,2015,7613.0,0.0,1.7422990000000003,0.75838,GBR,EST,902221
10558609,162,72,9753,2015,3549.0,1016.0,1.230104,1.27344,NLD,EST,902221
10558610,7,77,9753,2015,0.0,153852.0,0.21779600000000002,-0.0047420000000000006,ARE,FRA,902221
10558611,14,77,9753,2015,0.0,3461.0,-0.292325,-0.043489,AUS,FRA,902221
10558612,18,77,9753,2015,4019.0,14892.0,1.329866,1.100641,BEL,FRA,902221
10558613,19,77,9753,2015,0.0,24334.0,-0.5641470000000001,-0.8971020000000001,BEN,FRA,902221
10558614,21,77,9753,2015,0.0,14219.0,-1.085359,-1.034365,BFA,FRA,902221
10558615,31,77,9753,2015,0.0,3011.0,-1.051562,-1.067714,BOL,FRA,902221
10558616,33,77,9753,2015,3378.0,0.0,0.453689,0.039237,BRB,FRA,902221
10558617,39,77,9753,2015,0.0,316472.0,0.695867,1.171676,CAN,FRA,902221
10558618,41,77,9753,2015,8731.0,51451.0,2.306075,0.720781,CHE,FRA,902221
10558619,43,77,9753,2015,11682.0,0.0,1.077143,1.735757,CHN,FRA,902221
10558620,44,77,9753,2015,0.0,9465.0,-0.856142,-0.905292,CIV,FRA,902221
10558621,45,77,9753,2015,0.0,50312.0,-0.924366,-1.040721,CMR,FRA,902221
10558622,61,77,9753,2015,184344.0,0.0,2.203818,-2.307561,DEU,FRA,902221
10558623,66,77,9753,2015,0.0,6989922.0,-1.54346,-1.255633,DZA,FRA,902221
10558624,67,77,9753,2015,0.0,2511.0,-0.9845959999999999,-1.075639,ECU,FRA,902221
10558625,68,77,9753,2015,0.0,471463.0,-0.183053,1.765036,EGY,FRA,902221
10558626,71,77,9753,2015,6348.0,0.0,0.8173590000000001,2.442556,ESP,FRA,902221
10558627,81,77,9753,2015,14616.0,1199075.0,1.7422990000000003,0.75838,GBR,FRA,902221
10558628,104,77,9753,2015,51029.0,2069246.0,0.24230900000000002,2.8190880000000003,IND,FRA,902221
10558629,106,77,9753,2015,0.0,3265.0,1.304942,0.126431,IRL,FRA,902221
10558630,107,77,9753,2015,0.0,17969.0,-0.258946,-0.0073420000000000004,IRN,FRA,902221
10558631,111,77,9753,2015,246649.0,1267.0,1.321127,0.747046,ITA,FRA,902221
10558632,114,77,9753,2015,8811.0,0.0,2.516133,-0.484202,JPN,FRA,902221
10558633,121,77,9753,2015,104299.0,0.0,1.900653,0.859406,KOR,FRA,902221
10558634,123,77,9753,2015,0.0,7427.0,-0.927524,-0.74525,LAO,FRA,902221
10558635,132,77,9753,2015,0.0,16083.0,0.602209,1.125357,LVA,FRA,902221
10558636,134,77,9753,2015,0.0,754823.0,-0.7554810000000001,-0.059697,MAR,FRA,902221
10558637,148,77,9753,2015,0.0,3904.0,-1.5597450000000002,-1.3209229999999998,MRT,FRA,902221
10558638,151,77,9753,2015,0.0,2318.0,-0.231762,-0.195051,MUS,FRA,902221
10558639,153,77,9753,2015,0.0,41972.0,1.082803,0.811615,MYS,FRA,902221
10558640,156,77,9753,2015,0.0,43741.0,-0.727911,-0.844562,NCL,FRA,902221
10558641,157,77,9753,2015,0.0,622.0,-1.517292,-1.033891,NER,FRA,902221
10558642,162,77,9753,2015,221262.0,9689.0,1.230104,1.27344,NLD,FRA,902221
10558643,173,77,9753,2015,0.0,42342.0,-0.6007819999999999,0.32152800000000004,PER,FRA,902221
10558644,177,77,9753,2015,0.0,76121.0,1.145844,1.1449280000000002,POL,FRA,902221
10558645,179,77,9753,2015,111797.0,536536.0,0.561922,2.2276380000000002,PRT,FRA,902221
10558646,181,77,9753,2015,0.0,11028.0,0.060575,0.5649489999999999,PSE,FRA,902221
10558647,182,77,9753,2015,0.0,19332.0,-0.301696,-0.795154,PYF,FRA,902221
10558648,183,77,9753,2015,0.0,14351.0,-0.077053,-0.9922719999999999,QAT,FRA,902221
10558649,185,77,9753,2015,0.0,148348.0,0.946363,1.056775,ROU,FRA,902221
10558650,186,77,9753,2015,0.0,72215.0,0.23119,0.035965,RUS,FRA,902221
10558651,191,77,9753,2015,0.0,5319.0,-0.708349,-0.296663,SEN,FRA,902221
10558652,192,77,9753,2015,12172.0,18755.0,2.05613,0.593065,SGP,FRA,902221
10558653,208,77,9753,2015,1256.0,20183.0,1.8068349999999997,0.693389,SWE,FRA,902221
10558654,210,77,9753,2015,0.0,33455.0,0.945973,-0.7548229999999999,SXM,FRA,902221
10558655,215,77,9753,2015,0.0,1471.0,-0.66925,-0.873554,TGO,FRA,902221
10558656,231,77,9753,2015,349755.0,288470.0,1.720478,-0.129322,USA,FRA,902221
10558657,239,77,9753,2015,0.0,16940.0,-0.17108900000000002,1.10995,VNM,FRA,902221
10558658,246,77,9753,2015,0.0,58565.0,0.24944699999999997,1.7573159999999999,ZAF,FRA,902221
10558659,250,77,9753,2015,3972.0,0.0,0.377283,-0.092204,ANS,FRA,902221
10558660,7,81,9753,2015,0.0,1945.0,0.21779600000000002,-0.0047420000000000006,ARE,GBR,902221
10558661,15,81,9753,2015,1030.0,1883354.0,1.747098,-0.08026699999999999,AUT,GBR,902221
10558662,18,81,9753,2015,2851071.0,103187.0,1.329866,1.100641,BEL,GBR,902221
10558663,22,81,9753,2015,0.0,1314.0,-1.088465,-0.8745360000000001,BGD,GBR,902221
10558664,28,81,9753,2015,195.0,0.0,0.672499,0.5584020000000001,BLR,GBR,902221
10558665,32,81,9753,2015,0.0,5576458.0,0.23656799999999997,0.688607,BRA,GBR,902221
10558666,34,81,9753,2015,0.0,2237.0,1.093564,-0.679211,BRN,GBR,902221
10558667,39,81,9753,2015,2542.0,417490.0,0.695867,1.171676,CAN,GBR,902221
10558668,41,81,9753,2015,9299.0,14905.0,2.306075,0.720781,CHE,GBR,902221
10558669,43,81,9753,2015,42063.0,13478.0,1.077143,1.735757,CHN,GBR,902221
10558670,49,81,9753,2015,0.0,265237.0,0.156383,-0.183055,COL,GBR,902221
10558671,59,81,9753,2015,143927.0,0.0,1.743012,0.45424,CZE,GBR,902221
10558672,61,81,9753,2015,4629000.0,135917.0,2.203818,-2.307561,DEU,GBR,902221
10558673,64,81,9753,2015,4330.0,8486.0,1.157924,1.2045629999999998,DNK,GBR,902221
10558674,65,81,9753,2015,0.0,2013.0,-0.212808,0.395873,DOM,GBR,902221
10558675,66,81,9753,2015,0.0,1538365.0,-1.54346,-1.255633,DZA,GBR,902221
10558676,68,81,9753,2015,0.0,32719.0,-0.183053,1.765036,EGY,GBR,902221
10558677,71,81,9753,2015,286255.0,385506.0,0.8173590000000001,2.442556,ESP,GBR,902221
10558678,72,81,9753,2015,0.0,7613.0,0.9281149999999999,1.1780389999999998,EST,GBR,902221
10558679,74,81,9753,2015,0.0,27916.0,1.597817,0.998059,FIN,GBR,902221
10558680,77,81,9753,2015,1199075.0,14616.0,1.479792,0.6490239999999999,FRA,GBR,902221
10558681,90,81,9753,2015,0.0,23954.0,0.099027,1.012289,GRC,GBR,902221
10558682,97,81,9753,2015,4466.0,0.0,0.8255290000000001,1.8017279999999998,HKG,GBR,902221
10558683,102,81,9753,2015,0.0,114201.0,1.462839,0.803258,HUN,GBR,902221
10558684,104,81,9753,2015,4561.0,109503.0,0.24230900000000002,2.8190880000000003,IND,GBR,902221
10558685,106,81,9753,2015,97189.0,270136.0,1.304942,0.126431,IRL,GBR,902221
10558686,110,81,9753,2015,20260.0,21097.0,1.260071,0.545545,ISR,GBR,902221
10558687,111,81,9753,2015,101063.0,17023410.0,1.321127,0.747046,ITA,GBR,902221
10558688,114,81,9753,2015,184429.0,154435.0,2.516133,-0.484202,JPN,GBR,902221
10558689,115,81,9753,2015,7718.0,0.0,-0.45091499999999995,-0.652026,KAZ,GBR,902221
10558690,121,81,9753,2015,0.0,7709968.0,1.900653,0.859406,KOR,GBR,902221
10558691,130,81,9753,2015,0.0,60271.0,0.749429,1.3659860000000001,LTU,GBR,902221
10558692,138,81,9753,2015,1496.0,0.0,1.169724,0.61457,MEX,GBR,902221
10558693,153,81,9753,2015,0.0,779749.0,1.082803,0.811615,MYS,GBR,902221
10558694,159,81,9753,2015,0.0,30849.0,-1.415451,-1.157829,NGA,GBR,902221
10558695,162,81,9753,2015,663572.0,95014.0,1.230104,1.27344,NLD,GBR,902221
10558696,163,81,9753,2015,2379.0,4144.0,0.950708,0.314339,NOR,GBR,902221
10558697,166,81,9753,2015,0.0,1899.0,0.224598,0.253179,NZL,GBR,902221
10558698,168,81,9753,2015,10424.0,0.0,-0.7059979999999999,0.73501,PAK,GBR,902221
10558699,179,81,9753,2015,115209.0,0.0,0.561922,2.2276380000000002,PRT,GBR,902221
10558700,181,81,9753,2015,0.0,1202.0,0.060575,0.5649489999999999,PSE,GBR,902221
10558701,183,81,9753,2015,0.0,3596.0,-0.077053,-0.9922719999999999,QAT,GBR,902221
10558702,185,81,9753,2015,0.0,68109.0,0.946363,1.056775,ROU,GBR,902221
10558703,186,81,9753,2015,0.0,6472916.0,0.23119,0.035965,RUS,GBR,902221
10558704,188,81,9753,2015,0.0,24804.0,0.5552520000000001,-0.7263229999999999,SAU,GBR,902221
10558705,201,81,9753,2015,0.0,2593232.0,0.457042,1.324908,SRB,GBR,902221
10558706,206,81,9753,2015,996.0,935720.0,1.287133,0.7900560000000001,SVK,GBR,902221
10558707,207,81,9753,2015,0.0,1434018.0,1.6089879999999999,0.833616,SVN,GBR,902221
10558708,208,81,9753,2015,10019.0,8887.0,1.8068349999999997,0.693389,SWE,GBR,902221
10558709,216,81,9753,2015,0.0,635970.0,0.965888,1.368572,THA,GBR,902221
10558710,222,81,9753,2015,0.0,1562.0,-0.462837,-1.117621,TTO,GBR,902221
10558711,224,81,9753,2015,42360.0,13899.0,0.438669,2.519632,TUR,GBR,902221
10558712,231,81,9753,2015,2071523.0,924038.0,1.720478,-0.129322,USA,GBR,902221
10558713,246,81,9753,2015,19182.0,4545.0,0.24944699999999997,1.7573159999999999,ZAF,GBR,902221
10558714,247,81,9753,2015,0.0,2611.0,-0.44792,-0.769586,ZMB,GBR,902221
10558715,249,81,9753,2015,17126.0,0.0,1.962832,1.214982,TWN,GBR,902221
10558716,111,91,9753,2015,2528.0,0.0,1.321127,0.747046,ITA,GRD,902221
10558717,231,91,9753,2015,37456.0,0.0,1.720478,-0.129322,USA,GRD,902221
10558718,43,93,9753,2015,2609.0,0.0,1.077143,1.735757,CHN,GTM,902221
10558719,104,93,9753,2015,2068.0,0.0,0.24230900000000002,2.8190880000000003,IND,GTM,902221
10558720,111,93,9753,2015,1029.0,0.0,1.321127,0.747046,ITA,GTM,902221
10558721,160,93,9753,2015,0.0,1139.0,-1.102989,-0.952276,NIC,GTM,902221
10558722,231,93,9753,2015,39309.0,0.0,1.720478,-0.129322,USA,GTM,902221
10558723,2,97,9753,2015,0.0,1815.0,-1.6542,-1.2598989999999999,AGO,HKG,902221
10558724,14,97,9753,2015,7067.0,0.0,-0.292325,-0.043489,AUS,HKG,902221
10558725,43,97,9753,2015,0.0,2160115.0,1.077143,1.735757,CHN,HKG,902221
10558726,81,97,9753,2015,0.0,4466.0,1.7422990000000003,0.75838,GBR,HKG,902221
10558727,103,97,9753,2015,6979.0,0.0,-0.145103,1.277362,IDN,HKG,902221
10558728,104,97,9753,2015,15454.0,0.0,0.24230900000000002,2.8190880000000003,IND,HKG,902221
10558729,111,97,9753,2015,444073.0,5060.0,1.321127,0.747046,ITA,HKG,902221
10558730,121,97,9753,2015,92294.0,0.0,1.900653,0.859406,KOR,HKG,902221
10558731,153,97,9753,2015,0.0,7605.0,1.082803,0.811615,MYS,HKG,902221
10558732,159,97,9753,2015,0.0,3562.0,-1.415451,-1.157829,NGA,HKG,902221
10558733,162,97,9753,2015,2484.0,15355.0,1.230104,1.27344,NLD,HKG,902221
10558734,181,97,9753,2015,0.0,7851.0,0.060575,0.5649489999999999,PSE,HKG,902221
10558735,183,97,9753,2015,0.0,2981.0,-0.077053,-0.9922719999999999,QAT,HKG,902221
10558736,208,97,9753,2015,1831144.0,11540.0,1.8068349999999997,0.693389,SWE,HKG,902221
10558737,231,97,9753,2015,1432508.0,0.0,1.720478,-0.129322,USA,HKG,902221
10558738,43,99,9753,2015,1352.0,0.0,1.077143,1.735757,CHN,HND,902221
10558739,114,99,9753,2015,48090.0,0.0,2.516133,-0.484202,JPN,HND,902221
10558740,231,99,9753,2015,22327.0,0.0,1.720478,-0.129322,USA,HND,902221
10558741,14,102,9753,2015,0.0,21878.0,-0.292325,-0.043489,AUS,HUN,902221
10558742,43,102,9753,2015,12781.0,0.0,1.077143,1.735757,CHN,HUN,902221
10558743,81,102,9753,2015,114201.0,0.0,1.7422990000000003,0.75838,GBR,HUN,902221
10558744,162,102,9753,2015,22917.0,10201.0,1.230104,1.27344,NLD,HUN,902221
10558745,181,102,9753,2015,0.0,59419.0,0.060575,0.5649489999999999,PSE,HUN,902221
10558746,192,102,9753,2015,0.0,29242.0,2.05613,0.593065,SGP,HUN,902221
10558747,206,102,9753,2015,1443932.0,0.0,1.287133,0.7900560000000001,SVK,HUN,902221
10558748,231,102,9753,2015,299412.0,55372.0,1.720478,-0.129322,USA,HUN,902221
10558749,39,103,9753,2015,572700.0,0.0,0.695867,1.171676,CAN,IDN,902221
10558750,43,103,9753,2015,407395.0,5345.0,1.077143,1.735757,CHN,IDN,902221
10558751,61,103,9753,2015,0.0,20852.0,2.203818,-2.307561,DEU,IDN,902221
10558752,97,103,9753,2015,0.0,6979.0,0.8255290000000001,1.8017279999999998,HKG,IDN,902221
10558753,114,103,9753,2015,0.0,8231.0,2.516133,-0.484202,JPN,IDN,902221
10558754,143,103,9753,2015,0.0,119341.0,-1.4596120000000001,-0.903904,MMR,IDN,902221
10558755,153,103,9753,2015,3527.0,0.0,1.082803,0.811615,MYS,IDN,902221
10558756,162,103,9753,2015,2512.0,0.0,1.230104,1.27344,NLD,IDN,902221
10558757,177,103,9753,2015,16812.0,0.0,1.145844,1.1449280000000002,POL,IDN,902221
10558758,192,103,9753,2015,446668.0,0.0,2.05613,0.593065,SGP,IDN,902221
10558759,216,103,9753,2015,0.0,94308.0,0.965888,1.368572,THA,IDN,902221
10558760,231,103,9753,2015,171339.0,0.0,1.720478,-0.129322,USA,IDN,902221
10558761,249,103,9753,2015,0.0,9832.0,1.962832,1.214982,TWN,IDN,902221
10558762,4,104,9753,2015,0.0,7611.0,-0.601875,-0.27003,ALB,IND,902221
10558763,7,104,9753,2015,0.0,204143.0,0.21779600000000002,-0.0047420000000000006,ARE,IND,902221
10558764,14,104,9753,2015,2494.0,0.0,-0.292325,-0.043489,AUS,IND,902221
10558765,18,104,9753,2015,795730.0,0.0,1.329866,1.100641,BEL,IND,902221
10558766,22,104,9753,2015,973574.0,4827.0,-1.088465,-0.8745360000000001,BGD,IND,902221
10558767,31,104,9753,2015,0.0,3285.0,-1.051562,-1.067714,BOL,IND,902221
10558768,39,104,9753,2015,392021.0,3036.0,0.695867,1.171676,CAN,IND,902221
10558769,41,104,9753,2015,40613.0,69127.0,2.306075,0.720781,CHE,IND,902221
10558770,43,104,9753,2015,1256858.0,0.0,1.077143,1.735757,CHN,IND,902221
10558771,49,104,9753,2015,0.0,3472.0,0.156383,-0.183055,COL,IND,902221
10558772,61,104,9753,2015,651873.0,0.0,2.203818,-2.307561,DEU,IND,902221
10558773,77,104,9753,2015,2069246.0,51029.0,1.479792,0.6490239999999999,FRA,IND,902221
10558774,81,104,9753,2015,109503.0,4561.0,1.7422990000000003,0.75838,GBR,IND,902221
10558775,93,104,9753,2015,0.0,2068.0,-0.284403,0.525564,GTM,IND,902221
10558776,97,104,9753,2015,0.0,15454.0,0.8255290000000001,1.8017279999999998,HKG,IND,902221
10558777,110,104,9753,2015,3519663.0,10519.0,1.260071,0.545545,ISR,IND,902221
10558778,111,104,9753,2015,800201.0,56173.0,1.321127,0.747046,ITA,IND,902221
10558779,112,104,9753,2015,0.0,4852.0,-0.438267,-0.828097,JAM,IND,902221
10558780,114,104,9753,2015,1004740.0,2796.0,2.516133,-0.484202,JPN,IND,902221
10558781,116,104,9753,2015,0.0,4890.0,-0.453564,0.433325,KEN,IND,902221
10558782,117,104,9753,2015,0.0,11248.0,0.02058,0.438692,KGZ,IND,902221
10558783,126,104,9753,2015,0.0,45446.0,-1.3257219999999998,-1.260453,LBY,IND,902221
10558784,137,104,9753,2015,0.0,14367.0,-0.321571,-0.858751,MDV,IND,902221
10558785,143,104,9753,2015,0.0,54544.0,-1.4596120000000001,-0.903904,MMR,IND,902221
10558786,145,104,9753,2015,0.0,331318.0,-1.244368,-1.196677,MNG,IND,902221
10558787,152,104,9753,2015,0.0,3121.0,-0.549862,-0.8753190000000001,MWI,IND,902221
10558788,153,104,9753,2015,6553.0,2144.0,1.082803,0.811615,MYS,IND,902221
10558789,159,104,9753,2015,0.0,58574.0,-1.415451,-1.157829,NGA,IND,902221
10558790,162,104,9753,2015,565668.0,0.0,1.230104,1.27344,NLD,IND,902221
10558791,163,104,9753,2015,29575.0,0.0,0.950708,0.314339,NOR,IND,902221
10558792,164,104,9753,2015,0.0,120058.0,-0.290416,0.456716,NPL,IND,902221
10558793,167,104,9753,2015,0.0,5643.0,-0.4699,-1.00451,OMN,IND,902221
10558794,168,104,9753,2015,0.0,30869.0,-0.7059979999999999,0.73501,PAK,IND,902221
10558795,174,104,9753,2015,0.0,3575.0,0.6406270000000001,0.45770200000000005,PHL,IND,902221
10558796,181,104,9753,2015,0.0,106312.0,0.060575,0.5649489999999999,PSE,IND,902221
10558797,187,104,9753,2015,0.0,3019.0,-0.755738,-0.4423,RWA,IND,902221
10558798,188,104,9753,2015,0.0,5240.0,0.5552520000000001,-0.7263229999999999,SAU,IND,902221
10558799,192,104,9753,2015,346405.0,0.0,2.05613,0.593065,SGP,IND,902221
10558800,208,104,9753,2015,162299.0,2520.0,1.8068349999999997,0.693389,SWE,IND,902221
10558801,222,104,9753,2015,0.0,1445.0,-0.462837,-1.117621,TTO,IND,902221
10558802,224,104,9753,2015,0.0,43526.0,0.438669,2.519632,TUR,IND,902221
10558803,226,104,9753,2015,0.0,14073.0,-1.02395,-0.017509999999999998,TZA,IND,902221
10558804,231,104,9753,2015,538132.0,34251.0,1.720478,-0.129322,USA,IND,902221
10558805,239,104,9753,2015,0.0,50123.0,-0.17108900000000002,1.10995,VNM,IND,902221
10558806,246,104,9753,2015,0.0,4935.0,0.24944699999999997,1.7573159999999999,ZAF,IND,902221
10558807,247,104,9753,2015,0.0,224257.0,-0.44792,-0.769586,ZMB,IND,902221
10558808,248,104,9753,2015,0.0,9478.0,-0.838017,-0.9400270000000001,ZWE,IND,902221
10558809,250,104,9753,2015,34296.0,0.0,0.377283,-0.092204,ANS,IND,902221
10558810,14,110,9753,2015,0.0,301534.0,-0.292325,-0.043489,AUS,ISR,902221
10558811,15,110,9753,2015,0.0,240924.0,1.747098,-0.08026699999999999,AUT,ISR,902221
10558812,31,110,9753,2015,0.0,114975.0,-1.051562,-1.067714,BOL,ISR,902221
10558813,39,110,9753,2015,580332.0,8046772.0,0.695867,1.171676,CAN,ISR,902221
10558814,43,110,9753,2015,0.0,5992078.0,1.077143,1.735757,CHN,ISR,902221
10558815,61,110,9753,2015,90616.0,4839.0,2.203818,-2.307561,DEU,ISR,902221
10558816,81,110,9753,2015,21097.0,20260.0,1.7422990000000003,0.75838,GBR,ISR,902221
10558817,104,110,9753,2015,10519.0,3519663.0,0.24230900000000002,2.8190880000000003,IND,ISR,902221
10558818,106,110,9753,2015,2676.0,0.0,1.304942,0.126431,IRL,ISR,902221
10558819,111,110,9753,2015,19712.0,1323234.0,1.321127,0.747046,ITA,ISR,902221
10558820,114,110,9753,2015,25651.0,173326.0,2.516133,-0.484202,JPN,ISR,902221
10558821,121,110,9753,2015,0.0,1773308.0,1.900653,0.859406,KOR,ISR,902221
10558822,128,110,9753,2015,0.0,63598.0,-0.6773399999999999,0.386343,LKA,ISR,902221
10558823,138,110,9753,2015,0.0,2511.0,1.169724,0.61457,MEX,ISR,902221
10558824,153,110,9753,2015,0.0,30000.0,1.082803,0.811615,MYS,ISR,902221
10558825,162,110,9753,2015,0.0,770574.0,1.230104,1.27344,NLD,ISR,902221
10558826,163,110,9753,2015,0.0,44773.0,0.950708,0.314339,NOR,ISR,902221
10558827,164,110,9753,2015,0.0,51964.0,-0.290416,0.456716,NPL,ISR,902221
10558828,166,110,9753,2015,0.0,24043.0,0.224598,0.253179,NZL,ISR,902221
10558829,173,110,9753,2015,0.0,1641.0,-0.6007819999999999,0.32152800000000004,PER,ISR,902221
10558830,177,110,9753,2015,0.0,41684.0,1.145844,1.1449280000000002,POL,ISR,902221
10558831,185,110,9753,2015,0.0,29138.0,0.946363,1.056775,ROU,ISR,902221
10558832,186,110,9753,2015,0.0,9323.0,0.23119,0.035965,RUS,ISR,902221
10558833,192,110,9753,2015,1275.0,0.0,2.05613,0.593065,SGP,ISR,902221
10558834,216,110,9753,2015,0.0,836827.0,0.965888,1.368572,THA,ISR,902221
10558835,223,110,9753,2015,0.0,36903.0,0.140202,0.967591,TUN,ISR,902221
10558836,228,110,9753,2015,0.0,8415.0,0.429879,0.701813,UKR,ISR,902221
10558837,231,110,9753,2015,96544.0,110562.0,1.720478,-0.129322,USA,ISR,902221
10558838,246,110,9753,2015,0.0,2808.0,0.24944699999999997,1.7573159999999999,ZAF,ISR,902221
10558839,249,110,9753,2015,0.0,28788.0,1.962832,1.214982,TWN,ISR,902221
10558840,4,111,9753,2015,0.0,29312.0,-0.601875,-0.27003,ALB,ITA,902221
10558841,7,111,9753,2015,0.0,64211.0,0.21779600000000002,-0.0047420000000000006,ARE,ITA,902221
10558842,14,111,9753,2015,0.0,225732.0,-0.292325,-0.043489,AUS,ITA,902221
10558843,15,111,9753,2015,1641.0,417636.0,1.747098,-0.08026699999999999,AUT,ITA,902221
10558844,18,111,9753,2015,97245.0,1561.0,1.329866,1.100641,BEL,ITA,902221
10558845,19,111,9753,2015,0.0,2656.0,-0.5641470000000001,-0.8971020000000001,BEN,ITA,902221
10558846,23,111,9753,2015,0.0,255632.0,0.45640699999999995,1.691455,BGR,ITA,902221
10558847,26,111,9753,2015,0.0,195354.0,0.355903,0.723092,BIH,ITA,902221
10558848,31,111,9753,2015,0.0,46148.0,-1.051562,-1.067714,BOL,ITA,902221
10558849,39,111,9753,2015,74710.0,459328.0,0.695867,1.171676,CAN,ITA,902221
10558850,41,111,9753,2015,61239.0,178684.0,2.306075,0.720781,CHE,ITA,902221
10558851,42,111,9753,2015,0.0,5217.0,-0.356167,-0.47629399999999994,CHL,ITA,902221
10558852,43,111,9753,2015,825223.0,13615.0,1.077143,1.735757,CHN,ITA,902221
10558853,61,111,9753,2015,267089.0,0.0,2.203818,-2.307561,DEU,ITA,902221
10558854,64,111,9753,2015,8540.0,10781.0,1.157924,1.2045629999999998,DNK,ITA,902221
10558855,65,111,9753,2015,0.0,5310.0,-0.212808,0.395873,DOM,ITA,902221
10558856,66,111,9753,2015,0.0,33932.0,-1.54346,-1.255633,DZA,ITA,902221
10558857,67,111,9753,2015,0.0,824042.0,-0.9845959999999999,-1.075639,ECU,ITA,902221
10558858,68,111,9753,2015,0.0,203895.0,-0.183053,1.765036,EGY,ITA,902221
10558859,71,111,9753,2015,136201.0,4396.0,0.8173590000000001,2.442556,ESP,ITA,902221
10558860,77,111,9753,2015,1267.0,246649.0,1.479792,0.6490239999999999,FRA,ITA,902221
10558861,81,111,9753,2015,17023410.0,101063.0,1.7422990000000003,0.75838,GBR,ITA,902221
10558862,82,111,9753,2015,0.0,636742.0,-0.343663,-0.588017,GEO,ITA,902221
10558863,90,111,9753,2015,0.0,10826.0,0.099027,1.012289,GRC,ITA,902221
10558864,91,111,9753,2015,0.0,2528.0,0.296552,-0.335908,GRD,ITA,902221
10558865,93,111,9753,2015,0.0,1029.0,-0.284403,0.525564,GTM,ITA,902221
10558866,97,111,9753,2015,5060.0,444073.0,0.8255290000000001,1.8017279999999998,HKG,ITA,902221
10558867,104,111,9753,2015,56173.0,800201.0,0.24230900000000002,2.8190880000000003,IND,ITA,902221
10558868,106,111,9753,2015,0.0,10946.0,1.304942,0.126431,IRL,ITA,902221
10558869,107,111,9753,2015,0.0,854911.0,-0.258946,-0.0073420000000000004,IRN,ITA,902221
10558870,110,111,9753,2015,1323234.0,19712.0,1.260071,0.545545,ISR,ITA,902221
10558871,114,111,9753,2015,0.0,2677.0,2.516133,-0.484202,JPN,ITA,902221
10558872,121,111,9753,2015,6568.0,0.0,1.900653,0.859406,KOR,ITA,902221
10558873,130,111,9753,2015,0.0,57295.0,0.749429,1.3659860000000001,LTU,ITA,902221
10558874,131,111,9753,2015,3379.0,0.0,1.218924,1.247152,LUX,ITA,902221
10558875,134,111,9753,2015,0.0,142516.0,-0.7554810000000001,-0.059697,MAR,ITA,902221
10558876,153,111,9753,2015,0.0,1034.0,1.082803,0.811615,MYS,ITA,902221
10558877,162,111,9753,2015,110126.0,42963.0,1.230104,1.27344,NLD,ITA,902221
10558878,163,111,9753,2015,0.0,7804.0,0.950708,0.314339,NOR,ITA,902221
10558879,168,111,9753,2015,1363.0,0.0,-0.7059979999999999,0.73501,PAK,ITA,902221
10558880,173,111,9753,2015,0.0,22266.0,-0.6007819999999999,0.32152800000000004,PER,ITA,902221
10558881,177,111,9753,2015,0.0,6007.0,1.145844,1.1449280000000002,POL,ITA,902221
10558882,181,111,9753,2015,0.0,111436.0,0.060575,0.5649489999999999,PSE,ITA,902221
10558883,183,111,9753,2015,0.0,11146.0,-0.077053,-0.9922719999999999,QAT,ITA,902221
10558884,185,111,9753,2015,0.0,104116.0,0.946363,1.056775,ROU,ITA,902221
10558885,188,111,9753,2015,210408.0,235884.0,0.5552520000000001,-0.7263229999999999,SAU,ITA,902221
10558886,191,111,9753,2015,0.0,1595.0,-0.708349,-0.296663,SEN,ITA,902221
10558887,192,111,9753,2015,0.0,216125.0,2.05613,0.593065,SGP,ITA,902221
10558888,206,111,9753,2015,5181.0,28005.0,1.287133,0.7900560000000001,SVK,ITA,902221
10558889,208,111,9753,2015,461483.0,14180.0,1.8068349999999997,0.693389,SWE,ITA,902221
10558890,216,111,9753,2015,0.0,84072.0,0.965888,1.368572,THA,ITA,902221
10558891,223,111,9753,2015,0.0,5133.0,0.140202,0.967591,TUN,ITA,902221
10558892,231,111,9753,2015,3968208.0,1001727.0,1.720478,-0.129322,USA,ITA,902221
10558893,246,111,9753,2015,0.0,19593.0,0.24944699999999997,1.7573159999999999,ZAF,ITA,902221
10558894,104,112,9753,2015,4852.0,0.0,0.24230900000000002,2.8190880000000003,IND,JAM,902221
10558895,169,112,9753,2015,87004.0,0.0,0.642058,0.833392,PAN,JAM,902221
10558896,231,112,9753,2015,20398.0,0.0,1.720478,-0.129322,USA,JAM,902221
10558897,181,113,9753,2015,0.0,2367.0,0.060575,0.5649489999999999,PSE,JOR,902221
10558898,183,113,9753,2015,0.0,1816.0,-0.077053,-0.9922719999999999,QAT,JOR,902221
10558899,208,113,9753,2015,59102.0,0.0,1.8068349999999997,0.693389,SWE,JOR,902221
10558900,231,113,9753,2015,33930.0,0.0,1.720478,-0.129322,USA,JOR,902221
10558901,14,114,9753,2015,0.0,5785.0,-0.292325,-0.043489,AUS,JPN,902221
10558902,15,114,9753,2015,3646.0,0.0,1.747098,-0.08026699999999999,AUT,JPN,902221
10558903,18,114,9753,2015,0.0,5341.0,1.329866,1.100641,BEL,JPN,902221
10558904,30,114,9753,2015,0.0,16650.0,0.974592,-0.636426,BMU,JPN,902221
10558905,39,114,9753,2015,0.0,192653.0,0.695867,1.171676,CAN,JPN,902221
10558906,42,114,9753,2015,0.0,171995.0,-0.356167,-0.47629399999999994,CHL,JPN,902221
10558907,43,114,9753,2015,2148429.0,167696.0,1.077143,1.735757,CHN,JPN,902221
10558908,61,114,9753,2015,105928.0,13844.0,2.203818,-2.307561,DEU,JPN,902221
10558909,64,114,9753,2015,2986.0,0.0,1.157924,1.2045629999999998,DNK,JPN,902221
10558910,68,114,9753,2015,0.0,1655.0,-0.183053,1.765036,EGY,JPN,902221
10558911,77,114,9753,2015,0.0,8811.0,1.479792,0.6490239999999999,FRA,JPN,902221
10558912,81,114,9753,2015,154435.0,184429.0,1.7422990000000003,0.75838,GBR,JPN,902221
10558913,99,114,9753,2015,0.0,48090.0,-0.578635,-0.292053,HND,JPN,902221
10558914,103,114,9753,2015,8231.0,0.0,-0.145103,1.277362,IDN,JPN,902221
10558915,104,114,9753,2015,2796.0,1004740.0,0.24230900000000002,2.8190880000000003,IND,JPN,902221
10558916,106,114,9753,2015,3260.0,4860.0,1.304942,0.126431,IRL,JPN,902221
10558917,110,114,9753,2015,173326.0,25651.0,1.260071,0.545545,ISR,JPN,902221
10558918,111,114,9753,2015,2677.0,0.0,1.321127,0.747046,ITA,JPN,902221
10558919,121,114,9753,2015,2320.0,78638.0,1.900653,0.859406,KOR,JPN,902221
10558920,122,114,9753,2015,0.0,100730.0,-0.352023,-1.153057,KWT,JPN,902221
10558921,124,114,9753,2015,0.0,151224.0,0.317355,1.330374,LBN,JPN,902221
10558922,134,114,9753,2015,0.0,324301.0,-0.7554810000000001,-0.059697,MAR,JPN,902221
10558923,143,114,9753,2015,0.0,430369.0,-1.4596120000000001,-0.903904,MMR,JPN,902221
10558924,153,114,9753,2015,0.0,3916474.0,1.082803,0.811615,MYS,JPN,902221
10558925,160,114,9753,2015,0.0,1383.0,-1.102989,-0.952276,NIC,JPN,902221
10558926,162,114,9753,2015,49521.0,9953.0,1.230104,1.27344,NLD,JPN,902221
10558927,168,114,9753,2015,0.0,140631.0,-0.7059979999999999,0.73501,PAK,JPN,902221
10558928,174,114,9753,2015,0.0,11633.0,0.6406270000000001,0.45770200000000005,PHL,JPN,902221
10558929,181,114,9753,2015,0.0,2346.0,0.060575,0.5649489999999999,PSE,JPN,902221
10558930,192,114,9753,2015,0.0,52992.0,2.05613,0.593065,SGP,JPN,902221
10558931,208,114,9753,2015,9349024.0,0.0,1.8068349999999997,0.693389,SWE,JPN,902221
10558932,231,114,9753,2015,6304022.0,1291029.0,1.720478,-0.129322,USA,JPN,902221
10558933,249,114,9753,2015,0.0,240707.0,1.962832,1.214982,TWN,JPN,902221
10558934,7,121,9753,2015,0.0,5911.0,0.21779600000000002,-0.0047420000000000006,ARE,KOR,902221
10558935,14,121,9753,2015,13176.0,3730.0,-0.292325,-0.043489,AUS,KOR,902221
10558936,18,121,9753,2015,0.0,85011.0,1.329866,1.100641,BEL,KOR,902221
10558937,26,121,9753,2015,0.0,124189.0,0.355903,0.723092,BIH,KOR,902221
10558938,31,121,9753,2015,0.0,213793.0,-1.051562,-1.067714,BOL,KOR,902221
10558939,34,121,9753,2015,0.0,1348.0,1.093564,-0.679211,BRN,KOR,902221
10558940,39,121,9753,2015,272619.0,9257.0,0.695867,1.171676,CAN,KOR,902221
10558941,41,121,9753,2015,0.0,4269.0,2.306075,0.720781,CHE,KOR,902221
10558942,42,121,9753,2015,0.0,58656.0,-0.356167,-0.47629399999999994,CHL,KOR,902221
10558943,43,121,9753,2015,0.0,45808.0,1.077143,1.735757,CHN,KOR,902221
10558944,52,121,9753,2015,0.0,7120.0,0.24859699999999998,-0.033143,CRI,KOR,902221
10558945,61,121,9753,2015,10355.0,2050.0,2.203818,-2.307561,DEU,KOR,902221
10558946,67,121,9753,2015,0.0,43810.0,-0.9845959999999999,-1.075639,ECU,KOR,902221
10558947,68,121,9753,2015,0.0,139058.0,-0.183053,1.765036,EGY,KOR,902221
10558948,71,121,9753,2015,2961.0,33772.0,0.8173590000000001,2.442556,ESP,KOR,902221
10558949,77,121,9753,2015,0.0,104299.0,1.479792,0.6490239999999999,FRA,KOR,902221
10558950,81,121,9753,2015,7709968.0,0.0,1.7422990000000003,0.75838,GBR,KOR,902221
10558951,97,121,9753,2015,0.0,92294.0,0.8255290000000001,1.8017279999999998,HKG,KOR,902221
10558952,107,121,9753,2015,0.0,54896.0,-0.258946,-0.0073420000000000004,IRN,KOR,902221
10558953,110,121,9753,2015,1773308.0,0.0,1.260071,0.545545,ISR,KOR,902221
10558954,111,121,9753,2015,0.0,6568.0,1.321127,0.747046,ITA,KOR,902221
10558955,114,121,9753,2015,78638.0,2320.0,2.516133,-0.484202,JPN,KOR,902221
10558956,122,121,9753,2015,0.0,34209.0,-0.352023,-1.153057,KWT,KOR,902221
10558957,128,121,9753,2015,0.0,2128.0,-0.6773399999999999,0.386343,LKA,KOR,902221
10558958,134,121,9753,2015,0.0,2576.0,-0.7554810000000001,-0.059697,MAR,KOR,902221
10558959,143,121,9753,2015,0.0,110553.0,-1.4596120000000001,-0.903904,MMR,KOR,902221
10558960,145,121,9753,2015,0.0,2585.0,-1.244368,-1.196677,MNG,KOR,902221
10558961,153,121,9753,2015,65295.0,122114.0,1.082803,0.811615,MYS,KOR,902221
10558962,162,121,9753,2015,51926.0,0.0,1.230104,1.27344,NLD,KOR,902221
10558963,173,121,9753,2015,0.0,4667.0,-0.6007819999999999,0.32152800000000004,PER,KOR,902221
10558964,177,121,9753,2015,0.0,2340.0,1.145844,1.1449280000000002,POL,KOR,902221
10558965,179,121,9753,2015,0.0,4631.0,0.561922,2.2276380000000002,PRT,KOR,902221
10558966,181,121,9753,2015,0.0,5370.0,0.060575,0.5649489999999999,PSE,KOR,902221
10558967,183,121,9753,2015,0.0,2398.0,-0.077053,-0.9922719999999999,QAT,KOR,902221
10558968,188,121,9753,2015,0.0,17838.0,0.5552520000000001,-0.7263229999999999,SAU,KOR,902221
10558969,190,121,9753,2015,0.0,48379.0,-1.420356,-1.218424,SDN,KOR,902221
10558970,192,121,9753,2015,0.0,7844.0,2.05613,0.593065,SGP,KOR,902221
10558971,201,121,9753,2015,0.0,17625.0,0.457042,1.324908,SRB,KOR,902221
10558972,208,121,9753,2015,1331369.0,0.0,1.8068349999999997,0.693389,SWE,KOR,902221
10558973,216,121,9753,2015,0.0,44945.0,0.965888,1.368572,THA,KOR,902221
10558974,231,121,9753,2015,7621386.0,825577.0,1.720478,-0.129322,USA,KOR,902221
10558975,239,121,9753,2015,0.0,13966.0,-0.17108900000000002,1.10995,VNM,KOR,902221
10558976,246,121,9753,2015,0.0,20468.0,0.24944699999999997,1.7573159999999999,ZAF,KOR,902221
10558977,248,121,9753,2015,0.0,8839.0,-0.838017,-0.9400270000000001,ZWE,KOR,902221
10558978,14,122,9753,2015,6295.0,0.0,-0.292325,-0.043489,AUS,KWT,902221
10558979,64,122,9753,2015,23147.0,0.0,1.157924,1.2045629999999998,DNK,KWT,902221
10558980,114,122,9753,2015,100730.0,0.0,2.516133,-0.484202,JPN,KWT,902221
10558981,121,122,9753,2015,34209.0,0.0,1.900653,0.859406,KOR,KWT,902221
10558982,159,122,9753,2015,0.0,5395.0,-1.415451,-1.157829,NGA,KWT,902221
10558983,231,122,9753,2015,31520.0,0.0,1.720478,-0.129322,USA,KWT,902221
10558984,39,138,9753,2015,449451.0,0.0,0.695867,1.171676,CAN,MEX,902221
10558985,61,138,9753,2015,322660.0,0.0,2.203818,-2.307561,DEU,MEX,902221
10558986,67,138,9753,2015,0.0,12657.0,-0.9845959999999999,-1.075639,ECU,MEX,902221
10558987,81,138,9753,2015,0.0,1496.0,1.7422990000000003,0.75838,GBR,MEX,902221
10558988,110,138,9753,2015,2511.0,0.0,1.260071,0.545545,ISR,MEX,902221
10558989,153,138,9753,2015,0.0,10712.0,1.082803,0.811615,MYS,MEX,902221
10558990,181,138,9753,2015,0.0,83406.0,0.060575,0.5649489999999999,PSE,MEX,902221
10558991,231,138,9753,2015,2296632.0,0.0,1.720478,-0.129322,USA,MEX,902221
10558992,14,153,9753,2015,53269.0,738841.0,-0.292325,-0.043489,AUS,MYS,902221
10558993,18,153,9753,2015,11665.0,4730.0,1.329866,1.100641,BEL,MYS,902221
10558994,22,153,9753,2015,0.0,41601.0,-1.088465,-0.8745360000000001,BGD,MYS,902221
10558995,34,153,9753,2015,0.0,3790.0,1.093564,-0.679211,BRN,MYS,902221
10558996,43,153,9753,2015,89782.0,0.0,1.077143,1.735757,CHN,MYS,902221
10558997,61,153,9753,2015,238574.0,0.0,2.203818,-2.307561,DEU,MYS,902221
10558998,64,153,9753,2015,0.0,4818.0,1.157924,1.2045629999999998,DNK,MYS,902221
10558999,65,153,9753,2015,0.0,7447.0,-0.212808,0.395873,DOM,MYS,902221
10559000,71,153,9753,2015,17942.0,0.0,0.8173590000000001,2.442556,ESP,MYS,902221
10559001,77,153,9753,2015,41972.0,0.0,1.479792,0.6490239999999999,FRA,MYS,902221
10559002,81,153,9753,2015,779749.0,0.0,1.7422990000000003,0.75838,GBR,MYS,902221
10559003,97,153,9753,2015,7605.0,0.0,0.8255290000000001,1.8017279999999998,HKG,MYS,902221
10559004,103,153,9753,2015,0.0,3527.0,-0.145103,1.277362,IDN,MYS,902221
10559005,104,153,9753,2015,2144.0,6553.0,0.24230900000000002,2.8190880000000003,IND,MYS,902221
10559006,106,153,9753,2015,4285.0,0.0,1.304942,0.126431,IRL,MYS,902221
10559007,110,153,9753,2015,30000.0,0.0,1.260071,0.545545,ISR,MYS,902221
10559008,111,153,9753,2015,1034.0,0.0,1.321127,0.747046,ITA,MYS,902221
10559009,114,153,9753,2015,3916474.0,0.0,2.516133,-0.484202,JPN,MYS,902221
10559010,121,153,9753,2015,122114.0,65295.0,1.900653,0.859406,KOR,MYS,902221
10559011,138,153,9753,2015,10712.0,0.0,1.169724,0.61457,MEX,MYS,902221
10559012,143,153,9753,2015,0.0,111128.0,-1.4596120000000001,-0.903904,MMR,MYS,902221
10559013,162,153,9753,2015,98729.0,0.0,1.230104,1.27344,NLD,MYS,902221
10559014,168,153,9753,2015,6831.0,0.0,-0.7059979999999999,0.73501,PAK,MYS,902221
10559015,174,153,9753,2015,0.0,2121.0,0.6406270000000001,0.45770200000000005,PHL,MYS,902221
10559016,181,153,9753,2015,0.0,7190.0,0.060575,0.5649489999999999,PSE,MYS,902221
10559017,192,153,9753,2015,136200.0,1767.0,2.05613,0.593065,SGP,MYS,902221
10559018,208,153,9753,2015,8783.0,0.0,1.8068349999999997,0.693389,SWE,MYS,902221
10559019,216,153,9753,2015,157030.0,116877.0,0.965888,1.368572,THA,MYS,902221
10559020,231,153,9753,2015,470012.0,845978.0,1.720478,-0.129322,USA,MYS,902221
10559021,246,153,9753,2015,3771.0,0.0,0.24944699999999997,1.7573159999999999,ZAF,MYS,902221
10559022,249,153,9753,2015,95876.0,0.0,1.962832,1.214982,TWN,MYS,902221
10559023,7,159,9753,2015,5345.0,0.0,0.21779600000000002,-0.0047420000000000006,ARE,NGA,902221
10559024,43,159,9753,2015,29541.0,0.0,1.077143,1.735757,CHN,NGA,902221
10559025,61,159,9753,2015,1371.0,0.0,2.203818,-2.307561,DEU,NGA,902221
10559026,64,159,9753,2015,1177.0,0.0,1.157924,1.2045629999999998,DNK,NGA,902221
10559027,81,159,9753,2015,30849.0,0.0,1.7422990000000003,0.75838,GBR,NGA,902221
10559028,97,159,9753,2015,3562.0,0.0,0.8255290000000001,1.8017279999999998,HKG,NGA,902221
10559029,104,159,9753,2015,58574.0,0.0,0.24230900000000002,2.8190880000000003,IND,NGA,902221
10559030,122,159,9753,2015,5395.0,0.0,-0.352023,-1.153057,KWT,NGA,902221
10559031,226,159,9753,2015,25503.0,0.0,-1.02395,-0.017509999999999998,TZA,NGA,902221
10559032,231,159,9753,2015,3595.0,0.0,1.720478,-0.129322,USA,NGA,902221
10559033,43,160,9753,2015,18580.0,0.0,1.077143,1.735757,CHN,NIC,902221
10559034,93,160,9753,2015,1139.0,0.0,-0.284403,0.525564,GTM,NIC,902221
10559035,114,160,9753,2015,1383.0,0.0,2.516133,-0.484202,JPN,NIC,902221
10559036,231,160,9753,2015,20346.0,0.0,1.720478,-0.129322,USA,NIC,902221
10559037,7,162,9753,2015,0.0,369622.0,0.21779600000000002,-0.0047420000000000006,ARE,NLD,902221
10559038,8,162,9753,2015,0.0,584487.0,0.116896,0.30330999999999997,ARG,NLD,902221
10559039,14,162,9753,2015,0.0,235137.0,-0.292325,-0.043489,AUS,NLD,902221
10559040,15,162,9753,2015,10033.0,34454.0,1.747098,-0.08026699999999999,AUT,NLD,902221
10559041,18,162,9753,2015,203497.0,219635.0,1.329866,1.100641,BEL,NLD,902221
10559042,20,162,9753,2015,0.0,154959.0,1.036306,-0.715777,BES,NLD,902221
10559043,22,162,9753,2015,0.0,31605.0,-1.088465,-0.8745360000000001,BGD,NLD,902221
10559044,23,162,9753,2015,2433.0,7653.0,0.45640699999999995,1.691455,BGR,NLD,902221
10559045,28,162,9753,2015,0.0,1380804.0,0.672499,0.5584020000000001,BLR,NLD,902221
10559046,32,162,9753,2015,0.0,412915.0,0.23656799999999997,0.688607,BRA,NLD,902221
10559047,39,162,9753,2015,0.0,8994.0,0.695867,1.171676,CAN,NLD,902221
10559048,41,162,9753,2015,0.0,26917.0,2.306075,0.720781,CHE,NLD,902221
10559049,43,162,9753,2015,11205.0,731342.0,1.077143,1.735757,CHN,NLD,902221
10559050,55,162,9753,2015,0.0,60625.0,0.296267,-0.6313350000000001,CUW,NLD,902221
10559051,58,162,9753,2015,0.0,11093.0,0.511225,-0.207261,CYP,NLD,902221
10559052,59,162,9753,2015,5195.0,43970.0,1.743012,0.45424,CZE,NLD,902221
10559053,61,162,9753,2015,271257.0,301119.0,2.203818,-2.307561,DEU,NLD,902221
10559054,64,162,9753,2015,16118.0,177177.0,1.157924,1.2045629999999998,DNK,NLD,902221
10559055,71,162,9753,2015,47366.0,21992.0,0.8173590000000001,2.442556,ESP,NLD,902221
10559056,72,162,9753,2015,1016.0,3549.0,0.9281149999999999,1.1780389999999998,EST,NLD,902221
10559057,74,162,9753,2015,13751.0,13654.0,1.597817,0.998059,FIN,NLD,902221
10559058,77,162,9753,2015,9689.0,221262.0,1.479792,0.6490239999999999,FRA,NLD,902221
10559059,81,162,9753,2015,95014.0,663572.0,1.7422990000000003,0.75838,GBR,NLD,902221
10559060,90,162,9753,2015,2023.0,8095.0,0.099027,1.012289,GRC,NLD,902221
10559061,97,162,9753,2015,15355.0,2484.0,0.8255290000000001,1.8017279999999998,HKG,NLD,902221
10559062,100,162,9753,2015,0.0,3607.0,0.7590140000000001,1.257415,HRV,NLD,902221
10559063,102,162,9753,2015,10201.0,22917.0,1.462839,0.803258,HUN,NLD,902221
10559064,103,162,9753,2015,0.0,2512.0,-0.145103,1.277362,IDN,NLD,902221
10559065,104,162,9753,2015,0.0,565668.0,0.24230900000000002,2.8190880000000003,IND,NLD,902221
10559066,106,162,9753,2015,14240.0,17901.0,1.304942,0.126431,IRL,NLD,902221
10559067,110,162,9753,2015,770574.0,0.0,1.260071,0.545545,ISR,NLD,902221
10559068,111,162,9753,2015,42963.0,110126.0,1.321127,0.747046,ITA,NLD,902221
10559069,114,162,9753,2015,9953.0,49521.0,2.516133,-0.484202,JPN,NLD,902221
10559070,115,162,9753,2015,0.0,24242.0,-0.45091499999999995,-0.652026,KAZ,NLD,902221
10559071,116,162,9753,2015,0.0,12389.0,-0.453564,0.433325,KEN,NLD,902221
10559072,121,162,9753,2015,0.0,51926.0,1.900653,0.859406,KOR,NLD,902221
10559073,130,162,9753,2015,1881.0,4660.0,0.749429,1.3659860000000001,LTU,NLD,902221
10559074,131,162,9753,2015,2104.0,8318.0,1.218924,1.247152,LUX,NLD,902221
10559075,132,162,9753,2015,0.0,2457.0,0.602209,1.125357,LVA,NLD,902221
10559076,142,162,9753,2015,0.0,1394.0,0.880893,-0.117585,MLT,NLD,902221
10559077,153,162,9753,2015,0.0,98729.0,1.082803,0.811615,MYS,NLD,902221
10559078,163,162,9753,2015,4240.0,184485.0,0.950708,0.314339,NOR,NLD,902221
10559079,167,162,9753,2015,0.0,18638.0,-0.4699,-1.00451,OMN,NLD,902221
10559080,168,162,9753,2015,17807.0,0.0,-0.7059979999999999,0.73501,PAK,NLD,902221
10559081,174,162,9753,2015,0.0,112489.0,0.6406270000000001,0.45770200000000005,PHL,NLD,902221
10559082,177,162,9753,2015,24529.0,70322.0,1.145844,1.1449280000000002,POL,NLD,902221
10559083,179,162,9753,2015,5080.0,15942.0,0.561922,2.2276380000000002,PRT,NLD,902221
10559084,181,162,9753,2015,0.0,161363.0,0.060575,0.5649489999999999,PSE,NLD,902221
10559085,185,162,9753,2015,2851.0,31409.0,0.946363,1.056775,ROU,NLD,902221
10559086,186,162,9753,2015,0.0,2095016.0,0.23119,0.035965,RUS,NLD,902221
10559087,206,162,9753,2015,3821.0,9230.0,1.287133,0.7900560000000001,SVK,NLD,902221
10559088,207,162,9753,2015,2980.0,3804.0,1.6089879999999999,0.833616,SVN,NLD,902221
10559089,208,162,9753,2015,35393.0,44418.0,1.8068349999999997,0.693389,SWE,NLD,902221
10559090,210,162,9753,2015,0.0,29052.0,0.945973,-0.7548229999999999,SXM,NLD,902221
10559091,216,162,9753,2015,0.0,149816.0,0.965888,1.368572,THA,NLD,902221
10559092,223,162,9753,2015,0.0,1998.0,0.140202,0.967591,TUN,NLD,902221
10559093,224,162,9753,2015,0.0,85100.0,0.438669,2.519632,TUR,NLD,902221
10559094,227,162,9753,2015,0.0,328464.0,-0.611023,0.078961,UGA,NLD,902221
10559095,231,162,9753,2015,4151990.0,3243786.0,1.720478,-0.129322,USA,NLD,902221
10559096,236,162,9753,2015,0.0,216189.0,-0.9249129999999999,-1.1877280000000001,VEN,NLD,902221
10559097,239,162,9753,2015,0.0,945.0,-0.17108900000000002,1.10995,VNM,NLD,902221
10559098,246,162,9753,2015,0.0,437071.0,0.24944699999999997,1.7573159999999999,ZAF,NLD,902221
10559099,249,162,9753,2015,0.0,161780.0,1.962832,1.214982,TWN,NLD,902221
10559100,250,162,9753,2015,0.0,1050.0,0.377283,-0.092204,ANS,NLD,902221
10559101,14,166,9753,2015,2010902.0,32167.0,-0.292325,-0.043489,AUS,NZL,902221
10559102,18,166,9753,2015,59811.0,0.0,1.329866,1.100641,BEL,NZL,902221
10559103,39,166,9753,2015,268745.0,0.0,0.695867,1.171676,CAN,NZL,902221
10559104,43,166,9753,2015,4087.0,0.0,1.077143,1.735757,CHN,NZL,902221
10559105,61,166,9753,2015,72173.0,24036.0,2.203818,-2.307561,DEU,NZL,902221
10559106,64,166,9753,2015,1782.0,0.0,1.157924,1.2045629999999998,DNK,NZL,902221
10559107,81,166,9753,2015,1899.0,0.0,1.7422990000000003,0.75838,GBR,NZL,902221
10559108,110,166,9753,2015,24043.0,0.0,1.260071,0.545545,ISR,NZL,902221
10559109,192,166,9753,2015,0.0,5438.0,2.05613,0.593065,SGP,NZL,902221
10559110,208,166,9753,2015,25601.0,0.0,1.8068349999999997,0.693389,SWE,NZL,902221
10559111,231,166,9753,2015,98738.0,6030.0,1.720478,-0.129322,USA,NZL,902221
10559112,7,168,9753,2015,0.0,8813.0,0.21779600000000002,-0.0047420000000000006,ARE,PAK,902221
10559113,43,168,9753,2015,4931.0,0.0,1.077143,1.735757,CHN,PAK,902221
10559114,59,168,9753,2015,166109.0,0.0,1.743012,0.45424,CZE,PAK,902221
10559115,81,168,9753,2015,0.0,10424.0,1.7422990000000003,0.75838,GBR,PAK,902221
10559116,104,168,9753,2015,30869.0,0.0,0.24230900000000002,2.8190880000000003,IND,PAK,902221
10559117,111,168,9753,2015,0.0,1363.0,1.321127,0.747046,ITA,PAK,902221
10559118,114,168,9753,2015,140631.0,0.0,2.516133,-0.484202,JPN,PAK,902221
10559119,153,168,9753,2015,0.0,6831.0,1.082803,0.811615,MYS,PAK,902221
10559120,162,168,9753,2015,0.0,17807.0,1.230104,1.27344,NLD,PAK,902221
10559121,181,168,9753,2015,0.0,5108.0,0.060575,0.5649489999999999,PSE,PAK,902221
10559122,231,168,9753,2015,99195.0,0.0,1.720478,-0.129322,USA,PAK,902221
10559123,250,168,9753,2015,6213.0,0.0,0.377283,-0.092204,ANS,PAK,902221
10559124,43,169,9753,2015,10017.0,0.0,1.077143,1.735757,CHN,PAN,902221
10559125,49,169,9753,2015,14626.0,0.0,0.156383,-0.183055,COL,PAN,902221
10559126,54,169,9753,2015,0.0,558656.0,-0.694839,-1.093439,CUB,PAN,902221
10559127,112,169,9753,2015,0.0,87004.0,-0.438267,-0.828097,JAM,PAN,902221
10559128,197,169,9753,2015,0.0,3886.0,0.05531900000000001,0.169073,SLV,PAN,902221
10559129,231,169,9753,2015,677694.0,1040.0,1.720478,-0.129322,USA,PAN,902221
10559130,236,169,9753,2015,0.0,341350.0,-0.9249129999999999,-1.1877280000000001,VEN,PAN,902221
10559131,39,173,9753,2015,523706.0,0.0,0.695867,1.171676,CAN,PER,902221
10559132,61,173,9753,2015,108137.0,1856.0,2.203818,-2.307561,DEU,PER,902221
10559133,64,173,9753,2015,1278.0,0.0,1.157924,1.2045629999999998,DNK,PER,902221
10559134,77,173,9753,2015,42342.0,0.0,1.479792,0.6490239999999999,FRA,PER,902221
10559135,110,173,9753,2015,1641.0,0.0,1.260071,0.545545,ISR,PER,902221
10559136,111,173,9753,2015,22266.0,0.0,1.321127,0.747046,ITA,PER,902221
10559137,121,173,9753,2015,4667.0,0.0,1.900653,0.859406,KOR,PER,902221
10559138,208,173,9753,2015,1536.0,0.0,1.8068349999999997,0.693389,SWE,PER,902221
10559139,231,173,9753,2015,291105.0,0.0,1.720478,-0.129322,USA,PER,902221
10559140,8,174,9753,2015,23273.0,0.0,0.116896,0.30330999999999997,ARG,PHL,902221
10559141,14,174,9753,2015,123374.0,0.0,-0.292325,-0.043489,AUS,PHL,902221
10559142,41,174,9753,2015,6287.0,0.0,2.306075,0.720781,CHE,PHL,902221
10559143,43,174,9753,2015,7664.0,0.0,1.077143,1.735757,CHN,PHL,902221
10559144,61,174,9753,2015,143220.0,0.0,2.203818,-2.307561,DEU,PHL,902221
10559145,104,174,9753,2015,3575.0,0.0,0.24230900000000002,2.8190880000000003,IND,PHL,902221
10559146,114,174,9753,2015,11633.0,0.0,2.516133,-0.484202,JPN,PHL,902221
10559147,143,174,9753,2015,0.0,190264.0,-1.4596120000000001,-0.903904,MMR,PHL,902221
10559148,153,174,9753,2015,2121.0,0.0,1.082803,0.811615,MYS,PHL,902221
10559149,162,174,9753,2015,112489.0,0.0,1.230104,1.27344,NLD,PHL,902221
10559150,231,174,9753,2015,367513.0,0.0,1.720478,-0.129322,USA,PHL,902221
10559151,249,174,9753,2015,2271.0,0.0,1.962832,1.214982,TWN,PHL,902221
10559152,14,177,9753,2015,0.0,90518.0,-0.292325,-0.043489,AUS,POL,902221
10559153,28,177,9753,2015,0.0,553811.0,0.672499,0.5584020000000001,BLR,POL,902221
10559154,41,177,9753,2015,0.0,2519.0,2.306075,0.720781,CHE,POL,902221
10559155,43,177,9753,2015,25749.0,0.0,1.077143,1.735757,CHN,POL,902221
10559156,45,177,9753,2015,0.0,6648.0,-0.924366,-1.040721,CMR,POL,902221
10559157,61,177,9753,2015,104244.0,0.0,2.203818,-2.307561,DEU,POL,902221
10559158,71,177,9753,2015,168991.0,0.0,0.8173590000000001,2.442556,ESP,POL,902221
10559159,77,177,9753,2015,76121.0,0.0,1.479792,0.6490239999999999,FRA,POL,902221
10559160,103,177,9753,2015,0.0,16812.0,-0.145103,1.277362,IDN,POL,902221
10559161,110,177,9753,2015,41684.0,0.0,1.260071,0.545545,ISR,POL,902221
10559162,111,177,9753,2015,6007.0,0.0,1.321127,0.747046,ITA,POL,902221
10559163,121,177,9753,2015,2340.0,0.0,1.900653,0.859406,KOR,POL,902221
10559164,162,177,9753,2015,70322.0,24529.0,1.230104,1.27344,NLD,POL,902221
10559165,181,177,9753,2015,0.0,2783.0,0.060575,0.5649489999999999,PSE,POL,902221
10559166,186,177,9753,2015,0.0,6275.0,0.23119,0.035965,RUS,POL,902221
10559167,228,177,9753,2015,0.0,34095.0,0.429879,0.701813,UKR,POL,902221
10559168,231,177,9753,2015,88562.0,0.0,1.720478,-0.129322,USA,POL,902221
10559169,239,177,9753,2015,0.0,1450.0,-0.17108900000000002,1.10995,VNM,POL,902221
10559170,246,177,9753,2015,0.0,2009.0,0.24944699999999997,1.7573159999999999,ZAF,POL,902221
10559171,250,177,9753,2015,196993.0,0.0,0.377283,-0.092204,ANS,POL,902221
10559172,2,179,9753,2015,0.0,44646.0,-1.6542,-1.2598989999999999,AGO,PRT,902221
10559173,51,179,9753,2015,0.0,2427.0,-0.263621,-0.772158,CPV,PRT,902221
10559174,59,179,9753,2015,57254.0,0.0,1.743012,0.45424,CZE,PRT,902221
10559175,61,179,9753,2015,9008.0,0.0,2.203818,-2.307561,DEU,PRT,902221
10559176,71,179,9753,2015,8539948.0,0.0,0.8173590000000001,2.442556,ESP,PRT,902221
10559177,77,179,9753,2015,536536.0,111797.0,1.479792,0.6490239999999999,FRA,PRT,902221
10559178,81,179,9753,2015,0.0,115209.0,1.7422990000000003,0.75838,GBR,PRT,902221
10559179,121,179,9753,2015,4631.0,0.0,1.900653,0.859406,KOR,PRT,902221
10559180,148,179,9753,2015,0.0,9579.0,-1.5597450000000002,-1.3209229999999998,MRT,PRT,902221
10559181,162,179,9753,2015,15942.0,5080.0,1.230104,1.27344,NLD,PRT,902221
10559182,163,179,9753,2015,3810.0,0.0,0.950708,0.314339,NOR,PRT,902221
10559183,203,179,9753,2015,0.0,3805.0,1.051934,-0.304408,STP,PRT,902221
10559184,231,179,9753,2015,53376.0,0.0,1.720478,-0.129322,USA,PRT,902221
10559185,231,180,9753,2015,5720.0,0.0,1.720478,-0.129322,USA,PRY,902221
10559186,15,181,9753,2015,4008.0,0.0,1.747098,-0.08026699999999999,AUT,PSE,902221
10559187,18,181,9753,2015,6830.0,0.0,1.329866,1.100641,BEL,PSE,902221
10559188,41,181,9753,2015,55512.0,0.0,2.306075,0.720781,CHE,PSE,902221
10559189,43,181,9753,2015,102287.0,0.0,1.077143,1.735757,CHN,PSE,902221
10559190,52,181,9753,2015,2225.0,0.0,0.24859699999999998,-0.033143,CRI,PSE,902221
10559191,61,181,9753,2015,1106404.0,0.0,2.203818,-2.307561,DEU,PSE,902221
10559192,71,181,9753,2015,1651.0,0.0,0.8173590000000001,2.442556,ESP,PSE,902221
10559193,77,181,9753,2015,11028.0,0.0,1.479792,0.6490239999999999,FRA,PSE,902221
10559194,81,181,9753,2015,1202.0,0.0,1.7422990000000003,0.75838,GBR,PSE,902221
10559195,97,181,9753,2015,7851.0,0.0,0.8255290000000001,1.8017279999999998,HKG,PSE,902221
10559196,102,181,9753,2015,59419.0,0.0,1.462839,0.803258,HUN,PSE,902221
10559197,104,181,9753,2015,106312.0,0.0,0.24230900000000002,2.8190880000000003,IND,PSE,902221
10559198,106,181,9753,2015,7361.0,0.0,1.304942,0.126431,IRL,PSE,902221
10559199,111,181,9753,2015,111436.0,0.0,1.321127,0.747046,ITA,PSE,902221
10559200,113,181,9753,2015,2367.0,0.0,0.121172,0.457301,JOR,PSE,902221
10559201,114,181,9753,2015,2346.0,0.0,2.516133,-0.484202,JPN,PSE,902221
10559202,121,181,9753,2015,5370.0,0.0,1.900653,0.859406,KOR,PSE,902221
10559203,131,181,9753,2015,1473.0,0.0,1.218924,1.247152,LUX,PSE,902221
10559204,138,181,9753,2015,83406.0,0.0,1.169724,0.61457,MEX,PSE,902221
10559205,153,181,9753,2015,7190.0,0.0,1.082803,0.811615,MYS,PSE,902221
10559206,162,181,9753,2015,161363.0,0.0,1.230104,1.27344,NLD,PSE,902221
10559207,168,181,9753,2015,5108.0,0.0,-0.7059979999999999,0.73501,PAK,PSE,902221
10559208,177,181,9753,2015,2783.0,0.0,1.145844,1.1449280000000002,POL,PSE,902221
10559209,192,181,9753,2015,19447.0,0.0,2.05613,0.593065,SGP,PSE,902221
10559210,216,181,9753,2015,3086.0,0.0,0.965888,1.368572,THA,PSE,902221
10559211,224,181,9753,2015,19085.0,0.0,0.438669,2.519632,TUR,PSE,902221
10559212,231,181,9753,2015,7193.0,0.0,1.720478,-0.129322,USA,PSE,902221
10559213,239,181,9753,2015,2877.0,0.0,-0.17108900000000002,1.10995,VNM,PSE,902221
10559214,24,188,9753,2015,6109.0,0.0,0.36650900000000003,-0.28735,BHR,SAU,902221
10559215,41,188,9753,2015,753404.0,0.0,2.306075,0.720781,CHE,SAU,902221
10559216,43,188,9753,2015,124810.0,0.0,1.077143,1.735757,CHN,SAU,902221
10559217,61,188,9753,2015,319964.0,94942.0,2.203818,-2.307561,DEU,SAU,902221
10559218,71,188,9753,2015,31706.0,0.0,0.8173590000000001,2.442556,ESP,SAU,902221
10559219,74,188,9753,2015,79434.0,0.0,1.597817,0.998059,FIN,SAU,902221
10559220,81,188,9753,2015,24804.0,0.0,1.7422990000000003,0.75838,GBR,SAU,902221
10559221,104,188,9753,2015,5240.0,0.0,0.24230900000000002,2.8190880000000003,IND,SAU,902221
10559222,106,188,9753,2015,5019.0,0.0,1.304942,0.126431,IRL,SAU,902221
10559223,111,188,9753,2015,235884.0,210408.0,1.321127,0.747046,ITA,SAU,902221
10559224,121,188,9753,2015,17838.0,0.0,1.900653,0.859406,KOR,SAU,902221
10559225,134,188,9753,2015,0.0,742794.0,-0.7554810000000001,-0.059697,MAR,SAU,902221
10559226,208,188,9753,2015,0.0,1268.0,1.8068349999999997,0.693389,SWE,SAU,902221
10559227,231,188,9753,2015,1341360.0,272887.0,1.720478,-0.129322,USA,SAU,902221
10559228,121,190,9753,2015,48379.0,0.0,1.900653,0.859406,KOR,SDN,902221
10559229,18,192,9753,2015,216778.0,0.0,1.329866,1.100641,BEL,SGP,902221
10559230,24,192,9753,2015,0.0,3637.0,0.36650900000000003,-0.28735,BHR,SGP,902221
10559231,34,192,9753,2015,34881.0,163018.0,1.093564,-0.679211,BRN,SGP,902221
10559232,61,192,9753,2015,6075.0,0.0,2.203818,-2.307561,DEU,SGP,902221
10559233,77,192,9753,2015,18755.0,12172.0,1.479792,0.6490239999999999,FRA,SGP,902221
10559234,102,192,9753,2015,29242.0,0.0,1.462839,0.803258,HUN,SGP,902221
10559235,103,192,9753,2015,0.0,446668.0,-0.145103,1.277362,IDN,SGP,902221
10559236,104,192,9753,2015,0.0,346405.0,0.24230900000000002,2.8190880000000003,IND,SGP,902221
10559237,110,192,9753,2015,0.0,1275.0,1.260071,0.545545,ISR,SGP,902221
10559238,111,192,9753,2015,216125.0,0.0,1.321127,0.747046,ITA,SGP,902221
10559239,114,192,9753,2015,52992.0,0.0,2.516133,-0.484202,JPN,SGP,902221
10559240,118,192,9753,2015,0.0,9685.0,-0.791985,-0.833046,KHM,SGP,902221
10559241,121,192,9753,2015,7844.0,0.0,1.900653,0.859406,KOR,SGP,902221
10559242,143,192,9753,2015,0.0,1791538.0,-1.4596120000000001,-0.903904,MMR,SGP,902221
10559243,153,192,9753,2015,1767.0,136200.0,1.082803,0.811615,MYS,SGP,902221
10559244,166,192,9753,2015,5438.0,0.0,0.224598,0.253179,NZL,SGP,902221
10559245,181,192,9753,2015,0.0,19447.0,0.060575,0.5649489999999999,PSE,SGP,902221
10559246,186,192,9753,2015,51711.0,0.0,0.23119,0.035965,RUS,SGP,902221
10559247,216,192,9753,2015,0.0,851868.0,0.965888,1.368572,THA,SGP,902221
10559248,224,192,9753,2015,15875.0,0.0,0.438669,2.519632,TUR,SGP,902221
10559249,231,192,9753,2015,184497.0,212636.0,1.720478,-0.129322,USA,SGP,902221
10559250,239,192,9753,2015,0.0,255940.0,-0.17108900000000002,1.10995,VNM,SGP,902221
10559251,169,197,9753,2015,3886.0,0.0,0.642058,0.833392,PAN,SLV,902221
10559252,231,197,9753,2015,4341.0,0.0,1.720478,-0.129322,USA,SLV,902221
10559253,8,208,9753,2015,0.0,2163957.0,0.116896,0.30330999999999997,ARG,SWE,902221
10559254,14,208,9753,2015,0.0,2004714.0,-0.292325,-0.043489,AUS,SWE,902221
10559255,18,208,9753,2015,7926.0,0.0,1.329866,1.100641,BEL,SWE,902221
10559256,32,208,9753,2015,0.0,5816.0,0.23656799999999997,0.688607,BRA,SWE,902221
10559257,39,208,9753,2015,0.0,34049.0,0.695867,1.171676,CAN,SWE,902221
10559258,41,208,9753,2015,57674.0,2061.0,2.306075,0.720781,CHE,SWE,902221
10559259,42,208,9753,2015,0.0,1926.0,-0.356167,-0.47629399999999994,CHL,SWE,902221
10559260,43,208,9753,2015,1507.0,7494101.0,1.077143,1.735757,CHN,SWE,902221
10559261,59,208,9753,2015,0.0,1920.0,1.743012,0.45424,CZE,SWE,902221
10559262,61,208,9753,2015,16570.0,4763723.0,2.203818,-2.307561,DEU,SWE,902221
10559263,64,208,9753,2015,9441.0,5628.0,1.157924,1.2045629999999998,DNK,SWE,902221
10559264,65,208,9753,2015,0.0,638.0,-0.212808,0.395873,DOM,SWE,902221
10559265,71,208,9753,2015,0.0,1806.0,0.8173590000000001,2.442556,ESP,SWE,902221
10559266,77,208,9753,2015,20183.0,1256.0,1.479792,0.6490239999999999,FRA,SWE,902221
10559267,81,208,9753,2015,8887.0,10019.0,1.7422990000000003,0.75838,GBR,SWE,902221
10559268,85,208,9753,2015,0.0,2274.0,-1.288329,-1.167532,GIN,SWE,902221
10559269,97,208,9753,2015,11540.0,1831144.0,0.8255290000000001,1.8017279999999998,HKG,SWE,902221
10559270,104,208,9753,2015,2520.0,162299.0,0.24230900000000002,2.8190880000000003,IND,SWE,902221
10559271,106,208,9753,2015,0.0,924.0,1.304942,0.126431,IRL,SWE,902221
10559272,108,208,9753,2015,0.0,4863.0,-1.465803,-0.912113,IRQ,SWE,902221
10559273,111,208,9753,2015,14180.0,461483.0,1.321127,0.747046,ITA,SWE,902221
10559274,113,208,9753,2015,0.0,59102.0,0.121172,0.457301,JOR,SWE,902221
10559275,114,208,9753,2015,0.0,9349024.0,2.516133,-0.484202,JPN,SWE,902221
10559276,121,208,9753,2015,0.0,1331369.0,1.900653,0.859406,KOR,SWE,902221
10559277,153,208,9753,2015,0.0,8783.0,1.082803,0.811615,MYS,SWE,902221
10559278,162,208,9753,2015,44418.0,35393.0,1.230104,1.27344,NLD,SWE,902221
10559279,163,208,9753,2015,211116.0,591193.0,0.950708,0.314339,NOR,SWE,902221
10559280,166,208,9753,2015,0.0,25601.0,0.224598,0.253179,NZL,SWE,902221
10559281,173,208,9753,2015,0.0,1536.0,-0.6007819999999999,0.32152800000000004,PER,SWE,902221
10559282,185,208,9753,2015,0.0,452105.0,0.946363,1.056775,ROU,SWE,902221
10559283,186,208,9753,2015,0.0,7253.0,0.23119,0.035965,RUS,SWE,902221
10559284,188,208,9753,2015,1268.0,0.0,0.5552520000000001,-0.7263229999999999,SAU,SWE,902221
10559285,201,208,9753,2015,0.0,1408000.0,0.457042,1.324908,SRB,SWE,902221
10559286,231,208,9753,2015,136567.0,17840224.0,1.720478,-0.129322,USA,SWE,902221
10559287,14,216,9753,2015,0.0,195802.0,-0.292325,-0.043489,AUS,THA,902221
10559288,39,216,9753,2015,162302.0,0.0,0.695867,1.171676,CAN,THA,902221
10559289,61,216,9753,2015,209510.0,0.0,2.203818,-2.307561,DEU,THA,902221
10559290,81,216,9753,2015,635970.0,0.0,1.7422990000000003,0.75838,GBR,THA,902221
10559291,103,216,9753,2015,94308.0,0.0,-0.145103,1.277362,IDN,THA,902221
10559292,110,216,9753,2015,836827.0,0.0,1.260071,0.545545,ISR,THA,902221
10559293,111,216,9753,2015,84072.0,0.0,1.321127,0.747046,ITA,THA,902221
10559294,121,216,9753,2015,44945.0,0.0,1.900653,0.859406,KOR,THA,902221
10559295,123,216,9753,2015,0.0,87823.0,-0.927524,-0.74525,LAO,THA,902221
10559296,143,216,9753,2015,0.0,33981.0,-1.4596120000000001,-0.903904,MMR,THA,902221
10559297,153,216,9753,2015,116877.0,157030.0,1.082803,0.811615,MYS,THA,902221
10559298,162,216,9753,2015,149816.0,0.0,1.230104,1.27344,NLD,THA,902221
10559299,181,216,9753,2015,0.0,3086.0,0.060575,0.5649489999999999,PSE,THA,902221
10559300,192,216,9753,2015,851868.0,0.0,2.05613,0.593065,SGP,THA,902221
10559301,231,216,9753,2015,185248.0,0.0,1.720478,-0.129322,USA,THA,902221
10559302,61,222,9753,2015,255792.0,0.0,2.203818,-2.307561,DEU,TTO,902221
10559303,71,222,9753,2015,133663.0,0.0,0.8173590000000001,2.442556,ESP,TTO,902221
10559304,81,222,9753,2015,1562.0,0.0,1.7422990000000003,0.75838,GBR,TTO,902221
10559305,104,222,9753,2015,1445.0,0.0,0.24230900000000002,2.8190880000000003,IND,TTO,902221
10559306,231,222,9753,2015,195685.0,2813.0,1.720478,-0.129322,USA,TTO,902221
10559307,16,224,9753,2015,0.0,27825.0,-0.983347,-1.231542,AZE,TUR,902221
10559308,18,224,9753,2015,0.0,2179.0,1.329866,1.100641,BEL,TUR,902221
10559309,61,224,9753,2015,411407.0,0.0,2.203818,-2.307561,DEU,TUR,902221
10559310,68,224,9753,2015,0.0,49255.0,-0.183053,1.765036,EGY,TUR,902221
10559311,71,224,9753,2015,413569.0,0.0,0.8173590000000001,2.442556,ESP,TUR,902221
10559312,81,224,9753,2015,13899.0,42360.0,1.7422990000000003,0.75838,GBR,TUR,902221
10559313,104,224,9753,2015,43526.0,0.0,0.24230900000000002,2.8190880000000003,IND,TUR,902221
10559314,107,224,9753,2015,69630.0,0.0,-0.258946,-0.0073420000000000004,IRN,TUR,902221
10559315,108,224,9753,2015,0.0,13708.0,-1.465803,-0.912113,IRQ,TUR,902221
10559316,126,224,9753,2015,0.0,3335.0,-1.3257219999999998,-1.260453,LBY,TUR,902221
10559317,162,224,9753,2015,85100.0,0.0,1.230104,1.27344,NLD,TUR,902221
10559318,181,224,9753,2015,0.0,19085.0,0.060575,0.5649489999999999,PSE,TUR,902221
10559319,185,224,9753,2015,0.0,1920.0,0.946363,1.056775,ROU,TUR,902221
10559320,192,224,9753,2015,0.0,15875.0,2.05613,0.593065,SGP,TUR,902221
10559321,219,224,9753,2015,0.0,9189.0,-1.546516,-1.315803,TKM,TUR,902221
10559322,231,224,9753,2015,270001.0,0.0,1.720478,-0.129322,USA,TUR,902221
10559323,59,228,9753,2015,0.0,14344.0,1.743012,0.45424,CZE,UKR,902221
10559324,71,228,9753,2015,0.0,63459.0,0.8173590000000001,2.442556,ESP,UKR,902221
10559325,110,228,9753,2015,8415.0,0.0,1.260071,0.545545,ISR,UKR,902221
10559326,177,228,9753,2015,34095.0,0.0,1.145844,1.1449280000000002,POL,UKR,902221
10559327,186,228,9753,2015,10483.0,0.0,0.23119,0.035965,RUS,UKR,902221
10559328,206,228,9753,2015,0.0,40996.0,1.287133,0.7900560000000001,SVK,UKR,902221
10559329,231,230,9753,2015,9269.0,0.0,1.720478,-0.129322,USA,URY,902221
10559330,0,231,9753,2015,0.0,32556.0,0.8526809999999999,-0.043541,ABW,USA,902221
10559331,2,231,9753,2015,0.0,88225.0,-1.6542,-1.2598989999999999,AGO,USA,902221
10559332,7,231,9753,2015,0.0,186063.0,0.21779600000000002,-0.0047420000000000006,ARE,USA,902221
10559333,8,231,9753,2015,0.0,336256.0,0.116896,0.30330999999999997,ARG,USA,902221
10559334,13,231,9753,2015,0.0,4297.0,0.43318,-0.552045,ATG,USA,902221
10559335,14,231,9753,2015,0.0,1046932.0,-0.292325,-0.043489,AUS,USA,902221
10559336,15,231,9753,2015,0.0,191532.0,1.747098,-0.08026699999999999,AUT,USA,902221
10559337,16,231,9753,2015,0.0,216633.0,-0.983347,-1.231542,AZE,USA,902221
10559338,18,231,9753,2015,570058.0,6718588.0,1.329866,1.100641,BEL,USA,902221
10559339,23,231,9753,2015,0.0,581509.0,0.45640699999999995,1.691455,BGR,USA,902221
10559340,24,231,9753,2015,0.0,8222.0,0.36650900000000003,-0.28735,BHR,USA,902221
10559341,25,231,9753,2015,0.0,55648.0,0.669493,-0.37838099999999997,BHS,USA,902221
10559342,26,231,9753,2015,0.0,8948.0,0.355903,0.723092,BIH,USA,902221
10559343,28,231,9753,2015,0.0,1405.0,0.672499,0.5584020000000001,BLR,USA,902221
10559344,29,231,9753,2015,0.0,2440.0,-0.24283600000000002,-0.577408,BLZ,USA,902221
10559345,30,231,9753,2015,0.0,75542.0,0.974592,-0.636426,BMU,USA,902221
10559346,31,231,9753,2015,0.0,4825.0,-1.051562,-1.067714,BOL,USA,902221
10559347,32,231,9753,2015,0.0,1857812.0,0.23656799999999997,0.688607,BRA,USA,902221
10559348,33,231,9753,2015,12767.0,26349.0,0.453689,0.039237,BRB,USA,902221
10559349,39,231,9753,2015,2191065.0,2977498.0,0.695867,1.171676,CAN,USA,902221
10559350,41,231,9753,2015,26620.0,5867638.0,2.306075,0.720781,CHE,USA,902221
10559351,42,231,9753,2015,0.0,166364.0,-0.356167,-0.47629399999999994,CHL,USA,902221
10559352,43,231,9753,2015,831658.0,5992191.0,1.077143,1.735757,CHN,USA,902221
10559353,49,231,9753,2015,4072.0,702374.0,0.156383,-0.183055,COL,USA,902221
10559354,52,231,9753,2015,0.0,209147.0,0.24859699999999998,-0.033143,CRI,USA,902221
10559355,57,231,9753,2015,0.0,3700.0,0.275472,-0.831835,CYM,USA,902221
10559356,58,231,9753,2015,0.0,20572.0,0.511225,-0.207261,CYP,USA,902221
10559357,59,231,9753,2015,0.0,8060.0,1.743012,0.45424,CZE,USA,902221
10559358,61,231,9753,2015,3275650.0,1964251.0,2.203818,-2.307561,DEU,USA,902221
10559359,64,231,9753,2015,14048.0,78274.0,1.157924,1.2045629999999998,DNK,USA,902221
10559360,65,231,9753,2015,0.0,269956.0,-0.212808,0.395873,DOM,USA,902221
10559361,67,231,9753,2015,0.0,370434.0,-0.9845959999999999,-1.075639,ECU,USA,902221
10559362,68,231,9753,2015,0.0,36312.0,-0.183053,1.765036,EGY,USA,902221
10559363,71,231,9753,2015,173265.0,394805.0,0.8173590000000001,2.442556,ESP,USA,902221
10559364,73,231,9753,2015,0.0,110042.0,-1.004896,-0.721019,ETH,USA,902221
10559365,74,231,9753,2015,4442.0,59985.0,1.597817,0.998059,FIN,USA,902221
10559366,77,231,9753,2015,288470.0,349755.0,1.479792,0.6490239999999999,FRA,USA,902221
10559367,81,231,9753,2015,924038.0,2071523.0,1.7422990000000003,0.75838,GBR,USA,902221
10559368,82,231,9753,2015,0.0,86494.0,-0.343663,-0.588017,GEO,USA,902221
10559369,83,231,9753,2015,0.0,5077.0,-0.750568,-0.690257,GHA,USA,902221
10559370,90,231,9753,2015,0.0,50057.0,0.099027,1.012289,GRC,USA,902221
10559371,91,231,9753,2015,0.0,37456.0,0.296552,-0.335908,GRD,USA,902221
10559372,93,231,9753,2015,0.0,39309.0,-0.284403,0.525564,GTM,USA,902221
10559373,97,231,9753,2015,0.0,1432508.0,0.8255290000000001,1.8017279999999998,HKG,USA,902221
10559374,99,231,9753,2015,0.0,22327.0,-0.578635,-0.292053,HND,USA,902221
10559375,100,231,9753,2015,0.0,1525.0,0.7590140000000001,1.257415,HRV,USA,902221
10559376,102,231,9753,2015,55372.0,299412.0,1.462839,0.803258,HUN,USA,902221
10559377,103,231,9753,2015,0.0,171339.0,-0.145103,1.277362,IDN,USA,902221
10559378,104,231,9753,2015,34251.0,538132.0,0.24230900000000002,2.8190880000000003,IND,USA,902221
10559379,106,231,9753,2015,33796.0,168569.0,1.304942,0.126431,IRL,USA,902221
10559380,108,231,9753,2015,0.0,54999.0,-1.465803,-0.912113,IRQ,USA,902221
10559381,110,231,9753,2015,110562.0,96544.0,1.260071,0.545545,ISR,USA,902221
10559382,111,231,9753,2015,1001727.0,3968208.0,1.321127,0.747046,ITA,USA,902221
10559383,112,231,9753,2015,0.0,20398.0,-0.438267,-0.828097,JAM,USA,902221
10559384,113,231,9753,2015,0.0,33930.0,0.121172,0.457301,JOR,USA,902221
10559385,114,231,9753,2015,1291029.0,6304022.0,2.516133,-0.484202,JPN,USA,902221
10559386,115,231,9753,2015,0.0,62234.0,-0.45091499999999995,-0.652026,KAZ,USA,902221
10559387,116,231,9753,2015,0.0,47040.0,-0.453564,0.433325,KEN,USA,902221
10559388,120,231,9753,2015,0.0,2931.0,0.8252430000000001,-0.436662,KNA,USA,902221
10559389,121,231,9753,2015,825577.0,7621386.0,1.900653,0.859406,KOR,USA,902221
10559390,122,231,9753,2015,0.0,31520.0,-0.352023,-1.153057,KWT,USA,902221
10559391,124,231,9753,2015,0.0,28640.0,0.317355,1.330374,LBN,USA,902221
10559392,128,231,9753,2015,0.0,30801.0,-0.6773399999999999,0.386343,LKA,USA,902221
10559393,130,231,9753,2015,5285.0,0.0,0.749429,1.3659860000000001,LTU,USA,902221
10559394,132,231,9753,2015,0.0,13692.0,0.602209,1.125357,LVA,USA,902221
10559395,134,231,9753,2015,0.0,57358.0,-0.7554810000000001,-0.059697,MAR,USA,902221
10559396,138,231,9753,2015,0.0,2296632.0,1.169724,0.61457,MEX,USA,902221
10559397,142,231,9753,2015,0.0,50070.0,0.880893,-0.117585,MLT,USA,902221
10559398,143,231,9753,2015,0.0,216991.0,-1.4596120000000001,-0.903904,MMR,USA,902221
10559399,144,231,9753,2015,0.0,2436.0,-0.048385000000000004,-0.150759,MNE,USA,902221
10559400,148,231,9753,2015,0.0,17218.0,-1.5597450000000002,-1.3209229999999998,MRT,USA,902221
10559401,151,231,9753,2015,0.0,47929.0,-0.231762,-0.195051,MUS,USA,902221
10559402,153,231,9753,2015,845978.0,470012.0,1.082803,0.811615,MYS,USA,902221
10559403,159,231,9753,2015,0.0,3595.0,-1.415451,-1.157829,NGA,USA,902221
10559404,160,231,9753,2015,0.0,20346.0,-1.102989,-0.952276,NIC,USA,902221
10559405,162,231,9753,2015,3243786.0,4151990.0,1.230104,1.27344,NLD,USA,902221
10559406,163,231,9753,2015,0.0,7528.0,0.950708,0.314339,NOR,USA,902221
10559407,164,231,9753,2015,0.0,7215.0,-0.290416,0.456716,NPL,USA,902221
10559408,166,231,9753,2015,6030.0,98738.0,0.224598,0.253179,NZL,USA,902221
10559409,167,231,9753,2015,0.0,3246.0,-0.4699,-1.00451,OMN,USA,902221
10559410,168,231,9753,2015,0.0,99195.0,-0.7059979999999999,0.73501,PAK,USA,902221
10559411,169,231,9753,2015,1040.0,677694.0,0.642058,0.833392,PAN,USA,902221
10559412,173,231,9753,2015,0.0,291105.0,-0.6007819999999999,0.32152800000000004,PER,USA,902221
10559413,174,231,9753,2015,0.0,367513.0,0.6406270000000001,0.45770200000000005,PHL,USA,902221
10559414,177,231,9753,2015,0.0,88562.0,1.145844,1.1449280000000002,POL,USA,902221
10559415,179,231,9753,2015,0.0,53376.0,0.561922,2.2276380000000002,PRT,USA,902221
10559416,180,231,9753,2015,0.0,5720.0,-0.471106,-0.9431139999999999,PRY,USA,902221
10559417,181,231,9753,2015,0.0,7193.0,0.060575,0.5649489999999999,PSE,USA,902221
10559418,183,231,9753,2015,0.0,221884.0,-0.077053,-0.9922719999999999,QAT,USA,902221
10559419,185,231,9753,2015,0.0,56974.0,0.946363,1.056775,ROU,USA,902221
10559420,186,231,9753,2015,0.0,1319470.0,0.23119,0.035965,RUS,USA,902221
10559421,188,231,9753,2015,272887.0,1341360.0,0.5552520000000001,-0.7263229999999999,SAU,USA,902221
10559422,192,231,9753,2015,212636.0,184497.0,2.05613,0.593065,SGP,USA,902221
10559423,197,231,9753,2015,0.0,4341.0,0.05531900000000001,0.169073,SLV,USA,902221
10559424,199,231,9753,2015,0.0,5280.0,-1.716689,-1.078134,SOM,USA,902221
10559425,201,231,9753,2015,0.0,17462.0,0.457042,1.324908,SRB,USA,902221
10559426,206,231,9753,2015,0.0,17250.0,1.287133,0.7900560000000001,SVK,USA,902221
10559427,207,231,9753,2015,0.0,10841.0,1.6089879999999999,0.833616,SVN,USA,902221
10559428,208,231,9753,2015,17840224.0,136567.0,1.8068349999999997,0.693389,SWE,USA,902221
10559429,216,231,9753,2015,0.0,185248.0,0.965888,1.368572,THA,USA,902221
10559430,222,231,9753,2015,2813.0,195685.0,-0.462837,-1.117621,TTO,USA,902221
10559431,224,231,9753,2015,0.0,270001.0,0.438669,2.519632,TUR,USA,902221
10559432,226,231,9753,2015,0.0,36631.0,-1.02395,-0.017509999999999998,TZA,USA,902221
10559433,230,231,9753,2015,0.0,9269.0,0.273876,-0.363695,URY,USA,902221
10559434,236,231,9753,2015,0.0,121440.0,-0.9249129999999999,-1.1877280000000001,VEN,USA,902221
10559435,239,231,9753,2015,0.0,152245.0,-0.17108900000000002,1.10995,VNM,USA,902221
10559436,246,231,9753,2015,3733.0,168138.0,0.24944699999999997,1.7573159999999999,ZAF,USA,902221
10559437,248,231,9753,2015,0.0,104957.0,-0.838017,-0.9400270000000001,ZWE,USA,902221
10559438,249,231,9753,2015,454918.0,462969.0,1.962832,1.214982,TWN,USA,902221
10559439,162,236,9753,2015,216189.0,0.0,1.230104,1.27344,NLD,VEN,902221
10559440,169,236,9753,2015,341350.0,0.0,0.642058,0.833392,PAN,VEN,902221
10559441,231,236,9753,2015,121440.0,0.0,1.720478,-0.129322,USA,VEN,902221
10559442,43,243,9753,2015,114143.0,0.0,1.077143,1.735757,CHN,YEM,902221
10559443,250,243,9753,2015,69618.0,0.0,0.377283,-0.092204,ANS,YEM,902221
10559444,14,246,9753,2015,7098.0,0.0,-0.292325,-0.043489,AUS,ZAF,902221
10559445,43,246,9753,2015,40810.0,0.0,1.077143,1.735757,CHN,ZAF,902221
10559446,46,246,9753,2015,0.0,16573.0,-1.3921290000000002,-1.146549,COD,ZAF,902221
10559447,61,246,9753,2015,141993.0,2122.0,2.203818,-2.307561,DEU,ZAF,902221
10559448,77,246,9753,2015,58565.0,0.0,1.479792,0.6490239999999999,FRA,ZAF,902221
10559449,81,246,9753,2015,4545.0,19182.0,1.7422990000000003,0.75838,GBR,ZAF,902221
10559450,104,246,9753,2015,4935.0,0.0,0.24230900000000002,2.8190880000000003,IND,ZAF,902221
10559451,110,246,9753,2015,2808.0,0.0,1.260071,0.545545,ISR,ZAF,902221
10559452,111,246,9753,2015,19593.0,0.0,1.321127,0.747046,ITA,ZAF,902221
10559453,121,246,9753,2015,20468.0,0.0,1.900653,0.859406,KOR,ZAF,902221
10559454,129,246,9753,2015,0.0,1262.0,-0.910168,-0.870865,LSO,ZAF,902221
10559455,134,246,9753,2015,0.0,11618.0,-0.7554810000000001,-0.059697,MAR,ZAF,902221
10559456,153,246,9753,2015,0.0,3771.0,1.082803,0.811615,MYS,ZAF,902221
10559457,155,246,9753,2015,0.0,4403.0,-0.43457399999999996,-0.665655,NAM,ZAF,902221
10559458,162,246,9753,2015,437071.0,0.0,1.230104,1.27344,NLD,ZAF,902221
10559459,177,246,9753,2015,2009.0,0.0,1.145844,1.1449280000000002,POL,ZAF,902221
10559460,187,246,9753,2015,0.0,1749.0,-0.755738,-0.4423,RWA,ZAF,902221
10559461,211,246,9753,2015,716.0,1736.0,1.017467,-0.285569,SYC,ZAF,902221
10559462,227,246,9753,2015,0.0,4979.0,-0.611023,0.078961,UGA,ZAF,902221
10559463,231,246,9753,2015,168138.0,3733.0,1.720478,-0.129322,USA,ZAF,902221
10559464,247,246,9753,2015,0.0,43897.0,-0.44792,-0.769586,ZMB,ZAF,902221
10559465,248,246,9753,2015,0.0,2632.0,-0.838017,-0.9400270000000001,ZWE,ZAF,902221
10559466,39,249,9753,2015,225843.0,0.0,0.695867,1.171676,CAN,TWN,902221
10559467,61,249,9753,2015,29868.0,0.0,2.203818,-2.307561,DEU,TWN,902221
10559468,68,249,9753,2015,0.0,4348.0,-0.183053,1.765036,EGY,TWN,902221
10559469,81,249,9753,2015,0.0,17126.0,1.7422990000000003,0.75838,GBR,TWN,902221
10559470,103,249,9753,2015,9832.0,0.0,-0.145103,1.277362,IDN,TWN,902221
10559471,110,249,9753,2015,28788.0,0.0,1.260071,0.545545,ISR,TWN,902221
10559472,114,249,9753,2015,240707.0,0.0,2.516133,-0.484202,JPN,TWN,902221
10559473,153,249,9753,2015,0.0,95876.0,1.082803,0.811615,MYS,TWN,902221
10559474,162,249,9753,2015,161780.0,0.0,1.230104,1.27344,NLD,TWN,902221
10559475,174,249,9753,2015,0.0,2271.0,0.6406270000000001,0.45770200000000005,PHL,TWN,902221
10559476,231,249,9753,2015,462969.0,454918.0,1.720478,-0.129322,USA,TWN,902221
10559477,0,250,9753,2015,10150.0,3459.0,0.8526809999999999,-0.043541,ABW,ANS,902221
10559478,44,250,9753,2015,0.0,8348.0,-0.856142,-0.905292,CIV,ANS,902221
10559479,46,250,9753,2015,0.0,26040.0,-1.3921290000000002,-1.146549,COD,ANS,902221
10559480,59,250,9753,2015,0.0,1351244.0,1.743012,0.45424,CZE,ANS,902221
10559481,77,250,9753,2015,0.0,3972.0,1.479792,0.6490239999999999,FRA,ANS,902221
10559482,104,250,9753,2015,0.0,34296.0,0.24230900000000002,2.8190880000000003,IND,ANS,902221
10559483,106,250,9753,2015,0.0,1111.0,1.304942,0.126431,IRL,ANS,902221
10559484,131,250,9753,2015,0.0,2945.0,1.218924,1.247152,LUX,ANS,902221
10559485,136,250,9753,2015,0.0,287792.0,-1.15947,-0.497217,MDG,ANS,902221
10559486,162,250,9753,2015,1050.0,0.0,1.230104,1.27344,NLD,ANS,902221
10559487,168,250,9753,2015,0.0,6213.0,-0.7059979999999999,0.73501,PAK,ANS,902221
10559488,177,250,9753,2015,0.0,196993.0,1.145844,1.1449280000000002,POL,ANS,902221
10559489,206,250,9753,2015,0.0,337800.0,1.287133,0.7900560000000001,SVK,ANS,902221
10559490,243,250,9753,2015,0.0,69618.0,-1.048632,-1.10843,YEM,ANS,902221
10559491,61,2,9753,2015,20721.0,0.0,2.203818,-2.307561,DEU,AGO,902221
10559492,71,2,9753,2015,164530.0,0.0,0.8173590000000001,2.442556,ESP,AGO,902221
10559493,97,2,9753,2015,1815.0,0.0,0.8255290000000001,1.8017279999999998,HKG,AGO,902221
10559494,179,2,9753,2015,44646.0,0.0,0.561922,2.2276380000000002,PRT,AGO,902221
10559495,231,2,9753,2015,88225.0,0.0,1.720478,-0.129322,USA,AGO,902221
10559496,239,2,9753,2015,6040.0,0.0,-0.17108900000000002,1.10995,VNM,AGO,902221
10559497,7,14,9753,2015,0.0,2778.0,0.21779600000000002,-0.0047420000000000006,ARE,AUS,902221
10559498,18,14,9753,2015,133014.0,0.0,1.329866,1.100641,BEL,AUS,902221
10559499,39,14,9753,2015,0.0,1264.0,0.695867,1.171676,CAN,AUS,902221
10559500,43,14,9753,2015,480958.0,39599.0,1.077143,1.735757,CHN,AUS,902221
10559501,56,14,9753,2015,0.0,3781.0,0.33029400000000003,-0.725431,CXR,AUS,902221
10559502,61,14,9753,2015,325190.0,0.0,2.203818,-2.307561,DEU,AUS,902221
10559503,73,14,9753,2015,0.0,252.0,-1.004896,-0.721019,ETH,AUS,902221
10559504,75,14,9753,2015,0.0,93337.0,-0.481968,-0.201468,FJI,AUS,902221
10559505,77,14,9753,2015,3461.0,0.0,1.479792,0.6490239999999999,FRA,AUS,902221
10559506,82,14,9753,2015,0.0,74956.0,-0.343663,-0.588017,GEO,AUS,902221
10559507,97,14,9753,2015,0.0,7067.0,0.8255290000000001,1.8017279999999998,HKG,AUS,902221
10559508,102,14,9753,2015,21878.0,0.0,1.462839,0.803258,HUN,AUS,902221
10559509,104,14,9753,2015,0.0,2494.0,0.24230900000000002,2.8190880000000003,IND,AUS,902221
10559510,106,14,9753,2015,0.0,11121.0,1.304942,0.126431,IRL,AUS,902221
10559511,110,14,9753,2015,301534.0,0.0,1.260071,0.545545,ISR,AUS,902221
10559512,111,14,9753,2015,225732.0,0.0,1.321127,0.747046,ITA,AUS,902221
10559513,114,14,9753,2015,5785.0,0.0,2.516133,-0.484202,JPN,AUS,902221
10559514,116,14,9753,2015,0.0,1705.0,-0.453564,0.433325,KEN,AUS,902221
10559515,121,14,9753,2015,3730.0,13176.0,1.900653,0.859406,KOR,AUS,902221
10559516,122,14,9753,2015,0.0,6295.0,-0.352023,-1.153057,KWT,AUS,902221
10559517,153,14,9753,2015,738841.0,53269.0,1.082803,0.811615,MYS,AUS,902221
10559518,156,14,9753,2015,0.0,33720.0,-0.727911,-0.844562,NCL,AUS,902221
10559519,162,14,9753,2015,235137.0,0.0,1.230104,1.27344,NLD,AUS,902221
10559520,166,14,9753,2015,32167.0,2010902.0,0.224598,0.253179,NZL,AUS,902221
10559521,174,14,9753,2015,0.0,123374.0,0.6406270000000001,0.45770200000000005,PHL,AUS,902221
10559522,177,14,9753,2015,90518.0,0.0,1.145844,1.1449280000000002,POL,AUS,902221
10559523,208,14,9753,2015,2004714.0,0.0,1.8068349999999997,0.693389,SWE,AUS,902221
10559524,216,14,9753,2015,195802.0,0.0,0.965888,1.368572,THA,AUS,902221
10559525,231,14,9753,2015,1046932.0,0.0,1.720478,-0.129322,USA,AUS,902221
10559526,242,14,9753,2015,0.0,5509.0,0.351057,-0.158431,WSM,AUS,902221
10559527,246,14,9753,2015,0.0,7098.0,0.24944699999999997,1.7573159999999999,ZAF,AUS,902221
10559528,224,16,9753,2015,27825.0,0.0,0.438669,2.519632,TUR,AZE,902221
10559529,231,16,9753,2015,216633.0,0.0,1.720478,-0.129322,USA,AZE,902221
10559530,41,22,9753,2015,35827.0,0.0,2.306075,0.720781,CHE,BGD,902221
10559531,43,22,9753,2015,1134.0,0.0,1.077143,1.735757,CHN,BGD,902221
10559532,61,22,9753,2015,991281.0,0.0,2.203818,-2.307561,DEU,BGD,902221
10559533,81,22,9753,2015,1314.0,0.0,1.7422990000000003,0.75838,GBR,BGD,902221
10559534,104,22,9753,2015,4827.0,973574.0,0.24230900000000002,2.8190880000000003,IND,BGD,902221
10559535,153,22,9753,2015,41601.0,0.0,1.082803,0.811615,MYS,BGD,902221
10559536,162,22,9753,2015,31605.0,0.0,1.230104,1.27344,NLD,BGD,902221
10559537,39,24,9753,2015,9641.0,0.0,0.695867,1.171676,CAN,BHR,902221
10559538,61,24,9753,2015,71171.0,0.0,2.203818,-2.307561,DEU,BHR,902221
10559539,188,24,9753,2015,0.0,6109.0,0.5552520000000001,-0.7263229999999999,SAU,BHR,902221
10559540,192,24,9753,2015,3637.0,0.0,2.05613,0.593065,SGP,BHR,902221
10559541,231,24,9753,2015,8222.0,0.0,1.720478,-0.129322,USA,BHR,902221
10559542,81,28,9753,2015,0.0,195.0,1.7422990000000003,0.75838,GBR,BLR,902221
10559543,162,28,9753,2015,1380804.0,0.0,1.230104,1.27344,NLD,BLR,902221
10559544,177,28,9753,2015,553811.0,0.0,1.145844,1.1449280000000002,POL,BLR,902221
10559545,231,28,9753,2015,1405.0,0.0,1.720478,-0.129322,USA,BLR,902221
10559546,18,46,9753,2015,61348.0,0.0,1.329866,1.100641,BEL,COD,902221
10559547,246,46,9753,2015,16573.0,0.0,0.24944699999999997,1.7573159999999999,ZAF,COD,902221
10559548,250,46,9753,2015,26040.0,0.0,0.377283,-0.092204,ANS,COD,902221
10559549,18,68,9753,2015,236019.0,0.0,1.329866,1.100641,BEL,EGY,902221
10559550,32,68,9753,2015,7658.0,0.0,0.23656799999999997,0.688607,BRA,EGY,902221
10559551,39,68,9753,2015,375460.0,0.0,0.695867,1.171676,CAN,EGY,902221
10559552,41,68,9753,2015,65481.0,0.0,2.306075,0.720781,CHE,EGY,902221
10559553,43,68,9753,2015,136987.0,0.0,1.077143,1.735757,CHN,EGY,902221
10559554,61,68,9753,2015,421765.0,0.0,2.203818,-2.307561,DEU,EGY,902221
10559555,74,68,9753,2015,67856.0,0.0,1.597817,0.998059,FIN,EGY,902221
10559556,77,68,9753,2015,471463.0,0.0,1.479792,0.6490239999999999,FRA,EGY,902221
10559557,81,68,9753,2015,32719.0,0.0,1.7422990000000003,0.75838,GBR,EGY,902221
10559558,111,68,9753,2015,203895.0,0.0,1.321127,0.747046,ITA,EGY,902221
10559559,114,68,9753,2015,1655.0,0.0,2.516133,-0.484202,JPN,EGY,902221
10559560,121,68,9753,2015,139058.0,0.0,1.900653,0.859406,KOR,EGY,902221
10559561,224,68,9753,2015,49255.0,0.0,0.438669,2.519632,TUR,EGY,902221
10559562,231,68,9753,2015,36312.0,0.0,1.720478,-0.129322,USA,EGY,902221
10559563,249,68,9753,2015,4348.0,0.0,1.962832,1.214982,TWN,EGY,902221
10559564,26,74,9753,2015,0.0,4493.0,0.355903,0.723092,BIH,FIN,902221
10559565,43,74,9753,2015,1416.0,0.0,1.077143,1.735757,CHN,FIN,902221
10559566,61,74,9753,2015,0.0,6505.0,2.203818,-2.307561,DEU,FIN,902221
10559567,68,74,9753,2015,0.0,67856.0,-0.183053,1.765036,EGY,FIN,902221
10559568,72,74,9753,2015,0.0,15781.0,0.9281149999999999,1.1780389999999998,EST,FIN,902221
10559569,81,74,9753,2015,27916.0,0.0,1.7422990000000003,0.75838,GBR,FIN,902221
10559570,162,74,9753,2015,13654.0,13751.0,1.230104,1.27344,NLD,FIN,902221
10559571,163,74,9753,2015,65651.0,67007.0,0.950708,0.314339,NOR,FIN,902221
10559572,186,74,9753,2015,0.0,74632.0,0.23119,0.035965,RUS,FIN,902221
10559573,188,74,9753,2015,0.0,79434.0,0.5552520000000001,-0.7263229999999999,SAU,FIN,902221
10559574,231,74,9753,2015,59985.0,4442.0,1.720478,-0.129322,USA,FIN,902221
10559575,14,82,9753,2015,74956.0,0.0,-0.292325,-0.043489,AUS,GEO,902221
10559576,41,82,9753,2015,106086.0,0.0,2.306075,0.720781,CHE,GEO,902221
10559577,43,82,9753,2015,1088.0,0.0,1.077143,1.735757,CHN,GEO,902221
10559578,59,82,9753,2015,947108.0,0.0,1.743012,0.45424,CZE,GEO,902221
10559579,61,82,9753,2015,1261745.0,0.0,2.203818,-2.307561,DEU,GEO,902221
10559580,111,82,9753,2015,636742.0,0.0,1.321127,0.747046,ITA,GEO,902221
10559581,206,82,9753,2015,80895.0,0.0,1.287133,0.7900560000000001,SVK,GEO,902221
10559582,231,82,9753,2015,86494.0,0.0,1.720478,-0.129322,USA,GEO,902221
10559583,43,90,9753,2015,1845.0,0.0,1.077143,1.735757,CHN,GRC,902221
10559584,58,90,9753,2015,45878.0,23485.0,0.511225,-0.207261,CYP,GRC,902221
10559585,61,90,9753,2015,103160.0,0.0,2.203818,-2.307561,DEU,GRC,902221
10559586,81,90,9753,2015,23954.0,0.0,1.7422990000000003,0.75838,GBR,GRC,902221
10559587,106,90,9753,2015,10101.0,0.0,1.304942,0.126431,IRL,GRC,902221
10559588,111,90,9753,2015,10826.0,0.0,1.321127,0.747046,ITA,GRC,902221
10559589,162,90,9753,2015,8095.0,2023.0,1.230104,1.27344,NLD,GRC,902221
10559590,231,90,9753,2015,50057.0,0.0,1.720478,-0.129322,USA,GRC,902221
10559591,61,100,9753,2015,21370.0,10674.0,2.203818,-2.307561,DEU,HRV,902221
10559592,162,100,9753,2015,3607.0,0.0,1.230104,1.27344,NLD,HRV,902221
10559593,231,100,9753,2015,1525.0,0.0,1.720478,-0.129322,USA,HRV,902221
10559594,14,106,9753,2015,11121.0,0.0,-0.292325,-0.043489,AUS,IRL,902221
10559595,61,106,9753,2015,25459.0,0.0,2.203818,-2.307561,DEU,IRL,902221
10559596,77,106,9753,2015,3265.0,0.0,1.479792,0.6490239999999999,FRA,IRL,902221
10559597,81,106,9753,2015,270136.0,97189.0,1.7422990000000003,0.75838,GBR,IRL,902221
10559598,90,106,9753,2015,0.0,10101.0,0.099027,1.012289,GRC,IRL,902221
10559599,110,106,9753,2015,0.0,2676.0,1.260071,0.545545,ISR,IRL,902221
10559600,111,106,9753,2015,10946.0,0.0,1.321127,0.747046,ITA,IRL,902221
10559601,114,106,9753,2015,4860.0,3260.0,2.516133,-0.484202,JPN,IRL,902221
10559602,153,106,9753,2015,0.0,4285.0,1.082803,0.811615,MYS,IRL,902221
10559603,162,106,9753,2015,17901.0,14240.0,1.230104,1.27344,NLD,IRL,902221
10559604,163,106,9753,2015,0.0,848.0,0.950708,0.314339,NOR,IRL,902221
10559605,181,106,9753,2015,0.0,7361.0,0.060575,0.5649489999999999,PSE,IRL,902221
10559606,188,106,9753,2015,0.0,5019.0,0.5552520000000001,-0.7263229999999999,SAU,IRL,902221
10559607,208,106,9753,2015,924.0,0.0,1.8068349999999997,0.693389,SWE,IRL,902221
10559608,231,106,9753,2015,168569.0,33796.0,1.720478,-0.129322,USA,IRL,902221
10559609,250,106,9753,2015,1111.0,0.0,0.377283,-0.092204,ANS,IRL,902221
10559610,7,107,9753,2015,6999020.0,0.0,0.21779600000000002,-0.0047420000000000006,ARE,IRN,902221
10559611,43,107,9753,2015,377727.0,0.0,1.077143,1.735757,CHN,IRN,902221
10559612,44,107,9753,2015,0.0,6893.0,-0.856142,-0.905292,CIV,IRN,902221
10559613,61,107,9753,2015,438407.0,0.0,2.203818,-2.307561,DEU,IRN,902221
10559614,64,107,9753,2015,47234.0,0.0,1.157924,1.2045629999999998,DNK,IRN,902221
10559615,77,107,9753,2015,17969.0,0.0,1.479792,0.6490239999999999,FRA,IRN,902221
10559616,111,107,9753,2015,854911.0,0.0,1.321127,0.747046,ITA,IRN,902221
10559617,121,107,9753,2015,54896.0,0.0,1.900653,0.859406,KOR,IRN,902221
10559618,224,107,9753,2015,0.0,69630.0,0.438669,2.519632,TUR,IRN,902221
10559619,208,108,9753,2015,4863.0,0.0,1.8068349999999997,0.693389,SWE,IRQ,902221
10559620,224,108,9753,2015,13708.0,0.0,0.438669,2.519632,TUR,IRQ,902221
10559621,231,108,9753,2015,54999.0,0.0,1.720478,-0.129322,USA,IRQ,902221
10559622,59,115,9753,2015,3306.0,0.0,1.743012,0.45424,CZE,KAZ,902221
10559623,81,115,9753,2015,0.0,7718.0,1.7422990000000003,0.75838,GBR,KAZ,902221
10559624,162,115,9753,2015,24242.0,0.0,1.230104,1.27344,NLD,KAZ,902221
10559625,186,115,9753,2015,15486.0,0.0,0.23119,0.035965,RUS,KAZ,902221
10559626,231,115,9753,2015,62234.0,0.0,1.720478,-0.129322,USA,KAZ,902221
10559627,14,116,9753,2015,1705.0,0.0,-0.292325,-0.043489,AUS,KEN,902221
10559628,18,116,9753,2015,1386.0,0.0,1.329866,1.100641,BEL,KEN,902221
10559629,43,116,9753,2015,2167.0,0.0,1.077143,1.735757,CHN,KEN,902221
10559630,64,116,9753,2015,2611.0,0.0,1.157924,1.2045629999999998,DNK,KEN,902221
10559631,104,116,9753,2015,4890.0,0.0,0.24230900000000002,2.8190880000000003,IND,KEN,902221
10559632,162,116,9753,2015,12389.0,0.0,1.230104,1.27344,NLD,KEN,902221
10559633,227,116,9753,2015,0.0,22449.0,-0.611023,0.078961,UGA,KEN,902221
10559634,231,116,9753,2015,47040.0,0.0,1.720478,-0.129322,USA,KEN,902221
10559635,104,117,9753,2015,11248.0,0.0,0.24230900000000002,2.8190880000000003,IND,KGZ,902221
10559636,43,124,9753,2015,3509.0,0.0,1.077143,1.735757,CHN,LBN,902221
10559637,61,124,9753,2015,9242.0,0.0,2.203818,-2.307561,DEU,LBN,902221
10559638,64,124,9753,2015,1785.0,0.0,1.157924,1.2045629999999998,DNK,LBN,902221
10559639,114,124,9753,2015,151224.0,0.0,2.516133,-0.484202,JPN,LBN,902221
10559640,231,124,9753,2015,28640.0,0.0,1.720478,-0.129322,USA,LBN,902221
10559641,64,128,9753,2015,5086.0,0.0,1.157924,1.2045629999999998,DNK,LKA,902221
10559642,110,128,9753,2015,63598.0,0.0,1.260071,0.545545,ISR,LKA,902221
10559643,121,128,9753,2015,2128.0,0.0,1.900653,0.859406,KOR,LKA,902221
10559644,231,128,9753,2015,30801.0,0.0,1.720478,-0.129322,USA,LKA,902221
10559645,18,130,9753,2015,6651.0,0.0,1.329866,1.100641,BEL,LTU,902221
10559646,61,130,9753,2015,62023.0,0.0,2.203818,-2.307561,DEU,LTU,902221
10559647,81,130,9753,2015,60271.0,0.0,1.7422990000000003,0.75838,GBR,LTU,902221
10559648,111,130,9753,2015,57295.0,0.0,1.321127,0.747046,ITA,LTU,902221
10559649,132,130,9753,2015,0.0,1858.0,0.602209,1.125357,LVA,LTU,902221
10559650,162,130,9753,2015,4660.0,1881.0,1.230104,1.27344,NLD,LTU,902221
10559651,186,130,9753,2015,0.0,1696032.0,0.23119,0.035965,RUS,LTU,902221
10559652,231,130,9753,2015,0.0,5285.0,1.720478,-0.129322,USA,LTU,902221
10559653,61,131,9753,2015,42125.0,120798.0,2.203818,-2.307561,DEU,LUX,902221
10559654,111,131,9753,2015,0.0,3379.0,1.321127,0.747046,ITA,LUX,902221
10559655,162,131,9753,2015,8318.0,2104.0,1.230104,1.27344,NLD,LUX,902221
10559656,181,131,9753,2015,0.0,1473.0,0.060575,0.5649489999999999,PSE,LUX,902221
10559657,250,131,9753,2015,2945.0,0.0,0.377283,-0.092204,ANS,LUX,902221
10559658,77,132,9753,2015,16083.0,0.0,1.479792,0.6490239999999999,FRA,LVA,902221
10559659,130,132,9753,2015,1858.0,0.0,0.749429,1.3659860000000001,LTU,LVA,902221
10559660,162,132,9753,2015,2457.0,0.0,1.230104,1.27344,NLD,LVA,902221
10559661,231,132,9753,2015,13692.0,0.0,1.720478,-0.129322,USA,LVA,902221
10559662,23,142,9753,2015,0.0,374027.0,0.45640699999999995,1.691455,BGR,MLT,902221
10559663,61,142,9753,2015,464796.0,0.0,2.203818,-2.307561,DEU,MLT,902221
10559664,162,142,9753,2015,1394.0,0.0,1.230104,1.27344,NLD,MLT,902221
10559665,231,142,9753,2015,50070.0,0.0,1.720478,-0.129322,USA,MLT,902221
10559666,7,143,9753,2015,2926.0,0.0,0.21779600000000002,-0.0047420000000000006,ARE,MMR,902221
10559667,18,143,9753,2015,6285.0,0.0,1.329866,1.100641,BEL,MMR,902221
10559668,39,143,9753,2015,716316.0,0.0,0.695867,1.171676,CAN,MMR,902221
10559669,41,143,9753,2015,5922.0,0.0,2.306075,0.720781,CHE,MMR,902221
10559670,43,143,9753,2015,849474.0,0.0,1.077143,1.735757,CHN,MMR,902221
10559671,61,143,9753,2015,356981.0,0.0,2.203818,-2.307561,DEU,MMR,902221
10559672,103,143,9753,2015,119341.0,0.0,-0.145103,1.277362,IDN,MMR,902221
10559673,104,143,9753,2015,54544.0,0.0,0.24230900000000002,2.8190880000000003,IND,MMR,902221
10559674,114,143,9753,2015,430369.0,0.0,2.516133,-0.484202,JPN,MMR,902221
10559675,121,143,9753,2015,110553.0,0.0,1.900653,0.859406,KOR,MMR,902221
10559676,153,143,9753,2015,111128.0,0.0,1.082803,0.811615,MYS,MMR,902221
10559677,174,143,9753,2015,190264.0,0.0,0.6406270000000001,0.45770200000000005,PHL,MMR,902221
10559678,192,143,9753,2015,1791538.0,0.0,2.05613,0.593065,SGP,MMR,902221
10559679,216,143,9753,2015,33981.0,0.0,0.965888,1.368572,THA,MMR,902221
10559680,231,143,9753,2015,216991.0,0.0,1.720478,-0.129322,USA,MMR,902221
10559681,239,143,9753,2015,19678.0,0.0,-0.17108900000000002,1.10995,VNM,MMR,902221
10559682,41,163,9753,2015,168233.0,0.0,2.306075,0.720781,CHE,NOR,902221
10559683,43,163,9753,2015,0.0,4760.0,1.077143,1.735757,CHN,NOR,902221
10559684,61,163,9753,2015,41581.0,0.0,2.203818,-2.307561,DEU,NOR,902221
10559685,64,163,9753,2015,196747.0,0.0,1.157924,1.2045629999999998,DNK,NOR,902221
10559686,74,163,9753,2015,67007.0,65651.0,1.597817,0.998059,FIN,NOR,902221
10559687,81,163,9753,2015,4144.0,2379.0,1.7422990000000003,0.75838,GBR,NOR,902221
10559688,96,163,9753,2015,0.0,1253.0,-1.018758,-1.056085,GUY,NOR,902221
10559689,104,163,9753,2015,0.0,29575.0,0.24230900000000002,2.8190880000000003,IND,NOR,902221
10559690,106,163,9753,2015,848.0,0.0,1.304942,0.126431,IRL,NOR,902221
10559691,110,163,9753,2015,44773.0,0.0,1.260071,0.545545,ISR,NOR,902221
10559692,111,163,9753,2015,7804.0,0.0,1.321127,0.747046,ITA,NOR,902221
10559693,162,163,9753,2015,184485.0,4240.0,1.230104,1.27344,NLD,NOR,902221
10559694,179,163,9753,2015,0.0,3810.0,0.561922,2.2276380000000002,PRT,NOR,902221
10559695,208,163,9753,2015,591193.0,211116.0,1.8068349999999997,0.693389,SWE,NOR,902221
10559696,231,163,9753,2015,7528.0,0.0,1.720478,-0.129322,USA,NOR,902221
10559697,39,164,9753,2015,281664.0,0.0,0.695867,1.171676,CAN,NPL,902221
10559698,43,164,9753,2015,3377.0,0.0,1.077143,1.735757,CHN,NPL,902221
10559699,104,164,9753,2015,120058.0,0.0,0.24230900000000002,2.8190880000000003,IND,NPL,902221
10559700,110,164,9753,2015,51964.0,0.0,1.260071,0.545545,ISR,NPL,902221
10559701,231,164,9753,2015,7215.0,0.0,1.720478,-0.129322,USA,NPL,902221
10559702,104,167,9753,2015,5643.0,0.0,0.24230900000000002,2.8190880000000003,IND,OMN,902221
10559703,162,167,9753,2015,18638.0,0.0,1.230104,1.27344,NLD,OMN,902221
10559704,231,167,9753,2015,3246.0,0.0,1.720478,-0.129322,USA,OMN,902221
10559705,23,183,9753,2015,1540.0,0.0,0.45640699999999995,1.691455,BGR,QAT,902221
10559706,61,183,9753,2015,32065.0,0.0,2.203818,-2.307561,DEU,QAT,902221
10559707,77,183,9753,2015,14351.0,0.0,1.479792,0.6490239999999999,FRA,QAT,902221
10559708,81,183,9753,2015,3596.0,0.0,1.7422990000000003,0.75838,GBR,QAT,902221
10559709,97,183,9753,2015,2981.0,0.0,0.8255290000000001,1.8017279999999998,HKG,QAT,902221
10559710,111,183,9753,2015,11146.0,0.0,1.321127,0.747046,ITA,QAT,902221
10559711,113,183,9753,2015,1816.0,0.0,0.121172,0.457301,JOR,QAT,902221
10559712,121,183,9753,2015,2398.0,0.0,1.900653,0.859406,KOR,QAT,902221
10559713,231,183,9753,2015,221884.0,0.0,1.720478,-0.129322,USA,QAT,902221
10559714,18,185,9753,2015,220340.0,0.0,1.329866,1.100641,BEL,ROU,902221
10559715,23,185,9753,2015,0.0,4318414.0,0.45640699999999995,1.691455,BGR,ROU,902221
10559716,61,185,9753,2015,28207.0,0.0,2.203818,-2.307561,DEU,ROU,902221
10559717,77,185,9753,2015,148348.0,0.0,1.479792,0.6490239999999999,FRA,ROU,902221
10559718,81,185,9753,2015,68109.0,0.0,1.7422990000000003,0.75838,GBR,ROU,902221
10559719,110,185,9753,2015,29138.0,0.0,1.260071,0.545545,ISR,ROU,902221
10559720,111,185,9753,2015,104116.0,0.0,1.321127,0.747046,ITA,ROU,902221
10559721,162,185,9753,2015,31409.0,2851.0,1.230104,1.27344,NLD,ROU,902221
10559722,208,185,9753,2015,452105.0,0.0,1.8068349999999997,0.693389,SWE,ROU,902221
10559723,224,185,9753,2015,1920.0,0.0,0.438669,2.519632,TUR,ROU,902221
10559724,231,185,9753,2015,56974.0,0.0,1.720478,-0.129322,USA,ROU,902221
10559725,43,186,9753,2015,3760340.0,0.0,1.077143,1.735757,CHN,RUS,902221
10559726,59,186,9753,2015,4304306.0,0.0,1.743012,0.45424,CZE,RUS,902221
10559727,61,186,9753,2015,178158.0,2080.0,2.203818,-2.307561,DEU,RUS,902221
10559728,74,186,9753,2015,74632.0,0.0,1.597817,0.998059,FIN,RUS,902221
10559729,77,186,9753,2015,72215.0,0.0,1.479792,0.6490239999999999,FRA,RUS,902221
10559730,81,186,9753,2015,6472916.0,0.0,1.7422990000000003,0.75838,GBR,RUS,902221
10559731,110,186,9753,2015,9323.0,0.0,1.260071,0.545545,ISR,RUS,902221
10559732,115,186,9753,2015,0.0,15486.0,-0.45091499999999995,-0.652026,KAZ,RUS,902221
10559733,130,186,9753,2015,1696032.0,0.0,0.749429,1.3659860000000001,LTU,RUS,902221
10559734,162,186,9753,2015,2095016.0,0.0,1.230104,1.27344,NLD,RUS,902221
10559735,177,186,9753,2015,6275.0,0.0,1.145844,1.1449280000000002,POL,RUS,902221
10559736,192,186,9753,2015,0.0,51711.0,2.05613,0.593065,SGP,RUS,902221
10559737,208,186,9753,2015,7253.0,0.0,1.8068349999999997,0.693389,SWE,RUS,902221
10559738,228,186,9753,2015,0.0,10483.0,0.429879,0.701813,UKR,RUS,902221
10559739,231,186,9753,2015,1319470.0,0.0,1.720478,-0.129322,USA,RUS,902221
10559740,43,191,9753,2015,6552.0,0.0,1.077143,1.735757,CHN,SEN,902221
10559741,61,191,9753,2015,3885.0,0.0,2.203818,-2.307561,DEU,SEN,902221
10559742,77,191,9753,2015,5319.0,0.0,1.479792,0.6490239999999999,FRA,SEN,902221
10559743,111,191,9753,2015,1595.0,0.0,1.321127,0.747046,ITA,SEN,902221
10559744,59,201,9753,2015,0.0,34937.0,1.743012,0.45424,CZE,SRB,902221
10559745,61,201,9753,2015,58595.0,28478.0,2.203818,-2.307561,DEU,SRB,902221
10559746,64,201,9753,2015,103810.0,0.0,1.157924,1.2045629999999998,DNK,SRB,902221
10559747,81,201,9753,2015,2593232.0,0.0,1.7422990000000003,0.75838,GBR,SRB,902221
10559748,121,201,9753,2015,17625.0,0.0,1.900653,0.859406,KOR,SRB,902221
10559749,144,201,9753,2015,0.0,10695.0,-0.048385000000000004,-0.150759,MNE,SRB,902221
10559750,206,201,9753,2015,0.0,100745.0,1.287133,0.7900560000000001,SVK,SRB,902221
10559751,208,201,9753,2015,1408000.0,0.0,1.8068349999999997,0.693389,SWE,SRB,902221
10559752,231,201,9753,2015,17462.0,0.0,1.720478,-0.129322,USA,SRB,902221
10559753,7,206,9753,2015,0.0,8568.0,0.21779600000000002,-0.0047420000000000006,ARE,SVK,902221
10559754,43,206,9753,2015,3724.0,0.0,1.077143,1.735757,CHN,SVK,902221
10559755,59,206,9753,2015,415776.0,0.0,1.743012,0.45424,CZE,SVK,902221
10559756,61,206,9753,2015,0.0,6374.0,2.203818,-2.307561,DEU,SVK,902221
10559757,65,206,9753,2015,0.0,1375.0,-0.212808,0.395873,DOM,SVK,902221
10559758,81,206,9753,2015,935720.0,996.0,1.7422990000000003,0.75838,GBR,SVK,902221
10559759,82,206,9753,2015,0.0,80895.0,-0.343663,-0.588017,GEO,SVK,902221
10559760,102,206,9753,2015,0.0,1443932.0,1.462839,0.803258,HUN,SVK,902221
10559761,111,206,9753,2015,28005.0,5181.0,1.321127,0.747046,ITA,SVK,902221
10559762,162,206,9753,2015,9230.0,3821.0,1.230104,1.27344,NLD,SVK,902221
10559763,201,206,9753,2015,100745.0,0.0,0.457042,1.324908,SRB,SVK,902221
10559764,228,206,9753,2015,40996.0,0.0,0.429879,0.701813,UKR,SVK,902221
10559765,231,206,9753,2015,17250.0,0.0,1.720478,-0.129322,USA,SVK,902221
10559766,250,206,9753,2015,337800.0,0.0,0.377283,-0.092204,ANS,SVK,902221
10559767,18,207,9753,2015,189654.0,0.0,1.329866,1.100641,BEL,SVN,902221
10559768,81,207,9753,2015,1434018.0,0.0,1.7422990000000003,0.75838,GBR,SVN,902221
10559769,162,207,9753,2015,3804.0,2980.0,1.230104,1.27344,NLD,SVN,902221
10559770,231,207,9753,2015,10841.0,0.0,1.720478,-0.129322,USA,SVN,902221
10559771,224,219,9753,2015,9189.0,0.0,0.438669,2.519632,TUR,TKM,902221
10559772,7,226,9753,2015,28928.0,0.0,0.21779600000000002,-0.0047420000000000006,ARE,TZA,902221
10559773,43,226,9753,2015,3106.0,0.0,1.077143,1.735757,CHN,TZA,902221
10559774,104,226,9753,2015,14073.0,0.0,0.24230900000000002,2.8190880000000003,IND,TZA,902221
10559775,159,226,9753,2015,0.0,25503.0,-1.415451,-1.157829,NGA,TZA,902221
10559776,231,226,9753,2015,36631.0,0.0,1.720478,-0.129322,USA,TZA,902221
10559777,2,239,9753,2015,0.0,6040.0,-1.6542,-1.2598989999999999,AGO,VNM,902221
10559778,43,239,9753,2015,1257212.0,0.0,1.077143,1.735757,CHN,VNM,902221
10559779,61,239,9753,2015,204173.0,0.0,2.203818,-2.307561,DEU,VNM,902221
10559780,77,239,9753,2015,16940.0,0.0,1.479792,0.6490239999999999,FRA,VNM,902221
10559781,104,239,9753,2015,50123.0,0.0,0.24230900000000002,2.8190880000000003,IND,VNM,902221
10559782,121,239,9753,2015,13966.0,0.0,1.900653,0.859406,KOR,VNM,902221
10559783,143,239,9753,2015,0.0,19678.0,-1.4596120000000001,-0.903904,MMR,VNM,902221
10559784,144,239,9753,2015,0.0,1933.0,-0.048385000000000004,-0.150759,MNE,VNM,902221
10559785,162,239,9753,2015,945.0,0.0,1.230104,1.27344,NLD,VNM,902221
10559786,177,239,9753,2015,1450.0,0.0,1.145844,1.1449280000000002,POL,VNM,902221
10559787,181,239,9753,2015,0.0,2877.0,0.060575,0.5649489999999999,PSE,VNM,902221
10559788,192,239,9753,2015,255940.0,0.0,2.05613,0.593065,SGP,VNM,902221
10559789,231,239,9753,2015,152245.0,0.0,1.720478,-0.129322,USA,VNM,902221
10559790,14,242,9753,2015,5509.0,0.0,-0.292325,-0.043489,AUS,WSM,902221
10559791,18,1,9753,2015,2041.0,0.0,1.329866,1.100641,BEL,AFG,902221
10559792,64,1,9753,2015,4145.0,0.0,1.157924,1.2045629999999998,DNK,AFG,902221
10559793,104,4,9753,2015,7611.0,0.0,0.24230900000000002,2.8190880000000003,IND,ALB,902221
10559794,111,4,9753,2015,29312.0,0.0,1.321127,0.747046,ITA,ALB,902221
10559795,231,13,9753,2015,4297.0,0.0,1.720478,-0.129322,USA,ATG,902221
10559796,77,19,9753,2015,24334.0,0.0,1.479792,0.6490239999999999,FRA,BEN,902221
10559797,111,19,9753,2015,2656.0,0.0,1.321127,0.747046,ITA,BEN,902221
10559798,43,21,9753,2015,6885.0,0.0,1.077143,1.735757,CHN,BFA,902221
10559799,77,21,9753,2015,14219.0,0.0,1.479792,0.6490239999999999,FRA,BFA,902221
10559800,43,26,9753,2015,5730.0,0.0,1.077143,1.735757,CHN,BIH,902221
10559801,61,26,9753,2015,121077.0,0.0,2.203818,-2.307561,DEU,BIH,902221
10559802,74,26,9753,2015,4493.0,0.0,1.597817,0.998059,FIN,BIH,902221
10559803,111,26,9753,2015,195354.0,0.0,1.321127,0.747046,ITA,BIH,902221
10559804,121,26,9753,2015,124189.0,0.0,1.900653,0.859406,KOR,BIH,902221
10559805,231,26,9753,2015,8948.0,0.0,1.720478,-0.129322,USA,BIH,902221
10559806,41,45,9753,2015,4404.0,0.0,2.306075,0.720781,CHE,CMR,902221
10559807,77,45,9753,2015,50312.0,0.0,1.479792,0.6490239999999999,FRA,CMR,902221
10559808,177,45,9753,2015,6648.0,0.0,1.145844,1.1449280000000002,POL,CMR,902221
10559809,18,54,9753,2015,60870.0,0.0,1.329866,1.100641,BEL,CUB,902221
10559810,59,54,9753,2015,776522.0,0.0,1.743012,0.45424,CZE,CUB,902221
10559811,61,54,9753,2015,125259.0,0.0,2.203818,-2.307561,DEU,CUB,902221
10559812,71,54,9753,2015,27356.0,0.0,0.8173590000000001,2.442556,ESP,CUB,902221
10559813,169,54,9753,2015,558656.0,0.0,0.642058,0.833392,PAN,CUB,902221
10559814,90,58,9753,2015,23485.0,45878.0,0.099027,1.012289,GRC,CYP,902221
10559815,162,58,9753,2015,11093.0,0.0,1.230104,1.27344,NLD,CYP,902221
10559816,231,58,9753,2015,20572.0,0.0,1.720478,-0.129322,USA,CYP,902221
10559817,39,66,9753,2015,312365.0,0.0,0.695867,1.171676,CAN,DZA,902221
10559818,61,66,9753,2015,58294.0,0.0,2.203818,-2.307561,DEU,DZA,902221
10559819,77,66,9753,2015,6989922.0,0.0,1.479792,0.6490239999999999,FRA,DZA,902221
10559820,81,66,9753,2015,1538365.0,0.0,1.7422990000000003,0.75838,GBR,DZA,902221
10559821,111,66,9753,2015,33932.0,0.0,1.321127,0.747046,ITA,DZA,902221
10559822,14,73,9753,2015,252.0,0.0,-0.292325,-0.043489,AUS,ETH,902221
10559823,61,73,9753,2015,25576.0,0.0,2.203818,-2.307561,DEU,ETH,902221
10559824,231,73,9753,2015,110042.0,0.0,1.720478,-0.129322,USA,ETH,902221
10559825,61,83,9753,2015,5354.0,0.0,2.203818,-2.307561,DEU,GHA,902221
10559826,231,83,9753,2015,5077.0,0.0,1.720478,-0.129322,USA,GHA,902221
10559827,7,85,9753,2015,5037.0,0.0,0.21779600000000002,-0.0047420000000000006,ARE,GIN,902221
10559828,64,85,9753,2015,189233.0,0.0,1.157924,1.2045629999999998,DNK,GIN,902221
10559829,208,85,9753,2015,2274.0,0.0,1.8068349999999997,0.693389,SWE,GIN,902221
10559830,163,96,9753,2015,1253.0,0.0,0.950708,0.314339,NOR,GUY,902221
10559831,61,109,9753,2015,0.0,1132.0,2.203818,-2.307561,DEU,ISL,902221
10559832,64,109,9753,2015,26872.0,0.0,1.157924,1.2045629999999998,DNK,ISL,902221
10559833,192,118,9753,2015,9685.0,0.0,2.05613,0.593065,SGP,KHM,902221
10559834,231,120,9753,2015,2931.0,0.0,1.720478,-0.129322,USA,KNA,902221
10559835,7,126,9753,2015,260222.0,0.0,0.21779600000000002,-0.0047420000000000006,ARE,LBY,902221
10559836,104,126,9753,2015,45446.0,0.0,0.24230900000000002,2.8190880000000003,IND,LBY,902221
10559837,224,126,9753,2015,3335.0,0.0,0.438669,2.519632,TUR,LBY,902221
10559838,18,134,9753,2015,11690.0,0.0,1.329866,1.100641,BEL,MAR,902221
10559839,41,134,9753,2015,44265.0,0.0,2.306075,0.720781,CHE,MAR,902221
10559840,61,134,9753,2015,205776.0,0.0,2.203818,-2.307561,DEU,MAR,902221
10559841,77,134,9753,2015,754823.0,0.0,1.479792,0.6490239999999999,FRA,MAR,902221
10559842,111,134,9753,2015,142516.0,0.0,1.321127,0.747046,ITA,MAR,902221
10559843,114,134,9753,2015,324301.0,0.0,2.516133,-0.484202,JPN,MAR,902221
10559844,121,134,9753,2015,2576.0,0.0,1.900653,0.859406,KOR,MAR,902221
10559845,148,134,9753,2015,0.0,11244.0,-1.5597450000000002,-1.3209229999999998,MRT,MAR,902221
10559846,188,134,9753,2015,742794.0,0.0,0.5552520000000001,-0.7263229999999999,SAU,MAR,902221
10559847,231,134,9753,2015,57358.0,0.0,1.720478,-0.129322,USA,MAR,902221
10559848,246,134,9753,2015,11618.0,0.0,0.24944699999999997,1.7573159999999999,ZAF,MAR,902221
10559849,151,136,9753,2015,1996.0,0.0,-0.231762,-0.195051,MUS,MDG,902221
10559850,250,136,9753,2015,287792.0,0.0,0.377283,-0.092204,ANS,MDG,902221
10559851,64,141,9753,2015,4742.0,0.0,1.157924,1.2045629999999998,DNK,MLI,902221
10559852,61,144,9753,2015,9634.0,0.0,2.203818,-2.307561,DEU,MNE,902221
10559853,201,144,9753,2015,10695.0,0.0,0.457042,1.324908,SRB,MNE,902221
10559854,231,144,9753,2015,2436.0,0.0,1.720478,-0.129322,USA,MNE,902221
10559855,239,144,9753,2015,1933.0,0.0,-0.17108900000000002,1.10995,VNM,MNE,902221
10559856,41,148,9753,2015,119.0,0.0,2.306075,0.720781,CHE,MRT,902221
10559857,77,148,9753,2015,3904.0,0.0,1.479792,0.6490239999999999,FRA,MRT,902221
10559858,134,148,9753,2015,11244.0,0.0,-0.7554810000000001,-0.059697,MAR,MRT,902221
10559859,179,148,9753,2015,9579.0,0.0,0.561922,2.2276380000000002,PRT,MRT,902221
10559860,231,148,9753,2015,17218.0,0.0,1.720478,-0.129322,USA,MRT,902221
10559861,43,151,9753,2015,3439.0,0.0,1.077143,1.735757,CHN,MUS,902221
10559862,77,151,9753,2015,2318.0,0.0,1.479792,0.6490239999999999,FRA,MUS,902221
10559863,136,151,9753,2015,0.0,1996.0,-1.15947,-0.497217,MDG,MUS,902221
10559864,231,151,9753,2015,47929.0,0.0,1.720478,-0.129322,USA,MUS,902221
10559865,246,155,9753,2015,4403.0,0.0,0.24944699999999997,1.7573159999999999,ZAF,NAM,902221
10559866,14,156,9753,2015,33720.0,0.0,-0.292325,-0.043489,AUS,NCL,902221
10559867,77,156,9753,2015,43741.0,0.0,1.479792,0.6490239999999999,FRA,NCL,902221
10559868,179,203,9753,2015,3805.0,0.0,0.561922,2.2276380000000002,PRT,STP,902221
10559869,246,211,9753,2015,1736.0,716.0,0.24944699999999997,1.7573159999999999,ZAF,SYC,902221
10559870,77,215,9753,2015,1471.0,0.0,1.479792,0.6490239999999999,FRA,TGO,902221
10559871,18,223,9753,2015,4771.0,0.0,1.329866,1.100641,BEL,TUN,902221
10559872,43,223,9753,2015,5662.0,0.0,1.077143,1.735757,CHN,TUN,902221
10559873,64,223,9753,2015,1911.0,0.0,1.157924,1.2045629999999998,DNK,TUN,902221
10559874,110,223,9753,2015,36903.0,0.0,1.260071,0.545545,ISR,TUN,902221
10559875,111,223,9753,2015,5133.0,0.0,1.321127,0.747046,ITA,TUN,902221
10559876,162,223,9753,2015,1998.0,0.0,1.230104,1.27344,NLD,TUN,902221
10559877,18,227,9753,2015,414858.0,0.0,1.329866,1.100641,BEL,UGA,902221
10559878,43,227,9753,2015,8381.0,0.0,1.077143,1.735757,CHN,UGA,902221
10559879,64,227,9753,2015,164029.0,0.0,1.157924,1.2045629999999998,DNK,UGA,902221
10559880,71,227,9753,2015,219679.0,0.0,0.8173590000000001,2.442556,ESP,UGA,902221
10559881,116,227,9753,2015,22449.0,0.0,-0.453564,0.433325,KEN,UGA,902221
10559882,162,227,9753,2015,328464.0,0.0,1.230104,1.27344,NLD,UGA,902221
10559883,246,227,9753,2015,4979.0,0.0,0.24944699999999997,1.7573159999999999,ZAF,UGA,902221
10559884,43,247,9753,2015,5360.0,0.0,1.077143,1.735757,CHN,ZMB,902221
10559885,61,247,9753,2015,44089.0,0.0,2.203818,-2.307561,DEU,ZMB,902221
10559886,64,247,9753,2015,36651.0,0.0,1.157924,1.2045629999999998,DNK,ZMB,902221
10559887,81,247,9753,2015,2611.0,0.0,1.7422990000000003,0.75838,GBR,ZMB,902221
10559888,104,247,9753,2015,224257.0,0.0,0.24230900000000002,2.8190880000000003,IND,ZMB,902221
10559889,246,247,9753,2015,43897.0,0.0,0.24944699999999997,1.7573159999999999,ZAF,ZMB,902221
10559890,104,248,9753,2015,9478.0,0.0,0.24230900000000002,2.8190880000000003,IND,ZWE,902221
10559891,121,248,9753,2015,8839.0,0.0,1.900653,0.859406,KOR,ZWE,902221
10559892,231,248,9753,2015,104957.0,0.0,1.720478,-0.129322,USA,ZWE,902221
10559893,246,248,9753,2015,2632.0,0.0,0.24944699999999997,1.7573159999999999,ZAF,ZWE,902221
10559894,41,34,9753,2015,713.0,0.0,2.306075,0.720781,CHE,BRN,902221
10559895,61,34,9753,2015,29148.0,0.0,2.203818,-2.307561,DEU,BRN,902221
10559896,81,34,9753,2015,2237.0,0.0,1.7422990000000003,0.75838,GBR,BRN,902221
10559897,121,34,9753,2015,1348.0,0.0,1.900653,0.859406,KOR,BRN,902221
10559898,153,34,9753,2015,3790.0,0.0,1.082803,0.811615,MYS,BRN,902221
10559899,192,34,9753,2015,163018.0,34881.0,2.05613,0.593065,SGP,BRN,902221
10559900,43,29,9753,2015,16506.0,0.0,1.077143,1.735757,CHN,BLZ,902221
10559901,231,29,9753,2015,2440.0,0.0,1.720478,-0.129322,USA,BLZ,902221
10559902,231,57,9753,2015,3700.0,0.0,1.720478,-0.129322,USA,CYM,902221
10559903,231,0,9753,2015,32556.0,0.0,1.720478,-0.129322,USA,ABW,902221
10559904,250,0,9753,2015,3459.0,10150.0,0.377283,-0.092204,ANS,ABW,902221
10559905,71,5,9753,2015,1002.0,0.0,0.8173590000000001,2.442556,ESP,AND,902221
10559906,43,31,9753,2015,47809.0,0.0,1.077143,1.735757,CHN,BOL,902221
10559907,61,31,9753,2015,4020.0,0.0,2.203818,-2.307561,DEU,BOL,902221
10559908,71,31,9753,2015,5985.0,0.0,0.8173590000000001,2.442556,ESP,BOL,902221
10559909,77,31,9753,2015,3011.0,0.0,1.479792,0.6490239999999999,FRA,BOL,902221
10559910,104,31,9753,2015,3285.0,0.0,0.24230900000000002,2.8190880000000003,IND,BOL,902221
10559911,110,31,9753,2015,114975.0,0.0,1.260071,0.545545,ISR,BOL,902221
10559912,111,31,9753,2015,46148.0,0.0,1.321127,0.747046,ITA,BOL,902221
10559913,121,31,9753,2015,213793.0,0.0,1.900653,0.859406,KOR,BOL,902221
10559914,231,31,9753,2015,4825.0,0.0,1.720478,-0.129322,USA,BOL,902221
10559915,41,51,9753,2015,620.0,0.0,2.306075,0.720781,CHE,CPV,902221
10559916,179,51,9753,2015,2427.0,0.0,0.561922,2.2276380000000002,PRT,CPV,902221
10559917,14,75,9753,2015,93337.0,0.0,-0.292325,-0.043489,AUS,FJI,902221
10559918,64,78,9753,2015,5794.0,0.0,1.157924,1.2045629999999998,DNK,FRO,902221
10559919,15,123,9753,2015,340010.0,0.0,1.747098,-0.08026699999999999,AUT,LAO,902221
10559920,77,123,9753,2015,7427.0,0.0,1.479792,0.6490239999999999,FRA,LAO,902221
10559921,216,123,9753,2015,87823.0,0.0,0.965888,1.368572,THA,LAO,902221
10559922,246,129,9753,2015,1262.0,0.0,0.24944699999999997,1.7573159999999999,ZAF,LSO,902221
10559923,104,137,9753,2015,14367.0,0.0,0.24230900000000002,2.8190880000000003,IND,MDV,902221
10559924,43,145,9753,2015,110562.0,0.0,1.077143,1.735757,CHN,MNG,902221
10559925,61,145,9753,2015,17481.0,0.0,2.203818,-2.307561,DEU,MNG,902221
10559926,104,145,9753,2015,331318.0,0.0,0.24230900000000002,2.8190880000000003,IND,MNG,902221
10559927,121,145,9753,2015,2585.0,0.0,1.900653,0.859406,KOR,MNG,902221
10559928,7,152,9753,2015,97177.0,0.0,0.21779600000000002,-0.0047420000000000006,ARE,MWI,902221
10559929,64,152,9753,2015,670.0,0.0,1.157924,1.2045629999999998,DNK,MWI,902221
10559930,104,152,9753,2015,3121.0,0.0,0.24230900000000002,2.8190880000000003,IND,MWI,902221
10559931,77,157,9753,2015,622.0,0.0,1.479792,0.6490239999999999,FRA,NER,902221
10559932,104,187,9753,2015,3019.0,0.0,0.24230900000000002,2.8190880000000003,IND,RWA,902221
10559933,246,187,9753,2015,1749.0,0.0,0.24944699999999997,1.7573159999999999,ZAF,RWA,902221
10559934,231,199,9753,2015,5280.0,0.0,1.720478,-0.129322,USA,SOM,902221
10559935,39,30,9753,2015,55302.0,0.0,0.695867,1.171676,CAN,BMU,902221
10559936,114,30,9753,2015,16650.0,0.0,2.516133,-0.484202,JPN,BMU,902221
10559937,231,30,9753,2015,75542.0,0.0,1.720478,-0.129322,USA,BMU,902221
10559938,61,182,9753,2015,26675.0,0.0,2.203818,-2.307561,DEU,PYF,902221
10559939,77,182,9753,2015,19332.0,0.0,1.479792,0.6490239999999999,FRA,PYF,902221
10559940,14,56,9753,2015,3781.0,0.0,-0.292325,-0.043489,AUS,CXR,902221
10559941,162,20,9753,2015,154959.0,0.0,1.230104,1.27344,NLD,BES,902221
10559942,77,210,9753,2015,33455.0,0.0,1.479792,0.6490239999999999,FRA,SXM,902221
10559943,162,210,9753,2015,29052.0,0.0,1.230104,1.27344,NLD,SXM,902221
10559944,14,7,9754,2015,177195.0,0.0,-0.292325,-0.043489,AUS,ARE,902229
10559945,15,7,9754,2015,2671.0,0.0,1.747098,-0.08026699999999999,AUT,ARE,902229
10559946,24,7,9754,2015,252628.0,0.0,0.36650900000000003,-0.28735,BHR,ARE,902229
10559947,41,7,9754,2015,2435.0,0.0,2.306075,0.720781,CHE,ARE,902229
10559948,43,7,9754,2015,20378.0,0.0,1.077143,1.735757,CHN,ARE,902229
10559949,61,7,9754,2015,110089.0,0.0,2.203818,-2.307561,DEU,ARE,902229
10559950,68,7,9754,2015,0.0,141445.0,-0.183053,1.765036,EGY,ARE,902229
10559951,77,7,9754,2015,8200.0,0.0,1.479792,0.6490239999999999,FRA,ARE,902229
10559952,81,7,9754,2015,401609.0,0.0,1.7422990000000003,0.75838,GBR,ARE,902229
10559953,104,7,9754,2015,5449.0,0.0,0.24230900000000002,2.8190880000000003,IND,ARE,902229
10559954,106,7,9754,2015,6960.0,0.0,1.304942,0.126431,IRL,ARE,902229
10559955,107,7,9754,2015,0.0,9038.0,-0.258946,-0.0073420000000000004,IRN,ARE,902229
10559956,108,7,9754,2015,0.0,5017.0,-1.465803,-0.912113,IRQ,ARE,902229
10559957,122,7,9754,2015,0.0,67587.0,-0.352023,-1.153057,KWT,ARE,902229
10559958,162,7,9754,2015,0.0,1290.0,1.230104,1.27344,NLD,ARE,902229
10559959,163,7,9754,2015,215945.0,0.0,0.950708,0.314339,NOR,ARE,902229
10559960,167,7,9754,2015,90209.0,14709.0,-0.4699,-1.00451,OMN,ARE,902229
10559961,168,7,9754,2015,5351.0,18903.0,-0.7059979999999999,0.73501,PAK,ARE,902229
10559962,192,7,9754,2015,115461.0,0.0,2.05613,0.593065,SGP,ARE,902229
10559963,231,7,9754,2015,1364711.0,6756.0,1.720478,-0.129322,USA,ARE,902229
10559964,246,7,9754,2015,0.0,2514.0,0.24944699999999997,1.7573159999999999,ZAF,ARE,902229
10559965,18,8,9754,2015,10460.0,0.0,1.329866,1.100641,BEL,ARG,902229
10559966,32,8,9754,2015,0.0,272323.0,0.23656799999999997,0.688607,BRA,ARG,902229
10559967,59,8,9754,2015,145462.0,0.0,1.743012,0.45424,CZE,ARG,902229
10559968,61,8,9754,2015,108389.0,105693.0,2.203818,-2.307561,DEU,ARG,902229
10559969,67,8,9754,2015,157926.0,0.0,-0.9845959999999999,-1.075639,ECU,ARG,902229
10559970,77,8,9754,2015,157522.0,0.0,1.479792,0.6490239999999999,FRA,ARG,902229
10559971,81,8,9754,2015,50838.0,0.0,1.7422990000000003,0.75838,GBR,ARG,902229
10559972,192,8,9754,2015,0.0,30622.0,2.05613,0.593065,SGP,ARG,902229
10559973,231,8,9754,2015,1222635.0,234432.0,1.720478,-0.129322,USA,ARG,902229
10559974,246,8,9754,2015,45937.0,48687.0,0.24944699999999997,1.7573159999999999,ZAF,ARG,902229
10559975,7,15,9754,2015,0.0,2671.0,0.21779600000000002,-0.0047420000000000006,ARE,AUT,902229
10559976,26,15,9754,2015,0.0,30318.0,0.355903,0.723092,BIH,AUT,902229
10559977,28,15,9754,2015,0.0,4365.0,0.672499,0.5584020000000001,BLR,AUT,902229
10559978,39,15,9754,2015,448023.0,18076.0,0.695867,1.171676,CAN,AUT,902229
10559979,47,15,9754,2015,0.0,19213.0,-1.294823,-1.18811,COG,AUT,902229
10559980,59,15,9754,2015,11515.0,0.0,1.743012,0.45424,CZE,AUT,902229
10559981,61,15,9754,2015,996925.0,6084.0,2.203818,-2.307561,DEU,AUT,902229
10559982,111,15,9754,2015,0.0,52110.0,1.321127,0.747046,ITA,AUT,902229
10559983,114,15,9754,2015,37140.0,0.0,2.516133,-0.484202,JPN,AUT,902229
10559984,115,15,9754,2015,0.0,34734.0,-0.45091499999999995,-0.652026,KAZ,AUT,902229
10559985,128,15,9754,2015,0.0,16862.0,-0.6773399999999999,0.386343,LKA,AUT,902229
10559986,162,15,9754,2015,4753.0,0.0,1.230104,1.27344,NLD,AUT,902229
10559987,163,15,9754,2015,0.0,275882.0,0.950708,0.314339,NOR,AUT,902229
10559988,174,15,9754,2015,0.0,2295.0,0.6406270000000001,0.45770200000000005,PHL,AUT,902229
10559989,177,15,9754,2015,2455.0,0.0,1.145844,1.1449280000000002,POL,AUT,902229
10559990,186,15,9754,2015,4590.0,0.0,0.23119,0.035965,RUS,AUT,902229
10559991,206,15,9754,2015,39683.0,0.0,1.287133,0.7900560000000001,SVK,AUT,902229
10559992,207,15,9754,2015,0.0,4014.0,1.6089879999999999,0.833616,SVN,AUT,902229
10559993,231,15,9754,2015,66705.0,3793.0,1.720478,-0.129322,USA,AUT,902229
10559994,8,18,9754,2015,0.0,10460.0,0.116896,0.30330999999999997,ARG,BEL,902229
10559995,17,18,9754,2015,0.0,1244.0,-0.993318,-1.031194,BDI,BEL,902229
10559996,32,18,9754,2015,0.0,13191.0,0.23656799999999997,0.688607,BRA,BEL,902229
10559997,39,18,9754,2015,0.0,8326.0,0.695867,1.171676,CAN,BEL,902229
10559998,41,18,9754,2015,1487.0,4762.0,2.306075,0.720781,CHE,BEL,902229
