2359999,131,77,7729,2015,1939.0,74545.0,1.218924,1.247152,LUX,FRA,611300
2360000,132,77,7729,2015,17835.0,21528.0,0.602209,1.125357,LVA,FRA,611300
2360001,134,77,7729,2015,308680.0,110691.0,-0.7554810000000001,-0.059697,MAR,FRA,611300
2360002,136,77,7729,2015,4061.0,2283.0,-1.15947,-0.497217,MDG,FRA,611300
2360003,138,77,7729,2015,37008.0,7243.0,1.169724,0.61457,MEX,FRA,611300
2360004,140,77,7729,2015,13010.0,0.0,-0.09009600000000001,-0.147359,MKD,FRA,611300
2360005,142,77,7729,2015,12613.0,33226.0,0.880893,-0.117585,MLT,FRA,611300
2360006,143,77,7729,2015,0.0,8951.0,-1.4596120000000001,-0.903904,MMR,FRA,611300
2360007,144,77,7729,2015,0.0,4458.0,-0.048385000000000004,-0.150759,MNE,FRA,611300
2360008,148,77,7729,2015,0.0,88857.0,-1.5597450000000002,-1.3209229999999998,MRT,FRA,611300
2360009,151,77,7729,2015,3968370.0,5023.0,-0.231762,-0.195051,MUS,FRA,611300
2360010,153,77,7729,2015,9846.0,1330.0,1.082803,0.811615,MYS,FRA,611300
2360011,156,77,7729,2015,0.0,29651.0,-0.727911,-0.844562,NCL,FRA,611300
2360012,162,77,7729,2015,904731.0,796496.0,1.230104,1.27344,NLD,FRA,611300
2360013,163,77,7729,2015,979.0,39595.0,0.950708,0.314339,NOR,FRA,611300
2360014,166,77,7729,2015,0.0,7267.0,0.224598,0.253179,NZL,FRA,611300
2360015,167,77,7729,2015,0.0,2515.0,-0.4699,-1.00451,OMN,FRA,611300
2360016,168,77,7729,2015,1925.0,4349.0,-0.7059979999999999,0.73501,PAK,FRA,611300
2360017,174,77,7729,2015,5801.0,0.0,0.6406270000000001,0.45770200000000005,PHL,FRA,611300
2360018,177,77,7729,2015,309005.0,988995.0,1.145844,1.1449280000000002,POL,FRA,611300
2360019,179,77,7729,2015,395784.0,1531106.0,0.561922,2.2276380000000002,PRT,FRA,611300
2360020,182,77,7729,2015,0.0,68710.0,-0.301696,-0.795154,PYF,FRA,611300
2360021,185,77,7729,2015,371648.0,80448.0,0.946363,1.056775,ROU,FRA,611300
2360022,186,77,7729,2015,0.0,23718.0,0.23119,0.035965,RUS,FRA,611300
2360023,188,77,7729,2015,0.0,2926.0,0.5552520000000001,-0.7263229999999999,SAU,FRA,611300
2360024,191,77,7729,2015,0.0,1503.0,-0.708349,-0.296663,SEN,FRA,611300
2360025,192,77,7729,2015,521708.0,22121.0,2.05613,0.593065,SGP,FRA,611300
2360026,200,77,7729,2015,0.0,3142.0,1.108603,-0.356745,SPM,FRA,611300
2360027,206,77,7729,2015,0.0,32264.0,1.287133,0.7900560000000001,SVK,FRA,611300
2360028,207,77,7729,2015,13321.0,53674.0,1.6089879999999999,0.833616,SVN,FRA,611300
2360029,208,77,7729,2015,154147.0,320929.0,1.8068349999999997,0.693389,SWE,FRA,611300
2360030,210,77,7729,2015,0.0,8374.0,0.945973,-0.7548229999999999,SXM,FRA,611300
2360031,211,77,7729,2015,0.0,1002.0,1.017467,-0.285569,SYC,FRA,611300
2360032,215,77,7729,2015,0.0,1508.0,-0.66925,-0.873554,TGO,FRA,611300
2360033,216,77,7729,2015,10667555.0,2358.0,0.965888,1.368572,THA,FRA,611300
2360034,223,77,7729,2015,60602.0,5915.0,0.140202,0.967591,TUN,FRA,611300
2360035,224,77,7729,2015,47897.0,9693.0,0.438669,2.519632,TUR,FRA,611300
2360036,230,77,7729,2015,0.0,2984.0,0.273876,-0.363695,URY,FRA,611300
2360037,231,77,7729,2015,64219.0,257126.0,1.720478,-0.129322,USA,FRA,611300
2360038,239,77,7729,2015,6384594.0,0.0,-0.17108900000000002,1.10995,VNM,FRA,611300
2360039,241,77,7729,2015,0.0,10467.0,0.858368,-0.6285810000000001,WLF,FRA,611300
2360040,246,77,7729,2015,0.0,4250.0,0.24944699999999997,1.7573159999999999,ZAF,FRA,611300
2360041,249,77,7729,2015,52147.0,9145.0,1.962832,1.214982,TWN,FRA,611300
2360042,250,77,7729,2015,14258.0,0.0,0.377283,-0.092204,ANS,FRA,611300
2360043,2,81,7729,2015,0.0,1033.0,-1.6542,-1.2598989999999999,AGO,GBR,611300
2360044,7,81,7729,2015,229069.0,234259.0,0.21779600000000002,-0.0047420000000000006,ARE,GBR,611300
2360045,9,81,7729,2015,0.0,9196.0,0.037579,-0.42448800000000003,ARM,GBR,611300
2360046,14,81,7729,2015,36398.0,324023.0,-0.292325,-0.043489,AUS,GBR,611300
2360047,15,81,7729,2015,129064.0,139542.0,1.747098,-0.08026699999999999,AUT,GBR,611300
2360048,16,81,7729,2015,0.0,1615.0,-0.983347,-1.231542,AZE,GBR,611300
2360049,18,81,7729,2015,3474374.0,337344.0,1.329866,1.100641,BEL,GBR,611300
2360050,22,81,7729,2015,34145.0,0.0,-1.088465,-0.8745360000000001,BGD,GBR,611300
2360051,23,81,7729,2015,0.0,27683.0,0.45640699999999995,1.691455,BGR,GBR,611300
2360052,24,81,7729,2015,1171.0,4399.0,0.36650900000000003,-0.28735,BHR,GBR,611300
2360053,28,81,7729,2015,0.0,9441.0,0.672499,0.5584020000000001,BLR,GBR,611300
2360054,30,81,7729,2015,0.0,23992.0,0.974592,-0.636426,BMU,GBR,611300
2360055,32,81,7729,2015,0.0,45585.0,0.23656799999999997,0.688607,BRA,GBR,611300
2360056,33,81,7729,2015,0.0,12962.0,0.453689,0.039237,BRB,GBR,611300
2360057,34,81,7729,2015,0.0,4726.0,1.093564,-0.679211,BRN,GBR,611300
2360058,37,81,7729,2015,0.0,3046.0,-0.14164200000000002,-1.0372059999999999,BWA,GBR,611300
2360059,39,81,7729,2015,122208.0,37204.0,0.695867,1.171676,CAN,GBR,611300
2360060,41,81,7729,2015,46474.0,99698.0,2.306075,0.720781,CHE,GBR,611300
2360061,42,81,7729,2015,1320.0,42634.0,-0.356167,-0.47629399999999994,CHL,GBR,611300
2360062,43,81,7729,2015,15468315.0,52513.0,1.077143,1.735757,CHN,GBR,611300
2360063,44,81,7729,2015,0.0,19722.0,-0.856142,-0.905292,CIV,GBR,611300
2360064,45,81,7729,2015,7306.0,1526.0,-0.924366,-1.040721,CMR,GBR,611300
2360065,49,81,7729,2015,2744.0,0.0,0.156383,-0.183055,COL,GBR,611300
2360066,58,81,7729,2015,0.0,15493.0,0.511225,-0.207261,CYP,GBR,611300
2360067,59,81,7729,2015,2594.0,156684.0,1.743012,0.45424,CZE,GBR,611300
2360068,61,81,7729,2015,2005363.0,2574712.0,2.203818,-2.307561,DEU,GBR,611300
2360069,64,81,7729,2015,2189207.0,578305.0,1.157924,1.2045629999999998,DNK,GBR,611300
2360070,66,81,7729,2015,0.0,49549.0,-1.54346,-1.255633,DZA,GBR,611300
2360071,68,81,7729,2015,0.0,44531.0,-0.183053,1.765036,EGY,GBR,611300
2360072,71,81,7729,2015,1195209.0,1340758.0,0.8173590000000001,2.442556,ESP,GBR,611300
2360073,72,81,7729,2015,0.0,114360.0,0.9281149999999999,1.1780389999999998,EST,GBR,611300
2360074,74,81,7729,2015,59347.0,79891.0,1.597817,0.998059,FIN,GBR,611300
2360075,76,81,7729,2015,0.0,3088.0,0.268838,-0.829983,FLK,GBR,611300
2360076,77,81,7729,2015,5665199.0,2437815.0,1.479792,0.6490239999999999,FRA,GBR,611300
2360077,78,81,7729,2015,0.0,5307.0,-0.700767,-0.9214399999999999,FRO,GBR,611300
2360078,83,81,7729,2015,0.0,5956.0,-0.750568,-0.690257,GHA,GBR,611300
2360079,87,81,7729,2015,0.0,1839.0,-0.984775,-0.877886,GMB,GBR,611300
2360080,90,81,7729,2015,0.0,130893.0,0.099027,1.012289,GRC,GBR,611300
2360081,97,81,7729,2015,870366.0,95537.0,0.8255290000000001,1.8017279999999998,HKG,GBR,611300
2360082,99,81,7729,2015,1898.0,0.0,-0.578635,-0.292053,HND,GBR,611300
2360083,100,81,7729,2015,97910.0,6279.0,0.7590140000000001,1.257415,HRV,GBR,611300
2360084,101,81,7729,2015,1058.0,0.0,-1.288246,-1.018979,HTI,GBR,611300
2360085,102,81,7729,2015,1013.0,32430.0,1.462839,0.803258,HUN,GBR,611300
2360086,103,81,7729,2015,33130.0,0.0,-0.145103,1.277362,IDN,GBR,611300
2360087,104,81,7729,2015,87892.0,15554.0,0.24230900000000002,2.8190880000000003,IND,GBR,611300
2360088,106,81,7729,2015,90653.0,2195842.0,1.304942,0.126431,IRL,GBR,611300
2360089,108,81,7729,2015,0.0,11219.0,-1.465803,-0.912113,IRQ,GBR,611300
2360090,109,81,7729,2015,1183.0,4874.0,0.24527600000000002,-0.411616,ISL,GBR,611300
2360091,110,81,7729,2015,28411.0,80955.0,1.260071,0.545545,ISR,GBR,611300
2360092,111,81,7729,2015,999777.0,417428.0,1.321127,0.747046,ITA,GBR,611300
2360093,112,81,7729,2015,0.0,2410.0,-0.438267,-0.828097,JAM,GBR,611300
2360094,113,81,7729,2015,1215.0,0.0,0.121172,0.457301,JOR,GBR,611300
2360095,114,81,7729,2015,276115.0,6714472.0,2.516133,-0.484202,JPN,GBR,611300
2360096,115,81,7729,2015,0.0,23254.0,-0.45091499999999995,-0.652026,KAZ,GBR,611300
2360097,116,81,7729,2015,8055.0,11218.0,-0.453564,0.433325,KEN,GBR,611300
2360098,118,81,7729,2015,2722839.0,0.0,-0.791985,-0.833046,KHM,GBR,611300
2360099,121,81,7729,2015,37717.0,146880.0,1.900653,0.859406,KOR,GBR,611300
2360100,122,81,7729,2015,0.0,5680.0,-0.352023,-1.153057,KWT,GBR,611300
2360101,124,81,7729,2015,0.0,10099.0,0.317355,1.330374,LBN,GBR,611300
2360102,126,81,7729,2015,0.0,10742.0,-1.3257219999999998,-1.260453,LBY,GBR,611300
2360103,128,81,7729,2015,35143.0,0.0,-0.6773399999999999,0.386343,LKA,GBR,611300
2360104,130,81,7729,2015,0.0,42131.0,0.749429,1.3659860000000001,LTU,GBR,611300
2360105,131,81,7729,2015,1392780.0,7675.0,1.218924,1.247152,LUX,GBR,611300
2360106,132,81,7729,2015,0.0,69923.0,0.602209,1.125357,LVA,GBR,611300
2360107,134,81,7729,2015,0.0,51170.0,-0.7554810000000001,-0.059697,MAR,GBR,611300
2360108,138,81,7729,2015,9907.0,0.0,1.169724,0.61457,MEX,GBR,611300
2360109,142,81,7729,2015,0.0,20417.0,0.880893,-0.117585,MLT,GBR,611300
2360110,143,81,7729,2015,2573.0,0.0,-1.4596120000000001,-0.903904,MMR,GBR,611300
2360111,151,81,7729,2015,2389069.0,0.0,-0.231762,-0.195051,MUS,GBR,611300
2360112,153,81,7729,2015,140733.0,13589.0,1.082803,0.811615,MYS,GBR,611300
2360113,156,81,7729,2015,0.0,889.0,-0.727911,-0.844562,NCL,GBR,611300
2360114,159,81,7729,2015,0.0,57048.0,-1.415451,-1.157829,NGA,GBR,611300
2360115,160,81,7729,2015,1239.0,0.0,-1.102989,-0.952276,NIC,GBR,611300
2360116,162,81,7729,2015,3894003.0,2931724.0,1.230104,1.27344,NLD,GBR,611300
2360117,163,81,7729,2015,134505.0,114474.0,0.950708,0.314339,NOR,GBR,611300
2360118,166,81,7729,2015,0.0,92883.0,0.224598,0.253179,NZL,GBR,611300
2360119,168,81,7729,2015,11818.0,29067.0,-0.7059979999999999,0.73501,PAK,GBR,611300
2360120,169,81,7729,2015,0.0,5613.0,0.642058,0.833392,PAN,GBR,611300
2360121,173,81,7729,2015,1314.0,1952.0,-0.6007819999999999,0.32152800000000004,PER,GBR,611300
2360122,174,81,7729,2015,34515.0,11328.0,0.6406270000000001,0.45770200000000005,PHL,GBR,611300
2360123,177,81,7729,2015,66225.0,480731.0,1.145844,1.1449280000000002,POL,GBR,611300
2360124,179,81,7729,2015,185591.0,513453.0,0.561922,2.2276380000000002,PRT,GBR,611300
2360125,180,81,7729,2015,0.0,3019.0,-0.471106,-0.9431139999999999,PRY,GBR,611300
2360126,182,81,7729,2015,19813.0,0.0,-0.301696,-0.795154,PYF,GBR,611300
2360127,183,81,7729,2015,1836.0,1511.0,-0.077053,-0.9922719999999999,QAT,GBR,611300
2360128,185,81,7729,2015,20147.0,20210.0,0.946363,1.056775,ROU,GBR,611300
2360129,186,81,7729,2015,19557.0,1259.0,0.23119,0.035965,RUS,GBR,611300
2360130,188,81,7729,2015,0.0,24258.0,0.5552520000000001,-0.7263229999999999,SAU,GBR,611300
2360131,192,81,7729,2015,5407.0,58458.0,2.05613,0.593065,SGP,GBR,611300
2360132,201,81,7729,2015,0.0,6604.0,0.457042,1.324908,SRB,GBR,611300
2360133,206,81,7729,2015,0.0,25281.0,1.287133,0.7900560000000001,SVK,GBR,611300
2360134,207,81,7729,2015,15700.0,32389.0,1.6089879999999999,0.833616,SVN,GBR,611300
2360135,208,81,7729,2015,490374.0,277832.0,1.8068349999999997,0.693389,SWE,GBR,611300
2360136,211,81,7729,2015,0.0,1589.0,1.017467,-0.285569,SYC,GBR,611300
2360137,216,81,7729,2015,3242342.0,2345.0,0.965888,1.368572,THA,GBR,611300
2360138,223,81,7729,2015,19680.0,23091.0,0.140202,0.967591,TUN,GBR,611300
2360139,224,81,7729,2015,32601.0,81429.0,0.438669,2.519632,TUR,GBR,611300
2360140,230,81,7729,2015,0.0,20792.0,0.273876,-0.363695,URY,GBR,611300
2360141,231,81,7729,2015,461282.0,631489.0,1.720478,-0.129322,USA,GBR,611300
2360142,239,81,7729,2015,203953.0,9742.0,-0.17108900000000002,1.10995,VNM,GBR,611300
2360143,246,81,7729,2015,1865.0,28079.0,0.24944699999999997,1.7573159999999999,ZAF,GBR,611300
2360144,249,81,7729,2015,46185.0,1880.0,1.962832,1.214982,TWN,GBR,611300
2360145,7,93,7729,2015,0.0,2220.0,0.21779600000000002,-0.0047420000000000006,ARE,GTM,611300
2360146,32,93,7729,2015,3927.0,0.0,0.23656799999999997,0.688607,BRA,GTM,611300
2360147,43,93,7729,2015,14601.0,0.0,1.077143,1.735757,CHN,GTM,611300
2360148,52,93,7729,2015,0.0,13948.0,0.24859699999999998,-0.033143,CRI,GTM,611300
2360149,71,93,7729,2015,3246.0,0.0,0.8173590000000001,2.442556,ESP,GTM,611300
2360150,99,93,7729,2015,0.0,175718.0,-0.578635,-0.292053,HND,GTM,611300
2360151,160,93,7729,2015,0.0,6136352.0,-1.102989,-0.952276,NIC,GTM,611300
2360152,169,93,7729,2015,1222.0,0.0,0.642058,0.833392,PAN,GTM,611300
2360153,231,93,7729,2015,82616.0,0.0,1.720478,-0.129322,USA,GTM,611300
2360154,7,97,7729,2015,94177.0,724245.0,0.21779600000000002,-0.0047420000000000006,ARE,HKG,611300
2360155,9,97,7729,2015,0.0,1054.0,0.037579,-0.42448800000000003,ARM,HKG,611300
2360156,14,97,7729,2015,3270.0,154777.0,-0.292325,-0.043489,AUS,HKG,611300
2360157,15,97,7729,2015,38666.0,296014.0,1.747098,-0.08026699999999999,AUT,HKG,611300
2360158,18,97,7729,2015,4116.0,14650.0,1.329866,1.100641,BEL,HKG,611300
2360159,28,97,7729,2015,0.0,5525.0,0.672499,0.5584020000000001,BLR,HKG,611300
2360160,32,97,7729,2015,0.0,3214.0,0.23656799999999997,0.688607,BRA,HKG,611300
2360161,34,97,7729,2015,12667.0,0.0,1.093564,-0.679211,BRN,HKG,611300
2360162,39,97,7729,2015,1530.0,84587.0,0.695867,1.171676,CAN,HKG,611300
2360163,41,97,7729,2015,0.0,9685.0,2.306075,0.720781,CHE,HKG,611300
2360164,42,97,7729,2015,0.0,54187.0,-0.356167,-0.47629399999999994,CHL,HKG,611300
2360165,43,97,7729,2015,6417762.0,274930.0,1.077143,1.735757,CHN,HKG,611300
2360166,49,97,7729,2015,0.0,8545.0,0.156383,-0.183055,COL,HKG,611300
2360167,58,97,7729,2015,0.0,5897.0,0.511225,-0.207261,CYP,HKG,611300
2360168,59,97,7729,2015,0.0,2861.0,1.743012,0.45424,CZE,HKG,611300
2360169,61,97,7729,2015,155831.0,852178.0,2.203818,-2.307561,DEU,HKG,611300
2360170,64,97,7729,2015,0.0,52475.0,1.157924,1.2045629999999998,DNK,HKG,611300
2360171,68,97,7729,2015,0.0,98701.0,-0.183053,1.765036,EGY,HKG,611300
2360172,71,97,7729,2015,87318.0,29336.0,0.8173590000000001,2.442556,ESP,HKG,611300
2360173,74,97,7729,2015,0.0,8112.0,1.597817,0.998059,FIN,HKG,611300
2360174,77,97,7729,2015,28943.0,290965.0,1.479792,0.6490239999999999,FRA,HKG,611300
2360175,81,97,7729,2015,95537.0,870366.0,1.7422990000000003,0.75838,GBR,HKG,611300
2360176,87,97,7729,2015,0.0,28971.0,-0.984775,-0.877886,GMB,HKG,611300
2360177,103,97,7729,2015,127946.0,0.0,-0.145103,1.277362,IDN,HKG,611300
2360178,104,97,7729,2015,0.0,24437.0,0.24230900000000002,2.8190880000000003,IND,HKG,611300
2360179,107,97,7729,2015,0.0,7426.0,-0.258946,-0.0073420000000000004,IRN,HKG,611300
2360180,110,97,7729,2015,0.0,38655.0,1.260071,0.545545,ISR,HKG,611300
2360181,111,97,7729,2015,9756012.0,19341.0,1.321127,0.747046,ITA,HKG,611300
2360182,114,97,7729,2015,18044.0,562010.0,2.516133,-0.484202,JPN,HKG,611300
2360183,118,97,7729,2015,100427.0,0.0,-0.791985,-0.833046,KHM,HKG,611300
2360184,121,97,7729,2015,92989.0,186467.0,1.900653,0.859406,KOR,HKG,611300
2360185,124,97,7729,2015,0.0,22192.0,0.317355,1.330374,LBN,HKG,611300
2360186,128,97,7729,2015,12405.0,3490.0,-0.6773399999999999,0.386343,LKA,HKG,611300
2360187,130,97,7729,2015,0.0,69900.0,0.749429,1.3659860000000001,LTU,HKG,611300
2360188,131,97,7729,2015,0.0,2266.0,1.218924,1.247152,LUX,HKG,611300
2360189,133,97,7729,2015,0.0,46131.0,0.296288,0.32009499999999996,MAC,HKG,611300
2360190,137,97,7729,2015,0.0,24693.0,-0.321571,-0.858751,MDV,HKG,611300
2360191,138,97,7729,2015,0.0,45226.0,1.169724,0.61457,MEX,HKG,611300
2360192,142,97,7729,2015,39536.0,0.0,0.880893,-0.117585,MLT,HKG,611300
2360193,151,97,7729,2015,791978.0,7576.0,-0.231762,-0.195051,MUS,HKG,611300
2360194,153,97,7729,2015,5695.0,240614.0,1.082803,0.811615,MYS,HKG,611300
2360195,162,97,7729,2015,12815.0,136886.0,1.230104,1.27344,NLD,HKG,611300
2360196,163,97,7729,2015,39756.0,129765.0,0.950708,0.314339,NOR,HKG,611300
2360197,166,97,7729,2015,1803.0,26090.0,0.224598,0.253179,NZL,HKG,611300
2360198,169,97,7729,2015,0.0,4787.0,0.642058,0.833392,PAN,HKG,611300
2360199,173,97,7729,2015,0.0,1020.0,-0.6007819999999999,0.32152800000000004,PER,HKG,611300
2360200,174,97,7729,2015,42895.0,251193.0,0.6406270000000001,0.45770200000000005,PHL,HKG,611300
2360201,177,97,7729,2015,0.0,26142.0,1.145844,1.1449280000000002,POL,HKG,611300
2360202,179,97,7729,2015,0.0,50386.0,0.561922,2.2276380000000002,PRT,HKG,611300
2360203,182,97,7729,2015,0.0,2787.0,-0.301696,-0.795154,PYF,HKG,611300
2360204,186,97,7729,2015,0.0,515040.0,0.23119,0.035965,RUS,HKG,611300
2360205,188,97,7729,2015,0.0,16843.0,0.5552520000000001,-0.7263229999999999,SAU,HKG,611300
2360206,192,97,7729,2015,3099.0,100174.0,2.05613,0.593065,SGP,HKG,611300
2360207,195,97,7729,2015,0.0,3547.0,-1.167451,-0.931206,SLB,HKG,611300
2360208,207,97,7729,2015,0.0,4395.0,1.6089879999999999,0.833616,SVN,HKG,611300
2360209,208,97,7729,2015,10537.0,115418.0,1.8068349999999997,0.693389,SWE,HKG,611300
2360210,216,97,7729,2015,480232.0,6218.0,0.965888,1.368572,THA,HKG,611300
2360211,224,97,7729,2015,0.0,3080.0,0.438669,2.519632,TUR,HKG,611300
2360212,230,97,7729,2015,0.0,2954.0,0.273876,-0.363695,URY,HKG,611300
2360213,231,97,7729,2015,223290.0,1185465.0,1.720478,-0.129322,USA,HKG,611300
2360214,239,97,7729,2015,480617.0,0.0,-0.17108900000000002,1.10995,VNM,HKG,611300
2360215,246,97,7729,2015,0.0,248671.0,0.24944699999999997,1.7573159999999999,ZAF,HKG,611300
2360216,249,97,7729,2015,19669.0,105228.0,1.962832,1.214982,TWN,HKG,611300
2360217,250,97,7729,2015,0.0,7553.0,0.377283,-0.092204,ANS,HKG,611300
2360218,7,99,7729,2015,0.0,2472.0,0.21779600000000002,-0.0047420000000000006,ARE,HND,611300
2360219,32,99,7729,2015,8434.0,0.0,0.23656799999999997,0.688607,BRA,HND,611300
2360220,43,99,7729,2015,1379.0,0.0,1.077143,1.735757,CHN,HND,611300
2360221,71,99,7729,2015,1979.0,0.0,0.8173590000000001,2.442556,ESP,HND,611300
2360222,81,99,7729,2015,0.0,1898.0,1.7422990000000003,0.75838,GBR,HND,611300
2360223,93,99,7729,2015,175718.0,0.0,-0.284403,0.525564,GTM,HND,611300
2360224,111,99,7729,2015,8727.0,0.0,1.321127,0.747046,ITA,HND,611300
2360225,231,99,7729,2015,0.0,6968.0,1.720478,-0.129322,USA,HND,611300
2360226,7,102,7729,2015,0.0,2744.0,0.21779600000000002,-0.0047420000000000006,ARE,HUN,611300
2360227,9,102,7729,2015,0.0,1513.0,0.037579,-0.42448800000000003,ARM,HUN,611300
2360228,15,102,7729,2015,75055.0,90896.0,1.747098,-0.08026699999999999,AUT,HUN,611300
2360229,18,102,7729,2015,33553.0,0.0,1.329866,1.100641,BEL,HUN,611300
2360230,23,102,7729,2015,0.0,45986.0,0.45640699999999995,1.691455,BGR,HUN,611300
2360231,32,102,7729,2015,0.0,6651.0,0.23656799999999997,0.688607,BRA,HUN,611300
2360232,39,102,7729,2015,0.0,15889.0,0.695867,1.171676,CAN,HUN,611300
2360233,41,102,7729,2015,0.0,228542.0,2.306075,0.720781,CHE,HUN,611300
2360234,43,102,7729,2015,22800.0,4870.0,1.077143,1.735757,CHN,HUN,611300
2360235,59,102,7729,2015,2927.0,8518.0,1.743012,0.45424,CZE,HUN,611300
2360236,61,102,7729,2015,391917.0,1387056.0,2.203818,-2.307561,DEU,HUN,611300
2360237,64,102,7729,2015,153273.0,7681.0,1.157924,1.2045629999999998,DNK,HUN,611300
2360238,71,102,7729,2015,331834.0,0.0,0.8173590000000001,2.442556,ESP,HUN,611300
2360239,77,102,7729,2015,580598.0,65983.0,1.479792,0.6490239999999999,FRA,HUN,611300
2360240,81,102,7729,2015,32430.0,1013.0,1.7422990000000003,0.75838,GBR,HUN,611300
2360241,100,102,7729,2015,59088.0,38477.0,0.7590140000000001,1.257415,HRV,HUN,611300
2360242,111,102,7729,2015,44254.0,3585.0,1.321127,0.747046,ITA,HUN,611300
2360243,121,102,7729,2015,0.0,3339.0,1.900653,0.859406,KOR,HUN,611300
2360244,128,102,7729,2015,4179.0,0.0,-0.6773399999999999,0.386343,LKA,HUN,611300
2360245,142,102,7729,2015,8776.0,0.0,0.880893,-0.117585,MLT,HUN,611300
2360246,162,102,7729,2015,181246.0,11361.0,1.230104,1.27344,NLD,HUN,611300
2360247,163,102,7729,2015,0.0,5234.0,0.950708,0.314339,NOR,HUN,611300
2360248,174,102,7729,2015,1887.0,0.0,0.6406270000000001,0.45770200000000005,PHL,HUN,611300
2360249,177,102,7729,2015,122322.0,11646.0,1.145844,1.1449280000000002,POL,HUN,611300
2360250,179,102,7729,2015,20851.0,14828.0,0.561922,2.2276380000000002,PRT,HUN,611300
2360251,185,102,7729,2015,7366.0,464944.0,0.946363,1.056775,ROU,HUN,611300
2360252,186,102,7729,2015,0.0,73889.0,0.23119,0.035965,RUS,HUN,611300
2360253,201,102,7729,2015,0.0,3220.0,0.457042,1.324908,SRB,HUN,611300
2360254,206,102,7729,2015,13607.0,36012.0,1.287133,0.7900560000000001,SVK,HUN,611300
2360255,207,102,7729,2015,952.0,13434.0,1.6089879999999999,0.833616,SVN,HUN,611300
2360256,208,102,7729,2015,14473.0,0.0,1.8068349999999997,0.693389,SWE,HUN,611300
2360257,224,102,7729,2015,0.0,51578.0,0.438669,2.519632,TUR,HUN,611300
2360258,231,102,7729,2015,0.0,92568.0,1.720478,-0.129322,USA,HUN,611300
2360259,7,103,7729,2015,0.0,35141.0,0.21779600000000002,-0.0047420000000000006,ARE,IDN,611300
2360260,8,103,7729,2015,0.0,4313.0,0.116896,0.30330999999999997,ARG,IDN,611300
2360261,14,103,7729,2015,0.0,8101.0,-0.292325,-0.043489,AUS,IDN,611300
2360262,15,103,7729,2015,0.0,31457.0,1.747098,-0.08026699999999999,AUT,IDN,611300
2360263,18,103,7729,2015,0.0,3273344.0,1.329866,1.100641,BEL,IDN,611300
2360264,22,103,7729,2015,1687.0,0.0,-1.088465,-0.8745360000000001,BGD,IDN,611300
2360265,23,103,7729,2015,0.0,950.0,0.45640699999999995,1.691455,BGR,IDN,611300
2360266,24,103,7729,2015,0.0,9761.0,0.36650900000000003,-0.28735,BHR,IDN,611300
2360267,32,103,7729,2015,0.0,19021.0,0.23656799999999997,0.688607,BRA,IDN,611300
2360268,39,103,7729,2015,0.0,369690.0,0.695867,1.171676,CAN,IDN,611300
2360269,41,103,7729,2015,0.0,157480.0,2.306075,0.720781,CHE,IDN,611300
2360270,42,103,7729,2015,0.0,68038.0,-0.356167,-0.47629399999999994,CHL,IDN,611300
2360271,43,103,7729,2015,70550.0,27134.0,1.077143,1.735757,CHN,IDN,611300
2360272,59,103,7729,2015,0.0,26515.0,1.743012,0.45424,CZE,IDN,611300
2360273,61,103,7729,2015,1907.0,257044.0,2.203818,-2.307561,DEU,IDN,611300
2360274,71,103,7729,2015,8828.0,41253.0,0.8173590000000001,2.442556,ESP,IDN,611300
2360275,72,103,7729,2015,0.0,1721.0,0.9281149999999999,1.1780389999999998,EST,IDN,611300
2360276,74,103,7729,2015,0.0,11544.0,1.597817,0.998059,FIN,IDN,611300
2360277,75,103,7729,2015,0.0,4270.0,-0.481968,-0.201468,FJI,IDN,611300
2360278,77,103,7729,2015,0.0,857385.0,1.479792,0.6490239999999999,FRA,IDN,611300
2360279,81,103,7729,2015,0.0,33130.0,1.7422990000000003,0.75838,GBR,IDN,611300
2360280,87,103,7729,2015,0.0,4797.0,-0.984775,-0.877886,GMB,IDN,611300
2360281,97,103,7729,2015,0.0,127946.0,0.8255290000000001,1.8017279999999998,HKG,IDN,611300
2360282,106,103,7729,2015,0.0,6175.0,1.304942,0.126431,IRL,IDN,611300
2360283,109,103,7729,2015,0.0,1274.0,0.24527600000000002,-0.411616,ISL,IDN,611300
2360284,110,103,7729,2015,0.0,3663.0,1.260071,0.545545,ISR,IDN,611300
2360285,111,103,7729,2015,58005.0,1766.0,1.321127,0.747046,ITA,IDN,611300
2360286,113,103,7729,2015,0.0,2356.0,0.121172,0.457301,JOR,IDN,611300
2360287,114,103,7729,2015,0.0,45249.0,2.516133,-0.484202,JPN,IDN,611300
2360288,119,103,7729,2015,0.0,4533.0,-0.257871,-0.858136,KIR,IDN,611300
2360289,121,103,7729,2015,3766.0,7482.0,1.900653,0.859406,KOR,IDN,611300
2360290,122,103,7729,2015,0.0,1510.0,-0.352023,-1.153057,KWT,IDN,611300
2360291,138,103,7729,2015,0.0,17542.0,1.169724,0.61457,MEX,IDN,611300
2360292,151,103,7729,2015,0.0,860.0,-0.231762,-0.195051,MUS,IDN,611300
2360293,153,103,7729,2015,0.0,1372668.0,1.082803,0.811615,MYS,IDN,611300
2360294,156,103,7729,2015,0.0,1488.0,-0.727911,-0.844562,NCL,IDN,611300
2360295,162,103,7729,2015,0.0,806835.0,1.230104,1.27344,NLD,IDN,611300
2360296,163,103,7729,2015,0.0,46322.0,0.950708,0.314339,NOR,IDN,611300
2360297,166,103,7729,2015,0.0,5069.0,0.224598,0.253179,NZL,IDN,611300
2360298,174,103,7729,2015,0.0,53203.0,0.6406270000000001,0.45770200000000005,PHL,IDN,611300
2360299,177,103,7729,2015,0.0,9887.0,1.145844,1.1449280000000002,POL,IDN,611300
2360300,179,103,7729,2015,4309.0,0.0,0.561922,2.2276380000000002,PRT,IDN,611300
2360301,192,103,7729,2015,185234.0,184672.0,2.05613,0.593065,SGP,IDN,611300
2360302,206,103,7729,2015,0.0,3231.0,1.287133,0.7900560000000001,SVK,IDN,611300
2360303,207,103,7729,2015,0.0,11563.0,1.6089879999999999,0.833616,SVN,IDN,611300
2360304,216,103,7729,2015,91204.0,0.0,0.965888,1.368572,THA,IDN,611300
2360305,227,103,7729,2015,0.0,138.0,-0.611023,0.078961,UGA,IDN,611300
2360306,231,103,7729,2015,2890.0,5387526.0,1.720478,-0.129322,USA,IDN,611300
2360307,239,103,7729,2015,36273.0,0.0,-0.17108900000000002,1.10995,VNM,IDN,611300
2360308,249,103,7729,2015,16962.0,0.0,1.962832,1.214982,TWN,IDN,611300
2360309,7,104,7729,2015,405662.0,155564.0,0.21779600000000002,-0.0047420000000000006,ARE,IND,611300
2360310,9,104,7729,2015,0.0,8593.0,0.037579,-0.42448800000000003,ARM,IND,611300
2360311,14,104,7729,2015,0.0,2186.0,-0.292325,-0.043489,AUS,IND,611300
2360312,18,104,7729,2015,0.0,397180.0,1.329866,1.100641,BEL,IND,611300
2360313,22,104,7729,2015,0.0,6241.0,-1.088465,-0.8745360000000001,BGD,IND,611300
2360314,24,104,7729,2015,0.0,9893.0,0.36650900000000003,-0.28735,BHR,IND,611300
2360315,32,104,7729,2015,2132.0,0.0,0.23656799999999997,0.688607,BRA,IND,611300
2360316,34,104,7729,2015,0.0,7499.0,1.093564,-0.679211,BRN,IND,611300
2360317,39,104,7729,2015,0.0,2573.0,0.695867,1.171676,CAN,IND,611300
2360318,41,104,7729,2015,0.0,3343.0,2.306075,0.720781,CHE,IND,611300
2360319,43,104,7729,2015,72771.0,0.0,1.077143,1.735757,CHN,IND,611300
2360320,45,104,7729,2015,0.0,1607.0,-0.924366,-1.040721,CMR,IND,611300
2360321,59,104,7729,2015,0.0,8191.0,1.743012,0.45424,CZE,IND,611300
2360322,61,104,7729,2015,3042.0,47001.0,2.203818,-2.307561,DEU,IND,611300
2360323,71,104,7729,2015,8121.0,135335.0,0.8173590000000001,2.442556,ESP,IND,611300
2360324,74,104,7729,2015,0.0,1113.0,1.597817,0.998059,FIN,IND,611300
2360325,75,104,7729,2015,0.0,1121.0,-0.481968,-0.201468,FJI,IND,611300
2360326,77,104,7729,2015,0.0,66609.0,1.479792,0.6490239999999999,FRA,IND,611300
2360327,81,104,7729,2015,15554.0,87892.0,1.7422990000000003,0.75838,GBR,IND,611300
2360328,87,104,7729,2015,0.0,1676.0,-0.984775,-0.877886,GMB,IND,611300
2360329,96,104,7729,2015,0.0,32694.0,-1.018758,-1.056085,GUY,IND,611300
2360330,97,104,7729,2015,24437.0,0.0,0.8255290000000001,1.8017279999999998,HKG,IND,611300
2360331,106,104,7729,2015,888.0,3224.0,1.304942,0.126431,IRL,IND,611300
2360332,107,104,7729,2015,0.0,33942.0,-0.258946,-0.0073420000000000004,IRN,IND,611300
2360333,110,104,7729,2015,0.0,6623.0,1.260071,0.545545,ISR,IND,611300
2360334,111,104,7729,2015,30820.0,33508.0,1.321127,0.747046,ITA,IND,611300
2360335,113,104,7729,2015,0.0,3115.0,0.121172,0.457301,JOR,IND,611300
2360336,116,104,7729,2015,0.0,4026.0,-0.453564,0.433325,KEN,IND,611300
2360337,122,104,7729,2015,0.0,22529.0,-0.352023,-1.153057,KWT,IND,611300
2360338,128,104,7729,2015,0.0,1408.0,-0.6773399999999999,0.386343,LKA,IND,611300
2360339,134,104,7729,2015,0.0,16650.0,-0.7554810000000001,-0.059697,MAR,IND,611300
2360340,138,104,7729,2015,0.0,18503.0,1.169724,0.61457,MEX,IND,611300
2360341,142,104,7729,2015,0.0,1919.0,0.880893,-0.117585,MLT,IND,611300
2360342,151,104,7729,2015,447706.0,12885.0,-0.231762,-0.195051,MUS,IND,611300
2360343,152,104,7729,2015,0.0,11520.0,-0.549862,-0.8753190000000001,MWI,IND,611300
2360344,153,104,7729,2015,94485.0,563065.0,1.082803,0.811615,MYS,IND,611300
2360345,162,104,7729,2015,0.0,19672.0,1.230104,1.27344,NLD,IND,611300
2360346,163,104,7729,2015,1803.0,11162.0,0.950708,0.314339,NOR,IND,611300
2360347,167,104,7729,2015,0.0,7148.0,-0.4699,-1.00451,OMN,IND,611300
2360348,174,104,7729,2015,0.0,5408.0,0.6406270000000001,0.45770200000000005,PHL,IND,611300
2360349,177,104,7729,2015,0.0,41610.0,1.145844,1.1449280000000002,POL,IND,611300
2360350,183,104,7729,2015,0.0,85746.0,-0.077053,-0.9922719999999999,QAT,IND,611300
2360351,186,104,7729,2015,945606.0,0.0,0.23119,0.035965,RUS,IND,611300
2360352,192,104,7729,2015,8516.0,39480.0,2.05613,0.593065,SGP,IND,611300
2360353,206,104,7729,2015,57458.0,1037.0,1.287133,0.7900560000000001,SVK,IND,611300
2360354,208,104,7729,2015,0.0,13276.0,1.8068349999999997,0.693389,SWE,IND,611300
2360355,216,104,7729,2015,88509.0,6329.0,0.965888,1.368572,THA,IND,611300
2360356,231,104,7729,2015,5139.0,135606.0,1.720478,-0.129322,USA,IND,611300
2360357,239,104,7729,2015,19874.0,0.0,-0.17108900000000002,1.10995,VNM,IND,611300
2360358,243,104,7729,2015,0.0,1022.0,-1.048632,-1.10843,YEM,IND,611300
2360359,249,104,7729,2015,3186.0,0.0,1.962832,1.214982,TWN,IND,611300
2360360,9,110,7729,2015,0.0,680.0,0.037579,-0.42448800000000003,ARM,ISR,611300
2360361,14,110,7729,2015,1681.0,0.0,-0.292325,-0.043489,AUS,ISR,611300
2360362,15,110,7729,2015,17258.0,2718.0,1.747098,-0.08026699999999999,AUT,ISR,611300
2360363,18,110,7729,2015,44292.0,0.0,1.329866,1.100641,BEL,ISR,611300
2360364,23,110,7729,2015,23478.0,0.0,0.45640699999999995,1.691455,BGR,ISR,611300
2360365,41,110,7729,2015,38689.0,0.0,2.306075,0.720781,CHE,ISR,611300
2360366,43,110,7729,2015,1022263.0,0.0,1.077143,1.735757,CHN,ISR,611300
2360367,61,110,7729,2015,14136.0,0.0,2.203818,-2.307561,DEU,ISR,611300
2360368,71,110,7729,2015,47363.0,0.0,0.8173590000000001,2.442556,ESP,ISR,611300
2360369,77,110,7729,2015,9448.0,0.0,1.479792,0.6490239999999999,FRA,ISR,611300
2360370,81,110,7729,2015,80955.0,28411.0,1.7422990000000003,0.75838,GBR,ISR,611300
2360371,90,110,7729,2015,1893.0,0.0,0.099027,1.012289,GRC,ISR,611300
2360372,97,110,7729,2015,38655.0,0.0,0.8255290000000001,1.8017279999999998,HKG,ISR,611300
2360373,103,110,7729,2015,3663.0,0.0,-0.145103,1.277362,IDN,ISR,611300
2360374,104,110,7729,2015,6623.0,0.0,0.24230900000000002,2.8190880000000003,IND,ISR,611300
2360375,106,110,7729,2015,5087.0,1522.0,1.304942,0.126431,IRL,ISR,611300
2360376,111,110,7729,2015,417408.0,0.0,1.321127,0.747046,ITA,ISR,611300
2360377,118,110,7729,2015,21243.0,0.0,-0.791985,-0.833046,KHM,ISR,611300
2360378,128,110,7729,2015,80297.0,0.0,-0.6773399999999999,0.386343,LKA,ISR,611300
2360379,142,110,7729,2015,2984.0,0.0,0.880893,-0.117585,MLT,ISR,611300
2360380,162,110,7729,2015,7994.0,0.0,1.230104,1.27344,NLD,ISR,611300
2360381,177,110,7729,2015,3073.0,0.0,1.145844,1.1449280000000002,POL,ISR,611300
2360382,208,110,7729,2015,910.0,0.0,1.8068349999999997,0.693389,SWE,ISR,611300
2360383,216,110,7729,2015,333462.0,0.0,0.965888,1.368572,THA,ISR,611300
2360384,231,110,7729,2015,61542.0,3949.0,1.720478,-0.129322,USA,ISR,611300
2360385,239,110,7729,2015,34797.0,0.0,-0.17108900000000002,1.10995,VNM,ISR,611300
2360386,2,111,7729,2015,0.0,3477.0,-1.6542,-1.2598989999999999,AGO,ITA,611300
2360387,4,111,7729,2015,5625.0,2050.0,-0.601875,-0.27003,ALB,ITA,611300
2360388,5,111,7729,2015,0.0,109245.0,0.850153,0.383793,AND,ITA,611300
2360389,7,111,7729,2015,772406.0,664265.0,0.21779600000000002,-0.0047420000000000006,ARE,ITA,611300
2360390,8,111,7729,2015,0.0,38039.0,0.116896,0.30330999999999997,ARG,ITA,611300
2360391,9,111,7729,2015,0.0,217322.0,0.037579,-0.42448800000000003,ARM,ITA,611300
2360392,14,111,7729,2015,0.0,459472.0,-0.292325,-0.043489,AUS,ITA,611300
2360393,15,111,7729,2015,338320.0,239735.0,1.747098,-0.08026699999999999,AUT,ITA,611300
2360394,16,111,7729,2015,0.0,57763.0,-0.983347,-1.231542,AZE,ITA,611300
2360395,17,111,7729,2015,0.0,2605.0,-0.993318,-1.031194,BDI,ITA,611300
2360396,18,111,7729,2015,801983.0,394510.0,1.329866,1.100641,BEL,ITA,611300
2360397,22,111,7729,2015,104305.0,191704.0,-1.088465,-0.8745360000000001,BGD,ITA,611300
2360398,23,111,7729,2015,386183.0,36136.0,0.45640699999999995,1.691455,BGR,ITA,611300
2360399,24,111,7729,2015,0.0,14241.0,0.36650900000000003,-0.28735,BHR,ITA,611300
2360400,26,111,7729,2015,0.0,94765.0,0.355903,0.723092,BIH,ITA,611300
2360401,28,111,7729,2015,0.0,28152.0,0.672499,0.5584020000000001,BLR,ITA,611300
2360402,31,111,7729,2015,0.0,6053.0,-1.051562,-1.067714,BOL,ITA,611300
2360403,32,111,7729,2015,6726.0,1696462.0,0.23656799999999997,0.688607,BRA,ITA,611300
2360404,34,111,7729,2015,0.0,5394.0,1.093564,-0.679211,BRN,ITA,611300
2360405,39,111,7729,2015,0.0,921093.0,0.695867,1.171676,CAN,ITA,611300
2360406,41,111,7729,2015,26352.0,2816908.0,2.306075,0.720781,CHE,ITA,611300
2360407,42,111,7729,2015,0.0,418734.0,-0.356167,-0.47629399999999994,CHL,ITA,611300
2360408,43,111,7729,2015,4216930.0,3459888.0,1.077143,1.735757,CHN,ITA,611300
2360409,44,111,7729,2015,0.0,1371.0,-0.856142,-0.905292,CIV,ITA,611300
2360410,45,111,7729,2015,0.0,15910.0,-0.924366,-1.040721,CMR,ITA,611300
2360411,46,111,7729,2015,0.0,8248.0,-1.3921290000000002,-1.146549,COD,ITA,611300
2360412,47,111,7729,2015,0.0,23198.0,-1.294823,-1.18811,COG,ITA,611300
2360413,49,111,7729,2015,3820.0,222901.0,0.156383,-0.183055,COL,ITA,611300
2360414,51,111,7729,2015,0.0,5421.0,-0.263621,-0.772158,CPV,ITA,611300
2360415,58,111,7729,2015,0.0,36118.0,0.511225,-0.207261,CYP,ITA,611300
2360416,59,111,7729,2015,21132.0,52842.0,1.743012,0.45424,CZE,ITA,611300
2360417,61,111,7729,2015,1531286.0,1296782.0,2.203818,-2.307561,DEU,ITA,611300
2360418,64,111,7729,2015,564215.0,149326.0,1.157924,1.2045629999999998,DNK,ITA,611300
2360419,65,111,7729,2015,0.0,3998.0,-0.212808,0.395873,DOM,ITA,611300
2360420,66,111,7729,2015,0.0,61509.0,-1.54346,-1.255633,DZA,ITA,611300
2360421,68,111,7729,2015,0.0,87571.0,-0.183053,1.765036,EGY,ITA,611300
2360422,71,111,7729,2015,2563946.0,1408288.0,0.8173590000000001,2.442556,ESP,ITA,611300
2360423,72,111,7729,2015,0.0,36808.0,0.9281149999999999,1.1780389999999998,EST,ITA,611300
2360424,73,111,7729,2015,0.0,7171.0,-1.004896,-0.721019,ETH,ITA,611300
2360425,74,111,7729,2015,51589.0,83178.0,1.597817,0.998059,FIN,ITA,611300
2360426,77,111,7729,2015,4190192.0,3359431.0,1.479792,0.6490239999999999,FRA,ITA,611300
2360427,80,111,7729,2015,0.0,3745.0,-1.384351,-1.209873,GAB,ITA,611300
2360428,81,111,7729,2015,417428.0,999777.0,1.7422990000000003,0.75838,GBR,ITA,611300
2360429,82,111,7729,2015,0.0,2783.0,-0.343663,-0.588017,GEO,ITA,611300
2360430,83,111,7729,2015,0.0,1426.0,-0.750568,-0.690257,GHA,ITA,611300
2360431,85,111,7729,2015,0.0,11521.0,-1.288329,-1.167532,GIN,ITA,611300
2360432,90,111,7729,2015,54062.0,135912.0,0.099027,1.012289,GRC,ITA,611300
2360433,97,111,7729,2015,19341.0,9756012.0,0.8255290000000001,1.8017279999999998,HKG,ITA,611300
2360434,99,111,7729,2015,0.0,8727.0,-0.578635,-0.292053,HND,ITA,611300
2360435,100,111,7729,2015,2659018.0,826072.0,0.7590140000000001,1.257415,HRV,ITA,611300
2360436,101,111,7729,2015,0.0,2934.0,-1.288246,-1.018979,HTI,ITA,611300
2360437,102,111,7729,2015,3585.0,44254.0,1.462839,0.803258,HUN,ITA,611300
2360438,103,111,7729,2015,1766.0,58005.0,-0.145103,1.277362,IDN,ITA,611300
2360439,104,111,7729,2015,33508.0,30820.0,0.24230900000000002,2.8190880000000003,IND,ITA,611300
2360440,106,111,7729,2015,0.0,37470.0,1.304942,0.126431,IRL,ITA,611300
2360441,107,111,7729,2015,0.0,1771.0,-0.258946,-0.0073420000000000004,IRN,ITA,611300
2360442,110,111,7729,2015,0.0,417408.0,1.260071,0.545545,ISR,ITA,611300
2360443,113,111,7729,2015,0.0,24169.0,0.121172,0.457301,JOR,ITA,611300
2360444,114,111,7729,2015,181372.0,33574780.0,2.516133,-0.484202,JPN,ITA,611300
2360445,115,111,7729,2015,0.0,283615.0,-0.45091499999999995,-0.652026,KAZ,ITA,611300
2360446,116,111,7729,2015,0.0,1761.0,-0.453564,0.433325,KEN,ITA,611300
2360447,118,111,7729,2015,2382316.0,0.0,-0.791985,-0.833046,KHM,ITA,611300
2360448,121,111,7729,2015,4215.0,7383522.0,1.900653,0.859406,KOR,ITA,611300
2360449,122,111,7729,2015,0.0,22734.0,-0.352023,-1.153057,KWT,ITA,611300
2360450,124,111,7729,2015,0.0,236681.0,0.317355,1.330374,LBN,ITA,611300
2360451,130,111,7729,2015,29449.0,49275.0,0.749429,1.3659860000000001,LTU,ITA,611300
2360452,131,111,7729,2015,0.0,23422.0,1.218924,1.247152,LUX,ITA,611300
2360453,132,111,7729,2015,0.0,29518.0,0.602209,1.125357,LVA,ITA,611300
2360454,134,111,7729,2015,0.0,513998.0,-0.7554810000000001,-0.059697,MAR,ITA,611300
2360455,138,111,7729,2015,0.0,107317.0,1.169724,0.61457,MEX,ITA,611300
2360456,142,111,7729,2015,55332.0,23062.0,0.880893,-0.117585,MLT,ITA,611300
2360457,144,111,7729,2015,0.0,2312.0,-0.048385000000000004,-0.150759,MNE,ITA,611300
2360458,145,111,7729,2015,0.0,2446.0,-1.244368,-1.196677,MNG,ITA,611300
2360459,153,111,7729,2015,1779.0,49282.0,1.082803,0.811615,MYS,ITA,611300
2360460,156,111,7729,2015,0.0,12311.0,-0.727911,-0.844562,NCL,ITA,611300
2360461,162,111,7729,2015,519690.0,321766.0,1.230104,1.27344,NLD,ITA,611300
2360462,163,111,7729,2015,0.0,220089.0,0.950708,0.314339,NOR,ITA,611300
2360463,166,111,7729,2015,0.0,143549.0,0.224598,0.253179,NZL,ITA,611300
2360464,169,111,7729,2015,0.0,19768.0,0.642058,0.833392,PAN,ITA,611300
2360465,174,111,7729,2015,4964.0,74654.0,0.6406270000000001,0.45770200000000005,PHL,ITA,611300
2360466,177,111,7729,2015,15555.0,110932.0,1.145844,1.1449280000000002,POL,ITA,611300
2360467,179,111,7729,2015,24801.0,96465.0,0.561922,2.2276380000000002,PRT,ITA,611300
2360468,182,111,7729,2015,0.0,2033.0,-0.301696,-0.795154,PYF,ITA,611300
2360469,183,111,7729,2015,0.0,5366.0,-0.077053,-0.9922719999999999,QAT,ITA,611300
2360470,185,111,7729,2015,166639.0,180214.0,0.946363,1.056775,ROU,ITA,611300
2360471,186,111,7729,2015,0.0,36365924.0,0.23119,0.035965,RUS,ITA,611300
2360472,188,111,7729,2015,0.0,231790.0,0.5552520000000001,-0.7263229999999999,SAU,ITA,611300
2360473,191,111,7729,2015,0.0,9098.0,-0.708349,-0.296663,SEN,ITA,611300
2360474,192,111,7729,2015,0.0,136991.0,2.05613,0.593065,SGP,ITA,611300
2360475,201,111,7729,2015,0.0,11555.0,0.457042,1.324908,SRB,ITA,611300
2360476,206,111,7729,2015,0.0,28869.0,1.287133,0.7900560000000001,SVK,ITA,611300
2360477,207,111,7729,2015,28676.0,103131.0,1.6089879999999999,0.833616,SVN,ITA,611300
2360478,208,111,7729,2015,33040.0,149329.0,1.8068349999999997,0.693389,SWE,ITA,611300
2360479,216,111,7729,2015,661388.0,30115.0,0.965888,1.368572,THA,ITA,611300
2360480,223,111,7729,2015,3424.0,709335.0,0.140202,0.967591,TUN,ITA,611300
2360481,224,111,7729,2015,738242.0,222367.0,0.438669,2.519632,TUR,ITA,611300
2360482,228,111,7729,2015,0.0,609365.0,0.429879,0.701813,UKR,ITA,611300
2360483,230,111,7729,2015,0.0,138306.0,0.273876,-0.363695,URY,ITA,611300
2360484,231,111,7729,2015,120731.0,10566821.0,1.720478,-0.129322,USA,ITA,611300
2360485,236,111,7729,2015,0.0,65015.0,-0.9249129999999999,-1.1877280000000001,VEN,ITA,611300
2360486,239,111,7729,2015,82032.0,19193.0,-0.17108900000000002,1.10995,VNM,ITA,611300
2360487,246,111,7729,2015,0.0,249004.0,0.24944699999999997,1.7573159999999999,ZAF,ITA,611300
2360488,249,111,7729,2015,7415.0,282924.0,1.962832,1.214982,TWN,ITA,611300
2360489,250,111,7729,2015,0.0,23173.0,0.377283,-0.092204,ANS,ITA,611300
2360490,43,112,7729,2015,1087.0,0.0,1.077143,1.735757,CHN,JAM,611300
2360491,61,112,7729,2015,2306.0,0.0,2.203818,-2.307561,DEU,JAM,611300
2360492,71,112,7729,2015,4037.0,0.0,0.8173590000000001,2.442556,ESP,JAM,611300
2360493,81,112,7729,2015,2410.0,0.0,1.7422990000000003,0.75838,GBR,JAM,611300
2360494,231,112,7729,2015,8588.0,0.0,1.720478,-0.129322,USA,JAM,611300
2360495,7,113,7729,2015,1816099.0,3037.0,0.21779600000000002,-0.0047420000000000006,ARE,JOR,611300
2360496,24,113,7729,2015,0.0,739330.0,0.36650900000000003,-0.28735,BHR,JOR,611300
2360497,39,113,7729,2015,0.0,185948.0,0.695867,1.171676,CAN,JOR,611300
2360498,43,113,7729,2015,77661.0,0.0,1.077143,1.735757,CHN,JOR,611300
2360499,61,113,7729,2015,2791.0,0.0,2.203818,-2.307561,DEU,JOR,611300
2360500,68,113,7729,2015,2917.0,2378.0,-0.183053,1.765036,EGY,JOR,611300
2360501,71,113,7729,2015,4698.0,0.0,0.8173590000000001,2.442556,ESP,JOR,611300
2360502,81,113,7729,2015,0.0,1215.0,1.7422990000000003,0.75838,GBR,JOR,611300
2360503,103,113,7729,2015,2356.0,0.0,-0.145103,1.277362,IDN,JOR,611300
2360504,104,113,7729,2015,3115.0,0.0,0.24230900000000002,2.8190880000000003,IND,JOR,611300
2360505,111,113,7729,2015,24169.0,0.0,1.321127,0.747046,ITA,JOR,611300
2360506,122,113,7729,2015,825.0,0.0,-0.352023,-1.153057,KWT,JOR,611300
2360507,124,113,7729,2015,158849.0,0.0,0.317355,1.330374,LBN,JOR,611300
2360508,134,113,7729,2015,11911.0,0.0,-0.7554810000000001,-0.059697,MAR,JOR,611300
2360509,143,113,7729,2015,6430.0,0.0,-1.4596120000000001,-0.903904,MMR,JOR,611300
2360510,162,113,7729,2015,7552.0,0.0,1.230104,1.27344,NLD,JOR,611300
2360511,224,113,7729,2015,852267.0,0.0,0.438669,2.519632,TUR,JOR,611300
2360512,231,113,7729,2015,12233.0,378398.0,1.720478,-0.129322,USA,JOR,611300
2360513,250,113,7729,2015,0.0,29577.0,0.377283,-0.092204,ANS,JOR,611300
2360514,4,114,7729,2015,2300.0,0.0,-0.601875,-0.27003,ALB,JPN,611300
2360515,7,114,7729,2015,0.0,20203.0,0.21779600000000002,-0.0047420000000000006,ARE,JPN,611300
2360516,9,114,7729,2015,0.0,3037.0,0.037579,-0.42448800000000003,ARM,JPN,611300
2360517,14,114,7729,2015,4371.0,25036.0,-0.292325,-0.043489,AUS,JPN,611300
2360518,15,114,7729,2015,12736.0,0.0,1.747098,-0.08026699999999999,AUT,JPN,611300
2360519,18,114,7729,2015,2093.0,0.0,1.329866,1.100641,BEL,JPN,611300
2360520,22,114,7729,2015,38784.0,0.0,-1.088465,-0.8745360000000001,BGD,JPN,611300
2360521,26,114,7729,2015,0.0,779.0,0.355903,0.723092,BIH,JPN,611300
2360522,39,114,7729,2015,48869.0,3460.0,0.695867,1.171676,CAN,JPN,611300
2360523,41,114,7729,2015,0.0,27864.0,2.306075,0.720781,CHE,JPN,611300
2360524,43,114,7729,2015,5471556.0,16414.0,1.077143,1.735757,CHN,JPN,611300
2360525,59,114,7729,2015,2185.0,0.0,1.743012,0.45424,CZE,JPN,611300
2360526,61,114,7729,2015,268347.0,12181.0,2.203818,-2.307561,DEU,JPN,611300
2360527,64,114,7729,2015,12731.0,0.0,1.157924,1.2045629999999998,DNK,JPN,611300
2360528,71,114,7729,2015,171152.0,3073.0,0.8173590000000001,2.442556,ESP,JPN,611300
2360529,74,114,7729,2015,1903.0,0.0,1.597817,0.998059,FIN,JPN,611300
2360530,77,114,7729,2015,96976.0,18087.0,1.479792,0.6490239999999999,FRA,JPN,611300
2360531,81,114,7729,2015,6714472.0,276115.0,1.7422990000000003,0.75838,GBR,JPN,611300
2360532,97,114,7729,2015,562010.0,18044.0,0.8255290000000001,1.8017279999999998,HKG,JPN,611300
2360533,103,114,7729,2015,45249.0,0.0,-0.145103,1.277362,IDN,JPN,611300
2360534,106,114,7729,2015,7007.0,0.0,1.304942,0.126431,IRL,JPN,611300
2360535,111,114,7729,2015,33574780.0,181372.0,1.321127,0.747046,ITA,JPN,611300
2360536,118,114,7729,2015,361200.0,0.0,-0.791985,-0.833046,KHM,JPN,611300
2360537,121,114,7729,2015,215211.0,37330.0,1.900653,0.859406,KOR,JPN,611300
2360538,130,114,7729,2015,6422.0,0.0,0.749429,1.3659860000000001,LTU,JPN,611300
2360539,132,114,7729,2015,158276.0,0.0,0.602209,1.125357,LVA,JPN,611300
2360540,138,114,7729,2015,16214.0,0.0,1.169724,0.61457,MEX,JPN,611300
2360541,143,114,7729,2015,473684.0,0.0,-1.4596120000000001,-0.903904,MMR,JPN,611300
2360542,153,114,7729,2015,0.0,6151.0,1.082803,0.811615,MYS,JPN,611300
2360543,162,114,7729,2015,5286.0,0.0,1.230104,1.27344,NLD,JPN,611300
2360544,163,114,7729,2015,55896.0,0.0,0.950708,0.314339,NOR,JPN,611300
2360545,166,114,7729,2015,33466.0,1062.0,0.224598,0.253179,NZL,JPN,611300
2360546,175,114,7729,2015,0.0,4649.0,0.353098,-0.590496,PLW,JPN,611300
2360547,177,114,7729,2015,15137.0,0.0,1.145844,1.1449280000000002,POL,JPN,611300
2360548,179,114,7729,2015,1226.0,0.0,0.561922,2.2276380000000002,PRT,JPN,611300
2360549,186,114,7729,2015,0.0,2217.0,0.23119,0.035965,RUS,JPN,611300
2360550,192,114,7729,2015,2265.0,7078.0,2.05613,0.593065,SGP,JPN,611300
2360551,207,114,7729,2015,4772.0,0.0,1.6089879999999999,0.833616,SVN,JPN,611300
2360552,208,114,7729,2015,8777.0,0.0,1.8068349999999997,0.693389,SWE,JPN,611300
2360553,216,114,7729,2015,2207793.0,39962.0,0.965888,1.368572,THA,JPN,611300
2360554,224,114,7729,2015,22506.0,0.0,0.438669,2.519632,TUR,JPN,611300
2360555,231,114,7729,2015,10142715.0,286939.0,1.720478,-0.129322,USA,JPN,611300
2360556,239,114,7729,2015,767544.0,35544.0,-0.17108900000000002,1.10995,VNM,JPN,611300
2360557,249,114,7729,2015,394292.0,31767.0,1.962832,1.214982,TWN,JPN,611300
2360558,7,121,7729,2015,72677.0,0.0,0.21779600000000002,-0.0047420000000000006,ARE,KOR,611300
2360559,9,121,7729,2015,0.0,2550.0,0.037579,-0.42448800000000003,ARM,KOR,611300
2360560,14,121,7729,2015,10685.0,0.0,-0.292325,-0.043489,AUS,KOR,611300
2360561,15,121,7729,2015,13972.0,17341.0,1.747098,-0.08026699999999999,AUT,KOR,611300
2360562,18,121,7729,2015,4320.0,0.0,1.329866,1.100641,BEL,KOR,611300
2360563,22,121,7729,2015,53705.0,0.0,-1.088465,-0.8745360000000001,BGD,KOR,611300
2360564,23,121,7729,2015,13451.0,0.0,0.45640699999999995,1.691455,BGR,KOR,611300
2360565,24,121,7729,2015,0.0,1729.0,0.36650900000000003,-0.28735,BHR,KOR,611300
2360566,32,121,7729,2015,0.0,980.0,0.23656799999999997,0.688607,BRA,KOR,611300
2360567,39,121,7729,2015,13056.0,7222.0,0.695867,1.171676,CAN,KOR,611300
2360568,41,121,7729,2015,22233.0,28233.0,2.306075,0.720781,CHE,KOR,611300
2360569,43,121,7729,2015,2030002.0,6132.0,1.077143,1.735757,CHN,KOR,611300
2360570,61,121,7729,2015,275841.0,55682.0,2.203818,-2.307561,DEU,KOR,611300
2360571,71,121,7729,2015,149488.0,2011.0,0.8173590000000001,2.442556,ESP,KOR,611300
2360572,74,121,7729,2015,75614.0,6104.0,1.597817,0.998059,FIN,KOR,611300
2360573,77,121,7729,2015,11465.0,4469.0,1.479792,0.6490239999999999,FRA,KOR,611300
2360574,81,121,7729,2015,146880.0,37717.0,1.7422990000000003,0.75838,GBR,KOR,611300
2360575,97,121,7729,2015,186467.0,92989.0,0.8255290000000001,1.8017279999999998,HKG,KOR,611300
2360576,102,121,7729,2015,3339.0,0.0,1.462839,0.803258,HUN,KOR,611300
2360577,103,121,7729,2015,7482.0,3766.0,-0.145103,1.277362,IDN,KOR,611300
2360578,106,121,7729,2015,1013.0,0.0,1.304942,0.126431,IRL,KOR,611300
2360579,109,121,7729,2015,0.0,1139.0,0.24527600000000002,-0.411616,ISL,KOR,611300
2360580,111,121,7729,2015,7383522.0,4215.0,1.321127,0.747046,ITA,KOR,611300
2360581,114,121,7729,2015,37330.0,215211.0,2.516133,-0.484202,JPN,KOR,611300
2360582,118,121,7729,2015,1147747.0,0.0,-0.791985,-0.833046,KHM,KOR,611300
2360583,132,121,7729,2015,234371.0,0.0,0.602209,1.125357,LVA,KOR,611300
2360584,138,121,7729,2015,10318.0,0.0,1.169724,0.61457,MEX,KOR,611300
2360585,142,121,7729,2015,1658.0,0.0,0.880893,-0.117585,MLT,KOR,611300
2360586,153,121,7729,2015,0.0,56055.0,1.082803,0.811615,MYS,KOR,611300
2360587,159,121,7729,2015,0.0,20726.0,-1.415451,-1.157829,NGA,KOR,611300
2360588,162,121,7729,2015,1964.0,0.0,1.230104,1.27344,NLD,KOR,611300
2360589,163,121,7729,2015,38283.0,4588.0,0.950708,0.314339,NOR,KOR,611300
2360590,174,121,7729,2015,8489.0,21829.0,0.6406270000000001,0.45770200000000005,PHL,KOR,611300
2360591,177,121,7729,2015,420868.0,0.0,1.145844,1.1449280000000002,POL,KOR,611300
2360592,179,121,7729,2015,8456.0,0.0,0.561922,2.2276380000000002,PRT,KOR,611300
2360593,185,121,7729,2015,1883.0,0.0,0.946363,1.056775,ROU,KOR,611300
2360594,188,121,7729,2015,0.0,3386.0,0.5552520000000001,-0.7263229999999999,SAU,KOR,611300
2360595,192,121,7729,2015,8327.0,9607.0,2.05613,0.593065,SGP,KOR,611300
2360596,208,121,7729,2015,61386.0,31336.0,1.8068349999999997,0.693389,SWE,KOR,611300
2360597,216,121,7729,2015,640560.0,0.0,0.965888,1.368572,THA,KOR,611300
2360598,224,121,7729,2015,7285.0,0.0,0.438669,2.519632,TUR,KOR,611300
2360599,231,121,7729,2015,719549.0,17273.0,1.720478,-0.129322,USA,KOR,611300
2360600,239,121,7729,2015,1340370.0,4651.0,-0.17108900000000002,1.10995,VNM,KOR,611300
2360601,249,121,7729,2015,14375.0,0.0,1.962832,1.214982,TWN,KOR,611300
2360602,7,122,7729,2015,754196.0,183674.0,0.21779600000000002,-0.0047420000000000006,ARE,KWT,611300
2360603,15,122,7729,2015,9010.0,0.0,1.747098,-0.08026699999999999,AUT,KWT,611300
2360604,22,122,7729,2015,16300.0,0.0,-1.088465,-0.8745360000000001,BGD,KWT,611300
2360605,24,122,7729,2015,0.0,197422.0,0.36650900000000003,-0.28735,BHR,KWT,611300
2360606,39,122,7729,2015,3595.0,0.0,0.695867,1.171676,CAN,KWT,611300
2360607,43,122,7729,2015,58737.0,0.0,1.077143,1.735757,CHN,KWT,611300
2360608,61,122,7729,2015,9501.0,0.0,2.203818,-2.307561,DEU,KWT,611300
2360609,64,122,7729,2015,19075.0,0.0,1.157924,1.2045629999999998,DNK,KWT,611300
2360610,71,122,7729,2015,31975.0,0.0,0.8173590000000001,2.442556,ESP,KWT,611300
2360611,77,122,7729,2015,17563.0,0.0,1.479792,0.6490239999999999,FRA,KWT,611300
2360612,81,122,7729,2015,5680.0,0.0,1.7422990000000003,0.75838,GBR,KWT,611300
2360613,90,122,7729,2015,5260.0,0.0,0.099027,1.012289,GRC,KWT,611300
2360614,103,122,7729,2015,1510.0,0.0,-0.145103,1.277362,IDN,KWT,611300
2360615,104,122,7729,2015,22529.0,0.0,0.24230900000000002,2.8190880000000003,IND,KWT,611300
2360616,111,122,7729,2015,22734.0,0.0,1.321127,0.747046,ITA,KWT,611300
2360617,113,122,7729,2015,0.0,825.0,0.121172,0.457301,JOR,KWT,611300
2360618,118,122,7729,2015,10453.0,0.0,-0.791985,-0.833046,KHM,KWT,611300
2360619,128,122,7729,2015,2410.0,0.0,-0.6773399999999999,0.386343,LKA,KWT,611300
2360620,134,122,7729,2015,14588.0,0.0,-0.7554810000000001,-0.059697,MAR,KWT,611300
2360621,179,122,7729,2015,4657.0,0.0,0.561922,2.2276380000000002,PRT,KWT,611300
2360622,185,122,7729,2015,2344.0,0.0,0.946363,1.056775,ROU,KWT,611300
2360623,188,122,7729,2015,0.0,76815.0,0.5552520000000001,-0.7263229999999999,SAU,KWT,611300
2360624,216,122,7729,2015,1988.0,0.0,0.965888,1.368572,THA,KWT,611300
2360625,224,122,7729,2015,8919.0,0.0,0.438669,2.519632,TUR,KWT,611300
2360626,231,122,7729,2015,6024.0,0.0,1.720478,-0.129322,USA,KWT,611300
2360627,239,122,7729,2015,9857.0,0.0,-0.17108900000000002,1.10995,VNM,KWT,611300
2360628,249,122,7729,2015,2370.0,0.0,1.962832,1.214982,TWN,KWT,611300
2360629,7,138,7729,2015,0.0,9201.0,0.21779600000000002,-0.0047420000000000006,ARE,MEX,611300
2360630,14,138,7729,2015,0.0,32092.0,-0.292325,-0.043489,AUS,MEX,611300
2360631,22,138,7729,2015,48695.0,0.0,-1.088465,-0.8745360000000001,BGD,MEX,611300
2360632,39,138,7729,2015,0.0,237946.0,0.695867,1.171676,CAN,MEX,611300
2360633,41,138,7729,2015,1397.0,0.0,2.306075,0.720781,CHE,MEX,611300
2360634,42,138,7729,2015,0.0,5290.0,-0.356167,-0.47629399999999994,CHL,MEX,611300
2360635,43,138,7729,2015,1985806.0,0.0,1.077143,1.735757,CHN,MEX,611300
2360636,49,138,7729,2015,1832.0,0.0,0.156383,-0.183055,COL,MEX,611300
2360637,61,138,7729,2015,4131.0,13641.0,2.203818,-2.307561,DEU,MEX,611300
2360638,64,138,7729,2015,21584.0,0.0,1.157924,1.2045629999999998,DNK,MEX,611300
2360639,71,138,7729,2015,135956.0,38904.0,0.8173590000000001,2.442556,ESP,MEX,611300
2360640,77,138,7729,2015,7243.0,37008.0,1.479792,0.6490239999999999,FRA,MEX,611300
2360641,81,138,7729,2015,0.0,9907.0,1.7422990000000003,0.75838,GBR,MEX,611300
2360642,97,138,7729,2015,45226.0,0.0,0.8255290000000001,1.8017279999999998,HKG,MEX,611300
2360643,103,138,7729,2015,17542.0,0.0,-0.145103,1.277362,IDN,MEX,611300
2360644,104,138,7729,2015,18503.0,0.0,0.24230900000000002,2.8190880000000003,IND,MEX,611300
2360645,111,138,7729,2015,107317.0,0.0,1.321127,0.747046,ITA,MEX,611300
2360646,114,138,7729,2015,0.0,16214.0,2.516133,-0.484202,JPN,MEX,611300
2360647,118,138,7729,2015,89068.0,0.0,-0.791985,-0.833046,KHM,MEX,611300
2360648,121,138,7729,2015,0.0,10318.0,1.900653,0.859406,KOR,MEX,611300
2360649,128,138,7729,2015,24771.0,0.0,-0.6773399999999999,0.386343,LKA,MEX,611300
2360650,163,138,7729,2015,0.0,1662.0,0.950708,0.314339,NOR,MEX,611300
2360651,208,138,7729,2015,7547.0,1454.0,1.8068349999999997,0.693389,SWE,MEX,611300
2360652,216,138,7729,2015,44353.0,0.0,0.965888,1.368572,THA,MEX,611300
2360653,224,138,7729,2015,1824.0,0.0,0.438669,2.519632,TUR,MEX,611300
2360654,231,138,7729,2015,376888.0,2697916.0,1.720478,-0.129322,USA,MEX,611300
2360655,239,138,7729,2015,107886.0,0.0,-0.17108900000000002,1.10995,VNM,MEX,611300
2360656,249,138,7729,2015,2245.0,0.0,1.962832,1.214982,TWN,MEX,611300
2360657,7,153,7729,2015,82839.0,427367.0,0.21779600000000002,-0.0047420000000000006,ARE,MYS,611300
2360658,9,153,7729,2015,0.0,732.0,0.037579,-0.42448800000000003,ARM,MYS,611300
2360659,14,153,7729,2015,9749.0,1497773.0,-0.292325,-0.043489,AUS,MYS,611300
2360660,15,153,7729,2015,0.0,2328.0,1.747098,-0.08026699999999999,AUT,MYS,611300
2360661,18,153,7729,2015,122305.0,2481.0,1.329866,1.100641,BEL,MYS,611300
2360662,22,153,7729,2015,100642.0,0.0,-1.088465,-0.8745360000000001,BGD,MYS,611300
2360663,34,153,7729,2015,0.0,7902.0,1.093564,-0.679211,BRN,MYS,611300
2360664,39,153,7729,2015,0.0,15314.0,0.695867,1.171676,CAN,MYS,611300
2360665,43,153,7729,2015,281692.0,0.0,1.077143,1.735757,CHN,MYS,611300
2360666,59,153,7729,2015,0.0,823.0,1.743012,0.45424,CZE,MYS,611300
2360667,61,153,7729,2015,1759.0,37693.0,2.203818,-2.307561,DEU,MYS,611300
2360668,71,153,7729,2015,45590.0,13478.0,0.8173590000000001,2.442556,ESP,MYS,611300
2360669,72,153,7729,2015,0.0,1176.0,0.9281149999999999,1.1780389999999998,EST,MYS,611300
2360670,74,153,7729,2015,0.0,1323.0,1.597817,0.998059,FIN,MYS,611300
2360671,77,153,7729,2015,1330.0,9846.0,1.479792,0.6490239999999999,FRA,MYS,611300
2360672,81,153,7729,2015,13589.0,140733.0,1.7422990000000003,0.75838,GBR,MYS,611300
2360673,97,153,7729,2015,240614.0,5695.0,0.8255290000000001,1.8017279999999998,HKG,MYS,611300
2360674,103,153,7729,2015,1372668.0,0.0,-0.145103,1.277362,IDN,MYS,611300
2360675,104,153,7729,2015,563065.0,94485.0,0.24230900000000002,2.8190880000000003,IND,MYS,611300
2360676,106,153,7729,2015,0.0,2337.0,1.304942,0.126431,IRL,MYS,611300
2360677,111,153,7729,2015,49282.0,1779.0,1.321127,0.747046,ITA,MYS,611300
2360678,114,153,7729,2015,6151.0,0.0,2.516133,-0.484202,JPN,MYS,611300
2360679,118,153,7729,2015,617303.0,0.0,-0.791985,-0.833046,KHM,MYS,611300
2360680,121,153,7729,2015,56055.0,0.0,1.900653,0.859406,KOR,MYS,611300
2360681,128,153,7729,2015,23119.0,0.0,-0.6773399999999999,0.386343,LKA,MYS,611300
2360682,133,153,7729,2015,4375.0,0.0,0.296288,0.32009499999999996,MAC,MYS,611300
2360683,137,153,7729,2015,0.0,25076.0,-0.321571,-0.858751,MDV,MYS,611300
2360684,142,153,7729,2015,11871.0,0.0,0.880893,-0.117585,MLT,MYS,611300
2360685,143,153,7729,2015,17016.0,0.0,-1.4596120000000001,-0.903904,MMR,MYS,611300
2360686,166,153,7729,2015,0.0,2360.0,0.224598,0.253179,NZL,MYS,611300
2360687,168,153,7729,2015,1478.0,0.0,-0.7059979999999999,0.73501,PAK,MYS,611300
2360688,174,153,7729,2015,0.0,2100.0,0.6406270000000001,0.45770200000000005,PHL,MYS,611300
2360689,177,153,7729,2015,0.0,4515.0,1.145844,1.1449280000000002,POL,MYS,611300
2360690,179,153,7729,2015,810.0,0.0,0.561922,2.2276380000000002,PRT,MYS,611300
2360691,188,153,7729,2015,0.0,446901.0,0.5552520000000001,-0.7263229999999999,SAU,MYS,611300
2360692,192,153,7729,2015,91193.0,106671.0,2.05613,0.593065,SGP,MYS,611300
2360693,208,153,7729,2015,0.0,9030.0,1.8068349999999997,0.693389,SWE,MYS,611300
2360694,216,153,7729,2015,39566.0,25649.0,0.965888,1.368572,THA,MYS,611300
2360695,224,153,7729,2015,8535.0,0.0,0.438669,2.519632,TUR,MYS,611300
2360696,226,153,7729,2015,0.0,1803.0,-1.02395,-0.017509999999999998,TZA,MYS,611300
2360697,231,153,7729,2015,5495.0,204053.0,1.720478,-0.129322,USA,MYS,611300
2360698,239,153,7729,2015,120112.0,4296.0,-0.17108900000000002,1.10995,VNM,MYS,611300
2360699,249,153,7729,2015,20508.0,0.0,1.962832,1.214982,TWN,MYS,611300
2360700,7,159,7729,2015,1871784.0,0.0,0.21779600000000002,-0.0047420000000000006,ARE,NGA,611300
2360701,19,159,7729,2015,0.0,3700.0,-0.5641470000000001,-0.8971020000000001,BEN,NGA,611300
2360702,22,159,7729,2015,9501.0,0.0,-1.088465,-0.8745360000000001,BGD,NGA,611300
2360703,43,159,7729,2015,132640.0,0.0,1.077143,1.735757,CHN,NGA,611300
2360704,47,159,7729,2015,0.0,619.0,-1.294823,-1.18811,COG,NGA,611300
2360705,81,159,7729,2015,57048.0,0.0,1.7422990000000003,0.75838,GBR,NGA,611300
2360706,121,159,7729,2015,20726.0,0.0,1.900653,0.859406,KOR,NGA,611300
2360707,231,159,7729,2015,44023.0,0.0,1.720478,-0.129322,USA,NGA,611300
2360708,246,159,7729,2015,1742.0,0.0,0.24944699999999997,1.7573159999999999,ZAF,NGA,611300
2360709,8,160,7729,2015,0.0,8641.0,0.116896,0.30330999999999997,ARG,NIC,611300
2360710,32,160,7729,2015,9904.0,0.0,0.23656799999999997,0.688607,BRA,NIC,611300
2360711,43,160,7729,2015,1028.0,0.0,1.077143,1.735757,CHN,NIC,611300
2360712,81,160,7729,2015,0.0,1239.0,1.7422990000000003,0.75838,GBR,NIC,611300
2360713,93,160,7729,2015,6136352.0,0.0,-0.284403,0.525564,GTM,NIC,611300
2360714,169,160,7729,2015,9123.0,0.0,0.642058,0.833392,PAN,NIC,611300
2360715,7,162,7729,2015,11234.0,33302.0,0.21779600000000002,-0.0047420000000000006,ARE,NLD,611300
2360716,9,162,7729,2015,0.0,1820.0,0.037579,-0.42448800000000003,ARM,NLD,611300
2360717,14,162,7729,2015,0.0,10778.0,-0.292325,-0.043489,AUS,NLD,611300
2360718,15,162,7729,2015,194649.0,476764.0,1.747098,-0.08026699999999999,AUT,NLD,611300
2360719,18,162,7729,2015,1715142.0,586113.0,1.329866,1.100641,BEL,NLD,611300
2360720,23,162,7729,2015,132104.0,7427.0,0.45640699999999995,1.691455,BGR,NLD,611300
2360721,39,162,7729,2015,19194.0,2344.0,0.695867,1.171676,CAN,NLD,611300
2360722,41,162,7729,2015,1013.0,63941.0,2.306075,0.720781,CHE,NLD,611300
2360723,42,162,7729,2015,0.0,5104.0,-0.356167,-0.47629399999999994,CHL,NLD,611300
2360724,43,162,7729,2015,17571732.0,3874.0,1.077143,1.735757,CHN,NLD,611300
2360725,52,162,7729,2015,0.0,6953.0,0.24859699999999998,-0.033143,CRI,NLD,611300
2360726,55,162,7729,2015,0.0,248682.0,0.296267,-0.6313350000000001,CUW,NLD,611300
2360727,58,162,7729,2015,0.0,5032.0,0.511225,-0.207261,CYP,NLD,611300
2360728,59,162,7729,2015,13988.0,773756.0,1.743012,0.45424,CZE,NLD,611300
2360729,61,162,7729,2015,3520961.0,7882073.0,2.203818,-2.307561,DEU,NLD,611300
2360730,64,162,7729,2015,1926580.0,404867.0,1.157924,1.2045629999999998,DNK,NLD,611300
2360731,68,162,7729,2015,0.0,2408.0,-0.183053,1.765036,EGY,NLD,611300
2360732,71,162,7729,2015,451218.0,262542.0,0.8173590000000001,2.442556,ESP,NLD,611300
2360733,72,162,7729,2015,2013.0,49978.0,0.9281149999999999,1.1780389999999998,EST,NLD,611300
2360734,74,162,7729,2015,82348.0,296157.0,1.597817,0.998059,FIN,NLD,611300
2360735,77,162,7729,2015,796496.0,904731.0,1.479792,0.6490239999999999,FRA,NLD,611300
2360736,78,162,7729,2015,0.0,23310.0,-0.700767,-0.9214399999999999,FRO,NLD,611300
2360737,81,162,7729,2015,2931724.0,3894003.0,1.7422990000000003,0.75838,GBR,NLD,611300
2360738,90,162,7729,2015,10007.0,44694.0,0.099027,1.012289,GRC,NLD,611300
2360739,97,162,7729,2015,136886.0,12815.0,0.8255290000000001,1.8017279999999998,HKG,NLD,611300
2360740,100,162,7729,2015,1544.0,24529.0,0.7590140000000001,1.257415,HRV,NLD,611300
2360741,102,162,7729,2015,11361.0,181246.0,1.462839,0.803258,HUN,NLD,611300
2360742,103,162,7729,2015,806835.0,0.0,-0.145103,1.277362,IDN,NLD,611300
2360743,104,162,7729,2015,19672.0,0.0,0.24230900000000002,2.8190880000000003,IND,NLD,611300
2360744,106,162,7729,2015,18040.0,275587.0,1.304942,0.126431,IRL,NLD,611300
2360745,109,162,7729,2015,0.0,120025.0,0.24527600000000002,-0.411616,ISL,NLD,611300
2360746,110,162,7729,2015,0.0,7994.0,1.260071,0.545545,ISR,NLD,611300
2360747,111,162,7729,2015,321766.0,519690.0,1.321127,0.747046,ITA,NLD,611300
2360748,113,162,7729,2015,0.0,7552.0,0.121172,0.457301,JOR,NLD,611300
2360749,114,162,7729,2015,0.0,5286.0,2.516133,-0.484202,JPN,NLD,611300
2360750,118,162,7729,2015,202139.0,0.0,-0.791985,-0.833046,KHM,NLD,611300
2360751,121,162,7729,2015,0.0,1964.0,1.900653,0.859406,KOR,NLD,611300
2360752,130,162,7729,2015,14337.0,28276.0,0.749429,1.3659860000000001,LTU,NLD,611300
2360753,131,162,7729,2015,3970.0,32487.0,1.218924,1.247152,LUX,NLD,611300
2360754,132,162,7729,2015,3073.0,11593.0,0.602209,1.125357,LVA,NLD,611300
2360755,142,162,7729,2015,262712.0,4574.0,0.880893,-0.117585,MLT,NLD,611300
2360756,163,162,7729,2015,70069.0,36161.0,0.950708,0.314339,NOR,NLD,611300
2360757,167,162,7729,2015,1811.0,0.0,-0.4699,-1.00451,OMN,NLD,611300
2360758,174,162,7729,2015,569178.0,0.0,0.6406270000000001,0.45770200000000005,PHL,NLD,611300
2360759,177,162,7729,2015,74086.0,535812.0,1.145844,1.1449280000000002,POL,NLD,611300
2360760,179,162,7729,2015,61163.0,49895.0,0.561922,2.2276380000000002,PRT,NLD,611300
2360761,185,162,7729,2015,8497.0,29368.0,0.946363,1.056775,ROU,NLD,611300
2360762,186,162,7729,2015,0.0,6204.0,0.23119,0.035965,RUS,NLD,611300
2360763,192,162,7729,2015,1920.0,42888.0,2.05613,0.593065,SGP,NLD,611300
2360764,206,162,7729,2015,14382.0,235841.0,1.287133,0.7900560000000001,SVK,NLD,611300
2360765,207,162,7729,2015,10352.0,171463.0,1.6089879999999999,0.833616,SVN,NLD,611300
2360766,208,162,7729,2015,132584.0,655343.0,1.8068349999999997,0.693389,SWE,NLD,611300
2360767,216,162,7729,2015,801038.0,3825.0,0.965888,1.368572,THA,NLD,611300
2360768,224,162,7729,2015,0.0,606212.0,0.438669,2.519632,TUR,NLD,611300
2360769,227,162,7729,2015,0.0,2397.0,-0.611023,0.078961,UGA,NLD,611300
2360770,231,162,7729,2015,190478.0,16113.0,1.720478,-0.129322,USA,NLD,611300
2360771,239,162,7729,2015,1008265.0,38333.0,-0.17108900000000002,1.10995,VNM,NLD,611300
2360772,246,162,7729,2015,0.0,2142.0,0.24944699999999997,1.7573159999999999,ZAF,NLD,611300
2360773,249,162,7729,2015,34789.0,0.0,1.962832,1.214982,TWN,NLD,611300
2360774,250,162,7729,2015,1652.0,0.0,0.377283,-0.092204,ANS,NLD,611300
2360775,7,166,7729,2015,0.0,1834.0,0.21779600000000002,-0.0047420000000000006,ARE,NZL,611300
2360776,14,166,7729,2015,503281.0,116987.0,-0.292325,-0.043489,AUS,NZL,611300
2360777,15,166,7729,2015,4629.0,0.0,1.747098,-0.08026699999999999,AUT,NZL,611300
2360778,18,166,7729,2015,38800.0,0.0,1.329866,1.100641,BEL,NZL,611300
2360779,22,166,7729,2015,2345.0,0.0,-1.088465,-0.8745360000000001,BGD,NZL,611300
2360780,43,166,7729,2015,677290.0,1864.0,1.077143,1.735757,CHN,NZL,611300
2360781,59,166,7729,2015,1667.0,0.0,1.743012,0.45424,CZE,NZL,611300
2360782,61,166,7729,2015,1764.0,0.0,2.203818,-2.307561,DEU,NZL,611300
2360783,64,166,7729,2015,905.0,0.0,1.157924,1.2045629999999998,DNK,NZL,611300
2360784,71,166,7729,2015,3669.0,0.0,0.8173590000000001,2.442556,ESP,NZL,611300
2360785,74,166,7729,2015,8670.0,0.0,1.597817,0.998059,FIN,NZL,611300
2360786,75,166,7729,2015,0.0,12849.0,-0.481968,-0.201468,FJI,NZL,611300
2360787,77,166,7729,2015,7267.0,0.0,1.479792,0.6490239999999999,FRA,NZL,611300
2360788,81,166,7729,2015,92883.0,0.0,1.7422990000000003,0.75838,GBR,NZL,611300
2360789,97,166,7729,2015,26090.0,1803.0,0.8255290000000001,1.8017279999999998,HKG,NZL,611300
2360790,103,166,7729,2015,5069.0,0.0,-0.145103,1.277362,IDN,NZL,611300
2360791,111,166,7729,2015,143549.0,0.0,1.321127,0.747046,ITA,NZL,611300
2360792,114,166,7729,2015,1062.0,33466.0,2.516133,-0.484202,JPN,NZL,611300
2360793,118,166,7729,2015,40460.0,0.0,-0.791985,-0.833046,KHM,NZL,611300
2360794,130,166,7729,2015,1270.0,0.0,0.749429,1.3659860000000001,LTU,NZL,611300
2360795,142,166,7729,2015,4425.0,0.0,0.880893,-0.117585,MLT,NZL,611300
2360796,153,166,7729,2015,2360.0,0.0,1.082803,0.811615,MYS,NZL,611300
2360797,161,166,7729,2015,0.0,1244.0,1.7121400000000002,-0.072287,NIU,NZL,611300
2360798,168,166,7729,2015,1696.0,0.0,-0.7059979999999999,0.73501,PAK,NZL,611300
2360799,177,166,7729,2015,2007.0,0.0,1.145844,1.1449280000000002,POL,NZL,611300
2360800,182,166,7729,2015,0.0,12192.0,-0.301696,-0.795154,PYF,NZL,611300
2360801,183,166,7729,2015,0.0,865.0,-0.077053,-0.9922719999999999,QAT,NZL,611300
2360802,192,166,7729,2015,32859.0,16496.0,2.05613,0.593065,SGP,NZL,611300
2360803,195,166,7729,2015,0.0,6020.0,-1.167451,-0.931206,SLB,NZL,611300
2360804,208,166,7729,2015,1533.0,0.0,1.8068349999999997,0.693389,SWE,NZL,611300
2360805,216,166,7729,2015,963302.0,0.0,0.965888,1.368572,THA,NZL,611300
2360806,223,166,7729,2015,16372.0,0.0,0.140202,0.967591,TUN,NZL,611300
2360807,231,166,7729,2015,26131.0,3565.0,1.720478,-0.129322,USA,NZL,611300
2360808,239,166,7729,2015,7305.0,0.0,-0.17108900000000002,1.10995,VNM,NZL,611300
2360809,249,166,7729,2015,16784.0,0.0,1.962832,1.214982,TWN,NZL,611300
2360810,7,168,7729,2015,269357.0,765549.0,0.21779600000000002,-0.0047420000000000006,ARE,PAK,611300
2360811,14,168,7729,2015,0.0,3477.0,-0.292325,-0.043489,AUS,PAK,611300
2360812,22,168,7729,2015,29154.0,0.0,-1.088465,-0.8745360000000001,BGD,PAK,611300
2360813,24,168,7729,2015,0.0,10962.0,0.36650900000000003,-0.28735,BHR,PAK,611300
2360814,39,168,7729,2015,0.0,2134.0,0.695867,1.171676,CAN,PAK,611300
2360815,41,168,7729,2015,0.0,59001.0,2.306075,0.720781,CHE,PAK,611300
2360816,43,168,7729,2015,4975.0,18269.0,1.077143,1.735757,CHN,PAK,611300
2360817,61,168,7729,2015,0.0,45682.0,2.203818,-2.307561,DEU,PAK,611300
2360818,65,168,7729,2015,0.0,7213.0,-0.212808,0.395873,DOM,PAK,611300
2360819,71,168,7729,2015,0.0,8640.0,0.8173590000000001,2.442556,ESP,PAK,611300
2360820,74,168,7729,2015,0.0,8136.0,1.597817,0.998059,FIN,PAK,611300
2360821,77,168,7729,2015,4349.0,1925.0,1.479792,0.6490239999999999,FRA,PAK,611300
2360822,81,168,7729,2015,29067.0,11818.0,1.7422990000000003,0.75838,GBR,PAK,611300
2360823,87,168,7729,2015,0.0,45633.0,-0.984775,-0.877886,GMB,PAK,611300
2360824,153,168,7729,2015,0.0,1478.0,1.082803,0.811615,MYS,PAK,611300
2360825,163,168,7729,2015,0.0,9563.0,0.950708,0.314339,NOR,PAK,611300
2360826,166,168,7729,2015,0.0,1696.0,0.224598,0.253179,NZL,PAK,611300
2360827,167,168,7729,2015,0.0,19315.0,-0.4699,-1.00451,OMN,PAK,611300
2360828,177,168,7729,2015,0.0,1015.0,1.145844,1.1449280000000002,POL,PAK,611300
2360829,179,168,7729,2015,0.0,1402.0,0.561922,2.2276380000000002,PRT,PAK,611300
2360830,183,168,7729,2015,0.0,30638.0,-0.077053,-0.9922719999999999,QAT,PAK,611300
2360831,192,168,7729,2015,0.0,10488.0,2.05613,0.593065,SGP,PAK,611300
2360832,208,168,7729,2015,0.0,236390.0,1.8068349999999997,0.693389,SWE,PAK,611300
2360833,231,168,7729,2015,0.0,156848.0,1.720478,-0.129322,USA,PAK,611300
2360834,239,168,7729,2015,0.0,73963.0,-0.17108900000000002,1.10995,VNM,PAK,611300
2360835,246,168,7729,2015,0.0,1703.0,0.24944699999999997,1.7573159999999999,ZAF,PAK,611300
2360836,22,169,7729,2015,69675.0,0.0,-1.088465,-0.8745360000000001,BGD,PAN,611300
2360837,43,169,7729,2015,99296.0,0.0,1.077143,1.735757,CHN,PAN,611300
2360838,49,169,7729,2015,0.0,2934.0,0.156383,-0.183055,COL,PAN,611300
2360839,71,169,7729,2015,3629.0,0.0,0.8173590000000001,2.442556,ESP,PAN,611300
2360840,81,169,7729,2015,5613.0,0.0,1.7422990000000003,0.75838,GBR,PAN,611300
2360841,93,169,7729,2015,0.0,1222.0,-0.284403,0.525564,GTM,PAN,611300
2360842,97,169,7729,2015,4787.0,0.0,0.8255290000000001,1.8017279999999998,HKG,PAN,611300
2360843,111,169,7729,2015,19768.0,0.0,1.321127,0.747046,ITA,PAN,611300
2360844,128,169,7729,2015,28255.0,0.0,-0.6773399999999999,0.386343,LKA,PAN,611300
2360845,160,169,7729,2015,0.0,9123.0,-1.102989,-0.952276,NIC,PAN,611300
2360846,163,169,7729,2015,9937.0,0.0,0.950708,0.314339,NOR,PAN,611300
2360847,197,169,7729,2015,0.0,912.0,0.05531900000000001,0.169073,SLV,PAN,611300
2360848,216,169,7729,2015,4181.0,0.0,0.965888,1.368572,THA,PAN,611300
2360849,231,169,7729,2015,326379.0,1083.0,1.720478,-0.129322,USA,PAN,611300
2360850,239,169,7729,2015,8397.0,0.0,-0.17108900000000002,1.10995,VNM,PAN,611300
2360851,250,169,7729,2015,0.0,1074.0,0.377283,-0.092204,ANS,PAN,611300
2360852,7,173,7729,2015,0.0,8578.0,0.21779600000000002,-0.0047420000000000006,ARE,PER,611300
2360853,14,173,7729,2015,0.0,1070.0,-0.292325,-0.043489,AUS,PER,611300
2360854,24,173,7729,2015,0.0,3478.0,0.36650900000000003,-0.28735,BHR,PER,611300
2360855,32,173,7729,2015,49703.0,0.0,0.23656799999999997,0.688607,BRA,PER,611300
2360856,43,173,7729,2015,760186.0,0.0,1.077143,1.735757,CHN,PER,611300
2360857,49,173,7729,2015,18390.0,0.0,0.156383,-0.183055,COL,PER,611300
2360858,61,173,7729,2015,1791.0,0.0,2.203818,-2.307561,DEU,PER,611300
2360859,71,173,7729,2015,272220.0,0.0,0.8173590000000001,2.442556,ESP,PER,611300
2360860,81,173,7729,2015,1952.0,1314.0,1.7422990000000003,0.75838,GBR,PER,611300
2360861,97,173,7729,2015,1020.0,0.0,0.8255290000000001,1.8017279999999998,HKG,PER,611300
2360862,128,173,7729,2015,6116.0,0.0,-0.6773399999999999,0.386343,LKA,PER,611300
2360863,216,173,7729,2015,48513.0,0.0,0.965888,1.368572,THA,PER,611300
2360864,231,173,7729,2015,65039.0,63171.0,1.720478,-0.129322,USA,PER,611300
2360865,239,173,7729,2015,4179.0,0.0,-0.17108900000000002,1.10995,VNM,PER,611300
2360866,7,174,7729,2015,0.0,506140.0,0.21779600000000002,-0.0047420000000000006,ARE,PHL,611300
2360867,14,174,7729,2015,5095.0,1525.0,-0.292325,-0.043489,AUS,PHL,611300
2360868,15,174,7729,2015,1207.0,877.0,1.747098,-0.08026699999999999,AUT,PHL,611300
2360869,22,174,7729,2015,58574.0,0.0,-1.088465,-0.8745360000000001,BGD,PHL,611300
2360870,34,174,7729,2015,0.0,2573.0,1.093564,-0.679211,BRN,PHL,611300
2360871,39,174,7729,2015,3790.0,390318.0,0.695867,1.171676,CAN,PHL,611300
2360872,41,174,7729,2015,0.0,5289.0,2.306075,0.720781,CHE,PHL,611300
2360873,43,174,7729,2015,365999.0,14555.0,1.077143,1.735757,CHN,PHL,611300
2360874,59,174,7729,2015,0.0,933.0,1.743012,0.45424,CZE,PHL,611300
2360875,61,174,7729,2015,0.0,140945.0,2.203818,-2.307561,DEU,PHL,611300
2360876,64,174,7729,2015,1345.0,1858.0,1.157924,1.2045629999999998,DNK,PHL,611300
2360877,71,174,7729,2015,5119.0,22603.0,0.8173590000000001,2.442556,ESP,PHL,611300
2360878,74,174,7729,2015,0.0,1039.0,1.597817,0.998059,FIN,PHL,611300
2360879,77,174,7729,2015,0.0,5801.0,1.479792,0.6490239999999999,FRA,PHL,611300
2360880,81,174,7729,2015,11328.0,34515.0,1.7422990000000003,0.75838,GBR,PHL,611300
2360881,90,174,7729,2015,1386.0,1645.0,0.099027,1.012289,GRC,PHL,611300
2360882,97,174,7729,2015,251193.0,42895.0,0.8255290000000001,1.8017279999999998,HKG,PHL,611300
2360883,100,174,7729,2015,0.0,2140.0,0.7590140000000001,1.257415,HRV,PHL,611300
2360884,102,174,7729,2015,0.0,1887.0,1.462839,0.803258,HUN,PHL,611300
2360885,103,174,7729,2015,53203.0,0.0,-0.145103,1.277362,IDN,PHL,611300
2360886,104,174,7729,2015,5408.0,0.0,0.24230900000000002,2.8190880000000003,IND,PHL,611300
2360887,106,174,7729,2015,0.0,6122.0,1.304942,0.126431,IRL,PHL,611300
2360888,109,174,7729,2015,0.0,107.0,0.24527600000000002,-0.411616,ISL,PHL,611300
2360889,111,174,7729,2015,74654.0,4964.0,1.321127,0.747046,ITA,PHL,611300
2360890,118,174,7729,2015,39587.0,0.0,-0.791985,-0.833046,KHM,PHL,611300
2360891,121,174,7729,2015,21829.0,8489.0,1.900653,0.859406,KOR,PHL,611300
2360892,128,174,7729,2015,4708.0,0.0,-0.6773399999999999,0.386343,LKA,PHL,611300
2360893,153,174,7729,2015,2100.0,0.0,1.082803,0.811615,MYS,PHL,611300
2360894,162,174,7729,2015,0.0,569178.0,1.230104,1.27344,NLD,PHL,611300
2360895,177,174,7729,2015,0.0,1929.0,1.145844,1.1449280000000002,POL,PHL,611300
2360896,186,174,7729,2015,0.0,1938.0,0.23119,0.035965,RUS,PHL,611300
2360897,192,174,7729,2015,68759.0,66338.0,2.05613,0.593065,SGP,PHL,611300
2360898,208,174,7729,2015,0.0,1671.0,1.8068349999999997,0.693389,SWE,PHL,611300
2360899,216,174,7729,2015,27836.0,0.0,0.965888,1.368572,THA,PHL,611300
2360900,230,174,7729,2015,0.0,2586.0,0.273876,-0.363695,URY,PHL,611300
2360901,231,174,7729,2015,85009.0,2311367.0,1.720478,-0.129322,USA,PHL,611300
2360902,239,174,7729,2015,346884.0,0.0,-0.17108900000000002,1.10995,VNM,PHL,611300
2360903,246,174,7729,2015,0.0,6535.0,0.24944699999999997,1.7573159999999999,ZAF,PHL,611300
2360904,249,174,7729,2015,38004.0,3455.0,1.962832,1.214982,TWN,PHL,611300
2360905,7,177,7729,2015,0.0,89853.0,0.21779600000000002,-0.0047420000000000006,ARE,POL,611300
2360906,9,177,7729,2015,0.0,4519.0,0.037579,-0.42448800000000003,ARM,POL,611300
2360907,15,177,7729,2015,61422.0,25523.0,1.747098,-0.08026699999999999,AUT,POL,611300
2360908,18,177,7729,2015,56617.0,14942.0,1.329866,1.100641,BEL,POL,611300
2360909,22,177,7729,2015,103924.0,0.0,-1.088465,-0.8745360000000001,BGD,POL,611300
2360910,23,177,7729,2015,19950.0,105423.0,0.45640699999999995,1.691455,BGR,POL,611300
2360911,39,177,7729,2015,0.0,1936.0,0.695867,1.171676,CAN,POL,611300
2360912,41,177,7729,2015,0.0,61311.0,2.306075,0.720781,CHE,POL,611300
2360913,42,177,7729,2015,0.0,8080.0,-0.356167,-0.47629399999999994,CHL,POL,611300
2360914,43,177,7729,2015,2276034.0,0.0,1.077143,1.735757,CHN,POL,611300
2360915,59,177,7729,2015,36958.0,435924.0,1.743012,0.45424,CZE,POL,611300
2360916,61,177,7729,2015,1427175.0,848647.0,2.203818,-2.307561,DEU,POL,611300
2360917,64,177,7729,2015,184575.0,43572.0,1.157924,1.2045629999999998,DNK,POL,611300
2360918,71,177,7729,2015,1053568.0,23051.0,0.8173590000000001,2.442556,ESP,POL,611300
2360919,72,177,7729,2015,0.0,140001.0,0.9281149999999999,1.1780389999999998,EST,POL,611300
2360920,74,177,7729,2015,16145.0,33151.0,1.597817,0.998059,FIN,POL,611300
2360921,77,177,7729,2015,988995.0,309005.0,1.479792,0.6490239999999999,FRA,POL,611300
2360922,81,177,7729,2015,480731.0,66225.0,1.7422990000000003,0.75838,GBR,POL,611300
2360923,97,177,7729,2015,26142.0,0.0,0.8255290000000001,1.8017279999999998,HKG,POL,611300
2360924,100,177,7729,2015,214906.0,225225.0,0.7590140000000001,1.257415,HRV,POL,611300
2360925,102,177,7729,2015,11646.0,122322.0,1.462839,0.803258,HUN,POL,611300
2360926,103,177,7729,2015,9887.0,0.0,-0.145103,1.277362,IDN,POL,611300
2360927,104,177,7729,2015,41610.0,0.0,0.24230900000000002,2.8190880000000003,IND,POL,611300
2360928,106,177,7729,2015,0.0,1448.0,1.304942,0.126431,IRL,POL,611300
2360929,109,177,7729,2015,0.0,2152.0,0.24527600000000002,-0.411616,ISL,POL,611300
2360930,110,177,7729,2015,0.0,3073.0,1.260071,0.545545,ISR,POL,611300
2360931,111,177,7729,2015,110932.0,15555.0,1.321127,0.747046,ITA,POL,611300
2360932,114,177,7729,2015,0.0,15137.0,2.516133,-0.484202,JPN,POL,611300
2360933,118,177,7729,2015,102251.0,0.0,-0.791985,-0.833046,KHM,POL,611300
2360934,121,177,7729,2015,0.0,420868.0,1.900653,0.859406,KOR,POL,611300
2360935,128,177,7729,2015,7752.0,0.0,-0.6773399999999999,0.386343,LKA,POL,611300
2360936,130,177,7729,2015,0.0,140675.0,0.749429,1.3659860000000001,LTU,POL,611300
2360937,132,177,7729,2015,0.0,153086.0,0.602209,1.125357,LVA,POL,611300
2360938,134,177,7729,2015,53146.0,0.0,-0.7554810000000001,-0.059697,MAR,POL,611300
2360939,142,177,7729,2015,89146.0,0.0,0.880893,-0.117585,MLT,POL,611300
2360940,153,177,7729,2015,4515.0,0.0,1.082803,0.811615,MYS,POL,611300
2360941,162,177,7729,2015,535812.0,74086.0,1.230104,1.27344,NLD,POL,611300
2360942,163,177,7729,2015,16600.0,178999.0,0.950708,0.314339,NOR,POL,611300
2360943,166,177,7729,2015,0.0,2007.0,0.224598,0.253179,NZL,POL,611300
2360944,168,177,7729,2015,1015.0,0.0,-0.7059979999999999,0.73501,PAK,POL,611300
2360945,174,177,7729,2015,1929.0,0.0,0.6406270000000001,0.45770200000000005,PHL,POL,611300
2360946,179,177,7729,2015,16052.0,0.0,0.561922,2.2276380000000002,PRT,POL,611300
2360947,185,177,7729,2015,2629.0,279551.0,0.946363,1.056775,ROU,POL,611300
2360948,186,177,7729,2015,0.0,21068.0,0.23119,0.035965,RUS,POL,611300
2360949,188,177,7729,2015,0.0,6557.0,0.5552520000000001,-0.7263229999999999,SAU,POL,611300
2360950,206,177,7729,2015,112024.0,213314.0,1.287133,0.7900560000000001,SVK,POL,611300
2360951,207,177,7729,2015,15699.0,87696.0,1.6089879999999999,0.833616,SVN,POL,611300
2360952,208,177,7729,2015,107740.0,59194.0,1.8068349999999997,0.693389,SWE,POL,611300
2360953,216,177,7729,2015,58730.0,0.0,0.965888,1.368572,THA,POL,611300
2360954,224,177,7729,2015,8646.0,0.0,0.438669,2.519632,TUR,POL,611300
2360955,228,177,7729,2015,0.0,48431.0,0.429879,0.701813,UKR,POL,611300
2360956,231,177,7729,2015,3640.0,6697.0,1.720478,-0.129322,USA,POL,611300
2360957,237,177,7729,2015,5901.0,0.0,0.914493,-0.31357399999999996,VGB,POL,611300
2360958,239,177,7729,2015,210167.0,0.0,-0.17108900000000002,1.10995,VNM,POL,611300
2360959,249,177,7729,2015,27514.0,0.0,1.962832,1.214982,TWN,POL,611300
2360960,2,179,7729,2015,0.0,1911.0,-1.6542,-1.2598989999999999,AGO,PRT,611300
2360961,7,179,7729,2015,14665.0,9659.0,0.21779600000000002,-0.0047420000000000006,ARE,PRT,611300
2360962,9,179,7729,2015,0.0,946.0,0.037579,-0.42448800000000003,ARM,PRT,611300
2360963,14,179,7729,2015,0.0,17707.0,-0.292325,-0.043489,AUS,PRT,611300
2360964,15,179,7729,2015,12440.0,6296.0,1.747098,-0.08026699999999999,AUT,PRT,611300
2360965,18,179,7729,2015,48712.0,0.0,1.329866,1.100641,BEL,PRT,611300
2360966,23,179,7729,2015,1346.0,0.0,0.45640699999999995,1.691455,BGR,PRT,611300
2360967,24,179,7729,2015,0.0,5102.0,0.36650900000000003,-0.28735,BHR,PRT,611300
2360968,39,179,7729,2015,0.0,25923.0,0.695867,1.171676,CAN,PRT,611300
2360969,41,179,7729,2015,4801.0,288574.0,2.306075,0.720781,CHE,PRT,611300
2360970,42,179,7729,2015,0.0,2072.0,-0.356167,-0.47629399999999994,CHL,PRT,611300
2360971,43,179,7729,2015,123039.0,28360.0,1.077143,1.735757,CHN,PRT,611300
2360972,51,179,7729,2015,0.0,1070.0,-0.263621,-0.772158,CPV,PRT,611300
2360973,59,179,7729,2015,0.0,16596.0,1.743012,0.45424,CZE,PRT,611300
2360974,61,179,7729,2015,103962.0,420104.0,2.203818,-2.307561,DEU,PRT,611300
2360975,64,179,7729,2015,57946.0,10161.0,1.157924,1.2045629999999998,DNK,PRT,611300
2360976,65,179,7729,2015,0.0,2759.0,-0.212808,0.395873,DOM,PRT,611300
2360977,71,179,7729,2015,1749300.0,434959.0,0.8173590000000001,2.442556,ESP,PRT,611300
2360978,72,179,7729,2015,1232.0,0.0,0.9281149999999999,1.1780389999999998,EST,PRT,611300
2360979,77,179,7729,2015,1531106.0,395784.0,1.479792,0.6490239999999999,FRA,PRT,611300
2360980,81,179,7729,2015,513453.0,185591.0,1.7422990000000003,0.75838,GBR,PRT,611300
2360981,97,179,7729,2015,50386.0,0.0,0.8255290000000001,1.8017279999999998,HKG,PRT,611300
2360982,100,179,7729,2015,473273.0,9307.0,0.7590140000000001,1.257415,HRV,PRT,611300
2360983,102,179,7729,2015,14828.0,20851.0,1.462839,0.803258,HUN,PRT,611300
2360984,103,179,7729,2015,0.0,4309.0,-0.145103,1.277362,IDN,PRT,611300
2360985,106,179,7729,2015,34118.0,0.0,1.304942,0.126431,IRL,PRT,611300
2360986,109,179,7729,2015,0.0,1731.0,0.24527600000000002,-0.411616,ISL,PRT,611300
2360987,111,179,7729,2015,96465.0,24801.0,1.321127,0.747046,ITA,PRT,611300
2360988,114,179,7729,2015,0.0,1226.0,2.516133,-0.484202,JPN,PRT,611300
2360989,118,179,7729,2015,317687.0,0.0,-0.791985,-0.833046,KHM,PRT,611300
2360990,121,179,7729,2015,0.0,8456.0,1.900653,0.859406,KOR,PRT,611300
2360991,122,179,7729,2015,0.0,4657.0,-0.352023,-1.153057,KWT,PRT,611300
2360992,142,179,7729,2015,1533894.0,502616.0,0.880893,-0.117585,MLT,PRT,611300
2360993,151,179,7729,2015,0.0,484.0,-0.231762,-0.195051,MUS,PRT,611300
2360994,153,179,7729,2015,0.0,810.0,1.082803,0.811615,MYS,PRT,611300
2360995,162,179,7729,2015,49895.0,61163.0,1.230104,1.27344,NLD,PRT,611300
2360996,163,179,7729,2015,0.0,96533.0,0.950708,0.314339,NOR,PRT,611300
2360997,168,179,7729,2015,1402.0,0.0,-0.7059979999999999,0.73501,PAK,PRT,611300
2360998,177,179,7729,2015,0.0,16052.0,1.145844,1.1449280000000002,POL,PRT,611300
2360999,186,179,7729,2015,0.0,3287.0,0.23119,0.035965,RUS,PRT,611300
2361000,192,179,7729,2015,0.0,21453.0,2.05613,0.593065,SGP,PRT,611300
2361001,207,179,7729,2015,0.0,2024.0,1.6089879999999999,0.833616,SVN,PRT,611300
2361002,208,179,7729,2015,2700.0,189559.0,1.8068349999999997,0.693389,SWE,PRT,611300
2361003,216,179,7729,2015,659336.0,0.0,0.965888,1.368572,THA,PRT,611300
2361004,223,179,7729,2015,4092.0,0.0,0.140202,0.967591,TUN,PRT,611300
2361005,224,179,7729,2015,3166.0,10715.0,0.438669,2.519632,TUR,PRT,611300
2361006,231,179,7729,2015,1547.0,1457460.0,1.720478,-0.129322,USA,PRT,611300
2361007,249,179,7729,2015,0.0,2676.0,1.962832,1.214982,TWN,PRT,611300
2361008,8,180,7729,2015,23055.0,0.0,0.116896,0.30330999999999997,ARG,PRY,611300
2361009,32,180,7729,2015,3127.0,0.0,0.23656799999999997,0.688607,BRA,PRY,611300
2361010,42,180,7729,2015,3854.0,0.0,-0.356167,-0.47629399999999994,CHL,PRY,611300
2361011,43,180,7729,2015,9543.0,0.0,1.077143,1.735757,CHN,PRY,611300
2361012,71,180,7729,2015,238540.0,0.0,0.8173590000000001,2.442556,ESP,PRY,611300
2361013,81,180,7729,2015,3019.0,0.0,1.7422990000000003,0.75838,GBR,PRY,611300
2361014,192,180,7729,2015,8299.0,0.0,2.05613,0.593065,SGP,PRY,611300
2361015,224,181,7729,2015,3040.0,0.0,0.438669,2.519632,TUR,PSE,611300
2361016,7,188,7729,2015,324908.0,20981.0,0.21779600000000002,-0.0047420000000000006,ARE,SAU,611300
2361017,18,188,7729,2015,15455.0,0.0,1.329866,1.100641,BEL,SAU,611300
2361018,22,188,7729,2015,90343.0,0.0,-1.088465,-0.8745360000000001,BGD,SAU,611300
2361019,24,188,7729,2015,281027.0,0.0,0.36650900000000003,-0.28735,BHR,SAU,611300
2361020,39,188,7729,2015,22033.0,0.0,0.695867,1.171676,CAN,SAU,611300
2361021,43,188,7729,2015,554803.0,0.0,1.077143,1.735757,CHN,SAU,611300
2361022,61,188,7729,2015,70447.0,0.0,2.203818,-2.307561,DEU,SAU,611300
2361023,68,188,7729,2015,17004.0,0.0,-0.183053,1.765036,EGY,SAU,611300
2361024,71,188,7729,2015,75664.0,0.0,0.8173590000000001,2.442556,ESP,SAU,611300
2361025,77,188,7729,2015,2926.0,0.0,1.479792,0.6490239999999999,FRA,SAU,611300
2361026,81,188,7729,2015,24258.0,0.0,1.7422990000000003,0.75838,GBR,SAU,611300
2361027,90,188,7729,2015,9765.0,0.0,0.099027,1.012289,GRC,SAU,611300
2361028,97,188,7729,2015,16843.0,0.0,0.8255290000000001,1.8017279999999998,HKG,SAU,611300
2361029,111,188,7729,2015,231790.0,0.0,1.321127,0.747046,ITA,SAU,611300
2361030,118,188,7729,2015,19787.0,0.0,-0.791985,-0.833046,KHM,SAU,611300
2361031,121,188,7729,2015,3386.0,0.0,1.900653,0.859406,KOR,SAU,611300
2361032,122,188,7729,2015,76815.0,0.0,-0.352023,-1.153057,KWT,SAU,611300
2361033,153,188,7729,2015,446901.0,0.0,1.082803,0.811615,MYS,SAU,611300
2361034,157,188,7729,2015,0.0,24950.0,-1.517292,-1.033891,NER,SAU,611300
2361035,177,188,7729,2015,6557.0,0.0,1.145844,1.1449280000000002,POL,SAU,611300
2361036,231,188,7729,2015,19358.0,0.0,1.720478,-0.129322,USA,SAU,611300
2361037,239,188,7729,2015,34783.0,0.0,-0.17108900000000002,1.10995,VNM,SAU,611300
2361038,249,188,7729,2015,5729.0,0.0,1.962832,1.214982,TWN,SAU,611300
2361039,7,190,7729,2015,3325886.0,0.0,0.21779600000000002,-0.0047420000000000006,ARE,SDN,611300
2361040,7,192,7729,2015,56964.0,2170.0,0.21779600000000002,-0.0047420000000000006,ARE,SGP,611300
2361041,9,192,7729,2015,0.0,874.0,0.037579,-0.42448800000000003,ARM,SGP,611300
2361042,14,192,7729,2015,17896.0,8308.0,-0.292325,-0.043489,AUS,SGP,611300
2361043,22,192,7729,2015,91042.0,0.0,-1.088465,-0.8745360000000001,BGD,SGP,611300
2361044,32,192,7729,2015,0.0,17806.0,0.23656799999999997,0.688607,BRA,SGP,611300
2361045,34,192,7729,2015,0.0,39894.0,1.093564,-0.679211,BRN,SGP,611300
2361046,41,192,7729,2015,1339.0,0.0,2.306075,0.720781,CHE,SGP,611300
2361047,43,192,7729,2015,960398.0,5149.0,1.077143,1.735757,CHN,SGP,611300
2361048,55,192,7729,2015,0.0,7254.0,0.296267,-0.6313350000000001,CUW,SGP,611300
2361049,61,192,7729,2015,2613.0,0.0,2.203818,-2.307561,DEU,SGP,611300
2361050,64,192,7729,2015,6642.0,0.0,1.157924,1.2045629999999998,DNK,SGP,611300
2361051,71,192,7729,2015,20331.0,103588.0,0.8173590000000001,2.442556,ESP,SGP,611300
2361052,74,192,7729,2015,3691.0,0.0,1.597817,0.998059,FIN,SGP,611300
2361053,77,192,7729,2015,22121.0,521708.0,1.479792,0.6490239999999999,FRA,SGP,611300
2361054,81,192,7729,2015,58458.0,5407.0,1.7422990000000003,0.75838,GBR,SGP,611300
2361055,82,192,7729,2015,0.0,2156.0,-0.343663,-0.588017,GEO,SGP,611300
2361056,97,192,7729,2015,100174.0,3099.0,0.8255290000000001,1.8017279999999998,HKG,SGP,611300
2361057,103,192,7729,2015,184672.0,185234.0,-0.145103,1.277362,IDN,SGP,611300
2361058,104,192,7729,2015,39480.0,8516.0,0.24230900000000002,2.8190880000000003,IND,SGP,611300
2361059,111,192,7729,2015,136991.0,0.0,1.321127,0.747046,ITA,SGP,611300
2361060,114,192,7729,2015,7078.0,2265.0,2.516133,-0.484202,JPN,SGP,611300
2361061,118,192,7729,2015,188300.0,0.0,-0.791985,-0.833046,KHM,SGP,611300
2361062,121,192,7729,2015,9607.0,8327.0,1.900653,0.859406,KOR,SGP,611300
2361063,128,192,7729,2015,4692.0,0.0,-0.6773399999999999,0.386343,LKA,SGP,611300
2361064,130,192,7729,2015,394883.0,0.0,0.749429,1.3659860000000001,LTU,SGP,611300
2361065,134,192,7729,2015,0.0,16837.0,-0.7554810000000001,-0.059697,MAR,SGP,611300
2361066,137,192,7729,2015,0.0,8927.0,-0.321571,-0.858751,MDV,SGP,611300
2361067,143,192,7729,2015,14963.0,1767.0,-1.4596120000000001,-0.903904,MMR,SGP,611300
2361068,151,192,7729,2015,89084.0,0.0,-0.231762,-0.195051,MUS,SGP,611300
2361069,153,192,7729,2015,106671.0,91193.0,1.082803,0.811615,MYS,SGP,611300
2361070,162,192,7729,2015,42888.0,1920.0,1.230104,1.27344,NLD,SGP,611300
2361071,163,192,7729,2015,283312.0,0.0,0.950708,0.314339,NOR,SGP,611300
2361072,166,192,7729,2015,16496.0,32859.0,0.224598,0.253179,NZL,SGP,611300
2361073,168,192,7729,2015,10488.0,0.0,-0.7059979999999999,0.73501,PAK,SGP,611300
2361074,174,192,7729,2015,66338.0,68759.0,0.6406270000000001,0.45770200000000005,PHL,SGP,611300
2361075,176,192,7729,2015,0.0,4689.0,-1.710939,-1.266333,PNG,SGP,611300
2361076,179,192,7729,2015,21453.0,0.0,0.561922,2.2276380000000002,PRT,SGP,611300
2361077,180,192,7729,2015,0.0,8299.0,-0.471106,-0.9431139999999999,PRY,SGP,611300
2361078,186,192,7729,2015,0.0,76574.0,0.23119,0.035965,RUS,SGP,611300
2361079,195,192,7729,2015,0.0,46973.0,-1.167451,-0.931206,SLB,SGP,611300
2361080,208,192,7729,2015,0.0,9742.0,1.8068349999999997,0.693389,SWE,SGP,611300
2361081,211,192,7729,2015,0.0,13082.0,1.017467,-0.285569,SYC,SGP,611300
2361082,216,192,7729,2015,285312.0,25092.0,0.965888,1.368572,THA,SGP,611300
2361083,224,192,7729,2015,0.0,80625.0,0.438669,2.519632,TUR,SGP,611300
2361084,231,192,7729,2015,237776.0,515323.0,1.720478,-0.129322,USA,SGP,611300
2361085,239,192,7729,2015,12752.0,17960.0,-0.17108900000000002,1.10995,VNM,SGP,611300
2361086,246,192,7729,2015,4519.0,24202.0,0.24944699999999997,1.7573159999999999,ZAF,SGP,611300
2361087,249,192,7729,2015,98048.0,0.0,1.962832,1.214982,TWN,SGP,611300
2361088,18,197,7729,2015,0.0,2365.0,1.329866,1.100641,BEL,SLV,611300
2361089,39,197,7729,2015,0.0,23033.0,0.695867,1.171676,CAN,SLV,611300
2361090,43,197,7729,2015,52652.0,0.0,1.077143,1.735757,CHN,SLV,611300
2361091,71,197,7729,2015,1213.0,0.0,0.8173590000000001,2.442556,ESP,SLV,611300
2361092,169,197,7729,2015,912.0,0.0,0.642058,0.833392,PAN,SLV,611300
2361093,231,197,7729,2015,2778.0,28463.0,1.720478,-0.129322,USA,SLV,611300
2361094,249,205,7729,2015,11227.0,0.0,1.962832,1.214982,TWN,SUR,611300
2361095,7,208,7729,2015,22855.0,8435.0,0.21779600000000002,-0.0047420000000000006,ARE,SWE,611300
2361096,9,208,7729,2015,0.0,458.0,0.037579,-0.42448800000000003,ARM,SWE,611300
2361097,14,208,7729,2015,0.0,40832.0,-0.292325,-0.043489,AUS,SWE,611300
2361098,15,208,7729,2015,33833.0,473593.0,1.747098,-0.08026699999999999,AUT,SWE,611300
2361099,18,208,7729,2015,62485.0,141844.0,1.329866,1.100641,BEL,SWE,611300
2361100,22,208,7729,2015,79631.0,0.0,-1.088465,-0.8745360000000001,BGD,SWE,611300
2361101,23,208,7729,2015,0.0,12170.0,0.45640699999999995,1.691455,BGR,SWE,611300
2361102,32,208,7729,2015,4152.0,1677.0,0.23656799999999997,0.688607,BRA,SWE,611300
2361103,39,208,7729,2015,4028.0,141925.0,0.695867,1.171676,CAN,SWE,611300
2361104,41,208,7729,2015,0.0,333622.0,2.306075,0.720781,CHE,SWE,611300
2361105,43,208,7729,2015,9991611.0,3652.0,1.077143,1.735757,CHN,SWE,611300
2361106,57,208,7729,2015,0.0,1869.0,0.275472,-0.831835,CYM,SWE,611300
2361107,59,208,7729,2015,2974.0,94702.0,1.743012,0.45424,CZE,SWE,611300
2361108,61,208,7729,2015,496859.0,1008682.0,2.203818,-2.307561,DEU,SWE,611300
2361109,64,208,7729,2015,2351240.0,750886.0,1.157924,1.2045629999999998,DNK,SWE,611300
2361110,71,208,7729,2015,50025.0,12218.0,0.8173590000000001,2.442556,ESP,SWE,611300
2361111,72,208,7729,2015,2010.0,101007.0,0.9281149999999999,1.1780389999999998,EST,SWE,611300
2361112,74,208,7729,2015,132354.0,2043815.0,1.597817,0.998059,FIN,SWE,611300
2361113,77,208,7729,2015,320929.0,154147.0,1.479792,0.6490239999999999,FRA,SWE,611300
2361114,78,208,7729,2015,0.0,1428.0,-0.700767,-0.9214399999999999,FRO,SWE,611300
2361115,81,208,7729,2015,277832.0,490374.0,1.7422990000000003,0.75838,GBR,SWE,611300
2361116,90,208,7729,2015,0.0,3453.0,0.099027,1.012289,GRC,SWE,611300
2361117,97,208,7729,2015,115418.0,10537.0,0.8255290000000001,1.8017279999999998,HKG,SWE,611300
2361118,100,208,7729,2015,12589.0,16710.0,0.7590140000000001,1.257415,HRV,SWE,611300
2361119,102,208,7729,2015,0.0,14473.0,1.462839,0.803258,HUN,SWE,611300
2361120,104,208,7729,2015,13276.0,0.0,0.24230900000000002,2.8190880000000003,IND,SWE,611300
2361121,106,208,7729,2015,0.0,6181.0,1.304942,0.126431,IRL,SWE,611300
2361122,109,208,7729,2015,0.0,35978.0,0.24527600000000002,-0.411616,ISL,SWE,611300
2361123,110,208,7729,2015,0.0,910.0,1.260071,0.545545,ISR,SWE,611300
2361124,111,208,7729,2015,149329.0,33040.0,1.321127,0.747046,ITA,SWE,611300
2361125,114,208,7729,2015,0.0,8777.0,2.516133,-0.484202,JPN,SWE,611300
2361126,118,208,7729,2015,291638.0,2638.0,-0.791985,-0.833046,KHM,SWE,611300
2361127,121,208,7729,2015,31336.0,61386.0,1.900653,0.859406,KOR,SWE,611300
2361128,128,208,7729,2015,4962.0,0.0,-0.6773399999999999,0.386343,LKA,SWE,611300
2361129,130,208,7729,2015,0.0,15092.0,0.749429,1.3659860000000001,LTU,SWE,611300
2361130,132,208,7729,2015,0.0,55315.0,0.602209,1.125357,LVA,SWE,611300
2361131,138,208,7729,2015,1454.0,7547.0,1.169724,0.61457,MEX,SWE,611300
2361132,142,208,7729,2015,5235.0,0.0,0.880893,-0.117585,MLT,SWE,611300
2361133,153,208,7729,2015,9030.0,0.0,1.082803,0.811615,MYS,SWE,611300
2361134,162,208,7729,2015,655343.0,132584.0,1.230104,1.27344,NLD,SWE,611300
2361135,163,208,7729,2015,176001.0,1253640.0,0.950708,0.314339,NOR,SWE,611300
2361136,166,208,7729,2015,0.0,1533.0,0.224598,0.253179,NZL,SWE,611300
2361137,168,208,7729,2015,236390.0,0.0,-0.7059979999999999,0.73501,PAK,SWE,611300
2361138,174,208,7729,2015,1671.0,0.0,0.6406270000000001,0.45770200000000005,PHL,SWE,611300
2361139,177,208,7729,2015,59194.0,107740.0,1.145844,1.1449280000000002,POL,SWE,611300
2361140,179,208,7729,2015,189559.0,2700.0,0.561922,2.2276380000000002,PRT,SWE,611300
2361141,185,208,7729,2015,0.0,11972.0,0.946363,1.056775,ROU,SWE,611300
2361142,186,208,7729,2015,0.0,9819.0,0.23119,0.035965,RUS,SWE,611300
2361143,192,208,7729,2015,9742.0,0.0,2.05613,0.593065,SGP,SWE,611300
2361144,206,208,7729,2015,0.0,21704.0,1.287133,0.7900560000000001,SVK,SWE,611300
2361145,207,208,7729,2015,7080.0,10306.0,1.6089879999999999,0.833616,SVN,SWE,611300
2361146,216,208,7729,2015,33095.0,0.0,0.965888,1.368572,THA,SWE,611300
2361147,224,208,7729,2015,0.0,40631.0,0.438669,2.519632,TUR,SWE,611300
2361148,228,208,7729,2015,0.0,2362.0,0.429879,0.701813,UKR,SWE,611300
2361149,231,208,7729,2015,17101.0,73619.0,1.720478,-0.129322,USA,SWE,611300
2361150,239,208,7729,2015,47943.0,8539.0,-0.17108900000000002,1.10995,VNM,SWE,611300
2361151,249,208,7729,2015,14471.0,3981.0,1.962832,1.214982,TWN,SWE,611300
2361152,7,216,7729,2015,0.0,57229.0,0.21779600000000002,-0.0047420000000000006,ARE,THA,611300
2361153,8,216,7729,2015,0.0,415446.0,0.116896,0.30330999999999997,ARG,THA,611300
2361154,9,216,7729,2015,0.0,286.0,0.037579,-0.42448800000000003,ARM,THA,611300
2361155,14,216,7729,2015,1535.0,11148871.0,-0.292325,-0.043489,AUS,THA,611300
2361156,15,216,7729,2015,1451.0,77444.0,1.747098,-0.08026699999999999,AUT,THA,611300
2361157,16,216,7729,2015,0.0,11545.0,-0.983347,-1.231542,AZE,THA,611300
2361158,18,216,7729,2015,0.0,3642068.0,1.329866,1.100641,BEL,THA,611300
2361159,22,216,7729,2015,21644.0,0.0,-1.088465,-0.8745360000000001,BGD,THA,611300
2361160,24,216,7729,2015,0.0,166855.0,0.36650900000000003,-0.28735,BHR,THA,611300
2361161,32,216,7729,2015,0.0,1281241.0,0.23656799999999997,0.688607,BRA,THA,611300
2361162,39,216,7729,2015,3150.0,900453.0,0.695867,1.171676,CAN,THA,611300
2361163,41,216,7729,2015,0.0,51986.0,2.306075,0.720781,CHE,THA,611300
2361164,42,216,7729,2015,0.0,405875.0,-0.356167,-0.47629399999999994,CHL,THA,611300
2361165,43,216,7729,2015,280433.0,215806.0,1.077143,1.735757,CHN,THA,611300
2361166,50,216,7729,2015,0.0,1234.0,-0.551674,-0.867288,COM,THA,611300
2361167,59,216,7729,2015,0.0,40114.0,1.743012,0.45424,CZE,THA,611300
2361168,61,216,7729,2015,12391.0,1681175.0,2.203818,-2.307561,DEU,THA,611300
2361169,64,216,7729,2015,0.0,964191.0,1.157924,1.2045629999999998,DNK,THA,611300
2361170,68,216,7729,2015,0.0,143306.0,-0.183053,1.765036,EGY,THA,611300
2361171,71,216,7729,2015,15302.0,1833648.0,0.8173590000000001,2.442556,ESP,THA,611300
2361172,72,216,7729,2015,0.0,1379.0,0.9281149999999999,1.1780389999999998,EST,THA,611300
2361173,73,216,7729,2015,0.0,725.0,-1.004896,-0.721019,ETH,THA,611300
2361174,74,216,7729,2015,0.0,33066.0,1.597817,0.998059,FIN,THA,611300
2361175,77,216,7729,2015,2358.0,10667555.0,1.479792,0.6490239999999999,FRA,THA,611300
2361176,81,216,7729,2015,2345.0,3242342.0,1.7422990000000003,0.75838,GBR,THA,611300
2361177,87,216,7729,2015,0.0,1318.0,-0.984775,-0.877886,GMB,THA,611300
2361178,90,216,7729,2015,0.0,2088.0,0.099027,1.012289,GRC,THA,611300
2361179,95,216,7729,2015,0.0,2040.0,0.658226,0.030897000000000004,GUM,THA,611300
2361180,97,216,7729,2015,6218.0,480232.0,0.8255290000000001,1.8017279999999998,HKG,THA,611300
2361181,103,216,7729,2015,0.0,91204.0,-0.145103,1.277362,IDN,THA,611300
2361182,104,216,7729,2015,6329.0,88509.0,0.24230900000000002,2.8190880000000003,IND,THA,611300
2361183,106,216,7729,2015,1009.0,36356.0,1.304942,0.126431,IRL,THA,611300
2361184,109,216,7729,2015,0.0,14199.0,0.24527600000000002,-0.411616,ISL,THA,611300
2361185,110,216,7729,2015,0.0,333462.0,1.260071,0.545545,ISR,THA,611300
2361186,111,216,7729,2015,30115.0,661388.0,1.321127,0.747046,ITA,THA,611300
2361187,114,216,7729,2015,39962.0,2207793.0,2.516133,-0.484202,JPN,THA,611300
2361188,118,216,7729,2015,153963.0,2307.0,-0.791985,-0.833046,KHM,THA,611300
2361189,121,216,7729,2015,0.0,640560.0,1.900653,0.859406,KOR,THA,611300
2361190,122,216,7729,2015,0.0,1988.0,-0.352023,-1.153057,KWT,THA,611300
2361191,123,216,7729,2015,0.0,11079.0,-0.927524,-0.74525,LAO,THA,611300
2361192,124,216,7729,2015,0.0,79318.0,0.317355,1.330374,LBN,THA,611300
2361193,128,216,7729,2015,1406.0,5465.0,-0.6773399999999999,0.386343,LKA,THA,611300
2361194,130,216,7729,2015,0.0,9142.0,0.749429,1.3659860000000001,LTU,THA,611300
2361195,132,216,7729,2015,0.0,130630.0,0.602209,1.125357,LVA,THA,611300
2361196,134,216,7729,2015,0.0,34942.0,-0.7554810000000001,-0.059697,MAR,THA,611300
2361197,135,216,7729,2015,0.0,187.0,-0.313837,-0.20393,MDA,THA,611300
2361198,137,216,7729,2015,0.0,5726.0,-0.321571,-0.858751,MDV,THA,611300
2361199,138,216,7729,2015,0.0,44353.0,1.169724,0.61457,MEX,THA,611300
2361200,143,216,7729,2015,0.0,4195.0,-1.4596120000000001,-0.903904,MMR,THA,611300
2361201,151,216,7729,2015,0.0,6275.0,-0.231762,-0.195051,MUS,THA,611300
2361202,153,216,7729,2015,25649.0,39566.0,1.082803,0.811615,MYS,THA,611300
2361203,155,216,7729,2015,0.0,2028.0,-0.43457399999999996,-0.665655,NAM,THA,611300
2361204,156,216,7729,2015,0.0,10114.0,-0.727911,-0.844562,NCL,THA,611300
2361205,162,216,7729,2015,3825.0,801038.0,1.230104,1.27344,NLD,THA,611300
2361206,163,216,7729,2015,0.0,76321.0,0.950708,0.314339,NOR,THA,611300
2361207,164,216,7729,2015,0.0,1464.0,-0.290416,0.456716,NPL,THA,611300
2361208,166,216,7729,2015,0.0,963302.0,0.224598,0.253179,NZL,THA,611300
2361209,167,216,7729,2015,0.0,6550.0,-0.4699,-1.00451,OMN,THA,611300
2361210,169,216,7729,2015,0.0,4181.0,0.642058,0.833392,PAN,THA,611300
2361211,173,216,7729,2015,0.0,48513.0,-0.6007819999999999,0.32152800000000004,PER,THA,611300
2361212,174,216,7729,2015,0.0,27836.0,0.6406270000000001,0.45770200000000005,PHL,THA,611300
2361213,177,216,7729,2015,0.0,58730.0,1.145844,1.1449280000000002,POL,THA,611300
2361214,178,216,7729,2015,0.0,122803.0,-0.404818,-0.075235,PRK,THA,611300
2361215,179,216,7729,2015,0.0,659336.0,0.561922,2.2276380000000002,PRT,THA,611300
2361216,182,216,7729,2015,0.0,2020.0,-0.301696,-0.795154,PYF,THA,611300
2361217,183,216,7729,2015,0.0,20034.0,-0.077053,-0.9922719999999999,QAT,THA,611300
2361218,185,216,7729,2015,0.0,8410.0,0.946363,1.056775,ROU,THA,611300
2361219,186,216,7729,2015,0.0,131481.0,0.23119,0.035965,RUS,THA,611300
2361220,192,216,7729,2015,25092.0,285312.0,2.05613,0.593065,SGP,THA,611300
2361221,206,216,7729,2015,0.0,6042.0,1.287133,0.7900560000000001,SVK,THA,611300
2361222,207,216,7729,2015,0.0,6795.0,1.6089879999999999,0.833616,SVN,THA,611300
2361223,208,216,7729,2015,0.0,33095.0,1.8068349999999997,0.693389,SWE,THA,611300
2361224,209,216,7729,2015,0.0,2936.0,0.257467,-0.402491,SWZ,THA,611300
2361225,211,216,7729,2015,0.0,1841.0,1.017467,-0.285569,SYC,THA,611300
2361226,224,216,7729,2015,1603.0,156980.0,0.438669,2.519632,TUR,THA,611300
2361227,227,216,7729,2015,0.0,723.0,-0.611023,0.078961,UGA,THA,611300
2361228,230,216,7729,2015,0.0,53239.0,0.273876,-0.363695,URY,THA,611300
2361229,231,216,7729,2015,10563.0,21350172.0,1.720478,-0.129322,USA,THA,611300
2361230,239,216,7729,2015,12600.0,47630.0,-0.17108900000000002,1.10995,VNM,THA,611300
2361231,246,216,7729,2015,0.0,543507.0,0.24944699999999997,1.7573159999999999,ZAF,THA,611300
2361232,249,216,7729,2015,1950.0,141141.0,1.962832,1.214982,TWN,THA,611300
2361233,39,222,7729,2015,2390.0,0.0,0.695867,1.171676,CAN,TTO,611300
2361234,43,222,7729,2015,11110.0,0.0,1.077143,1.735757,CHN,TTO,611300
2361235,231,222,7729,2015,45935.0,0.0,1.720478,-0.129322,USA,TTO,611300
2361236,4,224,7729,2015,0.0,2078.0,-0.601875,-0.27003,ALB,TUR,611300
2361237,7,224,7729,2015,341881.0,2339641.0,0.21779600000000002,-0.0047420000000000006,ARE,TUR,611300
2361238,9,224,7729,2015,0.0,6.0,0.037579,-0.42448800000000003,ARM,TUR,611300
2361239,15,224,7729,2015,14990.0,104466.0,1.747098,-0.08026699999999999,AUT,TUR,611300
2361240,16,224,7729,2015,0.0,9938.0,-0.983347,-1.231542,AZE,TUR,611300
2361241,17,224,7729,2015,0.0,3515.0,-0.993318,-1.031194,BDI,TUR,611300
2361242,18,224,7729,2015,2119.0,9980.0,1.329866,1.100641,BEL,TUR,611300
2361243,22,224,7729,2015,12609.0,0.0,-1.088465,-0.8745360000000001,BGD,TUR,611300
2361244,23,224,7729,2015,18116.0,2095.0,0.45640699999999995,1.691455,BGR,TUR,611300
2361245,24,224,7729,2015,0.0,58027.0,0.36650900000000003,-0.28735,BHR,TUR,611300
2361246,26,224,7729,2015,0.0,2688.0,0.355903,0.723092,BIH,TUR,611300
2361247,28,224,7729,2015,0.0,2563.0,0.672499,0.5584020000000001,BLR,TUR,611300
2361248,32,224,7729,2015,0.0,3577.0,0.23656799999999997,0.688607,BRA,TUR,611300
2361249,39,224,7729,2015,3347.0,14613.0,0.695867,1.171676,CAN,TUR,611300
2361250,41,224,7729,2015,1464.0,18439.0,2.306075,0.720781,CHE,TUR,611300
2361251,43,224,7729,2015,1318754.0,0.0,1.077143,1.735757,CHN,TUR,611300
2361252,45,224,7729,2015,0.0,2508.0,-0.924366,-1.040721,CMR,TUR,611300
2361253,49,224,7729,2015,0.0,1180.0,0.156383,-0.183055,COL,TUR,611300
2361254,58,224,7729,2015,0.0,17800.0,0.511225,-0.207261,CYP,TUR,611300
2361255,59,224,7729,2015,6828.0,32143.0,1.743012,0.45424,CZE,TUR,611300
2361256,61,224,7729,2015,186273.0,249888.0,2.203818,-2.307561,DEU,TUR,611300
2361257,64,224,7729,2015,27709.0,39314.0,1.157924,1.2045629999999998,DNK,TUR,611300
2361258,65,224,7729,2015,0.0,2961.0,-0.212808,0.395873,DOM,TUR,611300
2361259,66,224,7729,2015,0.0,3956.0,-1.54346,-1.255633,DZA,TUR,611300
2361260,68,224,7729,2015,0.0,4504.0,-0.183053,1.765036,EGY,TUR,611300
2361261,71,224,7729,2015,778520.0,42700.0,0.8173590000000001,2.442556,ESP,TUR,611300
2361262,73,224,7729,2015,0.0,8062.0,-1.004896,-0.721019,ETH,TUR,611300
2361263,74,224,7729,2015,2854.0,2478.0,1.597817,0.998059,FIN,TUR,611300
2361264,77,224,7729,2015,9693.0,47897.0,1.479792,0.6490239999999999,FRA,TUR,611300
2361265,78,224,7729,2015,0.0,2244.0,-0.700767,-0.9214399999999999,FRO,TUR,611300
2361266,81,224,7729,2015,81429.0,32601.0,1.7422990000000003,0.75838,GBR,TUR,611300
2361267,82,224,7729,2015,0.0,2219.0,-0.343663,-0.588017,GEO,TUR,611300
2361268,85,224,7729,2015,0.0,1143.0,-1.288329,-1.167532,GIN,TUR,611300
2361269,90,224,7729,2015,0.0,4148.0,0.099027,1.012289,GRC,TUR,611300
2361270,97,224,7729,2015,3080.0,0.0,0.8255290000000001,1.8017279999999998,HKG,TUR,611300
2361271,100,224,7729,2015,0.0,217912.0,0.7590140000000001,1.257415,HRV,TUR,611300
2361272,102,224,7729,2015,51578.0,0.0,1.462839,0.803258,HUN,TUR,611300
2361273,106,224,7729,2015,0.0,2689.0,1.304942,0.126431,IRL,TUR,611300
2361274,107,224,7729,2015,0.0,928.0,-0.258946,-0.0073420000000000004,IRN,TUR,611300
2361275,108,224,7729,2015,0.0,7406.0,-1.465803,-0.912113,IRQ,TUR,611300
2361276,109,224,7729,2015,0.0,1584.0,0.24527600000000002,-0.411616,ISL,TUR,611300
2361277,111,224,7729,2015,222367.0,738242.0,1.321127,0.747046,ITA,TUR,611300
2361278,113,224,7729,2015,0.0,852267.0,0.121172,0.457301,JOR,TUR,611300
2361279,114,224,7729,2015,0.0,22506.0,2.516133,-0.484202,JPN,TUR,611300
2361280,115,224,7729,2015,0.0,6534.0,-0.45091499999999995,-0.652026,KAZ,TUR,611300
2361281,118,224,7729,2015,287842.0,0.0,-0.791985,-0.833046,KHM,TUR,611300
2361282,121,224,7729,2015,0.0,7285.0,1.900653,0.859406,KOR,TUR,611300
2361283,122,224,7729,2015,0.0,8919.0,-0.352023,-1.153057,KWT,TUR,611300
2361284,128,224,7729,2015,17966.0,0.0,-0.6773399999999999,0.386343,LKA,TUR,611300
2361285,131,224,7729,2015,0.0,1174.0,1.218924,1.247152,LUX,TUR,611300
2361286,133,224,7729,2015,1961.0,0.0,0.296288,0.32009499999999996,MAC,TUR,611300
2361287,134,224,7729,2015,3245.0,4932.0,-0.7554810000000001,-0.059697,MAR,TUR,611300
2361288,138,224,7729,2015,0.0,1824.0,1.169724,0.61457,MEX,TUR,611300
2361289,142,224,7729,2015,8010.0,0.0,0.880893,-0.117585,MLT,TUR,611300
2361290,153,224,7729,2015,0.0,8535.0,1.082803,0.811615,MYS,TUR,611300
2361291,162,224,7729,2015,606212.0,0.0,1.230104,1.27344,NLD,TUR,611300
2361292,163,224,7729,2015,2024.0,139629.0,0.950708,0.314339,NOR,TUR,611300
2361293,177,224,7729,2015,0.0,8646.0,1.145844,1.1449280000000002,POL,TUR,611300
2361294,179,224,7729,2015,10715.0,3166.0,0.561922,2.2276380000000002,PRT,TUR,611300
2361295,181,224,7729,2015,0.0,3040.0,0.060575,0.5649489999999999,PSE,TUR,611300
2361296,182,224,7729,2015,0.0,1574.0,-0.301696,-0.795154,PYF,TUR,611300
2361297,183,224,7729,2015,0.0,14433.0,-0.077053,-0.9922719999999999,QAT,TUR,611300
2361298,185,224,7729,2015,40963.0,1887.0,0.946363,1.056775,ROU,TUR,611300
2361299,186,224,7729,2015,0.0,32127.0,0.23119,0.035965,RUS,TUR,611300
2361300,192,224,7729,2015,80625.0,0.0,2.05613,0.593065,SGP,TUR,611300
2361301,201,224,7729,2015,0.0,3616.0,0.457042,1.324908,SRB,TUR,611300
2361302,206,224,7729,2015,0.0,1592.0,1.287133,0.7900560000000001,SVK,TUR,611300
2361303,207,224,7729,2015,3129.0,10828.0,1.6089879999999999,0.833616,SVN,TUR,611300
2361304,208,224,7729,2015,40631.0,0.0,1.8068349999999997,0.693389,SWE,TUR,611300
2361305,216,224,7729,2015,156980.0,1603.0,0.965888,1.368572,THA,TUR,611300
2361306,219,224,7729,2015,0.0,1083.0,-1.546516,-1.315803,TKM,TUR,611300
2361307,223,224,7729,2015,0.0,6975.0,0.140202,0.967591,TUN,TUR,611300
2361308,228,224,7729,2015,0.0,2438.0,0.429879,0.701813,UKR,TUR,611300
2361309,231,224,7729,2015,5973.0,67387.0,1.720478,-0.129322,USA,TUR,611300
2361310,239,224,7729,2015,200844.0,0.0,-0.17108900000000002,1.10995,VNM,TUR,611300
2361311,249,224,7729,2015,8720.0,3430.0,1.962832,1.214982,TWN,TUR,611300
2361312,7,228,7729,2015,0.0,3514.0,0.21779600000000002,-0.0047420000000000006,ARE,UKR,611300
2361313,9,228,7729,2015,0.0,1229.0,0.037579,-0.42448800000000003,ARM,UKR,611300
2361314,15,228,7729,2015,30730.0,1091.0,1.747098,-0.08026699999999999,AUT,UKR,611300
2361315,22,228,7729,2015,7983.0,0.0,-1.088465,-0.8745360000000001,BGD,UKR,611300
2361316,24,228,7729,2015,0.0,962.0,0.36650900000000003,-0.28735,BHR,UKR,611300
2361317,39,228,7729,2015,1797.0,0.0,0.695867,1.171676,CAN,UKR,611300
2361318,41,228,7729,2015,0.0,1423.0,2.306075,0.720781,CHE,UKR,611300
2361319,43,228,7729,2015,32313.0,0.0,1.077143,1.735757,CHN,UKR,611300
2361320,61,228,7729,2015,108652.0,26432.0,2.203818,-2.307561,DEU,UKR,611300
2361321,64,228,7729,2015,13163.0,0.0,1.157924,1.2045629999999998,DNK,UKR,611300
2361322,71,228,7729,2015,11118.0,0.0,0.8173590000000001,2.442556,ESP,UKR,611300
2361323,111,228,7729,2015,609365.0,0.0,1.321127,0.747046,ITA,UKR,611300
2361324,118,228,7729,2015,12745.0,0.0,-0.791985,-0.833046,KHM,UKR,611300
2361325,142,228,7729,2015,11318.0,0.0,0.880893,-0.117585,MLT,UKR,611300
2361326,163,228,7729,2015,0.0,46296.0,0.950708,0.314339,NOR,UKR,611300
2361327,177,228,7729,2015,48431.0,0.0,1.145844,1.1449280000000002,POL,UKR,611300
2361328,208,228,7729,2015,2362.0,0.0,1.8068349999999997,0.693389,SWE,UKR,611300
2361329,224,228,7729,2015,2438.0,0.0,0.438669,2.519632,TUR,UKR,611300
2361330,231,228,7729,2015,13112.0,0.0,1.720478,-0.129322,USA,UKR,611300
2361331,239,228,7729,2015,4794.0,0.0,-0.17108900000000002,1.10995,VNM,UKR,611300
2361332,249,228,7729,2015,8298.0,0.0,1.962832,1.214982,TWN,UKR,611300
2361333,8,230,7729,2015,4696.0,0.0,0.116896,0.30330999999999997,ARG,URY,611300
2361334,15,230,7729,2015,2703.0,0.0,1.747098,-0.08026699999999999,AUT,URY,611300
2361335,43,230,7729,2015,88836.0,0.0,1.077143,1.735757,CHN,URY,611300
2361336,71,230,7729,2015,2018.0,0.0,0.8173590000000001,2.442556,ESP,URY,611300
2361337,77,230,7729,2015,2984.0,0.0,1.479792,0.6490239999999999,FRA,URY,611300
2361338,81,230,7729,2015,20792.0,0.0,1.7422990000000003,0.75838,GBR,URY,611300
2361339,97,230,7729,2015,2954.0,0.0,0.8255290000000001,1.8017279999999998,HKG,URY,611300
2361340,111,230,7729,2015,138306.0,0.0,1.321127,0.747046,ITA,URY,611300
2361341,128,230,7729,2015,2348.0,0.0,-0.6773399999999999,0.386343,LKA,URY,611300
2361342,174,230,7729,2015,2586.0,0.0,0.6406270000000001,0.45770200000000005,PHL,URY,611300
2361343,216,230,7729,2015,53239.0,0.0,0.965888,1.368572,THA,URY,611300
2361344,231,230,7729,2015,212450.0,0.0,1.720478,-0.129322,USA,URY,611300
2361345,239,230,7729,2015,11610.0,0.0,-0.17108900000000002,1.10995,VNM,URY,611300
2361346,0,231,7729,2015,0.0,17270.0,0.8526809999999999,-0.043541,ABW,USA,611300
2361347,1,231,7729,2015,0.0,15239.0,-1.249655,-0.9094459999999999,AFG,USA,611300
2361348,2,231,7729,2015,0.0,12970.0,-1.6542,-1.2598989999999999,AGO,USA,611300
2361349,7,231,7729,2015,163699.0,133456.0,0.21779600000000002,-0.0047420000000000006,ARE,USA,611300
2361350,8,231,7729,2015,0.0,109036.0,0.116896,0.30330999999999997,ARG,USA,611300
2361351,9,231,7729,2015,0.0,84576.0,0.037579,-0.42448800000000003,ARM,USA,611300
2361352,14,231,7729,2015,31705.0,289350.0,-0.292325,-0.043489,AUS,USA,611300
2361353,15,231,7729,2015,14779.0,7761.0,1.747098,-0.08026699999999999,AUT,USA,611300
2361354,18,231,7729,2015,12488.0,31702.0,1.329866,1.100641,BEL,USA,611300
2361355,22,231,7729,2015,11231856.0,2981.0,-1.088465,-0.8745360000000001,BGD,USA,611300
2361356,23,231,7729,2015,56863.0,0.0,0.45640699999999995,1.691455,BGR,USA,611300
2361357,24,231,7729,2015,3096912.0,6936.0,0.36650900000000003,-0.28735,BHR,USA,611300
2361358,25,231,7729,2015,0.0,12146.0,0.669493,-0.37838099999999997,BHS,USA,611300
2361359,26,231,7729,2015,1549.0,0.0,0.355903,0.723092,BIH,USA,611300
2361360,29,231,7729,2015,0.0,3454.0,-0.24283600000000002,-0.577408,BLZ,USA,611300
2361361,30,231,7729,2015,0.0,295911.0,0.974592,-0.636426,BMU,USA,611300
2361362,32,231,7729,2015,862056.0,114689.0,0.23656799999999997,0.688607,BRA,USA,611300
2361363,33,231,7729,2015,0.0,1809.0,0.453689,0.039237,BRB,USA,611300
2361364,34,231,7729,2015,0.0,6203.0,1.093564,-0.679211,BRN,USA,611300
2361365,39,231,7729,2015,3188906.0,6058231.0,0.695867,1.171676,CAN,USA,611300
2361366,41,231,7729,2015,2120.0,62023.0,2.306075,0.720781,CHE,USA,611300
2361367,42,231,7729,2015,0.0,172772.0,-0.356167,-0.47629399999999994,CHL,USA,611300
2361368,43,231,7729,2015,76095280.0,1015039.0,1.077143,1.735757,CHN,USA,611300
2361369,47,231,7729,2015,0.0,595.0,-1.294823,-1.18811,COG,USA,611300
2361370,49,231,7729,2015,1253428.0,153829.0,0.156383,-0.183055,COL,USA,611300
2361371,50,231,7729,2015,0.0,3754.0,-0.551674,-0.867288,COM,USA,611300
2361372,52,231,7729,2015,0.0,5262.0,0.24859699999999998,-0.033143,CRI,USA,611300
2361373,57,231,7729,2015,0.0,12535.0,0.275472,-0.831835,CYM,USA,611300
2361374,58,231,7729,2015,0.0,1574.0,0.511225,-0.207261,CYP,USA,611300
2361375,59,231,7729,2015,1822.0,1162.0,1.743012,0.45424,CZE,USA,611300
2361376,61,231,7729,2015,478871.0,170040.0,2.203818,-2.307561,DEU,USA,611300
2361377,62,231,7729,2015,0.0,8280.0,-0.538942,-0.832522,DJI,USA,611300
2361378,64,231,7729,2015,33836.0,28131.0,1.157924,1.2045629999999998,DNK,USA,611300
2361379,65,231,7729,2015,0.0,21268.0,-0.212808,0.395873,DOM,USA,611300
2361380,67,231,7729,2015,11301.0,95197.0,-0.9845959999999999,-1.075639,ECU,USA,611300
2361381,68,231,7729,2015,32809.0,17461.0,-0.183053,1.765036,EGY,USA,611300
2361382,71,231,7729,2015,247044.0,88886.0,0.8173590000000001,2.442556,ESP,USA,611300
2361383,74,231,7729,2015,3747.0,2466.0,1.597817,0.998059,FIN,USA,611300
2361384,75,231,7729,2015,0.0,2313.0,-0.481968,-0.201468,FJI,USA,611300
2361385,77,231,7729,2015,257126.0,64219.0,1.479792,0.6490239999999999,FRA,USA,611300
2361386,81,231,7729,2015,631489.0,461282.0,1.7422990000000003,0.75838,GBR,USA,611300
2361387,89,231,7729,2015,0.0,12257.0,-1.585577,-0.9044979999999999,GNQ,USA,611300
2361388,90,231,7729,2015,11675.0,0.0,0.099027,1.012289,GRC,USA,611300
2361389,93,231,7729,2015,0.0,82616.0,-0.284403,0.525564,GTM,USA,611300
2361390,97,231,7729,2015,1185465.0,223290.0,0.8255290000000001,1.8017279999999998,HKG,USA,611300
2361391,99,231,7729,2015,6968.0,0.0,-0.578635,-0.292053,HND,USA,611300
2361392,102,231,7729,2015,92568.0,0.0,1.462839,0.803258,HUN,USA,611300
2361393,103,231,7729,2015,5387526.0,2890.0,-0.145103,1.277362,IDN,USA,611300
2361394,104,231,7729,2015,135606.0,5139.0,0.24230900000000002,2.8190880000000003,IND,USA,611300
2361395,106,231,7729,2015,19954.0,2715.0,1.304942,0.126431,IRL,USA,611300
2361396,109,231,7729,2015,0.0,17288.0,0.24527600000000002,-0.411616,ISL,USA,611300
2361397,110,231,7729,2015,3949.0,61542.0,1.260071,0.545545,ISR,USA,611300
2361398,111,231,7729,2015,10566821.0,120731.0,1.321127,0.747046,ITA,USA,611300
2361399,112,231,7729,2015,0.0,8588.0,-0.438267,-0.828097,JAM,USA,611300
2361400,113,231,7729,2015,378398.0,12233.0,0.121172,0.457301,JOR,USA,611300
2361401,114,231,7729,2015,286939.0,10142715.0,2.516133,-0.484202,JPN,USA,611300
2361402,115,231,7729,2015,0.0,5725.0,-0.45091499999999995,-0.652026,KAZ,USA,611300
2361403,116,231,7729,2015,5884710.0,0.0,-0.453564,0.433325,KEN,USA,611300
2361404,118,231,7729,2015,4228223.0,0.0,-0.791985,-0.833046,KHM,USA,611300
2361405,120,231,7729,2015,1255.0,0.0,0.8252430000000001,-0.436662,KNA,USA,611300
2361406,121,231,7729,2015,17273.0,719549.0,1.900653,0.859406,KOR,USA,611300
2361407,122,231,7729,2015,0.0,6024.0,-0.352023,-1.153057,KWT,USA,611300
2361408,124,231,7729,2015,0.0,25084.0,0.317355,1.330374,LBN,USA,611300
2361409,127,231,7729,2015,355.0,2422.0,0.5410590000000001,-0.484234,LCA,USA,611300
2361410,128,231,7729,2015,2160472.0,0.0,-0.6773399999999999,0.386343,LKA,USA,611300
2361411,129,231,7729,2015,83332.0,0.0,-0.910168,-0.870865,LSO,USA,611300
2361412,130,231,7729,2015,282672.0,3708.0,0.749429,1.3659860000000001,LTU,USA,611300
2361413,132,231,7729,2015,224386.0,3723.0,0.602209,1.125357,LVA,USA,611300
2361414,133,231,7729,2015,228418.0,0.0,0.296288,0.32009499999999996,MAC,USA,611300
2361415,134,231,7729,2015,0.0,2360.0,-0.7554810000000001,-0.059697,MAR,USA,611300
2361416,136,231,7729,2015,0.0,672.0,-1.15947,-0.497217,MDG,USA,611300
2361417,138,231,7729,2015,2697916.0,376888.0,1.169724,0.61457,MEX,USA,611300
2361418,142,231,7729,2015,79099.0,2408.0,0.880893,-0.117585,MLT,USA,611300
2361419,143,231,7729,2015,14231.0,0.0,-1.4596120000000001,-0.903904,MMR,USA,611300
2361420,151,231,7729,2015,2720.0,0.0,-0.231762,-0.195051,MUS,USA,611300
2361421,153,231,7729,2015,204053.0,5495.0,1.082803,0.811615,MYS,USA,611300
2361422,156,231,7729,2015,0.0,1542.0,-0.727911,-0.844562,NCL,USA,611300
2361423,159,231,7729,2015,0.0,44023.0,-1.415451,-1.157829,NGA,USA,611300
2361424,162,231,7729,2015,16113.0,190478.0,1.230104,1.27344,NLD,USA,611300
2361425,163,231,7729,2015,84167.0,25396.0,0.950708,0.314339,NOR,USA,611300
2361426,166,231,7729,2015,3565.0,26131.0,0.224598,0.253179,NZL,USA,611300
2361427,167,231,7729,2015,0.0,2276.0,-0.4699,-1.00451,OMN,USA,611300
2361428,168,231,7729,2015,156848.0,0.0,-0.7059979999999999,0.73501,PAK,USA,611300
2361429,169,231,7729,2015,1083.0,326379.0,0.642058,0.833392,PAN,USA,611300
2361430,173,231,7729,2015,63171.0,65039.0,-0.6007819999999999,0.32152800000000004,PER,USA,611300
2361431,174,231,7729,2015,2311367.0,85009.0,0.6406270000000001,0.45770200000000005,PHL,USA,611300
2361432,176,231,7729,2015,0.0,117187.0,-1.710939,-1.266333,PNG,USA,611300
2361433,177,231,7729,2015,6697.0,3640.0,1.145844,1.1449280000000002,POL,USA,611300
2361434,179,231,7729,2015,1457460.0,1547.0,0.561922,2.2276380000000002,PRT,USA,611300
2361435,182,231,7729,2015,0.0,11943.0,-0.301696,-0.795154,PYF,USA,611300
2361436,183,231,7729,2015,0.0,13064.0,-0.077053,-0.9922719999999999,QAT,USA,611300
2361437,185,231,7729,2015,21067.0,0.0,0.946363,1.056775,ROU,USA,611300
2361438,186,231,7729,2015,0.0,62428.0,0.23119,0.035965,RUS,USA,611300
2361439,188,231,7729,2015,0.0,19358.0,0.5552520000000001,-0.7263229999999999,SAU,USA,611300
2361440,191,231,7729,2015,3433.0,0.0,-0.708349,-0.296663,SEN,USA,611300
2361441,192,231,7729,2015,515323.0,237776.0,2.05613,0.593065,SGP,USA,611300
2361442,197,231,7729,2015,28463.0,2778.0,0.05531900000000001,0.169073,SLV,USA,611300
2361443,201,231,7729,2015,2402.0,0.0,0.457042,1.324908,SRB,USA,611300
2361444,208,231,7729,2015,73619.0,17101.0,1.8068349999999997,0.693389,SWE,USA,611300
2361445,210,231,7729,2015,0.0,3590.0,0.945973,-0.7548229999999999,SXM,USA,611300
2361446,214,231,7729,2015,0.0,3690.0,-1.543675,-0.9703860000000001,TCD,USA,611300
2361447,216,231,7729,2015,21350172.0,10563.0,0.965888,1.368572,THA,USA,611300
2361448,222,231,7729,2015,0.0,45935.0,-0.462837,-1.117621,TTO,USA,611300
2361449,223,231,7729,2015,10997.0,0.0,0.140202,0.967591,TUN,USA,611300
2361450,224,231,7729,2015,67387.0,5973.0,0.438669,2.519632,TUR,USA,611300
2361451,228,231,7729,2015,0.0,13112.0,0.429879,0.701813,UKR,USA,611300
2361452,230,231,7729,2015,0.0,212450.0,0.273876,-0.363695,URY,USA,611300
2361453,234,231,7729,2015,0.0,788.0,0.087811,-0.35481999999999997,VCT,USA,611300
2361454,236,231,7729,2015,0.0,11010.0,-0.9249129999999999,-1.1877280000000001,VEN,USA,611300
2361455,239,231,7729,2015,38028352.0,196836.0,-0.17108900000000002,1.10995,VNM,USA,611300
2361456,246,231,7729,2015,0.0,9605.0,0.24944699999999997,1.7573159999999999,ZAF,USA,611300
2361457,249,231,7729,2015,3485984.0,33695.0,1.962832,1.214982,TWN,USA,611300
2361458,7,236,7729,2015,0.0,1616.0,0.21779600000000002,-0.0047420000000000006,ARE,VEN,611300
2361459,43,236,7729,2015,8266.0,0.0,1.077143,1.735757,CHN,VEN,611300
2361460,71,236,7729,2015,28422.0,1787.0,0.8173590000000001,2.442556,ESP,VEN,611300
2361461,111,236,7729,2015,65015.0,0.0,1.321127,0.747046,ITA,VEN,611300
2361462,231,236,7729,2015,11010.0,0.0,1.720478,-0.129322,USA,VEN,611300
2361463,239,236,7729,2015,2329.0,0.0,-0.17108900000000002,1.10995,VNM,VEN,611300
2361464,7,243,7729,2015,97845.0,0.0,0.21779600000000002,-0.0047420000000000006,ARE,YEM,611300
2361465,43,243,7729,2015,11994.0,0.0,1.077143,1.735757,CHN,YEM,611300
2361466,104,243,7729,2015,1022.0,0.0,0.24230900000000002,2.8190880000000003,IND,YEM,611300
2361467,250,243,7729,2015,7757.0,0.0,0.377283,-0.092204,ANS,YEM,611300
2361468,2,246,7729,2015,0.0,8336.0,-1.6542,-1.2598989999999999,AGO,ZAF,611300
2361469,7,246,7729,2015,38600.0,4614.0,0.21779600000000002,-0.0047420000000000006,ARE,ZAF,611300
2361470,14,246,7729,2015,4870.0,63471.0,-0.292325,-0.043489,AUS,ZAF,611300
2361471,15,246,7729,2015,7086.0,0.0,1.747098,-0.08026699999999999,AUT,ZAF,611300
2361472,22,246,7729,2015,213181.0,0.0,-1.088465,-0.8745360000000001,BGD,ZAF,611300
2361473,37,246,7729,2015,0.0,10742.0,-0.14164200000000002,-1.0372059999999999,BWA,ZAF,611300
2361474,39,246,7729,2015,9041.0,0.0,0.695867,1.171676,CAN,ZAF,611300
2361475,41,246,7729,2015,0.0,2571.0,2.306075,0.720781,CHE,ZAF,611300
2361476,43,246,7729,2015,1066288.0,0.0,1.077143,1.735757,CHN,ZAF,611300
2361477,46,246,7729,2015,0.0,119584.0,-1.3921290000000002,-1.146549,COD,ZAF,611300
2361478,49,246,7729,2015,36329.0,0.0,0.156383,-0.183055,COL,ZAF,611300
2361479,59,246,7729,2015,3604.0,0.0,1.743012,0.45424,CZE,ZAF,611300
2361480,61,246,7729,2015,5393.0,0.0,2.203818,-2.307561,DEU,ZAF,611300
2361481,64,246,7729,2015,18132.0,0.0,1.157924,1.2045629999999998,DNK,ZAF,611300
2361482,71,246,7729,2015,3807.0,0.0,0.8173590000000001,2.442556,ESP,ZAF,611300
2361483,77,246,7729,2015,4250.0,0.0,1.479792,0.6490239999999999,FRA,ZAF,611300
2361484,81,246,7729,2015,28079.0,1865.0,1.7422990000000003,0.75838,GBR,ZAF,611300
2361485,83,246,7729,2015,0.0,1103.0,-0.750568,-0.690257,GHA,ZAF,611300
2361486,97,246,7729,2015,248671.0,0.0,0.8255290000000001,1.8017279999999998,HKG,ZAF,611300
2361487,111,246,7729,2015,249004.0,0.0,1.321127,0.747046,ITA,ZAF,611300
2361488,116,246,7729,2015,0.0,1728.0,-0.453564,0.433325,KEN,ZAF,611300
2361489,118,246,7729,2015,49115.0,0.0,-0.791985,-0.833046,KHM,ZAF,611300
2361490,129,246,7729,2015,0.0,2100.0,-0.910168,-0.870865,LSO,ZAF,611300
2361491,130,246,7729,2015,16462.0,0.0,0.749429,1.3659860000000001,LTU,ZAF,611300
2361492,136,246,7729,2015,1127.0,0.0,-1.15947,-0.497217,MDG,ZAF,611300
2361493,151,246,7729,2015,476858.0,0.0,-0.231762,-0.195051,MUS,ZAF,611300
2361494,152,246,7729,2015,0.0,1568.0,-0.549862,-0.8753190000000001,MWI,ZAF,611300
2361495,155,246,7729,2015,0.0,30111.0,-0.43457399999999996,-0.665655,NAM,ZAF,611300
2361496,159,246,7729,2015,0.0,1742.0,-1.415451,-1.157829,NGA,ZAF,611300
2361497,162,246,7729,2015,2142.0,0.0,1.230104,1.27344,NLD,ZAF,611300
2361498,167,246,7729,2015,0.0,20225.0,-0.4699,-1.00451,OMN,ZAF,611300
2361499,168,246,7729,2015,1703.0,0.0,-0.7059979999999999,0.73501,PAK,ZAF,611300
2361500,174,246,7729,2015,6535.0,0.0,0.6406270000000001,0.45770200000000005,PHL,ZAF,611300
2361501,192,246,7729,2015,24202.0,4519.0,2.05613,0.593065,SGP,ZAF,611300
2361502,209,246,7729,2015,2620.0,9522.0,0.257467,-0.402491,SWZ,ZAF,611300
2361503,216,246,7729,2015,543507.0,0.0,0.965888,1.368572,THA,ZAF,611300
2361504,226,246,7729,2015,0.0,3545.0,-1.02395,-0.017509999999999998,TZA,ZAF,611300
2361505,231,246,7729,2015,9605.0,0.0,1.720478,-0.129322,USA,ZAF,611300
2361506,239,246,7729,2015,25278.0,0.0,-0.17108900000000002,1.10995,VNM,ZAF,611300
2361507,247,246,7729,2015,0.0,6042.0,-0.44792,-0.769586,ZMB,ZAF,611300
2361508,248,246,7729,2015,0.0,21677.0,-0.838017,-0.9400270000000001,ZWE,ZAF,611300
2361509,250,246,7729,2015,4896.0,0.0,0.377283,-0.092204,ANS,ZAF,611300
2361510,7,249,7729,2015,0.0,25059.0,0.21779600000000002,-0.0047420000000000006,ARE,TWN,611300
2361511,8,249,7729,2015,0.0,64035.0,0.116896,0.30330999999999997,ARG,TWN,611300
2361512,9,249,7729,2015,0.0,1723.0,0.037579,-0.42448800000000003,ARM,TWN,611300
2361513,14,249,7729,2015,1242.0,101932.0,-0.292325,-0.043489,AUS,TWN,611300
2361514,15,249,7729,2015,20523.0,15559.0,1.747098,-0.08026699999999999,AUT,TWN,611300
2361515,22,249,7729,2015,1416.0,0.0,-1.088465,-0.8745360000000001,BGD,TWN,611300
2361516,23,249,7729,2015,1510.0,0.0,0.45640699999999995,1.691455,BGR,TWN,611300
2361517,32,249,7729,2015,0.0,3104.0,0.23656799999999997,0.688607,BRA,TWN,611300
2361518,39,249,7729,2015,25184.0,164418.0,0.695867,1.171676,CAN,TWN,611300
2361519,41,249,7729,2015,0.0,12741.0,2.306075,0.720781,CHE,TWN,611300
2361520,42,249,7729,2015,0.0,9595.0,-0.356167,-0.47629399999999994,CHL,TWN,611300
2361521,43,249,7729,2015,252380.0,5838.0,1.077143,1.735757,CHN,TWN,611300
2361522,59,249,7729,2015,0.0,2214.0,1.743012,0.45424,CZE,TWN,611300
2361523,61,249,7729,2015,72609.0,856147.0,2.203818,-2.307561,DEU,TWN,611300
2361524,64,249,7729,2015,0.0,31334.0,1.157924,1.2045629999999998,DNK,TWN,611300
2361525,68,249,7729,2015,0.0,9082.0,-0.183053,1.765036,EGY,TWN,611300
2361526,71,249,7729,2015,31923.0,16436.0,0.8173590000000001,2.442556,ESP,TWN,611300
2361527,74,249,7729,2015,0.0,2418.0,1.597817,0.998059,FIN,TWN,611300
2361528,77,249,7729,2015,9145.0,52147.0,1.479792,0.6490239999999999,FRA,TWN,611300
2361529,81,249,7729,2015,1880.0,46185.0,1.7422990000000003,0.75838,GBR,TWN,611300
2361530,90,249,7729,2015,0.0,10716.0,0.099027,1.012289,GRC,TWN,611300
2361531,97,249,7729,2015,105228.0,19669.0,0.8255290000000001,1.8017279999999998,HKG,TWN,611300
2361532,103,249,7729,2015,0.0,16962.0,-0.145103,1.277362,IDN,TWN,611300
2361533,104,249,7729,2015,0.0,3186.0,0.24230900000000002,2.8190880000000003,IND,TWN,611300
2361534,109,249,7729,2015,0.0,1146.0,0.24527600000000002,-0.411616,ISL,TWN,611300
2361535,111,249,7729,2015,282924.0,7415.0,1.321127,0.747046,ITA,TWN,611300
2361536,114,249,7729,2015,31767.0,394292.0,2.516133,-0.484202,JPN,TWN,611300
2361537,116,249,7729,2015,56807.0,0.0,-0.453564,0.433325,KEN,TWN,611300
2361538,117,249,7729,2015,0.0,933.0,0.02058,0.438692,KGZ,TWN,611300
2361539,118,249,7729,2015,119048.0,0.0,-0.791985,-0.833046,KHM,TWN,611300
2361540,121,249,7729,2015,0.0,14375.0,1.900653,0.859406,KOR,TWN,611300
2361541,122,249,7729,2015,0.0,2370.0,-0.352023,-1.153057,KWT,TWN,611300
2361542,128,249,7729,2015,1730.0,0.0,-0.6773399999999999,0.386343,LKA,TWN,611300
2361543,132,249,7729,2015,959.0,1935.0,0.602209,1.125357,LVA,TWN,611300
2361544,137,249,7729,2015,0.0,2263.0,-0.321571,-0.858751,MDV,TWN,611300
2361545,138,249,7729,2015,0.0,2245.0,1.169724,0.61457,MEX,TWN,611300
2361546,146,249,7729,2015,0.0,1299.0,0.690384,-0.5730529999999999,MNP,TWN,611300
2361547,153,249,7729,2015,0.0,20508.0,1.082803,0.811615,MYS,TWN,611300
2361548,156,249,7729,2015,0.0,3633.0,-0.727911,-0.844562,NCL,TWN,611300
2361549,162,249,7729,2015,0.0,34789.0,1.230104,1.27344,NLD,TWN,611300
2361550,163,249,7729,2015,0.0,26778.0,0.950708,0.314339,NOR,TWN,611300
2361551,166,249,7729,2015,0.0,16784.0,0.224598,0.253179,NZL,TWN,611300
2361552,167,249,7729,2015,0.0,1132.0,-0.4699,-1.00451,OMN,TWN,611300
2361553,174,249,7729,2015,3455.0,38004.0,0.6406270000000001,0.45770200000000005,PHL,TWN,611300
2361554,177,249,7729,2015,0.0,27514.0,1.145844,1.1449280000000002,POL,TWN,611300
2361555,179,249,7729,2015,2676.0,0.0,0.561922,2.2276380000000002,PRT,TWN,611300
2361556,182,249,7729,2015,0.0,1928.0,-0.301696,-0.795154,PYF,TWN,611300
2361557,186,249,7729,2015,0.0,10374.0,0.23119,0.035965,RUS,TWN,611300
2361558,188,249,7729,2015,0.0,5729.0,0.5552520000000001,-0.7263229999999999,SAU,TWN,611300
2361559,192,249,7729,2015,0.0,98048.0,2.05613,0.593065,SGP,TWN,611300
2361560,205,249,7729,2015,0.0,11227.0,-0.570361,-1.005072,SUR,TWN,611300
2361561,208,249,7729,2015,3981.0,14471.0,1.8068349999999997,0.693389,SWE,TWN,611300
2361562,216,249,7729,2015,141141.0,1950.0,0.965888,1.368572,THA,TWN,611300
2361563,224,249,7729,2015,3430.0,8720.0,0.438669,2.519632,TUR,TWN,611300
2361564,228,249,7729,2015,0.0,8298.0,0.429879,0.701813,UKR,TWN,611300
2361565,231,249,7729,2015,33695.0,3485984.0,1.720478,-0.129322,USA,TWN,611300
2361566,239,249,7729,2015,173563.0,12843.0,-0.17108900000000002,1.10995,VNM,TWN,611300
2361567,7,250,7729,2015,26331.0,0.0,0.21779600000000002,-0.0047420000000000006,ARE,ANS,611300
2361568,34,250,7729,2015,0.0,11620.0,1.093564,-0.679211,BRN,ANS,611300
2361569,42,250,7729,2015,0.0,21298.0,-0.356167,-0.47629399999999994,CHL,ANS,611300
2361570,44,250,7729,2015,0.0,8694.0,-0.856142,-0.905292,CIV,ANS,611300
2361571,51,250,7729,2015,0.0,1304.0,-0.263621,-0.772158,CPV,ANS,611300
2361572,61,250,7729,2015,8149.0,0.0,2.203818,-2.307561,DEU,ANS,611300
2361573,71,250,7729,2015,4468.0,21150.0,0.8173590000000001,2.442556,ESP,ANS,611300
2361574,72,250,7729,2015,0.0,12221.0,0.9281149999999999,1.1780389999999998,EST,ANS,611300
2361575,77,250,7729,2015,0.0,14258.0,1.479792,0.6490239999999999,FRA,ANS,611300
2361576,97,250,7729,2015,7553.0,0.0,0.8255290000000001,1.8017279999999998,HKG,ANS,611300
2361577,106,250,7729,2015,22324.0,0.0,1.304942,0.126431,IRL,ANS,611300
2361578,111,250,7729,2015,23173.0,0.0,1.321127,0.747046,ITA,ANS,611300
2361579,113,250,7729,2015,29577.0,0.0,0.121172,0.457301,JOR,ANS,611300
2361580,131,250,7729,2015,0.0,12629.0,1.218924,1.247152,LUX,ANS,611300
2361581,162,250,7729,2015,0.0,1652.0,1.230104,1.27344,NLD,ANS,611300
2361582,169,250,7729,2015,1074.0,0.0,0.642058,0.833392,PAN,ANS,611300
2361583,186,250,7729,2015,0.0,248.0,0.23119,0.035965,RUS,ANS,611300
2361584,206,250,7729,2015,0.0,410579.0,1.287133,0.7900560000000001,SVK,ANS,611300
2361585,239,250,7729,2015,2704.0,4812.0,-0.17108900000000002,1.10995,VNM,ANS,611300
2361586,243,250,7729,2015,0.0,7757.0,-1.048632,-1.10843,YEM,ANS,611300
2361587,246,250,7729,2015,0.0,4896.0,0.24944699999999997,1.7573159999999999,ZAF,ANS,611300
2361588,7,2,7729,2015,5364.0,0.0,0.21779600000000002,-0.0047420000000000006,ARE,AGO,611300
2361589,43,2,7729,2015,30528.0,0.0,1.077143,1.735757,CHN,AGO,611300
2361590,64,2,7729,2015,768.0,0.0,1.157924,1.2045629999999998,DNK,AGO,611300
2361591,81,2,7729,2015,1033.0,0.0,1.7422990000000003,0.75838,GBR,AGO,611300
2361592,111,2,7729,2015,3477.0,0.0,1.321127,0.747046,ITA,AGO,611300
2361593,179,2,7729,2015,1911.0,0.0,0.561922,2.2276380000000002,PRT,AGO,611300
2361594,231,2,7729,2015,12970.0,0.0,1.720478,-0.129322,USA,AGO,611300
2361595,246,2,7729,2015,8336.0,0.0,0.24944699999999997,1.7573159999999999,ZAF,AGO,611300
2361596,7,9,7729,2015,5440.0,3871.0,0.21779600000000002,-0.0047420000000000006,ARE,ARM,611300
2361597,18,9,7729,2015,3296.0,0.0,1.329866,1.100641,BEL,ARM,611300
2361598,22,9,7729,2015,614.0,0.0,-1.088465,-0.8745360000000001,BGD,ARM,611300
2361599,23,9,7729,2015,1826.0,0.0,0.45640699999999995,1.691455,BGR,ARM,611300
2361600,39,9,7729,2015,4967.0,0.0,0.695867,1.171676,CAN,ARM,611300
2361601,41,9,7729,2015,1222.0,0.0,2.306075,0.720781,CHE,ARM,611300
2361602,43,9,7729,2015,109088.0,0.0,1.077143,1.735757,CHN,ARM,611300
2361603,61,9,7729,2015,14414.0,0.0,2.203818,-2.307561,DEU,ARM,611300
2361604,68,9,7729,2015,552.0,0.0,-0.183053,1.765036,EGY,ARM,611300
2361605,71,9,7729,2015,2944.0,0.0,0.8173590000000001,2.442556,ESP,ARM,611300
2361606,77,9,7729,2015,13519.0,0.0,1.479792,0.6490239999999999,FRA,ARM,611300
2361607,81,9,7729,2015,9196.0,0.0,1.7422990000000003,0.75838,GBR,ARM,611300
2361608,82,9,7729,2015,3968.0,0.0,-0.343663,-0.588017,GEO,ARM,611300
2361609,97,9,7729,2015,1054.0,0.0,0.8255290000000001,1.8017279999999998,HKG,ARM,611300
2361610,102,9,7729,2015,1513.0,0.0,1.462839,0.803258,HUN,ARM,611300
2361611,104,9,7729,2015,8593.0,0.0,0.24230900000000002,2.8190880000000003,IND,ARM,611300
2361612,110,9,7729,2015,680.0,0.0,1.260071,0.545545,ISR,ARM,611300
2361613,111,9,7729,2015,217322.0,0.0,1.321127,0.747046,ITA,ARM,611300
2361614,114,9,7729,2015,3037.0,0.0,2.516133,-0.484202,JPN,ARM,611300
2361615,121,9,7729,2015,2550.0,0.0,1.900653,0.859406,KOR,ARM,611300
2361616,124,9,7729,2015,1993.0,0.0,0.317355,1.330374,LBN,ARM,611300
2361617,132,9,7729,2015,2002.0,0.0,0.602209,1.125357,LVA,ARM,611300
2361618,153,9,7729,2015,732.0,0.0,1.082803,0.811615,MYS,ARM,611300
2361619,162,9,7729,2015,1820.0,0.0,1.230104,1.27344,NLD,ARM,611300
2361620,177,9,7729,2015,4519.0,0.0,1.145844,1.1449280000000002,POL,ARM,611300
2361621,179,9,7729,2015,946.0,0.0,0.561922,2.2276380000000002,PRT,ARM,611300
2361622,186,9,7729,2015,1580.0,0.0,0.23119,0.035965,RUS,ARM,611300
2361623,192,9,7729,2015,874.0,0.0,2.05613,0.593065,SGP,ARM,611300
2361624,207,9,7729,2015,1037.0,0.0,1.6089879999999999,0.833616,SVN,ARM,611300
2361625,208,9,7729,2015,458.0,0.0,1.8068349999999997,0.693389,SWE,ARM,611300
2361626,212,9,7729,2015,1975.0,0.0,-0.603532,0.313216,SYR,ARM,611300
2361627,216,9,7729,2015,286.0,0.0,0.965888,1.368572,THA,ARM,611300
2361628,224,9,7729,2015,6.0,0.0,0.438669,2.519632,TUR,ARM,611300
2361629,228,9,7729,2015,1229.0,0.0,0.429879,0.701813,UKR,ARM,611300
2361630,231,9,7729,2015,84576.0,0.0,1.720478,-0.129322,USA,ARM,611300
2361631,239,9,7729,2015,3228.0,0.0,-0.17108900000000002,1.10995,VNM,ARM,611300
2361632,249,9,7729,2015,1723.0,0.0,1.962832,1.214982,TWN,ARM,611300
2361633,5,14,7729,2015,0.0,104268.0,0.850153,0.383793,AND,AUS,611300
2361634,7,14,7729,2015,5703.0,33521.0,0.21779600000000002,-0.0047420000000000006,ARE,AUS,611300
2361635,15,14,7729,2015,6419.0,0.0,1.747098,-0.08026699999999999,AUT,AUS,611300
2361636,18,14,7729,2015,68657.0,51812.0,1.329866,1.100641,BEL,AUS,611300
2361637,22,14,7729,2015,7699.0,0.0,-1.088465,-0.8745360000000001,BGD,AUS,611300
2361638,23,14,7729,2015,2923.0,0.0,0.45640699999999995,1.691455,BGR,AUS,611300
2361639,39,14,7729,2015,77540.0,6436.0,0.695867,1.171676,CAN,AUS,611300
2361640,41,14,7729,2015,0.0,1953.0,2.306075,0.720781,CHE,AUS,611300
2361641,43,14,7729,2015,2677424.0,5463.0,1.077143,1.735757,CHN,AUS,611300
2361642,49,14,7729,2015,4895.0,0.0,0.156383,-0.183055,COL,AUS,611300
2361643,59,14,7729,2015,12476.0,0.0,1.743012,0.45424,CZE,AUS,611300
2361644,61,14,7729,2015,77605.0,1605.0,2.203818,-2.307561,DEU,AUS,611300
2361645,64,14,7729,2015,9387.0,0.0,1.157924,1.2045629999999998,DNK,AUS,611300
2361646,67,14,7729,2015,985.0,0.0,-0.9845959999999999,-1.075639,ECU,AUS,611300
2361647,71,14,7729,2015,35792.0,19316.0,0.8173590000000001,2.442556,ESP,AUS,611300
2361648,74,14,7729,2015,1185.0,0.0,1.597817,0.998059,FIN,AUS,611300
2361649,75,14,7729,2015,0.0,31633.0,-0.481968,-0.201468,FJI,AUS,611300
2361650,77,14,7729,2015,15140.0,14839.0,1.479792,0.6490239999999999,FRA,AUS,611300
2361651,81,14,7729,2015,324023.0,36398.0,1.7422990000000003,0.75838,GBR,AUS,611300
2361652,85,14,7729,2015,0.0,1118.0,-1.288329,-1.167532,GIN,AUS,611300
2361653,97,14,7729,2015,154777.0,3270.0,0.8255290000000001,1.8017279999999998,HKG,AUS,611300
2361654,103,14,7729,2015,8101.0,0.0,-0.145103,1.277362,IDN,AUS,611300
2361655,104,14,7729,2015,2186.0,0.0,0.24230900000000002,2.8190880000000003,IND,AUS,611300
2361656,106,14,7729,2015,5782.0,0.0,1.304942,0.126431,IRL,AUS,611300
2361657,110,14,7729,2015,0.0,1681.0,1.260071,0.545545,ISR,AUS,611300
2361658,111,14,7729,2015,459472.0,0.0,1.321127,0.747046,ITA,AUS,611300
2361659,114,14,7729,2015,25036.0,4371.0,2.516133,-0.484202,JPN,AUS,611300
2361660,118,14,7729,2015,202460.0,0.0,-0.791985,-0.833046,KHM,AUS,611300
2361661,121,14,7729,2015,0.0,10685.0,1.900653,0.859406,KOR,AUS,611300
2361662,123,14,7729,2015,1178.0,0.0,-0.927524,-0.74525,LAO,AUS,611300
2361663,128,14,7729,2015,7577.0,0.0,-0.6773399999999999,0.386343,LKA,AUS,611300
2361664,130,14,7729,2015,5941.0,0.0,0.749429,1.3659860000000001,LTU,AUS,611300
2361665,138,14,7729,2015,32092.0,0.0,1.169724,0.61457,MEX,AUS,611300
2361666,142,14,7729,2015,7006.0,0.0,0.880893,-0.117585,MLT,AUS,611300
2361667,151,14,7729,2015,85423.0,52449.0,-0.231762,-0.195051,MUS,AUS,611300
2361668,153,14,7729,2015,1497773.0,9749.0,1.082803,0.811615,MYS,AUS,611300
2361669,156,14,7729,2015,0.0,6761.0,-0.727911,-0.844562,NCL,AUS,611300
2361670,162,14,7729,2015,10778.0,0.0,1.230104,1.27344,NLD,AUS,611300
2361671,163,14,7729,2015,7215.0,0.0,0.950708,0.314339,NOR,AUS,611300
2361672,166,14,7729,2015,116987.0,503281.0,0.224598,0.253179,NZL,AUS,611300
2361673,168,14,7729,2015,3477.0,0.0,-0.7059979999999999,0.73501,PAK,AUS,611300
2361674,173,14,7729,2015,1070.0,0.0,-0.6007819999999999,0.32152800000000004,PER,AUS,611300
2361675,174,14,7729,2015,1525.0,5095.0,0.6406270000000001,0.45770200000000005,PHL,AUS,611300
2361676,179,14,7729,2015,17707.0,0.0,0.561922,2.2276380000000002,PRT,AUS,611300
2361677,183,14,7729,2015,0.0,61057.0,-0.077053,-0.9922719999999999,QAT,AUS,611300
2361678,192,14,7729,2015,8308.0,17896.0,2.05613,0.593065,SGP,AUS,611300
2361679,207,14,7729,2015,1613.0,0.0,1.6089879999999999,0.833616,SVN,AUS,611300
2361680,208,14,7729,2015,40832.0,0.0,1.8068349999999997,0.693389,SWE,AUS,611300
2361681,216,14,7729,2015,11148871.0,1535.0,0.965888,1.368572,THA,AUS,611300
2361682,223,14,7729,2015,4110.0,0.0,0.140202,0.967591,TUN,AUS,611300
2361683,231,14,7729,2015,289350.0,31705.0,1.720478,-0.129322,USA,AUS,611300
2361684,239,14,7729,2015,40970.0,0.0,-0.17108900000000002,1.10995,VNM,AUS,611300
2361685,246,14,7729,2015,63471.0,4870.0,0.24944699999999997,1.7573159999999999,ZAF,AUS,611300
2361686,249,14,7729,2015,101932.0,1242.0,1.962832,1.214982,TWN,AUS,611300
2361687,7,16,7729,2015,22419.0,0.0,0.21779600000000002,-0.0047420000000000006,ARE,AZE,611300
2361688,15,16,7729,2015,2277.0,0.0,1.747098,-0.08026699999999999,AUT,AZE,611300
2361689,43,16,7729,2015,15505.0,0.0,1.077143,1.735757,CHN,AZE,611300
2361690,61,16,7729,2015,30002.0,0.0,2.203818,-2.307561,DEU,AZE,611300
2361691,71,16,7729,2015,2839.0,0.0,0.8173590000000001,2.442556,ESP,AZE,611300
2361692,81,16,7729,2015,1615.0,0.0,1.7422990000000003,0.75838,GBR,AZE,611300
2361693,111,16,7729,2015,57763.0,0.0,1.321127,0.747046,ITA,AZE,611300
2361694,216,16,7729,2015,11545.0,0.0,0.965888,1.368572,THA,AZE,611300
2361695,224,16,7729,2015,9938.0,0.0,0.438669,2.519632,TUR,AZE,611300
2361696,7,22,7729,2015,2059911.0,1800024.0,0.21779600000000002,-0.0047420000000000006,ARE,BGD,611300
2361697,9,22,7729,2015,0.0,614.0,0.037579,-0.42448800000000003,ARM,BGD,611300
2361698,14,22,7729,2015,0.0,7699.0,-0.292325,-0.043489,AUS,BGD,611300
2361699,15,22,7729,2015,0.0,72267.0,1.747098,-0.08026699999999999,AUT,BGD,611300
2361700,18,22,7729,2015,0.0,1536.0,1.329866,1.100641,BEL,BGD,611300
2361701,24,22,7729,2015,0.0,5463.0,0.36650900000000003,-0.28735,BHR,BGD,611300
2361702,26,22,7729,2015,0.0,567.0,0.355903,0.723092,BIH,BGD,611300
2361703,39,22,7729,2015,0.0,2595618.0,0.695867,1.171676,CAN,BGD,611300
2361704,41,22,7729,2015,0.0,76402.0,2.306075,0.720781,CHE,BGD,611300
2361705,43,22,7729,2015,19485.0,41727.0,1.077143,1.735757,CHN,BGD,611300
2361706,49,22,7729,2015,0.0,6377.0,0.156383,-0.183055,COL,BGD,611300
2361707,52,22,7729,2015,0.0,22998.0,0.24859699999999998,-0.033143,CRI,BGD,611300
2361708,58,22,7729,2015,0.0,87636.0,0.511225,-0.207261,CYP,BGD,611300
2361709,59,22,7729,2015,0.0,49887.0,1.743012,0.45424,CZE,BGD,611300
2361710,61,22,7729,2015,0.0,112124.0,2.203818,-2.307561,DEU,BGD,611300
2361711,64,22,7729,2015,0.0,3425.0,1.157924,1.2045629999999998,DNK,BGD,611300
2361712,65,22,7729,2015,0.0,461.0,-0.212808,0.395873,DOM,BGD,611300
2361713,71,22,7729,2015,0.0,262808.0,0.8173590000000001,2.442556,ESP,BGD,611300
2361714,74,22,7729,2015,0.0,2415.0,1.597817,0.998059,FIN,BGD,611300
2361715,77,22,7729,2015,0.0,97436.0,1.479792,0.6490239999999999,FRA,BGD,611300
2361716,81,22,7729,2015,0.0,34145.0,1.7422990000000003,0.75838,GBR,BGD,611300
2361717,90,22,7729,2015,0.0,34803.0,0.099027,1.012289,GRC,BGD,611300
2361718,103,22,7729,2015,0.0,1687.0,-0.145103,1.277362,IDN,BGD,611300
2361719,104,22,7729,2015,6241.0,0.0,0.24230900000000002,2.8190880000000003,IND,BGD,611300
2361720,109,22,7729,2015,0.0,2339.0,0.24527600000000002,-0.411616,ISL,BGD,611300
2361721,111,22,7729,2015,191704.0,104305.0,1.321127,0.747046,ITA,BGD,611300
2361722,114,22,7729,2015,0.0,38784.0,2.516133,-0.484202,JPN,BGD,611300
2361723,115,22,7729,2015,0.0,2185.0,-0.45091499999999995,-0.652026,KAZ,BGD,611300
2361724,116,22,7729,2015,0.0,2904.0,-0.453564,0.433325,KEN,BGD,611300
2361725,121,22,7729,2015,0.0,53705.0,1.900653,0.859406,KOR,BGD,611300
2361726,122,22,7729,2015,0.0,16300.0,-0.352023,-1.153057,KWT,BGD,611300
2361727,124,22,7729,2015,0.0,2572.0,0.317355,1.330374,LBN,BGD,611300
2361728,134,22,7729,2015,0.0,6465.0,-0.7554810000000001,-0.059697,MAR,BGD,611300
2361729,136,22,7729,2015,0.0,3612.0,-1.15947,-0.497217,MDG,BGD,611300
2361730,137,22,7729,2015,0.0,2170.0,-0.321571,-0.858751,MDV,BGD,611300
2361731,138,22,7729,2015,0.0,48695.0,1.169724,0.61457,MEX,BGD,611300
2361732,140,22,7729,2015,0.0,251.0,-0.09009600000000001,-0.147359,MKD,BGD,611300
2361733,153,22,7729,2015,0.0,100642.0,1.082803,0.811615,MYS,BGD,611300
2361734,159,22,7729,2015,0.0,9501.0,-1.415451,-1.157829,NGA,BGD,611300
2361735,163,22,7729,2015,0.0,13305.0,0.950708,0.314339,NOR,BGD,611300
2361736,166,22,7729,2015,0.0,2345.0,0.224598,0.253179,NZL,BGD,611300
2361737,167,22,7729,2015,0.0,21718.0,-0.4699,-1.00451,OMN,BGD,611300
2361738,168,22,7729,2015,0.0,29154.0,-0.7059979999999999,0.73501,PAK,BGD,611300
2361739,169,22,7729,2015,0.0,69675.0,0.642058,0.833392,PAN,BGD,611300
2361740,174,22,7729,2015,0.0,58574.0,0.6406270000000001,0.45770200000000005,PHL,BGD,611300
2361741,177,22,7729,2015,0.0,103924.0,1.145844,1.1449280000000002,POL,BGD,611300
2361742,183,22,7729,2015,0.0,4840.0,-0.077053,-0.9922719999999999,QAT,BGD,611300
2361743,186,22,7729,2015,0.0,45400.0,0.23119,0.035965,RUS,BGD,611300
2361744,188,22,7729,2015,0.0,90343.0,0.5552520000000001,-0.7263229999999999,SAU,BGD,611300
2361745,192,22,7729,2015,0.0,91042.0,2.05613,0.593065,SGP,BGD,611300
2361746,201,22,7729,2015,0.0,849.0,0.457042,1.324908,SRB,BGD,611300
2361747,206,22,7729,2015,0.0,3067.0,1.287133,0.7900560000000001,SVK,BGD,611300
2361748,207,22,7729,2015,0.0,29616.0,1.6089879999999999,0.833616,SVN,BGD,611300
2361749,208,22,7729,2015,0.0,79631.0,1.8068349999999997,0.693389,SWE,BGD,611300
2361750,216,22,7729,2015,0.0,21644.0,0.965888,1.368572,THA,BGD,611300
2361751,224,22,7729,2015,0.0,12609.0,0.438669,2.519632,TUR,BGD,611300
2361752,227,22,7729,2015,0.0,11606.0,-0.611023,0.078961,UGA,BGD,611300
2361753,228,22,7729,2015,0.0,7983.0,0.429879,0.701813,UKR,BGD,611300
2361754,231,22,7729,2015,2981.0,11231856.0,1.720478,-0.129322,USA,BGD,611300
2361755,246,22,7729,2015,0.0,213181.0,0.24944699999999997,1.7573159999999999,ZAF,BGD,611300
2361756,249,22,7729,2015,0.0,1416.0,1.962832,1.214982,TWN,BGD,611300
2361757,7,24,7729,2015,864182.0,10187.0,0.21779600000000002,-0.0047420000000000006,ARE,BHR,611300
2361758,22,24,7729,2015,5463.0,0.0,-1.088465,-0.8745360000000001,BGD,BHR,611300
2361759,23,24,7729,2015,823.0,0.0,0.45640699999999995,1.691455,BGR,BHR,611300
2361760,39,24,7729,2015,5586.0,0.0,0.695867,1.171676,CAN,BHR,611300
2361761,43,24,7729,2015,5044.0,0.0,1.077143,1.735757,CHN,BHR,611300
2361762,49,24,7729,2015,3466.0,0.0,0.156383,-0.183055,COL,BHR,611300
2361763,68,24,7729,2015,2980.0,0.0,-0.183053,1.765036,EGY,BHR,611300
2361764,71,24,7729,2015,14540.0,0.0,0.8173590000000001,2.442556,ESP,BHR,611300
2361765,77,24,7729,2015,3247.0,0.0,1.479792,0.6490239999999999,FRA,BHR,611300
2361766,81,24,7729,2015,4399.0,1171.0,1.7422990000000003,0.75838,GBR,BHR,611300
2361767,100,24,7729,2015,5540.0,0.0,0.7590140000000001,1.257415,HRV,BHR,611300
2361768,103,24,7729,2015,9761.0,0.0,-0.145103,1.277362,IDN,BHR,611300
2361769,104,24,7729,2015,9893.0,0.0,0.24230900000000002,2.8190880000000003,IND,BHR,611300
2361770,111,24,7729,2015,14241.0,0.0,1.321127,0.747046,ITA,BHR,611300
2361771,113,24,7729,2015,739330.0,0.0,0.121172,0.457301,JOR,BHR,611300
2361772,118,24,7729,2015,21567.0,0.0,-0.791985,-0.833046,KHM,BHR,611300
2361773,121,24,7729,2015,1729.0,0.0,1.900653,0.859406,KOR,BHR,611300
2361774,122,24,7729,2015,197422.0,0.0,-0.352023,-1.153057,KWT,BHR,611300
2361775,130,24,7729,2015,3401.0,0.0,0.749429,1.3659860000000001,LTU,BHR,611300
2361776,134,24,7729,2015,2245.0,0.0,-0.7554810000000001,-0.059697,MAR,BHR,611300
2361777,168,24,7729,2015,10962.0,0.0,-0.7059979999999999,0.73501,PAK,BHR,611300
2361778,173,24,7729,2015,3478.0,0.0,-0.6007819999999999,0.32152800000000004,PER,BHR,611300
2361779,179,24,7729,2015,5102.0,0.0,0.561922,2.2276380000000002,PRT,BHR,611300
2361780,183,24,7729,2015,5470.0,7981.0,-0.077053,-0.9922719999999999,QAT,BHR,611300
2361781,185,24,7729,2015,3639.0,0.0,0.946363,1.056775,ROU,BHR,611300
2361782,188,24,7729,2015,0.0,281027.0,0.5552520000000001,-0.7263229999999999,SAU,BHR,611300
2361783,216,24,7729,2015,166855.0,0.0,0.965888,1.368572,THA,BHR,611300
2361784,223,24,7729,2015,9589.0,0.0,0.140202,0.967591,TUN,BHR,611300
2361785,224,24,7729,2015,58027.0,0.0,0.438669,2.519632,TUR,BHR,611300
2361786,228,24,7729,2015,962.0,0.0,0.429879,0.701813,UKR,BHR,611300
2361787,231,24,7729,2015,6936.0,3096912.0,1.720478,-0.129322,USA,BHR,611300
2361788,239,24,7729,2015,5955.0,0.0,-0.17108900000000002,1.10995,VNM,BHR,611300
2361789,15,28,7729,2015,989.0,0.0,1.747098,-0.08026699999999999,AUT,BLR,611300
2361790,43,28,7729,2015,36449.0,0.0,1.077143,1.735757,CHN,BLR,611300
2361791,61,28,7729,2015,9294.0,0.0,2.203818,-2.307561,DEU,BLR,611300
2361792,72,28,7729,2015,0.0,5102.0,0.9281149999999999,1.1780389999999998,EST,BLR,611300
2361793,81,28,7729,2015,9441.0,0.0,1.7422990000000003,0.75838,GBR,BLR,611300
2361794,97,28,7729,2015,5525.0,0.0,0.8255290000000001,1.8017279999999998,HKG,BLR,611300
2361795,111,28,7729,2015,28152.0,0.0,1.321127,0.747046,ITA,BLR,611300
2361796,130,28,7729,2015,19012.0,14472.0,0.749429,1.3659860000000001,LTU,BLR,611300
2361797,132,28,7729,2015,3452.0,0.0,0.602209,1.125357,LVA,BLR,611300
2361798,135,28,7729,2015,0.0,3133.0,-0.313837,-0.20393,MDA,BLR,611300
2361799,186,28,7729,2015,13303.0,281695.0,0.23119,0.035965,RUS,BLR,611300
2361800,224,28,7729,2015,2563.0,0.0,0.438669,2.519632,TUR,BLR,611300
2361801,7,46,7729,2015,2931.0,0.0,0.21779600000000002,-0.0047420000000000006,ARE,COD,611300
2361802,15,46,7729,2015,0.0,72563.0,1.747098,-0.08026699999999999,AUT,COD,611300
2361803,18,46,7729,2015,4885.0,0.0,1.329866,1.100641,BEL,COD,611300
2361804,41,46,7729,2015,231.0,0.0,2.306075,0.720781,CHE,COD,611300
2361805,43,46,7729,2015,25394.0,0.0,1.077143,1.735757,CHN,COD,611300
2361806,77,46,7729,2015,12315.0,0.0,1.479792,0.6490239999999999,FRA,COD,611300
2361807,111,46,7729,2015,8248.0,0.0,1.321127,0.747046,ITA,COD,611300
2361808,116,46,7729,2015,4088.0,0.0,-0.453564,0.433325,KEN,COD,611300
2361809,226,46,7729,2015,4426.0,0.0,-1.02395,-0.017509999999999998,TZA,COD,611300
2361810,227,46,7729,2015,43217.0,0.0,-0.611023,0.078961,UGA,COD,611300
2361811,246,46,7729,2015,119584.0,0.0,0.24944699999999997,1.7573159999999999,ZAF,COD,611300
2361812,7,68,7729,2015,182576.0,776816.0,0.21779600000000002,-0.0047420000000000006,ARE,EGY,611300
2361813,9,68,7729,2015,0.0,552.0,0.037579,-0.42448800000000003,ARM,EGY,611300
2361814,15,68,7729,2015,1506.0,0.0,1.747098,-0.08026699999999999,AUT,EGY,611300
2361815,18,68,7729,2015,1477.0,0.0,1.329866,1.100641,BEL,EGY,611300
2361816,24,68,7729,2015,0.0,2980.0,0.36650900000000003,-0.28735,BHR,EGY,611300
2361817,43,68,7729,2015,217670.0,0.0,1.077143,1.735757,CHN,EGY,611300
2361818,61,68,7729,2015,12029.0,0.0,2.203818,-2.307561,DEU,EGY,611300
2361819,71,68,7729,2015,13008.0,1026.0,0.8173590000000001,2.442556,ESP,EGY,611300
2361820,77,68,7729,2015,1808.0,0.0,1.479792,0.6490239999999999,FRA,EGY,611300
2361821,81,68,7729,2015,44531.0,0.0,1.7422990000000003,0.75838,GBR,EGY,611300
2361822,97,68,7729,2015,98701.0,0.0,0.8255290000000001,1.8017279999999998,HKG,EGY,611300
2361823,111,68,7729,2015,87571.0,0.0,1.321127,0.747046,ITA,EGY,611300
2361824,113,68,7729,2015,2378.0,2917.0,0.121172,0.457301,JOR,EGY,611300
2361825,118,68,7729,2015,3915.0,0.0,-0.791985,-0.833046,KHM,EGY,611300
2361826,142,68,7729,2015,16106.0,0.0,0.880893,-0.117585,MLT,EGY,611300
2361827,162,68,7729,2015,2408.0,0.0,1.230104,1.27344,NLD,EGY,611300
2361828,183,68,7729,2015,0.0,2905.0,-0.077053,-0.9922719999999999,QAT,EGY,611300
2361829,188,68,7729,2015,0.0,17004.0,0.5552520000000001,-0.7263229999999999,SAU,EGY,611300
2361830,201,68,7729,2015,151266.0,0.0,0.457042,1.324908,SRB,EGY,611300
2361831,207,68,7729,2015,0.0,4628.0,1.6089879999999999,0.833616,SVN,EGY,611300
2361832,216,68,7729,2015,143306.0,0.0,0.965888,1.368572,THA,EGY,611300
2361833,224,68,7729,2015,4504.0,0.0,0.438669,2.519632,TUR,EGY,611300
2361834,231,68,7729,2015,17461.0,32809.0,1.720478,-0.129322,USA,EGY,611300
2361835,239,68,7729,2015,40064.0,0.0,-0.17108900000000002,1.10995,VNM,EGY,611300
2361836,249,68,7729,2015,9082.0,0.0,1.962832,1.214982,TWN,EGY,611300
2361837,7,74,7729,2015,0.0,2539.0,0.21779600000000002,-0.0047420000000000006,ARE,FIN,611300
2361838,14,74,7729,2015,0.0,1185.0,-0.292325,-0.043489,AUS,FIN,611300
2361839,15,74,7729,2015,75428.0,19293.0,1.747098,-0.08026699999999999,AUT,FIN,611300
2361840,18,74,7729,2015,15384.0,19666.0,1.329866,1.100641,BEL,FIN,611300
2361841,22,74,7729,2015,2415.0,0.0,-1.088465,-0.8745360000000001,BGD,FIN,611300
2361842,26,74,7729,2015,2656.0,0.0,0.355903,0.723092,BIH,FIN,611300
2361843,39,74,7729,2015,8270.0,951.0,0.695867,1.171676,CAN,FIN,611300
2361844,41,74,7729,2015,130576.0,5147.0,2.306075,0.720781,CHE,FIN,611300
2361845,43,74,7729,2015,1567027.0,7804.0,1.077143,1.735757,CHN,FIN,611300
2361846,59,74,7729,2015,9410.0,0.0,1.743012,0.45424,CZE,FIN,611300
2361847,61,74,7729,2015,310027.0,107465.0,2.203818,-2.307561,DEU,FIN,611300
2361848,64,74,7729,2015,490801.0,9717.0,1.157924,1.2045629999999998,DNK,FIN,611300
2361849,71,74,7729,2015,23213.0,2088.0,0.8173590000000001,2.442556,ESP,FIN,611300
2361850,72,74,7729,2015,108116.0,56421.0,0.9281149999999999,1.1780389999999998,EST,FIN,611300
2361851,77,74,7729,2015,133247.0,36562.0,1.479792,0.6490239999999999,FRA,FIN,611300
2361852,81,74,7729,2015,79891.0,59347.0,1.7422990000000003,0.75838,GBR,FIN,611300
2361853,97,74,7729,2015,8112.0,0.0,0.8255290000000001,1.8017279999999998,HKG,FIN,611300
2361854,100,74,7729,2015,1167.0,0.0,0.7590140000000001,1.257415,HRV,FIN,611300
2361855,103,74,7729,2015,11544.0,0.0,-0.145103,1.277362,IDN,FIN,611300
2361856,104,74,7729,2015,1113.0,0.0,0.24230900000000002,2.8190880000000003,IND,FIN,611300
2361857,109,74,7729,2015,0.0,1916.0,0.24527600000000002,-0.411616,ISL,FIN,611300
2361858,111,74,7729,2015,83178.0,51589.0,1.321127,0.747046,ITA,FIN,611300
2361859,114,74,7729,2015,0.0,1903.0,2.516133,-0.484202,JPN,FIN,611300
2361860,118,74,7729,2015,12513.0,0.0,-0.791985,-0.833046,KHM,FIN,611300
2361861,121,74,7729,2015,6104.0,75614.0,1.900653,0.859406,KOR,FIN,611300
2361862,128,74,7729,2015,2435.0,0.0,-0.6773399999999999,0.386343,LKA,FIN,611300
2361863,130,74,7729,2015,23205.0,3955.0,0.749429,1.3659860000000001,LTU,FIN,611300
2361864,131,74,7729,2015,0.0,1137.0,1.218924,1.247152,LUX,FIN,611300
2361865,132,74,7729,2015,1610.0,5503.0,0.602209,1.125357,LVA,FIN,611300
2361866,135,74,7729,2015,1839.0,0.0,-0.313837,-0.20393,MDA,FIN,611300
2361867,140,74,7729,2015,15902.0,0.0,-0.09009600000000001,-0.147359,MKD,FIN,611300
2361868,142,74,7729,2015,5849.0,0.0,0.880893,-0.117585,MLT,FIN,611300
2361869,153,74,7729,2015,1323.0,0.0,1.082803,0.811615,MYS,FIN,611300
2361870,162,74,7729,2015,296157.0,82348.0,1.230104,1.27344,NLD,FIN,611300
2361871,163,74,7729,2015,50580.0,21546.0,0.950708,0.314339,NOR,FIN,611300
2361872,166,74,7729,2015,0.0,8670.0,0.224598,0.253179,NZL,FIN,611300
2361873,168,74,7729,2015,8136.0,0.0,-0.7059979999999999,0.73501,PAK,FIN,611300
2361874,174,74,7729,2015,1039.0,0.0,0.6406270000000001,0.45770200000000005,PHL,FIN,611300
2361875,177,74,7729,2015,33151.0,16145.0,1.145844,1.1449280000000002,POL,FIN,611300
2361876,185,74,7729,2015,8187.0,6510.0,0.946363,1.056775,ROU,FIN,611300
2361877,186,74,7729,2015,0.0,145411.0,0.23119,0.035965,RUS,FIN,611300
2361878,192,74,7729,2015,0.0,3691.0,2.05613,0.593065,SGP,FIN,611300
2361879,206,74,7729,2015,0.0,1223.0,1.287133,0.7900560000000001,SVK,FIN,611300
2361880,208,74,7729,2015,2043815.0,132354.0,1.8068349999999997,0.693389,SWE,FIN,611300
2361881,216,74,7729,2015,33066.0,0.0,0.965888,1.368572,THA,FIN,611300
2361882,224,74,7729,2015,2478.0,2854.0,0.438669,2.519632,TUR,FIN,611300
2361883,231,74,7729,2015,2466.0,3747.0,1.720478,-0.129322,USA,FIN,611300
2361884,239,74,7729,2015,5455.0,0.0,-0.17108900000000002,1.10995,VNM,FIN,611300
2361885,249,74,7729,2015,2418.0,0.0,1.962832,1.214982,TWN,FIN,611300
2361886,7,82,7729,2015,1036195.0,319.0,0.21779600000000002,-0.0047420000000000006,ARE,GEO,611300
2361887,9,82,7729,2015,0.0,3968.0,0.037579,-0.42448800000000003,ARM,GEO,611300
2361888,61,82,7729,2015,12387.0,0.0,2.203818,-2.307561,DEU,GEO,611300
2361889,71,82,7729,2015,3894.0,0.0,0.8173590000000001,2.442556,ESP,GEO,611300
2361890,111,82,7729,2015,2783.0,0.0,1.321127,0.747046,ITA,GEO,611300
2361891,192,82,7729,2015,2156.0,0.0,2.05613,0.593065,SGP,GEO,611300
2361892,224,82,7729,2015,2219.0,0.0,0.438669,2.519632,TUR,GEO,611300
2361893,7,90,7729,2015,0.0,7286.0,0.21779600000000002,-0.0047420000000000006,ARE,GRC,611300
2361894,15,90,7729,2015,51883.0,998.0,1.747098,-0.08026699999999999,AUT,GRC,611300
2361895,18,90,7729,2015,20761.0,0.0,1.329866,1.100641,BEL,GRC,611300
2361896,22,90,7729,2015,34803.0,0.0,-1.088465,-0.8745360000000001,BGD,GRC,611300
2361897,23,90,7729,2015,20469.0,121454.0,0.45640699999999995,1.691455,BGR,GRC,611300
2361898,41,90,7729,2015,0.0,1735.0,2.306075,0.720781,CHE,GRC,611300
2361899,43,90,7729,2015,335171.0,0.0,1.077143,1.735757,CHN,GRC,611300
2361900,58,90,7729,2015,0.0,6257.0,0.511225,-0.207261,CYP,GRC,611300
2361901,61,90,7729,2015,95910.0,28965.0,2.203818,-2.307561,DEU,GRC,611300
2361902,64,90,7729,2015,21389.0,0.0,1.157924,1.2045629999999998,DNK,GRC,611300
2361903,71,90,7729,2015,769431.0,7432.0,0.8173590000000001,2.442556,ESP,GRC,611300
2361904,77,90,7729,2015,113016.0,1160.0,1.479792,0.6490239999999999,FRA,GRC,611300
2361905,81,90,7729,2015,130893.0,0.0,1.7422990000000003,0.75838,GBR,GRC,611300
2361906,100,90,7729,2015,242263.0,4585.0,0.7590140000000001,1.257415,HRV,GRC,611300
2361907,110,90,7729,2015,0.0,1893.0,1.260071,0.545545,ISR,GRC,611300
2361908,111,90,7729,2015,135912.0,54062.0,1.321127,0.747046,ITA,GRC,611300
2361909,118,90,7729,2015,10517.0,0.0,-0.791985,-0.833046,KHM,GRC,611300
2361910,122,90,7729,2015,0.0,5260.0,-0.352023,-1.153057,KWT,GRC,611300
2361911,125,90,7729,2015,0.0,1506.0,-1.087459,-1.195708,LBR,GRC,611300
2361912,142,90,7729,2015,15074.0,0.0,0.880893,-0.117585,MLT,GRC,611300
2361913,162,90,7729,2015,44694.0,10007.0,1.230104,1.27344,NLD,GRC,611300
2361914,163,90,7729,2015,0.0,884.0,0.950708,0.314339,NOR,GRC,611300
2361915,174,90,7729,2015,1645.0,1386.0,0.6406270000000001,0.45770200000000005,PHL,GRC,611300
2361916,185,90,7729,2015,2181.0,53499.0,0.946363,1.056775,ROU,GRC,611300
2361917,188,90,7729,2015,0.0,9765.0,0.5552520000000001,-0.7263229999999999,SAU,GRC,611300
2361918,207,90,7729,2015,0.0,2329.0,1.6089879999999999,0.833616,SVN,GRC,611300
2361919,208,90,7729,2015,3453.0,0.0,1.8068349999999997,0.693389,SWE,GRC,611300
2361920,216,90,7729,2015,2088.0,0.0,0.965888,1.368572,THA,GRC,611300
2361921,224,90,7729,2015,4148.0,0.0,0.438669,2.519632,TUR,GRC,611300
2361922,231,90,7729,2015,0.0,11675.0,1.720478,-0.129322,USA,GRC,611300
2361923,239,90,7729,2015,3096.0,0.0,-0.17108900000000002,1.10995,VNM,GRC,611300
2361924,249,90,7729,2015,10716.0,0.0,1.962832,1.214982,TWN,GRC,611300
2361925,7,100,7729,2015,0.0,4435.0,0.21779600000000002,-0.0047420000000000006,ARE,HRV,611300
2361926,15,100,7729,2015,27522.0,199543.0,1.747098,-0.08026699999999999,AUT,HRV,611300
2361927,18,100,7729,2015,27374.0,59741.0,1.329866,1.100641,BEL,HRV,611300
2361928,23,100,7729,2015,150649.0,4809.0,0.45640699999999995,1.691455,BGR,HRV,611300
2361929,24,100,7729,2015,0.0,5540.0,0.36650900000000003,-0.28735,BHR,HRV,611300
2361930,26,100,7729,2015,0.0,7346.0,0.355903,0.723092,BIH,HRV,611300
2361931,32,100,7729,2015,0.0,9845.0,0.23656799999999997,0.688607,BRA,HRV,611300
2361932,41,100,7729,2015,1835.0,0.0,2.306075,0.720781,CHE,HRV,611300
2361933,43,100,7729,2015,449033.0,3383.0,1.077143,1.735757,CHN,HRV,611300
2361934,58,100,7729,2015,0.0,22355.0,0.511225,-0.207261,CYP,HRV,611300
2361935,59,100,7729,2015,6110.0,47645.0,1.743012,0.45424,CZE,HRV,611300
2361936,61,100,7729,2015,193937.0,262467.0,2.203818,-2.307561,DEU,HRV,611300
2361937,64,100,7729,2015,33657.0,0.0,1.157924,1.2045629999999998,DNK,HRV,611300
2361938,71,100,7729,2015,127337.0,809633.0,0.8173590000000001,2.442556,ESP,HRV,611300
2361939,74,100,7729,2015,0.0,1167.0,1.597817,0.998059,FIN,HRV,611300
2361940,77,100,7729,2015,48066.0,866721.0,1.479792,0.6490239999999999,FRA,HRV,611300
2361941,81,100,7729,2015,6279.0,97910.0,1.7422990000000003,0.75838,GBR,HRV,611300
2361942,90,100,7729,2015,4585.0,242263.0,0.099027,1.012289,GRC,HRV,611300
2361943,102,100,7729,2015,38477.0,59088.0,1.462839,0.803258,HUN,HRV,611300
2361944,111,100,7729,2015,826072.0,2659018.0,1.321127,0.747046,ITA,HRV,611300
2361945,118,100,7729,2015,805.0,0.0,-0.791985,-0.833046,KHM,HRV,611300
2361946,131,100,7729,2015,0.0,6861.0,1.218924,1.247152,LUX,HRV,611300
2361947,132,100,7729,2015,0.0,6941.0,0.602209,1.125357,LVA,HRV,611300
2361948,144,100,7729,2015,0.0,4634.0,-0.048385000000000004,-0.150759,MNE,HRV,611300
2361949,162,100,7729,2015,24529.0,1544.0,1.230104,1.27344,NLD,HRV,611300
2361950,163,100,7729,2015,17879.0,919.0,0.950708,0.314339,NOR,HRV,611300
2361951,174,100,7729,2015,2140.0,0.0,0.6406270000000001,0.45770200000000005,PHL,HRV,611300
2361952,177,100,7729,2015,225225.0,214906.0,1.145844,1.1449280000000002,POL,HRV,611300
2361953,179,100,7729,2015,9307.0,473273.0,0.561922,2.2276380000000002,PRT,HRV,611300
2361954,185,100,7729,2015,1742650.0,19414.0,0.946363,1.056775,ROU,HRV,611300
2361955,206,100,7729,2015,0.0,18154.0,1.287133,0.7900560000000001,SVK,HRV,611300
2361956,207,100,7729,2015,106670.0,54593.0,1.6089879999999999,0.833616,SVN,HRV,611300
2361957,208,100,7729,2015,16710.0,12589.0,1.8068349999999997,0.693389,SWE,HRV,611300
2361958,224,100,7729,2015,217912.0,0.0,0.438669,2.519632,TUR,HRV,611300
2361959,7,106,7729,2015,0.0,1309.0,0.21779600000000002,-0.0047420000000000006,ARE,IRL,611300
2361960,14,106,7729,2015,0.0,5782.0,-0.292325,-0.043489,AUS,IRL,611300
2361961,15,106,7729,2015,2915.0,0.0,1.747098,-0.08026699999999999,AUT,IRL,611300
2361962,18,106,7729,2015,1593703.0,63530.0,1.329866,1.100641,BEL,IRL,611300
2361963,39,106,7729,2015,0.0,2232.0,0.695867,1.171676,CAN,IRL,611300
2361964,41,106,7729,2015,0.0,36450.0,2.306075,0.720781,CHE,IRL,611300
2361965,43,106,7729,2015,173739.0,0.0,1.077143,1.735757,CHN,IRL,611300
2361966,61,106,7729,2015,125395.0,0.0,2.203818,-2.307561,DEU,IRL,611300
2361967,64,106,7729,2015,283223.0,53032.0,1.157924,1.2045629999999998,DNK,IRL,611300
2361968,71,106,7729,2015,239959.0,31998.0,0.8173590000000001,2.442556,ESP,IRL,611300
2361969,77,106,7729,2015,211764.0,32845.0,1.479792,0.6490239999999999,FRA,IRL,611300
2361970,81,106,7729,2015,2195842.0,90653.0,1.7422990000000003,0.75838,GBR,IRL,611300
2361971,84,106,7729,2015,0.0,10661.0,0.535143,-0.750155,GIB,IRL,611300
2361972,103,106,7729,2015,6175.0,0.0,-0.145103,1.277362,IDN,IRL,611300
2361973,104,106,7729,2015,3224.0,888.0,0.24230900000000002,2.8190880000000003,IND,IRL,611300
2361974,110,106,7729,2015,1522.0,5087.0,1.260071,0.545545,ISR,IRL,611300
2361975,111,106,7729,2015,37470.0,0.0,1.321127,0.747046,ITA,IRL,611300
2361976,114,106,7729,2015,0.0,7007.0,2.516133,-0.484202,JPN,IRL,611300
2361977,118,106,7729,2015,18092.0,0.0,-0.791985,-0.833046,KHM,IRL,611300
2361978,121,106,7729,2015,0.0,1013.0,1.900653,0.859406,KOR,IRL,611300
2361979,123,106,7729,2015,2667.0,0.0,-0.927524,-0.74525,LAO,IRL,611300
2361980,134,106,7729,2015,29447.0,0.0,-0.7554810000000001,-0.059697,MAR,IRL,611300
2361981,142,106,7729,2015,0.0,2232.0,0.880893,-0.117585,MLT,IRL,611300
2361982,153,106,7729,2015,2337.0,0.0,1.082803,0.811615,MYS,IRL,611300
2361983,162,106,7729,2015,275587.0,18040.0,1.230104,1.27344,NLD,IRL,611300
2361984,163,106,7729,2015,0.0,1046.0,0.950708,0.314339,NOR,IRL,611300
2361985,174,106,7729,2015,6122.0,0.0,0.6406270000000001,0.45770200000000005,PHL,IRL,611300
2361986,177,106,7729,2015,1448.0,0.0,1.145844,1.1449280000000002,POL,IRL,611300
2361987,179,106,7729,2015,0.0,34118.0,0.561922,2.2276380000000002,PRT,IRL,611300
2361988,185,106,7729,2015,988.0,0.0,0.946363,1.056775,ROU,IRL,611300
2361989,208,106,7729,2015,6181.0,0.0,1.8068349999999997,0.693389,SWE,IRL,611300
2361990,216,106,7729,2015,36356.0,1009.0,0.965888,1.368572,THA,IRL,611300
2361991,224,106,7729,2015,2689.0,0.0,0.438669,2.519632,TUR,IRL,611300
2361992,231,106,7729,2015,2715.0,19954.0,1.720478,-0.129322,USA,IRL,611300
2361993,239,106,7729,2015,19102.0,0.0,-0.17108900000000002,1.10995,VNM,IRL,611300
2361994,250,106,7729,2015,0.0,22324.0,0.377283,-0.092204,ANS,IRL,611300
2361995,1,107,7729,2015,0.0,2227.0,-1.249655,-0.9094459999999999,AFG,IRN,611300
2361996,7,107,7729,2015,1500806.0,0.0,0.21779600000000002,-0.0047420000000000006,ARE,IRN,611300
2361997,43,107,7729,2015,20135.0,0.0,1.077143,1.735757,CHN,IRN,611300
2361998,61,107,7729,2015,0.0,1461.0,2.203818,-2.307561,DEU,IRN,611300
2361999,97,107,7729,2015,7426.0,0.0,0.8255290000000001,1.8017279999999998,HKG,IRN,611300
2362000,104,107,7729,2015,33942.0,0.0,0.24230900000000002,2.8190880000000003,IND,IRN,611300
2362001,111,107,7729,2015,1771.0,0.0,1.321127,0.747046,ITA,IRN,611300
2362002,167,107,7729,2015,2189720.0,0.0,-0.4699,-1.00451,OMN,IRN,611300
2362003,224,107,7729,2015,928.0,0.0,0.438669,2.519632,TUR,IRN,611300
2362004,7,108,7729,2015,18837920.0,0.0,0.21779600000000002,-0.0047420000000000006,ARE,IRQ,611300
2362005,64,108,7729,2015,1993.0,0.0,1.157924,1.2045629999999998,DNK,IRQ,611300
2362006,81,108,7729,2015,11219.0,0.0,1.7422990000000003,0.75838,GBR,IRQ,611300
2362007,224,108,7729,2015,7406.0,0.0,0.438669,2.519632,TUR,IRQ,611300
2362008,7,115,7729,2015,65084.0,0.0,0.21779600000000002,-0.0047420000000000006,ARE,KAZ,611300
2362009,15,115,7729,2015,3844.0,0.0,1.747098,-0.08026699999999999,AUT,KAZ,611300
2362010,22,115,7729,2015,2185.0,0.0,-1.088465,-0.8745360000000001,BGD,KAZ,611300
2362011,43,115,7729,2015,53531.0,0.0,1.077143,1.735757,CHN,KAZ,611300
2362012,61,115,7729,2015,103017.0,0.0,2.203818,-2.307561,DEU,KAZ,611300
2362013,71,115,7729,2015,9740.0,0.0,0.8173590000000001,2.442556,ESP,KAZ,611300
2362014,81,115,7729,2015,23254.0,0.0,1.7422990000000003,0.75838,GBR,KAZ,611300
2362015,111,115,7729,2015,283615.0,0.0,1.321127,0.747046,ITA,KAZ,611300
2362016,117,115,7729,2015,0.0,1096.0,0.02058,0.438692,KGZ,KAZ,611300
2362017,186,115,7729,2015,70057.0,1690.0,0.23119,0.035965,RUS,KAZ,611300
2362018,224,115,7729,2015,6534.0,0.0,0.438669,2.519632,TUR,KAZ,611300
2362019,231,115,7729,2015,5725.0,0.0,1.720478,-0.129322,USA,KAZ,611300
2362020,239,115,7729,2015,3451.0,0.0,-0.17108900000000002,1.10995,VNM,KAZ,611300
2362021,7,116,7729,2015,26230080.0,0.0,0.21779600000000002,-0.0047420000000000006,ARE,KEN,611300
2362022,22,116,7729,2015,2904.0,0.0,-1.088465,-0.8745360000000001,BGD,KEN,611300
2362023,43,116,7729,2015,61641.0,0.0,1.077143,1.735757,CHN,KEN,611300
2362024,46,116,7729,2015,0.0,4088.0,-1.3921290000000002,-1.146549,COD,KEN,611300
2362025,61,116,7729,2015,2265.0,5495.0,2.203818,-2.307561,DEU,KEN,611300
2362026,81,116,7729,2015,11218.0,8055.0,1.7422990000000003,0.75838,GBR,KEN,611300
2362027,104,116,7729,2015,4026.0,0.0,0.24230900000000002,2.8190880000000003,IND,KEN,611300
2362028,111,116,7729,2015,1761.0,0.0,1.321127,0.747046,ITA,KEN,611300
2362029,187,116,7729,2015,0.0,9017.0,-0.755738,-0.4423,RWA,KEN,611300
2362030,226,116,7729,2015,0.0,28385.0,-1.02395,-0.017509999999999998,TZA,KEN,611300
2362031,227,116,7729,2015,0.0,2060.0,-0.611023,0.078961,UGA,KEN,611300
2362032,231,116,7729,2015,0.0,5884710.0,1.720478,-0.129322,USA,KEN,611300
2362033,246,116,7729,2015,1728.0,0.0,0.24944699999999997,1.7573159999999999,ZAF,KEN,611300
2362034,249,116,7729,2015,0.0,56807.0,1.962832,1.214982,TWN,KEN,611300
2362035,7,117,7729,2015,147212.0,0.0,0.21779600000000002,-0.0047420000000000006,ARE,KGZ,611300
2362036,61,117,7729,2015,4178.0,0.0,2.203818,-2.307561,DEU,KGZ,611300
2362037,115,117,7729,2015,1096.0,0.0,-0.45091499999999995,-0.652026,KAZ,KGZ,611300
2362038,186,117,7729,2015,3173.0,0.0,0.23119,0.035965,RUS,KGZ,611300
2362039,249,117,7729,2015,933.0,0.0,1.962832,1.214982,TWN,KGZ,611300
2362040,7,124,7729,2015,2119280.0,3164603.0,0.21779600000000002,-0.0047420000000000006,ARE,LBN,611300
2362041,9,124,7729,2015,0.0,1993.0,0.037579,-0.42448800000000003,ARM,LBN,611300
2362042,15,124,7729,2015,2940.0,0.0,1.747098,-0.08026699999999999,AUT,LBN,611300
2362043,18,124,7729,2015,9237.0,0.0,1.329866,1.100641,BEL,LBN,611300
2362044,22,124,7729,2015,2572.0,0.0,-1.088465,-0.8745360000000001,BGD,LBN,611300
2362045,23,124,7729,2015,4797.0,0.0,0.45640699999999995,1.691455,BGR,LBN,611300
2362046,43,124,7729,2015,19429.0,0.0,1.077143,1.735757,CHN,LBN,611300
2362047,61,124,7729,2015,25992.0,0.0,2.203818,-2.307561,DEU,LBN,611300
2362048,64,124,7729,2015,1794.0,0.0,1.157924,1.2045629999999998,DNK,LBN,611300
2362049,71,124,7729,2015,42042.0,0.0,0.8173590000000001,2.442556,ESP,LBN,611300
2362050,77,124,7729,2015,80205.0,0.0,1.479792,0.6490239999999999,FRA,LBN,611300
2362051,81,124,7729,2015,10099.0,0.0,1.7422990000000003,0.75838,GBR,LBN,611300
2362052,97,124,7729,2015,22192.0,0.0,0.8255290000000001,1.8017279999999998,HKG,LBN,611300
2362053,111,124,7729,2015,236681.0,0.0,1.321127,0.747046,ITA,LBN,611300
2362054,113,124,7729,2015,0.0,158849.0,0.121172,0.457301,JOR,LBN,611300
2362055,118,124,7729,2015,38490.0,0.0,-0.791985,-0.833046,KHM,LBN,611300
2362056,128,124,7729,2015,15290.0,0.0,-0.6773399999999999,0.386343,LKA,LBN,611300
2362057,167,124,7729,2015,0.0,6595.0,-0.4699,-1.00451,OMN,LBN,611300
2362058,216,124,7729,2015,79318.0,0.0,0.965888,1.368572,THA,LBN,611300
2362059,231,124,7729,2015,25084.0,0.0,1.720478,-0.129322,USA,LBN,611300
2362060,239,124,7729,2015,4305.0,0.0,-0.17108900000000002,1.10995,VNM,LBN,611300
2362061,7,128,7729,2015,14975.0,78195.0,0.21779600000000002,-0.0047420000000000006,ARE,LKA,611300
2362062,14,128,7729,2015,0.0,7577.0,-0.292325,-0.043489,AUS,LKA,611300
2362063,15,128,7729,2015,870.0,8569.0,1.747098,-0.08026699999999999,AUT,LKA,611300
2362064,39,128,7729,2015,0.0,52985.0,0.695867,1.171676,CAN,LKA,611300
2362065,42,128,7729,2015,0.0,2608.0,-0.356167,-0.47629399999999994,CHL,LKA,611300
2362066,43,128,7729,2015,1903.0,51099.0,1.077143,1.735757,CHN,LKA,611300
2362067,59,128,7729,2015,0.0,10054.0,1.743012,0.45424,CZE,LKA,611300
2362068,61,128,7729,2015,0.0,48670.0,2.203818,-2.307561,DEU,LKA,611300
2362069,71,128,7729,2015,0.0,7998.0,0.8173590000000001,2.442556,ESP,LKA,611300
2362070,74,128,7729,2015,0.0,2435.0,1.597817,0.998059,FIN,LKA,611300
2362071,77,128,7729,2015,0.0,67781.0,1.479792,0.6490239999999999,FRA,LKA,611300
2362072,81,128,7729,2015,0.0,35143.0,1.7422990000000003,0.75838,GBR,LKA,611300
2362073,97,128,7729,2015,3490.0,12405.0,0.8255290000000001,1.8017279999999998,HKG,LKA,611300
2362074,102,128,7729,2015,0.0,4179.0,1.462839,0.803258,HUN,LKA,611300
2362075,104,128,7729,2015,1408.0,0.0,0.24230900000000002,2.8190880000000003,IND,LKA,611300
2362076,110,128,7729,2015,0.0,80297.0,1.260071,0.545545,ISR,LKA,611300
2362077,122,128,7729,2015,0.0,2410.0,-0.352023,-1.153057,KWT,LKA,611300
2362078,124,128,7729,2015,0.0,15290.0,0.317355,1.330374,LBN,LKA,611300
2362079,138,128,7729,2015,0.0,24771.0,1.169724,0.61457,MEX,LKA,611300
2362080,145,128,7729,2015,0.0,745.0,-1.244368,-1.196677,MNG,LKA,611300
2362081,153,128,7729,2015,0.0,23119.0,1.082803,0.811615,MYS,LKA,611300
2362082,163,128,7729,2015,0.0,3169.0,0.950708,0.314339,NOR,LKA,611300
2362083,169,128,7729,2015,0.0,28255.0,0.642058,0.833392,PAN,LKA,611300
2362084,173,128,7729,2015,0.0,6116.0,-0.6007819999999999,0.32152800000000004,PER,LKA,611300
2362085,174,128,7729,2015,0.0,4708.0,0.6406270000000001,0.45770200000000005,PHL,LKA,611300
2362086,177,128,7729,2015,0.0,7752.0,1.145844,1.1449280000000002,POL,LKA,611300
2362087,183,128,7729,2015,0.0,2016.0,-0.077053,-0.9922719999999999,QAT,LKA,611300
2362088,186,128,7729,2015,0.0,55088.0,0.23119,0.035965,RUS,LKA,611300
2362089,192,128,7729,2015,0.0,4692.0,2.05613,0.593065,SGP,LKA,611300
2362090,206,128,7729,2015,0.0,2500.0,1.287133,0.7900560000000001,SVK,LKA,611300
2362091,208,128,7729,2015,0.0,4962.0,1.8068349999999997,0.693389,SWE,LKA,611300
2362092,216,128,7729,2015,5465.0,1406.0,0.965888,1.368572,THA,LKA,611300
2362093,224,128,7729,2015,0.0,17966.0,0.438669,2.519632,TUR,LKA,611300
2362094,230,128,7729,2015,0.0,2348.0,0.273876,-0.363695,URY,LKA,611300
2362095,231,128,7729,2015,0.0,2160472.0,1.720478,-0.129322,USA,LKA,611300
2362096,249,128,7729,2015,0.0,1730.0,1.962832,1.214982,TWN,LKA,611300
2362097,7,130,7729,2015,0.0,3713.0,0.21779600000000002,-0.0047420000000000006,ARE,LTU,611300
2362098,14,130,7729,2015,0.0,5941.0,-0.292325,-0.043489,AUS,LTU,611300
2362099,15,130,7729,2015,3524.0,17697.0,1.747098,-0.08026699999999999,AUT,LTU,611300
2362100,18,130,7729,2015,4848.0,0.0,1.329866,1.100641,BEL,LTU,611300
2362101,24,130,7729,2015,0.0,3401.0,0.36650900000000003,-0.28735,BHR,LTU,611300
2362102,28,130,7729,2015,14472.0,19012.0,0.672499,0.5584020000000001,BLR,LTU,611300
2362103,39,130,7729,2015,5806.0,63936.0,0.695867,1.171676,CAN,LTU,611300
2362104,41,130,7729,2015,0.0,64238.0,2.306075,0.720781,CHE,LTU,611300
2362105,43,130,7729,2015,158955.0,0.0,1.077143,1.735757,CHN,LTU,611300
2362106,59,130,7729,2015,1303.0,13638.0,1.743012,0.45424,CZE,LTU,611300
2362107,61,130,7729,2015,132836.0,117567.0,2.203818,-2.307561,DEU,LTU,611300
2362108,64,130,7729,2015,53572.0,703139.0,1.157924,1.2045629999999998,DNK,LTU,611300
2362109,71,130,7729,2015,53836.0,0.0,0.8173590000000001,2.442556,ESP,LTU,611300
2362110,72,130,7729,2015,17257.0,1113.0,0.9281149999999999,1.1780389999999998,EST,LTU,611300
2362111,74,130,7729,2015,3955.0,23205.0,1.597817,0.998059,FIN,LTU,611300
2362112,77,130,7729,2015,36243.0,0.0,1.479792,0.6490239999999999,FRA,LTU,611300
2362113,81,130,7729,2015,42131.0,0.0,1.7422990000000003,0.75838,GBR,LTU,611300
2362114,92,130,7729,2015,0.0,2131.0,-1.017707,-0.913467,GRL,LTU,611300
2362115,97,130,7729,2015,69900.0,0.0,0.8255290000000001,1.8017279999999998,HKG,LTU,611300
2362116,109,130,7729,2015,0.0,21126.0,0.24527600000000002,-0.411616,ISL,LTU,611300
2362117,111,130,7729,2015,49275.0,29449.0,1.321127,0.747046,ITA,LTU,611300
2362118,114,130,7729,2015,0.0,6422.0,2.516133,-0.484202,JPN,LTU,611300
2362119,132,130,7729,2015,8308.0,14805.0,0.602209,1.125357,LVA,LTU,611300
2362120,162,130,7729,2015,28276.0,14337.0,1.230104,1.27344,NLD,LTU,611300
2362121,163,130,7729,2015,0.0,211385.0,0.950708,0.314339,NOR,LTU,611300
2362122,166,130,7729,2015,0.0,1270.0,0.224598,0.253179,NZL,LTU,611300
2362123,177,130,7729,2015,140675.0,0.0,1.145844,1.1449280000000002,POL,LTU,611300
2362124,186,130,7729,2015,0.0,40211.0,0.23119,0.035965,RUS,LTU,611300
2362125,192,130,7729,2015,0.0,394883.0,2.05613,0.593065,SGP,LTU,611300
2362126,207,130,7729,2015,111937.0,0.0,1.6089879999999999,0.833616,SVN,LTU,611300
2362127,208,130,7729,2015,15092.0,0.0,1.8068349999999997,0.693389,SWE,LTU,611300
2362128,216,130,7729,2015,9142.0,0.0,0.965888,1.368572,THA,LTU,611300
2362129,231,130,7729,2015,3708.0,282672.0,1.720478,-0.129322,USA,LTU,611300
2362130,239,130,7729,2015,0.0,2347.0,-0.17108900000000002,1.10995,VNM,LTU,611300
2362131,246,130,7729,2015,0.0,16462.0,0.24944699999999997,1.7573159999999999,ZAF,LTU,611300
2362132,7,131,7729,2015,17607.0,0.0,0.21779600000000002,-0.0047420000000000006,ARE,LUX,611300
2362133,15,131,7729,2015,2037.0,0.0,1.747098,-0.08026699999999999,AUT,LUX,611300
2362134,18,131,7729,2015,56084.0,3957.0,1.329866,1.100641,BEL,LUX,611300
2362135,23,131,7729,2015,50560.0,0.0,0.45640699999999995,1.691455,BGR,LUX,611300
2362136,43,131,7729,2015,9707.0,0.0,1.077143,1.735757,CHN,LUX,611300
2362137,61,131,7729,2015,296067.0,4801.0,2.203818,-2.307561,DEU,LUX,611300
2362138,64,131,7729,2015,32927.0,0.0,1.157924,1.2045629999999998,DNK,LUX,611300
2362139,71,131,7729,2015,23709.0,1073.0,0.8173590000000001,2.442556,ESP,LUX,611300
2362140,74,131,7729,2015,1137.0,0.0,1.597817,0.998059,FIN,LUX,611300
2362141,77,131,7729,2015,74545.0,1939.0,1.479792,0.6490239999999999,FRA,LUX,611300
2362142,81,131,7729,2015,7675.0,1392780.0,1.7422990000000003,0.75838,GBR,LUX,611300
2362143,97,131,7729,2015,2266.0,0.0,0.8255290000000001,1.8017279999999998,HKG,LUX,611300
2362144,100,131,7729,2015,6861.0,0.0,0.7590140000000001,1.257415,HRV,LUX,611300
2362145,111,131,7729,2015,23422.0,0.0,1.321127,0.747046,ITA,LUX,611300
2362146,118,131,7729,2015,863.0,0.0,-0.791985,-0.833046,KHM,LUX,611300
2362147,162,131,7729,2015,32487.0,3970.0,1.230104,1.27344,NLD,LUX,611300
2362148,206,131,7729,2015,1580.0,0.0,1.287133,0.7900560000000001,SVK,LUX,611300
2362149,224,131,7729,2015,1174.0,0.0,0.438669,2.519632,TUR,LUX,611300
2362150,239,131,7729,2015,8685.0,0.0,-0.17108900000000002,1.10995,VNM,LUX,611300
2362151,250,131,7729,2015,12629.0,0.0,0.377283,-0.092204,ANS,LUX,611300
2362152,9,132,7729,2015,0.0,2002.0,0.037579,-0.42448800000000003,ARM,LVA,611300
2362153,15,132,7729,2015,15788.0,534796.0,1.747098,-0.08026699999999999,AUT,LVA,611300
2362154,18,132,7729,2015,104447.0,0.0,1.329866,1.100641,BEL,LVA,611300
2362155,28,132,7729,2015,0.0,3452.0,0.672499,0.5584020000000001,BLR,LVA,611300
2362156,32,132,7729,2015,29114.0,0.0,0.23656799999999997,0.688607,BRA,LVA,611300
2362157,39,132,7729,2015,0.0,11592.0,0.695867,1.171676,CAN,LVA,611300
2362158,41,132,7729,2015,0.0,2073440.0,2.306075,0.720781,CHE,LVA,611300
2362159,43,132,7729,2015,31231.0,0.0,1.077143,1.735757,CHN,LVA,611300
2362160,59,132,7729,2015,2081.0,93352.0,1.743012,0.45424,CZE,LVA,611300
2362161,61,132,7729,2015,103497.0,5323872.0,2.203818,-2.307561,DEU,LVA,611300
2362162,64,132,7729,2015,161592.0,418316.0,1.157924,1.2045629999999998,DNK,LVA,611300
2362163,71,132,7729,2015,27334.0,14131.0,0.8173590000000001,2.442556,ESP,LVA,611300
2362164,72,132,7729,2015,17769.0,25625.0,0.9281149999999999,1.1780389999999998,EST,LVA,611300
2362165,74,132,7729,2015,5503.0,1610.0,1.597817,0.998059,FIN,LVA,611300
2362166,77,132,7729,2015,21528.0,17835.0,1.479792,0.6490239999999999,FRA,LVA,611300
2362167,81,132,7729,2015,69923.0,0.0,1.7422990000000003,0.75838,GBR,LVA,611300
2362168,100,132,7729,2015,6941.0,0.0,0.7590140000000001,1.257415,HRV,LVA,611300
2362169,109,132,7729,2015,0.0,5973.0,0.24527600000000002,-0.411616,ISL,LVA,611300
2362170,111,132,7729,2015,29518.0,0.0,1.321127,0.747046,ITA,LVA,611300
2362171,114,132,7729,2015,0.0,158276.0,2.516133,-0.484202,JPN,LVA,611300
2362172,121,132,7729,2015,0.0,234371.0,1.900653,0.859406,KOR,LVA,611300
2362173,130,132,7729,2015,14805.0,8308.0,0.749429,1.3659860000000001,LTU,LVA,611300
2362174,142,132,7729,2015,9144.0,0.0,0.880893,-0.117585,MLT,LVA,611300
2362175,162,132,7729,2015,11593.0,3073.0,1.230104,1.27344,NLD,LVA,611300
2362176,163,132,7729,2015,0.0,177858.0,0.950708,0.314339,NOR,LVA,611300
2362177,177,132,7729,2015,153086.0,0.0,1.145844,1.1449280000000002,POL,LVA,611300
2362178,186,132,7729,2015,4206.0,21998.0,0.23119,0.035965,RUS,LVA,611300
2362179,207,132,7729,2015,0.0,14207.0,1.6089879999999999,0.833616,SVN,LVA,611300
2362180,208,132,7729,2015,55315.0,0.0,1.8068349999999997,0.693389,SWE,LVA,611300
2362181,216,132,7729,2015,130630.0,0.0,0.965888,1.368572,THA,LVA,611300
2362182,231,132,7729,2015,3723.0,224386.0,1.720478,-0.129322,USA,LVA,611300
2362183,239,132,7729,2015,1377.0,0.0,-0.17108900000000002,1.10995,VNM,LVA,611300
2362184,249,132,7729,2015,1935.0,959.0,1.962832,1.214982,TWN,LVA,611300
2362185,7,140,7729,2015,2088.0,1923.0,0.21779600000000002,-0.0047420000000000006,ARE,MKD,611300
2362186,15,140,7729,2015,0.0,25555.0,1.747098,-0.08026699999999999,AUT,MKD,611300
2362187,22,140,7729,2015,251.0,0.0,-1.088465,-0.8745360000000001,BGD,MKD,611300
2362188,23,140,7729,2015,1853.0,0.0,0.45640699999999995,1.691455,BGR,MKD,611300
2362189,39,140,7729,2015,0.0,1011.0,0.695867,1.171676,CAN,MKD,611300
2362190,41,140,7729,2015,0.0,9513.0,2.306075,0.720781,CHE,MKD,611300
2362191,43,140,7729,2015,16806.0,0.0,1.077143,1.735757,CHN,MKD,611300
2362192,61,140,7729,2015,10303.0,344229.0,2.203818,-2.307561,DEU,MKD,611300
2362193,71,140,7729,2015,2243.0,0.0,0.8173590000000001,2.442556,ESP,MKD,611300
2362194,74,140,7729,2015,0.0,15902.0,1.597817,0.998059,FIN,MKD,611300
2362195,77,140,7729,2015,0.0,13010.0,1.479792,0.6490239999999999,FRA,MKD,611300
2362196,163,140,7729,2015,0.0,1941.0,0.950708,0.314339,NOR,MKD,611300
2362197,201,140,7729,2015,1213.0,0.0,0.457042,1.324908,SRB,MKD,611300
2362198,7,142,7729,2015,0.0,2457.0,0.21779600000000002,-0.0047420000000000006,ARE,MLT,611300
2362199,14,142,7729,2015,0.0,7006.0,-0.292325,-0.043489,AUS,MLT,611300
2362200,18,142,7729,2015,1001.0,0.0,1.329866,1.100641,BEL,MLT,611300
2362201,23,142,7729,2015,0.0,13405.0,0.45640699999999995,1.691455,BGR,MLT,611300
2362202,39,142,7729,2015,0.0,258206.0,0.695867,1.171676,CAN,MLT,611300
2362203,41,142,7729,2015,840.0,142744.0,2.306075,0.720781,CHE,MLT,611300
2362204,43,142,7729,2015,0.0,17296.0,1.077143,1.735757,CHN,MLT,611300
2362205,59,142,7729,2015,0.0,20186.0,1.743012,0.45424,CZE,MLT,611300
2362206,61,142,7729,2015,4286.0,31304.0,2.203818,-2.307561,DEU,MLT,611300
2362207,64,142,7729,2015,16379.0,62334.0,1.157924,1.2045629999999998,DNK,MLT,611300
2362208,68,142,7729,2015,0.0,16106.0,-0.183053,1.765036,EGY,MLT,611300
2362209,71,142,7729,2015,27402.0,59649.0,0.8173590000000001,2.442556,ESP,MLT,611300
2362210,74,142,7729,2015,0.0,5849.0,1.597817,0.998059,FIN,MLT,611300
2362211,77,142,7729,2015,33226.0,12613.0,1.479792,0.6490239999999999,FRA,MLT,611300
2362212,81,142,7729,2015,20417.0,0.0,1.7422990000000003,0.75838,GBR,MLT,611300
2362213,90,142,7729,2015,0.0,15074.0,0.099027,1.012289,GRC,MLT,611300
2362214,97,142,7729,2015,0.0,39536.0,0.8255290000000001,1.8017279999999998,HKG,MLT,611300
2362215,102,142,7729,2015,0.0,8776.0,1.462839,0.803258,HUN,MLT,611300
2362216,104,142,7729,2015,1919.0,0.0,0.24230900000000002,2.8190880000000003,IND,MLT,611300
2362217,106,142,7729,2015,2232.0,0.0,1.304942,0.126431,IRL,MLT,611300
2362218,109,142,7729,2015,0.0,19515.0,0.24527600000000002,-0.411616,ISL,MLT,611300
2362219,110,142,7729,2015,0.0,2984.0,1.260071,0.545545,ISR,MLT,611300
2362220,111,142,7729,2015,23062.0,55332.0,1.321127,0.747046,ITA,MLT,611300
2362221,121,142,7729,2015,0.0,1658.0,1.900653,0.859406,KOR,MLT,611300
2362222,126,142,7729,2015,0.0,1221.0,-1.3257219999999998,-1.260453,LBY,MLT,611300
2362223,132,142,7729,2015,0.0,9144.0,0.602209,1.125357,LVA,MLT,611300
2362224,153,142,7729,2015,0.0,11871.0,1.082803,0.811615,MYS,MLT,611300
2362225,162,142,7729,2015,4574.0,262712.0,1.230104,1.27344,NLD,MLT,611300
2362226,163,142,7729,2015,0.0,147720.0,0.950708,0.314339,NOR,MLT,611300
2362227,166,142,7729,2015,0.0,4425.0,0.224598,0.253179,NZL,MLT,611300
2362228,177,142,7729,2015,0.0,89146.0,1.145844,1.1449280000000002,POL,MLT,611300
2362229,179,142,7729,2015,502616.0,1533894.0,0.561922,2.2276380000000002,PRT,MLT,611300
2362230,183,142,7729,2015,0.0,2878.0,-0.077053,-0.9922719999999999,QAT,MLT,611300
2362231,186,142,7729,2015,0.0,28278.0,0.23119,0.035965,RUS,MLT,611300
2362232,201,142,7729,2015,0.0,2367.0,0.457042,1.324908,SRB,MLT,611300
2362233,206,142,7729,2015,0.0,326203.0,1.287133,0.7900560000000001,SVK,MLT,611300
2362234,207,142,7729,2015,0.0,45203.0,1.6089879999999999,0.833616,SVN,MLT,611300
2362235,208,142,7729,2015,0.0,5235.0,1.8068349999999997,0.693389,SWE,MLT,611300
2362236,224,142,7729,2015,0.0,8010.0,0.438669,2.519632,TUR,MLT,611300
2362237,228,142,7729,2015,0.0,11318.0,0.429879,0.701813,UKR,MLT,611300
2362238,231,142,7729,2015,2408.0,79099.0,1.720478,-0.129322,USA,MLT,611300
2362239,39,143,7729,2015,0.0,2943.0,0.695867,1.171676,CAN,MMR,611300
2362240,43,143,7729,2015,31618.0,8172.0,1.077143,1.735757,CHN,MMR,611300
2362241,61,143,7729,2015,0.0,31919.0,2.203818,-2.307561,DEU,MMR,611300
2362242,77,143,7729,2015,8951.0,0.0,1.479792,0.6490239999999999,FRA,MMR,611300
2362243,81,143,7729,2015,0.0,2573.0,1.7422990000000003,0.75838,GBR,MMR,611300
2362244,113,143,7729,2015,0.0,6430.0,0.121172,0.457301,JOR,MMR,611300
2362245,114,143,7729,2015,0.0,473684.0,2.516133,-0.484202,JPN,MMR,611300
2362246,153,143,7729,2015,0.0,17016.0,1.082803,0.811615,MYS,MMR,611300
2362247,192,143,7729,2015,1767.0,14963.0,2.05613,0.593065,SGP,MMR,611300
2362248,216,143,7729,2015,4195.0,0.0,0.965888,1.368572,THA,MMR,611300
2362249,231,143,7729,2015,0.0,14231.0,1.720478,-0.129322,USA,MMR,611300
2362250,239,143,7729,2015,863.0,0.0,-0.17108900000000002,1.10995,VNM,MMR,611300
2362251,14,163,7729,2015,0.0,7215.0,-0.292325,-0.043489,AUS,NOR,611300
2362252,15,163,7729,2015,19400.0,5880.0,1.747098,-0.08026699999999999,AUT,NOR,611300
2362253,18,163,7729,2015,33084.0,18172.0,1.329866,1.100641,BEL,NOR,611300
2362254,22,163,7729,2015,13305.0,0.0,-1.088465,-0.8745360000000001,BGD,NOR,611300
2362255,23,163,7729,2015,952.0,0.0,0.45640699999999995,1.691455,BGR,NOR,611300
2362256,26,163,7729,2015,1588.0,0.0,0.355903,0.723092,BIH,NOR,611300
2362257,39,163,7729,2015,1220.0,24939.0,0.695867,1.171676,CAN,NOR,611300
2362258,41,163,7729,2015,15347.0,4833.0,2.306075,0.720781,CHE,NOR,611300
2362259,43,163,7729,2015,6416058.0,39697.0,1.077143,1.735757,CHN,NOR,611300
2362260,59,163,7729,2015,14051.0,0.0,1.743012,0.45424,CZE,NOR,611300
2362261,61,163,7729,2015,341618.0,26956.0,2.203818,-2.307561,DEU,NOR,611300
2362262,64,163,7729,2015,1141394.0,45110.0,1.157924,1.2045629999999998,DNK,NOR,611300
2362263,71,163,7729,2015,45436.0,2831.0,0.8173590000000001,2.442556,ESP,NOR,611300
2362264,72,163,7729,2015,3019.0,0.0,0.9281149999999999,1.1780389999999998,EST,NOR,611300
2362265,74,163,7729,2015,21546.0,50580.0,1.597817,0.998059,FIN,NOR,611300
2362266,77,163,7729,2015,39595.0,979.0,1.479792,0.6490239999999999,FRA,NOR,611300
2362267,78,163,7729,2015,0.0,9415.0,-0.700767,-0.9214399999999999,FRO,NOR,611300
2362268,81,163,7729,2015,114474.0,134505.0,1.7422990000000003,0.75838,GBR,NOR,611300
2362269,90,163,7729,2015,884.0,0.0,0.099027,1.012289,GRC,NOR,611300
2362270,97,163,7729,2015,129765.0,39756.0,0.8255290000000001,1.8017279999999998,HKG,NOR,611300
2362271,100,163,7729,2015,919.0,17879.0,0.7590140000000001,1.257415,HRV,NOR,611300
2362272,102,163,7729,2015,5234.0,0.0,1.462839,0.803258,HUN,NOR,611300
2362273,103,163,7729,2015,46322.0,0.0,-0.145103,1.277362,IDN,NOR,611300
2362274,104,163,7729,2015,11162.0,1803.0,0.24230900000000002,2.8190880000000003,IND,NOR,611300
2362275,106,163,7729,2015,1046.0,0.0,1.304942,0.126431,IRL,NOR,611300
2362276,109,163,7729,2015,0.0,6808.0,0.24527600000000002,-0.411616,ISL,NOR,611300
2362277,111,163,7729,2015,220089.0,0.0,1.321127,0.747046,ITA,NOR,611300
2362278,114,163,7729,2015,0.0,55896.0,2.516133,-0.484202,JPN,NOR,611300
2362279,118,163,7729,2015,46805.0,0.0,-0.791985,-0.833046,KHM,NOR,611300
2362280,121,163,7729,2015,4588.0,38283.0,1.900653,0.859406,KOR,NOR,611300
2362281,128,163,7729,2015,3169.0,0.0,-0.6773399999999999,0.386343,LKA,NOR,611300
2362282,130,163,7729,2015,211385.0,0.0,0.749429,1.3659860000000001,LTU,NOR,611300
2362283,132,163,7729,2015,177858.0,0.0,0.602209,1.125357,LVA,NOR,611300
2362284,138,163,7729,2015,1662.0,0.0,1.169724,0.61457,MEX,NOR,611300
2362285,140,163,7729,2015,1941.0,0.0,-0.09009600000000001,-0.147359,MKD,NOR,611300
2362286,142,163,7729,2015,147720.0,0.0,0.880893,-0.117585,MLT,NOR,611300
2362287,162,163,7729,2015,36161.0,70069.0,1.230104,1.27344,NLD,NOR,611300
2362288,164,163,7729,2015,1832.0,0.0,-0.290416,0.456716,NPL,NOR,611300
2362289,168,163,7729,2015,9563.0,0.0,-0.7059979999999999,0.73501,PAK,NOR,611300
2362290,169,163,7729,2015,0.0,9937.0,0.642058,0.833392,PAN,NOR,611300
2362291,177,163,7729,2015,178999.0,16600.0,1.145844,1.1449280000000002,POL,NOR,611300
2362292,179,163,7729,2015,96533.0,0.0,0.561922,2.2276380000000002,PRT,NOR,611300
2362293,185,163,7729,2015,4017.0,0.0,0.946363,1.056775,ROU,NOR,611300
2362294,186,163,7729,2015,4996.0,6689.0,0.23119,0.035965,RUS,NOR,611300
2362295,192,163,7729,2015,0.0,283312.0,2.05613,0.593065,SGP,NOR,611300
2362296,207,163,7729,2015,1552.0,0.0,1.6089879999999999,0.833616,SVN,NOR,611300
2362297,208,163,7729,2015,1253640.0,176001.0,1.8068349999999997,0.693389,SWE,NOR,611300
2362298,216,163,7729,2015,76321.0,0.0,0.965888,1.368572,THA,NOR,611300
2362299,223,163,7729,2015,4827.0,0.0,0.140202,0.967591,TUN,NOR,611300
2362300,224,163,7729,2015,139629.0,2024.0,0.438669,2.519632,TUR,NOR,611300
2362301,228,163,7729,2015,46296.0,0.0,0.429879,0.701813,UKR,NOR,611300
2362302,231,163,7729,2015,25396.0,84167.0,1.720478,-0.129322,USA,NOR,611300
2362303,239,163,7729,2015,73699.0,14146.0,-0.17108900000000002,1.10995,VNM,NOR,611300
2362304,249,163,7729,2015,26778.0,0.0,1.962832,1.214982,TWN,NOR,611300
2362305,7,164,7729,2015,3234.0,1010.0,0.21779600000000002,-0.0047420000000000006,ARE,NPL,611300
2362306,163,164,7729,2015,0.0,1832.0,0.950708,0.314339,NOR,NPL,611300
2362307,216,164,7729,2015,1464.0,0.0,0.965888,1.368572,THA,NPL,611300
2362308,7,167,7729,2015,8663197.0,9119.0,0.21779600000000002,-0.0047420000000000006,ARE,OMN,611300
2362309,18,167,7729,2015,1729.0,0.0,1.329866,1.100641,BEL,OMN,611300
2362310,22,167,7729,2015,21718.0,0.0,-1.088465,-0.8745360000000001,BGD,OMN,611300
2362311,39,167,7729,2015,0.0,8478.0,0.695867,1.171676,CAN,OMN,611300
2362312,41,167,7729,2015,3775.0,0.0,2.306075,0.720781,CHE,OMN,611300
2362313,43,167,7729,2015,594598.0,0.0,1.077143,1.735757,CHN,OMN,611300
2362314,71,167,7729,2015,25423.0,0.0,0.8173590000000001,2.442556,ESP,OMN,611300
2362315,77,167,7729,2015,2515.0,0.0,1.479792,0.6490239999999999,FRA,OMN,611300
2362316,104,167,7729,2015,7148.0,0.0,0.24230900000000002,2.8190880000000003,IND,OMN,611300
2362317,107,167,7729,2015,0.0,2189720.0,-0.258946,-0.0073420000000000004,IRN,OMN,611300
2362318,124,167,7729,2015,6595.0,0.0,0.317355,1.330374,LBN,OMN,611300
2362319,162,167,7729,2015,0.0,1811.0,1.230104,1.27344,NLD,OMN,611300
2362320,168,167,7729,2015,19315.0,0.0,-0.7059979999999999,0.73501,PAK,OMN,611300
2362321,216,167,7729,2015,6550.0,0.0,0.965888,1.368572,THA,OMN,611300
2362322,231,167,7729,2015,2276.0,0.0,1.720478,-0.129322,USA,OMN,611300
2362323,246,167,7729,2015,20225.0,0.0,0.24944699999999997,1.7573159999999999,ZAF,OMN,611300
2362324,249,167,7729,2015,1132.0,0.0,1.962832,1.214982,TWN,OMN,611300
2362325,7,183,7729,2015,777936.0,7551.0,0.21779600000000002,-0.0047420000000000006,ARE,QAT,611300
2362326,14,183,7729,2015,61057.0,0.0,-0.292325,-0.043489,AUS,QAT,611300
2362327,22,183,7729,2015,4840.0,0.0,-1.088465,-0.8745360000000001,BGD,QAT,611300
2362328,23,183,7729,2015,392.0,0.0,0.45640699999999995,1.691455,BGR,QAT,611300
2362329,24,183,7729,2015,7981.0,5470.0,0.36650900000000003,-0.28735,BHR,QAT,611300
2362330,39,183,7729,2015,2024.0,0.0,0.695867,1.171676,CAN,QAT,611300
2362331,43,183,7729,2015,6807.0,0.0,1.077143,1.735757,CHN,QAT,611300
2362332,49,183,7729,2015,2627.0,0.0,0.156383,-0.183055,COL,QAT,611300
2362333,61,183,7729,2015,16564.0,0.0,2.203818,-2.307561,DEU,QAT,611300
2362334,64,183,7729,2015,4056.0,0.0,1.157924,1.2045629999999998,DNK,QAT,611300
2362335,68,183,7729,2015,2905.0,0.0,-0.183053,1.765036,EGY,QAT,611300
2362336,71,183,7729,2015,28035.0,0.0,0.8173590000000001,2.442556,ESP,QAT,611300
2362337,81,183,7729,2015,1511.0,1836.0,1.7422990000000003,0.75838,GBR,QAT,611300
2362338,104,183,7729,2015,85746.0,0.0,0.24230900000000002,2.8190880000000003,IND,QAT,611300
2362339,111,183,7729,2015,5366.0,0.0,1.321127,0.747046,ITA,QAT,611300
2362340,118,183,7729,2015,3895.0,0.0,-0.791985,-0.833046,KHM,QAT,611300
2362341,128,183,7729,2015,2016.0,0.0,-0.6773399999999999,0.386343,LKA,QAT,611300
2362342,134,183,7729,2015,2822.0,0.0,-0.7554810000000001,-0.059697,MAR,QAT,611300
2362343,142,183,7729,2015,2878.0,0.0,0.880893,-0.117585,MLT,QAT,611300
2362344,166,183,7729,2015,865.0,0.0,0.224598,0.253179,NZL,QAT,611300
2362345,168,183,7729,2015,30638.0,0.0,-0.7059979999999999,0.73501,PAK,QAT,611300
2362346,216,183,7729,2015,20034.0,0.0,0.965888,1.368572,THA,QAT,611300
2362347,224,183,7729,2015,14433.0,0.0,0.438669,2.519632,TUR,QAT,611300
2362348,231,183,7729,2015,13064.0,0.0,1.720478,-0.129322,USA,QAT,611300
2362349,239,183,7729,2015,3018.0,0.0,-0.17108900000000002,1.10995,VNM,QAT,611300
2362350,7,185,7729,2015,0.0,5233.0,0.21779600000000002,-0.0047420000000000006,ARE,ROU,611300
2362351,15,185,7729,2015,42028.0,18565.0,1.747098,-0.08026699999999999,AUT,ROU,611300
2362352,18,185,7729,2015,33770.0,38209.0,1.329866,1.100641,BEL,ROU,611300
2362353,23,185,7729,2015,0.0,1003.0,0.45640699999999995,1.691455,BGR,ROU,611300
2362354,24,185,7729,2015,0.0,3639.0,0.36650900000000003,-0.28735,BHR,ROU,611300
2362355,39,185,7729,2015,0.0,5262.0,0.695867,1.171676,CAN,ROU,611300
2362356,41,185,7729,2015,0.0,89639.0,2.306075,0.720781,CHE,ROU,611300
2362357,43,185,7729,2015,206693.0,12351.0,1.077143,1.735757,CHN,ROU,611300
2362358,59,185,7729,2015,13364.0,14363.0,1.743012,0.45424,CZE,ROU,611300
2362359,61,185,7729,2015,216824.0,646956.0,2.203818,-2.307561,DEU,ROU,611300
2362360,64,185,7729,2015,22017.0,0.0,1.157924,1.2045629999999998,DNK,ROU,611300
2362361,71,185,7729,2015,502692.0,28217.0,0.8173590000000001,2.442556,ESP,ROU,611300
2362362,74,185,7729,2015,6510.0,8187.0,1.597817,0.998059,FIN,ROU,611300
2362363,77,185,7729,2015,80448.0,371648.0,1.479792,0.6490239999999999,FRA,ROU,611300
2362364,81,185,7729,2015,20210.0,20147.0,1.7422990000000003,0.75838,GBR,ROU,611300
2362365,90,185,7729,2015,53499.0,2181.0,0.099027,1.012289,GRC,ROU,611300
2362366,100,185,7729,2015,19414.0,1742650.0,0.7590140000000001,1.257415,HRV,ROU,611300
2362367,102,185,7729,2015,464944.0,7366.0,1.462839,0.803258,HUN,ROU,611300
2362368,106,185,7729,2015,0.0,988.0,1.304942,0.126431,IRL,ROU,611300
2362369,109,185,7729,2015,0.0,392.0,0.24527600000000002,-0.411616,ISL,ROU,611300
2362370,111,185,7729,2015,180214.0,166639.0,1.321127,0.747046,ITA,ROU,611300
2362371,121,185,7729,2015,0.0,1883.0,1.900653,0.859406,KOR,ROU,611300
2362372,122,185,7729,2015,0.0,2344.0,-0.352023,-1.153057,KWT,ROU,611300
2362373,162,185,7729,2015,29368.0,8497.0,1.230104,1.27344,NLD,ROU,611300
2362374,163,185,7729,2015,0.0,4017.0,0.950708,0.314339,NOR,ROU,611300
2362375,177,185,7729,2015,279551.0,2629.0,1.145844,1.1449280000000002,POL,ROU,611300
2362376,186,185,7729,2015,0.0,31668.0,0.23119,0.035965,RUS,ROU,611300
2362377,201,185,7729,2015,0.0,2886.0,0.457042,1.324908,SRB,ROU,611300
2362378,206,185,7729,2015,16463.0,3931.0,1.287133,0.7900560000000001,SVK,ROU,611300
2362379,207,185,7729,2015,0.0,12630.0,1.6089879999999999,0.833616,SVN,ROU,611300
2362380,208,185,7729,2015,11972.0,0.0,1.8068349999999997,0.693389,SWE,ROU,611300
2362381,216,185,7729,2015,8410.0,0.0,0.965888,1.368572,THA,ROU,611300
2362382,224,185,7729,2015,1887.0,40963.0,0.438669,2.519632,TUR,ROU,611300
2362383,231,185,7729,2015,0.0,21067.0,1.720478,-0.129322,USA,ROU,611300
2362384,239,185,7729,2015,11941.0,0.0,-0.17108900000000002,1.10995,VNM,ROU,611300
2362385,7,186,7729,2015,449091.0,0.0,0.21779600000000002,-0.0047420000000000006,ARE,RUS,611300
2362386,9,186,7729,2015,0.0,1580.0,0.037579,-0.42448800000000003,ARM,RUS,611300
2362387,15,186,7729,2015,120554.0,0.0,1.747098,-0.08026699999999999,AUT,RUS,611300
2362388,18,186,7729,2015,1672.0,0.0,1.329866,1.100641,BEL,RUS,611300
2362389,22,186,7729,2015,45400.0,0.0,-1.088465,-0.8745360000000001,BGD,RUS,611300
2362390,23,186,7729,2015,57803.0,0.0,0.45640699999999995,1.691455,BGR,RUS,611300
2362391,28,186,7729,2015,281695.0,13303.0,0.672499,0.5584020000000001,BLR,RUS,611300
2362392,39,186,7729,2015,36806.0,0.0,0.695867,1.171676,CAN,RUS,611300
2362393,41,186,7729,2015,9532.0,0.0,2.306075,0.720781,CHE,RUS,611300
2362394,43,186,7729,2015,1882775.0,0.0,1.077143,1.735757,CHN,RUS,611300
2362395,59,186,7729,2015,45689.0,0.0,1.743012,0.45424,CZE,RUS,611300
2362396,61,186,7729,2015,961726.0,0.0,2.203818,-2.307561,DEU,RUS,611300
2362397,64,186,7729,2015,104046.0,0.0,1.157924,1.2045629999999998,DNK,RUS,611300
2362398,71,186,7729,2015,130809.0,1390.0,0.8173590000000001,2.442556,ESP,RUS,611300
2362399,72,186,7729,2015,5634.0,0.0,0.9281149999999999,1.1780389999999998,EST,RUS,611300
2362400,74,186,7729,2015,145411.0,0.0,1.597817,0.998059,FIN,RUS,611300
2362401,77,186,7729,2015,23718.0,0.0,1.479792,0.6490239999999999,FRA,RUS,611300
2362402,81,186,7729,2015,1259.0,19557.0,1.7422990000000003,0.75838,GBR,RUS,611300
2362403,97,186,7729,2015,515040.0,0.0,0.8255290000000001,1.8017279999999998,HKG,RUS,611300
2362404,102,186,7729,2015,73889.0,0.0,1.462839,0.803258,HUN,RUS,611300
2362405,104,186,7729,2015,0.0,945606.0,0.24230900000000002,2.8190880000000003,IND,RUS,611300
2362406,111,186,7729,2015,36365924.0,0.0,1.321127,0.747046,ITA,RUS,611300
2362407,114,186,7729,2015,2217.0,0.0,2.516133,-0.484202,JPN,RUS,611300
2362408,115,186,7729,2015,1690.0,70057.0,-0.45091499999999995,-0.652026,KAZ,RUS,611300
2362409,117,186,7729,2015,0.0,3173.0,0.02058,0.438692,KGZ,RUS,611300
2362410,118,186,7729,2015,151935.0,0.0,-0.791985,-0.833046,KHM,RUS,611300
2362411,128,186,7729,2015,55088.0,0.0,-0.6773399999999999,0.386343,LKA,RUS,611300
2362412,130,186,7729,2015,40211.0,0.0,0.749429,1.3659860000000001,LTU,RUS,611300
2362413,132,186,7729,2015,21998.0,4206.0,0.602209,1.125357,LVA,RUS,611300
2362414,133,186,7729,2015,16487.0,0.0,0.296288,0.32009499999999996,MAC,RUS,611300
2362415,134,186,7729,2015,6453.0,0.0,-0.7554810000000001,-0.059697,MAR,RUS,611300
2362416,142,186,7729,2015,28278.0,0.0,0.880893,-0.117585,MLT,RUS,611300
2362417,162,186,7729,2015,6204.0,0.0,1.230104,1.27344,NLD,RUS,611300
2362418,163,186,7729,2015,6689.0,4996.0,0.950708,0.314339,NOR,RUS,611300
2362419,174,186,7729,2015,1938.0,0.0,0.6406270000000001,0.45770200000000005,PHL,RUS,611300
2362420,177,186,7729,2015,21068.0,0.0,1.145844,1.1449280000000002,POL,RUS,611300
2362421,179,186,7729,2015,3287.0,0.0,0.561922,2.2276380000000002,PRT,RUS,611300
2362422,185,186,7729,2015,31668.0,0.0,0.946363,1.056775,ROU,RUS,611300
2362423,192,186,7729,2015,76574.0,0.0,2.05613,0.593065,SGP,RUS,611300
2362424,206,186,7729,2015,98181.0,0.0,1.287133,0.7900560000000001,SVK,RUS,611300
2362425,208,186,7729,2015,9819.0,0.0,1.8068349999999997,0.693389,SWE,RUS,611300
2362426,216,186,7729,2015,131481.0,0.0,0.965888,1.368572,THA,RUS,611300
2362427,224,186,7729,2015,32127.0,0.0,0.438669,2.519632,TUR,RUS,611300
2362428,231,186,7729,2015,62428.0,0.0,1.720478,-0.129322,USA,RUS,611300
2362429,239,186,7729,2015,60787.0,0.0,-0.17108900000000002,1.10995,VNM,RUS,611300
2362430,249,186,7729,2015,10374.0,0.0,1.962832,1.214982,TWN,RUS,611300
2362431,250,186,7729,2015,248.0,0.0,0.377283,-0.092204,ANS,RUS,611300
2362432,7,191,7729,2015,179143.0,0.0,0.21779600000000002,-0.0047420000000000006,ARE,SEN,611300
2362433,32,191,7729,2015,14490.0,0.0,0.23656799999999997,0.688607,BRA,SEN,611300
2362434,43,191,7729,2015,203272.0,0.0,1.077143,1.735757,CHN,SEN,611300
2362435,47,191,7729,2015,0.0,1355.0,-1.294823,-1.18811,COG,SEN,611300
2362436,71,191,7729,2015,52669.0,0.0,0.8173590000000001,2.442556,ESP,SEN,611300
2362437,77,191,7729,2015,1503.0,0.0,1.479792,0.6490239999999999,FRA,SEN,611300
2362438,87,191,7729,2015,779.0,761.0,-0.984775,-0.877886,GMB,SEN,611300
2362439,111,191,7729,2015,9098.0,0.0,1.321127,0.747046,ITA,SEN,611300
2362440,214,191,7729,2015,0.0,1338.0,-1.543675,-0.9703860000000001,TCD,SEN,611300
2362441,231,191,7729,2015,0.0,3433.0,1.720478,-0.129322,USA,SEN,611300
2362442,15,201,7729,2015,2264.0,3129.0,1.747098,-0.08026699999999999,AUT,SRB,611300
2362443,22,201,7729,2015,849.0,0.0,-1.088465,-0.8745360000000001,BGD,SRB,611300
2362444,26,201,7729,2015,0.0,11287.0,0.355903,0.723092,BIH,SRB,611300
2362445,41,201,7729,2015,0.0,12275.0,2.306075,0.720781,CHE,SRB,611300
2362446,43,201,7729,2015,5479.0,0.0,1.077143,1.735757,CHN,SRB,611300
2362447,59,201,7729,2015,14623.0,0.0,1.743012,0.45424,CZE,SRB,611300
2362448,61,201,7729,2015,74349.0,86238.0,2.203818,-2.307561,DEU,SRB,611300
2362449,64,201,7729,2015,1632.0,0.0,1.157924,1.2045629999999998,DNK,SRB,611300
2362450,68,201,7729,2015,0.0,151266.0,-0.183053,1.765036,EGY,SRB,611300
2362451,71,201,7729,2015,7556.0,0.0,0.8173590000000001,2.442556,ESP,SRB,611300
2362452,81,201,7729,2015,6604.0,0.0,1.7422990000000003,0.75838,GBR,SRB,611300
2362453,102,201,7729,2015,3220.0,0.0,1.462839,0.803258,HUN,SRB,611300
2362454,111,201,7729,2015,11555.0,0.0,1.321127,0.747046,ITA,SRB,611300
2362455,118,201,7729,2015,2385.0,0.0,-0.791985,-0.833046,KHM,SRB,611300
2362456,140,201,7729,2015,0.0,1213.0,-0.09009600000000001,-0.147359,MKD,SRB,611300
2362457,142,201,7729,2015,2367.0,0.0,0.880893,-0.117585,MLT,SRB,611300
2362458,185,201,7729,2015,2886.0,0.0,0.946363,1.056775,ROU,SRB,611300
2362459,206,201,7729,2015,1743.0,0.0,1.287133,0.7900560000000001,SVK,SRB,611300
2362460,207,201,7729,2015,18357.0,0.0,1.6089879999999999,0.833616,SVN,SRB,611300
2362461,224,201,7729,2015,3616.0,0.0,0.438669,2.519632,TUR,SRB,611300
2362462,231,201,7729,2015,0.0,2402.0,1.720478,-0.129322,USA,SRB,611300
2362463,239,201,7729,2015,1942.0,0.0,-0.17108900000000002,1.10995,VNM,SRB,611300
2362464,15,206,7729,2015,31073.0,0.0,1.747098,-0.08026699999999999,AUT,SVK,611300
2362465,22,206,7729,2015,3067.0,0.0,-1.088465,-0.8745360000000001,BGD,SVK,611300
2362466,23,206,7729,2015,6494.0,0.0,0.45640699999999995,1.691455,BGR,SVK,611300
2362467,41,206,7729,2015,0.0,30712.0,2.306075,0.720781,CHE,SVK,611300
2362468,43,206,7729,2015,18810.0,0.0,1.077143,1.735757,CHN,SVK,611300
2362469,59,206,7729,2015,127789.0,14865.0,1.743012,0.45424,CZE,SVK,611300
2362470,61,206,7729,2015,390717.0,247630.0,2.203818,-2.307561,DEU,SVK,611300
2362471,64,206,7729,2015,19321.0,0.0,1.157924,1.2045629999999998,DNK,SVK,611300
2362472,71,206,7729,2015,47244.0,0.0,0.8173590000000001,2.442556,ESP,SVK,611300
2362473,74,206,7729,2015,1223.0,0.0,1.597817,0.998059,FIN,SVK,611300
2362474,77,206,7729,2015,32264.0,0.0,1.479792,0.6490239999999999,FRA,SVK,611300
2362475,81,206,7729,2015,25281.0,0.0,1.7422990000000003,0.75838,GBR,SVK,611300
2362476,100,206,7729,2015,18154.0,0.0,0.7590140000000001,1.257415,HRV,SVK,611300
2362477,102,206,7729,2015,36012.0,13607.0,1.462839,0.803258,HUN,SVK,611300
2362478,103,206,7729,2015,3231.0,0.0,-0.145103,1.277362,IDN,SVK,611300
2362479,104,206,7729,2015,1037.0,57458.0,0.24230900000000002,2.8190880000000003,IND,SVK,611300
2362480,111,206,7729,2015,28869.0,0.0,1.321127,0.747046,ITA,SVK,611300
2362481,118,206,7729,2015,5586.0,0.0,-0.791985,-0.833046,KHM,SVK,611300
2362482,128,206,7729,2015,2500.0,0.0,-0.6773399999999999,0.386343,LKA,SVK,611300
2362483,131,206,7729,2015,0.0,1580.0,1.218924,1.247152,LUX,SVK,611300
2362484,142,206,7729,2015,326203.0,0.0,0.880893,-0.117585,MLT,SVK,611300
2362485,156,206,7729,2015,0.0,1176.0,-0.727911,-0.844562,NCL,SVK,611300
2362486,162,206,7729,2015,235841.0,14382.0,1.230104,1.27344,NLD,SVK,611300
2362487,177,206,7729,2015,213314.0,112024.0,1.145844,1.1449280000000002,POL,SVK,611300
2362488,185,206,7729,2015,3931.0,16463.0,0.946363,1.056775,ROU,SVK,611300
2362489,186,206,7729,2015,0.0,98181.0,0.23119,0.035965,RUS,SVK,611300
2362490,201,206,7729,2015,0.0,1743.0,0.457042,1.324908,SRB,SVK,611300
2362491,207,206,7729,2015,1649.0,0.0,1.6089879999999999,0.833616,SVN,SVK,611300
2362492,208,206,7729,2015,21704.0,0.0,1.8068349999999997,0.693389,SWE,SVK,611300
2362493,216,206,7729,2015,6042.0,0.0,0.965888,1.368572,THA,SVK,611300
2362494,224,206,7729,2015,1592.0,0.0,0.438669,2.519632,TUR,SVK,611300
2362495,239,206,7729,2015,16346.0,0.0,-0.17108900000000002,1.10995,VNM,SVK,611300
2362496,250,206,7729,2015,410579.0,0.0,0.377283,-0.092204,ANS,SVK,611300
2362497,4,207,7729,2015,742.0,0.0,-0.601875,-0.27003,ALB,SVN,611300
2362498,9,207,7729,2015,0.0,1037.0,0.037579,-0.42448800000000003,ARM,SVN,611300
2362499,14,207,7729,2015,0.0,1613.0,-0.292325,-0.043489,AUS,SVN,611300
2362500,15,207,7729,2015,89935.0,53243.0,1.747098,-0.08026699999999999,AUT,SVN,611300
2362501,18,207,7729,2015,74506.0,0.0,1.329866,1.100641,BEL,SVN,611300
2362502,22,207,7729,2015,29616.0,0.0,-1.088465,-0.8745360000000001,BGD,SVN,611300
2362503,23,207,7729,2015,1305.0,13795.0,0.45640699999999995,1.691455,BGR,SVN,611300
2362504,39,207,7729,2015,1138.0,0.0,0.695867,1.171676,CAN,SVN,611300
2362505,41,207,7729,2015,0.0,19873.0,2.306075,0.720781,CHE,SVN,611300
2362506,43,207,7729,2015,289104.0,0.0,1.077143,1.735757,CHN,SVN,611300
2362507,59,207,7729,2015,4555.0,0.0,1.743012,0.45424,CZE,SVN,611300
2362508,61,207,7729,2015,301218.0,16811.0,2.203818,-2.307561,DEU,SVN,611300
2362509,64,207,7729,2015,19436.0,3089.0,1.157924,1.2045629999999998,DNK,SVN,611300
2362510,68,207,7729,2015,4628.0,0.0,-0.183053,1.765036,EGY,SVN,611300
2362511,71,207,7729,2015,69103.0,5653.0,0.8173590000000001,2.442556,ESP,SVN,611300
2362512,77,207,7729,2015,53674.0,13321.0,1.479792,0.6490239999999999,FRA,SVN,611300
2362513,81,207,7729,2015,32389.0,15700.0,1.7422990000000003,0.75838,GBR,SVN,611300
2362514,90,207,7729,2015,2329.0,0.0,0.099027,1.012289,GRC,SVN,611300
2362515,97,207,7729,2015,4395.0,0.0,0.8255290000000001,1.8017279999999998,HKG,SVN,611300
2362516,100,207,7729,2015,54593.0,106670.0,0.7590140000000001,1.257415,HRV,SVN,611300
2362517,102,207,7729,2015,13434.0,952.0,1.462839,0.803258,HUN,SVN,611300
2362518,103,207,7729,2015,11563.0,0.0,-0.145103,1.277362,IDN,SVN,611300
2362519,111,207,7729,2015,103131.0,28676.0,1.321127,0.747046,ITA,SVN,611300
2362520,114,207,7729,2015,0.0,4772.0,2.516133,-0.484202,JPN,SVN,611300
2362521,118,207,7729,2015,14827.0,0.0,-0.791985,-0.833046,KHM,SVN,611300
2362522,130,207,7729,2015,0.0,111937.0,0.749429,1.3659860000000001,LTU,SVN,611300
2362523,132,207,7729,2015,14207.0,0.0,0.602209,1.125357,LVA,SVN,611300
2362524,142,207,7729,2015,45203.0,0.0,0.880893,-0.117585,MLT,SVN,611300
2362525,144,207,7729,2015,0.0,4975.0,-0.048385000000000004,-0.150759,MNE,SVN,611300
2362526,162,207,7729,2015,171463.0,10352.0,1.230104,1.27344,NLD,SVN,611300
2362527,163,207,7729,2015,0.0,1552.0,0.950708,0.314339,NOR,SVN,611300
2362528,177,207,7729,2015,87696.0,15699.0,1.145844,1.1449280000000002,POL,SVN,611300
2362529,179,207,7729,2015,2024.0,0.0,0.561922,2.2276380000000002,PRT,SVN,611300
2362530,185,207,7729,2015,12630.0,0.0,0.946363,1.056775,ROU,SVN,611300
2362531,201,207,7729,2015,0.0,18357.0,0.457042,1.324908,SRB,SVN,611300
2362532,206,207,7729,2015,0.0,1649.0,1.287133,0.7900560000000001,SVK,SVN,611300
2362533,208,207,7729,2015,10306.0,7080.0,1.8068349999999997,0.693389,SWE,SVN,611300
2362534,216,207,7729,2015,6795.0,0.0,0.965888,1.368572,THA,SVN,611300
2362535,224,207,7729,2015,10828.0,3129.0,0.438669,2.519632,TUR,SVN,611300
2362536,239,207,7729,2015,17383.0,0.0,-0.17108900000000002,1.10995,VNM,SVN,611300
2362537,43,217,7729,2015,57633.0,0.0,1.077143,1.735757,CHN,TJK,611300
2362538,61,219,7729,2015,10372.0,0.0,2.203818,-2.307561,DEU,TKM,611300
2362539,224,219,7729,2015,1083.0,0.0,0.438669,2.519632,TUR,TKM,611300
2362540,7,226,7729,2015,1403140.0,0.0,0.21779600000000002,-0.0047420000000000006,ARE,TZA,611300
2362541,43,226,7729,2015,487020.0,0.0,1.077143,1.735757,CHN,TZA,611300
2362542,46,226,7729,2015,0.0,4426.0,-1.3921290000000002,-1.146549,COD,TZA,611300
2362543,50,226,7729,2015,0.0,4272.0,-0.551674,-0.867288,COM,TZA,611300
2362544,116,226,7729,2015,28385.0,0.0,-0.453564,0.433325,KEN,TZA,611300
2362545,153,226,7729,2015,1803.0,0.0,1.082803,0.811615,MYS,TZA,611300
2362546,246,226,7729,2015,3545.0,0.0,0.24944699999999997,1.7573159999999999,ZAF,TZA,611300
2362547,7,232,7729,2015,580969.0,0.0,0.21779600000000002,-0.0047420000000000006,ARE,UZB,611300
2362548,61,232,7729,2015,1874.0,0.0,2.203818,-2.307561,DEU,UZB,611300
2362549,7,239,7729,2015,0.0,191544.0,0.21779600000000002,-0.0047420000000000006,ARE,VNM,611300
2362550,8,239,7729,2015,0.0,44814.0,0.116896,0.30330999999999997,ARG,VNM,611300
2362551,9,239,7729,2015,0.0,3228.0,0.037579,-0.42448800000000003,ARM,VNM,611300
2362552,14,239,7729,2015,0.0,40970.0,-0.292325,-0.043489,AUS,VNM,611300
2362553,15,239,7729,2015,0.0,54378.0,1.747098,-0.08026699999999999,AUT,VNM,611300
2362554,18,239,7729,2015,0.0,156298.0,1.329866,1.100641,BEL,VNM,611300
2362555,24,239,7729,2015,0.0,5955.0,0.36650900000000003,-0.28735,BHR,VNM,611300
2362556,32,239,7729,2015,0.0,13294.0,0.23656799999999997,0.688607,BRA,VNM,611300
2362557,39,239,7729,2015,0.0,1831248.0,0.695867,1.171676,CAN,VNM,611300
2362558,41,239,7729,2015,0.0,408325.0,2.306075,0.720781,CHE,VNM,611300
2362559,42,239,7729,2015,0.0,30782.0,-0.356167,-0.47629399999999994,CHL,VNM,611300
2362560,43,239,7729,2015,9034.0,202385.0,1.077143,1.735757,CHN,VNM,611300
2362561,49,239,7729,2015,0.0,15225.0,0.156383,-0.183055,COL,VNM,611300
2362562,59,239,7729,2015,0.0,68694.0,1.743012,0.45424,CZE,VNM,611300
2362563,61,239,7729,2015,446549.0,5087738.0,2.203818,-2.307561,DEU,VNM,611300
2362564,64,239,7729,2015,0.0,6226.0,1.157924,1.2045629999999998,DNK,VNM,611300
2362565,66,239,7729,2015,0.0,2063.0,-1.54346,-1.255633,DZA,VNM,611300
2362566,68,239,7729,2015,0.0,40064.0,-0.183053,1.765036,EGY,VNM,611300
2362567,71,239,7729,2015,0.0,1429491.0,0.8173590000000001,2.442556,ESP,VNM,611300
2362568,72,239,7729,2015,0.0,2742.0,0.9281149999999999,1.1780389999999998,EST,VNM,611300
2362569,74,239,7729,2015,0.0,5455.0,1.597817,0.998059,FIN,VNM,611300
2362570,77,239,7729,2015,0.0,6384594.0,1.479792,0.6490239999999999,FRA,VNM,611300
2362571,81,239,7729,2015,9742.0,203953.0,1.7422990000000003,0.75838,GBR,VNM,611300
2362572,88,239,7729,2015,2001.0,0.0,-2.6546,-1.010989,GNB,VNM,611300
2362573,90,239,7729,2015,0.0,3096.0,0.099027,1.012289,GRC,VNM,611300
2362574,97,239,7729,2015,0.0,480617.0,0.8255290000000001,1.8017279999999998,HKG,VNM,611300
2362575,103,239,7729,2015,0.0,36273.0,-0.145103,1.277362,IDN,VNM,611300
2362576,104,239,7729,2015,0.0,19874.0,0.24230900000000002,2.8190880000000003,IND,VNM,611300
2362577,106,239,7729,2015,0.0,19102.0,1.304942,0.126431,IRL,VNM,611300
2362578,109,239,7729,2015,0.0,1129.0,0.24527600000000002,-0.411616,ISL,VNM,611300
2362579,110,239,7729,2015,0.0,34797.0,1.260071,0.545545,ISR,VNM,611300
2362580,111,239,7729,2015,19193.0,82032.0,1.321127,0.747046,ITA,VNM,611300
2362581,114,239,7729,2015,35544.0,767544.0,2.516133,-0.484202,JPN,VNM,611300
2362582,115,239,7729,2015,0.0,3451.0,-0.45091499999999995,-0.652026,KAZ,VNM,611300
2362583,118,239,7729,2015,0.0,26330.0,-0.791985,-0.833046,KHM,VNM,611300
2362584,121,239,7729,2015,4651.0,1340370.0,1.900653,0.859406,KOR,VNM,611300
2362585,122,239,7729,2015,0.0,9857.0,-0.352023,-1.153057,KWT,VNM,611300
2362586,123,239,7729,2015,0.0,9652.0,-0.927524,-0.74525,LAO,VNM,611300
2362587,124,239,7729,2015,0.0,4305.0,0.317355,1.330374,LBN,VNM,611300
2362588,130,239,7729,2015,2347.0,0.0,0.749429,1.3659860000000001,LTU,VNM,611300
2362589,131,239,7729,2015,0.0,8685.0,1.218924,1.247152,LUX,VNM,611300
2362590,132,239,7729,2015,0.0,1377.0,0.602209,1.125357,LVA,VNM,611300
2362591,134,239,7729,2015,0.0,4632.0,-0.7554810000000001,-0.059697,MAR,VNM,611300
2362592,138,239,7729,2015,0.0,107886.0,1.169724,0.61457,MEX,VNM,611300
2362593,143,239,7729,2015,0.0,863.0,-1.4596120000000001,-0.903904,MMR,VNM,611300
2362594,145,239,7729,2015,0.0,1566.0,-1.244368,-1.196677,MNG,VNM,611300
2362595,153,239,7729,2015,4296.0,120112.0,1.082803,0.811615,MYS,VNM,611300
2362596,162,239,7729,2015,38333.0,1008265.0,1.230104,1.27344,NLD,VNM,611300
2362597,163,239,7729,2015,14146.0,73699.0,0.950708,0.314339,NOR,VNM,611300
2362598,166,239,7729,2015,0.0,7305.0,0.224598,0.253179,NZL,VNM,611300
2362599,168,239,7729,2015,73963.0,0.0,-0.7059979999999999,0.73501,PAK,VNM,611300
2362600,169,239,7729,2015,0.0,8397.0,0.642058,0.833392,PAN,VNM,611300
2362601,173,239,7729,2015,0.0,4179.0,-0.6007819999999999,0.32152800000000004,PER,VNM,611300
2362602,174,239,7729,2015,0.0,346884.0,0.6406270000000001,0.45770200000000005,PHL,VNM,611300
2362603,177,239,7729,2015,0.0,210167.0,1.145844,1.1449280000000002,POL,VNM,611300
2362604,183,239,7729,2015,0.0,3018.0,-0.077053,-0.9922719999999999,QAT,VNM,611300
2362605,185,239,7729,2015,0.0,11941.0,0.946363,1.056775,ROU,VNM,611300
2362606,186,239,7729,2015,0.0,60787.0,0.23119,0.035965,RUS,VNM,611300
2362607,188,239,7729,2015,0.0,34783.0,0.5552520000000001,-0.7263229999999999,SAU,VNM,611300
2362608,192,239,7729,2015,17960.0,12752.0,2.05613,0.593065,SGP,VNM,611300
2362609,201,239,7729,2015,0.0,1942.0,0.457042,1.324908,SRB,VNM,611300
2362610,206,239,7729,2015,0.0,16346.0,1.287133,0.7900560000000001,SVK,VNM,611300
2362611,207,239,7729,2015,0.0,17383.0,1.6089879999999999,0.833616,SVN,VNM,611300
2362612,208,239,7729,2015,8539.0,47943.0,1.8068349999999997,0.693389,SWE,VNM,611300
2362613,216,239,7729,2015,47630.0,12600.0,0.965888,1.368572,THA,VNM,611300
2362614,223,239,7729,2015,0.0,943.0,0.140202,0.967591,TUN,VNM,611300
2362615,224,239,7729,2015,0.0,200844.0,0.438669,2.519632,TUR,VNM,611300
2362616,228,239,7729,2015,0.0,4794.0,0.429879,0.701813,UKR,VNM,611300
2362617,230,239,7729,2015,0.0,11610.0,0.273876,-0.363695,URY,VNM,611300
2362618,231,239,7729,2015,196836.0,38028352.0,1.720478,-0.129322,USA,VNM,611300
2362619,236,239,7729,2015,0.0,2329.0,-0.9249129999999999,-1.1877280000000001,VEN,VNM,611300
2362620,246,239,7729,2015,0.0,25278.0,0.24944699999999997,1.7573159999999999,ZAF,VNM,611300
2362621,249,239,7729,2015,12843.0,173563.0,1.962832,1.214982,TWN,VNM,611300
2362622,250,239,7729,2015,4812.0,2704.0,0.377283,-0.092204,ANS,VNM,611300
2362623,75,242,7729,2015,6830.0,0.0,-0.481968,-0.201468,FJI,WSM,611300
2362624,7,1,7729,2015,224888.0,0.0,0.21779600000000002,-0.0047420000000000006,ARE,AFG,611300
2362625,107,1,7729,2015,2227.0,0.0,-0.258946,-0.0073420000000000004,IRN,AFG,611300
2362626,231,1,7729,2015,15239.0,0.0,1.720478,-0.129322,USA,AFG,611300
2362627,41,4,7729,2015,0.0,4183.0,2.306075,0.720781,CHE,ALB,611300
2362628,43,4,7729,2015,93312.0,0.0,1.077143,1.735757,CHN,ALB,611300
2362629,71,4,7729,2015,2171.0,0.0,0.8173590000000001,2.442556,ESP,ALB,611300
2362630,111,4,7729,2015,2050.0,5625.0,1.321127,0.747046,ITA,ALB,611300
2362631,114,4,7729,2015,0.0,2300.0,2.516133,-0.484202,JPN,ALB,611300
2362632,207,4,7729,2015,0.0,742.0,1.6089879999999999,0.833616,SVN,ALB,611300
2362633,224,4,7729,2015,2078.0,0.0,0.438669,2.519632,TUR,ALB,611300
2362634,71,13,7729,2015,0.0,1073.0,0.8173590000000001,2.442556,ESP,ATG,611300
2362635,7,19,7729,2015,1175.0,0.0,0.21779600000000002,-0.0047420000000000006,ARE,BEN,611300
2362636,43,19,7729,2015,24648.0,0.0,1.077143,1.735757,CHN,BEN,611300
2362637,44,19,7729,2015,7554.0,0.0,-0.856142,-0.905292,CIV,BEN,611300
2362638,47,19,7729,2015,0.0,756.0,-1.294823,-1.18811,COG,BEN,611300
2362639,77,19,7729,2015,1548.0,0.0,1.479792,0.6490239999999999,FRA,BEN,611300
2362640,159,19,7729,2015,3700.0,0.0,-1.415451,-1.157829,NGA,BEN,611300
2362641,7,21,7729,2015,40051.0,0.0,0.21779600000000002,-0.0047420000000000006,ARE,BFA,611300
2362642,83,21,7729,2015,2938.0,0.0,-0.750568,-0.690257,GHA,BFA,611300
2362643,15,26,7729,2015,0.0,1469.0,1.747098,-0.08026699999999999,AUT,BIH,611300
2362644,22,26,7729,2015,567.0,0.0,-1.088465,-0.8745360000000001,BGD,BIH,611300
2362645,32,26,7729,2015,0.0,4256.0,0.23656799999999997,0.688607,BRA,BIH,611300
2362646,39,26,7729,2015,0.0,1845.0,0.695867,1.171676,CAN,BIH,611300
2362647,43,26,7729,2015,57842.0,16792.0,1.077143,1.735757,CHN,BIH,611300
2362648,61,26,7729,2015,53505.0,41456.0,2.203818,-2.307561,DEU,BIH,611300
2362649,71,26,7729,2015,2339.0,0.0,0.8173590000000001,2.442556,ESP,BIH,611300
2362650,74,26,7729,2015,0.0,2656.0,1.597817,0.998059,FIN,BIH,611300
2362651,77,26,7729,2015,0.0,35813.0,1.479792,0.6490239999999999,FRA,BIH,611300
2362652,100,26,7729,2015,7346.0,0.0,0.7590140000000001,1.257415,HRV,BIH,611300
2362653,111,26,7729,2015,94765.0,0.0,1.321127,0.747046,ITA,BIH,611300
2362654,114,26,7729,2015,779.0,0.0,2.516133,-0.484202,JPN,BIH,611300
2362655,163,26,7729,2015,0.0,1588.0,0.950708,0.314339,NOR,BIH,611300
2362656,201,26,7729,2015,11287.0,0.0,0.457042,1.324908,SRB,BIH,611300
2362657,224,26,7729,2015,2688.0,0.0,0.438669,2.519632,TUR,BIH,611300
2362658,231,26,7729,2015,0.0,1549.0,1.720478,-0.129322,USA,BIH,611300
2362659,7,37,7729,2015,1369.0,0.0,0.21779600000000002,-0.0047420000000000006,ARE,BWA,611300
2362660,43,37,7729,2015,99701.0,0.0,1.077143,1.735757,CHN,BWA,611300
2362661,81,37,7729,2015,3046.0,0.0,1.7422990000000003,0.75838,GBR,BWA,611300
2362662,246,37,7729,2015,10742.0,0.0,0.24944699999999997,1.7573159999999999,ZAF,BWA,611300
2362663,7,45,7729,2015,182338.0,0.0,0.21779600000000002,-0.0047420000000000006,ARE,CMR,611300
2362664,39,45,7729,2015,0.0,25457.0,0.695867,1.171676,CAN,CMR,611300
2362665,81,45,7729,2015,1526.0,7306.0,1.7422990000000003,0.75838,GBR,CMR,611300
2362666,104,45,7729,2015,1607.0,0.0,0.24230900000000002,2.8190880000000003,IND,CMR,611300
2362667,111,45,7729,2015,15910.0,0.0,1.321127,0.747046,ITA,CMR,611300
2362668,224,45,7729,2015,2508.0,0.0,0.438669,2.519632,TUR,CMR,611300
2362669,7,47,7729,2015,21918.0,0.0,0.21779600000000002,-0.0047420000000000006,ARE,COG,611300
2362670,19,47,7729,2015,756.0,0.0,-0.5641470000000001,-0.8971020000000001,BEN,COG,611300
2362671,43,47,7729,2015,43752.0,0.0,1.077143,1.735757,CHN,COG,611300
2362672,77,47,7729,2015,10722.0,0.0,1.479792,0.6490239999999999,FRA,COG,611300
2362673,111,47,7729,2015,23198.0,0.0,1.321127,0.747046,ITA,COG,611300
2362674,159,47,7729,2015,619.0,0.0,-1.415451,-1.157829,NGA,COG,611300
2362675,191,47,7729,2015,1355.0,0.0,-0.708349,-0.296663,SEN,COG,611300
2362676,231,47,7729,2015,595.0,0.0,1.720478,-0.129322,USA,COG,611300
2362677,15,58,7729,2015,7660.0,0.0,1.747098,-0.08026699999999999,AUT,CYP,611300
2362678,18,58,7729,2015,1040.0,0.0,1.329866,1.100641,BEL,CYP,611300
2362679,22,58,7729,2015,87636.0,0.0,-1.088465,-0.8745360000000001,BGD,CYP,611300
2362680,61,58,7729,2015,45827.0,0.0,2.203818,-2.307561,DEU,CYP,611300
2362681,71,58,7729,2015,72267.0,0.0,0.8173590000000001,2.442556,ESP,CYP,611300
2362682,77,58,7729,2015,17535.0,51245.0,1.479792,0.6490239999999999,FRA,CYP,611300
2362683,81,58,7729,2015,15493.0,0.0,1.7422990000000003,0.75838,GBR,CYP,611300
2362684,90,58,7729,2015,6257.0,0.0,0.099027,1.012289,GRC,CYP,611300
2362685,97,58,7729,2015,5897.0,0.0,0.8255290000000001,1.8017279999999998,HKG,CYP,611300
2362686,100,58,7729,2015,22355.0,0.0,0.7590140000000001,1.257415,HRV,CYP,611300
2362687,111,58,7729,2015,36118.0,0.0,1.321127,0.747046,ITA,CYP,611300
2362688,162,58,7729,2015,5032.0,0.0,1.230104,1.27344,NLD,CYP,611300
2362689,224,58,7729,2015,17800.0,0.0,0.438669,2.519632,TUR,CYP,611300
2362690,231,58,7729,2015,1574.0,0.0,1.720478,-0.129322,USA,CYP,611300
2362691,7,62,7729,2015,123913.0,0.0,0.21779600000000002,-0.0047420000000000006,ARE,DJI,611300
2362692,43,62,7729,2015,3254.0,0.0,1.077143,1.735757,CHN,DJI,611300
2362693,231,62,7729,2015,8280.0,0.0,1.720478,-0.129322,USA,DJI,611300
2362694,7,66,7729,2015,6705761.0,0.0,0.21779600000000002,-0.0047420000000000006,ARE,DZA,611300
2362695,43,66,7729,2015,21693.0,0.0,1.077143,1.735757,CHN,DZA,611300
2362696,61,66,7729,2015,5347.0,0.0,2.203818,-2.307561,DEU,DZA,611300
2362697,71,66,7729,2015,1726.0,0.0,0.8173590000000001,2.442556,ESP,DZA,611300
2362698,77,66,7729,2015,90351.0,0.0,1.479792,0.6490239999999999,FRA,DZA,611300
2362699,81,66,7729,2015,49549.0,0.0,1.7422990000000003,0.75838,GBR,DZA,611300
2362700,111,66,7729,2015,61509.0,0.0,1.321127,0.747046,ITA,DZA,611300
2362701,118,66,7729,2015,3976.0,0.0,-0.791985,-0.833046,KHM,DZA,611300
2362702,224,66,7729,2015,3956.0,0.0,0.438669,2.519632,TUR,DZA,611300
2362703,239,66,7729,2015,2063.0,0.0,-0.17108900000000002,1.10995,VNM,DZA,611300
2362704,7,73,7729,2015,985926.0,0.0,0.21779600000000002,-0.0047420000000000006,ARE,ETH,611300
2362705,18,73,7729,2015,7633.0,0.0,1.329866,1.100641,BEL,ETH,611300
2362706,43,73,7729,2015,248121.0,0.0,1.077143,1.735757,CHN,ETH,611300
2362707,77,73,7729,2015,0.0,861.0,1.479792,0.6490239999999999,FRA,ETH,611300
2362708,111,73,7729,2015,7171.0,0.0,1.321127,0.747046,ITA,ETH,611300
2362709,216,73,7729,2015,725.0,0.0,0.965888,1.368572,THA,ETH,611300
2362710,224,73,7729,2015,8062.0,0.0,0.438669,2.519632,TUR,ETH,611300
2362711,77,80,7729,2015,4014.0,0.0,1.479792,0.6490239999999999,FRA,GAB,611300
2362712,111,80,7729,2015,3745.0,0.0,1.321127,0.747046,ITA,GAB,611300
2362713,7,83,7729,2015,79790.0,0.0,0.21779600000000002,-0.0047420000000000006,ARE,GHA,611300
2362714,21,83,7729,2015,0.0,2938.0,-1.085359,-1.034365,BFA,GHA,611300
2362715,77,83,7729,2015,5102.0,0.0,1.479792,0.6490239999999999,FRA,GHA,611300
2362716,81,83,7729,2015,5956.0,0.0,1.7422990000000003,0.75838,GBR,GHA,611300
2362717,111,83,7729,2015,1426.0,0.0,1.321127,0.747046,ITA,GHA,611300
2362718,246,83,7729,2015,1103.0,0.0,0.24944699999999997,1.7573159999999999,ZAF,GHA,611300
2362719,106,84,7729,2015,10661.0,0.0,1.304942,0.126431,IRL,GIB,611300
2362720,14,85,7729,2015,1118.0,0.0,-0.292325,-0.043489,AUS,GIN,611300
2362721,18,85,7729,2015,4854.0,0.0,1.329866,1.100641,BEL,GIN,611300
2362722,41,85,7729,2015,19184.0,0.0,2.306075,0.720781,CHE,GIN,611300
2362723,43,85,7729,2015,1765.0,0.0,1.077143,1.735757,CHN,GIN,611300
2362724,111,85,7729,2015,11521.0,0.0,1.321127,0.747046,ITA,GIN,611300
2362725,134,85,7729,2015,3432.0,0.0,-0.7554810000000001,-0.059697,MAR,GIN,611300
2362726,215,85,7729,2015,1059.0,0.0,-0.66925,-0.873554,TGO,GIN,611300
2362727,224,85,7729,2015,1143.0,0.0,0.438669,2.519632,TUR,GIN,611300
2362728,239,88,7729,2015,0.0,2001.0,-0.17108900000000002,1.10995,VNM,GNB,611300
2362729,231,89,7729,2015,12257.0,0.0,1.720478,-0.129322,USA,GNQ,611300
2362730,104,96,7729,2015,32694.0,0.0,0.24230900000000002,2.8190880000000003,IND,GUY,611300
2362731,18,109,7729,2015,16306.0,0.0,1.329866,1.100641,BEL,ISL,611300
2362732,22,109,7729,2015,2339.0,0.0,-1.088465,-0.8745360000000001,BGD,ISL,611300
2362733,39,109,7729,2015,2846.0,0.0,0.695867,1.171676,CAN,ISL,611300
2362734,43,109,7729,2015,77857.0,0.0,1.077143,1.735757,CHN,ISL,611300
2362735,61,109,7729,2015,17997.0,190607.0,2.203818,-2.307561,DEU,ISL,611300
2362736,64,109,7729,2015,135341.0,0.0,1.157924,1.2045629999999998,DNK,ISL,611300
2362737,71,109,7729,2015,2200.0,0.0,0.8173590000000001,2.442556,ESP,ISL,611300
2362738,74,109,7729,2015,1916.0,0.0,1.597817,0.998059,FIN,ISL,611300
2362739,81,109,7729,2015,4874.0,1183.0,1.7422990000000003,0.75838,GBR,ISL,611300
2362740,103,109,7729,2015,1274.0,0.0,-0.145103,1.277362,IDN,ISL,611300
2362741,118,109,7729,2015,326.0,0.0,-0.791985,-0.833046,KHM,ISL,611300
2362742,121,109,7729,2015,1139.0,0.0,1.900653,0.859406,KOR,ISL,611300
2362743,130,109,7729,2015,21126.0,0.0,0.749429,1.3659860000000001,LTU,ISL,611300
2362744,132,109,7729,2015,5973.0,0.0,0.602209,1.125357,LVA,ISL,611300
2362745,142,109,7729,2015,19515.0,0.0,0.880893,-0.117585,MLT,ISL,611300
2362746,162,109,7729,2015,120025.0,0.0,1.230104,1.27344,NLD,ISL,611300
2362747,163,109,7729,2015,6808.0,0.0,0.950708,0.314339,NOR,ISL,611300
2362748,174,109,7729,2015,107.0,0.0,0.6406270000000001,0.45770200000000005,PHL,ISL,611300
2362749,177,109,7729,2015,2152.0,0.0,1.145844,1.1449280000000002,POL,ISL,611300
2362750,179,109,7729,2015,1731.0,0.0,0.561922,2.2276380000000002,PRT,ISL,611300
2362751,185,109,7729,2015,392.0,0.0,0.946363,1.056775,ROU,ISL,611300
2362752,208,109,7729,2015,35978.0,0.0,1.8068349999999997,0.693389,SWE,ISL,611300
2362753,216,109,7729,2015,14199.0,0.0,0.965888,1.368572,THA,ISL,611300
2362754,223,109,7729,2015,3615.0,0.0,0.140202,0.967591,TUN,ISL,611300
2362755,224,109,7729,2015,1584.0,0.0,0.438669,2.519632,TUR,ISL,611300
2362756,231,109,7729,2015,17288.0,0.0,1.720478,-0.129322,USA,ISL,611300
2362757,239,109,7729,2015,1129.0,0.0,-0.17108900000000002,1.10995,VNM,ISL,611300
2362758,249,109,7729,2015,1146.0,0.0,1.962832,1.214982,TWN,ISL,611300
2362759,7,118,7729,2015,0.0,51728.0,0.21779600000000002,-0.0047420000000000006,ARE,KHM,611300
2362760,8,118,7729,2015,0.0,1845.0,0.116896,0.30330999999999997,ARG,KHM,611300
2362761,14,118,7729,2015,0.0,202460.0,-0.292325,-0.043489,AUS,KHM,611300
2362762,15,118,7729,2015,0.0,51474.0,1.747098,-0.08026699999999999,AUT,KHM,611300
2362763,18,118,7729,2015,0.0,5955.0,1.329866,1.100641,BEL,KHM,611300
2362764,24,118,7729,2015,0.0,21567.0,0.36650900000000003,-0.28735,BHR,KHM,611300
2362765,32,118,7729,2015,0.0,31545.0,0.23656799999999997,0.688607,BRA,KHM,611300
2362766,39,118,7729,2015,0.0,680962.0,0.695867,1.171676,CAN,KHM,611300
2362767,41,118,7729,2015,0.0,128084.0,2.306075,0.720781,CHE,KHM,611300
2362768,42,118,7729,2015,0.0,1207.0,-0.356167,-0.47629399999999994,CHL,KHM,611300
2362769,43,118,7729,2015,7602.0,209926.0,1.077143,1.735757,CHN,KHM,611300
2362770,49,118,7729,2015,0.0,30375.0,0.156383,-0.183055,COL,KHM,611300
2362771,59,118,7729,2015,0.0,90007.0,1.743012,0.45424,CZE,KHM,611300
2362772,61,118,7729,2015,0.0,2251924.0,2.203818,-2.307561,DEU,KHM,611300
2362773,64,118,7729,2015,0.0,69772.0,1.157924,1.2045629999999998,DNK,KHM,611300
2362774,66,118,7729,2015,0.0,3976.0,-1.54346,-1.255633,DZA,KHM,611300
2362775,68,118,7729,2015,0.0,3915.0,-0.183053,1.765036,EGY,KHM,611300
2362776,71,118,7729,2015,23897.0,2298272.0,0.8173590000000001,2.442556,ESP,KHM,611300
2362777,72,118,7729,2015,0.0,4218.0,0.9281149999999999,1.1780389999999998,EST,KHM,611300
2362778,74,118,7729,2015,0.0,12513.0,1.597817,0.998059,FIN,KHM,611300
2362779,77,118,7729,2015,0.0,7584662.0,1.479792,0.6490239999999999,FRA,KHM,611300
2362780,81,118,7729,2015,0.0,2722839.0,1.7422990000000003,0.75838,GBR,KHM,611300
2362781,90,118,7729,2015,0.0,10517.0,0.099027,1.012289,GRC,KHM,611300
2362782,97,118,7729,2015,0.0,100427.0,0.8255290000000001,1.8017279999999998,HKG,KHM,611300
2362783,100,118,7729,2015,0.0,805.0,0.7590140000000001,1.257415,HRV,KHM,611300
2362784,106,118,7729,2015,0.0,18092.0,1.304942,0.126431,IRL,KHM,611300
2362785,109,118,7729,2015,0.0,326.0,0.24527600000000002,-0.411616,ISL,KHM,611300
2362786,110,118,7729,2015,0.0,21243.0,1.260071,0.545545,ISR,KHM,611300
2362787,111,118,7729,2015,0.0,2382316.0,1.321127,0.747046,ITA,KHM,611300
2362788,114,118,7729,2015,0.0,361200.0,2.516133,-0.484202,JPN,KHM,611300
2362789,121,118,7729,2015,0.0,1147747.0,1.900653,0.859406,KOR,KHM,611300
2362790,122,118,7729,2015,0.0,10453.0,-0.352023,-1.153057,KWT,KHM,611300
2362791,124,118,7729,2015,0.0,38490.0,0.317355,1.330374,LBN,KHM,611300
2362792,131,118,7729,2015,0.0,863.0,1.218924,1.247152,LUX,KHM,611300
2362793,134,118,7729,2015,0.0,3310.0,-0.7554810000000001,-0.059697,MAR,KHM,611300
2362794,138,118,7729,2015,0.0,89068.0,1.169724,0.61457,MEX,KHM,611300
2362795,144,118,7729,2015,0.0,1196.0,-0.048385000000000004,-0.150759,MNE,KHM,611300
2362796,151,118,7729,2015,0.0,4845.0,-0.231762,-0.195051,MUS,KHM,611300
2362797,153,118,7729,2015,0.0,617303.0,1.082803,0.811615,MYS,KHM,611300
2362798,156,118,7729,2015,0.0,2663.0,-0.727911,-0.844562,NCL,KHM,611300
2362799,162,118,7729,2015,0.0,202139.0,1.230104,1.27344,NLD,KHM,611300
2362800,163,118,7729,2015,0.0,46805.0,0.950708,0.314339,NOR,KHM,611300
2362801,166,118,7729,2015,0.0,40460.0,0.224598,0.253179,NZL,KHM,611300
2362802,174,118,7729,2015,0.0,39587.0,0.6406270000000001,0.45770200000000005,PHL,KHM,611300
2362803,177,118,7729,2015,0.0,102251.0,1.145844,1.1449280000000002,POL,KHM,611300
2362804,179,118,7729,2015,0.0,317687.0,0.561922,2.2276380000000002,PRT,KHM,611300
2362805,183,118,7729,2015,0.0,3895.0,-0.077053,-0.9922719999999999,QAT,KHM,611300
2362806,186,118,7729,2015,0.0,151935.0,0.23119,0.035965,RUS,KHM,611300
2362807,188,118,7729,2015,0.0,19787.0,0.5552520000000001,-0.7263229999999999,SAU,KHM,611300
2362808,192,118,7729,2015,0.0,188300.0,2.05613,0.593065,SGP,KHM,611300
2362809,201,118,7729,2015,0.0,2385.0,0.457042,1.324908,SRB,KHM,611300
2362810,206,118,7729,2015,0.0,5586.0,1.287133,0.7900560000000001,SVK,KHM,611300
2362811,207,118,7729,2015,0.0,14827.0,1.6089879999999999,0.833616,SVN,KHM,611300
2362812,208,118,7729,2015,2638.0,291638.0,1.8068349999999997,0.693389,SWE,KHM,611300
2362813,216,118,7729,2015,2307.0,153963.0,0.965888,1.368572,THA,KHM,611300
2362814,224,118,7729,2015,0.0,287842.0,0.438669,2.519632,TUR,KHM,611300
2362815,228,118,7729,2015,0.0,12745.0,0.429879,0.701813,UKR,KHM,611300
2362816,231,118,7729,2015,0.0,4228223.0,1.720478,-0.129322,USA,KHM,611300
2362817,239,118,7729,2015,26330.0,0.0,-0.17108900000000002,1.10995,VNM,KHM,611300
2362818,246,118,7729,2015,0.0,49115.0,0.24944699999999997,1.7573159999999999,ZAF,KHM,611300
2362819,249,118,7729,2015,0.0,119048.0,1.962832,1.214982,TWN,KHM,611300
2362820,231,120,7729,2015,0.0,1255.0,1.720478,-0.129322,USA,KNA,611300
2362821,7,125,7729,2015,2027.0,0.0,0.21779600000000002,-0.0047420000000000006,ARE,LBR,611300
2362822,64,125,7729,2015,35174.0,0.0,1.157924,1.2045629999999998,DNK,LBR,611300
2362823,90,125,7729,2015,1506.0,0.0,0.099027,1.012289,GRC,LBR,611300
2362824,7,126,7729,2015,11782180.0,0.0,0.21779600000000002,-0.0047420000000000006,ARE,LBY,611300
2362825,15,126,7729,2015,5801.0,0.0,1.747098,-0.08026699999999999,AUT,LBY,611300
2362826,81,126,7729,2015,10742.0,0.0,1.7422990000000003,0.75838,GBR,LBY,611300
2362827,142,126,7729,2015,1221.0,0.0,0.880893,-0.117585,MLT,LBY,611300
2362828,43,133,7729,2015,2242.0,0.0,1.077143,1.735757,CHN,MAC,611300
2362829,59,133,7729,2015,0.0,1418.0,1.743012,0.45424,CZE,MAC,611300
2362830,71,133,7729,2015,1931.0,0.0,0.8173590000000001,2.442556,ESP,MAC,611300
2362831,97,133,7729,2015,46131.0,0.0,0.8255290000000001,1.8017279999999998,HKG,MAC,611300
2362832,153,133,7729,2015,0.0,4375.0,1.082803,0.811615,MYS,MAC,611300
2362833,186,133,7729,2015,0.0,16487.0,0.23119,0.035965,RUS,MAC,611300
2362834,224,133,7729,2015,0.0,1961.0,0.438669,2.519632,TUR,MAC,611300
2362835,231,133,7729,2015,0.0,228418.0,1.720478,-0.129322,USA,MAC,611300
2362836,7,134,7729,2015,1259666.0,48479.0,0.21779600000000002,-0.0047420000000000006,ARE,MAR,611300
2362837,15,134,7729,2015,0.0,2739.0,1.747098,-0.08026699999999999,AUT,MAR,611300
2362838,22,134,7729,2015,6465.0,0.0,-1.088465,-0.8745360000000001,BGD,MAR,611300
2362839,24,134,7729,2015,0.0,2245.0,0.36650900000000003,-0.28735,BHR,MAR,611300
2362840,32,134,7729,2015,4912.0,0.0,0.23656799999999997,0.688607,BRA,MAR,611300
2362841,41,134,7729,2015,0.0,2598.0,2.306075,0.720781,CHE,MAR,611300
2362842,43,134,7729,2015,76087.0,8209.0,1.077143,1.735757,CHN,MAR,611300
2362843,49,134,7729,2015,0.0,1405.0,0.156383,-0.183055,COL,MAR,611300
2362844,59,134,7729,2015,0.0,6694.0,1.743012,0.45424,CZE,MAR,611300
2362845,61,134,7729,2015,5063.0,77127.0,2.203818,-2.307561,DEU,MAR,611300
2362846,71,134,7729,2015,299261.0,234688.0,0.8173590000000001,2.442556,ESP,MAR,611300
2362847,77,134,7729,2015,110691.0,308680.0,1.479792,0.6490239999999999,FRA,MAR,611300
2362848,81,134,7729,2015,51170.0,0.0,1.7422990000000003,0.75838,GBR,MAR,611300
2362849,85,134,7729,2015,0.0,3432.0,-1.288329,-1.167532,GIN,MAR,611300
2362850,104,134,7729,2015,16650.0,0.0,0.24230900000000002,2.8190880000000003,IND,MAR,611300
2362851,106,134,7729,2015,0.0,29447.0,1.304942,0.126431,IRL,MAR,611300
2362852,111,134,7729,2015,513998.0,0.0,1.321127,0.747046,ITA,MAR,611300
2362853,113,134,7729,2015,0.0,11911.0,0.121172,0.457301,JOR,MAR,611300
2362854,118,134,7729,2015,3310.0,0.0,-0.791985,-0.833046,KHM,MAR,611300
2362855,122,134,7729,2015,0.0,14588.0,-0.352023,-1.153057,KWT,MAR,611300
2362856,177,134,7729,2015,0.0,53146.0,1.145844,1.1449280000000002,POL,MAR,611300
2362857,183,134,7729,2015,0.0,2822.0,-0.077053,-0.9922719999999999,QAT,MAR,611300
2362858,186,134,7729,2015,0.0,6453.0,0.23119,0.035965,RUS,MAR,611300
2362859,192,134,7729,2015,16837.0,0.0,2.05613,0.593065,SGP,MAR,611300
2362860,216,134,7729,2015,34942.0,0.0,0.965888,1.368572,THA,MAR,611300
2362861,223,134,7729,2015,1325.0,0.0,0.140202,0.967591,TUN,MAR,611300
2362862,224,134,7729,2015,4932.0,3245.0,0.438669,2.519632,TUR,MAR,611300
2362863,231,134,7729,2015,2360.0,0.0,1.720478,-0.129322,USA,MAR,611300
2362864,239,134,7729,2015,4632.0,0.0,-0.17108900000000002,1.10995,VNM,MAR,611300
2362865,22,136,7729,2015,3612.0,0.0,-1.088465,-0.8745360000000001,BGD,MDG,611300
2362866,43,136,7729,2015,15516.0,0.0,1.077143,1.735757,CHN,MDG,611300
2362867,77,136,7729,2015,2283.0,4061.0,1.479792,0.6490239999999999,FRA,MDG,611300
2362868,151,136,7729,2015,1235070.0,1090.0,-0.231762,-0.195051,MUS,MDG,611300
2362869,231,136,7729,2015,672.0,0.0,1.720478,-0.129322,USA,MDG,611300
2362870,246,136,7729,2015,0.0,1127.0,0.24944699999999997,1.7573159999999999,ZAF,MDG,611300
2362871,7,141,7729,2015,4386.0,0.0,0.21779600000000002,-0.0047420000000000006,ARE,MLI,611300
2362872,15,144,7729,2015,3881.0,0.0,1.747098,-0.08026699999999999,AUT,MNE,611300
2362873,43,144,7729,2015,46069.0,0.0,1.077143,1.735757,CHN,MNE,611300
2362874,59,144,7729,2015,31736.0,0.0,1.743012,0.45424,CZE,MNE,611300
2362875,61,144,7729,2015,11009.0,0.0,2.203818,-2.307561,DEU,MNE,611300
2362876,64,144,7729,2015,1358.0,0.0,1.157924,1.2045629999999998,DNK,MNE,611300
2362877,71,144,7729,2015,1638.0,0.0,0.8173590000000001,2.442556,ESP,MNE,611300
2362878,77,144,7729,2015,4458.0,0.0,1.479792,0.6490239999999999,FRA,MNE,611300
2362879,100,144,7729,2015,4634.0,0.0,0.7590140000000001,1.257415,HRV,MNE,611300
2362880,111,144,7729,2015,2312.0,0.0,1.321127,0.747046,ITA,MNE,611300
2362881,118,144,7729,2015,1196.0,0.0,-0.791985,-0.833046,KHM,MNE,611300
2362882,207,144,7729,2015,4975.0,0.0,1.6089879999999999,0.833616,SVN,MNE,611300
2362883,7,147,7729,2015,27125.0,0.0,0.21779600000000002,-0.0047420000000000006,ARE,MOZ,611300
2362884,43,147,7729,2015,32706.0,0.0,1.077143,1.735757,CHN,MOZ,611300
2362885,7,148,7729,2015,33141.0,0.0,0.21779600000000002,-0.0047420000000000006,ARE,MRT,611300
2362886,43,148,7729,2015,361485.0,0.0,1.077143,1.735757,CHN,MRT,611300
2362887,71,148,7729,2015,10434.0,0.0,0.8173590000000001,2.442556,ESP,MRT,611300
2362888,77,148,7729,2015,88857.0,0.0,1.479792,0.6490239999999999,FRA,MRT,611300
2362889,7,151,7729,2015,13483.0,1010359.0,0.21779600000000002,-0.0047420000000000006,ARE,MUS,611300
2362890,14,151,7729,2015,52449.0,85423.0,-0.292325,-0.043489,AUS,MUS,611300
2362891,15,151,7729,2015,11046.0,787.0,1.747098,-0.08026699999999999,AUT,MUS,611300
2362892,43,151,7729,2015,30364.0,0.0,1.077143,1.735757,CHN,MUS,611300
2362893,61,151,7729,2015,1761.0,0.0,2.203818,-2.307561,DEU,MUS,611300
2362894,71,151,7729,2015,955.0,0.0,0.8173590000000001,2.442556,ESP,MUS,611300
2362895,77,151,7729,2015,5023.0,3968370.0,1.479792,0.6490239999999999,FRA,MUS,611300
2362896,81,151,7729,2015,0.0,2389069.0,1.7422990000000003,0.75838,GBR,MUS,611300
2362897,97,151,7729,2015,7576.0,791978.0,0.8255290000000001,1.8017279999999998,HKG,MUS,611300
2362898,103,151,7729,2015,860.0,0.0,-0.145103,1.277362,IDN,MUS,611300
2362899,104,151,7729,2015,12885.0,447706.0,0.24230900000000002,2.8190880000000003,IND,MUS,611300
2362900,118,151,7729,2015,4845.0,0.0,-0.791985,-0.833046,KHM,MUS,611300
2362901,136,151,7729,2015,1090.0,1235070.0,-1.15947,-0.497217,MDG,MUS,611300
2362902,179,151,7729,2015,484.0,0.0,0.561922,2.2276380000000002,PRT,MUS,611300
2362903,192,151,7729,2015,0.0,89084.0,2.05613,0.593065,SGP,MUS,611300
2362904,216,151,7729,2015,6275.0,0.0,0.965888,1.368572,THA,MUS,611300
2362905,231,151,7729,2015,0.0,2720.0,1.720478,-0.129322,USA,MUS,611300
2362906,246,151,7729,2015,0.0,476858.0,0.24944699999999997,1.7573159999999999,ZAF,MUS,611300
2362907,7,155,7729,2015,5124.0,0.0,0.21779600000000002,-0.0047420000000000006,ARE,NAM,611300
2362908,216,155,7729,2015,2028.0,0.0,0.965888,1.368572,THA,NAM,611300
2362909,246,155,7729,2015,30111.0,0.0,0.24944699999999997,1.7573159999999999,ZAF,NAM,611300
2362910,14,156,7729,2015,6761.0,0.0,-0.292325,-0.043489,AUS,NCL,611300
2362911,15,156,7729,2015,1346.0,0.0,1.747098,-0.08026699999999999,AUT,NCL,611300
2362912,43,156,7729,2015,14291.0,0.0,1.077143,1.735757,CHN,NCL,611300
2362913,71,156,7729,2015,785.0,0.0,0.8173590000000001,2.442556,ESP,NCL,611300
2362914,77,156,7729,2015,29651.0,0.0,1.479792,0.6490239999999999,FRA,NCL,611300
2362915,81,156,7729,2015,889.0,0.0,1.7422990000000003,0.75838,GBR,NCL,611300
2362916,103,156,7729,2015,1488.0,0.0,-0.145103,1.277362,IDN,NCL,611300
2362917,111,156,7729,2015,12311.0,0.0,1.321127,0.747046,ITA,NCL,611300
2362918,118,156,7729,2015,2663.0,0.0,-0.791985,-0.833046,KHM,NCL,611300
2362919,206,156,7729,2015,1176.0,0.0,1.287133,0.7900560000000001,SVK,NCL,611300
2362920,216,156,7729,2015,10114.0,0.0,0.965888,1.368572,THA,NCL,611300
2362921,231,156,7729,2015,1542.0,0.0,1.720478,-0.129322,USA,NCL,611300
2362922,249,156,7729,2015,3633.0,0.0,1.962832,1.214982,TWN,NCL,611300
2362923,192,176,7729,2015,4689.0,0.0,2.05613,0.593065,SGP,PNG,611300
2362924,231,176,7729,2015,117187.0,0.0,1.720478,-0.129322,USA,PNG,611300
2362925,43,178,7729,2015,41339.0,646213.0,1.077143,1.735757,CHN,PRK,611300
2362926,216,178,7729,2015,122803.0,0.0,0.965888,1.368572,THA,PRK,611300
2362927,216,209,7729,2015,2936.0,0.0,0.965888,1.368572,THA,SWZ,611300
2362928,246,209,7729,2015,9522.0,2620.0,0.24944699999999997,1.7573159999999999,ZAF,SWZ,611300
2362929,7,211,7729,2015,5538.0,0.0,0.21779600000000002,-0.0047420000000000006,ARE,SYC,611300
2362930,77,211,7729,2015,1002.0,0.0,1.479792,0.6490239999999999,FRA,SYC,611300
2362931,81,211,7729,2015,1589.0,0.0,1.7422990000000003,0.75838,GBR,SYC,611300
2362932,192,211,7729,2015,13082.0,0.0,2.05613,0.593065,SGP,SYC,611300
2362933,216,211,7729,2015,1841.0,0.0,0.965888,1.368572,THA,SYC,611300
2362934,7,212,7729,2015,1345323.0,605830.0,0.21779600000000002,-0.0047420000000000006,ARE,SYR,611300
2362935,9,212,7729,2015,0.0,1975.0,0.037579,-0.42448800000000003,ARM,SYR,611300
2362936,71,212,7729,2015,98868.0,0.0,0.8173590000000001,2.442556,ESP,SYR,611300
2362937,77,215,7729,2015,1508.0,0.0,1.479792,0.6490239999999999,FRA,TGO,611300
2362938,85,215,7729,2015,0.0,1059.0,-1.288329,-1.167532,GIN,TGO,611300
2362939,157,215,7729,2015,0.0,33996.0,-1.517292,-1.033891,NER,TGO,611300
2362940,7,223,7729,2015,1398460.0,4354.0,0.21779600000000002,-0.0047420000000000006,ARE,TUN,611300
2362941,14,223,7729,2015,0.0,4110.0,-0.292325,-0.043489,AUS,TUN,611300
2362942,15,223,7729,2015,2598.0,19081.0,1.747098,-0.08026699999999999,AUT,TUN,611300
2362943,18,223,7729,2015,0.0,4355548.0,1.329866,1.100641,BEL,TUN,611300
2362944,24,223,7729,2015,0.0,9589.0,0.36650900000000003,-0.28735,BHR,TUN,611300
2362945,41,223,7729,2015,0.0,226151.0,2.306075,0.720781,CHE,TUN,611300
2362946,42,223,7729,2015,0.0,3168.0,-0.356167,-0.47629399999999994,CHL,TUN,611300
2362947,43,223,7729,2015,7291.0,0.0,1.077143,1.735757,CHN,TUN,611300
2362948,61,223,7729,2015,3724.0,173323.0,2.203818,-2.307561,DEU,TUN,611300
2362949,71,223,7729,2015,387652.0,101731.0,0.8173590000000001,2.442556,ESP,TUN,611300
2362950,72,223,7729,2015,2525.0,0.0,0.9281149999999999,1.1780389999999998,EST,TUN,611300
2362951,77,223,7729,2015,5915.0,60602.0,1.479792,0.6490239999999999,FRA,TUN,611300
2362952,81,223,7729,2015,23091.0,19680.0,1.7422990000000003,0.75838,GBR,TUN,611300
2362953,109,223,7729,2015,0.0,3615.0,0.24527600000000002,-0.411616,ISL,TUN,611300
2362954,111,223,7729,2015,709335.0,3424.0,1.321127,0.747046,ITA,TUN,611300
2362955,134,223,7729,2015,0.0,1325.0,-0.7554810000000001,-0.059697,MAR,TUN,611300
2362956,163,223,7729,2015,0.0,4827.0,0.950708,0.314339,NOR,TUN,611300
2362957,166,223,7729,2015,0.0,16372.0,0.224598,0.253179,NZL,TUN,611300
2362958,179,223,7729,2015,0.0,4092.0,0.561922,2.2276380000000002,PRT,TUN,611300
2362959,182,223,7729,2015,0.0,393.0,-0.301696,-0.795154,PYF,TUN,611300
2362960,224,223,7729,2015,6975.0,0.0,0.438669,2.519632,TUR,TUN,611300
2362961,231,223,7729,2015,0.0,10997.0,1.720478,-0.129322,USA,TUN,611300
2362962,239,223,7729,2015,943.0,0.0,-0.17108900000000002,1.10995,VNM,TUN,611300
2362963,7,227,7729,2015,15306.0,4521.0,0.21779600000000002,-0.0047420000000000006,ARE,UGA,611300
2362964,17,227,7729,2015,0.0,5604.0,-0.993318,-1.031194,BDI,UGA,611300
2362965,22,227,7729,2015,11606.0,0.0,-1.088465,-0.8745360000000001,BGD,UGA,611300
2362966,43,227,7729,2015,20061.0,0.0,1.077143,1.735757,CHN,UGA,611300
2362967,46,227,7729,2015,0.0,43217.0,-1.3921290000000002,-1.146549,COD,UGA,611300
2362968,103,227,7729,2015,138.0,0.0,-0.145103,1.277362,IDN,UGA,611300
2362969,116,227,7729,2015,2060.0,0.0,-0.453564,0.433325,KEN,UGA,611300
2362970,162,227,7729,2015,2397.0,0.0,1.230104,1.27344,NLD,UGA,611300
2362971,216,227,7729,2015,723.0,0.0,0.965888,1.368572,THA,UGA,611300
2362972,61,237,7729,2015,4234.0,0.0,2.203818,-2.307561,DEU,VGB,611300
2362973,177,237,7729,2015,0.0,5901.0,1.145844,1.1449280000000002,POL,VGB,611300
2362974,7,247,7729,2015,2123.0,0.0,0.21779600000000002,-0.0047420000000000006,ARE,ZMB,611300
2362975,43,247,7729,2015,8425.0,0.0,1.077143,1.735757,CHN,ZMB,611300
2362976,152,247,7729,2015,0.0,4450.0,-0.549862,-0.8753190000000001,MWI,ZMB,611300
2362977,246,247,7729,2015,6042.0,0.0,0.24944699999999997,1.7573159999999999,ZAF,ZMB,611300
2362978,7,248,7729,2015,845.0,0.0,0.21779600000000002,-0.0047420000000000006,ARE,ZWE,611300
2362979,32,248,7729,2015,1231.0,0.0,0.23656799999999997,0.688607,BRA,ZWE,611300
2362980,246,248,7729,2015,21677.0,0.0,0.24944699999999997,1.7573159999999999,ZAF,ZWE,611300
2362981,7,34,7729,2015,1473.0,0.0,0.21779600000000002,-0.0047420000000000006,ARE,BRN,611300
2362982,43,34,7729,2015,132833.0,0.0,1.077143,1.735757,CHN,BRN,611300
2362983,81,34,7729,2015,4726.0,0.0,1.7422990000000003,0.75838,GBR,BRN,611300
2362984,97,34,7729,2015,0.0,12667.0,0.8255290000000001,1.8017279999999998,HKG,BRN,611300
2362985,104,34,7729,2015,7499.0,0.0,0.24230900000000002,2.8190880000000003,IND,BRN,611300
2362986,111,34,7729,2015,5394.0,0.0,1.321127,0.747046,ITA,BRN,611300
2362987,153,34,7729,2015,7902.0,0.0,1.082803,0.811615,MYS,BRN,611300
2362988,174,34,7729,2015,2573.0,0.0,0.6406270000000001,0.45770200000000005,PHL,BRN,611300
2362989,192,34,7729,2015,39894.0,0.0,2.05613,0.593065,SGP,BRN,611300
2362990,231,34,7729,2015,6203.0,0.0,1.720478,-0.129322,USA,BRN,611300
2362991,250,34,7729,2015,11620.0,0.0,0.377283,-0.092204,ANS,BRN,611300
2362992,231,127,7729,2015,2422.0,355.0,1.720478,-0.129322,USA,LCA,611300
2362993,71,29,7729,2015,1086.0,0.0,0.8173590000000001,2.442556,ESP,BLZ,611300
2362994,231,29,7729,2015,3454.0,0.0,1.720478,-0.129322,USA,BLZ,611300
2362995,32,57,7729,2015,26882.0,0.0,0.23656799999999997,0.688607,BRA,CYM,611300
2362996,208,57,7729,2015,1869.0,0.0,1.8068349999999997,0.693389,SWE,CYM,611300
2362997,231,57,7729,2015,12535.0,0.0,1.720478,-0.129322,USA,CYM,611300
2362998,81,76,7729,2015,3088.0,0.0,1.7422990000000003,0.75838,GBR,FLK,611300
2362999,15,135,7729,2015,0.0,6552.0,1.747098,-0.08026699999999999,AUT,MDA,611300
2363000,28,135,7729,2015,3133.0,0.0,0.672499,0.5584020000000001,BLR,MDA,611300
2363001,41,135,7729,2015,0.0,2949.0,2.306075,0.720781,CHE,MDA,611300
2363002,43,135,7729,2015,19378.0,11214.0,1.077143,1.735757,CHN,MDA,611300
2363003,61,135,7729,2015,2355.0,157943.0,2.203818,-2.307561,DEU,MDA,611300
2363004,64,135,7729,2015,1325.0,0.0,1.157924,1.2045629999999998,DNK,MDA,611300
2363005,74,135,7729,2015,0.0,1839.0,1.597817,0.998059,FIN,MDA,611300
2363006,216,135,7729,2015,187.0,0.0,0.965888,1.368572,THA,MDA,611300
2363007,61,198,7729,2015,2071.0,0.0,2.203818,-2.307561,DEU,SMR,611300
2363008,114,175,7729,2015,4649.0,0.0,2.516133,-0.484202,JPN,PLW,611300
2363009,231,0,7729,2015,17270.0,0.0,1.720478,-0.129322,USA,ABW,611300
2363010,14,5,7729,2015,104268.0,0.0,-0.292325,-0.043489,AUS,AND,611300
2363011,15,5,7729,2015,4589.0,0.0,1.747098,-0.08026699999999999,AUT,AND,611300
2363012,43,5,7729,2015,2073.0,0.0,1.077143,1.735757,CHN,AND,611300
2363013,61,5,7729,2015,25975.0,0.0,2.203818,-2.307561,DEU,AND,611300
2363014,71,5,7729,2015,42056.0,0.0,0.8173590000000001,2.442556,ESP,AND,611300
2363015,77,5,7729,2015,3025.0,8834.0,1.479792,0.6490239999999999,FRA,AND,611300
2363016,111,5,7729,2015,109245.0,0.0,1.321127,0.747046,ITA,AND,611300
2363017,111,17,7729,2015,2605.0,0.0,1.321127,0.747046,ITA,BDI,611300
2363018,224,17,7729,2015,3515.0,0.0,0.438669,2.519632,TUR,BDI,611300
2363019,227,17,7729,2015,5604.0,0.0,-0.611023,0.078961,UGA,BDI,611300
2363020,32,31,7729,2015,18328.0,0.0,0.23656799999999997,0.688607,BRA,BOL,611300
2363021,43,31,7729,2015,20926.0,0.0,1.077143,1.735757,CHN,BOL,611300
2363022,49,31,7729,2015,6719.0,0.0,0.156383,-0.183055,COL,BOL,611300
2363023,111,31,7729,2015,6053.0,0.0,1.321127,0.747046,ITA,BOL,611300
2363024,7,50,7729,2015,11070.0,0.0,0.21779600000000002,-0.0047420000000000006,ARE,COM,611300
2363025,43,50,7729,2015,6744.0,0.0,1.077143,1.735757,CHN,COM,611300
2363026,77,50,7729,2015,8484.0,0.0,1.479792,0.6490239999999999,FRA,COM,611300
2363027,216,50,7729,2015,1234.0,0.0,0.965888,1.368572,THA,COM,611300
2363028,226,50,7729,2015,4272.0,0.0,-1.02395,-0.017509999999999998,TZA,COM,611300
2363029,231,50,7729,2015,3754.0,0.0,1.720478,-0.129322,USA,COM,611300
2363030,15,51,7729,2015,2152.0,0.0,1.747098,-0.08026699999999999,AUT,CPV,611300
2363031,43,51,7729,2015,1629.0,0.0,1.077143,1.735757,CHN,CPV,611300
2363032,71,51,7729,2015,1019.0,0.0,0.8173590000000001,2.442556,ESP,CPV,611300
2363033,77,51,7729,2015,1738.0,0.0,1.479792,0.6490239999999999,FRA,CPV,611300
2363034,111,51,7729,2015,5421.0,0.0,1.321127,0.747046,ITA,CPV,611300
2363035,179,51,7729,2015,1070.0,0.0,0.561922,2.2276380000000002,PRT,CPV,611300
2363036,250,51,7729,2015,1304.0,0.0,0.377283,-0.092204,ANS,CPV,611300
2363037,7,69,7729,2015,129666.0,0.0,0.21779600000000002,-0.0047420000000000006,ARE,ERI,611300
2363038,14,75,7729,2015,31633.0,0.0,-0.292325,-0.043489,AUS,FJI,611300
2363039,43,75,7729,2015,18183.0,0.0,1.077143,1.735757,CHN,FJI,611300
2363040,103,75,7729,2015,4270.0,0.0,-0.145103,1.277362,IDN,FJI,611300
2363041,104,75,7729,2015,1121.0,0.0,0.24230900000000002,2.8190880000000003,IND,FJI,611300
2363042,166,75,7729,2015,12849.0,0.0,0.224598,0.253179,NZL,FJI,611300
2363043,195,75,7729,2015,0.0,1246.0,-1.167451,-0.931206,SLB,FJI,611300
2363044,231,75,7729,2015,2313.0,0.0,1.720478,-0.129322,USA,FJI,611300
2363045,242,75,7729,2015,0.0,6830.0,0.351057,-0.158431,WSM,FJI,611300
2363046,61,78,7729,2015,1079.0,0.0,2.203818,-2.307561,DEU,FRO,611300
2363047,64,78,7729,2015,227159.0,0.0,1.157924,1.2045629999999998,DNK,FRO,611300
2363048,81,78,7729,2015,5307.0,0.0,1.7422990000000003,0.75838,GBR,FRO,611300
2363049,162,78,7729,2015,23310.0,0.0,1.230104,1.27344,NLD,FRO,611300
2363050,163,78,7729,2015,9415.0,0.0,0.950708,0.314339,NOR,FRO,611300
2363051,208,78,7729,2015,1428.0,0.0,1.8068349999999997,0.693389,SWE,FRO,611300
2363052,224,78,7729,2015,2244.0,0.0,0.438669,2.519632,TUR,FRO,611300
2363053,7,87,7729,2015,7807.0,0.0,0.21779600000000002,-0.0047420000000000006,ARE,GMB,611300
2363054,18,87,7729,2015,2533.0,0.0,1.329866,1.100641,BEL,GMB,611300
2363055,39,87,7729,2015,7223.0,0.0,0.695867,1.171676,CAN,GMB,611300
2363056,43,87,7729,2015,139177.0,0.0,1.077143,1.735757,CHN,GMB,611300
2363057,64,87,7729,2015,687.0,0.0,1.157924,1.2045629999999998,DNK,GMB,611300
2363058,71,87,7729,2015,1134.0,0.0,0.8173590000000001,2.442556,ESP,GMB,611300
2363059,81,87,7729,2015,1839.0,0.0,1.7422990000000003,0.75838,GBR,GMB,611300
2363060,97,87,7729,2015,28971.0,0.0,0.8255290000000001,1.8017279999999998,HKG,GMB,611300
2363061,103,87,7729,2015,4797.0,0.0,-0.145103,1.277362,IDN,GMB,611300
2363062,104,87,7729,2015,1676.0,0.0,0.24230900000000002,2.8190880000000003,IND,GMB,611300
2363063,168,87,7729,2015,45633.0,0.0,-0.7059979999999999,0.73501,PAK,GMB,611300
2363064,191,87,7729,2015,761.0,779.0,-0.708349,-0.296663,SEN,GMB,611300
2363065,216,87,7729,2015,1318.0,0.0,0.965888,1.368572,THA,GMB,611300
2363066,81,101,7729,2015,0.0,1058.0,1.7422990000000003,0.75838,GBR,HTI,611300
2363067,111,101,7729,2015,2934.0,0.0,1.321127,0.747046,ITA,HTI,611300
2363068,103,119,7729,2015,4533.0,0.0,-0.145103,1.277362,IDN,KIR,611300
2363069,14,123,7729,2015,0.0,1178.0,-0.292325,-0.043489,AUS,LAO,611300
2363070,106,123,7729,2015,0.0,2667.0,1.304942,0.126431,IRL,LAO,611300
2363071,216,123,7729,2015,11079.0,0.0,0.965888,1.368572,THA,LAO,611300
2363072,239,123,7729,2015,9652.0,0.0,-0.17108900000000002,1.10995,VNM,LAO,611300
2363073,231,129,7729,2015,0.0,83332.0,1.720478,-0.129322,USA,LSO,611300
2363074,246,129,7729,2015,2100.0,0.0,0.24944699999999997,1.7573159999999999,ZAF,LSO,611300
2363075,7,137,7729,2015,14619.0,0.0,0.21779600000000002,-0.0047420000000000006,ARE,MDV,611300
2363076,22,137,7729,2015,2170.0,0.0,-1.088465,-0.8745360000000001,BGD,MDV,611300
2363077,43,137,7729,2015,3623.0,0.0,1.077143,1.735757,CHN,MDV,611300
2363078,61,137,7729,2015,18952.0,0.0,2.203818,-2.307561,DEU,MDV,611300
2363079,71,137,7729,2015,2071.0,0.0,0.8173590000000001,2.442556,ESP,MDV,611300
2363080,97,137,7729,2015,24693.0,0.0,0.8255290000000001,1.8017279999999998,HKG,MDV,611300
2363081,153,137,7729,2015,25076.0,0.0,1.082803,0.811615,MYS,MDV,611300
2363082,192,137,7729,2015,8927.0,0.0,2.05613,0.593065,SGP,MDV,611300
2363083,216,137,7729,2015,5726.0,0.0,0.965888,1.368572,THA,MDV,611300
2363084,249,137,7729,2015,2263.0,0.0,1.962832,1.214982,TWN,MDV,611300
2363085,43,145,7729,2015,2987.0,0.0,1.077143,1.735757,CHN,MNG,611300
2363086,61,145,7729,2015,1373.0,0.0,2.203818,-2.307561,DEU,MNG,611300
2363087,111,145,7729,2015,2446.0,0.0,1.321127,0.747046,ITA,MNG,611300
2363088,128,145,7729,2015,745.0,0.0,-0.6773399999999999,0.386343,LKA,MNG,611300
2363089,239,145,7729,2015,1566.0,0.0,-0.17108900000000002,1.10995,VNM,MNG,611300
2363090,7,152,7729,2015,1542.0,0.0,0.21779600000000002,-0.0047420000000000006,ARE,MWI,611300
2363091,104,152,7729,2015,11520.0,0.0,0.24230900000000002,2.8190880000000003,IND,MWI,611300
2363092,246,152,7729,2015,1568.0,0.0,0.24944699999999997,1.7573159999999999,ZAF,MWI,611300
2363093,247,152,7729,2015,4450.0,0.0,-0.44792,-0.769586,ZMB,MWI,611300
2363094,7,157,7729,2015,13970.0,0.0,0.21779600000000002,-0.0047420000000000006,ARE,NER,611300
2363095,43,157,7729,2015,50925.0,0.0,1.077143,1.735757,CHN,NER,611300
2363096,188,157,7729,2015,24950.0,0.0,0.5552520000000001,-0.7263229999999999,SAU,NER,611300
2363097,215,157,7729,2015,33996.0,0.0,-0.66925,-0.873554,TGO,NER,611300
2363098,7,187,7729,2015,4217.0,0.0,0.21779600000000002,-0.0047420000000000006,ARE,RWA,611300
2363099,18,187,7729,2015,798.0,0.0,1.329866,1.100641,BEL,RWA,611300
2363100,43,187,7729,2015,1261.0,95473.0,1.077143,1.735757,CHN,RWA,611300
2363101,116,187,7729,2015,9017.0,0.0,-0.453564,0.433325,KEN,RWA,611300
2363102,75,195,7729,2015,1246.0,0.0,-0.481968,-0.201468,FJI,SLB,611300
2363103,97,195,7729,2015,3547.0,0.0,0.8255290000000001,1.8017279999999998,HKG,SLB,611300
2363104,166,195,7729,2015,6020.0,0.0,0.224598,0.253179,NZL,SLB,611300
2363105,192,195,7729,2015,46973.0,0.0,2.05613,0.593065,SGP,SLB,611300
2363106,7,199,7729,2015,1173650.0,0.0,0.21779600000000002,-0.0047420000000000006,ARE,SOM,611300
2363107,7,214,7729,2015,62045.0,0.0,0.21779600000000002,-0.0047420000000000006,ARE,TCD,611300
2363108,191,214,7729,2015,1338.0,0.0,-0.708349,-0.296663,SEN,TCD,611300
2363109,231,214,7729,2015,3690.0,0.0,1.720478,-0.129322,USA,TCD,611300
2363110,231,234,7729,2015,788.0,0.0,1.720478,-0.129322,USA,VCT,611300
2363111,43,30,7729,2015,2071.0,0.0,1.077143,1.735757,CHN,BMU,611300
2363112,81,30,7729,2015,23992.0,0.0,1.7422990000000003,0.75838,GBR,BMU,611300
2363113,231,30,7729,2015,295911.0,0.0,1.720478,-0.129322,USA,BMU,611300
2363114,39,92,7729,2015,750.0,0.0,0.695867,1.171676,CAN,GRL,611300
2363115,64,92,7729,2015,41612.0,0.0,1.157924,1.2045629999999998,DNK,GRL,611300
2363116,130,92,7729,2015,2131.0,0.0,0.749429,1.3659860000000001,LTU,GRL,611300
2363117,42,182,7729,2015,0.0,3064.0,-0.356167,-0.47629399999999994,CHL,PYF,611300
2363118,43,182,7729,2015,52084.0,0.0,1.077143,1.735757,CHN,PYF,611300
2363119,71,182,7729,2015,3398.0,0.0,0.8173590000000001,2.442556,ESP,PYF,611300
2363120,77,182,7729,2015,68710.0,0.0,1.479792,0.6490239999999999,FRA,PYF,611300
2363121,81,182,7729,2015,0.0,19813.0,1.7422990000000003,0.75838,GBR,PYF,611300
2363122,97,182,7729,2015,2787.0,0.0,0.8255290000000001,1.8017279999999998,HKG,PYF,611300
2363123,111,182,7729,2015,2033.0,0.0,1.321127,0.747046,ITA,PYF,611300
2363124,166,182,7729,2015,12192.0,0.0,0.224598,0.253179,NZL,PYF,611300
2363125,216,182,7729,2015,2020.0,0.0,0.965888,1.368572,THA,PYF,611300
2363126,223,182,7729,2015,393.0,0.0,0.140202,0.967591,TUN,PYF,611300
2363127,224,182,7729,2015,1574.0,0.0,0.438669,2.519632,TUR,PYF,611300
2363128,231,182,7729,2015,11943.0,0.0,1.720478,-0.129322,USA,PYF,611300
2363129,249,182,7729,2015,1928.0,0.0,1.962832,1.214982,TWN,PYF,611300
2363130,71,95,7729,2015,1680.0,0.0,0.8173590000000001,2.442556,ESP,GUM,611300
2363131,216,95,7729,2015,2040.0,0.0,0.965888,1.368572,THA,GUM,611300
2363132,249,146,7729,2015,1299.0,0.0,1.962832,1.214982,TWN,MNP,611300
2363133,77,241,7729,2015,10467.0,0.0,1.479792,0.6490239999999999,FRA,WLF,611300
2363134,77,210,7729,2015,8374.0,0.0,1.479792,0.6490239999999999,FRA,SXM,611300
2363135,231,210,7729,2015,3590.0,0.0,1.720478,-0.129322,USA,SXM,611300
2363136,77,200,7729,2015,3142.0,0.0,1.479792,0.6490239999999999,FRA,SPM,611300
2363137,166,161,7729,2015,1244.0,0.0,0.224598,0.253179,NZL,NIU,611300
2363138,1,7,7731,2015,2734.0,88067.0,-1.249655,-0.9094459999999999,AFG,ARE,611420
2363139,2,7,7731,2015,0.0,58223.0,-1.6542,-1.2598989999999999,AGO,ARE,611420
2363140,8,7,7731,2015,0.0,1150.0,0.116896,0.30330999999999997,ARG,ARE,611420
2363141,9,7,7731,2015,1440.0,734187.0,0.037579,-0.42448800000000003,ARM,ARE,611420
2363142,14,7,7731,2015,5344.0,11674.0,-0.292325,-0.043489,AUS,ARE,611420
2363143,15,7,7731,2015,14902.0,1201.0,1.747098,-0.08026699999999999,AUT,ARE,611420
2363144,16,7,7731,2015,0.0,115702.0,-0.983347,-1.231542,AZE,ARE,611420
2363145,17,7,7731,2015,0.0,3416.0,-0.993318,-1.031194,BDI,ARE,611420
2363146,18,7,7731,2015,19663.0,231643.0,1.329866,1.100641,BEL,ARE,611420
2363147,19,7,7731,2015,0.0,114011.0,-0.5641470000000001,-0.8971020000000001,BEN,ARE,611420
2363148,21,7,7731,2015,0.0,5400.0,-1.085359,-1.034365,BFA,ARE,611420
2363149,22,7,7731,2015,1784547.0,37615.0,-1.088465,-0.8745360000000001,BGD,ARE,611420
2363150,23,7,7731,2015,39149.0,0.0,0.45640699999999995,1.691455,BGR,ARE,611420
2363151,24,7,7731,2015,8542.0,74585.0,0.36650900000000003,-0.28735,BHR,ARE,611420
2363152,26,7,7731,2015,0.0,90063.0,0.355903,0.723092,BIH,ARE,611420
2363153,32,7,7731,2015,24438.0,0.0,0.23656799999999997,0.688607,BRA,ARE,611420
2363154,34,7,7731,2015,0.0,20950.0,1.093564,-0.679211,BRN,ARE,611420
2363155,38,7,7731,2015,0.0,11603.0,-0.35029,-0.6630199999999999,CAF,ARE,611420
2363156,39,7,7731,2015,47429.0,14958.0,0.695867,1.171676,CAN,ARE,611420
2363157,41,7,7731,2015,11321.0,28480.0,2.306075,0.720781,CHE,ARE,611420
2363158,43,7,7731,2015,6258906.0,28250.0,1.077143,1.735757,CHN,ARE,611420
2363159,44,7,7731,2015,0.0,65795.0,-0.856142,-0.905292,CIV,ARE,611420
2363160,45,7,7731,2015,1121.0,46175.0,-0.924366,-1.040721,CMR,ARE,611420
2363161,46,7,7731,2015,0.0,9848.0,-1.3921290000000002,-1.146549,COD,ARE,611420
2363162,47,7,7731,2015,0.0,3508.0,-1.294823,-1.18811,COG,ARE,611420
2363163,49,7,7731,2015,8033.0,0.0,0.156383,-0.183055,COL,ARE,611420
2363164,59,7,7731,2015,6118.0,38615.0,1.743012,0.45424,CZE,ARE,611420
2363165,61,7,7731,2015,93273.0,72510.0,2.203818,-2.307561,DEU,ARE,611420
2363166,62,7,7731,2015,0.0,247527.0,-0.538942,-0.832522,DJI,ARE,611420
2363167,64,7,7731,2015,21578.0,19416.0,1.157924,1.2045629999999998,DNK,ARE,611420
2363168,65,7,7731,2015,9796.0,0.0,-0.212808,0.395873,DOM,ARE,611420
2363169,66,7,7731,2015,0.0,177235.0,-1.54346,-1.255633,DZA,ARE,611420
2363170,68,7,7731,2015,262518.0,64135.0,-0.183053,1.765036,EGY,ARE,611420
2363171,69,7,7731,2015,0.0,17710.0,-1.7745669999999998,-1.013696,ERI,ARE,611420
2363172,71,7,7731,2015,463369.0,989.0,0.8173590000000001,2.442556,ESP,ARE,611420
2363173,72,7,7731,2015,0.0,3212.0,0.9281149999999999,1.1780389999999998,EST,ARE,611420
2363174,73,7,7731,2015,0.0,1491038.0,-1.004896,-0.721019,ETH,ARE,611420
2363175,74,7,7731,2015,0.0,63780.0,1.597817,0.998059,FIN,ARE,611420
2363176,77,7,7731,2015,512757.0,24080.0,1.479792,0.6490239999999999,FRA,ARE,611420
2363177,80,7,7731,2015,0.0,13058.0,-1.384351,-1.209873,GAB,ARE,611420
2363178,81,7,7731,2015,442655.0,10110.0,1.7422990000000003,0.75838,GBR,ARE,611420
2363179,82,7,7731,2015,0.0,1152.0,-0.343663,-0.588017,GEO,ARE,611420
2363180,83,7,7731,2015,0.0,56336.0,-0.750568,-0.690257,GHA,ARE,611420
2363181,87,7,7731,2015,0.0,4444.0,-0.984775,-0.877886,GMB,ARE,611420
2363182,90,7,7731,2015,1883.0,918.0,0.099027,1.012289,GRC,ARE,611420
2363183,93,7,7731,2015,165342.0,0.0,-0.284403,0.525564,GTM,ARE,611420
2363184,97,7,7731,2015,3684248.0,18528.0,0.8255290000000001,1.8017279999999998,HKG,ARE,611420
2363185,99,7,7731,2015,8020.0,0.0,-0.578635,-0.292053,HND,ARE,611420
2363186,100,7,7731,2015,0.0,355657.0,0.7590140000000001,1.257415,HRV,ARE,611420
2363187,102,7,7731,2015,23838.0,0.0,1.462839,0.803258,HUN,ARE,611420
2363188,103,7,7731,2015,195048.0,0.0,-0.145103,1.277362,IDN,ARE,611420
2363189,104,7,7731,2015,16240742.0,235030.0,0.24230900000000002,2.8190880000000003,IND,ARE,611420
2363190,106,7,7731,2015,1021.0,5771.0,1.304942,0.126431,IRL,ARE,611420
2363191,107,7,7731,2015,5298.0,4278374.0,-0.258946,-0.0073420000000000004,IRN,ARE,611420
2363192,108,7,7731,2015,0.0,758937.0,-1.465803,-0.912113,IRQ,ARE,611420
2363193,111,7,7731,2015,556058.0,92593.0,1.321127,0.747046,ITA,ARE,611420
2363194,113,7,7731,2015,83669.0,37465.0,0.121172,0.457301,JOR,ARE,611420
2363195,114,7,7731,2015,12504.0,0.0,2.516133,-0.484202,JPN,ARE,611420
2363196,115,7,7731,2015,0.0,45131.0,-0.45091499999999995,-0.652026,KAZ,ARE,611420
2363197,116,7,7731,2015,0.0,757412.0,-0.453564,0.433325,KEN,ARE,611420
2363198,117,7,7731,2015,0.0,5064.0,0.02058,0.438692,KGZ,ARE,611420
2363199,118,7,7731,2015,144357.0,0.0,-0.791985,-0.833046,KHM,ARE,611420
2363200,121,7,7731,2015,43682.0,0.0,1.900653,0.859406,KOR,ARE,611420
2363201,122,7,7731,2015,94300.0,205052.0,-0.352023,-1.153057,KWT,ARE,611420
2363202,123,7,7731,2015,246.0,0.0,-0.927524,-0.74525,LAO,ARE,611420
2363203,124,7,7731,2015,21094.0,3702932.0,0.317355,1.330374,LBN,ARE,611420
2363204,125,7,7731,2015,0.0,33488.0,-1.087459,-1.195708,LBR,ARE,611420
2363205,126,7,7731,2015,0.0,6833386.0,-1.3257219999999998,-1.260453,LBY,ARE,611420
2363206,128,7,7731,2015,82514.0,124734.0,-0.6773399999999999,0.386343,LKA,ARE,611420
2363207,130,7,7731,2015,0.0,1099.0,0.749429,1.3659860000000001,LTU,ARE,611420
2363208,134,7,7731,2015,126093.0,232783.0,-0.7554810000000001,-0.059697,MAR,ARE,611420
2363209,135,7,7731,2015,0.0,2439.0,-0.313837,-0.20393,MDA,ARE,611420
2363210,136,7,7731,2015,2322.0,4599.0,-1.15947,-0.497217,MDG,ARE,611420
2363211,138,7,7731,2015,30390.0,0.0,1.169724,0.61457,MEX,ARE,611420
2363212,140,7,7731,2015,0.0,9297.0,-0.09009600000000001,-0.147359,MKD,ARE,611420
2363213,143,7,7731,2015,13478.0,0.0,-1.4596120000000001,-0.903904,MMR,ARE,611420
2363214,147,7,7731,2015,0.0,12067.0,-1.293809,-1.115069,MOZ,ARE,611420
2363215,148,7,7731,2015,0.0,20064.0,-1.5597450000000002,-1.3209229999999998,MRT,ARE,611420
2363216,151,7,7731,2015,22703.0,5570.0,-0.231762,-0.195051,MUS,ARE,611420
2363217,152,7,7731,2015,0.0,9338.0,-0.549862,-0.8753190000000001,MWI,ARE,611420
2363218,153,7,7731,2015,45581.0,93445.0,1.082803,0.811615,MYS,ARE,611420
2363219,155,7,7731,2015,0.0,8811.0,-0.43457399999999996,-0.665655,NAM,ARE,611420
2363220,157,7,7731,2015,0.0,122415.0,-1.517292,-1.033891,NER,ARE,611420
2363221,159,7,7731,2015,0.0,14703.0,-1.415451,-1.157829,NGA,ARE,611420
2363222,160,7,7731,2015,9793.0,0.0,-1.102989,-0.952276,NIC,ARE,611420
2363223,162,7,7731,2015,19924.0,5052.0,1.230104,1.27344,NLD,ARE,611420
2363224,163,7,7731,2015,973.0,1537.0,0.950708,0.314339,NOR,ARE,611420
2363225,164,7,7731,2015,7213.0,0.0,-0.290416,0.456716,NPL,ARE,611420
2363226,166,7,7731,2015,3427.0,1812.0,0.224598,0.253179,NZL,ARE,611420
2363227,167,7,7731,2015,9635.0,6034084.0,-0.4699,-1.00451,OMN,ARE,611420
2363228,168,7,7731,2015,586263.0,159304.0,-0.7059979999999999,0.73501,PAK,ARE,611420
2363229,173,7,7731,2015,6279.0,0.0,-0.6007819999999999,0.32152800000000004,PER,ARE,611420
2363230,174,7,7731,2015,85614.0,35875.0,0.6406270000000001,0.45770200000000005,PHL,ARE,611420
2363231,177,7,7731,2015,12366.0,0.0,1.145844,1.1449280000000002,POL,ARE,611420
2363232,179,7,7731,2015,63395.0,0.0,0.561922,2.2276380000000002,PRT,ARE,611420
2363233,183,7,7731,2015,5998.0,254615.0,-0.077053,-0.9922719999999999,QAT,ARE,611420
2363234,185,7,7731,2015,159567.0,28373.0,0.946363,1.056775,ROU,ARE,611420
2363235,186,7,7731,2015,3976.0,33172.0,0.23119,0.035965,RUS,ARE,611420
2363236,187,7,7731,2015,0.0,1011.0,-0.755738,-0.4423,RWA,ARE,611420
2363237,188,7,7731,2015,31679.0,95950.0,0.5552520000000001,-0.7263229999999999,SAU,ARE,611420
2363238,190,7,7731,2015,0.0,225237.0,-1.420356,-1.218424,SDN,ARE,611420
2363239,191,7,7731,2015,0.0,292082.0,-0.708349,-0.296663,SEN,ARE,611420
2363240,192,7,7731,2015,262503.0,41772.0,2.05613,0.593065,SGP,ARE,611420
2363241,196,7,7731,2015,0.0,94953.0,0.072324,-0.255235,SLE,ARE,611420
2363242,197,7,7731,2015,999.0,0.0,0.05531900000000001,0.169073,SLV,ARE,611420
2363243,199,7,7731,2015,0.0,393848.0,-1.716689,-1.078134,SOM,ARE,611420
2363244,201,7,7731,2015,2436.0,1246.0,0.457042,1.324908,SRB,ARE,611420
2363245,206,7,7731,2015,7155.0,0.0,1.287133,0.7900560000000001,SVK,ARE,611420
2363246,208,7,7731,2015,11073.0,0.0,1.8068349999999997,0.693389,SWE,ARE,611420
2363247,211,7,7731,2015,0.0,60188.0,1.017467,-0.285569,SYC,ARE,611420
2363248,212,7,7731,2015,36373.0,251722.0,-0.603532,0.313216,SYR,ARE,611420
2363249,214,7,7731,2015,0.0,71793.0,-1.543675,-0.9703860000000001,TCD,ARE,611420
2363250,216,7,7731,2015,122198.0,208925.0,0.965888,1.368572,THA,ARE,611420
2363251,217,7,7731,2015,0.0,4087.0,-1.134216,-1.174245,TJK,ARE,611420
2363252,223,7,7731,2015,3193.0,2595532.0,0.140202,0.967591,TUN,ARE,611420
2363253,224,7,7731,2015,399413.0,258161.0,0.438669,2.519632,TUR,ARE,611420
2363254,226,7,7731,2015,0.0,1167244.0,-1.02395,-0.017509999999999998,TZA,ARE,611420
2363255,228,7,7731,2015,9359.0,42540.0,0.429879,0.701813,UKR,ARE,611420
2363256,231,7,7731,2015,843569.0,8098.0,1.720478,-0.129322,USA,ARE,611420
2363257,232,7,7731,2015,0.0,354187.0,-0.724966,-0.599292,UZB,ARE,611420
2363258,239,7,7731,2015,229551.0,0.0,-0.17108900000000002,1.10995,VNM,ARE,611420
2363259,243,7,7731,2015,0.0,90441.0,-1.048632,-1.10843,YEM,ARE,611420
2363260,246,7,7731,2015,7016.0,91265.0,0.24944699999999997,1.7573159999999999,ZAF,ARE,611420
2363261,247,7,7731,2015,0.0,1675.0,-0.44792,-0.769586,ZMB,ARE,611420
2363262,248,7,7731,2015,0.0,2320.0,-0.838017,-0.9400270000000001,ZWE,ARE,611420
2363263,249,7,7731,2015,8912.0,0.0,1.962832,1.214982,TWN,ARE,611420
2363264,250,7,7731,2015,789.0,148030.0,0.377283,-0.092204,ANS,ARE,611420
2363265,7,8,7731,2015,1150.0,0.0,0.21779600000000002,-0.0047420000000000006,ARE,ARG,611420
2363266,32,8,7731,2015,4239.0,34097.0,0.23656799999999997,0.688607,BRA,ARG,611420
2363267,42,8,7731,2015,0.0,21597.0,-0.356167,-0.47629399999999994,CHL,ARG,611420
2363268,43,8,7731,2015,409633.0,0.0,1.077143,1.735757,CHN,ARG,611420
2363269,46,8,7731,2015,0.0,1285.0,-1.3921290000000002,-1.146549,COD,ARG,611420
2363270,54,8,7731,2015,0.0,29702.0,-0.694839,-1.093439,CUB,ARG,611420
2363271,71,8,7731,2015,23454.0,0.0,0.8173590000000001,2.442556,ESP,ARG,611420
2363272,77,8,7731,2015,46346.0,2420.0,1.479792,0.6490239999999999,FRA,ARG,611420
2363273,93,8,7731,2015,0.0,1235.0,-0.284403,0.525564,GTM,ARG,611420
2363274,104,8,7731,2015,83028.0,0.0,0.24230900000000002,2.8190880000000003,IND,ARG,611420
2363275,111,8,7731,2015,1086.0,4165.0,1.321127,0.747046,ITA,ARG,611420
2363276,115,8,7731,2015,0.0,5977.0,-0.45091499999999995,-0.652026,KAZ,ARG,611420
2363277,118,8,7731,2015,1167.0,0.0,-0.791985,-0.833046,KHM,ARG,611420
2363278,128,8,7731,2015,3863.0,0.0,-0.6773399999999999,0.386343,LKA,ARG,611420
2363279,168,8,7731,2015,2238.0,0.0,-0.7059979999999999,0.73501,PAK,ARG,611420
2363280,173,8,7731,2015,138962.0,1586.0,-0.6007819999999999,0.32152800000000004,PER,ARG,611420
2363281,179,8,7731,2015,3903.0,0.0,0.561922,2.2276380000000002,PRT,ARG,611420
2363282,180,8,7731,2015,0.0,9972.0,-0.471106,-0.9431139999999999,PRY,ARG,611420
2363283,185,8,7731,2015,0.0,4277.0,0.946363,1.056775,ROU,ARG,611420
2363284,224,8,7731,2015,896.0,0.0,0.438669,2.519632,TUR,ARG,611420
2363285,230,8,7731,2015,0.0,79999.0,0.273876,-0.363695,URY,ARG,611420
2363286,239,8,7731,2015,106004.0,0.0,-0.17108900000000002,1.10995,VNM,ARG,611420
2363287,7,15,7731,2015,1201.0,14902.0,0.21779600000000002,-0.0047420000000000006,ARE,AUT,611420
2363288,14,15,7731,2015,5021.0,3048.0,-0.292325,-0.043489,AUS,AUT,611420
2363289,18,15,7731,2015,2834.0,70235.0,1.329866,1.100641,BEL,AUT,611420
2363290,22,15,7731,2015,406436.0,0.0,-1.088465,-0.8745360000000001,BGD,AUT,611420
2363291,23,15,7731,2015,51433.0,21483.0,0.45640699999999995,1.691455,BGR,AUT,611420
2363292,26,15,7731,2015,127385.0,113426.0,0.355903,0.723092,BIH,AUT,611420
2363293,28,15,7731,2015,0.0,2244.0,0.672499,0.5584020000000001,BLR,AUT,611420
2363294,39,15,7731,2015,0.0,14867.0,0.695867,1.171676,CAN,AUT,611420
2363295,41,15,7731,2015,15052.0,77504.0,2.306075,0.720781,CHE,AUT,611420
2363296,43,15,7731,2015,82553.0,9228.0,1.077143,1.735757,CHN,AUT,611420
2363297,58,15,7731,2015,830.0,22343.0,0.511225,-0.207261,CYP,AUT,611420
2363298,59,15,7731,2015,87866.0,165961.0,1.743012,0.45424,CZE,AUT,611420
2363299,61,15,7731,2015,7028098.0,4424198.0,2.203818,-2.307561,DEU,AUT,611420
2363300,64,15,7731,2015,690823.0,63602.0,1.157924,1.2045629999999998,DNK,AUT,611420
2363301,68,15,7731,2015,34658.0,2591.0,-0.183053,1.765036,EGY,AUT,611420
2363302,71,15,7731,2015,177245.0,49890.0,0.8173590000000001,2.442556,ESP,AUT,611420
2363303,73,15,7731,2015,13087.0,0.0,-1.004896,-0.721019,ETH,AUT,611420
2363304,74,15,7731,2015,4239.0,20844.0,1.597817,0.998059,FIN,AUT,611420
2363305,77,15,7731,2015,49636.0,168991.0,1.479792,0.6490239999999999,FRA,AUT,611420
2363306,81,15,7731,2015,123472.0,22848.0,1.7422990000000003,0.75838,GBR,AUT,611420
2363307,82,15,7731,2015,0.0,963.0,-0.343663,-0.588017,GEO,AUT,611420
2363308,90,15,7731,2015,17218.0,141613.0,0.099027,1.012289,GRC,AUT,611420
2363309,93,15,7731,2015,1447.0,0.0,-0.284403,0.525564,GTM,AUT,611420
2363310,97,15,7731,2015,43838.0,0.0,0.8255290000000001,1.8017279999999998,HKG,AUT,611420
2363311,100,15,7731,2015,40882.0,522919.0,0.7590140000000001,1.257415,HRV,AUT,611420
2363312,102,15,7731,2015,167239.0,372848.0,1.462839,0.803258,HUN,AUT,611420
2363313,103,15,7731,2015,2241.0,0.0,-0.145103,1.277362,IDN,AUT,611420
2363314,104,15,7731,2015,291488.0,0.0,0.24230900000000002,2.8190880000000003,IND,AUT,611420
2363315,106,15,7731,2015,0.0,13113.0,1.304942,0.126431,IRL,AUT,611420
2363316,108,15,7731,2015,0.0,1188.0,-1.465803,-0.912113,IRQ,AUT,611420
2363317,110,15,7731,2015,1860.0,984.0,1.260071,0.545545,ISR,AUT,611420
2363318,111,15,7731,2015,511017.0,202310.0,1.321127,0.747046,ITA,AUT,611420
2363319,114,15,7731,2015,0.0,1338.0,2.516133,-0.484202,JPN,AUT,611420
2363320,115,15,7731,2015,0.0,2305.0,-0.45091499999999995,-0.652026,KAZ,AUT,611420
2363321,118,15,7731,2015,156690.0,0.0,-0.791985,-0.833046,KHM,AUT,611420
2363322,121,15,7731,2015,1870.0,0.0,1.900653,0.859406,KOR,AUT,611420
2363323,122,15,7731,2015,0.0,1077.0,-0.352023,-1.153057,KWT,AUT,611420
2363324,124,15,7731,2015,2681.0,0.0,0.317355,1.330374,LBN,AUT,611420
2363325,128,15,7731,2015,42374.0,0.0,-0.6773399999999999,0.386343,LKA,AUT,611420
2363326,130,15,7731,2015,12062.0,2377.0,0.749429,1.3659860000000001,LTU,AUT,611420
2363327,131,15,7731,2015,0.0,16771.0,1.218924,1.247152,LUX,AUT,611420
2363328,132,15,7731,2015,0.0,1657.0,0.602209,1.125357,LVA,AUT,611420
2363329,134,15,7731,2015,9417.0,0.0,-0.7554810000000001,-0.059697,MAR,AUT,611420
2363330,136,15,7731,2015,2595.0,0.0,-1.15947,-0.497217,MDG,AUT,611420
2363331,142,15,7731,2015,59939.0,0.0,0.880893,-0.117585,MLT,AUT,611420
2363332,144,15,7731,2015,0.0,2878.0,-0.048385000000000004,-0.150759,MNE,AUT,611420
2363333,151,15,7731,2015,1744.0,0.0,-0.231762,-0.195051,MUS,AUT,611420
2363334,153,15,7731,2015,1635.0,0.0,1.082803,0.811615,MYS,AUT,611420
2363335,160,15,7731,2015,3627.0,0.0,-1.102989,-0.952276,NIC,AUT,611420
2363336,162,15,7731,2015,361844.0,331112.0,1.230104,1.27344,NLD,AUT,611420
2363337,163,15,7731,2015,23659.0,7031.0,0.950708,0.314339,NOR,AUT,611420
2363338,164,15,7731,2015,970.0,0.0,-0.290416,0.456716,NPL,AUT,611420
2363339,166,15,7731,2015,0.0,1294.0,0.224598,0.253179,NZL,AUT,611420
2363340,168,15,7731,2015,34992.0,0.0,-0.7059979999999999,0.73501,PAK,AUT,611420
2363341,173,15,7731,2015,1323.0,0.0,-0.6007819999999999,0.32152800000000004,PER,AUT,611420
2363342,174,15,7731,2015,1382.0,0.0,0.6406270000000001,0.45770200000000005,PHL,AUT,611420
2363343,177,15,7731,2015,398218.0,205694.0,1.145844,1.1449280000000002,POL,AUT,611420
2363344,179,15,7731,2015,13216.0,0.0,0.561922,2.2276380000000002,PRT,AUT,611420
2363345,185,15,7731,2015,30467.0,123218.0,0.946363,1.056775,ROU,AUT,611420
2363346,186,15,7731,2015,0.0,99665.0,0.23119,0.035965,RUS,AUT,611420
2363347,188,15,7731,2015,0.0,1048.0,0.5552520000000001,-0.7263229999999999,SAU,AUT,611420
2363348,201,15,7731,2015,5262.0,16431.0,0.457042,1.324908,SRB,AUT,611420
2363349,206,15,7731,2015,72914.0,87593.0,1.287133,0.7900560000000001,SVK,AUT,611420
2363350,207,15,7731,2015,6677.0,205307.0,1.6089879999999999,0.833616,SVN,AUT,611420
2363351,208,15,7731,2015,32446.0,4013.0,1.8068349999999997,0.693389,SWE,AUT,611420
2363352,216,15,7731,2015,23770.0,0.0,0.965888,1.368572,THA,AUT,611420
2363353,223,15,7731,2015,8426.0,0.0,0.140202,0.967591,TUN,AUT,611420
2363354,224,15,7731,2015,71249.0,0.0,0.438669,2.519632,TUR,AUT,611420
2363355,228,15,7731,2015,1520.0,7872.0,0.429879,0.701813,UKR,AUT,611420
2363356,231,15,7731,2015,5511.0,4533.0,1.720478,-0.129322,USA,AUT,611420
2363357,239,15,7731,2015,31077.0,0.0,-0.17108900000000002,1.10995,VNM,AUT,611420
2363358,249,15,7731,2015,8050.0,0.0,1.962832,1.214982,TWN,AUT,611420
2363359,7,18,7731,2015,231643.0,19663.0,0.21779600000000002,-0.0047420000000000006,ARE,BEL,611420
2363360,14,18,7731,2015,12953.0,0.0,-0.292325,-0.043489,AUS,BEL,611420
2363361,15,18,7731,2015,70235.0,2834.0,1.747098,-0.08026699999999999,AUT,BEL,611420
2363362,22,18,7731,2015,372024.0,0.0,-1.088465,-0.8745360000000001,BGD,BEL,611420
2363363,23,18,7731,2015,7384.0,472441.0,0.45640699999999995,1.691455,BGR,BEL,611420
2363364,39,18,7731,2015,0.0,2934.0,0.695867,1.171676,CAN,BEL,611420
2363365,41,18,7731,2015,61113.0,4523.0,2.306075,0.720781,CHE,BEL,611420
2363366,43,18,7731,2015,2008215.0,0.0,1.077143,1.735757,CHN,BEL,611420
2363367,45,18,7731,2015,0.0,11070.0,-0.924366,-1.040721,CMR,BEL,611420
2363368,59,18,7731,2015,3462.0,1845.0,1.743012,0.45424,CZE,BEL,611420
2363369,61,18,7731,2015,1409623.0,75161.0,2.203818,-2.307561,DEU,BEL,611420
2363370,64,18,7731,2015,1814975.0,82557.0,1.157924,1.2045629999999998,DNK,BEL,611420
2363371,71,18,7731,2015,465974.0,149194.0,0.8173590000000001,2.442556,ESP,BEL,611420
2363372,72,18,7731,2015,0.0,1919.0,0.9281149999999999,1.1780389999999998,EST,BEL,611420
2363373,77,18,7731,2015,980556.0,97183.0,1.479792,0.6490239999999999,FRA,BEL,611420
2363374,81,18,7731,2015,247344.0,203206.0,1.7422990000000003,0.75838,GBR,BEL,611420
2363375,85,18,7731,2015,1192.0,0.0,-1.288329,-1.167532,GIN,BEL,611420
2363376,90,18,7731,2015,1950.0,122682.0,0.099027,1.012289,GRC,BEL,611420
2363377,97,18,7731,2015,47707.0,3979.0,0.8255290000000001,1.8017279999999998,HKG,BEL,611420
2363378,100,18,7731,2015,5572.0,4638.0,0.7590140000000001,1.257415,HRV,BEL,611420
2363379,102,18,7731,2015,0.0,16023.0,1.462839,0.803258,HUN,BEL,611420
2363380,103,18,7731,2015,228295.0,0.0,-0.145103,1.277362,IDN,BEL,611420
2363381,104,18,7731,2015,4521862.0,0.0,0.24230900000000002,2.8190880000000003,IND,BEL,611420
2363382,110,18,7731,2015,0.0,14764.0,1.260071,0.545545,ISR,BEL,611420
2363383,111,18,7731,2015,557594.0,2214002.0,1.321127,0.747046,ITA,BEL,611420
2363384,113,18,7731,2015,21628.0,0.0,0.121172,0.457301,JOR,BEL,611420
2363385,114,18,7731,2015,143566.0,33808.0,2.516133,-0.484202,JPN,BEL,611420
2363386,118,18,7731,2015,865.0,0.0,-0.791985,-0.833046,KHM,BEL,611420
2363387,121,18,7731,2015,0.0,7825.0,1.900653,0.859406,KOR,BEL,611420
2363388,122,18,7731,2015,0.0,1163.0,-0.352023,-1.153057,KWT,BEL,611420
2363389,128,18,7731,2015,21107.0,0.0,-0.6773399999999999,0.386343,LKA,BEL,611420
2363390,131,18,7731,2015,69311.0,88343.0,1.218924,1.247152,LUX,BEL,611420
2363391,134,18,7731,2015,1604.0,8115.0,-0.7554810000000001,-0.059697,MAR,BEL,611420
2363392,136,18,7731,2015,8555.0,0.0,-1.15947,-0.497217,MDG,BEL,611420
2363393,142,18,7731,2015,0.0,1480.0,0.880893,-0.117585,MLT,BEL,611420
2363394,151,18,7731,2015,2446.0,0.0,-0.231762,-0.195051,MUS,BEL,611420
2363395,153,18,7731,2015,14751.0,0.0,1.082803,0.811615,MYS,BEL,611420
2363396,155,18,7731,2015,0.0,1274.0,-0.43457399999999996,-0.665655,NAM,BEL,611420
2363397,162,18,7731,2015,3638804.0,1239192.0,1.230104,1.27344,NLD,BEL,611420
2363398,163,18,7731,2015,9139.0,2085.0,0.950708,0.314339,NOR,BEL,611420
2363399,168,18,7731,2015,354226.0,0.0,-0.7059979999999999,0.73501,PAK,BEL,611420
2363400,173,18,7731,2015,15042.0,0.0,-0.6007819999999999,0.32152800000000004,PER,BEL,611420
2363401,177,18,7731,2015,32231.0,12553.0,1.145844,1.1449280000000002,POL,BEL,611420
2363402,179,18,7731,2015,44929.0,13894.0,0.561922,2.2276380000000002,PRT,BEL,611420
2363403,185,18,7731,2015,4292.0,3457.0,0.946363,1.056775,ROU,BEL,611420
2363404,188,18,7731,2015,0.0,15563.0,0.5552520000000001,-0.7263229999999999,SAU,BEL,611420
2363405,192,18,7731,2015,1287.0,0.0,2.05613,0.593065,SGP,BEL,611420
2363406,206,18,7731,2015,4533.0,2041.0,1.287133,0.7900560000000001,SVK,BEL,611420
2363407,208,18,7731,2015,6975.0,9965.0,1.8068349999999997,0.693389,SWE,BEL,611420
2363408,224,18,7731,2015,342118.0,950.0,0.438669,2.519632,TUR,BEL,611420
2363409,228,18,7731,2015,0.0,2963.0,0.429879,0.701813,UKR,BEL,611420
2363410,231,18,7731,2015,23741.0,8468.0,1.720478,-0.129322,USA,BEL,611420
2363411,239,18,7731,2015,23357.0,0.0,-0.17108900000000002,1.10995,VNM,BEL,611420
2363412,249,18,7731,2015,0.0,101716.0,1.962832,1.214982,TWN,BEL,611420
2363413,7,23,7731,2015,0.0,39149.0,0.21779600000000002,-0.0047420000000000006,ARE,BGR,611420
2363414,14,23,7731,2015,0.0,11096.0,-0.292325,-0.043489,AUS,BGR,611420
2363415,15,23,7731,2015,21483.0,51433.0,1.747098,-0.08026699999999999,AUT,BGR,611420
2363416,18,23,7731,2015,472441.0,7384.0,1.329866,1.100641,BEL,BGR,611420
2363417,24,23,7731,2015,0.0,1162.0,0.36650900000000003,-0.28735,BHR,BGR,611420
2363418,32,23,7731,2015,0.0,6299.0,0.23656799999999997,0.688607,BRA,BGR,611420
2363419,39,23,7731,2015,0.0,1566.0,0.695867,1.171676,CAN,BGR,611420
2363420,41,23,7731,2015,0.0,197441.0,2.306075,0.720781,CHE,BGR,611420
2363421,43,23,7731,2015,4470.0,33504.0,1.077143,1.735757,CHN,BGR,611420
2363422,49,23,7731,2015,0.0,893.0,0.156383,-0.183055,COL,BGR,611420
2363423,59,23,7731,2015,9230.0,6683.0,1.743012,0.45424,CZE,BGR,611420
2363424,61,23,7731,2015,47711.0,1102211.0,2.203818,-2.307561,DEU,BGR,611420
2363425,64,23,7731,2015,289116.0,27327.0,1.157924,1.2045629999999998,DNK,BGR,611420
2363426,71,23,7731,2015,26708.0,3062.0,0.8173590000000001,2.442556,ESP,BGR,611420
2363427,77,23,7731,2015,141749.0,177995.0,1.479792,0.6490239999999999,FRA,BGR,611420
2363428,81,23,7731,2015,27663.0,54826.0,1.7422990000000003,0.75838,GBR,BGR,611420
2363429,90,23,7731,2015,87253.0,327847.0,0.099027,1.012289,GRC,BGR,611420
2363430,100,23,7731,2015,7507.0,0.0,0.7590140000000001,1.257415,HRV,BGR,611420
2363431,102,23,7731,2015,15011.0,96756.0,1.462839,0.803258,HUN,BGR,611420
2363432,104,23,7731,2015,10722.0,0.0,0.24230900000000002,2.8190880000000003,IND,BGR,611420
2363433,106,23,7731,2015,0.0,20009.0,1.304942,0.126431,IRL,BGR,611420
2363434,111,23,7731,2015,134134.0,52617.0,1.321127,0.747046,ITA,BGR,611420
2363435,113,23,7731,2015,0.0,1460.0,0.121172,0.457301,JOR,BGR,611420
2363436,114,23,7731,2015,0.0,1625.0,2.516133,-0.484202,JPN,BGR,611420
2363437,121,23,7731,2015,0.0,16824.0,1.900653,0.859406,KOR,BGR,611420
2363438,122,23,7731,2015,0.0,4910.0,-0.352023,-1.153057,KWT,BGR,611420
2363439,124,23,7731,2015,0.0,10773.0,0.317355,1.330374,LBN,BGR,611420
2363440,131,23,7731,2015,3099.0,1724.0,1.218924,1.247152,LUX,BGR,611420
2363441,162,23,7731,2015,17124.0,56950.0,1.230104,1.27344,NLD,BGR,611420
2363442,163,23,7731,2015,4891.0,3783.0,0.950708,0.314339,NOR,BGR,611420
2363443,173,23,7731,2015,0.0,1101.0,-0.6007819999999999,0.32152800000000004,PER,BGR,611420
2363444,177,23,7731,2015,159038.0,100446.0,1.145844,1.1449280000000002,POL,BGR,611420
2363445,183,23,7731,2015,0.0,1732.0,-0.077053,-0.9922719999999999,QAT,BGR,611420
2363446,185,23,7731,2015,0.0,133267.0,0.946363,1.056775,ROU,BGR,611420
2363447,186,23,7731,2015,0.0,6152.0,0.23119,0.035965,RUS,BGR,611420
2363448,192,23,7731,2015,0.0,6032.0,2.05613,0.593065,SGP,BGR,611420
2363449,201,23,7731,2015,0.0,1103.0,0.457042,1.324908,SRB,BGR,611420
2363450,206,23,7731,2015,0.0,2240.0,1.287133,0.7900560000000001,SVK,BGR,611420
2363451,207,23,7731,2015,4238.0,3252.0,1.6089879999999999,0.833616,SVN,BGR,611420
2363452,208,23,7731,2015,0.0,30852.0,1.8068349999999997,0.693389,SWE,BGR,611420
2363453,216,23,7731,2015,0.0,3297.0,0.965888,1.368572,THA,BGR,611420
2363454,224,23,7731,2015,196254.0,1568.0,0.438669,2.519632,TUR,BGR,611420
2363455,228,23,7731,2015,0.0,4076.0,0.429879,0.701813,UKR,BGR,611420
2363456,231,23,7731,2015,0.0,85273.0,1.720478,-0.129322,USA,BGR,611420
2363457,249,23,7731,2015,0.0,12868.0,1.962832,1.214982,TWN,BGR,611420
2363458,61,25,7731,2015,1419.0,0.0,2.203818,-2.307561,DEU,BHS,611420
2363459,71,25,7731,2015,5834.0,0.0,0.8173590000000001,2.442556,ESP,BHS,611420
2363460,77,25,7731,2015,158285.0,0.0,1.479792,0.6490239999999999,FRA,BHS,611420
2363461,112,25,7731,2015,4683.0,0.0,-0.438267,-0.828097,JAM,BHS,611420
2363462,231,25,7731,2015,62147.0,0.0,1.720478,-0.129322,USA,BHS,611420
2363463,250,25,7731,2015,7631.0,0.0,0.377283,-0.092204,ANS,BHS,611420
2363464,2,32,7731,2015,0.0,7909.0,-1.6542,-1.2598989999999999,AGO,BRA,611420
2363465,7,32,7731,2015,0.0,24438.0,0.21779600000000002,-0.0047420000000000006,ARE,BRA,611420
2363466,8,32,7731,2015,34097.0,4239.0,0.116896,0.30330999999999997,ARG,BRA,611420
2363467,14,32,7731,2015,0.0,5201.0,-0.292325,-0.043489,AUS,BRA,611420
2363468,22,32,7731,2015,43226.0,0.0,-1.088465,-0.8745360000000001,BGD,BRA,611420
2363469,23,32,7731,2015,6299.0,0.0,0.45640699999999995,1.691455,BGR,BRA,611420
2363470,31,32,7731,2015,0.0,10522.0,-1.051562,-1.067714,BOL,BRA,611420
2363471,39,32,7731,2015,0.0,1807.0,0.695867,1.171676,CAN,BRA,611420
2363472,41,32,7731,2015,3759.0,5725.0,2.306075,0.720781,CHE,BRA,611420
2363473,42,32,7731,2015,0.0,1826.0,-0.356167,-0.47629399999999994,CHL,BRA,611420
2363474,43,32,7731,2015,1598862.0,0.0,1.077143,1.735757,CHN,BRA,611420
2363475,61,32,7731,2015,3379.0,0.0,2.203818,-2.307561,DEU,BRA,611420
2363476,67,32,7731,2015,0.0,4517.0,-0.9845959999999999,-1.075639,ECU,BRA,611420
2363477,71,32,7731,2015,233883.0,0.0,0.8173590000000001,2.442556,ESP,BRA,611420
2363478,93,32,7731,2015,0.0,966.0,-0.284403,0.525564,GTM,BRA,611420
2363479,97,32,7731,2015,1968.0,0.0,0.8255290000000001,1.8017279999999998,HKG,BRA,611420
2363480,103,32,7731,2015,1580.0,0.0,-0.145103,1.277362,IDN,BRA,611420
2363481,104,32,7731,2015,1400739.0,0.0,0.24230900000000002,2.8190880000000003,IND,BRA,611420
2363482,111,32,7731,2015,23622.0,1302.0,1.321127,0.747046,ITA,BRA,611420
2363483,118,32,7731,2015,33564.0,0.0,-0.791985,-0.833046,KHM,BRA,611420
2363484,121,32,7731,2015,3046.0,0.0,1.900653,0.859406,KOR,BRA,611420
2363485,122,32,7731,2015,0.0,1022.0,-0.352023,-1.153057,KWT,BRA,611420
2363486,128,32,7731,2015,1657.0,0.0,-0.6773399999999999,0.386343,LKA,BRA,611420
2363487,134,32,7731,2015,23302.0,0.0,-0.7554810000000001,-0.059697,MAR,BRA,611420
2363488,138,32,7731,2015,0.0,2874.0,1.169724,0.61457,MEX,BRA,611420
2363489,151,32,7731,2015,1006.0,0.0,-0.231762,-0.195051,MUS,BRA,611420
2363490,169,32,7731,2015,284.0,0.0,0.642058,0.833392,PAN,BRA,611420
2363491,173,32,7731,2015,143545.0,9949.0,-0.6007819999999999,0.32152800000000004,PER,BRA,611420
2363492,179,32,7731,2015,18421.0,0.0,0.561922,2.2276380000000002,PRT,BRA,611420
2363493,180,32,7731,2015,0.0,15678.0,-0.471106,-0.9431139999999999,PRY,BRA,611420
2363494,192,32,7731,2015,10593.0,0.0,2.05613,0.593065,SGP,BRA,611420
2363495,208,32,7731,2015,0.0,5148.0,1.8068349999999997,0.693389,SWE,BRA,611420
2363496,224,32,7731,2015,66072.0,0.0,0.438669,2.519632,TUR,BRA,611420
2363497,230,32,7731,2015,0.0,4587.0,0.273876,-0.363695,URY,BRA,611420
2363498,231,32,7731,2015,1219891.0,10792.0,1.720478,-0.129322,USA,BRA,611420
2363499,239,32,7731,2015,48155.0,0.0,-0.17108900000000002,1.10995,VNM,BRA,611420
2363500,249,32,7731,2015,29913.0,0.0,1.962832,1.214982,TWN,BRA,611420
2363501,231,33,7731,2015,2397.0,657.0,1.720478,-0.129322,USA,BRB,611420
2363502,7,39,7731,2015,14958.0,47429.0,0.21779600000000002,-0.0047420000000000006,ARE,CAN,611420
2363503,9,39,7731,2015,0.0,1340.0,0.037579,-0.42448800000000003,ARM,CAN,611420
2363504,14,39,7731,2015,18080.0,6200.0,-0.292325,-0.043489,AUS,CAN,611420
2363505,15,39,7731,2015,14867.0,0.0,1.747098,-0.08026699999999999,AUT,CAN,611420
2363506,18,39,7731,2015,2934.0,0.0,1.329866,1.100641,BEL,CAN,611420
2363507,22,39,7731,2015,2923872.0,832.0,-1.088465,-0.8745360000000001,BGD,CAN,611420
2363508,23,39,7731,2015,1566.0,0.0,0.45640699999999995,1.691455,BGR,CAN,611420
2363509,26,39,7731,2015,1472.0,0.0,0.355903,0.723092,BIH,CAN,611420
2363510,32,39,7731,2015,1807.0,0.0,0.23656799999999997,0.688607,BRA,CAN,611420
2363511,41,39,7731,2015,10537.0,10344.0,2.306075,0.720781,CHE,CAN,611420
2363512,43,39,7731,2015,6152167.0,6672.0,1.077143,1.735757,CHN,CAN,611420
2363513,52,39,7731,2015,3622.0,12359.0,0.24859699999999998,-0.033143,CRI,CAN,611420
2363514,54,39,7731,2015,0.0,85819.0,-0.694839,-1.093439,CUB,CAN,611420
2363515,58,39,7731,2015,0.0,876.0,0.511225,-0.207261,CYP,CAN,611420
2363516,61,39,7731,2015,30824.0,19219.0,2.203818,-2.307561,DEU,CAN,611420
2363517,64,39,7731,2015,6720.0,0.0,1.157924,1.2045629999999998,DNK,CAN,611420
2363518,65,39,7731,2015,31934.0,0.0,-0.212808,0.395873,DOM,CAN,611420
2363519,67,39,7731,2015,2953.0,0.0,-0.9845959999999999,-1.075639,ECU,CAN,611420
2363520,68,39,7731,2015,562514.0,0.0,-0.183053,1.765036,EGY,CAN,611420
2363521,71,39,7731,2015,302267.0,7208.0,0.8173590000000001,2.442556,ESP,CAN,611420
2363522,77,39,7731,2015,77075.0,11207.0,1.479792,0.6490239999999999,FRA,CAN,611420
2363523,81,39,7731,2015,22704.0,60026.0,1.7422990000000003,0.75838,GBR,CAN,611420
2363524,90,39,7731,2015,5938.0,0.0,0.099027,1.012289,GRC,CAN,611420
2363525,93,39,7731,2015,604142.0,0.0,-0.284403,0.525564,GTM,CAN,611420
2363526,97,39,7731,2015,18407.0,5085.0,0.8255290000000001,1.8017279999999998,HKG,CAN,611420
2363527,99,39,7731,2015,18129.0,0.0,-0.578635,-0.292053,HND,CAN,611420
2363528,100,39,7731,2015,4430.0,0.0,0.7590140000000001,1.257415,HRV,CAN,611420
2363529,101,39,7731,2015,39964.0,0.0,-1.288246,-1.018979,HTI,CAN,611420
2363530,103,39,7731,2015,775861.0,0.0,-0.145103,1.277362,IDN,CAN,611420
2363531,104,39,7731,2015,5135514.0,2054.0,0.24230900000000002,2.8190880000000003,IND,CAN,611420
2363532,106,39,7731,2015,1447.0,0.0,1.304942,0.126431,IRL,CAN,611420
2363533,110,39,7731,2015,1644.0,9439.0,1.260071,0.545545,ISR,CAN,611420
2363534,111,39,7731,2015,96667.0,0.0,1.321127,0.747046,ITA,CAN,611420
2363535,113,39,7731,2015,1816145.0,18699.0,0.121172,0.457301,JOR,CAN,611420
2363536,114,39,7731,2015,8901.0,0.0,2.516133,-0.484202,JPN,CAN,611420
2363537,116,39,7731,2015,2103.0,0.0,-0.453564,0.433325,KEN,CAN,611420
2363538,118,39,7731,2015,3440558.0,10981.0,-0.791985,-0.833046,KHM,CAN,611420
2363539,121,39,7731,2015,12583.0,4939.0,1.900653,0.859406,KOR,CAN,611420
2363540,122,39,7731,2015,0.0,1435.0,-0.352023,-1.153057,KWT,CAN,611420
2363541,124,39,7731,2015,0.0,46094.0,0.317355,1.330374,LBN,CAN,611420
2363542,128,39,7731,2015,50333.0,4393.0,-0.6773399999999999,0.386343,LKA,CAN,611420
2363543,130,39,7731,2015,956.0,0.0,0.749429,1.3659860000000001,LTU,CAN,611420
2363544,133,39,7731,2015,1351.0,0.0,0.296288,0.32009499999999996,MAC,CAN,611420
2363545,134,39,7731,2015,97268.0,0.0,-0.7554810000000001,-0.059697,MAR,CAN,611420
2363546,136,39,7731,2015,1931.0,0.0,-1.15947,-0.497217,MDG,CAN,611420
2363547,138,39,7731,2015,169101.0,0.0,1.169724,0.61457,MEX,CAN,611420
2363548,143,39,7731,2015,9846.0,0.0,-1.4596120000000001,-0.903904,MMR,CAN,611420
2363549,151,39,7731,2015,68568.0,0.0,-0.231762,-0.195051,MUS,CAN,611420
2363550,153,39,7731,2015,4213.0,0.0,1.082803,0.811615,MYS,CAN,611420
2363551,157,39,7731,2015,0.0,13746.0,-1.517292,-1.033891,NER,CAN,611420
2363552,160,39,7731,2015,696097.0,0.0,-1.102989,-0.952276,NIC,CAN,611420
2363553,162,39,7731,2015,5182.0,19782.0,1.230104,1.27344,NLD,CAN,611420
2363554,163,39,7731,2015,3046.0,0.0,0.950708,0.314339,NOR,CAN,611420
2363555,164,39,7731,2015,2852.0,0.0,-0.290416,0.456716,NPL,CAN,611420
2363556,167,39,7731,2015,0.0,7633.0,-0.4699,-1.00451,OMN,CAN,611420
2363557,168,39,7731,2015,227964.0,0.0,-0.7059979999999999,0.73501,PAK,CAN,611420
2363558,173,39,7731,2015,329422.0,0.0,-0.6007819999999999,0.32152800000000004,PER,CAN,611420
2363559,174,39,7731,2015,186443.0,0.0,0.6406270000000001,0.45770200000000005,PHL,CAN,611420
2363560,177,39,7731,2015,2367.0,0.0,1.145844,1.1449280000000002,POL,CAN,611420
2363561,179,39,7731,2015,51724.0,0.0,0.561922,2.2276380000000002,PRT,CAN,611420
2363562,181,39,7731,2015,0.0,1335.0,0.060575,0.5649489999999999,PSE,CAN,611420
2363563,183,39,7731,2015,0.0,20361.0,-0.077053,-0.9922719999999999,QAT,CAN,611420
2363564,185,39,7731,2015,7287.0,0.0,0.946363,1.056775,ROU,CAN,611420
2363565,188,39,7731,2015,0.0,73049.0,0.5552520000000001,-0.7263229999999999,SAU,CAN,611420
2363566,192,39,7731,2015,680245.0,19107.0,2.05613,0.593065,SGP,CAN,611420
2363567,197,39,7731,2015,24183.0,0.0,0.05531900000000001,0.169073,SLV,CAN,611420
2363568,200,39,7731,2015,0.0,3416.0,1.108603,-0.356745,SPM,CAN,611420
2363569,201,39,7731,2015,0.0,7316.0,0.457042,1.324908,SRB,CAN,611420
2363570,206,39,7731,2015,4223.0,0.0,1.287133,0.7900560000000001,SVK,CAN,611420
2363571,207,39,7731,2015,8707.0,0.0,1.6089879999999999,0.833616,SVN,CAN,611420
2363572,208,39,7731,2015,1379.0,19671.0,1.8068349999999997,0.693389,SWE,CAN,611420
2363573,213,39,7731,2015,0.0,2676.0,0.27341,-0.5579649999999999,TCA,CAN,611420
2363574,216,39,7731,2015,289603.0,0.0,0.965888,1.368572,THA,CAN,611420
2363575,223,39,7731,2015,5413.0,5705.0,0.140202,0.967591,TUN,CAN,611420
2363576,224,39,7731,2015,13571.0,1869.0,0.438669,2.519632,TUR,CAN,611420
2363577,231,39,7731,2015,7890202.0,2919347.0,1.720478,-0.129322,USA,CAN,611420
2363578,239,39,7731,2015,4483320.0,0.0,-0.17108900000000002,1.10995,VNM,CAN,611420
2363579,246,39,7731,2015,0.0,13052.0,0.24944699999999997,1.7573159999999999,ZAF,CAN,611420
2363580,249,39,7731,2015,147938.0,1319.0,1.962832,1.214982,TWN,CAN,611420
2363581,4,41,7731,2015,1773.0,0.0,-0.601875,-0.27003,ALB,CHE,611420
2363582,7,41,7731,2015,28480.0,11321.0,0.21779600000000002,-0.0047420000000000006,ARE,CHE,611420
2363583,14,41,7731,2015,3359.0,5418.0,-0.292325,-0.043489,AUS,CHE,611420
2363584,15,41,7731,2015,77504.0,15052.0,1.747098,-0.08026699999999999,AUT,CHE,611420
2363585,18,41,7731,2015,4523.0,61113.0,1.329866,1.100641,BEL,CHE,611420
2363586,22,41,7731,2015,2407191.0,0.0,-1.088465,-0.8745360000000001,BGD,CHE,611420
2363587,23,41,7731,2015,197441.0,0.0,0.45640699999999995,1.691455,BGR,CHE,611420
2363588,24,41,7731,2015,0.0,6805.0,0.36650900000000003,-0.28735,BHR,CHE,611420
2363589,26,41,7731,2015,8056.0,0.0,0.355903,0.723092,BIH,CHE,611420
2363590,32,41,7731,2015,5725.0,3759.0,0.23656799999999997,0.688607,BRA,CHE,611420
2363591,39,41,7731,2015,10344.0,10537.0,0.695867,1.171676,CAN,CHE,611420
2363592,42,41,7731,2015,0.0,1170.0,-0.356167,-0.47629399999999994,CHL,CHE,611420
2363593,43,41,7731,2015,582749.0,12669.0,1.077143,1.735757,CHN,CHE,611420
2363594,51,41,7731,2015,0.0,713.0,-0.263621,-0.772158,CPV,CHE,611420
2363595,59,41,7731,2015,6777.0,2705.0,1.743012,0.45424,CZE,CHE,611420
2363596,61,41,7731,2015,4505608.0,2922232.0,2.203818,-2.307561,DEU,CHE,611420
2363597,64,41,7731,2015,230287.0,23396.0,1.157924,1.2045629999999998,DNK,CHE,611420
2363598,65,41,7731,2015,2994.0,4329.0,-0.212808,0.395873,DOM,CHE,611420
2363599,66,41,7731,2015,0.0,2150.0,-1.54346,-1.255633,DZA,CHE,611420
2363600,68,41,7731,2015,101445.0,0.0,-0.183053,1.765036,EGY,CHE,611420
2363601,69,41,7731,2015,0.0,2315.0,-1.7745669999999998,-1.013696,ERI,CHE,611420
2363602,71,41,7731,2015,263241.0,9029.0,0.8173590000000001,2.442556,ESP,CHE,611420
2363603,72,41,7731,2015,1882.0,0.0,0.9281149999999999,1.1780389999999998,EST,CHE,611420
2363604,73,41,7731,2015,22000.0,0.0,-1.004896,-0.721019,ETH,CHE,611420
2363605,74,41,7731,2015,1415.0,4013.0,1.597817,0.998059,FIN,CHE,611420
2363606,77,41,7731,2015,4235264.0,140535.0,1.479792,0.6490239999999999,FRA,CHE,611420
2363607,81,41,7731,2015,50863.0,23958.0,1.7422990000000003,0.75838,GBR,CHE,611420
2363608,82,41,7731,2015,0.0,1060.0,-0.343663,-0.588017,GEO,CHE,611420
2363609,83,41,7731,2015,962.0,0.0,-0.750568,-0.690257,GHA,CHE,611420
2363610,85,41,7731,2015,0.0,1143.0,-1.288329,-1.167532,GIN,CHE,611420
2363611,89,41,7731,2015,0.0,1016.0,-1.585577,-0.9044979999999999,GNQ,CHE,611420
2363612,90,41,7731,2015,44757.0,1230.0,0.099027,1.012289,GRC,CHE,611420
2363613,97,41,7731,2015,128680.0,13181.0,0.8255290000000001,1.8017279999999998,HKG,CHE,611420
2363614,100,41,7731,2015,8834.0,0.0,0.7590140000000001,1.257415,HRV,CHE,611420
2363615,102,41,7731,2015,1188603.0,0.0,1.462839,0.803258,HUN,CHE,611420
2363616,103,41,7731,2015,37803.0,4385.0,-0.145103,1.277362,IDN,CHE,611420
2363617,104,41,7731,2015,2186397.0,2037.0,0.24230900000000002,2.8190880000000003,IND,CHE,611420
2363618,106,41,7731,2015,0.0,9166.0,1.304942,0.126431,IRL,CHE,611420
2363619,107,41,7731,2015,0.0,440.0,-0.258946,-0.0073420000000000004,IRN,CHE,611420
2363620,109,41,7731,2015,1502.0,0.0,0.24527600000000002,-0.411616,ISL,CHE,611420
2363621,110,41,7731,2015,9512.0,166221.0,1.260071,0.545545,ISR,CHE,611420
2363622,111,41,7731,2015,811091.0,84066.0,1.321127,0.747046,ITA,CHE,611420
2363623,114,41,7731,2015,29549.0,25565.0,2.516133,-0.484202,JPN,CHE,611420
2363624,118,41,7731,2015,289698.0,0.0,-0.791985,-0.833046,KHM,CHE,611420
2363625,121,41,7731,2015,8833.0,0.0,1.900653,0.859406,KOR,CHE,611420
2363626,122,41,7731,2015,0.0,3653.0,-0.352023,-1.153057,KWT,CHE,611420
2363627,124,41,7731,2015,0.0,3660.0,0.317355,1.330374,LBN,CHE,611420
2363628,128,41,7731,2015,33693.0,0.0,-0.6773399999999999,0.386343,LKA,CHE,611420
2363629,130,41,7731,2015,35960.0,0.0,0.749429,1.3659860000000001,LTU,CHE,611420
2363630,131,41,7731,2015,1139.0,29183.0,1.218924,1.247152,LUX,CHE,611420
2363631,132,41,7731,2015,1596.0,0.0,0.602209,1.125357,LVA,CHE,611420
2363632,134,41,7731,2015,76868.0,0.0,-0.7554810000000001,-0.059697,MAR,CHE,611420
2363633,135,41,7731,2015,777.0,0.0,-0.313837,-0.20393,MDA,CHE,611420
2363634,136,41,7731,2015,216627.0,0.0,-1.15947,-0.497217,MDG,CHE,611420
2363635,138,41,7731,2015,2794.0,5271.0,1.169724,0.61457,MEX,CHE,611420
2363636,145,41,7731,2015,1345.0,0.0,-1.244368,-1.196677,MNG,CHE,611420
2363637,151,41,7731,2015,12124.0,0.0,-0.231762,-0.195051,MUS,CHE,611420
2363638,153,41,7731,2015,6179.0,0.0,1.082803,0.811615,MYS,CHE,611420
2363639,162,41,7731,2015,73201.0,64700.0,1.230104,1.27344,NLD,CHE,611420
2363640,163,41,7731,2015,26592.0,24310.0,0.950708,0.314339,NOR,CHE,611420
2363641,164,41,7731,2015,8424.0,2168.0,-0.290416,0.456716,NPL,CHE,611420
2363642,166,41,7731,2015,1449.0,0.0,0.224598,0.253179,NZL,CHE,611420
2363643,168,41,7731,2015,24250.0,0.0,-0.7059979999999999,0.73501,PAK,CHE,611420
2363644,173,41,7731,2015,19738.0,0.0,-0.6007819999999999,0.32152800000000004,PER,CHE,611420
2363645,174,41,7731,2015,3904.0,2005.0,0.6406270000000001,0.45770200000000005,PHL,CHE,611420
2363646,177,41,7731,2015,13757.0,10395.0,1.145844,1.1449280000000002,POL,CHE,611420
2363647,179,41,7731,2015,145156.0,1995.0,0.561922,2.2276380000000002,PRT,CHE,611420
2363648,185,41,7731,2015,97990.0,0.0,0.946363,1.056775,ROU,CHE,611420
2363649,186,41,7731,2015,0.0,20729.0,0.23119,0.035965,RUS,CHE,611420
2363650,188,41,7731,2015,1298.0,0.0,0.5552520000000001,-0.7263229999999999,SAU,CHE,611420
2363651,192,41,7731,2015,1566.0,0.0,2.05613,0.593065,SGP,CHE,611420
2363652,201,41,7731,2015,11548.0,7922.0,0.457042,1.324908,SRB,CHE,611420
2363653,206,41,7731,2015,30872.0,0.0,1.287133,0.7900560000000001,SVK,CHE,611420
2363654,207,41,7731,2015,8426.0,4850.0,1.6089879999999999,0.833616,SVN,CHE,611420
2363655,208,41,7731,2015,13484.0,31282.0,1.8068349999999997,0.693389,SWE,CHE,611420
2363656,216,41,7731,2015,5274.0,7038.0,0.965888,1.368572,THA,CHE,611420
2363657,223,41,7731,2015,32848.0,0.0,0.140202,0.967591,TUN,CHE,611420
2363658,224,41,7731,2015,68027.0,18030.0,0.438669,2.519632,TUR,CHE,611420
2363659,228,41,7731,2015,6114.0,0.0,0.429879,0.701813,UKR,CHE,611420
2363660,231,41,7731,2015,26401.0,13565.0,1.720478,-0.129322,USA,CHE,611420
2363661,232,41,7731,2015,0.0,1466.0,-0.724966,-0.599292,UZB,CHE,611420
2363662,239,41,7731,2015,11897.0,2529.0,-0.17108900000000002,1.10995,VNM,CHE,611420
2363663,246,41,7731,2015,0.0,1222.0,0.24944699999999997,1.7573159999999999,ZAF,CHE,611420
2363664,249,41,7731,2015,3813.0,7166.0,1.962832,1.214982,TWN,CHE,611420
2363665,8,42,7731,2015,21597.0,0.0,0.116896,0.30330999999999997,ARG,CHL,611420
2363666,14,42,7731,2015,19925.0,0.0,-0.292325,-0.043489,AUS,CHL,611420
2363667,22,42,7731,2015,245981.0,0.0,-1.088465,-0.8745360000000001,BGD,CHL,611420
2363668,31,42,7731,2015,0.0,7926.0,-1.051562,-1.067714,BOL,CHL,611420
2363669,32,42,7731,2015,1826.0,0.0,0.23656799999999997,0.688607,BRA,CHL,611420
2363670,41,42,7731,2015,1170.0,0.0,2.306075,0.720781,CHE,CHL,611420
2363671,43,42,7731,2015,3158159.0,0.0,1.077143,1.735757,CHN,CHL,611420
2363672,49,42,7731,2015,20425.0,0.0,0.156383,-0.183055,COL,CHL,611420
2363673,61,42,7731,2015,11149.0,0.0,2.203818,-2.307561,DEU,CHL,611420
2363674,64,42,7731,2015,3450.0,0.0,1.157924,1.2045629999999998,DNK,CHL,611420
2363675,67,42,7731,2015,3790.0,0.0,-0.9845959999999999,-1.075639,ECU,CHL,611420
2363676,71,42,7731,2015,172911.0,0.0,0.8173590000000001,2.442556,ESP,CHL,611420
2363677,77,42,7731,2015,15367.0,0.0,1.479792,0.6490239999999999,FRA,CHL,611420
2363678,81,42,7731,2015,12724.0,0.0,1.7422990000000003,0.75838,GBR,CHL,611420
2363679,93,42,7731,2015,1458.0,0.0,-0.284403,0.525564,GTM,CHL,611420
2363680,97,42,7731,2015,5289.0,0.0,0.8255290000000001,1.8017279999999998,HKG,CHL,611420
2363681,103,42,7731,2015,5773.0,0.0,-0.145103,1.277362,IDN,CHL,611420
2363682,104,42,7731,2015,660376.0,0.0,0.24230900000000002,2.8190880000000003,IND,CHL,611420
2363683,111,42,7731,2015,125093.0,0.0,1.321127,0.747046,ITA,CHL,611420
2363684,113,42,7731,2015,11695.0,0.0,0.121172,0.457301,JOR,CHL,611420
2363685,118,42,7731,2015,69928.0,0.0,-0.791985,-0.833046,KHM,CHL,611420
2363686,121,42,7731,2015,1779.0,0.0,1.900653,0.859406,KOR,CHL,611420
2363687,128,42,7731,2015,3090.0,0.0,-0.6773399999999999,0.386343,LKA,CHL,611420
2363688,153,42,7731,2015,3060.0,0.0,1.082803,0.811615,MYS,CHL,611420
2363689,163,42,7731,2015,2004.0,0.0,0.950708,0.314339,NOR,CHL,611420
2363690,168,42,7731,2015,10009.0,0.0,-0.7059979999999999,0.73501,PAK,CHL,611420
2363691,173,42,7731,2015,78811.0,1121.0,-0.6007819999999999,0.32152800000000004,PER,CHL,611420
2363692,174,42,7731,2015,8948.0,0.0,0.6406270000000001,0.45770200000000005,PHL,CHL,611420
2363693,177,42,7731,2015,2344.0,0.0,1.145844,1.1449280000000002,POL,CHL,611420
2363694,223,42,7731,2015,1124.0,0.0,0.140202,0.967591,TUN,CHL,611420
2363695,224,42,7731,2015,2048.0,0.0,0.438669,2.519632,TUR,CHL,611420
2363696,230,42,7731,2015,0.0,2297.0,0.273876,-0.363695,URY,CHL,611420
2363697,231,42,7731,2015,317485.0,1174.0,1.720478,-0.129322,USA,CHL,611420
2363698,239,42,7731,2015,71813.0,0.0,-0.17108900000000002,1.10995,VNM,CHL,611420
2363699,250,42,7731,2015,592702.0,0.0,0.377283,-0.092204,ANS,CHL,611420
2363700,2,43,7731,2015,0.0,93089.0,-1.6542,-1.2598989999999999,AGO,CHN,611420
2363701,4,43,7731,2015,0.0,15789.0,-0.601875,-0.27003,ALB,CHN,611420
2363702,5,43,7731,2015,0.0,1981.0,0.850153,0.383793,AND,CHN,611420
2363703,7,43,7731,2015,28250.0,6258906.0,0.21779600000000002,-0.0047420000000000006,ARE,CHN,611420
2363704,8,43,7731,2015,0.0,409633.0,0.116896,0.30330999999999997,ARG,CHN,611420
2363705,9,43,7731,2015,0.0,9647.0,0.037579,-0.42448800000000003,ARM,CHN,611420
2363706,13,43,7731,2015,0.0,3229.0,0.43318,-0.552045,ATG,CHN,611420
2363707,14,43,7731,2015,24916.0,19983934.0,-0.292325,-0.043489,AUS,CHN,611420
2363708,15,43,7731,2015,9228.0,82553.0,1.747098,-0.08026699999999999,AUT,CHN,611420
2363709,16,43,7731,2015,0.0,111367.0,-0.983347,-1.231542,AZE,CHN,611420
2363710,17,43,7731,2015,0.0,817.0,-0.993318,-1.031194,BDI,CHN,611420
2363711,18,43,7731,2015,0.0,2008215.0,1.329866,1.100641,BEL,CHN,611420
2363712,21,43,7731,2015,0.0,94968.0,-1.085359,-1.034365,BFA,CHN,611420
2363713,22,43,7731,2015,566201.0,54380.0,-1.088465,-0.8745360000000001,BGD,CHN,611420
2363714,23,43,7731,2015,33504.0,4470.0,0.45640699999999995,1.691455,BGR,CHN,611420
2363715,24,43,7731,2015,0.0,80680.0,0.36650900000000003,-0.28735,BHR,CHN,611420
2363716,26,43,7731,2015,0.0,7100.0,0.355903,0.723092,BIH,CHN,611420
2363717,28,43,7731,2015,0.0,51525.0,0.672499,0.5584020000000001,BLR,CHN,611420
2363718,31,43,7731,2015,0.0,5039.0,-1.051562,-1.067714,BOL,CHN,611420
2363719,32,43,7731,2015,0.0,1598862.0,0.23656799999999997,0.688607,BRA,CHN,611420
2363720,34,43,7731,2015,0.0,179853.0,1.093564,-0.679211,BRN,CHN,611420
2363721,37,43,7731,2015,0.0,7530.0,-0.14164200000000002,-1.0372059999999999,BWA,CHN,611420
2363722,39,43,7731,2015,6672.0,6152167.0,0.695867,1.171676,CAN,CHN,611420
2363723,41,43,7731,2015,12669.0,582749.0,2.306075,0.720781,CHE,CHN,611420
2363724,42,43,7731,2015,0.0,3158159.0,-0.356167,-0.47629399999999994,CHL,CHN,611420
2363725,44,43,7731,2015,0.0,1103.0,-0.856142,-0.905292,CIV,CHN,611420
2363726,45,43,7731,2015,0.0,42466.0,-0.924366,-1.040721,CMR,CHN,611420
2363727,46,43,7731,2015,0.0,41617.0,-1.3921290000000002,-1.146549,COD,CHN,611420
2363728,47,43,7731,2015,0.0,110677.0,-1.294823,-1.18811,COG,CHN,611420
2363729,49,43,7731,2015,0.0,218245.0,0.156383,-0.183055,COL,CHN,611420
2363730,52,43,7731,2015,0.0,22070.0,0.24859699999999998,-0.033143,CRI,CHN,611420
2363731,54,43,7731,2015,0.0,87527.0,-0.694839,-1.093439,CUB,CHN,611420
2363732,58,43,7731,2015,0.0,10141.0,0.511225,-0.207261,CYP,CHN,611420
2363733,59,43,7731,2015,0.0,659845.0,1.743012,0.45424,CZE,CHN,611420
2363734,61,43,7731,2015,53454.0,15053852.0,2.203818,-2.307561,DEU,CHN,611420
2363735,64,43,7731,2015,0.0,2329454.0,1.157924,1.2045629999999998,DNK,CHN,611420
2363736,65,43,7731,2015,0.0,7615.0,-0.212808,0.395873,DOM,CHN,611420
2363737,66,43,7731,2015,0.0,1043910.0,-1.54346,-1.255633,DZA,CHN,611420
2363738,67,43,7731,2015,0.0,57518.0,-0.9845959999999999,-1.075639,ECU,CHN,611420
2363739,68,43,7731,2015,3457.0,402377.0,-0.183053,1.765036,EGY,CHN,611420
2363740,71,43,7731,2015,1032172.0,3670372.0,0.8173590000000001,2.442556,ESP,CHN,611420
2363741,72,43,7731,2015,1099.0,9779.0,0.9281149999999999,1.1780389999999998,EST,CHN,611420
2363742,73,43,7731,2015,0.0,11947.0,-1.004896,-0.721019,ETH,CHN,611420
2363743,74,43,7731,2015,0.0,94692.0,1.597817,0.998059,FIN,CHN,611420
2363744,75,43,7731,2015,0.0,8500.0,-0.481968,-0.201468,FJI,CHN,611420
2363745,77,43,7731,2015,235604.0,6139718.0,1.479792,0.6490239999999999,FRA,CHN,611420
2363746,81,43,7731,2015,107572.0,11714185.0,1.7422990000000003,0.75838,GBR,CHN,611420
2363747,82,43,7731,2015,0.0,1104.0,-0.343663,-0.588017,GEO,CHN,611420
2363748,83,43,7731,2015,0.0,9457.0,-0.750568,-0.690257,GHA,CHN,611420
2363749,85,43,7731,2015,0.0,1952.0,-1.288329,-1.167532,GIN,CHN,611420
2363750,87,43,7731,2015,0.0,19957.0,-0.984775,-0.877886,GMB,CHN,611420
2363751,90,43,7731,2015,27640.0,422914.0,0.099027,1.012289,GRC,CHN,611420
2363752,93,43,7731,2015,11712.0,39354.0,-0.284403,0.525564,GTM,CHN,611420
2363753,96,43,7731,2015,0.0,1060.0,-1.018758,-1.056085,GUY,CHN,611420
2363754,97,43,7731,2015,29801.0,5381333.0,0.8255290000000001,1.8017279999999998,HKG,CHN,611420
2363755,99,43,7731,2015,2760.0,25488.0,-0.578635,-0.292053,HND,CHN,611420
2363756,100,43,7731,2015,3313.0,23559.0,0.7590140000000001,1.257415,HRV,CHN,611420
2363757,102,43,7731,2015,3925.0,38694.0,1.462839,0.803258,HUN,CHN,611420
2363758,103,43,7731,2015,981525.0,356006.0,-0.145103,1.277362,IDN,CHN,611420
2363759,104,43,7731,2015,1345714.0,569218.0,0.24230900000000002,2.8190880000000003,IND,CHN,611420
2363760,106,43,7731,2015,0.0,79215.0,1.304942,0.126431,IRL,CHN,611420
2363761,107,43,7731,2015,0.0,149634.0,-0.258946,-0.0073420000000000004,IRN,CHN,611420
2363762,108,43,7731,2015,0.0,208217.0,-1.465803,-0.912113,IRQ,CHN,611420
2363763,109,43,7731,2015,0.0,53355.0,0.24527600000000002,-0.411616,ISL,CHN,611420
2363764,110,43,7731,2015,0.0,1694298.0,1.260071,0.545545,ISR,CHN,611420
2363765,111,43,7731,2015,615145.0,2745876.0,1.321127,0.747046,ITA,CHN,611420
2363766,112,43,7731,2015,0.0,120606.0,-0.438267,-0.828097,JAM,CHN,611420
2363767,113,43,7731,2015,379796.0,795903.0,0.121172,0.457301,JOR,CHN,611420
2363768,114,43,7731,2015,245712.0,13374504.0,2.516133,-0.484202,JPN,CHN,611420
2363769,115,43,7731,2015,0.0,685764.0,-0.45091499999999995,-0.652026,KAZ,CHN,611420
2363770,116,43,7731,2015,0.0,26848.0,-0.453564,0.433325,KEN,CHN,611420
2363771,117,43,7731,2015,0.0,1423185.0,0.02058,0.438692,KGZ,CHN,611420
2363772,118,43,7731,2015,732983.0,3870.0,-0.791985,-0.833046,KHM,CHN,611420
2363773,121,43,7731,2015,1708108.0,9026449.0,1.900653,0.859406,KOR,CHN,611420
2363774,122,43,7731,2015,0.0,334695.0,-0.352023,-1.153057,KWT,CHN,611420
2363775,124,43,7731,2015,0.0,142575.0,0.317355,1.330374,LBN,CHN,611420
2363776,126,43,7731,2015,0.0,134383.0,-1.3257219999999998,-1.260453,LBY,CHN,611420
2363777,128,43,7731,2015,117977.0,108556.0,-0.6773399999999999,0.386343,LKA,CHN,611420
2363778,130,43,7731,2015,0.0,41931.0,0.749429,1.3659860000000001,LTU,CHN,611420
2363779,131,43,7731,2015,0.0,107488.0,1.218924,1.247152,LUX,CHN,611420
2363780,132,43,7731,2015,1055.0,26871.0,0.602209,1.125357,LVA,CHN,611420
2363781,133,43,7731,2015,0.0,34516.0,0.296288,0.32009499999999996,MAC,CHN,611420
2363782,134,43,7731,2015,330646.0,235040.0,-0.7554810000000001,-0.059697,MAR,CHN,611420
2363783,135,43,7731,2015,47151.0,0.0,-0.313837,-0.20393,MDA,CHN,611420
2363784,136,43,7731,2015,0.0,10126.0,-1.15947,-0.497217,MDG,CHN,611420
2363785,138,43,7731,2015,5513.0,634916.0,1.169724,0.61457,MEX,CHN,611420
2363786,140,43,7731,2015,2042.0,13481.0,-0.09009600000000001,-0.147359,MKD,CHN,611420
2363787,142,43,7731,2015,0.0,41709.0,0.880893,-0.117585,MLT,CHN,611420
2363788,143,43,7731,2015,6754.0,5914.0,-1.4596120000000001,-0.903904,MMR,CHN,611420
2363789,144,43,7731,2015,0.0,34821.0,-0.048385000000000004,-0.150759,MNE,CHN,611420
2363790,145,43,7731,2015,0.0,100602.0,-1.244368,-1.196677,MNG,CHN,611420
2363791,147,43,7731,2015,0.0,32582.0,-1.293809,-1.115069,MOZ,CHN,611420
2363792,151,43,7731,2015,22246.0,52429.0,-0.231762,-0.195051,MUS,CHN,611420
2363793,152,43,7731,2015,0.0,3282.0,-0.549862,-0.8753190000000001,MWI,CHN,611420
2363794,153,43,7731,2015,17876.0,1020551.0,1.082803,0.811615,MYS,CHN,611420
2363795,155,43,7731,2015,0.0,911.0,-0.43457399999999996,-0.665655,NAM,CHN,611420
2363796,156,43,7731,2015,0.0,54518.0,-0.727911,-0.844562,NCL,CHN,611420
2363797,157,43,7731,2015,0.0,7771.0,-1.517292,-1.033891,NER,CHN,611420
2363798,159,43,7731,2015,0.0,41553.0,-1.415451,-1.157829,NGA,CHN,611420
2363799,160,43,7731,2015,28428.0,13016.0,-1.102989,-0.952276,NIC,CHN,611420
2363800,162,43,7731,2015,3803.0,6327951.0,1.230104,1.27344,NLD,CHN,611420
2363801,163,43,7731,2015,1794.0,539525.0,0.950708,0.314339,NOR,CHN,611420
2363802,164,43,7731,2015,995.0,63538.0,-0.290416,0.456716,NPL,CHN,611420
2363803,166,43,7731,2015,1785.0,2418092.0,0.224598,0.253179,NZL,CHN,611420
2363804,167,43,7731,2015,0.0,2727079.0,-0.4699,-1.00451,OMN,CHN,611420
2363805,168,43,7731,2015,476298.0,208525.0,-0.7059979999999999,0.73501,PAK,CHN,611420
2363806,169,43,7731,2015,0.0,1730464.0,0.642058,0.833392,PAN,CHN,611420
2363807,173,43,7731,2015,9945.0,395144.0,-0.6007819999999999,0.32152800000000004,PER,CHN,611420
2363808,174,43,7731,2015,40870.0,681668.0,0.6406270000000001,0.45770200000000005,PHL,CHN,611420
2363809,177,43,7731,2015,6637.0,1095839.0,1.145844,1.1449280000000002,POL,CHN,611420
2363810,178,43,7731,2015,8415.0,70002.0,-0.404818,-0.075235,PRK,CHN,611420
2363811,179,43,7731,2015,589913.0,94126.0,0.561922,2.2276380000000002,PRT,CHN,611420
2363812,180,43,7731,2015,0.0,11550.0,-0.471106,-0.9431139999999999,PRY,CHN,611420
2363813,181,43,7731,2015,0.0,842.0,0.060575,0.5649489999999999,PSE,CHN,611420
2363814,182,43,7731,2015,0.0,12573.0,-0.301696,-0.795154,PYF,CHN,611420
2363815,183,43,7731,2015,0.0,33468.0,-0.077053,-0.9922719999999999,QAT,CHN,611420
2363816,185,43,7731,2015,16020.0,22285.0,0.946363,1.056775,ROU,CHN,611420
2363817,186,43,7731,2015,34712.0,3033007.0,0.23119,0.035965,RUS,CHN,611420
2363818,187,43,7731,2015,0.0,988.0,-0.755738,-0.4423,RWA,CHN,611420
2363819,188,43,7731,2015,0.0,452481.0,0.5552520000000001,-0.7263229999999999,SAU,CHN,611420
2363820,190,43,7731,2015,0.0,275518.0,-1.420356,-1.218424,SDN,CHN,611420
2363821,191,43,7731,2015,0.0,2127.0,-0.708349,-0.296663,SEN,CHN,611420
2363822,192,43,7731,2015,87700.0,2791206.0,2.05613,0.593065,SGP,CHN,611420
2363823,195,43,7731,2015,0.0,1647.0,-1.167451,-0.931206,SLB,CHN,611420
2363824,196,43,7731,2015,0.0,1138.0,0.072324,-0.255235,SLE,CHN,611420
2363825,197,43,7731,2015,0.0,5010.0,0.05531900000000001,0.169073,SLV,CHN,611420
2363826,201,43,7731,2015,940.0,70108.0,0.457042,1.324908,SRB,CHN,611420
2363827,206,43,7731,2015,0.0,63470.0,1.287133,0.7900560000000001,SVK,CHN,611420
2363828,207,43,7731,2015,0.0,13142.0,1.6089879999999999,0.833616,SVN,CHN,611420
2363829,208,43,7731,2015,4793.0,954650.0,1.8068349999999997,0.693389,SWE,CHN,611420
2363830,209,43,7731,2015,0.0,2267.0,0.257467,-0.402491,SWZ,CHN,611420
2363831,211,43,7731,2015,0.0,984.0,1.017467,-0.285569,SYC,CHN,611420
2363832,216,43,7731,2015,170937.0,133534.0,0.965888,1.368572,THA,CHN,611420
2363833,217,43,7731,2015,0.0,3707.0,-1.134216,-1.174245,TJK,CHN,611420
2363834,219,43,7731,2015,0.0,6726.0,-1.546516,-1.315803,TKM,CHN,611420
2363835,222,43,7731,2015,0.0,6528.0,-0.462837,-1.117621,TTO,CHN,611420
2363836,223,43,7731,2015,61761.0,15528.0,0.140202,0.967591,TUN,CHN,611420
2363837,224,43,7731,2015,19386.0,137544.0,0.438669,2.519632,TUR,CHN,611420
2363838,225,43,7731,2015,0.0,80055.0,0.925609,-0.6022569999999999,TUV,CHN,611420
2363839,226,43,7731,2015,0.0,61745.0,-1.02395,-0.017509999999999998,TZA,CHN,611420
2363840,227,43,7731,2015,0.0,7038.0,-0.611023,0.078961,UGA,CHN,611420
2363841,228,43,7731,2015,0.0,53577.0,0.429879,0.701813,UKR,CHN,611420
2363842,230,43,7731,2015,0.0,134780.0,0.273876,-0.363695,URY,CHN,611420
2363843,231,43,7731,2015,929341.0,78121272.0,1.720478,-0.129322,USA,CHN,611420
2363844,236,43,7731,2015,0.0,239793.0,-0.9249129999999999,-1.1877280000000001,VEN,CHN,611420
2363845,239,43,7731,2015,6162997.0,157737.0,-0.17108900000000002,1.10995,VNM,CHN,611420
2363846,246,43,7731,2015,0.0,623778.0,0.24944699999999997,1.7573159999999999,ZAF,CHN,611420
2363847,247,43,7731,2015,0.0,115452.0,-0.44792,-0.769586,ZMB,CHN,611420
2363848,248,43,7731,2015,0.0,985.0,-0.838017,-0.9400270000000001,ZWE,CHN,611420
2363849,249,43,7731,2015,245898.0,390380.0,1.962832,1.214982,TWN,CHN,611420
2363850,7,44,7731,2015,65795.0,0.0,0.21779600000000002,-0.0047420000000000006,ARE,CIV,611420
2363851,21,44,7731,2015,0.0,1766.0,-1.085359,-1.034365,BFA,CIV,611420
2363852,43,44,7731,2015,1103.0,0.0,1.077143,1.735757,CHN,CIV,611420
2363853,71,44,7731,2015,109202.0,0.0,0.8173590000000001,2.442556,ESP,CIV,611420
2363854,77,44,7731,2015,105295.0,250496.0,1.479792,0.6490239999999999,FRA,CIV,611420
2363855,80,44,7731,2015,0.0,1271.0,-1.384351,-1.209873,GAB,CIV,611420
2363856,104,44,7731,2015,1229.0,0.0,0.24230900000000002,2.8190880000000003,IND,CIV,611420
2363857,111,44,7731,2015,37301.0,0.0,1.321127,0.747046,ITA,CIV,611420
2363858,121,44,7731,2015,668.0,0.0,1.900653,0.859406,KOR,CIV,611420
2363859,134,44,7731,2015,1134.0,0.0,-0.7554810000000001,-0.059697,MAR,CIV,611420
2363860,138,44,7731,2015,1568.0,0.0,1.169724,0.61457,MEX,CIV,611420
2363861,141,44,7731,2015,66198.0,0.0,-0.744236,-0.9441860000000001,MLI,CIV,611420
2363862,157,44,7731,2015,0.0,54349.0,-1.517292,-1.033891,NER,CIV,611420
2363863,168,44,7731,2015,4599.0,0.0,-0.7059979999999999,0.73501,PAK,CIV,611420
2363864,192,44,7731,2015,34297.0,0.0,2.05613,0.593065,SGP,CIV,611420
2363865,215,44,7731,2015,2541.0,0.0,-0.66925,-0.873554,TGO,CIV,611420
2363866,223,44,7731,2015,1896.0,0.0,0.140202,0.967591,TUN,CIV,611420
2363867,224,44,7731,2015,2353.0,0.0,0.438669,2.519632,TUR,CIV,611420
2363868,231,44,7731,2015,2789.0,1424.0,1.720478,-0.129322,USA,CIV,611420
2363869,250,44,7731,2015,38519.0,0.0,0.377283,-0.092204,ANS,CIV,611420
2363870,0,49,7731,2015,0.0,2047.0,0.8526809999999999,-0.043541,ABW,COL,611420
2363871,7,49,7731,2015,0.0,8033.0,0.21779600000000002,-0.0047420000000000006,ARE,COL,611420
2363872,22,49,7731,2015,10628.0,0.0,-1.088465,-0.8745360000000001,BGD,COL,611420
2363873,23,49,7731,2015,893.0,0.0,0.45640699999999995,1.691455,BGR,COL,611420
2363874,31,49,7731,2015,0.0,2273.0,-1.051562,-1.067714,BOL,COL,611420
2363875,42,49,7731,2015,0.0,20425.0,-0.356167,-0.47629399999999994,CHL,COL,611420
2363876,43,49,7731,2015,218245.0,0.0,1.077143,1.735757,CHN,COL,611420
2363877,52,49,7731,2015,0.0,31796.0,0.24859699999999998,-0.033143,CRI,COL,611420
2363878,65,49,7731,2015,0.0,1643.0,-0.212808,0.395873,DOM,COL,611420
2363879,67,49,7731,2015,0.0,83807.0,-0.9845959999999999,-1.075639,ECU,COL,611420
2363880,71,49,7731,2015,155572.0,1837.0,0.8173590000000001,2.442556,ESP,COL,611420
2363881,77,49,7731,2015,0.0,1089.0,1.479792,0.6490239999999999,FRA,COL,611420
2363882,81,49,7731,2015,0.0,4419.0,1.7422990000000003,0.75838,GBR,COL,611420
2363883,93,49,7731,2015,0.0,2394.0,-0.284403,0.525564,GTM,COL,611420
2363884,97,49,7731,2015,4237.0,0.0,0.8255290000000001,1.8017279999999998,HKG,COL,611420
2363885,103,49,7731,2015,19079.0,0.0,-0.145103,1.277362,IDN,COL,611420
2363886,104,49,7731,2015,88530.0,0.0,0.24230900000000002,2.8190880000000003,IND,COL,611420
2363887,111,49,7731,2015,29582.0,1061.0,1.321127,0.747046,ITA,COL,611420
2363888,118,49,7731,2015,19812.0,0.0,-0.791985,-0.833046,KHM,COL,611420
2363889,128,49,7731,2015,2128.0,0.0,-0.6773399999999999,0.386343,LKA,COL,611420
2363890,134,49,7731,2015,8256.0,0.0,-0.7554810000000001,-0.059697,MAR,COL,611420
2363891,138,49,7731,2015,4503.0,56214.0,1.169724,0.61457,MEX,COL,611420
2363892,153,49,7731,2015,14485.0,0.0,1.082803,0.811615,MYS,COL,611420
2363893,162,49,7731,2015,42592.0,0.0,1.230104,1.27344,NLD,COL,611420
2363894,168,49,7731,2015,9647.0,0.0,-0.7059979999999999,0.73501,PAK,COL,611420
2363895,169,49,7731,2015,501.0,32688.0,0.642058,0.833392,PAN,COL,611420
2363896,173,49,7731,2015,128629.0,156222.0,-0.6007819999999999,0.32152800000000004,PER,COL,611420
2363897,174,49,7731,2015,857.0,0.0,0.6406270000000001,0.45770200000000005,PHL,COL,611420
2363898,179,49,7731,2015,6827.0,0.0,0.561922,2.2276380000000002,PRT,COL,611420
2363899,192,49,7731,2015,3060.0,0.0,2.05613,0.593065,SGP,COL,611420
2363900,197,49,7731,2015,0.0,4086.0,0.05531900000000001,0.169073,SLV,COL,611420
2363901,224,49,7731,2015,34897.0,0.0,0.438669,2.519632,TUR,COL,611420
2363902,231,49,7731,2015,168429.0,120449.0,1.720478,-0.129322,USA,COL,611420
2363903,236,49,7731,2015,0.0,78381.0,-0.9249129999999999,-1.1877280000000001,VEN,COL,611420
2363904,239,49,7731,2015,969648.0,0.0,-0.17108900000000002,1.10995,VNM,COL,611420
2363905,22,52,7731,2015,1082.0,0.0,-1.088465,-0.8745360000000001,BGD,CRI,611420
2363906,39,52,7731,2015,12359.0,3622.0,0.695867,1.171676,CAN,CRI,611420
2363907,43,52,7731,2015,22070.0,0.0,1.077143,1.735757,CHN,CRI,611420
2363908,49,52,7731,2015,31796.0,0.0,0.156383,-0.183055,COL,CRI,611420
2363909,71,52,7731,2015,38903.0,0.0,0.8173590000000001,2.442556,ESP,CRI,611420
2363910,93,52,7731,2015,5794.0,0.0,-0.284403,0.525564,GTM,CRI,611420
2363911,104,52,7731,2015,19784.0,0.0,0.24230900000000002,2.8190880000000003,IND,CRI,611420
2363912,138,52,7731,2015,6500.0,0.0,1.169724,0.61457,MEX,CRI,611420
2363913,160,52,7731,2015,1930.0,0.0,-1.102989,-0.952276,NIC,CRI,611420
2363914,169,52,7731,2015,17673.0,0.0,0.642058,0.833392,PAN,CRI,611420
2363915,173,52,7731,2015,21616.0,0.0,-0.6007819999999999,0.32152800000000004,PER,CRI,611420
2363916,197,52,7731,2015,13395.0,0.0,0.05531900000000001,0.169073,SLV,CRI,611420
2363917,216,52,7731,2015,3462.0,0.0,0.965888,1.368572,THA,CRI,611420
2363918,231,52,7731,2015,188710.0,108278.0,1.720478,-0.129322,USA,CRI,611420
2363919,239,52,7731,2015,4416.0,0.0,-0.17108900000000002,1.10995,VNM,CRI,611420
2363920,104,55,7731,2015,30858.0,0.0,0.24230900000000002,2.8190880000000003,IND,CUW,611420
2363921,162,55,7731,2015,2645.0,0.0,1.230104,1.27344,NLD,CUW,611420
2363922,192,55,7731,2015,1386.0,0.0,2.05613,0.593065,SGP,CUW,611420
2363923,231,55,7731,2015,32831.0,0.0,1.720478,-0.129322,USA,CUW,611420
2363924,7,59,7731,2015,38615.0,6118.0,0.21779600000000002,-0.0047420000000000006,ARE,CZE,611420
2363925,14,59,7731,2015,2881.0,2657.0,-0.292325,-0.043489,AUS,CZE,611420
2363926,15,59,7731,2015,165961.0,87866.0,1.747098,-0.08026699999999999,AUT,CZE,611420
2363927,18,59,7731,2015,1845.0,3462.0,1.329866,1.100641,BEL,CZE,611420
2363928,22,59,7731,2015,164240.0,0.0,-1.088465,-0.8745360000000001,BGD,CZE,611420
2363929,23,59,7731,2015,6683.0,9230.0,0.45640699999999995,1.691455,BGR,CZE,611420
2363930,26,59,7731,2015,2278.0,0.0,0.355903,0.723092,BIH,CZE,611420
2363931,41,59,7731,2015,2705.0,6777.0,2.306075,0.720781,CHE,CZE,611420
2363932,43,59,7731,2015,659845.0,0.0,1.077143,1.735757,CHN,CZE,611420
2363933,61,59,7731,2015,654040.0,1226495.0,2.203818,-2.307561,DEU,CZE,611420
2363934,64,59,7731,2015,53337.0,15130.0,1.157924,1.2045629999999998,DNK,CZE,611420
2363935,68,59,7731,2015,14414.0,1146.0,-0.183053,1.765036,EGY,CZE,611420
2363936,71,59,7731,2015,129206.0,12807.0,0.8173590000000001,2.442556,ESP,CZE,611420
2363937,72,59,7731,2015,0.0,10884.0,0.9281149999999999,1.1780389999999998,EST,CZE,611420
2363938,73,59,7731,2015,691.0,0.0,-1.004896,-0.721019,ETH,CZE,611420
2363939,74,59,7731,2015,0.0,2122.0,1.597817,0.998059,FIN,CZE,611420
2363940,77,59,7731,2015,77384.0,7851.0,1.479792,0.6490239999999999,FRA,CZE,611420
2363941,81,59,7731,2015,88361.0,320185.0,1.7422990000000003,0.75838,GBR,CZE,611420
2363942,82,59,7731,2015,0.0,1773.0,-0.343663,-0.588017,GEO,CZE,611420
2363943,90,59,7731,2015,0.0,1830.0,0.099027,1.012289,GRC,CZE,611420
2363944,97,59,7731,2015,2697.0,56294.0,0.8255290000000001,1.8017279999999998,HKG,CZE,611420
2363945,100,59,7731,2015,6381.0,4829.0,0.7590140000000001,1.257415,HRV,CZE,611420
2363946,102,59,7731,2015,5030.0,22100.0,1.462839,0.803258,HUN,CZE,611420
2363947,103,59,7731,2015,12749.0,0.0,-0.145103,1.277362,IDN,CZE,611420
2363948,104,59,7731,2015,436665.0,0.0,0.24230900000000002,2.8190880000000003,IND,CZE,611420
2363949,106,59,7731,2015,0.0,4234.0,1.304942,0.126431,IRL,CZE,611420
2363950,111,59,7731,2015,192325.0,12251.0,1.321127,0.747046,ITA,CZE,611420
2363951,118,59,7731,2015,34956.0,0.0,-0.791985,-0.833046,KHM,CZE,611420
2363952,122,59,7731,2015,0.0,3007.0,-0.352023,-1.153057,KWT,CZE,611420
2363953,128,59,7731,2015,69302.0,0.0,-0.6773399999999999,0.386343,LKA,CZE,611420
2363954,130,59,7731,2015,0.0,9518.0,0.749429,1.3659860000000001,LTU,CZE,611420
2363955,131,59,7731,2015,0.0,4861.0,1.218924,1.247152,LUX,CZE,611420
2363956,132,59,7731,2015,0.0,14545.0,0.602209,1.125357,LVA,CZE,611420
2363957,134,59,7731,2015,9030.0,0.0,-0.7554810000000001,-0.059697,MAR,CZE,611420
2363958,136,59,7731,2015,769.0,0.0,-1.15947,-0.497217,MDG,CZE,611420
2363959,140,59,7731,2015,17085.0,1546.0,-0.09009600000000001,-0.147359,MKD,CZE,611420
2363960,151,59,7731,2015,4332.0,0.0,-0.231762,-0.195051,MUS,CZE,611420
2363961,162,59,7731,2015,175424.0,106198.0,1.230104,1.27344,NLD,CZE,611420
2363962,163,59,7731,2015,1554.0,5325.0,0.950708,0.314339,NOR,CZE,611420
2363963,168,59,7731,2015,22932.0,0.0,-0.7059979999999999,0.73501,PAK,CZE,611420
2363964,174,59,7731,2015,1554.0,0.0,0.6406270000000001,0.45770200000000005,PHL,CZE,611420
2363965,177,59,7731,2015,509138.0,151124.0,1.145844,1.1449280000000002,POL,CZE,611420
2363966,179,59,7731,2015,7587.0,0.0,0.561922,2.2276380000000002,PRT,CZE,611420
2363967,185,59,7731,2015,2263.0,23394.0,0.946363,1.056775,ROU,CZE,611420
2363968,186,59,7731,2015,0.0,2264.0,0.23119,0.035965,RUS,CZE,611420
2363969,192,59,7731,2015,0.0,1812.0,2.05613,0.593065,SGP,CZE,611420
2363970,201,59,7731,2015,3000.0,0.0,0.457042,1.324908,SRB,CZE,611420
2363971,206,59,7731,2015,333210.0,206408.0,1.287133,0.7900560000000001,SVK,CZE,611420
2363972,207,59,7731,2015,0.0,4345.0,1.6089879999999999,0.833616,SVN,CZE,611420
2363973,208,59,7731,2015,3460.0,5133.0,1.8068349999999997,0.693389,SWE,CZE,611420
2363974,216,59,7731,2015,2265.0,0.0,0.965888,1.368572,THA,CZE,611420
2363975,223,59,7731,2015,3380.0,0.0,0.140202,0.967591,TUN,CZE,611420
2363976,224,59,7731,2015,30944.0,0.0,0.438669,2.519632,TUR,CZE,611420
2363977,231,59,7731,2015,2214.0,3974.0,1.720478,-0.129322,USA,CZE,611420
2363978,239,59,7731,2015,10407.0,0.0,-0.17108900000000002,1.10995,VNM,CZE,611420
2363979,0,61,7731,2015,0.0,1451.0,0.8526809999999999,-0.043541,ABW,DEU,611420
2363980,2,61,7731,2015,0.0,3046.0,-1.6542,-1.2598989999999999,AGO,DEU,611420
2363981,4,61,7731,2015,0.0,3962.0,-0.601875,-0.27003,ALB,DEU,611420
2363982,5,61,7731,2015,0.0,1181.0,0.850153,0.383793,AND,DEU,611420
2363983,7,61,7731,2015,72510.0,93273.0,0.21779600000000002,-0.0047420000000000006,ARE,DEU,611420
2363984,9,61,7731,2015,0.0,6936.0,0.037579,-0.42448800000000003,ARM,DEU,611420
2363985,14,61,7731,2015,7750.0,16066.0,-0.292325,-0.043489,AUS,DEU,611420
2363986,15,61,7731,2015,4424198.0,7028098.0,1.747098,-0.08026699999999999,AUT,DEU,611420
2363987,16,61,7731,2015,0.0,14686.0,-0.983347,-1.231542,AZE,DEU,611420
2363988,18,61,7731,2015,75161.0,1409623.0,1.329866,1.100641,BEL,DEU,611420
2363989,22,61,7731,2015,18834818.0,0.0,-1.088465,-0.8745360000000001,BGD,DEU,611420
2363990,23,61,7731,2015,1102211.0,47711.0,0.45640699999999995,1.691455,BGR,DEU,611420
2363991,25,61,7731,2015,0.0,1419.0,0.669493,-0.37838099999999997,BHS,DEU,611420
2363992,26,61,7731,2015,41795.0,29680.0,0.355903,0.723092,BIH,DEU,611420
2363993,28,61,7731,2015,0.0,981.0,0.672499,0.5584020000000001,BLR,DEU,611420
2363994,32,61,7731,2015,0.0,3379.0,0.23656799999999997,0.688607,BRA,DEU,611420
2363995,39,61,7731,2015,19219.0,30824.0,0.695867,1.171676,CAN,DEU,611420
2363996,41,61,7731,2015,2922232.0,4505608.0,2.306075,0.720781,CHE,DEU,611420
2363997,42,61,7731,2015,0.0,11149.0,-0.356167,-0.47629399999999994,CHL,DEU,611420
2363998,43,61,7731,2015,15053852.0,53454.0,1.077143,1.735757,CHN,DEU,611420
2363999,58,61,7731,2015,0.0,12797.0,0.511225,-0.207261,CYP,DEU,611420
2364000,59,61,7731,2015,1226495.0,654040.0,1.743012,0.45424,CZE,DEU,611420
2364001,64,61,7731,2015,9262931.0,924926.0,1.157924,1.2045629999999998,DNK,DEU,611420
2364002,65,61,7731,2015,39115.0,1229.0,-0.212808,0.395873,DOM,DEU,611420
2364003,68,61,7731,2015,855724.0,16799.0,-0.183053,1.765036,EGY,DEU,611420
2364004,71,61,7731,2015,1247876.0,1349634.0,0.8173590000000001,2.442556,ESP,DEU,611420
2364005,72,61,7731,2015,0.0,41427.0,0.9281149999999999,1.1780389999999998,EST,DEU,611420
2364006,73,61,7731,2015,176646.0,0.0,-1.004896,-0.721019,ETH,DEU,611420
2364007,74,61,7731,2015,59965.0,178613.0,1.597817,0.998059,FIN,DEU,611420
2364008,77,61,7731,2015,3278652.0,2864170.0,1.479792,0.6490239999999999,FRA,DEU,611420
2364009,81,61,7731,2015,3359996.0,3533925.0,1.7422990000000003,0.75838,GBR,DEU,611420
2364010,82,61,7731,2015,0.0,6251.0,-0.343663,-0.588017,GEO,DEU,611420
2364011,90,61,7731,2015,129227.0,45504.0,0.099027,1.012289,GRC,DEU,611420
2364012,93,61,7731,2015,18292.0,1181.0,-0.284403,0.525564,GTM,DEU,611420
2364013,97,61,7731,2015,56492.0,52606.0,0.8255290000000001,1.8017279999999998,HKG,DEU,611420
2364014,100,61,7731,2015,28033.0,159726.0,0.7590140000000001,1.257415,HRV,DEU,611420
2364015,102,61,7731,2015,240679.0,342965.0,1.462839,0.803258,HUN,DEU,611420
2364016,103,61,7731,2015,1275248.0,0.0,-0.145103,1.277362,IDN,DEU,611420
2364017,104,61,7731,2015,32153974.0,3624.0,0.24230900000000002,2.8190880000000003,IND,DEU,611420
2364018,106,61,7731,2015,390685.0,153028.0,1.304942,0.126431,IRL,DEU,611420
2364019,109,61,7731,2015,0.0,3642.0,0.24527600000000002,-0.411616,ISL,DEU,611420
2364020,110,61,7731,2015,8967.0,8702.0,1.260071,0.545545,ISR,DEU,611420
2364021,111,61,7731,2015,1693895.0,2178156.0,1.321127,0.747046,ITA,DEU,611420
2364022,113,61,7731,2015,10557.0,2119.0,0.121172,0.457301,JOR,DEU,611420
2364023,114,61,7731,2015,8186.0,71695.0,2.516133,-0.484202,JPN,DEU,611420
2364024,115,61,7731,2015,0.0,22014.0,-0.45091499999999995,-0.652026,KAZ,DEU,611420
2364025,117,61,7731,2015,0.0,7519.0,0.02058,0.438692,KGZ,DEU,611420
2364026,118,61,7731,2015,1520828.0,0.0,-0.791985,-0.833046,KHM,DEU,611420
2364027,121,61,7731,2015,0.0,29218.0,1.900653,0.859406,KOR,DEU,611420
2364028,122,61,7731,2015,0.0,14691.0,-0.352023,-1.153057,KWT,DEU,611420
2364029,124,61,7731,2015,0.0,21710.0,0.317355,1.330374,LBN,DEU,611420
2364030,128,61,7731,2015,392546.0,0.0,-0.6773399999999999,0.386343,LKA,DEU,611420
2364031,130,61,7731,2015,117286.0,45709.0,0.749429,1.3659860000000001,LTU,DEU,611420
2364032,131,61,7731,2015,239361.0,157480.0,1.218924,1.247152,LUX,DEU,611420
2364033,132,61,7731,2015,7120.0,21944.0,0.602209,1.125357,LVA,DEU,611420
2364034,133,61,7731,2015,0.0,6641.0,0.296288,0.32009499999999996,MAC,DEU,611420
2364035,134,61,7731,2015,337700.0,8043.0,-0.7554810000000001,-0.059697,MAR,DEU,611420
2364036,135,61,7731,2015,1122.0,1139.0,-0.313837,-0.20393,MDA,DEU,611420
2364037,136,61,7731,2015,67952.0,0.0,-1.15947,-0.497217,MDG,DEU,611420
2364038,138,61,7731,2015,3756.0,7562.0,1.169724,0.61457,MEX,DEU,611420
2364039,140,61,7731,2015,3230.0,5936.0,-0.09009600000000001,-0.147359,MKD,DEU,611420
2364040,142,61,7731,2015,52910.0,6075.0,0.880893,-0.117585,MLT,DEU,611420
2364041,144,61,7731,2015,0.0,5243.0,-0.048385000000000004,-0.150759,MNE,DEU,611420
2364042,145,61,7731,2015,0.0,1771.0,-1.244368,-1.196677,MNG,DEU,611420
2364043,151,61,7731,2015,41606.0,0.0,-0.231762,-0.195051,MUS,DEU,611420
2364044,153,61,7731,2015,4586.0,1990.0,1.082803,0.811615,MYS,DEU,611420
2364045,160,61,7731,2015,18204.0,0.0,-1.102989,-0.952276,NIC,DEU,611420
2364046,162,61,7731,2015,19273266.0,4127019.0,1.230104,1.27344,NLD,DEU,611420
2364047,163,61,7731,2015,19611.0,193018.0,0.950708,0.314339,NOR,DEU,611420
2364048,164,61,7731,2015,20206.0,0.0,-0.290416,0.456716,NPL,DEU,611420
2364049,166,61,7731,2015,0.0,1566.0,0.224598,0.253179,NZL,DEU,611420
2364050,168,61,7731,2015,608260.0,0.0,-0.7059979999999999,0.73501,PAK,DEU,611420
2364051,169,61,7731,2015,0.0,1753.0,0.642058,0.833392,PAN,DEU,611420
2364052,173,61,7731,2015,109504.0,0.0,-0.6007819999999999,0.32152800000000004,PER,DEU,611420
2364053,174,61,7731,2015,10904.0,0.0,0.6406270000000001,0.45770200000000005,PHL,DEU,611420
2364054,177,61,7731,2015,4011339.0,2837176.0,1.145844,1.1449280000000002,POL,DEU,611420
2364055,179,61,7731,2015,1856600.0,89490.0,0.561922,2.2276380000000002,PRT,DEU,611420
2364056,183,61,7731,2015,0.0,17986.0,-0.077053,-0.9922719999999999,QAT,DEU,611420
2364057,185,61,7731,2015,46299.0,148573.0,0.946363,1.056775,ROU,DEU,611420
2364058,186,61,7731,2015,0.0,464535.0,0.23119,0.035965,RUS,DEU,611420
2364059,188,61,7731,2015,0.0,95352.0,0.5552520000000001,-0.7263229999999999,SAU,DEU,611420
2364060,192,61,7731,2015,5416.0,8879.0,2.05613,0.593065,SGP,DEU,611420
2364061,197,61,7731,2015,8295.0,0.0,0.05531900000000001,0.169073,SLV,DEU,611420
2364062,201,61,7731,2015,132126.0,55372.0,0.457042,1.324908,SRB,DEU,611420
2364063,206,61,7731,2015,109475.0,884798.0,1.287133,0.7900560000000001,SVK,DEU,611420
2364064,207,61,7731,2015,42784.0,299567.0,1.6089879999999999,0.833616,SVN,DEU,611420
2364065,208,61,7731,2015,192463.0,353890.0,1.8068349999999997,0.693389,SWE,DEU,611420
2364066,216,61,7731,2015,90827.0,0.0,0.965888,1.368572,THA,DEU,611420
2364067,223,61,7731,2015,45436.0,0.0,0.140202,0.967591,TUN,DEU,611420
2364068,224,61,7731,2015,5696096.0,267520.0,0.438669,2.519632,TUR,DEU,611420
2364069,228,61,7731,2015,6483.0,44025.0,0.429879,0.701813,UKR,DEU,611420
2364070,231,61,7731,2015,558440.0,113162.0,1.720478,-0.129322,USA,DEU,611420
2364071,239,61,7731,2015,354475.0,0.0,-0.17108900000000002,1.10995,VNM,DEU,611420
2364072,246,61,7731,2015,0.0,7290.0,0.24944699999999997,1.7573159999999999,ZAF,DEU,611420
2364073,249,61,7731,2015,4662.0,7127.0,1.962832,1.214982,TWN,DEU,611420
2364074,250,61,7731,2015,0.0,2467.0,0.377283,-0.092204,ANS,DEU,611420
2364075,1,64,7731,2015,0.0,5580.0,-1.249655,-0.9094459999999999,AFG,DNK,611420
2364076,4,64,7731,2015,0.0,707.0,-0.601875,-0.27003,ALB,DNK,611420
2364077,5,64,7731,2015,0.0,857.0,0.850153,0.383793,AND,DNK,611420
2364078,7,64,7731,2015,19416.0,21578.0,0.21779600000000002,-0.0047420000000000006,ARE,DNK,611420
2364079,14,64,7731,2015,1119.0,15937.0,-0.292325,-0.043489,AUS,DNK,611420
2364080,15,64,7731,2015,63602.0,690823.0,1.747098,-0.08026699999999999,AUT,DNK,611420
2364081,18,64,7731,2015,82557.0,1814975.0,1.329866,1.100641,BEL,DNK,611420
2364082,22,64,7731,2015,1691308.0,0.0,-1.088465,-0.8745360000000001,BGD,DNK,611420
2364083,23,64,7731,2015,27327.0,289116.0,0.45640699999999995,1.691455,BGR,DNK,611420
2364084,28,64,7731,2015,0.0,1152.0,0.672499,0.5584020000000001,BLR,DNK,611420
2364085,39,64,7731,2015,0.0,6720.0,0.695867,1.171676,CAN,DNK,611420
2364086,41,64,7731,2015,23396.0,230287.0,2.306075,0.720781,CHE,DNK,611420
2364087,42,64,7731,2015,0.0,3450.0,-0.356167,-0.47629399999999994,CHL,DNK,611420
2364088,43,64,7731,2015,2329454.0,0.0,1.077143,1.735757,CHN,DNK,611420
2364089,58,64,7731,2015,0.0,2319.0,0.511225,-0.207261,CYP,DNK,611420
2364090,59,64,7731,2015,15130.0,53337.0,1.743012,0.45424,CZE,DNK,611420
2364091,61,64,7731,2015,924926.0,9262931.0,2.203818,-2.307561,DEU,DNK,611420
2364092,68,64,7731,2015,0.0,12999.0,-0.183053,1.765036,EGY,DNK,611420
2364093,71,64,7731,2015,38687.0,358148.0,0.8173590000000001,2.442556,ESP,DNK,611420
2364094,72,64,7731,2015,0.0,64382.0,0.9281149999999999,1.1780389999999998,EST,DNK,611420
2364095,73,64,7731,2015,2689.0,0.0,-1.004896,-0.721019,ETH,DNK,611420
2364096,74,64,7731,2015,37478.0,1238277.0,1.597817,0.998059,FIN,DNK,611420
2364097,77,64,7731,2015,72096.0,1594829.0,1.479792,0.6490239999999999,FRA,DNK,611420
2364098,78,64,7731,2015,0.0,44029.0,-0.700767,-0.9214399999999999,FRO,DNK,611420
2364099,81,64,7731,2015,243322.0,1455150.0,1.7422990000000003,0.75838,GBR,DNK,611420
2364100,90,64,7731,2015,0.0,1353.0,0.099027,1.012289,GRC,DNK,611420
2364101,92,64,7731,2015,0.0,37989.0,-1.017707,-0.913467,GRL,DNK,611420
2364102,97,64,7731,2015,5094.0,3446.0,0.8255290000000001,1.8017279999999998,HKG,DNK,611420
2364103,100,64,7731,2015,0.0,2413.0,0.7590140000000001,1.257415,HRV,DNK,611420
2364104,102,64,7731,2015,2356.0,5365.0,1.462839,0.803258,HUN,DNK,611420
2364105,103,64,7731,2015,12344.0,0.0,-0.145103,1.277362,IDN,DNK,611420
2364106,104,64,7731,2015,3131325.0,57455.0,0.24230900000000002,2.8190880000000003,IND,DNK,611420
2364107,106,64,7731,2015,2784.0,147135.0,1.304942,0.126431,IRL,DNK,611420
2364108,107,64,7731,2015,0.0,797.0,-0.258946,-0.0073420000000000004,IRN,DNK,611420
2364109,109,64,7731,2015,10842.0,90789.0,0.24527600000000002,-0.411616,ISL,DNK,611420
2364110,110,64,7731,2015,0.0,2427.0,1.260071,0.545545,ISR,DNK,611420
2364111,111,64,7731,2015,32945.0,703233.0,1.321127,0.747046,ITA,DNK,611420
2364112,113,64,7731,2015,0.0,2453.0,0.121172,0.457301,JOR,DNK,611420
2364113,114,64,7731,2015,4200.0,2011.0,2.516133,-0.484202,JPN,DNK,611420
2364114,115,64,7731,2015,0.0,6272.0,-0.45091499999999995,-0.652026,KAZ,DNK,611420
2364115,118,64,7731,2015,63268.0,0.0,-0.791985,-0.833046,KHM,DNK,611420
2364116,121,64,7731,2015,3838.0,3494.0,1.900653,0.859406,KOR,DNK,611420
2364117,122,64,7731,2015,0.0,7055.0,-0.352023,-1.153057,KWT,DNK,611420
2364118,124,64,7731,2015,0.0,25881.0,0.317355,1.330374,LBN,DNK,611420
2364119,128,64,7731,2015,32001.0,0.0,-0.6773399999999999,0.386343,LKA,DNK,611420
2364120,130,64,7731,2015,5498.0,1105578.0,0.749429,1.3659860000000001,LTU,DNK,611420
2364121,131,64,7731,2015,0.0,60106.0,1.218924,1.247152,LUX,DNK,611420
2364122,132,64,7731,2015,0.0,23222.0,0.602209,1.125357,LVA,DNK,611420
2364123,138,64,7731,2015,0.0,985.0,1.169724,0.61457,MEX,DNK,611420
2364124,140,64,7731,2015,0.0,842.0,-0.09009600000000001,-0.147359,MKD,DNK,611420
2364125,162,64,7731,2015,351717.0,4014846.0,1.230104,1.27344,NLD,DNK,611420
2364126,163,64,7731,2015,118021.0,765233.0,0.950708,0.314339,NOR,DNK,611420
2364127,168,64,7731,2015,64377.0,0.0,-0.7059979999999999,0.73501,PAK,DNK,611420
2364128,173,64,7731,2015,1146.0,48702.0,-0.6007819999999999,0.32152800000000004,PER,DNK,611420
2364129,174,64,7731,2015,15132.0,0.0,0.6406270000000001,0.45770200000000005,PHL,DNK,611420
2364130,177,64,7731,2015,52470.0,810080.0,1.145844,1.1449280000000002,POL,DNK,611420
2364131,179,64,7731,2015,634693.0,765136.0,0.561922,2.2276380000000002,PRT,DNK,611420
2364132,185,64,7731,2015,29303.0,111549.0,0.946363,1.056775,ROU,DNK,611420
2364133,186,64,7731,2015,21931.0,34103.0,0.23119,0.035965,RUS,DNK,611420
2364134,188,64,7731,2015,0.0,7805.0,0.5552520000000001,-0.7263229999999999,SAU,DNK,611420
2364135,192,64,7731,2015,0.0,2674.0,2.05613,0.593065,SGP,DNK,611420
2364136,201,64,7731,2015,0.0,5915.0,0.457042,1.324908,SRB,DNK,611420
2364137,206,64,7731,2015,0.0,2336.0,1.287133,0.7900560000000001,SVK,DNK,611420
2364138,207,64,7731,2015,14187.0,27797.0,1.6089879999999999,0.833616,SVN,DNK,611420
2364139,208,64,7731,2015,344272.0,1647875.0,1.8068349999999997,0.693389,SWE,DNK,611420
2364140,224,64,7731,2015,419855.0,11572.0,0.438669,2.519632,TUR,DNK,611420
2364141,228,64,7731,2015,23611.0,16708.0,0.429879,0.701813,UKR,DNK,611420
2364142,231,64,7731,2015,45864.0,6226.0,1.720478,-0.129322,USA,DNK,611420
2364143,232,64,7731,2015,0.0,3540.0,-0.724966,-0.599292,UZB,DNK,611420
2364144,239,64,7731,2015,13845.0,0.0,-0.17108900000000002,1.10995,VNM,DNK,611420
2364145,246,64,7731,2015,0.0,4602.0,0.24944699999999997,1.7573159999999999,ZAF,DNK,611420
2364146,7,65,7731,2015,0.0,9796.0,0.21779600000000002,-0.0047420000000000006,ARE,DOM,611420
2364147,22,65,7731,2015,3591.0,0.0,-1.088465,-0.8745360000000001,BGD,DOM,611420
2364148,39,65,7731,2015,0.0,31934.0,0.695867,1.171676,CAN,DOM,611420
2364149,41,65,7731,2015,4329.0,2994.0,2.306075,0.720781,CHE,DOM,611420
2364150,43,65,7731,2015,7615.0,0.0,1.077143,1.735757,CHN,DOM,611420
2364151,49,65,7731,2015,1643.0,0.0,0.156383,-0.183055,COL,DOM,611420
2364152,61,65,7731,2015,1229.0,39115.0,2.203818,-2.307561,DEU,DOM,611420
2364153,71,65,7731,2015,56200.0,0.0,0.8173590000000001,2.442556,ESP,DOM,611420
2364154,77,65,7731,2015,7460.0,0.0,1.479792,0.6490239999999999,FRA,DOM,611420
2364155,103,65,7731,2015,3325.0,0.0,-0.145103,1.277362,IDN,DOM,611420
2364156,104,65,7731,2015,1229.0,0.0,0.24230900000000002,2.8190880000000003,IND,DOM,611420
2364157,106,65,7731,2015,0.0,2527.0,1.304942,0.126431,IRL,DOM,611420
2364158,111,65,7731,2015,8278.0,0.0,1.321127,0.747046,ITA,DOM,611420
2364159,122,65,7731,2015,0.0,8680.0,-0.352023,-1.153057,KWT,DOM,611420
2364160,134,65,7731,2015,3392.0,0.0,-0.7554810000000001,-0.059697,MAR,DOM,611420
2364161,160,65,7731,2015,1814.0,0.0,-1.102989,-0.952276,NIC,DOM,611420
2364162,163,65,7731,2015,0.0,4127.0,0.950708,0.314339,NOR,DOM,611420
2364163,168,65,7731,2015,7267.0,0.0,-0.7059979999999999,0.73501,PAK,DOM,611420
2364164,169,65,7731,2015,2010.0,0.0,0.642058,0.833392,PAN,DOM,611420
2364165,173,65,7731,2015,8244.0,0.0,-0.6007819999999999,0.32152800000000004,PER,DOM,611420
2364166,179,65,7731,2015,5946.0,41176.0,0.561922,2.2276380000000002,PRT,DOM,611420
2364167,183,65,7731,2015,0.0,2323.0,-0.077053,-0.9922719999999999,QAT,DOM,611420
2364168,216,65,7731,2015,3432.0,0.0,0.965888,1.368572,THA,DOM,611420
2364169,224,65,7731,2015,6724.0,0.0,0.438669,2.519632,TUR,DOM,611420
2364170,231,65,7731,2015,16947.0,130501.0,1.720478,-0.129322,USA,DOM,611420
2364171,239,65,7731,2015,2019.0,0.0,-0.17108900000000002,1.10995,VNM,DOM,611420
2364172,22,67,7731,2015,4991.0,0.0,-1.088465,-0.8745360000000001,BGD,ECU,611420
2364173,32,67,7731,2015,4517.0,0.0,0.23656799999999997,0.688607,BRA,ECU,611420
2364174,39,67,7731,2015,0.0,2953.0,0.695867,1.171676,CAN,ECU,611420
2364175,42,67,7731,2015,0.0,3790.0,-0.356167,-0.47629399999999994,CHL,ECU,611420
2364176,43,67,7731,2015,57518.0,0.0,1.077143,1.735757,CHN,ECU,611420
2364177,49,67,7731,2015,83807.0,0.0,0.156383,-0.183055,COL,ECU,611420
2364178,71,67,7731,2015,517850.0,1905.0,0.8173590000000001,2.442556,ESP,ECU,611420
2364179,104,67,7731,2015,3572.0,0.0,0.24230900000000002,2.8190880000000003,IND,ECU,611420
2364180,118,67,7731,2015,10344.0,0.0,-0.791985,-0.833046,KHM,ECU,611420
2364181,128,67,7731,2015,2358.0,0.0,-0.6773399999999999,0.386343,LKA,ECU,611420
2364182,134,67,7731,2015,2914.0,0.0,-0.7554810000000001,-0.059697,MAR,ECU,611420
2364183,169,67,7731,2015,905.0,0.0,0.642058,0.833392,PAN,ECU,611420
2364184,173,67,7731,2015,190079.0,0.0,-0.6007819999999999,0.32152800000000004,PER,ECU,611420
2364185,179,67,7731,2015,4984.0,0.0,0.561922,2.2276380000000002,PRT,ECU,611420
2364186,224,67,7731,2015,12647.0,0.0,0.438669,2.519632,TUR,ECU,611420
2364187,231,67,7731,2015,3572.0,0.0,1.720478,-0.129322,USA,ECU,611420
2364188,0,71,7731,2015,0.0,1101.0,0.8526809999999999,-0.043541,ABW,ESP,611420
2364189,2,71,7731,2015,0.0,2853.0,-1.6542,-1.2598989999999999,AGO,ESP,611420
2364190,4,71,7731,2015,0.0,7041.0,-0.601875,-0.27003,ALB,ESP,611420
2364191,5,71,7731,2015,2548.0,627856.0,0.850153,0.383793,AND,ESP,611420
2364192,7,71,7731,2015,989.0,463369.0,0.21779600000000002,-0.0047420000000000006,ARE,ESP,611420
2364193,8,71,7731,2015,0.0,23454.0,0.116896,0.30330999999999997,ARG,ESP,611420
2364194,9,71,7731,2015,0.0,9088.0,0.037579,-0.42448800000000003,ARM,ESP,611420
2364195,14,71,7731,2015,3015.0,154030.0,-0.292325,-0.043489,AUS,ESP,611420
2364196,15,71,7731,2015,49890.0,177245.0,1.747098,-0.08026699999999999,AUT,ESP,611420
2364197,16,71,7731,2015,0.0,18035.0,-0.983347,-1.231542,AZE,ESP,611420
2364198,18,71,7731,2015,149194.0,465974.0,1.329866,1.100641,BEL,ESP,611420
2364199,22,71,7731,2015,3455157.0,0.0,-1.088465,-0.8745360000000001,BGD,ESP,611420
2364200,23,71,7731,2015,3062.0,26708.0,0.45640699999999995,1.691455,BGR,ESP,611420
2364201,24,71,7731,2015,0.0,47920.0,0.36650900000000003,-0.28735,BHR,ESP,611420
2364202,25,71,7731,2015,0.0,5834.0,0.669493,-0.37838099999999997,BHS,ESP,611420
2364203,26,71,7731,2015,0.0,11825.0,0.355903,0.723092,BIH,ESP,611420
2364204,27,71,7731,2015,0.0,19672.0,0.562426,-0.459475,BLM,ESP,611420
2364205,31,71,7731,2015,0.0,3623.0,-1.051562,-1.067714,BOL,ESP,611420
2364206,32,71,7731,2015,0.0,233883.0,0.23656799999999997,0.688607,BRA,ESP,611420
2364207,39,71,7731,2015,7208.0,302267.0,0.695867,1.171676,CAN,ESP,611420
2364208,41,71,7731,2015,9029.0,263241.0,2.306075,0.720781,CHE,ESP,611420
2364209,42,71,7731,2015,0.0,172911.0,-0.356167,-0.47629399999999994,CHL,ESP,611420
2364210,43,71,7731,2015,3670372.0,1032172.0,1.077143,1.735757,CHN,ESP,611420
2364211,44,71,7731,2015,0.0,109202.0,-0.856142,-0.905292,CIV,ESP,611420
2364212,45,71,7731,2015,0.0,8270.0,-0.924366,-1.040721,CMR,ESP,611420
2364213,49,71,7731,2015,1837.0,155572.0,0.156383,-0.183055,COL,ESP,611420
2364214,51,71,7731,2015,0.0,18177.0,-0.263621,-0.772158,CPV,ESP,611420
2364215,52,71,7731,2015,0.0,38903.0,0.24859699999999998,-0.033143,CRI,ESP,611420
2364216,54,71,7731,2015,0.0,470699.0,-0.694839,-1.093439,CUB,ESP,611420
2364217,58,71,7731,2015,0.0,121940.0,0.511225,-0.207261,CYP,ESP,611420
2364218,59,71,7731,2015,12807.0,129206.0,1.743012,0.45424,CZE,ESP,611420
2364219,61,71,7731,2015,1349634.0,1247876.0,2.203818,-2.307561,DEU,ESP,611420
2364220,64,71,7731,2015,358148.0,38687.0,1.157924,1.2045629999999998,DNK,ESP,611420
2364221,65,71,7731,2015,0.0,56200.0,-0.212808,0.395873,DOM,ESP,611420
2364222,66,71,7731,2015,0.0,229984.0,-1.54346,-1.255633,DZA,ESP,611420
2364223,67,71,7731,2015,1905.0,517850.0,-0.9845959999999999,-1.075639,ECU,ESP,611420
2364224,68,71,7731,2015,31262.0,121456.0,-0.183053,1.765036,EGY,ESP,611420
2364225,72,71,7731,2015,0.0,16521.0,0.9281149999999999,1.1780389999999998,EST,ESP,611420
2364226,74,71,7731,2015,3467.0,68359.0,1.597817,0.998059,FIN,ESP,611420
2364227,77,71,7731,2015,1867840.0,2399434.0,1.479792,0.6490239999999999,FRA,ESP,611420
2364228,81,71,7731,2015,812203.0,1142032.0,1.7422990000000003,0.75838,GBR,ESP,611420
2364229,82,71,7731,2015,0.0,19007.0,-0.343663,-0.588017,GEO,ESP,611420
2364230,83,71,7731,2015,0.0,2272.0,-0.750568,-0.690257,GHA,ESP,611420
2364231,84,71,7731,2015,0.0,4999.0,0.535143,-0.750155,GIB,ESP,611420
2364232,89,71,7731,2015,0.0,1443.0,-1.585577,-0.9044979999999999,GNQ,ESP,611420
2364233,90,71,7731,2015,15476.0,992057.0,0.099027,1.012289,GRC,ESP,611420
2364234,93,71,7731,2015,58093.0,72706.0,-0.284403,0.525564,GTM,ESP,611420
2364235,97,71,7731,2015,12556.0,412092.0,0.8255290000000001,1.8017279999999998,HKG,ESP,611420
2364236,99,71,7731,2015,0.0,128071.0,-0.578635,-0.292053,HND,ESP,611420
2364237,100,71,7731,2015,54298.0,63813.0,0.7590140000000001,1.257415,HRV,ESP,611420
2364238,102,71,7731,2015,1877.0,110028.0,1.462839,0.803258,HUN,ESP,611420
2364239,103,71,7731,2015,139976.0,125058.0,-0.145103,1.277362,IDN,ESP,611420
2364240,104,71,7731,2015,9947521.0,67479.0,0.24230900000000002,2.8190880000000003,IND,ESP,611420
2364241,106,71,7731,2015,71282.0,867298.0,1.304942,0.126431,IRL,ESP,611420
2364242,107,71,7731,2015,0.0,1139.0,-0.258946,-0.0073420000000000004,IRN,ESP,611420
2364243,109,71,7731,2015,0.0,10991.0,0.24527600000000002,-0.411616,ISL,ESP,611420
2364244,110,71,7731,2015,0.0,521485.0,1.260071,0.545545,ISR,ESP,611420
2364245,111,71,7731,2015,1355023.0,1563425.0,1.321127,0.747046,ITA,ESP,611420
2364246,113,71,7731,2015,93649.0,38242.0,0.121172,0.457301,JOR,ESP,611420
2364247,114,71,7731,2015,6145.0,511950.0,2.516133,-0.484202,JPN,ESP,611420
2364248,115,71,7731,2015,0.0,98257.0,-0.45091499999999995,-0.652026,KAZ,ESP,611420
2364249,118,71,7731,2015,320584.0,0.0,-0.791985,-0.833046,KHM,ESP,611420
2364250,121,71,7731,2015,2303.0,402366.0,1.900653,0.859406,KOR,ESP,611420
2364251,122,71,7731,2015,0.0,302641.0,-0.352023,-1.153057,KWT,ESP,611420
2364252,124,71,7731,2015,0.0,184010.0,0.317355,1.330374,LBN,ESP,611420
2364253,126,71,7731,2015,0.0,98956.0,-1.3257219999999998,-1.260453,LBY,ESP,611420
2364254,128,71,7731,2015,158922.0,1134.0,-0.6773399999999999,0.386343,LKA,ESP,611420
2364255,130,71,7731,2015,1338.0,27828.0,0.749429,1.3659860000000001,LTU,ESP,611420
2364256,131,71,7731,2015,0.0,27320.0,1.218924,1.247152,LUX,ESP,611420
2364257,132,71,7731,2015,0.0,13733.0,0.602209,1.125357,LVA,ESP,611420
2364258,133,71,7731,2015,0.0,12795.0,0.296288,0.32009499999999996,MAC,ESP,611420
2364259,134,71,7731,2015,2938208.0,142625.0,-0.7554810000000001,-0.059697,MAR,ESP,611420
2364260,135,71,7731,2015,18332.0,6076.0,-0.313837,-0.20393,MDA,ESP,611420
2364261,138,71,7731,2015,5713.0,1661597.0,1.169724,0.61457,MEX,ESP,611420
2364262,140,71,7731,2015,0.0,5371.0,-0.09009600000000001,-0.147359,MKD,ESP,611420
2364263,142,71,7731,2015,0.0,43179.0,0.880893,-0.117585,MLT,ESP,611420
2364264,143,71,7731,2015,2667.0,0.0,-1.4596120000000001,-0.903904,MMR,ESP,611420
2364265,144,71,7731,2015,0.0,6660.0,-0.048385000000000004,-0.150759,MNE,ESP,611420
2364266,151,71,7731,2015,16434.0,0.0,-0.231762,-0.195051,MUS,ESP,611420
2364267,153,71,7731,2015,7197.0,118765.0,1.082803,0.811615,MYS,ESP,611420
2364268,156,71,7731,2015,0.0,12268.0,-0.727911,-0.844562,NCL,ESP,611420
2364269,160,71,7731,2015,3838.0,0.0,-1.102989,-0.952276,NIC,ESP,611420
2364270,162,71,7731,2015,859008.0,416929.0,1.230104,1.27344,NLD,ESP,611420
2364271,163,71,7731,2015,5032.0,72409.0,0.950708,0.314339,NOR,ESP,611420
2364272,164,71,7731,2015,57227.0,0.0,-0.290416,0.456716,NPL,ESP,611420
2364273,167,71,7731,2015,0.0,18225.0,-0.4699,-1.00451,OMN,ESP,611420
2364274,168,71,7731,2015,33149.0,0.0,-0.7059979999999999,0.73501,PAK,ESP,611420
2364275,169,71,7731,2015,0.0,145020.0,0.642058,0.833392,PAN,ESP,611420
2364276,173,71,7731,2015,7643.0,28900.0,-0.6007819999999999,0.32152800000000004,PER,ESP,611420
2364277,174,71,7731,2015,1668.0,82936.0,0.6406270000000001,0.45770200000000005,PHL,ESP,611420
2364278,177,71,7731,2015,69374.0,612002.0,1.145844,1.1449280000000002,POL,ESP,611420
2364279,179,71,7731,2015,5118135.0,2643014.0,0.561922,2.2276380000000002,PRT,ESP,611420
2364280,180,71,7731,2015,0.0,2974.0,-0.471106,-0.9431139999999999,PRY,ESP,611420
2364281,183,71,7731,2015,0.0,107745.0,-0.077053,-0.9922719999999999,QAT,ESP,611420
2364282,185,71,7731,2015,10696.0,155592.0,0.946363,1.056775,ROU,ESP,611420
2364283,186,71,7731,2015,0.0,632814.0,0.23119,0.035965,RUS,ESP,611420
2364284,188,71,7731,2015,0.0,2470585.0,0.5552520000000001,-0.7263229999999999,SAU,ESP,611420
2364285,191,71,7731,2015,0.0,11964.0,-0.708349,-0.296663,SEN,ESP,611420
2364286,192,71,7731,2015,22877.0,134724.0,2.05613,0.593065,SGP,ESP,611420
2364287,197,71,7731,2015,0.0,14125.0,0.05531900000000001,0.169073,SLV,ESP,611420
2364288,201,71,7731,2015,0.0,38292.0,0.457042,1.324908,SRB,ESP,611420
2364289,206,71,7731,2015,0.0,28094.0,1.287133,0.7900560000000001,SVK,ESP,611420
2364290,207,71,7731,2015,2100.0,44009.0,1.6089879999999999,0.833616,SVN,ESP,611420
2364291,208,71,7731,2015,25917.0,104587.0,1.8068349999999997,0.693389,SWE,ESP,611420
2364292,211,71,7731,2015,0.0,16263.0,1.017467,-0.285569,SYC,ESP,611420
2364293,216,71,7731,2015,78698.0,184546.0,0.965888,1.368572,THA,ESP,611420
2364294,223,71,7731,2015,4440.0,23546.0,0.140202,0.967591,TUN,ESP,611420
2364295,224,71,7731,2015,1281149.0,494689.0,0.438669,2.519632,TUR,ESP,611420
2364296,228,71,7731,2015,0.0,45663.0,0.429879,0.701813,UKR,ESP,611420
2364297,230,71,7731,2015,0.0,35741.0,0.273876,-0.363695,URY,ESP,611420
2364298,231,71,7731,2015,56475.0,1053270.0,1.720478,-0.129322,USA,ESP,611420
2364299,236,71,7731,2015,1913.0,90387.0,-0.9249129999999999,-1.1877280000000001,VEN,ESP,611420
2364300,239,71,7731,2015,45374.0,81101.0,-0.17108900000000002,1.10995,VNM,ESP,611420
2364301,246,71,7731,2015,0.0,24486.0,0.24944699999999997,1.7573159999999999,ZAF,ESP,611420
2364302,249,71,7731,2015,0.0,130052.0,1.962832,1.214982,TWN,ESP,611420
2364303,250,71,7731,2015,46130.0,0.0,0.377283,-0.092204,ANS,ESP,611420
2364304,7,72,7731,2015,3212.0,0.0,0.21779600000000002,-0.0047420000000000006,ARE,EST,611420
2364305,18,72,7731,2015,1919.0,0.0,1.329866,1.100641,BEL,EST,611420
2364306,22,72,7731,2015,59608.0,0.0,-1.088465,-0.8745360000000001,BGD,EST,611420
2364307,41,72,7731,2015,0.0,1882.0,2.306075,0.720781,CHE,EST,611420
2364308,43,72,7731,2015,9779.0,1099.0,1.077143,1.735757,CHN,EST,611420
2364309,59,72,7731,2015,10884.0,0.0,1.743012,0.45424,CZE,EST,611420
2364310,61,72,7731,2015,41427.0,0.0,2.203818,-2.307561,DEU,EST,611420
2364311,64,72,7731,2015,64382.0,0.0,1.157924,1.2045629999999998,DNK,EST,611420
2364312,71,72,7731,2015,16521.0,0.0,0.8173590000000001,2.442556,ESP,EST,611420
2364313,74,72,7731,2015,77252.0,4315.0,1.597817,0.998059,FIN,EST,611420
2364314,77,72,7731,2015,5118.0,0.0,1.479792,0.6490239999999999,FRA,EST,611420
2364315,81,72,7731,2015,27877.0,0.0,1.7422990000000003,0.75838,GBR,EST,611420
2364316,103,72,7731,2015,1228.0,0.0,-0.145103,1.277362,IDN,EST,611420
2364317,104,72,7731,2015,100693.0,0.0,0.24230900000000002,2.8190880000000003,IND,EST,611420
2364318,111,72,7731,2015,21330.0,1270.0,1.321127,0.747046,ITA,EST,611420
2364319,114,72,7731,2015,6955.0,0.0,2.516133,-0.484202,JPN,EST,611420
2364320,118,72,7731,2015,5989.0,0.0,-0.791985,-0.833046,KHM,EST,611420
2364321,128,72,7731,2015,3094.0,0.0,-0.6773399999999999,0.386343,LKA,EST,611420
2364322,130,72,7731,2015,18226.0,5060.0,0.749429,1.3659860000000001,LTU,EST,611420
2364323,132,72,7731,2015,5827.0,51795.0,0.602209,1.125357,LVA,EST,611420
2364324,134,72,7731,2015,782.0,0.0,-0.7554810000000001,-0.059697,MAR,EST,611420
2364325,162,72,7731,2015,7713.0,8865.0,1.230104,1.27344,NLD,EST,611420
2364326,163,72,7731,2015,1755.0,2952.0,0.950708,0.314339,NOR,EST,611420
2364327,177,72,7731,2015,136302.0,0.0,1.145844,1.1449280000000002,POL,EST,611420
2364328,179,72,7731,2015,2241.0,0.0,0.561922,2.2276380000000002,PRT,EST,611420
2364329,186,72,7731,2015,0.0,61109.0,0.23119,0.035965,RUS,EST,611420
2364330,208,72,7731,2015,4359.0,8166.0,1.8068349999999997,0.693389,SWE,EST,611420
2364331,216,72,7731,2015,802.0,0.0,0.965888,1.368572,THA,EST,611420
2364332,224,72,7731,2015,116264.0,0.0,0.438669,2.519632,TUR,EST,611420
2364333,239,72,7731,2015,2253.0,0.0,-0.17108900000000002,1.10995,VNM,EST,611420
2364334,2,77,7731,2015,0.0,71948.0,-1.6542,-1.2598989999999999,AGO,FRA,611420
2364335,5,77,7731,2015,0.0,78821.0,0.850153,0.383793,AND,FRA,611420
2364336,7,77,7731,2015,24080.0,512757.0,0.21779600000000002,-0.0047420000000000006,ARE,FRA,611420
2364337,8,77,7731,2015,2420.0,46346.0,0.116896,0.30330999999999997,ARG,FRA,611420
2364338,9,77,7731,2015,0.0,21099.0,0.037579,-0.42448800000000003,ARM,FRA,611420
2364339,14,77,7731,2015,16413.0,143164.0,-0.292325,-0.043489,AUS,FRA,611420
2364340,15,77,7731,2015,168991.0,49636.0,1.747098,-0.08026699999999999,AUT,FRA,611420
2364341,16,77,7731,2015,0.0,52356.0,-0.983347,-1.231542,AZE,FRA,611420
2364342,17,77,7731,2015,0.0,34685.0,-0.993318,-1.031194,BDI,FRA,611420
2364343,18,77,7731,2015,97183.0,980556.0,1.329866,1.100641,BEL,FRA,611420
2364344,19,77,7731,2015,0.0,4546.0,-0.5641470000000001,-0.8971020000000001,BEN,FRA,611420
2364345,21,77,7731,2015,14456.0,13427.0,-1.085359,-1.034365,BFA,FRA,611420
2364346,22,77,7731,2015,2083723.0,0.0,-1.088465,-0.8745360000000001,BGD,FRA,611420
2364347,23,77,7731,2015,177995.0,141749.0,0.45640699999999995,1.691455,BGR,FRA,611420
2364348,24,77,7731,2015,0.0,7414.0,0.36650900000000003,-0.28735,BHR,FRA,611420
2364349,25,77,7731,2015,0.0,158285.0,0.669493,-0.37838099999999997,BHS,FRA,611420
2364350,26,77,7731,2015,141171.0,3287.0,0.355903,0.723092,BIH,FRA,611420
2364351,27,77,7731,2015,0.0,101651.0,0.562426,-0.459475,BLM,FRA,611420
2364352,28,77,7731,2015,0.0,6206.0,0.672499,0.5584020000000001,BLR,FRA,611420
2364353,39,77,7731,2015,11207.0,77075.0,0.695867,1.171676,CAN,FRA,611420
2364354,41,77,7731,2015,140535.0,4235264.0,2.306075,0.720781,CHE,FRA,611420
2364355,42,77,7731,2015,0.0,15367.0,-0.356167,-0.47629399999999994,CHL,FRA,611420
2364356,43,77,7731,2015,6139718.0,235604.0,1.077143,1.735757,CHN,FRA,611420
2364357,44,77,7731,2015,250496.0,105295.0,-0.856142,-0.905292,CIV,FRA,611420
2364358,45,77,7731,2015,0.0,88870.0,-0.924366,-1.040721,CMR,FRA,611420
2364359,46,77,7731,2015,0.0,7517.0,-1.3921290000000002,-1.146549,COD,FRA,611420
2364360,47,77,7731,2015,0.0,5430.0,-1.294823,-1.18811,COG,FRA,611420
2364361,49,77,7731,2015,1089.0,0.0,0.156383,-0.183055,COL,FRA,611420
2364362,58,77,7731,2015,0.0,12300.0,0.511225,-0.207261,CYP,FRA,611420
2364363,59,77,7731,2015,7851.0,77384.0,1.743012,0.45424,CZE,FRA,611420
2364364,61,77,7731,2015,2864170.0,3278652.0,2.203818,-2.307561,DEU,FRA,611420
2364365,64,77,7731,2015,1594829.0,72096.0,1.157924,1.2045629999999998,DNK,FRA,611420
2364366,65,77,7731,2015,0.0,7460.0,-0.212808,0.395873,DOM,FRA,611420
2364367,66,77,7731,2015,0.0,753204.0,-1.54346,-1.255633,DZA,FRA,611420
2364368,68,77,7731,2015,47245.0,17906.0,-0.183053,1.765036,EGY,FRA,611420
2364369,71,77,7731,2015,2399434.0,1867840.0,0.8173590000000001,2.442556,ESP,FRA,611420
2364370,72,77,7731,2015,0.0,5118.0,0.9281149999999999,1.1780389999999998,EST,FRA,611420
2364371,73,77,7731,2015,8942.0,0.0,-1.004896,-0.721019,ETH,FRA,611420
2364372,74,77,7731,2015,9984.0,52173.0,1.597817,0.998059,FIN,FRA,611420
2364373,80,77,7731,2015,0.0,13979.0,-1.384351,-1.209873,GAB,FRA,611420
2364374,81,77,7731,2015,1522138.0,2114790.0,1.7422990000000003,0.75838,GBR,FRA,611420
2364375,82,77,7731,2015,0.0,88631.0,-0.343663,-0.588017,GEO,FRA,611420
2364376,83,77,7731,2015,0.0,4164.0,-0.750568,-0.690257,GHA,FRA,611420
2364377,85,77,7731,2015,902.0,0.0,-1.288329,-1.167532,GIN,FRA,611420
2364378,89,77,7731,2015,0.0,18222.0,-1.585577,-0.9044979999999999,GNQ,FRA,611420
2364379,90,77,7731,2015,34416.0,44871.0,0.099027,1.012289,GRC,FRA,611420
2364380,93,77,7731,2015,10423.0,0.0,-0.284403,0.525564,GTM,FRA,611420
2364381,97,77,7731,2015,65212.0,261793.0,0.8255290000000001,1.8017279999999998,HKG,FRA,611420
2364382,99,77,7731,2015,3342.0,0.0,-0.578635,-0.292053,HND,FRA,611420
2364383,100,77,7731,2015,51658.0,38373.0,0.7590140000000001,1.257415,HRV,FRA,611420
2364384,101,77,7731,2015,1622.0,58970.0,-1.288246,-1.018979,HTI,FRA,611420
2364385,102,77,7731,2015,65316.0,57312.0,1.462839,0.803258,HUN,FRA,611420
2364386,103,77,7731,2015,113358.0,0.0,-0.145103,1.277362,IDN,FRA,611420
2364387,104,77,7731,2015,14015875.0,2358.0,0.24230900000000002,2.8190880000000003,IND,FRA,611420
2364388,106,77,7731,2015,468167.0,34710.0,1.304942,0.126431,IRL,FRA,611420
2364389,107,77,7731,2015,0.0,14933.0,-0.258946,-0.0073420000000000004,IRN,FRA,611420
2364390,109,77,7731,2015,0.0,3161.0,0.24527600000000002,-0.411616,ISL,FRA,611420
2364391,110,77,7731,2015,360384.0,21441.0,1.260071,0.545545,ISR,FRA,611420
2364392,111,77,7731,2015,3362778.0,1739878.0,1.321127,0.747046,ITA,FRA,611420
2364393,113,77,7731,2015,5604.0,9745.0,0.121172,0.457301,JOR,FRA,611420
2364394,114,77,7731,2015,82175.0,1306958.0,2.516133,-0.484202,JPN,FRA,611420
2364395,115,77,7731,2015,0.0,395828.0,-0.45091499999999995,-0.652026,KAZ,FRA,611420
2364396,116,77,7731,2015,0.0,75854.0,-0.453564,0.433325,KEN,FRA,611420
2364397,118,77,7731,2015,349024.0,0.0,-0.791985,-0.833046,KHM,FRA,611420
2364398,121,77,7731,2015,11157.0,693233.0,1.900653,0.859406,KOR,FRA,611420
2364399,122,77,7731,2015,0.0,45056.0,-0.352023,-1.153057,KWT,FRA,611420
2364400,124,77,7731,2015,87513.0,222643.0,0.317355,1.330374,LBN,FRA,611420
2364401,128,77,7731,2015,238301.0,0.0,-0.6773399999999999,0.386343,LKA,FRA,611420
2364402,130,77,7731,2015,5551.0,3572.0,0.749429,1.3659860000000001,LTU,FRA,611420
2364403,131,77,7731,2015,9142.0,239131.0,1.218924,1.247152,LUX,FRA,611420
2364404,132,77,7731,2015,0.0,3024.0,0.602209,1.125357,LVA,FRA,611420
2364405,133,77,7731,2015,1343.0,0.0,0.296288,0.32009499999999996,MAC,FRA,611420
2364406,134,77,7731,2015,609827.0,1436726.0,-0.7554810000000001,-0.059697,MAR,FRA,611420
2364407,135,77,7731,2015,4004.0,11901.0,-0.313837,-0.20393,MDA,FRA,611420
2364408,136,77,7731,2015,117658.0,31727.0,-1.15947,-0.497217,MDG,FRA,611420
2364409,138,77,7731,2015,32934.0,3961.0,1.169724,0.61457,MEX,FRA,611420
2364410,140,77,7731,2015,3017.0,1308.0,-0.09009600000000001,-0.147359,MKD,FRA,611420
2364411,142,77,7731,2015,0.0,11466.0,0.880893,-0.117585,MLT,FRA,611420
2364412,148,77,7731,2015,0.0,3571.0,-1.5597450000000002,-1.3209229999999998,MRT,FRA,611420
2364413,151,77,7731,2015,154070.0,3341.0,-0.231762,-0.195051,MUS,FRA,611420
2364414,153,77,7731,2015,4662.0,1456.0,1.082803,0.811615,MYS,FRA,611420
2364415,156,77,7731,2015,0.0,1012680.0,-0.727911,-0.844562,NCL,FRA,611420
2364416,159,77,7731,2015,0.0,128606.0,-1.415451,-1.157829,NGA,FRA,611420
2364417,160,77,7731,2015,14418.0,0.0,-1.102989,-0.952276,NIC,FRA,611420
2364418,162,77,7731,2015,1161070.0,464983.0,1.230104,1.27344,NLD,FRA,611420
2364419,163,77,7731,2015,8625.0,632263.0,0.950708,0.314339,NOR,FRA,611420
2364420,164,77,7731,2015,14591.0,0.0,-0.290416,0.456716,NPL,FRA,611420
2364421,166,77,7731,2015,0.0,28355.0,0.224598,0.253179,NZL,FRA,611420
2364422,167,77,7731,2015,0.0,11892.0,-0.4699,-1.00451,OMN,FRA,611420
2364423,168,77,7731,2015,189905.0,0.0,-0.7059979999999999,0.73501,PAK,FRA,611420
2364424,169,77,7731,2015,912.0,39141.0,0.642058,0.833392,PAN,FRA,611420
2364425,173,77,7731,2015,29695.0,0.0,-0.6007819999999999,0.32152800000000004,PER,FRA,611420
2364426,174,77,7731,2015,8465.0,1354.0,0.6406270000000001,0.45770200000000005,PHL,FRA,611420
2364427,177,77,7731,2015,48452.0,216934.0,1.145844,1.1449280000000002,POL,FRA,611420
2364428,179,77,7731,2015,672158.0,136567.0,0.561922,2.2276380000000002,PRT,FRA,611420
2364429,180,77,7731,2015,0.0,33776.0,-0.471106,-0.9431139999999999,PRY,FRA,611420
2364430,182,77,7731,2015,0.0,523941.0,-0.301696,-0.795154,PYF,FRA,611420
2364431,183,77,7731,2015,0.0,68945.0,-0.077053,-0.9922719999999999,QAT,FRA,611420
2364432,185,77,7731,2015,232567.0,19022.0,0.946363,1.056775,ROU,FRA,611420
2364433,186,77,7731,2015,0.0,1793203.0,0.23119,0.035965,RUS,FRA,611420
2364434,188,77,7731,2015,0.0,521856.0,0.5552520000000001,-0.7263229999999999,SAU,FRA,611420
2364435,191,77,7731,2015,0.0,26095.0,-0.708349,-0.296663,SEN,FRA,611420
2364436,192,77,7731,2015,7847.0,474478.0,2.05613,0.593065,SGP,FRA,611420
2364437,196,77,7731,2015,0.0,8512.0,0.072324,-0.255235,SLE,FRA,611420
2364438,197,77,7731,2015,1464.0,0.0,0.05531900000000001,0.169073,SLV,FRA,611420
2364439,200,77,7731,2015,0.0,180532.0,1.108603,-0.356745,SPM,FRA,611420
2364440,201,77,7731,2015,49758.0,34199.0,0.457042,1.324908,SRB,FRA,611420
2364441,206,77,7731,2015,19077.0,19471.0,1.287133,0.7900560000000001,SVK,FRA,611420
2364442,207,77,7731,2015,1699.0,19171.0,1.6089879999999999,0.833616,SVN,FRA,611420
2364443,208,77,7731,2015,12572.0,98320.0,1.8068349999999997,0.693389,SWE,FRA,611420
2364444,210,77,7731,2015,10060.0,79471.0,0.945973,-0.7548229999999999,SXM,FRA,611420
2364445,211,77,7731,2015,0.0,23494.0,1.017467,-0.285569,SYC,FRA,611420
2364446,215,77,7731,2015,1794.0,1354.0,-0.66925,-0.873554,TGO,FRA,611420
2364447,216,77,7731,2015,249163.0,16931.0,0.965888,1.368572,THA,FRA,611420
2364448,223,77,7731,2015,1191190.0,28509.0,0.140202,0.967591,TUN,FRA,611420
2364449,224,77,7731,2015,597284.0,67734.0,0.438669,2.519632,TUR,FRA,611420
2364450,228,77,7731,2015,5383.0,95988.0,0.429879,0.701813,UKR,FRA,611420
2364451,230,77,7731,2015,1121.0,2063.0,0.273876,-0.363695,URY,FRA,611420
2364452,231,77,7731,2015,44821.0,360046.0,1.720478,-0.129322,USA,FRA,611420
2364453,236,77,7731,2015,5607.0,0.0,-0.9249129999999999,-1.1877280000000001,VEN,FRA,611420
2364454,239,77,7731,2015,146340.0,0.0,-0.17108900000000002,1.10995,VNM,FRA,611420
2364455,241,77,7731,2015,0.0,4411.0,0.858368,-0.6285810000000001,WLF,FRA,611420
2364456,246,77,7731,2015,918.0,109044.0,0.24944699999999997,1.7573159999999999,ZAF,FRA,611420
2364457,249,77,7731,2015,12298.0,66152.0,1.962832,1.214982,TWN,FRA,611420
2364458,250,77,7731,2015,195805.0,0.0,0.377283,-0.092204,ANS,FRA,611420
2364459,2,81,7731,2015,0.0,27009.0,-1.6542,-1.2598989999999999,AGO,GBR,611420
2364460,5,81,7731,2015,0.0,1087.0,0.850153,0.383793,AND,GBR,611420
2364461,7,81,7731,2015,10110.0,442655.0,0.21779600000000002,-0.0047420000000000006,ARE,GBR,611420
2364462,9,81,7731,2015,0.0,10446.0,0.037579,-0.42448800000000003,ARM,GBR,611420
2364463,14,81,7731,2015,88891.0,253875.0,-0.292325,-0.043489,AUS,GBR,611420
2364464,15,81,7731,2015,22848.0,123472.0,1.747098,-0.08026699999999999,AUT,GBR,611420
2364465,16,81,7731,2015,0.0,105090.0,-0.983347,-1.231542,AZE,GBR,611420
2364466,18,81,7731,2015,203206.0,247344.0,1.329866,1.100641,BEL,GBR,611420
2364467,22,81,7731,2015,12622264.0,0.0,-1.088465,-0.8745360000000001,BGD,GBR,611420
2364468,23,81,7731,2015,54826.0,27663.0,0.45640699999999995,1.691455,BGR,GBR,611420
2364469,24,81,7731,2015,0.0,5525.0,0.36650900000000003,-0.28735,BHR,GBR,611420
2364470,28,81,7731,2015,0.0,36577.0,0.672499,0.5584020000000001,BLR,GBR,611420
2364471,30,81,7731,2015,0.0,3971.0,0.974592,-0.636426,BMU,GBR,611420
2364472,31,81,7731,2015,2569.0,0.0,-1.051562,-1.067714,BOL,GBR,611420
2364473,34,81,7731,2015,0.0,13671.0,1.093564,-0.679211,BRN,GBR,611420
2364474,38,81,7731,2015,0.0,5063.0,-0.35029,-0.6630199999999999,CAF,GBR,611420
2364475,39,81,7731,2015,60026.0,22704.0,0.695867,1.171676,CAN,GBR,611420
2364476,41,81,7731,2015,23958.0,50863.0,2.306075,0.720781,CHE,GBR,611420
2364477,42,81,7731,2015,0.0,12724.0,-0.356167,-0.47629399999999994,CHL,GBR,611420
2364478,43,81,7731,2015,11714185.0,107572.0,1.077143,1.735757,CHN,GBR,611420
2364479,45,81,7731,2015,3766.0,0.0,-0.924366,-1.040721,CMR,GBR,611420
2364480,49,81,7731,2015,4419.0,0.0,0.156383,-0.183055,COL,GBR,611420
2364481,58,81,7731,2015,0.0,295475.0,0.511225,-0.207261,CYP,GBR,611420
2364482,59,81,7731,2015,320185.0,88361.0,1.743012,0.45424,CZE,GBR,611420
2364483,61,81,7731,2015,3533925.0,3359996.0,2.203818,-2.307561,DEU,GBR,611420
2364484,64,81,7731,2015,1455150.0,243322.0,1.157924,1.2045629999999998,DNK,GBR,611420
2364485,66,81,7731,2015,0.0,23229.0,-1.54346,-1.255633,DZA,GBR,611420
2364486,68,81,7731,2015,1253712.0,3526.0,-0.183053,1.765036,EGY,GBR,611420
2364487,71,81,7731,2015,1142032.0,812203.0,0.8173590000000001,2.442556,ESP,GBR,611420
2364488,72,81,7731,2015,0.0,27877.0,0.9281149999999999,1.1780389999999998,EST,GBR,611420
2364489,73,81,7731,2015,3969.0,1497.0,-1.004896,-0.721019,ETH,GBR,611420
2364490,74,81,7731,2015,1957.0,51449.0,1.597817,0.998059,FIN,GBR,611420
2364491,76,81,7731,2015,0.0,36997.0,0.268838,-0.829983,FLK,GBR,611420
2364492,77,81,7731,2015,2114790.0,1522138.0,1.479792,0.6490239999999999,FRA,GBR,611420
2364493,82,81,7731,2015,0.0,10415.0,-0.343663,-0.588017,GEO,GBR,611420
2364494,83,81,7731,2015,0.0,37384.0,-0.750568,-0.690257,GHA,GBR,611420
2364495,84,81,7731,2015,0.0,11324.0,0.535143,-0.750155,GIB,GBR,611420
2364496,89,81,7731,2015,0.0,2782.0,-1.585577,-0.9044979999999999,GNQ,GBR,611420
2364497,90,81,7731,2015,501398.0,296743.0,0.099027,1.012289,GRC,GBR,611420
2364498,93,81,7731,2015,2115.0,0.0,-0.284403,0.525564,GTM,GBR,611420
2364499,97,81,7731,2015,158560.0,1621428.0,0.8255290000000001,1.8017279999999998,HKG,GBR,611420
2364500,100,81,7731,2015,1095.0,17009.0,0.7590140000000001,1.257415,HRV,GBR,611420
2364501,102,81,7731,2015,0.0,35972.0,1.462839,0.803258,HUN,GBR,611420
2364502,103,81,7731,2015,436374.0,14875.0,-0.145103,1.277362,IDN,GBR,611420
2364503,104,81,7731,2015,37405324.0,20731.0,0.24230900000000002,2.8190880000000003,IND,GBR,611420
2364504,106,81,7731,2015,1074772.0,2712816.0,1.304942,0.126431,IRL,GBR,611420
2364505,107,81,7731,2015,0.0,17658.0,-0.258946,-0.0073420000000000004,IRN,GBR,611420
2364506,109,81,7731,2015,0.0,1789.0,0.24527600000000002,-0.411616,ISL,GBR,611420
2364507,110,81,7731,2015,2775.0,11816.0,1.260071,0.545545,ISR,GBR,611420
2364508,111,81,7731,2015,1220418.0,1082522.0,1.321127,0.747046,ITA,GBR,611420
2364509,112,81,7731,2015,70724.0,0.0,-0.438267,-0.828097,JAM,GBR,611420
2364510,113,81,7731,2015,2452323.0,8165.0,0.121172,0.457301,JOR,GBR,611420
2364511,114,81,7731,2015,41272.0,67869.0,2.516133,-0.484202,JPN,GBR,611420
2364512,115,81,7731,2015,0.0,16562.0,-0.45091499999999995,-0.652026,KAZ,GBR,611420
2364513,116,81,7731,2015,0.0,5619.0,-0.453564,0.433325,KEN,GBR,611420
2364514,117,81,7731,2015,0.0,1086.0,0.02058,0.438692,KGZ,GBR,611420
2364515,118,81,7731,2015,1121563.0,0.0,-0.791985,-0.833046,KHM,GBR,611420
2364516,121,81,7731,2015,0.0,57446.0,1.900653,0.859406,KOR,GBR,611420
2364517,122,81,7731,2015,0.0,23221.0,-0.352023,-1.153057,KWT,GBR,611420
2364518,124,81,7731,2015,0.0,21284.0,0.317355,1.330374,LBN,GBR,611420
2364519,126,81,7731,2015,0.0,6092.0,-1.3257219999999998,-1.260453,LBY,GBR,611420
2364520,128,81,7731,2015,5954739.0,1217.0,-0.6773399999999999,0.386343,LKA,GBR,611420
2364521,130,81,7731,2015,0.0,9429.0,0.749429,1.3659860000000001,LTU,GBR,611420
2364522,131,81,7731,2015,0.0,14891.0,1.218924,1.247152,LUX,GBR,611420
2364523,132,81,7731,2015,0.0,21290.0,0.602209,1.125357,LVA,GBR,611420
2364524,133,81,7731,2015,0.0,1469.0,0.296288,0.32009499999999996,MAC,GBR,611420
2364525,134,81,7731,2015,5554.0,0.0,-0.7554810000000001,-0.059697,MAR,GBR,611420
2364526,138,81,7731,2015,0.0,15429.0,1.169724,0.61457,MEX,GBR,611420
2364527,140,81,7731,2015,0.0,1560.0,-0.09009600000000001,-0.147359,MKD,GBR,611420
2364528,142,81,7731,2015,0.0,120402.0,0.880893,-0.117585,MLT,GBR,611420
2364529,151,81,7731,2015,2266883.0,0.0,-0.231762,-0.195051,MUS,GBR,611420
2364530,153,81,7731,2015,21010.0,5980.0,1.082803,0.811615,MYS,GBR,611420
2364531,159,81,7731,2015,0.0,4652.0,-1.415451,-1.157829,NGA,GBR,611420
2364532,162,81,7731,2015,1017254.0,532785.0,1.230104,1.27344,NLD,GBR,611420
2364533,163,81,7731,2015,26651.0,36242.0,0.950708,0.314339,NOR,GBR,611420
2364534,164,81,7731,2015,9618.0,0.0,-0.290416,0.456716,NPL,GBR,611420
2364535,166,81,7731,2015,4259.0,84065.0,0.224598,0.253179,NZL,GBR,611420
2364536,167,81,7731,2015,1186.0,0.0,-0.4699,-1.00451,OMN,GBR,611420
2364537,168,81,7731,2015,887940.0,32391.0,-0.7059979999999999,0.73501,PAK,GBR,611420
2364538,173,81,7731,2015,68675.0,0.0,-0.6007819999999999,0.32152800000000004,PER,GBR,611420
2364539,174,81,7731,2015,3242.0,6282.0,0.6406270000000001,0.45770200000000005,PHL,GBR,611420
2364540,177,81,7731,2015,1315098.0,693204.0,1.145844,1.1449280000000002,POL,GBR,611420
2364541,179,81,7731,2015,338281.0,121862.0,0.561922,2.2276380000000002,PRT,GBR,611420
2364542,183,81,7731,2015,0.0,4104.0,-0.077053,-0.9922719999999999,QAT,GBR,611420
2364543,185,81,7731,2015,14105.0,51619.0,0.946363,1.056775,ROU,GBR,611420
2364544,186,81,7731,2015,0.0,161193.0,0.23119,0.035965,RUS,GBR,611420
2364545,188,81,7731,2015,0.0,19965.0,0.5552520000000001,-0.7263229999999999,SAU,GBR,611420
2364546,192,81,7731,2015,77108.0,121251.0,2.05613,0.593065,SGP,GBR,611420
2364547,194,81,7731,2015,0.0,2735.0,1.256851,-0.270048,SHN,GBR,611420
2364548,206,81,7731,2015,0.0,32990.0,1.287133,0.7900560000000001,SVK,GBR,611420
2364549,207,81,7731,2015,0.0,32601.0,1.6089879999999999,0.833616,SVN,GBR,611420
2364550,208,81,7731,2015,359756.0,278960.0,1.8068349999999997,0.693389,SWE,GBR,611420
2364551,211,81,7731,2015,0.0,4421.0,1.017467,-0.285569,SYC,GBR,611420
2364552,216,81,7731,2015,533804.0,8910.0,0.965888,1.368572,THA,GBR,611420
2364553,219,81,7731,2015,0.0,7423.0,-1.546516,-1.315803,TKM,GBR,611420
2364554,223,81,7731,2015,30881.0,3598.0,0.140202,0.967591,TUN,GBR,611420
2364555,224,81,7731,2015,4118123.0,602629.0,0.438669,2.519632,TUR,GBR,611420
2364556,226,81,7731,2015,0.0,1535.0,-1.02395,-0.017509999999999998,TZA,GBR,611420
2364557,228,81,7731,2015,0.0,16478.0,0.429879,0.701813,UKR,GBR,611420
2364558,230,81,7731,2015,0.0,1066.0,0.273876,-0.363695,URY,GBR,611420
2364559,231,81,7731,2015,866989.0,1782795.0,1.720478,-0.129322,USA,GBR,611420
2364560,239,81,7731,2015,988503.0,0.0,-0.17108900000000002,1.10995,VNM,GBR,611420
2364561,246,81,7731,2015,2905.0,56129.0,0.24944699999999997,1.7573159999999999,ZAF,GBR,611420
2364562,247,81,7731,2015,0.0,63934.0,-0.44792,-0.769586,ZMB,GBR,611420
2364563,249,81,7731,2015,2117.0,23012.0,1.962832,1.214982,TWN,GBR,611420
2364564,231,91,7731,2015,12102.0,0.0,1.720478,-0.129322,USA,GRD,611420
2364565,7,93,7731,2015,0.0,165342.0,0.21779600000000002,-0.0047420000000000006,ARE,GTM,611420
2364566,8,93,7731,2015,1235.0,0.0,0.116896,0.30330999999999997,ARG,GTM,611420
2364567,15,93,7731,2015,0.0,1447.0,1.747098,-0.08026699999999999,AUT,GTM,611420
2364568,24,93,7731,2015,0.0,5561.0,0.36650900000000003,-0.28735,BHR,GTM,611420
2364569,32,93,7731,2015,966.0,0.0,0.23656799999999997,0.688607,BRA,GTM,611420
2364570,39,93,7731,2015,0.0,604142.0,0.695867,1.171676,CAN,GTM,611420
2364571,42,93,7731,2015,0.0,1458.0,-0.356167,-0.47629399999999994,CHL,GTM,611420
2364572,43,93,7731,2015,39354.0,11712.0,1.077143,1.735757,CHN,GTM,611420
2364573,49,93,7731,2015,2394.0,0.0,0.156383,-0.183055,COL,GTM,611420
2364574,52,93,7731,2015,0.0,5794.0,0.24859699999999998,-0.033143,CRI,GTM,611420
2364575,61,93,7731,2015,1181.0,18292.0,2.203818,-2.307561,DEU,GTM,611420
2364576,71,93,7731,2015,72706.0,58093.0,0.8173590000000001,2.442556,ESP,GTM,611420
2364577,77,93,7731,2015,0.0,10423.0,1.479792,0.6490239999999999,FRA,GTM,611420
2364578,81,93,7731,2015,0.0,2115.0,1.7422990000000003,0.75838,GBR,GTM,611420
2364579,99,93,7731,2015,0.0,4315.0,-0.578635,-0.292053,HND,GTM,611420
2364580,104,93,7731,2015,11076.0,0.0,0.24230900000000002,2.8190880000000003,IND,GTM,611420
2364581,106,93,7731,2015,0.0,1731.0,1.304942,0.126431,IRL,GTM,611420
2364582,114,93,7731,2015,0.0,4962.0,2.516133,-0.484202,JPN,GTM,611420
2364583,121,93,7731,2015,0.0,107671.0,1.900653,0.859406,KOR,GTM,611420
2364584,122,93,7731,2015,0.0,6393.0,-0.352023,-1.153057,KWT,GTM,611420
2364585,138,93,7731,2015,11334.0,396443.0,1.169724,0.61457,MEX,GTM,611420
2364586,160,93,7731,2015,0.0,1156.0,-1.102989,-0.952276,NIC,GTM,611420
2364587,162,93,7731,2015,0.0,32690.0,1.230104,1.27344,NLD,GTM,611420
2364588,166,93,7731,2015,0.0,1204.0,0.224598,0.253179,NZL,GTM,611420
2364589,169,93,7731,2015,6848.0,0.0,0.642058,0.833392,PAN,GTM,611420
2364590,173,93,7731,2015,2887.0,27140.0,-0.6007819999999999,0.32152800000000004,PER,GTM,611420
2364591,183,93,7731,2015,0.0,15087.0,-0.077053,-0.9922719999999999,QAT,GTM,611420
2364592,192,93,7731,2015,0.0,246478.0,2.05613,0.593065,SGP,GTM,611420
2364593,197,93,7731,2015,2909.0,0.0,0.05531900000000001,0.169073,SLV,GTM,611420
2364594,216,93,7731,2015,0.0,3180.0,0.965888,1.368572,THA,GTM,611420
2364595,230,93,7731,2015,1331.0,2402.0,0.273876,-0.363695,URY,GTM,611420
2364596,231,93,7731,2015,67230.0,53117756.0,1.720478,-0.129322,USA,GTM,611420
2364597,7,97,7731,2015,18528.0,3684248.0,0.21779600000000002,-0.0047420000000000006,ARE,HKG,611420
2364598,14,97,7731,2015,46176.0,461884.0,-0.292325,-0.043489,AUS,HKG,611420
2364599,15,97,7731,2015,0.0,43838.0,1.747098,-0.08026699999999999,AUT,HKG,611420
2364600,18,97,7731,2015,3979.0,47707.0,1.329866,1.100641,BEL,HKG,611420
2364601,22,97,7731,2015,28871.0,1587.0,-1.088465,-0.8745360000000001,BGD,HKG,611420
2364602,24,97,7731,2015,0.0,4693.0,0.36650900000000003,-0.28735,BHR,HKG,611420
2364603,31,97,7731,2015,0.0,1136.0,-1.051562,-1.067714,BOL,HKG,611420
2364604,32,97,7731,2015,0.0,1968.0,0.23656799999999997,0.688607,BRA,HKG,611420
2364605,39,97,7731,2015,5085.0,18407.0,0.695867,1.171676,CAN,HKG,611420
2364606,41,97,7731,2015,13181.0,128680.0,2.306075,0.720781,CHE,HKG,611420
2364607,42,97,7731,2015,0.0,5289.0,-0.356167,-0.47629399999999994,CHL,HKG,611420
2364608,43,97,7731,2015,5381333.0,29801.0,1.077143,1.735757,CHN,HKG,611420
2364609,49,97,7731,2015,0.0,4237.0,0.156383,-0.183055,COL,HKG,611420
2364610,59,97,7731,2015,56294.0,2697.0,1.743012,0.45424,CZE,HKG,611420
2364611,61,97,7731,2015,52606.0,56492.0,2.203818,-2.307561,DEU,HKG,611420
2364612,64,97,7731,2015,3446.0,5094.0,1.157924,1.2045629999999998,DNK,HKG,611420
2364613,68,97,7731,2015,3357.0,0.0,-0.183053,1.765036,EGY,HKG,611420
2364614,71,97,7731,2015,412092.0,12556.0,0.8173590000000001,2.442556,ESP,HKG,611420
2364615,74,97,7731,2015,2242.0,10392.0,1.597817,0.998059,FIN,HKG,611420
2364616,77,97,7731,2015,261793.0,65212.0,1.479792,0.6490239999999999,FRA,HKG,611420
2364617,81,97,7731,2015,1621428.0,158560.0,1.7422990000000003,0.75838,GBR,HKG,611420
2364618,87,97,7731,2015,0.0,1435.0,-0.984775,-0.877886,GMB,HKG,611420
2364619,90,97,7731,2015,0.0,959252.0,0.099027,1.012289,GRC,HKG,611420
2364620,95,97,7731,2015,0.0,6078.0,0.658226,0.030897000000000004,GUM,HKG,611420
2364621,102,97,7731,2015,0.0,1427.0,1.462839,0.803258,HUN,HKG,611420
2364622,103,97,7731,2015,120888.0,0.0,-0.145103,1.277362,IDN,HKG,611420
2364623,104,97,7731,2015,930673.0,6452.0,0.24230900000000002,2.8190880000000003,IND,HKG,611420
2364624,106,97,7731,2015,145191.0,9214.0,1.304942,0.126431,IRL,HKG,611420
2364625,109,97,7731,2015,0.0,1150.0,0.24527600000000002,-0.411616,ISL,HKG,611420
2364626,110,97,7731,2015,0.0,67061.0,1.260071,0.545545,ISR,HKG,611420
2364627,111,97,7731,2015,3065732.0,25017.0,1.321127,0.747046,ITA,HKG,611420
2364628,113,97,7731,2015,3989564.0,0.0,0.121172,0.457301,JOR,HKG,611420
2364629,114,97,7731,2015,91889.0,577510.0,2.516133,-0.484202,JPN,HKG,611420
2364630,118,97,7731,2015,91231.0,0.0,-0.791985,-0.833046,KHM,HKG,611420
2364631,121,97,7731,2015,88179.0,22922.0,1.900653,0.859406,KOR,HKG,611420
2364632,122,97,7731,2015,0.0,3139.0,-0.352023,-1.153057,KWT,HKG,611420
2364633,124,97,7731,2015,5951.0,3426.0,0.317355,1.330374,LBN,HKG,611420
2364634,128,97,7731,2015,6804.0,0.0,-0.6773399999999999,0.386343,LKA,HKG,611420
2364635,133,97,7731,2015,1888.0,51977.0,0.296288,0.32009499999999996,MAC,HKG,611420
2364636,138,97,7731,2015,0.0,22034.0,1.169724,0.61457,MEX,HKG,611420
2364637,142,97,7731,2015,0.0,10226.0,0.880893,-0.117585,MLT,HKG,611420
2364638,153,97,7731,2015,22274.0,17841.0,1.082803,0.811615,MYS,HKG,611420
2364639,156,97,7731,2015,0.0,15909.0,-0.727911,-0.844562,NCL,HKG,611420
2364640,162,97,7731,2015,2280.0,1403719.0,1.230104,1.27344,NLD,HKG,611420
2364641,163,97,7731,2015,19615.0,24023.0,0.950708,0.314339,NOR,HKG,611420
2364642,166,97,7731,2015,0.0,7328.0,0.224598,0.253179,NZL,HKG,611420
2364643,167,97,7731,2015,0.0,10236.0,-0.4699,-1.00451,OMN,HKG,611420
2364644,168,97,7731,2015,21747.0,0.0,-0.7059979999999999,0.73501,PAK,HKG,611420
2364645,169,97,7731,2015,0.0,14621.0,0.642058,0.833392,PAN,HKG,611420
2364646,173,97,7731,2015,68261.0,2044.0,-0.6007819999999999,0.32152800000000004,PER,HKG,611420
2364647,174,97,7731,2015,2245.0,8376.0,0.6406270000000001,0.45770200000000005,PHL,HKG,611420
2364648,177,97,7731,2015,2472.0,0.0,1.145844,1.1449280000000002,POL,HKG,611420
2364649,179,97,7731,2015,5869.0,1919.0,0.561922,2.2276380000000002,PRT,HKG,611420
2364650,183,97,7731,2015,0.0,1978.0,-0.077053,-0.9922719999999999,QAT,HKG,611420
2364651,186,97,7731,2015,0.0,4149.0,0.23119,0.035965,RUS,HKG,611420
2364652,188,97,7731,2015,0.0,110679.0,0.5552520000000001,-0.7263229999999999,SAU,HKG,611420
2364653,192,97,7731,2015,73304.0,268114.0,2.05613,0.593065,SGP,HKG,611420
2364654,206,97,7731,2015,2190.0,0.0,1.287133,0.7900560000000001,SVK,HKG,611420
2364655,208,97,7731,2015,0.0,27987.0,1.8068349999999997,0.693389,SWE,HKG,611420
2364656,211,97,7731,2015,0.0,763.0,1.017467,-0.285569,SYC,HKG,611420
2364657,216,97,7731,2015,33230.0,1857.0,0.965888,1.368572,THA,HKG,611420
2364658,223,97,7731,2015,42904.0,0.0,0.140202,0.967591,TUN,HKG,611420
2364659,224,97,7731,2015,18638.0,828.0,0.438669,2.519632,TUR,HKG,611420
2364660,227,97,7731,2015,0.0,4023.0,-0.611023,0.078961,UGA,HKG,611420
2364661,231,97,7731,2015,202255.0,656309.0,1.720478,-0.129322,USA,HKG,611420
2364662,239,97,7731,2015,550062.0,0.0,-0.17108900000000002,1.10995,VNM,HKG,611420
2364663,246,97,7731,2015,0.0,30949.0,0.24944699999999997,1.7573159999999999,ZAF,HKG,611420
2364664,249,97,7731,2015,16680.0,130452.0,1.962832,1.214982,TWN,HKG,611420
2364665,250,97,7731,2015,0.0,7130.0,0.377283,-0.092204,ANS,HKG,611420
2364666,7,99,7731,2015,0.0,8020.0,0.21779600000000002,-0.0047420000000000006,ARE,HND,611420
2364667,14,99,7731,2015,0.0,1485.0,-0.292325,-0.043489,AUS,HND,611420
2364668,22,99,7731,2015,784.0,0.0,-1.088465,-0.8745360000000001,BGD,HND,611420
2364669,39,99,7731,2015,0.0,18129.0,0.695867,1.171676,CAN,HND,611420
2364670,43,99,7731,2015,25488.0,2760.0,1.077143,1.735757,CHN,HND,611420
2364671,71,99,7731,2015,128071.0,0.0,0.8173590000000001,2.442556,ESP,HND,611420
2364672,77,99,7731,2015,0.0,3342.0,1.479792,0.6490239999999999,FRA,HND,611420
2364673,93,99,7731,2015,4315.0,0.0,-0.284403,0.525564,GTM,HND,611420
2364674,104,99,7731,2015,2709.0,0.0,0.24230900000000002,2.8190880000000003,IND,HND,611420
2364675,113,99,7731,2015,0.0,8058.0,0.121172,0.457301,JOR,HND,611420
2364676,121,99,7731,2015,5575.0,2518.0,1.900653,0.859406,KOR,HND,611420
2364677,134,99,7731,2015,529.0,0.0,-0.7554810000000001,-0.059697,MAR,HND,611420
2364678,138,99,7731,2015,2023.0,3925.0,1.169724,0.61457,MEX,HND,611420
2364679,160,99,7731,2015,2969.0,15188.0,-1.102989,-0.952276,NIC,HND,611420
2364680,163,99,7731,2015,0.0,1927.0,0.950708,0.314339,NOR,HND,611420
2364681,166,99,7731,2015,0.0,2361.0,0.224598,0.253179,NZL,HND,611420
2364682,169,99,7731,2015,7183.0,0.0,0.642058,0.833392,PAN,HND,611420
2364683,173,99,7731,2015,0.0,2245.0,-0.6007819999999999,0.32152800000000004,PER,HND,611420
2364684,179,99,7731,2015,2247.0,0.0,0.561922,2.2276380000000002,PRT,HND,611420
2364685,183,99,7731,2015,0.0,2084.0,-0.077053,-0.9922719999999999,QAT,HND,611420
2364686,216,99,7731,2015,4606.0,0.0,0.965888,1.368572,THA,HND,611420
2364687,224,99,7731,2015,2368.0,0.0,0.438669,2.519632,TUR,HND,611420
2364688,231,99,7731,2015,24086.0,1959805.0,1.720478,-0.129322,USA,HND,611420
2364689,239,99,7731,2015,5620.0,0.0,-0.17108900000000002,1.10995,VNM,HND,611420
2364690,7,102,7731,2015,0.0,23838.0,0.21779600000000002,-0.0047420000000000006,ARE,HUN,611420
2364691,15,102,7731,2015,372848.0,167239.0,1.747098,-0.08026699999999999,AUT,HUN,611420
2364692,18,102,7731,2015,16023.0,0.0,1.329866,1.100641,BEL,HUN,611420
2364693,23,102,7731,2015,96756.0,15011.0,0.45640699999999995,1.691455,BGR,HUN,611420
2364694,41,102,7731,2015,0.0,1188603.0,2.306075,0.720781,CHE,HUN,611420
2364695,43,102,7731,2015,38694.0,3925.0,1.077143,1.735757,CHN,HUN,611420
2364696,59,102,7731,2015,22100.0,5030.0,1.743012,0.45424,CZE,HUN,611420
2364697,61,102,7731,2015,342965.0,240679.0,2.203818,-2.307561,DEU,HUN,611420
2364698,64,102,7731,2015,5365.0,2356.0,1.157924,1.2045629999999998,DNK,HUN,611420
2364699,71,102,7731,2015,110028.0,1877.0,0.8173590000000001,2.442556,ESP,HUN,611420
2364700,74,102,7731,2015,0.0,1081.0,1.597817,0.998059,FIN,HUN,611420
2364701,77,102,7731,2015,57312.0,65316.0,1.479792,0.6490239999999999,FRA,HUN,611420
2364702,81,102,7731,2015,35972.0,0.0,1.7422990000000003,0.75838,GBR,HUN,611420
2364703,97,102,7731,2015,1427.0,0.0,0.8255290000000001,1.8017279999999998,HKG,HUN,611420
2364704,100,102,7731,2015,16153.0,3598.0,0.7590140000000001,1.257415,HRV,HUN,611420
2364705,104,102,7731,2015,66643.0,0.0,0.24230900000000002,2.8190880000000003,IND,HUN,611420
2364706,106,102,7731,2015,58532.0,0.0,1.304942,0.126431,IRL,HUN,611420
2364707,111,102,7731,2015,101359.0,4599.0,1.321127,0.747046,ITA,HUN,611420
2364708,121,102,7731,2015,0.0,3353.0,1.900653,0.859406,KOR,HUN,611420
2364709,131,102,7731,2015,0.0,24343.0,1.218924,1.247152,LUX,HUN,611420
2364710,153,102,7731,2015,1410.0,0.0,1.082803,0.811615,MYS,HUN,611420
2364711,162,102,7731,2015,92481.0,33639.0,1.230104,1.27344,NLD,HUN,611420
2364712,163,102,7731,2015,1852.0,10525.0,0.950708,0.314339,NOR,HUN,611420
2364713,168,102,7731,2015,10579.0,0.0,-0.7059979999999999,0.73501,PAK,HUN,611420
2364714,177,102,7731,2015,515359.0,0.0,1.145844,1.1449280000000002,POL,HUN,611420
2364715,185,102,7731,2015,16881.0,9806.0,0.946363,1.056775,ROU,HUN,611420
2364716,206,102,7731,2015,329237.0,2534.0,1.287133,0.7900560000000001,SVK,HUN,611420
2364717,207,102,7731,2015,0.0,4157.0,1.6089879999999999,0.833616,SVN,HUN,611420
2364718,208,102,7731,2015,5862.0,0.0,1.8068349999999997,0.693389,SWE,HUN,611420
2364719,224,102,7731,2015,13447.0,0.0,0.438669,2.519632,TUR,HUN,611420
2364720,231,102,7731,2015,1091.0,28546.0,1.720478,-0.129322,USA,HUN,611420
2364721,7,103,7731,2015,0.0,195048.0,0.21779600000000002,-0.0047420000000000006,ARE,IDN,611420
2364722,14,103,7731,2015,1432.0,228425.0,-0.292325,-0.043489,AUS,IDN,611420
2364723,15,103,7731,2015,0.0,2241.0,1.747098,-0.08026699999999999,AUT,IDN,611420
2364724,18,103,7731,2015,0.0,228295.0,1.329866,1.100641,BEL,IDN,611420
2364725,21,103,7731,2015,0.0,2267.0,-1.085359,-1.034365,BFA,IDN,611420
2364726,22,103,7731,2015,27200.0,0.0,-1.088465,-0.8745360000000001,BGD,IDN,611420
2364727,24,103,7731,2015,0.0,4541.0,0.36650900000000003,-0.28735,BHR,IDN,611420
2364728,32,103,7731,2015,0.0,1580.0,0.23656799999999997,0.688607,BRA,IDN,611420
2364729,39,103,7731,2015,0.0,775861.0,0.695867,1.171676,CAN,IDN,611420
2364730,41,103,7731,2015,4385.0,37803.0,2.306075,0.720781,CHE,IDN,611420
2364731,42,103,7731,2015,0.0,5773.0,-0.356167,-0.47629399999999994,CHL,IDN,611420
2364732,43,103,7731,2015,356006.0,981525.0,1.077143,1.735757,CHN,IDN,611420
2364733,49,103,7731,2015,0.0,19079.0,0.156383,-0.183055,COL,IDN,611420
2364734,59,103,7731,2015,0.0,12749.0,1.743012,0.45424,CZE,IDN,611420
2364735,61,103,7731,2015,0.0,1275248.0,2.203818,-2.307561,DEU,IDN,611420
2364736,64,103,7731,2015,0.0,12344.0,1.157924,1.2045629999999998,DNK,IDN,611420
2364737,65,103,7731,2015,0.0,3325.0,-0.212808,0.395873,DOM,IDN,611420
2364738,71,103,7731,2015,125058.0,139976.0,0.8173590000000001,2.442556,ESP,IDN,611420
2364739,72,103,7731,2015,0.0,1228.0,0.9281149999999999,1.1780389999999998,EST,IDN,611420
2364740,74,103,7731,2015,0.0,21428.0,1.597817,0.998059,FIN,IDN,611420
2364741,77,103,7731,2015,0.0,113358.0,1.479792,0.6490239999999999,FRA,IDN,611420
2364742,81,103,7731,2015,14875.0,436374.0,1.7422990000000003,0.75838,GBR,IDN,611420
2364743,87,103,7731,2015,0.0,2751.0,-0.984775,-0.877886,GMB,IDN,611420
2364744,97,103,7731,2015,0.0,120888.0,0.8255290000000001,1.8017279999999998,HKG,IDN,611420
2364745,100,103,7731,2015,0.0,1384.0,0.7590140000000001,1.257415,HRV,IDN,611420
2364746,104,103,7731,2015,30984.0,1545.0,0.24230900000000002,2.8190880000000003,IND,IDN,611420
2364747,106,103,7731,2015,0.0,41561.0,1.304942,0.126431,IRL,IDN,611420
2364748,110,103,7731,2015,0.0,2833.0,1.260071,0.545545,ISR,IDN,611420
2364749,111,103,7731,2015,0.0,28530.0,1.321127,0.747046,ITA,IDN,611420
2364750,114,103,7731,2015,0.0,512898.0,2.516133,-0.484202,JPN,IDN,611420
2364751,115,103,7731,2015,0.0,578.0,-0.45091499999999995,-0.652026,KAZ,IDN,611420
2364752,119,103,7731,2015,0.0,2494.0,-0.257871,-0.858136,KIR,IDN,611420
2364753,121,103,7731,2015,2202.0,954555.0,1.900653,0.859406,KOR,IDN,611420
2364754,122,103,7731,2015,0.0,86975.0,-0.352023,-1.153057,KWT,IDN,611420
2364755,124,103,7731,2015,0.0,8312.0,0.317355,1.330374,LBN,IDN,611420
2364756,131,103,7731,2015,0.0,5548.0,1.218924,1.247152,LUX,IDN,611420
2364757,134,103,7731,2015,25429.0,0.0,-0.7554810000000001,-0.059697,MAR,IDN,611420
2364758,137,103,7731,2015,0.0,10383.0,-0.321571,-0.858751,MDV,IDN,611420
2364759,138,103,7731,2015,0.0,36030.0,1.169724,0.61457,MEX,IDN,611420
2364760,151,103,7731,2015,6341.0,2246.0,-0.231762,-0.195051,MUS,IDN,611420
2364761,153,103,7731,2015,1497.0,277820.0,1.082803,0.811615,MYS,IDN,611420
2364762,156,103,7731,2015,0.0,21933.0,-0.727911,-0.844562,NCL,IDN,611420
2364763,159,103,7731,2015,0.0,1312.0,-1.415451,-1.157829,NGA,IDN,611420
2364764,162,103,7731,2015,0.0,177162.0,1.230104,1.27344,NLD,IDN,611420
2364765,163,103,7731,2015,0.0,140224.0,0.950708,0.314339,NOR,IDN,611420
2364766,164,103,7731,2015,0.0,1528.0,-0.290416,0.456716,NPL,IDN,611420
2364767,166,103,7731,2015,0.0,13179.0,0.224598,0.253179,NZL,IDN,611420
2364768,167,103,7731,2015,0.0,178517.0,-0.4699,-1.00451,OMN,IDN,611420
2364769,168,103,7731,2015,1261.0,0.0,-0.7059979999999999,0.73501,PAK,IDN,611420
2364770,173,103,7731,2015,0.0,8268.0,-0.6007819999999999,0.32152800000000004,PER,IDN,611420
2364771,174,103,7731,2015,9998.0,451658.0,0.6406270000000001,0.45770200000000005,PHL,IDN,611420
2364772,177,103,7731,2015,0.0,186228.0,1.145844,1.1449280000000002,POL,IDN,611420
2364773,179,103,7731,2015,16552.0,0.0,0.561922,2.2276380000000002,PRT,IDN,611420
2364774,183,103,7731,2015,0.0,41560.0,-0.077053,-0.9922719999999999,QAT,IDN,611420
2364775,186,103,7731,2015,0.0,15921.0,0.23119,0.035965,RUS,IDN,611420
2364776,192,103,7731,2015,2191744.0,594248.0,2.05613,0.593065,SGP,IDN,611420
2364777,197,103,7731,2015,0.0,1749.0,0.05531900000000001,0.169073,SLV,IDN,611420
2364778,201,103,7731,2015,0.0,432.0,0.457042,1.324908,SRB,IDN,611420
2364779,206,103,7731,2015,0.0,4247.0,1.287133,0.7900560000000001,SVK,IDN,611420
2364780,207,103,7731,2015,0.0,6778.0,1.6089879999999999,0.833616,SVN,IDN,611420
2364781,208,103,7731,2015,0.0,5735.0,1.8068349999999997,0.693389,SWE,IDN,611420
2364782,216,103,7731,2015,4535.0,17007.0,0.965888,1.368572,THA,IDN,611420
2364783,220,103,7731,2015,0.0,285228.0,-0.878657,-0.9064450000000001,TLS,IDN,611420
2364784,223,103,7731,2015,2362.0,0.0,0.140202,0.967591,TUN,IDN,611420
2364785,224,103,7731,2015,69249.0,15421.0,0.438669,2.519632,TUR,IDN,611420
2364786,230,103,7731,2015,0.0,2708.0,0.273876,-0.363695,URY,IDN,611420
2364787,231,103,7731,2015,0.0,18618704.0,1.720478,-0.129322,USA,IDN,611420
2364788,239,103,7731,2015,7247.0,0.0,-0.17108900000000002,1.10995,VNM,IDN,611420
2364789,246,103,7731,2015,0.0,3251.0,0.24944699999999997,1.7573159999999999,ZAF,IDN,611420
2364790,249,103,7731,2015,49250.0,112210.0,1.962832,1.214982,TWN,IDN,611420
2364791,0,104,7731,2015,0.0,3525.0,0.8526809999999999,-0.043541,ABW,IND,611420
2364792,1,104,7731,2015,0.0,223429.0,-1.249655,-0.9094459999999999,AFG,IND,611420
2364793,2,104,7731,2015,0.0,24599.0,-1.6542,-1.2598989999999999,AGO,IND,611420
2364794,7,104,7731,2015,235030.0,16240742.0,0.21779600000000002,-0.0047420000000000006,ARE,IND,611420
2364795,8,104,7731,2015,0.0,83028.0,0.116896,0.30330999999999997,ARG,IND,611420
2364796,9,104,7731,2015,0.0,181496.0,0.037579,-0.42448800000000003,ARM,IND,611420
2364797,14,104,7731,2015,0.0,2640587.0,-0.292325,-0.043489,AUS,IND,611420
2364798,15,104,7731,2015,0.0,291488.0,1.747098,-0.08026699999999999,AUT,IND,611420
2364799,18,104,7731,2015,0.0,4521862.0,1.329866,1.100641,BEL,IND,611420
2364800,19,104,7731,2015,0.0,26301.0,-0.5641470000000001,-0.8971020000000001,BEN,IND,611420
2364801,22,104,7731,2015,17158.0,26549.0,-1.088465,-0.8745360000000001,BGD,IND,611420
2364802,23,104,7731,2015,0.0,10722.0,0.45640699999999995,1.691455,BGR,IND,611420
2364803,24,104,7731,2015,0.0,261835.0,0.36650900000000003,-0.28735,BHR,IND,611420
2364804,26,104,7731,2015,0.0,1652.0,0.355903,0.723092,BIH,IND,611420
2364805,28,104,7731,2015,0.0,19409.0,0.672499,0.5584020000000001,BLR,IND,611420
2364806,29,104,7731,2015,0.0,6767.0,-0.24283600000000002,-0.577408,BLZ,IND,611420
2364807,31,104,7731,2015,0.0,3023.0,-1.051562,-1.067714,BOL,IND,611420
2364808,32,104,7731,2015,0.0,1400739.0,0.23656799999999997,0.688607,BRA,IND,611420
2364809,39,104,7731,2015,2054.0,5135514.0,0.695867,1.171676,CAN,IND,611420
2364810,41,104,7731,2015,2037.0,2186397.0,2.306075,0.720781,CHE,IND,611420
2364811,42,104,7731,2015,0.0,660376.0,-0.356167,-0.47629399999999994,CHL,IND,611420
2364812,43,104,7731,2015,569218.0,1345714.0,1.077143,1.735757,CHN,IND,611420
2364813,44,104,7731,2015,0.0,1229.0,-0.856142,-0.905292,CIV,IND,611420
2364814,46,104,7731,2015,0.0,7665.0,-1.3921290000000002,-1.146549,COD,IND,611420
2364815,49,104,7731,2015,0.0,88530.0,0.156383,-0.183055,COL,IND,611420
2364816,52,104,7731,2015,0.0,19784.0,0.24859699999999998,-0.033143,CRI,IND,611420
2364817,55,104,7731,2015,0.0,30858.0,0.296267,-0.6313350000000001,CUW,IND,611420
2364818,58,104,7731,2015,0.0,13048.0,0.511225,-0.207261,CYP,IND,611420
2364819,59,104,7731,2015,0.0,436665.0,1.743012,0.45424,CZE,IND,611420
2364820,61,104,7731,2015,3624.0,32153974.0,2.203818,-2.307561,DEU,IND,611420
2364821,64,104,7731,2015,57455.0,3131325.0,1.157924,1.2045629999999998,DNK,IND,611420
2364822,65,104,7731,2015,0.0,1229.0,-0.212808,0.395873,DOM,IND,611420
2364823,67,104,7731,2015,0.0,3572.0,-0.9845959999999999,-1.075639,ECU,IND,611420
2364824,68,104,7731,2015,0.0,8989.0,-0.183053,1.765036,EGY,IND,611420
2364825,71,104,7731,2015,67479.0,9947521.0,0.8173590000000001,2.442556,ESP,IND,611420
2364826,72,104,7731,2015,0.0,100693.0,0.9281149999999999,1.1780389999999998,EST,IND,611420
2364827,74,104,7731,2015,0.0,2054688.0,1.597817,0.998059,FIN,IND,611420
2364828,75,104,7731,2015,0.0,7006.0,-0.481968,-0.201468,FJI,IND,611420
2364829,77,104,7731,2015,2358.0,14015875.0,1.479792,0.6490239999999999,FRA,IND,611420
2364830,81,104,7731,2015,20731.0,37405324.0,1.7422990000000003,0.75838,GBR,IND,611420
2364831,82,104,7731,2015,0.0,17802.0,-0.343663,-0.588017,GEO,IND,611420
2364832,83,104,7731,2015,0.0,214351.0,-0.750568,-0.690257,GHA,IND,611420
2364833,90,104,7731,2015,0.0,162998.0,0.099027,1.012289,GRC,IND,611420
2364834,92,104,7731,2015,0.0,1721.0,-1.017707,-0.913467,GRL,IND,611420
2364835,93,104,7731,2015,0.0,11076.0,-0.284403,0.525564,GTM,IND,611420
2364836,97,104,7731,2015,6452.0,930673.0,0.8255290000000001,1.8017279999999998,HKG,IND,611420
2364837,99,104,7731,2015,0.0,2709.0,-0.578635,-0.292053,HND,IND,611420
2364838,100,104,7731,2015,0.0,36016.0,0.7590140000000001,1.257415,HRV,IND,611420
2364839,101,104,7731,2015,0.0,18148.0,-1.288246,-1.018979,HTI,IND,611420
2364840,102,104,7731,2015,0.0,66643.0,1.462839,0.803258,HUN,IND,611420
2364841,103,104,7731,2015,1545.0,30984.0,-0.145103,1.277362,IDN,IND,611420
2364842,106,104,7731,2015,0.0,2228648.0,1.304942,0.126431,IRL,IND,611420
2364843,107,104,7731,2015,0.0,247983.0,-0.258946,-0.0073420000000000004,IRN,IND,611420
2364844,108,104,7731,2015,0.0,16466.0,-1.465803,-0.912113,IRQ,IND,611420
2364845,109,104,7731,2015,0.0,1636.0,0.24527600000000002,-0.411616,ISL,IND,611420
2364846,110,104,7731,2015,0.0,472371.0,1.260071,0.545545,ISR,IND,611420
2364847,111,104,7731,2015,455706.0,6336322.0,1.321127,0.747046,ITA,IND,611420
2364848,112,104,7731,2015,0.0,92838.0,-0.438267,-0.828097,JAM,IND,611420
2364849,113,104,7731,2015,0.0,145739.0,0.121172,0.457301,JOR,IND,611420
2364850,114,104,7731,2015,0.0,1904973.0,2.516133,-0.484202,JPN,IND,611420
2364851,115,104,7731,2015,0.0,379308.0,-0.45091499999999995,-0.652026,KAZ,IND,611420
2364852,116,104,7731,2015,0.0,7463.0,-0.453564,0.433325,KEN,IND,611420
2364853,117,104,7731,2015,0.0,194486.0,0.02058,0.438692,KGZ,IND,611420
2364854,118,104,7731,2015,1414.0,15984.0,-0.791985,-0.833046,KHM,IND,611420
2364855,121,104,7731,2015,0.0,398831.0,1.900653,0.859406,KOR,IND,611420
2364856,122,104,7731,2015,0.0,1917146.0,-0.352023,-1.153057,KWT,IND,611420
2364857,124,104,7731,2015,0.0,254170.0,0.317355,1.330374,LBN,IND,611420
2364858,128,104,7731,2015,6505.0,357365.0,-0.6773399999999999,0.386343,LKA,IND,611420
2364859,130,104,7731,2015,0.0,83210.0,0.749429,1.3659860000000001,LTU,IND,611420
2364860,131,104,7731,2015,0.0,4995.0,1.218924,1.247152,LUX,IND,611420
2364861,132,104,7731,2015,0.0,20854.0,0.602209,1.125357,LVA,IND,611420
2364862,134,104,7731,2015,0.0,9443.0,-0.7554810000000001,-0.059697,MAR,IND,611420
2364863,135,104,7731,2015,0.0,953.0,-0.313837,-0.20393,MDA,IND,611420
2364864,136,104,7731,2015,0.0,1097.0,-1.15947,-0.497217,MDG,IND,611420
2364865,137,104,7731,2015,0.0,11959.0,-0.321571,-0.858751,MDV,IND,611420
2364866,138,104,7731,2015,0.0,5630671.0,1.169724,0.61457,MEX,IND,611420
2364867,140,104,7731,2015,0.0,823.0,-0.09009600000000001,-0.147359,MKD,IND,611420
2364868,141,104,7731,2015,0.0,10139.0,-0.744236,-0.9441860000000001,MLI,IND,611420
2364869,143,104,7731,2015,0.0,58562.0,-1.4596120000000001,-0.903904,MMR,IND,611420
2364870,144,104,7731,2015,0.0,12843.0,-0.048385000000000004,-0.150759,MNE,IND,611420
2364871,148,104,7731,2015,0.0,860.0,-1.5597450000000002,-1.3209229999999998,MRT,IND,611420
2364872,151,104,7731,2015,0.0,335087.0,-0.231762,-0.195051,MUS,IND,611420
2364873,153,104,7731,2015,18009.0,784641.0,1.082803,0.811615,MYS,IND,611420
2364874,155,104,7731,2015,0.0,2147.0,-0.43457399999999996,-0.665655,NAM,IND,611420
2364875,156,104,7731,2015,0.0,6597.0,-0.727911,-0.844562,NCL,IND,611420
2364876,157,104,7731,2015,0.0,3294.0,-1.517292,-1.033891,NER,IND,611420
2364877,159,104,7731,2015,0.0,645819.0,-1.415451,-1.157829,NGA,IND,611420
2364878,160,104,7731,2015,0.0,2391.0,-1.102989,-0.952276,NIC,IND,611420
2364879,162,104,7731,2015,0.0,7571810.0,1.230104,1.27344,NLD,IND,611420
2364880,163,104,7731,2015,1106.0,632212.0,0.950708,0.314339,NOR,IND,611420
2364881,164,104,7731,2015,0.0,143776.0,-0.290416,0.456716,NPL,IND,611420
2364882,166,104,7731,2015,704.0,318595.0,0.224598,0.253179,NZL,IND,611420
2364883,167,104,7731,2015,0.0,104014.0,-0.4699,-1.00451,OMN,IND,611420
2364884,168,104,7731,2015,6491.0,0.0,-0.7059979999999999,0.73501,PAK,IND,611420
2364885,169,104,7731,2015,0.0,646592.0,0.642058,0.833392,PAN,IND,611420
2364886,173,104,7731,2015,0.0,183471.0,-0.6007819999999999,0.32152800000000004,PER,IND,611420
2364887,174,104,7731,2015,0.0,236254.0,0.6406270000000001,0.45770200000000005,PHL,IND,611420
2364888,176,104,7731,2015,0.0,8231.0,-1.710939,-1.266333,PNG,IND,611420
2364889,177,104,7731,2015,0.0,4757896.0,1.145844,1.1449280000000002,POL,IND,611420
2364890,178,104,7731,2015,0.0,11024.0,-0.404818,-0.075235,PRK,IND,611420
2364891,179,104,7731,2015,0.0,509408.0,0.561922,2.2276380000000002,PRT,IND,611420
2364892,180,104,7731,2015,0.0,4801.0,-0.471106,-0.9431139999999999,PRY,IND,611420
2364893,182,104,7731,2015,0.0,11600.0,-0.301696,-0.795154,PYF,IND,611420
2364894,183,104,7731,2015,0.0,84199.0,-0.077053,-0.9922719999999999,QAT,IND,611420
2364895,185,104,7731,2015,0.0,179749.0,0.946363,1.056775,ROU,IND,611420
2364896,186,104,7731,2015,0.0,920461.0,0.23119,0.035965,RUS,IND,611420
2364897,188,104,7731,2015,0.0,3388358.0,0.5552520000000001,-0.7263229999999999,SAU,IND,611420
2364898,190,104,7731,2015,0.0,623328.0,-1.420356,-1.218424,SDN,IND,611420
2364899,191,104,7731,2015,0.0,120366.0,-0.708349,-0.296663,SEN,IND,611420
2364900,192,104,7731,2015,10354.0,709890.0,2.05613,0.593065,SGP,IND,611420
2364901,197,104,7731,2015,0.0,2356.0,0.05531900000000001,0.169073,SLV,IND,611420
2364902,201,104,7731,2015,0.0,17177.0,0.457042,1.324908,SRB,IND,611420
2364903,206,104,7731,2015,0.0,421721.0,1.287133,0.7900560000000001,SVK,IND,611420
2364904,207,104,7731,2015,0.0,251477.0,1.6089879999999999,0.833616,SVN,IND,611420
2364905,208,104,7731,2015,0.0,5107917.0,1.8068349999999997,0.693389,SWE,IND,611420
2364906,209,104,7731,2015,0.0,49269.0,0.257467,-0.402491,SWZ,IND,611420
2364907,215,104,7731,2015,0.0,14414.0,-0.66925,-0.873554,TGO,IND,611420
2364908,216,104,7731,2015,1598.0,53359.0,0.965888,1.368572,THA,IND,611420
2364909,217,104,7731,2015,0.0,3250.0,-1.134216,-1.174245,TJK,IND,611420
2364910,222,104,7731,2015,0.0,1178.0,-0.462837,-1.117621,TTO,IND,611420
2364911,223,104,7731,2015,37136.0,3007.0,0.140202,0.967591,TUN,IND,611420
2364912,224,104,7731,2015,5028.0,179848.0,0.438669,2.519632,TUR,IND,611420
2364913,226,104,7731,2015,0.0,12952.0,-1.02395,-0.017509999999999998,TZA,IND,611420
2364914,228,104,7731,2015,0.0,15719.0,0.429879,0.701813,UKR,IND,611420
2364915,230,104,7731,2015,0.0,394861.0,0.273876,-0.363695,URY,IND,611420
2364916,231,104,7731,2015,30585.0,71456952.0,1.720478,-0.129322,USA,IND,611420
2364917,232,104,7731,2015,0.0,28761.0,-0.724966,-0.599292,UZB,IND,611420
2364918,236,104,7731,2015,0.0,2653448.0,-0.9249129999999999,-1.1877280000000001,VEN,IND,611420
2364919,237,104,7731,2015,0.0,1747.0,0.914493,-0.31357399999999996,VGB,IND,611420
2364920,239,104,7731,2015,2375.0,2387.0,-0.17108900000000002,1.10995,VNM,IND,611420
2364921,243,104,7731,2015,0.0,1867.0,-1.048632,-1.10843,YEM,IND,611420
2364922,246,104,7731,2015,0.0,1423394.0,0.24944699999999997,1.7573159999999999,ZAF,IND,611420
2364923,247,104,7731,2015,0.0,16847.0,-0.44792,-0.769586,ZMB,IND,611420
2364924,248,104,7731,2015,0.0,95586.0,-0.838017,-0.9400270000000001,ZWE,IND,611420
2364925,249,104,7731,2015,0.0,74226.0,1.962832,1.214982,TWN,IND,611420
2364926,250,104,7731,2015,0.0,271185.0,0.377283,-0.092204,ANS,IND,611420
2364927,14,110,7731,2015,12320.0,1633.0,-0.292325,-0.043489,AUS,ISR,611420
2364928,15,110,7731,2015,984.0,1860.0,1.747098,-0.08026699999999999,AUT,ISR,611420
2364929,18,110,7731,2015,14764.0,0.0,1.329866,1.100641,BEL,ISR,611420
2364930,22,110,7731,2015,17286.0,0.0,-1.088465,-0.8745360000000001,BGD,ISR,611420
2364931,39,110,7731,2015,9439.0,1644.0,0.695867,1.171676,CAN,ISR,611420
2364932,41,110,7731,2015,166221.0,9512.0,2.306075,0.720781,CHE,ISR,611420
2364933,43,110,7731,2015,1694298.0,0.0,1.077143,1.735757,CHN,ISR,611420
2364934,58,110,7731,2015,2968.0,0.0,0.511225,-0.207261,CYP,ISR,611420
2364935,61,110,7731,2015,8702.0,8967.0,2.203818,-2.307561,DEU,ISR,611420
2364936,64,110,7731,2015,2427.0,0.0,1.157924,1.2045629999999998,DNK,ISR,611420
2364937,71,110,7731,2015,521485.0,0.0,0.8173590000000001,2.442556,ESP,ISR,611420
2364938,77,110,7731,2015,21441.0,360384.0,1.479792,0.6490239999999999,FRA,ISR,611420
2364939,81,110,7731,2015,11816.0,2775.0,1.7422990000000003,0.75838,GBR,ISR,611420
2364940,97,110,7731,2015,67061.0,0.0,0.8255290000000001,1.8017279999999998,HKG,ISR,611420
2364941,103,110,7731,2015,2833.0,0.0,-0.145103,1.277362,IDN,ISR,611420
2364942,104,110,7731,2015,472371.0,0.0,0.24230900000000002,2.8190880000000003,IND,ISR,611420
2364943,111,110,7731,2015,26096.0,4345.0,1.321127,0.747046,ITA,ISR,611420
2364944,113,110,7731,2015,4639722.0,0.0,0.121172,0.457301,JOR,ISR,611420
2364945,121,110,7731,2015,0.0,1477.0,1.900653,0.859406,KOR,ISR,611420
2364946,133,110,7731,2015,10414.0,0.0,0.296288,0.32009499999999996,MAC,ISR,611420
2364947,162,110,7731,2015,6852.0,6829.0,1.230104,1.27344,NLD,ISR,611420
2364948,177,110,7731,2015,1898.0,0.0,1.145844,1.1449280000000002,POL,ISR,611420
2364949,192,110,7731,2015,2813.0,0.0,2.05613,0.593065,SGP,ISR,611420
2364950,208,110,7731,2015,0.0,2426.0,1.8068349999999997,0.693389,SWE,ISR,611420
2364951,216,110,7731,2015,20937.0,0.0,0.965888,1.368572,THA,ISR,611420
2364952,224,110,7731,2015,674771.0,0.0,0.438669,2.519632,TUR,ISR,611420
2364953,228,110,7731,2015,0.0,950.0,0.429879,0.701813,UKR,ISR,611420
2364954,231,110,7731,2015,40775.0,173206.0,1.720478,-0.129322,USA,ISR,611420
2364955,239,110,7731,2015,5014.0,0.0,-0.17108900000000002,1.10995,VNM,ISR,611420
2364956,2,111,7731,2015,0.0,41472.0,-1.6542,-1.2598989999999999,AGO,ITA,611420
2364957,4,111,7731,2015,28667.0,73854.0,-0.601875,-0.27003,ALB,ITA,611420
2364958,5,111,7731,2015,0.0,3142.0,0.850153,0.383793,AND,ITA,611420
2364959,7,111,7731,2015,92593.0,556058.0,0.21779600000000002,-0.0047420000000000006,ARE,ITA,611420
2364960,8,111,7731,2015,4165.0,1086.0,0.116896,0.30330999999999997,ARG,ITA,611420
2364961,9,111,7731,2015,0.0,13714.0,0.037579,-0.42448800000000003,ARM,ITA,611420
2364962,14,111,7731,2015,4123.0,19902.0,-0.292325,-0.043489,AUS,ITA,611420
2364963,15,111,7731,2015,202310.0,511017.0,1.747098,-0.08026699999999999,AUT,ITA,611420
2364964,16,111,7731,2015,0.0,7848.0,-0.983347,-1.231542,AZE,ITA,611420
2364965,18,111,7731,2015,2214002.0,557594.0,1.329866,1.100641,BEL,ITA,611420
2364966,19,111,7731,2015,0.0,1481.0,-0.5641470000000001,-0.8971020000000001,BEN,ITA,611420
2364967,21,111,7731,2015,0.0,4814.0,-1.085359,-1.034365,BFA,ITA,611420
2364968,22,111,7731,2015,3646591.0,0.0,-1.088465,-0.8745360000000001,BGD,ITA,611420
2364969,23,111,7731,2015,52617.0,134134.0,0.45640699999999995,1.691455,BGR,ITA,611420
2364970,24,111,7731,2015,0.0,24126.0,0.36650900000000003,-0.28735,BHR,ITA,611420
2364971,26,111,7731,2015,1503.0,4178.0,0.355903,0.723092,BIH,ITA,611420
2364972,28,111,7731,2015,0.0,7862.0,0.672499,0.5584020000000001,BLR,ITA,611420
2364973,32,111,7731,2015,1302.0,23622.0,0.23656799999999997,0.688607,BRA,ITA,611420
2364974,39,111,7731,2015,0.0,96667.0,0.695867,1.171676,CAN,ITA,611420
2364975,41,111,7731,2015,84066.0,811091.0,2.306075,0.720781,CHE,ITA,611420
2364976,42,111,7731,2015,0.0,125093.0,-0.356167,-0.47629399999999994,CHL,ITA,611420
2364977,43,111,7731,2015,2745876.0,615145.0,1.077143,1.735757,CHN,ITA,611420
2364978,44,111,7731,2015,0.0,37301.0,-0.856142,-0.905292,CIV,ITA,611420
2364979,45,111,7731,2015,0.0,7640.0,-0.924366,-1.040721,CMR,ITA,611420
2364980,47,111,7731,2015,0.0,23658.0,-1.294823,-1.18811,COG,ITA,611420
2364981,49,111,7731,2015,1061.0,29582.0,0.156383,-0.183055,COL,ITA,611420
2364982,58,111,7731,2015,0.0,154856.0,0.511225,-0.207261,CYP,ITA,611420
2364983,59,111,7731,2015,12251.0,192325.0,1.743012,0.45424,CZE,ITA,611420
2364984,61,111,7731,2015,2178156.0,1693895.0,2.203818,-2.307561,DEU,ITA,611420
2364985,64,111,7731,2015,703233.0,32945.0,1.157924,1.2045629999999998,DNK,ITA,611420
2364986,65,111,7731,2015,0.0,8278.0,-0.212808,0.395873,DOM,ITA,611420
2364987,68,111,7731,2015,73566.0,108204.0,-0.183053,1.765036,EGY,ITA,611420
2364988,71,111,7731,2015,1563425.0,1355023.0,0.8173590000000001,2.442556,ESP,ITA,611420
2364989,72,111,7731,2015,1270.0,21330.0,0.9281149999999999,1.1780389999999998,EST,ITA,611420
2364990,73,111,7731,2015,0.0,4495.0,-1.004896,-0.721019,ETH,ITA,611420
2364991,74,111,7731,2015,6105.0,35357.0,1.597817,0.998059,FIN,ITA,611420
2364992,77,111,7731,2015,1739878.0,3362778.0,1.479792,0.6490239999999999,FRA,ITA,611420
2364993,81,111,7731,2015,1082522.0,1220418.0,1.7422990000000003,0.75838,GBR,ITA,611420
2364994,82,111,7731,2015,0.0,22904.0,-0.343663,-0.588017,GEO,ITA,611420
2364995,90,111,7731,2015,15156.0,543629.0,0.099027,1.012289,GRC,ITA,611420
2364996,97,111,7731,2015,25017.0,3065732.0,0.8255290000000001,1.8017279999999998,HKG,ITA,611420
2364997,100,111,7731,2015,259399.0,587179.0,0.7590140000000001,1.257415,HRV,ITA,611420
2364998,102,111,7731,2015,4599.0,101359.0,1.462839,0.803258,HUN,ITA,611420
2364999,103,111,7731,2015,28530.0,0.0,-0.145103,1.277362,IDN,ITA,611420
2365000,104,111,7731,2015,6336322.0,455706.0,0.24230900000000002,2.8190880000000003,IND,ITA,611420
2365001,106,111,7731,2015,3962.0,21067.0,1.304942,0.126431,IRL,ITA,611420
2365002,107,111,7731,2015,0.0,6076.0,-0.258946,-0.0073420000000000004,IRN,ITA,611420
2365003,108,111,7731,2015,0.0,2232.0,-1.465803,-0.912113,IRQ,ITA,611420
2365004,109,111,7731,2015,0.0,3324.0,0.24527600000000002,-0.411616,ISL,ITA,611420
2365005,110,111,7731,2015,4345.0,26096.0,1.260071,0.545545,ISR,ITA,611420
2365006,113,111,7731,2015,1748792.0,11421.0,0.121172,0.457301,JOR,ITA,611420
2365007,114,111,7731,2015,44484.0,2600090.0,2.516133,-0.484202,JPN,ITA,611420
2365008,115,111,7731,2015,0.0,41724.0,-0.45091499999999995,-0.652026,KAZ,ITA,611420
2365009,117,111,7731,2015,0.0,2789.0,0.02058,0.438692,KGZ,ITA,611420
2365010,118,111,7731,2015,58162.0,0.0,-0.791985,-0.833046,KHM,ITA,611420
2365011,121,111,7731,2015,16612.0,176377.0,1.900653,0.859406,KOR,ITA,611420
2365012,122,111,7731,2015,0.0,24674.0,-0.352023,-1.153057,KWT,ITA,611420
2365013,124,111,7731,2015,935.0,402691.0,0.317355,1.330374,LBN,ITA,611420
2365014,128,111,7731,2015,14362.0,17128.0,-0.6773399999999999,0.386343,LKA,ITA,611420
2365015,130,111,7731,2015,0.0,28848.0,0.749429,1.3659860000000001,LTU,ITA,611420
2365016,131,111,7731,2015,1475.0,18525.0,1.218924,1.247152,LUX,ITA,611420
2365017,132,111,7731,2015,0.0,36619.0,0.602209,1.125357,LVA,ITA,611420
2365018,133,111,7731,2015,0.0,14472.0,0.296288,0.32009499999999996,MAC,ITA,611420
2365019,134,111,7731,2015,0.0,3083.0,-0.7554810000000001,-0.059697,MAR,ITA,611420
2365020,135,111,7731,2015,496166.0,3548.0,-0.313837,-0.20393,MDA,ITA,611420
2365021,136,111,7731,2015,28253.0,0.0,-1.15947,-0.497217,MDG,ITA,611420
2365022,137,111,7731,2015,0.0,27352.0,-0.321571,-0.858751,MDV,ITA,611420
2365023,138,111,7731,2015,0.0,211375.0,1.169724,0.61457,MEX,ITA,611420
2365024,140,111,7731,2015,0.0,22244.0,-0.09009600000000001,-0.147359,MKD,ITA,611420
2365025,142,111,7731,2015,0.0,86229.0,0.880893,-0.117585,MLT,ITA,611420
2365026,144,111,7731,2015,0.0,55731.0,-0.048385000000000004,-0.150759,MNE,ITA,611420
2365027,148,111,7731,2015,0.0,4481.0,-1.5597450000000002,-1.3209229999999998,MRT,ITA,611420
2365028,153,111,7731,2015,0.0,61822.0,1.082803,0.811615,MYS,ITA,611420
2365029,159,111,7731,2015,0.0,104633.0,-1.415451,-1.157829,NGA,ITA,611420
2365030,162,111,7731,2015,484949.0,504073.0,1.230104,1.27344,NLD,ITA,611420
2365031,163,111,7731,2015,23877.0,26806.0,0.950708,0.314339,NOR,ITA,611420
2365032,164,111,7731,2015,10264.0,0.0,-0.290416,0.456716,NPL,ITA,611420
2365033,166,111,7731,2015,0.0,1322.0,0.224598,0.253179,NZL,ITA,611420
2365034,167,111,7731,2015,0.0,1219.0,-0.4699,-1.00451,OMN,ITA,611420
2365035,168,111,7731,2015,56962.0,0.0,-0.7059979999999999,0.73501,PAK,ITA,611420
2365036,169,111,7731,2015,0.0,31820.0,0.642058,0.833392,PAN,ITA,611420
2365037,173,111,7731,2015,40431.0,36314.0,-0.6007819999999999,0.32152800000000004,PER,ITA,611420
2365038,177,111,7731,2015,120350.0,453401.0,1.145844,1.1449280000000002,POL,ITA,611420
2365039,178,111,7731,2015,0.0,5860.0,-0.404818,-0.075235,PRK,ITA,611420
2365040,179,111,7731,2015,91306.0,299264.0,0.561922,2.2276380000000002,PRT,ITA,611420
2365041,180,111,7731,2015,0.0,1649.0,-0.471106,-0.9431139999999999,PRY,ITA,611420
2365042,182,111,7731,2015,0.0,831.0,-0.301696,-0.795154,PYF,ITA,611420
2365043,183,111,7731,2015,0.0,44345.0,-0.077053,-0.9922719999999999,QAT,ITA,611420
2365044,185,111,7731,2015,965700.0,174191.0,0.946363,1.056775,ROU,ITA,611420
2365045,186,111,7731,2015,1603.0,199568.0,0.23119,0.035965,RUS,ITA,611420
2365046,188,111,7731,2015,2229.0,134080.0,0.5552520000000001,-0.7263229999999999,SAU,ITA,611420
2365047,191,111,7731,2015,1104.0,0.0,-0.708349,-0.296663,SEN,ITA,611420
2365048,192,111,7731,2015,0.0,24140.0,2.05613,0.593065,SGP,ITA,611420
2365049,197,111,7731,2015,0.0,909.0,0.05531900000000001,0.169073,SLV,ITA,611420
2365050,201,111,7731,2015,1960.0,368785.0,0.457042,1.324908,SRB,ITA,611420
2365051,206,111,7731,2015,2840.0,203897.0,1.287133,0.7900560000000001,SVK,ITA,611420
2365052,207,111,7731,2015,6283.0,265835.0,1.6089879999999999,0.833616,SVN,ITA,611420
2365053,208,111,7731,2015,65624.0,48431.0,1.8068349999999997,0.693389,SWE,ITA,611420
2365054,211,111,7731,2015,0.0,8330.0,1.017467,-0.285569,SYC,ITA,611420
2365055,212,111,7731,2015,0.0,1145.0,-0.603532,0.313216,SYR,ITA,611420
2365056,216,111,7731,2015,38770.0,8871.0,0.965888,1.368572,THA,ITA,611420
2365057,223,111,7731,2015,154472.0,307288.0,0.140202,0.967591,TUN,ITA,611420
2365058,224,111,7731,2015,524890.0,360127.0,0.438669,2.519632,TUR,ITA,611420
2365059,228,111,7731,2015,0.0,47714.0,0.429879,0.701813,UKR,ITA,611420
2365060,230,111,7731,2015,0.0,3878.0,0.273876,-0.363695,URY,ITA,611420
2365061,231,111,7731,2015,216132.0,1060207.0,1.720478,-0.129322,USA,ITA,611420
2365062,232,111,7731,2015,0.0,6070.0,-0.724966,-0.599292,UZB,ITA,611420
2365063,236,111,7731,2015,0.0,15955.0,-0.9249129999999999,-1.1877280000000001,VEN,ITA,611420
2365064,239,111,7731,2015,50186.0,0.0,-0.17108900000000002,1.10995,VNM,ITA,611420
2365065,246,111,7731,2015,0.0,117833.0,0.24944699999999997,1.7573159999999999,ZAF,ITA,611420
2365066,247,111,7731,2015,0.0,1197.0,-0.44792,-0.769586,ZMB,ITA,611420
2365067,249,111,7731,2015,1389.0,274829.0,1.962832,1.214982,TWN,ITA,611420
2365068,250,111,7731,2015,0.0,10498.0,0.377283,-0.092204,ANS,ITA,611420
2365069,13,112,7731,2015,0.0,6612.0,0.43318,-0.552045,ATG,JAM,611420
2365070,25,112,7731,2015,0.0,4683.0,0.669493,-0.37838099999999997,BHS,JAM,611420
2365071,43,112,7731,2015,120606.0,0.0,1.077143,1.735757,CHN,JAM,611420
2365072,57,112,7731,2015,0.0,12247.0,0.275472,-0.831835,CYM,JAM,611420
2365073,81,112,7731,2015,0.0,70724.0,1.7422990000000003,0.75838,GBR,JAM,611420
2365074,104,112,7731,2015,92838.0,0.0,0.24230900000000002,2.8190880000000003,IND,JAM,611420
2365075,210,112,7731,2015,0.0,1986.0,0.945973,-0.7548229999999999,SXM,JAM,611420
2365076,216,112,7731,2015,1574.0,0.0,0.965888,1.368572,THA,JAM,611420
2365077,231,112,7731,2015,30869.0,10178.0,1.720478,-0.129322,USA,JAM,611420
2365078,0,113,7731,2015,11384.0,0.0,0.8526809999999999,-0.043541,ABW,JOR,611420
2365079,7,113,7731,2015,37465.0,83669.0,0.21779600000000002,-0.0047420000000000006,ARE,JOR,611420
2365080,14,113,7731,2015,0.0,31014.0,-0.292325,-0.043489,AUS,JOR,611420
2365081,18,113,7731,2015,0.0,21628.0,1.329866,1.100641,BEL,JOR,611420
2365082,22,113,7731,2015,728518.0,0.0,-1.088465,-0.8745360000000001,BGD,JOR,611420
2365083,23,113,7731,2015,1460.0,0.0,0.45640699999999995,1.691455,BGR,JOR,611420
2365084,39,113,7731,2015,18699.0,1816145.0,0.695867,1.171676,CAN,JOR,611420
2365085,42,113,7731,2015,0.0,11695.0,-0.356167,-0.47629399999999994,CHL,JOR,611420
2365086,43,113,7731,2015,795903.0,379796.0,1.077143,1.735757,CHN,JOR,611420
2365087,61,113,7731,2015,2119.0,10557.0,2.203818,-2.307561,DEU,JOR,611420
2365088,64,113,7731,2015,2453.0,0.0,1.157924,1.2045629999999998,DNK,JOR,611420
2365089,68,113,7731,2015,30920.0,0.0,-0.183053,1.765036,EGY,JOR,611420
2365090,71,113,7731,2015,38242.0,93649.0,0.8173590000000001,2.442556,ESP,JOR,611420
2365091,77,113,7731,2015,9745.0,5604.0,1.479792,0.6490239999999999,FRA,JOR,611420
2365092,81,113,7731,2015,8165.0,2452323.0,1.7422990000000003,0.75838,GBR,JOR,611420
2365093,97,113,7731,2015,0.0,3989564.0,0.8255290000000001,1.8017279999999998,HKG,JOR,611420
2365094,99,113,7731,2015,8058.0,0.0,-0.578635,-0.292053,HND,JOR,611420
2365095,104,113,7731,2015,145739.0,0.0,0.24230900000000002,2.8190880000000003,IND,JOR,611420
2365096,110,113,7731,2015,0.0,4639722.0,1.260071,0.545545,ISR,JOR,611420
2365097,111,113,7731,2015,11421.0,1748792.0,1.321127,0.747046,ITA,JOR,611420
2365098,114,113,7731,2015,0.0,1039264.0,2.516133,-0.484202,JPN,JOR,611420
2365099,118,113,7731,2015,110466.0,0.0,-0.791985,-0.833046,KHM,JOR,611420
2365100,121,113,7731,2015,0.0,206362.0,1.900653,0.859406,KOR,JOR,611420
2365101,124,113,7731,2015,3310.0,0.0,0.317355,1.330374,LBN,JOR,611420
2365102,126,113,7731,2015,0.0,52549.0,-1.3257219999999998,-1.260453,LBY,JOR,611420
2365103,128,113,7731,2015,16032.0,12916.0,-0.6773399999999999,0.386343,LKA,JOR,611420
2365104,134,113,7731,2015,67107.0,0.0,-0.7554810000000001,-0.059697,MAR,JOR,611420
2365105,138,113,7731,2015,0.0,224419.0,1.169724,0.61457,MEX,JOR,611420
2365106,153,113,7731,2015,0.0,3225.0,1.082803,0.811615,MYS,JOR,611420
2365107,162,113,7731,2015,0.0,8724336.0,1.230104,1.27344,NLD,JOR,611420
2365108,168,113,7731,2015,10916.0,0.0,-0.7059979999999999,0.73501,PAK,JOR,611420
2365109,169,113,7731,2015,0.0,60005.0,0.642058,0.833392,PAN,JOR,611420
2365110,173,113,7731,2015,0.0,5961.0,-0.6007819999999999,0.32152800000000004,PER,JOR,611420
2365111,177,113,7731,2015,4272.0,0.0,1.145844,1.1449280000000002,POL,JOR,611420
2365112,181,113,7731,2015,0.0,21605.0,0.060575,0.5649489999999999,PSE,JOR,611420
2365113,183,113,7731,2015,0.0,2420.0,-0.077053,-0.9922719999999999,QAT,JOR,611420
2365114,185,113,7731,2015,9350.0,0.0,0.946363,1.056775,ROU,JOR,611420
2365115,188,113,7731,2015,0.0,22983.0,0.5552520000000001,-0.7263229999999999,SAU,JOR,611420
2365116,192,113,7731,2015,0.0,10359.0,2.05613,0.593065,SGP,JOR,611420
2365117,208,113,7731,2015,0.0,136968.0,1.8068349999999997,0.693389,SWE,JOR,611420
2365118,212,113,7731,2015,207249.0,0.0,-0.603532,0.313216,SYR,JOR,611420
2365119,216,113,7731,2015,3289.0,8972.0,0.965888,1.368572,THA,JOR,611420
2365120,224,113,7731,2015,141551.0,32372.0,0.438669,2.519632,TUR,JOR,611420
2365121,230,113,7731,2015,0.0,1724.0,0.273876,-0.363695,URY,JOR,611420
2365122,231,113,7731,2015,82912.0,4438362.0,1.720478,-0.129322,USA,JOR,611420
2365123,239,113,7731,2015,610561.0,0.0,-0.17108900000000002,1.10995,VNM,JOR,611420
2365124,249,113,7731,2015,0.0,96386.0,1.962832,1.214982,TWN,JOR,611420
2365125,250,113,7731,2015,0.0,214143.0,0.377283,-0.092204,ANS,JOR,611420
2365126,7,114,7731,2015,0.0,12504.0,0.21779600000000002,-0.0047420000000000006,ARE,JPN,611420
2365127,14,114,7731,2015,19415.0,10052.0,-0.292325,-0.043489,AUS,JPN,611420
2365128,15,114,7731,2015,1338.0,0.0,1.747098,-0.08026699999999999,AUT,JPN,611420
2365129,18,114,7731,2015,33808.0,143566.0,1.329866,1.100641,BEL,JPN,611420
2365130,22,114,7731,2015,713219.0,0.0,-1.088465,-0.8745360000000001,BGD,JPN,611420
2365131,23,114,7731,2015,1625.0,0.0,0.45640699999999995,1.691455,BGR,JPN,611420
2365132,39,114,7731,2015,0.0,8901.0,0.695867,1.171676,CAN,JPN,611420
2365133,41,114,7731,2015,25565.0,29549.0,2.306075,0.720781,CHE,JPN,611420
2365134,43,114,7731,2015,13374504.0,245712.0,1.077143,1.735757,CHN,JPN,611420
2365135,61,114,7731,2015,71695.0,8186.0,2.203818,-2.307561,DEU,JPN,611420
2365136,64,114,7731,2015,2011.0,4200.0,1.157924,1.2045629999999998,DNK,JPN,611420
2365137,68,114,7731,2015,3307.0,0.0,-0.183053,1.765036,EGY,JPN,611420
2365138,71,114,7731,2015,511950.0,6145.0,0.8173590000000001,2.442556,ESP,JPN,611420
2365139,72,114,7731,2015,0.0,6955.0,0.9281149999999999,1.1780389999999998,EST,JPN,611420
2365140,77,114,7731,2015,1306958.0,82175.0,1.479792,0.6490239999999999,FRA,JPN,611420
2365141,81,114,7731,2015,67869.0,41272.0,1.7422990000000003,0.75838,GBR,JPN,611420
2365142,90,114,7731,2015,2124.0,0.0,0.099027,1.012289,GRC,JPN,611420
2365143,93,114,7731,2015,4962.0,0.0,-0.284403,0.525564,GTM,JPN,611420
2365144,97,114,7731,2015,577510.0,91889.0,0.8255290000000001,1.8017279999999998,HKG,JPN,611420
2365145,103,114,7731,2015,512898.0,0.0,-0.145103,1.277362,IDN,JPN,611420
2365146,104,114,7731,2015,1904973.0,0.0,0.24230900000000002,2.8190880000000003,IND,JPN,611420
2365147,111,114,7731,2015,2600090.0,44484.0,1.321127,0.747046,ITA,JPN,611420
2365148,113,114,7731,2015,1039264.0,0.0,0.121172,0.457301,JOR,JPN,611420
2365149,118,114,7731,2015,1141267.0,0.0,-0.791985,-0.833046,KHM,JPN,611420
2365150,121,114,7731,2015,122417.0,26089.0,1.900653,0.859406,KOR,JPN,611420
2365151,122,114,7731,2015,0.0,7441.0,-0.352023,-1.153057,KWT,JPN,611420
2365152,128,114,7731,2015,7072.0,0.0,-0.6773399999999999,0.386343,LKA,JPN,611420
2365153,134,114,7731,2015,7921.0,0.0,-0.7554810000000001,-0.059697,MAR,JPN,611420
2365154,138,114,7731,2015,1785.0,0.0,1.169724,0.61457,MEX,JPN,611420
2365155,143,114,7731,2015,130060.0,0.0,-1.4596120000000001,-0.903904,MMR,JPN,611420
2365156,153,114,7731,2015,32437.0,15273.0,1.082803,0.811615,MYS,JPN,611420
2365157,160,114,7731,2015,26053.0,0.0,-1.102989,-0.952276,NIC,JPN,611420
2365158,162,114,7731,2015,53713.0,4214.0,1.230104,1.27344,NLD,JPN,611420
2365159,163,114,7731,2015,9453.0,0.0,0.950708,0.314339,NOR,JPN,611420
2365160,164,114,7731,2015,1490.0,0.0,-0.290416,0.456716,NPL,JPN,611420
2365161,166,114,7731,2015,0.0,992.0,0.224598,0.253179,NZL,JPN,611420
2365162,167,114,7731,2015,0.0,2435.0,-0.4699,-1.00451,OMN,JPN,611420
2365163,168,114,7731,2015,1784.0,0.0,-0.7059979999999999,0.73501,PAK,JPN,611420
2365164,173,114,7731,2015,59653.0,0.0,-0.6007819999999999,0.32152800000000004,PER,JPN,611420
2365165,174,114,7731,2015,72341.0,0.0,0.6406270000000001,0.45770200000000005,PHL,JPN,611420
2365166,177,114,7731,2015,10365.0,0.0,1.145844,1.1449280000000002,POL,JPN,611420
2365167,179,114,7731,2015,6423.0,0.0,0.561922,2.2276380000000002,PRT,JPN,611420
2365168,185,114,7731,2015,1276.0,0.0,0.946363,1.056775,ROU,JPN,611420
2365169,186,114,7731,2015,1952.0,0.0,0.23119,0.035965,RUS,JPN,611420
2365170,192,114,7731,2015,67748.0,21581.0,2.05613,0.593065,SGP,JPN,611420
2365171,208,114,7731,2015,1140.0,58994.0,1.8068349999999997,0.693389,SWE,JPN,611420
2365172,216,114,7731,2015,789169.0,3664.0,0.965888,1.368572,THA,JPN,611420
2365173,223,114,7731,2015,2576.0,0.0,0.140202,0.967591,TUN,JPN,611420
2365174,224,114,7731,2015,5479.0,0.0,0.438669,2.519632,TUR,JPN,611420
2365175,231,114,7731,2015,1692260.0,79659.0,1.720478,-0.129322,USA,JPN,611420
2365176,239,114,7731,2015,2901125.0,0.0,-0.17108900000000002,1.10995,VNM,JPN,611420
2365177,249,114,7731,2015,1924.0,44579.0,1.962832,1.214982,TWN,JPN,611420
2365178,7,121,7731,2015,0.0,43682.0,0.21779600000000002,-0.0047420000000000006,ARE,KOR,611420
2365179,14,121,7731,2015,205873.0,149027.0,-0.292325,-0.043489,AUS,KOR,611420
2365180,15,121,7731,2015,0.0,1870.0,1.747098,-0.08026699999999999,AUT,KOR,611420
2365181,18,121,7731,2015,7825.0,0.0,1.329866,1.100641,BEL,KOR,611420
2365182,22,121,7731,2015,382623.0,0.0,-1.088465,-0.8745360000000001,BGD,KOR,611420
2365183,23,121,7731,2015,16824.0,0.0,0.45640699999999995,1.691455,BGR,KOR,611420
2365184,32,121,7731,2015,0.0,3046.0,0.23656799999999997,0.688607,BRA,KOR,611420
2365185,39,121,7731,2015,4939.0,12583.0,0.695867,1.171676,CAN,KOR,611420
2365186,41,121,7731,2015,0.0,8833.0,2.306075,0.720781,CHE,KOR,611420
2365187,42,121,7731,2015,0.0,1779.0,-0.356167,-0.47629399999999994,CHL,KOR,611420
2365188,43,121,7731,2015,9026449.0,1708108.0,1.077143,1.735757,CHN,KOR,611420
2365189,44,121,7731,2015,0.0,668.0,-0.856142,-0.905292,CIV,KOR,611420
2365190,61,121,7731,2015,29218.0,0.0,2.203818,-2.307561,DEU,KOR,611420
2365191,64,121,7731,2015,3494.0,3838.0,1.157924,1.2045629999999998,DNK,KOR,611420
2365192,68,121,7731,2015,0.0,66937.0,-0.183053,1.765036,EGY,KOR,611420
2365193,71,121,7731,2015,402366.0,2303.0,0.8173590000000001,2.442556,ESP,KOR,611420
2365194,77,121,7731,2015,693233.0,11157.0,1.479792,0.6490239999999999,FRA,KOR,611420
2365195,81,121,7731,2015,57446.0,0.0,1.7422990000000003,0.75838,GBR,KOR,611420
2365196,90,121,7731,2015,13627.0,0.0,0.099027,1.012289,GRC,KOR,611420
2365197,93,121,7731,2015,107671.0,0.0,-0.284403,0.525564,GTM,KOR,611420
2365198,97,121,7731,2015,22922.0,88179.0,0.8255290000000001,1.8017279999999998,HKG,KOR,611420
2365199,99,121,7731,2015,2518.0,5575.0,-0.578635,-0.292053,HND,KOR,611420
2365200,102,121,7731,2015,3353.0,0.0,1.462839,0.803258,HUN,KOR,611420
2365201,103,121,7731,2015,954555.0,2202.0,-0.145103,1.277362,IDN,KOR,611420
2365202,104,121,7731,2015,398831.0,0.0,0.24230900000000002,2.8190880000000003,IND,KOR,611420
2365203,110,121,7731,2015,1477.0,0.0,1.260071,0.545545,ISR,KOR,611420
2365204,111,121,7731,2015,176377.0,16612.0,1.321127,0.747046,ITA,KOR,611420
2365205,113,121,7731,2015,206362.0,0.0,0.121172,0.457301,JOR,KOR,611420
2365206,114,121,7731,2015,26089.0,122417.0,2.516133,-0.484202,JPN,KOR,611420
2365207,117,121,7731,2015,0.0,86569.0,0.02058,0.438692,KGZ,KOR,611420
2365208,118,121,7731,2015,996452.0,2928.0,-0.791985,-0.833046,KHM,KOR,611420
2365209,122,121,7731,2015,0.0,12780.0,-0.352023,-1.153057,KWT,KOR,611420
2365210,128,121,7731,2015,18516.0,0.0,-0.6773399999999999,0.386343,LKA,KOR,611420
2365211,131,121,7731,2015,0.0,458.0,1.218924,1.247152,LUX,KOR,611420
2365212,133,121,7731,2015,109964.0,1431.0,0.296288,0.32009499999999996,MAC,KOR,611420
2365213,134,121,7731,2015,27840.0,0.0,-0.7554810000000001,-0.059697,MAR,KOR,611420
2365214,136,121,7731,2015,1591.0,0.0,-1.15947,-0.497217,MDG,KOR,611420
2365215,138,121,7731,2015,32106.0,1823.0,1.169724,0.61457,MEX,KOR,611420
2365216,143,121,7731,2015,397792.0,0.0,-1.4596120000000001,-0.903904,MMR,KOR,611420
2365217,153,121,7731,2015,186405.0,7950.0,1.082803,0.811615,MYS,KOR,611420
2365218,162,121,7731,2015,6327.0,8387.0,1.230104,1.27344,NLD,KOR,611420
2365219,163,121,7731,2015,8895.0,0.0,0.950708,0.314339,NOR,KOR,611420
2365220,166,121,7731,2015,0.0,2350.0,0.224598,0.253179,NZL,KOR,611420
2365221,167,121,7731,2015,0.0,28409.0,-0.4699,-1.00451,OMN,KOR,611420
2365222,168,121,7731,2015,683764.0,0.0,-0.7059979999999999,0.73501,PAK,KOR,611420
2365223,173,121,7731,2015,40042.0,0.0,-0.6007819999999999,0.32152800000000004,PER,KOR,611420
2365224,174,121,7731,2015,227186.0,3233.0,0.6406270000000001,0.45770200000000005,PHL,KOR,611420
2365225,177,121,7731,2015,8332.0,9618.0,1.145844,1.1449280000000002,POL,KOR,611420
2365226,179,121,7731,2015,40855.0,0.0,0.561922,2.2276380000000002,PRT,KOR,611420
2365227,185,121,7731,2015,3009.0,0.0,0.946363,1.056775,ROU,KOR,611420
2365228,186,121,7731,2015,10483.0,46841.0,0.23119,0.035965,RUS,KOR,611420
2365229,192,121,7731,2015,11816.0,15719.0,2.05613,0.593065,SGP,KOR,611420
2365230,201,121,7731,2015,1414.0,0.0,0.457042,1.324908,SRB,KOR,611420
2365231,208,121,7731,2015,3334.0,23457.0,1.8068349999999997,0.693389,SWE,KOR,611420
2365232,216,121,7731,2015,11389.0,15094.0,0.965888,1.368572,THA,KOR,611420
2365233,220,121,7731,2015,0.0,1114.0,-0.878657,-0.9064450000000001,TLS,KOR,611420
2365234,224,121,7731,2015,3833.0,0.0,0.438669,2.519632,TUR,KOR,611420
2365235,228,121,7731,2015,0.0,2311.0,0.429879,0.701813,UKR,KOR,611420
2365236,231,121,7731,2015,1542765.0,115700.0,1.720478,-0.129322,USA,KOR,611420
2365237,239,121,7731,2015,10130989.0,0.0,-0.17108900000000002,1.10995,VNM,KOR,611420
2365238,249,121,7731,2015,0.0,6555.0,1.962832,1.214982,TWN,KOR,611420
2365239,7,122,7731,2015,205052.0,94300.0,0.21779600000000002,-0.0047420000000000006,ARE,KWT,611420
2365240,15,122,7731,2015,1077.0,0.0,1.747098,-0.08026699999999999,AUT,KWT,611420
2365241,18,122,7731,2015,1163.0,0.0,1.329866,1.100641,BEL,KWT,611420
2365242,22,122,7731,2015,127693.0,0.0,-1.088465,-0.8745360000000001,BGD,KWT,611420
2365243,23,122,7731,2015,4910.0,0.0,0.45640699999999995,1.691455,BGR,KWT,611420
2365244,24,122,7731,2015,15387.0,82616.0,0.36650900000000003,-0.28735,BHR,KWT,611420
2365245,32,122,7731,2015,1022.0,0.0,0.23656799999999997,0.688607,BRA,KWT,611420
2365246,39,122,7731,2015,1435.0,0.0,0.695867,1.171676,CAN,KWT,611420
2365247,41,122,7731,2015,3653.0,0.0,2.306075,0.720781,CHE,KWT,611420
2365248,43,122,7731,2015,334695.0,0.0,1.077143,1.735757,CHN,KWT,611420
2365249,59,122,7731,2015,3007.0,0.0,1.743012,0.45424,CZE,KWT,611420
2365250,61,122,7731,2015,14691.0,0.0,2.203818,-2.307561,DEU,KWT,611420
2365251,64,122,7731,2015,7055.0,0.0,1.157924,1.2045629999999998,DNK,KWT,611420
2365252,65,122,7731,2015,8680.0,0.0,-0.212808,0.395873,DOM,KWT,611420
2365253,68,122,7731,2015,49376.0,0.0,-0.183053,1.765036,EGY,KWT,611420
2365254,71,122,7731,2015,302641.0,0.0,0.8173590000000001,2.442556,ESP,KWT,611420
2365255,77,122,7731,2015,45056.0,0.0,1.479792,0.6490239999999999,FRA,KWT,611420
2365256,81,122,7731,2015,23221.0,0.0,1.7422990000000003,0.75838,GBR,KWT,611420
2365257,90,122,7731,2015,16259.0,0.0,0.099027,1.012289,GRC,KWT,611420
2365258,93,122,7731,2015,6393.0,0.0,-0.284403,0.525564,GTM,KWT,611420
2365259,97,122,7731,2015,3139.0,0.0,0.8255290000000001,1.8017279999999998,HKG,KWT,611420
2365260,100,122,7731,2015,915.0,0.0,0.7590140000000001,1.257415,HRV,KWT,611420
2365261,103,122,7731,2015,86975.0,0.0,-0.145103,1.277362,IDN,KWT,611420
2365262,104,122,7731,2015,1917146.0,0.0,0.24230900000000002,2.8190880000000003,IND,KWT,611420
2365263,111,122,7731,2015,24674.0,0.0,1.321127,0.747046,ITA,KWT,611420
2365264,114,122,7731,2015,7441.0,0.0,2.516133,-0.484202,JPN,KWT,611420
2365265,116,122,7731,2015,3366.0,0.0,-0.453564,0.433325,KEN,KWT,611420
2365266,118,122,7731,2015,41593.0,0.0,-0.791985,-0.833046,KHM,KWT,611420
2365267,121,122,7731,2015,12780.0,0.0,1.900653,0.859406,KOR,KWT,611420
2365268,124,122,7731,2015,0.0,41811.0,0.317355,1.330374,LBN,KWT,611420
2365269,128,122,7731,2015,9650.0,0.0,-0.6773399999999999,0.386343,LKA,KWT,611420
2365270,134,122,7731,2015,4668.0,0.0,-0.7554810000000001,-0.059697,MAR,KWT,611420
2365271,136,122,7731,2015,26858.0,0.0,-1.15947,-0.497217,MDG,KWT,611420
2365272,138,122,7731,2015,20037.0,0.0,1.169724,0.61457,MEX,KWT,611420
2365273,151,122,7731,2015,1608.0,0.0,-0.231762,-0.195051,MUS,KWT,611420
2365274,153,122,7731,2015,3951.0,0.0,1.082803,0.811615,MYS,KWT,611420
2365275,160,122,7731,2015,9426.0,0.0,-1.102989,-0.952276,NIC,KWT,611420
2365276,168,122,7731,2015,38717.0,0.0,-0.7059979999999999,0.73501,PAK,KWT,611420
2365277,173,122,7731,2015,768.0,0.0,-0.6007819999999999,0.32152800000000004,PER,KWT,611420
2365278,174,122,7731,2015,1510.0,0.0,0.6406270000000001,0.45770200000000005,PHL,KWT,611420
2365279,177,122,7731,2015,5208.0,0.0,1.145844,1.1449280000000002,POL,KWT,611420
2365280,179,122,7731,2015,4429.0,0.0,0.561922,2.2276380000000002,PRT,KWT,611420
2365281,185,122,7731,2015,13340.0,0.0,0.946363,1.056775,ROU,KWT,611420
2365282,192,122,7731,2015,28989.0,0.0,2.05613,0.593065,SGP,KWT,611420
2365283,206,122,7731,2015,958.0,0.0,1.287133,0.7900560000000001,SVK,KWT,611420
2365284,208,122,7731,2015,2481.0,0.0,1.8068349999999997,0.693389,SWE,KWT,611420
2365285,216,122,7731,2015,4425.0,0.0,0.965888,1.368572,THA,KWT,611420
2365286,223,122,7731,2015,12343.0,0.0,0.140202,0.967591,TUN,KWT,611420
2365287,224,122,7731,2015,58982.0,0.0,0.438669,2.519632,TUR,KWT,611420
2365288,231,122,7731,2015,36385.0,0.0,1.720478,-0.129322,USA,KWT,611420
2365289,239,122,7731,2015,47557.0,0.0,-0.17108900000000002,1.10995,VNM,KWT,611420
2365290,249,122,7731,2015,8548.0,0.0,1.962832,1.214982,TWN,KWT,611420
2365291,7,138,7731,2015,0.0,30390.0,0.21779600000000002,-0.0047420000000000006,ARE,MEX,611420
2365292,14,138,7731,2015,0.0,36560.0,-0.292325,-0.043489,AUS,MEX,611420
2365293,22,138,7731,2015,255791.0,0.0,-1.088465,-0.8745360000000001,BGD,MEX,611420
2365294,24,138,7731,2015,0.0,1334.0,0.36650900000000003,-0.28735,BHR,MEX,611420
2365295,32,138,7731,2015,2874.0,0.0,0.23656799999999997,0.688607,BRA,MEX,611420
2365296,39,138,7731,2015,0.0,169101.0,0.695867,1.171676,CAN,MEX,611420
2365297,41,138,7731,2015,5271.0,2794.0,2.306075,0.720781,CHE,MEX,611420
2365298,43,138,7731,2015,634916.0,5513.0,1.077143,1.735757,CHN,MEX,611420
2365299,44,138,7731,2015,0.0,1568.0,-0.856142,-0.905292,CIV,MEX,611420
2365300,49,138,7731,2015,56214.0,4503.0,0.156383,-0.183055,COL,MEX,611420
2365301,52,138,7731,2015,0.0,6500.0,0.24859699999999998,-0.033143,CRI,MEX,611420
2365302,61,138,7731,2015,7562.0,3756.0,2.203818,-2.307561,DEU,MEX,611420
2365303,64,138,7731,2015,985.0,0.0,1.157924,1.2045629999999998,DNK,MEX,611420
2365304,68,138,7731,2015,5119.0,0.0,-0.183053,1.765036,EGY,MEX,611420
2365305,71,138,7731,2015,1661597.0,5713.0,0.8173590000000001,2.442556,ESP,MEX,611420
2365306,77,138,7731,2015,3961.0,32934.0,1.479792,0.6490239999999999,FRA,MEX,611420
2365307,81,138,7731,2015,15429.0,0.0,1.7422990000000003,0.75838,GBR,MEX,611420
2365308,93,138,7731,2015,396443.0,11334.0,-0.284403,0.525564,GTM,MEX,611420
2365309,97,138,7731,2015,22034.0,0.0,0.8255290000000001,1.8017279999999998,HKG,MEX,611420
2365310,99,138,7731,2015,3925.0,2023.0,-0.578635,-0.292053,HND,MEX,611420
2365311,100,138,7731,2015,914.0,0.0,0.7590140000000001,1.257415,HRV,MEX,611420
2365312,101,138,7731,2015,31859.0,0.0,-1.288246,-1.018979,HTI,MEX,611420
2365313,103,138,7731,2015,36030.0,0.0,-0.145103,1.277362,IDN,MEX,611420
2365314,104,138,7731,2015,5630671.0,0.0,0.24230900000000002,2.8190880000000003,IND,MEX,611420
2365315,106,138,7731,2015,0.0,2365.0,1.304942,0.126431,IRL,MEX,611420
2365316,111,138,7731,2015,211375.0,0.0,1.321127,0.747046,ITA,MEX,611420
2365317,113,138,7731,2015,224419.0,0.0,0.121172,0.457301,JOR,MEX,611420
2365318,114,138,7731,2015,0.0,1785.0,2.516133,-0.484202,JPN,MEX,611420
2365319,118,138,7731,2015,122189.0,0.0,-0.791985,-0.833046,KHM,MEX,611420
2365320,121,138,7731,2015,1823.0,32106.0,1.900653,0.859406,KOR,MEX,611420
2365321,122,138,7731,2015,0.0,20037.0,-0.352023,-1.153057,KWT,MEX,611420
2365322,128,138,7731,2015,10882.0,0.0,-0.6773399999999999,0.386343,LKA,MEX,611420
2365323,134,138,7731,2015,29645.0,0.0,-0.7554810000000001,-0.059697,MAR,MEX,611420
2365324,143,138,7731,2015,1992.0,0.0,-1.4596120000000001,-0.903904,MMR,MEX,611420
2365325,156,138,7731,2015,0.0,4231.0,-0.727911,-0.844562,NCL,MEX,611420
2365326,160,138,7731,2015,307401.0,0.0,-1.102989,-0.952276,NIC,MEX,611420
2365327,168,138,7731,2015,144624.0,0.0,-0.7059979999999999,0.73501,PAK,MEX,611420
2365328,173,138,7731,2015,48307.0,37299.0,-0.6007819999999999,0.32152800000000004,PER,MEX,611420
2365329,174,138,7731,2015,137950.0,0.0,0.6406270000000001,0.45770200000000005,PHL,MEX,611420
2365330,179,138,7731,2015,16741.0,0.0,0.561922,2.2276380000000002,PRT,MEX,611420
2365331,183,138,7731,2015,0.0,1467.0,-0.077053,-0.9922719999999999,QAT,MEX,611420
2365332,191,138,7731,2015,0.0,977.0,-0.708349,-0.296663,SEN,MEX,611420
2365333,192,138,7731,2015,69228.0,997.0,2.05613,0.593065,SGP,MEX,611420
2365334,197,138,7731,2015,4571.0,3879.0,0.05531900000000001,0.169073,SLV,MEX,611420
2365335,216,138,7731,2015,2433.0,0.0,0.965888,1.368572,THA,MEX,611420
2365336,223,138,7731,2015,49383.0,0.0,0.140202,0.967591,TUN,MEX,611420
2365337,224,138,7731,2015,114081.0,0.0,0.438669,2.519632,TUR,MEX,611420
2365338,230,138,7731,2015,0.0,2546.0,0.273876,-0.363695,URY,MEX,611420
2365339,231,138,7731,2015,3316794.0,9092459.0,1.720478,-0.129322,USA,MEX,611420
2365340,239,138,7731,2015,341421.0,0.0,-0.17108900000000002,1.10995,VNM,MEX,611420
2365341,249,138,7731,2015,0.0,2179.0,1.962832,1.214982,TWN,MEX,611420
2365342,7,153,7731,2015,93445.0,45581.0,0.21779600000000002,-0.0047420000000000006,ARE,MYS,611420
2365343,14,153,7731,2015,16672.0,329519.0,-0.292325,-0.043489,AUS,MYS,611420
2365344,15,153,7731,2015,0.0,1635.0,1.747098,-0.08026699999999999,AUT,MYS,611420
2365345,18,153,7731,2015,0.0,14751.0,1.329866,1.100641,BEL,MYS,611420
2365346,22,153,7731,2015,140026.0,0.0,-1.088465,-0.8745360000000001,BGD,MYS,611420
2365347,34,153,7731,2015,7092.0,54503.0,1.093564,-0.679211,BRN,MYS,611420
2365348,39,153,7731,2015,0.0,4213.0,0.695867,1.171676,CAN,MYS,611420
2365349,41,153,7731,2015,0.0,6179.0,2.306075,0.720781,CHE,MYS,611420
2365350,42,153,7731,2015,0.0,3060.0,-0.356167,-0.47629399999999994,CHL,MYS,611420
2365351,43,153,7731,2015,1020551.0,17876.0,1.077143,1.735757,CHN,MYS,611420
2365352,49,153,7731,2015,0.0,14485.0,0.156383,-0.183055,COL,MYS,611420
2365353,61,153,7731,2015,1990.0,4586.0,2.203818,-2.307561,DEU,MYS,611420
2365354,71,153,7731,2015,118765.0,7197.0,0.8173590000000001,2.442556,ESP,MYS,611420
2365355,77,153,7731,2015,1456.0,4662.0,1.479792,0.6490239999999999,FRA,MYS,611420
2365356,81,153,7731,2015,5980.0,21010.0,1.7422990000000003,0.75838,GBR,MYS,611420
2365357,97,153,7731,2015,17841.0,22274.0,0.8255290000000001,1.8017279999999998,HKG,MYS,611420
2365358,102,153,7731,2015,0.0,1410.0,1.462839,0.803258,HUN,MYS,611420
2365359,103,153,7731,2015,277820.0,1497.0,-0.145103,1.277362,IDN,MYS,611420
2365360,104,153,7731,2015,784641.0,18009.0,0.24230900000000002,2.8190880000000003,IND,MYS,611420
2365361,106,153,7731,2015,0.0,1122.0,1.304942,0.126431,IRL,MYS,611420
2365362,111,153,7731,2015,61822.0,0.0,1.321127,0.747046,ITA,MYS,611420
2365363,113,153,7731,2015,3225.0,0.0,0.121172,0.457301,JOR,MYS,611420
2365364,114,153,7731,2015,15273.0,32437.0,2.516133,-0.484202,JPN,MYS,611420
2365365,118,153,7731,2015,171086.0,0.0,-0.791985,-0.833046,KHM,MYS,611420
2365366,121,153,7731,2015,7950.0,186405.0,1.900653,0.859406,KOR,MYS,611420
2365367,122,153,7731,2015,0.0,3951.0,-0.352023,-1.153057,KWT,MYS,611420
2365368,134,153,7731,2015,12871.0,0.0,-0.7554810000000001,-0.059697,MAR,MYS,611420
2365369,143,153,7731,2015,32377.0,0.0,-1.4596120000000001,-0.903904,MMR,MYS,611420
2365370,162,153,7731,2015,1207.0,0.0,1.230104,1.27344,NLD,MYS,611420
2365371,166,153,7731,2015,2036.0,7131.0,0.224598,0.253179,NZL,MYS,611420
2365372,168,153,7731,2015,42271.0,0.0,-0.7059979999999999,0.73501,PAK,MYS,611420
2365373,173,153,7731,2015,1004.0,13076.0,-0.6007819999999999,0.32152800000000004,PER,MYS,611420
2365374,174,153,7731,2015,0.0,6299.0,0.6406270000000001,0.45770200000000005,PHL,MYS,611420
2365375,176,153,7731,2015,0.0,1868.0,-1.710939,-1.266333,PNG,MYS,611420
2365376,179,153,7731,2015,1682.0,0.0,0.561922,2.2276380000000002,PRT,MYS,611420
2365377,186,153,7731,2015,0.0,35211.0,0.23119,0.035965,RUS,MYS,611420
2365378,188,153,7731,2015,0.0,8245.0,0.5552520000000001,-0.7263229999999999,SAU,MYS,611420
2365379,192,153,7731,2015,914536.0,322884.0,2.05613,0.593065,SGP,MYS,611420
2365380,216,153,7731,2015,1612.0,1657.0,0.965888,1.368572,THA,MYS,611420
2365381,223,153,7731,2015,0.0,5946.0,0.140202,0.967591,TUN,MYS,611420
2365382,224,153,7731,2015,2002.0,0.0,0.438669,2.519632,TUR,MYS,611420
2365383,230,153,7731,2015,0.0,949.0,0.273876,-0.363695,URY,MYS,611420
2365384,231,153,7731,2015,6259.0,52896.0,1.720478,-0.129322,USA,MYS,611420
2365385,239,153,7731,2015,26958.0,0.0,-0.17108900000000002,1.10995,VNM,MYS,611420
2365386,246,153,7731,2015,0.0,14054.0,0.24944699999999997,1.7573159999999999,ZAF,MYS,611420
2365387,249,153,7731,2015,143978.0,9700.0,1.962832,1.214982,TWN,MYS,611420
2365388,7,159,7731,2015,14703.0,0.0,0.21779600000000002,-0.0047420000000000006,ARE,NGA,611420
2365389,43,159,7731,2015,41553.0,0.0,1.077143,1.735757,CHN,NGA,611420
2365390,77,159,7731,2015,128606.0,0.0,1.479792,0.6490239999999999,FRA,NGA,611420
2365391,81,159,7731,2015,4652.0,0.0,1.7422990000000003,0.75838,GBR,NGA,611420
2365392,103,159,7731,2015,1312.0,0.0,-0.145103,1.277362,IDN,NGA,611420
2365393,104,159,7731,2015,645819.0,0.0,0.24230900000000002,2.8190880000000003,IND,NGA,611420
2365394,106,159,7731,2015,0.0,3517.0,1.304942,0.126431,IRL,NGA,611420
2365395,111,159,7731,2015,104633.0,0.0,1.321127,0.747046,ITA,NGA,611420
2365396,157,159,7731,2015,797.0,0.0,-1.517292,-1.033891,NER,NGA,611420
2365397,167,159,7731,2015,0.0,725.0,-0.4699,-1.00451,OMN,NGA,611420
2365398,177,159,7731,2015,3020.0,0.0,1.145844,1.1449280000000002,POL,NGA,611420
2365399,224,159,7731,2015,2451.0,0.0,0.438669,2.519632,TUR,NGA,611420
2365400,246,159,7731,2015,5675.0,0.0,0.24944699999999997,1.7573159999999999,ZAF,NGA,611420
2365401,7,160,7731,2015,0.0,9793.0,0.21779600000000002,-0.0047420000000000006,ARE,NIC,611420
2365402,15,160,7731,2015,0.0,3627.0,1.747098,-0.08026699999999999,AUT,NIC,611420
2365403,39,160,7731,2015,0.0,696097.0,0.695867,1.171676,CAN,NIC,611420
2365404,43,160,7731,2015,13016.0,28428.0,1.077143,1.735757,CHN,NIC,611420
2365405,52,160,7731,2015,0.0,1930.0,0.24859699999999998,-0.033143,CRI,NIC,611420
2365406,61,160,7731,2015,0.0,18204.0,2.203818,-2.307561,DEU,NIC,611420
2365407,65,160,7731,2015,0.0,1814.0,-0.212808,0.395873,DOM,NIC,611420
2365408,71,160,7731,2015,0.0,3838.0,0.8173590000000001,2.442556,ESP,NIC,611420
2365409,77,160,7731,2015,0.0,14418.0,1.479792,0.6490239999999999,FRA,NIC,611420
2365410,93,160,7731,2015,1156.0,0.0,-0.284403,0.525564,GTM,NIC,611420
2365411,99,160,7731,2015,15188.0,2969.0,-0.578635,-0.292053,HND,NIC,611420
2365412,104,160,7731,2015,2391.0,0.0,0.24230900000000002,2.8190880000000003,IND,NIC,611420
2365413,114,160,7731,2015,0.0,26053.0,2.516133,-0.484202,JPN,NIC,611420
2365414,122,160,7731,2015,0.0,9426.0,-0.352023,-1.153057,KWT,NIC,611420
2365415,138,160,7731,2015,0.0,307401.0,1.169724,0.61457,MEX,NIC,611420
2365416,169,160,7731,2015,3244.0,0.0,0.642058,0.833392,PAN,NIC,611420
2365417,173,160,7731,2015,0.0,20023.0,-0.6007819999999999,0.32152800000000004,PER,NIC,611420
2365418,192,160,7731,2015,0.0,5204.0,2.05613,0.593065,SGP,NIC,611420
2365419,224,160,7731,2015,1482.0,0.0,0.438669,2.519632,TUR,NIC,611420
2365420,230,160,7731,2015,0.0,973.0,0.273876,-0.363695,URY,NIC,611420
2365421,231,160,7731,2015,12804.0,36187888.0,1.720478,-0.129322,USA,NIC,611420
2365422,5,162,7731,2015,0.0,6512.0,0.850153,0.383793,AND,NLD,611420
2365423,7,162,7731,2015,5052.0,19924.0,0.21779600000000002,-0.0047420000000000006,ARE,NLD,611420
2365424,14,162,7731,2015,22424.0,980.0,-0.292325,-0.043489,AUS,NLD,611420
2365425,15,162,7731,2015,331112.0,361844.0,1.747098,-0.08026699999999999,AUT,NLD,611420
2365426,18,162,7731,2015,1239192.0,3638804.0,1.329866,1.100641,BEL,NLD,611420
2365427,22,162,7731,2015,2626004.0,0.0,-1.088465,-0.8745360000000001,BGD,NLD,611420
2365428,23,162,7731,2015,56950.0,17124.0,0.45640699999999995,1.691455,BGR,NLD,611420
2365429,26,162,7731,2015,3277.0,0.0,0.355903,0.723092,BIH,NLD,611420
2365430,30,162,7731,2015,0.0,2929.0,0.974592,-0.636426,BMU,NLD,611420
2365431,39,162,7731,2015,19782.0,5182.0,0.695867,1.171676,CAN,NLD,611420
2365432,41,162,7731,2015,64700.0,73201.0,2.306075,0.720781,CHE,NLD,611420
2365433,43,162,7731,2015,6327951.0,3803.0,1.077143,1.735757,CHN,NLD,611420
2365434,49,162,7731,2015,0.0,42592.0,0.156383,-0.183055,COL,NLD,611420
2365435,55,162,7731,2015,0.0,2645.0,0.296267,-0.6313350000000001,CUW,NLD,611420
2365436,58,162,7731,2015,868.0,16371.0,0.511225,-0.207261,CYP,NLD,611420
2365437,59,162,7731,2015,106198.0,175424.0,1.743012,0.45424,CZE,NLD,611420
2365438,61,162,7731,2015,4127019.0,19273266.0,2.203818,-2.307561,DEU,NLD,611420
2365439,64,162,7731,2015,4014846.0,351717.0,1.157924,1.2045629999999998,DNK,NLD,611420
2365440,71,162,7731,2015,416929.0,859008.0,0.8173590000000001,2.442556,ESP,NLD,611420
2365441,72,162,7731,2015,8865.0,7713.0,0.9281149999999999,1.1780389999999998,EST,NLD,611420
2365442,74,162,7731,2015,25470.0,152135.0,1.597817,0.998059,FIN,NLD,611420
2365443,77,162,7731,2015,464983.0,1161070.0,1.479792,0.6490239999999999,FRA,NLD,611420
2365444,81,162,7731,2015,532785.0,1017254.0,1.7422990000000003,0.75838,GBR,NLD,611420
2365445,90,162,7731,2015,7074.0,65939.0,0.099027,1.012289,GRC,NLD,611420
2365446,93,162,7731,2015,32690.0,0.0,-0.284403,0.525564,GTM,NLD,611420
2365447,97,162,7731,2015,1403719.0,2280.0,0.8255290000000001,1.8017279999999998,HKG,NLD,611420
2365448,100,162,7731,2015,7145.0,86597.0,0.7590140000000001,1.257415,HRV,NLD,611420
2365449,101,162,7731,2015,2017.0,0.0,-1.288246,-1.018979,HTI,NLD,611420
2365450,102,162,7731,2015,33639.0,92481.0,1.462839,0.803258,HUN,NLD,611420
2365451,103,162,7731,2015,177162.0,0.0,-0.145103,1.277362,IDN,NLD,611420
2365452,104,162,7731,2015,7571810.0,0.0,0.24230900000000002,2.8190880000000003,IND,NLD,611420
2365453,106,162,7731,2015,24554.0,81620.0,1.304942,0.126431,IRL,NLD,611420
2365454,110,162,7731,2015,6829.0,6852.0,1.260071,0.545545,ISR,NLD,611420
2365455,111,162,7731,2015,504073.0,484949.0,1.321127,0.747046,ITA,NLD,611420
2365456,113,162,7731,2015,8724336.0,0.0,0.121172,0.457301,JOR,NLD,611420
2365457,114,162,7731,2015,4214.0,53713.0,2.516133,-0.484202,JPN,NLD,611420
2365458,115,162,7731,2015,0.0,19294.0,-0.45091499999999995,-0.652026,KAZ,NLD,611420
2365459,118,162,7731,2015,5054.0,0.0,-0.791985,-0.833046,KHM,NLD,611420
2365460,121,162,7731,2015,8387.0,6327.0,1.900653,0.859406,KOR,NLD,611420
2365461,124,162,7731,2015,0.0,11236.0,0.317355,1.330374,LBN,NLD,611420
2365462,128,162,7731,2015,38754.0,0.0,-0.6773399999999999,0.386343,LKA,NLD,611420
2365463,130,162,7731,2015,22079.0,18148.0,0.749429,1.3659860000000001,LTU,NLD,611420
2365464,131,162,7731,2015,17404.0,70208.0,1.218924,1.247152,LUX,NLD,611420
2365465,132,162,7731,2015,8873.0,4023.0,0.602209,1.125357,LVA,NLD,611420
2365466,142,162,7731,2015,1268.0,11580.0,0.880893,-0.117585,MLT,NLD,611420
2365467,151,162,7731,2015,21744.0,0.0,-0.231762,-0.195051,MUS,NLD,611420
2365468,153,162,7731,2015,0.0,1207.0,1.082803,0.811615,MYS,NLD,611420
2365469,163,162,7731,2015,56731.0,68500.0,0.950708,0.314339,NOR,NLD,611420
2365470,164,162,7731,2015,2180.0,0.0,-0.290416,0.456716,NPL,NLD,611420
2365471,166,162,7731,2015,1515.0,0.0,0.224598,0.253179,NZL,NLD,611420
2365472,168,162,7731,2015,817014.0,0.0,-0.7059979999999999,0.73501,PAK,NLD,611420
2365473,173,162,7731,2015,67572.0,0.0,-0.6007819999999999,0.32152800000000004,PER,NLD,611420
2365474,174,162,7731,2015,84892.0,0.0,0.6406270000000001,0.45770200000000005,PHL,NLD,611420
2365475,177,162,7731,2015,553122.0,476314.0,1.145844,1.1449280000000002,POL,NLD,611420
2365476,179,162,7731,2015,1394934.0,107403.0,0.561922,2.2276380000000002,PRT,NLD,611420
2365477,183,162,7731,2015,931.0,1479.0,-0.077053,-0.9922719999999999,QAT,NLD,611420
2365478,185,162,7731,2015,29440.0,38143.0,0.946363,1.056775,ROU,NLD,611420
2365479,186,162,7731,2015,0.0,7399.0,0.23119,0.035965,RUS,NLD,611420
2365480,188,162,7731,2015,0.0,5254.0,0.5552520000000001,-0.7263229999999999,SAU,NLD,611420
2365481,192,162,7731,2015,8577.0,1484.0,2.05613,0.593065,SGP,NLD,611420
2365482,205,162,7731,2015,0.0,1446.0,-0.570361,-1.005072,SUR,NLD,611420
2365483,206,162,7731,2015,13524.0,76600.0,1.287133,0.7900560000000001,SVK,NLD,611420
2365484,207,162,7731,2015,27072.0,26085.0,1.6089879999999999,0.833616,SVN,NLD,611420
2365485,208,162,7731,2015,28107.0,182160.0,1.8068349999999997,0.693389,SWE,NLD,611420
2365486,211,162,7731,2015,0.0,942.0,1.017467,-0.285569,SYC,NLD,611420
2365487,216,162,7731,2015,3741.0,0.0,0.965888,1.368572,THA,NLD,611420
2365488,222,162,7731,2015,0.0,3284.0,-0.462837,-1.117621,TTO,NLD,611420
2365489,223,162,7731,2015,217749.0,0.0,0.140202,0.967591,TUN,NLD,611420
2365490,224,162,7731,2015,352012.0,8874.0,0.438669,2.519632,TUR,NLD,611420
2365491,230,162,7731,2015,0.0,3217.0,0.273876,-0.363695,URY,NLD,611420
2365492,231,162,7731,2015,72153.0,10170.0,1.720478,-0.129322,USA,NLD,611420
2365493,239,162,7731,2015,725483.0,0.0,-0.17108900000000002,1.10995,VNM,NLD,611420
2365494,246,162,7731,2015,2085.0,1319.0,0.24944699999999997,1.7573159999999999,ZAF,NLD,611420
2365495,249,162,7731,2015,1056.0,2182.0,1.962832,1.214982,TWN,NLD,611420
2365496,250,162,7731,2015,7929.0,1702.0,0.377283,-0.092204,ANS,NLD,611420
2365497,7,166,7731,2015,1812.0,3427.0,0.21779600000000002,-0.0047420000000000006,ARE,NZL,611420
2365498,14,166,7731,2015,2345185.0,325025.0,-0.292325,-0.043489,AUS,NZL,611420
2365499,15,166,7731,2015,1294.0,0.0,1.747098,-0.08026699999999999,AUT,NZL,611420
2365500,22,166,7731,2015,1284046.0,0.0,-1.088465,-0.8745360000000001,BGD,NZL,611420
2365501,41,166,7731,2015,0.0,1449.0,2.306075,0.720781,CHE,NZL,611420
2365502,43,166,7731,2015,2418092.0,1785.0,1.077143,1.735757,CHN,NZL,611420
2365503,61,166,7731,2015,1566.0,0.0,2.203818,-2.307561,DEU,NZL,611420
2365504,75,166,7731,2015,12378.0,2107.0,-0.481968,-0.201468,FJI,NZL,611420
2365505,77,166,7731,2015,28355.0,0.0,1.479792,0.6490239999999999,FRA,NZL,611420
2365506,81,166,7731,2015,84065.0,4259.0,1.7422990000000003,0.75838,GBR,NZL,611420
2365507,93,166,7731,2015,1204.0,0.0,-0.284403,0.525564,GTM,NZL,611420
2365508,97,166,7731,2015,7328.0,0.0,0.8255290000000001,1.8017279999999998,HKG,NZL,611420
2365509,99,166,7731,2015,2361.0,0.0,-0.578635,-0.292053,HND,NZL,611420
2365510,103,166,7731,2015,13179.0,0.0,-0.145103,1.277362,IDN,NZL,611420
2365511,104,166,7731,2015,318595.0,704.0,0.24230900000000002,2.8190880000000003,IND,NZL,611420
2365512,106,166,7731,2015,0.0,6015.0,1.304942,0.126431,IRL,NZL,611420
2365513,111,166,7731,2015,1322.0,0.0,1.321127,0.747046,ITA,NZL,611420
2365514,114,166,7731,2015,992.0,0.0,2.516133,-0.484202,JPN,NZL,611420
2365515,118,166,7731,2015,21459.0,0.0,-0.791985,-0.833046,KHM,NZL,611420
2365516,121,166,7731,2015,2350.0,0.0,1.900653,0.859406,KOR,NZL,611420
2365517,124,166,7731,2015,0.0,4012.0,0.317355,1.330374,LBN,NZL,611420
2365518,128,166,7731,2015,1947.0,0.0,-0.6773399999999999,0.386343,LKA,NZL,611420
2365519,151,166,7731,2015,16574.0,0.0,-0.231762,-0.195051,MUS,NZL,611420
2365520,153,166,7731,2015,7131.0,2036.0,1.082803,0.811615,MYS,NZL,611420
2365521,162,166,7731,2015,0.0,1515.0,1.230104,1.27344,NLD,NZL,611420
2365522,163,166,7731,2015,957.0,0.0,0.950708,0.314339,NOR,NZL,611420
2365523,164,166,7731,2015,1276.0,0.0,-0.290416,0.456716,NPL,NZL,611420
2365524,168,166,7731,2015,30719.0,0.0,-0.7059979999999999,0.73501,PAK,NZL,611420
2365525,174,166,7731,2015,0.0,54661.0,0.6406270000000001,0.45770200000000005,PHL,NZL,611420
2365526,177,166,7731,2015,1635.0,0.0,1.145844,1.1449280000000002,POL,NZL,611420
2365527,179,166,7731,2015,3010.0,0.0,0.561922,2.2276380000000002,PRT,NZL,611420
2365528,192,166,7731,2015,0.0,20508.0,2.05613,0.593065,SGP,NZL,611420
2365529,208,166,7731,2015,0.0,4432.0,1.8068349999999997,0.693389,SWE,NZL,611420
2365530,216,166,7731,2015,2719.0,0.0,0.965888,1.368572,THA,NZL,611420
2365531,224,166,7731,2015,2048.0,0.0,0.438669,2.519632,TUR,NZL,611420
2365532,231,166,7731,2015,27936.0,7368.0,1.720478,-0.129322,USA,NZL,611420
2365533,236,166,7731,2015,0.0,2673.0,-0.9249129999999999,-1.1877280000000001,VEN,NZL,611420
2365534,239,166,7731,2015,8705.0,0.0,-0.17108900000000002,1.10995,VNM,NZL,611420
2365535,242,166,7731,2015,2025.0,11101.0,0.351057,-0.158431,WSM,NZL,611420
2365536,1,168,7731,2015,0.0,3083.0,-1.249655,-0.9094459999999999,AFG,PAK,611420
2365537,7,168,7731,2015,159304.0,586263.0,0.21779600000000002,-0.0047420000000000006,ARE,PAK,611420
2365538,8,168,7731,2015,0.0,2238.0,0.116896,0.30330999999999997,ARG,PAK,611420
2365539,14,168,7731,2015,0.0,99103.0,-0.292325,-0.043489,AUS,PAK,611420
2365540,15,168,7731,2015,0.0,34992.0,1.747098,-0.08026699999999999,AUT,PAK,611420
2365541,18,168,7731,2015,0.0,354226.0,1.329866,1.100641,BEL,PAK,611420
2365542,22,168,7731,2015,0.0,68028.0,-1.088465,-0.8745360000000001,BGD,PAK,611420
2365543,24,168,7731,2015,0.0,3479.0,0.36650900000000003,-0.28735,BHR,PAK,611420
2365544,26,168,7731,2015,0.0,217.0,0.355903,0.723092,BIH,PAK,611420
2365545,39,168,7731,2015,0.0,227964.0,0.695867,1.171676,CAN,PAK,611420
2365546,41,168,7731,2015,0.0,24250.0,2.306075,0.720781,CHE,PAK,611420
2365547,42,168,7731,2015,0.0,10009.0,-0.356167,-0.47629399999999994,CHL,PAK,611420
2365548,43,168,7731,2015,208525.0,476298.0,1.077143,1.735757,CHN,PAK,611420
2365549,44,168,7731,2015,0.0,4599.0,-0.856142,-0.905292,CIV,PAK,611420
2365550,49,168,7731,2015,0.0,9647.0,0.156383,-0.183055,COL,PAK,611420
2365551,59,168,7731,2015,0.0,22932.0,1.743012,0.45424,CZE,PAK,611420
2365552,61,168,7731,2015,0.0,608260.0,2.203818,-2.307561,DEU,PAK,611420
2365553,64,168,7731,2015,0.0,64377.0,1.157924,1.2045629999999998,DNK,PAK,611420
2365554,65,168,7731,2015,0.0,7267.0,-0.212808,0.395873,DOM,PAK,611420
2365555,68,168,7731,2015,0.0,1128.0,-0.183053,1.765036,EGY,PAK,611420
2365556,71,168,7731,2015,0.0,33149.0,0.8173590000000001,2.442556,ESP,PAK,611420
2365557,74,168,7731,2015,0.0,22293.0,1.597817,0.998059,FIN,PAK,611420
2365558,77,168,7731,2015,0.0,189905.0,1.479792,0.6490239999999999,FRA,PAK,611420
2365559,81,168,7731,2015,32391.0,887940.0,1.7422990000000003,0.75838,GBR,PAK,611420
2365560,82,168,7731,2015,0.0,8623.0,-0.343663,-0.588017,GEO,PAK,611420
2365561,97,168,7731,2015,0.0,21747.0,0.8255290000000001,1.8017279999999998,HKG,PAK,611420
2365562,102,168,7731,2015,0.0,10579.0,1.462839,0.803258,HUN,PAK,611420
2365563,103,168,7731,2015,0.0,1261.0,-0.145103,1.277362,IDN,PAK,611420
2365564,104,168,7731,2015,0.0,6491.0,0.24230900000000002,2.8190880000000003,IND,PAK,611420
2365565,106,168,7731,2015,0.0,10911.0,1.304942,0.126431,IRL,PAK,611420
2365566,111,168,7731,2015,0.0,56962.0,1.321127,0.747046,ITA,PAK,611420
2365567,113,168,7731,2015,0.0,10916.0,0.121172,0.457301,JOR,PAK,611420
2365568,114,168,7731,2015,0.0,1784.0,2.516133,-0.484202,JPN,PAK,611420
2365569,117,168,7731,2015,0.0,8028.0,0.02058,0.438692,KGZ,PAK,611420
2365570,121,168,7731,2015,0.0,683764.0,1.900653,0.859406,KOR,PAK,611420
2365571,122,168,7731,2015,0.0,38717.0,-0.352023,-1.153057,KWT,PAK,611420
2365572,124,168,7731,2015,0.0,1108.0,0.317355,1.330374,LBN,PAK,611420
2365573,128,168,7731,2015,0.0,2607.0,-0.6773399999999999,0.386343,LKA,PAK,611420
2365574,131,168,7731,2015,0.0,330.0,1.218924,1.247152,LUX,PAK,611420
2365575,138,168,7731,2015,0.0,144624.0,1.169724,0.61457,MEX,PAK,611420
2365576,151,168,7731,2015,0.0,5226.0,-0.231762,-0.195051,MUS,PAK,611420
2365577,153,168,7731,2015,0.0,42271.0,1.082803,0.811615,MYS,PAK,611420
2365578,162,168,7731,2015,0.0,817014.0,1.230104,1.27344,NLD,PAK,611420
2365579,163,168,7731,2015,0.0,8983.0,0.950708,0.314339,NOR,PAK,611420
2365580,166,168,7731,2015,0.0,30719.0,0.224598,0.253179,NZL,PAK,611420
2365581,167,168,7731,2015,0.0,228504.0,-0.4699,-1.00451,OMN,PAK,611420
2365582,169,168,7731,2015,0.0,5266.0,0.642058,0.833392,PAN,PAK,611420
2365583,173,168,7731,2015,0.0,8145.0,-0.6007819999999999,0.32152800000000004,PER,PAK,611420
2365584,177,168,7731,2015,0.0,16533.0,1.145844,1.1449280000000002,POL,PAK,611420
2365585,179,168,7731,2015,0.0,3404.0,0.561922,2.2276380000000002,PRT,PAK,611420
2365586,180,168,7731,2015,0.0,1446.0,-0.471106,-0.9431139999999999,PRY,PAK,611420
2365587,183,168,7731,2015,0.0,21231.0,-0.077053,-0.9922719999999999,QAT,PAK,611420
2365588,186,168,7731,2015,0.0,15767.0,0.23119,0.035965,RUS,PAK,611420
2365589,188,168,7731,2015,0.0,364413.0,0.5552520000000001,-0.7263229999999999,SAU,PAK,611420
2365590,191,168,7731,2015,0.0,4199.0,-0.708349,-0.296663,SEN,PAK,611420
2365591,192,168,7731,2015,0.0,25046.0,2.05613,0.593065,SGP,PAK,611420
2365592,201,168,7731,2015,0.0,2471.0,0.457042,1.324908,SRB,PAK,611420
2365593,206,168,7731,2015,0.0,392.0,1.287133,0.7900560000000001,SVK,PAK,611420
2365594,207,168,7731,2015,0.0,11463.0,1.6089879999999999,0.833616,SVN,PAK,611420
2365595,208,168,7731,2015,0.0,12025.0,1.8068349999999997,0.693389,SWE,PAK,611420
2365596,216,168,7731,2015,0.0,12923.0,0.965888,1.368572,THA,PAK,611420
2365597,223,168,7731,2015,0.0,3603.0,0.140202,0.967591,TUN,PAK,611420
2365598,224,168,7731,2015,6442.0,34669.0,0.438669,2.519632,TUR,PAK,611420
2365599,228,168,7731,2015,0.0,10232.0,0.429879,0.701813,UKR,PAK,611420
2365600,230,168,7731,2015,0.0,3566.0,0.273876,-0.363695,URY,PAK,611420
2365601,231,168,7731,2015,0.0,3282256.0,1.720478,-0.129322,USA,PAK,611420
2365602,246,168,7731,2015,0.0,29846.0,0.24944699999999997,1.7573159999999999,ZAF,PAK,611420
2365603,247,168,7731,2015,0.0,549.0,-0.44792,-0.769586,ZMB,PAK,611420
2365604,249,168,7731,2015,0.0,13222.0,1.962832,1.214982,TWN,PAK,611420
2365605,32,169,7731,2015,0.0,284.0,0.23656799999999997,0.688607,BRA,PAN,611420
2365606,43,169,7731,2015,1730464.0,0.0,1.077143,1.735757,CHN,PAN,611420
2365607,49,169,7731,2015,32688.0,501.0,0.156383,-0.183055,COL,PAN,611420
2365608,52,169,7731,2015,0.0,17673.0,0.24859699999999998,-0.033143,CRI,PAN,611420
2365609,61,169,7731,2015,1753.0,0.0,2.203818,-2.307561,DEU,PAN,611420
2365610,65,169,7731,2015,0.0,2010.0,-0.212808,0.395873,DOM,PAN,611420
2365611,67,169,7731,2015,0.0,905.0,-0.9845959999999999,-1.075639,ECU,PAN,611420
2365612,71,169,7731,2015,145020.0,0.0,0.8173590000000001,2.442556,ESP,PAN,611420
2365613,77,169,7731,2015,39141.0,912.0,1.479792,0.6490239999999999,FRA,PAN,611420
2365614,93,169,7731,2015,0.0,6848.0,-0.284403,0.525564,GTM,PAN,611420
2365615,96,169,7731,2015,0.0,3045.0,-1.018758,-1.056085,GUY,PAN,611420
2365616,97,169,7731,2015,14621.0,0.0,0.8255290000000001,1.8017279999999998,HKG,PAN,611420
2365617,99,169,7731,2015,0.0,7183.0,-0.578635,-0.292053,HND,PAN,611420
2365618,104,169,7731,2015,646592.0,0.0,0.24230900000000002,2.8190880000000003,IND,PAN,611420
2365619,111,169,7731,2015,31820.0,0.0,1.321127,0.747046,ITA,PAN,611420
2365620,113,169,7731,2015,60005.0,0.0,0.121172,0.457301,JOR,PAN,611420
2365621,160,169,7731,2015,0.0,3244.0,-1.102989,-0.952276,NIC,PAN,611420
2365622,168,169,7731,2015,5266.0,0.0,-0.7059979999999999,0.73501,PAK,PAN,611420
2365623,173,169,7731,2015,59142.0,4272.0,-0.6007819999999999,0.32152800000000004,PER,PAN,611420
2365624,180,169,7731,2015,0.0,1419.0,-0.471106,-0.9431139999999999,PRY,PAN,611420
2365625,192,169,7731,2015,2388.0,0.0,2.05613,0.593065,SGP,PAN,611420
2365626,197,169,7731,2015,0.0,685.0,0.05531900000000001,0.169073,SLV,PAN,611420
2365627,216,169,7731,2015,1293.0,0.0,0.965888,1.368572,THA,PAN,611420
2365628,222,169,7731,2015,0.0,4717.0,-0.462837,-1.117621,TTO,PAN,611420
2365629,230,169,7731,2015,0.0,276.0,0.273876,-0.363695,URY,PAN,611420
2365630,231,169,7731,2015,339060.0,0.0,1.720478,-0.129322,USA,PAN,611420
2365631,236,169,7731,2015,0.0,35300.0,-0.9249129999999999,-1.1877280000000001,VEN,PAN,611420
2365632,239,169,7731,2015,63444.0,0.0,-0.17108900000000002,1.10995,VNM,PAN,611420
2365633,250,169,7731,2015,0.0,2780.0,0.377283,-0.092204,ANS,PAN,611420
2365634,0,173,7731,2015,0.0,11515.0,0.8526809999999999,-0.043541,ABW,PER,611420
2365635,7,173,7731,2015,0.0,6279.0,0.21779600000000002,-0.0047420000000000006,ARE,PER,611420
2365636,8,173,7731,2015,1586.0,138962.0,0.116896,0.30330999999999997,ARG,PER,611420
2365637,14,173,7731,2015,0.0,60327.0,-0.292325,-0.043489,AUS,PER,611420
2365638,15,173,7731,2015,0.0,1323.0,1.747098,-0.08026699999999999,AUT,PER,611420
2365639,18,173,7731,2015,0.0,15042.0,1.329866,1.100641,BEL,PER,611420
2365640,22,173,7731,2015,363281.0,0.0,-1.088465,-0.8745360000000001,BGD,PER,611420
2365641,23,173,7731,2015,1101.0,0.0,0.45640699999999995,1.691455,BGR,PER,611420
2365642,31,173,7731,2015,0.0,73310.0,-1.051562,-1.067714,BOL,PER,611420
2365643,32,173,7731,2015,9949.0,143545.0,0.23656799999999997,0.688607,BRA,PER,611420
2365644,39,173,7731,2015,0.0,329422.0,0.695867,1.171676,CAN,PER,611420
2365645,41,173,7731,2015,0.0,19738.0,2.306075,0.720781,CHE,PER,611420
2365646,42,173,7731,2015,1121.0,78811.0,-0.356167,-0.47629399999999994,CHL,PER,611420
2365647,43,173,7731,2015,395144.0,9945.0,1.077143,1.735757,CHN,PER,611420
2365648,49,173,7731,2015,156222.0,128629.0,0.156383,-0.183055,COL,PER,611420
2365649,52,173,7731,2015,0.0,21616.0,0.24859699999999998,-0.033143,CRI,PER,611420
2365650,54,173,7731,2015,0.0,3299.0,-0.694839,-1.093439,CUB,PER,611420
2365651,61,173,7731,2015,0.0,109504.0,2.203818,-2.307561,DEU,PER,611420
2365652,64,173,7731,2015,48702.0,1146.0,1.157924,1.2045629999999998,DNK,PER,611420
2365653,65,173,7731,2015,0.0,8244.0,-0.212808,0.395873,DOM,PER,611420
2365654,67,173,7731,2015,0.0,190079.0,-0.9845959999999999,-1.075639,ECU,PER,611420
2365655,68,173,7731,2015,1634.0,0.0,-0.183053,1.765036,EGY,PER,611420
2365656,71,173,7731,2015,28900.0,7643.0,0.8173590000000001,2.442556,ESP,PER,611420
2365657,77,173,7731,2015,0.0,29695.0,1.479792,0.6490239999999999,FRA,PER,611420
2365658,81,173,7731,2015,0.0,68675.0,1.7422990000000003,0.75838,GBR,PER,611420
2365659,93,173,7731,2015,27140.0,2887.0,-0.284403,0.525564,GTM,PER,611420
2365660,97,173,7731,2015,2044.0,68261.0,0.8255290000000001,1.8017279999999998,HKG,PER,611420
2365661,99,173,7731,2015,2245.0,0.0,-0.578635,-0.292053,HND,PER,611420
2365662,100,173,7731,2015,1573.0,0.0,0.7590140000000001,1.257415,HRV,PER,611420
2365663,103,173,7731,2015,8268.0,0.0,-0.145103,1.277362,IDN,PER,611420
2365664,104,173,7731,2015,183471.0,0.0,0.24230900000000002,2.8190880000000003,IND,PER,611420
2365665,111,173,7731,2015,36314.0,40431.0,1.321127,0.747046,ITA,PER,611420
2365666,113,173,7731,2015,5961.0,0.0,0.121172,0.457301,JOR,PER,611420
2365667,114,173,7731,2015,0.0,59653.0,2.516133,-0.484202,JPN,PER,611420
2365668,118,173,7731,2015,80291.0,0.0,-0.791985,-0.833046,KHM,PER,611420
2365669,121,173,7731,2015,0.0,40042.0,1.900653,0.859406,KOR,PER,611420
2365670,122,173,7731,2015,0.0,768.0,-0.352023,-1.153057,KWT,PER,611420
2365671,128,173,7731,2015,9939.0,0.0,-0.6773399999999999,0.386343,LKA,PER,611420
2365672,134,173,7731,2015,5421.0,0.0,-0.7554810000000001,-0.059697,MAR,PER,611420
2365673,138,173,7731,2015,37299.0,48307.0,1.169724,0.61457,MEX,PER,611420
2365674,143,173,7731,2015,1060.0,0.0,-1.4596120000000001,-0.903904,MMR,PER,611420
2365675,153,173,7731,2015,13076.0,1004.0,1.082803,0.811615,MYS,PER,611420
2365676,156,173,7731,2015,0.0,984.0,-0.727911,-0.844562,NCL,PER,611420
2365677,160,173,7731,2015,20023.0,0.0,-1.102989,-0.952276,NIC,PER,611420
2365678,162,173,7731,2015,0.0,67572.0,1.230104,1.27344,NLD,PER,611420
2365679,163,173,7731,2015,0.0,2924.0,0.950708,0.314339,NOR,PER,611420
2365680,168,173,7731,2015,8145.0,0.0,-0.7059979999999999,0.73501,PAK,PER,611420
2365681,169,173,7731,2015,4272.0,59142.0,0.642058,0.833392,PAN,PER,611420
2365682,174,173,7731,2015,4068.0,0.0,0.6406270000000001,0.45770200000000005,PHL,PER,611420
2365683,177,173,7731,2015,969.0,0.0,1.145844,1.1449280000000002,POL,PER,611420
2365684,179,173,7731,2015,4389.0,0.0,0.561922,2.2276380000000002,PRT,PER,611420
2365685,180,173,7731,2015,0.0,1225.0,-0.471106,-0.9431139999999999,PRY,PER,611420
2365686,197,173,7731,2015,957.0,1642.0,0.05531900000000001,0.169073,SLV,PER,611420
2365687,201,173,7731,2015,0.0,389.0,0.457042,1.324908,SRB,PER,611420
2365688,216,173,7731,2015,1699.0,13558.0,0.965888,1.368572,THA,PER,611420
2365689,223,173,7731,2015,4778.0,0.0,0.140202,0.967591,TUN,PER,611420
2365690,224,173,7731,2015,23616.0,0.0,0.438669,2.519632,TUR,PER,611420
2365691,230,173,7731,2015,0.0,9574.0,0.273876,-0.363695,URY,PER,611420
2365692,231,173,7731,2015,83150.0,3254004.0,1.720478,-0.129322,USA,PER,611420
2365693,236,173,7731,2015,0.0,198407.0,-0.9249129999999999,-1.1877280000000001,VEN,PER,611420
2365694,239,173,7731,2015,74811.0,0.0,-0.17108900000000002,1.10995,VNM,PER,611420
2365695,7,174,7731,2015,35875.0,85614.0,0.21779600000000002,-0.0047420000000000006,ARE,PHL,611420
2365696,14,174,7731,2015,0.0,9882.0,-0.292325,-0.043489,AUS,PHL,611420
2365697,15,174,7731,2015,0.0,1382.0,1.747098,-0.08026699999999999,AUT,PHL,611420
2365698,22,174,7731,2015,22783.0,0.0,-1.088465,-0.8745360000000001,BGD,PHL,611420
2365699,34,174,7731,2015,0.0,2444.0,1.093564,-0.679211,BRN,PHL,611420
2365700,39,174,7731,2015,0.0,186443.0,0.695867,1.171676,CAN,PHL,611420
2365701,41,174,7731,2015,2005.0,3904.0,2.306075,0.720781,CHE,PHL,611420
2365702,42,174,7731,2015,0.0,8948.0,-0.356167,-0.47629399999999994,CHL,PHL,611420
2365703,43,174,7731,2015,681668.0,40870.0,1.077143,1.735757,CHN,PHL,611420
2365704,49,174,7731,2015,0.0,857.0,0.156383,-0.183055,COL,PHL,611420
2365705,59,174,7731,2015,0.0,1554.0,1.743012,0.45424,CZE,PHL,611420
2365706,61,174,7731,2015,0.0,10904.0,2.203818,-2.307561,DEU,PHL,611420
2365707,64,174,7731,2015,0.0,15132.0,1.157924,1.2045629999999998,DNK,PHL,611420
2365708,71,174,7731,2015,82936.0,1668.0,0.8173590000000001,2.442556,ESP,PHL,611420
2365709,77,174,7731,2015,1354.0,8465.0,1.479792,0.6490239999999999,FRA,PHL,611420
2365710,81,174,7731,2015,6282.0,3242.0,1.7422990000000003,0.75838,GBR,PHL,611420
2365711,83,174,7731,2015,0.0,95135.0,-0.750568,-0.690257,GHA,PHL,611420
2365712,97,174,7731,2015,8376.0,2245.0,0.8255290000000001,1.8017279999999998,HKG,PHL,611420
2365713,103,174,7731,2015,451658.0,9998.0,-0.145103,1.277362,IDN,PHL,611420
2365714,104,174,7731,2015,236254.0,0.0,0.24230900000000002,2.8190880000000003,IND,PHL,611420
2365715,106,174,7731,2015,0.0,3382.0,1.304942,0.126431,IRL,PHL,611420
2365716,114,174,7731,2015,0.0,72341.0,2.516133,-0.484202,JPN,PHL,611420
2365717,118,174,7731,2015,9873.0,0.0,-0.791985,-0.833046,KHM,PHL,611420
2365718,121,174,7731,2015,3233.0,227186.0,1.900653,0.859406,KOR,PHL,611420
2365719,122,174,7731,2015,0.0,1510.0,-0.352023,-1.153057,KWT,PHL,611420
2365720,138,174,7731,2015,0.0,137950.0,1.169724,0.61457,MEX,PHL,611420
2365721,153,174,7731,2015,6299.0,0.0,1.082803,0.811615,MYS,PHL,611420
2365722,162,174,7731,2015,0.0,84892.0,1.230104,1.27344,NLD,PHL,611420
2365723,166,174,7731,2015,54661.0,0.0,0.224598,0.253179,NZL,PHL,611420
2365724,167,174,7731,2015,0.0,14579.0,-0.4699,-1.00451,OMN,PHL,611420
2365725,173,174,7731,2015,0.0,4068.0,-0.6007819999999999,0.32152800000000004,PER,PHL,611420
2365726,183,174,7731,2015,0.0,15549.0,-0.077053,-0.9922719999999999,QAT,PHL,611420
2365727,192,174,7731,2015,808843.0,60753.0,2.05613,0.593065,SGP,PHL,611420
2365728,208,174,7731,2015,0.0,367.0,1.8068349999999997,0.693389,SWE,PHL,611420
2365729,216,174,7731,2015,42837.0,8758.0,0.965888,1.368572,THA,PHL,611420
2365730,231,174,7731,2015,2830.0,3004037.0,1.720478,-0.129322,USA,PHL,611420
2365731,239,174,7731,2015,575881.0,0.0,-0.17108900000000002,1.10995,VNM,PHL,611420
2365732,246,174,7731,2015,2612.0,0.0,0.24944699999999997,1.7573159999999999,ZAF,PHL,611420
2365733,249,174,7731,2015,14343.0,2292.0,1.962832,1.214982,TWN,PHL,611420
2365734,7,177,7731,2015,0.0,12366.0,0.21779600000000002,-0.0047420000000000006,ARE,POL,611420
2365735,9,177,7731,2015,0.0,7032.0,0.037579,-0.42448800000000003,ARM,POL,611420
2365736,14,177,7731,2015,0.0,9758.0,-0.292325,-0.043489,AUS,POL,611420
2365737,15,177,7731,2015,205694.0,398218.0,1.747098,-0.08026699999999999,AUT,POL,611420
2365738,18,177,7731,2015,12553.0,32231.0,1.329866,1.100641,BEL,POL,611420
2365739,22,177,7731,2015,1364581.0,0.0,-1.088465,-0.8745360000000001,BGD,POL,611420
2365740,23,177,7731,2015,100446.0,159038.0,0.45640699999999995,1.691455,BGR,POL,611420
2365741,28,177,7731,2015,0.0,17088.0,0.672499,0.5584020000000001,BLR,POL,611420
2365742,39,177,7731,2015,0.0,2367.0,0.695867,1.171676,CAN,POL,611420
2365743,41,177,7731,2015,10395.0,13757.0,2.306075,0.720781,CHE,POL,611420
2365744,42,177,7731,2015,0.0,2344.0,-0.356167,-0.47629399999999994,CHL,POL,611420
2365745,43,177,7731,2015,1095839.0,6637.0,1.077143,1.735757,CHN,POL,611420
2365746,58,177,7731,2015,0.0,2080.0,0.511225,-0.207261,CYP,POL,611420
2365747,59,177,7731,2015,151124.0,509138.0,1.743012,0.45424,CZE,POL,611420
2365748,61,177,7731,2015,2837176.0,4011339.0,2.203818,-2.307561,DEU,POL,611420
2365749,62,177,7731,2015,0.0,53373.0,-0.538942,-0.832522,DJI,POL,611420
2365750,64,177,7731,2015,810080.0,52470.0,1.157924,1.2045629999999998,DNK,POL,611420
2365751,68,177,7731,2015,106191.0,1774.0,-0.183053,1.765036,EGY,POL,611420
2365752,71,177,7731,2015,612002.0,69374.0,0.8173590000000001,2.442556,ESP,POL,611420
2365753,72,177,7731,2015,0.0,136302.0,0.9281149999999999,1.1780389999999998,EST,POL,611420
2365754,73,177,7731,2015,3451.0,0.0,-1.004896,-0.721019,ETH,POL,611420
2365755,74,177,7731,2015,4616.0,516237.0,1.597817,0.998059,FIN,POL,611420
2365756,77,177,7731,2015,216934.0,48452.0,1.479792,0.6490239999999999,FRA,POL,611420
2365757,81,177,7731,2015,693204.0,1315098.0,1.7422990000000003,0.75838,GBR,POL,611420
2365758,82,177,7731,2015,0.0,1778.0,-0.343663,-0.588017,GEO,POL,611420
2365759,90,177,7731,2015,894.0,9959.0,0.099027,1.012289,GRC,POL,611420
2365760,97,177,7731,2015,0.0,2472.0,0.8255290000000001,1.8017279999999998,HKG,POL,611420
2365761,100,177,7731,2015,18271.0,37092.0,0.7590140000000001,1.257415,HRV,POL,611420
2365762,102,177,7731,2015,0.0,515359.0,1.462839,0.803258,HUN,POL,611420
2365763,103,177,7731,2015,186228.0,0.0,-0.145103,1.277362,IDN,POL,611420
2365764,104,177,7731,2015,4757896.0,0.0,0.24230900000000002,2.8190880000000003,IND,POL,611420
2365765,106,177,7731,2015,0.0,29449.0,1.304942,0.126431,IRL,POL,611420
2365766,110,177,7731,2015,0.0,1898.0,1.260071,0.545545,ISR,POL,611420
2365767,111,177,7731,2015,453401.0,120350.0,1.321127,0.747046,ITA,POL,611420
2365768,113,177,7731,2015,0.0,4272.0,0.121172,0.457301,JOR,POL,611420
2365769,114,177,7731,2015,0.0,10365.0,2.516133,-0.484202,JPN,POL,611420
2365770,115,177,7731,2015,0.0,4293.0,-0.45091499999999995,-0.652026,KAZ,POL,611420
2365771,117,177,7731,2015,0.0,1024.0,0.02058,0.438692,KGZ,POL,611420
2365772,118,177,7731,2015,590308.0,0.0,-0.791985,-0.833046,KHM,POL,611420
2365773,121,177,7731,2015,9618.0,8332.0,1.900653,0.859406,KOR,POL,611420
2365774,122,177,7731,2015,0.0,5208.0,-0.352023,-1.153057,KWT,POL,611420
2365775,126,177,7731,2015,0.0,1675.0,-1.3257219999999998,-1.260453,LBY,POL,611420
2365776,128,177,7731,2015,108494.0,0.0,-0.6773399999999999,0.386343,LKA,POL,611420
2365777,130,177,7731,2015,8569.0,146224.0,0.749429,1.3659860000000001,LTU,POL,611420
2365778,131,177,7731,2015,0.0,6506.0,1.218924,1.247152,LUX,POL,611420
2365779,132,177,7731,2015,0.0,128046.0,0.602209,1.125357,LVA,POL,611420
2365780,134,177,7731,2015,67794.0,0.0,-0.7554810000000001,-0.059697,MAR,POL,611420
2365781,135,177,7731,2015,0.0,1291.0,-0.313837,-0.20393,MDA,POL,611420
2365782,142,177,7731,2015,0.0,2532.0,0.880893,-0.117585,MLT,POL,611420
2365783,151,177,7731,2015,1883.0,0.0,-0.231762,-0.195051,MUS,POL,611420
2365784,159,177,7731,2015,0.0,3020.0,-1.415451,-1.157829,NGA,POL,611420
2365785,162,177,7731,2015,476314.0,553122.0,1.230104,1.27344,NLD,POL,611420
2365786,163,177,7731,2015,0.0,13743.0,0.950708,0.314339,NOR,POL,611420
2365787,166,177,7731,2015,0.0,1635.0,0.224598,0.253179,NZL,POL,611420
2365788,168,177,7731,2015,16533.0,0.0,-0.7059979999999999,0.73501,PAK,POL,611420
2365789,173,177,7731,2015,0.0,969.0,-0.6007819999999999,0.32152800000000004,PER,POL,611420
2365790,179,177,7731,2015,81999.0,5516.0,0.561922,2.2276380000000002,PRT,POL,611420
2365791,183,177,7731,2015,0.0,767.0,-0.077053,-0.9922719999999999,QAT,POL,611420
2365792,185,177,7731,2015,6587.0,676018.0,0.946363,1.056775,ROU,POL,611420
2365793,186,177,7731,2015,12308.0,155812.0,0.23119,0.035965,RUS,POL,611420
2365794,188,177,7731,2015,0.0,894.0,0.5552520000000001,-0.7263229999999999,SAU,POL,611420
2365795,192,177,7731,2015,0.0,7901.0,2.05613,0.593065,SGP,POL,611420
2365796,201,177,7731,2015,0.0,1112.0,0.457042,1.324908,SRB,POL,611420
2365797,206,177,7731,2015,1110099.0,290850.0,1.287133,0.7900560000000001,SVK,POL,611420
2365798,207,177,7731,2015,0.0,7448.0,1.6089879999999999,0.833616,SVN,POL,611420
2365799,208,177,7731,2015,86044.0,314168.0,1.8068349999999997,0.693389,SWE,POL,611420
2365800,212,177,7731,2015,0.0,1495.0,-0.603532,0.313216,SYR,POL,611420
2365801,223,177,7731,2015,938.0,0.0,0.140202,0.967591,TUN,POL,611420
2365802,224,177,7731,2015,711701.0,0.0,0.438669,2.519632,TUR,POL,611420
2365803,228,177,7731,2015,27285.0,87767.0,0.429879,0.701813,UKR,POL,611420
2365804,231,177,7731,2015,8699.0,81706.0,1.720478,-0.129322,USA,POL,611420
2365805,239,177,7731,2015,40507.0,0.0,-0.17108900000000002,1.10995,VNM,POL,611420
2365806,250,177,7731,2015,4776.0,0.0,0.377283,-0.092204,ANS,POL,611420
2365807,2,179,7731,2015,0.0,516797.0,-1.6542,-1.2598989999999999,AGO,PRT,611420
2365808,5,179,7731,2015,0.0,11201.0,0.850153,0.383793,AND,PRT,611420
2365809,7,179,7731,2015,0.0,63395.0,0.21779600000000002,-0.0047420000000000006,ARE,PRT,611420
2365810,8,179,7731,2015,0.0,3903.0,0.116896,0.30330999999999997,ARG,PRT,611420
2365811,9,179,7731,2015,0.0,3659.0,0.037579,-0.42448800000000003,ARM,PRT,611420
2365812,14,179,7731,2015,0.0,42755.0,-0.292325,-0.043489,AUS,PRT,611420
2365813,15,179,7731,2015,0.0,13216.0,1.747098,-0.08026699999999999,AUT,PRT,611420
2365814,18,179,7731,2015,13894.0,44929.0,1.329866,1.100641,BEL,PRT,611420
2365815,22,179,7731,2015,33121.0,0.0,-1.088465,-0.8745360000000001,BGD,PRT,611420
2365816,24,179,7731,2015,0.0,5056.0,0.36650900000000003,-0.28735,BHR,PRT,611420
2365817,26,179,7731,2015,0.0,785.0,0.355903,0.723092,BIH,PRT,611420
2365818,32,179,7731,2015,0.0,18421.0,0.23656799999999997,0.688607,BRA,PRT,611420
2365819,39,179,7731,2015,0.0,51724.0,0.695867,1.171676,CAN,PRT,611420
2365820,41,179,7731,2015,1995.0,145156.0,2.306075,0.720781,CHE,PRT,611420
2365821,43,179,7731,2015,94126.0,589913.0,1.077143,1.735757,CHN,PRT,611420
2365822,49,179,7731,2015,0.0,6827.0,0.156383,-0.183055,COL,PRT,611420
2365823,58,179,7731,2015,0.0,8438.0,0.511225,-0.207261,CYP,PRT,611420
2365824,59,179,7731,2015,0.0,7587.0,1.743012,0.45424,CZE,PRT,611420
2365825,61,179,7731,2015,89490.0,1856600.0,2.203818,-2.307561,DEU,PRT,611420
2365826,64,179,7731,2015,765136.0,634693.0,1.157924,1.2045629999999998,DNK,PRT,611420
2365827,65,179,7731,2015,41176.0,5946.0,-0.212808,0.395873,DOM,PRT,611420
2365828,66,179,7731,2015,0.0,3594.0,-1.54346,-1.255633,DZA,PRT,611420
2365829,67,179,7731,2015,0.0,4984.0,-0.9845959999999999,-1.075639,ECU,PRT,611420
2365830,71,179,7731,2015,2643014.0,5118135.0,0.8173590000000001,2.442556,ESP,PRT,611420
2365831,72,179,7731,2015,0.0,2241.0,0.9281149999999999,1.1780389999999998,EST,PRT,611420
2365832,74,179,7731,2015,0.0,21182.0,1.597817,0.998059,FIN,PRT,611420
2365833,77,179,7731,2015,136567.0,672158.0,1.479792,0.6490239999999999,FRA,PRT,611420
2365834,81,179,7731,2015,121862.0,338281.0,1.7422990000000003,0.75838,GBR,PRT,611420
2365835,90,179,7731,2015,0.0,12089.0,0.099027,1.012289,GRC,PRT,611420
2365836,97,179,7731,2015,1919.0,5869.0,0.8255290000000001,1.8017279999999998,HKG,PRT,611420
2365837,99,179,7731,2015,0.0,2247.0,-0.578635,-0.292053,HND,PRT,611420
2365838,100,179,7731,2015,26175.0,0.0,0.7590140000000001,1.257415,HRV,PRT,611420
2365839,103,179,7731,2015,0.0,16552.0,-0.145103,1.277362,IDN,PRT,611420
2365840,104,179,7731,2015,509408.0,0.0,0.24230900000000002,2.8190880000000003,IND,PRT,611420
2365841,106,179,7731,2015,46635.0,3924.0,1.304942,0.126431,IRL,PRT,611420
2365842,109,179,7731,2015,0.0,2425.0,0.24527600000000002,-0.411616,ISL,PRT,611420
2365843,111,179,7731,2015,299264.0,91306.0,1.321127,0.747046,ITA,PRT,611420
2365844,114,179,7731,2015,0.0,6423.0,2.516133,-0.484202,JPN,PRT,611420
2365845,115,179,7731,2015,0.0,3057.0,-0.45091499999999995,-0.652026,KAZ,PRT,611420
2365846,121,179,7731,2015,0.0,40855.0,1.900653,0.859406,KOR,PRT,611420
2365847,122,179,7731,2015,0.0,4429.0,-0.352023,-1.153057,KWT,PRT,611420
2365848,124,179,7731,2015,0.0,72469.0,0.317355,1.330374,LBN,PRT,611420
2365849,134,179,7731,2015,34958.0,1039.0,-0.7554810000000001,-0.059697,MAR,PRT,611420
2365850,138,179,7731,2015,0.0,16741.0,1.169724,0.61457,MEX,PRT,611420
2365851,140,179,7731,2015,0.0,797.0,-0.09009600000000001,-0.147359,MKD,PRT,611420
2365852,147,179,7731,2015,0.0,11109.0,-1.293809,-1.115069,MOZ,PRT,611420
2365853,153,179,7731,2015,0.0,1682.0,1.082803,0.811615,MYS,PRT,611420
2365854,156,179,7731,2015,0.0,2169.0,-0.727911,-0.844562,NCL,PRT,611420
2365855,162,179,7731,2015,107403.0,1394934.0,1.230104,1.27344,NLD,PRT,611420
2365856,163,179,7731,2015,1226.0,68442.0,0.950708,0.314339,NOR,PRT,611420
2365857,166,179,7731,2015,0.0,3010.0,0.224598,0.253179,NZL,PRT,611420
2365858,168,179,7731,2015,3404.0,0.0,-0.7059979999999999,0.73501,PAK,PRT,611420
2365859,173,179,7731,2015,0.0,4389.0,-0.6007819999999999,0.32152800000000004,PER,PRT,611420
2365860,177,179,7731,2015,5516.0,81999.0,1.145844,1.1449280000000002,POL,PRT,611420
2365861,183,179,7731,2015,1296.0,1182.0,-0.077053,-0.9922719999999999,QAT,PRT,611420
2365862,186,179,7731,2015,0.0,9625.0,0.23119,0.035965,RUS,PRT,611420
2365863,192,179,7731,2015,0.0,6928.0,2.05613,0.593065,SGP,PRT,611420
2365864,197,179,7731,2015,0.0,4482.0,0.05531900000000001,0.169073,SLV,PRT,611420
2365865,201,179,7731,2015,0.0,2845.0,0.457042,1.324908,SRB,PRT,611420
2365866,206,179,7731,2015,0.0,3608.0,1.287133,0.7900560000000001,SVK,PRT,611420
2365867,207,179,7731,2015,0.0,3222.0,1.6089879999999999,0.833616,SVN,PRT,611420
2365868,208,179,7731,2015,2916.0,46044.0,1.8068349999999997,0.693389,SWE,PRT,611420
2365869,216,179,7731,2015,0.0,55343.0,0.965888,1.368572,THA,PRT,611420
2365870,223,179,7731,2015,0.0,93835.0,0.140202,0.967591,TUN,PRT,611420
2365871,224,179,7731,2015,0.0,39700.0,0.438669,2.519632,TUR,PRT,611420
2365872,228,179,7731,2015,0.0,5334.0,0.429879,0.701813,UKR,PRT,611420
2365873,231,179,7731,2015,7728.0,231132.0,1.720478,-0.129322,USA,PRT,611420
2365874,246,179,7731,2015,0.0,2196.0,0.24944699999999997,1.7573159999999999,ZAF,PRT,611420
2365875,249,179,7731,2015,0.0,10670.0,1.962832,1.214982,TWN,PRT,611420
2365876,8,180,7731,2015,9972.0,0.0,0.116896,0.30330999999999997,ARG,PRY,611420
2365877,32,180,7731,2015,15678.0,0.0,0.23656799999999997,0.688607,BRA,PRY,611420
2365878,43,180,7731,2015,11550.0,0.0,1.077143,1.735757,CHN,PRY,611420
2365879,71,180,7731,2015,2974.0,0.0,0.8173590000000001,2.442556,ESP,PRY,611420
2365880,77,180,7731,2015,33776.0,0.0,1.479792,0.6490239999999999,FRA,PRY,611420
2365881,104,180,7731,2015,4801.0,0.0,0.24230900000000002,2.8190880000000003,IND,PRY,611420
2365882,111,180,7731,2015,1649.0,0.0,1.321127,0.747046,ITA,PRY,611420
2365883,168,180,7731,2015,1446.0,0.0,-0.7059979999999999,0.73501,PAK,PRY,611420
2365884,169,180,7731,2015,1419.0,0.0,0.642058,0.833392,PAN,PRY,611420
2365885,173,180,7731,2015,1225.0,0.0,-0.6007819999999999,0.32152800000000004,PER,PRY,611420
2365886,230,180,7731,2015,1071.0,0.0,0.273876,-0.363695,URY,PRY,611420
2365887,39,181,7731,2015,1335.0,0.0,0.695867,1.171676,CAN,PSE,611420
2365888,43,181,7731,2015,842.0,0.0,1.077143,1.735757,CHN,PSE,611420
2365889,113,181,7731,2015,21605.0,0.0,0.121172,0.457301,JOR,PSE,611420
2365890,224,181,7731,2015,1015.0,0.0,0.438669,2.519632,TUR,PSE,611420
2365891,7,188,7731,2015,95950.0,31679.0,0.21779600000000002,-0.0047420000000000006,ARE,SAU,611420
2365892,15,188,7731,2015,1048.0,0.0,1.747098,-0.08026699999999999,AUT,SAU,611420
2365893,18,188,7731,2015,15563.0,0.0,1.329866,1.100641,BEL,SAU,611420
2365894,22,188,7731,2015,194350.0,0.0,-1.088465,-0.8745360000000001,BGD,SAU,611420
2365895,24,188,7731,2015,852241.0,0.0,0.36650900000000003,-0.28735,BHR,SAU,611420
2365896,39,188,7731,2015,73049.0,0.0,0.695867,1.171676,CAN,SAU,611420
2365897,41,188,7731,2015,0.0,1298.0,2.306075,0.720781,CHE,SAU,611420
2365898,43,188,7731,2015,452481.0,0.0,1.077143,1.735757,CHN,SAU,611420
2365899,61,188,7731,2015,95352.0,0.0,2.203818,-2.307561,DEU,SAU,611420
2365900,64,188,7731,2015,7805.0,0.0,1.157924,1.2045629999999998,DNK,SAU,611420
2365901,68,188,7731,2015,116251.0,0.0,-0.183053,1.765036,EGY,SAU,611420
2365902,71,188,7731,2015,2470585.0,0.0,0.8173590000000001,2.442556,ESP,SAU,611420
2365903,77,188,7731,2015,521856.0,0.0,1.479792,0.6490239999999999,FRA,SAU,611420
2365904,81,188,7731,2015,19965.0,0.0,1.7422990000000003,0.75838,GBR,SAU,611420
2365905,97,188,7731,2015,110679.0,0.0,0.8255290000000001,1.8017279999999998,HKG,SAU,611420
2365906,104,188,7731,2015,3388358.0,0.0,0.24230900000000002,2.8190880000000003,IND,SAU,611420
2365907,111,188,7731,2015,134080.0,2229.0,1.321127,0.747046,ITA,SAU,611420
2365908,113,188,7731,2015,22983.0,0.0,0.121172,0.457301,JOR,SAU,611420
2365909,128,188,7731,2015,4433.0,0.0,-0.6773399999999999,0.386343,LKA,SAU,611420
2365910,153,188,7731,2015,8245.0,0.0,1.082803,0.811615,MYS,SAU,611420
2365911,162,188,7731,2015,5254.0,0.0,1.230104,1.27344,NLD,SAU,611420
2365912,167,188,7731,2015,9840.0,7547.0,-0.4699,-1.00451,OMN,SAU,611420
2365913,168,188,7731,2015,364413.0,0.0,-0.7059979999999999,0.73501,PAK,SAU,611420
2365914,177,188,7731,2015,894.0,0.0,1.145844,1.1449280000000002,POL,SAU,611420
2365915,183,188,7731,2015,0.0,1300.0,-0.077053,-0.9922719999999999,QAT,SAU,611420
2365916,206,188,7731,2015,27576.0,0.0,1.287133,0.7900560000000001,SVK,SAU,611420
2365917,216,188,7731,2015,4551.0,0.0,0.965888,1.368572,THA,SAU,611420
2365918,224,188,7731,2015,1138840.0,0.0,0.438669,2.519632,TUR,SAU,611420
2365919,231,188,7731,2015,22612.0,0.0,1.720478,-0.129322,USA,SAU,611420
2365920,239,188,7731,2015,9506.0,0.0,-0.17108900000000002,1.10995,VNM,SAU,611420
2365921,249,188,7731,2015,1857882.0,0.0,1.962832,1.214982,TWN,SAU,611420
2365922,7,190,7731,2015,225237.0,0.0,0.21779600000000002,-0.0047420000000000006,ARE,SDN,611420
2365923,43,190,7731,2015,275518.0,0.0,1.077143,1.735757,CHN,SDN,611420
2365924,104,190,7731,2015,623328.0,0.0,0.24230900000000002,2.8190880000000003,IND,SDN,611420
2365925,224,190,7731,2015,15542.0,0.0,0.438669,2.519632,TUR,SDN,611420
2365926,2,192,7731,2015,0.0,4281.0,-1.6542,-1.2598989999999999,AGO,SGP,611420
2365927,7,192,7731,2015,41772.0,262503.0,0.21779600000000002,-0.0047420000000000006,ARE,SGP,611420
2365928,14,192,7731,2015,179852.0,103473.0,-0.292325,-0.043489,AUS,SGP,611420
2365929,18,192,7731,2015,0.0,1287.0,1.329866,1.100641,BEL,SGP,611420
2365930,22,192,7731,2015,572653.0,2895.0,-1.088465,-0.8745360000000001,BGD,SGP,611420
2365931,23,192,7731,2015,6032.0,0.0,0.45640699999999995,1.691455,BGR,SGP,611420
2365932,32,192,7731,2015,0.0,10593.0,0.23656799999999997,0.688607,BRA,SGP,611420
2365933,34,192,7731,2015,0.0,382366.0,1.093564,-0.679211,BRN,SGP,611420
2365934,39,192,7731,2015,19107.0,680245.0,0.695867,1.171676,CAN,SGP,611420
2365935,41,192,7731,2015,0.0,1566.0,2.306075,0.720781,CHE,SGP,611420
2365936,43,192,7731,2015,2791206.0,87700.0,1.077143,1.735757,CHN,SGP,611420
2365937,44,192,7731,2015,0.0,34297.0,-0.856142,-0.905292,CIV,SGP,611420
2365938,49,192,7731,2015,0.0,3060.0,0.156383,-0.183055,COL,SGP,611420
2365939,55,192,7731,2015,0.0,1386.0,0.296267,-0.6313350000000001,CUW,SGP,611420
2365940,59,192,7731,2015,1812.0,0.0,1.743012,0.45424,CZE,SGP,611420
2365941,61,192,7731,2015,8879.0,5416.0,2.203818,-2.307561,DEU,SGP,611420
2365942,64,192,7731,2015,2674.0,0.0,1.157924,1.2045629999999998,DNK,SGP,611420
2365943,68,192,7731,2015,10277.0,7524.0,-0.183053,1.765036,EGY,SGP,611420
2365944,71,192,7731,2015,134724.0,22877.0,0.8173590000000001,2.442556,ESP,SGP,611420
2365945,74,192,7731,2015,0.0,30693.0,1.597817,0.998059,FIN,SGP,611420
2365946,77,192,7731,2015,474478.0,7847.0,1.479792,0.6490239999999999,FRA,SGP,611420
2365947,81,192,7731,2015,121251.0,77108.0,1.7422990000000003,0.75838,GBR,SGP,611420
2365948,85,192,7731,2015,0.0,2488.0,-1.288329,-1.167532,GIN,SGP,611420
2365949,90,192,7731,2015,3808.0,0.0,0.099027,1.012289,GRC,SGP,611420
2365950,93,192,7731,2015,246478.0,0.0,-0.284403,0.525564,GTM,SGP,611420
2365951,97,192,7731,2015,268114.0,73304.0,0.8255290000000001,1.8017279999999998,HKG,SGP,611420
2365952,101,192,7731,2015,3502.0,0.0,-1.288246,-1.018979,HTI,SGP,611420
2365953,103,192,7731,2015,594248.0,2191744.0,-0.145103,1.277362,IDN,SGP,611420
2365954,104,192,7731,2015,709890.0,10354.0,0.24230900000000002,2.8190880000000003,IND,SGP,611420
2365955,106,192,7731,2015,0.0,2814.0,1.304942,0.126431,IRL,SGP,611420
2365956,110,192,7731,2015,0.0,2813.0,1.260071,0.545545,ISR,SGP,611420
2365957,111,192,7731,2015,24140.0,0.0,1.321127,0.747046,ITA,SGP,611420
2365958,113,192,7731,2015,10359.0,0.0,0.121172,0.457301,JOR,SGP,611420
2365959,114,192,7731,2015,21581.0,67748.0,2.516133,-0.484202,JPN,SGP,611420
2365960,118,192,7731,2015,554116.0,0.0,-0.791985,-0.833046,KHM,SGP,611420
2365961,121,192,7731,2015,15719.0,11816.0,1.900653,0.859406,KOR,SGP,611420
2365962,122,192,7731,2015,0.0,28989.0,-0.352023,-1.153057,KWT,SGP,611420
2365963,124,192,7731,2015,0.0,57881.0,0.317355,1.330374,LBN,SGP,611420
2365964,128,192,7731,2015,16459.0,0.0,-0.6773399999999999,0.386343,LKA,SGP,611420
2365965,130,192,7731,2015,0.0,5390.0,0.749429,1.3659860000000001,LTU,SGP,611420
2365966,137,192,7731,2015,0.0,29122.0,-0.321571,-0.858751,MDV,SGP,611420
2365967,138,192,7731,2015,997.0,69228.0,1.169724,0.61457,MEX,SGP,611420
2365968,143,192,7731,2015,0.0,37120.0,-1.4596120000000001,-0.903904,MMR,SGP,611420
2365969,151,192,7731,2015,25715.0,0.0,-0.231762,-0.195051,MUS,SGP,611420
2365970,153,192,7731,2015,322884.0,914536.0,1.082803,0.811615,MYS,SGP,611420
2365971,156,192,7731,2015,0.0,21053.0,-0.727911,-0.844562,NCL,SGP,611420
2365972,160,192,7731,2015,5204.0,0.0,-1.102989,-0.952276,NIC,SGP,611420
2365973,162,192,7731,2015,1484.0,8577.0,1.230104,1.27344,NLD,SGP,611420
2365974,163,192,7731,2015,5921.0,0.0,0.950708,0.314339,NOR,SGP,611420
2365975,164,192,7731,2015,6968.0,20902.0,-0.290416,0.456716,NPL,SGP,611420
2365976,166,192,7731,2015,20508.0,0.0,0.224598,0.253179,NZL,SGP,611420
2365977,168,192,7731,2015,25046.0,0.0,-0.7059979999999999,0.73501,PAK,SGP,611420
2365978,169,192,7731,2015,0.0,2388.0,0.642058,0.833392,PAN,SGP,611420
2365979,174,192,7731,2015,60753.0,808843.0,0.6406270000000001,0.45770200000000005,PHL,SGP,611420
2365980,176,192,7731,2015,0.0,864991.0,-1.710939,-1.266333,PNG,SGP,611420
2365981,177,192,7731,2015,7901.0,0.0,1.145844,1.1449280000000002,POL,SGP,611420
2365982,179,192,7731,2015,6928.0,0.0,0.561922,2.2276380000000002,PRT,SGP,611420
2365983,182,192,7731,2015,0.0,27125.0,-0.301696,-0.795154,PYF,SGP,611420
2365984,208,192,7731,2015,955.0,4744.0,1.8068349999999997,0.693389,SWE,SGP,611420
2365985,211,192,7731,2015,0.0,4963.0,1.017467,-0.285569,SYC,SGP,611420
2365986,216,192,7731,2015,199332.0,40186.0,0.965888,1.368572,THA,SGP,611420
2365987,220,192,7731,2015,0.0,121917.0,-0.878657,-0.9064450000000001,TLS,SGP,611420
2365988,223,192,7731,2015,641.0,0.0,0.140202,0.967591,TUN,SGP,611420
2365989,224,192,7731,2015,26348.0,0.0,0.438669,2.519632,TUR,SGP,611420
2365990,231,192,7731,2015,771055.0,16503.0,1.720478,-0.129322,USA,SGP,611420
2365991,239,192,7731,2015,901293.0,45091.0,-0.17108900000000002,1.10995,VNM,SGP,611420
2365992,240,192,7731,2015,0.0,47937.0,-1.6531169999999997,-1.018974,VUT,SGP,611420
2365993,249,192,7731,2015,32352.0,44318.0,1.962832,1.214982,TWN,SGP,611420
2365994,7,197,7731,2015,0.0,999.0,0.21779600000000002,-0.0047420000000000006,ARE,SLV,611420
2365995,22,197,7731,2015,2284.0,0.0,-1.088465,-0.8745360000000001,BGD,SLV,611420
2365996,29,197,7731,2015,0.0,68339.0,-0.24283600000000002,-0.577408,BLZ,SLV,611420
2365997,39,197,7731,2015,0.0,24183.0,0.695867,1.171676,CAN,SLV,611420
2365998,43,197,7731,2015,5010.0,0.0,1.077143,1.735757,CHN,SLV,611420
2365999,49,197,7731,2015,4086.0,0.0,0.156383,-0.183055,COL,SLV,611420
2366000,52,197,7731,2015,0.0,13395.0,0.24859699999999998,-0.033143,CRI,SLV,611420
2366001,61,197,7731,2015,0.0,8295.0,2.203818,-2.307561,DEU,SLV,611420
2366002,71,197,7731,2015,14125.0,0.0,0.8173590000000001,2.442556,ESP,SLV,611420
2366003,77,197,7731,2015,0.0,1464.0,1.479792,0.6490239999999999,FRA,SLV,611420
2366004,93,197,7731,2015,0.0,2909.0,-0.284403,0.525564,GTM,SLV,611420
2366005,103,197,7731,2015,1749.0,0.0,-0.145103,1.277362,IDN,SLV,611420
2366006,104,197,7731,2015,2356.0,0.0,0.24230900000000002,2.8190880000000003,IND,SLV,611420
2366007,111,197,7731,2015,909.0,0.0,1.321127,0.747046,ITA,SLV,611420
2366008,134,197,7731,2015,630.0,0.0,-0.7554810000000001,-0.059697,MAR,SLV,611420
2366009,138,197,7731,2015,3879.0,4571.0,1.169724,0.61457,MEX,SLV,611420
2366010,169,197,7731,2015,685.0,0.0,0.642058,0.833392,PAN,SLV,611420
2366011,173,197,7731,2015,1642.0,957.0,-0.6007819999999999,0.32152800000000004,PER,SLV,611420
2366012,179,197,7731,2015,4482.0,0.0,0.561922,2.2276380000000002,PRT,SLV,611420
2366013,224,197,7731,2015,2600.0,0.0,0.438669,2.519632,TUR,SLV,611420
2366014,231,197,7731,2015,74498.0,644028.0,1.720478,-0.129322,USA,SLV,611420
2366015,239,197,7731,2015,994.0,0.0,-0.17108900000000002,1.10995,VNM,SLV,611420
2366016,162,205,7731,2015,1446.0,0.0,1.230104,1.27344,NLD,SUR,611420
2366017,224,205,7731,2015,1066.0,0.0,0.438669,2.519632,TUR,SUR,611420
2366018,231,205,7731,2015,159719.0,0.0,1.720478,-0.129322,USA,SUR,611420
2366019,7,208,7731,2015,0.0,11073.0,0.21779600000000002,-0.0047420000000000006,ARE,SWE,611420
2366020,14,208,7731,2015,55691.0,4128.0,-0.292325,-0.043489,AUS,SWE,611420
2366021,15,208,7731,2015,4013.0,32446.0,1.747098,-0.08026699999999999,AUT,SWE,611420
2366022,18,208,7731,2015,9965.0,6975.0,1.329866,1.100641,BEL,SWE,611420
2366023,22,208,7731,2015,1292459.0,0.0,-1.088465,-0.8745360000000001,BGD,SWE,611420
2366024,23,208,7731,2015,30852.0,0.0,0.45640699999999995,1.691455,BGR,SWE,611420
2366025,32,208,7731,2015,5148.0,0.0,0.23656799999999997,0.688607,BRA,SWE,611420
2366026,39,208,7731,2015,19671.0,1379.0,0.695867,1.171676,CAN,SWE,611420
2366027,41,208,7731,2015,31282.0,13484.0,2.306075,0.720781,CHE,SWE,611420
2366028,43,208,7731,2015,954650.0,4793.0,1.077143,1.735757,CHN,SWE,611420
2366029,59,208,7731,2015,5133.0,3460.0,1.743012,0.45424,CZE,SWE,611420
2366030,61,208,7731,2015,353890.0,192463.0,2.203818,-2.307561,DEU,SWE,611420
2366031,64,208,7731,2015,1647875.0,344272.0,1.157924,1.2045629999999998,DNK,SWE,611420
2366032,71,208,7731,2015,104587.0,25917.0,0.8173590000000001,2.442556,ESP,SWE,611420
2366033,72,208,7731,2015,8166.0,4359.0,0.9281149999999999,1.1780389999999998,EST,SWE,611420
2366034,74,208,7731,2015,53763.0,837771.0,1.597817,0.998059,FIN,SWE,611420
2366035,77,208,7731,2015,98320.0,12572.0,1.479792,0.6490239999999999,FRA,SWE,611420
2366036,81,208,7731,2015,278960.0,359756.0,1.7422990000000003,0.75838,GBR,SWE,611420
2366037,97,208,7731,2015,27987.0,0.0,0.8255290000000001,1.8017279999999998,HKG,SWE,611420
2366038,100,208,7731,2015,1410.0,0.0,0.7590140000000001,1.257415,HRV,SWE,611420
2366039,102,208,7731,2015,0.0,5862.0,1.462839,0.803258,HUN,SWE,611420
2366040,103,208,7731,2015,5735.0,0.0,-0.145103,1.277362,IDN,SWE,611420
2366041,104,208,7731,2015,5107917.0,0.0,0.24230900000000002,2.8190880000000003,IND,SWE,611420
2366042,109,208,7731,2015,0.0,2926.0,0.24527600000000002,-0.411616,ISL,SWE,611420
2366043,110,208,7731,2015,2426.0,0.0,1.260071,0.545545,ISR,SWE,611420
2366044,111,208,7731,2015,48431.0,65624.0,1.321127,0.747046,ITA,SWE,611420
2366045,113,208,7731,2015,136968.0,0.0,0.121172,0.457301,JOR,SWE,611420
2366046,114,208,7731,2015,58994.0,1140.0,2.516133,-0.484202,JPN,SWE,611420
2366047,115,208,7731,2015,0.0,1026.0,-0.45091499999999995,-0.652026,KAZ,SWE,611420
2366048,118,208,7731,2015,88201.0,0.0,-0.791985,-0.833046,KHM,SWE,611420
2366049,121,208,7731,2015,23457.0,3334.0,1.900653,0.859406,KOR,SWE,611420
2366050,122,208,7731,2015,0.0,2481.0,-0.352023,-1.153057,KWT,SWE,611420
2366051,124,208,7731,2015,1269.0,0.0,0.317355,1.330374,LBN,SWE,611420
2366052,128,208,7731,2015,25588.0,0.0,-0.6773399999999999,0.386343,LKA,SWE,611420
2366053,130,208,7731,2015,5467.0,0.0,0.749429,1.3659860000000001,LTU,SWE,611420
2366054,132,208,7731,2015,0.0,7649.0,0.602209,1.125357,LVA,SWE,611420
2366055,162,208,7731,2015,182160.0,28107.0,1.230104,1.27344,NLD,SWE,611420
2366056,163,208,7731,2015,167331.0,430214.0,0.950708,0.314339,NOR,SWE,611420
2366057,164,208,7731,2015,2617.0,0.0,-0.290416,0.456716,NPL,SWE,611420
2366058,166,208,7731,2015,4432.0,0.0,0.224598,0.253179,NZL,SWE,611420
2366059,167,208,7731,2015,0.0,1600.0,-0.4699,-1.00451,OMN,SWE,611420
2366060,168,208,7731,2015,12025.0,0.0,-0.7059979999999999,0.73501,PAK,SWE,611420
2366061,174,208,7731,2015,367.0,0.0,0.6406270000000001,0.45770200000000005,PHL,SWE,611420
2366062,177,208,7731,2015,314168.0,86044.0,1.145844,1.1449280000000002,POL,SWE,611420
2366063,179,208,7731,2015,46044.0,2916.0,0.561922,2.2276380000000002,PRT,SWE,611420
2366064,185,208,7731,2015,66252.0,0.0,0.946363,1.056775,ROU,SWE,611420
2366065,186,208,7731,2015,2450.0,1450.0,0.23119,0.035965,RUS,SWE,611420
2366066,192,208,7731,2015,4744.0,955.0,2.05613,0.593065,SGP,SWE,611420
2366067,201,208,7731,2015,8049.0,0.0,0.457042,1.324908,SRB,SWE,611420
2366068,206,208,7731,2015,0.0,1092.0,1.287133,0.7900560000000001,SVK,SWE,611420
2366069,216,208,7731,2015,26840.0,0.0,0.965888,1.368572,THA,SWE,611420
2366070,224,208,7731,2015,1686390.0,0.0,0.438669,2.519632,TUR,SWE,611420
2366071,231,208,7731,2015,441761.0,23270.0,1.720478,-0.129322,USA,SWE,611420
2366072,239,208,7731,2015,9216.0,0.0,-0.17108900000000002,1.10995,VNM,SWE,611420
2366073,246,208,7731,2015,1183.0,0.0,0.24944699999999997,1.7573159999999999,ZAF,SWE,611420
2366074,249,208,7731,2015,6956.0,0.0,1.962832,1.214982,TWN,SWE,611420
2366075,7,216,7731,2015,208925.0,122198.0,0.21779600000000002,-0.0047420000000000006,ARE,THA,611420
2366076,14,216,7731,2015,1179.0,133748.0,-0.292325,-0.043489,AUS,THA,611420
2366077,15,216,7731,2015,0.0,23770.0,1.747098,-0.08026699999999999,AUT,THA,611420
2366078,22,216,7731,2015,103143.0,0.0,-1.088465,-0.8745360000000001,BGD,THA,611420
2366079,23,216,7731,2015,3297.0,0.0,0.45640699999999995,1.691455,BGR,THA,611420
2366080,24,216,7731,2015,0.0,4155.0,0.36650900000000003,-0.28735,BHR,THA,611420
2366081,30,216,7731,2015,0.0,783.0,0.974592,-0.636426,BMU,THA,611420
2366082,39,216,7731,2015,0.0,289603.0,0.695867,1.171676,CAN,THA,611420
2366083,41,216,7731,2015,7038.0,5274.0,2.306075,0.720781,CHE,THA,611420
2366084,43,216,7731,2015,133534.0,170937.0,1.077143,1.735757,CHN,THA,611420
2366085,52,216,7731,2015,0.0,3462.0,0.24859699999999998,-0.033143,CRI,THA,611420
2366086,58,216,7731,2015,0.0,10336.0,0.511225,-0.207261,CYP,THA,611420
2366087,59,216,7731,2015,0.0,2265.0,1.743012,0.45424,CZE,THA,611420
2366088,61,216,7731,2015,0.0,90827.0,2.203818,-2.307561,DEU,THA,611420
2366089,65,216,7731,2015,0.0,3432.0,-0.212808,0.395873,DOM,THA,611420
2366090,68,216,7731,2015,0.0,4046.0,-0.183053,1.765036,EGY,THA,611420
2366091,71,216,7731,2015,184546.0,78698.0,0.8173590000000001,2.442556,ESP,THA,611420
2366092,72,216,7731,2015,0.0,802.0,0.9281149999999999,1.1780389999999998,EST,THA,611420
2366093,74,216,7731,2015,0.0,1398.0,1.597817,0.998059,FIN,THA,611420
2366094,77,216,7731,2015,16931.0,249163.0,1.479792,0.6490239999999999,FRA,THA,611420
2366095,81,216,7731,2015,8910.0,533804.0,1.7422990000000003,0.75838,GBR,THA,611420
2366096,90,216,7731,2015,0.0,28230.0,0.099027,1.012289,GRC,THA,611420
2366097,93,216,7731,2015,3180.0,0.0,-0.284403,0.525564,GTM,THA,611420
2366098,97,216,7731,2015,1857.0,33230.0,0.8255290000000001,1.8017279999999998,HKG,THA,611420
2366099,99,216,7731,2015,0.0,4606.0,-0.578635,-0.292053,HND,THA,611420
2366100,103,216,7731,2015,17007.0,4535.0,-0.145103,1.277362,IDN,THA,611420
2366101,104,216,7731,2015,53359.0,1598.0,0.24230900000000002,2.8190880000000003,IND,THA,611420
2366102,106,216,7731,2015,0.0,1232.0,1.304942,0.126431,IRL,THA,611420
2366103,108,216,7731,2015,0.0,1900.0,-1.465803,-0.912113,IRQ,THA,611420
2366104,110,216,7731,2015,0.0,20937.0,1.260071,0.545545,ISR,THA,611420
2366105,111,216,7731,2015,8871.0,38770.0,1.321127,0.747046,ITA,THA,611420
2366106,112,216,7731,2015,0.0,1574.0,-0.438267,-0.828097,JAM,THA,611420
2366107,113,216,7731,2015,8972.0,3289.0,0.121172,0.457301,JOR,THA,611420
2366108,114,216,7731,2015,3664.0,789169.0,2.516133,-0.484202,JPN,THA,611420
2366109,116,216,7731,2015,0.0,11259.0,-0.453564,0.433325,KEN,THA,611420
2366110,118,216,7731,2015,79952.0,0.0,-0.791985,-0.833046,KHM,THA,611420
2366111,121,216,7731,2015,15094.0,11389.0,1.900653,0.859406,KOR,THA,611420
2366112,122,216,7731,2015,0.0,4425.0,-0.352023,-1.153057,KWT,THA,611420
2366113,123,216,7731,2015,0.0,4933.0,-0.927524,-0.74525,LAO,THA,611420
2366114,124,216,7731,2015,0.0,2527.0,0.317355,1.330374,LBN,THA,611420
2366115,128,216,7731,2015,102040.0,997.0,-0.6773399999999999,0.386343,LKA,THA,611420
2366116,133,216,7731,2015,0.0,6101.0,0.296288,0.32009499999999996,MAC,THA,611420
2366117,134,216,7731,2015,21535.0,0.0,-0.7554810000000001,-0.059697,MAR,THA,611420
2366118,137,216,7731,2015,0.0,17802.0,-0.321571,-0.858751,MDV,THA,611420
2366119,138,216,7731,2015,0.0,2433.0,1.169724,0.61457,MEX,THA,611420
2366120,143,216,7731,2015,0.0,1298.0,-1.4596120000000001,-0.903904,MMR,THA,611420
2366121,151,216,7731,2015,12584.0,4821.0,-0.231762,-0.195051,MUS,THA,611420
2366122,152,216,7731,2015,0.0,345.0,-0.549862,-0.8753190000000001,MWI,THA,611420
2366123,153,216,7731,2015,1657.0,1612.0,1.082803,0.811615,MYS,THA,611420
2366124,156,216,7731,2015,0.0,1875.0,-0.727911,-0.844562,NCL,THA,611420
2366125,162,216,7731,2015,0.0,3741.0,1.230104,1.27344,NLD,THA,611420
2366126,163,216,7731,2015,0.0,1779.0,0.950708,0.314339,NOR,THA,611420
2366127,164,216,7731,2015,0.0,1652.0,-0.290416,0.456716,NPL,THA,611420
2366128,166,216,7731,2015,0.0,2719.0,0.224598,0.253179,NZL,THA,611420
2366129,167,216,7731,2015,0.0,68678.0,-0.4699,-1.00451,OMN,THA,611420
2366130,168,216,7731,2015,12923.0,0.0,-0.7059979999999999,0.73501,PAK,THA,611420
2366131,169,216,7731,2015,0.0,1293.0,0.642058,0.833392,PAN,THA,611420
2366132,173,216,7731,2015,13558.0,1699.0,-0.6007819999999999,0.32152800000000004,PER,THA,611420
2366133,174,216,7731,2015,8758.0,42837.0,0.6406270000000001,0.45770200000000005,PHL,THA,611420
2366134,176,216,7731,2015,0.0,2672.0,-1.710939,-1.266333,PNG,THA,611420
2366135,179,216,7731,2015,55343.0,0.0,0.561922,2.2276380000000002,PRT,THA,611420
2366136,182,216,7731,2015,0.0,3599.0,-0.301696,-0.795154,PYF,THA,611420
2366137,183,216,7731,2015,0.0,20342.0,-0.077053,-0.9922719999999999,QAT,THA,611420
2366138,185,216,7731,2015,1663.0,0.0,0.946363,1.056775,ROU,THA,611420
2366139,186,216,7731,2015,0.0,46368.0,0.23119,0.035965,RUS,THA,611420
2366140,188,216,7731,2015,0.0,4551.0,0.5552520000000001,-0.7263229999999999,SAU,THA,611420
2366141,192,216,7731,2015,40186.0,199332.0,2.05613,0.593065,SGP,THA,611420
2366142,208,216,7731,2015,0.0,26840.0,1.8068349999999997,0.693389,SWE,THA,611420
2366143,211,216,7731,2015,0.0,6123.0,1.017467,-0.285569,SYC,THA,611420
2366144,222,216,7731,2015,0.0,16388.0,-0.462837,-1.117621,TTO,THA,611420
2366145,224,216,7731,2015,3050.0,6572.0,0.438669,2.519632,TUR,THA,611420
2366146,228,216,7731,2015,0.0,1887.0,0.429879,0.701813,UKR,THA,611420
2366147,231,216,7731,2015,5432.0,4584148.0,1.720478,-0.129322,USA,THA,611420
2366148,239,216,7731,2015,49649.0,4626.0,-0.17108900000000002,1.10995,VNM,THA,611420
2366149,240,216,7731,2015,0.0,2367.0,-1.6531169999999997,-1.018974,VUT,THA,611420
2366150,246,216,7731,2015,0.0,10083.0,0.24944699999999997,1.7573159999999999,ZAF,THA,611420
2366151,249,216,7731,2015,46353.0,34807.0,1.962832,1.214982,TWN,THA,611420
2366152,250,216,7731,2015,0.0,5387.0,0.377283,-0.092204,ANS,THA,611420
2366153,43,222,7731,2015,6528.0,0.0,1.077143,1.735757,CHN,TTO,611420
2366154,104,222,7731,2015,1178.0,0.0,0.24230900000000002,2.8190880000000003,IND,TTO,611420
2366155,162,222,7731,2015,3284.0,0.0,1.230104,1.27344,NLD,TTO,611420
2366156,169,222,7731,2015,4717.0,0.0,0.642058,0.833392,PAN,TTO,611420
2366157,216,222,7731,2015,16388.0,0.0,0.965888,1.368572,THA,TTO,611420
2366158,231,222,7731,2015,32454.0,0.0,1.720478,-0.129322,USA,TTO,611420
2366159,239,222,7731,2015,873.0,0.0,-0.17108900000000002,1.10995,VNM,TTO,611420
2366160,1,224,7731,2015,0.0,16132.0,-1.249655,-0.9094459999999999,AFG,TUR,611420
2366161,4,224,7731,2015,0.0,11913.0,-0.601875,-0.27003,ALB,TUR,611420
2366162,5,224,7731,2015,0.0,1990.0,0.850153,0.383793,AND,TUR,611420
2366163,7,224,7731,2015,258161.0,399413.0,0.21779600000000002,-0.0047420000000000006,ARE,TUR,611420
2366164,8,224,7731,2015,0.0,896.0,0.116896,0.30330999999999997,ARG,TUR,611420
2366165,9,224,7731,2015,0.0,16.0,0.037579,-0.42448800000000003,ARM,TUR,611420
2366166,14,224,7731,2015,3350.0,39641.0,-0.292325,-0.043489,AUS,TUR,611420
2366167,15,224,7731,2015,0.0,71249.0,1.747098,-0.08026699999999999,AUT,TUR,611420
2366168,16,224,7731,2015,0.0,25086.0,-0.983347,-1.231542,AZE,TUR,611420
2366169,18,224,7731,2015,950.0,342118.0,1.329866,1.100641,BEL,TUR,611420
2366170,21,224,7731,2015,0.0,1246.0,-1.085359,-1.034365,BFA,TUR,611420
2366171,22,224,7731,2015,291190.0,0.0,-1.088465,-0.8745360000000001,BGD,TUR,611420
2366172,23,224,7731,2015,1568.0,196254.0,0.45640699999999995,1.691455,BGR,TUR,611420
2366173,24,224,7731,2015,0.0,8982.0,0.36650900000000003,-0.28735,BHR,TUR,611420
2366174,26,224,7731,2015,0.0,85271.0,0.355903,0.723092,BIH,TUR,611420
2366175,28,224,7731,2015,0.0,59343.0,0.672499,0.5584020000000001,BLR,TUR,611420
2366176,32,224,7731,2015,0.0,66072.0,0.23656799999999997,0.688607,BRA,TUR,611420
2366177,39,224,7731,2015,1869.0,13571.0,0.695867,1.171676,CAN,TUR,611420
2366178,41,224,7731,2015,18030.0,68027.0,2.306075,0.720781,CHE,TUR,611420
2366179,42,224,7731,2015,0.0,2048.0,-0.356167,-0.47629399999999994,CHL,TUR,611420
2366180,43,224,7731,2015,137544.0,19386.0,1.077143,1.735757,CHN,TUR,611420
2366181,44,224,7731,2015,0.0,2353.0,-0.856142,-0.905292,CIV,TUR,611420
2366182,47,224,7731,2015,0.0,991.0,-1.294823,-1.18811,COG,TUR,611420
2366183,49,224,7731,2015,0.0,34897.0,0.156383,-0.183055,COL,TUR,611420
2366184,54,224,7731,2015,0.0,2794.0,-0.694839,-1.093439,CUB,TUR,611420
2366185,58,224,7731,2015,0.0,31424.0,0.511225,-0.207261,CYP,TUR,611420
2366186,59,224,7731,2015,0.0,30944.0,1.743012,0.45424,CZE,TUR,611420
2366187,61,224,7731,2015,267520.0,5696096.0,2.203818,-2.307561,DEU,TUR,611420
2366188,64,224,7731,2015,11572.0,419855.0,1.157924,1.2045629999999998,DNK,TUR,611420
2366189,65,224,7731,2015,0.0,6724.0,-0.212808,0.395873,DOM,TUR,611420
2366190,66,224,7731,2015,0.0,316747.0,-1.54346,-1.255633,DZA,TUR,611420
2366191,67,224,7731,2015,0.0,12647.0,-0.9845959999999999,-1.075639,ECU,TUR,611420
2366192,68,224,7731,2015,6927922.0,405493.0,-0.183053,1.765036,EGY,TUR,611420
2366193,71,224,7731,2015,494689.0,1281149.0,0.8173590000000001,2.442556,ESP,TUR,611420
2366194,72,224,7731,2015,0.0,116264.0,0.9281149999999999,1.1780389999999998,EST,TUR,611420
2366195,74,224,7731,2015,0.0,80133.0,1.597817,0.998059,FIN,TUR,611420
2366196,77,224,7731,2015,67734.0,597284.0,1.479792,0.6490239999999999,FRA,TUR,611420
2366197,81,224,7731,2015,602629.0,4118123.0,1.7422990000000003,0.75838,GBR,TUR,611420
2366198,82,224,7731,2015,0.0,5383.0,-0.343663,-0.588017,GEO,TUR,611420
2366199,90,224,7731,2015,0.0,182895.0,0.099027,1.012289,GRC,TUR,611420
2366200,97,224,7731,2015,828.0,18638.0,0.8255290000000001,1.8017279999999998,HKG,TUR,611420
2366201,99,224,7731,2015,0.0,2368.0,-0.578635,-0.292053,HND,TUR,611420
2366202,100,224,7731,2015,0.0,74844.0,0.7590140000000001,1.257415,HRV,TUR,611420
2366203,102,224,7731,2015,0.0,13447.0,1.462839,0.803258,HUN,TUR,611420
2366204,103,224,7731,2015,15421.0,69249.0,-0.145103,1.277362,IDN,TUR,611420
2366205,104,224,7731,2015,179848.0,5028.0,0.24230900000000002,2.8190880000000003,IND,TUR,611420
2366206,106,224,7731,2015,0.0,11956.0,1.304942,0.126431,IRL,TUR,611420
2366207,107,224,7731,2015,0.0,54026.0,-0.258946,-0.0073420000000000004,IRN,TUR,611420
2366208,108,224,7731,2015,0.0,208715.0,-1.465803,-0.912113,IRQ,TUR,611420
2366209,109,224,7731,2015,0.0,15934.0,0.24527600000000002,-0.411616,ISL,TUR,611420
2366210,110,224,7731,2015,0.0,674771.0,1.260071,0.545545,ISR,TUR,611420
2366211,111,224,7731,2015,360127.0,524890.0,1.321127,0.747046,ITA,TUR,611420
2366212,113,224,7731,2015,32372.0,141551.0,0.121172,0.457301,JOR,TUR,611420
2366213,114,224,7731,2015,0.0,5479.0,2.516133,-0.484202,JPN,TUR,611420
2366214,115,224,7731,2015,0.0,123912.0,-0.45091499999999995,-0.652026,KAZ,TUR,611420
2366215,116,224,7731,2015,0.0,21831.0,-0.453564,0.433325,KEN,TUR,611420
2366216,117,224,7731,2015,0.0,270945.0,0.02058,0.438692,KGZ,TUR,611420
2366217,118,224,7731,2015,49596.0,0.0,-0.791985,-0.833046,KHM,TUR,611420
2366218,121,224,7731,2015,0.0,3833.0,1.900653,0.859406,KOR,TUR,611420
2366219,122,224,7731,2015,0.0,58982.0,-0.352023,-1.153057,KWT,TUR,611420
2366220,124,224,7731,2015,0.0,377935.0,0.317355,1.330374,LBN,TUR,611420
2366221,126,224,7731,2015,0.0,1091829.0,-1.3257219999999998,-1.260453,LBY,TUR,611420
2366222,128,224,7731,2015,30488.0,0.0,-0.6773399999999999,0.386343,LKA,TUR,611420
2366223,130,224,7731,2015,0.0,145257.0,0.749429,1.3659860000000001,LTU,TUR,611420
2366224,131,224,7731,2015,0.0,9849.0,1.218924,1.247152,LUX,TUR,611420
2366225,132,224,7731,2015,0.0,11708.0,0.602209,1.125357,LVA,TUR,611420
2366226,134,224,7731,2015,72863.0,31671.0,-0.7554810000000001,-0.059697,MAR,TUR,611420
2366227,135,224,7731,2015,0.0,5486.0,-0.313837,-0.20393,MDA,TUR,611420
2366228,138,224,7731,2015,0.0,114081.0,1.169724,0.61457,MEX,TUR,611420
2366229,140,224,7731,2015,0.0,35873.0,-0.09009600000000001,-0.147359,MKD,TUR,611420
2366230,143,224,7731,2015,3745.0,0.0,-1.4596120000000001,-0.903904,MMR,TUR,611420
2366231,144,224,7731,2015,0.0,2290.0,-0.048385000000000004,-0.150759,MNE,TUR,611420
2366232,153,224,7731,2015,0.0,2002.0,1.082803,0.811615,MYS,TUR,611420
2366233,159,224,7731,2015,0.0,2451.0,-1.415451,-1.157829,NGA,TUR,611420
2366234,160,224,7731,2015,0.0,1482.0,-1.102989,-0.952276,NIC,TUR,611420
2366235,162,224,7731,2015,8874.0,352012.0,1.230104,1.27344,NLD,TUR,611420
2366236,163,224,7731,2015,0.0,27439.0,0.950708,0.314339,NOR,TUR,611420
2366237,166,224,7731,2015,0.0,2048.0,0.224598,0.253179,NZL,TUR,611420
2366238,167,224,7731,2015,0.0,2908.0,-0.4699,-1.00451,OMN,TUR,611420
2366239,168,224,7731,2015,34669.0,6442.0,-0.7059979999999999,0.73501,PAK,TUR,611420
2366240,173,224,7731,2015,0.0,23616.0,-0.6007819999999999,0.32152800000000004,PER,TUR,611420
2366241,177,224,7731,2015,0.0,711701.0,1.145844,1.1449280000000002,POL,TUR,611420
2366242,179,224,7731,2015,39700.0,0.0,0.561922,2.2276380000000002,PRT,TUR,611420
2366243,181,224,7731,2015,0.0,1015.0,0.060575,0.5649489999999999,PSE,TUR,611420
2366244,183,224,7731,2015,0.0,82557.0,-0.077053,-0.9922719999999999,QAT,TUR,611420
2366245,185,224,7731,2015,1361.0,76395.0,0.946363,1.056775,ROU,TUR,611420
2366246,186,224,7731,2015,7854.0,320057.0,0.23119,0.035965,RUS,TUR,611420
2366247,188,224,7731,2015,0.0,1138840.0,0.5552520000000001,-0.7263229999999999,SAU,TUR,611420
2366248,190,224,7731,2015,0.0,15542.0,-1.420356,-1.218424,SDN,TUR,611420
2366249,191,224,7731,2015,0.0,7193.0,-0.708349,-0.296663,SEN,TUR,611420
2366250,192,224,7731,2015,0.0,26348.0,2.05613,0.593065,SGP,TUR,611420
2366251,197,224,7731,2015,0.0,2600.0,0.05531900000000001,0.169073,SLV,TUR,611420
2366252,201,224,7731,2015,0.0,135065.0,0.457042,1.324908,SRB,TUR,611420
2366253,205,224,7731,2015,0.0,1066.0,-0.570361,-1.005072,SUR,TUR,611420
2366254,206,224,7731,2015,133204.0,1375134.0,1.287133,0.7900560000000001,SVK,TUR,611420
2366255,207,224,7731,2015,0.0,4867.0,1.6089879999999999,0.833616,SVN,TUR,611420
2366256,208,224,7731,2015,0.0,1686390.0,1.8068349999999997,0.693389,SWE,TUR,611420
2366257,212,224,7731,2015,0.0,109475.0,-0.603532,0.313216,SYR,TUR,611420
2366258,215,224,7731,2015,0.0,3516.0,-0.66925,-0.873554,TGO,TUR,611420
2366259,216,224,7731,2015,6572.0,3050.0,0.965888,1.368572,THA,TUR,611420
2366260,217,224,7731,2015,0.0,34391.0,-1.134216,-1.174245,TJK,TUR,611420
2366261,219,224,7731,2015,0.0,8974.0,-1.546516,-1.315803,TKM,TUR,611420
2366262,223,224,7731,2015,0.0,70634.0,0.140202,0.967591,TUN,TUR,611420
2366263,227,224,7731,2015,0.0,3752.0,-0.611023,0.078961,UGA,TUR,611420
2366264,228,224,7731,2015,0.0,147725.0,0.429879,0.701813,UKR,TUR,611420
2366265,230,224,7731,2015,0.0,17653.0,0.273876,-0.363695,URY,TUR,611420
2366266,231,224,7731,2015,114811.0,1114579.0,1.720478,-0.129322,USA,TUR,611420
2366267,239,224,7731,2015,6837.0,2232.0,-0.17108900000000002,1.10995,VNM,TUR,611420
2366268,243,224,7731,2015,0.0,4419.0,-1.048632,-1.10843,YEM,TUR,611420
2366269,246,224,7731,2015,0.0,2854.0,0.24944699999999997,1.7573159999999999,ZAF,TUR,611420
2366270,249,224,7731,2015,0.0,39151.0,1.962832,1.214982,TWN,TUR,611420
2366271,7,228,7731,2015,42540.0,9359.0,0.21779600000000002,-0.0047420000000000006,ARE,UKR,611420
2366272,15,228,7731,2015,7872.0,1520.0,1.747098,-0.08026699999999999,AUT,UKR,611420
2366273,18,228,7731,2015,2963.0,0.0,1.329866,1.100641,BEL,UKR,611420
2366274,22,228,7731,2015,14953.0,0.0,-1.088465,-0.8745360000000001,BGD,UKR,611420
2366275,23,228,7731,2015,4076.0,0.0,0.45640699999999995,1.691455,BGR,UKR,611420
2366276,28,228,7731,2015,2965.0,0.0,0.672499,0.5584020000000001,BLR,UKR,611420
2366277,41,228,7731,2015,0.0,6114.0,2.306075,0.720781,CHE,UKR,611420
2366278,43,228,7731,2015,53577.0,0.0,1.077143,1.735757,CHN,UKR,611420
2366279,61,228,7731,2015,44025.0,6483.0,2.203818,-2.307561,DEU,UKR,611420
2366280,64,228,7731,2015,16708.0,23611.0,1.157924,1.2045629999999998,DNK,UKR,611420
2366281,71,228,7731,2015,45663.0,0.0,0.8173590000000001,2.442556,ESP,UKR,611420
2366282,77,228,7731,2015,95988.0,5383.0,1.479792,0.6490239999999999,FRA,UKR,611420
2366283,81,228,7731,2015,16478.0,0.0,1.7422990000000003,0.75838,GBR,UKR,611420
2366284,104,228,7731,2015,15719.0,0.0,0.24230900000000002,2.8190880000000003,IND,UKR,611420
2366285,110,228,7731,2015,950.0,0.0,1.260071,0.545545,ISR,UKR,611420
2366286,111,228,7731,2015,47714.0,0.0,1.321127,0.747046,ITA,UKR,611420
2366287,121,228,7731,2015,2311.0,0.0,1.900653,0.859406,KOR,UKR,611420
2366288,128,228,7731,2015,3323.0,0.0,-0.6773399999999999,0.386343,LKA,UKR,611420
2366289,134,228,7731,2015,3494.0,0.0,-0.7554810000000001,-0.059697,MAR,UKR,611420
2366290,163,228,7731,2015,0.0,1223.0,0.950708,0.314339,NOR,UKR,611420
2366291,168,228,7731,2015,10232.0,0.0,-0.7059979999999999,0.73501,PAK,UKR,611420
2366292,177,228,7731,2015,87767.0,27285.0,1.145844,1.1449280000000002,POL,UKR,611420
2366293,179,228,7731,2015,5334.0,0.0,0.561922,2.2276380000000002,PRT,UKR,611420
2366294,185,228,7731,2015,4990.0,0.0,0.946363,1.056775,ROU,UKR,611420
2366295,186,228,7731,2015,988.0,42840.0,0.23119,0.035965,RUS,UKR,611420
2366296,216,228,7731,2015,1887.0,0.0,0.965888,1.368572,THA,UKR,611420
2366297,219,228,7731,2015,0.0,3584.0,-1.546516,-1.315803,TKM,UKR,611420
2366298,224,228,7731,2015,147725.0,0.0,0.438669,2.519632,TUR,UKR,611420
2366299,231,228,7731,2015,0.0,8681.0,1.720478,-0.129322,USA,UKR,611420
2366300,8,230,7731,2015,79999.0,0.0,0.116896,0.30330999999999997,ARG,URY,611420
2366301,22,230,7731,2015,62597.0,0.0,-1.088465,-0.8745360000000001,BGD,URY,611420
2366302,32,230,7731,2015,4587.0,0.0,0.23656799999999997,0.688607,BRA,URY,611420
2366303,42,230,7731,2015,2297.0,0.0,-0.356167,-0.47629399999999994,CHL,URY,611420
2366304,43,230,7731,2015,134780.0,0.0,1.077143,1.735757,CHN,URY,611420
2366305,71,230,7731,2015,35741.0,0.0,0.8173590000000001,2.442556,ESP,URY,611420
2366306,77,230,7731,2015,2063.0,1121.0,1.479792,0.6490239999999999,FRA,URY,611420
2366307,81,230,7731,2015,1066.0,0.0,1.7422990000000003,0.75838,GBR,URY,611420
2366308,93,230,7731,2015,2402.0,1331.0,-0.284403,0.525564,GTM,URY,611420
2366309,103,230,7731,2015,2708.0,0.0,-0.145103,1.277362,IDN,URY,611420
2366310,104,230,7731,2015,394861.0,0.0,0.24230900000000002,2.8190880000000003,IND,URY,611420
2366311,111,230,7731,2015,3878.0,0.0,1.321127,0.747046,ITA,URY,611420
2366312,113,230,7731,2015,1724.0,0.0,0.121172,0.457301,JOR,URY,611420
2366313,118,230,7731,2015,1124.0,0.0,-0.791985,-0.833046,KHM,URY,611420
2366314,134,230,7731,2015,3880.0,0.0,-0.7554810000000001,-0.059697,MAR,URY,611420
2366315,138,230,7731,2015,2546.0,0.0,1.169724,0.61457,MEX,URY,611420
2366316,153,230,7731,2015,949.0,0.0,1.082803,0.811615,MYS,URY,611420
2366317,160,230,7731,2015,973.0,0.0,-1.102989,-0.952276,NIC,URY,611420
2366318,162,230,7731,2015,3217.0,0.0,1.230104,1.27344,NLD,URY,611420
2366319,168,230,7731,2015,3566.0,0.0,-0.7059979999999999,0.73501,PAK,URY,611420
2366320,169,230,7731,2015,276.0,0.0,0.642058,0.833392,PAN,URY,611420
2366321,173,230,7731,2015,9574.0,0.0,-0.6007819999999999,0.32152800000000004,PER,URY,611420
2366322,180,230,7731,2015,0.0,1071.0,-0.471106,-0.9431139999999999,PRY,URY,611420
2366323,223,230,7731,2015,1568.0,0.0,0.140202,0.967591,TUN,URY,611420
2366324,224,230,7731,2015,17653.0,0.0,0.438669,2.519632,TUR,URY,611420
2366325,231,230,7731,2015,3421.0,0.0,1.720478,-0.129322,USA,URY,611420
2366326,239,230,7731,2015,2979.0,0.0,-0.17108900000000002,1.10995,VNM,URY,611420
2366327,0,231,7731,2015,0.0,47293.0,0.8526809999999999,-0.043541,ABW,USA,611420
2366328,2,231,7731,2015,9018.0,38931.0,-1.6542,-1.2598989999999999,AGO,USA,611420
2366329,7,231,7731,2015,8098.0,843569.0,0.21779600000000002,-0.0047420000000000006,ARE,USA,611420
2366330,13,231,7731,2015,0.0,6597.0,0.43318,-0.552045,ATG,USA,611420
2366331,14,231,7731,2015,85651.0,639775.0,-0.292325,-0.043489,AUS,USA,611420
2366332,15,231,7731,2015,4533.0,5511.0,1.747098,-0.08026699999999999,AUT,USA,611420
2366333,18,231,7731,2015,8468.0,23741.0,1.329866,1.100641,BEL,USA,611420
2366334,21,231,7731,2015,0.0,1139.0,-1.085359,-1.034365,BFA,USA,611420
2366335,22,231,7731,2015,12444274.0,876.0,-1.088465,-0.8745360000000001,BGD,USA,611420
2366336,23,231,7731,2015,85273.0,0.0,0.45640699999999995,1.691455,BGR,USA,611420
2366337,24,231,7731,2015,0.0,23430.0,0.36650900000000003,-0.28735,BHR,USA,611420
2366338,25,231,7731,2015,0.0,62147.0,0.669493,-0.37838099999999997,BHS,USA,611420
2366339,26,231,7731,2015,1610.0,0.0,0.355903,0.723092,BIH,USA,611420
2366340,29,231,7731,2015,0.0,2368.0,-0.24283600000000002,-0.577408,BLZ,USA,611420
2366341,30,231,7731,2015,0.0,103575.0,0.974592,-0.636426,BMU,USA,611420
2366342,31,231,7731,2015,0.0,974.0,-1.051562,-1.067714,BOL,USA,611420
2366343,32,231,7731,2015,10792.0,1219891.0,0.23656799999999997,0.688607,BRA,USA,611420
2366344,33,231,7731,2015,657.0,2397.0,0.453689,0.039237,BRB,USA,611420
2366345,34,231,7731,2015,26629.0,0.0,1.093564,-0.679211,BRN,USA,611420
2366346,39,231,7731,2015,2919347.0,7890202.0,0.695867,1.171676,CAN,USA,611420
2366347,41,231,7731,2015,13565.0,26401.0,2.306075,0.720781,CHE,USA,611420
2366348,42,231,7731,2015,1174.0,317485.0,-0.356167,-0.47629399999999994,CHL,USA,611420
2366349,43,231,7731,2015,78121272.0,929341.0,1.077143,1.735757,CHN,USA,611420
2366350,44,231,7731,2015,1424.0,2789.0,-0.856142,-0.905292,CIV,USA,611420
2366351,45,231,7731,2015,0.0,9871.0,-0.924366,-1.040721,CMR,USA,611420
2366352,46,231,7731,2015,0.0,800.0,-1.3921290000000002,-1.146549,COD,USA,611420
2366353,47,231,7731,2015,0.0,3514.0,-1.294823,-1.18811,COG,USA,611420
2366354,49,231,7731,2015,120449.0,168429.0,0.156383,-0.183055,COL,USA,611420
2366355,52,231,7731,2015,108278.0,188710.0,0.24859699999999998,-0.033143,CRI,USA,611420
2366356,55,231,7731,2015,0.0,32831.0,0.296267,-0.6313350000000001,CUW,USA,611420
2366357,57,231,7731,2015,0.0,7735.0,0.275472,-0.831835,CYM,USA,611420
2366358,58,231,7731,2015,0.0,16796.0,0.511225,-0.207261,CYP,USA,611420
2366359,59,231,7731,2015,3974.0,2214.0,1.743012,0.45424,CZE,USA,611420
2366360,61,231,7731,2015,113162.0,558440.0,2.203818,-2.307561,DEU,USA,611420
2366361,64,231,7731,2015,6226.0,45864.0,1.157924,1.2045629999999998,DNK,USA,611420
2366362,65,231,7731,2015,130501.0,16947.0,-0.212808,0.395873,DOM,USA,611420
2366363,67,231,7731,2015,0.0,3572.0,-0.9845959999999999,-1.075639,ECU,USA,611420
2366364,68,231,7731,2015,1064011.0,0.0,-0.183053,1.765036,EGY,USA,611420
2366365,71,231,7731,2015,1053270.0,56475.0,0.8173590000000001,2.442556,ESP,USA,611420
2366366,74,231,7731,2015,0.0,3712.0,1.597817,0.998059,FIN,USA,611420
2366367,75,231,7731,2015,0.0,55414.0,-0.481968,-0.201468,FJI,USA,611420
2366368,77,231,7731,2015,360046.0,44821.0,1.479792,0.6490239999999999,FRA,USA,611420
2366369,79,231,7731,2015,0.0,7934.0,-0.39153000000000004,-0.8570479999999999,FSM,USA,611420
2366370,81,231,7731,2015,1782795.0,866989.0,1.7422990000000003,0.75838,GBR,USA,611420
2366371,83,231,7731,2015,93229.0,13315.0,-0.750568,-0.690257,GHA,USA,611420
2366372,89,231,7731,2015,0.0,23167.0,-1.585577,-0.9044979999999999,GNQ,USA,611420
2366373,90,231,7731,2015,1487.0,34743.0,0.099027,1.012289,GRC,USA,611420
2366374,91,231,7731,2015,0.0,12102.0,0.296552,-0.335908,GRD,USA,611420
2366375,93,231,7731,2015,53117756.0,67230.0,-0.284403,0.525564,GTM,USA,611420
2366376,96,231,7731,2015,4464.0,3697.0,-1.018758,-1.056085,GUY,USA,611420
2366377,97,231,7731,2015,656309.0,202255.0,0.8255290000000001,1.8017279999999998,HKG,USA,611420
2366378,99,231,7731,2015,1959805.0,24086.0,-0.578635,-0.292053,HND,USA,611420
2366379,101,231,7731,2015,2146702.0,3241.0,-1.288246,-1.018979,HTI,USA,611420
2366380,102,231,7731,2015,28546.0,1091.0,1.462839,0.803258,HUN,USA,611420
2366381,103,231,7731,2015,18618704.0,0.0,-0.145103,1.277362,IDN,USA,611420
2366382,104,231,7731,2015,71456952.0,30585.0,0.24230900000000002,2.8190880000000003,IND,USA,611420
2366383,106,231,7731,2015,2267.0,39222.0,1.304942,0.126431,IRL,USA,611420
2366384,108,231,7731,2015,0.0,57976.0,-1.465803,-0.912113,IRQ,USA,611420
2366385,109,231,7731,2015,0.0,2687.0,0.24527600000000002,-0.411616,ISL,USA,611420
2366386,110,231,7731,2015,173206.0,40775.0,1.260071,0.545545,ISR,USA,611420
2366387,111,231,7731,2015,1060207.0,216132.0,1.321127,0.747046,ITA,USA,611420
2366388,112,231,7731,2015,10178.0,30869.0,-0.438267,-0.828097,JAM,USA,611420
2366389,113,231,7731,2015,4438362.0,82912.0,0.121172,0.457301,JOR,USA,611420
2366390,114,231,7731,2015,79659.0,1692260.0,2.516133,-0.484202,JPN,USA,611420
2366391,116,231,7731,2015,129991.0,0.0,-0.453564,0.433325,KEN,USA,611420
2366392,117,231,7731,2015,0.0,1980.0,0.02058,0.438692,KGZ,USA,611420
2366393,118,231,7731,2015,16260605.0,0.0,-0.791985,-0.833046,KHM,USA,611420
2366394,120,231,7731,2015,0.0,20128.0,0.8252430000000001,-0.436662,KNA,USA,611420
2366395,121,231,7731,2015,115700.0,1542765.0,1.900653,0.859406,KOR,USA,611420
2366396,122,231,7731,2015,0.0,36385.0,-0.352023,-1.153057,KWT,USA,611420
2366397,123,231,7731,2015,7811.0,0.0,-0.927524,-0.74525,LAO,USA,611420
2366398,124,231,7731,2015,0.0,15072.0,0.317355,1.330374,LBN,USA,611420
2366399,128,231,7731,2015,3882484.0,0.0,-0.6773399999999999,0.386343,LKA,USA,611420
2366400,129,231,7731,2015,60084.0,0.0,-0.910168,-0.870865,LSO,USA,611420
2366401,131,231,7731,2015,0.0,1206.0,1.218924,1.247152,LUX,USA,611420
2366402,133,231,7731,2015,3844.0,18469.0,0.296288,0.32009499999999996,MAC,USA,611420
2366403,134,231,7731,2015,507719.0,35926.0,-0.7554810000000001,-0.059697,MAR,USA,611420
2366404,138,231,7731,2015,9092459.0,3316794.0,1.169724,0.61457,MEX,USA,611420
2366405,143,231,7731,2015,190834.0,0.0,-1.4596120000000001,-0.903904,MMR,USA,611420
2366406,151,231,7731,2015,397088.0,0.0,-0.231762,-0.195051,MUS,USA,611420
2366407,153,231,7731,2015,52896.0,6259.0,1.082803,0.811615,MYS,USA,611420
2366408,156,231,7731,2015,0.0,15165.0,-0.727911,-0.844562,NCL,USA,611420
2366409,160,231,7731,2015,36187888.0,12804.0,-1.102989,-0.952276,NIC,USA,611420
2366410,162,231,7731,2015,10170.0,72153.0,1.230104,1.27344,NLD,USA,611420
2366411,163,231,7731,2015,43115.0,23470.0,0.950708,0.314339,NOR,USA,611420
2366412,164,231,7731,2015,39820.0,0.0,-0.290416,0.456716,NPL,USA,611420
2366413,166,231,7731,2015,7368.0,27936.0,0.224598,0.253179,NZL,USA,611420
2366414,167,231,7731,2015,0.0,2509.0,-0.4699,-1.00451,OMN,USA,611420
2366415,168,231,7731,2015,3282256.0,0.0,-0.7059979999999999,0.73501,PAK,USA,611420
2366416,169,231,7731,2015,0.0,339060.0,0.642058,0.833392,PAN,USA,611420
2366417,173,231,7731,2015,3254004.0,83150.0,-0.6007819999999999,0.32152800000000004,PER,USA,611420
2366418,174,231,7731,2015,3004037.0,2830.0,0.6406270000000001,0.45770200000000005,PHL,USA,611420
2366419,177,231,7731,2015,81706.0,8699.0,1.145844,1.1449280000000002,POL,USA,611420
2366420,179,231,7731,2015,231132.0,7728.0,0.561922,2.2276380000000002,PRT,USA,611420
2366421,182,231,7731,2015,0.0,5105.0,-0.301696,-0.795154,PYF,USA,611420
2366422,183,231,7731,2015,0.0,18171.0,-0.077053,-0.9922719999999999,QAT,USA,611420
2366423,185,231,7731,2015,20972.0,0.0,0.946363,1.056775,ROU,USA,611420
2366424,186,231,7731,2015,1446.0,6153.0,0.23119,0.035965,RUS,USA,611420
2366425,187,231,7731,2015,0.0,15203.0,-0.755738,-0.4423,RWA,USA,611420
2366426,188,231,7731,2015,0.0,22612.0,0.5552520000000001,-0.7263229999999999,SAU,USA,611420
2366427,192,231,7731,2015,16503.0,771055.0,2.05613,0.593065,SGP,USA,611420
2366428,197,231,7731,2015,644028.0,74498.0,0.05531900000000001,0.169073,SLV,USA,611420
2366429,201,231,7731,2015,4206.0,0.0,0.457042,1.324908,SRB,USA,611420
2366430,205,231,7731,2015,0.0,159719.0,-0.570361,-1.005072,SUR,USA,611420
2366431,206,231,7731,2015,74216.0,0.0,1.287133,0.7900560000000001,SVK,USA,611420
2366432,207,231,7731,2015,1011.0,0.0,1.6089879999999999,0.833616,SVN,USA,611420
2366433,208,231,7731,2015,23270.0,441761.0,1.8068349999999997,0.693389,SWE,USA,611420
2366434,216,231,7731,2015,4584148.0,5432.0,0.965888,1.368572,THA,USA,611420
2366435,222,231,7731,2015,0.0,32454.0,-0.462837,-1.117621,TTO,USA,611420
2366436,223,231,7731,2015,76853.0,0.0,0.140202,0.967591,TUN,USA,611420
2366437,224,231,7731,2015,1114579.0,114811.0,0.438669,2.519632,TUR,USA,611420
2366438,228,231,7731,2015,8681.0,0.0,0.429879,0.701813,UKR,USA,611420
2366439,230,231,7731,2015,0.0,3421.0,0.273876,-0.363695,URY,USA,611420
2366440,234,231,7731,2015,0.0,3333.0,0.087811,-0.35481999999999997,VCT,USA,611420
2366441,236,231,7731,2015,0.0,485880.0,-0.9249129999999999,-1.1877280000000001,VEN,USA,611420
2366442,237,231,7731,2015,0.0,6000.0,0.914493,-0.31357399999999996,VGB,USA,611420
2366443,239,231,7731,2015,83508536.0,0.0,-0.17108900000000002,1.10995,VNM,USA,611420
2366444,246,231,7731,2015,2209.0,4673.0,0.24944699999999997,1.7573159999999999,ZAF,USA,611420
2366445,249,231,7731,2015,249487.0,3432.0,1.962832,1.214982,TWN,USA,611420
2366446,43,236,7731,2015,239793.0,0.0,1.077143,1.735757,CHN,VEN,611420
2366447,49,236,7731,2015,78381.0,0.0,0.156383,-0.183055,COL,VEN,611420
2366448,71,236,7731,2015,90387.0,1913.0,0.8173590000000001,2.442556,ESP,VEN,611420
2366449,77,236,7731,2015,0.0,5607.0,1.479792,0.6490239999999999,FRA,VEN,611420
2366450,104,236,7731,2015,2653448.0,0.0,0.24230900000000002,2.8190880000000003,IND,VEN,611420
2366451,106,236,7731,2015,0.0,1806.0,1.304942,0.126431,IRL,VEN,611420
2366452,111,236,7731,2015,15955.0,0.0,1.321127,0.747046,ITA,VEN,611420
2366453,166,236,7731,2015,2673.0,0.0,0.224598,0.253179,NZL,VEN,611420
2366454,169,236,7731,2015,35300.0,0.0,0.642058,0.833392,PAN,VEN,611420
2366455,173,236,7731,2015,198407.0,0.0,-0.6007819999999999,0.32152800000000004,PER,VEN,611420
2366456,231,236,7731,2015,485880.0,0.0,1.720478,-0.129322,USA,VEN,611420
2366457,7,243,7731,2015,90441.0,0.0,0.21779600000000002,-0.0047420000000000006,ARE,YEM,611420
2366458,104,243,7731,2015,1867.0,0.0,0.24230900000000002,2.8190880000000003,IND,YEM,611420
2366459,224,243,7731,2015,4419.0,0.0,0.438669,2.519632,TUR,YEM,611420
2366460,7,246,7731,2015,91265.0,7016.0,0.21779600000000002,-0.0047420000000000006,ARE,ZAF,611420
2366461,14,246,7731,2015,2554.0,0.0,-0.292325,-0.043489,AUS,ZAF,611420
2366462,22,246,7731,2015,36907.0,0.0,-1.088465,-0.8745360000000001,BGD,ZAF,611420
2366463,37,246,7731,2015,4592.0,125693.0,-0.14164200000000002,-1.0372059999999999,BWA,ZAF,611420
2366464,39,246,7731,2015,13052.0,0.0,0.695867,1.171676,CAN,ZAF,611420
2366465,41,246,7731,2015,1222.0,0.0,2.306075,0.720781,CHE,ZAF,611420
2366466,43,246,7731,2015,623778.0,0.0,1.077143,1.735757,CHN,ZAF,611420
2366467,46,246,7731,2015,0.0,25703.0,-1.3921290000000002,-1.146549,COD,ZAF,611420
2366468,61,246,7731,2015,7290.0,0.0,2.203818,-2.307561,DEU,ZAF,611420
2366469,64,246,7731,2015,4602.0,0.0,1.157924,1.2045629999999998,DNK,ZAF,611420
2366470,71,246,7731,2015,24486.0,0.0,0.8173590000000001,2.442556,ESP,ZAF,611420
2366471,77,246,7731,2015,109044.0,918.0,1.479792,0.6490239999999999,FRA,ZAF,611420
2366472,81,246,7731,2015,56129.0,2905.0,1.7422990000000003,0.75838,GBR,ZAF,611420
2366473,83,246,7731,2015,0.0,13383.0,-0.750568,-0.690257,GHA,ZAF,611420
2366474,97,246,7731,2015,30949.0,0.0,0.8255290000000001,1.8017279999999998,HKG,ZAF,611420
2366475,103,246,7731,2015,3251.0,0.0,-0.145103,1.277362,IDN,ZAF,611420
2366476,104,246,7731,2015,1423394.0,0.0,0.24230900000000002,2.8190880000000003,IND,ZAF,611420
2366477,106,246,7731,2015,7112.0,2992.0,1.304942,0.126431,IRL,ZAF,611420
2366478,111,246,7731,2015,117833.0,0.0,1.321127,0.747046,ITA,ZAF,611420
2366479,116,246,7731,2015,7830.0,1420.0,-0.453564,0.433325,KEN,ZAF,611420
2366480,118,246,7731,2015,7015.0,0.0,-0.791985,-0.833046,KHM,ZAF,611420
2366481,128,246,7731,2015,1149.0,0.0,-0.6773399999999999,0.386343,LKA,ZAF,611420
2366482,129,246,7731,2015,26926.0,71169.0,-0.910168,-0.870865,LSO,ZAF,611420
2366483,134,246,7731,2015,3497.0,0.0,-0.7554810000000001,-0.059697,MAR,ZAF,611420
2366484,136,246,7731,2015,174294.0,0.0,-1.15947,-0.497217,MDG,ZAF,611420
2366485,147,246,7731,2015,0.0,7055.0,-1.293809,-1.115069,MOZ,ZAF,611420
2366486,151,246,7731,2015,26871.0,2008.0,-0.231762,-0.195051,MUS,ZAF,611420
2366487,152,246,7731,2015,0.0,4333.0,-0.549862,-0.8753190000000001,MWI,ZAF,611420
2366488,153,246,7731,2015,14054.0,0.0,1.082803,0.811615,MYS,ZAF,611420
2366489,155,246,7731,2015,0.0,408819.0,-0.43457399999999996,-0.665655,NAM,ZAF,611420
2366490,159,246,7731,2015,0.0,5675.0,-1.415451,-1.157829,NGA,ZAF,611420
2366491,162,246,7731,2015,1319.0,2085.0,1.230104,1.27344,NLD,ZAF,611420
2366492,168,246,7731,2015,29846.0,0.0,-0.7059979999999999,0.73501,PAK,ZAF,611420
2366493,174,246,7731,2015,0.0,2612.0,0.6406270000000001,0.45770200000000005,PHL,ZAF,611420
2366494,179,246,7731,2015,2196.0,0.0,0.561922,2.2276380000000002,PRT,ZAF,611420
2366495,186,246,7731,2015,0.0,3338.0,0.23119,0.035965,RUS,ZAF,611420
2366496,208,246,7731,2015,0.0,1183.0,1.8068349999999997,0.693389,SWE,ZAF,611420
2366497,209,246,7731,2015,0.0,42176.0,0.257467,-0.402491,SWZ,ZAF,611420
2366498,211,246,7731,2015,0.0,10966.0,1.017467,-0.285569,SYC,ZAF,611420
2366499,216,246,7731,2015,10083.0,0.0,0.965888,1.368572,THA,ZAF,611420
2366500,224,246,7731,2015,2854.0,0.0,0.438669,2.519632,TUR,ZAF,611420
2366501,226,246,7731,2015,8101.0,0.0,-1.02395,-0.017509999999999998,TZA,ZAF,611420
2366502,231,246,7731,2015,4673.0,2209.0,1.720478,-0.129322,USA,ZAF,611420
2366503,239,246,7731,2015,43461.0,0.0,-0.17108900000000002,1.10995,VNM,ZAF,611420
2366504,247,246,7731,2015,0.0,57435.0,-0.44792,-0.769586,ZMB,ZAF,611420
2366505,248,246,7731,2015,0.0,6421.0,-0.838017,-0.9400270000000001,ZWE,ZAF,611420
2366506,250,246,7731,2015,0.0,1390.0,0.377283,-0.092204,ANS,ZAF,611420
2366507,7,249,7731,2015,0.0,8912.0,0.21779600000000002,-0.0047420000000000006,ARE,TWN,611420
2366508,14,249,7731,2015,8039.0,35739.0,-0.292325,-0.043489,AUS,TWN,611420
2366509,15,249,7731,2015,0.0,8050.0,1.747098,-0.08026699999999999,AUT,TWN,611420
2366510,18,249,7731,2015,101716.0,0.0,1.329866,1.100641,BEL,TWN,611420
2366511,22,249,7731,2015,12102.0,0.0,-1.088465,-0.8745360000000001,BGD,TWN,611420
2366512,23,249,7731,2015,12868.0,0.0,0.45640699999999995,1.691455,BGR,TWN,611420
2366513,32,249,7731,2015,0.0,29913.0,0.23656799999999997,0.688607,BRA,TWN,611420
2366514,34,249,7731,2015,0.0,4294.0,1.093564,-0.679211,BRN,TWN,611420
2366515,39,249,7731,2015,1319.0,147938.0,0.695867,1.171676,CAN,TWN,611420
2366516,41,249,7731,2015,7166.0,3813.0,2.306075,0.720781,CHE,TWN,611420
2366517,43,249,7731,2015,390380.0,245898.0,1.077143,1.735757,CHN,TWN,611420
2366518,61,249,7731,2015,7127.0,4662.0,2.203818,-2.307561,DEU,TWN,611420
2366519,71,249,7731,2015,130052.0,0.0,0.8173590000000001,2.442556,ESP,TWN,611420
2366520,74,249,7731,2015,2348.0,1724.0,1.597817,0.998059,FIN,TWN,611420
2366521,77,249,7731,2015,66152.0,12298.0,1.479792,0.6490239999999999,FRA,TWN,611420
2366522,81,249,7731,2015,23012.0,2117.0,1.7422990000000003,0.75838,GBR,TWN,611420
2366523,97,249,7731,2015,130452.0,16680.0,0.8255290000000001,1.8017279999999998,HKG,TWN,611420
2366524,103,249,7731,2015,112210.0,49250.0,-0.145103,1.277362,IDN,TWN,611420
2366525,104,249,7731,2015,74226.0,0.0,0.24230900000000002,2.8190880000000003,IND,TWN,611420
2366526,106,249,7731,2015,0.0,2431.0,1.304942,0.126431,IRL,TWN,611420
2366527,111,249,7731,2015,274829.0,1389.0,1.321127,0.747046,ITA,TWN,611420
2366528,113,249,7731,2015,96386.0,0.0,0.121172,0.457301,JOR,TWN,611420
2366529,114,249,7731,2015,44579.0,1924.0,2.516133,-0.484202,JPN,TWN,611420
2366530,118,249,7731,2015,4589.0,0.0,-0.791985,-0.833046,KHM,TWN,611420
2366531,121,249,7731,2015,6555.0,0.0,1.900653,0.859406,KOR,TWN,611420
2366532,122,249,7731,2015,0.0,8548.0,-0.352023,-1.153057,KWT,TWN,611420
2366533,128,249,7731,2015,2581.0,0.0,-0.6773399999999999,0.386343,LKA,TWN,611420
2366534,133,249,7731,2015,0.0,1538.0,0.296288,0.32009499999999996,MAC,TWN,611420
2366535,134,249,7731,2015,15111.0,0.0,-0.7554810000000001,-0.059697,MAR,TWN,611420
2366536,138,249,7731,2015,2179.0,0.0,1.169724,0.61457,MEX,TWN,611420
2366537,153,249,7731,2015,9700.0,143978.0,1.082803,0.811615,MYS,TWN,611420
2366538,162,249,7731,2015,2182.0,1056.0,1.230104,1.27344,NLD,TWN,611420
2366539,167,249,7731,2015,0.0,16552.0,-0.4699,-1.00451,OMN,TWN,611420
2366540,168,249,7731,2015,13222.0,0.0,-0.7059979999999999,0.73501,PAK,TWN,611420
2366541,174,249,7731,2015,2292.0,14343.0,0.6406270000000001,0.45770200000000005,PHL,TWN,611420
2366542,179,249,7731,2015,10670.0,0.0,0.561922,2.2276380000000002,PRT,TWN,611420
2366543,183,249,7731,2015,0.0,10617.0,-0.077053,-0.9922719999999999,QAT,TWN,611420
2366544,188,249,7731,2015,0.0,1857882.0,0.5552520000000001,-0.7263229999999999,SAU,TWN,611420
2366545,192,249,7731,2015,44318.0,32352.0,2.05613,0.593065,SGP,TWN,611420
2366546,195,249,7731,2015,0.0,2639.0,-1.167451,-0.931206,SLB,TWN,611420
2366547,206,249,7731,2015,0.0,1617.0,1.287133,0.7900560000000001,SVK,TWN,611420
2366548,208,249,7731,2015,0.0,6956.0,1.8068349999999997,0.693389,SWE,TWN,611420
2366549,216,249,7731,2015,34807.0,46353.0,0.965888,1.368572,THA,TWN,611420
2366550,224,249,7731,2015,39151.0,0.0,0.438669,2.519632,TUR,TWN,611420
2366551,231,249,7731,2015,3432.0,249487.0,1.720478,-0.129322,USA,TWN,611420
2366552,239,249,7731,2015,92058.0,0.0,-0.17108900000000002,1.10995,VNM,TWN,611420
2366553,0,250,7731,2015,0.0,6040.0,0.8526809999999999,-0.043541,ABW,ANS,611420
2366554,7,250,7731,2015,148030.0,789.0,0.21779600000000002,-0.0047420000000000006,ARE,ANS,611420
2366555,22,250,7731,2015,2659.0,0.0,-1.088465,-0.8745360000000001,BGD,ANS,611420
2366556,25,250,7731,2015,0.0,7631.0,0.669493,-0.37838099999999997,BHS,ANS,611420
2366557,42,250,7731,2015,0.0,592702.0,-0.356167,-0.47629399999999994,CHL,ANS,611420
2366558,44,250,7731,2015,0.0,38519.0,-0.856142,-0.905292,CIV,ANS,611420
2366559,47,250,7731,2015,0.0,107547.0,-1.294823,-1.18811,COG,ANS,611420
2366560,61,250,7731,2015,2467.0,0.0,2.203818,-2.307561,DEU,ANS,611420
2366561,71,250,7731,2015,0.0,46130.0,0.8173590000000001,2.442556,ESP,ANS,611420
2366562,77,250,7731,2015,0.0,195805.0,1.479792,0.6490239999999999,FRA,ANS,611420
2366563,97,250,7731,2015,7130.0,0.0,0.8255290000000001,1.8017279999999998,HKG,ANS,611420
2366564,100,250,7731,2015,28270.0,0.0,0.7590140000000001,1.257415,HRV,ANS,611420
2366565,104,250,7731,2015,271185.0,0.0,0.24230900000000002,2.8190880000000003,IND,ANS,611420
2366566,106,250,7731,2015,0.0,6370.0,1.304942,0.126431,IRL,ANS,611420
2366567,111,250,7731,2015,10498.0,0.0,1.321127,0.747046,ITA,ANS,611420
2366568,113,250,7731,2015,214143.0,0.0,0.121172,0.457301,JOR,ANS,611420
2366569,131,250,7731,2015,0.0,372612.0,1.218924,1.247152,LUX,ANS,611420
2366570,144,250,7731,2015,0.0,3038.0,-0.048385000000000004,-0.150759,MNE,ANS,611420
2366571,156,250,7731,2015,1684.0,0.0,-0.727911,-0.844562,NCL,ANS,611420
2366572,162,250,7731,2015,1702.0,7929.0,1.230104,1.27344,NLD,ANS,611420
2366573,169,250,7731,2015,2780.0,0.0,0.642058,0.833392,PAN,ANS,611420
2366574,177,250,7731,2015,0.0,4776.0,1.145844,1.1449280000000002,POL,ANS,611420
2366575,186,250,7731,2015,0.0,443.0,0.23119,0.035965,RUS,ANS,611420
2366576,206,250,7731,2015,0.0,14359.0,1.287133,0.7900560000000001,SVK,ANS,611420
2366577,216,250,7731,2015,5387.0,0.0,0.965888,1.368572,THA,ANS,611420
2366578,246,250,7731,2015,1390.0,0.0,0.24944699999999997,1.7573159999999999,ZAF,ANS,611420
2366579,7,2,7731,2015,58223.0,0.0,0.21779600000000002,-0.0047420000000000006,ARE,AGO,611420
2366580,14,2,7731,2015,1320.0,0.0,-0.292325,-0.043489,AUS,AGO,611420
2366581,32,2,7731,2015,7909.0,0.0,0.23656799999999997,0.688607,BRA,AGO,611420
2366582,43,2,7731,2015,93089.0,0.0,1.077143,1.735757,CHN,AGO,611420
2366583,61,2,7731,2015,3046.0,0.0,2.203818,-2.307561,DEU,AGO,611420
2366584,71,2,7731,2015,2853.0,0.0,0.8173590000000001,2.442556,ESP,AGO,611420
2366585,77,2,7731,2015,71948.0,0.0,1.479792,0.6490239999999999,FRA,AGO,611420
2366586,81,2,7731,2015,27009.0,0.0,1.7422990000000003,0.75838,GBR,AGO,611420
2366587,104,2,7731,2015,24599.0,0.0,0.24230900000000002,2.8190880000000003,IND,AGO,611420
2366588,111,2,7731,2015,41472.0,0.0,1.321127,0.747046,ITA,AGO,611420
2366589,155,2,7731,2015,9828.0,5687.0,-0.43457399999999996,-0.665655,NAM,AGO,611420
2366590,179,2,7731,2015,516797.0,0.0,0.561922,2.2276380000000002,PRT,AGO,611420
2366591,192,2,7731,2015,4281.0,0.0,2.05613,0.593065,SGP,AGO,611420
2366592,231,2,7731,2015,38931.0,9018.0,1.720478,-0.129322,USA,AGO,611420
2366593,7,9,7731,2015,734187.0,1440.0,0.21779600000000002,-0.0047420000000000006,ARE,ARM,611420
2366594,22,9,7731,2015,3683.0,0.0,-1.088465,-0.8745360000000001,BGD,ARM,611420
2366595,39,9,7731,2015,1340.0,0.0,0.695867,1.171676,CAN,ARM,611420
2366596,43,9,7731,2015,9647.0,0.0,1.077143,1.735757,CHN,ARM,611420
2366597,61,9,7731,2015,6936.0,0.0,2.203818,-2.307561,DEU,ARM,611420
2366598,71,9,7731,2015,9088.0,0.0,0.8173590000000001,2.442556,ESP,ARM,611420
2366599,77,9,7731,2015,21099.0,0.0,1.479792,0.6490239999999999,FRA,ARM,611420
2366600,81,9,7731,2015,10446.0,0.0,1.7422990000000003,0.75838,GBR,ARM,611420
2366601,82,9,7731,2015,4291.0,0.0,-0.343663,-0.588017,GEO,ARM,611420
2366602,104,9,7731,2015,181496.0,0.0,0.24230900000000002,2.8190880000000003,IND,ARM,611420
2366603,111,9,7731,2015,13714.0,0.0,1.321127,0.747046,ITA,ARM,611420
2366604,118,9,7731,2015,2265.0,0.0,-0.791985,-0.833046,KHM,ARM,611420
2366605,128,9,7731,2015,1807.0,0.0,-0.6773399999999999,0.386343,LKA,ARM,611420
2366606,134,9,7731,2015,2753.0,0.0,-0.7554810000000001,-0.059697,MAR,ARM,611420
2366607,177,9,7731,2015,7032.0,0.0,1.145844,1.1449280000000002,POL,ARM,611420
2366608,179,9,7731,2015,3659.0,0.0,0.561922,2.2276380000000002,PRT,ARM,611420
2366609,186,9,7731,2015,1329.0,0.0,0.23119,0.035965,RUS,ARM,611420
2366610,224,9,7731,2015,16.0,0.0,0.438669,2.519632,TUR,ARM,611420
2366611,239,9,7731,2015,1123.0,0.0,-0.17108900000000002,1.10995,VNM,ARM,611420
2366612,2,14,7731,2015,0.0,1320.0,-1.6542,-1.2598989999999999,AGO,AUS,611420
2366613,7,14,7731,2015,11674.0,5344.0,0.21779600000000002,-0.0047420000000000006,ARE,AUS,611420
2366614,15,14,7731,2015,3048.0,5021.0,1.747098,-0.08026699999999999,AUT,AUS,611420
2366615,18,14,7731,2015,0.0,12953.0,1.329866,1.100641,BEL,AUS,611420
2366616,22,14,7731,2015,21278840.0,3460.0,-1.088465,-0.8745360000000001,BGD,AUS,611420
2366617,23,14,7731,2015,11096.0,0.0,0.45640699999999995,1.691455,BGR,AUS,611420
2366618,32,14,7731,2015,5201.0,0.0,0.23656799999999997,0.688607,BRA,AUS,611420
2366619,34,14,7731,2015,0.0,3639.0,1.093564,-0.679211,BRN,AUS,611420
2366620,39,14,7731,2015,6200.0,18080.0,0.695867,1.171676,CAN,AUS,611420
2366621,41,14,7731,2015,5418.0,3359.0,2.306075,0.720781,CHE,AUS,611420
2366622,42,14,7731,2015,0.0,19925.0,-0.356167,-0.47629399999999994,CHL,AUS,611420
2366623,43,14,7731,2015,19983934.0,24916.0,1.077143,1.735757,CHN,AUS,611420
2366624,48,14,7731,2015,0.0,3771.0,0.388457,-0.682666,COK,AUS,611420
2366625,59,14,7731,2015,2657.0,2881.0,1.743012,0.45424,CZE,AUS,611420
2366626,61,14,7731,2015,16066.0,7750.0,2.203818,-2.307561,DEU,AUS,611420
2366627,64,14,7731,2015,15937.0,1119.0,1.157924,1.2045629999999998,DNK,AUS,611420
2366628,71,14,7731,2015,154030.0,3015.0,0.8173590000000001,2.442556,ESP,AUS,611420
2366629,73,14,7731,2015,0.0,556.0,-1.004896,-0.721019,ETH,AUS,611420
2366630,75,14,7731,2015,2401153.0,4002.0,-0.481968,-0.201468,FJI,AUS,611420
2366631,77,14,7731,2015,143164.0,16413.0,1.479792,0.6490239999999999,FRA,AUS,611420
2366632,81,14,7731,2015,253875.0,88891.0,1.7422990000000003,0.75838,GBR,AUS,611420
2366633,90,14,7731,2015,16680.0,0.0,0.099027,1.012289,GRC,AUS,611420
2366634,97,14,7731,2015,461884.0,46176.0,0.8255290000000001,1.8017279999999998,HKG,AUS,611420
2366635,99,14,7731,2015,1485.0,0.0,-0.578635,-0.292053,HND,AUS,611420
2366636,103,14,7731,2015,228425.0,1432.0,-0.145103,1.277362,IDN,AUS,611420
2366637,104,14,7731,2015,2640587.0,0.0,0.24230900000000002,2.8190880000000003,IND,AUS,611420
2366638,106,14,7731,2015,0.0,10925.0,1.304942,0.126431,IRL,AUS,611420
2366639,110,14,7731,2015,1633.0,12320.0,1.260071,0.545545,ISR,AUS,611420
2366640,111,14,7731,2015,19902.0,4123.0,1.321127,0.747046,ITA,AUS,611420
2366641,113,14,7731,2015,31014.0,0.0,0.121172,0.457301,JOR,AUS,611420
2366642,114,14,7731,2015,10052.0,19415.0,2.516133,-0.484202,JPN,AUS,611420
2366643,118,14,7731,2015,716313.0,0.0,-0.791985,-0.833046,KHM,AUS,611420
2366644,121,14,7731,2015,149027.0,205873.0,1.900653,0.859406,KOR,AUS,611420
2366645,125,14,7731,2015,0.0,2271.0,-1.087459,-1.195708,LBR,AUS,611420
2366646,128,14,7731,2015,160196.0,0.0,-0.6773399999999999,0.386343,LKA,AUS,611420
2366647,134,14,7731,2015,3786.0,0.0,-0.7554810000000001,-0.059697,MAR,AUS,611420
2366648,136,14,7731,2015,15487.0,0.0,-1.15947,-0.497217,MDG,AUS,611420
2366649,138,14,7731,2015,36560.0,0.0,1.169724,0.61457,MEX,AUS,611420
2366650,151,14,7731,2015,61936.0,0.0,-0.231762,-0.195051,MUS,AUS,611420
2366651,153,14,7731,2015,329519.0,16672.0,1.082803,0.811615,MYS,AUS,611420
2366652,156,14,7731,2015,0.0,92465.0,-0.727911,-0.844562,NCL,AUS,611420
2366653,162,14,7731,2015,980.0,22424.0,1.230104,1.27344,NLD,AUS,611420
2366654,163,14,7731,2015,4424.0,977.0,0.950708,0.314339,NOR,AUS,611420
2366655,164,14,7731,2015,4421.0,0.0,-0.290416,0.456716,NPL,AUS,611420
2366656,166,14,7731,2015,325025.0,2345185.0,0.224598,0.253179,NZL,AUS,611420
2366657,168,14,7731,2015,99103.0,0.0,-0.7059979999999999,0.73501,PAK,AUS,611420
2366658,173,14,7731,2015,60327.0,0.0,-0.6007819999999999,0.32152800000000004,PER,AUS,611420
2366659,174,14,7731,2015,9882.0,0.0,0.6406270000000001,0.45770200000000005,PHL,AUS,611420
2366660,176,14,7731,2015,0.0,162519.0,-1.710939,-1.266333,PNG,AUS,611420
2366661,177,14,7731,2015,9758.0,0.0,1.145844,1.1449280000000002,POL,AUS,611420
2366662,179,14,7731,2015,42755.0,0.0,0.561922,2.2276380000000002,PRT,AUS,611420
2366663,182,14,7731,2015,0.0,2970.0,-0.301696,-0.795154,PYF,AUS,611420
2366664,183,14,7731,2015,0.0,5452.0,-0.077053,-0.9922719999999999,QAT,AUS,611420
2366665,192,14,7731,2015,103473.0,179852.0,2.05613,0.593065,SGP,AUS,611420
2366666,196,14,7731,2015,0.0,2145.0,0.072324,-0.255235,SLE,AUS,611420
2366667,208,14,7731,2015,4128.0,55691.0,1.8068349999999997,0.693389,SWE,AUS,611420
2366668,216,14,7731,2015,133748.0,1179.0,0.965888,1.368572,THA,AUS,611420
2366669,223,14,7731,2015,4541.0,0.0,0.140202,0.967591,TUN,AUS,611420
2366670,224,14,7731,2015,39641.0,3350.0,0.438669,2.519632,TUR,AUS,611420
2366671,231,14,7731,2015,639775.0,85651.0,1.720478,-0.129322,USA,AUS,611420
2366672,239,14,7731,2015,958709.0,0.0,-0.17108900000000002,1.10995,VNM,AUS,611420
2366673,246,14,7731,2015,0.0,2554.0,0.24944699999999997,1.7573159999999999,ZAF,AUS,611420
2366674,249,14,7731,2015,35739.0,8039.0,1.962832,1.214982,TWN,AUS,611420
2366675,7,16,7731,2015,115702.0,0.0,0.21779600000000002,-0.0047420000000000006,ARE,AZE,611420
2366676,43,16,7731,2015,111367.0,0.0,1.077143,1.735757,CHN,AZE,611420
2366677,61,16,7731,2015,14686.0,0.0,2.203818,-2.307561,DEU,AZE,611420
2366678,71,16,7731,2015,18035.0,0.0,0.8173590000000001,2.442556,ESP,AZE,611420
2366679,77,16,7731,2015,52356.0,0.0,1.479792,0.6490239999999999,FRA,AZE,611420
2366680,81,16,7731,2015,105090.0,0.0,1.7422990000000003,0.75838,GBR,AZE,611420
2366681,82,16,7731,2015,1666.0,0.0,-0.343663,-0.588017,GEO,AZE,611420
2366682,111,16,7731,2015,7848.0,0.0,1.321127,0.747046,ITA,AZE,611420
2366683,224,16,7731,2015,25086.0,0.0,0.438669,2.519632,TUR,AZE,611420
2366684,4,22,7731,2015,0.0,1046.0,-0.601875,-0.27003,ALB,BGD,611420
2366685,5,22,7731,2015,0.0,9524.0,0.850153,0.383793,AND,BGD,611420
2366686,7,22,7731,2015,37615.0,1784547.0,0.21779600000000002,-0.0047420000000000006,ARE,BGD,611420
2366687,9,22,7731,2015,0.0,3683.0,0.037579,-0.42448800000000003,ARM,BGD,611420
2366688,14,22,7731,2015,3460.0,21278840.0,-0.292325,-0.043489,AUS,BGD,611420
2366689,15,22,7731,2015,0.0,406436.0,1.747098,-0.08026699999999999,AUT,BGD,611420
2366690,18,22,7731,2015,0.0,372024.0,1.329866,1.100641,BEL,BGD,611420
2366691,24,22,7731,2015,0.0,14464.0,0.36650900000000003,-0.28735,BHR,BGD,611420
2366692,26,22,7731,2015,0.0,9355.0,0.355903,0.723092,BIH,BGD,611420
2366693,28,22,7731,2015,0.0,14306.0,0.672499,0.5584020000000001,BLR,BGD,611420
2366694,32,22,7731,2015,0.0,43226.0,0.23656799999999997,0.688607,BRA,BGD,611420
2366695,39,22,7731,2015,832.0,2923872.0,0.695867,1.171676,CAN,BGD,611420
2366696,41,22,7731,2015,0.0,2407191.0,2.306075,0.720781,CHE,BGD,611420
2366697,42,22,7731,2015,0.0,245981.0,-0.356167,-0.47629399999999994,CHL,BGD,611420
2366698,43,22,7731,2015,54380.0,566201.0,1.077143,1.735757,CHN,BGD,611420
2366699,49,22,7731,2015,0.0,10628.0,0.156383,-0.183055,COL,BGD,611420
2366700,52,22,7731,2015,0.0,1082.0,0.24859699999999998,-0.033143,CRI,BGD,611420
2366701,59,22,7731,2015,0.0,164240.0,1.743012,0.45424,CZE,BGD,611420
2366702,61,22,7731,2015,0.0,18834818.0,2.203818,-2.307561,DEU,BGD,611420
2366703,64,22,7731,2015,0.0,1691308.0,1.157924,1.2045629999999998,DNK,BGD,611420
2366704,65,22,7731,2015,0.0,3591.0,-0.212808,0.395873,DOM,BGD,611420
2366705,66,22,7731,2015,0.0,3450.0,-1.54346,-1.255633,DZA,BGD,611420
2366706,67,22,7731,2015,0.0,4991.0,-0.9845959999999999,-1.075639,ECU,BGD,611420
2366707,71,22,7731,2015,0.0,3455157.0,0.8173590000000001,2.442556,ESP,BGD,611420
2366708,72,22,7731,2015,0.0,59608.0,0.9281149999999999,1.1780389999999998,EST,BGD,611420
2366709,74,22,7731,2015,0.0,163925.0,1.597817,0.998059,FIN,BGD,611420
2366710,77,22,7731,2015,0.0,2083723.0,1.479792,0.6490239999999999,FRA,BGD,611420
2366711,81,22,7731,2015,0.0,12622264.0,1.7422990000000003,0.75838,GBR,BGD,611420
2366712,92,22,7731,2015,0.0,2280.0,-1.017707,-0.913467,GRL,BGD,611420
2366713,97,22,7731,2015,1587.0,28871.0,0.8255290000000001,1.8017279999999998,HKG,BGD,611420
2366714,99,22,7731,2015,0.0,784.0,-0.578635,-0.292053,HND,BGD,611420
2366715,100,22,7731,2015,0.0,34357.0,0.7590140000000001,1.257415,HRV,BGD,611420
2366716,103,22,7731,2015,0.0,27200.0,-0.145103,1.277362,IDN,BGD,611420
2366717,104,22,7731,2015,26549.0,17158.0,0.24230900000000002,2.8190880000000003,IND,BGD,611420
2366718,106,22,7731,2015,0.0,122441.0,1.304942,0.126431,IRL,BGD,611420
2366719,109,22,7731,2015,0.0,13689.0,0.24527600000000002,-0.411616,ISL,BGD,611420
2366720,110,22,7731,2015,0.0,17286.0,1.260071,0.545545,ISR,BGD,611420
2366721,111,22,7731,2015,0.0,3646591.0,1.321127,0.747046,ITA,BGD,611420
2366722,113,22,7731,2015,0.0,728518.0,0.121172,0.457301,JOR,BGD,611420
2366723,114,22,7731,2015,0.0,713219.0,2.516133,-0.484202,JPN,BGD,611420
2366724,115,22,7731,2015,0.0,21372.0,-0.45091499999999995,-0.652026,KAZ,BGD,611420
2366725,117,22,7731,2015,0.0,1174.0,0.02058,0.438692,KGZ,BGD,611420
2366726,121,22,7731,2015,0.0,382623.0,1.900653,0.859406,KOR,BGD,611420
2366727,122,22,7731,2015,0.0,127693.0,-0.352023,-1.153057,KWT,BGD,611420
2366728,124,22,7731,2015,0.0,114108.0,0.317355,1.330374,LBN,BGD,611420
2366729,128,22,7731,2015,0.0,1612.0,-0.6773399999999999,0.386343,LKA,BGD,611420
2366730,130,22,7731,2015,0.0,6938.0,0.749429,1.3659860000000001,LTU,BGD,611420
2366731,131,22,7731,2015,0.0,95975.0,1.218924,1.247152,LUX,BGD,611420
2366732,134,22,7731,2015,0.0,19557.0,-0.7554810000000001,-0.059697,MAR,BGD,611420
2366733,135,22,7731,2015,0.0,2999.0,-0.313837,-0.20393,MDA,BGD,611420
2366734,138,22,7731,2015,0.0,255791.0,1.169724,0.61457,MEX,BGD,611420
2366735,140,22,7731,2015,0.0,1278.0,-0.09009600000000001,-0.147359,MKD,BGD,611420
2366736,143,22,7731,2015,0.0,46522.0,-1.4596120000000001,-0.903904,MMR,BGD,611420
2366737,144,22,7731,2015,0.0,18495.0,-0.048385000000000004,-0.150759,MNE,BGD,611420
2366738,145,22,7731,2015,0.0,4274.0,-1.244368,-1.196677,MNG,BGD,611420
2366739,153,22,7731,2015,0.0,140026.0,1.082803,0.811615,MYS,BGD,611420
2366740,162,22,7731,2015,0.0,2626004.0,1.230104,1.27344,NLD,BGD,611420
2366741,163,22,7731,2015,6924.0,214763.0,0.950708,0.314339,NOR,BGD,611420
2366742,166,22,7731,2015,0.0,1284046.0,0.224598,0.253179,NZL,BGD,611420
2366743,167,22,7731,2015,0.0,18498.0,-0.4699,-1.00451,OMN,BGD,611420
2366744,168,22,7731,2015,68028.0,0.0,-0.7059979999999999,0.73501,PAK,BGD,611420
2366745,173,22,7731,2015,0.0,363281.0,-0.6007819999999999,0.32152800000000004,PER,BGD,611420
2366746,174,22,7731,2015,0.0,22783.0,0.6406270000000001,0.45770200000000005,PHL,BGD,611420
2366747,177,22,7731,2015,0.0,1364581.0,1.145844,1.1449280000000002,POL,BGD,611420
2366748,179,22,7731,2015,0.0,33121.0,0.561922,2.2276380000000002,PRT,BGD,611420
2366749,183,22,7731,2015,0.0,23866.0,-0.077053,-0.9922719999999999,QAT,BGD,611420
2366750,185,22,7731,2015,0.0,2272.0,0.946363,1.056775,ROU,BGD,611420
2366751,186,22,7731,2015,0.0,606819.0,0.23119,0.035965,RUS,BGD,611420
2366752,188,22,7731,2015,0.0,194350.0,0.5552520000000001,-0.7263229999999999,SAU,BGD,611420
2366753,192,22,7731,2015,2895.0,572653.0,2.05613,0.593065,SGP,BGD,611420
2366754,197,22,7731,2015,0.0,2284.0,0.05531900000000001,0.169073,SLV,BGD,611420
2366755,201,22,7731,2015,0.0,17080.0,0.457042,1.324908,SRB,BGD,611420
2366756,206,22,7731,2015,0.0,378606.0,1.287133,0.7900560000000001,SVK,BGD,611420
2366757,207,22,7731,2015,0.0,204219.0,1.6089879999999999,0.833616,SVN,BGD,611420
2366758,208,22,7731,2015,0.0,1292459.0,1.8068349999999997,0.693389,SWE,BGD,611420
2366759,216,22,7731,2015,0.0,103143.0,0.965888,1.368572,THA,BGD,611420
2366760,223,22,7731,2015,0.0,4138.0,0.140202,0.967591,TUN,BGD,611420
2366761,224,22,7731,2015,0.0,291190.0,0.438669,2.519632,TUR,BGD,611420
2366762,227,22,7731,2015,0.0,73482.0,-0.611023,0.078961,UGA,BGD,611420
2366763,228,22,7731,2015,0.0,14953.0,0.429879,0.701813,UKR,BGD,611420
2366764,230,22,7731,2015,0.0,62597.0,0.273876,-0.363695,URY,BGD,611420
2366765,231,22,7731,2015,876.0,12444274.0,1.720478,-0.129322,USA,BGD,611420
2366766,246,22,7731,2015,0.0,36907.0,0.24944699999999997,1.7573159999999999,ZAF,BGD,611420
2366767,249,22,7731,2015,0.0,12102.0,1.962832,1.214982,TWN,BGD,611420
2366768,250,22,7731,2015,0.0,2659.0,0.377283,-0.092204,ANS,BGD,611420
2366769,7,24,7731,2015,74585.0,8542.0,0.21779600000000002,-0.0047420000000000006,ARE,BHR,611420
2366770,22,24,7731,2015,14464.0,0.0,-1.088465,-0.8745360000000001,BGD,BHR,611420
2366771,23,24,7731,2015,1162.0,0.0,0.45640699999999995,1.691455,BGR,BHR,611420
2366772,41,24,7731,2015,6805.0,0.0,2.306075,0.720781,CHE,BHR,611420
2366773,43,24,7731,2015,80680.0,0.0,1.077143,1.735757,CHN,BHR,611420
2366774,68,24,7731,2015,2948.0,0.0,-0.183053,1.765036,EGY,BHR,611420
2366775,71,24,7731,2015,47920.0,0.0,0.8173590000000001,2.442556,ESP,BHR,611420
2366776,77,24,7731,2015,7414.0,0.0,1.479792,0.6490239999999999,FRA,BHR,611420
2366777,81,24,7731,2015,5525.0,0.0,1.7422990000000003,0.75838,GBR,BHR,611420
2366778,93,24,7731,2015,5561.0,0.0,-0.284403,0.525564,GTM,BHR,611420
2366779,97,24,7731,2015,4693.0,0.0,0.8255290000000001,1.8017279999999998,HKG,BHR,611420
2366780,103,24,7731,2015,4541.0,0.0,-0.145103,1.277362,IDN,BHR,611420
2366781,104,24,7731,2015,261835.0,0.0,0.24230900000000002,2.8190880000000003,IND,BHR,611420
2366782,111,24,7731,2015,24126.0,0.0,1.321127,0.747046,ITA,BHR,611420
2366783,118,24,7731,2015,2473.0,0.0,-0.791985,-0.833046,KHM,BHR,611420
2366784,122,24,7731,2015,82616.0,15387.0,-0.352023,-1.153057,KWT,BHR,611420
2366785,128,24,7731,2015,2078.0,0.0,-0.6773399999999999,0.386343,LKA,BHR,611420
2366786,134,24,7731,2015,8244.0,0.0,-0.7554810000000001,-0.059697,MAR,BHR,611420
2366787,138,24,7731,2015,1334.0,0.0,1.169724,0.61457,MEX,BHR,611420
2366788,167,24,7731,2015,4940.0,0.0,-0.4699,-1.00451,OMN,BHR,611420
2366789,168,24,7731,2015,3479.0,0.0,-0.7059979999999999,0.73501,PAK,BHR,611420
2366790,178,24,7731,2015,2105.0,0.0,-0.404818,-0.075235,PRK,BHR,611420
2366791,179,24,7731,2015,5056.0,0.0,0.561922,2.2276380000000002,PRT,BHR,611420
2366792,185,24,7731,2015,1856.0,0.0,0.946363,1.056775,ROU,BHR,611420
2366793,188,24,7731,2015,0.0,852241.0,0.5552520000000001,-0.7263229999999999,SAU,BHR,611420
2366794,216,24,7731,2015,4155.0,0.0,0.965888,1.368572,THA,BHR,611420
2366795,223,24,7731,2015,5609.0,0.0,0.140202,0.967591,TUN,BHR,611420
2366796,224,24,7731,2015,8982.0,0.0,0.438669,2.519632,TUR,BHR,611420
2366797,231,24,7731,2015,23430.0,0.0,1.720478,-0.129322,USA,BHR,611420
2366798,239,24,7731,2015,5472.0,0.0,-0.17108900000000002,1.10995,VNM,BHR,611420
2366799,15,28,7731,2015,2244.0,0.0,1.747098,-0.08026699999999999,AUT,BLR,611420
2366800,22,28,7731,2015,14306.0,0.0,-1.088465,-0.8745360000000001,BGD,BLR,611420
2366801,43,28,7731,2015,51525.0,0.0,1.077143,1.735757,CHN,BLR,611420
2366802,61,28,7731,2015,981.0,0.0,2.203818,-2.307561,DEU,BLR,611420
2366803,64,28,7731,2015,1152.0,0.0,1.157924,1.2045629999999998,DNK,BLR,611420
2366804,77,28,7731,2015,6206.0,0.0,1.479792,0.6490239999999999,FRA,BLR,611420
2366805,81,28,7731,2015,36577.0,0.0,1.7422990000000003,0.75838,GBR,BLR,611420
2366806,104,28,7731,2015,19409.0,0.0,0.24230900000000002,2.8190880000000003,IND,BLR,611420
2366807,111,28,7731,2015,7862.0,0.0,1.321127,0.747046,ITA,BLR,611420
2366808,115,28,7731,2015,0.0,3255.0,-0.45091499999999995,-0.652026,KAZ,BLR,611420
2366809,128,28,7731,2015,6051.0,0.0,-0.6773399999999999,0.386343,LKA,BLR,611420
2366810,130,28,7731,2015,1093.0,0.0,0.749429,1.3659860000000001,LTU,BLR,611420
2366811,135,28,7731,2015,0.0,986.0,-0.313837,-0.20393,MDA,BLR,611420
2366812,177,28,7731,2015,17088.0,0.0,1.145844,1.1449280000000002,POL,BLR,611420
2366813,186,28,7731,2015,44964.0,23043.0,0.23119,0.035965,RUS,BLR,611420
2366814,223,28,7731,2015,1944.0,0.0,0.140202,0.967591,TUN,BLR,611420
2366815,224,28,7731,2015,59343.0,0.0,0.438669,2.519632,TUR,BLR,611420
2366816,228,28,7731,2015,0.0,2965.0,0.429879,0.701813,UKR,BLR,611420
2366817,7,46,7731,2015,9848.0,0.0,0.21779600000000002,-0.0047420000000000006,ARE,COD,611420
2366818,8,46,7731,2015,1285.0,0.0,0.116896,0.30330999999999997,ARG,COD,611420
2366819,43,46,7731,2015,41617.0,0.0,1.077143,1.735757,CHN,COD,611420
2366820,77,46,7731,2015,7517.0,0.0,1.479792,0.6490239999999999,FRA,COD,611420
2366821,104,46,7731,2015,7665.0,0.0,0.24230900000000002,2.8190880000000003,IND,COD,611420
2366822,116,46,7731,2015,3658.0,0.0,-0.453564,0.433325,KEN,COD,611420
2366823,226,46,7731,2015,6175.0,0.0,-1.02395,-0.017509999999999998,TZA,COD,611420
2366824,227,46,7731,2015,8555.0,0.0,-0.611023,0.078961,UGA,COD,611420
2366825,231,46,7731,2015,800.0,0.0,1.720478,-0.129322,USA,COD,611420
2366826,246,46,7731,2015,25703.0,0.0,0.24944699999999997,1.7573159999999999,ZAF,COD,611420
2366827,247,46,7731,2015,3722.0,0.0,-0.44792,-0.769586,ZMB,COD,611420
2366828,7,68,7731,2015,64135.0,262518.0,0.21779600000000002,-0.0047420000000000006,ARE,EGY,611420
2366829,15,68,7731,2015,2591.0,34658.0,1.747098,-0.08026699999999999,AUT,EGY,611420
2366830,24,68,7731,2015,0.0,2948.0,0.36650900000000003,-0.28735,BHR,EGY,611420
2366831,39,68,7731,2015,0.0,562514.0,0.695867,1.171676,CAN,EGY,611420
2366832,41,68,7731,2015,0.0,101445.0,2.306075,0.720781,CHE,EGY,611420
2366833,43,68,7731,2015,402377.0,3457.0,1.077143,1.735757,CHN,EGY,611420
2366834,59,68,7731,2015,1146.0,14414.0,1.743012,0.45424,CZE,EGY,611420
2366835,61,68,7731,2015,16799.0,855724.0,2.203818,-2.307561,DEU,EGY,611420
2366836,64,68,7731,2015,12999.0,0.0,1.157924,1.2045629999999998,DNK,EGY,611420
2366837,71,68,7731,2015,121456.0,31262.0,0.8173590000000001,2.442556,ESP,EGY,611420
2366838,77,68,7731,2015,17906.0,47245.0,1.479792,0.6490239999999999,FRA,EGY,611420
2366839,81,68,7731,2015,3526.0,1253712.0,1.7422990000000003,0.75838,GBR,EGY,611420
2366840,97,68,7731,2015,0.0,3357.0,0.8255290000000001,1.8017279999999998,HKG,EGY,611420
2366841,104,68,7731,2015,8989.0,0.0,0.24230900000000002,2.8190880000000003,IND,EGY,611420
2366842,109,68,7731,2015,0.0,1049.0,0.24527600000000002,-0.411616,ISL,EGY,611420
2366843,111,68,7731,2015,108204.0,73566.0,1.321127,0.747046,ITA,EGY,611420
2366844,113,68,7731,2015,0.0,30920.0,0.121172,0.457301,JOR,EGY,611420
2366845,114,68,7731,2015,0.0,3307.0,2.516133,-0.484202,JPN,EGY,611420
2366846,121,68,7731,2015,66937.0,0.0,1.900653,0.859406,KOR,EGY,611420
2366847,122,68,7731,2015,0.0,49376.0,-0.352023,-1.153057,KWT,EGY,611420
2366848,124,68,7731,2015,0.0,7310.0,0.317355,1.330374,LBN,EGY,611420
2366849,131,68,7731,2015,0.0,2066.0,1.218924,1.247152,LUX,EGY,611420
2366850,138,68,7731,2015,0.0,5119.0,1.169724,0.61457,MEX,EGY,611420
2366851,167,68,7731,2015,0.0,1148.0,-0.4699,-1.00451,OMN,EGY,611420
2366852,168,68,7731,2015,1128.0,0.0,-0.7059979999999999,0.73501,PAK,EGY,611420
2366853,173,68,7731,2015,0.0,1634.0,-0.6007819999999999,0.32152800000000004,PER,EGY,611420
2366854,177,68,7731,2015,1774.0,106191.0,1.145844,1.1449280000000002,POL,EGY,611420
2366855,183,68,7731,2015,0.0,6400.0,-0.077053,-0.9922719999999999,QAT,EGY,611420
2366856,186,68,7731,2015,0.0,2702.0,0.23119,0.035965,RUS,EGY,611420
2366857,188,68,7731,2015,0.0,116251.0,0.5552520000000001,-0.7263229999999999,SAU,EGY,611420
2366858,192,68,7731,2015,7524.0,10277.0,2.05613,0.593065,SGP,EGY,611420
2366859,201,68,7731,2015,0.0,2521.0,0.457042,1.324908,SRB,EGY,611420
2366860,206,68,7731,2015,0.0,10666.0,1.287133,0.7900560000000001,SVK,EGY,611420
2366861,207,68,7731,2015,0.0,42965.0,1.6089879999999999,0.833616,SVN,EGY,611420
2366862,216,68,7731,2015,4046.0,0.0,0.965888,1.368572,THA,EGY,611420
2366863,224,68,7731,2015,405493.0,6927922.0,0.438669,2.519632,TUR,EGY,611420
2366864,231,68,7731,2015,0.0,1064011.0,1.720478,-0.129322,USA,EGY,611420
2366865,7,74,7731,2015,63780.0,0.0,0.21779600000000002,-0.0047420000000000006,ARE,FIN,611420
2366866,15,74,7731,2015,20844.0,4239.0,1.747098,-0.08026699999999999,AUT,FIN,611420
2366867,22,74,7731,2015,163925.0,0.0,-1.088465,-0.8745360000000001,BGD,FIN,611420
2366868,41,74,7731,2015,4013.0,1415.0,2.306075,0.720781,CHE,FIN,611420
2366869,43,74,7731,2015,94692.0,0.0,1.077143,1.735757,CHN,FIN,611420
2366870,59,74,7731,2015,2122.0,0.0,1.743012,0.45424,CZE,FIN,611420
2366871,61,74,7731,2015,178613.0,59965.0,2.203818,-2.307561,DEU,FIN,611420
2366872,64,74,7731,2015,1238277.0,37478.0,1.157924,1.2045629999999998,DNK,FIN,611420
2366873,71,74,7731,2015,68359.0,3467.0,0.8173590000000001,2.442556,ESP,FIN,611420
2366874,72,74,7731,2015,4315.0,77252.0,0.9281149999999999,1.1780389999999998,EST,FIN,611420
2366875,73,74,7731,2015,1664.0,0.0,-1.004896,-0.721019,ETH,FIN,611420
2366876,77,74,7731,2015,52173.0,9984.0,1.479792,0.6490239999999999,FRA,FIN,611420
2366877,81,74,7731,2015,51449.0,1957.0,1.7422990000000003,0.75838,GBR,FIN,611420
2366878,97,74,7731,2015,10392.0,2242.0,0.8255290000000001,1.8017279999999998,HKG,FIN,611420
2366879,100,74,7731,2015,0.0,1909.0,0.7590140000000001,1.257415,HRV,FIN,611420
2366880,102,74,7731,2015,1081.0,0.0,1.462839,0.803258,HUN,FIN,611420
2366881,103,74,7731,2015,21428.0,0.0,-0.145103,1.277362,IDN,FIN,611420
2366882,104,74,7731,2015,2054688.0,0.0,0.24230900000000002,2.8190880000000003,IND,FIN,611420
2366883,111,74,7731,2015,35357.0,6105.0,1.321127,0.747046,ITA,FIN,611420
2366884,118,74,7731,2015,52746.0,0.0,-0.791985,-0.833046,KHM,FIN,611420
2366885,128,74,7731,2015,11540.0,0.0,-0.6773399999999999,0.386343,LKA,FIN,611420
2366886,130,74,7731,2015,2107.0,2243.0,0.749429,1.3659860000000001,LTU,FIN,611420
2366887,132,74,7731,2015,2093.0,3429.0,0.602209,1.125357,LVA,FIN,611420
2366888,134,74,7731,2015,5794.0,0.0,-0.7554810000000001,-0.059697,MAR,FIN,611420
2366889,162,74,7731,2015,152135.0,25470.0,1.230104,1.27344,NLD,FIN,611420
2366890,163,74,7731,2015,12570.0,0.0,0.950708,0.314339,NOR,FIN,611420
2366891,167,74,7731,2015,0.0,13427.0,-0.4699,-1.00451,OMN,FIN,611420
2366892,168,74,7731,2015,22293.0,0.0,-0.7059979999999999,0.73501,PAK,FIN,611420
2366893,177,74,7731,2015,516237.0,4616.0,1.145844,1.1449280000000002,POL,FIN,611420
2366894,179,74,7731,2015,21182.0,0.0,0.561922,2.2276380000000002,PRT,FIN,611420
2366895,185,74,7731,2015,29074.0,0.0,0.946363,1.056775,ROU,FIN,611420
2366896,186,74,7731,2015,0.0,17262.0,0.23119,0.035965,RUS,FIN,611420
2366897,192,74,7731,2015,30693.0,0.0,2.05613,0.593065,SGP,FIN,611420
2366898,207,74,7731,2015,0.0,42849.0,1.6089879999999999,0.833616,SVN,FIN,611420
2366899,208,74,7731,2015,837771.0,53763.0,1.8068349999999997,0.693389,SWE,FIN,611420
2366900,216,74,7731,2015,1398.0,0.0,0.965888,1.368572,THA,FIN,611420
2366901,224,74,7731,2015,80133.0,0.0,0.438669,2.519632,TUR,FIN,611420
2366902,231,74,7731,2015,3712.0,0.0,1.720478,-0.129322,USA,FIN,611420
2366903,239,74,7731,2015,8094.0,0.0,-0.17108900000000002,1.10995,VNM,FIN,611420
2366904,249,74,7731,2015,1724.0,2348.0,1.962832,1.214982,TWN,FIN,611420
2366905,7,82,7731,2015,1152.0,0.0,0.21779600000000002,-0.0047420000000000006,ARE,GEO,611420
2366906,9,82,7731,2015,0.0,4291.0,0.037579,-0.42448800000000003,ARM,GEO,611420
2366907,15,82,7731,2015,963.0,0.0,1.747098,-0.08026699999999999,AUT,GEO,611420
2366908,16,82,7731,2015,0.0,1666.0,-0.983347,-1.231542,AZE,GEO,611420
2366909,41,82,7731,2015,1060.0,0.0,2.306075,0.720781,CHE,GEO,611420
2366910,43,82,7731,2015,1104.0,0.0,1.077143,1.735757,CHN,GEO,611420
2366911,59,82,7731,2015,1773.0,0.0,1.743012,0.45424,CZE,GEO,611420
2366912,61,82,7731,2015,6251.0,0.0,2.203818,-2.307561,DEU,GEO,611420
2366913,71,82,7731,2015,19007.0,0.0,0.8173590000000001,2.442556,ESP,GEO,611420
2366914,77,82,7731,2015,88631.0,0.0,1.479792,0.6490239999999999,FRA,GEO,611420
2366915,81,82,7731,2015,10415.0,0.0,1.7422990000000003,0.75838,GBR,GEO,611420
2366916,104,82,7731,2015,17802.0,0.0,0.24230900000000002,2.8190880000000003,IND,GEO,611420
2366917,111,82,7731,2015,22904.0,0.0,1.321127,0.747046,ITA,GEO,611420
2366918,124,82,7731,2015,0.0,893.0,0.317355,1.330374,LBN,GEO,611420
2366919,168,82,7731,2015,8623.0,0.0,-0.7059979999999999,0.73501,PAK,GEO,611420
2366920,177,82,7731,2015,1778.0,0.0,1.145844,1.1449280000000002,POL,GEO,611420
2366921,206,82,7731,2015,4594.0,0.0,1.287133,0.7900560000000001,SVK,GEO,611420
2366922,224,82,7731,2015,5383.0,0.0,0.438669,2.519632,TUR,GEO,611420
2366923,5,90,7731,2015,0.0,1080.0,0.850153,0.383793,AND,GRC,611420
2366924,7,90,7731,2015,918.0,1883.0,0.21779600000000002,-0.0047420000000000006,ARE,GRC,611420
2366925,14,90,7731,2015,0.0,16680.0,-0.292325,-0.043489,AUS,GRC,611420
2366926,15,90,7731,2015,141613.0,17218.0,1.747098,-0.08026699999999999,AUT,GRC,611420
2366927,18,90,7731,2015,122682.0,1950.0,1.329866,1.100641,BEL,GRC,611420
2366928,23,90,7731,2015,327847.0,87253.0,0.45640699999999995,1.691455,BGR,GRC,611420
2366929,39,90,7731,2015,0.0,5938.0,0.695867,1.171676,CAN,GRC,611420
2366930,41,90,7731,2015,1230.0,44757.0,2.306075,0.720781,CHE,GRC,611420
2366931,43,90,7731,2015,422914.0,27640.0,1.077143,1.735757,CHN,GRC,611420
2366932,58,90,7731,2015,0.0,197042.0,0.511225,-0.207261,CYP,GRC,611420
2366933,59,90,7731,2015,1830.0,0.0,1.743012,0.45424,CZE,GRC,611420
2366934,61,90,7731,2015,45504.0,129227.0,2.203818,-2.307561,DEU,GRC,611420
2366935,64,90,7731,2015,1353.0,0.0,1.157924,1.2045629999999998,DNK,GRC,611420
2366936,71,90,7731,2015,992057.0,15476.0,0.8173590000000001,2.442556,ESP,GRC,611420
2366937,77,90,7731,2015,44871.0,34416.0,1.479792,0.6490239999999999,FRA,GRC,611420
2366938,81,90,7731,2015,296743.0,501398.0,1.7422990000000003,0.75838,GBR,GRC,611420
2366939,97,90,7731,2015,959252.0,0.0,0.8255290000000001,1.8017279999999998,HKG,GRC,611420
2366940,100,90,7731,2015,15644.0,0.0,0.7590140000000001,1.257415,HRV,GRC,611420
2366941,104,90,7731,2015,162998.0,0.0,0.24230900000000002,2.8190880000000003,IND,GRC,611420
2366942,106,90,7731,2015,0.0,5097.0,1.304942,0.126431,IRL,GRC,611420
2366943,111,90,7731,2015,543629.0,15156.0,1.321127,0.747046,ITA,GRC,611420
2366944,114,90,7731,2015,0.0,2124.0,2.516133,-0.484202,JPN,GRC,611420
2366945,118,90,7731,2015,126222.0,0.0,-0.791985,-0.833046,KHM,GRC,611420
2366946,121,90,7731,2015,0.0,13627.0,1.900653,0.859406,KOR,GRC,611420
2366947,122,90,7731,2015,0.0,16259.0,-0.352023,-1.153057,KWT,GRC,611420
2366948,140,90,7731,2015,0.0,3742.0,-0.09009600000000001,-0.147359,MKD,GRC,611420
2366949,142,90,7731,2015,0.0,4513.0,0.880893,-0.117585,MLT,GRC,611420
2366950,162,90,7731,2015,65939.0,7074.0,1.230104,1.27344,NLD,GRC,611420
2366951,163,90,7731,2015,1403.0,1065.0,0.950708,0.314339,NOR,GRC,611420
2366952,177,90,7731,2015,9959.0,894.0,1.145844,1.1449280000000002,POL,GRC,611420
2366953,179,90,7731,2015,12089.0,0.0,0.561922,2.2276380000000002,PRT,GRC,611420
2366954,185,90,7731,2015,0.0,13000.0,0.946363,1.056775,ROU,GRC,611420
2366955,192,90,7731,2015,0.0,3808.0,2.05613,0.593065,SGP,GRC,611420
2366956,207,90,7731,2015,0.0,1944.0,1.6089879999999999,0.833616,SVN,GRC,611420
2366957,216,90,7731,2015,28230.0,0.0,0.965888,1.368572,THA,GRC,611420
2366958,224,90,7731,2015,182895.0,0.0,0.438669,2.519632,TUR,GRC,611420
2366959,231,90,7731,2015,34743.0,1487.0,1.720478,-0.129322,USA,GRC,611420
2366960,239,90,7731,2015,1124182.0,0.0,-0.17108900000000002,1.10995,VNM,GRC,611420
2366961,7,100,7731,2015,355657.0,0.0,0.21779600000000002,-0.0047420000000000006,ARE,HRV,611420
2366962,15,100,7731,2015,522919.0,40882.0,1.747098,-0.08026699999999999,AUT,HRV,611420
2366963,18,100,7731,2015,4638.0,5572.0,1.329866,1.100641,BEL,HRV,611420
2366964,22,100,7731,2015,34357.0,0.0,-1.088465,-0.8745360000000001,BGD,HRV,611420
2366965,23,100,7731,2015,0.0,7507.0,0.45640699999999995,1.691455,BGR,HRV,611420
2366966,26,100,7731,2015,2712.0,0.0,0.355903,0.723092,BIH,HRV,611420
2366967,39,100,7731,2015,0.0,4430.0,0.695867,1.171676,CAN,HRV,611420
2366968,41,100,7731,2015,0.0,8834.0,2.306075,0.720781,CHE,HRV,611420
2366969,43,100,7731,2015,23559.0,3313.0,1.077143,1.735757,CHN,HRV,611420
2366970,58,100,7731,2015,0.0,4691.0,0.511225,-0.207261,CYP,HRV,611420
2366971,59,100,7731,2015,4829.0,6381.0,1.743012,0.45424,CZE,HRV,611420
2366972,61,100,7731,2015,159726.0,28033.0,2.203818,-2.307561,DEU,HRV,611420
2366973,64,100,7731,2015,2413.0,0.0,1.157924,1.2045629999999998,DNK,HRV,611420
2366974,71,100,7731,2015,63813.0,54298.0,0.8173590000000001,2.442556,ESP,HRV,611420
2366975,74,100,7731,2015,1909.0,0.0,1.597817,0.998059,FIN,HRV,611420
2366976,77,100,7731,2015,38373.0,51658.0,1.479792,0.6490239999999999,FRA,HRV,611420
2366977,81,100,7731,2015,17009.0,1095.0,1.7422990000000003,0.75838,GBR,HRV,611420
2366978,90,100,7731,2015,0.0,15644.0,0.099027,1.012289,GRC,HRV,611420
2366979,102,100,7731,2015,3598.0,16153.0,1.462839,0.803258,HUN,HRV,611420
2366980,103,100,7731,2015,1384.0,0.0,-0.145103,1.277362,IDN,HRV,611420
2366981,104,100,7731,2015,36016.0,0.0,0.24230900000000002,2.8190880000000003,IND,HRV,611420
2366982,111,100,7731,2015,587179.0,259399.0,1.321127,0.747046,ITA,HRV,611420
2366983,118,100,7731,2015,13381.0,0.0,-0.791985,-0.833046,KHM,HRV,611420
2366984,122,100,7731,2015,0.0,915.0,-0.352023,-1.153057,KWT,HRV,611420
2366985,128,100,7731,2015,10601.0,0.0,-0.6773399999999999,0.386343,LKA,HRV,611420
2366986,138,100,7731,2015,0.0,914.0,1.169724,0.61457,MEX,HRV,611420
2366987,140,100,7731,2015,14728.0,0.0,-0.09009600000000001,-0.147359,MKD,HRV,611420
2366988,144,100,7731,2015,0.0,10179.0,-0.048385000000000004,-0.150759,MNE,HRV,611420
2366989,162,100,7731,2015,86597.0,7145.0,1.230104,1.27344,NLD,HRV,611420
2366990,173,100,7731,2015,0.0,1573.0,-0.6007819999999999,0.32152800000000004,PER,HRV,611420
2366991,177,100,7731,2015,37092.0,18271.0,1.145844,1.1449280000000002,POL,HRV,611420
2366992,179,100,7731,2015,0.0,26175.0,0.561922,2.2276380000000002,PRT,HRV,611420
2366993,185,100,7731,2015,8937.0,1463.0,0.946363,1.056775,ROU,HRV,611420
2366994,186,100,7731,2015,4545.0,0.0,0.23119,0.035965,RUS,HRV,611420
2366995,201,100,7731,2015,7705.0,1751.0,0.457042,1.324908,SRB,HRV,611420
2366996,206,100,7731,2015,13019.0,4930.0,1.287133,0.7900560000000001,SVK,HRV,611420
2366997,207,100,7731,2015,49571.0,10581.0,1.6089879999999999,0.833616,SVN,HRV,611420
2366998,208,100,7731,2015,0.0,1410.0,1.8068349999999997,0.693389,SWE,HRV,611420
2366999,210,100,7731,2015,0.0,5328.0,0.945973,-0.7548229999999999,SXM,HRV,611420
2367000,224,100,7731,2015,74844.0,0.0,0.438669,2.519632,TUR,HRV,611420
2367001,239,100,7731,2015,2002.0,0.0,-0.17108900000000002,1.10995,VNM,HRV,611420
2367002,250,100,7731,2015,0.0,28270.0,0.377283,-0.092204,ANS,HRV,611420
2367003,7,106,7731,2015,5771.0,1021.0,0.21779600000000002,-0.0047420000000000006,ARE,IRL,611420
2367004,14,106,7731,2015,10925.0,0.0,-0.292325,-0.043489,AUS,IRL,611420
2367005,15,106,7731,2015,13113.0,0.0,1.747098,-0.08026699999999999,AUT,IRL,611420
2367006,22,106,7731,2015,122441.0,0.0,-1.088465,-0.8745360000000001,BGD,IRL,611420
2367007,23,106,7731,2015,20009.0,0.0,0.45640699999999995,1.691455,BGR,IRL,611420
2367008,39,106,7731,2015,0.0,1447.0,0.695867,1.171676,CAN,IRL,611420
2367009,41,106,7731,2015,9166.0,0.0,2.306075,0.720781,CHE,IRL,611420
2367010,43,106,7731,2015,79215.0,0.0,1.077143,1.735757,CHN,IRL,611420
2367011,59,106,7731,2015,4234.0,0.0,1.743012,0.45424,CZE,IRL,611420
2367012,61,106,7731,2015,153028.0,390685.0,2.203818,-2.307561,DEU,IRL,611420
2367013,64,106,7731,2015,147135.0,2784.0,1.157924,1.2045629999999998,DNK,IRL,611420
2367014,65,106,7731,2015,2527.0,0.0,-0.212808,0.395873,DOM,IRL,611420
2367015,71,106,7731,2015,867298.0,71282.0,0.8173590000000001,2.442556,ESP,IRL,611420
2367016,77,106,7731,2015,34710.0,468167.0,1.479792,0.6490239999999999,FRA,IRL,611420
2367017,81,106,7731,2015,2712816.0,1074772.0,1.7422990000000003,0.75838,GBR,IRL,611420
2367018,90,106,7731,2015,5097.0,0.0,0.099027,1.012289,GRC,IRL,611420
2367019,93,106,7731,2015,1731.0,0.0,-0.284403,0.525564,GTM,IRL,611420
2367020,97,106,7731,2015,9214.0,145191.0,0.8255290000000001,1.8017279999999998,HKG,IRL,611420
2367021,102,106,7731,2015,0.0,58532.0,1.462839,0.803258,HUN,IRL,611420
2367022,103,106,7731,2015,41561.0,0.0,-0.145103,1.277362,IDN,IRL,611420
2367023,104,106,7731,2015,2228648.0,0.0,0.24230900000000002,2.8190880000000003,IND,IRL,611420
2367024,111,106,7731,2015,21067.0,3962.0,1.321127,0.747046,ITA,IRL,611420
2367025,118,106,7731,2015,2012.0,0.0,-0.791985,-0.833046,KHM,IRL,611420
2367026,124,106,7731,2015,1198.0,0.0,0.317355,1.330374,LBN,IRL,611420
2367027,128,106,7731,2015,51664.0,0.0,-0.6773399999999999,0.386343,LKA,IRL,611420
2367028,131,106,7731,2015,0.0,811.0,1.218924,1.247152,LUX,IRL,611420
2367029,138,106,7731,2015,2365.0,0.0,1.169724,0.61457,MEX,IRL,611420
2367030,140,106,7731,2015,6964.0,0.0,-0.09009600000000001,-0.147359,MKD,IRL,611420
2367031,151,106,7731,2015,17169.0,0.0,-0.231762,-0.195051,MUS,IRL,611420
2367032,153,106,7731,2015,1122.0,0.0,1.082803,0.811615,MYS,IRL,611420
2367033,159,106,7731,2015,3517.0,0.0,-1.415451,-1.157829,NGA,IRL,611420
2367034,162,106,7731,2015,81620.0,24554.0,1.230104,1.27344,NLD,IRL,611420
2367035,164,106,7731,2015,3485.0,0.0,-0.290416,0.456716,NPL,IRL,611420
2367036,166,106,7731,2015,6015.0,0.0,0.224598,0.253179,NZL,IRL,611420
2367037,168,106,7731,2015,10911.0,0.0,-0.7059979999999999,0.73501,PAK,IRL,611420
2367038,174,106,7731,2015,3382.0,0.0,0.6406270000000001,0.45770200000000005,PHL,IRL,611420
2367039,177,106,7731,2015,29449.0,0.0,1.145844,1.1449280000000002,POL,IRL,611420
2367040,179,106,7731,2015,3924.0,46635.0,0.561922,2.2276380000000002,PRT,IRL,611420
2367041,183,106,7731,2015,948.0,0.0,-0.077053,-0.9922719999999999,QAT,IRL,611420
2367042,185,106,7731,2015,44612.0,0.0,0.946363,1.056775,ROU,IRL,611420
2367043,192,106,7731,2015,2814.0,0.0,2.05613,0.593065,SGP,IRL,611420
2367044,207,106,7731,2015,0.0,60959.0,1.6089879999999999,0.833616,SVN,IRL,611420
2367045,216,106,7731,2015,1232.0,0.0,0.965888,1.368572,THA,IRL,611420
2367046,223,106,7731,2015,10328.0,0.0,0.140202,0.967591,TUN,IRL,611420
2367047,224,106,7731,2015,11956.0,0.0,0.438669,2.519632,TUR,IRL,611420
2367048,227,106,7731,2015,1664.0,0.0,-0.611023,0.078961,UGA,IRL,611420
2367049,229,106,7731,2015,1950.0,0.0,1.2709059999999999,-0.074201,UMI,IRL,611420
2367050,231,106,7731,2015,39222.0,2267.0,1.720478,-0.129322,USA,IRL,611420
2367051,236,106,7731,2015,1806.0,0.0,-0.9249129999999999,-1.1877280000000001,VEN,IRL,611420
2367052,239,106,7731,2015,15613.0,0.0,-0.17108900000000002,1.10995,VNM,IRL,611420
2367053,246,106,7731,2015,2992.0,7112.0,0.24944699999999997,1.7573159999999999,ZAF,IRL,611420
2367054,247,106,7731,2015,1074.0,0.0,-0.44792,-0.769586,ZMB,IRL,611420
2367055,249,106,7731,2015,2431.0,0.0,1.962832,1.214982,TWN,IRL,611420
2367056,250,106,7731,2015,6370.0,0.0,0.377283,-0.092204,ANS,IRL,611420
2367057,7,107,7731,2015,4278374.0,5298.0,0.21779600000000002,-0.0047420000000000006,ARE,IRN,611420
2367058,41,107,7731,2015,440.0,0.0,2.306075,0.720781,CHE,IRN,611420
2367059,43,107,7731,2015,149634.0,0.0,1.077143,1.735757,CHN,IRN,611420
2367060,64,107,7731,2015,797.0,0.0,1.157924,1.2045629999999998,DNK,IRN,611420
2367061,71,107,7731,2015,1139.0,0.0,0.8173590000000001,2.442556,ESP,IRN,611420
2367062,77,107,7731,2015,14933.0,0.0,1.479792,0.6490239999999999,FRA,IRN,611420
2367063,81,107,7731,2015,17658.0,0.0,1.7422990000000003,0.75838,GBR,IRN,611420
2367064,104,107,7731,2015,247983.0,0.0,0.24230900000000002,2.8190880000000003,IND,IRN,611420
2367065,111,107,7731,2015,6076.0,0.0,1.321127,0.747046,ITA,IRN,611420
2367066,224,107,7731,2015,54026.0,0.0,0.438669,2.519632,TUR,IRN,611420
2367067,7,108,7731,2015,758937.0,0.0,0.21779600000000002,-0.0047420000000000006,ARE,IRQ,611420
2367068,15,108,7731,2015,1188.0,0.0,1.747098,-0.08026699999999999,AUT,IRQ,611420
2367069,43,108,7731,2015,208217.0,0.0,1.077143,1.735757,CHN,IRQ,611420
2367070,104,108,7731,2015,16466.0,0.0,0.24230900000000002,2.8190880000000003,IND,IRQ,611420
2367071,111,108,7731,2015,2232.0,0.0,1.321127,0.747046,ITA,IRQ,611420
2367072,124,108,7731,2015,2408.0,0.0,0.317355,1.330374,LBN,IRQ,611420
2367073,216,108,7731,2015,1900.0,0.0,0.965888,1.368572,THA,IRQ,611420
2367074,224,108,7731,2015,208715.0,0.0,0.438669,2.519632,TUR,IRQ,611420
2367075,231,108,7731,2015,57976.0,0.0,1.720478,-0.129322,USA,IRQ,611420
2367076,7,115,7731,2015,45131.0,0.0,0.21779600000000002,-0.0047420000000000006,ARE,KAZ,611420
2367077,8,115,7731,2015,5977.0,0.0,0.116896,0.30330999999999997,ARG,KAZ,611420
2367078,15,115,7731,2015,2305.0,0.0,1.747098,-0.08026699999999999,AUT,KAZ,611420
2367079,22,115,7731,2015,21372.0,0.0,-1.088465,-0.8745360000000001,BGD,KAZ,611420
2367080,28,115,7731,2015,3255.0,0.0,0.672499,0.5584020000000001,BLR,KAZ,611420
2367081,43,115,7731,2015,685764.0,0.0,1.077143,1.735757,CHN,KAZ,611420
2367082,61,115,7731,2015,22014.0,0.0,2.203818,-2.307561,DEU,KAZ,611420
2367083,64,115,7731,2015,6272.0,0.0,1.157924,1.2045629999999998,DNK,KAZ,611420
2367084,71,115,7731,2015,98257.0,0.0,0.8173590000000001,2.442556,ESP,KAZ,611420
2367085,77,115,7731,2015,395828.0,0.0,1.479792,0.6490239999999999,FRA,KAZ,611420
2367086,81,115,7731,2015,16562.0,0.0,1.7422990000000003,0.75838,GBR,KAZ,611420
2367087,103,115,7731,2015,578.0,0.0,-0.145103,1.277362,IDN,KAZ,611420
2367088,104,115,7731,2015,379308.0,0.0,0.24230900000000002,2.8190880000000003,IND,KAZ,611420
2367089,111,115,7731,2015,41724.0,0.0,1.321127,0.747046,ITA,KAZ,611420
2367090,128,115,7731,2015,6042.0,0.0,-0.6773399999999999,0.386343,LKA,KAZ,611420
2367091,134,115,7731,2015,1955.0,0.0,-0.7554810000000001,-0.059697,MAR,KAZ,611420
2367092,162,115,7731,2015,19294.0,0.0,1.230104,1.27344,NLD,KAZ,611420
2367093,177,115,7731,2015,4293.0,0.0,1.145844,1.1449280000000002,POL,KAZ,611420
2367094,179,115,7731,2015,3057.0,0.0,0.561922,2.2276380000000002,PRT,KAZ,611420
2367095,186,115,7731,2015,134811.0,50216.0,0.23119,0.035965,RUS,KAZ,611420
2367096,206,115,7731,2015,4207.0,0.0,1.287133,0.7900560000000001,SVK,KAZ,611420
2367097,208,115,7731,2015,1026.0,0.0,1.8068349999999997,0.693389,SWE,KAZ,611420
2367098,224,115,7731,2015,123912.0,0.0,0.438669,2.519632,TUR,KAZ,611420
2367099,239,115,7731,2015,1882.0,0.0,-0.17108900000000002,1.10995,VNM,KAZ,611420
2367100,7,116,7731,2015,757412.0,0.0,0.21779600000000002,-0.0047420000000000006,ARE,KEN,611420
2367101,39,116,7731,2015,0.0,2103.0,0.695867,1.171676,CAN,KEN,611420
2367102,43,116,7731,2015,26848.0,0.0,1.077143,1.735757,CHN,KEN,611420
2367103,46,116,7731,2015,0.0,3658.0,-1.3921290000000002,-1.146549,COD,KEN,611420
2367104,77,116,7731,2015,75854.0,0.0,1.479792,0.6490239999999999,FRA,KEN,611420
2367105,81,116,7731,2015,5619.0,0.0,1.7422990000000003,0.75838,GBR,KEN,611420
2367106,104,116,7731,2015,7463.0,0.0,0.24230900000000002,2.8190880000000003,IND,KEN,611420
2367107,122,116,7731,2015,0.0,3366.0,-0.352023,-1.153057,KWT,KEN,611420
2367108,202,116,7731,2015,0.0,2755.0,-2.704381,-0.969411,SSD,KEN,611420
2367109,216,116,7731,2015,11259.0,0.0,0.965888,1.368572,THA,KEN,611420
2367110,224,116,7731,2015,21831.0,0.0,0.438669,2.519632,TUR,KEN,611420
2367111,226,116,7731,2015,211330.0,0.0,-1.02395,-0.017509999999999998,TZA,KEN,611420
2367112,231,116,7731,2015,0.0,129991.0,1.720478,-0.129322,USA,KEN,611420
2367113,246,116,7731,2015,1420.0,7830.0,0.24944699999999997,1.7573159999999999,ZAF,KEN,611420
2367114,7,117,7731,2015,5064.0,0.0,0.21779600000000002,-0.0047420000000000006,ARE,KGZ,611420
2367115,22,117,7731,2015,1174.0,0.0,-1.088465,-0.8745360000000001,BGD,KGZ,611420
2367116,43,117,7731,2015,1423185.0,0.0,1.077143,1.735757,CHN,KGZ,611420
2367117,61,117,7731,2015,7519.0,0.0,2.203818,-2.307561,DEU,KGZ,611420
2367118,81,117,7731,2015,1086.0,0.0,1.7422990000000003,0.75838,GBR,KGZ,611420
2367119,104,117,7731,2015,194486.0,0.0,0.24230900000000002,2.8190880000000003,IND,KGZ,611420
2367120,111,117,7731,2015,2789.0,0.0,1.321127,0.747046,ITA,KGZ,611420
2367121,121,117,7731,2015,86569.0,0.0,1.900653,0.859406,KOR,KGZ,611420
2367122,168,117,7731,2015,8028.0,0.0,-0.7059979999999999,0.73501,PAK,KGZ,611420
2367123,177,117,7731,2015,1024.0,0.0,1.145844,1.1449280000000002,POL,KGZ,611420
2367124,224,117,7731,2015,270945.0,0.0,0.438669,2.519632,TUR,KGZ,611420
2367125,231,117,7731,2015,1980.0,0.0,1.720478,-0.129322,USA,KGZ,611420
2367126,7,124,7731,2015,3702932.0,21094.0,0.21779600000000002,-0.0047420000000000006,ARE,LBN,611420
2367127,15,124,7731,2015,0.0,2681.0,1.747098,-0.08026699999999999,AUT,LBN,611420
2367128,22,124,7731,2015,114108.0,0.0,-1.088465,-0.8745360000000001,BGD,LBN,611420
2367129,23,124,7731,2015,10773.0,0.0,0.45640699999999995,1.691455,BGR,LBN,611420
2367130,39,124,7731,2015,46094.0,0.0,0.695867,1.171676,CAN,LBN,611420
2367131,41,124,7731,2015,3660.0,0.0,2.306075,0.720781,CHE,LBN,611420
2367132,43,124,7731,2015,142575.0,0.0,1.077143,1.735757,CHN,LBN,611420
2367133,58,124,7731,2015,0.0,2994.0,0.511225,-0.207261,CYP,LBN,611420
2367134,61,124,7731,2015,21710.0,0.0,2.203818,-2.307561,DEU,LBN,611420
2367135,64,124,7731,2015,25881.0,0.0,1.157924,1.2045629999999998,DNK,LBN,611420
2367136,68,124,7731,2015,7310.0,0.0,-0.183053,1.765036,EGY,LBN,611420
2367137,71,124,7731,2015,184010.0,0.0,0.8173590000000001,2.442556,ESP,LBN,611420
2367138,77,124,7731,2015,222643.0,87513.0,1.479792,0.6490239999999999,FRA,LBN,611420
2367139,81,124,7731,2015,21284.0,0.0,1.7422990000000003,0.75838,GBR,LBN,611420
2367140,82,124,7731,2015,893.0,0.0,-0.343663,-0.588017,GEO,LBN,611420
2367141,97,124,7731,2015,3426.0,5951.0,0.8255290000000001,1.8017279999999998,HKG,LBN,611420
2367142,103,124,7731,2015,8312.0,0.0,-0.145103,1.277362,IDN,LBN,611420
2367143,104,124,7731,2015,254170.0,0.0,0.24230900000000002,2.8190880000000003,IND,LBN,611420
2367144,106,124,7731,2015,0.0,1198.0,1.304942,0.126431,IRL,LBN,611420
2367145,108,124,7731,2015,0.0,2408.0,-1.465803,-0.912113,IRQ,LBN,611420
2367146,111,124,7731,2015,402691.0,935.0,1.321127,0.747046,ITA,LBN,611420
2367147,113,124,7731,2015,0.0,3310.0,0.121172,0.457301,JOR,LBN,611420
2367148,118,124,7731,2015,15368.0,0.0,-0.791985,-0.833046,KHM,LBN,611420
2367149,122,124,7731,2015,41811.0,0.0,-0.352023,-1.153057,KWT,LBN,611420
2367150,128,124,7731,2015,12563.0,0.0,-0.6773399999999999,0.386343,LKA,LBN,611420
2367151,134,124,7731,2015,317280.0,0.0,-0.7554810000000001,-0.059697,MAR,LBN,611420
2367152,151,124,7731,2015,1108.0,0.0,-0.231762,-0.195051,MUS,LBN,611420
2367153,162,124,7731,2015,11236.0,0.0,1.230104,1.27344,NLD,LBN,611420
2367154,166,124,7731,2015,4012.0,0.0,0.224598,0.253179,NZL,LBN,611420
2367155,168,124,7731,2015,1108.0,0.0,-0.7059979999999999,0.73501,PAK,LBN,611420
2367156,179,124,7731,2015,72469.0,0.0,0.561922,2.2276380000000002,PRT,LBN,611420
2367157,185,124,7731,2015,123696.0,0.0,0.946363,1.056775,ROU,LBN,611420
2367158,192,124,7731,2015,57881.0,0.0,2.05613,0.593065,SGP,LBN,611420
2367159,208,124,7731,2015,0.0,1269.0,1.8068349999999997,0.693389,SWE,LBN,611420
2367160,216,124,7731,2015,2527.0,0.0,0.965888,1.368572,THA,LBN,611420
2367161,223,124,7731,2015,5049.0,0.0,0.140202,0.967591,TUN,LBN,611420
2367162,224,124,7731,2015,377935.0,0.0,0.438669,2.519632,TUR,LBN,611420
2367163,231,124,7731,2015,15072.0,0.0,1.720478,-0.129322,USA,LBN,611420
2367164,239,124,7731,2015,69484.0,0.0,-0.17108900000000002,1.10995,VNM,LBN,611420
2367165,7,128,7731,2015,124734.0,82514.0,0.21779600000000002,-0.0047420000000000006,ARE,LKA,611420
2367166,8,128,7731,2015,0.0,3863.0,0.116896,0.30330999999999997,ARG,LKA,611420
2367167,9,128,7731,2015,0.0,1807.0,0.037579,-0.42448800000000003,ARM,LKA,611420
2367168,14,128,7731,2015,0.0,160196.0,-0.292325,-0.043489,AUS,LKA,611420
2367169,15,128,7731,2015,0.0,42374.0,1.747098,-0.08026699999999999,AUT,LKA,611420
2367170,18,128,7731,2015,0.0,21107.0,1.329866,1.100641,BEL,LKA,611420
2367171,22,128,7731,2015,1612.0,0.0,-1.088465,-0.8745360000000001,BGD,LKA,611420
2367172,24,128,7731,2015,0.0,2078.0,0.36650900000000003,-0.28735,BHR,LKA,611420
2367173,28,128,7731,2015,0.0,6051.0,0.672499,0.5584020000000001,BLR,LKA,611420
2367174,32,128,7731,2015,0.0,1657.0,0.23656799999999997,0.688607,BRA,LKA,611420
2367175,39,128,7731,2015,4393.0,50333.0,0.695867,1.171676,CAN,LKA,611420
2367176,41,128,7731,2015,0.0,33693.0,2.306075,0.720781,CHE,LKA,611420
2367177,42,128,7731,2015,0.0,3090.0,-0.356167,-0.47629399999999994,CHL,LKA,611420
2367178,43,128,7731,2015,108556.0,117977.0,1.077143,1.735757,CHN,LKA,611420
2367179,49,128,7731,2015,0.0,2128.0,0.156383,-0.183055,COL,LKA,611420
2367180,59,128,7731,2015,0.0,69302.0,1.743012,0.45424,CZE,LKA,611420
2367181,61,128,7731,2015,0.0,392546.0,2.203818,-2.307561,DEU,LKA,611420
2367182,64,128,7731,2015,0.0,32001.0,1.157924,1.2045629999999998,DNK,LKA,611420
2367183,67,128,7731,2015,0.0,2358.0,-0.9845959999999999,-1.075639,ECU,LKA,611420
2367184,71,128,7731,2015,1134.0,158922.0,0.8173590000000001,2.442556,ESP,LKA,611420
2367185,72,128,7731,2015,0.0,3094.0,0.9281149999999999,1.1780389999999998,EST,LKA,611420
2367186,74,128,7731,2015,0.0,11540.0,1.597817,0.998059,FIN,LKA,611420
2367187,77,128,7731,2015,0.0,238301.0,1.479792,0.6490239999999999,FRA,LKA,611420
2367188,81,128,7731,2015,1217.0,5954739.0,1.7422990000000003,0.75838,GBR,LKA,611420
2367189,97,128,7731,2015,0.0,6804.0,0.8255290000000001,1.8017279999999998,HKG,LKA,611420
2367190,100,128,7731,2015,0.0,10601.0,0.7590140000000001,1.257415,HRV,LKA,611420
2367191,104,128,7731,2015,357365.0,6505.0,0.24230900000000002,2.8190880000000003,IND,LKA,611420
2367192,106,128,7731,2015,0.0,51664.0,1.304942,0.126431,IRL,LKA,611420
2367193,109,128,7731,2015,0.0,352.0,0.24527600000000002,-0.411616,ISL,LKA,611420
2367194,111,128,7731,2015,17128.0,14362.0,1.321127,0.747046,ITA,LKA,611420
2367195,113,128,7731,2015,12916.0,16032.0,0.121172,0.457301,JOR,LKA,611420
2367196,114,128,7731,2015,0.0,7072.0,2.516133,-0.484202,JPN,LKA,611420
2367197,115,128,7731,2015,0.0,6042.0,-0.45091499999999995,-0.652026,KAZ,LKA,611420
2367198,121,128,7731,2015,0.0,18516.0,1.900653,0.859406,KOR,LKA,611420
2367199,122,128,7731,2015,0.0,9650.0,-0.352023,-1.153057,KWT,LKA,611420
2367200,124,128,7731,2015,0.0,12563.0,0.317355,1.330374,LBN,LKA,611420
2367201,131,128,7731,2015,0.0,353.0,1.218924,1.247152,LUX,LKA,611420
2367202,137,128,7731,2015,0.0,3474.0,-0.321571,-0.858751,MDV,LKA,611420
2367203,138,128,7731,2015,0.0,10882.0,1.169724,0.61457,MEX,LKA,611420
2367204,151,128,7731,2015,3970.0,0.0,-0.231762,-0.195051,MUS,LKA,611420
2367205,162,128,7731,2015,0.0,38754.0,1.230104,1.27344,NLD,LKA,611420
2367206,163,128,7731,2015,0.0,4632.0,0.950708,0.314339,NOR,LKA,611420
2367207,166,128,7731,2015,0.0,1947.0,0.224598,0.253179,NZL,LKA,611420
2367208,168,128,7731,2015,2607.0,0.0,-0.7059979999999999,0.73501,PAK,LKA,611420
2367209,173,128,7731,2015,0.0,9939.0,-0.6007819999999999,0.32152800000000004,PER,LKA,611420
2367210,177,128,7731,2015,0.0,108494.0,1.145844,1.1449280000000002,POL,LKA,611420
2367211,178,128,7731,2015,0.0,5744.0,-0.404818,-0.075235,PRK,LKA,611420
2367212,183,128,7731,2015,0.0,14517.0,-0.077053,-0.9922719999999999,QAT,LKA,611420
2367213,186,128,7731,2015,0.0,54289.0,0.23119,0.035965,RUS,LKA,611420
2367214,188,128,7731,2015,0.0,4433.0,0.5552520000000001,-0.7263229999999999,SAU,LKA,611420
2367215,192,128,7731,2015,0.0,16459.0,2.05613,0.593065,SGP,LKA,611420
2367216,201,128,7731,2015,0.0,741.0,0.457042,1.324908,SRB,LKA,611420
2367217,206,128,7731,2015,0.0,466304.0,1.287133,0.7900560000000001,SVK,LKA,611420
2367218,207,128,7731,2015,0.0,7117.0,1.6089879999999999,0.833616,SVN,LKA,611420
2367219,208,128,7731,2015,0.0,25588.0,1.8068349999999997,0.693389,SWE,LKA,611420
2367220,216,128,7731,2015,997.0,102040.0,0.965888,1.368572,THA,LKA,611420
2367221,223,128,7731,2015,0.0,1248.0,0.140202,0.967591,TUN,LKA,611420
2367222,224,128,7731,2015,0.0,30488.0,0.438669,2.519632,TUR,LKA,611420
2367223,228,128,7731,2015,0.0,3323.0,0.429879,0.701813,UKR,LKA,611420
2367224,231,128,7731,2015,0.0,3882484.0,1.720478,-0.129322,USA,LKA,611420
2367225,246,128,7731,2015,0.0,1149.0,0.24944699999999997,1.7573159999999999,ZAF,LKA,611420
2367226,249,128,7731,2015,0.0,2581.0,1.962832,1.214982,TWN,LKA,611420
2367227,7,130,7731,2015,1099.0,0.0,0.21779600000000002,-0.0047420000000000006,ARE,LTU,611420
2367228,15,130,7731,2015,2377.0,12062.0,1.747098,-0.08026699999999999,AUT,LTU,611420
2367229,22,130,7731,2015,6938.0,0.0,-1.088465,-0.8745360000000001,BGD,LTU,611420
2367230,28,130,7731,2015,0.0,1093.0,0.672499,0.5584020000000001,BLR,LTU,611420
2367231,39,130,7731,2015,0.0,956.0,0.695867,1.171676,CAN,LTU,611420
2367232,41,130,7731,2015,0.0,35960.0,2.306075,0.720781,CHE,LTU,611420
2367233,43,130,7731,2015,41931.0,0.0,1.077143,1.735757,CHN,LTU,611420
2367234,59,130,7731,2015,9518.0,0.0,1.743012,0.45424,CZE,LTU,611420
2367235,61,130,7731,2015,45709.0,117286.0,2.203818,-2.307561,DEU,LTU,611420
2367236,64,130,7731,2015,1105578.0,5498.0,1.157924,1.2045629999999998,DNK,LTU,611420
2367237,71,130,7731,2015,27828.0,1338.0,0.8173590000000001,2.442556,ESP,LTU,611420
2367238,72,130,7731,2015,5060.0,18226.0,0.9281149999999999,1.1780389999999998,EST,LTU,611420
2367239,74,130,7731,2015,2243.0,2107.0,1.597817,0.998059,FIN,LTU,611420
2367240,77,130,7731,2015,3572.0,5551.0,1.479792,0.6490239999999999,FRA,LTU,611420
2367241,81,130,7731,2015,9429.0,0.0,1.7422990000000003,0.75838,GBR,LTU,611420
2367242,104,130,7731,2015,83210.0,0.0,0.24230900000000002,2.8190880000000003,IND,LTU,611420
2367243,109,130,7731,2015,0.0,3613.0,0.24527600000000002,-0.411616,ISL,LTU,611420
2367244,111,130,7731,2015,28848.0,0.0,1.321127,0.747046,ITA,LTU,611420
2367245,131,130,7731,2015,0.0,1385.0,1.218924,1.247152,LUX,LTU,611420
2367246,132,130,7731,2015,1449.0,11466.0,0.602209,1.125357,LVA,LTU,611420
2367247,162,130,7731,2015,18148.0,22079.0,1.230104,1.27344,NLD,LTU,611420
2367248,163,130,7731,2015,5086.0,8270.0,0.950708,0.314339,NOR,LTU,611420
2367249,177,130,7731,2015,146224.0,8569.0,1.145844,1.1449280000000002,POL,LTU,611420
2367250,186,130,7731,2015,0.0,12290.0,0.23119,0.035965,RUS,LTU,611420
2367251,192,130,7731,2015,5390.0,0.0,2.05613,0.593065,SGP,LTU,611420
2367252,208,130,7731,2015,0.0,5467.0,1.8068349999999997,0.693389,SWE,LTU,611420
2367253,224,130,7731,2015,145257.0,0.0,0.438669,2.519632,TUR,LTU,611420
2367254,15,131,7731,2015,16771.0,0.0,1.747098,-0.08026699999999999,AUT,LUX,611420
2367255,18,131,7731,2015,88343.0,69311.0,1.329866,1.100641,BEL,LUX,611420
2367256,22,131,7731,2015,95975.0,0.0,-1.088465,-0.8745360000000001,BGD,LUX,611420
2367257,23,131,7731,2015,1724.0,3099.0,0.45640699999999995,1.691455,BGR,LUX,611420
2367258,41,131,7731,2015,29183.0,1139.0,2.306075,0.720781,CHE,LUX,611420
2367259,43,131,7731,2015,107488.0,0.0,1.077143,1.735757,CHN,LUX,611420
2367260,59,131,7731,2015,4861.0,0.0,1.743012,0.45424,CZE,LUX,611420
2367261,61,131,7731,2015,157480.0,239361.0,2.203818,-2.307561,DEU,LUX,611420
2367262,64,131,7731,2015,60106.0,0.0,1.157924,1.2045629999999998,DNK,LUX,611420
2367263,68,131,7731,2015,2066.0,0.0,-0.183053,1.765036,EGY,LUX,611420
2367264,71,131,7731,2015,27320.0,0.0,0.8173590000000001,2.442556,ESP,LUX,611420
2367265,77,131,7731,2015,239131.0,9142.0,1.479792,0.6490239999999999,FRA,LUX,611420
2367266,81,131,7731,2015,14891.0,0.0,1.7422990000000003,0.75838,GBR,LUX,611420
2367267,102,131,7731,2015,24343.0,0.0,1.462839,0.803258,HUN,LUX,611420
2367268,103,131,7731,2015,5548.0,0.0,-0.145103,1.277362,IDN,LUX,611420
2367269,104,131,7731,2015,4995.0,0.0,0.24230900000000002,2.8190880000000003,IND,LUX,611420
2367270,106,131,7731,2015,811.0,0.0,1.304942,0.126431,IRL,LUX,611420
2367271,111,131,7731,2015,18525.0,1475.0,1.321127,0.747046,ITA,LUX,611420
2367272,118,131,7731,2015,17023.0,0.0,-0.791985,-0.833046,KHM,LUX,611420
2367273,121,131,7731,2015,458.0,0.0,1.900653,0.859406,KOR,LUX,611420
2367274,128,131,7731,2015,353.0,0.0,-0.6773399999999999,0.386343,LKA,LUX,611420
2367275,130,131,7731,2015,1385.0,0.0,0.749429,1.3659860000000001,LTU,LUX,611420
2367276,162,131,7731,2015,70208.0,17404.0,1.230104,1.27344,NLD,LUX,611420
2367277,163,131,7731,2015,0.0,3308.0,0.950708,0.314339,NOR,LUX,611420
2367278,168,131,7731,2015,330.0,0.0,-0.7059979999999999,0.73501,PAK,LUX,611420
2367279,177,131,7731,2015,6506.0,0.0,1.145844,1.1449280000000002,POL,LUX,611420
2367280,185,131,7731,2015,33791.0,0.0,0.946363,1.056775,ROU,LUX,611420
2367281,223,131,7731,2015,1466.0,0.0,0.140202,0.967591,TUN,LUX,611420
2367282,224,131,7731,2015,9849.0,0.0,0.438669,2.519632,TUR,LUX,611420
2367283,231,131,7731,2015,1206.0,0.0,1.720478,-0.129322,USA,LUX,611420
2367284,239,131,7731,2015,992.0,0.0,-0.17108900000000002,1.10995,VNM,LUX,611420
2367285,250,131,7731,2015,372612.0,0.0,0.377283,-0.092204,ANS,LUX,611420
2367286,15,132,7731,2015,1657.0,0.0,1.747098,-0.08026699999999999,AUT,LVA,611420
2367287,41,132,7731,2015,0.0,1596.0,2.306075,0.720781,CHE,LVA,611420
2367288,43,132,7731,2015,26871.0,1055.0,1.077143,1.735757,CHN,LVA,611420
2367289,59,132,7731,2015,14545.0,0.0,1.743012,0.45424,CZE,LVA,611420
2367290,61,132,7731,2015,21944.0,7120.0,2.203818,-2.307561,DEU,LVA,611420
2367291,64,132,7731,2015,23222.0,0.0,1.157924,1.2045629999999998,DNK,LVA,611420
2367292,71,132,7731,2015,13733.0,0.0,0.8173590000000001,2.442556,ESP,LVA,611420
2367293,72,132,7731,2015,51795.0,5827.0,0.9281149999999999,1.1780389999999998,EST,LVA,611420
2367294,74,132,7731,2015,3429.0,2093.0,1.597817,0.998059,FIN,LVA,611420
2367295,77,132,7731,2015,3024.0,0.0,1.479792,0.6490239999999999,FRA,LVA,611420
2367296,81,132,7731,2015,21290.0,0.0,1.7422990000000003,0.75838,GBR,LVA,611420
2367297,104,132,7731,2015,20854.0,0.0,0.24230900000000002,2.8190880000000003,IND,LVA,611420
2367298,111,132,7731,2015,36619.0,0.0,1.321127,0.747046,ITA,LVA,611420
2367299,130,132,7731,2015,11466.0,1449.0,0.749429,1.3659860000000001,LTU,LVA,611420
2367300,162,132,7731,2015,4023.0,8873.0,1.230104,1.27344,NLD,LVA,611420
2367301,163,132,7731,2015,2366.0,1140.0,0.950708,0.314339,NOR,LVA,611420
2367302,177,132,7731,2015,128046.0,0.0,1.145844,1.1449280000000002,POL,LVA,611420
2367303,186,132,7731,2015,0.0,810.0,0.23119,0.035965,RUS,LVA,611420
2367304,208,132,7731,2015,7649.0,0.0,1.8068349999999997,0.693389,SWE,LVA,611420
2367305,224,132,7731,2015,11708.0,0.0,0.438669,2.519632,TUR,LVA,611420
2367306,7,140,7731,2015,9297.0,0.0,0.21779600000000002,-0.0047420000000000006,ARE,MKD,611420
2367307,22,140,7731,2015,1278.0,0.0,-1.088465,-0.8745360000000001,BGD,MKD,611420
2367308,43,140,7731,2015,13481.0,2042.0,1.077143,1.735757,CHN,MKD,611420
2367309,59,140,7731,2015,1546.0,17085.0,1.743012,0.45424,CZE,MKD,611420
2367310,61,140,7731,2015,5936.0,3230.0,2.203818,-2.307561,DEU,MKD,611420
2367311,64,140,7731,2015,842.0,0.0,1.157924,1.2045629999999998,DNK,MKD,611420
2367312,71,140,7731,2015,5371.0,0.0,0.8173590000000001,2.442556,ESP,MKD,611420
2367313,77,140,7731,2015,1308.0,3017.0,1.479792,0.6490239999999999,FRA,MKD,611420
2367314,81,140,7731,2015,1560.0,0.0,1.7422990000000003,0.75838,GBR,MKD,611420
2367315,90,140,7731,2015,3742.0,0.0,0.099027,1.012289,GRC,MKD,611420
2367316,100,140,7731,2015,0.0,14728.0,0.7590140000000001,1.257415,HRV,MKD,611420
2367317,104,140,7731,2015,823.0,0.0,0.24230900000000002,2.8190880000000003,IND,MKD,611420
2367318,106,140,7731,2015,0.0,6964.0,1.304942,0.126431,IRL,MKD,611420
2367319,111,140,7731,2015,22244.0,0.0,1.321127,0.747046,ITA,MKD,611420
2367320,134,140,7731,2015,459.0,0.0,-0.7554810000000001,-0.059697,MAR,MKD,611420
2367321,135,140,7731,2015,1796.0,0.0,-0.313837,-0.20393,MDA,MKD,611420
2367322,179,140,7731,2015,797.0,0.0,0.561922,2.2276380000000002,PRT,MKD,611420
2367323,201,140,7731,2015,11888.0,1235.0,0.457042,1.324908,SRB,MKD,611420
2367324,224,140,7731,2015,35873.0,0.0,0.438669,2.519632,TUR,MKD,611420
2367325,15,142,7731,2015,0.0,59939.0,1.747098,-0.08026699999999999,AUT,MLT,611420
2367326,18,142,7731,2015,1480.0,0.0,1.329866,1.100641,BEL,MLT,611420
2367327,43,142,7731,2015,41709.0,0.0,1.077143,1.735757,CHN,MLT,611420
2367328,61,142,7731,2015,6075.0,52910.0,2.203818,-2.307561,DEU,MLT,611420
2367329,71,142,7731,2015,43179.0,0.0,0.8173590000000001,2.442556,ESP,MLT,611420
2367330,77,142,7731,2015,11466.0,0.0,1.479792,0.6490239999999999,FRA,MLT,611420
2367331,81,142,7731,2015,120402.0,0.0,1.7422990000000003,0.75838,GBR,MLT,611420
2367332,90,142,7731,2015,4513.0,0.0,0.099027,1.012289,GRC,MLT,611420
2367333,97,142,7731,2015,10226.0,0.0,0.8255290000000001,1.8017279999999998,HKG,MLT,611420
2367334,111,142,7731,2015,86229.0,0.0,1.321127,0.747046,ITA,MLT,611420
2367335,126,142,7731,2015,0.0,2443.0,-1.3257219999999998,-1.260453,LBY,MLT,611420
2367336,162,142,7731,2015,11580.0,1268.0,1.230104,1.27344,NLD,MLT,611420
2367337,177,142,7731,2015,2532.0,0.0,1.145844,1.1449280000000002,POL,MLT,611420
2367338,198,142,7731,2015,7737.0,0.0,0.918452,0.559399,SMR,MLT,611420
2367339,7,143,7731,2015,0.0,13478.0,0.21779600000000002,-0.0047420000000000006,ARE,MMR,611420
2367340,22,143,7731,2015,46522.0,0.0,-1.088465,-0.8745360000000001,BGD,MMR,611420
2367341,39,143,7731,2015,0.0,9846.0,0.695867,1.171676,CAN,MMR,611420
2367342,43,143,7731,2015,5914.0,6754.0,1.077143,1.735757,CHN,MMR,611420
2367343,71,143,7731,2015,0.0,2667.0,0.8173590000000001,2.442556,ESP,MMR,611420
2367344,104,143,7731,2015,58562.0,0.0,0.24230900000000002,2.8190880000000003,IND,MMR,611420
2367345,114,143,7731,2015,0.0,130060.0,2.516133,-0.484202,JPN,MMR,611420
2367346,121,143,7731,2015,0.0,397792.0,1.900653,0.859406,KOR,MMR,611420
2367347,138,143,7731,2015,0.0,1992.0,1.169724,0.61457,MEX,MMR,611420
2367348,153,143,7731,2015,0.0,32377.0,1.082803,0.811615,MYS,MMR,611420
2367349,173,143,7731,2015,0.0,1060.0,-0.6007819999999999,0.32152800000000004,PER,MMR,611420
2367350,192,143,7731,2015,37120.0,0.0,2.05613,0.593065,SGP,MMR,611420
2367351,216,143,7731,2015,1298.0,0.0,0.965888,1.368572,THA,MMR,611420
2367352,224,143,7731,2015,0.0,3745.0,0.438669,2.519632,TUR,MMR,611420
2367353,231,143,7731,2015,0.0,190834.0,1.720478,-0.129322,USA,MMR,611420
2367354,239,143,7731,2015,2522.0,2209.0,-0.17108900000000002,1.10995,VNM,MMR,611420
2367355,7,163,7731,2015,1537.0,973.0,0.21779600000000002,-0.0047420000000000006,ARE,NOR,611420
2367356,14,163,7731,2015,977.0,4424.0,-0.292325,-0.043489,AUS,NOR,611420
2367357,15,163,7731,2015,7031.0,23659.0,1.747098,-0.08026699999999999,AUT,NOR,611420
2367358,18,163,7731,2015,2085.0,9139.0,1.329866,1.100641,BEL,NOR,611420
2367359,22,163,7731,2015,214763.0,6924.0,-1.088465,-0.8745360000000001,BGD,NOR,611420
2367360,23,163,7731,2015,3783.0,4891.0,0.45640699999999995,1.691455,BGR,NOR,611420
2367361,39,163,7731,2015,0.0,3046.0,0.695867,1.171676,CAN,NOR,611420
2367362,41,163,7731,2015,24310.0,26592.0,2.306075,0.720781,CHE,NOR,611420
2367363,42,163,7731,2015,0.0,2004.0,-0.356167,-0.47629399999999994,CHL,NOR,611420
2367364,43,163,7731,2015,539525.0,1794.0,1.077143,1.735757,CHN,NOR,611420
2367365,59,163,7731,2015,5325.0,1554.0,1.743012,0.45424,CZE,NOR,611420
2367366,61,163,7731,2015,193018.0,19611.0,2.203818,-2.307561,DEU,NOR,611420
2367367,64,163,7731,2015,765233.0,118021.0,1.157924,1.2045629999999998,DNK,NOR,611420
2367368,65,163,7731,2015,4127.0,0.0,-0.212808,0.395873,DOM,NOR,611420
2367369,71,163,7731,2015,72409.0,5032.0,0.8173590000000001,2.442556,ESP,NOR,611420
2367370,72,163,7731,2015,2952.0,1755.0,0.9281149999999999,1.1780389999999998,EST,NOR,611420
2367371,74,163,7731,2015,0.0,12570.0,1.597817,0.998059,FIN,NOR,611420
2367372,77,163,7731,2015,632263.0,8625.0,1.479792,0.6490239999999999,FRA,NOR,611420
2367373,81,163,7731,2015,36242.0,26651.0,1.7422990000000003,0.75838,GBR,NOR,611420
2367374,90,163,7731,2015,1065.0,1403.0,0.099027,1.012289,GRC,NOR,611420
2367375,97,163,7731,2015,24023.0,19615.0,0.8255290000000001,1.8017279999999998,HKG,NOR,611420
2367376,99,163,7731,2015,1927.0,0.0,-0.578635,-0.292053,HND,NOR,611420
2367377,102,163,7731,2015,10525.0,1852.0,1.462839,0.803258,HUN,NOR,611420
2367378,103,163,7731,2015,140224.0,0.0,-0.145103,1.277362,IDN,NOR,611420
2367379,104,163,7731,2015,632212.0,1106.0,0.24230900000000002,2.8190880000000003,IND,NOR,611420
2367380,109,163,7731,2015,0.0,14843.0,0.24527600000000002,-0.411616,ISL,NOR,611420
2367381,111,163,7731,2015,26806.0,23877.0,1.321127,0.747046,ITA,NOR,611420
2367382,114,163,7731,2015,0.0,9453.0,2.516133,-0.484202,JPN,NOR,611420
2367383,118,163,7731,2015,74973.0,0.0,-0.791985,-0.833046,KHM,NOR,611420
2367384,121,163,7731,2015,0.0,8895.0,1.900653,0.859406,KOR,NOR,611420
2367385,128,163,7731,2015,4632.0,0.0,-0.6773399999999999,0.386343,LKA,NOR,611420
2367386,130,163,7731,2015,8270.0,5086.0,0.749429,1.3659860000000001,LTU,NOR,611420
2367387,131,163,7731,2015,3308.0,0.0,1.218924,1.247152,LUX,NOR,611420
2367388,132,163,7731,2015,1140.0,2366.0,0.602209,1.125357,LVA,NOR,611420
2367389,134,163,7731,2015,3228.0,0.0,-0.7554810000000001,-0.059697,MAR,NOR,611420
2367390,162,163,7731,2015,68500.0,56731.0,1.230104,1.27344,NLD,NOR,611420
2367391,166,163,7731,2015,0.0,957.0,0.224598,0.253179,NZL,NOR,611420
2367392,168,163,7731,2015,8983.0,0.0,-0.7059979999999999,0.73501,PAK,NOR,611420
2367393,173,163,7731,2015,2924.0,0.0,-0.6007819999999999,0.32152800000000004,PER,NOR,611420
2367394,177,163,7731,2015,13743.0,0.0,1.145844,1.1449280000000002,POL,NOR,611420
2367395,179,163,7731,2015,68442.0,1226.0,0.561922,2.2276380000000002,PRT,NOR,611420
2367396,185,163,7731,2015,2367.0,0.0,0.946363,1.056775,ROU,NOR,611420
2367397,186,163,7731,2015,2097.0,0.0,0.23119,0.035965,RUS,NOR,611420
2367398,192,163,7731,2015,0.0,5921.0,2.05613,0.593065,SGP,NOR,611420
2367399,207,163,7731,2015,0.0,1233.0,1.6089879999999999,0.833616,SVN,NOR,611420
2367400,208,163,7731,2015,430214.0,167331.0,1.8068349999999997,0.693389,SWE,NOR,611420
2367401,216,163,7731,2015,1779.0,0.0,0.965888,1.368572,THA,NOR,611420
2367402,223,163,7731,2015,872.0,0.0,0.140202,0.967591,TUN,NOR,611420
2367403,224,163,7731,2015,27439.0,0.0,0.438669,2.519632,TUR,NOR,611420
2367404,226,163,7731,2015,1137.0,0.0,-1.02395,-0.017509999999999998,TZA,NOR,611420
2367405,228,163,7731,2015,1223.0,0.0,0.429879,0.701813,UKR,NOR,611420
2367406,231,163,7731,2015,23470.0,43115.0,1.720478,-0.129322,USA,NOR,611420
2367407,239,163,7731,2015,9009.0,0.0,-0.17108900000000002,1.10995,VNM,NOR,611420
2367408,7,164,7731,2015,0.0,7213.0,0.21779600000000002,-0.0047420000000000006,ARE,NPL,611420
2367409,14,164,7731,2015,0.0,4421.0,-0.292325,-0.043489,AUS,NPL,611420
2367410,15,164,7731,2015,0.0,970.0,1.747098,-0.08026699999999999,AUT,NPL,611420
2367411,39,164,7731,2015,0.0,2852.0,0.695867,1.171676,CAN,NPL,611420
2367412,41,164,7731,2015,2168.0,8424.0,2.306075,0.720781,CHE,NPL,611420
2367413,43,164,7731,2015,63538.0,995.0,1.077143,1.735757,CHN,NPL,611420
2367414,61,164,7731,2015,0.0,20206.0,2.203818,-2.307561,DEU,NPL,611420
2367415,71,164,7731,2015,0.0,57227.0,0.8173590000000001,2.442556,ESP,NPL,611420
2367416,77,164,7731,2015,0.0,14591.0,1.479792,0.6490239999999999,FRA,NPL,611420
2367417,81,164,7731,2015,0.0,9618.0,1.7422990000000003,0.75838,GBR,NPL,611420
2367418,103,164,7731,2015,1528.0,0.0,-0.145103,1.277362,IDN,NPL,611420
2367419,104,164,7731,2015,143776.0,0.0,0.24230900000000002,2.8190880000000003,IND,NPL,611420
2367420,106,164,7731,2015,0.0,3485.0,1.304942,0.126431,IRL,NPL,611420
2367421,111,164,7731,2015,0.0,10264.0,1.321127,0.747046,ITA,NPL,611420
2367422,114,164,7731,2015,0.0,1490.0,2.516133,-0.484202,JPN,NPL,611420
2367423,162,164,7731,2015,0.0,2180.0,1.230104,1.27344,NLD,NPL,611420
2367424,166,164,7731,2015,0.0,1276.0,0.224598,0.253179,NZL,NPL,611420
2367425,192,164,7731,2015,20902.0,6968.0,2.05613,0.593065,SGP,NPL,611420
2367426,208,164,7731,2015,0.0,2617.0,1.8068349999999997,0.693389,SWE,NPL,611420
2367427,216,164,7731,2015,1652.0,0.0,0.965888,1.368572,THA,NPL,611420
2367428,231,164,7731,2015,0.0,39820.0,1.720478,-0.129322,USA,NPL,611420
2367429,7,167,7731,2015,6034084.0,9635.0,0.21779600000000002,-0.0047420000000000006,ARE,OMN,611420
2367430,22,167,7731,2015,18498.0,0.0,-1.088465,-0.8745360000000001,BGD,OMN,611420
2367431,24,167,7731,2015,0.0,4940.0,0.36650900000000003,-0.28735,BHR,OMN,611420
2367432,39,167,7731,2015,7633.0,0.0,0.695867,1.171676,CAN,OMN,611420
2367433,43,167,7731,2015,2727079.0,0.0,1.077143,1.735757,CHN,OMN,611420
2367434,68,167,7731,2015,1148.0,0.0,-0.183053,1.765036,EGY,OMN,611420
2367435,71,167,7731,2015,18225.0,0.0,0.8173590000000001,2.442556,ESP,OMN,611420
2367436,74,167,7731,2015,13427.0,0.0,1.597817,0.998059,FIN,OMN,611420
2367437,77,167,7731,2015,11892.0,0.0,1.479792,0.6490239999999999,FRA,OMN,611420
2367438,81,167,7731,2015,0.0,1186.0,1.7422990000000003,0.75838,GBR,OMN,611420
2367439,97,167,7731,2015,10236.0,0.0,0.8255290000000001,1.8017279999999998,HKG,OMN,611420
2367440,103,167,7731,2015,178517.0,0.0,-0.145103,1.277362,IDN,OMN,611420
2367441,104,167,7731,2015,104014.0,0.0,0.24230900000000002,2.8190880000000003,IND,OMN,611420
2367442,111,167,7731,2015,1219.0,0.0,1.321127,0.747046,ITA,OMN,611420
2367443,114,167,7731,2015,2435.0,0.0,2.516133,-0.484202,JPN,OMN,611420
2367444,118,167,7731,2015,73037.0,0.0,-0.791985,-0.833046,KHM,OMN,611420
2367445,121,167,7731,2015,28409.0,0.0,1.900653,0.859406,KOR,OMN,611420
2367446,159,167,7731,2015,725.0,0.0,-1.415451,-1.157829,NGA,OMN,611420
2367447,168,167,7731,2015,228504.0,0.0,-0.7059979999999999,0.73501,PAK,OMN,611420
2367448,174,167,7731,2015,14579.0,0.0,0.6406270000000001,0.45770200000000005,PHL,OMN,611420
2367449,188,167,7731,2015,7547.0,9840.0,0.5552520000000001,-0.7263229999999999,SAU,OMN,611420
2367450,208,167,7731,2015,1600.0,0.0,1.8068349999999997,0.693389,SWE,OMN,611420
2367451,212,167,7731,2015,20379.0,0.0,-0.603532,0.313216,SYR,OMN,611420
2367452,216,167,7731,2015,68678.0,0.0,0.965888,1.368572,THA,OMN,611420
2367453,224,167,7731,2015,2908.0,0.0,0.438669,2.519632,TUR,OMN,611420
2367454,231,167,7731,2015,2509.0,0.0,1.720478,-0.129322,USA,OMN,611420
2367455,239,167,7731,2015,2152.0,0.0,-0.17108900000000002,1.10995,VNM,OMN,611420
2367456,249,167,7731,2015,16552.0,0.0,1.962832,1.214982,TWN,OMN,611420
2367457,7,183,7731,2015,254615.0,5998.0,0.21779600000000002,-0.0047420000000000006,ARE,QAT,611420
2367458,14,183,7731,2015,5452.0,0.0,-0.292325,-0.043489,AUS,QAT,611420
2367459,22,183,7731,2015,23866.0,0.0,-1.088465,-0.8745360000000001,BGD,QAT,611420
2367460,23,183,7731,2015,1732.0,0.0,0.45640699999999995,1.691455,BGR,QAT,611420
2367461,39,183,7731,2015,20361.0,0.0,0.695867,1.171676,CAN,QAT,611420
2367462,43,183,7731,2015,33468.0,0.0,1.077143,1.735757,CHN,QAT,611420
2367463,61,183,7731,2015,17986.0,0.0,2.203818,-2.307561,DEU,QAT,611420
2367464,65,183,7731,2015,2323.0,0.0,-0.212808,0.395873,DOM,QAT,611420
2367465,68,183,7731,2015,6400.0,0.0,-0.183053,1.765036,EGY,QAT,611420
2367466,71,183,7731,2015,107745.0,0.0,0.8173590000000001,2.442556,ESP,QAT,611420
2367467,77,183,7731,2015,68945.0,0.0,1.479792,0.6490239999999999,FRA,QAT,611420
2367468,81,183,7731,2015,4104.0,0.0,1.7422990000000003,0.75838,GBR,QAT,611420
2367469,93,183,7731,2015,15087.0,0.0,-0.284403,0.525564,GTM,QAT,611420
2367470,97,183,7731,2015,1978.0,0.0,0.8255290000000001,1.8017279999999998,HKG,QAT,611420
2367471,99,183,7731,2015,2084.0,0.0,-0.578635,-0.292053,HND,QAT,611420
2367472,103,183,7731,2015,41560.0,0.0,-0.145103,1.277362,IDN,QAT,611420
2367473,104,183,7731,2015,84199.0,0.0,0.24230900000000002,2.8190880000000003,IND,QAT,611420
2367474,106,183,7731,2015,0.0,948.0,1.304942,0.126431,IRL,QAT,611420
2367475,111,183,7731,2015,44345.0,0.0,1.321127,0.747046,ITA,QAT,611420
2367476,113,183,7731,2015,2420.0,0.0,0.121172,0.457301,JOR,QAT,611420
2367477,118,183,7731,2015,37170.0,0.0,-0.791985,-0.833046,KHM,QAT,611420
2367478,128,183,7731,2015,14517.0,0.0,-0.6773399999999999,0.386343,LKA,QAT,611420
2367479,134,183,7731,2015,2955.0,0.0,-0.7554810000000001,-0.059697,MAR,QAT,611420
2367480,135,183,7731,2015,3277.0,0.0,-0.313837,-0.20393,MDA,QAT,611420
2367481,138,183,7731,2015,1467.0,0.0,1.169724,0.61457,MEX,QAT,611420
2367482,151,183,7731,2015,1454.0,0.0,-0.231762,-0.195051,MUS,QAT,611420
2367483,162,183,7731,2015,1479.0,931.0,1.230104,1.27344,NLD,QAT,611420
2367484,168,183,7731,2015,21231.0,0.0,-0.7059979999999999,0.73501,PAK,QAT,611420
2367485,174,183,7731,2015,15549.0,0.0,0.6406270000000001,0.45770200000000005,PHL,QAT,611420
2367486,177,183,7731,2015,767.0,0.0,1.145844,1.1449280000000002,POL,QAT,611420
2367487,179,183,7731,2015,1182.0,1296.0,0.561922,2.2276380000000002,PRT,QAT,611420
2367488,185,183,7731,2015,2125.0,0.0,0.946363,1.056775,ROU,QAT,611420
2367489,188,183,7731,2015,1300.0,0.0,0.5552520000000001,-0.7263229999999999,SAU,QAT,611420
2367490,216,183,7731,2015,20342.0,0.0,0.965888,1.368572,THA,QAT,611420
2367491,223,183,7731,2015,1319.0,0.0,0.140202,0.967591,TUN,QAT,611420
2367492,224,183,7731,2015,82557.0,0.0,0.438669,2.519632,TUR,QAT,611420
2367493,231,183,7731,2015,18171.0,0.0,1.720478,-0.129322,USA,QAT,611420
2367494,239,183,7731,2015,19526.0,0.0,-0.17108900000000002,1.10995,VNM,QAT,611420
2367495,249,183,7731,2015,10617.0,0.0,1.962832,1.214982,TWN,QAT,611420
2367496,4,185,7731,2015,197357.0,110779.0,-0.601875,-0.27003,ALB,ROU,611420
2367497,5,185,7731,2015,0.0,923.0,0.850153,0.383793,AND,ROU,611420
2367498,7,185,7731,2015,28373.0,159567.0,0.21779600000000002,-0.0047420000000000006,ARE,ROU,611420
2367499,8,185,7731,2015,4277.0,0.0,0.116896,0.30330999999999997,ARG,ROU,611420
2367500,15,185,7731,2015,123218.0,30467.0,1.747098,-0.08026699999999999,AUT,ROU,611420
2367501,18,185,7731,2015,3457.0,4292.0,1.329866,1.100641,BEL,ROU,611420
2367502,22,185,7731,2015,2272.0,0.0,-1.088465,-0.8745360000000001,BGD,ROU,611420
2367503,23,185,7731,2015,133267.0,0.0,0.45640699999999995,1.691455,BGR,ROU,611420
2367504,24,185,7731,2015,0.0,1856.0,0.36650900000000003,-0.28735,BHR,ROU,611420
2367505,39,185,7731,2015,0.0,7287.0,0.695867,1.171676,CAN,ROU,611420
2367506,41,185,7731,2015,0.0,97990.0,2.306075,0.720781,CHE,ROU,611420
2367507,43,185,7731,2015,22285.0,16020.0,1.077143,1.735757,CHN,ROU,611420
2367508,59,185,7731,2015,23394.0,2263.0,1.743012,0.45424,CZE,ROU,611420
2367509,61,185,7731,2015,148573.0,46299.0,2.203818,-2.307561,DEU,ROU,611420
2367510,64,185,7731,2015,111549.0,29303.0,1.157924,1.2045629999999998,DNK,ROU,611420
2367511,71,185,7731,2015,155592.0,10696.0,0.8173590000000001,2.442556,ESP,ROU,611420
2367512,74,185,7731,2015,0.0,29074.0,1.597817,0.998059,FIN,ROU,611420
2367513,77,185,7731,2015,19022.0,232567.0,1.479792,0.6490239999999999,FRA,ROU,611420
2367514,81,185,7731,2015,51619.0,14105.0,1.7422990000000003,0.75838,GBR,ROU,611420
2367515,90,185,7731,2015,13000.0,0.0,0.099027,1.012289,GRC,ROU,611420
2367516,100,185,7731,2015,1463.0,8937.0,0.7590140000000001,1.257415,HRV,ROU,611420
2367517,102,185,7731,2015,9806.0,16881.0,1.462839,0.803258,HUN,ROU,611420
2367518,104,185,7731,2015,179749.0,0.0,0.24230900000000002,2.8190880000000003,IND,ROU,611420
2367519,106,185,7731,2015,0.0,44612.0,1.304942,0.126431,IRL,ROU,611420
2367520,109,185,7731,2015,0.0,2129.0,0.24527600000000002,-0.411616,ISL,ROU,611420
2367521,111,185,7731,2015,174191.0,965700.0,1.321127,0.747046,ITA,ROU,611420
2367522,113,185,7731,2015,0.0,9350.0,0.121172,0.457301,JOR,ROU,611420
2367523,114,185,7731,2015,0.0,1276.0,2.516133,-0.484202,JPN,ROU,611420
2367524,121,185,7731,2015,0.0,3009.0,1.900653,0.859406,KOR,ROU,611420
2367525,122,185,7731,2015,0.0,13340.0,-0.352023,-1.153057,KWT,ROU,611420
2367526,124,185,7731,2015,0.0,123696.0,0.317355,1.330374,LBN,ROU,611420
2367527,131,185,7731,2015,0.0,33791.0,1.218924,1.247152,LUX,ROU,611420
2367528,135,185,7731,2015,0.0,1241.0,-0.313837,-0.20393,MDA,ROU,611420
2367529,162,185,7731,2015,38143.0,29440.0,1.230104,1.27344,NLD,ROU,611420
2367530,163,185,7731,2015,0.0,2367.0,0.950708,0.314339,NOR,ROU,611420
2367531,177,185,7731,2015,676018.0,6587.0,1.145844,1.1449280000000002,POL,ROU,611420
2367532,183,185,7731,2015,0.0,2125.0,-0.077053,-0.9922719999999999,QAT,ROU,611420
2367533,186,185,7731,2015,0.0,12598.0,0.23119,0.035965,RUS,ROU,611420
2367534,201,185,7731,2015,7551.0,4532.0,0.457042,1.324908,SRB,ROU,611420
2367535,206,185,7731,2015,41851.0,2118.0,1.287133,0.7900560000000001,SVK,ROU,611420
2367536,208,185,7731,2015,0.0,66252.0,1.8068349999999997,0.693389,SWE,ROU,611420
2367537,216,185,7731,2015,0.0,1663.0,0.965888,1.368572,THA,ROU,611420
2367538,224,185,7731,2015,76395.0,1361.0,0.438669,2.519632,TUR,ROU,611420
2367539,228,185,7731,2015,0.0,4990.0,0.429879,0.701813,UKR,ROU,611420
2367540,231,185,7731,2015,0.0,20972.0,1.720478,-0.129322,USA,ROU,611420
2367541,7,186,7731,2015,33172.0,3976.0,0.21779600000000002,-0.0047420000000000006,ARE,RUS,611420
2367542,9,186,7731,2015,0.0,1329.0,0.037579,-0.42448800000000003,ARM,RUS,611420
2367543,15,186,7731,2015,99665.0,0.0,1.747098,-0.08026699999999999,AUT,RUS,611420
2367544,22,186,7731,2015,606819.0,0.0,-1.088465,-0.8745360000000001,BGD,RUS,611420
2367545,23,186,7731,2015,6152.0,0.0,0.45640699999999995,1.691455,BGR,RUS,611420
2367546,28,186,7731,2015,23043.0,44964.0,0.672499,0.5584020000000001,BLR,RUS,611420
2367547,41,186,7731,2015,20729.0,0.0,2.306075,0.720781,CHE,RUS,611420
2367548,43,186,7731,2015,3033007.0,34712.0,1.077143,1.735757,CHN,RUS,611420
2367549,59,186,7731,2015,2264.0,0.0,1.743012,0.45424,CZE,RUS,611420
2367550,61,186,7731,2015,464535.0,0.0,2.203818,-2.307561,DEU,RUS,611420
2367551,64,186,7731,2015,34103.0,21931.0,1.157924,1.2045629999999998,DNK,RUS,611420
2367552,68,186,7731,2015,2702.0,0.0,-0.183053,1.765036,EGY,RUS,611420
2367553,71,186,7731,2015,632814.0,0.0,0.8173590000000001,2.442556,ESP,RUS,611420
2367554,72,186,7731,2015,61109.0,0.0,0.9281149999999999,1.1780389999999998,EST,RUS,611420
2367555,74,186,7731,2015,17262.0,0.0,1.597817,0.998059,FIN,RUS,611420
2367556,77,186,7731,2015,1793203.0,0.0,1.479792,0.6490239999999999,FRA,RUS,611420
2367557,81,186,7731,2015,161193.0,0.0,1.7422990000000003,0.75838,GBR,RUS,611420
2367558,97,186,7731,2015,4149.0,0.0,0.8255290000000001,1.8017279999999998,HKG,RUS,611420
2367559,100,186,7731,2015,0.0,4545.0,0.7590140000000001,1.257415,HRV,RUS,611420
2367560,103,186,7731,2015,15921.0,0.0,-0.145103,1.277362,IDN,RUS,611420
2367561,104,186,7731,2015,920461.0,0.0,0.24230900000000002,2.8190880000000003,IND,RUS,611420
2367562,111,186,7731,2015,199568.0,1603.0,1.321127,0.747046,ITA,RUS,611420
2367563,114,186,7731,2015,0.0,1952.0,2.516133,-0.484202,JPN,RUS,611420
2367564,115,186,7731,2015,50216.0,134811.0,-0.45091499999999995,-0.652026,KAZ,RUS,611420
2367565,118,186,7731,2015,18732.0,0.0,-0.791985,-0.833046,KHM,RUS,611420
2367566,121,186,7731,2015,46841.0,10483.0,1.900653,0.859406,KOR,RUS,611420
2367567,128,186,7731,2015,54289.0,0.0,-0.6773399999999999,0.386343,LKA,RUS,611420
2367568,130,186,7731,2015,12290.0,0.0,0.749429,1.3659860000000001,LTU,RUS,611420
2367569,132,186,7731,2015,810.0,0.0,0.602209,1.125357,LVA,RUS,611420
2367570,134,186,7731,2015,53815.0,0.0,-0.7554810000000001,-0.059697,MAR,RUS,611420
2367571,135,186,7731,2015,0.0,918.0,-0.313837,-0.20393,MDA,RUS,611420
2367572,151,186,7731,2015,4681.0,0.0,-0.231762,-0.195051,MUS,RUS,611420
2367573,153,186,7731,2015,35211.0,0.0,1.082803,0.811615,MYS,RUS,611420
2367574,162,186,7731,2015,7399.0,0.0,1.230104,1.27344,NLD,RUS,611420
2367575,163,186,7731,2015,0.0,2097.0,0.950708,0.314339,NOR,RUS,611420
2367576,168,186,7731,2015,15767.0,0.0,-0.7059979999999999,0.73501,PAK,RUS,611420
2367577,177,186,7731,2015,155812.0,12308.0,1.145844,1.1449280000000002,POL,RUS,611420
2367578,179,186,7731,2015,9625.0,0.0,0.561922,2.2276380000000002,PRT,RUS,611420
2367579,185,186,7731,2015,12598.0,0.0,0.946363,1.056775,ROU,RUS,611420
2367580,201,186,7731,2015,7102.0,711.0,0.457042,1.324908,SRB,RUS,611420
2367581,206,186,7731,2015,12802.0,0.0,1.287133,0.7900560000000001,SVK,RUS,611420
2367582,208,186,7731,2015,1450.0,2450.0,1.8068349999999997,0.693389,SWE,RUS,611420
2367583,216,186,7731,2015,46368.0,0.0,0.965888,1.368572,THA,RUS,611420
2367584,223,186,7731,2015,73643.0,0.0,0.140202,0.967591,TUN,RUS,611420
2367585,224,186,7731,2015,320057.0,7854.0,0.438669,2.519632,TUR,RUS,611420
2367586,228,186,7731,2015,42840.0,988.0,0.429879,0.701813,UKR,RUS,611420
2367587,231,186,7731,2015,6153.0,1446.0,1.720478,-0.129322,USA,RUS,611420
2367588,232,186,7731,2015,71083.0,0.0,-0.724966,-0.599292,UZB,RUS,611420
2367589,239,186,7731,2015,6794.0,0.0,-0.17108900000000002,1.10995,VNM,RUS,611420
2367590,246,186,7731,2015,3338.0,0.0,0.24944699999999997,1.7573159999999999,ZAF,RUS,611420
2367591,250,186,7731,2015,443.0,0.0,0.377283,-0.092204,ANS,RUS,611420
2367592,7,191,7731,2015,292082.0,0.0,0.21779600000000002,-0.0047420000000000006,ARE,SEN,611420
2367593,43,191,7731,2015,2127.0,0.0,1.077143,1.735757,CHN,SEN,611420
2367594,51,191,7731,2015,0.0,2903.0,-0.263621,-0.772158,CPV,SEN,611420
2367595,71,191,7731,2015,11964.0,0.0,0.8173590000000001,2.442556,ESP,SEN,611420
2367596,77,191,7731,2015,26095.0,0.0,1.479792,0.6490239999999999,FRA,SEN,611420
2367597,104,191,7731,2015,120366.0,0.0,0.24230900000000002,2.8190880000000003,IND,SEN,611420
2367598,111,191,7731,2015,0.0,1104.0,1.321127,0.747046,ITA,SEN,611420
2367599,138,191,7731,2015,977.0,0.0,1.169724,0.61457,MEX,SEN,611420
2367600,168,191,7731,2015,4199.0,0.0,-0.7059979999999999,0.73501,PAK,SEN,611420
2367601,224,191,7731,2015,7193.0,0.0,0.438669,2.519632,TUR,SEN,611420
2367602,7,201,7731,2015,1246.0,2436.0,0.21779600000000002,-0.0047420000000000006,ARE,SRB,611420
2367603,15,201,7731,2015,16431.0,5262.0,1.747098,-0.08026699999999999,AUT,SRB,611420
2367604,22,201,7731,2015,17080.0,0.0,-1.088465,-0.8745360000000001,BGD,SRB,611420
2367605,23,201,7731,2015,1103.0,0.0,0.45640699999999995,1.691455,BGR,SRB,611420
2367606,26,201,7731,2015,0.0,109728.0,0.355903,0.723092,BIH,SRB,611420
2367607,39,201,7731,2015,7316.0,0.0,0.695867,1.171676,CAN,SRB,611420
2367608,41,201,7731,2015,7922.0,11548.0,2.306075,0.720781,CHE,SRB,611420
2367609,43,201,7731,2015,70108.0,940.0,1.077143,1.735757,CHN,SRB,611420
2367610,59,201,7731,2015,0.0,3000.0,1.743012,0.45424,CZE,SRB,611420
2367611,61,201,7731,2015,55372.0,132126.0,2.203818,-2.307561,DEU,SRB,611420
2367612,64,201,7731,2015,5915.0,0.0,1.157924,1.2045629999999998,DNK,SRB,611420
2367613,68,201,7731,2015,2521.0,0.0,-0.183053,1.765036,EGY,SRB,611420
2367614,71,201,7731,2015,38292.0,0.0,0.8173590000000001,2.442556,ESP,SRB,611420
2367615,77,201,7731,2015,34199.0,49758.0,1.479792,0.6490239999999999,FRA,SRB,611420
2367616,100,201,7731,2015,1751.0,7705.0,0.7590140000000001,1.257415,HRV,SRB,611420
2367617,103,201,7731,2015,432.0,0.0,-0.145103,1.277362,IDN,SRB,611420
2367618,104,201,7731,2015,17177.0,0.0,0.24230900000000002,2.8190880000000003,IND,SRB,611420
2367619,111,201,7731,2015,368785.0,1960.0,1.321127,0.747046,ITA,SRB,611420
2367620,118,201,7731,2015,5828.0,0.0,-0.791985,-0.833046,KHM,SRB,611420
2367621,121,201,7731,2015,0.0,1414.0,1.900653,0.859406,KOR,SRB,611420
2367622,128,201,7731,2015,741.0,0.0,-0.6773399999999999,0.386343,LKA,SRB,611420
2367623,134,201,7731,2015,1956.0,0.0,-0.7554810000000001,-0.059697,MAR,SRB,611420
2367624,140,201,7731,2015,1235.0,11888.0,-0.09009600000000001,-0.147359,MKD,SRB,611420
2367625,144,201,7731,2015,0.0,34032.0,-0.048385000000000004,-0.150759,MNE,SRB,611420
2367626,168,201,7731,2015,2471.0,0.0,-0.7059979999999999,0.73501,PAK,SRB,611420
2367627,173,201,7731,2015,389.0,0.0,-0.6007819999999999,0.32152800000000004,PER,SRB,611420
2367628,177,201,7731,2015,1112.0,0.0,1.145844,1.1449280000000002,POL,SRB,611420
2367629,179,201,7731,2015,2845.0,0.0,0.561922,2.2276380000000002,PRT,SRB,611420
2367630,185,201,7731,2015,4532.0,7551.0,0.946363,1.056775,ROU,SRB,611420
2367631,186,201,7731,2015,711.0,7102.0,0.23119,0.035965,RUS,SRB,611420
2367632,206,201,7731,2015,8788.0,1508.0,1.287133,0.7900560000000001,SVK,SRB,611420
2367633,207,201,7731,2015,16442.0,2900.0,1.6089879999999999,0.833616,SVN,SRB,611420
2367634,208,201,7731,2015,0.0,8049.0,1.8068349999999997,0.693389,SWE,SRB,611420
2367635,224,201,7731,2015,135065.0,0.0,0.438669,2.519632,TUR,SRB,611420
2367636,231,201,7731,2015,0.0,4206.0,1.720478,-0.129322,USA,SRB,611420
2367637,239,201,7731,2015,2120.0,0.0,-0.17108900000000002,1.10995,VNM,SRB,611420
2367638,7,206,7731,2015,0.0,7155.0,0.21779600000000002,-0.0047420000000000006,ARE,SVK,611420
2367639,15,206,7731,2015,87593.0,72914.0,1.747098,-0.08026699999999999,AUT,SVK,611420
2367640,18,206,7731,2015,2041.0,4533.0,1.329866,1.100641,BEL,SVK,611420
2367641,22,206,7731,2015,378606.0,0.0,-1.088465,-0.8745360000000001,BGD,SVK,611420
2367642,23,206,7731,2015,2240.0,0.0,0.45640699999999995,1.691455,BGR,SVK,611420
2367643,39,206,7731,2015,0.0,4223.0,0.695867,1.171676,CAN,SVK,611420
2367644,41,206,7731,2015,0.0,30872.0,2.306075,0.720781,CHE,SVK,611420
2367645,43,206,7731,2015,63470.0,0.0,1.077143,1.735757,CHN,SVK,611420
2367646,59,206,7731,2015,206408.0,333210.0,1.743012,0.45424,CZE,SVK,611420
2367647,61,206,7731,2015,884798.0,109475.0,2.203818,-2.307561,DEU,SVK,611420
2367648,64,206,7731,2015,2336.0,0.0,1.157924,1.2045629999999998,DNK,SVK,611420
2367649,68,206,7731,2015,10666.0,0.0,-0.183053,1.765036,EGY,SVK,611420
2367650,71,206,7731,2015,28094.0,0.0,0.8173590000000001,2.442556,ESP,SVK,611420
2367651,73,206,7731,2015,1818.0,0.0,-1.004896,-0.721019,ETH,SVK,611420
2367652,77,206,7731,2015,19471.0,19077.0,1.479792,0.6490239999999999,FRA,SVK,611420
2367653,81,206,7731,2015,32990.0,0.0,1.7422990000000003,0.75838,GBR,SVK,611420
2367654,82,206,7731,2015,0.0,4594.0,-0.343663,-0.588017,GEO,SVK,611420
2367655,84,206,7731,2015,0.0,4173.0,0.535143,-0.750155,GIB,SVK,611420
2367656,97,206,7731,2015,0.0,2190.0,0.8255290000000001,1.8017279999999998,HKG,SVK,611420
2367657,100,206,7731,2015,4930.0,13019.0,0.7590140000000001,1.257415,HRV,SVK,611420
2367658,102,206,7731,2015,2534.0,329237.0,1.462839,0.803258,HUN,SVK,611420
2367659,103,206,7731,2015,4247.0,0.0,-0.145103,1.277362,IDN,SVK,611420
2367660,104,206,7731,2015,421721.0,0.0,0.24230900000000002,2.8190880000000003,IND,SVK,611420
2367661,109,206,7731,2015,0.0,5489.0,0.24527600000000002,-0.411616,ISL,SVK,611420
2367662,111,206,7731,2015,203897.0,2840.0,1.321127,0.747046,ITA,SVK,611420
2367663,115,206,7731,2015,0.0,4207.0,-0.45091499999999995,-0.652026,KAZ,SVK,611420
2367664,118,206,7731,2015,49202.0,0.0,-0.791985,-0.833046,KHM,SVK,611420
2367665,122,206,7731,2015,0.0,958.0,-0.352023,-1.153057,KWT,SVK,611420
2367666,128,206,7731,2015,466304.0,0.0,-0.6773399999999999,0.386343,LKA,SVK,611420
2367667,134,206,7731,2015,3632.0,0.0,-0.7554810000000001,-0.059697,MAR,SVK,611420
2367668,162,206,7731,2015,76600.0,13524.0,1.230104,1.27344,NLD,SVK,611420
2367669,168,206,7731,2015,392.0,0.0,-0.7059979999999999,0.73501,PAK,SVK,611420
2367670,177,206,7731,2015,290850.0,1110099.0,1.145844,1.1449280000000002,POL,SVK,611420
2367671,179,206,7731,2015,3608.0,0.0,0.561922,2.2276380000000002,PRT,SVK,611420
2367672,185,206,7731,2015,2118.0,41851.0,0.946363,1.056775,ROU,SVK,611420
2367673,186,206,7731,2015,0.0,12802.0,0.23119,0.035965,RUS,SVK,611420
2367674,188,206,7731,2015,0.0,27576.0,0.5552520000000001,-0.7263229999999999,SAU,SVK,611420
2367675,201,206,7731,2015,1508.0,8788.0,0.457042,1.324908,SRB,SVK,611420
2367676,207,206,7731,2015,0.0,13833.0,1.6089879999999999,0.833616,SVN,SVK,611420
2367677,208,206,7731,2015,1092.0,0.0,1.8068349999999997,0.693389,SWE,SVK,611420
2367678,223,206,7731,2015,699.0,0.0,0.140202,0.967591,TUN,SVK,611420
2367679,224,206,7731,2015,1375134.0,133204.0,0.438669,2.519632,TUR,SVK,611420
2367680,231,206,7731,2015,0.0,74216.0,1.720478,-0.129322,USA,SVK,611420
2367681,239,206,7731,2015,2856.0,858.0,-0.17108900000000002,1.10995,VNM,SVK,611420
2367682,249,206,7731,2015,1617.0,0.0,1.962832,1.214982,TWN,SVK,611420
2367683,250,206,7731,2015,14359.0,0.0,0.377283,-0.092204,ANS,SVK,611420
2367684,15,207,7731,2015,205307.0,6677.0,1.747098,-0.08026699999999999,AUT,SVN,611420
2367685,22,207,7731,2015,204219.0,0.0,-1.088465,-0.8745360000000001,BGD,SVN,611420
2367686,23,207,7731,2015,3252.0,4238.0,0.45640699999999995,1.691455,BGR,SVN,611420
2367687,26,207,7731,2015,0.0,2087.0,0.355903,0.723092,BIH,SVN,611420
2367688,39,207,7731,2015,0.0,8707.0,0.695867,1.171676,CAN,SVN,611420
2367689,41,207,7731,2015,4850.0,8426.0,2.306075,0.720781,CHE,SVN,611420
2367690,43,207,7731,2015,13142.0,0.0,1.077143,1.735757,CHN,SVN,611420
2367691,59,207,7731,2015,4345.0,0.0,1.743012,0.45424,CZE,SVN,611420
2367692,61,207,7731,2015,299567.0,42784.0,2.203818,-2.307561,DEU,SVN,611420
2367693,64,207,7731,2015,27797.0,14187.0,1.157924,1.2045629999999998,DNK,SVN,611420
2367694,68,207,7731,2015,42965.0,0.0,-0.183053,1.765036,EGY,SVN,611420
2367695,71,207,7731,2015,44009.0,2100.0,0.8173590000000001,2.442556,ESP,SVN,611420
2367696,74,207,7731,2015,42849.0,0.0,1.597817,0.998059,FIN,SVN,611420
2367697,77,207,7731,2015,19171.0,1699.0,1.479792,0.6490239999999999,FRA,SVN,611420
2367698,81,207,7731,2015,32601.0,0.0,1.7422990000000003,0.75838,GBR,SVN,611420
2367699,88,207,7731,2015,0.0,1779.0,-2.6546,-1.010989,GNB,SVN,611420
2367700,90,207,7731,2015,1944.0,0.0,0.099027,1.012289,GRC,SVN,611420
2367701,100,207,7731,2015,10581.0,49571.0,0.7590140000000001,1.257415,HRV,SVN,611420
2367702,102,207,7731,2015,4157.0,0.0,1.462839,0.803258,HUN,SVN,611420
2367703,103,207,7731,2015,6778.0,0.0,-0.145103,1.277362,IDN,SVN,611420
2367704,104,207,7731,2015,251477.0,0.0,0.24230900000000002,2.8190880000000003,IND,SVN,611420
2367705,106,207,7731,2015,60959.0,0.0,1.304942,0.126431,IRL,SVN,611420
2367706,111,207,7731,2015,265835.0,6283.0,1.321127,0.747046,ITA,SVN,611420
2367707,118,207,7731,2015,11667.0,0.0,-0.791985,-0.833046,KHM,SVN,611420
2367708,128,207,7731,2015,7117.0,0.0,-0.6773399999999999,0.386343,LKA,SVN,611420
2367709,134,207,7731,2015,4322.0,0.0,-0.7554810000000001,-0.059697,MAR,SVN,611420
2367710,144,207,7731,2015,0.0,3981.0,-0.048385000000000004,-0.150759,MNE,SVN,611420
2367711,162,207,7731,2015,26085.0,27072.0,1.230104,1.27344,NLD,SVN,611420
2367712,163,207,7731,2015,1233.0,0.0,0.950708,0.314339,NOR,SVN,611420
2367713,168,207,7731,2015,11463.0,0.0,-0.7059979999999999,0.73501,PAK,SVN,611420
2367714,177,207,7731,2015,7448.0,0.0,1.145844,1.1449280000000002,POL,SVN,611420
2367715,179,207,7731,2015,3222.0,0.0,0.561922,2.2276380000000002,PRT,SVN,611420
2367716,201,207,7731,2015,2900.0,16442.0,0.457042,1.324908,SRB,SVN,611420
2367717,206,207,7731,2015,13833.0,0.0,1.287133,0.7900560000000001,SVK,SVN,611420
2367718,223,207,7731,2015,901.0,0.0,0.140202,0.967591,TUN,SVN,611420
2367719,224,207,7731,2015,4867.0,0.0,0.438669,2.519632,TUR,SVN,611420
2367720,231,207,7731,2015,0.0,1011.0,1.720478,-0.129322,USA,SVN,611420
2367721,239,207,7731,2015,6513.0,0.0,-0.17108900000000002,1.10995,VNM,SVN,611420
2367722,7,217,7731,2015,4087.0,0.0,0.21779600000000002,-0.0047420000000000006,ARE,TJK,611420
2367723,43,217,7731,2015,3707.0,0.0,1.077143,1.735757,CHN,TJK,611420
2367724,104,217,7731,2015,3250.0,0.0,0.24230900000000002,2.8190880000000003,IND,TJK,611420
2367725,224,217,7731,2015,34391.0,0.0,0.438669,2.519632,TUR,TJK,611420
2367726,43,219,7731,2015,6726.0,0.0,1.077143,1.735757,CHN,TKM,611420
2367727,81,219,7731,2015,7423.0,0.0,1.7422990000000003,0.75838,GBR,TKM,611420
2367728,224,219,7731,2015,8974.0,0.0,0.438669,2.519632,TUR,TKM,611420
2367729,228,219,7731,2015,3584.0,0.0,0.429879,0.701813,UKR,TKM,611420
2367730,7,226,7731,2015,1167244.0,0.0,0.21779600000000002,-0.0047420000000000006,ARE,TZA,611420
2367731,17,226,7731,2015,0.0,7281.0,-0.993318,-1.031194,BDI,TZA,611420
2367732,43,226,7731,2015,61745.0,0.0,1.077143,1.735757,CHN,TZA,611420
2367733,46,226,7731,2015,0.0,6175.0,-1.3921290000000002,-1.146549,COD,TZA,611420
2367734,81,226,7731,2015,1535.0,0.0,1.7422990000000003,0.75838,GBR,TZA,611420
2367735,104,226,7731,2015,12952.0,0.0,0.24230900000000002,2.8190880000000003,IND,TZA,611420
2367736,116,226,7731,2015,0.0,211330.0,-0.453564,0.433325,KEN,TZA,611420
2367737,163,226,7731,2015,0.0,1137.0,0.950708,0.314339,NOR,TZA,611420
2367738,246,226,7731,2015,0.0,8101.0,0.24944699999999997,1.7573159999999999,ZAF,TZA,611420
2367739,7,232,7731,2015,354187.0,0.0,0.21779600000000002,-0.0047420000000000006,ARE,UZB,611420
2367740,41,232,7731,2015,1466.0,0.0,2.306075,0.720781,CHE,UZB,611420
2367741,64,232,7731,2015,3540.0,0.0,1.157924,1.2045629999999998,DNK,UZB,611420
2367742,104,232,7731,2015,28761.0,0.0,0.24230900000000002,2.8190880000000003,IND,UZB,611420
2367743,111,232,7731,2015,6070.0,0.0,1.321127,0.747046,ITA,UZB,611420
2367744,186,232,7731,2015,0.0,71083.0,0.23119,0.035965,RUS,UZB,611420
2367745,5,239,7731,2015,0.0,1326.0,0.850153,0.383793,AND,VNM,611420
2367746,7,239,7731,2015,0.0,229551.0,0.21779600000000002,-0.0047420000000000006,ARE,VNM,611420
2367747,8,239,7731,2015,0.0,106004.0,0.116896,0.30330999999999997,ARG,VNM,611420
2367748,9,239,7731,2015,0.0,1123.0,0.037579,-0.42448800000000003,ARM,VNM,611420
2367749,14,239,7731,2015,0.0,958709.0,-0.292325,-0.043489,AUS,VNM,611420
2367750,15,239,7731,2015,0.0,31077.0,1.747098,-0.08026699999999999,AUT,VNM,611420
2367751,18,239,7731,2015,0.0,23357.0,1.329866,1.100641,BEL,VNM,611420
2367752,24,239,7731,2015,0.0,5472.0,0.36650900000000003,-0.28735,BHR,VNM,611420
2367753,32,239,7731,2015,0.0,48155.0,0.23656799999999997,0.688607,BRA,VNM,611420
2367754,34,239,7731,2015,0.0,2407.0,1.093564,-0.679211,BRN,VNM,611420
2367755,39,239,7731,2015,0.0,4483320.0,0.695867,1.171676,CAN,VNM,611420
2367756,41,239,7731,2015,2529.0,11897.0,2.306075,0.720781,CHE,VNM,611420
2367757,42,239,7731,2015,0.0,71813.0,-0.356167,-0.47629399999999994,CHL,VNM,611420
2367758,43,239,7731,2015,157737.0,6162997.0,1.077143,1.735757,CHN,VNM,611420
2367759,49,239,7731,2015,0.0,969648.0,0.156383,-0.183055,COL,VNM,611420
2367760,52,239,7731,2015,0.0,4416.0,0.24859699999999998,-0.033143,CRI,VNM,611420
2367761,59,239,7731,2015,0.0,10407.0,1.743012,0.45424,CZE,VNM,611420
2367762,61,239,7731,2015,0.0,354475.0,2.203818,-2.307561,DEU,VNM,611420
2367763,64,239,7731,2015,0.0,13845.0,1.157924,1.2045629999999998,DNK,VNM,611420
2367764,65,239,7731,2015,0.0,2019.0,-0.212808,0.395873,DOM,VNM,611420
2367765,71,239,7731,2015,81101.0,45374.0,0.8173590000000001,2.442556,ESP,VNM,611420
2367766,72,239,7731,2015,0.0,2253.0,0.9281149999999999,1.1780389999999998,EST,VNM,611420
2367767,74,239,7731,2015,0.0,8094.0,1.597817,0.998059,FIN,VNM,611420
2367768,77,239,7731,2015,0.0,146340.0,1.479792,0.6490239999999999,FRA,VNM,611420
2367769,81,239,7731,2015,0.0,988503.0,1.7422990000000003,0.75838,GBR,VNM,611420
2367770,90,239,7731,2015,0.0,1124182.0,0.099027,1.012289,GRC,VNM,611420
2367771,97,239,7731,2015,0.0,550062.0,0.8255290000000001,1.8017279999999998,HKG,VNM,611420
2367772,99,239,7731,2015,0.0,5620.0,-0.578635,-0.292053,HND,VNM,611420
2367773,100,239,7731,2015,0.0,2002.0,0.7590140000000001,1.257415,HRV,VNM,611420
2367774,103,239,7731,2015,0.0,7247.0,-0.145103,1.277362,IDN,VNM,611420
2367775,104,239,7731,2015,2387.0,2375.0,0.24230900000000002,2.8190880000000003,IND,VNM,611420
2367776,106,239,7731,2015,0.0,15613.0,1.304942,0.126431,IRL,VNM,611420
2367777,110,239,7731,2015,0.0,5014.0,1.260071,0.545545,ISR,VNM,611420
2367778,111,239,7731,2015,0.0,50186.0,1.321127,0.747046,ITA,VNM,611420
2367779,113,239,7731,2015,0.0,610561.0,0.121172,0.457301,JOR,VNM,611420
2367780,114,239,7731,2015,0.0,2901125.0,2.516133,-0.484202,JPN,VNM,611420
2367781,115,239,7731,2015,0.0,1882.0,-0.45091499999999995,-0.652026,KAZ,VNM,611420
2367782,121,239,7731,2015,0.0,10130989.0,1.900653,0.859406,KOR,VNM,611420
2367783,122,239,7731,2015,0.0,47557.0,-0.352023,-1.153057,KWT,VNM,611420
2367784,123,239,7731,2015,0.0,940.0,-0.927524,-0.74525,LAO,VNM,611420
2367785,124,239,7731,2015,0.0,69484.0,0.317355,1.330374,LBN,VNM,611420
2367786,131,239,7731,2015,0.0,992.0,1.218924,1.247152,LUX,VNM,611420
2367787,138,239,7731,2015,0.0,341421.0,1.169724,0.61457,MEX,VNM,611420
2367788,143,239,7731,2015,2209.0,2522.0,-1.4596120000000001,-0.903904,MMR,VNM,611420
2367789,145,239,7731,2015,0.0,6953.0,-1.244368,-1.196677,MNG,VNM,611420
2367790,151,239,7731,2015,0.0,1088.0,-0.231762,-0.195051,MUS,VNM,611420
2367791,153,239,7731,2015,0.0,26958.0,1.082803,0.811615,MYS,VNM,611420
2367792,162,239,7731,2015,0.0,725483.0,1.230104,1.27344,NLD,VNM,611420
2367793,163,239,7731,2015,0.0,9009.0,0.950708,0.314339,NOR,VNM,611420
2367794,166,239,7731,2015,0.0,8705.0,0.224598,0.253179,NZL,VNM,611420
2367795,167,239,7731,2015,0.0,2152.0,-0.4699,-1.00451,OMN,VNM,611420
2367796,169,239,7731,2015,0.0,63444.0,0.642058,0.833392,PAN,VNM,611420
2367797,173,239,7731,2015,0.0,74811.0,-0.6007819999999999,0.32152800000000004,PER,VNM,611420
2367798,174,239,7731,2015,0.0,575881.0,0.6406270000000001,0.45770200000000005,PHL,VNM,611420
2367799,176,239,7731,2015,0.0,94318.0,-1.710939,-1.266333,PNG,VNM,611420
2367800,177,239,7731,2015,0.0,40507.0,1.145844,1.1449280000000002,POL,VNM,611420
2367801,183,239,7731,2015,0.0,19526.0,-0.077053,-0.9922719999999999,QAT,VNM,611420
2367802,186,239,7731,2015,0.0,6794.0,0.23119,0.035965,RUS,VNM,611420
2367803,188,239,7731,2015,0.0,9506.0,0.5552520000000001,-0.7263229999999999,SAU,VNM,611420
2367804,192,239,7731,2015,45091.0,901293.0,2.05613,0.593065,SGP,VNM,611420
2367805,195,239,7731,2015,0.0,41009.0,-1.167451,-0.931206,SLB,VNM,611420
2367806,197,239,7731,2015,0.0,994.0,0.05531900000000001,0.169073,SLV,VNM,611420
2367807,201,239,7731,2015,0.0,2120.0,0.457042,1.324908,SRB,VNM,611420
2367808,206,239,7731,2015,858.0,2856.0,1.287133,0.7900560000000001,SVK,VNM,611420
2367809,207,239,7731,2015,0.0,6513.0,1.6089879999999999,0.833616,SVN,VNM,611420
2367810,208,239,7731,2015,0.0,9216.0,1.8068349999999997,0.693389,SWE,VNM,611420
2367811,216,239,7731,2015,4626.0,49649.0,0.965888,1.368572,THA,VNM,611420
2367812,222,239,7731,2015,0.0,873.0,-0.462837,-1.117621,TTO,VNM,611420
2367813,224,239,7731,2015,2232.0,6837.0,0.438669,2.519632,TUR,VNM,611420
2367814,230,239,7731,2015,0.0,2979.0,0.273876,-0.363695,URY,VNM,611420
2367815,231,239,7731,2015,0.0,83508536.0,1.720478,-0.129322,USA,VNM,611420
2367816,246,239,7731,2015,0.0,43461.0,0.24944699999999997,1.7573159999999999,ZAF,VNM,611420
2367817,249,239,7731,2015,0.0,92058.0,1.962832,1.214982,TWN,VNM,611420
2367818,166,242,7731,2015,11101.0,2025.0,0.224598,0.253179,NZL,WSM,611420
2367819,176,242,7731,2015,2256.0,0.0,-1.710939,-1.266333,PNG,WSM,611420
2367820,7,1,7731,2015,88067.0,2734.0,0.21779600000000002,-0.0047420000000000006,ARE,AFG,611420
2367821,64,1,7731,2015,5580.0,0.0,1.157924,1.2045629999999998,DNK,AFG,611420
2367822,104,1,7731,2015,223429.0,0.0,0.24230900000000002,2.8190880000000003,IND,AFG,611420
2367823,168,1,7731,2015,3083.0,0.0,-0.7059979999999999,0.73501,PAK,AFG,611420
2367824,224,1,7731,2015,16132.0,0.0,0.438669,2.519632,TUR,AFG,611420
2367825,22,4,7731,2015,1046.0,0.0,-1.088465,-0.8745360000000001,BGD,ALB,611420
2367826,41,4,7731,2015,0.0,1773.0,2.306075,0.720781,CHE,ALB,611420
2367827,43,4,7731,2015,15789.0,0.0,1.077143,1.735757,CHN,ALB,611420
2367828,61,4,7731,2015,3962.0,0.0,2.203818,-2.307561,DEU,ALB,611420
2367829,64,4,7731,2015,707.0,0.0,1.157924,1.2045629999999998,DNK,ALB,611420
2367830,71,4,7731,2015,7041.0,0.0,0.8173590000000001,2.442556,ESP,ALB,611420
2367831,111,4,7731,2015,73854.0,28667.0,1.321127,0.747046,ITA,ALB,611420
2367832,185,4,7731,2015,110779.0,197357.0,0.946363,1.056775,ROU,ALB,611420
2367833,224,4,7731,2015,11913.0,0.0,0.438669,2.519632,TUR,ALB,611420
2367834,43,13,7731,2015,3229.0,0.0,1.077143,1.735757,CHN,ATG,611420
2367835,112,13,7731,2015,6612.0,0.0,-0.438267,-0.828097,JAM,ATG,611420
2367836,231,13,7731,2015,6597.0,0.0,1.720478,-0.129322,USA,ATG,611420
2367837,7,19,7731,2015,114011.0,0.0,0.21779600000000002,-0.0047420000000000006,ARE,BEN,611420
2367838,77,19,7731,2015,4546.0,0.0,1.479792,0.6490239999999999,FRA,BEN,611420
2367839,104,19,7731,2015,26301.0,0.0,0.24230900000000002,2.8190880000000003,IND,BEN,611420
2367840,111,19,7731,2015,1481.0,0.0,1.321127,0.747046,ITA,BEN,611420
2367841,7,21,7731,2015,5400.0,0.0,0.21779600000000002,-0.0047420000000000006,ARE,BFA,611420
2367842,43,21,7731,2015,94968.0,0.0,1.077143,1.735757,CHN,BFA,611420
2367843,44,21,7731,2015,1766.0,0.0,-0.856142,-0.905292,CIV,BFA,611420
2367844,77,21,7731,2015,13427.0,14456.0,1.479792,0.6490239999999999,FRA,BFA,611420
2367845,83,21,7731,2015,35439.0,0.0,-0.750568,-0.690257,GHA,BFA,611420
2367846,103,21,7731,2015,2267.0,0.0,-0.145103,1.277362,IDN,BFA,611420
2367847,111,21,7731,2015,4814.0,0.0,1.321127,0.747046,ITA,BFA,611420
2367848,215,21,7731,2015,9140.0,0.0,-0.66925,-0.873554,TGO,BFA,611420
2367849,223,21,7731,2015,803.0,0.0,0.140202,0.967591,TUN,BFA,611420
2367850,224,21,7731,2015,1246.0,0.0,0.438669,2.519632,TUR,BFA,611420
2367851,231,21,7731,2015,1139.0,0.0,1.720478,-0.129322,USA,BFA,611420
2367852,7,26,7731,2015,90063.0,0.0,0.21779600000000002,-0.0047420000000000006,ARE,BIH,611420
2367853,15,26,7731,2015,113426.0,127385.0,1.747098,-0.08026699999999999,AUT,BIH,611420
2367854,22,26,7731,2015,9355.0,0.0,-1.088465,-0.8745360000000001,BGD,BIH,611420
2367855,39,26,7731,2015,0.0,1472.0,0.695867,1.171676,CAN,BIH,611420
2367856,41,26,7731,2015,0.0,8056.0,2.306075,0.720781,CHE,BIH,611420
2367857,43,26,7731,2015,7100.0,0.0,1.077143,1.735757,CHN,BIH,611420
2367858,59,26,7731,2015,0.0,2278.0,1.743012,0.45424,CZE,BIH,611420
2367859,61,26,7731,2015,29680.0,41795.0,2.203818,-2.307561,DEU,BIH,611420
2367860,71,26,7731,2015,11825.0,0.0,0.8173590000000001,2.442556,ESP,BIH,611420
2367861,77,26,7731,2015,3287.0,141171.0,1.479792,0.6490239999999999,FRA,BIH,611420
2367862,100,26,7731,2015,0.0,2712.0,0.7590140000000001,1.257415,HRV,BIH,611420
2367863,104,26,7731,2015,1652.0,0.0,0.24230900000000002,2.8190880000000003,IND,BIH,611420
2367864,111,26,7731,2015,4178.0,1503.0,1.321127,0.747046,ITA,BIH,611420
2367865,134,26,7731,2015,1103.0,0.0,-0.7554810000000001,-0.059697,MAR,BIH,611420
2367866,162,26,7731,2015,0.0,3277.0,1.230104,1.27344,NLD,BIH,611420
2367867,168,26,7731,2015,217.0,0.0,-0.7059979999999999,0.73501,PAK,BIH,611420
2367868,179,26,7731,2015,785.0,0.0,0.561922,2.2276380000000002,PRT,BIH,611420
2367869,201,26,7731,2015,109728.0,0.0,0.457042,1.324908,SRB,BIH,611420
2367870,207,26,7731,2015,2087.0,0.0,1.6089879999999999,0.833616,SVN,BIH,611420
2367871,224,26,7731,2015,85271.0,0.0,0.438669,2.519632,TUR,BIH,611420
2367872,231,26,7731,2015,0.0,1610.0,1.720478,-0.129322,USA,BIH,611420
2367873,71,27,7731,2015,19672.0,0.0,0.8173590000000001,2.442556,ESP,BLM,611420
2367874,77,27,7731,2015,101651.0,0.0,1.479792,0.6490239999999999,FRA,BLM,611420
2367875,43,37,7731,2015,7530.0,0.0,1.077143,1.735757,CHN,BWA,611420
2367876,246,37,7731,2015,125693.0,4592.0,0.24944699999999997,1.7573159999999999,ZAF,BWA,611420
2367877,7,45,7731,2015,46175.0,1121.0,0.21779600000000002,-0.0047420000000000006,ARE,CMR,611420
2367878,18,45,7731,2015,11070.0,0.0,1.329866,1.100641,BEL,CMR,611420
2367879,43,45,7731,2015,42466.0,0.0,1.077143,1.735757,CHN,CMR,611420
2367880,47,45,7731,2015,0.0,36421.0,-1.294823,-1.18811,COG,CMR,611420
2367881,71,45,7731,2015,8270.0,0.0,0.8173590000000001,2.442556,ESP,CMR,611420
2367882,77,45,7731,2015,88870.0,0.0,1.479792,0.6490239999999999,FRA,CMR,611420
2367883,80,45,7731,2015,0.0,90625.0,-1.384351,-1.209873,GAB,CMR,611420
2367884,81,45,7731,2015,0.0,3766.0,1.7422990000000003,0.75838,GBR,CMR,611420
2367885,111,45,7731,2015,7640.0,0.0,1.321127,0.747046,ITA,CMR,611420
2367886,223,45,7731,2015,6785.0,0.0,0.140202,0.967591,TUN,CMR,611420
2367887,231,45,7731,2015,9871.0,0.0,1.720478,-0.129322,USA,CMR,611420
2367888,7,47,7731,2015,3508.0,0.0,0.21779600000000002,-0.0047420000000000006,ARE,COG,611420
2367889,43,47,7731,2015,110677.0,0.0,1.077143,1.735757,CHN,COG,611420
2367890,45,47,7731,2015,36421.0,0.0,-0.924366,-1.040721,CMR,COG,611420
2367891,77,47,7731,2015,5430.0,0.0,1.479792,0.6490239999999999,FRA,COG,611420
2367892,111,47,7731,2015,23658.0,0.0,1.321127,0.747046,ITA,COG,611420
2367893,223,47,7731,2015,95671.0,0.0,0.140202,0.967591,TUN,COG,611420
2367894,224,47,7731,2015,991.0,0.0,0.438669,2.519632,TUR,COG,611420
2367895,231,47,7731,2015,3514.0,0.0,1.720478,-0.129322,USA,COG,611420
2367896,250,47,7731,2015,107547.0,0.0,0.377283,-0.092204,ANS,COG,611420
2367897,8,54,7731,2015,29702.0,0.0,0.116896,0.30330999999999997,ARG,CUB,611420
2367898,39,54,7731,2015,85819.0,0.0,0.695867,1.171676,CAN,CUB,611420
2367899,43,54,7731,2015,87527.0,0.0,1.077143,1.735757,CHN,CUB,611420
2367900,71,54,7731,2015,470699.0,0.0,0.8173590000000001,2.442556,ESP,CUB,611420
2367901,173,54,7731,2015,3299.0,0.0,-0.6007819999999999,0.32152800000000004,PER,CUB,611420
2367902,224,54,7731,2015,2794.0,0.0,0.438669,2.519632,TUR,CUB,611420
2367903,15,58,7731,2015,22343.0,830.0,1.747098,-0.08026699999999999,AUT,CYP,611420
2367904,39,58,7731,2015,876.0,0.0,0.695867,1.171676,CAN,CYP,611420
2367905,43,58,7731,2015,10141.0,0.0,1.077143,1.735757,CHN,CYP,611420
2367906,61,58,7731,2015,12797.0,0.0,2.203818,-2.307561,DEU,CYP,611420
2367907,64,58,7731,2015,2319.0,0.0,1.157924,1.2045629999999998,DNK,CYP,611420
2367908,71,58,7731,2015,121940.0,0.0,0.8173590000000001,2.442556,ESP,CYP,611420
2367909,77,58,7731,2015,12300.0,0.0,1.479792,0.6490239999999999,FRA,CYP,611420
2367910,81,58,7731,2015,295475.0,0.0,1.7422990000000003,0.75838,GBR,CYP,611420
2367911,90,58,7731,2015,197042.0,0.0,0.099027,1.012289,GRC,CYP,611420
2367912,100,58,7731,2015,4691.0,0.0,0.7590140000000001,1.257415,HRV,CYP,611420
2367913,104,58,7731,2015,13048.0,0.0,0.24230900000000002,2.8190880000000003,IND,CYP,611420
2367914,110,58,7731,2015,0.0,2968.0,1.260071,0.545545,ISR,CYP,611420
2367915,111,58,7731,2015,154856.0,0.0,1.321127,0.747046,ITA,CYP,611420
2367916,124,58,7731,2015,2994.0,0.0,0.317355,1.330374,LBN,CYP,611420
2367917,162,58,7731,2015,16371.0,868.0,1.230104,1.27344,NLD,CYP,611420
2367918,177,58,7731,2015,2080.0,0.0,1.145844,1.1449280000000002,POL,CYP,611420
2367919,179,58,7731,2015,8438.0,0.0,0.561922,2.2276380000000002,PRT,CYP,611420
2367920,216,58,7731,2015,10336.0,0.0,0.965888,1.368572,THA,CYP,611420
2367921,224,58,7731,2015,31424.0,0.0,0.438669,2.519632,TUR,CYP,611420
2367922,231,58,7731,2015,16796.0,0.0,1.720478,-0.129322,USA,CYP,611420
2367923,7,62,7731,2015,247527.0,0.0,0.21779600000000002,-0.0047420000000000006,ARE,DJI,611420
2367924,177,62,7731,2015,53373.0,0.0,1.145844,1.1449280000000002,POL,DJI,611420
2367925,7,66,7731,2015,177235.0,0.0,0.21779600000000002,-0.0047420000000000006,ARE,DZA,611420
2367926,22,66,7731,2015,3450.0,0.0,-1.088465,-0.8745360000000001,BGD,DZA,611420
2367927,41,66,7731,2015,2150.0,0.0,2.306075,0.720781,CHE,DZA,611420
2367928,43,66,7731,2015,1043910.0,0.0,1.077143,1.735757,CHN,DZA,611420
2367929,71,66,7731,2015,229984.0,0.0,0.8173590000000001,2.442556,ESP,DZA,611420
2367930,77,66,7731,2015,753204.0,0.0,1.479792,0.6490239999999999,FRA,DZA,611420
2367931,81,66,7731,2015,23229.0,0.0,1.7422990000000003,0.75838,GBR,DZA,611420
2367932,179,66,7731,2015,3594.0,0.0,0.561922,2.2276380000000002,PRT,DZA,611420
2367933,224,66,7731,2015,316747.0,0.0,0.438669,2.519632,TUR,DZA,611420
2367934,7,73,7731,2015,1491038.0,0.0,0.21779600000000002,-0.0047420000000000006,ARE,ETH,611420
2367935,14,73,7731,2015,556.0,0.0,-0.292325,-0.043489,AUS,ETH,611420
2367936,15,73,7731,2015,0.0,13087.0,1.747098,-0.08026699999999999,AUT,ETH,611420
2367937,41,73,7731,2015,0.0,22000.0,2.306075,0.720781,CHE,ETH,611420
2367938,43,73,7731,2015,11947.0,0.0,1.077143,1.735757,CHN,ETH,611420
2367939,59,73,7731,2015,0.0,691.0,1.743012,0.45424,CZE,ETH,611420
2367940,61,73,7731,2015,0.0,176646.0,2.203818,-2.307561,DEU,ETH,611420
2367941,64,73,7731,2015,0.0,2689.0,1.157924,1.2045629999999998,DNK,ETH,611420
2367942,74,73,7731,2015,0.0,1664.0,1.597817,0.998059,FIN,ETH,611420
2367943,77,73,7731,2015,0.0,8942.0,1.479792,0.6490239999999999,FRA,ETH,611420
2367944,81,73,7731,2015,1497.0,3969.0,1.7422990000000003,0.75838,GBR,ETH,611420
2367945,111,73,7731,2015,4495.0,0.0,1.321127,0.747046,ITA,ETH,611420
2367946,177,73,7731,2015,0.0,3451.0,1.145844,1.1449280000000002,POL,ETH,611420
2367947,206,73,7731,2015,0.0,1818.0,1.287133,0.7900560000000001,SVK,ETH,611420
2367948,7,80,7731,2015,13058.0,0.0,0.21779600000000002,-0.0047420000000000006,ARE,GAB,611420
2367949,44,80,7731,2015,1271.0,0.0,-0.856142,-0.905292,CIV,GAB,611420
2367950,45,80,7731,2015,90625.0,0.0,-0.924366,-1.040721,CMR,GAB,611420
2367951,77,80,7731,2015,13979.0,0.0,1.479792,0.6490239999999999,FRA,GAB,611420
2367952,7,83,7731,2015,56336.0,0.0,0.21779600000000002,-0.0047420000000000006,ARE,GHA,611420
2367953,21,83,7731,2015,0.0,35439.0,-1.085359,-1.034365,BFA,GHA,611420
2367954,41,83,7731,2015,0.0,962.0,2.306075,0.720781,CHE,GHA,611420
2367955,43,83,7731,2015,9457.0,0.0,1.077143,1.735757,CHN,GHA,611420
2367956,71,83,7731,2015,2272.0,0.0,0.8173590000000001,2.442556,ESP,GHA,611420
2367957,77,83,7731,2015,4164.0,0.0,1.479792,0.6490239999999999,FRA,GHA,611420
2367958,81,83,7731,2015,37384.0,0.0,1.7422990000000003,0.75838,GBR,GHA,611420
2367959,104,83,7731,2015,214351.0,0.0,0.24230900000000002,2.8190880000000003,IND,GHA,611420
2367960,174,83,7731,2015,95135.0,0.0,0.6406270000000001,0.45770200000000005,PHL,GHA,611420
2367961,231,83,7731,2015,13315.0,93229.0,1.720478,-0.129322,USA,GHA,611420
2367962,246,83,7731,2015,13383.0,0.0,0.24944699999999997,1.7573159999999999,ZAF,GHA,611420
2367963,71,84,7731,2015,4999.0,0.0,0.8173590000000001,2.442556,ESP,GIB,611420
2367964,81,84,7731,2015,11324.0,0.0,1.7422990000000003,0.75838,GBR,GIB,611420
2367965,206,84,7731,2015,4173.0,0.0,1.287133,0.7900560000000001,SVK,GIB,611420
2367966,18,85,7731,2015,0.0,1192.0,1.329866,1.100641,BEL,GIN,611420
2367967,41,85,7731,2015,1143.0,0.0,2.306075,0.720781,CHE,GIN,611420
2367968,43,85,7731,2015,1952.0,0.0,1.077143,1.735757,CHN,GIN,611420
2367969,77,85,7731,2015,0.0,902.0,1.479792,0.6490239999999999,FRA,GIN,611420
2367970,192,85,7731,2015,2488.0,0.0,2.05613,0.593065,SGP,GIN,611420
2367971,207,88,7731,2015,1779.0,0.0,1.6089879999999999,0.833616,SVN,GNB,611420
2367972,41,89,7731,2015,1016.0,0.0,2.306075,0.720781,CHE,GNQ,611420
2367973,71,89,7731,2015,1443.0,0.0,0.8173590000000001,2.442556,ESP,GNQ,611420
2367974,77,89,7731,2015,18222.0,0.0,1.479792,0.6490239999999999,FRA,GNQ,611420
2367975,81,89,7731,2015,2782.0,0.0,1.7422990000000003,0.75838,GBR,GNQ,611420
2367976,231,89,7731,2015,23167.0,0.0,1.720478,-0.129322,USA,GNQ,611420
2367977,43,96,7731,2015,1060.0,0.0,1.077143,1.735757,CHN,GUY,611420
2367978,169,96,7731,2015,3045.0,0.0,0.642058,0.833392,PAN,GUY,611420
2367979,231,96,7731,2015,3697.0,4464.0,1.720478,-0.129322,USA,GUY,611420
2367980,22,109,7731,2015,13689.0,0.0,-1.088465,-0.8745360000000001,BGD,ISL,611420
2367981,41,109,7731,2015,0.0,1502.0,2.306075,0.720781,CHE,ISL,611420
2367982,43,109,7731,2015,53355.0,0.0,1.077143,1.735757,CHN,ISL,611420
2367983,61,109,7731,2015,3642.0,0.0,2.203818,-2.307561,DEU,ISL,611420
2367984,64,109,7731,2015,90789.0,10842.0,1.157924,1.2045629999999998,DNK,ISL,611420
2367985,68,109,7731,2015,1049.0,0.0,-0.183053,1.765036,EGY,ISL,611420
2367986,71,109,7731,2015,10991.0,0.0,0.8173590000000001,2.442556,ESP,ISL,611420
2367987,77,109,7731,2015,3161.0,0.0,1.479792,0.6490239999999999,FRA,ISL,611420
2367988,81,109,7731,2015,1789.0,0.0,1.7422990000000003,0.75838,GBR,ISL,611420
2367989,97,109,7731,2015,1150.0,0.0,0.8255290000000001,1.8017279999999998,HKG,ISL,611420
2367990,104,109,7731,2015,1636.0,0.0,0.24230900000000002,2.8190880000000003,IND,ISL,611420
2367991,111,109,7731,2015,3324.0,0.0,1.321127,0.747046,ITA,ISL,611420
2367992,128,109,7731,2015,352.0,0.0,-0.6773399999999999,0.386343,LKA,ISL,611420
2367993,130,109,7731,2015,3613.0,0.0,0.749429,1.3659860000000001,LTU,ISL,611420
2367994,134,109,7731,2015,1921.0,0.0,-0.7554810000000001,-0.059697,MAR,ISL,611420
2367995,151,109,7731,2015,1760.0,0.0,-0.231762,-0.195051,MUS,ISL,611420
2367996,163,109,7731,2015,14843.0,0.0,0.950708,0.314339,NOR,ISL,611420
2367997,179,109,7731,2015,2425.0,0.0,0.561922,2.2276380000000002,PRT,ISL,611420
2367998,185,109,7731,2015,2129.0,0.0,0.946363,1.056775,ROU,ISL,611420
2367999,206,109,7731,2015,5489.0,0.0,1.287133,0.7900560000000001,SVK,ISL,611420
2368000,208,109,7731,2015,2926.0,0.0,1.8068349999999997,0.693389,SWE,ISL,611420
2368001,224,109,7731,2015,15934.0,0.0,0.438669,2.519632,TUR,ISL,611420
2368002,231,109,7731,2015,2687.0,0.0,1.720478,-0.129322,USA,ISL,611420
2368003,7,118,7731,2015,0.0,144357.0,0.21779600000000002,-0.0047420000000000006,ARE,KHM,611420
2368004,8,118,7731,2015,0.0,1167.0,0.116896,0.30330999999999997,ARG,KHM,611420
2368005,9,118,7731,2015,0.0,2265.0,0.037579,-0.42448800000000003,ARM,KHM,611420
2368006,14,118,7731,2015,0.0,716313.0,-0.292325,-0.043489,AUS,KHM,611420
2368007,15,118,7731,2015,0.0,156690.0,1.747098,-0.08026699999999999,AUT,KHM,611420
2368008,18,118,7731,2015,0.0,865.0,1.329866,1.100641,BEL,KHM,611420
2368009,24,118,7731,2015,0.0,2473.0,0.36650900000000003,-0.28735,BHR,KHM,611420
2368010,32,118,7731,2015,0.0,33564.0,0.23656799999999997,0.688607,BRA,KHM,611420
2368011,39,118,7731,2015,10981.0,3440558.0,0.695867,1.171676,CAN,KHM,611420
2368012,41,118,7731,2015,0.0,289698.0,2.306075,0.720781,CHE,KHM,611420
2368013,42,118,7731,2015,0.0,69928.0,-0.356167,-0.47629399999999994,CHL,KHM,611420
2368014,43,118,7731,2015,3870.0,732983.0,1.077143,1.735757,CHN,KHM,611420
2368015,49,118,7731,2015,0.0,19812.0,0.156383,-0.183055,COL,KHM,611420
2368016,59,118,7731,2015,0.0,34956.0,1.743012,0.45424,CZE,KHM,611420
2368017,61,118,7731,2015,0.0,1520828.0,2.203818,-2.307561,DEU,KHM,611420
2368018,64,118,7731,2015,0.0,63268.0,1.157924,1.2045629999999998,DNK,KHM,611420
2368019,67,118,7731,2015,0.0,10344.0,-0.9845959999999999,-1.075639,ECU,KHM,611420
2368020,71,118,7731,2015,0.0,320584.0,0.8173590000000001,2.442556,ESP,KHM,611420
2368021,72,118,7731,2015,0.0,5989.0,0.9281149999999999,1.1780389999999998,EST,KHM,611420
2368022,74,118,7731,2015,0.0,52746.0,1.597817,0.998059,FIN,KHM,611420
2368023,77,118,7731,2015,0.0,349024.0,1.479792,0.6490239999999999,FRA,KHM,611420
2368024,81,118,7731,2015,0.0,1121563.0,1.7422990000000003,0.75838,GBR,KHM,611420
2368025,90,118,7731,2015,0.0,126222.0,0.099027,1.012289,GRC,KHM,611420
2368026,97,118,7731,2015,0.0,91231.0,0.8255290000000001,1.8017279999999998,HKG,KHM,611420
2368027,100,118,7731,2015,0.0,13381.0,0.7590140000000001,1.257415,HRV,KHM,611420
2368028,104,118,7731,2015,15984.0,1414.0,0.24230900000000002,2.8190880000000003,IND,KHM,611420
2368029,106,118,7731,2015,0.0,2012.0,1.304942,0.126431,IRL,KHM,611420
2368030,111,118,7731,2015,0.0,58162.0,1.321127,0.747046,ITA,KHM,611420
2368031,113,118,7731,2015,0.0,110466.0,0.121172,0.457301,JOR,KHM,611420
2368032,114,118,7731,2015,0.0,1141267.0,2.516133,-0.484202,JPN,KHM,611420
2368033,121,118,7731,2015,2928.0,996452.0,1.900653,0.859406,KOR,KHM,611420
2368034,122,118,7731,2015,0.0,41593.0,-0.352023,-1.153057,KWT,KHM,611420
2368035,124,118,7731,2015,0.0,15368.0,0.317355,1.330374,LBN,KHM,611420
2368036,131,118,7731,2015,0.0,17023.0,1.218924,1.247152,LUX,KHM,611420
2368037,138,118,7731,2015,0.0,122189.0,1.169724,0.61457,MEX,KHM,611420
2368038,153,118,7731,2015,0.0,171086.0,1.082803,0.811615,MYS,KHM,611420
2368039,162,118,7731,2015,0.0,5054.0,1.230104,1.27344,NLD,KHM,611420
2368040,163,118,7731,2015,0.0,74973.0,0.950708,0.314339,NOR,KHM,611420
2368041,166,118,7731,2015,0.0,21459.0,0.224598,0.253179,NZL,KHM,611420
2368042,167,118,7731,2015,0.0,73037.0,-0.4699,-1.00451,OMN,KHM,611420
2368043,173,118,7731,2015,0.0,80291.0,-0.6007819999999999,0.32152800000000004,PER,KHM,611420
2368044,174,118,7731,2015,0.0,9873.0,0.6406270000000001,0.45770200000000005,PHL,KHM,611420
2368045,177,118,7731,2015,0.0,590308.0,1.145844,1.1449280000000002,POL,KHM,611420
2368046,183,118,7731,2015,0.0,37170.0,-0.077053,-0.9922719999999999,QAT,KHM,611420
2368047,186,118,7731,2015,0.0,18732.0,0.23119,0.035965,RUS,KHM,611420
2368048,192,118,7731,2015,0.0,554116.0,2.05613,0.593065,SGP,KHM,611420
2368049,201,118,7731,2015,0.0,5828.0,0.457042,1.324908,SRB,KHM,611420
2368050,206,118,7731,2015,0.0,49202.0,1.287133,0.7900560000000001,SVK,KHM,611420
2368051,207,118,7731,2015,0.0,11667.0,1.6089879999999999,0.833616,SVN,KHM,611420
2368052,208,118,7731,2015,0.0,88201.0,1.8068349999999997,0.693389,SWE,KHM,611420
2368053,216,118,7731,2015,0.0,79952.0,0.965888,1.368572,THA,KHM,611420
2368054,224,118,7731,2015,0.0,49596.0,0.438669,2.519632,TUR,KHM,611420
2368055,230,118,7731,2015,0.0,1124.0,0.273876,-0.363695,URY,KHM,611420
2368056,231,118,7731,2015,0.0,16260605.0,1.720478,-0.129322,USA,KHM,611420
2368057,246,118,7731,2015,0.0,7015.0,0.24944699999999997,1.7573159999999999,ZAF,KHM,611420
2368058,249,118,7731,2015,0.0,4589.0,1.962832,1.214982,TWN,KHM,611420
2368059,231,120,7731,2015,20128.0,0.0,1.720478,-0.129322,USA,KNA,611420
2368060,7,125,7731,2015,33488.0,0.0,0.21779600000000002,-0.0047420000000000006,ARE,LBR,611420
2368061,14,125,7731,2015,2271.0,0.0,-0.292325,-0.043489,AUS,LBR,611420
2368062,7,126,7731,2015,6833386.0,0.0,0.21779600000000002,-0.0047420000000000006,ARE,LBY,611420
2368063,43,126,7731,2015,134383.0,0.0,1.077143,1.735757,CHN,LBY,611420
2368064,71,126,7731,2015,98956.0,0.0,0.8173590000000001,2.442556,ESP,LBY,611420
2368065,81,126,7731,2015,6092.0,0.0,1.7422990000000003,0.75838,GBR,LBY,611420
2368066,113,126,7731,2015,52549.0,0.0,0.121172,0.457301,JOR,LBY,611420
2368067,142,126,7731,2015,2443.0,0.0,0.880893,-0.117585,MLT,LBY,611420
2368068,177,126,7731,2015,1675.0,0.0,1.145844,1.1449280000000002,POL,LBY,611420
2368069,224,126,7731,2015,1091829.0,0.0,0.438669,2.519632,TUR,LBY,611420
2368070,39,133,7731,2015,0.0,1351.0,0.695867,1.171676,CAN,MAC,611420
2368071,43,133,7731,2015,34516.0,0.0,1.077143,1.735757,CHN,MAC,611420
2368072,61,133,7731,2015,6641.0,0.0,2.203818,-2.307561,DEU,MAC,611420
2368073,71,133,7731,2015,12795.0,0.0,0.8173590000000001,2.442556,ESP,MAC,611420
2368074,77,133,7731,2015,0.0,1343.0,1.479792,0.6490239999999999,FRA,MAC,611420
2368075,81,133,7731,2015,1469.0,0.0,1.7422990000000003,0.75838,GBR,MAC,611420
2368076,97,133,7731,2015,51977.0,1888.0,0.8255290000000001,1.8017279999999998,HKG,MAC,611420
2368077,110,133,7731,2015,0.0,10414.0,1.260071,0.545545,ISR,MAC,611420
2368078,111,133,7731,2015,14472.0,0.0,1.321127,0.747046,ITA,MAC,611420
2368079,121,133,7731,2015,1431.0,109964.0,1.900653,0.859406,KOR,MAC,611420
2368080,216,133,7731,2015,6101.0,0.0,0.965888,1.368572,THA,MAC,611420
2368081,231,133,7731,2015,18469.0,3844.0,1.720478,-0.129322,USA,MAC,611420
2368082,249,133,7731,2015,1538.0,0.0,1.962832,1.214982,TWN,MAC,611420
2368083,5,134,7731,2015,0.0,1378.0,0.850153,0.383793,AND,MAR,611420
2368084,7,134,7731,2015,232783.0,126093.0,0.21779600000000002,-0.0047420000000000006,ARE,MAR,611420
2368085,9,134,7731,2015,0.0,2753.0,0.037579,-0.42448800000000003,ARM,MAR,611420
2368086,14,134,7731,2015,0.0,3786.0,-0.292325,-0.043489,AUS,MAR,611420
2368087,15,134,7731,2015,0.0,9417.0,1.747098,-0.08026699999999999,AUT,MAR,611420
2368088,18,134,7731,2015,8115.0,1604.0,1.329866,1.100641,BEL,MAR,611420
2368089,22,134,7731,2015,19557.0,0.0,-1.088465,-0.8745360000000001,BGD,MAR,611420
2368090,24,134,7731,2015,0.0,8244.0,0.36650900000000003,-0.28735,BHR,MAR,611420
2368091,26,134,7731,2015,0.0,1103.0,0.355903,0.723092,BIH,MAR,611420
2368092,32,134,7731,2015,0.0,23302.0,0.23656799999999997,0.688607,BRA,MAR,611420
2368093,39,134,7731,2015,0.0,97268.0,0.695867,1.171676,CAN,MAR,611420
2368094,41,134,7731,2015,0.0,76868.0,2.306075,0.720781,CHE,MAR,611420
2368095,43,134,7731,2015,235040.0,330646.0,1.077143,1.735757,CHN,MAR,611420
2368096,44,134,7731,2015,0.0,1134.0,-0.856142,-0.905292,CIV,MAR,611420
2368097,49,134,7731,2015,0.0,8256.0,0.156383,-0.183055,COL,MAR,611420
2368098,59,134,7731,2015,0.0,9030.0,1.743012,0.45424,CZE,MAR,611420
2368099,61,134,7731,2015,8043.0,337700.0,2.203818,-2.307561,DEU,MAR,611420
2368100,65,134,7731,2015,0.0,3392.0,-0.212808,0.395873,DOM,MAR,611420
2368101,67,134,7731,2015,0.0,2914.0,-0.9845959999999999,-1.075639,ECU,MAR,611420
2368102,71,134,7731,2015,142625.0,2938208.0,0.8173590000000001,2.442556,ESP,MAR,611420
2368103,72,134,7731,2015,0.0,782.0,0.9281149999999999,1.1780389999999998,EST,MAR,611420
2368104,74,134,7731,2015,0.0,5794.0,1.597817,0.998059,FIN,MAR,611420
2368105,77,134,7731,2015,1436726.0,609827.0,1.479792,0.6490239999999999,FRA,MAR,611420
2368106,81,134,7731,2015,0.0,5554.0,1.7422990000000003,0.75838,GBR,MAR,611420
2368107,99,134,7731,2015,0.0,529.0,-0.578635,-0.292053,HND,MAR,611420
2368108,103,134,7731,2015,0.0,25429.0,-0.145103,1.277362,IDN,MAR,611420
2368109,104,134,7731,2015,9443.0,0.0,0.24230900000000002,2.8190880000000003,IND,MAR,611420
2368110,109,134,7731,2015,0.0,1921.0,0.24527600000000002,-0.411616,ISL,MAR,611420
2368111,111,134,7731,2015,3083.0,0.0,1.321127,0.747046,ITA,MAR,611420
2368112,113,134,7731,2015,0.0,67107.0,0.121172,0.457301,JOR,MAR,611420
2368113,114,134,7731,2015,0.0,7921.0,2.516133,-0.484202,JPN,MAR,611420
2368114,115,134,7731,2015,0.0,1955.0,-0.45091499999999995,-0.652026,KAZ,MAR,611420
2368115,121,134,7731,2015,0.0,27840.0,1.900653,0.859406,KOR,MAR,611420
2368116,122,134,7731,2015,0.0,4668.0,-0.352023,-1.153057,KWT,MAR,611420
2368117,124,134,7731,2015,0.0,317280.0,0.317355,1.330374,LBN,MAR,611420
2368118,138,134,7731,2015,0.0,29645.0,1.169724,0.61457,MEX,MAR,611420
2368119,140,134,7731,2015,0.0,459.0,-0.09009600000000001,-0.147359,MKD,MAR,611420
2368120,144,134,7731,2015,0.0,902.0,-0.048385000000000004,-0.150759,MNE,MAR,611420
2368121,153,134,7731,2015,0.0,12871.0,1.082803,0.811615,MYS,MAR,611420
2368122,163,134,7731,2015,0.0,3228.0,0.950708,0.314339,NOR,MAR,611420
2368123,173,134,7731,2015,0.0,5421.0,-0.6007819999999999,0.32152800000000004,PER,MAR,611420
2368124,177,134,7731,2015,0.0,67794.0,1.145844,1.1449280000000002,POL,MAR,611420
2368125,179,134,7731,2015,1039.0,34958.0,0.561922,2.2276380000000002,PRT,MAR,611420
2368126,183,134,7731,2015,0.0,2955.0,-0.077053,-0.9922719999999999,QAT,MAR,611420
2368127,186,134,7731,2015,0.0,53815.0,0.23119,0.035965,RUS,MAR,611420
2368128,197,134,7731,2015,0.0,630.0,0.05531900000000001,0.169073,SLV,MAR,611420
2368129,201,134,7731,2015,0.0,1956.0,0.457042,1.324908,SRB,MAR,611420
2368130,206,134,7731,2015,0.0,3632.0,1.287133,0.7900560000000001,SVK,MAR,611420
2368131,207,134,7731,2015,0.0,4322.0,1.6089879999999999,0.833616,SVN,MAR,611420
2368132,216,134,7731,2015,0.0,21535.0,0.965888,1.368572,THA,MAR,611420
2368133,224,134,7731,2015,31671.0,72863.0,0.438669,2.519632,TUR,MAR,611420
2368134,228,134,7731,2015,0.0,3494.0,0.429879,0.701813,UKR,MAR,611420
2368135,230,134,7731,2015,0.0,3880.0,0.273876,-0.363695,URY,MAR,611420
2368136,231,134,7731,2015,35926.0,507719.0,1.720478,-0.129322,USA,MAR,611420
2368137,246,134,7731,2015,0.0,3497.0,0.24944699999999997,1.7573159999999999,ZAF,MAR,611420
2368138,249,134,7731,2015,0.0,15111.0,1.962832,1.214982,TWN,MAR,611420
2368139,7,136,7731,2015,4599.0,2322.0,0.21779600000000002,-0.0047420000000000006,ARE,MDG,611420
2368140,14,136,7731,2015,0.0,15487.0,-0.292325,-0.043489,AUS,MDG,611420
2368141,15,136,7731,2015,0.0,2595.0,1.747098,-0.08026699999999999,AUT,MDG,611420
2368142,18,136,7731,2015,0.0,8555.0,1.329866,1.100641,BEL,MDG,611420
2368143,39,136,7731,2015,0.0,1931.0,0.695867,1.171676,CAN,MDG,611420
2368144,41,136,7731,2015,0.0,216627.0,2.306075,0.720781,CHE,MDG,611420
2368145,43,136,7731,2015,10126.0,0.0,1.077143,1.735757,CHN,MDG,611420
2368146,59,136,7731,2015,0.0,769.0,1.743012,0.45424,CZE,MDG,611420
2368147,61,136,7731,2015,0.0,67952.0,2.203818,-2.307561,DEU,MDG,611420
2368148,77,136,7731,2015,31727.0,117658.0,1.479792,0.6490239999999999,FRA,MDG,611420
2368149,104,136,7731,2015,1097.0,0.0,0.24230900000000002,2.8190880000000003,IND,MDG,611420
2368150,111,136,7731,2015,0.0,28253.0,1.321127,0.747046,ITA,MDG,611420
2368151,121,136,7731,2015,0.0,1591.0,1.900653,0.859406,KOR,MDG,611420
2368152,122,136,7731,2015,0.0,26858.0,-0.352023,-1.153057,KWT,MDG,611420
2368153,246,136,7731,2015,0.0,174294.0,0.24944699999999997,1.7573159999999999,ZAF,MDG,611420
2368154,44,141,7731,2015,0.0,66198.0,-0.856142,-0.905292,CIV,MLI,611420
2368155,104,141,7731,2015,10139.0,0.0,0.24230900000000002,2.8190880000000003,IND,MLI,611420
2368156,15,144,7731,2015,2878.0,0.0,1.747098,-0.08026699999999999,AUT,MNE,611420
2368157,22,144,7731,2015,18495.0,0.0,-1.088465,-0.8745360000000001,BGD,MNE,611420
2368158,43,144,7731,2015,34821.0,0.0,1.077143,1.735757,CHN,MNE,611420
2368159,61,144,7731,2015,5243.0,0.0,2.203818,-2.307561,DEU,MNE,611420
2368160,71,144,7731,2015,6660.0,0.0,0.8173590000000001,2.442556,ESP,MNE,611420
2368161,100,144,7731,2015,10179.0,0.0,0.7590140000000001,1.257415,HRV,MNE,611420
2368162,104,144,7731,2015,12843.0,0.0,0.24230900000000002,2.8190880000000003,IND,MNE,611420
2368163,111,144,7731,2015,55731.0,0.0,1.321127,0.747046,ITA,MNE,611420
2368164,134,144,7731,2015,902.0,0.0,-0.7554810000000001,-0.059697,MAR,MNE,611420
2368165,201,144,7731,2015,34032.0,0.0,0.457042,1.324908,SRB,MNE,611420
2368166,207,144,7731,2015,3981.0,0.0,1.6089879999999999,0.833616,SVN,MNE,611420
2368167,223,144,7731,2015,2900.0,0.0,0.140202,0.967591,TUN,MNE,611420
2368168,224,144,7731,2015,2290.0,0.0,0.438669,2.519632,TUR,MNE,611420
2368169,250,144,7731,2015,3038.0,0.0,0.377283,-0.092204,ANS,MNE,611420
2368170,7,147,7731,2015,12067.0,0.0,0.21779600000000002,-0.0047420000000000006,ARE,MOZ,611420
2368171,43,147,7731,2015,32582.0,0.0,1.077143,1.735757,CHN,MOZ,611420
2368172,179,147,7731,2015,11109.0,0.0,0.561922,2.2276380000000002,PRT,MOZ,611420
2368173,246,147,7731,2015,7055.0,0.0,0.24944699999999997,1.7573159999999999,ZAF,MOZ,611420
2368174,7,148,7731,2015,20064.0,0.0,0.21779600000000002,-0.0047420000000000006,ARE,MRT,611420
2368175,77,148,7731,2015,3571.0,0.0,1.479792,0.6490239999999999,FRA,MRT,611420
2368176,104,148,7731,2015,860.0,0.0,0.24230900000000002,2.8190880000000003,IND,MRT,611420
2368177,111,148,7731,2015,4481.0,0.0,1.321127,0.747046,ITA,MRT,611420
2368178,7,151,7731,2015,5570.0,22703.0,0.21779600000000002,-0.0047420000000000006,ARE,MUS,611420
2368179,14,151,7731,2015,0.0,61936.0,-0.292325,-0.043489,AUS,MUS,611420
2368180,15,151,7731,2015,0.0,1744.0,1.747098,-0.08026699999999999,AUT,MUS,611420
2368181,18,151,7731,2015,0.0,2446.0,1.329866,1.100641,BEL,MUS,611420
2368182,32,151,7731,2015,0.0,1006.0,0.23656799999999997,0.688607,BRA,MUS,611420
2368183,39,151,7731,2015,0.0,68568.0,0.695867,1.171676,CAN,MUS,611420
2368184,41,151,7731,2015,0.0,12124.0,2.306075,0.720781,CHE,MUS,611420
2368185,43,151,7731,2015,52429.0,22246.0,1.077143,1.735757,CHN,MUS,611420
2368186,59,151,7731,2015,0.0,4332.0,1.743012,0.45424,CZE,MUS,611420
2368187,61,151,7731,2015,0.0,41606.0,2.203818,-2.307561,DEU,MUS,611420
2368188,71,151,7731,2015,0.0,16434.0,0.8173590000000001,2.442556,ESP,MUS,611420
2368189,77,151,7731,2015,3341.0,154070.0,1.479792,0.6490239999999999,FRA,MUS,611420
2368190,81,151,7731,2015,0.0,2266883.0,1.7422990000000003,0.75838,GBR,MUS,611420
2368191,103,151,7731,2015,2246.0,6341.0,-0.145103,1.277362,IDN,MUS,611420
2368192,104,151,7731,2015,335087.0,0.0,0.24230900000000002,2.8190880000000003,IND,MUS,611420
2368193,106,151,7731,2015,0.0,17169.0,1.304942,0.126431,IRL,MUS,611420
2368194,109,151,7731,2015,0.0,1760.0,0.24527600000000002,-0.411616,ISL,MUS,611420
2368195,122,151,7731,2015,0.0,1608.0,-0.352023,-1.153057,KWT,MUS,611420
2368196,124,151,7731,2015,0.0,1108.0,0.317355,1.330374,LBN,MUS,611420
2368197,128,151,7731,2015,0.0,3970.0,-0.6773399999999999,0.386343,LKA,MUS,611420
2368198,162,151,7731,2015,0.0,21744.0,1.230104,1.27344,NLD,MUS,611420
2368199,166,151,7731,2015,0.0,16574.0,0.224598,0.253179,NZL,MUS,611420
2368200,168,151,7731,2015,5226.0,0.0,-0.7059979999999999,0.73501,PAK,MUS,611420
2368201,177,151,7731,2015,0.0,1883.0,1.145844,1.1449280000000002,POL,MUS,611420
2368202,183,151,7731,2015,0.0,1454.0,-0.077053,-0.9922719999999999,QAT,MUS,611420
2368203,186,151,7731,2015,0.0,4681.0,0.23119,0.035965,RUS,MUS,611420
2368204,192,151,7731,2015,0.0,25715.0,2.05613,0.593065,SGP,MUS,611420
2368205,211,151,7731,2015,0.0,31936.0,1.017467,-0.285569,SYC,MUS,611420
2368206,216,151,7731,2015,4821.0,12584.0,0.965888,1.368572,THA,MUS,611420
2368207,231,151,7731,2015,0.0,397088.0,1.720478,-0.129322,USA,MUS,611420
2368208,239,151,7731,2015,1088.0,0.0,-0.17108900000000002,1.10995,VNM,MUS,611420
2368209,246,151,7731,2015,2008.0,26871.0,0.24944699999999997,1.7573159999999999,ZAF,MUS,611420
2368210,2,155,7731,2015,5687.0,9828.0,-1.6542,-1.2598989999999999,AGO,NAM,611420
2368211,7,155,7731,2015,8811.0,0.0,0.21779600000000002,-0.0047420000000000006,ARE,NAM,611420
2368212,18,155,7731,2015,1274.0,0.0,1.329866,1.100641,BEL,NAM,611420
2368213,43,155,7731,2015,911.0,0.0,1.077143,1.735757,CHN,NAM,611420
2368214,104,155,7731,2015,2147.0,0.0,0.24230900000000002,2.8190880000000003,IND,NAM,611420
2368215,246,155,7731,2015,408819.0,0.0,0.24944699999999997,1.7573159999999999,ZAF,NAM,611420
2368216,14,156,7731,2015,92465.0,0.0,-0.292325,-0.043489,AUS,NCL,611420
2368217,43,156,7731,2015,54518.0,0.0,1.077143,1.735757,CHN,NCL,611420
2368218,71,156,7731,2015,12268.0,0.0,0.8173590000000001,2.442556,ESP,NCL,611420
2368219,77,156,7731,2015,1012680.0,0.0,1.479792,0.6490239999999999,FRA,NCL,611420
2368220,97,156,7731,2015,15909.0,0.0,0.8255290000000001,1.8017279999999998,HKG,NCL,611420
2368221,103,156,7731,2015,21933.0,0.0,-0.145103,1.277362,IDN,NCL,611420
2368222,104,156,7731,2015,6597.0,0.0,0.24230900000000002,2.8190880000000003,IND,NCL,611420
2368223,138,156,7731,2015,4231.0,0.0,1.169724,0.61457,MEX,NCL,611420
2368224,173,156,7731,2015,984.0,0.0,-0.6007819999999999,0.32152800000000004,PER,NCL,611420
2368225,179,156,7731,2015,2169.0,0.0,0.561922,2.2276380000000002,PRT,NCL,611420
2368226,182,156,7731,2015,2667.0,0.0,-0.301696,-0.795154,PYF,NCL,611420
2368227,192,156,7731,2015,21053.0,0.0,2.05613,0.593065,SGP,NCL,611420
2368228,216,156,7731,2015,1875.0,0.0,0.965888,1.368572,THA,NCL,611420
2368229,231,156,7731,2015,15165.0,0.0,1.720478,-0.129322,USA,NCL,611420
2368230,250,156,7731,2015,0.0,1684.0,0.377283,-0.092204,ANS,NCL,611420
2368231,14,176,7731,2015,162519.0,0.0,-0.292325,-0.043489,AUS,PNG,611420
2368232,104,176,7731,2015,8231.0,0.0,0.24230900000000002,2.8190880000000003,IND,PNG,611420
2368233,153,176,7731,2015,1868.0,0.0,1.082803,0.811615,MYS,PNG,611420
2368234,192,176,7731,2015,864991.0,0.0,2.05613,0.593065,SGP,PNG,611420
2368235,216,176,7731,2015,2672.0,0.0,0.965888,1.368572,THA,PNG,611420
2368236,239,176,7731,2015,94318.0,0.0,-0.17108900000000002,1.10995,VNM,PNG,611420
2368237,242,176,7731,2015,0.0,2256.0,0.351057,-0.158431,WSM,PNG,611420
2368238,24,178,7731,2015,0.0,2105.0,0.36650900000000003,-0.28735,BHR,PRK,611420
2368239,43,178,7731,2015,70002.0,8415.0,1.077143,1.735757,CHN,PRK,611420
2368240,104,178,7731,2015,11024.0,0.0,0.24230900000000002,2.8190880000000003,IND,PRK,611420
2368241,111,178,7731,2015,5860.0,0.0,1.321127,0.747046,ITA,PRK,611420
2368242,128,178,7731,2015,5744.0,0.0,-0.6773399999999999,0.386343,LKA,PRK,611420
2368243,43,209,7731,2015,2267.0,0.0,1.077143,1.735757,CHN,SWZ,611420
2368244,104,209,7731,2015,49269.0,0.0,0.24230900000000002,2.8190880000000003,IND,SWZ,611420
2368245,246,209,7731,2015,42176.0,0.0,0.24944699999999997,1.7573159999999999,ZAF,SWZ,611420
2368246,7,211,7731,2015,60188.0,0.0,0.21779600000000002,-0.0047420000000000006,ARE,SYC,611420
2368247,43,211,7731,2015,984.0,0.0,1.077143,1.735757,CHN,SYC,611420
2368248,71,211,7731,2015,16263.0,0.0,0.8173590000000001,2.442556,ESP,SYC,611420
2368249,77,211,7731,2015,23494.0,0.0,1.479792,0.6490239999999999,FRA,SYC,611420
2368250,81,211,7731,2015,4421.0,0.0,1.7422990000000003,0.75838,GBR,SYC,611420
2368251,97,211,7731,2015,763.0,0.0,0.8255290000000001,1.8017279999999998,HKG,SYC,611420
2368252,111,211,7731,2015,8330.0,0.0,1.321127,0.747046,ITA,SYC,611420
2368253,151,211,7731,2015,31936.0,0.0,-0.231762,-0.195051,MUS,SYC,611420
2368254,162,211,7731,2015,942.0,0.0,1.230104,1.27344,NLD,SYC,611420
2368255,192,211,7731,2015,4963.0,0.0,2.05613,0.593065,SGP,SYC,611420
2368256,216,211,7731,2015,6123.0,0.0,0.965888,1.368572,THA,SYC,611420
2368257,246,211,7731,2015,10966.0,0.0,0.24944699999999997,1.7573159999999999,ZAF,SYC,611420
2368258,7,212,7731,2015,251722.0,36373.0,0.21779600000000002,-0.0047420000000000006,ARE,SYR,611420
2368259,111,212,7731,2015,1145.0,0.0,1.321127,0.747046,ITA,SYR,611420
2368260,113,212,7731,2015,0.0,207249.0,0.121172,0.457301,JOR,SYR,611420
2368261,167,212,7731,2015,0.0,20379.0,-0.4699,-1.00451,OMN,SYR,611420
2368262,177,212,7731,2015,1495.0,0.0,1.145844,1.1449280000000002,POL,SYR,611420
2368263,224,212,7731,2015,109475.0,0.0,0.438669,2.519632,TUR,SYR,611420
2368264,21,215,7731,2015,0.0,9140.0,-1.085359,-1.034365,BFA,TGO,611420
2368265,44,215,7731,2015,0.0,2541.0,-0.856142,-0.905292,CIV,TGO,611420
2368266,77,215,7731,2015,1354.0,1794.0,1.479792,0.6490239999999999,FRA,TGO,611420
2368267,104,215,7731,2015,14414.0,0.0,0.24230900000000002,2.8190880000000003,IND,TGO,611420
2368268,224,215,7731,2015,3516.0,0.0,0.438669,2.519632,TUR,TGO,611420
2368269,103,220,7731,2015,285228.0,0.0,-0.145103,1.277362,IDN,TLS,611420
2368270,121,220,7731,2015,1114.0,0.0,1.900653,0.859406,KOR,TLS,611420
2368271,192,220,7731,2015,121917.0,0.0,2.05613,0.593065,SGP,TLS,611420
2368272,5,223,7731,2015,0.0,316.0,0.850153,0.383793,AND,TUN,611420
2368273,7,223,7731,2015,2595532.0,3193.0,0.21779600000000002,-0.0047420000000000006,ARE,TUN,611420
2368274,14,223,7731,2015,0.0,4541.0,-0.292325,-0.043489,AUS,TUN,611420
2368275,15,223,7731,2015,0.0,8426.0,1.747098,-0.08026699999999999,AUT,TUN,611420
2368276,21,223,7731,2015,0.0,803.0,-1.085359,-1.034365,BFA,TUN,611420
2368277,22,223,7731,2015,4138.0,0.0,-1.088465,-0.8745360000000001,BGD,TUN,611420
2368278,24,223,7731,2015,0.0,5609.0,0.36650900000000003,-0.28735,BHR,TUN,611420
2368279,28,223,7731,2015,0.0,1944.0,0.672499,0.5584020000000001,BLR,TUN,611420
2368280,39,223,7731,2015,5705.0,5413.0,0.695867,1.171676,CAN,TUN,611420
2368281,41,223,7731,2015,0.0,32848.0,2.306075,0.720781,CHE,TUN,611420
2368282,42,223,7731,2015,0.0,1124.0,-0.356167,-0.47629399999999994,CHL,TUN,611420
2368283,43,223,7731,2015,15528.0,61761.0,1.077143,1.735757,CHN,TUN,611420
2368284,44,223,7731,2015,0.0,1896.0,-0.856142,-0.905292,CIV,TUN,611420
2368285,45,223,7731,2015,0.0,6785.0,-0.924366,-1.040721,CMR,TUN,611420
2368286,47,223,7731,2015,0.0,95671.0,-1.294823,-1.18811,COG,TUN,611420
2368287,59,223,7731,2015,0.0,3380.0,1.743012,0.45424,CZE,TUN,611420
2368288,61,223,7731,2015,0.0,45436.0,2.203818,-2.307561,DEU,TUN,611420
2368289,71,223,7731,2015,23546.0,4440.0,0.8173590000000001,2.442556,ESP,TUN,611420
2368290,77,223,7731,2015,28509.0,1191190.0,1.479792,0.6490239999999999,FRA,TUN,611420
2368291,81,223,7731,2015,3598.0,30881.0,1.7422990000000003,0.75838,GBR,TUN,611420
2368292,97,223,7731,2015,0.0,42904.0,0.8255290000000001,1.8017279999999998,HKG,TUN,611420
2368293,103,223,7731,2015,0.0,2362.0,-0.145103,1.277362,IDN,TUN,611420
2368294,104,223,7731,2015,3007.0,37136.0,0.24230900000000002,2.8190880000000003,IND,TUN,611420
2368295,106,223,7731,2015,0.0,10328.0,1.304942,0.126431,IRL,TUN,611420
2368296,111,223,7731,2015,307288.0,154472.0,1.321127,0.747046,ITA,TUN,611420
2368297,114,223,7731,2015,0.0,2576.0,2.516133,-0.484202,JPN,TUN,611420
2368298,122,223,7731,2015,0.0,12343.0,-0.352023,-1.153057,KWT,TUN,611420
2368299,124,223,7731,2015,0.0,5049.0,0.317355,1.330374,LBN,TUN,611420
2368300,128,223,7731,2015,1248.0,0.0,-0.6773399999999999,0.386343,LKA,TUN,611420
2368301,131,223,7731,2015,0.0,1466.0,1.218924,1.247152,LUX,TUN,611420
2368302,138,223,7731,2015,0.0,49383.0,1.169724,0.61457,MEX,TUN,611420
2368303,144,223,7731,2015,0.0,2900.0,-0.048385000000000004,-0.150759,MNE,TUN,611420
2368304,153,223,7731,2015,5946.0,0.0,1.082803,0.811615,MYS,TUN,611420
2368305,162,223,7731,2015,0.0,217749.0,1.230104,1.27344,NLD,TUN,611420
2368306,163,223,7731,2015,0.0,872.0,0.950708,0.314339,NOR,TUN,611420
2368307,168,223,7731,2015,3603.0,0.0,-0.7059979999999999,0.73501,PAK,TUN,611420
2368308,173,223,7731,2015,0.0,4778.0,-0.6007819999999999,0.32152800000000004,PER,TUN,611420
2368309,177,223,7731,2015,0.0,938.0,1.145844,1.1449280000000002,POL,TUN,611420
2368310,179,223,7731,2015,93835.0,0.0,0.561922,2.2276380000000002,PRT,TUN,611420
2368311,183,223,7731,2015,0.0,1319.0,-0.077053,-0.9922719999999999,QAT,TUN,611420
2368312,186,223,7731,2015,0.0,73643.0,0.23119,0.035965,RUS,TUN,611420
2368313,192,223,7731,2015,0.0,641.0,2.05613,0.593065,SGP,TUN,611420
2368314,206,223,7731,2015,0.0,699.0,1.287133,0.7900560000000001,SVK,TUN,611420
2368315,207,223,7731,2015,0.0,901.0,1.6089879999999999,0.833616,SVN,TUN,611420
2368316,224,223,7731,2015,70634.0,0.0,0.438669,2.519632,TUR,TUN,611420
2368317,230,223,7731,2015,0.0,1568.0,0.273876,-0.363695,URY,TUN,611420
2368318,231,223,7731,2015,0.0,76853.0,1.720478,-0.129322,USA,TUN,611420
2368319,17,227,7731,2015,0.0,19761.0,-0.993318,-1.031194,BDI,UGA,611420
2368320,22,227,7731,2015,73482.0,0.0,-1.088465,-0.8745360000000001,BGD,UGA,611420
2368321,43,227,7731,2015,7038.0,0.0,1.077143,1.735757,CHN,UGA,611420
2368322,46,227,7731,2015,0.0,8555.0,-1.3921290000000002,-1.146549,COD,UGA,611420
2368323,97,227,7731,2015,4023.0,0.0,0.8255290000000001,1.8017279999999998,HKG,UGA,611420
2368324,106,227,7731,2015,0.0,1664.0,1.304942,0.126431,IRL,UGA,611420
2368325,224,227,7731,2015,3752.0,0.0,0.438669,2.519632,TUR,UGA,611420
2368326,106,229,7731,2015,0.0,1950.0,1.304942,0.126431,IRL,UMI,611420
2368327,104,237,7731,2015,1747.0,0.0,0.24230900000000002,2.8190880000000003,IND,VGB,611420
2368328,231,237,7731,2015,6000.0,0.0,1.720478,-0.129322,USA,VGB,611420
2368329,7,247,7731,2015,1675.0,0.0,0.21779600000000002,-0.0047420000000000006,ARE,ZMB,611420
2368330,43,247,7731,2015,115452.0,0.0,1.077143,1.735757,CHN,ZMB,611420
2368331,46,247,7731,2015,0.0,3722.0,-1.3921290000000002,-1.146549,COD,ZMB,611420
2368332,81,247,7731,2015,63934.0,0.0,1.7422990000000003,0.75838,GBR,ZMB,611420
2368333,104,247,7731,2015,16847.0,0.0,0.24230900000000002,2.8190880000000003,IND,ZMB,611420
2368334,106,247,7731,2015,0.0,1074.0,1.304942,0.126431,IRL,ZMB,611420
2368335,111,247,7731,2015,1197.0,0.0,1.321127,0.747046,ITA,ZMB,611420
2368336,168,247,7731,2015,549.0,0.0,-0.7059979999999999,0.73501,PAK,ZMB,611420
2368337,246,247,7731,2015,57435.0,0.0,0.24944699999999997,1.7573159999999999,ZAF,ZMB,611420
2368338,7,248,7731,2015,2320.0,0.0,0.21779600000000002,-0.0047420000000000006,ARE,ZWE,611420
2368339,43,248,7731,2015,985.0,0.0,1.077143,1.735757,CHN,ZWE,611420
2368340,104,248,7731,2015,95586.0,0.0,0.24230900000000002,2.8190880000000003,IND,ZWE,611420
2368341,246,248,7731,2015,6421.0,0.0,0.24944699999999997,1.7573159999999999,ZAF,ZWE,611420
2368342,7,34,7731,2015,20950.0,0.0,0.21779600000000002,-0.0047420000000000006,ARE,BRN,611420
2368343,14,34,7731,2015,3639.0,0.0,-0.292325,-0.043489,AUS,BRN,611420
2368344,43,34,7731,2015,179853.0,0.0,1.077143,1.735757,CHN,BRN,611420
2368345,81,34,7731,2015,13671.0,0.0,1.7422990000000003,0.75838,GBR,BRN,611420
2368346,153,34,7731,2015,54503.0,7092.0,1.082803,0.811615,MYS,BRN,611420
2368347,174,34,7731,2015,2444.0,0.0,0.6406270000000001,0.45770200000000005,PHL,BRN,611420
2368348,192,34,7731,2015,382366.0,0.0,2.05613,0.593065,SGP,BRN,611420
2368349,231,34,7731,2015,0.0,26629.0,1.720478,-0.129322,USA,BRN,611420
2368350,239,34,7731,2015,2407.0,0.0,-0.17108900000000002,1.10995,VNM,BRN,611420
2368351,249,34,7731,2015,4294.0,0.0,1.962832,1.214982,TWN,BRN,611420
2368352,104,29,7731,2015,6767.0,0.0,0.24230900000000002,2.8190880000000003,IND,BLZ,611420
2368353,197,29,7731,2015,68339.0,0.0,0.05531900000000001,0.169073,SLV,BLZ,611420
2368354,231,29,7731,2015,2368.0,0.0,1.720478,-0.129322,USA,BLZ,611420
2368355,112,57,7731,2015,12247.0,0.0,-0.438267,-0.828097,JAM,CYM,611420
2368356,231,57,7731,2015,7735.0,0.0,1.720478,-0.129322,USA,CYM,611420
2368357,81,76,7731,2015,36997.0,0.0,1.7422990000000003,0.75838,GBR,FLK,611420
2368358,7,135,7731,2015,2439.0,0.0,0.21779600000000002,-0.0047420000000000006,ARE,MDA,611420
2368359,22,135,7731,2015,2999.0,0.0,-1.088465,-0.8745360000000001,BGD,MDA,611420
2368360,28,135,7731,2015,986.0,0.0,0.672499,0.5584020000000001,BLR,MDA,611420
2368361,41,135,7731,2015,0.0,777.0,2.306075,0.720781,CHE,MDA,611420
2368362,43,135,7731,2015,0.0,47151.0,1.077143,1.735757,CHN,MDA,611420
2368363,61,135,7731,2015,1139.0,1122.0,2.203818,-2.307561,DEU,MDA,611420
2368364,71,135,7731,2015,6076.0,18332.0,0.8173590000000001,2.442556,ESP,MDA,611420
2368365,77,135,7731,2015,11901.0,4004.0,1.479792,0.6490239999999999,FRA,MDA,611420
2368366,104,135,7731,2015,953.0,0.0,0.24230900000000002,2.8190880000000003,IND,MDA,611420
2368367,111,135,7731,2015,3548.0,496166.0,1.321127,0.747046,ITA,MDA,611420
2368368,140,135,7731,2015,0.0,1796.0,-0.09009600000000001,-0.147359,MKD,MDA,611420
2368369,177,135,7731,2015,1291.0,0.0,1.145844,1.1449280000000002,POL,MDA,611420
2368370,183,135,7731,2015,0.0,3277.0,-0.077053,-0.9922719999999999,QAT,MDA,611420
2368371,185,135,7731,2015,1241.0,0.0,0.946363,1.056775,ROU,MDA,611420
2368372,186,135,7731,2015,918.0,0.0,0.23119,0.035965,RUS,MDA,611420
2368373,224,135,7731,2015,5486.0,0.0,0.438669,2.519632,TUR,MDA,611420
2368374,142,198,7731,2015,0.0,7737.0,0.880893,-0.117585,MLT,SMR,611420
2368375,49,0,7731,2015,2047.0,0.0,0.156383,-0.183055,COL,ABW,611420
2368376,61,0,7731,2015,1451.0,0.0,2.203818,-2.307561,DEU,ABW,611420
2368377,71,0,7731,2015,1101.0,0.0,0.8173590000000001,2.442556,ESP,ABW,611420
2368378,104,0,7731,2015,3525.0,0.0,0.24230900000000002,2.8190880000000003,IND,ABW,611420
2368379,113,0,7731,2015,0.0,11384.0,0.121172,0.457301,JOR,ABW,611420
2368380,173,0,7731,2015,11515.0,0.0,-0.6007819999999999,0.32152800000000004,PER,ABW,611420
2368381,231,0,7731,2015,47293.0,0.0,1.720478,-0.129322,USA,ABW,611420
2368382,250,0,7731,2015,6040.0,0.0,0.377283,-0.092204,ANS,ABW,611420
2368383,22,5,7731,2015,9524.0,0.0,-1.088465,-0.8745360000000001,BGD,AND,611420
2368384,43,5,7731,2015,1981.0,0.0,1.077143,1.735757,CHN,AND,611420
2368385,61,5,7731,2015,1181.0,0.0,2.203818,-2.307561,DEU,AND,611420
2368386,64,5,7731,2015,857.0,0.0,1.157924,1.2045629999999998,DNK,AND,611420
2368387,71,5,7731,2015,627856.0,2548.0,0.8173590000000001,2.442556,ESP,AND,611420
2368388,77,5,7731,2015,78821.0,0.0,1.479792,0.6490239999999999,FRA,AND,611420
2368389,81,5,7731,2015,1087.0,0.0,1.7422990000000003,0.75838,GBR,AND,611420
2368390,90,5,7731,2015,1080.0,0.0,0.099027,1.012289,GRC,AND,611420
2368391,111,5,7731,2015,3142.0,0.0,1.321127,0.747046,ITA,AND,611420
2368392,134,5,7731,2015,1378.0,0.0,-0.7554810000000001,-0.059697,MAR,AND,611420
2368393,162,5,7731,2015,6512.0,0.0,1.230104,1.27344,NLD,AND,611420
2368394,179,5,7731,2015,11201.0,0.0,0.561922,2.2276380000000002,PRT,AND,611420
2368395,185,5,7731,2015,923.0,0.0,0.946363,1.056775,ROU,AND,611420
2368396,223,5,7731,2015,316.0,0.0,0.140202,0.967591,TUN,AND,611420
2368397,224,5,7731,2015,1990.0,0.0,0.438669,2.519632,TUR,AND,611420
2368398,239,5,7731,2015,1326.0,0.0,-0.17108900000000002,1.10995,VNM,AND,611420
2368399,7,17,7731,2015,3416.0,0.0,0.21779600000000002,-0.0047420000000000006,ARE,BDI,611420
2368400,43,17,7731,2015,817.0,0.0,1.077143,1.735757,CHN,BDI,611420
2368401,77,17,7731,2015,34685.0,0.0,1.479792,0.6490239999999999,FRA,BDI,611420
2368402,226,17,7731,2015,7281.0,0.0,-1.02395,-0.017509999999999998,TZA,BDI,611420
2368403,227,17,7731,2015,19761.0,0.0,-0.611023,0.078961,UGA,BDI,611420
2368404,32,31,7731,2015,10522.0,0.0,0.23656799999999997,0.688607,BRA,BOL,611420
2368405,42,31,7731,2015,7926.0,0.0,-0.356167,-0.47629399999999994,CHL,BOL,611420
2368406,43,31,7731,2015,5039.0,0.0,1.077143,1.735757,CHN,BOL,611420
2368407,49,31,7731,2015,2273.0,0.0,0.156383,-0.183055,COL,BOL,611420
2368408,71,31,7731,2015,3623.0,0.0,0.8173590000000001,2.442556,ESP,BOL,611420
2368409,81,31,7731,2015,0.0,2569.0,1.7422990000000003,0.75838,GBR,BOL,611420
2368410,97,31,7731,2015,1136.0,0.0,0.8255290000000001,1.8017279999999998,HKG,BOL,611420
2368411,104,31,7731,2015,3023.0,0.0,0.24230900000000002,2.8190880000000003,IND,BOL,611420
2368412,173,31,7731,2015,73310.0,0.0,-0.6007819999999999,0.32152800000000004,PER,BOL,611420
2368413,231,31,7731,2015,974.0,0.0,1.720478,-0.129322,USA,BOL,611420
2368414,7,38,7731,2015,11603.0,0.0,0.21779600000000002,-0.0047420000000000006,ARE,CAF,611420
2368415,81,38,7731,2015,5063.0,0.0,1.7422990000000003,0.75838,GBR,CAF,611420
2368416,41,51,7731,2015,713.0,0.0,2.306075,0.720781,CHE,CPV,611420
2368417,71,51,7731,2015,18177.0,0.0,0.8173590000000001,2.442556,ESP,CPV,611420
2368418,191,51,7731,2015,2903.0,0.0,-0.708349,-0.296663,SEN,CPV,611420
2368419,7,69,7731,2015,17710.0,0.0,0.21779600000000002,-0.0047420000000000006,ARE,ERI,611420
2368420,41,69,7731,2015,2315.0,0.0,2.306075,0.720781,CHE,ERI,611420
2368421,14,75,7731,2015,4002.0,2401153.0,-0.292325,-0.043489,AUS,FJI,611420
2368422,43,75,7731,2015,8500.0,0.0,1.077143,1.735757,CHN,FJI,611420
2368423,104,75,7731,2015,7006.0,0.0,0.24230900000000002,2.8190880000000003,IND,FJI,611420
2368424,166,75,7731,2015,2107.0,12378.0,0.224598,0.253179,NZL,FJI,611420
2368425,195,75,7731,2015,0.0,3838.0,-1.167451,-0.931206,SLB,FJI,611420
2368426,221,75,7731,2015,0.0,24085.0,-0.212905,-0.670721,TON,FJI,611420
2368427,231,75,7731,2015,55414.0,0.0,1.720478,-0.129322,USA,FJI,611420
2368428,64,78,7731,2015,44029.0,0.0,1.157924,1.2045629999999998,DNK,FRO,611420
2368429,7,87,7731,2015,4444.0,0.0,0.21779600000000002,-0.0047420000000000006,ARE,GMB,611420
2368430,43,87,7731,2015,19957.0,0.0,1.077143,1.735757,CHN,GMB,611420
2368431,97,87,7731,2015,1435.0,0.0,0.8255290000000001,1.8017279999999998,HKG,GMB,611420
2368432,103,87,7731,2015,2751.0,0.0,-0.145103,1.277362,IDN,GMB,611420
2368433,39,101,7731,2015,0.0,39964.0,0.695867,1.171676,CAN,HTI,611420
2368434,77,101,7731,2015,58970.0,1622.0,1.479792,0.6490239999999999,FRA,HTI,611420
2368435,104,101,7731,2015,18148.0,0.0,0.24230900000000002,2.8190880000000003,IND,HTI,611420
2368436,138,101,7731,2015,0.0,31859.0,1.169724,0.61457,MEX,HTI,611420
2368437,162,101,7731,2015,0.0,2017.0,1.230104,1.27344,NLD,HTI,611420
2368438,192,101,7731,2015,0.0,3502.0,2.05613,0.593065,SGP,HTI,611420
2368439,231,101,7731,2015,3241.0,2146702.0,1.720478,-0.129322,USA,HTI,611420
2368440,103,119,7731,2015,2494.0,0.0,-0.145103,1.277362,IDN,KIR,611420
2368441,7,123,7731,2015,0.0,246.0,0.21779600000000002,-0.0047420000000000006,ARE,LAO,611420
2368442,216,123,7731,2015,4933.0,0.0,0.965888,1.368572,THA,LAO,611420
2368443,231,123,7731,2015,0.0,7811.0,1.720478,-0.129322,USA,LAO,611420
2368444,239,123,7731,2015,940.0,0.0,-0.17108900000000002,1.10995,VNM,LAO,611420
2368445,231,129,7731,2015,0.0,60084.0,1.720478,-0.129322,USA,LSO,611420
2368446,246,129,7731,2015,71169.0,26926.0,0.24944699999999997,1.7573159999999999,ZAF,LSO,611420
2368447,103,137,7731,2015,10383.0,0.0,-0.145103,1.277362,IDN,MDV,611420
2368448,104,137,7731,2015,11959.0,0.0,0.24230900000000002,2.8190880000000003,IND,MDV,611420
2368449,111,137,7731,2015,27352.0,0.0,1.321127,0.747046,ITA,MDV,611420
2368450,128,137,7731,2015,3474.0,0.0,-0.6773399999999999,0.386343,LKA,MDV,611420
2368451,192,137,7731,2015,29122.0,0.0,2.05613,0.593065,SGP,MDV,611420
2368452,216,137,7731,2015,17802.0,0.0,0.965888,1.368572,THA,MDV,611420
2368453,22,145,7731,2015,4274.0,0.0,-1.088465,-0.8745360000000001,BGD,MNG,611420
2368454,41,145,7731,2015,0.0,1345.0,2.306075,0.720781,CHE,MNG,611420
2368455,43,145,7731,2015,100602.0,0.0,1.077143,1.735757,CHN,MNG,611420
2368456,61,145,7731,2015,1771.0,0.0,2.203818,-2.307561,DEU,MNG,611420
2368457,239,145,7731,2015,6953.0,0.0,-0.17108900000000002,1.10995,VNM,MNG,611420
2368458,7,152,7731,2015,9338.0,0.0,0.21779600000000002,-0.0047420000000000006,ARE,MWI,611420
2368459,43,152,7731,2015,3282.0,0.0,1.077143,1.735757,CHN,MWI,611420
2368460,216,152,7731,2015,345.0,0.0,0.965888,1.368572,THA,MWI,611420
2368461,246,152,7731,2015,4333.0,0.0,0.24944699999999997,1.7573159999999999,ZAF,MWI,611420
2368462,7,157,7731,2015,122415.0,0.0,0.21779600000000002,-0.0047420000000000006,ARE,NER,611420
2368463,39,157,7731,2015,13746.0,0.0,0.695867,1.171676,CAN,NER,611420
2368464,43,157,7731,2015,7771.0,0.0,1.077143,1.735757,CHN,NER,611420
2368465,44,157,7731,2015,54349.0,0.0,-0.856142,-0.905292,CIV,NER,611420
2368466,104,157,7731,2015,3294.0,0.0,0.24230900000000002,2.8190880000000003,IND,NER,611420
2368467,159,157,7731,2015,0.0,797.0,-1.415451,-1.157829,NGA,NER,611420
2368468,7,187,7731,2015,1011.0,0.0,0.21779600000000002,-0.0047420000000000006,ARE,RWA,611420
2368469,43,187,7731,2015,988.0,0.0,1.077143,1.735757,CHN,RWA,611420
2368470,231,187,7731,2015,15203.0,0.0,1.720478,-0.129322,USA,RWA,611420
2368471,43,195,7731,2015,1647.0,0.0,1.077143,1.735757,CHN,SLB,611420
2368472,75,195,7731,2015,3838.0,0.0,-0.481968,-0.201468,FJI,SLB,611420
2368473,239,195,7731,2015,41009.0,0.0,-0.17108900000000002,1.10995,VNM,SLB,611420
2368474,249,195,7731,2015,2639.0,0.0,1.962832,1.214982,TWN,SLB,611420
2368475,7,196,7731,2015,94953.0,0.0,0.21779600000000002,-0.0047420000000000006,ARE,SLE,611420
2368476,14,196,7731,2015,2145.0,0.0,-0.292325,-0.043489,AUS,SLE,611420
2368477,43,196,7731,2015,1138.0,0.0,1.077143,1.735757,CHN,SLE,611420
2368478,77,196,7731,2015,8512.0,0.0,1.479792,0.6490239999999999,FRA,SLE,611420
2368479,7,199,7731,2015,393848.0,0.0,0.21779600000000002,-0.0047420000000000006,ARE,SOM,611420
2368480,116,202,7731,2015,2755.0,0.0,-0.453564,0.433325,KEN,SSD,611420
2368481,7,214,7731,2015,71793.0,0.0,0.21779600000000002,-0.0047420000000000006,ARE,TCD,611420
2368482,75,221,7731,2015,24085.0,0.0,-0.481968,-0.201468,FJI,TON,611420
2368483,231,234,7731,2015,3333.0,0.0,1.720478,-0.129322,USA,VCT,611420
2368484,192,240,7731,2015,47937.0,0.0,2.05613,0.593065,SGP,VUT,611420
2368485,216,240,7731,2015,2367.0,0.0,0.965888,1.368572,THA,VUT,611420
2368486,81,30,7731,2015,3971.0,0.0,1.7422990000000003,0.75838,GBR,BMU,611420
2368487,162,30,7731,2015,2929.0,0.0,1.230104,1.27344,NLD,BMU,611420
2368488,216,30,7731,2015,783.0,0.0,0.965888,1.368572,THA,BMU,611420
2368489,231,30,7731,2015,103575.0,0.0,1.720478,-0.129322,USA,BMU,611420
2368490,22,92,7731,2015,2280.0,0.0,-1.088465,-0.8745360000000001,BGD,GRL,611420
2368491,64,92,7731,2015,37989.0,0.0,1.157924,1.2045629999999998,DNK,GRL,611420
2368492,104,92,7731,2015,1721.0,0.0,0.24230900000000002,2.8190880000000003,IND,GRL,611420
2368493,14,182,7731,2015,2970.0,0.0,-0.292325,-0.043489,AUS,PYF,611420
2368494,43,182,7731,2015,12573.0,0.0,1.077143,1.735757,CHN,PYF,611420
2368495,77,182,7731,2015,523941.0,0.0,1.479792,0.6490239999999999,FRA,PYF,611420
2368496,104,182,7731,2015,11600.0,0.0,0.24230900000000002,2.8190880000000003,IND,PYF,611420
2368497,111,182,7731,2015,831.0,0.0,1.321127,0.747046,ITA,PYF,611420
2368498,156,182,7731,2015,0.0,2667.0,-0.727911,-0.844562,NCL,PYF,611420
2368499,192,182,7731,2015,27125.0,0.0,2.05613,0.593065,SGP,PYF,611420
2368500,216,182,7731,2015,3599.0,0.0,0.965888,1.368572,THA,PYF,611420
2368501,231,182,7731,2015,5105.0,0.0,1.720478,-0.129322,USA,PYF,611420
2368502,14,48,7731,2015,3771.0,0.0,-0.292325,-0.043489,AUS,COK,611420
2368503,231,79,7731,2015,7934.0,0.0,1.720478,-0.129322,USA,FSM,611420
2368504,97,95,7731,2015,6078.0,0.0,0.8255290000000001,1.8017279999999998,HKG,GUM,611420
2368505,81,194,7731,2015,2735.0,0.0,1.7422990000000003,0.75838,GBR,SHN,611420
2368506,43,225,7731,2015,80055.0,0.0,1.077143,1.735757,CHN,TUV,611420
2368507,77,241,7731,2015,4411.0,0.0,1.479792,0.6490239999999999,FRA,WLF,611420
2368508,77,210,7731,2015,79471.0,10060.0,1.479792,0.6490239999999999,FRA,SXM,611420
2368509,100,210,7731,2015,5328.0,0.0,0.7590140000000001,1.257415,HRV,SXM,611420
2368510,112,210,7731,2015,1986.0,0.0,-0.438267,-0.828097,JAM,SXM,611420
2368511,39,200,7731,2015,3416.0,0.0,0.695867,1.171676,CAN,SPM,611420
2368512,77,200,7731,2015,180532.0,0.0,1.479792,0.6490239999999999,FRA,SPM,611420
2368513,39,213,7731,2015,2676.0,0.0,0.695867,1.171676,CAN,TCA,611420
2368514,1,7,7733,2015,0.0,84540.0,-1.249655,-0.9094459999999999,AFG,ARE,611490
2368515,2,7,7733,2015,0.0,18460.0,-1.6542,-1.2598989999999999,AGO,ARE,611490
2368516,9,7,7733,2015,816.0,1035816.0,0.037579,-0.42448800000000003,ARM,ARE,611490
2368517,14,7,7733,2015,38124.0,9083.0,-0.292325,-0.043489,AUS,ARE,611490
2368518,15,7,7733,2015,2258.0,3322.0,1.747098,-0.08026699999999999,AUT,ARE,611490
2368519,16,7,7733,2015,0.0,716240.0,-0.983347,-1.231542,AZE,ARE,611490
2368520,17,7,7733,2015,0.0,10499.0,-0.993318,-1.031194,BDI,ARE,611490
2368521,18,7,7733,2015,0.0,66587.0,1.329866,1.100641,BEL,ARE,611490
2368522,19,7,7733,2015,0.0,26007.0,-0.5641470000000001,-0.8971020000000001,BEN,ARE,611490
2368523,21,7,7733,2015,0.0,4749.0,-1.085359,-1.034365,BFA,ARE,611490
2368524,22,7,7733,2015,72175.0,20609.0,-1.088465,-0.8745360000000001,BGD,ARE,611490
2368525,23,7,7733,2015,11333.0,0.0,0.45640699999999995,1.691455,BGR,ARE,611490
2368526,24,7,7733,2015,34900.0,0.0,0.36650900000000003,-0.28735,BHR,ARE,611490
2368527,32,7,7733,2015,14791.0,0.0,0.23656799999999997,0.688607,BRA,ARE,611490
2368528,34,7,7733,2015,0.0,83135.0,1.093564,-0.679211,BRN,ARE,611490
2368529,39,7,7733,2015,3376.0,33968.0,0.695867,1.171676,CAN,ARE,611490
2368530,41,7,7733,2015,6780.0,6911.0,2.306075,0.720781,CHE,ARE,611490
2368531,42,7,7733,2015,0.0,9040.0,-0.356167,-0.47629399999999994,CHL,ARE,611490
2368532,43,7,7733,2015,615874.0,12532.0,1.077143,1.735757,CHN,ARE,611490
2368533,44,7,7733,2015,0.0,15727.0,-0.856142,-0.905292,CIV,ARE,611490
2368534,45,7,7733,2015,0.0,11421.0,-0.924366,-1.040721,CMR,ARE,611490
2368535,46,7,7733,2015,0.0,79563.0,-1.3921290000000002,-1.146549,COD,ARE,611490
2368536,47,7,7733,2015,0.0,70655.0,-1.294823,-1.18811,COG,ARE,611490
2368537,49,7,7733,2015,26786.0,0.0,0.156383,-0.183055,COL,ARE,611490
2368538,50,7,7733,2015,0.0,1500.0,-0.551674,-0.867288,COM,ARE,611490
2368539,61,7,7733,2015,19027.0,1161.0,2.203818,-2.307561,DEU,ARE,611490
2368540,62,7,7733,2015,0.0,1595420.0,-0.538942,-0.832522,DJI,ARE,611490
2368541,64,7,7733,2015,4745.0,6418.0,1.157924,1.2045629999999998,DNK,ARE,611490
2368542,66,7,7733,2015,0.0,68756.0,-1.54346,-1.255633,DZA,ARE,611490
2368543,68,7,7733,2015,16664.0,1934463.0,-0.183053,1.765036,EGY,ARE,611490
2368544,71,7,7733,2015,181846.0,11782.0,0.8173590000000001,2.442556,ESP,ARE,611490
2368545,73,7,7733,2015,0.0,188376.0,-1.004896,-0.721019,ETH,ARE,611490
2368546,74,7,7733,2015,0.0,7556.0,1.597817,0.998059,FIN,ARE,611490
2368547,77,7,7733,2015,6270422.0,127760.0,1.479792,0.6490239999999999,FRA,ARE,611490
2368548,80,7,7733,2015,0.0,36162.0,-1.384351,-1.209873,GAB,ARE,611490
2368549,81,7,7733,2015,84318.0,11636.0,1.7422990000000003,0.75838,GBR,ARE,611490
2368550,82,7,7733,2015,0.0,62535.0,-0.343663,-0.588017,GEO,ARE,611490
2368551,83,7,7733,2015,0.0,103073.0,-0.750568,-0.690257,GHA,ARE,611490
2368552,85,7,7733,2015,0.0,3272.0,-1.288329,-1.167532,GIN,ARE,611490
2368553,87,7,7733,2015,0.0,69059.0,-0.984775,-0.877886,GMB,ARE,611490
2368554,90,7,7733,2015,21007.0,0.0,0.099027,1.012289,GRC,ARE,611490
2368555,97,7,7733,2015,23041.0,0.0,0.8255290000000001,1.8017279999999998,HKG,ARE,611490
2368556,100,7,7733,2015,33491.0,13479.0,0.7590140000000001,1.257415,HRV,ARE,611490
2368557,102,7,7733,2015,14394.0,0.0,1.462839,0.803258,HUN,ARE,611490
2368558,103,7,7733,2015,1093620.0,0.0,-0.145103,1.277362,IDN,ARE,611490
2368559,104,7,7733,2015,11423016.0,150708.0,0.24230900000000002,2.8190880000000003,IND,ARE,611490
2368560,107,7,7733,2015,0.0,370797.0,-0.258946,-0.0073420000000000004,IRN,ARE,611490
2368561,108,7,7733,2015,0.0,13197425.0,-1.465803,-0.912113,IRQ,ARE,611490
2368562,111,7,7733,2015,10822304.0,11011.0,1.321127,0.747046,ITA,ARE,611490
2368563,113,7,7733,2015,785946.0,2413798.0,0.121172,0.457301,JOR,ARE,611490
2368564,114,7,7733,2015,6689.0,0.0,2.516133,-0.484202,JPN,ARE,611490
2368565,115,7,7733,2015,0.0,2479.0,-0.45091499999999995,-0.652026,KAZ,ARE,611490
2368566,116,7,7733,2015,0.0,3231983.0,-0.453564,0.433325,KEN,ARE,611490
2368567,117,7,7733,2015,0.0,99415.0,0.02058,0.438692,KGZ,ARE,611490
2368568,118,7,7733,2015,1474.0,0.0,-0.791985,-0.833046,KHM,ARE,611490
2368569,121,7,7733,2015,10385.0,0.0,1.900653,0.859406,KOR,ARE,611490
2368570,122,7,7733,2015,6607.0,65844.0,-0.352023,-1.153057,KWT,ARE,611490
2368571,124,7,7733,2015,29223.0,319486.0,0.317355,1.330374,LBN,ARE,611490
2368572,126,7,7733,2015,0.0,36215.0,-1.3257219999999998,-1.260453,LBY,ARE,611490
2368573,128,7,7733,2015,15580.0,893.0,-0.6773399999999999,0.386343,LKA,ARE,611490
2368574,132,7,7733,2015,0.0,5205.0,0.602209,1.125357,LVA,ARE,611490
2368575,134,7,7733,2015,132591.0,1269651.0,-0.7554810000000001,-0.059697,MAR,ARE,611490
2368576,137,7,7733,2015,0.0,88237.0,-0.321571,-0.858751,MDV,ARE,611490
2368577,138,7,7733,2015,4634.0,0.0,1.169724,0.61457,MEX,ARE,611490
2368578,141,7,7733,2015,0.0,3269.0,-0.744236,-0.9441860000000001,MLI,ARE,611490
2368579,143,7,7733,2015,20017.0,0.0,-1.4596120000000001,-0.903904,MMR,ARE,611490
2368580,147,7,7733,2015,0.0,5047.0,-1.293809,-1.115069,MOZ,ARE,611490
2368581,151,7,7733,2015,185.0,27959.0,-0.231762,-0.195051,MUS,ARE,611490
2368582,152,7,7733,2015,0.0,56373.0,-0.549862,-0.8753190000000001,MWI,ARE,611490
2368583,153,7,7733,2015,19671870.0,135404.0,1.082803,0.811615,MYS,ARE,611490
2368584,155,7,7733,2015,0.0,3250.0,-0.43457399999999996,-0.665655,NAM,ARE,611490
2368585,157,7,7733,2015,0.0,169914.0,-1.517292,-1.033891,NER,ARE,611490
2368586,159,7,7733,2015,0.0,29782.0,-1.415451,-1.157829,NGA,ARE,611490
2368587,162,7,7733,2015,4574.0,5485.0,1.230104,1.27344,NLD,ARE,611490
2368588,163,7,7733,2015,2506.0,5999.0,0.950708,0.314339,NOR,ARE,611490
2368589,167,7,7733,2015,15041.0,834449.0,-0.4699,-1.00451,OMN,ARE,611490
2368590,168,7,7733,2015,1387195.0,199477.0,-0.7059979999999999,0.73501,PAK,ARE,611490
2368591,174,7,7733,2015,4875.0,949.0,0.6406270000000001,0.45770200000000005,PHL,ARE,611490
2368592,177,7,7733,2015,55997.0,0.0,1.145844,1.1449280000000002,POL,ARE,611490
2368593,179,7,7733,2015,30425.0,0.0,0.561922,2.2276380000000002,PRT,ARE,611490
2368594,183,7,7733,2015,6035.0,554338.0,-0.077053,-0.9922719999999999,QAT,ARE,611490
2368595,185,7,7733,2015,27678.0,26377.0,0.946363,1.056775,ROU,ARE,611490
2368596,186,7,7733,2015,0.0,4515.0,0.23119,0.035965,RUS,ARE,611490
2368597,187,7,7733,2015,0.0,3263.0,-0.755738,-0.4423,RWA,ARE,611490
2368598,188,7,7733,2015,48579.0,62339.0,0.5552520000000001,-0.7263229999999999,SAU,ARE,611490
2368599,190,7,7733,2015,0.0,134082.0,-1.420356,-1.218424,SDN,ARE,611490
2368600,191,7,7733,2015,1256.0,290185.0,-0.708349,-0.296663,SEN,ARE,611490
2368601,192,7,7733,2015,298539.0,50239.0,2.05613,0.593065,SGP,ARE,611490
2368602,199,7,7733,2015,0.0,234833.0,-1.716689,-1.078134,SOM,ARE,611490
2368603,201,7,7733,2015,0.0,1311.0,0.457042,1.324908,SRB,ARE,611490
2368604,206,7,7733,2015,0.0,3496.0,1.287133,0.7900560000000001,SVK,ARE,611490
2368605,208,7,7733,2015,1540.0,4815.0,1.8068349999999997,0.693389,SWE,ARE,611490
2368606,211,7,7733,2015,0.0,4579.0,1.017467,-0.285569,SYC,ARE,611490
2368607,212,7,7733,2015,10219.0,127390.0,-0.603532,0.313216,SYR,ARE,611490
2368608,214,7,7733,2015,0.0,331947.0,-1.543675,-0.9703860000000001,TCD,ARE,611490
2368609,215,7,7733,2015,0.0,3145.0,-0.66925,-0.873554,TGO,ARE,611490
2368610,216,7,7733,2015,58659.0,1092.0,0.965888,1.368572,THA,ARE,611490
2368611,222,7,7733,2015,0.0,1644.0,-0.462837,-1.117621,TTO,ARE,611490
2368612,223,7,7733,2015,9177.0,228320.0,0.140202,0.967591,TUN,ARE,611490
2368613,224,7,7733,2015,9655.0,174326.0,0.438669,2.519632,TUR,ARE,611490
2368614,226,7,7733,2015,0.0,1028637.0,-1.02395,-0.017509999999999998,TZA,ARE,611490
2368615,227,7,7733,2015,3227.0,56513.0,-0.611023,0.078961,UGA,ARE,611490
2368616,228,7,7733,2015,5710.0,0.0,0.429879,0.701813,UKR,ARE,611490
2368617,231,7,7733,2015,65845.0,2513.0,1.720478,-0.129322,USA,ARE,611490
2368618,232,7,7733,2015,0.0,207982.0,-0.724966,-0.599292,UZB,ARE,611490
2368619,239,7,7733,2015,173319.0,0.0,-0.17108900000000002,1.10995,VNM,ARE,611490
2368620,243,7,7733,2015,0.0,119716.0,-1.048632,-1.10843,YEM,ARE,611490
2368621,246,7,7733,2015,3311.0,168553.0,0.24944699999999997,1.7573159999999999,ZAF,ARE,611490
2368622,247,7,7733,2015,0.0,20180.0,-0.44792,-0.769586,ZMB,ARE,611490
2368623,248,7,7733,2015,0.0,28526.0,-0.838017,-0.9400270000000001,ZWE,ARE,611490
2368624,249,7,7733,2015,26311.0,0.0,1.962832,1.214982,TWN,ARE,611490
2368625,31,8,7733,2015,0.0,4950.0,-1.051562,-1.067714,BOL,ARG,611490
2368626,42,8,7733,2015,0.0,33539.0,-0.356167,-0.47629399999999994,CHL,ARG,611490
2368627,43,8,7733,2015,5458.0,0.0,1.077143,1.735757,CHN,ARG,611490
2368628,46,8,7733,2015,0.0,5073.0,-1.3921290000000002,-1.146549,COD,ARG,611490
2368629,71,8,7733,2015,0.0,3195.0,0.8173590000000001,2.442556,ESP,ARG,611490
2368630,77,8,7733,2015,0.0,9831.0,1.479792,0.6490239999999999,FRA,ARG,611490
2368631,104,8,7733,2015,144819.0,0.0,0.24230900000000002,2.8190880000000003,IND,ARG,611490
2368632,111,8,7733,2015,27905.0,0.0,1.321127,0.747046,ITA,ARG,611490
2368633,113,8,7733,2015,73173.0,0.0,0.121172,0.457301,JOR,ARG,611490
2368634,153,8,7733,2015,1303114.0,334832.0,1.082803,0.811615,MYS,ARG,611490
2368635,180,8,7733,2015,0.0,1687.0,-0.471106,-0.9431139999999999,PRY,ARG,611490
2368636,192,8,7733,2015,82059.0,0.0,2.05613,0.593065,SGP,ARG,611490
2368637,230,8,7733,2015,0.0,1847.0,0.273876,-0.363695,URY,ARG,611490
2368638,5,15,7733,2015,0.0,38759.0,0.850153,0.383793,AND,AUT,611490
2368639,7,15,7733,2015,3322.0,2258.0,0.21779600000000002,-0.0047420000000000006,ARE,AUT,611490
2368640,14,15,7733,2015,8673.0,0.0,-0.292325,-0.043489,AUS,AUT,611490
2368641,16,15,7733,2015,0.0,835.0,-0.983347,-1.231542,AZE,AUT,611490
2368642,18,15,7733,2015,148975.0,13031.0,1.329866,1.100641,BEL,AUT,611490
2368643,22,15,7733,2015,13225.0,0.0,-1.088465,-0.8745360000000001,BGD,AUT,611490
2368644,23,15,7733,2015,6551.0,2625.0,0.45640699999999995,1.691455,BGR,AUT,611490
2368645,26,15,7733,2015,73215.0,0.0,0.355903,0.723092,BIH,AUT,611490
2368646,39,15,7733,2015,6648.0,0.0,0.695867,1.171676,CAN,AUT,611490
2368647,41,15,7733,2015,19973.0,15793.0,2.306075,0.720781,CHE,AUT,611490
2368648,42,15,7733,2015,0.0,1619.0,-0.356167,-0.47629399999999994,CHL,AUT,611490
2368649,43,15,7733,2015,25917.0,0.0,1.077143,1.735757,CHN,AUT,611490
2368650,49,15,7733,2015,0.0,1444.0,0.156383,-0.183055,COL,AUT,611490
2368651,52,15,7733,2015,0.0,1071.0,0.24859699999999998,-0.033143,CRI,AUT,611490
2368652,59,15,7733,2015,248705.0,64870.0,1.743012,0.45424,CZE,AUT,611490
2368653,61,15,7733,2015,963527.0,1327733.0,2.203818,-2.307561,DEU,AUT,611490
2368654,64,15,7733,2015,31422.0,3763.0,1.157924,1.2045629999999998,DNK,AUT,611490
2368655,71,15,7733,2015,6802.0,35541.0,0.8173590000000001,2.442556,ESP,AUT,611490
2368656,74,15,7733,2015,0.0,1556.0,1.597817,0.998059,FIN,AUT,611490
2368657,77,15,7733,2015,43553.0,54596.0,1.479792,0.6490239999999999,FRA,AUT,611490
2368658,81,15,7733,2015,94089.0,63525.0,1.7422990000000003,0.75838,GBR,AUT,611490
2368659,82,15,7733,2015,0.0,3112.0,-0.343663,-0.588017,GEO,AUT,611490
2368660,90,15,7733,2015,18966.0,3483.0,0.099027,1.012289,GRC,AUT,611490
2368661,93,15,7733,2015,0.0,3732.0,-0.284403,0.525564,GTM,AUT,611490
2368662,97,15,7733,2015,16526.0,8053.0,0.8255290000000001,1.8017279999999998,HKG,AUT,611490
2368663,100,15,7733,2015,2271.0,22085.0,0.7590140000000001,1.257415,HRV,AUT,611490
2368664,102,15,7733,2015,3625.0,46692.0,1.462839,0.803258,HUN,AUT,611490
2368665,103,15,7733,2015,437.0,0.0,-0.145103,1.277362,IDN,AUT,611490
2368666,104,15,7733,2015,54554.0,0.0,0.24230900000000002,2.8190880000000003,IND,AUT,611490
2368667,106,15,7733,2015,4002.0,0.0,1.304942,0.126431,IRL,AUT,611490
2368668,109,15,7733,2015,0.0,1647.0,0.24527600000000002,-0.411616,ISL,AUT,611490
2368669,110,15,7733,2015,1025.0,2540.0,1.260071,0.545545,ISR,AUT,611490
2368670,111,15,7733,2015,2038608.0,696326.0,1.321127,0.747046,ITA,AUT,611490
2368671,113,15,7733,2015,0.0,42530.0,0.121172,0.457301,JOR,AUT,611490
2368672,114,15,7733,2015,11187.0,0.0,2.516133,-0.484202,JPN,AUT,611490
2368673,118,15,7733,2015,1513.0,0.0,-0.791985,-0.833046,KHM,AUT,611490
2368674,121,15,7733,2015,1543.0,884.0,1.900653,0.859406,KOR,AUT,611490
2368675,123,15,7733,2015,4705.0,0.0,-0.927524,-0.74525,LAO,AUT,611490
2368676,124,15,7733,2015,13056.0,0.0,0.317355,1.330374,LBN,AUT,611490
2368677,130,15,7733,2015,4901.0,1450.0,0.749429,1.3659860000000001,LTU,AUT,611490
2368678,143,15,7733,2015,816.0,0.0,-1.4596120000000001,-0.903904,MMR,AUT,611490
2368679,153,15,7733,2015,3504.0,0.0,1.082803,0.811615,MYS,AUT,611490
2368680,162,15,7733,2015,16155.0,20694.0,1.230104,1.27344,NLD,AUT,611490
2368681,163,15,7733,2015,3912.0,2522.0,0.950708,0.314339,NOR,AUT,611490
2368682,166,15,7733,2015,581.0,0.0,0.224598,0.253179,NZL,AUT,611490
2368683,173,15,7733,2015,3957.0,0.0,-0.6007819999999999,0.32152800000000004,PER,AUT,611490
2368684,174,15,7733,2015,2364.0,0.0,0.6406270000000001,0.45770200000000005,PHL,AUT,611490
2368685,177,15,7733,2015,21560.0,15186.0,1.145844,1.1449280000000002,POL,AUT,611490
2368686,179,15,7733,2015,2391.0,3679.0,0.561922,2.2276380000000002,PRT,AUT,611490
2368687,185,15,7733,2015,5426.0,21342.0,0.946363,1.056775,ROU,AUT,611490
2368688,186,15,7733,2015,0.0,12452.0,0.23119,0.035965,RUS,AUT,611490
2368689,188,15,7733,2015,603.0,0.0,0.5552520000000001,-0.7263229999999999,SAU,AUT,611490
2368690,192,15,7733,2015,0.0,41293.0,2.05613,0.593065,SGP,AUT,611490
2368691,197,15,7733,2015,0.0,1249.0,0.05531900000000001,0.169073,SLV,AUT,611490
2368692,201,15,7733,2015,0.0,2695.0,0.457042,1.324908,SRB,AUT,611490
2368693,206,15,7733,2015,2592.0,40718.0,1.287133,0.7900560000000001,SVK,AUT,611490
2368694,207,15,7733,2015,6035.0,90929.0,1.6089879999999999,0.833616,SVN,AUT,611490
2368695,208,15,7733,2015,8655.0,6851.0,1.8068349999999997,0.693389,SWE,AUT,611490
2368696,216,15,7733,2015,10464.0,0.0,0.965888,1.368572,THA,AUT,611490
2368697,223,15,7733,2015,16564.0,0.0,0.140202,0.967591,TUN,AUT,611490
2368698,224,15,7733,2015,3416.0,0.0,0.438669,2.519632,TUR,AUT,611490
2368699,228,15,7733,2015,2402.0,0.0,0.429879,0.701813,UKR,AUT,611490
2368700,231,15,7733,2015,50276.0,44778.0,1.720478,-0.129322,USA,AUT,611490
2368701,239,15,7733,2015,3750.0,0.0,-0.17108900000000002,1.10995,VNM,AUT,611490
2368702,246,15,7733,2015,0.0,9459.0,0.24944699999999997,1.7573159999999999,ZAF,AUT,611490
2368703,7,18,7733,2015,66587.0,0.0,0.21779600000000002,-0.0047420000000000006,ARE,BEL,611490
2368704,14,18,7733,2015,2573.0,0.0,-0.292325,-0.043489,AUS,BEL,611490
2368705,15,18,7733,2015,13031.0,148975.0,1.747098,-0.08026699999999999,AUT,BEL,611490
2368706,21,18,7733,2015,0.0,2014.0,-1.085359,-1.034365,BFA,BEL,611490
2368707,22,18,7733,2015,12753.0,0.0,-1.088465,-0.8745360000000001,BGD,BEL,611490
2368708,23,18,7733,2015,214116.0,9348.0,0.45640699999999995,1.691455,BGR,BEL,611490
2368709,32,18,7733,2015,1433.0,0.0,0.23656799999999997,0.688607,BRA,BEL,611490
2368710,39,18,7733,2015,1925.0,6247.0,0.695867,1.171676,CAN,BEL,611490
2368711,41,18,7733,2015,136876.0,212569.0,2.306075,0.720781,CHE,BEL,611490
2368712,43,18,7733,2015,89299.0,8857.0,1.077143,1.735757,CHN,BEL,611490
2368713,44,18,7733,2015,5219.0,3296.0,-0.856142,-0.905292,CIV,BEL,611490
2368714,45,18,7733,2015,0.0,3353.0,-0.924366,-1.040721,CMR,BEL,611490
2368715,46,18,7733,2015,2281.0,26143.0,-1.3921290000000002,-1.146549,COD,BEL,611490
2368716,58,18,7733,2015,0.0,71676.0,0.511225,-0.207261,CYP,BEL,611490
2368717,59,18,7733,2015,0.0,78597.0,1.743012,0.45424,CZE,BEL,611490
2368718,61,18,7733,2015,155509.0,66058.0,2.203818,-2.307561,DEU,BEL,611490
2368719,64,18,7733,2015,15016.0,100630.0,1.157924,1.2045629999999998,DNK,BEL,611490
2368720,71,18,7733,2015,213122.0,879724.0,0.8173590000000001,2.442556,ESP,BEL,611490
2368721,72,18,7733,2015,0.0,45540.0,0.9281149999999999,1.1780389999999998,EST,BEL,611490
2368722,73,18,7733,2015,0.0,1238.0,-1.004896,-0.721019,ETH,BEL,611490
2368723,74,18,7733,2015,2179.0,0.0,1.597817,0.998059,FIN,BEL,611490
2368724,77,18,7733,2015,1209551.0,95736.0,1.479792,0.6490239999999999,FRA,BEL,611490
2368725,81,18,7733,2015,821203.0,289355.0,1.7422990000000003,0.75838,GBR,BEL,611490
2368726,90,18,7733,2015,0.0,1148.0,0.099027,1.012289,GRC,BEL,611490
2368727,97,18,7733,2015,24929.0,6810.0,0.8255290000000001,1.8017279999999998,HKG,BEL,611490
2368728,102,18,7733,2015,0.0,68596.0,1.462839,0.803258,HUN,BEL,611490
2368729,103,18,7733,2015,7021.0,0.0,-0.145103,1.277362,IDN,BEL,611490
2368730,104,18,7733,2015,1637385.0,0.0,0.24230900000000002,2.8190880000000003,IND,BEL,611490
2368731,106,18,7733,2015,5742.0,0.0,1.304942,0.126431,IRL,BEL,611490
2368732,110,18,7733,2015,0.0,14678.0,1.260071,0.545545,ISR,BEL,611490
2368733,111,18,7733,2015,447826.0,950885.0,1.321127,0.747046,ITA,BEL,611490
2368734,113,18,7733,2015,25620.0,148480.0,0.121172,0.457301,JOR,BEL,611490
2368735,114,18,7733,2015,33582.0,110599.0,2.516133,-0.484202,JPN,BEL,611490
2368736,118,18,7733,2015,1905830.0,0.0,-0.791985,-0.833046,KHM,BEL,611490
2368737,121,18,7733,2015,8680.0,0.0,1.900653,0.859406,KOR,BEL,611490
2368738,123,18,7733,2015,5057.0,0.0,-0.927524,-0.74525,LAO,BEL,611490
2368739,126,18,7733,2015,0.0,310286.0,-1.3257219999999998,-1.260453,LBY,BEL,611490
2368740,128,18,7733,2015,1932.0,0.0,-0.6773399999999999,0.386343,LKA,BEL,611490
2368741,130,18,7733,2015,8933.0,0.0,0.749429,1.3659860000000001,LTU,BEL,611490
2368742,131,18,7733,2015,0.0,24474.0,1.218924,1.247152,LUX,BEL,611490
2368743,132,18,7733,2015,0.0,9543.0,0.602209,1.125357,LVA,BEL,611490
2368744,134,18,7733,2015,2508.0,95557.0,-0.7554810000000001,-0.059697,MAR,BEL,611490
2368745,141,18,7733,2015,1276.0,0.0,-0.744236,-0.9441860000000001,MLI,BEL,611490
2368746,143,18,7733,2015,1351824.0,0.0,-1.4596120000000001,-0.903904,MMR,BEL,611490
2368747,153,18,7733,2015,6378221.0,56018.0,1.082803,0.811615,MYS,BEL,611490
2368748,159,18,7733,2015,0.0,1212.0,-1.415451,-1.157829,NGA,BEL,611490
2368749,162,18,7733,2015,110819.0,251390.0,1.230104,1.27344,NLD,BEL,611490
2368750,163,18,7733,2015,1587.0,8884.0,0.950708,0.314339,NOR,BEL,611490
2368751,166,18,7733,2015,0.0,1043.0,0.224598,0.253179,NZL,BEL,611490
2368752,168,18,7733,2015,1383085.0,0.0,-0.7059979999999999,0.73501,PAK,BEL,611490
2368753,173,18,7733,2015,1341.0,0.0,-0.6007819999999999,0.32152800000000004,PER,BEL,611490
2368754,177,18,7733,2015,151765.0,82863.0,1.145844,1.1449280000000002,POL,BEL,611490
2368755,179,18,7733,2015,11312.0,80184.0,0.561922,2.2276380000000002,PRT,BEL,611490
2368756,185,18,7733,2015,0.0,8120.0,0.946363,1.056775,ROU,BEL,611490
2368757,186,18,7733,2015,1865.0,3059.0,0.23119,0.035965,RUS,BEL,611490
2368758,191,18,7733,2015,0.0,1112.0,-0.708349,-0.296663,SEN,BEL,611490
2368759,192,18,7733,2015,176626.0,10909.0,2.05613,0.593065,SGP,BEL,611490
2368760,201,18,7733,2015,1353.0,0.0,0.457042,1.324908,SRB,BEL,611490
2368761,206,18,7733,2015,0.0,12126.0,1.287133,0.7900560000000001,SVK,BEL,611490
2368762,207,18,7733,2015,0.0,2614.0,1.6089879999999999,0.833616,SVN,BEL,611490
2368763,208,18,7733,2015,11038.0,0.0,1.8068349999999997,0.693389,SWE,BEL,611490
2368764,215,18,7733,2015,0.0,1426.0,-0.66925,-0.873554,TGO,BEL,611490
2368765,216,18,7733,2015,3757.0,68191.0,0.965888,1.368572,THA,BEL,611490
2368766,223,18,7733,2015,11207.0,0.0,0.140202,0.967591,TUN,BEL,611490
2368767,224,18,7733,2015,36463.0,986.0,0.438669,2.519632,TUR,BEL,611490
2368768,231,18,7733,2015,18813.0,79154.0,1.720478,-0.129322,USA,BEL,611490
2368769,239,18,7733,2015,3883.0,0.0,-0.17108900000000002,1.10995,VNM,BEL,611490
2368770,246,18,7733,2015,3052.0,13619.0,0.24944699999999997,1.7573159999999999,ZAF,BEL,611490
2368771,249,18,7733,2015,0.0,9126.0,1.962832,1.214982,TWN,BEL,611490
2368772,7,23,7733,2015,0.0,11333.0,0.21779600000000002,-0.0047420000000000006,ARE,BGR,611490
2368773,15,23,7733,2015,2625.0,6551.0,1.747098,-0.08026699999999999,AUT,BGR,611490
2368774,18,23,7733,2015,9348.0,214116.0,1.329866,1.100641,BEL,BGR,611490
2368775,39,23,7733,2015,0.0,3147.0,0.695867,1.171676,CAN,BGR,611490
2368776,41,23,7733,2015,4108.0,17417.0,2.306075,0.720781,CHE,BGR,611490
2368777,43,23,7733,2015,13230.0,1750.0,1.077143,1.735757,CHN,BGR,611490
2368778,61,23,7733,2015,7958.0,335144.0,2.203818,-2.307561,DEU,BGR,611490
2368779,64,23,7733,2015,110191.0,0.0,1.157924,1.2045629999999998,DNK,BGR,611490
2368780,71,23,7733,2015,82666.0,3320.0,0.8173590000000001,2.442556,ESP,BGR,611490
2368781,77,23,7733,2015,3143.0,49331.0,1.479792,0.6490239999999999,FRA,BGR,611490
2368782,81,23,7733,2015,3428.0,290257.0,1.7422990000000003,0.75838,GBR,BGR,611490
2368783,90,23,7733,2015,1319.0,112427.0,0.099027,1.012289,GRC,BGR,611490
2368784,104,23,7733,2015,3143.0,0.0,0.24230900000000002,2.8190880000000003,IND,BGR,611490
2368785,111,23,7733,2015,575133.0,541581.0,1.321127,0.747046,ITA,BGR,611490
2368786,113,23,7733,2015,0.0,19300.0,0.121172,0.457301,JOR,BGR,611490
2368787,121,23,7733,2015,0.0,3712.0,1.900653,0.859406,KOR,BGR,611490
2368788,122,23,7733,2015,0.0,1288.0,-0.352023,-1.153057,KWT,BGR,611490
2368789,124,23,7733,2015,0.0,1654.0,0.317355,1.330374,LBN,BGR,611490
2368790,142,23,7733,2015,0.0,12380.0,0.880893,-0.117585,MLT,BGR,611490
2368791,162,23,7733,2015,1104.0,0.0,1.230104,1.27344,NLD,BGR,611490
2368792,163,23,7733,2015,0.0,22288.0,0.950708,0.314339,NOR,BGR,611490
2368793,177,23,7733,2015,1592.0,0.0,1.145844,1.1449280000000002,POL,BGR,611490
2368794,185,23,7733,2015,9949.0,47947.0,0.946363,1.056775,ROU,BGR,611490
2368795,188,23,7733,2015,0.0,148853.0,0.5552520000000001,-0.7263229999999999,SAU,BGR,611490
2368796,192,23,7733,2015,0.0,3180.0,2.05613,0.593065,SGP,BGR,611490
2368797,201,23,7733,2015,2718.0,4870.0,0.457042,1.324908,SRB,BGR,611490
2368798,207,23,7733,2015,261210.0,0.0,1.6089879999999999,0.833616,SVN,BGR,611490
2368799,208,23,7733,2015,0.0,3375.0,1.8068349999999997,0.693389,SWE,BGR,611490
2368800,224,23,7733,2015,8926.0,11081.0,0.438669,2.519632,TUR,BGR,611490
2368801,231,23,7733,2015,993.0,10098.0,1.720478,-0.129322,USA,BGR,611490
2368802,239,23,7733,2015,0.0,8873.0,-0.17108900000000002,1.10995,VNM,BGR,611490
2368803,249,23,7733,2015,25404.0,9277.0,1.962832,1.214982,TWN,BGR,611490
2368804,61,25,7733,2015,1873.0,0.0,2.203818,-2.307561,DEU,BHS,611490
2368805,77,25,7733,2015,38744.0,0.0,1.479792,0.6490239999999999,FRA,BHS,611490
2368806,111,25,7733,2015,10161.0,0.0,1.321127,0.747046,ITA,BHS,611490
2368807,169,25,7733,2015,2003.0,0.0,0.642058,0.833392,PAN,BHS,611490
2368808,231,25,7733,2015,19657.0,0.0,1.720478,-0.129322,USA,BHS,611490
2368809,2,32,7733,2015,0.0,48006.0,-1.6542,-1.2598989999999999,AGO,BRA,611490
2368810,7,32,7733,2015,0.0,14791.0,0.21779600000000002,-0.0047420000000000006,ARE,BRA,611490
2368811,18,32,7733,2015,0.0,1433.0,1.329866,1.100641,BEL,BRA,611490
2368812,22,32,7733,2015,9235.0,0.0,-1.088465,-0.8745360000000001,BGD,BRA,611490
2368813,31,32,7733,2015,0.0,4410.0,-1.051562,-1.067714,BOL,BRA,611490
2368814,39,32,7733,2015,2638.0,6927.0,0.695867,1.171676,CAN,BRA,611490
2368815,41,32,7733,2015,0.0,2444.0,2.306075,0.720781,CHE,BRA,611490
2368816,42,32,7733,2015,0.0,6693.0,-0.356167,-0.47629399999999994,CHL,BRA,611490
2368817,43,32,7733,2015,38210.0,0.0,1.077143,1.735757,CHN,BRA,611490
2368818,46,32,7733,2015,0.0,1468.0,-1.3921290000000002,-1.146549,COD,BRA,611490
2368819,71,32,7733,2015,0.0,1036.0,0.8173590000000001,2.442556,ESP,BRA,611490
2368820,77,32,7733,2015,44476.0,17383.0,1.479792,0.6490239999999999,FRA,BRA,611490
2368821,81,32,7733,2015,4324.0,1579.0,1.7422990000000003,0.75838,GBR,BRA,611490
2368822,104,32,7733,2015,1153829.0,0.0,0.24230900000000002,2.8190880000000003,IND,BRA,611490
2368823,110,32,7733,2015,0.0,1944.0,1.260071,0.545545,ISR,BRA,611490
2368824,111,32,7733,2015,2134032.0,106586.0,1.321127,0.747046,ITA,BRA,611490
2368825,113,32,7733,2015,122810.0,0.0,0.121172,0.457301,JOR,BRA,611490
2368826,122,32,7733,2015,0.0,1853.0,-0.352023,-1.153057,KWT,BRA,611490
2368827,124,32,7733,2015,0.0,1011.0,0.317355,1.330374,LBN,BRA,611490
2368828,151,32,7733,2015,16264.0,0.0,-0.231762,-0.195051,MUS,BRA,611490
2368829,153,32,7733,2015,2054151.0,0.0,1.082803,0.811615,MYS,BRA,611490
2368830,162,32,7733,2015,0.0,1307.0,1.230104,1.27344,NLD,BRA,611490
2368831,168,32,7733,2015,11631.0,0.0,-0.7059979999999999,0.73501,PAK,BRA,611490
2368832,179,32,7733,2015,0.0,1713.0,0.561922,2.2276380000000002,PRT,BRA,611490
2368833,180,32,7733,2015,0.0,1171.0,-0.471106,-0.9431139999999999,PRY,BRA,611490
2368834,191,32,7733,2015,3911.0,0.0,-0.708349,-0.296663,SEN,BRA,611490
2368835,192,32,7733,2015,25520.0,0.0,2.05613,0.593065,SGP,BRA,611490
2368836,216,32,7733,2015,1543.0,0.0,0.965888,1.368572,THA,BRA,611490
2368837,224,32,7733,2015,0.0,4996.0,0.438669,2.519632,TUR,BRA,611490
2368838,230,32,7733,2015,0.0,1420.0,0.273876,-0.363695,URY,BRA,611490
2368839,231,32,7733,2015,84488.0,6795.0,1.720478,-0.129322,USA,BRA,611490
2368840,239,32,7733,2015,15698.0,0.0,-0.17108900000000002,1.10995,VNM,BRA,611490
2368841,249,32,7733,2015,31151.0,0.0,1.962832,1.214982,TWN,BRA,611490
2368842,14,33,7733,2015,1119.0,0.0,-0.292325,-0.043489,AUS,BRB,611490
2368843,77,33,7733,2015,70536.0,3317.0,1.479792,0.6490239999999999,FRA,BRB,611490
2368844,169,33,7733,2015,343.0,0.0,0.642058,0.833392,PAN,BRB,611490
2368845,231,33,7733,2015,4317.0,0.0,1.720478,-0.129322,USA,BRB,611490
2368846,7,39,7733,2015,33968.0,3376.0,0.21779600000000002,-0.0047420000000000006,ARE,CAN,611490
2368847,14,39,7733,2015,21080.0,142478.0,-0.292325,-0.043489,AUS,CAN,611490
2368848,15,39,7733,2015,0.0,6648.0,1.747098,-0.08026699999999999,AUT,CAN,611490
2368849,18,39,7733,2015,6247.0,1925.0,1.329866,1.100641,BEL,CAN,611490
2368850,19,39,7733,2015,0.0,17172.0,-0.5641470000000001,-0.8971020000000001,BEN,CAN,611490
2368851,22,39,7733,2015,200675.0,0.0,-1.088465,-0.8745360000000001,BGD,CAN,611490
2368852,23,39,7733,2015,3147.0,0.0,0.45640699999999995,1.691455,BGR,CAN,611490
2368853,30,39,7733,2015,0.0,27146.0,0.974592,-0.636426,BMU,CAN,611490
2368854,32,39,7733,2015,6927.0,2638.0,0.23656799999999997,0.688607,BRA,CAN,611490
2368855,41,39,7733,2015,17798.0,2571.0,2.306075,0.720781,CHE,CAN,611490
2368856,42,39,7733,2015,0.0,2834.0,-0.356167,-0.47629399999999994,CHL,CAN,611490
2368857,43,39,7733,2015,2128085.0,4564.0,1.077143,1.735757,CHN,CAN,611490
2368858,44,39,7733,2015,986.0,13316.0,-0.856142,-0.905292,CIV,CAN,611490
2368859,46,39,7733,2015,0.0,2333.0,-1.3921290000000002,-1.146549,COD,CAN,611490
2368860,52,39,7733,2015,0.0,3452.0,0.24859699999999998,-0.033143,CRI,CAN,611490
2368861,59,39,7733,2015,1627.0,0.0,1.743012,0.45424,CZE,CAN,611490
2368862,61,39,7733,2015,22756.0,5487966.0,2.203818,-2.307561,DEU,CAN,611490
2368863,64,39,7733,2015,6757.0,1758.0,1.157924,1.2045629999999998,DNK,CAN,611490
2368864,65,39,7733,2015,4155.0,0.0,-0.212808,0.395873,DOM,CAN,611490
2368865,71,39,7733,2015,20440.0,903921.0,0.8173590000000001,2.442556,ESP,CAN,611490
2368866,77,39,7733,2015,3456488.0,28747.0,1.479792,0.6490239999999999,FRA,CAN,611490
2368867,81,39,7733,2015,80318.0,186432.0,1.7422990000000003,0.75838,GBR,CAN,611490
2368868,90,39,7733,2015,2116.0,29508.0,0.099027,1.012289,GRC,CAN,611490
2368869,93,39,7733,2015,29901.0,0.0,-0.284403,0.525564,GTM,CAN,611490
2368870,97,39,7733,2015,11221.0,1742.0,0.8255290000000001,1.8017279999999998,HKG,CAN,611490
2368871,99,39,7733,2015,10622.0,0.0,-0.578635,-0.292053,HND,CAN,611490
2368872,100,39,7733,2015,3150.0,0.0,0.7590140000000001,1.257415,HRV,CAN,611490
2368873,102,39,7733,2015,1669.0,0.0,1.462839,0.803258,HUN,CAN,611490
2368874,103,39,7733,2015,47439.0,0.0,-0.145103,1.277362,IDN,CAN,611490
2368875,104,39,7733,2015,4572676.0,0.0,0.24230900000000002,2.8190880000000003,IND,CAN,611490
2368876,106,39,7733,2015,1276.0,0.0,1.304942,0.126431,IRL,CAN,611490
2368877,110,39,7733,2015,131172.0,59925.0,1.260071,0.545545,ISR,CAN,611490
2368878,111,39,7733,2015,5263504.0,37898.0,1.321127,0.747046,ITA,CAN,611490
2368879,113,39,7733,2015,7667705.0,0.0,0.121172,0.457301,JOR,CAN,611490
2368880,114,39,7733,2015,2693.0,100384.0,2.516133,-0.484202,JPN,CAN,611490
2368881,118,39,7733,2015,183202.0,0.0,-0.791985,-0.833046,KHM,CAN,611490
2368882,121,39,7733,2015,45884.0,11677.0,1.900653,0.859406,KOR,CAN,611490
2368883,122,39,7733,2015,0.0,2511.0,-0.352023,-1.153057,KWT,CAN,611490
2368884,128,39,7733,2015,3152.0,0.0,-0.6773399999999999,0.386343,LKA,CAN,611490
2368885,130,39,7733,2015,4538.0,0.0,0.749429,1.3659860000000001,LTU,CAN,611490
2368886,132,39,7733,2015,0.0,1858.0,0.602209,1.125357,LVA,CAN,611490
2368887,134,39,7733,2015,2077.0,0.0,-0.7554810000000001,-0.059697,MAR,CAN,611490
2368888,136,39,7733,2015,2328.0,0.0,-1.15947,-0.497217,MDG,CAN,611490
2368889,138,39,7733,2015,320768.0,2004536.0,1.169724,0.61457,MEX,CAN,611490
2368890,140,39,7733,2015,0.0,5931.0,-0.09009600000000001,-0.147359,MKD,CAN,611490
2368891,142,39,7733,2015,0.0,21300.0,0.880893,-0.117585,MLT,CAN,611490
2368892,143,39,7733,2015,326497.0,0.0,-1.4596120000000001,-0.903904,MMR,CAN,611490
2368893,145,39,7733,2015,7355.0,0.0,-1.244368,-1.196677,MNG,CAN,611490
2368894,151,39,7733,2015,13501.0,0.0,-0.231762,-0.195051,MUS,CAN,611490
2368895,153,39,7733,2015,978626.0,0.0,1.082803,0.811615,MYS,CAN,611490
2368896,160,39,7733,2015,17141.0,0.0,-1.102989,-0.952276,NIC,CAN,611490
2368897,162,39,7733,2015,12597.0,19846098.0,1.230104,1.27344,NLD,CAN,611490
2368898,163,39,7733,2015,3569.0,1589.0,0.950708,0.314339,NOR,CAN,611490
2368899,164,39,7733,2015,7727.0,0.0,-0.290416,0.456716,NPL,CAN,611490
2368900,166,39,7733,2015,0.0,35021.0,0.224598,0.253179,NZL,CAN,611490
2368901,168,39,7733,2015,71576.0,1073.0,-0.7059979999999999,0.73501,PAK,CAN,611490
2368902,173,39,7733,2015,16291.0,0.0,-0.6007819999999999,0.32152800000000004,PER,CAN,611490
2368903,174,39,7733,2015,73427.0,0.0,0.6406270000000001,0.45770200000000005,PHL,CAN,611490
2368904,177,39,7733,2015,66240.0,0.0,1.145844,1.1449280000000002,POL,CAN,611490
2368905,179,39,7733,2015,17749.0,0.0,0.561922,2.2276380000000002,PRT,CAN,611490
2368906,185,39,7733,2015,66356.0,0.0,0.946363,1.056775,ROU,CAN,611490
2368907,191,39,7733,2015,4582.0,0.0,-0.708349,-0.296663,SEN,CAN,611490
2368908,192,39,7733,2015,0.0,109937.0,2.05613,0.593065,SGP,CAN,611490
2368909,196,39,7733,2015,19440.0,0.0,0.072324,-0.255235,SLE,CAN,611490
2368910,197,39,7733,2015,40939.0,0.0,0.05531900000000001,0.169073,SLV,CAN,611490
2368911,206,39,7733,2015,1410.0,0.0,1.287133,0.7900560000000001,SVK,CAN,611490
2368912,207,39,7733,2015,1062.0,0.0,1.6089879999999999,0.833616,SVN,CAN,611490
2368913,208,39,7733,2015,10082.0,5189.0,1.8068349999999997,0.693389,SWE,CAN,611490
2368914,216,39,7733,2015,460739.0,0.0,0.965888,1.368572,THA,CAN,611490
2368915,223,39,7733,2015,15460.0,0.0,0.140202,0.967591,TUN,CAN,611490
2368916,224,39,7733,2015,35188.0,18458.0,0.438669,2.519632,TUR,CAN,611490
2368917,228,39,7733,2015,0.0,1900.0,0.429879,0.701813,UKR,CAN,611490
2368918,230,39,7733,2015,0.0,32799.0,0.273876,-0.363695,URY,CAN,611490
2368919,231,39,7733,2015,1789903.0,76649.0,1.720478,-0.129322,USA,CAN,611490
2368920,239,39,7733,2015,1450039.0,0.0,-0.17108900000000002,1.10995,VNM,CAN,611490
2368921,246,39,7733,2015,61320.0,0.0,0.24944699999999997,1.7573159999999999,ZAF,CAN,611490
2368922,247,39,7733,2015,0.0,9140.0,-0.44792,-0.769586,ZMB,CAN,611490
2368923,249,39,7733,2015,105492.0,9004.0,1.962832,1.214982,TWN,CAN,611490
2368924,7,41,7733,2015,6911.0,6780.0,0.21779600000000002,-0.0047420000000000006,ARE,CHE,611490
2368925,14,41,7733,2015,1781.0,6077.0,-0.292325,-0.043489,AUS,CHE,611490
2368926,15,41,7733,2015,15793.0,19973.0,1.747098,-0.08026699999999999,AUT,CHE,611490
2368927,16,41,7733,2015,0.0,2226.0,-0.983347,-1.231542,AZE,CHE,611490
2368928,18,41,7733,2015,212569.0,136876.0,1.329866,1.100641,BEL,CHE,611490
2368929,22,41,7733,2015,5330.0,0.0,-1.088465,-0.8745360000000001,BGD,CHE,611490
2368930,23,41,7733,2015,17417.0,4108.0,0.45640699999999995,1.691455,BGR,CHE,611490
2368931,24,41,7733,2015,0.0,2446.0,0.36650900000000003,-0.28735,BHR,CHE,611490
2368932,26,41,7733,2015,20757.0,0.0,0.355903,0.723092,BIH,CHE,611490
2368933,31,41,7733,2015,1388.0,0.0,-1.051562,-1.067714,BOL,CHE,611490
2368934,32,41,7733,2015,2444.0,0.0,0.23656799999999997,0.688607,BRA,CHE,611490
2368935,39,41,7733,2015,2571.0,17798.0,0.695867,1.171676,CAN,CHE,611490
2368936,42,41,7733,2015,0.0,4522.0,-0.356167,-0.47629399999999994,CHL,CHE,611490
2368937,43,41,7733,2015,149841.0,78559.0,1.077143,1.735757,CHN,CHE,611490
2368938,45,41,7733,2015,0.0,6210.0,-0.924366,-1.040721,CMR,CHE,611490
2368939,49,41,7733,2015,1703.0,1414.0,0.156383,-0.183055,COL,CHE,611490
2368940,59,41,7733,2015,4262.0,7795.0,1.743012,0.45424,CZE,CHE,611490
2368941,61,41,7733,2015,708081.0,597638.0,2.203818,-2.307561,DEU,CHE,611490
2368942,64,41,7733,2015,108227.0,13012.0,1.157924,1.2045629999999998,DNK,CHE,611490
2368943,68,41,7733,2015,0.0,5028.0,-0.183053,1.765036,EGY,CHE,611490
2368944,71,41,7733,2015,14597.0,9219.0,0.8173590000000001,2.442556,ESP,CHE,611490
2368945,72,41,7733,2015,0.0,3408.0,0.9281149999999999,1.1780389999999998,EST,CHE,611490
2368946,74,41,7733,2015,2216.0,5930.0,1.597817,0.998059,FIN,CHE,611490
2368947,77,41,7733,2015,8003370.0,175406.0,1.479792,0.6490239999999999,FRA,CHE,611490
2368948,81,41,7733,2015,1317560.0,202370.0,1.7422990000000003,0.75838,GBR,CHE,611490
2368949,90,41,7733,2015,11420.0,6841.0,0.099027,1.012289,GRC,CHE,611490
2368950,97,41,7733,2015,34046.0,32002.0,0.8255290000000001,1.8017279999999998,HKG,CHE,611490
2368951,100,41,7733,2015,7248.0,1739.0,0.7590140000000001,1.257415,HRV,CHE,611490
2368952,102,41,7733,2015,35630.0,5528.0,1.462839,0.803258,HUN,CHE,611490
2368953,103,41,7733,2015,1388.0,0.0,-0.145103,1.277362,IDN,CHE,611490
2368954,104,41,7733,2015,847135.0,1922.0,0.24230900000000002,2.8190880000000003,IND,CHE,611490
2368955,106,41,7733,2015,5639.0,1037.0,1.304942,0.126431,IRL,CHE,611490
2368956,111,41,7733,2015,5867788.0,228475.0,1.321127,0.747046,ITA,CHE,611490
2368957,113,41,7733,2015,875210.0,168311.0,0.121172,0.457301,JOR,CHE,611490
2368958,114,41,7733,2015,7234.0,20833.0,2.516133,-0.484202,JPN,CHE,611490
2368959,118,41,7733,2015,35142.0,0.0,-0.791985,-0.833046,KHM,CHE,611490
2368960,121,41,7733,2015,176799.0,2811.0,1.900653,0.859406,KOR,CHE,611490
2368961,122,41,7733,2015,0.0,3297.0,-0.352023,-1.153057,KWT,CHE,611490
2368962,128,41,7733,2015,26912.0,0.0,-0.6773399999999999,0.386343,LKA,CHE,611490
2368963,130,41,7733,2015,0.0,8745.0,0.749429,1.3659860000000001,LTU,CHE,611490
2368964,131,41,7733,2015,937.0,7670.0,1.218924,1.247152,LUX,CHE,611490
2368965,133,41,7733,2015,0.0,12130.0,0.296288,0.32009499999999996,MAC,CHE,611490
2368966,136,41,7733,2015,36157.0,0.0,-1.15947,-0.497217,MDG,CHE,611490
2368967,138,41,7733,2015,0.0,19792.0,1.169724,0.61457,MEX,CHE,611490
2368968,140,41,7733,2015,2352.0,0.0,-0.09009600000000001,-0.147359,MKD,CHE,611490
2368969,142,41,7733,2015,0.0,1436.0,0.880893,-0.117585,MLT,CHE,611490
2368970,143,41,7733,2015,59197.0,0.0,-1.4596120000000001,-0.903904,MMR,CHE,611490
2368971,162,41,7733,2015,229949.0,135302.0,1.230104,1.27344,NLD,CHE,611490
2368972,163,41,7733,2015,14569.0,45514.0,0.950708,0.314339,NOR,CHE,611490
2368973,164,41,7733,2015,2369.0,0.0,-0.290416,0.456716,NPL,CHE,611490
2368974,166,41,7733,2015,0.0,14101.0,0.224598,0.253179,NZL,CHE,611490
2368975,173,41,7733,2015,19012.0,0.0,-0.6007819999999999,0.32152800000000004,PER,CHE,611490
2368976,174,41,7733,2015,0.0,2572.0,0.6406270000000001,0.45770200000000005,PHL,CHE,611490
2368977,177,41,7733,2015,141714.0,77323.0,1.145844,1.1449280000000002,POL,CHE,611490
2368978,179,41,7733,2015,10352.0,6531.0,0.561922,2.2276380000000002,PRT,CHE,611490
2368979,183,41,7733,2015,0.0,2503.0,-0.077053,-0.9922719999999999,QAT,CHE,611490
2368980,185,41,7733,2015,87847.0,2861.0,0.946363,1.056775,ROU,CHE,611490
2368981,186,41,7733,2015,0.0,6532.0,0.23119,0.035965,RUS,CHE,611490
2368982,188,41,7733,2015,0.0,3684.0,0.5552520000000001,-0.7263229999999999,SAU,CHE,611490
2368983,191,41,7733,2015,0.0,703.0,-0.708349,-0.296663,SEN,CHE,611490
2368984,192,41,7733,2015,0.0,24703.0,2.05613,0.593065,SGP,CHE,611490
2368985,201,41,7733,2015,5337.0,0.0,0.457042,1.324908,SRB,CHE,611490
2368986,207,41,7733,2015,9399.0,1902.0,1.6089879999999999,0.833616,SVN,CHE,611490
2368987,208,41,7733,2015,23520.0,44115.0,1.8068349999999997,0.693389,SWE,CHE,611490
2368988,209,41,7733,2015,0.0,783.0,0.257467,-0.402491,SWZ,CHE,611490
2368989,216,41,7733,2015,50855.0,3324.0,0.965888,1.368572,THA,CHE,611490
2368990,223,41,7733,2015,3429.0,0.0,0.140202,0.967591,TUN,CHE,611490
2368991,224,41,7733,2015,8200.0,13222.0,0.438669,2.519632,TUR,CHE,611490
2368992,231,41,7733,2015,106069.0,33195.0,1.720478,-0.129322,USA,CHE,611490
2368993,246,41,7733,2015,0.0,4758.0,0.24944699999999997,1.7573159999999999,ZAF,CHE,611490
2368994,249,41,7733,2015,0.0,70691.0,1.962832,1.214982,TWN,CHE,611490
2368995,7,42,7733,2015,9040.0,0.0,0.21779600000000002,-0.0047420000000000006,ARE,CHL,611490
2368996,8,42,7733,2015,33539.0,0.0,0.116896,0.30330999999999997,ARG,CHL,611490
2368997,14,42,7733,2015,2387.0,0.0,-0.292325,-0.043489,AUS,CHL,611490
2368998,15,42,7733,2015,1619.0,0.0,1.747098,-0.08026699999999999,AUT,CHL,611490
2368999,22,42,7733,2015,7087.0,0.0,-1.088465,-0.8745360000000001,BGD,CHL,611490
2369000,31,42,7733,2015,1876.0,5022.0,-1.051562,-1.067714,BOL,CHL,611490
2369001,32,42,7733,2015,6693.0,0.0,0.23656799999999997,0.688607,BRA,CHL,611490
2369002,39,42,7733,2015,2834.0,0.0,0.695867,1.171676,CAN,CHL,611490
2369003,41,42,7733,2015,4522.0,0.0,2.306075,0.720781,CHE,CHL,611490
2369004,43,42,7733,2015,199947.0,0.0,1.077143,1.735757,CHN,CHL,611490
2369005,49,42,7733,2015,33793.0,0.0,0.156383,-0.183055,COL,CHL,611490
2369006,61,42,7733,2015,4183.0,0.0,2.203818,-2.307561,DEU,CHL,611490
2369007,64,42,7733,2015,1049.0,0.0,1.157924,1.2045629999999998,DNK,CHL,611490
2369008,67,42,7733,2015,1422.0,0.0,-0.9845959999999999,-1.075639,ECU,CHL,611490
2369009,71,42,7733,2015,920055.0,0.0,0.8173590000000001,2.442556,ESP,CHL,611490
2369010,77,42,7733,2015,314710.0,9911.0,1.479792,0.6490239999999999,FRA,CHL,611490
2369011,81,42,7733,2015,5952.0,2617.0,1.7422990000000003,0.75838,GBR,CHL,611490
2369012,97,42,7733,2015,154100.0,0.0,0.8255290000000001,1.8017279999999998,HKG,CHL,611490
2369013,99,42,7733,2015,1037.0,0.0,-0.578635,-0.292053,HND,CHL,611490
2369014,103,42,7733,2015,3804.0,0.0,-0.145103,1.277362,IDN,CHL,611490
2369015,104,42,7733,2015,193080.0,0.0,0.24230900000000002,2.8190880000000003,IND,CHL,611490
2369016,110,42,7733,2015,1446.0,0.0,1.260071,0.545545,ISR,CHL,611490
2369017,111,42,7733,2015,972645.0,0.0,1.321127,0.747046,ITA,CHL,611490
2369018,113,42,7733,2015,599809.0,0.0,0.121172,0.457301,JOR,CHL,611490
2369019,114,42,7733,2015,1515.0,0.0,2.516133,-0.484202,JPN,CHL,611490
2369020,118,42,7733,2015,18505.0,0.0,-0.791985,-0.833046,KHM,CHL,611490
2369021,121,42,7733,2015,3411.0,0.0,1.900653,0.859406,KOR,CHL,611490
2369022,128,42,7733,2015,6371.0,0.0,-0.6773399999999999,0.386343,LKA,CHL,611490
2369023,130,42,7733,2015,2005.0,0.0,0.749429,1.3659860000000001,LTU,CHL,611490
2369024,134,42,7733,2015,941.0,0.0,-0.7554810000000001,-0.059697,MAR,CHL,611490
2369025,138,42,7733,2015,3608.0,0.0,1.169724,0.61457,MEX,CHL,611490
2369026,143,42,7733,2015,25275.0,0.0,-1.4596120000000001,-0.903904,MMR,CHL,611490
2369027,153,42,7733,2015,2588933.0,0.0,1.082803,0.811615,MYS,CHL,611490
2369028,162,42,7733,2015,2423.0,0.0,1.230104,1.27344,NLD,CHL,611490
2369029,168,42,7733,2015,8016.0,0.0,-0.7059979999999999,0.73501,PAK,CHL,611490
2369030,169,42,7733,2015,2360.0,0.0,0.642058,0.833392,PAN,CHL,611490
2369031,173,42,7733,2015,6488.0,0.0,-0.6007819999999999,0.32152800000000004,PER,CHL,611490
2369032,174,42,7733,2015,934.0,0.0,0.6406270000000001,0.45770200000000005,PHL,CHL,611490
2369033,177,42,7733,2015,8483.0,0.0,1.145844,1.1449280000000002,POL,CHL,611490
2369034,179,42,7733,2015,4115.0,0.0,0.561922,2.2276380000000002,PRT,CHL,611490
2369035,185,42,7733,2015,3670.0,0.0,0.946363,1.056775,ROU,CHL,611490
2369036,192,42,7733,2015,2617.0,8629.0,2.05613,0.593065,SGP,CHL,611490
2369037,208,42,7733,2015,2224.0,0.0,1.8068349999999997,0.693389,SWE,CHL,611490
2369038,216,42,7733,2015,16482.0,0.0,0.965888,1.368572,THA,CHL,611490
2369039,224,42,7733,2015,8447.0,0.0,0.438669,2.519632,TUR,CHL,611490
2369040,230,42,7733,2015,1173.0,0.0,0.273876,-0.363695,URY,CHL,611490
2369041,231,42,7733,2015,283611.0,0.0,1.720478,-0.129322,USA,CHL,611490
2369042,236,42,7733,2015,8788.0,0.0,-0.9249129999999999,-1.1877280000000001,VEN,CHL,611490
2369043,239,42,7733,2015,10512.0,0.0,-0.17108900000000002,1.10995,VNM,CHL,611490
2369044,249,42,7733,2015,6358.0,0.0,1.962832,1.214982,TWN,CHL,611490
2369045,250,42,7733,2015,20925.0,0.0,0.377283,-0.092204,ANS,CHL,611490
2369046,2,43,7733,2015,0.0,394857.0,-1.6542,-1.2598989999999999,AGO,CHN,611490
2369047,4,43,7733,2015,0.0,26318.0,-0.601875,-0.27003,ALB,CHN,611490
2369048,5,43,7733,2015,0.0,30096.0,0.850153,0.383793,AND,CHN,611490
2369049,7,43,7733,2015,12532.0,615874.0,0.21779600000000002,-0.0047420000000000006,ARE,CHN,611490
2369050,8,43,7733,2015,0.0,5458.0,0.116896,0.30330999999999997,ARG,CHN,611490
2369051,9,43,7733,2015,0.0,1567.0,0.037579,-0.42448800000000003,ARM,CHN,611490
2369052,14,43,7733,2015,20917.0,4300272.0,-0.292325,-0.043489,AUS,CHN,611490
2369053,15,43,7733,2015,0.0,25917.0,1.747098,-0.08026699999999999,AUT,CHN,611490
2369054,16,43,7733,2015,0.0,16151.0,-0.983347,-1.231542,AZE,CHN,611490
2369055,17,43,7733,2015,0.0,1087.0,-0.993318,-1.031194,BDI,CHN,611490
2369056,18,43,7733,2015,8857.0,89299.0,1.329866,1.100641,BEL,CHN,611490
2369057,19,43,7733,2015,0.0,127316.0,-0.5641470000000001,-0.8971020000000001,BEN,CHN,611490
2369058,21,43,7733,2015,0.0,1129263.0,-1.085359,-1.034365,BFA,CHN,611490
2369059,22,43,7733,2015,1159.0,10484.0,-1.088465,-0.8745360000000001,BGD,CHN,611490
2369060,23,43,7733,2015,1750.0,13230.0,0.45640699999999995,1.691455,BGR,CHN,611490
2369061,24,43,7733,2015,0.0,114446.0,0.36650900000000003,-0.28735,BHR,CHN,611490
2369062,26,43,7733,2015,0.0,1468.0,0.355903,0.723092,BIH,CHN,611490
2369063,28,43,7733,2015,0.0,1640.0,0.672499,0.5584020000000001,BLR,CHN,611490
2369064,31,43,7733,2015,0.0,1429.0,-1.051562,-1.067714,BOL,CHN,611490
2369065,32,43,7733,2015,0.0,38210.0,0.23656799999999997,0.688607,BRA,CHN,611490
2369066,34,43,7733,2015,0.0,36450.0,1.093564,-0.679211,BRN,CHN,611490
2369067,37,43,7733,2015,0.0,10169.0,-0.14164200000000002,-1.0372059999999999,BWA,CHN,611490
2369068,39,43,7733,2015,4564.0,2128085.0,0.695867,1.171676,CAN,CHN,611490
2369069,41,43,7733,2015,78559.0,149841.0,2.306075,0.720781,CHE,CHN,611490
2369070,42,43,7733,2015,0.0,199947.0,-0.356167,-0.47629399999999994,CHL,CHN,611490
2369071,44,43,7733,2015,0.0,1101.0,-0.856142,-0.905292,CIV,CHN,611490
2369072,45,43,7733,2015,0.0,15028.0,-0.924366,-1.040721,CMR,CHN,611490
2369073,46,43,7733,2015,0.0,299836.0,-1.3921290000000002,-1.146549,COD,CHN,611490
2369074,47,43,7733,2015,0.0,1984.0,-1.294823,-1.18811,COG,CHN,611490
2369075,49,43,7733,2015,0.0,10741.0,0.156383,-0.183055,COL,CHN,611490
2369076,51,43,7733,2015,0.0,1939.0,-0.263621,-0.772158,CPV,CHN,611490
2369077,52,43,7733,2015,0.0,40750.0,0.24859699999999998,-0.033143,CRI,CHN,611490
2369078,59,43,7733,2015,0.0,66073.0,1.743012,0.45424,CZE,CHN,611490
2369079,61,43,7733,2015,81399.0,1918346.0,2.203818,-2.307561,DEU,CHN,611490
2369080,64,43,7733,2015,24983.0,440490.0,1.157924,1.2045629999999998,DNK,CHN,611490
2369081,65,43,7733,2015,0.0,3158.0,-0.212808,0.395873,DOM,CHN,611490
2369082,66,43,7733,2015,0.0,1045208.0,-1.54346,-1.255633,DZA,CHN,611490
2369083,67,43,7733,2015,0.0,2909.0,-0.9845959999999999,-1.075639,ECU,CHN,611490
2369084,68,43,7733,2015,0.0,39029.0,-0.183053,1.765036,EGY,CHN,611490
2369085,71,43,7733,2015,85613.0,1401299.0,0.8173590000000001,2.442556,ESP,CHN,611490
2369086,72,43,7733,2015,0.0,3010.0,0.9281149999999999,1.1780389999999998,EST,CHN,611490
2369087,73,43,7733,2015,0.0,217769.0,-1.004896,-0.721019,ETH,CHN,611490
2369088,74,43,7733,2015,0.0,43330.0,1.597817,0.998059,FIN,CHN,611490
2369089,75,43,7733,2015,0.0,419546.0,-0.481968,-0.201468,FJI,CHN,611490
2369090,77,43,7733,2015,10490159.0,2621614.0,1.479792,0.6490239999999999,FRA,CHN,611490
2369091,81,43,7733,2015,7530.0,2761814.0,1.7422990000000003,0.75838,GBR,CHN,611490
2369092,82,43,7733,2015,0.0,15007.0,-0.343663,-0.588017,GEO,CHN,611490
2369093,90,43,7733,2015,0.0,2764.0,0.099027,1.012289,GRC,CHN,611490
2369094,93,43,7733,2015,0.0,5746.0,-0.284403,0.525564,GTM,CHN,611490
2369095,96,43,7733,2015,0.0,11315.0,-1.018758,-1.056085,GUY,CHN,611490
2369096,97,43,7733,2015,255315.0,576410.0,0.8255290000000001,1.8017279999999998,HKG,CHN,611490
2369097,99,43,7733,2015,0.0,2154.0,-0.578635,-0.292053,HND,CHN,611490
2369098,100,43,7733,2015,0.0,7912.0,0.7590140000000001,1.257415,HRV,CHN,611490
2369099,102,43,7733,2015,0.0,1453.0,1.462839,0.803258,HUN,CHN,611490
2369100,103,43,7733,2015,327265.0,3134959.0,-0.145103,1.277362,IDN,CHN,611490
2369101,104,43,7733,2015,488228.0,62400.0,0.24230900000000002,2.8190880000000003,IND,CHN,611490
2369102,106,43,7733,2015,2120.0,31745.0,1.304942,0.126431,IRL,CHN,611490
2369103,107,43,7733,2015,0.0,59459.0,-0.258946,-0.0073420000000000004,IRN,CHN,611490
2369104,109,43,7733,2015,0.0,67944.0,0.24527600000000002,-0.411616,ISL,CHN,611490
2369105,110,43,7733,2015,183819.0,136975.0,1.260071,0.545545,ISR,CHN,611490
2369106,111,43,7733,2015,33575936.0,631123.0,1.321127,0.747046,ITA,CHN,611490
2369107,112,43,7733,2015,0.0,60049.0,-0.438267,-0.828097,JAM,CHN,611490
2369108,113,43,7733,2015,9446.0,10141655.0,0.121172,0.457301,JOR,CHN,611490
2369109,114,43,7733,2015,27840.0,328119.0,2.516133,-0.484202,JPN,CHN,611490
2369110,115,43,7733,2015,0.0,184908.0,-0.45091499999999995,-0.652026,KAZ,CHN,611490
2369111,116,43,7733,2015,0.0,10346.0,-0.453564,0.433325,KEN,CHN,611490
2369112,117,43,7733,2015,0.0,823966.0,0.02058,0.438692,KGZ,CHN,611490
2369113,118,43,7733,2015,21067.0,21505.0,-0.791985,-0.833046,KHM,CHN,611490
2369114,121,43,7733,2015,222079.0,7843945.0,1.900653,0.859406,KOR,CHN,611490
2369115,122,43,7733,2015,0.0,400947.0,-0.352023,-1.153057,KWT,CHN,611490
2369116,124,43,7733,2015,0.0,1221714.0,0.317355,1.330374,LBN,CHN,611490
2369117,128,43,7733,2015,1369.0,4070.0,-0.6773399999999999,0.386343,LKA,CHN,611490
2369118,129,43,7733,2015,0.0,3606.0,-0.910168,-0.870865,LSO,CHN,611490
2369119,131,43,7733,2015,0.0,31681.0,1.218924,1.247152,LUX,CHN,611490
2369120,133,43,7733,2015,0.0,1633.0,0.296288,0.32009499999999996,MAC,CHN,611490
2369121,134,43,7733,2015,6288.0,8338.0,-0.7554810000000001,-0.059697,MAR,CHN,611490
2369122,135,43,7733,2015,0.0,1200.0,-0.313837,-0.20393,MDA,CHN,611490
2369123,136,43,7733,2015,0.0,115398.0,-1.15947,-0.497217,MDG,CHN,611490
2369124,138,43,7733,2015,0.0,326632.0,1.169724,0.61457,MEX,CHN,611490
2369125,140,43,7733,2015,0.0,2043.0,-0.09009600000000001,-0.147359,MKD,CHN,611490
2369126,142,43,7733,2015,0.0,3387.0,0.880893,-0.117585,MLT,CHN,611490
2369127,143,43,7733,2015,351973.0,71057.0,-1.4596120000000001,-0.903904,MMR,CHN,611490
2369128,144,43,7733,2015,0.0,11853.0,-0.048385000000000004,-0.150759,MNE,CHN,611490
2369129,145,43,7733,2015,0.0,57498.0,-1.244368,-1.196677,MNG,CHN,611490
2369130,151,43,7733,2015,17757.0,15865.0,-0.231762,-0.195051,MUS,CHN,611490
2369131,152,43,7733,2015,0.0,808.0,-0.549862,-0.8753190000000001,MWI,CHN,611490
2369132,153,43,7733,2015,347703.0,11117888.0,1.082803,0.811615,MYS,CHN,611490
2369133,155,43,7733,2015,0.0,84463.0,-0.43457399999999996,-0.665655,NAM,CHN,611490
2369134,156,43,7733,2015,0.0,78376.0,-0.727911,-0.844562,NCL,CHN,611490
2369135,157,43,7733,2015,0.0,219345.0,-1.517292,-1.033891,NER,CHN,611490
2369136,159,43,7733,2015,0.0,842501.0,-1.415451,-1.157829,NGA,CHN,611490
2369137,162,43,7733,2015,5725.0,76903.0,1.230104,1.27344,NLD,CHN,611490
2369138,163,43,7733,2015,0.0,294689.0,0.950708,0.314339,NOR,CHN,611490
2369139,164,43,7733,2015,1660.0,20362.0,-0.290416,0.456716,NPL,CHN,611490
2369140,166,43,7733,2015,0.0,721084.0,0.224598,0.253179,NZL,CHN,611490
2369141,167,43,7733,2015,0.0,765210.0,-0.4699,-1.00451,OMN,CHN,611490
2369142,168,43,7733,2015,38947.0,51636.0,-0.7059979999999999,0.73501,PAK,CHN,611490
2369143,169,43,7733,2015,0.0,3889.0,0.642058,0.833392,PAN,CHN,611490
2369144,173,43,7733,2015,0.0,11077.0,-0.6007819999999999,0.32152800000000004,PER,CHN,611490
2369145,174,43,7733,2015,0.0,124448.0,0.6406270000000001,0.45770200000000005,PHL,CHN,611490
2369146,177,43,7733,2015,1152.0,271237.0,1.145844,1.1449280000000002,POL,CHN,611490
2369147,179,43,7733,2015,56086.0,5061.0,0.561922,2.2276380000000002,PRT,CHN,611490
2369148,180,43,7733,2015,0.0,1238.0,-0.471106,-0.9431139999999999,PRY,CHN,611490
2369149,181,43,7733,2015,0.0,7068.0,0.060575,0.5649489999999999,PSE,CHN,611490
2369150,182,43,7733,2015,0.0,10774.0,-0.301696,-0.795154,PYF,CHN,611490
2369151,183,43,7733,2015,0.0,95718.0,-0.077053,-0.9922719999999999,QAT,CHN,611490
2369152,185,43,7733,2015,20591.0,5823.0,0.946363,1.056775,ROU,CHN,611490
2369153,186,43,7733,2015,0.0,51334.0,0.23119,0.035965,RUS,CHN,611490
2369154,187,43,7733,2015,0.0,5806.0,-0.755738,-0.4423,RWA,CHN,611490
2369155,188,43,7733,2015,0.0,22863992.0,0.5552520000000001,-0.7263229999999999,SAU,CHN,611490
2369156,191,43,7733,2015,0.0,288517.0,-0.708349,-0.296663,SEN,CHN,611490
2369157,192,43,7733,2015,44161.0,4688532.0,2.05613,0.593065,SGP,CHN,611490
2369158,195,43,7733,2015,0.0,760.0,-1.167451,-0.931206,SLB,CHN,611490
2369159,197,43,7733,2015,0.0,1059.0,0.05531900000000001,0.169073,SLV,CHN,611490
2369160,201,43,7733,2015,0.0,2330.0,0.457042,1.324908,SRB,CHN,611490
2369161,205,43,7733,2015,0.0,13226.0,-0.570361,-1.005072,SUR,CHN,611490
2369162,206,43,7733,2015,2412.0,198566.0,1.287133,0.7900560000000001,SVK,CHN,611490
2369163,207,43,7733,2015,4583.0,46431.0,1.6089879999999999,0.833616,SVN,CHN,611490
2369164,208,43,7733,2015,0.0,183138.0,1.8068349999999997,0.693389,SWE,CHN,611490
2369165,209,43,7733,2015,0.0,2369.0,0.257467,-0.402491,SWZ,CHN,611490
2369166,211,43,7733,2015,0.0,8257.0,1.017467,-0.285569,SYC,CHN,611490
2369167,216,43,7733,2015,17858.0,49046.0,0.965888,1.368572,THA,CHN,611490
2369168,222,43,7733,2015,0.0,9123.0,-0.462837,-1.117621,TTO,CHN,611490
2369169,223,43,7733,2015,909.0,1072.0,0.140202,0.967591,TUN,CHN,611490
2369170,224,43,7733,2015,191678.0,13859.0,0.438669,2.519632,TUR,CHN,611490
2369171,226,43,7733,2015,0.0,4724.0,-1.02395,-0.017509999999999998,TZA,CHN,611490
2369172,227,43,7733,2015,0.0,259539.0,-0.611023,0.078961,UGA,CHN,611490
2369173,228,43,7733,2015,0.0,3356.0,0.429879,0.701813,UKR,CHN,611490
2369174,230,43,7733,2015,0.0,12027.0,0.273876,-0.363695,URY,CHN,611490
2369175,231,43,7733,2015,66633.0,5563044.0,1.720478,-0.129322,USA,CHN,611490
2369176,239,43,7733,2015,326938.0,96426.0,-0.17108900000000002,1.10995,VNM,CHN,611490
2369177,242,43,7733,2015,0.0,6555.0,0.351057,-0.158431,WSM,CHN,611490
2369178,243,43,7733,2015,0.0,57745.0,-1.048632,-1.10843,YEM,CHN,611490
2369179,246,43,7733,2015,0.0,172966.0,0.24944699999999997,1.7573159999999999,ZAF,CHN,611490
2369180,247,43,7733,2015,0.0,651610.0,-0.44792,-0.769586,ZMB,CHN,611490
2369181,249,43,7733,2015,55357.0,36146.0,1.962832,1.214982,TWN,CHN,611490
2369182,7,44,7733,2015,15727.0,0.0,0.21779600000000002,-0.0047420000000000006,ARE,CIV,611490
2369183,18,44,7733,2015,3296.0,5219.0,1.329866,1.100641,BEL,CIV,611490
2369184,21,44,7733,2015,0.0,2747.0,-1.085359,-1.034365,BFA,CIV,611490
2369185,39,44,7733,2015,13316.0,986.0,0.695867,1.171676,CAN,CIV,611490
2369186,43,44,7733,2015,1101.0,0.0,1.077143,1.735757,CHN,CIV,611490
2369187,46,44,7733,2015,0.0,1202.0,-1.3921290000000002,-1.146549,COD,CIV,611490
2369188,47,44,7733,2015,2133.0,4430.0,-1.294823,-1.18811,COG,CIV,611490
2369189,61,44,7733,2015,1108.0,0.0,2.203818,-2.307561,DEU,CIV,611490
2369190,65,44,7733,2015,1531.0,0.0,-0.212808,0.395873,DOM,CIV,611490
2369191,68,44,7733,2015,0.0,1750.0,-0.183053,1.765036,EGY,CIV,611490
2369192,71,44,7733,2015,7590.0,0.0,0.8173590000000001,2.442556,ESP,CIV,611490
2369193,77,44,7733,2015,596118.0,4833.0,1.479792,0.6490239999999999,FRA,CIV,611490
2369194,80,44,7733,2015,5026.0,3104.0,-1.384351,-1.209873,GAB,CIV,611490
2369195,81,44,7733,2015,1341.0,0.0,1.7422990000000003,0.75838,GBR,CIV,611490
2369196,83,44,7733,2015,1473.0,758.0,-0.750568,-0.690257,GHA,CIV,611490
2369197,97,44,7733,2015,2394.0,0.0,0.8255290000000001,1.8017279999999998,HKG,CIV,611490
2369198,103,44,7733,2015,9980.0,0.0,-0.145103,1.277362,IDN,CIV,611490
2369199,111,44,7733,2015,36689.0,0.0,1.321127,0.747046,ITA,CIV,611490
2369200,116,44,7733,2015,1580.0,0.0,-0.453564,0.433325,KEN,CIV,611490
2369201,124,44,7733,2015,18955.0,0.0,0.317355,1.330374,LBN,CIV,611490
2369202,125,44,7733,2015,0.0,4897.0,-1.087459,-1.195708,LBR,CIV,611490
2369203,138,44,7733,2015,852.0,0.0,1.169724,0.61457,MEX,CIV,611490
2369204,141,44,7733,2015,0.0,1272414.0,-0.744236,-0.9441860000000001,MLI,CIV,611490
2369205,142,44,7733,2015,683.0,0.0,0.880893,-0.117585,MLT,CIV,611490
2369206,159,44,7733,2015,2006.0,0.0,-1.415451,-1.157829,NGA,CIV,611490
2369207,174,44,7733,2015,1865.0,0.0,0.6406270000000001,0.45770200000000005,PHL,CIV,611490
2369208,188,44,7733,2015,5049.0,0.0,0.5552520000000001,-0.7263229999999999,SAU,CIV,611490
2369209,191,44,7733,2015,4842.0,2435.0,-0.708349,-0.296663,SEN,CIV,611490
2369210,192,44,7733,2015,3656.0,0.0,2.05613,0.593065,SGP,CIV,611490
2369211,216,44,7733,2015,12148.0,0.0,0.965888,1.368572,THA,CIV,611490
2369212,223,44,7733,2015,57943.0,0.0,0.140202,0.967591,TUN,CIV,611490
2369213,224,44,7733,2015,5595.0,0.0,0.438669,2.519632,TUR,CIV,611490
2369214,227,44,7733,2015,0.0,2061.0,-0.611023,0.078961,UGA,CIV,611490
2369215,231,44,7733,2015,8891.0,7659.0,1.720478,-0.129322,USA,CIV,611490
2369216,246,44,7733,2015,2776.0,361.0,0.24944699999999997,1.7573159999999999,ZAF,CIV,611490
2369217,250,44,7733,2015,82470.0,0.0,0.377283,-0.092204,ANS,CIV,611490
2369218,7,49,7733,2015,0.0,26786.0,0.21779600000000002,-0.0047420000000000006,ARE,COL,611490
2369219,15,49,7733,2015,1444.0,0.0,1.747098,-0.08026699999999999,AUT,COL,611490
2369220,31,49,7733,2015,0.0,1642.0,-1.051562,-1.067714,BOL,COL,611490
2369221,41,49,7733,2015,1414.0,1703.0,2.306075,0.720781,CHE,COL,611490
2369222,42,49,7733,2015,0.0,33793.0,-0.356167,-0.47629399999999994,CHL,COL,611490
2369223,43,49,7733,2015,10741.0,0.0,1.077143,1.735757,CHN,COL,611490
2369224,52,49,7733,2015,0.0,16826.0,0.24859699999999998,-0.033143,CRI,COL,611490
2369225,65,49,7733,2015,0.0,5358.0,-0.212808,0.395873,DOM,COL,611490
2369226,71,49,7733,2015,17705.0,9357.0,0.8173590000000001,2.442556,ESP,COL,611490
2369227,77,49,7733,2015,441666.0,41256.0,1.479792,0.6490239999999999,FRA,COL,611490
2369228,81,49,7733,2015,0.0,1075.0,1.7422990000000003,0.75838,GBR,COL,611490
2369229,93,49,7733,2015,0.0,11888.0,-0.284403,0.525564,GTM,COL,611490
2369230,104,49,7733,2015,29869.0,0.0,0.24230900000000002,2.8190880000000003,IND,COL,611490
2369231,109,49,7733,2015,0.0,932.0,0.24527600000000002,-0.411616,ISL,COL,611490
2369232,110,49,7733,2015,0.0,26442.0,1.260071,0.545545,ISR,COL,611490
2369233,111,49,7733,2015,216905.0,1050.0,1.321127,0.747046,ITA,COL,611490
2369234,113,49,7733,2015,9453.0,0.0,0.121172,0.457301,JOR,COL,611490
2369235,163,49,7733,2015,0.0,1276.0,0.950708,0.314339,NOR,COL,611490
2369236,169,49,7733,2015,10475.0,0.0,0.642058,0.833392,PAN,COL,611490
2369237,173,49,7733,2015,1394.0,0.0,-0.6007819999999999,0.32152800000000004,PER,COL,611490
2369238,192,49,7733,2015,0.0,32983.0,2.05613,0.593065,SGP,COL,611490
2369239,216,49,7733,2015,1271.0,0.0,0.965888,1.368572,THA,COL,611490
2369240,231,49,7733,2015,161864.0,16846.0,1.720478,-0.129322,USA,COL,611490
2369241,239,49,7733,2015,485796.0,0.0,-0.17108900000000002,1.10995,VNM,COL,611490
2369242,249,49,7733,2015,1189.0,0.0,1.962832,1.214982,TWN,COL,611490
2369243,15,52,7733,2015,1071.0,0.0,1.747098,-0.08026699999999999,AUT,CRI,611490
2369244,31,52,7733,2015,1359.0,0.0,-1.051562,-1.067714,BOL,CRI,611490
2369245,39,52,7733,2015,3452.0,0.0,0.695867,1.171676,CAN,CRI,611490
2369246,43,52,7733,2015,40750.0,0.0,1.077143,1.735757,CHN,CRI,611490
2369247,49,52,7733,2015,16826.0,0.0,0.156383,-0.183055,COL,CRI,611490
2369248,77,52,7733,2015,11902.0,0.0,1.479792,0.6490239999999999,FRA,CRI,611490
2369249,104,52,7733,2015,3580.0,0.0,0.24230900000000002,2.8190880000000003,IND,CRI,611490
2369250,111,52,7733,2015,4516.0,0.0,1.321127,0.747046,ITA,CRI,611490
2369251,121,52,7733,2015,1070.0,0.0,1.900653,0.859406,KOR,CRI,611490
2369252,169,52,7733,2015,8321.0,0.0,0.642058,0.833392,PAN,CRI,611490
2369253,177,52,7733,2015,811.0,0.0,1.145844,1.1449280000000002,POL,CRI,611490
2369254,192,52,7733,2015,0.0,2342.0,2.05613,0.593065,SGP,CRI,611490
2369255,197,52,7733,2015,2670.0,0.0,0.05531900000000001,0.169073,SLV,CRI,611490
2369256,216,52,7733,2015,44661.0,0.0,0.965888,1.368572,THA,CRI,611490
2369257,231,52,7733,2015,40797.0,0.0,1.720478,-0.129322,USA,CRI,611490
2369258,239,52,7733,2015,17460.0,0.0,-0.17108900000000002,1.10995,VNM,CRI,611490
2369259,249,52,7733,2015,4247.0,0.0,1.962832,1.214982,TWN,CRI,611490
2369260,250,52,7733,2015,20571.0,0.0,0.377283,-0.092204,ANS,CRI,611490
2369261,104,55,7733,2015,4380.0,0.0,0.24230900000000002,2.8190880000000003,IND,CUW,611490
2369262,162,55,7733,2015,117292.0,0.0,1.230104,1.27344,NLD,CUW,611490
2369263,169,55,7733,2015,25335.0,0.0,0.642058,0.833392,PAN,CUW,611490
2369264,231,55,7733,2015,30532.0,0.0,1.720478,-0.129322,USA,CUW,611490
2369265,14,59,7733,2015,0.0,3366.0,-0.292325,-0.043489,AUS,CZE,611490
2369266,15,59,7733,2015,64870.0,248705.0,1.747098,-0.08026699999999999,AUT,CZE,611490
2369267,18,59,7733,2015,78597.0,0.0,1.329866,1.100641,BEL,CZE,611490
2369268,22,59,7733,2015,175738.0,0.0,-1.088465,-0.8745360000000001,BGD,CZE,611490
2369269,28,59,7733,2015,0.0,1605.0,0.672499,0.5584020000000001,BLR,CZE,611490
2369270,39,59,7733,2015,0.0,1627.0,0.695867,1.171676,CAN,CZE,611490
2369271,41,59,7733,2015,7795.0,4262.0,2.306075,0.720781,CHE,CZE,611490
2369272,43,59,7733,2015,66073.0,0.0,1.077143,1.735757,CHN,CZE,611490
2369273,61,59,7733,2015,37748.0,64794.0,2.203818,-2.307561,DEU,CZE,611490
2369274,64,59,7733,2015,2825.0,41570.0,1.157924,1.2045629999999998,DNK,CZE,611490
2369275,71,59,7733,2015,3391720.0,10177.0,0.8173590000000001,2.442556,ESP,CZE,611490
2369276,77,59,7733,2015,3869.0,112600.0,1.479792,0.6490239999999999,FRA,CZE,611490
2369277,81,59,7733,2015,39902.0,11216.0,1.7422990000000003,0.75838,GBR,CZE,611490
2369278,82,59,7733,2015,0.0,54488.0,-0.343663,-0.588017,GEO,CZE,611490
2369279,90,59,7733,2015,0.0,4538.0,0.099027,1.012289,GRC,CZE,611490
2369280,97,59,7733,2015,1401.0,0.0,0.8255290000000001,1.8017279999999998,HKG,CZE,611490
2369281,102,59,7733,2015,1736.0,9247.0,1.462839,0.803258,HUN,CZE,611490
2369282,104,59,7733,2015,100585.0,0.0,0.24230900000000002,2.8190880000000003,IND,CZE,611490
2369283,109,59,7733,2015,0.0,2749.0,0.24527600000000002,-0.411616,ISL,CZE,611490
2369284,110,59,7733,2015,0.0,2865.0,1.260071,0.545545,ISR,CZE,611490
2369285,111,59,7733,2015,27985.0,135909.0,1.321127,0.747046,ITA,CZE,611490
2369286,118,59,7733,2015,877897.0,0.0,-0.791985,-0.833046,KHM,CZE,611490
2369287,124,59,7733,2015,0.0,2290.0,0.317355,1.330374,LBN,CZE,611490
2369288,162,59,7733,2015,0.0,101158.0,1.230104,1.27344,NLD,CZE,611490
2369289,163,59,7733,2015,0.0,45210.0,0.950708,0.314339,NOR,CZE,611490
2369290,177,59,7733,2015,18176.0,334181.0,1.145844,1.1449280000000002,POL,CZE,611490
2369291,179,59,7733,2015,6153.0,0.0,0.561922,2.2276380000000002,PRT,CZE,611490
2369292,185,59,7733,2015,2280.0,39493.0,0.946363,1.056775,ROU,CZE,611490
2369293,186,59,7733,2015,0.0,3063.0,0.23119,0.035965,RUS,CZE,611490
2369294,192,59,7733,2015,0.0,45385.0,2.05613,0.593065,SGP,CZE,611490
2369295,206,59,7733,2015,7061.0,90811.0,1.287133,0.7900560000000001,SVK,CZE,611490
2369296,207,59,7733,2015,0.0,5452.0,1.6089879999999999,0.833616,SVN,CZE,611490
2369297,208,59,7733,2015,4200.0,31272.0,1.8068349999999997,0.693389,SWE,CZE,611490
2369298,216,59,7733,2015,56703.0,1164.0,0.965888,1.368572,THA,CZE,611490
2369299,224,59,7733,2015,111245.0,0.0,0.438669,2.519632,TUR,CZE,611490
2369300,231,59,7733,2015,4122.0,1281.0,1.720478,-0.129322,USA,CZE,611490
2369301,239,59,7733,2015,1264.0,0.0,-0.17108900000000002,1.10995,VNM,CZE,611490
2369302,249,59,7733,2015,942.0,0.0,1.962832,1.214982,TWN,CZE,611490
2369303,250,59,7733,2015,24064.0,0.0,0.377283,-0.092204,ANS,CZE,611490
2369304,5,61,7733,2015,0.0,1957.0,0.850153,0.383793,AND,DEU,611490
2369305,7,61,7733,2015,1161.0,19027.0,0.21779600000000002,-0.0047420000000000006,ARE,DEU,611490
2369306,9,61,7733,2015,0.0,2113.0,0.037579,-0.42448800000000003,ARM,DEU,611490
2369307,14,61,7733,2015,12517.0,30781.0,-0.292325,-0.043489,AUS,DEU,611490
2369308,15,61,7733,2015,1327733.0,963527.0,1.747098,-0.08026699999999999,AUT,DEU,611490
2369309,16,61,7733,2015,0.0,3086.0,-0.983347,-1.231542,AZE,DEU,611490
2369310,18,61,7733,2015,66058.0,155509.0,1.329866,1.100641,BEL,DEU,611490
2369311,22,61,7733,2015,110706.0,0.0,-1.088465,-0.8745360000000001,BGD,DEU,611490
2369312,23,61,7733,2015,335144.0,7958.0,0.45640699999999995,1.691455,BGR,DEU,611490
2369313,24,61,7733,2015,0.0,1515.0,0.36650900000000003,-0.28735,BHR,DEU,611490
2369314,25,61,7733,2015,0.0,1873.0,0.669493,-0.37838099999999997,BHS,DEU,611490
2369315,26,61,7733,2015,0.0,2200.0,0.355903,0.723092,BIH,DEU,611490
2369316,39,61,7733,2015,5487966.0,22756.0,0.695867,1.171676,CAN,DEU,611490
2369317,41,61,7733,2015,597638.0,708081.0,2.306075,0.720781,CHE,DEU,611490
2369318,42,61,7733,2015,0.0,4183.0,-0.356167,-0.47629399999999994,CHL,DEU,611490
2369319,43,61,7733,2015,1918346.0,81399.0,1.077143,1.735757,CHN,DEU,611490
2369320,44,61,7733,2015,0.0,1108.0,-0.856142,-0.905292,CIV,DEU,611490
2369321,45,61,7733,2015,0.0,2957.0,-0.924366,-1.040721,CMR,DEU,611490
2369322,46,61,7733,2015,0.0,4782.0,-1.3921290000000002,-1.146549,COD,DEU,611490
2369323,58,61,7733,2015,0.0,2639.0,0.511225,-0.207261,CYP,DEU,611490
2369324,59,61,7733,2015,64794.0,37748.0,1.743012,0.45424,CZE,DEU,611490
2369325,64,61,7733,2015,2841198.0,132814.0,1.157924,1.2045629999999998,DNK,DEU,611490
2369326,65,61,7733,2015,15403.0,0.0,-0.212808,0.395873,DOM,DEU,611490
2369327,68,61,7733,2015,0.0,3510.0,-0.183053,1.765036,EGY,DEU,611490
2369328,71,61,7733,2015,530140.0,88062.0,0.8173590000000001,2.442556,ESP,DEU,611490
2369329,72,61,7733,2015,6460.0,5387.0,0.9281149999999999,1.1780389999999998,EST,DEU,611490
2369330,73,61,7733,2015,27506.0,12846.0,-1.004896,-0.721019,ETH,DEU,611490
2369331,74,61,7733,2015,14382.0,54624.0,1.597817,0.998059,FIN,DEU,611490
2369332,75,61,7733,2015,0.0,3960.0,-0.481968,-0.201468,FJI,DEU,611490
2369333,77,61,7733,2015,2147563.0,514760.0,1.479792,0.6490239999999999,FRA,DEU,611490
2369334,81,61,7733,2015,1132719.0,268651.0,1.7422990000000003,0.75838,GBR,DEU,611490
2369335,90,61,7733,2015,31092.0,7582.0,0.099027,1.012289,GRC,DEU,611490
2369336,97,61,7733,2015,8311.0,31016.0,0.8255290000000001,1.8017279999999998,HKG,DEU,611490
2369337,100,61,7733,2015,27232.0,8959.0,0.7590140000000001,1.257415,HRV,DEU,611490
2369338,102,61,7733,2015,9313.0,7355.0,1.462839,0.803258,HUN,DEU,611490
2369339,103,61,7733,2015,26223.0,0.0,-0.145103,1.277362,IDN,DEU,611490
2369340,104,61,7733,2015,12909360.0,0.0,0.24230900000000002,2.8190880000000003,IND,DEU,611490
2369341,106,61,7733,2015,294407.0,16374.0,1.304942,0.126431,IRL,DEU,611490
2369342,107,61,7733,2015,0.0,10786.0,-0.258946,-0.0073420000000000004,IRN,DEU,611490
2369343,109,61,7733,2015,6099.0,4651.0,0.24527600000000002,-0.411616,ISL,DEU,611490
2369344,110,61,7733,2015,449013.0,43720.0,1.260071,0.545545,ISR,DEU,611490
2369345,111,61,7733,2015,9520295.0,173777.0,1.321127,0.747046,ITA,DEU,611490
2369346,113,61,7733,2015,89271.0,1171.0,0.121172,0.457301,JOR,DEU,611490
2369347,114,61,7733,2015,29183.0,44453.0,2.516133,-0.484202,JPN,DEU,611490
2369348,115,61,7733,2015,0.0,1848.0,-0.45091499999999995,-0.652026,KAZ,DEU,611490
2369349,118,61,7733,2015,406674.0,0.0,-0.791985,-0.833046,KHM,DEU,611490
2369350,121,61,7733,2015,93999.0,8424.0,1.900653,0.859406,KOR,DEU,611490
2369351,122,61,7733,2015,0.0,8374.0,-0.352023,-1.153057,KWT,DEU,611490
2369352,124,61,7733,2015,917.0,3930.0,0.317355,1.330374,LBN,DEU,611490
2369353,128,61,7733,2015,116841.0,0.0,-0.6773399999999999,0.386343,LKA,DEU,611490
2369354,130,61,7733,2015,35328.0,13180.0,0.749429,1.3659860000000001,LTU,DEU,611490
2369355,131,61,7733,2015,178200.0,48065.0,1.218924,1.247152,LUX,DEU,611490
2369356,132,61,7733,2015,7166.0,7425.0,0.602209,1.125357,LVA,DEU,611490
2369357,133,61,7733,2015,0.0,11600.0,0.296288,0.32009499999999996,MAC,DEU,611490
2369358,134,61,7733,2015,30454.0,0.0,-0.7554810000000001,-0.059697,MAR,DEU,611490
2369359,136,61,7733,2015,214351.0,0.0,-1.15947,-0.497217,MDG,DEU,611490
2369360,137,61,7733,2015,0.0,5332.0,-0.321571,-0.858751,MDV,DEU,611490
2369361,138,61,7733,2015,1099.0,5191.0,1.169724,0.61457,MEX,DEU,611490
2369362,140,61,7733,2015,24481.0,0.0,-0.09009600000000001,-0.147359,MKD,DEU,611490
2369363,142,61,7733,2015,39187.0,0.0,0.880893,-0.117585,MLT,DEU,611490
2369364,143,61,7733,2015,1728680.0,0.0,-1.4596120000000001,-0.903904,MMR,DEU,611490
2369365,151,61,7733,2015,3670.0,0.0,-0.231762,-0.195051,MUS,DEU,611490
2369366,153,61,7733,2015,11851348.0,2586184.0,1.082803,0.811615,MYS,DEU,611490
2369367,155,61,7733,2015,0.0,1360.0,-0.43457399999999996,-0.665655,NAM,DEU,611490
2369368,162,61,7733,2015,9009179.0,315331.0,1.230104,1.27344,NLD,DEU,611490
2369369,163,61,7733,2015,7584.0,155642.0,0.950708,0.314339,NOR,DEU,611490
2369370,164,61,7733,2015,15597.0,0.0,-0.290416,0.456716,NPL,DEU,611490
2369371,166,61,7733,2015,0.0,3222.0,0.224598,0.253179,NZL,DEU,611490
2369372,168,61,7733,2015,120453.0,35788.0,-0.7059979999999999,0.73501,PAK,DEU,611490
2369373,173,61,7733,2015,58250.0,0.0,-0.6007819999999999,0.32152800000000004,PER,DEU,611490
2369374,174,61,7733,2015,10781.0,0.0,0.6406270000000001,0.45770200000000005,PHL,DEU,611490
2369375,177,61,7733,2015,401786.0,114108.0,1.145844,1.1449280000000002,POL,DEU,611490
2369376,179,61,7733,2015,213880.0,7641.0,0.561922,2.2276380000000002,PRT,DEU,611490
2369377,183,61,7733,2015,0.0,3657.0,-0.077053,-0.9922719999999999,QAT,DEU,611490
2369378,185,61,7733,2015,79493.0,5201.0,0.946363,1.056775,ROU,DEU,611490
2369379,186,61,7733,2015,1037.0,105771.0,0.23119,0.035965,RUS,DEU,611490
2369380,188,61,7733,2015,0.0,1417.0,0.5552520000000001,-0.7263229999999999,SAU,DEU,611490
2369381,192,61,7733,2015,132102.0,3400.0,2.05613,0.593065,SGP,DEU,611490
2369382,201,61,7733,2015,0.0,9169.0,0.457042,1.324908,SRB,DEU,611490
2369383,206,61,7733,2015,0.0,4000.0,1.287133,0.7900560000000001,SVK,DEU,611490
2369384,207,61,7733,2015,10850.0,17081.0,1.6089879999999999,0.833616,SVN,DEU,611490
2369385,208,61,7733,2015,61661.0,114016.0,1.8068349999999997,0.693389,SWE,DEU,611490
2369386,216,61,7733,2015,61361.0,1434.0,0.965888,1.368572,THA,DEU,611490
2369387,223,61,7733,2015,119702.0,0.0,0.140202,0.967591,TUN,DEU,611490
2369388,224,61,7733,2015,388330.0,4600.0,0.438669,2.519632,TUR,DEU,611490
2369389,226,61,7733,2015,0.0,912.0,-1.02395,-0.017509999999999998,TZA,DEU,611490
2369390,228,61,7733,2015,0.0,13769.0,0.429879,0.701813,UKR,DEU,611490
2369391,231,61,7733,2015,385184.0,103113.0,1.720478,-0.129322,USA,DEU,611490
2369392,239,61,7733,2015,537092.0,3200.0,-0.17108900000000002,1.10995,VNM,DEU,611490
2369393,246,61,7733,2015,0.0,1407.0,0.24944699999999997,1.7573159999999999,ZAF,DEU,611490
2369394,249,61,7733,2015,10846.0,7416.0,1.962832,1.214982,TWN,DEU,611490
2369395,1,64,7733,2015,0.0,1802.0,-1.249655,-0.9094459999999999,AFG,DNK,611490
2369396,5,64,7733,2015,0.0,899.0,0.850153,0.383793,AND,DNK,611490
2369397,7,64,7733,2015,6418.0,4745.0,0.21779600000000002,-0.0047420000000000006,ARE,DNK,611490
2369398,14,64,7733,2015,3038.0,21706.0,-0.292325,-0.043489,AUS,DNK,611490
2369399,15,64,7733,2015,3763.0,31422.0,1.747098,-0.08026699999999999,AUT,DNK,611490
2369400,16,64,7733,2015,0.0,3428.0,-0.983347,-1.231542,AZE,DNK,611490
2369401,18,64,7733,2015,100630.0,15016.0,1.329866,1.100641,BEL,DNK,611490
2369402,22,64,7733,2015,22960.0,0.0,-1.088465,-0.8745360000000001,BGD,DNK,611490
2369403,23,64,7733,2015,0.0,110191.0,0.45640699999999995,1.691455,BGR,DNK,611490
2369404,39,64,7733,2015,1758.0,6757.0,0.695867,1.171676,CAN,DNK,611490
2369405,41,64,7733,2015,13012.0,108227.0,2.306075,0.720781,CHE,DNK,611490
2369406,42,64,7733,2015,0.0,1049.0,-0.356167,-0.47629399999999994,CHL,DNK,611490
2369407,43,64,7733,2015,440490.0,24983.0,1.077143,1.735757,CHN,DNK,611490
2369408,59,64,7733,2015,41570.0,2825.0,1.743012,0.45424,CZE,DNK,611490
2369409,61,64,7733,2015,132814.0,2841198.0,2.203818,-2.307561,DEU,DNK,611490
2369410,71,64,7733,2015,109091.0,343970.0,0.8173590000000001,2.442556,ESP,DNK,611490
2369411,72,64,7733,2015,0.0,1639.0,0.9281149999999999,1.1780389999999998,EST,DNK,611490
2369412,74,64,7733,2015,11299.0,68786.0,1.597817,0.998059,FIN,DNK,611490
2369413,77,64,7733,2015,65825.0,40991.0,1.479792,0.6490239999999999,FRA,DNK,611490
2369414,78,64,7733,2015,0.0,827366.0,-0.700767,-0.9214399999999999,FRO,DNK,611490
2369415,81,64,7733,2015,132836.0,66108.0,1.7422990000000003,0.75838,GBR,DNK,611490
2369416,89,64,7733,2015,0.0,2084.0,-1.585577,-0.9044979999999999,GNQ,DNK,611490
2369417,92,64,7733,2015,4057.0,1571972.0,-1.017707,-0.913467,GRL,DNK,611490
2369418,97,64,7733,2015,26483.0,23763.0,0.8255290000000001,1.8017279999999998,HKG,DNK,611490
2369419,102,64,7733,2015,16660.0,5905.0,1.462839,0.803258,HUN,DNK,611490
2369420,103,64,7733,2015,7602.0,0.0,-0.145103,1.277362,IDN,DNK,611490
2369421,104,64,7733,2015,3403748.0,0.0,0.24230900000000002,2.8190880000000003,IND,DNK,611490
2369422,106,64,7733,2015,62361.0,7375.0,1.304942,0.126431,IRL,DNK,611490
2369423,109,64,7733,2015,958.0,578299.0,0.24527600000000002,-0.411616,ISL,DNK,611490
2369424,110,64,7733,2015,868.0,2496.0,1.260071,0.545545,ISR,DNK,611490
2369425,111,64,7733,2015,54452.0,198418.0,1.321127,0.747046,ITA,DNK,611490
2369426,113,64,7733,2015,1083.0,10620.0,0.121172,0.457301,JOR,DNK,611490
2369427,114,64,7733,2015,3229.0,86655.0,2.516133,-0.484202,JPN,DNK,611490
2369428,118,64,7733,2015,3264.0,0.0,-0.791985,-0.833046,KHM,DNK,611490
2369429,121,64,7733,2015,2386.0,22176.0,1.900653,0.859406,KOR,DNK,611490
2369430,122,64,7733,2015,0.0,1112.0,-0.352023,-1.153057,KWT,DNK,611490
2369431,124,64,7733,2015,0.0,2334.0,0.317355,1.330374,LBN,DNK,611490
2369432,130,64,7733,2015,4099.0,923.0,0.749429,1.3659860000000001,LTU,DNK,611490
2369433,132,64,7733,2015,16392.0,2002.0,0.602209,1.125357,LVA,DNK,611490
2369434,138,64,7733,2015,980.0,0.0,1.169724,0.61457,MEX,DNK,611490
2369435,143,64,7733,2015,67224.0,0.0,-1.4596120000000001,-0.903904,MMR,DNK,611490
2369436,153,64,7733,2015,1333.0,0.0,1.082803,0.811615,MYS,DNK,611490
2369437,162,64,7733,2015,27672.0,57503.0,1.230104,1.27344,NLD,DNK,611490
2369438,163,64,7733,2015,56676.0,870820.0,0.950708,0.314339,NOR,DNK,611490
2369439,168,64,7733,2015,23183.0,617.0,-0.7059979999999999,0.73501,PAK,DNK,611490
2369440,173,64,7733,2015,4341.0,0.0,-0.6007819999999999,0.32152800000000004,PER,DNK,611490
2369441,174,64,7733,2015,4647.0,3895.0,0.6406270000000001,0.45770200000000005,PHL,DNK,611490
2369442,177,64,7733,2015,82961.0,146923.0,1.145844,1.1449280000000002,POL,DNK,611490
2369443,179,64,7733,2015,184525.0,911.0,0.561922,2.2276380000000002,PRT,DNK,611490
2369444,183,64,7733,2015,0.0,3104.0,-0.077053,-0.9922719999999999,QAT,DNK,611490
2369445,185,64,7733,2015,1224.0,0.0,0.946363,1.056775,ROU,DNK,611490
2369446,186,64,7733,2015,0.0,497420.0,0.23119,0.035965,RUS,DNK,611490
2369447,192,64,7733,2015,6924.0,5042.0,2.05613,0.593065,SGP,DNK,611490
2369448,201,64,7733,2015,6994.0,0.0,0.457042,1.324908,SRB,DNK,611490
2369449,206,64,7733,2015,0.0,892.0,1.287133,0.7900560000000001,SVK,DNK,611490
2369450,208,64,7733,2015,21735.0,331463.0,1.8068349999999997,0.693389,SWE,DNK,611490
2369451,216,64,7733,2015,16895.0,3603.0,0.965888,1.368572,THA,DNK,611490
2369452,224,64,7733,2015,57413.0,110147.0,0.438669,2.519632,TUR,DNK,611490
2369453,228,64,7733,2015,0.0,21772.0,0.429879,0.701813,UKR,DNK,611490
2369454,231,64,7733,2015,7180.0,28551.0,1.720478,-0.129322,USA,DNK,611490
2369455,239,64,7733,2015,162298.0,0.0,-0.17108900000000002,1.10995,VNM,DNK,611490
2369456,246,64,7733,2015,0.0,1784.0,0.24944699999999997,1.7573159999999999,ZAF,DNK,611490
2369457,249,64,7733,2015,9965.0,7458.0,1.962832,1.214982,TWN,DNK,611490
2369458,39,65,7733,2015,0.0,4155.0,0.695867,1.171676,CAN,DOM,611490
2369459,43,65,7733,2015,3158.0,0.0,1.077143,1.735757,CHN,DOM,611490
2369460,44,65,7733,2015,0.0,1531.0,-0.856142,-0.905292,CIV,DOM,611490
2369461,49,65,7733,2015,5358.0,0.0,0.156383,-0.183055,COL,DOM,611490
2369462,61,65,7733,2015,0.0,15403.0,2.203818,-2.307561,DEU,DOM,611490
2369463,71,65,7733,2015,106021.0,0.0,0.8173590000000001,2.442556,ESP,DOM,611490
2369464,74,65,7733,2015,0.0,1161.0,1.597817,0.998059,FIN,DOM,611490
2369465,77,65,7733,2015,2004.0,2135.0,1.479792,0.6490239999999999,FRA,DOM,611490
2369466,81,65,7733,2015,0.0,4488.0,1.7422990000000003,0.75838,GBR,DOM,611490
2369467,111,65,7733,2015,21378.0,0.0,1.321127,0.747046,ITA,DOM,611490
2369468,114,65,7733,2015,0.0,7126.0,2.516133,-0.484202,JPN,DOM,611490
2369469,121,65,7733,2015,0.0,3246.0,1.900653,0.859406,KOR,DOM,611490
2369470,134,65,7733,2015,0.0,3010.0,-0.7554810000000001,-0.059697,MAR,DOM,611490
2369471,138,65,7733,2015,28992.0,0.0,1.169724,0.61457,MEX,DOM,611490
2369472,163,65,7733,2015,978.0,19847.0,0.950708,0.314339,NOR,DOM,611490
2369473,169,65,7733,2015,15135.0,0.0,0.642058,0.833392,PAN,DOM,611490
2369474,216,65,7733,2015,912.0,0.0,0.965888,1.368572,THA,DOM,611490
2369475,231,65,7733,2015,203019.0,36723.0,1.720478,-0.129322,USA,DOM,611490
2369476,239,65,7733,2015,999.0,0.0,-0.17108900000000002,1.10995,VNM,DOM,611490
2369477,14,67,7733,2015,0.0,1201.0,-0.292325,-0.043489,AUS,ECU,611490
2369478,42,67,7733,2015,0.0,1422.0,-0.356167,-0.47629399999999994,CHL,ECU,611490
2369479,43,67,7733,2015,2909.0,0.0,1.077143,1.735757,CHN,ECU,611490
2369480,71,67,7733,2015,34694.0,0.0,0.8173590000000001,2.442556,ESP,ECU,611490
2369481,77,67,7733,2015,0.0,1849.0,1.479792,0.6490239999999999,FRA,ECU,611490
2369482,111,67,7733,2015,9737.0,0.0,1.321127,0.747046,ITA,ECU,611490
2369483,113,67,7733,2015,0.0,13627.0,0.121172,0.457301,JOR,ECU,611490
2369484,169,67,7733,2015,46247.0,0.0,0.642058,0.833392,PAN,ECU,611490
2369485,177,67,7733,2015,899.0,0.0,1.145844,1.1449280000000002,POL,ECU,611490
2369486,179,67,7733,2015,0.0,46128.0,0.561922,2.2276380000000002,PRT,ECU,611490
2369487,231,67,7733,2015,194440.0,2313.0,1.720478,-0.129322,USA,ECU,611490
2369488,2,71,7733,2015,0.0,869.0,-1.6542,-1.2598989999999999,AGO,ESP,611490
2369489,5,71,7733,2015,0.0,112996.0,0.850153,0.383793,AND,ESP,611490
2369490,7,71,7733,2015,11782.0,181846.0,0.21779600000000002,-0.0047420000000000006,ARE,ESP,611490
2369491,8,71,7733,2015,3195.0,0.0,0.116896,0.30330999999999997,ARG,ESP,611490
2369492,14,71,7733,2015,5528.0,79282.0,-0.292325,-0.043489,AUS,ESP,611490
2369493,15,71,7733,2015,35541.0,6802.0,1.747098,-0.08026699999999999,AUT,ESP,611490
2369494,18,71,7733,2015,879724.0,213122.0,1.329866,1.100641,BEL,ESP,611490
2369495,19,71,7733,2015,0.0,5576.0,-0.5641470000000001,-0.8971020000000001,BEN,ESP,611490
2369496,21,71,7733,2015,0.0,10592.0,-1.085359,-1.034365,BFA,ESP,611490
2369497,22,71,7733,2015,69334.0,0.0,-1.088465,-0.8745360000000001,BGD,ESP,611490
2369498,23,71,7733,2015,3320.0,82666.0,0.45640699999999995,1.691455,BGR,ESP,611490
2369499,24,71,7733,2015,0.0,6548.0,0.36650900000000003,-0.28735,BHR,ESP,611490
2369500,31,71,7733,2015,2348.0,103884.0,-1.051562,-1.067714,BOL,ESP,611490
2369501,32,71,7733,2015,1036.0,0.0,0.23656799999999997,0.688607,BRA,ESP,611490
2369502,39,71,7733,2015,903921.0,20440.0,0.695867,1.171676,CAN,ESP,611490
2369503,41,71,7733,2015,9219.0,14597.0,2.306075,0.720781,CHE,ESP,611490
2369504,42,71,7733,2015,0.0,920055.0,-0.356167,-0.47629399999999994,CHL,ESP,611490
2369505,43,71,7733,2015,1401299.0,85613.0,1.077143,1.735757,CHN,ESP,611490
2369506,44,71,7733,2015,0.0,7590.0,-0.856142,-0.905292,CIV,ESP,611490
2369507,45,71,7733,2015,0.0,2237.0,-0.924366,-1.040721,CMR,ESP,611490
2369508,46,71,7733,2015,0.0,7400.0,-1.3921290000000002,-1.146549,COD,ESP,611490
2369509,49,71,7733,2015,9357.0,17705.0,0.156383,-0.183055,COL,ESP,611490
2369510,54,71,7733,2015,0.0,226498.0,-0.694839,-1.093439,CUB,ESP,611490
2369511,59,71,7733,2015,10177.0,3391720.0,1.743012,0.45424,CZE,ESP,611490
2369512,61,71,7733,2015,88062.0,530140.0,2.203818,-2.307561,DEU,ESP,611490
2369513,64,71,7733,2015,343970.0,109091.0,1.157924,1.2045629999999998,DNK,ESP,611490
2369514,65,71,7733,2015,0.0,106021.0,-0.212808,0.395873,DOM,ESP,611490
2369515,66,71,7733,2015,0.0,11595.0,-1.54346,-1.255633,DZA,ESP,611490
2369516,67,71,7733,2015,0.0,34694.0,-0.9845959999999999,-1.075639,ECU,ESP,611490
2369517,68,71,7733,2015,3848.0,198952.0,-0.183053,1.765036,EGY,ESP,611490
2369518,77,71,7733,2015,1046059.0,1147436.0,1.479792,0.6490239999999999,FRA,ESP,611490
2369519,81,71,7733,2015,277798.0,610121.0,1.7422990000000003,0.75838,GBR,ESP,611490
2369520,82,71,7733,2015,0.0,2240.0,-0.343663,-0.588017,GEO,ESP,611490
2369521,84,71,7733,2015,0.0,5920.0,0.535143,-0.750155,GIB,ESP,611490
2369522,85,71,7733,2015,0.0,1500.0,-1.288329,-1.167532,GIN,ESP,611490
2369523,87,71,7733,2015,0.0,10798.0,-0.984775,-0.877886,GMB,ESP,611490
2369524,89,71,7733,2015,0.0,42120.0,-1.585577,-0.9044979999999999,GNQ,ESP,611490
2369525,90,71,7733,2015,129851.0,38128.0,0.099027,1.012289,GRC,ESP,611490
2369526,93,71,7733,2015,0.0,17552.0,-0.284403,0.525564,GTM,ESP,611490
2369527,97,71,7733,2015,21545.0,16764.0,0.8255290000000001,1.8017279999999998,HKG,ESP,611490
2369528,99,71,7733,2015,2226.0,2020.0,-0.578635,-0.292053,HND,ESP,611490
2369529,100,71,7733,2015,0.0,1956.0,0.7590140000000001,1.257415,HRV,ESP,611490
2369530,102,71,7733,2015,0.0,6976.0,1.462839,0.803258,HUN,ESP,611490
2369531,103,71,7733,2015,49204.0,0.0,-0.145103,1.277362,IDN,ESP,611490
2369532,104,71,7733,2015,5409120.0,8453.0,0.24230900000000002,2.8190880000000003,IND,ESP,611490
2369533,106,71,7733,2015,9064.0,2391.0,1.304942,0.126431,IRL,ESP,611490
2369534,109,71,7733,2015,0.0,1319.0,0.24527600000000002,-0.411616,ISL,ESP,611490
2369535,110,71,7733,2015,2779.0,17164.0,1.260071,0.545545,ISR,ESP,611490
2369536,111,71,7733,2015,4749964.0,2341701.0,1.321127,0.747046,ITA,ESP,611490
2369537,112,71,7733,2015,0.0,27865.0,-0.438267,-0.828097,JAM,ESP,611490
2369538,113,71,7733,2015,0.0,2909.0,0.121172,0.457301,JOR,ESP,611490
2369539,114,71,7733,2015,14528.0,2792.0,2.516133,-0.484202,JPN,ESP,611490
2369540,116,71,7733,2015,0.0,12402.0,-0.453564,0.433325,KEN,ESP,611490
2369541,118,71,7733,2015,23673.0,0.0,-0.791985,-0.833046,KHM,ESP,611490
2369542,121,71,7733,2015,1333.0,67761.0,1.900653,0.859406,KOR,ESP,611490
2369543,122,71,7733,2015,4830.0,40908.0,-0.352023,-1.153057,KWT,ESP,611490
2369544,124,71,7733,2015,109051.0,42195.0,0.317355,1.330374,LBN,ESP,611490
2369545,130,71,7733,2015,6111.0,1026.0,0.749429,1.3659860000000001,LTU,ESP,611490
2369546,131,71,7733,2015,0.0,1690.0,1.218924,1.247152,LUX,ESP,611490
2369547,132,71,7733,2015,5300.0,0.0,0.602209,1.125357,LVA,ESP,611490
2369548,134,71,7733,2015,433221.0,150741.0,-0.7554810000000001,-0.059697,MAR,ESP,611490
2369549,135,71,7733,2015,0.0,25278.0,-0.313837,-0.20393,MDA,ESP,611490
2369550,136,71,7733,2015,2671.0,0.0,-1.15947,-0.497217,MDG,ESP,611490
2369551,138,71,7733,2015,7152.0,893194.0,1.169724,0.61457,MEX,ESP,611490
2369552,140,71,7733,2015,0.0,806.0,-0.09009600000000001,-0.147359,MKD,ESP,611490
2369553,141,71,7733,2015,0.0,27257.0,-0.744236,-0.9441860000000001,MLI,ESP,611490
2369554,143,71,7733,2015,316119.0,0.0,-1.4596120000000001,-0.903904,MMR,ESP,611490
2369555,147,71,7733,2015,0.0,36332.0,-1.293809,-1.115069,MOZ,ESP,611490
2369556,148,71,7733,2015,0.0,6628.0,-1.5597450000000002,-1.3209229999999998,MRT,ESP,611490
2369557,151,71,7733,2015,0.0,1849.0,-0.231762,-0.195051,MUS,ESP,611490
2369558,153,71,7733,2015,5604217.0,35458.0,1.082803,0.811615,MYS,ESP,611490
2369559,157,71,7733,2015,0.0,7258.0,-1.517292,-1.033891,NER,ESP,611490
2369560,159,71,7733,2015,0.0,1406.0,-1.415451,-1.157829,NGA,ESP,611490
2369561,162,71,7733,2015,13771016.0,1135808.0,1.230104,1.27344,NLD,ESP,611490
2369562,163,71,7733,2015,5843.0,11231.0,0.950708,0.314339,NOR,ESP,611490
2369563,164,71,7733,2015,3768.0,0.0,-0.290416,0.456716,NPL,ESP,611490
2369564,166,71,7733,2015,2731.0,0.0,0.224598,0.253179,NZL,ESP,611490
2369565,168,71,7733,2015,103009.0,19064.0,-0.7059979999999999,0.73501,PAK,ESP,611490
2369566,169,71,7733,2015,1468.0,89904.0,0.642058,0.833392,PAN,ESP,611490
2369567,173,71,7733,2015,3001.0,41179.0,-0.6007819999999999,0.32152800000000004,PER,ESP,611490
2369568,174,71,7733,2015,0.0,135087.0,0.6406270000000001,0.45770200000000005,PHL,ESP,611490
2369569,177,71,7733,2015,10244.0,896672.0,1.145844,1.1449280000000002,POL,ESP,611490
2369570,179,71,7733,2015,671884.0,1430984.0,0.561922,2.2276380000000002,PRT,ESP,611490
2369571,180,71,7733,2015,0.0,155794.0,-0.471106,-0.9431139999999999,PRY,ESP,611490
2369572,183,71,7733,2015,0.0,17603.0,-0.077053,-0.9922719999999999,QAT,ESP,611490
2369573,185,71,7733,2015,385897.0,259364.0,0.946363,1.056775,ROU,ESP,611490
2369574,186,71,7733,2015,0.0,153853.0,0.23119,0.035965,RUS,ESP,611490
2369575,188,71,7733,2015,1558.0,46737.0,0.5552520000000001,-0.7263229999999999,SAU,ESP,611490
2369576,191,71,7733,2015,0.0,33387.0,-0.708349,-0.296663,SEN,ESP,611490
2369577,192,71,7733,2015,1302.0,4275.0,2.05613,0.593065,SGP,ESP,611490
2369578,197,71,7733,2015,0.0,910.0,0.05531900000000001,0.169073,SLV,ESP,611490
2369579,201,71,7733,2015,0.0,1423.0,0.457042,1.324908,SRB,ESP,611490
2369580,206,71,7733,2015,0.0,1626.0,1.287133,0.7900560000000001,SVK,ESP,611490
2369581,207,71,7733,2015,0.0,466736.0,1.6089879999999999,0.833616,SVN,ESP,611490
2369582,208,71,7733,2015,403316.0,5899.0,1.8068349999999997,0.693389,SWE,ESP,611490
2369583,211,71,7733,2015,0.0,4330.0,1.017467,-0.285569,SYC,ESP,611490
2369584,212,71,7733,2015,0.0,46750.0,-0.603532,0.313216,SYR,ESP,611490
2369585,215,71,7733,2015,0.0,11068.0,-0.66925,-0.873554,TGO,ESP,611490
2369586,216,71,7733,2015,247978.0,8879.0,0.965888,1.368572,THA,ESP,611490
2369587,223,71,7733,2015,1364.0,5898.0,0.140202,0.967591,TUN,ESP,611490
2369588,224,71,7733,2015,138822.0,31972.0,0.438669,2.519632,TUR,ESP,611490
2369589,228,71,7733,2015,0.0,1096.0,0.429879,0.701813,UKR,ESP,611490
2369590,230,71,7733,2015,0.0,95186.0,0.273876,-0.363695,URY,ESP,611490
2369591,231,71,7733,2015,129577.0,1524091.0,1.720478,-0.129322,USA,ESP,611490
2369592,236,71,7733,2015,4184.0,13083.0,-0.9249129999999999,-1.1877280000000001,VEN,ESP,611490
2369593,239,71,7733,2015,61671.0,778003.0,-0.17108900000000002,1.10995,VNM,ESP,611490
2369594,246,71,7733,2015,0.0,6909.0,0.24944699999999997,1.7573159999999999,ZAF,ESP,611490
2369595,249,71,7733,2015,5251.0,116562.0,1.962832,1.214982,TWN,ESP,611490
2369596,250,71,7733,2015,56997.0,0.0,0.377283,-0.092204,ANS,ESP,611490
2369597,18,72,7733,2015,45540.0,0.0,1.329866,1.100641,BEL,EST,611490
2369598,41,72,7733,2015,3408.0,0.0,2.306075,0.720781,CHE,EST,611490
2369599,43,72,7733,2015,3010.0,0.0,1.077143,1.735757,CHN,EST,611490
2369600,61,72,7733,2015,5387.0,6460.0,2.203818,-2.307561,DEU,EST,611490
2369601,64,72,7733,2015,1639.0,0.0,1.157924,1.2045629999999998,DNK,EST,611490
2369602,74,72,7733,2015,1087.0,2088.0,1.597817,0.998059,FIN,EST,611490
2369603,77,72,7733,2015,1831.0,0.0,1.479792,0.6490239999999999,FRA,EST,611490
2369604,81,72,7733,2015,2823.0,1264.0,1.7422990000000003,0.75838,GBR,EST,611490
2369605,104,72,7733,2015,108772.0,0.0,0.24230900000000002,2.8190880000000003,IND,EST,611490
2369606,106,72,7733,2015,4417.0,0.0,1.304942,0.126431,IRL,EST,611490
2369607,109,72,7733,2015,0.0,2302.0,0.24527600000000002,-0.411616,ISL,EST,611490
2369608,111,72,7733,2015,1807.0,0.0,1.321127,0.747046,ITA,EST,611490
2369609,114,72,7733,2015,1943.0,0.0,2.516133,-0.484202,JPN,EST,611490
2369610,121,72,7733,2015,0.0,1168.0,1.900653,0.859406,KOR,EST,611490
2369611,130,72,7733,2015,1695.0,2146.0,0.749429,1.3659860000000001,LTU,EST,611490
2369612,132,72,7733,2015,2459.0,81691.0,0.602209,1.125357,LVA,EST,611490
2369613,162,72,7733,2015,22346.0,0.0,1.230104,1.27344,NLD,EST,611490
2369614,163,72,7733,2015,1235.0,11394.0,0.950708,0.314339,NOR,EST,611490
2369615,179,72,7733,2015,11374.0,0.0,0.561922,2.2276380000000002,PRT,EST,611490
2369616,186,72,7733,2015,1413.0,4871.0,0.23119,0.035965,RUS,EST,611490
2369617,208,72,7733,2015,8948.0,0.0,1.8068349999999997,0.693389,SWE,EST,611490
2369618,223,72,7733,2015,928.0,0.0,0.140202,0.967591,TUN,EST,611490
2369619,239,72,7733,2015,166836.0,0.0,-0.17108900000000002,1.10995,VNM,EST,611490
2369620,250,72,7733,2015,1393.0,0.0,0.377283,-0.092204,ANS,EST,611490
2369621,1,77,7733,2015,17937.0,0.0,-1.249655,-0.9094459999999999,AFG,FRA,611490
2369622,2,77,7733,2015,6529.0,38452.0,-1.6542,-1.2598989999999999,AGO,FRA,611490
2369623,4,77,7733,2015,1975.0,11686.0,-0.601875,-0.27003,ALB,FRA,611490
2369624,5,77,7733,2015,704.0,2154399.0,0.850153,0.383793,AND,FRA,611490
2369625,7,77,7733,2015,127760.0,6270422.0,0.21779600000000002,-0.0047420000000000006,ARE,FRA,611490
2369626,8,77,7733,2015,9831.0,0.0,0.116896,0.30330999999999997,ARG,FRA,611490
2369627,9,77,7733,2015,0.0,33037.0,0.037579,-0.42448800000000003,ARM,FRA,611490
2369628,14,77,7733,2015,145076.0,1958523.0,-0.292325,-0.043489,AUS,FRA,611490
2369629,15,77,7733,2015,54596.0,43553.0,1.747098,-0.08026699999999999,AUT,FRA,611490
2369630,16,77,7733,2015,0.0,53544.0,-0.983347,-1.231542,AZE,FRA,611490
2369631,18,77,7733,2015,95736.0,1209551.0,1.329866,1.100641,BEL,FRA,611490
2369632,19,77,7733,2015,576.0,51486.0,-0.5641470000000001,-0.8971020000000001,BEN,FRA,611490
2369633,21,77,7733,2015,4158.0,59096.0,-1.085359,-1.034365,BFA,FRA,611490
2369634,22,77,7733,2015,213616.0,20466.0,-1.088465,-0.8745360000000001,BGD,FRA,611490
2369635,23,77,7733,2015,49331.0,3143.0,0.45640699999999995,1.691455,BGR,FRA,611490
2369636,24,77,7733,2015,5083.0,310160.0,0.36650900000000003,-0.28735,BHR,FRA,611490
2369637,25,77,7733,2015,0.0,38744.0,0.669493,-0.37838099999999997,BHS,FRA,611490
2369638,26,77,7733,2015,16814.0,555778.0,0.355903,0.723092,BIH,FRA,611490
2369639,27,77,7733,2015,2109.0,314645.0,0.562426,-0.459475,BLM,FRA,611490
2369640,28,77,7733,2015,0.0,10454.0,0.672499,0.5584020000000001,BLR,FRA,611490
2369641,30,77,7733,2015,1784.0,1323.0,0.974592,-0.636426,BMU,FRA,611490
2369642,31,77,7733,2015,12228.0,19083.0,-1.051562,-1.067714,BOL,FRA,611490
2369643,32,77,7733,2015,17383.0,44476.0,0.23656799999999997,0.688607,BRA,FRA,611490
2369644,33,77,7733,2015,3317.0,70536.0,0.453689,0.039237,BRB,FRA,611490
2369645,39,77,7733,2015,28747.0,3456488.0,0.695867,1.171676,CAN,FRA,611490
2369646,41,77,7733,2015,175406.0,8003370.0,2.306075,0.720781,CHE,FRA,611490
2369647,42,77,7733,2015,9911.0,314710.0,-0.356167,-0.47629399999999994,CHL,FRA,611490
2369648,43,77,7733,2015,2621614.0,10490159.0,1.077143,1.735757,CHN,FRA,611490
2369649,44,77,7733,2015,4833.0,596118.0,-0.856142,-0.905292,CIV,FRA,611490
2369650,45,77,7733,2015,2145.0,126382.0,-0.924366,-1.040721,CMR,FRA,611490
2369651,46,77,7733,2015,13940.0,6310.0,-1.3921290000000002,-1.146549,COD,FRA,611490
2369652,47,77,7733,2015,8087.0,25865.0,-1.294823,-1.18811,COG,FRA,611490
2369653,49,77,7733,2015,41256.0,441666.0,0.156383,-0.183055,COL,FRA,611490
2369654,50,77,7733,2015,14406.0,32194.0,-0.551674,-0.867288,COM,FRA,611490
2369655,52,77,7733,2015,0.0,11902.0,0.24859699999999998,-0.033143,CRI,FRA,611490
2369656,57,77,7733,2015,0.0,3896.0,0.275472,-0.831835,CYM,FRA,611490
2369657,58,77,7733,2015,0.0,36375.0,0.511225,-0.207261,CYP,FRA,611490
2369658,59,77,7733,2015,112600.0,3869.0,1.743012,0.45424,CZE,FRA,611490
2369659,61,77,7733,2015,514760.0,2147563.0,2.203818,-2.307561,DEU,FRA,611490
2369660,62,77,7733,2015,0.0,45345.0,-0.538942,-0.832522,DJI,FRA,611490
2369661,64,77,7733,2015,40991.0,65825.0,1.157924,1.2045629999999998,DNK,FRA,611490
2369662,65,77,7733,2015,2135.0,2004.0,-0.212808,0.395873,DOM,FRA,611490
2369663,66,77,7733,2015,4738.0,170874.0,-1.54346,-1.255633,DZA,FRA,611490
2369664,67,77,7733,2015,1849.0,0.0,-0.9845959999999999,-1.075639,ECU,FRA,611490
2369665,68,77,7733,2015,21052.0,61877.0,-0.183053,1.765036,EGY,FRA,611490
2369666,71,77,7733,2015,1147436.0,1046059.0,0.8173590000000001,2.442556,ESP,FRA,611490
2369667,72,77,7733,2015,0.0,1831.0,0.9281149999999999,1.1780389999999998,EST,FRA,611490
2369668,73,77,7733,2015,5975.0,0.0,-1.004896,-0.721019,ETH,FRA,611490
2369669,74,77,7733,2015,0.0,4806.0,1.597817,0.998059,FIN,FRA,611490
2369670,75,77,7733,2015,2838.0,5400.0,-0.481968,-0.201468,FJI,FRA,611490
2369671,80,77,7733,2015,4960.0,199579.0,-1.384351,-1.209873,GAB,FRA,611490
2369672,81,77,7733,2015,360294.0,801543.0,1.7422990000000003,0.75838,GBR,FRA,611490
2369673,82,77,7733,2015,1250.0,34082.0,-0.343663,-0.588017,GEO,FRA,611490
2369674,83,77,7733,2015,3065.0,14531.0,-0.750568,-0.690257,GHA,FRA,611490
2369675,84,77,7733,2015,0.0,10325.0,0.535143,-0.750155,GIB,FRA,611490
2369676,85,77,7733,2015,1436.0,3065.0,-1.288329,-1.167532,GIN,FRA,611490
2369677,89,77,7733,2015,0.0,30305.0,-1.585577,-0.9044979999999999,GNQ,FRA,611490
2369678,90,77,7733,2015,8058.0,25415.0,0.099027,1.012289,GRC,FRA,611490
2369679,93,77,7733,2015,2424.0,0.0,-0.284403,0.525564,GTM,FRA,611490
2369680,95,77,7733,2015,0.0,121474.0,0.658226,0.030897000000000004,GUM,FRA,611490
2369681,97,77,7733,2015,493788.0,46784900.0,0.8255290000000001,1.8017279999999998,HKG,FRA,611490
2369682,99,77,7733,2015,8622.0,0.0,-0.578635,-0.292053,HND,FRA,611490
2369683,100,77,7733,2015,2208.0,2795.0,0.7590140000000001,1.257415,HRV,FRA,611490
2369684,101,77,7733,2015,16772.0,0.0,-1.288246,-1.018979,HTI,FRA,611490
2369685,102,77,7733,2015,62435.0,0.0,1.462839,0.803258,HUN,FRA,611490
2369686,103,77,7733,2015,179849.0,26520.0,-0.145103,1.277362,IDN,FRA,611490
2369687,104,77,7733,2015,14736416.0,102012.0,0.24230900000000002,2.8190880000000003,IND,FRA,611490
2369688,106,77,7733,2015,23448.0,420173.0,1.304942,0.126431,IRL,FRA,611490
2369689,107,77,7733,2015,1324.0,0.0,-0.258946,-0.0073420000000000004,IRN,FRA,611490
2369690,108,77,7733,2015,12958.0,33481.0,-1.465803,-0.912113,IRQ,FRA,611490
2369691,109,77,7733,2015,3729.0,15014.0,0.24527600000000002,-0.411616,ISL,FRA,611490
2369692,110,77,7733,2015,83575.0,2003559.0,1.260071,0.545545,ISR,FRA,611490
2369693,111,77,7733,2015,15266922.0,1835772.0,1.321127,0.747046,ITA,FRA,611490
2369694,113,77,7733,2015,23396.0,64785.0,0.121172,0.457301,JOR,FRA,611490
2369695,114,77,7733,2015,525596.0,24778068.0,2.516133,-0.484202,JPN,FRA,611490
2369696,115,77,7733,2015,6335.0,235699.0,-0.45091499999999995,-0.652026,KAZ,FRA,611490
2369697,116,77,7733,2015,0.0,2912.0,-0.453564,0.433325,KEN,FRA,611490
2369698,118,77,7733,2015,141041.0,27996.0,-0.791985,-0.833046,KHM,FRA,611490
2369699,121,77,7733,2015,50592.0,987494.0,1.900653,0.859406,KOR,FRA,611490
2369700,122,77,7733,2015,12014.0,1366718.0,-0.352023,-1.153057,KWT,FRA,611490
2369701,123,77,7733,2015,16228.0,891.0,-0.927524,-0.74525,LAO,FRA,611490
2369702,124,77,7733,2015,989199.0,1158826.0,0.317355,1.330374,LBN,FRA,611490
2369703,127,77,7733,2015,0.0,5885.0,0.5410590000000001,-0.484234,LCA,FRA,611490
2369704,128,77,7733,2015,23823.0,0.0,-0.6773399999999999,0.386343,LKA,FRA,611490
2369705,130,77,7733,2015,2091.0,986.0,0.749429,1.3659860000000001,LTU,FRA,611490
2369706,131,77,7733,2015,2663.0,65844.0,1.218924,1.247152,LUX,FRA,611490
2369707,133,77,7733,2015,23109.0,2058840.0,0.296288,0.32009499999999996,MAC,FRA,611490
2369708,134,77,7733,2015,784986.0,1556686.0,-0.7554810000000001,-0.059697,MAR,FRA,611490
2369709,135,77,7733,2015,28972.0,0.0,-0.313837,-0.20393,MDA,FRA,611490
2369710,136,77,7733,2015,243427.0,216881.0,-1.15947,-0.497217,MDG,FRA,611490
2369711,137,77,7733,2015,0.0,58423.0,-0.321571,-0.858751,MDV,FRA,611490
2369712,138,77,7733,2015,69694.0,3011100.0,1.169724,0.61457,MEX,FRA,611490
2369713,140,77,7733,2015,4801.0,203413.0,-0.09009600000000001,-0.147359,MKD,FRA,611490
2369714,141,77,7733,2015,7113.0,8480.0,-0.744236,-0.9441860000000001,MLI,FRA,611490
2369715,142,77,7733,2015,0.0,6522.0,0.880893,-0.117585,MLT,FRA,611490
2369716,143,77,7733,2015,10647.0,0.0,-1.4596120000000001,-0.903904,MMR,FRA,611490
2369717,145,77,7733,2015,17138.0,2435.0,-1.244368,-1.196677,MNG,FRA,611490
2369718,147,77,7733,2015,2454.0,0.0,-1.293809,-1.115069,MOZ,FRA,611490
2369719,148,77,7733,2015,1984.0,19268.0,-1.5597450000000002,-1.3209229999999998,MRT,FRA,611490
2369720,151,77,7733,2015,218109.0,175317.0,-0.231762,-0.195051,MUS,FRA,611490
2369721,153,77,7733,2015,1510214.0,96155.0,1.082803,0.811615,MYS,FRA,611490
2369722,156,77,7733,2015,0.0,7423122.0,-0.727911,-0.844562,NCL,FRA,611490
2369723,157,77,7733,2015,743.0,44277.0,-1.517292,-1.033891,NER,FRA,611490
2369724,159,77,7733,2015,166984.0,14096.0,-1.415451,-1.157829,NGA,FRA,611490
2369725,162,77,7733,2015,12275.0,53052.0,1.230104,1.27344,NLD,FRA,611490
2369726,163,77,7733,2015,17026.0,1470358.0,0.950708,0.314339,NOR,FRA,611490
2369727,164,77,7733,2015,85832.0,1253.0,-0.290416,0.456716,NPL,FRA,611490
2369728,166,77,7733,2015,22970.0,272647.0,0.224598,0.253179,NZL,FRA,611490
2369729,167,77,7733,2015,3028.0,46861.0,-0.4699,-1.00451,OMN,FRA,611490
2369730,168,77,7733,2015,345164.0,0.0,-0.7059979999999999,0.73501,PAK,FRA,611490
2369731,169,77,7733,2015,1090.0,266398.0,0.642058,0.833392,PAN,FRA,611490
2369732,173,77,7733,2015,125041.0,2721.0,-0.6007819999999999,0.32152800000000004,PER,FRA,611490
2369733,174,77,7733,2015,40447.0,145047.0,0.6406270000000001,0.45770200000000005,PHL,FRA,611490
2369734,176,77,7733,2015,0.0,3329.0,-1.710939,-1.266333,PNG,FRA,611490
2369735,177,77,7733,2015,243361.0,70278.0,1.145844,1.1449280000000002,POL,FRA,611490
2369736,179,77,7733,2015,336058.0,75735.0,0.561922,2.2276380000000002,PRT,FRA,611490
2369737,182,77,7733,2015,0.0,3472801.0,-0.301696,-0.795154,PYF,FRA,611490
2369738,183,77,7733,2015,18517.0,1069607.0,-0.077053,-0.9922719999999999,QAT,FRA,611490
2369739,185,77,7733,2015,19240.0,5176.0,0.946363,1.056775,ROU,FRA,611490
2369740,186,77,7733,2015,14429.0,1513780.0,0.23119,0.035965,RUS,FRA,611490
2369741,187,77,7733,2015,2090.0,0.0,-0.755738,-0.4423,RWA,FRA,611490
2369742,188,77,7733,2015,27565.0,2747784.0,0.5552520000000001,-0.7263229999999999,SAU,FRA,611490
2369743,191,77,7733,2015,3593.0,248750.0,-0.708349,-0.296663,SEN,FRA,611490
2369744,192,77,7733,2015,318941.0,2378395.0,2.05613,0.593065,SGP,FRA,611490
2369745,197,77,7733,2015,6520.0,0.0,0.05531900000000001,0.169073,SLV,FRA,611490
2369746,198,77,7733,2015,0.0,41662.0,0.918452,0.559399,SMR,FRA,611490
2369747,200,77,7733,2015,0.0,10755.0,1.108603,-0.356745,SPM,FRA,611490
2369748,201,77,7733,2015,7978.0,113913.0,0.457042,1.324908,SRB,FRA,611490
2369749,206,77,7733,2015,47082.0,0.0,1.287133,0.7900560000000001,SVK,FRA,611490
2369750,207,77,7733,2015,0.0,8879.0,1.6089879999999999,0.833616,SVN,FRA,611490
2369751,208,77,7733,2015,3547.0,31447.0,1.8068349999999997,0.693389,SWE,FRA,611490
2369752,210,77,7733,2015,2598.0,814634.0,0.945973,-0.7548229999999999,SXM,FRA,611490
2369753,211,77,7733,2015,0.0,9957.0,1.017467,-0.285569,SYC,FRA,611490
2369754,212,77,7733,2015,3323.0,0.0,-0.603532,0.313216,SYR,FRA,611490
2369755,214,77,7733,2015,50616.0,0.0,-1.543675,-0.9703860000000001,TCD,FRA,611490
2369756,215,77,7733,2015,495.0,18155.0,-0.66925,-0.873554,TGO,FRA,611490
2369757,216,77,7733,2015,292148.0,63330.0,0.965888,1.368572,THA,FRA,611490
2369758,221,77,7733,2015,0.0,16552.0,-0.212905,-0.670721,TON,FRA,611490
2369759,222,77,7733,2015,0.0,1592.0,-0.462837,-1.117621,TTO,FRA,611490
2369760,223,77,7733,2015,244247.0,97815.0,0.140202,0.967591,TUN,FRA,611490
2369761,224,77,7733,2015,272349.0,1588386.0,0.438669,2.519632,TUR,FRA,611490
2369762,226,77,7733,2015,4193.0,999.0,-1.02395,-0.017509999999999998,TZA,FRA,611490
2369763,227,77,7733,2015,5877.0,0.0,-0.611023,0.078961,UGA,FRA,611490
2369764,228,77,7733,2015,76850.0,42218.0,0.429879,0.701813,UKR,FRA,611490
2369765,230,77,7733,2015,5273.0,84672.0,0.273876,-0.363695,URY,FRA,611490
2369766,231,77,7733,2015,172673.0,12411476.0,1.720478,-0.129322,USA,FRA,611490
2369767,232,77,7733,2015,0.0,101384.0,-0.724966,-0.599292,UZB,FRA,611490
2369768,236,77,7733,2015,18389.0,0.0,-0.9249129999999999,-1.1877280000000001,VEN,FRA,611490
2369769,239,77,7733,2015,208837.0,192833.0,-0.17108900000000002,1.10995,VNM,FRA,611490
2369770,240,77,7733,2015,0.0,7246.0,-1.6531169999999997,-1.018974,VUT,FRA,611490
2369771,241,77,7733,2015,0.0,26372.0,0.858368,-0.6285810000000001,WLF,FRA,611490
2369772,246,77,7733,2015,63728.0,184343.0,0.24944699999999997,1.7573159999999999,ZAF,FRA,611490
2369773,249,77,7733,2015,67073.0,1823690.0,1.962832,1.214982,TWN,FRA,611490
2369774,250,77,7733,2015,1078872.0,0.0,0.377283,-0.092204,ANS,FRA,611490
2369775,2,81,7733,2015,0.0,2415.0,-1.6542,-1.2598989999999999,AGO,GBR,611490
2369776,5,81,7733,2015,29039.0,44621.0,0.850153,0.383793,AND,GBR,611490
2369777,7,81,7733,2015,11636.0,84318.0,0.21779600000000002,-0.0047420000000000006,ARE,GBR,611490
2369778,14,81,7733,2015,97651.0,562252.0,-0.292325,-0.043489,AUS,GBR,611490
2369779,15,81,7733,2015,63525.0,94089.0,1.747098,-0.08026699999999999,AUT,GBR,611490
2369780,16,81,7733,2015,0.0,162311.0,-0.983347,-1.231542,AZE,GBR,611490
2369781,18,81,7733,2015,289355.0,821203.0,1.329866,1.100641,BEL,GBR,611490
2369782,21,81,7733,2015,0.0,2202.0,-1.085359,-1.034365,BFA,GBR,611490
2369783,22,81,7733,2015,170112.0,1574.0,-1.088465,-0.8745360000000001,BGD,GBR,611490
2369784,23,81,7733,2015,290257.0,3428.0,0.45640699999999995,1.691455,BGR,GBR,611490
2369785,24,81,7733,2015,0.0,15695.0,0.36650900000000003,-0.28735,BHR,GBR,611490
2369786,30,81,7733,2015,0.0,115426.0,0.974592,-0.636426,BMU,GBR,611490
2369787,31,81,7733,2015,0.0,1607.0,-1.051562,-1.067714,BOL,GBR,611490
2369788,32,81,7733,2015,1579.0,4324.0,0.23656799999999997,0.688607,BRA,GBR,611490
2369789,34,81,7733,2015,0.0,45116.0,1.093564,-0.679211,BRN,GBR,611490
2369790,37,81,7733,2015,0.0,1127.0,-0.14164200000000002,-1.0372059999999999,BWA,GBR,611490
2369791,39,81,7733,2015,186432.0,80318.0,0.695867,1.171676,CAN,GBR,611490
2369792,41,81,7733,2015,202370.0,1317560.0,2.306075,0.720781,CHE,GBR,611490
2369793,42,81,7733,2015,2617.0,5952.0,-0.356167,-0.47629399999999994,CHL,GBR,611490
2369794,43,81,7733,2015,2761814.0,7530.0,1.077143,1.735757,CHN,GBR,611490
2369795,44,81,7733,2015,0.0,1341.0,-0.856142,-0.905292,CIV,GBR,611490
2369796,45,81,7733,2015,0.0,7069.0,-0.924366,-1.040721,CMR,GBR,611490
2369797,49,81,7733,2015,1075.0,0.0,0.156383,-0.183055,COL,GBR,611490
2369798,58,81,7733,2015,8132.0,7232.0,0.511225,-0.207261,CYP,GBR,611490
2369799,59,81,7733,2015,11216.0,39902.0,1.743012,0.45424,CZE,GBR,611490
2369800,61,81,7733,2015,268651.0,1132719.0,2.203818,-2.307561,DEU,GBR,611490
2369801,64,81,7733,2015,66108.0,132836.0,1.157924,1.2045629999999998,DNK,GBR,611490
2369802,65,81,7733,2015,4488.0,0.0,-0.212808,0.395873,DOM,GBR,611490
2369803,66,81,7733,2015,0.0,1835088.0,-1.54346,-1.255633,DZA,GBR,611490
2369804,71,81,7733,2015,610121.0,277798.0,0.8173590000000001,2.442556,ESP,GBR,611490
2369805,72,81,7733,2015,1264.0,2823.0,0.9281149999999999,1.1780389999999998,EST,GBR,611490
2369806,74,81,7733,2015,1836.0,31174.0,1.597817,0.998059,FIN,GBR,611490
2369807,76,81,7733,2015,0.0,86363.0,0.268838,-0.829983,FLK,GBR,611490
2369808,77,81,7733,2015,801543.0,360294.0,1.479792,0.6490239999999999,FRA,GBR,611490
2369809,82,81,7733,2015,0.0,23064.0,-0.343663,-0.588017,GEO,GBR,611490
2369810,83,81,7733,2015,0.0,1401.0,-0.750568,-0.690257,GHA,GBR,611490
2369811,84,81,7733,2015,0.0,53343.0,0.535143,-0.750155,GIB,GBR,611490
2369812,87,81,7733,2015,0.0,1196.0,-0.984775,-0.877886,GMB,GBR,611490
2369813,90,81,7733,2015,375749.0,25870.0,0.099027,1.012289,GRC,GBR,611490
2369814,97,81,7733,2015,459525.0,266637.0,0.8255290000000001,1.8017279999999998,HKG,GBR,611490
2369815,99,81,7733,2015,3810.0,0.0,-0.578635,-0.292053,HND,GBR,611490
2369816,100,81,7733,2015,1165.0,7090.0,0.7590140000000001,1.257415,HRV,GBR,611490
2369817,101,81,7733,2015,1837.0,0.0,-1.288246,-1.018979,HTI,GBR,611490
2369818,102,81,7733,2015,2220.0,76028.0,1.462839,0.803258,HUN,GBR,611490
2369819,103,81,7733,2015,57151.0,0.0,-0.145103,1.277362,IDN,GBR,611490
2369820,104,81,7733,2015,16167838.0,23537.0,0.24230900000000002,2.8190880000000003,IND,GBR,611490
2369821,106,81,7733,2015,526712.0,760532.0,1.304942,0.126431,IRL,GBR,611490
2369822,107,81,7733,2015,0.0,1425.0,-0.258946,-0.0073420000000000004,IRN,GBR,611490
2369823,109,81,7733,2015,0.0,11146.0,0.24527600000000002,-0.411616,ISL,GBR,611490
2369824,110,81,7733,2015,71277.0,3507.0,1.260071,0.545545,ISR,GBR,611490
2369825,111,81,7733,2015,5320526.0,1148336.0,1.321127,0.747046,ITA,GBR,611490
2369826,112,81,7733,2015,0.0,30204.0,-0.438267,-0.828097,JAM,GBR,611490
2369827,113,81,7733,2015,488358.0,2544872.0,0.121172,0.457301,JOR,GBR,611490
2369828,114,81,7733,2015,168271.0,72106.0,2.516133,-0.484202,JPN,GBR,611490
2369829,115,81,7733,2015,0.0,2840.0,-0.45091499999999995,-0.652026,KAZ,GBR,611490
2369830,116,81,7733,2015,0.0,20737.0,-0.453564,0.433325,KEN,GBR,611490
2369831,118,81,7733,2015,30708.0,0.0,-0.791985,-0.833046,KHM,GBR,611490
2369832,120,81,7733,2015,0.0,5266.0,0.8252430000000001,-0.436662,KNA,GBR,611490
2369833,121,81,7733,2015,22496.0,11868.0,1.900653,0.859406,KOR,GBR,611490
2369834,122,81,7733,2015,0.0,14001.0,-0.352023,-1.153057,KWT,GBR,611490
2369835,123,81,7733,2015,3116.0,0.0,-0.927524,-0.74525,LAO,GBR,611490
2369836,128,81,7733,2015,182355.0,0.0,-0.6773399999999999,0.386343,LKA,GBR,611490
2369837,130,81,7733,2015,140818.0,3849.0,0.749429,1.3659860000000001,LTU,GBR,611490
2369838,131,81,7733,2015,2735.0,6644.0,1.218924,1.247152,LUX,GBR,611490
2369839,132,81,7733,2015,0.0,3453.0,0.602209,1.125357,LVA,GBR,611490
2369840,133,81,7733,2015,0.0,1668.0,0.296288,0.32009499999999996,MAC,GBR,611490
2369841,134,81,7733,2015,26756.0,0.0,-0.7554810000000001,-0.059697,MAR,GBR,611490
2369842,137,81,7733,2015,0.0,5255.0,-0.321571,-0.858751,MDV,GBR,611490
2369843,138,81,7733,2015,6880.0,7918.0,1.169724,0.61457,MEX,GBR,611490
2369844,142,81,7733,2015,43477.0,46337.0,0.880893,-0.117585,MLT,GBR,611490
2369845,143,81,7733,2015,984748.0,0.0,-1.4596120000000001,-0.903904,MMR,GBR,611490
2369846,145,81,7733,2015,590.0,0.0,-1.244368,-1.196677,MNG,GBR,611490
2369847,151,81,7733,2015,24256.0,0.0,-0.231762,-0.195051,MUS,GBR,611490
2369848,152,81,7733,2015,0.0,4320.0,-0.549862,-0.8753190000000001,MWI,GBR,611490
2369849,153,81,7733,2015,2442239.0,37630.0,1.082803,0.811615,MYS,GBR,611490
2369850,159,81,7733,2015,0.0,10329.0,-1.415451,-1.157829,NGA,GBR,611490
2369851,162,81,7733,2015,206503.0,200469.0,1.230104,1.27344,NLD,GBR,611490
2369852,163,81,7733,2015,24589.0,117430.0,0.950708,0.314339,NOR,GBR,611490
2369853,164,81,7733,2015,45906.0,0.0,-0.290416,0.456716,NPL,GBR,611490
2369854,166,81,7733,2015,11149.0,2665.0,0.224598,0.253179,NZL,GBR,611490
2369855,168,81,7733,2015,653227.0,1879.0,-0.7059979999999999,0.73501,PAK,GBR,611490
2369856,173,81,7733,2015,15071.0,1241.0,-0.6007819999999999,0.32152800000000004,PER,GBR,611490
2369857,174,81,7733,2015,5917.0,0.0,0.6406270000000001,0.45770200000000005,PHL,GBR,611490
2369858,177,81,7733,2015,7214.0,41577.0,1.145844,1.1449280000000002,POL,GBR,611490
2369859,179,81,7733,2015,173604.0,19964.0,0.561922,2.2276380000000002,PRT,GBR,611490
2369860,183,81,7733,2015,0.0,22322.0,-0.077053,-0.9922719999999999,QAT,GBR,611490
2369861,185,81,7733,2015,36706.0,15255.0,0.946363,1.056775,ROU,GBR,611490
2369862,186,81,7733,2015,0.0,97686.0,0.23119,0.035965,RUS,GBR,611490
2369863,188,81,7733,2015,28576.0,11391.0,0.5552520000000001,-0.7263229999999999,SAU,GBR,611490
2369864,192,81,7733,2015,22435.0,48540.0,2.05613,0.593065,SGP,GBR,611490
2369865,197,81,7733,2015,988.0,0.0,0.05531900000000001,0.169073,SLV,GBR,611490
2369866,201,81,7733,2015,0.0,10009.0,0.457042,1.324908,SRB,GBR,611490
2369867,206,81,7733,2015,6722.0,8569.0,1.287133,0.7900560000000001,SVK,GBR,611490
2369868,207,81,7733,2015,6704.0,15163.0,1.6089879999999999,0.833616,SVN,GBR,611490
2369869,208,81,7733,2015,9096.0,119649.0,1.8068349999999997,0.693389,SWE,GBR,611490
2369870,211,81,7733,2015,0.0,21694.0,1.017467,-0.285569,SYC,GBR,611490
2369871,216,81,7733,2015,83692.0,2371.0,0.965888,1.368572,THA,GBR,611490
2369872,223,81,7733,2015,15813.0,0.0,0.140202,0.967591,TUN,GBR,611490
2369873,224,81,7733,2015,297590.0,173325.0,0.438669,2.519632,TUR,GBR,611490
2369874,228,81,7733,2015,0.0,5968.0,0.429879,0.701813,UKR,GBR,611490
2369875,231,81,7733,2015,283340.0,423310.0,1.720478,-0.129322,USA,GBR,611490
2369876,239,81,7733,2015,304223.0,32356.0,-0.17108900000000002,1.10995,VNM,GBR,611490
2369877,246,81,7733,2015,74299.0,2616.0,0.24944699999999997,1.7573159999999999,ZAF,GBR,611490
2369878,247,81,7733,2015,1563.0,33657.0,-0.44792,-0.769586,ZMB,GBR,611490
2369879,249,81,7733,2015,151648.0,63406.0,1.962832,1.214982,TWN,GBR,611490
2369880,15,93,7733,2015,3732.0,0.0,1.747098,-0.08026699999999999,AUT,GTM,611490
2369881,39,93,7733,2015,0.0,29901.0,0.695867,1.171676,CAN,GTM,611490
2369882,43,93,7733,2015,5746.0,0.0,1.077143,1.735757,CHN,GTM,611490
2369883,49,93,7733,2015,11888.0,0.0,0.156383,-0.183055,COL,GTM,611490
2369884,71,93,7733,2015,17552.0,0.0,0.8173590000000001,2.442556,ESP,GTM,611490
2369885,77,93,7733,2015,0.0,2424.0,1.479792,0.6490239999999999,FRA,GTM,611490
2369886,99,93,7733,2015,0.0,1558.0,-0.578635,-0.292053,HND,GTM,611490
2369887,104,93,7733,2015,2828.0,0.0,0.24230900000000002,2.8190880000000003,IND,GTM,611490
2369888,121,93,7733,2015,0.0,1459.0,1.900653,0.859406,KOR,GTM,611490
2369889,138,93,7733,2015,6214.0,0.0,1.169724,0.61457,MEX,GTM,611490
2369890,169,93,7733,2015,2565.0,0.0,0.642058,0.833392,PAN,GTM,611490
2369891,173,93,7733,2015,1507.0,2324.0,-0.6007819999999999,0.32152800000000004,PER,GTM,611490
2369892,197,93,7733,2015,0.0,5565.0,0.05531900000000001,0.169073,SLV,GTM,611490
2369893,216,93,7733,2015,0.0,2815.0,0.965888,1.368572,THA,GTM,611490
2369894,231,93,7733,2015,17513.0,4963.0,1.720478,-0.129322,USA,GTM,611490
2369895,239,93,7733,2015,1408.0,0.0,-0.17108900000000002,1.10995,VNM,GTM,611490
2369896,7,97,7733,2015,0.0,23041.0,0.21779600000000002,-0.0047420000000000006,ARE,HKG,611490
2369897,14,97,7733,2015,262011.0,277949.0,-0.292325,-0.043489,AUS,HKG,611490
2369898,15,97,7733,2015,8053.0,16526.0,1.747098,-0.08026699999999999,AUT,HKG,611490
2369899,18,97,7733,2015,6810.0,24929.0,1.329866,1.100641,BEL,HKG,611490
2369900,19,97,7733,2015,0.0,6085.0,-0.5641470000000001,-0.8971020000000001,BEN,HKG,611490
2369901,21,97,7733,2015,0.0,2342.0,-1.085359,-1.034365,BFA,HKG,611490
2369902,22,97,7733,2015,0.0,63020.0,-1.088465,-0.8745360000000001,BGD,HKG,611490
2369903,24,97,7733,2015,0.0,2239.0,0.36650900000000003,-0.28735,BHR,HKG,611490
2369904,31,97,7733,2015,0.0,3093.0,-1.051562,-1.067714,BOL,HKG,611490
2369905,39,97,7733,2015,1742.0,11221.0,0.695867,1.171676,CAN,HKG,611490
2369906,41,97,7733,2015,32002.0,34046.0,2.306075,0.720781,CHE,HKG,611490
2369907,42,97,7733,2015,0.0,154100.0,-0.356167,-0.47629399999999994,CHL,HKG,611490
2369908,43,97,7733,2015,576410.0,255315.0,1.077143,1.735757,CHN,HKG,611490
2369909,44,97,7733,2015,0.0,2394.0,-0.856142,-0.905292,CIV,HKG,611490
2369910,59,97,7733,2015,0.0,1401.0,1.743012,0.45424,CZE,HKG,611490
2369911,61,97,7733,2015,31016.0,8311.0,2.203818,-2.307561,DEU,HKG,611490
2369912,64,97,7733,2015,23763.0,26483.0,1.157924,1.2045629999999998,DNK,HKG,611490
2369913,71,97,7733,2015,16764.0,21545.0,0.8173590000000001,2.442556,ESP,HKG,611490
2369914,74,97,7733,2015,10611.0,0.0,1.597817,0.998059,FIN,HKG,611490
2369915,75,97,7733,2015,0.0,53100.0,-0.481968,-0.201468,FJI,HKG,611490
2369916,77,97,7733,2015,46784900.0,493788.0,1.479792,0.6490239999999999,FRA,HKG,611490
2369917,81,97,7733,2015,266637.0,459525.0,1.7422990000000003,0.75838,GBR,HKG,611490
2369918,103,97,7733,2015,24053.0,468088.0,-0.145103,1.277362,IDN,HKG,611490
2369919,104,97,7733,2015,599889.0,0.0,0.24230900000000002,2.8190880000000003,IND,HKG,611490
2369920,106,97,7733,2015,4523.0,6295.0,1.304942,0.126431,IRL,HKG,611490
2369921,109,97,7733,2015,0.0,772.0,0.24527600000000002,-0.411616,ISL,HKG,611490
2369922,110,97,7733,2015,7878.0,157248.0,1.260071,0.545545,ISR,HKG,611490
2369923,111,97,7733,2015,105302696.0,22707.0,1.321127,0.747046,ITA,HKG,611490
2369924,113,97,7733,2015,38710.0,10706.0,0.121172,0.457301,JOR,HKG,611490
2369925,114,97,7733,2015,20613.0,9484.0,2.516133,-0.484202,JPN,HKG,611490
2369926,121,97,7733,2015,1410517.0,140285.0,1.900653,0.859406,KOR,HKG,611490
2369927,122,97,7733,2015,0.0,3360.0,-0.352023,-1.153057,KWT,HKG,611490
2369928,128,97,7733,2015,3559.0,0.0,-0.6773399999999999,0.386343,LKA,HKG,611490
2369929,133,97,7733,2015,11219.0,37078.0,0.296288,0.32009499999999996,MAC,HKG,611490
2369930,138,97,7733,2015,0.0,3348.0,1.169724,0.61457,MEX,HKG,611490
2369931,143,97,7733,2015,44248.0,0.0,-1.4596120000000001,-0.903904,MMR,HKG,611490
2369932,153,97,7733,2015,287190.0,6140280.0,1.082803,0.811615,MYS,HKG,611490
2369933,156,97,7733,2015,0.0,7505.0,-0.727911,-0.844562,NCL,HKG,611490
2369934,159,97,7733,2015,0.0,14020.0,-1.415451,-1.157829,NGA,HKG,611490
2369935,162,97,7733,2015,168268.0,152638.0,1.230104,1.27344,NLD,HKG,611490
2369936,163,97,7733,2015,4838.0,36469.0,0.950708,0.314339,NOR,HKG,611490
2369937,166,97,7733,2015,1108.0,0.0,0.224598,0.253179,NZL,HKG,611490
2369938,168,97,7733,2015,2039.0,7757.0,-0.7059979999999999,0.73501,PAK,HKG,611490
2369939,169,97,7733,2015,0.0,1051.0,0.642058,0.833392,PAN,HKG,611490
2369940,174,97,7733,2015,1159.0,390341.0,0.6406270000000001,0.45770200000000005,PHL,HKG,611490
2369941,177,97,7733,2015,21424.0,921.0,1.145844,1.1449280000000002,POL,HKG,611490
2369942,185,97,7733,2015,47412.0,0.0,0.946363,1.056775,ROU,HKG,611490
2369943,188,97,7733,2015,0.0,14459.0,0.5552520000000001,-0.7263229999999999,SAU,HKG,611490
2369944,191,97,7733,2015,0.0,2718.0,-0.708349,-0.296663,SEN,HKG,611490
2369945,192,97,7733,2015,1019124.0,5615880.0,2.05613,0.593065,SGP,HKG,611490
2369946,206,97,7733,2015,0.0,2525.0,1.287133,0.7900560000000001,SVK,HKG,611490
2369947,208,97,7733,2015,0.0,49078.0,1.8068349999999997,0.693389,SWE,HKG,611490
2369948,211,97,7733,2015,0.0,988.0,1.017467,-0.285569,SYC,HKG,611490
2369949,216,97,7733,2015,28798.0,9953.0,0.965888,1.368572,THA,HKG,611490
2369950,223,97,7733,2015,6173.0,0.0,0.140202,0.967591,TUN,HKG,611490
2369951,227,97,7733,2015,0.0,9880.0,-0.611023,0.078961,UGA,HKG,611490
2369952,230,97,7733,2015,0.0,2492.0,0.273876,-0.363695,URY,HKG,611490
2369953,231,97,7733,2015,31354.0,120739.0,1.720478,-0.129322,USA,HKG,611490
2369954,239,97,7733,2015,1218100.0,701.0,-0.17108900000000002,1.10995,VNM,HKG,611490
2369955,246,97,7733,2015,0.0,96464.0,0.24944699999999997,1.7573159999999999,ZAF,HKG,611490
2369956,249,97,7733,2015,191098.0,9381.0,1.962832,1.214982,TWN,HKG,611490
2369957,39,99,7733,2015,0.0,10622.0,0.695867,1.171676,CAN,HND,611490
2369958,42,99,7733,2015,0.0,1037.0,-0.356167,-0.47629399999999994,CHL,HND,611490
2369959,43,99,7733,2015,2154.0,0.0,1.077143,1.735757,CHN,HND,611490
2369960,71,99,7733,2015,2020.0,2226.0,0.8173590000000001,2.442556,ESP,HND,611490
2369961,77,99,7733,2015,0.0,8622.0,1.479792,0.6490239999999999,FRA,HND,611490
2369962,81,99,7733,2015,0.0,3810.0,1.7422990000000003,0.75838,GBR,HND,611490
2369963,93,99,7733,2015,1558.0,0.0,-0.284403,0.525564,GTM,HND,611490
2369964,111,99,7733,2015,25337.0,0.0,1.321127,0.747046,ITA,HND,611490
2369965,121,99,7733,2015,0.0,15071.0,1.900653,0.859406,KOR,HND,611490
2369966,138,99,7733,2015,1596.0,0.0,1.169724,0.61457,MEX,HND,611490
2369967,163,99,7733,2015,2179.0,0.0,0.950708,0.314339,NOR,HND,611490
2369968,173,99,7733,2015,0.0,3176.0,-0.6007819999999999,0.32152800000000004,PER,HND,611490
2369969,192,99,7733,2015,0.0,951.0,2.05613,0.593065,SGP,HND,611490
2369970,231,99,7733,2015,49276.0,10754.0,1.720478,-0.129322,USA,HND,611490
2369971,239,99,7733,2015,1384.0,0.0,-0.17108900000000002,1.10995,VNM,HND,611490
2369972,7,102,7733,2015,0.0,14394.0,0.21779600000000002,-0.0047420000000000006,ARE,HUN,611490
2369973,14,102,7733,2015,0.0,7989.0,-0.292325,-0.043489,AUS,HUN,611490
2369974,15,102,7733,2015,46692.0,3625.0,1.747098,-0.08026699999999999,AUT,HUN,611490
2369975,18,102,7733,2015,68596.0,0.0,1.329866,1.100641,BEL,HUN,611490
2369976,24,102,7733,2015,0.0,4283.0,0.36650900000000003,-0.28735,BHR,HUN,611490
2369977,39,102,7733,2015,0.0,1669.0,0.695867,1.171676,CAN,HUN,611490
2369978,41,102,7733,2015,5528.0,35630.0,2.306075,0.720781,CHE,HUN,611490
2369979,43,102,7733,2015,1453.0,0.0,1.077143,1.735757,CHN,HUN,611490
2369980,59,102,7733,2015,9247.0,1736.0,1.743012,0.45424,CZE,HUN,611490
2369981,61,102,7733,2015,7355.0,9313.0,2.203818,-2.307561,DEU,HUN,611490
2369982,64,102,7733,2015,5905.0,16660.0,1.157924,1.2045629999999998,DNK,HUN,611490
2369983,71,102,7733,2015,6976.0,0.0,0.8173590000000001,2.442556,ESP,HUN,611490
2369984,77,102,7733,2015,0.0,62435.0,1.479792,0.6490239999999999,FRA,HUN,611490
2369985,81,102,7733,2015,76028.0,2220.0,1.7422990000000003,0.75838,GBR,HUN,611490
2369986,82,102,7733,2015,0.0,2455.0,-0.343663,-0.588017,GEO,HUN,611490
2369987,103,102,7733,2015,0.0,701.0,-0.145103,1.277362,IDN,HUN,611490
2369988,104,102,7733,2015,51237.0,0.0,0.24230900000000002,2.8190880000000003,IND,HUN,611490
2369989,110,102,7733,2015,160522.0,4841.0,1.260071,0.545545,ISR,HUN,611490
2369990,111,102,7733,2015,33383.0,50172.0,1.321127,0.747046,ITA,HUN,611490
2369991,113,102,7733,2015,0.0,93930.0,0.121172,0.457301,JOR,HUN,611490
2369992,121,102,7733,2015,0.0,4038.0,1.900653,0.859406,KOR,HUN,611490
2369993,131,102,7733,2015,0.0,1625.0,1.218924,1.247152,LUX,HUN,611490
2369994,162,102,7733,2015,0.0,1844.0,1.230104,1.27344,NLD,HUN,611490
2369995,163,102,7733,2015,0.0,22939.0,0.950708,0.314339,NOR,HUN,611490
2369996,177,102,7733,2015,3460.0,1229.0,1.145844,1.1449280000000002,POL,HUN,611490
2369997,185,102,7733,2015,6867.0,2010.0,0.946363,1.056775,ROU,HUN,611490
2369998,192,102,7733,2015,0.0,2632.0,2.05613,0.593065,SGP,HUN,611490
