8509999,246,43,9292,2015,1681.0,1213013.0,0.24944699999999997,1.7573159999999999,ZAF,CHN,850590
8510000,247,43,9292,2015,0.0,15340.0,-0.44792,-0.769586,ZMB,CHN,850590
8510001,248,43,9292,2015,0.0,3354.0,-0.838017,-0.9400270000000001,ZWE,CHN,850590
8510002,249,43,9292,2015,10989683.0,6240080.0,1.962832,1.214982,TWN,CHN,850590
8510003,250,43,9292,2015,29240.0,0.0,0.377283,-0.092204,ANS,CHN,850590
8510004,18,44,9292,2015,2000.0,0.0,1.329866,1.100641,BEL,CIV,850590
8510005,32,44,9292,2015,1014.0,0.0,0.23656799999999997,0.688607,BRA,CIV,850590
8510006,41,44,9292,2015,5698.0,0.0,2.306075,0.720781,CHE,CIV,850590
8510007,43,44,9292,2015,3247.0,0.0,1.077143,1.735757,CHN,CIV,850590
8510008,61,44,9292,2015,11513.0,0.0,2.203818,-2.307561,DEU,CIV,850590
8510009,71,44,9292,2015,11376.0,0.0,0.8173590000000001,2.442556,ESP,CIV,850590
8510010,77,44,9292,2015,26969.0,0.0,1.479792,0.6490239999999999,FRA,CIV,850590
8510011,81,44,9292,2015,2795.0,0.0,1.7422990000000003,0.75838,GBR,CIV,850590
8510012,104,44,9292,2015,72014.0,0.0,0.24230900000000002,2.8190880000000003,IND,CIV,850590
8510013,111,44,9292,2015,7887.0,0.0,1.321127,0.747046,ITA,CIV,850590
8510014,114,44,9292,2015,838.0,0.0,2.516133,-0.484202,JPN,CIV,850590
8510015,162,44,9292,2015,1927.0,0.0,1.230104,1.27344,NLD,CIV,850590
8510016,179,44,9292,2015,6344.0,0.0,0.561922,2.2276380000000002,PRT,CIV,850590
8510017,231,44,9292,2015,7931.0,0.0,1.720478,-0.129322,USA,CIV,850590
8510018,246,44,9292,2015,44498.0,0.0,0.24944699999999997,1.7573159999999999,ZAF,CIV,850590
8510019,250,44,9292,2015,37810.0,0.0,0.377283,-0.092204,ANS,CIV,850590
8510020,8,49,9292,2015,2519.0,0.0,0.116896,0.30330999999999997,ARG,COL,850590
8510021,18,49,9292,2015,1295.0,0.0,1.329866,1.100641,BEL,COL,850590
8510022,32,49,9292,2015,33678.0,2516.0,0.23656799999999997,0.688607,BRA,COL,850590
8510023,39,49,9292,2015,3773.0,0.0,0.695867,1.171676,CAN,COL,850590
8510024,41,49,9292,2015,12016.0,0.0,2.306075,0.720781,CHE,COL,850590
8510025,43,49,9292,2015,76139.0,0.0,1.077143,1.735757,CHN,COL,850590
8510026,59,49,9292,2015,3405.0,0.0,1.743012,0.45424,CZE,COL,850590
8510027,61,49,9292,2015,386971.0,0.0,2.203818,-2.307561,DEU,COL,850590
8510028,64,49,9292,2015,159494.0,0.0,1.157924,1.2045629999999998,DNK,COL,850590
8510029,67,49,9292,2015,0.0,6226.0,-0.9845959999999999,-1.075639,ECU,COL,850590
8510030,71,49,9292,2015,175078.0,0.0,0.8173590000000001,2.442556,ESP,COL,850590
8510031,74,49,9292,2015,1467.0,0.0,1.597817,0.998059,FIN,COL,850590
8510032,77,49,9292,2015,8359.0,0.0,1.479792,0.6490239999999999,FRA,COL,850590
8510033,81,49,9292,2015,12143.0,0.0,1.7422990000000003,0.75838,GBR,COL,850590
8510034,93,49,9292,2015,0.0,16218.0,-0.284403,0.525564,GTM,COL,850590
8510035,99,49,9292,2015,0.0,6790.0,-0.578635,-0.292053,HND,COL,850590
8510036,104,49,9292,2015,3263.0,0.0,0.24230900000000002,2.8190880000000003,IND,COL,850590
8510037,111,49,9292,2015,8873.0,0.0,1.321127,0.747046,ITA,COL,850590
8510038,114,49,9292,2015,2593.0,0.0,2.516133,-0.484202,JPN,COL,850590
8510039,121,49,9292,2015,4247.0,0.0,1.900653,0.859406,KOR,COL,850590
8510040,138,49,9292,2015,106779.0,0.0,1.169724,0.61457,MEX,COL,850590
8510041,162,49,9292,2015,1928.0,0.0,1.230104,1.27344,NLD,COL,850590
8510042,169,49,9292,2015,26754.0,0.0,0.642058,0.833392,PAN,COL,850590
8510043,177,49,9292,2015,15701.0,0.0,1.145844,1.1449280000000002,POL,COL,850590
8510044,207,49,9292,2015,3103.0,0.0,1.6089879999999999,0.833616,SVN,COL,850590
8510045,208,49,9292,2015,1212.0,4352.0,1.8068349999999997,0.693389,SWE,COL,850590
8510046,231,49,9292,2015,956140.0,3251.0,1.720478,-0.129322,USA,COL,850590
8510047,239,49,9292,2015,9745.0,0.0,-0.17108900000000002,1.10995,VNM,COL,850590
8510048,249,49,9292,2015,91372.0,0.0,1.962832,1.214982,TWN,COL,850590
8510049,250,49,9292,2015,5367.0,0.0,0.377283,-0.092204,ANS,COL,850590
8510050,18,52,9292,2015,2087.0,0.0,1.329866,1.100641,BEL,CRI,850590
8510051,32,52,9292,2015,2178.0,0.0,0.23656799999999997,0.688607,BRA,CRI,850590
8510052,41,52,9292,2015,2233.0,0.0,2.306075,0.720781,CHE,CRI,850590
8510053,43,52,9292,2015,72443.0,0.0,1.077143,1.735757,CHN,CRI,850590
8510054,59,52,9292,2015,969.0,0.0,1.743012,0.45424,CZE,CRI,850590
8510055,61,52,9292,2015,74769.0,0.0,2.203818,-2.307561,DEU,CRI,850590
8510056,65,52,9292,2015,0.0,1545.0,-0.212808,0.395873,DOM,CRI,850590
8510057,71,52,9292,2015,2506.0,0.0,0.8173590000000001,2.442556,ESP,CRI,850590
8510058,77,52,9292,2015,2118.0,0.0,1.479792,0.6490239999999999,FRA,CRI,850590
8510059,81,52,9292,2015,3861.0,0.0,1.7422990000000003,0.75838,GBR,CRI,850590
8510060,93,52,9292,2015,0.0,27824.0,-0.284403,0.525564,GTM,CRI,850590
8510061,99,52,9292,2015,0.0,2873.0,-0.578635,-0.292053,HND,CRI,850590
8510062,110,52,9292,2015,1882.0,0.0,1.260071,0.545545,ISR,CRI,850590
8510063,111,52,9292,2015,1768.0,0.0,1.321127,0.747046,ITA,CRI,850590
8510064,121,52,9292,2015,1530.0,0.0,1.900653,0.859406,KOR,CRI,850590
8510065,138,52,9292,2015,39435.0,0.0,1.169724,0.61457,MEX,CRI,850590
8510066,153,52,9292,2015,0.0,1539.0,1.082803,0.811615,MYS,CRI,850590
8510067,160,52,9292,2015,0.0,20235.0,-1.102989,-0.952276,NIC,CRI,850590
8510068,162,52,9292,2015,7213.0,0.0,1.230104,1.27344,NLD,CRI,850590
8510069,169,52,9292,2015,1464.0,0.0,0.642058,0.833392,PAN,CRI,850590
8510070,173,52,9292,2015,1485.0,0.0,-0.6007819999999999,0.32152800000000004,PER,CRI,850590
8510071,231,52,9292,2015,123646.0,1202.0,1.720478,-0.129322,USA,CRI,850590
8510072,249,52,9292,2015,6336.0,0.0,1.962832,1.214982,TWN,CRI,850590
8510073,250,52,9292,2015,9140.0,0.0,0.377283,-0.092204,ANS,CRI,850590
8510074,61,55,9292,2015,13683.0,0.0,2.203818,-2.307561,DEU,CUW,850590
8510075,162,55,9292,2015,2891.0,0.0,1.230104,1.27344,NLD,CUW,850590
8510076,231,55,9292,2015,8387.0,0.0,1.720478,-0.129322,USA,CUW,850590
8510077,7,59,9292,2015,0.0,64845.0,0.21779600000000002,-0.0047420000000000006,ARE,CZE,850590
8510078,8,59,9292,2015,0.0,5563.0,0.116896,0.30330999999999997,ARG,CZE,850590
8510079,14,59,9292,2015,0.0,26914.0,-0.292325,-0.043489,AUS,CZE,850590
8510080,15,59,9292,2015,1387299.0,2119246.0,1.747098,-0.08026699999999999,AUT,CZE,850590
8510081,16,59,9292,2015,0.0,104120.0,-0.983347,-1.231542,AZE,CZE,850590
8510082,18,59,9292,2015,51770.0,163943.0,1.329866,1.100641,BEL,CZE,850590
8510083,22,59,9292,2015,0.0,10473.0,-1.088465,-0.8745360000000001,BGD,CZE,850590
8510084,23,59,9292,2015,41218.0,34762.0,0.45640699999999995,1.691455,BGR,CZE,850590
8510085,28,59,9292,2015,0.0,14815.0,0.672499,0.5584020000000001,BLR,CZE,850590
8510086,32,59,9292,2015,120455.0,19563.0,0.23656799999999997,0.688607,BRA,CZE,850590
8510087,39,59,9292,2015,0.0,47073.0,0.695867,1.171676,CAN,CZE,850590
8510088,41,59,9292,2015,660914.0,184954.0,2.306075,0.720781,CHE,CZE,850590
8510089,42,59,9292,2015,0.0,2948.0,-0.356167,-0.47629399999999994,CHL,CZE,850590
8510090,43,59,9292,2015,2405132.0,927559.0,1.077143,1.735757,CHN,CZE,850590
8510091,49,59,9292,2015,0.0,3405.0,0.156383,-0.183055,COL,CZE,850590
8510092,52,59,9292,2015,0.0,969.0,0.24859699999999998,-0.033143,CRI,CZE,850590
8510093,61,59,9292,2015,18968410.0,21027756.0,2.203818,-2.307561,DEU,CZE,850590
8510094,64,59,9292,2015,347153.0,21100.0,1.157924,1.2045629999999998,DNK,CZE,850590
8510095,66,59,9292,2015,0.0,1197.0,-1.54346,-1.255633,DZA,CZE,850590
8510096,68,59,9292,2015,0.0,6468.0,-0.183053,1.765036,EGY,CZE,850590
8510097,71,59,9292,2015,74806.0,39521.0,0.8173590000000001,2.442556,ESP,CZE,850590
8510098,72,59,9292,2015,0.0,20621.0,0.9281149999999999,1.1780389999999998,EST,CZE,850590
8510099,74,59,9292,2015,999.0,39538.0,1.597817,0.998059,FIN,CZE,850590
8510100,77,59,9292,2015,910203.0,331797.0,1.479792,0.6490239999999999,FRA,CZE,850590
8510101,80,59,9292,2015,0.0,1604.0,-1.384351,-1.209873,GAB,CZE,850590
8510102,81,59,9292,2015,753328.0,395039.0,1.7422990000000003,0.75838,GBR,CZE,850590
8510103,90,59,9292,2015,0.0,6498.0,0.099027,1.012289,GRC,CZE,850590
8510104,97,59,9292,2015,53988.0,29561.0,0.8255290000000001,1.8017279999999998,HKG,CZE,850590
8510105,100,59,9292,2015,0.0,17578.0,0.7590140000000001,1.257415,HRV,CZE,850590
8510106,102,59,9292,2015,19030.0,1211003.0,1.462839,0.803258,HUN,CZE,850590
8510107,104,59,9292,2015,5996.0,111675.0,0.24230900000000002,2.8190880000000003,IND,CZE,850590
8510108,106,59,9292,2015,2079.0,17994.0,1.304942,0.126431,IRL,CZE,850590
8510109,109,59,9292,2015,0.0,1049.0,0.24527600000000002,-0.411616,ISL,CZE,850590
8510110,110,59,9292,2015,4678.0,4123.0,1.260071,0.545545,ISR,CZE,850590
8510111,111,59,9292,2015,1643996.0,1678747.0,1.321127,0.747046,ITA,CZE,850590
8510112,113,59,9292,2015,0.0,926.0,0.121172,0.457301,JOR,CZE,850590
8510113,114,59,9292,2015,473924.0,65933.0,2.516133,-0.484202,JPN,CZE,850590
8510114,115,59,9292,2015,0.0,11937.0,-0.45091499999999995,-0.652026,KAZ,CZE,850590
8510115,117,59,9292,2015,0.0,841.0,0.02058,0.438692,KGZ,CZE,850590
8510116,121,59,9292,2015,4450.0,31542.0,1.900653,0.859406,KOR,CZE,850590
8510117,122,59,9292,2015,0.0,9868.0,-0.352023,-1.153057,KWT,CZE,850590
8510118,130,59,9292,2015,17892.0,9794.0,0.749429,1.3659860000000001,LTU,CZE,850590
8510119,131,59,9292,2015,0.0,2002.0,1.218924,1.247152,LUX,CZE,850590
8510120,132,59,9292,2015,0.0,8751.0,0.602209,1.125357,LVA,CZE,850590
8510121,134,59,9292,2015,0.0,6850.0,-0.7554810000000001,-0.059697,MAR,CZE,850590
8510122,137,59,9292,2015,0.0,1105.0,-0.321571,-0.858751,MDV,CZE,850590
8510123,138,59,9292,2015,140322.0,75420.0,1.169724,0.61457,MEX,CZE,850590
8510124,162,59,9292,2015,462666.0,276620.0,1.230104,1.27344,NLD,CZE,850590
8510125,163,59,9292,2015,0.0,9269.0,0.950708,0.314339,NOR,CZE,850590
8510126,166,59,9292,2015,8000.0,8360.0,0.224598,0.253179,NZL,CZE,850590
8510127,168,59,9292,2015,0.0,1309.0,-0.7059979999999999,0.73501,PAK,CZE,850590
8510128,173,59,9292,2015,0.0,816.0,-0.6007819999999999,0.32152800000000004,PER,CZE,850590
8510129,174,59,9292,2015,40492.0,996.0,0.6406270000000001,0.45770200000000005,PHL,CZE,850590
8510130,177,59,9292,2015,708540.0,537992.0,1.145844,1.1449280000000002,POL,CZE,850590
8510131,179,59,9292,2015,3334.0,33403.0,0.561922,2.2276380000000002,PRT,CZE,850590
8510132,183,59,9292,2015,0.0,8880.0,-0.077053,-0.9922719999999999,QAT,CZE,850590
8510133,185,59,9292,2015,65414.0,408557.0,0.946363,1.056775,ROU,CZE,850590
8510134,186,59,9292,2015,36156.0,103856.0,0.23119,0.035965,RUS,CZE,850590
8510135,188,59,9292,2015,0.0,1177.0,0.5552520000000001,-0.7263229999999999,SAU,CZE,850590
8510136,192,59,9292,2015,2314.0,30060.0,2.05613,0.593065,SGP,CZE,850590
8510137,197,59,9292,2015,0.0,2498.0,0.05531900000000001,0.169073,SLV,CZE,850590
8510138,201,59,9292,2015,0.0,204056.0,0.457042,1.324908,SRB,CZE,850590
8510139,206,59,9292,2015,272923.0,4792273.0,1.287133,0.7900560000000001,SVK,CZE,850590
8510140,207,59,9292,2015,91781.0,35430.0,1.6089879999999999,0.833616,SVN,CZE,850590
8510141,208,59,9292,2015,25717.0,87324.0,1.8068349999999997,0.693389,SWE,CZE,850590
8510142,216,59,9292,2015,4615377.0,158077.0,0.965888,1.368572,THA,CZE,850590
8510143,224,59,9292,2015,1629.0,75171.0,0.438669,2.519632,TUR,CZE,850590
8510144,228,59,9292,2015,1470.0,8054.0,0.429879,0.701813,UKR,CZE,850590
8510145,231,59,9292,2015,155044.0,1677872.0,1.720478,-0.129322,USA,CZE,850590
8510146,239,59,9292,2015,259285.0,0.0,-0.17108900000000002,1.10995,VNM,CZE,850590
8510147,246,59,9292,2015,0.0,5747.0,0.24944699999999997,1.7573159999999999,ZAF,CZE,850590
8510148,249,59,9292,2015,139443.0,6189.0,1.962832,1.214982,TWN,CZE,850590
8510149,250,59,9292,2015,188203.0,0.0,0.377283,-0.092204,ANS,CZE,850590
8510150,0,61,9292,2015,0.0,4216.0,0.8526809999999999,-0.043541,ABW,DEU,850590
8510151,2,61,9292,2015,0.0,11292.0,-1.6542,-1.2598989999999999,AGO,DEU,850590
8510152,4,61,9292,2015,0.0,7490.0,-0.601875,-0.27003,ALB,DEU,850590
8510153,7,61,9292,2015,31597.0,1576543.0,0.21779600000000002,-0.0047420000000000006,ARE,DEU,850590
8510154,8,61,9292,2015,0.0,388597.0,0.116896,0.30330999999999997,ARG,DEU,850590
8510155,9,61,9292,2015,0.0,3363.0,0.037579,-0.42448800000000003,ARM,DEU,850590
8510156,14,61,9292,2015,24022.0,2757615.0,-0.292325,-0.043489,AUS,DEU,850590
8510157,15,61,9292,2015,23084834.0,17317700.0,1.747098,-0.08026699999999999,AUT,DEU,850590
8510158,16,61,9292,2015,0.0,12952.0,-0.983347,-1.231542,AZE,DEU,850590
8510159,18,61,9292,2015,482854.0,15400786.0,1.329866,1.100641,BEL,DEU,850590
8510160,21,61,9292,2015,0.0,4353.0,-1.085359,-1.034365,BFA,DEU,850590
8510161,22,61,9292,2015,0.0,119161.0,-1.088465,-0.8745360000000001,BGD,DEU,850590
8510162,23,61,9292,2015,703218.0,378251.0,0.45640699999999995,1.691455,BGR,DEU,850590
8510163,24,61,9292,2015,1756.0,77584.0,0.36650900000000003,-0.28735,BHR,DEU,850590
8510164,25,61,9292,2015,0.0,104095.0,0.669493,-0.37838099999999997,BHS,DEU,850590
8510165,26,61,9292,2015,154730.0,46328.0,0.355903,0.723092,BIH,DEU,850590
8510166,28,61,9292,2015,0.0,85950.0,0.672499,0.5584020000000001,BLR,DEU,850590
8510167,31,61,9292,2015,0.0,17873.0,-1.051562,-1.067714,BOL,DEU,850590
8510168,32,61,9292,2015,755046.0,6674120.0,0.23656799999999997,0.688607,BRA,DEU,850590
8510169,34,61,9292,2015,0.0,1045.0,1.093564,-0.679211,BRN,DEU,850590
8510170,39,61,9292,2015,37499.0,1680394.0,0.695867,1.171676,CAN,DEU,850590
8510171,41,61,9292,2015,43388744.0,22738050.0,2.306075,0.720781,CHE,DEU,850590
8510172,42,61,9292,2015,3735.0,400188.0,-0.356167,-0.47629399999999994,CHL,DEU,850590
8510173,43,61,9292,2015,19255288.0,41082368.0,1.077143,1.735757,CHN,DEU,850590
8510174,44,61,9292,2015,0.0,11513.0,-0.856142,-0.905292,CIV,DEU,850590
8510175,45,61,9292,2015,0.0,16553.0,-0.924366,-1.040721,CMR,DEU,850590
8510176,46,61,9292,2015,0.0,867.0,-1.3921290000000002,-1.146549,COD,DEU,850590
8510177,47,61,9292,2015,0.0,1789.0,-1.294823,-1.18811,COG,DEU,850590
8510178,49,61,9292,2015,0.0,386971.0,0.156383,-0.183055,COL,DEU,850590
8510179,52,61,9292,2015,0.0,74769.0,0.24859699999999998,-0.033143,CRI,DEU,850590
8510180,54,61,9292,2015,0.0,6356.0,-0.694839,-1.093439,CUB,DEU,850590
8510181,55,61,9292,2015,0.0,13683.0,0.296267,-0.6313350000000001,CUW,DEU,850590
8510182,58,61,9292,2015,0.0,34747.0,0.511225,-0.207261,CYP,DEU,850590
8510183,59,61,9292,2015,21027756.0,18968410.0,1.743012,0.45424,CZE,DEU,850590
8510184,62,61,9292,2015,0.0,8100.0,-0.538942,-0.832522,DJI,DEU,850590
8510185,64,61,9292,2015,2812683.0,2310835.0,1.157924,1.2045629999999998,DNK,DEU,850590
8510186,65,61,9292,2015,0.0,11816.0,-0.212808,0.395873,DOM,DEU,850590
8510187,66,61,9292,2015,0.0,190229.0,-1.54346,-1.255633,DZA,DEU,850590
8510188,67,61,9292,2015,0.0,53455.0,-0.9845959999999999,-1.075639,ECU,DEU,850590
8510189,68,61,9292,2015,0.0,673207.0,-0.183053,1.765036,EGY,DEU,850590
8510190,71,61,9292,2015,362774.0,3978504.0,0.8173590000000001,2.442556,ESP,DEU,850590
8510191,72,61,9292,2015,10630.0,176573.0,0.9281149999999999,1.1780389999999998,EST,DEU,850590
8510192,73,61,9292,2015,0.0,3841.0,-1.004896,-0.721019,ETH,DEU,850590
8510193,74,61,9292,2015,426450.0,1666470.0,1.597817,0.998059,FIN,DEU,850590
8510194,77,61,9292,2015,41932828.0,18629114.0,1.479792,0.6490239999999999,FRA,DEU,850590
8510195,80,61,9292,2015,0.0,4021.0,-1.384351,-1.209873,GAB,DEU,850590
8510196,81,61,9292,2015,13832530.0,16230708.0,1.7422990000000003,0.75838,GBR,DEU,850590
8510197,82,61,9292,2015,0.0,17495.0,-0.343663,-0.588017,GEO,DEU,850590
8510198,83,61,9292,2015,0.0,30014.0,-0.750568,-0.690257,GHA,DEU,850590
8510199,89,61,9292,2015,0.0,10584.0,-1.585577,-0.9044979999999999,GNQ,DEU,850590
8510200,90,61,9292,2015,23824.0,488514.0,0.099027,1.012289,GRC,DEU,850590
8510201,93,61,9292,2015,0.0,91172.0,-0.284403,0.525564,GTM,DEU,850590
8510202,97,61,9292,2015,931941.0,731385.0,0.8255290000000001,1.8017279999999998,HKG,DEU,850590
8510203,99,61,9292,2015,0.0,8995.0,-0.578635,-0.292053,HND,DEU,850590
8510204,100,61,9292,2015,2622.0,159046.0,0.7590140000000001,1.257415,HRV,DEU,850590
8510205,102,61,9292,2015,1275969.0,25112494.0,1.462839,0.803258,HUN,DEU,850590
8510206,103,61,9292,2015,0.0,414701.0,-0.145103,1.277362,IDN,DEU,850590
8510207,104,61,9292,2015,1130688.0,5383564.0,0.24230900000000002,2.8190880000000003,IND,DEU,850590
8510208,106,61,9292,2015,2636049.0,559638.0,1.304942,0.126431,IRL,DEU,850590
8510209,107,61,9292,2015,0.0,834944.0,-0.258946,-0.0073420000000000004,IRN,DEU,850590
8510210,108,61,9292,2015,0.0,223177.0,-1.465803,-0.912113,IRQ,DEU,850590
8510211,109,61,9292,2015,0.0,58627.0,0.24527600000000002,-0.411616,ISL,DEU,850590
8510212,110,61,9292,2015,17701.0,776841.0,1.260071,0.545545,ISR,DEU,850590
8510213,111,61,9292,2015,17157982.0,18660454.0,1.321127,0.747046,ITA,DEU,850590
8510214,112,61,9292,2015,0.0,7648.0,-0.438267,-0.828097,JAM,DEU,850590
8510215,113,61,9292,2015,0.0,55254.0,0.121172,0.457301,JOR,DEU,850590
8510216,114,61,9292,2015,35165112.0,3982240.0,2.516133,-0.484202,JPN,DEU,850590
8510217,115,61,9292,2015,0.0,202952.0,-0.45091499999999995,-0.652026,KAZ,DEU,850590
8510218,116,61,9292,2015,0.0,34557.0,-0.453564,0.433325,KEN,DEU,850590
8510219,117,61,9292,2015,0.0,1284.0,0.02058,0.438692,KGZ,DEU,850590
8510220,121,61,9292,2015,849938.0,3930131.0,1.900653,0.859406,KOR,DEU,850590
8510221,122,61,9292,2015,0.0,221118.0,-0.352023,-1.153057,KWT,DEU,850590
8510222,123,61,9292,2015,0.0,1006.0,-0.927524,-0.74525,LAO,DEU,850590
8510223,124,61,9292,2015,0.0,200759.0,0.317355,1.330374,LBN,DEU,850590
8510224,125,61,9292,2015,0.0,2027.0,-1.087459,-1.195708,LBR,DEU,850590
8510225,126,61,9292,2015,0.0,74054.0,-1.3257219999999998,-1.260453,LBY,DEU,850590
8510226,128,61,9292,2015,0.0,27076.0,-0.6773399999999999,0.386343,LKA,DEU,850590
8510227,129,61,9292,2015,0.0,3621.0,-0.910168,-0.870865,LSO,DEU,850590
8510228,130,61,9292,2015,100149.0,203360.0,0.749429,1.3659860000000001,LTU,DEU,850590
8510229,131,61,9292,2015,60884.0,1788322.0,1.218924,1.247152,LUX,DEU,850590
8510230,132,61,9292,2015,0.0,146253.0,0.602209,1.125357,LVA,DEU,850590
8510231,134,61,9292,2015,0.0,141585.0,-0.7554810000000001,-0.059697,MAR,DEU,850590
8510232,135,61,9292,2015,0.0,6085.0,-0.313837,-0.20393,MDA,DEU,850590
8510233,136,61,9292,2015,0.0,831.0,-1.15947,-0.497217,MDG,DEU,850590
8510234,138,61,9292,2015,594191.0,8300430.0,1.169724,0.61457,MEX,DEU,850590
8510235,140,61,9292,2015,0.0,9017.0,-0.09009600000000001,-0.147359,MKD,DEU,850590
8510236,142,61,9292,2015,1563020.0,31404.0,0.880893,-0.117585,MLT,DEU,850590
8510237,143,61,9292,2015,0.0,6687.0,-1.4596120000000001,-0.903904,MMR,DEU,850590
8510238,144,61,9292,2015,0.0,1556.0,-0.048385000000000004,-0.150759,MNE,DEU,850590
8510239,145,61,9292,2015,0.0,3196.0,-1.244368,-1.196677,MNG,DEU,850590
8510240,151,61,9292,2015,0.0,16852.0,-0.231762,-0.195051,MUS,DEU,850590
8510241,152,61,9292,2015,0.0,826.0,-0.549862,-0.8753190000000001,MWI,DEU,850590
8510242,153,61,9292,2015,461493.0,563412.0,1.082803,0.811615,MYS,DEU,850590
8510243,155,61,9292,2015,0.0,2163.0,-0.43457399999999996,-0.665655,NAM,DEU,850590
8510244,156,61,9292,2015,0.0,4608.0,-0.727911,-0.844562,NCL,DEU,850590
8510245,157,61,9292,2015,0.0,21783.0,-1.517292,-1.033891,NER,DEU,850590
8510246,159,61,9292,2015,0.0,216106.0,-1.415451,-1.157829,NGA,DEU,850590
8510247,160,61,9292,2015,0.0,11151.0,-1.102989,-0.952276,NIC,DEU,850590
8510248,162,61,9292,2015,1401050.0,8341842.0,1.230104,1.27344,NLD,DEU,850590
8510249,163,61,9292,2015,23075.0,2603606.0,0.950708,0.314339,NOR,DEU,850590
8510250,164,61,9292,2015,0.0,1553.0,-0.290416,0.456716,NPL,DEU,850590
8510251,166,61,9292,2015,203667.0,325339.0,0.224598,0.253179,NZL,DEU,850590
8510252,167,61,9292,2015,0.0,89155.0,-0.4699,-1.00451,OMN,DEU,850590
8510253,168,61,9292,2015,0.0,177867.0,-0.7059979999999999,0.73501,PAK,DEU,850590
8510254,169,61,9292,2015,0.0,84311.0,0.642058,0.833392,PAN,DEU,850590
8510255,173,61,9292,2015,0.0,231155.0,-0.6007819999999999,0.32152800000000004,PER,DEU,850590
8510256,174,61,9292,2015,615011.0,153122.0,0.6406270000000001,0.45770200000000005,PHL,DEU,850590
8510257,176,61,9292,2015,0.0,16646.0,-1.710939,-1.266333,PNG,DEU,850590
8510258,177,61,9292,2015,36054264.0,29883082.0,1.145844,1.1449280000000002,POL,DEU,850590
8510259,179,61,9292,2015,18440.0,1458721.0,0.561922,2.2276380000000002,PRT,DEU,850590
8510260,180,61,9292,2015,0.0,35216.0,-0.471106,-0.9431139999999999,PRY,DEU,850590
8510261,181,61,9292,2015,0.0,2244.0,0.060575,0.5649489999999999,PSE,DEU,850590
8510262,182,61,9292,2015,0.0,2446.0,-0.301696,-0.795154,PYF,DEU,850590
8510263,183,61,9292,2015,0.0,141456.0,-0.077053,-0.9922719999999999,QAT,DEU,850590
8510264,185,61,9292,2015,34185524.0,14071779.0,0.946363,1.056775,ROU,DEU,850590
8510265,186,61,9292,2015,2011002.0,2514119.0,0.23119,0.035965,RUS,DEU,850590
8510266,187,61,9292,2015,0.0,1630.0,-0.755738,-0.4423,RWA,DEU,850590
8510267,188,61,9292,2015,0.0,1139804.0,0.5552520000000001,-0.7263229999999999,SAU,DEU,850590
8510268,190,61,9292,2015,0.0,16883.0,-1.420356,-1.218424,SDN,DEU,850590
8510269,191,61,9292,2015,0.0,1367.0,-0.708349,-0.296663,SEN,DEU,850590
8510270,192,61,9292,2015,62460.0,2237411.0,2.05613,0.593065,SGP,DEU,850590
8510271,197,61,9292,2015,0.0,15608.0,0.05531900000000001,0.169073,SLV,DEU,850590
8510272,201,61,9292,2015,258980.0,834377.0,0.457042,1.324908,SRB,DEU,850590
8510273,202,61,9292,2015,0.0,2483.0,-2.704381,-0.969411,SSD,DEU,850590
8510274,205,61,9292,2015,0.0,1950.0,-0.570361,-1.005072,SUR,DEU,850590
8510275,206,61,9292,2015,8431646.0,4342656.0,1.287133,0.7900560000000001,SVK,DEU,850590
8510276,207,61,9292,2015,966536.0,323117.0,1.6089879999999999,0.833616,SVN,DEU,850590
8510277,208,61,9292,2015,1224428.0,17534842.0,1.8068349999999997,0.693389,SWE,DEU,850590
8510278,212,61,9292,2015,0.0,8508.0,-0.603532,0.313216,SYR,DEU,850590
8510279,215,61,9292,2015,0.0,9445.0,-0.66925,-0.873554,TGO,DEU,850590
8510280,216,61,9292,2015,390324.0,876040.0,0.965888,1.368572,THA,DEU,850590
8510281,219,61,9292,2015,0.0,37808.0,-1.546516,-1.315803,TKM,DEU,850590
8510282,222,61,9292,2015,0.0,8445.0,-0.462837,-1.117621,TTO,DEU,850590
8510283,223,61,9292,2015,7562.0,130325.0,0.140202,0.967591,TUN,DEU,850590
8510284,224,61,9292,2015,1659820.0,7438635.0,0.438669,2.519632,TUR,DEU,850590
8510285,226,61,9292,2015,0.0,58022.0,-1.02395,-0.017509999999999998,TZA,DEU,850590
8510286,227,61,9292,2015,0.0,12507.0,-0.611023,0.078961,UGA,DEU,850590
8510287,228,61,9292,2015,0.0,665982.0,0.429879,0.701813,UKR,DEU,850590
8510288,230,61,9292,2015,0.0,29844.0,0.273876,-0.363695,URY,DEU,850590
8510289,231,61,9292,2015,7571602.0,69713832.0,1.720478,-0.129322,USA,DEU,850590
8510290,232,61,9292,2015,0.0,30261.0,-0.724966,-0.599292,UZB,DEU,850590
8510291,236,61,9292,2015,0.0,44561.0,-0.9249129999999999,-1.1877280000000001,VEN,DEU,850590
8510292,239,61,9292,2015,459340.0,229618.0,-0.17108900000000002,1.10995,VNM,DEU,850590
8510293,243,61,9292,2015,0.0,9205.0,-1.048632,-1.10843,YEM,DEU,850590
8510294,246,61,9292,2015,1023.0,2034306.0,0.24944699999999997,1.7573159999999999,ZAF,DEU,850590
8510295,247,61,9292,2015,0.0,4501.0,-0.44792,-0.769586,ZMB,DEU,850590
8510296,248,61,9292,2015,0.0,1766.0,-0.838017,-0.9400270000000001,ZWE,DEU,850590
8510297,249,61,9292,2015,2982030.0,910434.0,1.962832,1.214982,TWN,DEU,850590
8510298,250,61,9292,2015,0.0,12151.0,0.377283,-0.092204,ANS,DEU,850590
8510299,7,64,9292,2015,0.0,391551.0,0.21779600000000002,-0.0047420000000000006,ARE,DNK,850590
8510300,8,64,9292,2015,0.0,135553.0,0.116896,0.30330999999999997,ARG,DNK,850590
8510301,14,64,9292,2015,19472.0,100413.0,-0.292325,-0.043489,AUS,DNK,850590
8510302,15,64,9292,2015,34819.0,336234.0,1.747098,-0.08026699999999999,AUT,DNK,850590
8510303,16,64,9292,2015,0.0,1078.0,-0.983347,-1.231542,AZE,DNK,850590
8510304,18,64,9292,2015,118500.0,263406.0,1.329866,1.100641,BEL,DNK,850590
8510305,23,64,9292,2015,0.0,53776.0,0.45640699999999995,1.691455,BGR,DNK,850590
8510306,24,64,9292,2015,0.0,2811.0,0.36650900000000003,-0.28735,BHR,DNK,850590
8510307,26,64,9292,2015,0.0,1076.0,0.355903,0.723092,BIH,DNK,850590
8510308,28,64,9292,2015,0.0,795.0,0.672499,0.5584020000000001,BLR,DNK,850590
8510309,31,64,9292,2015,0.0,3394.0,-1.051562,-1.067714,BOL,DNK,850590
8510310,32,64,9292,2015,0.0,786262.0,0.23656799999999997,0.688607,BRA,DNK,850590
8510311,34,64,9292,2015,0.0,7047.0,1.093564,-0.679211,BRN,DNK,850590
8510312,39,64,9292,2015,0.0,225144.0,0.695867,1.171676,CAN,DNK,850590
8510313,41,64,9292,2015,234670.0,411096.0,2.306075,0.720781,CHE,DNK,850590
8510314,42,64,9292,2015,0.0,428503.0,-0.356167,-0.47629399999999994,CHL,DNK,850590
8510315,43,64,9292,2015,80148.0,1316124.0,1.077143,1.735757,CHN,DNK,850590
8510316,49,64,9292,2015,0.0,159494.0,0.156383,-0.183055,COL,DNK,850590
8510317,58,64,9292,2015,0.0,5334.0,0.511225,-0.207261,CYP,DNK,850590
8510318,59,64,9292,2015,21100.0,347153.0,1.743012,0.45424,CZE,DNK,850590
8510319,61,64,9292,2015,2310835.0,2812683.0,2.203818,-2.307561,DEU,DNK,850590
8510320,66,64,9292,2015,0.0,2845.0,-1.54346,-1.255633,DZA,DNK,850590
8510321,67,64,9292,2015,0.0,22165.0,-0.9845959999999999,-1.075639,ECU,DNK,850590
8510322,68,64,9292,2015,0.0,20413.0,-0.183053,1.765036,EGY,DNK,850590
8510323,71,64,9292,2015,5555.0,702131.0,0.8173590000000001,2.442556,ESP,DNK,850590
8510324,72,64,9292,2015,2948.0,11137.0,0.9281149999999999,1.1780389999999998,EST,DNK,850590
8510325,74,64,9292,2015,53519.0,276796.0,1.597817,0.998059,FIN,DNK,850590
8510326,77,64,9292,2015,325633.0,1314180.0,1.479792,0.6490239999999999,FRA,DNK,850590
8510327,78,64,9292,2015,0.0,12757.0,-0.700767,-0.9214399999999999,FRO,DNK,850590
8510328,81,64,9292,2015,322738.0,792936.0,1.7422990000000003,0.75838,GBR,DNK,850590
8510329,90,64,9292,2015,0.0,4096.0,0.099027,1.012289,GRC,DNK,850590
8510330,92,64,9292,2015,0.0,215937.0,-1.017707,-0.913467,GRL,DNK,850590
8510331,97,64,9292,2015,3794.0,0.0,0.8255290000000001,1.8017279999999998,HKG,DNK,850590
8510332,100,64,9292,2015,0.0,10569.0,0.7590140000000001,1.257415,HRV,DNK,850590
8510333,102,64,9292,2015,3471.0,70817.0,1.462839,0.803258,HUN,DNK,850590
8510334,104,64,9292,2015,3325.0,738022.0,0.24230900000000002,2.8190880000000003,IND,DNK,850590
8510335,106,64,9292,2015,0.0,7827.0,1.304942,0.126431,IRL,DNK,850590
8510336,107,64,9292,2015,0.0,5603.0,-0.258946,-0.0073420000000000004,IRN,DNK,850590
8510337,109,64,9292,2015,1966.0,46238.0,0.24527600000000002,-0.411616,ISL,DNK,850590
8510338,110,64,9292,2015,0.0,66839.0,1.260071,0.545545,ISR,DNK,850590
8510339,111,64,9292,2015,561929.0,1780768.0,1.321127,0.747046,ITA,DNK,850590
8510340,113,64,9292,2015,0.0,83152.0,0.121172,0.457301,JOR,DNK,850590
8510341,114,64,9292,2015,13586.0,29392.0,2.516133,-0.484202,JPN,DNK,850590
8510342,115,64,9292,2015,0.0,4968.0,-0.45091499999999995,-0.652026,KAZ,DNK,850590
8510343,116,64,9292,2015,0.0,999.0,-0.453564,0.433325,KEN,DNK,850590
8510344,118,64,9292,2015,0.0,6666.0,-0.791985,-0.833046,KHM,DNK,850590
8510345,121,64,9292,2015,28027.0,132980.0,1.900653,0.859406,KOR,DNK,850590
8510346,122,64,9292,2015,0.0,4290.0,-0.352023,-1.153057,KWT,DNK,850590
8510347,124,64,9292,2015,0.0,7995.0,0.317355,1.330374,LBN,DNK,850590
8510348,130,64,9292,2015,41720.0,3831.0,0.749429,1.3659860000000001,LTU,DNK,850590
8510349,131,64,9292,2015,0.0,7538.0,1.218924,1.247152,LUX,DNK,850590
8510350,134,64,9292,2015,0.0,2926.0,-0.7554810000000001,-0.059697,MAR,DNK,850590
8510351,138,64,9292,2015,2958.0,351907.0,1.169724,0.61457,MEX,DNK,850590
8510352,142,64,9292,2015,0.0,1055.0,0.880893,-0.117585,MLT,DNK,850590
8510353,153,64,9292,2015,1691.0,4182.0,1.082803,0.811615,MYS,DNK,850590
8510354,159,64,9292,2015,0.0,1692.0,-1.415451,-1.157829,NGA,DNK,850590
8510355,162,64,9292,2015,66189.0,495335.0,1.230104,1.27344,NLD,DNK,850590
8510356,163,64,9292,2015,73133.0,454026.0,0.950708,0.314339,NOR,DNK,850590
8510357,166,64,9292,2015,6254.0,3339.0,0.224598,0.253179,NZL,DNK,850590
8510358,167,64,9292,2015,0.0,8705.0,-0.4699,-1.00451,OMN,DNK,850590
8510359,168,64,9292,2015,0.0,957.0,-0.7059979999999999,0.73501,PAK,DNK,850590
8510360,173,64,9292,2015,0.0,35755.0,-0.6007819999999999,0.32152800000000004,PER,DNK,850590
8510361,174,64,9292,2015,0.0,1052.0,0.6406270000000001,0.45770200000000005,PHL,DNK,850590
8510362,177,64,9292,2015,30720.0,406031.0,1.145844,1.1449280000000002,POL,DNK,850590
8510363,179,64,9292,2015,2817.0,2902.0,0.561922,2.2276380000000002,PRT,DNK,850590
8510364,180,64,9292,2015,0.0,6557.0,-0.471106,-0.9431139999999999,PRY,DNK,850590
8510365,183,64,9292,2015,0.0,3958.0,-0.077053,-0.9922719999999999,QAT,DNK,850590
8510366,185,64,9292,2015,0.0,19762.0,0.946363,1.056775,ROU,DNK,850590
8510367,186,64,9292,2015,0.0,652754.0,0.23119,0.035965,RUS,DNK,850590
8510368,188,64,9292,2015,0.0,234069.0,0.5552520000000001,-0.7263229999999999,SAU,DNK,850590
8510369,192,64,9292,2015,0.0,392939.0,2.05613,0.593065,SGP,DNK,850590
8510370,201,64,9292,2015,0.0,13216.0,0.457042,1.324908,SRB,DNK,850590
8510371,206,64,9292,2015,0.0,23929.0,1.287133,0.7900560000000001,SVK,DNK,850590
8510372,207,64,9292,2015,6804.0,12264.0,1.6089879999999999,0.833616,SVN,DNK,850590
8510373,208,64,9292,2015,126128.0,370639.0,1.8068349999999997,0.693389,SWE,DNK,850590
8510374,216,64,9292,2015,5428.0,4343.0,0.965888,1.368572,THA,DNK,850590
8510375,224,64,9292,2015,4051.0,203420.0,0.438669,2.519632,TUR,DNK,850590
8510376,228,64,9292,2015,0.0,34484.0,0.429879,0.701813,UKR,DNK,850590
8510377,230,64,9292,2015,0.0,29884.0,0.273876,-0.363695,URY,DNK,850590
8510378,231,64,9292,2015,170883.0,864686.0,1.720478,-0.129322,USA,DNK,850590
8510379,236,64,9292,2015,0.0,8017.0,-0.9249129999999999,-1.1877280000000001,VEN,DNK,850590
8510380,239,64,9292,2015,0.0,4072.0,-0.17108900000000002,1.10995,VNM,DNK,850590
8510381,246,64,9292,2015,2475.0,129847.0,0.24944699999999997,1.7573159999999999,ZAF,DNK,850590
8510382,249,64,9292,2015,47349.0,27321.0,1.962832,1.214982,TWN,DNK,850590
8510383,14,65,9292,2015,0.0,1484.0,-0.292325,-0.043489,AUS,DOM,850590
8510384,32,65,9292,2015,9238.0,0.0,0.23656799999999997,0.688607,BRA,DOM,850590
8510385,39,65,9292,2015,5223.0,2127.0,0.695867,1.171676,CAN,DOM,850590
8510386,41,65,9292,2015,2820.0,0.0,2.306075,0.720781,CHE,DOM,850590
8510387,43,65,9292,2015,4000.0,0.0,1.077143,1.735757,CHN,DOM,850590
8510388,52,65,9292,2015,1545.0,0.0,0.24859699999999998,-0.033143,CRI,DOM,850590
8510389,61,65,9292,2015,11816.0,0.0,2.203818,-2.307561,DEU,DOM,850590
8510390,71,65,9292,2015,1348.0,0.0,0.8173590000000001,2.442556,ESP,DOM,850590
8510391,81,65,9292,2015,3998.0,0.0,1.7422990000000003,0.75838,GBR,DOM,850590
8510392,97,65,9292,2015,319002.0,0.0,0.8255290000000001,1.8017279999999998,HKG,DOM,850590
8510393,111,65,9292,2015,15662.0,0.0,1.321127,0.747046,ITA,DOM,850590
8510394,114,65,9292,2015,1897.0,0.0,2.516133,-0.484202,JPN,DOM,850590
8510395,121,65,9292,2015,1217.0,0.0,1.900653,0.859406,KOR,DOM,850590
8510396,138,65,9292,2015,14709.0,0.0,1.169724,0.61457,MEX,DOM,850590
8510397,169,65,9292,2015,1064.0,0.0,0.642058,0.833392,PAN,DOM,850590
8510398,208,65,9292,2015,5006.0,0.0,1.8068349999999997,0.693389,SWE,DOM,850590
8510399,216,65,9292,2015,1245.0,0.0,0.965888,1.368572,THA,DOM,850590
8510400,231,65,9292,2015,137453.0,0.0,1.720478,-0.129322,USA,DOM,850590
8510401,249,65,9292,2015,17270.0,0.0,1.962832,1.214982,TWN,DOM,850590
8510402,8,67,9292,2015,2381.0,0.0,0.116896,0.30330999999999997,ARG,ECU,850590
8510403,18,67,9292,2015,13437.0,0.0,1.329866,1.100641,BEL,ECU,850590
8510404,32,67,9292,2015,15265.0,0.0,0.23656799999999997,0.688607,BRA,ECU,850590
8510405,39,67,9292,2015,2351.0,0.0,0.695867,1.171676,CAN,ECU,850590
8510406,41,67,9292,2015,2159.0,0.0,2.306075,0.720781,CHE,ECU,850590
8510407,43,67,9292,2015,28481.0,0.0,1.077143,1.735757,CHN,ECU,850590
8510408,49,67,9292,2015,6226.0,0.0,0.156383,-0.183055,COL,ECU,850590
8510409,61,67,9292,2015,53455.0,0.0,2.203818,-2.307561,DEU,ECU,850590
8510410,64,67,9292,2015,22165.0,0.0,1.157924,1.2045629999999998,DNK,ECU,850590
8510411,71,67,9292,2015,6453.0,0.0,0.8173590000000001,2.442556,ESP,ECU,850590
8510412,77,67,9292,2015,15349.0,0.0,1.479792,0.6490239999999999,FRA,ECU,850590
8510413,81,67,9292,2015,21225.0,0.0,1.7422990000000003,0.75838,GBR,ECU,850590
8510414,104,67,9292,2015,1119.0,0.0,0.24230900000000002,2.8190880000000003,IND,ECU,850590
8510415,111,67,9292,2015,15085.0,0.0,1.321127,0.747046,ITA,ECU,850590
8510416,114,67,9292,2015,7106.0,0.0,2.516133,-0.484202,JPN,ECU,850590
8510417,121,67,9292,2015,2964.0,0.0,1.900653,0.859406,KOR,ECU,850590
8510418,138,67,9292,2015,3015.0,0.0,1.169724,0.61457,MEX,ECU,850590
8510419,153,67,9292,2015,5184.0,0.0,1.082803,0.811615,MYS,ECU,850590
8510420,162,67,9292,2015,1160.0,0.0,1.230104,1.27344,NLD,ECU,850590
8510421,186,67,9292,2015,0.0,25162.0,0.23119,0.035965,RUS,ECU,850590
8510422,192,67,9292,2015,0.0,2713.0,2.05613,0.593065,SGP,ECU,850590
8510423,230,67,9292,2015,2016.0,0.0,0.273876,-0.363695,URY,ECU,850590
8510424,231,67,9292,2015,82306.0,0.0,1.720478,-0.129322,USA,ECU,850590
8510425,246,67,9292,2015,4282.0,0.0,0.24944699999999997,1.7573159999999999,ZAF,ECU,850590
8510426,249,67,9292,2015,12268.0,0.0,1.962832,1.214982,TWN,ECU,850590
8510427,2,71,9292,2015,0.0,1149.0,-1.6542,-1.2598989999999999,AGO,ESP,850590
8510428,5,71,9292,2015,640.0,1243.0,0.850153,0.383793,AND,ESP,850590
8510429,7,71,9292,2015,0.0,8000.0,0.21779600000000002,-0.0047420000000000006,ARE,ESP,850590
8510430,8,71,9292,2015,0.0,293835.0,0.116896,0.30330999999999997,ARG,ESP,850590
8510431,14,71,9292,2015,0.0,24433.0,-0.292325,-0.043489,AUS,ESP,850590
8510432,15,71,9292,2015,864825.0,1688.0,1.747098,-0.08026699999999999,AUT,ESP,850590
8510433,18,71,9292,2015,171252.0,21127.0,1.329866,1.100641,BEL,ESP,850590
8510434,22,71,9292,2015,0.0,90524.0,-1.088465,-0.8745360000000001,BGD,ESP,850590
8510435,23,71,9292,2015,0.0,2049.0,0.45640699999999995,1.691455,BGR,ESP,850590
8510436,26,71,9292,2015,0.0,977.0,0.355903,0.723092,BIH,ESP,850590
8510437,28,71,9292,2015,0.0,1499.0,0.672499,0.5584020000000001,BLR,ESP,850590
8510438,31,71,9292,2015,0.0,2215.0,-1.051562,-1.067714,BOL,ESP,850590
8510439,32,71,9292,2015,1669.0,64422.0,0.23656799999999997,0.688607,BRA,ESP,850590
8510440,39,71,9292,2015,1971.0,10707.0,0.695867,1.171676,CAN,ESP,850590
8510441,41,71,9292,2015,673245.0,583883.0,2.306075,0.720781,CHE,ESP,850590
8510442,42,71,9292,2015,0.0,146069.0,-0.356167,-0.47629399999999994,CHL,ESP,850590
8510443,43,71,9292,2015,1209794.0,15831.0,1.077143,1.735757,CHN,ESP,850590
8510444,44,71,9292,2015,0.0,11376.0,-0.856142,-0.905292,CIV,ESP,850590
8510445,49,71,9292,2015,0.0,175078.0,0.156383,-0.183055,COL,ESP,850590
8510446,51,71,9292,2015,0.0,941.0,-0.263621,-0.772158,CPV,ESP,850590
8510447,52,71,9292,2015,0.0,2506.0,0.24859699999999998,-0.033143,CRI,ESP,850590
8510448,54,71,9292,2015,0.0,1430.0,-0.694839,-1.093439,CUB,ESP,850590
8510449,59,71,9292,2015,39521.0,74806.0,1.743012,0.45424,CZE,ESP,850590
8510450,61,71,9292,2015,3978504.0,362774.0,2.203818,-2.307561,DEU,ESP,850590
8510451,64,71,9292,2015,702131.0,5555.0,1.157924,1.2045629999999998,DNK,ESP,850590
8510452,65,71,9292,2015,0.0,1348.0,-0.212808,0.395873,DOM,ESP,850590
8510453,66,71,9292,2015,0.0,60637.0,-1.54346,-1.255633,DZA,ESP,850590
8510454,67,71,9292,2015,0.0,6453.0,-0.9845959999999999,-1.075639,ECU,ESP,850590
8510455,68,71,9292,2015,0.0,227870.0,-0.183053,1.765036,EGY,ESP,850590
8510456,72,71,9292,2015,2907.0,4722.0,0.9281149999999999,1.1780389999999998,EST,ESP,850590
8510457,74,71,9292,2015,7039.0,3871.0,1.597817,0.998059,FIN,ESP,850590
8510458,77,71,9292,2015,1546424.0,554045.0,1.479792,0.6490239999999999,FRA,ESP,850590
8510459,81,71,9292,2015,526962.0,97387.0,1.7422990000000003,0.75838,GBR,ESP,850590
8510460,82,71,9292,2015,0.0,4963.0,-0.343663,-0.588017,GEO,ESP,850590
8510461,84,71,9292,2015,0.0,2492.0,0.535143,-0.750155,GIB,ESP,850590
8510462,90,71,9292,2015,0.0,3547.0,0.099027,1.012289,GRC,ESP,850590
8510463,93,71,9292,2015,0.0,7589.0,-0.284403,0.525564,GTM,ESP,850590
8510464,97,71,9292,2015,12271.0,2619.0,0.8255290000000001,1.8017279999999998,HKG,ESP,850590
8510465,100,71,9292,2015,0.0,2845.0,0.7590140000000001,1.257415,HRV,ESP,850590
8510466,102,71,9292,2015,21745.0,6529.0,1.462839,0.803258,HUN,ESP,850590
8510467,103,71,9292,2015,5980.0,2538.0,-0.145103,1.277362,IDN,ESP,850590
8510468,104,71,9292,2015,42131.0,81355.0,0.24230900000000002,2.8190880000000003,IND,ESP,850590
8510469,106,71,9292,2015,515078.0,1492.0,1.304942,0.126431,IRL,ESP,850590
8510470,107,71,9292,2015,0.0,38439.0,-0.258946,-0.0073420000000000004,IRN,ESP,850590
8510471,110,71,9292,2015,10244.0,4909.0,1.260071,0.545545,ISR,ESP,850590
8510472,111,71,9292,2015,3261925.0,106817.0,1.321127,0.747046,ITA,ESP,850590
8510473,113,71,9292,2015,0.0,676353.0,0.121172,0.457301,JOR,ESP,850590
8510474,114,71,9292,2015,470032.0,67040.0,2.516133,-0.484202,JPN,ESP,850590
8510475,121,71,9292,2015,3248.0,2517.0,1.900653,0.859406,KOR,ESP,850590
8510476,122,71,9292,2015,0.0,6974.0,-0.352023,-1.153057,KWT,ESP,850590
8510477,128,71,9292,2015,0.0,2021.0,-0.6773399999999999,0.386343,LKA,ESP,850590
8510478,130,71,9292,2015,0.0,25447.0,0.749429,1.3659860000000001,LTU,ESP,850590
8510479,131,71,9292,2015,2629.0,79389.0,1.218924,1.247152,LUX,ESP,850590
8510480,134,71,9292,2015,6729.0,2286956.0,-0.7554810000000001,-0.059697,MAR,ESP,850590
8510481,138,71,9292,2015,62003.0,600664.0,1.169724,0.61457,MEX,ESP,850590
8510482,140,71,9292,2015,0.0,1431.0,-0.09009600000000001,-0.147359,MKD,ESP,850590
8510483,143,71,9292,2015,10372.0,0.0,-1.4596120000000001,-0.903904,MMR,ESP,850590
8510484,153,71,9292,2015,18079.0,7015.0,1.082803,0.811615,MYS,ESP,850590
8510485,156,71,9292,2015,0.0,5597.0,-0.727911,-0.844562,NCL,ESP,850590
8510486,162,71,9292,2015,137432.0,105366.0,1.230104,1.27344,NLD,ESP,850590
8510487,163,71,9292,2015,0.0,3584.0,0.950708,0.314339,NOR,ESP,850590
8510488,166,71,9292,2015,0.0,949.0,0.224598,0.253179,NZL,ESP,850590
8510489,168,71,9292,2015,0.0,8514.0,-0.7059979999999999,0.73501,PAK,ESP,850590
8510490,169,71,9292,2015,0.0,2863.0,0.642058,0.833392,PAN,ESP,850590
8510491,173,71,9292,2015,0.0,24073.0,-0.6007819999999999,0.32152800000000004,PER,ESP,850590
8510492,174,71,9292,2015,31001.0,0.0,0.6406270000000001,0.45770200000000005,PHL,ESP,850590
8510493,177,71,9292,2015,635108.0,56475.0,1.145844,1.1449280000000002,POL,ESP,850590
8510494,179,71,9292,2015,10648.0,1062536.0,0.561922,2.2276380000000002,PRT,ESP,850590
8510495,180,71,9292,2015,0.0,1591.0,-0.471106,-0.9431139999999999,PRY,ESP,850590
8510496,183,71,9292,2015,0.0,2302.0,-0.077053,-0.9922719999999999,QAT,ESP,850590
8510497,185,71,9292,2015,1654.0,47231.0,0.946363,1.056775,ROU,ESP,850590
8510498,186,71,9292,2015,0.0,65025.0,0.23119,0.035965,RUS,ESP,850590
8510499,188,71,9292,2015,0.0,6482.0,0.5552520000000001,-0.7263229999999999,SAU,ESP,850590
8510500,192,71,9292,2015,0.0,5287432.0,2.05613,0.593065,SGP,ESP,850590
8510501,197,71,9292,2015,0.0,1695.0,0.05531900000000001,0.169073,SLV,ESP,850590
8510502,201,71,9292,2015,0.0,10349.0,0.457042,1.324908,SRB,ESP,850590
8510503,206,71,9292,2015,3688.0,49591.0,1.287133,0.7900560000000001,SVK,ESP,850590
8510504,207,71,9292,2015,6619.0,9591.0,1.6089879999999999,0.833616,SVN,ESP,850590
8510505,208,71,9292,2015,62007.0,50771.0,1.8068349999999997,0.693389,SWE,ESP,850590
8510506,211,71,9292,2015,0.0,5565.0,1.017467,-0.285569,SYC,ESP,850590
8510507,216,71,9292,2015,0.0,43427.0,0.965888,1.368572,THA,ESP,850590
8510508,223,71,9292,2015,0.0,26573.0,0.140202,0.967591,TUN,ESP,850590
8510509,224,71,9292,2015,3270.0,66303.0,0.438669,2.519632,TUR,ESP,850590
8510510,228,71,9292,2015,0.0,8107.0,0.429879,0.701813,UKR,ESP,850590
8510511,230,71,9292,2015,0.0,5535.0,0.273876,-0.363695,URY,ESP,850590
8510512,231,71,9292,2015,717236.0,215505.0,1.720478,-0.129322,USA,ESP,850590
8510513,239,71,9292,2015,235983.0,3474.0,-0.17108900000000002,1.10995,VNM,ESP,850590
8510514,246,71,9292,2015,0.0,11708.0,0.24944699999999997,1.7573159999999999,ZAF,ESP,850590
8510515,249,71,9292,2015,41248.0,5871.0,1.962832,1.214982,TWN,ESP,850590
8510516,250,71,9292,2015,1819865.0,3304.0,0.377283,-0.092204,ANS,ESP,850590
8510517,15,72,9292,2015,3568.0,0.0,1.747098,-0.08026699999999999,AUT,EST,850590
8510518,18,72,9292,2015,7947.0,0.0,1.329866,1.100641,BEL,EST,850590
8510519,23,72,9292,2015,0.0,14553.0,0.45640699999999995,1.691455,BGR,EST,850590
8510520,28,72,9292,2015,0.0,991.0,0.672499,0.5584020000000001,BLR,EST,850590
8510521,32,72,9292,2015,0.0,2003.0,0.23656799999999997,0.688607,BRA,EST,850590
8510522,41,72,9292,2015,136424.0,0.0,2.306075,0.720781,CHE,EST,850590
8510523,43,72,9292,2015,13985.0,0.0,1.077143,1.735757,CHN,EST,850590
8510524,59,72,9292,2015,20621.0,0.0,1.743012,0.45424,CZE,EST,850590
8510525,61,72,9292,2015,176573.0,10630.0,2.203818,-2.307561,DEU,EST,850590
8510526,64,72,9292,2015,11137.0,2948.0,1.157924,1.2045629999999998,DNK,EST,850590
8510527,71,72,9292,2015,4722.0,2907.0,0.8173590000000001,2.442556,ESP,EST,850590
8510528,74,72,9292,2015,267747.0,562246.0,1.597817,0.998059,FIN,EST,850590
8510529,77,72,9292,2015,2442.0,12496.0,1.479792,0.6490239999999999,FRA,EST,850590
8510530,81,72,9292,2015,9943.0,1123.0,1.7422990000000003,0.75838,GBR,EST,850590
8510531,102,72,9292,2015,2108.0,0.0,1.462839,0.803258,HUN,EST,850590
8510532,111,72,9292,2015,14381.0,0.0,1.321127,0.747046,ITA,EST,850590
8510533,114,72,9292,2015,909.0,0.0,2.516133,-0.484202,JPN,EST,850590
8510534,121,72,9292,2015,1056.0,0.0,1.900653,0.859406,KOR,EST,850590
8510535,130,72,9292,2015,7829.0,14973.0,0.749429,1.3659860000000001,LTU,EST,850590
8510536,132,72,9292,2015,4646.0,4530.0,0.602209,1.125357,LVA,EST,850590
8510537,162,72,9292,2015,14458.0,1965.0,1.230104,1.27344,NLD,EST,850590
8510538,173,72,9292,2015,0.0,6333.0,-0.6007819999999999,0.32152800000000004,PER,EST,850590
8510539,177,72,9292,2015,689728.0,7221.0,1.145844,1.1449280000000002,POL,EST,850590
8510540,179,72,9292,2015,0.0,18472.0,0.561922,2.2276380000000002,PRT,EST,850590
8510541,186,72,9292,2015,27395.0,11861.0,0.23119,0.035965,RUS,EST,850590
8510542,192,72,9292,2015,10673.0,297716.0,2.05613,0.593065,SGP,EST,850590
8510543,208,72,9292,2015,2740739.0,61558.0,1.8068349999999997,0.693389,SWE,EST,850590
8510544,224,72,9292,2015,0.0,6918.0,0.438669,2.519632,TUR,EST,850590
8510545,228,72,9292,2015,0.0,1553.0,0.429879,0.701813,UKR,EST,850590
8510546,231,72,9292,2015,22636.0,187210.0,1.720478,-0.129322,USA,EST,850590
8510547,249,72,9292,2015,10744.0,0.0,1.962832,1.214982,TWN,EST,850590
8510548,250,72,9292,2015,36642.0,0.0,0.377283,-0.092204,ANS,EST,850590
8510549,1,77,9292,2015,0.0,2309.0,-1.249655,-0.9094459999999999,AFG,FRA,850590
8510550,2,77,9292,2015,0.0,22975.0,-1.6542,-1.2598989999999999,AGO,FRA,850590
8510551,7,77,9292,2015,0.0,63088.0,0.21779600000000002,-0.0047420000000000006,ARE,FRA,850590
8510552,8,77,9292,2015,3011.0,8976.0,0.116896,0.30330999999999997,ARG,FRA,850590
8510553,14,77,9292,2015,2520.0,157006.0,-0.292325,-0.043489,AUS,FRA,850590
8510554,15,77,9292,2015,221461.0,412799.0,1.747098,-0.08026699999999999,AUT,FRA,850590
8510555,16,77,9292,2015,0.0,3203.0,-0.983347,-1.231542,AZE,FRA,850590
8510556,18,77,9292,2015,1109802.0,5328530.0,1.329866,1.100641,BEL,FRA,850590
8510557,19,77,9292,2015,0.0,2414.0,-0.5641470000000001,-0.8971020000000001,BEN,FRA,850590
8510558,21,77,9292,2015,0.0,2578.0,-1.085359,-1.034365,BFA,FRA,850590
8510559,22,77,9292,2015,0.0,910.0,-1.088465,-0.8745360000000001,BGD,FRA,850590
8510560,23,77,9292,2015,0.0,58263.0,0.45640699999999995,1.691455,BGR,FRA,850590
8510561,24,77,9292,2015,0.0,1165.0,0.36650900000000003,-0.28735,BHR,FRA,850590
8510562,26,77,9292,2015,0.0,2195.0,0.355903,0.723092,BIH,FRA,850590
8510563,28,77,9292,2015,0.0,23726.0,0.672499,0.5584020000000001,BLR,FRA,850590
8510564,32,77,9292,2015,10400.0,68858.0,0.23656799999999997,0.688607,BRA,FRA,850590
8510565,39,77,9292,2015,38678.0,492679.0,0.695867,1.171676,CAN,FRA,850590
8510566,41,77,9292,2015,2377335.0,1882959.0,2.306075,0.720781,CHE,FRA,850590
8510567,42,77,9292,2015,0.0,959.0,-0.356167,-0.47629399999999994,CHL,FRA,850590
8510568,43,77,9292,2015,8485556.0,2138779.0,1.077143,1.735757,CHN,FRA,850590
8510569,44,77,9292,2015,0.0,26969.0,-0.856142,-0.905292,CIV,FRA,850590
8510570,45,77,9292,2015,0.0,7575.0,-0.924366,-1.040721,CMR,FRA,850590
8510571,46,77,9292,2015,0.0,8480.0,-1.3921290000000002,-1.146549,COD,FRA,850590
8510572,47,77,9292,2015,0.0,11806.0,-1.294823,-1.18811,COG,FRA,850590
8510573,49,77,9292,2015,0.0,8359.0,0.156383,-0.183055,COL,FRA,850590
8510574,52,77,9292,2015,0.0,2118.0,0.24859699999999998,-0.033143,CRI,FRA,850590
8510575,58,77,9292,2015,0.0,6886.0,0.511225,-0.207261,CYP,FRA,850590
8510576,59,77,9292,2015,331797.0,910203.0,1.743012,0.45424,CZE,FRA,850590
8510577,61,77,9292,2015,18629114.0,41932828.0,2.203818,-2.307561,DEU,FRA,850590
8510578,64,77,9292,2015,1314180.0,325633.0,1.157924,1.2045629999999998,DNK,FRA,850590
8510579,66,77,9292,2015,0.0,236067.0,-1.54346,-1.255633,DZA,FRA,850590
8510580,67,77,9292,2015,0.0,15349.0,-0.9845959999999999,-1.075639,ECU,FRA,850590
8510581,68,77,9292,2015,0.0,98851.0,-0.183053,1.765036,EGY,FRA,850590
8510582,71,77,9292,2015,554045.0,1546424.0,0.8173590000000001,2.442556,ESP,FRA,850590
8510583,72,77,9292,2015,12496.0,2442.0,0.9281149999999999,1.1780389999999998,EST,FRA,850590
8510584,74,77,9292,2015,116993.0,79831.0,1.597817,0.998059,FIN,FRA,850590
8510585,80,77,9292,2015,0.0,100615.0,-1.384351,-1.209873,GAB,FRA,850590
8510586,81,77,9292,2015,4359468.0,3558491.0,1.7422990000000003,0.75838,GBR,FRA,850590
8510587,82,77,9292,2015,0.0,8337.0,-0.343663,-0.588017,GEO,FRA,850590
8510588,85,77,9292,2015,0.0,19875.0,-1.288329,-1.167532,GIN,FRA,850590
8510589,89,77,9292,2015,0.0,3254.0,-1.585577,-0.9044979999999999,GNQ,FRA,850590
8510590,90,77,9292,2015,0.0,64121.0,0.099027,1.012289,GRC,FRA,850590
8510591,97,77,9292,2015,137913.0,118409.0,0.8255290000000001,1.8017279999999998,HKG,FRA,850590
8510592,100,77,9292,2015,1669.0,13264.0,0.7590140000000001,1.257415,HRV,FRA,850590
8510593,101,77,9292,2015,0.0,5871.0,-1.288246,-1.018979,HTI,FRA,850590
8510594,102,77,9292,2015,1070409.0,1095283.0,1.462839,0.803258,HUN,FRA,850590
8510595,103,77,9292,2015,0.0,750933.0,-0.145103,1.277362,IDN,FRA,850590
8510596,104,77,9292,2015,52813.0,460035.0,0.24230900000000002,2.8190880000000003,IND,FRA,850590
8510597,106,77,9292,2015,242014.0,24973.0,1.304942,0.126431,IRL,FRA,850590
8510598,109,77,9292,2015,0.0,948.0,0.24527600000000002,-0.411616,ISL,FRA,850590
8510599,110,77,9292,2015,22984.0,54613.0,1.260071,0.545545,ISR,FRA,850590
8510600,111,77,9292,2015,6356447.0,2047451.0,1.321127,0.747046,ITA,FRA,850590
8510601,113,77,9292,2015,0.0,4089.0,0.121172,0.457301,JOR,FRA,850590
8510602,114,77,9292,2015,10724458.0,1114953.0,2.516133,-0.484202,JPN,FRA,850590
8510603,115,77,9292,2015,0.0,75903.0,-0.45091499999999995,-0.652026,KAZ,FRA,850590
8510604,121,77,9292,2015,1490318.0,1297046.0,1.900653,0.859406,KOR,FRA,850590
8510605,122,77,9292,2015,0.0,9247.0,-0.352023,-1.153057,KWT,FRA,850590
8510606,124,77,9292,2015,0.0,4709.0,0.317355,1.330374,LBN,FRA,850590
8510607,128,77,9292,2015,0.0,47164.0,-0.6773399999999999,0.386343,LKA,FRA,850590
8510608,130,77,9292,2015,0.0,17529.0,0.749429,1.3659860000000001,LTU,FRA,850590
8510609,131,77,9292,2015,105258.0,119236.0,1.218924,1.247152,LUX,FRA,850590
8510610,132,77,9292,2015,0.0,2901.0,0.602209,1.125357,LVA,FRA,850590
8510611,134,77,9292,2015,1703010.0,526785.0,-0.7554810000000001,-0.059697,MAR,FRA,850590
8510612,135,77,9292,2015,0.0,1156.0,-0.313837,-0.20393,MDA,FRA,850590
8510613,136,77,9292,2015,0.0,5999.0,-1.15947,-0.497217,MDG,FRA,850590
8510614,137,77,9292,2015,0.0,1425.0,-0.321571,-0.858751,MDV,FRA,850590
8510615,138,77,9292,2015,14086.0,101491.0,1.169724,0.61457,MEX,FRA,850590
8510616,142,77,9292,2015,0.0,26200.0,0.880893,-0.117585,MLT,FRA,850590
8510617,148,77,9292,2015,0.0,2445.0,-1.5597450000000002,-1.3209229999999998,MRT,FRA,850590
8510618,151,77,9292,2015,928.0,3975.0,-0.231762,-0.195051,MUS,FRA,850590
8510619,153,77,9292,2015,304249.0,10671.0,1.082803,0.811615,MYS,FRA,850590
8510620,156,77,9292,2015,0.0,92642.0,-0.727911,-0.844562,NCL,FRA,850590
8510621,157,77,9292,2015,0.0,830.0,-1.517292,-1.033891,NER,FRA,850590
8510622,159,77,9292,2015,0.0,4940.0,-1.415451,-1.157829,NGA,FRA,850590
8510623,162,77,9292,2015,1072356.0,2120928.0,1.230104,1.27344,NLD,FRA,850590
8510624,163,77,9292,2015,1024.0,327921.0,0.950708,0.314339,NOR,FRA,850590
8510625,166,77,9292,2015,53702.0,9604.0,0.224598,0.253179,NZL,FRA,850590
8510626,167,77,9292,2015,0.0,88990.0,-0.4699,-1.00451,OMN,FRA,850590
8510627,168,77,9292,2015,0.0,2047.0,-0.7059979999999999,0.73501,PAK,FRA,850590
8510628,169,77,9292,2015,6480.0,0.0,0.642058,0.833392,PAN,FRA,850590
8510629,173,77,9292,2015,0.0,47634.0,-0.6007819999999999,0.32152800000000004,PER,FRA,850590
8510630,174,77,9292,2015,215133.0,9974.0,0.6406270000000001,0.45770200000000005,PHL,FRA,850590
8510631,177,77,9292,2015,568730.0,869179.0,1.145844,1.1449280000000002,POL,FRA,850590
8510632,179,77,9292,2015,319342.0,283562.0,0.561922,2.2276380000000002,PRT,FRA,850590
8510633,182,77,9292,2015,0.0,1134.0,-0.301696,-0.795154,PYF,FRA,850590
8510634,183,77,9292,2015,0.0,564310.0,-0.077053,-0.9922719999999999,QAT,FRA,850590
8510635,185,77,9292,2015,31116.0,4651583.0,0.946363,1.056775,ROU,FRA,850590
8510636,186,77,9292,2015,7195.0,948823.0,0.23119,0.035965,RUS,FRA,850590
8510637,188,77,9292,2015,0.0,86426.0,0.5552520000000001,-0.7263229999999999,SAU,FRA,850590
8510638,191,77,9292,2015,0.0,9640.0,-0.708349,-0.296663,SEN,FRA,850590
8510639,192,77,9292,2015,30933.0,141887.0,2.05613,0.593065,SGP,FRA,850590
8510640,197,77,9292,2015,0.0,911.0,0.05531900000000001,0.169073,SLV,FRA,850590
8510641,201,77,9292,2015,0.0,1797.0,0.457042,1.324908,SRB,FRA,850590
8510642,206,77,9292,2015,11659.0,346057.0,1.287133,0.7900560000000001,SVK,FRA,850590
8510643,207,77,9292,2015,6539.0,14465.0,1.6089879999999999,0.833616,SVN,FRA,850590
8510644,208,77,9292,2015,647376.0,2063595.0,1.8068349999999997,0.693389,SWE,FRA,850590
8510645,214,77,9292,2015,0.0,1225.0,-1.543675,-0.9703860000000001,TCD,FRA,850590
8510646,215,77,9292,2015,0.0,1554.0,-0.66925,-0.873554,TGO,FRA,850590
8510647,216,77,9292,2015,4139.0,2669.0,0.965888,1.368572,THA,FRA,850590
8510648,222,77,9292,2015,0.0,1845.0,-0.462837,-1.117621,TTO,FRA,850590
8510649,223,77,9292,2015,3729857.0,2351843.0,0.140202,0.967591,TUN,FRA,850590
8510650,224,77,9292,2015,7969.0,881221.0,0.438669,2.519632,TUR,FRA,850590
8510651,226,77,9292,2015,0.0,1868.0,-1.02395,-0.017509999999999998,TZA,FRA,850590
8510652,227,77,9292,2015,0.0,7351.0,-0.611023,0.078961,UGA,FRA,850590
8510653,228,77,9292,2015,2407.0,60992.0,0.429879,0.701813,UKR,FRA,850590
8510654,230,77,9292,2015,0.0,3731.0,0.273876,-0.363695,URY,FRA,850590
8510655,231,77,9292,2015,1533463.0,5359754.0,1.720478,-0.129322,USA,FRA,850590
8510656,239,77,9292,2015,0.0,20665.0,-0.17108900000000002,1.10995,VNM,FRA,850590
8510657,246,77,9292,2015,4009.0,217617.0,0.24944699999999997,1.7573159999999999,ZAF,FRA,850590
8510658,249,77,9292,2015,254086.0,892434.0,1.962832,1.214982,TWN,FRA,850590
8510659,250,77,9292,2015,676526.0,1709.0,0.377283,-0.092204,ANS,FRA,850590
8510660,1,81,9292,2015,2317.0,0.0,-1.249655,-0.9094459999999999,AFG,GBR,850590
8510661,2,81,9292,2015,1229.0,7300.0,-1.6542,-1.2598989999999999,AGO,GBR,850590
8510662,7,81,9292,2015,5106.0,238116.0,0.21779600000000002,-0.0047420000000000006,ARE,GBR,850590
8510663,8,81,9292,2015,0.0,27437.0,0.116896,0.30330999999999997,ARG,GBR,850590
8510664,14,81,9292,2015,4329.0,968216.0,-0.292325,-0.043489,AUS,GBR,850590
8510665,15,81,9292,2015,60769.0,70002.0,1.747098,-0.08026699999999999,AUT,GBR,850590
8510666,16,81,9292,2015,0.0,6630.0,-0.983347,-1.231542,AZE,GBR,850590
8510667,18,81,9292,2015,599773.0,592042.0,1.329866,1.100641,BEL,GBR,850590
8510668,22,81,9292,2015,0.0,942.0,-1.088465,-0.8745360000000001,BGD,GBR,850590
8510669,23,81,9292,2015,0.0,7120.0,0.45640699999999995,1.691455,BGR,GBR,850590
8510670,24,81,9292,2015,25152.0,19355.0,0.36650900000000003,-0.28735,BHR,GBR,850590
8510671,26,81,9292,2015,0.0,2473.0,0.355903,0.723092,BIH,GBR,850590
8510672,28,81,9292,2015,0.0,5851.0,0.672499,0.5584020000000001,BLR,GBR,850590
8510673,32,81,9292,2015,0.0,484787.0,0.23656799999999997,0.688607,BRA,GBR,850590
8510674,34,81,9292,2015,0.0,1383.0,1.093564,-0.679211,BRN,GBR,850590
8510675,39,81,9292,2015,34798.0,1323682.0,0.695867,1.171676,CAN,GBR,850590
8510676,41,81,9292,2015,739915.0,1333182.0,2.306075,0.720781,CHE,GBR,850590
8510677,42,81,9292,2015,0.0,11148.0,-0.356167,-0.47629399999999994,CHL,GBR,850590
8510678,43,81,9292,2015,10406050.0,5806328.0,1.077143,1.735757,CHN,GBR,850590
8510679,44,81,9292,2015,0.0,2795.0,-0.856142,-0.905292,CIV,GBR,850590
8510680,45,81,9292,2015,0.0,1772.0,-0.924366,-1.040721,CMR,GBR,850590
8510681,47,81,9292,2015,0.0,40132.0,-1.294823,-1.18811,COG,GBR,850590
8510682,49,81,9292,2015,0.0,12143.0,0.156383,-0.183055,COL,GBR,850590
8510683,52,81,9292,2015,0.0,3861.0,0.24859699999999998,-0.033143,CRI,GBR,850590
8510684,58,81,9292,2015,0.0,6180.0,0.511225,-0.207261,CYP,GBR,850590
8510685,59,81,9292,2015,395039.0,753328.0,1.743012,0.45424,CZE,GBR,850590
8510686,61,81,9292,2015,16230708.0,13832530.0,2.203818,-2.307561,DEU,GBR,850590
8510687,64,81,9292,2015,792936.0,322738.0,1.157924,1.2045629999999998,DNK,GBR,850590
8510688,65,81,9292,2015,0.0,3998.0,-0.212808,0.395873,DOM,GBR,850590
8510689,66,81,9292,2015,0.0,12456.0,-1.54346,-1.255633,DZA,GBR,850590
8510690,67,81,9292,2015,0.0,21225.0,-0.9845959999999999,-1.075639,ECU,GBR,850590
8510691,68,81,9292,2015,0.0,114732.0,-0.183053,1.765036,EGY,GBR,850590
8510692,71,81,9292,2015,97387.0,526962.0,0.8173590000000001,2.442556,ESP,GBR,850590
8510693,72,81,9292,2015,1123.0,9943.0,0.9281149999999999,1.1780389999999998,EST,GBR,850590
8510694,73,81,9292,2015,0.0,69747.0,-1.004896,-0.721019,ETH,GBR,850590
8510695,74,81,9292,2015,378094.0,221320.0,1.597817,0.998059,FIN,GBR,850590
8510696,76,81,9292,2015,0.0,6523.0,0.268838,-0.829983,FLK,GBR,850590
8510697,77,81,9292,2015,3558491.0,4359468.0,1.479792,0.6490239999999999,FRA,GBR,850590
8510698,82,81,9292,2015,0.0,2855.0,-0.343663,-0.588017,GEO,GBR,850590
8510699,83,81,9292,2015,0.0,1433.0,-0.750568,-0.690257,GHA,GBR,850590
8510700,90,81,9292,2015,0.0,206649.0,0.099027,1.012289,GRC,GBR,850590
8510701,93,81,9292,2015,0.0,1870.0,-0.284403,0.525564,GTM,GBR,850590
8510702,97,81,9292,2015,753893.0,90763.0,0.8255290000000001,1.8017279999999998,HKG,GBR,850590
8510703,100,81,9292,2015,0.0,3279.0,0.7590140000000001,1.257415,HRV,GBR,850590
8510704,102,81,9292,2015,37920.0,284014.0,1.462839,0.803258,HUN,GBR,850590
8510705,103,81,9292,2015,9070.0,497691.0,-0.145103,1.277362,IDN,GBR,850590
8510706,104,81,9292,2015,636615.0,1265248.0,0.24230900000000002,2.8190880000000003,IND,GBR,850590
8510707,106,81,9292,2015,1023656.0,711454.0,1.304942,0.126431,IRL,GBR,850590
8510708,107,81,9292,2015,0.0,1654.0,-0.258946,-0.0073420000000000004,IRN,GBR,850590
8510709,108,81,9292,2015,0.0,1503.0,-1.465803,-0.912113,IRQ,GBR,850590
8510710,109,81,9292,2015,0.0,16244.0,0.24527600000000002,-0.411616,ISL,GBR,850590
8510711,110,81,9292,2015,28967.0,67637.0,1.260071,0.545545,ISR,GBR,850590
8510712,111,81,9292,2015,1589610.0,946054.0,1.321127,0.747046,ITA,GBR,850590
8510713,113,81,9292,2015,0.0,8000.0,0.121172,0.457301,JOR,GBR,850590
8510714,114,81,9292,2015,1513687.0,4122085.0,2.516133,-0.484202,JPN,GBR,850590
8510715,115,81,9292,2015,1729.0,8498.0,-0.45091499999999995,-0.652026,KAZ,GBR,850590
8510716,116,81,9292,2015,4401.0,2866.0,-0.453564,0.433325,KEN,GBR,850590
8510717,121,81,9292,2015,29922.0,1337319.0,1.900653,0.859406,KOR,GBR,850590
8510718,122,81,9292,2015,0.0,31385.0,-0.352023,-1.153057,KWT,GBR,850590
8510719,124,81,9292,2015,0.0,2620.0,0.317355,1.330374,LBN,GBR,850590
8510720,126,81,9292,2015,0.0,4000.0,-1.3257219999999998,-1.260453,LBY,GBR,850590
8510721,128,81,9292,2015,0.0,1869.0,-0.6773399999999999,0.386343,LKA,GBR,850590
8510722,130,81,9292,2015,0.0,9691.0,0.749429,1.3659860000000001,LTU,GBR,850590
8510723,131,81,9292,2015,1155.0,646036.0,1.218924,1.247152,LUX,GBR,850590
8510724,132,81,9292,2015,0.0,492812.0,0.602209,1.125357,LVA,GBR,850590
8510725,134,81,9292,2015,0.0,42263.0,-0.7554810000000001,-0.059697,MAR,GBR,850590
8510726,137,81,9292,2015,0.0,1195.0,-0.321571,-0.858751,MDV,GBR,850590
8510727,138,81,9292,2015,7211.0,62360.0,1.169724,0.61457,MEX,GBR,850590
8510728,140,81,9292,2015,0.0,1282.0,-0.09009600000000001,-0.147359,MKD,GBR,850590
8510729,142,81,9292,2015,0.0,141686.0,0.880893,-0.117585,MLT,GBR,850590
8510730,148,81,9292,2015,0.0,1641.0,-1.5597450000000002,-1.3209229999999998,MRT,GBR,850590
8510731,151,81,9292,2015,0.0,7577.0,-0.231762,-0.195051,MUS,GBR,850590
8510732,153,81,9292,2015,73835.0,41180.0,1.082803,0.811615,MYS,GBR,850590
8510733,159,81,9292,2015,0.0,75587.0,-1.415451,-1.157829,NGA,GBR,850590
8510734,160,81,9292,2015,0.0,6229.0,-1.102989,-0.952276,NIC,GBR,850590
8510735,162,81,9292,2015,586428.0,4934942.0,1.230104,1.27344,NLD,GBR,850590
8510736,163,81,9292,2015,9715.0,543452.0,0.950708,0.314339,NOR,GBR,850590
8510737,166,81,9292,2015,33923.0,5724.0,0.224598,0.253179,NZL,GBR,850590
8510738,167,81,9292,2015,0.0,20806.0,-0.4699,-1.00451,OMN,GBR,850590
8510739,168,81,9292,2015,0.0,6673.0,-0.7059979999999999,0.73501,PAK,GBR,850590
8510740,173,81,9292,2015,0.0,2110.0,-0.6007819999999999,0.32152800000000004,PER,GBR,850590
8510741,174,81,9292,2015,33787.0,54107.0,0.6406270000000001,0.45770200000000005,PHL,GBR,850590
8510742,177,81,9292,2015,20072.0,3478324.0,1.145844,1.1449280000000002,POL,GBR,850590
8510743,179,81,9292,2015,1249.0,114273.0,0.561922,2.2276380000000002,PRT,GBR,850590
8510744,183,81,9292,2015,0.0,49360.0,-0.077053,-0.9922719999999999,QAT,GBR,850590
8510745,185,81,9292,2015,0.0,463479.0,0.946363,1.056775,ROU,GBR,850590
8510746,186,81,9292,2015,40543.0,296845.0,0.23119,0.035965,RUS,GBR,850590
8510747,187,81,9292,2015,0.0,609.0,-0.755738,-0.4423,RWA,GBR,850590
8510748,188,81,9292,2015,0.0,683617.0,0.5552520000000001,-0.7263229999999999,SAU,GBR,850590
8510749,190,81,9292,2015,0.0,8259.0,-1.420356,-1.218424,SDN,GBR,850590
8510750,192,81,9292,2015,193879.0,453527.0,2.05613,0.593065,SGP,GBR,850590
8510751,201,81,9292,2015,0.0,5674.0,0.457042,1.324908,SRB,GBR,850590
8510752,206,81,9292,2015,0.0,96335.0,1.287133,0.7900560000000001,SVK,GBR,850590
8510753,207,81,9292,2015,30670.0,70521.0,1.6089879999999999,0.833616,SVN,GBR,850590
8510754,208,81,9292,2015,619615.0,4211805.0,1.8068349999999997,0.693389,SWE,GBR,850590
8510755,209,81,9292,2015,0.0,1752.0,0.257467,-0.402491,SWZ,GBR,850590
8510756,215,81,9292,2015,0.0,4580.0,-0.66925,-0.873554,TGO,GBR,850590
8510757,216,81,9292,2015,4091.0,36198.0,0.965888,1.368572,THA,GBR,850590
8510758,222,81,9292,2015,0.0,8073.0,-0.462837,-1.117621,TTO,GBR,850590
8510759,223,81,9292,2015,0.0,2821.0,0.140202,0.967591,TUN,GBR,850590
8510760,224,81,9292,2015,6126.0,3754108.0,0.438669,2.519632,TUR,GBR,850590
8510761,226,81,9292,2015,0.0,4300.0,-1.02395,-0.017509999999999998,TZA,GBR,850590
8510762,227,81,9292,2015,0.0,3556.0,-0.611023,0.078961,UGA,GBR,850590
8510763,228,81,9292,2015,0.0,250088.0,0.429879,0.701813,UKR,GBR,850590
8510764,230,81,9292,2015,0.0,1253.0,0.273876,-0.363695,URY,GBR,850590
8510765,231,81,9292,2015,9393500.0,23109814.0,1.720478,-0.129322,USA,GBR,850590
8510766,236,81,9292,2015,0.0,3210.0,-0.9249129999999999,-1.1877280000000001,VEN,GBR,850590
8510767,239,81,9292,2015,5419.0,1447.0,-0.17108900000000002,1.10995,VNM,GBR,850590
8510768,246,81,9292,2015,1106.0,189120.0,0.24944699999999997,1.7573159999999999,ZAF,GBR,850590
8510769,249,81,9292,2015,370828.0,57001.0,1.962832,1.214982,TWN,GBR,850590
8510770,231,91,9292,2015,4263.0,0.0,1.720478,-0.129322,USA,GRD,850590
8510771,32,93,9292,2015,3272.0,0.0,0.23656799999999997,0.688607,BRA,GTM,850590
8510772,39,93,9292,2015,1782.0,0.0,0.695867,1.171676,CAN,GTM,850590
8510773,41,93,9292,2015,7825.0,0.0,2.306075,0.720781,CHE,GTM,850590
8510774,42,93,9292,2015,3023.0,0.0,-0.356167,-0.47629399999999994,CHL,GTM,850590
8510775,43,93,9292,2015,2162.0,0.0,1.077143,1.735757,CHN,GTM,850590
8510776,49,93,9292,2015,16218.0,0.0,0.156383,-0.183055,COL,GTM,850590
8510777,52,93,9292,2015,27824.0,0.0,0.24859699999999998,-0.033143,CRI,GTM,850590
8510778,61,93,9292,2015,91172.0,0.0,2.203818,-2.307561,DEU,GTM,850590
8510779,71,93,9292,2015,7589.0,0.0,0.8173590000000001,2.442556,ESP,GTM,850590
8510780,81,93,9292,2015,1870.0,0.0,1.7422990000000003,0.75838,GBR,GTM,850590
8510781,99,93,9292,2015,0.0,46489.0,-0.578635,-0.292053,HND,GTM,850590
8510782,104,93,9292,2015,5073.0,0.0,0.24230900000000002,2.8190880000000003,IND,GTM,850590
8510783,111,93,9292,2015,2687.0,0.0,1.321127,0.747046,ITA,GTM,850590
8510784,114,93,9292,2015,1749.0,0.0,2.516133,-0.484202,JPN,GTM,850590
8510785,138,93,9292,2015,205187.0,0.0,1.169724,0.61457,MEX,GTM,850590
8510786,160,93,9292,2015,0.0,2074.0,-1.102989,-0.952276,NIC,GTM,850590
8510787,169,93,9292,2015,22385.0,0.0,0.642058,0.833392,PAN,GTM,850590
8510788,173,93,9292,2015,0.0,9281.0,-0.6007819999999999,0.32152800000000004,PER,GTM,850590
8510789,197,93,9292,2015,1413.0,0.0,0.05531900000000001,0.169073,SLV,GTM,850590
8510790,208,93,9292,2015,5810.0,0.0,1.8068349999999997,0.693389,SWE,GTM,850590
8510791,231,93,9292,2015,199206.0,2100.0,1.720478,-0.129322,USA,GTM,850590
8510792,249,93,9292,2015,1667.0,0.0,1.962832,1.214982,TWN,GTM,850590
8510793,7,97,9292,2015,0.0,2866.0,0.21779600000000002,-0.0047420000000000006,ARE,HKG,850590
8510794,14,97,9292,2015,39004.0,93483.0,-0.292325,-0.043489,AUS,HKG,850590
8510795,15,97,9292,2015,11466.0,269297.0,1.747098,-0.08026699999999999,AUT,HKG,850590
8510796,18,97,9292,2015,4544.0,2323.0,1.329866,1.100641,BEL,HKG,850590
8510797,22,97,9292,2015,0.0,15319.0,-1.088465,-0.8745360000000001,BGD,HKG,850590
8510798,23,97,9292,2015,0.0,12505.0,0.45640699999999995,1.691455,BGR,HKG,850590
8510799,32,97,9292,2015,0.0,7243.0,0.23656799999999997,0.688607,BRA,HKG,850590
8510800,39,97,9292,2015,5270.0,911339.0,0.695867,1.171676,CAN,HKG,850590
8510801,41,97,9292,2015,111257.0,23259.0,2.306075,0.720781,CHE,HKG,850590
8510802,43,97,9292,2015,102041712.0,928614.0,1.077143,1.735757,CHN,HKG,850590
8510803,59,97,9292,2015,29561.0,53988.0,1.743012,0.45424,CZE,HKG,850590
8510804,61,97,9292,2015,731385.0,931941.0,2.203818,-2.307561,DEU,HKG,850590
8510805,64,97,9292,2015,0.0,3794.0,1.157924,1.2045629999999998,DNK,HKG,850590
8510806,65,97,9292,2015,0.0,319002.0,-0.212808,0.395873,DOM,HKG,850590
8510807,71,97,9292,2015,2619.0,12271.0,0.8173590000000001,2.442556,ESP,HKG,850590
8510808,73,97,9292,2015,0.0,813.0,-1.004896,-0.721019,ETH,HKG,850590
8510809,74,97,9292,2015,1022.0,1790.0,1.597817,0.998059,FIN,HKG,850590
8510810,77,97,9292,2015,118409.0,137913.0,1.479792,0.6490239999999999,FRA,HKG,850590
8510811,81,97,9292,2015,90763.0,753893.0,1.7422990000000003,0.75838,GBR,HKG,850590
8510812,99,97,9292,2015,0.0,2831.0,-0.578635,-0.292053,HND,HKG,850590
8510813,102,97,9292,2015,25954.0,3913172.0,1.462839,0.803258,HUN,HKG,850590
8510814,103,97,9292,2015,2218.0,44260.0,-0.145103,1.277362,IDN,HKG,850590
8510815,104,97,9292,2015,2373.0,53513.0,0.24230900000000002,2.8190880000000003,IND,HKG,850590
8510816,106,97,9292,2015,0.0,1146.0,1.304942,0.126431,IRL,HKG,850590
8510817,110,97,9292,2015,5909.0,147541.0,1.260071,0.545545,ISR,HKG,850590
8510818,111,97,9292,2015,91267.0,123324.0,1.321127,0.747046,ITA,HKG,850590
8510819,114,97,9292,2015,4594805.0,577399.0,2.516133,-0.484202,JPN,HKG,850590
8510820,118,97,9292,2015,0.0,8820.0,-0.791985,-0.833046,KHM,HKG,850590
8510821,121,97,9292,2015,25911.0,39405.0,1.900653,0.859406,KOR,HKG,850590
8510822,128,97,9292,2015,0.0,3066.0,-0.6773399999999999,0.386343,LKA,HKG,850590
8510823,133,97,9292,2015,0.0,3886.0,0.296288,0.32009499999999996,MAC,HKG,850590
8510824,137,97,9292,2015,0.0,1776.0,-0.321571,-0.858751,MDV,HKG,850590
8510825,138,97,9292,2015,0.0,422171.0,1.169724,0.61457,MEX,HKG,850590
8510826,153,97,9292,2015,606644.0,171053.0,1.082803,0.811615,MYS,HKG,850590
8510827,162,97,9292,2015,28795.0,260891.0,1.230104,1.27344,NLD,HKG,850590
8510828,163,97,9292,2015,0.0,106734.0,0.950708,0.314339,NOR,HKG,850590
8510829,164,97,9292,2015,0.0,3302.0,-0.290416,0.456716,NPL,HKG,850590
8510830,166,97,9292,2015,0.0,2830.0,0.224598,0.253179,NZL,HKG,850590
8510831,169,97,9292,2015,0.0,15547.0,0.642058,0.833392,PAN,HKG,850590
8510832,173,97,9292,2015,0.0,28393.0,-0.6007819999999999,0.32152800000000004,PER,HKG,850590
8510833,174,97,9292,2015,1415106.0,540791.0,0.6406270000000001,0.45770200000000005,PHL,HKG,850590
8510834,177,97,9292,2015,9317.0,3134005.0,1.145844,1.1449280000000002,POL,HKG,850590
8510835,186,97,9292,2015,5214.0,1218.0,0.23119,0.035965,RUS,HKG,850590
8510836,192,97,9292,2015,328873.0,80175.0,2.05613,0.593065,SGP,HKG,850590
8510837,207,97,9292,2015,0.0,27718.0,1.6089879999999999,0.833616,SVN,HKG,850590
8510838,208,97,9292,2015,2442.0,16129.0,1.8068349999999997,0.693389,SWE,HKG,850590
8510839,216,97,9292,2015,24059.0,128167.0,0.965888,1.368572,THA,HKG,850590
8510840,223,97,9292,2015,0.0,44700.0,0.140202,0.967591,TUN,HKG,850590
8510841,226,97,9292,2015,0.0,1389.0,-1.02395,-0.017509999999999998,TZA,HKG,850590
8510842,231,97,9292,2015,1193772.0,2106434.0,1.720478,-0.129322,USA,HKG,850590
8510843,239,97,9292,2015,1892492.0,273966.0,-0.17108900000000002,1.10995,VNM,HKG,850590
8510844,246,97,9292,2015,0.0,15663.0,0.24944699999999997,1.7573159999999999,ZAF,HKG,850590
8510845,247,97,9292,2015,0.0,14722.0,-0.44792,-0.769586,ZMB,HKG,850590
8510846,249,97,9292,2015,14518229.0,167415.0,1.962832,1.214982,TWN,HKG,850590
8510847,15,99,9292,2015,2101.0,0.0,1.747098,-0.08026699999999999,AUT,HND,850590
8510848,32,99,9292,2015,2899.0,0.0,0.23656799999999997,0.688607,BRA,HND,850590
8510849,41,99,9292,2015,5266.0,0.0,2.306075,0.720781,CHE,HND,850590
8510850,43,99,9292,2015,1598.0,0.0,1.077143,1.735757,CHN,HND,850590
8510851,49,99,9292,2015,6790.0,0.0,0.156383,-0.183055,COL,HND,850590
8510852,52,99,9292,2015,2873.0,0.0,0.24859699999999998,-0.033143,CRI,HND,850590
8510853,61,99,9292,2015,8995.0,0.0,2.203818,-2.307561,DEU,HND,850590
8510854,93,99,9292,2015,46489.0,0.0,-0.284403,0.525564,GTM,HND,850590
8510855,97,99,9292,2015,2831.0,0.0,0.8255290000000001,1.8017279999999998,HKG,HND,850590
8510856,104,99,9292,2015,34569.0,0.0,0.24230900000000002,2.8190880000000003,IND,HND,850590
8510857,111,99,9292,2015,60658.0,0.0,1.321127,0.747046,ITA,HND,850590
8510858,114,99,9292,2015,0.0,1816.0,2.516133,-0.484202,JPN,HND,850590
8510859,138,99,9292,2015,5331.0,0.0,1.169724,0.61457,MEX,HND,850590
8510860,169,99,9292,2015,1001.0,0.0,0.642058,0.833392,PAN,HND,850590
8510861,197,99,9292,2015,9735.0,0.0,0.05531900000000001,0.169073,SLV,HND,850590
8510862,231,99,9292,2015,107310.0,3232.0,1.720478,-0.129322,USA,HND,850590
8510863,7,102,9292,2015,0.0,3193.0,0.21779600000000002,-0.0047420000000000006,ARE,HUN,850590
8510864,8,102,9292,2015,0.0,4704.0,0.116896,0.30330999999999997,ARG,HUN,850590
8510865,14,102,9292,2015,0.0,7764.0,-0.292325,-0.043489,AUS,HUN,850590
8510866,15,102,9292,2015,698869.0,341645.0,1.747098,-0.08026699999999999,AUT,HUN,850590
8510867,18,102,9292,2015,36411.0,13308.0,1.329866,1.100641,BEL,HUN,850590
8510868,23,102,9292,2015,0.0,5836.0,0.45640699999999995,1.691455,BGR,HUN,850590
8510869,26,102,9292,2015,0.0,8176.0,0.355903,0.723092,BIH,HUN,850590
8510870,28,102,9292,2015,0.0,2123.0,0.672499,0.5584020000000001,BLR,HUN,850590
8510871,31,102,9292,2015,0.0,1022.0,-1.051562,-1.067714,BOL,HUN,850590
8510872,32,102,9292,2015,0.0,15509.0,0.23656799999999997,0.688607,BRA,HUN,850590
8510873,39,102,9292,2015,1293.0,57744.0,0.695867,1.171676,CAN,HUN,850590
8510874,41,102,9292,2015,451429.0,1061453.0,2.306075,0.720781,CHE,HUN,850590
8510875,43,102,9292,2015,1376610.0,294134.0,1.077143,1.735757,CHN,HUN,850590
8510876,59,102,9292,2015,1211003.0,19030.0,1.743012,0.45424,CZE,HUN,850590
8510877,61,102,9292,2015,25112494.0,1275969.0,2.203818,-2.307561,DEU,HUN,850590
8510878,64,102,9292,2015,70817.0,3471.0,1.157924,1.2045629999999998,DNK,HUN,850590
8510879,71,102,9292,2015,6529.0,21745.0,0.8173590000000001,2.442556,ESP,HUN,850590
8510880,72,102,9292,2015,0.0,2108.0,0.9281149999999999,1.1780389999999998,EST,HUN,850590
8510881,74,102,9292,2015,2163.0,2211.0,1.597817,0.998059,FIN,HUN,850590
8510882,77,102,9292,2015,1095283.0,1070409.0,1.479792,0.6490239999999999,FRA,HUN,850590
8510883,81,102,9292,2015,284014.0,37920.0,1.7422990000000003,0.75838,GBR,HUN,850590
8510884,97,102,9292,2015,3913172.0,25954.0,0.8255290000000001,1.8017279999999998,HKG,HUN,850590
8510885,100,102,9292,2015,3092.0,17493.0,0.7590140000000001,1.257415,HRV,HUN,850590
8510886,103,102,9292,2015,0.0,9508.0,-0.145103,1.277362,IDN,HUN,850590
8510887,104,102,9292,2015,112023.0,1416.0,0.24230900000000002,2.8190880000000003,IND,HUN,850590
8510888,110,102,9292,2015,0.0,3509.0,1.260071,0.545545,ISR,HUN,850590
8510889,111,102,9292,2015,490663.0,458243.0,1.321127,0.747046,ITA,HUN,850590
8510890,114,102,9292,2015,6737286.0,5043.0,2.516133,-0.484202,JPN,HUN,850590
8510891,121,102,9292,2015,9020420.0,4113.0,1.900653,0.859406,KOR,HUN,850590
8510892,122,102,9292,2015,0.0,2892.0,-0.352023,-1.153057,KWT,HUN,850590
8510893,128,102,9292,2015,0.0,17102.0,-0.6773399999999999,0.386343,LKA,HUN,850590
8510894,130,102,9292,2015,1583.0,1370.0,0.749429,1.3659860000000001,LTU,HUN,850590
8510895,131,102,9292,2015,6035.0,0.0,1.218924,1.247152,LUX,HUN,850590
8510896,134,102,9292,2015,0.0,6380.0,-0.7554810000000001,-0.059697,MAR,HUN,850590
8510897,138,102,9292,2015,0.0,45632.0,1.169724,0.61457,MEX,HUN,850590
8510898,153,102,9292,2015,30401.0,0.0,1.082803,0.811615,MYS,HUN,850590
8510899,160,102,9292,2015,0.0,953.0,-1.102989,-0.952276,NIC,HUN,850590
8510900,162,102,9292,2015,49427.0,56903.0,1.230104,1.27344,NLD,HUN,850590
8510901,163,102,9292,2015,6134.0,0.0,0.950708,0.314339,NOR,HUN,850590
8510902,166,102,9292,2015,0.0,4626.0,0.224598,0.253179,NZL,HUN,850590
8510903,167,102,9292,2015,0.0,4551.0,-0.4699,-1.00451,OMN,HUN,850590
8510904,168,102,9292,2015,0.0,1479.0,-0.7059979999999999,0.73501,PAK,HUN,850590
8510905,173,102,9292,2015,0.0,1799.0,-0.6007819999999999,0.32152800000000004,PER,HUN,850590
8510906,174,102,9292,2015,8500.0,0.0,0.6406270000000001,0.45770200000000005,PHL,HUN,850590
8510907,177,102,9292,2015,1327771.0,5174914.0,1.145844,1.1449280000000002,POL,HUN,850590
8510908,179,102,9292,2015,8586858.0,74342.0,0.561922,2.2276380000000002,PRT,HUN,850590
8510909,183,102,9292,2015,0.0,785.0,-0.077053,-0.9922719999999999,QAT,HUN,850590
8510910,185,102,9292,2015,4812.0,80988.0,0.946363,1.056775,ROU,HUN,850590
8510911,186,102,9292,2015,29827.0,11446.0,0.23119,0.035965,RUS,HUN,850590
8510912,192,102,9292,2015,1952.0,0.0,2.05613,0.593065,SGP,HUN,850590
8510913,201,102,9292,2015,0.0,6072.0,0.457042,1.324908,SRB,HUN,850590
8510914,206,102,9292,2015,409916.0,11482.0,1.287133,0.7900560000000001,SVK,HUN,850590
8510915,207,102,9292,2015,5974.0,4829.0,1.6089879999999999,0.833616,SVN,HUN,850590
8510916,208,102,9292,2015,3885.0,21987.0,1.8068349999999997,0.693389,SWE,HUN,850590
8510917,216,102,9292,2015,16365345.0,0.0,0.965888,1.368572,THA,HUN,850590
8510918,223,102,9292,2015,0.0,948.0,0.140202,0.967591,TUN,HUN,850590
8510919,224,102,9292,2015,87914.0,196533.0,0.438669,2.519632,TUR,HUN,850590
8510920,228,102,9292,2015,20086.0,3700.0,0.429879,0.701813,UKR,HUN,850590
8510921,231,102,9292,2015,92066.0,1248109.0,1.720478,-0.129322,USA,HUN,850590
8510922,239,102,9292,2015,0.0,3344.0,-0.17108900000000002,1.10995,VNM,HUN,850590
8510923,246,102,9292,2015,0.0,5600.0,0.24944699999999997,1.7573159999999999,ZAF,HUN,850590
8510924,249,102,9292,2015,66191.0,416480.0,1.962832,1.214982,TWN,HUN,850590
8510925,7,103,9292,2015,0.0,9802.0,0.21779600000000002,-0.0047420000000000006,ARE,IDN,850590
8510926,8,103,9292,2015,0.0,3714.0,0.116896,0.30330999999999997,ARG,IDN,850590
8510927,10,103,9292,2015,46000.0,0.0,0.9878959999999999,-0.0613,ASM,IDN,850590
8510928,14,103,9292,2015,326542.0,4148.0,-0.292325,-0.043489,AUS,IDN,850590
8510929,15,103,9292,2015,26670.0,0.0,1.747098,-0.08026699999999999,AUT,IDN,850590
8510930,18,103,9292,2015,13578.0,6630.0,1.329866,1.100641,BEL,IDN,850590
8510931,32,103,9292,2015,0.0,414095.0,0.23656799999999997,0.688607,BRA,IDN,850590
8510932,39,103,9292,2015,2175.0,2378.0,0.695867,1.171676,CAN,IDN,850590
8510933,41,103,9292,2015,53368.0,0.0,2.306075,0.720781,CHE,IDN,850590
8510934,43,103,9292,2015,2011519.0,37279.0,1.077143,1.735757,CHN,IDN,850590
8510935,61,103,9292,2015,414701.0,0.0,2.203818,-2.307561,DEU,IDN,850590
8510936,71,103,9292,2015,2538.0,5980.0,0.8173590000000001,2.442556,ESP,IDN,850590
8510937,74,103,9292,2015,778199.0,0.0,1.597817,0.998059,FIN,IDN,850590
8510938,77,103,9292,2015,750933.0,0.0,1.479792,0.6490239999999999,FRA,IDN,850590
8510939,81,103,9292,2015,497691.0,9070.0,1.7422990000000003,0.75838,GBR,IDN,850590
8510940,83,103,9292,2015,0.0,6067.0,-0.750568,-0.690257,GHA,IDN,850590
8510941,97,103,9292,2015,44260.0,2218.0,0.8255290000000001,1.8017279999999998,HKG,IDN,850590
8510942,102,103,9292,2015,9508.0,0.0,1.462839,0.803258,HUN,IDN,850590
8510943,104,103,9292,2015,197429.0,184344.0,0.24230900000000002,2.8190880000000003,IND,IDN,850590
8510944,110,103,9292,2015,596.0,0.0,1.260071,0.545545,ISR,IDN,850590
8510945,111,103,9292,2015,13058.0,0.0,1.321127,0.747046,ITA,IDN,850590
8510946,114,103,9292,2015,9971017.0,1014301.0,2.516133,-0.484202,JPN,IDN,850590
8510947,121,103,9292,2015,655141.0,0.0,1.900653,0.859406,KOR,IDN,850590
8510948,131,103,9292,2015,1949.0,0.0,1.218924,1.247152,LUX,IDN,850590
8510949,138,103,9292,2015,2921.0,2334.0,1.169724,0.61457,MEX,IDN,850590
8510950,153,103,9292,2015,44146.0,4576.0,1.082803,0.811615,MYS,IDN,850590
8510951,162,103,9292,2015,8572.0,16530.0,1.230104,1.27344,NLD,IDN,850590
8510952,167,103,9292,2015,0.0,27210.0,-0.4699,-1.00451,OMN,IDN,850590
8510953,173,103,9292,2015,0.0,5882.0,-0.6007819999999999,0.32152800000000004,PER,IDN,850590
8510954,174,103,9292,2015,35290.0,19628.0,0.6406270000000001,0.45770200000000005,PHL,IDN,850590
8510955,177,103,9292,2015,62218.0,0.0,1.145844,1.1449280000000002,POL,IDN,850590
8510956,183,103,9292,2015,0.0,9953.0,-0.077053,-0.9922719999999999,QAT,IDN,850590
8510957,192,103,9292,2015,3032606.0,489438.0,2.05613,0.593065,SGP,IDN,850590
8510958,197,103,9292,2015,0.0,2014.0,0.05531900000000001,0.169073,SLV,IDN,850590
8510959,206,103,9292,2015,682.0,0.0,1.287133,0.7900560000000001,SVK,IDN,850590
8510960,207,103,9292,2015,10168.0,0.0,1.6089879999999999,0.833616,SVN,IDN,850590
8510961,208,103,9292,2015,1651.0,0.0,1.8068349999999997,0.693389,SWE,IDN,850590
8510962,216,103,9292,2015,234987.0,261905.0,0.965888,1.368572,THA,IDN,850590
8510963,224,103,9292,2015,1905.0,0.0,0.438669,2.519632,TUR,IDN,850590
8510964,231,103,9292,2015,76891.0,1031978.0,1.720478,-0.129322,USA,IDN,850590
8510965,239,103,9292,2015,37248.0,455184.0,-0.17108900000000002,1.10995,VNM,IDN,850590
8510966,249,103,9292,2015,203035.0,0.0,1.962832,1.214982,TWN,IDN,850590
8510967,7,104,9292,2015,24928.0,462053.0,0.21779600000000002,-0.0047420000000000006,ARE,IND,850590
8510968,8,104,9292,2015,3698.0,5849.0,0.116896,0.30330999999999997,ARG,IND,850590
8510969,14,104,9292,2015,10282.0,28363.0,-0.292325,-0.043489,AUS,IND,850590
8510970,15,104,9292,2015,78842.0,0.0,1.747098,-0.08026699999999999,AUT,IND,850590
8510971,16,104,9292,2015,0.0,1060.0,-0.983347,-1.231542,AZE,IND,850590
8510972,18,104,9292,2015,19122.0,84959.0,1.329866,1.100641,BEL,IND,850590
8510973,22,104,9292,2015,0.0,307724.0,-1.088465,-0.8745360000000001,BGD,IND,850590
8510974,32,104,9292,2015,4424.0,23063.0,0.23656799999999997,0.688607,BRA,IND,850590
8510975,34,104,9292,2015,0.0,2054.0,1.093564,-0.679211,BRN,IND,850590
8510976,37,104,9292,2015,0.0,2897.0,-0.14164200000000002,-1.0372059999999999,BWA,IND,850590
8510977,39,104,9292,2015,20612.0,378178.0,0.695867,1.171676,CAN,IND,850590
8510978,41,104,9292,2015,240188.0,75453.0,2.306075,0.720781,CHE,IND,850590
8510979,42,104,9292,2015,0.0,3104.0,-0.356167,-0.47629399999999994,CHL,IND,850590
8510980,43,104,9292,2015,4868784.0,592472.0,1.077143,1.735757,CHN,IND,850590
8510981,44,104,9292,2015,0.0,72014.0,-0.856142,-0.905292,CIV,IND,850590
8510982,46,104,9292,2015,0.0,8484.0,-1.3921290000000002,-1.146549,COD,IND,850590
8510983,47,104,9292,2015,0.0,2217.0,-1.294823,-1.18811,COG,IND,850590
8510984,49,104,9292,2015,0.0,3263.0,0.156383,-0.183055,COL,IND,850590
8510985,59,104,9292,2015,111675.0,5996.0,1.743012,0.45424,CZE,IND,850590
8510986,61,104,9292,2015,5383564.0,1130688.0,2.203818,-2.307561,DEU,IND,850590
8510987,64,104,9292,2015,738022.0,3325.0,1.157924,1.2045629999999998,DNK,IND,850590
8510988,67,104,9292,2015,0.0,1119.0,-0.9845959999999999,-1.075639,ECU,IND,850590
8510989,68,104,9292,2015,0.0,83252.0,-0.183053,1.765036,EGY,IND,850590
8510990,71,104,9292,2015,81355.0,42131.0,0.8173590000000001,2.442556,ESP,IND,850590
8510991,74,104,9292,2015,20759.0,19700.0,1.597817,0.998059,FIN,IND,850590
8510992,77,104,9292,2015,460035.0,52813.0,1.479792,0.6490239999999999,FRA,IND,850590
8510993,81,104,9292,2015,1265248.0,636615.0,1.7422990000000003,0.75838,GBR,IND,850590
8510994,83,104,9292,2015,0.0,85158.0,-0.750568,-0.690257,GHA,IND,850590
8510995,93,104,9292,2015,0.0,5073.0,-0.284403,0.525564,GTM,IND,850590
8510996,97,104,9292,2015,53513.0,2373.0,0.8255290000000001,1.8017279999999998,HKG,IND,850590
8510997,99,104,9292,2015,0.0,34569.0,-0.578635,-0.292053,HND,IND,850590
8510998,102,104,9292,2015,1416.0,112023.0,1.462839,0.803258,HUN,IND,850590
8510999,103,104,9292,2015,184344.0,197429.0,-0.145103,1.277362,IDN,IND,850590
8511000,106,104,9292,2015,83097.0,4668.0,1.304942,0.126431,IRL,IND,850590
8511001,107,104,9292,2015,0.0,229686.0,-0.258946,-0.0073420000000000004,IRN,IND,850590
8511002,110,104,9292,2015,3357.0,3361.0,1.260071,0.545545,ISR,IND,850590
8511003,111,104,9292,2015,1824948.0,276163.0,1.321127,0.747046,ITA,IND,850590
8511004,113,104,9292,2015,0.0,44743.0,0.121172,0.457301,JOR,IND,850590
8511005,114,104,9292,2015,1594482.0,117214.0,2.516133,-0.484202,JPN,IND,850590
8511006,115,104,9292,2015,0.0,5342.0,-0.45091499999999995,-0.652026,KAZ,IND,850590
8511007,116,104,9292,2015,0.0,38024.0,-0.453564,0.433325,KEN,IND,850590
8511008,121,104,9292,2015,1156906.0,204741.0,1.900653,0.859406,KOR,IND,850590
8511009,122,104,9292,2015,0.0,7793.0,-0.352023,-1.153057,KWT,IND,850590
8511010,124,104,9292,2015,0.0,3443.0,0.317355,1.330374,LBN,IND,850590
8511011,128,104,9292,2015,0.0,81951.0,-0.6773399999999999,0.386343,LKA,IND,850590
8511012,136,104,9292,2015,0.0,3980.0,-1.15947,-0.497217,MDG,IND,850590
8511013,137,104,9292,2015,0.0,1792.0,-0.321571,-0.858751,MDV,IND,850590
8511014,138,104,9292,2015,16106.0,20215.0,1.169724,0.61457,MEX,IND,850590
8511015,143,104,9292,2015,0.0,4717.0,-1.4596120000000001,-0.903904,MMR,IND,850590
8511016,151,104,9292,2015,0.0,2019.0,-0.231762,-0.195051,MUS,IND,850590
8511017,153,104,9292,2015,129614.0,156652.0,1.082803,0.811615,MYS,IND,850590
8511018,159,104,9292,2015,0.0,82132.0,-1.415451,-1.157829,NGA,IND,850590
8511019,162,104,9292,2015,51822.0,317457.0,1.230104,1.27344,NLD,IND,850590
8511020,163,104,9292,2015,9368.0,0.0,0.950708,0.314339,NOR,IND,850590
8511021,164,104,9292,2015,0.0,40977.0,-0.290416,0.456716,NPL,IND,850590
8511022,166,104,9292,2015,11263.0,1820.0,0.224598,0.253179,NZL,IND,850590
8511023,167,104,9292,2015,0.0,24323.0,-0.4699,-1.00451,OMN,IND,850590
8511024,173,104,9292,2015,0.0,2070.0,-0.6007819999999999,0.32152800000000004,PER,IND,850590
8511025,174,104,9292,2015,0.0,14693.0,0.6406270000000001,0.45770200000000005,PHL,IND,850590
8511026,177,104,9292,2015,4993.0,30129.0,1.145844,1.1449280000000002,POL,IND,850590
8511027,179,104,9292,2015,1297.0,0.0,0.561922,2.2276380000000002,PRT,IND,850590
8511028,183,104,9292,2015,0.0,43296.0,-0.077053,-0.9922719999999999,QAT,IND,850590
8511029,186,104,9292,2015,244125.0,20262.0,0.23119,0.035965,RUS,IND,850590
8511030,187,104,9292,2015,0.0,39745.0,-0.755738,-0.4423,RWA,IND,850590
8511031,188,104,9292,2015,0.0,178439.0,0.5552520000000001,-0.7263229999999999,SAU,IND,850590
8511032,190,104,9292,2015,0.0,1481.0,-1.420356,-1.218424,SDN,IND,850590
8511033,191,104,9292,2015,0.0,9384.0,-0.708349,-0.296663,SEN,IND,850590
8511034,192,104,9292,2015,352983.0,223530.0,2.05613,0.593065,SGP,IND,850590
8511035,196,104,9292,2015,0.0,1398.0,0.072324,-0.255235,SLE,IND,850590
8511036,206,104,9292,2015,19302.0,740.0,1.287133,0.7900560000000001,SVK,IND,850590
8511037,207,104,9292,2015,6084.0,0.0,1.6089879999999999,0.833616,SVN,IND,850590
8511038,208,104,9292,2015,4336.0,2654.0,1.8068349999999997,0.693389,SWE,IND,850590
8511039,216,104,9292,2015,3359254.0,8251.0,0.965888,1.368572,THA,IND,850590
8511040,222,104,9292,2015,0.0,1311.0,-0.462837,-1.117621,TTO,IND,850590
8511041,223,104,9292,2015,0.0,4869.0,0.140202,0.967591,TUN,IND,850590
8511042,224,104,9292,2015,3648.0,107793.0,0.438669,2.519632,TUR,IND,850590
8511043,226,104,9292,2015,0.0,7066.0,-1.02395,-0.017509999999999998,TZA,IND,850590
8511044,227,104,9292,2015,0.0,13820.0,-0.611023,0.078961,UGA,IND,850590
8511045,228,104,9292,2015,0.0,7057.0,0.429879,0.701813,UKR,IND,850590
8511046,231,104,9292,2015,4003584.0,1633894.0,1.720478,-0.129322,USA,IND,850590
8511047,239,104,9292,2015,3738.0,38782.0,-0.17108900000000002,1.10995,VNM,IND,850590
8511048,243,104,9292,2015,0.0,1498.0,-1.048632,-1.10843,YEM,IND,850590
8511049,246,104,9292,2015,0.0,81959.0,0.24944699999999997,1.7573159999999999,ZAF,IND,850590
8511050,247,104,9292,2015,0.0,6954.0,-0.44792,-0.769586,ZMB,IND,850590
8511051,249,104,9292,2015,381541.0,18859.0,1.962832,1.214982,TWN,IND,850590
8511052,8,110,9292,2015,0.0,1836.0,0.116896,0.30330999999999997,ARG,ISR,850590
8511053,14,110,9292,2015,0.0,24145.0,-0.292325,-0.043489,AUS,ISR,850590
8511054,15,110,9292,2015,11910.0,11644.0,1.747098,-0.08026699999999999,AUT,ISR,850590
8511055,16,110,9292,2015,0.0,32485.0,-0.983347,-1.231542,AZE,ISR,850590
8511056,18,110,9292,2015,7490.0,13804.0,1.329866,1.100641,BEL,ISR,850590
8511057,23,110,9292,2015,0.0,665.0,0.45640699999999995,1.691455,BGR,ISR,850590
8511058,39,110,9292,2015,0.0,192935.0,0.695867,1.171676,CAN,ISR,850590
8511059,41,110,9292,2015,11765.0,54336.0,2.306075,0.720781,CHE,ISR,850590
8511060,42,110,9292,2015,0.0,20908.0,-0.356167,-0.47629399999999994,CHL,ISR,850590
8511061,43,110,9292,2015,565904.0,153064.0,1.077143,1.735757,CHN,ISR,850590
8511062,52,110,9292,2015,0.0,1882.0,0.24859699999999998,-0.033143,CRI,ISR,850590
8511063,58,110,9292,2015,742.0,0.0,0.511225,-0.207261,CYP,ISR,850590
8511064,59,110,9292,2015,4123.0,4678.0,1.743012,0.45424,CZE,ISR,850590
8511065,61,110,9292,2015,776841.0,17701.0,2.203818,-2.307561,DEU,ISR,850590
8511066,64,110,9292,2015,66839.0,0.0,1.157924,1.2045629999999998,DNK,ISR,850590
8511067,71,110,9292,2015,4909.0,10244.0,0.8173590000000001,2.442556,ESP,ISR,850590
8511068,77,110,9292,2015,54613.0,22984.0,1.479792,0.6490239999999999,FRA,ISR,850590
8511069,81,110,9292,2015,67637.0,28967.0,1.7422990000000003,0.75838,GBR,ISR,850590
8511070,83,110,9292,2015,0.0,2914.0,-0.750568,-0.690257,GHA,ISR,850590
8511071,90,110,9292,2015,7258.0,0.0,0.099027,1.012289,GRC,ISR,850590
8511072,97,110,9292,2015,147541.0,5909.0,0.8255290000000001,1.8017279999999998,HKG,ISR,850590
8511073,102,110,9292,2015,3509.0,0.0,1.462839,0.803258,HUN,ISR,850590
8511074,103,110,9292,2015,0.0,596.0,-0.145103,1.277362,IDN,ISR,850590
8511075,104,110,9292,2015,3361.0,3357.0,0.24230900000000002,2.8190880000000003,IND,ISR,850590
8511076,106,110,9292,2015,0.0,2975.0,1.304942,0.126431,IRL,ISR,850590
8511077,111,110,9292,2015,200854.0,28993.0,1.321127,0.747046,ITA,ISR,850590
8511078,114,110,9292,2015,101136.0,27349.0,2.516133,-0.484202,JPN,ISR,850590
8511079,115,110,9292,2015,0.0,1385.0,-0.45091499999999995,-0.652026,KAZ,ISR,850590
8511080,121,110,9292,2015,979.0,57824.0,1.900653,0.859406,KOR,ISR,850590
8511081,138,110,9292,2015,4068.0,4401.0,1.169724,0.61457,MEX,ISR,850590
8511082,162,110,9292,2015,212658.0,47022.0,1.230104,1.27344,NLD,ISR,850590
8511083,163,110,9292,2015,9835.0,27286.0,0.950708,0.314339,NOR,ISR,850590
8511084,166,110,9292,2015,0.0,15720.0,0.224598,0.253179,NZL,ISR,850590
8511085,173,110,9292,2015,0.0,1233.0,-0.6007819999999999,0.32152800000000004,PER,ISR,850590
8511086,174,110,9292,2015,0.0,2309.0,0.6406270000000001,0.45770200000000005,PHL,ISR,850590
8511087,177,110,9292,2015,983.0,18388.0,1.145844,1.1449280000000002,POL,ISR,850590
8511088,186,110,9292,2015,0.0,2005.0,0.23119,0.035965,RUS,ISR,850590
8511089,192,110,9292,2015,0.0,3362.0,2.05613,0.593065,SGP,ISR,850590
8511090,207,110,9292,2015,0.0,19840.0,1.6089879999999999,0.833616,SVN,ISR,850590
8511091,208,110,9292,2015,1261.0,0.0,1.8068349999999997,0.693389,SWE,ISR,850590
8511092,216,110,9292,2015,982.0,4770.0,0.965888,1.368572,THA,ISR,850590
8511093,224,110,9292,2015,1440.0,12875.0,0.438669,2.519632,TUR,ISR,850590
8511094,228,110,9292,2015,0.0,2720.0,0.429879,0.701813,UKR,ISR,850590
8511095,231,110,9292,2015,269123.0,573378.0,1.720478,-0.129322,USA,ISR,850590
8511096,239,110,9292,2015,4852.0,2014.0,-0.17108900000000002,1.10995,VNM,ISR,850590
8511097,246,110,9292,2015,0.0,22151.0,0.24944699999999997,1.7573159999999999,ZAF,ISR,850590
8511098,249,110,9292,2015,30347.0,0.0,1.962832,1.214982,TWN,ISR,850590
8511099,250,110,9292,2015,0.0,4000.0,0.377283,-0.092204,ANS,ISR,850590
8511100,2,111,9292,2015,0.0,1344.0,-1.6542,-1.2598989999999999,AGO,ITA,850590
8511101,4,111,9292,2015,0.0,147401.0,-0.601875,-0.27003,ALB,ITA,850590
8511102,7,111,9292,2015,11665.0,1032265.0,0.21779600000000002,-0.0047420000000000006,ARE,ITA,850590
8511103,8,111,9292,2015,4060.0,730843.0,0.116896,0.30330999999999997,ARG,ITA,850590
8511104,9,111,9292,2015,0.0,5902.0,0.037579,-0.42448800000000003,ARM,ITA,850590
8511105,14,111,9292,2015,2628.0,471704.0,-0.292325,-0.043489,AUS,ITA,850590
8511106,15,111,9292,2015,1819415.0,3913652.0,1.747098,-0.08026699999999999,AUT,ITA,850590
8511107,16,111,9292,2015,0.0,42808.0,-0.983347,-1.231542,AZE,ITA,850590
8511108,18,111,9292,2015,1536881.0,1513201.0,1.329866,1.100641,BEL,ITA,850590
8511109,22,111,9292,2015,0.0,5563.0,-1.088465,-0.8745360000000001,BGD,ITA,850590
8511110,23,111,9292,2015,681452.0,745965.0,0.45640699999999995,1.691455,BGR,ITA,850590
8511111,24,111,9292,2015,0.0,4214.0,0.36650900000000003,-0.28735,BHR,ITA,850590
8511112,25,111,9292,2015,0.0,1344.0,0.669493,-0.37838099999999997,BHS,ITA,850590
8511113,26,111,9292,2015,4080.0,5530.0,0.355903,0.723092,BIH,ITA,850590
8511114,28,111,9292,2015,0.0,5524.0,0.672499,0.5584020000000001,BLR,ITA,850590
8511115,31,111,9292,2015,0.0,2908.0,-1.051562,-1.067714,BOL,ITA,850590
8511116,32,111,9292,2015,1625.0,1053469.0,0.23656799999999997,0.688607,BRA,ITA,850590
8511117,39,111,9292,2015,12046.0,149971.0,0.695867,1.171676,CAN,ITA,850590
8511118,41,111,9292,2015,504114.0,657977.0,2.306075,0.720781,CHE,ITA,850590
8511119,42,111,9292,2015,0.0,37891.0,-0.356167,-0.47629399999999994,CHL,ITA,850590
8511120,43,111,9292,2015,4141481.0,4059662.0,1.077143,1.735757,CHN,ITA,850590
8511121,44,111,9292,2015,0.0,7887.0,-0.856142,-0.905292,CIV,ITA,850590
8511122,45,111,9292,2015,0.0,5909.0,-0.924366,-1.040721,CMR,ITA,850590
8511123,47,111,9292,2015,0.0,1192.0,-1.294823,-1.18811,COG,ITA,850590
8511124,49,111,9292,2015,0.0,8873.0,0.156383,-0.183055,COL,ITA,850590
8511125,52,111,9292,2015,0.0,1768.0,0.24859699999999998,-0.033143,CRI,ITA,850590
8511126,58,111,9292,2015,0.0,3939.0,0.511225,-0.207261,CYP,ITA,850590
8511127,59,111,9292,2015,1678747.0,1643996.0,1.743012,0.45424,CZE,ITA,850590
8511128,61,111,9292,2015,18660454.0,17157982.0,2.203818,-2.307561,DEU,ITA,850590
8511129,64,111,9292,2015,1780768.0,561929.0,1.157924,1.2045629999999998,DNK,ITA,850590
8511130,65,111,9292,2015,0.0,15662.0,-0.212808,0.395873,DOM,ITA,850590
8511131,66,111,9292,2015,0.0,152621.0,-1.54346,-1.255633,DZA,ITA,850590
8511132,67,111,9292,2015,0.0,15085.0,-0.9845959999999999,-1.075639,ECU,ITA,850590
8511133,68,111,9292,2015,3673.0,92286.0,-0.183053,1.765036,EGY,ITA,850590
8511134,71,111,9292,2015,106817.0,3261925.0,0.8173590000000001,2.442556,ESP,ITA,850590
8511135,72,111,9292,2015,0.0,14381.0,0.9281149999999999,1.1780389999999998,EST,ITA,850590
8511136,73,111,9292,2015,0.0,2158.0,-1.004896,-0.721019,ETH,ITA,850590
8511137,74,111,9292,2015,43294.0,710157.0,1.597817,0.998059,FIN,ITA,850590
8511138,77,111,9292,2015,2047451.0,6356447.0,1.479792,0.6490239999999999,FRA,ITA,850590
8511139,81,111,9292,2015,946054.0,1589610.0,1.7422990000000003,0.75838,GBR,ITA,850590
8511140,82,111,9292,2015,0.0,1940.0,-0.343663,-0.588017,GEO,ITA,850590
8511141,83,111,9292,2015,0.0,1257.0,-0.750568,-0.690257,GHA,ITA,850590
8511142,85,111,9292,2015,106655.0,0.0,-1.288329,-1.167532,GIN,ITA,850590
8511143,90,111,9292,2015,4869.0,356389.0,0.099027,1.012289,GRC,ITA,850590
8511144,93,111,9292,2015,0.0,2687.0,-0.284403,0.525564,GTM,ITA,850590
8511145,97,111,9292,2015,123324.0,91267.0,0.8255290000000001,1.8017279999999998,HKG,ITA,850590
8511146,99,111,9292,2015,0.0,60658.0,-0.578635,-0.292053,HND,ITA,850590
8511147,100,111,9292,2015,358208.0,539356.0,0.7590140000000001,1.257415,HRV,ITA,850590
8511148,102,111,9292,2015,458243.0,490663.0,1.462839,0.803258,HUN,ITA,850590
8511149,103,111,9292,2015,0.0,13058.0,-0.145103,1.277362,IDN,ITA,850590
8511150,104,111,9292,2015,276163.0,1824948.0,0.24230900000000002,2.8190880000000003,IND,ITA,850590
8511151,106,111,9292,2015,3594791.0,42061.0,1.304942,0.126431,IRL,ITA,850590
8511152,107,111,9292,2015,0.0,74661.0,-0.258946,-0.0073420000000000004,IRN,ITA,850590
8511153,108,111,9292,2015,0.0,10867.0,-1.465803,-0.912113,IRQ,ITA,850590
8511154,109,111,9292,2015,0.0,21026.0,0.24527600000000002,-0.411616,ISL,ITA,850590
8511155,110,111,9292,2015,28993.0,200854.0,1.260071,0.545545,ISR,ITA,850590
8511156,113,111,9292,2015,799.0,95475.0,0.121172,0.457301,JOR,ITA,850590
8511157,114,111,9292,2015,1842453.0,525657.0,2.516133,-0.484202,JPN,ITA,850590
8511158,115,111,9292,2015,0.0,8578.0,-0.45091499999999995,-0.652026,KAZ,ITA,850590
8511159,116,111,9292,2015,0.0,2065.0,-0.453564,0.433325,KEN,ITA,850590
8511160,117,111,9292,2015,0.0,1616.0,0.02058,0.438692,KGZ,ITA,850590
8511161,121,111,9292,2015,8007226.0,1341032.0,1.900653,0.859406,KOR,ITA,850590
8511162,122,111,9292,2015,0.0,104951.0,-0.352023,-1.153057,KWT,ITA,850590
8511163,124,111,9292,2015,0.0,96720.0,0.317355,1.330374,LBN,ITA,850590
8511164,126,111,9292,2015,0.0,5335.0,-1.3257219999999998,-1.260453,LBY,ITA,850590
8511165,128,111,9292,2015,0.0,5872.0,-0.6773399999999999,0.386343,LKA,ITA,850590
8511166,130,111,9292,2015,0.0,395776.0,0.749429,1.3659860000000001,LTU,ITA,850590
8511167,131,111,9292,2015,1805.0,17983.0,1.218924,1.247152,LUX,ITA,850590
8511168,132,111,9292,2015,0.0,6145.0,0.602209,1.125357,LVA,ITA,850590
8511169,134,111,9292,2015,38260.0,188198.0,-0.7554810000000001,-0.059697,MAR,ITA,850590
8511170,135,111,9292,2015,0.0,4746.0,-0.313837,-0.20393,MDA,ITA,850590
8511171,136,111,9292,2015,0.0,2332.0,-1.15947,-0.497217,MDG,ITA,850590
8511172,137,111,9292,2015,0.0,1477.0,-0.321571,-0.858751,MDV,ITA,850590
8511173,138,111,9292,2015,45347.0,676823.0,1.169724,0.61457,MEX,ITA,850590
8511174,140,111,9292,2015,13318.0,75698.0,-0.09009600000000001,-0.147359,MKD,ITA,850590
8511175,142,111,9292,2015,0.0,10982.0,0.880893,-0.117585,MLT,ITA,850590
8511176,143,111,9292,2015,0.0,1994.0,-1.4596120000000001,-0.903904,MMR,ITA,850590
8511177,151,111,9292,2015,0.0,1044.0,-0.231762,-0.195051,MUS,ITA,850590
8511178,153,111,9292,2015,12126.0,48190.0,1.082803,0.811615,MYS,ITA,850590
8511179,156,111,9292,2015,0.0,2171.0,-0.727911,-0.844562,NCL,ITA,850590
8511180,159,111,9292,2015,0.0,19903.0,-1.415451,-1.157829,NGA,ITA,850590
8511181,160,111,9292,2015,0.0,1558.0,-1.102989,-0.952276,NIC,ITA,850590
8511182,162,111,9292,2015,455664.0,1033234.0,1.230104,1.27344,NLD,ITA,850590
8511183,163,111,9292,2015,0.0,167141.0,0.950708,0.314339,NOR,ITA,850590
8511184,164,111,9292,2015,0.0,1025.0,-0.290416,0.456716,NPL,ITA,850590
8511185,166,111,9292,2015,232409.0,53010.0,0.224598,0.253179,NZL,ITA,850590
8511186,167,111,9292,2015,0.0,79602.0,-0.4699,-1.00451,OMN,ITA,850590
8511187,168,111,9292,2015,0.0,5543.0,-0.7059979999999999,0.73501,PAK,ITA,850590
8511188,173,111,9292,2015,0.0,44348.0,-0.6007819999999999,0.32152800000000004,PER,ITA,850590
8511189,174,111,9292,2015,0.0,1246.0,0.6406270000000001,0.45770200000000005,PHL,ITA,850590
8511190,177,111,9292,2015,776526.0,2568269.0,1.145844,1.1449280000000002,POL,ITA,850590
8511191,179,111,9292,2015,33865.0,519881.0,0.561922,2.2276380000000002,PRT,ITA,850590
8511192,180,111,9292,2015,0.0,5386.0,-0.471106,-0.9431139999999999,PRY,ITA,850590
8511193,181,111,9292,2015,0.0,325.0,0.060575,0.5649489999999999,PSE,ITA,850590
8511194,183,111,9292,2015,8326.0,39992.0,-0.077053,-0.9922719999999999,QAT,ITA,850590
8511195,185,111,9292,2015,52864.0,3324611.0,0.946363,1.056775,ROU,ITA,850590
8511196,186,111,9292,2015,0.0,329239.0,0.23119,0.035965,RUS,ITA,850590
8511197,188,111,9292,2015,0.0,630045.0,0.5552520000000001,-0.7263229999999999,SAU,ITA,850590
8511198,190,111,9292,2015,0.0,4475.0,-1.420356,-1.218424,SDN,ITA,850590
8511199,191,111,9292,2015,0.0,5740.0,-0.708349,-0.296663,SEN,ITA,850590
8511200,192,111,9292,2015,2698.0,322830.0,2.05613,0.593065,SGP,ITA,850590
8511201,196,111,9292,2015,0.0,954.0,0.072324,-0.255235,SLE,ITA,850590
8511202,197,111,9292,2015,0.0,1057.0,0.05531900000000001,0.169073,SLV,ITA,850590
8511203,201,111,9292,2015,0.0,70023.0,0.457042,1.324908,SRB,ITA,850590
8511204,206,111,9292,2015,75703.0,654663.0,1.287133,0.7900560000000001,SVK,ITA,850590
8511205,207,111,9292,2015,43623.0,483211.0,1.6089879999999999,0.833616,SVN,ITA,850590
8511206,208,111,9292,2015,148259.0,775279.0,1.8068349999999997,0.693389,SWE,ITA,850590
8511207,212,111,9292,2015,0.0,21120.0,-0.603532,0.313216,SYR,ITA,850590
8511208,216,111,9292,2015,3920.0,93222.0,0.965888,1.368572,THA,ITA,850590
8511209,223,111,9292,2015,4847.0,131131.0,0.140202,0.967591,TUN,ITA,850590
8511210,224,111,9292,2015,49863.0,647351.0,0.438669,2.519632,TUR,ITA,850590
8511211,226,111,9292,2015,0.0,6769.0,-1.02395,-0.017509999999999998,TZA,ITA,850590
8511212,228,111,9292,2015,1473.0,3033.0,0.429879,0.701813,UKR,ITA,850590
8511213,230,111,9292,2015,0.0,2361.0,0.273876,-0.363695,URY,ITA,850590
8511214,231,111,9292,2015,1480353.0,16613223.0,1.720478,-0.129322,USA,ITA,850590
8511215,236,111,9292,2015,0.0,7865.0,-0.9249129999999999,-1.1877280000000001,VEN,ITA,850590
8511216,239,111,9292,2015,14821.0,3145236.0,-0.17108900000000002,1.10995,VNM,ITA,850590
8511217,246,111,9292,2015,1094.0,77532.0,0.24944699999999997,1.7573159999999999,ZAF,ITA,850590
8511218,247,111,9292,2015,0.0,1540.0,-0.44792,-0.769586,ZMB,ITA,850590
8511219,249,111,9292,2015,249462.0,304270.0,1.962832,1.214982,TWN,ITA,850590
8511220,57,112,9292,2015,0.0,1619.0,0.275472,-0.831835,CYM,JAM,850590
8511221,61,112,9292,2015,7648.0,0.0,2.203818,-2.307561,DEU,JAM,850590
8511222,114,112,9292,2015,4518.0,0.0,2.516133,-0.484202,JPN,JAM,850590
8511223,231,112,9292,2015,28770.0,0.0,1.720478,-0.129322,USA,JAM,850590
8511224,237,112,9292,2015,2237.0,0.0,0.914493,-0.31357399999999996,VGB,JAM,850590
8511225,41,113,9292,2015,0.0,17404.0,2.306075,0.720781,CHE,JOR,850590
8511226,43,113,9292,2015,9307.0,0.0,1.077143,1.735757,CHN,JOR,850590
8511227,59,113,9292,2015,926.0,0.0,1.743012,0.45424,CZE,JOR,850590
8511228,61,113,9292,2015,55254.0,0.0,2.203818,-2.307561,DEU,JOR,850590
8511229,64,113,9292,2015,83152.0,0.0,1.157924,1.2045629999999998,DNK,JOR,850590
8511230,71,113,9292,2015,676353.0,0.0,0.8173590000000001,2.442556,ESP,JOR,850590
8511231,77,113,9292,2015,4089.0,0.0,1.479792,0.6490239999999999,FRA,JOR,850590
8511232,81,113,9292,2015,8000.0,0.0,1.7422990000000003,0.75838,GBR,JOR,850590
8511233,104,113,9292,2015,44743.0,0.0,0.24230900000000002,2.8190880000000003,IND,JOR,850590
8511234,111,113,9292,2015,95475.0,799.0,1.321127,0.747046,ITA,JOR,850590
8511235,162,113,9292,2015,125882.0,0.0,1.230104,1.27344,NLD,JOR,850590
8511236,208,113,9292,2015,3966.0,0.0,1.8068349999999997,0.693389,SWE,JOR,850590
8511237,224,113,9292,2015,3309.0,0.0,0.438669,2.519632,TUR,JOR,850590
8511238,231,113,9292,2015,17928.0,0.0,1.720478,-0.129322,USA,JOR,850590
8511239,249,113,9292,2015,974.0,0.0,1.962832,1.214982,TWN,JOR,850590
8511240,2,114,9292,2015,0.0,7639.0,-1.6542,-1.2598989999999999,AGO,JPN,850590
8511241,7,114,9292,2015,0.0,42555.0,0.21779600000000002,-0.0047420000000000006,ARE,JPN,850590
8511242,8,114,9292,2015,0.0,16125.0,0.116896,0.30330999999999997,ARG,JPN,850590
8511243,14,114,9292,2015,3079.0,86690.0,-0.292325,-0.043489,AUS,JPN,850590
8511244,15,114,9292,2015,10096.0,8227.0,1.747098,-0.08026699999999999,AUT,JPN,850590
8511245,16,114,9292,2015,0.0,1926.0,-0.983347,-1.231542,AZE,JPN,850590
8511246,18,114,9292,2015,12412.0,624961.0,1.329866,1.100641,BEL,JPN,850590
8511247,22,114,9292,2015,0.0,5876.0,-1.088465,-0.8745360000000001,BGD,JPN,850590
8511248,23,114,9292,2015,0.0,23632.0,0.45640699999999995,1.691455,BGR,JPN,850590
8511249,24,114,9292,2015,0.0,9246.0,0.36650900000000003,-0.28735,BHR,JPN,850590
8511250,28,114,9292,2015,0.0,562.0,0.672499,0.5584020000000001,BLR,JPN,850590
8511251,31,114,9292,2015,0.0,1915.0,-1.051562,-1.067714,BOL,JPN,850590
8511252,32,114,9292,2015,33978.0,1420511.0,0.23656799999999997,0.688607,BRA,JPN,850590
8511253,33,114,9292,2015,0.0,1137.0,0.453689,0.039237,BRB,JPN,850590
8511254,39,114,9292,2015,2683.0,111974.0,0.695867,1.171676,CAN,JPN,850590
8511255,41,114,9292,2015,1139256.0,420298.0,2.306075,0.720781,CHE,JPN,850590
8511256,42,114,9292,2015,0.0,34429.0,-0.356167,-0.47629399999999994,CHL,JPN,850590
8511257,43,114,9292,2015,49686648.0,83175456.0,1.077143,1.735757,CHN,JPN,850590
8511258,44,114,9292,2015,0.0,838.0,-0.856142,-0.905292,CIV,JPN,850590
8511259,49,114,9292,2015,0.0,2593.0,0.156383,-0.183055,COL,JPN,850590
8511260,59,114,9292,2015,65933.0,473924.0,1.743012,0.45424,CZE,JPN,850590
8511261,61,114,9292,2015,3982240.0,35165112.0,2.203818,-2.307561,DEU,JPN,850590
8511262,64,114,9292,2015,29392.0,13586.0,1.157924,1.2045629999999998,DNK,JPN,850590
8511263,65,114,9292,2015,0.0,1897.0,-0.212808,0.395873,DOM,JPN,850590
8511264,66,114,9292,2015,0.0,2517.0,-1.54346,-1.255633,DZA,JPN,850590
8511265,67,114,9292,2015,0.0,7106.0,-0.9845959999999999,-1.075639,ECU,JPN,850590
8511266,68,114,9292,2015,0.0,13915.0,-0.183053,1.765036,EGY,JPN,850590
8511267,71,114,9292,2015,67040.0,470032.0,0.8173590000000001,2.442556,ESP,JPN,850590
8511268,72,114,9292,2015,0.0,909.0,0.9281149999999999,1.1780389999999998,EST,JPN,850590
8511269,73,114,9292,2015,0.0,850.0,-1.004896,-0.721019,ETH,JPN,850590
8511270,74,114,9292,2015,6016.0,14715.0,1.597817,0.998059,FIN,JPN,850590
8511271,75,114,9292,2015,0.0,3511.0,-0.481968,-0.201468,FJI,JPN,850590
8511272,77,114,9292,2015,1114953.0,10724458.0,1.479792,0.6490239999999999,FRA,JPN,850590
8511273,81,114,9292,2015,4122085.0,1513687.0,1.7422990000000003,0.75838,GBR,JPN,850590
8511274,83,114,9292,2015,0.0,6791.0,-0.750568,-0.690257,GHA,JPN,850590
8511275,93,114,9292,2015,0.0,1749.0,-0.284403,0.525564,GTM,JPN,850590
8511276,97,114,9292,2015,577399.0,4594805.0,0.8255290000000001,1.8017279999999998,HKG,JPN,850590
8511277,99,114,9292,2015,1816.0,0.0,-0.578635,-0.292053,HND,JPN,850590
8511278,102,114,9292,2015,5043.0,6737286.0,1.462839,0.803258,HUN,JPN,850590
8511279,103,114,9292,2015,1014301.0,9971017.0,-0.145103,1.277362,IDN,JPN,850590
8511280,104,114,9292,2015,117214.0,1594482.0,0.24230900000000002,2.8190880000000003,IND,JPN,850590
8511281,106,114,9292,2015,83250.0,33139.0,1.304942,0.126431,IRL,JPN,850590
8511282,109,114,9292,2015,0.0,3023.0,0.24527600000000002,-0.411616,ISL,JPN,850590
8511283,110,114,9292,2015,27349.0,101136.0,1.260071,0.545545,ISR,JPN,850590
8511284,111,114,9292,2015,525657.0,1842453.0,1.321127,0.747046,ITA,JPN,850590
8511285,112,114,9292,2015,0.0,4518.0,-0.438267,-0.828097,JAM,JPN,850590
8511286,116,114,9292,2015,0.0,26924.0,-0.453564,0.433325,KEN,JPN,850590
8511287,118,114,9292,2015,0.0,6862.0,-0.791985,-0.833046,KHM,JPN,850590
8511288,121,114,9292,2015,6447815.0,3173046.0,1.900653,0.859406,KOR,JPN,850590
8511289,122,114,9292,2015,0.0,27270.0,-0.352023,-1.153057,KWT,JPN,850590
8511290,124,114,9292,2015,0.0,2648.0,0.317355,1.330374,LBN,JPN,850590
8511291,128,114,9292,2015,0.0,92885.0,-0.6773399999999999,0.386343,LKA,JPN,850590
8511292,131,114,9292,2015,6529.0,0.0,1.218924,1.247152,LUX,JPN,850590
8511293,134,114,9292,2015,0.0,3793.0,-0.7554810000000001,-0.059697,MAR,JPN,850590
8511294,135,114,9292,2015,0.0,735.0,-0.313837,-0.20393,MDA,JPN,850590
8511295,138,114,9292,2015,309942.0,4041156.0,1.169724,0.61457,MEX,JPN,850590
8511296,140,114,9292,2015,0.0,722.0,-0.09009600000000001,-0.147359,MKD,JPN,850590
8511297,142,114,9292,2015,0.0,2160.0,0.880893,-0.117585,MLT,JPN,850590
8511298,143,114,9292,2015,0.0,7534.0,-1.4596120000000001,-0.903904,MMR,JPN,850590
8511299,145,114,9292,2015,0.0,8251.0,-1.244368,-1.196677,MNG,JPN,850590
8511300,147,114,9292,2015,0.0,23470.0,-1.293809,-1.115069,MOZ,JPN,850590
8511301,153,114,9292,2015,373771.0,1999566.0,1.082803,0.811615,MYS,JPN,850590
8511302,159,114,9292,2015,0.0,2718.0,-1.415451,-1.157829,NGA,JPN,850590
8511303,160,114,9292,2015,0.0,3192.0,-1.102989,-0.952276,NIC,JPN,850590
8511304,162,114,9292,2015,17487.0,670593.0,1.230104,1.27344,NLD,JPN,850590
8511305,163,114,9292,2015,2026.0,147864.0,0.950708,0.314339,NOR,JPN,850590
8511306,164,114,9292,2015,2033.0,0.0,-0.290416,0.456716,NPL,JPN,850590
8511307,166,114,9292,2015,20167788.0,78769.0,0.224598,0.253179,NZL,JPN,850590
8511308,167,114,9292,2015,0.0,10748.0,-0.4699,-1.00451,OMN,JPN,850590
8511309,168,114,9292,2015,0.0,15006.0,-0.7059979999999999,0.73501,PAK,JPN,850590
8511310,169,114,9292,2015,0.0,2330.0,0.642058,0.833392,PAN,JPN,850590
8511311,173,114,9292,2015,0.0,3761.0,-0.6007819999999999,0.32152800000000004,PER,JPN,850590
8511312,174,114,9292,2015,17966746.0,2669068.0,0.6406270000000001,0.45770200000000005,PHL,JPN,850590
8511313,177,114,9292,2015,296413.0,8406500.0,1.145844,1.1449280000000002,POL,JPN,850590
8511314,179,114,9292,2015,0.0,11650.0,0.561922,2.2276380000000002,PRT,JPN,850590
8511315,180,114,9292,2015,0.0,1077.0,-0.471106,-0.9431139999999999,PRY,JPN,850590
8511316,183,114,9292,2015,0.0,17862.0,-0.077053,-0.9922719999999999,QAT,JPN,850590
8511317,185,114,9292,2015,0.0,50159.0,0.946363,1.056775,ROU,JPN,850590
8511318,186,114,9292,2015,0.0,96652.0,0.23119,0.035965,RUS,JPN,850590
8511319,188,114,9292,2015,0.0,13166.0,0.5552520000000001,-0.7263229999999999,SAU,JPN,850590
8511320,191,114,9292,2015,0.0,7551.0,-0.708349,-0.296663,SEN,JPN,850590
8511321,192,114,9292,2015,3341301.0,6089708.0,2.05613,0.593065,SGP,JPN,850590
8511322,197,114,9292,2015,0.0,3543.0,0.05531900000000001,0.169073,SLV,JPN,850590
8511323,201,114,9292,2015,0.0,1996.0,0.457042,1.324908,SRB,JPN,850590
8511324,206,114,9292,2015,39659.0,2067.0,1.287133,0.7900560000000001,SVK,JPN,850590
8511325,207,114,9292,2015,35825.0,2719.0,1.6089879999999999,0.833616,SVN,JPN,850590
8511326,208,114,9292,2015,317873.0,198158.0,1.8068349999999997,0.693389,SWE,JPN,850590
8511327,216,114,9292,2015,2168762.0,22344468.0,0.965888,1.368572,THA,JPN,850590
8511328,222,114,9292,2015,0.0,8329.0,-0.462837,-1.117621,TTO,JPN,850590
8511329,224,114,9292,2015,48920.0,108159.0,0.438669,2.519632,TUR,JPN,850590
8511330,228,114,9292,2015,1448.0,1674.0,0.429879,0.701813,UKR,JPN,850590
8511331,230,114,9292,2015,0.0,2579.0,0.273876,-0.363695,URY,JPN,850590
8511332,231,114,9292,2015,4547216.0,76429736.0,1.720478,-0.129322,USA,JPN,850590
8511333,232,114,9292,2015,0.0,8545.0,-0.724966,-0.599292,UZB,JPN,850590
8511334,236,114,9292,2015,0.0,18363.0,-0.9249129999999999,-1.1877280000000001,VEN,JPN,850590
8511335,239,114,9292,2015,4203290.0,7096286.0,-0.17108900000000002,1.10995,VNM,JPN,850590
8511336,246,114,9292,2015,0.0,78899.0,0.24944699999999997,1.7573159999999999,ZAF,JPN,850590
8511337,249,114,9292,2015,4276875.0,3069470.0,1.962832,1.214982,TWN,JPN,850590
8511338,7,121,9292,2015,1588.0,38650.0,0.21779600000000002,-0.0047420000000000006,ARE,KOR,850590
8511339,8,121,9292,2015,0.0,11340.0,0.116896,0.30330999999999997,ARG,KOR,850590
8511340,14,121,9292,2015,4914.0,37596.0,-0.292325,-0.043489,AUS,KOR,850590
8511341,15,121,9292,2015,32563.0,0.0,1.747098,-0.08026699999999999,AUT,KOR,850590
8511342,18,121,9292,2015,25936.0,4114.0,1.329866,1.100641,BEL,KOR,850590
8511343,22,121,9292,2015,0.0,2005.0,-1.088465,-0.8745360000000001,BGD,KOR,850590
8511344,32,121,9292,2015,0.0,2648526.0,0.23656799999999997,0.688607,BRA,KOR,850590
8511345,37,121,9292,2015,0.0,851.0,-0.14164200000000002,-1.0372059999999999,BWA,KOR,850590
8511346,39,121,9292,2015,16343.0,274146.0,0.695867,1.171676,CAN,KOR,850590
8511347,41,121,9292,2015,942426.0,9810.0,2.306075,0.720781,CHE,KOR,850590
8511348,42,121,9292,2015,0.0,3331.0,-0.356167,-0.47629399999999994,CHL,KOR,850590
8511349,43,121,9292,2015,18668018.0,15684705.0,1.077143,1.735757,CHN,KOR,850590
8511350,49,121,9292,2015,0.0,4247.0,0.156383,-0.183055,COL,KOR,850590
8511351,52,121,9292,2015,0.0,1530.0,0.24859699999999998,-0.033143,CRI,KOR,850590
8511352,59,121,9292,2015,31542.0,4450.0,1.743012,0.45424,CZE,KOR,850590
8511353,61,121,9292,2015,3930131.0,849938.0,2.203818,-2.307561,DEU,KOR,850590
8511354,64,121,9292,2015,132980.0,28027.0,1.157924,1.2045629999999998,DNK,KOR,850590
8511355,65,121,9292,2015,0.0,1217.0,-0.212808,0.395873,DOM,KOR,850590
8511356,67,121,9292,2015,0.0,2964.0,-0.9845959999999999,-1.075639,ECU,KOR,850590
8511357,68,121,9292,2015,0.0,117113.0,-0.183053,1.765036,EGY,KOR,850590
8511358,71,121,9292,2015,2517.0,3248.0,0.8173590000000001,2.442556,ESP,KOR,850590
8511359,72,121,9292,2015,0.0,1056.0,0.9281149999999999,1.1780389999999998,EST,KOR,850590
8511360,74,121,9292,2015,0.0,1353.0,1.597817,0.998059,FIN,KOR,850590
8511361,77,121,9292,2015,1297046.0,1490318.0,1.479792,0.6490239999999999,FRA,KOR,850590
8511362,81,121,9292,2015,1337319.0,29922.0,1.7422990000000003,0.75838,GBR,KOR,850590
8511363,97,121,9292,2015,39405.0,25911.0,0.8255290000000001,1.8017279999999998,HKG,KOR,850590
8511364,102,121,9292,2015,4113.0,9020420.0,1.462839,0.803258,HUN,KOR,850590
8511365,103,121,9292,2015,0.0,655141.0,-0.145103,1.277362,IDN,KOR,850590
8511366,104,121,9292,2015,204741.0,1156906.0,0.24230900000000002,2.8190880000000003,IND,KOR,850590
8511367,106,121,9292,2015,5590.0,5523.0,1.304942,0.126431,IRL,KOR,850590
8511368,107,121,9292,2015,0.0,69354.0,-0.258946,-0.0073420000000000004,IRN,KOR,850590
8511369,110,121,9292,2015,57824.0,979.0,1.260071,0.545545,ISR,KOR,850590
8511370,111,121,9292,2015,1341032.0,8007226.0,1.321127,0.747046,ITA,KOR,850590
8511371,114,121,9292,2015,3173046.0,6447815.0,2.516133,-0.484202,JPN,KOR,850590
8511372,115,121,9292,2015,0.0,3286.0,-0.45091499999999995,-0.652026,KAZ,KOR,850590
8511373,122,121,9292,2015,0.0,36058.0,-0.352023,-1.153057,KWT,KOR,850590
8511374,124,121,9292,2015,0.0,5916.0,0.317355,1.330374,LBN,KOR,850590
8511375,126,121,9292,2015,0.0,8869.0,-1.3257219999999998,-1.260453,LBY,KOR,850590
8511376,128,121,9292,2015,0.0,1775.0,-0.6773399999999999,0.386343,LKA,KOR,850590
8511377,131,121,9292,2015,10143.0,0.0,1.218924,1.247152,LUX,KOR,850590
8511378,138,121,9292,2015,48175.0,1958503.0,1.169724,0.61457,MEX,KOR,850590
8511379,143,121,9292,2015,0.0,832.0,-1.4596120000000001,-0.903904,MMR,KOR,850590
8511380,153,121,9292,2015,8077.0,607550.0,1.082803,0.811615,MYS,KOR,850590
8511381,159,121,9292,2015,0.0,137604.0,-1.415451,-1.157829,NGA,KOR,850590
8511382,162,121,9292,2015,140461.0,24165.0,1.230104,1.27344,NLD,KOR,850590
8511383,163,121,9292,2015,167264.0,10974.0,0.950708,0.314339,NOR,KOR,850590
8511384,166,121,9292,2015,20667.0,1131.0,0.224598,0.253179,NZL,KOR,850590
8511385,168,121,9292,2015,0.0,5824.0,-0.7059979999999999,0.73501,PAK,KOR,850590
8511386,169,121,9292,2015,0.0,78470.0,0.642058,0.833392,PAN,KOR,850590
8511387,173,121,9292,2015,0.0,1608.0,-0.6007819999999999,0.32152800000000004,PER,KOR,850590
8511388,174,121,9292,2015,196034.0,29233.0,0.6406270000000001,0.45770200000000005,PHL,KOR,850590
8511389,177,121,9292,2015,94714.0,2468131.0,1.145844,1.1449280000000002,POL,KOR,850590
8511390,179,121,9292,2015,82138.0,12105547.0,0.561922,2.2276380000000002,PRT,KOR,850590
8511391,183,121,9292,2015,0.0,4166.0,-0.077053,-0.9922719999999999,QAT,KOR,850590
8511392,185,121,9292,2015,0.0,108616.0,0.946363,1.056775,ROU,KOR,850590
8511393,186,121,9292,2015,973.0,91213.0,0.23119,0.035965,RUS,KOR,850590
8511394,188,121,9292,2015,0.0,22097.0,0.5552520000000001,-0.7263229999999999,SAU,KOR,850590
8511395,192,121,9292,2015,98474.0,99662.0,2.05613,0.593065,SGP,KOR,850590
8511396,197,121,9292,2015,0.0,3424.0,0.05531900000000001,0.169073,SLV,KOR,850590
8511397,206,121,9292,2015,21571.0,15676.0,1.287133,0.7900560000000001,SVK,KOR,850590
8511398,207,121,9292,2015,44788.0,0.0,1.6089879999999999,0.833616,SVN,KOR,850590
8511399,208,121,9292,2015,24671.0,1449.0,1.8068349999999997,0.693389,SWE,KOR,850590
8511400,216,121,9292,2015,3607.0,5284218.0,0.965888,1.368572,THA,KOR,850590
8511401,224,121,9292,2015,235332.0,120295.0,0.438669,2.519632,TUR,KOR,850590
8511402,231,121,9292,2015,1287338.0,24972962.0,1.720478,-0.129322,USA,KOR,850590
8511403,232,121,9292,2015,0.0,177927.0,-0.724966,-0.599292,UZB,KOR,850590
8511404,239,121,9292,2015,32890.0,584350.0,-0.17108900000000002,1.10995,VNM,KOR,850590
8511405,246,121,9292,2015,0.0,25388.0,0.24944699999999997,1.7573159999999999,ZAF,KOR,850590
8511406,249,121,9292,2015,1106784.0,263465.0,1.962832,1.214982,TWN,KOR,850590
8511407,7,122,9292,2015,0.0,1592.0,0.21779600000000002,-0.0047420000000000006,ARE,KWT,850590
8511408,18,122,9292,2015,2424.0,0.0,1.329866,1.100641,BEL,KWT,850590
8511409,32,122,9292,2015,982.0,0.0,0.23656799999999997,0.688607,BRA,KWT,850590
8511410,39,122,9292,2015,915.0,0.0,0.695867,1.171676,CAN,KWT,850590
8511411,41,122,9292,2015,982.0,0.0,2.306075,0.720781,CHE,KWT,850590
8511412,43,122,9292,2015,22124.0,0.0,1.077143,1.735757,CHN,KWT,850590
8511413,59,122,9292,2015,9868.0,0.0,1.743012,0.45424,CZE,KWT,850590
8511414,61,122,9292,2015,221118.0,0.0,2.203818,-2.307561,DEU,KWT,850590
8511415,64,122,9292,2015,4290.0,0.0,1.157924,1.2045629999999998,DNK,KWT,850590
8511416,71,122,9292,2015,6974.0,0.0,0.8173590000000001,2.442556,ESP,KWT,850590
8511417,74,122,9292,2015,2831.0,0.0,1.597817,0.998059,FIN,KWT,850590
8511418,77,122,9292,2015,9247.0,0.0,1.479792,0.6490239999999999,FRA,KWT,850590
8511419,81,122,9292,2015,31385.0,0.0,1.7422990000000003,0.75838,GBR,KWT,850590
8511420,102,122,9292,2015,2892.0,0.0,1.462839,0.803258,HUN,KWT,850590
8511421,104,122,9292,2015,7793.0,0.0,0.24230900000000002,2.8190880000000003,IND,KWT,850590
8511422,106,122,9292,2015,6746.0,0.0,1.304942,0.126431,IRL,KWT,850590
8511423,111,122,9292,2015,104951.0,0.0,1.321127,0.747046,ITA,KWT,850590
8511424,114,122,9292,2015,27270.0,0.0,2.516133,-0.484202,JPN,KWT,850590
8511425,121,122,9292,2015,36058.0,0.0,1.900653,0.859406,KOR,KWT,850590
8511426,138,122,9292,2015,11488.0,0.0,1.169724,0.61457,MEX,KWT,850590
8511427,162,122,9292,2015,89571.0,0.0,1.230104,1.27344,NLD,KWT,850590
8511428,174,122,9292,2015,2163.0,0.0,0.6406270000000001,0.45770200000000005,PHL,KWT,850590
8511429,177,122,9292,2015,4090.0,0.0,1.145844,1.1449280000000002,POL,KWT,850590
8511430,185,122,9292,2015,14643.0,0.0,0.946363,1.056775,ROU,KWT,850590
8511431,207,122,9292,2015,2080.0,0.0,1.6089879999999999,0.833616,SVN,KWT,850590
8511432,216,122,9292,2015,15639.0,0.0,0.965888,1.368572,THA,KWT,850590
8511433,224,122,9292,2015,1673.0,0.0,0.438669,2.519632,TUR,KWT,850590
8511434,231,122,9292,2015,295685.0,0.0,1.720478,-0.129322,USA,KWT,850590
8511435,239,122,9292,2015,45899.0,0.0,-0.17108900000000002,1.10995,VNM,KWT,850590
8511436,246,122,9292,2015,1002.0,0.0,0.24944699999999997,1.7573159999999999,ZAF,KWT,850590
8511437,249,122,9292,2015,68916.0,0.0,1.962832,1.214982,TWN,KWT,850590
8511438,7,138,9292,2015,0.0,78379.0,0.21779600000000002,-0.0047420000000000006,ARE,MEX,850590
8511439,8,138,9292,2015,42489.0,33109.0,0.116896,0.30330999999999997,ARG,MEX,850590
8511440,9,138,9292,2015,0.0,1496.0,0.037579,-0.42448800000000003,ARM,MEX,850590
8511441,14,138,9292,2015,4291.0,60753.0,-0.292325,-0.043489,AUS,MEX,850590
8511442,15,138,9292,2015,190428.0,0.0,1.747098,-0.08026699999999999,AUT,MEX,850590
8511443,18,138,9292,2015,43552.0,69811.0,1.329866,1.100641,BEL,MEX,850590
8511444,24,138,9292,2015,0.0,7010.0,0.36650900000000003,-0.28735,BHR,MEX,850590
8511445,28,138,9292,2015,0.0,606.0,0.672499,0.5584020000000001,BLR,MEX,850590
8511446,31,138,9292,2015,0.0,3380.0,-1.051562,-1.067714,BOL,MEX,850590
8511447,32,138,9292,2015,28932.0,50316.0,0.23656799999999997,0.688607,BRA,MEX,850590
8511448,39,138,9292,2015,33705.0,450136.0,0.695867,1.171676,CAN,MEX,850590
8511449,41,138,9292,2015,132259.0,4778.0,2.306075,0.720781,CHE,MEX,850590
8511450,42,138,9292,2015,0.0,35057.0,-0.356167,-0.47629399999999994,CHL,MEX,850590
8511451,43,138,9292,2015,28507934.0,1702123.0,1.077143,1.735757,CHN,MEX,850590
8511452,45,138,9292,2015,0.0,1797.0,-0.924366,-1.040721,CMR,MEX,850590
8511453,47,138,9292,2015,0.0,1521.0,-1.294823,-1.18811,COG,MEX,850590
8511454,49,138,9292,2015,0.0,106779.0,0.156383,-0.183055,COL,MEX,850590
8511455,52,138,9292,2015,0.0,39435.0,0.24859699999999998,-0.033143,CRI,MEX,850590
8511456,54,138,9292,2015,0.0,14540.0,-0.694839,-1.093439,CUB,MEX,850590
8511457,59,138,9292,2015,75420.0,140322.0,1.743012,0.45424,CZE,MEX,850590
8511458,61,138,9292,2015,8300430.0,594191.0,2.203818,-2.307561,DEU,MEX,850590
8511459,64,138,9292,2015,351907.0,2958.0,1.157924,1.2045629999999998,DNK,MEX,850590
8511460,65,138,9292,2015,0.0,14709.0,-0.212808,0.395873,DOM,MEX,850590
8511461,66,138,9292,2015,0.0,5645.0,-1.54346,-1.255633,DZA,MEX,850590
8511462,67,138,9292,2015,0.0,3015.0,-0.9845959999999999,-1.075639,ECU,MEX,850590
8511463,71,138,9292,2015,600664.0,62003.0,0.8173590000000001,2.442556,ESP,MEX,850590
8511464,74,138,9292,2015,2519.0,15035.0,1.597817,0.998059,FIN,MEX,850590
8511465,77,138,9292,2015,101491.0,14086.0,1.479792,0.6490239999999999,FRA,MEX,850590
8511466,81,138,9292,2015,62360.0,7211.0,1.7422990000000003,0.75838,GBR,MEX,850590
8511467,93,138,9292,2015,0.0,205187.0,-0.284403,0.525564,GTM,MEX,850590
8511468,97,138,9292,2015,422171.0,0.0,0.8255290000000001,1.8017279999999998,HKG,MEX,850590
8511469,99,138,9292,2015,0.0,5331.0,-0.578635,-0.292053,HND,MEX,850590
8511470,102,138,9292,2015,45632.0,0.0,1.462839,0.803258,HUN,MEX,850590
8511471,103,138,9292,2015,2334.0,2921.0,-0.145103,1.277362,IDN,MEX,850590
8511472,104,138,9292,2015,20215.0,16106.0,0.24230900000000002,2.8190880000000003,IND,MEX,850590
8511473,106,138,9292,2015,6456.0,1647.0,1.304942,0.126431,IRL,MEX,850590
8511474,110,138,9292,2015,4401.0,4068.0,1.260071,0.545545,ISR,MEX,850590
8511475,111,138,9292,2015,676823.0,45347.0,1.321127,0.747046,ITA,MEX,850590
8511476,114,138,9292,2015,4041156.0,309942.0,2.516133,-0.484202,JPN,MEX,850590
8511477,121,138,9292,2015,1958503.0,48175.0,1.900653,0.859406,KOR,MEX,850590
8511478,122,138,9292,2015,0.0,11488.0,-0.352023,-1.153057,KWT,MEX,850590
8511479,124,138,9292,2015,0.0,8410.0,0.317355,1.330374,LBN,MEX,850590
8511480,153,138,9292,2015,1604012.0,4578.0,1.082803,0.811615,MYS,MEX,850590
8511481,160,138,9292,2015,0.0,1976.0,-1.102989,-0.952276,NIC,MEX,850590
8511482,162,138,9292,2015,5607.0,384623.0,1.230104,1.27344,NLD,MEX,850590
8511483,163,138,9292,2015,6141.0,1264.0,0.950708,0.314339,NOR,MEX,850590
8511484,166,138,9292,2015,19974.0,10567.0,0.224598,0.253179,NZL,MEX,850590
8511485,167,138,9292,2015,0.0,14689.0,-0.4699,-1.00451,OMN,MEX,850590
8511486,168,138,9292,2015,0.0,7231.0,-0.7059979999999999,0.73501,PAK,MEX,850590
8511487,169,138,9292,2015,0.0,16257.0,0.642058,0.833392,PAN,MEX,850590
8511488,173,138,9292,2015,0.0,15660.0,-0.6007819999999999,0.32152800000000004,PER,MEX,850590
8511489,177,138,9292,2015,8975.0,41390.0,1.145844,1.1449280000000002,POL,MEX,850590
8511490,179,138,9292,2015,2624.0,0.0,0.561922,2.2276380000000002,PRT,MEX,850590
8511491,180,138,9292,2015,0.0,1145.0,-0.471106,-0.9431139999999999,PRY,MEX,850590
8511492,183,138,9292,2015,0.0,18724.0,-0.077053,-0.9922719999999999,QAT,MEX,850590
8511493,185,138,9292,2015,3709394.0,43179.0,0.946363,1.056775,ROU,MEX,850590
8511494,186,138,9292,2015,30675.0,52505.0,0.23119,0.035965,RUS,MEX,850590
8511495,192,138,9292,2015,45417.0,499634.0,2.05613,0.593065,SGP,MEX,850590
8511496,197,138,9292,2015,0.0,5993.0,0.05531900000000001,0.169073,SLV,MEX,850590
8511497,201,138,9292,2015,1059.0,0.0,0.457042,1.324908,SRB,MEX,850590
8511498,206,138,9292,2015,1738.0,1624.0,1.287133,0.7900560000000001,SVK,MEX,850590
8511499,207,138,9292,2015,4145.0,976.0,1.6089879999999999,0.833616,SVN,MEX,850590
8511500,208,138,9292,2015,10991.0,4260.0,1.8068349999999997,0.693389,SWE,MEX,850590
8511501,216,138,9292,2015,1688.0,0.0,0.965888,1.368572,THA,MEX,850590
8511502,222,138,9292,2015,0.0,3723.0,-0.462837,-1.117621,TTO,MEX,850590
8511503,223,138,9292,2015,0.0,978.0,0.140202,0.967591,TUN,MEX,850590
8511504,224,138,9292,2015,2138.0,134130.0,0.438669,2.519632,TUR,MEX,850590
8511505,226,138,9292,2015,0.0,907.0,-1.02395,-0.017509999999999998,TZA,MEX,850590
8511506,228,138,9292,2015,0.0,7212.0,0.429879,0.701813,UKR,MEX,850590
8511507,231,138,9292,2015,61416972.0,48425568.0,1.720478,-0.129322,USA,MEX,850590
8511508,239,138,9292,2015,4838.0,869.0,-0.17108900000000002,1.10995,VNM,MEX,850590
8511509,246,138,9292,2015,0.0,24900.0,0.24944699999999997,1.7573159999999999,ZAF,MEX,850590
8511510,249,138,9292,2015,441562.0,3984.0,1.962832,1.214982,TWN,MEX,850590
8511511,7,153,9292,2015,0.0,27397.0,0.21779600000000002,-0.0047420000000000006,ARE,MYS,850590
8511512,8,153,9292,2015,0.0,79742.0,0.116896,0.30330999999999997,ARG,MYS,850590
8511513,14,153,9292,2015,27459.0,28310.0,-0.292325,-0.043489,AUS,MYS,850590
8511514,15,153,9292,2015,254885.0,2953.0,1.747098,-0.08026699999999999,AUT,MYS,850590
8511515,16,153,9292,2015,0.0,77374.0,-0.983347,-1.231542,AZE,MYS,850590
8511516,18,153,9292,2015,0.0,10366.0,1.329866,1.100641,BEL,MYS,850590
8511517,22,153,9292,2015,0.0,6156.0,-1.088465,-0.8745360000000001,BGD,MYS,850590
8511518,32,153,9292,2015,0.0,59527.0,0.23656799999999997,0.688607,BRA,MYS,850590
8511519,34,153,9292,2015,1231.0,11421.0,1.093564,-0.679211,BRN,MYS,850590
8511520,39,153,9292,2015,0.0,4595.0,0.695867,1.171676,CAN,MYS,850590
8511521,41,153,9292,2015,220805.0,2427.0,2.306075,0.720781,CHE,MYS,850590
8511522,43,153,9292,2015,2961221.0,191753.0,1.077143,1.735757,CHN,MYS,850590
8511523,52,153,9292,2015,1539.0,0.0,0.24859699999999998,-0.033143,CRI,MYS,850590
8511524,58,153,9292,2015,0.0,1400.0,0.511225,-0.207261,CYP,MYS,850590
8511525,61,153,9292,2015,563412.0,461493.0,2.203818,-2.307561,DEU,MYS,850590
8511526,64,153,9292,2015,4182.0,1691.0,1.157924,1.2045629999999998,DNK,MYS,850590
8511527,67,153,9292,2015,0.0,5184.0,-0.9845959999999999,-1.075639,ECU,MYS,850590
8511528,71,153,9292,2015,7015.0,18079.0,0.8173590000000001,2.442556,ESP,MYS,850590
8511529,77,153,9292,2015,10671.0,304249.0,1.479792,0.6490239999999999,FRA,MYS,850590
8511530,81,153,9292,2015,41180.0,73835.0,1.7422990000000003,0.75838,GBR,MYS,850590
8511531,90,153,9292,2015,0.0,1904.0,0.099027,1.012289,GRC,MYS,850590
8511532,97,153,9292,2015,171053.0,606644.0,0.8255290000000001,1.8017279999999998,HKG,MYS,850590
8511533,102,153,9292,2015,0.0,30401.0,1.462839,0.803258,HUN,MYS,850590
8511534,103,153,9292,2015,4576.0,44146.0,-0.145103,1.277362,IDN,MYS,850590
8511535,104,153,9292,2015,156652.0,129614.0,0.24230900000000002,2.8190880000000003,IND,MYS,850590
8511536,106,153,9292,2015,1893.0,10200.0,1.304942,0.126431,IRL,MYS,850590
8511537,107,153,9292,2015,0.0,2601.0,-0.258946,-0.0073420000000000004,IRN,MYS,850590
8511538,111,153,9292,2015,48190.0,12126.0,1.321127,0.747046,ITA,MYS,850590
8511539,114,153,9292,2015,1999566.0,373771.0,2.516133,-0.484202,JPN,MYS,850590
8511540,118,153,9292,2015,7886.0,5942.0,-0.791985,-0.833046,KHM,MYS,850590
8511541,121,153,9292,2015,607550.0,8077.0,1.900653,0.859406,KOR,MYS,850590
8511542,124,153,9292,2015,0.0,4478.0,0.317355,1.330374,LBN,MYS,850590
8511543,128,153,9292,2015,0.0,1049.0,-0.6773399999999999,0.386343,LKA,MYS,850590
8511544,138,153,9292,2015,4578.0,1604012.0,1.169724,0.61457,MEX,MYS,850590
8511545,162,153,9292,2015,17718.0,9663.0,1.230104,1.27344,NLD,MYS,850590
8511546,166,153,9292,2015,31958.0,7847.0,0.224598,0.253179,NZL,MYS,850590
8511547,168,153,9292,2015,0.0,1234.0,-0.7059979999999999,0.73501,PAK,MYS,850590
8511548,174,153,9292,2015,51333.0,34102.0,0.6406270000000001,0.45770200000000005,PHL,MYS,850590
8511549,176,153,9292,2015,0.0,7346.0,-1.710939,-1.266333,PNG,MYS,850590
8511550,177,153,9292,2015,1319.0,22634.0,1.145844,1.1449280000000002,POL,MYS,850590
8511551,183,153,9292,2015,0.0,5707.0,-0.077053,-0.9922719999999999,QAT,MYS,850590
8511552,188,153,9292,2015,0.0,3584.0,0.5552520000000001,-0.7263229999999999,SAU,MYS,850590
8511553,192,153,9292,2015,1049674.0,1571759.0,2.05613,0.593065,SGP,MYS,850590
8511554,195,153,9292,2015,0.0,2632.0,-1.167451,-0.931206,SLB,MYS,850590
8511555,206,153,9292,2015,1518.0,1650.0,1.287133,0.7900560000000001,SVK,MYS,850590
8511556,208,153,9292,2015,11613.0,5505.0,1.8068349999999997,0.693389,SWE,MYS,850590
8511557,216,153,9292,2015,8141018.0,2546208.0,0.965888,1.368572,THA,MYS,850590
8511558,230,153,9292,2015,0.0,9598.0,0.273876,-0.363695,URY,MYS,850590
8511559,231,153,9292,2015,815016.0,3078272.0,1.720478,-0.129322,USA,MYS,850590
8511560,239,153,9292,2015,81408.0,96816.0,-0.17108900000000002,1.10995,VNM,MYS,850590
8511561,246,153,9292,2015,0.0,42356.0,0.24944699999999997,1.7573159999999999,ZAF,MYS,850590
8511562,249,153,9292,2015,2312705.0,33873.0,1.962832,1.214982,TWN,MYS,850590
8511563,7,159,9292,2015,6023.0,0.0,0.21779600000000002,-0.0047420000000000006,ARE,NGA,850590
8511564,15,159,9292,2015,7679.0,0.0,1.747098,-0.08026699999999999,AUT,NGA,850590
8511565,18,159,9292,2015,16434.0,0.0,1.329866,1.100641,BEL,NGA,850590
8511566,32,159,9292,2015,3272.0,0.0,0.23656799999999997,0.688607,BRA,NGA,850590
8511567,39,159,9292,2015,15772.0,0.0,0.695867,1.171676,CAN,NGA,850590
8511568,41,159,9292,2015,2422.0,0.0,2.306075,0.720781,CHE,NGA,850590
8511569,43,159,9292,2015,76376.0,0.0,1.077143,1.735757,CHN,NGA,850590
8511570,61,159,9292,2015,216106.0,0.0,2.203818,-2.307561,DEU,NGA,850590
8511571,64,159,9292,2015,1692.0,0.0,1.157924,1.2045629999999998,DNK,NGA,850590
8511572,77,159,9292,2015,4940.0,0.0,1.479792,0.6490239999999999,FRA,NGA,850590
8511573,81,159,9292,2015,75587.0,0.0,1.7422990000000003,0.75838,GBR,NGA,850590
8511574,104,159,9292,2015,82132.0,0.0,0.24230900000000002,2.8190880000000003,IND,NGA,850590
8511575,111,159,9292,2015,19903.0,0.0,1.321127,0.747046,ITA,NGA,850590
8511576,114,159,9292,2015,2718.0,0.0,2.516133,-0.484202,JPN,NGA,850590
8511577,121,159,9292,2015,137604.0,0.0,1.900653,0.859406,KOR,NGA,850590
8511578,131,159,9292,2015,1335.0,0.0,1.218924,1.247152,LUX,NGA,850590
8511579,151,159,9292,2015,2700.0,0.0,-0.231762,-0.195051,MUS,NGA,850590
8511580,162,159,9292,2015,26342.0,0.0,1.230104,1.27344,NLD,NGA,850590
8511581,163,159,9292,2015,15986.0,0.0,0.950708,0.314339,NOR,NGA,850590
8511582,186,159,9292,2015,7628.0,0.0,0.23119,0.035965,RUS,NGA,850590
8511583,224,159,9292,2015,5106.0,0.0,0.438669,2.519632,TUR,NGA,850590
8511584,231,159,9292,2015,106551.0,3871.0,1.720478,-0.129322,USA,NGA,850590
8511585,239,159,9292,2015,2199.0,0.0,-0.17108900000000002,1.10995,VNM,NGA,850590
8511586,246,159,9292,2015,7260.0,0.0,0.24944699999999997,1.7573159999999999,ZAF,NGA,850590
8511587,249,159,9292,2015,4451.0,0.0,1.962832,1.214982,TWN,NGA,850590
8511588,43,160,9292,2015,3366.0,0.0,1.077143,1.735757,CHN,NIC,850590
8511589,52,160,9292,2015,20235.0,0.0,0.24859699999999998,-0.033143,CRI,NIC,850590
8511590,61,160,9292,2015,11151.0,0.0,2.203818,-2.307561,DEU,NIC,850590
8511591,81,160,9292,2015,6229.0,0.0,1.7422990000000003,0.75838,GBR,NIC,850590
8511592,93,160,9292,2015,2074.0,0.0,-0.284403,0.525564,GTM,NIC,850590
8511593,102,160,9292,2015,953.0,0.0,1.462839,0.803258,HUN,NIC,850590
8511594,111,160,9292,2015,1558.0,0.0,1.321127,0.747046,ITA,NIC,850590
8511595,114,160,9292,2015,3192.0,0.0,2.516133,-0.484202,JPN,NIC,850590
8511596,138,160,9292,2015,1976.0,0.0,1.169724,0.61457,MEX,NIC,850590
8511597,169,160,9292,2015,6498.0,0.0,0.642058,0.833392,PAN,NIC,850590
8511598,173,160,9292,2015,1155.0,0.0,-0.6007819999999999,0.32152800000000004,PER,NIC,850590
8511599,231,160,9292,2015,9882.0,0.0,1.720478,-0.129322,USA,NIC,850590
8511600,2,162,9292,2015,0.0,8515.0,-1.6542,-1.2598989999999999,AGO,NLD,850590
8511601,4,162,9292,2015,0.0,9646.0,-0.601875,-0.27003,ALB,NLD,850590
8511602,7,162,9292,2015,776.0,748155.0,0.21779600000000002,-0.0047420000000000006,ARE,NLD,850590
8511603,8,162,9292,2015,0.0,2141.0,0.116896,0.30330999999999997,ARG,NLD,850590
8511604,9,162,9292,2015,0.0,15802.0,0.037579,-0.42448800000000003,ARM,NLD,850590
8511605,14,162,9292,2015,12744.0,39839.0,-0.292325,-0.043489,AUS,NLD,850590
8511606,15,162,9292,2015,114252.0,62535.0,1.747098,-0.08026699999999999,AUT,NLD,850590
8511607,16,162,9292,2015,0.0,11060.0,-0.983347,-1.231542,AZE,NLD,850590
8511608,18,162,9292,2015,793005.0,918330.0,1.329866,1.100641,BEL,NLD,850590
8511609,21,162,9292,2015,0.0,1008.0,-1.085359,-1.034365,BFA,NLD,850590
8511610,23,162,9292,2015,8893.0,7624.0,0.45640699999999995,1.691455,BGR,NLD,850590
8511611,24,162,9292,2015,0.0,100192.0,0.36650900000000003,-0.28735,BHR,NLD,850590
8511612,26,162,9292,2015,0.0,6205.0,0.355903,0.723092,BIH,NLD,850590
8511613,28,162,9292,2015,0.0,124465.0,0.672499,0.5584020000000001,BLR,NLD,850590
8511614,32,162,9292,2015,0.0,101476.0,0.23656799999999997,0.688607,BRA,NLD,850590
8511615,33,162,9292,2015,0.0,758.0,0.453689,0.039237,BRB,NLD,850590
8511616,39,162,9292,2015,1669.0,16548.0,0.695867,1.171676,CAN,NLD,850590
8511617,41,162,9292,2015,171135.0,185040.0,2.306075,0.720781,CHE,NLD,850590
8511618,42,162,9292,2015,0.0,83635.0,-0.356167,-0.47629399999999994,CHL,NLD,850590
8511619,43,162,9292,2015,5870568.0,48131.0,1.077143,1.735757,CHN,NLD,850590
8511620,44,162,9292,2015,0.0,1927.0,-0.856142,-0.905292,CIV,NLD,850590
8511621,49,162,9292,2015,0.0,1928.0,0.156383,-0.183055,COL,NLD,850590
8511622,52,162,9292,2015,0.0,7213.0,0.24859699999999998,-0.033143,CRI,NLD,850590
8511623,54,162,9292,2015,0.0,1566.0,-0.694839,-1.093439,CUB,NLD,850590
8511624,55,162,9292,2015,0.0,2891.0,0.296267,-0.6313350000000001,CUW,NLD,850590
8511625,58,162,9292,2015,0.0,6049.0,0.511225,-0.207261,CYP,NLD,850590
8511626,59,162,9292,2015,276620.0,462666.0,1.743012,0.45424,CZE,NLD,850590
8511627,61,162,9292,2015,8341842.0,1401050.0,2.203818,-2.307561,DEU,NLD,850590
8511628,64,162,9292,2015,495335.0,66189.0,1.157924,1.2045629999999998,DNK,NLD,850590
8511629,66,162,9292,2015,0.0,5402.0,-1.54346,-1.255633,DZA,NLD,850590
8511630,67,162,9292,2015,0.0,1160.0,-0.9845959999999999,-1.075639,ECU,NLD,850590
8511631,68,162,9292,2015,0.0,71791.0,-0.183053,1.765036,EGY,NLD,850590
8511632,71,162,9292,2015,105366.0,137432.0,0.8173590000000001,2.442556,ESP,NLD,850590
8511633,72,162,9292,2015,1965.0,14458.0,0.9281149999999999,1.1780389999999998,EST,NLD,850590
8511634,73,162,9292,2015,0.0,1060.0,-1.004896,-0.721019,ETH,NLD,850590
8511635,74,162,9292,2015,100762.0,50442.0,1.597817,0.998059,FIN,NLD,850590
8511636,77,162,9292,2015,2120928.0,1072356.0,1.479792,0.6490239999999999,FRA,NLD,850590
8511637,80,162,9292,2015,0.0,2667.0,-1.384351,-1.209873,GAB,NLD,850590
8511638,81,162,9292,2015,4934942.0,586428.0,1.7422990000000003,0.75838,GBR,NLD,850590
8511639,82,162,9292,2015,0.0,76267.0,-0.343663,-0.588017,GEO,NLD,850590
8511640,83,162,9292,2015,0.0,4070.0,-0.750568,-0.690257,GHA,NLD,850590
8511641,90,162,9292,2015,5054.0,35338.0,0.099027,1.012289,GRC,NLD,850590
8511642,97,162,9292,2015,260891.0,28795.0,0.8255290000000001,1.8017279999999998,HKG,NLD,850590
8511643,100,162,9292,2015,2404.0,2892.0,0.7590140000000001,1.257415,HRV,NLD,850590
8511644,102,162,9292,2015,56903.0,49427.0,1.462839,0.803258,HUN,NLD,850590
8511645,103,162,9292,2015,16530.0,8572.0,-0.145103,1.277362,IDN,NLD,850590
8511646,104,162,9292,2015,317457.0,51822.0,0.24230900000000002,2.8190880000000003,IND,NLD,850590
8511647,106,162,9292,2015,69432.0,34686.0,1.304942,0.126431,IRL,NLD,850590
8511648,108,162,9292,2015,0.0,14985.0,-1.465803,-0.912113,IRQ,NLD,850590
8511649,109,162,9292,2015,0.0,11057.0,0.24527600000000002,-0.411616,ISL,NLD,850590
8511650,110,162,9292,2015,47022.0,212658.0,1.260071,0.545545,ISR,NLD,850590
8511651,111,162,9292,2015,1033234.0,455664.0,1.321127,0.747046,ITA,NLD,850590
8511652,113,162,9292,2015,0.0,125882.0,0.121172,0.457301,JOR,NLD,850590
8511653,114,162,9292,2015,670593.0,17487.0,2.516133,-0.484202,JPN,NLD,850590
8511654,115,162,9292,2015,5239.0,2487.0,-0.45091499999999995,-0.652026,KAZ,NLD,850590
8511655,116,162,9292,2015,0.0,141709.0,-0.453564,0.433325,KEN,NLD,850590
8511656,121,162,9292,2015,24165.0,140461.0,1.900653,0.859406,KOR,NLD,850590
8511657,122,162,9292,2015,0.0,89571.0,-0.352023,-1.153057,KWT,NLD,850590
8511658,124,162,9292,2015,0.0,36901.0,0.317355,1.330374,LBN,NLD,850590
8511659,125,162,9292,2015,0.0,1391.0,-1.087459,-1.195708,LBR,NLD,850590
8511660,126,162,9292,2015,0.0,2719.0,-1.3257219999999998,-1.260453,LBY,NLD,850590
8511661,128,162,9292,2015,0.0,4299.0,-0.6773399999999999,0.386343,LKA,NLD,850590
8511662,130,162,9292,2015,5739.0,6241.0,0.749429,1.3659860000000001,LTU,NLD,850590
8511663,131,162,9292,2015,7918.0,17652.0,1.218924,1.247152,LUX,NLD,850590
8511664,132,162,9292,2015,3579.0,3073.0,0.602209,1.125357,LVA,NLD,850590
8511665,134,162,9292,2015,0.0,93060.0,-0.7554810000000001,-0.059697,MAR,NLD,850590
8511666,136,162,9292,2015,0.0,1020.0,-1.15947,-0.497217,MDG,NLD,850590
8511667,138,162,9292,2015,384623.0,5607.0,1.169724,0.61457,MEX,NLD,850590
8511668,140,162,9292,2015,0.0,7963.0,-0.09009600000000001,-0.147359,MKD,NLD,850590
8511669,141,162,9292,2015,2103.0,0.0,-0.744236,-0.9441860000000001,MLI,NLD,850590
8511670,142,162,9292,2015,1440.0,5595.0,0.880893,-0.117585,MLT,NLD,850590
8511671,144,162,9292,2015,0.0,19574.0,-0.048385000000000004,-0.150759,MNE,NLD,850590
8511672,153,162,9292,2015,9663.0,17718.0,1.082803,0.811615,MYS,NLD,850590
8511673,155,162,9292,2015,0.0,3952.0,-0.43457399999999996,-0.665655,NAM,NLD,850590
8511674,159,162,9292,2015,0.0,26342.0,-1.415451,-1.157829,NGA,NLD,850590
8511675,163,162,9292,2015,60280.0,104871.0,0.950708,0.314339,NOR,NLD,850590
8511676,166,162,9292,2015,0.0,3226.0,0.224598,0.253179,NZL,NLD,850590
8511677,167,162,9292,2015,0.0,74249.0,-0.4699,-1.00451,OMN,NLD,850590
8511678,168,162,9292,2015,0.0,5699.0,-0.7059979999999999,0.73501,PAK,NLD,850590
8511679,173,162,9292,2015,1288.0,2534.0,-0.6007819999999999,0.32152800000000004,PER,NLD,850590
8511680,174,162,9292,2015,0.0,4612.0,0.6406270000000001,0.45770200000000005,PHL,NLD,850590
8511681,177,162,9292,2015,152433.0,115153.0,1.145844,1.1449280000000002,POL,NLD,850590
8511682,179,162,9292,2015,16769.0,36051.0,0.561922,2.2276380000000002,PRT,NLD,850590
8511683,183,162,9292,2015,0.0,42055.0,-0.077053,-0.9922719999999999,QAT,NLD,850590
8511684,185,162,9292,2015,13604.0,27344.0,0.946363,1.056775,ROU,NLD,850590
8511685,186,162,9292,2015,16769.0,774258.0,0.23119,0.035965,RUS,NLD,850590
8511686,187,162,9292,2015,0.0,4286.0,-0.755738,-0.4423,RWA,NLD,850590
8511687,188,162,9292,2015,0.0,540615.0,0.5552520000000001,-0.7263229999999999,SAU,NLD,850590
8511688,192,162,9292,2015,72684.0,100861.0,2.05613,0.593065,SGP,NLD,850590
8511689,201,162,9292,2015,0.0,483443.0,0.457042,1.324908,SRB,NLD,850590
8511690,206,162,9292,2015,50525.0,41963.0,1.287133,0.7900560000000001,SVK,NLD,850590
8511691,207,162,9292,2015,6420.0,28063.0,1.6089879999999999,0.833616,SVN,NLD,850590
8511692,208,162,9292,2015,44217.0,141251.0,1.8068349999999997,0.693389,SWE,NLD,850590
8511693,216,162,9292,2015,8837.0,3394.0,0.965888,1.368572,THA,NLD,850590
8511694,223,162,9292,2015,0.0,32598.0,0.140202,0.967591,TUN,NLD,850590
8511695,224,162,9292,2015,5643.0,2283658.0,0.438669,2.519632,TUR,NLD,850590
8511696,226,162,9292,2015,0.0,14666.0,-1.02395,-0.017509999999999998,TZA,NLD,850590
8511697,228,162,9292,2015,0.0,151778.0,0.429879,0.701813,UKR,NLD,850590
8511698,231,162,9292,2015,2384334.0,2353003.0,1.720478,-0.129322,USA,NLD,850590
8511699,239,162,9292,2015,1074999.0,111627.0,-0.17108900000000002,1.10995,VNM,NLD,850590
8511700,246,162,9292,2015,4494.0,1444320.0,0.24944699999999997,1.7573159999999999,ZAF,NLD,850590
8511701,249,162,9292,2015,116819.0,30854.0,1.962832,1.214982,TWN,NLD,850590
8511702,250,162,9292,2015,4190.0,3508.0,0.377283,-0.092204,ANS,NLD,850590
8511703,7,166,9292,2015,0.0,2016.0,0.21779600000000002,-0.0047420000000000006,ARE,NZL,850590
8511704,8,166,9292,2015,0.0,90357.0,0.116896,0.30330999999999997,ARG,NZL,850590
8511705,10,166,9292,2015,0.0,1111.0,0.9878959999999999,-0.0613,ASM,NZL,850590
8511706,14,166,9292,2015,826320.0,20753.0,-0.292325,-0.043489,AUS,NZL,850590
8511707,15,166,9292,2015,8885.0,0.0,1.747098,-0.08026699999999999,AUT,NZL,850590
8511708,18,166,9292,2015,5687.0,0.0,1.329866,1.100641,BEL,NZL,850590
8511709,32,166,9292,2015,0.0,20798.0,0.23656799999999997,0.688607,BRA,NZL,850590
8511710,39,166,9292,2015,5507.0,263679.0,0.695867,1.171676,CAN,NZL,850590
8511711,41,166,9292,2015,5764.0,26399.0,2.306075,0.720781,CHE,NZL,850590
8511712,42,166,9292,2015,0.0,11668.0,-0.356167,-0.47629399999999994,CHL,NZL,850590
8511713,43,166,9292,2015,74088.0,319200.0,1.077143,1.735757,CHN,NZL,850590
8511714,59,166,9292,2015,8360.0,8000.0,1.743012,0.45424,CZE,NZL,850590
8511715,61,166,9292,2015,325339.0,203667.0,2.203818,-2.307561,DEU,NZL,850590
8511716,64,166,9292,2015,3339.0,6254.0,1.157924,1.2045629999999998,DNK,NZL,850590
8511717,71,166,9292,2015,949.0,0.0,0.8173590000000001,2.442556,ESP,NZL,850590
8511718,75,166,9292,2015,0.0,14863.0,-0.481968,-0.201468,FJI,NZL,850590
8511719,77,166,9292,2015,9604.0,53702.0,1.479792,0.6490239999999999,FRA,NZL,850590
8511720,81,166,9292,2015,5724.0,33923.0,1.7422990000000003,0.75838,GBR,NZL,850590
8511721,90,166,9292,2015,0.0,1516.0,0.099027,1.012289,GRC,NZL,850590
8511722,97,166,9292,2015,2830.0,0.0,0.8255290000000001,1.8017279999999998,HKG,NZL,850590
8511723,102,166,9292,2015,4626.0,0.0,1.462839,0.803258,HUN,NZL,850590
8511724,104,166,9292,2015,1820.0,11263.0,0.24230900000000002,2.8190880000000003,IND,NZL,850590
8511725,110,166,9292,2015,15720.0,0.0,1.260071,0.545545,ISR,NZL,850590
8511726,111,166,9292,2015,53010.0,232409.0,1.321127,0.747046,ITA,NZL,850590
8511727,114,166,9292,2015,78769.0,20167788.0,2.516133,-0.484202,JPN,NZL,850590
8511728,121,166,9292,2015,1131.0,20667.0,1.900653,0.859406,KOR,NZL,850590
8511729,138,166,9292,2015,10567.0,19974.0,1.169724,0.61457,MEX,NZL,850590
8511730,153,166,9292,2015,7847.0,31958.0,1.082803,0.811615,MYS,NZL,850590
8511731,162,166,9292,2015,3226.0,0.0,1.230104,1.27344,NLD,NZL,850590
8511732,163,166,9292,2015,1108.0,0.0,0.950708,0.314339,NOR,NZL,850590
8511733,174,166,9292,2015,0.0,96486.0,0.6406270000000001,0.45770200000000005,PHL,NZL,850590
8511734,177,166,9292,2015,925.0,0.0,1.145844,1.1449280000000002,POL,NZL,850590
8511735,182,166,9292,2015,0.0,1367.0,-0.301696,-0.795154,PYF,NZL,850590
8511736,186,166,9292,2015,0.0,1287.0,0.23119,0.035965,RUS,NZL,850590
8511737,188,166,9292,2015,0.0,325834.0,0.5552520000000001,-0.7263229999999999,SAU,NZL,850590
8511738,192,166,9292,2015,3523.0,2545.0,2.05613,0.593065,SGP,NZL,850590
8511739,208,166,9292,2015,13392.0,9604.0,1.8068349999999997,0.693389,SWE,NZL,850590
8511740,216,166,9292,2015,13808.0,20806.0,0.965888,1.368572,THA,NZL,850590
8511741,231,166,9292,2015,830972.0,20684512.0,1.720478,-0.129322,USA,NZL,850590
8511742,249,166,9292,2015,68964.0,15798.0,1.962832,1.214982,TWN,NZL,850590
8511743,7,168,9292,2015,8836.0,2943.0,0.21779600000000002,-0.0047420000000000006,ARE,PAK,850590
8511744,15,168,9292,2015,960.0,0.0,1.747098,-0.08026699999999999,AUT,PAK,850590
8511745,18,168,9292,2015,7458.0,0.0,1.329866,1.100641,BEL,PAK,850590
8511746,39,168,9292,2015,1049.0,0.0,0.695867,1.171676,CAN,PAK,850590
8511747,41,168,9292,2015,11570.0,0.0,2.306075,0.720781,CHE,PAK,850590
8511748,43,168,9292,2015,192380.0,0.0,1.077143,1.735757,CHN,PAK,850590
8511749,59,168,9292,2015,1309.0,0.0,1.743012,0.45424,CZE,PAK,850590
8511750,61,168,9292,2015,177867.0,0.0,2.203818,-2.307561,DEU,PAK,850590
8511751,64,168,9292,2015,957.0,0.0,1.157924,1.2045629999999998,DNK,PAK,850590
8511752,71,168,9292,2015,8514.0,0.0,0.8173590000000001,2.442556,ESP,PAK,850590
8511753,77,168,9292,2015,2047.0,0.0,1.479792,0.6490239999999999,FRA,PAK,850590
8511754,81,168,9292,2015,6673.0,0.0,1.7422990000000003,0.75838,GBR,PAK,850590
8511755,102,168,9292,2015,1479.0,0.0,1.462839,0.803258,HUN,PAK,850590
8511756,111,168,9292,2015,5543.0,0.0,1.321127,0.747046,ITA,PAK,850590
8511757,114,168,9292,2015,15006.0,0.0,2.516133,-0.484202,JPN,PAK,850590
8511758,121,168,9292,2015,5824.0,0.0,1.900653,0.859406,KOR,PAK,850590
8511759,138,168,9292,2015,7231.0,0.0,1.169724,0.61457,MEX,PAK,850590
8511760,153,168,9292,2015,1234.0,0.0,1.082803,0.811615,MYS,PAK,850590
8511761,162,168,9292,2015,5699.0,0.0,1.230104,1.27344,NLD,PAK,850590
8511762,177,168,9292,2015,9214.0,0.0,1.145844,1.1449280000000002,POL,PAK,850590
8511763,183,168,9292,2015,0.0,1342.0,-0.077053,-0.9922719999999999,QAT,PAK,850590
8511764,192,168,9292,2015,2934.0,0.0,2.05613,0.593065,SGP,PAK,850590
8511765,208,168,9292,2015,5500.0,0.0,1.8068349999999997,0.693389,SWE,PAK,850590
8511766,209,168,9292,2015,3176.0,0.0,0.257467,-0.402491,SWZ,PAK,850590
8511767,224,168,9292,2015,2421.0,0.0,0.438669,2.519632,TUR,PAK,850590
8511768,231,168,9292,2015,16449.0,0.0,1.720478,-0.129322,USA,PAK,850590
8511769,249,168,9292,2015,11504.0,0.0,1.962832,1.214982,TWN,PAK,850590
8511770,250,168,9292,2015,1457.0,0.0,0.377283,-0.092204,ANS,PAK,850590
8511771,8,169,9292,2015,5546.0,25901.0,0.116896,0.30330999999999997,ARG,PAN,850590
8511772,32,169,9292,2015,2011.0,0.0,0.23656799999999997,0.688607,BRA,PAN,850590
8511773,43,169,9292,2015,23511.0,0.0,1.077143,1.735757,CHN,PAN,850590
8511774,49,169,9292,2015,0.0,26754.0,0.156383,-0.183055,COL,PAN,850590
8511775,52,169,9292,2015,0.0,1464.0,0.24859699999999998,-0.033143,CRI,PAN,850590
8511776,61,169,9292,2015,84311.0,0.0,2.203818,-2.307561,DEU,PAN,850590
8511777,65,169,9292,2015,0.0,1064.0,-0.212808,0.395873,DOM,PAN,850590
8511778,71,169,9292,2015,2863.0,0.0,0.8173590000000001,2.442556,ESP,PAN,850590
8511779,77,169,9292,2015,0.0,6480.0,1.479792,0.6490239999999999,FRA,PAN,850590
8511780,93,169,9292,2015,0.0,22385.0,-0.284403,0.525564,GTM,PAN,850590
8511781,96,169,9292,2015,0.0,2457.0,-1.018758,-1.056085,GUY,PAN,850590
8511782,97,169,9292,2015,15547.0,0.0,0.8255290000000001,1.8017279999999998,HKG,PAN,850590
8511783,99,169,9292,2015,0.0,1001.0,-0.578635,-0.292053,HND,PAN,850590
8511784,114,169,9292,2015,2330.0,0.0,2.516133,-0.484202,JPN,PAN,850590
8511785,121,169,9292,2015,78470.0,0.0,1.900653,0.859406,KOR,PAN,850590
8511786,138,169,9292,2015,16257.0,0.0,1.169724,0.61457,MEX,PAN,850590
8511787,160,169,9292,2015,0.0,6498.0,-1.102989,-0.952276,NIC,PAN,850590
8511788,173,169,9292,2015,0.0,471.0,-0.6007819999999999,0.32152800000000004,PER,PAN,850590
8511789,197,169,9292,2015,0.0,904.0,0.05531900000000001,0.169073,SLV,PAN,850590
8511790,205,169,9292,2015,0.0,2761.0,-0.570361,-1.005072,SUR,PAN,850590
8511791,230,169,9292,2015,32059.0,0.0,0.273876,-0.363695,URY,PAN,850590
8511792,231,169,9292,2015,46970.0,0.0,1.720478,-0.129322,USA,PAN,850590
8511793,236,169,9292,2015,0.0,21852.0,-0.9249129999999999,-1.1877280000000001,VEN,PAN,850590
8511794,250,169,9292,2015,1642.0,46496.0,0.377283,-0.092204,ANS,PAN,850590
8511795,7,173,9292,2015,1268.0,0.0,0.21779600000000002,-0.0047420000000000006,ARE,PER,850590
8511796,8,173,9292,2015,2849.0,0.0,0.116896,0.30330999999999997,ARG,PER,850590
8511797,14,173,9292,2015,9455.0,0.0,-0.292325,-0.043489,AUS,PER,850590
8511798,15,173,9292,2015,1207.0,0.0,1.747098,-0.08026699999999999,AUT,PER,850590
8511799,18,173,9292,2015,5184.0,0.0,1.329866,1.100641,BEL,PER,850590
8511800,32,173,9292,2015,47165.0,0.0,0.23656799999999997,0.688607,BRA,PER,850590
8511801,39,173,9292,2015,1478.0,0.0,0.695867,1.171676,CAN,PER,850590
8511802,41,173,9292,2015,15068.0,0.0,2.306075,0.720781,CHE,PER,850590
8511803,42,173,9292,2015,427305.0,0.0,-0.356167,-0.47629399999999994,CHL,PER,850590
8511804,43,173,9292,2015,31022.0,0.0,1.077143,1.735757,CHN,PER,850590
8511805,52,173,9292,2015,0.0,1485.0,0.24859699999999998,-0.033143,CRI,PER,850590
8511806,59,173,9292,2015,816.0,0.0,1.743012,0.45424,CZE,PER,850590
8511807,61,173,9292,2015,231155.0,0.0,2.203818,-2.307561,DEU,PER,850590
8511808,64,173,9292,2015,35755.0,0.0,1.157924,1.2045629999999998,DNK,PER,850590
8511809,71,173,9292,2015,24073.0,0.0,0.8173590000000001,2.442556,ESP,PER,850590
8511810,72,173,9292,2015,6333.0,0.0,0.9281149999999999,1.1780389999999998,EST,PER,850590
8511811,74,173,9292,2015,3521.0,0.0,1.597817,0.998059,FIN,PER,850590
8511812,77,173,9292,2015,47634.0,0.0,1.479792,0.6490239999999999,FRA,PER,850590
8511813,81,173,9292,2015,2110.0,0.0,1.7422990000000003,0.75838,GBR,PER,850590
8511814,93,173,9292,2015,9281.0,0.0,-0.284403,0.525564,GTM,PER,850590
8511815,97,173,9292,2015,28393.0,0.0,0.8255290000000001,1.8017279999999998,HKG,PER,850590
8511816,102,173,9292,2015,1799.0,0.0,1.462839,0.803258,HUN,PER,850590
8511817,103,173,9292,2015,5882.0,0.0,-0.145103,1.277362,IDN,PER,850590
8511818,104,173,9292,2015,2070.0,0.0,0.24230900000000002,2.8190880000000003,IND,PER,850590
8511819,110,173,9292,2015,1233.0,0.0,1.260071,0.545545,ISR,PER,850590
8511820,111,173,9292,2015,44348.0,0.0,1.321127,0.747046,ITA,PER,850590
8511821,114,173,9292,2015,3761.0,0.0,2.516133,-0.484202,JPN,PER,850590
8511822,121,173,9292,2015,1608.0,0.0,1.900653,0.859406,KOR,PER,850590
8511823,138,173,9292,2015,15660.0,0.0,1.169724,0.61457,MEX,PER,850590
8511824,160,173,9292,2015,0.0,1155.0,-1.102989,-0.952276,NIC,PER,850590
8511825,162,173,9292,2015,2534.0,1288.0,1.230104,1.27344,NLD,PER,850590
8511826,169,173,9292,2015,471.0,0.0,0.642058,0.833392,PAN,PER,850590
8511827,174,173,9292,2015,2620.0,0.0,0.6406270000000001,0.45770200000000005,PHL,PER,850590
8511828,177,173,9292,2015,13338.0,0.0,1.145844,1.1449280000000002,POL,PER,850590
8511829,185,173,9292,2015,690.0,0.0,0.946363,1.056775,ROU,PER,850590
8511830,186,173,9292,2015,20773.0,0.0,0.23119,0.035965,RUS,PER,850590
8511831,208,173,9292,2015,1965.0,0.0,1.8068349999999997,0.693389,SWE,PER,850590
8511832,231,173,9292,2015,808291.0,15840.0,1.720478,-0.129322,USA,PER,850590
8511833,246,173,9292,2015,6688.0,0.0,0.24944699999999997,1.7573159999999999,ZAF,PER,850590
8511834,249,173,9292,2015,13306.0,0.0,1.962832,1.214982,TWN,PER,850590
8511835,7,174,9292,2015,0.0,2472.0,0.21779600000000002,-0.0047420000000000006,ARE,PHL,850590
8511836,14,174,9292,2015,3262.0,4750.0,-0.292325,-0.043489,AUS,PHL,850590
8511837,15,174,9292,2015,5828.0,0.0,1.747098,-0.08026699999999999,AUT,PHL,850590
8511838,22,174,9292,2015,11262.0,0.0,-1.088465,-0.8745360000000001,BGD,PHL,850590
8511839,32,174,9292,2015,0.0,946.0,0.23656799999999997,0.688607,BRA,PHL,850590
8511840,39,174,9292,2015,0.0,3549.0,0.695867,1.171676,CAN,PHL,850590
8511841,41,174,9292,2015,5491.0,0.0,2.306075,0.720781,CHE,PHL,850590
8511842,43,174,9292,2015,710225.0,27696932.0,1.077143,1.735757,CHN,PHL,850590
8511843,59,174,9292,2015,996.0,40492.0,1.743012,0.45424,CZE,PHL,850590
8511844,61,174,9292,2015,153122.0,615011.0,2.203818,-2.307561,DEU,PHL,850590
8511845,64,174,9292,2015,1052.0,0.0,1.157924,1.2045629999999998,DNK,PHL,850590
8511846,71,174,9292,2015,0.0,31001.0,0.8173590000000001,2.442556,ESP,PHL,850590
8511847,77,174,9292,2015,9974.0,215133.0,1.479792,0.6490239999999999,FRA,PHL,850590
8511848,81,174,9292,2015,54107.0,33787.0,1.7422990000000003,0.75838,GBR,PHL,850590
8511849,97,174,9292,2015,540791.0,1415106.0,0.8255290000000001,1.8017279999999998,HKG,PHL,850590
8511850,102,174,9292,2015,0.0,8500.0,1.462839,0.803258,HUN,PHL,850590
8511851,103,174,9292,2015,19628.0,35290.0,-0.145103,1.277362,IDN,PHL,850590
8511852,104,174,9292,2015,14693.0,0.0,0.24230900000000002,2.8190880000000003,IND,PHL,850590
8511853,106,174,9292,2015,1533.0,0.0,1.304942,0.126431,IRL,PHL,850590
8511854,110,174,9292,2015,2309.0,0.0,1.260071,0.545545,ISR,PHL,850590
8511855,111,174,9292,2015,1246.0,0.0,1.321127,0.747046,ITA,PHL,850590
8511856,114,174,9292,2015,2669068.0,17966746.0,2.516133,-0.484202,JPN,PHL,850590
8511857,115,174,9292,2015,0.0,672.0,-0.45091499999999995,-0.652026,KAZ,PHL,850590
8511858,121,174,9292,2015,29233.0,196034.0,1.900653,0.859406,KOR,PHL,850590
8511859,122,174,9292,2015,0.0,2163.0,-0.352023,-1.153057,KWT,PHL,850590
8511860,153,174,9292,2015,34102.0,51333.0,1.082803,0.811615,MYS,PHL,850590
8511861,162,174,9292,2015,4612.0,0.0,1.230104,1.27344,NLD,PHL,850590
8511862,166,174,9292,2015,96486.0,0.0,0.224598,0.253179,NZL,PHL,850590
8511863,173,174,9292,2015,0.0,2620.0,-0.6007819999999999,0.32152800000000004,PER,PHL,850590
8511864,192,174,9292,2015,314885.0,97024.0,2.05613,0.593065,SGP,PHL,850590
8511865,216,174,9292,2015,85760.0,8577527.0,0.965888,1.368572,THA,PHL,850590
8511866,224,174,9292,2015,13877.0,0.0,0.438669,2.519632,TUR,PHL,850590
8511867,231,174,9292,2015,133035.0,9350012.0,1.720478,-0.129322,USA,PHL,850590
8511868,239,174,9292,2015,0.0,346941.0,-0.17108900000000002,1.10995,VNM,PHL,850590
8511869,249,174,9292,2015,186105.0,22669.0,1.962832,1.214982,TWN,PHL,850590
8511870,4,177,9292,2015,0.0,1044.0,-0.601875,-0.27003,ALB,POL,850590
8511871,7,177,9292,2015,0.0,20742.0,0.21779600000000002,-0.0047420000000000006,ARE,POL,850590
8511872,8,177,9292,2015,0.0,19050.0,0.116896,0.30330999999999997,ARG,POL,850590
8511873,14,177,9292,2015,0.0,2865.0,-0.292325,-0.043489,AUS,POL,850590
8511874,15,177,9292,2015,328582.0,130934.0,1.747098,-0.08026699999999999,AUT,POL,850590
8511875,18,177,9292,2015,152058.0,8999.0,1.329866,1.100641,BEL,POL,850590
8511876,23,177,9292,2015,5870.0,8533.0,0.45640699999999995,1.691455,BGR,POL,850590
8511877,26,177,9292,2015,0.0,3314.0,0.355903,0.723092,BIH,POL,850590
8511878,28,177,9292,2015,5831.0,77033.0,0.672499,0.5584020000000001,BLR,POL,850590
8511879,32,177,9292,2015,4036.0,213893.0,0.23656799999999997,0.688607,BRA,POL,850590
8511880,39,177,9292,2015,6298.0,7129.0,0.695867,1.171676,CAN,POL,850590
8511881,41,177,9292,2015,199993.0,90425.0,2.306075,0.720781,CHE,POL,850590
8511882,42,177,9292,2015,0.0,1157.0,-0.356167,-0.47629399999999994,CHL,POL,850590
8511883,43,177,9292,2015,1763955.0,2736367.0,1.077143,1.735757,CHN,POL,850590
8511884,49,177,9292,2015,0.0,15701.0,0.156383,-0.183055,COL,POL,850590
8511885,59,177,9292,2015,537992.0,708540.0,1.743012,0.45424,CZE,POL,850590
8511886,61,177,9292,2015,29883082.0,36054264.0,2.203818,-2.307561,DEU,POL,850590
8511887,64,177,9292,2015,406031.0,30720.0,1.157924,1.2045629999999998,DNK,POL,850590
8511888,66,177,9292,2015,0.0,11985.0,-1.54346,-1.255633,DZA,POL,850590
8511889,71,177,9292,2015,56475.0,635108.0,0.8173590000000001,2.442556,ESP,POL,850590
8511890,72,177,9292,2015,7221.0,689728.0,0.9281149999999999,1.1780389999999998,EST,POL,850590
8511891,74,177,9292,2015,29129.0,2140443.0,1.597817,0.998059,FIN,POL,850590
8511892,77,177,9292,2015,869179.0,568730.0,1.479792,0.6490239999999999,FRA,POL,850590
8511893,81,177,9292,2015,3478324.0,20072.0,1.7422990000000003,0.75838,GBR,POL,850590
8511894,90,177,9292,2015,0.0,2007.0,0.099027,1.012289,GRC,POL,850590
8511895,97,177,9292,2015,3134005.0,9317.0,0.8255290000000001,1.8017279999999998,HKG,POL,850590
8511896,100,177,9292,2015,0.0,2406.0,0.7590140000000001,1.257415,HRV,POL,850590
8511897,102,177,9292,2015,5174914.0,1327771.0,1.462839,0.803258,HUN,POL,850590
8511898,103,177,9292,2015,0.0,62218.0,-0.145103,1.277362,IDN,POL,850590
8511899,104,177,9292,2015,30129.0,4993.0,0.24230900000000002,2.8190880000000003,IND,POL,850590
8511900,106,177,9292,2015,1173.0,62241.0,1.304942,0.126431,IRL,POL,850590
8511901,110,177,9292,2015,18388.0,983.0,1.260071,0.545545,ISR,POL,850590
8511902,111,177,9292,2015,2568269.0,776526.0,1.321127,0.747046,ITA,POL,850590
8511903,114,177,9292,2015,8406500.0,296413.0,2.516133,-0.484202,JPN,POL,850590
8511904,115,177,9292,2015,0.0,8371.0,-0.45091499999999995,-0.652026,KAZ,POL,850590
8511905,121,177,9292,2015,2468131.0,94714.0,1.900653,0.859406,KOR,POL,850590
8511906,122,177,9292,2015,0.0,4090.0,-0.352023,-1.153057,KWT,POL,850590
8511907,130,177,9292,2015,1000.0,52504.0,0.749429,1.3659860000000001,LTU,POL,850590
8511908,131,177,9292,2015,0.0,1000.0,1.218924,1.247152,LUX,POL,850590
8511909,132,177,9292,2015,1020.0,40448.0,0.602209,1.125357,LVA,POL,850590
8511910,135,177,9292,2015,0.0,9537.0,-0.313837,-0.20393,MDA,POL,850590
8511911,138,177,9292,2015,41390.0,8975.0,1.169724,0.61457,MEX,POL,850590
8511912,140,177,9292,2015,0.0,1616.0,-0.09009600000000001,-0.147359,MKD,POL,850590
8511913,144,177,9292,2015,0.0,3038.0,-0.048385000000000004,-0.150759,MNE,POL,850590
8511914,153,177,9292,2015,22634.0,1319.0,1.082803,0.811615,MYS,POL,850590
8511915,162,177,9292,2015,115153.0,152433.0,1.230104,1.27344,NLD,POL,850590
8511916,163,177,9292,2015,3184.0,211797.0,0.950708,0.314339,NOR,POL,850590
8511917,166,177,9292,2015,0.0,925.0,0.224598,0.253179,NZL,POL,850590
8511918,168,177,9292,2015,0.0,9214.0,-0.7059979999999999,0.73501,PAK,POL,850590
8511919,173,177,9292,2015,0.0,13338.0,-0.6007819999999999,0.32152800000000004,PER,POL,850590
8511920,179,177,9292,2015,18318.0,8114.0,0.561922,2.2276380000000002,PRT,POL,850590
8511921,183,177,9292,2015,0.0,5035.0,-0.077053,-0.9922719999999999,QAT,POL,850590
8511922,185,177,9292,2015,13713.0,22390.0,0.946363,1.056775,ROU,POL,850590
8511923,186,177,9292,2015,75368.0,146035.0,0.23119,0.035965,RUS,POL,850590
8511924,192,177,9292,2015,0.0,1795.0,2.05613,0.593065,SGP,POL,850590
8511925,201,177,9292,2015,0.0,36386.0,0.457042,1.324908,SRB,POL,850590
8511926,206,177,9292,2015,67059.0,14019.0,1.287133,0.7900560000000001,SVK,POL,850590
8511927,207,177,9292,2015,15097.0,2497.0,1.6089879999999999,0.833616,SVN,POL,850590
8511928,208,177,9292,2015,125475.0,18511.0,1.8068349999999997,0.693389,SWE,POL,850590
8511929,216,177,9292,2015,22019.0,14426.0,0.965888,1.368572,THA,POL,850590
8511930,223,177,9292,2015,26595.0,1420.0,0.140202,0.967591,TUN,POL,850590
8511931,224,177,9292,2015,2934.0,30248.0,0.438669,2.519632,TUR,POL,850590
8511932,228,177,9292,2015,0.0,56856.0,0.429879,0.701813,UKR,POL,850590
8511933,231,177,9292,2015,1040820.0,1182271.0,1.720478,-0.129322,USA,POL,850590
8511934,243,177,9292,2015,0.0,1729.0,-1.048632,-1.10843,YEM,POL,850590
8511935,246,177,9292,2015,0.0,86112.0,0.24944699999999997,1.7573159999999999,ZAF,POL,850590
8511936,249,177,9292,2015,90506.0,16347.0,1.962832,1.214982,TWN,POL,850590
8511937,250,177,9292,2015,10485.0,0.0,0.377283,-0.092204,ANS,POL,850590
8511938,2,179,9292,2015,0.0,19597.0,-1.6542,-1.2598989999999999,AGO,PRT,850590
8511939,8,179,9292,2015,8815.0,0.0,0.116896,0.30330999999999997,ARG,PRT,850590
8511940,15,179,9292,2015,69322.0,0.0,1.747098,-0.08026699999999999,AUT,PRT,850590
8511941,18,179,9292,2015,93395.0,1496.0,1.329866,1.100641,BEL,PRT,850590
8511942,32,179,9292,2015,0.0,1452.0,0.23656799999999997,0.688607,BRA,PRT,850590
8511943,39,179,9292,2015,1121.0,10023.0,0.695867,1.171676,CAN,PRT,850590
8511944,41,179,9292,2015,49449.0,0.0,2.306075,0.720781,CHE,PRT,850590
8511945,43,179,9292,2015,69127.0,414339.0,1.077143,1.735757,CHN,PRT,850590
8511946,44,179,9292,2015,0.0,6344.0,-0.856142,-0.905292,CIV,PRT,850590
8511947,45,179,9292,2015,0.0,10253.0,-0.924366,-1.040721,CMR,PRT,850590
8511948,58,179,9292,2015,0.0,1515.0,0.511225,-0.207261,CYP,PRT,850590
8511949,59,179,9292,2015,33403.0,3334.0,1.743012,0.45424,CZE,PRT,850590
8511950,61,179,9292,2015,1458721.0,18440.0,2.203818,-2.307561,DEU,PRT,850590
8511951,64,179,9292,2015,2902.0,2817.0,1.157924,1.2045629999999998,DNK,PRT,850590
8511952,71,179,9292,2015,1062536.0,10648.0,0.8173590000000001,2.442556,ESP,PRT,850590
8511953,72,179,9292,2015,18472.0,0.0,0.9281149999999999,1.1780389999999998,EST,PRT,850590
8511954,74,179,9292,2015,929.0,0.0,1.597817,0.998059,FIN,PRT,850590
8511955,77,179,9292,2015,283562.0,319342.0,1.479792,0.6490239999999999,FRA,PRT,850590
8511956,81,179,9292,2015,114273.0,1249.0,1.7422990000000003,0.75838,GBR,PRT,850590
8511957,102,179,9292,2015,74342.0,8586858.0,1.462839,0.803258,HUN,PRT,850590
8511958,104,179,9292,2015,0.0,1297.0,0.24230900000000002,2.8190880000000003,IND,PRT,850590
8511959,111,179,9292,2015,519881.0,33865.0,1.321127,0.747046,ITA,PRT,850590
8511960,114,179,9292,2015,11650.0,0.0,2.516133,-0.484202,JPN,PRT,850590
8511961,121,179,9292,2015,12105547.0,82138.0,1.900653,0.859406,KOR,PRT,850590
8511962,138,179,9292,2015,0.0,2624.0,1.169724,0.61457,MEX,PRT,850590
8511963,147,179,9292,2015,0.0,4071.0,-1.293809,-1.115069,MOZ,PRT,850590
8511964,162,179,9292,2015,36051.0,16769.0,1.230104,1.27344,NLD,PRT,850590
8511965,177,179,9292,2015,8114.0,18318.0,1.145844,1.1449280000000002,POL,PRT,850590
8511966,185,179,9292,2015,14312.0,33776.0,0.946363,1.056775,ROU,PRT,850590
8511967,188,179,9292,2015,0.0,1022.0,0.5552520000000001,-0.7263229999999999,SAU,PRT,850590
8511968,208,179,9292,2015,2833.0,1376.0,1.8068349999999997,0.693389,SWE,PRT,850590
8511969,224,179,9292,2015,1931.0,0.0,0.438669,2.519632,TUR,PRT,850590
8511970,231,179,9292,2015,38583.0,6360.0,1.720478,-0.129322,USA,PRT,850590
8511971,249,179,9292,2015,16829.0,0.0,1.962832,1.214982,TWN,PRT,850590
8511972,8,180,9292,2015,13144.0,0.0,0.116896,0.30330999999999997,ARG,PRY,850590
8511973,32,180,9292,2015,44282.0,0.0,0.23656799999999997,0.688607,BRA,PRY,850590
8511974,39,180,9292,2015,1176.0,0.0,0.695867,1.171676,CAN,PRY,850590
8511975,41,180,9292,2015,333.0,0.0,2.306075,0.720781,CHE,PRY,850590
8511976,42,180,9292,2015,6554.0,0.0,-0.356167,-0.47629399999999994,CHL,PRY,850590
8511977,43,180,9292,2015,1361.0,0.0,1.077143,1.735757,CHN,PRY,850590
8511978,61,180,9292,2015,35216.0,0.0,2.203818,-2.307561,DEU,PRY,850590
8511979,64,180,9292,2015,6557.0,0.0,1.157924,1.2045629999999998,DNK,PRY,850590
8511980,71,180,9292,2015,1591.0,0.0,0.8173590000000001,2.442556,ESP,PRY,850590
8511981,111,180,9292,2015,5386.0,0.0,1.321127,0.747046,ITA,PRY,850590
8511982,114,180,9292,2015,1077.0,0.0,2.516133,-0.484202,JPN,PRY,850590
8511983,138,180,9292,2015,1145.0,0.0,1.169724,0.61457,MEX,PRY,850590
8511984,230,180,9292,2015,1921.0,0.0,0.273876,-0.363695,URY,PRY,850590
8511985,231,180,9292,2015,3185.0,0.0,1.720478,-0.129322,USA,PRY,850590
8511986,249,180,9292,2015,1660.0,0.0,1.962832,1.214982,TWN,PRY,850590
8511987,43,181,9292,2015,6158.0,0.0,1.077143,1.735757,CHN,PSE,850590
8511988,61,181,9292,2015,2244.0,0.0,2.203818,-2.307561,DEU,PSE,850590
8511989,111,181,9292,2015,325.0,0.0,1.321127,0.747046,ITA,PSE,850590
8511990,224,181,9292,2015,455.0,0.0,0.438669,2.519632,TUR,PSE,850590
8511991,7,188,9292,2015,1091.0,0.0,0.21779600000000002,-0.0047420000000000006,ARE,SAU,850590
8511992,15,188,9292,2015,5242.0,0.0,1.747098,-0.08026699999999999,AUT,SAU,850590
8511993,18,188,9292,2015,18368.0,0.0,1.329866,1.100641,BEL,SAU,850590
8511994,24,188,9292,2015,68534.0,0.0,0.36650900000000003,-0.28735,BHR,SAU,850590
8511995,28,188,9292,2015,906.0,0.0,0.672499,0.5584020000000001,BLR,SAU,850590
8511996,39,188,9292,2015,2077.0,0.0,0.695867,1.171676,CAN,SAU,850590
8511997,41,188,9292,2015,40261.0,0.0,2.306075,0.720781,CHE,SAU,850590
8511998,43,188,9292,2015,251149.0,0.0,1.077143,1.735757,CHN,SAU,850590
8511999,59,188,9292,2015,1177.0,0.0,1.743012,0.45424,CZE,SAU,850590
8512000,61,188,9292,2015,1139804.0,0.0,2.203818,-2.307561,DEU,SAU,850590
8512001,64,188,9292,2015,234069.0,0.0,1.157924,1.2045629999999998,DNK,SAU,850590
8512002,71,188,9292,2015,6482.0,0.0,0.8173590000000001,2.442556,ESP,SAU,850590
8512003,74,188,9292,2015,43148.0,0.0,1.597817,0.998059,FIN,SAU,850590
8512004,77,188,9292,2015,86426.0,0.0,1.479792,0.6490239999999999,FRA,SAU,850590
8512005,81,188,9292,2015,683617.0,0.0,1.7422990000000003,0.75838,GBR,SAU,850590
8512006,104,188,9292,2015,178439.0,0.0,0.24230900000000002,2.8190880000000003,IND,SAU,850590
8512007,111,188,9292,2015,630045.0,0.0,1.321127,0.747046,ITA,SAU,850590
8512008,114,188,9292,2015,13166.0,0.0,2.516133,-0.484202,JPN,SAU,850590
8512009,121,188,9292,2015,22097.0,0.0,1.900653,0.859406,KOR,SAU,850590
8512010,153,188,9292,2015,3584.0,0.0,1.082803,0.811615,MYS,SAU,850590
8512011,162,188,9292,2015,540615.0,0.0,1.230104,1.27344,NLD,SAU,850590
8512012,166,188,9292,2015,325834.0,0.0,0.224598,0.253179,NZL,SAU,850590
8512013,179,188,9292,2015,1022.0,0.0,0.561922,2.2276380000000002,PRT,SAU,850590
8512014,192,188,9292,2015,7573.0,0.0,2.05613,0.593065,SGP,SAU,850590
8512015,208,188,9292,2015,1281.0,0.0,1.8068349999999997,0.693389,SWE,SAU,850590
8512016,216,188,9292,2015,56308.0,0.0,0.965888,1.368572,THA,SAU,850590
8512017,224,188,9292,2015,3925.0,0.0,0.438669,2.519632,TUR,SAU,850590
8512018,231,188,9292,2015,2041876.0,0.0,1.720478,-0.129322,USA,SAU,850590
8512019,249,188,9292,2015,45272.0,0.0,1.962832,1.214982,TWN,SAU,850590
8512020,250,188,9292,2015,54750.0,0.0,0.377283,-0.092204,ANS,SAU,850590
8512021,7,190,9292,2015,35126.0,0.0,0.21779600000000002,-0.0047420000000000006,ARE,SDN,850590
8512022,15,190,9292,2015,3018.0,0.0,1.747098,-0.08026699999999999,AUT,SDN,850590
8512023,43,190,9292,2015,29419.0,0.0,1.077143,1.735757,CHN,SDN,850590
8512024,61,190,9292,2015,16883.0,0.0,2.203818,-2.307561,DEU,SDN,850590
8512025,81,190,9292,2015,8259.0,0.0,1.7422990000000003,0.75838,GBR,SDN,850590
8512026,104,190,9292,2015,1481.0,0.0,0.24230900000000002,2.8190880000000003,IND,SDN,850590
8512027,111,190,9292,2015,4475.0,0.0,1.321127,0.747046,ITA,SDN,850590
8512028,192,190,9292,2015,881.0,0.0,2.05613,0.593065,SGP,SDN,850590
8512029,7,192,9292,2015,0.0,18788.0,0.21779600000000002,-0.0047420000000000006,ARE,SGP,850590
8512030,8,192,9292,2015,0.0,8825.0,0.116896,0.30330999999999997,ARG,SGP,850590
8512031,14,192,9292,2015,28786.0,65503.0,-0.292325,-0.043489,AUS,SGP,850590
8512032,15,192,9292,2015,28416.0,18493.0,1.747098,-0.08026699999999999,AUT,SGP,850590
8512033,18,192,9292,2015,30544.0,6210.0,1.329866,1.100641,BEL,SGP,850590
8512034,22,192,9292,2015,0.0,2605.0,-1.088465,-0.8745360000000001,BGD,SGP,850590
8512035,23,192,9292,2015,14260.0,0.0,0.45640699999999995,1.691455,BGR,SGP,850590
8512036,32,192,9292,2015,2487.0,9585.0,0.23656799999999997,0.688607,BRA,SGP,850590
8512037,34,192,9292,2015,5964.0,2382.0,1.093564,-0.679211,BRN,SGP,850590
8512038,39,192,9292,2015,7349.0,2282.0,0.695867,1.171676,CAN,SGP,850590
8512039,41,192,9292,2015,580768.0,4007.0,2.306075,0.720781,CHE,SGP,850590
8512040,43,192,9292,2015,5558544.0,778301.0,1.077143,1.735757,CHN,SGP,850590
8512041,59,192,9292,2015,30060.0,2314.0,1.743012,0.45424,CZE,SGP,850590
8512042,61,192,9292,2015,2237411.0,62460.0,2.203818,-2.307561,DEU,SGP,850590
8512043,64,192,9292,2015,392939.0,0.0,1.157924,1.2045629999999998,DNK,SGP,850590
8512044,67,192,9292,2015,2713.0,0.0,-0.9845959999999999,-1.075639,ECU,SGP,850590
8512045,71,192,9292,2015,5287432.0,0.0,0.8173590000000001,2.442556,ESP,SGP,850590
8512046,72,192,9292,2015,297716.0,10673.0,0.9281149999999999,1.1780389999999998,EST,SGP,850590
8512047,74,192,9292,2015,3976.0,0.0,1.597817,0.998059,FIN,SGP,850590
8512048,77,192,9292,2015,141887.0,30933.0,1.479792,0.6490239999999999,FRA,SGP,850590
8512049,81,192,9292,2015,453527.0,193879.0,1.7422990000000003,0.75838,GBR,SGP,850590
8512050,97,192,9292,2015,80175.0,328873.0,0.8255290000000001,1.8017279999999998,HKG,SGP,850590
8512051,102,192,9292,2015,0.0,1952.0,1.462839,0.803258,HUN,SGP,850590
8512052,103,192,9292,2015,489438.0,3032606.0,-0.145103,1.277362,IDN,SGP,850590
8512053,104,192,9292,2015,223530.0,352983.0,0.24230900000000002,2.8190880000000003,IND,SGP,850590
8512054,106,192,9292,2015,1776.0,5326.0,1.304942,0.126431,IRL,SGP,850590
8512055,110,192,9292,2015,3362.0,0.0,1.260071,0.545545,ISR,SGP,850590
8512056,111,192,9292,2015,322830.0,2698.0,1.321127,0.747046,ITA,SGP,850590
8512057,114,192,9292,2015,6089708.0,3341301.0,2.516133,-0.484202,JPN,SGP,850590
8512058,118,192,9292,2015,0.0,32166.0,-0.791985,-0.833046,KHM,SGP,850590
8512059,121,192,9292,2015,99662.0,98474.0,1.900653,0.859406,KOR,SGP,850590
8512060,128,192,9292,2015,0.0,6840.0,-0.6773399999999999,0.386343,LKA,SGP,850590
8512061,131,192,9292,2015,1043.0,0.0,1.218924,1.247152,LUX,SGP,850590
8512062,134,192,9292,2015,0.0,8312.0,-0.7554810000000001,-0.059697,MAR,SGP,850590
8512063,137,192,9292,2015,0.0,1049.0,-0.321571,-0.858751,MDV,SGP,850590
8512064,138,192,9292,2015,499634.0,45417.0,1.169724,0.61457,MEX,SGP,850590
8512065,142,192,9292,2015,0.0,1167.0,0.880893,-0.117585,MLT,SGP,850590
8512066,143,192,9292,2015,0.0,3752.0,-1.4596120000000001,-0.903904,MMR,SGP,850590
8512067,151,192,9292,2015,0.0,4031.0,-0.231762,-0.195051,MUS,SGP,850590
8512068,153,192,9292,2015,1571759.0,1049674.0,1.082803,0.811615,MYS,SGP,850590
8512069,162,192,9292,2015,100861.0,72684.0,1.230104,1.27344,NLD,SGP,850590
8512070,163,192,9292,2015,6406.0,8237.0,0.950708,0.314339,NOR,SGP,850590
8512071,166,192,9292,2015,2545.0,3523.0,0.224598,0.253179,NZL,SGP,850590
8512072,168,192,9292,2015,0.0,2934.0,-0.7059979999999999,0.73501,PAK,SGP,850590
8512073,174,192,9292,2015,97024.0,314885.0,0.6406270000000001,0.45770200000000005,PHL,SGP,850590
8512074,177,192,9292,2015,1795.0,0.0,1.145844,1.1449280000000002,POL,SGP,850590
8512075,183,192,9292,2015,0.0,8429.0,-0.077053,-0.9922719999999999,QAT,SGP,850590
8512076,185,192,9292,2015,0.0,1693.0,0.946363,1.056775,ROU,SGP,850590
8512077,186,192,9292,2015,22872.0,8505.0,0.23119,0.035965,RUS,SGP,850590
8512078,188,192,9292,2015,0.0,7573.0,0.5552520000000001,-0.7263229999999999,SAU,SGP,850590
8512079,190,192,9292,2015,0.0,881.0,-1.420356,-1.218424,SDN,SGP,850590
8512080,201,192,9292,2015,0.0,9399.0,0.457042,1.324908,SRB,SGP,850590
8512081,208,192,9292,2015,38374.0,0.0,1.8068349999999997,0.693389,SWE,SGP,850590
8512082,211,192,9292,2015,0.0,1587.0,1.017467,-0.285569,SYC,SGP,850590
8512083,216,192,9292,2015,1106433.0,342652.0,0.965888,1.368572,THA,SGP,850590
8512084,224,192,9292,2015,2108.0,2498.0,0.438669,2.519632,TUR,SGP,850590
8512085,231,192,9292,2015,4952620.0,334650.0,1.720478,-0.129322,USA,SGP,850590
8512086,239,192,9292,2015,0.0,96548.0,-0.17108900000000002,1.10995,VNM,SGP,850590
8512087,249,192,9292,2015,545637.0,78005.0,1.962832,1.214982,TWN,SGP,850590
8512088,32,197,9292,2015,1735.0,0.0,0.23656799999999997,0.688607,BRA,SLV,850590
8512089,41,197,9292,2015,8177.0,0.0,2.306075,0.720781,CHE,SLV,850590
8512090,43,197,9292,2015,6507.0,0.0,1.077143,1.735757,CHN,SLV,850590
8512091,59,197,9292,2015,2498.0,0.0,1.743012,0.45424,CZE,SLV,850590
8512092,61,197,9292,2015,15608.0,0.0,2.203818,-2.307561,DEU,SLV,850590
8512093,71,197,9292,2015,1695.0,0.0,0.8173590000000001,2.442556,ESP,SLV,850590
8512094,77,197,9292,2015,911.0,0.0,1.479792,0.6490239999999999,FRA,SLV,850590
8512095,93,197,9292,2015,0.0,1413.0,-0.284403,0.525564,GTM,SLV,850590
8512096,99,197,9292,2015,0.0,9735.0,-0.578635,-0.292053,HND,SLV,850590
8512097,103,197,9292,2015,2014.0,0.0,-0.145103,1.277362,IDN,SLV,850590
8512098,111,197,9292,2015,1057.0,0.0,1.321127,0.747046,ITA,SLV,850590
8512099,114,197,9292,2015,3543.0,0.0,2.516133,-0.484202,JPN,SLV,850590
8512100,121,197,9292,2015,3424.0,0.0,1.900653,0.859406,KOR,SLV,850590
8512101,138,197,9292,2015,5993.0,0.0,1.169724,0.61457,MEX,SLV,850590
8512102,169,197,9292,2015,904.0,0.0,0.642058,0.833392,PAN,SLV,850590
8512103,231,197,9292,2015,34209.0,0.0,1.720478,-0.129322,USA,SLV,850590
8512104,249,197,9292,2015,4128.0,0.0,1.962832,1.214982,TWN,SLV,850590
8512105,39,205,9292,2015,3798.0,0.0,0.695867,1.171676,CAN,SUR,850590
8512106,61,205,9292,2015,1950.0,0.0,2.203818,-2.307561,DEU,SUR,850590
8512107,169,205,9292,2015,2761.0,0.0,0.642058,0.833392,PAN,SUR,850590
8512108,231,205,9292,2015,5767.0,0.0,1.720478,-0.129322,USA,SUR,850590
8512109,7,208,9292,2015,0.0,30926.0,0.21779600000000002,-0.0047420000000000006,ARE,SWE,850590
8512110,8,208,9292,2015,0.0,6182.0,0.116896,0.30330999999999997,ARG,SWE,850590
8512111,14,208,9292,2015,0.0,25940.0,-0.292325,-0.043489,AUS,SWE,850590
8512112,15,208,9292,2015,19136.0,33195.0,1.747098,-0.08026699999999999,AUT,SWE,850590
8512113,18,208,9292,2015,650636.0,3270038.0,1.329866,1.100641,BEL,SWE,850590
8512114,21,208,9292,2015,0.0,1204.0,-1.085359,-1.034365,BFA,SWE,850590
8512115,28,208,9292,2015,0.0,3852.0,0.672499,0.5584020000000001,BLR,SWE,850590
8512116,32,208,9292,2015,1421.0,63815.0,0.23656799999999997,0.688607,BRA,SWE,850590
8512117,39,208,9292,2015,10091.0,150080.0,0.695867,1.171676,CAN,SWE,850590
8512118,41,208,9292,2015,707779.0,97284.0,2.306075,0.720781,CHE,SWE,850590
8512119,42,208,9292,2015,0.0,2237.0,-0.356167,-0.47629399999999994,CHL,SWE,850590
8512120,43,208,9292,2015,578621.0,359151.0,1.077143,1.735757,CHN,SWE,850590
8512121,45,208,9292,2015,0.0,1875.0,-0.924366,-1.040721,CMR,SWE,850590
8512122,49,208,9292,2015,4352.0,1212.0,0.156383,-0.183055,COL,SWE,850590
8512123,59,208,9292,2015,87324.0,25717.0,1.743012,0.45424,CZE,SWE,850590
8512124,61,208,9292,2015,17534842.0,1224428.0,2.203818,-2.307561,DEU,SWE,850590
8512125,64,208,9292,2015,370639.0,126128.0,1.157924,1.2045629999999998,DNK,SWE,850590
8512126,65,208,9292,2015,0.0,5006.0,-0.212808,0.395873,DOM,SWE,850590
8512127,71,208,9292,2015,50771.0,62007.0,0.8173590000000001,2.442556,ESP,SWE,850590
8512128,72,208,9292,2015,61558.0,2740739.0,0.9281149999999999,1.1780389999999998,EST,SWE,850590
8512129,74,208,9292,2015,240123.0,194451.0,1.597817,0.998059,FIN,SWE,850590
8512130,77,208,9292,2015,2063595.0,647376.0,1.479792,0.6490239999999999,FRA,SWE,850590
8512131,78,208,9292,2015,0.0,5595.0,-0.700767,-0.9214399999999999,FRO,SWE,850590
8512132,81,208,9292,2015,4211805.0,619615.0,1.7422990000000003,0.75838,GBR,SWE,850590
8512133,90,208,9292,2015,0.0,2511.0,0.099027,1.012289,GRC,SWE,850590
8512134,93,208,9292,2015,0.0,5810.0,-0.284403,0.525564,GTM,SWE,850590
8512135,97,208,9292,2015,16129.0,2442.0,0.8255290000000001,1.8017279999999998,HKG,SWE,850590
8512136,100,208,9292,2015,0.0,2636.0,0.7590140000000001,1.257415,HRV,SWE,850590
8512137,102,208,9292,2015,21987.0,3885.0,1.462839,0.803258,HUN,SWE,850590
8512138,103,208,9292,2015,0.0,1651.0,-0.145103,1.277362,IDN,SWE,850590
8512139,104,208,9292,2015,2654.0,4336.0,0.24230900000000002,2.8190880000000003,IND,SWE,850590
8512140,106,208,9292,2015,9087.0,16120.0,1.304942,0.126431,IRL,SWE,850590
8512141,109,208,9292,2015,0.0,2275.0,0.24527600000000002,-0.411616,ISL,SWE,850590
8512142,110,208,9292,2015,0.0,1261.0,1.260071,0.545545,ISR,SWE,850590
8512143,111,208,9292,2015,775279.0,148259.0,1.321127,0.747046,ITA,SWE,850590
8512144,113,208,9292,2015,0.0,3966.0,0.121172,0.457301,JOR,SWE,850590
8512145,114,208,9292,2015,198158.0,317873.0,2.516133,-0.484202,JPN,SWE,850590
8512146,115,208,9292,2015,0.0,1337.0,-0.45091499999999995,-0.652026,KAZ,SWE,850590
8512147,121,208,9292,2015,1449.0,24671.0,1.900653,0.859406,KOR,SWE,850590
8512148,124,208,9292,2015,0.0,6211.0,0.317355,1.330374,LBN,SWE,850590
8512149,130,208,9292,2015,61817.0,55181.0,0.749429,1.3659860000000001,LTU,SWE,850590
8512150,132,208,9292,2015,0.0,57691.0,0.602209,1.125357,LVA,SWE,850590
8512151,134,208,9292,2015,0.0,2759.0,-0.7554810000000001,-0.059697,MAR,SWE,850590
8512152,138,208,9292,2015,4260.0,10991.0,1.169724,0.61457,MEX,SWE,850590
8512153,151,208,9292,2015,0.0,2296.0,-0.231762,-0.195051,MUS,SWE,850590
8512154,153,208,9292,2015,5505.0,11613.0,1.082803,0.811615,MYS,SWE,850590
8512155,162,208,9292,2015,141251.0,44217.0,1.230104,1.27344,NLD,SWE,850590
8512156,163,208,9292,2015,42828.0,1008456.0,0.950708,0.314339,NOR,SWE,850590
8512157,166,208,9292,2015,9604.0,13392.0,0.224598,0.253179,NZL,SWE,850590
8512158,168,208,9292,2015,0.0,5500.0,-0.7059979999999999,0.73501,PAK,SWE,850590
8512159,173,208,9292,2015,0.0,1965.0,-0.6007819999999999,0.32152800000000004,PER,SWE,850590
8512160,177,208,9292,2015,18511.0,125475.0,1.145844,1.1449280000000002,POL,SWE,850590
8512161,179,208,9292,2015,1376.0,2833.0,0.561922,2.2276380000000002,PRT,SWE,850590
8512162,183,208,9292,2015,0.0,1979.0,-0.077053,-0.9922719999999999,QAT,SWE,850590
8512163,185,208,9292,2015,2209.0,943.0,0.946363,1.056775,ROU,SWE,850590
8512164,186,208,9292,2015,1599.0,56401.0,0.23119,0.035965,RUS,SWE,850590
8512165,188,208,9292,2015,0.0,1281.0,0.5552520000000001,-0.7263229999999999,SAU,SWE,850590
8512166,192,208,9292,2015,0.0,38374.0,2.05613,0.593065,SGP,SWE,850590
8512167,206,208,9292,2015,9047.0,1173.0,1.287133,0.7900560000000001,SVK,SWE,850590
8512168,207,208,9292,2015,13050.0,860.0,1.6089879999999999,0.833616,SVN,SWE,850590
8512169,216,208,9292,2015,1819.0,1417.0,0.965888,1.368572,THA,SWE,850590
8512170,224,208,9292,2015,1495.0,8426.0,0.438669,2.519632,TUR,SWE,850590
8512171,228,208,9292,2015,0.0,19710.0,0.429879,0.701813,UKR,SWE,850590
8512172,231,208,9292,2015,284630.0,312818.0,1.720478,-0.129322,USA,SWE,850590
8512173,239,208,9292,2015,0.0,2312.0,-0.17108900000000002,1.10995,VNM,SWE,850590
8512174,246,208,9292,2015,2110.0,6567.0,0.24944699999999997,1.7573159999999999,ZAF,SWE,850590
8512175,247,208,9292,2015,0.0,3631.0,-0.44792,-0.769586,ZMB,SWE,850590
8512176,249,208,9292,2015,190904.0,51028.0,1.962832,1.214982,TWN,SWE,850590
8512177,7,216,9292,2015,0.0,6764.0,0.21779600000000002,-0.0047420000000000006,ARE,THA,850590
8512178,8,216,9292,2015,0.0,1355.0,0.116896,0.30330999999999997,ARG,THA,850590
8512179,14,216,9292,2015,35565.0,0.0,-0.292325,-0.043489,AUS,THA,850590
8512180,15,216,9292,2015,8062.0,0.0,1.747098,-0.08026699999999999,AUT,THA,850590
8512181,18,216,9292,2015,41679.0,1752.0,1.329866,1.100641,BEL,THA,850590
8512182,32,216,9292,2015,0.0,30804.0,0.23656799999999997,0.688607,BRA,THA,850590
8512183,39,216,9292,2015,0.0,5041.0,0.695867,1.171676,CAN,THA,850590
8512184,41,216,9292,2015,31799.0,0.0,2.306075,0.720781,CHE,THA,850590
8512185,43,216,9292,2015,12840295.0,3652804.0,1.077143,1.735757,CHN,THA,850590
8512186,59,216,9292,2015,158077.0,4615377.0,1.743012,0.45424,CZE,THA,850590
8512187,61,216,9292,2015,876040.0,390324.0,2.203818,-2.307561,DEU,THA,850590
8512188,64,216,9292,2015,4343.0,5428.0,1.157924,1.2045629999999998,DNK,THA,850590
8512189,65,216,9292,2015,0.0,1245.0,-0.212808,0.395873,DOM,THA,850590
8512190,68,216,9292,2015,1862.0,0.0,-0.183053,1.765036,EGY,THA,850590
8512191,71,216,9292,2015,43427.0,0.0,0.8173590000000001,2.442556,ESP,THA,850590
8512192,74,216,9292,2015,16523.0,0.0,1.597817,0.998059,FIN,THA,850590
8512193,77,216,9292,2015,2669.0,4139.0,1.479792,0.6490239999999999,FRA,THA,850590
8512194,81,216,9292,2015,36198.0,4091.0,1.7422990000000003,0.75838,GBR,THA,850590
8512195,97,216,9292,2015,128167.0,24059.0,0.8255290000000001,1.8017279999999998,HKG,THA,850590
8512196,102,216,9292,2015,0.0,16365345.0,1.462839,0.803258,HUN,THA,850590
8512197,103,216,9292,2015,261905.0,234987.0,-0.145103,1.277362,IDN,THA,850590
8512198,104,216,9292,2015,8251.0,3359254.0,0.24230900000000002,2.8190880000000003,IND,THA,850590
8512199,106,216,9292,2015,2884.0,0.0,1.304942,0.126431,IRL,THA,850590
8512200,110,216,9292,2015,4770.0,982.0,1.260071,0.545545,ISR,THA,850590
8512201,111,216,9292,2015,93222.0,3920.0,1.321127,0.747046,ITA,THA,850590
8512202,114,216,9292,2015,22344468.0,2168762.0,2.516133,-0.484202,JPN,THA,850590
8512203,121,216,9292,2015,5284218.0,3607.0,1.900653,0.859406,KOR,THA,850590
8512204,122,216,9292,2015,0.0,15639.0,-0.352023,-1.153057,KWT,THA,850590
8512205,123,216,9292,2015,302126.0,1073274.0,-0.927524,-0.74525,LAO,THA,850590
8512206,128,216,9292,2015,0.0,2017.0,-0.6773399999999999,0.386343,LKA,THA,850590
8512207,138,216,9292,2015,0.0,1688.0,1.169724,0.61457,MEX,THA,850590
8512208,143,216,9292,2015,0.0,6220.0,-1.4596120000000001,-0.903904,MMR,THA,850590
8512209,153,216,9292,2015,2546208.0,8141018.0,1.082803,0.811615,MYS,THA,850590
8512210,162,216,9292,2015,3394.0,8837.0,1.230104,1.27344,NLD,THA,850590
8512211,166,216,9292,2015,20806.0,13808.0,0.224598,0.253179,NZL,THA,850590
8512212,167,216,9292,2015,0.0,3302.0,-0.4699,-1.00451,OMN,THA,850590
8512213,174,216,9292,2015,8577527.0,85760.0,0.6406270000000001,0.45770200000000005,PHL,THA,850590
8512214,177,216,9292,2015,14426.0,22019.0,1.145844,1.1449280000000002,POL,THA,850590
8512215,183,216,9292,2015,0.0,4309.0,-0.077053,-0.9922719999999999,QAT,THA,850590
8512216,186,216,9292,2015,0.0,1756.0,0.23119,0.035965,RUS,THA,850590
8512217,188,216,9292,2015,0.0,56308.0,0.5552520000000001,-0.7263229999999999,SAU,THA,850590
8512218,192,216,9292,2015,342652.0,1106433.0,2.05613,0.593065,SGP,THA,850590
8512219,208,216,9292,2015,1417.0,1819.0,1.8068349999999997,0.693389,SWE,THA,850590
8512220,211,216,9292,2015,0.0,798.0,1.017467,-0.285569,SYC,THA,850590
8512221,223,216,9292,2015,0.0,12584.0,0.140202,0.967591,TUN,THA,850590
8512222,224,216,9292,2015,0.0,3321.0,0.438669,2.519632,TUR,THA,850590
8512223,231,216,9292,2015,1672554.0,1773622.0,1.720478,-0.129322,USA,THA,850590
8512224,239,216,9292,2015,8618.0,117155.0,-0.17108900000000002,1.10995,VNM,THA,850590
8512225,246,216,9292,2015,1103.0,4122.0,0.24944699999999997,1.7573159999999999,ZAF,THA,850590
8512226,249,216,9292,2015,2680977.0,11381.0,1.962832,1.214982,TWN,THA,850590
8512227,43,222,9292,2015,3496.0,0.0,1.077143,1.735757,CHN,TTO,850590
8512228,61,222,9292,2015,8445.0,0.0,2.203818,-2.307561,DEU,TTO,850590
8512229,74,222,9292,2015,698.0,0.0,1.597817,0.998059,FIN,TTO,850590
8512230,77,222,9292,2015,1845.0,0.0,1.479792,0.6490239999999999,FRA,TTO,850590
8512231,81,222,9292,2015,8073.0,0.0,1.7422990000000003,0.75838,GBR,TTO,850590
8512232,104,222,9292,2015,1311.0,0.0,0.24230900000000002,2.8190880000000003,IND,TTO,850590
8512233,114,222,9292,2015,8329.0,0.0,2.516133,-0.484202,JPN,TTO,850590
8512234,138,222,9292,2015,3723.0,0.0,1.169724,0.61457,MEX,TTO,850590
8512235,231,222,9292,2015,184255.0,0.0,1.720478,-0.129322,USA,TTO,850590
8512236,249,222,9292,2015,4072.0,0.0,1.962832,1.214982,TWN,TTO,850590
8512237,250,222,9292,2015,0.0,1584.0,0.377283,-0.092204,ANS,TTO,850590
8512238,4,224,9292,2015,0.0,12015.0,-0.601875,-0.27003,ALB,TUR,850590
8512239,7,224,9292,2015,0.0,3610.0,0.21779600000000002,-0.0047420000000000006,ARE,TUR,850590
8512240,8,224,9292,2015,0.0,192026.0,0.116896,0.30330999999999997,ARG,TUR,850590
8512241,15,224,9292,2015,133679.0,3201.0,1.747098,-0.08026699999999999,AUT,TUR,850590
8512242,16,224,9292,2015,0.0,88028.0,-0.983347,-1.231542,AZE,TUR,850590
8512243,18,224,9292,2015,83405.0,1217.0,1.329866,1.100641,BEL,TUR,850590
8512244,23,224,9292,2015,0.0,7367.0,0.45640699999999995,1.691455,BGR,TUR,850590
8512245,26,224,9292,2015,0.0,7593.0,0.355903,0.723092,BIH,TUR,850590
8512246,28,224,9292,2015,1492.0,4537.0,0.672499,0.5584020000000001,BLR,TUR,850590
8512247,32,224,9292,2015,76557.0,11944.0,0.23656799999999997,0.688607,BRA,TUR,850590
8512248,37,224,9292,2015,995.0,0.0,-0.14164200000000002,-1.0372059999999999,BWA,TUR,850590
8512249,39,224,9292,2015,24727.0,0.0,0.695867,1.171676,CAN,TUR,850590
8512250,41,224,9292,2015,92141.0,3512.0,2.306075,0.720781,CHE,TUR,850590
8512251,42,224,9292,2015,0.0,3414.0,-0.356167,-0.47629399999999994,CHL,TUR,850590
8512252,43,224,9292,2015,1200374.0,38703.0,1.077143,1.735757,CHN,TUR,850590
8512253,47,224,9292,2015,0.0,16174.0,-1.294823,-1.18811,COG,TUR,850590
8512254,58,224,9292,2015,0.0,3116.0,0.511225,-0.207261,CYP,TUR,850590
8512255,59,224,9292,2015,75171.0,1629.0,1.743012,0.45424,CZE,TUR,850590
8512256,61,224,9292,2015,7438635.0,1659820.0,2.203818,-2.307561,DEU,TUR,850590
8512257,64,224,9292,2015,203420.0,4051.0,1.157924,1.2045629999999998,DNK,TUR,850590
8512258,66,224,9292,2015,0.0,55391.0,-1.54346,-1.255633,DZA,TUR,850590
8512259,68,224,9292,2015,0.0,46159.0,-0.183053,1.765036,EGY,TUR,850590
8512260,71,224,9292,2015,66303.0,3270.0,0.8173590000000001,2.442556,ESP,TUR,850590
8512261,72,224,9292,2015,6918.0,0.0,0.9281149999999999,1.1780389999999998,EST,TUR,850590
8512262,74,224,9292,2015,17919.0,1309.0,1.597817,0.998059,FIN,TUR,850590
8512263,77,224,9292,2015,881221.0,7969.0,1.479792,0.6490239999999999,FRA,TUR,850590
8512264,81,224,9292,2015,3754108.0,6126.0,1.7422990000000003,0.75838,GBR,TUR,850590
8512265,82,224,9292,2015,0.0,1148.0,-0.343663,-0.588017,GEO,TUR,850590
8512266,90,224,9292,2015,0.0,21614.0,0.099027,1.012289,GRC,TUR,850590
8512267,100,224,9292,2015,0.0,1875.0,0.7590140000000001,1.257415,HRV,TUR,850590
8512268,102,224,9292,2015,196533.0,87914.0,1.462839,0.803258,HUN,TUR,850590
8512269,103,224,9292,2015,0.0,1905.0,-0.145103,1.277362,IDN,TUR,850590
8512270,104,224,9292,2015,107793.0,3648.0,0.24230900000000002,2.8190880000000003,IND,TUR,850590
8512271,106,224,9292,2015,1631.0,0.0,1.304942,0.126431,IRL,TUR,850590
8512272,107,224,9292,2015,0.0,61435.0,-0.258946,-0.0073420000000000004,IRN,TUR,850590
8512273,108,224,9292,2015,0.0,17269.0,-1.465803,-0.912113,IRQ,TUR,850590
8512274,110,224,9292,2015,12875.0,1440.0,1.260071,0.545545,ISR,TUR,850590
8512275,111,224,9292,2015,647351.0,49863.0,1.321127,0.747046,ITA,TUR,850590
8512276,113,224,9292,2015,0.0,3309.0,0.121172,0.457301,JOR,TUR,850590
8512277,114,224,9292,2015,108159.0,48920.0,2.516133,-0.484202,JPN,TUR,850590
8512278,115,224,9292,2015,0.0,7935.0,-0.45091499999999995,-0.652026,KAZ,TUR,850590
8512279,121,224,9292,2015,120295.0,235332.0,1.900653,0.859406,KOR,TUR,850590
8512280,122,224,9292,2015,0.0,1673.0,-0.352023,-1.153057,KWT,TUR,850590
8512281,128,224,9292,2015,0.0,5804.0,-0.6773399999999999,0.386343,LKA,TUR,850590
8512282,130,224,9292,2015,0.0,5726.0,0.749429,1.3659860000000001,LTU,TUR,850590
8512283,134,224,9292,2015,0.0,103373.0,-0.7554810000000001,-0.059697,MAR,TUR,850590
8512284,138,224,9292,2015,134130.0,2138.0,1.169724,0.61457,MEX,TUR,850590
8512285,140,224,9292,2015,0.0,3666.0,-0.09009600000000001,-0.147359,MKD,TUR,850590
8512286,142,224,9292,2015,0.0,9082.0,0.880893,-0.117585,MLT,TUR,850590
8512287,159,224,9292,2015,0.0,5106.0,-1.415451,-1.157829,NGA,TUR,850590
8512288,162,224,9292,2015,2283658.0,5643.0,1.230104,1.27344,NLD,TUR,850590
8512289,163,224,9292,2015,4054.0,0.0,0.950708,0.314339,NOR,TUR,850590
8512290,167,224,9292,2015,0.0,2678.0,-0.4699,-1.00451,OMN,TUR,850590
8512291,168,224,9292,2015,0.0,2421.0,-0.7059979999999999,0.73501,PAK,TUR,850590
8512292,174,224,9292,2015,0.0,13877.0,0.6406270000000001,0.45770200000000005,PHL,TUR,850590
8512293,177,224,9292,2015,30248.0,2934.0,1.145844,1.1449280000000002,POL,TUR,850590
8512294,179,224,9292,2015,0.0,1931.0,0.561922,2.2276380000000002,PRT,TUR,850590
8512295,181,224,9292,2015,0.0,455.0,0.060575,0.5649489999999999,PSE,TUR,850590
8512296,183,224,9292,2015,0.0,13022.0,-0.077053,-0.9922719999999999,QAT,TUR,850590
8512297,185,224,9292,2015,9272.0,14276.0,0.946363,1.056775,ROU,TUR,850590
8512298,186,224,9292,2015,0.0,37246.0,0.23119,0.035965,RUS,TUR,850590
8512299,188,224,9292,2015,0.0,3925.0,0.5552520000000001,-0.7263229999999999,SAU,TUR,850590
8512300,192,224,9292,2015,2498.0,2108.0,2.05613,0.593065,SGP,TUR,850590
8512301,201,224,9292,2015,0.0,3084.0,0.457042,1.324908,SRB,TUR,850590
8512302,206,224,9292,2015,35092.0,0.0,1.287133,0.7900560000000001,SVK,TUR,850590
8512303,207,224,9292,2015,4719.0,0.0,1.6089879999999999,0.833616,SVN,TUR,850590
8512304,208,224,9292,2015,8426.0,1495.0,1.8068349999999997,0.693389,SWE,TUR,850590
8512305,216,224,9292,2015,3321.0,0.0,0.965888,1.368572,THA,TUR,850590
8512306,219,224,9292,2015,0.0,11494.0,-1.546516,-1.315803,TKM,TUR,850590
8512307,228,224,9292,2015,0.0,3712.0,0.429879,0.701813,UKR,TUR,850590
8512308,231,224,9292,2015,575146.0,25245.0,1.720478,-0.129322,USA,TUR,850590
8512309,232,224,9292,2015,0.0,2871.0,-0.724966,-0.599292,UZB,TUR,850590
8512310,246,224,9292,2015,1143.0,3441.0,0.24944699999999997,1.7573159999999999,ZAF,TUR,850590
8512311,249,224,9292,2015,1638224.0,0.0,1.962832,1.214982,TWN,TUR,850590
8512312,15,228,9292,2015,8742.0,4842.0,1.747098,-0.08026699999999999,AUT,UKR,850590
8512313,18,228,9292,2015,9849.0,0.0,1.329866,1.100641,BEL,UKR,850590
8512314,23,228,9292,2015,3905.0,0.0,0.45640699999999995,1.691455,BGR,UKR,850590
8512315,28,228,9292,2015,21344.0,0.0,0.672499,0.5584020000000001,BLR,UKR,850590
8512316,41,228,9292,2015,4325.0,0.0,2.306075,0.720781,CHE,UKR,850590
8512317,43,228,9292,2015,37209.0,0.0,1.077143,1.735757,CHN,UKR,850590
8512318,59,228,9292,2015,8054.0,1470.0,1.743012,0.45424,CZE,UKR,850590
8512319,61,228,9292,2015,665982.0,0.0,2.203818,-2.307561,DEU,UKR,850590
8512320,64,228,9292,2015,34484.0,0.0,1.157924,1.2045629999999998,DNK,UKR,850590
8512321,71,228,9292,2015,8107.0,0.0,0.8173590000000001,2.442556,ESP,UKR,850590
8512322,72,228,9292,2015,1553.0,0.0,0.9281149999999999,1.1780389999999998,EST,UKR,850590
8512323,74,228,9292,2015,921.0,0.0,1.597817,0.998059,FIN,UKR,850590
8512324,77,228,9292,2015,60992.0,2407.0,1.479792,0.6490239999999999,FRA,UKR,850590
8512325,81,228,9292,2015,250088.0,0.0,1.7422990000000003,0.75838,GBR,UKR,850590
8512326,82,228,9292,2015,0.0,2286.0,-0.343663,-0.588017,GEO,UKR,850590
8512327,89,228,9292,2015,0.0,1138.0,-1.585577,-0.9044979999999999,GNQ,UKR,850590
8512328,102,228,9292,2015,3700.0,20086.0,1.462839,0.803258,HUN,UKR,850590
8512329,104,228,9292,2015,7057.0,0.0,0.24230900000000002,2.8190880000000003,IND,UKR,850590
8512330,110,228,9292,2015,2720.0,0.0,1.260071,0.545545,ISR,UKR,850590
8512331,111,228,9292,2015,3033.0,1473.0,1.321127,0.747046,ITA,UKR,850590
8512332,114,228,9292,2015,1674.0,1448.0,2.516133,-0.484202,JPN,UKR,850590
8512333,130,228,9292,2015,2863.0,2822.0,0.749429,1.3659860000000001,LTU,UKR,850590
8512334,135,228,9292,2015,0.0,2551.0,-0.313837,-0.20393,MDA,UKR,850590
8512335,138,228,9292,2015,7212.0,0.0,1.169724,0.61457,MEX,UKR,850590
8512336,162,228,9292,2015,151778.0,0.0,1.230104,1.27344,NLD,UKR,850590
8512337,177,228,9292,2015,56856.0,0.0,1.145844,1.1449280000000002,POL,UKR,850590
8512338,186,228,9292,2015,245692.0,426163.0,0.23119,0.035965,RUS,UKR,850590
8512339,202,228,9292,2015,0.0,24456.0,-2.704381,-0.969411,SSD,UKR,850590
8512340,206,228,9292,2015,2885.0,0.0,1.287133,0.7900560000000001,SVK,UKR,850590
8512341,207,228,9292,2015,1227.0,0.0,1.6089879999999999,0.833616,SVN,UKR,850590
8512342,208,228,9292,2015,19710.0,0.0,1.8068349999999997,0.693389,SWE,UKR,850590
8512343,223,228,9292,2015,0.0,1071.0,0.140202,0.967591,TUN,UKR,850590
8512344,224,228,9292,2015,3712.0,0.0,0.438669,2.519632,TUR,UKR,850590
8512345,231,228,9292,2015,13594.0,0.0,1.720478,-0.129322,USA,UKR,850590
8512346,249,228,9292,2015,10864.0,0.0,1.962832,1.214982,TWN,UKR,850590
8512347,8,230,9292,2015,60801.0,0.0,0.116896,0.30330999999999997,ARG,URY,850590
8512348,18,230,9292,2015,5572.0,0.0,1.329866,1.100641,BEL,URY,850590
8512349,32,230,9292,2015,57234.0,0.0,0.23656799999999997,0.688607,BRA,URY,850590
8512350,41,230,9292,2015,2104.0,0.0,2.306075,0.720781,CHE,URY,850590
8512351,43,230,9292,2015,8500.0,0.0,1.077143,1.735757,CHN,URY,850590
8512352,61,230,9292,2015,29844.0,0.0,2.203818,-2.307561,DEU,URY,850590
8512353,64,230,9292,2015,29884.0,0.0,1.157924,1.2045629999999998,DNK,URY,850590
8512354,67,230,9292,2015,0.0,2016.0,-0.9845959999999999,-1.075639,ECU,URY,850590
8512355,71,230,9292,2015,5535.0,0.0,0.8173590000000001,2.442556,ESP,URY,850590
8512356,77,230,9292,2015,3731.0,0.0,1.479792,0.6490239999999999,FRA,URY,850590
8512357,81,230,9292,2015,1253.0,0.0,1.7422990000000003,0.75838,GBR,URY,850590
8512358,111,230,9292,2015,2361.0,0.0,1.321127,0.747046,ITA,URY,850590
8512359,114,230,9292,2015,2579.0,0.0,2.516133,-0.484202,JPN,URY,850590
8512360,153,230,9292,2015,9598.0,0.0,1.082803,0.811615,MYS,URY,850590
8512361,169,230,9292,2015,0.0,32059.0,0.642058,0.833392,PAN,URY,850590
8512362,180,230,9292,2015,0.0,1921.0,-0.471106,-0.9431139999999999,PRY,URY,850590
8512363,231,230,9292,2015,19879.0,1284.0,1.720478,-0.129322,USA,URY,850590
8512364,249,230,9292,2015,10823.0,0.0,1.962832,1.214982,TWN,URY,850590
8512365,0,231,9292,2015,0.0,11819.0,0.8526809999999999,-0.043541,ABW,USA,850590
8512366,1,231,9292,2015,0.0,4310.0,-1.249655,-0.9094459999999999,AFG,USA,850590
8512367,2,231,9292,2015,0.0,49357.0,-1.6542,-1.2598989999999999,AGO,USA,850590
8512368,4,231,9292,2015,0.0,1240.0,-0.601875,-0.27003,ALB,USA,850590
8512369,7,231,9292,2015,0.0,3315786.0,0.21779600000000002,-0.0047420000000000006,ARE,USA,850590
8512370,8,231,9292,2015,23309.0,562669.0,0.116896,0.30330999999999997,ARG,USA,850590
8512371,9,231,9292,2015,0.0,1771.0,0.037579,-0.42448800000000003,ARM,USA,850590
8512372,13,231,9292,2015,0.0,3257.0,0.43318,-0.552045,ATG,USA,850590
8512373,14,231,9292,2015,705369.0,2173759.0,-0.292325,-0.043489,AUS,USA,850590
8512374,15,231,9292,2015,2080048.0,364025.0,1.747098,-0.08026699999999999,AUT,USA,850590
8512375,16,231,9292,2015,0.0,14757.0,-0.983347,-1.231542,AZE,USA,850590
8512376,18,231,9292,2015,83779.0,2010061.0,1.329866,1.100641,BEL,USA,850590
8512377,21,231,9292,2015,0.0,1395.0,-1.085359,-1.034365,BFA,USA,850590
8512378,22,231,9292,2015,0.0,14192.0,-1.088465,-0.8745360000000001,BGD,USA,850590
8512379,23,231,9292,2015,1029.0,8301.0,0.45640699999999995,1.691455,BGR,USA,850590
8512380,24,231,9292,2015,0.0,96721.0,0.36650900000000003,-0.28735,BHR,USA,850590
8512381,25,231,9292,2015,0.0,75328.0,0.669493,-0.37838099999999997,BHS,USA,850590
8512382,26,231,9292,2015,0.0,1031.0,0.355903,0.723092,BIH,USA,850590
8512383,28,231,9292,2015,0.0,4828.0,0.672499,0.5584020000000001,BLR,USA,850590
8512384,29,231,9292,2015,2617.0,19678.0,-0.24283600000000002,-0.577408,BLZ,USA,850590
8512385,30,231,9292,2015,0.0,3916.0,0.974592,-0.636426,BMU,USA,850590
8512386,31,231,9292,2015,0.0,16111.0,-1.051562,-1.067714,BOL,USA,850590
8512387,32,231,9292,2015,259924.0,3652534.0,0.23656799999999997,0.688607,BRA,USA,850590
8512388,33,231,9292,2015,0.0,2849.0,0.453689,0.039237,BRB,USA,850590
8512389,34,231,9292,2015,0.0,15994.0,1.093564,-0.679211,BRN,USA,850590
8512390,39,231,9292,2015,6755144.0,13227116.0,0.695867,1.171676,CAN,USA,850590
8512391,41,231,9292,2015,8992120.0,729475.0,2.306075,0.720781,CHE,USA,850590
8512392,42,231,9292,2015,0.0,501976.0,-0.356167,-0.47629399999999994,CHL,USA,850590
8512393,43,231,9292,2015,88984544.0,8317666.0,1.077143,1.735757,CHN,USA,850590
8512394,44,231,9292,2015,0.0,7931.0,-0.856142,-0.905292,CIV,USA,850590
8512395,45,231,9292,2015,0.0,6976.0,-0.924366,-1.040721,CMR,USA,850590
8512396,46,231,9292,2015,0.0,495.0,-1.3921290000000002,-1.146549,COD,USA,850590
8512397,47,231,9292,2015,0.0,14108.0,-1.294823,-1.18811,COG,USA,850590
8512398,49,231,9292,2015,3251.0,956140.0,0.156383,-0.183055,COL,USA,850590
8512399,52,231,9292,2015,1202.0,123646.0,0.24859699999999998,-0.033143,CRI,USA,850590
8512400,55,231,9292,2015,0.0,8387.0,0.296267,-0.6313350000000001,CUW,USA,850590
8512401,59,231,9292,2015,1677872.0,155044.0,1.743012,0.45424,CZE,USA,850590
8512402,61,231,9292,2015,69713832.0,7571602.0,2.203818,-2.307561,DEU,USA,850590
8512403,64,231,9292,2015,864686.0,170883.0,1.157924,1.2045629999999998,DNK,USA,850590
8512404,65,231,9292,2015,0.0,137453.0,-0.212808,0.395873,DOM,USA,850590
8512405,66,231,9292,2015,0.0,49426.0,-1.54346,-1.255633,DZA,USA,850590
8512406,67,231,9292,2015,0.0,82306.0,-0.9845959999999999,-1.075639,ECU,USA,850590
8512407,68,231,9292,2015,0.0,297619.0,-0.183053,1.765036,EGY,USA,850590
8512408,71,231,9292,2015,215505.0,717236.0,0.8173590000000001,2.442556,ESP,USA,850590
8512409,72,231,9292,2015,187210.0,22636.0,0.9281149999999999,1.1780389999999998,EST,USA,850590
8512410,74,231,9292,2015,113298.0,502678.0,1.597817,0.998059,FIN,USA,850590
8512411,75,231,9292,2015,0.0,1073.0,-0.481968,-0.201468,FJI,USA,850590
8512412,77,231,9292,2015,5359754.0,1533463.0,1.479792,0.6490239999999999,FRA,USA,850590
8512413,80,231,9292,2015,0.0,6720.0,-1.384351,-1.209873,GAB,USA,850590
8512414,81,231,9292,2015,23109814.0,9393500.0,1.7422990000000003,0.75838,GBR,USA,850590
8512415,82,231,9292,2015,2152.0,0.0,-0.343663,-0.588017,GEO,USA,850590
8512416,83,231,9292,2015,0.0,13336.0,-0.750568,-0.690257,GHA,USA,850590
8512417,90,231,9292,2015,0.0,35459.0,0.099027,1.012289,GRC,USA,850590
8512418,91,231,9292,2015,0.0,4263.0,0.296552,-0.335908,GRD,USA,850590
8512419,93,231,9292,2015,2100.0,199206.0,-0.284403,0.525564,GTM,USA,850590
8512420,96,231,9292,2015,0.0,4417.0,-1.018758,-1.056085,GUY,USA,850590
8512421,97,231,9292,2015,2106434.0,1193772.0,0.8255290000000001,1.8017279999999998,HKG,USA,850590
8512422,99,231,9292,2015,3232.0,107310.0,-0.578635,-0.292053,HND,USA,850590
8512423,100,231,9292,2015,0.0,5763.0,0.7590140000000001,1.257415,HRV,USA,850590
8512424,102,231,9292,2015,1248109.0,92066.0,1.462839,0.803258,HUN,USA,850590
8512425,103,231,9292,2015,1031978.0,76891.0,-0.145103,1.277362,IDN,USA,850590
8512426,104,231,9292,2015,1633894.0,4003584.0,0.24230900000000002,2.8190880000000003,IND,USA,850590
8512427,106,231,9292,2015,456652.0,101893.0,1.304942,0.126431,IRL,USA,850590
8512428,108,231,9292,2015,0.0,24423.0,-1.465803,-0.912113,IRQ,USA,850590
8512429,109,231,9292,2015,3339.0,24766.0,0.24527600000000002,-0.411616,ISL,USA,850590
8512430,110,231,9292,2015,573378.0,269123.0,1.260071,0.545545,ISR,USA,850590
8512431,111,231,9292,2015,16613223.0,1480353.0,1.321127,0.747046,ITA,USA,850590
8512432,112,231,9292,2015,0.0,28770.0,-0.438267,-0.828097,JAM,USA,850590
8512433,113,231,9292,2015,0.0,17928.0,0.121172,0.457301,JOR,USA,850590
8512434,114,231,9292,2015,76429736.0,4547216.0,2.516133,-0.484202,JPN,USA,850590
8512435,115,231,9292,2015,0.0,4510.0,-0.45091499999999995,-0.652026,KAZ,USA,850590
8512436,116,231,9292,2015,0.0,9483.0,-0.453564,0.433325,KEN,USA,850590
8512437,117,231,9292,2015,0.0,809.0,0.02058,0.438692,KGZ,USA,850590
8512438,120,231,9292,2015,2250.0,39523.0,0.8252430000000001,-0.436662,KNA,USA,850590
8512439,121,231,9292,2015,24972962.0,1287338.0,1.900653,0.859406,KOR,USA,850590
8512440,122,231,9292,2015,0.0,295685.0,-0.352023,-1.153057,KWT,USA,850590
8512441,124,231,9292,2015,0.0,89994.0,0.317355,1.330374,LBN,USA,850590
8512442,125,231,9292,2015,0.0,20724.0,-1.087459,-1.195708,LBR,USA,850590
8512443,127,231,9292,2015,0.0,21520.0,0.5410590000000001,-0.484234,LCA,USA,850590
8512444,128,231,9292,2015,0.0,7354.0,-0.6773399999999999,0.386343,LKA,USA,850590
8512445,130,231,9292,2015,422856.0,11260.0,0.749429,1.3659860000000001,LTU,USA,850590
8512446,131,231,9292,2015,18035.0,17503.0,1.218924,1.247152,LUX,USA,850590
8512447,132,231,9292,2015,0.0,13649.0,0.602209,1.125357,LVA,USA,850590
8512448,133,231,9292,2015,0.0,2908.0,0.296288,0.32009499999999996,MAC,USA,850590
8512449,134,231,9292,2015,0.0,4151.0,-0.7554810000000001,-0.059697,MAR,USA,850590
8512450,135,231,9292,2015,0.0,2845.0,-0.313837,-0.20393,MDA,USA,850590
8512451,138,231,9292,2015,48425568.0,61416972.0,1.169724,0.61457,MEX,USA,850590
8512452,140,231,9292,2015,0.0,1349.0,-0.09009600000000001,-0.147359,MKD,USA,850590
8512453,142,231,9292,2015,0.0,3288.0,0.880893,-0.117585,MLT,USA,850590
8512454,145,231,9292,2015,0.0,45833.0,-1.244368,-1.196677,MNG,USA,850590
8512455,148,231,9292,2015,0.0,6708.0,-1.5597450000000002,-1.3209229999999998,MRT,USA,850590
8512456,151,231,9292,2015,0.0,4474.0,-0.231762,-0.195051,MUS,USA,850590
8512457,153,231,9292,2015,3078272.0,815016.0,1.082803,0.811615,MYS,USA,850590
8512458,157,231,9292,2015,0.0,3343.0,-1.517292,-1.033891,NER,USA,850590
8512459,159,231,9292,2015,3871.0,106551.0,-1.415451,-1.157829,NGA,USA,850590
8512460,160,231,9292,2015,0.0,9882.0,-1.102989,-0.952276,NIC,USA,850590
8512461,162,231,9292,2015,2353003.0,2384334.0,1.230104,1.27344,NLD,USA,850590
8512462,163,231,9292,2015,148388.0,68068.0,0.950708,0.314339,NOR,USA,850590
8512463,166,231,9292,2015,20684512.0,830972.0,0.224598,0.253179,NZL,USA,850590
8512464,167,231,9292,2015,0.0,193663.0,-0.4699,-1.00451,OMN,USA,850590
8512465,168,231,9292,2015,0.0,16449.0,-0.7059979999999999,0.73501,PAK,USA,850590
8512466,169,231,9292,2015,0.0,46970.0,0.642058,0.833392,PAN,USA,850590
8512467,173,231,9292,2015,15840.0,808291.0,-0.6007819999999999,0.32152800000000004,PER,USA,850590
8512468,174,231,9292,2015,9350012.0,133035.0,0.6406270000000001,0.45770200000000005,PHL,USA,850590
8512469,177,231,9292,2015,1182271.0,1040820.0,1.145844,1.1449280000000002,POL,USA,850590
8512470,179,231,9292,2015,6360.0,38583.0,0.561922,2.2276380000000002,PRT,USA,850590
8512471,180,231,9292,2015,0.0,3185.0,-0.471106,-0.9431139999999999,PRY,USA,850590
8512472,182,231,9292,2015,0.0,901.0,-0.301696,-0.795154,PYF,USA,850590
8512473,183,231,9292,2015,0.0,97493.0,-0.077053,-0.9922719999999999,QAT,USA,850590
8512474,185,231,9292,2015,1608520.0,45314.0,0.946363,1.056775,ROU,USA,850590
8512475,186,231,9292,2015,1385065.0,652465.0,0.23119,0.035965,RUS,USA,850590
8512476,188,231,9292,2015,0.0,2041876.0,0.5552520000000001,-0.7263229999999999,SAU,USA,850590
8512477,192,231,9292,2015,334650.0,4952620.0,2.05613,0.593065,SGP,USA,850590
8512478,196,231,9292,2015,2637.0,0.0,0.072324,-0.255235,SLE,USA,850590
8512479,197,231,9292,2015,0.0,34209.0,0.05531900000000001,0.169073,SLV,USA,850590
8512480,201,231,9292,2015,0.0,6756.0,0.457042,1.324908,SRB,USA,850590
8512481,205,231,9292,2015,0.0,5767.0,-0.570361,-1.005072,SUR,USA,850590
8512482,206,231,9292,2015,1555398.0,5657.0,1.287133,0.7900560000000001,SVK,USA,850590
8512483,207,231,9292,2015,115966.0,3064.0,1.6089879999999999,0.833616,SVN,USA,850590
8512484,208,231,9292,2015,312818.0,284630.0,1.8068349999999997,0.693389,SWE,USA,850590
8512485,209,231,9292,2015,0.0,1100.0,0.257467,-0.402491,SWZ,USA,850590
8512486,213,231,9292,2015,0.0,4243.0,0.27341,-0.5579649999999999,TCA,USA,850590
8512487,214,231,9292,2015,0.0,4241.0,-1.543675,-0.9703860000000001,TCD,USA,850590
8512488,216,231,9292,2015,1773622.0,1672554.0,0.965888,1.368572,THA,USA,850590
8512489,219,231,9292,2015,0.0,45945.0,-1.546516,-1.315803,TKM,USA,850590
8512490,222,231,9292,2015,0.0,184255.0,-0.462837,-1.117621,TTO,USA,850590
8512491,223,231,9292,2015,0.0,27706.0,0.140202,0.967591,TUN,USA,850590
8512492,224,231,9292,2015,25245.0,575146.0,0.438669,2.519632,TUR,USA,850590
8512493,226,231,9292,2015,0.0,7099.0,-1.02395,-0.017509999999999998,TZA,USA,850590
8512494,228,231,9292,2015,0.0,13594.0,0.429879,0.701813,UKR,USA,850590
8512495,230,231,9292,2015,1284.0,19879.0,0.273876,-0.363695,URY,USA,850590
8512496,236,231,9292,2015,0.0,165089.0,-0.9249129999999999,-1.1877280000000001,VEN,USA,850590
8512497,239,231,9292,2015,2090588.0,156634.0,-0.17108900000000002,1.10995,VNM,USA,850590
8512498,246,231,9292,2015,256325.0,664302.0,0.24944699999999997,1.7573159999999999,ZAF,USA,850590
8512499,247,231,9292,2015,0.0,2034.0,-0.44792,-0.769586,ZMB,USA,850590
8512500,249,231,9292,2015,5764598.0,1815741.0,1.962832,1.214982,TWN,USA,850590
8512501,32,236,9292,2015,78805.0,0.0,0.23656799999999997,0.688607,BRA,VEN,850590
8512502,41,236,9292,2015,5828.0,0.0,2.306075,0.720781,CHE,VEN,850590
8512503,43,236,9292,2015,5240.0,0.0,1.077143,1.735757,CHN,VEN,850590
8512504,61,236,9292,2015,44561.0,0.0,2.203818,-2.307561,DEU,VEN,850590
8512505,64,236,9292,2015,8017.0,0.0,1.157924,1.2045629999999998,DNK,VEN,850590
8512506,81,236,9292,2015,3210.0,0.0,1.7422990000000003,0.75838,GBR,VEN,850590
8512507,111,236,9292,2015,7865.0,0.0,1.321127,0.747046,ITA,VEN,850590
8512508,114,236,9292,2015,18363.0,0.0,2.516133,-0.484202,JPN,VEN,850590
8512509,169,236,9292,2015,21852.0,0.0,0.642058,0.833392,PAN,VEN,850590
8512510,231,236,9292,2015,165089.0,0.0,1.720478,-0.129322,USA,VEN,850590
8512511,249,236,9292,2015,2378.0,0.0,1.962832,1.214982,TWN,VEN,850590
8512512,61,243,9292,2015,9205.0,0.0,2.203818,-2.307561,DEU,YEM,850590
8512513,104,243,9292,2015,1498.0,0.0,0.24230900000000002,2.8190880000000003,IND,YEM,850590
8512514,177,243,9292,2015,1729.0,0.0,1.145844,1.1449280000000002,POL,YEM,850590
8512515,2,246,9292,2015,0.0,14188.0,-1.6542,-1.2598989999999999,AGO,ZAF,850590
8512516,7,246,9292,2015,13767.0,22822.0,0.21779600000000002,-0.0047420000000000006,ARE,ZAF,850590
8512517,8,246,9292,2015,1612.0,0.0,0.116896,0.30330999999999997,ARG,ZAF,850590
8512518,14,246,9292,2015,19542.0,11352.0,-0.292325,-0.043489,AUS,ZAF,850590
8512519,15,246,9292,2015,80802.0,0.0,1.747098,-0.08026699999999999,AUT,ZAF,850590
8512520,18,246,9292,2015,16414.0,2187.0,1.329866,1.100641,BEL,ZAF,850590
8512521,21,246,9292,2015,0.0,2207.0,-1.085359,-1.034365,BFA,ZAF,850590
8512522,32,246,9292,2015,5224.0,0.0,0.23656799999999997,0.688607,BRA,ZAF,850590
8512523,37,246,9292,2015,0.0,29779.0,-0.14164200000000002,-1.0372059999999999,BWA,ZAF,850590
8512524,39,246,9292,2015,2746.0,65346.0,0.695867,1.171676,CAN,ZAF,850590
8512525,41,246,9292,2015,6374.0,0.0,2.306075,0.720781,CHE,ZAF,850590
8512526,43,246,9292,2015,1213013.0,1681.0,1.077143,1.735757,CHN,ZAF,850590
8512527,44,246,9292,2015,0.0,44498.0,-0.856142,-0.905292,CIV,ZAF,850590
8512528,46,246,9292,2015,0.0,27963.0,-1.3921290000000002,-1.146549,COD,ZAF,850590
8512529,59,246,9292,2015,5747.0,0.0,1.743012,0.45424,CZE,ZAF,850590
8512530,61,246,9292,2015,2034306.0,1023.0,2.203818,-2.307561,DEU,ZAF,850590
8512531,64,246,9292,2015,129847.0,2475.0,1.157924,1.2045629999999998,DNK,ZAF,850590
8512532,67,246,9292,2015,0.0,4282.0,-0.9845959999999999,-1.075639,ECU,ZAF,850590
8512533,71,246,9292,2015,11708.0,0.0,0.8173590000000001,2.442556,ESP,ZAF,850590
8512534,73,246,9292,2015,0.0,788.0,-1.004896,-0.721019,ETH,ZAF,850590
8512535,74,246,9292,2015,1062.0,0.0,1.597817,0.998059,FIN,ZAF,850590
8512536,77,246,9292,2015,217617.0,4009.0,1.479792,0.6490239999999999,FRA,ZAF,850590
8512537,81,246,9292,2015,189120.0,1106.0,1.7422990000000003,0.75838,GBR,ZAF,850590
8512538,83,246,9292,2015,0.0,143532.0,-0.750568,-0.690257,GHA,ZAF,850590
8512539,97,246,9292,2015,15663.0,0.0,0.8255290000000001,1.8017279999999998,HKG,ZAF,850590
8512540,102,246,9292,2015,5600.0,0.0,1.462839,0.803258,HUN,ZAF,850590
8512541,104,246,9292,2015,81959.0,0.0,0.24230900000000002,2.8190880000000003,IND,ZAF,850590
8512542,106,246,9292,2015,7574.0,0.0,1.304942,0.126431,IRL,ZAF,850590
8512543,110,246,9292,2015,22151.0,0.0,1.260071,0.545545,ISR,ZAF,850590
8512544,111,246,9292,2015,77532.0,1094.0,1.321127,0.747046,ITA,ZAF,850590
8512545,114,246,9292,2015,78899.0,0.0,2.516133,-0.484202,JPN,ZAF,850590
8512546,116,246,9292,2015,0.0,14358.0,-0.453564,0.433325,KEN,ZAF,850590
8512547,121,246,9292,2015,25388.0,0.0,1.900653,0.859406,KOR,ZAF,850590
8512548,122,246,9292,2015,0.0,1002.0,-0.352023,-1.153057,KWT,ZAF,850590
8512549,129,246,9292,2015,0.0,29514.0,-0.910168,-0.870865,LSO,ZAF,850590
8512550,136,246,9292,2015,0.0,3394.0,-1.15947,-0.497217,MDG,ZAF,850590
8512551,138,246,9292,2015,24900.0,0.0,1.169724,0.61457,MEX,ZAF,850590
8512552,147,246,9292,2015,0.0,13992.0,-1.293809,-1.115069,MOZ,ZAF,850590
8512553,148,246,9292,2015,0.0,26609.0,-1.5597450000000002,-1.3209229999999998,MRT,ZAF,850590
8512554,151,246,9292,2015,967.0,10092.0,-0.231762,-0.195051,MUS,ZAF,850590
8512555,152,246,9292,2015,0.0,13701.0,-0.549862,-0.8753190000000001,MWI,ZAF,850590
8512556,153,246,9292,2015,42356.0,0.0,1.082803,0.811615,MYS,ZAF,850590
8512557,155,246,9292,2015,2569.0,163876.0,-0.43457399999999996,-0.665655,NAM,ZAF,850590
8512558,159,246,9292,2015,0.0,7260.0,-1.415451,-1.157829,NGA,ZAF,850590
8512559,162,246,9292,2015,1444320.0,4494.0,1.230104,1.27344,NLD,ZAF,850590
8512560,173,246,9292,2015,0.0,6688.0,-0.6007819999999999,0.32152800000000004,PER,ZAF,850590
8512561,177,246,9292,2015,86112.0,0.0,1.145844,1.1449280000000002,POL,ZAF,850590
8512562,183,246,9292,2015,0.0,963.0,-0.077053,-0.9922719999999999,QAT,ZAF,850590
8512563,185,246,9292,2015,2105.0,0.0,0.946363,1.056775,ROU,ZAF,850590
8512564,186,246,9292,2015,0.0,792.0,0.23119,0.035965,RUS,ZAF,850590
8512565,206,246,9292,2015,4742.0,0.0,1.287133,0.7900560000000001,SVK,ZAF,850590
8512566,208,246,9292,2015,6567.0,2110.0,1.8068349999999997,0.693389,SWE,ZAF,850590
8512567,209,246,9292,2015,0.0,9473.0,0.257467,-0.402491,SWZ,ZAF,850590
8512568,216,246,9292,2015,4122.0,1103.0,0.965888,1.368572,THA,ZAF,850590
8512569,224,246,9292,2015,3441.0,1143.0,0.438669,2.519632,TUR,ZAF,850590
8512570,226,246,9292,2015,0.0,150069.0,-1.02395,-0.017509999999999998,TZA,ZAF,850590
8512571,231,246,9292,2015,664302.0,256325.0,1.720478,-0.129322,USA,ZAF,850590
8512572,247,246,9292,2015,878.0,169229.0,-0.44792,-0.769586,ZMB,ZAF,850590
8512573,248,246,9292,2015,0.0,38032.0,-0.838017,-0.9400270000000001,ZWE,ZAF,850590
8512574,249,246,9292,2015,44266.0,0.0,1.962832,1.214982,TWN,ZAF,850590
8512575,250,246,9292,2015,8947.0,13974.0,0.377283,-0.092204,ANS,ZAF,850590
8512576,7,249,9292,2015,0.0,42234.0,0.21779600000000002,-0.0047420000000000006,ARE,TWN,850590
8512577,8,249,9292,2015,0.0,69055.0,0.116896,0.30330999999999997,ARG,TWN,850590
8512578,14,249,9292,2015,182554.0,113668.0,-0.292325,-0.043489,AUS,TWN,850590
8512579,15,249,9292,2015,13444.0,48920.0,1.747098,-0.08026699999999999,AUT,TWN,850590
8512580,18,249,9292,2015,9746.0,96491.0,1.329866,1.100641,BEL,TWN,850590
8512581,21,249,9292,2015,0.0,963.0,-1.085359,-1.034365,BFA,TWN,850590
8512582,22,249,9292,2015,0.0,9690.0,-1.088465,-0.8745360000000001,BGD,TWN,850590
8512583,23,249,9292,2015,0.0,2131.0,0.45640699999999995,1.691455,BGR,TWN,850590
8512584,24,249,9292,2015,0.0,19980.0,0.36650900000000003,-0.28735,BHR,TWN,850590
8512585,26,249,9292,2015,0.0,560.0,0.355903,0.723092,BIH,TWN,850590
8512586,28,249,9292,2015,0.0,1866.0,0.672499,0.5584020000000001,BLR,TWN,850590
8512587,32,249,9292,2015,0.0,28357.0,0.23656799999999997,0.688607,BRA,TWN,850590
8512588,34,249,9292,2015,0.0,804.0,1.093564,-0.679211,BRN,TWN,850590
8512589,37,249,9292,2015,0.0,2022.0,-0.14164200000000002,-1.0372059999999999,BWA,TWN,850590
8512590,39,249,9292,2015,134619.0,226082.0,0.695867,1.171676,CAN,TWN,850590
8512591,41,249,9292,2015,159504.0,17424.0,2.306075,0.720781,CHE,TWN,850590
8512592,42,249,9292,2015,0.0,7239.0,-0.356167,-0.47629399999999994,CHL,TWN,850590
8512593,43,249,9292,2015,6240080.0,10989683.0,1.077143,1.735757,CHN,TWN,850590
8512594,49,249,9292,2015,0.0,91372.0,0.156383,-0.183055,COL,TWN,850590
8512595,52,249,9292,2015,0.0,6336.0,0.24859699999999998,-0.033143,CRI,TWN,850590
8512596,58,249,9292,2015,0.0,1777.0,0.511225,-0.207261,CYP,TWN,850590
8512597,59,249,9292,2015,6189.0,139443.0,1.743012,0.45424,CZE,TWN,850590
8512598,61,249,9292,2015,910434.0,2982030.0,2.203818,-2.307561,DEU,TWN,850590
8512599,64,249,9292,2015,27321.0,47349.0,1.157924,1.2045629999999998,DNK,TWN,850590
8512600,65,249,9292,2015,0.0,17270.0,-0.212808,0.395873,DOM,TWN,850590
8512601,67,249,9292,2015,0.0,12268.0,-0.9845959999999999,-1.075639,ECU,TWN,850590
8512602,68,249,9292,2015,0.0,9123.0,-0.183053,1.765036,EGY,TWN,850590
8512603,71,249,9292,2015,5871.0,41248.0,0.8173590000000001,2.442556,ESP,TWN,850590
8512604,72,249,9292,2015,0.0,10744.0,0.9281149999999999,1.1780389999999998,EST,TWN,850590
8512605,74,249,9292,2015,6435.0,20384.0,1.597817,0.998059,FIN,TWN,850590
8512606,75,249,9292,2015,0.0,11381.0,-0.481968,-0.201468,FJI,TWN,850590
8512607,77,249,9292,2015,892434.0,254086.0,1.479792,0.6490239999999999,FRA,TWN,850590
8512608,81,249,9292,2015,57001.0,370828.0,1.7422990000000003,0.75838,GBR,TWN,850590
8512609,82,249,9292,2015,0.0,1006.0,-0.343663,-0.588017,GEO,TWN,850590
8512610,83,249,9292,2015,0.0,1746.0,-0.750568,-0.690257,GHA,TWN,850590
8512611,90,249,9292,2015,0.0,33746.0,0.099027,1.012289,GRC,TWN,850590
8512612,93,249,9292,2015,0.0,1667.0,-0.284403,0.525564,GTM,TWN,850590
8512613,97,249,9292,2015,167415.0,14518229.0,0.8255290000000001,1.8017279999999998,HKG,TWN,850590
8512614,100,249,9292,2015,0.0,12363.0,0.7590140000000001,1.257415,HRV,TWN,850590
8512615,102,249,9292,2015,416480.0,66191.0,1.462839,0.803258,HUN,TWN,850590
8512616,103,249,9292,2015,0.0,203035.0,-0.145103,1.277362,IDN,TWN,850590
8512617,104,249,9292,2015,18859.0,381541.0,0.24230900000000002,2.8190880000000003,IND,TWN,850590
8512618,106,249,9292,2015,2954.0,1994.0,1.304942,0.126431,IRL,TWN,850590
8512619,107,249,9292,2015,0.0,36965.0,-0.258946,-0.0073420000000000004,IRN,TWN,850590
8512620,109,249,9292,2015,0.0,868.0,0.24527600000000002,-0.411616,ISL,TWN,850590
8512621,110,249,9292,2015,0.0,30347.0,1.260071,0.545545,ISR,TWN,850590
8512622,111,249,9292,2015,304270.0,249462.0,1.321127,0.747046,ITA,TWN,850590
8512623,113,249,9292,2015,0.0,974.0,0.121172,0.457301,JOR,TWN,850590
8512624,114,249,9292,2015,3069470.0,4276875.0,2.516133,-0.484202,JPN,TWN,850590
8512625,115,249,9292,2015,0.0,5770.0,-0.45091499999999995,-0.652026,KAZ,TWN,850590
8512626,116,249,9292,2015,0.0,1273.0,-0.453564,0.433325,KEN,TWN,850590
8512627,118,249,9292,2015,0.0,4552.0,-0.791985,-0.833046,KHM,TWN,850590
8512628,121,249,9292,2015,263465.0,1106784.0,1.900653,0.859406,KOR,TWN,850590
8512629,122,249,9292,2015,0.0,68916.0,-0.352023,-1.153057,KWT,TWN,850590
8512630,124,249,9292,2015,0.0,1935.0,0.317355,1.330374,LBN,TWN,850590
8512631,128,249,9292,2015,2370.0,4747.0,-0.6773399999999999,0.386343,LKA,TWN,850590
8512632,130,249,9292,2015,0.0,12501.0,0.749429,1.3659860000000001,LTU,TWN,850590
8512633,131,249,9292,2015,0.0,1167.0,1.218924,1.247152,LUX,TWN,850590
8512634,132,249,9292,2015,0.0,20347.0,0.602209,1.125357,LVA,TWN,850590
8512635,137,249,9292,2015,0.0,25639.0,-0.321571,-0.858751,MDV,TWN,850590
8512636,138,249,9292,2015,3984.0,441562.0,1.169724,0.61457,MEX,TWN,850590
8512637,141,249,9292,2015,0.0,1065.0,-0.744236,-0.9441860000000001,MLI,TWN,850590
8512638,142,249,9292,2015,0.0,5706.0,0.880893,-0.117585,MLT,TWN,850590
8512639,143,249,9292,2015,0.0,10113.0,-1.4596120000000001,-0.903904,MMR,TWN,850590
8512640,153,249,9292,2015,33873.0,2312705.0,1.082803,0.811615,MYS,TWN,850590
8512641,159,249,9292,2015,0.0,4451.0,-1.415451,-1.157829,NGA,TWN,850590
8512642,162,249,9292,2015,30854.0,116819.0,1.230104,1.27344,NLD,TWN,850590
8512643,163,249,9292,2015,0.0,61342.0,0.950708,0.314339,NOR,TWN,850590
8512644,166,249,9292,2015,15798.0,68964.0,0.224598,0.253179,NZL,TWN,850590
8512645,167,249,9292,2015,0.0,2511.0,-0.4699,-1.00451,OMN,TWN,850590
8512646,168,249,9292,2015,0.0,11504.0,-0.7059979999999999,0.73501,PAK,TWN,850590
8512647,173,249,9292,2015,0.0,13306.0,-0.6007819999999999,0.32152800000000004,PER,TWN,850590
8512648,174,249,9292,2015,22669.0,186105.0,0.6406270000000001,0.45770200000000005,PHL,TWN,850590
8512649,177,249,9292,2015,16347.0,90506.0,1.145844,1.1449280000000002,POL,TWN,850590
8512650,179,249,9292,2015,0.0,16829.0,0.561922,2.2276380000000002,PRT,TWN,850590
8512651,180,249,9292,2015,0.0,1660.0,-0.471106,-0.9431139999999999,PRY,TWN,850590
8512652,183,249,9292,2015,0.0,4097.0,-0.077053,-0.9922719999999999,QAT,TWN,850590
8512653,185,249,9292,2015,0.0,11122.0,0.946363,1.056775,ROU,TWN,850590
8512654,186,249,9292,2015,0.0,101188.0,0.23119,0.035965,RUS,TWN,850590
8512655,188,249,9292,2015,0.0,45272.0,0.5552520000000001,-0.7263229999999999,SAU,TWN,850590
8512656,191,249,9292,2015,0.0,1044.0,-0.708349,-0.296663,SEN,TWN,850590
8512657,192,249,9292,2015,78005.0,545637.0,2.05613,0.593065,SGP,TWN,850590
8512658,197,249,9292,2015,0.0,4128.0,0.05531900000000001,0.169073,SLV,TWN,850590
8512659,201,249,9292,2015,0.0,7869.0,0.457042,1.324908,SRB,TWN,850590
8512660,206,249,9292,2015,0.0,412040.0,1.287133,0.7900560000000001,SVK,TWN,850590
8512661,207,249,9292,2015,0.0,256871.0,1.6089879999999999,0.833616,SVN,TWN,850590
8512662,208,249,9292,2015,51028.0,190904.0,1.8068349999999997,0.693389,SWE,TWN,850590
8512663,216,249,9292,2015,11381.0,2680977.0,0.965888,1.368572,THA,TWN,850590
8512664,222,249,9292,2015,0.0,4072.0,-0.462837,-1.117621,TTO,TWN,850590
8512665,223,249,9292,2015,0.0,8704.0,0.140202,0.967591,TUN,TWN,850590
8512666,224,249,9292,2015,0.0,1638224.0,0.438669,2.519632,TUR,TWN,850590
8512667,226,249,9292,2015,0.0,1244.0,-1.02395,-0.017509999999999998,TZA,TWN,850590
8512668,228,249,9292,2015,0.0,10864.0,0.429879,0.701813,UKR,TWN,850590
8512669,230,249,9292,2015,0.0,10823.0,0.273876,-0.363695,URY,TWN,850590
8512670,231,249,9292,2015,1815741.0,5764598.0,1.720478,-0.129322,USA,TWN,850590
8512671,236,249,9292,2015,0.0,2378.0,-0.9249129999999999,-1.1877280000000001,VEN,TWN,850590
8512672,239,249,9292,2015,114168.0,3480518.0,-0.17108900000000002,1.10995,VNM,TWN,850590
8512673,246,249,9292,2015,0.0,44266.0,0.24944699999999997,1.7573159999999999,ZAF,TWN,850590
8512674,248,249,9292,2015,0.0,1422.0,-0.838017,-0.9400270000000001,ZWE,TWN,850590
8512675,250,249,9292,2015,229699.0,0.0,0.377283,-0.092204,ANS,TWN,850590
8512676,0,250,9292,2015,0.0,15797.0,0.8526809999999999,-0.043541,ABW,ANS,850590
8512677,7,250,9292,2015,2806.0,1154.0,0.21779600000000002,-0.0047420000000000006,ARE,ANS,850590
8512678,14,250,9292,2015,674.0,0.0,-0.292325,-0.043489,AUS,ANS,850590
8512679,16,250,9292,2015,0.0,8875.0,-0.983347,-1.231542,AZE,ANS,850590
8512680,32,250,9292,2015,0.0,2653.0,0.23656799999999997,0.688607,BRA,ANS,850590
8512681,42,250,9292,2015,0.0,131093.0,-0.356167,-0.47629399999999994,CHL,ANS,850590
8512682,43,250,9292,2015,0.0,29240.0,1.077143,1.735757,CHN,ANS,850590
8512683,44,250,9292,2015,0.0,37810.0,-0.856142,-0.905292,CIV,ANS,850590
8512684,47,250,9292,2015,0.0,24260.0,-1.294823,-1.18811,COG,ANS,850590
8512685,49,250,9292,2015,0.0,5367.0,0.156383,-0.183055,COL,ANS,850590
8512686,52,250,9292,2015,0.0,9140.0,0.24859699999999998,-0.033143,CRI,ANS,850590
8512687,59,250,9292,2015,0.0,188203.0,1.743012,0.45424,CZE,ANS,850590
8512688,61,250,9292,2015,12151.0,0.0,2.203818,-2.307561,DEU,ANS,850590
8512689,71,250,9292,2015,3304.0,1819865.0,0.8173590000000001,2.442556,ESP,ANS,850590
8512690,72,250,9292,2015,0.0,36642.0,0.9281149999999999,1.1780389999999998,EST,ANS,850590
8512691,77,250,9292,2015,1709.0,676526.0,1.479792,0.6490239999999999,FRA,ANS,850590
8512692,100,250,9292,2015,6250.0,0.0,0.7590140000000001,1.257415,HRV,ANS,850590
8512693,106,250,9292,2015,17251.0,199867.0,1.304942,0.126431,IRL,ANS,850590
8512694,110,250,9292,2015,4000.0,0.0,1.260071,0.545545,ISR,ANS,850590
8512695,131,250,9292,2015,0.0,29114.0,1.218924,1.247152,LUX,ANS,850590
8512696,136,250,9292,2015,0.0,2927.0,-1.15947,-0.497217,MDG,ANS,850590
8512697,162,250,9292,2015,3508.0,4190.0,1.230104,1.27344,NLD,ANS,850590
8512698,168,250,9292,2015,0.0,1457.0,-0.7059979999999999,0.73501,PAK,ANS,850590
8512699,169,250,9292,2015,46496.0,1642.0,0.642058,0.833392,PAN,ANS,850590
8512700,177,250,9292,2015,0.0,10485.0,1.145844,1.1449280000000002,POL,ANS,850590
8512701,186,250,9292,2015,0.0,50397.0,0.23119,0.035965,RUS,ANS,850590
8512702,188,250,9292,2015,0.0,54750.0,0.5552520000000001,-0.7263229999999999,SAU,ANS,850590
8512703,206,250,9292,2015,0.0,284835.0,1.287133,0.7900560000000001,SVK,ANS,850590
8512704,222,250,9292,2015,1584.0,0.0,-0.462837,-1.117621,TTO,ANS,850590
8512705,223,250,9292,2015,0.0,7488.0,0.140202,0.967591,TUN,ANS,850590
8512706,239,250,9292,2015,0.0,134376.0,-0.17108900000000002,1.10995,VNM,ANS,850590
8512707,246,250,9292,2015,13974.0,8947.0,0.24944699999999997,1.7573159999999999,ZAF,ANS,850590
8512708,249,250,9292,2015,0.0,229699.0,1.962832,1.214982,TWN,ANS,850590
8512709,7,2,9292,2015,9448.0,0.0,0.21779600000000002,-0.0047420000000000006,ARE,AGO,850590
8512710,18,2,9292,2015,10953.0,2930.0,1.329866,1.100641,BEL,AGO,850590
8512711,32,2,9292,2015,8691.0,0.0,0.23656799999999997,0.688607,BRA,AGO,850590
8512712,39,2,9292,2015,6475.0,0.0,0.695867,1.171676,CAN,AGO,850590
8512713,41,2,9292,2015,1790.0,0.0,2.306075,0.720781,CHE,AGO,850590
8512714,43,2,9292,2015,74594.0,0.0,1.077143,1.735757,CHN,AGO,850590
8512715,61,2,9292,2015,11292.0,0.0,2.203818,-2.307561,DEU,AGO,850590
8512716,71,2,9292,2015,1149.0,0.0,0.8173590000000001,2.442556,ESP,AGO,850590
8512717,77,2,9292,2015,22975.0,0.0,1.479792,0.6490239999999999,FRA,AGO,850590
8512718,81,2,9292,2015,7300.0,1229.0,1.7422990000000003,0.75838,GBR,AGO,850590
8512719,111,2,9292,2015,1344.0,0.0,1.321127,0.747046,ITA,AGO,850590
8512720,114,2,9292,2015,7639.0,0.0,2.516133,-0.484202,JPN,AGO,850590
8512721,162,2,9292,2015,8515.0,0.0,1.230104,1.27344,NLD,AGO,850590
8512722,179,2,9292,2015,19597.0,0.0,0.561922,2.2276380000000002,PRT,AGO,850590
8512723,231,2,9292,2015,49357.0,0.0,1.720478,-0.129322,USA,AGO,850590
8512724,246,2,9292,2015,14188.0,0.0,0.24944699999999997,1.7573159999999999,ZAF,AGO,850590
8512725,28,9,9292,2015,3112.0,0.0,0.672499,0.5584020000000001,BLR,ARM,850590
8512726,41,9,9292,2015,1074.0,0.0,2.306075,0.720781,CHE,ARM,850590
8512727,43,9,9292,2015,20782.0,0.0,1.077143,1.735757,CHN,ARM,850590
8512728,61,9,9292,2015,3363.0,0.0,2.203818,-2.307561,DEU,ARM,850590
8512729,111,9,9292,2015,5902.0,0.0,1.321127,0.747046,ITA,ARM,850590
8512730,138,9,9292,2015,1496.0,0.0,1.169724,0.61457,MEX,ARM,850590
8512731,162,9,9292,2015,15802.0,0.0,1.230104,1.27344,NLD,ARM,850590
8512732,186,9,9292,2015,21375.0,0.0,0.23119,0.035965,RUS,ARM,850590
8512733,231,9,9292,2015,1771.0,0.0,1.720478,-0.129322,USA,ARM,850590
8512734,7,14,9292,2015,0.0,6567.0,0.21779600000000002,-0.0047420000000000006,ARE,AUS,850590
8512735,8,14,9292,2015,21864.0,0.0,0.116896,0.30330999999999997,ARG,AUS,850590
8512736,15,14,9292,2015,14168.0,6087.0,1.747098,-0.08026699999999999,AUT,AUS,850590
8512737,18,14,9292,2015,26391.0,34110.0,1.329866,1.100641,BEL,AUS,850590
8512738,23,14,9292,2015,1501.0,0.0,0.45640699999999995,1.691455,BGR,AUS,850590
8512739,24,14,9292,2015,0.0,1165.0,0.36650900000000003,-0.28735,BHR,AUS,850590
8512740,32,14,9292,2015,8447.0,2795.0,0.23656799999999997,0.688607,BRA,AUS,850590
8512741,39,14,9292,2015,15035.0,41976.0,0.695867,1.171676,CAN,AUS,850590
8512742,41,14,9292,2015,147409.0,0.0,2.306075,0.720781,CHE,AUS,850590
8512743,42,14,9292,2015,0.0,975.0,-0.356167,-0.47629399999999994,CHL,AUS,850590
8512744,43,14,9292,2015,1371838.0,133568.0,1.077143,1.735757,CHN,AUS,850590
8512745,59,14,9292,2015,26914.0,0.0,1.743012,0.45424,CZE,AUS,850590
8512746,61,14,9292,2015,2757615.0,24022.0,2.203818,-2.307561,DEU,AUS,850590
8512747,64,14,9292,2015,100413.0,19472.0,1.157924,1.2045629999999998,DNK,AUS,850590
8512748,65,14,9292,2015,1484.0,0.0,-0.212808,0.395873,DOM,AUS,850590
8512749,71,14,9292,2015,24433.0,0.0,0.8173590000000001,2.442556,ESP,AUS,850590
8512750,74,14,9292,2015,8348.0,0.0,1.597817,0.998059,FIN,AUS,850590
8512751,75,14,9292,2015,0.0,2508.0,-0.481968,-0.201468,FJI,AUS,850590
8512752,77,14,9292,2015,157006.0,2520.0,1.479792,0.6490239999999999,FRA,AUS,850590
8512753,81,14,9292,2015,968216.0,4329.0,1.7422990000000003,0.75838,GBR,AUS,850590
8512754,82,14,9292,2015,2334.0,0.0,-0.343663,-0.588017,GEO,AUS,850590
8512755,83,14,9292,2015,0.0,1624.0,-0.750568,-0.690257,GHA,AUS,850590
8512756,90,14,9292,2015,0.0,8651.0,0.099027,1.012289,GRC,AUS,850590
8512757,97,14,9292,2015,93483.0,39004.0,0.8255290000000001,1.8017279999999998,HKG,AUS,850590
8512758,102,14,9292,2015,7764.0,0.0,1.462839,0.803258,HUN,AUS,850590
8512759,103,14,9292,2015,4148.0,326542.0,-0.145103,1.277362,IDN,AUS,850590
8512760,104,14,9292,2015,28363.0,10282.0,0.24230900000000002,2.8190880000000003,IND,AUS,850590
8512761,106,14,9292,2015,3670.0,0.0,1.304942,0.126431,IRL,AUS,850590
8512762,110,14,9292,2015,24145.0,0.0,1.260071,0.545545,ISR,AUS,850590
8512763,111,14,9292,2015,471704.0,2628.0,1.321127,0.747046,ITA,AUS,850590
8512764,114,14,9292,2015,86690.0,3079.0,2.516133,-0.484202,JPN,AUS,850590
8512765,115,14,9292,2015,0.0,167569.0,-0.45091499999999995,-0.652026,KAZ,AUS,850590
8512766,121,14,9292,2015,37596.0,4914.0,1.900653,0.859406,KOR,AUS,850590
8512767,138,14,9292,2015,60753.0,4291.0,1.169724,0.61457,MEX,AUS,850590
8512768,153,14,9292,2015,28310.0,27459.0,1.082803,0.811615,MYS,AUS,850590
8512769,156,14,9292,2015,0.0,4008.0,-0.727911,-0.844562,NCL,AUS,850590
8512770,162,14,9292,2015,39839.0,12744.0,1.230104,1.27344,NLD,AUS,850590
8512771,163,14,9292,2015,29742.0,82500.0,0.950708,0.314339,NOR,AUS,850590
8512772,166,14,9292,2015,20753.0,826320.0,0.224598,0.253179,NZL,AUS,850590
8512773,173,14,9292,2015,0.0,9455.0,-0.6007819999999999,0.32152800000000004,PER,AUS,850590
8512774,174,14,9292,2015,4750.0,3262.0,0.6406270000000001,0.45770200000000005,PHL,AUS,850590
8512775,176,14,9292,2015,0.0,6116.0,-1.710939,-1.266333,PNG,AUS,850590
8512776,177,14,9292,2015,2865.0,0.0,1.145844,1.1449280000000002,POL,AUS,850590
8512777,183,14,9292,2015,0.0,14397.0,-0.077053,-0.9922719999999999,QAT,AUS,850590
8512778,185,14,9292,2015,1911.0,0.0,0.946363,1.056775,ROU,AUS,850590
8512779,186,14,9292,2015,2321.0,20047.0,0.23119,0.035965,RUS,AUS,850590
8512780,191,14,9292,2015,0.0,31754.0,-0.708349,-0.296663,SEN,AUS,850590
8512781,192,14,9292,2015,65503.0,28786.0,2.05613,0.593065,SGP,AUS,850590
8512782,195,14,9292,2015,0.0,12627.0,-1.167451,-0.931206,SLB,AUS,850590
8512783,207,14,9292,2015,1265.0,0.0,1.6089879999999999,0.833616,SVN,AUS,850590
8512784,208,14,9292,2015,25940.0,0.0,1.8068349999999997,0.693389,SWE,AUS,850590
8512785,216,14,9292,2015,0.0,35565.0,0.965888,1.368572,THA,AUS,850590
8512786,226,14,9292,2015,0.0,1383.0,-1.02395,-0.017509999999999998,TZA,AUS,850590
8512787,231,14,9292,2015,2173759.0,705369.0,1.720478,-0.129322,USA,AUS,850590
8512788,239,14,9292,2015,438368.0,0.0,-0.17108900000000002,1.10995,VNM,AUS,850590
8512789,242,14,9292,2015,0.0,6079.0,0.351057,-0.158431,WSM,AUS,850590
8512790,246,14,9292,2015,11352.0,19542.0,0.24944699999999997,1.7573159999999999,ZAF,AUS,850590
8512791,249,14,9292,2015,113668.0,182554.0,1.962832,1.214982,TWN,AUS,850590
8512792,250,14,9292,2015,0.0,674.0,0.377283,-0.092204,ANS,AUS,850590
8512793,7,16,9292,2015,3307.0,0.0,0.21779600000000002,-0.0047420000000000006,ARE,AZE,850590
8512794,18,16,9292,2015,1057.0,0.0,1.329866,1.100641,BEL,AZE,850590
8512795,43,16,9292,2015,106361.0,0.0,1.077143,1.735757,CHN,AZE,850590
8512796,59,16,9292,2015,104120.0,0.0,1.743012,0.45424,CZE,AZE,850590
8512797,61,16,9292,2015,12952.0,0.0,2.203818,-2.307561,DEU,AZE,850590
8512798,64,16,9292,2015,1078.0,0.0,1.157924,1.2045629999999998,DNK,AZE,850590
8512799,77,16,9292,2015,3203.0,0.0,1.479792,0.6490239999999999,FRA,AZE,850590
8512800,81,16,9292,2015,6630.0,0.0,1.7422990000000003,0.75838,GBR,AZE,850590
8512801,104,16,9292,2015,1060.0,0.0,0.24230900000000002,2.8190880000000003,IND,AZE,850590
8512802,110,16,9292,2015,32485.0,0.0,1.260071,0.545545,ISR,AZE,850590
8512803,111,16,9292,2015,42808.0,0.0,1.321127,0.747046,ITA,AZE,850590
8512804,114,16,9292,2015,1926.0,0.0,2.516133,-0.484202,JPN,AZE,850590
8512805,130,16,9292,2015,19067.0,0.0,0.749429,1.3659860000000001,LTU,AZE,850590
8512806,153,16,9292,2015,77374.0,0.0,1.082803,0.811615,MYS,AZE,850590
8512807,162,16,9292,2015,11060.0,0.0,1.230104,1.27344,NLD,AZE,850590
8512808,186,16,9292,2015,21293.0,0.0,0.23119,0.035965,RUS,AZE,850590
8512809,224,16,9292,2015,88028.0,0.0,0.438669,2.519632,TUR,AZE,850590
8512810,231,16,9292,2015,14757.0,0.0,1.720478,-0.129322,USA,AZE,850590
8512811,250,16,9292,2015,8875.0,0.0,0.377283,-0.092204,ANS,AZE,850590
8512812,15,22,9292,2015,1211.0,0.0,1.747098,-0.08026699999999999,AUT,BGD,850590
8512813,41,22,9292,2015,8892.0,0.0,2.306075,0.720781,CHE,BGD,850590
8512814,43,22,9292,2015,712537.0,0.0,1.077143,1.735757,CHN,BGD,850590
8512815,59,22,9292,2015,10473.0,0.0,1.743012,0.45424,CZE,BGD,850590
8512816,61,22,9292,2015,119161.0,0.0,2.203818,-2.307561,DEU,BGD,850590
8512817,71,22,9292,2015,90524.0,0.0,0.8173590000000001,2.442556,ESP,BGD,850590
8512818,77,22,9292,2015,910.0,0.0,1.479792,0.6490239999999999,FRA,BGD,850590
8512819,81,22,9292,2015,942.0,0.0,1.7422990000000003,0.75838,GBR,BGD,850590
8512820,97,22,9292,2015,15319.0,0.0,0.8255290000000001,1.8017279999999998,HKG,BGD,850590
8512821,104,22,9292,2015,307724.0,0.0,0.24230900000000002,2.8190880000000003,IND,BGD,850590
8512822,111,22,9292,2015,5563.0,0.0,1.321127,0.747046,ITA,BGD,850590
8512823,114,22,9292,2015,5876.0,0.0,2.516133,-0.484202,JPN,BGD,850590
8512824,121,22,9292,2015,2005.0,0.0,1.900653,0.859406,KOR,BGD,850590
8512825,153,22,9292,2015,6156.0,0.0,1.082803,0.811615,MYS,BGD,850590
8512826,174,22,9292,2015,0.0,11262.0,0.6406270000000001,0.45770200000000005,PHL,BGD,850590
8512827,183,22,9292,2015,0.0,964.0,-0.077053,-0.9922719999999999,QAT,BGD,850590
8512828,192,22,9292,2015,2605.0,0.0,2.05613,0.593065,SGP,BGD,850590
8512829,231,22,9292,2015,14192.0,0.0,1.720478,-0.129322,USA,BGD,850590
8512830,249,22,9292,2015,9690.0,0.0,1.962832,1.214982,TWN,BGD,850590
8512831,7,24,9292,2015,7194.0,0.0,0.21779600000000002,-0.0047420000000000006,ARE,BHR,850590
8512832,14,24,9292,2015,1165.0,0.0,-0.292325,-0.043489,AUS,BHR,850590
8512833,18,24,9292,2015,1658.0,0.0,1.329866,1.100641,BEL,BHR,850590
8512834,41,24,9292,2015,2499.0,0.0,2.306075,0.720781,CHE,BHR,850590
8512835,43,24,9292,2015,3946.0,0.0,1.077143,1.735757,CHN,BHR,850590
8512836,61,24,9292,2015,77584.0,1756.0,2.203818,-2.307561,DEU,BHR,850590
8512837,64,24,9292,2015,2811.0,0.0,1.157924,1.2045629999999998,DNK,BHR,850590
8512838,77,24,9292,2015,1165.0,0.0,1.479792,0.6490239999999999,FRA,BHR,850590
8512839,81,24,9292,2015,19355.0,25152.0,1.7422990000000003,0.75838,GBR,BHR,850590
8512840,111,24,9292,2015,4214.0,0.0,1.321127,0.747046,ITA,BHR,850590
8512841,114,24,9292,2015,9246.0,0.0,2.516133,-0.484202,JPN,BHR,850590
8512842,131,24,9292,2015,919.0,0.0,1.218924,1.247152,LUX,BHR,850590
8512843,138,24,9292,2015,7010.0,0.0,1.169724,0.61457,MEX,BHR,850590
8512844,162,24,9292,2015,100192.0,0.0,1.230104,1.27344,NLD,BHR,850590
8512845,188,24,9292,2015,0.0,68534.0,0.5552520000000001,-0.7263229999999999,SAU,BHR,850590
8512846,231,24,9292,2015,96721.0,0.0,1.720478,-0.129322,USA,BHR,850590
8512847,249,24,9292,2015,19980.0,0.0,1.962832,1.214982,TWN,BHR,850590
8512848,9,28,9292,2015,0.0,3112.0,0.037579,-0.42448800000000003,ARM,BLR,850590
8512849,15,28,9292,2015,28265.0,0.0,1.747098,-0.08026699999999999,AUT,BLR,850590
8512850,18,28,9292,2015,1831.0,0.0,1.329866,1.100641,BEL,BLR,850590
8512851,23,28,9292,2015,3465.0,0.0,0.45640699999999995,1.691455,BGR,BLR,850590
8512852,26,28,9292,2015,0.0,2402.0,0.355903,0.723092,BIH,BLR,850590
8512853,41,28,9292,2015,3570.0,1176.0,2.306075,0.720781,CHE,BLR,850590
8512854,43,28,9292,2015,28727.0,0.0,1.077143,1.735757,CHN,BLR,850590
8512855,59,28,9292,2015,14815.0,0.0,1.743012,0.45424,CZE,BLR,850590
8512856,61,28,9292,2015,85950.0,0.0,2.203818,-2.307561,DEU,BLR,850590
8512857,64,28,9292,2015,795.0,0.0,1.157924,1.2045629999999998,DNK,BLR,850590
8512858,71,28,9292,2015,1499.0,0.0,0.8173590000000001,2.442556,ESP,BLR,850590
8512859,72,28,9292,2015,991.0,0.0,0.9281149999999999,1.1780389999999998,EST,BLR,850590
8512860,74,28,9292,2015,28847.0,0.0,1.597817,0.998059,FIN,BLR,850590
8512861,77,28,9292,2015,23726.0,0.0,1.479792,0.6490239999999999,FRA,BLR,850590
8512862,81,28,9292,2015,5851.0,0.0,1.7422990000000003,0.75838,GBR,BLR,850590
8512863,102,28,9292,2015,2123.0,0.0,1.462839,0.803258,HUN,BLR,850590
8512864,106,28,9292,2015,778.0,0.0,1.304942,0.126431,IRL,BLR,850590
8512865,111,28,9292,2015,5524.0,0.0,1.321127,0.747046,ITA,BLR,850590
8512866,114,28,9292,2015,562.0,0.0,2.516133,-0.484202,JPN,BLR,850590
8512867,115,28,9292,2015,0.0,2658.0,-0.45091499999999995,-0.652026,KAZ,BLR,850590
8512868,117,28,9292,2015,0.0,1459.0,0.02058,0.438692,KGZ,BLR,850590
8512869,130,28,9292,2015,51926.0,0.0,0.749429,1.3659860000000001,LTU,BLR,850590
8512870,132,28,9292,2015,5710.0,0.0,0.602209,1.125357,LVA,BLR,850590
8512871,138,28,9292,2015,606.0,0.0,1.169724,0.61457,MEX,BLR,850590
8512872,162,28,9292,2015,124465.0,0.0,1.230104,1.27344,NLD,BLR,850590
8512873,177,28,9292,2015,77033.0,5831.0,1.145844,1.1449280000000002,POL,BLR,850590
8512874,186,28,9292,2015,452044.0,162994.0,0.23119,0.035965,RUS,BLR,850590
8512875,188,28,9292,2015,0.0,906.0,0.5552520000000001,-0.7263229999999999,SAU,BLR,850590
8512876,201,28,9292,2015,0.0,1225.0,0.457042,1.324908,SRB,BLR,850590
8512877,206,28,9292,2015,3401.0,3291.0,1.287133,0.7900560000000001,SVK,BLR,850590
8512878,207,28,9292,2015,22848.0,0.0,1.6089879999999999,0.833616,SVN,BLR,850590
8512879,208,28,9292,2015,3852.0,0.0,1.8068349999999997,0.693389,SWE,BLR,850590
8512880,217,28,9292,2015,0.0,14818.0,-1.134216,-1.174245,TJK,BLR,850590
8512881,224,28,9292,2015,4537.0,1492.0,0.438669,2.519632,TUR,BLR,850590
8512882,228,28,9292,2015,0.0,21344.0,0.429879,0.701813,UKR,BLR,850590
8512883,231,28,9292,2015,4828.0,0.0,1.720478,-0.129322,USA,BLR,850590
8512884,239,28,9292,2015,0.0,3335.0,-0.17108900000000002,1.10995,VNM,BLR,850590
8512885,249,28,9292,2015,1866.0,0.0,1.962832,1.214982,TWN,BLR,850590
8512886,7,46,9292,2015,1187.0,0.0,0.21779600000000002,-0.0047420000000000006,ARE,COD,850590
8512887,18,46,9292,2015,951.0,0.0,1.329866,1.100641,BEL,COD,850590
8512888,41,46,9292,2015,2029.0,0.0,2.306075,0.720781,CHE,COD,850590
8512889,43,46,9292,2015,350589.0,0.0,1.077143,1.735757,CHN,COD,850590
8512890,61,46,9292,2015,867.0,0.0,2.203818,-2.307561,DEU,COD,850590
8512891,77,46,9292,2015,8480.0,0.0,1.479792,0.6490239999999999,FRA,COD,850590
8512892,104,46,9292,2015,8484.0,0.0,0.24230900000000002,2.8190880000000003,IND,COD,850590
8512893,231,46,9292,2015,495.0,0.0,1.720478,-0.129322,USA,COD,850590
8512894,246,46,9292,2015,27963.0,0.0,0.24944699999999997,1.7573159999999999,ZAF,COD,850590
8512895,247,46,9292,2015,883.0,0.0,-0.44792,-0.769586,ZMB,COD,850590
8512896,15,68,9292,2015,2873.0,0.0,1.747098,-0.08026699999999999,AUT,EGY,850590
8512897,18,68,9292,2015,2885.0,0.0,1.329866,1.100641,BEL,EGY,850590
8512898,39,68,9292,2015,4376.0,0.0,0.695867,1.171676,CAN,EGY,850590
8512899,41,68,9292,2015,14396.0,0.0,2.306075,0.720781,CHE,EGY,850590
8512900,43,68,9292,2015,236870.0,0.0,1.077143,1.735757,CHN,EGY,850590
8512901,59,68,9292,2015,6468.0,0.0,1.743012,0.45424,CZE,EGY,850590
8512902,61,68,9292,2015,673207.0,0.0,2.203818,-2.307561,DEU,EGY,850590
8512903,64,68,9292,2015,20413.0,0.0,1.157924,1.2045629999999998,DNK,EGY,850590
8512904,71,68,9292,2015,227870.0,0.0,0.8173590000000001,2.442556,ESP,EGY,850590
8512905,77,68,9292,2015,98851.0,0.0,1.479792,0.6490239999999999,FRA,EGY,850590
8512906,81,68,9292,2015,114732.0,0.0,1.7422990000000003,0.75838,GBR,EGY,850590
8512907,104,68,9292,2015,83252.0,0.0,0.24230900000000002,2.8190880000000003,IND,EGY,850590
8512908,111,68,9292,2015,92286.0,3673.0,1.321127,0.747046,ITA,EGY,850590
8512909,114,68,9292,2015,13915.0,0.0,2.516133,-0.484202,JPN,EGY,850590
8512910,121,68,9292,2015,117113.0,0.0,1.900653,0.859406,KOR,EGY,850590
8512911,162,68,9292,2015,71791.0,0.0,1.230104,1.27344,NLD,EGY,850590
8512912,207,68,9292,2015,0.0,12185.0,1.6089879999999999,0.833616,SVN,EGY,850590
8512913,216,68,9292,2015,0.0,1862.0,0.965888,1.368572,THA,EGY,850590
8512914,224,68,9292,2015,46159.0,0.0,0.438669,2.519632,TUR,EGY,850590
8512915,231,68,9292,2015,297619.0,0.0,1.720478,-0.129322,USA,EGY,850590
8512916,249,68,9292,2015,9123.0,0.0,1.962832,1.214982,TWN,EGY,850590
8512917,7,74,9292,2015,0.0,35128.0,0.21779600000000002,-0.0047420000000000006,ARE,FIN,850590
8512918,14,74,9292,2015,0.0,8348.0,-0.292325,-0.043489,AUS,FIN,850590
8512919,15,74,9292,2015,17042.0,8699.0,1.747098,-0.08026699999999999,AUT,FIN,850590
8512920,18,74,9292,2015,77344.0,16657.0,1.329866,1.100641,BEL,FIN,850590
8512921,21,74,9292,2015,0.0,2082.0,-1.085359,-1.034365,BFA,FIN,850590
8512922,28,74,9292,2015,0.0,28847.0,0.672499,0.5584020000000001,BLR,FIN,850590
8512923,32,74,9292,2015,0.0,36181.0,0.23656799999999997,0.688607,BRA,FIN,850590
8512924,39,74,9292,2015,0.0,33903.0,0.695867,1.171676,CAN,FIN,850590
8512925,41,74,9292,2015,167259.0,26300.0,2.306075,0.720781,CHE,FIN,850590
8512926,42,74,9292,2015,0.0,994.0,-0.356167,-0.47629399999999994,CHL,FIN,850590
8512927,43,74,9292,2015,129076.0,7125.0,1.077143,1.735757,CHN,FIN,850590
8512928,49,74,9292,2015,0.0,1467.0,0.156383,-0.183055,COL,FIN,850590
8512929,59,74,9292,2015,39538.0,999.0,1.743012,0.45424,CZE,FIN,850590
8512930,61,74,9292,2015,1666470.0,426450.0,2.203818,-2.307561,DEU,FIN,850590
8512931,64,74,9292,2015,276796.0,53519.0,1.157924,1.2045629999999998,DNK,FIN,850590
8512932,71,74,9292,2015,3871.0,7039.0,0.8173590000000001,2.442556,ESP,FIN,850590
8512933,72,74,9292,2015,562246.0,267747.0,0.9281149999999999,1.1780389999999998,EST,FIN,850590
8512934,77,74,9292,2015,79831.0,116993.0,1.479792,0.6490239999999999,FRA,FIN,850590
8512935,78,74,9292,2015,0.0,1168.0,-0.700767,-0.9214399999999999,FRO,FIN,850590
8512936,81,74,9292,2015,221320.0,378094.0,1.7422990000000003,0.75838,GBR,FIN,850590
8512937,90,74,9292,2015,0.0,967.0,0.099027,1.012289,GRC,FIN,850590
8512938,97,74,9292,2015,1790.0,1022.0,0.8255290000000001,1.8017279999999998,HKG,FIN,850590
8512939,100,74,9292,2015,0.0,1952.0,0.7590140000000001,1.257415,HRV,FIN,850590
8512940,102,74,9292,2015,2211.0,2163.0,1.462839,0.803258,HUN,FIN,850590
8512941,103,74,9292,2015,0.0,778199.0,-0.145103,1.277362,IDN,FIN,850590
8512942,104,74,9292,2015,19700.0,20759.0,0.24230900000000002,2.8190880000000003,IND,FIN,850590
8512943,106,74,9292,2015,2641.0,9898.0,1.304942,0.126431,IRL,FIN,850590
8512944,109,74,9292,2015,0.0,3637.0,0.24527600000000002,-0.411616,ISL,FIN,850590
8512945,111,74,9292,2015,710157.0,43294.0,1.321127,0.747046,ITA,FIN,850590
8512946,114,74,9292,2015,14715.0,6016.0,2.516133,-0.484202,JPN,FIN,850590
8512947,115,74,9292,2015,0.0,1170.0,-0.45091499999999995,-0.652026,KAZ,FIN,850590
8512948,116,74,9292,2015,0.0,2320.0,-0.453564,0.433325,KEN,FIN,850590
8512949,121,74,9292,2015,1353.0,0.0,1.900653,0.859406,KOR,FIN,850590
8512950,122,74,9292,2015,0.0,2831.0,-0.352023,-1.153057,KWT,FIN,850590
8512951,130,74,9292,2015,0.0,14342.0,0.749429,1.3659860000000001,LTU,FIN,850590
8512952,132,74,9292,2015,0.0,45401.0,0.602209,1.125357,LVA,FIN,850590
8512953,138,74,9292,2015,15035.0,2519.0,1.169724,0.61457,MEX,FIN,850590
8512954,156,74,9292,2015,0.0,7807.0,-0.727911,-0.844562,NCL,FIN,850590
8512955,162,74,9292,2015,50442.0,100762.0,1.230104,1.27344,NLD,FIN,850590
8512956,163,74,9292,2015,4444.0,95729.0,0.950708,0.314339,NOR,FIN,850590
8512957,167,74,9292,2015,0.0,11516.0,-0.4699,-1.00451,OMN,FIN,850590
8512958,173,74,9292,2015,0.0,3521.0,-0.6007819999999999,0.32152800000000004,PER,FIN,850590
8512959,177,74,9292,2015,2140443.0,29129.0,1.145844,1.1449280000000002,POL,FIN,850590
8512960,179,74,9292,2015,0.0,929.0,0.561922,2.2276380000000002,PRT,FIN,850590
8512961,185,74,9292,2015,3182.0,16290.0,0.946363,1.056775,ROU,FIN,850590
8512962,186,74,9292,2015,0.0,105871.0,0.23119,0.035965,RUS,FIN,850590
8512963,188,74,9292,2015,0.0,43148.0,0.5552520000000001,-0.7263229999999999,SAU,FIN,850590
8512964,192,74,9292,2015,0.0,3976.0,2.05613,0.593065,SGP,FIN,850590
8512965,206,74,9292,2015,7441.0,0.0,1.287133,0.7900560000000001,SVK,FIN,850590
8512966,207,74,9292,2015,875.0,0.0,1.6089879999999999,0.833616,SVN,FIN,850590
8512967,208,74,9292,2015,194451.0,240123.0,1.8068349999999997,0.693389,SWE,FIN,850590
8512968,216,74,9292,2015,0.0,16523.0,0.965888,1.368572,THA,FIN,850590
8512969,222,74,9292,2015,0.0,698.0,-0.462837,-1.117621,TTO,FIN,850590
8512970,223,74,9292,2015,0.0,9506.0,0.140202,0.967591,TUN,FIN,850590
8512971,224,74,9292,2015,1309.0,17919.0,0.438669,2.519632,TUR,FIN,850590
8512972,228,74,9292,2015,0.0,921.0,0.429879,0.701813,UKR,FIN,850590
8512973,231,74,9292,2015,502678.0,113298.0,1.720478,-0.129322,USA,FIN,850590
8512974,239,74,9292,2015,0.0,11424.0,-0.17108900000000002,1.10995,VNM,FIN,850590
8512975,246,74,9292,2015,0.0,1062.0,0.24944699999999997,1.7573159999999999,ZAF,FIN,850590
8512976,249,74,9292,2015,20384.0,6435.0,1.962832,1.214982,TWN,FIN,850590
8512977,14,82,9292,2015,0.0,2334.0,-0.292325,-0.043489,AUS,GEO,850590
8512978,18,82,9292,2015,1690.0,0.0,1.329866,1.100641,BEL,GEO,850590
8512979,43,82,9292,2015,7865.0,0.0,1.077143,1.735757,CHN,GEO,850590
8512980,61,82,9292,2015,17495.0,0.0,2.203818,-2.307561,DEU,GEO,850590
8512981,71,82,9292,2015,4963.0,0.0,0.8173590000000001,2.442556,ESP,GEO,850590
8512982,77,82,9292,2015,8337.0,0.0,1.479792,0.6490239999999999,FRA,GEO,850590
8512983,81,82,9292,2015,2855.0,0.0,1.7422990000000003,0.75838,GBR,GEO,850590
8512984,100,82,9292,2015,1395.0,0.0,0.7590140000000001,1.257415,HRV,GEO,850590
8512985,111,82,9292,2015,1940.0,0.0,1.321127,0.747046,ITA,GEO,850590
8512986,162,82,9292,2015,76267.0,0.0,1.230104,1.27344,NLD,GEO,850590
8512987,186,82,9292,2015,4719.0,0.0,0.23119,0.035965,RUS,GEO,850590
8512988,224,82,9292,2015,1148.0,0.0,0.438669,2.519632,TUR,GEO,850590
8512989,228,82,9292,2015,2286.0,0.0,0.429879,0.701813,UKR,GEO,850590
8512990,231,82,9292,2015,0.0,2152.0,1.720478,-0.129322,USA,GEO,850590
8512991,249,82,9292,2015,1006.0,0.0,1.962832,1.214982,TWN,GEO,850590
8512992,14,90,9292,2015,8651.0,0.0,-0.292325,-0.043489,AUS,GRC,850590
8512993,15,90,9292,2015,6295.0,0.0,1.747098,-0.08026699999999999,AUT,GRC,850590
8512994,18,90,9292,2015,57708.0,0.0,1.329866,1.100641,BEL,GRC,850590
8512995,23,90,9292,2015,1809.0,16667.0,0.45640699999999995,1.691455,BGR,GRC,850590
8512996,41,90,9292,2015,6250.0,0.0,2.306075,0.720781,CHE,GRC,850590
8512997,43,90,9292,2015,37580.0,0.0,1.077143,1.735757,CHN,GRC,850590
8512998,58,90,9292,2015,0.0,19542.0,0.511225,-0.207261,CYP,GRC,850590
8512999,59,90,9292,2015,6498.0,0.0,1.743012,0.45424,CZE,GRC,850590
8513000,61,90,9292,2015,488514.0,23824.0,2.203818,-2.307561,DEU,GRC,850590
8513001,64,90,9292,2015,4096.0,0.0,1.157924,1.2045629999999998,DNK,GRC,850590
8513002,71,90,9292,2015,3547.0,0.0,0.8173590000000001,2.442556,ESP,GRC,850590
8513003,74,90,9292,2015,967.0,0.0,1.597817,0.998059,FIN,GRC,850590
8513004,77,90,9292,2015,64121.0,0.0,1.479792,0.6490239999999999,FRA,GRC,850590
8513005,81,90,9292,2015,206649.0,0.0,1.7422990000000003,0.75838,GBR,GRC,850590
8513006,106,90,9292,2015,0.0,1168.0,1.304942,0.126431,IRL,GRC,850590
8513007,110,90,9292,2015,0.0,7258.0,1.260071,0.545545,ISR,GRC,850590
8513008,111,90,9292,2015,356389.0,4869.0,1.321127,0.747046,ITA,GRC,850590
8513009,140,90,9292,2015,0.0,3366.0,-0.09009600000000001,-0.147359,MKD,GRC,850590
8513010,153,90,9292,2015,1904.0,0.0,1.082803,0.811615,MYS,GRC,850590
8513011,162,90,9292,2015,35338.0,5054.0,1.230104,1.27344,NLD,GRC,850590
8513012,166,90,9292,2015,1516.0,0.0,0.224598,0.253179,NZL,GRC,850590
8513013,177,90,9292,2015,2007.0,0.0,1.145844,1.1449280000000002,POL,GRC,850590
8513014,185,90,9292,2015,2176.0,3702.0,0.946363,1.056775,ROU,GRC,850590
8513015,208,90,9292,2015,2511.0,0.0,1.8068349999999997,0.693389,SWE,GRC,850590
8513016,223,90,9292,2015,0.0,5460.0,0.140202,0.967591,TUN,GRC,850590
8513017,224,90,9292,2015,21614.0,0.0,0.438669,2.519632,TUR,GRC,850590
8513018,231,90,9292,2015,35459.0,0.0,1.720478,-0.129322,USA,GRC,850590
8513019,249,90,9292,2015,33746.0,0.0,1.962832,1.214982,TWN,GRC,850590
8513020,15,100,9292,2015,78556.0,1238.0,1.747098,-0.08026699999999999,AUT,HRV,850590
8513021,18,100,9292,2015,9990.0,2233.0,1.329866,1.100641,BEL,HRV,850590
8513022,23,100,9292,2015,1666.0,0.0,0.45640699999999995,1.691455,BGR,HRV,850590
8513023,26,100,9292,2015,1145.0,14669.0,0.355903,0.723092,BIH,HRV,850590
8513024,41,100,9292,2015,2855.0,0.0,2.306075,0.720781,CHE,HRV,850590
8513025,43,100,9292,2015,3401.0,3686.0,1.077143,1.735757,CHN,HRV,850590
8513026,59,100,9292,2015,17578.0,0.0,1.743012,0.45424,CZE,HRV,850590
8513027,61,100,9292,2015,159046.0,2622.0,2.203818,-2.307561,DEU,HRV,850590
8513028,64,100,9292,2015,10569.0,0.0,1.157924,1.2045629999999998,DNK,HRV,850590
8513029,71,100,9292,2015,2845.0,0.0,0.8173590000000001,2.442556,ESP,HRV,850590
8513030,74,100,9292,2015,1952.0,0.0,1.597817,0.998059,FIN,HRV,850590
8513031,77,100,9292,2015,13264.0,1669.0,1.479792,0.6490239999999999,FRA,HRV,850590
8513032,81,100,9292,2015,3279.0,0.0,1.7422990000000003,0.75838,GBR,HRV,850590
8513033,82,100,9292,2015,0.0,1395.0,-0.343663,-0.588017,GEO,HRV,850590
8513034,102,100,9292,2015,17493.0,3092.0,1.462839,0.803258,HUN,HRV,850590
8513035,106,100,9292,2015,2022.0,0.0,1.304942,0.126431,IRL,HRV,850590
8513036,111,100,9292,2015,539356.0,358208.0,1.321127,0.747046,ITA,HRV,850590
8513037,115,100,9292,2015,0.0,3910.0,-0.45091499999999995,-0.652026,KAZ,HRV,850590
8513038,162,100,9292,2015,2892.0,2404.0,1.230104,1.27344,NLD,HRV,850590
8513039,163,100,9292,2015,1441.0,0.0,0.950708,0.314339,NOR,HRV,850590
8513040,177,100,9292,2015,2406.0,0.0,1.145844,1.1449280000000002,POL,HRV,850590
8513041,185,100,9292,2015,2583.0,0.0,0.946363,1.056775,ROU,HRV,850590
8513042,186,100,9292,2015,1690.0,3095.0,0.23119,0.035965,RUS,HRV,850590
8513043,201,100,9292,2015,3102.0,9633.0,0.457042,1.324908,SRB,HRV,850590
8513044,207,100,9292,2015,39296.0,16229.0,1.6089879999999999,0.833616,SVN,HRV,850590
8513045,208,100,9292,2015,2636.0,0.0,1.8068349999999997,0.693389,SWE,HRV,850590
8513046,224,100,9292,2015,1875.0,0.0,0.438669,2.519632,TUR,HRV,850590
8513047,231,100,9292,2015,5763.0,0.0,1.720478,-0.129322,USA,HRV,850590
8513048,249,100,9292,2015,12363.0,0.0,1.962832,1.214982,TWN,HRV,850590
8513049,250,100,9292,2015,0.0,6250.0,0.377283,-0.092204,ANS,HRV,850590
8513050,7,106,9292,2015,0.0,5072.0,0.21779600000000002,-0.0047420000000000006,ARE,IRL,850590
8513051,14,106,9292,2015,0.0,3670.0,-0.292325,-0.043489,AUS,IRL,850590
8513052,15,106,9292,2015,6380.0,24225.0,1.747098,-0.08026699999999999,AUT,IRL,850590
8513053,18,106,9292,2015,37373.0,2673297.0,1.329866,1.100641,BEL,IRL,850590
8513054,28,106,9292,2015,0.0,778.0,0.672499,0.5584020000000001,BLR,IRL,850590
8513055,32,106,9292,2015,0.0,24740.0,0.23656799999999997,0.688607,BRA,IRL,850590
8513056,39,106,9292,2015,0.0,9789.0,0.695867,1.171676,CAN,IRL,850590
8513057,41,106,9292,2015,3276.0,526168.0,2.306075,0.720781,CHE,IRL,850590
8513058,43,106,9292,2015,75577.0,86726.0,1.077143,1.735757,CHN,IRL,850590
8513059,59,106,9292,2015,17994.0,2079.0,1.743012,0.45424,CZE,IRL,850590
8513060,61,106,9292,2015,559638.0,2636049.0,2.203818,-2.307561,DEU,IRL,850590
8513061,64,106,9292,2015,7827.0,0.0,1.157924,1.2045629999999998,DNK,IRL,850590
8513062,71,106,9292,2015,1492.0,515078.0,0.8173590000000001,2.442556,ESP,IRL,850590
8513063,74,106,9292,2015,9898.0,2641.0,1.597817,0.998059,FIN,IRL,850590
8513064,77,106,9292,2015,24973.0,242014.0,1.479792,0.6490239999999999,FRA,IRL,850590
8513065,81,106,9292,2015,711454.0,1023656.0,1.7422990000000003,0.75838,GBR,IRL,850590
8513066,83,106,9292,2015,0.0,12110.0,-0.750568,-0.690257,GHA,IRL,850590
8513067,90,106,9292,2015,1168.0,0.0,0.099027,1.012289,GRC,IRL,850590
8513068,97,106,9292,2015,1146.0,0.0,0.8255290000000001,1.8017279999999998,HKG,IRL,850590
8513069,100,106,9292,2015,0.0,2022.0,0.7590140000000001,1.257415,HRV,IRL,850590
8513070,104,106,9292,2015,4668.0,83097.0,0.24230900000000002,2.8190880000000003,IND,IRL,850590
8513071,109,106,9292,2015,0.0,1409.0,0.24527600000000002,-0.411616,ISL,IRL,850590
8513072,110,106,9292,2015,2975.0,0.0,1.260071,0.545545,ISR,IRL,850590
8513073,111,106,9292,2015,42061.0,3594791.0,1.321127,0.747046,ITA,IRL,850590
8513074,114,106,9292,2015,33139.0,83250.0,2.516133,-0.484202,JPN,IRL,850590
8513075,115,106,9292,2015,0.0,1427.0,-0.45091499999999995,-0.652026,KAZ,IRL,850590
8513076,121,106,9292,2015,5523.0,5590.0,1.900653,0.859406,KOR,IRL,850590
8513077,122,106,9292,2015,0.0,6746.0,-0.352023,-1.153057,KWT,IRL,850590
8513078,138,106,9292,2015,1647.0,6456.0,1.169724,0.61457,MEX,IRL,850590
8513079,142,106,9292,2015,2367.0,0.0,0.880893,-0.117585,MLT,IRL,850590
8513080,153,106,9292,2015,10200.0,1893.0,1.082803,0.811615,MYS,IRL,850590
8513081,162,106,9292,2015,34686.0,69432.0,1.230104,1.27344,NLD,IRL,850590
8513082,163,106,9292,2015,14926.0,14175.0,0.950708,0.314339,NOR,IRL,850590
8513083,174,106,9292,2015,0.0,1533.0,0.6406270000000001,0.45770200000000005,PHL,IRL,850590
8513084,177,106,9292,2015,62241.0,1173.0,1.145844,1.1449280000000002,POL,IRL,850590
8513085,191,106,9292,2015,0.0,1194.0,-0.708349,-0.296663,SEN,IRL,850590
8513086,192,106,9292,2015,5326.0,1776.0,2.05613,0.593065,SGP,IRL,850590
8513087,206,106,9292,2015,0.0,553.0,1.287133,0.7900560000000001,SVK,IRL,850590
8513088,208,106,9292,2015,16120.0,9087.0,1.8068349999999997,0.693389,SWE,IRL,850590
8513089,216,106,9292,2015,0.0,2884.0,0.965888,1.368572,THA,IRL,850590
8513090,224,106,9292,2015,0.0,1631.0,0.438669,2.519632,TUR,IRL,850590
8513091,231,106,9292,2015,101893.0,456652.0,1.720478,-0.129322,USA,IRL,850590
8513092,246,106,9292,2015,0.0,7574.0,0.24944699999999997,1.7573159999999999,ZAF,IRL,850590
8513093,247,106,9292,2015,0.0,1070.0,-0.44792,-0.769586,ZMB,IRL,850590
8513094,249,106,9292,2015,1994.0,2954.0,1.962832,1.214982,TWN,IRL,850590
8513095,250,106,9292,2015,199867.0,17251.0,0.377283,-0.092204,ANS,IRL,850590
8513096,7,107,9292,2015,108451.0,0.0,0.21779600000000002,-0.0047420000000000006,ARE,IRN,850590
8513097,15,107,9292,2015,13457.0,0.0,1.747098,-0.08026699999999999,AUT,IRN,850590
8513098,18,107,9292,2015,5999.0,0.0,1.329866,1.100641,BEL,IRN,850590
8513099,39,107,9292,2015,10658.0,0.0,0.695867,1.171676,CAN,IRN,850590
8513100,41,107,9292,2015,8069.0,0.0,2.306075,0.720781,CHE,IRN,850590
8513101,43,107,9292,2015,1518495.0,0.0,1.077143,1.735757,CHN,IRN,850590
8513102,61,107,9292,2015,834944.0,0.0,2.203818,-2.307561,DEU,IRN,850590
8513103,64,107,9292,2015,5603.0,0.0,1.157924,1.2045629999999998,DNK,IRN,850590
8513104,71,107,9292,2015,38439.0,0.0,0.8173590000000001,2.442556,ESP,IRN,850590
8513105,81,107,9292,2015,1654.0,0.0,1.7422990000000003,0.75838,GBR,IRN,850590
8513106,104,107,9292,2015,229686.0,0.0,0.24230900000000002,2.8190880000000003,IND,IRN,850590
8513107,111,107,9292,2015,74661.0,0.0,1.321127,0.747046,ITA,IRN,850590
8513108,121,107,9292,2015,69354.0,0.0,1.900653,0.859406,KOR,IRN,850590
8513109,153,107,9292,2015,2601.0,0.0,1.082803,0.811615,MYS,IRN,850590
8513110,186,107,9292,2015,14405.0,0.0,0.23119,0.035965,RUS,IRN,850590
8513111,224,107,9292,2015,61435.0,0.0,0.438669,2.519632,TUR,IRN,850590
8513112,249,107,9292,2015,36965.0,0.0,1.962832,1.214982,TWN,IRN,850590
8513113,7,108,9292,2015,3960.0,0.0,0.21779600000000002,-0.0047420000000000006,ARE,IRQ,850590
8513114,18,108,9292,2015,16447.0,0.0,1.329866,1.100641,BEL,IRQ,850590
8513115,41,108,9292,2015,4051.0,0.0,2.306075,0.720781,CHE,IRQ,850590
8513116,43,108,9292,2015,62259.0,0.0,1.077143,1.735757,CHN,IRQ,850590
8513117,61,108,9292,2015,223177.0,0.0,2.203818,-2.307561,DEU,IRQ,850590
8513118,81,108,9292,2015,1503.0,0.0,1.7422990000000003,0.75838,GBR,IRQ,850590
8513119,111,108,9292,2015,10867.0,0.0,1.321127,0.747046,ITA,IRQ,850590
8513120,162,108,9292,2015,14985.0,0.0,1.230104,1.27344,NLD,IRQ,850590
8513121,224,108,9292,2015,17269.0,0.0,0.438669,2.519632,TUR,IRQ,850590
8513122,231,108,9292,2015,24423.0,0.0,1.720478,-0.129322,USA,IRQ,850590
8513123,14,115,9292,2015,167569.0,0.0,-0.292325,-0.043489,AUS,KAZ,850590
8513124,15,115,9292,2015,4847.0,0.0,1.747098,-0.08026699999999999,AUT,KAZ,850590
8513125,18,115,9292,2015,1757.0,0.0,1.329866,1.100641,BEL,KAZ,850590
8513126,28,115,9292,2015,2658.0,0.0,0.672499,0.5584020000000001,BLR,KAZ,850590
8513127,39,115,9292,2015,1280.0,0.0,0.695867,1.171676,CAN,KAZ,850590
8513128,41,115,9292,2015,2979.0,0.0,2.306075,0.720781,CHE,KAZ,850590
8513129,43,115,9292,2015,18139.0,0.0,1.077143,1.735757,CHN,KAZ,850590
8513130,59,115,9292,2015,11937.0,0.0,1.743012,0.45424,CZE,KAZ,850590
8513131,61,115,9292,2015,202952.0,0.0,2.203818,-2.307561,DEU,KAZ,850590
8513132,64,115,9292,2015,4968.0,0.0,1.157924,1.2045629999999998,DNK,KAZ,850590
8513133,74,115,9292,2015,1170.0,0.0,1.597817,0.998059,FIN,KAZ,850590
8513134,77,115,9292,2015,75903.0,0.0,1.479792,0.6490239999999999,FRA,KAZ,850590
8513135,81,115,9292,2015,8498.0,1729.0,1.7422990000000003,0.75838,GBR,KAZ,850590
8513136,100,115,9292,2015,3910.0,0.0,0.7590140000000001,1.257415,HRV,KAZ,850590
8513137,104,115,9292,2015,5342.0,0.0,0.24230900000000002,2.8190880000000003,IND,KAZ,850590
8513138,106,115,9292,2015,1427.0,0.0,1.304942,0.126431,IRL,KAZ,850590
8513139,110,115,9292,2015,1385.0,0.0,1.260071,0.545545,ISR,KAZ,850590
8513140,111,115,9292,2015,8578.0,0.0,1.321127,0.747046,ITA,KAZ,850590
8513141,117,115,9292,2015,0.0,8336.0,0.02058,0.438692,KGZ,KAZ,850590
8513142,121,115,9292,2015,3286.0,0.0,1.900653,0.859406,KOR,KAZ,850590
8513143,130,115,9292,2015,6985.0,0.0,0.749429,1.3659860000000001,LTU,KAZ,850590
8513144,162,115,9292,2015,2487.0,5239.0,1.230104,1.27344,NLD,KAZ,850590
8513145,174,115,9292,2015,672.0,0.0,0.6406270000000001,0.45770200000000005,PHL,KAZ,850590
8513146,177,115,9292,2015,8371.0,0.0,1.145844,1.1449280000000002,POL,KAZ,850590
8513147,186,115,9292,2015,456718.0,8858.0,0.23119,0.035965,RUS,KAZ,850590
8513148,206,115,9292,2015,4059.0,0.0,1.287133,0.7900560000000001,SVK,KAZ,850590
8513149,208,115,9292,2015,1337.0,0.0,1.8068349999999997,0.693389,SWE,KAZ,850590
8513150,224,115,9292,2015,7935.0,0.0,0.438669,2.519632,TUR,KAZ,850590
8513151,231,115,9292,2015,4510.0,0.0,1.720478,-0.129322,USA,KAZ,850590
8513152,239,115,9292,2015,0.0,1073.0,-0.17108900000000002,1.10995,VNM,KAZ,850590
8513153,249,115,9292,2015,5770.0,0.0,1.962832,1.214982,TWN,KAZ,850590
8513154,18,116,9292,2015,3478.0,0.0,1.329866,1.100641,BEL,KEN,850590
8513155,43,116,9292,2015,38738.0,0.0,1.077143,1.735757,CHN,KEN,850590
8513156,61,116,9292,2015,34557.0,0.0,2.203818,-2.307561,DEU,KEN,850590
8513157,64,116,9292,2015,999.0,0.0,1.157924,1.2045629999999998,DNK,KEN,850590
8513158,74,116,9292,2015,2320.0,0.0,1.597817,0.998059,FIN,KEN,850590
8513159,81,116,9292,2015,2866.0,4401.0,1.7422990000000003,0.75838,GBR,KEN,850590
8513160,104,116,9292,2015,38024.0,0.0,0.24230900000000002,2.8190880000000003,IND,KEN,850590
8513161,111,116,9292,2015,2065.0,0.0,1.321127,0.747046,ITA,KEN,850590
8513162,114,116,9292,2015,26924.0,0.0,2.516133,-0.484202,JPN,KEN,850590
8513163,162,116,9292,2015,141709.0,0.0,1.230104,1.27344,NLD,KEN,850590
8513164,231,116,9292,2015,9483.0,0.0,1.720478,-0.129322,USA,KEN,850590
8513165,246,116,9292,2015,14358.0,0.0,0.24944699999999997,1.7573159999999999,ZAF,KEN,850590
8513166,249,116,9292,2015,1273.0,0.0,1.962832,1.214982,TWN,KEN,850590
8513167,28,117,9292,2015,1459.0,0.0,0.672499,0.5584020000000001,BLR,KGZ,850590
8513168,43,117,9292,2015,1017.0,0.0,1.077143,1.735757,CHN,KGZ,850590
8513169,59,117,9292,2015,841.0,0.0,1.743012,0.45424,CZE,KGZ,850590
8513170,61,117,9292,2015,1284.0,0.0,2.203818,-2.307561,DEU,KGZ,850590
8513171,111,117,9292,2015,1616.0,0.0,1.321127,0.747046,ITA,KGZ,850590
8513172,115,117,9292,2015,8336.0,0.0,-0.45091499999999995,-0.652026,KAZ,KGZ,850590
8513173,186,117,9292,2015,4881.0,0.0,0.23119,0.035965,RUS,KGZ,850590
8513174,201,117,9292,2015,26169.0,0.0,0.457042,1.324908,SRB,KGZ,850590
8513175,231,117,9292,2015,809.0,0.0,1.720478,-0.129322,USA,KGZ,850590
8513176,232,117,9292,2015,0.0,2703.0,-0.724966,-0.599292,UZB,KGZ,850590
8513177,41,124,9292,2015,1276.0,0.0,2.306075,0.720781,CHE,LBN,850590
8513178,43,124,9292,2015,45506.0,0.0,1.077143,1.735757,CHN,LBN,850590
8513179,47,124,9292,2015,0.0,967.0,-1.294823,-1.18811,COG,LBN,850590
8513180,61,124,9292,2015,200759.0,0.0,2.203818,-2.307561,DEU,LBN,850590
8513181,64,124,9292,2015,7995.0,0.0,1.157924,1.2045629999999998,DNK,LBN,850590
8513182,77,124,9292,2015,4709.0,0.0,1.479792,0.6490239999999999,FRA,LBN,850590
8513183,81,124,9292,2015,2620.0,0.0,1.7422990000000003,0.75838,GBR,LBN,850590
8513184,104,124,9292,2015,3443.0,0.0,0.24230900000000002,2.8190880000000003,IND,LBN,850590
8513185,111,124,9292,2015,96720.0,0.0,1.321127,0.747046,ITA,LBN,850590
8513186,114,124,9292,2015,2648.0,0.0,2.516133,-0.484202,JPN,LBN,850590
8513187,121,124,9292,2015,5916.0,0.0,1.900653,0.859406,KOR,LBN,850590
8513188,138,124,9292,2015,8410.0,0.0,1.169724,0.61457,MEX,LBN,850590
8513189,153,124,9292,2015,4478.0,0.0,1.082803,0.811615,MYS,LBN,850590
8513190,162,124,9292,2015,36901.0,0.0,1.230104,1.27344,NLD,LBN,850590
8513191,208,124,9292,2015,6211.0,0.0,1.8068349999999997,0.693389,SWE,LBN,850590
8513192,212,124,9292,2015,0.0,3261.0,-0.603532,0.313216,SYR,LBN,850590
8513193,231,124,9292,2015,89994.0,0.0,1.720478,-0.129322,USA,LBN,850590
8513194,249,124,9292,2015,1935.0,0.0,1.962832,1.214982,TWN,LBN,850590
8513195,18,128,9292,2015,733.0,0.0,1.329866,1.100641,BEL,LKA,850590
8513196,39,128,9292,2015,13898.0,0.0,0.695867,1.171676,CAN,LKA,850590
8513197,41,128,9292,2015,31796.0,5961.0,2.306075,0.720781,CHE,LKA,850590
8513198,43,128,9292,2015,7684.0,0.0,1.077143,1.735757,CHN,LKA,850590
8513199,61,128,9292,2015,27076.0,0.0,2.203818,-2.307561,DEU,LKA,850590
8513200,71,128,9292,2015,2021.0,0.0,0.8173590000000001,2.442556,ESP,LKA,850590
8513201,77,128,9292,2015,47164.0,0.0,1.479792,0.6490239999999999,FRA,LKA,850590
8513202,81,128,9292,2015,1869.0,0.0,1.7422990000000003,0.75838,GBR,LKA,850590
8513203,97,128,9292,2015,3066.0,0.0,0.8255290000000001,1.8017279999999998,HKG,LKA,850590
8513204,102,128,9292,2015,17102.0,0.0,1.462839,0.803258,HUN,LKA,850590
8513205,104,128,9292,2015,81951.0,0.0,0.24230900000000002,2.8190880000000003,IND,LKA,850590
8513206,111,128,9292,2015,5872.0,0.0,1.321127,0.747046,ITA,LKA,850590
8513207,114,128,9292,2015,92885.0,0.0,2.516133,-0.484202,JPN,LKA,850590
8513208,121,128,9292,2015,1775.0,0.0,1.900653,0.859406,KOR,LKA,850590
8513209,137,128,9292,2015,0.0,4126.0,-0.321571,-0.858751,MDV,LKA,850590
8513210,153,128,9292,2015,1049.0,0.0,1.082803,0.811615,MYS,LKA,850590
8513211,162,128,9292,2015,4299.0,0.0,1.230104,1.27344,NLD,LKA,850590
8513212,167,128,9292,2015,0.0,3448.0,-0.4699,-1.00451,OMN,LKA,850590
8513213,192,128,9292,2015,6840.0,0.0,2.05613,0.593065,SGP,LKA,850590
8513214,216,128,9292,2015,2017.0,0.0,0.965888,1.368572,THA,LKA,850590
8513215,224,128,9292,2015,5804.0,0.0,0.438669,2.519632,TUR,LKA,850590
8513216,231,128,9292,2015,7354.0,0.0,1.720478,-0.129322,USA,LKA,850590
8513217,249,128,9292,2015,4747.0,2370.0,1.962832,1.214982,TWN,LKA,850590
8513218,15,130,9292,2015,1767.0,0.0,1.747098,-0.08026699999999999,AUT,LTU,850590
8513219,16,130,9292,2015,0.0,19067.0,-0.983347,-1.231542,AZE,LTU,850590
8513220,18,130,9292,2015,10608.0,0.0,1.329866,1.100641,BEL,LTU,850590
8513221,28,130,9292,2015,0.0,51926.0,0.672499,0.5584020000000001,BLR,LTU,850590
8513222,41,130,9292,2015,29585.0,0.0,2.306075,0.720781,CHE,LTU,850590
8513223,43,130,9292,2015,130642.0,0.0,1.077143,1.735757,CHN,LTU,850590
8513224,59,130,9292,2015,9794.0,17892.0,1.743012,0.45424,CZE,LTU,850590
8513225,61,130,9292,2015,203360.0,100149.0,2.203818,-2.307561,DEU,LTU,850590
8513226,64,130,9292,2015,3831.0,41720.0,1.157924,1.2045629999999998,DNK,LTU,850590
8513227,71,130,9292,2015,25447.0,0.0,0.8173590000000001,2.442556,ESP,LTU,850590
8513228,72,130,9292,2015,14973.0,7829.0,0.9281149999999999,1.1780389999999998,EST,LTU,850590
8513229,74,130,9292,2015,14342.0,0.0,1.597817,0.998059,FIN,LTU,850590
8513230,77,130,9292,2015,17529.0,0.0,1.479792,0.6490239999999999,FRA,LTU,850590
8513231,81,130,9292,2015,9691.0,0.0,1.7422990000000003,0.75838,GBR,LTU,850590
8513232,102,130,9292,2015,1370.0,1583.0,1.462839,0.803258,HUN,LTU,850590
8513233,111,130,9292,2015,395776.0,0.0,1.321127,0.747046,ITA,LTU,850590
8513234,115,130,9292,2015,0.0,6985.0,-0.45091499999999995,-0.652026,KAZ,LTU,850590
8513235,132,130,9292,2015,17062.0,14385.0,0.602209,1.125357,LVA,LTU,850590
8513236,162,130,9292,2015,6241.0,5739.0,1.230104,1.27344,NLD,LTU,850590
8513237,177,130,9292,2015,52504.0,1000.0,1.145844,1.1449280000000002,POL,LTU,850590
8513238,186,130,9292,2015,19135.0,713362.0,0.23119,0.035965,RUS,LTU,850590
8513239,208,130,9292,2015,55181.0,61817.0,1.8068349999999997,0.693389,SWE,LTU,850590
8513240,224,130,9292,2015,5726.0,0.0,0.438669,2.519632,TUR,LTU,850590
8513241,228,130,9292,2015,2822.0,2863.0,0.429879,0.701813,UKR,LTU,850590
8513242,231,130,9292,2015,11260.0,422856.0,1.720478,-0.129322,USA,LTU,850590
8513243,249,130,9292,2015,12501.0,0.0,1.962832,1.214982,TWN,LTU,850590
8513244,15,131,9292,2015,60871.0,0.0,1.747098,-0.08026699999999999,AUT,LUX,850590
8513245,18,131,9292,2015,317464.0,91968.0,1.329866,1.100641,BEL,LUX,850590
8513246,24,131,9292,2015,0.0,919.0,0.36650900000000003,-0.28735,BHR,LUX,850590
8513247,39,131,9292,2015,0.0,1772.0,0.695867,1.171676,CAN,LUX,850590
8513248,41,131,9292,2015,30455.0,928.0,2.306075,0.720781,CHE,LUX,850590
8513249,43,131,9292,2015,3354.0,0.0,1.077143,1.735757,CHN,LUX,850590
8513250,59,131,9292,2015,2002.0,0.0,1.743012,0.45424,CZE,LUX,850590
8513251,61,131,9292,2015,1788322.0,60884.0,2.203818,-2.307561,DEU,LUX,850590
8513252,64,131,9292,2015,7538.0,0.0,1.157924,1.2045629999999998,DNK,LUX,850590
8513253,66,131,9292,2015,0.0,15038.0,-1.54346,-1.255633,DZA,LUX,850590
8513254,71,131,9292,2015,79389.0,2629.0,0.8173590000000001,2.442556,ESP,LUX,850590
8513255,77,131,9292,2015,119236.0,105258.0,1.479792,0.6490239999999999,FRA,LUX,850590
8513256,81,131,9292,2015,646036.0,1155.0,1.7422990000000003,0.75838,GBR,LUX,850590
8513257,102,131,9292,2015,0.0,6035.0,1.462839,0.803258,HUN,LUX,850590
8513258,103,131,9292,2015,0.0,1949.0,-0.145103,1.277362,IDN,LUX,850590
8513259,111,131,9292,2015,17983.0,1805.0,1.321127,0.747046,ITA,LUX,850590
8513260,114,131,9292,2015,0.0,6529.0,2.516133,-0.484202,JPN,LUX,850590
8513261,121,131,9292,2015,0.0,10143.0,1.900653,0.859406,KOR,LUX,850590
8513262,159,131,9292,2015,0.0,1335.0,-1.415451,-1.157829,NGA,LUX,850590
8513263,162,131,9292,2015,17652.0,7918.0,1.230104,1.27344,NLD,LUX,850590
8513264,163,131,9292,2015,5561.0,0.0,0.950708,0.314339,NOR,LUX,850590
8513265,177,131,9292,2015,1000.0,0.0,1.145844,1.1449280000000002,POL,LUX,850590
8513266,185,131,9292,2015,0.0,48964.0,0.946363,1.056775,ROU,LUX,850590
8513267,186,131,9292,2015,6121.0,0.0,0.23119,0.035965,RUS,LUX,850590
8513268,192,131,9292,2015,0.0,1043.0,2.05613,0.593065,SGP,LUX,850590
8513269,231,131,9292,2015,17503.0,18035.0,1.720478,-0.129322,USA,LUX,850590
8513270,249,131,9292,2015,1167.0,0.0,1.962832,1.214982,TWN,LUX,850590
8513271,250,131,9292,2015,29114.0,0.0,0.377283,-0.092204,ANS,LUX,850590
8513272,15,132,9292,2015,1259.0,0.0,1.747098,-0.08026699999999999,AUT,LVA,850590
8513273,18,132,9292,2015,9053.0,0.0,1.329866,1.100641,BEL,LVA,850590
8513274,28,132,9292,2015,0.0,5710.0,0.672499,0.5584020000000001,BLR,LVA,850590
8513275,41,132,9292,2015,2428.0,0.0,2.306075,0.720781,CHE,LVA,850590
8513276,43,132,9292,2015,76123.0,0.0,1.077143,1.735757,CHN,LVA,850590
8513277,59,132,9292,2015,8751.0,0.0,1.743012,0.45424,CZE,LVA,850590
8513278,61,132,9292,2015,146253.0,0.0,2.203818,-2.307561,DEU,LVA,850590
8513279,72,132,9292,2015,4530.0,4646.0,0.9281149999999999,1.1780389999999998,EST,LVA,850590
8513280,74,132,9292,2015,45401.0,0.0,1.597817,0.998059,FIN,LVA,850590
8513281,77,132,9292,2015,2901.0,0.0,1.479792,0.6490239999999999,FRA,LVA,850590
8513282,81,132,9292,2015,492812.0,0.0,1.7422990000000003,0.75838,GBR,LVA,850590
8513283,111,132,9292,2015,6145.0,0.0,1.321127,0.747046,ITA,LVA,850590
8513284,130,132,9292,2015,14385.0,17062.0,0.749429,1.3659860000000001,LTU,LVA,850590
8513285,162,132,9292,2015,3073.0,3579.0,1.230104,1.27344,NLD,LVA,850590
8513286,177,132,9292,2015,40448.0,1020.0,1.145844,1.1449280000000002,POL,LVA,850590
8513287,186,132,9292,2015,1298.0,12361.0,0.23119,0.035965,RUS,LVA,850590
8513288,208,132,9292,2015,57691.0,0.0,1.8068349999999997,0.693389,SWE,LVA,850590
8513289,231,132,9292,2015,13649.0,0.0,1.720478,-0.129322,USA,LVA,850590
8513290,249,132,9292,2015,20347.0,0.0,1.962832,1.214982,TWN,LVA,850590
8513291,163,139,9292,2015,2632.0,0.0,0.950708,0.314339,NOR,MHL,850590
8513292,15,140,9292,2015,1506.0,0.0,1.747098,-0.08026699999999999,AUT,MKD,850590
8513293,18,140,9292,2015,1255.0,0.0,1.329866,1.100641,BEL,MKD,850590
8513294,23,140,9292,2015,0.0,82118.0,0.45640699999999995,1.691455,BGR,MKD,850590
8513295,43,140,9292,2015,590.0,0.0,1.077143,1.735757,CHN,MKD,850590
8513296,61,140,9292,2015,9017.0,0.0,2.203818,-2.307561,DEU,MKD,850590
8513297,71,140,9292,2015,1431.0,0.0,0.8173590000000001,2.442556,ESP,MKD,850590
8513298,81,140,9292,2015,1282.0,0.0,1.7422990000000003,0.75838,GBR,MKD,850590
8513299,90,140,9292,2015,3366.0,0.0,0.099027,1.012289,GRC,MKD,850590
8513300,111,140,9292,2015,75698.0,13318.0,1.321127,0.747046,ITA,MKD,850590
8513301,114,140,9292,2015,722.0,0.0,2.516133,-0.484202,JPN,MKD,850590
8513302,162,140,9292,2015,7963.0,0.0,1.230104,1.27344,NLD,MKD,850590
8513303,177,140,9292,2015,1616.0,0.0,1.145844,1.1449280000000002,POL,MKD,850590
8513304,201,140,9292,2015,4966.0,4025.0,0.457042,1.324908,SRB,MKD,850590
8513305,207,140,9292,2015,10404.0,0.0,1.6089879999999999,0.833616,SVN,MKD,850590
8513306,224,140,9292,2015,3666.0,0.0,0.438669,2.519632,TUR,MKD,850590
8513307,231,140,9292,2015,1349.0,0.0,1.720478,-0.129322,USA,MKD,850590
8513308,15,142,9292,2015,977.0,0.0,1.747098,-0.08026699999999999,AUT,MLT,850590
8513309,18,142,9292,2015,2690.0,0.0,1.329866,1.100641,BEL,MLT,850590
8513310,32,142,9292,2015,1500.0,0.0,0.23656799999999997,0.688607,BRA,MLT,850590
8513311,41,142,9292,2015,23625.0,0.0,2.306075,0.720781,CHE,MLT,850590
8513312,43,142,9292,2015,35559.0,0.0,1.077143,1.735757,CHN,MLT,850590
8513313,61,142,9292,2015,31404.0,1563020.0,2.203818,-2.307561,DEU,MLT,850590
8513314,64,142,9292,2015,1055.0,0.0,1.157924,1.2045629999999998,DNK,MLT,850590
8513315,77,142,9292,2015,26200.0,0.0,1.479792,0.6490239999999999,FRA,MLT,850590
8513316,81,142,9292,2015,141686.0,0.0,1.7422990000000003,0.75838,GBR,MLT,850590
8513317,106,142,9292,2015,0.0,2367.0,1.304942,0.126431,IRL,MLT,850590
8513318,111,142,9292,2015,10982.0,0.0,1.321127,0.747046,ITA,MLT,850590
8513319,114,142,9292,2015,2160.0,0.0,2.516133,-0.484202,JPN,MLT,850590
8513320,162,142,9292,2015,5595.0,1440.0,1.230104,1.27344,NLD,MLT,850590
8513321,192,142,9292,2015,1167.0,0.0,2.05613,0.593065,SGP,MLT,850590
8513322,224,142,9292,2015,9082.0,0.0,0.438669,2.519632,TUR,MLT,850590
8513323,231,142,9292,2015,3288.0,0.0,1.720478,-0.129322,USA,MLT,850590
8513324,249,142,9292,2015,5706.0,0.0,1.962832,1.214982,TWN,MLT,850590
8513325,43,143,9292,2015,1717.0,0.0,1.077143,1.735757,CHN,MMR,850590
8513326,61,143,9292,2015,6687.0,0.0,2.203818,-2.307561,DEU,MMR,850590
8513327,71,143,9292,2015,0.0,10372.0,0.8173590000000001,2.442556,ESP,MMR,850590
8513328,104,143,9292,2015,4717.0,0.0,0.24230900000000002,2.8190880000000003,IND,MMR,850590
8513329,111,143,9292,2015,1994.0,0.0,1.321127,0.747046,ITA,MMR,850590
8513330,114,143,9292,2015,7534.0,0.0,2.516133,-0.484202,JPN,MMR,850590
8513331,121,143,9292,2015,832.0,0.0,1.900653,0.859406,KOR,MMR,850590
8513332,192,143,9292,2015,3752.0,0.0,2.05613,0.593065,SGP,MMR,850590
8513333,216,143,9292,2015,6220.0,0.0,0.965888,1.368572,THA,MMR,850590
8513334,249,143,9292,2015,10113.0,0.0,1.962832,1.214982,TWN,MMR,850590
8513335,7,163,9292,2015,52041.0,12309.0,0.21779600000000002,-0.0047420000000000006,ARE,NOR,850590
8513336,14,163,9292,2015,82500.0,29742.0,-0.292325,-0.043489,AUS,NOR,850590
8513337,15,163,9292,2015,30344.0,3151.0,1.747098,-0.08026699999999999,AUT,NOR,850590
8513338,18,163,9292,2015,95141.0,0.0,1.329866,1.100641,BEL,NOR,850590
8513339,32,163,9292,2015,0.0,3388.0,0.23656799999999997,0.688607,BRA,NOR,850590
8513340,39,163,9292,2015,55216.0,3633.0,0.695867,1.171676,CAN,NOR,850590
8513341,41,163,9292,2015,3841598.0,5314.0,2.306075,0.720781,CHE,NOR,850590
8513342,42,163,9292,2015,0.0,1409.0,-0.356167,-0.47629399999999994,CHL,NOR,850590
8513343,43,163,9292,2015,37461.0,44683.0,1.077143,1.735757,CHN,NOR,850590
8513344,59,163,9292,2015,9269.0,0.0,1.743012,0.45424,CZE,NOR,850590
8513345,61,163,9292,2015,2603606.0,23075.0,2.203818,-2.307561,DEU,NOR,850590
8513346,64,163,9292,2015,454026.0,73133.0,1.157924,1.2045629999999998,DNK,NOR,850590
8513347,66,163,9292,2015,0.0,6867.0,-1.54346,-1.255633,DZA,NOR,850590
8513348,71,163,9292,2015,3584.0,0.0,0.8173590000000001,2.442556,ESP,NOR,850590
8513349,74,163,9292,2015,95729.0,4444.0,1.597817,0.998059,FIN,NOR,850590
8513350,77,163,9292,2015,327921.0,1024.0,1.479792,0.6490239999999999,FRA,NOR,850590
8513351,81,163,9292,2015,543452.0,9715.0,1.7422990000000003,0.75838,GBR,NOR,850590
8513352,97,163,9292,2015,106734.0,0.0,0.8255290000000001,1.8017279999999998,HKG,NOR,850590
8513353,100,163,9292,2015,0.0,1441.0,0.7590140000000001,1.257415,HRV,NOR,850590
8513354,102,163,9292,2015,0.0,6134.0,1.462839,0.803258,HUN,NOR,850590
8513355,104,163,9292,2015,0.0,9368.0,0.24230900000000002,2.8190880000000003,IND,NOR,850590
8513356,106,163,9292,2015,14175.0,14926.0,1.304942,0.126431,IRL,NOR,850590
8513357,109,163,9292,2015,0.0,1538.0,0.24527600000000002,-0.411616,ISL,NOR,850590
8513358,110,163,9292,2015,27286.0,9835.0,1.260071,0.545545,ISR,NOR,850590
8513359,111,163,9292,2015,167141.0,0.0,1.321127,0.747046,ITA,NOR,850590
8513360,114,163,9292,2015,147864.0,2026.0,2.516133,-0.484202,JPN,NOR,850590
8513361,121,163,9292,2015,10974.0,167264.0,1.900653,0.859406,KOR,NOR,850590
8513362,131,163,9292,2015,0.0,5561.0,1.218924,1.247152,LUX,NOR,850590
8513363,138,163,9292,2015,1264.0,6141.0,1.169724,0.61457,MEX,NOR,850590
8513364,139,163,9292,2015,0.0,2632.0,-0.174541,-0.828616,MHL,NOR,850590
8513365,159,163,9292,2015,0.0,15986.0,-1.415451,-1.157829,NGA,NOR,850590
8513366,162,163,9292,2015,104871.0,60280.0,1.230104,1.27344,NLD,NOR,850590
8513367,166,163,9292,2015,0.0,1108.0,0.224598,0.253179,NZL,NOR,850590
8513368,177,163,9292,2015,211797.0,3184.0,1.145844,1.1449280000000002,POL,NOR,850590
8513369,185,163,9292,2015,1002.0,8122.0,0.946363,1.056775,ROU,NOR,850590
8513370,186,163,9292,2015,0.0,2370.0,0.23119,0.035965,RUS,NOR,850590
8513371,192,163,9292,2015,8237.0,6406.0,2.05613,0.593065,SGP,NOR,850590
8513372,206,163,9292,2015,1379.0,0.0,1.287133,0.7900560000000001,SVK,NOR,850590
8513373,208,163,9292,2015,1008456.0,42828.0,1.8068349999999997,0.693389,SWE,NOR,850590
8513374,224,163,9292,2015,0.0,4054.0,0.438669,2.519632,TUR,NOR,850590
8513375,231,163,9292,2015,68068.0,148388.0,1.720478,-0.129322,USA,NOR,850590
8513376,239,163,9292,2015,0.0,620033.0,-0.17108900000000002,1.10995,VNM,NOR,850590
8513377,249,163,9292,2015,61342.0,0.0,1.962832,1.214982,TWN,NOR,850590
8513378,61,164,9292,2015,1553.0,0.0,2.203818,-2.307561,DEU,NPL,850590
8513379,97,164,9292,2015,3302.0,0.0,0.8255290000000001,1.8017279999999998,HKG,NPL,850590
8513380,104,164,9292,2015,40977.0,0.0,0.24230900000000002,2.8190880000000003,IND,NPL,850590
8513381,111,164,9292,2015,1025.0,0.0,1.321127,0.747046,ITA,NPL,850590
8513382,114,164,9292,2015,0.0,2033.0,2.516133,-0.484202,JPN,NPL,850590
8513383,7,167,9292,2015,18777.0,15496.0,0.21779600000000002,-0.0047420000000000006,ARE,OMN,850590
8513384,15,167,9292,2015,894.0,0.0,1.747098,-0.08026699999999999,AUT,OMN,850590
8513385,18,167,9292,2015,3471.0,0.0,1.329866,1.100641,BEL,OMN,850590
8513386,23,167,9292,2015,2167.0,0.0,0.45640699999999995,1.691455,BGR,OMN,850590
8513387,39,167,9292,2015,49173.0,0.0,0.695867,1.171676,CAN,OMN,850590
8513388,41,167,9292,2015,3087.0,0.0,2.306075,0.720781,CHE,OMN,850590
8513389,43,167,9292,2015,6015.0,0.0,1.077143,1.735757,CHN,OMN,850590
8513390,61,167,9292,2015,89155.0,0.0,2.203818,-2.307561,DEU,OMN,850590
8513391,64,167,9292,2015,8705.0,0.0,1.157924,1.2045629999999998,DNK,OMN,850590
8513392,74,167,9292,2015,11516.0,0.0,1.597817,0.998059,FIN,OMN,850590
8513393,77,167,9292,2015,88990.0,0.0,1.479792,0.6490239999999999,FRA,OMN,850590
8513394,81,167,9292,2015,20806.0,0.0,1.7422990000000003,0.75838,GBR,OMN,850590
8513395,102,167,9292,2015,4551.0,0.0,1.462839,0.803258,HUN,OMN,850590
8513396,103,167,9292,2015,27210.0,0.0,-0.145103,1.277362,IDN,OMN,850590
8513397,104,167,9292,2015,24323.0,0.0,0.24230900000000002,2.8190880000000003,IND,OMN,850590
8513398,111,167,9292,2015,79602.0,0.0,1.321127,0.747046,ITA,OMN,850590
8513399,114,167,9292,2015,10748.0,0.0,2.516133,-0.484202,JPN,OMN,850590
8513400,128,167,9292,2015,3448.0,0.0,-0.6773399999999999,0.386343,LKA,OMN,850590
8513401,138,167,9292,2015,14689.0,0.0,1.169724,0.61457,MEX,OMN,850590
8513402,162,167,9292,2015,74249.0,0.0,1.230104,1.27344,NLD,OMN,850590
8513403,216,167,9292,2015,3302.0,0.0,0.965888,1.368572,THA,OMN,850590
8513404,224,167,9292,2015,2678.0,0.0,0.438669,2.519632,TUR,OMN,850590
8513405,231,167,9292,2015,193663.0,0.0,1.720478,-0.129322,USA,OMN,850590
8513406,249,167,9292,2015,2511.0,0.0,1.962832,1.214982,TWN,OMN,850590
8513407,7,183,9292,2015,24904.0,13165.0,0.21779600000000002,-0.0047420000000000006,ARE,QAT,850590
8513408,14,183,9292,2015,14397.0,0.0,-0.292325,-0.043489,AUS,QAT,850590
8513409,15,183,9292,2015,1702.0,0.0,1.747098,-0.08026699999999999,AUT,QAT,850590
8513410,18,183,9292,2015,1231.0,0.0,1.329866,1.100641,BEL,QAT,850590
8513411,22,183,9292,2015,964.0,0.0,-1.088465,-0.8745360000000001,BGD,QAT,850590
8513412,23,183,9292,2015,3071.0,0.0,0.45640699999999995,1.691455,BGR,QAT,850590
8513413,32,183,9292,2015,2753.0,0.0,0.23656799999999997,0.688607,BRA,QAT,850590
8513414,39,183,9292,2015,36705.0,0.0,0.695867,1.171676,CAN,QAT,850590
8513415,41,183,9292,2015,6155.0,0.0,2.306075,0.720781,CHE,QAT,850590
8513416,43,183,9292,2015,56210.0,0.0,1.077143,1.735757,CHN,QAT,850590
8513417,59,183,9292,2015,8880.0,0.0,1.743012,0.45424,CZE,QAT,850590
8513418,61,183,9292,2015,141456.0,0.0,2.203818,-2.307561,DEU,QAT,850590
8513419,64,183,9292,2015,3958.0,0.0,1.157924,1.2045629999999998,DNK,QAT,850590
8513420,71,183,9292,2015,2302.0,0.0,0.8173590000000001,2.442556,ESP,QAT,850590
8513421,77,183,9292,2015,564310.0,0.0,1.479792,0.6490239999999999,FRA,QAT,850590
8513422,81,183,9292,2015,49360.0,0.0,1.7422990000000003,0.75838,GBR,QAT,850590
8513423,102,183,9292,2015,785.0,0.0,1.462839,0.803258,HUN,QAT,850590
8513424,103,183,9292,2015,9953.0,0.0,-0.145103,1.277362,IDN,QAT,850590
8513425,104,183,9292,2015,43296.0,0.0,0.24230900000000002,2.8190880000000003,IND,QAT,850590
8513426,111,183,9292,2015,39992.0,8326.0,1.321127,0.747046,ITA,QAT,850590
8513427,114,183,9292,2015,17862.0,0.0,2.516133,-0.484202,JPN,QAT,850590
8513428,121,183,9292,2015,4166.0,0.0,1.900653,0.859406,KOR,QAT,850590
8513429,138,183,9292,2015,18724.0,0.0,1.169724,0.61457,MEX,QAT,850590
8513430,153,183,9292,2015,5707.0,0.0,1.082803,0.811615,MYS,QAT,850590
8513431,162,183,9292,2015,42055.0,0.0,1.230104,1.27344,NLD,QAT,850590
8513432,168,183,9292,2015,1342.0,0.0,-0.7059979999999999,0.73501,PAK,QAT,850590
8513433,177,183,9292,2015,5035.0,0.0,1.145844,1.1449280000000002,POL,QAT,850590
8513434,192,183,9292,2015,8429.0,0.0,2.05613,0.593065,SGP,QAT,850590
8513435,208,183,9292,2015,1979.0,0.0,1.8068349999999997,0.693389,SWE,QAT,850590
8513436,216,183,9292,2015,4309.0,0.0,0.965888,1.368572,THA,QAT,850590
8513437,224,183,9292,2015,13022.0,0.0,0.438669,2.519632,TUR,QAT,850590
8513438,231,183,9292,2015,97493.0,0.0,1.720478,-0.129322,USA,QAT,850590
8513439,239,183,9292,2015,4137.0,0.0,-0.17108900000000002,1.10995,VNM,QAT,850590
8513440,246,183,9292,2015,963.0,0.0,0.24944699999999997,1.7573159999999999,ZAF,QAT,850590
8513441,249,183,9292,2015,4097.0,0.0,1.962832,1.214982,TWN,QAT,850590
8513442,14,185,9292,2015,0.0,1911.0,-0.292325,-0.043489,AUS,ROU,850590
8513443,15,185,9292,2015,263152.0,964959.0,1.747098,-0.08026699999999999,AUT,ROU,850590
8513444,18,185,9292,2015,20220.0,13254.0,1.329866,1.100641,BEL,ROU,850590
8513445,23,185,9292,2015,2269.0,7841.0,0.45640699999999995,1.691455,BGR,ROU,850590
8513446,39,185,9292,2015,9132.0,0.0,0.695867,1.171676,CAN,ROU,850590
8513447,41,185,9292,2015,9629.0,414615.0,2.306075,0.720781,CHE,ROU,850590
8513448,43,185,9292,2015,101177.0,352710.0,1.077143,1.735757,CHN,ROU,850590
8513449,59,185,9292,2015,408557.0,65414.0,1.743012,0.45424,CZE,ROU,850590
8513450,61,185,9292,2015,14071779.0,34185524.0,2.203818,-2.307561,DEU,ROU,850590
8513451,64,185,9292,2015,19762.0,0.0,1.157924,1.2045629999999998,DNK,ROU,850590
8513452,71,185,9292,2015,47231.0,1654.0,0.8173590000000001,2.442556,ESP,ROU,850590
8513453,74,185,9292,2015,16290.0,3182.0,1.597817,0.998059,FIN,ROU,850590
8513454,77,185,9292,2015,4651583.0,31116.0,1.479792,0.6490239999999999,FRA,ROU,850590
8513455,81,185,9292,2015,463479.0,0.0,1.7422990000000003,0.75838,GBR,ROU,850590
8513456,90,185,9292,2015,3702.0,2176.0,0.099027,1.012289,GRC,ROU,850590
8513457,100,185,9292,2015,0.0,2583.0,0.7590140000000001,1.257415,HRV,ROU,850590
8513458,102,185,9292,2015,80988.0,4812.0,1.462839,0.803258,HUN,ROU,850590
8513459,111,185,9292,2015,3324611.0,52864.0,1.321127,0.747046,ITA,ROU,850590
8513460,114,185,9292,2015,50159.0,0.0,2.516133,-0.484202,JPN,ROU,850590
8513461,121,185,9292,2015,108616.0,0.0,1.900653,0.859406,KOR,ROU,850590
8513462,122,185,9292,2015,0.0,14643.0,-0.352023,-1.153057,KWT,ROU,850590
8513463,131,185,9292,2015,48964.0,0.0,1.218924,1.247152,LUX,ROU,850590
8513464,135,185,9292,2015,0.0,3489.0,-0.313837,-0.20393,MDA,ROU,850590
8513465,138,185,9292,2015,43179.0,3709394.0,1.169724,0.61457,MEX,ROU,850590
8513466,162,185,9292,2015,27344.0,13604.0,1.230104,1.27344,NLD,ROU,850590
8513467,163,185,9292,2015,8122.0,1002.0,0.950708,0.314339,NOR,ROU,850590
8513468,173,185,9292,2015,0.0,690.0,-0.6007819999999999,0.32152800000000004,PER,ROU,850590
8513469,177,185,9292,2015,22390.0,13713.0,1.145844,1.1449280000000002,POL,ROU,850590
8513470,179,185,9292,2015,33776.0,14312.0,0.561922,2.2276380000000002,PRT,ROU,850590
8513471,186,185,9292,2015,8379.0,0.0,0.23119,0.035965,RUS,ROU,850590
8513472,192,185,9292,2015,1693.0,0.0,2.05613,0.593065,SGP,ROU,850590
8513473,201,185,9292,2015,0.0,43271.0,0.457042,1.324908,SRB,ROU,850590
8513474,206,185,9292,2015,35225.0,7048.0,1.287133,0.7900560000000001,SVK,ROU,850590
8513475,207,185,9292,2015,30852.0,0.0,1.6089879999999999,0.833616,SVN,ROU,850590
8513476,208,185,9292,2015,943.0,2209.0,1.8068349999999997,0.693389,SWE,ROU,850590
8513477,224,185,9292,2015,14276.0,9272.0,0.438669,2.519632,TUR,ROU,850590
8513478,231,185,9292,2015,45314.0,1608520.0,1.720478,-0.129322,USA,ROU,850590
8513479,246,185,9292,2015,0.0,2105.0,0.24944699999999997,1.7573159999999999,ZAF,ROU,850590
8513480,249,185,9292,2015,11122.0,0.0,1.962832,1.214982,TWN,ROU,850590
8513481,7,186,9292,2015,0.0,23779.0,0.21779600000000002,-0.0047420000000000006,ARE,RUS,850590
8513482,8,186,9292,2015,1865.0,0.0,0.116896,0.30330999999999997,ARG,RUS,850590
8513483,9,186,9292,2015,0.0,21375.0,0.037579,-0.42448800000000003,ARM,RUS,850590
8513484,14,186,9292,2015,20047.0,2321.0,-0.292325,-0.043489,AUS,RUS,850590
8513485,15,186,9292,2015,36461.0,834.0,1.747098,-0.08026699999999999,AUT,RUS,850590
8513486,16,186,9292,2015,0.0,21293.0,-0.983347,-1.231542,AZE,RUS,850590
8513487,18,186,9292,2015,83347.0,10617.0,1.329866,1.100641,BEL,RUS,850590
8513488,23,186,9292,2015,26314.0,7703.0,0.45640699999999995,1.691455,BGR,RUS,850590
8513489,28,186,9292,2015,162994.0,452044.0,0.672499,0.5584020000000001,BLR,RUS,850590
8513490,32,186,9292,2015,2929.0,0.0,0.23656799999999997,0.688607,BRA,RUS,850590
8513491,39,186,9292,2015,2472.0,0.0,0.695867,1.171676,CAN,RUS,850590
8513492,41,186,9292,2015,64862.0,57273.0,2.306075,0.720781,CHE,RUS,850590
8513493,42,186,9292,2015,0.0,25659.0,-0.356167,-0.47629399999999994,CHL,RUS,850590
8513494,43,186,9292,2015,803295.0,4020.0,1.077143,1.735757,CHN,RUS,850590
8513495,54,186,9292,2015,0.0,4250.0,-0.694839,-1.093439,CUB,RUS,850590
8513496,59,186,9292,2015,103856.0,36156.0,1.743012,0.45424,CZE,RUS,850590
8513497,61,186,9292,2015,2514119.0,2011002.0,2.203818,-2.307561,DEU,RUS,850590
8513498,64,186,9292,2015,652754.0,0.0,1.157924,1.2045629999999998,DNK,RUS,850590
8513499,67,186,9292,2015,25162.0,0.0,-0.9845959999999999,-1.075639,ECU,RUS,850590
8513500,71,186,9292,2015,65025.0,0.0,0.8173590000000001,2.442556,ESP,RUS,850590
8513501,72,186,9292,2015,11861.0,27395.0,0.9281149999999999,1.1780389999999998,EST,RUS,850590
8513502,74,186,9292,2015,105871.0,0.0,1.597817,0.998059,FIN,RUS,850590
8513503,77,186,9292,2015,948823.0,7195.0,1.479792,0.6490239999999999,FRA,RUS,850590
8513504,81,186,9292,2015,296845.0,40543.0,1.7422990000000003,0.75838,GBR,RUS,850590
8513505,82,186,9292,2015,0.0,4719.0,-0.343663,-0.588017,GEO,RUS,850590
8513506,97,186,9292,2015,1218.0,5214.0,0.8255290000000001,1.8017279999999998,HKG,RUS,850590
8513507,100,186,9292,2015,3095.0,1690.0,0.7590140000000001,1.257415,HRV,RUS,850590
8513508,102,186,9292,2015,11446.0,29827.0,1.462839,0.803258,HUN,RUS,850590
8513509,104,186,9292,2015,20262.0,244125.0,0.24230900000000002,2.8190880000000003,IND,RUS,850590
8513510,107,186,9292,2015,0.0,14405.0,-0.258946,-0.0073420000000000004,IRN,RUS,850590
8513511,110,186,9292,2015,2005.0,0.0,1.260071,0.545545,ISR,RUS,850590
8513512,111,186,9292,2015,329239.0,0.0,1.321127,0.747046,ITA,RUS,850590
8513513,114,186,9292,2015,96652.0,0.0,2.516133,-0.484202,JPN,RUS,850590
8513514,115,186,9292,2015,8858.0,456718.0,-0.45091499999999995,-0.652026,KAZ,RUS,850590
8513515,117,186,9292,2015,0.0,4881.0,0.02058,0.438692,KGZ,RUS,850590
8513516,121,186,9292,2015,91213.0,973.0,1.900653,0.859406,KOR,RUS,850590
8513517,130,186,9292,2015,713362.0,19135.0,0.749429,1.3659860000000001,LTU,RUS,850590
8513518,131,186,9292,2015,0.0,6121.0,1.218924,1.247152,LUX,RUS,850590
8513519,132,186,9292,2015,12361.0,1298.0,0.602209,1.125357,LVA,RUS,850590
8513520,135,186,9292,2015,0.0,705.0,-0.313837,-0.20393,MDA,RUS,850590
8513521,138,186,9292,2015,52505.0,30675.0,1.169724,0.61457,MEX,RUS,850590
8513522,145,186,9292,2015,0.0,40589.0,-1.244368,-1.196677,MNG,RUS,850590
8513523,159,186,9292,2015,0.0,7628.0,-1.415451,-1.157829,NGA,RUS,850590
8513524,162,186,9292,2015,774258.0,16769.0,1.230104,1.27344,NLD,RUS,850590
8513525,163,186,9292,2015,2370.0,0.0,0.950708,0.314339,NOR,RUS,850590
8513526,166,186,9292,2015,1287.0,0.0,0.224598,0.253179,NZL,RUS,850590
8513527,173,186,9292,2015,0.0,20773.0,-0.6007819999999999,0.32152800000000004,PER,RUS,850590
8513528,177,186,9292,2015,146035.0,75368.0,1.145844,1.1449280000000002,POL,RUS,850590
8513529,185,186,9292,2015,0.0,8379.0,0.946363,1.056775,ROU,RUS,850590
8513530,192,186,9292,2015,8505.0,22872.0,2.05613,0.593065,SGP,RUS,850590
8513531,206,186,9292,2015,3183.0,0.0,1.287133,0.7900560000000001,SVK,RUS,850590
8513532,207,186,9292,2015,14164.0,0.0,1.6089879999999999,0.833616,SVN,RUS,850590
8513533,208,186,9292,2015,56401.0,1599.0,1.8068349999999997,0.693389,SWE,RUS,850590
8513534,212,186,9292,2015,0.0,5602.0,-0.603532,0.313216,SYR,RUS,850590
8513535,216,186,9292,2015,1756.0,0.0,0.965888,1.368572,THA,RUS,850590
8513536,224,186,9292,2015,37246.0,0.0,0.438669,2.519632,TUR,RUS,850590
8513537,228,186,9292,2015,426163.0,245692.0,0.429879,0.701813,UKR,RUS,850590
8513538,231,186,9292,2015,652465.0,1385065.0,1.720478,-0.129322,USA,RUS,850590
8513539,232,186,9292,2015,0.0,13284.0,-0.724966,-0.599292,UZB,RUS,850590
8513540,239,186,9292,2015,0.0,913016.0,-0.17108900000000002,1.10995,VNM,RUS,850590
8513541,246,186,9292,2015,792.0,0.0,0.24944699999999997,1.7573159999999999,ZAF,RUS,850590
8513542,249,186,9292,2015,101188.0,0.0,1.962832,1.214982,TWN,RUS,850590
8513543,250,186,9292,2015,50397.0,0.0,0.377283,-0.092204,ANS,RUS,850590
8513544,14,191,9292,2015,31754.0,0.0,-0.292325,-0.043489,AUS,SEN,850590
8513545,18,191,9292,2015,3434.0,0.0,1.329866,1.100641,BEL,SEN,850590
8513546,41,191,9292,2015,2437.0,0.0,2.306075,0.720781,CHE,SEN,850590
8513547,43,191,9292,2015,3610.0,0.0,1.077143,1.735757,CHN,SEN,850590
8513548,61,191,9292,2015,1367.0,0.0,2.203818,-2.307561,DEU,SEN,850590
8513549,77,191,9292,2015,9640.0,0.0,1.479792,0.6490239999999999,FRA,SEN,850590
8513550,104,191,9292,2015,9384.0,0.0,0.24230900000000002,2.8190880000000003,IND,SEN,850590
8513551,106,191,9292,2015,1194.0,0.0,1.304942,0.126431,IRL,SEN,850590
8513552,111,191,9292,2015,5740.0,0.0,1.321127,0.747046,ITA,SEN,850590
8513553,114,191,9292,2015,7551.0,0.0,2.516133,-0.484202,JPN,SEN,850590
8513554,249,191,9292,2015,1044.0,0.0,1.962832,1.214982,TWN,SEN,850590
8513555,15,201,9292,2015,55208.0,12425.0,1.747098,-0.08026699999999999,AUT,SRB,850590
8513556,18,201,9292,2015,1808.0,0.0,1.329866,1.100641,BEL,SRB,850590
8513557,23,201,9292,2015,2416.0,0.0,0.45640699999999995,1.691455,BGR,SRB,850590
8513558,26,201,9292,2015,0.0,6329.0,0.355903,0.723092,BIH,SRB,850590
8513559,28,201,9292,2015,1225.0,0.0,0.672499,0.5584020000000001,BLR,SRB,850590
8513560,41,201,9292,2015,57773.0,0.0,2.306075,0.720781,CHE,SRB,850590
8513561,43,201,9292,2015,9325.0,0.0,1.077143,1.735757,CHN,SRB,850590
8513562,58,201,9292,2015,0.0,3773.0,0.511225,-0.207261,CYP,SRB,850590
8513563,59,201,9292,2015,204056.0,0.0,1.743012,0.45424,CZE,SRB,850590
8513564,61,201,9292,2015,834377.0,258980.0,2.203818,-2.307561,DEU,SRB,850590
8513565,64,201,9292,2015,13216.0,0.0,1.157924,1.2045629999999998,DNK,SRB,850590
8513566,71,201,9292,2015,10349.0,0.0,0.8173590000000001,2.442556,ESP,SRB,850590
8513567,77,201,9292,2015,1797.0,0.0,1.479792,0.6490239999999999,FRA,SRB,850590
8513568,81,201,9292,2015,5674.0,0.0,1.7422990000000003,0.75838,GBR,SRB,850590
8513569,100,201,9292,2015,9633.0,3102.0,0.7590140000000001,1.257415,HRV,SRB,850590
8513570,102,201,9292,2015,6072.0,0.0,1.462839,0.803258,HUN,SRB,850590
8513571,111,201,9292,2015,70023.0,0.0,1.321127,0.747046,ITA,SRB,850590
8513572,114,201,9292,2015,1996.0,0.0,2.516133,-0.484202,JPN,SRB,850590
8513573,117,201,9292,2015,0.0,26169.0,0.02058,0.438692,KGZ,SRB,850590
8513574,138,201,9292,2015,0.0,1059.0,1.169724,0.61457,MEX,SRB,850590
8513575,140,201,9292,2015,4025.0,4966.0,-0.09009600000000001,-0.147359,MKD,SRB,850590
8513576,144,201,9292,2015,0.0,4787.0,-0.048385000000000004,-0.150759,MNE,SRB,850590
8513577,162,201,9292,2015,483443.0,0.0,1.230104,1.27344,NLD,SRB,850590
8513578,177,201,9292,2015,36386.0,0.0,1.145844,1.1449280000000002,POL,SRB,850590
8513579,185,201,9292,2015,43271.0,0.0,0.946363,1.056775,ROU,SRB,850590
8513580,192,201,9292,2015,9399.0,0.0,2.05613,0.593065,SGP,SRB,850590
8513581,206,201,9292,2015,0.0,1956.0,1.287133,0.7900560000000001,SVK,SRB,850590
8513582,207,201,9292,2015,96939.0,0.0,1.6089879999999999,0.833616,SVN,SRB,850590
8513583,224,201,9292,2015,3084.0,0.0,0.438669,2.519632,TUR,SRB,850590
8513584,231,201,9292,2015,6756.0,0.0,1.720478,-0.129322,USA,SRB,850590
8513585,249,201,9292,2015,7869.0,0.0,1.962832,1.214982,TWN,SRB,850590
8513586,7,206,9292,2015,0.0,6663.0,0.21779600000000002,-0.0047420000000000006,ARE,SVK,850590
8513587,15,206,9292,2015,2875900.0,2154.0,1.747098,-0.08026699999999999,AUT,SVK,850590
8513588,18,206,9292,2015,29131.0,1063.0,1.329866,1.100641,BEL,SVK,850590
8513589,23,206,9292,2015,1565.0,0.0,0.45640699999999995,1.691455,BGR,SVK,850590
8513590,28,206,9292,2015,3291.0,3401.0,0.672499,0.5584020000000001,BLR,SVK,850590
8513591,32,206,9292,2015,0.0,39566.0,0.23656799999999997,0.688607,BRA,SVK,850590
8513592,39,206,9292,2015,0.0,3198.0,0.695867,1.171676,CAN,SVK,850590
8513593,41,206,9292,2015,26834.0,7818.0,2.306075,0.720781,CHE,SVK,850590
8513594,42,206,9292,2015,0.0,7817.0,-0.356167,-0.47629399999999994,CHL,SVK,850590
8513595,43,206,9292,2015,185157.0,650824.0,1.077143,1.735757,CHN,SVK,850590
8513596,59,206,9292,2015,4792273.0,272923.0,1.743012,0.45424,CZE,SVK,850590
8513597,61,206,9292,2015,4342656.0,8431646.0,2.203818,-2.307561,DEU,SVK,850590
8513598,64,206,9292,2015,23929.0,0.0,1.157924,1.2045629999999998,DNK,SVK,850590
8513599,71,206,9292,2015,49591.0,3688.0,0.8173590000000001,2.442556,ESP,SVK,850590
8513600,74,206,9292,2015,0.0,7441.0,1.597817,0.998059,FIN,SVK,850590
8513601,77,206,9292,2015,346057.0,11659.0,1.479792,0.6490239999999999,FRA,SVK,850590
8513602,81,206,9292,2015,96335.0,0.0,1.7422990000000003,0.75838,GBR,SVK,850590
8513603,102,206,9292,2015,11482.0,409916.0,1.462839,0.803258,HUN,SVK,850590
8513604,103,206,9292,2015,0.0,682.0,-0.145103,1.277362,IDN,SVK,850590
8513605,104,206,9292,2015,740.0,19302.0,0.24230900000000002,2.8190880000000003,IND,SVK,850590
8513606,106,206,9292,2015,553.0,0.0,1.304942,0.126431,IRL,SVK,850590
8513607,111,206,9292,2015,654663.0,75703.0,1.321127,0.747046,ITA,SVK,850590
8513608,114,206,9292,2015,2067.0,39659.0,2.516133,-0.484202,JPN,SVK,850590
8513609,115,206,9292,2015,0.0,4059.0,-0.45091499999999995,-0.652026,KAZ,SVK,850590
8513610,121,206,9292,2015,15676.0,21571.0,1.900653,0.859406,KOR,SVK,850590
8513611,138,206,9292,2015,1624.0,1738.0,1.169724,0.61457,MEX,SVK,850590
8513612,153,206,9292,2015,1650.0,1518.0,1.082803,0.811615,MYS,SVK,850590
8513613,162,206,9292,2015,41963.0,50525.0,1.230104,1.27344,NLD,SVK,850590
8513614,163,206,9292,2015,0.0,1379.0,0.950708,0.314339,NOR,SVK,850590
8513615,177,206,9292,2015,14019.0,67059.0,1.145844,1.1449280000000002,POL,SVK,850590
8513616,185,206,9292,2015,7048.0,35225.0,0.946363,1.056775,ROU,SVK,850590
8513617,186,206,9292,2015,0.0,3183.0,0.23119,0.035965,RUS,SVK,850590
8513618,201,206,9292,2015,1956.0,0.0,0.457042,1.324908,SRB,SVK,850590
8513619,208,206,9292,2015,1173.0,9047.0,1.8068349999999997,0.693389,SWE,SVK,850590
8513620,224,206,9292,2015,0.0,35092.0,0.438669,2.519632,TUR,SVK,850590
8513621,228,206,9292,2015,0.0,2885.0,0.429879,0.701813,UKR,SVK,850590
8513622,231,206,9292,2015,5657.0,1555398.0,1.720478,-0.129322,USA,SVK,850590
8513623,239,206,9292,2015,13390.0,3396.0,-0.17108900000000002,1.10995,VNM,SVK,850590
8513624,246,206,9292,2015,0.0,4742.0,0.24944699999999997,1.7573159999999999,ZAF,SVK,850590
8513625,249,206,9292,2015,412040.0,0.0,1.962832,1.214982,TWN,SVK,850590
8513626,250,206,9292,2015,284835.0,0.0,0.377283,-0.092204,ANS,SVK,850590
8513627,7,207,9292,2015,0.0,12110.0,0.21779600000000002,-0.0047420000000000006,ARE,SVN,850590
8513628,14,207,9292,2015,0.0,1265.0,-0.292325,-0.043489,AUS,SVN,850590
8513629,15,207,9292,2015,196718.0,251715.0,1.747098,-0.08026699999999999,AUT,SVN,850590
8513630,18,207,9292,2015,8492.0,6278.0,1.329866,1.100641,BEL,SVN,850590
8513631,23,207,9292,2015,0.0,1241.0,0.45640699999999995,1.691455,BGR,SVN,850590
8513632,26,207,9292,2015,287931.0,147166.0,0.355903,0.723092,BIH,SVN,850590
8513633,28,207,9292,2015,0.0,22848.0,0.672499,0.5584020000000001,BLR,SVN,850590
8513634,39,207,9292,2015,724.0,2385.0,0.695867,1.171676,CAN,SVN,850590
8513635,41,207,9292,2015,7086.0,4424.0,2.306075,0.720781,CHE,SVN,850590
8513636,43,207,9292,2015,746872.0,7051.0,1.077143,1.735757,CHN,SVN,850590
8513637,49,207,9292,2015,0.0,3103.0,0.156383,-0.183055,COL,SVN,850590
8513638,59,207,9292,2015,35430.0,91781.0,1.743012,0.45424,CZE,SVN,850590
8513639,61,207,9292,2015,323117.0,966536.0,2.203818,-2.307561,DEU,SVN,850590
8513640,64,207,9292,2015,12264.0,6804.0,1.157924,1.2045629999999998,DNK,SVN,850590
8513641,68,207,9292,2015,12185.0,0.0,-0.183053,1.765036,EGY,SVN,850590
8513642,71,207,9292,2015,9591.0,6619.0,0.8173590000000001,2.442556,ESP,SVN,850590
8513643,74,207,9292,2015,0.0,875.0,1.597817,0.998059,FIN,SVN,850590
8513644,77,207,9292,2015,14465.0,6539.0,1.479792,0.6490239999999999,FRA,SVN,850590
8513645,81,207,9292,2015,70521.0,30670.0,1.7422990000000003,0.75838,GBR,SVN,850590
8513646,85,207,9292,2015,0.0,160.0,-1.288329,-1.167532,GIN,SVN,850590
8513647,97,207,9292,2015,27718.0,0.0,0.8255290000000001,1.8017279999999998,HKG,SVN,850590
8513648,100,207,9292,2015,16229.0,39296.0,0.7590140000000001,1.257415,HRV,SVN,850590
8513649,102,207,9292,2015,4829.0,5974.0,1.462839,0.803258,HUN,SVN,850590
8513650,103,207,9292,2015,0.0,10168.0,-0.145103,1.277362,IDN,SVN,850590
8513651,104,207,9292,2015,0.0,6084.0,0.24230900000000002,2.8190880000000003,IND,SVN,850590
8513652,110,207,9292,2015,19840.0,0.0,1.260071,0.545545,ISR,SVN,850590
8513653,111,207,9292,2015,483211.0,43623.0,1.321127,0.747046,ITA,SVN,850590
8513654,114,207,9292,2015,2719.0,35825.0,2.516133,-0.484202,JPN,SVN,850590
8513655,121,207,9292,2015,0.0,44788.0,1.900653,0.859406,KOR,SVN,850590
8513656,122,207,9292,2015,0.0,2080.0,-0.352023,-1.153057,KWT,SVN,850590
8513657,126,207,9292,2015,0.0,1086.0,-1.3257219999999998,-1.260453,LBY,SVN,850590
8513658,138,207,9292,2015,976.0,4145.0,1.169724,0.61457,MEX,SVN,850590
8513659,140,207,9292,2015,0.0,10404.0,-0.09009600000000001,-0.147359,MKD,SVN,850590
8513660,144,207,9292,2015,0.0,1265.0,-0.048385000000000004,-0.150759,MNE,SVN,850590
8513661,162,207,9292,2015,28063.0,6420.0,1.230104,1.27344,NLD,SVN,850590
8513662,177,207,9292,2015,2497.0,15097.0,1.145844,1.1449280000000002,POL,SVN,850590
8513663,185,207,9292,2015,0.0,30852.0,0.946363,1.056775,ROU,SVN,850590
8513664,186,207,9292,2015,0.0,14164.0,0.23119,0.035965,RUS,SVN,850590
8513665,201,207,9292,2015,0.0,96939.0,0.457042,1.324908,SRB,SVN,850590
8513666,208,207,9292,2015,860.0,13050.0,1.8068349999999997,0.693389,SWE,SVN,850590
8513667,224,207,9292,2015,0.0,4719.0,0.438669,2.519632,TUR,SVN,850590
8513668,228,207,9292,2015,0.0,1227.0,0.429879,0.701813,UKR,SVN,850590
8513669,231,207,9292,2015,3064.0,115966.0,1.720478,-0.129322,USA,SVN,850590
8513670,249,207,9292,2015,256871.0,0.0,1.962832,1.214982,TWN,SVN,850590
8513671,28,217,9292,2015,14818.0,0.0,0.672499,0.5584020000000001,BLR,TJK,850590
8513672,7,219,9292,2015,6953.0,0.0,0.21779600000000002,-0.0047420000000000006,ARE,TKM,850590
8513673,61,219,9292,2015,37808.0,0.0,2.203818,-2.307561,DEU,TKM,850590
8513674,224,219,9292,2015,11494.0,0.0,0.438669,2.519632,TUR,TKM,850590
8513675,231,219,9292,2015,45945.0,0.0,1.720478,-0.129322,USA,TKM,850590
8513676,7,226,9292,2015,2218.0,0.0,0.21779600000000002,-0.0047420000000000006,ARE,TZA,850590
8513677,14,226,9292,2015,1383.0,0.0,-0.292325,-0.043489,AUS,TZA,850590
8513678,18,226,9292,2015,14313.0,0.0,1.329866,1.100641,BEL,TZA,850590
8513679,39,226,9292,2015,857.0,0.0,0.695867,1.171676,CAN,TZA,850590
8513680,41,226,9292,2015,325.0,0.0,2.306075,0.720781,CHE,TZA,850590
8513681,43,226,9292,2015,1717991.0,0.0,1.077143,1.735757,CHN,TZA,850590
8513682,61,226,9292,2015,58022.0,0.0,2.203818,-2.307561,DEU,TZA,850590
8513683,77,226,9292,2015,1868.0,0.0,1.479792,0.6490239999999999,FRA,TZA,850590
8513684,81,226,9292,2015,4300.0,0.0,1.7422990000000003,0.75838,GBR,TZA,850590
8513685,97,226,9292,2015,1389.0,0.0,0.8255290000000001,1.8017279999999998,HKG,TZA,850590
8513686,104,226,9292,2015,7066.0,0.0,0.24230900000000002,2.8190880000000003,IND,TZA,850590
8513687,111,226,9292,2015,6769.0,0.0,1.321127,0.747046,ITA,TZA,850590
8513688,138,226,9292,2015,907.0,0.0,1.169724,0.61457,MEX,TZA,850590
8513689,162,226,9292,2015,14666.0,0.0,1.230104,1.27344,NLD,TZA,850590
8513690,231,226,9292,2015,7099.0,0.0,1.720478,-0.129322,USA,TZA,850590
8513691,246,226,9292,2015,150069.0,0.0,0.24944699999999997,1.7573159999999999,ZAF,TZA,850590
8513692,247,226,9292,2015,0.0,728.0,-0.44792,-0.769586,ZMB,TZA,850590
8513693,249,226,9292,2015,1244.0,0.0,1.962832,1.214982,TWN,TZA,850590
8513694,43,232,9292,2015,140308.0,0.0,1.077143,1.735757,CHN,UZB,850590
8513695,61,232,9292,2015,30261.0,0.0,2.203818,-2.307561,DEU,UZB,850590
8513696,114,232,9292,2015,8545.0,0.0,2.516133,-0.484202,JPN,UZB,850590
8513697,117,232,9292,2015,2703.0,0.0,0.02058,0.438692,KGZ,UZB,850590
8513698,121,232,9292,2015,177927.0,0.0,1.900653,0.859406,KOR,UZB,850590
8513699,186,232,9292,2015,13284.0,0.0,0.23119,0.035965,RUS,UZB,850590
8513700,224,232,9292,2015,2871.0,0.0,0.438669,2.519632,TUR,UZB,850590
8513701,14,239,9292,2015,0.0,438368.0,-0.292325,-0.043489,AUS,VNM,850590
8513702,15,239,9292,2015,761.0,0.0,1.747098,-0.08026699999999999,AUT,VNM,850590
8513703,18,239,9292,2015,19724.0,0.0,1.329866,1.100641,BEL,VNM,850590
8513704,28,239,9292,2015,3335.0,0.0,0.672499,0.5584020000000001,BLR,VNM,850590
8513705,32,239,9292,2015,6871.0,0.0,0.23656799999999997,0.688607,BRA,VNM,850590
8513706,39,239,9292,2015,4339.0,1783.0,0.695867,1.171676,CAN,VNM,850590
8513707,41,239,9292,2015,66346.0,0.0,2.306075,0.720781,CHE,VNM,850590
8513708,43,239,9292,2015,3253011.0,10055030.0,1.077143,1.735757,CHN,VNM,850590
8513709,49,239,9292,2015,0.0,9745.0,0.156383,-0.183055,COL,VNM,850590
8513710,59,239,9292,2015,0.0,259285.0,1.743012,0.45424,CZE,VNM,850590
8513711,61,239,9292,2015,229618.0,459340.0,2.203818,-2.307561,DEU,VNM,850590
8513712,64,239,9292,2015,4072.0,0.0,1.157924,1.2045629999999998,DNK,VNM,850590
8513713,71,239,9292,2015,3474.0,235983.0,0.8173590000000001,2.442556,ESP,VNM,850590
8513714,74,239,9292,2015,11424.0,0.0,1.597817,0.998059,FIN,VNM,850590
8513715,77,239,9292,2015,20665.0,0.0,1.479792,0.6490239999999999,FRA,VNM,850590
8513716,81,239,9292,2015,1447.0,5419.0,1.7422990000000003,0.75838,GBR,VNM,850590
8513717,97,239,9292,2015,273966.0,1892492.0,0.8255290000000001,1.8017279999999998,HKG,VNM,850590
8513718,102,239,9292,2015,3344.0,0.0,1.462839,0.803258,HUN,VNM,850590
8513719,103,239,9292,2015,455184.0,37248.0,-0.145103,1.277362,IDN,VNM,850590
8513720,104,239,9292,2015,38782.0,3738.0,0.24230900000000002,2.8190880000000003,IND,VNM,850590
8513721,110,239,9292,2015,2014.0,4852.0,1.260071,0.545545,ISR,VNM,850590
8513722,111,239,9292,2015,3145236.0,14821.0,1.321127,0.747046,ITA,VNM,850590
8513723,114,239,9292,2015,7096286.0,4203290.0,2.516133,-0.484202,JPN,VNM,850590
8513724,115,239,9292,2015,1073.0,0.0,-0.45091499999999995,-0.652026,KAZ,VNM,850590
8513725,121,239,9292,2015,584350.0,32890.0,1.900653,0.859406,KOR,VNM,850590
8513726,122,239,9292,2015,0.0,45899.0,-0.352023,-1.153057,KWT,VNM,850590
8513727,138,239,9292,2015,869.0,4838.0,1.169724,0.61457,MEX,VNM,850590
8513728,153,239,9292,2015,96816.0,81408.0,1.082803,0.811615,MYS,VNM,850590
8513729,159,239,9292,2015,0.0,2199.0,-1.415451,-1.157829,NGA,VNM,850590
8513730,162,239,9292,2015,111627.0,1074999.0,1.230104,1.27344,NLD,VNM,850590
8513731,163,239,9292,2015,620033.0,0.0,0.950708,0.314339,NOR,VNM,850590
8513732,174,239,9292,2015,346941.0,0.0,0.6406270000000001,0.45770200000000005,PHL,VNM,850590
8513733,183,239,9292,2015,0.0,4137.0,-0.077053,-0.9922719999999999,QAT,VNM,850590
8513734,186,239,9292,2015,913016.0,0.0,0.23119,0.035965,RUS,VNM,850590
8513735,192,239,9292,2015,96548.0,0.0,2.05613,0.593065,SGP,VNM,850590
8513736,206,239,9292,2015,3396.0,13390.0,1.287133,0.7900560000000001,SVK,VNM,850590
8513737,208,239,9292,2015,2312.0,0.0,1.8068349999999997,0.693389,SWE,VNM,850590
8513738,216,239,9292,2015,117155.0,8618.0,0.965888,1.368572,THA,VNM,850590
8513739,231,239,9292,2015,156634.0,2090588.0,1.720478,-0.129322,USA,VNM,850590
8513740,249,239,9292,2015,3480518.0,114168.0,1.962832,1.214982,TWN,VNM,850590
8513741,250,239,9292,2015,134376.0,0.0,0.377283,-0.092204,ANS,VNM,850590
8513742,14,242,9292,2015,6079.0,0.0,-0.292325,-0.043489,AUS,WSM,850590
8513743,77,1,9292,2015,2309.0,0.0,1.479792,0.6490239999999999,FRA,AFG,850590
8513744,81,1,9292,2015,0.0,2317.0,1.7422990000000003,0.75838,GBR,AFG,850590
8513745,231,1,9292,2015,4310.0,0.0,1.720478,-0.129322,USA,AFG,850590
8513746,18,4,9292,2015,1033.0,0.0,1.329866,1.100641,BEL,ALB,850590
8513747,43,4,9292,2015,2479.0,0.0,1.077143,1.735757,CHN,ALB,850590
8513748,61,4,9292,2015,7490.0,0.0,2.203818,-2.307561,DEU,ALB,850590
8513749,111,4,9292,2015,147401.0,0.0,1.321127,0.747046,ITA,ALB,850590
8513750,162,4,9292,2015,9646.0,0.0,1.230104,1.27344,NLD,ALB,850590
8513751,177,4,9292,2015,1044.0,0.0,1.145844,1.1449280000000002,POL,ALB,850590
8513752,224,4,9292,2015,12015.0,0.0,0.438669,2.519632,TUR,ALB,850590
8513753,231,4,9292,2015,1240.0,0.0,1.720478,-0.129322,USA,ALB,850590
8513754,103,10,9292,2015,0.0,46000.0,-0.145103,1.277362,IDN,ASM,850590
8513755,166,10,9292,2015,1111.0,0.0,0.224598,0.253179,NZL,ASM,850590
8513756,231,13,9292,2015,3257.0,0.0,1.720478,-0.129322,USA,ATG,850590
8513757,77,19,9292,2015,2414.0,0.0,1.479792,0.6490239999999999,FRA,BEN,850590
8513758,18,21,9292,2015,10032.0,0.0,1.329866,1.100641,BEL,BFA,850590
8513759,61,21,9292,2015,4353.0,0.0,2.203818,-2.307561,DEU,BFA,850590
8513760,74,21,9292,2015,2082.0,0.0,1.597817,0.998059,FIN,BFA,850590
8513761,77,21,9292,2015,2578.0,0.0,1.479792,0.6490239999999999,FRA,BFA,850590
8513762,162,21,9292,2015,1008.0,0.0,1.230104,1.27344,NLD,BFA,850590
8513763,208,21,9292,2015,1204.0,0.0,1.8068349999999997,0.693389,SWE,BFA,850590
8513764,231,21,9292,2015,1395.0,0.0,1.720478,-0.129322,USA,BFA,850590
8513765,246,21,9292,2015,2207.0,0.0,0.24944699999999997,1.7573159999999999,ZAF,BFA,850590
8513766,249,21,9292,2015,963.0,0.0,1.962832,1.214982,TWN,BFA,850590
8513767,15,26,9292,2015,244759.0,0.0,1.747098,-0.08026699999999999,AUT,BIH,850590
8513768,28,26,9292,2015,2402.0,0.0,0.672499,0.5584020000000001,BLR,BIH,850590
8513769,41,26,9292,2015,876.0,0.0,2.306075,0.720781,CHE,BIH,850590
8513770,43,26,9292,2015,1519.0,0.0,1.077143,1.735757,CHN,BIH,850590
8513771,61,26,9292,2015,46328.0,154730.0,2.203818,-2.307561,DEU,BIH,850590
8513772,64,26,9292,2015,1076.0,0.0,1.157924,1.2045629999999998,DNK,BIH,850590
8513773,71,26,9292,2015,977.0,0.0,0.8173590000000001,2.442556,ESP,BIH,850590
8513774,77,26,9292,2015,2195.0,0.0,1.479792,0.6490239999999999,FRA,BIH,850590
8513775,81,26,9292,2015,2473.0,0.0,1.7422990000000003,0.75838,GBR,BIH,850590
8513776,100,26,9292,2015,14669.0,1145.0,0.7590140000000001,1.257415,HRV,BIH,850590
8513777,102,26,9292,2015,8176.0,0.0,1.462839,0.803258,HUN,BIH,850590
8513778,111,26,9292,2015,5530.0,4080.0,1.321127,0.747046,ITA,BIH,850590
8513779,162,26,9292,2015,6205.0,0.0,1.230104,1.27344,NLD,BIH,850590
8513780,177,26,9292,2015,3314.0,0.0,1.145844,1.1449280000000002,POL,BIH,850590
8513781,201,26,9292,2015,6329.0,0.0,0.457042,1.324908,SRB,BIH,850590
8513782,207,26,9292,2015,147166.0,287931.0,1.6089879999999999,0.833616,SVN,BIH,850590
8513783,224,26,9292,2015,7593.0,0.0,0.438669,2.519632,TUR,BIH,850590
8513784,231,26,9292,2015,1031.0,0.0,1.720478,-0.129322,USA,BIH,850590
8513785,249,26,9292,2015,560.0,0.0,1.962832,1.214982,TWN,BIH,850590
8513786,104,37,9292,2015,2897.0,0.0,0.24230900000000002,2.8190880000000003,IND,BWA,850590
8513787,121,37,9292,2015,851.0,0.0,1.900653,0.859406,KOR,BWA,850590
8513788,224,37,9292,2015,0.0,995.0,0.438669,2.519632,TUR,BWA,850590
8513789,246,37,9292,2015,29779.0,0.0,0.24944699999999997,1.7573159999999999,ZAF,BWA,850590
8513790,249,37,9292,2015,2022.0,0.0,1.962832,1.214982,TWN,BWA,850590
8513791,43,45,9292,2015,3874.0,0.0,1.077143,1.735757,CHN,CMR,850590
8513792,61,45,9292,2015,16553.0,0.0,2.203818,-2.307561,DEU,CMR,850590
8513793,77,45,9292,2015,7575.0,0.0,1.479792,0.6490239999999999,FRA,CMR,850590
8513794,81,45,9292,2015,1772.0,0.0,1.7422990000000003,0.75838,GBR,CMR,850590
8513795,111,45,9292,2015,5909.0,0.0,1.321127,0.747046,ITA,CMR,850590
8513796,138,45,9292,2015,1797.0,0.0,1.169724,0.61457,MEX,CMR,850590
8513797,179,45,9292,2015,10253.0,0.0,0.561922,2.2276380000000002,PRT,CMR,850590
8513798,208,45,9292,2015,1875.0,0.0,1.8068349999999997,0.693389,SWE,CMR,850590
8513799,231,45,9292,2015,6976.0,0.0,1.720478,-0.129322,USA,CMR,850590
8513800,7,47,9292,2015,2518.0,0.0,0.21779600000000002,-0.0047420000000000006,ARE,COG,850590
8513801,32,47,9292,2015,14064.0,0.0,0.23656799999999997,0.688607,BRA,COG,850590
8513802,38,47,9292,2015,0.0,744427.0,-0.35029,-0.6630199999999999,CAF,COG,850590
8513803,43,47,9292,2015,2114.0,0.0,1.077143,1.735757,CHN,COG,850590
8513804,61,47,9292,2015,1789.0,0.0,2.203818,-2.307561,DEU,COG,850590
8513805,77,47,9292,2015,11806.0,0.0,1.479792,0.6490239999999999,FRA,COG,850590
8513806,80,47,9292,2015,0.0,2288.0,-1.384351,-1.209873,GAB,COG,850590
8513807,81,47,9292,2015,40132.0,0.0,1.7422990000000003,0.75838,GBR,COG,850590
8513808,104,47,9292,2015,2217.0,0.0,0.24230900000000002,2.8190880000000003,IND,COG,850590
8513809,111,47,9292,2015,1192.0,0.0,1.321127,0.747046,ITA,COG,850590
8513810,124,47,9292,2015,967.0,0.0,0.317355,1.330374,LBN,COG,850590
8513811,134,47,9292,2015,4869.0,0.0,-0.7554810000000001,-0.059697,MAR,COG,850590
8513812,138,47,9292,2015,1521.0,0.0,1.169724,0.61457,MEX,COG,850590
8513813,224,47,9292,2015,16174.0,0.0,0.438669,2.519632,TUR,COG,850590
8513814,231,47,9292,2015,14108.0,0.0,1.720478,-0.129322,USA,COG,850590
8513815,250,47,9292,2015,24260.0,0.0,0.377283,-0.092204,ANS,COG,850590
8513816,8,54,9292,2015,10455.0,0.0,0.116896,0.30330999999999997,ARG,CUB,850590
8513817,39,54,9292,2015,1202.0,0.0,0.695867,1.171676,CAN,CUB,850590
8513818,41,54,9292,2015,11738.0,0.0,2.306075,0.720781,CHE,CUB,850590
8513819,43,54,9292,2015,1829.0,0.0,1.077143,1.735757,CHN,CUB,850590
8513820,61,54,9292,2015,6356.0,0.0,2.203818,-2.307561,DEU,CUB,850590
8513821,71,54,9292,2015,1430.0,0.0,0.8173590000000001,2.442556,ESP,CUB,850590
8513822,138,54,9292,2015,14540.0,0.0,1.169724,0.61457,MEX,CUB,850590
8513823,162,54,9292,2015,1566.0,0.0,1.230104,1.27344,NLD,CUB,850590
8513824,186,54,9292,2015,4250.0,0.0,0.23119,0.035965,RUS,CUB,850590
8513825,15,58,9292,2015,2820.0,0.0,1.747098,-0.08026699999999999,AUT,CYP,850590
8513826,18,58,9292,2015,2919.0,0.0,1.329866,1.100641,BEL,CYP,850590
8513827,61,58,9292,2015,34747.0,0.0,2.203818,-2.307561,DEU,CYP,850590
8513828,64,58,9292,2015,5334.0,0.0,1.157924,1.2045629999999998,DNK,CYP,850590
8513829,77,58,9292,2015,6886.0,0.0,1.479792,0.6490239999999999,FRA,CYP,850590
8513830,81,58,9292,2015,6180.0,0.0,1.7422990000000003,0.75838,GBR,CYP,850590
8513831,90,58,9292,2015,19542.0,0.0,0.099027,1.012289,GRC,CYP,850590
8513832,110,58,9292,2015,0.0,742.0,1.260071,0.545545,ISR,CYP,850590
8513833,111,58,9292,2015,3939.0,0.0,1.321127,0.747046,ITA,CYP,850590
8513834,153,58,9292,2015,1400.0,0.0,1.082803,0.811615,MYS,CYP,850590
8513835,162,58,9292,2015,6049.0,0.0,1.230104,1.27344,NLD,CYP,850590
8513836,179,58,9292,2015,1515.0,0.0,0.561922,2.2276380000000002,PRT,CYP,850590
8513837,201,58,9292,2015,3773.0,0.0,0.457042,1.324908,SRB,CYP,850590
8513838,224,58,9292,2015,3116.0,0.0,0.438669,2.519632,TUR,CYP,850590
8513839,249,58,9292,2015,1777.0,0.0,1.962832,1.214982,TWN,CYP,850590
8513840,43,62,9292,2015,12696.0,0.0,1.077143,1.735757,CHN,DJI,850590
8513841,61,62,9292,2015,8100.0,0.0,2.203818,-2.307561,DEU,DJI,850590
8513842,18,66,9292,2015,8106.0,0.0,1.329866,1.100641,BEL,DZA,850590
8513843,23,66,9292,2015,1262.0,0.0,0.45640699999999995,1.691455,BGR,DZA,850590
8513844,39,66,9292,2015,3477.0,0.0,0.695867,1.171676,CAN,DZA,850590
8513845,41,66,9292,2015,1638.0,0.0,2.306075,0.720781,CHE,DZA,850590
8513846,43,66,9292,2015,465131.0,0.0,1.077143,1.735757,CHN,DZA,850590
8513847,59,66,9292,2015,1197.0,0.0,1.743012,0.45424,CZE,DZA,850590
8513848,61,66,9292,2015,190229.0,0.0,2.203818,-2.307561,DEU,DZA,850590
8513849,64,66,9292,2015,2845.0,0.0,1.157924,1.2045629999999998,DNK,DZA,850590
8513850,71,66,9292,2015,60637.0,0.0,0.8173590000000001,2.442556,ESP,DZA,850590
8513851,77,66,9292,2015,236067.0,0.0,1.479792,0.6490239999999999,FRA,DZA,850590
8513852,81,66,9292,2015,12456.0,0.0,1.7422990000000003,0.75838,GBR,DZA,850590
8513853,111,66,9292,2015,152621.0,0.0,1.321127,0.747046,ITA,DZA,850590
8513854,114,66,9292,2015,2517.0,0.0,2.516133,-0.484202,JPN,DZA,850590
8513855,131,66,9292,2015,15038.0,0.0,1.218924,1.247152,LUX,DZA,850590
8513856,138,66,9292,2015,5645.0,0.0,1.169724,0.61457,MEX,DZA,850590
8513857,162,66,9292,2015,5402.0,0.0,1.230104,1.27344,NLD,DZA,850590
8513858,163,66,9292,2015,6867.0,0.0,0.950708,0.314339,NOR,DZA,850590
8513859,177,66,9292,2015,11985.0,0.0,1.145844,1.1449280000000002,POL,DZA,850590
8513860,224,66,9292,2015,55391.0,0.0,0.438669,2.519632,TUR,DZA,850590
8513861,231,66,9292,2015,49426.0,0.0,1.720478,-0.129322,USA,DZA,850590
8513862,41,73,9292,2015,10031.0,0.0,2.306075,0.720781,CHE,ETH,850590
8513863,43,73,9292,2015,7349.0,0.0,1.077143,1.735757,CHN,ETH,850590
8513864,61,73,9292,2015,3841.0,0.0,2.203818,-2.307561,DEU,ETH,850590
8513865,81,73,9292,2015,69747.0,0.0,1.7422990000000003,0.75838,GBR,ETH,850590
8513866,97,73,9292,2015,813.0,0.0,0.8255290000000001,1.8017279999999998,HKG,ETH,850590
8513867,109,73,9292,2015,42209.0,21438.0,0.24527600000000002,-0.411616,ISL,ETH,850590
8513868,111,73,9292,2015,2158.0,0.0,1.321127,0.747046,ITA,ETH,850590
8513869,114,73,9292,2015,850.0,0.0,2.516133,-0.484202,JPN,ETH,850590
8513870,162,73,9292,2015,1060.0,0.0,1.230104,1.27344,NLD,ETH,850590
8513871,246,73,9292,2015,788.0,0.0,0.24944699999999997,1.7573159999999999,ZAF,ETH,850590
8513872,43,80,9292,2015,72507.0,0.0,1.077143,1.735757,CHN,GAB,850590
8513873,47,80,9292,2015,2288.0,0.0,-1.294823,-1.18811,COG,GAB,850590
8513874,59,80,9292,2015,1604.0,0.0,1.743012,0.45424,CZE,GAB,850590
8513875,61,80,9292,2015,4021.0,0.0,2.203818,-2.307561,DEU,GAB,850590
8513876,77,80,9292,2015,100615.0,0.0,1.479792,0.6490239999999999,FRA,GAB,850590
8513877,162,80,9292,2015,2667.0,0.0,1.230104,1.27344,NLD,GAB,850590
8513878,231,80,9292,2015,6720.0,0.0,1.720478,-0.129322,USA,GAB,850590
8513879,7,83,9292,2015,18038.0,0.0,0.21779600000000002,-0.0047420000000000006,ARE,GHA,850590
8513880,14,83,9292,2015,1624.0,0.0,-0.292325,-0.043489,AUS,GHA,850590
8513881,15,83,9292,2015,6622.0,0.0,1.747098,-0.08026699999999999,AUT,GHA,850590
8513882,18,83,9292,2015,4440.0,0.0,1.329866,1.100641,BEL,GHA,850590
8513883,43,83,9292,2015,37400.0,0.0,1.077143,1.735757,CHN,GHA,850590
8513884,61,83,9292,2015,30014.0,0.0,2.203818,-2.307561,DEU,GHA,850590
8513885,81,83,9292,2015,1433.0,0.0,1.7422990000000003,0.75838,GBR,GHA,850590
8513886,103,83,9292,2015,6067.0,0.0,-0.145103,1.277362,IDN,GHA,850590
8513887,104,83,9292,2015,85158.0,0.0,0.24230900000000002,2.8190880000000003,IND,GHA,850590
8513888,106,83,9292,2015,12110.0,0.0,1.304942,0.126431,IRL,GHA,850590
8513889,110,83,9292,2015,2914.0,0.0,1.260071,0.545545,ISR,GHA,850590
8513890,111,83,9292,2015,1257.0,0.0,1.321127,0.747046,ITA,GHA,850590
8513891,114,83,9292,2015,6791.0,0.0,2.516133,-0.484202,JPN,GHA,850590
8513892,162,83,9292,2015,4070.0,0.0,1.230104,1.27344,NLD,GHA,850590
8513893,231,83,9292,2015,13336.0,0.0,1.720478,-0.129322,USA,GHA,850590
8513894,246,83,9292,2015,143532.0,0.0,0.24944699999999997,1.7573159999999999,ZAF,GHA,850590
8513895,249,83,9292,2015,1746.0,0.0,1.962832,1.214982,TWN,GHA,850590
8513896,71,84,9292,2015,2492.0,0.0,0.8173590000000001,2.442556,ESP,GIB,850590
8513897,77,85,9292,2015,19875.0,0.0,1.479792,0.6490239999999999,FRA,GIN,850590
8513898,111,85,9292,2015,0.0,106655.0,1.321127,0.747046,ITA,GIN,850590
8513899,207,85,9292,2015,160.0,0.0,1.6089879999999999,0.833616,SVN,GIN,850590
8513900,32,89,9292,2015,3203.0,0.0,0.23656799999999997,0.688607,BRA,GNQ,850590
8513901,61,89,9292,2015,10584.0,0.0,2.203818,-2.307561,DEU,GNQ,850590
8513902,77,89,9292,2015,3254.0,0.0,1.479792,0.6490239999999999,FRA,GNQ,850590
8513903,228,89,9292,2015,1138.0,0.0,0.429879,0.701813,UKR,GNQ,850590
8513904,169,96,9292,2015,2457.0,0.0,0.642058,0.833392,PAN,GUY,850590
8513905,231,96,9292,2015,4417.0,0.0,1.720478,-0.129322,USA,GUY,850590
8513906,15,109,9292,2015,18335.0,0.0,1.747098,-0.08026699999999999,AUT,ISL,850590
8513907,18,109,9292,2015,4267.0,0.0,1.329866,1.100641,BEL,ISL,850590
8513908,42,109,9292,2015,0.0,3406.0,-0.356167,-0.47629399999999994,CHL,ISL,850590
8513909,43,109,9292,2015,1103.0,0.0,1.077143,1.735757,CHN,ISL,850590
8513910,59,109,9292,2015,1049.0,0.0,1.743012,0.45424,CZE,ISL,850590
8513911,61,109,9292,2015,58627.0,0.0,2.203818,-2.307561,DEU,ISL,850590
8513912,64,109,9292,2015,46238.0,1966.0,1.157924,1.2045629999999998,DNK,ISL,850590
8513913,73,109,9292,2015,21438.0,42209.0,-1.004896,-0.721019,ETH,ISL,850590
8513914,74,109,9292,2015,3637.0,0.0,1.597817,0.998059,FIN,ISL,850590
8513915,77,109,9292,2015,948.0,0.0,1.479792,0.6490239999999999,FRA,ISL,850590
8513916,81,109,9292,2015,16244.0,0.0,1.7422990000000003,0.75838,GBR,ISL,850590
8513917,106,109,9292,2015,1409.0,0.0,1.304942,0.126431,IRL,ISL,850590
8513918,111,109,9292,2015,21026.0,0.0,1.321127,0.747046,ITA,ISL,850590
8513919,114,109,9292,2015,3023.0,0.0,2.516133,-0.484202,JPN,ISL,850590
8513920,162,109,9292,2015,11057.0,0.0,1.230104,1.27344,NLD,ISL,850590
8513921,163,109,9292,2015,1538.0,0.0,0.950708,0.314339,NOR,ISL,850590
8513922,208,109,9292,2015,2275.0,0.0,1.8068349999999997,0.693389,SWE,ISL,850590
8513923,231,109,9292,2015,24766.0,3339.0,1.720478,-0.129322,USA,ISL,850590
8513924,249,109,9292,2015,868.0,0.0,1.962832,1.214982,TWN,ISL,850590
8513925,43,118,9292,2015,16023.0,0.0,1.077143,1.735757,CHN,KHM,850590
8513926,64,118,9292,2015,6666.0,0.0,1.157924,1.2045629999999998,DNK,KHM,850590
8513927,97,118,9292,2015,8820.0,0.0,0.8255290000000001,1.8017279999999998,HKG,KHM,850590
8513928,114,118,9292,2015,6862.0,0.0,2.516133,-0.484202,JPN,KHM,850590
8513929,153,118,9292,2015,5942.0,7886.0,1.082803,0.811615,MYS,KHM,850590
8513930,192,118,9292,2015,32166.0,0.0,2.05613,0.593065,SGP,KHM,850590
8513931,249,118,9292,2015,4552.0,0.0,1.962832,1.214982,TWN,KHM,850590
8513932,231,120,9292,2015,39523.0,2250.0,1.720478,-0.129322,USA,KNA,850590
8513933,41,125,9292,2015,4889.0,0.0,2.306075,0.720781,CHE,LBR,850590
8513934,61,125,9292,2015,2027.0,0.0,2.203818,-2.307561,DEU,LBR,850590
8513935,162,125,9292,2015,1391.0,0.0,1.230104,1.27344,NLD,LBR,850590
8513936,231,125,9292,2015,20724.0,0.0,1.720478,-0.129322,USA,LBR,850590
8513937,43,126,9292,2015,122224.0,0.0,1.077143,1.735757,CHN,LBY,850590
8513938,61,126,9292,2015,74054.0,0.0,2.203818,-2.307561,DEU,LBY,850590
8513939,81,126,9292,2015,4000.0,0.0,1.7422990000000003,0.75838,GBR,LBY,850590
8513940,111,126,9292,2015,5335.0,0.0,1.321127,0.747046,ITA,LBY,850590
8513941,121,126,9292,2015,8869.0,0.0,1.900653,0.859406,KOR,LBY,850590
8513942,162,126,9292,2015,2719.0,0.0,1.230104,1.27344,NLD,LBY,850590
8513943,207,126,9292,2015,1086.0,0.0,1.6089879999999999,0.833616,SVN,LBY,850590
8513944,43,133,9292,2015,1651.0,0.0,1.077143,1.735757,CHN,MAC,850590
8513945,97,133,9292,2015,3886.0,0.0,0.8255290000000001,1.8017279999999998,HKG,MAC,850590
8513946,231,133,9292,2015,2908.0,0.0,1.720478,-0.129322,USA,MAC,850590
8513947,7,134,9292,2015,0.0,1271.0,0.21779600000000002,-0.0047420000000000006,ARE,MAR,850590
8513948,18,134,9292,2015,2835.0,4289.0,1.329866,1.100641,BEL,MAR,850590
8513949,23,134,9292,2015,1260.0,0.0,0.45640699999999995,1.691455,BGR,MAR,850590
8513950,41,134,9292,2015,7471.0,0.0,2.306075,0.720781,CHE,MAR,850590
8513951,43,134,9292,2015,4636.0,26254.0,1.077143,1.735757,CHN,MAR,850590
8513952,47,134,9292,2015,0.0,4869.0,-1.294823,-1.18811,COG,MAR,850590
8513953,59,134,9292,2015,6850.0,0.0,1.743012,0.45424,CZE,MAR,850590
8513954,61,134,9292,2015,141585.0,0.0,2.203818,-2.307561,DEU,MAR,850590
8513955,64,134,9292,2015,2926.0,0.0,1.157924,1.2045629999999998,DNK,MAR,850590
8513956,71,134,9292,2015,2286956.0,6729.0,0.8173590000000001,2.442556,ESP,MAR,850590
8513957,77,134,9292,2015,526785.0,1703010.0,1.479792,0.6490239999999999,FRA,MAR,850590
8513958,81,134,9292,2015,42263.0,0.0,1.7422990000000003,0.75838,GBR,MAR,850590
8513959,102,134,9292,2015,6380.0,0.0,1.462839,0.803258,HUN,MAR,850590
8513960,111,134,9292,2015,188198.0,38260.0,1.321127,0.747046,ITA,MAR,850590
8513961,114,134,9292,2015,3793.0,0.0,2.516133,-0.484202,JPN,MAR,850590
8513962,162,134,9292,2015,93060.0,0.0,1.230104,1.27344,NLD,MAR,850590
8513963,192,134,9292,2015,8312.0,0.0,2.05613,0.593065,SGP,MAR,850590
8513964,208,134,9292,2015,2759.0,0.0,1.8068349999999997,0.693389,SWE,MAR,850590
8513965,223,134,9292,2015,11983.0,0.0,0.140202,0.967591,TUN,MAR,850590
8513966,224,134,9292,2015,103373.0,0.0,0.438669,2.519632,TUR,MAR,850590
8513967,231,134,9292,2015,4151.0,0.0,1.720478,-0.129322,USA,MAR,850590
8513968,18,136,9292,2015,3629.0,0.0,1.329866,1.100641,BEL,MDG,850590
8513969,43,136,9292,2015,2449.0,0.0,1.077143,1.735757,CHN,MDG,850590
8513970,61,136,9292,2015,831.0,0.0,2.203818,-2.307561,DEU,MDG,850590
8513971,77,136,9292,2015,5999.0,0.0,1.479792,0.6490239999999999,FRA,MDG,850590
8513972,104,136,9292,2015,3980.0,0.0,0.24230900000000002,2.8190880000000003,IND,MDG,850590
8513973,111,136,9292,2015,2332.0,0.0,1.321127,0.747046,ITA,MDG,850590
8513974,151,136,9292,2015,5003.0,0.0,-0.231762,-0.195051,MUS,MDG,850590
8513975,162,136,9292,2015,1020.0,0.0,1.230104,1.27344,NLD,MDG,850590
8513976,246,136,9292,2015,3394.0,0.0,0.24944699999999997,1.7573159999999999,ZAF,MDG,850590
8513977,250,136,9292,2015,2927.0,0.0,0.377283,-0.092204,ANS,MDG,850590
8513978,18,141,9292,2015,2036.0,0.0,1.329866,1.100641,BEL,MLI,850590
8513979,162,141,9292,2015,0.0,2103.0,1.230104,1.27344,NLD,MLI,850590
8513980,249,141,9292,2015,1065.0,0.0,1.962832,1.214982,TWN,MLI,850590
8513981,15,144,9292,2015,1065.0,0.0,1.747098,-0.08026699999999999,AUT,MNE,850590
8513982,43,144,9292,2015,3670.0,0.0,1.077143,1.735757,CHN,MNE,850590
8513983,61,144,9292,2015,1556.0,0.0,2.203818,-2.307561,DEU,MNE,850590
8513984,162,144,9292,2015,19574.0,0.0,1.230104,1.27344,NLD,MNE,850590
8513985,177,144,9292,2015,3038.0,0.0,1.145844,1.1449280000000002,POL,MNE,850590
8513986,201,144,9292,2015,4787.0,0.0,0.457042,1.324908,SRB,MNE,850590
8513987,207,144,9292,2015,1265.0,0.0,1.6089879999999999,0.833616,SVN,MNE,850590
8513988,15,147,9292,2015,6176.0,0.0,1.747098,-0.08026699999999999,AUT,MOZ,850590
8513989,114,147,9292,2015,23470.0,0.0,2.516133,-0.484202,JPN,MOZ,850590
8513990,179,147,9292,2015,4071.0,0.0,0.561922,2.2276380000000002,PRT,MOZ,850590
8513991,246,147,9292,2015,13992.0,0.0,0.24944699999999997,1.7573159999999999,ZAF,MOZ,850590
8513992,18,148,9292,2015,1076.0,0.0,1.329866,1.100641,BEL,MRT,850590
8513993,43,148,9292,2015,973.0,0.0,1.077143,1.735757,CHN,MRT,850590
8513994,77,148,9292,2015,2445.0,0.0,1.479792,0.6490239999999999,FRA,MRT,850590
8513995,81,148,9292,2015,1641.0,0.0,1.7422990000000003,0.75838,GBR,MRT,850590
8513996,231,148,9292,2015,6708.0,0.0,1.720478,-0.129322,USA,MRT,850590
8513997,246,148,9292,2015,26609.0,0.0,0.24944699999999997,1.7573159999999999,ZAF,MRT,850590
8513998,18,151,9292,2015,2967.0,0.0,1.329866,1.100641,BEL,MUS,850590
8513999,43,151,9292,2015,5663.0,0.0,1.077143,1.735757,CHN,MUS,850590
8514000,61,151,9292,2015,16852.0,0.0,2.203818,-2.307561,DEU,MUS,850590
8514001,77,151,9292,2015,3975.0,928.0,1.479792,0.6490239999999999,FRA,MUS,850590
8514002,81,151,9292,2015,7577.0,0.0,1.7422990000000003,0.75838,GBR,MUS,850590
8514003,104,151,9292,2015,2019.0,0.0,0.24230900000000002,2.8190880000000003,IND,MUS,850590
8514004,111,151,9292,2015,1044.0,0.0,1.321127,0.747046,ITA,MUS,850590
8514005,136,151,9292,2015,0.0,5003.0,-1.15947,-0.497217,MDG,MUS,850590
8514006,159,151,9292,2015,0.0,2700.0,-1.415451,-1.157829,NGA,MUS,850590
8514007,192,151,9292,2015,4031.0,0.0,2.05613,0.593065,SGP,MUS,850590
8514008,208,151,9292,2015,2296.0,0.0,1.8068349999999997,0.693389,SWE,MUS,850590
8514009,211,151,9292,2015,0.0,1004.0,1.017467,-0.285569,SYC,MUS,850590
8514010,231,151,9292,2015,4474.0,0.0,1.720478,-0.129322,USA,MUS,850590
8514011,246,151,9292,2015,10092.0,967.0,0.24944699999999997,1.7573159999999999,ZAF,MUS,850590
8514012,43,155,9292,2015,2446.0,0.0,1.077143,1.735757,CHN,NAM,850590
8514013,61,155,9292,2015,2163.0,0.0,2.203818,-2.307561,DEU,NAM,850590
8514014,162,155,9292,2015,3952.0,0.0,1.230104,1.27344,NLD,NAM,850590
8514015,246,155,9292,2015,163876.0,2569.0,0.24944699999999997,1.7573159999999999,ZAF,NAM,850590
8514016,14,156,9292,2015,4008.0,0.0,-0.292325,-0.043489,AUS,NCL,850590
8514017,43,156,9292,2015,1313.0,0.0,1.077143,1.735757,CHN,NCL,850590
8514018,61,156,9292,2015,4608.0,0.0,2.203818,-2.307561,DEU,NCL,850590
8514019,71,156,9292,2015,5597.0,0.0,0.8173590000000001,2.442556,ESP,NCL,850590
8514020,74,156,9292,2015,7807.0,0.0,1.597817,0.998059,FIN,NCL,850590
8514021,77,156,9292,2015,92642.0,0.0,1.479792,0.6490239999999999,FRA,NCL,850590
8514022,111,156,9292,2015,2171.0,0.0,1.321127,0.747046,ITA,NCL,850590
8514023,14,176,9292,2015,6116.0,0.0,-0.292325,-0.043489,AUS,PNG,850590
8514024,61,176,9292,2015,16646.0,0.0,2.203818,-2.307561,DEU,PNG,850590
8514025,153,176,9292,2015,7346.0,0.0,1.082803,0.811615,MYS,PNG,850590
8514026,43,178,9292,2015,2800.0,0.0,1.077143,1.735757,CHN,PRK,850590
8514027,75,178,9292,2015,0.0,29855.0,-0.481968,-0.201468,FJI,PRK,850590
8514028,81,209,9292,2015,1752.0,0.0,1.7422990000000003,0.75838,GBR,SWZ,850590
8514029,168,209,9292,2015,0.0,3176.0,-0.7059979999999999,0.73501,PAK,SWZ,850590
8514030,231,209,9292,2015,1100.0,0.0,1.720478,-0.129322,USA,SWZ,850590
8514031,246,209,9292,2015,9473.0,0.0,0.24944699999999997,1.7573159999999999,ZAF,SWZ,850590
8514032,43,211,9292,2015,2251.0,0.0,1.077143,1.735757,CHN,SYC,850590
8514033,71,211,9292,2015,5565.0,0.0,0.8173590000000001,2.442556,ESP,SYC,850590
8514034,151,211,9292,2015,1004.0,0.0,-0.231762,-0.195051,MUS,SYC,850590
8514035,192,211,9292,2015,1587.0,0.0,2.05613,0.593065,SGP,SYC,850590
8514036,216,211,9292,2015,798.0,0.0,0.965888,1.368572,THA,SYC,850590
8514037,43,212,9292,2015,9840.0,0.0,1.077143,1.735757,CHN,SYR,850590
8514038,61,212,9292,2015,8508.0,0.0,2.203818,-2.307561,DEU,SYR,850590
8514039,111,212,9292,2015,21120.0,0.0,1.321127,0.747046,ITA,SYR,850590
8514040,124,212,9292,2015,3261.0,0.0,0.317355,1.330374,LBN,SYR,850590
8514041,186,212,9292,2015,5602.0,0.0,0.23119,0.035965,RUS,SYR,850590
8514042,61,215,9292,2015,9445.0,0.0,2.203818,-2.307561,DEU,TGO,850590
8514043,77,215,9292,2015,1554.0,0.0,1.479792,0.6490239999999999,FRA,TGO,850590
8514044,81,215,9292,2015,4580.0,0.0,1.7422990000000003,0.75838,GBR,TGO,850590
8514045,18,223,9292,2015,1642.0,0.0,1.329866,1.100641,BEL,TUN,850590
8514046,41,223,9292,2015,6526.0,0.0,2.306075,0.720781,CHE,TUN,850590
8514047,43,223,9292,2015,21061.0,0.0,1.077143,1.735757,CHN,TUN,850590
8514048,61,223,9292,2015,130325.0,7562.0,2.203818,-2.307561,DEU,TUN,850590
8514049,71,223,9292,2015,26573.0,0.0,0.8173590000000001,2.442556,ESP,TUN,850590
8514050,74,223,9292,2015,9506.0,0.0,1.597817,0.998059,FIN,TUN,850590
8514051,77,223,9292,2015,2351843.0,3729857.0,1.479792,0.6490239999999999,FRA,TUN,850590
8514052,81,223,9292,2015,2821.0,0.0,1.7422990000000003,0.75838,GBR,TUN,850590
8514053,90,223,9292,2015,5460.0,0.0,0.099027,1.012289,GRC,TUN,850590
8514054,97,223,9292,2015,44700.0,0.0,0.8255290000000001,1.8017279999999998,HKG,TUN,850590
8514055,102,223,9292,2015,948.0,0.0,1.462839,0.803258,HUN,TUN,850590
8514056,104,223,9292,2015,4869.0,0.0,0.24230900000000002,2.8190880000000003,IND,TUN,850590
8514057,111,223,9292,2015,131131.0,4847.0,1.321127,0.747046,ITA,TUN,850590
8514058,134,223,9292,2015,0.0,11983.0,-0.7554810000000001,-0.059697,MAR,TUN,850590
8514059,138,223,9292,2015,978.0,0.0,1.169724,0.61457,MEX,TUN,850590
8514060,162,223,9292,2015,32598.0,0.0,1.230104,1.27344,NLD,TUN,850590
8514061,177,223,9292,2015,1420.0,26595.0,1.145844,1.1449280000000002,POL,TUN,850590
8514062,216,223,9292,2015,12584.0,0.0,0.965888,1.368572,THA,TUN,850590
8514063,228,223,9292,2015,1071.0,0.0,0.429879,0.701813,UKR,TUN,850590
8514064,231,223,9292,2015,27706.0,0.0,1.720478,-0.129322,USA,TUN,850590
8514065,249,223,9292,2015,8704.0,0.0,1.962832,1.214982,TWN,TUN,850590
8514066,250,223,9292,2015,7488.0,0.0,0.377283,-0.092204,ANS,TUN,850590
8514067,7,227,9292,2015,10056.0,0.0,0.21779600000000002,-0.0047420000000000006,ARE,UGA,850590
8514068,43,227,9292,2015,10426.0,0.0,1.077143,1.735757,CHN,UGA,850590
8514069,61,227,9292,2015,12507.0,0.0,2.203818,-2.307561,DEU,UGA,850590
8514070,77,227,9292,2015,7351.0,0.0,1.479792,0.6490239999999999,FRA,UGA,850590
8514071,81,227,9292,2015,3556.0,0.0,1.7422990000000003,0.75838,GBR,UGA,850590
8514072,104,227,9292,2015,13820.0,0.0,0.24230900000000002,2.8190880000000003,IND,UGA,850590
8514073,112,237,9292,2015,0.0,2237.0,-0.438267,-0.828097,JAM,VGB,850590
8514074,43,247,9292,2015,15340.0,0.0,1.077143,1.735757,CHN,ZMB,850590
8514075,46,247,9292,2015,0.0,883.0,-1.3921290000000002,-1.146549,COD,ZMB,850590
8514076,61,247,9292,2015,4501.0,0.0,2.203818,-2.307561,DEU,ZMB,850590
8514077,97,247,9292,2015,14722.0,0.0,0.8255290000000001,1.8017279999999998,HKG,ZMB,850590
8514078,104,247,9292,2015,6954.0,0.0,0.24230900000000002,2.8190880000000003,IND,ZMB,850590
8514079,106,247,9292,2015,1070.0,0.0,1.304942,0.126431,IRL,ZMB,850590
8514080,111,247,9292,2015,1540.0,0.0,1.321127,0.747046,ITA,ZMB,850590
8514081,208,247,9292,2015,3631.0,0.0,1.8068349999999997,0.693389,SWE,ZMB,850590
8514082,226,247,9292,2015,728.0,0.0,-1.02395,-0.017509999999999998,TZA,ZMB,850590
8514083,231,247,9292,2015,2034.0,0.0,1.720478,-0.129322,USA,ZMB,850590
8514084,246,247,9292,2015,169229.0,878.0,0.24944699999999997,1.7573159999999999,ZAF,ZMB,850590
8514085,43,248,9292,2015,3354.0,0.0,1.077143,1.735757,CHN,ZWE,850590
8514086,61,248,9292,2015,1766.0,0.0,2.203818,-2.307561,DEU,ZWE,850590
8514087,246,248,9292,2015,38032.0,0.0,0.24944699999999997,1.7573159999999999,ZAF,ZWE,850590
8514088,249,248,9292,2015,1422.0,0.0,1.962832,1.214982,TWN,ZWE,850590
8514089,43,34,9292,2015,1295.0,0.0,1.077143,1.735757,CHN,BRN,850590
8514090,61,34,9292,2015,1045.0,0.0,2.203818,-2.307561,DEU,BRN,850590
8514091,64,34,9292,2015,7047.0,0.0,1.157924,1.2045629999999998,DNK,BRN,850590
8514092,81,34,9292,2015,1383.0,0.0,1.7422990000000003,0.75838,GBR,BRN,850590
8514093,104,34,9292,2015,2054.0,0.0,0.24230900000000002,2.8190880000000003,IND,BRN,850590
8514094,153,34,9292,2015,11421.0,1231.0,1.082803,0.811615,MYS,BRN,850590
8514095,192,34,9292,2015,2382.0,5964.0,2.05613,0.593065,SGP,BRN,850590
8514096,231,34,9292,2015,15994.0,0.0,1.720478,-0.129322,USA,BRN,850590
8514097,249,34,9292,2015,804.0,0.0,1.962832,1.214982,TWN,BRN,850590
8514098,231,127,9292,2015,21520.0,0.0,1.720478,-0.129322,USA,LCA,850590
8514099,231,29,9292,2015,19678.0,2617.0,1.720478,-0.129322,USA,BLZ,850590
8514100,112,57,9292,2015,1619.0,0.0,-0.438267,-0.828097,JAM,CYM,850590
8514101,81,76,9292,2015,6523.0,0.0,1.7422990000000003,0.75838,GBR,FLK,850590
8514102,15,135,9292,2015,1139.0,0.0,1.747098,-0.08026699999999999,AUT,MDA,850590
8514103,23,135,9292,2015,991.0,0.0,0.45640699999999995,1.691455,BGR,MDA,850590
8514104,41,135,9292,2015,1338.0,0.0,2.306075,0.720781,CHE,MDA,850590
8514105,43,135,9292,2015,728.0,0.0,1.077143,1.735757,CHN,MDA,850590
8514106,61,135,9292,2015,6085.0,0.0,2.203818,-2.307561,DEU,MDA,850590
8514107,77,135,9292,2015,1156.0,0.0,1.479792,0.6490239999999999,FRA,MDA,850590
8514108,111,135,9292,2015,4746.0,0.0,1.321127,0.747046,ITA,MDA,850590
8514109,114,135,9292,2015,735.0,0.0,2.516133,-0.484202,JPN,MDA,850590
8514110,177,135,9292,2015,9537.0,0.0,1.145844,1.1449280000000002,POL,MDA,850590
8514111,185,135,9292,2015,3489.0,0.0,0.946363,1.056775,ROU,MDA,850590
8514112,186,135,9292,2015,705.0,0.0,0.23119,0.035965,RUS,MDA,850590
8514113,228,135,9292,2015,2551.0,0.0,0.429879,0.701813,UKR,MDA,850590
8514114,231,135,9292,2015,2845.0,0.0,1.720478,-0.129322,USA,MDA,850590
8514115,61,0,9292,2015,4216.0,0.0,2.203818,-2.307561,DEU,ABW,850590
8514116,231,0,9292,2015,11819.0,0.0,1.720478,-0.129322,USA,ABW,850590
8514117,250,0,9292,2015,15797.0,0.0,0.377283,-0.092204,ANS,ABW,850590
8514118,18,5,9292,2015,1217.0,0.0,1.329866,1.100641,BEL,AND,850590
8514119,71,5,9292,2015,1243.0,640.0,0.8173590000000001,2.442556,ESP,AND,850590
8514120,8,31,9292,2015,5024.0,0.0,0.116896,0.30330999999999997,ARG,BOL,850590
8514121,15,31,9292,2015,1252.0,0.0,1.747098,-0.08026699999999999,AUT,BOL,850590
8514122,32,31,9292,2015,25812.0,0.0,0.23656799999999997,0.688607,BRA,BOL,850590
8514123,42,31,9292,2015,48290.0,0.0,-0.356167,-0.47629399999999994,CHL,BOL,850590
8514124,43,31,9292,2015,1209.0,0.0,1.077143,1.735757,CHN,BOL,850590
8514125,61,31,9292,2015,17873.0,0.0,2.203818,-2.307561,DEU,BOL,850590
8514126,64,31,9292,2015,3394.0,0.0,1.157924,1.2045629999999998,DNK,BOL,850590
8514127,71,31,9292,2015,2215.0,0.0,0.8173590000000001,2.442556,ESP,BOL,850590
8514128,102,31,9292,2015,1022.0,0.0,1.462839,0.803258,HUN,BOL,850590
8514129,111,31,9292,2015,2908.0,0.0,1.321127,0.747046,ITA,BOL,850590
8514130,114,31,9292,2015,1915.0,0.0,2.516133,-0.484202,JPN,BOL,850590
8514131,138,31,9292,2015,3380.0,0.0,1.169724,0.61457,MEX,BOL,850590
8514132,231,31,9292,2015,16111.0,0.0,1.720478,-0.129322,USA,BOL,850590
8514133,47,38,9292,2015,744427.0,0.0,-1.294823,-1.18811,COG,CAF,850590
8514134,43,51,9292,2015,2023.0,0.0,1.077143,1.735757,CHN,CPV,850590
8514135,71,51,9292,2015,941.0,0.0,0.8173590000000001,2.442556,ESP,CPV,850590
8514136,43,69,9292,2015,6602.0,0.0,1.077143,1.735757,CHN,ERI,850590
8514137,14,75,9292,2015,2508.0,0.0,-0.292325,-0.043489,AUS,FJI,850590
8514138,114,75,9292,2015,3511.0,0.0,2.516133,-0.484202,JPN,FJI,850590
8514139,119,75,9292,2015,0.0,180154.0,-0.257871,-0.858136,KIR,FJI,850590
8514140,166,75,9292,2015,14863.0,0.0,0.224598,0.253179,NZL,FJI,850590
8514141,178,75,9292,2015,29855.0,0.0,-0.404818,-0.075235,PRK,FJI,850590
8514142,231,75,9292,2015,1073.0,0.0,1.720478,-0.129322,USA,FJI,850590
8514143,249,75,9292,2015,11381.0,0.0,1.962832,1.214982,TWN,FJI,850590
8514144,64,78,9292,2015,12757.0,0.0,1.157924,1.2045629999999998,DNK,FRO,850590
8514145,74,78,9292,2015,1168.0,0.0,1.597817,0.998059,FIN,FRO,850590
8514146,208,78,9292,2015,5595.0,0.0,1.8068349999999997,0.693389,SWE,FRO,850590
8514147,77,101,9292,2015,5871.0,0.0,1.479792,0.6490239999999999,FRA,HTI,850590
8514148,75,119,9292,2015,180154.0,0.0,-0.481968,-0.201468,FJI,KIR,850590
8514149,43,123,9292,2015,7592.0,0.0,1.077143,1.735757,CHN,LAO,850590
8514150,61,123,9292,2015,1006.0,0.0,2.203818,-2.307561,DEU,LAO,850590
8514151,216,123,9292,2015,1073274.0,302126.0,0.965888,1.368572,THA,LAO,850590
8514152,61,129,9292,2015,3621.0,0.0,2.203818,-2.307561,DEU,LSO,850590
8514153,246,129,9292,2015,29514.0,0.0,0.24944699999999997,1.7573159999999999,ZAF,LSO,850590
8514154,7,137,9292,2015,2374.0,0.0,0.21779600000000002,-0.0047420000000000006,ARE,MDV,850590
8514155,39,137,9292,2015,3099.0,0.0,0.695867,1.171676,CAN,MDV,850590
8514156,43,137,9292,2015,1133.0,0.0,1.077143,1.735757,CHN,MDV,850590
8514157,59,137,9292,2015,1105.0,0.0,1.743012,0.45424,CZE,MDV,850590
8514158,77,137,9292,2015,1425.0,0.0,1.479792,0.6490239999999999,FRA,MDV,850590
8514159,81,137,9292,2015,1195.0,0.0,1.7422990000000003,0.75838,GBR,MDV,850590
8514160,97,137,9292,2015,1776.0,0.0,0.8255290000000001,1.8017279999999998,HKG,MDV,850590
8514161,104,137,9292,2015,1792.0,0.0,0.24230900000000002,2.8190880000000003,IND,MDV,850590
8514162,111,137,9292,2015,1477.0,0.0,1.321127,0.747046,ITA,MDV,850590
8514163,128,137,9292,2015,4126.0,0.0,-0.6773399999999999,0.386343,LKA,MDV,850590
8514164,192,137,9292,2015,1049.0,0.0,2.05613,0.593065,SGP,MDV,850590
8514165,249,137,9292,2015,25639.0,0.0,1.962832,1.214982,TWN,MDV,850590
8514166,43,145,9292,2015,5866.0,0.0,1.077143,1.735757,CHN,MNG,850590
8514167,61,145,9292,2015,3196.0,0.0,2.203818,-2.307561,DEU,MNG,850590
8514168,114,145,9292,2015,8251.0,0.0,2.516133,-0.484202,JPN,MNG,850590
8514169,186,145,9292,2015,40589.0,0.0,0.23119,0.035965,RUS,MNG,850590
8514170,231,145,9292,2015,45833.0,0.0,1.720478,-0.129322,USA,MNG,850590
8514171,43,152,9292,2015,1810.0,0.0,1.077143,1.735757,CHN,MWI,850590
8514172,61,152,9292,2015,826.0,0.0,2.203818,-2.307561,DEU,MWI,850590
8514173,246,152,9292,2015,13701.0,0.0,0.24944699999999997,1.7573159999999999,ZAF,MWI,850590
8514174,43,157,9292,2015,20998.0,0.0,1.077143,1.735757,CHN,NER,850590
8514175,61,157,9292,2015,21783.0,0.0,2.203818,-2.307561,DEU,NER,850590
8514176,77,157,9292,2015,830.0,0.0,1.479792,0.6490239999999999,FRA,NER,850590
8514177,231,157,9292,2015,3343.0,0.0,1.720478,-0.129322,USA,NER,850590
8514178,61,187,9292,2015,1630.0,0.0,2.203818,-2.307561,DEU,RWA,850590
8514179,81,187,9292,2015,609.0,0.0,1.7422990000000003,0.75838,GBR,RWA,850590
8514180,104,187,9292,2015,39745.0,0.0,0.24230900000000002,2.8190880000000003,IND,RWA,850590
8514181,162,187,9292,2015,4286.0,0.0,1.230104,1.27344,NLD,RWA,850590
8514182,14,195,9292,2015,12627.0,0.0,-0.292325,-0.043489,AUS,SLB,850590
8514183,153,195,9292,2015,2632.0,0.0,1.082803,0.811615,MYS,SLB,850590
8514184,43,196,9292,2015,42914.0,0.0,1.077143,1.735757,CHN,SLE,850590
8514185,104,196,9292,2015,1398.0,0.0,0.24230900000000002,2.8190880000000003,IND,SLE,850590
8514186,111,196,9292,2015,954.0,0.0,1.321127,0.747046,ITA,SLE,850590
8514187,231,196,9292,2015,0.0,2637.0,1.720478,-0.129322,USA,SLE,850590
8514188,61,202,9292,2015,2483.0,0.0,2.203818,-2.307561,DEU,SSD,850590
8514189,228,202,9292,2015,24456.0,0.0,0.429879,0.701813,UKR,SSD,850590
8514190,77,214,9292,2015,1225.0,0.0,1.479792,0.6490239999999999,FRA,TCD,850590
8514191,231,214,9292,2015,4241.0,0.0,1.720478,-0.129322,USA,TCD,850590
8514192,33,234,9292,2015,993.0,0.0,0.453689,0.039237,BRB,VCT,850590
8514193,231,30,9292,2015,3916.0,0.0,1.720478,-0.129322,USA,BMU,850590
8514194,64,92,9292,2015,215937.0,0.0,1.157924,1.2045629999999998,DNK,GRL,850590
8514195,43,182,9292,2015,3423.0,0.0,1.077143,1.735757,CHN,PYF,850590
8514196,61,182,9292,2015,2446.0,0.0,2.203818,-2.307561,DEU,PYF,850590
8514197,77,182,9292,2015,1134.0,0.0,1.479792,0.6490239999999999,FRA,PYF,850590
8514198,166,182,9292,2015,1367.0,0.0,0.224598,0.253179,NZL,PYF,850590
8514199,231,182,9292,2015,901.0,0.0,1.720478,-0.129322,USA,PYF,850590
8514200,39,213,9292,2015,11861.0,0.0,0.695867,1.171676,CAN,TCA,850590
8514201,231,213,9292,2015,4243.0,0.0,1.720478,-0.129322,USA,TCA,850590
8514202,2,7,9302,2015,0.0,1237.0,-1.6542,-1.2598989999999999,AGO,ARE,850740
8514203,24,7,9302,2015,1158.0,0.0,0.36650900000000003,-0.28735,BHR,ARE,850740
8514204,43,7,9302,2015,1051710.0,0.0,1.077143,1.735757,CHN,ARE,850740
8514205,59,7,9302,2015,3202.0,0.0,1.743012,0.45424,CZE,ARE,850740
8514206,61,7,9302,2015,3725.0,0.0,2.203818,-2.307561,DEU,ARE,850740
8514207,68,7,9302,2015,0.0,1949.0,-0.183053,1.765036,EGY,ARE,850740
8514208,72,7,9302,2015,1929.0,0.0,0.9281149999999999,1.1780389999999998,EST,ARE,850740
8514209,97,7,9302,2015,1952.0,0.0,0.8255290000000001,1.8017279999999998,HKG,ARE,850740
8514210,104,7,9302,2015,31009.0,0.0,0.24230900000000002,2.8190880000000003,IND,ARE,850740
8514211,107,7,9302,2015,0.0,199770.0,-0.258946,-0.0073420000000000004,IRN,ARE,850740
8514212,114,7,9302,2015,30122.0,0.0,2.516133,-0.484202,JPN,ARE,850740
8514213,115,7,9302,2015,0.0,2282.0,-0.45091499999999995,-0.652026,KAZ,ARE,850740
8514214,138,7,9302,2015,1992.0,0.0,1.169724,0.61457,MEX,ARE,850740
8514215,153,7,9302,2015,12515.0,0.0,1.082803,0.811615,MYS,ARE,850740
8514216,162,7,9302,2015,8679.0,0.0,1.230104,1.27344,NLD,ARE,850740
8514217,190,7,9302,2015,0.0,1690.0,-1.420356,-1.218424,SDN,ARE,850740
8514218,208,7,9302,2015,2988.0,0.0,1.8068349999999997,0.693389,SWE,ARE,850740
8514219,224,7,9302,2015,41862.0,0.0,0.438669,2.519632,TUR,ARE,850740
8514220,227,7,9302,2015,0.0,3389.0,-0.611023,0.078961,UGA,ARE,850740
8514221,231,7,9302,2015,36012.0,0.0,1.720478,-0.129322,USA,ARE,850740
8514222,247,7,9302,2015,0.0,4390.0,-0.44792,-0.769586,ZMB,ARE,850740
8514223,250,7,9302,2015,0.0,2324.0,0.377283,-0.092204,ANS,ARE,850740
8514224,43,8,9302,2015,142261.0,0.0,1.077143,1.735757,CHN,ARG,850740
8514225,61,8,9302,2015,1191.0,0.0,2.203818,-2.307561,DEU,ARG,850740
8514226,111,8,9302,2015,3096.0,0.0,1.321127,0.747046,ITA,ARG,850740
8514227,162,8,9302,2015,1249.0,0.0,1.230104,1.27344,NLD,ARG,850740
8514228,231,8,9302,2015,1524.0,0.0,1.720478,-0.129322,USA,ARG,850740
8514229,41,15,9302,2015,2785.0,3049.0,2.306075,0.720781,CHE,AUT,850740
8514230,43,15,9302,2015,26511.0,0.0,1.077143,1.735757,CHN,AUT,850740
8514231,61,15,9302,2015,63708.0,5151.0,2.203818,-2.307561,DEU,AUT,850740
8514232,64,15,9302,2015,0.0,6532.0,1.157924,1.2045629999999998,DNK,AUT,850740
8514233,102,15,9302,2015,0.0,11234.0,1.462839,0.803258,HUN,AUT,850740
8514234,123,15,9302,2015,0.0,43610.0,-0.927524,-0.74525,LAO,AUT,850740
8514235,153,15,9302,2015,708.0,0.0,1.082803,0.811615,MYS,AUT,850740
8514236,162,15,9302,2015,19175.0,2291.0,1.230104,1.27344,NLD,AUT,850740
8514237,163,15,9302,2015,62315.0,2180.0,0.950708,0.314339,NOR,AUT,850740
8514238,185,15,9302,2015,0.0,2234.0,0.946363,1.056775,ROU,AUT,850740
8514239,186,15,9302,2015,2084.0,0.0,0.23119,0.035965,RUS,AUT,850740
8514240,192,15,9302,2015,1134.0,0.0,2.05613,0.593065,SGP,AUT,850740
8514241,228,15,9302,2015,0.0,895.0,0.429879,0.701813,UKR,AUT,850740
8514242,231,15,9302,2015,0.0,6218.0,1.720478,-0.129322,USA,AUT,850740
8514243,61,18,9302,2015,21201.0,0.0,2.203818,-2.307561,DEU,BEL,850740
8514244,77,18,9302,2015,1470.0,1294.0,1.479792,0.6490239999999999,FRA,BEL,850740
8514245,110,18,9302,2015,0.0,930124.0,1.260071,0.545545,ISR,BEL,850740
8514246,131,18,9302,2015,1958.0,0.0,1.218924,1.247152,LUX,BEL,850740
8514247,159,18,9302,2015,0.0,11862.0,-1.415451,-1.157829,NGA,BEL,850740
8514248,162,18,9302,2015,375215.0,9276.0,1.230104,1.27344,NLD,BEL,850740
8514249,177,18,9302,2015,0.0,43945.0,1.145844,1.1449280000000002,POL,BEL,850740
8514250,210,18,9302,2015,0.0,1497.0,0.945973,-0.7548229999999999,SXM,BEL,850740
8514251,224,18,9302,2015,2357.0,7438.0,0.438669,2.519632,TUR,BEL,850740
8514252,231,18,9302,2015,8475.0,0.0,1.720478,-0.129322,USA,BEL,850740
8514253,249,18,9302,2015,1089.0,0.0,1.962832,1.214982,TWN,BEL,850740
8514254,61,23,9302,2015,1461.0,0.0,2.203818,-2.307561,DEU,BGR,850740
8514255,64,23,9302,2015,0.0,1042.0,1.157924,1.2045629999999998,DNK,BGR,850740
8514256,162,23,9302,2015,7406.0,0.0,1.230104,1.27344,NLD,BGR,850740
8514257,177,23,9302,2015,4320.0,0.0,1.145844,1.1449280000000002,POL,BGR,850740
8514258,186,23,9302,2015,7236.0,0.0,0.23119,0.035965,RUS,BGR,850740
8514259,224,23,9302,2015,1421.0,0.0,0.438669,2.519632,TUR,BGR,850740
8514260,228,23,9302,2015,1643.0,0.0,0.429879,0.701813,UKR,BGR,850740
8514261,231,25,9302,2015,7838.0,4185.0,1.720478,-0.129322,USA,BHS,850740
8514262,43,32,9302,2015,51360.0,0.0,1.077143,1.735757,CHN,BRA,850740
8514263,61,32,9302,2015,11351.0,0.0,2.203818,-2.307561,DEU,BRA,850740
8514264,77,32,9302,2015,25990.0,0.0,1.479792,0.6490239999999999,FRA,BRA,850740
8514265,114,32,9302,2015,46222.0,0.0,2.516133,-0.484202,JPN,BRA,850740
8514266,231,32,9302,2015,9431.0,3799.0,1.720478,-0.129322,USA,BRA,850740
8514267,14,39,9302,2015,0.0,10497.0,-0.292325,-0.043489,AUS,CAN,850740
8514268,41,39,9302,2015,1754.0,0.0,2.306075,0.720781,CHE,CAN,850740
8514269,43,39,9302,2015,99044.0,0.0,1.077143,1.735757,CHN,CAN,850740
8514270,61,39,9302,2015,10173.0,9529.0,2.203818,-2.307561,DEU,CAN,850740
8514271,64,39,9302,2015,2363.0,0.0,1.157924,1.2045629999999998,DNK,CAN,850740
8514272,81,39,9302,2015,1826.0,0.0,1.7422990000000003,0.75838,GBR,CAN,850740
8514273,114,39,9302,2015,8114.0,0.0,2.516133,-0.484202,JPN,CAN,850740
8514274,138,39,9302,2015,64349.0,0.0,1.169724,0.61457,MEX,CAN,850740
8514275,177,39,9302,2015,6572.0,0.0,1.145844,1.1449280000000002,POL,CAN,850740
8514276,192,39,9302,2015,0.0,7091.0,2.05613,0.593065,SGP,CAN,850740
8514277,208,39,9302,2015,1748.0,0.0,1.8068349999999997,0.693389,SWE,CAN,850740
8514278,224,39,9302,2015,0.0,5111.0,0.438669,2.519632,TUR,CAN,850740
8514279,231,39,9302,2015,356384.0,45093.0,1.720478,-0.129322,USA,CAN,850740
8514280,249,39,9302,2015,1527.0,0.0,1.962832,1.214982,TWN,CAN,850740
8514281,15,41,9302,2015,3049.0,2785.0,1.747098,-0.08026699999999999,AUT,CHE,850740
8514282,28,41,9302,2015,0.0,6522.0,0.672499,0.5584020000000001,BLR,CHE,850740
8514283,39,41,9302,2015,0.0,1754.0,0.695867,1.171676,CAN,CHE,850740
8514284,42,41,9302,2015,0.0,7565.0,-0.356167,-0.47629399999999994,CHL,CHE,850740
8514285,43,41,9302,2015,11500.0,0.0,1.077143,1.735757,CHN,CHE,850740
8514286,59,41,9302,2015,4245.0,0.0,1.743012,0.45424,CZE,CHE,850740
8514287,61,41,9302,2015,36944.0,1932.0,2.203818,-2.307561,DEU,CHE,850740
8514288,64,41,9302,2015,5859.0,0.0,1.157924,1.2045629999999998,DNK,CHE,850740
8514289,77,41,9302,2015,0.0,2699.0,1.479792,0.6490239999999999,FRA,CHE,850740
8514290,81,41,9302,2015,0.0,2560.0,1.7422990000000003,0.75838,GBR,CHE,850740
8514291,111,41,9302,2015,1804.0,5363.0,1.321127,0.747046,ITA,CHE,850740
8514292,153,41,9302,2015,0.0,1508.0,1.082803,0.811615,MYS,CHE,850740
8514293,160,41,9302,2015,0.0,805.0,-1.102989,-0.952276,NIC,CHE,850740
8514294,162,41,9302,2015,3229.0,0.0,1.230104,1.27344,NLD,CHE,850740
8514295,163,41,9302,2015,2479.0,0.0,0.950708,0.314339,NOR,CHE,850740
8514296,177,41,9302,2015,1089.0,0.0,1.145844,1.1449280000000002,POL,CHE,850740
8514297,208,41,9302,2015,0.0,30090.0,1.8068349999999997,0.693389,SWE,CHE,850740
8514298,231,41,9302,2015,113980.0,0.0,1.720478,-0.129322,USA,CHE,850740
8514299,249,41,9302,2015,88420.0,0.0,1.962832,1.214982,TWN,CHE,850740
8514300,41,42,9302,2015,7565.0,0.0,2.306075,0.720781,CHE,CHL,850740
8514301,43,42,9302,2015,70668.0,0.0,1.077143,1.735757,CHN,CHL,850740
8514302,61,42,9302,2015,4694.0,0.0,2.203818,-2.307561,DEU,CHL,850740
8514303,64,42,9302,2015,1145.0,0.0,1.157924,1.2045629999999998,DNK,CHL,850740
8514304,111,42,9302,2015,2327.0,0.0,1.321127,0.747046,ITA,CHL,850740
8514305,114,42,9302,2015,389818.0,0.0,2.516133,-0.484202,JPN,CHL,850740
8514306,138,42,9302,2015,5595.0,0.0,1.169724,0.61457,MEX,CHL,850740
8514307,153,42,9302,2015,4646.0,0.0,1.082803,0.811615,MYS,CHL,850740
8514308,163,42,9302,2015,9020.0,0.0,0.950708,0.314339,NOR,CHL,850740
8514309,231,42,9302,2015,2751.0,0.0,1.720478,-0.129322,USA,CHL,850740
8514310,250,42,9302,2015,34017.0,1464.0,0.377283,-0.092204,ANS,CHL,850740
8514311,2,43,9302,2015,0.0,264976.0,-1.6542,-1.2598989999999999,AGO,CHN,850740
8514312,4,43,9302,2015,0.0,4919.0,-0.601875,-0.27003,ALB,CHN,850740
8514313,7,43,9302,2015,0.0,1051710.0,0.21779600000000002,-0.0047420000000000006,ARE,CHN,850740
8514314,8,43,9302,2015,0.0,142261.0,0.116896,0.30330999999999997,ARG,CHN,850740
8514315,9,43,9302,2015,0.0,736.0,0.037579,-0.42448800000000003,ARM,CHN,850740
8514316,14,43,9302,2015,0.0,157189.0,-0.292325,-0.043489,AUS,CHN,850740
8514317,15,43,9302,2015,0.0,26511.0,1.747098,-0.08026699999999999,AUT,CHN,850740
8514318,19,43,9302,2015,0.0,751447.0,-0.5641470000000001,-0.8971020000000001,BEN,CHN,850740
8514319,21,43,9302,2015,0.0,104126.0,-1.085359,-1.034365,BFA,CHN,850740
8514320,22,43,9302,2015,0.0,145394.0,-1.088465,-0.8745360000000001,BGD,CHN,850740
8514321,24,43,9302,2015,0.0,21039.0,0.36650900000000003,-0.28735,BHR,CHN,850740
8514322,28,43,9302,2015,0.0,19851.0,0.672499,0.5584020000000001,BLR,CHN,850740
8514323,29,43,9302,2015,0.0,42663.0,-0.24283600000000002,-0.577408,BLZ,CHN,850740
8514324,31,43,9302,2015,0.0,69271.0,-1.051562,-1.067714,BOL,CHN,850740
8514325,32,43,9302,2015,0.0,51360.0,0.23656799999999997,0.688607,BRA,CHN,850740
8514326,37,43,9302,2015,0.0,980.0,-0.14164200000000002,-1.0372059999999999,BWA,CHN,850740
8514327,39,43,9302,2015,0.0,99044.0,0.695867,1.171676,CAN,CHN,850740
8514328,41,43,9302,2015,0.0,11500.0,2.306075,0.720781,CHE,CHN,850740
8514329,42,43,9302,2015,0.0,70668.0,-0.356167,-0.47629399999999994,CHL,CHN,850740
8514330,44,43,9302,2015,0.0,163063.0,-0.856142,-0.905292,CIV,CHN,850740
8514331,45,43,9302,2015,0.0,218466.0,-0.924366,-1.040721,CMR,CHN,850740
8514332,47,43,9302,2015,0.0,57754.0,-1.294823,-1.18811,COG,CHN,850740
8514333,58,43,9302,2015,0.0,1002.0,0.511225,-0.207261,CYP,CHN,850740
8514334,59,43,9302,2015,0.0,23593.0,1.743012,0.45424,CZE,CHN,850740
8514335,61,43,9302,2015,20891.0,100826.0,2.203818,-2.307561,DEU,CHN,850740
8514336,64,43,9302,2015,0.0,7093.0,1.157924,1.2045629999999998,DNK,CHN,850740
8514337,65,43,9302,2015,0.0,44550.0,-0.212808,0.395873,DOM,CHN,850740
8514338,67,43,9302,2015,0.0,2274.0,-0.9845959999999999,-1.075639,ECU,CHN,850740
8514339,68,43,9302,2015,0.0,2140116.0,-0.183053,1.765036,EGY,CHN,850740
8514340,71,43,9302,2015,0.0,100536.0,0.8173590000000001,2.442556,ESP,CHN,850740
8514341,72,43,9302,2015,0.0,23325.0,0.9281149999999999,1.1780389999999998,EST,CHN,850740
8514342,73,43,9302,2015,0.0,4662.0,-1.004896,-0.721019,ETH,CHN,850740
8514343,74,43,9302,2015,0.0,12483.0,1.597817,0.998059,FIN,CHN,850740
8514344,75,43,9302,2015,0.0,4974.0,-0.481968,-0.201468,FJI,CHN,850740
8514345,77,43,9302,2015,0.0,283800.0,1.479792,0.6490239999999999,FRA,CHN,850740
8514346,81,43,9302,2015,0.0,305570.0,1.7422990000000003,0.75838,GBR,CHN,850740
8514347,83,43,9302,2015,0.0,1043393.0,-0.750568,-0.690257,GHA,CHN,850740
8514348,85,43,9302,2015,0.0,193486.0,-1.288329,-1.167532,GIN,CHN,850740
8514349,90,43,9302,2015,0.0,24249.0,0.099027,1.012289,GRC,CHN,850740
8514350,93,43,9302,2015,0.0,2808.0,-0.284403,0.525564,GTM,CHN,850740
8514351,96,43,9302,2015,0.0,95191.0,-1.018758,-1.056085,GUY,CHN,850740
8514352,97,43,9302,2015,2152848.0,963741.0,0.8255290000000001,1.8017279999999998,HKG,CHN,850740
8514353,99,43,9302,2015,0.0,14983.0,-0.578635,-0.292053,HND,CHN,850740
8514354,103,43,9302,2015,0.0,2778226.0,-0.145103,1.277362,IDN,CHN,850740
8514355,104,43,9302,2015,0.0,1678029.0,0.24230900000000002,2.8190880000000003,IND,CHN,850740
8514356,106,43,9302,2015,0.0,7080.0,1.304942,0.126431,IRL,CHN,850740
8514357,107,43,9302,2015,0.0,1093200.0,-0.258946,-0.0073420000000000004,IRN,CHN,850740
8514358,109,43,9302,2015,0.0,2620.0,0.24527600000000002,-0.411616,ISL,CHN,850740
8514359,110,43,9302,2015,0.0,244264.0,1.260071,0.545545,ISR,CHN,850740
8514360,111,43,9302,2015,0.0,221204.0,1.321127,0.747046,ITA,CHN,850740
8514361,113,43,9302,2015,0.0,1113.0,0.121172,0.457301,JOR,CHN,850740
8514362,115,43,9302,2015,0.0,24832.0,-0.45091499999999995,-0.652026,KAZ,CHN,850740
8514363,116,43,9302,2015,0.0,711706.0,-0.453564,0.433325,KEN,CHN,850740
8514364,117,43,9302,2015,0.0,113518.0,0.02058,0.438692,KGZ,CHN,850740
8514365,121,43,9302,2015,0.0,14240.0,1.900653,0.859406,KOR,CHN,850740
8514366,122,43,9302,2015,0.0,1089.0,-0.352023,-1.153057,KWT,CHN,850740
8514367,124,43,9302,2015,0.0,155068.0,0.317355,1.330374,LBN,CHN,850740
8514368,128,43,9302,2015,0.0,3109.0,-0.6773399999999999,0.386343,LKA,CHN,850740
8514369,130,43,9302,2015,0.0,5807.0,0.749429,1.3659860000000001,LTU,CHN,850740
8514370,136,43,9302,2015,0.0,197230.0,-1.15947,-0.497217,MDG,CHN,850740
8514371,138,43,9302,2015,0.0,12382.0,1.169724,0.61457,MEX,CHN,850740
8514372,140,43,9302,2015,0.0,4495.0,-0.09009600000000001,-0.147359,MKD,CHN,850740
8514373,143,43,9302,2015,0.0,10943.0,-1.4596120000000001,-0.903904,MMR,CHN,850740
8514374,147,43,9302,2015,0.0,24962.0,-1.293809,-1.115069,MOZ,CHN,850740
8514375,151,43,9302,2015,0.0,2623.0,-0.231762,-0.195051,MUS,CHN,850740
8514376,152,43,9302,2015,0.0,19271.0,-0.549862,-0.8753190000000001,MWI,CHN,850740
8514377,153,43,9302,2015,6517.0,5281590.0,1.082803,0.811615,MYS,CHN,850740
8514378,155,43,9302,2015,0.0,5221.0,-0.43457399999999996,-0.665655,NAM,CHN,850740
8514379,159,43,9302,2015,0.0,1556791.0,-1.415451,-1.157829,NGA,CHN,850740
8514380,160,43,9302,2015,0.0,52741.0,-1.102989,-0.952276,NIC,CHN,850740
8514381,162,43,9302,2015,0.0,99368.0,1.230104,1.27344,NLD,CHN,850740
8514382,163,43,9302,2015,0.0,22385.0,0.950708,0.314339,NOR,CHN,850740
8514383,164,43,9302,2015,0.0,100795.0,-0.290416,0.456716,NPL,CHN,850740
8514384,166,43,9302,2015,0.0,13510.0,0.224598,0.253179,NZL,CHN,850740
8514385,167,43,9302,2015,0.0,17383.0,-0.4699,-1.00451,OMN,CHN,850740
8514386,168,43,9302,2015,0.0,66307.0,-0.7059979999999999,0.73501,PAK,CHN,850740
8514387,173,43,9302,2015,0.0,28990.0,-0.6007819999999999,0.32152800000000004,PER,CHN,850740
8514388,174,43,9302,2015,0.0,1021848.0,0.6406270000000001,0.45770200000000005,PHL,CHN,850740
8514389,177,43,9302,2015,0.0,7095.0,1.145844,1.1449280000000002,POL,CHN,850740
8514390,179,43,9302,2015,0.0,5071.0,0.561922,2.2276380000000002,PRT,CHN,850740
8514391,180,43,9302,2015,0.0,1016297.0,-0.471106,-0.9431139999999999,PRY,CHN,850740
8514392,181,43,9302,2015,0.0,856.0,0.060575,0.5649489999999999,PSE,CHN,850740
8514393,183,43,9302,2015,0.0,24094.0,-0.077053,-0.9922719999999999,QAT,CHN,850740
8514394,185,43,9302,2015,0.0,9556.0,0.946363,1.056775,ROU,CHN,850740
8514395,186,43,9302,2015,0.0,175530.0,0.23119,0.035965,RUS,CHN,850740
8514396,187,43,9302,2015,0.0,55062.0,-0.755738,-0.4423,RWA,CHN,850740
8514397,188,43,9302,2015,0.0,320004.0,0.5552520000000001,-0.7263229999999999,SAU,CHN,850740
8514398,190,43,9302,2015,0.0,419532.0,-1.420356,-1.218424,SDN,CHN,850740
8514399,191,43,9302,2015,0.0,343797.0,-0.708349,-0.296663,SEN,CHN,850740
8514400,192,43,9302,2015,97598.0,3865881.0,2.05613,0.593065,SGP,CHN,850740
8514401,195,43,9302,2015,0.0,4954.0,-1.167451,-0.931206,SLB,CHN,850740
8514402,201,43,9302,2015,0.0,3875.0,0.457042,1.324908,SRB,CHN,850740
8514403,207,43,9302,2015,0.0,9518.0,1.6089879999999999,0.833616,SVN,CHN,850740
8514404,208,43,9302,2015,0.0,1507.0,1.8068349999999997,0.693389,SWE,CHN,850740
8514405,211,43,9302,2015,0.0,5687.0,1.017467,-0.285569,SYC,CHN,850740
8514406,212,43,9302,2015,0.0,227463.0,-0.603532,0.313216,SYR,CHN,850740
8514407,215,43,9302,2015,0.0,49195.0,-0.66925,-0.873554,TGO,CHN,850740
8514408,216,43,9302,2015,0.0,1938492.0,0.965888,1.368572,THA,CHN,850740
8514409,217,43,9302,2015,0.0,114818.0,-1.134216,-1.174245,TJK,CHN,850740
8514410,219,43,9302,2015,0.0,88167.0,-1.546516,-1.315803,TKM,CHN,850740
8514411,222,43,9302,2015,0.0,1587.0,-0.462837,-1.117621,TTO,CHN,850740
8514412,223,43,9302,2015,0.0,290769.0,0.140202,0.967591,TUN,CHN,850740
8514413,224,43,9302,2015,0.0,884500.0,0.438669,2.519632,TUR,CHN,850740
8514414,226,43,9302,2015,0.0,690352.0,-1.02395,-0.017509999999999998,TZA,CHN,850740
8514415,227,43,9302,2015,0.0,1083.0,-0.611023,0.078961,UGA,CHN,850740
8514416,228,43,9302,2015,0.0,242174.0,0.429879,0.701813,UKR,CHN,850740
8514417,230,43,9302,2015,0.0,66354.0,0.273876,-0.363695,URY,CHN,850740
8514418,231,43,9302,2015,3273.0,740002.0,1.720478,-0.129322,USA,CHN,850740
8514419,236,43,9302,2015,0.0,1008.0,-0.9249129999999999,-1.1877280000000001,VEN,CHN,850740
8514420,239,43,9302,2015,0.0,60942196.0,-0.17108900000000002,1.10995,VNM,CHN,850740
8514421,243,43,9302,2015,0.0,54874.0,-1.048632,-1.10843,YEM,CHN,850740
8514422,246,43,9302,2015,0.0,13492.0,0.24944699999999997,1.7573159999999999,ZAF,CHN,850740
8514423,249,43,9302,2015,0.0,207083.0,1.962832,1.214982,TWN,CHN,850740
8514424,43,44,9302,2015,163063.0,0.0,1.077143,1.735757,CHN,CIV,850740
8514425,77,44,9302,2015,6362.0,0.0,1.479792,0.6490239999999999,FRA,CIV,850740
8514426,61,49,9302,2015,2655.0,0.0,2.203818,-2.307561,DEU,COL,850740
8514427,231,49,9302,2015,76033.0,4430.0,1.720478,-0.129322,USA,COL,850740
8514428,231,52,9302,2015,10344.0,0.0,1.720478,-0.129322,USA,CRI,850740
8514429,7,59,9302,2015,0.0,3202.0,0.21779600000000002,-0.0047420000000000006,ARE,CZE,850740
8514430,41,59,9302,2015,0.0,4245.0,2.306075,0.720781,CHE,CZE,850740
8514431,43,59,9302,2015,23593.0,0.0,1.077143,1.735757,CHN,CZE,850740
8514432,61,59,9302,2015,35196.0,0.0,2.203818,-2.307561,DEU,CZE,850740
8514433,81,59,9302,2015,5892.0,0.0,1.7422990000000003,0.75838,GBR,CZE,850740
8514434,102,59,9302,2015,6524.0,3521.0,1.462839,0.803258,HUN,CZE,850740
8514435,111,59,9302,2015,2465.0,0.0,1.321127,0.747046,ITA,CZE,850740
8514436,162,59,9302,2015,13485.0,5519.0,1.230104,1.27344,NLD,CZE,850740
8514437,206,59,9302,2015,0.0,1567.0,1.287133,0.7900560000000001,SVK,CZE,850740
8514438,7,61,9302,2015,0.0,3725.0,0.21779600000000002,-0.0047420000000000006,ARE,DEU,850740
8514439,8,61,9302,2015,0.0,1191.0,0.116896,0.30330999999999997,ARG,DEU,850740
8514440,13,61,9302,2015,0.0,3666.0,0.43318,-0.552045,ATG,DEU,850740
8514441,14,61,9302,2015,0.0,10778.0,-0.292325,-0.043489,AUS,DEU,850740
8514442,15,61,9302,2015,5151.0,63708.0,1.747098,-0.08026699999999999,AUT,DEU,850740
8514443,18,61,9302,2015,0.0,21201.0,1.329866,1.100641,BEL,DEU,850740
8514444,23,61,9302,2015,0.0,1461.0,0.45640699999999995,1.691455,BGR,DEU,850740
8514445,31,61,9302,2015,0.0,1276.0,-1.051562,-1.067714,BOL,DEU,850740
8514446,32,61,9302,2015,0.0,11351.0,0.23656799999999997,0.688607,BRA,DEU,850740
8514447,39,61,9302,2015,9529.0,10173.0,0.695867,1.171676,CAN,DEU,850740
8514448,41,61,9302,2015,1932.0,36944.0,2.306075,0.720781,CHE,DEU,850740
8514449,42,61,9302,2015,0.0,4694.0,-0.356167,-0.47629399999999994,CHL,DEU,850740
8514450,43,61,9302,2015,100826.0,20891.0,1.077143,1.735757,CHN,DEU,850740
8514451,47,61,9302,2015,0.0,1068.0,-1.294823,-1.18811,COG,DEU,850740
8514452,49,61,9302,2015,0.0,2655.0,0.156383,-0.183055,COL,DEU,850740
8514453,58,61,9302,2015,0.0,2813.0,0.511225,-0.207261,CYP,DEU,850740
8514454,59,61,9302,2015,0.0,35196.0,1.743012,0.45424,CZE,DEU,850740
8514455,64,61,9302,2015,0.0,3518.0,1.157924,1.2045629999999998,DNK,DEU,850740
8514456,67,61,9302,2015,0.0,1533.0,-0.9845959999999999,-1.075639,ECU,DEU,850740
8514457,68,61,9302,2015,0.0,89742.0,-0.183053,1.765036,EGY,DEU,850740
8514458,71,61,9302,2015,4684.0,76982.0,0.8173590000000001,2.442556,ESP,DEU,850740
8514459,72,61,9302,2015,0.0,2968.0,0.9281149999999999,1.1780389999999998,EST,DEU,850740
8514460,74,61,9302,2015,0.0,31828.0,1.597817,0.998059,FIN,DEU,850740
8514461,77,61,9302,2015,1310.0,116013.0,1.479792,0.6490239999999999,FRA,DEU,850740
8514462,81,61,9302,2015,3349.0,131305.0,1.7422990000000003,0.75838,GBR,DEU,850740
8514463,90,61,9302,2015,0.0,37141.0,0.099027,1.012289,GRC,DEU,850740
8514464,97,61,9302,2015,99155.0,0.0,0.8255290000000001,1.8017279999999998,HKG,DEU,850740
8514465,100,61,9302,2015,0.0,6317.0,0.7590140000000001,1.257415,HRV,DEU,850740
8514466,102,61,9302,2015,0.0,7356.0,1.462839,0.803258,HUN,DEU,850740
8514467,106,61,9302,2015,0.0,1501.0,1.304942,0.126431,IRL,DEU,850740
8514468,107,61,9302,2015,0.0,15996.0,-0.258946,-0.0073420000000000004,IRN,DEU,850740
8514469,110,61,9302,2015,0.0,6190.0,1.260071,0.545545,ISR,DEU,850740
8514470,111,61,9302,2015,0.0,161307.0,1.321127,0.747046,ITA,DEU,850740
8514471,114,61,9302,2015,682003.0,5683.0,2.516133,-0.484202,JPN,DEU,850740
8514472,115,61,9302,2015,0.0,3047.0,-0.45091499999999995,-0.652026,KAZ,DEU,850740
8514473,121,61,9302,2015,0.0,51681.0,1.900653,0.859406,KOR,DEU,850740
8514474,130,61,9302,2015,0.0,2815.0,0.749429,1.3659860000000001,LTU,DEU,850740
8514475,131,61,9302,2015,0.0,1676.0,1.218924,1.247152,LUX,DEU,850740
8514476,134,61,9302,2015,0.0,1175.0,-0.7554810000000001,-0.059697,MAR,DEU,850740
8514477,138,61,9302,2015,0.0,5914.0,1.169724,0.61457,MEX,DEU,850740
8514478,151,61,9302,2015,0.0,2141.0,-0.231762,-0.195051,MUS,DEU,850740
8514479,159,61,9302,2015,0.0,47556.0,-1.415451,-1.157829,NGA,DEU,850740
8514480,162,61,9302,2015,224123.0,65834.0,1.230104,1.27344,NLD,DEU,850740
8514481,163,61,9302,2015,22454.0,4917.0,0.950708,0.314339,NOR,DEU,850740
8514482,164,61,9302,2015,0.0,85837.0,-0.290416,0.456716,NPL,DEU,850740
8514483,166,61,9302,2015,0.0,2492.0,0.224598,0.253179,NZL,DEU,850740
8514484,169,61,9302,2015,0.0,1992.0,0.642058,0.833392,PAN,DEU,850740
8514485,177,61,9302,2015,0.0,22090.0,1.145844,1.1449280000000002,POL,DEU,850740
8514486,183,61,9302,2015,0.0,3280.0,-0.077053,-0.9922719999999999,QAT,DEU,850740
8514487,185,61,9302,2015,0.0,15742.0,0.946363,1.056775,ROU,DEU,850740
8514488,186,61,9302,2015,0.0,5065.0,0.23119,0.035965,RUS,DEU,850740
8514489,191,61,9302,2015,0.0,14072.0,-0.708349,-0.296663,SEN,DEU,850740
8514490,201,61,9302,2015,0.0,4204.0,0.457042,1.324908,SRB,DEU,850740
8514491,206,61,9302,2015,0.0,2982.0,1.287133,0.7900560000000001,SVK,DEU,850740
8514492,207,61,9302,2015,0.0,12936.0,1.6089879999999999,0.833616,SVN,DEU,850740
8514493,208,61,9302,2015,7187.0,25432.0,1.8068349999999997,0.693389,SWE,DEU,850740
8514494,216,61,9302,2015,0.0,1916.0,0.965888,1.368572,THA,DEU,850740
8514495,224,61,9302,2015,12396.0,107811.0,0.438669,2.519632,TUR,DEU,850740
8514496,228,61,9302,2015,11468.0,789.0,0.429879,0.701813,UKR,DEU,850740
8514497,231,61,9302,2015,119512.0,82724.0,1.720478,-0.129322,USA,DEU,850740
8514498,239,61,9302,2015,0.0,125840.0,-0.17108900000000002,1.10995,VNM,DEU,850740
8514499,249,61,9302,2015,126044.0,0.0,1.962832,1.214982,TWN,DEU,850740
8514500,14,64,9302,2015,0.0,6930.0,-0.292325,-0.043489,AUS,DNK,850740
8514501,15,64,9302,2015,6532.0,0.0,1.747098,-0.08026699999999999,AUT,DNK,850740
8514502,23,64,9302,2015,1042.0,0.0,0.45640699999999995,1.691455,BGR,DNK,850740
8514503,39,64,9302,2015,0.0,2363.0,0.695867,1.171676,CAN,DNK,850740
8514504,41,64,9302,2015,0.0,5859.0,2.306075,0.720781,CHE,DNK,850740
8514505,42,64,9302,2015,0.0,1145.0,-0.356167,-0.47629399999999994,CHL,DNK,850740
8514506,43,64,9302,2015,7093.0,0.0,1.077143,1.735757,CHN,DNK,850740
8514507,61,64,9302,2015,3518.0,0.0,2.203818,-2.307561,DEU,DNK,850740
8514508,74,64,9302,2015,1695.0,1769.0,1.597817,0.998059,FIN,DNK,850740
8514509,77,64,9302,2015,0.0,2628.0,1.479792,0.6490239999999999,FRA,DNK,850740
8514510,81,64,9302,2015,0.0,1741.0,1.7422990000000003,0.75838,GBR,DNK,850740
8514511,97,64,9302,2015,19451.0,0.0,0.8255290000000001,1.8017279999999998,HKG,DNK,850740
8514512,106,64,9302,2015,1885.0,0.0,1.304942,0.126431,IRL,DNK,850740
8514513,132,64,9302,2015,2214.0,0.0,0.602209,1.125357,LVA,DNK,850740
8514514,162,64,9302,2015,39759.0,1763.0,1.230104,1.27344,NLD,DNK,850740
8514515,163,64,9302,2015,0.0,4124.0,0.950708,0.314339,NOR,DNK,850740
8514516,177,64,9302,2015,483417.0,0.0,1.145844,1.1449280000000002,POL,DNK,850740
8514517,192,64,9302,2015,0.0,1362.0,2.05613,0.593065,SGP,DNK,850740
8514518,208,64,9302,2015,0.0,15913.0,1.8068349999999997,0.693389,SWE,DNK,850740
8514519,231,64,9302,2015,4779.0,1181.0,1.720478,-0.129322,USA,DNK,850740
8514520,249,64,9302,2015,17123.0,3852.0,1.962832,1.214982,TWN,DNK,850740
8514521,43,65,9302,2015,44550.0,0.0,1.077143,1.735757,CHN,DOM,850740
8514522,231,65,9302,2015,17084.0,0.0,1.720478,-0.129322,USA,DOM,850740
8514523,43,67,9302,2015,2274.0,0.0,1.077143,1.735757,CHN,ECU,850740
8514524,61,67,9302,2015,1533.0,0.0,2.203818,-2.307561,DEU,ECU,850740
8514525,97,67,9302,2015,45821.0,0.0,0.8255290000000001,1.8017279999999998,HKG,ECU,850740
8514526,231,67,9302,2015,31440.0,0.0,1.720478,-0.129322,USA,ECU,850740
8514527,43,71,9302,2015,100536.0,0.0,1.077143,1.735757,CHN,ESP,850740
8514528,61,71,9302,2015,76982.0,4684.0,2.203818,-2.307561,DEU,ESP,850740
8514529,77,71,9302,2015,1051.0,17493.0,1.479792,0.6490239999999999,FRA,ESP,850740
8514530,84,71,9302,2015,0.0,2156.0,0.535143,-0.750155,GIB,ESP,850740
8514531,97,71,9302,2015,2182.0,0.0,0.8255290000000001,1.8017279999999998,HKG,ESP,850740
8514532,104,71,9302,2015,9149.0,0.0,0.24230900000000002,2.8190880000000003,IND,ESP,850740
8514533,106,71,9302,2015,0.0,339745.0,1.304942,0.126431,IRL,ESP,850740
8514534,111,71,9302,2015,0.0,2182.0,1.321127,0.747046,ITA,ESP,850740
8514535,121,71,9302,2015,10556.0,2168.0,1.900653,0.859406,KOR,ESP,850740
8514536,162,71,9302,2015,40548.0,5569.0,1.230104,1.27344,NLD,ESP,850740
8514537,179,71,9302,2015,0.0,7934.0,0.561922,2.2276380000000002,PRT,ESP,850740
8514538,228,71,9302,2015,5868.0,0.0,0.429879,0.701813,UKR,ESP,850740
8514539,7,72,9302,2015,0.0,1929.0,0.21779600000000002,-0.0047420000000000006,ARE,EST,850740
8514540,43,72,9302,2015,23325.0,0.0,1.077143,1.735757,CHN,EST,850740
8514541,61,72,9302,2015,2968.0,0.0,2.203818,-2.307561,DEU,EST,850740
8514542,132,72,9302,2015,26383.0,20301.0,0.602209,1.125357,LVA,EST,850740
8514543,162,72,9302,2015,1974.0,0.0,1.230104,1.27344,NLD,EST,850740
8514544,208,72,9302,2015,1069.0,0.0,1.8068349999999997,0.693389,SWE,EST,850740
8514545,18,77,9302,2015,1294.0,1470.0,1.329866,1.100641,BEL,FRA,850740
8514546,28,77,9302,2015,0.0,1193.0,0.672499,0.5584020000000001,BLR,FRA,850740
8514547,32,77,9302,2015,0.0,25990.0,0.23656799999999997,0.688607,BRA,FRA,850740
8514548,41,77,9302,2015,2699.0,0.0,2.306075,0.720781,CHE,FRA,850740
8514549,43,77,9302,2015,283800.0,0.0,1.077143,1.735757,CHN,FRA,850740
8514550,44,77,9302,2015,0.0,6362.0,-0.856142,-0.905292,CIV,FRA,850740
8514551,61,77,9302,2015,116013.0,1310.0,2.203818,-2.307561,DEU,FRA,850740
8514552,64,77,9302,2015,2628.0,0.0,1.157924,1.2045629999999998,DNK,FRA,850740
8514553,68,77,9302,2015,0.0,3245.0,-0.183053,1.765036,EGY,FRA,850740
8514554,71,77,9302,2015,17493.0,1051.0,0.8173590000000001,2.442556,ESP,FRA,850740
8514555,81,77,9302,2015,14840.0,0.0,1.7422990000000003,0.75838,GBR,FRA,850740
8514556,90,77,9302,2015,0.0,2439.0,0.099027,1.012289,GRC,FRA,850740
8514557,103,77,9302,2015,0.0,1387.0,-0.145103,1.277362,IDN,FRA,850740
8514558,110,77,9302,2015,3425.0,0.0,1.260071,0.545545,ISR,FRA,850740
8514559,111,77,9302,2015,0.0,2068.0,1.321127,0.747046,ITA,FRA,850740
8514560,114,77,9302,2015,1517.0,0.0,2.516133,-0.484202,JPN,FRA,850740
8514561,131,77,9302,2015,983.0,2119.0,1.218924,1.247152,LUX,FRA,850740
8514562,134,77,9302,2015,0.0,1167.0,-0.7554810000000001,-0.059697,MAR,FRA,850740
8514563,142,77,9302,2015,1315.0,0.0,0.880893,-0.117585,MLT,FRA,850740
8514564,162,77,9302,2015,100421.0,70693.0,1.230104,1.27344,NLD,FRA,850740
8514565,163,77,9302,2015,0.0,1037.0,0.950708,0.314339,NOR,FRA,850740
8514566,179,77,9302,2015,0.0,2324.0,0.561922,2.2276380000000002,PRT,FRA,850740
8514567,185,77,9302,2015,0.0,1135.0,0.946363,1.056775,ROU,FRA,850740
8514568,188,77,9302,2015,0.0,92930.0,0.5552520000000001,-0.7263229999999999,SAU,FRA,850740
8514569,192,77,9302,2015,0.0,20001.0,2.05613,0.593065,SGP,FRA,850740
8514570,224,77,9302,2015,0.0,11262.0,0.438669,2.519632,TUR,FRA,850740
8514571,231,77,9302,2015,10305.0,19376.0,1.720478,-0.129322,USA,FRA,850740
8514572,239,77,9302,2015,0.0,2083.0,-0.17108900000000002,1.10995,VNM,FRA,850740
8514573,249,77,9302,2015,11902.0,0.0,1.962832,1.214982,TWN,FRA,850740
8514574,14,81,9302,2015,1480.0,0.0,-0.292325,-0.043489,AUS,GBR,850740
8514575,39,81,9302,2015,0.0,1826.0,0.695867,1.171676,CAN,GBR,850740
8514576,41,81,9302,2015,2560.0,0.0,2.306075,0.720781,CHE,GBR,850740
8514577,43,81,9302,2015,305570.0,0.0,1.077143,1.735757,CHN,GBR,850740
8514578,59,81,9302,2015,0.0,5892.0,1.743012,0.45424,CZE,GBR,850740
8514579,61,81,9302,2015,131305.0,3349.0,2.203818,-2.307561,DEU,GBR,850740
8514580,64,81,9302,2015,1741.0,0.0,1.157924,1.2045629999999998,DNK,GBR,850740
8514581,68,81,9302,2015,0.0,11101.0,-0.183053,1.765036,EGY,GBR,850740
8514582,74,81,9302,2015,0.0,4590.0,1.597817,0.998059,FIN,GBR,850740
8514583,77,81,9302,2015,0.0,14840.0,1.479792,0.6490239999999999,FRA,GBR,850740
8514584,82,81,9302,2015,0.0,2337.0,-0.343663,-0.588017,GEO,GBR,850740
8514585,93,81,9302,2015,0.0,3315.0,-0.284403,0.525564,GTM,GBR,850740
8514586,97,81,9302,2015,2840.0,0.0,0.8255290000000001,1.8017279999999998,HKG,GBR,850740
8514587,106,81,9302,2015,0.0,4279.0,1.304942,0.126431,IRL,GBR,850740
8514588,110,81,9302,2015,0.0,5136.0,1.260071,0.545545,ISR,GBR,850740
8514589,111,81,9302,2015,0.0,81413.0,1.321127,0.747046,ITA,GBR,850740
8514590,114,81,9302,2015,0.0,2557.0,2.516133,-0.484202,JPN,GBR,850740
8514591,115,81,9302,2015,0.0,5843.0,-0.45091499999999995,-0.652026,KAZ,GBR,850740
8514592,116,81,9302,2015,0.0,980.0,-0.453564,0.433325,KEN,GBR,850740
8514593,121,81,9302,2015,0.0,4174.0,1.900653,0.859406,KOR,GBR,850740
8514594,128,81,9302,2015,0.0,3583.0,-0.6773399999999999,0.386343,LKA,GBR,850740
8514595,138,81,9302,2015,163465.0,0.0,1.169724,0.61457,MEX,GBR,850740
8514596,151,81,9302,2015,0.0,5223.0,-0.231762,-0.195051,MUS,GBR,850740
8514597,160,81,9302,2015,0.0,866.0,-1.102989,-0.952276,NIC,GBR,850740
8514598,162,81,9302,2015,126667.0,10168.0,1.230104,1.27344,NLD,GBR,850740
8514599,163,81,9302,2015,1467.0,2698.0,0.950708,0.314339,NOR,GBR,850740
8514600,166,81,9302,2015,0.0,6334.0,0.224598,0.253179,NZL,GBR,850740
8514601,167,81,9302,2015,0.0,3425.0,-0.4699,-1.00451,OMN,GBR,850740
8514602,186,81,9302,2015,0.0,34144.0,0.23119,0.035965,RUS,GBR,850740
8514603,192,81,9302,2015,0.0,1739.0,2.05613,0.593065,SGP,GBR,850740
8514604,224,81,9302,2015,16775.0,0.0,0.438669,2.519632,TUR,GBR,850740
8514605,231,81,9302,2015,71709.0,148358.0,1.720478,-0.129322,USA,GBR,850740
8514606,249,81,9302,2015,1331.0,0.0,1.962832,1.214982,TWN,GBR,850740
8514607,43,93,9302,2015,2808.0,0.0,1.077143,1.735757,CHN,GTM,850740
8514608,81,93,9302,2015,3315.0,0.0,1.7422990000000003,0.75838,GBR,GTM,850740
8514609,231,93,9302,2015,1226.0,0.0,1.720478,-0.129322,USA,GTM,850740
8514610,7,97,9302,2015,0.0,1952.0,0.21779600000000002,-0.0047420000000000006,ARE,HKG,850740
8514611,28,97,9302,2015,0.0,984.0,0.672499,0.5584020000000001,BLR,HKG,850740
8514612,43,97,9302,2015,963741.0,2152848.0,1.077143,1.735757,CHN,HKG,850740
8514613,61,97,9302,2015,0.0,99155.0,2.203818,-2.307561,DEU,HKG,850740
8514614,64,97,9302,2015,0.0,19451.0,1.157924,1.2045629999999998,DNK,HKG,850740
8514615,67,97,9302,2015,0.0,45821.0,-0.9845959999999999,-1.075639,ECU,HKG,850740
8514616,68,97,9302,2015,0.0,1282.0,-0.183053,1.765036,EGY,HKG,850740
8514617,71,97,9302,2015,0.0,2182.0,0.8173590000000001,2.442556,ESP,HKG,850740
8514618,81,97,9302,2015,0.0,2840.0,1.7422990000000003,0.75838,GBR,HKG,850740
8514619,103,97,9302,2015,0.0,2579.0,-0.145103,1.277362,IDN,HKG,850740
8514620,107,97,9302,2015,0.0,2958.0,-0.258946,-0.0073420000000000004,IRN,HKG,850740
8514621,110,97,9302,2015,0.0,66005.0,1.260071,0.545545,ISR,HKG,850740
8514622,114,97,9302,2015,159626.0,0.0,2.516133,-0.484202,JPN,HKG,850740
8514623,123,97,9302,2015,0.0,1851966.0,-0.927524,-0.74525,LAO,HKG,850740
8514624,130,97,9302,2015,0.0,3578.0,0.749429,1.3659860000000001,LTU,HKG,850740
8514625,153,97,9302,2015,0.0,2815.0,1.082803,0.811615,MYS,HKG,850740
8514626,155,97,9302,2015,0.0,1437.0,-0.43457399999999996,-0.665655,NAM,HKG,850740
8514627,162,97,9302,2015,0.0,169585.0,1.230104,1.27344,NLD,HKG,850740
8514628,174,97,9302,2015,0.0,36530.0,0.6406270000000001,0.45770200000000005,PHL,HKG,850740
8514629,230,97,9302,2015,0.0,13677.0,0.273876,-0.363695,URY,HKG,850740
8514630,231,97,9302,2015,2465.0,287682.0,1.720478,-0.129322,USA,HKG,850740
8514631,246,97,9302,2015,0.0,10571.0,0.24944699999999997,1.7573159999999999,ZAF,HKG,850740
8514632,249,97,9302,2015,11916.0,21683.0,1.962832,1.214982,TWN,HKG,850740
8514633,43,99,9302,2015,14983.0,0.0,1.077143,1.735757,CHN,HND,850740
8514634,231,99,9302,2015,1681.0,0.0,1.720478,-0.129322,USA,HND,850740
8514635,15,102,9302,2015,11234.0,0.0,1.747098,-0.08026699999999999,AUT,HUN,850740
8514636,59,102,9302,2015,3521.0,6524.0,1.743012,0.45424,CZE,HUN,850740
8514637,61,102,9302,2015,7356.0,0.0,2.203818,-2.307561,DEU,HUN,850740
8514638,111,102,9302,2015,425848.0,0.0,1.321127,0.747046,ITA,HUN,850740
8514639,162,102,9302,2015,11861.0,0.0,1.230104,1.27344,NLD,HUN,850740
8514640,224,102,9302,2015,941.0,0.0,0.438669,2.519632,TUR,HUN,850740
8514641,228,102,9302,2015,0.0,12805.0,0.429879,0.701813,UKR,HUN,850740
8514642,14,103,9302,2015,1483.0,0.0,-0.292325,-0.043489,AUS,IDN,850740
8514643,43,103,9302,2015,2778226.0,0.0,1.077143,1.735757,CHN,IDN,850740
8514644,77,103,9302,2015,1387.0,0.0,1.479792,0.6490239999999999,FRA,IDN,850740
8514645,97,103,9302,2015,2579.0,0.0,0.8255290000000001,1.8017279999999998,HKG,IDN,850740
8514646,114,103,9302,2015,2634.0,0.0,2.516133,-0.484202,JPN,IDN,850740
8514647,153,103,9302,2015,31500.0,0.0,1.082803,0.811615,MYS,IDN,850740
8514648,186,103,9302,2015,0.0,1204.0,0.23119,0.035965,RUS,IDN,850740
8514649,192,103,9302,2015,22709.0,0.0,2.05613,0.593065,SGP,IDN,850740
8514650,224,103,9302,2015,12729.0,0.0,0.438669,2.519632,TUR,IDN,850740
8514651,227,103,9302,2015,0.0,4542.0,-0.611023,0.078961,UGA,IDN,850740
8514652,228,103,9302,2015,0.0,23331.0,0.429879,0.701813,UKR,IDN,850740
8514653,231,103,9302,2015,12204.0,0.0,1.720478,-0.129322,USA,IDN,850740
8514654,7,104,9302,2015,0.0,31009.0,0.21779600000000002,-0.0047420000000000006,ARE,IND,850740
8514655,22,104,9302,2015,0.0,13577.0,-1.088465,-0.8745360000000001,BGD,IND,850740
8514656,43,104,9302,2015,1678029.0,0.0,1.077143,1.735757,CHN,IND,850740
8514657,71,104,9302,2015,0.0,9149.0,0.8173590000000001,2.442556,ESP,IND,850740
8514658,122,104,9302,2015,0.0,3784.0,-0.352023,-1.153057,KWT,IND,850740
8514659,128,104,9302,2015,0.0,8027.0,-0.6773399999999999,0.386343,LKA,IND,850740
8514660,164,104,9302,2015,0.0,4439.0,-0.290416,0.456716,NPL,IND,850740
8514661,192,104,9302,2015,2310.0,5431.0,2.05613,0.593065,SGP,IND,850740
8514662,228,104,9302,2015,1614.0,0.0,0.429879,0.701813,UKR,IND,850740
8514663,231,104,9302,2015,59561.0,0.0,1.720478,-0.129322,USA,IND,850740
8514664,14,110,9302,2015,0.0,1774.0,-0.292325,-0.043489,AUS,ISR,850740
8514665,18,110,9302,2015,930124.0,0.0,1.329866,1.100641,BEL,ISR,850740
8514666,43,110,9302,2015,244264.0,0.0,1.077143,1.735757,CHN,ISR,850740
8514667,58,110,9302,2015,0.0,3500.0,0.511225,-0.207261,CYP,ISR,850740
8514668,61,110,9302,2015,6190.0,0.0,2.203818,-2.307561,DEU,ISR,850740
8514669,77,110,9302,2015,0.0,3425.0,1.479792,0.6490239999999999,FRA,ISR,850740
8514670,81,110,9302,2015,5136.0,0.0,1.7422990000000003,0.75838,GBR,ISR,850740
8514671,97,110,9302,2015,66005.0,0.0,0.8255290000000001,1.8017279999999998,HKG,ISR,850740
8514672,114,110,9302,2015,6570.0,0.0,2.516133,-0.484202,JPN,ISR,850740
8514673,123,110,9302,2015,0.0,108878.0,-0.927524,-0.74525,LAO,ISR,850740
8514674,162,110,9302,2015,7311.0,6914.0,1.230104,1.27344,NLD,ISR,850740
8514675,163,110,9302,2015,1639.0,0.0,0.950708,0.314339,NOR,ISR,850740
8514676,208,110,9302,2015,1485.0,0.0,1.8068349999999997,0.693389,SWE,ISR,850740
8514677,231,110,9302,2015,5925.0,0.0,1.720478,-0.129322,USA,ISR,850740
8514678,249,110,9302,2015,1489.0,0.0,1.962832,1.214982,TWN,ISR,850740
8514679,8,111,9302,2015,0.0,3096.0,0.116896,0.30330999999999997,ARG,ITA,850740
8514680,41,111,9302,2015,5363.0,1804.0,2.306075,0.720781,CHE,ITA,850740
8514681,42,111,9302,2015,0.0,2327.0,-0.356167,-0.47629399999999994,CHL,ITA,850740
8514682,43,111,9302,2015,221204.0,0.0,1.077143,1.735757,CHN,ITA,850740
8514683,59,111,9302,2015,0.0,2465.0,1.743012,0.45424,CZE,ITA,850740
8514684,61,111,9302,2015,161307.0,0.0,2.203818,-2.307561,DEU,ITA,850740
8514685,71,111,9302,2015,2182.0,0.0,0.8173590000000001,2.442556,ESP,ITA,850740
8514686,77,111,9302,2015,2068.0,0.0,1.479792,0.6490239999999999,FRA,ITA,850740
8514687,81,111,9302,2015,81413.0,0.0,1.7422990000000003,0.75838,GBR,ITA,850740
8514688,102,111,9302,2015,0.0,425848.0,1.462839,0.803258,HUN,ITA,850740
8514689,121,111,9302,2015,0.0,11412.0,1.900653,0.859406,KOR,ITA,850740
8514690,124,111,9302,2015,0.0,87562.0,0.317355,1.330374,LBN,ITA,850740
8514691,153,111,9302,2015,0.0,1422.0,1.082803,0.811615,MYS,ITA,850740
8514692,162,111,9302,2015,14917.0,5618.0,1.230104,1.27344,NLD,ITA,850740
8514693,163,111,9302,2015,1514.0,0.0,0.950708,0.314339,NOR,ITA,850740
8514694,183,111,9302,2015,0.0,7460.0,-0.077053,-0.9922719999999999,QAT,ITA,850740
8514695,231,111,9302,2015,68941.0,17450.0,1.720478,-0.129322,USA,ITA,850740
8514696,246,111,9302,2015,0.0,4013.0,0.24944699999999997,1.7573159999999999,ZAF,ITA,850740
8514697,249,111,9302,2015,15000.0,0.0,1.962832,1.214982,TWN,ITA,850740
8514698,43,113,9302,2015,1113.0,0.0,1.077143,1.735757,CHN,JOR,850740
8514699,224,113,9302,2015,1799.0,0.0,0.438669,2.519632,TUR,JOR,850740
8514700,7,114,9302,2015,0.0,30122.0,0.21779600000000002,-0.0047420000000000006,ARE,JPN,850740
8514701,32,114,9302,2015,0.0,46222.0,0.23656799999999997,0.688607,BRA,JPN,850740
8514702,39,114,9302,2015,0.0,8114.0,0.695867,1.171676,CAN,JPN,850740
8514703,42,114,9302,2015,0.0,389818.0,-0.356167,-0.47629399999999994,CHL,JPN,850740
8514704,61,114,9302,2015,5683.0,682003.0,2.203818,-2.307561,DEU,JPN,850740
8514705,68,114,9302,2015,0.0,8177.0,-0.183053,1.765036,EGY,JPN,850740
8514706,77,114,9302,2015,0.0,1517.0,1.479792,0.6490239999999999,FRA,JPN,850740
8514707,81,114,9302,2015,2557.0,0.0,1.7422990000000003,0.75838,GBR,JPN,850740
8514708,97,114,9302,2015,0.0,159626.0,0.8255290000000001,1.8017279999999998,HKG,JPN,850740
8514709,103,114,9302,2015,0.0,2634.0,-0.145103,1.277362,IDN,JPN,850740
8514710,110,114,9302,2015,0.0,6570.0,1.260071,0.545545,ISR,JPN,850740
8514711,121,114,9302,2015,0.0,83611.0,1.900653,0.859406,KOR,JPN,850740
8514712,123,114,9302,2015,0.0,4184.0,-0.927524,-0.74525,LAO,JPN,850740
8514713,138,114,9302,2015,0.0,40820.0,1.169724,0.61457,MEX,JPN,850740
8514714,145,114,9302,2015,0.0,4042.0,-1.244368,-1.196677,MNG,JPN,850740
8514715,153,114,9302,2015,0.0,4765.0,1.082803,0.811615,MYS,JPN,850740
8514716,162,114,9302,2015,0.0,6096.0,1.230104,1.27344,NLD,JPN,850740
8514717,174,114,9302,2015,0.0,146231.0,0.6406270000000001,0.45770200000000005,PHL,JPN,850740
8514718,186,114,9302,2015,0.0,8176.0,0.23119,0.035965,RUS,JPN,850740
8514719,197,114,9302,2015,0.0,1952.0,0.05531900000000001,0.169073,SLV,JPN,850740
8514720,216,114,9302,2015,0.0,9587.0,0.965888,1.368572,THA,JPN,850740
8514721,224,114,9302,2015,0.0,83717.0,0.438669,2.519632,TUR,JPN,850740
8514722,231,114,9302,2015,12299.0,67713.0,1.720478,-0.129322,USA,JPN,850740
8514723,239,114,9302,2015,0.0,6332.0,-0.17108900000000002,1.10995,VNM,JPN,850740
8514724,246,114,9302,2015,0.0,1803.0,0.24944699999999997,1.7573159999999999,ZAF,JPN,850740
8514725,249,114,9302,2015,4626.0,13762.0,1.962832,1.214982,TWN,JPN,850740
8514726,2,121,9302,2015,0.0,2641.0,-1.6542,-1.2598989999999999,AGO,KOR,850740
8514727,43,121,9302,2015,14240.0,0.0,1.077143,1.735757,CHN,KOR,850740
8514728,61,121,9302,2015,51681.0,0.0,2.203818,-2.307561,DEU,KOR,850740
8514729,68,121,9302,2015,0.0,16973.0,-0.183053,1.765036,EGY,KOR,850740
8514730,71,121,9302,2015,2168.0,10556.0,0.8173590000000001,2.442556,ESP,KOR,850740
8514731,81,121,9302,2015,4174.0,0.0,1.7422990000000003,0.75838,GBR,KOR,850740
8514732,111,121,9302,2015,11412.0,0.0,1.321127,0.747046,ITA,KOR,850740
8514733,114,121,9302,2015,83611.0,0.0,2.516133,-0.484202,JPN,KOR,850740
8514734,123,121,9302,2015,0.0,23294.0,-0.927524,-0.74525,LAO,KOR,850740
8514735,138,121,9302,2015,0.0,2245.0,1.169724,0.61457,MEX,KOR,850740
8514736,143,121,9302,2015,0.0,104768.0,-1.4596120000000001,-0.903904,MMR,KOR,850740
8514737,153,121,9302,2015,0.0,177130.0,1.082803,0.811615,MYS,KOR,850740
8514738,174,121,9302,2015,0.0,32064.0,0.6406270000000001,0.45770200000000005,PHL,KOR,850740
8514739,231,121,9302,2015,5306.0,7926.0,1.720478,-0.129322,USA,KOR,850740
8514740,243,121,9302,2015,0.0,259366.0,-1.048632,-1.10843,YEM,KOR,850740
8514741,249,121,9302,2015,3238.0,0.0,1.962832,1.214982,TWN,KOR,850740
8514742,43,122,9302,2015,1089.0,0.0,1.077143,1.735757,CHN,KWT,850740
8514743,104,122,9302,2015,3784.0,0.0,0.24230900000000002,2.8190880000000003,IND,KWT,850740
8514744,7,138,9302,2015,0.0,1992.0,0.21779600000000002,-0.0047420000000000006,ARE,MEX,850740
8514745,39,138,9302,2015,0.0,64349.0,0.695867,1.171676,CAN,MEX,850740
8514746,42,138,9302,2015,0.0,5595.0,-0.356167,-0.47629399999999994,CHL,MEX,850740
8514747,43,138,9302,2015,12382.0,0.0,1.077143,1.735757,CHN,MEX,850740
8514748,61,138,9302,2015,5914.0,0.0,2.203818,-2.307561,DEU,MEX,850740
8514749,81,138,9302,2015,0.0,163465.0,1.7422990000000003,0.75838,GBR,MEX,850740
8514750,114,138,9302,2015,40820.0,0.0,2.516133,-0.484202,JPN,MEX,850740
8514751,121,138,9302,2015,2245.0,0.0,1.900653,0.859406,KOR,MEX,850740
8514752,153,138,9302,2015,16626.0,0.0,1.082803,0.811615,MYS,MEX,850740
8514753,160,138,9302,2015,0.0,49642.0,-1.102989,-0.952276,NIC,MEX,850740
8514754,231,138,9302,2015,687813.0,98780.0,1.720478,-0.129322,USA,MEX,850740
8514755,7,153,9302,2015,0.0,12515.0,0.21779600000000002,-0.0047420000000000006,ARE,MYS,850740
8514756,15,153,9302,2015,0.0,708.0,1.747098,-0.08026699999999999,AUT,MYS,850740
8514757,41,153,9302,2015,1508.0,0.0,2.306075,0.720781,CHE,MYS,850740
8514758,42,153,9302,2015,0.0,4646.0,-0.356167,-0.47629399999999994,CHL,MYS,850740
8514759,43,153,9302,2015,5281590.0,6517.0,1.077143,1.735757,CHN,MYS,850740
8514760,97,153,9302,2015,2815.0,0.0,0.8255290000000001,1.8017279999999998,HKG,MYS,850740
8514761,103,153,9302,2015,0.0,31500.0,-0.145103,1.277362,IDN,MYS,850740
8514762,111,153,9302,2015,1422.0,0.0,1.321127,0.747046,ITA,MYS,850740
8514763,114,153,9302,2015,4765.0,0.0,2.516133,-0.484202,JPN,MYS,850740
8514764,121,153,9302,2015,177130.0,0.0,1.900653,0.859406,KOR,MYS,850740
8514765,135,153,9302,2015,0.0,328.0,-0.313837,-0.20393,MDA,MYS,850740
8514766,138,153,9302,2015,0.0,16626.0,1.169724,0.61457,MEX,MYS,850740
8514767,174,153,9302,2015,0.0,1137.0,0.6406270000000001,0.45770200000000005,PHL,MYS,850740
8514768,192,153,9302,2015,11662.0,4772.0,2.05613,0.593065,SGP,MYS,850740
8514769,231,153,9302,2015,5421.0,6452.0,1.720478,-0.129322,USA,MYS,850740
8514770,14,159,9302,2015,333671.0,0.0,-0.292325,-0.043489,AUS,NGA,850740
8514771,18,159,9302,2015,11862.0,0.0,1.329866,1.100641,BEL,NGA,850740
8514772,43,159,9302,2015,1556791.0,0.0,1.077143,1.735757,CHN,NGA,850740
8514773,61,159,9302,2015,47556.0,0.0,2.203818,-2.307561,DEU,NGA,850740
8514774,166,159,9302,2015,92728.0,0.0,0.224598,0.253179,NZL,NGA,850740
8514775,231,159,9302,2015,1180.0,0.0,1.720478,-0.129322,USA,NGA,850740
8514776,41,160,9302,2015,805.0,0.0,2.306075,0.720781,CHE,NIC,850740
8514777,43,160,9302,2015,52741.0,0.0,1.077143,1.735757,CHN,NIC,850740
8514778,81,160,9302,2015,866.0,0.0,1.7422990000000003,0.75838,GBR,NIC,850740
8514779,138,160,9302,2015,49642.0,0.0,1.169724,0.61457,MEX,NIC,850740
8514780,231,160,9302,2015,4742.0,0.0,1.720478,-0.129322,USA,NIC,850740
8514781,7,162,9302,2015,0.0,8679.0,0.21779600000000002,-0.0047420000000000006,ARE,NLD,850740
8514782,8,162,9302,2015,0.0,1249.0,0.116896,0.30330999999999997,ARG,NLD,850740
8514783,15,162,9302,2015,2291.0,19175.0,1.747098,-0.08026699999999999,AUT,NLD,850740
8514784,16,162,9302,2015,125.0,0.0,-0.983347,-1.231542,AZE,NLD,850740
8514785,18,162,9302,2015,9276.0,375215.0,1.329866,1.100641,BEL,NLD,850740
8514786,23,162,9302,2015,0.0,7406.0,0.45640699999999995,1.691455,BGR,NLD,850740
8514787,41,162,9302,2015,0.0,3229.0,2.306075,0.720781,CHE,NLD,850740
8514788,43,162,9302,2015,99368.0,0.0,1.077143,1.735757,CHN,NLD,850740
8514789,58,162,9302,2015,0.0,3135.0,0.511225,-0.207261,CYP,NLD,850740
8514790,59,162,9302,2015,5519.0,13485.0,1.743012,0.45424,CZE,NLD,850740
8514791,61,162,9302,2015,65834.0,224123.0,2.203818,-2.307561,DEU,NLD,850740
8514792,64,162,9302,2015,1763.0,39759.0,1.157924,1.2045629999999998,DNK,NLD,850740
8514793,68,162,9302,2015,0.0,4754.0,-0.183053,1.765036,EGY,NLD,850740
8514794,71,162,9302,2015,5569.0,40548.0,0.8173590000000001,2.442556,ESP,NLD,850740
8514795,72,162,9302,2015,0.0,1974.0,0.9281149999999999,1.1780389999999998,EST,NLD,850740
8514796,74,162,9302,2015,1056.0,18844.0,1.597817,0.998059,FIN,NLD,850740
8514797,77,162,9302,2015,70693.0,100421.0,1.479792,0.6490239999999999,FRA,NLD,850740
8514798,81,162,9302,2015,10168.0,126667.0,1.7422990000000003,0.75838,GBR,NLD,850740
8514799,90,162,9302,2015,0.0,3776.0,0.099027,1.012289,GRC,NLD,850740
8514800,97,162,9302,2015,169585.0,0.0,0.8255290000000001,1.8017279999999998,HKG,NLD,850740
8514801,100,162,9302,2015,0.0,1243.0,0.7590140000000001,1.257415,HRV,NLD,850740
8514802,102,162,9302,2015,0.0,11861.0,1.462839,0.803258,HUN,NLD,850740
8514803,106,162,9302,2015,10883.0,18873.0,1.304942,0.126431,IRL,NLD,850740
8514804,110,162,9302,2015,6914.0,7311.0,1.260071,0.545545,ISR,NLD,850740
8514805,111,162,9302,2015,5618.0,14917.0,1.321127,0.747046,ITA,NLD,850740
8514806,114,162,9302,2015,6096.0,0.0,2.516133,-0.484202,JPN,NLD,850740
8514807,115,162,9302,2015,1321.0,0.0,-0.45091499999999995,-0.652026,KAZ,NLD,850740
8514808,130,162,9302,2015,0.0,3525.0,0.749429,1.3659860000000001,LTU,NLD,850740
8514809,131,162,9302,2015,0.0,17526.0,1.218924,1.247152,LUX,NLD,850740
8514810,132,162,9302,2015,0.0,5524.0,0.602209,1.125357,LVA,NLD,850740
8514811,142,162,9302,2015,0.0,1595.0,0.880893,-0.117585,MLT,NLD,850740
8514812,163,162,9302,2015,24921.0,2528.0,0.950708,0.314339,NOR,NLD,850740
8514813,166,162,9302,2015,0.0,1076.0,0.224598,0.253179,NZL,NLD,850740
8514814,167,162,9302,2015,0.0,1342.0,-0.4699,-1.00451,OMN,NLD,850740
8514815,177,162,9302,2015,13543.0,62196.0,1.145844,1.1449280000000002,POL,NLD,850740
8514816,179,162,9302,2015,1272.0,7223.0,0.561922,2.2276380000000002,PRT,NLD,850740
8514817,185,162,9302,2015,1913.0,12744.0,0.946363,1.056775,ROU,NLD,850740
8514818,186,162,9302,2015,3796.0,1872.0,0.23119,0.035965,RUS,NLD,850740
8514819,206,162,9302,2015,3731.0,7071.0,1.287133,0.7900560000000001,SVK,NLD,850740
8514820,207,162,9302,2015,0.0,2064.0,1.6089879999999999,0.833616,SVN,NLD,850740
8514821,208,162,9302,2015,8230.0,53989.0,1.8068349999999997,0.693389,SWE,NLD,850740
8514822,231,162,9302,2015,15171.0,6465.0,1.720478,-0.129322,USA,NLD,850740
8514823,249,162,9302,2015,87893.0,0.0,1.962832,1.214982,TWN,NLD,850740
8514824,14,166,9302,2015,6146.0,0.0,-0.292325,-0.043489,AUS,NZL,850740
8514825,43,166,9302,2015,13510.0,0.0,1.077143,1.735757,CHN,NZL,850740
8514826,61,166,9302,2015,2492.0,0.0,2.203818,-2.307561,DEU,NZL,850740
8514827,81,166,9302,2015,6334.0,0.0,1.7422990000000003,0.75838,GBR,NZL,850740
8514828,123,166,9302,2015,0.0,246831.0,-0.927524,-0.74525,LAO,NZL,850740
8514829,159,166,9302,2015,0.0,92728.0,-1.415451,-1.157829,NGA,NZL,850740
8514830,162,166,9302,2015,1076.0,0.0,1.230104,1.27344,NLD,NZL,850740
8514831,231,166,9302,2015,0.0,91068.0,1.720478,-0.129322,USA,NZL,850740
8514832,249,166,9302,2015,29205.0,0.0,1.962832,1.214982,TWN,NZL,850740
8514833,43,168,9302,2015,66307.0,0.0,1.077143,1.735757,CHN,PAK,850740
8514834,188,168,9302,2015,0.0,4319.0,0.5552520000000001,-0.7263229999999999,SAU,PAK,850740
8514835,61,169,9302,2015,1992.0,0.0,2.203818,-2.307561,DEU,PAN,850740
8514836,231,169,9302,2015,65505.0,0.0,1.720478,-0.129322,USA,PAN,850740
8514837,43,173,9302,2015,28990.0,0.0,1.077143,1.735757,CHN,PER,850740
8514838,231,173,9302,2015,4566.0,0.0,1.720478,-0.129322,USA,PER,850740
8514839,43,174,9302,2015,1021848.0,0.0,1.077143,1.735757,CHN,PHL,850740
8514840,97,174,9302,2015,36530.0,0.0,0.8255290000000001,1.8017279999999998,HKG,PHL,850740
8514841,114,174,9302,2015,146231.0,0.0,2.516133,-0.484202,JPN,PHL,850740
8514842,121,174,9302,2015,32064.0,0.0,1.900653,0.859406,KOR,PHL,850740
8514843,153,174,9302,2015,1137.0,0.0,1.082803,0.811615,MYS,PHL,850740
8514844,192,174,9302,2015,60899.0,0.0,2.05613,0.593065,SGP,PHL,850740
8514845,231,174,9302,2015,4309.0,14408.0,1.720478,-0.129322,USA,PHL,850740
8514846,246,174,9302,2015,0.0,2158.0,0.24944699999999997,1.7573159999999999,ZAF,PHL,850740
8514847,18,177,9302,2015,43945.0,0.0,1.329866,1.100641,BEL,POL,850740
8514848,23,177,9302,2015,0.0,4320.0,0.45640699999999995,1.691455,BGR,POL,850740
8514849,28,177,9302,2015,0.0,2788.0,0.672499,0.5584020000000001,BLR,POL,850740
8514850,39,177,9302,2015,0.0,6572.0,0.695867,1.171676,CAN,POL,850740
8514851,41,177,9302,2015,0.0,1089.0,2.306075,0.720781,CHE,POL,850740
8514852,43,177,9302,2015,7095.0,0.0,1.077143,1.735757,CHN,POL,850740
8514853,61,177,9302,2015,22090.0,0.0,2.203818,-2.307561,DEU,POL,850740
8514854,64,177,9302,2015,0.0,483417.0,1.157924,1.2045629999999998,DNK,POL,850740
8514855,162,177,9302,2015,62196.0,13543.0,1.230104,1.27344,NLD,POL,850740
8514856,163,177,9302,2015,0.0,2726.0,0.950708,0.314339,NOR,POL,850740
8514857,183,177,9302,2015,0.0,853.0,-0.077053,-0.9922719999999999,QAT,POL,850740
8514858,186,177,9302,2015,0.0,6060.0,0.23119,0.035965,RUS,POL,850740
8514859,201,177,9302,2015,0.0,4146.0,0.457042,1.324908,SRB,POL,850740
8514860,231,177,9302,2015,33455.0,29227.0,1.720478,-0.129322,USA,POL,850740
8514861,43,179,9302,2015,5071.0,0.0,1.077143,1.735757,CHN,PRT,850740
8514862,71,179,9302,2015,7934.0,0.0,0.8173590000000001,2.442556,ESP,PRT,850740
8514863,77,179,9302,2015,2324.0,0.0,1.479792,0.6490239999999999,FRA,PRT,850740
8514864,162,179,9302,2015,7223.0,1272.0,1.230104,1.27344,NLD,PRT,850740
8514865,203,179,9302,2015,0.0,7539.0,1.051934,-0.304408,STP,PRT,850740
8514866,43,180,9302,2015,1016297.0,0.0,1.077143,1.735757,CHN,PRY,850740
8514867,43,181,9302,2015,856.0,0.0,1.077143,1.735757,CHN,PSE,850740
8514868,43,188,9302,2015,320004.0,0.0,1.077143,1.735757,CHN,SAU,850740
8514869,77,188,9302,2015,92930.0,0.0,1.479792,0.6490239999999999,FRA,SAU,850740
8514870,168,188,9302,2015,4319.0,0.0,-0.7059979999999999,0.73501,PAK,SAU,850740
8514871,208,188,9302,2015,67274.0,0.0,1.8068349999999997,0.693389,SWE,SAU,850740
8514872,231,188,9302,2015,10365.0,0.0,1.720478,-0.129322,USA,SAU,850740
8514873,7,190,9302,2015,1690.0,0.0,0.21779600000000002,-0.0047420000000000006,ARE,SDN,850740
8514874,43,190,9302,2015,419532.0,0.0,1.077143,1.735757,CHN,SDN,850740
8514875,192,190,9302,2015,14102.0,0.0,2.05613,0.593065,SGP,SDN,850740
8514876,14,192,9302,2015,3630.0,0.0,-0.292325,-0.043489,AUS,SGP,850740
8514877,15,192,9302,2015,0.0,1134.0,1.747098,-0.08026699999999999,AUT,SGP,850740
8514878,39,192,9302,2015,7091.0,0.0,0.695867,1.171676,CAN,SGP,850740
8514879,43,192,9302,2015,3865881.0,97598.0,1.077143,1.735757,CHN,SGP,850740
8514880,64,192,9302,2015,1362.0,0.0,1.157924,1.2045629999999998,DNK,SGP,850740
8514881,77,192,9302,2015,20001.0,0.0,1.479792,0.6490239999999999,FRA,SGP,850740
8514882,81,192,9302,2015,1739.0,0.0,1.7422990000000003,0.75838,GBR,SGP,850740
8514883,103,192,9302,2015,0.0,22709.0,-0.145103,1.277362,IDN,SGP,850740
8514884,104,192,9302,2015,5431.0,2310.0,0.24230900000000002,2.8190880000000003,IND,SGP,850740
8514885,107,192,9302,2015,0.0,559.0,-0.258946,-0.0073420000000000004,IRN,SGP,850740
8514886,143,192,9302,2015,0.0,1497.0,-1.4596120000000001,-0.903904,MMR,SGP,850740
8514887,153,192,9302,2015,4772.0,11662.0,1.082803,0.811615,MYS,SGP,850740
8514888,174,192,9302,2015,0.0,60899.0,0.6406270000000001,0.45770200000000005,PHL,SGP,850740
8514889,190,192,9302,2015,0.0,14102.0,-1.420356,-1.218424,SDN,SGP,850740
8514890,231,192,9302,2015,20521.0,4526.0,1.720478,-0.129322,USA,SGP,850740
8514891,114,197,9302,2015,1952.0,0.0,2.516133,-0.484202,JPN,SLV,850740
8514892,231,197,9302,2015,1351.0,0.0,1.720478,-0.129322,USA,SLV,850740
8514893,7,208,9302,2015,0.0,2988.0,0.21779600000000002,-0.0047420000000000006,ARE,SWE,850740
8514894,39,208,9302,2015,0.0,1748.0,0.695867,1.171676,CAN,SWE,850740
8514895,41,208,9302,2015,30090.0,0.0,2.306075,0.720781,CHE,SWE,850740
8514896,43,208,9302,2015,1507.0,0.0,1.077143,1.735757,CHN,SWE,850740
8514897,61,208,9302,2015,25432.0,7187.0,2.203818,-2.307561,DEU,SWE,850740
8514898,64,208,9302,2015,15913.0,0.0,1.157924,1.2045629999999998,DNK,SWE,850740
8514899,72,208,9302,2015,0.0,1069.0,0.9281149999999999,1.1780389999999998,EST,SWE,850740
8514900,74,208,9302,2015,1570.0,1219.0,1.597817,0.998059,FIN,SWE,850740
8514901,110,208,9302,2015,0.0,1485.0,1.260071,0.545545,ISR,SWE,850740
8514902,162,208,9302,2015,53989.0,8230.0,1.230104,1.27344,NLD,SWE,850740
8514903,163,208,9302,2015,0.0,11346.0,0.950708,0.314339,NOR,SWE,850740
8514904,186,208,9302,2015,0.0,69928.0,0.23119,0.035965,RUS,SWE,850740
8514905,188,208,9302,2015,0.0,67274.0,0.5552520000000001,-0.7263229999999999,SAU,SWE,850740
8514906,231,208,9302,2015,28096.0,3869.0,1.720478,-0.129322,USA,SWE,850740
8514907,246,208,9302,2015,0.0,1071.0,0.24944699999999997,1.7573159999999999,ZAF,SWE,850740
8514908,249,208,9302,2015,9870.0,0.0,1.962832,1.214982,TWN,SWE,850740
8514909,43,216,9302,2015,1938492.0,0.0,1.077143,1.735757,CHN,THA,850740
8514910,61,216,9302,2015,1916.0,0.0,2.203818,-2.307561,DEU,THA,850740
8514911,114,216,9302,2015,9587.0,0.0,2.516133,-0.484202,JPN,THA,850740
8514912,118,216,9302,2015,0.0,6333.0,-0.791985,-0.833046,KHM,THA,850740
8514913,123,216,9302,2015,0.0,103296.0,-0.927524,-0.74525,LAO,THA,850740
8514914,231,216,9302,2015,11121.0,10678.0,1.720478,-0.129322,USA,THA,850740
8514915,249,216,9302,2015,2029.0,0.0,1.962832,1.214982,TWN,THA,850740
8514916,43,222,9302,2015,1587.0,0.0,1.077143,1.735757,CHN,TTO,850740
8514917,231,222,9302,2015,9761.0,0.0,1.720478,-0.129322,USA,TTO,850740
8514918,7,224,9302,2015,0.0,41862.0,0.21779600000000002,-0.0047420000000000006,ARE,TUR,850740
8514919,18,224,9302,2015,7438.0,2357.0,1.329866,1.100641,BEL,TUR,850740
8514920,23,224,9302,2015,0.0,1421.0,0.45640699999999995,1.691455,BGR,TUR,850740
8514921,39,224,9302,2015,5111.0,0.0,0.695867,1.171676,CAN,TUR,850740
8514922,43,224,9302,2015,884500.0,0.0,1.077143,1.735757,CHN,TUR,850740
8514923,61,224,9302,2015,107811.0,12396.0,2.203818,-2.307561,DEU,TUR,850740
8514924,68,224,9302,2015,0.0,956.0,-0.183053,1.765036,EGY,TUR,850740
8514925,77,224,9302,2015,11262.0,0.0,1.479792,0.6490239999999999,FRA,TUR,850740
8514926,81,224,9302,2015,0.0,16775.0,1.7422990000000003,0.75838,GBR,TUR,850740
8514927,102,224,9302,2015,0.0,941.0,1.462839,0.803258,HUN,TUR,850740
8514928,103,224,9302,2015,0.0,12729.0,-0.145103,1.277362,IDN,TUR,850740
8514929,107,224,9302,2015,0.0,1243.0,-0.258946,-0.0073420000000000004,IRN,TUR,850740
8514930,113,224,9302,2015,0.0,1799.0,0.121172,0.457301,JOR,TUR,850740
8514931,114,224,9302,2015,83717.0,0.0,2.516133,-0.484202,JPN,TUR,850740
8514932,217,224,9302,2015,0.0,6305.0,-1.134216,-1.174245,TJK,TUR,850740
8514933,231,224,9302,2015,2338.0,138761.0,1.720478,-0.129322,USA,TUR,850740
8514934,9,228,9302,2015,0.0,16091.0,0.037579,-0.42448800000000003,ARM,UKR,850740
8514935,15,228,9302,2015,895.0,0.0,1.747098,-0.08026699999999999,AUT,UKR,850740
8514936,23,228,9302,2015,0.0,1643.0,0.45640699999999995,1.691455,BGR,UKR,850740
8514937,43,228,9302,2015,242174.0,0.0,1.077143,1.735757,CHN,UKR,850740
8514938,61,228,9302,2015,789.0,11468.0,2.203818,-2.307561,DEU,UKR,850740
8514939,71,228,9302,2015,0.0,5868.0,0.8173590000000001,2.442556,ESP,UKR,850740
8514940,102,228,9302,2015,12805.0,0.0,1.462839,0.803258,HUN,UKR,850740
8514941,103,228,9302,2015,23331.0,0.0,-0.145103,1.277362,IDN,UKR,850740
8514942,104,228,9302,2015,0.0,1614.0,0.24230900000000002,2.8190880000000003,IND,UKR,850740
8514943,123,228,9302,2015,0.0,29436.0,-0.927524,-0.74525,LAO,UKR,850740
8514944,186,228,9302,2015,37541.0,0.0,0.23119,0.035965,RUS,UKR,850740
8514945,231,228,9302,2015,0.0,1507.0,1.720478,-0.129322,USA,UKR,850740
8514946,43,230,9302,2015,66354.0,0.0,1.077143,1.735757,CHN,URY,850740
8514947,97,230,9302,2015,13677.0,0.0,0.8255290000000001,1.8017279999999998,HKG,URY,850740
8514948,231,230,9302,2015,30505.0,0.0,1.720478,-0.129322,USA,URY,850740
8514949,0,231,9302,2015,0.0,34571.0,0.8526809999999999,-0.043541,ABW,USA,850740
8514950,2,231,9302,2015,0.0,8626.0,-1.6542,-1.2598989999999999,AGO,USA,850740
8514951,7,231,9302,2015,0.0,36012.0,0.21779600000000002,-0.0047420000000000006,ARE,USA,850740
8514952,8,231,9302,2015,0.0,1524.0,0.116896,0.30330999999999997,ARG,USA,850740
8514953,13,231,9302,2015,0.0,102559.0,0.43318,-0.552045,ATG,USA,850740
8514954,14,231,9302,2015,0.0,3604.0,-0.292325,-0.043489,AUS,USA,850740
8514955,15,231,9302,2015,6218.0,0.0,1.747098,-0.08026699999999999,AUT,USA,850740
8514956,18,231,9302,2015,0.0,8475.0,1.329866,1.100641,BEL,USA,850740
8514957,25,231,9302,2015,4185.0,7838.0,0.669493,-0.37838099999999997,BHS,USA,850740
8514958,29,231,9302,2015,0.0,1389.0,-0.24283600000000002,-0.577408,BLZ,USA,850740
8514959,31,231,9302,2015,0.0,4863.0,-1.051562,-1.067714,BOL,USA,850740
8514960,32,231,9302,2015,3799.0,9431.0,0.23656799999999997,0.688607,BRA,USA,850740
8514961,39,231,9302,2015,45093.0,356384.0,0.695867,1.171676,CAN,USA,850740
8514962,41,231,9302,2015,0.0,113980.0,2.306075,0.720781,CHE,USA,850740
8514963,42,231,9302,2015,0.0,2751.0,-0.356167,-0.47629399999999994,CHL,USA,850740
8514964,43,231,9302,2015,740002.0,3273.0,1.077143,1.735757,CHN,USA,850740
8514965,49,231,9302,2015,4430.0,76033.0,0.156383,-0.183055,COL,USA,850740
8514966,52,231,9302,2015,0.0,10344.0,0.24859699999999998,-0.033143,CRI,USA,850740
8514967,61,231,9302,2015,82724.0,119512.0,2.203818,-2.307561,DEU,USA,850740
8514968,64,231,9302,2015,1181.0,4779.0,1.157924,1.2045629999999998,DNK,USA,850740
8514969,65,231,9302,2015,0.0,17084.0,-0.212808,0.395873,DOM,USA,850740
8514970,67,231,9302,2015,0.0,31440.0,-0.9845959999999999,-1.075639,ECU,USA,850740
8514971,68,231,9302,2015,0.0,12446.0,-0.183053,1.765036,EGY,USA,850740
8514972,73,231,9302,2015,0.0,2997.0,-1.004896,-0.721019,ETH,USA,850740
8514973,77,231,9302,2015,19376.0,10305.0,1.479792,0.6490239999999999,FRA,USA,850740
8514974,81,231,9302,2015,148358.0,71709.0,1.7422990000000003,0.75838,GBR,USA,850740
8514975,93,231,9302,2015,0.0,1226.0,-0.284403,0.525564,GTM,USA,850740
8514976,96,231,9302,2015,0.0,975.0,-1.018758,-1.056085,GUY,USA,850740
8514977,97,231,9302,2015,287682.0,2465.0,0.8255290000000001,1.8017279999999998,HKG,USA,850740
8514978,99,231,9302,2015,0.0,1681.0,-0.578635,-0.292053,HND,USA,850740
8514979,103,231,9302,2015,0.0,12204.0,-0.145103,1.277362,IDN,USA,850740
8514980,104,231,9302,2015,0.0,59561.0,0.24230900000000002,2.8190880000000003,IND,USA,850740
8514981,110,231,9302,2015,0.0,5925.0,1.260071,0.545545,ISR,USA,850740
8514982,111,231,9302,2015,17450.0,68941.0,1.321127,0.747046,ITA,USA,850740
8514983,114,231,9302,2015,67713.0,12299.0,2.516133,-0.484202,JPN,USA,850740
8514984,115,231,9302,2015,0.0,3165.0,-0.45091499999999995,-0.652026,KAZ,USA,850740
8514985,121,231,9302,2015,7926.0,5306.0,1.900653,0.859406,KOR,USA,850740
8514986,123,231,9302,2015,0.0,686669.0,-0.927524,-0.74525,LAO,USA,850740
8514987,124,231,9302,2015,0.0,2787.0,0.317355,1.330374,LBN,USA,850740
8514988,134,231,9302,2015,0.0,30412.0,-0.7554810000000001,-0.059697,MAR,USA,850740
8514989,138,231,9302,2015,98780.0,687813.0,1.169724,0.61457,MEX,USA,850740
8514990,142,231,9302,2015,0.0,1736.0,0.880893,-0.117585,MLT,USA,850740
8514991,152,231,9302,2015,0.0,4580.0,-0.549862,-0.8753190000000001,MWI,USA,850740
8514992,153,231,9302,2015,6452.0,5421.0,1.082803,0.811615,MYS,USA,850740
8514993,159,231,9302,2015,0.0,1180.0,-1.415451,-1.157829,NGA,USA,850740
8514994,160,231,9302,2015,0.0,4742.0,-1.102989,-0.952276,NIC,USA,850740
8514995,162,231,9302,2015,6465.0,15171.0,1.230104,1.27344,NLD,USA,850740
8514996,163,231,9302,2015,3023.0,3070.0,0.950708,0.314339,NOR,USA,850740
8514997,166,231,9302,2015,91068.0,0.0,0.224598,0.253179,NZL,USA,850740
8514998,167,231,9302,2015,0.0,3772.0,-0.4699,-1.00451,OMN,USA,850740
8514999,169,231,9302,2015,0.0,65505.0,0.642058,0.833392,PAN,USA,850740
8515000,173,231,9302,2015,0.0,4566.0,-0.6007819999999999,0.32152800000000004,PER,USA,850740
8515001,174,231,9302,2015,14408.0,4309.0,0.6406270000000001,0.45770200000000005,PHL,USA,850740
8515002,177,231,9302,2015,29227.0,33455.0,1.145844,1.1449280000000002,POL,USA,850740
8515003,185,231,9302,2015,0.0,2724.0,0.946363,1.056775,ROU,USA,850740
8515004,186,231,9302,2015,0.0,11550.0,0.23119,0.035965,RUS,USA,850740
8515005,188,231,9302,2015,0.0,10365.0,0.5552520000000001,-0.7263229999999999,SAU,USA,850740
8515006,192,231,9302,2015,4526.0,20521.0,2.05613,0.593065,SGP,USA,850740
8515007,197,231,9302,2015,0.0,1351.0,0.05531900000000001,0.169073,SLV,USA,850740
8515008,208,231,9302,2015,3869.0,28096.0,1.8068349999999997,0.693389,SWE,USA,850740
8515009,216,231,9302,2015,10678.0,11121.0,0.965888,1.368572,THA,USA,850740
8515010,222,231,9302,2015,0.0,9761.0,-0.462837,-1.117621,TTO,USA,850740
8515011,224,231,9302,2015,138761.0,2338.0,0.438669,2.519632,TUR,USA,850740
8515012,228,231,9302,2015,1507.0,0.0,0.429879,0.701813,UKR,USA,850740
8515013,230,231,9302,2015,0.0,30505.0,0.273876,-0.363695,URY,USA,850740
8515014,236,231,9302,2015,0.0,14911.0,-0.9249129999999999,-1.1877280000000001,VEN,USA,850740
8515015,239,231,9302,2015,0.0,64265.0,-0.17108900000000002,1.10995,VNM,USA,850740
8515016,246,231,9302,2015,0.0,2247.0,0.24944699999999997,1.7573159999999999,ZAF,USA,850740
8515017,247,231,9302,2015,0.0,1330.0,-0.44792,-0.769586,ZMB,USA,850740
8515018,249,231,9302,2015,71711.0,0.0,1.962832,1.214982,TWN,USA,850740
8515019,43,236,9302,2015,1008.0,0.0,1.077143,1.735757,CHN,VEN,850740
8515020,231,236,9302,2015,14911.0,0.0,1.720478,-0.129322,USA,VEN,850740
8515021,43,243,9302,2015,54874.0,0.0,1.077143,1.735757,CHN,YEM,850740
8515022,121,243,9302,2015,259366.0,0.0,1.900653,0.859406,KOR,YEM,850740
8515023,37,246,9302,2015,0.0,4837.0,-0.14164200000000002,-1.0372059999999999,BWA,ZAF,850740
8515024,43,246,9302,2015,13492.0,0.0,1.077143,1.735757,CHN,ZAF,850740
8515025,46,246,9302,2015,0.0,4276.0,-1.3921290000000002,-1.146549,COD,ZAF,850740
8515026,97,246,9302,2015,10571.0,0.0,0.8255290000000001,1.8017279999999998,HKG,ZAF,850740
8515027,111,246,9302,2015,4013.0,0.0,1.321127,0.747046,ITA,ZAF,850740
8515028,114,246,9302,2015,1803.0,0.0,2.516133,-0.484202,JPN,ZAF,850740
8515029,129,246,9302,2015,0.0,2262.0,-0.910168,-0.870865,LSO,ZAF,850740
8515030,147,246,9302,2015,0.0,7144.0,-1.293809,-1.115069,MOZ,ZAF,850740
8515031,152,246,9302,2015,0.0,3396.0,-0.549862,-0.8753190000000001,MWI,ZAF,850740
8515032,155,246,9302,2015,0.0,1524.0,-0.43457399999999996,-0.665655,NAM,ZAF,850740
8515033,174,246,9302,2015,2158.0,0.0,0.6406270000000001,0.45770200000000005,PHL,ZAF,850740
8515034,208,246,9302,2015,1071.0,0.0,1.8068349999999997,0.693389,SWE,ZAF,850740
8515035,231,246,9302,2015,2247.0,0.0,1.720478,-0.129322,USA,ZAF,850740
8515036,249,246,9302,2015,57673.0,0.0,1.962832,1.214982,TWN,ZAF,850740
8515037,14,249,9302,2015,0.0,3959.0,-0.292325,-0.043489,AUS,TWN,850740
8515038,18,249,9302,2015,0.0,1089.0,1.329866,1.100641,BEL,TWN,850740
8515039,39,249,9302,2015,0.0,1527.0,0.695867,1.171676,CAN,TWN,850740
8515040,41,249,9302,2015,0.0,88420.0,2.306075,0.720781,CHE,TWN,850740
8515041,43,249,9302,2015,207083.0,0.0,1.077143,1.735757,CHN,TWN,850740
8515042,61,249,9302,2015,0.0,126044.0,2.203818,-2.307561,DEU,TWN,850740
8515043,64,249,9302,2015,3852.0,17123.0,1.157924,1.2045629999999998,DNK,TWN,850740
8515044,68,249,9302,2015,0.0,39055.0,-0.183053,1.765036,EGY,TWN,850740
8515045,74,249,9302,2015,0.0,14886.0,1.597817,0.998059,FIN,TWN,850740
8515046,77,249,9302,2015,0.0,11902.0,1.479792,0.6490239999999999,FRA,TWN,850740
8515047,81,249,9302,2015,0.0,1331.0,1.7422990000000003,0.75838,GBR,TWN,850740
8515048,97,249,9302,2015,21683.0,11916.0,0.8255290000000001,1.8017279999999998,HKG,TWN,850740
8515049,107,249,9302,2015,0.0,1600.0,-0.258946,-0.0073420000000000004,IRN,TWN,850740
8515050,110,249,9302,2015,0.0,1489.0,1.260071,0.545545,ISR,TWN,850740
8515051,111,249,9302,2015,0.0,15000.0,1.321127,0.747046,ITA,TWN,850740
8515052,114,249,9302,2015,13762.0,4626.0,2.516133,-0.484202,JPN,TWN,850740
8515053,121,249,9302,2015,0.0,3238.0,1.900653,0.859406,KOR,TWN,850740
8515054,123,249,9302,2015,0.0,4001.0,-0.927524,-0.74525,LAO,TWN,850740
8515055,156,249,9302,2015,0.0,638.0,-0.727911,-0.844562,NCL,TWN,850740
8515056,162,249,9302,2015,0.0,87893.0,1.230104,1.27344,NLD,TWN,850740
8515057,163,249,9302,2015,0.0,15266.0,0.950708,0.314339,NOR,TWN,850740
8515058,166,249,9302,2015,0.0,29205.0,0.224598,0.253179,NZL,TWN,850740
8515059,208,249,9302,2015,0.0,9870.0,1.8068349999999997,0.693389,SWE,TWN,850740
8515060,216,249,9302,2015,0.0,2029.0,0.965888,1.368572,THA,TWN,850740
8515061,231,249,9302,2015,0.0,71711.0,1.720478,-0.129322,USA,TWN,850740
8515062,239,249,9302,2015,0.0,175995.0,-0.17108900000000002,1.10995,VNM,TWN,850740
8515063,246,249,9302,2015,0.0,57673.0,0.24944699999999997,1.7573159999999999,ZAF,TWN,850740
8515064,7,250,9302,2015,2324.0,0.0,0.21779600000000002,-0.0047420000000000006,ARE,ANS,850740
8515065,14,250,9302,2015,697.0,0.0,-0.292325,-0.043489,AUS,ANS,850740
8515066,42,250,9302,2015,1464.0,34017.0,-0.356167,-0.47629399999999994,CHL,ANS,850740
8515067,7,2,9302,2015,1237.0,0.0,0.21779600000000002,-0.0047420000000000006,ARE,AGO,850740
8515068,43,2,9302,2015,264976.0,0.0,1.077143,1.735757,CHN,AGO,850740
8515069,121,2,9302,2015,2641.0,0.0,1.900653,0.859406,KOR,AGO,850740
8515070,231,2,9302,2015,8626.0,0.0,1.720478,-0.129322,USA,AGO,850740
8515071,43,9,9302,2015,736.0,0.0,1.077143,1.735757,CHN,ARM,850740
8515072,228,9,9302,2015,16091.0,0.0,0.429879,0.701813,UKR,ARM,850740
8515073,22,14,9302,2015,0.0,224863.0,-1.088465,-0.8745360000000001,BGD,AUS,850740
8515074,34,14,9302,2015,0.0,5259.0,1.093564,-0.679211,BRN,AUS,850740
8515075,39,14,9302,2015,10497.0,0.0,0.695867,1.171676,CAN,AUS,850740
8515076,43,14,9302,2015,157189.0,0.0,1.077143,1.735757,CHN,AUS,850740
8515077,45,14,9302,2015,0.0,31439.0,-0.924366,-1.040721,CMR,AUS,850740
8515078,47,14,9302,2015,0.0,9964.0,-1.294823,-1.18811,COG,AUS,850740
8515079,61,14,9302,2015,10778.0,0.0,2.203818,-2.307561,DEU,AUS,850740
8515080,64,14,9302,2015,6930.0,0.0,1.157924,1.2045629999999998,DNK,AUS,850740
8515081,81,14,9302,2015,0.0,1480.0,1.7422990000000003,0.75838,GBR,AUS,850740
8515082,103,14,9302,2015,0.0,1483.0,-0.145103,1.277362,IDN,AUS,850740
8515083,107,14,9302,2015,0.0,18756.0,-0.258946,-0.0073420000000000004,IRN,AUS,850740
8515084,110,14,9302,2015,1774.0,0.0,1.260071,0.545545,ISR,AUS,850740
8515085,123,14,9302,2015,0.0,415484.0,-0.927524,-0.74525,LAO,AUS,850740
8515086,124,14,9302,2015,0.0,15035.0,0.317355,1.330374,LBN,AUS,850740
8515087,145,14,9302,2015,0.0,720.0,-1.244368,-1.196677,MNG,AUS,850740
8515088,159,14,9302,2015,0.0,333671.0,-1.415451,-1.157829,NGA,AUS,850740
8515089,166,14,9302,2015,0.0,6146.0,0.224598,0.253179,NZL,AUS,850740
8515090,191,14,9302,2015,0.0,885.0,-0.708349,-0.296663,SEN,AUS,850740
8515091,192,14,9302,2015,0.0,3630.0,2.05613,0.593065,SGP,AUS,850740
8515092,196,14,9302,2015,0.0,38243.0,0.072324,-0.255235,SLE,AUS,850740
8515093,214,14,9302,2015,0.0,4606.0,-1.543675,-0.9703860000000001,TCD,AUS,850740
8515094,231,14,9302,2015,3604.0,0.0,1.720478,-0.129322,USA,AUS,850740
8515095,249,14,9302,2015,3959.0,0.0,1.962832,1.214982,TWN,AUS,850740
8515096,250,14,9302,2015,0.0,697.0,0.377283,-0.092204,ANS,AUS,850740
8515097,162,16,9302,2015,0.0,125.0,1.230104,1.27344,NLD,AZE,850740
8515098,14,22,9302,2015,224863.0,0.0,-0.292325,-0.043489,AUS,BGD,850740
8515099,43,22,9302,2015,145394.0,0.0,1.077143,1.735757,CHN,BGD,850740
8515100,104,22,9302,2015,13577.0,0.0,0.24230900000000002,2.8190880000000003,IND,BGD,850740
8515101,7,24,9302,2015,0.0,1158.0,0.21779600000000002,-0.0047420000000000006,ARE,BHR,850740
8515102,43,24,9302,2015,21039.0,0.0,1.077143,1.735757,CHN,BHR,850740
8515103,41,28,9302,2015,6522.0,0.0,2.306075,0.720781,CHE,BLR,850740
8515104,43,28,9302,2015,19851.0,0.0,1.077143,1.735757,CHN,BLR,850740
8515105,77,28,9302,2015,1193.0,0.0,1.479792,0.6490239999999999,FRA,BLR,850740
8515106,97,28,9302,2015,984.0,0.0,0.8255290000000001,1.8017279999999998,HKG,BLR,850740
8515107,130,28,9302,2015,991.0,0.0,0.749429,1.3659860000000001,LTU,BLR,850740
8515108,177,28,9302,2015,2788.0,0.0,1.145844,1.1449280000000002,POL,BLR,850740
8515109,186,28,9302,2015,83133.0,0.0,0.23119,0.035965,RUS,BLR,850740
8515110,246,46,9302,2015,4276.0,0.0,0.24944699999999997,1.7573159999999999,ZAF,COD,850740
8515111,7,68,9302,2015,1949.0,0.0,0.21779600000000002,-0.0047420000000000006,ARE,EGY,850740
8515112,43,68,9302,2015,2140116.0,0.0,1.077143,1.735757,CHN,EGY,850740
8515113,61,68,9302,2015,89742.0,0.0,2.203818,-2.307561,DEU,EGY,850740
8515114,77,68,9302,2015,3245.0,0.0,1.479792,0.6490239999999999,FRA,EGY,850740
8515115,81,68,9302,2015,11101.0,0.0,1.7422990000000003,0.75838,GBR,EGY,850740
8515116,97,68,9302,2015,1282.0,0.0,0.8255290000000001,1.8017279999999998,HKG,EGY,850740
8515117,106,68,9302,2015,9910.0,0.0,1.304942,0.126431,IRL,EGY,850740
8515118,114,68,9302,2015,8177.0,0.0,2.516133,-0.484202,JPN,EGY,850740
8515119,121,68,9302,2015,16973.0,0.0,1.900653,0.859406,KOR,EGY,850740
8515120,142,68,9302,2015,0.0,4768.0,0.880893,-0.117585,MLT,EGY,850740
8515121,162,68,9302,2015,4754.0,0.0,1.230104,1.27344,NLD,EGY,850740
8515122,224,68,9302,2015,956.0,0.0,0.438669,2.519632,TUR,EGY,850740
8515123,231,68,9302,2015,12446.0,0.0,1.720478,-0.129322,USA,EGY,850740
8515124,249,68,9302,2015,39055.0,0.0,1.962832,1.214982,TWN,EGY,850740
8515125,43,74,9302,2015,12483.0,0.0,1.077143,1.735757,CHN,FIN,850740
8515126,61,74,9302,2015,31828.0,0.0,2.203818,-2.307561,DEU,FIN,850740
8515127,64,74,9302,2015,1769.0,1695.0,1.157924,1.2045629999999998,DNK,FIN,850740
8515128,81,74,9302,2015,4590.0,0.0,1.7422990000000003,0.75838,GBR,FIN,850740
8515129,162,74,9302,2015,18844.0,1056.0,1.230104,1.27344,NLD,FIN,850740
8515130,163,74,9302,2015,5801.0,0.0,0.950708,0.314339,NOR,FIN,850740
8515131,208,74,9302,2015,1219.0,1570.0,1.8068349999999997,0.693389,SWE,FIN,850740
8515132,249,74,9302,2015,14886.0,0.0,1.962832,1.214982,TWN,FIN,850740
8515133,81,82,9302,2015,2337.0,0.0,1.7422990000000003,0.75838,GBR,GEO,850740
8515134,43,90,9302,2015,24249.0,0.0,1.077143,1.735757,CHN,GRC,850740
8515135,61,90,9302,2015,37141.0,0.0,2.203818,-2.307561,DEU,GRC,850740
8515136,77,90,9302,2015,2439.0,0.0,1.479792,0.6490239999999999,FRA,GRC,850740
8515137,162,90,9302,2015,3776.0,0.0,1.230104,1.27344,NLD,GRC,850740
8515138,206,90,9302,2015,2352.0,0.0,1.287133,0.7900560000000001,SVK,GRC,850740
8515139,26,100,9302,2015,0.0,2794.0,0.355903,0.723092,BIH,HRV,850740
8515140,61,100,9302,2015,6317.0,0.0,2.203818,-2.307561,DEU,HRV,850740
8515141,162,100,9302,2015,1243.0,0.0,1.230104,1.27344,NLD,HRV,850740
8515142,43,106,9302,2015,7080.0,0.0,1.077143,1.735757,CHN,IRL,850740
8515143,61,106,9302,2015,1501.0,0.0,2.203818,-2.307561,DEU,IRL,850740
8515144,64,106,9302,2015,0.0,1885.0,1.157924,1.2045629999999998,DNK,IRL,850740
8515145,68,106,9302,2015,0.0,9910.0,-0.183053,1.765036,EGY,IRL,850740
8515146,71,106,9302,2015,339745.0,0.0,0.8173590000000001,2.442556,ESP,IRL,850740
8515147,81,106,9302,2015,4279.0,0.0,1.7422990000000003,0.75838,GBR,IRL,850740
8515148,115,106,9302,2015,0.0,2156.0,-0.45091499999999995,-0.652026,KAZ,IRL,850740
8515149,162,106,9302,2015,18873.0,10883.0,1.230104,1.27344,NLD,IRL,850740
8515150,7,107,9302,2015,199770.0,0.0,0.21779600000000002,-0.0047420000000000006,ARE,IRN,850740
8515151,14,107,9302,2015,18756.0,0.0,-0.292325,-0.043489,AUS,IRN,850740
8515152,43,107,9302,2015,1093200.0,0.0,1.077143,1.735757,CHN,IRN,850740
8515153,61,107,9302,2015,15996.0,0.0,2.203818,-2.307561,DEU,IRN,850740
8515154,97,107,9302,2015,2958.0,0.0,0.8255290000000001,1.8017279999999998,HKG,IRN,850740
8515155,192,107,9302,2015,559.0,0.0,2.05613,0.593065,SGP,IRN,850740
8515156,224,107,9302,2015,1243.0,0.0,0.438669,2.519632,TUR,IRN,850740
8515157,249,107,9302,2015,1600.0,0.0,1.962832,1.214982,TWN,IRN,850740
8515158,7,115,9302,2015,2282.0,0.0,0.21779600000000002,-0.0047420000000000006,ARE,KAZ,850740
8515159,43,115,9302,2015,24832.0,0.0,1.077143,1.735757,CHN,KAZ,850740
8515160,61,115,9302,2015,3047.0,0.0,2.203818,-2.307561,DEU,KAZ,850740
8515161,81,115,9302,2015,5843.0,0.0,1.7422990000000003,0.75838,GBR,KAZ,850740
8515162,106,115,9302,2015,2156.0,0.0,1.304942,0.126431,IRL,KAZ,850740
8515163,130,115,9302,2015,1108.0,0.0,0.749429,1.3659860000000001,LTU,KAZ,850740
8515164,162,115,9302,2015,0.0,1321.0,1.230104,1.27344,NLD,KAZ,850740
8515165,186,115,9302,2015,729861.0,0.0,0.23119,0.035965,RUS,KAZ,850740
8515166,231,115,9302,2015,3165.0,0.0,1.720478,-0.129322,USA,KAZ,850740
8515167,43,116,9302,2015,711706.0,0.0,1.077143,1.735757,CHN,KEN,850740
8515168,81,116,9302,2015,980.0,0.0,1.7422990000000003,0.75838,GBR,KEN,850740
8515169,43,117,9302,2015,113518.0,0.0,1.077143,1.735757,CHN,KGZ,850740
8515170,186,117,9302,2015,27431.0,0.0,0.23119,0.035965,RUS,KGZ,850740
8515171,14,124,9302,2015,15035.0,0.0,-0.292325,-0.043489,AUS,LBN,850740
8515172,43,124,9302,2015,155068.0,0.0,1.077143,1.735757,CHN,LBN,850740
8515173,111,124,9302,2015,87562.0,0.0,1.321127,0.747046,ITA,LBN,850740
8515174,231,124,9302,2015,2787.0,0.0,1.720478,-0.129322,USA,LBN,850740
8515175,43,128,9302,2015,3109.0,0.0,1.077143,1.735757,CHN,LKA,850740
8515176,81,128,9302,2015,3583.0,0.0,1.7422990000000003,0.75838,GBR,LKA,850740
8515177,104,128,9302,2015,8027.0,0.0,0.24230900000000002,2.8190880000000003,IND,LKA,850740
8515178,28,130,9302,2015,0.0,991.0,0.672499,0.5584020000000001,BLR,LTU,850740
8515179,43,130,9302,2015,5807.0,0.0,1.077143,1.735757,CHN,LTU,850740
8515180,61,130,9302,2015,2815.0,0.0,2.203818,-2.307561,DEU,LTU,850740
8515181,73,130,9302,2015,0.0,37927.0,-1.004896,-0.721019,ETH,LTU,850740
8515182,97,130,9302,2015,3578.0,0.0,0.8255290000000001,1.8017279999999998,HKG,LTU,850740
8515183,115,130,9302,2015,0.0,1108.0,-0.45091499999999995,-0.652026,KAZ,LTU,850740
8515184,132,130,9302,2015,0.0,4933.0,0.602209,1.125357,LVA,LTU,850740
8515185,162,130,9302,2015,3525.0,0.0,1.230104,1.27344,NLD,LTU,850740
8515186,186,130,9302,2015,12374.0,816.0,0.23119,0.035965,RUS,LTU,850740
8515187,18,131,9302,2015,0.0,1958.0,1.329866,1.100641,BEL,LUX,850740
8515188,61,131,9302,2015,1676.0,0.0,2.203818,-2.307561,DEU,LUX,850740
8515189,77,131,9302,2015,2119.0,983.0,1.479792,0.6490239999999999,FRA,LUX,850740
8515190,162,131,9302,2015,17526.0,0.0,1.230104,1.27344,NLD,LUX,850740
8515191,64,132,9302,2015,0.0,2214.0,1.157924,1.2045629999999998,DNK,LVA,850740
8515192,72,132,9302,2015,20301.0,26383.0,0.9281149999999999,1.1780389999999998,EST,LVA,850740
8515193,130,132,9302,2015,4933.0,0.0,0.749429,1.3659860000000001,LTU,LVA,850740
8515194,162,132,9302,2015,5524.0,0.0,1.230104,1.27344,NLD,LVA,850740
8515195,186,132,9302,2015,127369.0,0.0,0.23119,0.035965,RUS,LVA,850740
8515196,43,140,9302,2015,4495.0,0.0,1.077143,1.735757,CHN,MKD,850740
8515197,68,142,9302,2015,4768.0,0.0,-0.183053,1.765036,EGY,MLT,850740
8515198,77,142,9302,2015,0.0,1315.0,1.479792,0.6490239999999999,FRA,MLT,850740
8515199,162,142,9302,2015,1595.0,0.0,1.230104,1.27344,NLD,MLT,850740
8515200,231,142,9302,2015,1736.0,0.0,1.720478,-0.129322,USA,MLT,850740
8515201,43,143,9302,2015,10943.0,0.0,1.077143,1.735757,CHN,MMR,850740
8515202,121,143,9302,2015,104768.0,0.0,1.900653,0.859406,KOR,MMR,850740
8515203,192,143,9302,2015,1497.0,0.0,2.05613,0.593065,SGP,MMR,850740
8515204,15,163,9302,2015,2180.0,62315.0,1.747098,-0.08026699999999999,AUT,NOR,850740
8515205,41,163,9302,2015,0.0,2479.0,2.306075,0.720781,CHE,NOR,850740
8515206,42,163,9302,2015,0.0,9020.0,-0.356167,-0.47629399999999994,CHL,NOR,850740
8515207,43,163,9302,2015,22385.0,0.0,1.077143,1.735757,CHN,NOR,850740
8515208,61,163,9302,2015,4917.0,22454.0,2.203818,-2.307561,DEU,NOR,850740
8515209,64,163,9302,2015,4124.0,0.0,1.157924,1.2045629999999998,DNK,NOR,850740
8515210,74,163,9302,2015,0.0,5801.0,1.597817,0.998059,FIN,NOR,850740
8515211,77,163,9302,2015,1037.0,0.0,1.479792,0.6490239999999999,FRA,NOR,850740
8515212,81,163,9302,2015,2698.0,1467.0,1.7422990000000003,0.75838,GBR,NOR,850740
8515213,109,163,9302,2015,0.0,1589.0,0.24527600000000002,-0.411616,ISL,NOR,850740
8515214,110,163,9302,2015,0.0,1639.0,1.260071,0.545545,ISR,NOR,850740
8515215,111,163,9302,2015,0.0,1514.0,1.321127,0.747046,ITA,NOR,850740
8515216,162,163,9302,2015,2528.0,24921.0,1.230104,1.27344,NLD,NOR,850740
8515217,177,163,9302,2015,2726.0,0.0,1.145844,1.1449280000000002,POL,NOR,850740
8515218,208,163,9302,2015,11346.0,0.0,1.8068349999999997,0.693389,SWE,NOR,850740
8515219,231,163,9302,2015,3070.0,3023.0,1.720478,-0.129322,USA,NOR,850740
8515220,249,163,9302,2015,15266.0,0.0,1.962832,1.214982,TWN,NOR,850740
8515221,43,164,9302,2015,100795.0,0.0,1.077143,1.735757,CHN,NPL,850740
8515222,61,164,9302,2015,85837.0,0.0,2.203818,-2.307561,DEU,NPL,850740
8515223,104,164,9302,2015,4439.0,0.0,0.24230900000000002,2.8190880000000003,IND,NPL,850740
8515224,43,167,9302,2015,17383.0,0.0,1.077143,1.735757,CHN,OMN,850740
8515225,81,167,9302,2015,3425.0,0.0,1.7422990000000003,0.75838,GBR,OMN,850740
8515226,162,167,9302,2015,1342.0,0.0,1.230104,1.27344,NLD,OMN,850740
8515227,231,167,9302,2015,3772.0,0.0,1.720478,-0.129322,USA,OMN,850740
8515228,43,183,9302,2015,24094.0,0.0,1.077143,1.735757,CHN,QAT,850740
8515229,61,183,9302,2015,3280.0,0.0,2.203818,-2.307561,DEU,QAT,850740
8515230,111,183,9302,2015,7460.0,0.0,1.321127,0.747046,ITA,QAT,850740
8515231,177,183,9302,2015,853.0,0.0,1.145844,1.1449280000000002,POL,QAT,850740
8515232,15,185,9302,2015,2234.0,0.0,1.747098,-0.08026699999999999,AUT,ROU,850740
8515233,43,185,9302,2015,9556.0,0.0,1.077143,1.735757,CHN,ROU,850740
8515234,61,185,9302,2015,15742.0,0.0,2.203818,-2.307561,DEU,ROU,850740
8515235,77,185,9302,2015,1135.0,0.0,1.479792,0.6490239999999999,FRA,ROU,850740
8515236,162,185,9302,2015,12744.0,1913.0,1.230104,1.27344,NLD,ROU,850740
8515237,231,185,9302,2015,2724.0,0.0,1.720478,-0.129322,USA,ROU,850740
8515238,15,186,9302,2015,0.0,2084.0,1.747098,-0.08026699999999999,AUT,RUS,850740
8515239,23,186,9302,2015,0.0,7236.0,0.45640699999999995,1.691455,BGR,RUS,850740
8515240,28,186,9302,2015,0.0,83133.0,0.672499,0.5584020000000001,BLR,RUS,850740
8515241,43,186,9302,2015,175530.0,0.0,1.077143,1.735757,CHN,RUS,850740
8515242,61,186,9302,2015,5065.0,0.0,2.203818,-2.307561,DEU,RUS,850740
8515243,81,186,9302,2015,34144.0,0.0,1.7422990000000003,0.75838,GBR,RUS,850740
8515244,85,186,9302,2015,0.0,27467.0,-1.288329,-1.167532,GIN,RUS,850740
8515245,103,186,9302,2015,1204.0,0.0,-0.145103,1.277362,IDN,RUS,850740
8515246,114,186,9302,2015,8176.0,0.0,2.516133,-0.484202,JPN,RUS,850740
8515247,115,186,9302,2015,0.0,729861.0,-0.45091499999999995,-0.652026,KAZ,RUS,850740
8515248,117,186,9302,2015,0.0,27431.0,0.02058,0.438692,KGZ,RUS,850740
8515249,130,186,9302,2015,816.0,12374.0,0.749429,1.3659860000000001,LTU,RUS,850740
8515250,132,186,9302,2015,0.0,127369.0,0.602209,1.125357,LVA,RUS,850740
8515251,135,186,9302,2015,0.0,3185.0,-0.313837,-0.20393,MDA,RUS,850740
8515252,145,186,9302,2015,0.0,80160.0,-1.244368,-1.196677,MNG,RUS,850740
8515253,162,186,9302,2015,1872.0,3796.0,1.230104,1.27344,NLD,RUS,850740
8515254,177,186,9302,2015,6060.0,0.0,1.145844,1.1449280000000002,POL,RUS,850740
8515255,208,186,9302,2015,69928.0,0.0,1.8068349999999997,0.693389,SWE,RUS,850740
8515256,228,186,9302,2015,0.0,37541.0,0.429879,0.701813,UKR,RUS,850740
8515257,231,186,9302,2015,11550.0,0.0,1.720478,-0.129322,USA,RUS,850740
8515258,239,186,9302,2015,0.0,160922.0,-0.17108900000000002,1.10995,VNM,RUS,850740
8515259,14,191,9302,2015,885.0,0.0,-0.292325,-0.043489,AUS,SEN,850740
8515260,43,191,9302,2015,343797.0,0.0,1.077143,1.735757,CHN,SEN,850740
8515261,61,191,9302,2015,14072.0,0.0,2.203818,-2.307561,DEU,SEN,850740
8515262,209,191,9302,2015,1164.0,0.0,0.257467,-0.402491,SWZ,SEN,850740
8515263,43,201,9302,2015,3875.0,0.0,1.077143,1.735757,CHN,SRB,850740
8515264,61,201,9302,2015,4204.0,0.0,2.203818,-2.307561,DEU,SRB,850740
8515265,144,201,9302,2015,0.0,1936.0,-0.048385000000000004,-0.150759,MNE,SRB,850740
8515266,177,201,9302,2015,4146.0,0.0,1.145844,1.1449280000000002,POL,SRB,850740
8515267,26,206,9302,2015,0.0,1853.0,0.355903,0.723092,BIH,SVK,850740
8515268,59,206,9302,2015,1567.0,0.0,1.743012,0.45424,CZE,SVK,850740
8515269,61,206,9302,2015,2982.0,0.0,2.203818,-2.307561,DEU,SVK,850740
8515270,90,206,9302,2015,0.0,2352.0,0.099027,1.012289,GRC,SVK,850740
8515271,162,206,9302,2015,7071.0,3731.0,1.230104,1.27344,NLD,SVK,850740
8515272,43,207,9302,2015,9518.0,0.0,1.077143,1.735757,CHN,SVN,850740
8515273,61,207,9302,2015,12936.0,0.0,2.203818,-2.307561,DEU,SVN,850740
8515274,162,207,9302,2015,2064.0,0.0,1.230104,1.27344,NLD,SVN,850740
8515275,43,217,9302,2015,114818.0,0.0,1.077143,1.735757,CHN,TJK,850740
8515276,224,217,9302,2015,6305.0,0.0,0.438669,2.519632,TUR,TJK,850740
8515277,43,219,9302,2015,88167.0,0.0,1.077143,1.735757,CHN,TKM,850740
8515278,43,226,9302,2015,690352.0,0.0,1.077143,1.735757,CHN,TZA,850740
8515279,43,239,9302,2015,60942196.0,0.0,1.077143,1.735757,CHN,VNM,850740
8515280,61,239,9302,2015,125840.0,0.0,2.203818,-2.307561,DEU,VNM,850740
8515281,77,239,9302,2015,2083.0,0.0,1.479792,0.6490239999999999,FRA,VNM,850740
8515282,114,239,9302,2015,6332.0,0.0,2.516133,-0.484202,JPN,VNM,850740
8515283,123,239,9302,2015,0.0,28258.0,-0.927524,-0.74525,LAO,VNM,850740
8515284,186,239,9302,2015,160922.0,0.0,0.23119,0.035965,RUS,VNM,850740
8515285,231,239,9302,2015,64265.0,0.0,1.720478,-0.129322,USA,VNM,850740
8515286,249,239,9302,2015,175995.0,0.0,1.962832,1.214982,TWN,VNM,850740
8515287,43,4,9302,2015,4919.0,0.0,1.077143,1.735757,CHN,ALB,850740
8515288,61,13,9302,2015,3666.0,0.0,2.203818,-2.307561,DEU,ATG,850740
8515289,231,13,9302,2015,102559.0,0.0,1.720478,-0.129322,USA,ATG,850740
8515290,43,19,9302,2015,751447.0,0.0,1.077143,1.735757,CHN,BEN,850740
8515291,43,21,9302,2015,104126.0,0.0,1.077143,1.735757,CHN,BFA,850740
8515292,100,26,9302,2015,2794.0,0.0,0.7590140000000001,1.257415,HRV,BIH,850740
8515293,206,26,9302,2015,1853.0,0.0,1.287133,0.7900560000000001,SVK,BIH,850740
8515294,43,37,9302,2015,980.0,0.0,1.077143,1.735757,CHN,BWA,850740
8515295,246,37,9302,2015,4837.0,0.0,0.24944699999999997,1.7573159999999999,ZAF,BWA,850740
8515296,14,45,9302,2015,31439.0,0.0,-0.292325,-0.043489,AUS,CMR,850740
8515297,43,45,9302,2015,218466.0,0.0,1.077143,1.735757,CHN,CMR,850740
8515298,14,47,9302,2015,9964.0,0.0,-0.292325,-0.043489,AUS,COG,850740
8515299,43,47,9302,2015,57754.0,0.0,1.077143,1.735757,CHN,COG,850740
8515300,61,47,9302,2015,1068.0,0.0,2.203818,-2.307561,DEU,COG,850740
8515301,43,58,9302,2015,1002.0,0.0,1.077143,1.735757,CHN,CYP,850740
8515302,61,58,9302,2015,2813.0,0.0,2.203818,-2.307561,DEU,CYP,850740
8515303,110,58,9302,2015,3500.0,0.0,1.260071,0.545545,ISR,CYP,850740
8515304,162,58,9302,2015,3135.0,0.0,1.230104,1.27344,NLD,CYP,850740
8515305,43,73,9302,2015,4662.0,0.0,1.077143,1.735757,CHN,ETH,850740
8515306,130,73,9302,2015,37927.0,0.0,0.749429,1.3659860000000001,LTU,ETH,850740
8515307,231,73,9302,2015,2997.0,0.0,1.720478,-0.129322,USA,ETH,850740
8515308,43,83,9302,2015,1043393.0,0.0,1.077143,1.735757,CHN,GHA,850740
8515309,71,84,9302,2015,2156.0,0.0,0.8173590000000001,2.442556,ESP,GIB,850740
8515310,43,85,9302,2015,193486.0,0.0,1.077143,1.735757,CHN,GIN,850740
8515311,186,85,9302,2015,27467.0,0.0,0.23119,0.035965,RUS,GIN,850740
8515312,43,96,9302,2015,95191.0,0.0,1.077143,1.735757,CHN,GUY,850740
8515313,231,96,9302,2015,975.0,0.0,1.720478,-0.129322,USA,GUY,850740
8515314,43,109,9302,2015,2620.0,0.0,1.077143,1.735757,CHN,ISL,850740
8515315,78,109,9302,2015,0.0,1091.0,-0.700767,-0.9214399999999999,FRO,ISL,850740
8515316,163,109,9302,2015,1589.0,0.0,0.950708,0.314339,NOR,ISL,850740
8515317,216,118,9302,2015,6333.0,0.0,0.965888,1.368572,THA,KHM,850740
8515318,61,134,9302,2015,1175.0,0.0,2.203818,-2.307561,DEU,MAR,850740
8515319,77,134,9302,2015,1167.0,0.0,1.479792,0.6490239999999999,FRA,MAR,850740
8515320,231,134,9302,2015,30412.0,0.0,1.720478,-0.129322,USA,MAR,850740
8515321,43,136,9302,2015,197230.0,0.0,1.077143,1.735757,CHN,MDG,850740
8515322,201,144,9302,2015,1936.0,0.0,0.457042,1.324908,SRB,MNE,850740
8515323,43,147,9302,2015,24962.0,0.0,1.077143,1.735757,CHN,MOZ,850740
8515324,246,147,9302,2015,7144.0,0.0,0.24944699999999997,1.7573159999999999,ZAF,MOZ,850740
8515325,43,151,9302,2015,2623.0,0.0,1.077143,1.735757,CHN,MUS,850740
8515326,61,151,9302,2015,2141.0,0.0,2.203818,-2.307561,DEU,MUS,850740
8515327,81,151,9302,2015,5223.0,0.0,1.7422990000000003,0.75838,GBR,MUS,850740
8515328,43,155,9302,2015,5221.0,0.0,1.077143,1.735757,CHN,NAM,850740
8515329,97,155,9302,2015,1437.0,0.0,0.8255290000000001,1.8017279999999998,HKG,NAM,850740
8515330,246,155,9302,2015,1524.0,0.0,0.24944699999999997,1.7573159999999999,ZAF,NAM,850740
8515331,249,156,9302,2015,638.0,0.0,1.962832,1.214982,TWN,NCL,850740
8515332,179,203,9302,2015,7539.0,0.0,0.561922,2.2276380000000002,PRT,STP,850740
8515333,191,209,9302,2015,0.0,1164.0,-0.708349,-0.296663,SEN,SWZ,850740
8515334,43,211,9302,2015,5687.0,0.0,1.077143,1.735757,CHN,SYC,850740
8515335,43,212,9302,2015,227463.0,0.0,1.077143,1.735757,CHN,SYR,850740
8515336,43,215,9302,2015,49195.0,0.0,1.077143,1.735757,CHN,TGO,850740
8515337,43,223,9302,2015,290769.0,0.0,1.077143,1.735757,CHN,TUN,850740
8515338,7,227,9302,2015,3389.0,0.0,0.21779600000000002,-0.0047420000000000006,ARE,UGA,850740
8515339,43,227,9302,2015,1083.0,0.0,1.077143,1.735757,CHN,UGA,850740
8515340,103,227,9302,2015,4542.0,0.0,-0.145103,1.277362,IDN,UGA,850740
8515341,7,247,9302,2015,4390.0,0.0,0.21779600000000002,-0.0047420000000000006,ARE,ZMB,850740
8515342,231,247,9302,2015,1330.0,0.0,1.720478,-0.129322,USA,ZMB,850740
8515343,14,34,9302,2015,5259.0,0.0,-0.292325,-0.043489,AUS,BRN,850740
8515344,43,29,9302,2015,42663.0,0.0,1.077143,1.735757,CHN,BLZ,850740
8515345,231,29,9302,2015,1389.0,0.0,1.720478,-0.129322,USA,BLZ,850740
8515346,153,135,9302,2015,328.0,0.0,1.082803,0.811615,MYS,MDA,850740
8515347,186,135,9302,2015,3185.0,0.0,0.23119,0.035965,RUS,MDA,850740
8515348,231,0,9302,2015,34571.0,0.0,1.720478,-0.129322,USA,ABW,850740
8515349,43,31,9302,2015,69271.0,0.0,1.077143,1.735757,CHN,BOL,850740
8515350,61,31,9302,2015,1276.0,0.0,2.203818,-2.307561,DEU,BOL,850740
8515351,231,31,9302,2015,4863.0,0.0,1.720478,-0.129322,USA,BOL,850740
8515352,43,75,9302,2015,4974.0,0.0,1.077143,1.735757,CHN,FJI,850740
8515353,109,78,9302,2015,1091.0,0.0,0.24527600000000002,-0.411616,ISL,FRO,850740
8515354,14,123,9302,2015,415484.0,0.0,-0.292325,-0.043489,AUS,LAO,850740
8515355,15,123,9302,2015,43610.0,0.0,1.747098,-0.08026699999999999,AUT,LAO,850740
8515356,97,123,9302,2015,1851966.0,0.0,0.8255290000000001,1.8017279999999998,HKG,LAO,850740
8515357,110,123,9302,2015,108878.0,0.0,1.260071,0.545545,ISR,LAO,850740
8515358,114,123,9302,2015,4184.0,0.0,2.516133,-0.484202,JPN,LAO,850740
8515359,121,123,9302,2015,23294.0,0.0,1.900653,0.859406,KOR,LAO,850740
8515360,166,123,9302,2015,246831.0,0.0,0.224598,0.253179,NZL,LAO,850740
8515361,216,123,9302,2015,103296.0,0.0,0.965888,1.368572,THA,LAO,850740
8515362,228,123,9302,2015,29436.0,0.0,0.429879,0.701813,UKR,LAO,850740
8515363,231,123,9302,2015,686669.0,0.0,1.720478,-0.129322,USA,LAO,850740
8515364,239,123,9302,2015,28258.0,0.0,-0.17108900000000002,1.10995,VNM,LAO,850740
8515365,249,123,9302,2015,4001.0,0.0,1.962832,1.214982,TWN,LAO,850740
8515366,246,129,9302,2015,2262.0,0.0,0.24944699999999997,1.7573159999999999,ZAF,LSO,850740
8515367,14,145,9302,2015,720.0,0.0,-0.292325,-0.043489,AUS,MNG,850740
8515368,114,145,9302,2015,4042.0,0.0,2.516133,-0.484202,JPN,MNG,850740
8515369,186,145,9302,2015,80160.0,0.0,0.23119,0.035965,RUS,MNG,850740
8515370,43,152,9302,2015,19271.0,0.0,1.077143,1.735757,CHN,MWI,850740
8515371,231,152,9302,2015,4580.0,0.0,1.720478,-0.129322,USA,MWI,850740
8515372,246,152,9302,2015,3396.0,0.0,0.24944699999999997,1.7573159999999999,ZAF,MWI,850740
8515373,43,187,9302,2015,55062.0,0.0,1.077143,1.735757,CHN,RWA,850740
8515374,43,195,9302,2015,4954.0,0.0,1.077143,1.735757,CHN,SLB,850740
8515375,14,196,9302,2015,38243.0,0.0,-0.292325,-0.043489,AUS,SLE,850740
8515376,14,214,9302,2015,4606.0,0.0,-0.292325,-0.043489,AUS,TCD,850740
8515377,18,210,9302,2015,1497.0,0.0,1.329866,1.100641,BEL,SXM,850740
8515378,2,7,9314,2015,0.0,12878.0,-1.6542,-1.2598989999999999,AGO,ARE,850990
8515379,14,7,9314,2015,5502.0,26371.0,-0.292325,-0.043489,AUS,ARE,850990
8515380,15,7,9314,2015,1484.0,0.0,1.747098,-0.08026699999999999,AUT,ARE,850990
8515381,17,7,9314,2015,0.0,1127.0,-0.993318,-1.031194,BDI,ARE,850990
8515382,18,7,9314,2015,267384.0,0.0,1.329866,1.100641,BEL,ARE,850990
8515383,19,7,9314,2015,0.0,4444.0,-0.5641470000000001,-0.8971020000000001,BEN,ARE,850990
8515384,23,7,9314,2015,1654.0,0.0,0.45640699999999995,1.691455,BGR,ARE,850990
8515385,24,7,9314,2015,4646.0,81894.0,0.36650900000000003,-0.28735,BHR,ARE,850990
8515386,39,7,9314,2015,3924.0,0.0,0.695867,1.171676,CAN,ARE,850990
8515387,41,7,9314,2015,29481.0,0.0,2.306075,0.720781,CHE,ARE,850990
8515388,43,7,9314,2015,1959615.0,0.0,1.077143,1.735757,CHN,ARE,850990
8515389,47,7,9314,2015,0.0,897.0,-1.294823,-1.18811,COG,ARE,850990
8515390,59,7,9314,2015,97787.0,0.0,1.743012,0.45424,CZE,ARE,850990
8515391,61,7,9314,2015,100433.0,13992.0,2.203818,-2.307561,DEU,ARE,850990
8515392,62,7,9314,2015,0.0,36135.0,-0.538942,-0.832522,DJI,ARE,850990
8515393,64,7,9314,2015,9899.0,0.0,1.157924,1.2045629999999998,DNK,ARE,850990
8515394,68,7,9314,2015,0.0,70566.0,-0.183053,1.765036,EGY,ARE,850990
8515395,71,7,9314,2015,17821.0,0.0,0.8173590000000001,2.442556,ESP,ARE,850990
8515396,74,7,9314,2015,3652.0,0.0,1.597817,0.998059,FIN,ARE,850990
8515397,77,7,9314,2015,98504.0,0.0,1.479792,0.6490239999999999,FRA,ARE,850990
8515398,81,7,9314,2015,142503.0,1407.0,1.7422990000000003,0.75838,GBR,ARE,850990
8515399,97,7,9314,2015,3889.0,59660.0,0.8255290000000001,1.8017279999999998,HKG,ARE,850990
8515400,102,7,9314,2015,15839.0,0.0,1.462839,0.803258,HUN,ARE,850990
8515401,104,7,9314,2015,118268.0,6804.0,0.24230900000000002,2.8190880000000003,IND,ARE,850990
8515402,107,7,9314,2015,0.0,231371.0,-0.258946,-0.0073420000000000004,IRN,ARE,850990
8515403,108,7,9314,2015,0.0,29127.0,-1.465803,-0.912113,IRQ,ARE,850990
8515404,111,7,9314,2015,571020.0,93278.0,1.321127,0.747046,ITA,ARE,850990
8515405,114,7,9314,2015,5272.0,0.0,2.516133,-0.484202,JPN,ARE,850990
8515406,116,7,9314,2015,0.0,1338.0,-0.453564,0.433325,KEN,ARE,850990
8515407,117,7,9314,2015,0.0,65166.0,0.02058,0.438692,KGZ,ARE,850990
8515408,121,7,9314,2015,95438.0,0.0,1.900653,0.859406,KOR,ARE,850990
8515409,122,7,9314,2015,164590.0,328207.0,-0.352023,-1.153057,KWT,ARE,850990
8515410,124,7,9314,2015,23856.0,4591.0,0.317355,1.330374,LBN,ARE,850990
8515411,137,7,9314,2015,0.0,8865.0,-0.321571,-0.858751,MDV,ARE,850990
8515412,138,7,9314,2015,31642.0,0.0,1.169724,0.61457,MEX,ARE,850990
8515413,143,7,9314,2015,0.0,55412.0,-1.4596120000000001,-0.903904,MMR,ARE,850990
8515414,153,7,9314,2015,7144.0,1937.0,1.082803,0.811615,MYS,ARE,850990
8515415,159,7,9314,2015,0.0,82285.0,-1.415451,-1.157829,NGA,ARE,850990
8515416,162,7,9314,2015,58192.0,3906.0,1.230104,1.27344,NLD,ARE,850990
8515417,163,7,9314,2015,5109.0,0.0,0.950708,0.314339,NOR,ARE,850990
8515418,166,7,9314,2015,6985.0,0.0,0.224598,0.253179,NZL,ARE,850990
8515419,167,7,9314,2015,3163.0,32767.0,-0.4699,-1.00451,OMN,ARE,850990
8515420,168,7,9314,2015,0.0,8842.0,-0.7059979999999999,0.73501,PAK,ARE,850990
8515421,177,7,9314,2015,6499.0,0.0,1.145844,1.1449280000000002,POL,ARE,850990
8515422,183,7,9314,2015,8209.0,7581.0,-0.077053,-0.9922719999999999,QAT,ARE,850990
8515423,185,7,9314,2015,980.0,0.0,0.946363,1.056775,ROU,ARE,850990
8515424,188,7,9314,2015,81193.0,102163.0,0.5552520000000001,-0.7263229999999999,SAU,ARE,850990
8515425,190,7,9314,2015,0.0,2122.0,-1.420356,-1.218424,SDN,ARE,850990
8515426,192,7,9314,2015,27688.0,0.0,2.05613,0.593065,SGP,ARE,850990
8515427,199,7,9314,2015,0.0,3277.0,-1.716689,-1.078134,SOM,ARE,850990
8515428,206,7,9314,2015,8172.0,0.0,1.287133,0.7900560000000001,SVK,ARE,850990
8515429,207,7,9314,2015,6559.0,0.0,1.6089879999999999,0.833616,SVN,ARE,850990
8515430,208,7,9314,2015,31141.0,0.0,1.8068349999999997,0.693389,SWE,ARE,850990
8515431,211,7,9314,2015,0.0,860.0,1.017467,-0.285569,SYC,ARE,850990
8515432,216,7,9314,2015,80762.0,0.0,0.965888,1.368572,THA,ARE,850990
8515433,219,7,9314,2015,0.0,1196.0,-1.546516,-1.315803,TKM,ARE,850990
8515434,223,7,9314,2015,1315.0,0.0,0.140202,0.967591,TUN,ARE,850990
8515435,224,7,9314,2015,12230.0,4529.0,0.438669,2.519632,TUR,ARE,850990
8515436,226,7,9314,2015,0.0,5334.0,-1.02395,-0.017509999999999998,TZA,ARE,850990
8515437,227,7,9314,2015,0.0,2093.0,-0.611023,0.078961,UGA,ARE,850990
8515438,228,7,9314,2015,1224.0,0.0,0.429879,0.701813,UKR,ARE,850990
8515439,230,7,9314,2015,1215.0,0.0,0.273876,-0.363695,URY,ARE,850990
8515440,231,7,9314,2015,766302.0,0.0,1.720478,-0.129322,USA,ARE,850990
8515441,232,7,9314,2015,0.0,498422.0,-0.724966,-0.599292,UZB,ARE,850990
8515442,239,7,9314,2015,3707.0,0.0,-0.17108900000000002,1.10995,VNM,ARE,850990
8515443,243,7,9314,2015,0.0,10934.0,-1.048632,-1.10843,YEM,ARE,850990
8515444,246,7,9314,2015,9945.0,21065.0,0.24944699999999997,1.7573159999999999,ZAF,ARE,850990
8515445,248,7,9314,2015,0.0,697.0,-0.838017,-0.9400270000000001,ZWE,ARE,850990
8515446,249,7,9314,2015,13301.0,0.0,1.962832,1.214982,TWN,ARE,850990
8515447,250,7,9314,2015,0.0,4088.0,0.377283,-0.092204,ANS,ARE,850990
8515448,31,8,9314,2015,0.0,2970.0,-1.051562,-1.067714,BOL,ARG,850990
8515449,32,8,9314,2015,2417910.0,2969.0,0.23656799999999997,0.688607,BRA,ARG,850990
8515450,39,8,9314,2015,7286.0,0.0,0.695867,1.171676,CAN,ARG,850990
8515451,42,8,9314,2015,0.0,2256.0,-0.356167,-0.47629399999999994,CHL,ARG,850990
8515452,43,8,9314,2015,6743086.0,0.0,1.077143,1.735757,CHN,ARG,850990
8515453,49,8,9314,2015,267368.0,0.0,0.156383,-0.183055,COL,ARG,850990
8515454,61,8,9314,2015,4842.0,0.0,2.203818,-2.307561,DEU,ARG,850990
8515455,64,8,9314,2015,1747.0,0.0,1.157924,1.2045629999999998,DNK,ARG,850990
8515456,71,8,9314,2015,31085.0,0.0,0.8173590000000001,2.442556,ESP,ARG,850990
8515457,74,8,9314,2015,2929.0,0.0,1.597817,0.998059,FIN,ARG,850990
8515458,77,8,9314,2015,693904.0,0.0,1.479792,0.6490239999999999,FRA,ARG,850990
8515459,81,8,9314,2015,1178.0,0.0,1.7422990000000003,0.75838,GBR,ARG,850990
8515460,97,8,9314,2015,7727.0,0.0,0.8255290000000001,1.8017279999999998,HKG,ARG,850990
8515461,111,8,9314,2015,162863.0,0.0,1.321127,0.747046,ITA,ARG,850990
8515462,121,8,9314,2015,1870.0,0.0,1.900653,0.859406,KOR,ARG,850990
8515463,138,8,9314,2015,218261.0,0.0,1.169724,0.61457,MEX,ARG,850990
8515464,162,8,9314,2015,1103.0,0.0,1.230104,1.27344,NLD,ARG,850990
8515465,177,8,9314,2015,2620.0,0.0,1.145844,1.1449280000000002,POL,ARG,850990
8515466,179,8,9314,2015,87476.0,0.0,0.561922,2.2276380000000002,PRT,ARG,850990
8515467,180,8,9314,2015,0.0,34757.0,-0.471106,-0.9431139999999999,PRY,ARG,850990
8515468,192,8,9314,2015,4456.0,0.0,2.05613,0.593065,SGP,ARG,850990
8515469,208,8,9314,2015,1899.0,0.0,1.8068349999999997,0.693389,SWE,ARG,850990
8515470,224,8,9314,2015,2419.0,0.0,0.438669,2.519632,TUR,ARG,850990
8515471,230,8,9314,2015,0.0,10603.0,0.273876,-0.363695,URY,ARG,850990
8515472,231,8,9314,2015,715910.0,0.0,1.720478,-0.129322,USA,ARG,850990
8515473,239,8,9314,2015,820123.0,0.0,-0.17108900000000002,1.10995,VNM,ARG,850990
8515474,4,15,9314,2015,0.0,1716.0,-0.601875,-0.27003,ALB,AUT,850990
8515475,7,15,9314,2015,0.0,1484.0,0.21779600000000002,-0.0047420000000000006,ARE,AUT,850990
8515476,14,15,9314,2015,0.0,8984.0,-0.292325,-0.043489,AUS,AUT,850990
8515477,18,15,9314,2015,491429.0,26742.0,1.329866,1.100641,BEL,AUT,850990
8515478,23,15,9314,2015,0.0,39072.0,0.45640699999999995,1.691455,BGR,AUT,850990
8515479,24,15,9314,2015,0.0,950.0,0.36650900000000003,-0.28735,BHR,AUT,850990
8515480,26,15,9314,2015,0.0,6067.0,0.355903,0.723092,BIH,AUT,850990
8515481,28,15,9314,2015,0.0,1667.0,0.672499,0.5584020000000001,BLR,AUT,850990
8515482,32,15,9314,2015,0.0,992.0,0.23656799999999997,0.688607,BRA,AUT,850990
8515483,39,15,9314,2015,29380.0,3157.0,0.695867,1.171676,CAN,AUT,850990
8515484,41,15,9314,2015,365029.0,344799.0,2.306075,0.720781,CHE,AUT,850990
8515485,42,15,9314,2015,0.0,4020.0,-0.356167,-0.47629399999999994,CHL,AUT,850990
8515486,43,15,9314,2015,314462.0,25369.0,1.077143,1.735757,CHN,AUT,850990
8515487,59,15,9314,2015,595829.0,217690.0,1.743012,0.45424,CZE,AUT,850990
8515488,61,15,9314,2015,9264368.0,3607890.0,2.203818,-2.307561,DEU,AUT,850990
8515489,64,15,9314,2015,6056.0,4763.0,1.157924,1.2045629999999998,DNK,AUT,850990
8515490,71,15,9314,2015,323164.0,8921.0,0.8173590000000001,2.442556,ESP,AUT,850990
8515491,72,15,9314,2015,0.0,31154.0,0.9281149999999999,1.1780389999999998,EST,AUT,850990
8515492,74,15,9314,2015,59381.0,0.0,1.597817,0.998059,FIN,AUT,850990
8515493,77,15,9314,2015,183917.0,95987.0,1.479792,0.6490239999999999,FRA,AUT,850990
8515494,80,15,9314,2015,0.0,15171.0,-1.384351,-1.209873,GAB,AUT,850990
8515495,81,15,9314,2015,65657.0,49626.0,1.7422990000000003,0.75838,GBR,AUT,850990
8515496,90,15,9314,2015,0.0,7259.0,0.099027,1.012289,GRC,AUT,850990
8515497,97,15,9314,2015,16586.0,4297304.0,0.8255290000000001,1.8017279999999998,HKG,AUT,850990
8515498,100,15,9314,2015,3441.0,31668.0,0.7590140000000001,1.257415,HRV,AUT,850990
8515499,102,15,9314,2015,716674.0,351555.0,1.462839,0.803258,HUN,AUT,850990
8515500,106,15,9314,2015,4777.0,5806.0,1.304942,0.126431,IRL,AUT,850990
8515501,111,15,9314,2015,4230645.0,235843.0,1.321127,0.747046,ITA,AUT,850990
8515502,114,15,9314,2015,9050.0,3601.0,2.516133,-0.484202,JPN,AUT,850990
8515503,121,15,9314,2015,11680.0,0.0,1.900653,0.859406,KOR,AUT,850990
8515504,126,15,9314,2015,0.0,1228.0,-1.3257219999999998,-1.260453,LBY,AUT,850990
8515505,130,15,9314,2015,2477.0,2346.0,0.749429,1.3659860000000001,LTU,AUT,850990
8515506,131,15,9314,2015,0.0,4719.0,1.218924,1.247152,LUX,AUT,850990
8515507,132,15,9314,2015,1683.0,20902.0,0.602209,1.125357,LVA,AUT,850990
8515508,138,15,9314,2015,8272.0,1761.0,1.169724,0.61457,MEX,AUT,850990
8515509,147,15,9314,2015,4182.0,0.0,-1.293809,-1.115069,MOZ,AUT,850990
8515510,153,15,9314,2015,164020.0,0.0,1.082803,0.811615,MYS,AUT,850990
8515511,162,15,9314,2015,315470.0,17166.0,1.230104,1.27344,NLD,AUT,850990
8515512,163,15,9314,2015,0.0,1557.0,0.950708,0.314339,NOR,AUT,850990
8515513,166,15,9314,2015,0.0,2337.0,0.224598,0.253179,NZL,AUT,850990
8515514,168,15,9314,2015,0.0,45021.0,-0.7059979999999999,0.73501,PAK,AUT,850990
8515515,173,15,9314,2015,0.0,1306.0,-0.6007819999999999,0.32152800000000004,PER,AUT,850990
8515516,177,15,9314,2015,1925943.0,12472.0,1.145844,1.1449280000000002,POL,AUT,850990
8515517,179,15,9314,2015,6678.0,6594.0,0.561922,2.2276380000000002,PRT,AUT,850990
8515518,183,15,9314,2015,609.0,7187.0,-0.077053,-0.9922719999999999,QAT,AUT,850990
8515519,185,15,9314,2015,91467.0,105310.0,0.946363,1.056775,ROU,AUT,850990
8515520,186,15,9314,2015,0.0,1013.0,0.23119,0.035965,RUS,AUT,850990
8515521,188,15,9314,2015,0.0,3045.0,0.5552520000000001,-0.7263229999999999,SAU,AUT,850990
8515522,192,15,9314,2015,0.0,1636.0,2.05613,0.593065,SGP,AUT,850990
8515523,201,15,9314,2015,0.0,28823.0,0.457042,1.324908,SRB,AUT,850990
8515524,206,15,9314,2015,23213.0,154131.0,1.287133,0.7900560000000001,SVK,AUT,850990
8515525,207,15,9314,2015,261896.0,108324.0,1.6089879999999999,0.833616,SVN,AUT,850990
8515526,208,15,9314,2015,30692.0,31772.0,1.8068349999999997,0.693389,SWE,AUT,850990
8515527,224,15,9314,2015,1176.0,2078.0,0.438669,2.519632,TUR,AUT,850990
8515528,228,15,9314,2015,0.0,1160.0,0.429879,0.701813,UKR,AUT,850990
8515529,231,15,9314,2015,112391.0,80408.0,1.720478,-0.129322,USA,AUT,850990
8515530,239,15,9314,2015,3720.0,0.0,-0.17108900000000002,1.10995,VNM,AUT,850990
8515531,246,15,9314,2015,2732.0,7516.0,0.24944699999999997,1.7573159999999999,ZAF,AUT,850990
8515532,249,15,9314,2015,10395.0,0.0,1.962832,1.214982,TWN,AUT,850990
8515533,2,18,9314,2015,0.0,555.0,-1.6542,-1.2598989999999999,AGO,BEL,850990
8515534,7,18,9314,2015,0.0,267384.0,0.21779600000000002,-0.0047420000000000006,ARE,BEL,850990
8515535,9,18,9314,2015,0.0,3189.0,0.037579,-0.42448800000000003,ARM,BEL,850990
8515536,14,18,9314,2015,0.0,6402.0,-0.292325,-0.043489,AUS,BEL,850990
8515537,15,18,9314,2015,26742.0,491429.0,1.747098,-0.08026699999999999,AUT,BEL,850990
8515538,23,18,9314,2015,6211.0,2746.0,0.45640699999999995,1.691455,BGR,BEL,850990
8515539,32,18,9314,2015,0.0,20484.0,0.23656799999999997,0.688607,BRA,BEL,850990
8515540,39,18,9314,2015,11257.0,400128.0,0.695867,1.171676,CAN,BEL,850990
8515541,41,18,9314,2015,124104.0,537047.0,2.306075,0.720781,CHE,BEL,850990
8515542,42,18,9314,2015,82235.0,0.0,-0.356167,-0.47629399999999994,CHL,BEL,850990
8515543,43,18,9314,2015,2449867.0,1478.0,1.077143,1.735757,CHN,BEL,850990
8515544,46,18,9314,2015,0.0,6156.0,-1.3921290000000002,-1.146549,COD,BEL,850990
8515545,58,18,9314,2015,0.0,4760.0,0.511225,-0.207261,CYP,BEL,850990
8515546,59,18,9314,2015,10383.0,358208.0,1.743012,0.45424,CZE,BEL,850990
8515547,61,18,9314,2015,6658678.0,5072247.0,2.203818,-2.307561,DEU,BEL,850990
8515548,64,18,9314,2015,23926.0,1118715.0,1.157924,1.2045629999999998,DNK,BEL,850990
8515549,71,18,9314,2015,864079.0,214699.0,0.8173590000000001,2.442556,ESP,BEL,850990
8515550,72,18,9314,2015,0.0,59653.0,0.9281149999999999,1.1780389999999998,EST,BEL,850990
8515551,74,18,9314,2015,5582.0,17073.0,1.597817,0.998059,FIN,BEL,850990
8515552,77,18,9314,2015,1992385.0,4528010.0,1.479792,0.6490239999999999,FRA,BEL,850990
8515553,81,18,9314,2015,149081.0,2701029.0,1.7422990000000003,0.75838,GBR,BEL,850990
8515554,85,18,9314,2015,0.0,101980.0,-1.288329,-1.167532,GIN,BEL,850990
8515555,90,18,9314,2015,5064.0,178123.0,0.099027,1.012289,GRC,BEL,850990
8515556,97,18,9314,2015,208086.0,22080.0,0.8255290000000001,1.8017279999999998,HKG,BEL,850990
8515557,100,18,9314,2015,0.0,14318.0,0.7590140000000001,1.257415,HRV,BEL,850990
8515558,102,18,9314,2015,65577.0,5311.0,1.462839,0.803258,HUN,BEL,850990
8515559,104,18,9314,2015,2731.0,0.0,0.24230900000000002,2.8190880000000003,IND,BEL,850990
8515560,106,18,9314,2015,0.0,39080.0,1.304942,0.126431,IRL,BEL,850990
8515561,108,18,9314,2015,0.0,60211.0,-1.465803,-0.912113,IRQ,BEL,850990
8515562,109,18,9314,2015,0.0,14797.0,0.24527600000000002,-0.411616,ISL,BEL,850990
8515563,110,18,9314,2015,2930.0,88223.0,1.260071,0.545545,ISR,BEL,850990
8515564,111,18,9314,2015,675159.0,1246131.0,1.321127,0.747046,ITA,BEL,850990
8515565,113,18,9314,2015,0.0,25594.0,0.121172,0.457301,JOR,BEL,850990
8515566,114,18,9314,2015,0.0,3502.0,2.516133,-0.484202,JPN,BEL,850990
8515567,116,18,9314,2015,0.0,993.0,-0.453564,0.433325,KEN,BEL,850990
8515568,121,18,9314,2015,38781.0,2534.0,1.900653,0.859406,KOR,BEL,850990
8515569,122,18,9314,2015,0.0,1567.0,-0.352023,-1.153057,KWT,BEL,850990
8515570,124,18,9314,2015,3695.0,7057.0,0.317355,1.330374,LBN,BEL,850990
8515571,126,18,9314,2015,0.0,21391.0,-1.3257219999999998,-1.260453,LBY,BEL,850990
8515572,130,18,9314,2015,0.0,5763.0,0.749429,1.3659860000000001,LTU,BEL,850990
8515573,131,18,9314,2015,30479.0,417294.0,1.218924,1.247152,LUX,BEL,850990
8515574,132,18,9314,2015,0.0,2144.0,0.602209,1.125357,LVA,BEL,850990
8515575,134,18,9314,2015,0.0,1399.0,-0.7554810000000001,-0.059697,MAR,BEL,850990
8515576,137,18,9314,2015,0.0,1735.0,-0.321571,-0.858751,MDV,BEL,850990
8515577,138,18,9314,2015,796279.0,2154.0,1.169724,0.61457,MEX,BEL,850990
8515578,141,18,9314,2015,0.0,54813.0,-0.744236,-0.9441860000000001,MLI,BEL,850990
8515579,142,18,9314,2015,0.0,6219.0,0.880893,-0.117585,MLT,BEL,850990
8515580,148,18,9314,2015,0.0,580.0,-1.5597450000000002,-1.3209229999999998,MRT,BEL,850990
8515581,151,18,9314,2015,0.0,3151.0,-0.231762,-0.195051,MUS,BEL,850990
8515582,159,18,9314,2015,0.0,45048.0,-1.415451,-1.157829,NGA,BEL,850990
8515583,162,18,9314,2015,2877432.0,1232672.0,1.230104,1.27344,NLD,BEL,850990
8515584,163,18,9314,2015,3798.0,132321.0,0.950708,0.314339,NOR,BEL,850990
8515585,166,18,9314,2015,0.0,3288.0,0.224598,0.253179,NZL,BEL,850990
8515586,167,18,9314,2015,0.0,1448.0,-0.4699,-1.00451,OMN,BEL,850990
8515587,169,18,9314,2015,0.0,3932.0,0.642058,0.833392,PAN,BEL,850990
8515588,177,18,9314,2015,256991.0,389017.0,1.145844,1.1449280000000002,POL,BEL,850990
8515589,179,18,9314,2015,170331.0,98314.0,0.561922,2.2276380000000002,PRT,BEL,850990
8515590,183,18,9314,2015,0.0,5016.0,-0.077053,-0.9922719999999999,QAT,BEL,850990
8515591,185,18,9314,2015,0.0,75229.0,0.946363,1.056775,ROU,BEL,850990
8515592,186,18,9314,2015,0.0,224083.0,0.23119,0.035965,RUS,BEL,850990
8515593,188,18,9314,2015,0.0,1729.0,0.5552520000000001,-0.7263229999999999,SAU,BEL,850990
8515594,191,18,9314,2015,0.0,10574.0,-0.708349,-0.296663,SEN,BEL,850990
8515595,192,18,9314,2015,0.0,6259.0,2.05613,0.593065,SGP,BEL,850990
8515596,206,18,9314,2015,0.0,11140.0,1.287133,0.7900560000000001,SVK,BEL,850990
8515597,207,18,9314,2015,70590.0,9126.0,1.6089879999999999,0.833616,SVN,BEL,850990
8515598,208,18,9314,2015,33344.0,88225.0,1.8068349999999997,0.693389,SWE,BEL,850990
8515599,223,18,9314,2015,0.0,4377.0,0.140202,0.967591,TUN,BEL,850990
8515600,224,18,9314,2015,6285.0,52480.0,0.438669,2.519632,TUR,BEL,850990
8515601,228,18,9314,2015,0.0,3969.0,0.429879,0.701813,UKR,BEL,850990
8515602,231,18,9314,2015,8948739.0,458056.0,1.720478,-0.129322,USA,BEL,850990
8515603,239,18,9314,2015,0.0,15705.0,-0.17108900000000002,1.10995,VNM,BEL,850990
8515604,246,18,9314,2015,0.0,6885.0,0.24944699999999997,1.7573159999999999,ZAF,BEL,850990
8515605,249,18,9314,2015,3188.0,13229.0,1.962832,1.214982,TWN,BEL,850990
8515606,7,23,9314,2015,0.0,1654.0,0.21779600000000002,-0.0047420000000000006,ARE,BGR,850990
8515607,14,23,9314,2015,0.0,3671.0,-0.292325,-0.043489,AUS,BGR,850990
8515608,15,23,9314,2015,39072.0,0.0,1.747098,-0.08026699999999999,AUT,BGR,850990
8515609,18,23,9314,2015,2746.0,6211.0,1.329866,1.100641,BEL,BGR,850990
8515610,41,23,9314,2015,10226.0,138484.0,2.306075,0.720781,CHE,BGR,850990
8515611,43,23,9314,2015,34857.0,1088.0,1.077143,1.735757,CHN,BGR,850990
8515612,59,23,9314,2015,29565.0,1182.0,1.743012,0.45424,CZE,BGR,850990
8515613,61,23,9314,2015,238856.0,74137.0,2.203818,-2.307561,DEU,BGR,850990
8515614,71,23,9314,2015,24144.0,1249.0,0.8173590000000001,2.442556,ESP,BGR,850990
8515615,77,23,9314,2015,26162.0,4127.0,1.479792,0.6490239999999999,FRA,BGR,850990
8515616,81,23,9314,2015,5804.0,0.0,1.7422990000000003,0.75838,GBR,BGR,850990
8515617,82,23,9314,2015,0.0,6128.0,-0.343663,-0.588017,GEO,BGR,850990
8515618,90,23,9314,2015,52720.0,80622.0,0.099027,1.012289,GRC,BGR,850990
8515619,102,23,9314,2015,328660.0,802220.0,1.462839,0.803258,HUN,BGR,850990
8515620,111,23,9314,2015,268003.0,15701.0,1.321127,0.747046,ITA,BGR,850990
8515621,115,23,9314,2015,0.0,10326.0,-0.45091499999999995,-0.652026,KAZ,BGR,850990
8515622,121,23,9314,2015,4878.0,0.0,1.900653,0.859406,KOR,BGR,850990
8515623,122,23,9314,2015,2469.0,0.0,-0.352023,-1.153057,KWT,BGR,850990
8515624,124,23,9314,2015,1758.0,0.0,0.317355,1.330374,LBN,BGR,850990
8515625,126,23,9314,2015,1391.0,0.0,-1.3257219999999998,-1.260453,LBY,BGR,850990
8515626,131,23,9314,2015,959.0,0.0,1.218924,1.247152,LUX,BGR,850990
8515627,140,23,9314,2015,0.0,4758.0,-0.09009600000000001,-0.147359,MKD,BGR,850990
8515628,162,23,9314,2015,19922.0,5978.0,1.230104,1.27344,NLD,BGR,850990
8515629,177,23,9314,2015,98798.0,6243.0,1.145844,1.1449280000000002,POL,BGR,850990
8515630,185,23,9314,2015,57005.0,9557.0,0.946363,1.056775,ROU,BGR,850990
8515631,206,23,9314,2015,5740.0,0.0,1.287133,0.7900560000000001,SVK,BGR,850990
8515632,207,23,9314,2015,36407.0,0.0,1.6089879999999999,0.833616,SVN,BGR,850990
8515633,208,23,9314,2015,1214.0,0.0,1.8068349999999997,0.693389,SWE,BGR,850990
8515634,224,23,9314,2015,37218.0,23665.0,0.438669,2.519632,TUR,BGR,850990
8515635,231,23,9314,2015,64329.0,50273.0,1.720478,-0.129322,USA,BGR,850990
8515636,249,23,9314,2015,2996.0,0.0,1.962832,1.214982,TWN,BGR,850990
8515637,61,25,9314,2015,17939.0,0.0,2.203818,-2.307561,DEU,BHS,850990
8515638,231,25,9314,2015,172783.0,0.0,1.720478,-0.129322,USA,BHS,850990
8515639,250,25,9314,2015,2224.0,0.0,0.377283,-0.092204,ANS,BHS,850990
8515640,8,32,9314,2015,2969.0,2417910.0,0.116896,0.30330999999999997,ARG,BRA,850990
8515641,14,32,9314,2015,0.0,51093.0,-0.292325,-0.043489,AUS,BRA,850990
8515642,15,32,9314,2015,992.0,0.0,1.747098,-0.08026699999999999,AUT,BRA,850990
8515643,18,32,9314,2015,20484.0,0.0,1.329866,1.100641,BEL,BRA,850990
8515644,31,32,9314,2015,0.0,142444.0,-1.051562,-1.067714,BOL,BRA,850990
8515645,39,32,9314,2015,7880.0,0.0,0.695867,1.171676,CAN,BRA,850990
8515646,41,32,9314,2015,9747.0,0.0,2.306075,0.720781,CHE,BRA,850990
8515647,42,32,9314,2015,0.0,22586.0,-0.356167,-0.47629399999999994,CHL,BRA,850990
8515648,43,32,9314,2015,6147772.0,3694.0,1.077143,1.735757,CHN,BRA,850990
8515649,49,32,9314,2015,3213.0,59857.0,0.156383,-0.183055,COL,BRA,850990
8515650,52,32,9314,2015,0.0,995.0,0.24859699999999998,-0.033143,CRI,BRA,850990
8515651,59,32,9314,2015,5330.0,0.0,1.743012,0.45424,CZE,BRA,850990
8515652,61,32,9314,2015,145277.0,0.0,2.203818,-2.307561,DEU,BRA,850990
8515653,64,32,9314,2015,1249.0,0.0,1.157924,1.2045629999999998,DNK,BRA,850990
8515654,65,32,9314,2015,0.0,2068.0,-0.212808,0.395873,DOM,BRA,850990
8515655,71,32,9314,2015,2288.0,0.0,0.8173590000000001,2.442556,ESP,BRA,850990
8515656,74,32,9314,2015,1939.0,0.0,1.597817,0.998059,FIN,BRA,850990
8515657,77,32,9314,2015,48207.0,0.0,1.479792,0.6490239999999999,FRA,BRA,850990
8515658,81,32,9314,2015,9805.0,0.0,1.7422990000000003,0.75838,GBR,BRA,850990
8515659,93,32,9314,2015,0.0,1869.0,-0.284403,0.525564,GTM,BRA,850990
8515660,97,32,9314,2015,290371.0,0.0,0.8255290000000001,1.8017279999999998,HKG,BRA,850990
8515661,102,32,9314,2015,3278.0,0.0,1.462839,0.803258,HUN,BRA,850990
8515662,103,32,9314,2015,0.0,102644.0,-0.145103,1.277362,IDN,BRA,850990
8515663,104,32,9314,2015,0.0,11560.0,0.24230900000000002,2.8190880000000003,IND,BRA,850990
8515664,110,32,9314,2015,0.0,1815.0,1.260071,0.545545,ISR,BRA,850990
8515665,111,32,9314,2015,906087.0,0.0,1.321127,0.747046,ITA,BRA,850990
8515666,114,32,9314,2015,18297.0,10884.0,2.516133,-0.484202,JPN,BRA,850990
8515667,121,32,9314,2015,11441.0,0.0,1.900653,0.859406,KOR,BRA,850990
8515668,138,32,9314,2015,114662.0,26914.0,1.169724,0.61457,MEX,BRA,850990
8515669,162,32,9314,2015,37871.0,3702.0,1.230104,1.27344,NLD,BRA,850990
8515670,163,32,9314,2015,988.0,0.0,0.950708,0.314339,NOR,BRA,850990
8515671,166,32,9314,2015,6091.0,0.0,0.224598,0.253179,NZL,BRA,850990
8515672,169,32,9314,2015,0.0,1446.0,0.642058,0.833392,PAN,BRA,850990
8515673,173,32,9314,2015,0.0,1722.0,-0.6007819999999999,0.32152800000000004,PER,BRA,850990
8515674,177,32,9314,2015,50114.0,1468.0,1.145844,1.1449280000000002,POL,BRA,850990
8515675,179,32,9314,2015,7491.0,0.0,0.561922,2.2276380000000002,PRT,BRA,850990
8515676,180,32,9314,2015,0.0,103193.0,-0.471106,-0.9431139999999999,PRY,BRA,850990
8515677,185,32,9314,2015,27468.0,0.0,0.946363,1.056775,ROU,BRA,850990
8515678,192,32,9314,2015,39000.0,0.0,2.05613,0.593065,SGP,BRA,850990
8515679,207,32,9314,2015,70467.0,0.0,1.6089879999999999,0.833616,SVN,BRA,850990
8515680,208,32,9314,2015,8066.0,0.0,1.8068349999999997,0.693389,SWE,BRA,850990
8515681,216,32,9314,2015,1000.0,6645.0,0.965888,1.368572,THA,BRA,850990
8515682,230,32,9314,2015,0.0,26475.0,0.273876,-0.363695,URY,BRA,850990
8515683,231,32,9314,2015,853220.0,15206.0,1.720478,-0.129322,USA,BRA,850990
8515684,249,32,9314,2015,1631.0,0.0,1.962832,1.214982,TWN,BRA,850990
8515685,61,33,9314,2015,20544.0,0.0,2.203818,-2.307561,DEU,BRB,850990
8515686,81,33,9314,2015,1943.0,0.0,1.7422990000000003,0.75838,GBR,BRB,850990
8515687,208,33,9314,2015,4834.0,0.0,1.8068349999999997,0.693389,SWE,BRB,850990
8515688,231,33,9314,2015,64841.0,0.0,1.720478,-0.129322,USA,BRB,850990
8515689,2,39,9314,2015,0.0,703.0,-1.6542,-1.2598989999999999,AGO,CAN,850990
8515690,7,39,9314,2015,0.0,3924.0,0.21779600000000002,-0.0047420000000000006,ARE,CAN,850990
8515691,8,39,9314,2015,0.0,7286.0,0.116896,0.30330999999999997,ARG,CAN,850990
8515692,14,39,9314,2015,0.0,67619.0,-0.292325,-0.043489,AUS,CAN,850990
8515693,15,39,9314,2015,3157.0,29380.0,1.747098,-0.08026699999999999,AUT,CAN,850990
8515694,18,39,9314,2015,400128.0,11257.0,1.329866,1.100641,BEL,CAN,850990
8515695,24,39,9314,2015,0.0,4371.0,0.36650900000000003,-0.28735,BHR,CAN,850990
8515696,29,39,9314,2015,0.0,1183.0,-0.24283600000000002,-0.577408,BLZ,CAN,850990
8515697,32,39,9314,2015,0.0,7880.0,0.23656799999999997,0.688607,BRA,CAN,850990
8515698,41,39,9314,2015,28763.0,6851.0,2.306075,0.720781,CHE,CAN,850990
8515699,42,39,9314,2015,2152.0,12134.0,-0.356167,-0.47629399999999994,CHL,CAN,850990
8515700,43,39,9314,2015,7953854.0,348889.0,1.077143,1.735757,CHN,CAN,850990
8515701,49,39,9314,2015,0.0,1986.0,0.156383,-0.183055,COL,CAN,850990
8515702,52,39,9314,2015,0.0,1039.0,0.24859699999999998,-0.033143,CRI,CAN,850990
8515703,59,39,9314,2015,5514.0,82435.0,1.743012,0.45424,CZE,CAN,850990
8515704,61,39,9314,2015,904028.0,149904.0,2.203818,-2.307561,DEU,CAN,850990
8515705,64,39,9314,2015,9858.0,30250.0,1.157924,1.2045629999999998,DNK,CAN,850990
8515706,71,39,9314,2015,8003.0,3229.0,0.8173590000000001,2.442556,ESP,CAN,850990
8515707,74,39,9314,2015,27487.0,10998.0,1.597817,0.998059,FIN,CAN,850990
8515708,77,39,9314,2015,59213.0,519822.0,1.479792,0.6490239999999999,FRA,CAN,850990
8515709,81,39,9314,2015,349175.0,41895.0,1.7422990000000003,0.75838,GBR,CAN,850990
8515710,97,39,9314,2015,94545.0,13772.0,0.8255290000000001,1.8017279999999998,HKG,CAN,850990
8515711,102,39,9314,2015,70410.0,13118.0,1.462839,0.803258,HUN,CAN,850990
8515712,103,39,9314,2015,899.0,1897.0,-0.145103,1.277362,IDN,CAN,850990
8515713,104,39,9314,2015,5601.0,3527.0,0.24230900000000002,2.8190880000000003,IND,CAN,850990
8515714,106,39,9314,2015,303702.0,4288.0,1.304942,0.126431,IRL,CAN,850990
8515715,110,39,9314,2015,10815.0,10607.0,1.260071,0.545545,ISR,CAN,850990
8515716,111,39,9314,2015,496352.0,44563.0,1.321127,0.747046,ITA,CAN,850990
8515717,114,39,9314,2015,12783.0,2658.0,2.516133,-0.484202,JPN,CAN,850990
8515718,117,39,9314,2015,0.0,1400.0,0.02058,0.438692,KGZ,CAN,850990
8515719,121,39,9314,2015,696813.0,31639.0,1.900653,0.859406,KOR,CAN,850990
8515720,130,39,9314,2015,0.0,2081.0,0.749429,1.3659860000000001,LTU,CAN,850990
8515721,131,39,9314,2015,0.0,23520.0,1.218924,1.247152,LUX,CAN,850990
8515722,134,39,9314,2015,0.0,1073.0,-0.7554810000000001,-0.059697,MAR,CAN,850990
8515723,138,39,9314,2015,4650752.0,7510.0,1.169724,0.61457,MEX,CAN,850990
8515724,153,39,9314,2015,4268594.0,2922.0,1.082803,0.811615,MYS,CAN,850990
8515725,156,39,9314,2015,0.0,2095.0,-0.727911,-0.844562,NCL,CAN,850990
8515726,162,39,9314,2015,8821.0,2848.0,1.230104,1.27344,NLD,CAN,850990
8515727,163,39,9314,2015,0.0,102316.0,0.950708,0.314339,NOR,CAN,850990
8515728,166,39,9314,2015,3105.0,6516.0,0.224598,0.253179,NZL,CAN,850990
8515729,167,39,9314,2015,0.0,1352.0,-0.4699,-1.00451,OMN,CAN,850990
8515730,173,39,9314,2015,0.0,8068.0,-0.6007819999999999,0.32152800000000004,PER,CAN,850990
8515731,177,39,9314,2015,4297.0,198310.0,1.145844,1.1449280000000002,POL,CAN,850990
8515732,179,39,9314,2015,7672.0,0.0,0.561922,2.2276380000000002,PRT,CAN,850990
8515733,183,39,9314,2015,1950.0,1886.0,-0.077053,-0.9922719999999999,QAT,CAN,850990
8515734,185,39,9314,2015,107474.0,1419.0,0.946363,1.056775,ROU,CAN,850990
8515735,186,39,9314,2015,0.0,36164.0,0.23119,0.035965,RUS,CAN,850990
8515736,188,39,9314,2015,0.0,10721.0,0.5552520000000001,-0.7263229999999999,SAU,CAN,850990
8515737,192,39,9314,2015,177364.0,9073.0,2.05613,0.593065,SGP,CAN,850990
8515738,197,39,9314,2015,6202.0,0.0,0.05531900000000001,0.169073,SLV,CAN,850990
8515739,200,39,9314,2015,0.0,1296.0,1.108603,-0.356745,SPM,CAN,850990
8515740,201,39,9314,2015,0.0,994.0,0.457042,1.324908,SRB,CAN,850990
8515741,205,39,9314,2015,0.0,1697.0,-0.570361,-1.005072,SUR,CAN,850990
8515742,206,39,9314,2015,42522.0,0.0,1.287133,0.7900560000000001,SVK,CAN,850990
8515743,207,39,9314,2015,35906.0,1023.0,1.6089879999999999,0.833616,SVN,CAN,850990
8515744,208,39,9314,2015,51234.0,31725.0,1.8068349999999997,0.693389,SWE,CAN,850990
8515745,223,39,9314,2015,6691.0,0.0,0.140202,0.967591,TUN,CAN,850990
8515746,224,39,9314,2015,2394.0,4293.0,0.438669,2.519632,TUR,CAN,850990
8515747,228,39,9314,2015,1435.0,22165.0,0.429879,0.701813,UKR,CAN,850990
8515748,231,39,9314,2015,25965764.0,4974172.0,1.720478,-0.129322,USA,CAN,850990
8515749,239,39,9314,2015,12599.0,0.0,-0.17108900000000002,1.10995,VNM,CAN,850990
8515750,246,39,9314,2015,0.0,4620.0,0.24944699999999997,1.7573159999999999,ZAF,CAN,850990
8515751,249,39,9314,2015,92272.0,1334.0,1.962832,1.214982,TWN,CAN,850990
8515752,7,41,9314,2015,0.0,29481.0,0.21779600000000002,-0.0047420000000000006,ARE,CHE,850990
8515753,14,41,9314,2015,5392.0,127266.0,-0.292325,-0.043489,AUS,CHE,850990
8515754,15,41,9314,2015,344799.0,365029.0,1.747098,-0.08026699999999999,AUT,CHE,850990
8515755,16,41,9314,2015,0.0,2953.0,-0.983347,-1.231542,AZE,CHE,850990
8515756,18,41,9314,2015,537047.0,124104.0,1.329866,1.100641,BEL,CHE,850990
8515757,23,41,9314,2015,138484.0,10226.0,0.45640699999999995,1.691455,BGR,CHE,850990
8515758,24,41,9314,2015,0.0,15231.0,0.36650900000000003,-0.28735,BHR,CHE,850990
8515759,32,41,9314,2015,0.0,9747.0,0.23656799999999997,0.688607,BRA,CHE,850990
8515760,34,41,9314,2015,0.0,8320.0,1.093564,-0.679211,BRN,CHE,850990
8515761,39,41,9314,2015,6851.0,28763.0,0.695867,1.171676,CAN,CHE,850990
8515762,42,41,9314,2015,1648.0,16188.0,-0.356167,-0.47629399999999994,CHL,CHE,850990
8515763,43,41,9314,2015,1641994.0,71392.0,1.077143,1.735757,CHN,CHE,850990
8515764,58,41,9314,2015,0.0,316362.0,0.511225,-0.207261,CYP,CHE,850990
8515765,59,41,9314,2015,66533.0,122822.0,1.743012,0.45424,CZE,CHE,850990
8515766,61,41,9314,2015,7106154.0,2491112.0,2.203818,-2.307561,DEU,CHE,850990
8515767,64,41,9314,2015,105551.0,107477.0,1.157924,1.2045629999999998,DNK,CHE,850990
8515768,67,41,9314,2015,0.0,1830.0,-0.9845959999999999,-1.075639,ECU,CHE,850990
8515769,68,41,9314,2015,0.0,2336.0,-0.183053,1.765036,EGY,CHE,850990
8515770,71,41,9314,2015,18577.0,61510.0,0.8173590000000001,2.442556,ESP,CHE,850990
8515771,72,41,9314,2015,0.0,49176.0,0.9281149999999999,1.1780389999999998,EST,CHE,850990
8515772,74,41,9314,2015,150292.0,65409.0,1.597817,0.998059,FIN,CHE,850990
8515773,77,41,9314,2015,482531.0,230169.0,1.479792,0.6490239999999999,FRA,CHE,850990
8515774,81,41,9314,2015,157910.0,600201.0,1.7422990000000003,0.75838,GBR,CHE,850990
8515775,89,41,9314,2015,0.0,1707.0,-1.585577,-0.9044979999999999,GNQ,CHE,850990
8515776,90,41,9314,2015,0.0,4601.0,0.099027,1.012289,GRC,CHE,850990
8515777,97,41,9314,2015,200372.0,44541.0,0.8255290000000001,1.8017279999999998,HKG,CHE,850990
8515778,100,41,9314,2015,1409.0,2410.0,0.7590140000000001,1.257415,HRV,CHE,850990
8515779,102,41,9314,2015,123682.0,80944.0,1.462839,0.803258,HUN,CHE,850990
8515780,103,41,9314,2015,32208.0,3499.0,-0.145103,1.277362,IDN,CHE,850990
8515781,104,41,9314,2015,1137.0,14773.0,0.24230900000000002,2.8190880000000003,IND,CHE,850990
8515782,106,41,9314,2015,70915.0,0.0,1.304942,0.126431,IRL,CHE,850990
8515783,109,41,9314,2015,0.0,1417.0,0.24527600000000002,-0.411616,ISL,CHE,850990
8515784,110,41,9314,2015,0.0,6191.0,1.260071,0.545545,ISR,CHE,850990
8515785,111,41,9314,2015,2853957.0,94412.0,1.321127,0.747046,ITA,CHE,850990
8515786,113,41,9314,2015,0.0,14676.0,0.121172,0.457301,JOR,CHE,850990
8515787,114,41,9314,2015,5941.0,312383.0,2.516133,-0.484202,JPN,CHE,850990
8515788,115,41,9314,2015,0.0,1131.0,-0.45091499999999995,-0.652026,KAZ,CHE,850990
8515789,121,41,9314,2015,60708.0,20498.0,1.900653,0.859406,KOR,CHE,850990
8515790,122,41,9314,2015,0.0,4158.0,-0.352023,-1.153057,KWT,CHE,850990
8515791,124,41,9314,2015,0.0,1032.0,0.317355,1.330374,LBN,CHE,850990
8515792,128,41,9314,2015,40551.0,0.0,-0.6773399999999999,0.386343,LKA,CHE,850990
8515793,130,41,9314,2015,20816.0,9708.0,0.749429,1.3659860000000001,LTU,CHE,850990
8515794,131,41,9314,2015,0.0,14027.0,1.218924,1.247152,LUX,CHE,850990
8515795,132,41,9314,2015,0.0,2704.0,0.602209,1.125357,LVA,CHE,850990
8515796,137,41,9314,2015,0.0,1194.0,-0.321571,-0.858751,MDV,CHE,850990
8515797,138,41,9314,2015,22934.0,12664.0,1.169724,0.61457,MEX,CHE,850990
8515798,145,41,9314,2015,0.0,1162.0,-1.244368,-1.196677,MNG,CHE,850990
8515799,152,41,9314,2015,0.0,564.0,-0.549862,-0.8753190000000001,MWI,CHE,850990
8515800,153,41,9314,2015,399827.0,37866.0,1.082803,0.811615,MYS,CHE,850990
8515801,156,41,9314,2015,0.0,154.0,-0.727911,-0.844562,NCL,CHE,850990
8515802,162,41,9314,2015,224275.0,127805.0,1.230104,1.27344,NLD,CHE,850990
8515803,163,41,9314,2015,0.0,26671.0,0.950708,0.314339,NOR,CHE,850990
8515804,166,41,9314,2015,0.0,34269.0,0.224598,0.253179,NZL,CHE,850990
8515805,173,41,9314,2015,0.0,1771.0,-0.6007819999999999,0.32152800000000004,PER,CHE,850990
8515806,174,41,9314,2015,0.0,8278.0,0.6406270000000001,0.45770200000000005,PHL,CHE,850990
8515807,177,41,9314,2015,1581264.0,145783.0,1.145844,1.1449280000000002,POL,CHE,850990
8515808,179,41,9314,2015,23998.0,3208.0,0.561922,2.2276380000000002,PRT,CHE,850990
8515809,183,41,9314,2015,0.0,6753.0,-0.077053,-0.9922719999999999,QAT,CHE,850990
8515810,185,41,9314,2015,353121.0,49347.0,0.946363,1.056775,ROU,CHE,850990
8515811,186,41,9314,2015,0.0,62293.0,0.23119,0.035965,RUS,CHE,850990
8515812,188,41,9314,2015,0.0,12545.0,0.5552520000000001,-0.7263229999999999,SAU,CHE,850990
8515813,192,41,9314,2015,4685.0,16515.0,2.05613,0.593065,SGP,CHE,850990
8515814,206,41,9314,2015,77786.0,18541.0,1.287133,0.7900560000000001,SVK,CHE,850990
8515815,207,41,9314,2015,142939.0,226005.0,1.6089879999999999,0.833616,SVN,CHE,850990
8515816,208,41,9314,2015,198235.0,30885.0,1.8068349999999997,0.693389,SWE,CHE,850990
8515817,216,41,9314,2015,10569.0,140491.0,0.965888,1.368572,THA,CHE,850990
8515818,224,41,9314,2015,1223864.0,26471.0,0.438669,2.519632,TUR,CHE,850990
8515819,226,41,9314,2015,0.0,569.0,-1.02395,-0.017509999999999998,TZA,CHE,850990
8515820,228,41,9314,2015,0.0,2600.0,0.429879,0.701813,UKR,CHE,850990
8515821,231,41,9314,2015,221800.0,404737.0,1.720478,-0.129322,USA,CHE,850990
8515822,246,41,9314,2015,0.0,28384.0,0.24944699999999997,1.7573159999999999,ZAF,CHE,850990
8515823,249,41,9314,2015,987251.0,53983.0,1.962832,1.214982,TWN,CHE,850990
8515824,8,42,9314,2015,2256.0,0.0,0.116896,0.30330999999999997,ARG,CHL,850990
8515825,15,42,9314,2015,4020.0,0.0,1.747098,-0.08026699999999999,AUT,CHL,850990
8515826,18,42,9314,2015,0.0,82235.0,1.329866,1.100641,BEL,CHL,850990
8515827,32,42,9314,2015,22586.0,0.0,0.23656799999999997,0.688607,BRA,CHL,850990
8515828,39,42,9314,2015,12134.0,2152.0,0.695867,1.171676,CAN,CHL,850990
8515829,41,42,9314,2015,16188.0,1648.0,2.306075,0.720781,CHE,CHL,850990
8515830,43,42,9314,2015,1145819.0,0.0,1.077143,1.735757,CHN,CHL,850990
8515831,49,42,9314,2015,2124.0,1159.0,0.156383,-0.183055,COL,CHL,850990
8515832,61,42,9314,2015,91035.0,0.0,2.203818,-2.307561,DEU,CHL,850990
8515833,64,42,9314,2015,2359.0,0.0,1.157924,1.2045629999999998,DNK,CHL,850990
8515834,67,42,9314,2015,0.0,2276.0,-0.9845959999999999,-1.075639,ECU,CHL,850990
8515835,71,42,9314,2015,206221.0,0.0,0.8173590000000001,2.442556,ESP,CHL,850990
8515836,77,42,9314,2015,4250.0,0.0,1.479792,0.6490239999999999,FRA,CHL,850990
8515837,81,42,9314,2015,1994.0,0.0,1.7422990000000003,0.75838,GBR,CHL,850990
8515838,102,42,9314,2015,3382.0,0.0,1.462839,0.803258,HUN,CHL,850990
8515839,104,42,9314,2015,1643.0,0.0,0.24230900000000002,2.8190880000000003,IND,CHL,850990
8515840,111,42,9314,2015,69368.0,0.0,1.321127,0.747046,ITA,CHL,850990
8515841,121,42,9314,2015,5438.0,0.0,1.900653,0.859406,KOR,CHL,850990
8515842,124,42,9314,2015,5678.0,0.0,0.317355,1.330374,LBN,CHL,850990
8515843,138,42,9314,2015,122028.0,774.0,1.169724,0.61457,MEX,CHL,850990
8515844,153,42,9314,2015,2244.0,0.0,1.082803,0.811615,MYS,CHL,850990
8515845,162,42,9314,2015,941.0,0.0,1.230104,1.27344,NLD,CHL,850990
8515846,168,42,9314,2015,0.0,2473.0,-0.7059979999999999,0.73501,PAK,CHL,850990
8515847,169,42,9314,2015,876.0,0.0,0.642058,0.833392,PAN,CHL,850990
8515848,173,42,9314,2015,15037.0,95702.0,-0.6007819999999999,0.32152800000000004,PER,CHL,850990
8515849,180,42,9314,2015,0.0,240386.0,-0.471106,-0.9431139999999999,PRY,CHL,850990
8515850,192,42,9314,2015,2065.0,0.0,2.05613,0.593065,SGP,CHL,850990
8515851,207,42,9314,2015,150422.0,0.0,1.6089879999999999,0.833616,SVN,CHL,850990
8515852,208,42,9314,2015,4591.0,0.0,1.8068349999999997,0.693389,SWE,CHL,850990
8515853,216,42,9314,2015,4852.0,0.0,0.965888,1.368572,THA,CHL,850990
8515854,230,42,9314,2015,0.0,159575.0,0.273876,-0.363695,URY,CHL,850990
8515855,231,42,9314,2015,736179.0,0.0,1.720478,-0.129322,USA,CHL,850990
8515856,239,42,9314,2015,2207.0,0.0,-0.17108900000000002,1.10995,VNM,CHL,850990
8515857,249,42,9314,2015,1519.0,0.0,1.962832,1.214982,TWN,CHL,850990
8515858,250,42,9314,2015,18326.0,52284.0,0.377283,-0.092204,ANS,CHL,850990
8515859,1,43,9314,2015,0.0,3317.0,-1.249655,-0.9094459999999999,AFG,CHN,850990
8515860,2,43,9314,2015,0.0,24534.0,-1.6542,-1.2598989999999999,AGO,CHN,850990
8515861,4,43,9314,2015,0.0,123431.0,-0.601875,-0.27003,ALB,CHN,850990
8515862,7,43,9314,2015,0.0,1959615.0,0.21779600000000002,-0.0047420000000000006,ARE,CHN,850990
8515863,8,43,9314,2015,0.0,6743086.0,0.116896,0.30330999999999997,ARG,CHN,850990
8515864,9,43,9314,2015,0.0,3480.0,0.037579,-0.42448800000000003,ARM,CHN,850990
8515865,14,43,9314,2015,2867.0,4664162.0,-0.292325,-0.043489,AUS,CHN,850990
8515866,15,43,9314,2015,25369.0,314462.0,1.747098,-0.08026699999999999,AUT,CHN,850990
8515867,16,43,9314,2015,0.0,5036.0,-0.983347,-1.231542,AZE,CHN,850990
8515868,18,43,9314,2015,1478.0,2449867.0,1.329866,1.100641,BEL,CHN,850990
8515869,21,43,9314,2015,0.0,3901.0,-1.085359,-1.034365,BFA,CHN,850990
8515870,22,43,9314,2015,0.0,15162.0,-1.088465,-0.8745360000000001,BGD,CHN,850990
8515871,23,43,9314,2015,1088.0,34857.0,0.45640699999999995,1.691455,BGR,CHN,850990
8515872,24,43,9314,2015,0.0,18909.0,0.36650900000000003,-0.28735,BHR,CHN,850990
8515873,26,43,9314,2015,0.0,2287.0,0.355903,0.723092,BIH,CHN,850990
8515874,28,43,9314,2015,0.0,46710.0,0.672499,0.5584020000000001,BLR,CHN,850990
8515875,30,43,9314,2015,0.0,1812.0,0.974592,-0.636426,BMU,CHN,850990
8515876,31,43,9314,2015,0.0,104131.0,-1.051562,-1.067714,BOL,CHN,850990
8515877,32,43,9314,2015,3694.0,6147772.0,0.23656799999999997,0.688607,BRA,CHN,850990
8515878,34,43,9314,2015,0.0,18650.0,1.093564,-0.679211,BRN,CHN,850990
8515879,37,43,9314,2015,0.0,35178.0,-0.14164200000000002,-1.0372059999999999,BWA,CHN,850990
8515880,39,43,9314,2015,348889.0,7953854.0,0.695867,1.171676,CAN,CHN,850990
8515881,41,43,9314,2015,71392.0,1641994.0,2.306075,0.720781,CHE,CHN,850990
8515882,42,43,9314,2015,0.0,1145819.0,-0.356167,-0.47629399999999994,CHL,CHN,850990
8515883,44,43,9314,2015,0.0,4474.0,-0.856142,-0.905292,CIV,CHN,850990
8515884,45,43,9314,2015,0.0,1171.0,-0.924366,-1.040721,CMR,CHN,850990
8515885,46,43,9314,2015,0.0,7076.0,-1.3921290000000002,-1.146549,COD,CHN,850990
8515886,47,43,9314,2015,0.0,10253.0,-1.294823,-1.18811,COG,CHN,850990
8515887,49,43,9314,2015,0.0,850941.0,0.156383,-0.183055,COL,CHN,850990
8515888,52,43,9314,2015,0.0,20401.0,0.24859699999999998,-0.033143,CRI,CHN,850990
8515889,54,43,9314,2015,0.0,40675.0,-0.694839,-1.093439,CUB,CHN,850990
8515890,58,43,9314,2015,0.0,2606.0,0.511225,-0.207261,CYP,CHN,850990
8515891,59,43,9314,2015,18446.0,27904680.0,1.743012,0.45424,CZE,CHN,850990
8515892,61,43,9314,2015,16701295.0,40116180.0,2.203818,-2.307561,DEU,CHN,850990
8515893,62,43,9314,2015,0.0,829.0,-0.538942,-0.832522,DJI,CHN,850990
8515894,64,43,9314,2015,10265.0,1107852.0,1.157924,1.2045629999999998,DNK,CHN,850990
8515895,65,43,9314,2015,0.0,28722.0,-0.212808,0.395873,DOM,CHN,850990
8515896,66,43,9314,2015,0.0,278079.0,-1.54346,-1.255633,DZA,CHN,850990
8515897,67,43,9314,2015,0.0,128706.0,-0.9845959999999999,-1.075639,ECU,CHN,850990
8515898,68,43,9314,2015,0.0,7798880.0,-0.183053,1.765036,EGY,CHN,850990
8515899,71,43,9314,2015,189829.0,3075436.0,0.8173590000000001,2.442556,ESP,CHN,850990
8515900,72,43,9314,2015,34096.0,73060.0,0.9281149999999999,1.1780389999999998,EST,CHN,850990
8515901,73,43,9314,2015,0.0,9291.0,-1.004896,-0.721019,ETH,CHN,850990
8515902,74,43,9314,2015,10508.0,585834.0,1.597817,0.998059,FIN,CHN,850990
8515903,75,43,9314,2015,0.0,2368.0,-0.481968,-0.201468,FJI,CHN,850990
8515904,77,43,9314,2015,301086.0,51009180.0,1.479792,0.6490239999999999,FRA,CHN,850990
8515905,81,43,9314,2015,723404.0,13085162.0,1.7422990000000003,0.75838,GBR,CHN,850990
8515906,82,43,9314,2015,0.0,19191.0,-0.343663,-0.588017,GEO,CHN,850990
8515907,83,43,9314,2015,0.0,6270.0,-0.750568,-0.690257,GHA,CHN,850990
8515908,85,43,9314,2015,0.0,2938.0,-1.288329,-1.167532,GIN,CHN,850990
8515909,90,43,9314,2015,0.0,227090.0,0.099027,1.012289,GRC,CHN,850990
8515910,93,43,9314,2015,0.0,43465.0,-0.284403,0.525564,GTM,CHN,850990
8515911,97,43,9314,2015,6397238.0,68932560.0,0.8255290000000001,1.8017279999999998,HKG,CHN,850990
8515912,99,43,9314,2015,0.0,1100.0,-0.578635,-0.292053,HND,CHN,850990
8515913,100,43,9314,2015,0.0,48021.0,0.7590140000000001,1.257415,HRV,CHN,850990
8515914,101,43,9314,2015,0.0,125107.0,-1.288246,-1.018979,HTI,CHN,850990
8515915,102,43,9314,2015,146740.0,25418380.0,1.462839,0.803258,HUN,CHN,850990
8515916,103,43,9314,2015,20339362.0,4868569.0,-0.145103,1.277362,IDN,CHN,850990
8515917,104,43,9314,2015,79978.0,1355069.0,0.24230900000000002,2.8190880000000003,IND,CHN,850990
8515918,106,43,9314,2015,109474.0,8333728.0,1.304942,0.126431,IRL,CHN,850990
8515919,107,43,9314,2015,0.0,9756318.0,-0.258946,-0.0073420000000000004,IRN,CHN,850990
8515920,108,43,9314,2015,0.0,1141338.0,-1.465803,-0.912113,IRQ,CHN,850990
8515921,109,43,9314,2015,0.0,15001.0,0.24527600000000002,-0.411616,ISL,CHN,850990
8515922,110,43,9314,2015,0.0,581146.0,1.260071,0.545545,ISR,CHN,850990
8515923,111,43,9314,2015,1169445.0,20253878.0,1.321127,0.747046,ITA,CHN,850990
8515924,113,43,9314,2015,0.0,408263.0,0.121172,0.457301,JOR,CHN,850990
8515925,114,43,9314,2015,12084077.0,73189216.0,2.516133,-0.484202,JPN,CHN,850990
8515926,115,43,9314,2015,0.0,53184.0,-0.45091499999999995,-0.652026,KAZ,CHN,850990
8515927,116,43,9314,2015,0.0,9498.0,-0.453564,0.433325,KEN,CHN,850990
8515928,118,43,9314,2015,0.0,108085.0,-0.791985,-0.833046,KHM,CHN,850990
8515929,119,43,9314,2015,0.0,938.0,-0.257871,-0.858136,KIR,CHN,850990
8515930,121,43,9314,2015,6439076.0,9096882.0,1.900653,0.859406,KOR,CHN,850990
8515931,122,43,9314,2015,0.0,72062.0,-0.352023,-1.153057,KWT,CHN,850990
8515932,123,43,9314,2015,0.0,384127.0,-0.927524,-0.74525,LAO,CHN,850990
8515933,124,43,9314,2015,0.0,280423.0,0.317355,1.330374,LBN,CHN,850990
8515934,126,43,9314,2015,0.0,39301.0,-1.3257219999999998,-1.260453,LBY,CHN,850990
8515935,128,43,9314,2015,0.0,16085.0,-0.6773399999999999,0.386343,LKA,CHN,850990
8515936,130,43,9314,2015,135095.0,104723.0,0.749429,1.3659860000000001,LTU,CHN,850990
8515937,131,43,9314,2015,0.0,13617.0,1.218924,1.247152,LUX,CHN,850990
8515938,132,43,9314,2015,0.0,52944.0,0.602209,1.125357,LVA,CHN,850990
8515939,133,43,9314,2015,0.0,20788.0,0.296288,0.32009499999999996,MAC,CHN,850990
8515940,134,43,9314,2015,0.0,625982.0,-0.7554810000000001,-0.059697,MAR,CHN,850990
8515941,135,43,9314,2015,0.0,8210.0,-0.313837,-0.20393,MDA,CHN,850990
8515942,136,43,9314,2015,0.0,15059.0,-1.15947,-0.497217,MDG,CHN,850990
8515943,137,43,9314,2015,0.0,2035.0,-0.321571,-0.858751,MDV,CHN,850990
8515944,138,43,9314,2015,1407480.0,9310840.0,1.169724,0.61457,MEX,CHN,850990
8515945,140,43,9314,2015,0.0,1045.0,-0.09009600000000001,-0.147359,MKD,CHN,850990
8515946,142,43,9314,2015,0.0,227567.0,0.880893,-0.117585,MLT,CHN,850990
8515947,143,43,9314,2015,173922.0,5260.0,-1.4596120000000001,-0.903904,MMR,CHN,850990
8515948,144,43,9314,2015,0.0,5620.0,-0.048385000000000004,-0.150759,MNE,CHN,850990
8515949,145,43,9314,2015,0.0,4364.0,-1.244368,-1.196677,MNG,CHN,850990
8515950,147,43,9314,2015,0.0,5183.0,-1.293809,-1.115069,MOZ,CHN,850990
8515951,148,43,9314,2015,0.0,41030.0,-1.5597450000000002,-1.3209229999999998,MRT,CHN,850990
8515952,151,43,9314,2015,0.0,5543.0,-0.231762,-0.195051,MUS,CHN,850990
8515953,152,43,9314,2015,0.0,2542.0,-0.549862,-0.8753190000000001,MWI,CHN,850990
8515954,153,43,9314,2015,1723367.0,13047168.0,1.082803,0.811615,MYS,CHN,850990
8515955,156,43,9314,2015,0.0,6773.0,-0.727911,-0.844562,NCL,CHN,850990
8515956,159,43,9314,2015,0.0,30863.0,-1.415451,-1.157829,NGA,CHN,850990
8515957,160,43,9314,2015,0.0,10632.0,-1.102989,-0.952276,NIC,CHN,850990
8515958,162,43,9314,2015,3778.0,5984854.0,1.230104,1.27344,NLD,CHN,850990
8515959,163,43,9314,2015,0.0,235563.0,0.950708,0.314339,NOR,CHN,850990
8515960,164,43,9314,2015,0.0,7294.0,-0.290416,0.456716,NPL,CHN,850990
8515961,166,43,9314,2015,1328.0,388784.0,0.224598,0.253179,NZL,CHN,850990
8515962,167,43,9314,2015,0.0,27095.0,-0.4699,-1.00451,OMN,CHN,850990
8515963,168,43,9314,2015,0.0,4359382.0,-0.7059979999999999,0.73501,PAK,CHN,850990
8515964,169,43,9314,2015,0.0,57884.0,0.642058,0.833392,PAN,CHN,850990
8515965,173,43,9314,2015,0.0,652525.0,-0.6007819999999999,0.32152800000000004,PER,CHN,850990
8515966,174,43,9314,2015,58275.0,223824.0,0.6406270000000001,0.45770200000000005,PHL,CHN,850990
8515967,177,43,9314,2015,30821.0,10588375.0,1.145844,1.1449280000000002,POL,CHN,850990
8515968,179,43,9314,2015,0.0,1387579.0,0.561922,2.2276380000000002,PRT,CHN,850990
8515969,180,43,9314,2015,0.0,5788.0,-0.471106,-0.9431139999999999,PRY,CHN,850990
8515970,181,43,9314,2015,0.0,7173.0,0.060575,0.5649489999999999,PSE,CHN,850990
8515971,182,43,9314,2015,0.0,8102.0,-0.301696,-0.795154,PYF,CHN,850990
8515972,183,43,9314,2015,0.0,16003.0,-0.077053,-0.9922719999999999,QAT,CHN,850990
8515973,185,43,9314,2015,1417432.0,506267.0,0.946363,1.056775,ROU,CHN,850990
8515974,186,43,9314,2015,0.0,2547292.0,0.23119,0.035965,RUS,CHN,850990
8515975,187,43,9314,2015,0.0,4627.0,-0.755738,-0.4423,RWA,CHN,850990
8515976,188,43,9314,2015,0.0,2253936.0,0.5552520000000001,-0.7263229999999999,SAU,CHN,850990
8515977,190,43,9314,2015,0.0,13925.0,-1.420356,-1.218424,SDN,CHN,850990
8515978,192,43,9314,2015,202499.0,1759834.0,2.05613,0.593065,SGP,CHN,850990
8515979,195,43,9314,2015,0.0,881.0,-1.167451,-0.931206,SLB,CHN,850990
8515980,197,43,9314,2015,0.0,8634.0,0.05531900000000001,0.169073,SLV,CHN,850990
8515981,201,43,9314,2015,0.0,12608.0,0.457042,1.324908,SRB,CHN,850990
8515982,206,43,9314,2015,2788909.0,112209.0,1.287133,0.7900560000000001,SVK,CHN,850990
8515983,207,43,9314,2015,14176.0,10349240.0,1.6089879999999999,0.833616,SVN,CHN,850990
8515984,208,43,9314,2015,265614.0,2059428.0,1.8068349999999997,0.693389,SWE,CHN,850990
8515985,211,43,9314,2015,0.0,1405.0,1.017467,-0.285569,SYC,CHN,850990
8515986,212,43,9314,2015,0.0,114212.0,-0.603532,0.313216,SYR,CHN,850990
8515987,216,43,9314,2015,49130.0,2050323.0,0.965888,1.368572,THA,CHN,850990
8515988,219,43,9314,2015,0.0,12081.0,-1.546516,-1.315803,TKM,CHN,850990
8515989,222,43,9314,2015,0.0,3683.0,-0.462837,-1.117621,TTO,CHN,850990
8515990,223,43,9314,2015,2561.0,18350.0,0.140202,0.967591,TUN,CHN,850990
8515991,224,43,9314,2015,23909.0,14809480.0,0.438669,2.519632,TUR,CHN,850990
8515992,226,43,9314,2015,0.0,15040.0,-1.02395,-0.017509999999999998,TZA,CHN,850990
8515993,227,43,9314,2015,0.0,1018.0,-0.611023,0.078961,UGA,CHN,850990
8515994,228,43,9314,2015,0.0,269180.0,0.429879,0.701813,UKR,CHN,850990
8515995,230,43,9314,2015,0.0,258587.0,0.273876,-0.363695,URY,CHN,850990
8515996,231,43,9314,2015,5485421.0,196927936.0,1.720478,-0.129322,USA,CHN,850990
8515997,232,43,9314,2015,0.0,253450.0,-0.724966,-0.599292,UZB,CHN,850990
8515998,236,43,9314,2015,0.0,118075.0,-0.9249129999999999,-1.1877280000000001,VEN,CHN,850990
8515999,239,43,9314,2015,174600.0,6642214.0,-0.17108900000000002,1.10995,VNM,CHN,850990
8516000,243,43,9314,2015,0.0,209300.0,-1.048632,-1.10843,YEM,CHN,850990
8516001,246,43,9314,2015,0.0,450631.0,0.24944699999999997,1.7573159999999999,ZAF,CHN,850990
8516002,247,43,9314,2015,0.0,2032.0,-0.44792,-0.769586,ZMB,CHN,850990
8516003,249,43,9314,2015,2638588.0,4336258.0,1.962832,1.214982,TWN,CHN,850990
8516004,250,43,9314,2015,4227.0,0.0,0.377283,-0.092204,ANS,CHN,850990
8516005,43,44,9314,2015,4474.0,0.0,1.077143,1.735757,CHN,CIV,850990
8516006,61,44,9314,2015,3371.0,0.0,2.203818,-2.307561,DEU,CIV,850990
8516007,64,44,9314,2015,809.0,0.0,1.157924,1.2045629999999998,DNK,CIV,850990
8516008,77,44,9314,2015,158449.0,0.0,1.479792,0.6490239999999999,FRA,CIV,850990
8516009,162,44,9314,2015,3046.0,0.0,1.230104,1.27344,NLD,CIV,850990
8516010,250,44,9314,2015,3821.0,0.0,0.377283,-0.092204,ANS,CIV,850990
8516011,8,49,9314,2015,0.0,267368.0,0.116896,0.30330999999999997,ARG,COL,850990
8516012,32,49,9314,2015,59857.0,3213.0,0.23656799999999997,0.688607,BRA,COL,850990
8516013,39,49,9314,2015,1986.0,0.0,0.695867,1.171676,CAN,COL,850990
8516014,42,49,9314,2015,1159.0,2124.0,-0.356167,-0.47629399999999994,CHL,COL,850990
8516015,43,49,9314,2015,850941.0,0.0,1.077143,1.735757,CHN,COL,850990
8516016,61,49,9314,2015,11713.0,0.0,2.203818,-2.307561,DEU,COL,850990
8516017,65,49,9314,2015,0.0,13183.0,-0.212808,0.395873,DOM,COL,850990
8516018,67,49,9314,2015,0.0,8328.0,-0.9845959999999999,-1.075639,ECU,COL,850990
8516019,68,49,9314,2015,0.0,798.0,-0.183053,1.765036,EGY,COL,850990
8516020,71,49,9314,2015,20066.0,0.0,0.8173590000000001,2.442556,ESP,COL,850990
8516021,77,49,9314,2015,11989.0,4937.0,1.479792,0.6490239999999999,FRA,COL,850990
8516022,81,49,9314,2015,0.0,23701.0,1.7422990000000003,0.75838,GBR,COL,850990
8516023,97,49,9314,2015,80979.0,0.0,0.8255290000000001,1.8017279999999998,HKG,COL,850990
8516024,111,49,9314,2015,119973.0,0.0,1.321127,0.747046,ITA,COL,850990
8516025,121,49,9314,2015,8866.0,0.0,1.900653,0.859406,KOR,COL,850990
8516026,138,49,9314,2015,1285588.0,0.0,1.169724,0.61457,MEX,COL,850990
8516027,163,49,9314,2015,940.0,0.0,0.950708,0.314339,NOR,COL,850990
8516028,169,49,9314,2015,20938.0,24180.0,0.642058,0.833392,PAN,COL,850990
8516029,179,49,9314,2015,170281.0,0.0,0.561922,2.2276380000000002,PRT,COL,850990
8516030,180,49,9314,2015,0.0,969.0,-0.471106,-0.9431139999999999,PRY,COL,850990
8516031,207,49,9314,2015,72057.0,0.0,1.6089879999999999,0.833616,SVN,COL,850990
8516032,208,49,9314,2015,1291.0,0.0,1.8068349999999997,0.693389,SWE,COL,850990
8516033,231,49,9314,2015,654439.0,7330.0,1.720478,-0.129322,USA,COL,850990
8516034,236,49,9314,2015,4198.0,0.0,-0.9249129999999999,-1.1877280000000001,VEN,COL,850990
8516035,239,49,9314,2015,1074.0,0.0,-0.17108900000000002,1.10995,VNM,COL,850990
8516036,249,49,9314,2015,2135.0,0.0,1.962832,1.214982,TWN,COL,850990
8516037,32,52,9314,2015,995.0,0.0,0.23656799999999997,0.688607,BRA,CRI,850990
8516038,39,52,9314,2015,1039.0,0.0,0.695867,1.171676,CAN,CRI,850990
8516039,43,52,9314,2015,20401.0,0.0,1.077143,1.735757,CHN,CRI,850990
8516040,61,52,9314,2015,10887.0,0.0,2.203818,-2.307561,DEU,CRI,850990
8516041,71,52,9314,2015,34602.0,0.0,0.8173590000000001,2.442556,ESP,CRI,850990
8516042,81,52,9314,2015,1821.0,0.0,1.7422990000000003,0.75838,GBR,CRI,850990
8516043,93,52,9314,2015,29340.0,1283.0,-0.284403,0.525564,GTM,CRI,850990
8516044,97,52,9314,2015,8609.0,0.0,0.8255290000000001,1.8017279999999998,HKG,CRI,850990
8516045,111,52,9314,2015,15025.0,0.0,1.321127,0.747046,ITA,CRI,850990
8516046,112,52,9314,2015,0.0,7880.0,-0.438267,-0.828097,JAM,CRI,850990
8516047,114,52,9314,2015,1869.0,0.0,2.516133,-0.484202,JPN,CRI,850990
8516048,138,52,9314,2015,81090.0,0.0,1.169724,0.61457,MEX,CRI,850990
8516049,160,52,9314,2015,0.0,4036.0,-1.102989,-0.952276,NIC,CRI,850990
8516050,169,52,9314,2015,39910.0,0.0,0.642058,0.833392,PAN,CRI,850990
8516051,207,52,9314,2015,15305.0,0.0,1.6089879999999999,0.833616,SVN,CRI,850990
8516052,231,52,9314,2015,2462552.0,17139.0,1.720478,-0.129322,USA,CRI,850990
8516053,249,52,9314,2015,2939.0,0.0,1.962832,1.214982,TWN,CRI,850990
8516054,162,55,9314,2015,5179.0,0.0,1.230104,1.27344,NLD,CUW,850990
8516055,169,55,9314,2015,10832.0,0.0,0.642058,0.833392,PAN,CUW,850990
8516056,231,55,9314,2015,24109.0,0.0,1.720478,-0.129322,USA,CUW,850990
8516057,7,59,9314,2015,0.0,97787.0,0.21779600000000002,-0.0047420000000000006,ARE,CZE,850990
8516058,14,59,9314,2015,0.0,6747.0,-0.292325,-0.043489,AUS,CZE,850990
8516059,15,59,9314,2015,217690.0,595829.0,1.747098,-0.08026699999999999,AUT,CZE,850990
8516060,18,59,9314,2015,358208.0,10383.0,1.329866,1.100641,BEL,CZE,850990
8516061,23,59,9314,2015,1182.0,29565.0,0.45640699999999995,1.691455,BGR,CZE,850990
8516062,24,59,9314,2015,0.0,2264.0,0.36650900000000003,-0.28735,BHR,CZE,850990
8516063,26,59,9314,2015,0.0,3060.0,0.355903,0.723092,BIH,CZE,850990
8516064,28,59,9314,2015,0.0,9789.0,0.672499,0.5584020000000001,BLR,CZE,850990
8516065,32,59,9314,2015,0.0,5330.0,0.23656799999999997,0.688607,BRA,CZE,850990
8516066,39,59,9314,2015,82435.0,5514.0,0.695867,1.171676,CAN,CZE,850990
8516067,41,59,9314,2015,122822.0,66533.0,2.306075,0.720781,CHE,CZE,850990
8516068,43,59,9314,2015,27904680.0,18446.0,1.077143,1.735757,CHN,CZE,850990
8516069,58,59,9314,2015,0.0,1092.0,0.511225,-0.207261,CYP,CZE,850990
8516070,61,59,9314,2015,27520186.0,50645544.0,2.203818,-2.307561,DEU,CZE,850990
8516071,64,59,9314,2015,4053.0,3529.0,1.157924,1.2045629999999998,DNK,CZE,850990
8516072,68,59,9314,2015,799.0,0.0,-0.183053,1.765036,EGY,CZE,850990
8516073,71,59,9314,2015,109700.0,85692.0,0.8173590000000001,2.442556,ESP,CZE,850990
8516074,72,59,9314,2015,2675.0,4527.0,0.9281149999999999,1.1780389999999998,EST,CZE,850990
8516075,74,59,9314,2015,4826.0,4740.0,1.597817,0.998059,FIN,CZE,850990
8516076,77,59,9314,2015,459596.0,196170.0,1.479792,0.6490239999999999,FRA,CZE,850990
8516077,80,59,9314,2015,0.0,2483.0,-1.384351,-1.209873,GAB,CZE,850990
8516078,81,59,9314,2015,163208.0,677154.0,1.7422990000000003,0.75838,GBR,CZE,850990
8516079,90,59,9314,2015,2060.0,10850.0,0.099027,1.012289,GRC,CZE,850990
8516080,97,59,9314,2015,40401.0,0.0,0.8255290000000001,1.8017279999999998,HKG,CZE,850990
8516081,100,59,9314,2015,871.0,12895.0,0.7590140000000001,1.257415,HRV,CZE,850990
8516082,102,59,9314,2015,299936.0,157406.0,1.462839,0.803258,HUN,CZE,850990
8516083,103,59,9314,2015,0.0,1407.0,-0.145103,1.277362,IDN,CZE,850990
8516084,106,59,9314,2015,3508.0,1528.0,1.304942,0.126431,IRL,CZE,850990
8516085,109,59,9314,2015,0.0,12131.0,0.24527600000000002,-0.411616,ISL,CZE,850990
8516086,110,59,9314,2015,2174.0,955.0,1.260071,0.545545,ISR,CZE,850990
8516087,111,59,9314,2015,2624870.0,311033.0,1.321127,0.747046,ITA,CZE,850990
8516088,114,59,9314,2015,13639.0,29023.0,2.516133,-0.484202,JPN,CZE,850990
8516089,121,59,9314,2015,209613.0,48742.0,1.900653,0.859406,KOR,CZE,850990
8516090,122,59,9314,2015,0.0,11419.0,-0.352023,-1.153057,KWT,CZE,850990
8516091,124,59,9314,2015,0.0,3532.0,0.317355,1.330374,LBN,CZE,850990
8516092,130,59,9314,2015,0.0,9375.0,0.749429,1.3659860000000001,LTU,CZE,850990
8516093,131,59,9314,2015,1919.0,7214.0,1.218924,1.247152,LUX,CZE,850990
8516094,132,59,9314,2015,0.0,13353.0,0.602209,1.125357,LVA,CZE,850990
8516095,138,59,9314,2015,475344.0,0.0,1.169724,0.61457,MEX,CZE,850990
8516096,153,59,9314,2015,19022.0,41639.0,1.082803,0.811615,MYS,CZE,850990
8516097,162,59,9314,2015,352538.0,473445.0,1.230104,1.27344,NLD,CZE,850990
8516098,163,59,9314,2015,0.0,17980.0,0.950708,0.314339,NOR,CZE,850990
8516099,166,59,9314,2015,0.0,1624.0,0.224598,0.253179,NZL,CZE,850990
8516100,177,59,9314,2015,355610.0,2718248.0,1.145844,1.1449280000000002,POL,CZE,850990
8516101,179,59,9314,2015,1023.0,1433.0,0.561922,2.2276380000000002,PRT,CZE,850990
8516102,183,59,9314,2015,0.0,5625.0,-0.077053,-0.9922719999999999,QAT,CZE,850990
8516103,185,59,9314,2015,132563.0,2055627.0,0.946363,1.056775,ROU,CZE,850990
8516104,186,59,9314,2015,0.0,25597.0,0.23119,0.035965,RUS,CZE,850990
8516105,192,59,9314,2015,8197.0,15392.0,2.05613,0.593065,SGP,CZE,850990
8516106,206,59,9314,2015,177318.0,908542.0,1.287133,0.7900560000000001,SVK,CZE,850990
8516107,207,59,9314,2015,456893.0,12391.0,1.6089879999999999,0.833616,SVN,CZE,850990
8516108,208,59,9314,2015,17143.0,187555.0,1.8068349999999997,0.693389,SWE,CZE,850990
8516109,217,59,9314,2015,0.0,2449.0,-1.134216,-1.174245,TJK,CZE,850990
8516110,223,59,9314,2015,2763.0,6222.0,0.140202,0.967591,TUN,CZE,850990
8516111,224,59,9314,2015,20766.0,1604.0,0.438669,2.519632,TUR,CZE,850990
8516112,226,59,9314,2015,0.0,7780.0,-1.02395,-0.017509999999999998,TZA,CZE,850990
8516113,228,59,9314,2015,0.0,2431.0,0.429879,0.701813,UKR,CZE,850990
8516114,231,59,9314,2015,1576377.0,154174.0,1.720478,-0.129322,USA,CZE,850990
8516115,239,59,9314,2015,14996.0,0.0,-0.17108900000000002,1.10995,VNM,CZE,850990
8516116,246,59,9314,2015,0.0,8366.0,0.24944699999999997,1.7573159999999999,ZAF,CZE,850990
8516117,249,59,9314,2015,2953.0,5937.0,1.962832,1.214982,TWN,CZE,850990
8516118,250,59,9314,2015,3334.0,0.0,0.377283,-0.092204,ANS,CZE,850990
8516119,4,61,9314,2015,0.0,1300.0,-0.601875,-0.27003,ALB,DEU,850990
8516120,5,61,9314,2015,0.0,3377.0,0.850153,0.383793,AND,DEU,850990
8516121,7,61,9314,2015,13992.0,100433.0,0.21779600000000002,-0.0047420000000000006,ARE,DEU,850990
8516122,8,61,9314,2015,0.0,4842.0,0.116896,0.30330999999999997,ARG,DEU,850990
8516123,9,61,9314,2015,0.0,4563.0,0.037579,-0.42448800000000003,ARM,DEU,850990
8516124,13,61,9314,2015,0.0,3680.0,0.43318,-0.552045,ATG,DEU,850990
8516125,14,61,9314,2015,9713.0,1290770.0,-0.292325,-0.043489,AUS,DEU,850990
8516126,15,61,9314,2015,3607890.0,9264368.0,1.747098,-0.08026699999999999,AUT,DEU,850990
8516127,16,61,9314,2015,0.0,20888.0,-0.983347,-1.231542,AZE,DEU,850990
8516128,18,61,9314,2015,5072247.0,6658678.0,1.329866,1.100641,BEL,DEU,850990
8516129,22,61,9314,2015,0.0,3176.0,-1.088465,-0.8745360000000001,BGD,DEU,850990
8516130,23,61,9314,2015,74137.0,238856.0,0.45640699999999995,1.691455,BGR,DEU,850990
8516131,24,61,9314,2015,0.0,29341.0,0.36650900000000003,-0.28735,BHR,DEU,850990
8516132,25,61,9314,2015,0.0,17939.0,0.669493,-0.37838099999999997,BHS,DEU,850990
8516133,26,61,9314,2015,0.0,10947.0,0.355903,0.723092,BIH,DEU,850990
8516134,27,61,9314,2015,0.0,1282.0,0.562426,-0.459475,BLM,DEU,850990
8516135,28,61,9314,2015,0.0,89981.0,0.672499,0.5584020000000001,BLR,DEU,850990
8516136,31,61,9314,2015,0.0,2829.0,-1.051562,-1.067714,BOL,DEU,850990
8516137,32,61,9314,2015,0.0,145277.0,0.23656799999999997,0.688607,BRA,DEU,850990
8516138,33,61,9314,2015,0.0,20544.0,0.453689,0.039237,BRB,DEU,850990
8516139,34,61,9314,2015,0.0,12663.0,1.093564,-0.679211,BRN,DEU,850990
8516140,39,61,9314,2015,149904.0,904028.0,0.695867,1.171676,CAN,DEU,850990
8516141,41,61,9314,2015,2491112.0,7106154.0,2.306075,0.720781,CHE,DEU,850990
8516142,42,61,9314,2015,0.0,91035.0,-0.356167,-0.47629399999999994,CHL,DEU,850990
8516143,43,61,9314,2015,40116180.0,16701295.0,1.077143,1.735757,CHN,DEU,850990
8516144,44,61,9314,2015,0.0,3371.0,-0.856142,-0.905292,CIV,DEU,850990
8516145,45,61,9314,2015,0.0,1991.0,-0.924366,-1.040721,CMR,DEU,850990
8516146,46,61,9314,2015,0.0,2171.0,-1.3921290000000002,-1.146549,COD,DEU,850990
8516147,47,61,9314,2015,0.0,599.0,-1.294823,-1.18811,COG,DEU,850990
8516148,49,61,9314,2015,0.0,11713.0,0.156383,-0.183055,COL,DEU,850990
8516149,52,61,9314,2015,0.0,10887.0,0.24859699999999998,-0.033143,CRI,DEU,850990
8516150,58,61,9314,2015,0.0,48032.0,0.511225,-0.207261,CYP,DEU,850990
8516151,59,61,9314,2015,50645544.0,27520186.0,1.743012,0.45424,CZE,DEU,850990
8516152,64,61,9314,2015,274509.0,1578991.0,1.157924,1.2045629999999998,DNK,DEU,850990
8516153,66,61,9314,2015,0.0,2177.0,-1.54346,-1.255633,DZA,DEU,850990
8516154,67,61,9314,2015,0.0,1921.0,-0.9845959999999999,-1.075639,ECU,DEU,850990
8516155,68,61,9314,2015,3390.0,38044.0,-0.183053,1.765036,EGY,DEU,850990
8516156,71,61,9314,2015,3604456.0,5513798.0,0.8173590000000001,2.442556,ESP,DEU,850990
8516157,72,61,9314,2015,29312.0,101113.0,0.9281149999999999,1.1780389999999998,EST,DEU,850990
8516158,74,61,9314,2015,487838.0,1768207.0,1.597817,0.998059,FIN,DEU,850990
8516159,77,61,9314,2015,2820514.0,19079940.0,1.479792,0.6490239999999999,FRA,DEU,850990
8516160,81,61,9314,2015,3113132.0,15255842.0,1.7422990000000003,0.75838,GBR,DEU,850990
8516161,82,61,9314,2015,0.0,7120.0,-0.343663,-0.588017,GEO,DEU,850990
8516162,83,61,9314,2015,0.0,1189.0,-0.750568,-0.690257,GHA,DEU,850990
8516163,90,61,9314,2015,8449.0,1082698.0,0.099027,1.012289,GRC,DEU,850990
8516164,92,61,9314,2015,0.0,858.0,-1.017707,-0.913467,GRL,DEU,850990
8516165,93,61,9314,2015,0.0,927.0,-0.284403,0.525564,GTM,DEU,850990
8516166,97,61,9314,2015,146352.0,1205261.0,0.8255290000000001,1.8017279999999998,HKG,DEU,850990
8516167,100,61,9314,2015,8629.0,256414.0,0.7590140000000001,1.257415,HRV,DEU,850990
8516168,102,61,9314,2015,4972732.0,3486092.0,1.462839,0.803258,HUN,DEU,850990
8516169,103,61,9314,2015,6987.0,166351.0,-0.145103,1.277362,IDN,DEU,850990
8516170,104,61,9314,2015,738727.0,73762.0,0.24230900000000002,2.8190880000000003,IND,DEU,850990
8516171,106,61,9314,2015,5724.0,905473.0,1.304942,0.126431,IRL,DEU,850990
8516172,107,61,9314,2015,0.0,34719.0,-0.258946,-0.0073420000000000004,IRN,DEU,850990
8516173,108,61,9314,2015,0.0,1465.0,-1.465803,-0.912113,IRQ,DEU,850990
8516174,109,61,9314,2015,0.0,38964.0,0.24527600000000002,-0.411616,ISL,DEU,850990
8516175,110,61,9314,2015,5806.0,301392.0,1.260071,0.545545,ISR,DEU,850990
8516176,111,61,9314,2015,23641498.0,40446696.0,1.321127,0.747046,ITA,DEU,850990
8516177,113,61,9314,2015,0.0,6779.0,0.121172,0.457301,JOR,DEU,850990
8516178,114,61,9314,2015,128302.0,1163518.0,2.516133,-0.484202,JPN,DEU,850990
8516179,115,61,9314,2015,0.0,118263.0,-0.45091499999999995,-0.652026,KAZ,DEU,850990
8516180,116,61,9314,2015,0.0,1535.0,-0.453564,0.433325,KEN,DEU,850990
8516181,117,61,9314,2015,0.0,46811.0,0.02058,0.438692,KGZ,DEU,850990
8516182,118,61,9314,2015,0.0,11210.0,-0.791985,-0.833046,KHM,DEU,850990
8516183,121,61,9314,2015,680853.0,577501.0,1.900653,0.859406,KOR,DEU,850990
8516184,122,61,9314,2015,0.0,202795.0,-0.352023,-1.153057,KWT,DEU,850990
8516185,123,61,9314,2015,0.0,3751.0,-0.927524,-0.74525,LAO,DEU,850990
8516186,124,61,9314,2015,0.0,40096.0,0.317355,1.330374,LBN,DEU,850990
8516187,126,61,9314,2015,0.0,1366.0,-1.3257219999999998,-1.260453,LBY,DEU,850990
8516188,128,61,9314,2015,0.0,10545.0,-0.6773399999999999,0.386343,LKA,DEU,850990
8516189,130,61,9314,2015,8447912.0,5976114.0,0.749429,1.3659860000000001,LTU,DEU,850990
8516190,131,61,9314,2015,53017.0,443045.0,1.218924,1.247152,LUX,DEU,850990
8516191,132,61,9314,2015,149825.0,68180.0,0.602209,1.125357,LVA,DEU,850990
8516192,134,61,9314,2015,0.0,18170.0,-0.7554810000000001,-0.059697,MAR,DEU,850990
8516193,135,61,9314,2015,0.0,15909.0,-0.313837,-0.20393,MDA,DEU,850990
8516194,137,61,9314,2015,0.0,3416.0,-0.321571,-0.858751,MDV,DEU,850990
8516195,138,61,9314,2015,86344.0,610607.0,1.169724,0.61457,MEX,DEU,850990
8516196,140,61,9314,2015,0.0,45311.0,-0.09009600000000001,-0.147359,MKD,DEU,850990
8516197,142,61,9314,2015,0.0,12810.0,0.880893,-0.117585,MLT,DEU,850990
8516198,144,61,9314,2015,0.0,3423.0,-0.048385000000000004,-0.150759,MNE,DEU,850990
8516199,145,61,9314,2015,0.0,34514.0,-1.244368,-1.196677,MNG,DEU,850990
8516200,151,61,9314,2015,0.0,2512.0,-0.231762,-0.195051,MUS,DEU,850990
8516201,153,61,9314,2015,4977473.0,40653.0,1.082803,0.811615,MYS,DEU,850990
8516202,159,61,9314,2015,0.0,20569.0,-1.415451,-1.157829,NGA,DEU,850990
8516203,160,61,9314,2015,0.0,1339.0,-1.102989,-0.952276,NIC,DEU,850990
8516204,162,61,9314,2015,2746233.0,7862704.0,1.230104,1.27344,NLD,DEU,850990
8516205,163,61,9314,2015,8817.0,615402.0,0.950708,0.314339,NOR,DEU,850990
8516206,164,61,9314,2015,0.0,1253.0,-0.290416,0.456716,NPL,DEU,850990
8516207,166,61,9314,2015,1196.0,232780.0,0.224598,0.253179,NZL,DEU,850990
8516208,167,61,9314,2015,37930.0,20355.0,-0.4699,-1.00451,OMN,DEU,850990
8516209,168,61,9314,2015,5950.0,8212.0,-0.7059979999999999,0.73501,PAK,DEU,850990
8516210,169,61,9314,2015,0.0,6977.0,0.642058,0.833392,PAN,DEU,850990
8516211,173,61,9314,2015,0.0,33360.0,-0.6007819999999999,0.32152800000000004,PER,DEU,850990
8516212,174,61,9314,2015,0.0,27205.0,0.6406270000000001,0.45770200000000005,PHL,DEU,850990
8516213,177,61,9314,2015,25628562.0,15713914.0,1.145844,1.1449280000000002,POL,DEU,850990
8516214,179,61,9314,2015,261481.0,2076865.0,0.561922,2.2276380000000002,PRT,DEU,850990
8516215,180,61,9314,2015,0.0,6143.0,-0.471106,-0.9431139999999999,PRY,DEU,850990
8516216,182,61,9314,2015,0.0,5461.0,-0.301696,-0.795154,PYF,DEU,850990
8516217,183,61,9314,2015,0.0,6643.0,-0.077053,-0.9922719999999999,QAT,DEU,850990
8516218,185,61,9314,2015,1787317.0,2010681.0,0.946363,1.056775,ROU,DEU,850990
8516219,186,61,9314,2015,1465.0,2242271.0,0.23119,0.035965,RUS,DEU,850990
8516220,188,61,9314,2015,0.0,97591.0,0.5552520000000001,-0.7263229999999999,SAU,DEU,850990
8516221,190,61,9314,2015,0.0,1539.0,-1.420356,-1.218424,SDN,DEU,850990
8516222,192,61,9314,2015,267739.0,694967.0,2.05613,0.593065,SGP,DEU,850990
8516223,197,61,9314,2015,0.0,2889.0,0.05531900000000001,0.169073,SLV,DEU,850990
8516224,198,61,9314,2015,0.0,1271.0,0.918452,0.559399,SMR,DEU,850990
8516225,201,61,9314,2015,12527.0,51972.0,0.457042,1.324908,SRB,DEU,850990
8516226,206,61,9314,2015,5599797.0,3456176.0,1.287133,0.7900560000000001,SVK,DEU,850990
8516227,207,61,9314,2015,14351153.0,2594824.0,1.6089879999999999,0.833616,SVN,DEU,850990
8516228,208,61,9314,2015,1225174.0,4985625.0,1.8068349999999997,0.693389,SWE,DEU,850990
8516229,211,61,9314,2015,0.0,1503.0,1.017467,-0.285569,SYC,DEU,850990
8516230,216,61,9314,2015,416362.0,40032.0,0.965888,1.368572,THA,DEU,850990
8516231,219,61,9314,2015,0.0,12383.0,-1.546516,-1.315803,TKM,DEU,850990
8516232,223,61,9314,2015,2846.0,107794.0,0.140202,0.967591,TUN,DEU,850990
8516233,224,61,9314,2015,1719349.0,3924754.0,0.438669,2.519632,TUR,DEU,850990
8516234,227,61,9314,2015,0.0,950.0,-0.611023,0.078961,UGA,DEU,850990
8516235,228,61,9314,2015,2134.0,151164.0,0.429879,0.701813,UKR,DEU,850990
8516236,230,61,9314,2015,0.0,8884.0,0.273876,-0.363695,URY,DEU,850990
8516237,231,61,9314,2015,6325287.0,9575982.0,1.720478,-0.129322,USA,DEU,850990
8516238,232,61,9314,2015,0.0,18001.0,-0.724966,-0.599292,UZB,DEU,850990
8516239,234,61,9314,2015,0.0,1236.0,0.087811,-0.35481999999999997,VCT,DEU,850990
8516240,239,61,9314,2015,15980.0,13501.0,-0.17108900000000002,1.10995,VNM,DEU,850990
8516241,246,61,9314,2015,1880.0,191698.0,0.24944699999999997,1.7573159999999999,ZAF,DEU,850990
8516242,249,61,9314,2015,162964.0,428230.0,1.962832,1.214982,TWN,DEU,850990
8516243,3,64,9314,2015,0.0,1482.0,0.903682,-0.046925,AIA,DNK,850990
8516244,7,64,9314,2015,0.0,9899.0,0.21779600000000002,-0.0047420000000000006,ARE,DNK,850990
8516245,8,64,9314,2015,0.0,1747.0,0.116896,0.30330999999999997,ARG,DNK,850990
8516246,14,64,9314,2015,0.0,48017.0,-0.292325,-0.043489,AUS,DNK,850990
8516247,15,64,9314,2015,4763.0,6056.0,1.747098,-0.08026699999999999,AUT,DNK,850990
8516248,18,64,9314,2015,1118715.0,23926.0,1.329866,1.100641,BEL,DNK,850990
8516249,24,64,9314,2015,0.0,4197.0,0.36650900000000003,-0.28735,BHR,DNK,850990
8516250,32,64,9314,2015,0.0,1249.0,0.23656799999999997,0.688607,BRA,DNK,850990
8516251,39,64,9314,2015,30250.0,9858.0,0.695867,1.171676,CAN,DNK,850990
8516252,41,64,9314,2015,107477.0,105551.0,2.306075,0.720781,CHE,DNK,850990
8516253,42,64,9314,2015,0.0,2359.0,-0.356167,-0.47629399999999994,CHL,DNK,850990
8516254,43,64,9314,2015,1107852.0,10265.0,1.077143,1.735757,CHN,DNK,850990
8516255,44,64,9314,2015,0.0,809.0,-0.856142,-0.905292,CIV,DNK,850990
8516256,59,64,9314,2015,3529.0,4053.0,1.743012,0.45424,CZE,DNK,850990
8516257,61,64,9314,2015,1578991.0,274509.0,2.203818,-2.307561,DEU,DNK,850990
8516258,66,64,9314,2015,0.0,618.0,-1.54346,-1.255633,DZA,DNK,850990
8516259,67,64,9314,2015,0.0,1572.0,-0.9845959999999999,-1.075639,ECU,DNK,850990
8516260,68,64,9314,2015,0.0,1714.0,-0.183053,1.765036,EGY,DNK,850990
8516261,71,64,9314,2015,5598.0,13977.0,0.8173590000000001,2.442556,ESP,DNK,850990
8516262,72,64,9314,2015,1216.0,1254.0,0.9281149999999999,1.1780389999999998,EST,DNK,850990
8516263,74,64,9314,2015,97191.0,44634.0,1.597817,0.998059,FIN,DNK,850990
8516264,77,64,9314,2015,77516.0,142089.0,1.479792,0.6490239999999999,FRA,DNK,850990
8516265,78,64,9314,2015,0.0,19820.0,-0.700767,-0.9214399999999999,FRO,DNK,850990
8516266,81,64,9314,2015,188922.0,289799.0,1.7422990000000003,0.75838,GBR,DNK,850990
8516267,83,64,9314,2015,0.0,1263.0,-0.750568,-0.690257,GHA,DNK,850990
8516268,90,64,9314,2015,1813.0,53614.0,0.099027,1.012289,GRC,DNK,850990
8516269,92,64,9314,2015,0.0,19160.0,-1.017707,-0.913467,GRL,DNK,850990
8516270,93,64,9314,2015,0.0,2637.0,-0.284403,0.525564,GTM,DNK,850990
8516271,97,64,9314,2015,2643.0,12796.0,0.8255290000000001,1.8017279999999998,HKG,DNK,850990
8516272,100,64,9314,2015,1805.0,2622.0,0.7590140000000001,1.257415,HRV,DNK,850990
8516273,102,64,9314,2015,2520.0,115519.0,1.462839,0.803258,HUN,DNK,850990
8516274,104,64,9314,2015,0.0,2724.0,0.24230900000000002,2.8190880000000003,IND,DNK,850990
8516275,106,64,9314,2015,0.0,114544.0,1.304942,0.126431,IRL,DNK,850990
8516276,107,64,9314,2015,0.0,533.0,-0.258946,-0.0073420000000000004,IRN,DNK,850990
8516277,108,64,9314,2015,0.0,31340.0,-1.465803,-0.912113,IRQ,DNK,850990
8516278,109,64,9314,2015,0.0,87992.0,0.24527600000000002,-0.411616,ISL,DNK,850990
8516279,110,64,9314,2015,2024.0,691.0,1.260071,0.545545,ISR,DNK,850990
8516280,111,64,9314,2015,450040.0,26278.0,1.321127,0.747046,ITA,DNK,850990
8516281,113,64,9314,2015,0.0,7404.0,0.121172,0.457301,JOR,DNK,850990
8516282,114,64,9314,2015,2563.0,10037.0,2.516133,-0.484202,JPN,DNK,850990
8516283,121,64,9314,2015,65876.0,18512.0,1.900653,0.859406,KOR,DNK,850990
8516284,122,64,9314,2015,0.0,1124.0,-0.352023,-1.153057,KWT,DNK,850990
8516285,124,64,9314,2015,650.0,0.0,0.317355,1.330374,LBN,DNK,850990
8516286,130,64,9314,2015,29752.0,2290.0,0.749429,1.3659860000000001,LTU,DNK,850990
8516287,131,64,9314,2015,4174.0,1425.0,1.218924,1.247152,LUX,DNK,850990
8516288,132,64,9314,2015,0.0,33654.0,0.602209,1.125357,LVA,DNK,850990
8516289,138,64,9314,2015,3109.0,1078.0,1.169724,0.61457,MEX,DNK,850990
8516290,153,64,9314,2015,2091.0,11536.0,1.082803,0.811615,MYS,DNK,850990
8516291,155,64,9314,2015,0.0,10757.0,-0.43457399999999996,-0.665655,NAM,DNK,850990
8516292,156,64,9314,2015,0.0,1038.0,-0.727911,-0.844562,NCL,DNK,850990
8516293,162,64,9314,2015,276051.0,750840.0,1.230104,1.27344,NLD,DNK,850990
8516294,163,64,9314,2015,24936.0,563462.0,0.950708,0.314339,NOR,DNK,850990
8516295,166,64,9314,2015,0.0,6694.0,0.224598,0.253179,NZL,DNK,850990
8516296,167,64,9314,2015,0.0,1774.0,-0.4699,-1.00451,OMN,DNK,850990
8516297,173,64,9314,2015,5839.0,698.0,-0.6007819999999999,0.32152800000000004,PER,DNK,850990
8516298,177,64,9314,2015,32997.0,6681.0,1.145844,1.1449280000000002,POL,DNK,850990
8516299,179,64,9314,2015,2170.0,1081.0,0.561922,2.2276380000000002,PRT,DNK,850990
8516300,183,64,9314,2015,0.0,6365.0,-0.077053,-0.9922719999999999,QAT,DNK,850990
8516301,185,64,9314,2015,0.0,10160.0,0.946363,1.056775,ROU,DNK,850990
8516302,186,64,9314,2015,0.0,30447.0,0.23119,0.035965,RUS,DNK,850990
8516303,188,64,9314,2015,0.0,11702.0,0.5552520000000001,-0.7263229999999999,SAU,DNK,850990
8516304,192,64,9314,2015,35623.0,25631.0,2.05613,0.593065,SGP,DNK,850990
8516305,201,64,9314,2015,0.0,3976.0,0.457042,1.324908,SRB,DNK,850990
8516306,206,64,9314,2015,16964.0,13120.0,1.287133,0.7900560000000001,SVK,DNK,850990
8516307,207,64,9314,2015,3414.0,11870.0,1.6089879999999999,0.833616,SVN,DNK,850990
8516308,208,64,9314,2015,1583453.0,416737.0,1.8068349999999997,0.693389,SWE,DNK,850990
8516309,216,64,9314,2015,0.0,18824.0,0.965888,1.368572,THA,DNK,850990
8516310,224,64,9314,2015,3409.0,9026.0,0.438669,2.519632,TUR,DNK,850990
8516311,226,64,9314,2015,0.0,621.0,-1.02395,-0.017509999999999998,TZA,DNK,850990
8516312,228,64,9314,2015,0.0,12052.0,0.429879,0.701813,UKR,DNK,850990
8516313,230,64,9314,2015,0.0,1922.0,0.273876,-0.363695,URY,DNK,850990
8516314,231,64,9314,2015,85133.0,36555.0,1.720478,-0.129322,USA,DNK,850990
8516315,239,64,9314,2015,0.0,1311.0,-0.17108900000000002,1.10995,VNM,DNK,850990
8516316,246,64,9314,2015,0.0,10256.0,0.24944699999999997,1.7573159999999999,ZAF,DNK,850990
8516317,249,64,9314,2015,3880.0,3976.0,1.962832,1.214982,TWN,DNK,850990
8516318,250,64,9314,2015,0.0,4622.0,0.377283,-0.092204,ANS,DNK,850990
8516319,32,65,9314,2015,2068.0,0.0,0.23656799999999997,0.688607,BRA,DOM,850990
8516320,43,65,9314,2015,28722.0,0.0,1.077143,1.735757,CHN,DOM,850990
8516321,49,65,9314,2015,13183.0,0.0,0.156383,-0.183055,COL,DOM,850990
8516322,71,65,9314,2015,21902.0,0.0,0.8173590000000001,2.442556,ESP,DOM,850990
8516323,111,65,9314,2015,1435.0,0.0,1.321127,0.747046,ITA,DOM,850990
8516324,112,65,9314,2015,0.0,1959.0,-0.438267,-0.828097,JAM,DOM,850990
8516325,121,65,9314,2015,44747.0,0.0,1.900653,0.859406,KOR,DOM,850990
8516326,138,65,9314,2015,67764.0,0.0,1.169724,0.61457,MEX,DOM,850990
8516327,169,65,9314,2015,1303.0,0.0,0.642058,0.833392,PAN,DOM,850990
8516328,231,65,9314,2015,719351.0,38229.0,1.720478,-0.129322,USA,DOM,850990
8516329,41,67,9314,2015,1830.0,0.0,2.306075,0.720781,CHE,ECU,850990
8516330,42,67,9314,2015,2276.0,0.0,-0.356167,-0.47629399999999994,CHL,ECU,850990
8516331,43,67,9314,2015,128706.0,0.0,1.077143,1.735757,CHN,ECU,850990
8516332,49,67,9314,2015,8328.0,0.0,0.156383,-0.183055,COL,ECU,850990
8516333,61,67,9314,2015,1921.0,0.0,2.203818,-2.307561,DEU,ECU,850990
8516334,64,67,9314,2015,1572.0,0.0,1.157924,1.2045629999999998,DNK,ECU,850990
8516335,71,67,9314,2015,122497.0,0.0,0.8173590000000001,2.442556,ESP,ECU,850990
8516336,77,67,9314,2015,20737.0,0.0,1.479792,0.6490239999999999,FRA,ECU,850990
8516337,81,67,9314,2015,4286.0,0.0,1.7422990000000003,0.75838,GBR,ECU,850990
8516338,97,67,9314,2015,2548.0,0.0,0.8255290000000001,1.8017279999999998,HKG,ECU,850990
8516339,111,67,9314,2015,73395.0,0.0,1.321127,0.747046,ITA,ECU,850990
8516340,121,67,9314,2015,3215.0,0.0,1.900653,0.859406,KOR,ECU,850990
8516341,138,67,9314,2015,171763.0,0.0,1.169724,0.61457,MEX,ECU,850990
8516342,169,67,9314,2015,18948.0,0.0,0.642058,0.833392,PAN,ECU,850990
8516343,207,67,9314,2015,7341.0,0.0,1.6089879999999999,0.833616,SVN,ECU,850990
8516344,208,67,9314,2015,1715.0,0.0,1.8068349999999997,0.693389,SWE,ECU,850990
8516345,231,67,9314,2015,4756124.0,0.0,1.720478,-0.129322,USA,ECU,850990
8516346,236,67,9314,2015,11461.0,0.0,-0.9249129999999999,-1.1877280000000001,VEN,ECU,850990
8516347,249,67,9314,2015,82030.0,0.0,1.962832,1.214982,TWN,ECU,850990
8516348,5,71,9314,2015,0.0,461239.0,0.850153,0.383793,AND,ESP,850990
8516349,7,71,9314,2015,0.0,17821.0,0.21779600000000002,-0.0047420000000000006,ARE,ESP,850990
8516350,8,71,9314,2015,0.0,31085.0,0.116896,0.30330999999999997,ARG,ESP,850990
8516351,14,71,9314,2015,0.0,33015.0,-0.292325,-0.043489,AUS,ESP,850990
8516352,15,71,9314,2015,8921.0,323164.0,1.747098,-0.08026699999999999,AUT,ESP,850990
8516353,18,71,9314,2015,214699.0,864079.0,1.329866,1.100641,BEL,ESP,850990
8516354,23,71,9314,2015,1249.0,24144.0,0.45640699999999995,1.691455,BGR,ESP,850990
8516355,31,71,9314,2015,0.0,2705.0,-1.051562,-1.067714,BOL,ESP,850990
8516356,32,71,9314,2015,0.0,2288.0,0.23656799999999997,0.688607,BRA,ESP,850990
8516357,39,71,9314,2015,3229.0,8003.0,0.695867,1.171676,CAN,ESP,850990
8516358,41,71,9314,2015,61510.0,18577.0,2.306075,0.720781,CHE,ESP,850990
8516359,42,71,9314,2015,0.0,206221.0,-0.356167,-0.47629399999999994,CHL,ESP,850990
8516360,43,71,9314,2015,3075436.0,189829.0,1.077143,1.735757,CHN,ESP,850990
8516361,49,71,9314,2015,0.0,20066.0,0.156383,-0.183055,COL,ESP,850990
8516362,51,71,9314,2015,0.0,4470.0,-0.263621,-0.772158,CPV,ESP,850990
8516363,52,71,9314,2015,0.0,34602.0,0.24859699999999998,-0.033143,CRI,ESP,850990
8516364,54,71,9314,2015,0.0,18668.0,-0.694839,-1.093439,CUB,ESP,850990
8516365,58,71,9314,2015,0.0,7384.0,0.511225,-0.207261,CYP,ESP,850990
8516366,59,71,9314,2015,85692.0,109700.0,1.743012,0.45424,CZE,ESP,850990
8516367,61,71,9314,2015,5513798.0,3604456.0,2.203818,-2.307561,DEU,ESP,850990
8516368,64,71,9314,2015,13977.0,5598.0,1.157924,1.2045629999999998,DNK,ESP,850990
8516369,65,71,9314,2015,0.0,21902.0,-0.212808,0.395873,DOM,ESP,850990
8516370,66,71,9314,2015,0.0,1482.0,-1.54346,-1.255633,DZA,ESP,850990
8516371,67,71,9314,2015,0.0,122497.0,-0.9845959999999999,-1.075639,ECU,ESP,850990
8516372,68,71,9314,2015,0.0,23272.0,-0.183053,1.765036,EGY,ESP,850990
8516373,72,71,9314,2015,8685.0,0.0,0.9281149999999999,1.1780389999999998,EST,ESP,850990
8516374,74,71,9314,2015,1775.0,1446.0,1.597817,0.998059,FIN,ESP,850990
8516375,77,71,9314,2015,2365791.0,3066729.0,1.479792,0.6490239999999999,FRA,ESP,850990
8516376,81,71,9314,2015,312489.0,276327.0,1.7422990000000003,0.75838,GBR,ESP,850990
8516377,82,71,9314,2015,2397.0,0.0,-0.343663,-0.588017,GEO,ESP,850990
8516378,84,71,9314,2015,0.0,28783.0,0.535143,-0.750155,GIB,ESP,850990
8516379,89,71,9314,2015,0.0,2899.0,-1.585577,-0.9044979999999999,GNQ,ESP,850990
8516380,90,71,9314,2015,5112.0,51385.0,0.099027,1.012289,GRC,ESP,850990
8516381,93,71,9314,2015,0.0,14216.0,-0.284403,0.525564,GTM,ESP,850990
8516382,97,71,9314,2015,36719.0,51419.0,0.8255290000000001,1.8017279999999998,HKG,ESP,850990
8516383,100,71,9314,2015,626.0,0.0,0.7590140000000001,1.257415,HRV,ESP,850990
8516384,102,71,9314,2015,12398.0,379138.0,1.462839,0.803258,HUN,ESP,850990
8516385,103,71,9314,2015,16815.0,0.0,-0.145103,1.277362,IDN,ESP,850990
8516386,104,71,9314,2015,2513.0,1548.0,0.24230900000000002,2.8190880000000003,IND,ESP,850990
8516387,106,71,9314,2015,42899.0,150388.0,1.304942,0.126431,IRL,ESP,850990
8516388,107,71,9314,2015,0.0,2871.0,-0.258946,-0.0073420000000000004,IRN,ESP,850990
8516389,110,71,9314,2015,10882.0,106480.0,1.260071,0.545545,ISR,ESP,850990
8516390,111,71,9314,2015,2284410.0,1000162.0,1.321127,0.747046,ITA,ESP,850990
8516391,113,71,9314,2015,0.0,1928.0,0.121172,0.457301,JOR,ESP,850990
8516392,114,71,9314,2015,5020.0,19104.0,2.516133,-0.484202,JPN,ESP,850990
8516393,118,71,9314,2015,0.0,2562.0,-0.791985,-0.833046,KHM,ESP,850990
8516394,121,71,9314,2015,131555.0,15584.0,1.900653,0.859406,KOR,ESP,850990
8516395,122,71,9314,2015,0.0,13491.0,-0.352023,-1.153057,KWT,ESP,850990
8516396,124,71,9314,2015,1427.0,1368.0,0.317355,1.330374,LBN,ESP,850990
8516397,130,71,9314,2015,1639.0,0.0,0.749429,1.3659860000000001,LTU,ESP,850990
8516398,131,71,9314,2015,13302.0,4017.0,1.218924,1.247152,LUX,ESP,850990
8516399,132,71,9314,2015,0.0,3788.0,0.602209,1.125357,LVA,ESP,850990
8516400,134,71,9314,2015,0.0,394411.0,-0.7554810000000001,-0.059697,MAR,ESP,850990
8516401,137,71,9314,2015,0.0,1197.0,-0.321571,-0.858751,MDV,ESP,850990
8516402,138,71,9314,2015,30871.0,31487.0,1.169724,0.61457,MEX,ESP,850990
8516403,142,71,9314,2015,0.0,1610.0,0.880893,-0.117585,MLT,ESP,850990
8516404,153,71,9314,2015,18165.0,21220.0,1.082803,0.811615,MYS,ESP,850990
8516405,156,71,9314,2015,0.0,1128.0,-0.727911,-0.844562,NCL,ESP,850990
8516406,162,71,9314,2015,430353.0,169489.0,1.230104,1.27344,NLD,ESP,850990
8516407,163,71,9314,2015,0.0,8262.0,0.950708,0.314339,NOR,ESP,850990
8516408,166,71,9314,2015,2637.0,1607.0,0.224598,0.253179,NZL,ESP,850990
8516409,167,71,9314,2015,0.0,15095.0,-0.4699,-1.00451,OMN,ESP,850990
8516410,169,71,9314,2015,0.0,1047.0,0.642058,0.833392,PAN,ESP,850990
8516411,173,71,9314,2015,0.0,105005.0,-0.6007819999999999,0.32152800000000004,PER,ESP,850990
8516412,177,71,9314,2015,228048.0,550613.0,1.145844,1.1449280000000002,POL,ESP,850990
8516413,179,71,9314,2015,377202.0,3422262.0,0.561922,2.2276380000000002,PRT,ESP,850990
8516414,180,71,9314,2015,0.0,7309.0,-0.471106,-0.9431139999999999,PRY,ESP,850990
8516415,183,71,9314,2015,0.0,3704.0,-0.077053,-0.9922719999999999,QAT,ESP,850990
8516416,185,71,9314,2015,20942.0,66317.0,0.946363,1.056775,ROU,ESP,850990
8516417,186,71,9314,2015,0.0,1395.0,0.23119,0.035965,RUS,ESP,850990
8516418,188,71,9314,2015,0.0,117597.0,0.5552520000000001,-0.7263229999999999,SAU,ESP,850990
8516419,191,71,9314,2015,0.0,1258.0,-0.708349,-0.296663,SEN,ESP,850990
8516420,192,71,9314,2015,0.0,5534.0,2.05613,0.593065,SGP,ESP,850990
8516421,196,71,9314,2015,52381.0,0.0,0.072324,-0.255235,SLE,ESP,850990
8516422,198,71,9314,2015,0.0,6445.0,0.918452,0.559399,SMR,ESP,850990
8516423,201,71,9314,2015,0.0,1159.0,0.457042,1.324908,SRB,ESP,850990
8516424,206,71,9314,2015,2350.0,13721.0,1.287133,0.7900560000000001,SVK,ESP,850990
8516425,207,71,9314,2015,185935.0,324846.0,1.6089879999999999,0.833616,SVN,ESP,850990
8516426,208,71,9314,2015,89181.0,67105.0,1.8068349999999997,0.693389,SWE,ESP,850990
8516427,216,71,9314,2015,12910.0,5023.0,0.965888,1.368572,THA,ESP,850990
8516428,223,71,9314,2015,0.0,200641.0,0.140202,0.967591,TUN,ESP,850990
8516429,224,71,9314,2015,5531.0,77838.0,0.438669,2.519632,TUR,ESP,850990
8516430,228,71,9314,2015,0.0,1257.0,0.429879,0.701813,UKR,ESP,850990
8516431,230,71,9314,2015,0.0,19135.0,0.273876,-0.363695,URY,ESP,850990
8516432,231,71,9314,2015,758143.0,30418.0,1.720478,-0.129322,USA,ESP,850990
8516433,236,71,9314,2015,0.0,39256.0,-0.9249129999999999,-1.1877280000000001,VEN,ESP,850990
8516434,237,71,9314,2015,2719.0,0.0,0.914493,-0.31357399999999996,VGB,ESP,850990
8516435,249,71,9314,2015,4915.0,9742.0,1.962832,1.214982,TWN,ESP,850990
8516436,250,71,9314,2015,3591.0,0.0,0.377283,-0.092204,ANS,ESP,850990
8516437,15,72,9314,2015,31154.0,0.0,1.747098,-0.08026699999999999,AUT,EST,850990
8516438,18,72,9314,2015,59653.0,0.0,1.329866,1.100641,BEL,EST,850990
8516439,41,72,9314,2015,49176.0,0.0,2.306075,0.720781,CHE,EST,850990
8516440,43,72,9314,2015,73060.0,34096.0,1.077143,1.735757,CHN,EST,850990
8516441,59,72,9314,2015,4527.0,2675.0,1.743012,0.45424,CZE,EST,850990
8516442,61,72,9314,2015,101113.0,29312.0,2.203818,-2.307561,DEU,EST,850990
8516443,64,72,9314,2015,1254.0,1216.0,1.157924,1.2045629999999998,DNK,EST,850990
8516444,71,72,9314,2015,0.0,8685.0,0.8173590000000001,2.442556,ESP,EST,850990
8516445,74,72,9314,2015,80915.0,46019.0,1.597817,0.998059,FIN,EST,850990
8516446,77,72,9314,2015,2616.0,25758.0,1.479792,0.6490239999999999,FRA,EST,850990
8516447,81,72,9314,2015,4862.0,0.0,1.7422990000000003,0.75838,GBR,EST,850990
8516448,97,72,9314,2015,754.0,0.0,0.8255290000000001,1.8017279999999998,HKG,EST,850990
8516449,102,72,9314,2015,16455.0,0.0,1.462839,0.803258,HUN,EST,850990
8516450,111,72,9314,2015,62735.0,21558.0,1.321127,0.747046,ITA,EST,850990
8516451,114,72,9314,2015,2861.0,0.0,2.516133,-0.484202,JPN,EST,850990
8516452,121,72,9314,2015,37847.0,0.0,1.900653,0.859406,KOR,EST,850990
8516453,130,72,9314,2015,28265.0,50966.0,0.749429,1.3659860000000001,LTU,EST,850990
8516454,132,72,9314,2015,36242.0,60644.0,0.602209,1.125357,LVA,EST,850990
8516455,162,72,9314,2015,20248.0,2609.0,1.230104,1.27344,NLD,EST,850990
8516456,163,72,9314,2015,2997.0,4142.0,0.950708,0.314339,NOR,EST,850990
8516457,177,72,9314,2015,133670.0,22119.0,1.145844,1.1449280000000002,POL,EST,850990
8516458,186,72,9314,2015,0.0,45479.0,0.23119,0.035965,RUS,EST,850990
8516459,192,72,9314,2015,0.0,1142.0,2.05613,0.593065,SGP,EST,850990
8516460,207,72,9314,2015,61903.0,0.0,1.6089879999999999,0.833616,SVN,EST,850990
8516461,208,72,9314,2015,154686.0,163674.0,1.8068349999999997,0.693389,SWE,EST,850990
8516462,224,72,9314,2015,897.0,0.0,0.438669,2.519632,TUR,EST,850990
8516463,228,72,9314,2015,0.0,6875.0,0.429879,0.701813,UKR,EST,850990
8516464,231,72,9314,2015,13128.0,8304.0,1.720478,-0.129322,USA,EST,850990
8516465,249,72,9314,2015,3527.0,0.0,1.962832,1.214982,TWN,EST,850990
8516466,250,72,9314,2015,87298.0,0.0,0.377283,-0.092204,ANS,EST,850990
8516467,2,77,9314,2015,0.0,29814.0,-1.6542,-1.2598989999999999,AGO,FRA,850990
8516468,5,77,9314,2015,0.0,1926.0,0.850153,0.383793,AND,FRA,850990
8516469,7,77,9314,2015,0.0,98504.0,0.21779600000000002,-0.0047420000000000006,ARE,FRA,850990
8516470,8,77,9314,2015,0.0,693904.0,0.116896,0.30330999999999997,ARG,FRA,850990
8516471,9,77,9314,2015,0.0,849.0,0.037579,-0.42448800000000003,ARM,FRA,850990
8516472,14,77,9314,2015,1175.0,387088.0,-0.292325,-0.043489,AUS,FRA,850990
8516473,15,77,9314,2015,95987.0,183917.0,1.747098,-0.08026699999999999,AUT,FRA,850990
8516474,18,77,9314,2015,4528010.0,1992385.0,1.329866,1.100641,BEL,FRA,850990
8516475,22,77,9314,2015,0.0,916.0,-1.088465,-0.8745360000000001,BGD,FRA,850990
8516476,23,77,9314,2015,4127.0,26162.0,0.45640699999999995,1.691455,BGR,FRA,850990
8516477,24,77,9314,2015,0.0,15256.0,0.36650900000000003,-0.28735,BHR,FRA,850990
8516478,27,77,9314,2015,0.0,6206.0,0.562426,-0.459475,BLM,FRA,850990
8516479,28,77,9314,2015,0.0,8624.0,0.672499,0.5584020000000001,BLR,FRA,850990
8516480,32,77,9314,2015,0.0,48207.0,0.23656799999999997,0.688607,BRA,FRA,850990
8516481,39,77,9314,2015,519822.0,59213.0,0.695867,1.171676,CAN,FRA,850990
8516482,41,77,9314,2015,230169.0,482531.0,2.306075,0.720781,CHE,FRA,850990
8516483,42,77,9314,2015,0.0,4250.0,-0.356167,-0.47629399999999994,CHL,FRA,850990
8516484,43,77,9314,2015,51009180.0,301086.0,1.077143,1.735757,CHN,FRA,850990
8516485,44,77,9314,2015,0.0,158449.0,-0.856142,-0.905292,CIV,FRA,850990
8516486,45,77,9314,2015,0.0,8197.0,-0.924366,-1.040721,CMR,FRA,850990
8516487,47,77,9314,2015,0.0,12565.0,-1.294823,-1.18811,COG,FRA,850990
8516488,49,77,9314,2015,4937.0,11989.0,0.156383,-0.183055,COL,FRA,850990
8516489,54,77,9314,2015,0.0,3130.0,-0.694839,-1.093439,CUB,FRA,850990
8516490,58,77,9314,2015,0.0,17783.0,0.511225,-0.207261,CYP,FRA,850990
8516491,59,77,9314,2015,196170.0,459596.0,1.743012,0.45424,CZE,FRA,850990
8516492,61,77,9314,2015,19079940.0,2820514.0,2.203818,-2.307561,DEU,FRA,850990
8516493,62,77,9314,2015,0.0,2508.0,-0.538942,-0.832522,DJI,FRA,850990
8516494,64,77,9314,2015,142089.0,77516.0,1.157924,1.2045629999999998,DNK,FRA,850990
8516495,66,77,9314,2015,0.0,69788.0,-1.54346,-1.255633,DZA,FRA,850990
8516496,67,77,9314,2015,0.0,20737.0,-0.9845959999999999,-1.075639,ECU,FRA,850990
8516497,68,77,9314,2015,166836.0,81792.0,-0.183053,1.765036,EGY,FRA,850990
8516498,71,77,9314,2015,3066729.0,2365791.0,0.8173590000000001,2.442556,ESP,FRA,850990
8516499,72,77,9314,2015,25758.0,2616.0,0.9281149999999999,1.1780389999999998,EST,FRA,850990
8516500,74,77,9314,2015,56325.0,15501.0,1.597817,0.998059,FIN,FRA,850990
8516501,80,77,9314,2015,0.0,2974.0,-1.384351,-1.209873,GAB,FRA,850990
8516502,81,77,9314,2015,1333728.0,1138309.0,1.7422990000000003,0.75838,GBR,FRA,850990
8516503,82,77,9314,2015,0.0,1543.0,-0.343663,-0.588017,GEO,FRA,850990
8516504,83,77,9314,2015,0.0,1640.0,-0.750568,-0.690257,GHA,FRA,850990
8516505,90,77,9314,2015,0.0,123894.0,0.099027,1.012289,GRC,FRA,850990
8516506,97,77,9314,2015,61208.0,173576.0,0.8255290000000001,1.8017279999999998,HKG,FRA,850990
8516507,100,77,9314,2015,0.0,18783.0,0.7590140000000001,1.257415,HRV,FRA,850990
8516508,102,77,9314,2015,136162.0,51677.0,1.462839,0.803258,HUN,FRA,850990
8516509,103,77,9314,2015,60408.0,0.0,-0.145103,1.277362,IDN,FRA,850990
8516510,104,77,9314,2015,545505.0,3453.0,0.24230900000000002,2.8190880000000003,IND,FRA,850990
8516511,106,77,9314,2015,32027.0,19142.0,1.304942,0.126431,IRL,FRA,850990
8516512,107,77,9314,2015,0.0,2598.0,-0.258946,-0.0073420000000000004,IRN,FRA,850990
8516513,109,77,9314,2015,0.0,1028.0,0.24527600000000002,-0.411616,ISL,FRA,850990
8516514,110,77,9314,2015,114382.0,64025.0,1.260071,0.545545,ISR,FRA,850990
8516515,111,77,9314,2015,6597062.0,1925821.0,1.321127,0.747046,ITA,FRA,850990
8516516,113,77,9314,2015,0.0,25919.0,0.121172,0.457301,JOR,FRA,850990
8516517,114,77,9314,2015,26610.0,131047.0,2.516133,-0.484202,JPN,FRA,850990
8516518,115,77,9314,2015,0.0,6559.0,-0.45091499999999995,-0.652026,KAZ,FRA,850990
8516519,116,77,9314,2015,0.0,1708.0,-0.453564,0.433325,KEN,FRA,850990
8516520,118,77,9314,2015,0.0,4797.0,-0.791985,-0.833046,KHM,FRA,850990
8516521,121,77,9314,2015,210718.0,282968.0,1.900653,0.859406,KOR,FRA,850990
8516522,122,77,9314,2015,0.0,15754.0,-0.352023,-1.153057,KWT,FRA,850990
8516523,124,77,9314,2015,900.0,14504.0,0.317355,1.330374,LBN,FRA,850990
8516524,126,77,9314,2015,0.0,31330.0,-1.3257219999999998,-1.260453,LBY,FRA,850990
8516525,128,77,9314,2015,0.0,1257.0,-0.6773399999999999,0.386343,LKA,FRA,850990
8516526,130,77,9314,2015,0.0,28907.0,0.749429,1.3659860000000001,LTU,FRA,850990
8516527,131,77,9314,2015,45379.0,170897.0,1.218924,1.247152,LUX,FRA,850990
8516528,132,77,9314,2015,0.0,3999.0,0.602209,1.125357,LVA,FRA,850990
8516529,134,77,9314,2015,0.0,439602.0,-0.7554810000000001,-0.059697,MAR,FRA,850990
8516530,135,77,9314,2015,0.0,2166.0,-0.313837,-0.20393,MDA,FRA,850990
8516531,138,77,9314,2015,174607.0,25219.0,1.169724,0.61457,MEX,FRA,850990
8516532,141,77,9314,2015,0.0,6054.0,-0.744236,-0.9441860000000001,MLI,FRA,850990
8516533,142,77,9314,2015,0.0,18730.0,0.880893,-0.117585,MLT,FRA,850990
8516534,143,77,9314,2015,0.0,9700.0,-1.4596120000000001,-0.903904,MMR,FRA,850990
8516535,144,77,9314,2015,0.0,936.0,-0.048385000000000004,-0.150759,MNE,FRA,850990
8516536,145,77,9314,2015,0.0,945.0,-1.244368,-1.196677,MNG,FRA,850990
8516537,148,77,9314,2015,0.0,2557.0,-1.5597450000000002,-1.3209229999999998,MRT,FRA,850990
8516538,151,77,9314,2015,0.0,10152.0,-0.231762,-0.195051,MUS,FRA,850990
8516539,153,77,9314,2015,639938.0,15295.0,1.082803,0.811615,MYS,FRA,850990
8516540,156,77,9314,2015,0.0,48384.0,-0.727911,-0.844562,NCL,FRA,850990
8516541,157,77,9314,2015,0.0,1730.0,-1.517292,-1.033891,NER,FRA,850990
8516542,159,77,9314,2015,0.0,982.0,-1.415451,-1.157829,NGA,FRA,850990
8516543,162,77,9314,2015,1538321.0,1275353.0,1.230104,1.27344,NLD,FRA,850990
8516544,163,77,9314,2015,801.0,23898.0,0.950708,0.314339,NOR,FRA,850990
8516545,166,77,9314,2015,14466.0,30932.0,0.224598,0.253179,NZL,FRA,850990
8516546,167,77,9314,2015,0.0,16772.0,-0.4699,-1.00451,OMN,FRA,850990
8516547,169,77,9314,2015,0.0,6957.0,0.642058,0.833392,PAN,FRA,850990
8516548,173,77,9314,2015,0.0,14573.0,-0.6007819999999999,0.32152800000000004,PER,FRA,850990
8516549,174,77,9314,2015,0.0,8819.0,0.6406270000000001,0.45770200000000005,PHL,FRA,850990
8516550,177,77,9314,2015,720483.0,762712.0,1.145844,1.1449280000000002,POL,FRA,850990
8516551,178,77,9314,2015,22185.0,0.0,-0.404818,-0.075235,PRK,FRA,850990
8516552,179,77,9314,2015,5301538.0,404700.0,0.561922,2.2276380000000002,PRT,FRA,850990
8516553,180,77,9314,2015,0.0,4219.0,-0.471106,-0.9431139999999999,PRY,FRA,850990
8516554,182,77,9314,2015,0.0,45255.0,-0.301696,-0.795154,PYF,FRA,850990
8516555,183,77,9314,2015,0.0,39528.0,-0.077053,-0.9922719999999999,QAT,FRA,850990
8516556,185,77,9314,2015,232274.0,95664.0,0.946363,1.056775,ROU,FRA,850990
8516557,186,77,9314,2015,0.0,63580.0,0.23119,0.035965,RUS,FRA,850990
8516558,188,77,9314,2015,9571.0,307278.0,0.5552520000000001,-0.7263229999999999,SAU,FRA,850990
8516559,190,77,9314,2015,0.0,3380.0,-1.420356,-1.218424,SDN,FRA,850990
8516560,191,77,9314,2015,0.0,8123.0,-0.708349,-0.296663,SEN,FRA,850990
8516561,192,77,9314,2015,133021.0,110829.0,2.05613,0.593065,SGP,FRA,850990
8516562,200,77,9314,2015,0.0,2255.0,1.108603,-0.356745,SPM,FRA,850990
8516563,201,77,9314,2015,0.0,5963.0,0.457042,1.324908,SRB,FRA,850990
8516564,206,77,9314,2015,211560.0,122534.0,1.287133,0.7900560000000001,SVK,FRA,850990
8516565,207,77,9314,2015,432624.0,44524.0,1.6089879999999999,0.833616,SVN,FRA,850990
8516566,208,77,9314,2015,426158.0,26462.0,1.8068349999999997,0.693389,SWE,FRA,850990
8516567,211,77,9314,2015,1507.0,2708.0,1.017467,-0.285569,SYC,FRA,850990
8516568,215,77,9314,2015,0.0,1427.0,-0.66925,-0.873554,TGO,FRA,850990
8516569,216,77,9314,2015,37640.0,21962.0,0.965888,1.368572,THA,FRA,850990
8516570,219,77,9314,2015,0.0,1997.0,-1.546516,-1.315803,TKM,FRA,850990
8516571,223,77,9314,2015,1277.0,270680.0,0.140202,0.967591,TUN,FRA,850990
8516572,224,77,9314,2015,3599348.0,381430.0,0.438669,2.519632,TUR,FRA,850990
8516573,228,77,9314,2015,0.0,162081.0,0.429879,0.701813,UKR,FRA,850990
8516574,231,77,9314,2015,471374.0,171276.0,1.720478,-0.129322,USA,FRA,850990
8516575,239,77,9314,2015,3211.0,1699.0,-0.17108900000000002,1.10995,VNM,FRA,850990
8516576,241,77,9314,2015,0.0,4417.0,0.858368,-0.6285810000000001,WLF,FRA,850990
8516577,246,77,9314,2015,0.0,22695.0,0.24944699999999997,1.7573159999999999,ZAF,FRA,850990
8516578,249,77,9314,2015,71998.0,365912.0,1.962832,1.214982,TWN,FRA,850990
8516579,250,77,9314,2015,87999.0,0.0,0.377283,-0.092204,ANS,FRA,850990
8516580,2,81,9314,2015,0.0,2914.0,-1.6542,-1.2598989999999999,AGO,GBR,850990
8516581,7,81,9314,2015,1407.0,142503.0,0.21779600000000002,-0.0047420000000000006,ARE,GBR,850990
8516582,8,81,9314,2015,0.0,1178.0,0.116896,0.30330999999999997,ARG,GBR,850990
8516583,14,81,9314,2015,10001.0,572191.0,-0.292325,-0.043489,AUS,GBR,850990
8516584,15,81,9314,2015,49626.0,65657.0,1.747098,-0.08026699999999999,AUT,GBR,850990
8516585,16,81,9314,2015,0.0,91648.0,-0.983347,-1.231542,AZE,GBR,850990
8516586,18,81,9314,2015,2701029.0,149081.0,1.329866,1.100641,BEL,GBR,850990
8516587,23,81,9314,2015,0.0,5804.0,0.45640699999999995,1.691455,BGR,GBR,850990
8516588,24,81,9314,2015,0.0,27668.0,0.36650900000000003,-0.28735,BHR,GBR,850990
8516589,32,81,9314,2015,0.0,9805.0,0.23656799999999997,0.688607,BRA,GBR,850990
8516590,33,81,9314,2015,0.0,1943.0,0.453689,0.039237,BRB,GBR,850990
8516591,34,81,9314,2015,1250.0,0.0,1.093564,-0.679211,BRN,GBR,850990
8516592,39,81,9314,2015,41895.0,349175.0,0.695867,1.171676,CAN,GBR,850990
8516593,41,81,9314,2015,600201.0,157910.0,2.306075,0.720781,CHE,GBR,850990
8516594,42,81,9314,2015,0.0,1994.0,-0.356167,-0.47629399999999994,CHL,GBR,850990
8516595,43,81,9314,2015,13085162.0,723404.0,1.077143,1.735757,CHN,GBR,850990
8516596,49,81,9314,2015,23701.0,0.0,0.156383,-0.183055,COL,GBR,850990
8516597,52,81,9314,2015,0.0,1821.0,0.24859699999999998,-0.033143,CRI,GBR,850990
8516598,58,81,9314,2015,0.0,24176.0,0.511225,-0.207261,CYP,GBR,850990
8516599,59,81,9314,2015,677154.0,163208.0,1.743012,0.45424,CZE,GBR,850990
8516600,61,81,9314,2015,15255842.0,3113132.0,2.203818,-2.307561,DEU,GBR,850990
8516601,63,81,9314,2015,0.0,2212.0,0.0735,-0.44923599999999997,DMA,GBR,850990
8516602,64,81,9314,2015,289799.0,188922.0,1.157924,1.2045629999999998,DNK,GBR,850990
8516603,66,81,9314,2015,0.0,126950.0,-1.54346,-1.255633,DZA,GBR,850990
8516604,67,81,9314,2015,0.0,4286.0,-0.9845959999999999,-1.075639,ECU,GBR,850990
8516605,68,81,9314,2015,0.0,88325.0,-0.183053,1.765036,EGY,GBR,850990
8516606,71,81,9314,2015,276327.0,312489.0,0.8173590000000001,2.442556,ESP,GBR,850990
8516607,72,81,9314,2015,0.0,4862.0,0.9281149999999999,1.1780389999999998,EST,GBR,850990
8516608,73,81,9314,2015,0.0,46165.0,-1.004896,-0.721019,ETH,GBR,850990
8516609,74,81,9314,2015,46258.0,60614.0,1.597817,0.998059,FIN,GBR,850990
8516610,77,81,9314,2015,1138309.0,1333728.0,1.479792,0.6490239999999999,FRA,GBR,850990
8516611,83,81,9314,2015,0.0,84974.0,-0.750568,-0.690257,GHA,GBR,850990
8516612,84,81,9314,2015,0.0,6217.0,0.535143,-0.750155,GIB,GBR,850990
8516613,85,81,9314,2015,0.0,1179.0,-1.288329,-1.167532,GIN,GBR,850990
8516614,87,81,9314,2015,0.0,2905.0,-0.984775,-0.877886,GMB,GBR,850990
8516615,89,81,9314,2015,0.0,6793.0,-1.585577,-0.9044979999999999,GNQ,GBR,850990
8516616,90,81,9314,2015,1450.0,37939.0,0.099027,1.012289,GRC,GBR,850990
8516617,97,81,9314,2015,958264.0,670232.0,0.8255290000000001,1.8017279999999998,HKG,GBR,850990
8516618,100,81,9314,2015,7548.0,5030.0,0.7590140000000001,1.257415,HRV,GBR,850990
8516619,102,81,9314,2015,30333.0,4737.0,1.462839,0.803258,HUN,GBR,850990
8516620,103,81,9314,2015,0.0,5478.0,-0.145103,1.277362,IDN,GBR,850990
8516621,104,81,9314,2015,11899.0,64092.0,0.24230900000000002,2.8190880000000003,IND,GBR,850990
8516622,106,81,9314,2015,694846.0,1979073.0,1.304942,0.126431,IRL,GBR,850990
8516623,107,81,9314,2015,0.0,778.0,-0.258946,-0.0073420000000000004,IRN,GBR,850990
8516624,109,81,9314,2015,0.0,6720.0,0.24527600000000002,-0.411616,ISL,GBR,850990
8516625,110,81,9314,2015,0.0,75444.0,1.260071,0.545545,ISR,GBR,850990
8516626,111,81,9314,2015,4155223.0,351189.0,1.321127,0.747046,ITA,GBR,850990
8516627,113,81,9314,2015,0.0,14630.0,0.121172,0.457301,JOR,GBR,850990
8516628,114,81,9314,2015,109980.0,83529.0,2.516133,-0.484202,JPN,GBR,850990
8516629,116,81,9314,2015,0.0,80894.0,-0.453564,0.433325,KEN,GBR,850990
8516630,121,81,9314,2015,83583.0,165839.0,1.900653,0.859406,KOR,GBR,850990
8516631,122,81,9314,2015,0.0,41139.0,-0.352023,-1.153057,KWT,GBR,850990
8516632,124,81,9314,2015,0.0,83868.0,0.317355,1.330374,LBN,GBR,850990
8516633,126,81,9314,2015,0.0,7185.0,-1.3257219999999998,-1.260453,LBY,GBR,850990
8516634,128,81,9314,2015,0.0,3858.0,-0.6773399999999999,0.386343,LKA,GBR,850990
8516635,130,81,9314,2015,0.0,12817.0,0.749429,1.3659860000000001,LTU,GBR,850990
8516636,131,81,9314,2015,8621.0,9871.0,1.218924,1.247152,LUX,GBR,850990
8516637,132,81,9314,2015,0.0,4566.0,0.602209,1.125357,LVA,GBR,850990
8516638,134,81,9314,2015,0.0,13092.0,-0.7554810000000001,-0.059697,MAR,GBR,850990
8516639,137,81,9314,2015,0.0,4023.0,-0.321571,-0.858751,MDV,GBR,850990
8516640,138,81,9314,2015,86834.0,1504.0,1.169724,0.61457,MEX,GBR,850990
8516641,142,81,9314,2015,0.0,15438.0,0.880893,-0.117585,MLT,GBR,850990
8516642,148,81,9314,2015,0.0,12816.0,-1.5597450000000002,-1.3209229999999998,MRT,GBR,850990
8516643,151,81,9314,2015,0.0,8316.0,-0.231762,-0.195051,MUS,GBR,850990
8516644,153,81,9314,2015,14491224.0,421991.0,1.082803,0.811615,MYS,GBR,850990
8516645,156,81,9314,2015,0.0,218731.0,-0.727911,-0.844562,NCL,GBR,850990
8516646,159,81,9314,2015,0.0,418666.0,-1.415451,-1.157829,NGA,GBR,850990
8516647,162,81,9314,2015,1941968.0,1165193.0,1.230104,1.27344,NLD,GBR,850990
8516648,163,81,9314,2015,2926.0,112071.0,0.950708,0.314339,NOR,GBR,850990
8516649,164,81,9314,2015,0.0,1137.0,-0.290416,0.456716,NPL,GBR,850990
8516650,166,81,9314,2015,2668.0,46797.0,0.224598,0.253179,NZL,GBR,850990
8516651,167,81,9314,2015,0.0,19833.0,-0.4699,-1.00451,OMN,GBR,850990
8516652,168,81,9314,2015,0.0,20374.0,-0.7059979999999999,0.73501,PAK,GBR,850990
8516653,174,81,9314,2015,9590.0,103496.0,0.6406270000000001,0.45770200000000005,PHL,GBR,850990
8516654,177,81,9314,2015,422625.0,771714.0,1.145844,1.1449280000000002,POL,GBR,850990
8516655,179,81,9314,2015,40567.0,30861.0,0.561922,2.2276380000000002,PRT,GBR,850990
8516656,182,81,9314,2015,0.0,1408.0,-0.301696,-0.795154,PYF,GBR,850990
8516657,183,81,9314,2015,0.0,28713.0,-0.077053,-0.9922719999999999,QAT,GBR,850990
8516658,185,81,9314,2015,4007.0,54431.0,0.946363,1.056775,ROU,GBR,850990
8516659,186,81,9314,2015,7165.0,92730.0,0.23119,0.035965,RUS,GBR,850990
8516660,188,81,9314,2015,3809.0,20594.0,0.5552520000000001,-0.7263229999999999,SAU,GBR,850990
8516661,190,81,9314,2015,0.0,3680.0,-1.420356,-1.218424,SDN,GBR,850990
8516662,191,81,9314,2015,0.0,8468.0,-0.708349,-0.296663,SEN,GBR,850990
8516663,192,81,9314,2015,277565.0,356371.0,2.05613,0.593065,SGP,GBR,850990
8516664,194,81,9314,2015,0.0,1918.0,1.256851,-0.270048,SHN,GBR,850990
8516665,196,81,9314,2015,0.0,4150.0,0.072324,-0.255235,SLE,GBR,850990
8516666,201,81,9314,2015,0.0,25684.0,0.457042,1.324908,SRB,GBR,850990
8516667,206,81,9314,2015,3855685.0,1608.0,1.287133,0.7900560000000001,SVK,GBR,850990
8516668,207,81,9314,2015,20990.0,2875.0,1.6089879999999999,0.833616,SVN,GBR,850990
8516669,208,81,9314,2015,158814.0,194801.0,1.8068349999999997,0.693389,SWE,GBR,850990
8516670,211,81,9314,2015,0.0,6466.0,1.017467,-0.285569,SYC,GBR,850990
8516671,216,81,9314,2015,34995.0,47006.0,0.965888,1.368572,THA,GBR,850990
8516672,222,81,9314,2015,0.0,2078.0,-0.462837,-1.117621,TTO,GBR,850990
8516673,223,81,9314,2015,0.0,50319.0,0.140202,0.967591,TUN,GBR,850990
8516674,224,81,9314,2015,92129.0,6862.0,0.438669,2.519632,TUR,GBR,850990
8516675,226,81,9314,2015,0.0,2270.0,-1.02395,-0.017509999999999998,TZA,GBR,850990
8516676,227,81,9314,2015,0.0,3216.0,-0.611023,0.078961,UGA,GBR,850990
8516677,228,81,9314,2015,329447.0,33611.0,0.429879,0.701813,UKR,GBR,850990
8516678,231,81,9314,2015,2688829.0,540674.0,1.720478,-0.129322,USA,GBR,850990
8516679,239,81,9314,2015,50025.0,8244.0,-0.17108900000000002,1.10995,VNM,GBR,850990
8516680,246,81,9314,2015,0.0,237510.0,0.24944699999999997,1.7573159999999999,ZAF,GBR,850990
8516681,247,81,9314,2015,0.0,1745.0,-0.44792,-0.769586,ZMB,GBR,850990
8516682,249,81,9314,2015,66988.0,1836506.0,1.962832,1.214982,TWN,GBR,850990
8516683,231,91,9314,2015,8638.0,0.0,1.720478,-0.129322,USA,GRD,850990
8516684,32,93,9314,2015,1869.0,0.0,0.23656799999999997,0.688607,BRA,GTM,850990
8516685,43,93,9314,2015,43465.0,0.0,1.077143,1.735757,CHN,GTM,850990
8516686,52,93,9314,2015,1283.0,29340.0,0.24859699999999998,-0.033143,CRI,GTM,850990
8516687,61,93,9314,2015,927.0,0.0,2.203818,-2.307561,DEU,GTM,850990
8516688,64,93,9314,2015,2637.0,0.0,1.157924,1.2045629999999998,DNK,GTM,850990
8516689,71,93,9314,2015,14216.0,0.0,0.8173590000000001,2.442556,ESP,GTM,850990
8516690,111,93,9314,2015,10065.0,0.0,1.321127,0.747046,ITA,GTM,850990
8516691,121,93,9314,2015,2257.0,0.0,1.900653,0.859406,KOR,GTM,850990
8516692,138,93,9314,2015,196385.0,0.0,1.169724,0.61457,MEX,GTM,850990
8516693,169,93,9314,2015,1032.0,0.0,0.642058,0.833392,PAN,GTM,850990
8516694,197,93,9314,2015,10124.0,48830.0,0.05531900000000001,0.169073,SLV,GTM,850990
8516695,231,93,9314,2015,2287088.0,0.0,1.720478,-0.129322,USA,GTM,850990
8516696,7,97,9314,2015,59660.0,3889.0,0.21779600000000002,-0.0047420000000000006,ARE,HKG,850990
8516697,8,97,9314,2015,0.0,7727.0,0.116896,0.30330999999999997,ARG,HKG,850990
8516698,14,97,9314,2015,14591.0,18315.0,-0.292325,-0.043489,AUS,HKG,850990
8516699,15,97,9314,2015,4297304.0,16586.0,1.747098,-0.08026699999999999,AUT,HKG,850990
8516700,18,97,9314,2015,22080.0,208086.0,1.329866,1.100641,BEL,HKG,850990
8516701,32,97,9314,2015,0.0,290371.0,0.23656799999999997,0.688607,BRA,HKG,850990
8516702,39,97,9314,2015,13772.0,94545.0,0.695867,1.171676,CAN,HKG,850990
8516703,41,97,9314,2015,44541.0,200372.0,2.306075,0.720781,CHE,HKG,850990
8516704,43,97,9314,2015,68932560.0,6397238.0,1.077143,1.735757,CHN,HKG,850990
8516705,49,97,9314,2015,0.0,80979.0,0.156383,-0.183055,COL,HKG,850990
8516706,52,97,9314,2015,0.0,8609.0,0.24859699999999998,-0.033143,CRI,HKG,850990
8516707,58,97,9314,2015,0.0,3282.0,0.511225,-0.207261,CYP,HKG,850990
8516708,59,97,9314,2015,0.0,40401.0,1.743012,0.45424,CZE,HKG,850990
8516709,61,97,9314,2015,1205261.0,146352.0,2.203818,-2.307561,DEU,HKG,850990
8516710,64,97,9314,2015,12796.0,2643.0,1.157924,1.2045629999999998,DNK,HKG,850990
8516711,67,97,9314,2015,0.0,2548.0,-0.9845959999999999,-1.075639,ECU,HKG,850990
8516712,68,97,9314,2015,0.0,73043.0,-0.183053,1.765036,EGY,HKG,850990
8516713,71,97,9314,2015,51419.0,36719.0,0.8173590000000001,2.442556,ESP,HKG,850990
8516714,72,97,9314,2015,0.0,754.0,0.9281149999999999,1.1780389999999998,EST,HKG,850990
8516715,74,97,9314,2015,2385.0,48721.0,1.597817,0.998059,FIN,HKG,850990
8516716,77,97,9314,2015,173576.0,61208.0,1.479792,0.6490239999999999,FRA,HKG,850990
8516717,81,97,9314,2015,670232.0,958264.0,1.7422990000000003,0.75838,GBR,HKG,850990
8516718,90,97,9314,2015,0.0,2091.0,0.099027,1.012289,GRC,HKG,850990
8516719,100,97,9314,2015,5782.0,0.0,0.7590140000000001,1.257415,HRV,HKG,850990
8516720,102,97,9314,2015,0.0,509492.0,1.462839,0.803258,HUN,HKG,850990
8516721,103,97,9314,2015,946.0,606268.0,-0.145103,1.277362,IDN,HKG,850990
8516722,104,97,9314,2015,2330.0,78433.0,0.24230900000000002,2.8190880000000003,IND,HKG,850990
8516723,106,97,9314,2015,0.0,52800.0,1.304942,0.126431,IRL,HKG,850990
8516724,107,97,9314,2015,0.0,3378.0,-0.258946,-0.0073420000000000004,IRN,HKG,850990
8516725,110,97,9314,2015,0.0,138443.0,1.260071,0.545545,ISR,HKG,850990
8516726,111,97,9314,2015,691738.0,88187.0,1.321127,0.747046,ITA,HKG,850990
8516727,114,97,9314,2015,3591857.0,6133492.0,2.516133,-0.484202,JPN,HKG,850990
8516728,121,97,9314,2015,92040.0,20450.0,1.900653,0.859406,KOR,HKG,850990
8516729,122,97,9314,2015,0.0,842.0,-0.352023,-1.153057,KWT,HKG,850990
8516730,132,97,9314,2015,0.0,2452.0,0.602209,1.125357,LVA,HKG,850990
8516731,133,97,9314,2015,4186.0,124997.0,0.296288,0.32009499999999996,MAC,HKG,850990
8516732,138,97,9314,2015,2129783.0,116427.0,1.169724,0.61457,MEX,HKG,850990
8516733,140,97,9314,2015,0.0,9150.0,-0.09009600000000001,-0.147359,MKD,HKG,850990
8516734,143,97,9314,2015,215222.0,406430.0,-1.4596120000000001,-0.903904,MMR,HKG,850990
8516735,153,97,9314,2015,650221.0,935025.0,1.082803,0.811615,MYS,HKG,850990
8516736,159,97,9314,2015,0.0,7138.0,-1.415451,-1.157829,NGA,HKG,850990
8516737,162,97,9314,2015,231227.0,728402.0,1.230104,1.27344,NLD,HKG,850990
8516738,163,97,9314,2015,1260.0,3139.0,0.950708,0.314339,NOR,HKG,850990
8516739,166,97,9314,2015,2144.0,19655.0,0.224598,0.253179,NZL,HKG,850990
8516740,169,97,9314,2015,0.0,6822.0,0.642058,0.833392,PAN,HKG,850990
8516741,173,97,9314,2015,0.0,938.0,-0.6007819999999999,0.32152800000000004,PER,HKG,850990
8516742,174,97,9314,2015,3749.0,378593.0,0.6406270000000001,0.45770200000000005,PHL,HKG,850990
8516743,177,97,9314,2015,11642.0,42650.0,1.145844,1.1449280000000002,POL,HKG,850990
8516744,179,97,9314,2015,0.0,86358.0,0.561922,2.2276380000000002,PRT,HKG,850990
8516745,180,97,9314,2015,0.0,5560.0,-0.471106,-0.9431139999999999,PRY,HKG,850990
8516746,183,97,9314,2015,0.0,1965.0,-0.077053,-0.9922719999999999,QAT,HKG,850990
8516747,185,97,9314,2015,3838.0,16202.0,0.946363,1.056775,ROU,HKG,850990
8516748,186,97,9314,2015,0.0,4505.0,0.23119,0.035965,RUS,HKG,850990
8516749,188,97,9314,2015,0.0,17379.0,0.5552520000000001,-0.7263229999999999,SAU,HKG,850990
8516750,192,97,9314,2015,366310.0,754511.0,2.05613,0.593065,SGP,HKG,850990
8516751,201,97,9314,2015,0.0,945.0,0.457042,1.324908,SRB,HKG,850990
8516752,206,97,9314,2015,0.0,213255.0,1.287133,0.7900560000000001,SVK,HKG,850990
8516753,207,97,9314,2015,35922.0,51791.0,1.6089879999999999,0.833616,SVN,HKG,850990
8516754,208,97,9314,2015,18493.0,17028.0,1.8068349999999997,0.693389,SWE,HKG,850990
8516755,216,97,9314,2015,45945.0,69648.0,0.965888,1.368572,THA,HKG,850990
8516756,224,97,9314,2015,7589.0,84340.0,0.438669,2.519632,TUR,HKG,850990
8516757,228,97,9314,2015,0.0,1373.0,0.429879,0.701813,UKR,HKG,850990
8516758,231,97,9314,2015,2652296.0,3340742.0,1.720478,-0.129322,USA,HKG,850990
8516759,236,97,9314,2015,0.0,4788.0,-0.9249129999999999,-1.1877280000000001,VEN,HKG,850990
8516760,239,97,9314,2015,1507.0,249726.0,-0.17108900000000002,1.10995,VNM,HKG,850990
8516761,246,97,9314,2015,0.0,63686.0,0.24944699999999997,1.7573159999999999,ZAF,HKG,850990
8516762,249,97,9314,2015,811916.0,107041.0,1.962832,1.214982,TWN,HKG,850990
8516763,43,99,9314,2015,1100.0,0.0,1.077143,1.735757,CHN,HND,850990
8516764,111,99,9314,2015,29028.0,0.0,1.321127,0.747046,ITA,HND,850990
8516765,138,99,9314,2015,18243.0,0.0,1.169724,0.61457,MEX,HND,850990
8516766,169,99,9314,2015,6789.0,0.0,0.642058,0.833392,PAN,HND,850990
8516767,197,99,9314,2015,6995.0,0.0,0.05531900000000001,0.169073,SLV,HND,850990
8516768,208,99,9314,2015,1024.0,0.0,1.8068349999999997,0.693389,SWE,HND,850990
8516769,231,99,9314,2015,802775.0,0.0,1.720478,-0.129322,USA,HND,850990
8516770,239,99,9314,2015,699.0,0.0,-0.17108900000000002,1.10995,VNM,HND,850990
8516771,249,99,9314,2015,1203.0,0.0,1.962832,1.214982,TWN,HND,850990
8516772,4,102,9314,2015,0.0,3076.0,-0.601875,-0.27003,ALB,HUN,850990
8516773,7,102,9314,2015,0.0,15839.0,0.21779600000000002,-0.0047420000000000006,ARE,HUN,850990
8516774,14,102,9314,2015,0.0,35090.0,-0.292325,-0.043489,AUS,HUN,850990
8516775,15,102,9314,2015,351555.0,716674.0,1.747098,-0.08026699999999999,AUT,HUN,850990
8516776,18,102,9314,2015,5311.0,65577.0,1.329866,1.100641,BEL,HUN,850990
8516777,23,102,9314,2015,802220.0,328660.0,0.45640699999999995,1.691455,BGR,HUN,850990
8516778,24,102,9314,2015,0.0,4065.0,0.36650900000000003,-0.28735,BHR,HUN,850990
8516779,26,102,9314,2015,0.0,15311.0,0.355903,0.723092,BIH,HUN,850990
8516780,32,102,9314,2015,0.0,3278.0,0.23656799999999997,0.688607,BRA,HUN,850990
8516781,39,102,9314,2015,13118.0,70410.0,0.695867,1.171676,CAN,HUN,850990
8516782,41,102,9314,2015,80944.0,123682.0,2.306075,0.720781,CHE,HUN,850990
8516783,42,102,9314,2015,0.0,3382.0,-0.356167,-0.47629399999999994,CHL,HUN,850990
8516784,43,102,9314,2015,25418380.0,146740.0,1.077143,1.735757,CHN,HUN,850990
8516785,59,102,9314,2015,157406.0,299936.0,1.743012,0.45424,CZE,HUN,850990
8516786,61,102,9314,2015,3486092.0,4972732.0,2.203818,-2.307561,DEU,HUN,850990
8516787,64,102,9314,2015,115519.0,2520.0,1.157924,1.2045629999999998,DNK,HUN,850990
8516788,68,102,9314,2015,0.0,13052.0,-0.183053,1.765036,EGY,HUN,850990
8516789,71,102,9314,2015,379138.0,12398.0,0.8173590000000001,2.442556,ESP,HUN,850990
8516790,72,102,9314,2015,0.0,16455.0,0.9281149999999999,1.1780389999999998,EST,HUN,850990
8516791,74,102,9314,2015,4552.0,208710.0,1.597817,0.998059,FIN,HUN,850990
8516792,77,102,9314,2015,51677.0,136162.0,1.479792,0.6490239999999999,FRA,HUN,850990
8516793,81,102,9314,2015,4737.0,30333.0,1.7422990000000003,0.75838,GBR,HUN,850990
8516794,90,102,9314,2015,0.0,5375.0,0.099027,1.012289,GRC,HUN,850990
8516795,97,102,9314,2015,509492.0,0.0,0.8255290000000001,1.8017279999999998,HKG,HUN,850990
8516796,100,102,9314,2015,23214.0,41401.0,0.7590140000000001,1.257415,HRV,HUN,850990
8516797,103,102,9314,2015,0.0,2968.0,-0.145103,1.277362,IDN,HUN,850990
8516798,104,102,9314,2015,1703.0,1224.0,0.24230900000000002,2.8190880000000003,IND,HUN,850990
8516799,107,102,9314,2015,0.0,25558.0,-0.258946,-0.0073420000000000004,IRN,HUN,850990
8516800,109,102,9314,2015,0.0,5039.0,0.24527600000000002,-0.411616,ISL,HUN,850990
8516801,111,102,9314,2015,409153.0,383557.0,1.321127,0.747046,ITA,HUN,850990
8516802,114,102,9314,2015,10910.0,55501.0,2.516133,-0.484202,JPN,HUN,850990
8516803,121,102,9314,2015,2705.0,166009.0,1.900653,0.859406,KOR,HUN,850990
8516804,122,102,9314,2015,0.0,5352.0,-0.352023,-1.153057,KWT,HUN,850990
8516805,124,102,9314,2015,0.0,20191.0,0.317355,1.330374,LBN,HUN,850990
8516806,130,102,9314,2015,0.0,21179.0,0.749429,1.3659860000000001,LTU,HUN,850990
8516807,132,102,9314,2015,999562.0,48737.0,0.602209,1.125357,LVA,HUN,850990
8516808,135,102,9314,2015,0.0,9687.0,-0.313837,-0.20393,MDA,HUN,850990
8516809,138,102,9314,2015,0.0,123900.0,1.169724,0.61457,MEX,HUN,850990
8516810,140,102,9314,2015,0.0,10812.0,-0.09009600000000001,-0.147359,MKD,HUN,850990
8516811,144,102,9314,2015,0.0,1974.0,-0.048385000000000004,-0.150759,MNE,HUN,850990
8516812,153,102,9314,2015,0.0,4272.0,1.082803,0.811615,MYS,HUN,850990
8516813,159,102,9314,2015,0.0,1195.0,-1.415451,-1.157829,NGA,HUN,850990
8516814,162,102,9314,2015,67298.0,155315.0,1.230104,1.27344,NLD,HUN,850990
8516815,163,102,9314,2015,0.0,115548.0,0.950708,0.314339,NOR,HUN,850990
8516816,166,102,9314,2015,0.0,26014.0,0.224598,0.253179,NZL,HUN,850990
8516817,167,102,9314,2015,0.0,2662.0,-0.4699,-1.00451,OMN,HUN,850990
8516818,174,102,9314,2015,0.0,673.0,0.6406270000000001,0.45770200000000005,PHL,HUN,850990
8516819,177,102,9314,2015,48313.0,105975.0,1.145844,1.1449280000000002,POL,HUN,850990
8516820,183,102,9314,2015,0.0,3885.0,-0.077053,-0.9922719999999999,QAT,HUN,850990
8516821,185,102,9314,2015,83102.0,1043379.0,0.946363,1.056775,ROU,HUN,850990
8516822,186,102,9314,2015,0.0,50294.0,0.23119,0.035965,RUS,HUN,850990
8516823,192,102,9314,2015,5279.0,17322.0,2.05613,0.593065,SGP,HUN,850990
8516824,201,102,9314,2015,0.0,19322.0,0.457042,1.324908,SRB,HUN,850990
8516825,206,102,9314,2015,289861.0,22951.0,1.287133,0.7900560000000001,SVK,HUN,850990
8516826,207,102,9314,2015,2032568.0,3721863.0,1.6089879999999999,0.833616,SVN,HUN,850990
8516827,208,102,9314,2015,111334.0,24719.0,1.8068349999999997,0.693389,SWE,HUN,850990
8516828,216,102,9314,2015,0.0,1363.0,0.965888,1.368572,THA,HUN,850990
8516829,223,102,9314,2015,0.0,905.0,0.140202,0.967591,TUN,HUN,850990
8516830,224,102,9314,2015,127141.0,562942.0,0.438669,2.519632,TUR,HUN,850990
8516831,228,102,9314,2015,2199245.0,219459.0,0.429879,0.701813,UKR,HUN,850990
8516832,230,102,9314,2015,0.0,1077.0,0.273876,-0.363695,URY,HUN,850990
8516833,231,102,9314,2015,105202.0,481573.0,1.720478,-0.129322,USA,HUN,850990
8516834,239,102,9314,2015,0.0,5207.0,-0.17108900000000002,1.10995,VNM,HUN,850990
8516835,246,102,9314,2015,0.0,1947.0,0.24944699999999997,1.7573159999999999,ZAF,HUN,850990
8516836,249,102,9314,2015,92461.0,33654.0,1.962832,1.214982,TWN,HUN,850990
8516837,14,103,9314,2015,9441.0,185470.0,-0.292325,-0.043489,AUS,IDN,850990
8516838,24,103,9314,2015,0.0,7372.0,0.36650900000000003,-0.28735,BHR,IDN,850990
8516839,32,103,9314,2015,102644.0,0.0,0.23656799999999997,0.688607,BRA,IDN,850990
8516840,39,103,9314,2015,1897.0,899.0,0.695867,1.171676,CAN,IDN,850990
8516841,41,103,9314,2015,3499.0,32208.0,2.306075,0.720781,CHE,IDN,850990
8516842,43,103,9314,2015,4868569.0,20339362.0,1.077143,1.735757,CHN,IDN,850990
8516843,59,103,9314,2015,1407.0,0.0,1.743012,0.45424,CZE,IDN,850990
8516844,61,103,9314,2015,166351.0,6987.0,2.203818,-2.307561,DEU,IDN,850990
8516845,68,103,9314,2015,0.0,5843.0,-0.183053,1.765036,EGY,IDN,850990
8516846,71,103,9314,2015,0.0,16815.0,0.8173590000000001,2.442556,ESP,IDN,850990
8516847,77,103,9314,2015,0.0,60408.0,1.479792,0.6490239999999999,FRA,IDN,850990
8516848,81,103,9314,2015,5478.0,0.0,1.7422990000000003,0.75838,GBR,IDN,850990
8516849,97,103,9314,2015,606268.0,946.0,0.8255290000000001,1.8017279999999998,HKG,IDN,850990
8516850,102,103,9314,2015,2968.0,0.0,1.462839,0.803258,HUN,IDN,850990
8516851,104,103,9314,2015,5085.0,0.0,0.24230900000000002,2.8190880000000003,IND,IDN,850990
8516852,111,103,9314,2015,50347.0,2320.0,1.321127,0.747046,ITA,IDN,850990
8516853,114,103,9314,2015,232333.0,22874.0,2.516133,-0.484202,JPN,IDN,850990
8516854,121,103,9314,2015,69985.0,0.0,1.900653,0.859406,KOR,IDN,850990
8516855,122,103,9314,2015,0.0,1065.0,-0.352023,-1.153057,KWT,IDN,850990
8516856,138,103,9314,2015,0.0,344148.0,1.169724,0.61457,MEX,IDN,850990
8516857,153,103,9314,2015,20576.0,1900.0,1.082803,0.811615,MYS,IDN,850990
8516858,163,103,9314,2015,1530.0,0.0,0.950708,0.314339,NOR,IDN,850990
8516859,177,103,9314,2015,0.0,1796.0,1.145844,1.1449280000000002,POL,IDN,850990
8516860,192,103,9314,2015,391722.0,76218.0,2.05613,0.593065,SGP,IDN,850990
8516861,206,103,9314,2015,876.0,0.0,1.287133,0.7900560000000001,SVK,IDN,850990
8516862,207,103,9314,2015,4419.0,0.0,1.6089879999999999,0.833616,SVN,IDN,850990
8516863,208,103,9314,2015,3162.0,0.0,1.8068349999999997,0.693389,SWE,IDN,850990
8516864,216,103,9314,2015,25118.0,1522.0,0.965888,1.368572,THA,IDN,850990
8516865,231,103,9314,2015,144685.0,3838.0,1.720478,-0.129322,USA,IDN,850990
8516866,239,103,9314,2015,0.0,46520.0,-0.17108900000000002,1.10995,VNM,IDN,850990
8516867,249,103,9314,2015,695322.0,0.0,1.962832,1.214982,TWN,IDN,850990
8516868,1,104,9314,2015,0.0,1653.0,-1.249655,-0.9094459999999999,AFG,IND,850990
8516869,7,104,9314,2015,6804.0,118268.0,0.21779600000000002,-0.0047420000000000006,ARE,IND,850990
8516870,14,104,9314,2015,5803.0,9623.0,-0.292325,-0.043489,AUS,IND,850990
8516871,17,104,9314,2015,0.0,1228.0,-0.993318,-1.031194,BDI,IND,850990
8516872,18,104,9314,2015,0.0,2731.0,1.329866,1.100641,BEL,IND,850990
8516873,22,104,9314,2015,0.0,10247.0,-1.088465,-0.8745360000000001,BGD,IND,850990
8516874,24,104,9314,2015,0.0,8642.0,0.36650900000000003,-0.28735,BHR,IND,850990
8516875,32,104,9314,2015,11560.0,0.0,0.23656799999999997,0.688607,BRA,IND,850990
8516876,35,104,9314,2015,0.0,7290.0,-0.55347,-0.8795219999999999,BTN,IND,850990
8516877,39,104,9314,2015,3527.0,5601.0,0.695867,1.171676,CAN,IND,850990
8516878,41,104,9314,2015,14773.0,1137.0,2.306075,0.720781,CHE,IND,850990
8516879,42,104,9314,2015,0.0,1643.0,-0.356167,-0.47629399999999994,CHL,IND,850990
8516880,43,104,9314,2015,1355069.0,79978.0,1.077143,1.735757,CHN,IND,850990
8516881,45,104,9314,2015,0.0,1453.0,-0.924366,-1.040721,CMR,IND,850990
8516882,46,104,9314,2015,0.0,8740.0,-1.3921290000000002,-1.146549,COD,IND,850990
8516883,61,104,9314,2015,73762.0,738727.0,2.203818,-2.307561,DEU,IND,850990
8516884,64,104,9314,2015,2724.0,0.0,1.157924,1.2045629999999998,DNK,IND,850990
8516885,68,104,9314,2015,0.0,74979.0,-0.183053,1.765036,EGY,IND,850990
8516886,71,104,9314,2015,1548.0,2513.0,0.8173590000000001,2.442556,ESP,IND,850990
8516887,74,104,9314,2015,8436.0,0.0,1.597817,0.998059,FIN,IND,850990
8516888,77,104,9314,2015,3453.0,545505.0,1.479792,0.6490239999999999,FRA,IND,850990
8516889,81,104,9314,2015,64092.0,11899.0,1.7422990000000003,0.75838,GBR,IND,850990
8516890,97,104,9314,2015,78433.0,2330.0,0.8255290000000001,1.8017279999999998,HKG,IND,850990
8516891,102,104,9314,2015,1224.0,1703.0,1.462839,0.803258,HUN,IND,850990
8516892,103,104,9314,2015,0.0,5085.0,-0.145103,1.277362,IDN,IND,850990
8516893,106,104,9314,2015,958.0,1112.0,1.304942,0.126431,IRL,IND,850990
8516894,110,104,9314,2015,17274.0,0.0,1.260071,0.545545,ISR,IND,850990
8516895,111,104,9314,2015,249136.0,35234.0,1.321127,0.747046,ITA,IND,850990
8516896,114,104,9314,2015,20115.0,1517.0,2.516133,-0.484202,JPN,IND,850990
8516897,116,104,9314,2015,0.0,7094.0,-0.453564,0.433325,KEN,IND,850990
8516898,121,104,9314,2015,42583.0,15236.0,1.900653,0.859406,KOR,IND,850990
8516899,122,104,9314,2015,0.0,3163.0,-0.352023,-1.153057,KWT,IND,850990
8516900,128,104,9314,2015,0.0,165545.0,-0.6773399999999999,0.386343,LKA,IND,850990
8516901,137,104,9314,2015,0.0,1287.0,-0.321571,-0.858751,MDV,IND,850990
8516902,138,104,9314,2015,0.0,31695.0,1.169724,0.61457,MEX,IND,850990
8516903,143,104,9314,2015,0.0,34041.0,-1.4596120000000001,-0.903904,MMR,IND,850990
8516904,151,104,9314,2015,0.0,26529.0,-0.231762,-0.195051,MUS,IND,850990
8516905,153,104,9314,2015,6236.0,16305.0,1.082803,0.811615,MYS,IND,850990
8516906,159,104,9314,2015,0.0,8199.0,-1.415451,-1.157829,NGA,IND,850990
8516907,162,104,9314,2015,10566.0,4300.0,1.230104,1.27344,NLD,IND,850990
8516908,164,104,9314,2015,0.0,38543.0,-0.290416,0.456716,NPL,IND,850990
8516909,167,104,9314,2015,0.0,2350.0,-0.4699,-1.00451,OMN,IND,850990
8516910,169,104,9314,2015,0.0,1543.0,0.642058,0.833392,PAN,IND,850990
8516911,173,104,9314,2015,0.0,2330.0,-0.6007819999999999,0.32152800000000004,PER,IND,850990
8516912,174,104,9314,2015,0.0,1643.0,0.6406270000000001,0.45770200000000005,PHL,IND,850990
8516913,177,104,9314,2015,10689.0,0.0,1.145844,1.1449280000000002,POL,IND,850990
8516914,180,104,9314,2015,0.0,3042.0,-0.471106,-0.9431139999999999,PRY,IND,850990
8516915,183,104,9314,2015,0.0,1692.0,-0.077053,-0.9922719999999999,QAT,IND,850990
8516916,188,104,9314,2015,0.0,17828.0,0.5552520000000001,-0.7263229999999999,SAU,IND,850990
8516917,192,104,9314,2015,20007.0,12207.0,2.05613,0.593065,SGP,IND,850990
8516918,196,104,9314,2015,0.0,6508.0,0.072324,-0.255235,SLE,IND,850990
8516919,206,104,9314,2015,0.0,3328.0,1.287133,0.7900560000000001,SVK,IND,850990
8516920,207,104,9314,2015,18904.0,0.0,1.6089879999999999,0.833616,SVN,IND,850990
8516921,208,104,9314,2015,14094.0,0.0,1.8068349999999997,0.693389,SWE,IND,850990
8516922,209,104,9314,2015,1842.0,0.0,0.257467,-0.402491,SWZ,IND,850990
8516923,216,104,9314,2015,1360.0,5549.0,0.965888,1.368572,THA,IND,850990
8516924,224,104,9314,2015,7212.0,0.0,0.438669,2.519632,TUR,IND,850990
8516925,226,104,9314,2015,0.0,1759.0,-1.02395,-0.017509999999999998,TZA,IND,850990
8516926,227,104,9314,2015,0.0,2193.0,-0.611023,0.078961,UGA,IND,850990
8516927,231,104,9314,2015,620093.0,9250293.0,1.720478,-0.129322,USA,IND,850990
8516928,242,104,9314,2015,0.0,1076.0,0.351057,-0.158431,WSM,IND,850990
8516929,243,104,9314,2015,0.0,19033.0,-1.048632,-1.10843,YEM,IND,850990
8516930,246,104,9314,2015,0.0,2747.0,0.24944699999999997,1.7573159999999999,ZAF,IND,850990
8516931,248,104,9314,2015,0.0,35915.0,-0.838017,-0.9400270000000001,ZWE,IND,850990
8516932,249,104,9314,2015,1605470.0,3075.0,1.962832,1.214982,TWN,IND,850990
8516933,250,104,9314,2015,72614.0,0.0,0.377283,-0.092204,ANS,IND,850990
8516934,2,110,9314,2015,0.0,695.0,-1.6542,-1.2598989999999999,AGO,ISR,850990
8516935,14,110,9314,2015,7094.0,0.0,-0.292325,-0.043489,AUS,ISR,850990
8516936,18,110,9314,2015,88223.0,2930.0,1.329866,1.100641,BEL,ISR,850990
8516937,32,110,9314,2015,1815.0,0.0,0.23656799999999997,0.688607,BRA,ISR,850990
8516938,37,110,9314,2015,0.0,4920.0,-0.14164200000000002,-1.0372059999999999,BWA,ISR,850990
8516939,39,110,9314,2015,10607.0,10815.0,0.695867,1.171676,CAN,ISR,850990
8516940,41,110,9314,2015,6191.0,0.0,2.306075,0.720781,CHE,ISR,850990
8516941,43,110,9314,2015,581146.0,0.0,1.077143,1.735757,CHN,ISR,850990
8516942,59,110,9314,2015,955.0,2174.0,1.743012,0.45424,CZE,ISR,850990
8516943,61,110,9314,2015,301392.0,5806.0,2.203818,-2.307561,DEU,ISR,850990
8516944,64,110,9314,2015,691.0,2024.0,1.157924,1.2045629999999998,DNK,ISR,850990
8516945,71,110,9314,2015,106480.0,10882.0,0.8173590000000001,2.442556,ESP,ISR,850990
8516946,77,110,9314,2015,64025.0,114382.0,1.479792,0.6490239999999999,FRA,ISR,850990
8516947,81,110,9314,2015,75444.0,0.0,1.7422990000000003,0.75838,GBR,ISR,850990
8516948,90,110,9314,2015,0.0,28688.0,0.099027,1.012289,GRC,ISR,850990
8516949,97,110,9314,2015,138443.0,0.0,0.8255290000000001,1.8017279999999998,HKG,ISR,850990
8516950,104,110,9314,2015,0.0,17274.0,0.24230900000000002,2.8190880000000003,IND,ISR,850990
8516951,106,110,9314,2015,2139.0,0.0,1.304942,0.126431,IRL,ISR,850990
8516952,111,110,9314,2015,585430.0,29806.0,1.321127,0.747046,ITA,ISR,850990
8516953,113,110,9314,2015,3312.0,0.0,0.121172,0.457301,JOR,ISR,850990
8516954,114,110,9314,2015,0.0,1578.0,2.516133,-0.484202,JPN,ISR,850990
8516955,121,110,9314,2015,33332.0,0.0,1.900653,0.859406,KOR,ISR,850990
8516956,162,110,9314,2015,109791.0,14528.0,1.230104,1.27344,NLD,ISR,850990
8516957,163,110,9314,2015,0.0,9443.0,0.950708,0.314339,NOR,ISR,850990
8516958,177,110,9314,2015,2401.0,0.0,1.145844,1.1449280000000002,POL,ISR,850990
8516959,179,110,9314,2015,1852.0,0.0,0.561922,2.2276380000000002,PRT,ISR,850990
8516960,181,110,9314,2015,0.0,851038.0,0.060575,0.5649489999999999,PSE,ISR,850990
8516961,186,110,9314,2015,935.0,0.0,0.23119,0.035965,RUS,ISR,850990
8516962,192,110,9314,2015,15017.0,16670.0,2.05613,0.593065,SGP,ISR,850990
8516963,206,110,9314,2015,8229.0,0.0,1.287133,0.7900560000000001,SVK,ISR,850990
8516964,208,110,9314,2015,22743.0,7279.0,1.8068349999999997,0.693389,SWE,ISR,850990
8516965,224,110,9314,2015,21033.0,0.0,0.438669,2.519632,TUR,ISR,850990
8516966,231,110,9314,2015,899749.0,148786.0,1.720478,-0.129322,USA,ISR,850990
8516967,249,110,9314,2015,3420.0,0.0,1.962832,1.214982,TWN,ISR,850990
8516968,2,111,9314,2015,0.0,8644.0,-1.6542,-1.2598989999999999,AGO,ITA,850990
8516969,4,111,9314,2015,239842.0,40644.0,-0.601875,-0.27003,ALB,ITA,850990
8516970,7,111,9314,2015,93278.0,571020.0,0.21779600000000002,-0.0047420000000000006,ARE,ITA,850990
8516971,8,111,9314,2015,0.0,162863.0,0.116896,0.30330999999999997,ARG,ITA,850990
8516972,9,111,9314,2015,0.0,1582.0,0.037579,-0.42448800000000003,ARM,ITA,850990
8516973,13,111,9314,2015,0.0,1182.0,0.43318,-0.552045,ATG,ITA,850990
8516974,14,111,9314,2015,3249.0,1131332.0,-0.292325,-0.043489,AUS,ITA,850990
8516975,15,111,9314,2015,235843.0,4230645.0,1.747098,-0.08026699999999999,AUT,ITA,850990
8516976,16,111,9314,2015,0.0,30295.0,-0.983347,-1.231542,AZE,ITA,850990
8516977,18,111,9314,2015,1246131.0,675159.0,1.329866,1.100641,BEL,ITA,850990
8516978,23,111,9314,2015,15701.0,268003.0,0.45640699999999995,1.691455,BGR,ITA,850990
8516979,24,111,9314,2015,0.0,47698.0,0.36650900000000003,-0.28735,BHR,ITA,850990
8516980,26,111,9314,2015,0.0,168722.0,0.355903,0.723092,BIH,ITA,850990
8516981,28,111,9314,2015,0.0,91385.0,0.672499,0.5584020000000001,BLR,ITA,850990
8516982,31,111,9314,2015,0.0,1104.0,-1.051562,-1.067714,BOL,ITA,850990
8516983,32,111,9314,2015,0.0,906087.0,0.23656799999999997,0.688607,BRA,ITA,850990
8516984,34,111,9314,2015,0.0,1011.0,1.093564,-0.679211,BRN,ITA,850990
8516985,39,111,9314,2015,44563.0,496352.0,0.695867,1.171676,CAN,ITA,850990
8516986,41,111,9314,2015,94412.0,2853957.0,2.306075,0.720781,CHE,ITA,850990
8516987,42,111,9314,2015,0.0,69368.0,-0.356167,-0.47629399999999994,CHL,ITA,850990
8516988,43,111,9314,2015,20253878.0,1169445.0,1.077143,1.735757,CHN,ITA,850990
8516989,45,111,9314,2015,0.0,10900.0,-0.924366,-1.040721,CMR,ITA,850990
8516990,47,111,9314,2015,0.0,1893.0,-1.294823,-1.18811,COG,ITA,850990
8516991,49,111,9314,2015,0.0,119973.0,0.156383,-0.183055,COL,ITA,850990
8516992,51,111,9314,2015,0.0,1413.0,-0.263621,-0.772158,CPV,ITA,850990
8516993,52,111,9314,2015,0.0,15025.0,0.24859699999999998,-0.033143,CRI,ITA,850990
8516994,54,111,9314,2015,0.0,147796.0,-0.694839,-1.093439,CUB,ITA,850990
8516995,58,111,9314,2015,0.0,137138.0,0.511225,-0.207261,CYP,ITA,850990
8516996,59,111,9314,2015,311033.0,2624870.0,1.743012,0.45424,CZE,ITA,850990
8516997,61,111,9314,2015,40446696.0,23641498.0,2.203818,-2.307561,DEU,ITA,850990
8516998,64,111,9314,2015,26278.0,450040.0,1.157924,1.2045629999999998,DNK,ITA,850990
8516999,65,111,9314,2015,0.0,1435.0,-0.212808,0.395873,DOM,ITA,850990
8517000,66,111,9314,2015,0.0,85682.0,-1.54346,-1.255633,DZA,ITA,850990
8517001,67,111,9314,2015,0.0,73395.0,-0.9845959999999999,-1.075639,ECU,ITA,850990
8517002,68,111,9314,2015,0.0,480236.0,-0.183053,1.765036,EGY,ITA,850990
8517003,69,111,9314,2015,0.0,2660.0,-1.7745669999999998,-1.013696,ERI,ITA,850990
8517004,71,111,9314,2015,1000162.0,2284410.0,0.8173590000000001,2.442556,ESP,ITA,850990
8517005,72,111,9314,2015,21558.0,62735.0,0.9281149999999999,1.1780389999999998,EST,ITA,850990
8517006,73,111,9314,2015,0.0,5767.0,-1.004896,-0.721019,ETH,ITA,850990
8517007,74,111,9314,2015,31733.0,444800.0,1.597817,0.998059,FIN,ITA,850990
8517008,77,111,9314,2015,1925821.0,6597062.0,1.479792,0.6490239999999999,FRA,ITA,850990
8517009,78,111,9314,2015,0.0,3819.0,-0.700767,-0.9214399999999999,FRO,ITA,850990
8517010,81,111,9314,2015,351189.0,4155223.0,1.7422990000000003,0.75838,GBR,ITA,850990
8517011,82,111,9314,2015,0.0,5719.0,-0.343663,-0.588017,GEO,ITA,850990
8517012,83,111,9314,2015,0.0,5221.0,-0.750568,-0.690257,GHA,ITA,850990
8517013,85,111,9314,2015,0.0,10123.0,-1.288329,-1.167532,GIN,ITA,850990
8517014,89,111,9314,2015,0.0,4388.0,-1.585577,-0.9044979999999999,GNQ,ITA,850990
8517015,90,111,9314,2015,39396.0,515023.0,0.099027,1.012289,GRC,ITA,850990
8517016,93,111,9314,2015,0.0,10065.0,-0.284403,0.525564,GTM,ITA,850990
8517017,97,111,9314,2015,88187.0,691738.0,0.8255290000000001,1.8017279999999998,HKG,ITA,850990
8517018,99,111,9314,2015,0.0,29028.0,-0.578635,-0.292053,HND,ITA,850990
8517019,100,111,9314,2015,2153.0,216223.0,0.7590140000000001,1.257415,HRV,ITA,850990
8517020,102,111,9314,2015,383557.0,409153.0,1.462839,0.803258,HUN,ITA,850990
8517021,103,111,9314,2015,2320.0,50347.0,-0.145103,1.277362,IDN,ITA,850990
8517022,104,111,9314,2015,35234.0,249136.0,0.24230900000000002,2.8190880000000003,IND,ITA,850990
8517023,106,111,9314,2015,3206.0,79651.0,1.304942,0.126431,IRL,ITA,850990
8517024,107,111,9314,2015,0.0,22794.0,-0.258946,-0.0073420000000000004,IRN,ITA,850990
8517025,108,111,9314,2015,0.0,108446.0,-1.465803,-0.912113,IRQ,ITA,850990
8517026,109,111,9314,2015,0.0,9469.0,0.24527600000000002,-0.411616,ISL,ITA,850990
8517027,110,111,9314,2015,29806.0,585430.0,1.260071,0.545545,ISR,ITA,850990
8517028,113,111,9314,2015,0.0,84629.0,0.121172,0.457301,JOR,ITA,850990
8517029,114,111,9314,2015,67365.0,254351.0,2.516133,-0.484202,JPN,ITA,850990
8517030,115,111,9314,2015,0.0,8283.0,-0.45091499999999995,-0.652026,KAZ,ITA,850990
8517031,116,111,9314,2015,0.0,23165.0,-0.453564,0.433325,KEN,ITA,850990
8517032,118,111,9314,2015,0.0,1062.0,-0.791985,-0.833046,KHM,ITA,850990
8517033,121,111,9314,2015,208287.0,435946.0,1.900653,0.859406,KOR,ITA,850990
8517034,122,111,9314,2015,0.0,207355.0,-0.352023,-1.153057,KWT,ITA,850990
8517035,124,111,9314,2015,0.0,141287.0,0.317355,1.330374,LBN,ITA,850990
8517036,126,111,9314,2015,0.0,187350.0,-1.3257219999999998,-1.260453,LBY,ITA,850990
8517037,128,111,9314,2015,0.0,57595.0,-0.6773399999999999,0.386343,LKA,ITA,850990
8517038,130,111,9314,2015,384603.0,919605.0,0.749429,1.3659860000000001,LTU,ITA,850990
8517039,131,111,9314,2015,2740.0,51621.0,1.218924,1.247152,LUX,ITA,850990
8517040,132,111,9314,2015,2695.0,43452.0,0.602209,1.125357,LVA,ITA,850990
8517041,134,111,9314,2015,0.0,188776.0,-0.7554810000000001,-0.059697,MAR,ITA,850990
8517042,135,111,9314,2015,0.0,6247.0,-0.313837,-0.20393,MDA,ITA,850990
8517043,136,111,9314,2015,0.0,1088.0,-1.15947,-0.497217,MDG,ITA,850990
8517044,137,111,9314,2015,0.0,5748.0,-0.321571,-0.858751,MDV,ITA,850990
8517045,138,111,9314,2015,9882.0,200023.0,1.169724,0.61457,MEX,ITA,850990
8517046,140,111,9314,2015,0.0,51395.0,-0.09009600000000001,-0.147359,MKD,ITA,850990
8517047,142,111,9314,2015,418385.0,64731.0,0.880893,-0.117585,MLT,ITA,850990
8517048,143,111,9314,2015,0.0,18927.0,-1.4596120000000001,-0.903904,MMR,ITA,850990
8517049,144,111,9314,2015,0.0,4908.0,-0.048385000000000004,-0.150759,MNE,ITA,850990
8517050,145,111,9314,2015,0.0,1239.0,-1.244368,-1.196677,MNG,ITA,850990
8517051,151,111,9314,2015,0.0,16073.0,-0.231762,-0.195051,MUS,ITA,850990
8517052,153,111,9314,2015,2978.0,42512.0,1.082803,0.811615,MYS,ITA,850990
8517053,156,111,9314,2015,0.0,7157.0,-0.727911,-0.844562,NCL,ITA,850990
8517054,159,111,9314,2015,0.0,287531.0,-1.415451,-1.157829,NGA,ITA,850990
8517055,162,111,9314,2015,2001860.0,1243557.0,1.230104,1.27344,NLD,ITA,850990
8517056,163,111,9314,2015,0.0,483073.0,0.950708,0.314339,NOR,ITA,850990
8517057,164,111,9314,2015,0.0,3486.0,-0.290416,0.456716,NPL,ITA,850990
8517058,166,111,9314,2015,19799.0,79303.0,0.224598,0.253179,NZL,ITA,850990
8517059,167,111,9314,2015,0.0,25623.0,-0.4699,-1.00451,OMN,ITA,850990
8517060,168,111,9314,2015,0.0,4616.0,-0.7059979999999999,0.73501,PAK,ITA,850990
8517061,169,111,9314,2015,0.0,6249.0,0.642058,0.833392,PAN,ITA,850990
8517062,173,111,9314,2015,0.0,18175.0,-0.6007819999999999,0.32152800000000004,PER,ITA,850990
8517063,174,111,9314,2015,0.0,840648.0,0.6406270000000001,0.45770200000000005,PHL,ITA,850990
8517064,177,111,9314,2015,3082324.0,2047077.0,1.145844,1.1449280000000002,POL,ITA,850990
8517065,179,111,9314,2015,26307.0,680321.0,0.561922,2.2276380000000002,PRT,ITA,850990
8517066,183,111,9314,2015,15483.0,121271.0,-0.077053,-0.9922719999999999,QAT,ITA,850990
8517067,185,111,9314,2015,1477136.0,2331378.0,0.946363,1.056775,ROU,ITA,850990
8517068,186,111,9314,2015,0.0,1657254.0,0.23119,0.035965,RUS,ITA,850990
8517069,188,111,9314,2015,0.0,421259.0,0.5552520000000001,-0.7263229999999999,SAU,ITA,850990
8517070,190,111,9314,2015,0.0,1763.0,-1.420356,-1.218424,SDN,ITA,850990
8517071,191,111,9314,2015,0.0,12902.0,-0.708349,-0.296663,SEN,ITA,850990
8517072,192,111,9314,2015,0.0,95790.0,2.05613,0.593065,SGP,ITA,850990
8517073,197,111,9314,2015,0.0,1485.0,0.05531900000000001,0.169073,SLV,ITA,850990
8517074,201,111,9314,2015,2123.0,335603.0,0.457042,1.324908,SRB,ITA,850990
8517075,206,111,9314,2015,27714.0,198007.0,1.287133,0.7900560000000001,SVK,ITA,850990
8517076,207,111,9314,2015,295201.0,403273.0,1.6089879999999999,0.833616,SVN,ITA,850990
8517077,208,111,9314,2015,128720.0,1460111.0,1.8068349999999997,0.693389,SWE,ITA,850990
8517078,211,111,9314,2015,0.0,1204.0,1.017467,-0.285569,SYC,ITA,850990
8517079,212,111,9314,2015,0.0,172501.0,-0.603532,0.313216,SYR,ITA,850990
8517080,216,111,9314,2015,1187.0,224895.0,0.965888,1.368572,THA,ITA,850990
8517081,223,111,9314,2015,48835.0,12052194.0,0.140202,0.967591,TUN,ITA,850990
8517082,224,111,9314,2015,126355.0,943450.0,0.438669,2.519632,TUR,ITA,850990
8517083,226,111,9314,2015,0.0,1059.0,-1.02395,-0.017509999999999998,TZA,ITA,850990
8517084,228,111,9314,2015,0.0,256574.0,0.429879,0.701813,UKR,ITA,850990
8517085,230,111,9314,2015,0.0,37922.0,0.273876,-0.363695,URY,ITA,850990
8517086,231,111,9314,2015,537072.0,2443118.0,1.720478,-0.129322,USA,ITA,850990
8517087,232,111,9314,2015,0.0,1976.0,-0.724966,-0.599292,UZB,ITA,850990
8517088,234,111,9314,2015,0.0,4953.0,0.087811,-0.35481999999999997,VCT,ITA,850990
8517089,236,111,9314,2015,0.0,7615.0,-0.9249129999999999,-1.1877280000000001,VEN,ITA,850990
8517090,239,111,9314,2015,0.0,31017.0,-0.17108900000000002,1.10995,VNM,ITA,850990
8517091,246,111,9314,2015,0.0,294872.0,0.24944699999999997,1.7573159999999999,ZAF,ITA,850990
8517092,249,111,9314,2015,50090.0,290556.0,1.962832,1.214982,TWN,ITA,850990
8517093,52,112,9314,2015,7880.0,0.0,0.24859699999999998,-0.033143,CRI,JAM,850990
8517094,65,112,9314,2015,1959.0,0.0,-0.212808,0.395873,DOM,JAM,850990
8517095,169,112,9314,2015,11067.0,0.0,0.642058,0.833392,PAN,JAM,850990
8517096,231,112,9314,2015,62679.0,0.0,1.720478,-0.129322,USA,JAM,850990
8517097,18,113,9314,2015,25594.0,0.0,1.329866,1.100641,BEL,JOR,850990
8517098,41,113,9314,2015,14676.0,0.0,2.306075,0.720781,CHE,JOR,850990
8517099,43,113,9314,2015,408263.0,0.0,1.077143,1.735757,CHN,JOR,850990
8517100,61,113,9314,2015,6779.0,0.0,2.203818,-2.307561,DEU,JOR,850990
8517101,64,113,9314,2015,7404.0,0.0,1.157924,1.2045629999999998,DNK,JOR,850990
8517102,68,113,9314,2015,2059.0,0.0,-0.183053,1.765036,EGY,JOR,850990
8517103,71,113,9314,2015,1928.0,0.0,0.8173590000000001,2.442556,ESP,JOR,850990
8517104,77,113,9314,2015,25919.0,0.0,1.479792,0.6490239999999999,FRA,JOR,850990
8517105,81,113,9314,2015,14630.0,0.0,1.7422990000000003,0.75838,GBR,JOR,850990
8517106,110,113,9314,2015,0.0,3312.0,1.260071,0.545545,ISR,JOR,850990
8517107,111,113,9314,2015,84629.0,0.0,1.321127,0.747046,ITA,JOR,850990
8517108,121,113,9314,2015,9251.0,0.0,1.900653,0.859406,KOR,JOR,850990
8517109,122,113,9314,2015,72197.0,0.0,-0.352023,-1.153057,KWT,JOR,850990
8517110,124,113,9314,2015,7967.0,0.0,0.317355,1.330374,LBN,JOR,850990
8517111,138,113,9314,2015,1060.0,0.0,1.169724,0.61457,MEX,JOR,850990
8517112,153,113,9314,2015,204000.0,0.0,1.082803,0.811615,MYS,JOR,850990
8517113,177,113,9314,2015,13142.0,0.0,1.145844,1.1449280000000002,POL,JOR,850990
8517114,181,113,9314,2015,0.0,23788.0,0.060575,0.5649489999999999,PSE,JOR,850990
8517115,208,113,9314,2015,2991.0,0.0,1.8068349999999997,0.693389,SWE,JOR,850990
8517116,212,113,9314,2015,85133.0,0.0,-0.603532,0.313216,SYR,JOR,850990
8517117,216,113,9314,2015,1801.0,0.0,0.965888,1.368572,THA,JOR,850990
8517118,224,113,9314,2015,26885.0,0.0,0.438669,2.519632,TUR,JOR,850990
8517119,231,113,9314,2015,26992.0,0.0,1.720478,-0.129322,USA,JOR,850990
8517120,7,114,9314,2015,0.0,5272.0,0.21779600000000002,-0.0047420000000000006,ARE,JPN,850990
8517121,14,114,9314,2015,12577.0,11165.0,-0.292325,-0.043489,AUS,JPN,850990
8517122,15,114,9314,2015,3601.0,9050.0,1.747098,-0.08026699999999999,AUT,JPN,850990
8517123,18,114,9314,2015,3502.0,0.0,1.329866,1.100641,BEL,JPN,850990
8517124,24,114,9314,2015,0.0,3440.0,0.36650900000000003,-0.28735,BHR,JPN,850990
8517125,32,114,9314,2015,10884.0,18297.0,0.23656799999999997,0.688607,BRA,JPN,850990
8517126,34,114,9314,2015,0.0,915.0,1.093564,-0.679211,BRN,JPN,850990
8517127,39,114,9314,2015,2658.0,12783.0,0.695867,1.171676,CAN,JPN,850990
8517128,41,114,9314,2015,312383.0,5941.0,2.306075,0.720781,CHE,JPN,850990
8517129,43,114,9314,2015,73189216.0,12084077.0,1.077143,1.735757,CHN,JPN,850990
8517130,52,114,9314,2015,0.0,1869.0,0.24859699999999998,-0.033143,CRI,JPN,850990
8517131,59,114,9314,2015,29023.0,13639.0,1.743012,0.45424,CZE,JPN,850990
8517132,61,114,9314,2015,1163518.0,128302.0,2.203818,-2.307561,DEU,JPN,850990
8517133,64,114,9314,2015,10037.0,2563.0,1.157924,1.2045629999999998,DNK,JPN,850990
8517134,68,114,9314,2015,0.0,40890.0,-0.183053,1.765036,EGY,JPN,850990
8517135,71,114,9314,2015,19104.0,5020.0,0.8173590000000001,2.442556,ESP,JPN,850990
8517136,72,114,9314,2015,0.0,2861.0,0.9281149999999999,1.1780389999999998,EST,JPN,850990
8517137,74,114,9314,2015,4470.0,9983.0,1.597817,0.998059,FIN,JPN,850990
8517138,77,114,9314,2015,131047.0,26610.0,1.479792,0.6490239999999999,FRA,JPN,850990
8517139,81,114,9314,2015,83529.0,109980.0,1.7422990000000003,0.75838,GBR,JPN,850990
8517140,97,114,9314,2015,6133492.0,3591857.0,0.8255290000000001,1.8017279999999998,HKG,JPN,850990
8517141,102,114,9314,2015,55501.0,10910.0,1.462839,0.803258,HUN,JPN,850990
8517142,103,114,9314,2015,22874.0,232333.0,-0.145103,1.277362,IDN,JPN,850990
8517143,104,114,9314,2015,1517.0,20115.0,0.24230900000000002,2.8190880000000003,IND,JPN,850990
8517144,107,114,9314,2015,0.0,12516.0,-0.258946,-0.0073420000000000004,IRN,JPN,850990
8517145,110,114,9314,2015,1578.0,0.0,1.260071,0.545545,ISR,JPN,850990
8517146,111,114,9314,2015,254351.0,67365.0,1.321127,0.747046,ITA,JPN,850990
8517147,118,114,9314,2015,0.0,10903.0,-0.791985,-0.833046,KHM,JPN,850990
8517148,121,114,9314,2015,3858954.0,265776.0,1.900653,0.859406,KOR,JPN,850990
8517149,122,114,9314,2015,0.0,5482.0,-0.352023,-1.153057,KWT,JPN,850990
8517150,138,114,9314,2015,282046.0,30223.0,1.169724,0.61457,MEX,JPN,850990
8517151,142,114,9314,2015,3262.0,0.0,0.880893,-0.117585,MLT,JPN,850990
8517152,143,114,9314,2015,0.0,42880.0,-1.4596120000000001,-0.903904,MMR,JPN,850990
8517153,153,114,9314,2015,18013620.0,8325294.0,1.082803,0.811615,MYS,JPN,850990
8517154,162,114,9314,2015,3785.0,46762.0,1.230104,1.27344,NLD,JPN,850990
8517155,163,114,9314,2015,0.0,29287.0,0.950708,0.314339,NOR,JPN,850990
8517156,166,114,9314,2015,0.0,9571.0,0.224598,0.253179,NZL,JPN,850990
8517157,168,114,9314,2015,57740.0,0.0,-0.7059979999999999,0.73501,PAK,JPN,850990
8517158,169,114,9314,2015,0.0,2884.0,0.642058,0.833392,PAN,JPN,850990
8517159,174,114,9314,2015,52229.0,697672.0,0.6406270000000001,0.45770200000000005,PHL,JPN,850990
8517160,177,114,9314,2015,45807.0,4856.0,1.145844,1.1449280000000002,POL,JPN,850990
8517161,183,114,9314,2015,0.0,6803.0,-0.077053,-0.9922719999999999,QAT,JPN,850990
8517162,185,114,9314,2015,78956.0,0.0,0.946363,1.056775,ROU,JPN,850990
8517163,186,114,9314,2015,0.0,3382.0,0.23119,0.035965,RUS,JPN,850990
8517164,188,114,9314,2015,0.0,1855.0,0.5552520000000001,-0.7263229999999999,SAU,JPN,850990
8517165,192,114,9314,2015,340684.0,147919.0,2.05613,0.593065,SGP,JPN,850990
8517166,206,114,9314,2015,11294.0,2155.0,1.287133,0.7900560000000001,SVK,JPN,850990
8517167,207,114,9314,2015,43287.0,0.0,1.6089879999999999,0.833616,SVN,JPN,850990
8517168,208,114,9314,2015,20044.0,0.0,1.8068349999999997,0.693389,SWE,JPN,850990
8517169,216,114,9314,2015,2692133.0,333163.0,0.965888,1.368572,THA,JPN,850990
8517170,224,114,9314,2015,0.0,3898.0,0.438669,2.519632,TUR,JPN,850990
8517171,226,114,9314,2015,0.0,2472.0,-1.02395,-0.017509999999999998,TZA,JPN,850990
8517172,231,114,9314,2015,2225786.0,852392.0,1.720478,-0.129322,USA,JPN,850990
8517173,239,114,9314,2015,94967.0,228226.0,-0.17108900000000002,1.10995,VNM,JPN,850990
8517174,249,114,9314,2015,580947.0,258284.0,1.962832,1.214982,TWN,JPN,850990
8517175,2,121,9314,2015,0.0,1979.0,-1.6542,-1.2598989999999999,AGO,KOR,850990
8517176,7,121,9314,2015,0.0,95438.0,0.21779600000000002,-0.0047420000000000006,ARE,KOR,850990
8517177,8,121,9314,2015,0.0,1870.0,0.116896,0.30330999999999997,ARG,KOR,850990
8517178,14,121,9314,2015,1135.0,287992.0,-0.292325,-0.043489,AUS,KOR,850990
8517179,15,121,9314,2015,0.0,11680.0,1.747098,-0.08026699999999999,AUT,KOR,850990
8517180,18,121,9314,2015,2534.0,38781.0,1.329866,1.100641,BEL,KOR,850990
8517181,23,121,9314,2015,0.0,4878.0,0.45640699999999995,1.691455,BGR,KOR,850990
8517182,24,121,9314,2015,0.0,2810.0,0.36650900000000003,-0.28735,BHR,KOR,850990
8517183,26,121,9314,2015,0.0,426.0,0.355903,0.723092,BIH,KOR,850990
8517184,28,121,9314,2015,0.0,3598.0,0.672499,0.5584020000000001,BLR,KOR,850990
8517185,31,121,9314,2015,0.0,3106.0,-1.051562,-1.067714,BOL,KOR,850990
8517186,32,121,9314,2015,0.0,11441.0,0.23656799999999997,0.688607,BRA,KOR,850990
8517187,34,121,9314,2015,0.0,16070.0,1.093564,-0.679211,BRN,KOR,850990
8517188,39,121,9314,2015,31639.0,696813.0,0.695867,1.171676,CAN,KOR,850990
8517189,41,121,9314,2015,20498.0,60708.0,2.306075,0.720781,CHE,KOR,850990
8517190,42,121,9314,2015,0.0,5438.0,-0.356167,-0.47629399999999994,CHL,KOR,850990
8517191,43,121,9314,2015,9096882.0,6439076.0,1.077143,1.735757,CHN,KOR,850990
8517192,45,121,9314,2015,2426.0,0.0,-0.924366,-1.040721,CMR,KOR,850990
8517193,49,121,9314,2015,0.0,8866.0,0.156383,-0.183055,COL,KOR,850990
8517194,59,121,9314,2015,48742.0,209613.0,1.743012,0.45424,CZE,KOR,850990
8517195,61,121,9314,2015,577501.0,680853.0,2.203818,-2.307561,DEU,KOR,850990
8517196,64,121,9314,2015,18512.0,65876.0,1.157924,1.2045629999999998,DNK,KOR,850990
8517197,65,121,9314,2015,0.0,44747.0,-0.212808,0.395873,DOM,KOR,850990
8517198,67,121,9314,2015,0.0,3215.0,-0.9845959999999999,-1.075639,ECU,KOR,850990
8517199,68,121,9314,2015,0.0,2045.0,-0.183053,1.765036,EGY,KOR,850990
8517200,71,121,9314,2015,15584.0,131555.0,0.8173590000000001,2.442556,ESP,KOR,850990
8517201,72,121,9314,2015,0.0,37847.0,0.9281149999999999,1.1780389999999998,EST,KOR,850990
8517202,74,121,9314,2015,1343.0,76941.0,1.597817,0.998059,FIN,KOR,850990
8517203,77,121,9314,2015,282968.0,210718.0,1.479792,0.6490239999999999,FRA,KOR,850990
8517204,81,121,9314,2015,165839.0,83583.0,1.7422990000000003,0.75838,GBR,KOR,850990
8517205,82,121,9314,2015,0.0,2475.0,-0.343663,-0.588017,GEO,KOR,850990
8517206,93,121,9314,2015,0.0,2257.0,-0.284403,0.525564,GTM,KOR,850990
8517207,97,121,9314,2015,20450.0,92040.0,0.8255290000000001,1.8017279999999998,HKG,KOR,850990
8517208,100,121,9314,2015,0.0,28648.0,0.7590140000000001,1.257415,HRV,KOR,850990
8517209,101,121,9314,2015,0.0,3131.0,-1.288246,-1.018979,HTI,KOR,850990
8517210,102,121,9314,2015,166009.0,2705.0,1.462839,0.803258,HUN,KOR,850990
8517211,103,121,9314,2015,0.0,69985.0,-0.145103,1.277362,IDN,KOR,850990
8517212,104,121,9314,2015,15236.0,42583.0,0.24230900000000002,2.8190880000000003,IND,KOR,850990
8517213,107,121,9314,2015,916.0,6506423.0,-0.258946,-0.0073420000000000004,IRN,KOR,850990
8517214,109,121,9314,2015,0.0,5437.0,0.24527600000000002,-0.411616,ISL,KOR,850990
8517215,110,121,9314,2015,0.0,33332.0,1.260071,0.545545,ISR,KOR,850990
8517216,111,121,9314,2015,435946.0,208287.0,1.321127,0.747046,ITA,KOR,850990
8517217,113,121,9314,2015,0.0,9251.0,0.121172,0.457301,JOR,KOR,850990
8517218,114,121,9314,2015,265776.0,3858954.0,2.516133,-0.484202,JPN,KOR,850990
8517219,115,121,9314,2015,0.0,1059.0,-0.45091499999999995,-0.652026,KAZ,KOR,850990
8517220,118,121,9314,2015,0.0,3334.0,-0.791985,-0.833046,KHM,KOR,850990
8517221,122,121,9314,2015,0.0,3564.0,-0.352023,-1.153057,KWT,KOR,850990
8517222,124,121,9314,2015,4890.0,980.0,0.317355,1.330374,LBN,KOR,850990
8517223,130,121,9314,2015,0.0,11603.0,0.749429,1.3659860000000001,LTU,KOR,850990
8517224,131,121,9314,2015,0.0,195.0,1.218924,1.247152,LUX,KOR,850990
8517225,134,121,9314,2015,0.0,3569.0,-0.7554810000000001,-0.059697,MAR,KOR,850990
8517226,135,121,9314,2015,0.0,1481.0,-0.313837,-0.20393,MDA,KOR,850990
8517227,138,121,9314,2015,26185.0,122530.0,1.169724,0.61457,MEX,KOR,850990
8517228,140,121,9314,2015,0.0,1565.0,-0.09009600000000001,-0.147359,MKD,KOR,850990
8517229,143,121,9314,2015,0.0,4969.0,-1.4596120000000001,-0.903904,MMR,KOR,850990
8517230,145,121,9314,2015,0.0,6786.0,-1.244368,-1.196677,MNG,KOR,850990
8517231,153,121,9314,2015,1136320.0,335786.0,1.082803,0.811615,MYS,KOR,850990
8517232,159,121,9314,2015,0.0,109934.0,-1.415451,-1.157829,NGA,KOR,850990
8517233,162,121,9314,2015,4132.0,361715.0,1.230104,1.27344,NLD,KOR,850990
8517234,163,121,9314,2015,0.0,25544.0,0.950708,0.314339,NOR,KOR,850990
8517235,166,121,9314,2015,0.0,26649.0,0.224598,0.253179,NZL,KOR,850990
8517236,169,121,9314,2015,0.0,36040.0,0.642058,0.833392,PAN,KOR,850990
8517237,173,121,9314,2015,0.0,5120.0,-0.6007819999999999,0.32152800000000004,PER,KOR,850990
8517238,174,121,9314,2015,0.0,39905.0,0.6406270000000001,0.45770200000000005,PHL,KOR,850990
8517239,177,121,9314,2015,65290.0,389550.0,1.145844,1.1449280000000002,POL,KOR,850990
8517240,179,121,9314,2015,3798.0,181952.0,0.561922,2.2276380000000002,PRT,KOR,850990
8517241,182,121,9314,2015,0.0,3978.0,-0.301696,-0.795154,PYF,KOR,850990
8517242,183,121,9314,2015,0.0,9137.0,-0.077053,-0.9922719999999999,QAT,KOR,850990
8517243,185,121,9314,2015,3059.0,15138.0,0.946363,1.056775,ROU,KOR,850990
8517244,186,121,9314,2015,1385.0,336792.0,0.23119,0.035965,RUS,KOR,850990
8517245,188,121,9314,2015,0.0,38601.0,0.5552520000000001,-0.7263229999999999,SAU,KOR,850990
8517246,192,121,9314,2015,502020.0,232470.0,2.05613,0.593065,SGP,KOR,850990
8517247,201,121,9314,2015,0.0,5435.0,0.457042,1.324908,SRB,KOR,850990
8517248,206,121,9314,2015,0.0,65094.0,1.287133,0.7900560000000001,SVK,KOR,850990
8517249,207,121,9314,2015,60118.0,53448.0,1.6089879999999999,0.833616,SVN,KOR,850990
8517250,208,121,9314,2015,31428.0,28668.0,1.8068349999999997,0.693389,SWE,KOR,850990
8517251,216,121,9314,2015,19820.0,101932.0,0.965888,1.368572,THA,KOR,850990
8517252,224,121,9314,2015,950.0,60573.0,0.438669,2.519632,TUR,KOR,850990
8517253,226,121,9314,2015,1022.0,0.0,-1.02395,-0.017509999999999998,TZA,KOR,850990
8517254,228,121,9314,2015,0.0,46268.0,0.429879,0.701813,UKR,KOR,850990
8517255,230,121,9314,2015,0.0,1957.0,0.273876,-0.363695,URY,KOR,850990
8517256,231,121,9314,2015,9836046.0,4327860.0,1.720478,-0.129322,USA,KOR,850990
8517257,232,121,9314,2015,0.0,1677085.0,-0.724966,-0.599292,UZB,KOR,850990
8517258,237,121,9314,2015,0.0,2332.0,0.914493,-0.31357399999999996,VGB,KOR,850990
8517259,239,121,9314,2015,3550234.0,30389812.0,-0.17108900000000002,1.10995,VNM,KOR,850990
8517260,246,121,9314,2015,0.0,6719.0,0.24944699999999997,1.7573159999999999,ZAF,KOR,850990
8517261,249,121,9314,2015,17829.0,187075.0,1.962832,1.214982,TWN,KOR,850990
8517262,7,122,9314,2015,328207.0,164590.0,0.21779600000000002,-0.0047420000000000006,ARE,KWT,850990
8517263,18,122,9314,2015,1567.0,0.0,1.329866,1.100641,BEL,KWT,850990
8517264,23,122,9314,2015,0.0,2469.0,0.45640699999999995,1.691455,BGR,KWT,850990
8517265,24,122,9314,2015,63854.0,0.0,0.36650900000000003,-0.28735,BHR,KWT,850990
8517266,41,122,9314,2015,4158.0,0.0,2.306075,0.720781,CHE,KWT,850990
8517267,43,122,9314,2015,72062.0,0.0,1.077143,1.735757,CHN,KWT,850990
8517268,59,122,9314,2015,11419.0,0.0,1.743012,0.45424,CZE,KWT,850990
8517269,61,122,9314,2015,202795.0,0.0,2.203818,-2.307561,DEU,KWT,850990
8517270,64,122,9314,2015,1124.0,0.0,1.157924,1.2045629999999998,DNK,KWT,850990
8517271,71,122,9314,2015,13491.0,0.0,0.8173590000000001,2.442556,ESP,KWT,850990
8517272,77,122,9314,2015,15754.0,0.0,1.479792,0.6490239999999999,FRA,KWT,850990
8517273,81,122,9314,2015,41139.0,0.0,1.7422990000000003,0.75838,GBR,KWT,850990
8517274,90,122,9314,2015,1814.0,0.0,0.099027,1.012289,GRC,KWT,850990
8517275,97,122,9314,2015,842.0,0.0,0.8255290000000001,1.8017279999999998,HKG,KWT,850990
8517276,102,122,9314,2015,5352.0,0.0,1.462839,0.803258,HUN,KWT,850990
8517277,103,122,9314,2015,1065.0,0.0,-0.145103,1.277362,IDN,KWT,850990
8517278,104,122,9314,2015,3163.0,0.0,0.24230900000000002,2.8190880000000003,IND,KWT,850990
8517279,107,122,9314,2015,0.0,23005.0,-0.258946,-0.0073420000000000004,IRN,KWT,850990
8517280,108,122,9314,2015,0.0,13896.0,-1.465803,-0.912113,IRQ,KWT,850990
8517281,111,122,9314,2015,207355.0,0.0,1.321127,0.747046,ITA,KWT,850990
8517282,113,122,9314,2015,0.0,72197.0,0.121172,0.457301,JOR,KWT,850990
8517283,114,122,9314,2015,5482.0,0.0,2.516133,-0.484202,JPN,KWT,850990
8517284,121,122,9314,2015,3564.0,0.0,1.900653,0.859406,KOR,KWT,850990
8517285,124,122,9314,2015,2834.0,0.0,0.317355,1.330374,LBN,KWT,850990
8517286,130,122,9314,2015,1521.0,0.0,0.749429,1.3659860000000001,LTU,KWT,850990
8517287,153,122,9314,2015,2805.0,0.0,1.082803,0.811615,MYS,KWT,850990
8517288,162,122,9314,2015,2877.0,4926.0,1.230104,1.27344,NLD,KWT,850990
8517289,163,122,9314,2015,881.0,0.0,0.950708,0.314339,NOR,KWT,850990
8517290,167,122,9314,2015,0.0,35302.0,-0.4699,-1.00451,OMN,KWT,850990
8517291,177,122,9314,2015,2879.0,0.0,1.145844,1.1449280000000002,POL,KWT,850990
8517292,179,122,9314,2015,758.0,0.0,0.561922,2.2276380000000002,PRT,KWT,850990
8517293,185,122,9314,2015,11068.0,0.0,0.946363,1.056775,ROU,KWT,850990
8517294,188,122,9314,2015,0.0,16621.0,0.5552520000000001,-0.7263229999999999,SAU,KWT,850990
8517295,192,122,9314,2015,8607.0,0.0,2.05613,0.593065,SGP,KWT,850990
8517296,207,122,9314,2015,7156.0,0.0,1.6089879999999999,0.833616,SVN,KWT,850990
8517297,208,122,9314,2015,11839.0,0.0,1.8068349999999997,0.693389,SWE,KWT,850990
8517298,216,122,9314,2015,2568.0,0.0,0.965888,1.368572,THA,KWT,850990
8517299,224,122,9314,2015,13069.0,0.0,0.438669,2.519632,TUR,KWT,850990
8517300,231,122,9314,2015,295652.0,0.0,1.720478,-0.129322,USA,KWT,850990
8517301,249,122,9314,2015,8355.0,0.0,1.962832,1.214982,TWN,KWT,850990
8517302,7,138,9314,2015,0.0,31642.0,0.21779600000000002,-0.0047420000000000006,ARE,MEX,850990
8517303,8,138,9314,2015,0.0,218261.0,0.116896,0.30330999999999997,ARG,MEX,850990
8517304,14,138,9314,2015,0.0,84696.0,-0.292325,-0.043489,AUS,MEX,850990
8517305,15,138,9314,2015,1761.0,8272.0,1.747098,-0.08026699999999999,AUT,MEX,850990
8517306,18,138,9314,2015,2154.0,796279.0,1.329866,1.100641,BEL,MEX,850990
8517307,24,138,9314,2015,0.0,1246.0,0.36650900000000003,-0.28735,BHR,MEX,850990
8517308,29,138,9314,2015,0.0,890.0,-0.24283600000000002,-0.577408,BLZ,MEX,850990
8517309,31,138,9314,2015,0.0,3607.0,-1.051562,-1.067714,BOL,MEX,850990
8517310,32,138,9314,2015,26914.0,114662.0,0.23656799999999997,0.688607,BRA,MEX,850990
8517311,39,138,9314,2015,7510.0,4650752.0,0.695867,1.171676,CAN,MEX,850990
8517312,41,138,9314,2015,12664.0,22934.0,2.306075,0.720781,CHE,MEX,850990
8517313,42,138,9314,2015,774.0,122028.0,-0.356167,-0.47629399999999994,CHL,MEX,850990
8517314,43,138,9314,2015,9310840.0,1407480.0,1.077143,1.735757,CHN,MEX,850990
8517315,49,138,9314,2015,0.0,1285588.0,0.156383,-0.183055,COL,MEX,850990
8517316,52,138,9314,2015,0.0,81090.0,0.24859699999999998,-0.033143,CRI,MEX,850990
8517317,59,138,9314,2015,0.0,475344.0,1.743012,0.45424,CZE,MEX,850990
8517318,61,138,9314,2015,610607.0,86344.0,2.203818,-2.307561,DEU,MEX,850990
8517319,64,138,9314,2015,1078.0,3109.0,1.157924,1.2045629999999998,DNK,MEX,850990
8517320,65,138,9314,2015,0.0,67764.0,-0.212808,0.395873,DOM,MEX,850990
8517321,67,138,9314,2015,0.0,171763.0,-0.9845959999999999,-1.075639,ECU,MEX,850990
8517322,71,138,9314,2015,31487.0,30871.0,0.8173590000000001,2.442556,ESP,MEX,850990
8517323,74,138,9314,2015,0.0,62146.0,1.597817,0.998059,FIN,MEX,850990
8517324,77,138,9314,2015,25219.0,174607.0,1.479792,0.6490239999999999,FRA,MEX,850990
8517325,81,138,9314,2015,1504.0,86834.0,1.7422990000000003,0.75838,GBR,MEX,850990
8517326,93,138,9314,2015,0.0,196385.0,-0.284403,0.525564,GTM,MEX,850990
8517327,97,138,9314,2015,116427.0,2129783.0,0.8255290000000001,1.8017279999999998,HKG,MEX,850990
8517328,99,138,9314,2015,0.0,18243.0,-0.578635,-0.292053,HND,MEX,850990
8517329,102,138,9314,2015,123900.0,0.0,1.462839,0.803258,HUN,MEX,850990
8517330,103,138,9314,2015,344148.0,0.0,-0.145103,1.277362,IDN,MEX,850990
8517331,104,138,9314,2015,31695.0,0.0,0.24230900000000002,2.8190880000000003,IND,MEX,850990
8517332,109,138,9314,2015,0.0,19.0,0.24527600000000002,-0.411616,ISL,MEX,850990
8517333,111,138,9314,2015,200023.0,9882.0,1.321127,0.747046,ITA,MEX,850990
8517334,113,138,9314,2015,0.0,1060.0,0.121172,0.457301,JOR,MEX,850990
8517335,114,138,9314,2015,30223.0,282046.0,2.516133,-0.484202,JPN,MEX,850990
8517336,121,138,9314,2015,122530.0,26185.0,1.900653,0.859406,KOR,MEX,850990
8517337,124,138,9314,2015,0.0,2775.0,0.317355,1.330374,LBN,MEX,850990
8517338,130,138,9314,2015,0.0,3195.0,0.749429,1.3659860000000001,LTU,MEX,850990
8517339,153,138,9314,2015,2132.0,2098.0,1.082803,0.811615,MYS,MEX,850990
8517340,160,138,9314,2015,0.0,17900.0,-1.102989,-0.952276,NIC,MEX,850990
8517341,162,138,9314,2015,0.0,13098.0,1.230104,1.27344,NLD,MEX,850990
8517342,163,138,9314,2015,0.0,120847.0,0.950708,0.314339,NOR,MEX,850990
8517343,166,138,9314,2015,0.0,40186.0,0.224598,0.253179,NZL,MEX,850990
8517344,169,138,9314,2015,0.0,20971.0,0.642058,0.833392,PAN,MEX,850990
8517345,173,138,9314,2015,0.0,509688.0,-0.6007819999999999,0.32152800000000004,PER,MEX,850990
8517346,177,138,9314,2015,28392.0,61174.0,1.145844,1.1449280000000002,POL,MEX,850990
8517347,183,138,9314,2015,0.0,1719.0,-0.077053,-0.9922719999999999,QAT,MEX,850990
8517348,185,138,9314,2015,0.0,485111.0,0.946363,1.056775,ROU,MEX,850990
8517349,186,138,9314,2015,0.0,19341.0,0.23119,0.035965,RUS,MEX,850990
8517350,192,138,9314,2015,0.0,25332.0,2.05613,0.593065,SGP,MEX,850990
8517351,197,138,9314,2015,0.0,82086.0,0.05531900000000001,0.169073,SLV,MEX,850990
8517352,206,138,9314,2015,1141.0,5601.0,1.287133,0.7900560000000001,SVK,MEX,850990
8517353,207,138,9314,2015,6592.0,69771.0,1.6089879999999999,0.833616,SVN,MEX,850990
8517354,208,138,9314,2015,1416.0,57154.0,1.8068349999999997,0.693389,SWE,MEX,850990
8517355,222,138,9314,2015,0.0,3386.0,-0.462837,-1.117621,TTO,MEX,850990
8517356,224,138,9314,2015,0.0,25432.0,0.438669,2.519632,TUR,MEX,850990
8517357,231,138,9314,2015,36302616.0,36033752.0,1.720478,-0.129322,USA,MEX,850990
8517358,236,138,9314,2015,0.0,144911.0,-0.9249129999999999,-1.1877280000000001,VEN,MEX,850990
8517359,246,138,9314,2015,0.0,30796.0,0.24944699999999997,1.7573159999999999,ZAF,MEX,850990
8517360,249,138,9314,2015,48557.0,14313.0,1.962832,1.214982,TWN,MEX,850990
8517361,7,153,9314,2015,1937.0,7144.0,0.21779600000000002,-0.0047420000000000006,ARE,MYS,850990
8517362,14,153,9314,2015,4241.0,4011893.0,-0.292325,-0.043489,AUS,MYS,850990
8517363,15,153,9314,2015,0.0,164020.0,1.747098,-0.08026699999999999,AUT,MYS,850990
8517364,34,153,9314,2015,0.0,18719.0,1.093564,-0.679211,BRN,MYS,850990
8517365,39,153,9314,2015,2922.0,4268594.0,0.695867,1.171676,CAN,MYS,850990
8517366,41,153,9314,2015,37866.0,399827.0,2.306075,0.720781,CHE,MYS,850990
8517367,42,153,9314,2015,0.0,2244.0,-0.356167,-0.47629399999999994,CHL,MYS,850990
8517368,43,153,9314,2015,13047168.0,1723367.0,1.077143,1.735757,CHN,MYS,850990
8517369,45,153,9314,2015,0.0,1005.0,-0.924366,-1.040721,CMR,MYS,850990
8517370,59,153,9314,2015,41639.0,19022.0,1.743012,0.45424,CZE,MYS,850990
8517371,61,153,9314,2015,40653.0,4977473.0,2.203818,-2.307561,DEU,MYS,850990
8517372,64,153,9314,2015,11536.0,2091.0,1.157924,1.2045629999999998,DNK,MYS,850990
8517373,68,153,9314,2015,0.0,192733.0,-0.183053,1.765036,EGY,MYS,850990
8517374,71,153,9314,2015,21220.0,18165.0,0.8173590000000001,2.442556,ESP,MYS,850990
8517375,74,153,9314,2015,1138.0,8114.0,1.597817,0.998059,FIN,MYS,850990
8517376,75,153,9314,2015,0.0,1875.0,-0.481968,-0.201468,FJI,MYS,850990
8517377,77,153,9314,2015,15295.0,639938.0,1.479792,0.6490239999999999,FRA,MYS,850990
8517378,81,153,9314,2015,421991.0,14491224.0,1.7422990000000003,0.75838,GBR,MYS,850990
8517379,85,153,9314,2015,0.0,2243.0,-1.288329,-1.167532,GIN,MYS,850990
8517380,97,153,9314,2015,935025.0,650221.0,0.8255290000000001,1.8017279999999998,HKG,MYS,850990
8517381,102,153,9314,2015,4272.0,0.0,1.462839,0.803258,HUN,MYS,850990
8517382,103,153,9314,2015,1900.0,20576.0,-0.145103,1.277362,IDN,MYS,850990
8517383,104,153,9314,2015,16305.0,6236.0,0.24230900000000002,2.8190880000000003,IND,MYS,850990
8517384,106,153,9314,2015,0.0,47132.0,1.304942,0.126431,IRL,MYS,850990
8517385,107,153,9314,2015,0.0,146118.0,-0.258946,-0.0073420000000000004,IRN,MYS,850990
8517386,111,153,9314,2015,42512.0,2978.0,1.321127,0.747046,ITA,MYS,850990
8517387,113,153,9314,2015,0.0,204000.0,0.121172,0.457301,JOR,MYS,850990
8517388,114,153,9314,2015,8325294.0,18013620.0,2.516133,-0.484202,JPN,MYS,850990
8517389,121,153,9314,2015,335786.0,1136320.0,1.900653,0.859406,KOR,MYS,850990
8517390,122,153,9314,2015,0.0,2805.0,-0.352023,-1.153057,KWT,MYS,850990
8517391,124,153,9314,2015,1485.0,0.0,0.317355,1.330374,LBN,MYS,850990
8517392,128,153,9314,2015,0.0,34573.0,-0.6773399999999999,0.386343,LKA,MYS,850990
8517393,138,153,9314,2015,2098.0,2132.0,1.169724,0.61457,MEX,MYS,850990
8517394,143,153,9314,2015,0.0,115367.0,-1.4596120000000001,-0.903904,MMR,MYS,850990
8517395,147,153,9314,2015,0.0,24816.0,-1.293809,-1.115069,MOZ,MYS,850990
8517396,159,153,9314,2015,0.0,46402.0,-1.415451,-1.157829,NGA,MYS,850990
8517397,162,153,9314,2015,5733.0,18043.0,1.230104,1.27344,NLD,MYS,850990
8517398,163,153,9314,2015,0.0,5266.0,0.950708,0.314339,NOR,MYS,850990
8517399,166,153,9314,2015,0.0,206492.0,0.224598,0.253179,NZL,MYS,850990
8517400,169,153,9314,2015,0.0,111273.0,0.642058,0.833392,PAN,MYS,850990
8517401,174,153,9314,2015,0.0,331220.0,0.6406270000000001,0.45770200000000005,PHL,MYS,850990
8517402,176,153,9314,2015,0.0,37226.0,-1.710939,-1.266333,PNG,MYS,850990
8517403,177,153,9314,2015,0.0,18239.0,1.145844,1.1449280000000002,POL,MYS,850990
8517404,180,153,9314,2015,0.0,693.0,-0.471106,-0.9431139999999999,PRY,MYS,850990
8517405,183,153,9314,2015,0.0,6033.0,-0.077053,-0.9922719999999999,QAT,MYS,850990
8517406,186,153,9314,2015,0.0,49531.0,0.23119,0.035965,RUS,MYS,850990
8517407,188,153,9314,2015,0.0,635021.0,0.5552520000000001,-0.7263229999999999,SAU,MYS,850990
8517408,192,153,9314,2015,8184160.0,6108913.0,2.05613,0.593065,SGP,MYS,850990
8517409,206,153,9314,2015,0.0,47185.0,1.287133,0.7900560000000001,SVK,MYS,850990
8517410,208,153,9314,2015,2329.0,0.0,1.8068349999999997,0.693389,SWE,MYS,850990
8517411,216,153,9314,2015,43576.0,389522.0,0.965888,1.368572,THA,MYS,850990
8517412,224,153,9314,2015,4881.0,142943.0,0.438669,2.519632,TUR,MYS,850990
8517413,231,153,9314,2015,128932.0,10368409.0,1.720478,-0.129322,USA,MYS,850990
8517414,239,153,9314,2015,136125.0,43136.0,-0.17108900000000002,1.10995,VNM,MYS,850990
8517415,246,153,9314,2015,0.0,4394.0,0.24944699999999997,1.7573159999999999,ZAF,MYS,850990
8517416,249,153,9314,2015,91178.0,2550383.0,1.962832,1.214982,TWN,MYS,850990
8517417,7,159,9314,2015,82285.0,0.0,0.21779600000000002,-0.0047420000000000006,ARE,NGA,850990
8517418,18,159,9314,2015,45048.0,0.0,1.329866,1.100641,BEL,NGA,850990
8517419,43,159,9314,2015,30863.0,0.0,1.077143,1.735757,CHN,NGA,850990
8517420,61,159,9314,2015,20569.0,0.0,2.203818,-2.307561,DEU,NGA,850990
8517421,77,159,9314,2015,982.0,0.0,1.479792,0.6490239999999999,FRA,NGA,850990
8517422,81,159,9314,2015,418666.0,0.0,1.7422990000000003,0.75838,GBR,NGA,850990
8517423,97,159,9314,2015,7138.0,0.0,0.8255290000000001,1.8017279999999998,HKG,NGA,850990
8517424,102,159,9314,2015,1195.0,0.0,1.462839,0.803258,HUN,NGA,850990
8517425,104,159,9314,2015,8199.0,0.0,0.24230900000000002,2.8190880000000003,IND,NGA,850990
8517426,111,159,9314,2015,287531.0,0.0,1.321127,0.747046,ITA,NGA,850990
8517427,121,159,9314,2015,109934.0,0.0,1.900653,0.859406,KOR,NGA,850990
8517428,153,159,9314,2015,46402.0,0.0,1.082803,0.811615,MYS,NGA,850990
8517429,162,159,9314,2015,45999.0,0.0,1.230104,1.27344,NLD,NGA,850990
8517430,196,159,9314,2015,0.0,2117.0,0.072324,-0.255235,SLE,NGA,850990
8517431,208,159,9314,2015,1207.0,0.0,1.8068349999999997,0.693389,SWE,NGA,850990
8517432,224,159,9314,2015,983.0,0.0,0.438669,2.519632,TUR,NGA,850990
8517433,231,159,9314,2015,100269.0,0.0,1.720478,-0.129322,USA,NGA,850990
8517434,246,159,9314,2015,2204.0,0.0,0.24944699999999997,1.7573159999999999,ZAF,NGA,850990
8517435,43,160,9314,2015,10632.0,0.0,1.077143,1.735757,CHN,NIC,850990
8517436,52,160,9314,2015,4036.0,0.0,0.24859699999999998,-0.033143,CRI,NIC,850990
8517437,61,160,9314,2015,1339.0,0.0,2.203818,-2.307561,DEU,NIC,850990
8517438,138,160,9314,2015,17900.0,0.0,1.169724,0.61457,MEX,NIC,850990
8517439,197,160,9314,2015,3224.0,0.0,0.05531900000000001,0.169073,SLV,NIC,850990
8517440,207,160,9314,2015,1225.0,0.0,1.6089879999999999,0.833616,SVN,NIC,850990
8517441,208,160,9314,2015,10505.0,0.0,1.8068349999999997,0.693389,SWE,NIC,850990
8517442,231,160,9314,2015,361712.0,0.0,1.720478,-0.129322,USA,NIC,850990
8517443,239,160,9314,2015,1528.0,0.0,-0.17108900000000002,1.10995,VNM,NIC,850990
8517444,249,160,9314,2015,1996.0,0.0,1.962832,1.214982,TWN,NIC,850990
8517445,2,162,9314,2015,0.0,962.0,-1.6542,-1.2598989999999999,AGO,NLD,850990
8517446,7,162,9314,2015,3906.0,58192.0,0.21779600000000002,-0.0047420000000000006,ARE,NLD,850990
8517447,8,162,9314,2015,0.0,1103.0,0.116896,0.30330999999999997,ARG,NLD,850990
8517448,14,162,9314,2015,0.0,15070.0,-0.292325,-0.043489,AUS,NLD,850990
8517449,15,162,9314,2015,17166.0,315470.0,1.747098,-0.08026699999999999,AUT,NLD,850990
8517450,16,162,9314,2015,0.0,2332.0,-0.983347,-1.231542,AZE,NLD,850990
8517451,18,162,9314,2015,1232672.0,2877432.0,1.329866,1.100641,BEL,NLD,850990
8517452,22,162,9314,2015,0.0,2853.0,-1.088465,-0.8745360000000001,BGD,NLD,850990
8517453,23,162,9314,2015,5978.0,19922.0,0.45640699999999995,1.691455,BGR,NLD,850990
8517454,26,162,9314,2015,0.0,1137.0,0.355903,0.723092,BIH,NLD,850990
8517455,32,162,9314,2015,3702.0,37871.0,0.23656799999999997,0.688607,BRA,NLD,850990
8517456,38,162,9314,2015,0.0,4298.0,-0.35029,-0.6630199999999999,CAF,NLD,850990
8517457,39,162,9314,2015,2848.0,8821.0,0.695867,1.171676,CAN,NLD,850990
8517458,41,162,9314,2015,127805.0,224275.0,2.306075,0.720781,CHE,NLD,850990
8517459,42,162,9314,2015,0.0,941.0,-0.356167,-0.47629399999999994,CHL,NLD,850990
8517460,43,162,9314,2015,5984854.0,3778.0,1.077143,1.735757,CHN,NLD,850990
8517461,44,162,9314,2015,0.0,3046.0,-0.856142,-0.905292,CIV,NLD,850990
8517462,45,162,9314,2015,0.0,9326.0,-0.924366,-1.040721,CMR,NLD,850990
8517463,55,162,9314,2015,0.0,5179.0,0.296267,-0.6313350000000001,CUW,NLD,850990
8517464,58,162,9314,2015,0.0,17276.0,0.511225,-0.207261,CYP,NLD,850990
8517465,59,162,9314,2015,473445.0,352538.0,1.743012,0.45424,CZE,NLD,850990
8517466,61,162,9314,2015,7862704.0,2746233.0,2.203818,-2.307561,DEU,NLD,850990
8517467,64,162,9314,2015,750840.0,276051.0,1.157924,1.2045629999999998,DNK,NLD,850990
8517468,66,162,9314,2015,0.0,1372.0,-1.54346,-1.255633,DZA,NLD,850990
8517469,68,162,9314,2015,0.0,39334.0,-0.183053,1.765036,EGY,NLD,850990
8517470,71,162,9314,2015,169489.0,430353.0,0.8173590000000001,2.442556,ESP,NLD,850990
8517471,72,162,9314,2015,2609.0,20248.0,0.9281149999999999,1.1780389999999998,EST,NLD,850990
8517472,74,162,9314,2015,98111.0,822901.0,1.597817,0.998059,FIN,NLD,850990
8517473,77,162,9314,2015,1275353.0,1538321.0,1.479792,0.6490239999999999,FRA,NLD,850990
8517474,81,162,9314,2015,1165193.0,1941968.0,1.7422990000000003,0.75838,GBR,NLD,850990
8517475,89,162,9314,2015,0.0,23762.0,-1.585577,-0.9044979999999999,GNQ,NLD,850990
8517476,90,162,9314,2015,4707.0,122966.0,0.099027,1.012289,GRC,NLD,850990
8517477,97,162,9314,2015,728402.0,231227.0,0.8255290000000001,1.8017279999999998,HKG,NLD,850990
8517478,100,162,9314,2015,2727.0,4151.0,0.7590140000000001,1.257415,HRV,NLD,850990
8517479,102,162,9314,2015,155315.0,67298.0,1.462839,0.803258,HUN,NLD,850990
8517480,104,162,9314,2015,4300.0,10566.0,0.24230900000000002,2.8190880000000003,IND,NLD,850990
8517481,106,162,9314,2015,14222.0,49491.0,1.304942,0.126431,IRL,NLD,850990
8517482,108,162,9314,2015,0.0,1133.0,-1.465803,-0.912113,IRQ,NLD,850990
8517483,109,162,9314,2015,0.0,25433.0,0.24527600000000002,-0.411616,ISL,NLD,850990
8517484,110,162,9314,2015,14528.0,109791.0,1.260071,0.545545,ISR,NLD,850990
8517485,111,162,9314,2015,1243557.0,2001860.0,1.321127,0.747046,ITA,NLD,850990
8517486,114,162,9314,2015,46762.0,3785.0,2.516133,-0.484202,JPN,NLD,850990
8517487,121,162,9314,2015,361715.0,4132.0,1.900653,0.859406,KOR,NLD,850990
8517488,122,162,9314,2015,4926.0,2877.0,-0.352023,-1.153057,KWT,NLD,850990
8517489,124,162,9314,2015,0.0,1040.0,0.317355,1.330374,LBN,NLD,850990
8517490,130,162,9314,2015,10077.0,27311.0,0.749429,1.3659860000000001,LTU,NLD,850990
8517491,131,162,9314,2015,11621.0,114408.0,1.218924,1.247152,LUX,NLD,850990
8517492,132,162,9314,2015,3578.0,13572.0,0.602209,1.125357,LVA,NLD,850990
8517493,134,162,9314,2015,0.0,9099.0,-0.7554810000000001,-0.059697,MAR,NLD,850990
8517494,138,162,9314,2015,13098.0,0.0,1.169724,0.61457,MEX,NLD,850990
8517495,142,162,9314,2015,0.0,3412.0,0.880893,-0.117585,MLT,NLD,850990
8517496,145,162,9314,2015,0.0,7196.0,-1.244368,-1.196677,MNG,NLD,850990
8517497,151,162,9314,2015,6087.0,0.0,-0.231762,-0.195051,MUS,NLD,850990
8517498,153,162,9314,2015,18043.0,5733.0,1.082803,0.811615,MYS,NLD,850990
8517499,159,162,9314,2015,0.0,45999.0,-1.415451,-1.157829,NGA,NLD,850990
8517500,163,162,9314,2015,12328.0,319811.0,0.950708,0.314339,NOR,NLD,850990
8517501,166,162,9314,2015,0.0,8829.0,0.224598,0.253179,NZL,NLD,850990
8517502,173,162,9314,2015,0.0,637877.0,-0.6007819999999999,0.32152800000000004,PER,NLD,850990
8517503,174,162,9314,2015,0.0,3394.0,0.6406270000000001,0.45770200000000005,PHL,NLD,850990
8517504,177,162,9314,2015,371770.0,270379.0,1.145844,1.1449280000000002,POL,NLD,850990
8517505,179,162,9314,2015,23290.0,129487.0,0.561922,2.2276380000000002,PRT,NLD,850990
8517506,183,162,9314,2015,0.0,6046.0,-0.077053,-0.9922719999999999,QAT,NLD,850990
8517507,185,162,9314,2015,12874.0,40245.0,0.946363,1.056775,ROU,NLD,850990
8517508,186,162,9314,2015,0.0,45871.0,0.23119,0.035965,RUS,NLD,850990
8517509,188,162,9314,2015,0.0,24786.0,0.5552520000000001,-0.7263229999999999,SAU,NLD,850990
8517510,192,162,9314,2015,15323.0,18157.0,2.05613,0.593065,SGP,NLD,850990
8517511,198,162,9314,2015,0.0,58838.0,0.918452,0.559399,SMR,NLD,850990
8517512,201,162,9314,2015,0.0,1759.0,0.457042,1.324908,SRB,NLD,850990
8517513,205,162,9314,2015,0.0,4385.0,-0.570361,-1.005072,SUR,NLD,850990
8517514,206,162,9314,2015,21893.0,64499.0,1.287133,0.7900560000000001,SVK,NLD,850990
8517515,207,162,9314,2015,66406.0,5335.0,1.6089879999999999,0.833616,SVN,NLD,850990
8517516,208,162,9314,2015,232309.0,370396.0,1.8068349999999997,0.693389,SWE,NLD,850990
8517517,216,162,9314,2015,3257.0,16790.0,0.965888,1.368572,THA,NLD,850990
8517518,224,162,9314,2015,4699.0,105811.0,0.438669,2.519632,TUR,NLD,850990
8517519,226,162,9314,2015,0.0,5366.0,-1.02395,-0.017509999999999998,TZA,NLD,850990
8517520,228,162,9314,2015,0.0,4613.0,0.429879,0.701813,UKR,NLD,850990
8517521,231,162,9314,2015,377826.0,319636.0,1.720478,-0.129322,USA,NLD,850990
8517522,236,162,9314,2015,0.0,1150.0,-0.9249129999999999,-1.1877280000000001,VEN,NLD,850990
8517523,239,162,9314,2015,182629.0,0.0,-0.17108900000000002,1.10995,VNM,NLD,850990
8517524,246,162,9314,2015,0.0,4134.0,0.24944699999999997,1.7573159999999999,ZAF,NLD,850990
8517525,249,162,9314,2015,1025951.0,3381.0,1.962832,1.214982,TWN,NLD,850990
8517526,250,162,9314,2015,1815.0,1460.0,0.377283,-0.092204,ANS,NLD,850990
8517527,7,166,9314,2015,0.0,6985.0,0.21779600000000002,-0.0047420000000000006,ARE,NZL,850990
8517528,14,166,9314,2015,1031722.0,51656.0,-0.292325,-0.043489,AUS,NZL,850990
8517529,15,166,9314,2015,2337.0,0.0,1.747098,-0.08026699999999999,AUT,NZL,850990
8517530,18,166,9314,2015,3288.0,0.0,1.329866,1.100641,BEL,NZL,850990
8517531,32,166,9314,2015,0.0,6091.0,0.23656799999999997,0.688607,BRA,NZL,850990
8517532,39,166,9314,2015,6516.0,3105.0,0.695867,1.171676,CAN,NZL,850990
8517533,41,166,9314,2015,34269.0,0.0,2.306075,0.720781,CHE,NZL,850990
8517534,43,166,9314,2015,388784.0,1328.0,1.077143,1.735757,CHN,NZL,850990
8517535,48,166,9314,2015,0.0,1082.0,0.388457,-0.682666,COK,NZL,850990
8517536,59,166,9314,2015,1624.0,0.0,1.743012,0.45424,CZE,NZL,850990
8517537,61,166,9314,2015,232780.0,1196.0,2.203818,-2.307561,DEU,NZL,850990
8517538,64,166,9314,2015,6694.0,0.0,1.157924,1.2045629999999998,DNK,NZL,850990
8517539,71,166,9314,2015,1607.0,2637.0,0.8173590000000001,2.442556,ESP,NZL,850990
8517540,74,166,9314,2015,2562.0,0.0,1.597817,0.998059,FIN,NZL,850990
8517541,75,166,9314,2015,0.0,6531.0,-0.481968,-0.201468,FJI,NZL,850990
8517542,77,166,9314,2015,30932.0,14466.0,1.479792,0.6490239999999999,FRA,NZL,850990
8517543,81,166,9314,2015,46797.0,2668.0,1.7422990000000003,0.75838,GBR,NZL,850990
8517544,97,166,9314,2015,19655.0,2144.0,0.8255290000000001,1.8017279999999998,HKG,NZL,850990
8517545,102,166,9314,2015,26014.0,0.0,1.462839,0.803258,HUN,NZL,850990
8517546,106,166,9314,2015,0.0,3150.0,1.304942,0.126431,IRL,NZL,850990
8517547,111,166,9314,2015,79303.0,19799.0,1.321127,0.747046,ITA,NZL,850990
8517548,114,166,9314,2015,9571.0,0.0,2.516133,-0.484202,JPN,NZL,850990
8517549,121,166,9314,2015,26649.0,0.0,1.900653,0.859406,KOR,NZL,850990
8517550,138,166,9314,2015,40186.0,0.0,1.169724,0.61457,MEX,NZL,850990
8517551,153,166,9314,2015,206492.0,0.0,1.082803,0.811615,MYS,NZL,850990
8517552,156,166,9314,2015,0.0,2548.0,-0.727911,-0.844562,NCL,NZL,850990
8517553,162,166,9314,2015,8829.0,0.0,1.230104,1.27344,NLD,NZL,850990
8517554,185,166,9314,2015,4079.0,0.0,0.946363,1.056775,ROU,NZL,850990
8517555,188,166,9314,2015,0.0,274808.0,0.5552520000000001,-0.7263229999999999,SAU,NZL,850990
8517556,192,166,9314,2015,50562.0,4573.0,2.05613,0.593065,SGP,NZL,850990
8517557,206,166,9314,2015,5669.0,0.0,1.287133,0.7900560000000001,SVK,NZL,850990
8517558,207,166,9314,2015,24701.0,0.0,1.6089879999999999,0.833616,SVN,NZL,850990
8517559,208,166,9314,2015,108653.0,6279.0,1.8068349999999997,0.693389,SWE,NZL,850990
8517560,216,166,9314,2015,1647.0,0.0,0.965888,1.368572,THA,NZL,850990
8517561,231,166,9314,2015,326260.0,66760.0,1.720478,-0.129322,USA,NZL,850990
8517562,239,166,9314,2015,4129.0,0.0,-0.17108900000000002,1.10995,VNM,NZL,850990
8517563,242,166,9314,2015,0.0,1288.0,0.351057,-0.158431,WSM,NZL,850990
8517564,246,166,9314,2015,5024.0,0.0,0.24944699999999997,1.7573159999999999,ZAF,NZL,850990
8517565,249,166,9314,2015,4230.0,0.0,1.962832,1.214982,TWN,NZL,850990
8517566,7,168,9314,2015,8842.0,0.0,0.21779600000000002,-0.0047420000000000006,ARE,PAK,850990
8517567,15,168,9314,2015,45021.0,0.0,1.747098,-0.08026699999999999,AUT,PAK,850990
8517568,16,168,9314,2015,0.0,1565.0,-0.983347,-1.231542,AZE,PAK,850990
8517569,42,168,9314,2015,2473.0,0.0,-0.356167,-0.47629399999999994,CHL,PAK,850990
8517570,43,168,9314,2015,4359382.0,0.0,1.077143,1.735757,CHN,PAK,850990
8517571,61,168,9314,2015,8212.0,5950.0,2.203818,-2.307561,DEU,PAK,850990
8517572,81,168,9314,2015,20374.0,0.0,1.7422990000000003,0.75838,GBR,PAK,850990
8517573,111,168,9314,2015,4616.0,0.0,1.321127,0.747046,ITA,PAK,850990
8517574,114,168,9314,2015,0.0,57740.0,2.516133,-0.484202,JPN,PAK,850990
8517575,188,168,9314,2015,0.0,17067.0,0.5552520000000001,-0.7263229999999999,SAU,PAK,850990
8517576,192,168,9314,2015,5286.0,0.0,2.05613,0.593065,SGP,PAK,850990
8517577,199,168,9314,2015,0.0,2911.0,-1.716689,-1.078134,SOM,PAK,850990
8517578,201,168,9314,2015,0.0,478.0,0.457042,1.324908,SRB,PAK,850990
8517579,231,168,9314,2015,10829.0,6133.0,1.720478,-0.129322,USA,PAK,850990
8517580,239,168,9314,2015,6999.0,0.0,-0.17108900000000002,1.10995,VNM,PAK,850990
8517581,0,169,9314,2015,0.0,13407.0,0.8526809999999999,-0.043541,ABW,PAN,850990
8517582,18,169,9314,2015,3932.0,0.0,1.329866,1.100641,BEL,PAN,850990
8517583,32,169,9314,2015,1446.0,0.0,0.23656799999999997,0.688607,BRA,PAN,850990
8517584,42,169,9314,2015,0.0,876.0,-0.356167,-0.47629399999999994,CHL,PAN,850990
8517585,43,169,9314,2015,57884.0,0.0,1.077143,1.735757,CHN,PAN,850990
8517586,49,169,9314,2015,24180.0,20938.0,0.156383,-0.183055,COL,PAN,850990
8517587,52,169,9314,2015,0.0,39910.0,0.24859699999999998,-0.033143,CRI,PAN,850990
8517588,54,169,9314,2015,0.0,49497.0,-0.694839,-1.093439,CUB,PAN,850990
8517589,55,169,9314,2015,0.0,10832.0,0.296267,-0.6313350000000001,CUW,PAN,850990
8517590,61,169,9314,2015,6977.0,0.0,2.203818,-2.307561,DEU,PAN,850990
8517591,65,169,9314,2015,0.0,1303.0,-0.212808,0.395873,DOM,PAN,850990
8517592,67,169,9314,2015,0.0,18948.0,-0.9845959999999999,-1.075639,ECU,PAN,850990
8517593,71,169,9314,2015,1047.0,0.0,0.8173590000000001,2.442556,ESP,PAN,850990
8517594,77,169,9314,2015,6957.0,0.0,1.479792,0.6490239999999999,FRA,PAN,850990
8517595,93,169,9314,2015,0.0,1032.0,-0.284403,0.525564,GTM,PAN,850990
8517596,96,169,9314,2015,0.0,6680.0,-1.018758,-1.056085,GUY,PAN,850990
8517597,97,169,9314,2015,6822.0,0.0,0.8255290000000001,1.8017279999999998,HKG,PAN,850990
8517598,99,169,9314,2015,0.0,6789.0,-0.578635,-0.292053,HND,PAN,850990
8517599,104,169,9314,2015,1543.0,0.0,0.24230900000000002,2.8190880000000003,IND,PAN,850990
8517600,111,169,9314,2015,6249.0,0.0,1.321127,0.747046,ITA,PAN,850990
8517601,112,169,9314,2015,0.0,11067.0,-0.438267,-0.828097,JAM,PAN,850990
8517602,114,169,9314,2015,2884.0,0.0,2.516133,-0.484202,JPN,PAN,850990
8517603,121,169,9314,2015,36040.0,0.0,1.900653,0.859406,KOR,PAN,850990
8517604,138,169,9314,2015,20971.0,0.0,1.169724,0.61457,MEX,PAN,850990
8517605,153,169,9314,2015,111273.0,0.0,1.082803,0.811615,MYS,PAN,850990
8517606,173,169,9314,2015,0.0,3414.0,-0.6007819999999999,0.32152800000000004,PER,PAN,850990
8517607,192,169,9314,2015,2014.0,0.0,2.05613,0.593065,SGP,PAN,850990
8517608,197,169,9314,2015,0.0,5528.0,0.05531900000000001,0.169073,SLV,PAN,850990
8517609,205,169,9314,2015,0.0,5130.0,-0.570361,-1.005072,SUR,PAN,850990
8517610,222,169,9314,2015,0.0,7179.0,-0.462837,-1.117621,TTO,PAN,850990
8517611,231,169,9314,2015,903906.0,0.0,1.720478,-0.129322,USA,PAN,850990
8517612,236,169,9314,2015,0.0,8668.0,-0.9249129999999999,-1.1877280000000001,VEN,PAN,850990
8517613,250,169,9314,2015,0.0,67632.0,0.377283,-0.092204,ANS,PAN,850990
8517614,15,173,9314,2015,1306.0,0.0,1.747098,-0.08026699999999999,AUT,PER,850990
8517615,31,173,9314,2015,0.0,5449.0,-1.051562,-1.067714,BOL,PER,850990
8517616,32,173,9314,2015,1722.0,0.0,0.23656799999999997,0.688607,BRA,PER,850990
8517617,39,173,9314,2015,8068.0,0.0,0.695867,1.171676,CAN,PER,850990
8517618,41,173,9314,2015,1771.0,0.0,2.306075,0.720781,CHE,PER,850990
8517619,42,173,9314,2015,95702.0,15037.0,-0.356167,-0.47629399999999994,CHL,PER,850990
8517620,43,173,9314,2015,652525.0,0.0,1.077143,1.735757,CHN,PER,850990
8517621,61,173,9314,2015,33360.0,0.0,2.203818,-2.307561,DEU,PER,850990
8517622,64,173,9314,2015,698.0,5839.0,1.157924,1.2045629999999998,DNK,PER,850990
8517623,71,173,9314,2015,105005.0,0.0,0.8173590000000001,2.442556,ESP,PER,850990
8517624,77,173,9314,2015,14573.0,0.0,1.479792,0.6490239999999999,FRA,PER,850990
8517625,97,173,9314,2015,938.0,0.0,0.8255290000000001,1.8017279999999998,HKG,PER,850990
8517626,104,173,9314,2015,2330.0,0.0,0.24230900000000002,2.8190880000000003,IND,PER,850990
8517627,111,173,9314,2015,18175.0,0.0,1.321127,0.747046,ITA,PER,850990
8517628,121,173,9314,2015,5120.0,0.0,1.900653,0.859406,KOR,PER,850990
8517629,138,173,9314,2015,509688.0,0.0,1.169724,0.61457,MEX,PER,850990
8517630,162,173,9314,2015,637877.0,0.0,1.230104,1.27344,NLD,PER,850990
8517631,169,173,9314,2015,3414.0,0.0,0.642058,0.833392,PAN,PER,850990
8517632,177,173,9314,2015,1200.0,0.0,1.145844,1.1449280000000002,POL,PER,850990
8517633,197,173,9314,2015,0.0,1288.0,0.05531900000000001,0.169073,SLV,PER,850990
8517634,207,173,9314,2015,7170.0,0.0,1.6089879999999999,0.833616,SVN,PER,850990
8517635,208,173,9314,2015,6287.0,0.0,1.8068349999999997,0.693389,SWE,PER,850990
8517636,231,173,9314,2015,696537.0,0.0,1.720478,-0.129322,USA,PER,850990
8517637,249,173,9314,2015,1088.0,0.0,1.962832,1.214982,TWN,PER,850990
8517638,14,174,9314,2015,12403.0,0.0,-0.292325,-0.043489,AUS,PHL,850990
8517639,41,174,9314,2015,8278.0,0.0,2.306075,0.720781,CHE,PHL,850990
8517640,43,174,9314,2015,223824.0,58275.0,1.077143,1.735757,CHN,PHL,850990
8517641,61,174,9314,2015,27205.0,0.0,2.203818,-2.307561,DEU,PHL,850990
8517642,68,174,9314,2015,0.0,1232.0,-0.183053,1.765036,EGY,PHL,850990
8517643,77,174,9314,2015,8819.0,0.0,1.479792,0.6490239999999999,FRA,PHL,850990
8517644,81,174,9314,2015,103496.0,9590.0,1.7422990000000003,0.75838,GBR,PHL,850990
8517645,97,174,9314,2015,378593.0,3749.0,0.8255290000000001,1.8017279999999998,HKG,PHL,850990
8517646,102,174,9314,2015,673.0,0.0,1.462839,0.803258,HUN,PHL,850990
8517647,104,174,9314,2015,1643.0,0.0,0.24230900000000002,2.8190880000000003,IND,PHL,850990
8517648,111,174,9314,2015,840648.0,0.0,1.321127,0.747046,ITA,PHL,850990
8517649,114,174,9314,2015,697672.0,52229.0,2.516133,-0.484202,JPN,PHL,850990
8517650,121,174,9314,2015,39905.0,0.0,1.900653,0.859406,KOR,PHL,850990
8517651,153,174,9314,2015,331220.0,0.0,1.082803,0.811615,MYS,PHL,850990
8517652,162,174,9314,2015,3394.0,0.0,1.230104,1.27344,NLD,PHL,850990
8517653,163,174,9314,2015,1785.0,0.0,0.950708,0.314339,NOR,PHL,850990
8517654,176,174,9314,2015,0.0,2161.0,-1.710939,-1.266333,PNG,PHL,850990
8517655,192,174,9314,2015,728238.0,16862.0,2.05613,0.593065,SGP,PHL,850990
8517656,207,174,9314,2015,14751.0,0.0,1.6089879999999999,0.833616,SVN,PHL,850990
8517657,208,174,9314,2015,1342.0,0.0,1.8068349999999997,0.693389,SWE,PHL,850990
8517658,216,174,9314,2015,19500.0,0.0,0.965888,1.368572,THA,PHL,850990
8517659,231,174,9314,2015,374486.0,40695.0,1.720478,-0.129322,USA,PHL,850990
8517660,239,174,9314,2015,182261.0,155542.0,-0.17108900000000002,1.10995,VNM,PHL,850990
8517661,249,174,9314,2015,13121.0,0.0,1.962832,1.214982,TWN,PHL,850990
8517662,7,177,9314,2015,0.0,6499.0,0.21779600000000002,-0.0047420000000000006,ARE,POL,850990
8517663,8,177,9314,2015,0.0,2620.0,0.116896,0.30330999999999997,ARG,POL,850990
8517664,9,177,9314,2015,0.0,1702.0,0.037579,-0.42448800000000003,ARM,POL,850990
8517665,14,177,9314,2015,26165.0,39645.0,-0.292325,-0.043489,AUS,POL,850990
8517666,15,177,9314,2015,12472.0,1925943.0,1.747098,-0.08026699999999999,AUT,POL,850990
8517667,16,177,9314,2015,0.0,4534.0,-0.983347,-1.231542,AZE,POL,850990
8517668,18,177,9314,2015,389017.0,256991.0,1.329866,1.100641,BEL,POL,850990
8517669,23,177,9314,2015,6243.0,98798.0,0.45640699999999995,1.691455,BGR,POL,850990
8517670,24,177,9314,2015,0.0,1282.0,0.36650900000000003,-0.28735,BHR,POL,850990
8517671,26,177,9314,2015,0.0,1744.0,0.355903,0.723092,BIH,POL,850990
8517672,28,177,9314,2015,0.0,12691.0,0.672499,0.5584020000000001,BLR,POL,850990
8517673,32,177,9314,2015,1468.0,50114.0,0.23656799999999997,0.688607,BRA,POL,850990
8517674,39,177,9314,2015,198310.0,4297.0,0.695867,1.171676,CAN,POL,850990
8517675,41,177,9314,2015,145783.0,1581264.0,2.306075,0.720781,CHE,POL,850990
8517676,43,177,9314,2015,10588375.0,30821.0,1.077143,1.735757,CHN,POL,850990
8517677,58,177,9314,2015,0.0,10975.0,0.511225,-0.207261,CYP,POL,850990
8517678,59,177,9314,2015,2718248.0,355610.0,1.743012,0.45424,CZE,POL,850990
8517679,61,177,9314,2015,15713914.0,25628562.0,2.203818,-2.307561,DEU,POL,850990
8517680,64,177,9314,2015,6681.0,32997.0,1.157924,1.2045629999999998,DNK,POL,850990
8517681,68,177,9314,2015,0.0,4422.0,-0.183053,1.765036,EGY,POL,850990
8517682,71,177,9314,2015,550613.0,228048.0,0.8173590000000001,2.442556,ESP,POL,850990
8517683,72,177,9314,2015,22119.0,133670.0,0.9281149999999999,1.1780389999999998,EST,POL,850990
8517684,74,177,9314,2015,19763.0,31049.0,1.597817,0.998059,FIN,POL,850990
8517685,77,177,9314,2015,762712.0,720483.0,1.479792,0.6490239999999999,FRA,POL,850990
8517686,81,177,9314,2015,771714.0,422625.0,1.7422990000000003,0.75838,GBR,POL,850990
8517687,90,177,9314,2015,0.0,27309.0,0.099027,1.012289,GRC,POL,850990
8517688,97,177,9314,2015,42650.0,11642.0,0.8255290000000001,1.8017279999999998,HKG,POL,850990
8517689,100,177,9314,2015,8367.0,69086.0,0.7590140000000001,1.257415,HRV,POL,850990
8517690,102,177,9314,2015,105975.0,48313.0,1.462839,0.803258,HUN,POL,850990
8517691,103,177,9314,2015,1796.0,0.0,-0.145103,1.277362,IDN,POL,850990
8517692,104,177,9314,2015,0.0,10689.0,0.24230900000000002,2.8190880000000003,IND,POL,850990
8517693,106,177,9314,2015,5196.0,11462.0,1.304942,0.126431,IRL,POL,850990
8517694,109,177,9314,2015,0.0,2585.0,0.24527600000000002,-0.411616,ISL,POL,850990
8517695,110,177,9314,2015,0.0,2401.0,1.260071,0.545545,ISR,POL,850990
8517696,111,177,9314,2015,2047077.0,3082324.0,1.321127,0.747046,ITA,POL,850990
8517697,113,177,9314,2015,0.0,13142.0,0.121172,0.457301,JOR,POL,850990
8517698,114,177,9314,2015,4856.0,45807.0,2.516133,-0.484202,JPN,POL,850990
8517699,115,177,9314,2015,0.0,1845.0,-0.45091499999999995,-0.652026,KAZ,POL,850990
8517700,121,177,9314,2015,389550.0,65290.0,1.900653,0.859406,KOR,POL,850990
8517701,122,177,9314,2015,0.0,2879.0,-0.352023,-1.153057,KWT,POL,850990
8517702,124,177,9314,2015,0.0,9525.0,0.317355,1.330374,LBN,POL,850990
8517703,130,177,9314,2015,43004.0,140168.0,0.749429,1.3659860000000001,LTU,POL,850990
8517704,131,177,9314,2015,4008.0,73235.0,1.218924,1.247152,LUX,POL,850990
8517705,132,177,9314,2015,0.0,156577.0,0.602209,1.125357,LVA,POL,850990
8517706,135,177,9314,2015,0.0,7684.0,-0.313837,-0.20393,MDA,POL,850990
8517707,138,177,9314,2015,61174.0,28392.0,1.169724,0.61457,MEX,POL,850990
8517708,142,177,9314,2015,0.0,2027.0,0.880893,-0.117585,MLT,POL,850990
8517709,144,177,9314,2015,0.0,1675.0,-0.048385000000000004,-0.150759,MNE,POL,850990
8517710,153,177,9314,2015,18239.0,0.0,1.082803,0.811615,MYS,POL,850990
8517711,162,177,9314,2015,270379.0,371770.0,1.230104,1.27344,NLD,POL,850990
8517712,163,177,9314,2015,1068.0,16209.0,0.950708,0.314339,NOR,POL,850990
8517713,173,177,9314,2015,0.0,1200.0,-0.6007819999999999,0.32152800000000004,PER,POL,850990
8517714,179,177,9314,2015,2327.0,28731.0,0.561922,2.2276380000000002,PRT,POL,850990
8517715,183,177,9314,2015,0.0,5616.0,-0.077053,-0.9922719999999999,QAT,POL,850990
8517716,185,177,9314,2015,6370005.0,1172504.0,0.946363,1.056775,ROU,POL,850990
8517717,186,177,9314,2015,0.0,201909.0,0.23119,0.035965,RUS,POL,850990
8517718,192,177,9314,2015,4466.0,198864.0,2.05613,0.593065,SGP,POL,850990
8517719,201,177,9314,2015,0.0,5047.0,0.457042,1.324908,SRB,POL,850990
8517720,206,177,9314,2015,1122044.0,95622.0,1.287133,0.7900560000000001,SVK,POL,850990
8517721,207,177,9314,2015,577619.0,101242.0,1.6089879999999999,0.833616,SVN,POL,850990
8517722,208,177,9314,2015,108568.0,110997.0,1.8068349999999997,0.693389,SWE,POL,850990
8517723,216,177,9314,2015,1234.0,0.0,0.965888,1.368572,THA,POL,850990
8517724,223,177,9314,2015,0.0,1595.0,0.140202,0.967591,TUN,POL,850990
8517725,224,177,9314,2015,1919663.0,594628.0,0.438669,2.519632,TUR,POL,850990
8517726,228,177,9314,2015,0.0,567506.0,0.429879,0.701813,UKR,POL,850990
8517727,231,177,9314,2015,251161.0,100239.0,1.720478,-0.129322,USA,POL,850990
8517728,239,177,9314,2015,7224.0,17871.0,-0.17108900000000002,1.10995,VNM,POL,850990
8517729,246,177,9314,2015,0.0,13948.0,0.24944699999999997,1.7573159999999999,ZAF,POL,850990
8517730,249,177,9314,2015,2520.0,11259.0,1.962832,1.214982,TWN,POL,850990
8517731,250,177,9314,2015,4367.0,3992.0,0.377283,-0.092204,ANS,POL,850990
8517732,2,179,9314,2015,0.0,96646.0,-1.6542,-1.2598989999999999,AGO,PRT,850990
8517733,8,179,9314,2015,0.0,87476.0,0.116896,0.30330999999999997,ARG,PRT,850990
8517734,14,179,9314,2015,0.0,15921.0,-0.292325,-0.043489,AUS,PRT,850990
8517735,15,179,9314,2015,6594.0,6678.0,1.747098,-0.08026699999999999,AUT,PRT,850990
8517736,18,179,9314,2015,98314.0,170331.0,1.329866,1.100641,BEL,PRT,850990
8517737,32,179,9314,2015,0.0,7491.0,0.23656799999999997,0.688607,BRA,PRT,850990
8517738,39,179,9314,2015,0.0,7672.0,0.695867,1.171676,CAN,PRT,850990
8517739,41,179,9314,2015,3208.0,23998.0,2.306075,0.720781,CHE,PRT,850990
8517740,43,179,9314,2015,1387579.0,0.0,1.077143,1.735757,CHN,PRT,850990
8517741,49,179,9314,2015,0.0,170281.0,0.156383,-0.183055,COL,PRT,850990
8517742,51,179,9314,2015,0.0,3273.0,-0.263621,-0.772158,CPV,PRT,850990
8517743,59,179,9314,2015,1433.0,1023.0,1.743012,0.45424,CZE,PRT,850990
8517744,61,179,9314,2015,2076865.0,261481.0,2.203818,-2.307561,DEU,PRT,850990
8517745,64,179,9314,2015,1081.0,2170.0,1.157924,1.2045629999999998,DNK,PRT,850990
8517746,71,179,9314,2015,3422262.0,377202.0,0.8173590000000001,2.442556,ESP,PRT,850990
8517747,77,179,9314,2015,404700.0,5301538.0,1.479792,0.6490239999999999,FRA,PRT,850990
8517748,81,179,9314,2015,30861.0,40567.0,1.7422990000000003,0.75838,GBR,PRT,850990
8517749,83,179,9314,2015,0.0,43655.0,-0.750568,-0.690257,GHA,PRT,850990
8517750,97,179,9314,2015,86358.0,0.0,0.8255290000000001,1.8017279999999998,HKG,PRT,850990
8517751,110,179,9314,2015,0.0,1852.0,1.260071,0.545545,ISR,PRT,850990
8517752,111,179,9314,2015,680321.0,26307.0,1.321127,0.747046,ITA,PRT,850990
8517753,121,179,9314,2015,181952.0,3798.0,1.900653,0.859406,KOR,PRT,850990
8517754,122,179,9314,2015,0.0,758.0,-0.352023,-1.153057,KWT,PRT,850990
8517755,144,179,9314,2015,0.0,1546.0,-0.048385000000000004,-0.150759,MNE,PRT,850990
8517756,147,179,9314,2015,0.0,3801.0,-1.293809,-1.115069,MOZ,PRT,850990
8517757,162,179,9314,2015,129487.0,23290.0,1.230104,1.27344,NLD,PRT,850990
8517758,163,179,9314,2015,0.0,5197.0,0.950708,0.314339,NOR,PRT,850990
8517759,177,179,9314,2015,28731.0,2327.0,1.145844,1.1449280000000002,POL,PRT,850990
8517760,185,179,9314,2015,0.0,3961.0,0.946363,1.056775,ROU,PRT,850990
8517761,188,179,9314,2015,0.0,24683.0,0.5552520000000001,-0.7263229999999999,SAU,PRT,850990
8517762,203,179,9314,2015,0.0,1436.0,1.051934,-0.304408,STP,PRT,850990
8517763,207,179,9314,2015,102992.0,16410.0,1.6089879999999999,0.833616,SVN,PRT,850990
8517764,208,179,9314,2015,1648.0,171954.0,1.8068349999999997,0.693389,SWE,PRT,850990
8517765,223,179,9314,2015,0.0,1107.0,0.140202,0.967591,TUN,PRT,850990
8517766,224,179,9314,2015,18857.0,12946.0,0.438669,2.519632,TUR,PRT,850990
8517767,231,179,9314,2015,304591.0,3638.0,1.720478,-0.129322,USA,PRT,850990
8517768,246,179,9314,2015,0.0,1593.0,0.24944699999999997,1.7573159999999999,ZAF,PRT,850990
8517769,8,180,9314,2015,34757.0,0.0,0.116896,0.30330999999999997,ARG,PRY,850990
8517770,32,180,9314,2015,103193.0,0.0,0.23656799999999997,0.688607,BRA,PRY,850990
8517771,42,180,9314,2015,240386.0,0.0,-0.356167,-0.47629399999999994,CHL,PRY,850990
8517772,43,180,9314,2015,5788.0,0.0,1.077143,1.735757,CHN,PRY,850990
8517773,49,180,9314,2015,969.0,0.0,0.156383,-0.183055,COL,PRY,850990
8517774,61,180,9314,2015,6143.0,0.0,2.203818,-2.307561,DEU,PRY,850990
8517775,71,180,9314,2015,7309.0,0.0,0.8173590000000001,2.442556,ESP,PRY,850990
8517776,77,180,9314,2015,4219.0,0.0,1.479792,0.6490239999999999,FRA,PRY,850990
8517777,97,180,9314,2015,5560.0,0.0,0.8255290000000001,1.8017279999999998,HKG,PRY,850990
8517778,104,180,9314,2015,3042.0,0.0,0.24230900000000002,2.8190880000000003,IND,PRY,850990
8517779,153,180,9314,2015,693.0,0.0,1.082803,0.811615,MYS,PRY,850990
8517780,207,180,9314,2015,31829.0,0.0,1.6089879999999999,0.833616,SVN,PRY,850990
8517781,231,180,9314,2015,34849.0,0.0,1.720478,-0.129322,USA,PRY,850990
8517782,43,181,9314,2015,7173.0,0.0,1.077143,1.735757,CHN,PSE,850990
8517783,68,181,9314,2015,1923.0,0.0,-0.183053,1.765036,EGY,PSE,850990
8517784,110,181,9314,2015,851038.0,0.0,1.260071,0.545545,ISR,PSE,850990
8517785,113,181,9314,2015,23788.0,0.0,0.121172,0.457301,JOR,PSE,850990
8517786,224,181,9314,2015,760.0,0.0,0.438669,2.519632,TUR,PSE,850990
8517787,231,181,9314,2015,262.0,0.0,1.720478,-0.129322,USA,PSE,850990
8517788,7,188,9314,2015,102163.0,81193.0,0.21779600000000002,-0.0047420000000000006,ARE,SAU,850990
8517789,15,188,9314,2015,3045.0,0.0,1.747098,-0.08026699999999999,AUT,SAU,850990
8517790,18,188,9314,2015,1729.0,0.0,1.329866,1.100641,BEL,SAU,850990
8517791,24,188,9314,2015,39045.0,1880.0,0.36650900000000003,-0.28735,BHR,SAU,850990
8517792,39,188,9314,2015,10721.0,0.0,0.695867,1.171676,CAN,SAU,850990
8517793,41,188,9314,2015,12545.0,0.0,2.306075,0.720781,CHE,SAU,850990
8517794,43,188,9314,2015,2253936.0,0.0,1.077143,1.735757,CHN,SAU,850990
8517795,61,188,9314,2015,97591.0,0.0,2.203818,-2.307561,DEU,SAU,850990
8517796,64,188,9314,2015,11702.0,0.0,1.157924,1.2045629999999998,DNK,SAU,850990
8517797,68,188,9314,2015,0.0,4059.0,-0.183053,1.765036,EGY,SAU,850990
8517798,71,188,9314,2015,117597.0,0.0,0.8173590000000001,2.442556,ESP,SAU,850990
8517799,77,188,9314,2015,307278.0,9571.0,1.479792,0.6490239999999999,FRA,SAU,850990
8517800,81,188,9314,2015,20594.0,3809.0,1.7422990000000003,0.75838,GBR,SAU,850990
8517801,97,188,9314,2015,17379.0,0.0,0.8255290000000001,1.8017279999999998,HKG,SAU,850990
8517802,104,188,9314,2015,17828.0,0.0,0.24230900000000002,2.8190880000000003,IND,SAU,850990
8517803,106,188,9314,2015,64662.0,0.0,1.304942,0.126431,IRL,SAU,850990
8517804,111,188,9314,2015,421259.0,0.0,1.321127,0.747046,ITA,SAU,850990
8517805,114,188,9314,2015,1855.0,0.0,2.516133,-0.484202,JPN,SAU,850990
8517806,121,188,9314,2015,38601.0,0.0,1.900653,0.859406,KOR,SAU,850990
8517807,122,188,9314,2015,16621.0,0.0,-0.352023,-1.153057,KWT,SAU,850990
8517808,124,188,9314,2015,11774.0,0.0,0.317355,1.330374,LBN,SAU,850990
8517809,137,188,9314,2015,0.0,902.0,-0.321571,-0.858751,MDV,SAU,850990
8517810,153,188,9314,2015,635021.0,0.0,1.082803,0.811615,MYS,SAU,850990
8517811,162,188,9314,2015,24786.0,0.0,1.230104,1.27344,NLD,SAU,850990
8517812,166,188,9314,2015,274808.0,0.0,0.224598,0.253179,NZL,SAU,850990
8517813,168,188,9314,2015,17067.0,0.0,-0.7059979999999999,0.73501,PAK,SAU,850990
8517814,179,188,9314,2015,24683.0,0.0,0.561922,2.2276380000000002,PRT,SAU,850990
8517815,185,188,9314,2015,924.0,0.0,0.946363,1.056775,ROU,SAU,850990
8517816,192,188,9314,2015,22810.0,0.0,2.05613,0.593065,SGP,SAU,850990
8517817,208,188,9314,2015,7861.0,0.0,1.8068349999999997,0.693389,SWE,SAU,850990
8517818,216,188,9314,2015,103169.0,0.0,0.965888,1.368572,THA,SAU,850990
8517819,224,188,9314,2015,23951.0,0.0,0.438669,2.519632,TUR,SAU,850990
8517820,231,188,9314,2015,4485210.0,0.0,1.720478,-0.129322,USA,SAU,850990
8517821,249,188,9314,2015,21064.0,0.0,1.962832,1.214982,TWN,SAU,850990
8517822,7,190,9314,2015,2122.0,0.0,0.21779600000000002,-0.0047420000000000006,ARE,SDN,850990
8517823,43,190,9314,2015,13925.0,0.0,1.077143,1.735757,CHN,SDN,850990
8517824,61,190,9314,2015,1539.0,0.0,2.203818,-2.307561,DEU,SDN,850990
8517825,68,190,9314,2015,119609.0,0.0,-0.183053,1.765036,EGY,SDN,850990
8517826,77,190,9314,2015,3380.0,0.0,1.479792,0.6490239999999999,FRA,SDN,850990
8517827,81,190,9314,2015,3680.0,0.0,1.7422990000000003,0.75838,GBR,SDN,850990
8517828,111,190,9314,2015,1763.0,0.0,1.321127,0.747046,ITA,SDN,850990
8517829,7,192,9314,2015,0.0,27688.0,0.21779600000000002,-0.0047420000000000006,ARE,SGP,850990
8517830,8,192,9314,2015,0.0,4456.0,0.116896,0.30330999999999997,ARG,SGP,850990
8517831,14,192,9314,2015,16667.0,224801.0,-0.292325,-0.043489,AUS,SGP,850990
8517832,15,192,9314,2015,1636.0,0.0,1.747098,-0.08026699999999999,AUT,SGP,850990
8517833,16,192,9314,2015,0.0,7922.0,-0.983347,-1.231542,AZE,SGP,850990
8517834,18,192,9314,2015,6259.0,0.0,1.329866,1.100641,BEL,SGP,850990
8517835,22,192,9314,2015,0.0,3731.0,-1.088465,-0.8745360000000001,BGD,SGP,850990
8517836,24,192,9314,2015,0.0,5997.0,0.36650900000000003,-0.28735,BHR,SGP,850990
8517837,32,192,9314,2015,0.0,39000.0,0.23656799999999997,0.688607,BRA,SGP,850990
8517838,34,192,9314,2015,0.0,41294.0,1.093564,-0.679211,BRN,SGP,850990
8517839,39,192,9314,2015,9073.0,177364.0,0.695867,1.171676,CAN,SGP,850990
8517840,41,192,9314,2015,16515.0,4685.0,2.306075,0.720781,CHE,SGP,850990
8517841,42,192,9314,2015,0.0,2065.0,-0.356167,-0.47629399999999994,CHL,SGP,850990
8517842,43,192,9314,2015,1759834.0,202499.0,1.077143,1.735757,CHN,SGP,850990
8517843,58,192,9314,2015,3669.0,0.0,0.511225,-0.207261,CYP,SGP,850990
8517844,59,192,9314,2015,15392.0,8197.0,1.743012,0.45424,CZE,SGP,850990
8517845,61,192,9314,2015,694967.0,267739.0,2.203818,-2.307561,DEU,SGP,850990
8517846,64,192,9314,2015,25631.0,35623.0,1.157924,1.2045629999999998,DNK,SGP,850990
8517847,68,192,9314,2015,0.0,144805.0,-0.183053,1.765036,EGY,SGP,850990
8517848,71,192,9314,2015,5534.0,0.0,0.8173590000000001,2.442556,ESP,SGP,850990
8517849,72,192,9314,2015,1142.0,0.0,0.9281149999999999,1.1780389999999998,EST,SGP,850990
8517850,74,192,9314,2015,17822.0,2148.0,1.597817,0.998059,FIN,SGP,850990
8517851,75,192,9314,2015,0.0,2233.0,-0.481968,-0.201468,FJI,SGP,850990
8517852,77,192,9314,2015,110829.0,133021.0,1.479792,0.6490239999999999,FRA,SGP,850990
8517853,81,192,9314,2015,356371.0,277565.0,1.7422990000000003,0.75838,GBR,SGP,850990
8517854,97,192,9314,2015,754511.0,366310.0,0.8255290000000001,1.8017279999999998,HKG,SGP,850990
8517855,102,192,9314,2015,17322.0,5279.0,1.462839,0.803258,HUN,SGP,850990
8517856,103,192,9314,2015,76218.0,391722.0,-0.145103,1.277362,IDN,SGP,850990
8517857,104,192,9314,2015,12207.0,20007.0,0.24230900000000002,2.8190880000000003,IND,SGP,850990
8517858,110,192,9314,2015,16670.0,15017.0,1.260071,0.545545,ISR,SGP,850990
8517859,111,192,9314,2015,95790.0,0.0,1.321127,0.747046,ITA,SGP,850990
8517860,114,192,9314,2015,147919.0,340684.0,2.516133,-0.484202,JPN,SGP,850990
8517861,116,192,9314,2015,0.0,874.0,-0.453564,0.433325,KEN,SGP,850990
8517862,118,192,9314,2015,0.0,18607.0,-0.791985,-0.833046,KHM,SGP,850990
8517863,121,192,9314,2015,232470.0,502020.0,1.900653,0.859406,KOR,SGP,850990
8517864,122,192,9314,2015,0.0,8607.0,-0.352023,-1.153057,KWT,SGP,850990
8517865,123,192,9314,2015,0.0,15319.0,-0.927524,-0.74525,LAO,SGP,850990
8517866,124,192,9314,2015,2107.0,1279.0,0.317355,1.330374,LBN,SGP,850990
8517867,128,192,9314,2015,0.0,22964.0,-0.6773399999999999,0.386343,LKA,SGP,850990
8517868,131,192,9314,2015,0.0,5789.0,1.218924,1.247152,LUX,SGP,850990
8517869,133,192,9314,2015,2695.0,0.0,0.296288,0.32009499999999996,MAC,SGP,850990
8517870,134,192,9314,2015,0.0,3193.0,-0.7554810000000001,-0.059697,MAR,SGP,850990
8517871,137,192,9314,2015,0.0,22462.0,-0.321571,-0.858751,MDV,SGP,850990
8517872,138,192,9314,2015,25332.0,0.0,1.169724,0.61457,MEX,SGP,850990
8517873,142,192,9314,2015,106280.0,0.0,0.880893,-0.117585,MLT,SGP,850990
8517874,143,192,9314,2015,0.0,40989.0,-1.4596120000000001,-0.903904,MMR,SGP,850990
8517875,145,192,9314,2015,0.0,3106.0,-1.244368,-1.196677,MNG,SGP,850990
8517876,151,192,9314,2015,0.0,2011.0,-0.231762,-0.195051,MUS,SGP,850990
8517877,153,192,9314,2015,6108913.0,8184160.0,1.082803,0.811615,MYS,SGP,850990
8517878,162,192,9314,2015,18157.0,15323.0,1.230104,1.27344,NLD,SGP,850990
8517879,163,192,9314,2015,49641.0,0.0,0.950708,0.314339,NOR,SGP,850990
8517880,166,192,9314,2015,4573.0,50562.0,0.224598,0.253179,NZL,SGP,850990
8517881,167,192,9314,2015,0.0,2190.0,-0.4699,-1.00451,OMN,SGP,850990
8517882,168,192,9314,2015,0.0,5286.0,-0.7059979999999999,0.73501,PAK,SGP,850990
8517883,169,192,9314,2015,0.0,2014.0,0.642058,0.833392,PAN,SGP,850990
8517884,174,192,9314,2015,16862.0,728238.0,0.6406270000000001,0.45770200000000005,PHL,SGP,850990
8517885,177,192,9314,2015,198864.0,4466.0,1.145844,1.1449280000000002,POL,SGP,850990
8517886,183,192,9314,2015,0.0,9520.0,-0.077053,-0.9922719999999999,QAT,SGP,850990
8517887,185,192,9314,2015,1586.0,0.0,0.946363,1.056775,ROU,SGP,850990
8517888,186,192,9314,2015,0.0,1290.0,0.23119,0.035965,RUS,SGP,850990
8517889,187,192,9314,2015,0.0,1889.0,-0.755738,-0.4423,RWA,SGP,850990
8517890,188,192,9314,2015,0.0,22810.0,0.5552520000000001,-0.7263229999999999,SAU,SGP,850990
8517891,195,192,9314,2015,0.0,1389.0,-1.167451,-0.931206,SLB,SGP,850990
8517892,201,192,9314,2015,0.0,803.0,0.457042,1.324908,SRB,SGP,850990
8517893,206,192,9314,2015,1408.0,0.0,1.287133,0.7900560000000001,SVK,SGP,850990
8517894,207,192,9314,2015,72867.0,1524.0,1.6089879999999999,0.833616,SVN,SGP,850990
8517895,208,192,9314,2015,5965.0,0.0,1.8068349999999997,0.693389,SWE,SGP,850990
8517896,211,192,9314,2015,0.0,5885.0,1.017467,-0.285569,SYC,SGP,850990
8517897,216,192,9314,2015,15398.0,187834.0,0.965888,1.368572,THA,SGP,850990
8517898,223,192,9314,2015,625.0,0.0,0.140202,0.967591,TUN,SGP,850990
8517899,224,192,9314,2015,1234.0,62890.0,0.438669,2.519632,TUR,SGP,850990
8517900,228,192,9314,2015,0.0,7241.0,0.429879,0.701813,UKR,SGP,850990
8517901,230,192,9314,2015,0.0,1211.0,0.273876,-0.363695,URY,SGP,850990
8517902,231,192,9314,2015,1026766.0,135671.0,1.720478,-0.129322,USA,SGP,850990
8517903,239,192,9314,2015,12563.0,266412.0,-0.17108900000000002,1.10995,VNM,SGP,850990
8517904,246,192,9314,2015,0.0,1288.0,0.24944699999999997,1.7573159999999999,ZAF,SGP,850990
8517905,249,192,9314,2015,1811296.0,176850.0,1.962832,1.214982,TWN,SGP,850990
8517906,39,197,9314,2015,0.0,6202.0,0.695867,1.171676,CAN,SLV,850990
8517907,43,197,9314,2015,8634.0,0.0,1.077143,1.735757,CHN,SLV,850990
8517908,61,197,9314,2015,2889.0,0.0,2.203818,-2.307561,DEU,SLV,850990
8517909,93,197,9314,2015,48830.0,10124.0,-0.284403,0.525564,GTM,SLV,850990
8517910,99,197,9314,2015,0.0,6995.0,-0.578635,-0.292053,HND,SLV,850990
8517911,111,197,9314,2015,1485.0,0.0,1.321127,0.747046,ITA,SLV,850990
8517912,138,197,9314,2015,82086.0,0.0,1.169724,0.61457,MEX,SLV,850990
8517913,160,197,9314,2015,0.0,3224.0,-1.102989,-0.952276,NIC,SLV,850990
8517914,169,197,9314,2015,5528.0,0.0,0.642058,0.833392,PAN,SLV,850990
8517915,173,197,9314,2015,1288.0,0.0,-0.6007819999999999,0.32152800000000004,PER,SLV,850990
8517916,231,197,9314,2015,2514310.0,0.0,1.720478,-0.129322,USA,SLV,850990
8517917,39,205,9314,2015,1697.0,0.0,0.695867,1.171676,CAN,SUR,850990
8517918,162,205,9314,2015,4385.0,0.0,1.230104,1.27344,NLD,SUR,850990
8517919,169,205,9314,2015,5130.0,0.0,0.642058,0.833392,PAN,SUR,850990
8517920,231,205,9314,2015,155484.0,0.0,1.720478,-0.129322,USA,SUR,850990
8517921,7,208,9314,2015,0.0,31141.0,0.21779600000000002,-0.0047420000000000006,ARE,SWE,850990
8517922,8,208,9314,2015,0.0,1899.0,0.116896,0.30330999999999997,ARG,SWE,850990
8517923,14,208,9314,2015,2857.0,249066.0,-0.292325,-0.043489,AUS,SWE,850990
8517924,15,208,9314,2015,31772.0,30692.0,1.747098,-0.08026699999999999,AUT,SWE,850990
8517925,16,208,9314,2015,0.0,913.0,-0.983347,-1.231542,AZE,SWE,850990
8517926,18,208,9314,2015,88225.0,33344.0,1.329866,1.100641,BEL,SWE,850990
8517927,23,208,9314,2015,0.0,1214.0,0.45640699999999995,1.691455,BGR,SWE,850990
8517928,32,208,9314,2015,0.0,8066.0,0.23656799999999997,0.688607,BRA,SWE,850990
8517929,33,208,9314,2015,0.0,4834.0,0.453689,0.039237,BRB,SWE,850990
8517930,34,208,9314,2015,0.0,779.0,1.093564,-0.679211,BRN,SWE,850990
8517931,39,208,9314,2015,31725.0,51234.0,0.695867,1.171676,CAN,SWE,850990
8517932,41,208,9314,2015,30885.0,198235.0,2.306075,0.720781,CHE,SWE,850990
8517933,42,208,9314,2015,0.0,4591.0,-0.356167,-0.47629399999999994,CHL,SWE,850990
8517934,43,208,9314,2015,2059428.0,265614.0,1.077143,1.735757,CHN,SWE,850990
8517935,49,208,9314,2015,0.0,1291.0,0.156383,-0.183055,COL,SWE,850990
8517936,59,208,9314,2015,187555.0,17143.0,1.743012,0.45424,CZE,SWE,850990
8517937,61,208,9314,2015,4985625.0,1225174.0,2.203818,-2.307561,DEU,SWE,850990
8517938,64,208,9314,2015,416737.0,1583453.0,1.157924,1.2045629999999998,DNK,SWE,850990
8517939,67,208,9314,2015,0.0,1715.0,-0.9845959999999999,-1.075639,ECU,SWE,850990
8517940,71,208,9314,2015,67105.0,89181.0,0.8173590000000001,2.442556,ESP,SWE,850990
8517941,72,208,9314,2015,163674.0,154686.0,0.9281149999999999,1.1780389999999998,EST,SWE,850990
8517942,73,208,9314,2015,0.0,868.0,-1.004896,-0.721019,ETH,SWE,850990
8517943,74,208,9314,2015,415469.0,1630490.0,1.597817,0.998059,FIN,SWE,850990
8517944,77,208,9314,2015,26462.0,426158.0,1.479792,0.6490239999999999,FRA,SWE,850990
8517945,78,208,9314,2015,0.0,9047.0,-0.700767,-0.9214399999999999,FRO,SWE,850990
8517946,81,208,9314,2015,194801.0,158814.0,1.7422990000000003,0.75838,GBR,SWE,850990
8517947,90,208,9314,2015,0.0,10464.0,0.099027,1.012289,GRC,SWE,850990
8517948,97,208,9314,2015,17028.0,18493.0,0.8255290000000001,1.8017279999999998,HKG,SWE,850990
8517949,99,208,9314,2015,0.0,1024.0,-0.578635,-0.292053,HND,SWE,850990
8517950,100,208,9314,2015,2011.0,0.0,0.7590140000000001,1.257415,HRV,SWE,850990
8517951,102,208,9314,2015,24719.0,111334.0,1.462839,0.803258,HUN,SWE,850990
8517952,103,208,9314,2015,0.0,3162.0,-0.145103,1.277362,IDN,SWE,850990
8517953,104,208,9314,2015,0.0,14094.0,0.24230900000000002,2.8190880000000003,IND,SWE,850990
8517954,106,208,9314,2015,0.0,3703.0,1.304942,0.126431,IRL,SWE,850990
8517955,109,208,9314,2015,0.0,29585.0,0.24527600000000002,-0.411616,ISL,SWE,850990
8517956,110,208,9314,2015,7279.0,22743.0,1.260071,0.545545,ISR,SWE,850990
8517957,111,208,9314,2015,1460111.0,128720.0,1.321127,0.747046,ITA,SWE,850990
8517958,113,208,9314,2015,0.0,2991.0,0.121172,0.457301,JOR,SWE,850990
8517959,114,208,9314,2015,0.0,20044.0,2.516133,-0.484202,JPN,SWE,850990
8517960,121,208,9314,2015,28668.0,31428.0,1.900653,0.859406,KOR,SWE,850990
8517961,122,208,9314,2015,0.0,11839.0,-0.352023,-1.153057,KWT,SWE,850990
8517962,124,208,9314,2015,1978.0,0.0,0.317355,1.330374,LBN,SWE,850990
8517963,128,208,9314,2015,0.0,5401.0,-0.6773399999999999,0.386343,LKA,SWE,850990
8517964,130,208,9314,2015,716924.0,55138.0,0.749429,1.3659860000000001,LTU,SWE,850990
8517965,131,208,9314,2015,3144.0,1680.0,1.218924,1.247152,LUX,SWE,850990
8517966,132,208,9314,2015,387368.0,66629.0,0.602209,1.125357,LVA,SWE,850990
8517967,134,208,9314,2015,0.0,34189.0,-0.7554810000000001,-0.059697,MAR,SWE,850990
8517968,138,208,9314,2015,57154.0,1416.0,1.169724,0.61457,MEX,SWE,850990
8517969,140,208,9314,2015,0.0,783.0,-0.09009600000000001,-0.147359,MKD,SWE,850990
8517970,144,208,9314,2015,4240.0,0.0,-0.048385000000000004,-0.150759,MNE,SWE,850990
8517971,145,208,9314,2015,0.0,2123.0,-1.244368,-1.196677,MNG,SWE,850990
8517972,153,208,9314,2015,0.0,2329.0,1.082803,0.811615,MYS,SWE,850990
8517973,156,208,9314,2015,0.0,1106.0,-0.727911,-0.844562,NCL,SWE,850990
8517974,159,208,9314,2015,0.0,1207.0,-1.415451,-1.157829,NGA,SWE,850990
8517975,160,208,9314,2015,0.0,10505.0,-1.102989,-0.952276,NIC,SWE,850990
8517976,162,208,9314,2015,370396.0,232309.0,1.230104,1.27344,NLD,SWE,850990
8517977,163,208,9314,2015,268545.0,3789540.0,0.950708,0.314339,NOR,SWE,850990
8517978,164,208,9314,2015,0.0,3052.0,-0.290416,0.456716,NPL,SWE,850990
8517979,166,208,9314,2015,6279.0,108653.0,0.224598,0.253179,NZL,SWE,850990
8517980,167,208,9314,2015,0.0,2344.0,-0.4699,-1.00451,OMN,SWE,850990
8517981,173,208,9314,2015,0.0,6287.0,-0.6007819999999999,0.32152800000000004,PER,SWE,850990
8517982,174,208,9314,2015,0.0,1342.0,0.6406270000000001,0.45770200000000005,PHL,SWE,850990
8517983,177,208,9314,2015,110997.0,108568.0,1.145844,1.1449280000000002,POL,SWE,850990
8517984,179,208,9314,2015,171954.0,1648.0,0.561922,2.2276380000000002,PRT,SWE,850990
8517985,183,208,9314,2015,0.0,3462.0,-0.077053,-0.9922719999999999,QAT,SWE,850990
8517986,185,208,9314,2015,0.0,37441.0,0.946363,1.056775,ROU,SWE,850990
8517987,186,208,9314,2015,0.0,3741.0,0.23119,0.035965,RUS,SWE,850990
8517988,188,208,9314,2015,0.0,7861.0,0.5552520000000001,-0.7263229999999999,SAU,SWE,850990
8517989,192,208,9314,2015,0.0,5965.0,2.05613,0.593065,SGP,SWE,850990
8517990,201,208,9314,2015,51355.0,6597.0,0.457042,1.324908,SRB,SWE,850990
8517991,206,208,9314,2015,7644.0,32207.0,1.287133,0.7900560000000001,SVK,SWE,850990
8517992,207,208,9314,2015,147727.0,5281.0,1.6089879999999999,0.833616,SVN,SWE,850990
8517993,216,208,9314,2015,37094.0,3542.0,0.965888,1.368572,THA,SWE,850990
8517994,222,208,9314,2015,0.0,3229.0,-0.462837,-1.117621,TTO,SWE,850990
8517995,224,208,9314,2015,35658.0,27868.0,0.438669,2.519632,TUR,SWE,850990
8517996,228,208,9314,2015,0.0,5033.0,0.429879,0.701813,UKR,SWE,850990
8517997,231,208,9314,2015,457167.0,761194.0,1.720478,-0.129322,USA,SWE,850990
8517998,239,208,9314,2015,0.0,2330.0,-0.17108900000000002,1.10995,VNM,SWE,850990
8517999,246,208,9314,2015,2570.0,11320.0,0.24944699999999997,1.7573159999999999,ZAF,SWE,850990
8518000,249,208,9314,2015,464632.0,13206.0,1.962832,1.214982,TWN,SWE,850990
8518001,7,216,9314,2015,0.0,80762.0,0.21779600000000002,-0.0047420000000000006,ARE,THA,850990
8518002,14,216,9314,2015,1551.0,1435.0,-0.292325,-0.043489,AUS,THA,850990
8518003,32,216,9314,2015,6645.0,1000.0,0.23656799999999997,0.688607,BRA,THA,850990
8518004,41,216,9314,2015,140491.0,10569.0,2.306075,0.720781,CHE,THA,850990
8518005,42,216,9314,2015,0.0,4852.0,-0.356167,-0.47629399999999994,CHL,THA,850990
8518006,43,216,9314,2015,2050323.0,49130.0,1.077143,1.735757,CHN,THA,850990
8518007,61,216,9314,2015,40032.0,416362.0,2.203818,-2.307561,DEU,THA,850990
8518008,64,216,9314,2015,18824.0,0.0,1.157924,1.2045629999999998,DNK,THA,850990
8518009,68,216,9314,2015,0.0,580103.0,-0.183053,1.765036,EGY,THA,850990
8518010,71,216,9314,2015,5023.0,12910.0,0.8173590000000001,2.442556,ESP,THA,850990
8518011,74,216,9314,2015,12863.0,0.0,1.597817,0.998059,FIN,THA,850990
8518012,77,216,9314,2015,21962.0,37640.0,1.479792,0.6490239999999999,FRA,THA,850990
8518013,81,216,9314,2015,47006.0,34995.0,1.7422990000000003,0.75838,GBR,THA,850990
8518014,90,216,9314,2015,1170.0,0.0,0.099027,1.012289,GRC,THA,850990
8518015,97,216,9314,2015,69648.0,45945.0,0.8255290000000001,1.8017279999999998,HKG,THA,850990
8518016,102,216,9314,2015,1363.0,0.0,1.462839,0.803258,HUN,THA,850990
8518017,103,216,9314,2015,1522.0,25118.0,-0.145103,1.277362,IDN,THA,850990
8518018,104,216,9314,2015,5549.0,1360.0,0.24230900000000002,2.8190880000000003,IND,THA,850990
8518019,111,216,9314,2015,224895.0,1187.0,1.321127,0.747046,ITA,THA,850990
8518020,113,216,9314,2015,0.0,1801.0,0.121172,0.457301,JOR,THA,850990
8518021,114,216,9314,2015,333163.0,2692133.0,2.516133,-0.484202,JPN,THA,850990
8518022,121,216,9314,2015,101932.0,19820.0,1.900653,0.859406,KOR,THA,850990
8518023,122,216,9314,2015,0.0,2568.0,-0.352023,-1.153057,KWT,THA,850990
8518024,123,216,9314,2015,0.0,157968.0,-0.927524,-0.74525,LAO,THA,850990
8518025,124,216,9314,2015,0.0,8325.0,0.317355,1.330374,LBN,THA,850990
8518026,128,216,9314,2015,0.0,2170.0,-0.6773399999999999,0.386343,LKA,THA,850990
8518027,137,216,9314,2015,0.0,4703.0,-0.321571,-0.858751,MDV,THA,850990
8518028,143,216,9314,2015,0.0,8575.0,-1.4596120000000001,-0.903904,MMR,THA,850990
8518029,153,216,9314,2015,389522.0,43576.0,1.082803,0.811615,MYS,THA,850990
8518030,162,216,9314,2015,16790.0,3257.0,1.230104,1.27344,NLD,THA,850990
8518031,166,216,9314,2015,0.0,1647.0,0.224598,0.253179,NZL,THA,850990
8518032,167,216,9314,2015,0.0,2660.0,-0.4699,-1.00451,OMN,THA,850990
8518033,174,216,9314,2015,0.0,19500.0,0.6406270000000001,0.45770200000000005,PHL,THA,850990
8518034,177,216,9314,2015,0.0,1234.0,1.145844,1.1449280000000002,POL,THA,850990
8518035,183,216,9314,2015,13134.0,0.0,-0.077053,-0.9922719999999999,QAT,THA,850990
8518036,186,216,9314,2015,0.0,3124.0,0.23119,0.035965,RUS,THA,850990
8518037,188,216,9314,2015,0.0,103169.0,0.5552520000000001,-0.7263229999999999,SAU,THA,850990
8518038,192,216,9314,2015,187834.0,15398.0,2.05613,0.593065,SGP,THA,850990
8518039,206,216,9314,2015,2583.0,31736.0,1.287133,0.7900560000000001,SVK,THA,850990
8518040,207,216,9314,2015,14395.0,0.0,1.6089879999999999,0.833616,SVN,THA,850990
8518041,208,216,9314,2015,3542.0,37094.0,1.8068349999999997,0.693389,SWE,THA,850990
8518042,224,216,9314,2015,3341.0,1377.0,0.438669,2.519632,TUR,THA,850990
8518043,231,216,9314,2015,731279.0,3345.0,1.720478,-0.129322,USA,THA,850990
8518044,239,216,9314,2015,122302.0,40360.0,-0.17108900000000002,1.10995,VNM,THA,850990
8518045,249,216,9314,2015,58690.0,1428806.0,1.962832,1.214982,TWN,THA,850990
8518046,14,222,9314,2015,1147.0,0.0,-0.292325,-0.043489,AUS,TTO,850990
8518047,43,222,9314,2015,3683.0,0.0,1.077143,1.735757,CHN,TTO,850990
8518048,81,222,9314,2015,2078.0,0.0,1.7422990000000003,0.75838,GBR,TTO,850990
8518049,138,222,9314,2015,3386.0,0.0,1.169724,0.61457,MEX,TTO,850990
8518050,169,222,9314,2015,7179.0,0.0,0.642058,0.833392,PAN,TTO,850990
8518051,208,222,9314,2015,3229.0,0.0,1.8068349999999997,0.693389,SWE,TTO,850990
8518052,231,222,9314,2015,290335.0,0.0,1.720478,-0.129322,USA,TTO,850990
8518053,4,224,9314,2015,0.0,6752.0,-0.601875,-0.27003,ALB,TUR,850990
8518054,7,224,9314,2015,4529.0,12230.0,0.21779600000000002,-0.0047420000000000006,ARE,TUR,850990
8518055,8,224,9314,2015,0.0,2419.0,0.116896,0.30330999999999997,ARG,TUR,850990
8518056,9,224,9314,2015,0.0,2.0,0.037579,-0.42448800000000003,ARM,TUR,850990
8518057,14,224,9314,2015,0.0,7614.0,-0.292325,-0.043489,AUS,TUR,850990
8518058,15,224,9314,2015,2078.0,1176.0,1.747098,-0.08026699999999999,AUT,TUR,850990
8518059,16,224,9314,2015,0.0,32038.0,-0.983347,-1.231542,AZE,TUR,850990
8518060,18,224,9314,2015,52480.0,6285.0,1.329866,1.100641,BEL,TUR,850990
8518061,23,224,9314,2015,23665.0,37218.0,0.45640699999999995,1.691455,BGR,TUR,850990
8518062,26,224,9314,2015,0.0,15558.0,0.355903,0.723092,BIH,TUR,850990
8518063,31,224,9314,2015,0.0,1090.0,-1.051562,-1.067714,BOL,TUR,850990
8518064,39,224,9314,2015,4293.0,2394.0,0.695867,1.171676,CAN,TUR,850990
8518065,41,224,9314,2015,26471.0,1223864.0,2.306075,0.720781,CHE,TUR,850990
8518066,43,224,9314,2015,14809480.0,23909.0,1.077143,1.735757,CHN,TUR,850990
8518067,47,224,9314,2015,0.0,1559.0,-1.294823,-1.18811,COG,TUR,850990
8518068,58,224,9314,2015,0.0,76534.0,0.511225,-0.207261,CYP,TUR,850990
8518069,59,224,9314,2015,1604.0,20766.0,1.743012,0.45424,CZE,TUR,850990
8518070,61,224,9314,2015,3924754.0,1719349.0,2.203818,-2.307561,DEU,TUR,850990
8518071,64,224,9314,2015,9026.0,3409.0,1.157924,1.2045629999999998,DNK,TUR,850990
8518072,66,224,9314,2015,0.0,3776.0,-1.54346,-1.255633,DZA,TUR,850990
8518073,68,224,9314,2015,0.0,80581.0,-0.183053,1.765036,EGY,TUR,850990
8518074,71,224,9314,2015,77838.0,5531.0,0.8173590000000001,2.442556,ESP,TUR,850990
8518075,72,224,9314,2015,0.0,897.0,0.9281149999999999,1.1780389999999998,EST,TUR,850990
8518076,73,224,9314,2015,0.0,1892.0,-1.004896,-0.721019,ETH,TUR,850990
8518077,74,224,9314,2015,8803.0,2784.0,1.597817,0.998059,FIN,TUR,850990
8518078,77,224,9314,2015,381430.0,3599348.0,1.479792,0.6490239999999999,FRA,TUR,850990
8518079,81,224,9314,2015,6862.0,92129.0,1.7422990000000003,0.75838,GBR,TUR,850990
8518080,82,224,9314,2015,0.0,18220.0,-0.343663,-0.588017,GEO,TUR,850990
8518081,90,224,9314,2015,0.0,5552.0,0.099027,1.012289,GRC,TUR,850990
8518082,97,224,9314,2015,84340.0,7589.0,0.8255290000000001,1.8017279999999998,HKG,TUR,850990
8518083,100,224,9314,2015,0.0,1880.0,0.7590140000000001,1.257415,HRV,TUR,850990
8518084,102,224,9314,2015,562942.0,127141.0,1.462839,0.803258,HUN,TUR,850990
8518085,104,224,9314,2015,0.0,7212.0,0.24230900000000002,2.8190880000000003,IND,TUR,850990
8518086,107,224,9314,2015,22653.0,212965.0,-0.258946,-0.0073420000000000004,IRN,TUR,850990
8518087,108,224,9314,2015,0.0,92012.0,-1.465803,-0.912113,IRQ,TUR,850990
8518088,110,224,9314,2015,0.0,21033.0,1.260071,0.545545,ISR,TUR,850990
8518089,111,224,9314,2015,943450.0,126355.0,1.321127,0.747046,ITA,TUR,850990
8518090,113,224,9314,2015,0.0,26885.0,0.121172,0.457301,JOR,TUR,850990
8518091,114,224,9314,2015,3898.0,0.0,2.516133,-0.484202,JPN,TUR,850990
8518092,115,224,9314,2015,0.0,61868.0,-0.45091499999999995,-0.652026,KAZ,TUR,850990
8518093,117,224,9314,2015,0.0,3242.0,0.02058,0.438692,KGZ,TUR,850990
8518094,121,224,9314,2015,60573.0,950.0,1.900653,0.859406,KOR,TUR,850990
8518095,122,224,9314,2015,0.0,13069.0,-0.352023,-1.153057,KWT,TUR,850990
8518096,124,224,9314,2015,0.0,8339.0,0.317355,1.330374,LBN,TUR,850990
8518097,126,224,9314,2015,0.0,73960.0,-1.3257219999999998,-1.260453,LBY,TUR,850990
8518098,130,224,9314,2015,0.0,6105.0,0.749429,1.3659860000000001,LTU,TUR,850990
8518099,134,224,9314,2015,0.0,2798.0,-0.7554810000000001,-0.059697,MAR,TUR,850990
8518100,137,224,9314,2015,0.0,1541.0,-0.321571,-0.858751,MDV,TUR,850990
8518101,138,224,9314,2015,25432.0,0.0,1.169724,0.61457,MEX,TUR,850990
8518102,140,224,9314,2015,0.0,10328.0,-0.09009600000000001,-0.147359,MKD,TUR,850990
8518103,142,224,9314,2015,0.0,1691.0,0.880893,-0.117585,MLT,TUR,850990
8518104,144,224,9314,2015,0.0,1918.0,-0.048385000000000004,-0.150759,MNE,TUR,850990
8518105,145,224,9314,2015,0.0,3322.0,-1.244368,-1.196677,MNG,TUR,850990
8518106,153,224,9314,2015,142943.0,4881.0,1.082803,0.811615,MYS,TUR,850990
8518107,159,224,9314,2015,0.0,983.0,-1.415451,-1.157829,NGA,TUR,850990
8518108,162,224,9314,2015,105811.0,4699.0,1.230104,1.27344,NLD,TUR,850990
8518109,163,224,9314,2015,1103.0,2362.0,0.950708,0.314339,NOR,TUR,850990
8518110,167,224,9314,2015,0.0,4551.0,-0.4699,-1.00451,OMN,TUR,850990
8518111,177,224,9314,2015,594628.0,1919663.0,1.145844,1.1449280000000002,POL,TUR,850990
8518112,179,224,9314,2015,12946.0,18857.0,0.561922,2.2276380000000002,PRT,TUR,850990
8518113,181,224,9314,2015,0.0,760.0,0.060575,0.5649489999999999,PSE,TUR,850990
8518114,183,224,9314,2015,0.0,1602.0,-0.077053,-0.9922719999999999,QAT,TUR,850990
8518115,185,224,9314,2015,16488.0,29387.0,0.946363,1.056775,ROU,TUR,850990
8518116,186,224,9314,2015,0.0,3668.0,0.23119,0.035965,RUS,TUR,850990
8518117,188,224,9314,2015,0.0,23951.0,0.5552520000000001,-0.7263229999999999,SAU,TUR,850990
8518118,191,224,9314,2015,0.0,2142.0,-0.708349,-0.296663,SEN,TUR,850990
8518119,192,224,9314,2015,62890.0,1234.0,2.05613,0.593065,SGP,TUR,850990
8518120,201,224,9314,2015,0.0,45464.0,0.457042,1.324908,SRB,TUR,850990
8518121,206,224,9314,2015,1688.0,4362.0,1.287133,0.7900560000000001,SVK,TUR,850990
8518122,207,224,9314,2015,3213603.0,519966.0,1.6089879999999999,0.833616,SVN,TUR,850990
8518123,208,224,9314,2015,27868.0,35658.0,1.8068349999999997,0.693389,SWE,TUR,850990
8518124,212,224,9314,2015,0.0,32920.0,-0.603532,0.313216,SYR,TUR,850990
8518125,216,224,9314,2015,1377.0,3341.0,0.965888,1.368572,THA,TUR,850990
8518126,217,224,9314,2015,0.0,2976.0,-1.134216,-1.174245,TJK,TUR,850990
8518127,219,224,9314,2015,0.0,87017.0,-1.546516,-1.315803,TKM,TUR,850990
8518128,223,224,9314,2015,0.0,27234.0,0.140202,0.967591,TUN,TUR,850990
8518129,226,224,9314,2015,0.0,6335.0,-1.02395,-0.017509999999999998,TZA,TUR,850990
8518130,228,224,9314,2015,5556.0,5683.0,0.429879,0.701813,UKR,TUR,850990
8518131,231,224,9314,2015,518249.0,21389.0,1.720478,-0.129322,USA,TUR,850990
8518132,232,224,9314,2015,0.0,1821.0,-0.724966,-0.599292,UZB,TUR,850990
8518133,239,224,9314,2015,8361.0,0.0,-0.17108900000000002,1.10995,VNM,TUR,850990
8518134,243,224,9314,2015,0.0,5355.0,-1.048632,-1.10843,YEM,TUR,850990
8518135,246,224,9314,2015,0.0,12600.0,0.24944699999999997,1.7573159999999999,ZAF,TUR,850990
8518136,249,224,9314,2015,6569.0,0.0,1.962832,1.214982,TWN,TUR,850990
8518137,2,228,9314,2015,0.0,6109.0,-1.6542,-1.2598989999999999,AGO,UKR,850990
8518138,7,228,9314,2015,0.0,1224.0,0.21779600000000002,-0.0047420000000000006,ARE,UKR,850990
8518139,15,228,9314,2015,1160.0,0.0,1.747098,-0.08026699999999999,AUT,UKR,850990
8518140,16,228,9314,2015,0.0,6255.0,-0.983347,-1.231542,AZE,UKR,850990
8518141,18,228,9314,2015,3969.0,0.0,1.329866,1.100641,BEL,UKR,850990
8518142,39,228,9314,2015,22165.0,1435.0,0.695867,1.171676,CAN,UKR,850990
8518143,41,228,9314,2015,2600.0,0.0,2.306075,0.720781,CHE,UKR,850990
8518144,43,228,9314,2015,269180.0,0.0,1.077143,1.735757,CHN,UKR,850990
8518145,59,228,9314,2015,2431.0,0.0,1.743012,0.45424,CZE,UKR,850990
8518146,61,228,9314,2015,151164.0,2134.0,2.203818,-2.307561,DEU,UKR,850990
8518147,64,228,9314,2015,12052.0,0.0,1.157924,1.2045629999999998,DNK,UKR,850990
8518148,71,228,9314,2015,1257.0,0.0,0.8173590000000001,2.442556,ESP,UKR,850990
8518149,72,228,9314,2015,6875.0,0.0,0.9281149999999999,1.1780389999999998,EST,UKR,850990
8518150,77,228,9314,2015,162081.0,0.0,1.479792,0.6490239999999999,FRA,UKR,850990
8518151,81,228,9314,2015,33611.0,329447.0,1.7422990000000003,0.75838,GBR,UKR,850990
8518152,82,228,9314,2015,0.0,1109.0,-0.343663,-0.588017,GEO,UKR,850990
8518153,97,228,9314,2015,1373.0,0.0,0.8255290000000001,1.8017279999999998,HKG,UKR,850990
8518154,102,228,9314,2015,219459.0,2199245.0,1.462839,0.803258,HUN,UKR,850990
8518155,106,228,9314,2015,1295.0,0.0,1.304942,0.126431,IRL,UKR,850990
8518156,111,228,9314,2015,256574.0,0.0,1.321127,0.747046,ITA,UKR,850990
8518157,121,228,9314,2015,46268.0,0.0,1.900653,0.859406,KOR,UKR,850990
8518158,130,228,9314,2015,1472.0,0.0,0.749429,1.3659860000000001,LTU,UKR,850990
8518159,135,228,9314,2015,0.0,7467.0,-0.313837,-0.20393,MDA,UKR,850990
8518160,162,228,9314,2015,4613.0,0.0,1.230104,1.27344,NLD,UKR,850990
8518161,177,228,9314,2015,567506.0,0.0,1.145844,1.1449280000000002,POL,UKR,850990
8518162,185,228,9314,2015,9784.0,0.0,0.946363,1.056775,ROU,UKR,850990
8518163,186,228,9314,2015,5339.0,0.0,0.23119,0.035965,RUS,UKR,850990
8518164,192,228,9314,2015,7241.0,0.0,2.05613,0.593065,SGP,UKR,850990
8518165,207,228,9314,2015,34915.0,0.0,1.6089879999999999,0.833616,SVN,UKR,850990
8518166,208,228,9314,2015,5033.0,0.0,1.8068349999999997,0.693389,SWE,UKR,850990
8518167,224,228,9314,2015,5683.0,5556.0,0.438669,2.519632,TUR,UKR,850990
8518168,231,228,9314,2015,6916.0,0.0,1.720478,-0.129322,USA,UKR,850990
8518169,239,228,9314,2015,3098.0,0.0,-0.17108900000000002,1.10995,VNM,UKR,850990
8518170,249,228,9314,2015,6190.0,0.0,1.962832,1.214982,TWN,UKR,850990
8518171,7,230,9314,2015,0.0,1215.0,0.21779600000000002,-0.0047420000000000006,ARE,URY,850990
8518172,8,230,9314,2015,10603.0,0.0,0.116896,0.30330999999999997,ARG,URY,850990
8518173,32,230,9314,2015,26475.0,0.0,0.23656799999999997,0.688607,BRA,URY,850990
8518174,42,230,9314,2015,159575.0,0.0,-0.356167,-0.47629399999999994,CHL,URY,850990
8518175,43,230,9314,2015,258587.0,0.0,1.077143,1.735757,CHN,URY,850990
8518176,61,230,9314,2015,8884.0,0.0,2.203818,-2.307561,DEU,URY,850990
8518177,64,230,9314,2015,1922.0,0.0,1.157924,1.2045629999999998,DNK,URY,850990
8518178,71,230,9314,2015,19135.0,0.0,0.8173590000000001,2.442556,ESP,URY,850990
8518179,102,230,9314,2015,1077.0,0.0,1.462839,0.803258,HUN,URY,850990
8518180,111,230,9314,2015,37922.0,0.0,1.321127,0.747046,ITA,URY,850990
8518181,121,230,9314,2015,1957.0,0.0,1.900653,0.859406,KOR,URY,850990
8518182,192,230,9314,2015,1211.0,0.0,2.05613,0.593065,SGP,URY,850990
8518183,207,230,9314,2015,0.0,745.0,1.6089879999999999,0.833616,SVN,URY,850990
8518184,231,230,9314,2015,27234.0,0.0,1.720478,-0.129322,USA,URY,850990
8518185,249,230,9314,2015,4020.0,0.0,1.962832,1.214982,TWN,URY,850990
8518186,0,231,9314,2015,0.0,22438.0,0.8526809999999999,-0.043541,ABW,USA,850990
8518187,1,231,9314,2015,0.0,10884.0,-1.249655,-0.9094459999999999,AFG,USA,850990
8518188,2,231,9314,2015,0.0,83878.0,-1.6542,-1.2598989999999999,AGO,USA,850990
8518189,7,231,9314,2015,0.0,766302.0,0.21779600000000002,-0.0047420000000000006,ARE,USA,850990
8518190,8,231,9314,2015,0.0,715910.0,0.116896,0.30330999999999997,ARG,USA,850990
8518191,13,231,9314,2015,0.0,45286.0,0.43318,-0.552045,ATG,USA,850990
8518192,14,231,9314,2015,229899.0,2869965.0,-0.292325,-0.043489,AUS,USA,850990
8518193,15,231,9314,2015,80408.0,112391.0,1.747098,-0.08026699999999999,AUT,USA,850990
8518194,16,231,9314,2015,0.0,25166.0,-0.983347,-1.231542,AZE,USA,850990
8518195,18,231,9314,2015,458056.0,8948739.0,1.329866,1.100641,BEL,USA,850990
8518196,21,231,9314,2015,0.0,903.0,-1.085359,-1.034365,BFA,USA,850990
8518197,22,231,9314,2015,0.0,3711.0,-1.088465,-0.8745360000000001,BGD,USA,850990
8518198,23,231,9314,2015,50273.0,64329.0,0.45640699999999995,1.691455,BGR,USA,850990
8518199,24,231,9314,2015,0.0,58241.0,0.36650900000000003,-0.28735,BHR,USA,850990
8518200,25,231,9314,2015,0.0,172783.0,0.669493,-0.37838099999999997,BHS,USA,850990
8518201,26,231,9314,2015,0.0,21153.0,0.355903,0.723092,BIH,USA,850990
8518202,28,231,9314,2015,0.0,12564.0,0.672499,0.5584020000000001,BLR,USA,850990
8518203,29,231,9314,2015,0.0,45027.0,-0.24283600000000002,-0.577408,BLZ,USA,850990
8518204,30,231,9314,2015,0.0,32836.0,0.974592,-0.636426,BMU,USA,850990
8518205,31,231,9314,2015,0.0,52710.0,-1.051562,-1.067714,BOL,USA,850990
8518206,32,231,9314,2015,15206.0,853220.0,0.23656799999999997,0.688607,BRA,USA,850990
8518207,33,231,9314,2015,0.0,64841.0,0.453689,0.039237,BRB,USA,850990
8518208,34,231,9314,2015,0.0,3724.0,1.093564,-0.679211,BRN,USA,850990
8518209,37,231,9314,2015,0.0,1817.0,-0.14164200000000002,-1.0372059999999999,BWA,USA,850990
8518210,39,231,9314,2015,4974172.0,25965764.0,0.695867,1.171676,CAN,USA,850990
8518211,41,231,9314,2015,404737.0,221800.0,2.306075,0.720781,CHE,USA,850990
8518212,42,231,9314,2015,0.0,736179.0,-0.356167,-0.47629399999999994,CHL,USA,850990
8518213,43,231,9314,2015,196927936.0,5485421.0,1.077143,1.735757,CHN,USA,850990
8518214,45,231,9314,2015,0.0,28127.0,-0.924366,-1.040721,CMR,USA,850990
8518215,47,231,9314,2015,0.0,493.0,-1.294823,-1.18811,COG,USA,850990
8518216,49,231,9314,2015,7330.0,654439.0,0.156383,-0.183055,COL,USA,850990
8518217,52,231,9314,2015,17139.0,2462552.0,0.24859699999999998,-0.033143,CRI,USA,850990
8518218,55,231,9314,2015,0.0,24109.0,0.296267,-0.6313350000000001,CUW,USA,850990
8518219,57,231,9314,2015,0.0,14613.0,0.275472,-0.831835,CYM,USA,850990
8518220,58,231,9314,2015,0.0,12743.0,0.511225,-0.207261,CYP,USA,850990
8518221,59,231,9314,2015,154174.0,1576377.0,1.743012,0.45424,CZE,USA,850990
8518222,61,231,9314,2015,9575982.0,6325287.0,2.203818,-2.307561,DEU,USA,850990
8518223,63,231,9314,2015,0.0,3149.0,0.0735,-0.44923599999999997,DMA,USA,850990
8518224,64,231,9314,2015,36555.0,85133.0,1.157924,1.2045629999999998,DNK,USA,850990
8518225,65,231,9314,2015,38229.0,719351.0,-0.212808,0.395873,DOM,USA,850990
8518226,66,231,9314,2015,0.0,2435.0,-1.54346,-1.255633,DZA,USA,850990
8518227,67,231,9314,2015,0.0,4756124.0,-0.9845959999999999,-1.075639,ECU,USA,850990
8518228,68,231,9314,2015,0.0,197113.0,-0.183053,1.765036,EGY,USA,850990
8518229,71,231,9314,2015,30418.0,758143.0,0.8173590000000001,2.442556,ESP,USA,850990
8518230,72,231,9314,2015,8304.0,13128.0,0.9281149999999999,1.1780389999999998,EST,USA,850990
8518231,73,231,9314,2015,0.0,2139.0,-1.004896,-0.721019,ETH,USA,850990
8518232,74,231,9314,2015,66844.0,139032.0,1.597817,0.998059,FIN,USA,850990
8518233,77,231,9314,2015,171276.0,471374.0,1.479792,0.6490239999999999,FRA,USA,850990
8518234,80,231,9314,2015,0.0,13294.0,-1.384351,-1.209873,GAB,USA,850990
8518235,81,231,9314,2015,540674.0,2688829.0,1.7422990000000003,0.75838,GBR,USA,850990
8518236,82,231,9314,2015,0.0,10224.0,-0.343663,-0.588017,GEO,USA,850990
8518237,83,231,9314,2015,0.0,5255.0,-0.750568,-0.690257,GHA,USA,850990
8518238,85,231,9314,2015,0.0,27052.0,-1.288329,-1.167532,GIN,USA,850990
8518239,90,231,9314,2015,0.0,15828.0,0.099027,1.012289,GRC,USA,850990
8518240,91,231,9314,2015,0.0,8638.0,0.296552,-0.335908,GRD,USA,850990
8518241,93,231,9314,2015,0.0,2287088.0,-0.284403,0.525564,GTM,USA,850990
8518242,96,231,9314,2015,0.0,47150.0,-1.018758,-1.056085,GUY,USA,850990
8518243,97,231,9314,2015,3340742.0,2652296.0,0.8255290000000001,1.8017279999999998,HKG,USA,850990
8518244,99,231,9314,2015,0.0,802775.0,-0.578635,-0.292053,HND,USA,850990
8518245,100,231,9314,2015,0.0,3950.0,0.7590140000000001,1.257415,HRV,USA,850990
8518246,101,231,9314,2015,0.0,11470.0,-1.288246,-1.018979,HTI,USA,850990
8518247,102,231,9314,2015,481573.0,105202.0,1.462839,0.803258,HUN,USA,850990
8518248,103,231,9314,2015,3838.0,144685.0,-0.145103,1.277362,IDN,USA,850990
8518249,104,231,9314,2015,9250293.0,620093.0,0.24230900000000002,2.8190880000000003,IND,USA,850990
8518250,106,231,9314,2015,18919.0,105278.0,1.304942,0.126431,IRL,USA,850990
8518251,108,231,9314,2015,0.0,25803.0,-1.465803,-0.912113,IRQ,USA,850990
8518252,109,231,9314,2015,0.0,4694.0,0.24527600000000002,-0.411616,ISL,USA,850990
8518253,110,231,9314,2015,148786.0,899749.0,1.260071,0.545545,ISR,USA,850990
8518254,111,231,9314,2015,2443118.0,537072.0,1.321127,0.747046,ITA,USA,850990
8518255,112,231,9314,2015,0.0,62679.0,-0.438267,-0.828097,JAM,USA,850990
8518256,113,231,9314,2015,0.0,26992.0,0.121172,0.457301,JOR,USA,850990
8518257,114,231,9314,2015,852392.0,2225786.0,2.516133,-0.484202,JPN,USA,850990
8518258,115,231,9314,2015,0.0,3819.0,-0.45091499999999995,-0.652026,KAZ,USA,850990
8518259,116,231,9314,2015,0.0,1876.0,-0.453564,0.433325,KEN,USA,850990
8518260,117,231,9314,2015,0.0,1002.0,0.02058,0.438692,KGZ,USA,850990
8518261,120,231,9314,2015,0.0,58632.0,0.8252430000000001,-0.436662,KNA,USA,850990
8518262,121,231,9314,2015,4327860.0,9836046.0,1.900653,0.859406,KOR,USA,850990
8518263,122,231,9314,2015,0.0,295652.0,-0.352023,-1.153057,KWT,USA,850990
8518264,124,231,9314,2015,0.0,76310.0,0.317355,1.330374,LBN,USA,850990
8518265,127,231,9314,2015,0.0,11816.0,0.5410590000000001,-0.484234,LCA,USA,850990
8518266,128,231,9314,2015,0.0,1789.0,-0.6773399999999999,0.386343,LKA,USA,850990
8518267,130,231,9314,2015,3672.0,15150.0,0.749429,1.3659860000000001,LTU,USA,850990
8518268,131,231,9314,2015,3371.0,1968.0,1.218924,1.247152,LUX,USA,850990
8518269,132,231,9314,2015,0.0,58996.0,0.602209,1.125357,LVA,USA,850990
8518270,133,231,9314,2015,0.0,17592.0,0.296288,0.32009499999999996,MAC,USA,850990
8518271,134,231,9314,2015,0.0,1194.0,-0.7554810000000001,-0.059697,MAR,USA,850990
8518272,135,231,9314,2015,0.0,1137.0,-0.313837,-0.20393,MDA,USA,850990
8518273,136,231,9314,2015,0.0,52288.0,-1.15947,-0.497217,MDG,USA,850990
8518274,137,231,9314,2015,0.0,6349.0,-0.321571,-0.858751,MDV,USA,850990
8518275,138,231,9314,2015,36033752.0,36302616.0,1.169724,0.61457,MEX,USA,850990
8518276,140,231,9314,2015,0.0,3362.0,-0.09009600000000001,-0.147359,MKD,USA,850990
8518277,142,231,9314,2015,0.0,5606.0,0.880893,-0.117585,MLT,USA,850990
8518278,143,231,9314,2015,0.0,13844.0,-1.4596120000000001,-0.903904,MMR,USA,850990
8518279,144,231,9314,2015,0.0,37252.0,-0.048385000000000004,-0.150759,MNE,USA,850990
8518280,145,231,9314,2015,0.0,19796.0,-1.244368,-1.196677,MNG,USA,850990
8518281,149,231,9314,2015,0.0,4681.0,1.6649060000000002,-0.49319799999999997,MSR,USA,850990
8518282,151,231,9314,2015,2621.0,6437.0,-0.231762,-0.195051,MUS,USA,850990
8518283,153,231,9314,2015,10368409.0,128932.0,1.082803,0.811615,MYS,USA,850990
8518284,156,231,9314,2015,0.0,3764.0,-0.727911,-0.844562,NCL,USA,850990
8518285,157,231,9314,2015,0.0,2742.0,-1.517292,-1.033891,NER,USA,850990
8518286,159,231,9314,2015,0.0,100269.0,-1.415451,-1.157829,NGA,USA,850990
8518287,160,231,9314,2015,0.0,361712.0,-1.102989,-0.952276,NIC,USA,850990
8518288,162,231,9314,2015,319636.0,377826.0,1.230104,1.27344,NLD,USA,850990
8518289,163,231,9314,2015,6924.0,348192.0,0.950708,0.314339,NOR,USA,850990
8518290,166,231,9314,2015,66760.0,326260.0,0.224598,0.253179,NZL,USA,850990
8518291,167,231,9314,2015,0.0,3990.0,-0.4699,-1.00451,OMN,USA,850990
8518292,168,231,9314,2015,6133.0,10829.0,-0.7059979999999999,0.73501,PAK,USA,850990
8518293,169,231,9314,2015,0.0,903906.0,0.642058,0.833392,PAN,USA,850990
8518294,173,231,9314,2015,0.0,696537.0,-0.6007819999999999,0.32152800000000004,PER,USA,850990
8518295,174,231,9314,2015,40695.0,374486.0,0.6406270000000001,0.45770200000000005,PHL,USA,850990
8518296,175,231,9314,2015,0.0,802.0,0.353098,-0.590496,PLW,USA,850990
8518297,176,231,9314,2015,0.0,2700.0,-1.710939,-1.266333,PNG,USA,850990
8518298,177,231,9314,2015,100239.0,251161.0,1.145844,1.1449280000000002,POL,USA,850990
8518299,179,231,9314,2015,3638.0,304591.0,0.561922,2.2276380000000002,PRT,USA,850990
8518300,180,231,9314,2015,0.0,34849.0,-0.471106,-0.9431139999999999,PRY,USA,850990
8518301,181,231,9314,2015,0.0,262.0,0.060575,0.5649489999999999,PSE,USA,850990
8518302,182,231,9314,2015,0.0,3192.0,-0.301696,-0.795154,PYF,USA,850990
8518303,183,231,9314,2015,0.0,37953.0,-0.077053,-0.9922719999999999,QAT,USA,850990
8518304,185,231,9314,2015,50931.0,55916.0,0.946363,1.056775,ROU,USA,850990
8518305,186,231,9314,2015,0.0,419501.0,0.23119,0.035965,RUS,USA,850990
8518306,188,231,9314,2015,0.0,4485210.0,0.5552520000000001,-0.7263229999999999,SAU,USA,850990
8518307,192,231,9314,2015,135671.0,1026766.0,2.05613,0.593065,SGP,USA,850990
8518308,196,231,9314,2015,3224.0,11593.0,0.072324,-0.255235,SLE,USA,850990
8518309,197,231,9314,2015,0.0,2514310.0,0.05531900000000001,0.169073,SLV,USA,850990
8518310,201,231,9314,2015,0.0,16954.0,0.457042,1.324908,SRB,USA,850990
8518311,205,231,9314,2015,0.0,155484.0,-0.570361,-1.005072,SUR,USA,850990
8518312,206,231,9314,2015,0.0,9516.0,1.287133,0.7900560000000001,SVK,USA,850990
8518313,207,231,9314,2015,859103.0,24132.0,1.6089879999999999,0.833616,SVN,USA,850990
8518314,208,231,9314,2015,761194.0,457167.0,1.8068349999999997,0.693389,SWE,USA,850990
8518315,210,231,9314,2015,0.0,7611.0,0.945973,-0.7548229999999999,SXM,USA,850990
8518316,213,231,9314,2015,0.0,14370.0,0.27341,-0.5579649999999999,TCA,USA,850990
8518317,216,231,9314,2015,3345.0,731279.0,0.965888,1.368572,THA,USA,850990
8518318,222,231,9314,2015,0.0,290335.0,-0.462837,-1.117621,TTO,USA,850990
8518319,223,231,9314,2015,4532.0,7203.0,0.140202,0.967591,TUN,USA,850990
8518320,224,231,9314,2015,21389.0,518249.0,0.438669,2.519632,TUR,USA,850990
8518321,226,231,9314,2015,0.0,1702.0,-1.02395,-0.017509999999999998,TZA,USA,850990
8518322,228,231,9314,2015,0.0,6916.0,0.429879,0.701813,UKR,USA,850990
8518323,230,231,9314,2015,0.0,27234.0,0.273876,-0.363695,URY,USA,850990
8518324,234,231,9314,2015,0.0,5062.0,0.087811,-0.35481999999999997,VCT,USA,850990
8518325,236,231,9314,2015,0.0,8479388.0,-0.9249129999999999,-1.1877280000000001,VEN,USA,850990
8518326,237,231,9314,2015,0.0,15124.0,0.914493,-0.31357399999999996,VGB,USA,850990
8518327,239,231,9314,2015,180060.0,63715.0,-0.17108900000000002,1.10995,VNM,USA,850990
8518328,246,231,9314,2015,0.0,423595.0,0.24944699999999997,1.7573159999999999,ZAF,USA,850990
8518329,249,231,9314,2015,3896236.0,413231.0,1.962832,1.214982,TWN,USA,850990
8518330,43,236,9314,2015,118075.0,0.0,1.077143,1.735757,CHN,VEN,850990
8518331,49,236,9314,2015,0.0,4198.0,0.156383,-0.183055,COL,VEN,850990
8518332,67,236,9314,2015,0.0,11461.0,-0.9845959999999999,-1.075639,ECU,VEN,850990
8518333,71,236,9314,2015,39256.0,0.0,0.8173590000000001,2.442556,ESP,VEN,850990
8518334,74,236,9314,2015,1497.0,0.0,1.597817,0.998059,FIN,VEN,850990
8518335,97,236,9314,2015,4788.0,0.0,0.8255290000000001,1.8017279999999998,HKG,VEN,850990
8518336,111,236,9314,2015,7615.0,0.0,1.321127,0.747046,ITA,VEN,850990
8518337,138,236,9314,2015,144911.0,0.0,1.169724,0.61457,MEX,VEN,850990
8518338,162,236,9314,2015,1150.0,0.0,1.230104,1.27344,NLD,VEN,850990
8518339,169,236,9314,2015,8668.0,0.0,0.642058,0.833392,PAN,VEN,850990
8518340,231,236,9314,2015,8479388.0,0.0,1.720478,-0.129322,USA,VEN,850990
8518341,7,243,9314,2015,10934.0,0.0,0.21779600000000002,-0.0047420000000000006,ARE,YEM,850990
8518342,43,243,9314,2015,209300.0,0.0,1.077143,1.735757,CHN,YEM,850990
8518343,68,243,9314,2015,905.0,0.0,-0.183053,1.765036,EGY,YEM,850990
8518344,104,243,9314,2015,19033.0,0.0,0.24230900000000002,2.8190880000000003,IND,YEM,850990
8518345,224,243,9314,2015,5355.0,0.0,0.438669,2.519632,TUR,YEM,850990
8518346,250,243,9314,2015,2960.0,0.0,0.377283,-0.092204,ANS,YEM,850990
8518347,2,246,9314,2015,0.0,7002.0,-1.6542,-1.2598989999999999,AGO,ZAF,850990
8518348,7,246,9314,2015,21065.0,9945.0,0.21779600000000002,-0.0047420000000000006,ARE,ZAF,850990
8518349,14,246,9314,2015,60503.0,17110.0,-0.292325,-0.043489,AUS,ZAF,850990
8518350,15,246,9314,2015,7516.0,2732.0,1.747098,-0.08026699999999999,AUT,ZAF,850990
8518351,18,246,9314,2015,6885.0,0.0,1.329866,1.100641,BEL,ZAF,850990
8518352,37,246,9314,2015,0.0,86683.0,-0.14164200000000002,-1.0372059999999999,BWA,ZAF,850990
8518353,39,246,9314,2015,4620.0,0.0,0.695867,1.171676,CAN,ZAF,850990
8518354,41,246,9314,2015,28384.0,0.0,2.306075,0.720781,CHE,ZAF,850990
8518355,43,246,9314,2015,450631.0,0.0,1.077143,1.735757,CHN,ZAF,850990
8518356,46,246,9314,2015,0.0,5905.0,-1.3921290000000002,-1.146549,COD,ZAF,850990
8518357,47,246,9314,2015,0.0,1026.0,-1.294823,-1.18811,COG,ZAF,850990
8518358,59,246,9314,2015,8366.0,0.0,1.743012,0.45424,CZE,ZAF,850990
8518359,61,246,9314,2015,191698.0,1880.0,2.203818,-2.307561,DEU,ZAF,850990
8518360,64,246,9314,2015,10256.0,0.0,1.157924,1.2045629999999998,DNK,ZAF,850990
8518361,77,246,9314,2015,22695.0,0.0,1.479792,0.6490239999999999,FRA,ZAF,850990
8518362,81,246,9314,2015,237510.0,0.0,1.7422990000000003,0.75838,GBR,ZAF,850990
8518363,83,246,9314,2015,0.0,14689.0,-0.750568,-0.690257,GHA,ZAF,850990
8518364,97,246,9314,2015,63686.0,0.0,0.8255290000000001,1.8017279999999998,HKG,ZAF,850990
8518365,102,246,9314,2015,1947.0,0.0,1.462839,0.803258,HUN,ZAF,850990
8518366,104,246,9314,2015,2747.0,0.0,0.24230900000000002,2.8190880000000003,IND,ZAF,850990
8518367,106,246,9314,2015,14512.0,0.0,1.304942,0.126431,IRL,ZAF,850990
8518368,111,246,9314,2015,294872.0,0.0,1.321127,0.747046,ITA,ZAF,850990
8518369,116,246,9314,2015,0.0,16342.0,-0.453564,0.433325,KEN,ZAF,850990
8518370,121,246,9314,2015,6719.0,0.0,1.900653,0.859406,KOR,ZAF,850990
8518371,129,246,9314,2015,0.0,32784.0,-0.910168,-0.870865,LSO,ZAF,850990
8518372,136,246,9314,2015,0.0,2069.0,-1.15947,-0.497217,MDG,ZAF,850990
8518373,137,246,9314,2015,0.0,735.0,-0.321571,-0.858751,MDV,ZAF,850990
8518374,138,246,9314,2015,30796.0,0.0,1.169724,0.61457,MEX,ZAF,850990
8518375,147,246,9314,2015,0.0,78867.0,-1.293809,-1.115069,MOZ,ZAF,850990
8518376,151,246,9314,2015,0.0,24580.0,-0.231762,-0.195051,MUS,ZAF,850990
8518377,152,246,9314,2015,0.0,2795.0,-0.549862,-0.8753190000000001,MWI,ZAF,850990
8518378,153,246,9314,2015,4394.0,0.0,1.082803,0.811615,MYS,ZAF,850990
8518379,155,246,9314,2015,3685.0,178572.0,-0.43457399999999996,-0.665655,NAM,ZAF,850990
8518380,159,246,9314,2015,0.0,2204.0,-1.415451,-1.157829,NGA,ZAF,850990
8518381,162,246,9314,2015,4134.0,0.0,1.230104,1.27344,NLD,ZAF,850990
8518382,166,246,9314,2015,0.0,5024.0,0.224598,0.253179,NZL,ZAF,850990
8518383,177,246,9314,2015,13948.0,0.0,1.145844,1.1449280000000002,POL,ZAF,850990
8518384,179,246,9314,2015,1593.0,0.0,0.561922,2.2276380000000002,PRT,ZAF,850990
8518385,185,246,9314,2015,3377.0,0.0,0.946363,1.056775,ROU,ZAF,850990
8518386,191,246,9314,2015,0.0,815.0,-0.708349,-0.296663,SEN,ZAF,850990
8518387,192,246,9314,2015,1288.0,0.0,2.05613,0.593065,SGP,ZAF,850990
8518388,206,246,9314,2015,1335.0,0.0,1.287133,0.7900560000000001,SVK,ZAF,850990
8518389,207,246,9314,2015,2583.0,0.0,1.6089879999999999,0.833616,SVN,ZAF,850990
8518390,208,246,9314,2015,11320.0,2570.0,1.8068349999999997,0.693389,SWE,ZAF,850990
8518391,209,246,9314,2015,0.0,30767.0,0.257467,-0.402491,SWZ,ZAF,850990
8518392,211,246,9314,2015,0.0,3661.0,1.017467,-0.285569,SYC,ZAF,850990
8518393,224,246,9314,2015,12600.0,0.0,0.438669,2.519632,TUR,ZAF,850990
8518394,226,246,9314,2015,0.0,2276.0,-1.02395,-0.017509999999999998,TZA,ZAF,850990
8518395,227,246,9314,2015,0.0,2672.0,-0.611023,0.078961,UGA,ZAF,850990
8518396,231,246,9314,2015,423595.0,0.0,1.720478,-0.129322,USA,ZAF,850990
8518397,247,246,9314,2015,2014.0,50999.0,-0.44792,-0.769586,ZMB,ZAF,850990
8518398,248,246,9314,2015,0.0,61690.0,-0.838017,-0.9400270000000001,ZWE,ZAF,850990
8518399,249,246,9314,2015,4223.0,0.0,1.962832,1.214982,TWN,ZAF,850990
8518400,250,246,9314,2015,1048.0,0.0,0.377283,-0.092204,ANS,ZAF,850990
8518401,7,249,9314,2015,0.0,13301.0,0.21779600000000002,-0.0047420000000000006,ARE,TWN,850990
8518402,14,249,9314,2015,0.0,32417.0,-0.292325,-0.043489,AUS,TWN,850990
8518403,15,249,9314,2015,0.0,10395.0,1.747098,-0.08026699999999999,AUT,TWN,850990
8518404,18,249,9314,2015,13229.0,3188.0,1.329866,1.100641,BEL,TWN,850990
8518405,23,249,9314,2015,0.0,2996.0,0.45640699999999995,1.691455,BGR,TWN,850990
8518406,24,249,9314,2015,0.0,1771.0,0.36650900000000003,-0.28735,BHR,TWN,850990
8518407,32,249,9314,2015,0.0,1631.0,0.23656799999999997,0.688607,BRA,TWN,850990
8518408,37,249,9314,2015,0.0,931.0,-0.14164200000000002,-1.0372059999999999,BWA,TWN,850990
8518409,39,249,9314,2015,1334.0,92272.0,0.695867,1.171676,CAN,TWN,850990
8518410,41,249,9314,2015,53983.0,987251.0,2.306075,0.720781,CHE,TWN,850990
8518411,42,249,9314,2015,0.0,1519.0,-0.356167,-0.47629399999999994,CHL,TWN,850990
8518412,43,249,9314,2015,4336258.0,2638588.0,1.077143,1.735757,CHN,TWN,850990
8518413,49,249,9314,2015,0.0,2135.0,0.156383,-0.183055,COL,TWN,850990
8518414,52,249,9314,2015,0.0,2939.0,0.24859699999999998,-0.033143,CRI,TWN,850990
8518415,59,249,9314,2015,5937.0,2953.0,1.743012,0.45424,CZE,TWN,850990
8518416,61,249,9314,2015,428230.0,162964.0,2.203818,-2.307561,DEU,TWN,850990
8518417,64,249,9314,2015,3976.0,3880.0,1.157924,1.2045629999999998,DNK,TWN,850990
8518418,67,249,9314,2015,0.0,82030.0,-0.9845959999999999,-1.075639,ECU,TWN,850990
8518419,68,249,9314,2015,0.0,1215473.0,-0.183053,1.765036,EGY,TWN,850990
8518420,71,249,9314,2015,9742.0,4915.0,0.8173590000000001,2.442556,ESP,TWN,850990
8518421,72,249,9314,2015,0.0,3527.0,0.9281149999999999,1.1780389999999998,EST,TWN,850990
8518422,74,249,9314,2015,1023.0,4373.0,1.597817,0.998059,FIN,TWN,850990
8518423,75,249,9314,2015,0.0,3165.0,-0.481968,-0.201468,FJI,TWN,850990
8518424,77,249,9314,2015,365912.0,71998.0,1.479792,0.6490239999999999,FRA,TWN,850990
8518425,81,249,9314,2015,1836506.0,66988.0,1.7422990000000003,0.75838,GBR,TWN,850990
8518426,97,249,9314,2015,107041.0,811916.0,0.8255290000000001,1.8017279999999998,HKG,TWN,850990
8518427,99,249,9314,2015,0.0,1203.0,-0.578635,-0.292053,HND,TWN,850990
8518428,102,249,9314,2015,33654.0,92461.0,1.462839,0.803258,HUN,TWN,850990
8518429,103,249,9314,2015,0.0,695322.0,-0.145103,1.277362,IDN,TWN,850990
8518430,104,249,9314,2015,3075.0,1605470.0,0.24230900000000002,2.8190880000000003,IND,TWN,850990
8518431,107,249,9314,2015,0.0,59616.0,-0.258946,-0.0073420000000000004,IRN,TWN,850990
8518432,109,249,9314,2015,0.0,580.0,0.24527600000000002,-0.411616,ISL,TWN,850990
8518433,110,249,9314,2015,0.0,3420.0,1.260071,0.545545,ISR,TWN,850990
8518434,111,249,9314,2015,290556.0,50090.0,1.321127,0.747046,ITA,TWN,850990
8518435,114,249,9314,2015,258284.0,580947.0,2.516133,-0.484202,JPN,TWN,850990
8518436,118,249,9314,2015,0.0,1502.0,-0.791985,-0.833046,KHM,TWN,850990
8518437,121,249,9314,2015,187075.0,17829.0,1.900653,0.859406,KOR,TWN,850990
8518438,122,249,9314,2015,0.0,8355.0,-0.352023,-1.153057,KWT,TWN,850990
8518439,128,249,9314,2015,0.0,6464.0,-0.6773399999999999,0.386343,LKA,TWN,850990
8518440,134,249,9314,2015,0.0,1991.0,-0.7554810000000001,-0.059697,MAR,TWN,850990
8518441,138,249,9314,2015,14313.0,48557.0,1.169724,0.61457,MEX,TWN,850990
8518442,153,249,9314,2015,2550383.0,91178.0,1.082803,0.811615,MYS,TWN,850990
8518443,160,249,9314,2015,0.0,1996.0,-1.102989,-0.952276,NIC,TWN,850990
8518444,162,249,9314,2015,3381.0,1025951.0,1.230104,1.27344,NLD,TWN,850990
8518445,163,249,9314,2015,0.0,5669.0,0.950708,0.314339,NOR,TWN,850990
8518446,166,249,9314,2015,0.0,4230.0,0.224598,0.253179,NZL,TWN,850990
8518447,173,249,9314,2015,0.0,1088.0,-0.6007819999999999,0.32152800000000004,PER,TWN,850990
8518448,174,249,9314,2015,0.0,13121.0,0.6406270000000001,0.45770200000000005,PHL,TWN,850990
8518449,175,249,9314,2015,0.0,884.0,0.353098,-0.590496,PLW,TWN,850990
8518450,176,249,9314,2015,0.0,6651.0,-1.710939,-1.266333,PNG,TWN,850990
8518451,177,249,9314,2015,11259.0,2520.0,1.145844,1.1449280000000002,POL,TWN,850990
8518452,185,249,9314,2015,0.0,13441.0,0.946363,1.056775,ROU,TWN,850990
8518453,186,249,9314,2015,0.0,9613.0,0.23119,0.035965,RUS,TWN,850990
8518454,188,249,9314,2015,0.0,21064.0,0.5552520000000001,-0.7263229999999999,SAU,TWN,850990
8518455,192,249,9314,2015,176850.0,1811296.0,2.05613,0.593065,SGP,TWN,850990
8518456,201,249,9314,2015,0.0,791.0,0.457042,1.324908,SRB,TWN,850990
8518457,206,249,9314,2015,0.0,6851.0,1.287133,0.7900560000000001,SVK,TWN,850990
8518458,208,249,9314,2015,13206.0,464632.0,1.8068349999999997,0.693389,SWE,TWN,850990
8518459,216,249,9314,2015,1428806.0,58690.0,0.965888,1.368572,THA,TWN,850990
8518460,223,249,9314,2015,0.0,6030.0,0.140202,0.967591,TUN,TWN,850990
8518461,224,249,9314,2015,0.0,6569.0,0.438669,2.519632,TUR,TWN,850990
8518462,228,249,9314,2015,0.0,6190.0,0.429879,0.701813,UKR,TWN,850990
8518463,230,249,9314,2015,0.0,4020.0,0.273876,-0.363695,URY,TWN,850990
8518464,231,249,9314,2015,413231.0,3896236.0,1.720478,-0.129322,USA,TWN,850990
8518465,239,249,9314,2015,11971.0,137359.0,-0.17108900000000002,1.10995,VNM,TWN,850990
8518466,246,249,9314,2015,0.0,4223.0,0.24944699999999997,1.7573159999999999,ZAF,TWN,850990
8518467,250,249,9314,2015,77113.0,0.0,0.377283,-0.092204,ANS,TWN,850990
8518468,0,250,9314,2015,0.0,32170.0,0.8526809999999999,-0.043541,ABW,ANS,850990
8518469,7,250,9314,2015,4088.0,0.0,0.21779600000000002,-0.0047420000000000006,ARE,ANS,850990
8518470,25,250,9314,2015,0.0,2224.0,0.669493,-0.37838099999999997,BHS,ANS,850990
8518471,34,250,9314,2015,0.0,22685.0,1.093564,-0.679211,BRN,ANS,850990
8518472,42,250,9314,2015,52284.0,18326.0,-0.356167,-0.47629399999999994,CHL,ANS,850990
8518473,43,250,9314,2015,0.0,4227.0,1.077143,1.735757,CHN,ANS,850990
8518474,44,250,9314,2015,0.0,3821.0,-0.856142,-0.905292,CIV,ANS,850990
8518475,47,250,9314,2015,0.0,4065.0,-1.294823,-1.18811,COG,ANS,850990
8518476,59,250,9314,2015,0.0,3334.0,1.743012,0.45424,CZE,ANS,850990
8518477,64,250,9314,2015,4622.0,0.0,1.157924,1.2045629999999998,DNK,ANS,850990
8518478,71,250,9314,2015,0.0,3591.0,0.8173590000000001,2.442556,ESP,ANS,850990
8518479,72,250,9314,2015,0.0,87298.0,0.9281149999999999,1.1780389999999998,EST,ANS,850990
8518480,77,250,9314,2015,0.0,87999.0,1.479792,0.6490239999999999,FRA,ANS,850990
8518481,104,250,9314,2015,0.0,72614.0,0.24230900000000002,2.8190880000000003,IND,ANS,850990
8518482,106,250,9314,2015,0.0,179846.0,1.304942,0.126431,IRL,ANS,850990
8518483,107,250,9314,2015,0.0,51915.0,-0.258946,-0.0073420000000000004,IRN,ANS,850990
8518484,127,250,9314,2015,0.0,2373.0,0.5410590000000001,-0.484234,LCA,ANS,850990
8518485,131,250,9314,2015,0.0,73174.0,1.218924,1.247152,LUX,ANS,850990
8518486,136,250,9314,2015,0.0,5020.0,-1.15947,-0.497217,MDG,ANS,850990
8518487,162,250,9314,2015,1460.0,1815.0,1.230104,1.27344,NLD,ANS,850990
8518488,169,250,9314,2015,67632.0,0.0,0.642058,0.833392,PAN,ANS,850990
8518489,177,250,9314,2015,3992.0,4367.0,1.145844,1.1449280000000002,POL,ANS,850990
8518490,186,250,9314,2015,0.0,635.0,0.23119,0.035965,RUS,ANS,850990
8518491,206,250,9314,2015,0.0,296792.0,1.287133,0.7900560000000001,SVK,ANS,850990
8518492,223,250,9314,2015,0.0,9259.0,0.140202,0.967591,TUN,ANS,850990
8518493,239,250,9314,2015,0.0,175208.0,-0.17108900000000002,1.10995,VNM,ANS,850990
8518494,243,250,9314,2015,0.0,2960.0,-1.048632,-1.10843,YEM,ANS,850990
8518495,246,250,9314,2015,0.0,1048.0,0.24944699999999997,1.7573159999999999,ZAF,ANS,850990
8518496,249,250,9314,2015,0.0,77113.0,1.962832,1.214982,TWN,ANS,850990
8518497,7,2,9314,2015,12878.0,0.0,0.21779600000000002,-0.0047420000000000006,ARE,AGO,850990
8518498,18,2,9314,2015,555.0,0.0,1.329866,1.100641,BEL,AGO,850990
8518499,39,2,9314,2015,703.0,0.0,0.695867,1.171676,CAN,AGO,850990
8518500,43,2,9314,2015,24534.0,0.0,1.077143,1.735757,CHN,AGO,850990
8518501,47,2,9314,2015,0.0,26570.0,-1.294823,-1.18811,COG,AGO,850990
8518502,77,2,9314,2015,29814.0,0.0,1.479792,0.6490239999999999,FRA,AGO,850990
8518503,81,2,9314,2015,2914.0,0.0,1.7422990000000003,0.75838,GBR,AGO,850990
8518504,110,2,9314,2015,695.0,0.0,1.260071,0.545545,ISR,AGO,850990
8518505,111,2,9314,2015,8644.0,0.0,1.321127,0.747046,ITA,AGO,850990
8518506,121,2,9314,2015,1979.0,0.0,1.900653,0.859406,KOR,AGO,850990
8518507,155,2,9314,2015,6793.0,0.0,-0.43457399999999996,-0.665655,NAM,AGO,850990
8518508,162,2,9314,2015,962.0,0.0,1.230104,1.27344,NLD,AGO,850990
8518509,179,2,9314,2015,96646.0,0.0,0.561922,2.2276380000000002,PRT,AGO,850990
8518510,228,2,9314,2015,6109.0,0.0,0.429879,0.701813,UKR,AGO,850990
8518511,231,2,9314,2015,83878.0,0.0,1.720478,-0.129322,USA,AGO,850990
8518512,246,2,9314,2015,7002.0,0.0,0.24944699999999997,1.7573159999999999,ZAF,AGO,850990
8518513,18,9,9314,2015,3189.0,0.0,1.329866,1.100641,BEL,ARM,850990
8518514,43,9,9314,2015,3480.0,0.0,1.077143,1.735757,CHN,ARM,850990
8518515,61,9,9314,2015,4563.0,0.0,2.203818,-2.307561,DEU,ARM,850990
8518516,77,9,9314,2015,849.0,0.0,1.479792,0.6490239999999999,FRA,ARM,850990
8518517,100,9,9314,2015,2786.0,0.0,0.7590140000000001,1.257415,HRV,ARM,850990
8518518,111,9,9314,2015,1582.0,0.0,1.321127,0.747046,ITA,ARM,850990
8518519,124,9,9314,2015,15880.0,0.0,0.317355,1.330374,LBN,ARM,850990
8518520,132,9,9314,2015,3061.0,0.0,0.602209,1.125357,LVA,ARM,850990
8518521,177,9,9314,2015,1702.0,0.0,1.145844,1.1449280000000002,POL,ARM,850990
8518522,185,9,9314,2015,1324.0,0.0,0.946363,1.056775,ROU,ARM,850990
8518523,186,9,9314,2015,1038.0,0.0,0.23119,0.035965,RUS,ARM,850990
8518524,224,9,9314,2015,2.0,0.0,0.438669,2.519632,TUR,ARM,850990
8518525,7,14,9314,2015,26371.0,5502.0,0.21779600000000002,-0.0047420000000000006,ARE,AUS,850990
8518526,15,14,9314,2015,8984.0,0.0,1.747098,-0.08026699999999999,AUT,AUS,850990
8518527,18,14,9314,2015,6402.0,0.0,1.329866,1.100641,BEL,AUS,850990
8518528,23,14,9314,2015,3671.0,0.0,0.45640699999999995,1.691455,BGR,AUS,850990
8518529,24,14,9314,2015,0.0,1718.0,0.36650900000000003,-0.28735,BHR,AUS,850990
8518530,32,14,9314,2015,51093.0,0.0,0.23656799999999997,0.688607,BRA,AUS,850990
8518531,39,14,9314,2015,67619.0,0.0,0.695867,1.171676,CAN,AUS,850990
8518532,41,14,9314,2015,127266.0,5392.0,2.306075,0.720781,CHE,AUS,850990
8518533,43,14,9314,2015,4664162.0,2867.0,1.077143,1.735757,CHN,AUS,850990
8518534,59,14,9314,2015,6747.0,0.0,1.743012,0.45424,CZE,AUS,850990
8518535,61,14,9314,2015,1290770.0,9713.0,2.203818,-2.307561,DEU,AUS,850990
8518536,64,14,9314,2015,48017.0,0.0,1.157924,1.2045629999999998,DNK,AUS,850990
8518537,71,14,9314,2015,33015.0,0.0,0.8173590000000001,2.442556,ESP,AUS,850990
8518538,74,14,9314,2015,4400.0,0.0,1.597817,0.998059,FIN,AUS,850990
8518539,75,14,9314,2015,0.0,39125.0,-0.481968,-0.201468,FJI,AUS,850990
8518540,77,14,9314,2015,387088.0,1175.0,1.479792,0.6490239999999999,FRA,AUS,850990
8518541,81,14,9314,2015,572191.0,10001.0,1.7422990000000003,0.75838,GBR,AUS,850990
8518542,83,14,9314,2015,0.0,65247.0,-0.750568,-0.690257,GHA,AUS,850990
8518543,97,14,9314,2015,18315.0,14591.0,0.8255290000000001,1.8017279999999998,HKG,AUS,850990
8518544,102,14,9314,2015,35090.0,0.0,1.462839,0.803258,HUN,AUS,850990
8518545,103,14,9314,2015,185470.0,9441.0,-0.145103,1.277362,IDN,AUS,850990
8518546,104,14,9314,2015,9623.0,5803.0,0.24230900000000002,2.8190880000000003,IND,AUS,850990
8518547,106,14,9314,2015,49425.0,0.0,1.304942,0.126431,IRL,AUS,850990
8518548,110,14,9314,2015,0.0,7094.0,1.260071,0.545545,ISR,AUS,850990
8518549,111,14,9314,2015,1131332.0,3249.0,1.321127,0.747046,ITA,AUS,850990
8518550,114,14,9314,2015,11165.0,12577.0,2.516133,-0.484202,JPN,AUS,850990
8518551,121,14,9314,2015,287992.0,1135.0,1.900653,0.859406,KOR,AUS,850990
8518552,124,14,9314,2015,0.0,1049.0,0.317355,1.330374,LBN,AUS,850990
8518553,137,14,9314,2015,0.0,3909.0,-0.321571,-0.858751,MDV,AUS,850990
8518554,138,14,9314,2015,84696.0,0.0,1.169724,0.61457,MEX,AUS,850990
8518555,153,14,9314,2015,4011893.0,4241.0,1.082803,0.811615,MYS,AUS,850990
8518556,156,14,9314,2015,0.0,11184.0,-0.727911,-0.844562,NCL,AUS,850990
8518557,162,14,9314,2015,15070.0,0.0,1.230104,1.27344,NLD,AUS,850990
8518558,163,14,9314,2015,1021.0,1778.0,0.950708,0.314339,NOR,AUS,850990
8518559,166,14,9314,2015,51656.0,1031722.0,0.224598,0.253179,NZL,AUS,850990
8518560,174,14,9314,2015,0.0,12403.0,0.6406270000000001,0.45770200000000005,PHL,AUS,850990
8518561,176,14,9314,2015,0.0,11735.0,-1.710939,-1.266333,PNG,AUS,850990
8518562,177,14,9314,2015,39645.0,26165.0,1.145844,1.1449280000000002,POL,AUS,850990
8518563,179,14,9314,2015,15921.0,0.0,0.561922,2.2276380000000002,PRT,AUS,850990
8518564,183,14,9314,2015,0.0,2977.0,-0.077053,-0.9922719999999999,QAT,AUS,850990
8518565,185,14,9314,2015,1605.0,0.0,0.946363,1.056775,ROU,AUS,850990
8518566,192,14,9314,2015,224801.0,16667.0,2.05613,0.593065,SGP,AUS,850990
8518567,195,14,9314,2015,0.0,1831.0,-1.167451,-0.931206,SLB,AUS,850990
8518568,196,14,9314,2015,1077.0,0.0,0.072324,-0.255235,SLE,AUS,850990
8518569,206,14,9314,2015,1269.0,0.0,1.287133,0.7900560000000001,SVK,AUS,850990
8518570,207,14,9314,2015,142723.0,0.0,1.6089879999999999,0.833616,SVN,AUS,850990
8518571,208,14,9314,2015,249066.0,2857.0,1.8068349999999997,0.693389,SWE,AUS,850990
8518572,216,14,9314,2015,1435.0,1551.0,0.965888,1.368572,THA,AUS,850990
8518573,222,14,9314,2015,0.0,1147.0,-0.462837,-1.117621,TTO,AUS,850990
8518574,224,14,9314,2015,7614.0,0.0,0.438669,2.519632,TUR,AUS,850990
8518575,231,14,9314,2015,2869965.0,229899.0,1.720478,-0.129322,USA,AUS,850990
8518576,239,14,9314,2015,12512.0,3326.0,-0.17108900000000002,1.10995,VNM,AUS,850990
8518577,240,14,9314,2015,0.0,10452.0,-1.6531169999999997,-1.018974,VUT,AUS,850990
8518578,246,14,9314,2015,17110.0,60503.0,0.24944699999999997,1.7573159999999999,ZAF,AUS,850990
8518579,248,14,9314,2015,0.0,2163.0,-0.838017,-0.9400270000000001,ZWE,AUS,850990
8518580,249,14,9314,2015,32417.0,0.0,1.962832,1.214982,TWN,AUS,850990
8518581,41,16,9314,2015,2953.0,0.0,2.306075,0.720781,CHE,AZE,850990
8518582,43,16,9314,2015,5036.0,0.0,1.077143,1.735757,CHN,AZE,850990
8518583,61,16,9314,2015,20888.0,0.0,2.203818,-2.307561,DEU,AZE,850990
8518584,81,16,9314,2015,91648.0,0.0,1.7422990000000003,0.75838,GBR,AZE,850990
8518585,82,16,9314,2015,0.0,16054.0,-0.343663,-0.588017,GEO,AZE,850990
8518586,111,16,9314,2015,30295.0,0.0,1.321127,0.747046,ITA,AZE,850990
8518587,162,16,9314,2015,2332.0,0.0,1.230104,1.27344,NLD,AZE,850990
8518588,168,16,9314,2015,1565.0,0.0,-0.7059979999999999,0.73501,PAK,AZE,850990
8518589,177,16,9314,2015,4534.0,0.0,1.145844,1.1449280000000002,POL,AZE,850990
8518590,186,16,9314,2015,4558.0,0.0,0.23119,0.035965,RUS,AZE,850990
8518591,192,16,9314,2015,7922.0,0.0,2.05613,0.593065,SGP,AZE,850990
8518592,208,16,9314,2015,913.0,0.0,1.8068349999999997,0.693389,SWE,AZE,850990
8518593,224,16,9314,2015,32038.0,0.0,0.438669,2.519632,TUR,AZE,850990
8518594,228,16,9314,2015,6255.0,0.0,0.429879,0.701813,UKR,AZE,850990
8518595,231,16,9314,2015,25166.0,0.0,1.720478,-0.129322,USA,AZE,850990
8518596,43,22,9314,2015,15162.0,0.0,1.077143,1.735757,CHN,BGD,850990
8518597,61,22,9314,2015,3176.0,0.0,2.203818,-2.307561,DEU,BGD,850990
8518598,77,22,9314,2015,916.0,0.0,1.479792,0.6490239999999999,FRA,BGD,850990
8518599,104,22,9314,2015,10247.0,0.0,0.24230900000000002,2.8190880000000003,IND,BGD,850990
8518600,162,22,9314,2015,2853.0,0.0,1.230104,1.27344,NLD,BGD,850990
8518601,192,22,9314,2015,3731.0,0.0,2.05613,0.593065,SGP,BGD,850990
8518602,231,22,9314,2015,3711.0,0.0,1.720478,-0.129322,USA,BGD,850990
8518603,7,24,9314,2015,81894.0,4646.0,0.21779600000000002,-0.0047420000000000006,ARE,BHR,850990
8518604,14,24,9314,2015,1718.0,0.0,-0.292325,-0.043489,AUS,BHR,850990
8518605,15,24,9314,2015,950.0,0.0,1.747098,-0.08026699999999999,AUT,BHR,850990
8518606,39,24,9314,2015,4371.0,0.0,0.695867,1.171676,CAN,BHR,850990
8518607,41,24,9314,2015,15231.0,0.0,2.306075,0.720781,CHE,BHR,850990
8518608,43,24,9314,2015,18909.0,0.0,1.077143,1.735757,CHN,BHR,850990
8518609,59,24,9314,2015,2264.0,0.0,1.743012,0.45424,CZE,BHR,850990
8518610,61,24,9314,2015,29341.0,0.0,2.203818,-2.307561,DEU,BHR,850990
8518611,64,24,9314,2015,4197.0,0.0,1.157924,1.2045629999999998,DNK,BHR,850990
8518612,74,24,9314,2015,1288.0,0.0,1.597817,0.998059,FIN,BHR,850990
8518613,77,24,9314,2015,15256.0,0.0,1.479792,0.6490239999999999,FRA,BHR,850990
8518614,81,24,9314,2015,27668.0,0.0,1.7422990000000003,0.75838,GBR,BHR,850990
8518615,102,24,9314,2015,4065.0,0.0,1.462839,0.803258,HUN,BHR,850990
8518616,103,24,9314,2015,7372.0,0.0,-0.145103,1.277362,IDN,BHR,850990
8518617,104,24,9314,2015,8642.0,0.0,0.24230900000000002,2.8190880000000003,IND,BHR,850990
8518618,111,24,9314,2015,47698.0,0.0,1.321127,0.747046,ITA,BHR,850990
8518619,114,24,9314,2015,3440.0,0.0,2.516133,-0.484202,JPN,BHR,850990
8518620,121,24,9314,2015,2810.0,0.0,1.900653,0.859406,KOR,BHR,850990
8518621,122,24,9314,2015,0.0,63854.0,-0.352023,-1.153057,KWT,BHR,850990
8518622,138,24,9314,2015,1246.0,0.0,1.169724,0.61457,MEX,BHR,850990
8518623,177,24,9314,2015,1282.0,0.0,1.145844,1.1449280000000002,POL,BHR,850990
8518624,185,24,9314,2015,1253.0,0.0,0.946363,1.056775,ROU,BHR,850990
8518625,188,24,9314,2015,1880.0,39045.0,0.5552520000000001,-0.7263229999999999,SAU,BHR,850990
8518626,192,24,9314,2015,5997.0,0.0,2.05613,0.593065,SGP,BHR,850990
8518627,206,24,9314,2015,2227.0,0.0,1.287133,0.7900560000000001,SVK,BHR,850990
8518628,207,24,9314,2015,1032.0,0.0,1.6089879999999999,0.833616,SVN,BHR,850990
8518629,231,24,9314,2015,58241.0,0.0,1.720478,-0.129322,USA,BHR,850990
8518630,249,24,9314,2015,1771.0,0.0,1.962832,1.214982,TWN,BHR,850990
8518631,15,28,9314,2015,1667.0,0.0,1.747098,-0.08026699999999999,AUT,BLR,850990
8518632,43,28,9314,2015,46710.0,0.0,1.077143,1.735757,CHN,BLR,850990
8518633,59,28,9314,2015,9789.0,0.0,1.743012,0.45424,CZE,BLR,850990
8518634,61,28,9314,2015,89981.0,0.0,2.203818,-2.307561,DEU,BLR,850990
8518635,77,28,9314,2015,8624.0,0.0,1.479792,0.6490239999999999,FRA,BLR,850990
8518636,111,28,9314,2015,91385.0,0.0,1.321127,0.747046,ITA,BLR,850990
8518637,121,28,9314,2015,3598.0,0.0,1.900653,0.859406,KOR,BLR,850990
8518638,130,28,9314,2015,27594.0,0.0,0.749429,1.3659860000000001,LTU,BLR,850990
8518639,177,28,9314,2015,12691.0,0.0,1.145844,1.1449280000000002,POL,BLR,850990
8518640,185,28,9314,2015,1249.0,0.0,0.946363,1.056775,ROU,BLR,850990
8518641,186,28,9314,2015,57597.0,6377.0,0.23119,0.035965,RUS,BLR,850990
8518642,207,28,9314,2015,6134.0,0.0,1.6089879999999999,0.833616,SVN,BLR,850990
8518643,231,28,9314,2015,12564.0,0.0,1.720478,-0.129322,USA,BLR,850990
8518644,18,46,9314,2015,6156.0,0.0,1.329866,1.100641,BEL,COD,850990
8518645,43,46,9314,2015,7076.0,0.0,1.077143,1.735757,CHN,COD,850990
8518646,61,46,9314,2015,2171.0,0.0,2.203818,-2.307561,DEU,COD,850990
8518647,104,46,9314,2015,8740.0,0.0,0.24230900000000002,2.8190880000000003,IND,COD,850990
8518648,116,46,9314,2015,1138.0,0.0,-0.453564,0.433325,KEN,COD,850990
8518649,155,46,9314,2015,1592.0,0.0,-0.43457399999999996,-0.665655,NAM,COD,850990
8518650,187,46,9314,2015,2320.0,0.0,-0.755738,-0.4423,RWA,COD,850990
8518651,246,46,9314,2015,5905.0,0.0,0.24944699999999997,1.7573159999999999,ZAF,COD,850990
8518652,247,46,9314,2015,931.0,0.0,-0.44792,-0.769586,ZMB,COD,850990
8518653,7,68,9314,2015,70566.0,0.0,0.21779600000000002,-0.0047420000000000006,ARE,EGY,850990
8518654,41,68,9314,2015,2336.0,0.0,2.306075,0.720781,CHE,EGY,850990
8518655,43,68,9314,2015,7798880.0,0.0,1.077143,1.735757,CHN,EGY,850990
8518656,49,68,9314,2015,798.0,0.0,0.156383,-0.183055,COL,EGY,850990
8518657,59,68,9314,2015,0.0,799.0,1.743012,0.45424,CZE,EGY,850990
8518658,61,68,9314,2015,38044.0,3390.0,2.203818,-2.307561,DEU,EGY,850990
8518659,64,68,9314,2015,1714.0,0.0,1.157924,1.2045629999999998,DNK,EGY,850990
8518660,66,68,9314,2015,0.0,5298.0,-1.54346,-1.255633,DZA,EGY,850990
8518661,71,68,9314,2015,23272.0,0.0,0.8173590000000001,2.442556,ESP,EGY,850990
8518662,77,68,9314,2015,81792.0,166836.0,1.479792,0.6490239999999999,FRA,EGY,850990
8518663,81,68,9314,2015,88325.0,0.0,1.7422990000000003,0.75838,GBR,EGY,850990
8518664,97,68,9314,2015,73043.0,0.0,0.8255290000000001,1.8017279999999998,HKG,EGY,850990
8518665,102,68,9314,2015,13052.0,0.0,1.462839,0.803258,HUN,EGY,850990
8518666,103,68,9314,2015,5843.0,0.0,-0.145103,1.277362,IDN,EGY,850990
8518667,104,68,9314,2015,74979.0,0.0,0.24230900000000002,2.8190880000000003,IND,EGY,850990
8518668,111,68,9314,2015,480236.0,0.0,1.321127,0.747046,ITA,EGY,850990
8518669,113,68,9314,2015,0.0,2059.0,0.121172,0.457301,JOR,EGY,850990
8518670,114,68,9314,2015,40890.0,0.0,2.516133,-0.484202,JPN,EGY,850990
8518671,121,68,9314,2015,2045.0,0.0,1.900653,0.859406,KOR,EGY,850990
8518672,124,68,9314,2015,1480.0,0.0,0.317355,1.330374,LBN,EGY,850990
8518673,131,68,9314,2015,658.0,0.0,1.218924,1.247152,LUX,EGY,850990
8518674,134,68,9314,2015,0.0,16501.0,-0.7554810000000001,-0.059697,MAR,EGY,850990
8518675,153,68,9314,2015,192733.0,0.0,1.082803,0.811615,MYS,EGY,850990
8518676,162,68,9314,2015,39334.0,0.0,1.230104,1.27344,NLD,EGY,850990
8518677,174,68,9314,2015,1232.0,0.0,0.6406270000000001,0.45770200000000005,PHL,EGY,850990
8518678,177,68,9314,2015,4422.0,0.0,1.145844,1.1449280000000002,POL,EGY,850990
8518679,181,68,9314,2015,0.0,1923.0,0.060575,0.5649489999999999,PSE,EGY,850990
8518680,188,68,9314,2015,4059.0,0.0,0.5552520000000001,-0.7263229999999999,SAU,EGY,850990
8518681,190,68,9314,2015,0.0,119609.0,-1.420356,-1.218424,SDN,EGY,850990
8518682,192,68,9314,2015,144805.0,0.0,2.05613,0.593065,SGP,EGY,850990
8518683,207,68,9314,2015,8797.0,0.0,1.6089879999999999,0.833616,SVN,EGY,850990
8518684,216,68,9314,2015,580103.0,0.0,0.965888,1.368572,THA,EGY,850990
8518685,223,68,9314,2015,80523.0,0.0,0.140202,0.967591,TUN,EGY,850990
8518686,224,68,9314,2015,80581.0,0.0,0.438669,2.519632,TUR,EGY,850990
8518687,231,68,9314,2015,197113.0,0.0,1.720478,-0.129322,USA,EGY,850990
8518688,243,68,9314,2015,0.0,905.0,-1.048632,-1.10843,YEM,EGY,850990
8518689,249,68,9314,2015,1215473.0,0.0,1.962832,1.214982,TWN,EGY,850990
8518690,7,74,9314,2015,0.0,3652.0,0.21779600000000002,-0.0047420000000000006,ARE,FIN,850990
8518691,8,74,9314,2015,0.0,2929.0,0.116896,0.30330999999999997,ARG,FIN,850990
8518692,14,74,9314,2015,0.0,4400.0,-0.292325,-0.043489,AUS,FIN,850990
8518693,15,74,9314,2015,0.0,59381.0,1.747098,-0.08026699999999999,AUT,FIN,850990
8518694,18,74,9314,2015,17073.0,5582.0,1.329866,1.100641,BEL,FIN,850990
8518695,24,74,9314,2015,0.0,1288.0,0.36650900000000003,-0.28735,BHR,FIN,850990
8518696,32,74,9314,2015,0.0,1939.0,0.23656799999999997,0.688607,BRA,FIN,850990
8518697,39,74,9314,2015,10998.0,27487.0,0.695867,1.171676,CAN,FIN,850990
8518698,41,74,9314,2015,65409.0,150292.0,2.306075,0.720781,CHE,FIN,850990
8518699,43,74,9314,2015,585834.0,10508.0,1.077143,1.735757,CHN,FIN,850990
8518700,58,74,9314,2015,0.0,6628.0,0.511225,-0.207261,CYP,FIN,850990
8518701,59,74,9314,2015,4740.0,4826.0,1.743012,0.45424,CZE,FIN,850990
8518702,61,74,9314,2015,1768207.0,487838.0,2.203818,-2.307561,DEU,FIN,850990
8518703,64,74,9314,2015,44634.0,97191.0,1.157924,1.2045629999999998,DNK,FIN,850990
8518704,71,74,9314,2015,1446.0,1775.0,0.8173590000000001,2.442556,ESP,FIN,850990
8518705,72,74,9314,2015,46019.0,80915.0,0.9281149999999999,1.1780389999999998,EST,FIN,850990
8518706,77,74,9314,2015,15501.0,56325.0,1.479792,0.6490239999999999,FRA,FIN,850990
8518707,81,74,9314,2015,60614.0,46258.0,1.7422990000000003,0.75838,GBR,FIN,850990
8518708,90,74,9314,2015,0.0,1125.0,0.099027,1.012289,GRC,FIN,850990
8518709,97,74,9314,2015,48721.0,2385.0,0.8255290000000001,1.8017279999999998,HKG,FIN,850990
8518710,100,74,9314,2015,0.0,2711.0,0.7590140000000001,1.257415,HRV,FIN,850990
8518711,102,74,9314,2015,208710.0,4552.0,1.462839,0.803258,HUN,FIN,850990
8518712,104,74,9314,2015,0.0,8436.0,0.24230900000000002,2.8190880000000003,IND,FIN,850990
8518713,109,74,9314,2015,0.0,1520.0,0.24527600000000002,-0.411616,ISL,FIN,850990
8518714,111,74,9314,2015,444800.0,31733.0,1.321127,0.747046,ITA,FIN,850990
8518715,114,74,9314,2015,9983.0,4470.0,2.516133,-0.484202,JPN,FIN,850990
8518716,121,74,9314,2015,76941.0,1343.0,1.900653,0.859406,KOR,FIN,850990
8518717,128,74,9314,2015,0.0,980.0,-0.6773399999999999,0.386343,LKA,FIN,850990
8518718,130,74,9314,2015,0.0,5810.0,0.749429,1.3659860000000001,LTU,FIN,850990
8518719,132,74,9314,2015,0.0,9324.0,0.602209,1.125357,LVA,FIN,850990
8518720,138,74,9314,2015,62146.0,0.0,1.169724,0.61457,MEX,FIN,850990
8518721,142,74,9314,2015,0.0,1218.0,0.880893,-0.117585,MLT,FIN,850990
8518722,153,74,9314,2015,8114.0,1138.0,1.082803,0.811615,MYS,FIN,850990
8518723,162,74,9314,2015,822901.0,98111.0,1.230104,1.27344,NLD,FIN,850990
8518724,163,74,9314,2015,4325.0,29441.0,0.950708,0.314339,NOR,FIN,850990
8518725,166,74,9314,2015,0.0,2562.0,0.224598,0.253179,NZL,FIN,850990
8518726,177,74,9314,2015,31049.0,19763.0,1.145844,1.1449280000000002,POL,FIN,850990
8518727,185,74,9314,2015,1204.0,0.0,0.946363,1.056775,ROU,FIN,850990
8518728,186,74,9314,2015,0.0,52211.0,0.23119,0.035965,RUS,FIN,850990
8518729,192,74,9314,2015,2148.0,17822.0,2.05613,0.593065,SGP,FIN,850990
8518730,206,74,9314,2015,2740.0,0.0,1.287133,0.7900560000000001,SVK,FIN,850990
8518731,207,74,9314,2015,23704.0,0.0,1.6089879999999999,0.833616,SVN,FIN,850990
8518732,208,74,9314,2015,1630490.0,415469.0,1.8068349999999997,0.693389,SWE,FIN,850990
8518733,216,74,9314,2015,0.0,12863.0,0.965888,1.368572,THA,FIN,850990
8518734,223,74,9314,2015,846337.0,0.0,0.140202,0.967591,TUN,FIN,850990
8518735,224,74,9314,2015,2784.0,8803.0,0.438669,2.519632,TUR,FIN,850990
8518736,231,74,9314,2015,139032.0,66844.0,1.720478,-0.129322,USA,FIN,850990
8518737,236,74,9314,2015,0.0,1497.0,-0.9249129999999999,-1.1877280000000001,VEN,FIN,850990
8518738,239,74,9314,2015,0.0,4684.0,-0.17108900000000002,1.10995,VNM,FIN,850990
8518739,249,74,9314,2015,4373.0,1023.0,1.962832,1.214982,TWN,FIN,850990
8518740,16,82,9314,2015,16054.0,0.0,-0.983347,-1.231542,AZE,GEO,850990
8518741,23,82,9314,2015,6128.0,0.0,0.45640699999999995,1.691455,BGR,GEO,850990
8518742,43,82,9314,2015,19191.0,0.0,1.077143,1.735757,CHN,GEO,850990
8518743,61,82,9314,2015,7120.0,0.0,2.203818,-2.307561,DEU,GEO,850990
8518744,71,82,9314,2015,0.0,2397.0,0.8173590000000001,2.442556,ESP,GEO,850990
8518745,77,82,9314,2015,1543.0,0.0,1.479792,0.6490239999999999,FRA,GEO,850990
8518746,111,82,9314,2015,5719.0,0.0,1.321127,0.747046,ITA,GEO,850990
8518747,121,82,9314,2015,2475.0,0.0,1.900653,0.859406,KOR,GEO,850990
8518748,186,82,9314,2015,1930.0,0.0,0.23119,0.035965,RUS,GEO,850990
8518749,207,82,9314,2015,2645.0,0.0,1.6089879999999999,0.833616,SVN,GEO,850990
8518750,224,82,9314,2015,18220.0,0.0,0.438669,2.519632,TUR,GEO,850990
8518751,228,82,9314,2015,1109.0,0.0,0.429879,0.701813,UKR,GEO,850990
8518752,231,82,9314,2015,10224.0,0.0,1.720478,-0.129322,USA,GEO,850990
8518753,4,90,9314,2015,0.0,1495.0,-0.601875,-0.27003,ALB,GRC,850990
8518754,15,90,9314,2015,7259.0,0.0,1.747098,-0.08026699999999999,AUT,GRC,850990
8518755,18,90,9314,2015,178123.0,5064.0,1.329866,1.100641,BEL,GRC,850990
8518756,23,90,9314,2015,80622.0,52720.0,0.45640699999999995,1.691455,BGR,GRC,850990
8518757,41,90,9314,2015,4601.0,0.0,2.306075,0.720781,CHE,GRC,850990
8518758,43,90,9314,2015,227090.0,0.0,1.077143,1.735757,CHN,GRC,850990
8518759,58,90,9314,2015,1154.0,31266.0,0.511225,-0.207261,CYP,GRC,850990
8518760,59,90,9314,2015,10850.0,2060.0,1.743012,0.45424,CZE,GRC,850990
8518761,61,90,9314,2015,1082698.0,8449.0,2.203818,-2.307561,DEU,GRC,850990
8518762,64,90,9314,2015,53614.0,1813.0,1.157924,1.2045629999999998,DNK,GRC,850990
8518763,71,90,9314,2015,51385.0,5112.0,0.8173590000000001,2.442556,ESP,GRC,850990
8518764,74,90,9314,2015,1125.0,0.0,1.597817,0.998059,FIN,GRC,850990
8518765,77,90,9314,2015,123894.0,0.0,1.479792,0.6490239999999999,FRA,GRC,850990
8518766,81,90,9314,2015,37939.0,1450.0,1.7422990000000003,0.75838,GBR,GRC,850990
8518767,97,90,9314,2015,2091.0,0.0,0.8255290000000001,1.8017279999999998,HKG,GRC,850990
8518768,100,90,9314,2015,0.0,4059.0,0.7590140000000001,1.257415,HRV,GRC,850990
8518769,102,90,9314,2015,5375.0,0.0,1.462839,0.803258,HUN,GRC,850990
8518770,110,90,9314,2015,28688.0,0.0,1.260071,0.545545,ISR,GRC,850990
8518771,111,90,9314,2015,515023.0,39396.0,1.321127,0.747046,ITA,GRC,850990
8518772,122,90,9314,2015,0.0,1814.0,-0.352023,-1.153057,KWT,GRC,850990
8518773,142,90,9314,2015,0.0,18436.0,0.880893,-0.117585,MLT,GRC,850990
8518774,162,90,9314,2015,122966.0,4707.0,1.230104,1.27344,NLD,GRC,850990
8518775,163,90,9314,2015,1102.0,0.0,0.950708,0.314339,NOR,GRC,850990
8518776,177,90,9314,2015,27309.0,0.0,1.145844,1.1449280000000002,POL,GRC,850990
8518777,185,90,9314,2015,5762.0,3277.0,0.946363,1.056775,ROU,GRC,850990
8518778,201,90,9314,2015,0.0,2416.0,0.457042,1.324908,SRB,GRC,850990
8518779,207,90,9314,2015,24227.0,0.0,1.6089879999999999,0.833616,SVN,GRC,850990
8518780,208,90,9314,2015,10464.0,0.0,1.8068349999999997,0.693389,SWE,GRC,850990
8518781,216,90,9314,2015,0.0,1170.0,0.965888,1.368572,THA,GRC,850990
8518782,224,90,9314,2015,5552.0,0.0,0.438669,2.519632,TUR,GRC,850990
8518783,231,90,9314,2015,15828.0,0.0,1.720478,-0.129322,USA,GRC,850990
8518784,4,100,9314,2015,0.0,790.0,-0.601875,-0.27003,ALB,HRV,850990
8518785,9,100,9314,2015,0.0,2786.0,0.037579,-0.42448800000000003,ARM,HRV,850990
8518786,15,100,9314,2015,31668.0,3441.0,1.747098,-0.08026699999999999,AUT,HRV,850990
8518787,18,100,9314,2015,14318.0,0.0,1.329866,1.100641,BEL,HRV,850990
8518788,26,100,9314,2015,0.0,15736.0,0.355903,0.723092,BIH,HRV,850990
8518789,41,100,9314,2015,2410.0,1409.0,2.306075,0.720781,CHE,HRV,850990
8518790,43,100,9314,2015,48021.0,0.0,1.077143,1.735757,CHN,HRV,850990
8518791,59,100,9314,2015,12895.0,871.0,1.743012,0.45424,CZE,HRV,850990
8518792,61,100,9314,2015,256414.0,8629.0,2.203818,-2.307561,DEU,HRV,850990
8518793,64,100,9314,2015,2622.0,1805.0,1.157924,1.2045629999999998,DNK,HRV,850990
8518794,71,100,9314,2015,0.0,626.0,0.8173590000000001,2.442556,ESP,HRV,850990
8518795,74,100,9314,2015,2711.0,0.0,1.597817,0.998059,FIN,HRV,850990
8518796,77,100,9314,2015,18783.0,0.0,1.479792,0.6490239999999999,FRA,HRV,850990
8518797,81,100,9314,2015,5030.0,7548.0,1.7422990000000003,0.75838,GBR,HRV,850990
8518798,90,100,9314,2015,4059.0,0.0,0.099027,1.012289,GRC,HRV,850990
8518799,97,100,9314,2015,0.0,5782.0,0.8255290000000001,1.8017279999999998,HKG,HRV,850990
8518800,102,100,9314,2015,41401.0,23214.0,1.462839,0.803258,HUN,HRV,850990
8518801,111,100,9314,2015,216223.0,2153.0,1.321127,0.747046,ITA,HRV,850990
8518802,121,100,9314,2015,28648.0,0.0,1.900653,0.859406,KOR,HRV,850990
8518803,144,100,9314,2015,0.0,1776.0,-0.048385000000000004,-0.150759,MNE,HRV,850990
8518804,162,100,9314,2015,4151.0,2727.0,1.230104,1.27344,NLD,HRV,850990
8518805,177,100,9314,2015,69086.0,8367.0,1.145844,1.1449280000000002,POL,HRV,850990
8518806,185,100,9314,2015,2518.0,0.0,0.946363,1.056775,ROU,HRV,850990
8518807,201,100,9314,2015,0.0,5834.0,0.457042,1.324908,SRB,HRV,850990
8518808,206,100,9314,2015,3688.0,0.0,1.287133,0.7900560000000001,SVK,HRV,850990
8518809,207,100,9314,2015,236983.0,945003.0,1.6089879999999999,0.833616,SVN,HRV,850990
8518810,208,100,9314,2015,0.0,2011.0,1.8068349999999997,0.693389,SWE,HRV,850990
8518811,224,100,9314,2015,1880.0,0.0,0.438669,2.519632,TUR,HRV,850990
8518812,231,100,9314,2015,3950.0,0.0,1.720478,-0.129322,USA,HRV,850990
8518813,14,106,9314,2015,0.0,49425.0,-0.292325,-0.043489,AUS,IRL,850990
8518814,15,106,9314,2015,5806.0,4777.0,1.747098,-0.08026699999999999,AUT,IRL,850990
8518815,18,106,9314,2015,39080.0,0.0,1.329866,1.100641,BEL,IRL,850990
8518816,39,106,9314,2015,4288.0,303702.0,0.695867,1.171676,CAN,IRL,850990
8518817,41,106,9314,2015,0.0,70915.0,2.306075,0.720781,CHE,IRL,850990
8518818,43,106,9314,2015,8333728.0,109474.0,1.077143,1.735757,CHN,IRL,850990
8518819,59,106,9314,2015,1528.0,3508.0,1.743012,0.45424,CZE,IRL,850990
8518820,61,106,9314,2015,905473.0,5724.0,2.203818,-2.307561,DEU,IRL,850990
8518821,64,106,9314,2015,114544.0,0.0,1.157924,1.2045629999999998,DNK,IRL,850990
8518822,71,106,9314,2015,150388.0,42899.0,0.8173590000000001,2.442556,ESP,IRL,850990
8518823,77,106,9314,2015,19142.0,32027.0,1.479792,0.6490239999999999,FRA,IRL,850990
8518824,81,106,9314,2015,1979073.0,694846.0,1.7422990000000003,0.75838,GBR,IRL,850990
8518825,97,106,9314,2015,52800.0,0.0,0.8255290000000001,1.8017279999999998,HKG,IRL,850990
8518826,104,106,9314,2015,1112.0,958.0,0.24230900000000002,2.8190880000000003,IND,IRL,850990
8518827,110,106,9314,2015,0.0,2139.0,1.260071,0.545545,ISR,IRL,850990
8518828,111,106,9314,2015,79651.0,3206.0,1.321127,0.747046,ITA,IRL,850990
8518829,124,106,9314,2015,4543.0,0.0,0.317355,1.330374,LBN,IRL,850990
8518830,130,106,9314,2015,5303.0,0.0,0.749429,1.3659860000000001,LTU,IRL,850990
8518831,153,106,9314,2015,47132.0,0.0,1.082803,0.811615,MYS,IRL,850990
8518832,162,106,9314,2015,49491.0,14222.0,1.230104,1.27344,NLD,IRL,850990
8518833,163,106,9314,2015,0.0,93619.0,0.950708,0.314339,NOR,IRL,850990
8518834,166,106,9314,2015,3150.0,0.0,0.224598,0.253179,NZL,IRL,850990
8518835,167,106,9314,2015,0.0,7637.0,-0.4699,-1.00451,OMN,IRL,850990
8518836,177,106,9314,2015,11462.0,5196.0,1.145844,1.1449280000000002,POL,IRL,850990
8518837,188,106,9314,2015,0.0,64662.0,0.5552520000000001,-0.7263229999999999,SAU,IRL,850990
8518838,201,106,9314,2015,0.0,13263.0,0.457042,1.324908,SRB,IRL,850990
8518839,208,106,9314,2015,3703.0,0.0,1.8068349999999997,0.693389,SWE,IRL,850990
8518840,228,106,9314,2015,0.0,1295.0,0.429879,0.701813,UKR,IRL,850990
8518841,231,106,9314,2015,105278.0,18919.0,1.720478,-0.129322,USA,IRL,850990
8518842,246,106,9314,2015,0.0,14512.0,0.24944699999999997,1.7573159999999999,ZAF,IRL,850990
8518843,250,106,9314,2015,179846.0,0.0,0.377283,-0.092204,ANS,IRL,850990
8518844,7,107,9314,2015,231371.0,0.0,0.21779600000000002,-0.0047420000000000006,ARE,IRN,850990
8518845,43,107,9314,2015,9756318.0,0.0,1.077143,1.735757,CHN,IRN,850990
8518846,61,107,9314,2015,34719.0,0.0,2.203818,-2.307561,DEU,IRN,850990
8518847,64,107,9314,2015,533.0,0.0,1.157924,1.2045629999999998,DNK,IRN,850990
8518848,71,107,9314,2015,2871.0,0.0,0.8173590000000001,2.442556,ESP,IRN,850990
8518849,77,107,9314,2015,2598.0,0.0,1.479792,0.6490239999999999,FRA,IRN,850990
8518850,81,107,9314,2015,778.0,0.0,1.7422990000000003,0.75838,GBR,IRN,850990
8518851,97,107,9314,2015,3378.0,0.0,0.8255290000000001,1.8017279999999998,HKG,IRN,850990
8518852,102,107,9314,2015,25558.0,0.0,1.462839,0.803258,HUN,IRN,850990
8518853,108,107,9314,2015,0.0,66496.0,-1.465803,-0.912113,IRQ,IRN,850990
8518854,111,107,9314,2015,22794.0,0.0,1.321127,0.747046,ITA,IRN,850990
8518855,114,107,9314,2015,12516.0,0.0,2.516133,-0.484202,JPN,IRN,850990
8518856,121,107,9314,2015,6506423.0,916.0,1.900653,0.859406,KOR,IRN,850990
8518857,122,107,9314,2015,23005.0,0.0,-0.352023,-1.153057,KWT,IRN,850990
8518858,153,107,9314,2015,146118.0,0.0,1.082803,0.811615,MYS,IRN,850990
8518859,212,107,9314,2015,0.0,1383.0,-0.603532,0.313216,SYR,IRN,850990
8518860,224,107,9314,2015,212965.0,22653.0,0.438669,2.519632,TUR,IRN,850990
8518861,232,107,9314,2015,0.0,1300.0,-0.724966,-0.599292,UZB,IRN,850990
8518862,249,107,9314,2015,59616.0,0.0,1.962832,1.214982,TWN,IRN,850990
8518863,250,107,9314,2015,51915.0,0.0,0.377283,-0.092204,ANS,IRN,850990
8518864,7,108,9314,2015,29127.0,0.0,0.21779600000000002,-0.0047420000000000006,ARE,IRQ,850990
8518865,18,108,9314,2015,60211.0,0.0,1.329866,1.100641,BEL,IRQ,850990
8518866,43,108,9314,2015,1141338.0,0.0,1.077143,1.735757,CHN,IRQ,850990
8518867,61,108,9314,2015,1465.0,0.0,2.203818,-2.307561,DEU,IRQ,850990
8518868,64,108,9314,2015,31340.0,0.0,1.157924,1.2045629999999998,DNK,IRQ,850990
8518869,107,108,9314,2015,66496.0,0.0,-0.258946,-0.0073420000000000004,IRN,IRQ,850990
8518870,111,108,9314,2015,108446.0,0.0,1.321127,0.747046,ITA,IRQ,850990
8518871,122,108,9314,2015,13896.0,0.0,-0.352023,-1.153057,KWT,IRQ,850990
8518872,124,108,9314,2015,43830.0,0.0,0.317355,1.330374,LBN,IRQ,850990
8518873,162,108,9314,2015,1133.0,0.0,1.230104,1.27344,NLD,IRQ,850990
8518874,224,108,9314,2015,92012.0,0.0,0.438669,2.519632,TUR,IRQ,850990
8518875,231,108,9314,2015,25803.0,0.0,1.720478,-0.129322,USA,IRQ,850990
8518876,23,115,9314,2015,10326.0,0.0,0.45640699999999995,1.691455,BGR,KAZ,850990
8518877,41,115,9314,2015,1131.0,0.0,2.306075,0.720781,CHE,KAZ,850990
8518878,43,115,9314,2015,53184.0,0.0,1.077143,1.735757,CHN,KAZ,850990
8518879,61,115,9314,2015,118263.0,0.0,2.203818,-2.307561,DEU,KAZ,850990
8518880,77,115,9314,2015,6559.0,0.0,1.479792,0.6490239999999999,FRA,KAZ,850990
8518881,111,115,9314,2015,8283.0,0.0,1.321127,0.747046,ITA,KAZ,850990
8518882,117,115,9314,2015,0.0,2014.0,0.02058,0.438692,KGZ,KAZ,850990
8518883,121,115,9314,2015,1059.0,0.0,1.900653,0.859406,KOR,KAZ,850990
8518884,124,115,9314,2015,1630.0,0.0,0.317355,1.330374,LBN,KAZ,850990
8518885,130,115,9314,2015,9552.0,0.0,0.749429,1.3659860000000001,LTU,KAZ,850990
8518886,132,115,9314,2015,2042.0,0.0,0.602209,1.125357,LVA,KAZ,850990
8518887,177,115,9314,2015,1845.0,0.0,1.145844,1.1449280000000002,POL,KAZ,850990
8518888,186,115,9314,2015,142362.0,0.0,0.23119,0.035965,RUS,KAZ,850990
8518889,207,115,9314,2015,29594.0,0.0,1.6089879999999999,0.833616,SVN,KAZ,850990
8518890,224,115,9314,2015,61868.0,0.0,0.438669,2.519632,TUR,KAZ,850990
8518891,231,115,9314,2015,3819.0,0.0,1.720478,-0.129322,USA,KAZ,850990
8518892,239,115,9314,2015,8248.0,0.0,-0.17108900000000002,1.10995,VNM,KAZ,850990
8518893,7,116,9314,2015,1338.0,0.0,0.21779600000000002,-0.0047420000000000006,ARE,KEN,850990
8518894,18,116,9314,2015,993.0,0.0,1.329866,1.100641,BEL,KEN,850990
8518895,43,116,9314,2015,9498.0,0.0,1.077143,1.735757,CHN,KEN,850990
8518896,46,116,9314,2015,0.0,1138.0,-1.3921290000000002,-1.146549,COD,KEN,850990
8518897,61,116,9314,2015,1535.0,0.0,2.203818,-2.307561,DEU,KEN,850990
8518898,77,116,9314,2015,1708.0,0.0,1.479792,0.6490239999999999,FRA,KEN,850990
8518899,81,116,9314,2015,80894.0,0.0,1.7422990000000003,0.75838,GBR,KEN,850990
8518900,104,116,9314,2015,7094.0,0.0,0.24230900000000002,2.8190880000000003,IND,KEN,850990
8518901,111,116,9314,2015,23165.0,0.0,1.321127,0.747046,ITA,KEN,850990
8518902,192,116,9314,2015,874.0,0.0,2.05613,0.593065,SGP,KEN,850990
8518903,231,116,9314,2015,1876.0,0.0,1.720478,-0.129322,USA,KEN,850990
8518904,246,116,9314,2015,16342.0,0.0,0.24944699999999997,1.7573159999999999,ZAF,KEN,850990
8518905,7,117,9314,2015,65166.0,0.0,0.21779600000000002,-0.0047420000000000006,ARE,KGZ,850990
8518906,39,117,9314,2015,1400.0,0.0,0.695867,1.171676,CAN,KGZ,850990
8518907,61,117,9314,2015,46811.0,0.0,2.203818,-2.307561,DEU,KGZ,850990
8518908,115,117,9314,2015,2014.0,0.0,-0.45091499999999995,-0.652026,KAZ,KGZ,850990
8518909,207,117,9314,2015,34953.0,0.0,1.6089879999999999,0.833616,SVN,KGZ,850990
8518910,224,117,9314,2015,3242.0,0.0,0.438669,2.519632,TUR,KGZ,850990
8518911,231,117,9314,2015,1002.0,0.0,1.720478,-0.129322,USA,KGZ,850990
8518912,7,124,9314,2015,4591.0,23856.0,0.21779600000000002,-0.0047420000000000006,ARE,LBN,850990
8518913,9,124,9314,2015,0.0,15880.0,0.037579,-0.42448800000000003,ARM,LBN,850990
8518914,14,124,9314,2015,1049.0,0.0,-0.292325,-0.043489,AUS,LBN,850990
8518915,18,124,9314,2015,7057.0,3695.0,1.329866,1.100641,BEL,LBN,850990
8518916,23,124,9314,2015,0.0,1758.0,0.45640699999999995,1.691455,BGR,LBN,850990
8518917,41,124,9314,2015,1032.0,0.0,2.306075,0.720781,CHE,LBN,850990
8518918,42,124,9314,2015,0.0,5678.0,-0.356167,-0.47629399999999994,CHL,LBN,850990
8518919,43,124,9314,2015,280423.0,0.0,1.077143,1.735757,CHN,LBN,850990
8518920,58,124,9314,2015,0.0,2327.0,0.511225,-0.207261,CYP,LBN,850990
8518921,59,124,9314,2015,3532.0,0.0,1.743012,0.45424,CZE,LBN,850990
8518922,61,124,9314,2015,40096.0,0.0,2.203818,-2.307561,DEU,LBN,850990
8518923,64,124,9314,2015,0.0,650.0,1.157924,1.2045629999999998,DNK,LBN,850990
8518924,68,124,9314,2015,0.0,1480.0,-0.183053,1.765036,EGY,LBN,850990
8518925,69,124,9314,2015,0.0,2873.0,-1.7745669999999998,-1.013696,ERI,LBN,850990
8518926,71,124,9314,2015,1368.0,1427.0,0.8173590000000001,2.442556,ESP,LBN,850990
8518927,77,124,9314,2015,14504.0,900.0,1.479792,0.6490239999999999,FRA,LBN,850990
8518928,81,124,9314,2015,83868.0,0.0,1.7422990000000003,0.75838,GBR,LBN,850990
8518929,85,124,9314,2015,0.0,534.0,-1.288329,-1.167532,GIN,LBN,850990
8518930,102,124,9314,2015,20191.0,0.0,1.462839,0.803258,HUN,LBN,850990
8518931,106,124,9314,2015,0.0,4543.0,1.304942,0.126431,IRL,LBN,850990
8518932,108,124,9314,2015,0.0,43830.0,-1.465803,-0.912113,IRQ,LBN,850990
8518933,111,124,9314,2015,141287.0,0.0,1.321127,0.747046,ITA,LBN,850990
8518934,113,124,9314,2015,0.0,7967.0,0.121172,0.457301,JOR,LBN,850990
8518935,115,124,9314,2015,0.0,1630.0,-0.45091499999999995,-0.652026,KAZ,LBN,850990
8518936,121,124,9314,2015,980.0,4890.0,1.900653,0.859406,KOR,LBN,850990
8518937,122,124,9314,2015,0.0,2834.0,-0.352023,-1.153057,KWT,LBN,850990
8518938,138,124,9314,2015,2775.0,0.0,1.169724,0.61457,MEX,LBN,850990
8518939,153,124,9314,2015,0.0,1485.0,1.082803,0.811615,MYS,LBN,850990
8518940,162,124,9314,2015,1040.0,0.0,1.230104,1.27344,NLD,LBN,850990
8518941,177,124,9314,2015,9525.0,0.0,1.145844,1.1449280000000002,POL,LBN,850990
8518942,183,124,9314,2015,0.0,969.0,-0.077053,-0.9922719999999999,QAT,LBN,850990
8518943,185,124,9314,2015,2040.0,0.0,0.946363,1.056775,ROU,LBN,850990
8518944,188,124,9314,2015,0.0,11774.0,0.5552520000000001,-0.7263229999999999,SAU,LBN,850990
8518945,192,124,9314,2015,1279.0,2107.0,2.05613,0.593065,SGP,LBN,850990
8518946,201,124,9314,2015,0.0,951.0,0.457042,1.324908,SRB,LBN,850990
8518947,206,124,9314,2015,1409.0,0.0,1.287133,0.7900560000000001,SVK,LBN,850990
8518948,208,124,9314,2015,0.0,1978.0,1.8068349999999997,0.693389,SWE,LBN,850990
8518949,212,124,9314,2015,2686.0,0.0,-0.603532,0.313216,SYR,LBN,850990
8518950,216,124,9314,2015,8325.0,0.0,0.965888,1.368572,THA,LBN,850990
8518951,224,124,9314,2015,8339.0,0.0,0.438669,2.519632,TUR,LBN,850990
8518952,231,124,9314,2015,76310.0,0.0,1.720478,-0.129322,USA,LBN,850990
8518953,41,128,9314,2015,0.0,40551.0,2.306075,0.720781,CHE,LKA,850990
8518954,43,128,9314,2015,16085.0,0.0,1.077143,1.735757,CHN,LKA,850990
8518955,61,128,9314,2015,10545.0,0.0,2.203818,-2.307561,DEU,LKA,850990
8518956,74,128,9314,2015,980.0,0.0,1.597817,0.998059,FIN,LKA,850990
8518957,77,128,9314,2015,1257.0,0.0,1.479792,0.6490239999999999,FRA,LKA,850990
8518958,81,128,9314,2015,3858.0,0.0,1.7422990000000003,0.75838,GBR,LKA,850990
8518959,104,128,9314,2015,165545.0,0.0,0.24230900000000002,2.8190880000000003,IND,LKA,850990
8518960,111,128,9314,2015,57595.0,0.0,1.321127,0.747046,ITA,LKA,850990
8518961,137,128,9314,2015,0.0,1464.0,-0.321571,-0.858751,MDV,LKA,850990
8518962,153,128,9314,2015,34573.0,0.0,1.082803,0.811615,MYS,LKA,850990
8518963,192,128,9314,2015,22964.0,0.0,2.05613,0.593065,SGP,LKA,850990
8518964,208,128,9314,2015,5401.0,0.0,1.8068349999999997,0.693389,SWE,LKA,850990
8518965,216,128,9314,2015,2170.0,0.0,0.965888,1.368572,THA,LKA,850990
8518966,231,128,9314,2015,1789.0,0.0,1.720478,-0.129322,USA,LKA,850990
8518967,249,128,9314,2015,6464.0,0.0,1.962832,1.214982,TWN,LKA,850990
8518968,15,130,9314,2015,2346.0,2477.0,1.747098,-0.08026699999999999,AUT,LTU,850990
8518969,18,130,9314,2015,5763.0,0.0,1.329866,1.100641,BEL,LTU,850990
8518970,28,130,9314,2015,0.0,27594.0,0.672499,0.5584020000000001,BLR,LTU,850990
8518971,31,130,9314,2015,0.0,630.0,-1.051562,-1.067714,BOL,LTU,850990
8518972,39,130,9314,2015,2081.0,0.0,0.695867,1.171676,CAN,LTU,850990
8518973,41,130,9314,2015,9708.0,20816.0,2.306075,0.720781,CHE,LTU,850990
8518974,43,130,9314,2015,104723.0,135095.0,1.077143,1.735757,CHN,LTU,850990
8518975,59,130,9314,2015,9375.0,0.0,1.743012,0.45424,CZE,LTU,850990
8518976,61,130,9314,2015,5976114.0,8447912.0,2.203818,-2.307561,DEU,LTU,850990
8518977,64,130,9314,2015,2290.0,29752.0,1.157924,1.2045629999999998,DNK,LTU,850990
8518978,71,130,9314,2015,0.0,1639.0,0.8173590000000001,2.442556,ESP,LTU,850990
8518979,72,130,9314,2015,50966.0,28265.0,0.9281149999999999,1.1780389999999998,EST,LTU,850990
8518980,74,130,9314,2015,5810.0,0.0,1.597817,0.998059,FIN,LTU,850990
8518981,77,130,9314,2015,28907.0,0.0,1.479792,0.6490239999999999,FRA,LTU,850990
8518982,81,130,9314,2015,12817.0,0.0,1.7422990000000003,0.75838,GBR,LTU,850990
8518983,102,130,9314,2015,21179.0,0.0,1.462839,0.803258,HUN,LTU,850990
8518984,106,130,9314,2015,0.0,5303.0,1.304942,0.126431,IRL,LTU,850990
8518985,109,130,9314,2015,0.0,964.0,0.24527600000000002,-0.411616,ISL,LTU,850990
8518986,111,130,9314,2015,919605.0,384603.0,1.321127,0.747046,ITA,LTU,850990
8518987,115,130,9314,2015,0.0,9552.0,-0.45091499999999995,-0.652026,KAZ,LTU,850990
8518988,121,130,9314,2015,11603.0,0.0,1.900653,0.859406,KOR,LTU,850990
8518989,122,130,9314,2015,0.0,1521.0,-0.352023,-1.153057,KWT,LTU,850990
8518990,132,130,9314,2015,287438.0,357680.0,0.602209,1.125357,LVA,LTU,850990
8518991,138,130,9314,2015,3195.0,0.0,1.169724,0.61457,MEX,LTU,850990
8518992,140,130,9314,2015,0.0,5053.0,-0.09009600000000001,-0.147359,MKD,LTU,850990
8518993,162,130,9314,2015,27311.0,10077.0,1.230104,1.27344,NLD,LTU,850990
8518994,163,130,9314,2015,1224.0,47032.0,0.950708,0.314339,NOR,LTU,850990
8518995,177,130,9314,2015,140168.0,43004.0,1.145844,1.1449280000000002,POL,LTU,850990
8518996,185,130,9314,2015,3321.0,0.0,0.946363,1.056775,ROU,LTU,850990
8518997,186,130,9314,2015,0.0,110036.0,0.23119,0.035965,RUS,LTU,850990
8518998,206,130,9314,2015,0.0,114187.0,1.287133,0.7900560000000001,SVK,LTU,850990
8518999,207,130,9314,2015,10193.0,0.0,1.6089879999999999,0.833616,SVN,LTU,850990
8519000,208,130,9314,2015,55138.0,716924.0,1.8068349999999997,0.693389,SWE,LTU,850990
8519001,224,130,9314,2015,6105.0,0.0,0.438669,2.519632,TUR,LTU,850990
8519002,228,130,9314,2015,0.0,1472.0,0.429879,0.701813,UKR,LTU,850990
8519003,231,130,9314,2015,15150.0,3672.0,1.720478,-0.129322,USA,LTU,850990
8519004,15,131,9314,2015,4719.0,0.0,1.747098,-0.08026699999999999,AUT,LUX,850990
8519005,18,131,9314,2015,417294.0,30479.0,1.329866,1.100641,BEL,LUX,850990
8519006,23,131,9314,2015,0.0,959.0,0.45640699999999995,1.691455,BGR,LUX,850990
8519007,39,131,9314,2015,23520.0,0.0,0.695867,1.171676,CAN,LUX,850990
8519008,41,131,9314,2015,14027.0,0.0,2.306075,0.720781,CHE,LUX,850990
8519009,43,131,9314,2015,13617.0,0.0,1.077143,1.735757,CHN,LUX,850990
8519010,59,131,9314,2015,7214.0,1919.0,1.743012,0.45424,CZE,LUX,850990
8519011,61,131,9314,2015,443045.0,53017.0,2.203818,-2.307561,DEU,LUX,850990
8519012,64,131,9314,2015,1425.0,4174.0,1.157924,1.2045629999999998,DNK,LUX,850990
8519013,68,131,9314,2015,0.0,658.0,-0.183053,1.765036,EGY,LUX,850990
8519014,71,131,9314,2015,4017.0,13302.0,0.8173590000000001,2.442556,ESP,LUX,850990
8519015,77,131,9314,2015,170897.0,45379.0,1.479792,0.6490239999999999,FRA,LUX,850990
8519016,81,131,9314,2015,9871.0,8621.0,1.7422990000000003,0.75838,GBR,LUX,850990
8519017,109,131,9314,2015,0.0,922.0,0.24527600000000002,-0.411616,ISL,LUX,850990
8519018,111,131,9314,2015,51621.0,2740.0,1.321127,0.747046,ITA,LUX,850990
8519019,121,131,9314,2015,195.0,0.0,1.900653,0.859406,KOR,LUX,850990
8519020,134,131,9314,2015,0.0,892.0,-0.7554810000000001,-0.059697,MAR,LUX,850990
8519021,162,131,9314,2015,114408.0,11621.0,1.230104,1.27344,NLD,LUX,850990
8519022,163,131,9314,2015,0.0,943.0,0.950708,0.314339,NOR,LUX,850990
8519023,177,131,9314,2015,73235.0,4008.0,1.145844,1.1449280000000002,POL,LUX,850990
8519024,186,131,9314,2015,0.0,4252.0,0.23119,0.035965,RUS,LUX,850990
8519025,192,131,9314,2015,5789.0,0.0,2.05613,0.593065,SGP,LUX,850990
8519026,206,131,9314,2015,26382.0,6000.0,1.287133,0.7900560000000001,SVK,LUX,850990
8519027,207,131,9314,2015,2814.0,0.0,1.6089879999999999,0.833616,SVN,LUX,850990
8519028,208,131,9314,2015,1680.0,3144.0,1.8068349999999997,0.693389,SWE,LUX,850990
8519029,231,131,9314,2015,1968.0,3371.0,1.720478,-0.129322,USA,LUX,850990
8519030,250,131,9314,2015,73174.0,0.0,0.377283,-0.092204,ANS,LUX,850990
8519031,9,132,9314,2015,0.0,3061.0,0.037579,-0.42448800000000003,ARM,LVA,850990
8519032,15,132,9314,2015,20902.0,1683.0,1.747098,-0.08026699999999999,AUT,LVA,850990
8519033,18,132,9314,2015,2144.0,0.0,1.329866,1.100641,BEL,LVA,850990
8519034,41,132,9314,2015,2704.0,0.0,2.306075,0.720781,CHE,LVA,850990
8519035,43,132,9314,2015,52944.0,0.0,1.077143,1.735757,CHN,LVA,850990
8519036,59,132,9314,2015,13353.0,0.0,1.743012,0.45424,CZE,LVA,850990
8519037,61,132,9314,2015,68180.0,149825.0,2.203818,-2.307561,DEU,LVA,850990
8519038,64,132,9314,2015,33654.0,0.0,1.157924,1.2045629999999998,DNK,LVA,850990
8519039,71,132,9314,2015,3788.0,0.0,0.8173590000000001,2.442556,ESP,LVA,850990
8519040,72,132,9314,2015,60644.0,36242.0,0.9281149999999999,1.1780389999999998,EST,LVA,850990
8519041,74,132,9314,2015,9324.0,0.0,1.597817,0.998059,FIN,LVA,850990
8519042,77,132,9314,2015,3999.0,0.0,1.479792,0.6490239999999999,FRA,LVA,850990
8519043,81,132,9314,2015,4566.0,0.0,1.7422990000000003,0.75838,GBR,LVA,850990
8519044,97,132,9314,2015,2452.0,0.0,0.8255290000000001,1.8017279999999998,HKG,LVA,850990
8519045,102,132,9314,2015,48737.0,999562.0,1.462839,0.803258,HUN,LVA,850990
8519046,111,132,9314,2015,43452.0,2695.0,1.321127,0.747046,ITA,LVA,850990
8519047,115,132,9314,2015,0.0,2042.0,-0.45091499999999995,-0.652026,KAZ,LVA,850990
8519048,130,132,9314,2015,357680.0,287438.0,0.749429,1.3659860000000001,LTU,LVA,850990
8519049,162,132,9314,2015,13572.0,3578.0,1.230104,1.27344,NLD,LVA,850990
8519050,177,132,9314,2015,156577.0,0.0,1.145844,1.1449280000000002,POL,LVA,850990
8519051,186,132,9314,2015,0.0,46440.0,0.23119,0.035965,RUS,LVA,850990
8519052,208,132,9314,2015,66629.0,387368.0,1.8068349999999997,0.693389,SWE,LVA,850990
8519053,231,132,9314,2015,58996.0,0.0,1.720478,-0.129322,USA,LVA,850990
8519054,239,132,9314,2015,9974.0,0.0,-0.17108900000000002,1.10995,VNM,LVA,850990
8519055,23,140,9314,2015,4758.0,0.0,0.45640699999999995,1.691455,BGR,MKD,850990
8519056,43,140,9314,2015,1045.0,0.0,1.077143,1.735757,CHN,MKD,850990
8519057,61,140,9314,2015,45311.0,0.0,2.203818,-2.307561,DEU,MKD,850990
8519058,97,140,9314,2015,9150.0,0.0,0.8255290000000001,1.8017279999999998,HKG,MKD,850990
8519059,102,140,9314,2015,10812.0,0.0,1.462839,0.803258,HUN,MKD,850990
8519060,111,140,9314,2015,51395.0,0.0,1.321127,0.747046,ITA,MKD,850990
8519061,121,140,9314,2015,1565.0,0.0,1.900653,0.859406,KOR,MKD,850990
8519062,130,140,9314,2015,5053.0,0.0,0.749429,1.3659860000000001,LTU,MKD,850990
8519063,201,140,9314,2015,2243.0,0.0,0.457042,1.324908,SRB,MKD,850990
8519064,206,140,9314,2015,881.0,0.0,1.287133,0.7900560000000001,SVK,MKD,850990
8519065,207,140,9314,2015,4521.0,0.0,1.6089879999999999,0.833616,SVN,MKD,850990
8519066,208,140,9314,2015,783.0,0.0,1.8068349999999997,0.693389,SWE,MKD,850990
8519067,224,140,9314,2015,10328.0,0.0,0.438669,2.519632,TUR,MKD,850990
8519068,231,140,9314,2015,3362.0,0.0,1.720478,-0.129322,USA,MKD,850990
8519069,18,142,9314,2015,6219.0,0.0,1.329866,1.100641,BEL,MLT,850990
8519070,43,142,9314,2015,227567.0,0.0,1.077143,1.735757,CHN,MLT,850990
8519071,61,142,9314,2015,12810.0,0.0,2.203818,-2.307561,DEU,MLT,850990
8519072,71,142,9314,2015,1610.0,0.0,0.8173590000000001,2.442556,ESP,MLT,850990
8519073,74,142,9314,2015,1218.0,0.0,1.597817,0.998059,FIN,MLT,850990
8519074,77,142,9314,2015,18730.0,0.0,1.479792,0.6490239999999999,FRA,MLT,850990
8519075,81,142,9314,2015,15438.0,0.0,1.7422990000000003,0.75838,GBR,MLT,850990
8519076,90,142,9314,2015,18436.0,0.0,0.099027,1.012289,GRC,MLT,850990
8519077,111,142,9314,2015,64731.0,418385.0,1.321127,0.747046,ITA,MLT,850990
8519078,114,142,9314,2015,0.0,3262.0,2.516133,-0.484202,JPN,MLT,850990
8519079,126,142,9314,2015,0.0,5859.0,-1.3257219999999998,-1.260453,LBY,MLT,850990
8519080,162,142,9314,2015,3412.0,0.0,1.230104,1.27344,NLD,MLT,850990
8519081,177,142,9314,2015,2027.0,0.0,1.145844,1.1449280000000002,POL,MLT,850990
8519082,192,142,9314,2015,0.0,106280.0,2.05613,0.593065,SGP,MLT,850990
8519083,224,142,9314,2015,1691.0,0.0,0.438669,2.519632,TUR,MLT,850990
8519084,231,142,9314,2015,5606.0,0.0,1.720478,-0.129322,USA,MLT,850990
8519085,7,143,9314,2015,55412.0,0.0,0.21779600000000002,-0.0047420000000000006,ARE,MMR,850990
8519086,43,143,9314,2015,5260.0,173922.0,1.077143,1.735757,CHN,MMR,850990
8519087,77,143,9314,2015,9700.0,0.0,1.479792,0.6490239999999999,FRA,MMR,850990
8519088,97,143,9314,2015,406430.0,215222.0,0.8255290000000001,1.8017279999999998,HKG,MMR,850990
8519089,104,143,9314,2015,34041.0,0.0,0.24230900000000002,2.8190880000000003,IND,MMR,850990
8519090,111,143,9314,2015,18927.0,0.0,1.321127,0.747046,ITA,MMR,850990
8519091,114,143,9314,2015,42880.0,0.0,2.516133,-0.484202,JPN,MMR,850990
8519092,121,143,9314,2015,4969.0,0.0,1.900653,0.859406,KOR,MMR,850990
8519093,153,143,9314,2015,115367.0,0.0,1.082803,0.811615,MYS,MMR,850990
8519094,192,143,9314,2015,40989.0,0.0,2.05613,0.593065,SGP,MMR,850990
8519095,216,143,9314,2015,8575.0,0.0,0.965888,1.368572,THA,MMR,850990
8519096,231,143,9314,2015,13844.0,0.0,1.720478,-0.129322,USA,MMR,850990
8519097,7,163,9314,2015,0.0,5109.0,0.21779600000000002,-0.0047420000000000006,ARE,NOR,850990
8519098,14,163,9314,2015,1778.0,1021.0,-0.292325,-0.043489,AUS,NOR,850990
8519099,15,163,9314,2015,1557.0,0.0,1.747098,-0.08026699999999999,AUT,NOR,850990
8519100,18,163,9314,2015,132321.0,3798.0,1.329866,1.100641,BEL,NOR,850990
8519101,32,163,9314,2015,0.0,988.0,0.23656799999999997,0.688607,BRA,NOR,850990
8519102,39,163,9314,2015,102316.0,0.0,0.695867,1.171676,CAN,NOR,850990
8519103,41,163,9314,2015,26671.0,0.0,2.306075,0.720781,CHE,NOR,850990
8519104,43,163,9314,2015,235563.0,0.0,1.077143,1.735757,CHN,NOR,850990
8519105,49,163,9314,2015,0.0,940.0,0.156383,-0.183055,COL,NOR,850990
8519106,59,163,9314,2015,17980.0,0.0,1.743012,0.45424,CZE,NOR,850990
8519107,61,163,9314,2015,615402.0,8817.0,2.203818,-2.307561,DEU,NOR,850990
8519108,64,163,9314,2015,563462.0,24936.0,1.157924,1.2045629999999998,DNK,NOR,850990
8519109,71,163,9314,2015,8262.0,0.0,0.8173590000000001,2.442556,ESP,NOR,850990
8519110,72,163,9314,2015,4142.0,2997.0,0.9281149999999999,1.1780389999999998,EST,NOR,850990
8519111,74,163,9314,2015,29441.0,4325.0,1.597817,0.998059,FIN,NOR,850990
8519112,77,163,9314,2015,23898.0,801.0,1.479792,0.6490239999999999,FRA,NOR,850990
8519113,81,163,9314,2015,112071.0,2926.0,1.7422990000000003,0.75838,GBR,NOR,850990
8519114,83,163,9314,2015,0.0,44695.0,-0.750568,-0.690257,GHA,NOR,850990
8519115,90,163,9314,2015,0.0,1102.0,0.099027,1.012289,GRC,NOR,850990
8519116,97,163,9314,2015,3139.0,1260.0,0.8255290000000001,1.8017279999999998,HKG,NOR,850990
8519117,102,163,9314,2015,115548.0,0.0,1.462839,0.803258,HUN,NOR,850990
8519118,103,163,9314,2015,0.0,1530.0,-0.145103,1.277362,IDN,NOR,850990
8519119,106,163,9314,2015,93619.0,0.0,1.304942,0.126431,IRL,NOR,850990
8519120,109,163,9314,2015,1107.0,1026.0,0.24527600000000002,-0.411616,ISL,NOR,850990
8519121,110,163,9314,2015,9443.0,0.0,1.260071,0.545545,ISR,NOR,850990
8519122,111,163,9314,2015,483073.0,0.0,1.321127,0.747046,ITA,NOR,850990
8519123,114,163,9314,2015,29287.0,0.0,2.516133,-0.484202,JPN,NOR,850990
8519124,121,163,9314,2015,25544.0,0.0,1.900653,0.859406,KOR,NOR,850990
8519125,122,163,9314,2015,0.0,881.0,-0.352023,-1.153057,KWT,NOR,850990
8519126,130,163,9314,2015,47032.0,1224.0,0.749429,1.3659860000000001,LTU,NOR,850990
8519127,131,163,9314,2015,943.0,0.0,1.218924,1.247152,LUX,NOR,850990
8519128,138,163,9314,2015,120847.0,0.0,1.169724,0.61457,MEX,NOR,850990
8519129,153,163,9314,2015,5266.0,0.0,1.082803,0.811615,MYS,NOR,850990
8519130,162,163,9314,2015,319811.0,12328.0,1.230104,1.27344,NLD,NOR,850990
8519131,174,163,9314,2015,0.0,1785.0,0.6406270000000001,0.45770200000000005,PHL,NOR,850990
8519132,177,163,9314,2015,16209.0,1068.0,1.145844,1.1449280000000002,POL,NOR,850990
8519133,179,163,9314,2015,5197.0,0.0,0.561922,2.2276380000000002,PRT,NOR,850990
8519134,192,163,9314,2015,0.0,49641.0,2.05613,0.593065,SGP,NOR,850990
8519135,207,163,9314,2015,8279.0,791.0,1.6089879999999999,0.833616,SVN,NOR,850990
8519136,208,163,9314,2015,3789540.0,268545.0,1.8068349999999997,0.693389,SWE,NOR,850990
8519137,224,163,9314,2015,2362.0,1103.0,0.438669,2.519632,TUR,NOR,850990
8519138,231,163,9314,2015,348192.0,6924.0,1.720478,-0.129322,USA,NOR,850990
8519139,249,163,9314,2015,5669.0,0.0,1.962832,1.214982,TWN,NOR,850990
8519140,43,164,9314,2015,7294.0,0.0,1.077143,1.735757,CHN,NPL,850990
8519141,61,164,9314,2015,1253.0,0.0,2.203818,-2.307561,DEU,NPL,850990
8519142,81,164,9314,2015,1137.0,0.0,1.7422990000000003,0.75838,GBR,NPL,850990
8519143,104,164,9314,2015,38543.0,0.0,0.24230900000000002,2.8190880000000003,IND,NPL,850990
8519144,111,164,9314,2015,3486.0,0.0,1.321127,0.747046,ITA,NPL,850990
8519145,208,164,9314,2015,3052.0,0.0,1.8068349999999997,0.693389,SWE,NPL,850990
8519146,7,167,9314,2015,32767.0,3163.0,0.21779600000000002,-0.0047420000000000006,ARE,OMN,850990
8519147,18,167,9314,2015,1448.0,0.0,1.329866,1.100641,BEL,OMN,850990
8519148,39,167,9314,2015,1352.0,0.0,0.695867,1.171676,CAN,OMN,850990
8519149,43,167,9314,2015,27095.0,0.0,1.077143,1.735757,CHN,OMN,850990
8519150,61,167,9314,2015,20355.0,37930.0,2.203818,-2.307561,DEU,OMN,850990
8519151,64,167,9314,2015,1774.0,0.0,1.157924,1.2045629999999998,DNK,OMN,850990
8519152,71,167,9314,2015,15095.0,0.0,0.8173590000000001,2.442556,ESP,OMN,850990
8519153,77,167,9314,2015,16772.0,0.0,1.479792,0.6490239999999999,FRA,OMN,850990
8519154,81,167,9314,2015,19833.0,0.0,1.7422990000000003,0.75838,GBR,OMN,850990
8519155,102,167,9314,2015,2662.0,0.0,1.462839,0.803258,HUN,OMN,850990
8519156,104,167,9314,2015,2350.0,0.0,0.24230900000000002,2.8190880000000003,IND,OMN,850990
8519157,106,167,9314,2015,7637.0,0.0,1.304942,0.126431,IRL,OMN,850990
8519158,111,167,9314,2015,25623.0,0.0,1.321127,0.747046,ITA,OMN,850990
8519159,122,167,9314,2015,35302.0,0.0,-0.352023,-1.153057,KWT,OMN,850990
8519160,183,167,9314,2015,3645.0,0.0,-0.077053,-0.9922719999999999,QAT,OMN,850990
8519161,192,167,9314,2015,2190.0,0.0,2.05613,0.593065,SGP,OMN,850990
8519162,208,167,9314,2015,2344.0,0.0,1.8068349999999997,0.693389,SWE,OMN,850990
8519163,216,167,9314,2015,2660.0,0.0,0.965888,1.368572,THA,OMN,850990
8519164,224,167,9314,2015,4551.0,0.0,0.438669,2.519632,TUR,OMN,850990
8519165,231,167,9314,2015,3990.0,0.0,1.720478,-0.129322,USA,OMN,850990
8519166,7,183,9314,2015,7581.0,8209.0,0.21779600000000002,-0.0047420000000000006,ARE,QAT,850990
8519167,14,183,9314,2015,2977.0,0.0,-0.292325,-0.043489,AUS,QAT,850990
8519168,15,183,9314,2015,7187.0,609.0,1.747098,-0.08026699999999999,AUT,QAT,850990
8519169,18,183,9314,2015,5016.0,0.0,1.329866,1.100641,BEL,QAT,850990
8519170,39,183,9314,2015,1886.0,1950.0,0.695867,1.171676,CAN,QAT,850990
8519171,41,183,9314,2015,6753.0,0.0,2.306075,0.720781,CHE,QAT,850990
8519172,43,183,9314,2015,16003.0,0.0,1.077143,1.735757,CHN,QAT,850990
8519173,59,183,9314,2015,5625.0,0.0,1.743012,0.45424,CZE,QAT,850990
8519174,61,183,9314,2015,6643.0,0.0,2.203818,-2.307561,DEU,QAT,850990
8519175,64,183,9314,2015,6365.0,0.0,1.157924,1.2045629999999998,DNK,QAT,850990
8519176,71,183,9314,2015,3704.0,0.0,0.8173590000000001,2.442556,ESP,QAT,850990
8519177,77,183,9314,2015,39528.0,0.0,1.479792,0.6490239999999999,FRA,QAT,850990
8519178,81,183,9314,2015,28713.0,0.0,1.7422990000000003,0.75838,GBR,QAT,850990
8519179,97,183,9314,2015,1965.0,0.0,0.8255290000000001,1.8017279999999998,HKG,QAT,850990
8519180,102,183,9314,2015,3885.0,0.0,1.462839,0.803258,HUN,QAT,850990
8519181,104,183,9314,2015,1692.0,0.0,0.24230900000000002,2.8190880000000003,IND,QAT,850990
8519182,111,183,9314,2015,121271.0,15483.0,1.321127,0.747046,ITA,QAT,850990
8519183,114,183,9314,2015,6803.0,0.0,2.516133,-0.484202,JPN,QAT,850990
8519184,121,183,9314,2015,9137.0,0.0,1.900653,0.859406,KOR,QAT,850990
8519185,124,183,9314,2015,969.0,0.0,0.317355,1.330374,LBN,QAT,850990
8519186,138,183,9314,2015,1719.0,0.0,1.169724,0.61457,MEX,QAT,850990
8519187,153,183,9314,2015,6033.0,0.0,1.082803,0.811615,MYS,QAT,850990
8519188,162,183,9314,2015,6046.0,0.0,1.230104,1.27344,NLD,QAT,850990
8519189,167,183,9314,2015,0.0,3645.0,-0.4699,-1.00451,OMN,QAT,850990
8519190,177,183,9314,2015,5616.0,0.0,1.145844,1.1449280000000002,POL,QAT,850990
8519191,192,183,9314,2015,9520.0,0.0,2.05613,0.593065,SGP,QAT,850990
8519192,206,183,9314,2015,1864.0,0.0,1.287133,0.7900560000000001,SVK,QAT,850990
8519193,208,183,9314,2015,3462.0,0.0,1.8068349999999997,0.693389,SWE,QAT,850990
8519194,216,183,9314,2015,0.0,13134.0,0.965888,1.368572,THA,QAT,850990
8519195,223,183,9314,2015,813.0,0.0,0.140202,0.967591,TUN,QAT,850990
8519196,224,183,9314,2015,1602.0,0.0,0.438669,2.519632,TUR,QAT,850990
8519197,231,183,9314,2015,37953.0,0.0,1.720478,-0.129322,USA,QAT,850990
8519198,7,185,9314,2015,0.0,980.0,0.21779600000000002,-0.0047420000000000006,ARE,ROU,850990
8519199,9,185,9314,2015,0.0,1324.0,0.037579,-0.42448800000000003,ARM,ROU,850990
8519200,14,185,9314,2015,0.0,1605.0,-0.292325,-0.043489,AUS,ROU,850990
8519201,15,185,9314,2015,105310.0,91467.0,1.747098,-0.08026699999999999,AUT,ROU,850990
8519202,18,185,9314,2015,75229.0,0.0,1.329866,1.100641,BEL,ROU,850990
8519203,23,185,9314,2015,9557.0,57005.0,0.45640699999999995,1.691455,BGR,ROU,850990
8519204,24,185,9314,2015,0.0,1253.0,0.36650900000000003,-0.28735,BHR,ROU,850990
8519205,26,185,9314,2015,0.0,1156.0,0.355903,0.723092,BIH,ROU,850990
8519206,28,185,9314,2015,0.0,1249.0,0.672499,0.5584020000000001,BLR,ROU,850990
8519207,32,185,9314,2015,0.0,27468.0,0.23656799999999997,0.688607,BRA,ROU,850990
8519208,39,185,9314,2015,1419.0,107474.0,0.695867,1.171676,CAN,ROU,850990
8519209,41,185,9314,2015,49347.0,353121.0,2.306075,0.720781,CHE,ROU,850990
8519210,43,185,9314,2015,506267.0,1417432.0,1.077143,1.735757,CHN,ROU,850990
8519211,59,185,9314,2015,2055627.0,132563.0,1.743012,0.45424,CZE,ROU,850990
8519212,61,185,9314,2015,2010681.0,1787317.0,2.203818,-2.307561,DEU,ROU,850990
8519213,64,185,9314,2015,10160.0,0.0,1.157924,1.2045629999999998,DNK,ROU,850990
8519214,71,185,9314,2015,66317.0,20942.0,0.8173590000000001,2.442556,ESP,ROU,850990
8519215,74,185,9314,2015,0.0,1204.0,1.597817,0.998059,FIN,ROU,850990
8519216,77,185,9314,2015,95664.0,232274.0,1.479792,0.6490239999999999,FRA,ROU,850990
8519217,81,185,9314,2015,54431.0,4007.0,1.7422990000000003,0.75838,GBR,ROU,850990
8519218,90,185,9314,2015,3277.0,5762.0,0.099027,1.012289,GRC,ROU,850990
8519219,97,185,9314,2015,16202.0,3838.0,0.8255290000000001,1.8017279999999998,HKG,ROU,850990
8519220,100,185,9314,2015,0.0,2518.0,0.7590140000000001,1.257415,HRV,ROU,850990
8519221,102,185,9314,2015,1043379.0,83102.0,1.462839,0.803258,HUN,ROU,850990
8519222,111,185,9314,2015,2331378.0,1477136.0,1.321127,0.747046,ITA,ROU,850990
8519223,114,185,9314,2015,0.0,78956.0,2.516133,-0.484202,JPN,ROU,850990
8519224,121,185,9314,2015,15138.0,3059.0,1.900653,0.859406,KOR,ROU,850990
8519225,122,185,9314,2015,0.0,11068.0,-0.352023,-1.153057,KWT,ROU,850990
8519226,124,185,9314,2015,0.0,2040.0,0.317355,1.330374,LBN,ROU,850990
8519227,130,185,9314,2015,0.0,3321.0,0.749429,1.3659860000000001,LTU,ROU,850990
8519228,135,185,9314,2015,0.0,10072.0,-0.313837,-0.20393,MDA,ROU,850990
8519229,138,185,9314,2015,485111.0,0.0,1.169724,0.61457,MEX,ROU,850990
8519230,144,185,9314,2015,0.0,4361.0,-0.048385000000000004,-0.150759,MNE,ROU,850990
8519231,162,185,9314,2015,40245.0,12874.0,1.230104,1.27344,NLD,ROU,850990
8519232,166,185,9314,2015,0.0,4079.0,0.224598,0.253179,NZL,ROU,850990
8519233,177,185,9314,2015,1172504.0,6370005.0,1.145844,1.1449280000000002,POL,ROU,850990
8519234,179,185,9314,2015,3961.0,0.0,0.561922,2.2276380000000002,PRT,ROU,850990
8519235,186,185,9314,2015,0.0,26847.0,0.23119,0.035965,RUS,ROU,850990
8519236,188,185,9314,2015,0.0,924.0,0.5552520000000001,-0.7263229999999999,SAU,ROU,850990
8519237,192,185,9314,2015,0.0,1586.0,2.05613,0.593065,SGP,ROU,850990
8519238,201,185,9314,2015,0.0,1784.0,0.457042,1.324908,SRB,ROU,850990
8519239,206,185,9314,2015,98172.0,4322.0,1.287133,0.7900560000000001,SVK,ROU,850990
8519240,207,185,9314,2015,17441.0,892188.0,1.6089879999999999,0.833616,SVN,ROU,850990
8519241,208,185,9314,2015,37441.0,0.0,1.8068349999999997,0.693389,SWE,ROU,850990
8519242,224,185,9314,2015,29387.0,16488.0,0.438669,2.519632,TUR,ROU,850990
8519243,228,185,9314,2015,0.0,9784.0,0.429879,0.701813,UKR,ROU,850990
8519244,231,185,9314,2015,55916.0,50931.0,1.720478,-0.129322,USA,ROU,850990
8519245,239,185,9314,2015,33272.0,0.0,-0.17108900000000002,1.10995,VNM,ROU,850990
8519246,246,185,9314,2015,0.0,3377.0,0.24944699999999997,1.7573159999999999,ZAF,ROU,850990
8519247,249,185,9314,2015,13441.0,0.0,1.962832,1.214982,TWN,ROU,850990
8519248,9,186,9314,2015,0.0,1038.0,0.037579,-0.42448800000000003,ARM,RUS,850990
8519249,15,186,9314,2015,1013.0,0.0,1.747098,-0.08026699999999999,AUT,RUS,850990
8519250,16,186,9314,2015,0.0,4558.0,-0.983347,-1.231542,AZE,RUS,850990
8519251,18,186,9314,2015,224083.0,0.0,1.329866,1.100641,BEL,RUS,850990
8519252,28,186,9314,2015,6377.0,57597.0,0.672499,0.5584020000000001,BLR,RUS,850990
8519253,39,186,9314,2015,36164.0,0.0,0.695867,1.171676,CAN,RUS,850990
8519254,41,186,9314,2015,62293.0,0.0,2.306075,0.720781,CHE,RUS,850990
8519255,43,186,9314,2015,2547292.0,0.0,1.077143,1.735757,CHN,RUS,850990
8519256,59,186,9314,2015,25597.0,0.0,1.743012,0.45424,CZE,RUS,850990
8519257,61,186,9314,2015,2242271.0,1465.0,2.203818,-2.307561,DEU,RUS,850990
8519258,64,186,9314,2015,30447.0,0.0,1.157924,1.2045629999999998,DNK,RUS,850990
8519259,71,186,9314,2015,1395.0,0.0,0.8173590000000001,2.442556,ESP,RUS,850990
8519260,72,186,9314,2015,45479.0,0.0,0.9281149999999999,1.1780389999999998,EST,RUS,850990
8519261,74,186,9314,2015,52211.0,0.0,1.597817,0.998059,FIN,RUS,850990
8519262,77,186,9314,2015,63580.0,0.0,1.479792,0.6490239999999999,FRA,RUS,850990
8519263,81,186,9314,2015,92730.0,7165.0,1.7422990000000003,0.75838,GBR,RUS,850990
8519264,82,186,9314,2015,0.0,1930.0,-0.343663,-0.588017,GEO,RUS,850990
8519265,97,186,9314,2015,4505.0,0.0,0.8255290000000001,1.8017279999999998,HKG,RUS,850990
8519266,102,186,9314,2015,50294.0,0.0,1.462839,0.803258,HUN,RUS,850990
8519267,110,186,9314,2015,0.0,935.0,1.260071,0.545545,ISR,RUS,850990
8519268,111,186,9314,2015,1657254.0,0.0,1.321127,0.747046,ITA,RUS,850990
8519269,114,186,9314,2015,3382.0,0.0,2.516133,-0.484202,JPN,RUS,850990
8519270,115,186,9314,2015,0.0,142362.0,-0.45091499999999995,-0.652026,KAZ,RUS,850990
8519271,121,186,9314,2015,336792.0,1385.0,1.900653,0.859406,KOR,RUS,850990
8519272,130,186,9314,2015,110036.0,0.0,0.749429,1.3659860000000001,LTU,RUS,850990
8519273,131,186,9314,2015,4252.0,0.0,1.218924,1.247152,LUX,RUS,850990
8519274,132,186,9314,2015,46440.0,0.0,0.602209,1.125357,LVA,RUS,850990
8519275,135,186,9314,2015,0.0,681.0,-0.313837,-0.20393,MDA,RUS,850990
8519276,138,186,9314,2015,19341.0,0.0,1.169724,0.61457,MEX,RUS,850990
8519277,145,186,9314,2015,0.0,6612.0,-1.244368,-1.196677,MNG,RUS,850990
8519278,153,186,9314,2015,49531.0,0.0,1.082803,0.811615,MYS,RUS,850990
8519279,162,186,9314,2015,45871.0,0.0,1.230104,1.27344,NLD,RUS,850990
8519280,177,186,9314,2015,201909.0,0.0,1.145844,1.1449280000000002,POL,RUS,850990
8519281,185,186,9314,2015,26847.0,0.0,0.946363,1.056775,ROU,RUS,850990
8519282,192,186,9314,2015,1290.0,0.0,2.05613,0.593065,SGP,RUS,850990
8519283,206,186,9314,2015,6878.0,0.0,1.287133,0.7900560000000001,SVK,RUS,850990
8519284,207,186,9314,2015,33469.0,0.0,1.6089879999999999,0.833616,SVN,RUS,850990
8519285,208,186,9314,2015,3741.0,0.0,1.8068349999999997,0.693389,SWE,RUS,850990
8519286,216,186,9314,2015,3124.0,0.0,0.965888,1.368572,THA,RUS,850990
8519287,224,186,9314,2015,3668.0,0.0,0.438669,2.519632,TUR,RUS,850990
8519288,228,186,9314,2015,0.0,5339.0,0.429879,0.701813,UKR,RUS,850990
8519289,231,186,9314,2015,419501.0,0.0,1.720478,-0.129322,USA,RUS,850990
8519290,232,186,9314,2015,0.0,1748.0,-0.724966,-0.599292,UZB,RUS,850990
8519291,239,186,9314,2015,14183.0,0.0,-0.17108900000000002,1.10995,VNM,RUS,850990
8519292,249,186,9314,2015,9613.0,0.0,1.962832,1.214982,TWN,RUS,850990
8519293,250,186,9314,2015,635.0,0.0,0.377283,-0.092204,ANS,RUS,850990
8519294,18,191,9314,2015,10574.0,0.0,1.329866,1.100641,BEL,SEN,850990
8519295,71,191,9314,2015,1258.0,0.0,0.8173590000000001,2.442556,ESP,SEN,850990
8519296,77,191,9314,2015,8123.0,0.0,1.479792,0.6490239999999999,FRA,SEN,850990
8519297,81,191,9314,2015,8468.0,0.0,1.7422990000000003,0.75838,GBR,SEN,850990
8519298,111,191,9314,2015,12902.0,0.0,1.321127,0.747046,ITA,SEN,850990
8519299,134,191,9314,2015,2356.0,0.0,-0.7554810000000001,-0.059697,MAR,SEN,850990
8519300,224,191,9314,2015,2142.0,0.0,0.438669,2.519632,TUR,SEN,850990
8519301,246,191,9314,2015,815.0,0.0,0.24944699999999997,1.7573159999999999,ZAF,SEN,850990
8519302,15,201,9314,2015,28823.0,0.0,1.747098,-0.08026699999999999,AUT,SRB,850990
8519303,26,201,9314,2015,0.0,16384.0,0.355903,0.723092,BIH,SRB,850990
8519304,39,201,9314,2015,994.0,0.0,0.695867,1.171676,CAN,SRB,850990
8519305,43,201,9314,2015,12608.0,0.0,1.077143,1.735757,CHN,SRB,850990
8519306,61,201,9314,2015,51972.0,12527.0,2.203818,-2.307561,DEU,SRB,850990
8519307,64,201,9314,2015,3976.0,0.0,1.157924,1.2045629999999998,DNK,SRB,850990
8519308,71,201,9314,2015,1159.0,0.0,0.8173590000000001,2.442556,ESP,SRB,850990
8519309,77,201,9314,2015,5963.0,0.0,1.479792,0.6490239999999999,FRA,SRB,850990
8519310,81,201,9314,2015,25684.0,0.0,1.7422990000000003,0.75838,GBR,SRB,850990
8519311,90,201,9314,2015,2416.0,0.0,0.099027,1.012289,GRC,SRB,850990
8519312,97,201,9314,2015,945.0,0.0,0.8255290000000001,1.8017279999999998,HKG,SRB,850990
8519313,100,201,9314,2015,5834.0,0.0,0.7590140000000001,1.257415,HRV,SRB,850990
8519314,102,201,9314,2015,19322.0,0.0,1.462839,0.803258,HUN,SRB,850990
8519315,106,201,9314,2015,13263.0,0.0,1.304942,0.126431,IRL,SRB,850990
8519316,111,201,9314,2015,335603.0,2123.0,1.321127,0.747046,ITA,SRB,850990
8519317,121,201,9314,2015,5435.0,0.0,1.900653,0.859406,KOR,SRB,850990
8519318,124,201,9314,2015,951.0,0.0,0.317355,1.330374,LBN,SRB,850990
8519319,140,201,9314,2015,0.0,2243.0,-0.09009600000000001,-0.147359,MKD,SRB,850990
8519320,144,201,9314,2015,0.0,31700.0,-0.048385000000000004,-0.150759,MNE,SRB,850990
8519321,162,201,9314,2015,1759.0,0.0,1.230104,1.27344,NLD,SRB,850990
8519322,168,201,9314,2015,478.0,0.0,-0.7059979999999999,0.73501,PAK,SRB,850990
8519323,177,201,9314,2015,5047.0,0.0,1.145844,1.1449280000000002,POL,SRB,850990
8519324,185,201,9314,2015,1784.0,0.0,0.946363,1.056775,ROU,SRB,850990
8519325,192,201,9314,2015,803.0,0.0,2.05613,0.593065,SGP,SRB,850990
8519326,206,201,9314,2015,4901.0,0.0,1.287133,0.7900560000000001,SVK,SRB,850990
8519327,207,201,9314,2015,455566.0,8572005.0,1.6089879999999999,0.833616,SVN,SRB,850990
8519328,208,201,9314,2015,6597.0,51355.0,1.8068349999999997,0.693389,SWE,SRB,850990
8519329,224,201,9314,2015,45464.0,0.0,0.438669,2.519632,TUR,SRB,850990
8519330,231,201,9314,2015,16954.0,0.0,1.720478,-0.129322,USA,SRB,850990
8519331,249,201,9314,2015,791.0,0.0,1.962832,1.214982,TWN,SRB,850990
8519332,7,206,9314,2015,0.0,8172.0,0.21779600000000002,-0.0047420000000000006,ARE,SVK,850990
8519333,14,206,9314,2015,0.0,1269.0,-0.292325,-0.043489,AUS,SVK,850990
8519334,15,206,9314,2015,154131.0,23213.0,1.747098,-0.08026699999999999,AUT,SVK,850990
8519335,18,206,9314,2015,11140.0,0.0,1.329866,1.100641,BEL,SVK,850990
8519336,23,206,9314,2015,0.0,5740.0,0.45640699999999995,1.691455,BGR,SVK,850990
8519337,24,206,9314,2015,0.0,2227.0,0.36650900000000003,-0.28735,BHR,SVK,850990
8519338,39,206,9314,2015,0.0,42522.0,0.695867,1.171676,CAN,SVK,850990
8519339,41,206,9314,2015,18541.0,77786.0,2.306075,0.720781,CHE,SVK,850990
8519340,43,206,9314,2015,112209.0,2788909.0,1.077143,1.735757,CHN,SVK,850990
8519341,59,206,9314,2015,908542.0,177318.0,1.743012,0.45424,CZE,SVK,850990
8519342,61,206,9314,2015,3456176.0,5599797.0,2.203818,-2.307561,DEU,SVK,850990
8519343,64,206,9314,2015,13120.0,16964.0,1.157924,1.2045629999999998,DNK,SVK,850990
8519344,71,206,9314,2015,13721.0,2350.0,0.8173590000000001,2.442556,ESP,SVK,850990
8519345,74,206,9314,2015,0.0,2740.0,1.597817,0.998059,FIN,SVK,850990
8519346,77,206,9314,2015,122534.0,211560.0,1.479792,0.6490239999999999,FRA,SVK,850990
8519347,81,206,9314,2015,1608.0,3855685.0,1.7422990000000003,0.75838,GBR,SVK,850990
8519348,97,206,9314,2015,213255.0,0.0,0.8255290000000001,1.8017279999999998,HKG,SVK,850990
8519349,100,206,9314,2015,0.0,3688.0,0.7590140000000001,1.257415,HRV,SVK,850990
8519350,102,206,9314,2015,22951.0,289861.0,1.462839,0.803258,HUN,SVK,850990
8519351,103,206,9314,2015,0.0,876.0,-0.145103,1.277362,IDN,SVK,850990
8519352,104,206,9314,2015,3328.0,0.0,0.24230900000000002,2.8190880000000003,IND,SVK,850990
8519353,110,206,9314,2015,0.0,8229.0,1.260071,0.545545,ISR,SVK,850990
8519354,111,206,9314,2015,198007.0,27714.0,1.321127,0.747046,ITA,SVK,850990
8519355,114,206,9314,2015,2155.0,11294.0,2.516133,-0.484202,JPN,SVK,850990
8519356,121,206,9314,2015,65094.0,0.0,1.900653,0.859406,KOR,SVK,850990
8519357,124,206,9314,2015,0.0,1409.0,0.317355,1.330374,LBN,SVK,850990
8519358,130,206,9314,2015,114187.0,0.0,0.749429,1.3659860000000001,LTU,SVK,850990
8519359,131,206,9314,2015,6000.0,26382.0,1.218924,1.247152,LUX,SVK,850990
8519360,138,206,9314,2015,5601.0,1141.0,1.169724,0.61457,MEX,SVK,850990
8519361,140,206,9314,2015,0.0,881.0,-0.09009600000000001,-0.147359,MKD,SVK,850990
8519362,153,206,9314,2015,47185.0,0.0,1.082803,0.811615,MYS,SVK,850990
8519363,162,206,9314,2015,64499.0,21893.0,1.230104,1.27344,NLD,SVK,850990
8519364,166,206,9314,2015,0.0,5669.0,0.224598,0.253179,NZL,SVK,850990
8519365,177,206,9314,2015,95622.0,1122044.0,1.145844,1.1449280000000002,POL,SVK,850990
8519366,183,206,9314,2015,0.0,1864.0,-0.077053,-0.9922719999999999,QAT,SVK,850990
8519367,185,206,9314,2015,4322.0,98172.0,0.946363,1.056775,ROU,SVK,850990
8519368,186,206,9314,2015,0.0,6878.0,0.23119,0.035965,RUS,SVK,850990
8519369,192,206,9314,2015,0.0,1408.0,2.05613,0.593065,SGP,SVK,850990
8519370,201,206,9314,2015,0.0,4901.0,0.457042,1.324908,SRB,SVK,850990
8519371,207,206,9314,2015,3327861.0,175280.0,1.6089879999999999,0.833616,SVN,SVK,850990
8519372,208,206,9314,2015,32207.0,7644.0,1.8068349999999997,0.693389,SWE,SVK,850990
8519373,216,206,9314,2015,31736.0,2583.0,0.965888,1.368572,THA,SVK,850990
8519374,224,206,9314,2015,4362.0,1688.0,0.438669,2.519632,TUR,SVK,850990
8519375,231,206,9314,2015,9516.0,0.0,1.720478,-0.129322,USA,SVK,850990
8519376,239,206,9314,2015,137197.0,0.0,-0.17108900000000002,1.10995,VNM,SVK,850990
8519377,246,206,9314,2015,0.0,1335.0,0.24944699999999997,1.7573159999999999,ZAF,SVK,850990
8519378,249,206,9314,2015,6851.0,0.0,1.962832,1.214982,TWN,SVK,850990
8519379,250,206,9314,2015,296792.0,0.0,0.377283,-0.092204,ANS,SVK,850990
8519380,4,207,9314,2015,0.0,8846.0,-0.601875,-0.27003,ALB,SVN,850990
8519381,7,207,9314,2015,0.0,6559.0,0.21779600000000002,-0.0047420000000000006,ARE,SVN,850990
8519382,14,207,9314,2015,0.0,142723.0,-0.292325,-0.043489,AUS,SVN,850990
8519383,15,207,9314,2015,108324.0,261896.0,1.747098,-0.08026699999999999,AUT,SVN,850990
8519384,18,207,9314,2015,9126.0,70590.0,1.329866,1.100641,BEL,SVN,850990
8519385,23,207,9314,2015,0.0,36407.0,0.45640699999999995,1.691455,BGR,SVN,850990
8519386,24,207,9314,2015,0.0,1032.0,0.36650900000000003,-0.28735,BHR,SVN,850990
8519387,26,207,9314,2015,1495300.0,233503.0,0.355903,0.723092,BIH,SVN,850990
8519388,28,207,9314,2015,0.0,6134.0,0.672499,0.5584020000000001,BLR,SVN,850990
8519389,32,207,9314,2015,0.0,70467.0,0.23656799999999997,0.688607,BRA,SVN,850990
8519390,39,207,9314,2015,1023.0,35906.0,0.695867,1.171676,CAN,SVN,850990
8519391,41,207,9314,2015,226005.0,142939.0,2.306075,0.720781,CHE,SVN,850990
8519392,42,207,9314,2015,0.0,150422.0,-0.356167,-0.47629399999999994,CHL,SVN,850990
8519393,43,207,9314,2015,10349240.0,14176.0,1.077143,1.735757,CHN,SVN,850990
8519394,49,207,9314,2015,0.0,72057.0,0.156383,-0.183055,COL,SVN,850990
8519395,52,207,9314,2015,0.0,15305.0,0.24859699999999998,-0.033143,CRI,SVN,850990
8519396,58,207,9314,2015,0.0,2163.0,0.511225,-0.207261,CYP,SVN,850990
8519397,59,207,9314,2015,12391.0,456893.0,1.743012,0.45424,CZE,SVN,850990
8519398,61,207,9314,2015,2594824.0,14351153.0,2.203818,-2.307561,DEU,SVN,850990
8519399,64,207,9314,2015,11870.0,3414.0,1.157924,1.2045629999999998,DNK,SVN,850990
8519400,67,207,9314,2015,0.0,7341.0,-0.9845959999999999,-1.075639,ECU,SVN,850990
8519401,68,207,9314,2015,0.0,8797.0,-0.183053,1.765036,EGY,SVN,850990
8519402,71,207,9314,2015,324846.0,185935.0,0.8173590000000001,2.442556,ESP,SVN,850990
8519403,72,207,9314,2015,0.0,61903.0,0.9281149999999999,1.1780389999999998,EST,SVN,850990
8519404,74,207,9314,2015,0.0,23704.0,1.597817,0.998059,FIN,SVN,850990
8519405,77,207,9314,2015,44524.0,432624.0,1.479792,0.6490239999999999,FRA,SVN,850990
8519406,81,207,9314,2015,2875.0,20990.0,1.7422990000000003,0.75838,GBR,SVN,850990
8519407,82,207,9314,2015,0.0,2645.0,-0.343663,-0.588017,GEO,SVN,850990
8519408,90,207,9314,2015,0.0,24227.0,0.099027,1.012289,GRC,SVN,850990
8519409,97,207,9314,2015,51791.0,35922.0,0.8255290000000001,1.8017279999999998,HKG,SVN,850990
8519410,100,207,9314,2015,945003.0,236983.0,0.7590140000000001,1.257415,HRV,SVN,850990
8519411,102,207,9314,2015,3721863.0,2032568.0,1.462839,0.803258,HUN,SVN,850990
8519412,103,207,9314,2015,0.0,4419.0,-0.145103,1.277362,IDN,SVN,850990
8519413,104,207,9314,2015,0.0,18904.0,0.24230900000000002,2.8190880000000003,IND,SVN,850990
8519414,109,207,9314,2015,0.0,857.0,0.24527600000000002,-0.411616,ISL,SVN,850990
8519415,111,207,9314,2015,403273.0,295201.0,1.321127,0.747046,ITA,SVN,850990
8519416,114,207,9314,2015,0.0,43287.0,2.516133,-0.484202,JPN,SVN,850990
8519417,115,207,9314,2015,0.0,29594.0,-0.45091499999999995,-0.652026,KAZ,SVN,850990
8519418,117,207,9314,2015,0.0,34953.0,0.02058,0.438692,KGZ,SVN,850990
8519419,121,207,9314,2015,53448.0,60118.0,1.900653,0.859406,KOR,SVN,850990
8519420,122,207,9314,2015,0.0,7156.0,-0.352023,-1.153057,KWT,SVN,850990
8519421,130,207,9314,2015,0.0,10193.0,0.749429,1.3659860000000001,LTU,SVN,850990
8519422,131,207,9314,2015,0.0,2814.0,1.218924,1.247152,LUX,SVN,850990
8519423,134,207,9314,2015,0.0,1161.0,-0.7554810000000001,-0.059697,MAR,SVN,850990
8519424,135,207,9314,2015,0.0,2112.0,-0.313837,-0.20393,MDA,SVN,850990
8519425,138,207,9314,2015,69771.0,6592.0,1.169724,0.61457,MEX,SVN,850990
8519426,140,207,9314,2015,0.0,4521.0,-0.09009600000000001,-0.147359,MKD,SVN,850990
8519427,144,207,9314,2015,0.0,17854.0,-0.048385000000000004,-0.150759,MNE,SVN,850990
8519428,160,207,9314,2015,0.0,1225.0,-1.102989,-0.952276,NIC,SVN,850990
8519429,162,207,9314,2015,5335.0,66406.0,1.230104,1.27344,NLD,SVN,850990
8519430,163,207,9314,2015,791.0,8279.0,0.950708,0.314339,NOR,SVN,850990
8519431,166,207,9314,2015,0.0,24701.0,0.224598,0.253179,NZL,SVN,850990
8519432,173,207,9314,2015,0.0,7170.0,-0.6007819999999999,0.32152800000000004,PER,SVN,850990
8519433,174,207,9314,2015,0.0,14751.0,0.6406270000000001,0.45770200000000005,PHL,SVN,850990
8519434,177,207,9314,2015,101242.0,577619.0,1.145844,1.1449280000000002,POL,SVN,850990
8519435,179,207,9314,2015,16410.0,102992.0,0.561922,2.2276380000000002,PRT,SVN,850990
8519436,180,207,9314,2015,0.0,31829.0,-0.471106,-0.9431139999999999,PRY,SVN,850990
8519437,185,207,9314,2015,892188.0,17441.0,0.946363,1.056775,ROU,SVN,850990
8519438,186,207,9314,2015,0.0,33469.0,0.23119,0.035965,RUS,SVN,850990
8519439,192,207,9314,2015,1524.0,72867.0,2.05613,0.593065,SGP,SVN,850990
8519440,201,207,9314,2015,8572005.0,455566.0,0.457042,1.324908,SRB,SVN,850990
8519441,206,207,9314,2015,175280.0,3327861.0,1.287133,0.7900560000000001,SVK,SVN,850990
8519442,208,207,9314,2015,5281.0,147727.0,1.8068349999999997,0.693389,SWE,SVN,850990
8519443,216,207,9314,2015,0.0,14395.0,0.965888,1.368572,THA,SVN,850990
8519444,223,207,9314,2015,3285.0,0.0,0.140202,0.967591,TUN,SVN,850990
8519445,224,207,9314,2015,519966.0,3213603.0,0.438669,2.519632,TUR,SVN,850990
8519446,228,207,9314,2015,0.0,34915.0,0.429879,0.701813,UKR,SVN,850990
8519447,230,207,9314,2015,745.0,0.0,0.273876,-0.363695,URY,SVN,850990
8519448,231,207,9314,2015,24132.0,859103.0,1.720478,-0.129322,USA,SVN,850990
8519449,239,207,9314,2015,0.0,10121.0,-0.17108900000000002,1.10995,VNM,SVN,850990
8519450,246,207,9314,2015,0.0,2583.0,0.24944699999999997,1.7573159999999999,ZAF,SVN,850990
8519451,59,217,9314,2015,2449.0,0.0,1.743012,0.45424,CZE,TJK,850990
8519452,224,217,9314,2015,2976.0,0.0,0.438669,2.519632,TUR,TJK,850990
8519453,7,219,9314,2015,1196.0,0.0,0.21779600000000002,-0.0047420000000000006,ARE,TKM,850990
8519454,43,219,9314,2015,12081.0,0.0,1.077143,1.735757,CHN,TKM,850990
8519455,61,219,9314,2015,12383.0,0.0,2.203818,-2.307561,DEU,TKM,850990
8519456,77,219,9314,2015,1997.0,0.0,1.479792,0.6490239999999999,FRA,TKM,850990
8519457,224,219,9314,2015,87017.0,0.0,0.438669,2.519632,TUR,TKM,850990
8519458,7,226,9314,2015,5334.0,0.0,0.21779600000000002,-0.0047420000000000006,ARE,TZA,850990
8519459,41,226,9314,2015,569.0,0.0,2.306075,0.720781,CHE,TZA,850990
8519460,43,226,9314,2015,15040.0,0.0,1.077143,1.735757,CHN,TZA,850990
8519461,59,226,9314,2015,7780.0,0.0,1.743012,0.45424,CZE,TZA,850990
8519462,64,226,9314,2015,621.0,0.0,1.157924,1.2045629999999998,DNK,TZA,850990
8519463,81,226,9314,2015,2270.0,0.0,1.7422990000000003,0.75838,GBR,TZA,850990
8519464,104,226,9314,2015,1759.0,0.0,0.24230900000000002,2.8190880000000003,IND,TZA,850990
8519465,111,226,9314,2015,1059.0,0.0,1.321127,0.747046,ITA,TZA,850990
8519466,114,226,9314,2015,2472.0,0.0,2.516133,-0.484202,JPN,TZA,850990
8519467,121,226,9314,2015,0.0,1022.0,1.900653,0.859406,KOR,TZA,850990
8519468,162,226,9314,2015,5366.0,0.0,1.230104,1.27344,NLD,TZA,850990
8519469,224,226,9314,2015,6335.0,0.0,0.438669,2.519632,TUR,TZA,850990
8519470,231,226,9314,2015,1702.0,0.0,1.720478,-0.129322,USA,TZA,850990
8519471,246,226,9314,2015,2276.0,0.0,0.24944699999999997,1.7573159999999999,ZAF,TZA,850990
8519472,7,232,9314,2015,498422.0,0.0,0.21779600000000002,-0.0047420000000000006,ARE,UZB,850990
8519473,43,232,9314,2015,253450.0,0.0,1.077143,1.735757,CHN,UZB,850990
8519474,61,232,9314,2015,18001.0,0.0,2.203818,-2.307561,DEU,UZB,850990
8519475,107,232,9314,2015,1300.0,0.0,-0.258946,-0.0073420000000000004,IRN,UZB,850990
8519476,111,232,9314,2015,1976.0,0.0,1.321127,0.747046,ITA,UZB,850990
8519477,121,232,9314,2015,1677085.0,0.0,1.900653,0.859406,KOR,UZB,850990
8519478,186,232,9314,2015,1748.0,0.0,0.23119,0.035965,RUS,UZB,850990
8519479,224,232,9314,2015,1821.0,0.0,0.438669,2.519632,TUR,UZB,850990
8519480,7,239,9314,2015,0.0,3707.0,0.21779600000000002,-0.0047420000000000006,ARE,VNM,850990
8519481,8,239,9314,2015,0.0,820123.0,0.116896,0.30330999999999997,ARG,VNM,850990
8519482,14,239,9314,2015,3326.0,12512.0,-0.292325,-0.043489,AUS,VNM,850990
8519483,15,239,9314,2015,0.0,3720.0,1.747098,-0.08026699999999999,AUT,VNM,850990
8519484,18,239,9314,2015,15705.0,0.0,1.329866,1.100641,BEL,VNM,850990
8519485,26,239,9314,2015,0.0,2453.0,0.355903,0.723092,BIH,VNM,850990
8519486,39,239,9314,2015,0.0,12599.0,0.695867,1.171676,CAN,VNM,850990
8519487,42,239,9314,2015,0.0,2207.0,-0.356167,-0.47629399999999994,CHL,VNM,850990
8519488,43,239,9314,2015,6642214.0,174600.0,1.077143,1.735757,CHN,VNM,850990
8519489,49,239,9314,2015,0.0,1074.0,0.156383,-0.183055,COL,VNM,850990
8519490,59,239,9314,2015,0.0,14996.0,1.743012,0.45424,CZE,VNM,850990
8519491,61,239,9314,2015,13501.0,15980.0,2.203818,-2.307561,DEU,VNM,850990
8519492,64,239,9314,2015,1311.0,0.0,1.157924,1.2045629999999998,DNK,VNM,850990
8519493,74,239,9314,2015,4684.0,0.0,1.597817,0.998059,FIN,VNM,850990
8519494,77,239,9314,2015,1699.0,3211.0,1.479792,0.6490239999999999,FRA,VNM,850990
8519495,81,239,9314,2015,8244.0,50025.0,1.7422990000000003,0.75838,GBR,VNM,850990
8519496,97,239,9314,2015,249726.0,1507.0,0.8255290000000001,1.8017279999999998,HKG,VNM,850990
8519497,99,239,9314,2015,0.0,699.0,-0.578635,-0.292053,HND,VNM,850990
8519498,102,239,9314,2015,5207.0,0.0,1.462839,0.803258,HUN,VNM,850990
8519499,103,239,9314,2015,46520.0,0.0,-0.145103,1.277362,IDN,VNM,850990
8519500,111,239,9314,2015,31017.0,0.0,1.321127,0.747046,ITA,VNM,850990
8519501,114,239,9314,2015,228226.0,94967.0,2.516133,-0.484202,JPN,VNM,850990
8519502,115,239,9314,2015,0.0,8248.0,-0.45091499999999995,-0.652026,KAZ,VNM,850990
8519503,118,239,9314,2015,0.0,1183.0,-0.791985,-0.833046,KHM,VNM,850990
8519504,121,239,9314,2015,30389812.0,3550234.0,1.900653,0.859406,KOR,VNM,850990
8519505,123,239,9314,2015,0.0,66533.0,-0.927524,-0.74525,LAO,VNM,850990
8519506,132,239,9314,2015,0.0,9974.0,0.602209,1.125357,LVA,VNM,850990
8519507,144,239,9314,2015,0.0,2258.0,-0.048385000000000004,-0.150759,MNE,VNM,850990
8519508,151,239,9314,2015,0.0,1322.0,-0.231762,-0.195051,MUS,VNM,850990
8519509,153,239,9314,2015,43136.0,136125.0,1.082803,0.811615,MYS,VNM,850990
8519510,160,239,9314,2015,0.0,1528.0,-1.102989,-0.952276,NIC,VNM,850990
8519511,162,239,9314,2015,0.0,182629.0,1.230104,1.27344,NLD,VNM,850990
8519512,166,239,9314,2015,0.0,4129.0,0.224598,0.253179,NZL,VNM,850990
8519513,168,239,9314,2015,0.0,6999.0,-0.7059979999999999,0.73501,PAK,VNM,850990
8519514,174,239,9314,2015,155542.0,182261.0,0.6406270000000001,0.45770200000000005,PHL,VNM,850990
8519515,177,239,9314,2015,17871.0,7224.0,1.145844,1.1449280000000002,POL,VNM,850990
8519516,185,239,9314,2015,0.0,33272.0,0.946363,1.056775,ROU,VNM,850990
8519517,186,239,9314,2015,0.0,14183.0,0.23119,0.035965,RUS,VNM,850990
8519518,192,239,9314,2015,266412.0,12563.0,2.05613,0.593065,SGP,VNM,850990
8519519,196,239,9314,2015,0.0,1986.0,0.072324,-0.255235,SLE,VNM,850990
8519520,206,239,9314,2015,0.0,137197.0,1.287133,0.7900560000000001,SVK,VNM,850990
8519521,207,239,9314,2015,10121.0,0.0,1.6089879999999999,0.833616,SVN,VNM,850990
8519522,208,239,9314,2015,2330.0,0.0,1.8068349999999997,0.693389,SWE,VNM,850990
8519523,216,239,9314,2015,40360.0,122302.0,0.965888,1.368572,THA,VNM,850990
8519524,224,239,9314,2015,0.0,8361.0,0.438669,2.519632,TUR,VNM,850990
8519525,228,239,9314,2015,0.0,3098.0,0.429879,0.701813,UKR,VNM,850990
8519526,231,239,9314,2015,63715.0,180060.0,1.720478,-0.129322,USA,VNM,850990
8519527,249,239,9314,2015,137359.0,11971.0,1.962832,1.214982,TWN,VNM,850990
8519528,250,239,9314,2015,175208.0,0.0,0.377283,-0.092204,ANS,VNM,850990
8519529,104,242,9314,2015,1076.0,0.0,0.24230900000000002,2.8190880000000003,IND,WSM,850990
8519530,166,242,9314,2015,1288.0,0.0,0.224598,0.253179,NZL,WSM,850990
8519531,43,1,9314,2015,3317.0,0.0,1.077143,1.735757,CHN,AFG,850990
8519532,104,1,9314,2015,1653.0,0.0,0.24230900000000002,2.8190880000000003,IND,AFG,850990
8519533,231,1,9314,2015,10884.0,0.0,1.720478,-0.129322,USA,AFG,850990
8519534,15,4,9314,2015,1716.0,0.0,1.747098,-0.08026699999999999,AUT,ALB,850990
8519535,43,4,9314,2015,123431.0,0.0,1.077143,1.735757,CHN,ALB,850990
8519536,61,4,9314,2015,1300.0,0.0,2.203818,-2.307561,DEU,ALB,850990
8519537,90,4,9314,2015,1495.0,0.0,0.099027,1.012289,GRC,ALB,850990
8519538,100,4,9314,2015,790.0,0.0,0.7590140000000001,1.257415,HRV,ALB,850990
8519539,102,4,9314,2015,3076.0,0.0,1.462839,0.803258,HUN,ALB,850990
8519540,111,4,9314,2015,40644.0,239842.0,1.321127,0.747046,ITA,ALB,850990
8519541,207,4,9314,2015,8846.0,0.0,1.6089879999999999,0.833616,SVN,ALB,850990
8519542,224,4,9314,2015,6752.0,0.0,0.438669,2.519632,TUR,ALB,850990
8519543,61,13,9314,2015,3680.0,0.0,2.203818,-2.307561,DEU,ATG,850990
8519544,111,13,9314,2015,1182.0,0.0,1.321127,0.747046,ITA,ATG,850990
8519545,231,13,9314,2015,45286.0,0.0,1.720478,-0.129322,USA,ATG,850990
8519546,7,19,9314,2015,4444.0,0.0,0.21779600000000002,-0.0047420000000000006,ARE,BEN,850990
8519547,43,21,9314,2015,3901.0,0.0,1.077143,1.735757,CHN,BFA,850990
8519548,83,21,9314,2015,38746456.0,0.0,-0.750568,-0.690257,GHA,BFA,850990
8519549,231,21,9314,2015,903.0,0.0,1.720478,-0.129322,USA,BFA,850990
8519550,15,26,9314,2015,6067.0,0.0,1.747098,-0.08026699999999999,AUT,BIH,850990
8519551,43,26,9314,2015,2287.0,0.0,1.077143,1.735757,CHN,BIH,850990
8519552,59,26,9314,2015,3060.0,0.0,1.743012,0.45424,CZE,BIH,850990
8519553,61,26,9314,2015,10947.0,0.0,2.203818,-2.307561,DEU,BIH,850990
8519554,100,26,9314,2015,15736.0,0.0,0.7590140000000001,1.257415,HRV,BIH,850990
8519555,102,26,9314,2015,15311.0,0.0,1.462839,0.803258,HUN,BIH,850990
8519556,111,26,9314,2015,168722.0,0.0,1.321127,0.747046,ITA,BIH,850990
8519557,121,26,9314,2015,426.0,0.0,1.900653,0.859406,KOR,BIH,850990
8519558,162,26,9314,2015,1137.0,0.0,1.230104,1.27344,NLD,BIH,850990
8519559,177,26,9314,2015,1744.0,0.0,1.145844,1.1449280000000002,POL,BIH,850990
8519560,185,26,9314,2015,1156.0,0.0,0.946363,1.056775,ROU,BIH,850990
8519561,201,26,9314,2015,16384.0,0.0,0.457042,1.324908,SRB,BIH,850990
8519562,207,26,9314,2015,233503.0,1495300.0,1.6089879999999999,0.833616,SVN,BIH,850990
8519563,224,26,9314,2015,15558.0,0.0,0.438669,2.519632,TUR,BIH,850990
8519564,231,26,9314,2015,21153.0,0.0,1.720478,-0.129322,USA,BIH,850990
8519565,239,26,9314,2015,2453.0,0.0,-0.17108900000000002,1.10995,VNM,BIH,850990
8519566,61,27,9314,2015,1282.0,0.0,2.203818,-2.307561,DEU,BLM,850990
8519567,77,27,9314,2015,6206.0,0.0,1.479792,0.6490239999999999,FRA,BLM,850990
8519568,43,37,9314,2015,35178.0,0.0,1.077143,1.735757,CHN,BWA,850990
8519569,110,37,9314,2015,4920.0,0.0,1.260071,0.545545,ISR,BWA,850990
8519570,209,37,9314,2015,0.0,25282.0,0.257467,-0.402491,SWZ,BWA,850990
8519571,231,37,9314,2015,1817.0,0.0,1.720478,-0.129322,USA,BWA,850990
8519572,246,37,9314,2015,86683.0,0.0,0.24944699999999997,1.7573159999999999,ZAF,BWA,850990
8519573,249,37,9314,2015,931.0,0.0,1.962832,1.214982,TWN,BWA,850990
8519574,43,45,9314,2015,1171.0,0.0,1.077143,1.735757,CHN,CMR,850990
8519575,61,45,9314,2015,1991.0,0.0,2.203818,-2.307561,DEU,CMR,850990
8519576,77,45,9314,2015,8197.0,0.0,1.479792,0.6490239999999999,FRA,CMR,850990
8519577,104,45,9314,2015,1453.0,0.0,0.24230900000000002,2.8190880000000003,IND,CMR,850990
8519578,111,45,9314,2015,10900.0,0.0,1.321127,0.747046,ITA,CMR,850990
8519579,121,45,9314,2015,0.0,2426.0,1.900653,0.859406,KOR,CMR,850990
8519580,153,45,9314,2015,1005.0,0.0,1.082803,0.811615,MYS,CMR,850990
8519581,162,45,9314,2015,9326.0,0.0,1.230104,1.27344,NLD,CMR,850990
8519582,231,45,9314,2015,28127.0,0.0,1.720478,-0.129322,USA,CMR,850990
8519583,2,47,9314,2015,26570.0,0.0,-1.6542,-1.2598989999999999,AGO,COG,850990
8519584,7,47,9314,2015,897.0,0.0,0.21779600000000002,-0.0047420000000000006,ARE,COG,850990
8519585,43,47,9314,2015,10253.0,0.0,1.077143,1.735757,CHN,COG,850990
8519586,61,47,9314,2015,599.0,0.0,2.203818,-2.307561,DEU,COG,850990
8519587,77,47,9314,2015,12565.0,0.0,1.479792,0.6490239999999999,FRA,COG,850990
8519588,111,47,9314,2015,1893.0,0.0,1.321127,0.747046,ITA,COG,850990
8519589,224,47,9314,2015,1559.0,0.0,0.438669,2.519632,TUR,COG,850990
8519590,231,47,9314,2015,493.0,0.0,1.720478,-0.129322,USA,COG,850990
8519591,246,47,9314,2015,1026.0,0.0,0.24944699999999997,1.7573159999999999,ZAF,COG,850990
8519592,250,47,9314,2015,4065.0,0.0,0.377283,-0.092204,ANS,COG,850990
8519593,43,54,9314,2015,40675.0,0.0,1.077143,1.735757,CHN,CUB,850990
8519594,71,54,9314,2015,18668.0,0.0,0.8173590000000001,2.442556,ESP,CUB,850990
8519595,77,54,9314,2015,3130.0,0.0,1.479792,0.6490239999999999,FRA,CUB,850990
8519596,111,54,9314,2015,147796.0,0.0,1.321127,0.747046,ITA,CUB,850990
8519597,169,54,9314,2015,49497.0,0.0,0.642058,0.833392,PAN,CUB,850990
8519598,18,58,9314,2015,4760.0,0.0,1.329866,1.100641,BEL,CYP,850990
8519599,41,58,9314,2015,316362.0,0.0,2.306075,0.720781,CHE,CYP,850990
8519600,43,58,9314,2015,2606.0,0.0,1.077143,1.735757,CHN,CYP,850990
8519601,59,58,9314,2015,1092.0,0.0,1.743012,0.45424,CZE,CYP,850990
8519602,61,58,9314,2015,48032.0,0.0,2.203818,-2.307561,DEU,CYP,850990
8519603,71,58,9314,2015,7384.0,0.0,0.8173590000000001,2.442556,ESP,CYP,850990
8519604,74,58,9314,2015,6628.0,0.0,1.597817,0.998059,FIN,CYP,850990
8519605,77,58,9314,2015,17783.0,0.0,1.479792,0.6490239999999999,FRA,CYP,850990
8519606,81,58,9314,2015,24176.0,0.0,1.7422990000000003,0.75838,GBR,CYP,850990
8519607,90,58,9314,2015,31266.0,1154.0,0.099027,1.012289,GRC,CYP,850990
8519608,97,58,9314,2015,3282.0,0.0,0.8255290000000001,1.8017279999999998,HKG,CYP,850990
8519609,111,58,9314,2015,137138.0,0.0,1.321127,0.747046,ITA,CYP,850990
8519610,124,58,9314,2015,2327.0,0.0,0.317355,1.330374,LBN,CYP,850990
8519611,162,58,9314,2015,17276.0,0.0,1.230104,1.27344,NLD,CYP,850990
8519612,177,58,9314,2015,10975.0,0.0,1.145844,1.1449280000000002,POL,CYP,850990
8519613,192,58,9314,2015,0.0,3669.0,2.05613,0.593065,SGP,CYP,850990
8519614,207,58,9314,2015,2163.0,0.0,1.6089879999999999,0.833616,SVN,CYP,850990
8519615,224,58,9314,2015,76534.0,0.0,0.438669,2.519632,TUR,CYP,850990
8519616,231,58,9314,2015,12743.0,0.0,1.720478,-0.129322,USA,CYP,850990
8519617,7,62,9314,2015,36135.0,0.0,0.21779600000000002,-0.0047420000000000006,ARE,DJI,850990
8519618,43,62,9314,2015,829.0,0.0,1.077143,1.735757,CHN,DJI,850990
8519619,77,62,9314,2015,2508.0,0.0,1.479792,0.6490239999999999,FRA,DJI,850990
8519620,43,66,9314,2015,278079.0,0.0,1.077143,1.735757,CHN,DZA,850990
8519621,61,66,9314,2015,2177.0,0.0,2.203818,-2.307561,DEU,DZA,850990
8519622,64,66,9314,2015,618.0,0.0,1.157924,1.2045629999999998,DNK,DZA,850990
8519623,68,66,9314,2015,5298.0,0.0,-0.183053,1.765036,EGY,DZA,850990
8519624,71,66,9314,2015,1482.0,0.0,0.8173590000000001,2.442556,ESP,DZA,850990
8519625,77,66,9314,2015,69788.0,0.0,1.479792,0.6490239999999999,FRA,DZA,850990
8519626,81,66,9314,2015,126950.0,0.0,1.7422990000000003,0.75838,GBR,DZA,850990
8519627,111,66,9314,2015,85682.0,0.0,1.321127,0.747046,ITA,DZA,850990
8519628,162,66,9314,2015,1372.0,0.0,1.230104,1.27344,NLD,DZA,850990
8519629,224,66,9314,2015,3776.0,0.0,0.438669,2.519632,TUR,DZA,850990
8519630,231,66,9314,2015,2435.0,0.0,1.720478,-0.129322,USA,DZA,850990
8519631,43,73,9314,2015,9291.0,0.0,1.077143,1.735757,CHN,ETH,850990
8519632,81,73,9314,2015,46165.0,0.0,1.7422990000000003,0.75838,GBR,ETH,850990
8519633,111,73,9314,2015,5767.0,0.0,1.321127,0.747046,ITA,ETH,850990
8519634,208,73,9314,2015,868.0,0.0,1.8068349999999997,0.693389,SWE,ETH,850990
8519635,224,73,9314,2015,1892.0,0.0,0.438669,2.519632,TUR,ETH,850990
8519636,231,73,9314,2015,2139.0,0.0,1.720478,-0.129322,USA,ETH,850990
8519637,15,80,9314,2015,15171.0,0.0,1.747098,-0.08026699999999999,AUT,GAB,850990
8519638,59,80,9314,2015,2483.0,0.0,1.743012,0.45424,CZE,GAB,850990
8519639,77,80,9314,2015,2974.0,0.0,1.479792,0.6490239999999999,FRA,GAB,850990
8519640,231,80,9314,2015,13294.0,0.0,1.720478,-0.129322,USA,GAB,850990
8519641,14,83,9314,2015,65247.0,0.0,-0.292325,-0.043489,AUS,GHA,850990
8519642,21,83,9314,2015,0.0,38746456.0,-1.085359,-1.034365,BFA,GHA,850990
8519643,43,83,9314,2015,6270.0,0.0,1.077143,1.735757,CHN,GHA,850990
8519644,61,83,9314,2015,1189.0,0.0,2.203818,-2.307561,DEU,GHA,850990
8519645,64,83,9314,2015,1263.0,0.0,1.157924,1.2045629999999998,DNK,GHA,850990
8519646,77,83,9314,2015,1640.0,0.0,1.479792,0.6490239999999999,FRA,GHA,850990
8519647,81,83,9314,2015,84974.0,0.0,1.7422990000000003,0.75838,GBR,GHA,850990
8519648,111,83,9314,2015,5221.0,0.0,1.321127,0.747046,ITA,GHA,850990
8519649,141,83,9314,2015,0.0,270338.0,-0.744236,-0.9441860000000001,MLI,GHA,850990
8519650,163,83,9314,2015,44695.0,0.0,0.950708,0.314339,NOR,GHA,850990
8519651,179,83,9314,2015,43655.0,0.0,0.561922,2.2276380000000002,PRT,GHA,850990
8519652,231,83,9314,2015,5255.0,0.0,1.720478,-0.129322,USA,GHA,850990
8519653,246,83,9314,2015,14689.0,0.0,0.24944699999999997,1.7573159999999999,ZAF,GHA,850990
8519654,71,84,9314,2015,28783.0,0.0,0.8173590000000001,2.442556,ESP,GIB,850990
8519655,81,84,9314,2015,6217.0,0.0,1.7422990000000003,0.75838,GBR,GIB,850990
8519656,18,85,9314,2015,101980.0,0.0,1.329866,1.100641,BEL,GIN,850990
8519657,43,85,9314,2015,2938.0,0.0,1.077143,1.735757,CHN,GIN,850990
8519658,81,85,9314,2015,1179.0,0.0,1.7422990000000003,0.75838,GBR,GIN,850990
8519659,111,85,9314,2015,10123.0,0.0,1.321127,0.747046,ITA,GIN,850990
8519660,124,85,9314,2015,534.0,0.0,0.317355,1.330374,LBN,GIN,850990
8519661,153,85,9314,2015,2243.0,0.0,1.082803,0.811615,MYS,GIN,850990
8519662,231,85,9314,2015,27052.0,0.0,1.720478,-0.129322,USA,GIN,850990
8519663,41,89,9314,2015,1707.0,0.0,2.306075,0.720781,CHE,GNQ,850990
8519664,71,89,9314,2015,2899.0,0.0,0.8173590000000001,2.442556,ESP,GNQ,850990
8519665,81,89,9314,2015,6793.0,0.0,1.7422990000000003,0.75838,GBR,GNQ,850990
8519666,111,89,9314,2015,4388.0,0.0,1.321127,0.747046,ITA,GNQ,850990
8519667,162,89,9314,2015,23762.0,0.0,1.230104,1.27344,NLD,GNQ,850990
8519668,169,96,9314,2015,6680.0,0.0,0.642058,0.833392,PAN,GUY,850990
8519669,231,96,9314,2015,47150.0,0.0,1.720478,-0.129322,USA,GUY,850990
8519670,18,109,9314,2015,14797.0,0.0,1.329866,1.100641,BEL,ISL,850990
8519671,41,109,9314,2015,1417.0,0.0,2.306075,0.720781,CHE,ISL,850990
8519672,43,109,9314,2015,15001.0,0.0,1.077143,1.735757,CHN,ISL,850990
8519673,59,109,9314,2015,12131.0,0.0,1.743012,0.45424,CZE,ISL,850990
8519674,61,109,9314,2015,38964.0,0.0,2.203818,-2.307561,DEU,ISL,850990
8519675,64,109,9314,2015,87992.0,0.0,1.157924,1.2045629999999998,DNK,ISL,850990
8519676,74,109,9314,2015,1520.0,0.0,1.597817,0.998059,FIN,ISL,850990
8519677,77,109,9314,2015,1028.0,0.0,1.479792,0.6490239999999999,FRA,ISL,850990
8519678,81,109,9314,2015,6720.0,0.0,1.7422990000000003,0.75838,GBR,ISL,850990
8519679,102,109,9314,2015,5039.0,0.0,1.462839,0.803258,HUN,ISL,850990
8519680,111,109,9314,2015,9469.0,0.0,1.321127,0.747046,ITA,ISL,850990
8519681,121,109,9314,2015,5437.0,0.0,1.900653,0.859406,KOR,ISL,850990
8519682,130,109,9314,2015,964.0,0.0,0.749429,1.3659860000000001,LTU,ISL,850990
8519683,131,109,9314,2015,922.0,0.0,1.218924,1.247152,LUX,ISL,850990
8519684,138,109,9314,2015,19.0,0.0,1.169724,0.61457,MEX,ISL,850990
8519685,162,109,9314,2015,25433.0,0.0,1.230104,1.27344,NLD,ISL,850990
8519686,163,109,9314,2015,1026.0,1107.0,0.950708,0.314339,NOR,ISL,850990
8519687,177,109,9314,2015,2585.0,0.0,1.145844,1.1449280000000002,POL,ISL,850990
8519688,207,109,9314,2015,857.0,0.0,1.6089879999999999,0.833616,SVN,ISL,850990
8519689,208,109,9314,2015,29585.0,0.0,1.8068349999999997,0.693389,SWE,ISL,850990
8519690,231,109,9314,2015,4694.0,0.0,1.720478,-0.129322,USA,ISL,850990
8519691,249,109,9314,2015,580.0,0.0,1.962832,1.214982,TWN,ISL,850990
8519692,43,118,9314,2015,108085.0,0.0,1.077143,1.735757,CHN,KHM,850990
8519693,61,118,9314,2015,11210.0,0.0,2.203818,-2.307561,DEU,KHM,850990
8519694,71,118,9314,2015,2562.0,0.0,0.8173590000000001,2.442556,ESP,KHM,850990
8519695,77,118,9314,2015,4797.0,0.0,1.479792,0.6490239999999999,FRA,KHM,850990
8519696,111,118,9314,2015,1062.0,0.0,1.321127,0.747046,ITA,KHM,850990
8519697,114,118,9314,2015,10903.0,0.0,2.516133,-0.484202,JPN,KHM,850990
8519698,121,118,9314,2015,3334.0,0.0,1.900653,0.859406,KOR,KHM,850990
8519699,192,118,9314,2015,18607.0,0.0,2.05613,0.593065,SGP,KHM,850990
8519700,239,118,9314,2015,1183.0,0.0,-0.17108900000000002,1.10995,VNM,KHM,850990
8519701,249,118,9314,2015,1502.0,0.0,1.962832,1.214982,TWN,KHM,850990
8519702,231,120,9314,2015,58632.0,0.0,1.720478,-0.129322,USA,KNA,850990
8519703,15,126,9314,2015,1228.0,0.0,1.747098,-0.08026699999999999,AUT,LBY,850990
8519704,18,126,9314,2015,21391.0,0.0,1.329866,1.100641,BEL,LBY,850990
8519705,23,126,9314,2015,0.0,1391.0,0.45640699999999995,1.691455,BGR,LBY,850990
8519706,43,126,9314,2015,39301.0,0.0,1.077143,1.735757,CHN,LBY,850990
8519707,61,126,9314,2015,1366.0,0.0,2.203818,-2.307561,DEU,LBY,850990
8519708,77,126,9314,2015,31330.0,0.0,1.479792,0.6490239999999999,FRA,LBY,850990
8519709,81,126,9314,2015,7185.0,0.0,1.7422990000000003,0.75838,GBR,LBY,850990
8519710,111,126,9314,2015,187350.0,0.0,1.321127,0.747046,ITA,LBY,850990
8519711,134,126,9314,2015,1575.0,0.0,-0.7554810000000001,-0.059697,MAR,LBY,850990
8519712,142,126,9314,2015,5859.0,0.0,0.880893,-0.117585,MLT,LBY,850990
8519713,224,126,9314,2015,73960.0,0.0,0.438669,2.519632,TUR,LBY,850990
8519714,43,133,9314,2015,20788.0,0.0,1.077143,1.735757,CHN,MAC,850990
8519715,97,133,9314,2015,124997.0,4186.0,0.8255290000000001,1.8017279999999998,HKG,MAC,850990
8519716,192,133,9314,2015,0.0,2695.0,2.05613,0.593065,SGP,MAC,850990
8519717,231,133,9314,2015,17592.0,0.0,1.720478,-0.129322,USA,MAC,850990
8519718,18,134,9314,2015,1399.0,0.0,1.329866,1.100641,BEL,MAR,850990
8519719,39,134,9314,2015,1073.0,0.0,0.695867,1.171676,CAN,MAR,850990
8519720,43,134,9314,2015,625982.0,0.0,1.077143,1.735757,CHN,MAR,850990
8519721,61,134,9314,2015,18170.0,0.0,2.203818,-2.307561,DEU,MAR,850990
8519722,68,134,9314,2015,16501.0,0.0,-0.183053,1.765036,EGY,MAR,850990
8519723,71,134,9314,2015,394411.0,0.0,0.8173590000000001,2.442556,ESP,MAR,850990
8519724,77,134,9314,2015,439602.0,0.0,1.479792,0.6490239999999999,FRA,MAR,850990
8519725,81,134,9314,2015,13092.0,0.0,1.7422990000000003,0.75838,GBR,MAR,850990
8519726,111,134,9314,2015,188776.0,0.0,1.321127,0.747046,ITA,MAR,850990
8519727,121,134,9314,2015,3569.0,0.0,1.900653,0.859406,KOR,MAR,850990
8519728,126,134,9314,2015,0.0,1575.0,-1.3257219999999998,-1.260453,LBY,MAR,850990
8519729,131,134,9314,2015,892.0,0.0,1.218924,1.247152,LUX,MAR,850990
8519730,148,134,9314,2015,0.0,3580.0,-1.5597450000000002,-1.3209229999999998,MRT,MAR,850990
8519731,162,134,9314,2015,9099.0,0.0,1.230104,1.27344,NLD,MAR,850990
8519732,191,134,9314,2015,0.0,2356.0,-0.708349,-0.296663,SEN,MAR,850990
8519733,192,134,9314,2015,3193.0,0.0,2.05613,0.593065,SGP,MAR,850990
8519734,207,134,9314,2015,1161.0,0.0,1.6089879999999999,0.833616,SVN,MAR,850990
8519735,208,134,9314,2015,34189.0,0.0,1.8068349999999997,0.693389,SWE,MAR,850990
8519736,224,134,9314,2015,2798.0,0.0,0.438669,2.519632,TUR,MAR,850990
8519737,231,134,9314,2015,1194.0,0.0,1.720478,-0.129322,USA,MAR,850990
8519738,249,134,9314,2015,1991.0,0.0,1.962832,1.214982,TWN,MAR,850990
8519739,43,136,9314,2015,15059.0,0.0,1.077143,1.735757,CHN,MDG,850990
8519740,111,136,9314,2015,1088.0,0.0,1.321127,0.747046,ITA,MDG,850990
8519741,231,136,9314,2015,52288.0,0.0,1.720478,-0.129322,USA,MDG,850990
8519742,246,136,9314,2015,2069.0,0.0,0.24944699999999997,1.7573159999999999,ZAF,MDG,850990
8519743,250,136,9314,2015,5020.0,0.0,0.377283,-0.092204,ANS,MDG,850990
8519744,18,141,9314,2015,54813.0,0.0,1.329866,1.100641,BEL,MLI,850990
8519745,77,141,9314,2015,6054.0,0.0,1.479792,0.6490239999999999,FRA,MLI,850990
8519746,83,141,9314,2015,270338.0,0.0,-0.750568,-0.690257,GHA,MLI,850990
8519747,43,144,9314,2015,5620.0,0.0,1.077143,1.735757,CHN,MNE,850990
8519748,61,144,9314,2015,3423.0,0.0,2.203818,-2.307561,DEU,MNE,850990
8519749,77,144,9314,2015,936.0,0.0,1.479792,0.6490239999999999,FRA,MNE,850990
8519750,100,144,9314,2015,1776.0,0.0,0.7590140000000001,1.257415,HRV,MNE,850990
8519751,102,144,9314,2015,1974.0,0.0,1.462839,0.803258,HUN,MNE,850990
8519752,111,144,9314,2015,4908.0,0.0,1.321127,0.747046,ITA,MNE,850990
8519753,177,144,9314,2015,1675.0,0.0,1.145844,1.1449280000000002,POL,MNE,850990
8519754,179,144,9314,2015,1546.0,0.0,0.561922,2.2276380000000002,PRT,MNE,850990
8519755,185,144,9314,2015,4361.0,0.0,0.946363,1.056775,ROU,MNE,850990
8519756,201,144,9314,2015,31700.0,0.0,0.457042,1.324908,SRB,MNE,850990
8519757,207,144,9314,2015,17854.0,0.0,1.6089879999999999,0.833616,SVN,MNE,850990
8519758,208,144,9314,2015,0.0,4240.0,1.8068349999999997,0.693389,SWE,MNE,850990
8519759,224,144,9314,2015,1918.0,0.0,0.438669,2.519632,TUR,MNE,850990
8519760,231,144,9314,2015,37252.0,0.0,1.720478,-0.129322,USA,MNE,850990
8519761,239,144,9314,2015,2258.0,0.0,-0.17108900000000002,1.10995,VNM,MNE,850990
8519762,15,147,9314,2015,0.0,4182.0,1.747098,-0.08026699999999999,AUT,MOZ,850990
8519763,43,147,9314,2015,5183.0,0.0,1.077143,1.735757,CHN,MOZ,850990
8519764,153,147,9314,2015,24816.0,0.0,1.082803,0.811615,MYS,MOZ,850990
8519765,179,147,9314,2015,3801.0,0.0,0.561922,2.2276380000000002,PRT,MOZ,850990
8519766,246,147,9314,2015,78867.0,0.0,0.24944699999999997,1.7573159999999999,ZAF,MOZ,850990
8519767,18,148,9314,2015,580.0,0.0,1.329866,1.100641,BEL,MRT,850990
8519768,43,148,9314,2015,41030.0,0.0,1.077143,1.735757,CHN,MRT,850990
8519769,77,148,9314,2015,2557.0,0.0,1.479792,0.6490239999999999,FRA,MRT,850990
8519770,81,148,9314,2015,12816.0,0.0,1.7422990000000003,0.75838,GBR,MRT,850990
8519771,134,148,9314,2015,3580.0,0.0,-0.7554810000000001,-0.059697,MAR,MRT,850990
8519772,231,149,9314,2015,4681.0,0.0,1.720478,-0.129322,USA,MSR,850990
8519773,18,151,9314,2015,3151.0,0.0,1.329866,1.100641,BEL,MUS,850990
8519774,43,151,9314,2015,5543.0,0.0,1.077143,1.735757,CHN,MUS,850990
8519775,61,151,9314,2015,2512.0,0.0,2.203818,-2.307561,DEU,MUS,850990
8519776,77,151,9314,2015,10152.0,0.0,1.479792,0.6490239999999999,FRA,MUS,850990
8519777,81,151,9314,2015,8316.0,0.0,1.7422990000000003,0.75838,GBR,MUS,850990
8519778,104,151,9314,2015,26529.0,0.0,0.24230900000000002,2.8190880000000003,IND,MUS,850990
8519779,111,151,9314,2015,16073.0,0.0,1.321127,0.747046,ITA,MUS,850990
8519780,162,151,9314,2015,0.0,6087.0,1.230104,1.27344,NLD,MUS,850990
8519781,192,151,9314,2015,2011.0,0.0,2.05613,0.593065,SGP,MUS,850990
8519782,231,151,9314,2015,6437.0,2621.0,1.720478,-0.129322,USA,MUS,850990
8519783,239,151,9314,2015,1322.0,0.0,-0.17108900000000002,1.10995,VNM,MUS,850990
8519784,246,151,9314,2015,24580.0,0.0,0.24944699999999997,1.7573159999999999,ZAF,MUS,850990
8519785,2,155,9314,2015,0.0,6793.0,-1.6542,-1.2598989999999999,AGO,NAM,850990
8519786,46,155,9314,2015,0.0,1592.0,-1.3921290000000002,-1.146549,COD,NAM,850990
8519787,64,155,9314,2015,10757.0,0.0,1.157924,1.2045629999999998,DNK,NAM,850990
8519788,246,155,9314,2015,178572.0,3685.0,0.24944699999999997,1.7573159999999999,ZAF,NAM,850990
8519789,14,156,9314,2015,11184.0,0.0,-0.292325,-0.043489,AUS,NCL,850990
8519790,39,156,9314,2015,2095.0,0.0,0.695867,1.171676,CAN,NCL,850990
8519791,41,156,9314,2015,154.0,0.0,2.306075,0.720781,CHE,NCL,850990
8519792,43,156,9314,2015,6773.0,0.0,1.077143,1.735757,CHN,NCL,850990
8519793,64,156,9314,2015,1038.0,0.0,1.157924,1.2045629999999998,DNK,NCL,850990
8519794,71,156,9314,2015,1128.0,0.0,0.8173590000000001,2.442556,ESP,NCL,850990
8519795,77,156,9314,2015,48384.0,0.0,1.479792,0.6490239999999999,FRA,NCL,850990
8519796,81,156,9314,2015,218731.0,0.0,1.7422990000000003,0.75838,GBR,NCL,850990
8519797,111,156,9314,2015,7157.0,0.0,1.321127,0.747046,ITA,NCL,850990
8519798,166,156,9314,2015,2548.0,0.0,0.224598,0.253179,NZL,NCL,850990
8519799,208,156,9314,2015,1106.0,0.0,1.8068349999999997,0.693389,SWE,NCL,850990
8519800,231,156,9314,2015,3764.0,0.0,1.720478,-0.129322,USA,NCL,850990
8519801,14,176,9314,2015,11735.0,0.0,-0.292325,-0.043489,AUS,PNG,850990
8519802,153,176,9314,2015,37226.0,0.0,1.082803,0.811615,MYS,PNG,850990
8519803,174,176,9314,2015,2161.0,0.0,0.6406270000000001,0.45770200000000005,PHL,PNG,850990
8519804,231,176,9314,2015,2700.0,0.0,1.720478,-0.129322,USA,PNG,850990
8519805,249,176,9314,2015,6651.0,0.0,1.962832,1.214982,TWN,PNG,850990
8519806,77,178,9314,2015,0.0,22185.0,1.479792,0.6490239999999999,FRA,PRK,850990
8519807,179,203,9314,2015,1436.0,0.0,0.561922,2.2276380000000002,PRT,STP,850990
8519808,37,209,9314,2015,25282.0,0.0,-0.14164200000000002,-1.0372059999999999,BWA,SWZ,850990
8519809,104,209,9314,2015,0.0,1842.0,0.24230900000000002,2.8190880000000003,IND,SWZ,850990
8519810,246,209,9314,2015,30767.0,0.0,0.24944699999999997,1.7573159999999999,ZAF,SWZ,850990
8519811,7,211,9314,2015,860.0,0.0,0.21779600000000002,-0.0047420000000000006,ARE,SYC,850990
8519812,43,211,9314,2015,1405.0,0.0,1.077143,1.735757,CHN,SYC,850990
8519813,61,211,9314,2015,1503.0,0.0,2.203818,-2.307561,DEU,SYC,850990
8519814,77,211,9314,2015,2708.0,1507.0,1.479792,0.6490239999999999,FRA,SYC,850990
8519815,81,211,9314,2015,6466.0,0.0,1.7422990000000003,0.75838,GBR,SYC,850990
8519816,111,211,9314,2015,1204.0,0.0,1.321127,0.747046,ITA,SYC,850990
8519817,192,211,9314,2015,5885.0,0.0,2.05613,0.593065,SGP,SYC,850990
8519818,246,211,9314,2015,3661.0,0.0,0.24944699999999997,1.7573159999999999,ZAF,SYC,850990
8519819,43,212,9314,2015,114212.0,0.0,1.077143,1.735757,CHN,SYR,850990
8519820,107,212,9314,2015,1383.0,0.0,-0.258946,-0.0073420000000000004,IRN,SYR,850990
8519821,111,212,9314,2015,172501.0,0.0,1.321127,0.747046,ITA,SYR,850990
8519822,113,212,9314,2015,0.0,85133.0,0.121172,0.457301,JOR,SYR,850990
8519823,124,212,9314,2015,0.0,2686.0,0.317355,1.330374,LBN,SYR,850990
8519824,224,212,9314,2015,32920.0,0.0,0.438669,2.519632,TUR,SYR,850990
8519825,77,215,9314,2015,1427.0,0.0,1.479792,0.6490239999999999,FRA,TGO,850990
8519826,157,215,9314,2015,0.0,1035.0,-1.517292,-1.033891,NER,TGO,850990
8519827,7,223,9314,2015,0.0,1315.0,0.21779600000000002,-0.0047420000000000006,ARE,TUN,850990
8519828,18,223,9314,2015,4377.0,0.0,1.329866,1.100641,BEL,TUN,850990
8519829,39,223,9314,2015,0.0,6691.0,0.695867,1.171676,CAN,TUN,850990
8519830,43,223,9314,2015,18350.0,2561.0,1.077143,1.735757,CHN,TUN,850990
8519831,59,223,9314,2015,6222.0,2763.0,1.743012,0.45424,CZE,TUN,850990
8519832,61,223,9314,2015,107794.0,2846.0,2.203818,-2.307561,DEU,TUN,850990
8519833,68,223,9314,2015,0.0,80523.0,-0.183053,1.765036,EGY,TUN,850990
8519834,71,223,9314,2015,200641.0,0.0,0.8173590000000001,2.442556,ESP,TUN,850990
8519835,74,223,9314,2015,0.0,846337.0,1.597817,0.998059,FIN,TUN,850990
8519836,77,223,9314,2015,270680.0,1277.0,1.479792,0.6490239999999999,FRA,TUN,850990
8519837,81,223,9314,2015,50319.0,0.0,1.7422990000000003,0.75838,GBR,TUN,850990
8519838,102,223,9314,2015,905.0,0.0,1.462839,0.803258,HUN,TUN,850990
8519839,111,223,9314,2015,12052194.0,48835.0,1.321127,0.747046,ITA,TUN,850990
8519840,177,223,9314,2015,1595.0,0.0,1.145844,1.1449280000000002,POL,TUN,850990
8519841,179,223,9314,2015,1107.0,0.0,0.561922,2.2276380000000002,PRT,TUN,850990
8519842,183,223,9314,2015,0.0,813.0,-0.077053,-0.9922719999999999,QAT,TUN,850990
8519843,192,223,9314,2015,0.0,625.0,2.05613,0.593065,SGP,TUN,850990
8519844,207,223,9314,2015,0.0,3285.0,1.6089879999999999,0.833616,SVN,TUN,850990
8519845,224,223,9314,2015,27234.0,0.0,0.438669,2.519632,TUR,TUN,850990
8519846,231,223,9314,2015,7203.0,4532.0,1.720478,-0.129322,USA,TUN,850990
8519847,249,223,9314,2015,6030.0,0.0,1.962832,1.214982,TWN,TUN,850990
8519848,250,223,9314,2015,9259.0,0.0,0.377283,-0.092204,ANS,TUN,850990
8519849,7,227,9314,2015,2093.0,0.0,0.21779600000000002,-0.0047420000000000006,ARE,UGA,850990
8519850,43,227,9314,2015,1018.0,0.0,1.077143,1.735757,CHN,UGA,850990
8519851,61,227,9314,2015,950.0,0.0,2.203818,-2.307561,DEU,UGA,850990
8519852,81,227,9314,2015,3216.0,0.0,1.7422990000000003,0.75838,GBR,UGA,850990
8519853,104,227,9314,2015,2193.0,0.0,0.24230900000000002,2.8190880000000003,IND,UGA,850990
8519854,246,227,9314,2015,2672.0,0.0,0.24944699999999997,1.7573159999999999,ZAF,UGA,850990
8519855,71,237,9314,2015,0.0,2719.0,0.8173590000000001,2.442556,ESP,VGB,850990
8519856,121,237,9314,2015,2332.0,0.0,1.900653,0.859406,KOR,VGB,850990
8519857,231,237,9314,2015,15124.0,0.0,1.720478,-0.129322,USA,VGB,850990
8519858,43,247,9314,2015,2032.0,0.0,1.077143,1.735757,CHN,ZMB,850990
8519859,46,247,9314,2015,0.0,931.0,-1.3921290000000002,-1.146549,COD,ZMB,850990
8519860,81,247,9314,2015,1745.0,0.0,1.7422990000000003,0.75838,GBR,ZMB,850990
8519861,246,247,9314,2015,50999.0,2014.0,0.24944699999999997,1.7573159999999999,ZAF,ZMB,850990
8519862,7,248,9314,2015,697.0,0.0,0.21779600000000002,-0.0047420000000000006,ARE,ZWE,850990
8519863,14,248,9314,2015,2163.0,0.0,-0.292325,-0.043489,AUS,ZWE,850990
8519864,104,248,9314,2015,35915.0,0.0,0.24230900000000002,2.8190880000000003,IND,ZWE,850990
8519865,246,248,9314,2015,61690.0,0.0,0.24944699999999997,1.7573159999999999,ZAF,ZWE,850990
8519866,41,34,9314,2015,8320.0,0.0,2.306075,0.720781,CHE,BRN,850990
8519867,43,34,9314,2015,18650.0,0.0,1.077143,1.735757,CHN,BRN,850990
8519868,61,34,9314,2015,12663.0,0.0,2.203818,-2.307561,DEU,BRN,850990
8519869,81,34,9314,2015,0.0,1250.0,1.7422990000000003,0.75838,GBR,BRN,850990
8519870,111,34,9314,2015,1011.0,0.0,1.321127,0.747046,ITA,BRN,850990
8519871,114,34,9314,2015,915.0,0.0,2.516133,-0.484202,JPN,BRN,850990
8519872,121,34,9314,2015,16070.0,0.0,1.900653,0.859406,KOR,BRN,850990
8519873,153,34,9314,2015,18719.0,0.0,1.082803,0.811615,MYS,BRN,850990
8519874,192,34,9314,2015,41294.0,0.0,2.05613,0.593065,SGP,BRN,850990
8519875,208,34,9314,2015,779.0,0.0,1.8068349999999997,0.693389,SWE,BRN,850990
8519876,231,34,9314,2015,3724.0,0.0,1.720478,-0.129322,USA,BRN,850990
8519877,250,34,9314,2015,22685.0,0.0,0.377283,-0.092204,ANS,BRN,850990
8519878,231,127,9314,2015,11816.0,0.0,1.720478,-0.129322,USA,LCA,850990
8519879,250,127,9314,2015,2373.0,0.0,0.377283,-0.092204,ANS,LCA,850990
8519880,39,29,9314,2015,1183.0,0.0,0.695867,1.171676,CAN,BLZ,850990
8519881,138,29,9314,2015,890.0,0.0,1.169724,0.61457,MEX,BLZ,850990
8519882,231,29,9314,2015,45027.0,0.0,1.720478,-0.129322,USA,BLZ,850990
8519883,231,57,9314,2015,14613.0,0.0,1.720478,-0.129322,USA,CYM,850990
8519884,43,135,9314,2015,8210.0,0.0,1.077143,1.735757,CHN,MDA,850990
8519885,61,135,9314,2015,15909.0,0.0,2.203818,-2.307561,DEU,MDA,850990
8519886,77,135,9314,2015,2166.0,0.0,1.479792,0.6490239999999999,FRA,MDA,850990
8519887,102,135,9314,2015,9687.0,0.0,1.462839,0.803258,HUN,MDA,850990
8519888,111,135,9314,2015,6247.0,0.0,1.321127,0.747046,ITA,MDA,850990
8519889,121,135,9314,2015,1481.0,0.0,1.900653,0.859406,KOR,MDA,850990
8519890,177,135,9314,2015,7684.0,0.0,1.145844,1.1449280000000002,POL,MDA,850990
8519891,185,135,9314,2015,10072.0,0.0,0.946363,1.056775,ROU,MDA,850990
8519892,186,135,9314,2015,681.0,0.0,0.23119,0.035965,RUS,MDA,850990
8519893,207,135,9314,2015,2112.0,0.0,1.6089879999999999,0.833616,SVN,MDA,850990
8519894,228,135,9314,2015,7467.0,0.0,0.429879,0.701813,UKR,MDA,850990
8519895,231,135,9314,2015,1137.0,0.0,1.720478,-0.129322,USA,MDA,850990
8519896,61,198,9314,2015,1271.0,0.0,2.203818,-2.307561,DEU,SMR,850990
8519897,71,198,9314,2015,6445.0,0.0,0.8173590000000001,2.442556,ESP,SMR,850990
8519898,162,198,9314,2015,58838.0,0.0,1.230104,1.27344,NLD,SMR,850990
8519899,231,175,9314,2015,802.0,0.0,1.720478,-0.129322,USA,PLW,850990
8519900,249,175,9314,2015,884.0,0.0,1.962832,1.214982,TWN,PLW,850990
8519901,169,0,9314,2015,13407.0,0.0,0.642058,0.833392,PAN,ABW,850990
8519902,231,0,9314,2015,22438.0,0.0,1.720478,-0.129322,USA,ABW,850990
8519903,250,0,9314,2015,32170.0,0.0,0.377283,-0.092204,ANS,ABW,850990
8519904,61,5,9314,2015,3377.0,0.0,2.203818,-2.307561,DEU,AND,850990
8519905,71,5,9314,2015,461239.0,0.0,0.8173590000000001,2.442556,ESP,AND,850990
8519906,77,5,9314,2015,1926.0,0.0,1.479792,0.6490239999999999,FRA,AND,850990
8519907,7,17,9314,2015,1127.0,0.0,0.21779600000000002,-0.0047420000000000006,ARE,BDI,850990
8519908,104,17,9314,2015,1228.0,0.0,0.24230900000000002,2.8190880000000003,IND,BDI,850990
8519909,187,17,9314,2015,0.0,867.0,-0.755738,-0.4423,RWA,BDI,850990
8519910,8,31,9314,2015,2970.0,0.0,0.116896,0.30330999999999997,ARG,BOL,850990
8519911,32,31,9314,2015,142444.0,0.0,0.23656799999999997,0.688607,BRA,BOL,850990
8519912,43,31,9314,2015,104131.0,0.0,1.077143,1.735757,CHN,BOL,850990
8519913,61,31,9314,2015,2829.0,0.0,2.203818,-2.307561,DEU,BOL,850990
8519914,71,31,9314,2015,2705.0,0.0,0.8173590000000001,2.442556,ESP,BOL,850990
8519915,111,31,9314,2015,1104.0,0.0,1.321127,0.747046,ITA,BOL,850990
8519916,121,31,9314,2015,3106.0,0.0,1.900653,0.859406,KOR,BOL,850990
8519917,130,31,9314,2015,630.0,0.0,0.749429,1.3659860000000001,LTU,BOL,850990
8519918,138,31,9314,2015,3607.0,0.0,1.169724,0.61457,MEX,BOL,850990
8519919,173,31,9314,2015,5449.0,0.0,-0.6007819999999999,0.32152800000000004,PER,BOL,850990
8519920,224,31,9314,2015,1090.0,0.0,0.438669,2.519632,TUR,BOL,850990
8519921,231,31,9314,2015,52710.0,0.0,1.720478,-0.129322,USA,BOL,850990
8519922,104,35,9314,2015,7290.0,0.0,0.24230900000000002,2.8190880000000003,IND,BTN,850990
8519923,162,38,9314,2015,4298.0,0.0,1.230104,1.27344,NLD,CAF,850990
8519924,71,51,9314,2015,4470.0,0.0,0.8173590000000001,2.442556,ESP,CPV,850990
8519925,111,51,9314,2015,1413.0,0.0,1.321127,0.747046,ITA,CPV,850990
8519926,179,51,9314,2015,3273.0,0.0,0.561922,2.2276380000000002,PRT,CPV,850990
8519927,81,63,9314,2015,2212.0,0.0,1.7422990000000003,0.75838,GBR,DMA,850990
8519928,231,63,9314,2015,3149.0,0.0,1.720478,-0.129322,USA,DMA,850990
8519929,111,69,9314,2015,2660.0,0.0,1.321127,0.747046,ITA,ERI,850990
8519930,124,69,9314,2015,2873.0,0.0,0.317355,1.330374,LBN,ERI,850990
8519931,14,75,9314,2015,39125.0,0.0,-0.292325,-0.043489,AUS,FJI,850990
8519932,43,75,9314,2015,2368.0,0.0,1.077143,1.735757,CHN,FJI,850990
8519933,153,75,9314,2015,1875.0,0.0,1.082803,0.811615,MYS,FJI,850990
8519934,166,75,9314,2015,6531.0,0.0,0.224598,0.253179,NZL,FJI,850990
8519935,192,75,9314,2015,2233.0,0.0,2.05613,0.593065,SGP,FJI,850990
8519936,249,75,9314,2015,3165.0,0.0,1.962832,1.214982,TWN,FJI,850990
8519937,64,78,9314,2015,19820.0,0.0,1.157924,1.2045629999999998,DNK,FRO,850990
8519938,111,78,9314,2015,3819.0,0.0,1.321127,0.747046,ITA,FRO,850990
8519939,208,78,9314,2015,9047.0,0.0,1.8068349999999997,0.693389,SWE,FRO,850990
8519940,81,87,9314,2015,2905.0,0.0,1.7422990000000003,0.75838,GBR,GMB,850990
8519941,43,101,9314,2015,125107.0,0.0,1.077143,1.735757,CHN,HTI,850990
8519942,121,101,9314,2015,3131.0,0.0,1.900653,0.859406,KOR,HTI,850990
8519943,231,101,9314,2015,11470.0,0.0,1.720478,-0.129322,USA,HTI,850990
8519944,43,119,9314,2015,938.0,0.0,1.077143,1.735757,CHN,KIR,850990
8519945,43,123,9314,2015,384127.0,0.0,1.077143,1.735757,CHN,LAO,850990
8519946,61,123,9314,2015,3751.0,0.0,2.203818,-2.307561,DEU,LAO,850990
8519947,192,123,9314,2015,15319.0,0.0,2.05613,0.593065,SGP,LAO,850990
8519948,216,123,9314,2015,157968.0,0.0,0.965888,1.368572,THA,LAO,850990
8519949,239,123,9314,2015,66533.0,0.0,-0.17108900000000002,1.10995,VNM,LAO,850990
8519950,246,129,9314,2015,32784.0,0.0,0.24944699999999997,1.7573159999999999,ZAF,LSO,850990
8519951,7,137,9314,2015,8865.0,0.0,0.21779600000000002,-0.0047420000000000006,ARE,MDV,850990
8519952,14,137,9314,2015,3909.0,0.0,-0.292325,-0.043489,AUS,MDV,850990
8519953,18,137,9314,2015,1735.0,0.0,1.329866,1.100641,BEL,MDV,850990
8519954,41,137,9314,2015,1194.0,0.0,2.306075,0.720781,CHE,MDV,850990
8519955,43,137,9314,2015,2035.0,0.0,1.077143,1.735757,CHN,MDV,850990
8519956,61,137,9314,2015,3416.0,0.0,2.203818,-2.307561,DEU,MDV,850990
8519957,71,137,9314,2015,1197.0,0.0,0.8173590000000001,2.442556,ESP,MDV,850990
8519958,81,137,9314,2015,4023.0,0.0,1.7422990000000003,0.75838,GBR,MDV,850990
8519959,104,137,9314,2015,1287.0,0.0,0.24230900000000002,2.8190880000000003,IND,MDV,850990
8519960,111,137,9314,2015,5748.0,0.0,1.321127,0.747046,ITA,MDV,850990
8519961,128,137,9314,2015,1464.0,0.0,-0.6773399999999999,0.386343,LKA,MDV,850990
8519962,188,137,9314,2015,902.0,0.0,0.5552520000000001,-0.7263229999999999,SAU,MDV,850990
8519963,192,137,9314,2015,22462.0,0.0,2.05613,0.593065,SGP,MDV,850990
8519964,216,137,9314,2015,4703.0,0.0,0.965888,1.368572,THA,MDV,850990
8519965,224,137,9314,2015,1541.0,0.0,0.438669,2.519632,TUR,MDV,850990
8519966,231,137,9314,2015,6349.0,0.0,1.720478,-0.129322,USA,MDV,850990
8519967,246,137,9314,2015,735.0,0.0,0.24944699999999997,1.7573159999999999,ZAF,MDV,850990
8519968,41,145,9314,2015,1162.0,0.0,2.306075,0.720781,CHE,MNG,850990
8519969,43,145,9314,2015,4364.0,0.0,1.077143,1.735757,CHN,MNG,850990
8519970,61,145,9314,2015,34514.0,0.0,2.203818,-2.307561,DEU,MNG,850990
8519971,77,145,9314,2015,945.0,0.0,1.479792,0.6490239999999999,FRA,MNG,850990
8519972,111,145,9314,2015,1239.0,0.0,1.321127,0.747046,ITA,MNG,850990
8519973,121,145,9314,2015,6786.0,0.0,1.900653,0.859406,KOR,MNG,850990
8519974,162,145,9314,2015,7196.0,0.0,1.230104,1.27344,NLD,MNG,850990
8519975,186,145,9314,2015,6612.0,0.0,0.23119,0.035965,RUS,MNG,850990
8519976,192,145,9314,2015,3106.0,0.0,2.05613,0.593065,SGP,MNG,850990
8519977,208,145,9314,2015,2123.0,0.0,1.8068349999999997,0.693389,SWE,MNG,850990
8519978,224,145,9314,2015,3322.0,0.0,0.438669,2.519632,TUR,MNG,850990
8519979,231,145,9314,2015,19796.0,0.0,1.720478,-0.129322,USA,MNG,850990
8519980,41,152,9314,2015,564.0,0.0,2.306075,0.720781,CHE,MWI,850990
8519981,43,152,9314,2015,2542.0,0.0,1.077143,1.735757,CHN,MWI,850990
8519982,246,152,9314,2015,2795.0,0.0,0.24944699999999997,1.7573159999999999,ZAF,MWI,850990
8519983,77,157,9314,2015,1730.0,0.0,1.479792,0.6490239999999999,FRA,NER,850990
8519984,215,157,9314,2015,1035.0,0.0,-0.66925,-0.873554,TGO,NER,850990
8519985,231,157,9314,2015,2742.0,0.0,1.720478,-0.129322,USA,NER,850990
8519986,17,187,9314,2015,867.0,0.0,-0.993318,-1.031194,BDI,RWA,850990
8519987,43,187,9314,2015,4627.0,0.0,1.077143,1.735757,CHN,RWA,850990
8519988,46,187,9314,2015,0.0,2320.0,-1.3921290000000002,-1.146549,COD,RWA,850990
8519989,192,187,9314,2015,1889.0,0.0,2.05613,0.593065,SGP,RWA,850990
8519990,14,195,9314,2015,1831.0,0.0,-0.292325,-0.043489,AUS,SLB,850990
8519991,43,195,9314,2015,881.0,0.0,1.077143,1.735757,CHN,SLB,850990
8519992,192,195,9314,2015,1389.0,0.0,2.05613,0.593065,SGP,SLB,850990
8519993,14,196,9314,2015,0.0,1077.0,-0.292325,-0.043489,AUS,SLE,850990
8519994,71,196,9314,2015,0.0,52381.0,0.8173590000000001,2.442556,ESP,SLE,850990
8519995,81,196,9314,2015,4150.0,0.0,1.7422990000000003,0.75838,GBR,SLE,850990
8519996,104,196,9314,2015,6508.0,0.0,0.24230900000000002,2.8190880000000003,IND,SLE,850990
8519997,159,196,9314,2015,2117.0,0.0,-1.415451,-1.157829,NGA,SLE,850990
8519998,231,196,9314,2015,11593.0,3224.0,1.720478,-0.129322,USA,SLE,850990
