419999,41,232,945,1996.0,2325.0,0.0,2.344337,0.709607,CHE,UZB,5419
420000,59,232,945,1996.0,52733.0,0.0,1.412088,1.171914,CZE,UZB,5419
420001,61,232,945,1996.0,409339.0,0.0,2.347101,-2.4792799999999997,DEU,UZB,5419
420002,64,232,945,1996.0,14759.0,0.0,1.416927,1.401766,DNK,UZB,5419
420003,77,232,945,1996.0,1172.0,0.0,1.571365,1.187529,FRA,UZB,5419
420004,81,232,945,1996.0,28595.0,0.0,1.948148,0.882453,GBR,UZB,5419
420005,102,232,945,1996.0,2000.0,0.0,0.905526,1.887735,HUN,UZB,5419
420006,111,232,945,1996.0,1258.0,0.0,1.591442,0.875201,ITA,UZB,5419
420007,117,232,945,1996.0,0.0,134226.0,0.19384,0.7500060000000001,KGZ,UZB,5419
420008,121,232,945,1996.0,1560.0,0.0,1.230793,1.0548959999999998,KOR,UZB,5419
420009,130,232,945,1996.0,0.0,231548.0,0.360994,1.092575,LTU,UZB,5419
420010,135,232,945,1996.0,0.0,115810.0,0.193705,0.10853,MDA,UZB,5419
420011,186,232,945,1996.0,433363.0,3213274.0,0.505247,0.349848,RUS,UZB,5419
420012,224,232,945,1996.0,40431.0,0.0,0.07259700000000001,1.734291,TUR,UZB,5419
420013,228,232,945,1996.0,12250.0,115283.0,0.7582479999999999,1.1207340000000001,UKR,UZB,5419
420014,14,240,945,1996.0,34053.0,0.0,0.025253,0.6428189999999999,AUS,VUT,5419
420015,97,240,945,1996.0,4240.0,0.0,0.699041,1.8341720000000001,HKG,VUT,5419
420016,162,240,945,1996.0,11528.0,0.0,1.331177,1.6320430000000001,NLD,VUT,5419
420017,166,240,945,1996.0,1245.0,0.0,0.404233,0.6724640000000001,NZL,VUT,5419
420018,15,243,945,1996.0,1526.0,0.0,2.012626,0.395525,AUT,YEM,5419
420019,18,243,945,1996.0,2432.0,0.0,1.5604850000000001,1.30819,BEL,YEM,5419
420020,41,243,945,1996.0,3391.0,0.0,2.344337,0.709607,CHE,YEM,5419
420021,43,243,945,1996.0,104499.0,0.0,0.383975,2.197461,CHN,YEM,5419
420022,61,243,945,1996.0,92893.0,0.0,2.347101,-2.4792799999999997,DEU,YEM,5419
420023,64,243,945,1996.0,15836.0,0.0,1.416927,1.401766,DNK,YEM,5419
420024,68,243,945,1996.0,24614.0,0.0,-0.405938,-0.209619,EGY,YEM,5419
420025,77,243,945,1996.0,2542.0,0.0,1.571365,1.187529,FRA,YEM,5419
420026,81,243,945,1996.0,379608.0,0.0,1.948148,0.882453,GBR,YEM,5419
420027,104,243,945,1996.0,202322.0,0.0,0.145769,1.983642,IND,YEM,5419
420028,111,243,945,1996.0,240825.0,0.0,1.591442,0.875201,ITA,YEM,5419
420029,114,243,945,1996.0,146702.0,0.0,2.858869,0.477455,JPN,YEM,5419
420030,121,243,945,1996.0,2940.0,0.0,1.230793,1.0548959999999998,KOR,YEM,5419
420031,162,243,945,1996.0,13224.0,0.0,1.331177,1.6320430000000001,NLD,YEM,5419
420032,188,243,945,1996.0,117053.0,0.0,-0.200762,-1.0419610000000001,SAU,YEM,5419
420033,192,243,945,1996.0,1834.0,0.0,1.288635,0.259061,SGP,YEM,5419
420034,216,243,945,1996.0,35742.0,0.0,0.26155100000000003,1.146204,THA,YEM,5419
420035,14,248,945,1996.0,10091.0,0.0,0.025253,0.6428189999999999,AUS,ZWE,5419
420036,41,248,945,1996.0,5713.0,0.0,2.344337,0.709607,CHE,ZWE,5419
420037,43,248,945,1996.0,171113.0,0.0,0.383975,2.197461,CHN,ZWE,5419
420038,61,248,945,1996.0,44437.0,0.0,2.347101,-2.4792799999999997,DEU,ZWE,5419
420039,77,248,945,1996.0,3324.0,0.0,1.571365,1.187529,FRA,ZWE,5419
420040,81,248,945,1996.0,574134.0,0.0,1.948148,0.882453,GBR,ZWE,5419
420041,90,248,945,1996.0,1243.0,0.0,0.21841799999999997,1.081136,GRC,ZWE,5419
420042,104,248,945,1996.0,4462.0,0.0,0.145769,1.983642,IND,ZWE,5419
420043,162,248,945,1996.0,1466.0,0.0,1.331177,1.6320430000000001,NLD,ZWE,5419
420044,163,248,945,1996.0,34953.0,0.0,0.8207270000000001,0.043619,NOR,ZWE,5419
420045,192,248,945,1996.0,1616.0,0.0,1.288635,0.259061,SGP,ZWE,5419
420046,208,248,945,1996.0,2712.0,0.0,2.186414,0.848194,SWE,ZWE,5419
420047,216,248,945,1996.0,5361.0,0.0,0.26155100000000003,1.146204,THA,ZWE,5419
420048,231,248,945,1996.0,72908.0,0.0,1.742391,1.003066,USA,ZWE,5419
420049,246,248,945,1996.0,2038241.0,790989.0,0.277171,1.489549,ZAF,ZWE,5419
420050,247,248,945,1996.0,19521.0,164624.0,-0.58634,-0.796772,ZMB,ZWE,5419
420051,18,1,945,1996.0,291195.0,0.0,1.5604850000000001,1.30819,BEL,AFG,5419
420052,49,1,945,1996.0,0.0,22153.0,0.070101,0.08847999999999999,COL,AFG,5419
420053,61,1,945,1996.0,226084.0,0.0,2.347101,-2.4792799999999997,DEU,AFG,5419
420054,64,1,945,1996.0,3989.0,0.0,1.416927,1.401766,DNK,AFG,5419
420055,104,1,945,1996.0,58072.0,0.0,0.145769,1.983642,IND,AFG,5419
420056,162,1,945,1996.0,12711.0,0.0,1.331177,1.6320430000000001,NLD,AFG,5419
420057,231,1,945,1996.0,97953.0,0.0,1.742391,1.003066,USA,AFG,5419
420058,18,5,945,1996.0,6159.0,0.0,1.5604850000000001,1.30819,BEL,AND,5419
420059,41,5,945,1996.0,1218.0,0.0,2.344337,0.709607,CHE,AND,5419
420060,61,5,945,1996.0,107463.0,0.0,2.347101,-2.4792799999999997,DEU,AND,5419
420061,71,5,945,1996.0,417251.0,0.0,1.157591,1.795643,ESP,AND,5419
420062,77,5,945,1996.0,456009.0,0.0,1.571365,1.187529,FRA,AND,5419
420063,111,5,945,1996.0,4210.0,0.0,1.591442,0.875201,ITA,AND,5419
420064,231,5,945,1996.0,12412.0,0.0,1.742391,1.003066,USA,AND,5419
420065,18,9,945,1996.0,155299.0,0.0,1.5604850000000001,1.30819,BEL,ARM,5419
420066,23,9,945,1996.0,24385.0,0.0,0.510789,1.749248,BGR,ARM,5419
420067,41,9,945,1996.0,2337.0,0.0,2.344337,0.709607,CHE,ARM,5419
420068,59,9,945,1996.0,5460.0,0.0,1.412088,1.171914,CZE,ARM,5419
420069,61,9,945,1996.0,2025.0,0.0,2.347101,-2.4792799999999997,DEU,ARM,5419
420070,90,9,945,1996.0,4385.0,0.0,0.21841799999999997,1.081136,GRC,ARM,5419
420071,102,9,945,1996.0,13000.0,0.0,0.905526,1.887735,HUN,ARM,5419
420072,162,9,945,1996.0,9690.0,0.0,1.331177,1.6320430000000001,NLD,ARM,5419
420073,186,9,945,1996.0,94890.0,0.0,0.505247,0.349848,RUS,ARM,5419
420074,228,9,945,1996.0,3640.0,0.0,0.7582479999999999,1.1207340000000001,UKR,ARM,5419
420075,39,30,945,1996.0,3928.0,0.0,0.970932,1.111111,CAN,BMU,5419
420076,81,30,945,1996.0,539768.0,0.0,1.948148,0.882453,GBR,BMU,5419
420077,231,30,945,1996.0,51177.0,0.0,1.742391,1.003066,USA,BMU,5419
420078,162,35,945,1996.0,8079.0,0.0,1.331177,1.6320430000000001,NLD,BTN,5419
420079,14,48,945,1996.0,9276.0,0.0,0.025253,0.6428189999999999,AUS,COK,5419
420080,61,48,945,1996.0,1332.0,0.0,2.347101,-2.4792799999999997,DEU,COK,5419
420081,166,48,945,1996.0,15718.0,0.0,0.404233,0.6724640000000001,NZL,COK,5419
420082,14,56,945,1996.0,1850.0,0.0,0.025253,0.6428189999999999,AUS,CXR,5419
420083,81,57,945,1996.0,3438.0,0.0,1.948148,0.882453,GBR,CYM,5419
420084,163,57,945,1996.0,2044.0,0.0,0.8207270000000001,0.043619,NOR,CYM,5419
420085,231,57,945,1996.0,189590.0,0.0,1.742391,1.003066,USA,CYM,5419
420086,18,62,945,1996.0,1428.0,0.0,1.5604850000000001,1.30819,BEL,DJI,5419
420087,77,62,945,1996.0,62513.0,0.0,1.571365,1.187529,FRA,DJI,5419
420088,81,62,945,1996.0,3580.0,0.0,1.948148,0.882453,GBR,DJI,5419
420089,111,62,945,1996.0,110289.0,0.0,1.591442,0.875201,ITA,DJI,5419
420090,162,62,945,1996.0,1139.0,0.0,1.331177,1.6320430000000001,NLD,DJI,5419
420091,15,73,945,1996.0,1364.0,0.0,2.012626,0.395525,AUT,ETH,5419
420092,18,73,945,1996.0,31887.0,0.0,1.5604850000000001,1.30819,BEL,ETH,5419
420093,41,73,945,1996.0,7344.0,0.0,2.344337,0.709607,CHE,ETH,5419
420094,43,73,945,1996.0,481423.0,0.0,0.383975,2.197461,CHN,ETH,5419
420095,61,73,945,1996.0,227273.0,0.0,2.347101,-2.4792799999999997,DEU,ETH,5419
420096,64,73,945,1996.0,6446.0,0.0,1.416927,1.401766,DNK,ETH,5419
420097,77,73,945,1996.0,3715.0,0.0,1.571365,1.187529,FRA,ETH,5419
420098,81,73,945,1996.0,102448.0,0.0,1.948148,0.882453,GBR,ETH,5419
420099,110,73,945,1996.0,66000.0,0.0,1.159922,1.025777,ISR,ETH,5419
420100,111,73,945,1996.0,369722.0,0.0,1.591442,0.875201,ITA,ETH,5419
420101,162,73,945,1996.0,98821.0,0.0,1.331177,1.6320430000000001,NLD,ETH,5419
420102,163,73,945,1996.0,1232.0,0.0,0.8207270000000001,0.043619,NOR,ETH,5419
420103,208,73,945,1996.0,2436.0,0.0,2.186414,0.848194,SWE,ETH,5419
420104,14,75,945,1996.0,242053.0,0.0,0.025253,0.6428189999999999,AUS,FJI,5419
420105,43,75,945,1996.0,124848.0,0.0,0.383975,2.197461,CHN,FJI,5419
420106,71,75,945,1996.0,3204.0,0.0,1.157591,1.795643,ESP,FJI,5419
420107,81,75,945,1996.0,87868.0,0.0,1.948148,0.882453,GBR,FJI,5419
420108,97,75,945,1996.0,1345.0,0.0,0.699041,1.8341720000000001,HKG,FJI,5419
420109,114,75,945,1996.0,13292.0,0.0,2.858869,0.477455,JPN,FJI,5419
420110,119,75,945,1996.0,0.0,53477.0,-0.07346,-0.715288,KIR,FJI,5419
420111,153,75,945,1996.0,29617.0,0.0,0.5493640000000001,0.248484,MYS,FJI,5419
420112,166,75,945,1996.0,49929.0,0.0,0.404233,0.6724640000000001,NZL,FJI,5419
420113,192,75,945,1996.0,3653.0,0.0,1.288635,0.259061,SGP,FJI,5419
420114,39,78,945,1996.0,1677.0,0.0,0.970932,1.111111,CAN,FRO,5419
420115,43,78,945,1996.0,2617.0,0.0,0.383975,2.197461,CHN,FRO,5419
420116,61,78,945,1996.0,9156.0,0.0,2.347101,-2.4792799999999997,DEU,FRO,5419
420117,64,78,945,1996.0,150302.0,0.0,1.416927,1.401766,DNK,FRO,5419
420118,81,78,945,1996.0,52003.0,0.0,1.948148,0.882453,GBR,FRO,5419
420119,162,78,945,1996.0,1291.0,0.0,1.331177,1.6320430000000001,NLD,FRO,5419
420120,163,78,945,1996.0,3071.0,0.0,0.8207270000000001,0.043619,NOR,FRO,5419
420121,208,78,945,1996.0,12953.0,0.0,2.186414,0.848194,SWE,FRO,5419
420122,231,78,945,1996.0,13815.0,0.0,1.742391,1.003066,USA,FRO,5419
420123,14,79,945,1996.0,10781.0,0.0,0.025253,0.6428189999999999,AUS,FSM,5419
420124,18,118,945,1996.0,103533.0,0.0,1.5604850000000001,1.30819,BEL,KHM,5419
420125,41,118,945,1996.0,3379.0,0.0,2.344337,0.709607,CHE,KHM,5419
420126,77,118,945,1996.0,13878.0,0.0,1.571365,1.187529,FRA,KHM,5419
420127,81,118,945,1996.0,33661.0,0.0,1.948148,0.882453,GBR,KHM,5419
420128,162,118,945,1996.0,108263.0,0.0,1.331177,1.6320430000000001,NLD,KHM,5419
420129,186,118,945,1996.0,0.0,6663.0,0.505247,0.349848,RUS,KHM,5419
420130,192,118,945,1996.0,40596.0,0.0,1.288635,0.259061,SGP,KHM,5419
420131,216,118,945,1996.0,196988.0,0.0,0.26155100000000003,1.146204,THA,KHM,5419
420132,14,119,945,1996.0,46022.0,0.0,0.025253,0.6428189999999999,AUS,KIR,5419
420133,43,119,945,1996.0,20461.0,0.0,0.383975,2.197461,CHN,KIR,5419
420134,64,119,945,1996.0,1529.0,0.0,1.416927,1.401766,DNK,KIR,5419
420135,75,119,945,1996.0,53477.0,0.0,-0.801999,-0.9148850000000001,FJI,KIR,5419
420136,81,119,945,1996.0,8976.0,0.0,1.948148,0.882453,GBR,KIR,5419
420137,103,119,945,1996.0,43465.0,0.0,-0.25952,1.343972,IDN,KIR,5419
420138,104,119,945,1996.0,35658.0,0.0,0.145769,1.983642,IND,KIR,5419
420139,166,119,945,1996.0,151675.0,0.0,0.404233,0.6724640000000001,NZL,KIR,5419
420140,192,119,945,1996.0,12907.0,0.0,1.288635,0.259061,SGP,KIR,5419
420141,231,119,945,1996.0,46801.0,0.0,1.742391,1.003066,USA,KIR,5419
420142,18,123,945,1996.0,12664.0,0.0,1.5604850000000001,1.30819,BEL,LAO,5419
420143,43,123,945,1996.0,1599.0,0.0,0.383975,2.197461,CHN,LAO,5419
420144,61,123,945,1996.0,1538.0,0.0,2.347101,-2.4792799999999997,DEU,LAO,5419
420145,77,123,945,1996.0,48312.0,0.0,1.571365,1.187529,FRA,LAO,5419
420146,81,123,945,1996.0,16170.0,0.0,1.948148,0.882453,GBR,LAO,5419
420147,162,123,945,1996.0,4253.0,0.0,1.331177,1.6320430000000001,NLD,LAO,5419
420148,216,123,945,1996.0,69158.0,0.0,0.26155100000000003,1.146204,THA,LAO,5419
420149,14,139,945,1996.0,6687.0,0.0,0.025253,0.6428189999999999,AUS,MHL,5419
420150,81,139,945,1996.0,12009.0,0.0,1.948148,0.882453,GBR,MHL,5419
420151,231,139,945,1996.0,20285.0,0.0,1.742391,1.003066,USA,MHL,5419
420152,14,143,945,1996.0,6327.0,0.0,0.025253,0.6428189999999999,AUS,MMR,5419
420153,18,143,945,1996.0,3382.0,0.0,1.5604850000000001,1.30819,BEL,MMR,5419
420154,41,143,945,1996.0,1874.0,0.0,2.344337,0.709607,CHE,MMR,5419
420155,43,143,945,1996.0,80902.0,0.0,0.383975,2.197461,CHN,MMR,5419
420156,77,143,945,1996.0,16224.0,0.0,1.571365,1.187529,FRA,MMR,5419
420157,81,143,945,1996.0,156730.0,0.0,1.948148,0.882453,GBR,MMR,5419
420158,97,143,945,1996.0,12174.0,0.0,0.699041,1.8341720000000001,HKG,MMR,5419
420159,103,143,945,1996.0,63423.0,0.0,-0.25952,1.343972,IDN,MMR,5419
420160,104,143,945,1996.0,13044.0,0.0,0.145769,1.983642,IND,MMR,5419
420161,111,143,945,1996.0,3237.0,0.0,1.591442,0.875201,ITA,MMR,5419
420162,114,143,945,1996.0,6936.0,0.0,2.858869,0.477455,JPN,MMR,5419
420163,121,143,945,1996.0,2910.0,0.0,1.230793,1.0548959999999998,KOR,MMR,5419
420164,153,143,945,1996.0,13923.0,0.0,0.5493640000000001,0.248484,MYS,MMR,5419
420165,162,143,945,1996.0,2077.0,0.0,1.331177,1.6320430000000001,NLD,MMR,5419
420166,192,143,945,1996.0,191670.0,0.0,1.288635,0.259061,SGP,MMR,5419
420167,216,143,945,1996.0,482183.0,0.0,0.26155100000000003,1.146204,THA,MMR,5419
420168,14,156,945,1996.0,33084.0,0.0,0.025253,0.6428189999999999,AUS,NCL,5419
420169,18,156,945,1996.0,1666.0,0.0,1.5604850000000001,1.30819,BEL,NCL,5419
420170,43,156,945,1996.0,9165.0,0.0,0.383975,2.197461,CHN,NCL,5419
420171,77,156,945,1996.0,929086.0,0.0,1.571365,1.187529,FRA,NCL,5419
420172,81,156,945,1996.0,4008.0,0.0,1.948148,0.882453,GBR,NCL,5419
420173,97,156,945,1996.0,9269.0,0.0,0.699041,1.8341720000000001,HKG,NCL,5419
420174,166,156,945,1996.0,3735.0,0.0,0.404233,0.6724640000000001,NZL,NCL,5419
420175,231,156,945,1996.0,0.0,19816.0,1.742391,1.003066,USA,NCL,5419
420176,166,161,945,1996.0,3548.0,0.0,0.404233,0.6724640000000001,NZL,NIU,5419
420177,18,164,945,1996.0,2119.0,0.0,1.5604850000000001,1.30819,BEL,NPL,5419
420178,43,164,945,1996.0,0.0,16778.0,0.383975,2.197461,CHN,NPL,5419
420179,71,164,945,1996.0,6699.0,0.0,1.157591,1.795643,ESP,NPL,5419
420180,81,164,945,1996.0,1227.0,0.0,1.948148,0.882453,GBR,NPL,5419
420181,104,164,945,1996.0,471332.0,0.0,0.145769,1.983642,IND,NPL,5419
420182,114,164,945,1996.0,23827.0,0.0,2.858869,0.477455,JPN,NPL,5419
420183,121,164,945,1996.0,7430.0,0.0,1.230793,1.0548959999999998,KOR,NPL,5419
420184,153,164,945,1996.0,14976.0,0.0,0.5493640000000001,0.248484,MYS,NPL,5419
420185,162,164,945,1996.0,23136.0,0.0,1.331177,1.6320430000000001,NLD,NPL,5419
420186,192,164,945,1996.0,3259.0,0.0,1.288635,0.259061,SGP,NPL,5419
420187,14,165,945,1996.0,9028.0,0.0,0.025253,0.6428189999999999,AUS,NRU,5419
420188,81,165,945,1996.0,3406.0,0.0,1.948148,0.882453,GBR,NRU,5419
420189,174,175,945,1996.0,16065.0,0.0,0.0020329999999999997,0.40715,PHL,PLW,5419
420190,14,176,945,1996.0,431793.0,0.0,0.025253,0.6428189999999999,AUS,PNG,5419
420191,43,176,945,1996.0,370220.0,0.0,0.383975,2.197461,CHN,PNG,5419
420192,64,176,945,1996.0,97067.0,0.0,1.416927,1.401766,DNK,PNG,5419
420193,81,176,945,1996.0,2613.0,0.0,1.948148,0.882453,GBR,PNG,5419
420194,97,176,945,1996.0,1899.0,0.0,0.699041,1.8341720000000001,HKG,PNG,5419
420195,103,176,945,1996.0,7303.0,0.0,-0.25952,1.343972,IDN,PNG,5419
420196,110,176,945,1996.0,122000.0,0.0,1.159922,1.025777,ISR,PNG,5419
420197,153,176,945,1996.0,59792.0,0.0,0.5493640000000001,0.248484,MYS,PNG,5419
420198,162,176,945,1996.0,4879.0,0.0,1.331177,1.6320430000000001,NLD,PNG,5419
420199,166,176,945,1996.0,16701.0,0.0,0.404233,0.6724640000000001,NZL,PNG,5419
420200,192,176,945,1996.0,7551.0,0.0,1.288635,0.259061,SGP,PNG,5419
420201,231,176,945,1996.0,7416.0,0.0,1.742391,1.003066,USA,PNG,5419
420202,14,182,945,1996.0,132058.0,0.0,0.025253,0.6428189999999999,AUS,PYF,5419
420203,18,182,945,1996.0,9322.0,0.0,1.5604850000000001,1.30819,BEL,PYF,5419
420204,39,182,945,1996.0,4324.0,0.0,0.970932,1.111111,CAN,PYF,5419
420205,61,182,945,1996.0,28672.0,0.0,2.347101,-2.4792799999999997,DEU,PYF,5419
420206,74,182,945,1996.0,35669.0,0.0,2.007619,1.016303,FIN,PYF,5419
420207,77,182,945,1996.0,1205481.0,0.0,1.571365,1.187529,FRA,PYF,5419
420208,81,182,945,1996.0,64518.0,0.0,1.948148,0.882453,GBR,PYF,5419
420209,97,182,945,1996.0,9238.0,0.0,0.699041,1.8341720000000001,HKG,PYF,5419
420210,106,182,945,1996.0,5623.0,0.0,1.476369,1.049152,IRL,PYF,5419
420211,111,182,945,1996.0,1889.0,0.0,1.591442,0.875201,ITA,PYF,5419
420212,114,182,945,1996.0,11559.0,0.0,2.858869,0.477455,JPN,PYF,5419
420213,166,182,945,1996.0,23070.0,0.0,0.404233,0.6724640000000001,NZL,PYF,5419
420214,231,182,945,1996.0,93287.0,0.0,1.742391,1.003066,USA,PYF,5419
420215,250,182,945,1996.0,2200.0,0.0,1.153784,0.831677,ANS,PYF,5419
420216,14,195,945,1996.0,39515.0,0.0,0.025253,0.6428189999999999,AUS,SLB,5419
420217,162,195,945,1996.0,71222.0,0.0,1.331177,1.6320430000000001,NLD,SLB,5419
420218,166,195,945,1996.0,4919.0,0.0,0.404233,0.6724640000000001,NZL,SLB,5419
420219,192,195,945,1996.0,3256.0,0.0,1.288635,0.259061,SGP,SLB,5419
420220,14,196,945,1996.0,7876.0,0.0,0.025253,0.6428189999999999,AUS,SLE,5419
420221,18,196,945,1996.0,782187.0,0.0,1.5604850000000001,1.30819,BEL,SLE,5419
420222,43,196,945,1996.0,5223.0,0.0,0.383975,2.197461,CHN,SLE,5419
420223,61,196,945,1996.0,13403.0,0.0,2.347101,-2.4792799999999997,DEU,SLE,5419
420224,64,196,945,1996.0,2097.0,0.0,1.416927,1.401766,DNK,SLE,5419
420225,81,196,945,1996.0,358313.0,0.0,1.948148,0.882453,GBR,SLE,5419
420226,104,196,945,1996.0,3883.0,0.0,0.145769,1.983642,IND,SLE,5419
420227,162,196,945,1996.0,33675.0,0.0,1.331177,1.6320430000000001,NLD,SLE,5419
420228,208,196,945,1996.0,7537.0,0.0,2.186414,0.848194,SWE,SLE,5419
420229,16,219,945,1996.0,0.0,100365.0,0.11756099999999998,-0.29673099999999997,AZE,TKM,5419
420230,43,219,945,1996.0,220112.0,0.0,0.383975,2.197461,CHN,TKM,5419
420231,186,219,945,1996.0,137207.0,0.0,0.505247,0.349848,RUS,TKM,5419
420232,224,219,945,1996.0,50986.0,0.0,0.07259700000000001,1.734291,TUR,TKM,5419
420233,14,221,945,1996.0,11774.0,0.0,0.025253,0.6428189999999999,AUS,TON,5419
420234,43,221,945,1996.0,8533.0,0.0,0.383975,2.197461,CHN,TON,5419
420235,166,221,945,1996.0,47122.0,0.0,0.404233,0.6724640000000001,NZL,TON,5419
420236,14,225,945,1996.0,1938.0,0.0,0.025253,0.6428189999999999,AUS,TUV,5419
420237,14,241,945,1996.0,3010.0,0.0,0.025253,0.6428189999999999,AUS,WLF,5419
420238,77,241,945,1996.0,25181.0,0.0,1.571365,1.187529,FRA,WLF,5419
420239,14,242,945,1996.0,20252.0,0.0,0.025253,0.6428189999999999,AUS,WSM,5419
420240,43,242,945,1996.0,12448.0,0.0,0.383975,2.197461,CHN,WSM,5419
420241,166,242,945,1996.0,94708.0,0.0,0.404233,0.6724640000000001,NZL,WSM,5419
420242,81,0,945,1996.0,5150.0,0.0,1.948148,0.882453,GBR,ABW,5419
420243,162,0,945,1996.0,57433.0,0.0,1.331177,1.6320430000000001,NLD,ABW,5419
420244,231,0,945,1996.0,130183.0,0.0,1.742391,1.003066,USA,ABW,5419
420245,77,88,945,1996.0,47147.0,0.0,1.571365,1.187529,FRA,GNB,5419
420246,111,88,945,1996.0,3269.0,0.0,1.591442,0.875201,ITA,GNB,5419
420247,179,88,945,1996.0,3962.0,0.0,0.49924799999999997,0.9969520000000001,PRT,GNB,5419
420248,216,88,945,1996.0,3293.0,0.0,0.26155100000000003,1.146204,THA,GNB,5419
420249,61,92,945,1996.0,5288.0,0.0,2.347101,-2.4792799999999997,DEU,GRL,5419
420250,64,92,945,1996.0,54824.0,0.0,1.416927,1.401766,DNK,GRL,5419
420251,81,92,945,1996.0,3289.0,0.0,1.948148,0.882453,GBR,GRL,5419
420252,162,92,945,1996.0,1110.0,0.0,1.331177,1.6320430000000001,NLD,GRL,5419
420253,43,145,945,1996.0,92658.0,7013.0,0.383975,2.197461,CHN,MNG,5419
420254,61,145,945,1996.0,49427.0,0.0,2.347101,-2.4792799999999997,DEU,MNG,5419
420255,81,145,945,1996.0,36903.0,0.0,1.948148,0.882453,GBR,MNG,5419
420256,114,145,945,1996.0,2950.0,0.0,2.858869,0.477455,JPN,MNG,5419
420257,121,145,945,1996.0,7033.0,0.0,1.230793,1.0548959999999998,KOR,MNG,5419
420258,162,145,945,1996.0,3274.0,0.0,1.331177,1.6320430000000001,NLD,MNG,5419
420259,186,145,945,1996.0,29106.0,0.0,0.505247,0.349848,RUS,MNG,5419
420260,231,145,945,1996.0,95088.0,0.0,1.742391,1.003066,USA,MNG,5419
420261,250,145,945,1996.0,1406.0,0.0,1.153784,0.831677,ANS,MNG,5419
420262,18,199,945,1996.0,87347.0,0.0,1.5604850000000001,1.30819,BEL,SOM,5419
420263,162,199,945,1996.0,3245.0,0.0,1.331177,1.6320430000000001,NLD,SOM,5419
420264,71,203,945,1996.0,0.0,5246.0,1.157591,1.795643,ESP,STP,5419
420265,77,203,945,1996.0,4111.0,0.0,1.571365,1.187529,FRA,STP,5419
420266,81,203,945,1996.0,42278.0,0.0,1.948148,0.882453,GBR,STP,5419
420267,138,213,945,1996.0,52660.0,0.0,0.88569,1.044068,MEX,TCA,5419
420268,18,214,945,1996.0,388385.0,0.0,1.5604850000000001,1.30819,BEL,TCD,5419
420269,45,214,945,1996.0,8044.0,0.0,-1.172534,-1.099308,CMR,TCD,5419
420270,77,214,945,1996.0,9190.0,0.0,1.571365,1.187529,FRA,TCD,5419
420271,162,214,945,1996.0,108816.0,0.0,1.331177,1.6320430000000001,NLD,TCD,5419
420272,61,217,945,1996.0,22710.0,0.0,2.347101,-2.4792799999999997,DEU,TJK,5419
420273,64,217,945,1996.0,48026.0,0.0,1.416927,1.401766,DNK,TJK,5419
420274,162,217,945,1996.0,3510.0,0.0,1.331177,1.6320430000000001,NLD,TJK,5419
420275,186,217,945,1996.0,27882.0,277957.0,0.505247,0.349848,RUS,TJK,5419
420276,224,217,945,1996.0,9005.0,0.0,0.07259700000000001,1.734291,TUR,TJK,5419
420277,228,217,945,1996.0,33958.0,0.0,0.7582479999999999,1.1207340000000001,UKR,TJK,5419
420278,231,237,945,1996.0,93947.0,0.0,1.742391,1.003066,USA,VGB,5419
420279,18,38,945,1996.0,1064.0,0.0,1.5604850000000001,1.30819,BEL,CAF,5419
420280,61,38,945,1996.0,6487.0,0.0,2.347101,-2.4792799999999997,DEU,CAF,5419
420281,64,38,945,1996.0,25924.0,0.0,1.416927,1.401766,DNK,CAF,5419
420282,71,38,945,1996.0,8811.0,0.0,1.157591,1.795643,ESP,CAF,5419
420283,77,38,945,1996.0,81400.0,0.0,1.571365,1.187529,FRA,CAF,5419
420284,162,38,945,1996.0,7852.0,0.0,1.331177,1.6320430000000001,NLD,CAF,5419
420285,250,38,945,1996.0,15460.0,0.0,1.153784,0.831677,ANS,CAF,5419
420286,41,149,945,1996.0,3863.0,0.0,2.344337,0.709607,CHE,MSR,5419
420287,231,149,945,1996.0,45610.0,0.0,1.742391,1.003066,USA,MSR,5419
420288,77,200,945,1996.0,18436.0,0.0,1.571365,1.187529,FRA,SPM,5419
420289,81,171,945,1996.0,3043.0,0.0,1.948148,0.882453,GBR,PCN,5419
420290,153,171,945,1996.0,18441.0,0.0,0.5493640000000001,0.248484,MYS,PCN,5419
420291,81,194,945,1996.0,6751.0,0.0,1.948148,0.882453,GBR,SHN,5419
420292,4,15,946,1996.0,255435.0,0.0,-0.42357399999999995,0.090179,ALB,AUT,5513
420293,8,15,946,1996.0,0.0,6145.0,0.007199,0.805707,ARG,AUT,5513
420294,14,15,946,1996.0,88352.0,153647.0,0.025253,0.6428189999999999,AUS,AUT,5513
420295,18,15,946,1996.0,0.0,208217.0,1.5604850000000001,1.30819,BEL,AUT,5513
420296,23,15,946,1996.0,104518.0,33227.0,0.510789,1.749248,BGR,AUT,5513
420297,28,15,946,1996.0,0.0,4024.0,0.785274,1.0126899999999999,BLR,AUT,5513
420298,32,15,946,1996.0,42736.0,3306.0,0.8087340000000001,1.370183,BRA,AUT,5513
420299,39,15,946,1996.0,17222.0,10747.0,0.970932,1.111111,CAN,AUT,5513
420300,41,15,946,1996.0,802634.0,359980.0,2.344337,0.709607,CHE,AUT,5513
420301,43,15,946,1996.0,75840.0,0.0,0.383975,2.197461,CHN,AUT,5513
420302,54,15,946,1996.0,9140.0,0.0,-0.7669229999999999,-1.140361,CUB,AUT,5513
420303,58,15,946,1996.0,24029.0,6157.0,0.11774200000000001,0.044968,CYP,AUT,5513
420304,59,15,946,1996.0,32956.0,159279.0,1.412088,1.171914,CZE,AUT,5513
420305,61,15,946,1996.0,3640508.0,2031594.0,2.347101,-2.4792799999999997,DEU,AUT,5513
420306,64,15,946,1996.0,0.0,13087.0,1.416927,1.401766,DNK,AUT,5513
420307,68,15,946,1996.0,48296.0,0.0,-0.405938,-0.209619,EGY,AUT,5513
420308,71,15,946,1996.0,75463.0,238685.0,1.157591,1.795643,ESP,AUT,5513
420309,74,15,946,1996.0,0.0,21218.0,2.007619,1.016303,FIN,AUT,5513
420310,77,15,946,1996.0,483488.0,1253175.0,1.571365,1.187529,FRA,AUT,5513
420311,81,15,946,1996.0,477828.0,1471204.0,1.948148,0.882453,GBR,AUT,5513
420312,82,15,946,1996.0,87991.0,0.0,0.28868499999999997,0.115705,GEO,AUT,5513
420313,90,15,946,1996.0,5830.0,1258.0,0.21841799999999997,1.081136,GRC,AUT,5513
420314,93,15,946,1996.0,1801.0,0.0,-0.28699,0.308033,GTM,AUT,5513
420315,97,15,946,1996.0,137819.0,1891.0,0.699041,1.8341720000000001,HKG,AUT,5513
420316,100,15,946,1996.0,166220.0,45079.0,0.739223,1.3032030000000001,HRV,AUT,5513
420317,102,15,946,1996.0,174788.0,237196.0,0.905526,1.887735,HUN,AUT,5513
420318,103,15,946,1996.0,12448.0,42916.0,-0.25952,1.343972,IDN,AUT,5513
420319,104,15,946,1996.0,38424.0,5993.0,0.145769,1.983642,IND,AUT,5513
420320,106,15,946,1996.0,0.0,4669.0,1.476369,1.049152,IRL,AUT,5513
420321,110,15,946,1996.0,63279.0,0.0,1.159922,1.025777,ISR,AUT,5513
420322,111,15,946,1996.0,135674.0,203388.0,1.591442,0.875201,ITA,AUT,5513
420323,112,15,946,1996.0,8226.0,0.0,-0.64364,-0.8296379999999999,JAM,AUT,5513
420324,114,15,946,1996.0,25549.0,365883.0,2.858869,0.477455,JPN,AUT,5513
420325,115,15,946,1996.0,246748.0,0.0,0.455772,0.16361099999999998,KAZ,AUT,5513
420326,121,15,946,1996.0,0.0,3181.0,1.230793,1.0548959999999998,KOR,AUT,5513
420327,124,15,946,1996.0,1935.0,13711.0,-0.09233999999999999,0.127816,LBN,AUT,5513
420328,128,15,946,1996.0,9558.0,0.0,-0.71165,-0.320193,LKA,AUT,5513
420329,132,15,946,1996.0,0.0,3139.0,0.255258,0.42505299999999996,LVA,AUT,5513
420330,135,15,946,1996.0,394727.0,0.0,0.193705,0.10853,MDA,AUT,5513
420331,138,15,946,1996.0,26115.0,0.0,0.88569,1.044068,MEX,AUT,5513
420332,140,15,946,1996.0,180417.0,30258.0,0.36478,0.760475,MKD,AUT,5513
420333,153,15,946,1996.0,0.0,3622.0,0.5493640000000001,0.248484,MYS,AUT,5513
420334,162,15,946,1996.0,38107.0,206228.0,1.331177,1.6320430000000001,NLD,AUT,5513
420335,163,15,946,1996.0,0.0,1873.0,0.8207270000000001,0.043619,NOR,AUT,5513
420336,174,15,946,1996.0,0.0,37214.0,0.0020329999999999997,0.40715,PHL,AUT,5513
420337,177,15,946,1996.0,70838.0,164658.0,0.806283,1.92897,POL,AUT,5513
420338,178,15,946,1996.0,186940.0,0.0,0.778948,1.1338979999999999,PRK,AUT,5513
420339,179,15,946,1996.0,5636.0,0.0,0.49924799999999997,0.9969520000000001,PRT,AUT,5513
420340,185,15,946,1996.0,303735.0,85959.0,0.612166,1.201016,ROU,AUT,5513
420341,186,15,946,1996.0,75417.0,205926.0,0.505247,0.349848,RUS,AUT,5513
420342,188,15,946,1996.0,0.0,16700.0,-0.200762,-1.0419610000000001,SAU,AUT,5513
420343,189,15,946,1996.0,84689.0,21400.0,0.699084,2.2900150000000004,SCG,AUT,5513
420344,192,15,946,1996.0,2469.0,2093.0,1.288635,0.259061,SGP,AUT,5513
420345,206,15,946,1996.0,38334.0,274972.0,1.1978739999999999,1.426243,SVK,AUT,5513
420346,207,15,946,1996.0,446363.0,43121.0,1.352015,1.396593,SVN,AUT,5513
420347,208,15,946,1996.0,20987.0,426459.0,2.186414,0.848194,SWE,AUT,5513
420348,216,15,946,1996.0,15755.0,4130.0,0.26155100000000003,1.146204,THA,AUT,5513
420349,222,15,946,1996.0,0.0,2262.0,-0.002541,-0.543624,TTO,AUT,5513
420350,224,15,946,1996.0,7853.0,30844.0,0.07259700000000001,1.734291,TUR,AUT,5513
420351,228,15,946,1996.0,770235.0,16788.0,0.7582479999999999,1.1207340000000001,UKR,AUT,5513
420352,231,15,946,1996.0,386492.0,1079933.0,1.742391,1.003066,USA,AUT,5513
420353,243,15,946,1996.0,0.0,1717.0,-1.395,-1.26641,YEM,AUT,5513
420354,246,15,946,1996.0,1553.0,4618.0,0.277171,1.489549,ZAF,AUT,5513
420355,249,15,946,1996.0,13256.0,52097.0,1.7375779999999998,1.4625860000000002,TWN,AUT,5513
420356,250,15,946,1996.0,0.0,6449.0,1.153784,0.831677,ANS,AUT,5513
420357,6,18,946,1996.0,0.0,8170.0,-0.2426,-0.701334,ANT,BEL,5513
420358,8,18,946,1996.0,18693.0,1709.0,0.007199,0.805707,ARG,BEL,5513
420359,14,18,946,1996.0,45858.0,9142.0,0.025253,0.6428189999999999,AUS,BEL,5513
420360,15,18,946,1996.0,208217.0,0.0,2.012626,0.395525,AUT,BEL,5513
420361,22,18,946,1996.0,0.0,3929.0,-0.751219,-0.9638329999999999,BGD,BEL,5513
420362,23,18,946,1996.0,8658.0,0.0,0.510789,1.749248,BGR,BEL,5513
420363,26,18,946,1996.0,3779.0,0.0,0.5718949999999999,0.991791,BIH,BEL,5513
420364,32,18,946,1996.0,3255237.0,1445.0,0.8087340000000001,1.370183,BRA,BEL,5513
420365,39,18,946,1996.0,12856.0,52259.0,0.970932,1.111111,CAN,BEL,5513
420366,41,18,946,1996.0,118540.0,216469.0,2.344337,0.709607,CHE,BEL,5513
420367,43,18,946,1996.0,49336.0,2350.0,0.383975,2.197461,CHN,BEL,5513
420368,44,18,946,1996.0,0.0,1428.0,-0.890915,-0.8165399999999999,CIV,BEL,5513
420369,45,18,946,1996.0,0.0,7691.0,-1.172534,-1.099308,CMR,BEL,5513
420370,46,18,946,1996.0,0.0,2289.0,-1.288889,-1.129638,COD,BEL,5513
420371,54,18,946,1996.0,40267.0,0.0,-0.7669229999999999,-1.140361,CUB,BEL,5513
420372,58,18,946,1996.0,0.0,1336.0,0.11774200000000001,0.044968,CYP,BEL,5513
420373,59,18,946,1996.0,0.0,5384.0,1.412088,1.171914,CZE,BEL,5513
420374,61,18,946,1996.0,992987.0,402495.0,2.347101,-2.4792799999999997,DEU,BEL,5513
420375,64,18,946,1996.0,0.0,20190.0,1.416927,1.401766,DNK,BEL,5513
420376,66,18,946,1996.0,0.0,88495.0,-0.478062,-1.107679,DZA,BEL,5513
420377,67,18,946,1996.0,0.0,5595.0,-1.128953,-0.960469,ECU,BEL,5513
420378,68,18,946,1996.0,74131.0,46732.0,-0.405938,-0.209619,EGY,BEL,5513
420379,71,18,946,1996.0,228022.0,137751.0,1.157591,1.795643,ESP,BEL,5513
420380,77,18,946,1996.0,3549345.0,896446.0,1.571365,1.187529,FRA,BEL,5513
420381,81,18,946,1996.0,861591.0,499342.0,1.948148,0.882453,GBR,BEL,5513
420382,85,18,946,1996.0,0.0,7093.0,-1.2720120000000001,-1.150363,GIN,BEL,5513
420383,90,18,946,1996.0,31284.0,14196.0,0.21841799999999997,1.081136,GRC,BEL,5513
420384,97,18,946,1996.0,0.0,19929.0,0.699041,1.8341720000000001,HKG,BEL,5513
420385,102,18,946,1996.0,17573.0,2649.0,0.905526,1.887735,HUN,BEL,5513
420386,103,18,946,1996.0,3888.0,0.0,-0.25952,1.343972,IDN,BEL,5513
420387,104,18,946,1996.0,48507.0,136319.0,0.145769,1.983642,IND,BEL,5513
420388,106,18,946,1996.0,4259.0,0.0,1.476369,1.049152,IRL,BEL,5513
420389,109,18,946,1996.0,0.0,2125.0,0.10151,-0.44307799999999997,ISL,BEL,5513
420390,110,18,946,1996.0,136241.0,0.0,1.159922,1.025777,ISR,BEL,5513
420391,111,18,946,1996.0,688369.0,102338.0,1.591442,0.875201,ITA,BEL,5513
420392,112,18,946,1996.0,0.0,2461.0,-0.64364,-0.8296379999999999,JAM,BEL,5513
420393,114,18,946,1996.0,6728.0,309500.0,2.858869,0.477455,JPN,BEL,5513
420394,122,18,946,1996.0,0.0,5397.0,-0.412797,-1.1335899999999999,KWT,BEL,5513
420395,124,18,946,1996.0,0.0,2695.0,-0.09233999999999999,0.127816,LBN,BEL,5513
420396,128,18,946,1996.0,28251.0,0.0,-0.71165,-0.320193,LKA,BEL,5513
420397,134,18,946,1996.0,21008.0,1424.0,-0.56512,-0.31006999999999996,MAR,BEL,5513
420398,136,18,946,1996.0,24840.0,0.0,-0.971575,-0.656497,MDG,BEL,5513
420399,138,18,946,1996.0,1639.0,0.0,0.88569,1.044068,MEX,BEL,5513
420400,159,18,946,1996.0,0.0,6909.0,-1.9253069999999999,-1.247116,NGA,BEL,5513
420401,160,18,946,1996.0,0.0,30341.0,-0.810879,-0.64475,NIC,BEL,5513
420402,162,18,946,1996.0,266799.0,403149.0,1.331177,1.6320430000000001,NLD,BEL,5513
420403,163,18,946,1996.0,8950.0,0.0,0.8207270000000001,0.043619,NOR,BEL,5513
420404,166,18,946,1996.0,0.0,28092.0,0.404233,0.6724640000000001,NZL,BEL,5513
420405,173,18,946,1996.0,0.0,2640.0,-0.374308,-0.36733499999999997,PER,BEL,5513
420406,174,18,946,1996.0,6281.0,3595.0,0.0020329999999999997,0.40715,PHL,BEL,5513
420407,177,18,946,1996.0,46174.0,96243.0,0.806283,1.92897,POL,BEL,5513
420408,179,18,946,1996.0,0.0,22406.0,0.49924799999999997,0.9969520000000001,PRT,BEL,5513
420409,180,18,946,1996.0,10009.0,0.0,-0.667054,-0.648122,PRY,BEL,5513
420410,186,18,946,1996.0,134993.0,0.0,0.505247,0.349848,RUS,BEL,5513
420411,187,18,946,1996.0,0.0,25980.0,0.048038,-0.5664020000000001,RWA,BEL,5513
420412,188,18,946,1996.0,0.0,75455.0,-0.200762,-1.0419610000000001,SAU,BEL,5513
420413,189,18,946,1996.0,14447.0,0.0,0.699084,2.2900150000000004,SCG,BEL,5513
420414,192,18,946,1996.0,3010.0,3887.0,1.288635,0.259061,SGP,BEL,5513
420415,206,18,946,1996.0,0.0,24130.0,1.1978739999999999,1.426243,SVK,BEL,5513
420416,207,18,946,1996.0,35052.0,4312.0,1.352015,1.396593,SVN,BEL,5513
420417,208,18,946,1996.0,0.0,16702.0,2.186414,0.848194,SWE,BEL,5513
420418,215,18,946,1996.0,0.0,3820.0,-0.879626,-0.748842,TGO,BEL,5513
420419,223,18,946,1996.0,40076.0,0.0,-0.250917,-0.057383,TUN,BEL,5513
420420,224,18,946,1996.0,7719.0,10724.0,0.07259700000000001,1.734291,TUR,BEL,5513
420421,228,18,946,1996.0,0.0,5831.0,0.7582479999999999,1.1207340000000001,UKR,BEL,5513
420422,231,18,946,1996.0,11954972.0,288049.0,1.742391,1.003066,USA,BEL,5513
420423,236,18,946,1996.0,0.0,1308.0,-0.039967,-0.828263,VEN,BEL,5513
420424,239,18,946,1996.0,5949.0,0.0,-0.8099569999999999,-0.032258999999999996,VNM,BEL,5513
420425,243,18,946,1996.0,1243.0,1114.0,-1.395,-1.26641,YEM,BEL,5513
420426,246,18,946,1996.0,112527.0,6046.0,0.277171,1.489549,ZAF,BEL,5513
420427,248,18,946,1996.0,7499.0,0.0,-0.46458999999999995,-0.273683,ZWE,BEL,5513
420428,249,18,946,1996.0,0.0,3557.0,1.7375779999999998,1.4625860000000002,TWN,BEL,5513
420429,8,32,946,1996.0,1384508.0,381863.0,0.007199,0.805707,ARG,BRA,5513
420430,14,32,946,1996.0,421183.0,727113.0,0.025253,0.6428189999999999,AUS,BRA,5513
420431,15,32,946,1996.0,3306.0,42736.0,2.012626,0.395525,AUT,BRA,5513
420432,18,32,946,1996.0,1445.0,3255237.0,1.5604850000000001,1.30819,BEL,BRA,5513
420433,22,32,946,1996.0,84188.0,58023.0,-0.751219,-0.9638329999999999,BGD,BRA,5513
420434,31,32,946,1996.0,0.0,11819.0,-0.5529930000000001,-0.600893,BOL,BRA,5513
420435,39,32,946,1996.0,20683.0,404072.0,0.970932,1.111111,CAN,BRA,5513
420436,41,32,946,1996.0,1515405.0,975504.0,2.344337,0.709607,CHE,BRA,5513
420437,42,32,946,1996.0,0.0,124243.0,-0.161334,-0.301695,CHL,BRA,5513
420438,43,32,946,1996.0,2222027.0,70119.0,0.383975,2.197461,CHN,BRA,5513
420439,44,32,946,1996.0,29272.0,0.0,-0.890915,-0.8165399999999999,CIV,BRA,5513
420440,49,32,946,1996.0,4184.0,548875.0,0.070101,0.08847999999999999,COL,BRA,5513
420441,52,32,946,1996.0,0.0,1341.0,-0.23773000000000002,0.101373,CRI,BRA,5513
420442,59,32,946,1996.0,0.0,2221.0,1.412088,1.171914,CZE,BRA,5513
420443,61,32,946,1996.0,512311.0,4029462.0,2.347101,-2.4792799999999997,DEU,BRA,5513
420444,64,32,946,1996.0,4127.0,166737.0,1.416927,1.401766,DNK,BRA,5513
420445,67,32,946,1996.0,0.0,3015.0,-1.128953,-0.960469,ECU,BRA,5513
420446,68,32,946,1996.0,4364.0,18709.0,-0.405938,-0.209619,EGY,BRA,5513
420447,71,32,946,1996.0,987324.0,1782588.0,1.157591,1.795643,ESP,BRA,5513
420448,77,32,946,1996.0,4108250.0,2973862.0,1.571365,1.187529,FRA,BRA,5513
420449,81,32,946,1996.0,1576478.0,4870588.0,1.948148,0.882453,GBR,BRA,5513
420450,93,32,946,1996.0,0.0,16612.0,-0.28699,0.308033,GTM,BRA,5513
420451,97,32,946,1996.0,1629750.0,326901.0,0.699041,1.8341720000000001,HKG,BRA,5513
420452,101,32,946,1996.0,1523.0,0.0,-0.7161029999999999,-0.737263,HTI,BRA,5513
420453,103,32,946,1996.0,50500.0,54834.0,-0.25952,1.343972,IDN,BRA,5513
420454,104,32,946,1996.0,2914131.0,636996.0,0.145769,1.983642,IND,BRA,5513
420455,106,32,946,1996.0,64236.0,14423.0,1.476369,1.049152,IRL,BRA,5513
420456,110,32,946,1996.0,19948.0,491568.0,1.159922,1.025777,ISR,BRA,5513
420457,111,32,946,1996.0,140304.0,340635.0,1.591442,0.875201,ITA,BRA,5513
420458,113,32,946,1996.0,0.0,8176.0,0.225125,-0.333293,JOR,BRA,5513
420459,114,32,946,1996.0,82748.0,12032645.0,2.858869,0.477455,JPN,BRA,5513
420460,121,32,946,1996.0,14364.0,82944.0,1.230793,1.0548959999999998,KOR,BRA,5513
420461,128,32,946,1996.0,0.0,3403.0,-0.71165,-0.320193,LKA,BRA,5513
420462,138,32,946,1996.0,643681.0,267015.0,0.88569,1.044068,MEX,BRA,5513
420463,153,32,946,1996.0,0.0,99313.0,0.5493640000000001,0.248484,MYS,BRA,5513
420464,162,32,946,1996.0,249288.0,7028936.0,1.331177,1.6320430000000001,NLD,BRA,5513
420465,163,32,946,1996.0,0.0,223638.0,0.8207270000000001,0.043619,NOR,BRA,5513
420466,166,32,946,1996.0,0.0,59284.0,0.404233,0.6724640000000001,NZL,BRA,5513
420467,168,32,946,1996.0,0.0,117739.0,-0.759362,-0.541712,PAK,BRA,5513
420468,173,32,946,1996.0,0.0,123002.0,-0.374308,-0.36733499999999997,PER,BRA,5513
420469,174,32,946,1996.0,0.0,163800.0,0.0020329999999999997,0.40715,PHL,BRA,5513
420470,177,32,946,1996.0,0.0,39212.0,0.806283,1.92897,POL,BRA,5513
420471,179,32,946,1996.0,0.0,6619.0,0.49924799999999997,0.9969520000000001,PRT,BRA,5513
420472,180,32,946,1996.0,1072924.0,146053.0,-0.667054,-0.648122,PRY,BRA,5513
420473,186,32,946,1996.0,0.0,15979.0,0.505247,0.349848,RUS,BRA,5513
420474,192,32,946,1996.0,5286264.0,377129.0,1.288635,0.259061,SGP,BRA,5513
420475,205,32,946,1996.0,0.0,1741.0,-1.062804,-0.893763,SUR,BRA,5513
420476,207,32,946,1996.0,0.0,31229.0,1.352015,1.396593,SVN,BRA,5513
420477,208,32,946,1996.0,1346.0,0.0,2.186414,0.848194,SWE,BRA,5513
420478,222,32,946,1996.0,0.0,11486.0,-0.002541,-0.543624,TTO,BRA,5513
420479,224,32,946,1996.0,0.0,64189.0,0.07259700000000001,1.734291,TUR,BRA,5513
420480,230,32,946,1996.0,956304.0,94451.0,0.182427,0.689738,URY,BRA,5513
420481,231,32,946,1996.0,3635159.0,29831088.0,1.742391,1.003066,USA,BRA,5513
420482,236,32,946,1996.0,0.0,29905.0,-0.039967,-0.828263,VEN,BRA,5513
420483,239,32,946,1996.0,465259.0,30863.0,-0.8099569999999999,-0.032258999999999996,VNM,BRA,5513
420484,246,32,946,1996.0,10360.0,190040.0,0.277171,1.489549,ZAF,BRA,5513
420485,249,32,946,1996.0,138005.0,68599.0,1.7375779999999998,1.4625860000000002,TWN,BRA,5513
420486,7,43,946,1996.0,0.0,642265.0,-0.43356400000000006,-0.8715719999999999,ARE,CHN,5513
420487,8,43,946,1996.0,52244.0,140163.0,0.007199,0.805707,ARG,CHN,5513
420488,14,43,946,1996.0,38515.0,718878.0,0.025253,0.6428189999999999,AUS,CHN,5513
420489,15,43,946,1996.0,0.0,75840.0,2.012626,0.395525,AUT,CHN,5513
420490,18,43,946,1996.0,2350.0,49336.0,1.5604850000000001,1.30819,BEL,CHN,5513
420491,22,43,946,1996.0,0.0,58072.0,-0.751219,-0.9638329999999999,BGD,CHN,5513
420492,23,43,946,1996.0,0.0,8991.0,0.510789,1.749248,BGR,CHN,5513
420493,32,43,946,1996.0,70119.0,2222027.0,0.8087340000000001,1.370183,BRA,CHN,5513
420494,39,43,946,1996.0,0.0,786122.0,0.970932,1.111111,CAN,CHN,5513
420495,41,43,946,1996.0,10377.0,967359.0,2.344337,0.709607,CHE,CHN,5513
420496,49,43,946,1996.0,0.0,17689.0,0.070101,0.08847999999999999,COL,CHN,5513
420497,58,43,946,1996.0,0.0,3815.0,0.11774200000000001,0.044968,CYP,CHN,5513
420498,59,43,946,1996.0,0.0,190808.0,1.412088,1.171914,CZE,CHN,5513
420499,61,43,946,1996.0,164931.0,7307805.0,2.347101,-2.4792799999999997,DEU,CHN,5513
420500,64,43,946,1996.0,6327.0,81416.0,1.416927,1.401766,DNK,CHN,5513
420501,68,43,946,1996.0,0.0,91974.0,-0.405938,-0.209619,EGY,CHN,5513
420502,71,43,946,1996.0,24649.0,5355334.0,1.157591,1.795643,ESP,CHN,5513
420503,74,43,946,1996.0,0.0,3774.0,2.007619,1.016303,FIN,CHN,5513
420504,77,43,946,1996.0,265265.0,11461237.0,1.571365,1.187529,FRA,CHN,5513
420505,80,43,946,1996.0,0.0,2475.0,-2.043879,-1.244397,GAB,CHN,5513
420506,81,43,946,1996.0,94247.0,13599354.0,1.948148,0.882453,GBR,CHN,5513
420507,83,43,946,1996.0,0.0,2574.0,-1.037413,-1.019025,GHA,CHN,5513
420508,90,43,946,1996.0,0.0,27686.0,0.21841799999999997,1.081136,GRC,CHN,5513
420509,97,43,946,1996.0,687716.0,17262116.0,0.699041,1.8341720000000001,HKG,CHN,5513
420510,102,43,946,1996.0,0.0,36264.0,0.905526,1.887735,HUN,CHN,5513
420511,103,43,946,1996.0,248162.0,1219528.0,-0.25952,1.343972,IDN,CHN,5513
420512,104,43,946,1996.0,2224468.0,840380.0,0.145769,1.983642,IND,CHN,5513
420513,110,43,946,1996.0,0.0,118470.0,1.159922,1.025777,ISR,CHN,5513
420514,111,43,946,1996.0,29878.0,320539.0,1.591442,0.875201,ITA,CHN,5513
420515,112,43,946,1996.0,0.0,1403.0,-0.64364,-0.8296379999999999,JAM,CHN,5513
420516,113,43,946,1996.0,0.0,33138.0,0.225125,-0.333293,JOR,CHN,5513
420517,114,43,946,1996.0,156969.0,12913457.0,2.858869,0.477455,JPN,CHN,5513
420518,121,43,946,1996.0,141548.0,221948.0,1.230793,1.0548959999999998,KOR,CHN,5513
420519,133,43,946,1996.0,5397.0,18658.0,-0.089625,-0.42184499999999997,MAC,CHN,5513
420520,136,43,946,1996.0,0.0,2015.0,-0.971575,-0.656497,MDG,CHN,5513
420521,138,43,946,1996.0,5090.0,1514930.0,0.88569,1.044068,MEX,CHN,5513
420522,143,43,946,1996.0,0.0,4983.0,-1.3258219999999998,-1.068414,MMR,CHN,5513
420523,145,43,946,1996.0,0.0,2308.0,-0.279007,-0.948549,MNG,CHN,5513
420524,153,43,946,1996.0,22021.0,241321.0,0.5493640000000001,0.248484,MYS,CHN,5513
420525,159,43,946,1996.0,0.0,76294.0,-1.9253069999999999,-1.247116,NGA,CHN,5513
420526,162,43,946,1996.0,188863.0,2575202.0,1.331177,1.6320430000000001,NLD,CHN,5513
420527,163,43,946,1996.0,0.0,3310.0,0.8207270000000001,0.043619,NOR,CHN,5513
420528,166,43,946,1996.0,6117.0,307101.0,0.404233,0.6724640000000001,NZL,CHN,5513
420529,168,43,946,1996.0,0.0,234080.0,-0.759362,-0.541712,PAK,CHN,5513
420530,173,43,946,1996.0,0.0,5382.0,-0.374308,-0.36733499999999997,PER,CHN,5513
420531,174,43,946,1996.0,0.0,116493.0,0.0020329999999999997,0.40715,PHL,CHN,5513
420532,177,43,946,1996.0,0.0,340249.0,0.806283,1.92897,POL,CHN,5513
420533,188,43,946,1996.0,0.0,139160.0,-0.200762,-1.0419610000000001,SAU,CHN,5513
420534,190,43,946,1996.0,0.0,2194.0,-1.342853,-1.183092,SDN,CHN,5513
420535,191,43,946,1996.0,0.0,51852.0,-0.715409,-0.8895850000000001,SEN,CHN,5513
420536,192,43,946,1996.0,1611259.0,6496002.0,1.288635,0.259061,SGP,CHN,5513
420537,208,43,946,1996.0,0.0,7079.0,2.186414,0.848194,SWE,CHN,5513
420538,215,43,946,1996.0,0.0,3230.0,-0.879626,-0.748842,TGO,CHN,5513
420539,216,43,946,1996.0,113924.0,384147.0,0.26155100000000003,1.146204,THA,CHN,5513
420540,222,43,946,1996.0,0.0,6831.0,-0.002541,-0.543624,TTO,CHN,5513
420541,223,43,946,1996.0,0.0,61546.0,-0.250917,-0.057383,TUN,CHN,5513
420542,224,43,946,1996.0,0.0,112347.0,0.07259700000000001,1.734291,TUR,CHN,5513
420543,230,43,946,1996.0,0.0,3502.0,0.182427,0.689738,URY,CHN,5513
420544,231,43,946,1996.0,852978.0,17806210.0,1.742391,1.003066,USA,CHN,5513
420545,239,43,946,1996.0,481675.0,87719.0,-0.8099569999999999,-0.032258999999999996,VNM,CHN,5513
420546,243,43,946,1996.0,0.0,23723.0,-1.395,-1.26641,YEM,CHN,5513
420547,246,43,946,1996.0,0.0,32533.0,0.277171,1.489549,ZAF,CHN,5513
420548,249,43,946,1996.0,222766.0,4775590.0,1.7375779999999998,1.4625860000000002,TWN,CHN,5513
420549,250,43,946,1996.0,48620.0,0.0,1.153784,0.831677,ANS,CHN,5513
420550,8,49,946,1996.0,156548.0,0.0,0.007199,0.805707,ARG,COL,5513
420551,14,49,946,1996.0,1292.0,0.0,0.025253,0.6428189999999999,AUS,COL,5513
420552,31,49,946,1996.0,0.0,4115.0,-0.5529930000000001,-0.600893,BOL,COL,5513
420553,32,49,946,1996.0,548875.0,4184.0,0.8087340000000001,1.370183,BRA,COL,5513
420554,39,49,946,1996.0,0.0,4800.0,0.970932,1.111111,CAN,COL,5513
420555,41,49,946,1996.0,832955.0,0.0,2.344337,0.709607,CHE,COL,5513
420556,42,49,946,1996.0,1083.0,0.0,-0.161334,-0.301695,CHL,COL,5513
420557,43,49,946,1996.0,17689.0,0.0,0.383975,2.197461,CHN,COL,5513
420558,61,49,946,1996.0,208694.0,0.0,2.347101,-2.4792799999999997,DEU,COL,5513
420559,65,49,946,1996.0,0.0,10402.0,-0.370096,-0.371728,DOM,COL,5513
420560,67,49,946,1996.0,0.0,228274.0,-1.128953,-0.960469,ECU,COL,5513
420561,71,49,946,1996.0,377551.0,3408.0,1.157591,1.795643,ESP,COL,5513
420562,77,49,946,1996.0,643956.0,0.0,1.571365,1.187529,FRA,COL,5513
420563,81,49,946,1996.0,124976.0,0.0,1.948148,0.882453,GBR,COL,5513
420564,93,49,946,1996.0,5432.0,0.0,-0.28699,0.308033,GTM,COL,5513
420565,97,49,946,1996.0,3195.0,0.0,0.699041,1.8341720000000001,HKG,COL,5513
420566,99,49,946,1996.0,0.0,48740.0,-0.57404,-0.594276,HND,COL,5513
420567,111,49,946,1996.0,6340.0,0.0,1.591442,0.875201,ITA,COL,5513
420568,121,49,946,1996.0,1850.0,0.0,1.230793,1.0548959999999998,KOR,COL,5513
420569,138,49,946,1996.0,96895.0,3784.0,0.88569,1.044068,MEX,COL,5513
420570,160,49,946,1996.0,0.0,67256.0,-0.810879,-0.64475,NIC,COL,5513
420571,169,49,946,1996.0,7090.0,18744.0,-0.03243,-0.326329,PAN,COL,5513
420572,173,49,946,1996.0,4202.0,69213.0,-0.374308,-0.36733499999999997,PER,COL,5513
420573,179,49,946,1996.0,0.0,5077.0,0.49924799999999997,0.9969520000000001,PRT,COL,5513
420574,197,49,946,1996.0,0.0,1787.0,-0.228625,-0.150274,SLV,COL,5513
420575,222,49,946,1996.0,0.0,2541.0,-0.002541,-0.543624,TTO,COL,5513
420576,231,49,946,1996.0,4564096.0,272350.0,1.742391,1.003066,USA,COL,5513
420577,236,49,946,1996.0,5220.0,20289.0,-0.039967,-0.828263,VEN,COL,5513
420578,250,49,946,1996.0,88712.0,1671.0,1.153784,0.831677,ANS,COL,5513
420579,8,52,946,1996.0,0.0,11151.0,0.007199,0.805707,ARG,CRI,5513
420580,32,52,946,1996.0,1341.0,0.0,0.8087340000000001,1.370183,BRA,CRI,5513
420581,39,52,946,1996.0,0.0,3986.0,0.970932,1.111111,CAN,CRI,5513
420582,41,52,946,1996.0,71934.0,16646.0,2.344337,0.709607,CHE,CRI,5513
420583,61,52,946,1996.0,92663.0,0.0,2.347101,-2.4792799999999997,DEU,CRI,5513
420584,71,52,946,1996.0,38300.0,0.0,1.157591,1.795643,ESP,CRI,5513
420585,77,52,946,1996.0,6664.0,11349.0,1.571365,1.187529,FRA,CRI,5513
420586,81,52,946,1996.0,19306.0,0.0,1.948148,0.882453,GBR,CRI,5513
420587,93,52,946,1996.0,14208.0,0.0,-0.28699,0.308033,GTM,CRI,5513
420588,99,52,946,1996.0,0.0,5932.0,-0.57404,-0.594276,HND,CRI,5513
420589,106,52,946,1996.0,75420.0,0.0,1.476369,1.049152,IRL,CRI,5513
420590,111,52,946,1996.0,5396.0,0.0,1.591442,0.875201,ITA,CRI,5513
420591,138,52,946,1996.0,35676.0,0.0,0.88569,1.044068,MEX,CRI,5513
420592,160,52,946,1996.0,0.0,7397.0,-0.810879,-0.64475,NIC,CRI,5513
420593,169,52,946,1996.0,0.0,4434.0,-0.03243,-0.326329,PAN,CRI,5513
420594,197,52,946,1996.0,1943.0,0.0,-0.228625,-0.150274,SLV,CRI,5513
420595,231,52,946,1996.0,605039.0,418537.0,1.742391,1.003066,USA,CRI,5513
420596,4,61,946,1996.0,65873.0,0.0,-0.42357399999999995,0.090179,ALB,DEU,5513
420597,6,61,946,1996.0,11263.0,0.0,-0.2426,-0.701334,ANT,DEU,5513
420598,7,61,946,1996.0,0.0,20139.0,-0.43356400000000006,-0.8715719999999999,ARE,DEU,5513
420599,8,61,946,1996.0,535852.0,295614.0,0.007199,0.805707,ARG,DEU,5513
420600,14,61,946,1996.0,3529281.0,307769.0,0.025253,0.6428189999999999,AUS,DEU,5513
420601,15,61,946,1996.0,2031594.0,3640508.0,2.012626,0.395525,AUT,DEU,5513
420602,18,61,946,1996.0,402495.0,992987.0,1.5604850000000001,1.30819,BEL,DEU,5513
420603,22,61,946,1996.0,0.0,5939.0,-0.751219,-0.9638329999999999,BGD,DEU,5513
420604,23,61,946,1996.0,212918.0,12084.0,0.510789,1.749248,BGR,DEU,5513
420605,26,61,946,1996.0,33129.0,18015.0,0.5718949999999999,0.991791,BIH,DEU,5513
420606,28,61,946,1996.0,0.0,2117.0,0.785274,1.0126899999999999,BLR,DEU,5513
420607,29,61,946,1996.0,60567.0,0.0,-0.267716,-0.651034,BLZ,DEU,5513
420608,31,61,946,1996.0,0.0,15153.0,-0.5529930000000001,-0.600893,BOL,DEU,5513
420609,32,61,946,1996.0,4029462.0,512311.0,0.8087340000000001,1.370183,BRA,DEU,5513
420610,35,61,946,1996.0,57655.0,0.0,-0.374718,-0.8180029999999999,BTN,DEU,5513
420611,39,61,946,1996.0,583451.0,330090.0,0.970932,1.111111,CAN,DEU,5513
420612,41,61,946,1996.0,3043165.0,4504232.0,2.344337,0.709607,CHE,DEU,5513
420613,42,61,946,1996.0,17923.0,67967.0,-0.161334,-0.301695,CHL,DEU,5513
420614,43,61,946,1996.0,7307805.0,164931.0,0.383975,2.197461,CHN,DEU,5513
420615,44,61,946,1996.0,10307.0,0.0,-0.890915,-0.8165399999999999,CIV,DEU,5513
420616,45,61,946,1996.0,0.0,1112.0,-1.172534,-1.099308,CMR,DEU,5513
420617,48,61,946,1996.0,1603.0,0.0,0.292879,-0.408573,COK,DEU,5513
420618,49,61,946,1996.0,0.0,208694.0,0.070101,0.08847999999999999,COL,DEU,5513
420619,50,61,946,1996.0,62071.0,0.0,0.003669,-0.6884,COM,DEU,5513
420620,52,61,946,1996.0,0.0,92663.0,-0.23773000000000002,0.101373,CRI,DEU,5513
420621,54,61,946,1996.0,357603.0,2746.0,-0.7669229999999999,-1.140361,CUB,DEU,5513
420622,58,61,946,1996.0,35309.0,6460.0,0.11774200000000001,0.044968,CYP,DEU,5513
420623,59,61,946,1996.0,81086.0,561780.0,1.412088,1.171914,CZE,DEU,5513
420624,64,61,946,1996.0,121728.0,358810.0,1.416927,1.401766,DNK,DEU,5513
420625,65,61,946,1996.0,6685.0,9650.0,-0.370096,-0.371728,DOM,DEU,5513
420626,66,61,946,1996.0,0.0,9001.0,-0.478062,-1.107679,DZA,DEU,5513
420627,67,61,946,1996.0,0.0,30998.0,-1.128953,-0.960469,ECU,DEU,5513
420628,68,61,946,1996.0,723901.0,189209.0,-0.405938,-0.209619,EGY,DEU,5513
420629,71,61,946,1996.0,4197014.0,1103263.0,1.157591,1.795643,ESP,DEU,5513
420630,72,61,946,1996.0,0.0,44085.0,0.445854,1.115429,EST,DEU,5513
420631,74,61,946,1996.0,0.0,355715.0,2.007619,1.016303,FIN,DEU,5513
420632,77,61,946,1996.0,22352130.0,4437569.0,1.571365,1.187529,FRA,DEU,5513
420633,81,61,946,1996.0,8223966.0,3075359.0,1.948148,0.882453,GBR,DEU,5513
420634,83,61,946,1996.0,0.0,27735.0,-1.037413,-1.019025,GHA,DEU,5513
420635,90,61,946,1996.0,478787.0,78514.0,0.21841799999999997,1.081136,GRC,DEU,5513
420636,93,61,946,1996.0,49868.0,55600.0,-0.28699,0.308033,GTM,DEU,5513
420637,97,61,946,1996.0,1309473.0,180301.0,0.699041,1.8341720000000001,HKG,DEU,5513
420638,99,61,946,1996.0,55488.0,8835.0,-0.57404,-0.594276,HND,DEU,5513
420639,100,61,946,1996.0,386376.0,175909.0,0.739223,1.3032030000000001,HRV,DEU,5513
420640,101,61,946,1996.0,167903.0,3391.0,-0.7161029999999999,-0.737263,HTI,DEU,5513
420641,102,61,946,1996.0,317205.0,163320.0,0.905526,1.887735,HUN,DEU,5513
420642,103,61,946,1996.0,2171888.0,111464.0,-0.25952,1.343972,IDN,DEU,5513
420643,104,61,946,1996.0,3636129.0,453466.0,0.145769,1.983642,IND,DEU,5513
420644,106,61,946,1996.0,214173.0,783635.0,1.476369,1.049152,IRL,DEU,5513
420645,107,61,946,1996.0,81364.0,7059.0,-1.0058129999999998,-1.215661,IRN,DEU,5513
420646,109,61,946,1996.0,0.0,16688.0,0.10151,-0.44307799999999997,ISL,DEU,5513
420647,110,61,946,1996.0,630603.0,107073.0,1.159922,1.025777,ISR,DEU,5513
420648,111,61,946,1996.0,6148658.0,502485.0,1.591442,0.875201,ITA,DEU,5513
420649,112,61,946,1996.0,34520.0,19432.0,-0.64364,-0.8296379999999999,JAM,DEU,5513
420650,113,61,946,1996.0,0.0,14584.0,0.225125,-0.333293,JOR,DEU,5513
420651,114,61,946,1996.0,204289.0,729085.0,2.858869,0.477455,JPN,DEU,5513
420652,116,61,946,1996.0,0.0,64398.0,-0.470653,-0.119252,KEN,DEU,5513
420653,121,61,946,1996.0,1973.0,300832.0,1.230793,1.0548959999999998,KOR,DEU,5513
420654,122,61,946,1996.0,0.0,4108.0,-0.412797,-1.1335899999999999,KWT,DEU,5513
420655,124,61,946,1996.0,1328.0,5577.0,-0.09233999999999999,0.127816,LBN,DEU,5513
420656,128,61,946,1996.0,222020.0,0.0,-0.71165,-0.320193,LKA,DEU,5513
420657,130,61,946,1996.0,0.0,8067.0,0.360994,1.092575,LTU,DEU,5513
420658,132,61,946,1996.0,0.0,15203.0,0.255258,0.42505299999999996,LVA,DEU,5513
420659,134,61,946,1996.0,208761.0,45546.0,-0.56512,-0.31006999999999996,MAR,DEU,5513
420660,136,61,946,1996.0,415769.0,0.0,-0.971575,-0.656497,MDG,DEU,5513
420661,138,61,946,1996.0,585064.0,633618.0,0.88569,1.044068,MEX,DEU,5513
420662,140,61,946,1996.0,0.0,16732.0,0.36478,0.760475,MKD,DEU,5513
420663,142,61,946,1996.0,0.0,2333.0,1.245592,0.446754,MLT,DEU,5513
420664,143,61,946,1996.0,0.0,8765.0,-1.3258219999999998,-1.068414,MMR,DEU,5513
420665,145,61,946,1996.0,0.0,21224.0,-0.279007,-0.948549,MNG,DEU,5513
420666,151,61,946,1996.0,0.0,19369.0,-0.578699,-0.831889,MUS,DEU,5513
420667,153,61,946,1996.0,0.0,40724.0,0.5493640000000001,0.248484,MYS,DEU,5513
420668,159,61,946,1996.0,0.0,1324584.0,-1.9253069999999999,-1.247116,NGA,DEU,5513
420669,160,61,946,1996.0,0.0,33008.0,-0.810879,-0.64475,NIC,DEU,5513
420670,162,61,946,1996.0,3372678.0,3191424.0,1.331177,1.6320430000000001,NLD,DEU,5513
420671,163,61,946,1996.0,2018.0,134051.0,0.8207270000000001,0.043619,NOR,DEU,5513
420672,164,61,946,1996.0,38273.0,0.0,-0.570144,-0.63484,NPL,DEU,5513
420673,166,61,946,1996.0,102509.0,14634.0,0.404233,0.6724640000000001,NZL,DEU,5513
420674,167,61,946,1996.0,0.0,2846.0,-0.227075,-0.9778399999999999,OMN,DEU,5513
420675,168,61,946,1996.0,0.0,187934.0,-0.759362,-0.541712,PAK,DEU,5513
420676,169,61,946,1996.0,0.0,46090.0,-0.03243,-0.326329,PAN,DEU,5513
420677,173,61,946,1996.0,156126.0,498958.0,-0.374308,-0.36733499999999997,PER,DEU,5513
420678,174,61,946,1996.0,0.0,79624.0,0.0020329999999999997,0.40715,PHL,DEU,5513
420679,177,61,946,1996.0,32542.0,649804.0,0.806283,1.92897,POL,DEU,5513
420680,178,61,946,1996.0,35990.0,0.0,0.778948,1.1338979999999999,PRK,DEU,5513
420681,179,61,946,1996.0,56549.0,19775.0,0.49924799999999997,0.9969520000000001,PRT,DEU,5513
420682,180,61,946,1996.0,768252.0,13766.0,-0.667054,-0.648122,PRY,DEU,5513
420683,185,61,946,1996.0,406471.0,66935.0,0.612166,1.201016,ROU,DEU,5513
420684,186,61,946,1996.0,43690.0,57639.0,0.505247,0.349848,RUS,DEU,5513
420685,188,61,946,1996.0,2686.0,1669390.0,-0.200762,-1.0419610000000001,SAU,DEU,5513
420686,189,61,946,1996.0,101037.0,40022.0,0.699084,2.2900150000000004,SCG,DEU,5513
420687,190,61,946,1996.0,0.0,2070.0,-1.342853,-1.183092,SDN,DEU,5513
420688,191,61,946,1996.0,0.0,8001.0,-0.715409,-0.8895850000000001,SEN,DEU,5513
420689,192,61,946,1996.0,200364.0,501997.0,1.288635,0.259061,SGP,DEU,5513
420690,197,61,946,1996.0,20557.0,76414.0,-0.228625,-0.150274,SLV,DEU,5513
420691,206,61,946,1996.0,5133.0,131521.0,1.1978739999999999,1.426243,SVK,DEU,5513
420692,207,61,946,1996.0,131625.0,65277.0,1.352015,1.396593,SVN,DEU,5513
420693,208,61,946,1996.0,79265.0,360646.0,2.186414,0.848194,SWE,DEU,5513
420694,211,61,946,1996.0,0.0,6855.0,-0.03785,-0.572653,SYC,DEU,5513
420695,212,61,946,1996.0,0.0,54306.0,-1.096481,-1.0157260000000001,SYR,DEU,5513
420696,216,61,946,1996.0,0.0,139264.0,0.26155100000000003,1.146204,THA,DEU,5513
420697,222,61,946,1996.0,0.0,82793.0,-0.002541,-0.543624,TTO,DEU,5513
420698,223,61,946,1996.0,165245.0,33980.0,-0.250917,-0.057383,TUN,DEU,5513
420699,224,61,946,1996.0,669499.0,553878.0,0.07259700000000001,1.734291,TUR,DEU,5513
420700,226,61,946,1996.0,0.0,7609.0,-1.186121,-0.6688390000000001,TZA,DEU,5513
420701,227,61,946,1996.0,0.0,1030.0,-1.105896,-0.910169,UGA,DEU,5513
420702,228,61,946,1996.0,14516.0,18205.0,0.7582479999999999,1.1207340000000001,UKR,DEU,5513
420703,230,61,946,1996.0,51949.0,0.0,0.182427,0.689738,URY,DEU,5513
420704,231,61,946,1996.0,12777613.0,1460211.0,1.742391,1.003066,USA,DEU,5513
420705,232,61,946,1996.0,0.0,3366.0,-0.139651,-0.670652,UZB,DEU,5513
420706,236,61,946,1996.0,0.0,49322.0,-0.039967,-0.828263,VEN,DEU,5513
420707,239,61,946,1996.0,67974.0,12289.0,-0.8099569999999999,-0.032258999999999996,VNM,DEU,5513
420708,246,61,946,1996.0,521651.0,212295.0,0.277171,1.489549,ZAF,DEU,5513
420709,247,61,946,1996.0,0.0,9989.0,-0.58634,-0.796772,ZMB,DEU,5513
420710,248,61,946,1996.0,0.0,21546.0,-0.46458999999999995,-0.273683,ZWE,DEU,5513
420711,249,61,946,1996.0,300761.0,216011.0,1.7375779999999998,1.4625860000000002,TWN,DEU,5513
420712,250,61,946,1996.0,0.0,45632.0,1.153784,0.831677,ANS,DEU,5513
420713,14,64,946,1996.0,446954.0,0.0,0.025253,0.6428189999999999,AUS,DNK,5513
420714,15,64,946,1996.0,13087.0,0.0,2.012626,0.395525,AUT,DNK,5513
420715,18,64,946,1996.0,20190.0,0.0,1.5604850000000001,1.30819,BEL,DNK,5513
420716,32,64,946,1996.0,166737.0,4127.0,0.8087340000000001,1.370183,BRA,DNK,5513
420717,39,64,946,1996.0,0.0,5080.0,0.970932,1.111111,CAN,DNK,5513
420718,41,64,946,1996.0,112082.0,1031.0,2.344337,0.709607,CHE,DNK,5513
420719,43,64,946,1996.0,81416.0,6327.0,0.383975,2.197461,CHN,DNK,5513
420720,58,64,946,1996.0,35754.0,0.0,0.11774200000000001,0.044968,CYP,DNK,5513
420721,59,64,946,1996.0,0.0,327451.0,1.412088,1.171914,CZE,DNK,5513
420722,61,64,946,1996.0,358810.0,121728.0,2.347101,-2.4792799999999997,DEU,DNK,5513
420723,67,64,946,1996.0,0.0,1420.0,-1.128953,-0.960469,ECU,DNK,5513
420724,71,64,946,1996.0,259275.0,8136.0,1.157591,1.795643,ESP,DNK,5513
420725,74,64,946,1996.0,0.0,130766.0,2.007619,1.016303,FIN,DNK,5513
420726,77,64,946,1996.0,1060930.0,34403.0,1.571365,1.187529,FRA,DNK,5513
420727,78,64,946,1996.0,0.0,2927.0,-0.644187,-0.795554,FRO,DNK,5513
420728,81,64,946,1996.0,391626.0,886189.0,1.948148,0.882453,GBR,DNK,5513
420729,104,64,946,1996.0,24965.0,0.0,0.145769,1.983642,IND,DNK,5513
420730,106,64,946,1996.0,0.0,3499.0,1.476369,1.049152,IRL,DNK,5513
420731,109,64,946,1996.0,0.0,8706.0,0.10151,-0.44307799999999997,ISL,DNK,5513
420732,110,64,946,1996.0,28419.0,57379.0,1.159922,1.025777,ISR,DNK,5513
420733,111,64,946,1996.0,245406.0,74157.0,1.591442,0.875201,ITA,DNK,5513
420734,114,64,946,1996.0,145453.0,0.0,2.858869,0.477455,JPN,DNK,5513
420735,121,64,946,1996.0,4397.0,2748.0,1.230793,1.0548959999999998,KOR,DNK,5513
420736,159,64,946,1996.0,0.0,18844.0,-1.9253069999999999,-1.247116,NGA,DNK,5513
420737,160,64,946,1996.0,23085.0,1324.0,-0.810879,-0.64475,NIC,DNK,5513
420738,162,64,946,1996.0,69900.0,152426.0,1.331177,1.6320430000000001,NLD,DNK,5513
420739,163,64,946,1996.0,0.0,117370.0,0.8207270000000001,0.043619,NOR,DNK,5513
420740,206,64,946,1996.0,0.0,17098.0,1.1978739999999999,1.426243,SVK,DNK,5513
420741,208,64,946,1996.0,813696.0,345084.0,2.186414,0.848194,SWE,DNK,5513
420742,215,64,946,1996.0,0.0,8494.0,-0.879626,-0.748842,TGO,DNK,5513
420743,224,64,946,1996.0,2389.0,2465.0,0.07259700000000001,1.734291,TUR,DNK,5513
420744,231,64,946,1996.0,6638133.0,3295.0,1.742391,1.003066,USA,DNK,5513
420745,248,64,946,1996.0,0.0,71728.0,-0.46458999999999995,-0.273683,ZWE,DNK,5513
420746,249,64,946,1996.0,2694.0,0.0,1.7375779999999998,1.4625860000000002,TWN,DNK,5513
420747,250,64,946,1996.0,1183.0,0.0,1.153784,0.831677,ANS,DNK,5513
420748,8,65,946,1996.0,0.0,1231.0,0.007199,0.805707,ARG,DOM,5513
420749,41,65,946,1996.0,18789.0,0.0,2.344337,0.709607,CHE,DOM,5513
420750,49,65,946,1996.0,10402.0,0.0,0.070101,0.08847999999999999,COL,DOM,5513
420751,61,65,946,1996.0,9650.0,6685.0,2.347101,-2.4792799999999997,DEU,DOM,5513
420752,71,65,946,1996.0,39973.0,0.0,1.157591,1.795643,ESP,DOM,5513
420753,77,65,946,1996.0,2960.0,86206.0,1.571365,1.187529,FRA,DOM,5513
420754,81,65,946,1996.0,5886.0,0.0,1.948148,0.882453,GBR,DOM,5513
420755,106,65,946,1996.0,7937.0,0.0,1.476369,1.049152,IRL,DOM,5513
420756,138,65,946,1996.0,251076.0,1028.0,0.88569,1.044068,MEX,DOM,5513
420757,160,65,946,1996.0,2938.0,0.0,-0.810879,-0.64475,NIC,DOM,5513
420758,231,65,946,1996.0,325388.0,652500.0,1.742391,1.003066,USA,DOM,5513
420759,236,65,946,1996.0,17163.0,0.0,-0.039967,-0.828263,VEN,DOM,5513
420760,18,67,946,1996.0,5595.0,0.0,1.5604850000000001,1.30819,BEL,ECU,5513
420761,32,67,946,1996.0,3015.0,0.0,0.8087340000000001,1.370183,BRA,ECU,5513
420762,41,67,946,1996.0,19992.0,0.0,2.344337,0.709607,CHE,ECU,5513
420763,42,67,946,1996.0,5666.0,0.0,-0.161334,-0.301695,CHL,ECU,5513
420764,49,67,946,1996.0,228274.0,0.0,0.070101,0.08847999999999999,COL,ECU,5513
420765,61,67,946,1996.0,30998.0,0.0,2.347101,-2.4792799999999997,DEU,ECU,5513
420766,64,67,946,1996.0,1420.0,0.0,1.416927,1.401766,DNK,ECU,5513
420767,71,67,946,1996.0,28861.0,0.0,1.157591,1.795643,ESP,ECU,5513
420768,77,67,946,1996.0,114068.0,6945.0,1.571365,1.187529,FRA,ECU,5513
420769,81,67,946,1996.0,13590.0,11889.0,1.948148,0.882453,GBR,ECU,5513
420770,106,67,946,1996.0,8549.0,0.0,1.476369,1.049152,IRL,ECU,5513
420771,110,67,946,1996.0,5969.0,0.0,1.159922,1.025777,ISR,ECU,5513
420772,111,67,946,1996.0,271110.0,0.0,1.591442,0.875201,ITA,ECU,5513
420773,114,67,946,1996.0,0.0,2238.0,2.858869,0.477455,JPN,ECU,5513
420774,138,67,946,1996.0,66740.0,0.0,0.88569,1.044068,MEX,ECU,5513
420775,169,67,946,1996.0,1054.0,0.0,-0.03243,-0.326329,PAN,ECU,5513
420776,173,67,946,1996.0,0.0,2821.0,-0.374308,-0.36733499999999997,PER,ECU,5513
420777,231,67,946,1996.0,1001929.0,139129.0,1.742391,1.003066,USA,ECU,5513
420778,2,71,946,1996.0,29240.0,0.0,-2.314454,-1.236453,AGO,ESP,5513
420779,5,71,946,1996.0,0.0,9298.0,0.9948959999999999,0.58532,AND,ESP,5513
420780,6,71,946,1996.0,37601.0,0.0,-0.2426,-0.701334,ANT,ESP,5513
420781,7,71,946,1996.0,0.0,100985.0,-0.43356400000000006,-0.8715719999999999,ARE,ESP,5513
420782,8,71,946,1996.0,111120.0,87589.0,0.007199,0.805707,ARG,ESP,5513
420783,14,71,946,1996.0,28908.0,129734.0,0.025253,0.6428189999999999,AUS,ESP,5513
420784,15,71,946,1996.0,238685.0,75463.0,2.012626,0.395525,AUT,ESP,5513
420785,18,71,946,1996.0,137751.0,228022.0,1.5604850000000001,1.30819,BEL,ESP,5513
420786,23,71,946,1996.0,68762.0,3792.0,0.510789,1.749248,BGR,ESP,5513
420787,24,71,946,1996.0,0.0,11231.0,-0.359199,-0.9925,BHR,ESP,5513
420788,31,71,946,1996.0,0.0,34179.0,-0.5529930000000001,-0.600893,BOL,ESP,5513
420789,32,71,946,1996.0,1782588.0,987324.0,0.8087340000000001,1.370183,BRA,ESP,5513
420790,39,71,946,1996.0,83848.0,472691.0,0.970932,1.111111,CAN,ESP,5513
420791,41,71,946,1996.0,304606.0,900680.0,2.344337,0.709607,CHE,ESP,5513
420792,42,71,946,1996.0,49280.0,112098.0,-0.161334,-0.301695,CHL,ESP,5513
420793,43,71,946,1996.0,5355334.0,24649.0,0.383975,2.197461,CHN,ESP,5513
420794,44,71,946,1996.0,10842.0,11048.0,-0.890915,-0.8165399999999999,CIV,ESP,5513
420795,49,71,946,1996.0,3408.0,377551.0,0.070101,0.08847999999999999,COL,ESP,5513
420796,52,71,946,1996.0,0.0,38300.0,-0.23773000000000002,0.101373,CRI,ESP,5513
420797,54,71,946,1996.0,8323.0,1512062.0,-0.7669229999999999,-1.140361,CUB,ESP,5513
420798,59,71,946,1996.0,0.0,7108.0,1.412088,1.171914,CZE,ESP,5513
420799,61,71,946,1996.0,1103263.0,4197014.0,2.347101,-2.4792799999999997,DEU,ESP,5513
420800,64,71,946,1996.0,8136.0,259275.0,1.416927,1.401766,DNK,ESP,5513
420801,65,71,946,1996.0,0.0,39973.0,-0.370096,-0.371728,DOM,ESP,5513
420802,66,71,946,1996.0,0.0,141474.0,-0.478062,-1.107679,DZA,ESP,5513
420803,67,71,946,1996.0,0.0,28861.0,-1.128953,-0.960469,ECU,ESP,5513
420804,68,71,946,1996.0,127799.0,18135.0,-0.405938,-0.209619,EGY,ESP,5513
420805,72,71,946,1996.0,0.0,1031.0,0.445854,1.115429,EST,ESP,5513
420806,74,71,946,1996.0,0.0,37433.0,2.007619,1.016303,FIN,ESP,5513
420807,77,71,946,1996.0,4947490.0,5660256.0,1.571365,1.187529,FRA,ESP,5513
420808,81,71,946,1996.0,1450587.0,3179261.0,1.948148,0.882453,GBR,ESP,5513
420809,90,71,946,1996.0,0.0,101186.0,0.21841799999999997,1.081136,GRC,ESP,5513
420810,93,71,946,1996.0,34751.0,10013.0,-0.28699,0.308033,GTM,ESP,5513
420811,97,71,946,1996.0,653452.0,173851.0,0.699041,1.8341720000000001,HKG,ESP,5513
420812,99,71,946,1996.0,0.0,98976.0,-0.57404,-0.594276,HND,ESP,5513
420813,102,71,946,1996.0,23329.0,29463.0,0.905526,1.887735,HUN,ESP,5513
420814,103,71,946,1996.0,1717762.0,85501.0,-0.25952,1.343972,IDN,ESP,5513
420815,104,71,946,1996.0,2321442.0,134333.0,0.145769,1.983642,IND,ESP,5513
420816,106,71,946,1996.0,456713.0,1269648.0,1.476369,1.049152,IRL,ESP,5513
420817,107,71,946,1996.0,18355.0,0.0,-1.0058129999999998,-1.215661,IRN,ESP,5513
420818,110,71,946,1996.0,139982.0,40715.0,1.159922,1.025777,ISR,ESP,5513
420819,111,71,946,1996.0,1553178.0,771867.0,1.591442,0.875201,ITA,ESP,5513
420820,113,71,946,1996.0,0.0,118064.0,0.225125,-0.333293,JOR,ESP,5513
420821,114,71,946,1996.0,579156.0,727618.0,2.858869,0.477455,JPN,ESP,5513
420822,121,71,946,1996.0,5954.0,4144255.0,1.230793,1.0548959999999998,KOR,ESP,5513
420823,128,71,946,1996.0,66964.0,0.0,-0.71165,-0.320193,LKA,ESP,5513
420824,132,71,946,1996.0,0.0,1261.0,0.255258,0.42505299999999996,LVA,ESP,5513
420825,134,71,946,1996.0,2063058.0,38127.0,-0.56512,-0.31006999999999996,MAR,ESP,5513
420826,136,71,946,1996.0,227508.0,0.0,-0.971575,-0.656497,MDG,ESP,5513
420827,138,71,946,1996.0,52477.0,728275.0,0.88569,1.044068,MEX,ESP,5513
420828,151,71,946,1996.0,0.0,3456.0,-0.578699,-0.831889,MUS,ESP,5513
420829,153,71,946,1996.0,0.0,54037.0,0.5493640000000001,0.248484,MYS,ESP,5513
420830,159,71,946,1996.0,0.0,151177.0,-1.9253069999999999,-1.247116,NGA,ESP,5513
420831,162,71,946,1996.0,372998.0,1489100.0,1.331177,1.6320430000000001,NLD,ESP,5513
420832,163,71,946,1996.0,0.0,20578.0,0.8207270000000001,0.043619,NOR,ESP,5513
420833,166,71,946,1996.0,0.0,17700.0,0.404233,0.6724640000000001,NZL,ESP,5513
420834,167,71,946,1996.0,8711.0,127453.0,-0.227075,-0.9778399999999999,OMN,ESP,5513
420835,168,71,946,1996.0,0.0,5931.0,-0.759362,-0.541712,PAK,ESP,5513
420836,169,71,946,1996.0,0.0,63770.0,-0.03243,-0.326329,PAN,ESP,5513
420837,173,71,946,1996.0,113339.0,125652.0,-0.374308,-0.36733499999999997,PER,ESP,5513
420838,174,71,946,1996.0,28132.0,357149.0,0.0020329999999999997,0.40715,PHL,ESP,5513
420839,177,71,946,1996.0,0.0,1527.0,0.806283,1.92897,POL,ESP,5513
420840,179,71,946,1996.0,410998.0,804110.0,0.49924799999999997,0.9969520000000001,PRT,ESP,5513
420841,180,71,946,1996.0,850760.0,1077.0,-0.667054,-0.648122,PRY,ESP,5513
420842,183,71,946,1996.0,0.0,1100.0,-0.511976,-1.148631,QAT,ESP,5513
420843,186,71,946,1996.0,29684.0,7383.0,0.505247,0.349848,RUS,ESP,5513
420844,187,71,946,1996.0,0.0,9748.0,0.048038,-0.5664020000000001,RWA,ESP,5513
420845,188,71,946,1996.0,0.0,258749.0,-0.200762,-1.0419610000000001,SAU,ESP,5513
420846,192,71,946,1996.0,48531.0,152165.0,1.288635,0.259061,SGP,ESP,5513
420847,197,71,946,1996.0,23794.0,9274.0,-0.228625,-0.150274,SLV,ESP,5513
420848,206,71,946,1996.0,0.0,1232.0,1.1978739999999999,1.426243,SVK,ESP,5513
420849,208,71,946,1996.0,2809.0,5418.0,2.186414,0.848194,SWE,ESP,5513
420850,212,71,946,1996.0,0.0,28277.0,-1.096481,-1.0157260000000001,SYR,ESP,5513
420851,216,71,946,1996.0,0.0,110381.0,0.26155100000000003,1.146204,THA,ESP,5513
420852,223,71,946,1996.0,232744.0,63920.0,-0.250917,-0.057383,TUN,ESP,5513
420853,224,71,946,1996.0,1935.0,249053.0,0.07259700000000001,1.734291,TUR,ESP,5513
420854,226,71,946,1996.0,0.0,3972.0,-1.186121,-0.6688390000000001,TZA,ESP,5513
420855,230,71,946,1996.0,0.0,8032.0,0.182427,0.689738,URY,ESP,5513
420856,231,71,946,1996.0,3342810.0,3646440.0,1.742391,1.003066,USA,ESP,5513
420857,236,71,946,1996.0,0.0,130135.0,-0.039967,-0.828263,VEN,ESP,5513
420858,239,71,946,1996.0,15476.0,628366.0,-0.8099569999999999,-0.032258999999999996,VNM,ESP,5513
420859,246,71,946,1996.0,34401.0,35588.0,0.277171,1.489549,ZAF,ESP,5513
420860,249,71,946,1996.0,64555.0,67707.0,1.7375779999999998,1.4625860000000002,TWN,ESP,5513
420861,14,74,946,1996.0,14173.0,0.0,0.025253,0.6428189999999999,AUS,FIN,5513
420862,15,74,946,1996.0,21218.0,0.0,2.012626,0.395525,AUT,FIN,5513
420863,41,74,946,1996.0,49473.0,0.0,2.344337,0.709607,CHE,FIN,5513
420864,42,74,946,1996.0,0.0,1343.0,-0.161334,-0.301695,CHL,FIN,5513
420865,43,74,946,1996.0,3774.0,0.0,0.383975,2.197461,CHN,FIN,5513
420866,61,74,946,1996.0,355715.0,0.0,2.347101,-2.4792799999999997,DEU,FIN,5513
420867,64,74,946,1996.0,130766.0,0.0,1.416927,1.401766,DNK,FIN,5513
420868,71,74,946,1996.0,37433.0,0.0,1.157591,1.795643,ESP,FIN,5513
420869,72,74,946,1996.0,2018.0,17197.0,0.445854,1.115429,EST,FIN,5513
420870,77,74,946,1996.0,128773.0,0.0,1.571365,1.187529,FRA,FIN,5513
420871,81,74,946,1996.0,142450.0,3163.0,1.948148,0.882453,GBR,FIN,5513
420872,104,74,946,1996.0,29634.0,0.0,0.145769,1.983642,IND,FIN,5513
420873,111,74,946,1996.0,2285.0,0.0,1.591442,0.875201,ITA,FIN,5513
420874,132,74,946,1996.0,0.0,6365.0,0.255258,0.42505299999999996,LVA,FIN,5513
420875,162,74,946,1996.0,125536.0,0.0,1.331177,1.6320430000000001,NLD,FIN,5513
420876,163,74,946,1996.0,54880.0,5951.0,0.8207270000000001,0.043619,NOR,FIN,5513
420877,174,74,946,1996.0,1697.0,0.0,0.0020329999999999997,0.40715,PHL,FIN,5513
420878,186,74,946,1996.0,0.0,9728.0,0.505247,0.349848,RUS,FIN,5513
420879,208,74,946,1996.0,117381.0,128432.0,2.186414,0.848194,SWE,FIN,5513
420880,231,74,946,1996.0,156612.0,0.0,1.742391,1.003066,USA,FIN,5513
420881,4,77,946,1996.0,157660.0,0.0,-0.42357399999999995,0.090179,ALB,FRA,5513
420882,5,77,946,1996.0,0.0,2826.0,0.9948959999999999,0.58532,AND,FRA,5513
420883,7,77,946,1996.0,13855.0,538092.0,-0.43356400000000006,-0.8715719999999999,ARE,FRA,5513
420884,8,77,946,1996.0,229762.0,886707.0,0.007199,0.805707,ARG,FRA,5513
420885,9,77,946,1996.0,3003.0,0.0,1.0178040000000002,0.156363,ARM,FRA,5513
420886,14,77,946,1996.0,517580.0,1095735.0,0.025253,0.6428189999999999,AUS,FRA,5513
420887,15,77,946,1996.0,1253175.0,483488.0,2.012626,0.395525,AUT,FRA,5513
420888,17,77,946,1996.0,0.0,1874.0,-1.037716,-0.9776,BDI,FRA,5513
420889,18,77,946,1996.0,896446.0,3549345.0,1.5604850000000001,1.30819,BEL,FRA,5513
420890,21,77,946,1996.0,0.0,4749.0,-0.6722739999999999,-0.9167639999999999,BFA,FRA,5513
420891,22,77,946,1996.0,0.0,37344.0,-0.751219,-0.9638329999999999,BGD,FRA,5513
420892,23,77,946,1996.0,2635098.0,630852.0,0.510789,1.749248,BGR,FRA,5513
420893,24,77,946,1996.0,0.0,32667.0,-0.359199,-0.9925,BHR,FRA,5513
420894,26,77,946,1996.0,39691.0,0.0,0.5718949999999999,0.991791,BIH,FRA,5513
420895,29,77,946,1996.0,147226.0,0.0,-0.267716,-0.651034,BLZ,FRA,5513
420896,31,77,946,1996.0,9198.0,0.0,-0.5529930000000001,-0.600893,BOL,FRA,5513
420897,32,77,946,1996.0,2973862.0,4108250.0,0.8087340000000001,1.370183,BRA,FRA,5513
420898,33,77,946,1996.0,5357.0,0.0,0.599391,0.065208,BRB,FRA,5513
420899,38,77,946,1996.0,0.0,1747.0,-1.094527,-0.901338,CAF,FRA,5513
420900,39,77,946,1996.0,179272.0,299331.0,0.970932,1.111111,CAN,FRA,5513
420901,41,77,946,1996.0,2882788.0,19631078.0,2.344337,0.709607,CHE,FRA,5513
420902,42,77,946,1996.0,18189.0,120590.0,-0.161334,-0.301695,CHL,FRA,5513
420903,43,77,946,1996.0,11461237.0,265265.0,0.383975,2.197461,CHN,FRA,5513
420904,44,77,946,1996.0,1866472.0,101863.0,-0.890915,-0.8165399999999999,CIV,FRA,5513
420905,45,77,946,1996.0,0.0,71136.0,-1.172534,-1.099308,CMR,FRA,5513
420906,46,77,946,1996.0,0.0,6282.0,-1.288889,-1.129638,COD,FRA,5513
420907,49,77,946,1996.0,0.0,643956.0,0.070101,0.08847999999999999,COL,FRA,5513
420908,50,77,946,1996.0,3955909.0,1918.0,0.003669,-0.6884,COM,FRA,5513
420909,52,77,946,1996.0,11349.0,6664.0,-0.23773000000000002,0.101373,CRI,FRA,5513
420910,54,77,946,1996.0,125925.0,4690.0,-0.7669229999999999,-1.140361,CUB,FRA,5513
420911,58,77,946,1996.0,6307.0,11234.0,0.11774200000000001,0.044968,CYP,FRA,5513
420912,59,77,946,1996.0,17424.0,431147.0,1.412088,1.171914,CZE,FRA,5513
420913,61,77,946,1996.0,4437569.0,22352130.0,2.347101,-2.4792799999999997,DEU,FRA,5513
420914,63,77,946,1996.0,4324.0,0.0,0.521576,-0.075879,DMA,FRA,5513
420915,64,77,946,1996.0,34403.0,1060930.0,1.416927,1.401766,DNK,FRA,5513
420916,65,77,946,1996.0,86206.0,2960.0,-0.370096,-0.371728,DOM,FRA,5513
420917,66,77,946,1996.0,13169.0,219290.0,-0.478062,-1.107679,DZA,FRA,5513
420918,67,77,946,1996.0,6945.0,114068.0,-1.128953,-0.960469,ECU,FRA,5513
420919,68,77,946,1996.0,4941860.0,2390456.0,-0.405938,-0.209619,EGY,FRA,5513
420920,71,77,946,1996.0,5660256.0,4947490.0,1.157591,1.795643,ESP,FRA,5513
420921,74,77,946,1996.0,0.0,128773.0,2.007619,1.016303,FIN,FRA,5513
420922,80,77,946,1996.0,0.0,101471.0,-2.043879,-1.244397,GAB,FRA,5513
420923,81,77,946,1996.0,7353856.0,15970308.0,1.948148,0.882453,GBR,FRA,5513
420924,83,77,946,1996.0,0.0,3106.0,-1.037413,-1.019025,GHA,FRA,5513
420925,85,77,946,1996.0,99664.0,0.0,-1.2720120000000001,-1.150363,GIN,FRA,5513
420926,90,77,946,1996.0,36550.0,213191.0,0.21841799999999997,1.081136,GRC,FRA,5513
420927,93,77,946,1996.0,192227.0,2114.0,-0.28699,0.308033,GTM,FRA,5513
420928,97,77,946,1996.0,1681876.0,1398256.0,0.699041,1.8341720000000001,HKG,FRA,5513
420929,99,77,946,1996.0,0.0,3904.0,-0.57404,-0.594276,HND,FRA,5513
420930,100,77,946,1996.0,160159.0,11379.0,0.739223,1.3032030000000001,HRV,FRA,5513
420931,101,77,946,1996.0,1675036.0,36380.0,-0.7161029999999999,-0.737263,HTI,FRA,5513
420932,102,77,946,1996.0,262961.0,314379.0,0.905526,1.887735,HUN,FRA,5513
420933,103,77,946,1996.0,3966864.0,829891.0,-0.25952,1.343972,IDN,FRA,5513
420934,104,77,946,1996.0,6216984.0,2923721.0,0.145769,1.983642,IND,FRA,5513
420935,106,77,946,1996.0,3104625.0,4139778.0,1.476369,1.049152,IRL,FRA,5513
420936,107,77,946,1996.0,128410.0,40468.0,-1.0058129999999998,-1.215661,IRN,FRA,5513
420937,109,77,946,1996.0,0.0,2315.0,0.10151,-0.44307799999999997,ISL,FRA,5513
420938,110,77,946,1996.0,402971.0,368112.0,1.159922,1.025777,ISR,FRA,5513
420939,111,77,946,1996.0,9820904.0,6147626.0,1.591442,0.875201,ITA,FRA,5513
420940,112,77,946,1996.0,84281.0,13791.0,-0.64364,-0.8296379999999999,JAM,FRA,5513
420941,113,77,946,1996.0,0.0,113635.0,0.225125,-0.333293,JOR,FRA,5513
420942,114,77,946,1996.0,409922.0,9460298.0,2.858869,0.477455,JPN,FRA,5513
420943,121,77,946,1996.0,10184.0,467318.0,1.230793,1.0548959999999998,KOR,FRA,5513
420944,122,77,946,1996.0,0.0,19164.0,-0.412797,-1.1335899999999999,KWT,FRA,5513
420945,124,77,946,1996.0,69967.0,261577.0,-0.09233999999999999,0.127816,LBN,FRA,5513
420946,128,77,946,1996.0,588805.0,19677.0,-0.71165,-0.320193,LKA,FRA,5513
420947,130,77,946,1996.0,1449.0,2652.0,0.360994,1.092575,LTU,FRA,5513
420948,132,77,946,1996.0,0.0,1557.0,0.255258,0.42505299999999996,LVA,FRA,5513
420949,133,77,946,1996.0,0.0,4598.0,-0.089625,-0.42184499999999997,MAC,FRA,5513
420950,134,77,946,1996.0,6695260.0,230976.0,-0.56512,-0.31006999999999996,MAR,FRA,5513
420951,135,77,946,1996.0,175439.0,0.0,0.193705,0.10853,MDA,FRA,5513
420952,136,77,946,1996.0,3413804.0,32688.0,-0.971575,-0.656497,MDG,FRA,5513
420953,138,77,946,1996.0,162281.0,884701.0,0.88569,1.044068,MEX,FRA,5513
420954,140,77,946,1996.0,26133.0,0.0,0.36478,0.760475,MKD,FRA,5513
420955,141,77,946,1996.0,0.0,46766.0,-0.8623040000000001,-0.991231,MLI,FRA,5513
420956,142,77,946,1996.0,0.0,2212.0,1.245592,0.446754,MLT,FRA,5513
420957,145,77,946,1996.0,0.0,10909.0,-0.279007,-0.948549,MNG,FRA,5513
420958,151,77,946,1996.0,0.0,111828.0,-0.578699,-0.831889,MUS,FRA,5513
420959,153,77,946,1996.0,93374.0,79718.0,0.5493640000000001,0.248484,MYS,FRA,5513
420960,156,77,946,1996.0,96343.0,6281.0,-0.994661,-0.827312,NCL,FRA,5513
420961,157,77,946,1996.0,0.0,12322.0,-0.539406,-0.693657,NER,FRA,5513
420962,159,77,946,1996.0,0.0,358557.0,-1.9253069999999999,-1.247116,NGA,FRA,5513
420963,162,77,946,1996.0,1186648.0,5492810.0,1.331177,1.6320430000000001,NLD,FRA,5513
420964,163,77,946,1996.0,18615.0,40053.0,0.8207270000000001,0.043619,NOR,FRA,5513
420965,164,77,946,1996.0,28349.0,0.0,-0.570144,-0.63484,NPL,FRA,5513
420966,166,77,946,1996.0,2373.0,81396.0,0.404233,0.6724640000000001,NZL,FRA,5513
420967,167,77,946,1996.0,0.0,13090.0,-0.227075,-0.9778399999999999,OMN,FRA,5513
420968,168,77,946,1996.0,29226.0,190772.0,-0.759362,-0.541712,PAK,FRA,5513
420969,169,77,946,1996.0,0.0,8213.0,-0.03243,-0.326329,PAN,FRA,5513
420970,173,77,946,1996.0,37060.0,253437.0,-0.374308,-0.36733499999999997,PER,FRA,5513
420971,174,77,946,1996.0,0.0,188346.0,0.0020329999999999997,0.40715,PHL,FRA,5513
420972,177,77,946,1996.0,2310.0,803119.0,0.806283,1.92897,POL,FRA,5513
420973,178,77,946,1996.0,1475.0,0.0,0.778948,1.1338979999999999,PRK,FRA,5513
420974,179,77,946,1996.0,58664.0,73042.0,0.49924799999999997,0.9969520000000001,PRT,FRA,5513
420975,180,77,946,1996.0,4299912.0,33169.0,-0.667054,-0.648122,PRY,FRA,5513
420976,182,77,946,1996.0,23021.0,22944.0,0.9221219999999999,-0.317411,PYF,FRA,5513
420977,183,77,946,1996.0,0.0,1172.0,-0.511976,-1.148631,QAT,FRA,5513
420978,185,77,946,1996.0,0.0,7066.0,0.612166,1.201016,ROU,FRA,5513
420979,186,77,946,1996.0,897318.0,53452.0,0.505247,0.349848,RUS,FRA,5513
420980,188,77,946,1996.0,0.0,2943277.0,-0.200762,-1.0419610000000001,SAU,FRA,5513
420981,189,77,946,1996.0,27285.0,47499.0,0.699084,2.2900150000000004,SCG,FRA,5513
420982,190,77,946,1996.0,0.0,13828.0,-1.342853,-1.183092,SDN,FRA,5513
420983,191,77,946,1996.0,0.0,50799.0,-0.715409,-0.8895850000000001,SEN,FRA,5513
420984,192,77,946,1996.0,289797.0,1649200.0,1.288635,0.259061,SGP,FRA,5513
420985,206,77,946,1996.0,0.0,44056.0,1.1978739999999999,1.426243,SVK,FRA,5513
420986,207,77,946,1996.0,96634.0,141522.0,1.352015,1.396593,SVN,FRA,5513
420987,208,77,946,1996.0,2473.0,318452.0,2.186414,0.848194,SWE,FRA,5513
420988,211,77,946,1996.0,11675.0,9253.0,-0.03785,-0.572653,SYC,FRA,5513
420989,212,77,946,1996.0,3022.0,120549.0,-1.096481,-1.0157260000000001,SYR,FRA,5513
420990,215,77,946,1996.0,0.0,25837.0,-0.879626,-0.748842,TGO,FRA,5513
420991,216,77,946,1996.0,52253.0,246799.0,0.26155100000000003,1.146204,THA,FRA,5513
420992,222,77,946,1996.0,6463.0,7591.0,-0.002541,-0.543624,TTO,FRA,5513
420993,223,77,946,1996.0,1880534.0,242031.0,-0.250917,-0.057383,TUN,FRA,5513
420994,224,77,946,1996.0,4733906.0,612234.0,0.07259700000000001,1.734291,TUR,FRA,5513
420995,226,77,946,1996.0,19267.0,0.0,-1.186121,-0.6688390000000001,TZA,FRA,5513
420996,228,77,946,1996.0,842920.0,92686.0,0.7582479999999999,1.1207340000000001,UKR,FRA,5513
420997,230,77,946,1996.0,0.0,37226.0,0.182427,0.689738,URY,FRA,5513
420998,231,77,946,1996.0,18979632.0,34508056.0,1.742391,1.003066,USA,FRA,5513
420999,236,77,946,1996.0,0.0,331983.0,-0.039967,-0.828263,VEN,FRA,5513
421000,239,77,946,1996.0,296353.0,93660.0,-0.8099569999999999,-0.032258999999999996,VNM,FRA,5513
421001,246,77,946,1996.0,863785.0,458552.0,0.277171,1.489549,ZAF,FRA,5513
421002,248,77,946,1996.0,31468.0,0.0,-0.46458999999999995,-0.273683,ZWE,FRA,5513
421003,249,77,946,1996.0,27909.0,716736.0,1.7375779999999998,1.4625860000000002,TWN,FRA,5513
421004,250,77,946,1996.0,16827.0,0.0,1.153784,0.831677,ANS,FRA,5513
421005,43,80,946,1996.0,2475.0,0.0,0.383975,2.197461,CHN,GAB,5513
421006,44,80,946,1996.0,2143.0,0.0,-0.890915,-0.8165399999999999,CIV,GAB,5513
421007,77,80,946,1996.0,101471.0,0.0,1.571365,1.187529,FRA,GAB,5513
421008,162,80,946,1996.0,4093.0,0.0,1.331177,1.6320430000000001,NLD,GAB,5513
421009,0,81,946,1996.0,0.0,37180.0,-0.493634,-0.719576,ABW,GBR,5513
421010,5,81,946,1996.0,0.0,98582.0,0.9948959999999999,0.58532,AND,GBR,5513
421011,6,81,946,1996.0,22202.0,6351.0,-0.2426,-0.701334,ANT,GBR,5513
421012,7,81,946,1996.0,8475.0,279873.0,-0.43356400000000006,-0.8715719999999999,ARE,GBR,5513
421013,8,81,946,1996.0,7927572.0,746010.0,0.007199,0.805707,ARG,GBR,5513
421014,13,81,946,1996.0,0.0,13402.0,0.463841,-0.048698000000000005,ATG,GBR,5513
421015,14,81,946,1996.0,1311759.0,3493365.0,0.025253,0.6428189999999999,AUS,GBR,5513
421016,15,81,946,1996.0,1471204.0,477828.0,2.012626,0.395525,AUT,GBR,5513
421017,17,81,946,1996.0,0.0,2474.0,-1.037716,-0.9776,BDI,GBR,5513
421018,18,81,946,1996.0,499342.0,861591.0,1.5604850000000001,1.30819,BEL,GBR,5513
421019,22,81,946,1996.0,0.0,42496.0,-0.751219,-0.9638329999999999,BGD,GBR,5513
421020,23,81,946,1996.0,41459.0,66994.0,0.510789,1.749248,BGR,GBR,5513
421021,24,81,946,1996.0,0.0,20431.0,-0.359199,-0.9925,BHR,GBR,5513
421022,25,81,946,1996.0,31369.0,216541.0,0.301719,-0.44059899999999996,BHS,GBR,5513
421023,29,81,946,1996.0,264451.0,0.0,-0.267716,-0.651034,BLZ,GBR,5513
421024,30,81,946,1996.0,0.0,54733.0,0.658562,-0.5025430000000001,BMU,GBR,5513
421025,32,81,946,1996.0,4870588.0,1576478.0,0.8087340000000001,1.370183,BRA,GBR,5513
421026,33,81,946,1996.0,0.0,29763.0,0.599391,0.065208,BRB,GBR,5513
421027,34,81,946,1996.0,0.0,1274.0,-0.661198,-0.801408,BRN,GBR,5513
421028,39,81,946,1996.0,381471.0,230262.0,0.970932,1.111111,CAN,GBR,5513
421029,41,81,946,1996.0,461954.0,1719815.0,2.344337,0.709607,CHE,GBR,5513
421030,42,81,946,1996.0,20659.0,120497.0,-0.161334,-0.301695,CHL,GBR,5513
421031,43,81,946,1996.0,13599354.0,94247.0,0.383975,2.197461,CHN,GBR,5513
421032,44,81,946,1996.0,231491.0,167054.0,-0.890915,-0.8165399999999999,CIV,GBR,5513
421033,45,81,946,1996.0,0.0,23449.0,-1.172534,-1.099308,CMR,GBR,5513
421034,47,81,946,1996.0,0.0,21622.0,-1.2520950000000002,-1.1901899999999999,COG,GBR,5513
421035,49,81,946,1996.0,0.0,124976.0,0.070101,0.08847999999999999,COL,GBR,5513
421036,52,81,946,1996.0,0.0,19306.0,-0.23773000000000002,0.101373,CRI,GBR,5513
421037,54,81,946,1996.0,867613.0,0.0,-0.7669229999999999,-1.140361,CUB,GBR,5513
421038,58,81,946,1996.0,112485.0,165583.0,0.11774200000000001,0.044968,CYP,GBR,5513
421039,59,81,946,1996.0,0.0,30855.0,1.412088,1.171914,CZE,GBR,5513
421040,61,81,946,1996.0,3075359.0,8223966.0,2.347101,-2.4792799999999997,DEU,GBR,5513
421041,63,81,946,1996.0,134683.0,4934.0,0.521576,-0.075879,DMA,GBR,5513
421042,64,81,946,1996.0,886189.0,391626.0,1.416927,1.401766,DNK,GBR,5513
421043,65,81,946,1996.0,0.0,5886.0,-0.370096,-0.371728,DOM,GBR,5513
421044,67,81,946,1996.0,11889.0,13590.0,-1.128953,-0.960469,ECU,GBR,5513
421045,68,81,946,1996.0,755533.0,641440.0,-0.405938,-0.209619,EGY,GBR,5513
421046,71,81,946,1996.0,3179261.0,1450587.0,1.157591,1.795643,ESP,GBR,5513
421047,72,81,946,1996.0,0.0,2120.0,0.445854,1.115429,EST,GBR,5513
421048,73,81,946,1996.0,0.0,53392.0,-1.072519,-1.169486,ETH,GBR,5513
421049,74,81,946,1996.0,3163.0,142450.0,2.007619,1.016303,FIN,GBR,5513
421050,77,81,946,1996.0,15970308.0,7353856.0,1.571365,1.187529,FRA,GBR,5513
421051,78,81,946,1996.0,0.0,1564.0,-0.644187,-0.795554,FRO,GBR,5513
421052,83,81,946,1996.0,0.0,89202.0,-1.037413,-1.019025,GHA,GBR,5513
421053,84,81,946,1996.0,0.0,1596.0,0.792741,-0.333993,GIB,GBR,5513
421054,87,81,946,1996.0,0.0,93845.0,-0.8948459999999999,-0.837851,GMB,GBR,5513
421055,90,81,946,1996.0,613887.0,307554.0,0.21841799999999997,1.081136,GRC,GBR,5513
421056,91,81,946,1996.0,72566.0,0.0,0.62736,-0.06942100000000001,GRD,GBR,5513
421057,93,81,946,1996.0,278940.0,86974.0,-0.28699,0.308033,GTM,GBR,5513
421058,96,81,946,1996.0,0.0,20426.0,-0.618346,-0.7723760000000001,GUY,GBR,5513
421059,97,81,946,1996.0,3965014.0,1775169.0,0.699041,1.8341720000000001,HKG,GBR,5513
421060,99,81,946,1996.0,52011.0,0.0,-0.57404,-0.594276,HND,GBR,5513
421061,100,81,946,1996.0,24400.0,1534.0,0.739223,1.3032030000000001,HRV,GBR,5513
421062,101,81,946,1996.0,136958.0,0.0,-0.7161029999999999,-0.737263,HTI,GBR,5513
421063,102,81,946,1996.0,10312.0,226699.0,0.905526,1.887735,HUN,GBR,5513
421064,103,81,946,1996.0,2931822.0,288805.0,-0.25952,1.343972,IDN,GBR,5513
421065,104,81,946,1996.0,3684156.0,2113266.0,0.145769,1.983642,IND,GBR,5513
421066,106,81,946,1996.0,268482.0,9331224.0,1.476369,1.049152,IRL,GBR,5513
421067,107,81,946,1996.0,215611.0,0.0,-1.0058129999999998,-1.215661,IRN,GBR,5513
421068,108,81,946,1996.0,0.0,4765.0,0.813755,-0.203222,IRQ,GBR,5513
421069,109,81,946,1996.0,0.0,26594.0,0.10151,-0.44307799999999997,ISL,GBR,5513
421070,110,81,946,1996.0,587293.0,450196.0,1.159922,1.025777,ISR,GBR,5513
421071,111,81,946,1996.0,10748963.0,2391188.0,1.591442,0.875201,ITA,GBR,5513
421072,112,81,946,1996.0,167974.0,47722.0,-0.64364,-0.8296379999999999,JAM,GBR,5513
421073,113,81,946,1996.0,0.0,109031.0,0.225125,-0.333293,JOR,GBR,5513
421074,114,81,946,1996.0,56606.0,19367778.0,2.858869,0.477455,JPN,GBR,5513
421075,116,81,946,1996.0,6947.0,188709.0,-0.470653,-0.119252,KEN,GBR,5513
421076,120,81,946,1996.0,0.0,1503.0,0.49290100000000003,-0.429266,KNA,GBR,5513
421077,121,81,946,1996.0,3491.0,461190.0,1.230793,1.0548959999999998,KOR,GBR,5513
421078,122,81,946,1996.0,0.0,127593.0,-0.412797,-1.1335899999999999,KWT,GBR,5513
421079,124,81,946,1996.0,17255.0,36931.0,-0.09233999999999999,0.127816,LBN,GBR,5513
421080,127,81,946,1996.0,0.0,8775.0,-0.027347000000000003,-0.556575,LCA,GBR,5513
421081,128,81,946,1996.0,554481.0,48529.0,-0.71165,-0.320193,LKA,GBR,5513
421082,130,81,946,1996.0,0.0,18990.0,0.360994,1.092575,LTU,GBR,5513
421083,132,81,946,1996.0,0.0,3948.0,0.255258,0.42505299999999996,LVA,GBR,5513
421084,133,81,946,1996.0,3837.0,4658.0,-0.089625,-0.42184499999999997,MAC,GBR,5513
421085,134,81,946,1996.0,178248.0,388306.0,-0.56512,-0.31006999999999996,MAR,GBR,5513
421086,136,81,946,1996.0,500896.0,0.0,-0.971575,-0.656497,MDG,GBR,5513
421087,138,81,946,1996.0,4779888.0,479302.0,0.88569,1.044068,MEX,GBR,5513
421088,140,81,946,1996.0,0.0,62289.0,0.36478,0.760475,MKD,GBR,5513
421089,142,81,946,1996.0,0.0,91438.0,1.245592,0.446754,MLT,GBR,5513
421090,143,81,946,1996.0,0.0,3221.0,-1.3258219999999998,-1.068414,MMR,GBR,5513
421091,145,81,946,1996.0,0.0,2874.0,-0.279007,-0.948549,MNG,GBR,5513
421092,148,81,946,1996.0,0.0,3958.0,-1.182626,-1.228759,MRT,GBR,5513
421093,151,81,946,1996.0,0.0,49863.0,-0.578699,-0.831889,MUS,GBR,5513
421094,152,81,946,1996.0,0.0,121646.0,-1.203751,-1.003757,MWI,GBR,5513
421095,153,81,946,1996.0,67894.0,248005.0,0.5493640000000001,0.248484,MYS,GBR,5513
421096,159,81,946,1996.0,0.0,372433.0,-1.9253069999999999,-1.247116,NGA,GBR,5513
421097,162,81,946,1996.0,1004725.0,2703812.0,1.331177,1.6320430000000001,NLD,GBR,5513
421098,163,81,946,1996.0,17114.0,262476.0,0.8207270000000001,0.043619,NOR,GBR,5513
421099,166,81,946,1996.0,12356.0,223612.0,0.404233,0.6724640000000001,NZL,GBR,5513
421100,167,81,946,1996.0,0.0,116658.0,-0.227075,-0.9778399999999999,OMN,GBR,5513
421101,168,81,946,1996.0,8474.0,142935.0,-0.759362,-0.541712,PAK,GBR,5513
421102,169,81,946,1996.0,12301.0,2314.0,-0.03243,-0.326329,PAN,GBR,5513
421103,173,81,946,1996.0,749003.0,46017.0,-0.374308,-0.36733499999999997,PER,GBR,5513
421104,174,81,946,1996.0,0.0,506437.0,0.0020329999999999997,0.40715,PHL,GBR,5513
421105,177,81,946,1996.0,0.0,556850.0,0.806283,1.92897,POL,GBR,5513
421106,178,81,946,1996.0,0.0,2748.0,0.778948,1.1338979999999999,PRK,GBR,5513
421107,179,81,946,1996.0,60808.0,245444.0,0.49924799999999997,0.9969520000000001,PRT,GBR,5513
421108,180,81,946,1996.0,1110350.0,81889.0,-0.667054,-0.648122,PRY,GBR,5513
421109,183,81,946,1996.0,0.0,28420.0,-0.511976,-1.148631,QAT,GBR,5513
421110,185,81,946,1996.0,0.0,45939.0,0.612166,1.201016,ROU,GBR,5513
421111,186,81,946,1996.0,0.0,383767.0,0.505247,0.349848,RUS,GBR,5513
421112,187,81,946,1996.0,0.0,9502.0,0.048038,-0.5664020000000001,RWA,GBR,5513
421113,188,81,946,1996.0,51421.0,1447118.0,-0.200762,-1.0419610000000001,SAU,GBR,5513
421114,189,81,946,1996.0,0.0,1783.0,0.699084,2.2900150000000004,SCG,GBR,5513
421115,190,81,946,1996.0,0.0,37071.0,-1.342853,-1.183092,SDN,GBR,5513
421116,191,81,946,1996.0,0.0,11691.0,-0.715409,-0.8895850000000001,SEN,GBR,5513
421117,192,81,946,1996.0,1377517.0,1265917.0,1.288635,0.259061,SGP,GBR,5513
421118,196,81,946,1996.0,0.0,10715.0,-0.0266,-0.390162,SLE,GBR,5513
421119,197,81,946,1996.0,13380.0,0.0,-0.228625,-0.150274,SLV,GBR,5513
421120,203,81,946,1996.0,0.0,2444.0,0.777042,-0.19045,STP,GBR,5513
421121,206,81,946,1996.0,1719.0,29553.0,1.1978739999999999,1.426243,SVK,GBR,5513
421122,207,81,946,1996.0,55370.0,11109.0,1.352015,1.396593,SVN,GBR,5513
421123,208,81,946,1996.0,351392.0,561087.0,2.186414,0.848194,SWE,GBR,5513
421124,212,81,946,1996.0,0.0,40764.0,-1.096481,-1.0157260000000001,SYR,GBR,5513
421125,215,81,946,1996.0,0.0,6919.0,-0.879626,-0.748842,TGO,GBR,5513
421126,216,81,946,1996.0,7035.0,407349.0,0.26155100000000003,1.146204,THA,GBR,5513
421127,222,81,946,1996.0,0.0,215360.0,-0.002541,-0.543624,TTO,GBR,5513
421128,223,81,946,1996.0,223317.0,20037.0,-0.250917,-0.057383,TUN,GBR,5513
421129,224,81,946,1996.0,82032.0,906373.0,0.07259700000000001,1.734291,TUR,GBR,5513
421130,226,81,946,1996.0,50734.0,248816.0,-1.186121,-0.6688390000000001,TZA,GBR,5513
421131,227,81,946,1996.0,0.0,105049.0,-1.105896,-0.910169,UGA,GBR,5513
421132,228,81,946,1996.0,0.0,26185.0,0.7582479999999999,1.1207340000000001,UKR,GBR,5513
421133,230,81,946,1996.0,137330.0,210960.0,0.182427,0.689738,URY,GBR,5513
421134,231,81,946,1996.0,41360580.0,7161610.0,1.742391,1.003066,USA,GBR,5513
421135,236,81,946,1996.0,0.0,199491.0,-0.039967,-0.828263,VEN,GBR,5513
421136,239,81,946,1996.0,413564.0,91837.0,-0.8099569999999999,-0.032258999999999996,VNM,GBR,5513
421137,246,81,946,1996.0,954332.0,2178806.0,0.277171,1.489549,ZAF,GBR,5513
421138,247,81,946,1996.0,0.0,47035.0,-0.58634,-0.796772,ZMB,GBR,5513
421139,248,81,946,1996.0,137054.0,143823.0,-0.46458999999999995,-0.273683,ZWE,GBR,5513
421140,249,81,946,1996.0,540453.0,508876.0,1.7375779999999998,1.4625860000000002,TWN,GBR,5513
421141,250,81,946,1996.0,0.0,1331.0,1.153784,0.831677,ANS,GBR,5513
421142,4,90,946,1996.0,0.0,43681.0,-0.42357399999999995,0.090179,ALB,GRC,5513
421143,14,90,946,1996.0,7262.0,12592.0,0.025253,0.6428189999999999,AUS,GRC,5513
421144,15,90,946,1996.0,1258.0,5830.0,2.012626,0.395525,AUT,GRC,5513
421145,18,90,946,1996.0,14196.0,31284.0,1.5604850000000001,1.30819,BEL,GRC,5513
421146,23,90,946,1996.0,0.0,8276.0,0.510789,1.749248,BGR,GRC,5513
421147,39,90,946,1996.0,0.0,4386.0,0.970932,1.111111,CAN,GRC,5513
421148,41,90,946,1996.0,133454.0,28481.0,2.344337,0.709607,CHE,GRC,5513
421149,43,90,946,1996.0,27686.0,0.0,0.383975,2.197461,CHN,GRC,5513
421150,58,90,946,1996.0,0.0,40901.0,0.11774200000000001,0.044968,CYP,GRC,5513
421151,59,90,946,1996.0,0.0,98734.0,1.412088,1.171914,CZE,GRC,5513
421152,61,90,946,1996.0,78514.0,478787.0,2.347101,-2.4792799999999997,DEU,GRC,5513
421153,68,90,946,1996.0,2423.0,0.0,-0.405938,-0.209619,EGY,GRC,5513
421154,71,90,946,1996.0,101186.0,0.0,1.157591,1.795643,ESP,GRC,5513
421155,77,90,946,1996.0,213191.0,36550.0,1.571365,1.187529,FRA,GRC,5513
421156,81,90,946,1996.0,307554.0,613887.0,1.948148,0.882453,GBR,GRC,5513
421157,82,90,946,1996.0,0.0,1061.0,0.28868499999999997,0.115705,GEO,GRC,5513
421158,97,90,946,1996.0,22773.0,0.0,0.699041,1.8341720000000001,HKG,GRC,5513
421159,103,90,946,1996.0,3291.0,0.0,-0.25952,1.343972,IDN,GRC,5513
421160,104,90,946,1996.0,35043.0,0.0,0.145769,1.983642,IND,GRC,5513
421161,106,90,946,1996.0,0.0,136775.0,1.476369,1.049152,IRL,GRC,5513
421162,110,90,946,1996.0,27683.0,8056.0,1.159922,1.025777,ISR,GRC,5513
421163,111,90,946,1996.0,148345.0,1910.0,1.591442,0.875201,ITA,GRC,5513
421164,124,90,946,1996.0,2432.0,0.0,-0.09233999999999999,0.127816,LBN,GRC,5513
421165,140,90,946,1996.0,0.0,10242.0,0.36478,0.760475,MKD,GRC,5513
421166,159,90,946,1996.0,0.0,81830.0,-1.9253069999999999,-1.247116,NGA,GRC,5513
421167,162,90,946,1996.0,22557.0,182778.0,1.331177,1.6320430000000001,NLD,GRC,5513
421168,185,90,946,1996.0,0.0,3883.0,0.612166,1.201016,ROU,GRC,5513
421169,188,90,946,1996.0,0.0,24688.0,-0.200762,-1.0419610000000001,SAU,GRC,5513
421170,189,90,946,1996.0,0.0,102287.0,0.699084,2.2900150000000004,SCG,GRC,5513
421171,206,90,946,1996.0,0.0,3930.0,1.1978739999999999,1.426243,SVK,GRC,5513
421172,224,90,946,1996.0,16844.0,8464.0,0.07259700000000001,1.734291,TUR,GRC,5513
421173,231,90,946,1996.0,814665.0,58507.0,1.742391,1.003066,USA,GRC,5513
421174,236,90,946,1996.0,0.0,1761.0,-0.039967,-0.828263,VEN,GRC,5513
421175,8,93,946,1996.0,16037.0,2585.0,0.007199,0.805707,ARG,GTM,5513
421176,14,93,946,1996.0,0.0,4289.0,0.025253,0.6428189999999999,AUS,GTM,5513
421177,15,93,946,1996.0,0.0,1801.0,2.012626,0.395525,AUT,GTM,5513
421178,32,93,946,1996.0,16612.0,0.0,0.8087340000000001,1.370183,BRA,GTM,5513
421179,39,93,946,1996.0,0.0,35210.0,0.970932,1.111111,CAN,GTM,5513
421180,41,93,946,1996.0,15104.0,217325.0,2.344337,0.709607,CHE,GTM,5513
421181,42,93,946,1996.0,2659.0,0.0,-0.161334,-0.301695,CHL,GTM,5513
421182,49,93,946,1996.0,0.0,5432.0,0.070101,0.08847999999999999,COL,GTM,5513
421183,52,93,946,1996.0,0.0,14208.0,-0.23773000000000002,0.101373,CRI,GTM,5513
421184,61,93,946,1996.0,55600.0,49868.0,2.347101,-2.4792799999999997,DEU,GTM,5513
421185,71,93,946,1996.0,10013.0,34751.0,1.157591,1.795643,ESP,GTM,5513
421186,77,93,946,1996.0,2114.0,192227.0,1.571365,1.187529,FRA,GTM,5513
421187,81,93,946,1996.0,86974.0,278940.0,1.948148,0.882453,GBR,GTM,5513
421188,99,93,946,1996.0,11462.0,1533.0,-0.57404,-0.594276,HND,GTM,5513
421189,106,93,946,1996.0,124547.0,0.0,1.476369,1.049152,IRL,GTM,5513
421190,111,93,946,1996.0,4109.0,0.0,1.591442,0.875201,ITA,GTM,5513
421191,114,93,946,1996.0,0.0,180982.0,2.858869,0.477455,JPN,GTM,5513
421192,138,93,946,1996.0,137721.0,362293.0,0.88569,1.044068,MEX,GTM,5513
421193,160,93,946,1996.0,0.0,243453.0,-0.810879,-0.64475,NIC,GTM,5513
421194,197,93,946,1996.0,1335.0,33979.0,-0.228625,-0.150274,SLV,GTM,5513
421195,222,93,946,1996.0,0.0,2764.0,-0.002541,-0.543624,TTO,GTM,5513
421196,231,93,946,1996.0,1381408.0,724373.0,1.742391,1.003066,USA,GTM,5513
421197,249,93,946,1996.0,10212.0,0.0,1.7375779999999998,1.4625860000000002,TWN,GTM,5513
421198,8,97,946,1996.0,0.0,44278.0,0.007199,0.805707,ARG,HKG,5513
421199,14,97,946,1996.0,528239.0,47625.0,0.025253,0.6428189999999999,AUS,HKG,5513
421200,15,97,946,1996.0,1891.0,137819.0,2.012626,0.395525,AUT,HKG,5513
421201,18,97,946,1996.0,19929.0,0.0,1.5604850000000001,1.30819,BEL,HKG,5513
421202,22,97,946,1996.0,0.0,53401.0,-0.751219,-0.9638329999999999,BGD,HKG,5513
421203,32,97,946,1996.0,326901.0,1629750.0,0.8087340000000001,1.370183,BRA,HKG,5513
421204,39,97,946,1996.0,92318.0,127958.0,0.970932,1.111111,CAN,HKG,5513
421205,41,97,946,1996.0,155588.0,0.0,2.344337,0.709607,CHE,HKG,5513
421206,43,97,946,1996.0,17262116.0,687716.0,0.383975,2.197461,CHN,HKG,5513
421207,49,97,946,1996.0,0.0,3195.0,0.070101,0.08847999999999999,COL,HKG,5513
421208,61,97,946,1996.0,180301.0,1309473.0,2.347101,-2.4792799999999997,DEU,HKG,5513
421209,68,97,946,1996.0,5205.0,0.0,-0.405938,-0.209619,EGY,HKG,5513
421210,71,97,946,1996.0,173851.0,653452.0,1.157591,1.795643,ESP,HKG,5513
421211,77,97,946,1996.0,1398256.0,1681876.0,1.571365,1.187529,FRA,HKG,5513
421212,81,97,946,1996.0,1775169.0,3965014.0,1.948148,0.882453,GBR,HKG,5513
421213,85,97,946,1996.0,0.0,36697.0,-1.2720120000000001,-1.150363,GIN,HKG,5513
421214,90,97,946,1996.0,0.0,22773.0,0.21841799999999997,1.081136,GRC,HKG,5513
421215,103,97,946,1996.0,216633.0,757942.0,-0.25952,1.343972,IDN,HKG,5513
421216,104,97,946,1996.0,555076.0,51494.0,0.145769,1.983642,IND,HKG,5513
421217,106,97,946,1996.0,12560.0,0.0,1.476369,1.049152,IRL,HKG,5513
421218,111,97,946,1996.0,161709.0,23723.0,1.591442,0.875201,ITA,HKG,5513
421219,114,97,946,1996.0,205534.0,280214.0,2.858869,0.477455,JPN,HKG,5513
421220,121,97,946,1996.0,1264881.0,57352.0,1.230793,1.0548959999999998,KOR,HKG,5513
421221,128,97,946,1996.0,145441.0,21135.0,-0.71165,-0.320193,LKA,HKG,5513
421222,133,97,946,1996.0,23390.0,704565.0,-0.089625,-0.42184499999999997,MAC,HKG,5513
421223,136,97,946,1996.0,340466.0,0.0,-0.971575,-0.656497,MDG,HKG,5513
421224,138,97,946,1996.0,12041.0,10250.0,0.88569,1.044068,MEX,HKG,5513
421225,141,97,946,1996.0,0.0,22981.0,-0.8623040000000001,-0.991231,MLI,HKG,5513
421226,143,97,946,1996.0,0.0,4712.0,-1.3258219999999998,-1.068414,MMR,HKG,5513
421227,153,97,946,1996.0,51441.0,136900.0,0.5493640000000001,0.248484,MYS,HKG,5513
421228,159,97,946,1996.0,0.0,3135.0,-1.9253069999999999,-1.247116,NGA,HKG,5513
421229,162,97,946,1996.0,47776.0,344806.0,1.331177,1.6320430000000001,NLD,HKG,5513
421230,166,97,946,1996.0,18978.0,0.0,0.404233,0.6724640000000001,NZL,HKG,5513
421231,174,97,946,1996.0,0.0,1498000.0,0.0020329999999999997,0.40715,PHL,HKG,5513
421232,178,97,946,1996.0,37121.0,0.0,0.778948,1.1338979999999999,PRK,HKG,5513
421233,192,97,946,1996.0,545977.0,716543.0,1.288635,0.259061,SGP,HKG,5513
421234,196,97,946,1996.0,0.0,9289.0,-0.0266,-0.390162,SLE,HKG,5513
421235,216,97,946,1996.0,15234214.0,5190866.0,0.26155100000000003,1.146204,THA,HKG,5513
421236,224,97,946,1996.0,0.0,76469.0,0.07259700000000001,1.734291,TUR,HKG,5513
421237,231,97,946,1996.0,13072569.0,1671520.0,1.742391,1.003066,USA,HKG,5513
421238,239,97,946,1996.0,144802.0,27408.0,-0.8099569999999999,-0.032258999999999996,VNM,HKG,5513
421239,246,97,946,1996.0,278754.0,0.0,0.277171,1.489549,ZAF,HKG,5513
421240,249,97,946,1996.0,729356.0,236808.0,1.7375779999999998,1.4625860000000002,TWN,HKG,5513
421241,41,99,946,1996.0,158991.0,0.0,2.344337,0.709607,CHE,HND,5513
421242,42,99,946,1996.0,1799.0,0.0,-0.161334,-0.301695,CHL,HND,5513
421243,49,99,946,1996.0,48740.0,0.0,0.070101,0.08847999999999999,COL,HND,5513
421244,52,99,946,1996.0,5932.0,0.0,-0.23773000000000002,0.101373,CRI,HND,5513
421245,61,99,946,1996.0,8835.0,55488.0,2.347101,-2.4792799999999997,DEU,HND,5513
421246,71,99,946,1996.0,98976.0,0.0,1.157591,1.795643,ESP,HND,5513
421247,77,99,946,1996.0,3904.0,0.0,1.571365,1.187529,FRA,HND,5513
421248,81,99,946,1996.0,0.0,52011.0,1.948148,0.882453,GBR,HND,5513
421249,93,99,946,1996.0,1533.0,11462.0,-0.28699,0.308033,GTM,HND,5513
421250,112,99,946,1996.0,13516.0,0.0,-0.64364,-0.8296379999999999,JAM,HND,5513
421251,138,99,946,1996.0,728842.0,1672.0,0.88569,1.044068,MEX,HND,5513
421252,162,99,946,1996.0,49369.0,0.0,1.331177,1.6320430000000001,NLD,HND,5513
421253,197,99,946,1996.0,47287.0,0.0,-0.228625,-0.150274,SLV,HND,5513
421254,231,99,946,1996.0,2844684.0,125032.0,1.742391,1.003066,USA,HND,5513
421255,7,106,946,1996.0,0.0,43197.0,-0.43356400000000006,-0.8715719999999999,ARE,IRL,5513
421256,8,106,946,1996.0,1320905.0,56973.0,0.007199,0.805707,ARG,IRL,5513
421257,14,106,946,1996.0,20594.0,104955.0,0.025253,0.6428189999999999,AUS,IRL,5513
421258,15,106,946,1996.0,4669.0,0.0,2.012626,0.395525,AUT,IRL,5513
421259,18,106,946,1996.0,0.0,4259.0,1.5604850000000001,1.30819,BEL,IRL,5513
421260,32,106,946,1996.0,14423.0,64236.0,0.8087340000000001,1.370183,BRA,IRL,5513
421261,33,106,946,1996.0,0.0,3791.0,0.599391,0.065208,BRB,IRL,5513
421262,38,106,946,1996.0,4478.0,0.0,-1.094527,-0.901338,CAF,IRL,5513
421263,39,106,946,1996.0,54197.0,140576.0,0.970932,1.111111,CAN,IRL,5513
421264,41,106,946,1996.0,1270279.0,7900476.0,2.344337,0.709607,CHE,IRL,5513
421265,52,106,946,1996.0,0.0,75420.0,-0.23773000000000002,0.101373,CRI,IRL,5513
421266,59,106,946,1996.0,0.0,2900.0,1.412088,1.171914,CZE,IRL,5513
421267,61,106,946,1996.0,783635.0,214173.0,2.347101,-2.4792799999999997,DEU,IRL,5513
421268,64,106,946,1996.0,3499.0,0.0,1.416927,1.401766,DNK,IRL,5513
421269,65,106,946,1996.0,0.0,7937.0,-0.370096,-0.371728,DOM,IRL,5513
421270,67,106,946,1996.0,0.0,8549.0,-1.128953,-0.960469,ECU,IRL,5513
421271,68,106,946,1996.0,13202.0,28826.0,-0.405938,-0.209619,EGY,IRL,5513
421272,71,106,946,1996.0,1269648.0,456713.0,1.157591,1.795643,ESP,IRL,5513
421273,77,106,946,1996.0,4139778.0,3104625.0,1.571365,1.187529,FRA,IRL,5513
421274,81,106,946,1996.0,9331224.0,268482.0,1.948148,0.882453,GBR,IRL,5513
421275,83,106,946,1996.0,0.0,95207.0,-1.037413,-1.019025,GHA,IRL,5513
421276,90,106,946,1996.0,136775.0,0.0,0.21841799999999997,1.081136,GRC,IRL,5513
421277,93,106,946,1996.0,0.0,124547.0,-0.28699,0.308033,GTM,IRL,5513
421278,97,106,946,1996.0,0.0,12560.0,0.699041,1.8341720000000001,HKG,IRL,5513
421279,101,106,946,1996.0,57501.0,0.0,-0.7161029999999999,-0.737263,HTI,IRL,5513
421280,102,106,946,1996.0,0.0,33937.0,0.905526,1.887735,HUN,IRL,5513
421281,103,106,946,1996.0,35359.0,40197.0,-0.25952,1.343972,IDN,IRL,5513
421282,104,106,946,1996.0,0.0,1252.0,0.145769,1.983642,IND,IRL,5513
421283,109,106,946,1996.0,0.0,27782.0,0.10151,-0.44307799999999997,ISL,IRL,5513
421284,110,106,946,1996.0,297138.0,57366.0,1.159922,1.025777,ISR,IRL,5513
421285,111,106,946,1996.0,852090.0,535276.0,1.591442,0.875201,ITA,IRL,5513
421286,112,106,946,1996.0,2730.0,0.0,-0.64364,-0.8296379999999999,JAM,IRL,5513
421287,114,106,946,1996.0,1440.0,1347744.0,2.858869,0.477455,JPN,IRL,5513
421288,121,106,946,1996.0,0.0,86895.0,1.230793,1.0548959999999998,KOR,IRL,5513
421289,122,106,946,1996.0,0.0,34417.0,-0.412797,-1.1335899999999999,KWT,IRL,5513
421290,124,106,946,1996.0,0.0,99073.0,-0.09233999999999999,0.127816,LBN,IRL,5513
421291,134,106,946,1996.0,2118.0,30380.0,-0.56512,-0.31006999999999996,MAR,IRL,5513
421292,136,106,946,1996.0,12331.0,0.0,-0.971575,-0.656497,MDG,IRL,5513
421293,138,106,946,1996.0,101300.0,26743.0,0.88569,1.044068,MEX,IRL,5513
421294,159,106,946,1996.0,0.0,26764.0,-1.9253069999999999,-1.247116,NGA,IRL,5513
421295,162,106,946,1996.0,190038.0,86010.0,1.331177,1.6320430000000001,NLD,IRL,5513
421296,163,106,946,1996.0,43249.0,296851.0,0.8207270000000001,0.043619,NOR,IRL,5513
421297,166,106,946,1996.0,0.0,16943.0,0.404233,0.6724640000000001,NZL,IRL,5513
421298,169,106,946,1996.0,0.0,371101.0,-0.03243,-0.326329,PAN,IRL,5513
421299,174,106,946,1996.0,0.0,5865.0,0.0020329999999999997,0.40715,PHL,IRL,5513
421300,177,106,946,1996.0,7300.0,0.0,0.806283,1.92897,POL,IRL,5513
421301,179,106,946,1996.0,0.0,1404.0,0.49924799999999997,0.9969520000000001,PRT,IRL,5513
421302,183,106,946,1996.0,0.0,7401.0,-0.511976,-1.148631,QAT,IRL,5513
421303,186,106,946,1996.0,6460.0,77644.0,0.505247,0.349848,RUS,IRL,5513
421304,188,106,946,1996.0,0.0,86893.0,-0.200762,-1.0419610000000001,SAU,IRL,5513
421305,192,106,946,1996.0,0.0,7688.0,1.288635,0.259061,SGP,IRL,5513
421306,197,106,946,1996.0,0.0,4789.0,-0.228625,-0.150274,SLV,IRL,5513
421307,206,106,946,1996.0,0.0,14579.0,1.1978739999999999,1.426243,SVK,IRL,5513
421308,208,106,946,1996.0,0.0,4681.0,2.186414,0.848194,SWE,IRL,5513
421309,212,106,946,1996.0,0.0,4897.0,-1.096481,-1.0157260000000001,SYR,IRL,5513
421310,216,106,946,1996.0,0.0,1461.0,0.26155100000000003,1.146204,THA,IRL,5513
421311,222,106,946,1996.0,0.0,12000.0,-0.002541,-0.543624,TTO,IRL,5513
421312,224,106,946,1996.0,0.0,4142.0,0.07259700000000001,1.734291,TUR,IRL,5513
421313,227,106,946,1996.0,0.0,27228.0,-1.105896,-0.910169,UGA,IRL,5513
421314,230,106,946,1996.0,203999.0,0.0,0.182427,0.689738,URY,IRL,5513
421315,231,106,946,1996.0,8582791.0,1117767.0,1.742391,1.003066,USA,IRL,5513
421316,236,106,946,1996.0,0.0,43774.0,-0.039967,-0.828263,VEN,IRL,5513
421317,239,106,946,1996.0,0.0,12409.0,-0.8099569999999999,-0.032258999999999996,VNM,IRL,5513
421318,246,106,946,1996.0,102957.0,378494.0,0.277171,1.489549,ZAF,IRL,5513
421319,248,106,946,1996.0,0.0,65620.0,-0.46458999999999995,-0.273683,ZWE,IRL,5513
421320,250,106,946,1996.0,0.0,103528.0,1.153784,0.831677,ANS,IRL,5513
421321,8,110,946,1996.0,0.0,28376.0,0.007199,0.805707,ARG,ISR,5513
421322,14,110,946,1996.0,9419.0,141595.0,0.025253,0.6428189999999999,AUS,ISR,5513
421323,15,110,946,1996.0,0.0,63279.0,2.012626,0.395525,AUT,ISR,5513
421324,18,110,946,1996.0,0.0,136241.0,1.5604850000000001,1.30819,BEL,ISR,5513
421325,28,110,946,1996.0,0.0,17027.0,0.785274,1.0126899999999999,BLR,ISR,5513
421326,32,110,946,1996.0,491568.0,19948.0,0.8087340000000001,1.370183,BRA,ISR,5513
421327,39,110,946,1996.0,0.0,75466.0,0.970932,1.111111,CAN,ISR,5513
421328,41,110,946,1996.0,27838.0,566158.0,2.344337,0.709607,CHE,ISR,5513
421329,42,110,946,1996.0,0.0,70804.0,-0.161334,-0.301695,CHL,ISR,5513
421330,43,110,946,1996.0,118470.0,0.0,0.383975,2.197461,CHN,ISR,5513
421331,58,110,946,1996.0,56968.0,0.0,0.11774200000000001,0.044968,CYP,ISR,5513
421332,61,110,946,1996.0,107073.0,630603.0,2.347101,-2.4792799999999997,DEU,ISR,5513
421333,64,110,946,1996.0,57379.0,28419.0,1.416927,1.401766,DNK,ISR,5513
421334,67,110,946,1996.0,0.0,5969.0,-1.128953,-0.960469,ECU,ISR,5513
421335,68,110,946,1996.0,13897.0,0.0,-0.405938,-0.209619,EGY,ISR,5513
421336,71,110,946,1996.0,40715.0,139982.0,1.157591,1.795643,ESP,ISR,5513
421337,77,110,946,1996.0,368112.0,402971.0,1.571365,1.187529,FRA,ISR,5513
421338,81,110,946,1996.0,450196.0,587293.0,1.948148,0.882453,GBR,ISR,5513
421339,90,110,946,1996.0,8056.0,27683.0,0.21841799999999997,1.081136,GRC,ISR,5513
421340,100,110,946,1996.0,0.0,13533.0,0.739223,1.3032030000000001,HRV,ISR,5513
421341,102,110,946,1996.0,0.0,1591.0,0.905526,1.887735,HUN,ISR,5513
421342,104,110,946,1996.0,88832.0,32963.0,0.145769,1.983642,IND,ISR,5513
421343,106,110,946,1996.0,57366.0,297138.0,1.476369,1.049152,IRL,ISR,5513
421344,111,110,946,1996.0,47327.0,233478.0,1.591442,0.875201,ITA,ISR,5513
421345,114,110,946,1996.0,0.0,675041.0,2.858869,0.477455,JPN,ISR,5513
421346,115,110,946,1996.0,0.0,11477.0,0.455772,0.16361099999999998,KAZ,ISR,5513
421347,121,110,946,1996.0,0.0,10387.0,1.230793,1.0548959999999998,KOR,ISR,5513
421348,135,110,946,1996.0,17553.0,0.0,0.193705,0.10853,MDA,ISR,5513
421349,138,110,946,1996.0,0.0,1616.0,0.88569,1.044068,MEX,ISR,5513
421350,159,110,946,1996.0,0.0,14304.0,-1.9253069999999999,-1.247116,NGA,ISR,5513
421351,162,110,946,1996.0,666422.0,489319.0,1.331177,1.6320430000000001,NLD,ISR,5513
421352,163,110,946,1996.0,0.0,27180.0,0.8207270000000001,0.043619,NOR,ISR,5513
421353,166,110,946,1996.0,0.0,1263.0,0.404233,0.6724640000000001,NZL,ISR,5513
421354,177,110,946,1996.0,0.0,10894.0,0.806283,1.92897,POL,ISR,5513
421355,185,110,946,1996.0,0.0,29939.0,0.612166,1.201016,ROU,ISR,5513
421356,186,110,946,1996.0,0.0,42762.0,0.505247,0.349848,RUS,ISR,5513
421357,189,110,946,1996.0,0.0,4610.0,0.699084,2.2900150000000004,SCG,ISR,5513
421358,192,110,946,1996.0,68563.0,54375.0,1.288635,0.259061,SGP,ISR,5513
421359,207,110,946,1996.0,0.0,9330.0,1.352015,1.396593,SVN,ISR,5513
421360,208,110,946,1996.0,0.0,5814.0,2.186414,0.848194,SWE,ISR,5513
421361,216,110,946,1996.0,0.0,109920.0,0.26155100000000003,1.146204,THA,ISR,5513
421362,224,110,946,1996.0,7633.0,39167.0,0.07259700000000001,1.734291,TUR,ISR,5513
421363,228,110,946,1996.0,0.0,1909.0,0.7582479999999999,1.1207340000000001,UKR,ISR,5513
421364,230,110,946,1996.0,49201.0,0.0,0.182427,0.689738,URY,ISR,5513
421365,231,110,946,1996.0,1445100.0,6073139.0,1.742391,1.003066,USA,ISR,5513
421366,239,110,946,1996.0,314355.0,0.0,-0.8099569999999999,-0.032258999999999996,VNM,ISR,5513
421367,246,110,946,1996.0,0.0,40987.0,0.277171,1.489549,ZAF,ISR,5513
421368,249,110,946,1996.0,48606.0,4007.0,1.7375779999999998,1.4625860000000002,TWN,ISR,5513
421369,250,110,946,1996.0,258908.0,14015.0,1.153784,0.831677,ANS,ISR,5513
421370,2,111,946,1996.0,0.0,1436.0,-2.314454,-1.236453,AGO,ITA,5513
421371,4,111,946,1996.0,73949.0,16834.0,-0.42357399999999995,0.090179,ALB,ITA,5513
421372,7,111,946,1996.0,0.0,283122.0,-0.43356400000000006,-0.8715719999999999,ARE,ITA,5513
421373,8,111,946,1996.0,0.0,59438.0,0.007199,0.805707,ARG,ITA,5513
421374,14,111,946,1996.0,93894.0,426912.0,0.025253,0.6428189999999999,AUS,ITA,5513
421375,15,111,946,1996.0,203388.0,135674.0,2.012626,0.395525,AUT,ITA,5513
421376,18,111,946,1996.0,102338.0,688369.0,1.5604850000000001,1.30819,BEL,ITA,5513
421377,23,111,946,1996.0,41260.0,13648.0,0.510789,1.749248,BGR,ITA,5513
421378,32,111,946,1996.0,340635.0,140304.0,0.8087340000000001,1.370183,BRA,ITA,5513
421379,39,111,946,1996.0,7732.0,266608.0,0.970932,1.111111,CAN,ITA,5513
421380,41,111,946,1996.0,1399357.0,6176158.0,2.344337,0.709607,CHE,ITA,5513
421381,42,111,946,1996.0,21222.0,0.0,-0.161334,-0.301695,CHL,ITA,5513
421382,43,111,946,1996.0,320539.0,29878.0,0.383975,2.197461,CHN,ITA,5513
421383,44,111,946,1996.0,0.0,5421.0,-0.890915,-0.8165399999999999,CIV,ITA,5513
421384,49,111,946,1996.0,0.0,6340.0,0.070101,0.08847999999999999,COL,ITA,5513
421385,52,111,946,1996.0,0.0,5396.0,-0.23773000000000002,0.101373,CRI,ITA,5513
421386,58,111,946,1996.0,0.0,165300.0,0.11774200000000001,0.044968,CYP,ITA,5513
421387,59,111,946,1996.0,4098.0,69616.0,1.412088,1.171914,CZE,ITA,5513
421388,61,111,946,1996.0,502485.0,6148658.0,2.347101,-2.4792799999999997,DEU,ITA,5513
421389,64,111,946,1996.0,74157.0,245406.0,1.416927,1.401766,DNK,ITA,5513
421390,66,111,946,1996.0,0.0,89337.0,-0.478062,-1.107679,DZA,ITA,5513
421391,67,111,946,1996.0,0.0,271110.0,-1.128953,-0.960469,ECU,ITA,5513
421392,68,111,946,1996.0,5368.0,121727.0,-0.405938,-0.209619,EGY,ITA,5513
421393,71,111,946,1996.0,771867.0,1553178.0,1.157591,1.795643,ESP,ITA,5513
421394,72,111,946,1996.0,0.0,1092.0,0.445854,1.115429,EST,ITA,5513
421395,73,111,946,1996.0,5044.0,7652.0,-1.072519,-1.169486,ETH,ITA,5513
421396,74,111,946,1996.0,0.0,2285.0,2.007619,1.016303,FIN,ITA,5513
421397,77,111,946,1996.0,6147626.0,9820904.0,1.571365,1.187529,FRA,ITA,5513
421398,81,111,946,1996.0,2391188.0,10748963.0,1.948148,0.882453,GBR,ITA,5513
421399,90,111,946,1996.0,1910.0,148345.0,0.21841799999999997,1.081136,GRC,ITA,5513
421400,93,111,946,1996.0,0.0,4109.0,-0.28699,0.308033,GTM,ITA,5513
421401,97,111,946,1996.0,23723.0,161709.0,0.699041,1.8341720000000001,HKG,ITA,5513
421402,100,111,946,1996.0,33148.0,29008.0,0.739223,1.3032030000000001,HRV,ITA,5513
421403,102,111,946,1996.0,6948.0,69488.0,0.905526,1.887735,HUN,ITA,5513
421404,103,111,946,1996.0,115942.0,169028.0,-0.25952,1.343972,IDN,ITA,5513
421405,104,111,946,1996.0,279218.0,297845.0,0.145769,1.983642,IND,ITA,5513
421406,106,111,946,1996.0,535276.0,852090.0,1.476369,1.049152,IRL,ITA,5513
421407,107,111,946,1996.0,2726.0,0.0,-1.0058129999999998,-1.215661,IRN,ITA,5513
421408,110,111,946,1996.0,233478.0,47327.0,1.159922,1.025777,ISR,ITA,5513
421409,114,111,946,1996.0,10047.0,1989886.0,2.858869,0.477455,JPN,ITA,5513
421410,121,111,946,1996.0,0.0,44770.0,1.230793,1.0548959999999998,KOR,ITA,5513
421411,126,111,946,1996.0,0.0,14987.0,-0.482066,-1.163722,LBY,ITA,5513
421412,128,111,946,1996.0,53874.0,4076.0,-0.71165,-0.320193,LKA,ITA,5513
421413,132,111,946,1996.0,0.0,15501.0,0.255258,0.42505299999999996,LVA,ITA,5513
421414,134,111,946,1996.0,46735.0,22640.0,-0.56512,-0.31006999999999996,MAR,ITA,5513
421415,136,111,946,1996.0,0.0,1293.0,-0.971575,-0.656497,MDG,ITA,5513
421416,138,111,946,1996.0,9567.0,43771.0,0.88569,1.044068,MEX,ITA,5513
421417,142,111,946,1996.0,0.0,95825.0,1.245592,0.446754,MLT,ITA,5513
421418,145,111,946,1996.0,0.0,1508.0,-0.279007,-0.948549,MNG,ITA,5513
421419,159,111,946,1996.0,0.0,31595.0,-1.9253069999999999,-1.247116,NGA,ITA,5513
421420,162,111,946,1996.0,290503.0,1952282.0,1.331177,1.6320430000000001,NLD,ITA,5513
421421,163,111,946,1996.0,0.0,23258.0,0.8207270000000001,0.043619,NOR,ITA,5513
421422,166,111,946,1996.0,7314.0,32423.0,0.404233,0.6724640000000001,NZL,ITA,5513
421423,168,111,946,1996.0,0.0,16558.0,-0.759362,-0.541712,PAK,ITA,5513
421424,173,111,946,1996.0,0.0,17804.0,-0.374308,-0.36733499999999997,PER,ITA,5513
421425,174,111,946,1996.0,0.0,3910.0,0.0020329999999999997,0.40715,PHL,ITA,5513
421426,177,111,946,1996.0,0.0,535871.0,0.806283,1.92897,POL,ITA,5513
421427,179,111,946,1996.0,0.0,35764.0,0.49924799999999997,0.9969520000000001,PRT,ITA,5513
421428,180,111,946,1996.0,39565.0,1993.0,-0.667054,-0.648122,PRY,ITA,5513
421429,182,111,946,1996.0,0.0,1387.0,0.9221219999999999,-0.317411,PYF,ITA,5513
421430,185,111,946,1996.0,0.0,17108.0,0.612166,1.201016,ROU,ITA,5513
421431,186,111,946,1996.0,3327.0,99024.0,0.505247,0.349848,RUS,ITA,5513
421432,188,111,946,1996.0,0.0,445063.0,-0.200762,-1.0419610000000001,SAU,ITA,5513
421433,189,111,946,1996.0,39540.0,81914.0,0.699084,2.2900150000000004,SCG,ITA,5513
421434,192,111,946,1996.0,6328.0,158775.0,1.288635,0.259061,SGP,ITA,5513
421435,206,111,946,1996.0,0.0,30188.0,1.1978739999999999,1.426243,SVK,ITA,5513
421436,207,111,946,1996.0,130994.0,205952.0,1.352015,1.396593,SVN,ITA,5513
421437,208,111,946,1996.0,8012.0,140472.0,2.186414,0.848194,SWE,ITA,5513
421438,212,111,946,1996.0,0.0,24999.0,-1.096481,-1.0157260000000001,SYR,ITA,5513
421439,216,111,946,1996.0,0.0,3803.0,0.26155100000000003,1.146204,THA,ITA,5513
421440,223,111,946,1996.0,17298.0,18457.0,-0.250917,-0.057383,TUN,ITA,5513
421441,224,111,946,1996.0,0.0,378746.0,0.07259700000000001,1.734291,TUR,ITA,5513
421442,231,111,946,1996.0,1888658.0,7213028.0,1.742391,1.003066,USA,ITA,5513
421443,236,111,946,1996.0,0.0,495895.0,-0.039967,-0.828263,VEN,ITA,5513
421444,239,111,946,1996.0,3487770.0,4549.0,-0.8099569999999999,-0.032258999999999996,VNM,ITA,5513
421445,246,111,946,1996.0,0.0,167397.0,0.277171,1.489549,ZAF,ITA,5513
421446,249,111,946,1996.0,298024.0,40305.0,1.7375779999999998,1.4625860000000002,TWN,ITA,5513
421447,250,111,946,1996.0,165507.0,1120.0,1.153784,0.831677,ANS,ITA,5513
421448,14,121,946,1996.0,77633.0,4898.0,0.025253,0.6428189999999999,AUS,KOR,5513
421449,15,121,946,1996.0,3181.0,0.0,2.012626,0.395525,AUT,KOR,5513
421450,32,121,946,1996.0,82944.0,14364.0,0.8087340000000001,1.370183,BRA,KOR,5513
421451,39,121,946,1996.0,2094.0,0.0,0.970932,1.111111,CAN,KOR,5513
421452,41,121,946,1996.0,46817.0,0.0,2.344337,0.709607,CHE,KOR,5513
421453,43,121,946,1996.0,221948.0,141548.0,0.383975,2.197461,CHN,KOR,5513
421454,49,121,946,1996.0,0.0,1850.0,0.070101,0.08847999999999999,COL,KOR,5513
421455,61,121,946,1996.0,300832.0,1973.0,2.347101,-2.4792799999999997,DEU,KOR,5513
421456,64,121,946,1996.0,2748.0,4397.0,1.416927,1.401766,DNK,KOR,5513
421457,71,121,946,1996.0,4144255.0,5954.0,1.157591,1.795643,ESP,KOR,5513
421458,77,121,946,1996.0,467318.0,10184.0,1.571365,1.187529,FRA,KOR,5513
421459,81,121,946,1996.0,461190.0,3491.0,1.948148,0.882453,GBR,KOR,5513
421460,97,121,946,1996.0,57352.0,1264881.0,0.699041,1.8341720000000001,HKG,KOR,5513
421461,103,121,946,1996.0,15174.0,0.0,-0.25952,1.343972,IDN,KOR,5513
421462,104,121,946,1996.0,1330913.0,62461.0,0.145769,1.983642,IND,KOR,5513
421463,106,121,946,1996.0,86895.0,0.0,1.476369,1.049152,IRL,KOR,5513
421464,110,121,946,1996.0,10387.0,0.0,1.159922,1.025777,ISR,KOR,5513
421465,111,121,946,1996.0,44770.0,0.0,1.591442,0.875201,ITA,KOR,5513
421466,114,121,946,1996.0,513848.0,0.0,2.858869,0.477455,JPN,KOR,5513
421467,134,121,946,1996.0,61065.0,0.0,-0.56512,-0.31006999999999996,MAR,KOR,5513
421468,138,121,946,1996.0,27426.0,0.0,0.88569,1.044068,MEX,KOR,5513
421469,145,121,946,1996.0,0.0,68655.0,-0.279007,-0.948549,MNG,KOR,5513
421470,162,121,946,1996.0,76637.0,0.0,1.331177,1.6320430000000001,NLD,KOR,5513
421471,166,121,946,1996.0,4468.0,1505.0,0.404233,0.6724640000000001,NZL,KOR,5513
421472,174,121,946,1996.0,0.0,69578.0,0.0020329999999999997,0.40715,PHL,KOR,5513
421473,186,121,946,1996.0,22877.0,0.0,0.505247,0.349848,RUS,KOR,5513
421474,192,121,946,1996.0,161836.0,0.0,1.288635,0.259061,SGP,KOR,5513
421475,224,121,946,1996.0,0.0,16584.0,0.07259700000000001,1.734291,TUR,KOR,5513
421476,231,121,946,1996.0,4891318.0,2247.0,1.742391,1.003066,USA,KOR,5513
421477,239,121,946,1996.0,0.0,19661.0,-0.8099569999999999,-0.032258999999999996,VNM,KOR,5513
421478,246,121,946,1996.0,0.0,6004.0,0.277171,1.489549,ZAF,KOR,5513
421479,249,121,946,1996.0,3650.0,68015.0,1.7375779999999998,1.4625860000000002,TWN,KOR,5513
421480,250,121,946,1996.0,39730.0,0.0,1.153784,0.831677,ANS,KOR,5513
421481,8,138,946,1996.0,836784.0,23700.0,0.007199,0.805707,ARG,MEX,5513
421482,14,138,946,1996.0,0.0,18187.0,0.025253,0.6428189999999999,AUS,MEX,5513
421483,15,138,946,1996.0,0.0,26115.0,2.012626,0.395525,AUT,MEX,5513
421484,18,138,946,1996.0,0.0,1639.0,1.5604850000000001,1.30819,BEL,MEX,5513
421485,32,138,946,1996.0,267015.0,643681.0,0.8087340000000001,1.370183,BRA,MEX,5513
421486,39,138,946,1996.0,350061.0,167288.0,0.970932,1.111111,CAN,MEX,5513
421487,41,138,946,1996.0,689284.0,152087.0,2.344337,0.709607,CHE,MEX,5513
421488,42,138,946,1996.0,0.0,59983.0,-0.161334,-0.301695,CHL,MEX,5513
421489,43,138,946,1996.0,1514930.0,5090.0,0.383975,2.197461,CHN,MEX,5513
421490,49,138,946,1996.0,3784.0,96895.0,0.070101,0.08847999999999999,COL,MEX,5513
421491,52,138,946,1996.0,0.0,35676.0,-0.23773000000000002,0.101373,CRI,MEX,5513
421492,54,138,946,1996.0,139586.0,1372.0,-0.7669229999999999,-1.140361,CUB,MEX,5513
421493,61,138,946,1996.0,633618.0,585064.0,2.347101,-2.4792799999999997,DEU,MEX,5513
421494,65,138,946,1996.0,1028.0,251076.0,-0.370096,-0.371728,DOM,MEX,5513
421495,67,138,946,1996.0,0.0,66740.0,-1.128953,-0.960469,ECU,MEX,5513
421496,68,138,946,1996.0,11219.0,0.0,-0.405938,-0.209619,EGY,MEX,5513
421497,71,138,946,1996.0,728275.0,52477.0,1.157591,1.795643,ESP,MEX,5513
421498,77,138,946,1996.0,884701.0,162281.0,1.571365,1.187529,FRA,MEX,5513
421499,81,138,946,1996.0,479302.0,4779888.0,1.948148,0.882453,GBR,MEX,5513
421500,93,138,946,1996.0,362293.0,137721.0,-0.28699,0.308033,GTM,MEX,5513
421501,97,138,946,1996.0,10250.0,12041.0,0.699041,1.8341720000000001,HKG,MEX,5513
421502,99,138,946,1996.0,1672.0,728842.0,-0.57404,-0.594276,HND,MEX,5513
421503,101,138,946,1996.0,19796.0,0.0,-0.7161029999999999,-0.737263,HTI,MEX,5513
421504,103,138,946,1996.0,1024910.0,21096.0,-0.25952,1.343972,IDN,MEX,5513
421505,104,138,946,1996.0,363380.0,16608.0,0.145769,1.983642,IND,MEX,5513
421506,106,138,946,1996.0,26743.0,101300.0,1.476369,1.049152,IRL,MEX,5513
421507,110,138,946,1996.0,1616.0,0.0,1.159922,1.025777,ISR,MEX,5513
421508,111,138,946,1996.0,43771.0,9567.0,1.591442,0.875201,ITA,MEX,5513
421509,112,138,946,1996.0,21946.0,0.0,-0.64364,-0.8296379999999999,JAM,MEX,5513
421510,114,138,946,1996.0,103239.0,402714.0,2.858869,0.477455,JPN,MEX,5513
421511,121,138,946,1996.0,0.0,27426.0,1.230793,1.0548959999999998,KOR,MEX,5513
421512,128,138,946,1996.0,41565.0,0.0,-0.71165,-0.320193,LKA,MEX,5513
421513,162,138,946,1996.0,50463.0,116297.0,1.331177,1.6320430000000001,NLD,MEX,5513
421514,169,138,946,1996.0,0.0,488121.0,-0.03243,-0.326329,PAN,MEX,5513
421515,173,138,946,1996.0,4827.0,71444.0,-0.374308,-0.36733499999999997,PER,MEX,5513
421516,180,138,946,1996.0,63984.0,0.0,-0.667054,-0.648122,PRY,MEX,5513
421517,186,138,946,1996.0,2918.0,0.0,0.505247,0.349848,RUS,MEX,5513
421518,192,138,946,1996.0,59018.0,77576.0,1.288635,0.259061,SGP,MEX,5513
421519,197,138,946,1996.0,1068.0,23839.0,-0.228625,-0.150274,SLV,MEX,5513
421520,230,138,946,1996.0,0.0,4044.0,0.182427,0.689738,URY,MEX,5513
421521,231,138,946,1996.0,27437550.0,20139256.0,1.742391,1.003066,USA,MEX,5513
421522,236,138,946,1996.0,1971.0,51394.0,-0.039967,-0.828263,VEN,MEX,5513
421523,239,138,946,1996.0,67671.0,0.0,-0.8099569999999999,-0.032258999999999996,VNM,MEX,5513
421524,249,138,946,1996.0,69318.0,0.0,1.7375779999999998,1.4625860000000002,TWN,MEX,5513
421525,250,138,946,1996.0,24755.0,0.0,1.153784,0.831677,ANS,MEX,5513
421526,14,153,946,1996.0,169684.0,16002.0,0.025253,0.6428189999999999,AUS,MYS,5513
421527,15,153,946,1996.0,3622.0,0.0,2.012626,0.395525,AUT,MYS,5513
421528,24,153,946,1996.0,0.0,9236.0,-0.359199,-0.9925,BHR,MYS,5513
421529,32,153,946,1996.0,99313.0,0.0,0.8087340000000001,1.370183,BRA,MYS,5513
421530,41,153,946,1996.0,5495.0,0.0,2.344337,0.709607,CHE,MYS,5513
421531,43,153,946,1996.0,241321.0,22021.0,0.383975,2.197461,CHN,MYS,5513
421532,61,153,946,1996.0,40724.0,0.0,2.347101,-2.4792799999999997,DEU,MYS,5513
421533,68,153,946,1996.0,2650.0,0.0,-0.405938,-0.209619,EGY,MYS,5513
421534,71,153,946,1996.0,54037.0,0.0,1.157591,1.795643,ESP,MYS,5513
421535,77,153,946,1996.0,79718.0,93374.0,1.571365,1.187529,FRA,MYS,5513
421536,81,153,946,1996.0,248005.0,67894.0,1.948148,0.882453,GBR,MYS,5513
421537,97,153,946,1996.0,136900.0,51441.0,0.699041,1.8341720000000001,HKG,MYS,5513
421538,103,153,946,1996.0,244002.0,12267.0,-0.25952,1.343972,IDN,MYS,5513
421539,104,153,946,1996.0,16437.0,54691.0,0.145769,1.983642,IND,MYS,5513
421540,114,153,946,1996.0,369333.0,0.0,2.858869,0.477455,JPN,MYS,5513
421541,128,153,946,1996.0,4085.0,0.0,-0.71165,-0.320193,LKA,MYS,5513
421542,162,153,946,1996.0,28521.0,12820.0,1.331177,1.6320430000000001,NLD,MYS,5513
421543,166,153,946,1996.0,1906.0,0.0,0.404233,0.6724640000000001,NZL,MYS,5513
421544,188,153,946,1996.0,0.0,17978.0,-0.200762,-1.0419610000000001,SAU,MYS,5513
421545,192,153,946,1996.0,1102341.0,98192.0,1.288635,0.259061,SGP,MYS,5513
421546,216,153,946,1996.0,25017.0,8985.0,0.26155100000000003,1.146204,THA,MYS,5513
421547,231,153,946,1996.0,1042517.0,0.0,1.742391,1.003066,USA,MYS,5513
421548,239,153,946,1996.0,0.0,4447.0,-0.8099569999999999,-0.032258999999999996,VNM,MYS,5513
421549,249,153,946,1996.0,23268.0,2292.0,1.7375779999999998,1.4625860000000002,TWN,MYS,5513
421550,8,162,946,1996.0,1801805.0,84883.0,0.007199,0.805707,ARG,NLD,5513
421551,14,162,946,1996.0,35063.0,86346.0,0.025253,0.6428189999999999,AUS,NLD,5513
421552,15,162,946,1996.0,206228.0,38107.0,2.012626,0.395525,AUT,NLD,5513
421553,18,162,946,1996.0,403149.0,266799.0,1.5604850000000001,1.30819,BEL,NLD,5513
421554,21,162,946,1996.0,5206.0,0.0,-0.6722739999999999,-0.9167639999999999,BFA,NLD,5513
421555,22,162,946,1996.0,0.0,13063.0,-0.751219,-0.9638329999999999,BGD,NLD,5513
421556,23,162,946,1996.0,116644.0,0.0,0.510789,1.749248,BGR,NLD,5513
421557,32,162,946,1996.0,7028936.0,249288.0,0.8087340000000001,1.370183,BRA,NLD,5513
421558,39,162,946,1996.0,358484.0,44024.0,0.970932,1.111111,CAN,NLD,5513
421559,41,162,946,1996.0,104744.0,194884.0,2.344337,0.709607,CHE,NLD,5513
421560,43,162,946,1996.0,2575202.0,188863.0,0.383975,2.197461,CHN,NLD,5513
421561,45,162,946,1996.0,0.0,15951.0,-1.172534,-1.099308,CMR,NLD,5513
421562,54,162,946,1996.0,369679.0,0.0,-0.7669229999999999,-1.140361,CUB,NLD,5513
421563,58,162,946,1996.0,7801.0,0.0,0.11774200000000001,0.044968,CYP,NLD,5513
421564,59,162,946,1996.0,0.0,49910.0,1.412088,1.171914,CZE,NLD,5513
421565,61,162,946,1996.0,3191424.0,3372678.0,2.347101,-2.4792799999999997,DEU,NLD,5513
421566,64,162,946,1996.0,152426.0,69900.0,1.416927,1.401766,DNK,NLD,5513
421567,66,162,946,1996.0,0.0,2475.0,-0.478062,-1.107679,DZA,NLD,5513
421568,68,162,946,1996.0,36810.0,118315.0,-0.405938,-0.209619,EGY,NLD,5513
421569,71,162,946,1996.0,1489100.0,372998.0,1.157591,1.795643,ESP,NLD,5513
421570,72,162,946,1996.0,0.0,14160.0,0.445854,1.115429,EST,NLD,5513
421571,74,162,946,1996.0,0.0,125536.0,2.007619,1.016303,FIN,NLD,5513
421572,77,162,946,1996.0,5492810.0,1186648.0,1.571365,1.187529,FRA,NLD,5513
421573,80,162,946,1996.0,0.0,4093.0,-2.043879,-1.244397,GAB,NLD,5513
421574,81,162,946,1996.0,2703812.0,1004725.0,1.948148,0.882453,GBR,NLD,5513
421575,83,162,946,1996.0,0.0,7889.0,-1.037413,-1.019025,GHA,NLD,5513
421576,85,162,946,1996.0,1072.0,0.0,-1.2720120000000001,-1.150363,GIN,NLD,5513
421577,90,162,946,1996.0,182778.0,22557.0,0.21841799999999997,1.081136,GRC,NLD,5513
421578,97,162,946,1996.0,344806.0,47776.0,0.699041,1.8341720000000001,HKG,NLD,5513
421579,99,162,946,1996.0,0.0,49369.0,-0.57404,-0.594276,HND,NLD,5513
421580,100,162,946,1996.0,0.0,3405.0,0.739223,1.3032030000000001,HRV,NLD,5513
421581,102,162,946,1996.0,0.0,16787.0,0.905526,1.887735,HUN,NLD,5513
421582,103,162,946,1996.0,568170.0,411568.0,-0.25952,1.343972,IDN,NLD,5513
421583,104,162,946,1996.0,615235.0,499871.0,0.145769,1.983642,IND,NLD,5513
421584,106,162,946,1996.0,86010.0,190038.0,1.476369,1.049152,IRL,NLD,5513
421585,107,162,946,1996.0,0.0,18565.0,-1.0058129999999998,-1.215661,IRN,NLD,5513
421586,109,162,946,1996.0,0.0,4024.0,0.10151,-0.44307799999999997,ISL,NLD,5513
421587,110,162,946,1996.0,489319.0,666422.0,1.159922,1.025777,ISR,NLD,5513
421588,111,162,946,1996.0,1952282.0,290503.0,1.591442,0.875201,ITA,NLD,5513
421589,114,162,946,1996.0,48631.0,2726062.0,2.858869,0.477455,JPN,NLD,5513
421590,121,162,946,1996.0,0.0,76637.0,1.230793,1.0548959999999998,KOR,NLD,5513
421591,128,162,946,1996.0,56198.0,0.0,-0.71165,-0.320193,LKA,NLD,5513
421592,134,162,946,1996.0,78731.0,0.0,-0.56512,-0.31006999999999996,MAR,NLD,5513
421593,135,162,946,1996.0,58370.0,0.0,0.193705,0.10853,MDA,NLD,5513
421594,138,162,946,1996.0,116297.0,50463.0,0.88569,1.044068,MEX,NLD,5513
421595,142,162,946,1996.0,0.0,2573.0,1.245592,0.446754,MLT,NLD,5513
421596,153,162,946,1996.0,12820.0,28521.0,0.5493640000000001,0.248484,MYS,NLD,5513
421597,159,162,946,1996.0,0.0,70758.0,-1.9253069999999999,-1.247116,NGA,NLD,5513
421598,160,162,946,1996.0,0.0,1757.0,-0.810879,-0.64475,NIC,NLD,5513
421599,163,162,946,1996.0,0.0,57415.0,0.8207270000000001,0.043619,NOR,NLD,5513
421600,166,162,946,1996.0,0.0,2313.0,0.404233,0.6724640000000001,NZL,NLD,5513
421601,173,162,946,1996.0,1063396.0,0.0,-0.374308,-0.36733499999999997,PER,NLD,5513
421602,174,162,946,1996.0,0.0,323876.0,0.0020329999999999997,0.40715,PHL,NLD,5513
421603,177,162,946,1996.0,0.0,14748.0,0.806283,1.92897,POL,NLD,5513
421604,179,162,946,1996.0,0.0,10543.0,0.49924799999999997,0.9969520000000001,PRT,NLD,5513
421605,180,162,946,1996.0,988465.0,0.0,-0.667054,-0.648122,PRY,NLD,5513
421606,186,162,946,1996.0,47076.0,123825.0,0.505247,0.349848,RUS,NLD,5513
421607,188,162,946,1996.0,0.0,317589.0,-0.200762,-1.0419610000000001,SAU,NLD,5513
421608,189,162,946,1996.0,9642.0,10578.0,0.699084,2.2900150000000004,SCG,NLD,5513
421609,192,162,946,1996.0,388070.0,170230.0,1.288635,0.259061,SGP,NLD,5513
421610,205,162,946,1996.0,0.0,1519.0,-1.062804,-0.893763,SUR,NLD,5513
421611,206,162,946,1996.0,0.0,25183.0,1.1978739999999999,1.426243,SVK,NLD,5513
421612,207,162,946,1996.0,80441.0,25468.0,1.352015,1.396593,SVN,NLD,5513
421613,208,162,946,1996.0,34292.0,218209.0,2.186414,0.848194,SWE,NLD,5513
421614,215,162,946,1996.0,0.0,12154.0,-0.879626,-0.748842,TGO,NLD,5513
421615,216,162,946,1996.0,3156.0,5123.0,0.26155100000000003,1.146204,THA,NLD,5513
421616,222,162,946,1996.0,0.0,2279.0,-0.002541,-0.543624,TTO,NLD,5513
421617,223,162,946,1996.0,0.0,13415.0,-0.250917,-0.057383,TUN,NLD,5513
421618,224,162,946,1996.0,42511.0,7102.0,0.07259700000000001,1.734291,TUR,NLD,5513
421619,228,162,946,1996.0,30419.0,20062.0,0.7582479999999999,1.1207340000000001,UKR,NLD,5513
421620,230,162,946,1996.0,24743.0,0.0,0.182427,0.689738,URY,NLD,5513
421621,231,162,946,1996.0,12596867.0,2715056.0,1.742391,1.003066,USA,NLD,5513
421622,236,162,946,1996.0,0.0,2487.0,-0.039967,-0.828263,VEN,NLD,5513
421623,239,162,946,1996.0,131599.0,0.0,-0.8099569999999999,-0.032258999999999996,VNM,NLD,5513
421624,246,162,946,1996.0,212093.0,400542.0,0.277171,1.489549,ZAF,NLD,5513
421625,249,162,946,1996.0,0.0,4880.0,1.7375779999999998,1.4625860000000002,TWN,NLD,5513
421626,250,162,946,1996.0,0.0,1386.0,1.153784,0.831677,ANS,NLD,5513
421627,14,163,946,1996.0,13052.0,0.0,0.025253,0.6428189999999999,AUS,NOR,5513
421628,15,163,946,1996.0,1873.0,0.0,2.012626,0.395525,AUT,NOR,5513
421629,18,163,946,1996.0,0.0,8950.0,1.5604850000000001,1.30819,BEL,NOR,5513
421630,32,163,946,1996.0,223638.0,0.0,0.8087340000000001,1.370183,BRA,NOR,5513
421631,39,163,946,1996.0,0.0,18332.0,0.970932,1.111111,CAN,NOR,5513
421632,41,163,946,1996.0,48702.0,5170.0,2.344337,0.709607,CHE,NOR,5513
421633,43,163,946,1996.0,3310.0,0.0,0.383975,2.197461,CHN,NOR,5513
421634,59,163,946,1996.0,0.0,48159.0,1.412088,1.171914,CZE,NOR,5513
421635,61,163,946,1996.0,134051.0,2018.0,2.347101,-2.4792799999999997,DEU,NOR,5513
421636,64,163,946,1996.0,117370.0,0.0,1.416927,1.401766,DNK,NOR,5513
421637,68,163,946,1996.0,2556.0,0.0,-0.405938,-0.209619,EGY,NOR,5513
421638,71,163,946,1996.0,20578.0,0.0,1.157591,1.795643,ESP,NOR,5513
421639,74,163,946,1996.0,5951.0,54880.0,2.007619,1.016303,FIN,NOR,5513
421640,77,163,946,1996.0,40053.0,18615.0,1.571365,1.187529,FRA,NOR,5513
421641,81,163,946,1996.0,262476.0,17114.0,1.948148,0.882453,GBR,NOR,5513
421642,106,163,946,1996.0,296851.0,43249.0,1.476369,1.049152,IRL,NOR,5513
421643,107,163,946,1996.0,1367.0,0.0,-1.0058129999999998,-1.215661,IRN,NOR,5513
421644,109,163,946,1996.0,17201.0,2604.0,0.10151,-0.44307799999999997,ISL,NOR,5513
421645,110,163,946,1996.0,27180.0,0.0,1.159922,1.025777,ISR,NOR,5513
421646,111,163,946,1996.0,23258.0,0.0,1.591442,0.875201,ITA,NOR,5513
421647,114,163,946,1996.0,12738.0,0.0,2.858869,0.477455,JPN,NOR,5513
421648,134,163,946,1996.0,1059.0,0.0,-0.56512,-0.31006999999999996,MAR,NOR,5513
421649,162,163,946,1996.0,57415.0,0.0,1.331177,1.6320430000000001,NLD,NOR,5513
421650,208,163,946,1996.0,165129.0,27115.0,2.186414,0.848194,SWE,NOR,5513
421651,224,163,946,1996.0,152606.0,0.0,0.07259700000000001,1.734291,TUR,NOR,5513
421652,231,163,946,1996.0,148216.0,0.0,1.742391,1.003066,USA,NOR,5513
421653,39,169,946,1996.0,1488.0,0.0,0.970932,1.111111,CAN,PAN,5513
421654,41,169,946,1996.0,32094.0,0.0,2.344337,0.709607,CHE,PAN,5513
421655,49,169,946,1996.0,18744.0,7090.0,0.070101,0.08847999999999999,COL,PAN,5513
421656,52,169,946,1996.0,4434.0,0.0,-0.23773000000000002,0.101373,CRI,PAN,5513
421657,61,169,946,1996.0,46090.0,0.0,2.347101,-2.4792799999999997,DEU,PAN,5513
421658,67,169,946,1996.0,0.0,1054.0,-1.128953,-0.960469,ECU,PAN,5513
421659,71,169,946,1996.0,63770.0,0.0,1.157591,1.795643,ESP,PAN,5513
421660,77,169,946,1996.0,8213.0,0.0,1.571365,1.187529,FRA,PAN,5513
421661,81,169,946,1996.0,2314.0,12301.0,1.948148,0.882453,GBR,PAN,5513
421662,106,169,946,1996.0,371101.0,0.0,1.476369,1.049152,IRL,PAN,5513
421663,112,169,946,1996.0,9447.0,0.0,-0.64364,-0.8296379999999999,JAM,PAN,5513
421664,138,169,946,1996.0,488121.0,0.0,0.88569,1.044068,MEX,PAN,5513
421665,197,169,946,1996.0,12517.0,3882.0,-0.228625,-0.150274,SLV,PAN,5513
421666,231,169,946,1996.0,221747.0,0.0,1.742391,1.003066,USA,PAN,5513
421667,250,169,946,1996.0,1766968.0,0.0,1.153784,0.831677,ANS,PAN,5513
421668,8,173,946,1996.0,180989.0,1257.0,0.007199,0.805707,ARG,PER,5513
421669,18,173,946,1996.0,2640.0,0.0,1.5604850000000001,1.30819,BEL,PER,5513
421670,32,173,946,1996.0,123002.0,0.0,0.8087340000000001,1.370183,BRA,PER,5513
421671,39,173,946,1996.0,0.0,30744.0,0.970932,1.111111,CAN,PER,5513
421672,41,173,946,1996.0,33843.0,0.0,2.344337,0.709607,CHE,PER,5513
421673,42,173,946,1996.0,1808.0,0.0,-0.161334,-0.301695,CHL,PER,5513
421674,43,173,946,1996.0,5382.0,0.0,0.383975,2.197461,CHN,PER,5513
421675,49,173,946,1996.0,69213.0,4202.0,0.070101,0.08847999999999999,COL,PER,5513
421676,61,173,946,1996.0,498958.0,156126.0,2.347101,-2.4792799999999997,DEU,PER,5513
421677,67,173,946,1996.0,2821.0,0.0,-1.128953,-0.960469,ECU,PER,5513
421678,71,173,946,1996.0,125652.0,113339.0,1.157591,1.795643,ESP,PER,5513
421679,77,173,946,1996.0,253437.0,37060.0,1.571365,1.187529,FRA,PER,5513
421680,81,173,946,1996.0,46017.0,749003.0,1.948148,0.882453,GBR,PER,5513
421681,111,173,946,1996.0,17804.0,0.0,1.591442,0.875201,ITA,PER,5513
421682,138,173,946,1996.0,71444.0,4827.0,0.88569,1.044068,MEX,PER,5513
421683,162,173,946,1996.0,0.0,1063396.0,1.331177,1.6320430000000001,NLD,PER,5513
421684,231,173,946,1996.0,288912.0,7783058.0,1.742391,1.003066,USA,PER,5513
421685,236,173,946,1996.0,2108.0,0.0,-0.039967,-0.828263,VEN,PER,5513
421686,14,174,946,1996.0,24024.0,0.0,0.025253,0.6428189999999999,AUS,PHL,5513
421687,15,174,946,1996.0,37214.0,0.0,2.012626,0.395525,AUT,PHL,5513
421688,18,174,946,1996.0,3595.0,6281.0,1.5604850000000001,1.30819,BEL,PHL,5513
421689,32,174,946,1996.0,163800.0,0.0,0.8087340000000001,1.370183,BRA,PHL,5513
421690,39,174,946,1996.0,102649.0,0.0,0.970932,1.111111,CAN,PHL,5513
421691,41,174,946,1996.0,135283.0,0.0,2.344337,0.709607,CHE,PHL,5513
421692,42,174,946,1996.0,1962.0,0.0,-0.161334,-0.301695,CHL,PHL,5513
421693,43,174,946,1996.0,116493.0,0.0,0.383975,2.197461,CHN,PHL,5513
421694,61,174,946,1996.0,79624.0,0.0,2.347101,-2.4792799999999997,DEU,PHL,5513
421695,71,174,946,1996.0,357149.0,28132.0,1.157591,1.795643,ESP,PHL,5513
421696,74,174,946,1996.0,0.0,1697.0,2.007619,1.016303,FIN,PHL,5513
421697,77,174,946,1996.0,188346.0,0.0,1.571365,1.187529,FRA,PHL,5513
421698,79,174,946,1996.0,0.0,1436.0,-1.4127809999999998,-1.023342,FSM,PHL,5513
421699,81,174,946,1996.0,506437.0,0.0,1.948148,0.882453,GBR,PHL,5513
421700,97,174,946,1996.0,1498000.0,0.0,0.699041,1.8341720000000001,HKG,PHL,5513
421701,103,174,946,1996.0,9628.0,6344.0,-0.25952,1.343972,IDN,PHL,5513
421702,104,174,946,1996.0,54443.0,0.0,0.145769,1.983642,IND,PHL,5513
421703,106,174,946,1996.0,5865.0,0.0,1.476369,1.049152,IRL,PHL,5513
421704,111,174,946,1996.0,3910.0,0.0,1.591442,0.875201,ITA,PHL,5513
421705,114,174,946,1996.0,43984.0,32505.0,2.858869,0.477455,JPN,PHL,5513
421706,121,174,946,1996.0,69578.0,0.0,1.230793,1.0548959999999998,KOR,PHL,5513
421707,128,174,946,1996.0,9782.0,0.0,-0.71165,-0.320193,LKA,PHL,5513
421708,162,174,946,1996.0,323876.0,0.0,1.331177,1.6320430000000001,NLD,PHL,5513
421709,166,174,946,1996.0,17375.0,0.0,0.404233,0.6724640000000001,NZL,PHL,5513
421710,192,174,946,1996.0,1600334.0,0.0,1.288635,0.259061,SGP,PHL,5513
421711,208,174,946,1996.0,9643.0,0.0,2.186414,0.848194,SWE,PHL,5513
421712,216,174,946,1996.0,1227.0,0.0,0.26155100000000003,1.146204,THA,PHL,5513
421713,231,174,946,1996.0,5662244.0,116278.0,1.742391,1.003066,USA,PHL,5513
421714,239,174,946,1996.0,44914.0,5248.0,-0.8099569999999999,-0.032258999999999996,VNM,PHL,5513
421715,249,174,946,1996.0,8285.0,4041.0,1.7375779999999998,1.4625860000000002,TWN,PHL,5513
421716,2,179,946,1996.0,0.0,50663.0,-2.314454,-1.236453,AGO,PRT,5513
421717,14,179,946,1996.0,8972.0,0.0,0.025253,0.6428189999999999,AUS,PRT,5513
421718,15,179,946,1996.0,0.0,5636.0,2.012626,0.395525,AUT,PRT,5513
421719,18,179,946,1996.0,22406.0,0.0,1.5604850000000001,1.30819,BEL,PRT,5513
421720,32,179,946,1996.0,6619.0,0.0,0.8087340000000001,1.370183,BRA,PRT,5513
421721,41,179,946,1996.0,35546.0,22093.0,2.344337,0.709607,CHE,PRT,5513
421722,49,179,946,1996.0,5077.0,0.0,0.070101,0.08847999999999999,COL,PRT,5513
421723,61,179,946,1996.0,19775.0,56549.0,2.347101,-2.4792799999999997,DEU,PRT,5513
421724,71,179,946,1996.0,804110.0,410998.0,1.157591,1.795643,ESP,PRT,5513
421725,77,179,946,1996.0,73042.0,58664.0,1.571365,1.187529,FRA,PRT,5513
421726,81,179,946,1996.0,245444.0,60808.0,1.948148,0.882453,GBR,PRT,5513
421727,88,179,946,1996.0,0.0,3095.0,-2.151325,-0.959936,GNB,PRT,5513
421728,106,179,946,1996.0,1404.0,0.0,1.476369,1.049152,IRL,PRT,5513
421729,111,179,946,1996.0,35764.0,0.0,1.591442,0.875201,ITA,PRT,5513
421730,114,179,946,1996.0,0.0,204098.0,2.858869,0.477455,JPN,PRT,5513
421731,162,179,946,1996.0,10543.0,0.0,1.331177,1.6320430000000001,NLD,PRT,5513
421732,186,179,946,1996.0,2886.0,0.0,0.505247,0.349848,RUS,PRT,5513
421733,216,179,946,1996.0,0.0,12498.0,0.26155100000000003,1.146204,THA,PRT,5513
421734,231,179,946,1996.0,176005.0,0.0,1.742391,1.003066,USA,PRT,5513
421735,246,179,946,1996.0,0.0,1511.0,0.277171,1.489549,ZAF,PRT,5513
421736,8,180,946,1996.0,112969.0,408597.0,0.007199,0.805707,ARG,PRY,5513
421737,18,180,946,1996.0,0.0,10009.0,1.5604850000000001,1.30819,BEL,PRY,5513
421738,32,180,946,1996.0,146053.0,1072924.0,0.8087340000000001,1.370183,BRA,PRY,5513
421739,39,180,946,1996.0,0.0,4312.0,0.970932,1.111111,CAN,PRY,5513
421740,41,180,946,1996.0,46566.0,492476.0,2.344337,0.709607,CHE,PRY,5513
421741,42,180,946,1996.0,2879.0,22445.0,-0.161334,-0.301695,CHL,PRY,5513
421742,61,180,946,1996.0,13766.0,768252.0,2.347101,-2.4792799999999997,DEU,PRY,5513
421743,71,180,946,1996.0,1077.0,850760.0,1.157591,1.795643,ESP,PRY,5513
421744,77,180,946,1996.0,33169.0,4299912.0,1.571365,1.187529,FRA,PRY,5513
421745,81,180,946,1996.0,81889.0,1110350.0,1.948148,0.882453,GBR,PRY,5513
421746,104,180,946,1996.0,12972.0,59795.0,0.145769,1.983642,IND,PRY,5513
421747,111,180,946,1996.0,1993.0,39565.0,1.591442,0.875201,ITA,PRY,5513
421748,114,180,946,1996.0,0.0,191294.0,2.858869,0.477455,JPN,PRY,5513
421749,138,180,946,1996.0,0.0,63984.0,0.88569,1.044068,MEX,PRY,5513
421750,162,180,946,1996.0,0.0,988465.0,1.331177,1.6320430000000001,NLD,PRY,5513
421751,192,180,946,1996.0,438705.0,0.0,1.288635,0.259061,SGP,PRY,5513
421752,230,180,946,1996.0,0.0,72544.0,0.182427,0.689738,URY,PRY,5513
421753,231,180,946,1996.0,97615.0,1415819.0,1.742391,1.003066,USA,PRY,5513
421754,249,180,946,1996.0,3893.0,0.0,1.7375779999999998,1.4625860000000002,TWN,PRY,5513
421755,7,190,946,1996.0,0.0,4578.0,-0.43356400000000006,-0.8715719999999999,ARE,SDN,5513
421756,43,190,946,1996.0,2194.0,0.0,0.383975,2.197461,CHN,SDN,5513
421757,61,190,946,1996.0,2070.0,0.0,2.347101,-2.4792799999999997,DEU,SDN,5513
421758,68,190,946,1996.0,3938.0,0.0,-0.405938,-0.209619,EGY,SDN,5513
421759,77,190,946,1996.0,13828.0,0.0,1.571365,1.187529,FRA,SDN,5513
421760,81,190,946,1996.0,37071.0,0.0,1.948148,0.882453,GBR,SDN,5513
421761,104,190,946,1996.0,89722.0,0.0,0.145769,1.983642,IND,SDN,5513
421762,168,190,946,1996.0,1413.0,0.0,-0.759362,-0.541712,PAK,SDN,5513
421763,188,190,946,1996.0,2290.0,0.0,-0.200762,-1.0419610000000001,SAU,SDN,5513
421764,32,205,946,1996.0,1741.0,0.0,0.8087340000000001,1.370183,BRA,SUR,5513
421765,162,205,946,1996.0,1519.0,0.0,1.331177,1.6320430000000001,NLD,SUR,5513
421766,222,205,946,1996.0,3146.0,0.0,-0.002541,-0.543624,TTO,SUR,5513
421767,231,205,946,1996.0,72968.0,19396.0,1.742391,1.003066,USA,SUR,5513
421768,14,208,946,1996.0,205885.0,1572.0,0.025253,0.6428189999999999,AUS,SWE,5513
421769,15,208,946,1996.0,426459.0,20987.0,2.012626,0.395525,AUT,SWE,5513
421770,18,208,946,1996.0,16702.0,0.0,1.5604850000000001,1.30819,BEL,SWE,5513
421771,22,208,946,1996.0,0.0,2016.0,-0.751219,-0.9638329999999999,BGD,SWE,5513
421772,32,208,946,1996.0,0.0,1346.0,0.8087340000000001,1.370183,BRA,SWE,5513
421773,39,208,946,1996.0,14638.0,15974.0,0.970932,1.111111,CAN,SWE,5513
421774,41,208,946,1996.0,94489.0,0.0,2.344337,0.709607,CHE,SWE,5513
421775,42,208,946,1996.0,1658.0,0.0,-0.161334,-0.301695,CHL,SWE,5513
421776,43,208,946,1996.0,7079.0,0.0,0.383975,2.197461,CHN,SWE,5513
421777,59,208,946,1996.0,0.0,58841.0,1.412088,1.171914,CZE,SWE,5513
421778,61,208,946,1996.0,360646.0,79265.0,2.347101,-2.4792799999999997,DEU,SWE,5513
421779,64,208,946,1996.0,345084.0,813696.0,1.416927,1.401766,DNK,SWE,5513
421780,68,208,946,1996.0,39380.0,0.0,-0.405938,-0.209619,EGY,SWE,5513
421781,71,208,946,1996.0,5418.0,2809.0,1.157591,1.795643,ESP,SWE,5513
421782,72,208,946,1996.0,0.0,9560.0,0.445854,1.115429,EST,SWE,5513
421783,74,208,946,1996.0,128432.0,117381.0,2.007619,1.016303,FIN,SWE,5513
421784,77,208,946,1996.0,318452.0,2473.0,1.571365,1.187529,FRA,SWE,5513
421785,81,208,946,1996.0,561087.0,351392.0,1.948148,0.882453,GBR,SWE,5513
421786,102,208,946,1996.0,268275.0,0.0,0.905526,1.887735,HUN,SWE,5513
421787,103,208,946,1996.0,0.0,13650.0,-0.25952,1.343972,IDN,SWE,5513
421788,104,208,946,1996.0,69356.0,0.0,0.145769,1.983642,IND,SWE,5513
421789,106,208,946,1996.0,4681.0,0.0,1.476369,1.049152,IRL,SWE,5513
421790,107,208,946,1996.0,14188.0,0.0,-1.0058129999999998,-1.215661,IRN,SWE,5513
421791,110,208,946,1996.0,5814.0,0.0,1.159922,1.025777,ISR,SWE,5513
421792,111,208,946,1996.0,140472.0,8012.0,1.591442,0.875201,ITA,SWE,5513
421793,124,208,946,1996.0,12010.0,0.0,-0.09233999999999999,0.127816,LBN,SWE,5513
421794,130,208,946,1996.0,0.0,1107.0,0.360994,1.092575,LTU,SWE,5513
421795,132,208,946,1996.0,0.0,26876.0,0.255258,0.42505299999999996,LVA,SWE,5513
421796,160,208,946,1996.0,0.0,49992.0,-0.810879,-0.64475,NIC,SWE,5513
421797,162,208,946,1996.0,218209.0,34292.0,1.331177,1.6320430000000001,NLD,SWE,5513
421798,163,208,946,1996.0,27115.0,165129.0,0.8207270000000001,0.043619,NOR,SWE,5513
421799,164,208,946,1996.0,2083.0,0.0,-0.570144,-0.63484,NPL,SWE,5513
421800,166,208,946,1996.0,0.0,10234.0,0.404233,0.6724640000000001,NZL,SWE,5513
421801,174,208,946,1996.0,0.0,9643.0,0.0020329999999999997,0.40715,PHL,SWE,5513
421802,188,208,946,1996.0,0.0,42220.0,-0.200762,-1.0419610000000001,SAU,SWE,5513
421803,197,208,946,1996.0,0.0,2571.0,-0.228625,-0.150274,SLV,SWE,5513
421804,224,208,946,1996.0,2320.0,0.0,0.07259700000000001,1.734291,TUR,SWE,5513
421805,228,208,946,1996.0,0.0,1075.0,0.7582479999999999,1.1207340000000001,UKR,SWE,5513
421806,231,208,946,1996.0,366118.0,51289.0,1.742391,1.003066,USA,SWE,5513
421807,236,208,946,1996.0,0.0,1450.0,-0.039967,-0.828263,VEN,SWE,5513
421808,14,216,946,1996.0,332889.0,2414.0,0.025253,0.6428189999999999,AUS,THA,5513
421809,15,216,946,1996.0,4130.0,15755.0,2.012626,0.395525,AUT,THA,5513
421810,39,216,946,1996.0,0.0,3264.0,0.970932,1.111111,CAN,THA,5513
421811,41,216,946,1996.0,53215.0,0.0,2.344337,0.709607,CHE,THA,5513
421812,43,216,946,1996.0,384147.0,113924.0,0.383975,2.197461,CHN,THA,5513
421813,61,216,946,1996.0,139264.0,0.0,2.347101,-2.4792799999999997,DEU,THA,5513
421814,71,216,946,1996.0,110381.0,0.0,1.157591,1.795643,ESP,THA,5513
421815,77,216,946,1996.0,246799.0,52253.0,1.571365,1.187529,FRA,THA,5513
421816,81,216,946,1996.0,407349.0,7035.0,1.948148,0.882453,GBR,THA,5513
421817,97,216,946,1996.0,5190866.0,15234214.0,0.699041,1.8341720000000001,HKG,THA,5513
421818,103,216,946,1996.0,98968.0,7306.0,-0.25952,1.343972,IDN,THA,5513
421819,104,216,946,1996.0,13651.0,15160.0,0.145769,1.983642,IND,THA,5513
421820,106,216,946,1996.0,1461.0,0.0,1.476369,1.049152,IRL,THA,5513
421821,110,216,946,1996.0,109920.0,0.0,1.159922,1.025777,ISR,THA,5513
421822,111,216,946,1996.0,3803.0,0.0,1.591442,0.875201,ITA,THA,5513
421823,114,216,946,1996.0,603817.0,1496321.0,2.858869,0.477455,JPN,THA,5513
421824,118,216,946,1996.0,0.0,2635.0,-0.9007299999999999,-0.9713620000000001,KHM,THA,5513
421825,133,216,946,1996.0,0.0,1589.0,-0.089625,-0.42184499999999997,MAC,THA,5513
421826,141,216,946,1996.0,0.0,6164.0,-0.8623040000000001,-0.991231,MLI,THA,5513
421827,143,216,946,1996.0,0.0,5169.0,-1.3258219999999998,-1.068414,MMR,THA,5513
421828,153,216,946,1996.0,8985.0,25017.0,0.5493640000000001,0.248484,MYS,THA,5513
421829,162,216,946,1996.0,5123.0,3156.0,1.331177,1.6320430000000001,NLD,THA,5513
421830,174,216,946,1996.0,0.0,1227.0,0.0020329999999999997,0.40715,PHL,THA,5513
421831,179,216,946,1996.0,12498.0,0.0,0.49924799999999997,0.9969520000000001,PRT,THA,5513
421832,188,216,946,1996.0,0.0,13487.0,-0.200762,-1.0419610000000001,SAU,THA,5513
421833,192,216,946,1996.0,836096.0,680695.0,1.288635,0.259061,SGP,THA,5513
421834,231,216,946,1996.0,3476954.0,65799.0,1.742391,1.003066,USA,THA,5513
421835,239,216,946,1996.0,0.0,178291.0,-0.8099569999999999,-0.032258999999999996,VNM,THA,5513
421836,248,216,946,1996.0,0.0,7147.0,-0.46458999999999995,-0.273683,ZWE,THA,5513
421837,249,216,946,1996.0,0.0,10635.0,1.7375779999999998,1.4625860000000002,TWN,THA,5513
421838,250,216,946,1996.0,0.0,1409.0,1.153784,0.831677,ANS,THA,5513
421839,15,222,946,1996.0,2262.0,0.0,2.012626,0.395525,AUT,TTO,5513
421840,29,222,946,1996.0,3330.0,0.0,-0.267716,-0.651034,BLZ,TTO,5513
421841,32,222,946,1996.0,11486.0,0.0,0.8087340000000001,1.370183,BRA,TTO,5513
421842,39,222,946,1996.0,74603.0,2548.0,0.970932,1.111111,CAN,TTO,5513
421843,41,222,946,1996.0,99203.0,0.0,2.344337,0.709607,CHE,TTO,5513
421844,43,222,946,1996.0,6831.0,0.0,0.383975,2.197461,CHN,TTO,5513
421845,49,222,946,1996.0,2541.0,0.0,0.070101,0.08847999999999999,COL,TTO,5513
421846,61,222,946,1996.0,82793.0,0.0,2.347101,-2.4792799999999997,DEU,TTO,5513
421847,63,222,946,1996.0,2551.0,0.0,0.521576,-0.075879,DMA,TTO,5513
421848,77,222,946,1996.0,7591.0,6463.0,1.571365,1.187529,FRA,TTO,5513
421849,81,222,946,1996.0,215360.0,0.0,1.948148,0.882453,GBR,TTO,5513
421850,91,222,946,1996.0,4417.0,0.0,0.62736,-0.06942100000000001,GRD,TTO,5513
421851,93,222,946,1996.0,2764.0,0.0,-0.28699,0.308033,GTM,TTO,5513
421852,104,222,946,1996.0,5583.0,0.0,0.145769,1.983642,IND,TTO,5513
421853,106,222,946,1996.0,12000.0,0.0,1.476369,1.049152,IRL,TTO,5513
421854,112,222,946,1996.0,2225.0,0.0,-0.64364,-0.8296379999999999,JAM,TTO,5513
421855,162,222,946,1996.0,2279.0,0.0,1.331177,1.6320430000000001,NLD,TTO,5513
421856,205,222,946,1996.0,0.0,3146.0,-1.062804,-0.893763,SUR,TTO,5513
421857,231,222,946,1996.0,92264.0,0.0,1.742391,1.003066,USA,TTO,5513
421858,7,224,946,1996.0,0.0,79828.0,-0.43356400000000006,-0.8715719999999999,ARE,TUR,5513
421859,14,224,946,1996.0,0.0,13480.0,0.025253,0.6428189999999999,AUS,TUR,5513
421860,15,224,946,1996.0,30844.0,7853.0,2.012626,0.395525,AUT,TUR,5513
421861,18,224,946,1996.0,10724.0,7719.0,1.5604850000000001,1.30819,BEL,TUR,5513
421862,23,224,946,1996.0,13281.0,0.0,0.510789,1.749248,BGR,TUR,5513
421863,32,224,946,1996.0,64189.0,0.0,0.8087340000000001,1.370183,BRA,TUR,5513
421864,39,224,946,1996.0,0.0,1872.0,0.970932,1.111111,CAN,TUR,5513
421865,41,224,946,1996.0,167954.0,649474.0,2.344337,0.709607,CHE,TUR,5513
421866,43,224,946,1996.0,112347.0,0.0,0.383975,2.197461,CHN,TUR,5513
421867,58,224,946,1996.0,39524.0,3012.0,0.11774200000000001,0.044968,CYP,TUR,5513
421868,61,224,946,1996.0,553878.0,669499.0,2.347101,-2.4792799999999997,DEU,TUR,5513
421869,64,224,946,1996.0,2465.0,2389.0,1.416927,1.401766,DNK,TUR,5513
421870,71,224,946,1996.0,249053.0,1935.0,1.157591,1.795643,ESP,TUR,5513
421871,77,224,946,1996.0,612234.0,4733906.0,1.571365,1.187529,FRA,TUR,5513
421872,81,224,946,1996.0,906373.0,82032.0,1.948148,0.882453,GBR,TUR,5513
421873,90,224,946,1996.0,8464.0,16844.0,0.21841799999999997,1.081136,GRC,TUR,5513
421874,97,224,946,1996.0,76469.0,0.0,0.699041,1.8341720000000001,HKG,TUR,5513
421875,102,224,946,1996.0,5524.0,0.0,0.905526,1.887735,HUN,TUR,5513
421876,103,224,946,1996.0,356880.0,0.0,-0.25952,1.343972,IDN,TUR,5513
421877,104,224,946,1996.0,12197.0,2246.0,0.145769,1.983642,IND,TUR,5513
421878,106,224,946,1996.0,4142.0,0.0,1.476369,1.049152,IRL,TUR,5513
421879,110,224,946,1996.0,39167.0,7633.0,1.159922,1.025777,ISR,TUR,5513
421880,111,224,946,1996.0,378746.0,0.0,1.591442,0.875201,ITA,TUR,5513
421881,114,224,946,1996.0,0.0,429746.0,2.858869,0.477455,JPN,TUR,5513
421882,115,224,946,1996.0,0.0,1636.0,0.455772,0.16361099999999998,KAZ,TUR,5513
421883,121,224,946,1996.0,16584.0,0.0,1.230793,1.0548959999999998,KOR,TUR,5513
421884,162,224,946,1996.0,7102.0,42511.0,1.331177,1.6320430000000001,NLD,TUR,5513
421885,163,224,946,1996.0,0.0,152606.0,0.8207270000000001,0.043619,NOR,TUR,5513
421886,167,224,946,1996.0,0.0,7540.0,-0.227075,-0.9778399999999999,OMN,TUR,5513
421887,186,224,946,1996.0,0.0,217322.0,0.505247,0.349848,RUS,TUR,5513
421888,188,224,946,1996.0,0.0,73861.0,-0.200762,-1.0419610000000001,SAU,TUR,5513
421889,192,224,946,1996.0,29897.0,0.0,1.288635,0.259061,SGP,TUR,5513
421890,208,224,946,1996.0,0.0,2320.0,2.186414,0.848194,SWE,TUR,5513
421891,217,224,946,1996.0,0.0,8483.0,0.03373,-0.7239720000000001,TJK,TUR,5513
421892,228,224,946,1996.0,148508.0,0.0,0.7582479999999999,1.1207340000000001,UKR,TUR,5513
421893,231,224,946,1996.0,511689.0,807190.0,1.742391,1.003066,USA,TUR,5513
421894,232,224,946,1996.0,0.0,7443.0,-0.139651,-0.670652,UZB,TUR,5513
421895,249,224,946,1996.0,0.0,1008.0,1.7375779999999998,1.4625860000000002,TWN,TUR,5513
421896,250,224,946,1996.0,0.0,3514.0,1.153784,0.831677,ANS,TUR,5513
421897,8,230,946,1996.0,107839.0,87991.0,0.007199,0.805707,ARG,URY,5513
421898,32,230,946,1996.0,94451.0,956304.0,0.8087340000000001,1.370183,BRA,URY,5513
421899,41,230,946,1996.0,14019.0,0.0,2.344337,0.709607,CHE,URY,5513
421900,42,230,946,1996.0,0.0,2289.0,-0.161334,-0.301695,CHL,URY,5513
421901,43,230,946,1996.0,3502.0,0.0,0.383975,2.197461,CHN,URY,5513
421902,61,230,946,1996.0,0.0,51949.0,2.347101,-2.4792799999999997,DEU,URY,5513
421903,71,230,946,1996.0,8032.0,0.0,1.157591,1.795643,ESP,URY,5513
421904,77,230,946,1996.0,37226.0,0.0,1.571365,1.187529,FRA,URY,5513
421905,81,230,946,1996.0,210960.0,137330.0,1.948148,0.882453,GBR,URY,5513
421906,104,230,946,1996.0,14464.0,0.0,0.145769,1.983642,IND,URY,5513
421907,106,230,946,1996.0,0.0,203999.0,1.476369,1.049152,IRL,URY,5513
421908,110,230,946,1996.0,0.0,49201.0,1.159922,1.025777,ISR,URY,5513
421909,114,230,946,1996.0,53969.0,0.0,2.858869,0.477455,JPN,URY,5513
421910,138,230,946,1996.0,4044.0,0.0,0.88569,1.044068,MEX,URY,5513
421911,162,230,946,1996.0,0.0,24743.0,1.331177,1.6320430000000001,NLD,URY,5513
421912,180,230,946,1996.0,72544.0,0.0,-0.667054,-0.648122,PRY,URY,5513
421913,197,230,946,1996.0,0.0,2097.0,-0.228625,-0.150274,SLV,URY,5513
421914,231,230,946,1996.0,988320.0,120877.0,1.742391,1.003066,USA,URY,5513
421915,0,231,946,1996.0,0.0,11862.0,-0.493634,-0.719576,ABW,USA,5513
421916,3,231,946,1996.0,0.0,8822.0,0.856749,0.008004,AIA,USA,5513
421917,4,231,946,1996.0,84144.0,0.0,-0.42357399999999995,0.090179,ALB,USA,5513
421918,6,231,946,1996.0,0.0,102371.0,-0.2426,-0.701334,ANT,USA,5513
421919,7,231,946,1996.0,20961.0,44274.0,-0.43356400000000006,-0.8715719999999999,ARE,USA,5513
421920,8,231,946,1996.0,15914942.0,2727785.0,0.007199,0.805707,ARG,USA,5513
421921,14,231,946,1996.0,2600782.0,6032011.0,0.025253,0.6428189999999999,AUS,USA,5513
421922,15,231,946,1996.0,1079933.0,386492.0,2.012626,0.395525,AUT,USA,5513
421923,18,231,946,1996.0,288049.0,11954972.0,1.5604850000000001,1.30819,BEL,USA,5513
421924,23,231,946,1996.0,1490655.0,0.0,0.510789,1.749248,BGR,USA,5513
421925,25,231,946,1996.0,563208.0,235513.0,0.301719,-0.44059899999999996,BHS,USA,5513
421926,29,231,946,1996.0,490015.0,0.0,-0.267716,-0.651034,BLZ,USA,5513
421927,31,231,946,1996.0,0.0,17818.0,-0.5529930000000001,-0.600893,BOL,USA,5513
421928,32,231,946,1996.0,29831088.0,3635159.0,0.8087340000000001,1.370183,BRA,USA,5513
421929,33,231,946,1996.0,1754.0,131001.0,0.599391,0.065208,BRB,USA,5513
421930,39,231,946,1996.0,8102313.0,22180234.0,0.970932,1.111111,CAN,USA,5513
421931,41,231,946,1996.0,8072106.0,4388622.0,2.344337,0.709607,CHE,USA,5513
421932,42,231,946,1996.0,786875.0,1448327.0,-0.161334,-0.301695,CHL,USA,5513
421933,43,231,946,1996.0,17806210.0,852978.0,0.383975,2.197461,CHN,USA,5513
421934,44,231,946,1996.0,130765.0,0.0,-0.890915,-0.8165399999999999,CIV,USA,5513
421935,49,231,946,1996.0,272350.0,4564096.0,0.070101,0.08847999999999999,COL,USA,5513
421936,50,231,946,1996.0,79894.0,0.0,0.003669,-0.6884,COM,USA,5513
421937,52,231,946,1996.0,418537.0,605039.0,-0.23773000000000002,0.101373,CRI,USA,5513
421938,58,231,946,1996.0,50523.0,1214.0,0.11774200000000001,0.044968,CYP,USA,5513
421939,59,231,946,1996.0,0.0,2333.0,1.412088,1.171914,CZE,USA,5513
421940,61,231,946,1996.0,1460211.0,12777613.0,2.347101,-2.4792799999999997,DEU,USA,5513
421941,63,231,946,1996.0,18644.0,1881.0,0.521576,-0.075879,DMA,USA,5513
421942,64,231,946,1996.0,3295.0,6638133.0,1.416927,1.401766,DNK,USA,5513
421943,65,231,946,1996.0,652500.0,325388.0,-0.370096,-0.371728,DOM,USA,5513
421944,66,231,946,1996.0,0.0,1383.0,-0.478062,-1.107679,DZA,USA,5513
421945,67,231,946,1996.0,139129.0,1001929.0,-1.128953,-0.960469,ECU,USA,5513
421946,68,231,946,1996.0,1366403.0,496901.0,-0.405938,-0.209619,EGY,USA,5513
421947,71,231,946,1996.0,3646440.0,3342810.0,1.157591,1.795643,ESP,USA,5513
421948,74,231,946,1996.0,0.0,156612.0,2.007619,1.016303,FIN,USA,5513
421949,77,231,946,1996.0,34508056.0,18979632.0,1.571365,1.187529,FRA,USA,5513
421950,81,231,946,1996.0,7161610.0,41360580.0,1.948148,0.882453,GBR,USA,5513
421951,82,231,946,1996.0,29113.0,0.0,0.28868499999999997,0.115705,GEO,USA,5513
421952,83,231,946,1996.0,0.0,28686.0,-1.037413,-1.019025,GHA,USA,5513
421953,85,231,946,1996.0,4666.0,1036.0,-1.2720120000000001,-1.150363,GIN,USA,5513
421954,90,231,946,1996.0,58507.0,814665.0,0.21841799999999997,1.081136,GRC,USA,5513
421955,93,231,946,1996.0,724373.0,1381408.0,-0.28699,0.308033,GTM,USA,5513
421956,96,231,946,1996.0,0.0,190009.0,-0.618346,-0.7723760000000001,GUY,USA,5513
421957,97,231,946,1996.0,1671520.0,13072569.0,0.699041,1.8341720000000001,HKG,USA,5513
421958,99,231,946,1996.0,125032.0,2844684.0,-0.57404,-0.594276,HND,USA,5513
421959,100,231,946,1996.0,31144.0,1094.0,0.739223,1.3032030000000001,HRV,USA,5513
421960,101,231,946,1996.0,1090559.0,218782.0,-0.7161029999999999,-0.737263,HTI,USA,5513
421961,102,231,946,1996.0,586663.0,37005.0,0.905526,1.887735,HUN,USA,5513
421962,103,231,946,1996.0,8994487.0,1253091.0,-0.25952,1.343972,IDN,USA,5513
421963,104,231,946,1996.0,25437548.0,656349.0,0.145769,1.983642,IND,USA,5513
421964,106,231,946,1996.0,1117767.0,8582791.0,1.476369,1.049152,IRL,USA,5513
421965,109,231,946,1996.0,0.0,78554.0,0.10151,-0.44307799999999997,ISL,USA,5513
421966,110,231,946,1996.0,6073139.0,1445100.0,1.159922,1.025777,ISR,USA,5513
421967,111,231,946,1996.0,7213028.0,1888658.0,1.591442,0.875201,ITA,USA,5513
421968,112,231,946,1996.0,1104122.0,282437.0,-0.64364,-0.8296379999999999,JAM,USA,5513
421969,114,231,946,1996.0,1662216.0,28966640.0,2.858869,0.477455,JPN,USA,5513
421970,116,231,946,1996.0,0.0,108209.0,-0.470653,-0.119252,KEN,USA,5513
421971,120,231,946,1996.0,1899.0,0.0,0.49290100000000003,-0.429266,KNA,USA,5513
421972,121,231,946,1996.0,2247.0,4891318.0,1.230793,1.0548959999999998,KOR,USA,5513
421973,124,231,946,1996.0,0.0,208572.0,-0.09233999999999999,0.127816,LBN,USA,5513
421974,127,231,946,1996.0,0.0,3219.0,-0.027347000000000003,-0.556575,LCA,USA,5513
421975,128,231,946,1996.0,1185672.0,26106.0,-0.71165,-0.320193,LKA,USA,5513
421976,132,231,946,1996.0,0.0,14292.0,0.255258,0.42505299999999996,LVA,USA,5513
421977,134,231,946,1996.0,2539175.0,599331.0,-0.56512,-0.31006999999999996,MAR,USA,5513
421978,135,231,946,1996.0,1444.0,0.0,0.193705,0.10853,MDA,USA,5513
421979,136,231,946,1996.0,347515.0,0.0,-0.971575,-0.656497,MDG,USA,5513
421980,138,231,946,1996.0,20139256.0,27437550.0,0.88569,1.044068,MEX,USA,5513
421981,153,231,946,1996.0,0.0,1042517.0,0.5493640000000001,0.248484,MYS,USA,5513
421982,159,231,946,1996.0,0.0,163479.0,-1.9253069999999999,-1.247116,NGA,USA,5513
421983,160,231,946,1996.0,0.0,44471.0,-0.810879,-0.64475,NIC,USA,5513
421984,162,231,946,1996.0,2715056.0,12596867.0,1.331177,1.6320430000000001,NLD,USA,5513
421985,163,231,946,1996.0,0.0,148216.0,0.8207270000000001,0.043619,NOR,USA,5513
421986,166,231,946,1996.0,1196.0,266915.0,0.404233,0.6724640000000001,NZL,USA,5513
421987,168,231,946,1996.0,0.0,353444.0,-0.759362,-0.541712,PAK,USA,5513
421988,169,231,946,1996.0,0.0,221747.0,-0.03243,-0.326329,PAN,USA,5513
421989,173,231,946,1996.0,7783058.0,288912.0,-0.374308,-0.36733499999999997,PER,USA,5513
421990,174,231,946,1996.0,116278.0,5662244.0,0.0020329999999999997,0.40715,PHL,USA,5513
421991,177,231,946,1996.0,242342.0,12204.0,0.806283,1.92897,POL,USA,5513
421992,179,231,946,1996.0,0.0,176005.0,0.49924799999999997,0.9969520000000001,PRT,USA,5513
421993,180,231,946,1996.0,1415819.0,97615.0,-0.667054,-0.648122,PRY,USA,5513
421994,182,231,946,1996.0,55109.0,0.0,0.9221219999999999,-0.317411,PYF,USA,5513
421995,185,231,946,1996.0,0.0,9345.0,0.612166,1.201016,ROU,USA,5513
421996,186,231,946,1996.0,1767130.0,16232.0,0.505247,0.349848,RUS,USA,5513
421997,188,231,946,1996.0,0.0,208589.0,-0.200762,-1.0419610000000001,SAU,USA,5513
421998,189,231,946,1996.0,23443.0,12795.0,0.699084,2.2900150000000004,SCG,USA,5513
421999,192,231,946,1996.0,1071309.0,2334585.0,1.288635,0.259061,SGP,USA,5513
422000,197,231,946,1996.0,81134.0,141510.0,-0.228625,-0.150274,SLV,USA,5513
422001,205,231,946,1996.0,19396.0,72968.0,-1.062804,-0.893763,SUR,USA,5513
422002,206,231,946,1996.0,0.0,4005.0,1.1978739999999999,1.426243,SVK,USA,5513
422003,207,231,946,1996.0,17394.0,6998.0,1.352015,1.396593,SVN,USA,5513
422004,208,231,946,1996.0,51289.0,366118.0,2.186414,0.848194,SWE,USA,5513
422005,216,231,946,1996.0,65799.0,3476954.0,0.26155100000000003,1.146204,THA,USA,5513
422006,222,231,946,1996.0,0.0,92264.0,-0.002541,-0.543624,TTO,USA,5513
422007,223,231,946,1996.0,164636.0,0.0,-0.250917,-0.057383,TUN,USA,5513
422008,224,231,946,1996.0,807190.0,511689.0,0.07259700000000001,1.734291,TUR,USA,5513
422009,226,231,946,1996.0,10910.0,0.0,-1.186121,-0.6688390000000001,TZA,USA,5513
422010,228,231,946,1996.0,220514.0,9302.0,0.7582479999999999,1.1207340000000001,UKR,USA,5513
422011,230,231,946,1996.0,120877.0,988320.0,0.182427,0.689738,URY,USA,5513
422012,234,231,946,1996.0,0.0,5806.0,-0.05218,-0.49757700000000005,VCT,USA,5513
422013,236,231,946,1996.0,328566.0,2842131.0,-0.039967,-0.828263,VEN,USA,5513
422014,239,231,946,1996.0,456808.0,55608.0,-0.8099569999999999,-0.032258999999999996,VNM,USA,5513
422015,246,231,946,1996.0,971753.0,2758572.0,0.277171,1.489549,ZAF,USA,5513
422016,248,231,946,1996.0,30469.0,264330.0,-0.46458999999999995,-0.273683,ZWE,USA,5513
422017,249,231,946,1996.0,287096.0,2390343.0,1.7375779999999998,1.4625860000000002,TWN,USA,5513
422018,8,236,946,1996.0,666872.0,0.0,0.007199,0.805707,ARG,VEN,5513
422019,18,236,946,1996.0,1308.0,0.0,1.5604850000000001,1.30819,BEL,VEN,5513
422020,32,236,946,1996.0,29905.0,0.0,0.8087340000000001,1.370183,BRA,VEN,5513
422021,41,236,946,1996.0,146194.0,0.0,2.344337,0.709607,CHE,VEN,5513
422022,42,236,946,1996.0,2172.0,0.0,-0.161334,-0.301695,CHL,VEN,5513
422023,49,236,946,1996.0,20289.0,5220.0,0.070101,0.08847999999999999,COL,VEN,5513
422024,61,236,946,1996.0,49322.0,0.0,2.347101,-2.4792799999999997,DEU,VEN,5513
422025,65,236,946,1996.0,0.0,17163.0,-0.370096,-0.371728,DOM,VEN,5513
422026,71,236,946,1996.0,130135.0,0.0,1.157591,1.795643,ESP,VEN,5513
422027,77,236,946,1996.0,331983.0,0.0,1.571365,1.187529,FRA,VEN,5513
422028,81,236,946,1996.0,199491.0,0.0,1.948148,0.882453,GBR,VEN,5513
422029,90,236,946,1996.0,1761.0,0.0,0.21841799999999997,1.081136,GRC,VEN,5513
422030,104,236,946,1996.0,3048.0,0.0,0.145769,1.983642,IND,VEN,5513
422031,106,236,946,1996.0,43774.0,0.0,1.476369,1.049152,IRL,VEN,5513
422032,111,236,946,1996.0,495895.0,0.0,1.591442,0.875201,ITA,VEN,5513
422033,138,236,946,1996.0,51394.0,1971.0,0.88569,1.044068,MEX,VEN,5513
422034,162,236,946,1996.0,2487.0,0.0,1.331177,1.6320430000000001,NLD,VEN,5513
422035,173,236,946,1996.0,0.0,2108.0,-0.374308,-0.36733499999999997,PER,VEN,5513
422036,208,236,946,1996.0,1450.0,0.0,2.186414,0.848194,SWE,VEN,5513
422037,231,236,946,1996.0,2842131.0,328566.0,1.742391,1.003066,USA,VEN,5513
422038,249,236,946,1996.0,1473.0,0.0,1.7375779999999998,1.4625860000000002,TWN,VEN,5513
422039,7,14,946,1996.0,0.0,6573.0,-0.43356400000000006,-0.8715719999999999,ARE,AUS,5513
422040,8,14,946,1996.0,42107.0,3015.0,0.007199,0.805707,ARG,AUS,5513
422041,15,14,946,1996.0,153647.0,88352.0,2.012626,0.395525,AUT,AUS,5513
422042,18,14,946,1996.0,9142.0,45858.0,1.5604850000000001,1.30819,BEL,AUS,5513
422043,23,14,946,1996.0,76341.0,0.0,0.510789,1.749248,BGR,AUS,5513
422044,30,14,946,1996.0,0.0,1299.0,0.658562,-0.5025430000000001,BMU,AUS,5513
422045,32,14,946,1996.0,727113.0,421183.0,0.8087340000000001,1.370183,BRA,AUS,5513
422046,34,14,946,1996.0,0.0,3872.0,-0.661198,-0.801408,BRN,AUS,5513
422047,39,14,946,1996.0,42892.0,189100.0,0.970932,1.111111,CAN,AUS,5513
422048,41,14,946,1996.0,89768.0,159727.0,2.344337,0.709607,CHE,AUS,5513
422049,42,14,946,1996.0,67389.0,0.0,-0.161334,-0.301695,CHL,AUS,5513
422050,43,14,946,1996.0,718878.0,38515.0,0.383975,2.197461,CHN,AUS,5513
422051,49,14,946,1996.0,0.0,1292.0,0.070101,0.08847999999999999,COL,AUS,5513
422052,59,14,946,1996.0,0.0,77293.0,1.412088,1.171914,CZE,AUS,5513
422053,61,14,946,1996.0,307769.0,3529281.0,2.347101,-2.4792799999999997,DEU,AUS,5513
422054,64,14,946,1996.0,0.0,446954.0,1.416927,1.401766,DNK,AUS,5513
422055,68,14,946,1996.0,146042.0,0.0,-0.405938,-0.209619,EGY,AUS,5513
422056,71,14,946,1996.0,129734.0,28908.0,1.157591,1.795643,ESP,AUS,5513
422057,74,14,946,1996.0,0.0,14173.0,2.007619,1.016303,FIN,AUS,5513
422058,75,14,946,1996.0,0.0,63566.0,-0.801999,-0.9148850000000001,FJI,AUS,5513
422059,77,14,946,1996.0,1095735.0,517580.0,1.571365,1.187529,FRA,AUS,5513
422060,81,14,946,1996.0,3493365.0,1311759.0,1.948148,0.882453,GBR,AUS,5513
422061,90,14,946,1996.0,12592.0,7262.0,0.21841799999999997,1.081136,GRC,AUS,5513
422062,93,14,946,1996.0,4289.0,0.0,-0.28699,0.308033,GTM,AUS,5513
422063,97,14,946,1996.0,47625.0,528239.0,0.699041,1.8341720000000001,HKG,AUS,5513
422064,100,14,946,1996.0,13455.0,0.0,0.739223,1.3032030000000001,HRV,AUS,5513
422065,102,14,946,1996.0,2595.0,1055.0,0.905526,1.887735,HUN,AUS,5513
422066,103,14,946,1996.0,172951.0,87255.0,-0.25952,1.343972,IDN,AUS,5513
422067,104,14,946,1996.0,329814.0,8687.0,0.145769,1.983642,IND,AUS,5513
422068,106,14,946,1996.0,104955.0,20594.0,1.476369,1.049152,IRL,AUS,5513
422069,107,14,946,1996.0,13092.0,0.0,-1.0058129999999998,-1.215661,IRN,AUS,5513
422070,110,14,946,1996.0,141595.0,9419.0,1.159922,1.025777,ISR,AUS,5513
422071,111,14,946,1996.0,426912.0,93894.0,1.591442,0.875201,ITA,AUS,5513
422072,112,14,946,1996.0,2638.0,0.0,-0.64364,-0.8296379999999999,JAM,AUS,5513
422073,114,14,946,1996.0,84903.0,324972.0,2.858869,0.477455,JPN,AUS,5513
422074,119,14,946,1996.0,0.0,1020.0,-0.07346,-0.715288,KIR,AUS,5513
422075,121,14,946,1996.0,4898.0,77633.0,1.230793,1.0548959999999998,KOR,AUS,5513
422076,124,14,946,1996.0,142347.0,0.0,-0.09233999999999999,0.127816,LBN,AUS,5513
422077,128,14,946,1996.0,19327.0,0.0,-0.71165,-0.320193,LKA,AUS,5513
422078,134,14,946,1996.0,11537.0,0.0,-0.56512,-0.31006999999999996,MAR,AUS,5513
422079,136,14,946,1996.0,1452.0,0.0,-0.971575,-0.656497,MDG,AUS,5513
422080,138,14,946,1996.0,18187.0,0.0,0.88569,1.044068,MEX,AUS,5513
422081,153,14,946,1996.0,16002.0,169684.0,0.5493640000000001,0.248484,MYS,AUS,5513
422082,162,14,946,1996.0,86346.0,35063.0,1.331177,1.6320430000000001,NLD,AUS,5513
422083,163,14,946,1996.0,0.0,13052.0,0.8207270000000001,0.043619,NOR,AUS,5513
422084,164,14,946,1996.0,6688.0,0.0,-0.570144,-0.63484,NPL,AUS,5513
422085,166,14,946,1996.0,277437.0,1852518.0,0.404233,0.6724640000000001,NZL,AUS,5513
422086,167,14,946,1996.0,0.0,65468.0,-0.227075,-0.9778399999999999,OMN,AUS,5513
422087,168,14,946,1996.0,5006.0,1803.0,-0.759362,-0.541712,PAK,AUS,5513
422088,174,14,946,1996.0,0.0,24024.0,0.0020329999999999997,0.40715,PHL,AUS,5513
422089,176,14,946,1996.0,0.0,12118.0,-1.918864,-1.24327,PNG,AUS,5513
422090,177,14,946,1996.0,0.0,63340.0,0.806283,1.92897,POL,AUS,5513
422091,179,14,946,1996.0,0.0,8972.0,0.49924799999999997,0.9969520000000001,PRT,AUS,5513
422092,186,14,946,1996.0,5935.0,25881.0,0.505247,0.349848,RUS,AUS,5513
422093,188,14,946,1996.0,0.0,39535.0,-0.200762,-1.0419610000000001,SAU,AUS,5513
422094,192,14,946,1996.0,259455.0,440344.0,1.288635,0.259061,SGP,AUS,5513
422095,206,14,946,1996.0,0.0,15707.0,1.1978739999999999,1.426243,SVK,AUS,5513
422096,207,14,946,1996.0,4470.0,6702.0,1.352015,1.396593,SVN,AUS,5513
422097,208,14,946,1996.0,1572.0,205885.0,2.186414,0.848194,SWE,AUS,5513
422098,216,14,946,1996.0,2414.0,332889.0,0.26155100000000003,1.146204,THA,AUS,5513
422099,223,14,946,1996.0,13635.0,0.0,-0.250917,-0.057383,TUN,AUS,5513
422100,224,14,946,1996.0,13480.0,0.0,0.07259700000000001,1.734291,TUR,AUS,5513
422101,231,14,946,1996.0,6032011.0,2600782.0,1.742391,1.003066,USA,AUS,5513
422102,239,14,946,1996.0,2463.0,2877.0,-0.8099569999999999,-0.032258999999999996,VNM,AUS,5513
422103,246,14,946,1996.0,216845.0,57982.0,0.277171,1.489549,ZAF,AUS,5513
422104,249,14,946,1996.0,6584.0,195895.0,1.7375779999999998,1.4625860000000002,TWN,AUS,5513
422105,250,14,946,1996.0,44097.0,2733.0,1.153784,0.831677,ANS,AUS,5513
422106,186,16,946,1996.0,1157.0,0.0,0.505247,0.349848,RUS,AZE,5513
422107,18,22,946,1996.0,3929.0,0.0,1.5604850000000001,1.30819,BEL,BGD,5513
422108,32,22,946,1996.0,58023.0,84188.0,0.8087340000000001,1.370183,BRA,BGD,5513
422109,41,22,946,1996.0,26903.0,0.0,2.344337,0.709607,CHE,BGD,5513
422110,42,22,946,1996.0,2306.0,0.0,-0.161334,-0.301695,CHL,BGD,5513
422111,43,22,946,1996.0,58072.0,0.0,0.383975,2.197461,CHN,BGD,5513
422112,61,22,946,1996.0,5939.0,0.0,2.347101,-2.4792799999999997,DEU,BGD,5513
422113,77,22,946,1996.0,37344.0,0.0,1.571365,1.187529,FRA,BGD,5513
422114,81,22,946,1996.0,42496.0,0.0,1.948148,0.882453,GBR,BGD,5513
422115,97,22,946,1996.0,53401.0,0.0,0.699041,1.8341720000000001,HKG,BGD,5513
422116,103,22,946,1996.0,5775.0,0.0,-0.25952,1.343972,IDN,BGD,5513
422117,104,22,946,1996.0,27079.0,0.0,0.145769,1.983642,IND,BGD,5513
422118,114,22,946,1996.0,1136.0,0.0,2.858869,0.477455,JPN,BGD,5513
422119,162,22,946,1996.0,13063.0,0.0,1.331177,1.6320430000000001,NLD,BGD,5513
422120,188,22,946,1996.0,0.0,10957.0,-0.200762,-1.0419610000000001,SAU,BGD,5513
422121,192,22,946,1996.0,109099.0,0.0,1.288635,0.259061,SGP,BGD,5513
422122,208,22,946,1996.0,2016.0,0.0,2.186414,0.848194,SWE,BGD,5513
422123,250,22,946,1996.0,3098.0,0.0,1.153784,0.831677,ANS,BGD,5513
422124,9,23,946,1996.0,0.0,2805.0,1.0178040000000002,0.156363,ARM,BGR,5513
422125,14,23,946,1996.0,0.0,76341.0,0.025253,0.6428189999999999,AUS,BGR,5513
422126,15,23,946,1996.0,33227.0,104518.0,2.012626,0.395525,AUT,BGR,5513
422127,18,23,946,1996.0,0.0,8658.0,1.5604850000000001,1.30819,BEL,BGR,5513
422128,41,23,946,1996.0,10832.0,171169.0,2.344337,0.709607,CHE,BGR,5513
422129,43,23,946,1996.0,8991.0,0.0,0.383975,2.197461,CHN,BGR,5513
422130,61,23,946,1996.0,12084.0,212918.0,2.347101,-2.4792799999999997,DEU,BGR,5513
422131,71,23,946,1996.0,3792.0,68762.0,1.157591,1.795643,ESP,BGR,5513
422132,77,23,946,1996.0,630852.0,2635098.0,1.571365,1.187529,FRA,BGR,5513
422133,81,23,946,1996.0,66994.0,41459.0,1.948148,0.882453,GBR,BGR,5513
422134,90,23,946,1996.0,8276.0,0.0,0.21841799999999997,1.081136,GRC,BGR,5513
422135,104,23,946,1996.0,0.0,51511.0,0.145769,1.983642,IND,BGR,5513
422136,111,23,946,1996.0,13648.0,41260.0,1.591442,0.875201,ITA,BGR,5513
422137,114,23,946,1996.0,0.0,200660.0,2.858869,0.477455,JPN,BGR,5513
422138,122,23,946,1996.0,0.0,39925.0,-0.412797,-1.1335899999999999,KWT,BGR,5513
422139,140,23,946,1996.0,0.0,1683.0,0.36478,0.760475,MKD,BGR,5513
422140,145,23,946,1996.0,0.0,3595.0,-0.279007,-0.948549,MNG,BGR,5513
422141,162,23,946,1996.0,0.0,116644.0,1.331177,1.6320430000000001,NLD,BGR,5513
422142,186,23,946,1996.0,0.0,19276.0,0.505247,0.349848,RUS,BGR,5513
422143,188,23,946,1996.0,0.0,6483.0,-0.200762,-1.0419610000000001,SAU,BGR,5513
422144,224,23,946,1996.0,0.0,13281.0,0.07259700000000001,1.734291,TUR,BGR,5513
422145,228,23,946,1996.0,10720.0,17403.0,0.7582479999999999,1.1207340000000001,UKR,BGR,5513
422146,231,23,946,1996.0,0.0,1490655.0,1.742391,1.003066,USA,BGR,5513
422147,249,23,946,1996.0,0.0,6506.0,1.7375779999999998,1.4625860000000002,TWN,BGR,5513
422148,7,39,946,1996.0,0.0,8331.0,-0.43356400000000006,-0.8715719999999999,ARE,CAN,5513
422149,8,39,946,1996.0,586033.0,3553.0,0.007199,0.805707,ARG,CAN,5513
422150,14,39,946,1996.0,189100.0,42892.0,0.025253,0.6428189999999999,AUS,CAN,5513
422151,15,39,946,1996.0,10747.0,17222.0,2.012626,0.395525,AUT,CAN,5513
422152,18,39,946,1996.0,52259.0,12856.0,1.5604850000000001,1.30819,BEL,CAN,5513
422153,32,39,946,1996.0,404072.0,20683.0,0.8087340000000001,1.370183,BRA,CAN,5513
422154,33,39,946,1996.0,0.0,18999.0,0.599391,0.065208,BRB,CAN,5513
422155,41,39,946,1996.0,420772.0,123955.0,2.344337,0.709607,CHE,CAN,5513
422156,42,39,946,1996.0,14829.0,0.0,-0.161334,-0.301695,CHL,CAN,5513
422157,43,39,946,1996.0,786122.0,0.0,0.383975,2.197461,CHN,CAN,5513
422158,44,39,946,1996.0,94433.0,0.0,-0.890915,-0.8165399999999999,CIV,CAN,5513
422159,49,39,946,1996.0,4800.0,0.0,0.070101,0.08847999999999999,COL,CAN,5513
422160,52,39,946,1996.0,3986.0,0.0,-0.23773000000000002,0.101373,CRI,CAN,5513
422161,61,39,946,1996.0,330090.0,583451.0,2.347101,-2.4792799999999997,DEU,CAN,5513
422162,63,39,946,1996.0,1191.0,1491.0,0.521576,-0.075879,DMA,CAN,5513
422163,64,39,946,1996.0,5080.0,0.0,1.416927,1.401766,DNK,CAN,5513
422164,68,39,946,1996.0,14898.0,0.0,-0.405938,-0.209619,EGY,CAN,5513
422165,71,39,946,1996.0,472691.0,83848.0,1.157591,1.795643,ESP,CAN,5513
422166,77,39,946,1996.0,299331.0,179272.0,1.571365,1.187529,FRA,CAN,5513
422167,81,39,946,1996.0,230262.0,381471.0,1.948148,0.882453,GBR,CAN,5513
422168,90,39,946,1996.0,4386.0,0.0,0.21841799999999997,1.081136,GRC,CAN,5513
422169,93,39,946,1996.0,35210.0,0.0,-0.28699,0.308033,GTM,CAN,5513
422170,97,39,946,1996.0,127958.0,92318.0,0.699041,1.8341720000000001,HKG,CAN,5513
422171,100,39,946,1996.0,1954.0,0.0,0.739223,1.3032030000000001,HRV,CAN,5513
422172,101,39,946,1996.0,9788.0,0.0,-0.7161029999999999,-0.737263,HTI,CAN,5513
422173,102,39,946,1996.0,0.0,2276.0,0.905526,1.887735,HUN,CAN,5513
422174,103,39,946,1996.0,131181.0,0.0,-0.25952,1.343972,IDN,CAN,5513
422175,104,39,946,1996.0,360531.0,42902.0,0.145769,1.983642,IND,CAN,5513
422176,106,39,946,1996.0,140576.0,54197.0,1.476369,1.049152,IRL,CAN,5513
422177,110,39,946,1996.0,75466.0,0.0,1.159922,1.025777,ISR,CAN,5513
422178,111,39,946,1996.0,266608.0,7732.0,1.591442,0.875201,ITA,CAN,5513
422179,112,39,946,1996.0,76694.0,1407.0,-0.64364,-0.8296379999999999,JAM,CAN,5513
422180,114,39,946,1996.0,19894.0,177935.0,2.858869,0.477455,JPN,CAN,5513
422181,121,39,946,1996.0,0.0,2094.0,1.230793,1.0548959999999998,KOR,CAN,5513
422182,124,39,946,1996.0,138891.0,0.0,-0.09233999999999999,0.127816,LBN,CAN,5513
422183,128,39,946,1996.0,22720.0,0.0,-0.71165,-0.320193,LKA,CAN,5513
422184,134,39,946,1996.0,396906.0,0.0,-0.56512,-0.31006999999999996,MAR,CAN,5513
422185,136,39,946,1996.0,168163.0,0.0,-0.971575,-0.656497,MDG,CAN,5513
422186,138,39,946,1996.0,167288.0,350061.0,0.88569,1.044068,MEX,CAN,5513
422187,160,39,946,1996.0,0.0,10540.0,-0.810879,-0.64475,NIC,CAN,5513
422188,162,39,946,1996.0,44024.0,358484.0,1.331177,1.6320430000000001,NLD,CAN,5513
422189,163,39,946,1996.0,18332.0,0.0,0.8207270000000001,0.043619,NOR,CAN,5513
422190,164,39,946,1996.0,1070.0,0.0,-0.570144,-0.63484,NPL,CAN,5513
422191,166,39,946,1996.0,268099.0,4365.0,0.404233,0.6724640000000001,NZL,CAN,5513
422192,168,39,946,1996.0,2310.0,0.0,-0.759362,-0.541712,PAK,CAN,5513
422193,169,39,946,1996.0,0.0,1488.0,-0.03243,-0.326329,PAN,CAN,5513
422194,173,39,946,1996.0,30744.0,0.0,-0.374308,-0.36733499999999997,PER,CAN,5513
422195,174,39,946,1996.0,0.0,102649.0,0.0020329999999999997,0.40715,PHL,CAN,5513
422196,177,39,946,1996.0,2341.0,0.0,0.806283,1.92897,POL,CAN,5513
422197,180,39,946,1996.0,4312.0,0.0,-0.667054,-0.648122,PRY,CAN,5513
422198,186,39,946,1996.0,14043.0,0.0,0.505247,0.349848,RUS,CAN,5513
422199,188,39,946,1996.0,0.0,3621.0,-0.200762,-1.0419610000000001,SAU,CAN,5513
422200,189,39,946,1996.0,2386.0,0.0,0.699084,2.2900150000000004,SCG,CAN,5513
422201,192,39,946,1996.0,52702.0,0.0,1.288635,0.259061,SGP,CAN,5513
422202,197,39,946,1996.0,3319.0,0.0,-0.228625,-0.150274,SLV,CAN,5513
422203,206,39,946,1996.0,0.0,4186.0,1.1978739999999999,1.426243,SVK,CAN,5513
422204,208,39,946,1996.0,15974.0,14638.0,2.186414,0.848194,SWE,CAN,5513
422205,216,39,946,1996.0,3264.0,0.0,0.26155100000000003,1.146204,THA,CAN,5513
422206,222,39,946,1996.0,2548.0,74603.0,-0.002541,-0.543624,TTO,CAN,5513
422207,223,39,946,1996.0,3930.0,0.0,-0.250917,-0.057383,TUN,CAN,5513
422208,224,39,946,1996.0,1872.0,0.0,0.07259700000000001,1.734291,TUR,CAN,5513
422209,231,39,946,1996.0,22180234.0,8102313.0,1.742391,1.003066,USA,CAN,5513
422210,239,39,946,1996.0,54643.0,0.0,-0.8099569999999999,-0.032258999999999996,VNM,CAN,5513
422211,246,39,946,1996.0,6854.0,12742.0,0.277171,1.489549,ZAF,CAN,5513
422212,249,39,946,1996.0,5964.0,0.0,1.7375779999999998,1.4625860000000002,TWN,CAN,5513
422213,250,39,946,1996.0,44495.0,0.0,1.153784,0.831677,ANS,CAN,5513
422214,7,41,946,1996.0,173389.0,54666.0,-0.43356400000000006,-0.8715719999999999,ARE,CHE,5513
422215,8,41,946,1996.0,256766.0,332560.0,0.007199,0.805707,ARG,CHE,5513
422216,14,41,946,1996.0,159727.0,89768.0,0.025253,0.6428189999999999,AUS,CHE,5513
422217,15,41,946,1996.0,359980.0,802634.0,2.012626,0.395525,AUT,CHE,5513
422218,18,41,946,1996.0,216469.0,118540.0,1.5604850000000001,1.30819,BEL,CHE,5513
422219,22,41,946,1996.0,0.0,26903.0,-0.751219,-0.9638329999999999,BGD,CHE,5513
422220,23,41,946,1996.0,171169.0,10832.0,0.510789,1.749248,BGR,CHE,5513
422221,31,41,946,1996.0,0.0,11293.0,-0.5529930000000001,-0.600893,BOL,CHE,5513
422222,32,41,946,1996.0,975504.0,1515405.0,0.8087340000000001,1.370183,BRA,CHE,5513
422223,39,41,946,1996.0,123955.0,420772.0,0.970932,1.111111,CAN,CHE,5513
422224,42,41,946,1996.0,0.0,105882.0,-0.161334,-0.301695,CHL,CHE,5513
422225,43,41,946,1996.0,967359.0,10377.0,0.383975,2.197461,CHN,CHE,5513
422226,45,41,946,1996.0,0.0,17381.0,-1.172534,-1.099308,CMR,CHE,5513
422227,49,41,946,1996.0,0.0,832955.0,0.070101,0.08847999999999999,COL,CHE,5513
422228,52,41,946,1996.0,16646.0,71934.0,-0.23773000000000002,0.101373,CRI,CHE,5513
422229,54,41,946,1996.0,35063.0,0.0,-0.7669229999999999,-1.140361,CUB,CHE,5513
422230,58,41,946,1996.0,215667.0,0.0,0.11774200000000001,0.044968,CYP,CHE,5513
422231,59,41,946,1996.0,0.0,232789.0,1.412088,1.171914,CZE,CHE,5513
422232,61,41,946,1996.0,4504232.0,3043165.0,2.347101,-2.4792799999999997,DEU,CHE,5513
422233,63,41,946,1996.0,0.0,2405.0,0.521576,-0.075879,DMA,CHE,5513
422234,64,41,946,1996.0,1031.0,112082.0,1.416927,1.401766,DNK,CHE,5513
422235,65,41,946,1996.0,0.0,18789.0,-0.370096,-0.371728,DOM,CHE,5513
422236,66,41,946,1996.0,0.0,9228.0,-0.478062,-1.107679,DZA,CHE,5513
422237,67,41,946,1996.0,0.0,19992.0,-1.128953,-0.960469,ECU,CHE,5513
422238,68,41,946,1996.0,307736.0,16164.0,-0.405938,-0.209619,EGY,CHE,5513
422239,71,41,946,1996.0,900680.0,304606.0,1.157591,1.795643,ESP,CHE,5513
422240,74,41,946,1996.0,0.0,49473.0,2.007619,1.016303,FIN,CHE,5513
422241,77,41,946,1996.0,19631078.0,2882788.0,1.571365,1.187529,FRA,CHE,5513
422242,81,41,946,1996.0,1719815.0,461954.0,1.948148,0.882453,GBR,CHE,5513
422243,83,41,946,1996.0,0.0,15538.0,-1.037413,-1.019025,GHA,CHE,5513
422244,90,41,946,1996.0,28481.0,133454.0,0.21841799999999997,1.081136,GRC,CHE,5513
422245,93,41,946,1996.0,217325.0,15104.0,-0.28699,0.308033,GTM,CHE,5513
422246,97,41,946,1996.0,0.0,155588.0,0.699041,1.8341720000000001,HKG,CHE,5513
422247,99,41,946,1996.0,0.0,158991.0,-0.57404,-0.594276,HND,CHE,5513
422248,100,41,946,1996.0,0.0,2696.0,0.739223,1.3032030000000001,HRV,CHE,5513
422249,101,41,946,1996.0,168518.0,0.0,-0.7161029999999999,-0.737263,HTI,CHE,5513
422250,102,41,946,1996.0,94293.0,3700.0,0.905526,1.887735,HUN,CHE,5513
422251,103,41,946,1996.0,2748196.0,22123.0,-0.25952,1.343972,IDN,CHE,5513
422252,104,41,946,1996.0,374719.0,148525.0,0.145769,1.983642,IND,CHE,5513
422253,106,41,946,1996.0,7900476.0,1270279.0,1.476369,1.049152,IRL,CHE,5513
422254,109,41,946,1996.0,0.0,1251.0,0.10151,-0.44307799999999997,ISL,CHE,5513
422255,110,41,946,1996.0,566158.0,27838.0,1.159922,1.025777,ISR,CHE,5513
422256,111,41,946,1996.0,6176158.0,1399357.0,1.591442,0.875201,ITA,CHE,5513
422257,112,41,946,1996.0,1342.0,0.0,-0.64364,-0.8296379999999999,JAM,CHE,5513
422258,113,41,946,1996.0,0.0,15960.0,0.225125,-0.333293,JOR,CHE,5513
422259,114,41,946,1996.0,41764.0,2223715.0,2.858869,0.477455,JPN,CHE,5513
422260,116,41,946,1996.0,8805.0,50794.0,-0.470653,-0.119252,KEN,CHE,5513
422261,121,41,946,1996.0,0.0,46817.0,1.230793,1.0548959999999998,KOR,CHE,5513
422262,124,41,946,1996.0,1164.0,2050.0,-0.09233999999999999,0.127816,LBN,CHE,5513
422263,128,41,946,1996.0,109631.0,0.0,-0.71165,-0.320193,LKA,CHE,5513
422264,134,41,946,1996.0,297570.0,57465.0,-0.56512,-0.31006999999999996,MAR,CHE,5513
422265,136,41,946,1996.0,82093.0,0.0,-0.971575,-0.656497,MDG,CHE,5513
422266,138,41,946,1996.0,152087.0,689284.0,0.88569,1.044068,MEX,CHE,5513
422267,140,41,946,1996.0,0.0,29598.0,0.36478,0.760475,MKD,CHE,5513
422268,151,41,946,1996.0,0.0,119981.0,-0.578699,-0.831889,MUS,CHE,5513
422269,153,41,946,1996.0,0.0,5495.0,0.5493640000000001,0.248484,MYS,CHE,5513
422270,159,41,946,1996.0,0.0,126405.0,-1.9253069999999999,-1.247116,NGA,CHE,5513
422271,160,41,946,1996.0,0.0,52783.0,-0.810879,-0.64475,NIC,CHE,5513
422272,162,41,946,1996.0,194884.0,104744.0,1.331177,1.6320430000000001,NLD,CHE,5513
422273,163,41,946,1996.0,5170.0,48702.0,0.8207270000000001,0.043619,NOR,CHE,5513
422274,164,41,946,1996.0,1076.0,0.0,-0.570144,-0.63484,NPL,CHE,5513
422275,166,41,946,1996.0,72676.0,17045.0,0.404233,0.6724640000000001,NZL,CHE,5513
422276,167,41,946,1996.0,0.0,21889.0,-0.227075,-0.9778399999999999,OMN,CHE,5513
422277,168,41,946,1996.0,0.0,40453.0,-0.759362,-0.541712,PAK,CHE,5513
422278,169,41,946,1996.0,0.0,32094.0,-0.03243,-0.326329,PAN,CHE,5513
422279,173,41,946,1996.0,0.0,33843.0,-0.374308,-0.36733499999999997,PER,CHE,5513
422280,174,41,946,1996.0,0.0,135283.0,0.0020329999999999997,0.40715,PHL,CHE,5513
422281,177,41,946,1996.0,0.0,80784.0,0.806283,1.92897,POL,CHE,5513
422282,179,41,946,1996.0,22093.0,35546.0,0.49924799999999997,0.9969520000000001,PRT,CHE,5513
422283,180,41,946,1996.0,492476.0,46566.0,-0.667054,-0.648122,PRY,CHE,5513
422284,185,41,946,1996.0,0.0,1896.0,0.612166,1.201016,ROU,CHE,5513
422285,186,41,946,1996.0,13860.0,28423.0,0.505247,0.349848,RUS,CHE,5513
422286,188,41,946,1996.0,0.0,162469.0,-0.200762,-1.0419610000000001,SAU,CHE,5513
422287,189,41,946,1996.0,7994.0,3826.0,0.699084,2.2900150000000004,SCG,CHE,5513
422288,192,41,946,1996.0,207844.0,2287444.0,1.288635,0.259061,SGP,CHE,5513
422289,197,41,946,1996.0,0.0,81416.0,-0.228625,-0.150274,SLV,CHE,5513
422290,206,41,946,1996.0,6082.0,42015.0,1.1978739999999999,1.426243,SVK,CHE,5513
422291,207,41,946,1996.0,3369.0,53967.0,1.352015,1.396593,SVN,CHE,5513
422292,208,41,946,1996.0,0.0,94489.0,2.186414,0.848194,SWE,CHE,5513
422293,216,41,946,1996.0,0.0,53215.0,0.26155100000000003,1.146204,THA,CHE,5513
422294,222,41,946,1996.0,0.0,99203.0,-0.002541,-0.543624,TTO,CHE,5513
422295,223,41,946,1996.0,83497.0,0.0,-0.250917,-0.057383,TUN,CHE,5513
422296,224,41,946,1996.0,649474.0,167954.0,0.07259700000000001,1.734291,TUR,CHE,5513
422297,226,41,946,1996.0,1174.0,0.0,-1.186121,-0.6688390000000001,TZA,CHE,5513
422298,230,41,946,1996.0,0.0,14019.0,0.182427,0.689738,URY,CHE,5513
422299,231,41,946,1996.0,4388622.0,8072106.0,1.742391,1.003066,USA,CHE,5513
422300,236,41,946,1996.0,0.0,146194.0,-0.039967,-0.828263,VEN,CHE,5513
422301,246,41,946,1996.0,93356.0,304675.0,0.277171,1.489549,ZAF,CHE,5513
422302,247,41,946,1996.0,0.0,1333.0,-0.58634,-0.796772,ZMB,CHE,5513
422303,248,41,946,1996.0,1672.0,0.0,-0.46458999999999995,-0.273683,ZWE,CHE,5513
422304,249,41,946,1996.0,4070.0,115648.0,1.7375779999999998,1.4625860000000002,TWN,CHE,5513
422305,250,41,946,1996.0,0.0,1055.0,1.153784,0.831677,ANS,CHE,5513
422306,8,42,946,1996.0,908939.0,6377.0,0.007199,0.805707,ARG,CHL,5513
422307,14,42,946,1996.0,0.0,67389.0,0.025253,0.6428189999999999,AUS,CHL,5513
422308,22,42,946,1996.0,0.0,2306.0,-0.751219,-0.9638329999999999,BGD,CHL,5513
422309,31,42,946,1996.0,0.0,5849.0,-0.5529930000000001,-0.600893,BOL,CHL,5513
422310,32,42,946,1996.0,124243.0,0.0,0.8087340000000001,1.370183,BRA,CHL,5513
422311,39,42,946,1996.0,0.0,14829.0,0.970932,1.111111,CAN,CHL,5513
422312,41,42,946,1996.0,105882.0,0.0,2.344337,0.709607,CHE,CHL,5513
422313,49,42,946,1996.0,0.0,1083.0,0.070101,0.08847999999999999,COL,CHL,5513
422314,54,42,946,1996.0,0.0,5177.0,-0.7669229999999999,-1.140361,CUB,CHL,5513
422315,61,42,946,1996.0,67967.0,17923.0,2.347101,-2.4792799999999997,DEU,CHL,5513
422316,67,42,946,1996.0,0.0,5666.0,-1.128953,-0.960469,ECU,CHL,5513
422317,71,42,946,1996.0,112098.0,49280.0,1.157591,1.795643,ESP,CHL,5513
422318,74,42,946,1996.0,1343.0,0.0,2.007619,1.016303,FIN,CHL,5513
422319,77,42,946,1996.0,120590.0,18189.0,1.571365,1.187529,FRA,CHL,5513
422320,81,42,946,1996.0,120497.0,20659.0,1.948148,0.882453,GBR,CHL,5513
422321,93,42,946,1996.0,0.0,2659.0,-0.28699,0.308033,GTM,CHL,5513
422322,99,42,946,1996.0,0.0,1799.0,-0.57404,-0.594276,HND,CHL,5513
422323,110,42,946,1996.0,70804.0,0.0,1.159922,1.025777,ISR,CHL,5513
422324,111,42,946,1996.0,0.0,21222.0,1.591442,0.875201,ITA,CHL,5513
422325,114,42,946,1996.0,0.0,1603.0,2.858869,0.477455,JPN,CHL,5513
422326,134,42,946,1996.0,2688.0,0.0,-0.56512,-0.31006999999999996,MAR,CHL,5513
422327,138,42,946,1996.0,59983.0,0.0,0.88569,1.044068,MEX,CHL,5513
422328,173,42,946,1996.0,0.0,1808.0,-0.374308,-0.36733499999999997,PER,CHL,5513
422329,174,42,946,1996.0,0.0,1962.0,0.0020329999999999997,0.40715,PHL,CHL,5513
422330,180,42,946,1996.0,22445.0,2879.0,-0.667054,-0.648122,PRY,CHL,5513
422331,208,42,946,1996.0,0.0,1658.0,2.186414,0.848194,SWE,CHL,5513
422332,230,42,946,1996.0,2289.0,0.0,0.182427,0.689738,URY,CHL,5513
422333,231,42,946,1996.0,1448327.0,786875.0,1.742391,1.003066,USA,CHL,5513
422334,236,42,946,1996.0,0.0,2172.0,-0.039967,-0.828263,VEN,CHL,5513
422335,14,59,946,1996.0,77293.0,0.0,0.025253,0.6428189999999999,AUS,CZE,5513
422336,15,59,946,1996.0,159279.0,32956.0,2.012626,0.395525,AUT,CZE,5513
422337,18,59,946,1996.0,5384.0,0.0,1.5604850000000001,1.30819,BEL,CZE,5513
422338,32,59,946,1996.0,2221.0,0.0,0.8087340000000001,1.370183,BRA,CZE,5513
422339,41,59,946,1996.0,232789.0,0.0,2.344337,0.709607,CHE,CZE,5513
422340,43,59,946,1996.0,190808.0,0.0,0.383975,2.197461,CHN,CZE,5513
422341,61,59,946,1996.0,561780.0,81086.0,2.347101,-2.4792799999999997,DEU,CZE,5513
422342,64,59,946,1996.0,327451.0,0.0,1.416927,1.401766,DNK,CZE,5513
422343,68,59,946,1996.0,3286.0,0.0,-0.405938,-0.209619,EGY,CZE,5513
422344,71,59,946,1996.0,7108.0,0.0,1.157591,1.795643,ESP,CZE,5513
422345,77,59,946,1996.0,431147.0,17424.0,1.571365,1.187529,FRA,CZE,5513
422346,81,59,946,1996.0,30855.0,0.0,1.948148,0.882453,GBR,CZE,5513
422347,90,59,946,1996.0,98734.0,0.0,0.21841799999999997,1.081136,GRC,CZE,5513
422348,102,59,946,1996.0,0.0,12371.0,0.905526,1.887735,HUN,CZE,5513
422349,104,59,946,1996.0,11229.0,0.0,0.145769,1.983642,IND,CZE,5513
422350,106,59,946,1996.0,2900.0,0.0,1.476369,1.049152,IRL,CZE,5513
422351,111,59,946,1996.0,69616.0,4098.0,1.591442,0.875201,ITA,CZE,5513
422352,162,59,946,1996.0,49910.0,0.0,1.331177,1.6320430000000001,NLD,CZE,5513
422353,163,59,946,1996.0,48159.0,0.0,0.8207270000000001,0.043619,NOR,CZE,5513
422354,177,59,946,1996.0,1019.0,1199.0,0.806283,1.92897,POL,CZE,5513
422355,185,59,946,1996.0,3939.0,0.0,0.612166,1.201016,ROU,CZE,5513
422356,186,59,946,1996.0,0.0,1421.0,0.505247,0.349848,RUS,CZE,5513
422357,196,59,946,1996.0,0.0,1820.0,-0.0266,-0.390162,SLE,CZE,5513
422358,206,59,946,1996.0,58403.0,112336.0,1.1978739999999999,1.426243,SVK,CZE,5513
422359,207,59,946,1996.0,10452.0,0.0,1.352015,1.396593,SVN,CZE,5513
422360,208,59,946,1996.0,58841.0,0.0,2.186414,0.848194,SWE,CZE,5513
422361,228,59,946,1996.0,1211.0,1033.0,0.7582479999999999,1.1207340000000001,UKR,CZE,5513
422362,231,59,946,1996.0,2333.0,0.0,1.742391,1.003066,USA,CZE,5513
422363,250,59,946,1996.0,42446.0,0.0,1.153784,0.831677,ANS,CZE,5513
422364,18,66,946,1996.0,88495.0,0.0,1.5604850000000001,1.30819,BEL,DZA,5513
422365,41,66,946,1996.0,9228.0,0.0,2.344337,0.709607,CHE,DZA,5513
422366,61,66,946,1996.0,9001.0,0.0,2.347101,-2.4792799999999997,DEU,DZA,5513
422367,68,66,946,1996.0,1102.0,0.0,-0.405938,-0.209619,EGY,DZA,5513
422368,71,66,946,1996.0,141474.0,0.0,1.157591,1.795643,ESP,DZA,5513
422369,77,66,946,1996.0,219290.0,13169.0,1.571365,1.187529,FRA,DZA,5513
422370,104,66,946,1996.0,1321.0,0.0,0.145769,1.983642,IND,DZA,5513
422371,111,66,946,1996.0,89337.0,0.0,1.591442,0.875201,ITA,DZA,5513
422372,134,66,946,1996.0,12196.0,0.0,-0.56512,-0.31006999999999996,MAR,DZA,5513
422373,162,66,946,1996.0,2475.0,0.0,1.331177,1.6320430000000001,NLD,DZA,5513
422374,231,66,946,1996.0,1383.0,0.0,1.742391,1.003066,USA,DZA,5513
422375,8,68,946,1996.0,0.0,24354.0,0.007199,0.805707,ARG,EGY,5513
422376,14,68,946,1996.0,0.0,146042.0,0.025253,0.6428189999999999,AUS,EGY,5513
422377,15,68,946,1996.0,0.0,48296.0,2.012626,0.395525,AUT,EGY,5513
422378,18,68,946,1996.0,46732.0,74131.0,1.5604850000000001,1.30819,BEL,EGY,5513
422379,32,68,946,1996.0,18709.0,4364.0,0.8087340000000001,1.370183,BRA,EGY,5513
422380,39,68,946,1996.0,0.0,14898.0,0.970932,1.111111,CAN,EGY,5513
422381,41,68,946,1996.0,16164.0,307736.0,2.344337,0.709607,CHE,EGY,5513
422382,43,68,946,1996.0,91974.0,0.0,0.383975,2.197461,CHN,EGY,5513
422383,59,68,946,1996.0,0.0,3286.0,1.412088,1.171914,CZE,EGY,5513
422384,61,68,946,1996.0,189209.0,723901.0,2.347101,-2.4792799999999997,DEU,EGY,5513
422385,66,68,946,1996.0,0.0,1102.0,-0.478062,-1.107679,DZA,EGY,5513
422386,71,68,946,1996.0,18135.0,127799.0,1.157591,1.795643,ESP,EGY,5513
422387,77,68,946,1996.0,2390456.0,4941860.0,1.571365,1.187529,FRA,EGY,5513
422388,81,68,946,1996.0,641440.0,755533.0,1.948148,0.882453,GBR,EGY,5513
422389,90,68,946,1996.0,0.0,2423.0,0.21841799999999997,1.081136,GRC,EGY,5513
422390,97,68,946,1996.0,0.0,5205.0,0.699041,1.8341720000000001,HKG,EGY,5513
422391,104,68,946,1996.0,5211.0,73432.0,0.145769,1.983642,IND,EGY,5513
422392,106,68,946,1996.0,28826.0,13202.0,1.476369,1.049152,IRL,EGY,5513
422393,110,68,946,1996.0,0.0,13897.0,1.159922,1.025777,ISR,EGY,5513
422394,111,68,946,1996.0,121727.0,5368.0,1.591442,0.875201,ITA,EGY,5513
422395,113,68,946,1996.0,0.0,28030.0,0.225125,-0.333293,JOR,EGY,5513
422396,114,68,946,1996.0,0.0,147813.0,2.858869,0.477455,JPN,EGY,5513
422397,122,68,946,1996.0,0.0,25940.0,-0.412797,-1.1335899999999999,KWT,EGY,5513
422398,126,68,946,1996.0,0.0,30621.0,-0.482066,-1.163722,LBY,EGY,5513
422399,138,68,946,1996.0,0.0,11219.0,0.88569,1.044068,MEX,EGY,5513
422400,153,68,946,1996.0,0.0,2650.0,0.5493640000000001,0.248484,MYS,EGY,5513
422401,162,68,946,1996.0,118315.0,36810.0,1.331177,1.6320430000000001,NLD,EGY,5513
422402,163,68,946,1996.0,0.0,2556.0,0.8207270000000001,0.043619,NOR,EGY,5513
422403,186,68,946,1996.0,302931.0,5275.0,0.505247,0.349848,RUS,EGY,5513
422404,188,68,946,1996.0,4986.0,81630.0,-0.200762,-1.0419610000000001,SAU,EGY,5513
422405,190,68,946,1996.0,0.0,3938.0,-1.342853,-1.183092,SDN,EGY,5513
422406,192,68,946,1996.0,0.0,59194.0,1.288635,0.259061,SGP,EGY,5513
422407,208,68,946,1996.0,0.0,39380.0,2.186414,0.848194,SWE,EGY,5513
422408,212,68,946,1996.0,0.0,6679.0,-1.096481,-1.0157260000000001,SYR,EGY,5513
422409,231,68,946,1996.0,496901.0,1366403.0,1.742391,1.003066,USA,EGY,5513
422410,250,68,946,1996.0,3865.0,0.0,1.153784,0.831677,ANS,EGY,5513
422411,61,72,946,1996.0,44085.0,0.0,2.347101,-2.4792799999999997,DEU,EST,5513
422412,71,72,946,1996.0,1031.0,0.0,1.157591,1.795643,ESP,EST,5513
422413,74,72,946,1996.0,17197.0,2018.0,2.007619,1.016303,FIN,EST,5513
422414,81,72,946,1996.0,2120.0,0.0,1.948148,0.882453,GBR,EST,5513
422415,82,72,946,1996.0,0.0,1449.0,0.28868499999999997,0.115705,GEO,EST,5513
422416,111,72,946,1996.0,1092.0,0.0,1.591442,0.875201,ITA,EST,5513
422417,132,72,946,1996.0,4189.0,0.0,0.255258,0.42505299999999996,LVA,EST,5513
422418,162,72,946,1996.0,14160.0,0.0,1.331177,1.6320430000000001,NLD,EST,5513
422419,206,72,946,1996.0,2412.0,0.0,1.1978739999999999,1.426243,SVK,EST,5513
422420,208,72,946,1996.0,9560.0,0.0,2.186414,0.848194,SWE,EST,5513
422421,228,72,946,1996.0,0.0,9491.0,0.7582479999999999,1.1207340000000001,UKR,EST,5513
422422,250,72,946,1996.0,6500.0,0.0,1.153784,0.831677,ANS,EST,5513
422423,7,83,946,1996.0,4856.0,0.0,-0.43356400000000006,-0.8715719999999999,ARE,GHA,5513
422424,41,83,946,1996.0,15538.0,0.0,2.344337,0.709607,CHE,GHA,5513
422425,43,83,946,1996.0,2574.0,0.0,0.383975,2.197461,CHN,GHA,5513
422426,61,83,946,1996.0,27735.0,0.0,2.347101,-2.4792799999999997,DEU,GHA,5513
422427,77,83,946,1996.0,3106.0,0.0,1.571365,1.187529,FRA,GHA,5513
422428,81,83,946,1996.0,89202.0,0.0,1.948148,0.882453,GBR,GHA,5513
422429,103,83,946,1996.0,4385.0,0.0,-0.25952,1.343972,IDN,GHA,5513
422430,104,83,946,1996.0,10487.0,0.0,0.145769,1.983642,IND,GHA,5513
422431,106,83,946,1996.0,95207.0,0.0,1.476369,1.049152,IRL,GHA,5513
422432,114,83,946,1996.0,1638.0,0.0,2.858869,0.477455,JPN,GHA,5513
422433,159,83,946,1996.0,30191.0,0.0,-1.9253069999999999,-1.247116,NGA,GHA,5513
422434,162,83,946,1996.0,7889.0,0.0,1.331177,1.6320430000000001,NLD,GHA,5513
422435,215,83,946,1996.0,0.0,6258.0,-0.879626,-0.748842,TGO,GHA,5513
422436,231,83,946,1996.0,28686.0,0.0,1.742391,1.003066,USA,GHA,5513
422437,246,83,946,1996.0,49739.0,10426.0,0.277171,1.489549,ZAF,GHA,5513
422438,14,102,946,1996.0,1055.0,2595.0,0.025253,0.6428189999999999,AUS,HUN,5513
422439,15,102,946,1996.0,237196.0,174788.0,2.012626,0.395525,AUT,HUN,5513
422440,18,102,946,1996.0,2649.0,17573.0,1.5604850000000001,1.30819,BEL,HUN,5513
422441,26,102,946,1996.0,1000.0,0.0,0.5718949999999999,0.991791,BIH,HUN,5513
422442,39,102,946,1996.0,2276.0,0.0,0.970932,1.111111,CAN,HUN,5513
422443,41,102,946,1996.0,3700.0,94293.0,2.344337,0.709607,CHE,HUN,5513
422444,43,102,946,1996.0,36264.0,0.0,0.383975,2.197461,CHN,HUN,5513
422445,59,102,946,1996.0,12371.0,0.0,1.412088,1.171914,CZE,HUN,5513
422446,61,102,946,1996.0,163320.0,317205.0,2.347101,-2.4792799999999997,DEU,HUN,5513
422447,71,102,946,1996.0,29463.0,23329.0,1.157591,1.795643,ESP,HUN,5513
422448,77,102,946,1996.0,314379.0,262961.0,1.571365,1.187529,FRA,HUN,5513
422449,81,102,946,1996.0,226699.0,10312.0,1.948148,0.882453,GBR,HUN,5513
422450,103,102,946,1996.0,1948.0,0.0,-0.25952,1.343972,IDN,HUN,5513
422451,104,102,946,1996.0,7577.0,0.0,0.145769,1.983642,IND,HUN,5513
422452,106,102,946,1996.0,33937.0,0.0,1.476369,1.049152,IRL,HUN,5513
422453,110,102,946,1996.0,1591.0,0.0,1.159922,1.025777,ISR,HUN,5513
422454,111,102,946,1996.0,69488.0,6948.0,1.591442,0.875201,ITA,HUN,5513
422455,114,102,946,1996.0,0.0,63865.0,2.858869,0.477455,JPN,HUN,5513
422456,142,102,946,1996.0,7358.0,0.0,1.245592,0.446754,MLT,HUN,5513
422457,162,102,946,1996.0,16787.0,0.0,1.331177,1.6320430000000001,NLD,HUN,5513
422458,185,102,946,1996.0,13214.0,72035.0,0.612166,1.201016,ROU,HUN,5513
422459,186,102,946,1996.0,0.0,22776.0,0.505247,0.349848,RUS,HUN,5513
422460,189,102,946,1996.0,1638.0,7801.0,0.699084,2.2900150000000004,SCG,HUN,5513
422461,206,102,946,1996.0,1948.0,40325.0,1.1978739999999999,1.426243,SVK,HUN,5513
422462,207,102,946,1996.0,6314.0,0.0,1.352015,1.396593,SVN,HUN,5513
422463,208,102,946,1996.0,0.0,268275.0,2.186414,0.848194,SWE,HUN,5513
422464,224,102,946,1996.0,0.0,5524.0,0.07259700000000001,1.734291,TUR,HUN,5513
422465,231,102,946,1996.0,37005.0,586663.0,1.742391,1.003066,USA,HUN,5513
422466,249,102,946,1996.0,0.0,1000.0,1.7375779999999998,1.4625860000000002,TWN,HUN,5513
422467,7,103,946,1996.0,0.0,15384.0,-0.43356400000000006,-0.8715719999999999,ARE,IDN,5513
422468,8,103,946,1996.0,16496.0,37431.0,0.007199,0.805707,ARG,IDN,5513
422469,14,103,946,1996.0,87255.0,172951.0,0.025253,0.6428189999999999,AUS,IDN,5513
422470,15,103,946,1996.0,42916.0,12448.0,2.012626,0.395525,AUT,IDN,5513
422471,18,103,946,1996.0,0.0,3888.0,1.5604850000000001,1.30819,BEL,IDN,5513
422472,22,103,946,1996.0,0.0,5775.0,-0.751219,-0.9638329999999999,BGD,IDN,5513
422473,32,103,946,1996.0,54834.0,50500.0,0.8087340000000001,1.370183,BRA,IDN,5513
422474,39,103,946,1996.0,0.0,131181.0,0.970932,1.111111,CAN,IDN,5513
422475,41,103,946,1996.0,22123.0,2748196.0,2.344337,0.709607,CHE,IDN,5513
422476,43,103,946,1996.0,1219528.0,248162.0,0.383975,2.197461,CHN,IDN,5513
422477,61,103,946,1996.0,111464.0,2171888.0,2.347101,-2.4792799999999997,DEU,IDN,5513
422478,71,103,946,1996.0,85501.0,1717762.0,1.157591,1.795643,ESP,IDN,5513
422479,77,103,946,1996.0,829891.0,3966864.0,1.571365,1.187529,FRA,IDN,5513
422480,81,103,946,1996.0,288805.0,2931822.0,1.948148,0.882453,GBR,IDN,5513
422481,83,103,946,1996.0,0.0,4385.0,-1.037413,-1.019025,GHA,IDN,5513
422482,90,103,946,1996.0,0.0,3291.0,0.21841799999999997,1.081136,GRC,IDN,5513
422483,97,103,946,1996.0,757942.0,216633.0,0.699041,1.8341720000000001,HKG,IDN,5513
422484,102,103,946,1996.0,0.0,1948.0,0.905526,1.887735,HUN,IDN,5513
422485,104,103,946,1996.0,12172.0,989861.0,0.145769,1.983642,IND,IDN,5513
422486,106,103,946,1996.0,40197.0,35359.0,1.476369,1.049152,IRL,IDN,5513
422487,107,103,946,1996.0,0.0,43597.0,-1.0058129999999998,-1.215661,IRN,IDN,5513
422488,111,103,946,1996.0,169028.0,115942.0,1.591442,0.875201,ITA,IDN,5513
422489,114,103,946,1996.0,75957.0,1802354.0,2.858869,0.477455,JPN,IDN,5513
422490,121,103,946,1996.0,0.0,15174.0,1.230793,1.0548959999999998,KOR,IDN,5513
422491,128,103,946,1996.0,0.0,15779.0,-0.71165,-0.320193,LKA,IDN,5513
422492,136,103,946,1996.0,179653.0,0.0,-0.971575,-0.656497,MDG,IDN,5513
422493,138,103,946,1996.0,21096.0,1024910.0,0.88569,1.044068,MEX,IDN,5513
422494,153,103,946,1996.0,12267.0,244002.0,0.5493640000000001,0.248484,MYS,IDN,5513
422495,162,103,946,1996.0,411568.0,568170.0,1.331177,1.6320430000000001,NLD,IDN,5513
422496,166,103,946,1996.0,0.0,12518.0,0.404233,0.6724640000000001,NZL,IDN,5513
422497,168,103,946,1996.0,0.0,269480.0,-0.759362,-0.541712,PAK,IDN,5513
422498,174,103,946,1996.0,6344.0,9628.0,0.0020329999999999997,0.40715,PHL,IDN,5513
422499,176,103,946,1996.0,7544.0,2998.0,-1.918864,-1.24327,PNG,IDN,5513
422500,186,103,946,1996.0,0.0,8845.0,0.505247,0.349848,RUS,IDN,5513
422501,188,103,946,1996.0,0.0,47356.0,-0.200762,-1.0419610000000001,SAU,IDN,5513
422502,192,103,946,1996.0,177601.0,2659511.0,1.288635,0.259061,SGP,IDN,5513
422503,208,103,946,1996.0,13650.0,0.0,2.186414,0.848194,SWE,IDN,5513
422504,216,103,946,1996.0,7306.0,98968.0,0.26155100000000003,1.146204,THA,IDN,5513
422505,224,103,946,1996.0,0.0,356880.0,0.07259700000000001,1.734291,TUR,IDN,5513
422506,231,103,946,1996.0,1253091.0,8994487.0,1.742391,1.003066,USA,IDN,5513
422507,246,103,946,1996.0,0.0,21211.0,0.277171,1.489549,ZAF,IDN,5513
422508,249,103,946,1996.0,16816.0,49547.0,1.7375779999999998,1.4625860000000002,TWN,IDN,5513
422509,1,104,946,1996.0,0.0,117420.0,-0.760436,-0.864967,AFG,IND,5513
422510,7,104,946,1996.0,3268.0,1211518.0,-0.43356400000000006,-0.8715719999999999,ARE,IND,5513
422511,8,104,946,1996.0,0.0,448863.0,0.007199,0.805707,ARG,IND,5513
422512,14,104,946,1996.0,8687.0,329814.0,0.025253,0.6428189999999999,AUS,IND,5513
422513,15,104,946,1996.0,5993.0,38424.0,2.012626,0.395525,AUT,IND,5513
422514,18,104,946,1996.0,136319.0,48507.0,1.5604850000000001,1.30819,BEL,IND,5513
422515,22,104,946,1996.0,0.0,27079.0,-0.751219,-0.9638329999999999,BGD,IND,5513
422516,23,104,946,1996.0,51511.0,0.0,0.510789,1.749248,BGR,IND,5513
422517,24,104,946,1996.0,0.0,54823.0,-0.359199,-0.9925,BHR,IND,5513
422518,28,104,946,1996.0,0.0,18975.0,0.785274,1.0126899999999999,BLR,IND,5513
422519,32,104,946,1996.0,636996.0,2914131.0,0.8087340000000001,1.370183,BRA,IND,5513
422520,39,104,946,1996.0,42902.0,360531.0,0.970932,1.111111,CAN,IND,5513
422521,41,104,946,1996.0,148525.0,374719.0,2.344337,0.709607,CHE,IND,5513
422522,43,104,946,1996.0,840380.0,2224468.0,0.383975,2.197461,CHN,IND,5513
422523,59,104,946,1996.0,0.0,11229.0,1.412088,1.171914,CZE,IND,5513
422524,61,104,946,1996.0,453466.0,3636129.0,2.347101,-2.4792799999999997,DEU,IND,5513
422525,64,104,946,1996.0,0.0,24965.0,1.416927,1.401766,DNK,IND,5513
422526,66,104,946,1996.0,0.0,1321.0,-0.478062,-1.107679,DZA,IND,5513
422527,68,104,946,1996.0,73432.0,5211.0,-0.405938,-0.209619,EGY,IND,5513
422528,71,104,946,1996.0,134333.0,2321442.0,1.157591,1.795643,ESP,IND,5513
422529,74,104,946,1996.0,0.0,29634.0,2.007619,1.016303,FIN,IND,5513
422530,75,104,946,1996.0,0.0,1804.0,-0.801999,-0.9148850000000001,FJI,IND,5513
422531,77,104,946,1996.0,2923721.0,6216984.0,1.571365,1.187529,FRA,IND,5513
422532,81,104,946,1996.0,2113266.0,3684156.0,1.948148,0.882453,GBR,IND,5513
422533,82,104,946,1996.0,0.0,7824.0,0.28868499999999997,0.115705,GEO,IND,5513
422534,83,104,946,1996.0,0.0,10487.0,-1.037413,-1.019025,GHA,IND,5513
422535,90,104,946,1996.0,0.0,35043.0,0.21841799999999997,1.081136,GRC,IND,5513
422536,97,104,946,1996.0,51494.0,555076.0,0.699041,1.8341720000000001,HKG,IND,5513
422537,102,104,946,1996.0,0.0,7577.0,0.905526,1.887735,HUN,IND,5513
422538,103,104,946,1996.0,989861.0,12172.0,-0.25952,1.343972,IDN,IND,5513
422539,106,104,946,1996.0,1252.0,0.0,1.476369,1.049152,IRL,IND,5513
422540,110,104,946,1996.0,32963.0,88832.0,1.159922,1.025777,ISR,IND,5513
422541,111,104,946,1996.0,297845.0,279218.0,1.591442,0.875201,ITA,IND,5513
422542,114,104,946,1996.0,44328.0,5328848.0,2.858869,0.477455,JPN,IND,5513
422543,116,104,946,1996.0,0.0,18860.0,-0.470653,-0.119252,KEN,IND,5513
422544,121,104,946,1996.0,62461.0,1330913.0,1.230793,1.0548959999999998,KOR,IND,5513
422545,122,104,946,1996.0,0.0,40296.0,-0.412797,-1.1335899999999999,KWT,IND,5513
422546,128,104,946,1996.0,31646.0,133635.0,-0.71165,-0.320193,LKA,IND,5513
422547,132,104,946,1996.0,0.0,5981.0,0.255258,0.42505299999999996,LVA,IND,5513
422548,136,104,946,1996.0,274818.0,0.0,-0.971575,-0.656497,MDG,IND,5513
422549,137,104,946,1996.0,0.0,7766.0,-1.1896639999999998,-1.077542,MDV,IND,5513
422550,138,104,946,1996.0,16608.0,363380.0,0.88569,1.044068,MEX,IND,5513
422551,151,104,946,1996.0,0.0,20647.0,-0.578699,-0.831889,MUS,IND,5513
422552,153,104,946,1996.0,54691.0,16437.0,0.5493640000000001,0.248484,MYS,IND,5513
422553,159,104,946,1996.0,0.0,78548.0,-1.9253069999999999,-1.247116,NGA,IND,5513
422554,162,104,946,1996.0,499871.0,615235.0,1.331177,1.6320430000000001,NLD,IND,5513
422555,164,104,946,1996.0,8475.0,12802.0,-0.570144,-0.63484,NPL,IND,5513
422556,166,104,946,1996.0,0.0,39683.0,0.404233,0.6724640000000001,NZL,IND,5513
422557,167,104,946,1996.0,0.0,137810.0,-0.227075,-0.9778399999999999,OMN,IND,5513
422558,168,104,946,1996.0,0.0,7159.0,-0.759362,-0.541712,PAK,IND,5513
422559,174,104,946,1996.0,0.0,54443.0,0.0020329999999999997,0.40715,PHL,IND,5513
422560,177,104,946,1996.0,0.0,140011.0,0.806283,1.92897,POL,IND,5513
422561,178,104,946,1996.0,0.0,15862.0,0.778948,1.1338979999999999,PRK,IND,5513
422562,180,104,946,1996.0,59795.0,12972.0,-0.667054,-0.648122,PRY,IND,5513
422563,186,104,946,1996.0,14089.0,364280.0,0.505247,0.349848,RUS,IND,5513
422564,188,104,946,1996.0,0.0,1397843.0,-0.200762,-1.0419610000000001,SAU,IND,5513
422565,190,104,946,1996.0,0.0,89722.0,-1.342853,-1.183092,SDN,IND,5513
422566,192,104,946,1996.0,1220327.0,2323934.0,1.288635,0.259061,SGP,IND,5513
422567,196,104,946,1996.0,0.0,65758.0,-0.0266,-0.390162,SLE,IND,5513
422568,207,104,946,1996.0,0.0,2883.0,1.352015,1.396593,SVN,IND,5513
422569,208,104,946,1996.0,0.0,69356.0,2.186414,0.848194,SWE,IND,5513
422570,216,104,946,1996.0,15160.0,13651.0,0.26155100000000003,1.146204,THA,IND,5513
422571,222,104,946,1996.0,0.0,5583.0,-0.002541,-0.543624,TTO,IND,5513
422572,224,104,946,1996.0,2246.0,12197.0,0.07259700000000001,1.734291,TUR,IND,5513
422573,226,104,946,1996.0,0.0,6847.0,-1.186121,-0.6688390000000001,TZA,IND,5513
422574,227,104,946,1996.0,0.0,3702.0,-1.105896,-0.910169,UGA,IND,5513
422575,228,104,946,1996.0,0.0,38521.0,0.7582479999999999,1.1207340000000001,UKR,IND,5513
422576,230,104,946,1996.0,0.0,14464.0,0.182427,0.689738,URY,IND,5513
422577,231,104,946,1996.0,656349.0,25437548.0,1.742391,1.003066,USA,IND,5513
422578,236,104,946,1996.0,0.0,3048.0,-0.039967,-0.828263,VEN,IND,5513
422579,239,104,946,1996.0,67412.0,5599.0,-0.8099569999999999,-0.032258999999999996,VNM,IND,5513
422580,243,104,946,1996.0,0.0,50267.0,-1.395,-1.26641,YEM,IND,5513
422581,246,104,946,1996.0,12197.0,76025.0,0.277171,1.489549,ZAF,IND,5513
422582,248,104,946,1996.0,0.0,1344.0,-0.46458999999999995,-0.273683,ZWE,IND,5513
422583,249,104,946,1996.0,55125.0,884582.0,1.7375779999999998,1.4625860000000002,TWN,IND,5513
422584,250,104,946,1996.0,0.0,1115.0,1.153784,0.831677,ANS,IND,5513
422585,8,114,946,1996.0,237591.0,18416.0,0.007199,0.805707,ARG,JPN,5513
422586,14,114,946,1996.0,324972.0,84903.0,0.025253,0.6428189999999999,AUS,JPN,5513
422587,15,114,946,1996.0,365883.0,25549.0,2.012626,0.395525,AUT,JPN,5513
422588,18,114,946,1996.0,309500.0,6728.0,1.5604850000000001,1.30819,BEL,JPN,5513
422589,22,114,946,1996.0,0.0,1136.0,-0.751219,-0.9638329999999999,BGD,JPN,5513
422590,23,114,946,1996.0,200660.0,0.0,0.510789,1.749248,BGR,JPN,5513
422591,32,114,946,1996.0,12032645.0,82748.0,0.8087340000000001,1.370183,BRA,JPN,5513
422592,39,114,946,1996.0,177935.0,19894.0,0.970932,1.111111,CAN,JPN,5513
422593,41,114,946,1996.0,2223715.0,41764.0,2.344337,0.709607,CHE,JPN,5513
422594,42,114,946,1996.0,1603.0,0.0,-0.161334,-0.301695,CHL,JPN,5513
422595,43,114,946,1996.0,12913457.0,156969.0,0.383975,2.197461,CHN,JPN,5513
422596,44,114,946,1996.0,14222.0,0.0,-0.890915,-0.8165399999999999,CIV,JPN,5513
422597,50,114,946,1996.0,73620.0,0.0,0.003669,-0.6884,COM,JPN,5513
422598,61,114,946,1996.0,729085.0,204289.0,2.347101,-2.4792799999999997,DEU,JPN,5513
422599,63,114,946,1996.0,25852.0,0.0,0.521576,-0.075879,DMA,JPN,5513
422600,64,114,946,1996.0,0.0,145453.0,1.416927,1.401766,DNK,JPN,5513
422601,67,114,946,1996.0,2238.0,0.0,-1.128953,-0.960469,ECU,JPN,5513
422602,68,114,946,1996.0,147813.0,0.0,-0.405938,-0.209619,EGY,JPN,5513
422603,71,114,946,1996.0,727618.0,579156.0,1.157591,1.795643,ESP,JPN,5513
422604,77,114,946,1996.0,9460298.0,409922.0,1.571365,1.187529,FRA,JPN,5513
422605,81,114,946,1996.0,19367778.0,56606.0,1.948148,0.882453,GBR,JPN,5513
422606,83,114,946,1996.0,0.0,1638.0,-1.037413,-1.019025,GHA,JPN,5513
422607,93,114,946,1996.0,180982.0,0.0,-0.28699,0.308033,GTM,JPN,5513
422608,97,114,946,1996.0,280214.0,205534.0,0.699041,1.8341720000000001,HKG,JPN,5513
422609,101,114,946,1996.0,1771.0,0.0,-0.7161029999999999,-0.737263,HTI,JPN,5513
422610,102,114,946,1996.0,63865.0,0.0,0.905526,1.887735,HUN,JPN,5513
422611,103,114,946,1996.0,1802354.0,75957.0,-0.25952,1.343972,IDN,JPN,5513
422612,104,114,946,1996.0,5328848.0,44328.0,0.145769,1.983642,IND,JPN,5513
422613,106,114,946,1996.0,1347744.0,1440.0,1.476369,1.049152,IRL,JPN,5513
422614,110,114,946,1996.0,675041.0,0.0,1.159922,1.025777,ISR,JPN,5513
422615,111,114,946,1996.0,1989886.0,10047.0,1.591442,0.875201,ITA,JPN,5513
422616,112,114,946,1996.0,43181.0,0.0,-0.64364,-0.8296379999999999,JAM,JPN,5513
422617,121,114,946,1996.0,0.0,513848.0,1.230793,1.0548959999999998,KOR,JPN,5513
422618,128,114,946,1996.0,34267.0,0.0,-0.71165,-0.320193,LKA,JPN,5513
422619,133,114,946,1996.0,0.0,5361.0,-0.089625,-0.42184499999999997,MAC,JPN,5513
422620,134,114,946,1996.0,287705.0,3461.0,-0.56512,-0.31006999999999996,MAR,JPN,5513
422621,136,114,946,1996.0,23289.0,0.0,-0.971575,-0.656497,MDG,JPN,5513
422622,138,114,946,1996.0,402714.0,103239.0,0.88569,1.044068,MEX,JPN,5513
422623,145,114,946,1996.0,0.0,1056.0,-0.279007,-0.948549,MNG,JPN,5513
422624,153,114,946,1996.0,0.0,369333.0,0.5493640000000001,0.248484,MYS,JPN,5513
422625,162,114,946,1996.0,2726062.0,48631.0,1.331177,1.6320430000000001,NLD,JPN,5513
422626,163,114,946,1996.0,0.0,12738.0,0.8207270000000001,0.043619,NOR,JPN,5513
422627,166,114,946,1996.0,73525.0,21825.0,0.404233,0.6724640000000001,NZL,JPN,5513
422628,174,114,946,1996.0,32505.0,43984.0,0.0020329999999999997,0.40715,PHL,JPN,5513
422629,178,114,946,1996.0,195456.0,0.0,0.778948,1.1338979999999999,PRK,JPN,5513
422630,179,114,946,1996.0,204098.0,0.0,0.49924799999999997,0.9969520000000001,PRT,JPN,5513
422631,180,114,946,1996.0,191294.0,0.0,-0.667054,-0.648122,PRY,JPN,5513
422632,186,114,946,1996.0,3513.0,0.0,0.505247,0.349848,RUS,JPN,5513
422633,188,114,946,1996.0,0.0,17278.0,-0.200762,-1.0419610000000001,SAU,JPN,5513
422634,192,114,946,1996.0,219256.0,196994.0,1.288635,0.259061,SGP,JPN,5513
422635,216,114,946,1996.0,1496321.0,603817.0,0.26155100000000003,1.146204,THA,JPN,5513
422636,223,114,946,1996.0,11550.0,0.0,-0.250917,-0.057383,TUN,JPN,5513
422637,224,114,946,1996.0,429746.0,0.0,0.07259700000000001,1.734291,TUR,JPN,5513
422638,230,114,946,1996.0,0.0,53969.0,0.182427,0.689738,URY,JPN,5513
422639,231,114,946,1996.0,28966640.0,1662216.0,1.742391,1.003066,USA,JPN,5513
422640,239,114,946,1996.0,503347.0,0.0,-0.8099569999999999,-0.032258999999999996,VNM,JPN,5513
422641,246,114,946,1996.0,288214.0,0.0,0.277171,1.489549,ZAF,JPN,5513
422642,249,114,946,1996.0,1918276.0,1018863.0,1.7375779999999998,1.4625860000000002,TWN,JPN,5513
422643,186,117,946,1996.0,17716.0,116522.0,0.505247,0.349848,RUS,KGZ,5513
422644,61,130,946,1996.0,8067.0,0.0,2.347101,-2.4792799999999997,DEU,LTU,5513
422645,77,130,946,1996.0,2652.0,1449.0,1.571365,1.187529,FRA,LTU,5513
422646,81,130,946,1996.0,18990.0,0.0,1.948148,0.882453,GBR,LTU,5513
422647,132,130,946,1996.0,4919.0,0.0,0.255258,0.42505299999999996,LVA,LTU,5513
422648,177,130,946,1996.0,2951.0,0.0,0.806283,1.92897,POL,LTU,5513
422649,208,130,946,1996.0,1107.0,0.0,2.186414,0.848194,SWE,LTU,5513
422650,250,130,946,1996.0,20054.0,0.0,1.153784,0.831677,ANS,LTU,5513
422651,15,132,946,1996.0,3139.0,0.0,2.012626,0.395525,AUT,LVA,5513
422652,28,132,946,1996.0,0.0,8553.0,0.785274,1.0126899999999999,BLR,LVA,5513
422653,61,132,946,1996.0,15203.0,0.0,2.347101,-2.4792799999999997,DEU,LVA,5513
422654,71,132,946,1996.0,1261.0,0.0,1.157591,1.795643,ESP,LVA,5513
422655,72,132,946,1996.0,0.0,4189.0,0.445854,1.115429,EST,LVA,5513
422656,74,132,946,1996.0,6365.0,0.0,2.007619,1.016303,FIN,LVA,5513
422657,77,132,946,1996.0,1557.0,0.0,1.571365,1.187529,FRA,LVA,5513
422658,81,132,946,1996.0,3948.0,0.0,1.948148,0.882453,GBR,LVA,5513
422659,104,132,946,1996.0,5981.0,0.0,0.145769,1.983642,IND,LVA,5513
422660,111,132,946,1996.0,15501.0,0.0,1.591442,0.875201,ITA,LVA,5513
422661,130,132,946,1996.0,0.0,4919.0,0.360994,1.092575,LTU,LVA,5513
422662,177,132,946,1996.0,8715.0,0.0,0.806283,1.92897,POL,LVA,5513
422663,186,132,946,1996.0,2739.0,9475.0,0.505247,0.349848,RUS,LVA,5513
422664,208,132,946,1996.0,26876.0,0.0,2.186414,0.848194,SWE,LVA,5513
422665,228,132,946,1996.0,0.0,17610.0,0.7582479999999999,1.1207340000000001,UKR,LVA,5513
422666,231,132,946,1996.0,14292.0,0.0,1.742391,1.003066,USA,LVA,5513
422667,61,142,946,1996.0,2333.0,0.0,2.347101,-2.4792799999999997,DEU,MLT,5513
422668,77,142,946,1996.0,2212.0,0.0,1.571365,1.187529,FRA,MLT,5513
422669,81,142,946,1996.0,91438.0,0.0,1.948148,0.882453,GBR,MLT,5513
422670,102,142,946,1996.0,0.0,7358.0,0.905526,1.887735,HUN,MLT,5513
422671,111,142,946,1996.0,95825.0,0.0,1.591442,0.875201,ITA,MLT,5513
422672,162,142,946,1996.0,2573.0,0.0,1.331177,1.6320430000000001,NLD,MLT,5513
422673,7,167,946,1996.0,92674.0,2789.0,-0.43356400000000006,-0.8715719999999999,ARE,OMN,5513
422674,14,167,946,1996.0,65468.0,0.0,0.025253,0.6428189999999999,AUS,OMN,5513
422675,24,167,946,1996.0,3332.0,0.0,-0.359199,-0.9925,BHR,OMN,5513
422676,41,167,946,1996.0,21889.0,0.0,2.344337,0.709607,CHE,OMN,5513
422677,61,167,946,1996.0,2846.0,0.0,2.347101,-2.4792799999999997,DEU,OMN,5513
422678,71,167,946,1996.0,127453.0,8711.0,1.157591,1.795643,ESP,OMN,5513
422679,77,167,946,1996.0,13090.0,0.0,1.571365,1.187529,FRA,OMN,5513
422680,81,167,946,1996.0,116658.0,0.0,1.948148,0.882453,GBR,OMN,5513
422681,104,167,946,1996.0,137810.0,0.0,0.145769,1.983642,IND,OMN,5513
422682,107,167,946,1996.0,4468.0,0.0,-1.0058129999999998,-1.215661,IRN,OMN,5513
422683,188,167,946,1996.0,13625.0,1086.0,-0.200762,-1.0419610000000001,SAU,OMN,5513
422684,224,167,946,1996.0,7540.0,0.0,0.07259700000000001,1.734291,TUR,OMN,5513
422685,14,177,946,1996.0,63340.0,0.0,0.025253,0.6428189999999999,AUS,POL,5513
422686,15,177,946,1996.0,164658.0,70838.0,2.012626,0.395525,AUT,POL,5513
422687,18,177,946,1996.0,96243.0,46174.0,1.5604850000000001,1.30819,BEL,POL,5513
422688,28,177,946,1996.0,50519.0,0.0,0.785274,1.0126899999999999,BLR,POL,5513
422689,32,177,946,1996.0,39212.0,0.0,0.8087340000000001,1.370183,BRA,POL,5513
422690,39,177,946,1996.0,0.0,2341.0,0.970932,1.111111,CAN,POL,5513
422691,41,177,946,1996.0,80784.0,0.0,2.344337,0.709607,CHE,POL,5513
422692,43,177,946,1996.0,340249.0,0.0,0.383975,2.197461,CHN,POL,5513
422693,59,177,946,1996.0,1199.0,1019.0,1.412088,1.171914,CZE,POL,5513
422694,61,177,946,1996.0,649804.0,32542.0,2.347101,-2.4792799999999997,DEU,POL,5513
422695,71,177,946,1996.0,1527.0,0.0,1.157591,1.795643,ESP,POL,5513
422696,77,177,946,1996.0,803119.0,2310.0,1.571365,1.187529,FRA,POL,5513
422697,81,177,946,1996.0,556850.0,0.0,1.948148,0.882453,GBR,POL,5513
422698,104,177,946,1996.0,140011.0,0.0,0.145769,1.983642,IND,POL,5513
422699,106,177,946,1996.0,0.0,7300.0,1.476369,1.049152,IRL,POL,5513
422700,110,177,946,1996.0,10894.0,0.0,1.159922,1.025777,ISR,POL,5513
422701,111,177,946,1996.0,535871.0,0.0,1.591442,0.875201,ITA,POL,5513
422702,130,177,946,1996.0,0.0,2951.0,0.360994,1.092575,LTU,POL,5513
422703,132,177,946,1996.0,0.0,8715.0,0.255258,0.42505299999999996,LVA,POL,5513
422704,136,177,946,1996.0,0.0,1094.0,-0.971575,-0.656497,MDG,POL,5513
422705,162,177,946,1996.0,14748.0,0.0,1.331177,1.6320430000000001,NLD,POL,5513
422706,186,177,946,1996.0,63045.0,0.0,0.505247,0.349848,RUS,POL,5513
422707,206,177,946,1996.0,0.0,9989.0,1.1978739999999999,1.426243,SVK,POL,5513
422708,228,177,946,1996.0,0.0,21478.0,0.7582479999999999,1.1207340000000001,UKR,POL,5513
422709,231,177,946,1996.0,12204.0,242342.0,1.742391,1.003066,USA,POL,5513
422710,250,177,946,1996.0,532742.0,26508.0,1.153784,0.831677,ANS,POL,5513
422711,15,185,946,1996.0,85959.0,303735.0,2.012626,0.395525,AUT,ROU,5513
422712,41,185,946,1996.0,1896.0,0.0,2.344337,0.709607,CHE,ROU,5513
422713,59,185,946,1996.0,0.0,3939.0,1.412088,1.171914,CZE,ROU,5513
422714,61,185,946,1996.0,66935.0,406471.0,2.347101,-2.4792799999999997,DEU,ROU,5513
422715,77,185,946,1996.0,7066.0,0.0,1.571365,1.187529,FRA,ROU,5513
422716,81,185,946,1996.0,45939.0,0.0,1.948148,0.882453,GBR,ROU,5513
422717,90,185,946,1996.0,3883.0,0.0,0.21841799999999997,1.081136,GRC,ROU,5513
422718,102,185,946,1996.0,72035.0,13214.0,0.905526,1.887735,HUN,ROU,5513
422719,110,185,946,1996.0,29939.0,0.0,1.159922,1.025777,ISR,ROU,5513
422720,111,185,946,1996.0,17108.0,0.0,1.591442,0.875201,ITA,ROU,5513
422721,135,185,946,1996.0,0.0,2468.0,0.193705,0.10853,MDA,ROU,5513
422722,231,185,946,1996.0,9345.0,0.0,1.742391,1.003066,USA,ROU,5513
422723,8,186,946,1996.0,0.0,1789.0,0.007199,0.805707,ARG,RUS,5513
422724,14,186,946,1996.0,25881.0,5935.0,0.025253,0.6428189999999999,AUS,RUS,5513
422725,15,186,946,1996.0,205926.0,75417.0,2.012626,0.395525,AUT,RUS,5513
422726,16,186,946,1996.0,0.0,1157.0,0.11756099999999998,-0.29673099999999997,AZE,RUS,5513
422727,18,186,946,1996.0,0.0,134993.0,1.5604850000000001,1.30819,BEL,RUS,5513
422728,23,186,946,1996.0,19276.0,0.0,0.510789,1.749248,BGR,RUS,5513
422729,32,186,946,1996.0,15979.0,0.0,0.8087340000000001,1.370183,BRA,RUS,5513
422730,39,186,946,1996.0,0.0,14043.0,0.970932,1.111111,CAN,RUS,5513
422731,41,186,946,1996.0,28423.0,13860.0,2.344337,0.709607,CHE,RUS,5513
422732,59,186,946,1996.0,1421.0,0.0,1.412088,1.171914,CZE,RUS,5513
422733,61,186,946,1996.0,57639.0,43690.0,2.347101,-2.4792799999999997,DEU,RUS,5513
422734,68,186,946,1996.0,5275.0,302931.0,-0.405938,-0.209619,EGY,RUS,5513
422735,71,186,946,1996.0,7383.0,29684.0,1.157591,1.795643,ESP,RUS,5513
422736,74,186,946,1996.0,9728.0,0.0,2.007619,1.016303,FIN,RUS,5513
422737,77,186,946,1996.0,53452.0,897318.0,1.571365,1.187529,FRA,RUS,5513
422738,81,186,946,1996.0,383767.0,0.0,1.948148,0.882453,GBR,RUS,5513
422739,82,186,946,1996.0,23484.0,0.0,0.28868499999999997,0.115705,GEO,RUS,5513
422740,102,186,946,1996.0,22776.0,0.0,0.905526,1.887735,HUN,RUS,5513
422741,103,186,946,1996.0,8845.0,0.0,-0.25952,1.343972,IDN,RUS,5513
422742,104,186,946,1996.0,364280.0,14089.0,0.145769,1.983642,IND,RUS,5513
422743,106,186,946,1996.0,77644.0,6460.0,1.476369,1.049152,IRL,RUS,5513
422744,110,186,946,1996.0,42762.0,0.0,1.159922,1.025777,ISR,RUS,5513
422745,111,186,946,1996.0,99024.0,3327.0,1.591442,0.875201,ITA,RUS,5513
422746,114,186,946,1996.0,0.0,3513.0,2.858869,0.477455,JPN,RUS,5513
422747,115,186,946,1996.0,0.0,30750.0,0.455772,0.16361099999999998,KAZ,RUS,5513
422748,117,186,946,1996.0,116522.0,17716.0,0.19384,0.7500060000000001,KGZ,RUS,5513
422749,118,186,946,1996.0,10603.0,0.0,-0.9007299999999999,-0.9713620000000001,KHM,RUS,5513
422750,121,186,946,1996.0,0.0,22877.0,1.230793,1.0548959999999998,KOR,RUS,5513
422751,132,186,946,1996.0,9475.0,2739.0,0.255258,0.42505299999999996,LVA,RUS,5513
422752,135,186,946,1996.0,0.0,7925.0,0.193705,0.10853,MDA,RUS,5513
422753,138,186,946,1996.0,0.0,2918.0,0.88569,1.044068,MEX,RUS,5513
422754,162,186,946,1996.0,123825.0,47076.0,1.331177,1.6320430000000001,NLD,RUS,5513
422755,177,186,946,1996.0,0.0,63045.0,0.806283,1.92897,POL,RUS,5513
422756,179,186,946,1996.0,0.0,2886.0,0.49924799999999997,0.9969520000000001,PRT,RUS,5513
422757,189,186,946,1996.0,1635.0,0.0,0.699084,2.2900150000000004,SCG,RUS,5513
422758,192,186,946,1996.0,8446.0,0.0,1.288635,0.259061,SGP,RUS,5513
422759,206,186,946,1996.0,0.0,3296.0,1.1978739999999999,1.426243,SVK,RUS,5513
422760,207,186,946,1996.0,1715.0,0.0,1.352015,1.396593,SVN,RUS,5513
422761,224,186,946,1996.0,217322.0,0.0,0.07259700000000001,1.734291,TUR,RUS,5513
422762,228,186,946,1996.0,140843.0,95074.0,0.7582479999999999,1.1207340000000001,UKR,RUS,5513
422763,231,186,946,1996.0,16232.0,1767130.0,1.742391,1.003066,USA,RUS,5513
422764,4,188,946,1996.0,7455.0,0.0,-0.42357399999999995,0.090179,ALB,SAU,5513
422765,7,188,946,1996.0,2015090.0,2997382.0,-0.43356400000000006,-0.8715719999999999,ARE,SAU,5513
422766,14,188,946,1996.0,39535.0,0.0,0.025253,0.6428189999999999,AUS,SAU,5513
422767,15,188,946,1996.0,16700.0,0.0,2.012626,0.395525,AUT,SAU,5513
422768,18,188,946,1996.0,75455.0,0.0,1.5604850000000001,1.30819,BEL,SAU,5513
422769,22,188,946,1996.0,10957.0,0.0,-0.751219,-0.9638329999999999,BGD,SAU,5513
422770,23,188,946,1996.0,6483.0,0.0,0.510789,1.749248,BGR,SAU,5513
422771,24,188,946,1996.0,54031.0,0.0,-0.359199,-0.9925,BHR,SAU,5513
422772,39,188,946,1996.0,3621.0,0.0,0.970932,1.111111,CAN,SAU,5513
422773,41,188,946,1996.0,162469.0,0.0,2.344337,0.709607,CHE,SAU,5513
422774,43,188,946,1996.0,139160.0,0.0,0.383975,2.197461,CHN,SAU,5513
422775,61,188,946,1996.0,1669390.0,2686.0,2.347101,-2.4792799999999997,DEU,SAU,5513
422776,62,188,946,1996.0,0.0,31774.0,-0.152976,-0.573654,DJI,SAU,5513
422777,68,188,946,1996.0,81630.0,4986.0,-0.405938,-0.209619,EGY,SAU,5513
422778,71,188,946,1996.0,258749.0,0.0,1.157591,1.795643,ESP,SAU,5513
422779,77,188,946,1996.0,2943277.0,0.0,1.571365,1.187529,FRA,SAU,5513
422780,81,188,946,1996.0,1447118.0,51421.0,1.948148,0.882453,GBR,SAU,5513
422781,90,188,946,1996.0,24688.0,0.0,0.21841799999999997,1.081136,GRC,SAU,5513
422782,103,188,946,1996.0,47356.0,0.0,-0.25952,1.343972,IDN,SAU,5513
422783,104,188,946,1996.0,1397843.0,0.0,0.145769,1.983642,IND,SAU,5513
422784,106,188,946,1996.0,86893.0,0.0,1.476369,1.049152,IRL,SAU,5513
422785,107,188,946,1996.0,159637.0,0.0,-1.0058129999999998,-1.215661,IRN,SAU,5513
422786,111,188,946,1996.0,445063.0,0.0,1.591442,0.875201,ITA,SAU,5513
422787,113,188,946,1996.0,5805.0,0.0,0.225125,-0.333293,JOR,SAU,5513
422788,114,188,946,1996.0,17278.0,0.0,2.858869,0.477455,JPN,SAU,5513
422789,122,188,946,1996.0,33344.0,97950.0,-0.412797,-1.1335899999999999,KWT,SAU,5513
422790,124,188,946,1996.0,91939.0,0.0,-0.09233999999999999,0.127816,LBN,SAU,5513
422791,128,188,946,1996.0,17967.0,0.0,-0.71165,-0.320193,LKA,SAU,5513
422792,134,188,946,1996.0,0.0,2890.0,-0.56512,-0.31006999999999996,MAR,SAU,5513
422793,153,188,946,1996.0,17978.0,0.0,0.5493640000000001,0.248484,MYS,SAU,5513
422794,162,188,946,1996.0,317589.0,0.0,1.331177,1.6320430000000001,NLD,SAU,5513
422795,167,188,946,1996.0,1086.0,13625.0,-0.227075,-0.9778399999999999,OMN,SAU,5513
422796,168,188,946,1996.0,19231.0,0.0,-0.759362,-0.541712,PAK,SAU,5513
422797,190,188,946,1996.0,0.0,2290.0,-1.342853,-1.183092,SDN,SAU,5513
422798,192,188,946,1996.0,63381.0,4555.0,1.288635,0.259061,SGP,SAU,5513
422799,208,188,946,1996.0,42220.0,0.0,2.186414,0.848194,SWE,SAU,5513
422800,216,188,946,1996.0,13487.0,0.0,0.26155100000000003,1.146204,THA,SAU,5513
422801,223,188,946,1996.0,23648.0,0.0,-0.250917,-0.057383,TUN,SAU,5513
422802,224,188,946,1996.0,73861.0,0.0,0.07259700000000001,1.734291,TUR,SAU,5513
422803,231,188,946,1996.0,208589.0,0.0,1.742391,1.003066,USA,SAU,5513
422804,243,188,946,1996.0,1841.0,4274.0,-1.395,-1.26641,YEM,SAU,5513
422805,246,188,946,1996.0,8475.0,0.0,0.277171,1.489549,ZAF,SAU,5513
422806,250,188,946,1996.0,46412.0,0.0,1.153784,0.831677,ANS,SAU,5513
422807,7,192,946,1996.0,0.0,72093.0,-0.43356400000000006,-0.8715719999999999,ARE,SGP,5513
422808,8,192,946,1996.0,26502.0,235957.0,0.007199,0.805707,ARG,SGP,5513
422809,14,192,946,1996.0,440344.0,259455.0,0.025253,0.6428189999999999,AUS,SGP,5513
422810,15,192,946,1996.0,2093.0,2469.0,2.012626,0.395525,AUT,SGP,5513
422811,18,192,946,1996.0,3887.0,3010.0,1.5604850000000001,1.30819,BEL,SGP,5513
422812,22,192,946,1996.0,0.0,109099.0,-0.751219,-0.9638329999999999,BGD,SGP,5513
422813,32,192,946,1996.0,377129.0,5286264.0,0.8087340000000001,1.370183,BRA,SGP,5513
422814,34,192,946,1996.0,0.0,7806.0,-0.661198,-0.801408,BRN,SGP,5513
422815,39,192,946,1996.0,0.0,52702.0,0.970932,1.111111,CAN,SGP,5513
422816,41,192,946,1996.0,2287444.0,207844.0,2.344337,0.709607,CHE,SGP,5513
422817,43,192,946,1996.0,6496002.0,1611259.0,0.383975,2.197461,CHN,SGP,5513
422818,61,192,946,1996.0,501997.0,200364.0,2.347101,-2.4792799999999997,DEU,SGP,5513
422819,68,192,946,1996.0,59194.0,0.0,-0.405938,-0.209619,EGY,SGP,5513
422820,71,192,946,1996.0,152165.0,48531.0,1.157591,1.795643,ESP,SGP,5513
422821,75,192,946,1996.0,0.0,1745.0,-0.801999,-0.9148850000000001,FJI,SGP,5513
422822,77,192,946,1996.0,1649200.0,289797.0,1.571365,1.187529,FRA,SGP,5513
422823,81,192,946,1996.0,1265917.0,1377517.0,1.948148,0.882453,GBR,SGP,5513
422824,97,192,946,1996.0,716543.0,545977.0,0.699041,1.8341720000000001,HKG,SGP,5513
422825,103,192,946,1996.0,2659511.0,177601.0,-0.25952,1.343972,IDN,SGP,5513
422826,104,192,946,1996.0,2323934.0,1220327.0,0.145769,1.983642,IND,SGP,5513
422827,106,192,946,1996.0,7688.0,0.0,1.476369,1.049152,IRL,SGP,5513
422828,110,192,946,1996.0,54375.0,68563.0,1.159922,1.025777,ISR,SGP,5513
422829,111,192,946,1996.0,158775.0,6328.0,1.591442,0.875201,ITA,SGP,5513
422830,114,192,946,1996.0,196994.0,219256.0,2.858869,0.477455,JPN,SGP,5513
422831,121,192,946,1996.0,0.0,161836.0,1.230793,1.0548959999999998,KOR,SGP,5513
422832,128,192,946,1996.0,34359.0,145234.0,-0.71165,-0.320193,LKA,SGP,5513
422833,133,192,946,1996.0,0.0,15655.0,-0.089625,-0.42184499999999997,MAC,SGP,5513
422834,134,192,946,1996.0,0.0,1405.0,-0.56512,-0.31006999999999996,MAR,SGP,5513
422835,136,192,946,1996.0,618355.0,0.0,-0.971575,-0.656497,MDG,SGP,5513
422836,137,192,946,1996.0,0.0,48073.0,-1.1896639999999998,-1.077542,MDV,SGP,5513
422837,138,192,946,1996.0,77576.0,59018.0,0.88569,1.044068,MEX,SGP,5513
422838,143,192,946,1996.0,0.0,139286.0,-1.3258219999999998,-1.068414,MMR,SGP,5513
422839,145,192,946,1996.0,0.0,3153.0,-0.279007,-0.948549,MNG,SGP,5513
422840,153,192,946,1996.0,98192.0,1102341.0,0.5493640000000001,0.248484,MYS,SGP,5513
422841,162,192,946,1996.0,170230.0,388070.0,1.331177,1.6320430000000001,NLD,SGP,5513
422842,166,192,946,1996.0,13476.0,166920.0,0.404233,0.6724640000000001,NZL,SGP,5513
422843,168,192,946,1996.0,0.0,55320.0,-0.759362,-0.541712,PAK,SGP,5513
422844,174,192,946,1996.0,0.0,1600334.0,0.0020329999999999997,0.40715,PHL,SGP,5513
422845,180,192,946,1996.0,0.0,438705.0,-0.667054,-0.648122,PRY,SGP,5513
422846,182,192,946,1996.0,0.0,2267.0,0.9221219999999999,-0.317411,PYF,SGP,5513
422847,186,192,946,1996.0,0.0,8446.0,0.505247,0.349848,RUS,SGP,5513
422848,188,192,946,1996.0,4555.0,63381.0,-0.200762,-1.0419610000000001,SAU,SGP,5513
422849,216,192,946,1996.0,680695.0,836096.0,0.26155100000000003,1.146204,THA,SGP,5513
422850,224,192,946,1996.0,0.0,29897.0,0.07259700000000001,1.734291,TUR,SGP,5513
422851,231,192,946,1996.0,2334585.0,1071309.0,1.742391,1.003066,USA,SGP,5513
422852,239,192,946,1996.0,1519308.0,248091.0,-0.8099569999999999,-0.032258999999999996,VNM,SGP,5513
422853,246,192,946,1996.0,45163.0,43355.0,0.277171,1.489549,ZAF,SGP,5513
422854,249,192,946,1996.0,1869.0,476772.0,1.7375779999999998,1.4625860000000002,TWN,SGP,5513
422855,250,192,946,1996.0,6008.0,0.0,1.153784,0.831677,ANS,SGP,5513
422856,14,206,946,1996.0,15707.0,0.0,0.025253,0.6428189999999999,AUS,SVK,5513
422857,15,206,946,1996.0,274972.0,38334.0,2.012626,0.395525,AUT,SVK,5513
422858,18,206,946,1996.0,24130.0,0.0,1.5604850000000001,1.30819,BEL,SVK,5513
422859,39,206,946,1996.0,4186.0,0.0,0.970932,1.111111,CAN,SVK,5513
422860,41,206,946,1996.0,42015.0,6082.0,2.344337,0.709607,CHE,SVK,5513
422861,59,206,946,1996.0,112336.0,58403.0,1.412088,1.171914,CZE,SVK,5513
422862,61,206,946,1996.0,131521.0,5133.0,2.347101,-2.4792799999999997,DEU,SVK,5513
422863,64,206,946,1996.0,17098.0,0.0,1.416927,1.401766,DNK,SVK,5513
422864,71,206,946,1996.0,1232.0,0.0,1.157591,1.795643,ESP,SVK,5513
422865,72,206,946,1996.0,0.0,2412.0,0.445854,1.115429,EST,SVK,5513
422866,77,206,946,1996.0,44056.0,0.0,1.571365,1.187529,FRA,SVK,5513
422867,81,206,946,1996.0,29553.0,1719.0,1.948148,0.882453,GBR,SVK,5513
422868,90,206,946,1996.0,3930.0,0.0,0.21841799999999997,1.081136,GRC,SVK,5513
422869,102,206,946,1996.0,40325.0,1948.0,0.905526,1.887735,HUN,SVK,5513
422870,106,206,946,1996.0,14579.0,0.0,1.476369,1.049152,IRL,SVK,5513
422871,111,206,946,1996.0,30188.0,0.0,1.591442,0.875201,ITA,SVK,5513
422872,162,206,946,1996.0,25183.0,0.0,1.331177,1.6320430000000001,NLD,SVK,5513
422873,177,206,946,1996.0,9989.0,0.0,0.806283,1.92897,POL,SVK,5513
422874,186,206,946,1996.0,3296.0,0.0,0.505247,0.349848,RUS,SVK,5513
422875,207,206,946,1996.0,27273.0,1596.0,1.352015,1.396593,SVN,SVK,5513
422876,228,206,946,1996.0,62121.0,0.0,0.7582479999999999,1.1207340000000001,UKR,SVK,5513
422877,231,206,946,1996.0,4005.0,0.0,1.742391,1.003066,USA,SVK,5513
422878,14,207,946,1996.0,6702.0,4470.0,0.025253,0.6428189999999999,AUS,SVN,5513
422879,15,207,946,1996.0,43121.0,446363.0,2.012626,0.395525,AUT,SVN,5513
422880,18,207,946,1996.0,4312.0,35052.0,1.5604850000000001,1.30819,BEL,SVN,5513
422881,26,207,946,1996.0,0.0,12239.0,0.5718949999999999,0.991791,BIH,SVN,5513
422882,32,207,946,1996.0,31229.0,0.0,0.8087340000000001,1.370183,BRA,SVN,5513
422883,41,207,946,1996.0,53967.0,3369.0,2.344337,0.709607,CHE,SVN,5513
422884,59,207,946,1996.0,0.0,10452.0,1.412088,1.171914,CZE,SVN,5513
422885,61,207,946,1996.0,65277.0,131625.0,2.347101,-2.4792799999999997,DEU,SVN,5513
422886,77,207,946,1996.0,141522.0,96634.0,1.571365,1.187529,FRA,SVN,5513
422887,81,207,946,1996.0,11109.0,55370.0,1.948148,0.882453,GBR,SVN,5513
422888,100,207,946,1996.0,94958.0,115477.0,0.739223,1.3032030000000001,HRV,SVN,5513
422889,102,207,946,1996.0,0.0,6314.0,0.905526,1.887735,HUN,SVN,5513
422890,104,207,946,1996.0,2883.0,0.0,0.145769,1.983642,IND,SVN,5513
422891,110,207,946,1996.0,9330.0,0.0,1.159922,1.025777,ISR,SVN,5513
422892,111,207,946,1996.0,205952.0,130994.0,1.591442,0.875201,ITA,SVN,5513
422893,135,207,946,1996.0,10994.0,0.0,0.193705,0.10853,MDA,SVN,5513
422894,140,207,946,1996.0,30818.0,8536.0,0.36478,0.760475,MKD,SVN,5513
422895,162,207,946,1996.0,25468.0,80441.0,1.331177,1.6320430000000001,NLD,SVN,5513
422896,186,207,946,1996.0,0.0,1715.0,0.505247,0.349848,RUS,SVN,5513
422897,189,207,946,1996.0,0.0,8038.0,0.699084,2.2900150000000004,SCG,SVN,5513
422898,206,207,946,1996.0,1596.0,27273.0,1.1978739999999999,1.426243,SVK,SVN,5513
422899,228,207,946,1996.0,0.0,29113.0,0.7582479999999999,1.1207340000000001,UKR,SVN,5513
422900,231,207,946,1996.0,6998.0,17394.0,1.742391,1.003066,USA,SVN,5513
422901,250,207,946,1996.0,31222.0,0.0,1.153784,0.831677,ANS,SVN,5513
422902,15,228,946,1996.0,16788.0,770235.0,2.012626,0.395525,AUT,UKR,5513
422903,18,228,946,1996.0,5831.0,0.0,1.5604850000000001,1.30819,BEL,UKR,5513
422904,23,228,946,1996.0,17403.0,10720.0,0.510789,1.749248,BGR,UKR,5513
422905,59,228,946,1996.0,1033.0,1211.0,1.412088,1.171914,CZE,UKR,5513
422906,61,228,946,1996.0,18205.0,14516.0,2.347101,-2.4792799999999997,DEU,UKR,5513
422907,72,228,946,1996.0,9491.0,0.0,0.445854,1.115429,EST,UKR,5513
422908,77,228,946,1996.0,92686.0,842920.0,1.571365,1.187529,FRA,UKR,5513
422909,81,228,946,1996.0,26185.0,0.0,1.948148,0.882453,GBR,UKR,5513
422910,104,228,946,1996.0,38521.0,0.0,0.145769,1.983642,IND,UKR,5513
422911,110,228,946,1996.0,1909.0,0.0,1.159922,1.025777,ISR,UKR,5513
422912,132,228,946,1996.0,17610.0,0.0,0.255258,0.42505299999999996,LVA,UKR,5513
422913,135,228,946,1996.0,224350.0,3790.0,0.193705,0.10853,MDA,UKR,5513
422914,162,228,946,1996.0,20062.0,30419.0,1.331177,1.6320430000000001,NLD,UKR,5513
422915,177,228,946,1996.0,21478.0,0.0,0.806283,1.92897,POL,UKR,5513
422916,186,228,946,1996.0,95074.0,140843.0,0.505247,0.349848,RUS,UKR,5513
422917,206,228,946,1996.0,0.0,62121.0,1.1978739999999999,1.426243,SVK,UKR,5513
422918,207,228,946,1996.0,29113.0,0.0,1.352015,1.396593,SVN,UKR,5513
422919,208,228,946,1996.0,1075.0,0.0,2.186414,0.848194,SWE,UKR,5513
422920,224,228,946,1996.0,0.0,148508.0,0.07259700000000001,1.734291,TUR,UKR,5513
422921,231,228,946,1996.0,9302.0,220514.0,1.742391,1.003066,USA,UKR,5513
422922,7,246,946,1996.0,30705.0,1039.0,-0.43356400000000006,-0.8715719999999999,ARE,ZAF,5513
422923,8,246,946,1996.0,0.0,2860.0,0.007199,0.805707,ARG,ZAF,5513
422924,14,246,946,1996.0,57982.0,216845.0,0.025253,0.6428189999999999,AUS,ZAF,5513
422925,15,246,946,1996.0,4618.0,1553.0,2.012626,0.395525,AUT,ZAF,5513
422926,18,246,946,1996.0,6046.0,112527.0,1.5604850000000001,1.30819,BEL,ZAF,5513
422927,32,246,946,1996.0,190040.0,10360.0,0.8087340000000001,1.370183,BRA,ZAF,5513
422928,39,246,946,1996.0,12742.0,6854.0,0.970932,1.111111,CAN,ZAF,5513
422929,41,246,946,1996.0,304675.0,93356.0,2.344337,0.709607,CHE,ZAF,5513
422930,43,246,946,1996.0,32533.0,0.0,0.383975,2.197461,CHN,ZAF,5513
422931,46,246,946,1996.0,0.0,77318.0,-1.288889,-1.129638,COD,ZAF,5513
422932,54,246,946,1996.0,8517.0,0.0,-0.7669229999999999,-1.140361,CUB,ZAF,5513
422933,58,246,946,1996.0,1307.0,0.0,0.11774200000000001,0.044968,CYP,ZAF,5513
422934,61,246,946,1996.0,212295.0,521651.0,2.347101,-2.4792799999999997,DEU,ZAF,5513
422935,71,246,946,1996.0,35588.0,34401.0,1.157591,1.795643,ESP,ZAF,5513
422936,73,246,946,1996.0,0.0,16785.0,-1.072519,-1.169486,ETH,ZAF,5513
422937,77,246,946,1996.0,458552.0,863785.0,1.571365,1.187529,FRA,ZAF,5513
422938,81,246,946,1996.0,2178806.0,954332.0,1.948148,0.882453,GBR,ZAF,5513
422939,83,246,946,1996.0,10426.0,49739.0,-1.037413,-1.019025,GHA,ZAF,5513
422940,97,246,946,1996.0,0.0,278754.0,0.699041,1.8341720000000001,HKG,ZAF,5513
422941,103,246,946,1996.0,21211.0,0.0,-0.25952,1.343972,IDN,ZAF,5513
422942,104,246,946,1996.0,76025.0,12197.0,0.145769,1.983642,IND,ZAF,5513
422943,106,246,946,1996.0,378494.0,102957.0,1.476369,1.049152,IRL,ZAF,5513
422944,109,246,946,1996.0,3030.0,0.0,0.10151,-0.44307799999999997,ISL,ZAF,5513
422945,110,246,946,1996.0,40987.0,0.0,1.159922,1.025777,ISR,ZAF,5513
422946,111,246,946,1996.0,167397.0,0.0,1.591442,0.875201,ITA,ZAF,5513
422947,114,246,946,1996.0,0.0,288214.0,2.858869,0.477455,JPN,ZAF,5513
422948,116,246,946,1996.0,0.0,191787.0,-0.470653,-0.119252,KEN,ZAF,5513
422949,121,246,946,1996.0,6004.0,0.0,1.230793,1.0548959999999998,KOR,ZAF,5513
422950,128,246,946,1996.0,2478.0,0.0,-0.71165,-0.320193,LKA,ZAF,5513
422951,136,246,946,1996.0,21055.0,0.0,-0.971575,-0.656497,MDG,ZAF,5513
422952,147,246,946,1996.0,0.0,4373.0,-1.0840459999999998,-1.016672,MOZ,ZAF,5513
422953,151,246,946,1996.0,0.0,606651.0,-0.578699,-0.831889,MUS,ZAF,5513
422954,152,246,946,1996.0,8412.0,708599.0,-1.203751,-1.003757,MWI,ZAF,5513
422955,162,246,946,1996.0,400542.0,212093.0,1.331177,1.6320430000000001,NLD,ZAF,5513
422956,166,246,946,1996.0,0.0,2580.0,0.404233,0.6724640000000001,NZL,ZAF,5513
422957,179,246,946,1996.0,1511.0,0.0,0.49924799999999997,0.9969520000000001,PRT,ZAF,5513
422958,188,246,946,1996.0,0.0,8475.0,-0.200762,-1.0419610000000001,SAU,ZAF,5513
422959,192,246,946,1996.0,43355.0,45163.0,1.288635,0.259061,SGP,ZAF,5513
422960,211,246,946,1996.0,1757.0,4683.0,-0.03785,-0.572653,SYC,ZAF,5513
422961,223,246,946,1996.0,1102.0,0.0,-0.250917,-0.057383,TUN,ZAF,5513
422962,226,246,946,1996.0,0.0,864889.0,-1.186121,-0.6688390000000001,TZA,ZAF,5513
422963,227,246,946,1996.0,0.0,161117.0,-1.105896,-0.910169,UGA,ZAF,5513
422964,231,246,946,1996.0,2758572.0,971753.0,1.742391,1.003066,USA,ZAF,5513
422965,247,246,946,1996.0,0.0,64698.0,-0.58634,-0.796772,ZMB,ZAF,5513
422966,248,246,946,1996.0,4475.0,459401.0,-0.46458999999999995,-0.273683,ZWE,ZAF,5513
422967,249,246,946,1996.0,64591.0,0.0,1.7375779999999998,1.4625860000000002,TWN,ZAF,5513
422968,250,246,946,1996.0,1200.0,1893.0,1.153784,0.831677,ANS,ZAF,5513
422969,14,8,946,1996.0,3015.0,42107.0,0.025253,0.6428189999999999,AUS,ARG,5513
422970,15,8,946,1996.0,6145.0,0.0,2.012626,0.395525,AUT,ARG,5513
422971,18,8,946,1996.0,1709.0,18693.0,1.5604850000000001,1.30819,BEL,ARG,5513
422972,31,8,946,1996.0,0.0,157513.0,-0.5529930000000001,-0.600893,BOL,ARG,5513
422973,32,8,946,1996.0,381863.0,1384508.0,0.8087340000000001,1.370183,BRA,ARG,5513
422974,39,8,946,1996.0,3553.0,586033.0,0.970932,1.111111,CAN,ARG,5513
422975,41,8,946,1996.0,332560.0,256766.0,2.344337,0.709607,CHE,ARG,5513
422976,42,8,946,1996.0,6377.0,908939.0,-0.161334,-0.301695,CHL,ARG,5513
422977,43,8,946,1996.0,140163.0,52244.0,0.383975,2.197461,CHN,ARG,5513
422978,49,8,946,1996.0,0.0,156548.0,0.070101,0.08847999999999999,COL,ARG,5513
422979,52,8,946,1996.0,11151.0,0.0,-0.23773000000000002,0.101373,CRI,ARG,5513
422980,61,8,946,1996.0,295614.0,535852.0,2.347101,-2.4792799999999997,DEU,ARG,5513
422981,65,8,946,1996.0,1231.0,0.0,-0.370096,-0.371728,DOM,ARG,5513
422982,68,8,946,1996.0,24354.0,0.0,-0.405938,-0.209619,EGY,ARG,5513
422983,71,8,946,1996.0,87589.0,111120.0,1.157591,1.795643,ESP,ARG,5513
422984,77,8,946,1996.0,886707.0,229762.0,1.571365,1.187529,FRA,ARG,5513
422985,81,8,946,1996.0,746010.0,7927572.0,1.948148,0.882453,GBR,ARG,5513
422986,91,8,946,1996.0,4333.0,0.0,0.62736,-0.06942100000000001,GRD,ARG,5513
422987,93,8,946,1996.0,2585.0,16037.0,-0.28699,0.308033,GTM,ARG,5513
422988,97,8,946,1996.0,44278.0,0.0,0.699041,1.8341720000000001,HKG,ARG,5513
422989,103,8,946,1996.0,37431.0,16496.0,-0.25952,1.343972,IDN,ARG,5513
422990,104,8,946,1996.0,448863.0,0.0,0.145769,1.983642,IND,ARG,5513
422991,106,8,946,1996.0,56973.0,1320905.0,1.476369,1.049152,IRL,ARG,5513
422992,110,8,946,1996.0,28376.0,0.0,1.159922,1.025777,ISR,ARG,5513
422993,111,8,946,1996.0,59438.0,0.0,1.591442,0.875201,ITA,ARG,5513
422994,114,8,946,1996.0,18416.0,237591.0,2.858869,0.477455,JPN,ARG,5513
422995,134,8,946,1996.0,1099.0,0.0,-0.56512,-0.31006999999999996,MAR,ARG,5513
422996,136,8,946,1996.0,2593.0,0.0,-0.971575,-0.656497,MDG,ARG,5513
422997,138,8,946,1996.0,23700.0,836784.0,0.88569,1.044068,MEX,ARG,5513
422998,162,8,946,1996.0,84883.0,1801805.0,1.331177,1.6320430000000001,NLD,ARG,5513
422999,173,8,946,1996.0,1257.0,180989.0,-0.374308,-0.36733499999999997,PER,ARG,5513
423000,180,8,946,1996.0,408597.0,112969.0,-0.667054,-0.648122,PRY,ARG,5513
423001,186,8,946,1996.0,1789.0,0.0,0.505247,0.349848,RUS,ARG,5513
423002,192,8,946,1996.0,235957.0,26502.0,1.288635,0.259061,SGP,ARG,5513
423003,223,8,946,1996.0,1530.0,0.0,-0.250917,-0.057383,TUN,ARG,5513
423004,230,8,946,1996.0,87991.0,107839.0,0.182427,0.689738,URY,ARG,5513
423005,231,8,946,1996.0,2727785.0,15914942.0,1.742391,1.003066,USA,ARG,5513
423006,236,8,946,1996.0,0.0,666872.0,-0.039967,-0.828263,VEN,ARG,5513
423007,239,8,946,1996.0,94199.0,0.0,-0.8099569999999999,-0.032258999999999996,VNM,ARG,5513
423008,246,8,946,1996.0,2860.0,0.0,0.277171,1.489549,ZAF,ARG,5513
423009,249,8,946,1996.0,173189.0,0.0,1.7375779999999998,1.4625860000000002,TWN,ARG,5513
423010,250,8,946,1996.0,19423.0,0.0,1.153784,0.831677,ANS,ARG,5513
423011,18,44,946,1996.0,1428.0,0.0,1.5604850000000001,1.30819,BEL,CIV,5513
423012,21,44,946,1996.0,0.0,1178.0,-0.6722739999999999,-0.9167639999999999,BFA,CIV,5513
423013,32,44,946,1996.0,0.0,29272.0,0.8087340000000001,1.370183,BRA,CIV,5513
423014,39,44,946,1996.0,0.0,94433.0,0.970932,1.111111,CAN,CIV,5513
423015,47,44,946,1996.0,0.0,18415.0,-1.2520950000000002,-1.1901899999999999,COG,CIV,5513
423016,61,44,946,1996.0,0.0,10307.0,2.347101,-2.4792799999999997,DEU,CIV,5513
423017,71,44,946,1996.0,11048.0,10842.0,1.157591,1.795643,ESP,CIV,5513
423018,77,44,946,1996.0,101863.0,1866472.0,1.571365,1.187529,FRA,CIV,5513
423019,80,44,946,1996.0,0.0,2143.0,-2.043879,-1.244397,GAB,CIV,5513
423020,81,44,946,1996.0,167054.0,231491.0,1.948148,0.882453,GBR,CIV,5513
423021,87,44,946,1996.0,0.0,87190.0,-0.8948459999999999,-0.837851,GMB,CIV,5513
423022,111,44,946,1996.0,5421.0,0.0,1.591442,0.875201,ITA,CIV,5513
423023,114,44,946,1996.0,0.0,14222.0,2.858869,0.477455,JPN,CIV,5513
423024,124,44,946,1996.0,4063.0,0.0,-0.09233999999999999,0.127816,LBN,CIV,5513
423025,191,44,946,1996.0,0.0,1499.0,-0.715409,-0.8895850000000001,SEN,CIV,5513
423026,215,44,946,1996.0,0.0,1537.0,-0.879626,-0.748842,TGO,CIV,5513
423027,231,44,946,1996.0,0.0,130765.0,1.742391,1.003066,USA,CIV,5513
423028,18,45,946,1996.0,7691.0,0.0,1.5604850000000001,1.30819,BEL,CMR,5513
423029,41,45,946,1996.0,17381.0,0.0,2.344337,0.709607,CHE,CMR,5513
423030,61,45,946,1996.0,1112.0,0.0,2.347101,-2.4792799999999997,DEU,CMR,5513
423031,77,45,946,1996.0,71136.0,0.0,1.571365,1.187529,FRA,CMR,5513
423032,81,45,946,1996.0,23449.0,0.0,1.948148,0.882453,GBR,CMR,5513
423033,162,45,946,1996.0,15951.0,0.0,1.331177,1.6320430000000001,NLD,CMR,5513
423034,7,58,946,1996.0,0.0,10956.0,-0.43356400000000006,-0.8715719999999999,ARE,CYP,5513
423035,15,58,946,1996.0,6157.0,24029.0,2.012626,0.395525,AUT,CYP,5513
423036,18,58,946,1996.0,1336.0,0.0,1.5604850000000001,1.30819,BEL,CYP,5513
423037,41,58,946,1996.0,0.0,215667.0,2.344337,0.709607,CHE,CYP,5513
423038,43,58,946,1996.0,3815.0,0.0,0.383975,2.197461,CHN,CYP,5513
423039,61,58,946,1996.0,6460.0,35309.0,2.347101,-2.4792799999999997,DEU,CYP,5513
423040,64,58,946,1996.0,0.0,35754.0,1.416927,1.401766,DNK,CYP,5513
423041,77,58,946,1996.0,11234.0,6307.0,1.571365,1.187529,FRA,CYP,5513
423042,81,58,946,1996.0,165583.0,112485.0,1.948148,0.882453,GBR,CYP,5513
423043,90,58,946,1996.0,40901.0,0.0,0.21841799999999997,1.081136,GRC,CYP,5513
423044,110,58,946,1996.0,0.0,56968.0,1.159922,1.025777,ISR,CYP,5513
423045,111,58,946,1996.0,165300.0,0.0,1.591442,0.875201,ITA,CYP,5513
423046,122,58,946,1996.0,0.0,37578.0,-0.412797,-1.1335899999999999,KWT,CYP,5513
423047,162,58,946,1996.0,0.0,7801.0,1.331177,1.6320430000000001,NLD,CYP,5513
423048,224,58,946,1996.0,3012.0,39524.0,0.07259700000000001,1.734291,TUR,CYP,5513
423049,231,58,946,1996.0,1214.0,50523.0,1.742391,1.003066,USA,CYP,5513
423050,246,58,946,1996.0,0.0,1307.0,0.277171,1.489549,ZAF,CYP,5513
423051,8,134,946,1996.0,0.0,1099.0,0.007199,0.805707,ARG,MAR,5513
423052,14,134,946,1996.0,0.0,11537.0,0.025253,0.6428189999999999,AUS,MAR,5513
423053,18,134,946,1996.0,1424.0,21008.0,1.5604850000000001,1.30819,BEL,MAR,5513
423054,39,134,946,1996.0,0.0,396906.0,0.970932,1.111111,CAN,MAR,5513
423055,41,134,946,1996.0,57465.0,297570.0,2.344337,0.709607,CHE,MAR,5513
423056,42,134,946,1996.0,0.0,2688.0,-0.161334,-0.301695,CHL,MAR,5513
423057,61,134,946,1996.0,45546.0,208761.0,2.347101,-2.4792799999999997,DEU,MAR,5513
423058,66,134,946,1996.0,0.0,12196.0,-0.478062,-1.107679,DZA,MAR,5513
423059,71,134,946,1996.0,38127.0,2063058.0,1.157591,1.795643,ESP,MAR,5513
423060,77,134,946,1996.0,230976.0,6695260.0,1.571365,1.187529,FRA,MAR,5513
423061,81,134,946,1996.0,388306.0,178248.0,1.948148,0.882453,GBR,MAR,5513
423062,106,134,946,1996.0,30380.0,2118.0,1.476369,1.049152,IRL,MAR,5513
423063,111,134,946,1996.0,22640.0,46735.0,1.591442,0.875201,ITA,MAR,5513
423064,114,134,946,1996.0,3461.0,287705.0,2.858869,0.477455,JPN,MAR,5513
423065,121,134,946,1996.0,0.0,61065.0,1.230793,1.0548959999999998,KOR,MAR,5513
423066,124,134,946,1996.0,4718.0,0.0,-0.09233999999999999,0.127816,LBN,MAR,5513
423067,162,134,946,1996.0,0.0,78731.0,1.331177,1.6320430000000001,NLD,MAR,5513
423068,163,134,946,1996.0,0.0,1059.0,0.8207270000000001,0.043619,NOR,MAR,5513
423069,188,134,946,1996.0,2890.0,0.0,-0.200762,-1.0419610000000001,SAU,MAR,5513
423070,192,134,946,1996.0,1405.0,0.0,1.288635,0.259061,SGP,MAR,5513
423071,231,134,946,1996.0,599331.0,2539175.0,1.742391,1.003066,USA,MAR,5513
423072,77,157,946,1996.0,12322.0,0.0,1.571365,1.187529,FRA,NER,5513
423073,14,166,946,1996.0,1852518.0,277437.0,0.025253,0.6428189999999999,AUS,NZL,5513
423074,18,166,946,1996.0,28092.0,0.0,1.5604850000000001,1.30819,BEL,NZL,5513
423075,32,166,946,1996.0,59284.0,0.0,0.8087340000000001,1.370183,BRA,NZL,5513
423076,39,166,946,1996.0,4365.0,268099.0,0.970932,1.111111,CAN,NZL,5513
423077,41,166,946,1996.0,17045.0,72676.0,2.344337,0.709607,CHE,NZL,5513
423078,43,166,946,1996.0,307101.0,6117.0,0.383975,2.197461,CHN,NZL,5513
423079,48,166,946,1996.0,0.0,3435.0,0.292879,-0.408573,COK,NZL,5513
423080,61,166,946,1996.0,14634.0,102509.0,2.347101,-2.4792799999999997,DEU,NZL,5513
423081,71,166,946,1996.0,17700.0,0.0,1.157591,1.795643,ESP,NZL,5513
423082,75,166,946,1996.0,0.0,22426.0,-0.801999,-0.9148850000000001,FJI,NZL,5513
423083,77,166,946,1996.0,81396.0,2373.0,1.571365,1.187529,FRA,NZL,5513
423084,81,166,946,1996.0,223612.0,12356.0,1.948148,0.882453,GBR,NZL,5513
423085,97,166,946,1996.0,0.0,18978.0,0.699041,1.8341720000000001,HKG,NZL,5513
423086,103,166,946,1996.0,12518.0,0.0,-0.25952,1.343972,IDN,NZL,5513
423087,104,166,946,1996.0,39683.0,0.0,0.145769,1.983642,IND,NZL,5513
423088,106,166,946,1996.0,16943.0,0.0,1.476369,1.049152,IRL,NZL,5513
423089,110,166,946,1996.0,1263.0,0.0,1.159922,1.025777,ISR,NZL,5513
423090,111,166,946,1996.0,32423.0,7314.0,1.591442,0.875201,ITA,NZL,5513
423091,114,166,946,1996.0,21825.0,73525.0,2.858869,0.477455,JPN,NZL,5513
423092,119,166,946,1996.0,0.0,1949.0,-0.07346,-0.715288,KIR,NZL,5513
423093,121,166,946,1996.0,1505.0,4468.0,1.230793,1.0548959999999998,KOR,NZL,5513
423094,128,166,946,1996.0,4722.0,0.0,-0.71165,-0.320193,LKA,NZL,5513
423095,153,166,946,1996.0,0.0,1906.0,0.5493640000000001,0.248484,MYS,NZL,5513
423096,156,166,946,1996.0,0.0,2213.0,-0.994661,-0.827312,NCL,NZL,5513
423097,162,166,946,1996.0,2313.0,0.0,1.331177,1.6320430000000001,NLD,NZL,5513
423098,174,166,946,1996.0,0.0,17375.0,0.0020329999999999997,0.40715,PHL,NZL,5513
423099,182,166,946,1996.0,3845.0,14865.0,0.9221219999999999,-0.317411,PYF,NZL,5513
423100,192,166,946,1996.0,166920.0,13476.0,1.288635,0.259061,SGP,NZL,5513
423101,195,166,946,1996.0,0.0,2039.0,-1.6314629999999999,-0.917385,SLB,NZL,5513
423102,208,166,946,1996.0,10234.0,0.0,2.186414,0.848194,SWE,NZL,5513
423103,221,166,946,1996.0,0.0,5623.0,-0.607237,-0.864383,TON,NZL,5513
423104,231,166,946,1996.0,266915.0,1196.0,1.742391,1.003066,USA,NZL,5513
423105,242,166,946,1996.0,0.0,7220.0,-0.529907,-0.797609,WSM,NZL,5513
423106,246,166,946,1996.0,2580.0,0.0,0.277171,1.489549,ZAF,NZL,5513
423107,249,166,946,1996.0,5400.0,31291.0,1.7375779999999998,1.4625860000000002,TWN,NZL,5513
423108,43,191,946,1996.0,51852.0,0.0,0.383975,2.197461,CHN,SEN,5513
423109,44,191,946,1996.0,1499.0,0.0,-0.890915,-0.8165399999999999,CIV,SEN,5513
423110,61,191,946,1996.0,8001.0,0.0,2.347101,-2.4792799999999997,DEU,SEN,5513
423111,77,191,946,1996.0,50799.0,0.0,1.571365,1.187529,FRA,SEN,5513
423112,81,191,946,1996.0,11691.0,0.0,1.948148,0.882453,GBR,SEN,5513
423113,141,191,946,1996.0,11306.0,40605.0,-0.8623040000000001,-0.991231,MLI,SEN,5513
423114,148,191,946,1996.0,0.0,1376.0,-1.182626,-1.228759,MRT,SEN,5513
423115,18,215,946,1996.0,3820.0,0.0,1.5604850000000001,1.30819,BEL,TGO,5513
423116,43,215,946,1996.0,3230.0,0.0,0.383975,2.197461,CHN,TGO,5513
423117,44,215,946,1996.0,1537.0,0.0,-0.890915,-0.8165399999999999,CIV,TGO,5513
423118,64,215,946,1996.0,8494.0,0.0,1.416927,1.401766,DNK,TGO,5513
423119,77,215,946,1996.0,25837.0,0.0,1.571365,1.187529,FRA,TGO,5513
423120,81,215,946,1996.0,6919.0,0.0,1.948148,0.882453,GBR,TGO,5513
423121,83,215,946,1996.0,6258.0,0.0,-1.037413,-1.019025,GHA,TGO,5513
423122,162,215,946,1996.0,12154.0,0.0,1.331177,1.6320430000000001,NLD,TGO,5513
423123,8,223,946,1996.0,0.0,1530.0,0.007199,0.805707,ARG,TUN,5513
423124,14,223,946,1996.0,0.0,13635.0,0.025253,0.6428189999999999,AUS,TUN,5513
423125,18,223,946,1996.0,0.0,40076.0,1.5604850000000001,1.30819,BEL,TUN,5513
423126,19,223,946,1996.0,0.0,1887.0,-1.023515,-0.9004909999999999,BEN,TUN,5513
423127,39,223,946,1996.0,0.0,3930.0,0.970932,1.111111,CAN,TUN,5513
423128,41,223,946,1996.0,0.0,83497.0,2.344337,0.709607,CHE,TUN,5513
423129,43,223,946,1996.0,61546.0,0.0,0.383975,2.197461,CHN,TUN,5513
423130,61,223,946,1996.0,33980.0,165245.0,2.347101,-2.4792799999999997,DEU,TUN,5513
423131,71,223,946,1996.0,63920.0,232744.0,1.157591,1.795643,ESP,TUN,5513
423132,77,223,946,1996.0,242031.0,1880534.0,1.571365,1.187529,FRA,TUN,5513
423133,81,223,946,1996.0,20037.0,223317.0,1.948148,0.882453,GBR,TUN,5513
423134,111,223,946,1996.0,18457.0,17298.0,1.591442,0.875201,ITA,TUN,5513
423135,114,223,946,1996.0,0.0,11550.0,2.858869,0.477455,JPN,TUN,5513
423136,126,223,946,1996.0,0.0,75808.0,-0.482066,-1.163722,LBY,TUN,5513
423137,162,223,946,1996.0,13415.0,0.0,1.331177,1.6320430000000001,NLD,TUN,5513
423138,188,223,946,1996.0,0.0,23648.0,-0.200762,-1.0419610000000001,SAU,TUN,5513
423139,231,223,946,1996.0,0.0,164636.0,1.742391,1.003066,USA,TUN,5513
423140,246,223,946,1996.0,0.0,1102.0,0.277171,1.489549,ZAF,TUN,5513
423141,250,223,946,1996.0,0.0,76819.0,1.153784,0.831677,ANS,TUN,5513
423142,7,247,946,1996.0,1594.0,0.0,-0.43356400000000006,-0.8715719999999999,ARE,ZMB,5513
423143,41,247,946,1996.0,1333.0,0.0,2.344337,0.709607,CHE,ZMB,5513
423144,61,247,946,1996.0,9989.0,0.0,2.347101,-2.4792799999999997,DEU,ZMB,5513
423145,81,247,946,1996.0,47035.0,0.0,1.948148,0.882453,GBR,ZMB,5513
423146,116,247,946,1996.0,0.0,10600.0,-0.470653,-0.119252,KEN,ZMB,5513
423147,246,247,946,1996.0,64698.0,0.0,0.277171,1.489549,ZAF,ZMB,5513
423148,248,247,946,1996.0,14038.0,0.0,-0.46458999999999995,-0.273683,ZWE,ZMB,5513
423149,15,82,946,1996.0,0.0,87991.0,2.012626,0.395525,AUT,GEO,5513
423150,72,82,946,1996.0,1449.0,0.0,0.445854,1.115429,EST,GEO,5513
423151,90,82,946,1996.0,1061.0,0.0,0.21841799999999997,1.081136,GRC,GEO,5513
423152,104,82,946,1996.0,7824.0,0.0,0.145769,1.983642,IND,GEO,5513
423153,186,82,946,1996.0,0.0,23484.0,0.505247,0.349848,RUS,GEO,5513
423154,231,82,946,1996.0,0.0,29113.0,1.742391,1.003066,USA,GEO,5513
423155,81,120,946,1996.0,1503.0,0.0,1.948148,0.882453,GBR,KNA,5513
423156,231,120,946,1996.0,0.0,1899.0,1.742391,1.003066,USA,KNA,5513
423157,14,100,946,1996.0,0.0,13455.0,0.025253,0.6428189999999999,AUS,HRV,5513
423158,15,100,946,1996.0,45079.0,166220.0,2.012626,0.395525,AUT,HRV,5513
423159,26,100,946,1996.0,0.0,10838.0,0.5718949999999999,0.991791,BIH,HRV,5513
423160,39,100,946,1996.0,0.0,1954.0,0.970932,1.111111,CAN,HRV,5513
423161,41,100,946,1996.0,2696.0,0.0,2.344337,0.709607,CHE,HRV,5513
423162,61,100,946,1996.0,175909.0,386376.0,2.347101,-2.4792799999999997,DEU,HRV,5513
423163,77,100,946,1996.0,11379.0,160159.0,1.571365,1.187529,FRA,HRV,5513
423164,81,100,946,1996.0,1534.0,24400.0,1.948148,0.882453,GBR,HRV,5513
423165,110,100,946,1996.0,13533.0,0.0,1.159922,1.025777,ISR,HRV,5513
423166,111,100,946,1996.0,29008.0,33148.0,1.591442,0.875201,ITA,HRV,5513
423167,140,100,946,1996.0,1053.0,25584.0,0.36478,0.760475,MKD,HRV,5513
423168,162,100,946,1996.0,3405.0,0.0,1.331177,1.6320430000000001,NLD,HRV,5513
423169,207,100,946,1996.0,115477.0,94958.0,1.352015,1.396593,SVN,HRV,5513
423170,231,100,946,1996.0,1094.0,31144.0,1.742391,1.003066,USA,HRV,5513
423171,14,107,946,1996.0,0.0,13092.0,0.025253,0.6428189999999999,AUS,IRN,5513
423172,61,107,946,1996.0,7059.0,81364.0,2.347101,-2.4792799999999997,DEU,IRN,5513
423173,71,107,946,1996.0,0.0,18355.0,1.157591,1.795643,ESP,IRN,5513
423174,77,107,946,1996.0,40468.0,128410.0,1.571365,1.187529,FRA,IRN,5513
423175,81,107,946,1996.0,0.0,215611.0,1.948148,0.882453,GBR,IRN,5513
423176,103,107,946,1996.0,43597.0,0.0,-0.25952,1.343972,IDN,IRN,5513
423177,111,107,946,1996.0,0.0,2726.0,1.591442,0.875201,ITA,IRN,5513
423178,162,107,946,1996.0,18565.0,0.0,1.331177,1.6320430000000001,NLD,IRN,5513
423179,163,107,946,1996.0,0.0,1367.0,0.8207270000000001,0.043619,NOR,IRN,5513
423180,167,107,946,1996.0,0.0,4468.0,-0.227075,-0.9778399999999999,OMN,IRN,5513
423181,188,107,946,1996.0,0.0,159637.0,-0.200762,-1.0419610000000001,SAU,IRN,5513
423182,208,107,946,1996.0,0.0,14188.0,2.186414,0.848194,SWE,IRN,5513
423183,32,113,946,1996.0,8176.0,0.0,0.8087340000000001,1.370183,BRA,JOR,5513
423184,41,113,946,1996.0,15960.0,0.0,2.344337,0.709607,CHE,JOR,5513
423185,43,113,946,1996.0,33138.0,0.0,0.383975,2.197461,CHN,JOR,5513
423186,61,113,946,1996.0,14584.0,0.0,2.347101,-2.4792799999999997,DEU,JOR,5513
423187,68,113,946,1996.0,28030.0,0.0,-0.405938,-0.209619,EGY,JOR,5513
423188,71,113,946,1996.0,118064.0,0.0,1.157591,1.795643,ESP,JOR,5513
423189,77,113,946,1996.0,113635.0,0.0,1.571365,1.187529,FRA,JOR,5513
423190,81,113,946,1996.0,109031.0,0.0,1.948148,0.882453,GBR,JOR,5513
423191,188,113,946,1996.0,0.0,5805.0,-0.200762,-1.0419610000000001,SAU,JOR,5513
423192,14,124,946,1996.0,0.0,142347.0,0.025253,0.6428189999999999,AUS,LBN,5513
423193,15,124,946,1996.0,13711.0,1935.0,2.012626,0.395525,AUT,LBN,5513
423194,18,124,946,1996.0,2695.0,0.0,1.5604850000000001,1.30819,BEL,LBN,5513
423195,39,124,946,1996.0,0.0,138891.0,0.970932,1.111111,CAN,LBN,5513
423196,41,124,946,1996.0,2050.0,1164.0,2.344337,0.709607,CHE,LBN,5513
423197,44,124,946,1996.0,0.0,4063.0,-0.890915,-0.8165399999999999,CIV,LBN,5513
423198,61,124,946,1996.0,5577.0,1328.0,2.347101,-2.4792799999999997,DEU,LBN,5513
423199,77,124,946,1996.0,261577.0,69967.0,1.571365,1.187529,FRA,LBN,5513
423200,81,124,946,1996.0,36931.0,17255.0,1.948148,0.882453,GBR,LBN,5513
423201,90,124,946,1996.0,0.0,2432.0,0.21841799999999997,1.081136,GRC,LBN,5513
423202,106,124,946,1996.0,99073.0,0.0,1.476369,1.049152,IRL,LBN,5513
423203,134,124,946,1996.0,0.0,4718.0,-0.56512,-0.31006999999999996,MAR,LBN,5513
423204,188,124,946,1996.0,0.0,91939.0,-0.200762,-1.0419610000000001,SAU,LBN,5513
423205,208,124,946,1996.0,0.0,12010.0,2.186414,0.848194,SWE,LBN,5513
423206,231,124,946,1996.0,208572.0,0.0,1.742391,1.003066,USA,LBN,5513
423207,14,128,946,1996.0,0.0,19327.0,0.025253,0.6428189999999999,AUS,LKA,5513
423208,15,128,946,1996.0,0.0,9558.0,2.012626,0.395525,AUT,LKA,5513
423209,18,128,946,1996.0,0.0,28251.0,1.5604850000000001,1.30819,BEL,LKA,5513
423210,32,128,946,1996.0,3403.0,0.0,0.8087340000000001,1.370183,BRA,LKA,5513
423211,39,128,946,1996.0,0.0,22720.0,0.970932,1.111111,CAN,LKA,5513
423212,41,128,946,1996.0,0.0,109631.0,2.344337,0.709607,CHE,LKA,5513
423213,61,128,946,1996.0,0.0,222020.0,2.347101,-2.4792799999999997,DEU,LKA,5513
423214,71,128,946,1996.0,0.0,66964.0,1.157591,1.795643,ESP,LKA,5513
423215,77,128,946,1996.0,19677.0,588805.0,1.571365,1.187529,FRA,LKA,5513
423216,81,128,946,1996.0,48529.0,554481.0,1.948148,0.882453,GBR,LKA,5513
423217,97,128,946,1996.0,21135.0,145441.0,0.699041,1.8341720000000001,HKG,LKA,5513
423218,103,128,946,1996.0,15779.0,0.0,-0.25952,1.343972,IDN,LKA,5513
423219,104,128,946,1996.0,133635.0,31646.0,0.145769,1.983642,IND,LKA,5513
423220,111,128,946,1996.0,4076.0,53874.0,1.591442,0.875201,ITA,LKA,5513
423221,114,128,946,1996.0,0.0,34267.0,2.858869,0.477455,JPN,LKA,5513
423222,138,128,946,1996.0,0.0,41565.0,0.88569,1.044068,MEX,LKA,5513
423223,153,128,946,1996.0,0.0,4085.0,0.5493640000000001,0.248484,MYS,LKA,5513
423224,162,128,946,1996.0,0.0,56198.0,1.331177,1.6320430000000001,NLD,LKA,5513
423225,166,128,946,1996.0,0.0,4722.0,0.404233,0.6724640000000001,NZL,LKA,5513
423226,174,128,946,1996.0,0.0,9782.0,0.0020329999999999997,0.40715,PHL,LKA,5513
423227,188,128,946,1996.0,0.0,17967.0,-0.200762,-1.0419610000000001,SAU,LKA,5513
423228,192,128,946,1996.0,145234.0,34359.0,1.288635,0.259061,SGP,LKA,5513
423229,231,128,946,1996.0,26106.0,1185672.0,1.742391,1.003066,USA,LKA,5513
423230,246,128,946,1996.0,0.0,2478.0,0.277171,1.489549,ZAF,LKA,5513
423231,15,135,946,1996.0,0.0,394727.0,2.012626,0.395525,AUT,MDA,5513
423232,77,135,946,1996.0,0.0,175439.0,1.571365,1.187529,FRA,MDA,5513
423233,110,135,946,1996.0,0.0,17553.0,1.159922,1.025777,ISR,MDA,5513
423234,162,135,946,1996.0,0.0,58370.0,1.331177,1.6320430000000001,NLD,MDA,5513
423235,185,135,946,1996.0,2468.0,0.0,0.612166,1.201016,ROU,MDA,5513
423236,186,135,946,1996.0,7925.0,0.0,0.505247,0.349848,RUS,MDA,5513
423237,207,135,946,1996.0,0.0,10994.0,1.352015,1.396593,SVN,MDA,5513
423238,228,135,946,1996.0,3790.0,224350.0,0.7582479999999999,1.1207340000000001,UKR,MDA,5513
423239,231,135,946,1996.0,0.0,1444.0,1.742391,1.003066,USA,MDA,5513
423240,15,140,946,1996.0,30258.0,180417.0,2.012626,0.395525,AUT,MKD,5513
423241,23,140,946,1996.0,1683.0,0.0,0.510789,1.749248,BGR,MKD,5513
423242,41,140,946,1996.0,29598.0,0.0,2.344337,0.709607,CHE,MKD,5513
423243,61,140,946,1996.0,16732.0,0.0,2.347101,-2.4792799999999997,DEU,MKD,5513
423244,77,140,946,1996.0,0.0,26133.0,1.571365,1.187529,FRA,MKD,5513
423245,81,140,946,1996.0,62289.0,0.0,1.948148,0.882453,GBR,MKD,5513
423246,90,140,946,1996.0,10242.0,0.0,0.21841799999999997,1.081136,GRC,MKD,5513
423247,100,140,946,1996.0,25584.0,1053.0,0.739223,1.3032030000000001,HRV,MKD,5513
423248,189,140,946,1996.0,0.0,7275.0,0.699084,2.2900150000000004,SCG,MKD,5513
423249,207,140,946,1996.0,8536.0,30818.0,1.352015,1.396593,SVN,MKD,5513
423250,4,189,946,1996.0,15235.0,0.0,-0.42357399999999995,0.090179,ALB,SCG,5513
423251,15,189,946,1996.0,21400.0,84689.0,2.012626,0.395525,AUT,SCG,5513
423252,18,189,946,1996.0,0.0,14447.0,1.5604850000000001,1.30819,BEL,SCG,5513
423253,26,189,946,1996.0,0.0,9272.0,0.5718949999999999,0.991791,BIH,SCG,5513
423254,39,189,946,1996.0,0.0,2386.0,0.970932,1.111111,CAN,SCG,5513
423255,41,189,946,1996.0,3826.0,7994.0,2.344337,0.709607,CHE,SCG,5513
423256,61,189,946,1996.0,40022.0,101037.0,2.347101,-2.4792799999999997,DEU,SCG,5513
423257,77,189,946,1996.0,47499.0,27285.0,1.571365,1.187529,FRA,SCG,5513
423258,81,189,946,1996.0,1783.0,0.0,1.948148,0.882453,GBR,SCG,5513
423259,90,189,946,1996.0,102287.0,0.0,0.21841799999999997,1.081136,GRC,SCG,5513
423260,102,189,946,1996.0,7801.0,1638.0,0.905526,1.887735,HUN,SCG,5513
423261,110,189,946,1996.0,4610.0,0.0,1.159922,1.025777,ISR,SCG,5513
423262,111,189,946,1996.0,81914.0,39540.0,1.591442,0.875201,ITA,SCG,5513
423263,140,189,946,1996.0,7275.0,0.0,0.36478,0.760475,MKD,SCG,5513
423264,162,189,946,1996.0,10578.0,9642.0,1.331177,1.6320430000000001,NLD,SCG,5513
423265,186,189,946,1996.0,0.0,1635.0,0.505247,0.349848,RUS,SCG,5513
423266,207,189,946,1996.0,8038.0,0.0,1.352015,1.396593,SVN,SCG,5513
423267,231,189,946,1996.0,12795.0,23443.0,1.742391,1.003066,USA,SCG,5513
423268,61,212,946,1996.0,54306.0,0.0,2.347101,-2.4792799999999997,DEU,SYR,5513
423269,68,212,946,1996.0,6679.0,0.0,-0.405938,-0.209619,EGY,SYR,5513
423270,71,212,946,1996.0,28277.0,0.0,1.157591,1.795643,ESP,SYR,5513
423271,77,212,946,1996.0,120549.0,3022.0,1.571365,1.187529,FRA,SYR,5513
423272,81,212,946,1996.0,40764.0,0.0,1.948148,0.882453,GBR,SYR,5513
423273,106,212,946,1996.0,4897.0,0.0,1.476369,1.049152,IRL,SYR,5513
423274,111,212,946,1996.0,24999.0,0.0,1.591442,0.875201,ITA,SYR,5513
423275,8,249,946,1996.0,0.0,173189.0,0.007199,0.805707,ARG,TWN,5513
423276,14,249,946,1996.0,195895.0,6584.0,0.025253,0.6428189999999999,AUS,TWN,5513
423277,15,249,946,1996.0,52097.0,13256.0,2.012626,0.395525,AUT,TWN,5513
423278,18,249,946,1996.0,3557.0,0.0,1.5604850000000001,1.30819,BEL,TWN,5513
423279,23,249,946,1996.0,6506.0,0.0,0.510789,1.749248,BGR,TWN,5513
423280,32,249,946,1996.0,68599.0,138005.0,0.8087340000000001,1.370183,BRA,TWN,5513
423281,39,249,946,1996.0,0.0,5964.0,0.970932,1.111111,CAN,TWN,5513
423282,41,249,946,1996.0,115648.0,4070.0,2.344337,0.709607,CHE,TWN,5513
423283,43,249,946,1996.0,4775590.0,222766.0,0.383975,2.197461,CHN,TWN,5513
423284,61,249,946,1996.0,216011.0,300761.0,2.347101,-2.4792799999999997,DEU,TWN,5513
423285,64,249,946,1996.0,0.0,2694.0,1.416927,1.401766,DNK,TWN,5513
423286,71,249,946,1996.0,67707.0,64555.0,1.157591,1.795643,ESP,TWN,5513
423287,77,249,946,1996.0,716736.0,27909.0,1.571365,1.187529,FRA,TWN,5513
423288,81,249,946,1996.0,508876.0,540453.0,1.948148,0.882453,GBR,TWN,5513
423289,93,249,946,1996.0,0.0,10212.0,-0.28699,0.308033,GTM,TWN,5513
423290,97,249,946,1996.0,236808.0,729356.0,0.699041,1.8341720000000001,HKG,TWN,5513
423291,102,249,946,1996.0,1000.0,0.0,0.905526,1.887735,HUN,TWN,5513
423292,103,249,946,1996.0,49547.0,16816.0,-0.25952,1.343972,IDN,TWN,5513
423293,104,249,946,1996.0,884582.0,55125.0,0.145769,1.983642,IND,TWN,5513
423294,110,249,946,1996.0,4007.0,48606.0,1.159922,1.025777,ISR,TWN,5513
423295,111,249,946,1996.0,40305.0,298024.0,1.591442,0.875201,ITA,TWN,5513
423296,114,249,946,1996.0,1018863.0,1918276.0,2.858869,0.477455,JPN,TWN,5513
423297,121,249,946,1996.0,68015.0,3650.0,1.230793,1.0548959999999998,KOR,TWN,5513
423298,133,249,946,1996.0,0.0,9074.0,-0.089625,-0.42184499999999997,MAC,TWN,5513
423299,138,249,946,1996.0,0.0,69318.0,0.88569,1.044068,MEX,TWN,5513
423300,153,249,946,1996.0,2292.0,23268.0,0.5493640000000001,0.248484,MYS,TWN,5513
423301,160,249,946,1996.0,0.0,2016.0,-0.810879,-0.64475,NIC,TWN,5513
423302,162,249,946,1996.0,4880.0,0.0,1.331177,1.6320430000000001,NLD,TWN,5513
423303,166,249,946,1996.0,31291.0,5400.0,0.404233,0.6724640000000001,NZL,TWN,5513
423304,174,249,946,1996.0,4041.0,8285.0,0.0020329999999999997,0.40715,PHL,TWN,5513
423305,180,249,946,1996.0,0.0,3893.0,-0.667054,-0.648122,PRY,TWN,5513
423306,192,249,946,1996.0,476772.0,1869.0,1.288635,0.259061,SGP,TWN,5513
423307,216,249,946,1996.0,10635.0,0.0,0.26155100000000003,1.146204,THA,TWN,5513
423308,224,249,946,1996.0,1008.0,0.0,0.07259700000000001,1.734291,TUR,TWN,5513
423309,231,249,946,1996.0,2390343.0,287096.0,1.742391,1.003066,USA,TWN,5513
423310,236,249,946,1996.0,0.0,1473.0,-0.039967,-0.828263,VEN,TWN,5513
423311,246,249,946,1996.0,0.0,64591.0,0.277171,1.489549,ZAF,TWN,5513
423312,8,250,946,1996.0,0.0,19423.0,0.007199,0.805707,ARG,ANS,5513
423313,14,250,946,1996.0,2733.0,44097.0,0.025253,0.6428189999999999,AUS,ANS,5513
423314,15,250,946,1996.0,6449.0,0.0,2.012626,0.395525,AUT,ANS,5513
423315,22,250,946,1996.0,0.0,3098.0,-0.751219,-0.9638329999999999,BGD,ANS,5513
423316,39,250,946,1996.0,0.0,44495.0,0.970932,1.111111,CAN,ANS,5513
423317,41,250,946,1996.0,1055.0,0.0,2.344337,0.709607,CHE,ANS,5513
423318,43,250,946,1996.0,0.0,48620.0,0.383975,2.197461,CHN,ANS,5513
423319,49,250,946,1996.0,1671.0,88712.0,0.070101,0.08847999999999999,COL,ANS,5513
423320,59,250,946,1996.0,0.0,42446.0,1.412088,1.171914,CZE,ANS,5513
423321,61,250,946,1996.0,45632.0,0.0,2.347101,-2.4792799999999997,DEU,ANS,5513
423322,64,250,946,1996.0,0.0,1183.0,1.416927,1.401766,DNK,ANS,5513
423323,68,250,946,1996.0,0.0,3865.0,-0.405938,-0.209619,EGY,ANS,5513
423324,72,250,946,1996.0,0.0,6500.0,0.445854,1.115429,EST,ANS,5513
423325,77,250,946,1996.0,0.0,16827.0,1.571365,1.187529,FRA,ANS,5513
423326,81,250,946,1996.0,1331.0,0.0,1.948148,0.882453,GBR,ANS,5513
423327,104,250,946,1996.0,1115.0,0.0,0.145769,1.983642,IND,ANS,5513
423328,106,250,946,1996.0,103528.0,0.0,1.476369,1.049152,IRL,ANS,5513
423329,109,250,946,1996.0,0.0,3816.0,0.10151,-0.44307799999999997,ISL,ANS,5513
423330,110,250,946,1996.0,14015.0,258908.0,1.159922,1.025777,ISR,ANS,5513
423331,111,250,946,1996.0,1120.0,165507.0,1.591442,0.875201,ITA,ANS,5513
423332,121,250,946,1996.0,0.0,39730.0,1.230793,1.0548959999999998,KOR,ANS,5513
423333,130,250,946,1996.0,0.0,20054.0,0.360994,1.092575,LTU,ANS,5513
423334,138,250,946,1996.0,0.0,24755.0,0.88569,1.044068,MEX,ANS,5513
423335,145,250,946,1996.0,0.0,17450.0,-0.279007,-0.948549,MNG,ANS,5513
423336,162,250,946,1996.0,1386.0,0.0,1.331177,1.6320430000000001,NLD,ANS,5513
423337,169,250,946,1996.0,0.0,1766968.0,-0.03243,-0.326329,PAN,ANS,5513
423338,177,250,946,1996.0,26508.0,532742.0,0.806283,1.92897,POL,ANS,5513
423339,188,250,946,1996.0,0.0,46412.0,-0.200762,-1.0419610000000001,SAU,ANS,5513
423340,192,250,946,1996.0,0.0,6008.0,1.288635,0.259061,SGP,ANS,5513
423341,207,250,946,1996.0,0.0,31222.0,1.352015,1.396593,SVN,ANS,5513
423342,216,250,946,1996.0,1409.0,0.0,0.26155100000000003,1.146204,THA,ANS,5513
423343,223,250,946,1996.0,76819.0,0.0,-0.250917,-0.057383,TUN,ANS,5513
423344,224,250,946,1996.0,3514.0,0.0,0.07259700000000001,1.734291,TUR,ANS,5513
423345,246,250,946,1996.0,1893.0,1200.0,0.277171,1.489549,ZAF,ANS,5513
423346,15,54,946,1996.0,0.0,9140.0,2.012626,0.395525,AUT,CUB,5513
423347,18,54,946,1996.0,0.0,40267.0,1.5604850000000001,1.30819,BEL,CUB,5513
423348,41,54,946,1996.0,0.0,35063.0,2.344337,0.709607,CHE,CUB,5513
423349,42,54,946,1996.0,5177.0,0.0,-0.161334,-0.301695,CHL,CUB,5513
423350,61,54,946,1996.0,2746.0,357603.0,2.347101,-2.4792799999999997,DEU,CUB,5513
423351,71,54,946,1996.0,1512062.0,8323.0,1.157591,1.795643,ESP,CUB,5513
423352,77,54,946,1996.0,4690.0,125925.0,1.571365,1.187529,FRA,CUB,5513
423353,81,54,946,1996.0,0.0,867613.0,1.948148,0.882453,GBR,CUB,5513
423354,138,54,946,1996.0,1372.0,139586.0,0.88569,1.044068,MEX,CUB,5513
423355,162,54,946,1996.0,0.0,369679.0,1.331177,1.6320430000000001,NLD,CUB,5513
423356,246,54,946,1996.0,0.0,8517.0,0.277171,1.489549,ZAF,CUB,5513
423357,77,141,946,1996.0,46766.0,0.0,1.571365,1.187529,FRA,MLI,5513
423358,97,141,946,1996.0,22981.0,0.0,0.699041,1.8341720000000001,HKG,MLI,5513
423359,191,141,946,1996.0,40605.0,11306.0,-0.715409,-0.8895850000000001,SEN,MLI,5513
423360,216,141,946,1996.0,6164.0,0.0,0.26155100000000003,1.146204,THA,MLI,5513
423361,14,168,946,1996.0,1803.0,5006.0,0.025253,0.6428189999999999,AUS,PAK,5513
423362,32,168,946,1996.0,117739.0,0.0,0.8087340000000001,1.370183,BRA,PAK,5513
423363,39,168,946,1996.0,0.0,2310.0,0.970932,1.111111,CAN,PAK,5513
423364,41,168,946,1996.0,40453.0,0.0,2.344337,0.709607,CHE,PAK,5513
423365,43,168,946,1996.0,234080.0,0.0,0.383975,2.197461,CHN,PAK,5513
423366,61,168,946,1996.0,187934.0,0.0,2.347101,-2.4792799999999997,DEU,PAK,5513
423367,71,168,946,1996.0,5931.0,0.0,1.157591,1.795643,ESP,PAK,5513
423368,77,168,946,1996.0,190772.0,29226.0,1.571365,1.187529,FRA,PAK,5513
423369,81,168,946,1996.0,142935.0,8474.0,1.948148,0.882453,GBR,PAK,5513
423370,103,168,946,1996.0,269480.0,0.0,-0.25952,1.343972,IDN,PAK,5513
423371,104,168,946,1996.0,7159.0,0.0,0.145769,1.983642,IND,PAK,5513
423372,111,168,946,1996.0,16558.0,0.0,1.591442,0.875201,ITA,PAK,5513
423373,133,168,946,1996.0,0.0,1924.0,-0.089625,-0.42184499999999997,MAC,PAK,5513
423374,188,168,946,1996.0,0.0,19231.0,-0.200762,-1.0419610000000001,SAU,PAK,5513
423375,190,168,946,1996.0,0.0,1413.0,-1.342853,-1.183092,SDN,PAK,5513
423376,192,168,946,1996.0,55320.0,0.0,1.288635,0.259061,SGP,PAK,5513
423377,231,168,946,1996.0,353444.0,0.0,1.742391,1.003066,USA,PAK,5513
423378,15,178,946,1996.0,0.0,186940.0,2.012626,0.395525,AUT,PRK,5513
423379,61,178,946,1996.0,0.0,35990.0,2.347101,-2.4792799999999997,DEU,PRK,5513
423380,77,178,946,1996.0,0.0,1475.0,1.571365,1.187529,FRA,PRK,5513
423381,81,178,946,1996.0,2748.0,0.0,1.948148,0.882453,GBR,PRK,5513
423382,97,178,946,1996.0,0.0,37121.0,0.699041,1.8341720000000001,HKG,PRK,5513
423383,104,178,946,1996.0,15862.0,0.0,0.145769,1.983642,IND,PRK,5513
423384,114,178,946,1996.0,0.0,195456.0,2.858869,0.477455,JPN,PRK,5513
423385,8,239,946,1996.0,0.0,94199.0,0.007199,0.805707,ARG,VNM,5513
423386,14,239,946,1996.0,2877.0,2463.0,0.025253,0.6428189999999999,AUS,VNM,5513
423387,18,239,946,1996.0,0.0,5949.0,1.5604850000000001,1.30819,BEL,VNM,5513
423388,32,239,946,1996.0,30863.0,465259.0,0.8087340000000001,1.370183,BRA,VNM,5513
423389,39,239,946,1996.0,0.0,54643.0,0.970932,1.111111,CAN,VNM,5513
423390,43,239,946,1996.0,87719.0,481675.0,0.383975,2.197461,CHN,VNM,5513
423391,61,239,946,1996.0,12289.0,67974.0,2.347101,-2.4792799999999997,DEU,VNM,5513
423392,71,239,946,1996.0,628366.0,15476.0,1.157591,1.795643,ESP,VNM,5513
423393,77,239,946,1996.0,93660.0,296353.0,1.571365,1.187529,FRA,VNM,5513
423394,81,239,946,1996.0,91837.0,413564.0,1.948148,0.882453,GBR,VNM,5513
423395,97,239,946,1996.0,27408.0,144802.0,0.699041,1.8341720000000001,HKG,VNM,5513
423396,104,239,946,1996.0,5599.0,67412.0,0.145769,1.983642,IND,VNM,5513
423397,106,239,946,1996.0,12409.0,0.0,1.476369,1.049152,IRL,VNM,5513
423398,110,239,946,1996.0,0.0,314355.0,1.159922,1.025777,ISR,VNM,5513
423399,111,239,946,1996.0,4549.0,3487770.0,1.591442,0.875201,ITA,VNM,5513
423400,114,239,946,1996.0,0.0,503347.0,2.858869,0.477455,JPN,VNM,5513
423401,121,239,946,1996.0,19661.0,0.0,1.230793,1.0548959999999998,KOR,VNM,5513
423402,138,239,946,1996.0,0.0,67671.0,0.88569,1.044068,MEX,VNM,5513
423403,153,239,946,1996.0,4447.0,0.0,0.5493640000000001,0.248484,MYS,VNM,5513
423404,162,239,946,1996.0,0.0,131599.0,1.331177,1.6320430000000001,NLD,VNM,5513
423405,174,239,946,1996.0,5248.0,44914.0,0.0020329999999999997,0.40715,PHL,VNM,5513
423406,192,239,946,1996.0,248091.0,1519308.0,1.288635,0.259061,SGP,VNM,5513
423407,216,239,946,1996.0,178291.0,0.0,0.26155100000000003,1.146204,THA,VNM,5513
423408,231,239,946,1996.0,55608.0,456808.0,1.742391,1.003066,USA,VNM,5513
423409,61,29,946,1996.0,0.0,60567.0,2.347101,-2.4792799999999997,DEU,BLZ,5513
423410,77,29,946,1996.0,0.0,147226.0,1.571365,1.187529,FRA,BLZ,5513
423411,81,29,946,1996.0,0.0,264451.0,1.948148,0.882453,GBR,BLZ,5513
423412,112,29,946,1996.0,1542.0,4280.0,-0.64364,-0.8296379999999999,JAM,BLZ,5513
423413,222,29,946,1996.0,0.0,3330.0,-0.002541,-0.543624,TTO,BLZ,5513
423414,231,29,946,1996.0,0.0,490015.0,1.742391,1.003066,USA,BLZ,5513
423415,8,31,946,1996.0,157513.0,0.0,0.007199,0.805707,ARG,BOL,5513
423416,32,31,946,1996.0,11819.0,0.0,0.8087340000000001,1.370183,BRA,BOL,5513
423417,41,31,946,1996.0,11293.0,0.0,2.344337,0.709607,CHE,BOL,5513
423418,42,31,946,1996.0,5849.0,0.0,-0.161334,-0.301695,CHL,BOL,5513
423419,49,31,946,1996.0,4115.0,0.0,0.070101,0.08847999999999999,COL,BOL,5513
423420,61,31,946,1996.0,15153.0,0.0,2.347101,-2.4792799999999997,DEU,BOL,5513
423421,71,31,946,1996.0,34179.0,0.0,1.157591,1.795643,ESP,BOL,5513
423422,77,31,946,1996.0,0.0,9198.0,1.571365,1.187529,FRA,BOL,5513
423423,231,31,946,1996.0,17818.0,0.0,1.742391,1.003066,USA,BOL,5513
423424,39,63,946,1996.0,1491.0,1191.0,0.970932,1.111111,CAN,DMA,5513
423425,41,63,946,1996.0,2405.0,0.0,2.344337,0.709607,CHE,DMA,5513
423426,77,63,946,1996.0,0.0,4324.0,1.571365,1.187529,FRA,DMA,5513
423427,81,63,946,1996.0,4934.0,134683.0,1.948148,0.882453,GBR,DMA,5513
423428,114,63,946,1996.0,0.0,25852.0,2.858869,0.477455,JPN,DMA,5513
423429,127,63,946,1996.0,0.0,7821.0,-0.027347000000000003,-0.556575,LCA,DMA,5513
423430,222,63,946,1996.0,0.0,2551.0,-0.002541,-0.543624,TTO,DMA,5513
423431,231,63,946,1996.0,1881.0,18644.0,1.742391,1.003066,USA,DMA,5513
423432,8,91,946,1996.0,0.0,4333.0,0.007199,0.805707,ARG,GRD,5513
423433,81,91,946,1996.0,0.0,72566.0,1.948148,0.882453,GBR,GRD,5513
423434,222,91,946,1996.0,0.0,4417.0,-0.002541,-0.543624,TTO,GRD,5513
423435,32,101,946,1996.0,0.0,1523.0,0.8087340000000001,1.370183,BRA,HTI,5513
423436,39,101,946,1996.0,0.0,9788.0,0.970932,1.111111,CAN,HTI,5513
423437,41,101,946,1996.0,0.0,168518.0,2.344337,0.709607,CHE,HTI,5513
423438,61,101,946,1996.0,3391.0,167903.0,2.347101,-2.4792799999999997,DEU,HTI,5513
423439,77,101,946,1996.0,36380.0,1675036.0,1.571365,1.187529,FRA,HTI,5513
423440,81,101,946,1996.0,0.0,136958.0,1.948148,0.882453,GBR,HTI,5513
423441,106,101,946,1996.0,0.0,57501.0,1.476369,1.049152,IRL,HTI,5513
423442,114,101,946,1996.0,0.0,1771.0,2.858869,0.477455,JPN,HTI,5513
423443,138,101,946,1996.0,0.0,19796.0,0.88569,1.044068,MEX,HTI,5513
423444,231,101,946,1996.0,218782.0,1090559.0,1.742391,1.003066,USA,HTI,5513
423445,6,112,946,1996.0,0.0,1090.0,-0.2426,-0.701334,ANT,JAM,5513
423446,14,112,946,1996.0,0.0,2638.0,0.025253,0.6428189999999999,AUS,JAM,5513
423447,15,112,946,1996.0,0.0,8226.0,2.012626,0.395525,AUT,JAM,5513
423448,18,112,946,1996.0,2461.0,0.0,1.5604850000000001,1.30819,BEL,JAM,5513
423449,25,112,946,1996.0,0.0,1656.0,0.301719,-0.44059899999999996,BHS,JAM,5513
423450,29,112,946,1996.0,4280.0,1542.0,-0.267716,-0.651034,BLZ,JAM,5513
423451,39,112,946,1996.0,1407.0,76694.0,0.970932,1.111111,CAN,JAM,5513
423452,41,112,946,1996.0,0.0,1342.0,2.344337,0.709607,CHE,JAM,5513
423453,43,112,946,1996.0,1403.0,0.0,0.383975,2.197461,CHN,JAM,5513
423454,57,112,946,1996.0,0.0,14026.0,0.255347,-0.593208,CYM,JAM,5513
423455,61,112,946,1996.0,19432.0,34520.0,2.347101,-2.4792799999999997,DEU,JAM,5513
423456,77,112,946,1996.0,13791.0,84281.0,1.571365,1.187529,FRA,JAM,5513
423457,81,112,946,1996.0,47722.0,167974.0,1.948148,0.882453,GBR,JAM,5513
423458,99,112,946,1996.0,0.0,13516.0,-0.57404,-0.594276,HND,JAM,5513
423459,106,112,946,1996.0,0.0,2730.0,1.476369,1.049152,IRL,JAM,5513
423460,114,112,946,1996.0,0.0,43181.0,2.858869,0.477455,JPN,JAM,5513
423461,138,112,946,1996.0,0.0,21946.0,0.88569,1.044068,MEX,JAM,5513
423462,169,112,946,1996.0,0.0,9447.0,-0.03243,-0.326329,PAN,JAM,5513
423463,222,112,946,1996.0,0.0,2225.0,-0.002541,-0.543624,TTO,JAM,5513
423464,231,112,946,1996.0,282437.0,1104122.0,1.742391,1.003066,USA,JAM,5513
423465,63,127,946,1996.0,7821.0,0.0,0.521576,-0.075879,DMA,LCA,5513
423466,81,127,946,1996.0,8775.0,0.0,1.948148,0.882453,GBR,LCA,5513
423467,231,127,946,1996.0,3219.0,0.0,1.742391,1.003066,USA,LCA,5513
423468,18,160,946,1996.0,30341.0,0.0,1.5604850000000001,1.30819,BEL,NIC,5513
423469,39,160,946,1996.0,10540.0,0.0,0.970932,1.111111,CAN,NIC,5513
423470,41,160,946,1996.0,52783.0,0.0,2.344337,0.709607,CHE,NIC,5513
423471,49,160,946,1996.0,67256.0,0.0,0.070101,0.08847999999999999,COL,NIC,5513
423472,52,160,946,1996.0,7397.0,0.0,-0.23773000000000002,0.101373,CRI,NIC,5513
423473,61,160,946,1996.0,33008.0,0.0,2.347101,-2.4792799999999997,DEU,NIC,5513
423474,64,160,946,1996.0,1324.0,23085.0,1.416927,1.401766,DNK,NIC,5513
423475,65,160,946,1996.0,0.0,2938.0,-0.370096,-0.371728,DOM,NIC,5513
423476,93,160,946,1996.0,243453.0,0.0,-0.28699,0.308033,GTM,NIC,5513
423477,162,160,946,1996.0,1757.0,0.0,1.331177,1.6320430000000001,NLD,NIC,5513
423478,197,160,946,1996.0,5522.0,3087.0,-0.228625,-0.150274,SLV,NIC,5513
423479,208,160,946,1996.0,49992.0,0.0,2.186414,0.848194,SWE,NIC,5513
423480,231,160,946,1996.0,44471.0,0.0,1.742391,1.003066,USA,NIC,5513
423481,249,160,946,1996.0,2016.0,0.0,1.7375779999999998,1.4625860000000002,TWN,NIC,5513
423482,39,197,946,1996.0,0.0,3319.0,0.970932,1.111111,CAN,SLV,5513
423483,41,197,946,1996.0,81416.0,0.0,2.344337,0.709607,CHE,SLV,5513
423484,49,197,946,1996.0,1787.0,0.0,0.070101,0.08847999999999999,COL,SLV,5513
423485,52,197,946,1996.0,0.0,1943.0,-0.23773000000000002,0.101373,CRI,SLV,5513
423486,61,197,946,1996.0,76414.0,20557.0,2.347101,-2.4792799999999997,DEU,SLV,5513
423487,71,197,946,1996.0,9274.0,23794.0,1.157591,1.795643,ESP,SLV,5513
423488,81,197,946,1996.0,0.0,13380.0,1.948148,0.882453,GBR,SLV,5513
423489,93,197,946,1996.0,33979.0,1335.0,-0.28699,0.308033,GTM,SLV,5513
423490,99,197,946,1996.0,0.0,47287.0,-0.57404,-0.594276,HND,SLV,5513
423491,106,197,946,1996.0,4789.0,0.0,1.476369,1.049152,IRL,SLV,5513
423492,138,197,946,1996.0,23839.0,1068.0,0.88569,1.044068,MEX,SLV,5513
423493,160,197,946,1996.0,3087.0,5522.0,-0.810879,-0.64475,NIC,SLV,5513
423494,169,197,946,1996.0,3882.0,12517.0,-0.03243,-0.326329,PAN,SLV,5513
423495,208,197,946,1996.0,2571.0,0.0,2.186414,0.848194,SWE,SLV,5513
423496,230,197,946,1996.0,2097.0,0.0,0.182427,0.689738,URY,SLV,5513
423497,231,197,946,1996.0,141510.0,81134.0,1.742391,1.003066,USA,SLV,5513
423498,61,227,946,1996.0,1030.0,0.0,2.347101,-2.4792799999999997,DEU,UGA,5513
423499,81,227,946,1996.0,105049.0,0.0,1.948148,0.882453,GBR,UGA,5513
423500,104,227,946,1996.0,3702.0,0.0,0.145769,1.983642,IND,UGA,5513
423501,106,227,946,1996.0,27228.0,0.0,1.476369,1.049152,IRL,UGA,5513
423502,116,227,946,1996.0,2896.0,0.0,-0.470653,-0.119252,KEN,UGA,5513
423503,246,227,946,1996.0,161117.0,0.0,0.277171,1.489549,ZAF,UGA,5513
423504,231,234,946,1996.0,5806.0,0.0,1.742391,1.003066,USA,VCT,5513
423505,77,17,946,1996.0,1874.0,0.0,1.571365,1.187529,FRA,BDI,5513
423506,81,17,946,1996.0,2474.0,0.0,1.948148,0.882453,GBR,BDI,5513
423507,61,50,946,1996.0,0.0,62071.0,2.347101,-2.4792799999999997,DEU,COM,5513
423508,77,50,946,1996.0,1918.0,3955909.0,1.571365,1.187529,FRA,COM,5513
423509,114,50,946,1996.0,0.0,73620.0,2.858869,0.477455,JPN,COM,5513
423510,231,50,946,1996.0,0.0,79894.0,1.742391,1.003066,USA,COM,5513
423511,18,85,946,1996.0,7093.0,0.0,1.5604850000000001,1.30819,BEL,GIN,5513
423512,77,85,946,1996.0,0.0,99664.0,1.571365,1.187529,FRA,GIN,5513
423513,97,85,946,1996.0,36697.0,0.0,0.699041,1.8341720000000001,HKG,GIN,5513
423514,159,85,946,1996.0,3692.0,0.0,-1.9253069999999999,-1.247116,NGA,GIN,5513
423515,162,85,946,1996.0,0.0,1072.0,1.331177,1.6320430000000001,NLD,GIN,5513
423516,231,85,946,1996.0,1036.0,4666.0,1.742391,1.003066,USA,GIN,5513
423517,44,87,946,1996.0,87190.0,0.0,-0.890915,-0.8165399999999999,CIV,GMB,5513
423518,81,87,946,1996.0,93845.0,0.0,1.948148,0.882453,GBR,GMB,5513
423519,18,109,946,1996.0,2125.0,0.0,1.5604850000000001,1.30819,BEL,ISL,5513
423520,41,109,946,1996.0,1251.0,0.0,2.344337,0.709607,CHE,ISL,5513
423521,61,109,946,1996.0,16688.0,0.0,2.347101,-2.4792799999999997,DEU,ISL,5513
423522,64,109,946,1996.0,8706.0,0.0,1.416927,1.401766,DNK,ISL,5513
423523,77,109,946,1996.0,2315.0,0.0,1.571365,1.187529,FRA,ISL,5513
423524,81,109,946,1996.0,26594.0,0.0,1.948148,0.882453,GBR,ISL,5513
423525,106,109,946,1996.0,27782.0,0.0,1.476369,1.049152,IRL,ISL,5513
423526,162,109,946,1996.0,4024.0,0.0,1.331177,1.6320430000000001,NLD,ISL,5513
423527,163,109,946,1996.0,2604.0,17201.0,0.8207270000000001,0.043619,NOR,ISL,5513
423528,231,109,946,1996.0,78554.0,0.0,1.742391,1.003066,USA,ISL,5513
423529,246,109,946,1996.0,0.0,3030.0,0.277171,1.489549,ZAF,ISL,5513
423530,250,109,946,1996.0,3816.0,0.0,1.153784,0.831677,ANS,ISL,5513
423531,43,133,946,1996.0,18658.0,5397.0,0.383975,2.197461,CHN,MAC,5513
423532,77,133,946,1996.0,4598.0,0.0,1.571365,1.187529,FRA,MAC,5513
423533,81,133,946,1996.0,4658.0,3837.0,1.948148,0.882453,GBR,MAC,5513
423534,97,133,946,1996.0,704565.0,23390.0,0.699041,1.8341720000000001,HKG,MAC,5513
423535,114,133,946,1996.0,5361.0,0.0,2.858869,0.477455,JPN,MAC,5513
423536,168,133,946,1996.0,1924.0,0.0,-0.759362,-0.541712,PAK,MAC,5513
423537,192,133,946,1996.0,15655.0,0.0,1.288635,0.259061,SGP,MAC,5513
423538,216,133,946,1996.0,1589.0,0.0,0.26155100000000003,1.146204,THA,MAC,5513
423539,249,133,946,1996.0,9074.0,0.0,1.7375779999999998,1.4625860000000002,TWN,MAC,5513
423540,8,136,946,1996.0,0.0,2593.0,0.007199,0.805707,ARG,MDG,5513
423541,14,136,946,1996.0,0.0,1452.0,0.025253,0.6428189999999999,AUS,MDG,5513
423542,18,136,946,1996.0,0.0,24840.0,1.5604850000000001,1.30819,BEL,MDG,5513
423543,39,136,946,1996.0,0.0,168163.0,0.970932,1.111111,CAN,MDG,5513
423544,41,136,946,1996.0,0.0,82093.0,2.344337,0.709607,CHE,MDG,5513
423545,43,136,946,1996.0,2015.0,0.0,0.383975,2.197461,CHN,MDG,5513
423546,61,136,946,1996.0,0.0,415769.0,2.347101,-2.4792799999999997,DEU,MDG,5513
423547,71,136,946,1996.0,0.0,227508.0,1.157591,1.795643,ESP,MDG,5513
423548,77,136,946,1996.0,32688.0,3413804.0,1.571365,1.187529,FRA,MDG,5513
423549,81,136,946,1996.0,0.0,500896.0,1.948148,0.882453,GBR,MDG,5513
423550,97,136,946,1996.0,0.0,340466.0,0.699041,1.8341720000000001,HKG,MDG,5513
423551,103,136,946,1996.0,0.0,179653.0,-0.25952,1.343972,IDN,MDG,5513
423552,104,136,946,1996.0,0.0,274818.0,0.145769,1.983642,IND,MDG,5513
423553,106,136,946,1996.0,0.0,12331.0,1.476369,1.049152,IRL,MDG,5513
423554,111,136,946,1996.0,1293.0,0.0,1.591442,0.875201,ITA,MDG,5513
423555,114,136,946,1996.0,0.0,23289.0,2.858869,0.477455,JPN,MDG,5513
423556,177,136,946,1996.0,1094.0,0.0,0.806283,1.92897,POL,MDG,5513
423557,192,136,946,1996.0,0.0,618355.0,1.288635,0.259061,SGP,MDG,5513
423558,231,136,946,1996.0,0.0,347515.0,1.742391,1.003066,USA,MDG,5513
423559,246,136,946,1996.0,0.0,21055.0,0.277171,1.489549,ZAF,MDG,5513
423560,104,137,946,1996.0,7766.0,0.0,0.145769,1.983642,IND,MDV,5513
423561,192,137,946,1996.0,48073.0,0.0,1.288635,0.259061,SGP,MDV,5513
423562,41,151,946,1996.0,119981.0,0.0,2.344337,0.709607,CHE,MUS,5513
423563,61,151,946,1996.0,19369.0,0.0,2.347101,-2.4792799999999997,DEU,MUS,5513
423564,71,151,946,1996.0,3456.0,0.0,1.157591,1.795643,ESP,MUS,5513
423565,77,151,946,1996.0,111828.0,0.0,1.571365,1.187529,FRA,MUS,5513
423566,81,151,946,1996.0,49863.0,0.0,1.948148,0.882453,GBR,MUS,5513
423567,104,151,946,1996.0,20647.0,0.0,0.145769,1.983642,IND,MUS,5513
423568,246,151,946,1996.0,606651.0,0.0,0.277171,1.489549,ZAF,MUS,5513
423569,81,152,946,1996.0,121646.0,0.0,1.948148,0.882453,GBR,MWI,5513
423570,246,152,946,1996.0,708599.0,8412.0,0.277171,1.489549,ZAF,MWI,5513
423571,18,159,946,1996.0,6909.0,0.0,1.5604850000000001,1.30819,BEL,NGA,5513
423572,41,159,946,1996.0,126405.0,0.0,2.344337,0.709607,CHE,NGA,5513
423573,43,159,946,1996.0,76294.0,0.0,0.383975,2.197461,CHN,NGA,5513
423574,61,159,946,1996.0,1324584.0,0.0,2.347101,-2.4792799999999997,DEU,NGA,5513
423575,64,159,946,1996.0,18844.0,0.0,1.416927,1.401766,DNK,NGA,5513
423576,71,159,946,1996.0,151177.0,0.0,1.157591,1.795643,ESP,NGA,5513
423577,77,159,946,1996.0,358557.0,0.0,1.571365,1.187529,FRA,NGA,5513
423578,81,159,946,1996.0,372433.0,0.0,1.948148,0.882453,GBR,NGA,5513
423579,83,159,946,1996.0,0.0,30191.0,-1.037413,-1.019025,GHA,NGA,5513
423580,85,159,946,1996.0,0.0,3692.0,-1.2720120000000001,-1.150363,GIN,NGA,5513
423581,90,159,946,1996.0,81830.0,0.0,0.21841799999999997,1.081136,GRC,NGA,5513
423582,97,159,946,1996.0,3135.0,0.0,0.699041,1.8341720000000001,HKG,NGA,5513
423583,104,159,946,1996.0,78548.0,0.0,0.145769,1.983642,IND,NGA,5513
423584,106,159,946,1996.0,26764.0,0.0,1.476369,1.049152,IRL,NGA,5513
423585,110,159,946,1996.0,14304.0,0.0,1.159922,1.025777,ISR,NGA,5513
423586,111,159,946,1996.0,31595.0,0.0,1.591442,0.875201,ITA,NGA,5513
423587,162,159,946,1996.0,70758.0,0.0,1.331177,1.6320430000000001,NLD,NGA,5513
423588,231,159,946,1996.0,163479.0,0.0,1.742391,1.003066,USA,NGA,5513
423589,18,187,946,1996.0,25980.0,0.0,1.5604850000000001,1.30819,BEL,RWA,5513
423590,71,187,946,1996.0,9748.0,0.0,1.157591,1.795643,ESP,RWA,5513
423591,81,187,946,1996.0,9502.0,0.0,1.948148,0.882453,GBR,RWA,5513
423592,61,211,946,1996.0,6855.0,0.0,2.347101,-2.4792799999999997,DEU,SYC,5513
423593,77,211,946,1996.0,9253.0,11675.0,1.571365,1.187529,FRA,SYC,5513
423594,246,211,946,1996.0,4683.0,1757.0,0.277171,1.489549,ZAF,SYC,5513
423595,7,226,946,1996.0,1029.0,0.0,-0.43356400000000006,-0.8715719999999999,ARE,TZA,5513
423596,41,226,946,1996.0,0.0,1174.0,2.344337,0.709607,CHE,TZA,5513
423597,61,226,946,1996.0,7609.0,0.0,2.347101,-2.4792799999999997,DEU,TZA,5513
423598,71,226,946,1996.0,3972.0,0.0,1.157591,1.795643,ESP,TZA,5513
423599,77,226,946,1996.0,0.0,19267.0,1.571365,1.187529,FRA,TZA,5513
423600,81,226,946,1996.0,248816.0,50734.0,1.948148,0.882453,GBR,TZA,5513
423601,104,226,946,1996.0,6847.0,0.0,0.145769,1.983642,IND,TZA,5513
423602,116,226,946,1996.0,1617.0,0.0,-0.470653,-0.119252,KEN,TZA,5513
423603,231,226,946,1996.0,0.0,10910.0,1.742391,1.003066,USA,TZA,5513
423604,246,226,946,1996.0,864889.0,0.0,0.277171,1.489549,ZAF,TZA,5513
423605,71,2,946,1996.0,0.0,29240.0,1.157591,1.795643,ESP,AGO,5513
423606,111,2,946,1996.0,1436.0,0.0,1.591442,0.875201,ITA,AGO,5513
423607,179,2,946,1996.0,50663.0,0.0,0.49924799999999997,0.9969520000000001,PRT,AGO,5513
423608,231,3,946,1996.0,8822.0,0.0,1.742391,1.003066,USA,AIA,5513
423609,15,4,946,1996.0,0.0,255435.0,2.012626,0.395525,AUT,ALB,5513
423610,61,4,946,1996.0,0.0,65873.0,2.347101,-2.4792799999999997,DEU,ALB,5513
423611,77,4,946,1996.0,0.0,157660.0,1.571365,1.187529,FRA,ALB,5513
423612,90,4,946,1996.0,43681.0,0.0,0.21841799999999997,1.081136,GRC,ALB,5513
423613,111,4,946,1996.0,16834.0,73949.0,1.591442,0.875201,ITA,ALB,5513
423614,188,4,946,1996.0,0.0,7455.0,-0.200762,-1.0419610000000001,SAU,ALB,5513
423615,189,4,946,1996.0,0.0,15235.0,0.699084,2.2900150000000004,SCG,ALB,5513
423616,231,4,946,1996.0,0.0,84144.0,1.742391,1.003066,USA,ALB,5513
423617,18,6,946,1996.0,8170.0,0.0,1.5604850000000001,1.30819,BEL,ANT,5513
423618,61,6,946,1996.0,0.0,11263.0,2.347101,-2.4792799999999997,DEU,ANT,5513
423619,71,6,946,1996.0,0.0,37601.0,1.157591,1.795643,ESP,ANT,5513
423620,81,6,946,1996.0,6351.0,22202.0,1.948148,0.882453,GBR,ANT,5513
423621,112,6,946,1996.0,1090.0,0.0,-0.64364,-0.8296379999999999,JAM,ANT,5513
423622,231,6,946,1996.0,102371.0,0.0,1.742391,1.003066,USA,ANT,5513
423623,14,7,946,1996.0,6573.0,0.0,0.025253,0.6428189999999999,AUS,ARE,5513
423624,39,7,946,1996.0,8331.0,0.0,0.970932,1.111111,CAN,ARE,5513
423625,41,7,946,1996.0,54666.0,173389.0,2.344337,0.709607,CHE,ARE,5513
423626,43,7,946,1996.0,642265.0,0.0,0.383975,2.197461,CHN,ARE,5513
423627,58,7,946,1996.0,10956.0,0.0,0.11774200000000001,0.044968,CYP,ARE,5513
423628,61,7,946,1996.0,20139.0,0.0,2.347101,-2.4792799999999997,DEU,ARE,5513
423629,71,7,946,1996.0,100985.0,0.0,1.157591,1.795643,ESP,ARE,5513
423630,77,7,946,1996.0,538092.0,13855.0,1.571365,1.187529,FRA,ARE,5513
423631,81,7,946,1996.0,279873.0,8475.0,1.948148,0.882453,GBR,ARE,5513
423632,83,7,946,1996.0,0.0,4856.0,-1.037413,-1.019025,GHA,ARE,5513
423633,103,7,946,1996.0,15384.0,0.0,-0.25952,1.343972,IDN,ARE,5513
423634,104,7,946,1996.0,1211518.0,3268.0,0.145769,1.983642,IND,ARE,5513
423635,106,7,946,1996.0,43197.0,0.0,1.476369,1.049152,IRL,ARE,5513
423636,111,7,946,1996.0,283122.0,0.0,1.591442,0.875201,ITA,ARE,5513
423637,167,7,946,1996.0,2789.0,92674.0,-0.227075,-0.9778399999999999,OMN,ARE,5513
423638,188,7,946,1996.0,2997382.0,2015090.0,-0.200762,-1.0419610000000001,SAU,ARE,5513
423639,190,7,946,1996.0,4578.0,0.0,-1.342853,-1.183092,SDN,ARE,5513
423640,192,7,946,1996.0,72093.0,0.0,1.288635,0.259061,SGP,ARE,5513
423641,224,7,946,1996.0,79828.0,0.0,0.07259700000000001,1.734291,TUR,ARE,5513
423642,226,7,946,1996.0,0.0,1029.0,-1.186121,-0.6688390000000001,TZA,ARE,5513
423643,231,7,946,1996.0,44274.0,20961.0,1.742391,1.003066,USA,ARE,5513
423644,246,7,946,1996.0,1039.0,30705.0,0.277171,1.489549,ZAF,ARE,5513
423645,247,7,946,1996.0,0.0,1594.0,-0.58634,-0.796772,ZMB,ARE,5513
423646,81,13,946,1996.0,13402.0,0.0,1.948148,0.882453,GBR,ATG,5513
423647,223,19,946,1996.0,1887.0,0.0,-0.250917,-0.057383,TUN,BEN,5513
423648,44,21,946,1996.0,1178.0,0.0,-0.890915,-0.8165399999999999,CIV,BFA,5513
423649,77,21,946,1996.0,4749.0,0.0,1.571365,1.187529,FRA,BFA,5513
423650,162,21,946,1996.0,0.0,5206.0,1.331177,1.6320430000000001,NLD,BFA,5513
423651,71,24,946,1996.0,11231.0,0.0,1.157591,1.795643,ESP,BHR,5513
423652,77,24,946,1996.0,32667.0,0.0,1.571365,1.187529,FRA,BHR,5513
423653,81,24,946,1996.0,20431.0,0.0,1.948148,0.882453,GBR,BHR,5513
423654,104,24,946,1996.0,54823.0,0.0,0.145769,1.983642,IND,BHR,5513
423655,153,24,946,1996.0,9236.0,0.0,0.5493640000000001,0.248484,MYS,BHR,5513
423656,167,24,946,1996.0,0.0,3332.0,-0.227075,-0.9778399999999999,OMN,BHR,5513
423657,188,24,946,1996.0,0.0,54031.0,-0.200762,-1.0419610000000001,SAU,BHR,5513
423658,81,25,946,1996.0,216541.0,31369.0,1.948148,0.882453,GBR,BHS,5513
423659,112,25,946,1996.0,1656.0,0.0,-0.64364,-0.8296379999999999,JAM,BHS,5513
423660,231,25,946,1996.0,235513.0,563208.0,1.742391,1.003066,USA,BHS,5513
423661,18,26,946,1996.0,0.0,3779.0,1.5604850000000001,1.30819,BEL,BIH,5513
423662,61,26,946,1996.0,18015.0,33129.0,2.347101,-2.4792799999999997,DEU,BIH,5513
423663,77,26,946,1996.0,0.0,39691.0,1.571365,1.187529,FRA,BIH,5513
423664,100,26,946,1996.0,10838.0,0.0,0.739223,1.3032030000000001,HRV,BIH,5513
423665,102,26,946,1996.0,0.0,1000.0,0.905526,1.887735,HUN,BIH,5513
423666,189,26,946,1996.0,9272.0,0.0,0.699084,2.2900150000000004,SCG,BIH,5513
423667,207,26,946,1996.0,12239.0,0.0,1.352015,1.396593,SVN,BIH,5513
423668,15,28,946,1996.0,4024.0,0.0,2.012626,0.395525,AUT,BLR,5513
423669,61,28,946,1996.0,2117.0,0.0,2.347101,-2.4792799999999997,DEU,BLR,5513
423670,104,28,946,1996.0,18975.0,0.0,0.145769,1.983642,IND,BLR,5513
423671,110,28,946,1996.0,17027.0,0.0,1.159922,1.025777,ISR,BLR,5513
423672,132,28,946,1996.0,8553.0,0.0,0.255258,0.42505299999999996,LVA,BLR,5513
423673,177,28,946,1996.0,0.0,50519.0,0.806283,1.92897,POL,BLR,5513
423674,39,33,946,1996.0,18999.0,0.0,0.970932,1.111111,CAN,BRB,5513
423675,77,33,946,1996.0,0.0,5357.0,1.571365,1.187529,FRA,BRB,5513
423676,81,33,946,1996.0,29763.0,0.0,1.948148,0.882453,GBR,BRB,5513
423677,106,33,946,1996.0,3791.0,0.0,1.476369,1.049152,IRL,BRB,5513
423678,231,33,946,1996.0,131001.0,1754.0,1.742391,1.003066,USA,BRB,5513
423679,14,34,946,1996.0,3872.0,0.0,0.025253,0.6428189999999999,AUS,BRN,5513
423680,81,34,946,1996.0,1274.0,0.0,1.948148,0.882453,GBR,BRN,5513
423681,192,34,946,1996.0,7806.0,0.0,1.288635,0.259061,SGP,BRN,5513
423682,18,46,946,1996.0,2289.0,0.0,1.5604850000000001,1.30819,BEL,COD,5513
423683,77,46,946,1996.0,6282.0,0.0,1.571365,1.187529,FRA,COD,5513
423684,246,46,946,1996.0,77318.0,0.0,0.277171,1.489549,ZAF,COD,5513
423685,44,47,946,1996.0,18415.0,0.0,-0.890915,-0.8165399999999999,CIV,COG,5513
423686,81,47,946,1996.0,21622.0,0.0,1.948148,0.882453,GBR,COG,5513
423687,81,84,946,1996.0,1596.0,0.0,1.948148,0.882453,GBR,GIB,5513
423688,81,96,946,1996.0,20426.0,0.0,1.948148,0.882453,GBR,GUY,5513
423689,231,96,946,1996.0,190009.0,0.0,1.742391,1.003066,USA,GUY,5513
423690,81,108,946,1996.0,4765.0,0.0,1.948148,0.882453,GBR,IRQ,5513
423691,15,115,946,1996.0,0.0,246748.0,2.012626,0.395525,AUT,KAZ,5513
423692,110,115,946,1996.0,11477.0,0.0,1.159922,1.025777,ISR,KAZ,5513
423693,186,115,946,1996.0,30750.0,0.0,0.505247,0.349848,RUS,KAZ,5513
423694,224,115,946,1996.0,1636.0,0.0,0.07259700000000001,1.734291,TUR,KAZ,5513
423695,41,116,946,1996.0,50794.0,8805.0,2.344337,0.709607,CHE,KEN,5513
423696,61,116,946,1996.0,64398.0,0.0,2.347101,-2.4792799999999997,DEU,KEN,5513
423697,81,116,946,1996.0,188709.0,6947.0,1.948148,0.882453,GBR,KEN,5513
423698,104,116,946,1996.0,18860.0,0.0,0.145769,1.983642,IND,KEN,5513
423699,226,116,946,1996.0,0.0,1617.0,-1.186121,-0.6688390000000001,TZA,KEN,5513
423700,227,116,946,1996.0,0.0,2896.0,-1.105896,-0.910169,UGA,KEN,5513
423701,231,116,946,1996.0,108209.0,0.0,1.742391,1.003066,USA,KEN,5513
423702,246,116,946,1996.0,191787.0,0.0,0.277171,1.489549,ZAF,KEN,5513
423703,247,116,946,1996.0,10600.0,0.0,-0.58634,-0.796772,ZMB,KEN,5513
423704,18,122,946,1996.0,5397.0,0.0,1.5604850000000001,1.30819,BEL,KWT,5513
423705,23,122,946,1996.0,39925.0,0.0,0.510789,1.749248,BGR,KWT,5513
423706,58,122,946,1996.0,37578.0,0.0,0.11774200000000001,0.044968,CYP,KWT,5513
423707,61,122,946,1996.0,4108.0,0.0,2.347101,-2.4792799999999997,DEU,KWT,5513
423708,68,122,946,1996.0,25940.0,0.0,-0.405938,-0.209619,EGY,KWT,5513
423709,77,122,946,1996.0,19164.0,0.0,1.571365,1.187529,FRA,KWT,5513
423710,81,122,946,1996.0,127593.0,0.0,1.948148,0.882453,GBR,KWT,5513
423711,104,122,946,1996.0,40296.0,0.0,0.145769,1.983642,IND,KWT,5513
423712,106,122,946,1996.0,34417.0,0.0,1.476369,1.049152,IRL,KWT,5513
423713,188,122,946,1996.0,97950.0,33344.0,-0.200762,-1.0419610000000001,SAU,KWT,5513
423714,68,126,946,1996.0,30621.0,0.0,-0.405938,-0.209619,EGY,LBY,5513
423715,111,126,946,1996.0,14987.0,0.0,1.591442,0.875201,ITA,LBY,5513
423716,223,126,946,1996.0,75808.0,0.0,-0.250917,-0.057383,TUN,LBY,5513
423717,246,147,946,1996.0,4373.0,0.0,0.277171,1.489549,ZAF,MOZ,5513
423718,81,148,946,1996.0,3958.0,0.0,1.948148,0.882453,GBR,MRT,5513
423719,191,148,946,1996.0,1376.0,0.0,-0.715409,-0.8895850000000001,SEN,MRT,5513
423720,71,183,946,1996.0,1100.0,0.0,1.157591,1.795643,ESP,QAT,5513
423721,77,183,946,1996.0,1172.0,0.0,1.571365,1.187529,FRA,QAT,5513
423722,81,183,946,1996.0,28420.0,0.0,1.948148,0.882453,GBR,QAT,5513
423723,106,183,946,1996.0,7401.0,0.0,1.476369,1.049152,IRL,QAT,5513
423724,61,232,946,1996.0,3366.0,0.0,2.347101,-2.4792799999999997,DEU,UZB,5513
423725,224,232,946,1996.0,7443.0,0.0,0.07259700000000001,1.734291,TUR,UZB,5513
423726,15,243,946,1996.0,1717.0,0.0,2.012626,0.395525,AUT,YEM,5513
423727,18,243,946,1996.0,1114.0,1243.0,1.5604850000000001,1.30819,BEL,YEM,5513
423728,43,243,946,1996.0,23723.0,0.0,0.383975,2.197461,CHN,YEM,5513
423729,104,243,946,1996.0,50267.0,0.0,0.145769,1.983642,IND,YEM,5513
423730,188,243,946,1996.0,4274.0,1841.0,-0.200762,-1.0419610000000001,SAU,YEM,5513
423731,18,248,946,1996.0,0.0,7499.0,1.5604850000000001,1.30819,BEL,ZWE,5513
423732,41,248,946,1996.0,0.0,1672.0,2.344337,0.709607,CHE,ZWE,5513
423733,61,248,946,1996.0,21546.0,0.0,2.347101,-2.4792799999999997,DEU,ZWE,5513
423734,64,248,946,1996.0,71728.0,0.0,1.416927,1.401766,DNK,ZWE,5513
423735,77,248,946,1996.0,0.0,31468.0,1.571365,1.187529,FRA,ZWE,5513
423736,81,248,946,1996.0,143823.0,137054.0,1.948148,0.882453,GBR,ZWE,5513
423737,104,248,946,1996.0,1344.0,0.0,0.145769,1.983642,IND,ZWE,5513
423738,106,248,946,1996.0,65620.0,0.0,1.476369,1.049152,IRL,ZWE,5513
423739,216,248,946,1996.0,7147.0,0.0,0.26155100000000003,1.146204,THA,ZWE,5513
423740,231,248,946,1996.0,264330.0,30469.0,1.742391,1.003066,USA,ZWE,5513
423741,246,248,946,1996.0,459401.0,4475.0,0.277171,1.489549,ZAF,ZWE,5513
423742,247,248,946,1996.0,0.0,14038.0,-0.58634,-0.796772,ZMB,ZWE,5513
423743,104,1,946,1996.0,117420.0,0.0,0.145769,1.983642,IND,AFG,5513
423744,71,5,946,1996.0,9298.0,0.0,1.157591,1.795643,ESP,AND,5513
423745,77,5,946,1996.0,2826.0,0.0,1.571365,1.187529,FRA,AND,5513
423746,81,5,946,1996.0,98582.0,0.0,1.948148,0.882453,GBR,AND,5513
423747,23,9,946,1996.0,2805.0,0.0,0.510789,1.749248,BGR,ARM,5513
423748,77,9,946,1996.0,0.0,3003.0,1.571365,1.187529,FRA,ARM,5513
423749,14,30,946,1996.0,1299.0,0.0,0.025253,0.6428189999999999,AUS,BMU,5513
423750,81,30,946,1996.0,54733.0,0.0,1.948148,0.882453,GBR,BMU,5513
423751,61,35,946,1996.0,0.0,57655.0,2.347101,-2.4792799999999997,DEU,BTN,5513
423752,61,48,946,1996.0,0.0,1603.0,2.347101,-2.4792799999999997,DEU,COK,5513
423753,166,48,946,1996.0,3435.0,0.0,0.404233,0.6724640000000001,NZL,COK,5513
423754,112,57,946,1996.0,14026.0,0.0,-0.64364,-0.8296379999999999,JAM,CYM,5513
423755,188,62,946,1996.0,31774.0,0.0,-0.200762,-1.0419610000000001,SAU,DJI,5513
423756,81,73,946,1996.0,53392.0,0.0,1.948148,0.882453,GBR,ETH,5513
423757,111,73,946,1996.0,7652.0,5044.0,1.591442,0.875201,ITA,ETH,5513
423758,246,73,946,1996.0,16785.0,0.0,0.277171,1.489549,ZAF,ETH,5513
423759,14,75,946,1996.0,63566.0,0.0,0.025253,0.6428189999999999,AUS,FJI,5513
423760,104,75,946,1996.0,1804.0,0.0,0.145769,1.983642,IND,FJI,5513
423761,166,75,946,1996.0,22426.0,0.0,0.404233,0.6724640000000001,NZL,FJI,5513
423762,192,75,946,1996.0,1745.0,0.0,1.288635,0.259061,SGP,FJI,5513
423763,64,78,946,1996.0,2927.0,0.0,1.416927,1.401766,DNK,FRO,5513
423764,81,78,946,1996.0,1564.0,0.0,1.948148,0.882453,GBR,FRO,5513
423765,174,79,946,1996.0,1436.0,0.0,0.0020329999999999997,0.40715,PHL,FSM,5513
423766,186,118,946,1996.0,0.0,10603.0,0.505247,0.349848,RUS,KHM,5513
423767,216,118,946,1996.0,2635.0,0.0,0.26155100000000003,1.146204,THA,KHM,5513
423768,14,119,946,1996.0,1020.0,0.0,0.025253,0.6428189999999999,AUS,KIR,5513
423769,166,119,946,1996.0,1949.0,0.0,0.404233,0.6724640000000001,NZL,KIR,5513
423770,43,143,946,1996.0,4983.0,0.0,0.383975,2.197461,CHN,MMR,5513
423771,61,143,946,1996.0,8765.0,0.0,2.347101,-2.4792799999999997,DEU,MMR,5513
423772,81,143,946,1996.0,3221.0,0.0,1.948148,0.882453,GBR,MMR,5513
423773,97,143,946,1996.0,4712.0,0.0,0.699041,1.8341720000000001,HKG,MMR,5513
423774,192,143,946,1996.0,139286.0,0.0,1.288635,0.259061,SGP,MMR,5513
423775,216,143,946,1996.0,5169.0,0.0,0.26155100000000003,1.146204,THA,MMR,5513
423776,77,156,946,1996.0,6281.0,96343.0,1.571365,1.187529,FRA,NCL,5513
423777,166,156,946,1996.0,2213.0,0.0,0.404233,0.6724640000000001,NZL,NCL,5513
423778,14,164,946,1996.0,0.0,6688.0,0.025253,0.6428189999999999,AUS,NPL,5513
423779,39,164,946,1996.0,0.0,1070.0,0.970932,1.111111,CAN,NPL,5513
423780,41,164,946,1996.0,0.0,1076.0,2.344337,0.709607,CHE,NPL,5513
423781,61,164,946,1996.0,0.0,38273.0,2.347101,-2.4792799999999997,DEU,NPL,5513
423782,77,164,946,1996.0,0.0,28349.0,1.571365,1.187529,FRA,NPL,5513
423783,104,164,946,1996.0,12802.0,8475.0,0.145769,1.983642,IND,NPL,5513
423784,208,164,946,1996.0,0.0,2083.0,2.186414,0.848194,SWE,NPL,5513
423785,14,176,946,1996.0,12118.0,0.0,0.025253,0.6428189999999999,AUS,PNG,5513
423786,103,176,946,1996.0,2998.0,7544.0,-0.25952,1.343972,IDN,PNG,5513
423787,77,182,946,1996.0,22944.0,23021.0,1.571365,1.187529,FRA,PYF,5513
423788,111,182,946,1996.0,1387.0,0.0,1.591442,0.875201,ITA,PYF,5513
423789,166,182,946,1996.0,14865.0,3845.0,0.404233,0.6724640000000001,NZL,PYF,5513
423790,192,182,946,1996.0,2267.0,0.0,1.288635,0.259061,SGP,PYF,5513
423791,231,182,946,1996.0,0.0,55109.0,1.742391,1.003066,USA,PYF,5513
423792,166,195,946,1996.0,2039.0,0.0,0.404233,0.6724640000000001,NZL,SLB,5513
423793,59,196,946,1996.0,1820.0,0.0,1.412088,1.171914,CZE,SLE,5513
423794,81,196,946,1996.0,10715.0,0.0,1.948148,0.882453,GBR,SLE,5513
423795,97,196,946,1996.0,9289.0,0.0,0.699041,1.8341720000000001,HKG,SLE,5513
423796,104,196,946,1996.0,65758.0,0.0,0.145769,1.983642,IND,SLE,5513
423797,166,221,946,1996.0,5623.0,0.0,0.404233,0.6724640000000001,NZL,TON,5513
423798,166,242,946,1996.0,7220.0,0.0,0.404233,0.6724640000000001,NZL,WSM,5513
423799,81,0,946,1996.0,37180.0,0.0,1.948148,0.882453,GBR,ABW,5513
423800,231,0,946,1996.0,11862.0,0.0,1.742391,1.003066,USA,ABW,5513
423801,179,88,946,1996.0,3095.0,0.0,0.49924799999999997,0.9969520000000001,PRT,GNB,5513
423802,23,145,946,1996.0,3595.0,0.0,0.510789,1.749248,BGR,MNG,5513
423803,43,145,946,1996.0,2308.0,0.0,0.383975,2.197461,CHN,MNG,5513
423804,61,145,946,1996.0,21224.0,0.0,2.347101,-2.4792799999999997,DEU,MNG,5513
423805,77,145,946,1996.0,10909.0,0.0,1.571365,1.187529,FRA,MNG,5513
423806,81,145,946,1996.0,2874.0,0.0,1.948148,0.882453,GBR,MNG,5513
423807,111,145,946,1996.0,1508.0,0.0,1.591442,0.875201,ITA,MNG,5513
423808,114,145,946,1996.0,1056.0,0.0,2.858869,0.477455,JPN,MNG,5513
423809,121,145,946,1996.0,68655.0,0.0,1.230793,1.0548959999999998,KOR,MNG,5513
423810,192,145,946,1996.0,3153.0,0.0,1.288635,0.259061,SGP,MNG,5513
423811,250,145,946,1996.0,17450.0,0.0,1.153784,0.831677,ANS,MNG,5513
423812,81,203,946,1996.0,2444.0,0.0,1.948148,0.882453,GBR,STP,5513
423813,224,217,946,1996.0,8483.0,0.0,0.07259700000000001,1.734291,TUR,TJK,5513
423814,77,38,946,1996.0,1747.0,0.0,1.571365,1.187529,FRA,CAF,5513
423815,106,38,946,1996.0,0.0,4478.0,1.476369,1.049152,IRL,CAF,5513
423816,4,15,947,1996.0,0.0,10555.0,-0.42357399999999995,0.090179,ALB,AUT,5514
423817,7,15,947,1996.0,0.0,29752.0,-0.43356400000000006,-0.8715719999999999,ARE,AUT,5514
423818,14,15,947,1996.0,0.0,4355.0,0.025253,0.6428189999999999,AUS,AUT,5514
423819,18,15,947,1996.0,368703.0,230892.0,1.5604850000000001,1.30819,BEL,AUT,5514
423820,23,15,947,1996.0,4898.0,365015.0,0.510789,1.749248,BGR,AUT,5514
423821,26,15,947,1996.0,0.0,18107.0,0.5718949999999999,0.991791,BIH,AUT,5514
423822,28,15,947,1996.0,0.0,119479.0,0.785274,1.0126899999999999,BLR,AUT,5514
423823,32,15,947,1996.0,29984.0,8473.0,0.8087340000000001,1.370183,BRA,AUT,5514
423824,39,15,947,1996.0,5679.0,7375.0,0.970932,1.111111,CAN,AUT,5514
423825,41,15,947,1996.0,7863570.0,230053.0,2.344337,0.709607,CHE,AUT,5514
423826,43,15,947,1996.0,5859.0,0.0,0.383975,2.197461,CHN,AUT,5514
423827,49,15,947,1996.0,0.0,11981.0,0.070101,0.08847999999999999,COL,AUT,5514
423828,52,15,947,1996.0,0.0,1752.0,-0.23773000000000002,0.101373,CRI,AUT,5514
423829,58,15,947,1996.0,0.0,10008.0,0.11774200000000001,0.044968,CYP,AUT,5514
423830,59,15,947,1996.0,10534.0,3941019.0,1.412088,1.171914,CZE,AUT,5514
423831,61,15,947,1996.0,19026042.0,3192965.0,2.347101,-2.4792799999999997,DEU,AUT,5514
423832,64,15,947,1996.0,67038.0,8455.0,1.416927,1.401766,DNK,AUT,5514
423833,67,15,947,1996.0,1679.0,0.0,-1.128953,-0.960469,ECU,AUT,5514
423834,68,15,947,1996.0,0.0,102190.0,-0.405938,-0.209619,EGY,AUT,5514
423835,71,15,947,1996.0,408200.0,20612.0,1.157591,1.795643,ESP,AUT,5514
423836,72,15,947,1996.0,0.0,32730.0,0.445854,1.115429,EST,AUT,5514
423837,74,15,947,1996.0,8409.0,81509.0,2.007619,1.016303,FIN,AUT,5514
423838,77,15,947,1996.0,4510501.0,74613.0,1.571365,1.187529,FRA,AUT,5514
423839,81,15,947,1996.0,784019.0,60312.0,1.948148,0.882453,GBR,AUT,5514
423840,83,15,947,1996.0,0.0,1884.0,-1.037413,-1.019025,GHA,AUT,5514
423841,90,15,947,1996.0,1459.0,29447.0,0.21841799999999997,1.081136,GRC,AUT,5514
423842,97,15,947,1996.0,0.0,5018.0,0.699041,1.8341720000000001,HKG,AUT,5514
423843,100,15,947,1996.0,0.0,306019.0,0.739223,1.3032030000000001,HRV,AUT,5514
423844,102,15,947,1996.0,103379.0,1536967.0,0.905526,1.887735,HUN,AUT,5514
423845,103,15,947,1996.0,0.0,18143.0,-0.25952,1.343972,IDN,AUT,5514
423846,104,15,947,1996.0,0.0,17985.0,0.145769,1.983642,IND,AUT,5514
423847,106,15,947,1996.0,1048402.0,0.0,1.476369,1.049152,IRL,AUT,5514
423848,110,15,947,1996.0,278324.0,22463.0,1.159922,1.025777,ISR,AUT,5514
423849,111,15,947,1996.0,349586.0,73236.0,1.591442,0.875201,ITA,AUT,5514
423850,112,15,947,1996.0,1563.0,0.0,-0.64364,-0.8296379999999999,JAM,AUT,5514
423851,113,15,947,1996.0,0.0,29282.0,0.225125,-0.333293,JOR,AUT,5514
423852,114,15,947,1996.0,33426.0,184264.0,2.858869,0.477455,JPN,AUT,5514
423853,121,15,947,1996.0,3156.0,126272.0,1.230793,1.0548959999999998,KOR,AUT,5514
423854,124,15,947,1996.0,0.0,62624.0,-0.09233999999999999,0.127816,LBN,AUT,5514
423855,130,15,947,1996.0,0.0,70631.0,0.360994,1.092575,LTU,AUT,5514
423856,132,15,947,1996.0,0.0,52793.0,0.255258,0.42505299999999996,LVA,AUT,5514
423857,134,15,947,1996.0,0.0,7513.0,-0.56512,-0.31006999999999996,MAR,AUT,5514
423858,135,15,947,1996.0,0.0,93685.0,0.193705,0.10853,MDA,AUT,5514
423859,140,15,947,1996.0,0.0,324097.0,0.36478,0.760475,MKD,AUT,5514
423860,153,15,947,1996.0,2326.0,8884.0,0.5493640000000001,0.248484,MYS,AUT,5514
423861,159,15,947,1996.0,0.0,12152.0,-1.9253069999999999,-1.247116,NGA,AUT,5514
423862,162,15,947,1996.0,1096606.0,107498.0,1.331177,1.6320430000000001,NLD,AUT,5514
423863,163,15,947,1996.0,0.0,61537.0,0.8207270000000001,0.043619,NOR,AUT,5514
423864,166,15,947,1996.0,0.0,4923.0,0.404233,0.6724640000000001,NZL,AUT,5514
423865,167,15,947,1996.0,0.0,21954.0,-0.227075,-0.9778399999999999,OMN,AUT,5514
423866,168,15,947,1996.0,0.0,15340.0,-0.759362,-0.541712,PAK,AUT,5514
423867,174,15,947,1996.0,0.0,2747.0,0.0020329999999999997,0.40715,PHL,AUT,5514
423868,177,15,947,1996.0,123779.0,4977121.0,0.806283,1.92897,POL,AUT,5514
423869,185,15,947,1996.0,0.0,529367.0,0.612166,1.201016,ROU,AUT,5514
423870,186,15,947,1996.0,0.0,1962142.0,0.505247,0.349848,RUS,AUT,5514
423871,188,15,947,1996.0,0.0,79708.0,-0.200762,-1.0419610000000001,SAU,AUT,5514
423872,189,15,947,1996.0,14843.0,1000484.0,0.699084,2.2900150000000004,SCG,AUT,5514
423873,190,15,947,1996.0,0.0,2314.0,-1.342853,-1.183092,SDN,AUT,5514
423874,192,15,947,1996.0,0.0,22389.0,1.288635,0.259061,SGP,AUT,5514
423875,206,15,947,1996.0,9205.0,1982396.0,1.1978739999999999,1.426243,SVK,AUT,5514
423876,207,15,947,1996.0,4757.0,528939.0,1.352015,1.396593,SVN,AUT,5514
423877,208,15,947,1996.0,827857.0,159371.0,2.186414,0.848194,SWE,AUT,5514
423878,212,15,947,1996.0,0.0,139270.0,-1.096481,-1.0157260000000001,SYR,AUT,5514
423879,216,15,947,1996.0,942534.0,21033.0,0.26155100000000003,1.146204,THA,AUT,5514
423880,222,15,947,1996.0,0.0,13824.0,-0.002541,-0.543624,TTO,AUT,5514
423881,224,15,947,1996.0,0.0,71751.0,0.07259700000000001,1.734291,TUR,AUT,5514
423882,228,15,947,1996.0,0.0,661711.0,0.7582479999999999,1.1207340000000001,UKR,AUT,5514
423883,231,15,947,1996.0,2022981.0,125501.0,1.742391,1.003066,USA,AUT,5514
423884,232,15,947,1996.0,0.0,397537.0,-0.139651,-0.670652,UZB,AUT,5514
423885,246,15,947,1996.0,8435.0,5191.0,0.277171,1.489549,ZAF,AUT,5514
423886,249,15,947,1996.0,0.0,17538.0,1.7375779999999998,1.4625860000000002,TWN,AUT,5514
423887,2,18,947,1996.0,0.0,18192.0,-2.314454,-1.236453,AGO,BEL,5514
423888,8,18,947,1996.0,0.0,33594.0,0.007199,0.805707,ARG,BEL,5514
423889,14,18,947,1996.0,0.0,100798.0,0.025253,0.6428189999999999,AUS,BEL,5514
423890,15,18,947,1996.0,230892.0,368703.0,2.012626,0.395525,AUT,BEL,5514
423891,21,18,947,1996.0,0.0,16186.0,-0.6722739999999999,-0.9167639999999999,BFA,BEL,5514
423892,23,18,947,1996.0,0.0,77752.0,0.510789,1.749248,BGR,BEL,5514
423893,28,18,947,1996.0,0.0,168000.0,0.785274,1.0126899999999999,BLR,BEL,5514
423894,32,18,947,1996.0,14676.0,10323.0,0.8087340000000001,1.370183,BRA,BEL,5514
423895,39,18,947,1996.0,0.0,117568.0,0.970932,1.111111,CAN,BEL,5514
423896,41,18,947,1996.0,7034930.0,304506.0,2.344337,0.709607,CHE,BEL,5514
423897,42,18,947,1996.0,0.0,4310.0,-0.161334,-0.301695,CHL,BEL,5514
423898,43,18,947,1996.0,577042.0,4802.0,0.383975,2.197461,CHN,BEL,5514
423899,44,18,947,1996.0,0.0,199976.0,-0.890915,-0.8165399999999999,CIV,BEL,5514
423900,45,18,947,1996.0,0.0,8377.0,-1.172534,-1.099308,CMR,BEL,5514
423901,46,18,947,1996.0,0.0,143233.0,-1.288889,-1.129638,COD,BEL,5514
423902,47,18,947,1996.0,0.0,219987.0,-1.2520950000000002,-1.1901899999999999,COG,BEL,5514
423903,52,18,947,1996.0,3255.0,7053.0,-0.23773000000000002,0.101373,CRI,BEL,5514
423904,58,18,947,1996.0,0.0,53947.0,0.11774200000000001,0.044968,CYP,BEL,5514
423905,59,18,947,1996.0,0.0,735751.0,1.412088,1.171914,CZE,BEL,5514
423906,61,18,947,1996.0,29403728.0,11821555.0,2.347101,-2.4792799999999997,DEU,BEL,5514
423907,64,18,947,1996.0,502791.0,2098422.0,1.416927,1.401766,DNK,BEL,5514
423908,65,18,947,1996.0,0.0,37487.0,-0.370096,-0.371728,DOM,BEL,5514
423909,66,18,947,1996.0,0.0,49184.0,-0.478062,-1.107679,DZA,BEL,5514
423910,68,18,947,1996.0,0.0,552098.0,-0.405938,-0.209619,EGY,BEL,5514
423911,71,18,947,1996.0,1777149.0,1216361.0,1.157591,1.795643,ESP,BEL,5514
423912,73,18,947,1996.0,0.0,2023.0,-1.072519,-1.169486,ETH,BEL,5514
423913,74,18,947,1996.0,47630.0,41063.0,2.007619,1.016303,FIN,BEL,5514
423914,77,18,947,1996.0,21512868.0,16814560.0,1.571365,1.187529,FRA,BEL,5514
423915,80,18,947,1996.0,0.0,4399.0,-2.043879,-1.244397,GAB,BEL,5514
423916,81,18,947,1996.0,7712240.0,17169712.0,1.948148,0.882453,GBR,BEL,5514
423917,83,18,947,1996.0,0.0,3782.0,-1.037413,-1.019025,GHA,BEL,5514
423918,85,18,947,1996.0,0.0,42370.0,-1.2720120000000001,-1.150363,GIN,BEL,5514
423919,88,18,947,1996.0,0.0,8498.0,-2.151325,-0.959936,GNB,BEL,5514
423920,90,18,947,1996.0,4950.0,2141660.0,0.21841799999999997,1.081136,GRC,BEL,5514
423921,97,18,947,1996.0,0.0,74434.0,0.699041,1.8341720000000001,HKG,BEL,5514
423922,102,18,947,1996.0,0.0,208433.0,0.905526,1.887735,HUN,BEL,5514
423923,103,18,947,1996.0,0.0,55714.0,-0.25952,1.343972,IDN,BEL,5514
423924,104,18,947,1996.0,119268.0,66246.0,0.145769,1.983642,IND,BEL,5514
423925,106,18,947,1996.0,6427208.0,230463.0,1.476369,1.049152,IRL,BEL,5514
423926,109,18,947,1996.0,0.0,2379.0,0.10151,-0.44307799999999997,ISL,BEL,5514
423927,110,18,947,1996.0,115212.0,728830.0,1.159922,1.025777,ISR,BEL,5514
423928,111,18,947,1996.0,920851.0,9804597.0,1.591442,0.875201,ITA,BEL,5514
423929,112,18,947,1996.0,0.0,5760.0,-0.64364,-0.8296379999999999,JAM,BEL,5514
423930,113,18,947,1996.0,0.0,47710.0,0.225125,-0.333293,JOR,BEL,5514
423931,114,18,947,1996.0,126794.0,352690.0,2.858869,0.477455,JPN,BEL,5514
423932,116,18,947,1996.0,0.0,352379.0,-0.470653,-0.119252,KEN,BEL,5514
423933,124,18,947,1996.0,0.0,11462.0,-0.09233999999999999,0.127816,LBN,BEL,5514
423934,126,18,947,1996.0,0.0,204563.0,-0.482066,-1.163722,LBY,BEL,5514
423935,128,18,947,1996.0,0.0,6889.0,-0.71165,-0.320193,LKA,BEL,5514
423936,130,18,947,1996.0,0.0,3526.0,0.360994,1.092575,LTU,BEL,5514
423937,132,18,947,1996.0,0.0,3725.0,0.255258,0.42505299999999996,LVA,BEL,5514
423938,134,18,947,1996.0,0.0,128161.0,-0.56512,-0.31006999999999996,MAR,BEL,5514
423939,138,18,947,1996.0,2995.0,0.0,0.88569,1.044068,MEX,BEL,5514
423940,140,18,947,1996.0,0.0,4319.0,0.36478,0.760475,MKD,BEL,5514
423941,142,18,947,1996.0,0.0,4694.0,1.245592,0.446754,MLT,BEL,5514
423942,151,18,947,1996.0,0.0,5880.0,-0.578699,-0.831889,MUS,BEL,5514
423943,153,18,947,1996.0,0.0,289549.0,0.5493640000000001,0.248484,MYS,BEL,5514
423944,156,18,947,1996.0,0.0,1059.0,-0.994661,-0.827312,NCL,BEL,5514
423945,159,18,947,1996.0,0.0,454426.0,-1.9253069999999999,-1.247116,NGA,BEL,5514
423946,162,18,947,1996.0,14571035.0,7641007.0,1.331177,1.6320430000000001,NLD,BEL,5514
423947,163,18,947,1996.0,1275.0,43775.0,0.8207270000000001,0.043619,NOR,BEL,5514
423948,166,18,947,1996.0,2629.0,42621.0,0.404233,0.6724640000000001,NZL,BEL,5514
423949,167,18,947,1996.0,0.0,1803.0,-0.227075,-0.9778399999999999,OMN,BEL,5514
423950,168,18,947,1996.0,0.0,4779.0,-0.759362,-0.541712,PAK,BEL,5514
423951,169,18,947,1996.0,0.0,6791.0,-0.03243,-0.326329,PAN,BEL,5514
423952,173,18,947,1996.0,0.0,1206.0,-0.374308,-0.36733499999999997,PER,BEL,5514
423953,174,18,947,1996.0,5660.0,53503.0,0.0020329999999999997,0.40715,PHL,BEL,5514
423954,177,18,947,1996.0,111648.0,2788232.0,0.806283,1.92897,POL,BEL,5514
423955,179,18,947,1996.0,88588.0,1486720.0,0.49924799999999997,0.9969520000000001,PRT,BEL,5514
423956,182,18,947,1996.0,0.0,2959.0,0.9221219999999999,-0.317411,PYF,BEL,5514
423957,185,18,947,1996.0,0.0,649036.0,0.612166,1.201016,ROU,BEL,5514
423958,186,18,947,1996.0,0.0,228360.0,0.505247,0.349848,RUS,BEL,5514
423959,187,18,947,1996.0,0.0,5716.0,0.048038,-0.5664020000000001,RWA,BEL,5514
423960,188,18,947,1996.0,0.0,405755.0,-0.200762,-1.0419610000000001,SAU,BEL,5514
423961,189,18,947,1996.0,0.0,155202.0,0.699084,2.2900150000000004,SCG,BEL,5514
423962,191,18,947,1996.0,0.0,14222.0,-0.715409,-0.8895850000000001,SEN,BEL,5514
423963,192,18,947,1996.0,21184.0,303484.0,1.288635,0.259061,SGP,BEL,5514
423964,196,18,947,1996.0,0.0,3730.0,-0.0266,-0.390162,SLE,BEL,5514
423965,197,18,947,1996.0,0.0,23037.0,-0.228625,-0.150274,SLV,BEL,5514
423966,206,18,947,1996.0,0.0,1778.0,1.1978739999999999,1.426243,SVK,BEL,5514
423967,207,18,947,1996.0,0.0,28395.0,1.352015,1.396593,SVN,BEL,5514
423968,208,18,947,1996.0,28907.0,131245.0,2.186414,0.848194,SWE,BEL,5514
423969,212,18,947,1996.0,0.0,7825.0,-1.096481,-1.0157260000000001,SYR,BEL,5514
423970,216,18,947,1996.0,3352.0,36526.0,0.26155100000000003,1.146204,THA,BEL,5514
423971,223,18,947,1996.0,0.0,16047.0,-0.250917,-0.057383,TUN,BEL,5514
423972,224,18,947,1996.0,0.0,612745.0,0.07259700000000001,1.734291,TUR,BEL,5514
423973,226,18,947,1996.0,0.0,30315.0,-1.186121,-0.6688390000000001,TZA,BEL,5514
423974,227,18,947,1996.0,0.0,2273.0,-1.105896,-0.910169,UGA,BEL,5514
423975,230,18,947,1996.0,0.0,38628.0,0.182427,0.689738,URY,BEL,5514
423976,231,18,947,1996.0,13042138.0,609523.0,1.742391,1.003066,USA,BEL,5514
423977,236,18,947,1996.0,0.0,27833.0,-0.039967,-0.828263,VEN,BEL,5514
423978,246,18,947,1996.0,0.0,157690.0,0.277171,1.489549,ZAF,BEL,5514
423979,247,18,947,1996.0,0.0,62325.0,-0.58634,-0.796772,ZMB,BEL,5514
423980,248,18,947,1996.0,0.0,41730.0,-0.46458999999999995,-0.273683,ZWE,BEL,5514
423981,249,18,947,1996.0,0.0,46237.0,1.7375779999999998,1.4625860000000002,TWN,BEL,5514
423982,250,18,947,1996.0,0.0,7166.0,1.153784,0.831677,ANS,BEL,5514
423983,6,32,947,1996.0,0.0,2628.0,-0.2426,-0.701334,ANT,BRA,5514
423984,8,32,947,1996.0,1560112.0,3945283.0,0.007199,0.805707,ARG,BRA,5514
423985,14,32,947,1996.0,1650.0,0.0,0.025253,0.6428189999999999,AUS,BRA,5514
423986,15,32,947,1996.0,8473.0,29984.0,2.012626,0.395525,AUT,BRA,5514
423987,18,32,947,1996.0,10323.0,14676.0,1.5604850000000001,1.30819,BEL,BRA,5514
423988,23,32,947,1996.0,0.0,50015.0,0.510789,1.749248,BGR,BRA,5514
423989,31,32,947,1996.0,0.0,70245.0,-0.5529930000000001,-0.600893,BOL,BRA,5514
423990,39,32,947,1996.0,5320.0,4338.0,0.970932,1.111111,CAN,BRA,5514
423991,41,32,947,1996.0,6594337.0,12028.0,2.344337,0.709607,CHE,BRA,5514
423992,42,32,947,1996.0,7221.0,634498.0,-0.161334,-0.301695,CHL,BRA,5514
423993,43,32,947,1996.0,153949.0,74338.0,0.383975,2.197461,CHN,BRA,5514
423994,49,32,947,1996.0,0.0,1026910.0,0.070101,0.08847999999999999,COL,BRA,5514
423995,61,32,947,1996.0,2148486.0,500962.0,2.347101,-2.4792799999999997,DEU,BRA,5514
423996,64,32,947,1996.0,27467.0,0.0,1.416927,1.401766,DNK,BRA,5514
423997,65,32,947,1996.0,0.0,57956.0,-0.370096,-0.371728,DOM,BRA,5514
423998,67,32,947,1996.0,516465.0,74377.0,-1.128953,-0.960469,ECU,BRA,5514
423999,71,32,947,1996.0,417890.0,12797.0,1.157591,1.795643,ESP,BRA,5514
424000,77,32,947,1996.0,4053391.0,303164.0,1.571365,1.187529,FRA,BRA,5514
424001,81,32,947,1996.0,1305494.0,19467.0,1.948148,0.882453,GBR,BRA,5514
424002,83,32,947,1996.0,0.0,15406.0,-1.037413,-1.019025,GHA,BRA,5514
424003,93,32,947,1996.0,0.0,3605.0,-0.28699,0.308033,GTM,BRA,5514
424004,97,32,947,1996.0,308936.0,238112.0,0.699041,1.8341720000000001,HKG,BRA,5514
424005,99,32,947,1996.0,0.0,6567.0,-0.57404,-0.594276,HND,BRA,5514
424006,102,32,947,1996.0,0.0,7925.0,0.905526,1.887735,HUN,BRA,5514
424007,103,32,947,1996.0,4598.0,53713.0,-0.25952,1.343972,IDN,BRA,5514
424008,104,32,947,1996.0,56032.0,21906.0,0.145769,1.983642,IND,BRA,5514
424009,106,32,947,1996.0,569665.0,10024.0,1.476369,1.049152,IRL,BRA,5514
424010,110,32,947,1996.0,874974.0,0.0,1.159922,1.025777,ISR,BRA,5514
424011,111,32,947,1996.0,112613.0,59763.0,1.591442,0.875201,ITA,BRA,5514
424012,112,32,947,1996.0,0.0,44468.0,-0.64364,-0.8296379999999999,JAM,BRA,5514
424013,114,32,947,1996.0,165112.0,183930.0,2.858869,0.477455,JPN,BRA,5514
424014,138,32,947,1996.0,237199.0,92083.0,0.88569,1.044068,MEX,BRA,5514
424015,153,32,947,1996.0,0.0,42469.0,0.5493640000000001,0.248484,MYS,BRA,5514
424016,159,32,947,1996.0,0.0,138499.0,-1.9253069999999999,-1.247116,NGA,BRA,5514
424017,162,32,947,1996.0,418000.0,138448.0,1.331177,1.6320430000000001,NLD,BRA,5514
424018,163,32,947,1996.0,0.0,26419.0,0.8207270000000001,0.043619,NOR,BRA,5514
424019,166,32,947,1996.0,0.0,4812.0,0.404233,0.6724640000000001,NZL,BRA,5514
424020,167,32,947,1996.0,0.0,45010.0,-0.227075,-0.9778399999999999,OMN,BRA,5514
424021,169,32,947,1996.0,0.0,6205.0,-0.03243,-0.326329,PAN,BRA,5514
424022,173,32,947,1996.0,0.0,324105.0,-0.374308,-0.36733499999999997,PER,BRA,5514
424023,174,32,947,1996.0,0.0,85345.0,0.0020329999999999997,0.40715,PHL,BRA,5514
424024,177,32,947,1996.0,0.0,160170.0,0.806283,1.92897,POL,BRA,5514
424025,180,32,947,1996.0,1998.0,397714.0,-0.667054,-0.648122,PRY,BRA,5514
424026,188,32,947,1996.0,0.0,56768.0,-0.200762,-1.0419610000000001,SAU,BRA,5514
424027,192,32,947,1996.0,7133.0,65986.0,1.288635,0.259061,SGP,BRA,5514
424028,197,32,947,1996.0,0.0,235938.0,-0.228625,-0.150274,SLV,BRA,5514
424029,205,32,947,1996.0,0.0,6574.0,-1.062804,-0.893763,SUR,BRA,5514
424030,207,32,947,1996.0,0.0,2148.0,1.352015,1.396593,SVN,BRA,5514
424031,208,32,947,1996.0,3737.0,0.0,2.186414,0.848194,SWE,BRA,5514
424032,216,32,947,1996.0,0.0,3850.0,0.26155100000000003,1.146204,THA,BRA,5514
424033,222,32,947,1996.0,0.0,10022.0,-0.002541,-0.543624,TTO,BRA,5514
424034,230,32,947,1996.0,0.0,1294820.0,0.182427,0.689738,URY,BRA,5514
424035,231,32,947,1996.0,10006317.0,12787531.0,1.742391,1.003066,USA,BRA,5514
424036,236,32,947,1996.0,0.0,528528.0,-0.039967,-0.828263,VEN,BRA,5514
424037,246,32,947,1996.0,3541.0,6235.0,0.277171,1.489549,ZAF,BRA,5514
424038,249,32,947,1996.0,52424.0,0.0,1.7375779999999998,1.4625860000000002,TWN,BRA,5514
424039,250,32,947,1996.0,3017.0,0.0,1.153784,0.831677,ANS,BRA,5514
424040,7,43,947,1996.0,0.0,253117.0,-0.43356400000000006,-0.8715719999999999,ARE,CHN,5514
424041,8,43,947,1996.0,0.0,5247.0,0.007199,0.805707,ARG,CHN,5514
424042,14,43,947,1996.0,152443.0,141502.0,0.025253,0.6428189999999999,AUS,CHN,5514
424043,15,43,947,1996.0,0.0,5859.0,2.012626,0.395525,AUT,CHN,5514
424044,18,43,947,1996.0,4802.0,577042.0,1.5604850000000001,1.30819,BEL,CHN,5514
424045,22,43,947,1996.0,0.0,224345.0,-0.751219,-0.9638329999999999,BGD,CHN,5514
424046,23,43,947,1996.0,0.0,2775.0,0.510789,1.749248,BGR,CHN,5514
424047,32,43,947,1996.0,74338.0,153949.0,0.8087340000000001,1.370183,BRA,CHN,5514
424048,39,43,947,1996.0,2602.0,16376.0,0.970932,1.111111,CAN,CHN,5514
424049,41,43,947,1996.0,233118.0,11124.0,2.344337,0.709607,CHE,CHN,5514
424050,59,43,947,1996.0,0.0,4842.0,1.412088,1.171914,CZE,CHN,5514
424051,61,43,947,1996.0,1874216.0,442559.0,2.347101,-2.4792799999999997,DEU,CHN,5514
424052,64,43,947,1996.0,3934.0,0.0,1.416927,1.401766,DNK,CHN,5514
424053,68,43,947,1996.0,0.0,277855.0,-0.405938,-0.209619,EGY,CHN,5514
424054,71,43,947,1996.0,204124.0,445887.0,1.157591,1.795643,ESP,CHN,5514
424055,77,43,947,1996.0,1478608.0,461305.0,1.571365,1.187529,FRA,CHN,5514
424056,81,43,947,1996.0,1227608.0,774513.0,1.948148,0.882453,GBR,CHN,5514
424057,90,43,947,1996.0,0.0,42577.0,0.21841799999999997,1.081136,GRC,CHN,5514
424058,97,43,947,1996.0,9972066.0,29029242.0,0.699041,1.8341720000000001,HKG,CHN,5514
424059,103,43,947,1996.0,133744.0,1781360.0,-0.25952,1.343972,IDN,CHN,5514
424060,104,43,947,1996.0,3127.0,234501.0,0.145769,1.983642,IND,CHN,5514
424061,106,43,947,1996.0,1523336.0,3532.0,1.476369,1.049152,IRL,CHN,5514
424062,110,43,947,1996.0,0.0,54456.0,1.159922,1.025777,ISR,CHN,5514
424063,111,43,947,1996.0,184941.0,190401.0,1.591442,0.875201,ITA,CHN,5514
424064,114,43,947,1996.0,1659457.0,917440.0,2.858869,0.477455,JPN,CHN,5514
424065,118,43,947,1996.0,0.0,2926.0,-0.9007299999999999,-0.9713620000000001,KHM,CHN,5514
424066,121,43,947,1996.0,198320.0,740498.0,1.230793,1.0548959999999998,KOR,CHN,5514
424067,128,43,947,1996.0,0.0,9790.0,-0.71165,-0.320193,LKA,CHN,5514
424068,133,43,947,1996.0,19428.0,3529.0,-0.089625,-0.42184499999999997,MAC,CHN,5514
424069,143,43,947,1996.0,0.0,57814.0,-1.3258219999999998,-1.068414,MMR,CHN,5514
424070,145,43,947,1996.0,0.0,3471.0,-0.279007,-0.948549,MNG,CHN,5514
424071,153,43,947,1996.0,153263.0,751901.0,0.5493640000000001,0.248484,MYS,CHN,5514
424072,159,43,947,1996.0,0.0,4181.0,-1.9253069999999999,-1.247116,NGA,CHN,5514
424073,162,43,947,1996.0,123989.0,779999.0,1.331177,1.6320430000000001,NLD,CHN,5514
424074,166,43,947,1996.0,2899.0,0.0,0.404233,0.6724640000000001,NZL,CHN,5514
424075,167,43,947,1996.0,0.0,50046.0,-0.227075,-0.9778399999999999,OMN,CHN,5514
424076,168,43,947,1996.0,0.0,2797.0,-0.759362,-0.541712,PAK,CHN,5514
424077,174,43,947,1996.0,53395.0,80938.0,0.0020329999999999997,0.40715,PHL,CHN,5514
424078,177,43,947,1996.0,0.0,290011.0,0.806283,1.92897,POL,CHN,5514
424079,178,43,947,1996.0,0.0,52142.0,0.778948,1.1338979999999999,PRK,CHN,5514
424080,185,43,947,1996.0,0.0,140353.0,0.612166,1.201016,ROU,CHN,5514
424081,188,43,947,1996.0,0.0,105677.0,-0.200762,-1.0419610000000001,SAU,CHN,5514
424082,191,43,947,1996.0,0.0,1549.0,-0.715409,-0.8895850000000001,SEN,CHN,5514
424083,192,43,947,1996.0,1383866.0,2090206.0,1.288635,0.259061,SGP,CHN,5514
424084,208,43,947,1996.0,5600.0,0.0,2.186414,0.848194,SWE,CHN,5514
424085,212,43,947,1996.0,0.0,114220.0,-1.096481,-1.0157260000000001,SYR,CHN,5514
424086,216,43,947,1996.0,264365.0,200378.0,0.26155100000000003,1.146204,THA,CHN,5514
424087,226,43,947,1996.0,0.0,5367.0,-1.186121,-0.6688390000000001,TZA,CHN,5514
424088,231,43,947,1996.0,1725618.0,1587759.0,1.742391,1.003066,USA,CHN,5514
424089,239,43,947,1996.0,0.0,101123.0,-0.8099569999999999,-0.032258999999999996,VNM,CHN,5514
424090,249,43,947,1996.0,500085.0,617516.0,1.7375779999999998,1.4625860000000002,TWN,CHN,5514
424091,250,43,947,1996.0,77961.0,0.0,1.153784,0.831677,ANS,CHN,5514
424092,6,49,947,1996.0,0.0,76016.0,-0.2426,-0.701334,ANT,COL,5514
424093,8,49,947,1996.0,173319.0,64535.0,0.007199,0.805707,ARG,COL,5514
424094,14,49,947,1996.0,39126.0,0.0,0.025253,0.6428189999999999,AUS,COL,5514
424095,15,49,947,1996.0,11981.0,0.0,2.012626,0.395525,AUT,COL,5514
424096,23,49,947,1996.0,19658.0,0.0,0.510789,1.749248,BGR,COL,5514
424097,31,49,947,1996.0,0.0,3948.0,-0.5529930000000001,-0.600893,BOL,COL,5514
424098,32,49,947,1996.0,1026910.0,0.0,0.8087340000000001,1.370183,BRA,COL,5514
424099,39,49,947,1996.0,7395.0,0.0,0.970932,1.111111,CAN,COL,5514
424100,41,49,947,1996.0,8043708.0,11802.0,2.344337,0.709607,CHE,COL,5514
424101,42,49,947,1996.0,0.0,200887.0,-0.161334,-0.301695,CHL,COL,5514
424102,44,49,947,1996.0,0.0,2390.0,-0.890915,-0.8165399999999999,CIV,COL,5514
424103,52,49,947,1996.0,0.0,228092.0,-0.23773000000000002,0.101373,CRI,COL,5514
424104,61,49,947,1996.0,928375.0,19347.0,2.347101,-2.4792799999999997,DEU,COL,5514
424105,63,49,947,1996.0,0.0,79448.0,0.521576,-0.075879,DMA,COL,5514
424106,64,49,947,1996.0,152318.0,0.0,1.416927,1.401766,DNK,COL,5514
424107,65,49,947,1996.0,0.0,110597.0,-0.370096,-0.371728,DOM,COL,5514
424108,67,49,947,1996.0,345514.0,1852226.0,-1.128953,-0.960469,ECU,COL,5514
424109,71,49,947,1996.0,625548.0,2782.0,1.157591,1.795643,ESP,COL,5514
424110,77,49,947,1996.0,443806.0,0.0,1.571365,1.187529,FRA,COL,5514
424111,81,49,947,1996.0,2923394.0,0.0,1.948148,0.882453,GBR,COL,5514
424112,90,49,947,1996.0,6842.0,0.0,0.21841799999999997,1.081136,GRC,COL,5514
424113,93,49,947,1996.0,0.0,398084.0,-0.28699,0.308033,GTM,COL,5514
424114,97,49,947,1996.0,0.0,16479.0,0.699041,1.8341720000000001,HKG,COL,5514
424115,99,49,947,1996.0,0.0,92314.0,-0.57404,-0.594276,HND,COL,5514
424116,111,49,947,1996.0,56207.0,0.0,1.591442,0.875201,ITA,COL,5514
424117,112,49,947,1996.0,0.0,1064.0,-0.64364,-0.8296379999999999,JAM,COL,5514
424118,114,49,947,1996.0,78760.0,2206.0,2.858869,0.477455,JPN,COL,5514
424119,138,49,947,1996.0,3017674.0,3111.0,0.88569,1.044068,MEX,COL,5514
424120,160,49,947,1996.0,0.0,120230.0,-0.810879,-0.64475,NIC,COL,5514
424121,162,49,947,1996.0,192889.0,0.0,1.331177,1.6320430000000001,NLD,COL,5514
424122,169,49,947,1996.0,0.0,33864.0,-0.03243,-0.326329,PAN,COL,5514
424123,173,49,947,1996.0,476405.0,5419590.0,-0.374308,-0.36733499999999997,PER,COL,5514
424124,197,49,947,1996.0,0.0,233668.0,-0.228625,-0.150274,SLV,COL,5514
424125,222,49,947,1996.0,0.0,42427.0,-0.002541,-0.543624,TTO,COL,5514
424126,231,49,947,1996.0,14218019.0,50766.0,1.742391,1.003066,USA,COL,5514
424127,236,49,947,1996.0,2064825.0,2080600.0,-0.039967,-0.828263,VEN,COL,5514
424128,250,49,947,1996.0,39100.0,551958.0,1.153784,0.831677,ANS,COL,5514
424129,8,52,947,1996.0,0.0,115355.0,0.007199,0.805707,ARG,CRI,5514
424130,15,52,947,1996.0,1752.0,0.0,2.012626,0.395525,AUT,CRI,5514
424131,18,52,947,1996.0,7053.0,3255.0,1.5604850000000001,1.30819,BEL,CRI,5514
424132,41,52,947,1996.0,1151777.0,2346.0,2.344337,0.709607,CHE,CRI,5514
424133,42,52,947,1996.0,21689.0,0.0,-0.161334,-0.301695,CHL,CRI,5514
424134,49,52,947,1996.0,228092.0,0.0,0.070101,0.08847999999999999,COL,CRI,5514
424135,61,52,947,1996.0,518938.0,34498.0,2.347101,-2.4792799999999997,DEU,CRI,5514
424136,64,52,947,1996.0,13264.0,0.0,1.416927,1.401766,DNK,CRI,5514
424137,65,52,947,1996.0,0.0,8083.0,-0.370096,-0.371728,DOM,CRI,5514
424138,71,52,947,1996.0,112562.0,9968.0,1.157591,1.795643,ESP,CRI,5514
424139,77,52,947,1996.0,95275.0,0.0,1.571365,1.187529,FRA,CRI,5514
424140,81,52,947,1996.0,650770.0,0.0,1.948148,0.882453,GBR,CRI,5514
424141,93,52,947,1996.0,38949.0,47887.0,-0.28699,0.308033,GTM,CRI,5514
424142,99,52,947,1996.0,0.0,25085.0,-0.57404,-0.594276,HND,CRI,5514
424143,104,52,947,1996.0,1821.0,0.0,0.145769,1.983642,IND,CRI,5514
424144,106,52,947,1996.0,933191.0,0.0,1.476369,1.049152,IRL,CRI,5514
424145,111,52,947,1996.0,30168.0,0.0,1.591442,0.875201,ITA,CRI,5514
424146,138,52,947,1996.0,434968.0,2328.0,0.88569,1.044068,MEX,CRI,5514
424147,160,52,947,1996.0,0.0,69514.0,-0.810879,-0.64475,NIC,CRI,5514
424148,162,52,947,1996.0,3677.0,1935.0,1.331177,1.6320430000000001,NLD,CRI,5514
424149,169,52,947,1996.0,27792.0,24659.0,-0.03243,-0.326329,PAN,CRI,5514
424150,173,52,947,1996.0,4687.0,0.0,-0.374308,-0.36733499999999997,PER,CRI,5514
424151,197,52,947,1996.0,0.0,28694.0,-0.228625,-0.150274,SLV,CRI,5514
424152,231,52,947,1996.0,2587362.0,27491.0,1.742391,1.003066,USA,CRI,5514
424153,250,52,947,1996.0,26091.0,0.0,1.153784,0.831677,ANS,CRI,5514
424154,0,61,947,1996.0,0.0,22641.0,-0.493634,-0.719576,ABW,DEU,5514
424155,2,61,947,1996.0,0.0,2169.0,-2.314454,-1.236453,AGO,DEU,5514
424156,4,61,947,1996.0,0.0,16016.0,-0.42357399999999995,0.090179,ALB,DEU,5514
424157,5,61,947,1996.0,0.0,6232.0,0.9948959999999999,0.58532,AND,DEU,5514
424158,6,61,947,1996.0,0.0,2100.0,-0.2426,-0.701334,ANT,DEU,5514
424159,7,61,947,1996.0,0.0,811823.0,-0.43356400000000006,-0.8715719999999999,ARE,DEU,5514
424160,8,61,947,1996.0,0.0,1025310.0,0.007199,0.805707,ARG,DEU,5514
424161,14,61,947,1996.0,13532.0,2825216.0,0.025253,0.6428189999999999,AUS,DEU,5514
424162,15,61,947,1996.0,3192965.0,19026042.0,2.012626,0.395525,AUT,DEU,5514
424163,18,61,947,1996.0,11821555.0,29403728.0,1.5604850000000001,1.30819,BEL,DEU,5514
424164,19,61,947,1996.0,0.0,3568.0,-1.023515,-0.9004909999999999,BEN,DEU,5514
424165,22,61,947,1996.0,0.0,350219.0,-0.751219,-0.9638329999999999,BGD,DEU,5514
424166,23,61,947,1996.0,27805.0,1818925.0,0.510789,1.749248,BGR,DEU,5514
424167,24,61,947,1996.0,0.0,74631.0,-0.359199,-0.9925,BHR,DEU,5514
424168,26,61,947,1996.0,68909.0,28106.0,0.5718949999999999,0.991791,BIH,DEU,5514
424169,28,61,947,1996.0,62732.0,88921.0,0.785274,1.0126899999999999,BLR,DEU,5514
424170,31,61,947,1996.0,0.0,124365.0,-0.5529930000000001,-0.600893,BOL,DEU,5514
424171,32,61,947,1996.0,500962.0,2148486.0,0.8087340000000001,1.370183,BRA,DEU,5514
424172,33,61,947,1996.0,0.0,61312.0,0.599391,0.065208,BRB,DEU,5514
424173,39,61,947,1996.0,60687.0,816671.0,0.970932,1.111111,CAN,DEU,5514
424174,41,61,947,1996.0,93391176.0,14650147.0,2.344337,0.709607,CHE,DEU,5514
424175,42,61,947,1996.0,19715.0,3202370.0,-0.161334,-0.301695,CHL,DEU,5514
424176,43,61,947,1996.0,442559.0,1874216.0,0.383975,2.197461,CHN,DEU,5514
424177,44,61,947,1996.0,0.0,853940.0,-0.890915,-0.8165399999999999,CIV,DEU,5514
424178,45,61,947,1996.0,0.0,65126.0,-1.172534,-1.099308,CMR,DEU,5514
424179,46,61,947,1996.0,0.0,460961.0,-1.288889,-1.129638,COD,DEU,5514
424180,47,61,947,1996.0,0.0,2773.0,-1.2520950000000002,-1.1901899999999999,COG,DEU,5514
424181,49,61,947,1996.0,19347.0,928375.0,0.070101,0.08847999999999999,COL,DEU,5514
424182,51,61,947,1996.0,0.0,2740.0,0.069833,-0.560042,CPV,DEU,5514
424183,52,61,947,1996.0,34498.0,518938.0,-0.23773000000000002,0.101373,CRI,DEU,5514
424184,54,61,947,1996.0,0.0,6181.0,-0.7669229999999999,-1.140361,CUB,DEU,5514
424185,58,61,947,1996.0,0.0,864024.0,0.11774200000000001,0.044968,CYP,DEU,5514
424186,59,61,947,1996.0,201618.0,13268550.0,1.412088,1.171914,CZE,DEU,5514
424187,63,61,947,1996.0,0.0,6194.0,0.521576,-0.075879,DMA,DEU,5514
424188,64,61,947,1996.0,1612091.0,7430916.0,1.416927,1.401766,DNK,DEU,5514
424189,65,61,947,1996.0,0.0,642432.0,-0.370096,-0.371728,DOM,DEU,5514
424190,66,61,947,1996.0,0.0,601000.0,-0.478062,-1.107679,DZA,DEU,5514
424191,67,61,947,1996.0,23998.0,585839.0,-1.128953,-0.960469,ECU,DEU,5514
424192,68,61,947,1996.0,0.0,4466517.0,-0.405938,-0.209619,EGY,DEU,5514
424193,69,61,947,1996.0,0.0,20718.0,-0.166048,-0.7037,ERI,DEU,5514
424194,71,61,947,1996.0,6320480.0,34746048.0,1.157591,1.795643,ESP,DEU,5514
424195,72,61,947,1996.0,8486.0,399706.0,0.445854,1.115429,EST,DEU,5514
424196,73,61,947,1996.0,0.0,185691.0,-1.072519,-1.169486,ETH,DEU,5514
424197,74,61,947,1996.0,10591.0,5964528.0,2.007619,1.016303,FIN,DEU,5514
424198,75,61,947,1996.0,0.0,53662.0,-0.801999,-0.9148850000000001,FJI,DEU,5514
424199,77,61,947,1996.0,76326672.0,76371280.0,1.571365,1.187529,FRA,DEU,5514
424200,78,61,947,1996.0,0.0,2127.0,-0.644187,-0.795554,FRO,DEU,5514
424201,81,61,947,1996.0,40667508.0,52771544.0,1.948148,0.882453,GBR,DEU,5514
424202,82,61,947,1996.0,59511.0,29339.0,0.28868499999999997,0.115705,GEO,DEU,5514
424203,83,61,947,1996.0,0.0,393092.0,-1.037413,-1.019025,GHA,DEU,5514
424204,85,61,947,1996.0,0.0,15299.0,-1.2720120000000001,-1.150363,GIN,DEU,5514
424205,87,61,947,1996.0,0.0,8531.0,-0.8948459999999999,-0.837851,GMB,DEU,5514
424206,90,61,947,1996.0,669238.0,5814009.0,0.21841799999999997,1.081136,GRC,DEU,5514
424207,93,61,947,1996.0,0.0,450668.0,-0.28699,0.308033,GTM,DEU,5514
424208,96,61,947,1996.0,0.0,4779.0,-0.618346,-0.7723760000000001,GUY,DEU,5514
424209,97,61,947,1996.0,31938.0,6856868.0,0.699041,1.8341720000000001,HKG,DEU,5514
424210,99,61,947,1996.0,0.0,78508.0,-0.57404,-0.594276,HND,DEU,5514
424211,100,61,947,1996.0,5193.0,2026132.0,0.739223,1.3032030000000001,HRV,DEU,5514
424212,102,61,947,1996.0,846468.0,5464238.0,0.905526,1.887735,HUN,DEU,5514
424213,103,61,947,1996.0,2118.0,18979200.0,-0.25952,1.343972,IDN,DEU,5514
424214,104,61,947,1996.0,202352.0,929302.0,0.145769,1.983642,IND,DEU,5514
424215,106,61,947,1996.0,149369008.0,1270038.0,1.476369,1.049152,IRL,DEU,5514
424216,107,61,947,1996.0,95125.0,9109957.0,-1.0058129999999998,-1.215661,IRN,DEU,5514
424217,109,61,947,1996.0,0.0,51915.0,0.10151,-0.44307799999999997,ISL,DEU,5514
424218,110,61,947,1996.0,1597462.0,5904446.0,1.159922,1.025777,ISR,DEU,5514
424219,111,61,947,1996.0,5781469.0,53309212.0,1.591442,0.875201,ITA,DEU,5514
424220,112,61,947,1996.0,0.0,36543.0,-0.64364,-0.8296379999999999,JAM,DEU,5514
424221,113,61,947,1996.0,0.0,1116801.0,0.225125,-0.333293,JOR,DEU,5514
424222,114,61,947,1996.0,432092.0,9788360.0,2.858869,0.477455,JPN,DEU,5514
424223,115,61,947,1996.0,42816.0,22452.0,0.455772,0.16361099999999998,KAZ,DEU,5514
424224,116,61,947,1996.0,0.0,1535191.0,-0.470653,-0.119252,KEN,DEU,5514
424225,121,61,947,1996.0,9269.0,10968412.0,1.230793,1.0548959999999998,KOR,DEU,5514
424226,122,61,947,1996.0,0.0,59578.0,-0.412797,-1.1335899999999999,KWT,DEU,5514
424227,123,61,947,1996.0,0.0,32310.0,-0.602525,-0.683279,LAO,DEU,5514
424228,124,61,947,1996.0,0.0,1957964.0,-0.09233999999999999,0.127816,LBN,DEU,5514
424229,126,61,947,1996.0,0.0,293246.0,-0.482066,-1.163722,LBY,DEU,5514
424230,127,61,947,1996.0,0.0,1252.0,-0.027347000000000003,-0.556575,LCA,DEU,5514
424231,128,61,947,1996.0,0.0,796991.0,-0.71165,-0.320193,LKA,DEU,5514
424232,130,61,947,1996.0,303940.0,501543.0,0.360994,1.092575,LTU,DEU,5514
424233,132,61,947,1996.0,69320.0,573155.0,0.255258,0.42505299999999996,LVA,DEU,5514
424234,134,61,947,1996.0,0.0,2991262.0,-0.56512,-0.31006999999999996,MAR,DEU,5514
424235,135,61,947,1996.0,1176716.0,52403.0,0.193705,0.10853,MDA,DEU,5514
424236,136,61,947,1996.0,246261.0,2701.0,-0.971575,-0.656497,MDG,DEU,5514
424237,138,61,947,1996.0,23161.0,1088332.0,0.88569,1.044068,MEX,DEU,5514
424238,140,61,947,1996.0,13622.0,443262.0,0.36478,0.760475,MKD,DEU,5514
424239,141,61,947,1996.0,0.0,40868.0,-0.8623040000000001,-0.991231,MLI,DEU,5514
424240,142,61,947,1996.0,0.0,747535.0,1.245592,0.446754,MLT,DEU,5514
424241,143,61,947,1996.0,0.0,304762.0,-1.3258219999999998,-1.068414,MMR,DEU,5514
424242,145,61,947,1996.0,0.0,9239.0,-0.279007,-0.948549,MNG,DEU,5514
424243,148,61,947,1996.0,0.0,8104.0,-1.182626,-1.228759,MRT,DEU,5514
424244,151,61,947,1996.0,0.0,132953.0,-0.578699,-0.831889,MUS,DEU,5514
424245,152,61,947,1996.0,0.0,139550.0,-1.203751,-1.003757,MWI,DEU,5514
424246,153,61,947,1996.0,0.0,1479847.0,0.5493640000000001,0.248484,MYS,DEU,5514
424247,156,61,947,1996.0,0.0,2003.0,-0.994661,-0.827312,NCL,DEU,5514
424248,159,61,947,1996.0,0.0,3080188.0,-1.9253069999999999,-1.247116,NGA,DEU,5514
424249,160,61,947,1996.0,0.0,22739.0,-0.810879,-0.64475,NIC,DEU,5514
424250,162,61,947,1996.0,45637912.0,32703434.0,1.331177,1.6320430000000001,NLD,DEU,5514
424251,163,61,947,1996.0,147512.0,2260238.0,0.8207270000000001,0.043619,NOR,DEU,5514
424252,164,61,947,1996.0,0.0,33808.0,-0.570144,-0.63484,NPL,DEU,5514
424253,166,61,947,1996.0,45618.0,277461.0,0.404233,0.6724640000000001,NZL,DEU,5514
424254,167,61,947,1996.0,0.0,249330.0,-0.227075,-0.9778399999999999,OMN,DEU,5514
424255,168,61,947,1996.0,0.0,2425897.0,-0.759362,-0.541712,PAK,DEU,5514
424256,169,61,947,1996.0,5537.0,89817.0,-0.03243,-0.326329,PAN,DEU,5514
424257,173,61,947,1996.0,10167.0,470247.0,-0.374308,-0.36733499999999997,PER,DEU,5514
424258,174,61,947,1996.0,1917.0,4564152.0,0.0020329999999999997,0.40715,PHL,DEU,5514
424259,177,61,947,1996.0,2462311.0,23810564.0,0.806283,1.92897,POL,DEU,5514
424260,178,61,947,1996.0,0.0,10672.0,0.778948,1.1338979999999999,PRK,DEU,5514
424261,179,61,947,1996.0,80324.0,790510.0,0.49924799999999997,0.9969520000000001,PRT,DEU,5514
424262,180,61,947,1996.0,0.0,155786.0,-0.667054,-0.648122,PRY,DEU,5514
424263,182,61,947,1996.0,0.0,8773.0,0.9221219999999999,-0.317411,PYF,DEU,5514
424264,183,61,947,1996.0,0.0,7669.0,-0.511976,-1.148631,QAT,DEU,5514
424265,185,61,947,1996.0,108679.0,2234899.0,0.612166,1.201016,ROU,DEU,5514
424266,186,61,947,1996.0,545649.0,10242254.0,0.505247,0.349848,RUS,DEU,5514
424267,187,61,947,1996.0,0.0,21271.0,0.048038,-0.5664020000000001,RWA,DEU,5514
424268,188,61,947,1996.0,0.0,10273310.0,-0.200762,-1.0419610000000001,SAU,DEU,5514
424269,189,61,947,1996.0,61148.0,1284944.0,0.699084,2.2900150000000004,SCG,DEU,5514
424270,190,61,947,1996.0,0.0,246605.0,-1.342853,-1.183092,SDN,DEU,5514
424271,191,61,947,1996.0,0.0,341488.0,-0.715409,-0.8895850000000001,SEN,DEU,5514
424272,192,61,947,1996.0,93204.0,5522038.0,1.288635,0.259061,SGP,DEU,5514
424273,196,61,947,1996.0,0.0,80423.0,-0.0266,-0.390162,SLE,DEU,5514
424274,197,61,947,1996.0,1110.0,522346.0,-0.228625,-0.150274,SLV,DEU,5514
424275,206,61,947,1996.0,10860.0,1927735.0,1.1978739999999999,1.426243,SVK,DEU,5514
424276,207,61,947,1996.0,27705.0,3081622.0,1.352015,1.396593,SVN,DEU,5514
424277,208,61,947,1996.0,1453841.0,6328912.0,2.186414,0.848194,SWE,DEU,5514
424278,211,61,947,1996.0,0.0,18495.0,-0.03785,-0.572653,SYC,DEU,5514
424279,212,61,947,1996.0,0.0,5800718.0,-1.096481,-1.0157260000000001,SYR,DEU,5514
424280,215,61,947,1996.0,0.0,154868.0,-0.879626,-0.748842,TGO,DEU,5514
424281,216,61,947,1996.0,37651.0,3313034.0,0.26155100000000003,1.146204,THA,DEU,5514
424282,219,61,947,1996.0,0.0,332681.0,-0.666457,-1.1301350000000001,TKM,DEU,5514
424283,222,61,947,1996.0,0.0,49911.0,-0.002541,-0.543624,TTO,DEU,5514
424284,223,61,947,1996.0,0.0,856306.0,-0.250917,-0.057383,TUN,DEU,5514
424285,224,61,947,1996.0,203150.0,11810095.0,0.07259700000000001,1.734291,TUR,DEU,5514
424286,226,61,947,1996.0,0.0,62965.0,-1.186121,-0.6688390000000001,TZA,DEU,5514
424287,227,61,947,1996.0,0.0,15465.0,-1.105896,-0.910169,UGA,DEU,5514
424288,228,61,947,1996.0,330948.0,549697.0,0.7582479999999999,1.1207340000000001,UKR,DEU,5514
424289,230,61,947,1996.0,0.0,89350.0,0.182427,0.689738,URY,DEU,5514
424290,231,61,947,1996.0,14465418.0,11506480.0,1.742391,1.003066,USA,DEU,5514
424291,236,61,947,1996.0,0.0,1750338.0,-0.039967,-0.828263,VEN,DEU,5514
424292,239,61,947,1996.0,3899.0,1336844.0,-0.8099569999999999,-0.032258999999999996,VNM,DEU,5514
424293,243,61,947,1996.0,0.0,718682.0,-1.395,-1.26641,YEM,DEU,5514
424294,246,61,947,1996.0,14146.0,8199168.0,0.277171,1.489549,ZAF,DEU,5514
424295,247,61,947,1996.0,0.0,197161.0,-0.58634,-0.796772,ZMB,DEU,5514
424296,248,61,947,1996.0,0.0,711686.0,-0.46458999999999995,-0.273683,ZWE,DEU,5514
424297,249,61,947,1996.0,0.0,4080822.0,1.7375779999999998,1.4625860000000002,TWN,DEU,5514
424298,250,61,947,1996.0,0.0,170191.0,1.153784,0.831677,ANS,DEU,5514
424299,6,64,947,1996.0,0.0,1598.0,-0.2426,-0.701334,ANT,DNK,5514
424300,7,64,947,1996.0,0.0,81962.0,-0.43356400000000006,-0.8715719999999999,ARE,DNK,5514
424301,14,64,947,1996.0,6135.0,674608.0,0.025253,0.6428189999999999,AUS,DNK,5514
424302,15,64,947,1996.0,8455.0,67038.0,2.012626,0.395525,AUT,DNK,5514
424303,18,64,947,1996.0,2098422.0,502791.0,1.5604850000000001,1.30819,BEL,DNK,5514
424304,22,64,947,1996.0,0.0,30224.0,-0.751219,-0.9638329999999999,BGD,DNK,5514
424305,23,64,947,1996.0,0.0,3138.0,0.510789,1.749248,BGR,DNK,5514
424306,24,64,947,1996.0,0.0,85908.0,-0.359199,-0.9925,BHR,DNK,5514
424307,31,64,947,1996.0,0.0,4481.0,-0.5529930000000001,-0.600893,BOL,DNK,5514
424308,32,64,947,1996.0,0.0,27467.0,0.8087340000000001,1.370183,BRA,DNK,5514
424309,39,64,947,1996.0,0.0,114573.0,0.970932,1.111111,CAN,DNK,5514
424310,41,64,947,1996.0,2275754.0,348611.0,2.344337,0.709607,CHE,DNK,5514
424311,42,64,947,1996.0,0.0,26296.0,-0.161334,-0.301695,CHL,DNK,5514
424312,43,64,947,1996.0,0.0,3934.0,0.383975,2.197461,CHN,DNK,5514
424313,44,64,947,1996.0,0.0,18493.0,-0.890915,-0.8165399999999999,CIV,DNK,5514
424314,48,64,947,1996.0,0.0,3127.0,0.292879,-0.408573,COK,DNK,5514
424315,49,64,947,1996.0,0.0,152318.0,0.070101,0.08847999999999999,COL,DNK,5514
424316,51,64,947,1996.0,0.0,21975.0,0.069833,-0.560042,CPV,DNK,5514
424317,52,64,947,1996.0,0.0,13264.0,-0.23773000000000002,0.101373,CRI,DNK,5514
424318,58,64,947,1996.0,0.0,6557.0,0.11774200000000001,0.044968,CYP,DNK,5514
424319,59,64,947,1996.0,0.0,112118.0,1.412088,1.171914,CZE,DNK,5514
424320,61,64,947,1996.0,7430916.0,1612091.0,2.347101,-2.4792799999999997,DEU,DNK,5514
424321,65,64,947,1996.0,0.0,32203.0,-0.370096,-0.371728,DOM,DNK,5514
424322,67,64,947,1996.0,0.0,27289.0,-1.128953,-0.960469,ECU,DNK,5514
424323,68,64,947,1996.0,0.0,28141.0,-0.405938,-0.209619,EGY,DNK,5514
424324,71,64,947,1996.0,228887.0,712223.0,1.157591,1.795643,ESP,DNK,5514
424325,72,64,947,1996.0,0.0,1732.0,0.445854,1.115429,EST,DNK,5514
424326,74,64,947,1996.0,42348.0,523592.0,2.007619,1.016303,FIN,DNK,5514
424327,77,64,947,1996.0,4631490.0,979642.0,1.571365,1.187529,FRA,DNK,5514
424328,78,64,947,1996.0,0.0,119607.0,-0.644187,-0.795554,FRO,DNK,5514
424329,81,64,947,1996.0,5685182.0,959245.0,1.948148,0.882453,GBR,DNK,5514
424330,83,64,947,1996.0,0.0,90624.0,-1.037413,-1.019025,GHA,DNK,5514
424331,90,64,947,1996.0,0.0,207233.0,0.21841799999999997,1.081136,GRC,DNK,5514
424332,97,64,947,1996.0,0.0,341467.0,0.699041,1.8341720000000001,HKG,DNK,5514
424333,99,64,947,1996.0,0.0,7840.0,-0.57404,-0.594276,HND,DNK,5514
424334,100,64,947,1996.0,0.0,1537.0,0.739223,1.3032030000000001,HRV,DNK,5514
424335,101,64,947,1996.0,0.0,5094.0,-0.7161029999999999,-0.737263,HTI,DNK,5514
424336,102,64,947,1996.0,0.0,131508.0,0.905526,1.887735,HUN,DNK,5514
424337,103,64,947,1996.0,0.0,104752.0,-0.25952,1.343972,IDN,DNK,5514
424338,104,64,947,1996.0,311787.0,0.0,0.145769,1.983642,IND,DNK,5514
424339,106,64,947,1996.0,12729194.0,84114.0,1.476369,1.049152,IRL,DNK,5514
424340,107,64,947,1996.0,0.0,32921.0,-1.0058129999999998,-1.215661,IRN,DNK,5514
424341,109,64,947,1996.0,0.0,155025.0,0.10151,-0.44307799999999997,ISL,DNK,5514
424342,110,64,947,1996.0,5578.0,47364.0,1.159922,1.025777,ISR,DNK,5514
424343,111,64,947,1996.0,30690.0,202991.0,1.591442,0.875201,ITA,DNK,5514
424344,112,64,947,1996.0,0.0,7961.0,-0.64364,-0.8296379999999999,JAM,DNK,5514
424345,113,64,947,1996.0,0.0,141809.0,0.225125,-0.333293,JOR,DNK,5514
424346,114,64,947,1996.0,16267.0,1035317.0,2.858869,0.477455,JPN,DNK,5514
424347,121,64,947,1996.0,0.0,116154.0,1.230793,1.0548959999999998,KOR,DNK,5514
424348,122,64,947,1996.0,0.0,16153.0,-0.412797,-1.1335899999999999,KWT,DNK,5514
424349,127,64,947,1996.0,0.0,3203.0,-0.027347000000000003,-0.556575,LCA,DNK,5514
424350,132,64,947,1996.0,0.0,13627.0,0.255258,0.42505299999999996,LVA,DNK,5514
424351,134,64,947,1996.0,0.0,81442.0,-0.56512,-0.31006999999999996,MAR,DNK,5514
424352,135,64,947,1996.0,0.0,60935.0,0.193705,0.10853,MDA,DNK,5514
424353,136,64,947,1996.0,0.0,13101.0,-0.971575,-0.656497,MDG,DNK,5514
424354,141,64,947,1996.0,0.0,1253.0,-0.8623040000000001,-0.991231,MLI,DNK,5514
424355,142,64,947,1996.0,0.0,5966.0,1.245592,0.446754,MLT,DNK,5514
424356,151,64,947,1996.0,0.0,15049.0,-0.578699,-0.831889,MUS,DNK,5514
424357,152,64,947,1996.0,0.0,12837.0,-1.203751,-1.003757,MWI,DNK,5514
424358,153,64,947,1996.0,15599.0,198333.0,0.5493640000000001,0.248484,MYS,DNK,5514
424359,157,64,947,1996.0,0.0,7598.0,-0.539406,-0.693657,NER,DNK,5514
424360,159,64,947,1996.0,0.0,13568.0,-1.9253069999999999,-1.247116,NGA,DNK,5514
424361,160,64,947,1996.0,0.0,15964.0,-0.810879,-0.64475,NIC,DNK,5514
424362,162,64,947,1996.0,4928628.0,938031.0,1.331177,1.6320430000000001,NLD,DNK,5514
424363,163,64,947,1996.0,449731.0,931089.0,0.8207270000000001,0.043619,NOR,DNK,5514
424364,166,64,947,1996.0,0.0,86381.0,0.404233,0.6724640000000001,NZL,DNK,5514
424365,167,64,947,1996.0,0.0,61028.0,-0.227075,-0.9778399999999999,OMN,DNK,5514
424366,168,64,947,1996.0,0.0,48385.0,-0.759362,-0.541712,PAK,DNK,5514
424367,173,64,947,1996.0,0.0,19491.0,-0.374308,-0.36733499999999997,PER,DNK,5514
424368,174,64,947,1996.0,0.0,57526.0,0.0020329999999999997,0.40715,PHL,DNK,5514
424369,177,64,947,1996.0,133815.0,842248.0,0.806283,1.92897,POL,DNK,5514
424370,179,64,947,1996.0,7817.0,83473.0,0.49924799999999997,0.9969520000000001,PRT,DNK,5514
424371,185,64,947,1996.0,0.0,12192.0,0.612166,1.201016,ROU,DNK,5514
424372,186,64,947,1996.0,0.0,132584.0,0.505247,0.349848,RUS,DNK,5514
424373,188,64,947,1996.0,0.0,305124.0,-0.200762,-1.0419610000000001,SAU,DNK,5514
424374,189,64,947,1996.0,0.0,5022.0,0.699084,2.2900150000000004,SCG,DNK,5514
424375,192,64,947,1996.0,0.0,139554.0,1.288635,0.259061,SGP,DNK,5514
424376,196,64,947,1996.0,0.0,1676.0,-0.0266,-0.390162,SLE,DNK,5514
424377,205,64,947,1996.0,0.0,2918.0,-1.062804,-0.893763,SUR,DNK,5514
424378,206,64,947,1996.0,0.0,161410.0,1.1978739999999999,1.426243,SVK,DNK,5514
424379,207,64,947,1996.0,0.0,26660.0,1.352015,1.396593,SVN,DNK,5514
424380,208,64,947,1996.0,3735103.0,1152882.0,2.186414,0.848194,SWE,DNK,5514
424381,215,64,947,1996.0,0.0,57020.0,-0.879626,-0.748842,TGO,DNK,5514
424382,216,64,947,1996.0,4425.0,6187.0,0.26155100000000003,1.146204,THA,DNK,5514
424383,223,64,947,1996.0,0.0,17209.0,-0.250917,-0.057383,TUN,DNK,5514
424384,224,64,947,1996.0,0.0,849568.0,0.07259700000000001,1.734291,TUR,DNK,5514
424385,226,64,947,1996.0,0.0,3200.0,-1.186121,-0.6688390000000001,TZA,DNK,5514
424386,227,64,947,1996.0,0.0,5564.0,-1.105896,-0.910169,UGA,DNK,5514
424387,230,64,947,1996.0,0.0,10077.0,0.182427,0.689738,URY,DNK,5514
424388,231,64,947,1996.0,478467.0,25961.0,1.742391,1.003066,USA,DNK,5514
424389,236,64,947,1996.0,0.0,26563.0,-0.039967,-0.828263,VEN,DNK,5514
424390,239,64,947,1996.0,0.0,32413.0,-0.8099569999999999,-0.032258999999999996,VNM,DNK,5514
424391,243,64,947,1996.0,0.0,32471.0,-1.395,-1.26641,YEM,DNK,5514
424392,246,64,947,1996.0,0.0,138978.0,0.277171,1.489549,ZAF,DNK,5514
424393,248,64,947,1996.0,0.0,284886.0,-0.46458999999999995,-0.273683,ZWE,DNK,5514
424394,249,64,947,1996.0,0.0,45208.0,1.7375779999999998,1.4625860000000002,TWN,DNK,5514
424395,250,64,947,1996.0,12598.0,0.0,1.153784,0.831677,ANS,DNK,5514
424396,8,65,947,1996.0,21134.0,0.0,0.007199,0.805707,ARG,DOM,5514
424397,18,65,947,1996.0,37487.0,0.0,1.5604850000000001,1.30819,BEL,DOM,5514
424398,32,65,947,1996.0,57956.0,0.0,0.8087340000000001,1.370183,BRA,DOM,5514
424399,41,65,947,1996.0,1015092.0,0.0,2.344337,0.709607,CHE,DOM,5514
424400,49,65,947,1996.0,110597.0,0.0,0.070101,0.08847999999999999,COL,DOM,5514
424401,52,65,947,1996.0,8083.0,0.0,-0.23773000000000002,0.101373,CRI,DOM,5514
424402,61,65,947,1996.0,642432.0,0.0,2.347101,-2.4792799999999997,DEU,DOM,5514
424403,64,65,947,1996.0,32203.0,0.0,1.416927,1.401766,DNK,DOM,5514
424404,71,65,947,1996.0,772722.0,10074.0,1.157591,1.795643,ESP,DOM,5514
424405,77,65,947,1996.0,43550.0,0.0,1.571365,1.187529,FRA,DOM,5514
424406,81,65,947,1996.0,254989.0,0.0,1.948148,0.882453,GBR,DOM,5514
424407,106,65,947,1996.0,116101.0,0.0,1.476369,1.049152,IRL,DOM,5514
424408,110,65,947,1996.0,30000.0,0.0,1.159922,1.025777,ISR,DOM,5514
424409,111,65,947,1996.0,76712.0,0.0,1.591442,0.875201,ITA,DOM,5514
424410,138,65,947,1996.0,416376.0,0.0,0.88569,1.044068,MEX,DOM,5514
424411,162,65,947,1996.0,1570.0,0.0,1.331177,1.6320430000000001,NLD,DOM,5514
424412,231,65,947,1996.0,2473046.0,4842.0,1.742391,1.003066,USA,DOM,5514
424413,236,65,947,1996.0,1600.0,0.0,-0.039967,-0.828263,VEN,DOM,5514
424414,8,67,947,1996.0,43053.0,1814.0,0.007199,0.805707,ARG,ECU,5514
424415,15,67,947,1996.0,0.0,1679.0,2.012626,0.395525,AUT,ECU,5514
424416,31,67,947,1996.0,0.0,23402.0,-0.5529930000000001,-0.600893,BOL,ECU,5514
424417,32,67,947,1996.0,74377.0,516465.0,0.8087340000000001,1.370183,BRA,ECU,5514
424418,39,67,947,1996.0,1853.0,0.0,0.970932,1.111111,CAN,ECU,5514
424419,41,67,947,1996.0,1218992.0,0.0,2.344337,0.709607,CHE,ECU,5514
424420,42,67,947,1996.0,86936.0,0.0,-0.161334,-0.301695,CHL,ECU,5514
424421,49,67,947,1996.0,1852226.0,345514.0,0.070101,0.08847999999999999,COL,ECU,5514
424422,61,67,947,1996.0,585839.0,23998.0,2.347101,-2.4792799999999997,DEU,ECU,5514
424423,64,67,947,1996.0,27289.0,0.0,1.416927,1.401766,DNK,ECU,5514
424424,71,67,947,1996.0,79497.0,0.0,1.157591,1.795643,ESP,ECU,5514
424425,77,67,947,1996.0,53529.0,0.0,1.571365,1.187529,FRA,ECU,5514
424426,81,67,947,1996.0,545649.0,1034.0,1.948148,0.882453,GBR,ECU,5514
424427,93,67,947,1996.0,0.0,3151.0,-0.28699,0.308033,GTM,ECU,5514
424428,97,67,947,1996.0,9250.0,0.0,0.699041,1.8341720000000001,HKG,ECU,5514
424429,106,67,947,1996.0,2539009.0,0.0,1.476369,1.049152,IRL,ECU,5514
424430,111,67,947,1996.0,647526.0,0.0,1.591442,0.875201,ITA,ECU,5514
424431,138,67,947,1996.0,72282.0,21655.0,0.88569,1.044068,MEX,ECU,5514
424432,162,67,947,1996.0,5851.0,90298.0,1.331177,1.6320430000000001,NLD,ECU,5514
424433,169,67,947,1996.0,3748.0,0.0,-0.03243,-0.326329,PAN,ECU,5514
424434,173,67,947,1996.0,22629.0,105322.0,-0.374308,-0.36733499999999997,PER,ECU,5514
424435,230,67,947,1996.0,502361.0,0.0,0.182427,0.689738,URY,ECU,5514
424436,231,67,947,1996.0,2338001.0,2873.0,1.742391,1.003066,USA,ECU,5514
424437,236,67,947,1996.0,404581.0,129083.0,-0.039967,-0.828263,VEN,ECU,5514
424438,250,67,947,1996.0,88338.0,0.0,1.153784,0.831677,ANS,ECU,5514
424439,2,71,947,1996.0,0.0,24883.0,-2.314454,-1.236453,AGO,ESP,5514
424440,5,71,947,1996.0,0.0,49226.0,0.9948959999999999,0.58532,AND,ESP,5514
424441,7,71,947,1996.0,0.0,187385.0,-0.43356400000000006,-0.8715719999999999,ARE,ESP,5514
424442,8,71,947,1996.0,8271.0,442042.0,0.007199,0.805707,ARG,ESP,5514
424443,14,71,947,1996.0,0.0,19479.0,0.025253,0.6428189999999999,AUS,ESP,5514
424444,15,71,947,1996.0,20612.0,408200.0,2.012626,0.395525,AUT,ESP,5514
424445,18,71,947,1996.0,1216361.0,1777149.0,1.5604850000000001,1.30819,BEL,ESP,5514
424446,24,71,947,1996.0,0.0,12107.0,-0.359199,-0.9925,BHR,ESP,5514
424447,29,71,947,1996.0,0.0,11088.0,-0.267716,-0.651034,BLZ,ESP,5514
424448,31,71,947,1996.0,0.0,24201.0,-0.5529930000000001,-0.600893,BOL,ESP,5514
424449,32,71,947,1996.0,12797.0,417890.0,0.8087340000000001,1.370183,BRA,ESP,5514
424450,39,71,947,1996.0,174262.0,21127.0,0.970932,1.111111,CAN,ESP,5514
424451,41,71,947,1996.0,14943415.0,1717195.0,2.344337,0.709607,CHE,ESP,5514
424452,42,71,947,1996.0,15343.0,305778.0,-0.161334,-0.301695,CHL,ESP,5514
424453,43,71,947,1996.0,445887.0,204124.0,0.383975,2.197461,CHN,ESP,5514
424454,44,71,947,1996.0,0.0,1961.0,-0.890915,-0.8165399999999999,CIV,ESP,5514
424455,45,71,947,1996.0,0.0,8139.0,-1.172534,-1.099308,CMR,ESP,5514
424456,46,71,947,1996.0,0.0,138650.0,-1.288889,-1.129638,COD,ESP,5514
424457,49,71,947,1996.0,2782.0,625548.0,0.070101,0.08847999999999999,COL,ESP,5514
424458,51,71,947,1996.0,0.0,10558.0,0.069833,-0.560042,CPV,ESP,5514
424459,52,71,947,1996.0,9968.0,112562.0,-0.23773000000000002,0.101373,CRI,ESP,5514
424460,54,71,947,1996.0,0.0,36885.0,-0.7669229999999999,-1.140361,CUB,ESP,5514
424461,58,71,947,1996.0,0.0,34540.0,0.11774200000000001,0.044968,CYP,ESP,5514
424462,59,71,947,1996.0,0.0,12431.0,1.412088,1.171914,CZE,ESP,5514
424463,61,71,947,1996.0,34746048.0,6320480.0,2.347101,-2.4792799999999997,DEU,ESP,5514
424464,63,71,947,1996.0,0.0,7850.0,0.521576,-0.075879,DMA,ESP,5514
424465,64,71,947,1996.0,712223.0,228887.0,1.416927,1.401766,DNK,ESP,5514
424466,65,71,947,1996.0,10074.0,772722.0,-0.370096,-0.371728,DOM,ESP,5514
424467,66,71,947,1996.0,0.0,129259.0,-0.478062,-1.107679,DZA,ESP,5514
424468,67,71,947,1996.0,0.0,79497.0,-1.128953,-0.960469,ECU,ESP,5514
424469,68,71,947,1996.0,0.0,185855.0,-0.405938,-0.209619,EGY,ESP,5514
424470,74,71,947,1996.0,0.0,51057.0,2.007619,1.016303,FIN,ESP,5514
424471,77,71,947,1996.0,39586320.0,10922180.0,1.571365,1.187529,FRA,ESP,5514
424472,80,71,947,1996.0,0.0,1831.0,-2.043879,-1.244397,GAB,ESP,5514
424473,81,71,947,1996.0,21194264.0,2442616.0,1.948148,0.882453,GBR,ESP,5514
424474,87,71,947,1996.0,0.0,9184.0,-0.8948459999999999,-0.837851,GMB,ESP,5514
424475,90,71,947,1996.0,0.0,228242.0,0.21841799999999997,1.081136,GRC,ESP,5514
424476,93,71,947,1996.0,0.0,425451.0,-0.28699,0.308033,GTM,ESP,5514
424477,97,71,947,1996.0,900040.0,729574.0,0.699041,1.8341720000000001,HKG,ESP,5514
424478,99,71,947,1996.0,0.0,192580.0,-0.57404,-0.594276,HND,ESP,5514
424479,100,71,947,1996.0,0.0,19440.0,0.739223,1.3032030000000001,HRV,ESP,5514
424480,102,71,947,1996.0,0.0,91024.0,0.905526,1.887735,HUN,ESP,5514
424481,103,71,947,1996.0,0.0,1635579.0,-0.25952,1.343972,IDN,ESP,5514
424482,104,71,947,1996.0,49016.0,55850.0,0.145769,1.983642,IND,ESP,5514
424483,106,71,947,1996.0,26461000.0,414350.0,1.476369,1.049152,IRL,ESP,5514
424484,107,71,947,1996.0,0.0,550680.0,-1.0058129999999998,-1.215661,IRN,ESP,5514
424485,110,71,947,1996.0,32820.0,46320.0,1.159922,1.025777,ISR,ESP,5514
424486,111,71,947,1996.0,1428104.0,4937287.0,1.591442,0.875201,ITA,ESP,5514
424487,113,71,947,1996.0,0.0,201208.0,0.225125,-0.333293,JOR,ESP,5514
424488,114,71,947,1996.0,1899394.0,2954992.0,2.858869,0.477455,JPN,ESP,5514
424489,121,71,947,1996.0,0.0,482485.0,1.230793,1.0548959999999998,KOR,ESP,5514
424490,122,71,947,1996.0,0.0,8297.0,-0.412797,-1.1335899999999999,KWT,ESP,5514
424491,124,71,947,1996.0,0.0,78345.0,-0.09233999999999999,0.127816,LBN,ESP,5514
424492,126,71,947,1996.0,0.0,745506.0,-0.482066,-1.163722,LBY,ESP,5514
424493,128,71,947,1996.0,4397.0,104544.0,-0.71165,-0.320193,LKA,ESP,5514
424494,130,71,947,1996.0,0.0,9829.0,0.360994,1.092575,LTU,ESP,5514
424495,134,71,947,1996.0,2767.0,734429.0,-0.56512,-0.31006999999999996,MAR,ESP,5514
424496,138,71,947,1996.0,18148.0,1628080.0,0.88569,1.044068,MEX,ESP,5514
424497,141,71,947,1996.0,0.0,39024.0,-0.8623040000000001,-0.991231,MLI,ESP,5514
424498,142,71,947,1996.0,0.0,16652.0,1.245592,0.446754,MLT,ESP,5514
424499,143,71,947,1996.0,0.0,129299.0,-1.3258219999999998,-1.068414,MMR,ESP,5514
424500,148,71,947,1996.0,0.0,34451.0,-1.182626,-1.228759,MRT,ESP,5514
424501,151,71,947,1996.0,0.0,3045.0,-0.578699,-0.831889,MUS,ESP,5514
424502,152,71,947,1996.0,0.0,27288.0,-1.203751,-1.003757,MWI,ESP,5514
424503,153,71,947,1996.0,0.0,1964851.0,0.5493640000000001,0.248484,MYS,ESP,5514
424504,162,71,947,1996.0,19409782.0,676682.0,1.331177,1.6320430000000001,NLD,ESP,5514
424505,163,71,947,1996.0,2064.0,9295.0,0.8207270000000001,0.043619,NOR,ESP,5514
424506,166,71,947,1996.0,0.0,2921.0,0.404233,0.6724640000000001,NZL,ESP,5514
424507,167,71,947,1996.0,0.0,9616.0,-0.227075,-0.9778399999999999,OMN,ESP,5514
424508,168,71,947,1996.0,0.0,8636.0,-0.759362,-0.541712,PAK,ESP,5514
424509,169,71,947,1996.0,0.0,431619.0,-0.03243,-0.326329,PAN,ESP,5514
424510,173,71,947,1996.0,0.0,595009.0,-0.374308,-0.36733499999999997,PER,ESP,5514
424511,174,71,947,1996.0,0.0,798151.0,0.0020329999999999997,0.40715,PHL,ESP,5514
424512,177,71,947,1996.0,0.0,542234.0,0.806283,1.92897,POL,ESP,5514
424513,179,71,947,1996.0,204445.0,7269014.0,0.49924799999999997,0.9969520000000001,PRT,ESP,5514
424514,180,71,947,1996.0,0.0,17600.0,-0.667054,-0.648122,PRY,ESP,5514
424515,183,71,947,1996.0,0.0,30056.0,-0.511976,-1.148631,QAT,ESP,5514
424516,185,71,947,1996.0,0.0,208118.0,0.612166,1.201016,ROU,ESP,5514
424517,186,71,947,1996.0,0.0,993716.0,0.505247,0.349848,RUS,ESP,5514
424518,188,71,947,1996.0,0.0,196534.0,-0.200762,-1.0419610000000001,SAU,ESP,5514
424519,191,71,947,1996.0,0.0,69297.0,-0.715409,-0.8895850000000001,SEN,ESP,5514
424520,192,71,947,1996.0,2812.0,900227.0,1.288635,0.259061,SGP,ESP,5514
424521,197,71,947,1996.0,0.0,6442.0,-0.228625,-0.150274,SLV,ESP,5514
424522,206,71,947,1996.0,0.0,32239.0,1.1978739999999999,1.426243,SVK,ESP,5514
424523,207,71,947,1996.0,0.0,48943.0,1.352015,1.396593,SVN,ESP,5514
424524,208,71,947,1996.0,955732.0,5851.0,2.186414,0.848194,SWE,ESP,5514
424525,212,71,947,1996.0,0.0,410183.0,-1.096481,-1.0157260000000001,SYR,ESP,5514
424526,216,71,947,1996.0,7484.0,2806554.0,0.26155100000000003,1.146204,THA,ESP,5514
424527,223,71,947,1996.0,26382.0,1292006.0,-0.250917,-0.057383,TUN,ESP,5514
424528,224,71,947,1996.0,28284.0,845519.0,0.07259700000000001,1.734291,TUR,ESP,5514
424529,227,71,947,1996.0,0.0,2620.0,-1.105896,-0.910169,UGA,ESP,5514
424530,230,71,947,1996.0,0.0,169031.0,0.182427,0.689738,URY,ESP,5514
424531,231,71,947,1996.0,12269316.0,4418428.0,1.742391,1.003066,USA,ESP,5514
424532,236,71,947,1996.0,0.0,1164699.0,-0.039967,-0.828263,VEN,ESP,5514
424533,239,71,947,1996.0,0.0,82466.0,-0.8099569999999999,-0.032258999999999996,VNM,ESP,5514
424534,243,71,947,1996.0,0.0,54616.0,-1.395,-1.26641,YEM,ESP,5514
424535,246,71,947,1996.0,1021.0,150069.0,0.277171,1.489549,ZAF,ESP,5514
424536,249,71,947,1996.0,1634.0,2367873.0,1.7375779999999998,1.4625860000000002,TWN,ESP,5514
424537,15,74,947,1996.0,81509.0,8409.0,2.012626,0.395525,AUT,FIN,5514
424538,18,74,947,1996.0,41063.0,47630.0,1.5604850000000001,1.30819,BEL,FIN,5514
424539,39,74,947,1996.0,1550.0,0.0,0.970932,1.111111,CAN,FIN,5514
424540,41,74,947,1996.0,1556832.0,0.0,2.344337,0.709607,CHE,FIN,5514
424541,61,74,947,1996.0,5964528.0,10591.0,2.347101,-2.4792799999999997,DEU,FIN,5514
424542,64,74,947,1996.0,523592.0,42348.0,1.416927,1.401766,DNK,FIN,5514
424543,71,74,947,1996.0,51057.0,0.0,1.157591,1.795643,ESP,FIN,5514
424544,72,74,947,1996.0,1910.0,182888.0,0.445854,1.115429,EST,FIN,5514
424545,77,74,947,1996.0,1627049.0,4327.0,1.571365,1.187529,FRA,FIN,5514
424546,81,74,947,1996.0,726832.0,95892.0,1.948148,0.882453,GBR,FIN,5514
424547,103,74,947,1996.0,0.0,9170.0,-0.25952,1.343972,IDN,FIN,5514
424548,106,74,947,1996.0,6491672.0,0.0,1.476369,1.049152,IRL,FIN,5514
424549,110,74,947,1996.0,6955.0,0.0,1.159922,1.025777,ISR,FIN,5514
424550,111,74,947,1996.0,28554.0,0.0,1.591442,0.875201,ITA,FIN,5514
424551,114,74,947,1996.0,4569.0,0.0,2.858869,0.477455,JPN,FIN,5514
424552,130,74,947,1996.0,0.0,41695.0,0.360994,1.092575,LTU,FIN,5514
424553,132,74,947,1996.0,0.0,11346.0,0.255258,0.42505299999999996,LVA,FIN,5514
424554,162,74,947,1996.0,3625567.0,0.0,1.331177,1.6320430000000001,NLD,FIN,5514
424555,163,74,947,1996.0,55943.0,46650.0,0.8207270000000001,0.043619,NOR,FIN,5514
424556,177,74,947,1996.0,4563.0,0.0,0.806283,1.92897,POL,FIN,5514
424557,186,74,947,1996.0,1331.0,76753.0,0.505247,0.349848,RUS,FIN,5514
424558,192,74,947,1996.0,0.0,60767.0,1.288635,0.259061,SGP,FIN,5514
424559,208,74,947,1996.0,3550043.0,53400.0,2.186414,0.848194,SWE,FIN,5514
424560,224,74,947,1996.0,0.0,20306.0,0.07259700000000001,1.734291,TUR,FIN,5514
424561,228,74,947,1996.0,0.0,1129.0,0.7582479999999999,1.1207340000000001,UKR,FIN,5514
424562,231,74,947,1996.0,1687477.0,3229.0,1.742391,1.003066,USA,FIN,5514
424563,1,77,947,1996.0,0.0,9185.0,-0.760436,-0.864967,AFG,FRA,5514
424564,2,77,947,1996.0,0.0,4105.0,-2.314454,-1.236453,AGO,FRA,5514
424565,4,77,947,1996.0,0.0,8409.0,-0.42357399999999995,0.090179,ALB,FRA,5514
424566,5,77,947,1996.0,0.0,293861.0,0.9948959999999999,0.58532,AND,FRA,5514
424567,6,77,947,1996.0,0.0,398566.0,-0.2426,-0.701334,ANT,FRA,5514
424568,7,77,947,1996.0,9407.0,5721152.0,-0.43356400000000006,-0.8715719999999999,ARE,FRA,5514
424569,8,77,947,1996.0,16262.0,1182636.0,0.007199,0.805707,ARG,FRA,5514
424570,9,77,947,1996.0,0.0,24841.0,1.0178040000000002,0.156363,ARM,FRA,5514
424571,14,77,947,1996.0,14405.0,2530484.0,0.025253,0.6428189999999999,AUS,FRA,5514
424572,15,77,947,1996.0,74613.0,4510501.0,2.012626,0.395525,AUT,FRA,5514
424573,17,77,947,1996.0,0.0,1715.0,-1.037716,-0.9776,BDI,FRA,5514
424574,18,77,947,1996.0,16814560.0,21512868.0,1.5604850000000001,1.30819,BEL,FRA,5514
424575,19,77,947,1996.0,0.0,321373.0,-1.023515,-0.9004909999999999,BEN,FRA,5514
424576,21,77,947,1996.0,0.0,245553.0,-0.6722739999999999,-0.9167639999999999,BFA,FRA,5514
424577,22,77,947,1996.0,0.0,160761.0,-0.751219,-0.9638329999999999,BGD,FRA,5514
424578,23,77,947,1996.0,0.0,3324473.0,0.510789,1.749248,BGR,FRA,5514
424579,24,77,947,1996.0,0.0,143190.0,-0.359199,-0.9925,BHR,FRA,5514
424580,28,77,947,1996.0,0.0,713773.0,0.785274,1.0126899999999999,BLR,FRA,5514
424581,31,77,947,1996.0,0.0,5834.0,-0.5529930000000001,-0.600893,BOL,FRA,5514
424582,32,77,947,1996.0,303164.0,4053391.0,0.8087340000000001,1.370183,BRA,FRA,5514
424583,33,77,947,1996.0,8873.0,0.0,0.599391,0.065208,BRB,FRA,5514
424584,38,77,947,1996.0,0.0,1747.0,-1.094527,-0.901338,CAF,FRA,5514
424585,39,77,947,1996.0,10172.0,1174627.0,0.970932,1.111111,CAN,FRA,5514
424586,41,77,947,1996.0,102131704.0,21906916.0,2.344337,0.709607,CHE,FRA,5514
424587,42,77,947,1996.0,0.0,2124134.0,-0.161334,-0.301695,CHL,FRA,5514
424588,43,77,947,1996.0,461305.0,1478608.0,0.383975,2.197461,CHN,FRA,5514
424589,44,77,947,1996.0,3020.0,5130876.0,-0.890915,-0.8165399999999999,CIV,FRA,5514
424590,45,77,947,1996.0,0.0,2709618.0,-1.172534,-1.099308,CMR,FRA,5514
424591,46,77,947,1996.0,0.0,797609.0,-1.288889,-1.129638,COD,FRA,5514
424592,47,77,947,1996.0,0.0,6480.0,-1.2520950000000002,-1.1901899999999999,COG,FRA,5514
424593,49,77,947,1996.0,0.0,443806.0,0.070101,0.08847999999999999,COL,FRA,5514
424594,50,77,947,1996.0,0.0,3261.0,0.003669,-0.6884,COM,FRA,5514
424595,52,77,947,1996.0,0.0,95275.0,-0.23773000000000002,0.101373,CRI,FRA,5514
424596,54,77,947,1996.0,0.0,369020.0,-0.7669229999999999,-1.140361,CUB,FRA,5514
424597,58,77,947,1996.0,0.0,251859.0,0.11774200000000001,0.044968,CYP,FRA,5514
424598,59,77,947,1996.0,5489.0,5211641.0,1.412088,1.171914,CZE,FRA,5514
424599,61,77,947,1996.0,76371280.0,76326672.0,2.347101,-2.4792799999999997,DEU,FRA,5514
424600,62,77,947,1996.0,0.0,1175.0,-0.152976,-0.573654,DJI,FRA,5514
424601,63,77,947,1996.0,0.0,5866.0,0.521576,-0.075879,DMA,FRA,5514
424602,64,77,947,1996.0,979642.0,4631490.0,1.416927,1.401766,DNK,FRA,5514
424603,65,77,947,1996.0,0.0,43550.0,-0.370096,-0.371728,DOM,FRA,5514
424604,66,77,947,1996.0,0.0,4461331.0,-0.478062,-1.107679,DZA,FRA,5514
424605,67,77,947,1996.0,0.0,53529.0,-1.128953,-0.960469,ECU,FRA,5514
424606,68,77,947,1996.0,22934.0,4032092.0,-0.405938,-0.209619,EGY,FRA,5514
424607,71,77,947,1996.0,10922180.0,39586320.0,1.157591,1.795643,ESP,FRA,5514
424608,72,77,947,1996.0,0.0,4953.0,0.445854,1.115429,EST,FRA,5514
424609,73,77,947,1996.0,0.0,12516.0,-1.072519,-1.169486,ETH,FRA,5514
424610,74,77,947,1996.0,4327.0,1627049.0,2.007619,1.016303,FIN,FRA,5514
424611,80,77,947,1996.0,0.0,118774.0,-2.043879,-1.244397,GAB,FRA,5514
424612,81,77,947,1996.0,40411864.0,77731920.0,1.948148,0.882453,GBR,FRA,5514
424613,83,77,947,1996.0,0.0,46208.0,-1.037413,-1.019025,GHA,FRA,5514
424614,85,77,947,1996.0,0.0,10853.0,-1.2720120000000001,-1.150363,GIN,FRA,5514
424615,87,77,947,1996.0,0.0,9582.0,-0.8948459999999999,-0.837851,GMB,FRA,5514
424616,90,77,947,1996.0,1205.0,2808226.0,0.21841799999999997,1.081136,GRC,FRA,5514
424617,93,77,947,1996.0,0.0,152890.0,-0.28699,0.308033,GTM,FRA,5514
424618,97,77,947,1996.0,255554.0,2934371.0,0.699041,1.8341720000000001,HKG,FRA,5514
424619,99,77,947,1996.0,7465.0,22920.0,-0.57404,-0.594276,HND,FRA,5514
424620,100,77,947,1996.0,0.0,872437.0,0.739223,1.3032030000000001,HRV,FRA,5514
424621,101,77,947,1996.0,0.0,64153.0,-0.7161029999999999,-0.737263,HTI,FRA,5514
424622,102,77,947,1996.0,385039.0,6866482.0,0.905526,1.887735,HUN,FRA,5514
424623,103,77,947,1996.0,39572.0,14916386.0,-0.25952,1.343972,IDN,FRA,5514
424624,104,77,947,1996.0,97338.0,4971665.0,0.145769,1.983642,IND,FRA,5514
424625,106,77,947,1996.0,45409272.0,10483656.0,1.476369,1.049152,IRL,FRA,5514
424626,107,77,947,1996.0,0.0,1487360.0,-1.0058129999999998,-1.215661,IRN,FRA,5514
424627,109,77,947,1996.0,0.0,9090.0,0.10151,-0.44307799999999997,ISL,FRA,5514
424628,110,77,947,1996.0,279647.0,4386859.0,1.159922,1.025777,ISR,FRA,5514
424629,111,77,947,1996.0,6371022.0,55581968.0,1.591442,0.875201,ITA,FRA,5514
424630,112,77,947,1996.0,0.0,32423.0,-0.64364,-0.8296379999999999,JAM,FRA,5514
424631,113,77,947,1996.0,0.0,926299.0,0.225125,-0.333293,JOR,FRA,5514
424632,114,77,947,1996.0,620752.0,14365338.0,2.858869,0.477455,JPN,FRA,5514
424633,115,77,947,1996.0,0.0,33085.0,0.455772,0.16361099999999998,KAZ,FRA,5514
424634,116,77,947,1996.0,0.0,107833.0,-0.470653,-0.119252,KEN,FRA,5514
424635,121,77,947,1996.0,2410.0,4496125.0,1.230793,1.0548959999999998,KOR,FRA,5514
424636,122,77,947,1996.0,0.0,149015.0,-0.412797,-1.1335899999999999,KWT,FRA,5514
424637,124,77,947,1996.0,11393.0,1496536.0,-0.09233999999999999,0.127816,LBN,FRA,5514
424638,126,77,947,1996.0,0.0,29514.0,-0.482066,-1.163722,LBY,FRA,5514
424639,127,77,947,1996.0,3491.0,1617.0,-0.027347000000000003,-0.556575,LCA,FRA,5514
424640,128,77,947,1996.0,0.0,82645.0,-0.71165,-0.320193,LKA,FRA,5514
424641,130,77,947,1996.0,0.0,17551.0,0.360994,1.092575,LTU,FRA,5514
424642,132,77,947,1996.0,0.0,49313.0,0.255258,0.42505299999999996,LVA,FRA,5514
424643,133,77,947,1996.0,0.0,3914.0,-0.089625,-0.42184499999999997,MAC,FRA,5514
424644,134,77,947,1996.0,705189.0,5112299.0,-0.56512,-0.31006999999999996,MAR,FRA,5514
424645,135,77,947,1996.0,0.0,11364.0,0.193705,0.10853,MDA,FRA,5514
424646,136,77,947,1996.0,475481.0,524282.0,-0.971575,-0.656497,MDG,FRA,5514
424647,138,77,947,1996.0,1902.0,2438153.0,0.88569,1.044068,MEX,FRA,5514
424648,140,77,947,1996.0,0.0,175446.0,0.36478,0.760475,MKD,FRA,5514
424649,141,77,947,1996.0,0.0,233680.0,-0.8623040000000001,-0.991231,MLI,FRA,5514
424650,142,77,947,1996.0,6590.0,44740.0,1.245592,0.446754,MLT,FRA,5514
424651,143,77,947,1996.0,0.0,60400.0,-1.3258219999999998,-1.068414,MMR,FRA,5514
424652,151,77,947,1996.0,0.0,253084.0,-0.578699,-0.831889,MUS,FRA,5514
424653,153,77,947,1996.0,54307.0,676494.0,0.5493640000000001,0.248484,MYS,FRA,5514
424654,156,77,947,1996.0,0.0,224762.0,-0.994661,-0.827312,NCL,FRA,5514
424655,157,77,947,1996.0,0.0,1012.0,-0.539406,-0.693657,NER,FRA,5514
424656,159,77,947,1996.0,0.0,296973.0,-1.9253069999999999,-1.247116,NGA,FRA,5514
424657,162,77,947,1996.0,42395744.0,20353740.0,1.331177,1.6320430000000001,NLD,FRA,5514
424658,163,77,947,1996.0,0.0,312364.0,0.8207270000000001,0.043619,NOR,FRA,5514
424659,164,77,947,1996.0,0.0,12909.0,-0.570144,-0.63484,NPL,FRA,5514
424660,166,77,947,1996.0,0.0,317831.0,0.404233,0.6724640000000001,NZL,FRA,5514
424661,167,77,947,1996.0,0.0,633081.0,-0.227075,-0.9778399999999999,OMN,FRA,5514
424662,168,77,947,1996.0,0.0,1984254.0,-0.759362,-0.541712,PAK,FRA,5514
424663,169,77,947,1996.0,0.0,79076.0,-0.03243,-0.326329,PAN,FRA,5514
424664,173,77,947,1996.0,0.0,202287.0,-0.374308,-0.36733499999999997,PER,FRA,5514
424665,174,77,947,1996.0,0.0,1511478.0,0.0020329999999999997,0.40715,PHL,FRA,5514
424666,177,77,947,1996.0,20438.0,10450222.0,0.806283,1.92897,POL,FRA,5514
424667,178,77,947,1996.0,0.0,7637.0,0.778948,1.1338979999999999,PRK,FRA,5514
424668,179,77,947,1996.0,74512.0,4704465.0,0.49924799999999997,0.9969520000000001,PRT,FRA,5514
424669,180,77,947,1996.0,2012.0,89268.0,-0.667054,-0.648122,PRY,FRA,5514
424670,182,77,947,1996.0,32645.0,396649.0,0.9221219999999999,-0.317411,PYF,FRA,5514
424671,183,77,947,1996.0,0.0,22481.0,-0.511976,-1.148631,QAT,FRA,5514
424672,185,77,947,1996.0,0.0,493880.0,0.612166,1.201016,ROU,FRA,5514
424673,186,77,947,1996.0,130223.0,6321146.0,0.505247,0.349848,RUS,FRA,5514
424674,188,77,947,1996.0,0.0,1643115.0,-0.200762,-1.0419610000000001,SAU,FRA,5514
424675,189,77,947,1996.0,0.0,1579994.0,0.699084,2.2900150000000004,SCG,FRA,5514
424676,190,77,947,1996.0,0.0,41249.0,-1.342853,-1.183092,SDN,FRA,5514
424677,191,77,947,1996.0,0.0,1679380.0,-0.715409,-0.8895850000000001,SEN,FRA,5514
424678,192,77,947,1996.0,30409.0,5035613.0,1.288635,0.259061,SGP,FRA,5514
424679,197,77,947,1996.0,0.0,32715.0,-0.228625,-0.150274,SLV,FRA,5514
424680,200,77,947,1996.0,0.0,18036.0,0.14088900000000001,-0.503969,SPM,FRA,5514
424681,206,77,947,1996.0,0.0,1178812.0,1.1978739999999999,1.426243,SVK,FRA,5514
424682,207,77,947,1996.0,0.0,292556.0,1.352015,1.396593,SVN,FRA,5514
424683,208,77,947,1996.0,448769.0,3994460.0,2.186414,0.848194,SWE,FRA,5514
424684,211,77,947,1996.0,0.0,32308.0,-0.03785,-0.572653,SYC,FRA,5514
424685,212,77,947,1996.0,0.0,1437796.0,-1.096481,-1.0157260000000001,SYR,FRA,5514
424686,214,77,947,1996.0,0.0,32073.0,-0.8684709999999999,-0.758767,TCD,FRA,5514
424687,215,77,947,1996.0,0.0,212737.0,-0.879626,-0.748842,TGO,FRA,5514
424688,216,77,947,1996.0,22661.0,3805677.0,0.26155100000000003,1.146204,THA,FRA,5514
424689,222,77,947,1996.0,82194.0,17157.0,-0.002541,-0.543624,TTO,FRA,5514
424690,223,77,947,1996.0,54805.0,5571206.0,-0.250917,-0.057383,TUN,FRA,5514
424691,224,77,947,1996.0,76908.0,4583580.0,0.07259700000000001,1.734291,TUR,FRA,5514
424692,226,77,947,1996.0,0.0,18305.0,-1.186121,-0.6688390000000001,TZA,FRA,5514
424693,227,77,947,1996.0,0.0,31748.0,-1.105896,-0.910169,UGA,FRA,5514
424694,228,77,947,1996.0,0.0,113267.0,0.7582479999999999,1.1207340000000001,UKR,FRA,5514
424695,230,77,947,1996.0,0.0,68316.0,0.182427,0.689738,URY,FRA,5514
424696,231,77,947,1996.0,9133828.0,29809618.0,1.742391,1.003066,USA,FRA,5514
424697,232,77,947,1996.0,0.0,1368.0,-0.139651,-0.670652,UZB,FRA,5514
424698,236,77,947,1996.0,7249.0,1543277.0,-0.039967,-0.828263,VEN,FRA,5514
424699,239,77,947,1996.0,0.0,3734939.0,-0.8099569999999999,-0.032258999999999996,VNM,FRA,5514
424700,243,77,947,1996.0,0.0,73731.0,-1.395,-1.26641,YEM,FRA,5514
424701,246,77,947,1996.0,51433.0,7629652.0,0.277171,1.489549,ZAF,FRA,5514
424702,247,77,947,1996.0,0.0,32615.0,-0.58634,-0.796772,ZMB,FRA,5514
424703,248,77,947,1996.0,0.0,27184.0,-0.46458999999999995,-0.273683,ZWE,FRA,5514
424704,249,77,947,1996.0,1947.0,3364485.0,1.7375779999999998,1.4625860000000002,TWN,FRA,5514
424705,250,77,947,1996.0,4928.0,0.0,1.153784,0.831677,ANS,FRA,5514
424706,18,80,947,1996.0,4399.0,0.0,1.5604850000000001,1.30819,BEL,GAB,5514
424707,71,80,947,1996.0,1831.0,0.0,1.157591,1.795643,ESP,GAB,5514
424708,77,80,947,1996.0,118774.0,0.0,1.571365,1.187529,FRA,GAB,5514
424709,81,80,947,1996.0,143729.0,0.0,1.948148,0.882453,GBR,GAB,5514
424710,97,80,947,1996.0,4653.0,0.0,0.699041,1.8341720000000001,HKG,GAB,5514
424711,106,80,947,1996.0,959764.0,89844.0,1.476369,1.049152,IRL,GAB,5514
424712,159,80,947,1996.0,1296.0,0.0,-1.9253069999999999,-1.247116,NGA,GAB,5514
424713,162,80,947,1996.0,27134.0,0.0,1.331177,1.6320430000000001,NLD,GAB,5514
424714,0,81,947,1996.0,0.0,5607.0,-0.493634,-0.719576,ABW,GBR,5514
424715,6,81,947,1996.0,0.0,114484.0,-0.2426,-0.701334,ANT,GBR,5514
424716,7,81,947,1996.0,93611.0,2504211.0,-0.43356400000000006,-0.8715719999999999,ARE,GBR,5514
424717,8,81,947,1996.0,0.0,803753.0,0.007199,0.805707,ARG,GBR,5514
424718,14,81,947,1996.0,69111.0,6639405.0,0.025253,0.6428189999999999,AUS,GBR,5514
424719,15,81,947,1996.0,60312.0,784019.0,2.012626,0.395525,AUT,GBR,5514
424720,18,81,947,1996.0,17169712.0,7712240.0,1.5604850000000001,1.30819,BEL,GBR,5514
424721,19,81,947,1996.0,0.0,12492.0,-1.023515,-0.9004909999999999,BEN,GBR,5514
424722,21,81,947,1996.0,0.0,28344.0,-0.6722739999999999,-0.9167639999999999,BFA,GBR,5514
424723,22,81,947,1996.0,0.0,694692.0,-0.751219,-0.9638329999999999,BGD,GBR,5514
424724,23,81,947,1996.0,40920.0,1077406.0,0.510789,1.749248,BGR,GBR,5514
424725,24,81,947,1996.0,0.0,530299.0,-0.359199,-0.9925,BHR,GBR,5514
424726,25,81,947,1996.0,0.0,44089.0,0.301719,-0.44059899999999996,BHS,GBR,5514
424727,28,81,947,1996.0,0.0,240444.0,0.785274,1.0126899999999999,BLR,GBR,5514
424728,29,81,947,1996.0,0.0,85214.0,-0.267716,-0.651034,BLZ,GBR,5514
424729,30,81,947,1996.0,0.0,23034.0,0.658562,-0.5025430000000001,BMU,GBR,5514
424730,31,81,947,1996.0,0.0,211297.0,-0.5529930000000001,-0.600893,BOL,GBR,5514
424731,32,81,947,1996.0,19467.0,1305494.0,0.8087340000000001,1.370183,BRA,GBR,5514
424732,33,81,947,1996.0,63437.0,274402.0,0.599391,0.065208,BRB,GBR,5514
424733,34,81,947,1996.0,0.0,3638.0,-0.661198,-0.801408,BRN,GBR,5514
424734,35,81,947,1996.0,0.0,2426.0,-0.374718,-0.8180029999999999,BTN,GBR,5514
424735,39,81,947,1996.0,310469.0,790311.0,0.970932,1.111111,CAN,GBR,5514
424736,41,81,947,1996.0,55469004.0,5227794.0,2.344337,0.709607,CHE,GBR,5514
424737,42,81,947,1996.0,2507.0,4308682.0,-0.161334,-0.301695,CHL,GBR,5514
424738,43,81,947,1996.0,774513.0,1227608.0,0.383975,2.197461,CHN,GBR,5514
424739,44,81,947,1996.0,0.0,1345925.0,-0.890915,-0.8165399999999999,CIV,GBR,5514
424740,45,81,947,1996.0,0.0,182200.0,-1.172534,-1.099308,CMR,GBR,5514
424741,46,81,947,1996.0,0.0,76313.0,-1.288889,-1.129638,COD,GBR,5514
424742,47,81,947,1996.0,0.0,230922.0,-1.2520950000000002,-1.1901899999999999,COG,GBR,5514
424743,49,81,947,1996.0,0.0,2923394.0,0.070101,0.08847999999999999,COL,GBR,5514
424744,51,81,947,1996.0,0.0,108733.0,0.069833,-0.560042,CPV,GBR,5514
424745,52,81,947,1996.0,0.0,650770.0,-0.23773000000000002,0.101373,CRI,GBR,5514
424746,54,81,947,1996.0,0.0,288352.0,-0.7669229999999999,-1.140361,CUB,GBR,5514
424747,57,81,947,1996.0,0.0,15119.0,0.255347,-0.593208,CYM,GBR,5514
424748,58,81,947,1996.0,8184.0,605212.0,0.11774200000000001,0.044968,CYP,GBR,5514
424749,59,81,947,1996.0,38551.0,2053014.0,1.412088,1.171914,CZE,GBR,5514
424750,61,81,947,1996.0,52771544.0,40667508.0,2.347101,-2.4792799999999997,DEU,GBR,5514
424751,63,81,947,1996.0,0.0,86731.0,0.521576,-0.075879,DMA,GBR,5514
424752,64,81,947,1996.0,959245.0,5685182.0,1.416927,1.401766,DNK,GBR,5514
424753,65,81,947,1996.0,0.0,254989.0,-0.370096,-0.371728,DOM,GBR,5514
424754,66,81,947,1996.0,0.0,4050.0,-0.478062,-1.107679,DZA,GBR,5514
424755,67,81,947,1996.0,1034.0,545649.0,-1.128953,-0.960469,ECU,GBR,5514
424756,68,81,947,1996.0,13568.0,2621036.0,-0.405938,-0.209619,EGY,GBR,5514
424757,71,81,947,1996.0,2442616.0,21194264.0,1.157591,1.795643,ESP,GBR,5514
424758,72,81,947,1996.0,0.0,45023.0,0.445854,1.115429,EST,GBR,5514
424759,73,81,947,1996.0,0.0,17459.0,-1.072519,-1.169486,ETH,GBR,5514
424760,74,81,947,1996.0,95892.0,726832.0,2.007619,1.016303,FIN,GBR,5514
424761,75,81,947,1996.0,0.0,10852.0,-0.801999,-0.9148850000000001,FJI,GBR,5514
424762,77,81,947,1996.0,77731920.0,40411864.0,1.571365,1.187529,FRA,GBR,5514
424763,80,81,947,1996.0,0.0,143729.0,-2.043879,-1.244397,GAB,GBR,5514
424764,82,81,947,1996.0,0.0,2621.0,0.28868499999999997,0.115705,GEO,GBR,5514
424765,83,81,947,1996.0,0.0,2618144.0,-1.037413,-1.019025,GHA,GBR,5514
424766,84,81,947,1996.0,0.0,60811.0,0.792741,-0.333993,GIB,GBR,5514
424767,87,81,947,1996.0,0.0,38546.0,-0.8948459999999999,-0.837851,GMB,GBR,5514
424768,90,81,947,1996.0,124779.0,2965625.0,0.21841799999999997,1.081136,GRC,GBR,5514
424769,93,81,947,1996.0,0.0,891769.0,-0.28699,0.308033,GTM,GBR,5514
424770,96,81,947,1996.0,0.0,81682.0,-0.618346,-0.7723760000000001,GUY,GBR,5514
424771,97,81,947,1996.0,73711.0,8405405.0,0.699041,1.8341720000000001,HKG,GBR,5514
424772,99,81,947,1996.0,0.0,19698.0,-0.57404,-0.594276,HND,GBR,5514
424773,100,81,947,1996.0,0.0,930751.0,0.739223,1.3032030000000001,HRV,GBR,5514
424774,101,81,947,1996.0,0.0,209149.0,-0.7161029999999999,-0.737263,HTI,GBR,5514
424775,102,81,947,1996.0,1277.0,2757864.0,0.905526,1.887735,HUN,GBR,5514
424776,103,81,947,1996.0,146045.0,26229586.0,-0.25952,1.343972,IDN,GBR,5514
424777,104,81,947,1996.0,142392.0,6675600.0,0.145769,1.983642,IND,GBR,5514
424778,106,81,947,1996.0,117851568.0,36151068.0,1.476369,1.049152,IRL,GBR,5514
424779,107,81,947,1996.0,9901.0,806814.0,-1.0058129999999998,-1.215661,IRN,GBR,5514
424780,108,81,947,1996.0,0.0,3740.0,0.813755,-0.203222,IRQ,GBR,5514
424781,109,81,947,1996.0,0.0,392247.0,0.10151,-0.44307799999999997,ISL,GBR,5514
424782,110,81,947,1996.0,1868344.0,1438256.0,1.159922,1.025777,ISR,GBR,5514
424783,111,81,947,1996.0,3644336.0,16625825.0,1.591442,0.875201,ITA,GBR,5514
424784,112,81,947,1996.0,657662.0,459560.0,-0.64364,-0.8296379999999999,JAM,GBR,5514
424785,113,81,947,1996.0,5439.0,618406.0,0.225125,-0.333293,JOR,GBR,5514
424786,114,81,947,1996.0,533629.0,31122012.0,2.858869,0.477455,JPN,GBR,5514
424787,115,81,947,1996.0,0.0,19159.0,0.455772,0.16361099999999998,KAZ,GBR,5514
424788,116,81,947,1996.0,38329.0,2988184.0,-0.470653,-0.119252,KEN,GBR,5514
424789,118,81,947,1996.0,0.0,4367.0,-0.9007299999999999,-0.9713620000000001,KHM,GBR,5514
424790,120,81,947,1996.0,0.0,9704.0,0.49290100000000003,-0.429266,KNA,GBR,5514
424791,121,81,947,1996.0,2092.0,2979071.0,1.230793,1.0548959999999998,KOR,GBR,5514
424792,122,81,947,1996.0,0.0,321928.0,-0.412797,-1.1335899999999999,KWT,GBR,5514
424793,123,81,947,1996.0,0.0,1249.0,-0.602525,-0.683279,LAO,GBR,5514
424794,124,81,947,1996.0,11627.0,252545.0,-0.09233999999999999,0.127816,LBN,GBR,5514
424795,127,81,947,1996.0,0.0,1832.0,-0.027347000000000003,-0.556575,LCA,GBR,5514
424796,128,81,947,1996.0,0.0,1961446.0,-0.71165,-0.320193,LKA,GBR,5514
424797,130,81,947,1996.0,0.0,45288.0,0.360994,1.092575,LTU,GBR,5514
424798,132,81,947,1996.0,0.0,83949.0,0.255258,0.42505299999999996,LVA,GBR,5514
424799,133,81,947,1996.0,0.0,24167.0,-0.089625,-0.42184499999999997,MAC,GBR,5514
424800,134,81,947,1996.0,14325.0,605103.0,-0.56512,-0.31006999999999996,MAR,GBR,5514
424801,135,81,947,1996.0,0.0,3428.0,0.193705,0.10853,MDA,GBR,5514
424802,136,81,947,1996.0,0.0,22847.0,-0.971575,-0.656497,MDG,GBR,5514
424803,137,81,947,1996.0,0.0,2827.0,-1.1896639999999998,-1.077542,MDV,GBR,5514
424804,138,81,947,1996.0,26098.0,393347.0,0.88569,1.044068,MEX,GBR,5514
424805,139,81,947,1996.0,0.0,10574.0,0.016018,-0.686802,MHL,GBR,5514
424806,140,81,947,1996.0,0.0,149189.0,0.36478,0.760475,MKD,GBR,5514
424807,141,81,947,1996.0,0.0,207778.0,-0.8623040000000001,-0.991231,MLI,GBR,5514
424808,142,81,947,1996.0,3169.0,511496.0,1.245592,0.446754,MLT,GBR,5514
424809,143,81,947,1996.0,0.0,390691.0,-1.3258219999999998,-1.068414,MMR,GBR,5514
424810,146,81,947,1996.0,0.0,4452.0,0.034033,-0.668516,MNP,GBR,5514
424811,151,81,947,1996.0,0.0,189780.0,-0.578699,-0.831889,MUS,GBR,5514
424812,152,81,947,1996.0,0.0,391278.0,-1.203751,-1.003757,MWI,GBR,5514
424813,153,81,947,1996.0,8134.0,2484265.0,0.5493640000000001,0.248484,MYS,GBR,5514
424814,157,81,947,1996.0,0.0,23713.0,-0.539406,-0.693657,NER,GBR,5514
424815,159,81,947,1996.0,0.0,14067342.0,-1.9253069999999999,-1.247116,NGA,GBR,5514
424816,160,81,947,1996.0,0.0,102515.0,-0.810879,-0.64475,NIC,GBR,5514
424817,162,81,947,1996.0,19021904.0,32815634.0,1.331177,1.6320430000000001,NLD,GBR,5514
424818,163,81,947,1996.0,83024.0,1654843.0,0.8207270000000001,0.043619,NOR,GBR,5514
424819,164,81,947,1996.0,0.0,12180.0,-0.570144,-0.63484,NPL,GBR,5514
424820,165,81,947,1996.0,0.0,22970.0,1.237408,-0.315644,NRU,GBR,5514
424821,166,81,947,1996.0,0.0,1899005.0,0.404233,0.6724640000000001,NZL,GBR,5514
424822,167,81,947,1996.0,0.0,234605.0,-0.227075,-0.9778399999999999,OMN,GBR,5514
424823,168,81,947,1996.0,0.0,1915294.0,-0.759362,-0.541712,PAK,GBR,5514
424824,169,81,947,1996.0,0.0,112689.0,-0.03243,-0.326329,PAN,GBR,5514
424825,173,81,947,1996.0,0.0,746515.0,-0.374308,-0.36733499999999997,PER,GBR,5514
424826,174,81,947,1996.0,26434.0,7328342.0,0.0020329999999999997,0.40715,PHL,GBR,5514
424827,176,81,947,1996.0,0.0,2063.0,-1.918864,-1.24327,PNG,GBR,5514
424828,177,81,947,1996.0,75247.0,7711024.0,0.806283,1.92897,POL,GBR,5514
424829,178,81,947,1996.0,0.0,28124.0,0.778948,1.1338979999999999,PRK,GBR,5514
424830,179,81,947,1996.0,0.0,1566649.0,0.49924799999999997,0.9969520000000001,PRT,GBR,5514
424831,180,81,947,1996.0,0.0,18411.0,-0.667054,-0.648122,PRY,GBR,5514
424832,183,81,947,1996.0,0.0,50577.0,-0.511976,-1.148631,QAT,GBR,5514
424833,185,81,947,1996.0,0.0,1844287.0,0.612166,1.201016,ROU,GBR,5514
424834,186,81,947,1996.0,21059.0,7897248.0,0.505247,0.349848,RUS,GBR,5514
424835,187,81,947,1996.0,0.0,8073.0,0.048038,-0.5664020000000001,RWA,GBR,5514
424836,188,81,947,1996.0,1242.0,3359892.0,-0.200762,-1.0419610000000001,SAU,GBR,5514
424837,189,81,947,1996.0,0.0,43277.0,0.699084,2.2900150000000004,SCG,GBR,5514
424838,190,81,947,1996.0,0.0,109376.0,-1.342853,-1.183092,SDN,GBR,5514
424839,191,81,947,1996.0,0.0,161715.0,-0.715409,-0.8895850000000001,SEN,GBR,5514
424840,192,81,947,1996.0,48525.0,5756196.0,1.288635,0.259061,SGP,GBR,5514
424841,194,81,947,1996.0,0.0,149793.0,0.8783110000000001,-0.211286,SHN,GBR,5514
424842,196,81,947,1996.0,0.0,78311.0,-0.0266,-0.390162,SLE,GBR,5514
424843,197,81,947,1996.0,0.0,856034.0,-0.228625,-0.150274,SLV,GBR,5514
424844,199,81,947,1996.0,0.0,25782.0,-1.474985,-0.954166,SOM,GBR,5514
424845,203,81,947,1996.0,0.0,8153.0,0.777042,-0.19045,STP,GBR,5514
424846,205,81,947,1996.0,0.0,74115.0,-1.062804,-0.893763,SUR,GBR,5514
424847,206,81,947,1996.0,0.0,294515.0,1.1978739999999999,1.426243,SVK,GBR,5514
424848,207,81,947,1996.0,0.0,132229.0,1.352015,1.396593,SVN,GBR,5514
424849,208,81,947,1996.0,471964.0,4033413.0,2.186414,0.848194,SWE,GBR,5514
424850,211,81,947,1996.0,0.0,31218.0,-0.03785,-0.572653,SYC,GBR,5514
424851,212,81,947,1996.0,0.0,1117682.0,-1.096481,-1.0157260000000001,SYR,GBR,5514
424852,215,81,947,1996.0,0.0,24192.0,-0.879626,-0.748842,TGO,GBR,5514
424853,216,81,947,1996.0,49425.0,11157942.0,0.26155100000000003,1.146204,THA,GBR,5514
424854,217,81,947,1996.0,0.0,14754.0,0.03373,-0.7239720000000001,TJK,GBR,5514
424855,219,81,947,1996.0,0.0,2969.0,-0.666457,-1.1301350000000001,TKM,GBR,5514
424856,222,81,947,1996.0,0.0,618548.0,-0.002541,-0.543624,TTO,GBR,5514
424857,223,81,947,1996.0,0.0,128266.0,-0.250917,-0.057383,TUN,GBR,5514
424858,224,81,947,1996.0,26862.0,9610151.0,0.07259700000000001,1.734291,TUR,GBR,5514
424859,226,81,947,1996.0,0.0,486495.0,-1.186121,-0.6688390000000001,TZA,GBR,5514
424860,227,81,947,1996.0,0.0,76013.0,-1.105896,-0.910169,UGA,GBR,5514
424861,228,81,947,1996.0,20476.0,1127757.0,0.7582479999999999,1.1207340000000001,UKR,GBR,5514
424862,230,81,947,1996.0,0.0,276938.0,0.182427,0.689738,URY,GBR,5514
424863,231,81,947,1996.0,16324882.0,8407434.0,1.742391,1.003066,USA,GBR,5514
424864,234,81,947,1996.0,0.0,4301.0,-0.05218,-0.49757700000000005,VCT,GBR,5514
424865,236,81,947,1996.0,11267.0,1722849.0,-0.039967,-0.828263,VEN,GBR,5514
424866,239,81,947,1996.0,0.0,4664800.0,-0.8099569999999999,-0.032258999999999996,VNM,GBR,5514
424867,240,81,947,1996.0,0.0,149625.0,-0.78354,-0.903761,VUT,GBR,5514
424868,242,81,947,1996.0,0.0,15133.0,-0.529907,-0.797609,WSM,GBR,5514
424869,243,81,947,1996.0,0.0,495963.0,-1.395,-1.26641,YEM,GBR,5514
424870,246,81,947,1996.0,177230.0,13550828.0,0.277171,1.489549,ZAF,GBR,5514
424871,247,81,947,1996.0,0.0,230158.0,-0.58634,-0.796772,ZMB,GBR,5514
424872,248,81,947,1996.0,0.0,875250.0,-0.46458999999999995,-0.273683,ZWE,GBR,5514
424873,249,81,947,1996.0,0.0,4116046.0,1.7375779999999998,1.4625860000000002,TWN,GBR,5514
424874,250,81,947,1996.0,0.0,1977.0,1.153784,0.831677,ANS,GBR,5514
424875,4,90,947,1996.0,0.0,500701.0,-0.42357399999999995,0.090179,ALB,GRC,5514
424876,14,90,947,1996.0,0.0,1575.0,0.025253,0.6428189999999999,AUS,GRC,5514
424877,15,90,947,1996.0,29447.0,1459.0,2.012626,0.395525,AUT,GRC,5514
424878,18,90,947,1996.0,2141660.0,4950.0,1.5604850000000001,1.30819,BEL,GRC,5514
424879,23,90,947,1996.0,0.0,57935.0,0.510789,1.749248,BGR,GRC,5514
424880,39,90,947,1996.0,0.0,6535.0,0.970932,1.111111,CAN,GRC,5514
424881,41,90,947,1996.0,5428506.0,0.0,2.344337,0.709607,CHE,GRC,5514
424882,43,90,947,1996.0,42577.0,0.0,0.383975,2.197461,CHN,GRC,5514
424883,49,90,947,1996.0,0.0,6842.0,0.070101,0.08847999999999999,COL,GRC,5514
424884,58,90,947,1996.0,0.0,190707.0,0.11774200000000001,0.044968,CYP,GRC,5514
424885,59,90,947,1996.0,0.0,2096.0,1.412088,1.171914,CZE,GRC,5514
424886,61,90,947,1996.0,5814009.0,669238.0,2.347101,-2.4792799999999997,DEU,GRC,5514
424887,64,90,947,1996.0,207233.0,0.0,1.416927,1.401766,DNK,GRC,5514
424888,68,90,947,1996.0,0.0,5264.0,-0.405938,-0.209619,EGY,GRC,5514
424889,71,90,947,1996.0,228242.0,0.0,1.157591,1.795643,ESP,GRC,5514
424890,77,90,947,1996.0,2808226.0,1205.0,1.571365,1.187529,FRA,GRC,5514
424891,81,90,947,1996.0,2965625.0,124779.0,1.948148,0.882453,GBR,GRC,5514
424892,83,90,947,1996.0,0.0,1623.0,-1.037413,-1.019025,GHA,GRC,5514
424893,97,90,947,1996.0,0.0,4791.0,0.699041,1.8341720000000001,HKG,GRC,5514
424894,102,90,947,1996.0,0.0,6283.0,0.905526,1.887735,HUN,GRC,5514
424895,103,90,947,1996.0,0.0,2554.0,-0.25952,1.343972,IDN,GRC,5514
424896,104,90,947,1996.0,55545.0,2314.0,0.145769,1.983642,IND,GRC,5514
424897,106,90,947,1996.0,16888664.0,0.0,1.476369,1.049152,IRL,GRC,5514
424898,110,90,947,1996.0,36803.0,0.0,1.159922,1.025777,ISR,GRC,5514
424899,111,90,947,1996.0,813350.0,19558.0,1.591442,0.875201,ITA,GRC,5514
424900,124,90,947,1996.0,0.0,25633.0,-0.09233999999999999,0.127816,LBN,GRC,5514
424901,140,90,947,1996.0,0.0,156176.0,0.36478,0.760475,MKD,GRC,5514
424902,159,90,947,1996.0,0.0,99083.0,-1.9253069999999999,-1.247116,NGA,GRC,5514
424903,162,90,947,1996.0,6808285.0,5595.0,1.331177,1.6320430000000001,NLD,GRC,5514
424904,177,90,947,1996.0,0.0,12905.0,0.806283,1.92897,POL,GRC,5514
424905,179,90,947,1996.0,14887.0,0.0,0.49924799999999997,0.9969520000000001,PRT,GRC,5514
424906,185,90,947,1996.0,7926.0,157139.0,0.612166,1.201016,ROU,GRC,5514
424907,186,90,947,1996.0,0.0,246060.0,0.505247,0.349848,RUS,GRC,5514
424908,188,90,947,1996.0,0.0,37934.0,-0.200762,-1.0419610000000001,SAU,GRC,5514
424909,189,90,947,1996.0,0.0,32774.0,0.699084,2.2900150000000004,SCG,GRC,5514
424910,208,90,947,1996.0,8937.0,0.0,2.186414,0.848194,SWE,GRC,5514
424911,224,90,947,1996.0,12147.0,118117.0,0.07259700000000001,1.734291,TUR,GRC,5514
424912,226,90,947,1996.0,0.0,1927.0,-1.186121,-0.6688390000000001,TZA,GRC,5514
424913,231,90,947,1996.0,301655.0,215339.0,1.742391,1.003066,USA,GRC,5514
424914,236,90,947,1996.0,0.0,14843.0,-0.039967,-0.828263,VEN,GRC,5514
424915,249,90,947,1996.0,0.0,3162.0,1.7375779999999998,1.4625860000000002,TWN,GRC,5514
424916,250,90,947,1996.0,1450.0,0.0,1.153784,0.831677,ANS,GRC,5514
424917,4,93,947,1996.0,6345.0,0.0,-0.42357399999999995,0.090179,ALB,GTM,5514
424918,8,93,947,1996.0,91181.0,0.0,0.007199,0.805707,ARG,GTM,5514
424919,32,93,947,1996.0,3605.0,0.0,0.8087340000000001,1.370183,BRA,GTM,5514
424920,39,93,947,1996.0,0.0,1052.0,0.970932,1.111111,CAN,GTM,5514
424921,41,93,947,1996.0,1096091.0,0.0,2.344337,0.709607,CHE,GTM,5514
424922,42,93,947,1996.0,1001.0,0.0,-0.161334,-0.301695,CHL,GTM,5514
424923,49,93,947,1996.0,398084.0,0.0,0.070101,0.08847999999999999,COL,GTM,5514
424924,52,93,947,1996.0,47887.0,38949.0,-0.23773000000000002,0.101373,CRI,GTM,5514
424925,61,93,947,1996.0,450668.0,0.0,2.347101,-2.4792799999999997,DEU,GTM,5514
424926,67,93,947,1996.0,3151.0,0.0,-1.128953,-0.960469,ECU,GTM,5514
424927,71,93,947,1996.0,425451.0,0.0,1.157591,1.795643,ESP,GTM,5514
424928,77,93,947,1996.0,152890.0,0.0,1.571365,1.187529,FRA,GTM,5514
424929,81,93,947,1996.0,891769.0,0.0,1.948148,0.882453,GBR,GTM,5514
424930,99,93,947,1996.0,3332.0,174342.0,-0.57404,-0.594276,HND,GTM,5514
424931,106,93,947,1996.0,1494392.0,0.0,1.476369,1.049152,IRL,GTM,5514
424932,111,93,947,1996.0,7191.0,0.0,1.591442,0.875201,ITA,GTM,5514
424933,114,93,947,1996.0,6404.0,0.0,2.858869,0.477455,JPN,GTM,5514
424934,138,93,947,1996.0,1035332.0,21504.0,0.88569,1.044068,MEX,GTM,5514
424935,160,93,947,1996.0,0.0,243399.0,-0.810879,-0.64475,NIC,GTM,5514
424936,162,93,947,1996.0,22738.0,0.0,1.331177,1.6320430000000001,NLD,GTM,5514
424937,169,93,947,1996.0,3581.0,2269.0,-0.03243,-0.326329,PAN,GTM,5514
424938,173,93,947,1996.0,0.0,1160.0,-0.374308,-0.36733499999999997,PER,GTM,5514
424939,197,93,947,1996.0,0.0,53525.0,-0.228625,-0.150274,SLV,GTM,5514
424940,208,93,947,1996.0,4149.0,0.0,2.186414,0.848194,SWE,GTM,5514
424941,231,93,947,1996.0,4351870.0,8526.0,1.742391,1.003066,USA,GTM,5514
424942,236,93,947,1996.0,2966.0,0.0,-0.039967,-0.828263,VEN,GTM,5514
424943,7,97,947,1996.0,0.0,58616.0,-0.43356400000000006,-0.8715719999999999,ARE,HKG,5514
424944,8,97,947,1996.0,8847.0,26928.0,0.007199,0.805707,ARG,HKG,5514
424945,14,97,947,1996.0,4635584.0,2532459.0,0.025253,0.6428189999999999,AUS,HKG,5514
424946,15,97,947,1996.0,5018.0,0.0,2.012626,0.395525,AUT,HKG,5514
424947,18,97,947,1996.0,74434.0,0.0,1.5604850000000001,1.30819,BEL,HKG,5514
424948,22,97,947,1996.0,0.0,73191.0,-0.751219,-0.9638329999999999,BGD,HKG,5514
424949,32,97,947,1996.0,238112.0,308936.0,0.8087340000000001,1.370183,BRA,HKG,5514
424950,39,97,947,1996.0,102756.0,18013.0,0.970932,1.111111,CAN,HKG,5514
424951,41,97,947,1996.0,3913840.0,6481.0,2.344337,0.709607,CHE,HKG,5514
424952,43,97,947,1996.0,29029242.0,9972066.0,0.383975,2.197461,CHN,HKG,5514
424953,49,97,947,1996.0,16479.0,0.0,0.070101,0.08847999999999999,COL,HKG,5514
424954,61,97,947,1996.0,6856868.0,31938.0,2.347101,-2.4792799999999997,DEU,HKG,5514
424955,64,97,947,1996.0,341467.0,0.0,1.416927,1.401766,DNK,HKG,5514
424956,67,97,947,1996.0,0.0,9250.0,-1.128953,-0.960469,ECU,HKG,5514
424957,68,97,947,1996.0,0.0,1471.0,-0.405938,-0.209619,EGY,HKG,5514
424958,71,97,947,1996.0,729574.0,900040.0,1.157591,1.795643,ESP,HKG,5514
424959,75,97,947,1996.0,0.0,266591.0,-0.801999,-0.9148850000000001,FJI,HKG,5514
424960,77,97,947,1996.0,2934371.0,255554.0,1.571365,1.187529,FRA,HKG,5514
424961,80,97,947,1996.0,0.0,4653.0,-2.043879,-1.244397,GAB,HKG,5514
424962,81,97,947,1996.0,8405405.0,73711.0,1.948148,0.882453,GBR,HKG,5514
424963,85,97,947,1996.0,0.0,10997.0,-1.2720120000000001,-1.150363,GIN,HKG,5514
424964,90,97,947,1996.0,4791.0,0.0,0.21841799999999997,1.081136,GRC,HKG,5514
424965,103,97,947,1996.0,321714.0,9128718.0,-0.25952,1.343972,IDN,HKG,5514
424966,104,97,947,1996.0,48521.0,51944.0,0.145769,1.983642,IND,HKG,5514
424967,106,97,947,1996.0,1867411.0,120726.0,1.476369,1.049152,IRL,HKG,5514
424968,110,97,947,1996.0,614241.0,0.0,1.159922,1.025777,ISR,HKG,5514
424969,111,97,947,1996.0,88303.0,7600.0,1.591442,0.875201,ITA,HKG,5514
424970,114,97,947,1996.0,14857002.0,1291979.0,2.858869,0.477455,JPN,HKG,5514
424971,121,97,947,1996.0,26748.0,2781542.0,1.230793,1.0548959999999998,KOR,HKG,5514
424972,128,97,947,1996.0,0.0,54424.0,-0.71165,-0.320193,LKA,HKG,5514
424973,133,97,947,1996.0,15897.0,5521434.0,-0.089625,-0.42184499999999997,MAC,HKG,5514
424974,138,97,947,1996.0,139442.0,0.0,0.88569,1.044068,MEX,HKG,5514
424975,153,97,947,1996.0,344628.0,5281210.0,0.5493640000000001,0.248484,MYS,HKG,5514
424976,156,97,947,1996.0,0.0,3761.0,-0.994661,-0.827312,NCL,HKG,5514
424977,159,97,947,1996.0,0.0,1867.0,-1.9253069999999999,-1.247116,NGA,HKG,5514
424978,162,97,947,1996.0,1462040.0,381622.0,1.331177,1.6320430000000001,NLD,HKG,5514
424979,166,97,947,1996.0,143583.0,1653332.0,0.404233,0.6724640000000001,NZL,HKG,5514
424980,168,97,947,1996.0,0.0,34107.0,-0.759362,-0.541712,PAK,HKG,5514
424981,169,97,947,1996.0,0.0,6555.0,-0.03243,-0.326329,PAN,HKG,5514
424982,174,97,947,1996.0,260440.0,6665087.0,0.0020329999999999997,0.40715,PHL,HKG,5514
424983,176,97,947,1996.0,0.0,92800.0,-1.918864,-1.24327,PNG,HKG,5514
424984,178,97,947,1996.0,46979.0,0.0,0.778948,1.1338979999999999,PRK,HKG,5514
424985,180,97,947,1996.0,0.0,3243.0,-0.667054,-0.648122,PRY,HKG,5514
424986,192,97,947,1996.0,26703000.0,1091554.0,1.288635,0.259061,SGP,HKG,5514
424987,195,97,947,1996.0,0.0,13073.0,-1.6314629999999999,-0.917385,SLB,HKG,5514
424988,208,97,947,1996.0,3874.0,0.0,2.186414,0.848194,SWE,HKG,5514
424989,216,97,947,1996.0,96042.0,5030407.0,0.26155100000000003,1.146204,THA,HKG,5514
424990,230,97,947,1996.0,0.0,1791.0,0.182427,0.689738,URY,HKG,5514
424991,231,97,947,1996.0,16879616.0,6057341.0,1.742391,1.003066,USA,HKG,5514
424992,239,97,947,1996.0,0.0,2731375.0,-0.8099569999999999,-0.032258999999999996,VNM,HKG,5514
424993,240,97,947,1996.0,0.0,19988.0,-0.78354,-0.903761,VUT,HKG,5514
424994,246,97,947,1996.0,55035.0,11068.0,0.277171,1.489549,ZAF,HKG,5514
424995,249,97,947,1996.0,2383222.0,7095827.0,1.7375779999999998,1.4625860000000002,TWN,HKG,5514
424996,32,99,947,1996.0,6567.0,0.0,0.8087340000000001,1.370183,BRA,HND,5514
424997,41,99,947,1996.0,386243.0,4912.0,2.344337,0.709607,CHE,HND,5514
424998,49,99,947,1996.0,92314.0,0.0,0.070101,0.08847999999999999,COL,HND,5514
424999,52,99,947,1996.0,25085.0,0.0,-0.23773000000000002,0.101373,CRI,HND,5514
425000,61,99,947,1996.0,78508.0,0.0,2.347101,-2.4792799999999997,DEU,HND,5514
425001,64,99,947,1996.0,7840.0,0.0,1.416927,1.401766,DNK,HND,5514
425002,71,99,947,1996.0,192580.0,0.0,1.157591,1.795643,ESP,HND,5514
425003,77,99,947,1996.0,22920.0,7465.0,1.571365,1.187529,FRA,HND,5514
425004,81,99,947,1996.0,19698.0,0.0,1.948148,0.882453,GBR,HND,5514
425005,93,99,947,1996.0,174342.0,3332.0,-0.28699,0.308033,GTM,HND,5514
425006,106,99,947,1996.0,755207.0,0.0,1.476369,1.049152,IRL,HND,5514
425007,111,99,947,1996.0,1592.0,0.0,1.591442,0.875201,ITA,HND,5514
425008,112,99,947,1996.0,8386.0,0.0,-0.64364,-0.8296379999999999,JAM,HND,5514
425009,138,99,947,1996.0,1451006.0,0.0,0.88569,1.044068,MEX,HND,5514
425010,162,99,947,1996.0,0.0,4507.0,1.331177,1.6320430000000001,NLD,HND,5514
425011,169,99,947,1996.0,161845.0,0.0,-0.03243,-0.326329,PAN,HND,5514
425012,197,99,947,1996.0,14290.0,23855.0,-0.228625,-0.150274,SLV,HND,5514
425013,231,99,947,1996.0,861708.0,0.0,1.742391,1.003066,USA,HND,5514
425014,6,106,947,1996.0,0.0,16916.0,-0.2426,-0.701334,ANT,IRL,5514
425015,7,106,947,1996.0,0.0,3687971.0,-0.43356400000000006,-0.8715719999999999,ARE,IRL,5514
425016,8,106,947,1996.0,0.0,919733.0,0.007199,0.805707,ARG,IRL,5514
425017,14,106,947,1996.0,0.0,1525185.0,0.025253,0.6428189999999999,AUS,IRL,5514
425018,15,106,947,1996.0,0.0,1048402.0,2.012626,0.395525,AUT,IRL,5514
425019,18,106,947,1996.0,230463.0,6427208.0,1.5604850000000001,1.30819,BEL,IRL,5514
425020,19,106,947,1996.0,0.0,91160.0,-1.023515,-0.9004909999999999,BEN,IRL,5514
425021,21,106,947,1996.0,0.0,151033.0,-0.6722739999999999,-0.9167639999999999,BFA,IRL,5514
425022,22,106,947,1996.0,0.0,876543.0,-0.751219,-0.9638329999999999,BGD,IRL,5514
425023,23,106,947,1996.0,0.0,287637.0,0.510789,1.749248,BGR,IRL,5514
425024,24,106,947,1996.0,0.0,885686.0,-0.359199,-0.9925,BHR,IRL,5514
425025,25,106,947,1996.0,0.0,392440.0,0.301719,-0.44059899999999996,BHS,IRL,5514
425026,28,106,947,1996.0,0.0,660345.0,0.785274,1.0126899999999999,BLR,IRL,5514
425027,30,106,947,1996.0,0.0,60593.0,0.658562,-0.5025430000000001,BMU,IRL,5514
425028,32,106,947,1996.0,10024.0,569665.0,0.8087340000000001,1.370183,BRA,IRL,5514
425029,33,106,947,1996.0,0.0,36819.0,0.599391,0.065208,BRB,IRL,5514
425030,34,106,947,1996.0,0.0,24505.0,-0.661198,-0.801408,BRN,IRL,5514
425031,38,106,947,1996.0,0.0,51190.0,-1.094527,-0.901338,CAF,IRL,5514
425032,39,106,947,1996.0,35242.0,47830.0,0.970932,1.111111,CAN,IRL,5514
425033,41,106,947,1996.0,2388666.0,48882044.0,2.344337,0.709607,CHE,IRL,5514
425034,42,106,947,1996.0,5552.0,3939083.0,-0.161334,-0.301695,CHL,IRL,5514
425035,43,106,947,1996.0,3532.0,1523336.0,0.383975,2.197461,CHN,IRL,5514
425036,44,106,947,1996.0,0.0,1187290.0,-0.890915,-0.8165399999999999,CIV,IRL,5514
425037,45,106,947,1996.0,0.0,1200736.0,-1.172534,-1.099308,CMR,IRL,5514
425038,46,106,947,1996.0,118714.0,1052770.0,-1.288889,-1.129638,COD,IRL,5514
425039,47,106,947,1996.0,0.0,981686.0,-1.2520950000000002,-1.1901899999999999,COG,IRL,5514
425040,50,106,947,1996.0,0.0,27829.0,0.003669,-0.6884,COM,IRL,5514
425041,52,106,947,1996.0,0.0,933191.0,-0.23773000000000002,0.101373,CRI,IRL,5514
425042,58,106,947,1996.0,0.0,1462579.0,0.11774200000000001,0.044968,CYP,IRL,5514
425043,59,106,947,1996.0,0.0,1679742.0,1.412088,1.171914,CZE,IRL,5514
425044,61,106,947,1996.0,1270038.0,149369008.0,2.347101,-2.4792799999999997,DEU,IRL,5514
425045,62,106,947,1996.0,0.0,7760.0,-0.152976,-0.573654,DJI,IRL,5514
425046,64,106,947,1996.0,84114.0,12729194.0,1.416927,1.401766,DNK,IRL,5514
425047,65,106,947,1996.0,0.0,116101.0,-0.370096,-0.371728,DOM,IRL,5514
425048,66,106,947,1996.0,0.0,288330.0,-0.478062,-1.107679,DZA,IRL,5514
425049,67,106,947,1996.0,0.0,2539009.0,-1.128953,-0.960469,ECU,IRL,5514
425050,68,106,947,1996.0,61871.0,4905225.0,-0.405938,-0.209619,EGY,IRL,5514
425051,71,106,947,1996.0,414350.0,26461000.0,1.157591,1.795643,ESP,IRL,5514
425052,72,106,947,1996.0,0.0,558833.0,0.445854,1.115429,EST,IRL,5514
425053,73,106,947,1996.0,0.0,548745.0,-1.072519,-1.169486,ETH,IRL,5514
425054,74,106,947,1996.0,0.0,6491672.0,2.007619,1.016303,FIN,IRL,5514
425055,77,106,947,1996.0,10483656.0,45409272.0,1.571365,1.187529,FRA,IRL,5514
425056,80,106,947,1996.0,89844.0,959764.0,-2.043879,-1.244397,GAB,IRL,5514
425057,81,106,947,1996.0,36151068.0,117851568.0,1.948148,0.882453,GBR,IRL,5514
425058,83,106,947,1996.0,0.0,843341.0,-1.037413,-1.019025,GHA,IRL,5514
425059,84,106,947,1996.0,0.0,2697.0,0.792741,-0.333993,GIB,IRL,5514
425060,85,106,947,1996.0,0.0,277815.0,-1.2720120000000001,-1.150363,GIN,IRL,5514
425061,87,106,947,1996.0,0.0,57998.0,-0.8948459999999999,-0.837851,GMB,IRL,5514
425062,90,106,947,1996.0,0.0,16888664.0,0.21841799999999997,1.081136,GRC,IRL,5514
425063,93,106,947,1996.0,0.0,1494392.0,-0.28699,0.308033,GTM,IRL,5514
425064,96,106,947,1996.0,0.0,16297.0,-0.618346,-0.7723760000000001,GUY,IRL,5514
425065,97,106,947,1996.0,120726.0,1867411.0,0.699041,1.8341720000000001,HKG,IRL,5514
425066,99,106,947,1996.0,0.0,755207.0,-0.57404,-0.594276,HND,IRL,5514
425067,100,106,947,1996.0,0.0,164617.0,0.739223,1.3032030000000001,HRV,IRL,5514
425068,101,106,947,1996.0,0.0,1912.0,-0.7161029999999999,-0.737263,HTI,IRL,5514
425069,102,106,947,1996.0,0.0,1233380.0,0.905526,1.887735,HUN,IRL,5514
425070,103,106,947,1996.0,0.0,755356.0,-0.25952,1.343972,IDN,IRL,5514
425071,104,106,947,1996.0,0.0,81525.0,0.145769,1.983642,IND,IRL,5514
425072,109,106,947,1996.0,0.0,1930372.0,0.10151,-0.44307799999999997,ISL,IRL,5514
425073,110,106,947,1996.0,31317.0,6077789.0,1.159922,1.025777,ISR,IRL,5514
425074,111,106,947,1996.0,1002363.0,10282966.0,1.591442,0.875201,ITA,IRL,5514
425075,112,106,947,1996.0,0.0,167135.0,-0.64364,-0.8296379999999999,JAM,IRL,5514
425076,113,106,947,1996.0,0.0,714832.0,0.225125,-0.333293,JOR,IRL,5514
425077,114,106,947,1996.0,63003.0,5216570.0,2.858869,0.477455,JPN,IRL,5514
425078,115,106,947,1996.0,0.0,624101.0,0.455772,0.16361099999999998,KAZ,IRL,5514
425079,116,106,947,1996.0,0.0,21120.0,-0.470653,-0.119252,KEN,IRL,5514
425080,118,106,947,1996.0,0.0,135321.0,-0.9007299999999999,-0.9713620000000001,KHM,IRL,5514
425081,121,106,947,1996.0,0.0,396886.0,1.230793,1.0548959999999998,KOR,IRL,5514
425082,122,106,947,1996.0,0.0,2923269.0,-0.412797,-1.1335899999999999,KWT,IRL,5514
425083,123,106,947,1996.0,0.0,78004.0,-0.602525,-0.683279,LAO,IRL,5514
425084,124,106,947,1996.0,0.0,2351240.0,-0.09233999999999999,0.127816,LBN,IRL,5514
425085,125,106,947,1996.0,0.0,127389.0,-1.2208629999999998,-1.1693440000000002,LBR,IRL,5514
425086,126,106,947,1996.0,0.0,532638.0,-0.482066,-1.163722,LBY,IRL,5514
425087,128,106,947,1996.0,0.0,917009.0,-0.71165,-0.320193,LKA,IRL,5514
425088,130,106,947,1996.0,0.0,100648.0,0.360994,1.092575,LTU,IRL,5514
425089,133,106,947,1996.0,0.0,10445.0,-0.089625,-0.42184499999999997,MAC,IRL,5514
425090,134,106,947,1996.0,12899.0,1452051.0,-0.56512,-0.31006999999999996,MAR,IRL,5514
425091,135,106,947,1996.0,0.0,151229.0,0.193705,0.10853,MDA,IRL,5514
425092,136,106,947,1996.0,0.0,160904.0,-0.971575,-0.656497,MDG,IRL,5514
425093,137,106,947,1996.0,0.0,14879.0,-1.1896639999999998,-1.077542,MDV,IRL,5514
425094,138,106,947,1996.0,11723.0,16596.0,0.88569,1.044068,MEX,IRL,5514
425095,140,106,947,1996.0,0.0,17549.0,0.36478,0.760475,MKD,IRL,5514
425096,141,106,947,1996.0,0.0,211786.0,-0.8623040000000001,-0.991231,MLI,IRL,5514
425097,142,106,947,1996.0,0.0,1442334.0,1.245592,0.446754,MLT,IRL,5514
425098,143,106,947,1996.0,0.0,441795.0,-1.3258219999999998,-1.068414,MMR,IRL,5514
425099,147,106,947,1996.0,0.0,63045.0,-1.0840459999999998,-1.016672,MOZ,IRL,5514
425100,148,106,947,1996.0,0.0,24573.0,-1.182626,-1.228759,MRT,IRL,5514
425101,151,106,947,1996.0,0.0,146166.0,-0.578699,-0.831889,MUS,IRL,5514
425102,152,106,947,1996.0,0.0,7626.0,-1.203751,-1.003757,MWI,IRL,5514
425103,153,106,947,1996.0,0.0,2663258.0,0.5493640000000001,0.248484,MYS,IRL,5514
425104,156,106,947,1996.0,0.0,15392.0,-0.994661,-0.827312,NCL,IRL,5514
425105,157,106,947,1996.0,0.0,46113.0,-0.539406,-0.693657,NER,IRL,5514
425106,159,106,947,1996.0,0.0,2887144.0,-1.9253069999999999,-1.247116,NGA,IRL,5514
425107,162,106,947,1996.0,7456606.0,21535930.0,1.331177,1.6320430000000001,NLD,IRL,5514
425108,163,106,947,1996.0,5074.0,16246064.0,0.8207270000000001,0.043619,NOR,IRL,5514
425109,164,106,947,1996.0,0.0,499951.0,-0.570144,-0.63484,NPL,IRL,5514
425110,166,106,947,1996.0,0.0,999084.0,0.404233,0.6724640000000001,NZL,IRL,5514
425111,167,106,947,1996.0,0.0,562909.0,-0.227075,-0.9778399999999999,OMN,IRL,5514
425112,168,106,947,1996.0,0.0,69611.0,-0.759362,-0.541712,PAK,IRL,5514
425113,169,106,947,1996.0,0.0,349119.0,-0.03243,-0.326329,PAN,IRL,5514
425114,173,106,947,1996.0,0.0,9276.0,-0.374308,-0.36733499999999997,PER,IRL,5514
425115,174,106,947,1996.0,0.0,95373.0,0.0020329999999999997,0.40715,PHL,IRL,5514
425116,176,106,947,1996.0,0.0,62565.0,-1.918864,-1.24327,PNG,IRL,5514
425117,177,106,947,1996.0,1653.0,1236815.0,0.806283,1.92897,POL,IRL,5514
425118,179,106,947,1996.0,0.0,9084351.0,0.49924799999999997,0.9969520000000001,PRT,IRL,5514
425119,182,106,947,1996.0,0.0,23280.0,0.9221219999999999,-0.317411,PYF,IRL,5514
425120,183,106,947,1996.0,0.0,966060.0,-0.511976,-1.148631,QAT,IRL,5514
425121,185,106,947,1996.0,0.0,581362.0,0.612166,1.201016,ROU,IRL,5514
425122,186,106,947,1996.0,43832.0,8778683.0,0.505247,0.349848,RUS,IRL,5514
425123,187,106,947,1996.0,0.0,646962.0,0.048038,-0.5664020000000001,RWA,IRL,5514
425124,188,106,947,1996.0,0.0,14251250.0,-0.200762,-1.0419610000000001,SAU,IRL,5514
425125,190,106,947,1996.0,61092.0,0.0,-1.342853,-1.183092,SDN,IRL,5514
425126,191,106,947,1996.0,0.0,751991.0,-0.715409,-0.8895850000000001,SEN,IRL,5514
425127,192,106,947,1996.0,0.0,1776249.0,1.288635,0.259061,SGP,IRL,5514
425128,196,106,947,1996.0,0.0,228577.0,-0.0266,-0.390162,SLE,IRL,5514
425129,197,106,947,1996.0,0.0,9593.0,-0.228625,-0.150274,SLV,IRL,5514
425130,206,106,947,1996.0,0.0,24147.0,1.1978739999999999,1.426243,SVK,IRL,5514
425131,207,106,947,1996.0,0.0,234185.0,1.352015,1.396593,SVN,IRL,5514
425132,208,106,947,1996.0,15237.0,10018994.0,2.186414,0.848194,SWE,IRL,5514
425133,212,106,947,1996.0,0.0,3543335.0,-1.096481,-1.0157260000000001,SYR,IRL,5514
425134,214,106,947,1996.0,0.0,60190.0,-0.8684709999999999,-0.758767,TCD,IRL,5514
425135,215,106,947,1996.0,0.0,167283.0,-0.879626,-0.748842,TGO,IRL,5514
425136,216,106,947,1996.0,36245.0,820608.0,0.26155100000000003,1.146204,THA,IRL,5514
425137,222,106,947,1996.0,0.0,19657.0,-0.002541,-0.543624,TTO,IRL,5514
425138,223,106,947,1996.0,0.0,368285.0,-0.250917,-0.057383,TUN,IRL,5514
425139,224,106,947,1996.0,61839.0,1728355.0,0.07259700000000001,1.734291,TUR,IRL,5514
425140,226,106,947,1996.0,0.0,266387.0,-1.186121,-0.6688390000000001,TZA,IRL,5514
425141,227,106,947,1996.0,0.0,2531896.0,-1.105896,-0.910169,UGA,IRL,5514
425142,228,106,947,1996.0,0.0,1173461.0,0.7582479999999999,1.1207340000000001,UKR,IRL,5514
425143,230,106,947,1996.0,562022.0,1564755.0,0.182427,0.689738,URY,IRL,5514
425144,231,106,947,1996.0,7485846.0,54189424.0,1.742391,1.003066,USA,IRL,5514
425145,236,106,947,1996.0,0.0,58802.0,-0.039967,-0.828263,VEN,IRL,5514
425146,239,106,947,1996.0,0.0,1445998.0,-0.8099569999999999,-0.032258999999999996,VNM,IRL,5514
425147,243,106,947,1996.0,0.0,2814832.0,-1.395,-1.26641,YEM,IRL,5514
425148,246,106,947,1996.0,5206.0,2683649.0,0.277171,1.489549,ZAF,IRL,5514
425149,247,106,947,1996.0,0.0,539720.0,-0.58634,-0.796772,ZMB,IRL,5514
425150,248,106,947,1996.0,0.0,17217.0,-0.46458999999999995,-0.273683,ZWE,IRL,5514
425151,250,106,947,1996.0,77310.0,1679375.0,1.153784,0.831677,ANS,IRL,5514
425152,8,110,947,1996.0,0.0,61889.0,0.007199,0.805707,ARG,ISR,5514
425153,14,110,947,1996.0,0.0,25663.0,0.025253,0.6428189999999999,AUS,ISR,5514
425154,15,110,947,1996.0,22463.0,278324.0,2.012626,0.395525,AUT,ISR,5514
425155,18,110,947,1996.0,728830.0,115212.0,1.5604850000000001,1.30819,BEL,ISR,5514
425156,23,110,947,1996.0,0.0,11408.0,0.510789,1.749248,BGR,ISR,5514
425157,32,110,947,1996.0,0.0,874974.0,0.8087340000000001,1.370183,BRA,ISR,5514
425158,39,110,947,1996.0,0.0,56490.0,0.970932,1.111111,CAN,ISR,5514
425159,41,110,947,1996.0,3337241.0,2599871.0,2.344337,0.709607,CHE,ISR,5514
425160,42,110,947,1996.0,0.0,4487.0,-0.161334,-0.301695,CHL,ISR,5514
425161,43,110,947,1996.0,54456.0,0.0,0.383975,2.197461,CHN,ISR,5514
425162,58,110,947,1996.0,0.0,6933.0,0.11774200000000001,0.044968,CYP,ISR,5514
425163,61,110,947,1996.0,5904446.0,1597462.0,2.347101,-2.4792799999999997,DEU,ISR,5514
425164,64,110,947,1996.0,47364.0,5578.0,1.416927,1.401766,DNK,ISR,5514
425165,65,110,947,1996.0,0.0,30000.0,-0.370096,-0.371728,DOM,ISR,5514
425166,68,110,947,1996.0,0.0,10198.0,-0.405938,-0.209619,EGY,ISR,5514
425167,71,110,947,1996.0,46320.0,32820.0,1.157591,1.795643,ESP,ISR,5514
425168,74,110,947,1996.0,0.0,6955.0,2.007619,1.016303,FIN,ISR,5514
425169,77,110,947,1996.0,4386859.0,279647.0,1.571365,1.187529,FRA,ISR,5514
425170,81,110,947,1996.0,1438256.0,1868344.0,1.948148,0.882453,GBR,ISR,5514
425171,90,110,947,1996.0,0.0,36803.0,0.21841799999999997,1.081136,GRC,ISR,5514
425172,97,110,947,1996.0,0.0,614241.0,0.699041,1.8341720000000001,HKG,ISR,5514
425173,100,110,947,1996.0,0.0,32303.0,0.739223,1.3032030000000001,HRV,ISR,5514
425174,102,110,947,1996.0,0.0,1591.0,0.905526,1.887735,HUN,ISR,5514
425175,104,110,947,1996.0,0.0,98108.0,0.145769,1.983642,IND,ISR,5514
425176,106,110,947,1996.0,6077789.0,31317.0,1.476369,1.049152,IRL,ISR,5514
425177,111,110,947,1996.0,613059.0,271276.0,1.591442,0.875201,ITA,ISR,5514
425178,113,110,947,1996.0,0.0,11075.0,0.225125,-0.333293,JOR,ISR,5514
425179,114,110,947,1996.0,0.0,821959.0,2.858869,0.477455,JPN,ISR,5514
425180,115,110,947,1996.0,0.0,14607.0,0.455772,0.16361099999999998,KAZ,ISR,5514
425181,116,110,947,1996.0,0.0,279545.0,-0.470653,-0.119252,KEN,ISR,5514
425182,121,110,947,1996.0,0.0,77507.0,1.230793,1.0548959999999998,KOR,ISR,5514
425183,130,110,947,1996.0,0.0,20687.0,0.360994,1.092575,LTU,ISR,5514
425184,135,110,947,1996.0,0.0,9126.0,0.193705,0.10853,MDA,ISR,5514
425185,138,110,947,1996.0,0.0,593304.0,0.88569,1.044068,MEX,ISR,5514
425186,142,110,947,1996.0,2731.0,0.0,1.245592,0.446754,MLT,ISR,5514
425187,159,110,947,1996.0,0.0,15973.0,-1.9253069999999999,-1.247116,NGA,ISR,5514
425188,162,110,947,1996.0,3069316.0,2530906.0,1.331177,1.6320430000000001,NLD,ISR,5514
425189,163,110,947,1996.0,0.0,39639.0,0.8207270000000001,0.043619,NOR,ISR,5514
425190,174,110,947,1996.0,0.0,41686.0,0.0020329999999999997,0.40715,PHL,ISR,5514
425191,177,110,947,1996.0,0.0,11672.0,0.806283,1.92897,POL,ISR,5514
425192,179,110,947,1996.0,0.0,1713.0,0.49924799999999997,0.9969520000000001,PRT,ISR,5514
425193,185,110,947,1996.0,0.0,174056.0,0.612166,1.201016,ROU,ISR,5514
425194,186,110,947,1996.0,0.0,470791.0,0.505247,0.349848,RUS,ISR,5514
425195,189,110,947,1996.0,0.0,20054.0,0.699084,2.2900150000000004,SCG,ISR,5514
425196,192,110,947,1996.0,0.0,406840.0,1.288635,0.259061,SGP,ISR,5514
425197,207,110,947,1996.0,0.0,9270.0,1.352015,1.396593,SVN,ISR,5514
425198,208,110,947,1996.0,2663.0,148801.0,2.186414,0.848194,SWE,ISR,5514
425199,216,110,947,1996.0,0.0,46718.0,0.26155100000000003,1.146204,THA,ISR,5514
425200,224,110,947,1996.0,0.0,182129.0,0.07259700000000001,1.734291,TUR,ISR,5514
425201,228,110,947,1996.0,0.0,105674.0,0.7582479999999999,1.1207340000000001,UKR,ISR,5514
425202,231,110,947,1996.0,1427727.0,990142.0,1.742391,1.003066,USA,ISR,5514
425203,246,110,947,1996.0,1910.0,271987.0,0.277171,1.489549,ZAF,ISR,5514
425204,249,110,947,1996.0,1705.0,37069.0,1.7375779999999998,1.4625860000000002,TWN,ISR,5514
425205,250,110,947,1996.0,40927.0,40043.0,1.153784,0.831677,ANS,ISR,5514
425206,4,111,947,1996.0,0.0,124597.0,-0.42357399999999995,0.090179,ALB,ITA,5514
425207,7,111,947,1996.0,0.0,395678.0,-0.43356400000000006,-0.8715719999999999,ARE,ITA,5514
425208,8,111,947,1996.0,0.0,96445.0,0.007199,0.805707,ARG,ITA,5514
425209,9,111,947,1996.0,0.0,1046.0,1.0178040000000002,0.156363,ARM,ITA,5514
425210,14,111,947,1996.0,5884.0,291187.0,0.025253,0.6428189999999999,AUS,ITA,5514
425211,15,111,947,1996.0,73236.0,349586.0,2.012626,0.395525,AUT,ITA,5514
425212,16,111,947,1996.0,0.0,1436.0,0.11756099999999998,-0.29673099999999997,AZE,ITA,5514
425213,18,111,947,1996.0,9804597.0,920851.0,1.5604850000000001,1.30819,BEL,ITA,5514
425214,22,111,947,1996.0,0.0,10439.0,-0.751219,-0.9638329999999999,BGD,ITA,5514
425215,23,111,947,1996.0,0.0,64207.0,0.510789,1.749248,BGR,ITA,5514
425216,24,111,947,1996.0,0.0,5915.0,-0.359199,-0.9925,BHR,ITA,5514
425217,26,111,947,1996.0,0.0,24372.0,0.5718949999999999,0.991791,BIH,ITA,5514
425218,31,111,947,1996.0,0.0,9709.0,-0.5529930000000001,-0.600893,BOL,ITA,5514
425219,32,111,947,1996.0,59763.0,112613.0,0.8087340000000001,1.370183,BRA,ITA,5514
425220,34,111,947,1996.0,0.0,6249.0,-0.661198,-0.801408,BRN,ITA,5514
425221,39,111,947,1996.0,19411.0,360888.0,0.970932,1.111111,CAN,ITA,5514
425222,41,111,947,1996.0,44849296.0,1500268.0,2.344337,0.709607,CHE,ITA,5514
425223,42,111,947,1996.0,0.0,30570.0,-0.161334,-0.301695,CHL,ITA,5514
425224,43,111,947,1996.0,190401.0,184941.0,0.383975,2.197461,CHN,ITA,5514
425225,44,111,947,1996.0,0.0,1409.0,-0.890915,-0.8165399999999999,CIV,ITA,5514
425226,45,111,947,1996.0,0.0,10970.0,-1.172534,-1.099308,CMR,ITA,5514
425227,49,111,947,1996.0,0.0,56207.0,0.070101,0.08847999999999999,COL,ITA,5514
425228,52,111,947,1996.0,0.0,30168.0,-0.23773000000000002,0.101373,CRI,ITA,5514
425229,58,111,947,1996.0,0.0,73447.0,0.11774200000000001,0.044968,CYP,ITA,5514
425230,59,111,947,1996.0,20471.0,433944.0,1.412088,1.171914,CZE,ITA,5514
425231,61,111,947,1996.0,53309212.0,5781469.0,2.347101,-2.4792799999999997,DEU,ITA,5514
425232,64,111,947,1996.0,202991.0,30690.0,1.416927,1.401766,DNK,ITA,5514
425233,65,111,947,1996.0,0.0,76712.0,-0.370096,-0.371728,DOM,ITA,5514
425234,66,111,947,1996.0,0.0,235793.0,-0.478062,-1.107679,DZA,ITA,5514
425235,67,111,947,1996.0,0.0,647526.0,-1.128953,-0.960469,ECU,ITA,5514
425236,68,111,947,1996.0,1071.0,132699.0,-0.405938,-0.209619,EGY,ITA,5514
425237,69,111,947,1996.0,0.0,5523.0,-0.166048,-0.7037,ERI,ITA,5514
425238,71,111,947,1996.0,4937287.0,1428104.0,1.157591,1.795643,ESP,ITA,5514
425239,73,111,947,1996.0,0.0,148736.0,-1.072519,-1.169486,ETH,ITA,5514
425240,74,111,947,1996.0,0.0,28554.0,2.007619,1.016303,FIN,ITA,5514
425241,77,111,947,1996.0,55581968.0,6371022.0,1.571365,1.187529,FRA,ITA,5514
425242,81,111,947,1996.0,16625825.0,3644336.0,1.948148,0.882453,GBR,ITA,5514
425243,82,111,947,1996.0,0.0,3929.0,0.28868499999999997,0.115705,GEO,ITA,5514
425244,83,111,947,1996.0,0.0,235158.0,-1.037413,-1.019025,GHA,ITA,5514
425245,90,111,947,1996.0,19558.0,813350.0,0.21841799999999997,1.081136,GRC,ITA,5514
425246,93,111,947,1996.0,0.0,7191.0,-0.28699,0.308033,GTM,ITA,5514
425247,97,111,947,1996.0,7600.0,88303.0,0.699041,1.8341720000000001,HKG,ITA,5514
425248,99,111,947,1996.0,0.0,1592.0,-0.57404,-0.594276,HND,ITA,5514
425249,100,111,947,1996.0,0.0,975697.0,0.739223,1.3032030000000001,HRV,ITA,5514
425250,102,111,947,1996.0,0.0,355039.0,0.905526,1.887735,HUN,ITA,5514
425251,103,111,947,1996.0,41041.0,772870.0,-0.25952,1.343972,IDN,ITA,5514
425252,104,111,947,1996.0,6315.0,55512.0,0.145769,1.983642,IND,ITA,5514
425253,106,111,947,1996.0,10282966.0,1002363.0,1.476369,1.049152,IRL,ITA,5514
425254,107,111,947,1996.0,0.0,47686.0,-1.0058129999999998,-1.215661,IRN,ITA,5514
425255,109,111,947,1996.0,0.0,5504.0,0.10151,-0.44307799999999997,ISL,ITA,5514
425256,110,111,947,1996.0,271276.0,613059.0,1.159922,1.025777,ISR,ITA,5514
425257,112,111,947,1996.0,0.0,10807.0,-0.64364,-0.8296379999999999,JAM,ITA,5514
425258,113,111,947,1996.0,0.0,1680.0,0.225125,-0.333293,JOR,ITA,5514
425259,114,111,947,1996.0,62657.0,545614.0,2.858869,0.477455,JPN,ITA,5514
425260,115,111,947,1996.0,0.0,86755.0,0.455772,0.16361099999999998,KAZ,ITA,5514
425261,121,111,947,1996.0,0.0,77149.0,1.230793,1.0548959999999998,KOR,ITA,5514
425262,124,111,947,1996.0,0.0,2480.0,-0.09233999999999999,0.127816,LBN,ITA,5514
425263,126,111,947,1996.0,0.0,1649673.0,-0.482066,-1.163722,LBY,ITA,5514
425264,130,111,947,1996.0,0.0,1562.0,0.360994,1.092575,LTU,ITA,5514
425265,132,111,947,1996.0,0.0,3535.0,0.255258,0.42505299999999996,LVA,ITA,5514
425266,134,111,947,1996.0,0.0,22078.0,-0.56512,-0.31006999999999996,MAR,ITA,5514
425267,135,111,947,1996.0,0.0,105711.0,0.193705,0.10853,MDA,ITA,5514
425268,138,111,947,1996.0,1071.0,13783.0,0.88569,1.044068,MEX,ITA,5514
425269,140,111,947,1996.0,0.0,418827.0,0.36478,0.760475,MKD,ITA,5514
425270,142,111,947,1996.0,1424.0,560698.0,1.245592,0.446754,MLT,ITA,5514
425271,151,111,947,1996.0,0.0,7016.0,-0.578699,-0.831889,MUS,ITA,5514
425272,153,111,947,1996.0,0.0,42613.0,0.5493640000000001,0.248484,MYS,ITA,5514
425273,159,111,947,1996.0,0.0,45812.0,-1.9253069999999999,-1.247116,NGA,ITA,5514
425274,160,111,947,1996.0,0.0,1486.0,-0.810879,-0.64475,NIC,ITA,5514
425275,162,111,947,1996.0,20112030.0,1467581.0,1.331177,1.6320430000000001,NLD,ITA,5514
425276,163,111,947,1996.0,8705.0,8501.0,0.8207270000000001,0.043619,NOR,ITA,5514
425277,166,111,947,1996.0,0.0,21733.0,0.404233,0.6724640000000001,NZL,ITA,5514
425278,167,111,947,1996.0,0.0,519539.0,-0.227075,-0.9778399999999999,OMN,ITA,5514
425279,168,111,947,1996.0,0.0,33496.0,-0.759362,-0.541712,PAK,ITA,5514
425280,169,111,947,1996.0,0.0,142109.0,-0.03243,-0.326329,PAN,ITA,5514
425281,173,111,947,1996.0,0.0,12537.0,-0.374308,-0.36733499999999997,PER,ITA,5514
425282,174,111,947,1996.0,0.0,6493.0,0.0020329999999999997,0.40715,PHL,ITA,5514
425283,177,111,947,1996.0,1060600.0,1239712.0,0.806283,1.92897,POL,ITA,5514
425284,179,111,947,1996.0,9430.0,367424.0,0.49924799999999997,0.9969520000000001,PRT,ITA,5514
425285,180,111,947,1996.0,0.0,3484.0,-0.667054,-0.648122,PRY,ITA,5514
425286,182,111,947,1996.0,0.0,12641.0,0.9221219999999999,-0.317411,PYF,ITA,5514
425287,183,111,947,1996.0,0.0,3617.0,-0.511976,-1.148631,QAT,ITA,5514
425288,185,111,947,1996.0,0.0,3696297.0,0.612166,1.201016,ROU,ITA,5514
425289,186,111,947,1996.0,0.0,217878.0,0.505247,0.349848,RUS,ITA,5514
425290,188,111,947,1996.0,0.0,40784.0,-0.200762,-1.0419610000000001,SAU,ITA,5514
425291,189,111,947,1996.0,0.0,98387.0,0.699084,2.2900150000000004,SCG,ITA,5514
425292,190,111,947,1996.0,0.0,39347.0,-1.342853,-1.183092,SDN,ITA,5514
425293,191,111,947,1996.0,0.0,6044.0,-0.715409,-0.8895850000000001,SEN,ITA,5514
425294,192,111,947,1996.0,0.0,108369.0,1.288635,0.259061,SGP,ITA,5514
425295,197,111,947,1996.0,0.0,31831.0,-0.228625,-0.150274,SLV,ITA,5514
425296,206,111,947,1996.0,0.0,44515.0,1.1978739999999999,1.426243,SVK,ITA,5514
425297,207,111,947,1996.0,5317.0,248990.0,1.352015,1.396593,SVN,ITA,5514
425298,208,111,947,1996.0,310714.0,86773.0,2.186414,0.848194,SWE,ITA,5514
425299,211,111,947,1996.0,0.0,27858.0,-0.03785,-0.572653,SYC,ITA,5514
425300,212,111,947,1996.0,0.0,178198.0,-1.096481,-1.0157260000000001,SYR,ITA,5514
425301,216,111,947,1996.0,2458.0,88525.0,0.26155100000000003,1.146204,THA,ITA,5514
425302,223,111,947,1996.0,0.0,219080.0,-0.250917,-0.057383,TUN,ITA,5514
425303,224,111,947,1996.0,0.0,709022.0,0.07259700000000001,1.734291,TUR,ITA,5514
425304,226,111,947,1996.0,0.0,1497.0,-1.186121,-0.6688390000000001,TZA,ITA,5514
425305,228,111,947,1996.0,0.0,536316.0,0.7582479999999999,1.1207340000000001,UKR,ITA,5514
425306,231,111,947,1996.0,2910774.0,1987710.0,1.742391,1.003066,USA,ITA,5514
425307,236,111,947,1996.0,0.0,67194.0,-0.039967,-0.828263,VEN,ITA,5514
425308,239,111,947,1996.0,0.0,5165.0,-0.8099569999999999,-0.032258999999999996,VNM,ITA,5514
425309,240,111,947,1996.0,0.0,13490.0,-0.78354,-0.903761,VUT,ITA,5514
425310,246,111,947,1996.0,0.0,135884.0,0.277171,1.489549,ZAF,ITA,5514
425311,248,111,947,1996.0,0.0,5731.0,-0.46458999999999995,-0.273683,ZWE,ITA,5514
425312,249,111,947,1996.0,28045.0,497411.0,1.7375779999999998,1.4625860000000002,TWN,ITA,5514
425313,250,111,947,1996.0,336097.0,34038.0,1.153784,0.831677,ANS,ITA,5514
425314,8,121,947,1996.0,3327.0,0.0,0.007199,0.805707,ARG,KOR,5514
425315,14,121,947,1996.0,159513.0,1325.0,0.025253,0.6428189999999999,AUS,KOR,5514
425316,15,121,947,1996.0,126272.0,3156.0,2.012626,0.395525,AUT,KOR,5514
425317,39,121,947,1996.0,33993.0,0.0,0.970932,1.111111,CAN,KOR,5514
425318,41,121,947,1996.0,3334754.0,1921.0,2.344337,0.709607,CHE,KOR,5514
425319,43,121,947,1996.0,740498.0,198320.0,0.383975,2.197461,CHN,KOR,5514
425320,61,121,947,1996.0,10968412.0,9269.0,2.347101,-2.4792799999999997,DEU,KOR,5514
425321,64,121,947,1996.0,116154.0,0.0,1.416927,1.401766,DNK,KOR,5514
425322,71,121,947,1996.0,482485.0,0.0,1.157591,1.795643,ESP,KOR,5514
425323,77,121,947,1996.0,4496125.0,2410.0,1.571365,1.187529,FRA,KOR,5514
425324,81,121,947,1996.0,2979071.0,2092.0,1.948148,0.882453,GBR,KOR,5514
425325,97,121,947,1996.0,2781542.0,26748.0,0.699041,1.8341720000000001,HKG,KOR,5514
425326,102,121,947,1996.0,0.0,46823.0,0.905526,1.887735,HUN,KOR,5514
425327,103,121,947,1996.0,2919.0,1466.0,-0.25952,1.343972,IDN,KOR,5514
425328,104,121,947,1996.0,36979.0,93515.0,0.145769,1.983642,IND,KOR,5514
425329,106,121,947,1996.0,396886.0,0.0,1.476369,1.049152,IRL,KOR,5514
425330,110,121,947,1996.0,77507.0,0.0,1.159922,1.025777,ISR,KOR,5514
425331,111,121,947,1996.0,77149.0,0.0,1.591442,0.875201,ITA,KOR,5514
425332,114,121,947,1996.0,68846104.0,82784.0,2.858869,0.477455,JPN,KOR,5514
425333,138,121,947,1996.0,6673.0,0.0,0.88569,1.044068,MEX,KOR,5514
425334,143,121,947,1996.0,0.0,3654.0,-1.3258219999999998,-1.068414,MMR,KOR,5514
425335,153,121,947,1996.0,5746.0,29440.0,0.5493640000000001,0.248484,MYS,KOR,5514
425336,162,121,947,1996.0,1476313.0,2097.0,1.331177,1.6320430000000001,NLD,KOR,5514
425337,166,121,947,1996.0,122217.0,1668.0,0.404233,0.6724640000000001,NZL,KOR,5514
425338,174,121,947,1996.0,0.0,19285.0,0.0020329999999999997,0.40715,PHL,KOR,5514
425339,186,121,947,1996.0,0.0,50243.0,0.505247,0.349848,RUS,KOR,5514
425340,192,121,947,1996.0,7108168.0,9968.0,1.288635,0.259061,SGP,KOR,5514
425341,208,121,947,1996.0,180571.0,0.0,2.186414,0.848194,SWE,KOR,5514
425342,216,121,947,1996.0,0.0,181801.0,0.26155100000000003,1.146204,THA,KOR,5514
425343,231,121,947,1996.0,5706709.0,26752.0,1.742391,1.003066,USA,KOR,5514
425344,239,121,947,1996.0,0.0,5470.0,-0.8099569999999999,-0.032258999999999996,VNM,KOR,5514
425345,246,121,947,1996.0,16505.0,3282.0,0.277171,1.489549,ZAF,KOR,5514
425346,249,121,947,1996.0,3427.0,40842.0,1.7375779999999998,1.4625860000000002,TWN,KOR,5514
425347,8,138,947,1996.0,43228.0,610481.0,0.007199,0.805707,ARG,MEX,5514
425348,14,138,947,1996.0,1849.0,15367.0,0.025253,0.6428189999999999,AUS,MEX,5514
425349,18,138,947,1996.0,0.0,2995.0,1.5604850000000001,1.30819,BEL,MEX,5514
425350,31,138,947,1996.0,0.0,11081.0,-0.5529930000000001,-0.600893,BOL,MEX,5514
425351,32,138,947,1996.0,92083.0,237199.0,0.8087340000000001,1.370183,BRA,MEX,5514
425352,39,138,947,1996.0,10500.0,32506.0,0.970932,1.111111,CAN,MEX,5514
425353,41,138,947,1996.0,12564828.0,55518.0,2.344337,0.709607,CHE,MEX,5514
425354,42,138,947,1996.0,19218.0,539809.0,-0.161334,-0.301695,CHL,MEX,5514
425355,49,138,947,1996.0,3111.0,3017674.0,0.070101,0.08847999999999999,COL,MEX,5514
425356,52,138,947,1996.0,2328.0,434968.0,-0.23773000000000002,0.101373,CRI,MEX,5514
425357,54,138,947,1996.0,0.0,9818.0,-0.7669229999999999,-1.140361,CUB,MEX,5514
425358,61,138,947,1996.0,1088332.0,23161.0,2.347101,-2.4792799999999997,DEU,MEX,5514
425359,65,138,947,1996.0,0.0,416376.0,-0.370096,-0.371728,DOM,MEX,5514
425360,67,138,947,1996.0,21655.0,72282.0,-1.128953,-0.960469,ECU,MEX,5514
425361,68,138,947,1996.0,0.0,14498.0,-0.405938,-0.209619,EGY,MEX,5514
425362,71,138,947,1996.0,1628080.0,18148.0,1.157591,1.795643,ESP,MEX,5514
425363,77,138,947,1996.0,2438153.0,1902.0,1.571365,1.187529,FRA,MEX,5514
425364,81,138,947,1996.0,393347.0,26098.0,1.948148,0.882453,GBR,MEX,5514
425365,93,138,947,1996.0,21504.0,1035332.0,-0.28699,0.308033,GTM,MEX,5514
425366,97,138,947,1996.0,0.0,139442.0,0.699041,1.8341720000000001,HKG,MEX,5514
425367,99,138,947,1996.0,0.0,1451006.0,-0.57404,-0.594276,HND,MEX,5514
425368,101,138,947,1996.0,0.0,7366.0,-0.7161029999999999,-0.737263,HTI,MEX,5514
425369,103,138,947,1996.0,15183.0,15680.0,-0.25952,1.343972,IDN,MEX,5514
425370,104,138,947,1996.0,283863.0,0.0,0.145769,1.983642,IND,MEX,5514
425371,106,138,947,1996.0,16596.0,11723.0,1.476369,1.049152,IRL,MEX,5514
425372,110,138,947,1996.0,593304.0,0.0,1.159922,1.025777,ISR,MEX,5514
425373,111,138,947,1996.0,13783.0,1071.0,1.591442,0.875201,ITA,MEX,5514
425374,112,138,947,1996.0,1782.0,0.0,-0.64364,-0.8296379999999999,JAM,MEX,5514
425375,114,138,947,1996.0,496456.0,245365.0,2.858869,0.477455,JPN,MEX,5514
425376,121,138,947,1996.0,0.0,6673.0,1.230793,1.0548959999999998,KOR,MEX,5514
425377,160,138,947,1996.0,0.0,161949.0,-0.810879,-0.64475,NIC,MEX,5514
425378,162,138,947,1996.0,425860.0,1893.0,1.331177,1.6320430000000001,NLD,MEX,5514
425379,163,138,947,1996.0,4853.0,0.0,0.8207270000000001,0.043619,NOR,MEX,5514
425380,166,138,947,1996.0,0.0,1858.0,0.404233,0.6724640000000001,NZL,MEX,5514
425381,169,138,947,1996.0,0.0,353970.0,-0.03243,-0.326329,PAN,MEX,5514
425382,173,138,947,1996.0,3681.0,1482160.0,-0.374308,-0.36733499999999997,PER,MEX,5514
425383,174,138,947,1996.0,0.0,89463.0,0.0020329999999999997,0.40715,PHL,MEX,5514
425384,180,138,947,1996.0,5764.0,0.0,-0.667054,-0.648122,PRY,MEX,5514
425385,188,138,947,1996.0,0.0,117693.0,-0.200762,-1.0419610000000001,SAU,MEX,5514
425386,192,138,947,1996.0,1068.0,34435.0,1.288635,0.259061,SGP,MEX,5514
425387,197,138,947,1996.0,4597.0,1733837.0,-0.228625,-0.150274,SLV,MEX,5514
425388,230,138,947,1996.0,3161.0,15505.0,0.182427,0.689738,URY,MEX,5514
425389,231,138,947,1996.0,22350324.0,3548048.0,1.742391,1.003066,USA,MEX,5514
425390,236,138,947,1996.0,0.0,2952898.0,-0.039967,-0.828263,VEN,MEX,5514
425391,246,138,947,1996.0,0.0,1523.0,0.277171,1.489549,ZAF,MEX,5514
425392,250,138,947,1996.0,40279.0,0.0,1.153784,0.831677,ANS,MEX,5514
425393,14,153,947,1996.0,997346.0,0.0,0.025253,0.6428189999999999,AUS,MYS,5514
425394,15,153,947,1996.0,8884.0,2326.0,2.012626,0.395525,AUT,MYS,5514
425395,18,153,947,1996.0,289549.0,0.0,1.5604850000000001,1.30819,BEL,MYS,5514
425396,32,153,947,1996.0,42469.0,0.0,0.8087340000000001,1.370183,BRA,MYS,5514
425397,34,153,947,1996.0,0.0,47717.0,-0.661198,-0.801408,BRN,MYS,5514
425398,39,153,947,1996.0,11094.0,0.0,0.970932,1.111111,CAN,MYS,5514
425399,41,153,947,1996.0,263677.0,0.0,2.344337,0.709607,CHE,MYS,5514
425400,43,153,947,1996.0,751901.0,153263.0,0.383975,2.197461,CHN,MYS,5514
425401,61,153,947,1996.0,1479847.0,0.0,2.347101,-2.4792799999999997,DEU,MYS,5514
425402,64,153,947,1996.0,198333.0,15599.0,1.416927,1.401766,DNK,MYS,5514
425403,71,153,947,1996.0,1964851.0,0.0,1.157591,1.795643,ESP,MYS,5514
425404,75,153,947,1996.0,0.0,56463.0,-0.801999,-0.9148850000000001,FJI,MYS,5514
425405,77,153,947,1996.0,676494.0,54307.0,1.571365,1.187529,FRA,MYS,5514
425406,81,153,947,1996.0,2484265.0,8134.0,1.948148,0.882453,GBR,MYS,5514
425407,97,153,947,1996.0,5281210.0,344628.0,0.699041,1.8341720000000001,HKG,MYS,5514
425408,103,153,947,1996.0,1090963.0,316350.0,-0.25952,1.343972,IDN,MYS,5514
425409,104,153,947,1996.0,73095.0,4826.0,0.145769,1.983642,IND,MYS,5514
425410,106,153,947,1996.0,2663258.0,0.0,1.476369,1.049152,IRL,MYS,5514
425411,111,153,947,1996.0,42613.0,0.0,1.591442,0.875201,ITA,MYS,5514
425412,114,153,947,1996.0,3505503.0,104523.0,2.858869,0.477455,JPN,MYS,5514
425413,118,153,947,1996.0,0.0,47031.0,-0.9007299999999999,-0.9713620000000001,KHM,MYS,5514
425414,121,153,947,1996.0,29440.0,5746.0,1.230793,1.0548959999999998,KOR,MYS,5514
425415,128,153,947,1996.0,14377.0,19132.0,-0.71165,-0.320193,LKA,MYS,5514
425416,134,153,947,1996.0,0.0,4007.0,-0.56512,-0.31006999999999996,MAR,MYS,5514
425417,136,153,947,1996.0,0.0,23205.0,-0.971575,-0.656497,MDG,MYS,5514
425418,143,153,947,1996.0,0.0,2180.0,-1.3258219999999998,-1.068414,MMR,MYS,5514
425419,162,153,947,1996.0,1347572.0,0.0,1.331177,1.6320430000000001,NLD,MYS,5514
425420,166,153,947,1996.0,11075.0,0.0,0.404233,0.6724640000000001,NZL,MYS,5514
425421,167,153,947,1996.0,0.0,258592.0,-0.227075,-0.9778399999999999,OMN,MYS,5514
425422,168,153,947,1996.0,6126.0,2737.0,-0.759362,-0.541712,PAK,MYS,5514
425423,174,153,947,1996.0,189858.0,44575.0,0.0020329999999999997,0.40715,PHL,MYS,5514
425424,188,153,947,1996.0,0.0,19862.0,-0.200762,-1.0419610000000001,SAU,MYS,5514
425425,192,153,947,1996.0,20410430.0,776003.0,1.288635,0.259061,SGP,MYS,5514
425426,208,153,947,1996.0,3063.0,0.0,2.186414,0.848194,SWE,MYS,5514
425427,216,153,947,1996.0,64580.0,104163.0,0.26155100000000003,1.146204,THA,MYS,5514
425428,231,153,947,1996.0,5404318.0,19018.0,1.742391,1.003066,USA,MYS,5514
425429,239,153,947,1996.0,6747.0,68777.0,-0.8099569999999999,-0.032258999999999996,VNM,MYS,5514
425430,246,153,947,1996.0,0.0,13109.0,0.277171,1.489549,ZAF,MYS,5514
425431,249,153,947,1996.0,150442.0,264889.0,1.7375779999999998,1.4625860000000002,TWN,MYS,5514
425432,0,162,947,1996.0,0.0,3785.0,-0.493634,-0.719576,ABW,NLD,5514
425433,2,162,947,1996.0,0.0,141794.0,-2.314454,-1.236453,AGO,NLD,5514
425434,6,162,947,1996.0,5566.0,83595.0,-0.2426,-0.701334,ANT,NLD,5514
425435,7,162,947,1996.0,0.0,469698.0,-0.43356400000000006,-0.8715719999999999,ARE,NLD,5514
425436,8,162,947,1996.0,0.0,296749.0,0.007199,0.805707,ARG,NLD,5514
425437,14,162,947,1996.0,59135.0,1050734.0,0.025253,0.6428189999999999,AUS,NLD,5514
425438,15,162,947,1996.0,107498.0,1096606.0,2.012626,0.395525,AUT,NLD,5514
425439,17,162,947,1996.0,0.0,42301.0,-1.037716,-0.9776,BDI,NLD,5514
425440,18,162,947,1996.0,7641007.0,14571035.0,1.5604850000000001,1.30819,BEL,NLD,5514
425441,19,162,947,1996.0,0.0,234954.0,-1.023515,-0.9004909999999999,BEN,NLD,5514
425442,22,162,947,1996.0,0.0,223320.0,-0.751219,-0.9638329999999999,BGD,NLD,5514
425443,23,162,947,1996.0,21371.0,980824.0,0.510789,1.749248,BGR,NLD,5514
425444,24,162,947,1996.0,0.0,2935.0,-0.359199,-0.9925,BHR,NLD,5514
425445,25,162,947,1996.0,0.0,2098.0,0.301719,-0.44059899999999996,BHS,NLD,5514
425446,28,162,947,1996.0,0.0,32842.0,0.785274,1.0126899999999999,BLR,NLD,5514
425447,32,162,947,1996.0,138448.0,418000.0,0.8087340000000001,1.370183,BRA,NLD,5514
425448,33,162,947,1996.0,0.0,3296.0,0.599391,0.065208,BRB,NLD,5514
425449,39,162,947,1996.0,36542.0,412373.0,0.970932,1.111111,CAN,NLD,5514
425450,41,162,947,1996.0,11633362.0,5059986.0,2.344337,0.709607,CHE,NLD,5514
425451,42,162,947,1996.0,0.0,669295.0,-0.161334,-0.301695,CHL,NLD,5514
425452,43,162,947,1996.0,779999.0,123989.0,0.383975,2.197461,CHN,NLD,5514
425453,44,162,947,1996.0,1872.0,886150.0,-0.890915,-0.8165399999999999,CIV,NLD,5514
425454,45,162,947,1996.0,0.0,772995.0,-1.172534,-1.099308,CMR,NLD,5514
425455,46,162,947,1996.0,0.0,53955.0,-1.288889,-1.129638,COD,NLD,5514
425456,47,162,947,1996.0,0.0,17274.0,-1.2520950000000002,-1.1901899999999999,COG,NLD,5514
425457,49,162,947,1996.0,0.0,192889.0,0.070101,0.08847999999999999,COL,NLD,5514
425458,52,162,947,1996.0,1935.0,3677.0,-0.23773000000000002,0.101373,CRI,NLD,5514
425459,58,162,947,1996.0,23368.0,224858.0,0.11774200000000001,0.044968,CYP,NLD,5514
425460,59,162,947,1996.0,39970.0,2585337.0,1.412088,1.171914,CZE,NLD,5514
425461,61,162,947,1996.0,32703434.0,45637912.0,2.347101,-2.4792799999999997,DEU,NLD,5514
425462,64,162,947,1996.0,938031.0,4928628.0,1.416927,1.401766,DNK,NLD,5514
425463,65,162,947,1996.0,0.0,1570.0,-0.370096,-0.371728,DOM,NLD,5514
425464,66,162,947,1996.0,0.0,29533.0,-0.478062,-1.107679,DZA,NLD,5514
425465,67,162,947,1996.0,90298.0,5851.0,-1.128953,-0.960469,ECU,NLD,5514
425466,68,162,947,1996.0,1646.0,1151404.0,-0.405938,-0.209619,EGY,NLD,5514
425467,71,162,947,1996.0,676682.0,19409782.0,1.157591,1.795643,ESP,NLD,5514
425468,72,162,947,1996.0,0.0,92843.0,0.445854,1.115429,EST,NLD,5514
425469,73,162,947,1996.0,0.0,32012.0,-1.072519,-1.169486,ETH,NLD,5514
425470,74,162,947,1996.0,0.0,3625567.0,2.007619,1.016303,FIN,NLD,5514
425471,77,162,947,1996.0,20353740.0,42395744.0,1.571365,1.187529,FRA,NLD,5514
425472,78,162,947,1996.0,0.0,2020.0,-0.644187,-0.795554,FRO,NLD,5514
425473,80,162,947,1996.0,0.0,27134.0,-2.043879,-1.244397,GAB,NLD,5514
425474,81,162,947,1996.0,32815634.0,19021904.0,1.948148,0.882453,GBR,NLD,5514
425475,83,162,947,1996.0,0.0,324488.0,-1.037413,-1.019025,GHA,NLD,5514
425476,87,162,947,1996.0,0.0,3184.0,-0.8948459999999999,-0.837851,GMB,NLD,5514
425477,90,162,947,1996.0,5595.0,6808285.0,0.21841799999999997,1.081136,GRC,NLD,5514
425478,93,162,947,1996.0,0.0,22738.0,-0.28699,0.308033,GTM,NLD,5514
425479,96,162,947,1996.0,0.0,7843.0,-0.618346,-0.7723760000000001,GUY,NLD,5514
425480,97,162,947,1996.0,381622.0,1462040.0,0.699041,1.8341720000000001,HKG,NLD,5514
425481,99,162,947,1996.0,4507.0,0.0,-0.57404,-0.594276,HND,NLD,5514
425482,100,162,947,1996.0,0.0,507633.0,0.739223,1.3032030000000001,HRV,NLD,5514
425483,102,162,947,1996.0,9333.0,3266427.0,0.905526,1.887735,HUN,NLD,5514
425484,103,162,947,1996.0,50521.0,9446114.0,-0.25952,1.343972,IDN,NLD,5514
425485,104,162,947,1996.0,16156.0,1851232.0,0.145769,1.983642,IND,NLD,5514
425486,106,162,947,1996.0,21535930.0,7456606.0,1.476369,1.049152,IRL,NLD,5514
425487,107,162,947,1996.0,0.0,589544.0,-1.0058129999999998,-1.215661,IRN,NLD,5514
425488,109,162,947,1996.0,0.0,17864.0,0.10151,-0.44307799999999997,ISL,NLD,5514
425489,110,162,947,1996.0,2530906.0,3069316.0,1.159922,1.025777,ISR,NLD,5514
425490,111,162,947,1996.0,1467581.0,20112030.0,1.591442,0.875201,ITA,NLD,5514
425491,113,162,947,1996.0,0.0,500377.0,0.225125,-0.333293,JOR,NLD,5514
425492,114,162,947,1996.0,639898.0,6480862.0,2.858869,0.477455,JPN,NLD,5514
425493,116,162,947,1996.0,0.0,327318.0,-0.470653,-0.119252,KEN,NLD,5514
425494,121,162,947,1996.0,2097.0,1476313.0,1.230793,1.0548959999999998,KOR,NLD,5514
425495,122,162,947,1996.0,0.0,52867.0,-0.412797,-1.1335899999999999,KWT,NLD,5514
425496,124,162,947,1996.0,0.0,531420.0,-0.09233999999999999,0.127816,LBN,NLD,5514
425497,125,162,947,1996.0,0.0,3886.0,-1.2208629999999998,-1.1693440000000002,LBR,NLD,5514
425498,128,162,947,1996.0,0.0,550010.0,-0.71165,-0.320193,LKA,NLD,5514
425499,130,162,947,1996.0,0.0,5157.0,0.360994,1.092575,LTU,NLD,5514
425500,132,162,947,1996.0,0.0,7690.0,0.255258,0.42505299999999996,LVA,NLD,5514
425501,134,162,947,1996.0,0.0,238186.0,-0.56512,-0.31006999999999996,MAR,NLD,5514
425502,135,162,947,1996.0,0.0,2136.0,0.193705,0.10853,MDA,NLD,5514
425503,136,162,947,1996.0,0.0,53149.0,-0.971575,-0.656497,MDG,NLD,5514
425504,138,162,947,1996.0,1893.0,425860.0,0.88569,1.044068,MEX,NLD,5514
425505,140,162,947,1996.0,0.0,394117.0,0.36478,0.760475,MKD,NLD,5514
425506,141,162,947,1996.0,0.0,19410.0,-0.8623040000000001,-0.991231,MLI,NLD,5514
425507,142,162,947,1996.0,161645.0,21341.0,1.245592,0.446754,MLT,NLD,5514
425508,143,162,947,1996.0,0.0,64020.0,-1.3258219999999998,-1.068414,MMR,NLD,5514
425509,151,162,947,1996.0,0.0,8741.0,-0.578699,-0.831889,MUS,NLD,5514
425510,152,162,947,1996.0,0.0,52202.0,-1.203751,-1.003757,MWI,NLD,5514
425511,153,162,947,1996.0,0.0,1347572.0,0.5493640000000001,0.248484,MYS,NLD,5514
425512,156,162,947,1996.0,0.0,293737.0,-0.994661,-0.827312,NCL,NLD,5514
425513,159,162,947,1996.0,0.0,1318499.0,-1.9253069999999999,-1.247116,NGA,NLD,5514
425514,163,162,947,1996.0,8397.0,1873997.0,0.8207270000000001,0.043619,NOR,NLD,5514
425515,164,162,947,1996.0,0.0,30917.0,-0.570144,-0.63484,NPL,NLD,5514
425516,166,162,947,1996.0,0.0,62573.0,0.404233,0.6724640000000001,NZL,NLD,5514
425517,167,162,947,1996.0,0.0,574255.0,-0.227075,-0.9778399999999999,OMN,NLD,5514
425518,168,162,947,1996.0,318252.0,3951271.0,-0.759362,-0.541712,PAK,NLD,5514
425519,169,162,947,1996.0,40390.0,8152.0,-0.03243,-0.326329,PAN,NLD,5514
425520,173,162,947,1996.0,0.0,49624.0,-0.374308,-0.36733499999999997,PER,NLD,5514
425521,174,162,947,1996.0,0.0,2076888.0,0.0020329999999999997,0.40715,PHL,NLD,5514
425522,177,162,947,1996.0,92049.0,5144290.0,0.806283,1.92897,POL,NLD,5514
425523,178,162,947,1996.0,0.0,1566881.0,0.778948,1.1338979999999999,PRK,NLD,5514
425524,179,162,947,1996.0,0.0,6192507.0,0.49924799999999997,0.9969520000000001,PRT,NLD,5514
425525,182,162,947,1996.0,0.0,17356.0,0.9221219999999999,-0.317411,PYF,NLD,5514
425526,183,162,947,1996.0,0.0,9802.0,-0.511976,-1.148631,QAT,NLD,5514
425527,185,162,947,1996.0,0.0,1113396.0,0.612166,1.201016,ROU,NLD,5514
425528,186,162,947,1996.0,0.0,4033348.0,0.505247,0.349848,RUS,NLD,5514
425529,188,162,947,1996.0,13925.0,3379037.0,-0.200762,-1.0419610000000001,SAU,NLD,5514
425530,189,162,947,1996.0,0.0,168567.0,0.699084,2.2900150000000004,SCG,NLD,5514
425531,190,162,947,1996.0,0.0,22410.0,-1.342853,-1.183092,SDN,NLD,5514
425532,191,162,947,1996.0,0.0,263525.0,-0.715409,-0.8895850000000001,SEN,NLD,5514
425533,192,162,947,1996.0,1063.0,996673.0,1.288635,0.259061,SGP,NLD,5514
425534,196,162,947,1996.0,0.0,25148.0,-0.0266,-0.390162,SLE,NLD,5514
425535,197,162,947,1996.0,0.0,17318.0,-0.228625,-0.150274,SLV,NLD,5514
425536,205,162,947,1996.0,0.0,12107.0,-1.062804,-0.893763,SUR,NLD,5514
425537,206,162,947,1996.0,68028.0,342932.0,1.1978739999999999,1.426243,SVK,NLD,5514
425538,207,162,947,1996.0,16994.0,294960.0,1.352015,1.396593,SVN,NLD,5514
425539,208,162,947,1996.0,426927.0,5474093.0,2.186414,0.848194,SWE,NLD,5514
425540,212,162,947,1996.0,0.0,742303.0,-1.096481,-1.0157260000000001,SYR,NLD,5514
425541,215,162,947,1996.0,0.0,160968.0,-0.879626,-0.748842,TGO,NLD,5514
425542,216,162,947,1996.0,127351.0,756728.0,0.26155100000000003,1.146204,THA,NLD,5514
425543,222,162,947,1996.0,8748.0,11242.0,-0.002541,-0.543624,TTO,NLD,5514
425544,223,162,947,1996.0,0.0,141702.0,-0.250917,-0.057383,TUN,NLD,5514
425545,224,162,947,1996.0,113710.0,10321855.0,0.07259700000000001,1.734291,TUR,NLD,5514
425546,226,162,947,1996.0,0.0,22937.0,-1.186121,-0.6688390000000001,TZA,NLD,5514
425547,227,162,947,1996.0,0.0,93331.0,-1.105896,-0.910169,UGA,NLD,5514
425548,228,162,947,1996.0,7300.0,241443.0,0.7582479999999999,1.1207340000000001,UKR,NLD,5514
425549,230,162,947,1996.0,0.0,39343.0,0.182427,0.689738,URY,NLD,5514
425550,231,162,947,1996.0,16173726.0,4790702.0,1.742391,1.003066,USA,NLD,5514
425551,232,162,947,1996.0,0.0,129361.0,-0.139651,-0.670652,UZB,NLD,5514
425552,236,162,947,1996.0,0.0,381036.0,-0.039967,-0.828263,VEN,NLD,5514
425553,239,162,947,1996.0,0.0,233852.0,-0.8099569999999999,-0.032258999999999996,VNM,NLD,5514
425554,243,162,947,1996.0,0.0,157015.0,-1.395,-1.26641,YEM,NLD,5514
425555,246,162,947,1996.0,11297.0,4140968.0,0.277171,1.489549,ZAF,NLD,5514
425556,247,162,947,1996.0,0.0,24906.0,-0.58634,-0.796772,ZMB,NLD,5514
425557,248,162,947,1996.0,0.0,956491.0,-0.46458999999999995,-0.273683,ZWE,NLD,5514
425558,249,162,947,1996.0,0.0,1033100.0,1.7375779999999998,1.4625860000000002,TWN,NLD,5514
425559,250,162,947,1996.0,0.0,1215.0,1.153784,0.831677,ANS,NLD,5514
425560,8,163,947,1996.0,0.0,18069.0,0.007199,0.805707,ARG,NOR,5514
425561,14,163,947,1996.0,2150.0,0.0,0.025253,0.6428189999999999,AUS,NOR,5514
425562,15,163,947,1996.0,61537.0,0.0,2.012626,0.395525,AUT,NOR,5514
425563,18,163,947,1996.0,43775.0,1275.0,1.5604850000000001,1.30819,BEL,NOR,5514
425564,32,163,947,1996.0,26419.0,0.0,0.8087340000000001,1.370183,BRA,NOR,5514
425565,39,163,947,1996.0,0.0,8088.0,0.970932,1.111111,CAN,NOR,5514
425566,41,163,947,1996.0,938543.0,36167.0,2.344337,0.709607,CHE,NOR,5514
425567,59,163,947,1996.0,0.0,9229.0,1.412088,1.171914,CZE,NOR,5514
425568,61,163,947,1996.0,2260238.0,147512.0,2.347101,-2.4792799999999997,DEU,NOR,5514
425569,64,163,947,1996.0,931089.0,449731.0,1.416927,1.401766,DNK,NOR,5514
425570,71,163,947,1996.0,9295.0,2064.0,1.157591,1.795643,ESP,NOR,5514
425571,74,163,947,1996.0,46650.0,55943.0,2.007619,1.016303,FIN,NOR,5514
425572,77,163,947,1996.0,312364.0,0.0,1.571365,1.187529,FRA,NOR,5514
425573,81,163,947,1996.0,1654843.0,83024.0,1.948148,0.882453,GBR,NOR,5514
425574,103,163,947,1996.0,1327.0,0.0,-0.25952,1.343972,IDN,NOR,5514
425575,106,163,947,1996.0,16246064.0,5074.0,1.476369,1.049152,IRL,NOR,5514
425576,109,163,947,1996.0,0.0,31927.0,0.10151,-0.44307799999999997,ISL,NOR,5514
425577,110,163,947,1996.0,39639.0,0.0,1.159922,1.025777,ISR,NOR,5514
425578,111,163,947,1996.0,8501.0,8705.0,1.591442,0.875201,ITA,NOR,5514
425579,114,163,947,1996.0,1514.0,72097.0,2.858869,0.477455,JPN,NOR,5514
425580,130,163,947,1996.0,0.0,42346.0,0.360994,1.092575,LTU,NOR,5514
425581,138,163,947,1996.0,0.0,4853.0,0.88569,1.044068,MEX,NOR,5514
425582,162,163,947,1996.0,1873997.0,8397.0,1.331177,1.6320430000000001,NLD,NOR,5514
425583,186,163,947,1996.0,0.0,4895.0,0.505247,0.349848,RUS,NOR,5514
425584,188,163,947,1996.0,0.0,5265.0,-0.200762,-1.0419610000000001,SAU,NOR,5514
425585,192,163,947,1996.0,0.0,59435.0,1.288635,0.259061,SGP,NOR,5514
425586,207,163,947,1996.0,6283.0,0.0,1.352015,1.396593,SVN,NOR,5514
425587,208,163,947,1996.0,2429379.0,369150.0,2.186414,0.848194,SWE,NOR,5514
425588,231,163,947,1996.0,388972.0,0.0,1.742391,1.003066,USA,NOR,5514
425589,18,169,947,1996.0,6791.0,0.0,1.5604850000000001,1.30819,BEL,PAN,5514
425590,32,169,947,1996.0,6205.0,0.0,0.8087340000000001,1.370183,BRA,PAN,5514
425591,41,169,947,1996.0,799317.0,0.0,2.344337,0.709607,CHE,PAN,5514
425592,42,169,947,1996.0,1733.0,0.0,-0.161334,-0.301695,CHL,PAN,5514
425593,49,169,947,1996.0,33864.0,0.0,0.070101,0.08847999999999999,COL,PAN,5514
425594,52,169,947,1996.0,24659.0,27792.0,-0.23773000000000002,0.101373,CRI,PAN,5514
425595,61,169,947,1996.0,89817.0,5537.0,2.347101,-2.4792799999999997,DEU,PAN,5514
425596,67,169,947,1996.0,0.0,3748.0,-1.128953,-0.960469,ECU,PAN,5514
425597,71,169,947,1996.0,431619.0,0.0,1.157591,1.795643,ESP,PAN,5514
425598,77,169,947,1996.0,79076.0,0.0,1.571365,1.187529,FRA,PAN,5514
425599,81,169,947,1996.0,112689.0,0.0,1.948148,0.882453,GBR,PAN,5514
425600,93,169,947,1996.0,2269.0,3581.0,-0.28699,0.308033,GTM,PAN,5514
425601,97,169,947,1996.0,6555.0,0.0,0.699041,1.8341720000000001,HKG,PAN,5514
425602,99,169,947,1996.0,0.0,161845.0,-0.57404,-0.594276,HND,PAN,5514
425603,106,169,947,1996.0,349119.0,0.0,1.476369,1.049152,IRL,PAN,5514
425604,111,169,947,1996.0,142109.0,0.0,1.591442,0.875201,ITA,PAN,5514
425605,138,169,947,1996.0,353970.0,0.0,0.88569,1.044068,MEX,PAN,5514
425606,162,169,947,1996.0,8152.0,40390.0,1.331177,1.6320430000000001,NLD,PAN,5514
425607,173,169,947,1996.0,0.0,8726.0,-0.374308,-0.36733499999999997,PER,PAN,5514
425608,197,169,947,1996.0,10689.0,0.0,-0.228625,-0.150274,SLV,PAN,5514
425609,200,169,947,1996.0,5592.0,0.0,0.14088900000000001,-0.503969,SPM,PAN,5514
425610,208,169,947,1996.0,24779.0,0.0,2.186414,0.848194,SWE,PAN,5514
425611,231,169,947,1996.0,1410545.0,0.0,1.742391,1.003066,USA,PAN,5514
425612,236,169,947,1996.0,0.0,26396.0,-0.039967,-0.828263,VEN,PAN,5514
425613,250,169,947,1996.0,19462.0,0.0,1.153784,0.831677,ANS,PAN,5514
425614,8,173,947,1996.0,616925.0,0.0,0.007199,0.805707,ARG,PER,5514
425615,18,173,947,1996.0,1206.0,0.0,1.5604850000000001,1.30819,BEL,PER,5514
425616,23,173,947,1996.0,3076.0,0.0,0.510789,1.749248,BGR,PER,5514
425617,31,173,947,1996.0,0.0,125052.0,-0.5529930000000001,-0.600893,BOL,PER,5514
425618,32,173,947,1996.0,324105.0,0.0,0.8087340000000001,1.370183,BRA,PER,5514
425619,41,173,947,1996.0,800941.0,0.0,2.344337,0.709607,CHE,PER,5514
425620,42,173,947,1996.0,132996.0,337807.0,-0.161334,-0.301695,CHL,PER,5514
425621,49,173,947,1996.0,5419590.0,476405.0,0.070101,0.08847999999999999,COL,PER,5514
425622,52,173,947,1996.0,0.0,4687.0,-0.23773000000000002,0.101373,CRI,PER,5514
425623,61,173,947,1996.0,470247.0,10167.0,2.347101,-2.4792799999999997,DEU,PER,5514
425624,64,173,947,1996.0,19491.0,0.0,1.416927,1.401766,DNK,PER,5514
425625,67,173,947,1996.0,105322.0,22629.0,-1.128953,-0.960469,ECU,PER,5514
425626,71,173,947,1996.0,595009.0,0.0,1.157591,1.795643,ESP,PER,5514
425627,77,173,947,1996.0,202287.0,0.0,1.571365,1.187529,FRA,PER,5514
425628,81,173,947,1996.0,746515.0,0.0,1.948148,0.882453,GBR,PER,5514
425629,93,173,947,1996.0,1160.0,0.0,-0.28699,0.308033,GTM,PER,5514
425630,106,173,947,1996.0,9276.0,0.0,1.476369,1.049152,IRL,PER,5514
425631,111,173,947,1996.0,12537.0,0.0,1.591442,0.875201,ITA,PER,5514
425632,138,173,947,1996.0,1482160.0,3681.0,0.88569,1.044068,MEX,PER,5514
425633,162,173,947,1996.0,49624.0,0.0,1.331177,1.6320430000000001,NLD,PER,5514
425634,169,173,947,1996.0,8726.0,0.0,-0.03243,-0.326329,PAN,PER,5514
425635,197,173,947,1996.0,0.0,46022.0,-0.228625,-0.150274,SLV,PER,5514
425636,231,173,947,1996.0,1481665.0,4850.0,1.742391,1.003066,USA,PER,5514
425637,236,173,947,1996.0,9321.0,4427.0,-0.039967,-0.828263,VEN,PER,5514
425638,7,174,947,1996.0,0.0,2488.0,-0.43356400000000006,-0.8715719999999999,ARE,PHL,5514
425639,14,174,947,1996.0,738673.0,64177.0,0.025253,0.6428189999999999,AUS,PHL,5514
425640,15,174,947,1996.0,2747.0,0.0,2.012626,0.395525,AUT,PHL,5514
425641,18,174,947,1996.0,53503.0,5660.0,1.5604850000000001,1.30819,BEL,PHL,5514
425642,32,174,947,1996.0,85345.0,0.0,0.8087340000000001,1.370183,BRA,PHL,5514
425643,34,174,947,1996.0,11835.0,0.0,-0.661198,-0.801408,BRN,PHL,5514
425644,39,174,947,1996.0,134036.0,0.0,0.970932,1.111111,CAN,PHL,5514
425645,41,174,947,1996.0,1623678.0,0.0,2.344337,0.709607,CHE,PHL,5514
425646,43,174,947,1996.0,80938.0,53395.0,0.383975,2.197461,CHN,PHL,5514
425647,61,174,947,1996.0,4564152.0,1917.0,2.347101,-2.4792799999999997,DEU,PHL,5514
425648,64,174,947,1996.0,57526.0,0.0,1.416927,1.401766,DNK,PHL,5514
425649,71,174,947,1996.0,798151.0,0.0,1.157591,1.795643,ESP,PHL,5514
425650,77,174,947,1996.0,1511478.0,0.0,1.571365,1.187529,FRA,PHL,5514
425651,81,174,947,1996.0,7328342.0,26434.0,1.948148,0.882453,GBR,PHL,5514
425652,97,174,947,1996.0,6665087.0,260440.0,0.699041,1.8341720000000001,HKG,PHL,5514
425653,103,174,947,1996.0,167871.0,173519.0,-0.25952,1.343972,IDN,PHL,5514
425654,104,174,947,1996.0,56555.0,0.0,0.145769,1.983642,IND,PHL,5514
425655,106,174,947,1996.0,95373.0,0.0,1.476369,1.049152,IRL,PHL,5514
425656,110,174,947,1996.0,41686.0,0.0,1.159922,1.025777,ISR,PHL,5514
425657,111,174,947,1996.0,6493.0,0.0,1.591442,0.875201,ITA,PHL,5514
425658,114,174,947,1996.0,4850501.0,63064.0,2.858869,0.477455,JPN,PHL,5514
425659,121,174,947,1996.0,19285.0,0.0,1.230793,1.0548959999999998,KOR,PHL,5514
425660,128,174,947,1996.0,5058.0,1073.0,-0.71165,-0.320193,LKA,PHL,5514
425661,138,174,947,1996.0,89463.0,0.0,0.88569,1.044068,MEX,PHL,5514
425662,153,174,947,1996.0,44575.0,189858.0,0.5493640000000001,0.248484,MYS,PHL,5514
425663,162,174,947,1996.0,2076888.0,0.0,1.331177,1.6320430000000001,NLD,PHL,5514
425664,166,174,947,1996.0,14714.0,0.0,0.404233,0.6724640000000001,NZL,PHL,5514
425665,167,174,947,1996.0,0.0,46479.0,-0.227075,-0.9778399999999999,OMN,PHL,5514
425666,188,174,947,1996.0,0.0,9584.0,-0.200762,-1.0419610000000001,SAU,PHL,5514
425667,192,174,947,1996.0,16680171.0,227693.0,1.288635,0.259061,SGP,PHL,5514
425668,208,174,947,1996.0,12105.0,0.0,2.186414,0.848194,SWE,PHL,5514
425669,216,174,947,1996.0,20260.0,945468.0,0.26155100000000003,1.146204,THA,PHL,5514
425670,231,174,947,1996.0,15013350.0,84965.0,1.742391,1.003066,USA,PHL,5514
425671,239,174,947,1996.0,3382.0,0.0,-0.8099569999999999,-0.032258999999999996,VNM,PHL,5514
425672,249,174,947,1996.0,163734.0,9346.0,1.7375779999999998,1.4625860000000002,TWN,PHL,5514
425673,250,174,947,1996.0,14565.0,0.0,1.153784,0.831677,ANS,PHL,5514
425674,2,179,947,1996.0,0.0,183981.0,-2.314454,-1.236453,AGO,PRT,5514
425675,18,179,947,1996.0,1486720.0,88588.0,1.5604850000000001,1.30819,BEL,PRT,5514
425676,39,179,947,1996.0,26737.0,0.0,0.970932,1.111111,CAN,PRT,5514
425677,41,179,947,1996.0,3243536.0,3060.0,2.344337,0.709607,CHE,PRT,5514
425678,51,179,947,1996.0,0.0,22710.0,0.069833,-0.560042,CPV,PRT,5514
425679,61,179,947,1996.0,790510.0,80324.0,2.347101,-2.4792799999999997,DEU,PRT,5514
425680,64,179,947,1996.0,83473.0,7817.0,1.416927,1.401766,DNK,PRT,5514
425681,71,179,947,1996.0,7269014.0,204445.0,1.157591,1.795643,ESP,PRT,5514
425682,77,179,947,1996.0,4704465.0,74512.0,1.571365,1.187529,FRA,PRT,5514
425683,81,179,947,1996.0,1566649.0,0.0,1.948148,0.882453,GBR,PRT,5514
425684,90,179,947,1996.0,0.0,14887.0,0.21841799999999997,1.081136,GRC,PRT,5514
425685,106,179,947,1996.0,9084351.0,0.0,1.476369,1.049152,IRL,PRT,5514
425686,110,179,947,1996.0,1713.0,0.0,1.159922,1.025777,ISR,PRT,5514
425687,111,179,947,1996.0,367424.0,9430.0,1.591442,0.875201,ITA,PRT,5514
425688,114,179,947,1996.0,47292.0,161070.0,2.858869,0.477455,JPN,PRT,5514
425689,134,179,947,1996.0,0.0,4178.0,-0.56512,-0.31006999999999996,MAR,PRT,5514
425690,147,179,947,1996.0,0.0,2521.0,-1.0840459999999998,-1.016672,MOZ,PRT,5514
425691,162,179,947,1996.0,6192507.0,0.0,1.331177,1.6320430000000001,NLD,PRT,5514
425692,167,179,947,1996.0,0.0,4914.0,-0.227075,-0.9778399999999999,OMN,PRT,5514
425693,185,179,947,1996.0,0.0,1621.0,0.612166,1.201016,ROU,PRT,5514
425694,208,179,947,1996.0,273294.0,1150.0,2.186414,0.848194,SWE,PRT,5514
425695,231,179,947,1996.0,137843.0,56727.0,1.742391,1.003066,USA,PRT,5514
425696,236,179,947,1996.0,0.0,6635.0,-0.039967,-0.828263,VEN,PRT,5514
425697,8,180,947,1996.0,617142.0,0.0,0.007199,0.805707,ARG,PRY,5514
425698,32,180,947,1996.0,397714.0,1998.0,0.8087340000000001,1.370183,BRA,PRY,5514
425699,41,180,947,1996.0,64326.0,0.0,2.344337,0.709607,CHE,PRY,5514
425700,42,180,947,1996.0,21631.0,0.0,-0.161334,-0.301695,CHL,PRY,5514
425701,61,180,947,1996.0,155786.0,0.0,2.347101,-2.4792799999999997,DEU,PRY,5514
425702,71,180,947,1996.0,17600.0,0.0,1.157591,1.795643,ESP,PRY,5514
425703,77,180,947,1996.0,89268.0,2012.0,1.571365,1.187529,FRA,PRY,5514
425704,81,180,947,1996.0,18411.0,0.0,1.948148,0.882453,GBR,PRY,5514
425705,97,180,947,1996.0,3243.0,0.0,0.699041,1.8341720000000001,HKG,PRY,5514
425706,111,180,947,1996.0,3484.0,0.0,1.591442,0.875201,ITA,PRY,5514
425707,114,180,947,1996.0,4122.0,0.0,2.858869,0.477455,JPN,PRY,5514
425708,138,180,947,1996.0,0.0,5764.0,0.88569,1.044068,MEX,PRY,5514
425709,230,180,947,1996.0,0.0,1160.0,0.182427,0.689738,URY,PRY,5514
425710,231,180,947,1996.0,74747.0,0.0,1.742391,1.003066,USA,PRY,5514
425711,15,190,947,1996.0,2314.0,0.0,2.012626,0.395525,AUT,SDN,5514
425712,23,190,947,1996.0,1097.0,0.0,0.510789,1.749248,BGR,SDN,5514
425713,39,190,947,1996.0,4243.0,0.0,0.970932,1.111111,CAN,SDN,5514
425714,41,190,947,1996.0,33733.0,0.0,2.344337,0.709607,CHE,SDN,5514
425715,61,190,947,1996.0,246605.0,0.0,2.347101,-2.4792799999999997,DEU,SDN,5514
425716,68,190,947,1996.0,19540.0,0.0,-0.405938,-0.209619,EGY,SDN,5514
425717,77,190,947,1996.0,41249.0,0.0,1.571365,1.187529,FRA,SDN,5514
425718,81,190,947,1996.0,109376.0,0.0,1.948148,0.882453,GBR,SDN,5514
425719,104,190,947,1996.0,31095.0,0.0,0.145769,1.983642,IND,SDN,5514
425720,106,190,947,1996.0,0.0,61092.0,1.476369,1.049152,IRL,SDN,5514
425721,111,190,947,1996.0,39347.0,0.0,1.591442,0.875201,ITA,SDN,5514
425722,162,190,947,1996.0,22410.0,0.0,1.331177,1.6320430000000001,NLD,SDN,5514
425723,32,205,947,1996.0,6574.0,0.0,0.8087340000000001,1.370183,BRA,SUR,5514
425724,64,205,947,1996.0,2918.0,0.0,1.416927,1.401766,DNK,SUR,5514
425725,81,205,947,1996.0,74115.0,0.0,1.948148,0.882453,GBR,SUR,5514
425726,162,205,947,1996.0,12107.0,0.0,1.331177,1.6320430000000001,NLD,SUR,5514
425727,216,205,947,1996.0,0.0,1134.0,0.26155100000000003,1.146204,THA,SUR,5514
425728,231,205,947,1996.0,85860.0,43568.0,1.742391,1.003066,USA,SUR,5514
425729,7,208,947,1996.0,0.0,137471.0,-0.43356400000000006,-0.8715719999999999,ARE,SWE,5514
425730,8,208,947,1996.0,0.0,1742.0,0.007199,0.805707,ARG,SWE,5514
425731,14,208,947,1996.0,0.0,16428.0,0.025253,0.6428189999999999,AUS,SWE,5514
425732,15,208,947,1996.0,159371.0,827857.0,2.012626,0.395525,AUT,SWE,5514
425733,16,208,947,1996.0,0.0,19339.0,0.11756099999999998,-0.29673099999999997,AZE,SWE,5514
425734,18,208,947,1996.0,131245.0,28907.0,1.5604850000000001,1.30819,BEL,SWE,5514
425735,23,208,947,1996.0,0.0,234528.0,0.510789,1.749248,BGR,SWE,5514
425736,24,208,947,1996.0,0.0,15543.0,-0.359199,-0.9925,BHR,SWE,5514
425737,32,208,947,1996.0,0.0,3737.0,0.8087340000000001,1.370183,BRA,SWE,5514
425738,39,208,947,1996.0,0.0,32863.0,0.970932,1.111111,CAN,SWE,5514
425739,41,208,947,1996.0,3132880.0,382016.0,2.344337,0.709607,CHE,SWE,5514
425740,42,208,947,1996.0,0.0,22522.0,-0.161334,-0.301695,CHL,SWE,5514
425741,43,208,947,1996.0,0.0,5600.0,0.383975,2.197461,CHN,SWE,5514
425742,58,208,947,1996.0,0.0,9946.0,0.11774200000000001,0.044968,CYP,SWE,5514
425743,59,208,947,1996.0,7351.0,292216.0,1.412088,1.171914,CZE,SWE,5514
425744,61,208,947,1996.0,6328912.0,1453841.0,2.347101,-2.4792799999999997,DEU,SWE,5514
425745,64,208,947,1996.0,1152882.0,3735103.0,1.416927,1.401766,DNK,SWE,5514
425746,68,208,947,1996.0,0.0,3265.0,-0.405938,-0.209619,EGY,SWE,5514
425747,71,208,947,1996.0,5851.0,955732.0,1.157591,1.795643,ESP,SWE,5514
425748,72,208,947,1996.0,9586.0,167454.0,0.445854,1.115429,EST,SWE,5514
425749,74,208,947,1996.0,53400.0,3550043.0,2.007619,1.016303,FIN,SWE,5514
425750,77,208,947,1996.0,3994460.0,448769.0,1.571365,1.187529,FRA,SWE,5514
425751,78,208,947,1996.0,0.0,1750.0,-0.644187,-0.795554,FRO,SWE,5514
425752,81,208,947,1996.0,4033413.0,471964.0,1.948148,0.882453,GBR,SWE,5514
425753,90,208,947,1996.0,0.0,8937.0,0.21841799999999997,1.081136,GRC,SWE,5514
425754,93,208,947,1996.0,0.0,4149.0,-0.28699,0.308033,GTM,SWE,5514
425755,97,208,947,1996.0,0.0,3874.0,0.699041,1.8341720000000001,HKG,SWE,5514
425756,102,208,947,1996.0,0.0,93358.0,0.905526,1.887735,HUN,SWE,5514
425757,103,208,947,1996.0,0.0,8884.0,-0.25952,1.343972,IDN,SWE,5514
425758,104,208,947,1996.0,0.0,4364.0,0.145769,1.983642,IND,SWE,5514
425759,106,208,947,1996.0,10018994.0,15237.0,1.476369,1.049152,IRL,SWE,5514
425760,109,208,947,1996.0,0.0,95746.0,0.10151,-0.44307799999999997,ISL,SWE,5514
425761,110,208,947,1996.0,148801.0,2663.0,1.159922,1.025777,ISR,SWE,5514
425762,111,208,947,1996.0,86773.0,310714.0,1.591442,0.875201,ITA,SWE,5514
425763,113,208,947,1996.0,0.0,32920.0,0.225125,-0.333293,JOR,SWE,5514
425764,114,208,947,1996.0,0.0,16553.0,2.858869,0.477455,JPN,SWE,5514
425765,121,208,947,1996.0,0.0,180571.0,1.230793,1.0548959999999998,KOR,SWE,5514
425766,122,208,947,1996.0,0.0,79972.0,-0.412797,-1.1335899999999999,KWT,SWE,5514
425767,130,208,947,1996.0,0.0,105179.0,0.360994,1.092575,LTU,SWE,5514
425768,132,208,947,1996.0,0.0,63964.0,0.255258,0.42505299999999996,LVA,SWE,5514
425769,134,208,947,1996.0,0.0,43317.0,-0.56512,-0.31006999999999996,MAR,SWE,5514
425770,143,208,947,1996.0,0.0,6602.0,-1.3258219999999998,-1.068414,MMR,SWE,5514
425771,153,208,947,1996.0,0.0,3063.0,0.5493640000000001,0.248484,MYS,SWE,5514
425772,159,208,947,1996.0,0.0,52978.0,-1.9253069999999999,-1.247116,NGA,SWE,5514
425773,162,208,947,1996.0,5474093.0,426927.0,1.331177,1.6320430000000001,NLD,SWE,5514
425774,163,208,947,1996.0,369150.0,2429379.0,0.8207270000000001,0.043619,NOR,SWE,5514
425775,166,208,947,1996.0,0.0,38031.0,0.404233,0.6724640000000001,NZL,SWE,5514
425776,167,208,947,1996.0,0.0,14729.0,-0.227075,-0.9778399999999999,OMN,SWE,5514
425777,169,208,947,1996.0,0.0,24779.0,-0.03243,-0.326329,PAN,SWE,5514
425778,174,208,947,1996.0,0.0,12105.0,0.0020329999999999997,0.40715,PHL,SWE,5514
425779,177,208,947,1996.0,10657.0,110748.0,0.806283,1.92897,POL,SWE,5514
425780,179,208,947,1996.0,1150.0,273294.0,0.49924799999999997,0.9969520000000001,PRT,SWE,5514
425781,185,208,947,1996.0,0.0,4916.0,0.612166,1.201016,ROU,SWE,5514
425782,186,208,947,1996.0,0.0,1839344.0,0.505247,0.349848,RUS,SWE,5514
425783,188,208,947,1996.0,0.0,494844.0,-0.200762,-1.0419610000000001,SAU,SWE,5514
425784,192,208,947,1996.0,0.0,7894.0,1.288635,0.259061,SGP,SWE,5514
425785,197,208,947,1996.0,0.0,1320.0,-0.228625,-0.150274,SLV,SWE,5514
425786,207,208,947,1996.0,0.0,2334.0,1.352015,1.396593,SVN,SWE,5514
425787,212,208,947,1996.0,0.0,41769.0,-1.096481,-1.0157260000000001,SYR,SWE,5514
425788,216,208,947,1996.0,108844.0,202631.0,0.26155100000000003,1.146204,THA,SWE,5514
425789,224,208,947,1996.0,0.0,28317.0,0.07259700000000001,1.734291,TUR,SWE,5514
425790,231,208,947,1996.0,1104314.0,38145.0,1.742391,1.003066,USA,SWE,5514
425791,236,208,947,1996.0,0.0,9487.0,-0.039967,-0.828263,VEN,SWE,5514
425792,243,208,947,1996.0,0.0,22060.0,-1.395,-1.26641,YEM,SWE,5514
425793,246,208,947,1996.0,0.0,27905.0,0.277171,1.489549,ZAF,SWE,5514
425794,249,208,947,1996.0,0.0,5779.0,1.7375779999999998,1.4625860000000002,TWN,SWE,5514
425795,250,208,947,1996.0,0.0,4852.0,1.153784,0.831677,ANS,SWE,5514
425796,14,216,947,1996.0,1159234.0,47982.0,0.025253,0.6428189999999999,AUS,THA,5514
425797,15,216,947,1996.0,21033.0,942534.0,2.012626,0.395525,AUT,THA,5514
425798,18,216,947,1996.0,36526.0,3352.0,1.5604850000000001,1.30819,BEL,THA,5514
425799,24,216,947,1996.0,0.0,3021.0,-0.359199,-0.9925,BHR,THA,5514
425800,32,216,947,1996.0,3850.0,0.0,0.8087340000000001,1.370183,BRA,THA,5514
425801,39,216,947,1996.0,0.0,95964.0,0.970932,1.111111,CAN,THA,5514
425802,41,216,947,1996.0,906280.0,57342.0,2.344337,0.709607,CHE,THA,5514
425803,43,216,947,1996.0,200378.0,264365.0,0.383975,2.197461,CHN,THA,5514
425804,59,216,947,1996.0,48144.0,0.0,1.412088,1.171914,CZE,THA,5514
425805,61,216,947,1996.0,3313034.0,37651.0,2.347101,-2.4792799999999997,DEU,THA,5514
425806,64,216,947,1996.0,6187.0,4425.0,1.416927,1.401766,DNK,THA,5514
425807,71,216,947,1996.0,2806554.0,7484.0,1.157591,1.795643,ESP,THA,5514
425808,77,216,947,1996.0,3805677.0,22661.0,1.571365,1.187529,FRA,THA,5514
425809,81,216,947,1996.0,11157942.0,49425.0,1.948148,0.882453,GBR,THA,5514
425810,87,216,947,1996.0,8218.0,0.0,-0.8948459999999999,-0.837851,GMB,THA,5514
425811,92,216,947,1996.0,4222.0,0.0,-0.8046939999999999,-0.8102520000000001,GRL,THA,5514
425812,97,216,947,1996.0,5030407.0,96042.0,0.699041,1.8341720000000001,HKG,THA,5514
425813,103,216,947,1996.0,199216.0,134725.0,-0.25952,1.343972,IDN,THA,5514
425814,104,216,947,1996.0,29939.0,0.0,0.145769,1.983642,IND,THA,5514
425815,106,216,947,1996.0,820608.0,36245.0,1.476369,1.049152,IRL,THA,5514
425816,110,216,947,1996.0,46718.0,0.0,1.159922,1.025777,ISR,THA,5514
425817,111,216,947,1996.0,88525.0,2458.0,1.591442,0.875201,ITA,THA,5514
425818,114,216,947,1996.0,12093661.0,114858.0,2.858869,0.477455,JPN,THA,5514
425819,118,216,947,1996.0,0.0,50809.0,-0.9007299999999999,-0.9713620000000001,KHM,THA,5514
425820,121,216,947,1996.0,181801.0,0.0,1.230793,1.0548959999999998,KOR,THA,5514
425821,123,216,947,1996.0,0.0,4635.0,-0.602525,-0.683279,LAO,THA,5514
425822,133,216,947,1996.0,0.0,5792.0,-0.089625,-0.42184499999999997,MAC,THA,5514
425823,143,216,947,1996.0,0.0,524057.0,-1.3258219999999998,-1.068414,MMR,THA,5514
425824,153,216,947,1996.0,104163.0,64580.0,0.5493640000000001,0.248484,MYS,THA,5514
425825,162,216,947,1996.0,756728.0,127351.0,1.331177,1.6320430000000001,NLD,THA,5514
425826,166,216,947,1996.0,12793.0,41372.0,0.404233,0.6724640000000001,NZL,THA,5514
425827,167,216,947,1996.0,0.0,34215.0,-0.227075,-0.9778399999999999,OMN,THA,5514
425828,168,216,947,1996.0,0.0,5085.0,-0.759362,-0.541712,PAK,THA,5514
425829,174,216,947,1996.0,945468.0,20260.0,0.0020329999999999997,0.40715,PHL,THA,5514
425830,192,216,947,1996.0,21032416.0,335743.0,1.288635,0.259061,SGP,THA,5514
425831,205,216,947,1996.0,1134.0,0.0,-1.062804,-0.893763,SUR,THA,5514
425832,208,216,947,1996.0,202631.0,108844.0,2.186414,0.848194,SWE,THA,5514
425833,224,216,947,1996.0,51636.0,0.0,0.07259700000000001,1.734291,TUR,THA,5514
425834,231,216,947,1996.0,4524981.0,52327.0,1.742391,1.003066,USA,THA,5514
425835,239,216,947,1996.0,0.0,164412.0,-0.8099569999999999,-0.032258999999999996,VNM,THA,5514
425836,249,216,947,1996.0,95064.0,30773.0,1.7375779999999998,1.4625860000000002,TWN,THA,5514
425837,250,216,947,1996.0,0.0,1144.0,1.153784,0.831677,ANS,THA,5514
425838,14,222,947,1996.0,0.0,63995.0,0.025253,0.6428189999999999,AUS,TTO,5514
425839,15,222,947,1996.0,13824.0,0.0,2.012626,0.395525,AUT,TTO,5514
425840,32,222,947,1996.0,10022.0,0.0,0.8087340000000001,1.370183,BRA,TTO,5514
425841,33,222,947,1996.0,0.0,1110.0,0.599391,0.065208,BRB,TTO,5514
425842,39,222,947,1996.0,156030.0,0.0,0.970932,1.111111,CAN,TTO,5514
425843,41,222,947,1996.0,255337.0,0.0,2.344337,0.709607,CHE,TTO,5514
425844,49,222,947,1996.0,42427.0,0.0,0.070101,0.08847999999999999,COL,TTO,5514
425845,61,222,947,1996.0,49911.0,0.0,2.347101,-2.4792799999999997,DEU,TTO,5514
425846,77,222,947,1996.0,17157.0,82194.0,1.571365,1.187529,FRA,TTO,5514
425847,81,222,947,1996.0,618548.0,0.0,1.948148,0.882453,GBR,TTO,5514
425848,106,222,947,1996.0,19657.0,0.0,1.476369,1.049152,IRL,TTO,5514
425849,112,222,947,1996.0,125645.0,0.0,-0.64364,-0.8296379999999999,JAM,TTO,5514
425850,114,222,947,1996.0,8464.0,0.0,2.858869,0.477455,JPN,TTO,5514
425851,162,222,947,1996.0,11242.0,8748.0,1.331177,1.6320430000000001,NLD,TTO,5514
425852,231,222,947,1996.0,571571.0,3045.0,1.742391,1.003066,USA,TTO,5514
425853,4,224,947,1996.0,0.0,17217.0,-0.42357399999999995,0.090179,ALB,TUR,5514
425854,7,224,947,1996.0,0.0,7772.0,-0.43356400000000006,-0.8715719999999999,ARE,TUR,5514
425855,14,224,947,1996.0,2799.0,0.0,0.025253,0.6428189999999999,AUS,TUR,5514
425856,15,224,947,1996.0,71751.0,0.0,2.012626,0.395525,AUT,TUR,5514
425857,16,224,947,1996.0,0.0,1158.0,0.11756099999999998,-0.29673099999999997,AZE,TUR,5514
425858,18,224,947,1996.0,612745.0,0.0,1.5604850000000001,1.30819,BEL,TUR,5514
425859,23,224,947,1996.0,52332.0,70089.0,0.510789,1.749248,BGR,TUR,5514
425860,41,224,947,1996.0,12473569.0,4244.0,2.344337,0.709607,CHE,TUR,5514
425861,58,224,947,1996.0,0.0,196120.0,0.11774200000000001,0.044968,CYP,TUR,5514
425862,61,224,947,1996.0,11810095.0,203150.0,2.347101,-2.4792799999999997,DEU,TUR,5514
425863,64,224,947,1996.0,849568.0,0.0,1.416927,1.401766,DNK,TUR,5514
425864,68,224,947,1996.0,0.0,139857.0,-0.405938,-0.209619,EGY,TUR,5514
425865,71,224,947,1996.0,845519.0,28284.0,1.157591,1.795643,ESP,TUR,5514
425866,74,224,947,1996.0,20306.0,0.0,2.007619,1.016303,FIN,TUR,5514
425867,77,224,947,1996.0,4583580.0,76908.0,1.571365,1.187529,FRA,TUR,5514
425868,81,224,947,1996.0,9610151.0,26862.0,1.948148,0.882453,GBR,TUR,5514
425869,82,224,947,1996.0,0.0,82923.0,0.28868499999999997,0.115705,GEO,TUR,5514
425870,90,224,947,1996.0,118117.0,12147.0,0.21841799999999997,1.081136,GRC,TUR,5514
425871,103,224,947,1996.0,34505.0,0.0,-0.25952,1.343972,IDN,TUR,5514
425872,104,224,947,1996.0,1771.0,0.0,0.145769,1.983642,IND,TUR,5514
425873,106,224,947,1996.0,1728355.0,61839.0,1.476369,1.049152,IRL,TUR,5514
425874,110,224,947,1996.0,182129.0,0.0,1.159922,1.025777,ISR,TUR,5514
425875,111,224,947,1996.0,709022.0,0.0,1.591442,0.875201,ITA,TUR,5514
425876,113,224,947,1996.0,0.0,107718.0,0.225125,-0.333293,JOR,TUR,5514
425877,114,224,947,1996.0,15248.0,14206.0,2.858869,0.477455,JPN,TUR,5514
425878,115,224,947,1996.0,0.0,4441.0,0.455772,0.16361099999999998,KAZ,TUR,5514
425879,126,224,947,1996.0,0.0,8968.0,-0.482066,-1.163722,LBY,TUR,5514
425880,159,224,947,1996.0,0.0,14679.0,-1.9253069999999999,-1.247116,NGA,TUR,5514
425881,162,224,947,1996.0,10321855.0,113710.0,1.331177,1.6320430000000001,NLD,TUR,5514
425882,167,224,947,1996.0,0.0,34174.0,-0.227075,-0.9778399999999999,OMN,TUR,5514
425883,177,224,947,1996.0,0.0,55472.0,0.806283,1.92897,POL,TUR,5514
425884,185,224,947,1996.0,0.0,60152.0,0.612166,1.201016,ROU,TUR,5514
425885,186,224,947,1996.0,0.0,62275.0,0.505247,0.349848,RUS,TUR,5514
425886,188,224,947,1996.0,0.0,66226.0,-0.200762,-1.0419610000000001,SAU,TUR,5514
425887,189,224,947,1996.0,0.0,1569.0,0.699084,2.2900150000000004,SCG,TUR,5514
425888,192,224,947,1996.0,22601.0,0.0,1.288635,0.259061,SGP,TUR,5514
425889,207,224,947,1996.0,1438.0,0.0,1.352015,1.396593,SVN,TUR,5514
425890,208,224,947,1996.0,28317.0,0.0,2.186414,0.848194,SWE,TUR,5514
425891,212,224,947,1996.0,0.0,137190.0,-1.096481,-1.0157260000000001,SYR,TUR,5514
425892,216,224,947,1996.0,0.0,51636.0,0.26155100000000003,1.146204,THA,TUR,5514
425893,228,224,947,1996.0,10507.0,0.0,0.7582479999999999,1.1207340000000001,UKR,TUR,5514
425894,231,224,947,1996.0,26775318.0,10006.0,1.742391,1.003066,USA,TUR,5514
425895,232,224,947,1996.0,0.0,218333.0,-0.139651,-0.670652,UZB,TUR,5514
425896,250,224,947,1996.0,0.0,5921.0,1.153784,0.831677,ANS,TUR,5514
425897,8,230,947,1996.0,5500152.0,1170889.0,0.007199,0.805707,ARG,URY,5514
425898,18,230,947,1996.0,38628.0,0.0,1.5604850000000001,1.30819,BEL,URY,5514
425899,31,230,947,1996.0,0.0,282520.0,-0.5529930000000001,-0.600893,BOL,URY,5514
425900,32,230,947,1996.0,1294820.0,0.0,0.8087340000000001,1.370183,BRA,URY,5514
425901,41,230,947,1996.0,630691.0,0.0,2.344337,0.709607,CHE,URY,5514
425902,42,230,947,1996.0,8383.0,2169.0,-0.161334,-0.301695,CHL,URY,5514
425903,61,230,947,1996.0,89350.0,0.0,2.347101,-2.4792799999999997,DEU,URY,5514
425904,64,230,947,1996.0,10077.0,0.0,1.416927,1.401766,DNK,URY,5514
425905,67,230,947,1996.0,0.0,502361.0,-1.128953,-0.960469,ECU,URY,5514
425906,71,230,947,1996.0,169031.0,0.0,1.157591,1.795643,ESP,URY,5514
425907,77,230,947,1996.0,68316.0,0.0,1.571365,1.187529,FRA,URY,5514
425908,81,230,947,1996.0,276938.0,0.0,1.948148,0.882453,GBR,URY,5514
425909,97,230,947,1996.0,1791.0,0.0,0.699041,1.8341720000000001,HKG,URY,5514
425910,106,230,947,1996.0,1564755.0,562022.0,1.476369,1.049152,IRL,URY,5514
425911,114,230,947,1996.0,0.0,2031183.0,2.858869,0.477455,JPN,URY,5514
425912,138,230,947,1996.0,15505.0,3161.0,0.88569,1.044068,MEX,URY,5514
425913,162,230,947,1996.0,39343.0,0.0,1.331177,1.6320430000000001,NLD,URY,5514
425914,180,230,947,1996.0,1160.0,0.0,-0.667054,-0.648122,PRY,URY,5514
425915,197,230,947,1996.0,0.0,2550.0,-0.228625,-0.150274,SLV,URY,5514
425916,231,230,947,1996.0,1266315.0,9701.0,1.742391,1.003066,USA,URY,5514
425917,246,230,947,1996.0,0.0,3705551.0,0.277171,1.489549,ZAF,URY,5514
425918,0,231,947,1996.0,0.0,16412.0,-0.493634,-0.719576,ABW,USA,5514
425919,5,231,947,1996.0,0.0,207145.0,0.9948959999999999,0.58532,AND,USA,5514
425920,6,231,947,1996.0,0.0,222235.0,-0.2426,-0.701334,ANT,USA,5514
425921,7,231,947,1996.0,0.0,409524.0,-0.43356400000000006,-0.8715719999999999,ARE,USA,5514
425922,8,231,947,1996.0,567753.0,4947538.0,0.007199,0.805707,ARG,USA,5514
425923,13,231,947,1996.0,0.0,35422.0,0.463841,-0.048698000000000005,ATG,USA,5514
425924,14,231,947,1996.0,212727.0,6563662.0,0.025253,0.6428189999999999,AUS,USA,5514
425925,15,231,947,1996.0,125501.0,2022981.0,2.012626,0.395525,AUT,USA,5514
425926,18,231,947,1996.0,609523.0,13042138.0,1.5604850000000001,1.30819,BEL,USA,5514
425927,22,231,947,1996.0,0.0,98743.0,-0.751219,-0.9638329999999999,BGD,USA,5514
425928,23,231,947,1996.0,0.0,9466.0,0.510789,1.749248,BGR,USA,5514
425929,24,231,947,1996.0,0.0,17648.0,-0.359199,-0.9925,BHR,USA,5514
425930,25,231,947,1996.0,0.0,389096.0,0.301719,-0.44059899999999996,BHS,USA,5514
425931,29,231,947,1996.0,32036.0,68527.0,-0.267716,-0.651034,BLZ,USA,5514
425932,30,231,947,1996.0,0.0,40088.0,0.658562,-0.5025430000000001,BMU,USA,5514
425933,31,231,947,1996.0,0.0,567198.0,-0.5529930000000001,-0.600893,BOL,USA,5514
425934,32,231,947,1996.0,12787531.0,10006317.0,0.8087340000000001,1.370183,BRA,USA,5514
425935,33,231,947,1996.0,33240.0,8600559.0,0.599391,0.065208,BRB,USA,5514
425936,39,231,947,1996.0,14600523.0,138176192.0,0.970932,1.111111,CAN,USA,5514
425937,41,231,947,1996.0,32895464.0,8051859.0,2.344337,0.709607,CHE,USA,5514
425938,42,231,947,1996.0,982897.0,5788618.0,-0.161334,-0.301695,CHL,USA,5514
425939,43,231,947,1996.0,1587759.0,1725618.0,0.383975,2.197461,CHN,USA,5514
425940,44,231,947,1996.0,0.0,67515.0,-0.890915,-0.8165399999999999,CIV,USA,5514
425941,49,231,947,1996.0,50766.0,14218019.0,0.070101,0.08847999999999999,COL,USA,5514
425942,50,231,947,1996.0,8378.0,0.0,0.003669,-0.6884,COM,USA,5514
425943,52,231,947,1996.0,27491.0,2587362.0,-0.23773000000000002,0.101373,CRI,USA,5514
425944,57,231,947,1996.0,21089.0,24411.0,0.255347,-0.593208,CYM,USA,5514
425945,58,231,947,1996.0,0.0,10984.0,0.11774200000000001,0.044968,CYP,USA,5514
425946,59,231,947,1996.0,1644.0,2452845.0,1.412088,1.171914,CZE,USA,5514
425947,61,231,947,1996.0,11506480.0,14465418.0,2.347101,-2.4792799999999997,DEU,USA,5514
425948,63,231,947,1996.0,0.0,172535.0,0.521576,-0.075879,DMA,USA,5514
425949,64,231,947,1996.0,25961.0,478467.0,1.416927,1.401766,DNK,USA,5514
425950,65,231,947,1996.0,4842.0,2473046.0,-0.370096,-0.371728,DOM,USA,5514
425951,67,231,947,1996.0,2873.0,2338001.0,-1.128953,-0.960469,ECU,USA,5514
425952,68,231,947,1996.0,4084.0,1051961.0,-0.405938,-0.209619,EGY,USA,5514
425953,71,231,947,1996.0,4418428.0,12269316.0,1.157591,1.795643,ESP,USA,5514
425954,72,231,947,1996.0,0.0,3314.0,0.445854,1.115429,EST,USA,5514
425955,74,231,947,1996.0,3229.0,1687477.0,2.007619,1.016303,FIN,USA,5514
425956,77,231,947,1996.0,29809618.0,9133828.0,1.571365,1.187529,FRA,USA,5514
425957,81,231,947,1996.0,8407434.0,16324882.0,1.948148,0.882453,GBR,USA,5514
425958,83,231,947,1996.0,0.0,20228.0,-1.037413,-1.019025,GHA,USA,5514
425959,85,231,947,1996.0,0.0,1621.0,-1.2720120000000001,-1.150363,GIN,USA,5514
425960,90,231,947,1996.0,215339.0,301655.0,0.21841799999999997,1.081136,GRC,USA,5514
425961,91,231,947,1996.0,0.0,11100.0,0.62736,-0.06942100000000001,GRD,USA,5514
425962,92,231,947,1996.0,0.0,17451.0,-0.8046939999999999,-0.8102520000000001,GRL,USA,5514
425963,93,231,947,1996.0,8526.0,4351870.0,-0.28699,0.308033,GTM,USA,5514
425964,96,231,947,1996.0,0.0,98729.0,-0.618346,-0.7723760000000001,GUY,USA,5514
425965,97,231,947,1996.0,6057341.0,16879616.0,0.699041,1.8341720000000001,HKG,USA,5514
425966,99,231,947,1996.0,0.0,861708.0,-0.57404,-0.594276,HND,USA,5514
425967,100,231,947,1996.0,0.0,67456.0,0.739223,1.3032030000000001,HRV,USA,5514
425968,101,231,947,1996.0,0.0,421836.0,-0.7161029999999999,-0.737263,HTI,USA,5514
425969,102,231,947,1996.0,8616.0,158727.0,0.905526,1.887735,HUN,USA,5514
425970,103,231,947,1996.0,362956.0,2894449.0,-0.25952,1.343972,IDN,USA,5514
425971,104,231,947,1996.0,691952.0,651434.0,0.145769,1.983642,IND,USA,5514
425972,106,231,947,1996.0,54189424.0,7485846.0,1.476369,1.049152,IRL,USA,5514
425973,109,231,947,1996.0,0.0,28113.0,0.10151,-0.44307799999999997,ISL,USA,5514
425974,110,231,947,1996.0,990142.0,1427727.0,1.159922,1.025777,ISR,USA,5514
425975,111,231,947,1996.0,1987710.0,2910774.0,1.591442,0.875201,ITA,USA,5514
425976,112,231,947,1996.0,1972506.0,1562597.0,-0.64364,-0.8296379999999999,JAM,USA,5514
425977,113,231,947,1996.0,0.0,68818.0,0.225125,-0.333293,JOR,USA,5514
425978,114,231,947,1996.0,7958334.0,142277200.0,2.858869,0.477455,JPN,USA,5514
425979,116,231,947,1996.0,0.0,374098.0,-0.470653,-0.119252,KEN,USA,5514
425980,120,231,947,1996.0,0.0,97844.0,0.49290100000000003,-0.429266,KNA,USA,5514
425981,121,231,947,1996.0,26752.0,5706709.0,1.230793,1.0548959999999998,KOR,USA,5514
425982,122,231,947,1996.0,0.0,89857.0,-0.412797,-1.1335899999999999,KWT,USA,5514
425983,124,231,947,1996.0,0.0,29609.0,-0.09233999999999999,0.127816,LBN,USA,5514
425984,125,231,947,1996.0,0.0,31890.0,-1.2208629999999998,-1.1693440000000002,LBR,USA,5514
425985,127,231,947,1996.0,0.0,7435.0,-0.027347000000000003,-0.556575,LCA,USA,5514
425986,128,231,947,1996.0,5718.0,82153.0,-0.71165,-0.320193,LKA,USA,5514
425987,130,231,947,1996.0,0.0,10050.0,0.360994,1.092575,LTU,USA,5514
425988,134,231,947,1996.0,0.0,246298.0,-0.56512,-0.31006999999999996,MAR,USA,5514
425989,136,231,947,1996.0,0.0,116896.0,-0.971575,-0.656497,MDG,USA,5514
425990,138,231,947,1996.0,3548048.0,22350324.0,0.88569,1.044068,MEX,USA,5514
425991,140,231,947,1996.0,0.0,5491.0,0.36478,0.760475,MKD,USA,5514
425992,141,231,947,1996.0,0.0,62138.0,-0.8623040000000001,-0.991231,MLI,USA,5514
425993,142,231,947,1996.0,0.0,104339.0,1.245592,0.446754,MLT,USA,5514
425994,151,231,947,1996.0,0.0,72554.0,-0.578699,-0.831889,MUS,USA,5514
425995,153,231,947,1996.0,19018.0,5404318.0,0.5493640000000001,0.248484,MYS,USA,5514
425996,159,231,947,1996.0,0.0,148413.0,-1.9253069999999999,-1.247116,NGA,USA,5514
425997,160,231,947,1996.0,0.0,75954.0,-0.810879,-0.64475,NIC,USA,5514
425998,162,231,947,1996.0,4790702.0,16173726.0,1.331177,1.6320430000000001,NLD,USA,5514
425999,163,231,947,1996.0,0.0,388972.0,0.8207270000000001,0.043619,NOR,USA,5514
426000,166,231,947,1996.0,289760.0,663896.0,0.404233,0.6724640000000001,NZL,USA,5514
426001,167,231,947,1996.0,0.0,57711.0,-0.227075,-0.9778399999999999,OMN,USA,5514
426002,168,231,947,1996.0,50948.0,252925.0,-0.759362,-0.541712,PAK,USA,5514
426003,169,231,947,1996.0,0.0,1410545.0,-0.03243,-0.326329,PAN,USA,5514
426004,173,231,947,1996.0,4850.0,1481665.0,-0.374308,-0.36733499999999997,PER,USA,5514
426005,174,231,947,1996.0,84965.0,15013350.0,0.0020329999999999997,0.40715,PHL,USA,5514
426006,177,231,947,1996.0,276201.0,2390303.0,0.806283,1.92897,POL,USA,5514
426007,179,231,947,1996.0,56727.0,137843.0,0.49924799999999997,0.9969520000000001,PRT,USA,5514
426008,180,231,947,1996.0,0.0,74747.0,-0.667054,-0.648122,PRY,USA,5514
426009,182,231,947,1996.0,29766.0,50979.0,0.9221219999999999,-0.317411,PYF,USA,5514
426010,183,231,947,1996.0,0.0,3944.0,-0.511976,-1.148631,QAT,USA,5514
426011,185,231,947,1996.0,0.0,207679.0,0.612166,1.201016,ROU,USA,5514
426012,186,231,947,1996.0,0.0,1464326.0,0.505247,0.349848,RUS,USA,5514
426013,188,231,947,1996.0,0.0,793246.0,-0.200762,-1.0419610000000001,SAU,USA,5514
426014,191,231,947,1996.0,0.0,159683.0,-0.715409,-0.8895850000000001,SEN,USA,5514
426015,192,231,947,1996.0,2163.0,5844247.0,1.288635,0.259061,SGP,USA,5514
426016,196,231,947,1996.0,0.0,7093.0,-0.0266,-0.390162,SLE,USA,5514
426017,197,231,947,1996.0,1220.0,1454701.0,-0.228625,-0.150274,SLV,USA,5514
426018,200,231,947,1996.0,0.0,21400.0,0.14088900000000001,-0.503969,SPM,USA,5514
426019,205,231,947,1996.0,43568.0,85860.0,-1.062804,-0.893763,SUR,USA,5514
426020,206,231,947,1996.0,0.0,27939.0,1.1978739999999999,1.426243,SVK,USA,5514
426021,208,231,947,1996.0,38145.0,1104314.0,2.186414,0.848194,SWE,USA,5514
426022,212,231,947,1996.0,0.0,72582.0,-1.096481,-1.0157260000000001,SYR,USA,5514
426023,213,231,947,1996.0,0.0,7788.0,-0.576331,-0.789244,TCA,USA,5514
426024,216,231,947,1996.0,52327.0,4524981.0,0.26155100000000003,1.146204,THA,USA,5514
426025,222,231,947,1996.0,3045.0,571571.0,-0.002541,-0.543624,TTO,USA,5514
426026,223,231,947,1996.0,0.0,12116.0,-0.250917,-0.057383,TUN,USA,5514
426027,224,231,947,1996.0,10006.0,26775318.0,0.07259700000000001,1.734291,TUR,USA,5514
426028,226,231,947,1996.0,0.0,15406.0,-1.186121,-0.6688390000000001,TZA,USA,5514
426029,227,231,947,1996.0,0.0,11800.0,-1.105896,-0.910169,UGA,USA,5514
426030,228,231,947,1996.0,45979.0,17675.0,0.7582479999999999,1.1207340000000001,UKR,USA,5514
426031,230,231,947,1996.0,9701.0,1266315.0,0.182427,0.689738,URY,USA,5514
426032,236,231,947,1996.0,37962.0,7336566.0,-0.039967,-0.828263,VEN,USA,5514
426033,237,231,947,1996.0,0.0,4202.0,0.430472,-0.323838,VGB,USA,5514
426034,239,231,947,1996.0,0.0,335614.0,-0.8099569999999999,-0.032258999999999996,VNM,USA,5514
426035,246,231,947,1996.0,435653.0,6328993.0,0.277171,1.489549,ZAF,USA,5514
426036,248,231,947,1996.0,0.0,19401.0,-0.46458999999999995,-0.273683,ZWE,USA,5514
426037,249,231,947,1996.0,1342.0,4129162.0,1.7375779999999998,1.4625860000000002,TWN,USA,5514
426038,6,236,947,1996.0,21939.0,0.0,-0.2426,-0.701334,ANT,VEN,5514
426039,8,236,947,1996.0,554831.0,0.0,0.007199,0.805707,ARG,VEN,5514
426040,18,236,947,1996.0,27833.0,0.0,1.5604850000000001,1.30819,BEL,VEN,5514
426041,32,236,947,1996.0,528528.0,0.0,0.8087340000000001,1.370183,BRA,VEN,5514
426042,39,236,947,1996.0,4651.0,0.0,0.970932,1.111111,CAN,VEN,5514
426043,41,236,947,1996.0,2601439.0,1627.0,2.344337,0.709607,CHE,VEN,5514
426044,49,236,947,1996.0,2080600.0,2064825.0,0.070101,0.08847999999999999,COL,VEN,5514
426045,61,236,947,1996.0,1750338.0,0.0,2.347101,-2.4792799999999997,DEU,VEN,5514
426046,64,236,947,1996.0,26563.0,0.0,1.416927,1.401766,DNK,VEN,5514
426047,65,236,947,1996.0,0.0,1600.0,-0.370096,-0.371728,DOM,VEN,5514
426048,67,236,947,1996.0,129083.0,404581.0,-1.128953,-0.960469,ECU,VEN,5514
426049,71,236,947,1996.0,1164699.0,0.0,1.157591,1.795643,ESP,VEN,5514
426050,77,236,947,1996.0,1543277.0,7249.0,1.571365,1.187529,FRA,VEN,5514
426051,81,236,947,1996.0,1722849.0,11267.0,1.948148,0.882453,GBR,VEN,5514
426052,90,236,947,1996.0,14843.0,0.0,0.21841799999999997,1.081136,GRC,VEN,5514
426053,93,236,947,1996.0,0.0,2966.0,-0.28699,0.308033,GTM,VEN,5514
426054,106,236,947,1996.0,58802.0,0.0,1.476369,1.049152,IRL,VEN,5514
426055,111,236,947,1996.0,67194.0,0.0,1.591442,0.875201,ITA,VEN,5514
426056,112,236,947,1996.0,29132.0,0.0,-0.64364,-0.8296379999999999,JAM,VEN,5514
426057,114,236,947,1996.0,0.0,18064.0,2.858869,0.477455,JPN,VEN,5514
426058,138,236,947,1996.0,2952898.0,0.0,0.88569,1.044068,MEX,VEN,5514
426059,162,236,947,1996.0,381036.0,0.0,1.331177,1.6320430000000001,NLD,VEN,5514
426060,166,236,947,1996.0,7299.0,0.0,0.404233,0.6724640000000001,NZL,VEN,5514
426061,169,236,947,1996.0,26396.0,0.0,-0.03243,-0.326329,PAN,VEN,5514
426062,173,236,947,1996.0,4427.0,9321.0,-0.374308,-0.36733499999999997,PER,VEN,5514
426063,179,236,947,1996.0,6635.0,0.0,0.49924799999999997,0.9969520000000001,PRT,VEN,5514
426064,208,236,947,1996.0,9487.0,0.0,2.186414,0.848194,SWE,VEN,5514
426065,231,236,947,1996.0,7336566.0,37962.0,1.742391,1.003066,USA,VEN,5514
426066,7,14,947,1996.0,0.0,116059.0,-0.43356400000000006,-0.8715719999999999,ARE,AUS,5514
426067,8,14,947,1996.0,0.0,22477.0,0.007199,0.805707,ARG,AUS,5514
426068,15,14,947,1996.0,4355.0,0.0,2.012626,0.395525,AUT,AUS,5514
426069,18,14,947,1996.0,100798.0,0.0,1.5604850000000001,1.30819,BEL,AUS,5514
426070,32,14,947,1996.0,0.0,1650.0,0.8087340000000001,1.370183,BRA,AUS,5514
426071,34,14,947,1996.0,0.0,1293.0,-0.661198,-0.801408,BRN,AUS,5514
426072,39,14,947,1996.0,82332.0,27128.0,0.970932,1.111111,CAN,AUS,5514
426073,41,14,947,1996.0,4927194.0,7643.0,2.344337,0.709607,CHE,AUS,5514
426074,43,14,947,1996.0,141502.0,152443.0,0.383975,2.197461,CHN,AUS,5514
426075,49,14,947,1996.0,0.0,39126.0,0.070101,0.08847999999999999,COL,AUS,5514
426076,61,14,947,1996.0,2825216.0,13532.0,2.347101,-2.4792799999999997,DEU,AUS,5514
426077,64,14,947,1996.0,674608.0,6135.0,1.416927,1.401766,DNK,AUS,5514
426078,71,14,947,1996.0,19479.0,0.0,1.157591,1.795643,ESP,AUS,5514
426079,75,14,947,1996.0,0.0,409462.0,-0.801999,-0.9148850000000001,FJI,AUS,5514
426080,77,14,947,1996.0,2530484.0,14405.0,1.571365,1.187529,FRA,AUS,5514
426081,81,14,947,1996.0,6639405.0,69111.0,1.948148,0.882453,GBR,AUS,5514
426082,90,14,947,1996.0,1575.0,0.0,0.21841799999999997,1.081136,GRC,AUS,5514
426083,97,14,947,1996.0,2532459.0,4635584.0,0.699041,1.8341720000000001,HKG,AUS,5514
426084,103,14,947,1996.0,48069.0,4589362.0,-0.25952,1.343972,IDN,AUS,5514
426085,104,14,947,1996.0,8315.0,14393.0,0.145769,1.983642,IND,AUS,5514
426086,106,14,947,1996.0,1525185.0,0.0,1.476369,1.049152,IRL,AUS,5514
426087,110,14,947,1996.0,25663.0,0.0,1.159922,1.025777,ISR,AUS,5514
426088,111,14,947,1996.0,291187.0,5884.0,1.591442,0.875201,ITA,AUS,5514
426089,114,14,947,1996.0,1326333.0,184041.0,2.858869,0.477455,JPN,AUS,5514
426090,116,14,947,1996.0,0.0,4727.0,-0.470653,-0.119252,KEN,AUS,5514
426091,118,14,947,1996.0,0.0,12673.0,-0.9007299999999999,-0.9713620000000001,KHM,AUS,5514
426092,121,14,947,1996.0,1325.0,159513.0,1.230793,1.0548959999999998,KOR,AUS,5514
426093,133,14,947,1996.0,0.0,2182.0,-0.089625,-0.42184499999999997,MAC,AUS,5514
426094,138,14,947,1996.0,15367.0,1849.0,0.88569,1.044068,MEX,AUS,5514
426095,143,14,947,1996.0,0.0,48849.0,-1.3258219999999998,-1.068414,MMR,AUS,5514
426096,151,14,947,1996.0,0.0,41578.0,-0.578699,-0.831889,MUS,AUS,5514
426097,153,14,947,1996.0,0.0,997346.0,0.5493640000000001,0.248484,MYS,AUS,5514
426098,156,14,947,1996.0,0.0,76843.0,-0.994661,-0.827312,NCL,AUS,5514
426099,162,14,947,1996.0,1050734.0,59135.0,1.331177,1.6320430000000001,NLD,AUS,5514
426100,163,14,947,1996.0,0.0,2150.0,0.8207270000000001,0.043619,NOR,AUS,5514
426101,166,14,947,1996.0,182017.0,4330422.0,0.404233,0.6724640000000001,NZL,AUS,5514
426102,167,14,947,1996.0,0.0,42373.0,-0.227075,-0.9778399999999999,OMN,AUS,5514
426103,168,14,947,1996.0,0.0,4692.0,-0.759362,-0.541712,PAK,AUS,5514
426104,174,14,947,1996.0,64177.0,738673.0,0.0020329999999999997,0.40715,PHL,AUS,5514
426105,176,14,947,1996.0,0.0,1318520.0,-1.918864,-1.24327,PNG,AUS,5514
426106,182,14,947,1996.0,0.0,12830.0,0.9221219999999999,-0.317411,PYF,AUS,5514
426107,185,14,947,1996.0,0.0,7553.0,0.612166,1.201016,ROU,AUS,5514
426108,188,14,947,1996.0,0.0,8092.0,-0.200762,-1.0419610000000001,SAU,AUS,5514
426109,192,14,947,1996.0,4710676.0,623861.0,1.288635,0.259061,SGP,AUS,5514
426110,195,14,947,1996.0,0.0,52991.0,-1.6314629999999999,-0.917385,SLB,AUS,5514
426111,207,14,947,1996.0,6814.0,1566.0,1.352015,1.396593,SVN,AUS,5514
426112,208,14,947,1996.0,16428.0,0.0,2.186414,0.848194,SWE,AUS,5514
426113,216,14,947,1996.0,47982.0,1159234.0,0.26155100000000003,1.146204,THA,AUS,5514
426114,221,14,947,1996.0,0.0,10270.0,-0.607237,-0.864383,TON,AUS,5514
426115,222,14,947,1996.0,63995.0,0.0,-0.002541,-0.543624,TTO,AUS,5514
426116,224,14,947,1996.0,0.0,2799.0,0.07259700000000001,1.734291,TUR,AUS,5514
426117,231,14,947,1996.0,6563662.0,212727.0,1.742391,1.003066,USA,AUS,5514
426118,239,14,947,1996.0,0.0,39221.0,-0.8099569999999999,-0.032258999999999996,VNM,AUS,5514
426119,240,14,947,1996.0,0.0,8816.0,-0.78354,-0.903761,VUT,AUS,5514
426120,242,14,947,1996.0,0.0,35245.0,-0.529907,-0.797609,WSM,AUS,5514
426121,246,14,947,1996.0,9810.0,32803.0,0.277171,1.489549,ZAF,AUS,5514
426122,248,14,947,1996.0,0.0,3158.0,-0.46458999999999995,-0.273683,ZWE,AUS,5514
426123,249,14,947,1996.0,15964.0,523924.0,1.7375779999999998,1.4625860000000002,TWN,AUS,5514
426124,250,14,947,1996.0,40690.0,0.0,1.153784,0.831677,ANS,AUS,5514
426125,111,16,947,1996.0,1436.0,0.0,1.591442,0.875201,ITA,AZE,5514
426126,186,16,947,1996.0,6052.0,0.0,0.505247,0.349848,RUS,AZE,5514
426127,208,16,947,1996.0,19339.0,0.0,2.186414,0.848194,SWE,AZE,5514
426128,224,16,947,1996.0,1158.0,0.0,0.07259700000000001,1.734291,TUR,AZE,5514
426129,7,22,947,1996.0,72155.0,0.0,-0.43356400000000006,-0.8715719999999999,ARE,BGD,5514
426130,41,22,947,1996.0,207171.0,0.0,2.344337,0.709607,CHE,BGD,5514
426131,43,22,947,1996.0,224345.0,0.0,0.383975,2.197461,CHN,BGD,5514
426132,61,22,947,1996.0,350219.0,0.0,2.347101,-2.4792799999999997,DEU,BGD,5514
426133,64,22,947,1996.0,30224.0,0.0,1.416927,1.401766,DNK,BGD,5514
426134,77,22,947,1996.0,160761.0,0.0,1.571365,1.187529,FRA,BGD,5514
426135,81,22,947,1996.0,694692.0,0.0,1.948148,0.882453,GBR,BGD,5514
426136,97,22,947,1996.0,73191.0,0.0,0.699041,1.8341720000000001,HKG,BGD,5514
426137,104,22,947,1996.0,102575.0,0.0,0.145769,1.983642,IND,BGD,5514
426138,106,22,947,1996.0,876543.0,0.0,1.476369,1.049152,IRL,BGD,5514
426139,111,22,947,1996.0,10439.0,0.0,1.591442,0.875201,ITA,BGD,5514
426140,112,22,947,1996.0,144658.0,0.0,-0.64364,-0.8296379999999999,JAM,BGD,5514
426141,114,22,947,1996.0,36034.0,0.0,2.858869,0.477455,JPN,BGD,5514
426142,162,22,947,1996.0,223320.0,0.0,1.331177,1.6320430000000001,NLD,BGD,5514
426143,192,22,947,1996.0,1606020.0,4274.0,1.288635,0.259061,SGP,BGD,5514
426144,231,22,947,1996.0,98743.0,0.0,1.742391,1.003066,USA,BGD,5514
426145,249,22,947,1996.0,1591.0,0.0,1.7375779999999998,1.4625860000000002,TWN,BGD,5514
426146,250,22,947,1996.0,8261.0,0.0,1.153784,0.831677,ANS,BGD,5514
426147,4,23,947,1996.0,0.0,14296.0,-0.42357399999999995,0.090179,ALB,BGR,5514
426148,7,23,947,1996.0,0.0,1602.0,-0.43356400000000006,-0.8715719999999999,ARE,BGR,5514
426149,9,23,947,1996.0,0.0,64877.0,1.0178040000000002,0.156363,ARM,BGR,5514
426150,15,23,947,1996.0,365015.0,4898.0,2.012626,0.395525,AUT,BGR,5514
426151,18,23,947,1996.0,77752.0,0.0,1.5604850000000001,1.30819,BEL,BGR,5514
426152,32,23,947,1996.0,50015.0,0.0,0.8087340000000001,1.370183,BRA,BGR,5514
426153,41,23,947,1996.0,449277.0,0.0,2.344337,0.709607,CHE,BGR,5514
426154,43,23,947,1996.0,2775.0,0.0,0.383975,2.197461,CHN,BGR,5514
426155,49,23,947,1996.0,0.0,19658.0,0.070101,0.08847999999999999,COL,BGR,5514
426156,61,23,947,1996.0,1818925.0,27805.0,2.347101,-2.4792799999999997,DEU,BGR,5514
426157,64,23,947,1996.0,3138.0,0.0,1.416927,1.401766,DNK,BGR,5514
426158,68,23,947,1996.0,21380.0,0.0,-0.405938,-0.209619,EGY,BGR,5514
426159,77,23,947,1996.0,3324473.0,0.0,1.571365,1.187529,FRA,BGR,5514
426160,81,23,947,1996.0,1077406.0,40920.0,1.948148,0.882453,GBR,BGR,5514
426161,82,23,947,1996.0,0.0,23766.0,0.28868499999999997,0.115705,GEO,BGR,5514
426162,90,23,947,1996.0,57935.0,0.0,0.21841799999999997,1.081136,GRC,BGR,5514
426163,100,23,947,1996.0,0.0,153792.0,0.739223,1.3032030000000001,HRV,BGR,5514
426164,106,23,947,1996.0,287637.0,0.0,1.476369,1.049152,IRL,BGR,5514
426165,110,23,947,1996.0,11408.0,0.0,1.159922,1.025777,ISR,BGR,5514
426166,111,23,947,1996.0,64207.0,0.0,1.591442,0.875201,ITA,BGR,5514
426167,130,23,947,1996.0,0.0,25546.0,0.360994,1.092575,LTU,BGR,5514
426168,135,23,947,1996.0,0.0,7704.0,0.193705,0.10853,MDA,BGR,5514
426169,140,23,947,1996.0,0.0,1056062.0,0.36478,0.760475,MKD,BGR,5514
426170,142,23,947,1996.0,0.0,75908.0,1.245592,0.446754,MLT,BGR,5514
426171,145,23,947,1996.0,0.0,3776.0,-0.279007,-0.948549,MNG,BGR,5514
426172,159,23,947,1996.0,0.0,102987.0,-1.9253069999999999,-1.247116,NGA,BGR,5514
426173,162,23,947,1996.0,980824.0,21371.0,1.331177,1.6320430000000001,NLD,BGR,5514
426174,173,23,947,1996.0,0.0,3076.0,-0.374308,-0.36733499999999997,PER,BGR,5514
426175,177,23,947,1996.0,31978.0,2093.0,0.806283,1.92897,POL,BGR,5514
426176,185,23,947,1996.0,0.0,20131.0,0.612166,1.201016,ROU,BGR,5514
426177,186,23,947,1996.0,13080.0,299427.0,0.505247,0.349848,RUS,BGR,5514
426178,189,23,947,1996.0,0.0,863746.0,0.699084,2.2900150000000004,SCG,BGR,5514
426179,190,23,947,1996.0,0.0,1097.0,-1.342853,-1.183092,SDN,BGR,5514
426180,208,23,947,1996.0,234528.0,0.0,2.186414,0.848194,SWE,BGR,5514
426181,224,23,947,1996.0,70089.0,52332.0,0.07259700000000001,1.734291,TUR,BGR,5514
426182,228,23,947,1996.0,0.0,294399.0,0.7582479999999999,1.1207340000000001,UKR,BGR,5514
426183,231,23,947,1996.0,9466.0,0.0,1.742391,1.003066,USA,BGR,5514
426184,232,23,947,1996.0,0.0,21067.0,-0.139651,-0.670652,UZB,BGR,5514
426185,246,23,947,1996.0,0.0,1818.0,0.277171,1.489549,ZAF,BGR,5514
426186,7,39,947,1996.0,0.0,9978.0,-0.43356400000000006,-0.8715719999999999,ARE,CAN,5514
426187,8,39,947,1996.0,5949.0,0.0,0.007199,0.805707,ARG,CAN,5514
426188,14,39,947,1996.0,27128.0,82332.0,0.025253,0.6428189999999999,AUS,CAN,5514
426189,15,39,947,1996.0,7375.0,5679.0,2.012626,0.395525,AUT,CAN,5514
426190,18,39,947,1996.0,117568.0,0.0,1.5604850000000001,1.30819,BEL,CAN,5514
426191,32,39,947,1996.0,4338.0,5320.0,0.8087340000000001,1.370183,BRA,CAN,5514
426192,33,39,947,1996.0,0.0,3354.0,0.599391,0.065208,BRB,CAN,5514
426193,41,39,947,1996.0,754954.0,9776.0,2.344337,0.709607,CHE,CAN,5514
426194,42,39,947,1996.0,0.0,8636.0,-0.161334,-0.301695,CHL,CAN,5514
426195,43,39,947,1996.0,16376.0,2602.0,0.383975,2.197461,CHN,CAN,5514
426196,49,39,947,1996.0,0.0,7395.0,0.070101,0.08847999999999999,COL,CAN,5514
426197,54,39,947,1996.0,0.0,3560.0,-0.7669229999999999,-1.140361,CUB,CAN,5514
426198,61,39,947,1996.0,816671.0,60687.0,2.347101,-2.4792799999999997,DEU,CAN,5514
426199,64,39,947,1996.0,114573.0,0.0,1.416927,1.401766,DNK,CAN,5514
426200,66,39,947,1996.0,0.0,42900.0,-0.478062,-1.107679,DZA,CAN,5514
426201,67,39,947,1996.0,0.0,1853.0,-1.128953,-0.960469,ECU,CAN,5514
426202,68,39,947,1996.0,0.0,5376.0,-0.405938,-0.209619,EGY,CAN,5514
426203,71,39,947,1996.0,21127.0,174262.0,1.157591,1.795643,ESP,CAN,5514
426204,74,39,947,1996.0,0.0,1550.0,2.007619,1.016303,FIN,CAN,5514
426205,77,39,947,1996.0,1174627.0,10172.0,1.571365,1.187529,FRA,CAN,5514
426206,81,39,947,1996.0,790311.0,310469.0,1.948148,0.882453,GBR,CAN,5514
426207,90,39,947,1996.0,6535.0,0.0,0.21841799999999997,1.081136,GRC,CAN,5514
426208,93,39,947,1996.0,1052.0,0.0,-0.28699,0.308033,GTM,CAN,5514
426209,96,39,947,1996.0,0.0,2274.0,-0.618346,-0.7723760000000001,GUY,CAN,5514
426210,97,39,947,1996.0,18013.0,102756.0,0.699041,1.8341720000000001,HKG,CAN,5514
426211,103,39,947,1996.0,10762.0,18133.0,-0.25952,1.343972,IDN,CAN,5514
426212,104,39,947,1996.0,7922.0,0.0,0.145769,1.983642,IND,CAN,5514
426213,106,39,947,1996.0,47830.0,35242.0,1.476369,1.049152,IRL,CAN,5514
426214,110,39,947,1996.0,56490.0,0.0,1.159922,1.025777,ISR,CAN,5514
426215,111,39,947,1996.0,360888.0,19411.0,1.591442,0.875201,ITA,CAN,5514
426216,112,39,947,1996.0,16574.0,15864.0,-0.64364,-0.8296379999999999,JAM,CAN,5514
426217,114,39,947,1996.0,55521.0,553832.0,2.858869,0.477455,JPN,CAN,5514
426218,121,39,947,1996.0,0.0,33993.0,1.230793,1.0548959999999998,KOR,CAN,5514
426219,122,39,947,1996.0,0.0,6777.0,-0.412797,-1.1335899999999999,KWT,CAN,5514
426220,128,39,947,1996.0,1583.0,0.0,-0.71165,-0.320193,LKA,CAN,5514
426221,134,39,947,1996.0,11758.0,0.0,-0.56512,-0.31006999999999996,MAR,CAN,5514
426222,138,39,947,1996.0,32506.0,10500.0,0.88569,1.044068,MEX,CAN,5514
426223,153,39,947,1996.0,0.0,11094.0,0.5493640000000001,0.248484,MYS,CAN,5514
426224,162,39,947,1996.0,412373.0,36542.0,1.331177,1.6320430000000001,NLD,CAN,5514
426225,163,39,947,1996.0,8088.0,0.0,0.8207270000000001,0.043619,NOR,CAN,5514
426226,166,39,947,1996.0,8497.0,12481.0,0.404233,0.6724640000000001,NZL,CAN,5514
426227,174,39,947,1996.0,0.0,134036.0,0.0020329999999999997,0.40715,PHL,CAN,5514
426228,177,39,947,1996.0,106025.0,0.0,0.806283,1.92897,POL,CAN,5514
426229,179,39,947,1996.0,0.0,26737.0,0.49924799999999997,0.9969520000000001,PRT,CAN,5514
426230,188,39,947,1996.0,0.0,27933.0,-0.200762,-1.0419610000000001,SAU,CAN,5514
426231,190,39,947,1996.0,0.0,4243.0,-1.342853,-1.183092,SDN,CAN,5514
426232,192,39,947,1996.0,0.0,61611.0,1.288635,0.259061,SGP,CAN,5514
426233,197,39,947,1996.0,0.0,1457.0,-0.228625,-0.150274,SLV,CAN,5514
426234,208,39,947,1996.0,32863.0,0.0,2.186414,0.848194,SWE,CAN,5514
426235,216,39,947,1996.0,95964.0,0.0,0.26155100000000003,1.146204,THA,CAN,5514
426236,222,39,947,1996.0,0.0,156030.0,-0.002541,-0.543624,TTO,CAN,5514
426237,223,39,947,1996.0,1451.0,0.0,-0.250917,-0.057383,TUN,CAN,5514
426238,231,39,947,1996.0,138176192.0,14600523.0,1.742391,1.003066,USA,CAN,5514
426239,236,39,947,1996.0,0.0,4651.0,-0.039967,-0.828263,VEN,CAN,5514
426240,246,39,947,1996.0,0.0,2781.0,0.277171,1.489549,ZAF,CAN,5514
426241,249,39,947,1996.0,1131.0,0.0,1.7375779999999998,1.4625860000000002,TWN,CAN,5514
426242,250,39,947,1996.0,9449.0,0.0,1.153784,0.831677,ANS,CAN,5514
426243,1,41,947,1996.0,0.0,20656.0,-0.760436,-0.864967,AFG,CHE,5514
426244,2,41,947,1996.0,0.0,4715.0,-2.314454,-1.236453,AGO,CHE,5514
426245,6,41,947,1996.0,0.0,270434.0,-0.2426,-0.701334,ANT,CHE,5514
426246,7,41,947,1996.0,9020.0,3030959.0,-0.43356400000000006,-0.8715719999999999,ARE,CHE,5514
426247,8,41,947,1996.0,0.0,9149686.0,0.007199,0.805707,ARG,CHE,5514
426248,13,41,947,1996.0,0.0,7938.0,0.463841,-0.048698000000000005,ATG,CHE,5514
426249,14,41,947,1996.0,7643.0,4927194.0,0.025253,0.6428189999999999,AUS,CHE,5514
426250,15,41,947,1996.0,230053.0,7863570.0,2.012626,0.395525,AUT,CHE,5514
426251,18,41,947,1996.0,304506.0,7034930.0,1.5604850000000001,1.30819,BEL,CHE,5514
426252,22,41,947,1996.0,0.0,207171.0,-0.751219,-0.9638329999999999,BGD,CHE,5514
426253,23,41,947,1996.0,0.0,449277.0,0.510789,1.749248,BGR,CHE,5514
426254,24,41,947,1996.0,0.0,306264.0,-0.359199,-0.9925,BHR,CHE,5514
426255,26,41,947,1996.0,0.0,15566.0,0.5718949999999999,0.991791,BIH,CHE,5514
426256,31,41,947,1996.0,0.0,263163.0,-0.5529930000000001,-0.600893,BOL,CHE,5514
426257,32,41,947,1996.0,12028.0,6594337.0,0.8087340000000001,1.370183,BRA,CHE,5514
426258,33,41,947,1996.0,0.0,43658.0,0.599391,0.065208,BRB,CHE,5514
426259,34,41,947,1996.0,0.0,4814.0,-0.661198,-0.801408,BRN,CHE,5514
426260,39,41,947,1996.0,9776.0,754954.0,0.970932,1.111111,CAN,CHE,5514
426261,42,41,947,1996.0,34874.0,6418279.0,-0.161334,-0.301695,CHL,CHE,5514
426262,43,41,947,1996.0,11124.0,233118.0,0.383975,2.197461,CHN,CHE,5514
426263,44,41,947,1996.0,0.0,1065312.0,-0.890915,-0.8165399999999999,CIV,CHE,5514
426264,45,41,947,1996.0,0.0,67622.0,-1.172534,-1.099308,CMR,CHE,5514
426265,46,41,947,1996.0,0.0,100007.0,-1.288889,-1.129638,COD,CHE,5514
426266,49,41,947,1996.0,11802.0,8043708.0,0.070101,0.08847999999999999,COL,CHE,5514
426267,52,41,947,1996.0,2346.0,1151777.0,-0.23773000000000002,0.101373,CRI,CHE,5514
426268,54,41,947,1996.0,0.0,234702.0,-0.7669229999999999,-1.140361,CUB,CHE,5514
426269,58,41,947,1996.0,0.0,334227.0,0.11774200000000001,0.044968,CYP,CHE,5514
426270,59,41,947,1996.0,5818.0,2688728.0,1.412088,1.171914,CZE,CHE,5514
426271,61,41,947,1996.0,14650147.0,93391176.0,2.347101,-2.4792799999999997,DEU,CHE,5514
426272,62,41,947,1996.0,0.0,1477.0,-0.152976,-0.573654,DJI,CHE,5514
426273,63,41,947,1996.0,0.0,64691.0,0.521576,-0.075879,DMA,CHE,5514
426274,64,41,947,1996.0,348611.0,2275754.0,1.416927,1.401766,DNK,CHE,5514
426275,65,41,947,1996.0,0.0,1015092.0,-0.370096,-0.371728,DOM,CHE,5514
426276,66,41,947,1996.0,0.0,172141.0,-0.478062,-1.107679,DZA,CHE,5514
426277,67,41,947,1996.0,0.0,1218992.0,-1.128953,-0.960469,ECU,CHE,5514
426278,68,41,947,1996.0,0.0,1468872.0,-0.405938,-0.209619,EGY,CHE,5514
426279,71,41,947,1996.0,1717195.0,14943415.0,1.157591,1.795643,ESP,CHE,5514
426280,72,41,947,1996.0,0.0,2935.0,0.445854,1.115429,EST,CHE,5514
426281,73,41,947,1996.0,0.0,7572.0,-1.072519,-1.169486,ETH,CHE,5514
426282,74,41,947,1996.0,0.0,1556832.0,2.007619,1.016303,FIN,CHE,5514
426283,75,41,947,1996.0,0.0,8632.0,-0.801999,-0.9148850000000001,FJI,CHE,5514
426284,77,41,947,1996.0,21906916.0,102131704.0,1.571365,1.187529,FRA,CHE,5514
426285,81,41,947,1996.0,5227794.0,55469004.0,1.948148,0.882453,GBR,CHE,5514
426286,83,41,947,1996.0,0.0,446674.0,-1.037413,-1.019025,GHA,CHE,5514
426287,90,41,947,1996.0,0.0,5428506.0,0.21841799999999997,1.081136,GRC,CHE,5514
426288,93,41,947,1996.0,0.0,1096091.0,-0.28699,0.308033,GTM,CHE,5514
426289,97,41,947,1996.0,6481.0,3913840.0,0.699041,1.8341720000000001,HKG,CHE,5514
426290,99,41,947,1996.0,4912.0,386243.0,-0.57404,-0.594276,HND,CHE,5514
426291,100,41,947,1996.0,0.0,30689.0,0.739223,1.3032030000000001,HRV,CHE,5514
426292,101,41,947,1996.0,0.0,617043.0,-0.7161029999999999,-0.737263,HTI,CHE,5514
426293,102,41,947,1996.0,11056.0,4279323.0,0.905526,1.887735,HUN,CHE,5514
426294,103,41,947,1996.0,1602.0,4634029.0,-0.25952,1.343972,IDN,CHE,5514
426295,104,41,947,1996.0,6521.0,1533057.0,0.145769,1.983642,IND,CHE,5514
426296,106,41,947,1996.0,48882044.0,2388666.0,1.476369,1.049152,IRL,CHE,5514
426297,107,41,947,1996.0,12872.0,1123369.0,-1.0058129999999998,-1.215661,IRN,CHE,5514
426298,109,41,947,1996.0,0.0,22105.0,0.10151,-0.44307799999999997,ISL,CHE,5514
426299,110,41,947,1996.0,2599871.0,3337241.0,1.159922,1.025777,ISR,CHE,5514
426300,111,41,947,1996.0,1500268.0,44849296.0,1.591442,0.875201,ITA,CHE,5514
426301,112,41,947,1996.0,0.0,37991.0,-0.64364,-0.8296379999999999,JAM,CHE,5514
426302,113,41,947,1996.0,0.0,483157.0,0.225125,-0.333293,JOR,CHE,5514
426303,114,41,947,1996.0,350124.0,18956588.0,2.858869,0.477455,JPN,CHE,5514
426304,115,41,947,1996.0,0.0,191368.0,0.455772,0.16361099999999998,KAZ,CHE,5514
426305,116,41,947,1996.0,0.0,520937.0,-0.470653,-0.119252,KEN,CHE,5514
426306,121,41,947,1996.0,1921.0,3334754.0,1.230793,1.0548959999999998,KOR,CHE,5514
426307,122,41,947,1996.0,0.0,349229.0,-0.412797,-1.1335899999999999,KWT,CHE,5514
426308,124,41,947,1996.0,73568.0,418299.0,-0.09233999999999999,0.127816,LBN,CHE,5514
426309,125,41,947,1996.0,0.0,6849.0,-1.2208629999999998,-1.1693440000000002,LBR,CHE,5514
426310,128,41,947,1996.0,0.0,619054.0,-0.71165,-0.320193,LKA,CHE,5514
426311,130,41,947,1996.0,29487.0,0.0,0.360994,1.092575,LTU,CHE,5514
426312,132,41,947,1996.0,60258.0,5097.0,0.255258,0.42505299999999996,LVA,CHE,5514
426313,134,41,947,1996.0,3666.0,958930.0,-0.56512,-0.31006999999999996,MAR,CHE,5514
426314,135,41,947,1996.0,41084.0,0.0,0.193705,0.10853,MDA,CHE,5514
426315,136,41,947,1996.0,0.0,15821.0,-0.971575,-0.656497,MDG,CHE,5514
426316,138,41,947,1996.0,55518.0,12564828.0,0.88569,1.044068,MEX,CHE,5514
426317,140,41,947,1996.0,0.0,130024.0,0.36478,0.760475,MKD,CHE,5514
426318,141,41,947,1996.0,0.0,27008.0,-0.8623040000000001,-0.991231,MLI,CHE,5514
426319,142,41,947,1996.0,0.0,143671.0,1.245592,0.446754,MLT,CHE,5514
426320,143,41,947,1996.0,0.0,41094.0,-1.3258219999999998,-1.068414,MMR,CHE,5514
426321,151,41,947,1996.0,0.0,359837.0,-0.578699,-0.831889,MUS,CHE,5514
426322,152,41,947,1996.0,0.0,15853.0,-1.203751,-1.003757,MWI,CHE,5514
426323,153,41,947,1996.0,0.0,263677.0,0.5493640000000001,0.248484,MYS,CHE,5514
426324,159,41,947,1996.0,0.0,404937.0,-1.9253069999999999,-1.247116,NGA,CHE,5514
426325,160,41,947,1996.0,0.0,197418.0,-0.810879,-0.64475,NIC,CHE,5514
426326,162,41,947,1996.0,5059986.0,11633362.0,1.331177,1.6320430000000001,NLD,CHE,5514
426327,163,41,947,1996.0,36167.0,938543.0,0.8207270000000001,0.043619,NOR,CHE,5514
426328,166,41,947,1996.0,0.0,594224.0,0.404233,0.6724640000000001,NZL,CHE,5514
426329,167,41,947,1996.0,0.0,502671.0,-0.227075,-0.9778399999999999,OMN,CHE,5514
426330,168,41,947,1996.0,0.0,1188010.0,-0.759362,-0.541712,PAK,CHE,5514
426331,169,41,947,1996.0,0.0,799317.0,-0.03243,-0.326329,PAN,CHE,5514
426332,173,41,947,1996.0,0.0,800941.0,-0.374308,-0.36733499999999997,PER,CHE,5514
426333,174,41,947,1996.0,0.0,1623678.0,0.0020329999999999997,0.40715,PHL,CHE,5514
426334,177,41,947,1996.0,51020.0,9813678.0,0.806283,1.92897,POL,CHE,5514
426335,179,41,947,1996.0,3060.0,3243536.0,0.49924799999999997,0.9969520000000001,PRT,CHE,5514
426336,180,41,947,1996.0,0.0,64326.0,-0.667054,-0.648122,PRY,CHE,5514
426337,183,41,947,1996.0,0.0,22210.0,-0.511976,-1.148631,QAT,CHE,5514
426338,185,41,947,1996.0,0.0,959404.0,0.612166,1.201016,ROU,CHE,5514
426339,186,41,947,1996.0,0.0,2542348.0,0.505247,0.349848,RUS,CHE,5514
426340,187,41,947,1996.0,0.0,2364.0,0.048038,-0.5664020000000001,RWA,CHE,5514
426341,188,41,947,1996.0,0.0,3123342.0,-0.200762,-1.0419610000000001,SAU,CHE,5514
426342,189,41,947,1996.0,0.0,298103.0,0.699084,2.2900150000000004,SCG,CHE,5514
426343,190,41,947,1996.0,0.0,33733.0,-1.342853,-1.183092,SDN,CHE,5514
426344,191,41,947,1996.0,0.0,150437.0,-0.715409,-0.8895850000000001,SEN,CHE,5514
426345,192,41,947,1996.0,0.0,15780852.0,1.288635,0.259061,SGP,CHE,5514
426346,197,41,947,1996.0,0.0,645010.0,-0.228625,-0.150274,SLV,CHE,5514
426347,206,41,947,1996.0,7102.0,321051.0,1.1978739999999999,1.426243,SVK,CHE,5514
426348,207,41,947,1996.0,3284.0,669838.0,1.352015,1.396593,SVN,CHE,5514
426349,208,41,947,1996.0,382016.0,3132880.0,2.186414,0.848194,SWE,CHE,5514
426350,212,41,947,1996.0,0.0,891279.0,-1.096481,-1.0157260000000001,SYR,CHE,5514
426351,215,41,947,1996.0,0.0,1923.0,-0.879626,-0.748842,TGO,CHE,5514
426352,216,41,947,1996.0,57342.0,906280.0,0.26155100000000003,1.146204,THA,CHE,5514
426353,222,41,947,1996.0,0.0,255337.0,-0.002541,-0.543624,TTO,CHE,5514
426354,223,41,947,1996.0,1606.0,461232.0,-0.250917,-0.057383,TUN,CHE,5514
426355,224,41,947,1996.0,4244.0,12473569.0,0.07259700000000001,1.734291,TUR,CHE,5514
426356,226,41,947,1996.0,0.0,17064.0,-1.186121,-0.6688390000000001,TZA,CHE,5514
426357,227,41,947,1996.0,0.0,9356.0,-1.105896,-0.910169,UGA,CHE,5514
426358,228,41,947,1996.0,0.0,191618.0,0.7582479999999999,1.1207340000000001,UKR,CHE,5514
426359,230,41,947,1996.0,0.0,630691.0,0.182427,0.689738,URY,CHE,5514
426360,231,41,947,1996.0,8051859.0,32895464.0,1.742391,1.003066,USA,CHE,5514
426361,236,41,947,1996.0,1627.0,2601439.0,-0.039967,-0.828263,VEN,CHE,5514
426362,239,41,947,1996.0,0.0,64658.0,-0.8099569999999999,-0.032258999999999996,VNM,CHE,5514
426363,243,41,947,1996.0,0.0,498984.0,-1.395,-1.26641,YEM,CHE,5514
426364,246,41,947,1996.0,3533.0,16894502.0,0.277171,1.489549,ZAF,CHE,5514
426365,247,41,947,1996.0,0.0,18325.0,-0.58634,-0.796772,ZMB,CHE,5514
426366,248,41,947,1996.0,0.0,554811.0,-0.46458999999999995,-0.273683,ZWE,CHE,5514
426367,249,41,947,1996.0,0.0,2121544.0,1.7375779999999998,1.4625860000000002,TWN,CHE,5514
426368,250,41,947,1996.0,0.0,2480.0,1.153784,0.831677,ANS,CHE,5514
426369,8,42,947,1996.0,3396129.0,44186.0,0.007199,0.805707,ARG,CHL,5514
426370,18,42,947,1996.0,4310.0,0.0,1.5604850000000001,1.30819,BEL,CHL,5514
426371,31,42,947,1996.0,0.0,614516.0,-0.5529930000000001,-0.600893,BOL,CHL,5514
426372,32,42,947,1996.0,634498.0,7221.0,0.8087340000000001,1.370183,BRA,CHL,5514
426373,39,42,947,1996.0,8636.0,0.0,0.970932,1.111111,CAN,CHL,5514
426374,41,42,947,1996.0,6418279.0,34874.0,2.344337,0.709607,CHE,CHL,5514
426375,49,42,947,1996.0,200887.0,0.0,0.070101,0.08847999999999999,COL,CHL,5514
426376,52,42,947,1996.0,0.0,21689.0,-0.23773000000000002,0.101373,CRI,CHL,5514
426377,61,42,947,1996.0,3202370.0,19715.0,2.347101,-2.4792799999999997,DEU,CHL,5514
426378,64,42,947,1996.0,26296.0,0.0,1.416927,1.401766,DNK,CHL,5514
426379,67,42,947,1996.0,0.0,86936.0,-1.128953,-0.960469,ECU,CHL,5514
426380,71,42,947,1996.0,305778.0,15343.0,1.157591,1.795643,ESP,CHL,5514
426381,77,42,947,1996.0,2124134.0,0.0,1.571365,1.187529,FRA,CHL,5514
426382,81,42,947,1996.0,4308682.0,2507.0,1.948148,0.882453,GBR,CHL,5514
426383,93,42,947,1996.0,0.0,1001.0,-0.28699,0.308033,GTM,CHL,5514
426384,104,42,947,1996.0,4805.0,0.0,0.145769,1.983642,IND,CHL,5514
426385,106,42,947,1996.0,3939083.0,5552.0,1.476369,1.049152,IRL,CHL,5514
426386,110,42,947,1996.0,4487.0,0.0,1.159922,1.025777,ISR,CHL,5514
426387,111,42,947,1996.0,30570.0,0.0,1.591442,0.875201,ITA,CHL,5514
426388,114,42,947,1996.0,47965.0,0.0,2.858869,0.477455,JPN,CHL,5514
426389,138,42,947,1996.0,539809.0,19218.0,0.88569,1.044068,MEX,CHL,5514
426390,162,42,947,1996.0,669295.0,0.0,1.331177,1.6320430000000001,NLD,CHL,5514
426391,169,42,947,1996.0,0.0,1733.0,-0.03243,-0.326329,PAN,CHL,5514
426392,173,42,947,1996.0,337807.0,132996.0,-0.374308,-0.36733499999999997,PER,CHL,5514
426393,180,42,947,1996.0,0.0,21631.0,-0.667054,-0.648122,PRY,CHL,5514
426394,188,42,947,1996.0,0.0,2984.0,-0.200762,-1.0419610000000001,SAU,CHL,5514
426395,208,42,947,1996.0,22522.0,0.0,2.186414,0.848194,SWE,CHL,5514
426396,230,42,947,1996.0,2169.0,8383.0,0.182427,0.689738,URY,CHL,5514
426397,231,42,947,1996.0,5788618.0,982897.0,1.742391,1.003066,USA,CHL,5514
426398,15,59,947,1996.0,3941019.0,10534.0,2.012626,0.395525,AUT,CZE,5514
426399,18,59,947,1996.0,735751.0,0.0,1.5604850000000001,1.30819,BEL,CZE,5514
426400,28,59,947,1996.0,0.0,30518.0,0.785274,1.0126899999999999,BLR,CZE,5514
426401,41,59,947,1996.0,2688728.0,5818.0,2.344337,0.709607,CHE,CZE,5514
426402,43,59,947,1996.0,4842.0,0.0,0.383975,2.197461,CHN,CZE,5514
426403,61,59,947,1996.0,13268550.0,201618.0,2.347101,-2.4792799999999997,DEU,CZE,5514
426404,64,59,947,1996.0,112118.0,0.0,1.416927,1.401766,DNK,CZE,5514
426405,71,59,947,1996.0,12431.0,0.0,1.157591,1.795643,ESP,CZE,5514
426406,72,59,947,1996.0,1265.0,0.0,0.445854,1.115429,EST,CZE,5514
426407,77,59,947,1996.0,5211641.0,5489.0,1.571365,1.187529,FRA,CZE,5514
426408,81,59,947,1996.0,2053014.0,38551.0,1.948148,0.882453,GBR,CZE,5514
426409,90,59,947,1996.0,2096.0,0.0,0.21841799999999997,1.081136,GRC,CZE,5514
426410,102,59,947,1996.0,41757.0,27703.0,0.905526,1.887735,HUN,CZE,5514
426411,104,59,947,1996.0,2597.0,0.0,0.145769,1.983642,IND,CZE,5514
426412,106,59,947,1996.0,1679742.0,0.0,1.476369,1.049152,IRL,CZE,5514
426413,111,59,947,1996.0,433944.0,20471.0,1.591442,0.875201,ITA,CZE,5514
426414,114,59,947,1996.0,8417.0,0.0,2.858869,0.477455,JPN,CZE,5514
426415,117,59,947,1996.0,0.0,1977.0,0.19384,0.7500060000000001,KGZ,CZE,5514
426416,130,59,947,1996.0,1948.0,30574.0,0.360994,1.092575,LTU,CZE,5514
426417,132,59,947,1996.0,2897.0,0.0,0.255258,0.42505299999999996,LVA,CZE,5514
426418,145,59,947,1996.0,0.0,2632.0,-0.279007,-0.948549,MNG,CZE,5514
426419,162,59,947,1996.0,2585337.0,39970.0,1.331177,1.6320430000000001,NLD,CZE,5514
426420,163,59,947,1996.0,9229.0,0.0,0.8207270000000001,0.043619,NOR,CZE,5514
426421,177,59,947,1996.0,430440.0,1113547.0,0.806283,1.92897,POL,CZE,5514
426422,185,59,947,1996.0,0.0,3996.0,0.612166,1.201016,ROU,CZE,5514
426423,186,59,947,1996.0,0.0,163755.0,0.505247,0.349848,RUS,CZE,5514
426424,192,59,947,1996.0,0.0,6588.0,1.288635,0.259061,SGP,CZE,5514
426425,206,59,947,1996.0,343047.0,930744.0,1.1978739999999999,1.426243,SVK,CZE,5514
426426,207,59,947,1996.0,1456670.0,2279.0,1.352015,1.396593,SVN,CZE,5514
426427,208,59,947,1996.0,292216.0,7351.0,2.186414,0.848194,SWE,CZE,5514
426428,216,59,947,1996.0,0.0,48144.0,0.26155100000000003,1.146204,THA,CZE,5514
426429,228,59,947,1996.0,0.0,34599.0,0.7582479999999999,1.1207340000000001,UKR,CZE,5514
426430,231,59,947,1996.0,2452845.0,1644.0,1.742391,1.003066,USA,CZE,5514
426431,250,59,947,1996.0,173728.0,0.0,1.153784,0.831677,ANS,CZE,5514
426432,18,66,947,1996.0,49184.0,0.0,1.5604850000000001,1.30819,BEL,DZA,5514
426433,39,66,947,1996.0,42900.0,0.0,0.970932,1.111111,CAN,DZA,5514
426434,41,66,947,1996.0,172141.0,0.0,2.344337,0.709607,CHE,DZA,5514
426435,61,66,947,1996.0,601000.0,0.0,2.347101,-2.4792799999999997,DEU,DZA,5514
426436,71,66,947,1996.0,129259.0,0.0,1.157591,1.795643,ESP,DZA,5514
426437,77,66,947,1996.0,4461331.0,0.0,1.571365,1.187529,FRA,DZA,5514
426438,81,66,947,1996.0,4050.0,0.0,1.948148,0.882453,GBR,DZA,5514
426439,106,66,947,1996.0,288330.0,0.0,1.476369,1.049152,IRL,DZA,5514
426440,111,66,947,1996.0,235793.0,0.0,1.591442,0.875201,ITA,DZA,5514
426441,134,66,947,1996.0,4406.0,0.0,-0.56512,-0.31006999999999996,MAR,DZA,5514
426442,162,66,947,1996.0,29533.0,0.0,1.331177,1.6320430000000001,NLD,DZA,5514
426443,186,66,947,1996.0,0.0,63405028.0,0.505247,0.349848,RUS,DZA,5514
426444,223,66,947,1996.0,22129.0,0.0,-0.250917,-0.057383,TUN,DZA,5514
426445,7,68,947,1996.0,19639.0,28710.0,-0.43356400000000006,-0.8715719999999999,ARE,EGY,5514
426446,15,68,947,1996.0,102190.0,0.0,2.012626,0.395525,AUT,EGY,5514
426447,18,68,947,1996.0,552098.0,0.0,1.5604850000000001,1.30819,BEL,EGY,5514
426448,23,68,947,1996.0,0.0,21380.0,0.510789,1.749248,BGR,EGY,5514
426449,24,68,947,1996.0,0.0,8965.0,-0.359199,-0.9925,BHR,EGY,5514
426450,39,68,947,1996.0,5376.0,0.0,0.970932,1.111111,CAN,EGY,5514
426451,41,68,947,1996.0,1468872.0,0.0,2.344337,0.709607,CHE,EGY,5514
426452,43,68,947,1996.0,277855.0,0.0,0.383975,2.197461,CHN,EGY,5514
426453,58,68,947,1996.0,2961.0,0.0,0.11774200000000001,0.044968,CYP,EGY,5514
426454,61,68,947,1996.0,4466517.0,0.0,2.347101,-2.4792799999999997,DEU,EGY,5514
426455,64,68,947,1996.0,28141.0,0.0,1.416927,1.401766,DNK,EGY,5514
426456,71,68,947,1996.0,185855.0,0.0,1.157591,1.795643,ESP,EGY,5514
426457,77,68,947,1996.0,4032092.0,22934.0,1.571365,1.187529,FRA,EGY,5514
426458,81,68,947,1996.0,2621036.0,13568.0,1.948148,0.882453,GBR,EGY,5514
426459,90,68,947,1996.0,5264.0,0.0,0.21841799999999997,1.081136,GRC,EGY,5514
426460,97,68,947,1996.0,1471.0,0.0,0.699041,1.8341720000000001,HKG,EGY,5514
426461,103,68,947,1996.0,0.0,1536.0,-0.25952,1.343972,IDN,EGY,5514
426462,104,68,947,1996.0,76619.0,0.0,0.145769,1.983642,IND,EGY,5514
426463,106,68,947,1996.0,4905225.0,61871.0,1.476369,1.049152,IRL,EGY,5514
426464,110,68,947,1996.0,10198.0,0.0,1.159922,1.025777,ISR,EGY,5514
426465,111,68,947,1996.0,132699.0,1071.0,1.591442,0.875201,ITA,EGY,5514
426466,114,68,947,1996.0,77581.0,0.0,2.858869,0.477455,JPN,EGY,5514
426467,134,68,947,1996.0,66317.0,0.0,-0.56512,-0.31006999999999996,MAR,EGY,5514
426468,138,68,947,1996.0,14498.0,0.0,0.88569,1.044068,MEX,EGY,5514
426469,162,68,947,1996.0,1151404.0,1646.0,1.331177,1.6320430000000001,NLD,EGY,5514
426470,167,68,947,1996.0,0.0,2028.0,-0.227075,-0.9778399999999999,OMN,EGY,5514
426471,185,68,947,1996.0,0.0,167495.0,0.612166,1.201016,ROU,EGY,5514
426472,186,68,947,1996.0,0.0,13146.0,0.505247,0.349848,RUS,EGY,5514
426473,188,68,947,1996.0,1627.0,119991.0,-0.200762,-1.0419610000000001,SAU,EGY,5514
426474,190,68,947,1996.0,0.0,19540.0,-1.342853,-1.183092,SDN,EGY,5514
426475,208,68,947,1996.0,3265.0,0.0,2.186414,0.848194,SWE,EGY,5514
426476,212,68,947,1996.0,0.0,49557.0,-1.096481,-1.0157260000000001,SYR,EGY,5514
426477,223,68,947,1996.0,0.0,29854.0,-0.250917,-0.057383,TUN,EGY,5514
426478,224,68,947,1996.0,139857.0,0.0,0.07259700000000001,1.734291,TUR,EGY,5514
426479,231,68,947,1996.0,1051961.0,4084.0,1.742391,1.003066,USA,EGY,5514
426480,250,68,947,1996.0,104031.0,0.0,1.153784,0.831677,ANS,EGY,5514
426481,15,72,947,1996.0,32730.0,0.0,2.012626,0.395525,AUT,EST,5514
426482,41,72,947,1996.0,2935.0,0.0,2.344337,0.709607,CHE,EST,5514
426483,59,72,947,1996.0,0.0,1265.0,1.412088,1.171914,CZE,EST,5514
426484,61,72,947,1996.0,399706.0,8486.0,2.347101,-2.4792799999999997,DEU,EST,5514
426485,64,72,947,1996.0,1732.0,0.0,1.416927,1.401766,DNK,EST,5514
426486,74,72,947,1996.0,182888.0,1910.0,2.007619,1.016303,FIN,EST,5514
426487,77,72,947,1996.0,4953.0,0.0,1.571365,1.187529,FRA,EST,5514
426488,81,72,947,1996.0,45023.0,0.0,1.948148,0.882453,GBR,EST,5514
426489,106,72,947,1996.0,558833.0,0.0,1.476369,1.049152,IRL,EST,5514
426490,130,72,947,1996.0,15265.0,19277.0,0.360994,1.092575,LTU,EST,5514
426491,132,72,947,1996.0,3122.0,0.0,0.255258,0.42505299999999996,LVA,EST,5514
426492,162,72,947,1996.0,92843.0,0.0,1.331177,1.6320430000000001,NLD,EST,5514
426493,177,72,947,1996.0,31999.0,0.0,0.806283,1.92897,POL,EST,5514
426494,186,72,947,1996.0,30596.0,52692.0,0.505247,0.349848,RUS,EST,5514
426495,208,72,947,1996.0,167454.0,9586.0,2.186414,0.848194,SWE,EST,5514
426496,228,72,947,1996.0,9473.0,0.0,0.7582479999999999,1.1207340000000001,UKR,EST,5514
426497,231,72,947,1996.0,3314.0,0.0,1.742391,1.003066,USA,EST,5514
426498,15,83,947,1996.0,1884.0,0.0,2.012626,0.395525,AUT,GHA,5514
426499,18,83,947,1996.0,3782.0,0.0,1.5604850000000001,1.30819,BEL,GHA,5514
426500,32,83,947,1996.0,15406.0,0.0,0.8087340000000001,1.370183,BRA,GHA,5514
426501,41,83,947,1996.0,446674.0,0.0,2.344337,0.709607,CHE,GHA,5514
426502,44,83,947,1996.0,3875.0,0.0,-0.890915,-0.8165399999999999,CIV,GHA,5514
426503,61,83,947,1996.0,393092.0,0.0,2.347101,-2.4792799999999997,DEU,GHA,5514
426504,64,83,947,1996.0,90624.0,0.0,1.416927,1.401766,DNK,GHA,5514
426505,77,83,947,1996.0,46208.0,0.0,1.571365,1.187529,FRA,GHA,5514
426506,81,83,947,1996.0,2618144.0,0.0,1.948148,0.882453,GBR,GHA,5514
426507,90,83,947,1996.0,1623.0,0.0,0.21841799999999997,1.081136,GRC,GHA,5514
426508,104,83,947,1996.0,10978.0,0.0,0.145769,1.983642,IND,GHA,5514
426509,106,83,947,1996.0,843341.0,0.0,1.476369,1.049152,IRL,GHA,5514
426510,111,83,947,1996.0,235158.0,0.0,1.591442,0.875201,ITA,GHA,5514
426511,159,83,947,1996.0,0.0,1381.0,-1.9253069999999999,-1.247116,NGA,GHA,5514
426512,162,83,947,1996.0,324488.0,0.0,1.331177,1.6320430000000001,NLD,GHA,5514
426513,186,83,947,1996.0,2686.0,0.0,0.505247,0.349848,RUS,GHA,5514
426514,231,83,947,1996.0,20228.0,0.0,1.742391,1.003066,USA,GHA,5514
426515,246,83,947,1996.0,22773.0,0.0,0.277171,1.489549,ZAF,GHA,5514
426516,9,102,947,1996.0,0.0,1000.0,1.0178040000000002,0.156363,ARM,HUN,5514
426517,15,102,947,1996.0,1536967.0,103379.0,2.012626,0.395525,AUT,HUN,5514
426518,18,102,947,1996.0,208433.0,0.0,1.5604850000000001,1.30819,BEL,HUN,5514
426519,25,102,947,1996.0,0.0,1000.0,0.301719,-0.44059899999999996,BHS,HUN,5514
426520,28,102,947,1996.0,0.0,56000.0,0.785274,1.0126899999999999,BLR,HUN,5514
426521,32,102,947,1996.0,7925.0,0.0,0.8087340000000001,1.370183,BRA,HUN,5514
426522,41,102,947,1996.0,4279323.0,11056.0,2.344337,0.709607,CHE,HUN,5514
426523,59,102,947,1996.0,27703.0,41757.0,1.412088,1.171914,CZE,HUN,5514
426524,61,102,947,1996.0,5464238.0,846468.0,2.347101,-2.4792799999999997,DEU,HUN,5514
426525,64,102,947,1996.0,131508.0,0.0,1.416927,1.401766,DNK,HUN,5514
426526,71,102,947,1996.0,91024.0,0.0,1.157591,1.795643,ESP,HUN,5514
426527,77,102,947,1996.0,6866482.0,385039.0,1.571365,1.187529,FRA,HUN,5514
426528,81,102,947,1996.0,2757864.0,1277.0,1.948148,0.882453,GBR,HUN,5514
426529,90,102,947,1996.0,6283.0,0.0,0.21841799999999997,1.081136,GRC,HUN,5514
426530,100,102,947,1996.0,0.0,53155.0,0.739223,1.3032030000000001,HRV,HUN,5514
426531,106,102,947,1996.0,1233380.0,0.0,1.476369,1.049152,IRL,HUN,5514
426532,110,102,947,1996.0,1591.0,0.0,1.159922,1.025777,ISR,HUN,5514
426533,111,102,947,1996.0,355039.0,0.0,1.591442,0.875201,ITA,HUN,5514
426534,114,102,947,1996.0,0.0,4374.0,2.858869,0.477455,JPN,HUN,5514
426535,117,102,947,1996.0,0.0,2137.0,0.19384,0.7500060000000001,KGZ,HUN,5514
426536,121,102,947,1996.0,46823.0,0.0,1.230793,1.0548959999999998,KOR,HUN,5514
426537,135,102,947,1996.0,0.0,1738.0,0.193705,0.10853,MDA,HUN,5514
426538,142,102,947,1996.0,1686.0,0.0,1.245592,0.446754,MLT,HUN,5514
426539,162,102,947,1996.0,3266427.0,9333.0,1.331177,1.6320430000000001,NLD,HUN,5514
426540,177,102,947,1996.0,17492.0,34517.0,0.806283,1.92897,POL,HUN,5514
426541,185,102,947,1996.0,2760.0,680103.0,0.612166,1.201016,ROU,HUN,5514
426542,186,102,947,1996.0,0.0,30313.0,0.505247,0.349848,RUS,HUN,5514
426543,189,102,947,1996.0,0.0,165362.0,0.699084,2.2900150000000004,SCG,HUN,5514
426544,206,102,947,1996.0,10230.0,254111.0,1.1978739999999999,1.426243,SVK,HUN,5514
426545,207,102,947,1996.0,270628.0,9843.0,1.352015,1.396593,SVN,HUN,5514
426546,208,102,947,1996.0,93358.0,0.0,2.186414,0.848194,SWE,HUN,5514
426547,228,102,947,1996.0,1591066.0,292615.0,0.7582479999999999,1.1207340000000001,UKR,HUN,5514
426548,231,102,947,1996.0,158727.0,8616.0,1.742391,1.003066,USA,HUN,5514
426549,249,102,947,1996.0,1679.0,0.0,1.7375779999999998,1.4625860000000002,TWN,HUN,5514
426550,250,102,947,1996.0,0.0,1000.0,1.153784,0.831677,ANS,HUN,5514
426551,8,103,947,1996.0,16991.0,0.0,0.007199,0.805707,ARG,IDN,5514
426552,14,103,947,1996.0,4589362.0,48069.0,0.025253,0.6428189999999999,AUS,IDN,5514
426553,15,103,947,1996.0,18143.0,0.0,2.012626,0.395525,AUT,IDN,5514
426554,18,103,947,1996.0,55714.0,0.0,1.5604850000000001,1.30819,BEL,IDN,5514
426555,32,103,947,1996.0,53713.0,4598.0,0.8087340000000001,1.370183,BRA,IDN,5514
426556,39,103,947,1996.0,18133.0,10762.0,0.970932,1.111111,CAN,IDN,5514
426557,41,103,947,1996.0,4634029.0,1602.0,2.344337,0.709607,CHE,IDN,5514
426558,43,103,947,1996.0,1781360.0,133744.0,0.383975,2.197461,CHN,IDN,5514
426559,61,103,947,1996.0,18979200.0,2118.0,2.347101,-2.4792799999999997,DEU,IDN,5514
426560,64,103,947,1996.0,104752.0,0.0,1.416927,1.401766,DNK,IDN,5514
426561,68,103,947,1996.0,1536.0,0.0,-0.405938,-0.209619,EGY,IDN,5514
426562,71,103,947,1996.0,1635579.0,0.0,1.157591,1.795643,ESP,IDN,5514
426563,74,103,947,1996.0,9170.0,0.0,2.007619,1.016303,FIN,IDN,5514
426564,77,103,947,1996.0,14916386.0,39572.0,1.571365,1.187529,FRA,IDN,5514
426565,81,103,947,1996.0,26229586.0,146045.0,1.948148,0.882453,GBR,IDN,5514
426566,90,103,947,1996.0,2554.0,0.0,0.21841799999999997,1.081136,GRC,IDN,5514
426567,97,103,947,1996.0,9128718.0,321714.0,0.699041,1.8341720000000001,HKG,IDN,5514
426568,104,103,947,1996.0,127228.0,4717.0,0.145769,1.983642,IND,IDN,5514
426569,106,103,947,1996.0,755356.0,0.0,1.476369,1.049152,IRL,IDN,5514
426570,111,103,947,1996.0,772870.0,41041.0,1.591442,0.875201,ITA,IDN,5514
426571,114,103,947,1996.0,10032950.0,59472.0,2.858869,0.477455,JPN,IDN,5514
426572,121,103,947,1996.0,1466.0,2919.0,1.230793,1.0548959999999998,KOR,IDN,5514
426573,126,103,947,1996.0,7026.0,0.0,-0.482066,-1.163722,LBY,IDN,5514
426574,138,103,947,1996.0,15680.0,15183.0,0.88569,1.044068,MEX,IDN,5514
426575,153,103,947,1996.0,316350.0,1090963.0,0.5493640000000001,0.248484,MYS,IDN,5514
426576,159,103,947,1996.0,0.0,16222.0,-1.9253069999999999,-1.247116,NGA,IDN,5514
426577,160,103,947,1996.0,14775.0,0.0,-0.810879,-0.64475,NIC,IDN,5514
426578,162,103,947,1996.0,9446114.0,50521.0,1.331177,1.6320430000000001,NLD,IDN,5514
426579,163,103,947,1996.0,0.0,1327.0,0.8207270000000001,0.043619,NOR,IDN,5514
426580,166,103,947,1996.0,8106.0,0.0,0.404233,0.6724640000000001,NZL,IDN,5514
426581,174,103,947,1996.0,173519.0,167871.0,0.0020329999999999997,0.40715,PHL,IDN,5514
426582,188,103,947,1996.0,0.0,1437.0,-0.200762,-1.0419610000000001,SAU,IDN,5514
426583,192,103,947,1996.0,34457280.0,78841.0,1.288635,0.259061,SGP,IDN,5514
426584,208,103,947,1996.0,8884.0,0.0,2.186414,0.848194,SWE,IDN,5514
426585,216,103,947,1996.0,134725.0,199216.0,0.26155100000000003,1.146204,THA,IDN,5514
426586,224,103,947,1996.0,0.0,34505.0,0.07259700000000001,1.734291,TUR,IDN,5514
426587,231,103,947,1996.0,2894449.0,362956.0,1.742391,1.003066,USA,IDN,5514
426588,239,103,947,1996.0,0.0,69500.0,-0.8099569999999999,-0.032258999999999996,VNM,IDN,5514
426589,249,103,947,1996.0,924222.0,26711.0,1.7375779999999998,1.4625860000000002,TWN,IDN,5514
426590,250,103,947,1996.0,67941.0,1671.0,1.153784,0.831677,ANS,IDN,5514
426591,7,104,947,1996.0,53854.0,1620038.0,-0.43356400000000006,-0.8715719999999999,ARE,IND,5514
426592,14,104,947,1996.0,14393.0,8315.0,0.025253,0.6428189999999999,AUS,IND,5514
426593,15,104,947,1996.0,17985.0,0.0,2.012626,0.395525,AUT,IND,5514
426594,18,104,947,1996.0,66246.0,119268.0,1.5604850000000001,1.30819,BEL,IND,5514
426595,22,104,947,1996.0,0.0,102575.0,-0.751219,-0.9638329999999999,BGD,IND,5514
426596,24,104,947,1996.0,0.0,5646.0,-0.359199,-0.9925,BHR,IND,5514
426597,32,104,947,1996.0,21906.0,56032.0,0.8087340000000001,1.370183,BRA,IND,5514
426598,39,104,947,1996.0,0.0,7922.0,0.970932,1.111111,CAN,IND,5514
426599,41,104,947,1996.0,1533057.0,6521.0,2.344337,0.709607,CHE,IND,5514
426600,42,104,947,1996.0,0.0,4805.0,-0.161334,-0.301695,CHL,IND,5514
426601,43,104,947,1996.0,234501.0,3127.0,0.383975,2.197461,CHN,IND,5514
426602,52,104,947,1996.0,0.0,1821.0,-0.23773000000000002,0.101373,CRI,IND,5514
426603,59,104,947,1996.0,0.0,2597.0,1.412088,1.171914,CZE,IND,5514
426604,61,104,947,1996.0,929302.0,202352.0,2.347101,-2.4792799999999997,DEU,IND,5514
426605,64,104,947,1996.0,0.0,311787.0,1.416927,1.401766,DNK,IND,5514
426606,68,104,947,1996.0,0.0,76619.0,-0.405938,-0.209619,EGY,IND,5514
426607,71,104,947,1996.0,55850.0,49016.0,1.157591,1.795643,ESP,IND,5514
426608,77,104,947,1996.0,4971665.0,97338.0,1.571365,1.187529,FRA,IND,5514
426609,81,104,947,1996.0,6675600.0,142392.0,1.948148,0.882453,GBR,IND,5514
426610,83,104,947,1996.0,0.0,10978.0,-1.037413,-1.019025,GHA,IND,5514
426611,90,104,947,1996.0,2314.0,55545.0,0.21841799999999997,1.081136,GRC,IND,5514
426612,97,104,947,1996.0,51944.0,48521.0,0.699041,1.8341720000000001,HKG,IND,5514
426613,103,104,947,1996.0,4717.0,127228.0,-0.25952,1.343972,IDN,IND,5514
426614,106,104,947,1996.0,81525.0,0.0,1.476369,1.049152,IRL,IND,5514
426615,110,104,947,1996.0,98108.0,0.0,1.159922,1.025777,ISR,IND,5514
426616,111,104,947,1996.0,55512.0,6315.0,1.591442,0.875201,ITA,IND,5514
426617,114,104,947,1996.0,144983.0,30758.0,2.858869,0.477455,JPN,IND,5514
426618,116,104,947,1996.0,0.0,27663.0,-0.470653,-0.119252,KEN,IND,5514
426619,121,104,947,1996.0,93515.0,36979.0,1.230793,1.0548959999999998,KOR,IND,5514
426620,122,104,947,1996.0,0.0,21135.0,-0.412797,-1.1335899999999999,KWT,IND,5514
426621,128,104,947,1996.0,0.0,347391.0,-0.71165,-0.320193,LKA,IND,5514
426622,136,104,947,1996.0,0.0,1474.0,-0.971575,-0.656497,MDG,IND,5514
426623,138,104,947,1996.0,0.0,283863.0,0.88569,1.044068,MEX,IND,5514
426624,143,104,947,1996.0,0.0,61126.0,-1.3258219999999998,-1.068414,MMR,IND,5514
426625,151,104,947,1996.0,0.0,1167.0,-0.578699,-0.831889,MUS,IND,5514
426626,153,104,947,1996.0,4826.0,73095.0,0.5493640000000001,0.248484,MYS,IND,5514
426627,159,104,947,1996.0,0.0,223420.0,-1.9253069999999999,-1.247116,NGA,IND,5514
426628,162,104,947,1996.0,1851232.0,16156.0,1.331177,1.6320430000000001,NLD,IND,5514
426629,164,104,947,1996.0,0.0,120876.0,-0.570144,-0.63484,NPL,IND,5514
426630,166,104,947,1996.0,0.0,9936.0,0.404233,0.6724640000000001,NZL,IND,5514
426631,167,104,947,1996.0,0.0,74942.0,-0.227075,-0.9778399999999999,OMN,IND,5514
426632,168,104,947,1996.0,0.0,166386.0,-0.759362,-0.541712,PAK,IND,5514
426633,174,104,947,1996.0,0.0,56555.0,0.0020329999999999997,0.40715,PHL,IND,5514
426634,183,104,947,1996.0,0.0,1721.0,-0.511976,-1.148631,QAT,IND,5514
426635,186,104,947,1996.0,0.0,1597472.0,0.505247,0.349848,RUS,IND,5514
426636,187,104,947,1996.0,0.0,1058.0,0.048038,-0.5664020000000001,RWA,IND,5514
426637,188,104,947,1996.0,61265.0,312861.0,-0.200762,-1.0419610000000001,SAU,IND,5514
426638,190,104,947,1996.0,0.0,31095.0,-1.342853,-1.183092,SDN,IND,5514
426639,191,104,947,1996.0,0.0,1468.0,-0.715409,-0.8895850000000001,SEN,IND,5514
426640,192,104,947,1996.0,708853.0,578143.0,1.288635,0.259061,SGP,IND,5514
426641,208,104,947,1996.0,4364.0,0.0,2.186414,0.848194,SWE,IND,5514
426642,211,104,947,1996.0,0.0,2201.0,-0.03785,-0.572653,SYC,IND,5514
426643,216,104,947,1996.0,0.0,29939.0,0.26155100000000003,1.146204,THA,IND,5514
426644,224,104,947,1996.0,0.0,1771.0,0.07259700000000001,1.734291,TUR,IND,5514
426645,226,104,947,1996.0,0.0,8050.0,-1.186121,-0.6688390000000001,TZA,IND,5514
426646,227,104,947,1996.0,0.0,7117.0,-1.105896,-0.910169,UGA,IND,5514
426647,231,104,947,1996.0,651434.0,691952.0,1.742391,1.003066,USA,IND,5514
426648,243,104,947,1996.0,0.0,39028.0,-1.395,-1.26641,YEM,IND,5514
426649,246,104,947,1996.0,5389.0,26521.0,0.277171,1.489549,ZAF,IND,5514
426650,249,104,947,1996.0,3526.0,15804.0,1.7375779999999998,1.4625860000000002,TWN,IND,5514
426651,7,114,947,1996.0,0.0,23079.0,-0.43356400000000006,-0.8715719999999999,ARE,JPN,5514
426652,8,114,947,1996.0,5672.0,45286.0,0.007199,0.805707,ARG,JPN,5514
426653,14,114,947,1996.0,184041.0,1326333.0,0.025253,0.6428189999999999,AUS,JPN,5514
426654,15,114,947,1996.0,184264.0,33426.0,2.012626,0.395525,AUT,JPN,5514
426655,18,114,947,1996.0,352690.0,126794.0,1.5604850000000001,1.30819,BEL,JPN,5514
426656,22,114,947,1996.0,0.0,36034.0,-0.751219,-0.9638329999999999,BGD,JPN,5514
426657,32,114,947,1996.0,183930.0,165112.0,0.8087340000000001,1.370183,BRA,JPN,5514
426658,39,114,947,1996.0,553832.0,55521.0,0.970932,1.111111,CAN,JPN,5514
426659,41,114,947,1996.0,18956588.0,350124.0,2.344337,0.709607,CHE,JPN,5514
426660,42,114,947,1996.0,0.0,47965.0,-0.161334,-0.301695,CHL,JPN,5514
426661,43,114,947,1996.0,917440.0,1659457.0,0.383975,2.197461,CHN,JPN,5514
426662,49,114,947,1996.0,2206.0,78760.0,0.070101,0.08847999999999999,COL,JPN,5514
426663,59,114,947,1996.0,0.0,8417.0,1.412088,1.171914,CZE,JPN,5514
426664,61,114,947,1996.0,9788360.0,432092.0,2.347101,-2.4792799999999997,DEU,JPN,5514
426665,64,114,947,1996.0,1035317.0,16267.0,1.416927,1.401766,DNK,JPN,5514
426666,68,114,947,1996.0,0.0,77581.0,-0.405938,-0.209619,EGY,JPN,5514
426667,71,114,947,1996.0,2954992.0,1899394.0,1.157591,1.795643,ESP,JPN,5514
426668,74,114,947,1996.0,0.0,4569.0,2.007619,1.016303,FIN,JPN,5514
426669,77,114,947,1996.0,14365338.0,620752.0,1.571365,1.187529,FRA,JPN,5514
426670,81,114,947,1996.0,31122012.0,533629.0,1.948148,0.882453,GBR,JPN,5514
426671,93,114,947,1996.0,0.0,6404.0,-0.28699,0.308033,GTM,JPN,5514
426672,97,114,947,1996.0,1291979.0,14857002.0,0.699041,1.8341720000000001,HKG,JPN,5514
426673,102,114,947,1996.0,4374.0,0.0,0.905526,1.887735,HUN,JPN,5514
426674,103,114,947,1996.0,59472.0,10032950.0,-0.25952,1.343972,IDN,JPN,5514
426675,104,114,947,1996.0,30758.0,144983.0,0.145769,1.983642,IND,JPN,5514
426676,106,114,947,1996.0,5216570.0,63003.0,1.476369,1.049152,IRL,JPN,5514
426677,107,114,947,1996.0,0.0,280767.0,-1.0058129999999998,-1.215661,IRN,JPN,5514
426678,110,114,947,1996.0,821959.0,0.0,1.159922,1.025777,ISR,JPN,5514
426679,111,114,947,1996.0,545614.0,62657.0,1.591442,0.875201,ITA,JPN,5514
426680,116,114,947,1996.0,0.0,5632.0,-0.470653,-0.119252,KEN,JPN,5514
426681,121,114,947,1996.0,82784.0,68846104.0,1.230793,1.0548959999999998,KOR,JPN,5514
426682,122,114,947,1996.0,0.0,3427.0,-0.412797,-1.1335899999999999,KWT,JPN,5514
426683,133,114,947,1996.0,0.0,7411.0,-0.089625,-0.42184499999999997,MAC,JPN,5514
426684,134,114,947,1996.0,6580.0,9341.0,-0.56512,-0.31006999999999996,MAR,JPN,5514
426685,136,114,947,1996.0,311337.0,0.0,-0.971575,-0.656497,MDG,JPN,5514
426686,138,114,947,1996.0,245365.0,496456.0,0.88569,1.044068,MEX,JPN,5514
426687,143,114,947,1996.0,0.0,5015.0,-1.3258219999999998,-1.068414,MMR,JPN,5514
426688,146,114,947,1996.0,0.0,8303.0,0.034033,-0.668516,MNP,JPN,5514
426689,151,114,947,1996.0,0.0,8962.0,-0.578699,-0.831889,MUS,JPN,5514
426690,153,114,947,1996.0,104523.0,3505503.0,0.5493640000000001,0.248484,MYS,JPN,5514
426691,162,114,947,1996.0,6480862.0,639898.0,1.331177,1.6320430000000001,NLD,JPN,5514
426692,163,114,947,1996.0,72097.0,1514.0,0.8207270000000001,0.043619,NOR,JPN,5514
426693,164,114,947,1996.0,0.0,16788.0,-0.570144,-0.63484,NPL,JPN,5514
426694,166,114,947,1996.0,70776.0,541381.0,0.404233,0.6724640000000001,NZL,JPN,5514
426695,167,114,947,1996.0,0.0,156576.0,-0.227075,-0.9778399999999999,OMN,JPN,5514
426696,168,114,947,1996.0,0.0,20229.0,-0.759362,-0.541712,PAK,JPN,5514
426697,174,114,947,1996.0,63064.0,4850501.0,0.0020329999999999997,0.40715,PHL,JPN,5514
426698,177,114,947,1996.0,0.0,1660.0,0.806283,1.92897,POL,JPN,5514
426699,178,114,947,1996.0,0.0,24648.0,0.778948,1.1338979999999999,PRK,JPN,5514
426700,179,114,947,1996.0,161070.0,47292.0,0.49924799999999997,0.9969520000000001,PRT,JPN,5514
426701,180,114,947,1996.0,0.0,4122.0,-0.667054,-0.648122,PRY,JPN,5514
426702,188,114,947,1996.0,0.0,335133.0,-0.200762,-1.0419610000000001,SAU,JPN,5514
426703,192,114,947,1996.0,1294217.0,3829752.0,1.288635,0.259061,SGP,JPN,5514
426704,207,114,947,1996.0,0.0,15412.0,1.352015,1.396593,SVN,JPN,5514
426705,208,114,947,1996.0,16553.0,0.0,2.186414,0.848194,SWE,JPN,5514
426706,215,114,947,1996.0,0.0,56110.0,-0.879626,-0.748842,TGO,JPN,5514
426707,216,114,947,1996.0,114858.0,12093661.0,0.26155100000000003,1.146204,THA,JPN,5514
426708,222,114,947,1996.0,0.0,8464.0,-0.002541,-0.543624,TTO,JPN,5514
426709,224,114,947,1996.0,14206.0,15248.0,0.07259700000000001,1.734291,TUR,JPN,5514
426710,230,114,947,1996.0,2031183.0,0.0,0.182427,0.689738,URY,JPN,5514
426711,231,114,947,1996.0,142277200.0,7958334.0,1.742391,1.003066,USA,JPN,5514
426712,236,114,947,1996.0,18064.0,0.0,-0.039967,-0.828263,VEN,JPN,5514
426713,239,114,947,1996.0,0.0,159788.0,-0.8099569999999999,-0.032258999999999996,VNM,JPN,5514
426714,243,114,947,1996.0,0.0,57569.0,-1.395,-1.26641,YEM,JPN,5514
426715,246,114,947,1996.0,0.0,17094.0,0.277171,1.489549,ZAF,JPN,5514
426716,248,114,947,1996.0,0.0,5197.0,-0.46458999999999995,-0.273683,ZWE,JPN,5514
426717,249,114,947,1996.0,180421.0,20353832.0,1.7375779999999998,1.4625860000000002,TWN,JPN,5514
426718,59,117,947,1996.0,1977.0,0.0,1.412088,1.171914,CZE,KGZ,5514
426719,102,117,947,1996.0,2137.0,0.0,0.905526,1.887735,HUN,KGZ,5514
426720,15,130,947,1996.0,70631.0,0.0,2.012626,0.395525,AUT,LTU,5514
426721,18,130,947,1996.0,3526.0,0.0,1.5604850000000001,1.30819,BEL,LTU,5514
426722,23,130,947,1996.0,25546.0,0.0,0.510789,1.749248,BGR,LTU,5514
426723,28,130,947,1996.0,0.0,79053.0,0.785274,1.0126899999999999,BLR,LTU,5514
426724,41,130,947,1996.0,0.0,29487.0,2.344337,0.709607,CHE,LTU,5514
426725,59,130,947,1996.0,30574.0,1948.0,1.412088,1.171914,CZE,LTU,5514
426726,61,130,947,1996.0,501543.0,303940.0,2.347101,-2.4792799999999997,DEU,LTU,5514
426727,71,130,947,1996.0,9829.0,0.0,1.157591,1.795643,ESP,LTU,5514
426728,72,130,947,1996.0,19277.0,15265.0,0.445854,1.115429,EST,LTU,5514
426729,74,130,947,1996.0,41695.0,0.0,2.007619,1.016303,FIN,LTU,5514
426730,77,130,947,1996.0,17551.0,0.0,1.571365,1.187529,FRA,LTU,5514
426731,81,130,947,1996.0,45288.0,0.0,1.948148,0.882453,GBR,LTU,5514
426732,106,130,947,1996.0,100648.0,0.0,1.476369,1.049152,IRL,LTU,5514
426733,110,130,947,1996.0,20687.0,0.0,1.159922,1.025777,ISR,LTU,5514
426734,111,130,947,1996.0,1562.0,0.0,1.591442,0.875201,ITA,LTU,5514
426735,115,130,947,1996.0,0.0,74330.0,0.455772,0.16361099999999998,KAZ,LTU,5514
426736,132,130,947,1996.0,21352.0,158637.0,0.255258,0.42505299999999996,LVA,LTU,5514
426737,162,130,947,1996.0,5157.0,0.0,1.331177,1.6320430000000001,NLD,LTU,5514
426738,163,130,947,1996.0,42346.0,0.0,0.8207270000000001,0.043619,NOR,LTU,5514
426739,177,130,947,1996.0,538574.0,0.0,0.806283,1.92897,POL,LTU,5514
426740,186,130,947,1996.0,154893.0,77989.0,0.505247,0.349848,RUS,LTU,5514
426741,207,130,947,1996.0,65833.0,0.0,1.352015,1.396593,SVN,LTU,5514
426742,208,130,947,1996.0,105179.0,0.0,2.186414,0.848194,SWE,LTU,5514
426743,228,130,947,1996.0,0.0,69715.0,0.7582479999999999,1.1207340000000001,UKR,LTU,5514
426744,231,130,947,1996.0,10050.0,0.0,1.742391,1.003066,USA,LTU,5514
426745,7,132,947,1996.0,3961.0,0.0,-0.43356400000000006,-0.8715719999999999,ARE,LVA,5514
426746,15,132,947,1996.0,52793.0,0.0,2.012626,0.395525,AUT,LVA,5514
426747,18,132,947,1996.0,3725.0,0.0,1.5604850000000001,1.30819,BEL,LVA,5514
426748,28,132,947,1996.0,72581.0,90620.0,0.785274,1.0126899999999999,BLR,LVA,5514
426749,41,132,947,1996.0,5097.0,60258.0,2.344337,0.709607,CHE,LVA,5514
426750,59,132,947,1996.0,0.0,2897.0,1.412088,1.171914,CZE,LVA,5514
426751,61,132,947,1996.0,573155.0,69320.0,2.347101,-2.4792799999999997,DEU,LVA,5514
426752,64,132,947,1996.0,13627.0,0.0,1.416927,1.401766,DNK,LVA,5514
426753,72,132,947,1996.0,0.0,3122.0,0.445854,1.115429,EST,LVA,5514
426754,74,132,947,1996.0,11346.0,0.0,2.007619,1.016303,FIN,LVA,5514
426755,77,132,947,1996.0,49313.0,0.0,1.571365,1.187529,FRA,LVA,5514
426756,81,132,947,1996.0,83949.0,0.0,1.948148,0.882453,GBR,LVA,5514
426757,111,132,947,1996.0,3535.0,0.0,1.591442,0.875201,ITA,LVA,5514
426758,130,132,947,1996.0,158637.0,21352.0,0.360994,1.092575,LTU,LVA,5514
426759,162,132,947,1996.0,7690.0,0.0,1.331177,1.6320430000000001,NLD,LVA,5514
426760,177,132,947,1996.0,1598.0,28232.0,0.806283,1.92897,POL,LVA,5514
426761,186,132,947,1996.0,94259.0,426561.0,0.505247,0.349848,RUS,LVA,5514
426762,208,132,947,1996.0,63964.0,0.0,2.186414,0.848194,SWE,LVA,5514
426763,228,132,947,1996.0,0.0,242701.0,0.7582479999999999,1.1207340000000001,UKR,LVA,5514
426764,7,142,947,1996.0,0.0,106161.0,-0.43356400000000006,-0.8715719999999999,ARE,MLT,5514
426765,18,142,947,1996.0,4694.0,0.0,1.5604850000000001,1.30819,BEL,MLT,5514
426766,23,142,947,1996.0,75908.0,0.0,0.510789,1.749248,BGR,MLT,5514
426767,24,142,947,1996.0,0.0,37238.0,-0.359199,-0.9925,BHR,MLT,5514
426768,41,142,947,1996.0,143671.0,0.0,2.344337,0.709607,CHE,MLT,5514
426769,61,142,947,1996.0,747535.0,0.0,2.347101,-2.4792799999999997,DEU,MLT,5514
426770,63,142,947,1996.0,0.0,2029.0,0.521576,-0.075879,DMA,MLT,5514
426771,64,142,947,1996.0,5966.0,0.0,1.416927,1.401766,DNK,MLT,5514
426772,71,142,947,1996.0,16652.0,0.0,1.157591,1.795643,ESP,MLT,5514
426773,77,142,947,1996.0,44740.0,6590.0,1.571365,1.187529,FRA,MLT,5514
426774,81,142,947,1996.0,511496.0,3169.0,1.948148,0.882453,GBR,MLT,5514
426775,102,142,947,1996.0,0.0,1686.0,0.905526,1.887735,HUN,MLT,5514
426776,106,142,947,1996.0,1442334.0,0.0,1.476369,1.049152,IRL,MLT,5514
426777,110,142,947,1996.0,0.0,2731.0,1.159922,1.025777,ISR,MLT,5514
426778,111,142,947,1996.0,560698.0,1424.0,1.591442,0.875201,ITA,MLT,5514
426779,113,142,947,1996.0,0.0,50035.0,0.225125,-0.333293,JOR,MLT,5514
426780,116,142,947,1996.0,0.0,11382.0,-0.470653,-0.119252,KEN,MLT,5514
426781,122,142,947,1996.0,0.0,51857.0,-0.412797,-1.1335899999999999,KWT,MLT,5514
426782,124,142,947,1996.0,0.0,13557.0,-0.09233999999999999,0.127816,LBN,MLT,5514
426783,126,142,947,1996.0,0.0,22037.0,-0.482066,-1.163722,LBY,MLT,5514
426784,162,142,947,1996.0,21341.0,161645.0,1.331177,1.6320430000000001,NLD,MLT,5514
426785,167,142,947,1996.0,0.0,25860.0,-0.227075,-0.9778399999999999,OMN,MLT,5514
426786,183,142,947,1996.0,0.0,9762.0,-0.511976,-1.148631,QAT,MLT,5514
426787,188,142,947,1996.0,0.0,245899.0,-0.200762,-1.0419610000000001,SAU,MLT,5514
426788,231,142,947,1996.0,104339.0,0.0,1.742391,1.003066,USA,MLT,5514
426789,243,142,947,1996.0,0.0,44673.0,-1.395,-1.26641,YEM,MLT,5514
426790,7,167,947,1996.0,54633.0,73610.0,-0.43356400000000006,-0.8715719999999999,ARE,OMN,5514
426791,14,167,947,1996.0,42373.0,0.0,0.025253,0.6428189999999999,AUS,OMN,5514
426792,15,167,947,1996.0,21954.0,0.0,2.012626,0.395525,AUT,OMN,5514
426793,18,167,947,1996.0,1803.0,0.0,1.5604850000000001,1.30819,BEL,OMN,5514
426794,24,167,947,1996.0,82426.0,8581.0,-0.359199,-0.9925,BHR,OMN,5514
426795,32,167,947,1996.0,45010.0,0.0,0.8087340000000001,1.370183,BRA,OMN,5514
426796,41,167,947,1996.0,502671.0,0.0,2.344337,0.709607,CHE,OMN,5514
426797,43,167,947,1996.0,50046.0,0.0,0.383975,2.197461,CHN,OMN,5514
426798,58,167,947,1996.0,30238.0,0.0,0.11774200000000001,0.044968,CYP,OMN,5514
426799,61,167,947,1996.0,249330.0,0.0,2.347101,-2.4792799999999997,DEU,OMN,5514
426800,64,167,947,1996.0,61028.0,0.0,1.416927,1.401766,DNK,OMN,5514
426801,68,167,947,1996.0,2028.0,0.0,-0.405938,-0.209619,EGY,OMN,5514
426802,71,167,947,1996.0,9616.0,0.0,1.157591,1.795643,ESP,OMN,5514
426803,77,167,947,1996.0,633081.0,0.0,1.571365,1.187529,FRA,OMN,5514
426804,81,167,947,1996.0,234605.0,0.0,1.948148,0.882453,GBR,OMN,5514
426805,104,167,947,1996.0,74942.0,0.0,0.145769,1.983642,IND,OMN,5514
426806,106,167,947,1996.0,562909.0,0.0,1.476369,1.049152,IRL,OMN,5514
426807,107,167,947,1996.0,283148.0,0.0,-1.0058129999999998,-1.215661,IRN,OMN,5514
426808,111,167,947,1996.0,519539.0,0.0,1.591442,0.875201,ITA,OMN,5514
426809,113,167,947,1996.0,38020.0,0.0,0.225125,-0.333293,JOR,OMN,5514
426810,114,167,947,1996.0,156576.0,0.0,2.858869,0.477455,JPN,OMN,5514
426811,128,167,947,1996.0,30931.0,0.0,-0.71165,-0.320193,LKA,OMN,5514
426812,142,167,947,1996.0,25860.0,0.0,1.245592,0.446754,MLT,OMN,5514
426813,153,167,947,1996.0,258592.0,0.0,0.5493640000000001,0.248484,MYS,OMN,5514
426814,162,167,947,1996.0,574255.0,0.0,1.331177,1.6320430000000001,NLD,OMN,5514
426815,174,167,947,1996.0,46479.0,0.0,0.0020329999999999997,0.40715,PHL,OMN,5514
426816,179,167,947,1996.0,4914.0,0.0,0.49924799999999997,0.9969520000000001,PRT,OMN,5514
426817,208,167,947,1996.0,14729.0,0.0,2.186414,0.848194,SWE,OMN,5514
426818,212,167,947,1996.0,40335.0,0.0,-1.096481,-1.0157260000000001,SYR,OMN,5514
426819,216,167,947,1996.0,34215.0,0.0,0.26155100000000003,1.146204,THA,OMN,5514
426820,224,167,947,1996.0,34174.0,0.0,0.07259700000000001,1.734291,TUR,OMN,5514
426821,231,167,947,1996.0,57711.0,0.0,1.742391,1.003066,USA,OMN,5514
426822,15,177,947,1996.0,4977121.0,123779.0,2.012626,0.395525,AUT,POL,5514
426823,18,177,947,1996.0,2788232.0,111648.0,1.5604850000000001,1.30819,BEL,POL,5514
426824,23,177,947,1996.0,2093.0,31978.0,0.510789,1.749248,BGR,POL,5514
426825,28,177,947,1996.0,0.0,336483.0,0.785274,1.0126899999999999,BLR,POL,5514
426826,32,177,947,1996.0,160170.0,0.0,0.8087340000000001,1.370183,BRA,POL,5514
426827,39,177,947,1996.0,0.0,106025.0,0.970932,1.111111,CAN,POL,5514
426828,41,177,947,1996.0,9813678.0,51020.0,2.344337,0.709607,CHE,POL,5514
426829,43,177,947,1996.0,290011.0,0.0,0.383975,2.197461,CHN,POL,5514
426830,59,177,947,1996.0,1113547.0,430440.0,1.412088,1.171914,CZE,POL,5514
426831,61,177,947,1996.0,23810564.0,2462311.0,2.347101,-2.4792799999999997,DEU,POL,5514
426832,64,177,947,1996.0,842248.0,133815.0,1.416927,1.401766,DNK,POL,5514
426833,71,177,947,1996.0,542234.0,0.0,1.157591,1.795643,ESP,POL,5514
426834,72,177,947,1996.0,0.0,31999.0,0.445854,1.115429,EST,POL,5514
426835,74,177,947,1996.0,0.0,4563.0,2.007619,1.016303,FIN,POL,5514
426836,77,177,947,1996.0,10450222.0,20438.0,1.571365,1.187529,FRA,POL,5514
426837,81,177,947,1996.0,7711024.0,75247.0,1.948148,0.882453,GBR,POL,5514
426838,90,177,947,1996.0,12905.0,0.0,0.21841799999999997,1.081136,GRC,POL,5514
426839,102,177,947,1996.0,34517.0,17492.0,0.905526,1.887735,HUN,POL,5514
426840,106,177,947,1996.0,1236815.0,1653.0,1.476369,1.049152,IRL,POL,5514
426841,110,177,947,1996.0,11672.0,0.0,1.159922,1.025777,ISR,POL,5514
426842,111,177,947,1996.0,1239712.0,1060600.0,1.591442,0.875201,ITA,POL,5514
426843,112,177,947,1996.0,44209.0,0.0,-0.64364,-0.8296379999999999,JAM,POL,5514
426844,114,177,947,1996.0,1660.0,0.0,2.858869,0.477455,JPN,POL,5514
426845,130,177,947,1996.0,0.0,538574.0,0.360994,1.092575,LTU,POL,5514
426846,132,177,947,1996.0,28232.0,1598.0,0.255258,0.42505299999999996,LVA,POL,5514
426847,141,177,947,1996.0,0.0,104635.0,-0.8623040000000001,-0.991231,MLI,POL,5514
426848,162,177,947,1996.0,5144290.0,92049.0,1.331177,1.6320430000000001,NLD,POL,5514
426849,185,177,947,1996.0,0.0,18011.0,0.612166,1.201016,ROU,POL,5514
426850,186,177,947,1996.0,0.0,341696.0,0.505247,0.349848,RUS,POL,5514
426851,206,177,947,1996.0,0.0,31239.0,1.1978739999999999,1.426243,SVK,POL,5514
426852,207,177,947,1996.0,192499.0,0.0,1.352015,1.396593,SVN,POL,5514
426853,208,177,947,1996.0,110748.0,10657.0,2.186414,0.848194,SWE,POL,5514
426854,224,177,947,1996.0,55472.0,0.0,0.07259700000000001,1.734291,TUR,POL,5514
426855,228,177,947,1996.0,0.0,91156.0,0.7582479999999999,1.1207340000000001,UKR,POL,5514
426856,231,177,947,1996.0,2390303.0,276201.0,1.742391,1.003066,USA,POL,5514
426857,246,177,947,1996.0,35083.0,0.0,0.277171,1.489549,ZAF,POL,5514
426858,250,177,947,1996.0,224221.0,125538.0,1.153784,0.831677,ANS,POL,5514
426859,14,185,947,1996.0,7553.0,0.0,0.025253,0.6428189999999999,AUS,ROU,5514
426860,15,185,947,1996.0,529367.0,0.0,2.012626,0.395525,AUT,ROU,5514
426861,18,185,947,1996.0,649036.0,0.0,1.5604850000000001,1.30819,BEL,ROU,5514
426862,23,185,947,1996.0,20131.0,0.0,0.510789,1.749248,BGR,ROU,5514
426863,41,185,947,1996.0,959404.0,0.0,2.344337,0.709607,CHE,ROU,5514
426864,43,185,947,1996.0,140353.0,0.0,0.383975,2.197461,CHN,ROU,5514
426865,58,185,947,1996.0,2527.0,0.0,0.11774200000000001,0.044968,CYP,ROU,5514
426866,59,185,947,1996.0,3996.0,0.0,1.412088,1.171914,CZE,ROU,5514
426867,61,185,947,1996.0,2234899.0,108679.0,2.347101,-2.4792799999999997,DEU,ROU,5514
426868,64,185,947,1996.0,12192.0,0.0,1.416927,1.401766,DNK,ROU,5514
426869,68,185,947,1996.0,167495.0,0.0,-0.405938,-0.209619,EGY,ROU,5514
426870,71,185,947,1996.0,208118.0,0.0,1.157591,1.795643,ESP,ROU,5514
426871,77,185,947,1996.0,493880.0,0.0,1.571365,1.187529,FRA,ROU,5514
426872,81,185,947,1996.0,1844287.0,0.0,1.948148,0.882453,GBR,ROU,5514
426873,90,185,947,1996.0,157139.0,7926.0,0.21841799999999997,1.081136,GRC,ROU,5514
426874,102,185,947,1996.0,680103.0,2760.0,0.905526,1.887735,HUN,ROU,5514
426875,106,185,947,1996.0,581362.0,0.0,1.476369,1.049152,IRL,ROU,5514
426876,110,185,947,1996.0,174056.0,0.0,1.159922,1.025777,ISR,ROU,5514
426877,111,185,947,1996.0,3696297.0,0.0,1.591442,0.875201,ITA,ROU,5514
426878,135,185,947,1996.0,27322.0,6696.0,0.193705,0.10853,MDA,ROU,5514
426879,162,185,947,1996.0,1113396.0,0.0,1.331177,1.6320430000000001,NLD,ROU,5514
426880,177,185,947,1996.0,18011.0,0.0,0.806283,1.92897,POL,ROU,5514
426881,179,185,947,1996.0,1621.0,0.0,0.49924799999999997,0.9969520000000001,PRT,ROU,5514
426882,186,185,947,1996.0,51398.0,3498.0,0.505247,0.349848,RUS,ROU,5514
426883,189,185,947,1996.0,0.0,86528.0,0.699084,2.2900150000000004,SCG,ROU,5514
426884,208,185,947,1996.0,4916.0,0.0,2.186414,0.848194,SWE,ROU,5514
426885,224,185,947,1996.0,60152.0,0.0,0.07259700000000001,1.734291,TUR,ROU,5514
426886,231,185,947,1996.0,207679.0,0.0,1.742391,1.003066,USA,ROU,5514
426887,237,185,947,1996.0,23565.0,0.0,0.430472,-0.323838,VGB,ROU,5514
426888,15,186,947,1996.0,1962142.0,0.0,2.012626,0.395525,AUT,RUS,5514
426889,16,186,947,1996.0,0.0,6052.0,0.11756099999999998,-0.29673099999999997,AZE,RUS,5514
426890,18,186,947,1996.0,228360.0,0.0,1.5604850000000001,1.30819,BEL,RUS,5514
426891,23,186,947,1996.0,299427.0,13080.0,0.510789,1.749248,BGR,RUS,5514
426892,41,186,947,1996.0,2542348.0,0.0,2.344337,0.709607,CHE,RUS,5514
426893,58,186,947,1996.0,13074.0,0.0,0.11774200000000001,0.044968,CYP,RUS,5514
426894,59,186,947,1996.0,163755.0,0.0,1.412088,1.171914,CZE,RUS,5514
426895,61,186,947,1996.0,10242254.0,545649.0,2.347101,-2.4792799999999997,DEU,RUS,5514
426896,64,186,947,1996.0,132584.0,0.0,1.416927,1.401766,DNK,RUS,5514
426897,66,186,947,1996.0,63405028.0,0.0,-0.478062,-1.107679,DZA,RUS,5514
426898,68,186,947,1996.0,13146.0,0.0,-0.405938,-0.209619,EGY,RUS,5514
426899,71,186,947,1996.0,993716.0,0.0,1.157591,1.795643,ESP,RUS,5514
426900,72,186,947,1996.0,52692.0,30596.0,0.445854,1.115429,EST,RUS,5514
426901,74,186,947,1996.0,76753.0,1331.0,2.007619,1.016303,FIN,RUS,5514
426902,77,186,947,1996.0,6321146.0,130223.0,1.571365,1.187529,FRA,RUS,5514
426903,81,186,947,1996.0,7897248.0,21059.0,1.948148,0.882453,GBR,RUS,5514
426904,83,186,947,1996.0,0.0,2686.0,-1.037413,-1.019025,GHA,RUS,5514
426905,90,186,947,1996.0,246060.0,0.0,0.21841799999999997,1.081136,GRC,RUS,5514
426906,102,186,947,1996.0,30313.0,0.0,0.905526,1.887735,HUN,RUS,5514
426907,104,186,947,1996.0,1597472.0,0.0,0.145769,1.983642,IND,RUS,5514
426908,106,186,947,1996.0,8778683.0,43832.0,1.476369,1.049152,IRL,RUS,5514
426909,110,186,947,1996.0,470791.0,0.0,1.159922,1.025777,ISR,RUS,5514
426910,111,186,947,1996.0,217878.0,0.0,1.591442,0.875201,ITA,RUS,5514
426911,115,186,947,1996.0,0.0,285885.0,0.455772,0.16361099999999998,KAZ,RUS,5514
426912,121,186,947,1996.0,50243.0,0.0,1.230793,1.0548959999999998,KOR,RUS,5514
426913,123,186,947,1996.0,9245.0,0.0,-0.602525,-0.683279,LAO,RUS,5514
426914,130,186,947,1996.0,77989.0,154893.0,0.360994,1.092575,LTU,RUS,5514
426915,132,186,947,1996.0,426561.0,94259.0,0.255258,0.42505299999999996,LVA,RUS,5514
426916,135,186,947,1996.0,30371.0,29367.0,0.193705,0.10853,MDA,RUS,5514
426917,162,186,947,1996.0,4033348.0,0.0,1.331177,1.6320430000000001,NLD,RUS,5514
426918,163,186,947,1996.0,4895.0,0.0,0.8207270000000001,0.043619,NOR,RUS,5514
426919,177,186,947,1996.0,341696.0,0.0,0.806283,1.92897,POL,RUS,5514
426920,185,186,947,1996.0,3498.0,51398.0,0.612166,1.201016,ROU,RUS,5514
426921,192,186,947,1996.0,13542.0,0.0,1.288635,0.259061,SGP,RUS,5514
426922,206,186,947,1996.0,39002.0,0.0,1.1978739999999999,1.426243,SVK,RUS,5514
426923,207,186,947,1996.0,392016.0,0.0,1.352015,1.396593,SVN,RUS,5514
426924,208,186,947,1996.0,1839344.0,0.0,2.186414,0.848194,SWE,RUS,5514
426925,211,186,947,1996.0,0.0,49546.0,-0.03785,-0.572653,SYC,RUS,5514
426926,217,186,947,1996.0,0.0,6240.0,0.03373,-0.7239720000000001,TJK,RUS,5514
426927,219,186,947,1996.0,0.0,2231.0,-0.666457,-1.1301350000000001,TKM,RUS,5514
426928,224,186,947,1996.0,62275.0,0.0,0.07259700000000001,1.734291,TUR,RUS,5514
426929,228,186,947,1996.0,1616452.0,864542.0,0.7582479999999999,1.1207340000000001,UKR,RUS,5514
426930,231,186,947,1996.0,1464326.0,0.0,1.742391,1.003066,USA,RUS,5514
426931,232,186,947,1996.0,0.0,17179.0,-0.139651,-0.670652,UZB,RUS,5514
426932,239,186,947,1996.0,7276.0,0.0,-0.8099569999999999,-0.032258999999999996,VNM,RUS,5514
426933,7,188,947,1996.0,38277.0,90161.0,-0.43356400000000006,-0.8715719999999999,ARE,SAU,5514
426934,14,188,947,1996.0,8092.0,0.0,0.025253,0.6428189999999999,AUS,SAU,5514
426935,15,188,947,1996.0,79708.0,0.0,2.012626,0.395525,AUT,SAU,5514
426936,18,188,947,1996.0,405755.0,0.0,1.5604850000000001,1.30819,BEL,SAU,5514
426937,24,188,947,1996.0,55617.0,0.0,-0.359199,-0.9925,BHR,SAU,5514
426938,32,188,947,1996.0,56768.0,0.0,0.8087340000000001,1.370183,BRA,SAU,5514
426939,39,188,947,1996.0,27933.0,0.0,0.970932,1.111111,CAN,SAU,5514
426940,41,188,947,1996.0,3123342.0,0.0,2.344337,0.709607,CHE,SAU,5514
426941,42,188,947,1996.0,2984.0,0.0,-0.161334,-0.301695,CHL,SAU,5514
426942,43,188,947,1996.0,105677.0,0.0,0.383975,2.197461,CHN,SAU,5514
426943,61,188,947,1996.0,10273310.0,0.0,2.347101,-2.4792799999999997,DEU,SAU,5514
426944,64,188,947,1996.0,305124.0,0.0,1.416927,1.401766,DNK,SAU,5514
426945,68,188,947,1996.0,119991.0,1627.0,-0.405938,-0.209619,EGY,SAU,5514
426946,71,188,947,1996.0,196534.0,0.0,1.157591,1.795643,ESP,SAU,5514
426947,77,188,947,1996.0,1643115.0,0.0,1.571365,1.187529,FRA,SAU,5514
426948,81,188,947,1996.0,3359892.0,1242.0,1.948148,0.882453,GBR,SAU,5514
426949,90,188,947,1996.0,37934.0,0.0,0.21841799999999997,1.081136,GRC,SAU,5514
426950,103,188,947,1996.0,1437.0,0.0,-0.25952,1.343972,IDN,SAU,5514
426951,104,188,947,1996.0,312861.0,61265.0,0.145769,1.983642,IND,SAU,5514
426952,106,188,947,1996.0,14251250.0,0.0,1.476369,1.049152,IRL,SAU,5514
426953,111,188,947,1996.0,40784.0,0.0,1.591442,0.875201,ITA,SAU,5514
426954,114,188,947,1996.0,335133.0,0.0,2.858869,0.477455,JPN,SAU,5514
426955,122,188,947,1996.0,3054.0,15804.0,-0.412797,-1.1335899999999999,KWT,SAU,5514
426956,138,188,947,1996.0,117693.0,0.0,0.88569,1.044068,MEX,SAU,5514
426957,142,188,947,1996.0,245899.0,0.0,1.245592,0.446754,MLT,SAU,5514
426958,153,188,947,1996.0,19862.0,0.0,0.5493640000000001,0.248484,MYS,SAU,5514
426959,162,188,947,1996.0,3379037.0,13925.0,1.331177,1.6320430000000001,NLD,SAU,5514
426960,163,188,947,1996.0,5265.0,0.0,0.8207270000000001,0.043619,NOR,SAU,5514
426961,168,188,947,1996.0,7695.0,0.0,-0.759362,-0.541712,PAK,SAU,5514
426962,174,188,947,1996.0,9584.0,0.0,0.0020329999999999997,0.40715,PHL,SAU,5514
426963,192,188,947,1996.0,54489.0,0.0,1.288635,0.259061,SGP,SAU,5514
426964,208,188,947,1996.0,494844.0,0.0,2.186414,0.848194,SWE,SAU,5514
426965,224,188,947,1996.0,66226.0,0.0,0.07259700000000001,1.734291,TUR,SAU,5514
426966,231,188,947,1996.0,793246.0,0.0,1.742391,1.003066,USA,SAU,5514
426967,243,188,947,1996.0,0.0,2116.0,-1.395,-1.26641,YEM,SAU,5514
426968,246,188,947,1996.0,42913.0,0.0,0.277171,1.489549,ZAF,SAU,5514
426969,249,188,947,1996.0,56169.0,0.0,1.7375779999999998,1.4625860000000002,TWN,SAU,5514
426970,7,192,947,1996.0,336450.0,313535.0,-0.43356400000000006,-0.8715719999999999,ARE,SGP,5514
426971,8,192,947,1996.0,16397.0,0.0,0.007199,0.805707,ARG,SGP,5514
426972,14,192,947,1996.0,623861.0,4710676.0,0.025253,0.6428189999999999,AUS,SGP,5514
426973,15,192,947,1996.0,22389.0,0.0,2.012626,0.395525,AUT,SGP,5514
426974,18,192,947,1996.0,303484.0,21184.0,1.5604850000000001,1.30819,BEL,SGP,5514
426975,22,192,947,1996.0,4274.0,1606020.0,-0.751219,-0.9638329999999999,BGD,SGP,5514
426976,32,192,947,1996.0,65986.0,7133.0,0.8087340000000001,1.370183,BRA,SGP,5514
426977,34,192,947,1996.0,0.0,34815.0,-0.661198,-0.801408,BRN,SGP,5514
426978,39,192,947,1996.0,61611.0,0.0,0.970932,1.111111,CAN,SGP,5514
426979,41,192,947,1996.0,15780852.0,0.0,2.344337,0.709607,CHE,SGP,5514
426980,43,192,947,1996.0,2090206.0,1383866.0,0.383975,2.197461,CHN,SGP,5514
426981,59,192,947,1996.0,6588.0,0.0,1.412088,1.171914,CZE,SGP,5514
426982,61,192,947,1996.0,5522038.0,93204.0,2.347101,-2.4792799999999997,DEU,SGP,5514
426983,64,192,947,1996.0,139554.0,0.0,1.416927,1.401766,DNK,SGP,5514
426984,71,192,947,1996.0,900227.0,2812.0,1.157591,1.795643,ESP,SGP,5514
426985,74,192,947,1996.0,60767.0,0.0,2.007619,1.016303,FIN,SGP,5514
426986,75,192,947,1996.0,0.0,4949.0,-0.801999,-0.9148850000000001,FJI,SGP,5514
426987,77,192,947,1996.0,5035613.0,30409.0,1.571365,1.187529,FRA,SGP,5514
426988,81,192,947,1996.0,5756196.0,48525.0,1.948148,0.882453,GBR,SGP,5514
426989,97,192,947,1996.0,1091554.0,26703000.0,0.699041,1.8341720000000001,HKG,SGP,5514
426990,103,192,947,1996.0,78841.0,34457280.0,-0.25952,1.343972,IDN,SGP,5514
426991,104,192,947,1996.0,578143.0,708853.0,0.145769,1.983642,IND,SGP,5514
426992,106,192,947,1996.0,1776249.0,0.0,1.476369,1.049152,IRL,SGP,5514
426993,110,192,947,1996.0,406840.0,0.0,1.159922,1.025777,ISR,SGP,5514
426994,111,192,947,1996.0,108369.0,0.0,1.591442,0.875201,ITA,SGP,5514
426995,114,192,947,1996.0,3829752.0,1294217.0,2.858869,0.477455,JPN,SGP,5514
426996,118,192,947,1996.0,0.0,57691.0,-0.9007299999999999,-0.9713620000000001,KHM,SGP,5514
426997,121,192,947,1996.0,9968.0,7108168.0,1.230793,1.0548959999999998,KOR,SGP,5514
426998,124,192,947,1996.0,0.0,1136.0,-0.09233999999999999,0.127816,LBN,SGP,5514
426999,128,192,947,1996.0,1261.0,2005462.0,-0.71165,-0.320193,LKA,SGP,5514
427000,133,192,947,1996.0,0.0,1792.0,-0.089625,-0.42184499999999997,MAC,SGP,5514
427001,136,192,947,1996.0,8049.0,99306.0,-0.971575,-0.656497,MDG,SGP,5514
427002,137,192,947,1996.0,0.0,8702.0,-1.1896639999999998,-1.077542,MDV,SGP,5514
427003,138,192,947,1996.0,34435.0,1068.0,0.88569,1.044068,MEX,SGP,5514
427004,143,192,947,1996.0,0.0,413315.0,-1.3258219999999998,-1.068414,MMR,SGP,5514
427005,151,192,947,1996.0,9510.0,0.0,-0.578699,-0.831889,MUS,SGP,5514
427006,153,192,947,1996.0,776003.0,20410430.0,0.5493640000000001,0.248484,MYS,SGP,5514
427007,162,192,947,1996.0,996673.0,1063.0,1.331177,1.6320430000000001,NLD,SGP,5514
427008,163,192,947,1996.0,59435.0,0.0,0.8207270000000001,0.043619,NOR,SGP,5514
427009,164,192,947,1996.0,0.0,1049.0,-0.570144,-0.63484,NPL,SGP,5514
427010,166,192,947,1996.0,4584.0,641651.0,0.404233,0.6724640000000001,NZL,SGP,5514
427011,168,192,947,1996.0,40092.0,1979250.0,-0.759362,-0.541712,PAK,SGP,5514
427012,174,192,947,1996.0,227693.0,16680171.0,0.0020329999999999997,0.40715,PHL,SGP,5514
427013,176,192,947,1996.0,0.0,29339.0,-1.918864,-1.24327,PNG,SGP,5514
427014,182,192,947,1996.0,0.0,1654.0,0.9221219999999999,-0.317411,PYF,SGP,5514
427015,186,192,947,1996.0,0.0,13542.0,0.505247,0.349848,RUS,SGP,5514
427016,188,192,947,1996.0,0.0,54489.0,-0.200762,-1.0419610000000001,SAU,SGP,5514
427017,208,192,947,1996.0,7894.0,0.0,2.186414,0.848194,SWE,SGP,5514
427018,216,192,947,1996.0,335743.0,21032416.0,0.26155100000000003,1.146204,THA,SGP,5514
427019,224,192,947,1996.0,0.0,22601.0,0.07259700000000001,1.734291,TUR,SGP,5514
427020,231,192,947,1996.0,5844247.0,2163.0,1.742391,1.003066,USA,SGP,5514
427021,239,192,947,1996.0,11149.0,3761668.0,-0.8099569999999999,-0.032258999999999996,VNM,SGP,5514
427022,246,192,947,1996.0,22513.0,636393.0,0.277171,1.489549,ZAF,SGP,5514
427023,249,192,947,1996.0,26374.0,7574643.0,1.7375779999999998,1.4625860000000002,TWN,SGP,5514
427024,250,192,947,1996.0,8231.0,1323.0,1.153784,0.831677,ANS,SGP,5514
427025,15,206,947,1996.0,1982396.0,9205.0,2.012626,0.395525,AUT,SVK,5514
427026,18,206,947,1996.0,1778.0,0.0,1.5604850000000001,1.30819,BEL,SVK,5514
427027,26,206,947,1996.0,0.0,20815.0,0.5718949999999999,0.991791,BIH,SVK,5514
427028,41,206,947,1996.0,321051.0,7102.0,2.344337,0.709607,CHE,SVK,5514
427029,59,206,947,1996.0,930744.0,343047.0,1.412088,1.171914,CZE,SVK,5514
427030,61,206,947,1996.0,1927735.0,10860.0,2.347101,-2.4792799999999997,DEU,SVK,5514
427031,64,206,947,1996.0,161410.0,0.0,1.416927,1.401766,DNK,SVK,5514
427032,71,206,947,1996.0,32239.0,0.0,1.157591,1.795643,ESP,SVK,5514
427033,77,206,947,1996.0,1178812.0,0.0,1.571365,1.187529,FRA,SVK,5514
427034,81,206,947,1996.0,294515.0,0.0,1.948148,0.882453,GBR,SVK,5514
427035,102,206,947,1996.0,254111.0,10230.0,0.905526,1.887735,HUN,SVK,5514
427036,106,206,947,1996.0,24147.0,0.0,1.476369,1.049152,IRL,SVK,5514
427037,111,206,947,1996.0,44515.0,0.0,1.591442,0.875201,ITA,SVK,5514
427038,162,206,947,1996.0,342932.0,68028.0,1.331177,1.6320430000000001,NLD,SVK,5514
427039,177,206,947,1996.0,31239.0,0.0,0.806283,1.92897,POL,SVK,5514
427040,186,206,947,1996.0,0.0,39002.0,0.505247,0.349848,RUS,SVK,5514
427041,189,206,947,1996.0,0.0,6646.0,0.699084,2.2900150000000004,SCG,SVK,5514
427042,207,206,947,1996.0,361613.0,3621.0,1.352015,1.396593,SVN,SVK,5514
427043,228,206,947,1996.0,0.0,20375.0,0.7582479999999999,1.1207340000000001,UKR,SVK,5514
427044,231,206,947,1996.0,27939.0,0.0,1.742391,1.003066,USA,SVK,5514
427045,14,207,947,1996.0,1566.0,6814.0,0.025253,0.6428189999999999,AUS,SVN,5514
427046,15,207,947,1996.0,528939.0,4757.0,2.012626,0.395525,AUT,SVN,5514
427047,18,207,947,1996.0,28395.0,0.0,1.5604850000000001,1.30819,BEL,SVN,5514
427048,26,207,947,1996.0,0.0,449180.0,0.5718949999999999,0.991791,BIH,SVN,5514
427049,28,207,947,1996.0,46815.0,708251.0,0.785274,1.0126899999999999,BLR,SVN,5514
427050,32,207,947,1996.0,2148.0,0.0,0.8087340000000001,1.370183,BRA,SVN,5514
427051,41,207,947,1996.0,669838.0,3284.0,2.344337,0.709607,CHE,SVN,5514
427052,59,207,947,1996.0,2279.0,1456670.0,1.412088,1.171914,CZE,SVN,5514
427053,61,207,947,1996.0,3081622.0,27705.0,2.347101,-2.4792799999999997,DEU,SVN,5514
427054,64,207,947,1996.0,26660.0,0.0,1.416927,1.401766,DNK,SVN,5514
427055,71,207,947,1996.0,48943.0,0.0,1.157591,1.795643,ESP,SVN,5514
427056,77,207,947,1996.0,292556.0,0.0,1.571365,1.187529,FRA,SVN,5514
427057,81,207,947,1996.0,132229.0,0.0,1.948148,0.882453,GBR,SVN,5514
427058,100,207,947,1996.0,324959.0,2861755.0,0.739223,1.3032030000000001,HRV,SVN,5514
427059,102,207,947,1996.0,9843.0,270628.0,0.905526,1.887735,HUN,SVN,5514
427060,106,207,947,1996.0,234185.0,0.0,1.476369,1.049152,IRL,SVN,5514
427061,110,207,947,1996.0,9270.0,0.0,1.159922,1.025777,ISR,SVN,5514
427062,111,207,947,1996.0,248990.0,5317.0,1.591442,0.875201,ITA,SVN,5514
427063,114,207,947,1996.0,15412.0,0.0,2.858869,0.477455,JPN,SVN,5514
427064,130,207,947,1996.0,0.0,65833.0,0.360994,1.092575,LTU,SVN,5514
427065,140,207,947,1996.0,3875.0,1984446.0,0.36478,0.760475,MKD,SVN,5514
427066,162,207,947,1996.0,294960.0,16994.0,1.331177,1.6320430000000001,NLD,SVN,5514
427067,163,207,947,1996.0,0.0,6283.0,0.8207270000000001,0.043619,NOR,SVN,5514
427068,177,207,947,1996.0,0.0,192499.0,0.806283,1.92897,POL,SVN,5514
427069,186,207,947,1996.0,0.0,392016.0,0.505247,0.349848,RUS,SVN,5514
427070,189,207,947,1996.0,0.0,1410890.0,0.699084,2.2900150000000004,SCG,SVN,5514
427071,206,207,947,1996.0,3621.0,361613.0,1.1978739999999999,1.426243,SVK,SVN,5514
427072,208,207,947,1996.0,2334.0,0.0,2.186414,0.848194,SWE,SVN,5514
427073,224,207,947,1996.0,0.0,1438.0,0.07259700000000001,1.734291,TUR,SVN,5514
427074,228,207,947,1996.0,0.0,163017.0,0.7582479999999999,1.1207340000000001,UKR,SVN,5514
427075,250,207,947,1996.0,0.0,4227.0,1.153784,0.831677,ANS,SVN,5514
427076,15,228,947,1996.0,661711.0,0.0,2.012626,0.395525,AUT,UKR,5514
427077,23,228,947,1996.0,294399.0,0.0,0.510789,1.749248,BGR,UKR,5514
427078,41,228,947,1996.0,191618.0,0.0,2.344337,0.709607,CHE,UKR,5514
427079,59,228,947,1996.0,34599.0,0.0,1.412088,1.171914,CZE,UKR,5514
427080,61,228,947,1996.0,549697.0,330948.0,2.347101,-2.4792799999999997,DEU,UKR,5514
427081,72,228,947,1996.0,0.0,9473.0,0.445854,1.115429,EST,UKR,5514
427082,74,228,947,1996.0,1129.0,0.0,2.007619,1.016303,FIN,UKR,5514
427083,77,228,947,1996.0,113267.0,0.0,1.571365,1.187529,FRA,UKR,5514
427084,81,228,947,1996.0,1127757.0,20476.0,1.948148,0.882453,GBR,UKR,5514
427085,102,228,947,1996.0,292615.0,1591066.0,0.905526,1.887735,HUN,UKR,5514
427086,106,228,947,1996.0,1173461.0,0.0,1.476369,1.049152,IRL,UKR,5514
427087,110,228,947,1996.0,105674.0,0.0,1.159922,1.025777,ISR,UKR,5514
427088,111,228,947,1996.0,536316.0,0.0,1.591442,0.875201,ITA,UKR,5514
427089,130,228,947,1996.0,69715.0,0.0,0.360994,1.092575,LTU,UKR,5514
427090,132,228,947,1996.0,242701.0,0.0,0.255258,0.42505299999999996,LVA,UKR,5514
427091,135,228,947,1996.0,6587.0,63215.0,0.193705,0.10853,MDA,UKR,5514
427092,162,228,947,1996.0,241443.0,7300.0,1.331177,1.6320430000000001,NLD,UKR,5514
427093,177,228,947,1996.0,91156.0,0.0,0.806283,1.92897,POL,UKR,5514
427094,186,228,947,1996.0,864542.0,1616452.0,0.505247,0.349848,RUS,UKR,5514
427095,206,228,947,1996.0,20375.0,0.0,1.1978739999999999,1.426243,SVK,UKR,5514
427096,207,228,947,1996.0,163017.0,0.0,1.352015,1.396593,SVN,UKR,5514
427097,224,228,947,1996.0,0.0,10507.0,0.07259700000000001,1.734291,TUR,UKR,5514
427098,231,228,947,1996.0,17675.0,45979.0,1.742391,1.003066,USA,UKR,5514
427099,246,228,947,1996.0,0.0,14481.0,0.277171,1.489549,ZAF,UKR,5514
427100,2,246,947,1996.0,0.0,110977.0,-2.314454,-1.236453,AGO,ZAF,5514
427101,6,246,947,1996.0,0.0,6857.0,-0.2426,-0.701334,ANT,ZAF,5514
427102,7,246,947,1996.0,2665.0,0.0,-0.43356400000000006,-0.8715719999999999,ARE,ZAF,5514
427103,8,246,947,1996.0,44644.0,0.0,0.007199,0.805707,ARG,ZAF,5514
427104,14,246,947,1996.0,32803.0,9810.0,0.025253,0.6428189999999999,AUS,ZAF,5514
427105,15,246,947,1996.0,5191.0,8435.0,2.012626,0.395525,AUT,ZAF,5514
427106,18,246,947,1996.0,157690.0,0.0,1.5604850000000001,1.30819,BEL,ZAF,5514
427107,23,246,947,1996.0,1818.0,0.0,0.510789,1.749248,BGR,ZAF,5514
427108,32,246,947,1996.0,6235.0,3541.0,0.8087340000000001,1.370183,BRA,ZAF,5514
427109,39,246,947,1996.0,2781.0,0.0,0.970932,1.111111,CAN,ZAF,5514
427110,41,246,947,1996.0,16894502.0,3533.0,2.344337,0.709607,CHE,ZAF,5514
427111,44,246,947,1996.0,0.0,54267.0,-0.890915,-0.8165399999999999,CIV,ZAF,5514
427112,46,246,947,1996.0,0.0,221348.0,-1.288889,-1.129638,COD,ZAF,5514
427113,61,246,947,1996.0,8199168.0,14146.0,2.347101,-2.4792799999999997,DEU,ZAF,5514
427114,64,246,947,1996.0,138978.0,0.0,1.416927,1.401766,DNK,ZAF,5514
427115,71,246,947,1996.0,150069.0,1021.0,1.157591,1.795643,ESP,ZAF,5514
427116,73,246,947,1996.0,0.0,29608.0,-1.072519,-1.169486,ETH,ZAF,5514
427117,77,246,947,1996.0,7629652.0,51433.0,1.571365,1.187529,FRA,ZAF,5514
427118,81,246,947,1996.0,13550828.0,177230.0,1.948148,0.882453,GBR,ZAF,5514
427119,83,246,947,1996.0,0.0,22773.0,-1.037413,-1.019025,GHA,ZAF,5514
427120,97,246,947,1996.0,11068.0,55035.0,0.699041,1.8341720000000001,HKG,ZAF,5514
427121,104,246,947,1996.0,26521.0,5389.0,0.145769,1.983642,IND,ZAF,5514
427122,106,246,947,1996.0,2683649.0,5206.0,1.476369,1.049152,IRL,ZAF,5514
427123,107,246,947,1996.0,205890.0,0.0,-1.0058129999999998,-1.215661,IRN,ZAF,5514
427124,110,246,947,1996.0,271987.0,1910.0,1.159922,1.025777,ISR,ZAF,5514
427125,111,246,947,1996.0,135884.0,0.0,1.591442,0.875201,ITA,ZAF,5514
427126,114,246,947,1996.0,17094.0,0.0,2.858869,0.477455,JPN,ZAF,5514
427127,116,246,947,1996.0,2916.0,265056.0,-0.470653,-0.119252,KEN,ZAF,5514
427128,121,246,947,1996.0,3282.0,16505.0,1.230793,1.0548959999999998,KOR,ZAF,5514
427129,128,246,947,1996.0,6042.0,0.0,-0.71165,-0.320193,LKA,ZAF,5514
427130,136,246,947,1996.0,0.0,1047.0,-0.971575,-0.656497,MDG,ZAF,5514
427131,138,246,947,1996.0,1523.0,0.0,0.88569,1.044068,MEX,ZAF,5514
427132,141,246,947,1996.0,0.0,1026.0,-0.8623040000000001,-0.991231,MLI,ZAF,5514
427133,147,246,947,1996.0,0.0,966852.0,-1.0840459999999998,-1.016672,MOZ,ZAF,5514
427134,151,246,947,1996.0,0.0,1851553.0,-0.578699,-0.831889,MUS,ZAF,5514
427135,152,246,947,1996.0,8674.0,6621922.0,-1.203751,-1.003757,MWI,ZAF,5514
427136,153,246,947,1996.0,13109.0,0.0,0.5493640000000001,0.248484,MYS,ZAF,5514
427137,157,246,947,1996.0,12120.0,0.0,-0.539406,-0.693657,NER,ZAF,5514
427138,159,246,947,1996.0,0.0,4880.0,-1.9253069999999999,-1.247116,NGA,ZAF,5514
427139,162,246,947,1996.0,4140968.0,11297.0,1.331177,1.6320430000000001,NLD,ZAF,5514
427140,166,246,947,1996.0,6805.0,0.0,0.404233,0.6724640000000001,NZL,ZAF,5514
427141,177,246,947,1996.0,0.0,35083.0,0.806283,1.92897,POL,ZAF,5514
427142,188,246,947,1996.0,0.0,42913.0,-0.200762,-1.0419610000000001,SAU,ZAF,5514
427143,191,246,947,1996.0,0.0,1513.0,-0.715409,-0.8895850000000001,SEN,ZAF,5514
427144,192,246,947,1996.0,636393.0,22513.0,1.288635,0.259061,SGP,ZAF,5514
427145,208,246,947,1996.0,27905.0,0.0,2.186414,0.848194,SWE,ZAF,5514
427146,211,246,947,1996.0,0.0,318536.0,-0.03785,-0.572653,SYC,ZAF,5514
427147,226,246,947,1996.0,0.0,5102936.0,-1.186121,-0.6688390000000001,TZA,ZAF,5514
427148,227,246,947,1996.0,0.0,3080919.0,-1.105896,-0.910169,UGA,ZAF,5514
427149,228,246,947,1996.0,14481.0,0.0,0.7582479999999999,1.1207340000000001,UKR,ZAF,5514
427150,230,246,947,1996.0,3705551.0,0.0,0.182427,0.689738,URY,ZAF,5514
427151,231,246,947,1996.0,6328993.0,435653.0,1.742391,1.003066,USA,ZAF,5514
427152,247,246,947,1996.0,3775.0,1712708.0,-0.58634,-0.796772,ZMB,ZAF,5514
427153,248,246,947,1996.0,4190.0,5927036.0,-0.46458999999999995,-0.273683,ZWE,ZAF,5514
427154,250,246,947,1996.0,68855.0,0.0,1.153784,0.831677,ANS,ZAF,5514
427155,14,8,947,1996.0,22477.0,0.0,0.025253,0.6428189999999999,AUS,ARG,5514
427156,18,8,947,1996.0,33594.0,0.0,1.5604850000000001,1.30819,BEL,ARG,5514
427157,31,8,947,1996.0,0.0,587945.0,-0.5529930000000001,-0.600893,BOL,ARG,5514
427158,32,8,947,1996.0,3945283.0,1560112.0,0.8087340000000001,1.370183,BRA,ARG,5514
427159,39,8,947,1996.0,0.0,5949.0,0.970932,1.111111,CAN,ARG,5514
427160,41,8,947,1996.0,9149686.0,0.0,2.344337,0.709607,CHE,ARG,5514
427161,42,8,947,1996.0,44186.0,3396129.0,-0.161334,-0.301695,CHL,ARG,5514
427162,43,8,947,1996.0,5247.0,0.0,0.383975,2.197461,CHN,ARG,5514
427163,49,8,947,1996.0,64535.0,173319.0,0.070101,0.08847999999999999,COL,ARG,5514
427164,52,8,947,1996.0,115355.0,0.0,-0.23773000000000002,0.101373,CRI,ARG,5514
427165,61,8,947,1996.0,1025310.0,0.0,2.347101,-2.4792799999999997,DEU,ARG,5514
427166,65,8,947,1996.0,0.0,21134.0,-0.370096,-0.371728,DOM,ARG,5514
427167,67,8,947,1996.0,1814.0,43053.0,-1.128953,-0.960469,ECU,ARG,5514
427168,71,8,947,1996.0,442042.0,8271.0,1.157591,1.795643,ESP,ARG,5514
427169,77,8,947,1996.0,1182636.0,16262.0,1.571365,1.187529,FRA,ARG,5514
427170,81,8,947,1996.0,803753.0,0.0,1.948148,0.882453,GBR,ARG,5514
427171,93,8,947,1996.0,0.0,91181.0,-0.28699,0.308033,GTM,ARG,5514
427172,97,8,947,1996.0,26928.0,8847.0,0.699041,1.8341720000000001,HKG,ARG,5514
427173,103,8,947,1996.0,0.0,16991.0,-0.25952,1.343972,IDN,ARG,5514
427174,106,8,947,1996.0,919733.0,0.0,1.476369,1.049152,IRL,ARG,5514
427175,110,8,947,1996.0,61889.0,0.0,1.159922,1.025777,ISR,ARG,5514
427176,111,8,947,1996.0,96445.0,0.0,1.591442,0.875201,ITA,ARG,5514
427177,114,8,947,1996.0,45286.0,5672.0,2.858869,0.477455,JPN,ARG,5514
427178,121,8,947,1996.0,0.0,3327.0,1.230793,1.0548959999999998,KOR,ARG,5514
427179,138,8,947,1996.0,610481.0,43228.0,0.88569,1.044068,MEX,ARG,5514
427180,162,8,947,1996.0,296749.0,0.0,1.331177,1.6320430000000001,NLD,ARG,5514
427181,163,8,947,1996.0,18069.0,0.0,0.8207270000000001,0.043619,NOR,ARG,5514
427182,173,8,947,1996.0,0.0,616925.0,-0.374308,-0.36733499999999997,PER,ARG,5514
427183,180,8,947,1996.0,0.0,617142.0,-0.667054,-0.648122,PRY,ARG,5514
427184,192,8,947,1996.0,0.0,16397.0,1.288635,0.259061,SGP,ARG,5514
427185,197,8,947,1996.0,0.0,6452.0,-0.228625,-0.150274,SLV,ARG,5514
427186,208,8,947,1996.0,1742.0,0.0,2.186414,0.848194,SWE,ARG,5514
427187,230,8,947,1996.0,1170889.0,5500152.0,0.182427,0.689738,URY,ARG,5514
427188,231,8,947,1996.0,4947538.0,567753.0,1.742391,1.003066,USA,ARG,5514
427189,236,8,947,1996.0,0.0,554831.0,-0.039967,-0.828263,VEN,ARG,5514
427190,246,8,947,1996.0,0.0,44644.0,0.277171,1.489549,ZAF,ARG,5514
427191,250,8,947,1996.0,39475.0,0.0,1.153784,0.831677,ANS,ARG,5514
427192,18,44,947,1996.0,199976.0,0.0,1.5604850000000001,1.30819,BEL,CIV,5514
427193,19,44,947,1996.0,0.0,2213.0,-1.023515,-0.9004909999999999,BEN,CIV,5514
427194,21,44,947,1996.0,0.0,1490.0,-0.6722739999999999,-0.9167639999999999,BFA,CIV,5514
427195,41,44,947,1996.0,1065312.0,0.0,2.344337,0.709607,CHE,CIV,5514
427196,45,44,947,1996.0,0.0,1416.0,-1.172534,-1.099308,CMR,CIV,5514
427197,49,44,947,1996.0,2390.0,0.0,0.070101,0.08847999999999999,COL,CIV,5514
427198,61,44,947,1996.0,853940.0,0.0,2.347101,-2.4792799999999997,DEU,CIV,5514
427199,64,44,947,1996.0,18493.0,0.0,1.416927,1.401766,DNK,CIV,5514
427200,71,44,947,1996.0,1961.0,0.0,1.157591,1.795643,ESP,CIV,5514
427201,77,44,947,1996.0,5130876.0,3020.0,1.571365,1.187529,FRA,CIV,5514
427202,81,44,947,1996.0,1345925.0,0.0,1.948148,0.882453,GBR,CIV,5514
427203,83,44,947,1996.0,0.0,3875.0,-1.037413,-1.019025,GHA,CIV,5514
427204,106,44,947,1996.0,1187290.0,0.0,1.476369,1.049152,IRL,CIV,5514
427205,111,44,947,1996.0,1409.0,0.0,1.591442,0.875201,ITA,CIV,5514
427206,124,44,947,1996.0,1938.0,0.0,-0.09233999999999999,0.127816,LBN,CIV,5514
427207,157,44,947,1996.0,0.0,15303.0,-0.539406,-0.693657,NER,CIV,5514
427208,162,44,947,1996.0,886150.0,1872.0,1.331177,1.6320430000000001,NLD,CIV,5514
427209,191,44,947,1996.0,0.0,6156.0,-0.715409,-0.8895850000000001,SEN,CIV,5514
427210,215,44,947,1996.0,0.0,8425.0,-0.879626,-0.748842,TGO,CIV,5514
427211,231,44,947,1996.0,67515.0,0.0,1.742391,1.003066,USA,CIV,5514
427212,246,44,947,1996.0,54267.0,0.0,0.277171,1.489549,ZAF,CIV,5514
427213,18,45,947,1996.0,8377.0,0.0,1.5604850000000001,1.30819,BEL,CMR,5514
427214,41,45,947,1996.0,67622.0,0.0,2.344337,0.709607,CHE,CMR,5514
427215,44,45,947,1996.0,1416.0,0.0,-0.890915,-0.8165399999999999,CIV,CMR,5514
427216,61,45,947,1996.0,65126.0,0.0,2.347101,-2.4792799999999997,DEU,CMR,5514
427217,71,45,947,1996.0,8139.0,0.0,1.157591,1.795643,ESP,CMR,5514
427218,77,45,947,1996.0,2709618.0,0.0,1.571365,1.187529,FRA,CMR,5514
427219,81,45,947,1996.0,182200.0,0.0,1.948148,0.882453,GBR,CMR,5514
427220,106,45,947,1996.0,1200736.0,0.0,1.476369,1.049152,IRL,CMR,5514
427221,111,45,947,1996.0,10970.0,0.0,1.591442,0.875201,ITA,CMR,5514
427222,162,45,947,1996.0,772995.0,0.0,1.331177,1.6320430000000001,NLD,CMR,5514
427223,214,45,947,1996.0,0.0,37793.0,-0.8684709999999999,-0.758767,TCD,CMR,5514
427224,7,58,947,1996.0,4413.0,0.0,-0.43356400000000006,-0.8715719999999999,ARE,CYP,5514
427225,15,58,947,1996.0,10008.0,0.0,2.012626,0.395525,AUT,CYP,5514
427226,18,58,947,1996.0,53947.0,0.0,1.5604850000000001,1.30819,BEL,CYP,5514
427227,41,58,947,1996.0,334227.0,0.0,2.344337,0.709607,CHE,CYP,5514
427228,61,58,947,1996.0,864024.0,0.0,2.347101,-2.4792799999999997,DEU,CYP,5514
427229,64,58,947,1996.0,6557.0,0.0,1.416927,1.401766,DNK,CYP,5514
427230,68,58,947,1996.0,0.0,2961.0,-0.405938,-0.209619,EGY,CYP,5514
427231,71,58,947,1996.0,34540.0,0.0,1.157591,1.795643,ESP,CYP,5514
427232,77,58,947,1996.0,251859.0,0.0,1.571365,1.187529,FRA,CYP,5514
427233,81,58,947,1996.0,605212.0,8184.0,1.948148,0.882453,GBR,CYP,5514
427234,90,58,947,1996.0,190707.0,0.0,0.21841799999999997,1.081136,GRC,CYP,5514
427235,106,58,947,1996.0,1462579.0,0.0,1.476369,1.049152,IRL,CYP,5514
427236,110,58,947,1996.0,6933.0,0.0,1.159922,1.025777,ISR,CYP,5514
427237,111,58,947,1996.0,73447.0,0.0,1.591442,0.875201,ITA,CYP,5514
427238,162,58,947,1996.0,224858.0,23368.0,1.331177,1.6320430000000001,NLD,CYP,5514
427239,167,58,947,1996.0,0.0,30238.0,-0.227075,-0.9778399999999999,OMN,CYP,5514
427240,185,58,947,1996.0,0.0,2527.0,0.612166,1.201016,ROU,CYP,5514
427241,186,58,947,1996.0,0.0,13074.0,0.505247,0.349848,RUS,CYP,5514
427242,189,58,947,1996.0,0.0,1280.0,0.699084,2.2900150000000004,SCG,CYP,5514
427243,208,58,947,1996.0,9946.0,0.0,2.186414,0.848194,SWE,CYP,5514
427244,224,58,947,1996.0,196120.0,0.0,0.07259700000000001,1.734291,TUR,CYP,5514
427245,231,58,947,1996.0,10984.0,0.0,1.742391,1.003066,USA,CYP,5514
427246,7,134,947,1996.0,3599.0,0.0,-0.43356400000000006,-0.8715719999999999,ARE,MAR,5514
427247,15,134,947,1996.0,7513.0,0.0,2.012626,0.395525,AUT,MAR,5514
427248,18,134,947,1996.0,128161.0,0.0,1.5604850000000001,1.30819,BEL,MAR,5514
427249,39,134,947,1996.0,0.0,11758.0,0.970932,1.111111,CAN,MAR,5514
427250,41,134,947,1996.0,958930.0,3666.0,2.344337,0.709607,CHE,MAR,5514
427251,61,134,947,1996.0,2991262.0,0.0,2.347101,-2.4792799999999997,DEU,MAR,5514
427252,64,134,947,1996.0,81442.0,0.0,1.416927,1.401766,DNK,MAR,5514
427253,66,134,947,1996.0,0.0,4406.0,-0.478062,-1.107679,DZA,MAR,5514
427254,68,134,947,1996.0,0.0,66317.0,-0.405938,-0.209619,EGY,MAR,5514
427255,71,134,947,1996.0,734429.0,2767.0,1.157591,1.795643,ESP,MAR,5514
427256,77,134,947,1996.0,5112299.0,705189.0,1.571365,1.187529,FRA,MAR,5514
427257,81,134,947,1996.0,605103.0,14325.0,1.948148,0.882453,GBR,MAR,5514
427258,106,134,947,1996.0,1452051.0,12899.0,1.476369,1.049152,IRL,MAR,5514
427259,111,134,947,1996.0,22078.0,0.0,1.591442,0.875201,ITA,MAR,5514
427260,114,134,947,1996.0,9341.0,6580.0,2.858869,0.477455,JPN,MAR,5514
427261,153,134,947,1996.0,4007.0,0.0,0.5493640000000001,0.248484,MYS,MAR,5514
427262,162,134,947,1996.0,238186.0,0.0,1.331177,1.6320430000000001,NLD,MAR,5514
427263,179,134,947,1996.0,4178.0,0.0,0.49924799999999997,0.9969520000000001,PRT,MAR,5514
427264,208,134,947,1996.0,43317.0,0.0,2.186414,0.848194,SWE,MAR,5514
427265,223,134,947,1996.0,0.0,1457451.0,-0.250917,-0.057383,TUN,MAR,5514
427266,231,134,947,1996.0,246298.0,0.0,1.742391,1.003066,USA,MAR,5514
427267,250,134,947,1996.0,0.0,11703.0,1.153784,0.831677,ANS,MAR,5514
427268,44,157,947,1996.0,15303.0,0.0,-0.890915,-0.8165399999999999,CIV,NER,5514
427269,64,157,947,1996.0,7598.0,0.0,1.416927,1.401766,DNK,NER,5514
427270,77,157,947,1996.0,1012.0,0.0,1.571365,1.187529,FRA,NER,5514
427271,81,157,947,1996.0,23713.0,0.0,1.948148,0.882453,GBR,NER,5514
427272,106,157,947,1996.0,46113.0,0.0,1.476369,1.049152,IRL,NER,5514
427273,159,157,947,1996.0,1364.0,0.0,-1.9253069999999999,-1.247116,NGA,NER,5514
427274,246,157,947,1996.0,0.0,12120.0,0.277171,1.489549,ZAF,NER,5514
427275,250,157,947,1996.0,1528.0,0.0,1.153784,0.831677,ANS,NER,5514
427276,7,166,947,1996.0,0.0,3010.0,-0.43356400000000006,-0.8715719999999999,ARE,NZL,5514
427277,14,166,947,1996.0,4330422.0,182017.0,0.025253,0.6428189999999999,AUS,NZL,5514
427278,15,166,947,1996.0,4923.0,0.0,2.012626,0.395525,AUT,NZL,5514
427279,18,166,947,1996.0,42621.0,2629.0,1.5604850000000001,1.30819,BEL,NZL,5514
427280,32,166,947,1996.0,4812.0,0.0,0.8087340000000001,1.370183,BRA,NZL,5514
427281,39,166,947,1996.0,12481.0,8497.0,0.970932,1.111111,CAN,NZL,5514
427282,41,166,947,1996.0,594224.0,0.0,2.344337,0.709607,CHE,NZL,5514
427283,43,166,947,1996.0,0.0,2899.0,0.383975,2.197461,CHN,NZL,5514
427284,48,166,947,1996.0,0.0,5341.0,0.292879,-0.408573,COK,NZL,5514
427285,61,166,947,1996.0,277461.0,45618.0,2.347101,-2.4792799999999997,DEU,NZL,5514
427286,64,166,947,1996.0,86381.0,0.0,1.416927,1.401766,DNK,NZL,5514
427287,71,166,947,1996.0,2921.0,0.0,1.157591,1.795643,ESP,NZL,5514
427288,75,166,947,1996.0,0.0,87361.0,-0.801999,-0.9148850000000001,FJI,NZL,5514
427289,77,166,947,1996.0,317831.0,0.0,1.571365,1.187529,FRA,NZL,5514
427290,81,166,947,1996.0,1899005.0,0.0,1.948148,0.882453,GBR,NZL,5514
427291,97,166,947,1996.0,1653332.0,143583.0,0.699041,1.8341720000000001,HKG,NZL,5514
427292,103,166,947,1996.0,0.0,8106.0,-0.25952,1.343972,IDN,NZL,5514
427293,104,166,947,1996.0,9936.0,0.0,0.145769,1.983642,IND,NZL,5514
427294,106,166,947,1996.0,999084.0,0.0,1.476369,1.049152,IRL,NZL,5514
427295,111,166,947,1996.0,21733.0,0.0,1.591442,0.875201,ITA,NZL,5514
427296,112,166,947,1996.0,40335.0,0.0,-0.64364,-0.8296379999999999,JAM,NZL,5514
427297,114,166,947,1996.0,541381.0,70776.0,2.858869,0.477455,JPN,NZL,5514
427298,121,166,947,1996.0,1668.0,122217.0,1.230793,1.0548959999999998,KOR,NZL,5514
427299,128,166,947,1996.0,1799.0,0.0,-0.71165,-0.320193,LKA,NZL,5514
427300,138,166,947,1996.0,1858.0,0.0,0.88569,1.044068,MEX,NZL,5514
427301,153,166,947,1996.0,0.0,11075.0,0.5493640000000001,0.248484,MYS,NZL,5514
427302,158,166,947,1996.0,0.0,1695.0,1.490745,-0.283351,NFK,NZL,5514
427303,162,166,947,1996.0,62573.0,0.0,1.331177,1.6320430000000001,NLD,NZL,5514
427304,174,166,947,1996.0,0.0,14714.0,0.0020329999999999997,0.40715,PHL,NZL,5514
427305,176,166,947,1996.0,0.0,41673.0,-1.918864,-1.24327,PNG,NZL,5514
427306,182,166,947,1996.0,0.0,35093.0,0.9221219999999999,-0.317411,PYF,NZL,5514
427307,192,166,947,1996.0,641651.0,4584.0,1.288635,0.259061,SGP,NZL,5514
427308,195,166,947,1996.0,0.0,2441.0,-1.6314629999999999,-0.917385,SLB,NZL,5514
427309,208,166,947,1996.0,38031.0,0.0,2.186414,0.848194,SWE,NZL,5514
427310,216,166,947,1996.0,41372.0,12793.0,0.26155100000000003,1.146204,THA,NZL,5514
427311,221,166,947,1996.0,0.0,1764.0,-0.607237,-0.864383,TON,NZL,5514
427312,231,166,947,1996.0,663896.0,289760.0,1.742391,1.003066,USA,NZL,5514
427313,236,166,947,1996.0,0.0,7299.0,-0.039967,-0.828263,VEN,NZL,5514
427314,242,166,947,1996.0,0.0,16877.0,-0.529907,-0.797609,WSM,NZL,5514
427315,246,166,947,1996.0,0.0,6805.0,0.277171,1.489549,ZAF,NZL,5514
427316,249,166,947,1996.0,0.0,10054.0,1.7375779999999998,1.4625860000000002,TWN,NZL,5514
427317,250,166,947,1996.0,16487.0,8237.0,1.153784,0.831677,ANS,NZL,5514
427318,18,191,947,1996.0,14222.0,0.0,1.5604850000000001,1.30819,BEL,SEN,5514
427319,41,191,947,1996.0,150437.0,0.0,2.344337,0.709607,CHE,SEN,5514
427320,43,191,947,1996.0,1549.0,0.0,0.383975,2.197461,CHN,SEN,5514
427321,44,191,947,1996.0,6156.0,0.0,-0.890915,-0.8165399999999999,CIV,SEN,5514
427322,61,191,947,1996.0,341488.0,0.0,2.347101,-2.4792799999999997,DEU,SEN,5514
427323,71,191,947,1996.0,69297.0,0.0,1.157591,1.795643,ESP,SEN,5514
427324,77,191,947,1996.0,1679380.0,0.0,1.571365,1.187529,FRA,SEN,5514
427325,81,191,947,1996.0,161715.0,0.0,1.948148,0.882453,GBR,SEN,5514
427326,104,191,947,1996.0,1468.0,0.0,0.145769,1.983642,IND,SEN,5514
427327,106,191,947,1996.0,751991.0,0.0,1.476369,1.049152,IRL,SEN,5514
427328,111,191,947,1996.0,6044.0,0.0,1.591442,0.875201,ITA,SEN,5514
427329,141,191,947,1996.0,0.0,1204.0,-0.8623040000000001,-0.991231,MLI,SEN,5514
427330,162,191,947,1996.0,263525.0,0.0,1.331177,1.6320430000000001,NLD,SEN,5514
427331,223,191,947,1996.0,7598.0,0.0,-0.250917,-0.057383,TUN,SEN,5514
427332,231,191,947,1996.0,159683.0,0.0,1.742391,1.003066,USA,SEN,5514
427333,246,191,947,1996.0,1513.0,0.0,0.277171,1.489549,ZAF,SEN,5514
427334,41,215,947,1996.0,1923.0,0.0,2.344337,0.709607,CHE,TGO,5514
427335,44,215,947,1996.0,8425.0,0.0,-0.890915,-0.8165399999999999,CIV,TGO,5514
427336,61,215,947,1996.0,154868.0,0.0,2.347101,-2.4792799999999997,DEU,TGO,5514
427337,64,215,947,1996.0,57020.0,0.0,1.416927,1.401766,DNK,TGO,5514
427338,77,215,947,1996.0,212737.0,0.0,1.571365,1.187529,FRA,TGO,5514
427339,81,215,947,1996.0,24192.0,0.0,1.948148,0.882453,GBR,TGO,5514
427340,106,215,947,1996.0,167283.0,0.0,1.476369,1.049152,IRL,TGO,5514
427341,114,215,947,1996.0,56110.0,0.0,2.858869,0.477455,JPN,TGO,5514
427342,162,215,947,1996.0,160968.0,0.0,1.331177,1.6320430000000001,NLD,TGO,5514
427343,18,223,947,1996.0,16047.0,0.0,1.5604850000000001,1.30819,BEL,TUN,5514
427344,39,223,947,1996.0,0.0,1451.0,0.970932,1.111111,CAN,TUN,5514
427345,41,223,947,1996.0,461232.0,1606.0,2.344337,0.709607,CHE,TUN,5514
427346,61,223,947,1996.0,856306.0,0.0,2.347101,-2.4792799999999997,DEU,TUN,5514
427347,64,223,947,1996.0,17209.0,0.0,1.416927,1.401766,DNK,TUN,5514
427348,66,223,947,1996.0,0.0,22129.0,-0.478062,-1.107679,DZA,TUN,5514
427349,68,223,947,1996.0,29854.0,0.0,-0.405938,-0.209619,EGY,TUN,5514
427350,71,223,947,1996.0,1292006.0,26382.0,1.157591,1.795643,ESP,TUN,5514
427351,77,223,947,1996.0,5571206.0,54805.0,1.571365,1.187529,FRA,TUN,5514
427352,81,223,947,1996.0,128266.0,0.0,1.948148,0.882453,GBR,TUN,5514
427353,106,223,947,1996.0,368285.0,0.0,1.476369,1.049152,IRL,TUN,5514
427354,111,223,947,1996.0,219080.0,0.0,1.591442,0.875201,ITA,TUN,5514
427355,113,223,947,1996.0,19064.0,8333.0,0.225125,-0.333293,JOR,TUN,5514
427356,126,223,947,1996.0,0.0,4258.0,-0.482066,-1.163722,LBY,TUN,5514
427357,134,223,947,1996.0,1457451.0,0.0,-0.56512,-0.31006999999999996,MAR,TUN,5514
427358,162,223,947,1996.0,141702.0,0.0,1.331177,1.6320430000000001,NLD,TUN,5514
427359,191,223,947,1996.0,0.0,7598.0,-0.715409,-0.8895850000000001,SEN,TUN,5514
427360,231,223,947,1996.0,12116.0,0.0,1.742391,1.003066,USA,TUN,5514
427361,18,247,947,1996.0,62325.0,0.0,1.5604850000000001,1.30819,BEL,ZMB,5514
427362,41,247,947,1996.0,18325.0,0.0,2.344337,0.709607,CHE,ZMB,5514
427363,61,247,947,1996.0,197161.0,0.0,2.347101,-2.4792799999999997,DEU,ZMB,5514
427364,77,247,947,1996.0,32615.0,0.0,1.571365,1.187529,FRA,ZMB,5514
427365,81,247,947,1996.0,230158.0,0.0,1.948148,0.882453,GBR,ZMB,5514
427366,106,247,947,1996.0,539720.0,0.0,1.476369,1.049152,IRL,ZMB,5514
427367,152,247,947,1996.0,2084.0,9754.0,-1.203751,-1.003757,MWI,ZMB,5514
427368,162,247,947,1996.0,24906.0,0.0,1.331177,1.6320430000000001,NLD,ZMB,5514
427369,246,247,947,1996.0,1712708.0,3775.0,0.277171,1.489549,ZAF,ZMB,5514
427370,248,247,947,1996.0,27436.0,75311.0,-0.46458999999999995,-0.273683,ZWE,ZMB,5514
427371,23,82,947,1996.0,23766.0,0.0,0.510789,1.749248,BGR,GEO,5514
427372,61,82,947,1996.0,29339.0,59511.0,2.347101,-2.4792799999999997,DEU,GEO,5514
427373,81,82,947,1996.0,2621.0,0.0,1.948148,0.882453,GBR,GEO,5514
427374,111,82,947,1996.0,3929.0,0.0,1.591442,0.875201,ITA,GEO,5514
427375,224,82,947,1996.0,82923.0,0.0,0.07259700000000001,1.734291,TUR,GEO,5514
427376,33,120,947,1996.0,4350.0,0.0,0.599391,0.065208,BRB,KNA,5514
427377,81,120,947,1996.0,9704.0,0.0,1.948148,0.882453,GBR,KNA,5514
427378,112,120,947,1996.0,44584.0,0.0,-0.64364,-0.8296379999999999,JAM,KNA,5514
427379,231,120,947,1996.0,97844.0,0.0,1.742391,1.003066,USA,KNA,5514
427380,15,100,947,1996.0,306019.0,0.0,2.012626,0.395525,AUT,HRV,5514
427381,23,100,947,1996.0,153792.0,0.0,0.510789,1.749248,BGR,HRV,5514
427382,26,100,947,1996.0,0.0,157867.0,0.5718949999999999,0.991791,BIH,HRV,5514
427383,41,100,947,1996.0,30689.0,0.0,2.344337,0.709607,CHE,HRV,5514
427384,61,100,947,1996.0,2026132.0,5193.0,2.347101,-2.4792799999999997,DEU,HRV,5514
427385,64,100,947,1996.0,1537.0,0.0,1.416927,1.401766,DNK,HRV,5514
427386,71,100,947,1996.0,19440.0,0.0,1.157591,1.795643,ESP,HRV,5514
427387,77,100,947,1996.0,872437.0,0.0,1.571365,1.187529,FRA,HRV,5514
427388,81,100,947,1996.0,930751.0,0.0,1.948148,0.882453,GBR,HRV,5514
427389,102,100,947,1996.0,53155.0,0.0,0.905526,1.887735,HUN,HRV,5514
427390,106,100,947,1996.0,164617.0,0.0,1.476369,1.049152,IRL,HRV,5514
427391,110,100,947,1996.0,32303.0,0.0,1.159922,1.025777,ISR,HRV,5514
427392,111,100,947,1996.0,975697.0,0.0,1.591442,0.875201,ITA,HRV,5514
427393,162,100,947,1996.0,507633.0,0.0,1.331177,1.6320430000000001,NLD,HRV,5514
427394,207,100,947,1996.0,2861755.0,324959.0,1.352015,1.396593,SVN,HRV,5514
427395,231,100,947,1996.0,67456.0,0.0,1.742391,1.003066,USA,HRV,5514
427396,41,107,947,1996.0,1123369.0,12872.0,2.344337,0.709607,CHE,IRN,5514
427397,61,107,947,1996.0,9109957.0,95125.0,2.347101,-2.4792799999999997,DEU,IRN,5514
427398,64,107,947,1996.0,32921.0,0.0,1.416927,1.401766,DNK,IRN,5514
427399,71,107,947,1996.0,550680.0,0.0,1.157591,1.795643,ESP,IRN,5514
427400,77,107,947,1996.0,1487360.0,0.0,1.571365,1.187529,FRA,IRN,5514
427401,81,107,947,1996.0,806814.0,9901.0,1.948148,0.882453,GBR,IRN,5514
427402,111,107,947,1996.0,47686.0,0.0,1.591442,0.875201,ITA,IRN,5514
427403,114,107,947,1996.0,280767.0,0.0,2.858869,0.477455,JPN,IRN,5514
427404,162,107,947,1996.0,589544.0,0.0,1.331177,1.6320430000000001,NLD,IRN,5514
427405,167,107,947,1996.0,0.0,283148.0,-0.227075,-0.9778399999999999,OMN,IRN,5514
427406,246,107,947,1996.0,0.0,205890.0,0.277171,1.489549,ZAF,IRN,5514
427407,15,113,947,1996.0,29282.0,0.0,2.012626,0.395525,AUT,JOR,5514
427408,18,113,947,1996.0,47710.0,0.0,1.5604850000000001,1.30819,BEL,JOR,5514
427409,41,113,947,1996.0,483157.0,0.0,2.344337,0.709607,CHE,JOR,5514
427410,61,113,947,1996.0,1116801.0,0.0,2.347101,-2.4792799999999997,DEU,JOR,5514
427411,64,113,947,1996.0,141809.0,0.0,1.416927,1.401766,DNK,JOR,5514
427412,71,113,947,1996.0,201208.0,0.0,1.157591,1.795643,ESP,JOR,5514
427413,77,113,947,1996.0,926299.0,0.0,1.571365,1.187529,FRA,JOR,5514
427414,81,113,947,1996.0,618406.0,5439.0,1.948148,0.882453,GBR,JOR,5514
427415,106,113,947,1996.0,714832.0,0.0,1.476369,1.049152,IRL,JOR,5514
427416,110,113,947,1996.0,11075.0,0.0,1.159922,1.025777,ISR,JOR,5514
427417,111,113,947,1996.0,1680.0,0.0,1.591442,0.875201,ITA,JOR,5514
427418,142,113,947,1996.0,50035.0,0.0,1.245592,0.446754,MLT,JOR,5514
427419,162,113,947,1996.0,500377.0,0.0,1.331177,1.6320430000000001,NLD,JOR,5514
427420,167,113,947,1996.0,0.0,38020.0,-0.227075,-0.9778399999999999,OMN,JOR,5514
427421,208,113,947,1996.0,32920.0,0.0,2.186414,0.848194,SWE,JOR,5514
427422,223,113,947,1996.0,8333.0,19064.0,-0.250917,-0.057383,TUN,JOR,5514
427423,224,113,947,1996.0,107718.0,0.0,0.07259700000000001,1.734291,TUR,JOR,5514
427424,231,113,947,1996.0,68818.0,0.0,1.742391,1.003066,USA,JOR,5514
427425,15,124,947,1996.0,62624.0,0.0,2.012626,0.395525,AUT,LBN,5514
427426,18,124,947,1996.0,11462.0,0.0,1.5604850000000001,1.30819,BEL,LBN,5514
427427,41,124,947,1996.0,418299.0,73568.0,2.344337,0.709607,CHE,LBN,5514
427428,44,124,947,1996.0,0.0,1938.0,-0.890915,-0.8165399999999999,CIV,LBN,5514
427429,61,124,947,1996.0,1957964.0,0.0,2.347101,-2.4792799999999997,DEU,LBN,5514
427430,71,124,947,1996.0,78345.0,0.0,1.157591,1.795643,ESP,LBN,5514
427431,77,124,947,1996.0,1496536.0,11393.0,1.571365,1.187529,FRA,LBN,5514
427432,81,124,947,1996.0,252545.0,11627.0,1.948148,0.882453,GBR,LBN,5514
427433,90,124,947,1996.0,25633.0,0.0,0.21841799999999997,1.081136,GRC,LBN,5514
427434,106,124,947,1996.0,2351240.0,0.0,1.476369,1.049152,IRL,LBN,5514
427435,111,124,947,1996.0,2480.0,0.0,1.591442,0.875201,ITA,LBN,5514
427436,142,124,947,1996.0,13557.0,0.0,1.245592,0.446754,MLT,LBN,5514
427437,162,124,947,1996.0,531420.0,0.0,1.331177,1.6320430000000001,NLD,LBN,5514
427438,192,124,947,1996.0,1136.0,0.0,1.288635,0.259061,SGP,LBN,5514
427439,231,124,947,1996.0,29609.0,0.0,1.742391,1.003066,USA,LBN,5514
427440,18,128,947,1996.0,6889.0,0.0,1.5604850000000001,1.30819,BEL,LKA,5514
427441,39,128,947,1996.0,0.0,1583.0,0.970932,1.111111,CAN,LKA,5514
427442,41,128,947,1996.0,619054.0,0.0,2.344337,0.709607,CHE,LKA,5514
427443,43,128,947,1996.0,9790.0,0.0,0.383975,2.197461,CHN,LKA,5514
427444,61,128,947,1996.0,796991.0,0.0,2.347101,-2.4792799999999997,DEU,LKA,5514
427445,71,128,947,1996.0,104544.0,4397.0,1.157591,1.795643,ESP,LKA,5514
427446,77,128,947,1996.0,82645.0,0.0,1.571365,1.187529,FRA,LKA,5514
427447,81,128,947,1996.0,1961446.0,0.0,1.948148,0.882453,GBR,LKA,5514
427448,97,128,947,1996.0,54424.0,0.0,0.699041,1.8341720000000001,HKG,LKA,5514
427449,104,128,947,1996.0,347391.0,0.0,0.145769,1.983642,IND,LKA,5514
427450,106,128,947,1996.0,917009.0,0.0,1.476369,1.049152,IRL,LKA,5514
427451,153,128,947,1996.0,19132.0,14377.0,0.5493640000000001,0.248484,MYS,LKA,5514
427452,162,128,947,1996.0,550010.0,0.0,1.331177,1.6320430000000001,NLD,LKA,5514
427453,166,128,947,1996.0,0.0,1799.0,0.404233,0.6724640000000001,NZL,LKA,5514
427454,167,128,947,1996.0,0.0,30931.0,-0.227075,-0.9778399999999999,OMN,LKA,5514
427455,174,128,947,1996.0,1073.0,5058.0,0.0020329999999999997,0.40715,PHL,LKA,5514
427456,192,128,947,1996.0,2005462.0,1261.0,1.288635,0.259061,SGP,LKA,5514
427457,231,128,947,1996.0,82153.0,5718.0,1.742391,1.003066,USA,LKA,5514
427458,246,128,947,1996.0,0.0,6042.0,0.277171,1.489549,ZAF,LKA,5514
427459,15,135,947,1996.0,93685.0,0.0,2.012626,0.395525,AUT,MDA,5514
427460,23,135,947,1996.0,7704.0,0.0,0.510789,1.749248,BGR,MDA,5514
427461,41,135,947,1996.0,0.0,41084.0,2.344337,0.709607,CHE,MDA,5514
427462,61,135,947,1996.0,52403.0,1176716.0,2.347101,-2.4792799999999997,DEU,MDA,5514
427463,64,135,947,1996.0,60935.0,0.0,1.416927,1.401766,DNK,MDA,5514
427464,77,135,947,1996.0,11364.0,0.0,1.571365,1.187529,FRA,MDA,5514
427465,81,135,947,1996.0,3428.0,0.0,1.948148,0.882453,GBR,MDA,5514
427466,102,135,947,1996.0,1738.0,0.0,0.905526,1.887735,HUN,MDA,5514
427467,106,135,947,1996.0,151229.0,0.0,1.476369,1.049152,IRL,MDA,5514
427468,110,135,947,1996.0,9126.0,0.0,1.159922,1.025777,ISR,MDA,5514
427469,111,135,947,1996.0,105711.0,0.0,1.591442,0.875201,ITA,MDA,5514
427470,162,135,947,1996.0,2136.0,0.0,1.331177,1.6320430000000001,NLD,MDA,5514
427471,185,135,947,1996.0,6696.0,27322.0,0.612166,1.201016,ROU,MDA,5514
427472,186,135,947,1996.0,29367.0,30371.0,0.505247,0.349848,RUS,MDA,5514
427473,228,135,947,1996.0,63215.0,6587.0,0.7582479999999999,1.1207340000000001,UKR,MDA,5514
427474,15,140,947,1996.0,324097.0,0.0,2.012626,0.395525,AUT,MKD,5514
427475,18,140,947,1996.0,4319.0,0.0,1.5604850000000001,1.30819,BEL,MKD,5514
427476,23,140,947,1996.0,1056062.0,0.0,0.510789,1.749248,BGR,MKD,5514
427477,41,140,947,1996.0,130024.0,0.0,2.344337,0.709607,CHE,MKD,5514
427478,61,140,947,1996.0,443262.0,13622.0,2.347101,-2.4792799999999997,DEU,MKD,5514
427479,77,140,947,1996.0,175446.0,0.0,1.571365,1.187529,FRA,MKD,5514
427480,81,140,947,1996.0,149189.0,0.0,1.948148,0.882453,GBR,MKD,5514
427481,90,140,947,1996.0,156176.0,0.0,0.21841799999999997,1.081136,GRC,MKD,5514
427482,106,140,947,1996.0,17549.0,0.0,1.476369,1.049152,IRL,MKD,5514
427483,111,140,947,1996.0,418827.0,0.0,1.591442,0.875201,ITA,MKD,5514
427484,162,140,947,1996.0,394117.0,0.0,1.331177,1.6320430000000001,NLD,MKD,5514
427485,189,140,947,1996.0,60969.0,38025.0,0.699084,2.2900150000000004,SCG,MKD,5514
427486,207,140,947,1996.0,1984446.0,3875.0,1.352015,1.396593,SVN,MKD,5514
427487,231,140,947,1996.0,5491.0,0.0,1.742391,1.003066,USA,MKD,5514
427488,15,189,947,1996.0,1000484.0,14843.0,2.012626,0.395525,AUT,SCG,5514
427489,18,189,947,1996.0,155202.0,0.0,1.5604850000000001,1.30819,BEL,SCG,5514
427490,23,189,947,1996.0,863746.0,0.0,0.510789,1.749248,BGR,SCG,5514
427491,26,189,947,1996.0,0.0,11332.0,0.5718949999999999,0.991791,BIH,SCG,5514
427492,41,189,947,1996.0,298103.0,0.0,2.344337,0.709607,CHE,SCG,5514
427493,58,189,947,1996.0,1280.0,0.0,0.11774200000000001,0.044968,CYP,SCG,5514
427494,61,189,947,1996.0,1284944.0,61148.0,2.347101,-2.4792799999999997,DEU,SCG,5514
427495,64,189,947,1996.0,5022.0,0.0,1.416927,1.401766,DNK,SCG,5514
427496,77,189,947,1996.0,1579994.0,0.0,1.571365,1.187529,FRA,SCG,5514
427497,81,189,947,1996.0,43277.0,0.0,1.948148,0.882453,GBR,SCG,5514
427498,90,189,947,1996.0,32774.0,0.0,0.21841799999999997,1.081136,GRC,SCG,5514
427499,102,189,947,1996.0,165362.0,0.0,0.905526,1.887735,HUN,SCG,5514
427500,110,189,947,1996.0,20054.0,0.0,1.159922,1.025777,ISR,SCG,5514
427501,111,189,947,1996.0,98387.0,0.0,1.591442,0.875201,ITA,SCG,5514
427502,140,189,947,1996.0,38025.0,60969.0,0.36478,0.760475,MKD,SCG,5514
427503,162,189,947,1996.0,168567.0,0.0,1.331177,1.6320430000000001,NLD,SCG,5514
427504,185,189,947,1996.0,86528.0,0.0,0.612166,1.201016,ROU,SCG,5514
427505,206,189,947,1996.0,6646.0,0.0,1.1978739999999999,1.426243,SVK,SCG,5514
427506,207,189,947,1996.0,1410890.0,0.0,1.352015,1.396593,SVN,SCG,5514
427507,224,189,947,1996.0,1569.0,0.0,0.07259700000000001,1.734291,TUR,SCG,5514
427508,249,189,947,1996.0,2624.0,0.0,1.7375779999999998,1.4625860000000002,TWN,SCG,5514
427509,15,212,947,1996.0,139270.0,0.0,2.012626,0.395525,AUT,SYR,5514
427510,18,212,947,1996.0,7825.0,0.0,1.5604850000000001,1.30819,BEL,SYR,5514
427511,41,212,947,1996.0,891279.0,0.0,2.344337,0.709607,CHE,SYR,5514
427512,43,212,947,1996.0,114220.0,0.0,0.383975,2.197461,CHN,SYR,5514
427513,61,212,947,1996.0,5800718.0,0.0,2.347101,-2.4792799999999997,DEU,SYR,5514
427514,68,212,947,1996.0,49557.0,0.0,-0.405938,-0.209619,EGY,SYR,5514
427515,71,212,947,1996.0,410183.0,0.0,1.157591,1.795643,ESP,SYR,5514
427516,77,212,947,1996.0,1437796.0,0.0,1.571365,1.187529,FRA,SYR,5514
427517,81,212,947,1996.0,1117682.0,0.0,1.948148,0.882453,GBR,SYR,5514
427518,106,212,947,1996.0,3543335.0,0.0,1.476369,1.049152,IRL,SYR,5514
427519,111,212,947,1996.0,178198.0,0.0,1.591442,0.875201,ITA,SYR,5514
427520,162,212,947,1996.0,742303.0,0.0,1.331177,1.6320430000000001,NLD,SYR,5514
427521,167,212,947,1996.0,0.0,40335.0,-0.227075,-0.9778399999999999,OMN,SYR,5514
427522,208,212,947,1996.0,41769.0,0.0,2.186414,0.848194,SWE,SYR,5514
427523,224,212,947,1996.0,137190.0,0.0,0.07259700000000001,1.734291,TUR,SYR,5514
427524,231,212,947,1996.0,72582.0,0.0,1.742391,1.003066,USA,SYR,5514
427525,14,249,947,1996.0,523924.0,15964.0,0.025253,0.6428189999999999,AUS,TWN,5514
427526,15,249,947,1996.0,17538.0,0.0,2.012626,0.395525,AUT,TWN,5514
427527,18,249,947,1996.0,46237.0,0.0,1.5604850000000001,1.30819,BEL,TWN,5514
427528,22,249,947,1996.0,0.0,1591.0,-0.751219,-0.9638329999999999,BGD,TWN,5514
427529,32,249,947,1996.0,0.0,52424.0,0.8087340000000001,1.370183,BRA,TWN,5514
427530,39,249,947,1996.0,0.0,1131.0,0.970932,1.111111,CAN,TWN,5514
427531,41,249,947,1996.0,2121544.0,0.0,2.344337,0.709607,CHE,TWN,5514
427532,43,249,947,1996.0,617516.0,500085.0,0.383975,2.197461,CHN,TWN,5514
427533,61,249,947,1996.0,4080822.0,0.0,2.347101,-2.4792799999999997,DEU,TWN,5514
427534,64,249,947,1996.0,45208.0,0.0,1.416927,1.401766,DNK,TWN,5514
427535,71,249,947,1996.0,2367873.0,1634.0,1.157591,1.795643,ESP,TWN,5514
427536,77,249,947,1996.0,3364485.0,1947.0,1.571365,1.187529,FRA,TWN,5514
427537,81,249,947,1996.0,4116046.0,0.0,1.948148,0.882453,GBR,TWN,5514
427538,90,249,947,1996.0,3162.0,0.0,0.21841799999999997,1.081136,GRC,TWN,5514
427539,97,249,947,1996.0,7095827.0,2383222.0,0.699041,1.8341720000000001,HKG,TWN,5514
427540,102,249,947,1996.0,0.0,1679.0,0.905526,1.887735,HUN,TWN,5514
427541,103,249,947,1996.0,26711.0,924222.0,-0.25952,1.343972,IDN,TWN,5514
427542,104,249,947,1996.0,15804.0,3526.0,0.145769,1.983642,IND,TWN,5514
427543,110,249,947,1996.0,37069.0,1705.0,1.159922,1.025777,ISR,TWN,5514
427544,111,249,947,1996.0,497411.0,28045.0,1.591442,0.875201,ITA,TWN,5514
427545,114,249,947,1996.0,20353832.0,180421.0,2.858869,0.477455,JPN,TWN,5514
427546,121,249,947,1996.0,40842.0,3427.0,1.230793,1.0548959999999998,KOR,TWN,5514
427547,133,249,947,1996.0,0.0,3724.0,-0.089625,-0.42184499999999997,MAC,TWN,5514
427548,153,249,947,1996.0,264889.0,150442.0,0.5493640000000001,0.248484,MYS,TWN,5514
427549,159,249,947,1996.0,0.0,3924.0,-1.9253069999999999,-1.247116,NGA,TWN,5514
427550,160,249,947,1996.0,0.0,1343.0,-0.810879,-0.64475,NIC,TWN,5514
427551,162,249,947,1996.0,1033100.0,0.0,1.331177,1.6320430000000001,NLD,TWN,5514
427552,166,249,947,1996.0,10054.0,0.0,0.404233,0.6724640000000001,NZL,TWN,5514
427553,174,249,947,1996.0,9346.0,163734.0,0.0020329999999999997,0.40715,PHL,TWN,5514
427554,188,249,947,1996.0,0.0,56169.0,-0.200762,-1.0419610000000001,SAU,TWN,5514
427555,189,249,947,1996.0,0.0,2624.0,0.699084,2.2900150000000004,SCG,TWN,5514
427556,192,249,947,1996.0,7574643.0,26374.0,1.288635,0.259061,SGP,TWN,5514
427557,208,249,947,1996.0,5779.0,0.0,2.186414,0.848194,SWE,TWN,5514
427558,216,249,947,1996.0,30773.0,95064.0,0.26155100000000003,1.146204,THA,TWN,5514
427559,231,249,947,1996.0,4129162.0,1342.0,1.742391,1.003066,USA,TWN,5514
427560,8,250,947,1996.0,0.0,39475.0,0.007199,0.805707,ARG,ANS,5514
427561,14,250,947,1996.0,0.0,40690.0,0.025253,0.6428189999999999,AUS,ANS,5514
427562,18,250,947,1996.0,7166.0,0.0,1.5604850000000001,1.30819,BEL,ANS,5514
427563,22,250,947,1996.0,0.0,8261.0,-0.751219,-0.9638329999999999,BGD,ANS,5514
427564,32,250,947,1996.0,0.0,3017.0,0.8087340000000001,1.370183,BRA,ANS,5514
427565,39,250,947,1996.0,0.0,9449.0,0.970932,1.111111,CAN,ANS,5514
427566,41,250,947,1996.0,2480.0,0.0,2.344337,0.709607,CHE,ANS,5514
427567,43,250,947,1996.0,0.0,77961.0,0.383975,2.197461,CHN,ANS,5514
427568,49,250,947,1996.0,551958.0,39100.0,0.070101,0.08847999999999999,COL,ANS,5514
427569,52,250,947,1996.0,0.0,26091.0,-0.23773000000000002,0.101373,CRI,ANS,5514
427570,59,250,947,1996.0,0.0,173728.0,1.412088,1.171914,CZE,ANS,5514
427571,61,250,947,1996.0,170191.0,0.0,2.347101,-2.4792799999999997,DEU,ANS,5514
427572,64,250,947,1996.0,0.0,12598.0,1.416927,1.401766,DNK,ANS,5514
427573,67,250,947,1996.0,0.0,88338.0,-1.128953,-0.960469,ECU,ANS,5514
427574,68,250,947,1996.0,0.0,104031.0,-0.405938,-0.209619,EGY,ANS,5514
427575,77,250,947,1996.0,0.0,4928.0,1.571365,1.187529,FRA,ANS,5514
427576,81,250,947,1996.0,1977.0,0.0,1.948148,0.882453,GBR,ANS,5514
427577,90,250,947,1996.0,0.0,1450.0,0.21841799999999997,1.081136,GRC,ANS,5514
427578,102,250,947,1996.0,1000.0,0.0,0.905526,1.887735,HUN,ANS,5514
427579,103,250,947,1996.0,1671.0,67941.0,-0.25952,1.343972,IDN,ANS,5514
427580,106,250,947,1996.0,1679375.0,77310.0,1.476369,1.049152,IRL,ANS,5514
427581,110,250,947,1996.0,40043.0,40927.0,1.159922,1.025777,ISR,ANS,5514
427582,111,250,947,1996.0,34038.0,336097.0,1.591442,0.875201,ITA,ANS,5514
427583,134,250,947,1996.0,11703.0,0.0,-0.56512,-0.31006999999999996,MAR,ANS,5514
427584,136,250,947,1996.0,0.0,5501.0,-0.971575,-0.656497,MDG,ANS,5514
427585,138,250,947,1996.0,0.0,40279.0,0.88569,1.044068,MEX,ANS,5514
427586,157,250,947,1996.0,0.0,1528.0,-0.539406,-0.693657,NER,ANS,5514
427587,162,250,947,1996.0,1215.0,0.0,1.331177,1.6320430000000001,NLD,ANS,5514
427588,166,250,947,1996.0,8237.0,16487.0,0.404233,0.6724640000000001,NZL,ANS,5514
427589,169,250,947,1996.0,0.0,19462.0,-0.03243,-0.326329,PAN,ANS,5514
427590,174,250,947,1996.0,0.0,14565.0,0.0020329999999999997,0.40715,PHL,ANS,5514
427591,177,250,947,1996.0,125538.0,224221.0,0.806283,1.92897,POL,ANS,5514
427592,192,250,947,1996.0,1323.0,8231.0,1.288635,0.259061,SGP,ANS,5514
427593,207,250,947,1996.0,4227.0,0.0,1.352015,1.396593,SVN,ANS,5514
427594,208,250,947,1996.0,4852.0,0.0,2.186414,0.848194,SWE,ANS,5514
427595,216,250,947,1996.0,1144.0,0.0,0.26155100000000003,1.146204,THA,ANS,5514
427596,224,250,947,1996.0,5921.0,0.0,0.07259700000000001,1.734291,TUR,ANS,5514
427597,246,250,947,1996.0,0.0,68855.0,0.277171,1.489549,ZAF,ANS,5514
427598,39,54,947,1996.0,3560.0,0.0,0.970932,1.111111,CAN,CUB,5514
427599,41,54,947,1996.0,234702.0,0.0,2.344337,0.709607,CHE,CUB,5514
427600,61,54,947,1996.0,6181.0,0.0,2.347101,-2.4792799999999997,DEU,CUB,5514
427601,71,54,947,1996.0,36885.0,0.0,1.157591,1.795643,ESP,CUB,5514
427602,77,54,947,1996.0,369020.0,0.0,1.571365,1.187529,FRA,CUB,5514
427603,81,54,947,1996.0,288352.0,0.0,1.948148,0.882453,GBR,CUB,5514
427604,138,54,947,1996.0,9818.0,0.0,0.88569,1.044068,MEX,CUB,5514
427605,21,141,947,1996.0,0.0,2711.0,-0.6722739999999999,-0.9167639999999999,BFA,MLI,5514
427606,41,141,947,1996.0,27008.0,0.0,2.344337,0.709607,CHE,MLI,5514
427607,61,141,947,1996.0,40868.0,0.0,2.347101,-2.4792799999999997,DEU,MLI,5514
427608,64,141,947,1996.0,1253.0,0.0,1.416927,1.401766,DNK,MLI,5514
427609,71,141,947,1996.0,39024.0,0.0,1.157591,1.795643,ESP,MLI,5514
427610,77,141,947,1996.0,233680.0,0.0,1.571365,1.187529,FRA,MLI,5514
427611,81,141,947,1996.0,207778.0,0.0,1.948148,0.882453,GBR,MLI,5514
427612,106,141,947,1996.0,211786.0,0.0,1.476369,1.049152,IRL,MLI,5514
427613,162,141,947,1996.0,19410.0,0.0,1.331177,1.6320430000000001,NLD,MLI,5514
427614,177,141,947,1996.0,104635.0,0.0,0.806283,1.92897,POL,MLI,5514
427615,191,141,947,1996.0,1204.0,0.0,-0.715409,-0.8895850000000001,SEN,MLI,5514
427616,231,141,947,1996.0,62138.0,0.0,1.742391,1.003066,USA,MLI,5514
427617,246,141,947,1996.0,1026.0,0.0,0.277171,1.489549,ZAF,MLI,5514
427618,14,168,947,1996.0,4692.0,0.0,0.025253,0.6428189999999999,AUS,PAK,5514
427619,15,168,947,1996.0,15340.0,0.0,2.012626,0.395525,AUT,PAK,5514
427620,18,168,947,1996.0,4779.0,0.0,1.5604850000000001,1.30819,BEL,PAK,5514
427621,41,168,947,1996.0,1188010.0,0.0,2.344337,0.709607,CHE,PAK,5514
427622,43,168,947,1996.0,2797.0,0.0,0.383975,2.197461,CHN,PAK,5514
427623,61,168,947,1996.0,2425897.0,0.0,2.347101,-2.4792799999999997,DEU,PAK,5514
427624,64,168,947,1996.0,48385.0,0.0,1.416927,1.401766,DNK,PAK,5514
427625,71,168,947,1996.0,8636.0,0.0,1.157591,1.795643,ESP,PAK,5514
427626,77,168,947,1996.0,1984254.0,0.0,1.571365,1.187529,FRA,PAK,5514
427627,81,168,947,1996.0,1915294.0,0.0,1.948148,0.882453,GBR,PAK,5514
427628,97,168,947,1996.0,34107.0,0.0,0.699041,1.8341720000000001,HKG,PAK,5514
427629,104,168,947,1996.0,166386.0,0.0,0.145769,1.983642,IND,PAK,5514
427630,106,168,947,1996.0,69611.0,0.0,1.476369,1.049152,IRL,PAK,5514
427631,111,168,947,1996.0,33496.0,0.0,1.591442,0.875201,ITA,PAK,5514
427632,114,168,947,1996.0,20229.0,0.0,2.858869,0.477455,JPN,PAK,5514
427633,153,168,947,1996.0,2737.0,6126.0,0.5493640000000001,0.248484,MYS,PAK,5514
427634,162,168,947,1996.0,3951271.0,318252.0,1.331177,1.6320430000000001,NLD,PAK,5514
427635,188,168,947,1996.0,0.0,7695.0,-0.200762,-1.0419610000000001,SAU,PAK,5514
427636,192,168,947,1996.0,1979250.0,40092.0,1.288635,0.259061,SGP,PAK,5514
427637,216,168,947,1996.0,5085.0,0.0,0.26155100000000003,1.146204,THA,PAK,5514
427638,231,168,947,1996.0,252925.0,50948.0,1.742391,1.003066,USA,PAK,5514
427639,43,178,947,1996.0,52142.0,0.0,0.383975,2.197461,CHN,PRK,5514
427640,61,178,947,1996.0,10672.0,0.0,2.347101,-2.4792799999999997,DEU,PRK,5514
427641,77,178,947,1996.0,7637.0,0.0,1.571365,1.187529,FRA,PRK,5514
427642,81,178,947,1996.0,28124.0,0.0,1.948148,0.882453,GBR,PRK,5514
427643,97,178,947,1996.0,0.0,46979.0,0.699041,1.8341720000000001,HKG,PRK,5514
427644,114,178,947,1996.0,24648.0,0.0,2.858869,0.477455,JPN,PRK,5514
427645,162,178,947,1996.0,1566881.0,0.0,1.331177,1.6320430000000001,NLD,PRK,5514
427646,14,239,947,1996.0,39221.0,0.0,0.025253,0.6428189999999999,AUS,VNM,5514
427647,41,239,947,1996.0,64658.0,0.0,2.344337,0.709607,CHE,VNM,5514
427648,43,239,947,1996.0,101123.0,0.0,0.383975,2.197461,CHN,VNM,5514
427649,61,239,947,1996.0,1336844.0,3899.0,2.347101,-2.4792799999999997,DEU,VNM,5514
427650,64,239,947,1996.0,32413.0,0.0,1.416927,1.401766,DNK,VNM,5514
427651,71,239,947,1996.0,82466.0,0.0,1.157591,1.795643,ESP,VNM,5514
427652,77,239,947,1996.0,3734939.0,0.0,1.571365,1.187529,FRA,VNM,5514
427653,81,239,947,1996.0,4664800.0,0.0,1.948148,0.882453,GBR,VNM,5514
427654,97,239,947,1996.0,2731375.0,0.0,0.699041,1.8341720000000001,HKG,VNM,5514
427655,103,239,947,1996.0,69500.0,0.0,-0.25952,1.343972,IDN,VNM,5514
427656,106,239,947,1996.0,1445998.0,0.0,1.476369,1.049152,IRL,VNM,5514
427657,111,239,947,1996.0,5165.0,0.0,1.591442,0.875201,ITA,VNM,5514
427658,114,239,947,1996.0,159788.0,0.0,2.858869,0.477455,JPN,VNM,5514
427659,121,239,947,1996.0,5470.0,0.0,1.230793,1.0548959999999998,KOR,VNM,5514
427660,153,239,947,1996.0,68777.0,6747.0,0.5493640000000001,0.248484,MYS,VNM,5514
427661,162,239,947,1996.0,233852.0,0.0,1.331177,1.6320430000000001,NLD,VNM,5514
427662,174,239,947,1996.0,0.0,3382.0,0.0020329999999999997,0.40715,PHL,VNM,5514
427663,186,239,947,1996.0,0.0,7276.0,0.505247,0.349848,RUS,VNM,5514
427664,192,239,947,1996.0,3761668.0,11149.0,1.288635,0.259061,SGP,VNM,5514
427665,216,239,947,1996.0,164412.0,0.0,0.26155100000000003,1.146204,THA,VNM,5514
427666,231,239,947,1996.0,335614.0,0.0,1.742391,1.003066,USA,VNM,5514
427667,71,29,947,1996.0,11088.0,0.0,1.157591,1.795643,ESP,BLZ,5514
427668,81,29,947,1996.0,85214.0,0.0,1.948148,0.882453,GBR,BLZ,5514
427669,112,29,947,1996.0,23109.0,0.0,-0.64364,-0.8296379999999999,JAM,BLZ,5514
427670,231,29,947,1996.0,68527.0,32036.0,1.742391,1.003066,USA,BLZ,5514
427671,8,31,947,1996.0,587945.0,0.0,0.007199,0.805707,ARG,BOL,5514
427672,32,31,947,1996.0,70245.0,0.0,0.8087340000000001,1.370183,BRA,BOL,5514
427673,41,31,947,1996.0,263163.0,0.0,2.344337,0.709607,CHE,BOL,5514
427674,42,31,947,1996.0,614516.0,0.0,-0.161334,-0.301695,CHL,BOL,5514
427675,49,31,947,1996.0,3948.0,0.0,0.070101,0.08847999999999999,COL,BOL,5514
427676,61,31,947,1996.0,124365.0,0.0,2.347101,-2.4792799999999997,DEU,BOL,5514
427677,64,31,947,1996.0,4481.0,0.0,1.416927,1.401766,DNK,BOL,5514
427678,67,31,947,1996.0,23402.0,0.0,-1.128953,-0.960469,ECU,BOL,5514
427679,71,31,947,1996.0,24201.0,0.0,1.157591,1.795643,ESP,BOL,5514
427680,77,31,947,1996.0,5834.0,0.0,1.571365,1.187529,FRA,BOL,5514
427681,81,31,947,1996.0,211297.0,0.0,1.948148,0.882453,GBR,BOL,5514
427682,111,31,947,1996.0,9709.0,0.0,1.591442,0.875201,ITA,BOL,5514
427683,138,31,947,1996.0,11081.0,0.0,0.88569,1.044068,MEX,BOL,5514
427684,173,31,947,1996.0,125052.0,0.0,-0.374308,-0.36733499999999997,PER,BOL,5514
427685,230,31,947,1996.0,282520.0,0.0,0.182427,0.689738,URY,BOL,5514
427686,231,31,947,1996.0,567198.0,0.0,1.742391,1.003066,USA,BOL,5514
427687,13,63,947,1996.0,0.0,2027.0,0.463841,-0.048698000000000005,ATG,DMA,5514
427688,41,63,947,1996.0,64691.0,0.0,2.344337,0.709607,CHE,DMA,5514
427689,49,63,947,1996.0,79448.0,0.0,0.070101,0.08847999999999999,COL,DMA,5514
427690,61,63,947,1996.0,6194.0,0.0,2.347101,-2.4792799999999997,DEU,DMA,5514
427691,71,63,947,1996.0,7850.0,0.0,1.157591,1.795643,ESP,DMA,5514
427692,77,63,947,1996.0,5866.0,0.0,1.571365,1.187529,FRA,DMA,5514
427693,81,63,947,1996.0,86731.0,0.0,1.948148,0.882453,GBR,DMA,5514
427694,112,63,947,1996.0,69705.0,0.0,-0.64364,-0.8296379999999999,JAM,DMA,5514
427695,142,63,947,1996.0,2029.0,0.0,1.245592,0.446754,MLT,DMA,5514
427696,231,63,947,1996.0,172535.0,0.0,1.742391,1.003066,USA,DMA,5514
427697,226,91,947,1996.0,0.0,126815.0,-1.186121,-0.6688390000000001,TZA,GRD,5514
427698,231,91,947,1996.0,11100.0,0.0,1.742391,1.003066,USA,GRD,5514
427699,41,101,947,1996.0,617043.0,0.0,2.344337,0.709607,CHE,HTI,5514
427700,64,101,947,1996.0,5094.0,0.0,1.416927,1.401766,DNK,HTI,5514
427701,77,101,947,1996.0,64153.0,0.0,1.571365,1.187529,FRA,HTI,5514
427702,81,101,947,1996.0,209149.0,0.0,1.948148,0.882453,GBR,HTI,5514
427703,106,101,947,1996.0,1912.0,0.0,1.476369,1.049152,IRL,HTI,5514
427704,138,101,947,1996.0,7366.0,0.0,0.88569,1.044068,MEX,HTI,5514
427705,231,101,947,1996.0,421836.0,0.0,1.742391,1.003066,USA,HTI,5514
427706,13,112,947,1996.0,0.0,53061.0,0.463841,-0.048698000000000005,ATG,JAM,5514
427707,15,112,947,1996.0,0.0,1563.0,2.012626,0.395525,AUT,JAM,5514
427708,18,112,947,1996.0,5760.0,0.0,1.5604850000000001,1.30819,BEL,JAM,5514
427709,22,112,947,1996.0,0.0,144658.0,-0.751219,-0.9638329999999999,BGD,JAM,5514
427710,25,112,947,1996.0,0.0,2259.0,0.301719,-0.44059899999999996,BHS,JAM,5514
427711,29,112,947,1996.0,0.0,23109.0,-0.267716,-0.651034,BLZ,JAM,5514
427712,32,112,947,1996.0,44468.0,0.0,0.8087340000000001,1.370183,BRA,JAM,5514
427713,33,112,947,1996.0,0.0,959566.0,0.599391,0.065208,BRB,JAM,5514
427714,39,112,947,1996.0,15864.0,16574.0,0.970932,1.111111,CAN,JAM,5514
427715,41,112,947,1996.0,37991.0,0.0,2.344337,0.709607,CHE,JAM,5514
427716,49,112,947,1996.0,1064.0,0.0,0.070101,0.08847999999999999,COL,JAM,5514
427717,57,112,947,1996.0,24517.0,0.0,0.255347,-0.593208,CYM,JAM,5514
427718,61,112,947,1996.0,36543.0,0.0,2.347101,-2.4792799999999997,DEU,JAM,5514
427719,63,112,947,1996.0,0.0,69705.0,0.521576,-0.075879,DMA,JAM,5514
427720,64,112,947,1996.0,7961.0,0.0,1.416927,1.401766,DNK,JAM,5514
427721,77,112,947,1996.0,32423.0,0.0,1.571365,1.187529,FRA,JAM,5514
427722,81,112,947,1996.0,459560.0,657662.0,1.948148,0.882453,GBR,JAM,5514
427723,96,112,947,1996.0,2855.0,0.0,-0.618346,-0.7723760000000001,GUY,JAM,5514
427724,99,112,947,1996.0,0.0,8386.0,-0.57404,-0.594276,HND,JAM,5514
427725,106,112,947,1996.0,167135.0,0.0,1.476369,1.049152,IRL,JAM,5514
427726,111,112,947,1996.0,10807.0,0.0,1.591442,0.875201,ITA,JAM,5514
427727,120,112,947,1996.0,0.0,44584.0,0.49290100000000003,-0.429266,KNA,JAM,5514
427728,138,112,947,1996.0,0.0,1782.0,0.88569,1.044068,MEX,JAM,5514
427729,166,112,947,1996.0,0.0,40335.0,0.404233,0.6724640000000001,NZL,JAM,5514
427730,177,112,947,1996.0,0.0,44209.0,0.806283,1.92897,POL,JAM,5514
427731,222,112,947,1996.0,0.0,125645.0,-0.002541,-0.543624,TTO,JAM,5514
427732,231,112,947,1996.0,1562597.0,1972506.0,1.742391,1.003066,USA,JAM,5514
427733,236,112,947,1996.0,0.0,29132.0,-0.039967,-0.828263,VEN,JAM,5514
427734,33,127,947,1996.0,7079.0,0.0,0.599391,0.065208,BRB,LCA,5514
427735,61,127,947,1996.0,1252.0,0.0,2.347101,-2.4792799999999997,DEU,LCA,5514
427736,64,127,947,1996.0,3203.0,0.0,1.416927,1.401766,DNK,LCA,5514
427737,77,127,947,1996.0,1617.0,3491.0,1.571365,1.187529,FRA,LCA,5514
427738,81,127,947,1996.0,1832.0,0.0,1.948148,0.882453,GBR,LCA,5514
427739,231,127,947,1996.0,7435.0,0.0,1.742391,1.003066,USA,LCA,5514
427740,41,160,947,1996.0,197418.0,0.0,2.344337,0.709607,CHE,NIC,5514
427741,49,160,947,1996.0,120230.0,0.0,0.070101,0.08847999999999999,COL,NIC,5514
427742,52,160,947,1996.0,69514.0,0.0,-0.23773000000000002,0.101373,CRI,NIC,5514
427743,61,160,947,1996.0,22739.0,0.0,2.347101,-2.4792799999999997,DEU,NIC,5514
427744,64,160,947,1996.0,15964.0,0.0,1.416927,1.401766,DNK,NIC,5514
427745,81,160,947,1996.0,102515.0,0.0,1.948148,0.882453,GBR,NIC,5514
427746,93,160,947,1996.0,243399.0,0.0,-0.28699,0.308033,GTM,NIC,5514
427747,103,160,947,1996.0,0.0,14775.0,-0.25952,1.343972,IDN,NIC,5514
427748,111,160,947,1996.0,1486.0,0.0,1.591442,0.875201,ITA,NIC,5514
427749,138,160,947,1996.0,161949.0,0.0,0.88569,1.044068,MEX,NIC,5514
427750,197,160,947,1996.0,12379.0,0.0,-0.228625,-0.150274,SLV,NIC,5514
427751,231,160,947,1996.0,75954.0,0.0,1.742391,1.003066,USA,NIC,5514
427752,249,160,947,1996.0,1343.0,0.0,1.7375779999999998,1.4625860000000002,TWN,NIC,5514
427753,8,197,947,1996.0,6452.0,0.0,0.007199,0.805707,ARG,SLV,5514
427754,18,197,947,1996.0,23037.0,0.0,1.5604850000000001,1.30819,BEL,SLV,5514
427755,32,197,947,1996.0,235938.0,0.0,0.8087340000000001,1.370183,BRA,SLV,5514
427756,39,197,947,1996.0,1457.0,0.0,0.970932,1.111111,CAN,SLV,5514
427757,41,197,947,1996.0,645010.0,0.0,2.344337,0.709607,CHE,SLV,5514
427758,49,197,947,1996.0,233668.0,0.0,0.070101,0.08847999999999999,COL,SLV,5514
427759,52,197,947,1996.0,28694.0,0.0,-0.23773000000000002,0.101373,CRI,SLV,5514
427760,61,197,947,1996.0,522346.0,1110.0,2.347101,-2.4792799999999997,DEU,SLV,5514
427761,71,197,947,1996.0,6442.0,0.0,1.157591,1.795643,ESP,SLV,5514
427762,77,197,947,1996.0,32715.0,0.0,1.571365,1.187529,FRA,SLV,5514
427763,81,197,947,1996.0,856034.0,0.0,1.948148,0.882453,GBR,SLV,5514
427764,93,197,947,1996.0,53525.0,0.0,-0.28699,0.308033,GTM,SLV,5514
427765,99,197,947,1996.0,23855.0,14290.0,-0.57404,-0.594276,HND,SLV,5514
427766,106,197,947,1996.0,9593.0,0.0,1.476369,1.049152,IRL,SLV,5514
427767,111,197,947,1996.0,31831.0,0.0,1.591442,0.875201,ITA,SLV,5514
427768,138,197,947,1996.0,1733837.0,4597.0,0.88569,1.044068,MEX,SLV,5514
427769,160,197,947,1996.0,0.0,12379.0,-0.810879,-0.64475,NIC,SLV,5514
427770,162,197,947,1996.0,17318.0,0.0,1.331177,1.6320430000000001,NLD,SLV,5514
427771,169,197,947,1996.0,0.0,10689.0,-0.03243,-0.326329,PAN,SLV,5514
427772,173,197,947,1996.0,46022.0,0.0,-0.374308,-0.36733499999999997,PER,SLV,5514
427773,208,197,947,1996.0,1320.0,0.0,2.186414,0.848194,SWE,SLV,5514
427774,230,197,947,1996.0,2550.0,0.0,0.182427,0.689738,URY,SLV,5514
427775,231,197,947,1996.0,1454701.0,1220.0,1.742391,1.003066,USA,SLV,5514
427776,18,227,947,1996.0,2273.0,0.0,1.5604850000000001,1.30819,BEL,UGA,5514
427777,41,227,947,1996.0,9356.0,0.0,2.344337,0.709607,CHE,UGA,5514
427778,61,227,947,1996.0,15465.0,0.0,2.347101,-2.4792799999999997,DEU,UGA,5514
427779,64,227,947,1996.0,5564.0,0.0,1.416927,1.401766,DNK,UGA,5514
427780,71,227,947,1996.0,2620.0,0.0,1.157591,1.795643,ESP,UGA,5514
427781,77,227,947,1996.0,31748.0,0.0,1.571365,1.187529,FRA,UGA,5514
427782,81,227,947,1996.0,76013.0,0.0,1.948148,0.882453,GBR,UGA,5514
427783,104,227,947,1996.0,7117.0,0.0,0.145769,1.983642,IND,UGA,5514
427784,106,227,947,1996.0,2531896.0,0.0,1.476369,1.049152,IRL,UGA,5514
427785,116,227,947,1996.0,340076.0,0.0,-0.470653,-0.119252,KEN,UGA,5514
427786,162,227,947,1996.0,93331.0,0.0,1.331177,1.6320430000000001,NLD,UGA,5514
427787,231,227,947,1996.0,11800.0,0.0,1.742391,1.003066,USA,UGA,5514
427788,246,227,947,1996.0,3080919.0,0.0,0.277171,1.489549,ZAF,UGA,5514
427789,81,234,947,1996.0,4301.0,0.0,1.948148,0.882453,GBR,VCT,5514
427790,77,17,947,1996.0,1715.0,0.0,1.571365,1.187529,FRA,BDI,5514
427791,162,17,947,1996.0,42301.0,0.0,1.331177,1.6320430000000001,NLD,BDI,5514
427792,77,50,947,1996.0,3261.0,0.0,1.571365,1.187529,FRA,COM,5514
427793,106,50,947,1996.0,27829.0,0.0,1.476369,1.049152,IRL,COM,5514
427794,231,50,947,1996.0,0.0,8378.0,1.742391,1.003066,USA,COM,5514
427795,18,85,947,1996.0,42370.0,0.0,1.5604850000000001,1.30819,BEL,GIN,5514
427796,61,85,947,1996.0,15299.0,0.0,2.347101,-2.4792799999999997,DEU,GIN,5514
427797,77,85,947,1996.0,10853.0,0.0,1.571365,1.187529,FRA,GIN,5514
427798,97,85,947,1996.0,10997.0,0.0,0.699041,1.8341720000000001,HKG,GIN,5514
427799,106,85,947,1996.0,277815.0,0.0,1.476369,1.049152,IRL,GIN,5514
427800,159,85,947,1996.0,17284.0,0.0,-1.9253069999999999,-1.247116,NGA,GIN,5514
427801,231,85,947,1996.0,1621.0,0.0,1.742391,1.003066,USA,GIN,5514
427802,61,87,947,1996.0,8531.0,0.0,2.347101,-2.4792799999999997,DEU,GMB,5514
427803,71,87,947,1996.0,9184.0,0.0,1.157591,1.795643,ESP,GMB,5514
427804,77,87,947,1996.0,9582.0,0.0,1.571365,1.187529,FRA,GMB,5514
427805,81,87,947,1996.0,38546.0,0.0,1.948148,0.882453,GBR,GMB,5514
427806,106,87,947,1996.0,57998.0,0.0,1.476369,1.049152,IRL,GMB,5514
427807,162,87,947,1996.0,3184.0,0.0,1.331177,1.6320430000000001,NLD,GMB,5514
427808,216,87,947,1996.0,0.0,8218.0,0.26155100000000003,1.146204,THA,GMB,5514
427809,18,109,947,1996.0,2379.0,0.0,1.5604850000000001,1.30819,BEL,ISL,5514
427810,21,109,947,1996.0,0.0,100813.0,-0.6722739999999999,-0.9167639999999999,BFA,ISL,5514
427811,41,109,947,1996.0,22105.0,0.0,2.344337,0.709607,CHE,ISL,5514
427812,61,109,947,1996.0,51915.0,0.0,2.347101,-2.4792799999999997,DEU,ISL,5514
427813,64,109,947,1996.0,155025.0,0.0,1.416927,1.401766,DNK,ISL,5514
427814,77,109,947,1996.0,9090.0,0.0,1.571365,1.187529,FRA,ISL,5514
427815,81,109,947,1996.0,392247.0,0.0,1.948148,0.882453,GBR,ISL,5514
427816,106,109,947,1996.0,1930372.0,0.0,1.476369,1.049152,IRL,ISL,5514
427817,111,109,947,1996.0,5504.0,0.0,1.591442,0.875201,ITA,ISL,5514
427818,162,109,947,1996.0,17864.0,0.0,1.331177,1.6320430000000001,NLD,ISL,5514
427819,163,109,947,1996.0,31927.0,0.0,0.8207270000000001,0.043619,NOR,ISL,5514
427820,208,109,947,1996.0,95746.0,0.0,2.186414,0.848194,SWE,ISL,5514
427821,231,109,947,1996.0,28113.0,0.0,1.742391,1.003066,USA,ISL,5514
427822,14,133,947,1996.0,2182.0,0.0,0.025253,0.6428189999999999,AUS,MAC,5514
427823,43,133,947,1996.0,3529.0,19428.0,0.383975,2.197461,CHN,MAC,5514
427824,77,133,947,1996.0,3914.0,0.0,1.571365,1.187529,FRA,MAC,5514
427825,81,133,947,1996.0,24167.0,0.0,1.948148,0.882453,GBR,MAC,5514
427826,97,133,947,1996.0,5521434.0,15897.0,0.699041,1.8341720000000001,HKG,MAC,5514
427827,106,133,947,1996.0,10445.0,0.0,1.476369,1.049152,IRL,MAC,5514
427828,114,133,947,1996.0,7411.0,0.0,2.858869,0.477455,JPN,MAC,5514
427829,192,133,947,1996.0,1792.0,0.0,1.288635,0.259061,SGP,MAC,5514
427830,216,133,947,1996.0,5792.0,0.0,0.26155100000000003,1.146204,THA,MAC,5514
427831,249,133,947,1996.0,3724.0,0.0,1.7375779999999998,1.4625860000000002,TWN,MAC,5514
427832,41,136,947,1996.0,15821.0,0.0,2.344337,0.709607,CHE,MDG,5514
427833,61,136,947,1996.0,2701.0,246261.0,2.347101,-2.4792799999999997,DEU,MDG,5514
427834,64,136,947,1996.0,13101.0,0.0,1.416927,1.401766,DNK,MDG,5514
427835,77,136,947,1996.0,524282.0,475481.0,1.571365,1.187529,FRA,MDG,5514
427836,81,136,947,1996.0,22847.0,0.0,1.948148,0.882453,GBR,MDG,5514
427837,104,136,947,1996.0,1474.0,0.0,0.145769,1.983642,IND,MDG,5514
427838,106,136,947,1996.0,160904.0,0.0,1.476369,1.049152,IRL,MDG,5514
427839,114,136,947,1996.0,0.0,311337.0,2.858869,0.477455,JPN,MDG,5514
427840,153,136,947,1996.0,23205.0,0.0,0.5493640000000001,0.248484,MYS,MDG,5514
427841,162,136,947,1996.0,53149.0,0.0,1.331177,1.6320430000000001,NLD,MDG,5514
427842,192,136,947,1996.0,99306.0,8049.0,1.288635,0.259061,SGP,MDG,5514
427843,231,136,947,1996.0,116896.0,0.0,1.742391,1.003066,USA,MDG,5514
427844,246,136,947,1996.0,1047.0,0.0,0.277171,1.489549,ZAF,MDG,5514
427845,250,136,947,1996.0,5501.0,0.0,1.153784,0.831677,ANS,MDG,5514
427846,81,137,947,1996.0,2827.0,0.0,1.948148,0.882453,GBR,MDV,5514
427847,106,137,947,1996.0,14879.0,0.0,1.476369,1.049152,IRL,MDV,5514
427848,192,137,947,1996.0,8702.0,0.0,1.288635,0.259061,SGP,MDV,5514
427849,14,151,947,1996.0,41578.0,0.0,0.025253,0.6428189999999999,AUS,MUS,5514
427850,18,151,947,1996.0,5880.0,0.0,1.5604850000000001,1.30819,BEL,MUS,5514
427851,41,151,947,1996.0,359837.0,0.0,2.344337,0.709607,CHE,MUS,5514
427852,61,151,947,1996.0,132953.0,0.0,2.347101,-2.4792799999999997,DEU,MUS,5514
427853,64,151,947,1996.0,15049.0,0.0,1.416927,1.401766,DNK,MUS,5514
427854,71,151,947,1996.0,3045.0,0.0,1.157591,1.795643,ESP,MUS,5514
427855,77,151,947,1996.0,253084.0,0.0,1.571365,1.187529,FRA,MUS,5514
427856,81,151,947,1996.0,189780.0,0.0,1.948148,0.882453,GBR,MUS,5514
427857,104,151,947,1996.0,1167.0,0.0,0.145769,1.983642,IND,MUS,5514
427858,106,151,947,1996.0,146166.0,0.0,1.476369,1.049152,IRL,MUS,5514
427859,111,151,947,1996.0,7016.0,0.0,1.591442,0.875201,ITA,MUS,5514
427860,114,151,947,1996.0,8962.0,0.0,2.858869,0.477455,JPN,MUS,5514
427861,116,151,947,1996.0,1330.0,0.0,-0.470653,-0.119252,KEN,MUS,5514
427862,162,151,947,1996.0,8741.0,0.0,1.331177,1.6320430000000001,NLD,MUS,5514
427863,192,151,947,1996.0,0.0,9510.0,1.288635,0.259061,SGP,MUS,5514
427864,231,151,947,1996.0,72554.0,0.0,1.742391,1.003066,USA,MUS,5514
427865,246,151,947,1996.0,1851553.0,0.0,0.277171,1.489549,ZAF,MUS,5514
427866,41,152,947,1996.0,15853.0,0.0,2.344337,0.709607,CHE,MWI,5514
427867,61,152,947,1996.0,139550.0,0.0,2.347101,-2.4792799999999997,DEU,MWI,5514
427868,64,152,947,1996.0,12837.0,0.0,1.416927,1.401766,DNK,MWI,5514
427869,71,152,947,1996.0,27288.0,0.0,1.157591,1.795643,ESP,MWI,5514
427870,81,152,947,1996.0,391278.0,0.0,1.948148,0.882453,GBR,MWI,5514
427871,106,152,947,1996.0,7626.0,0.0,1.476369,1.049152,IRL,MWI,5514
427872,162,152,947,1996.0,52202.0,0.0,1.331177,1.6320430000000001,NLD,MWI,5514
427873,246,152,947,1996.0,6621922.0,8674.0,0.277171,1.489549,ZAF,MWI,5514
427874,247,152,947,1996.0,9754.0,2084.0,-0.58634,-0.796772,ZMB,MWI,5514
427875,248,152,947,1996.0,0.0,4023.0,-0.46458999999999995,-0.273683,ZWE,MWI,5514
427876,15,159,947,1996.0,12152.0,0.0,2.012626,0.395525,AUT,NGA,5514
427877,18,159,947,1996.0,454426.0,0.0,1.5604850000000001,1.30819,BEL,NGA,5514
427878,19,159,947,1996.0,2704.0,0.0,-1.023515,-0.9004909999999999,BEN,NGA,5514
427879,23,159,947,1996.0,102987.0,0.0,0.510789,1.749248,BGR,NGA,5514
427880,32,159,947,1996.0,138499.0,0.0,0.8087340000000001,1.370183,BRA,NGA,5514
427881,41,159,947,1996.0,404937.0,0.0,2.344337,0.709607,CHE,NGA,5514
427882,43,159,947,1996.0,4181.0,0.0,0.383975,2.197461,CHN,NGA,5514
427883,61,159,947,1996.0,3080188.0,0.0,2.347101,-2.4792799999999997,DEU,NGA,5514
427884,64,159,947,1996.0,13568.0,0.0,1.416927,1.401766,DNK,NGA,5514
427885,77,159,947,1996.0,296973.0,0.0,1.571365,1.187529,FRA,NGA,5514
427886,80,159,947,1996.0,0.0,1296.0,-2.043879,-1.244397,GAB,NGA,5514
427887,81,159,947,1996.0,14067342.0,0.0,1.948148,0.882453,GBR,NGA,5514
427888,83,159,947,1996.0,1381.0,0.0,-1.037413,-1.019025,GHA,NGA,5514
427889,85,159,947,1996.0,0.0,17284.0,-1.2720120000000001,-1.150363,GIN,NGA,5514
427890,90,159,947,1996.0,99083.0,0.0,0.21841799999999997,1.081136,GRC,NGA,5514
427891,97,159,947,1996.0,1867.0,0.0,0.699041,1.8341720000000001,HKG,NGA,5514
427892,103,159,947,1996.0,16222.0,0.0,-0.25952,1.343972,IDN,NGA,5514
427893,104,159,947,1996.0,223420.0,0.0,0.145769,1.983642,IND,NGA,5514
427894,106,159,947,1996.0,2887144.0,0.0,1.476369,1.049152,IRL,NGA,5514
427895,110,159,947,1996.0,15973.0,0.0,1.159922,1.025777,ISR,NGA,5514
427896,111,159,947,1996.0,45812.0,0.0,1.591442,0.875201,ITA,NGA,5514
427897,157,159,947,1996.0,0.0,1364.0,-0.539406,-0.693657,NER,NGA,5514
427898,162,159,947,1996.0,1318499.0,0.0,1.331177,1.6320430000000001,NLD,NGA,5514
427899,208,159,947,1996.0,52978.0,0.0,2.186414,0.848194,SWE,NGA,5514
427900,224,159,947,1996.0,14679.0,0.0,0.07259700000000001,1.734291,TUR,NGA,5514
427901,231,159,947,1996.0,148413.0,0.0,1.742391,1.003066,USA,NGA,5514
427902,246,159,947,1996.0,4880.0,0.0,0.277171,1.489549,ZAF,NGA,5514
427903,249,159,947,1996.0,3924.0,0.0,1.7375779999999998,1.4625860000000002,TWN,NGA,5514
427904,18,187,947,1996.0,5716.0,0.0,1.5604850000000001,1.30819,BEL,RWA,5514
427905,41,187,947,1996.0,2364.0,0.0,2.344337,0.709607,CHE,RWA,5514
427906,61,187,947,1996.0,21271.0,0.0,2.347101,-2.4792799999999997,DEU,RWA,5514
427907,81,187,947,1996.0,8073.0,0.0,1.948148,0.882453,GBR,RWA,5514
427908,104,187,947,1996.0,1058.0,0.0,0.145769,1.983642,IND,RWA,5514
427909,106,187,947,1996.0,646962.0,0.0,1.476369,1.049152,IRL,RWA,5514
427910,61,211,947,1996.0,18495.0,0.0,2.347101,-2.4792799999999997,DEU,SYC,5514
427911,77,211,947,1996.0,32308.0,0.0,1.571365,1.187529,FRA,SYC,5514
427912,81,211,947,1996.0,31218.0,0.0,1.948148,0.882453,GBR,SYC,5514
427913,104,211,947,1996.0,2201.0,0.0,0.145769,1.983642,IND,SYC,5514
427914,111,211,947,1996.0,27858.0,0.0,1.591442,0.875201,ITA,SYC,5514
427915,186,211,947,1996.0,49546.0,0.0,0.505247,0.349848,RUS,SYC,5514
427916,246,211,947,1996.0,318536.0,0.0,0.277171,1.489549,ZAF,SYC,5514
427917,7,226,947,1996.0,32897.0,0.0,-0.43356400000000006,-0.8715719999999999,ARE,TZA,5514
427918,18,226,947,1996.0,30315.0,0.0,1.5604850000000001,1.30819,BEL,TZA,5514
427919,41,226,947,1996.0,17064.0,0.0,2.344337,0.709607,CHE,TZA,5514
427920,43,226,947,1996.0,5367.0,0.0,0.383975,2.197461,CHN,TZA,5514
427921,61,226,947,1996.0,62965.0,0.0,2.347101,-2.4792799999999997,DEU,TZA,5514
427922,64,226,947,1996.0,3200.0,0.0,1.416927,1.401766,DNK,TZA,5514
427923,73,226,947,1996.0,664180.0,0.0,-1.072519,-1.169486,ETH,TZA,5514
427924,77,226,947,1996.0,18305.0,0.0,1.571365,1.187529,FRA,TZA,5514
427925,81,226,947,1996.0,486495.0,0.0,1.948148,0.882453,GBR,TZA,5514
427926,90,226,947,1996.0,1927.0,0.0,0.21841799999999997,1.081136,GRC,TZA,5514
427927,91,226,947,1996.0,126815.0,0.0,0.62736,-0.06942100000000001,GRD,TZA,5514
427928,104,226,947,1996.0,8050.0,0.0,0.145769,1.983642,IND,TZA,5514
427929,106,226,947,1996.0,266387.0,0.0,1.476369,1.049152,IRL,TZA,5514
427930,111,226,947,1996.0,1497.0,0.0,1.591442,0.875201,ITA,TZA,5514
427931,116,226,947,1996.0,334462.0,0.0,-0.470653,-0.119252,KEN,TZA,5514
427932,162,226,947,1996.0,22937.0,0.0,1.331177,1.6320430000000001,NLD,TZA,5514
427933,231,226,947,1996.0,15406.0,0.0,1.742391,1.003066,USA,TZA,5514
427934,246,226,947,1996.0,5102936.0,0.0,0.277171,1.489549,ZAF,TZA,5514
427935,18,2,947,1996.0,18192.0,0.0,1.5604850000000001,1.30819,BEL,AGO,5514
427936,41,2,947,1996.0,4715.0,0.0,2.344337,0.709607,CHE,AGO,5514
427937,61,2,947,1996.0,2169.0,0.0,2.347101,-2.4792799999999997,DEU,AGO,5514
427938,71,2,947,1996.0,24883.0,0.0,1.157591,1.795643,ESP,AGO,5514
427939,77,2,947,1996.0,4105.0,0.0,1.571365,1.187529,FRA,AGO,5514
427940,162,2,947,1996.0,141794.0,0.0,1.331177,1.6320430000000001,NLD,AGO,5514
427941,179,2,947,1996.0,183981.0,0.0,0.49924799999999997,0.9969520000000001,PRT,AGO,5514
427942,246,2,947,1996.0,110977.0,0.0,0.277171,1.489549,ZAF,AGO,5514
427943,15,4,947,1996.0,10555.0,0.0,2.012626,0.395525,AUT,ALB,5514
427944,23,4,947,1996.0,14296.0,0.0,0.510789,1.749248,BGR,ALB,5514
427945,61,4,947,1996.0,16016.0,0.0,2.347101,-2.4792799999999997,DEU,ALB,5514
427946,77,4,947,1996.0,8409.0,0.0,1.571365,1.187529,FRA,ALB,5514
427947,90,4,947,1996.0,500701.0,0.0,0.21841799999999997,1.081136,GRC,ALB,5514
427948,93,4,947,1996.0,0.0,6345.0,-0.28699,0.308033,GTM,ALB,5514
427949,111,4,947,1996.0,124597.0,0.0,1.591442,0.875201,ITA,ALB,5514
427950,224,4,947,1996.0,17217.0,0.0,0.07259700000000001,1.734291,TUR,ALB,5514
427951,32,6,947,1996.0,2628.0,0.0,0.8087340000000001,1.370183,BRA,ANT,5514
427952,41,6,947,1996.0,270434.0,0.0,2.344337,0.709607,CHE,ANT,5514
427953,49,6,947,1996.0,76016.0,0.0,0.070101,0.08847999999999999,COL,ANT,5514
427954,61,6,947,1996.0,2100.0,0.0,2.347101,-2.4792799999999997,DEU,ANT,5514
427955,64,6,947,1996.0,1598.0,0.0,1.416927,1.401766,DNK,ANT,5514
427956,77,6,947,1996.0,398566.0,0.0,1.571365,1.187529,FRA,ANT,5514
427957,81,6,947,1996.0,114484.0,0.0,1.948148,0.882453,GBR,ANT,5514
427958,106,6,947,1996.0,16916.0,0.0,1.476369,1.049152,IRL,ANT,5514
427959,162,6,947,1996.0,83595.0,5566.0,1.331177,1.6320430000000001,NLD,ANT,5514
427960,231,6,947,1996.0,222235.0,0.0,1.742391,1.003066,USA,ANT,5514
427961,236,6,947,1996.0,0.0,21939.0,-0.039967,-0.828263,VEN,ANT,5514
427962,246,6,947,1996.0,6857.0,0.0,0.277171,1.489549,ZAF,ANT,5514
427963,14,7,947,1996.0,116059.0,0.0,0.025253,0.6428189999999999,AUS,ARE,5514
427964,15,7,947,1996.0,29752.0,0.0,2.012626,0.395525,AUT,ARE,5514
427965,22,7,947,1996.0,0.0,72155.0,-0.751219,-0.9638329999999999,BGD,ARE,5514
427966,23,7,947,1996.0,1602.0,0.0,0.510789,1.749248,BGR,ARE,5514
427967,39,7,947,1996.0,9978.0,0.0,0.970932,1.111111,CAN,ARE,5514
427968,41,7,947,1996.0,3030959.0,9020.0,2.344337,0.709607,CHE,ARE,5514
427969,43,7,947,1996.0,253117.0,0.0,0.383975,2.197461,CHN,ARE,5514
427970,58,7,947,1996.0,0.0,4413.0,0.11774200000000001,0.044968,CYP,ARE,5514
427971,61,7,947,1996.0,811823.0,0.0,2.347101,-2.4792799999999997,DEU,ARE,5514
427972,64,7,947,1996.0,81962.0,0.0,1.416927,1.401766,DNK,ARE,5514
427973,68,7,947,1996.0,28710.0,19639.0,-0.405938,-0.209619,EGY,ARE,5514
427974,71,7,947,1996.0,187385.0,0.0,1.157591,1.795643,ESP,ARE,5514
427975,77,7,947,1996.0,5721152.0,9407.0,1.571365,1.187529,FRA,ARE,5514
427976,81,7,947,1996.0,2504211.0,93611.0,1.948148,0.882453,GBR,ARE,5514
427977,97,7,947,1996.0,58616.0,0.0,0.699041,1.8341720000000001,HKG,ARE,5514
427978,104,7,947,1996.0,1620038.0,53854.0,0.145769,1.983642,IND,ARE,5514
427979,106,7,947,1996.0,3687971.0,0.0,1.476369,1.049152,IRL,ARE,5514
427980,111,7,947,1996.0,395678.0,0.0,1.591442,0.875201,ITA,ARE,5514
427981,114,7,947,1996.0,23079.0,0.0,2.858869,0.477455,JPN,ARE,5514
427982,132,7,947,1996.0,0.0,3961.0,0.255258,0.42505299999999996,LVA,ARE,5514
427983,134,7,947,1996.0,0.0,3599.0,-0.56512,-0.31006999999999996,MAR,ARE,5514
427984,142,7,947,1996.0,106161.0,0.0,1.245592,0.446754,MLT,ARE,5514
427985,162,7,947,1996.0,469698.0,0.0,1.331177,1.6320430000000001,NLD,ARE,5514
427986,166,7,947,1996.0,3010.0,0.0,0.404233,0.6724640000000001,NZL,ARE,5514
427987,167,7,947,1996.0,73610.0,54633.0,-0.227075,-0.9778399999999999,OMN,ARE,5514
427988,174,7,947,1996.0,2488.0,0.0,0.0020329999999999997,0.40715,PHL,ARE,5514
427989,188,7,947,1996.0,90161.0,38277.0,-0.200762,-1.0419610000000001,SAU,ARE,5514
427990,192,7,947,1996.0,313535.0,336450.0,1.288635,0.259061,SGP,ARE,5514
427991,208,7,947,1996.0,137471.0,0.0,2.186414,0.848194,SWE,ARE,5514
427992,224,7,947,1996.0,7772.0,0.0,0.07259700000000001,1.734291,TUR,ARE,5514
427993,226,7,947,1996.0,0.0,32897.0,-1.186121,-0.6688390000000001,TZA,ARE,5514
427994,231,7,947,1996.0,409524.0,0.0,1.742391,1.003066,USA,ARE,5514
427995,246,7,947,1996.0,0.0,2665.0,0.277171,1.489549,ZAF,ARE,5514
427996,41,13,947,1996.0,7938.0,0.0,2.344337,0.709607,CHE,ATG,5514
427997,63,13,947,1996.0,2027.0,0.0,0.521576,-0.075879,DMA,ATG,5514
427998,112,13,947,1996.0,53061.0,0.0,-0.64364,-0.8296379999999999,JAM,ATG,5514
427999,231,13,947,1996.0,35422.0,0.0,1.742391,1.003066,USA,ATG,5514
428000,44,19,947,1996.0,2213.0,0.0,-0.890915,-0.8165399999999999,CIV,BEN,5514
428001,61,19,947,1996.0,3568.0,0.0,2.347101,-2.4792799999999997,DEU,BEN,5514
428002,77,19,947,1996.0,321373.0,0.0,1.571365,1.187529,FRA,BEN,5514
428003,81,19,947,1996.0,12492.0,0.0,1.948148,0.882453,GBR,BEN,5514
428004,106,19,947,1996.0,91160.0,0.0,1.476369,1.049152,IRL,BEN,5514
428005,159,19,947,1996.0,0.0,2704.0,-1.9253069999999999,-1.247116,NGA,BEN,5514
428006,162,19,947,1996.0,234954.0,0.0,1.331177,1.6320430000000001,NLD,BEN,5514
428007,18,21,947,1996.0,16186.0,0.0,1.5604850000000001,1.30819,BEL,BFA,5514
428008,44,21,947,1996.0,1490.0,0.0,-0.890915,-0.8165399999999999,CIV,BFA,5514
428009,77,21,947,1996.0,245553.0,0.0,1.571365,1.187529,FRA,BFA,5514
428010,81,21,947,1996.0,28344.0,0.0,1.948148,0.882453,GBR,BFA,5514
428011,106,21,947,1996.0,151033.0,0.0,1.476369,1.049152,IRL,BFA,5514
428012,109,21,947,1996.0,100813.0,0.0,0.10151,-0.44307799999999997,ISL,BFA,5514
428013,141,21,947,1996.0,2711.0,0.0,-0.8623040000000001,-0.991231,MLI,BFA,5514
428014,41,24,947,1996.0,306264.0,0.0,2.344337,0.709607,CHE,BHR,5514
428015,61,24,947,1996.0,74631.0,0.0,2.347101,-2.4792799999999997,DEU,BHR,5514
428016,64,24,947,1996.0,85908.0,0.0,1.416927,1.401766,DNK,BHR,5514
428017,68,24,947,1996.0,8965.0,0.0,-0.405938,-0.209619,EGY,BHR,5514
428018,71,24,947,1996.0,12107.0,0.0,1.157591,1.795643,ESP,BHR,5514
428019,77,24,947,1996.0,143190.0,0.0,1.571365,1.187529,FRA,BHR,5514
428020,81,24,947,1996.0,530299.0,0.0,1.948148,0.882453,GBR,BHR,5514
428021,104,24,947,1996.0,5646.0,0.0,0.145769,1.983642,IND,BHR,5514
428022,106,24,947,1996.0,885686.0,0.0,1.476369,1.049152,IRL,BHR,5514
428023,111,24,947,1996.0,5915.0,0.0,1.591442,0.875201,ITA,BHR,5514
428024,142,24,947,1996.0,37238.0,0.0,1.245592,0.446754,MLT,BHR,5514
428025,162,24,947,1996.0,2935.0,0.0,1.331177,1.6320430000000001,NLD,BHR,5514
428026,167,24,947,1996.0,8581.0,82426.0,-0.227075,-0.9778399999999999,OMN,BHR,5514
428027,188,24,947,1996.0,0.0,55617.0,-0.200762,-1.0419610000000001,SAU,BHR,5514
428028,208,24,947,1996.0,15543.0,0.0,2.186414,0.848194,SWE,BHR,5514
428029,216,24,947,1996.0,3021.0,0.0,0.26155100000000003,1.146204,THA,BHR,5514
428030,231,24,947,1996.0,17648.0,0.0,1.742391,1.003066,USA,BHR,5514
428031,81,25,947,1996.0,44089.0,0.0,1.948148,0.882453,GBR,BHS,5514
428032,102,25,947,1996.0,1000.0,0.0,0.905526,1.887735,HUN,BHS,5514
428033,106,25,947,1996.0,392440.0,0.0,1.476369,1.049152,IRL,BHS,5514
428034,112,25,947,1996.0,2259.0,0.0,-0.64364,-0.8296379999999999,JAM,BHS,5514
428035,162,25,947,1996.0,2098.0,0.0,1.331177,1.6320430000000001,NLD,BHS,5514
428036,231,25,947,1996.0,389096.0,0.0,1.742391,1.003066,USA,BHS,5514
428037,15,26,947,1996.0,18107.0,0.0,2.012626,0.395525,AUT,BIH,5514
428038,41,26,947,1996.0,15566.0,0.0,2.344337,0.709607,CHE,BIH,5514
428039,61,26,947,1996.0,28106.0,68909.0,2.347101,-2.4792799999999997,DEU,BIH,5514
428040,100,26,947,1996.0,157867.0,0.0,0.739223,1.3032030000000001,HRV,BIH,5514
428041,111,26,947,1996.0,24372.0,0.0,1.591442,0.875201,ITA,BIH,5514
428042,189,26,947,1996.0,11332.0,0.0,0.699084,2.2900150000000004,SCG,BIH,5514
428043,206,26,947,1996.0,20815.0,0.0,1.1978739999999999,1.426243,SVK,BIH,5514
428044,207,26,947,1996.0,449180.0,0.0,1.352015,1.396593,SVN,BIH,5514
428045,15,28,947,1996.0,119479.0,0.0,2.012626,0.395525,AUT,BLR,5514
428046,18,28,947,1996.0,168000.0,0.0,1.5604850000000001,1.30819,BEL,BLR,5514
428047,59,28,947,1996.0,30518.0,0.0,1.412088,1.171914,CZE,BLR,5514
428048,61,28,947,1996.0,88921.0,62732.0,2.347101,-2.4792799999999997,DEU,BLR,5514
428049,77,28,947,1996.0,713773.0,0.0,1.571365,1.187529,FRA,BLR,5514
428050,81,28,947,1996.0,240444.0,0.0,1.948148,0.882453,GBR,BLR,5514
428051,102,28,947,1996.0,56000.0,0.0,0.905526,1.887735,HUN,BLR,5514
428052,106,28,947,1996.0,660345.0,0.0,1.476369,1.049152,IRL,BLR,5514
428053,130,28,947,1996.0,79053.0,0.0,0.360994,1.092575,LTU,BLR,5514
428054,132,28,947,1996.0,90620.0,72581.0,0.255258,0.42505299999999996,LVA,BLR,5514
428055,162,28,947,1996.0,32842.0,0.0,1.331177,1.6320430000000001,NLD,BLR,5514
428056,177,28,947,1996.0,336483.0,0.0,0.806283,1.92897,POL,BLR,5514
428057,207,28,947,1996.0,708251.0,46815.0,1.352015,1.396593,SVN,BLR,5514
428058,39,33,947,1996.0,3354.0,0.0,0.970932,1.111111,CAN,BRB,5514
428059,41,33,947,1996.0,43658.0,0.0,2.344337,0.709607,CHE,BRB,5514
428060,61,33,947,1996.0,61312.0,0.0,2.347101,-2.4792799999999997,DEU,BRB,5514
428061,77,33,947,1996.0,0.0,8873.0,1.571365,1.187529,FRA,BRB,5514
428062,81,33,947,1996.0,274402.0,63437.0,1.948148,0.882453,GBR,BRB,5514
428063,106,33,947,1996.0,36819.0,0.0,1.476369,1.049152,IRL,BRB,5514
428064,112,33,947,1996.0,959566.0,0.0,-0.64364,-0.8296379999999999,JAM,BRB,5514
428065,120,33,947,1996.0,0.0,4350.0,0.49290100000000003,-0.429266,KNA,BRB,5514
428066,127,33,947,1996.0,0.0,7079.0,-0.027347000000000003,-0.556575,LCA,BRB,5514
428067,162,33,947,1996.0,3296.0,0.0,1.331177,1.6320430000000001,NLD,BRB,5514
428068,222,33,947,1996.0,1110.0,0.0,-0.002541,-0.543624,TTO,BRB,5514
428069,231,33,947,1996.0,8600559.0,33240.0,1.742391,1.003066,USA,BRB,5514
428070,14,34,947,1996.0,1293.0,0.0,0.025253,0.6428189999999999,AUS,BRN,5514
428071,41,34,947,1996.0,4814.0,0.0,2.344337,0.709607,CHE,BRN,5514
428072,81,34,947,1996.0,3638.0,0.0,1.948148,0.882453,GBR,BRN,5514
428073,106,34,947,1996.0,24505.0,0.0,1.476369,1.049152,IRL,BRN,5514
428074,111,34,947,1996.0,6249.0,0.0,1.591442,0.875201,ITA,BRN,5514
428075,153,34,947,1996.0,47717.0,0.0,0.5493640000000001,0.248484,MYS,BRN,5514
428076,174,34,947,1996.0,0.0,11835.0,0.0020329999999999997,0.40715,PHL,BRN,5514
428077,192,34,947,1996.0,34815.0,0.0,1.288635,0.259061,SGP,BRN,5514
428078,18,46,947,1996.0,143233.0,0.0,1.5604850000000001,1.30819,BEL,COD,5514
428079,41,46,947,1996.0,100007.0,0.0,2.344337,0.709607,CHE,COD,5514
428080,61,46,947,1996.0,460961.0,0.0,2.347101,-2.4792799999999997,DEU,COD,5514
428081,71,46,947,1996.0,138650.0,0.0,1.157591,1.795643,ESP,COD,5514
428082,77,46,947,1996.0,797609.0,0.0,1.571365,1.187529,FRA,COD,5514
428083,81,46,947,1996.0,76313.0,0.0,1.948148,0.882453,GBR,COD,5514
428084,106,46,947,1996.0,1052770.0,118714.0,1.476369,1.049152,IRL,COD,5514
428085,162,46,947,1996.0,53955.0,0.0,1.331177,1.6320430000000001,NLD,COD,5514
428086,246,46,947,1996.0,221348.0,0.0,0.277171,1.489549,ZAF,COD,5514
428087,18,47,947,1996.0,219987.0,0.0,1.5604850000000001,1.30819,BEL,COG,5514
428088,61,47,947,1996.0,2773.0,0.0,2.347101,-2.4792799999999997,DEU,COG,5514
428089,77,47,947,1996.0,6480.0,0.0,1.571365,1.187529,FRA,COG,5514
428090,81,47,947,1996.0,230922.0,0.0,1.948148,0.882453,GBR,COG,5514
428091,106,47,947,1996.0,981686.0,0.0,1.476369,1.049152,IRL,COG,5514
428092,162,47,947,1996.0,17274.0,0.0,1.331177,1.6320430000000001,NLD,COG,5514
428093,61,51,947,1996.0,2740.0,0.0,2.347101,-2.4792799999999997,DEU,CPV,5514
428094,64,51,947,1996.0,21975.0,0.0,1.416927,1.401766,DNK,CPV,5514
428095,71,51,947,1996.0,10558.0,0.0,1.157591,1.795643,ESP,CPV,5514
428096,81,51,947,1996.0,108733.0,0.0,1.948148,0.882453,GBR,CPV,5514
428097,179,51,947,1996.0,22710.0,0.0,0.49924799999999997,0.9969520000000001,PRT,CPV,5514
428098,61,69,947,1996.0,20718.0,0.0,2.347101,-2.4792799999999997,DEU,ERI,5514
428099,111,69,947,1996.0,5523.0,0.0,1.591442,0.875201,ITA,ERI,5514
428100,81,84,947,1996.0,60811.0,0.0,1.948148,0.882453,GBR,GIB,5514
428101,106,84,947,1996.0,2697.0,0.0,1.476369,1.049152,IRL,GIB,5514
428102,39,96,947,1996.0,2274.0,0.0,0.970932,1.111111,CAN,GUY,5514
428103,61,96,947,1996.0,4779.0,0.0,2.347101,-2.4792799999999997,DEU,GUY,5514
428104,81,96,947,1996.0,81682.0,0.0,1.948148,0.882453,GBR,GUY,5514
428105,106,96,947,1996.0,16297.0,0.0,1.476369,1.049152,IRL,GUY,5514
428106,112,96,947,1996.0,0.0,2855.0,-0.64364,-0.8296379999999999,JAM,GUY,5514
428107,162,96,947,1996.0,7843.0,0.0,1.331177,1.6320430000000001,NLD,GUY,5514
428108,231,96,947,1996.0,98729.0,0.0,1.742391,1.003066,USA,GUY,5514
428109,81,108,947,1996.0,3740.0,0.0,1.948148,0.882453,GBR,IRQ,5514
428110,41,115,947,1996.0,191368.0,0.0,2.344337,0.709607,CHE,KAZ,5514
428111,61,115,947,1996.0,22452.0,42816.0,2.347101,-2.4792799999999997,DEU,KAZ,5514
428112,77,115,947,1996.0,33085.0,0.0,1.571365,1.187529,FRA,KAZ,5514
428113,81,115,947,1996.0,19159.0,0.0,1.948148,0.882453,GBR,KAZ,5514
428114,106,115,947,1996.0,624101.0,0.0,1.476369,1.049152,IRL,KAZ,5514
428115,110,115,947,1996.0,14607.0,0.0,1.159922,1.025777,ISR,KAZ,5514
428116,111,115,947,1996.0,86755.0,0.0,1.591442,0.875201,ITA,KAZ,5514
428117,130,115,947,1996.0,74330.0,0.0,0.360994,1.092575,LTU,KAZ,5514
428118,186,115,947,1996.0,285885.0,0.0,0.505247,0.349848,RUS,KAZ,5514
428119,224,115,947,1996.0,4441.0,0.0,0.07259700000000001,1.734291,TUR,KAZ,5514
428120,14,116,947,1996.0,4727.0,0.0,0.025253,0.6428189999999999,AUS,KEN,5514
428121,18,116,947,1996.0,352379.0,0.0,1.5604850000000001,1.30819,BEL,KEN,5514
428122,41,116,947,1996.0,520937.0,0.0,2.344337,0.709607,CHE,KEN,5514
428123,61,116,947,1996.0,1535191.0,0.0,2.347101,-2.4792799999999997,DEU,KEN,5514
428124,77,116,947,1996.0,107833.0,0.0,1.571365,1.187529,FRA,KEN,5514
428125,81,116,947,1996.0,2988184.0,38329.0,1.948148,0.882453,GBR,KEN,5514
428126,104,116,947,1996.0,27663.0,0.0,0.145769,1.983642,IND,KEN,5514
428127,106,116,947,1996.0,21120.0,0.0,1.476369,1.049152,IRL,KEN,5514
428128,110,116,947,1996.0,279545.0,0.0,1.159922,1.025777,ISR,KEN,5514
428129,114,116,947,1996.0,5632.0,0.0,2.858869,0.477455,JPN,KEN,5514
428130,142,116,947,1996.0,11382.0,0.0,1.245592,0.446754,MLT,KEN,5514
428131,151,116,947,1996.0,0.0,1330.0,-0.578699,-0.831889,MUS,KEN,5514
428132,162,116,947,1996.0,327318.0,0.0,1.331177,1.6320430000000001,NLD,KEN,5514
428133,226,116,947,1996.0,0.0,334462.0,-1.186121,-0.6688390000000001,TZA,KEN,5514
428134,227,116,947,1996.0,0.0,340076.0,-1.105896,-0.910169,UGA,KEN,5514
428135,231,116,947,1996.0,374098.0,0.0,1.742391,1.003066,USA,KEN,5514
428136,246,116,947,1996.0,265056.0,2916.0,0.277171,1.489549,ZAF,KEN,5514
428137,39,122,947,1996.0,6777.0,0.0,0.970932,1.111111,CAN,KWT,5514
428138,41,122,947,1996.0,349229.0,0.0,2.344337,0.709607,CHE,KWT,5514
428139,61,122,947,1996.0,59578.0,0.0,2.347101,-2.4792799999999997,DEU,KWT,5514
428140,64,122,947,1996.0,16153.0,0.0,1.416927,1.401766,DNK,KWT,5514
428141,71,122,947,1996.0,8297.0,0.0,1.157591,1.795643,ESP,KWT,5514
428142,77,122,947,1996.0,149015.0,0.0,1.571365,1.187529,FRA,KWT,5514
428143,81,122,947,1996.0,321928.0,0.0,1.948148,0.882453,GBR,KWT,5514
428144,104,122,947,1996.0,21135.0,0.0,0.145769,1.983642,IND,KWT,5514
428145,106,122,947,1996.0,2923269.0,0.0,1.476369,1.049152,IRL,KWT,5514
428146,114,122,947,1996.0,3427.0,0.0,2.858869,0.477455,JPN,KWT,5514
428147,142,122,947,1996.0,51857.0,0.0,1.245592,0.446754,MLT,KWT,5514
428148,162,122,947,1996.0,52867.0,0.0,1.331177,1.6320430000000001,NLD,KWT,5514
428149,188,122,947,1996.0,15804.0,3054.0,-0.200762,-1.0419610000000001,SAU,KWT,5514
428150,208,122,947,1996.0,79972.0,0.0,2.186414,0.848194,SWE,KWT,5514
428151,231,122,947,1996.0,89857.0,0.0,1.742391,1.003066,USA,KWT,5514
428152,41,125,947,1996.0,6849.0,0.0,2.344337,0.709607,CHE,LBR,5514
428153,106,125,947,1996.0,127389.0,0.0,1.476369,1.049152,IRL,LBR,5514
428154,162,125,947,1996.0,3886.0,0.0,1.331177,1.6320430000000001,NLD,LBR,5514
428155,231,125,947,1996.0,31890.0,0.0,1.742391,1.003066,USA,LBR,5514
428156,18,126,947,1996.0,204563.0,0.0,1.5604850000000001,1.30819,BEL,LBY,5514
428157,61,126,947,1996.0,293246.0,0.0,2.347101,-2.4792799999999997,DEU,LBY,5514
428158,71,126,947,1996.0,745506.0,0.0,1.157591,1.795643,ESP,LBY,5514
428159,77,126,947,1996.0,29514.0,0.0,1.571365,1.187529,FRA,LBY,5514
428160,103,126,947,1996.0,0.0,7026.0,-0.25952,1.343972,IDN,LBY,5514
428161,106,126,947,1996.0,532638.0,0.0,1.476369,1.049152,IRL,LBY,5514
428162,111,126,947,1996.0,1649673.0,0.0,1.591442,0.875201,ITA,LBY,5514
428163,142,126,947,1996.0,22037.0,0.0,1.245592,0.446754,MLT,LBY,5514
428164,223,126,947,1996.0,4258.0,0.0,-0.250917,-0.057383,TUN,LBY,5514
428165,224,126,947,1996.0,8968.0,0.0,0.07259700000000001,1.734291,TUR,LBY,5514
428166,106,147,947,1996.0,63045.0,0.0,1.476369,1.049152,IRL,MOZ,5514
428167,179,147,947,1996.0,2521.0,0.0,0.49924799999999997,0.9969520000000001,PRT,MOZ,5514
428168,246,147,947,1996.0,966852.0,0.0,0.277171,1.489549,ZAF,MOZ,5514
428169,61,148,947,1996.0,8104.0,0.0,2.347101,-2.4792799999999997,DEU,MRT,5514
428170,71,148,947,1996.0,34451.0,0.0,1.157591,1.795643,ESP,MRT,5514
428171,106,148,947,1996.0,24573.0,0.0,1.476369,1.049152,IRL,MRT,5514
428172,41,183,947,1996.0,22210.0,0.0,2.344337,0.709607,CHE,QAT,5514
428173,61,183,947,1996.0,7669.0,0.0,2.347101,-2.4792799999999997,DEU,QAT,5514
428174,71,183,947,1996.0,30056.0,0.0,1.157591,1.795643,ESP,QAT,5514
428175,77,183,947,1996.0,22481.0,0.0,1.571365,1.187529,FRA,QAT,5514
428176,81,183,947,1996.0,50577.0,0.0,1.948148,0.882453,GBR,QAT,5514
428177,104,183,947,1996.0,1721.0,0.0,0.145769,1.983642,IND,QAT,5514
428178,106,183,947,1996.0,966060.0,0.0,1.476369,1.049152,IRL,QAT,5514
428179,111,183,947,1996.0,3617.0,0.0,1.591442,0.875201,ITA,QAT,5514
428180,142,183,947,1996.0,9762.0,0.0,1.245592,0.446754,MLT,QAT,5514
428181,162,183,947,1996.0,9802.0,0.0,1.331177,1.6320430000000001,NLD,QAT,5514
428182,231,183,947,1996.0,3944.0,0.0,1.742391,1.003066,USA,QAT,5514
428183,15,232,947,1996.0,397537.0,0.0,2.012626,0.395525,AUT,UZB,5514
428184,23,232,947,1996.0,21067.0,0.0,0.510789,1.749248,BGR,UZB,5514
428185,77,232,947,1996.0,1368.0,0.0,1.571365,1.187529,FRA,UZB,5514
428186,162,232,947,1996.0,129361.0,0.0,1.331177,1.6320430000000001,NLD,UZB,5514
428187,186,232,947,1996.0,17179.0,0.0,0.505247,0.349848,RUS,UZB,5514
428188,224,232,947,1996.0,218333.0,0.0,0.07259700000000001,1.734291,TUR,UZB,5514
428189,14,240,947,1996.0,8816.0,0.0,0.025253,0.6428189999999999,AUS,VUT,5514
428190,81,240,947,1996.0,149625.0,0.0,1.948148,0.882453,GBR,VUT,5514
428191,97,240,947,1996.0,19988.0,0.0,0.699041,1.8341720000000001,HKG,VUT,5514
428192,111,240,947,1996.0,13490.0,0.0,1.591442,0.875201,ITA,VUT,5514
428193,41,243,947,1996.0,498984.0,0.0,2.344337,0.709607,CHE,YEM,5514
428194,61,243,947,1996.0,718682.0,0.0,2.347101,-2.4792799999999997,DEU,YEM,5514
428195,64,243,947,1996.0,32471.0,0.0,1.416927,1.401766,DNK,YEM,5514
428196,71,243,947,1996.0,54616.0,0.0,1.157591,1.795643,ESP,YEM,5514
428197,77,243,947,1996.0,73731.0,0.0,1.571365,1.187529,FRA,YEM,5514
428198,81,243,947,1996.0,495963.0,0.0,1.948148,0.882453,GBR,YEM,5514
428199,104,243,947,1996.0,39028.0,0.0,0.145769,1.983642,IND,YEM,5514
428200,106,243,947,1996.0,2814832.0,0.0,1.476369,1.049152,IRL,YEM,5514
428201,114,243,947,1996.0,57569.0,0.0,2.858869,0.477455,JPN,YEM,5514
428202,142,243,947,1996.0,44673.0,0.0,1.245592,0.446754,MLT,YEM,5514
428203,162,243,947,1996.0,157015.0,0.0,1.331177,1.6320430000000001,NLD,YEM,5514
428204,188,243,947,1996.0,2116.0,0.0,-0.200762,-1.0419610000000001,SAU,YEM,5514
428205,208,243,947,1996.0,22060.0,0.0,2.186414,0.848194,SWE,YEM,5514
428206,14,248,947,1996.0,3158.0,0.0,0.025253,0.6428189999999999,AUS,ZWE,5514
428207,18,248,947,1996.0,41730.0,0.0,1.5604850000000001,1.30819,BEL,ZWE,5514
428208,41,248,947,1996.0,554811.0,0.0,2.344337,0.709607,CHE,ZWE,5514
428209,61,248,947,1996.0,711686.0,0.0,2.347101,-2.4792799999999997,DEU,ZWE,5514
428210,64,248,947,1996.0,284886.0,0.0,1.416927,1.401766,DNK,ZWE,5514
428211,77,248,947,1996.0,27184.0,0.0,1.571365,1.187529,FRA,ZWE,5514
428212,81,248,947,1996.0,875250.0,0.0,1.948148,0.882453,GBR,ZWE,5514
428213,106,248,947,1996.0,17217.0,0.0,1.476369,1.049152,IRL,ZWE,5514
428214,111,248,947,1996.0,5731.0,0.0,1.591442,0.875201,ITA,ZWE,5514
428215,114,248,947,1996.0,5197.0,0.0,2.858869,0.477455,JPN,ZWE,5514
428216,152,248,947,1996.0,4023.0,0.0,-1.203751,-1.003757,MWI,ZWE,5514
428217,162,248,947,1996.0,956491.0,0.0,1.331177,1.6320430000000001,NLD,ZWE,5514
428218,231,248,947,1996.0,19401.0,0.0,1.742391,1.003066,USA,ZWE,5514
428219,246,248,947,1996.0,5927036.0,4190.0,0.277171,1.489549,ZAF,ZWE,5514
428220,247,248,947,1996.0,75311.0,27436.0,-0.58634,-0.796772,ZMB,ZWE,5514
428221,41,1,947,1996.0,20656.0,0.0,2.344337,0.709607,CHE,AFG,5514
428222,77,1,947,1996.0,9185.0,0.0,1.571365,1.187529,FRA,AFG,5514
428223,61,5,947,1996.0,6232.0,0.0,2.347101,-2.4792799999999997,DEU,AND,5514
428224,71,5,947,1996.0,49226.0,0.0,1.157591,1.795643,ESP,AND,5514
428225,77,5,947,1996.0,293861.0,0.0,1.571365,1.187529,FRA,AND,5514
428226,231,5,947,1996.0,207145.0,0.0,1.742391,1.003066,USA,AND,5514
428227,23,9,947,1996.0,64877.0,0.0,0.510789,1.749248,BGR,ARM,5514
428228,77,9,947,1996.0,24841.0,0.0,1.571365,1.187529,FRA,ARM,5514
428229,102,9,947,1996.0,1000.0,0.0,0.905526,1.887735,HUN,ARM,5514
428230,111,9,947,1996.0,1046.0,0.0,1.591442,0.875201,ITA,ARM,5514
428231,81,30,947,1996.0,23034.0,0.0,1.948148,0.882453,GBR,BMU,5514
428232,106,30,947,1996.0,60593.0,0.0,1.476369,1.049152,IRL,BMU,5514
428233,231,30,947,1996.0,40088.0,0.0,1.742391,1.003066,USA,BMU,5514
428234,81,35,947,1996.0,2426.0,0.0,1.948148,0.882453,GBR,BTN,5514
428235,64,48,947,1996.0,3127.0,0.0,1.416927,1.401766,DNK,COK,5514
428236,166,48,947,1996.0,5341.0,0.0,0.404233,0.6724640000000001,NZL,COK,5514
428237,81,57,947,1996.0,15119.0,0.0,1.948148,0.882453,GBR,CYM,5514
428238,112,57,947,1996.0,0.0,24517.0,-0.64364,-0.8296379999999999,JAM,CYM,5514
428239,231,57,947,1996.0,24411.0,21089.0,1.742391,1.003066,USA,CYM,5514
428240,41,62,947,1996.0,1477.0,0.0,2.344337,0.709607,CHE,DJI,5514
428241,77,62,947,1996.0,1175.0,0.0,1.571365,1.187529,FRA,DJI,5514
428242,106,62,947,1996.0,7760.0,0.0,1.476369,1.049152,IRL,DJI,5514
428243,18,73,947,1996.0,2023.0,0.0,1.5604850000000001,1.30819,BEL,ETH,5514
428244,41,73,947,1996.0,7572.0,0.0,2.344337,0.709607,CHE,ETH,5514
428245,61,73,947,1996.0,185691.0,0.0,2.347101,-2.4792799999999997,DEU,ETH,5514
428246,77,73,947,1996.0,12516.0,0.0,1.571365,1.187529,FRA,ETH,5514
428247,81,73,947,1996.0,17459.0,0.0,1.948148,0.882453,GBR,ETH,5514
428248,106,73,947,1996.0,548745.0,0.0,1.476369,1.049152,IRL,ETH,5514
428249,111,73,947,1996.0,148736.0,0.0,1.591442,0.875201,ITA,ETH,5514
428250,162,73,947,1996.0,32012.0,0.0,1.331177,1.6320430000000001,NLD,ETH,5514
428251,226,73,947,1996.0,0.0,664180.0,-1.186121,-0.6688390000000001,TZA,ETH,5514
428252,246,73,947,1996.0,29608.0,0.0,0.277171,1.489549,ZAF,ETH,5514
428253,14,75,947,1996.0,409462.0,0.0,0.025253,0.6428189999999999,AUS,FJI,5514
428254,41,75,947,1996.0,8632.0,0.0,2.344337,0.709607,CHE,FJI,5514
428255,61,75,947,1996.0,53662.0,0.0,2.347101,-2.4792799999999997,DEU,FJI,5514
428256,81,75,947,1996.0,10852.0,0.0,1.948148,0.882453,GBR,FJI,5514
428257,97,75,947,1996.0,266591.0,0.0,0.699041,1.8341720000000001,HKG,FJI,5514
428258,153,75,947,1996.0,56463.0,0.0,0.5493640000000001,0.248484,MYS,FJI,5514
428259,166,75,947,1996.0,87361.0,0.0,0.404233,0.6724640000000001,NZL,FJI,5514
428260,192,75,947,1996.0,4949.0,0.0,1.288635,0.259061,SGP,FJI,5514
428261,61,78,947,1996.0,2127.0,0.0,2.347101,-2.4792799999999997,DEU,FRO,5514
428262,64,78,947,1996.0,119607.0,0.0,1.416927,1.401766,DNK,FRO,5514
428263,162,78,947,1996.0,2020.0,0.0,1.331177,1.6320430000000001,NLD,FRO,5514
428264,208,78,947,1996.0,1750.0,0.0,2.186414,0.848194,SWE,FRO,5514
428265,14,118,947,1996.0,12673.0,0.0,0.025253,0.6428189999999999,AUS,KHM,5514
428266,43,118,947,1996.0,2926.0,0.0,0.383975,2.197461,CHN,KHM,5514
428267,81,118,947,1996.0,4367.0,0.0,1.948148,0.882453,GBR,KHM,5514
428268,106,118,947,1996.0,135321.0,0.0,1.476369,1.049152,IRL,KHM,5514
428269,153,118,947,1996.0,47031.0,0.0,0.5493640000000001,0.248484,MYS,KHM,5514
428270,192,118,947,1996.0,57691.0,0.0,1.288635,0.259061,SGP,KHM,5514
428271,216,118,947,1996.0,50809.0,0.0,0.26155100000000003,1.146204,THA,KHM,5514
428272,61,123,947,1996.0,32310.0,0.0,2.347101,-2.4792799999999997,DEU,LAO,5514
428273,81,123,947,1996.0,1249.0,0.0,1.948148,0.882453,GBR,LAO,5514
428274,106,123,947,1996.0,78004.0,0.0,1.476369,1.049152,IRL,LAO,5514
428275,186,123,947,1996.0,0.0,9245.0,0.505247,0.349848,RUS,LAO,5514
428276,216,123,947,1996.0,4635.0,0.0,0.26155100000000003,1.146204,THA,LAO,5514
428277,81,139,947,1996.0,10574.0,0.0,1.948148,0.882453,GBR,MHL,5514
428278,14,143,947,1996.0,48849.0,0.0,0.025253,0.6428189999999999,AUS,MMR,5514
428279,41,143,947,1996.0,41094.0,0.0,2.344337,0.709607,CHE,MMR,5514
428280,43,143,947,1996.0,57814.0,0.0,0.383975,2.197461,CHN,MMR,5514
428281,61,143,947,1996.0,304762.0,0.0,2.347101,-2.4792799999999997,DEU,MMR,5514
428282,71,143,947,1996.0,129299.0,0.0,1.157591,1.795643,ESP,MMR,5514
428283,77,143,947,1996.0,60400.0,0.0,1.571365,1.187529,FRA,MMR,5514
428284,81,143,947,1996.0,390691.0,0.0,1.948148,0.882453,GBR,MMR,5514
428285,104,143,947,1996.0,61126.0,0.0,0.145769,1.983642,IND,MMR,5514
428286,106,143,947,1996.0,441795.0,0.0,1.476369,1.049152,IRL,MMR,5514
428287,114,143,947,1996.0,5015.0,0.0,2.858869,0.477455,JPN,MMR,5514
428288,121,143,947,1996.0,3654.0,0.0,1.230793,1.0548959999999998,KOR,MMR,5514
428289,153,143,947,1996.0,2180.0,0.0,0.5493640000000001,0.248484,MYS,MMR,5514
428290,162,143,947,1996.0,64020.0,0.0,1.331177,1.6320430000000001,NLD,MMR,5514
428291,192,143,947,1996.0,413315.0,0.0,1.288635,0.259061,SGP,MMR,5514
428292,208,143,947,1996.0,6602.0,0.0,2.186414,0.848194,SWE,MMR,5514
428293,216,143,947,1996.0,524057.0,0.0,0.26155100000000003,1.146204,THA,MMR,5514
428294,81,146,947,1996.0,4452.0,0.0,1.948148,0.882453,GBR,MNP,5514
428295,114,146,947,1996.0,8303.0,0.0,2.858869,0.477455,JPN,MNP,5514
428296,14,156,947,1996.0,76843.0,0.0,0.025253,0.6428189999999999,AUS,NCL,5514
428297,18,156,947,1996.0,1059.0,0.0,1.5604850000000001,1.30819,BEL,NCL,5514
428298,61,156,947,1996.0,2003.0,0.0,2.347101,-2.4792799999999997,DEU,NCL,5514
428299,77,156,947,1996.0,224762.0,0.0,1.571365,1.187529,FRA,NCL,5514
428300,97,156,947,1996.0,3761.0,0.0,0.699041,1.8341720000000001,HKG,NCL,5514
428301,106,156,947,1996.0,15392.0,0.0,1.476369,1.049152,IRL,NCL,5514
428302,162,156,947,1996.0,293737.0,0.0,1.331177,1.6320430000000001,NLD,NCL,5514
428303,166,158,947,1996.0,1695.0,0.0,0.404233,0.6724640000000001,NZL,NFK,5514
428304,61,164,947,1996.0,33808.0,0.0,2.347101,-2.4792799999999997,DEU,NPL,5514
428305,77,164,947,1996.0,12909.0,0.0,1.571365,1.187529,FRA,NPL,5514
428306,81,164,947,1996.0,12180.0,0.0,1.948148,0.882453,GBR,NPL,5514
428307,104,164,947,1996.0,120876.0,0.0,0.145769,1.983642,IND,NPL,5514
428308,106,164,947,1996.0,499951.0,0.0,1.476369,1.049152,IRL,NPL,5514
428309,114,164,947,1996.0,16788.0,0.0,2.858869,0.477455,JPN,NPL,5514
428310,162,164,947,1996.0,30917.0,0.0,1.331177,1.6320430000000001,NLD,NPL,5514
428311,192,164,947,1996.0,1049.0,0.0,1.288635,0.259061,SGP,NPL,5514
428312,81,165,947,1996.0,22970.0,0.0,1.948148,0.882453,GBR,NRU,5514
428313,14,176,947,1996.0,1318520.0,0.0,0.025253,0.6428189999999999,AUS,PNG,5514
428314,81,176,947,1996.0,2063.0,0.0,1.948148,0.882453,GBR,PNG,5514
428315,97,176,947,1996.0,92800.0,0.0,0.699041,1.8341720000000001,HKG,PNG,5514
428316,106,176,947,1996.0,62565.0,0.0,1.476369,1.049152,IRL,PNG,5514
428317,166,176,947,1996.0,41673.0,0.0,0.404233,0.6724640000000001,NZL,PNG,5514
428318,192,176,947,1996.0,29339.0,0.0,1.288635,0.259061,SGP,PNG,5514
428319,14,182,947,1996.0,12830.0,0.0,0.025253,0.6428189999999999,AUS,PYF,5514
428320,18,182,947,1996.0,2959.0,0.0,1.5604850000000001,1.30819,BEL,PYF,5514
428321,61,182,947,1996.0,8773.0,0.0,2.347101,-2.4792799999999997,DEU,PYF,5514
428322,77,182,947,1996.0,396649.0,32645.0,1.571365,1.187529,FRA,PYF,5514
428323,106,182,947,1996.0,23280.0,0.0,1.476369,1.049152,IRL,PYF,5514
428324,111,182,947,1996.0,12641.0,0.0,1.591442,0.875201,ITA,PYF,5514
428325,162,182,947,1996.0,17356.0,0.0,1.331177,1.6320430000000001,NLD,PYF,5514
428326,166,182,947,1996.0,35093.0,0.0,0.404233,0.6724640000000001,NZL,PYF,5514
428327,192,182,947,1996.0,1654.0,0.0,1.288635,0.259061,SGP,PYF,5514
428328,231,182,947,1996.0,50979.0,29766.0,1.742391,1.003066,USA,PYF,5514
428329,14,195,947,1996.0,52991.0,0.0,0.025253,0.6428189999999999,AUS,SLB,5514
428330,97,195,947,1996.0,13073.0,0.0,0.699041,1.8341720000000001,HKG,SLB,5514
428331,166,195,947,1996.0,2441.0,0.0,0.404233,0.6724640000000001,NZL,SLB,5514
428332,18,196,947,1996.0,3730.0,0.0,1.5604850000000001,1.30819,BEL,SLE,5514
428333,61,196,947,1996.0,80423.0,0.0,2.347101,-2.4792799999999997,DEU,SLE,5514
428334,64,196,947,1996.0,1676.0,0.0,1.416927,1.401766,DNK,SLE,5514
428335,81,196,947,1996.0,78311.0,0.0,1.948148,0.882453,GBR,SLE,5514
428336,106,196,947,1996.0,228577.0,0.0,1.476369,1.049152,IRL,SLE,5514
428337,162,196,947,1996.0,25148.0,0.0,1.331177,1.6320430000000001,NLD,SLE,5514
428338,231,196,947,1996.0,7093.0,0.0,1.742391,1.003066,USA,SLE,5514
428339,61,219,947,1996.0,332681.0,0.0,2.347101,-2.4792799999999997,DEU,TKM,5514
428340,81,219,947,1996.0,2969.0,0.0,1.948148,0.882453,GBR,TKM,5514
428341,186,219,947,1996.0,2231.0,0.0,0.505247,0.349848,RUS,TKM,5514
428342,14,221,947,1996.0,10270.0,0.0,0.025253,0.6428189999999999,AUS,TON,5514
428343,166,221,947,1996.0,1764.0,0.0,0.404233,0.6724640000000001,NZL,TON,5514
428344,14,242,947,1996.0,35245.0,0.0,0.025253,0.6428189999999999,AUS,WSM,5514
428345,81,242,947,1996.0,15133.0,0.0,1.948148,0.882453,GBR,WSM,5514
428346,166,242,947,1996.0,16877.0,0.0,0.404233,0.6724640000000001,NZL,WSM,5514
428347,61,0,947,1996.0,22641.0,0.0,2.347101,-2.4792799999999997,DEU,ABW,5514
428348,81,0,947,1996.0,5607.0,0.0,1.948148,0.882453,GBR,ABW,5514
428349,162,0,947,1996.0,3785.0,0.0,1.331177,1.6320430000000001,NLD,ABW,5514
428350,231,0,947,1996.0,16412.0,0.0,1.742391,1.003066,USA,ABW,5514
428351,18,88,947,1996.0,8498.0,0.0,1.5604850000000001,1.30819,BEL,GNB,5514
428352,216,92,947,1996.0,0.0,4222.0,0.26155100000000003,1.146204,THA,GRL,5514
428353,231,92,947,1996.0,17451.0,0.0,1.742391,1.003066,USA,GRL,5514
428354,23,145,947,1996.0,3776.0,0.0,0.510789,1.749248,BGR,MNG,5514
428355,43,145,947,1996.0,3471.0,0.0,0.383975,2.197461,CHN,MNG,5514
428356,59,145,947,1996.0,2632.0,0.0,1.412088,1.171914,CZE,MNG,5514
428357,61,145,947,1996.0,9239.0,0.0,2.347101,-2.4792799999999997,DEU,MNG,5514
428358,81,199,947,1996.0,25782.0,0.0,1.948148,0.882453,GBR,SOM,5514
428359,81,203,947,1996.0,8153.0,0.0,1.948148,0.882453,GBR,STP,5514
428360,231,213,947,1996.0,7788.0,0.0,1.742391,1.003066,USA,TCA,5514
428361,45,214,947,1996.0,37793.0,0.0,-1.172534,-1.099308,CMR,TCD,5514
428362,77,214,947,1996.0,32073.0,0.0,1.571365,1.187529,FRA,TCD,5514
428363,106,214,947,1996.0,60190.0,0.0,1.476369,1.049152,IRL,TCD,5514
428364,81,217,947,1996.0,14754.0,0.0,1.948148,0.882453,GBR,TJK,5514
428365,186,217,947,1996.0,6240.0,0.0,0.505247,0.349848,RUS,TJK,5514
428366,185,237,947,1996.0,0.0,23565.0,0.612166,1.201016,ROU,VGB,5514
428367,231,237,947,1996.0,4202.0,0.0,1.742391,1.003066,USA,VGB,5514
428368,77,38,947,1996.0,1747.0,0.0,1.571365,1.187529,FRA,CAF,5514
428369,106,38,947,1996.0,51190.0,0.0,1.476369,1.049152,IRL,CAF,5514
428370,77,200,947,1996.0,18036.0,0.0,1.571365,1.187529,FRA,SPM,5514
428371,169,200,947,1996.0,0.0,5592.0,-0.03243,-0.326329,PAN,SPM,5514
428372,231,200,947,1996.0,21400.0,0.0,1.742391,1.003066,USA,SPM,5514
428373,81,194,947,1996.0,149793.0,0.0,1.948148,0.882453,GBR,SHN,5514
428374,4,15,948,1996.0,0.0,23588.0,-0.42357399999999995,0.090179,ALB,AUT,5530
428375,7,15,948,1996.0,0.0,81131.0,-0.43356400000000006,-0.8715719999999999,ARE,AUT,5530
428376,14,15,948,1996.0,180205.0,343344.0,0.025253,0.6428189999999999,AUS,AUT,5530
428377,16,15,948,1996.0,0.0,1476.0,0.11756099999999998,-0.29673099999999997,AZE,AUT,5530
428378,18,15,948,1996.0,10419389.0,883878.0,1.5604850000000001,1.30819,BEL,AUT,5530
428379,23,15,948,1996.0,169500.0,568778.0,0.510789,1.749248,BGR,AUT,5530
428380,26,15,948,1996.0,0.0,74079.0,0.5718949999999999,0.991791,BIH,AUT,5530
428381,33,15,948,1996.0,0.0,4378.0,0.599391,0.065208,BRB,AUT,5530
428382,39,15,948,1996.0,71567.0,89482.0,0.970932,1.111111,CAN,AUT,5530
428383,41,15,948,1996.0,47135952.0,19908478.0,2.344337,0.709607,CHE,AUT,5530
428384,42,15,948,1996.0,0.0,1041.0,-0.161334,-0.301695,CHL,AUT,5530
428385,43,15,948,1996.0,444231.0,29244.0,0.383975,2.197461,CHN,AUT,5530
428386,47,15,948,1996.0,1252.0,0.0,-1.2520950000000002,-1.1901899999999999,COG,AUT,5530
428387,49,15,948,1996.0,0.0,3934.0,0.070101,0.08847999999999999,COL,AUT,5530
428388,58,15,948,1996.0,4769.0,19114.0,0.11774200000000001,0.044968,CYP,AUT,5530
428389,59,15,948,1996.0,215773.0,1883139.0,1.412088,1.171914,CZE,AUT,5530
428390,61,15,948,1996.0,182355472.0,33807984.0,2.347101,-2.4792799999999997,DEU,AUT,5530
428391,64,15,948,1996.0,182369.0,595135.0,1.416927,1.401766,DNK,AUT,5530
428392,65,15,948,1996.0,0.0,2604.0,-0.370096,-0.371728,DOM,AUT,5530
428393,67,15,948,1996.0,0.0,5093.0,-1.128953,-0.960469,ECU,AUT,5530
428394,71,15,948,1996.0,2421823.0,167653.0,1.157591,1.795643,ESP,AUT,5530
428395,72,15,948,1996.0,10703.0,40306.0,0.445854,1.115429,EST,AUT,5530
428396,74,15,948,1996.0,87777.0,1757064.0,2.007619,1.016303,FIN,AUT,5530
428397,77,15,948,1996.0,76286872.0,760211.0,1.571365,1.187529,FRA,AUT,5530
428398,78,15,948,1996.0,0.0,1324.0,-0.644187,-0.795554,FRO,AUT,5530
428399,81,15,948,1996.0,16020613.0,1554077.0,1.948148,0.882453,GBR,AUT,5530
428400,82,15,948,1996.0,0.0,9181.0,0.28868499999999997,0.115705,GEO,AUT,5530
428401,83,15,948,1996.0,0.0,8218.0,-1.037413,-1.019025,GHA,AUT,5530
428402,90,15,948,1996.0,2941913.0,82210.0,0.21841799999999997,1.081136,GRC,AUT,5530
428403,97,15,948,1996.0,136047.0,67263.0,0.699041,1.8341720000000001,HKG,AUT,5530
428404,100,15,948,1996.0,60000.0,1551937.0,0.739223,1.3032030000000001,HRV,AUT,5530
428405,102,15,948,1996.0,136786.0,4833017.0,0.905526,1.887735,HUN,AUT,5530
428406,103,15,948,1996.0,0.0,9165.0,-0.25952,1.343972,IDN,AUT,5530
428407,104,15,948,1996.0,43306.0,16549.0,0.145769,1.983642,IND,AUT,5530
428408,106,15,948,1996.0,4692622.0,78033.0,1.476369,1.049152,IRL,AUT,5530
428409,107,15,948,1996.0,70036.0,0.0,-1.0058129999999998,-1.215661,IRN,AUT,5530
428410,109,15,948,1996.0,0.0,50997.0,0.10151,-0.44307799999999997,ISL,AUT,5530
428411,110,15,948,1996.0,391873.0,25917.0,1.159922,1.025777,ISR,AUT,5530
428412,111,15,948,1996.0,15959804.0,3150508.0,1.591442,0.875201,ITA,AUT,5530
428413,113,15,948,1996.0,18653.0,0.0,0.225125,-0.333293,JOR,AUT,5530
428414,114,15,948,1996.0,295168.0,24388.0,2.858869,0.477455,JPN,AUT,5530
428415,115,15,948,1996.0,3467.0,53040.0,0.455772,0.16361099999999998,KAZ,AUT,5530
428416,121,15,948,1996.0,20514.0,222682.0,1.230793,1.0548959999999998,KOR,AUT,5530
428417,122,15,948,1996.0,0.0,14932.0,-0.412797,-1.1335899999999999,KWT,AUT,5530
428418,124,15,948,1996.0,0.0,10890.0,-0.09233999999999999,0.127816,LBN,AUT,5530
428419,126,15,948,1996.0,0.0,12095.0,-0.482066,-1.163722,LBY,AUT,5530
428420,128,15,948,1996.0,0.0,6272.0,-0.71165,-0.320193,LKA,AUT,5530
428421,130,15,948,1996.0,0.0,77309.0,0.360994,1.092575,LTU,AUT,5530
428422,132,15,948,1996.0,0.0,116539.0,0.255258,0.42505299999999996,LVA,AUT,5530
428423,135,15,948,1996.0,0.0,26374.0,0.193705,0.10853,MDA,AUT,5530
428424,138,15,948,1996.0,6205.0,45249.0,0.88569,1.044068,MEX,AUT,5530
428425,140,15,948,1996.0,0.0,139364.0,0.36478,0.760475,MKD,AUT,5530
428426,142,15,948,1996.0,2100.0,2914.0,1.245592,0.446754,MLT,AUT,5530
428427,153,15,948,1996.0,0.0,20252.0,0.5493640000000001,0.248484,MYS,AUT,5530
428428,162,15,948,1996.0,3437528.0,2336991.0,1.331177,1.6320430000000001,NLD,AUT,5530
428429,163,15,948,1996.0,25948.0,172513.0,0.8207270000000001,0.043619,NOR,AUT,5530
428430,164,15,948,1996.0,0.0,9487.0,-0.570144,-0.63484,NPL,AUT,5530
428431,166,15,948,1996.0,3654.0,27715.0,0.404233,0.6724640000000001,NZL,AUT,5530
428432,167,15,948,1996.0,0.0,2883.0,-0.227075,-0.9778399999999999,OMN,AUT,5530
428433,168,15,948,1996.0,0.0,2575.0,-0.759362,-0.541712,PAK,AUT,5530
428434,174,15,948,1996.0,10486.0,15860.0,0.0020329999999999997,0.40715,PHL,AUT,5530
428435,177,15,948,1996.0,104333.0,1214386.0,0.806283,1.92897,POL,AUT,5530
428436,178,15,948,1996.0,0.0,1220.0,0.778948,1.1338979999999999,PRK,AUT,5530
428437,179,15,948,1996.0,98945.0,46913.0,0.49924799999999997,0.9969520000000001,PRT,AUT,5530
428438,183,15,948,1996.0,0.0,2182.0,-0.511976,-1.148631,QAT,AUT,5530
428439,185,15,948,1996.0,1649.0,501508.0,0.612166,1.201016,ROU,AUT,5530
428440,186,15,948,1996.0,0.0,2333845.0,0.505247,0.349848,RUS,AUT,5530
428441,188,15,948,1996.0,3419.0,9481.0,-0.200762,-1.0419610000000001,SAU,AUT,5530
428442,189,15,948,1996.0,0.0,279150.0,0.699084,2.2900150000000004,SCG,AUT,5530
428443,192,15,948,1996.0,17864.0,244602.0,1.288635,0.259061,SGP,AUT,5530
428444,206,15,948,1996.0,432166.0,1228451.0,1.1978739999999999,1.426243,SVK,AUT,5530
428445,207,15,948,1996.0,4228254.0,2474042.0,1.352015,1.396593,SVN,AUT,5530
428446,208,15,948,1996.0,818250.0,1030563.0,2.186414,0.848194,SWE,AUT,5530
428447,212,15,948,1996.0,0.0,9256.0,-1.096481,-1.0157260000000001,SYR,AUT,5530
428448,216,15,948,1996.0,243926.0,11246.0,0.26155100000000003,1.146204,THA,AUT,5530
428449,224,15,948,1996.0,400706.0,44379.0,0.07259700000000001,1.734291,TUR,AUT,5530
428450,228,15,948,1996.0,0.0,129010.0,0.7582479999999999,1.1207340000000001,UKR,AUT,5530
428451,231,15,948,1996.0,1831216.0,410790.0,1.742391,1.003066,USA,AUT,5530
428452,236,15,948,1996.0,24357.0,0.0,-0.039967,-0.828263,VEN,AUT,5530
428453,246,15,948,1996.0,4922.0,125479.0,0.277171,1.489549,ZAF,AUT,5530
428454,249,15,948,1996.0,87711.0,121323.0,1.7375779999999998,1.4625860000000002,TWN,AUT,5530
428455,250,15,948,1996.0,3956.0,4929.0,1.153784,0.831677,ANS,AUT,5530
428456,0,18,948,1996.0,0.0,7884.0,-0.493634,-0.719576,ABW,BEL,5530
428457,1,18,948,1996.0,0.0,59146.0,-0.760436,-0.864967,AFG,BEL,5530
428458,2,18,948,1996.0,0.0,11285.0,-2.314454,-1.236453,AGO,BEL,5530
428459,5,18,948,1996.0,0.0,7612.0,0.9948959999999999,0.58532,AND,BEL,5530
428460,7,18,948,1996.0,4301918.0,772918.0,-0.43356400000000006,-0.8715719999999999,ARE,BEL,5530
428461,8,18,948,1996.0,10354.0,63227.0,0.007199,0.805707,ARG,BEL,5530
428462,9,18,948,1996.0,0.0,6719.0,1.0178040000000002,0.156363,ARM,BEL,5530
428463,14,18,948,1996.0,198897.0,2521671.0,0.025253,0.6428189999999999,AUS,BEL,5530
428464,15,18,948,1996.0,883878.0,10419389.0,2.012626,0.395525,AUT,BEL,5530
428465,16,18,948,1996.0,0.0,1995.0,0.11756099999999998,-0.29673099999999997,AZE,BEL,5530
428466,17,18,948,1996.0,0.0,5849.0,-1.037716,-0.9776,BDI,BEL,5530
428467,19,18,948,1996.0,0.0,73841.0,-1.023515,-0.9004909999999999,BEN,BEL,5530
428468,21,18,948,1996.0,0.0,4429.0,-0.6722739999999999,-0.9167639999999999,BFA,BEL,5530
428469,22,18,948,1996.0,0.0,18053.0,-0.751219,-0.9638329999999999,BGD,BEL,5530
428470,23,18,948,1996.0,20267.0,316652.0,0.510789,1.749248,BGR,BEL,5530
428471,24,18,948,1996.0,0.0,65456.0,-0.359199,-0.9925,BHR,BEL,5530
428472,26,18,948,1996.0,0.0,27106.0,0.5718949999999999,0.991791,BIH,BEL,5530
428473,28,18,948,1996.0,0.0,108068.0,0.785274,1.0126899999999999,BLR,BEL,5530
428474,30,18,948,1996.0,0.0,17740.0,0.658562,-0.5025430000000001,BMU,BEL,5530
428475,38,18,948,1996.0,0.0,5048.0,-1.094527,-0.901338,CAF,BEL,5530
428476,39,18,948,1996.0,2426350.0,2596043.0,0.970932,1.111111,CAN,BEL,5530
428477,41,18,948,1996.0,18095252.0,25607398.0,2.344337,0.709607,CHE,BEL,5530
428478,42,18,948,1996.0,0.0,19480.0,-0.161334,-0.301695,CHL,BEL,5530
428479,43,18,948,1996.0,181423.0,159166.0,0.383975,2.197461,CHN,BEL,5530
428480,44,18,948,1996.0,0.0,565787.0,-0.890915,-0.8165399999999999,CIV,BEL,5530
428481,45,18,948,1996.0,0.0,44605.0,-1.172534,-1.099308,CMR,BEL,5530
428482,46,18,948,1996.0,17907.0,495501.0,-1.288889,-1.129638,COD,BEL,5530
428483,47,18,948,1996.0,0.0,58322.0,-1.2520950000000002,-1.1901899999999999,COG,BEL,5530
428484,49,18,948,1996.0,0.0,11780.0,0.070101,0.08847999999999999,COL,BEL,5530
428485,50,18,948,1996.0,0.0,22542.0,0.003669,-0.6884,COM,BEL,5530
428486,51,18,948,1996.0,0.0,34177.0,0.069833,-0.560042,CPV,BEL,5530
428487,52,18,948,1996.0,1854.0,35433.0,-0.23773000000000002,0.101373,CRI,BEL,5530
428488,54,18,948,1996.0,0.0,2169.0,-0.7669229999999999,-1.140361,CUB,BEL,5530
428489,58,18,948,1996.0,31086.0,1201837.0,0.11774200000000001,0.044968,CYP,BEL,5530
428490,59,18,948,1996.0,31920.0,2187418.0,1.412088,1.171914,CZE,BEL,5530
428491,61,18,948,1996.0,65619672.0,46864244.0,2.347101,-2.4792799999999997,DEU,BEL,5530
428492,62,18,948,1996.0,0.0,46089.0,-0.152976,-0.573654,DJI,BEL,5530
428493,64,18,948,1996.0,1279621.0,13147733.0,1.416927,1.401766,DNK,BEL,5530
428494,65,18,948,1996.0,0.0,5680.0,-0.370096,-0.371728,DOM,BEL,5530
428495,66,18,948,1996.0,0.0,353225.0,-0.478062,-1.107679,DZA,BEL,5530
428496,67,18,948,1996.0,0.0,19212.0,-1.128953,-0.960469,ECU,BEL,5530
428497,68,18,948,1996.0,0.0,21079.0,-0.405938,-0.209619,EGY,BEL,5530
428498,71,18,948,1996.0,9804113.0,11416103.0,1.157591,1.795643,ESP,BEL,5530
428499,72,18,948,1996.0,0.0,87041.0,0.445854,1.115429,EST,BEL,5530
428500,73,18,948,1996.0,0.0,34814.0,-1.072519,-1.169486,ETH,BEL,5530
428501,74,18,948,1996.0,49947.0,9872845.0,2.007619,1.016303,FIN,BEL,5530
428502,77,18,948,1996.0,239564768.0,164104096.0,1.571365,1.187529,FRA,BEL,5530
428503,78,18,948,1996.0,0.0,17047.0,-0.644187,-0.795554,FRO,BEL,5530
428504,80,18,948,1996.0,0.0,107279.0,-2.043879,-1.244397,GAB,BEL,5530
428505,81,18,948,1996.0,81855040.0,29716034.0,1.948148,0.882453,GBR,BEL,5530
428506,82,18,948,1996.0,0.0,23680.0,0.28868499999999997,0.115705,GEO,BEL,5530
428507,83,18,948,1996.0,0.0,7047.0,-1.037413,-1.019025,GHA,BEL,5530
428508,84,18,948,1996.0,0.0,36488.0,0.792741,-0.333993,GIB,BEL,5530
428509,85,18,948,1996.0,0.0,58409.0,-1.2720120000000001,-1.150363,GIN,BEL,5530
428510,87,18,948,1996.0,0.0,1929.0,-0.8948459999999999,-0.837851,GMB,BEL,5530
428511,90,18,948,1996.0,869502.0,16255516.0,0.21841799999999997,1.081136,GRC,BEL,5530
428512,92,18,948,1996.0,0.0,10631.0,-0.8046939999999999,-0.8102520000000001,GRL,BEL,5530
428513,93,18,948,1996.0,0.0,1368.0,-0.28699,0.308033,GTM,BEL,5530
428514,97,18,948,1996.0,245127.0,6145158.0,0.699041,1.8341720000000001,HKG,BEL,5530
428515,99,18,948,1996.0,0.0,1870.0,-0.57404,-0.594276,HND,BEL,5530
428516,100,18,948,1996.0,0.0,294385.0,0.739223,1.3032030000000001,HRV,BEL,5530
428517,102,18,948,1996.0,0.0,2203425.0,0.905526,1.887735,HUN,BEL,5530
428518,103,18,948,1996.0,102490.0,110638.0,-0.25952,1.343972,IDN,BEL,5530
428519,104,18,948,1996.0,123289.0,78551.0,0.145769,1.983642,IND,BEL,5530
428520,106,18,948,1996.0,4372282.0,388539.0,1.476369,1.049152,IRL,BEL,5530
428521,107,18,948,1996.0,0.0,224193.0,-1.0058129999999998,-1.215661,IRN,BEL,5530
428522,109,18,948,1996.0,5948.0,520542.0,0.10151,-0.44307799999999997,ISL,BEL,5530
428523,110,18,948,1996.0,635889.0,1129063.0,1.159922,1.025777,ISR,BEL,5530
428524,111,18,948,1996.0,19633026.0,17709908.0,1.591442,0.875201,ITA,BEL,5530
428525,113,18,948,1996.0,1908.0,164643.0,0.225125,-0.333293,JOR,BEL,5530
428526,114,18,948,1996.0,4446866.0,21216534.0,2.858869,0.477455,JPN,BEL,5530
428527,115,18,948,1996.0,0.0,23007.0,0.455772,0.16361099999999998,KAZ,BEL,5530
428528,116,18,948,1996.0,0.0,3559.0,-0.470653,-0.119252,KEN,BEL,5530
428529,117,18,948,1996.0,0.0,3049.0,0.19384,0.7500060000000001,KGZ,BEL,5530
428530,121,18,948,1996.0,18109.0,5181462.0,1.230793,1.0548959999999998,KOR,BEL,5530
428531,122,18,948,1996.0,0.0,319456.0,-0.412797,-1.1335899999999999,KWT,BEL,5530
428532,124,18,948,1996.0,0.0,1264133.0,-0.09233999999999999,0.127816,LBN,BEL,5530
428533,126,18,948,1996.0,76664.0,532703.0,-0.482066,-1.163722,LBY,BEL,5530
428534,128,18,948,1996.0,130992.0,0.0,-0.71165,-0.320193,LKA,BEL,5530
428535,130,18,948,1996.0,0.0,1034631.0,0.360994,1.092575,LTU,BEL,5530
428536,132,18,948,1996.0,0.0,2007904.0,0.255258,0.42505299999999996,LVA,BEL,5530
428537,133,18,948,1996.0,0.0,16059.0,-0.089625,-0.42184499999999997,MAC,BEL,5530
428538,134,18,948,1996.0,60082.0,591816.0,-0.56512,-0.31006999999999996,MAR,BEL,5530
428539,135,18,948,1996.0,0.0,122804.0,0.193705,0.10853,MDA,BEL,5530
428540,136,18,948,1996.0,0.0,60087.0,-0.971575,-0.656497,MDG,BEL,5530
428541,138,18,948,1996.0,0.0,50103.0,0.88569,1.044068,MEX,BEL,5530
428542,140,18,948,1996.0,0.0,41151.0,0.36478,0.760475,MKD,BEL,5530
428543,141,18,948,1996.0,0.0,14828.0,-0.8623040000000001,-0.991231,MLI,BEL,5530
428544,142,18,948,1996.0,0.0,351497.0,1.245592,0.446754,MLT,BEL,5530
428545,148,18,948,1996.0,0.0,125529.0,-1.182626,-1.228759,MRT,BEL,5530
428546,151,18,948,1996.0,0.0,156084.0,-0.578699,-0.831889,MUS,BEL,5530
428547,153,18,948,1996.0,34509.0,194357.0,0.5493640000000001,0.248484,MYS,BEL,5530
428548,156,18,948,1996.0,0.0,290388.0,-0.994661,-0.827312,NCL,BEL,5530
428549,157,18,948,1996.0,0.0,17774.0,-0.539406,-0.693657,NER,BEL,5530
428550,159,18,948,1996.0,0.0,63159.0,-1.9253069999999999,-1.247116,NGA,BEL,5530
428551,162,18,948,1996.0,71184248.0,149363888.0,1.331177,1.6320430000000001,NLD,BEL,5530
428552,163,18,948,1996.0,74133.0,6139406.0,0.8207270000000001,0.043619,NOR,BEL,5530
428553,164,18,948,1996.0,0.0,50727.0,-0.570144,-0.63484,NPL,BEL,5530
428554,166,18,948,1996.0,1427.0,915421.0,0.404233,0.6724640000000001,NZL,BEL,5530
428555,167,18,948,1996.0,0.0,33966.0,-0.227075,-0.9778399999999999,OMN,BEL,5530
428556,168,18,948,1996.0,4046.0,125583.0,-0.759362,-0.541712,PAK,BEL,5530
428557,169,18,948,1996.0,0.0,14192.0,-0.03243,-0.326329,PAN,BEL,5530
428558,173,18,948,1996.0,0.0,2207.0,-0.374308,-0.36733499999999997,PER,BEL,5530
428559,174,18,948,1996.0,0.0,20610.0,0.0020329999999999997,0.40715,PHL,BEL,5530
428560,177,18,948,1996.0,54182.0,7454313.0,0.806283,1.92897,POL,BEL,5530
428561,179,18,948,1996.0,7610074.0,6193084.0,0.49924799999999997,0.9969520000000001,PRT,BEL,5530
428562,180,18,948,1996.0,0.0,237616.0,-0.667054,-0.648122,PRY,BEL,5530
428563,182,18,948,1996.0,0.0,228615.0,0.9221219999999999,-0.317411,PYF,BEL,5530
428564,183,18,948,1996.0,24061.0,48166.0,-0.511976,-1.148631,QAT,BEL,5530
428565,185,18,948,1996.0,3011.0,388170.0,0.612166,1.201016,ROU,BEL,5530
428566,186,18,948,1996.0,0.0,3484725.0,0.505247,0.349848,RUS,BEL,5530
428567,187,18,948,1996.0,0.0,284927.0,0.048038,-0.5664020000000001,RWA,BEL,5530
428568,188,18,948,1996.0,10627.0,381708.0,-0.200762,-1.0419610000000001,SAU,BEL,5530
428569,189,18,948,1996.0,0.0,48455.0,0.699084,2.2900150000000004,SCG,BEL,5530
428570,191,18,948,1996.0,13138.0,146734.0,-0.715409,-0.8895850000000001,SEN,BEL,5530
428571,192,18,948,1996.0,10560.0,3298868.0,1.288635,0.259061,SGP,BEL,5530
428572,196,18,948,1996.0,0.0,51218.0,-0.0266,-0.390162,SLE,BEL,5530
428573,197,18,948,1996.0,0.0,21001.0,-0.228625,-0.150274,SLV,BEL,5530
428574,200,18,948,1996.0,0.0,2247.0,0.14088900000000001,-0.503969,SPM,BEL,5530
428575,203,18,948,1996.0,0.0,2082.0,0.777042,-0.19045,STP,BEL,5530
428576,205,18,948,1996.0,0.0,23588.0,-1.062804,-0.893763,SUR,BEL,5530
428577,206,18,948,1996.0,0.0,525115.0,1.1978739999999999,1.426243,SVK,BEL,5530
428578,207,18,948,1996.0,0.0,204667.0,1.352015,1.396593,SVN,BEL,5530
428579,208,18,948,1996.0,333080.0,13139105.0,2.186414,0.848194,SWE,BEL,5530
428580,211,18,948,1996.0,0.0,18234.0,-0.03785,-0.572653,SYC,BEL,5530
428581,215,18,948,1996.0,0.0,14967.0,-0.879626,-0.748842,TGO,BEL,5530
428582,216,18,948,1996.0,163563.0,856130.0,0.26155100000000003,1.146204,THA,BEL,5530
428583,222,18,948,1996.0,0.0,44977.0,-0.002541,-0.543624,TTO,BEL,5530
428584,223,18,948,1996.0,58752.0,43124.0,-0.250917,-0.057383,TUN,BEL,5530
428585,224,18,948,1996.0,140324.0,2820032.0,0.07259700000000001,1.734291,TUR,BEL,5530
428586,226,18,948,1996.0,0.0,2057.0,-1.186121,-0.6688390000000001,TZA,BEL,5530
428587,227,18,948,1996.0,0.0,2424.0,-1.105896,-0.910169,UGA,BEL,5530
428588,228,18,948,1996.0,0.0,796095.0,0.7582479999999999,1.1207340000000001,UKR,BEL,5530
428589,230,18,948,1996.0,0.0,19350.0,0.182427,0.689738,URY,BEL,5530
428590,231,18,948,1996.0,29490450.0,43303504.0,1.742391,1.003066,USA,BEL,5530
428591,232,18,948,1996.0,0.0,84811.0,-0.139651,-0.670652,UZB,BEL,5530
428592,236,18,948,1996.0,0.0,33847.0,-0.039967,-0.828263,VEN,BEL,5530
428593,239,18,948,1996.0,0.0,145317.0,-0.8099569999999999,-0.032258999999999996,VNM,BEL,5530
428594,243,18,948,1996.0,0.0,72711.0,-1.395,-1.26641,YEM,BEL,5530
428595,246,18,948,1996.0,112178.0,1149758.0,0.277171,1.489549,ZAF,BEL,5530
428596,247,18,948,1996.0,0.0,1713.0,-0.58634,-0.796772,ZMB,BEL,5530
428597,248,18,948,1996.0,0.0,6600.0,-0.46458999999999995,-0.273683,ZWE,BEL,5530
428598,249,18,948,1996.0,969583.0,7918879.0,1.7375779999999998,1.4625860000000002,TWN,BEL,5530
428599,250,18,948,1996.0,1081.0,178480.0,1.153784,0.831677,ANS,BEL,5530
428600,2,32,948,1996.0,0.0,5571.0,-2.314454,-1.236453,AGO,BRA,5530
428601,8,32,948,1996.0,12485459.0,15465579.0,0.007199,0.805707,ARG,BRA,5530
428602,14,32,948,1996.0,11637.0,0.0,0.025253,0.6428189999999999,AUS,BRA,5530
428603,31,32,948,1996.0,0.0,8770631.0,-0.5529930000000001,-0.600893,BOL,BRA,5530
428604,39,32,948,1996.0,375494.0,25040.0,0.970932,1.111111,CAN,BRA,5530
428605,41,32,948,1996.0,509217.0,9696.0,2.344337,0.709607,CHE,BRA,5530
428606,42,32,948,1996.0,1622525.0,1993503.0,-0.161334,-0.301695,CHL,BRA,5530
428607,43,32,948,1996.0,105463.0,14148.0,0.383975,2.197461,CHN,BRA,5530
428608,49,32,948,1996.0,91428.0,151215.0,0.070101,0.08847999999999999,COL,BRA,5530
428609,61,32,948,1996.0,7944554.0,51939.0,2.347101,-2.4792799999999997,DEU,BRA,5530
428610,64,32,948,1996.0,1768.0,0.0,1.416927,1.401766,DNK,BRA,5530
428611,65,32,948,1996.0,0.0,52768.0,-0.370096,-0.371728,DOM,BRA,5530
428612,67,32,948,1996.0,0.0,16278.0,-1.128953,-0.960469,ECU,BRA,5530
428613,71,32,948,1996.0,2344794.0,13461.0,1.157591,1.795643,ESP,BRA,5530
428614,74,32,948,1996.0,0.0,24692.0,2.007619,1.016303,FIN,BRA,5530
428615,77,32,948,1996.0,36974308.0,21501.0,1.571365,1.187529,FRA,BRA,5530
428616,81,32,948,1996.0,2220397.0,55505.0,1.948148,0.882453,GBR,BRA,5530
428617,88,32,948,1996.0,0.0,2207.0,-2.151325,-0.959936,GNB,BRA,5530
428618,93,32,948,1996.0,723955.0,1037.0,-0.28699,0.308033,GTM,BRA,5530
428619,97,32,948,1996.0,72996.0,18353.0,0.699041,1.8341720000000001,HKG,BRA,5530
428620,102,32,948,1996.0,0.0,87500.0,0.905526,1.887735,HUN,BRA,5530
428621,103,32,948,1996.0,28633.0,0.0,-0.25952,1.343972,IDN,BRA,5530
428622,104,32,948,1996.0,549624.0,0.0,0.145769,1.983642,IND,BRA,5530
428623,106,32,948,1996.0,1333908.0,0.0,1.476369,1.049152,IRL,BRA,5530
428624,110,32,948,1996.0,117673.0,0.0,1.159922,1.025777,ISR,BRA,5530
428625,111,32,948,1996.0,3800636.0,49982.0,1.591442,0.875201,ITA,BRA,5530
428626,113,32,948,1996.0,0.0,42334.0,0.225125,-0.333293,JOR,BRA,5530
428627,114,32,948,1996.0,3503489.0,350049.0,2.858869,0.477455,JPN,BRA,5530
428628,121,32,948,1996.0,940964.0,0.0,1.230793,1.0548959999999998,KOR,BRA,5530
428629,138,32,948,1996.0,598452.0,1138860.0,0.88569,1.044068,MEX,BRA,5530
428630,147,32,948,1996.0,0.0,1009.0,-1.0840459999999998,-1.016672,MOZ,BRA,5530
428631,153,32,948,1996.0,2648.0,24675.0,0.5493640000000001,0.248484,MYS,BRA,5530
428632,159,32,948,1996.0,4370.0,0.0,-1.9253069999999999,-1.247116,NGA,BRA,5530
428633,162,32,948,1996.0,1709158.0,4412.0,1.331177,1.6320430000000001,NLD,BRA,5530
428634,169,32,948,1996.0,308185.0,34058.0,-0.03243,-0.326329,PAN,BRA,5530
428635,173,32,948,1996.0,0.0,3444549.0,-0.374308,-0.36733499999999997,PER,BRA,5530
428636,179,32,948,1996.0,101575.0,1777076.0,0.49924799999999997,0.9969520000000001,PRT,BRA,5530
428637,180,32,948,1996.0,0.0,10756693.0,-0.667054,-0.648122,PRY,BRA,5530
428638,186,32,948,1996.0,0.0,1109686.0,0.505247,0.349848,RUS,BRA,5530
428639,188,32,948,1996.0,0.0,48733.0,-0.200762,-1.0419610000000001,SAU,BRA,5530
428640,191,32,948,1996.0,0.0,1477.0,-0.715409,-0.8895850000000001,SEN,BRA,5530
428641,192,32,948,1996.0,11313.0,0.0,1.288635,0.259061,SGP,BRA,5530
428642,197,32,948,1996.0,0.0,1057.0,-0.228625,-0.150274,SLV,BRA,5530
428643,205,32,948,1996.0,0.0,364047.0,-1.062804,-0.893763,SUR,BRA,5530
428644,208,32,948,1996.0,10944.0,0.0,2.186414,0.848194,SWE,BRA,5530
428645,216,32,948,1996.0,8920.0,0.0,0.26155100000000003,1.146204,THA,BRA,5530
428646,230,32,948,1996.0,5721.0,3904538.0,0.182427,0.689738,URY,BRA,5530
428647,231,32,948,1996.0,52439728.0,562019.0,1.742391,1.003066,USA,BRA,5530
428648,236,32,948,1996.0,2776.0,396421.0,-0.039967,-0.828263,VEN,BRA,5530
428649,246,32,948,1996.0,1905.0,20735.0,0.277171,1.489549,ZAF,BRA,5530
428650,249,32,948,1996.0,16352.0,0.0,1.7375779999999998,1.4625860000000002,TWN,BRA,5530
428651,250,32,948,1996.0,140611.0,1850.0,1.153784,0.831677,ANS,BRA,5530
428652,1,43,948,1996.0,0.0,254974.0,-0.760436,-0.864967,AFG,CHN,5530
428653,2,43,948,1996.0,0.0,218740.0,-2.314454,-1.236453,AGO,CHN,5530
428654,4,43,948,1996.0,0.0,10594.0,-0.42357399999999995,0.090179,ALB,CHN,5530
428655,7,43,948,1996.0,0.0,2725260.0,-0.43356400000000006,-0.8715719999999999,ARE,CHN,5530
428656,8,43,948,1996.0,0.0,248567.0,0.007199,0.805707,ARG,CHN,5530
428657,14,43,948,1996.0,328310.0,2615431.0,0.025253,0.6428189999999999,AUS,CHN,5530
428658,15,43,948,1996.0,29244.0,444231.0,2.012626,0.395525,AUT,CHN,5530
428659,18,43,948,1996.0,159166.0,181423.0,1.5604850000000001,1.30819,BEL,CHN,5530
428660,19,43,948,1996.0,0.0,498652.0,-1.023515,-0.9004909999999999,BEN,CHN,5530
428661,21,43,948,1996.0,0.0,4823.0,-0.6722739999999999,-0.9167639999999999,BFA,CHN,5530
428662,22,43,948,1996.0,0.0,137478.0,-0.751219,-0.9638329999999999,BGD,CHN,5530
428663,23,43,948,1996.0,0.0,33428.0,0.510789,1.749248,BGR,CHN,5530
428664,24,43,948,1996.0,0.0,15395.0,-0.359199,-0.9925,BHR,CHN,5530
428665,31,43,948,1996.0,0.0,13723.0,-0.5529930000000001,-0.600893,BOL,CHN,5530
428666,32,43,948,1996.0,14148.0,105463.0,0.8087340000000001,1.370183,BRA,CHN,5530
428667,34,43,948,1996.0,0.0,14755.0,-0.661198,-0.801408,BRN,CHN,5530
428668,39,43,948,1996.0,182360.0,1263897.0,0.970932,1.111111,CAN,CHN,5530
428669,41,43,948,1996.0,238972.0,204509.0,2.344337,0.709607,CHE,CHN,5530
428670,42,43,948,1996.0,0.0,145044.0,-0.161334,-0.301695,CHL,CHN,5530
428671,44,43,948,1996.0,0.0,120539.0,-0.890915,-0.8165399999999999,CIV,CHN,5530
428672,46,43,948,1996.0,0.0,217406.0,-1.288889,-1.129638,COD,CHN,5530
428673,47,43,948,1996.0,0.0,88165.0,-1.2520950000000002,-1.1901899999999999,COG,CHN,5530
428674,58,43,948,1996.0,0.0,40445.0,0.11774200000000001,0.044968,CYP,CHN,5530
428675,59,43,948,1996.0,3267.0,35576.0,1.412088,1.171914,CZE,CHN,5530
428676,61,43,948,1996.0,510133.0,2314390.0,2.347101,-2.4792799999999997,DEU,CHN,5530
428677,63,43,948,1996.0,0.0,6123.0,0.521576,-0.075879,DMA,CHN,5530
428678,64,43,948,1996.0,0.0,173747.0,1.416927,1.401766,DNK,CHN,5530
428679,66,43,948,1996.0,0.0,100500.0,-0.478062,-1.107679,DZA,CHN,5530
428680,68,43,948,1996.0,0.0,31705.0,-0.405938,-0.209619,EGY,CHN,5530
428681,71,43,948,1996.0,141072.0,197523.0,1.157591,1.795643,ESP,CHN,5530
428682,74,43,948,1996.0,0.0,206685.0,2.007619,1.016303,FIN,CHN,5530
428683,75,43,948,1996.0,0.0,193048.0,-0.801999,-0.9148850000000001,FJI,CHN,5530
428684,77,43,948,1996.0,4981078.0,1426423.0,1.571365,1.187529,FRA,CHN,5530
428685,78,43,948,1996.0,0.0,1676.0,-0.644187,-0.795554,FRO,CHN,5530
428686,80,43,948,1996.0,0.0,1405.0,-2.043879,-1.244397,GAB,CHN,5530
428687,81,43,948,1996.0,574832.0,1325709.0,1.948148,0.882453,GBR,CHN,5530
428688,83,43,948,1996.0,0.0,1113471.0,-1.037413,-1.019025,GHA,CHN,5530
428689,85,43,948,1996.0,0.0,48732.0,-1.2720120000000001,-1.150363,GIN,CHN,5530
428690,90,43,948,1996.0,0.0,407579.0,0.21841799999999997,1.081136,GRC,CHN,5530
428691,93,43,948,1996.0,0.0,24450.0,-0.28699,0.308033,GTM,CHN,5530
428692,96,43,948,1996.0,0.0,5863.0,-0.618346,-0.7723760000000001,GUY,CHN,5530
428693,97,43,948,1996.0,10428720.0,69440736.0,0.699041,1.8341720000000001,HKG,CHN,5530
428694,100,43,948,1996.0,0.0,12061.0,0.739223,1.3032030000000001,HRV,CHN,5530
428695,102,43,948,1996.0,0.0,32447.0,0.905526,1.887735,HUN,CHN,5530
428696,103,43,948,1996.0,88546.0,686695.0,-0.25952,1.343972,IDN,CHN,5530
428697,104,43,948,1996.0,34084.0,2075.0,0.145769,1.983642,IND,CHN,5530
428698,106,43,948,1996.0,1499.0,441154.0,1.476369,1.049152,IRL,CHN,5530
428699,107,43,948,1996.0,0.0,66795.0,-1.0058129999999998,-1.215661,IRN,CHN,5530
428700,109,43,948,1996.0,0.0,7815.0,0.10151,-0.44307799999999997,ISL,CHN,5530
428701,110,43,948,1996.0,7944.0,39194.0,1.159922,1.025777,ISR,CHN,5530
428702,111,43,948,1996.0,68835.0,1209453.0,1.591442,0.875201,ITA,CHN,5530
428703,113,43,948,1996.0,0.0,111353.0,0.225125,-0.333293,JOR,CHN,5530
428704,114,43,948,1996.0,3147896.0,16709509.0,2.858869,0.477455,JPN,CHN,5530
428705,116,43,948,1996.0,0.0,58521.0,-0.470653,-0.119252,KEN,CHN,5530
428706,118,43,948,1996.0,0.0,263611.0,-0.9007299999999999,-0.9713620000000001,KHM,CHN,5530
428707,121,43,948,1996.0,8082089.0,483288.0,1.230793,1.0548959999999998,KOR,CHN,5530
428708,122,43,948,1996.0,0.0,17063.0,-0.412797,-1.1335899999999999,KWT,CHN,5530
428709,123,43,948,1996.0,0.0,30052.0,-0.602525,-0.683279,LAO,CHN,5530
428710,124,43,948,1996.0,0.0,486527.0,-0.09233999999999999,0.127816,LBN,CHN,5530
428711,125,43,948,1996.0,0.0,69029.0,-1.2208629999999998,-1.1693440000000002,LBR,CHN,5530
428712,126,43,948,1996.0,0.0,7386.0,-0.482066,-1.163722,LBY,CHN,5530
428713,127,43,948,1996.0,0.0,1144.0,-0.027347000000000003,-0.556575,LCA,CHN,5530
428714,132,43,948,1996.0,0.0,8079.0,0.255258,0.42505299999999996,LVA,CHN,5530
428715,133,43,948,1996.0,387891.0,3242120.0,-0.089625,-0.42184499999999997,MAC,CHN,5530
428716,134,43,948,1996.0,0.0,10538.0,-0.56512,-0.31006999999999996,MAR,CHN,5530
428717,136,43,948,1996.0,0.0,72319.0,-0.971575,-0.656497,MDG,CHN,5530
428718,138,43,948,1996.0,8335.0,780562.0,0.88569,1.044068,MEX,CHN,5530
428719,140,43,948,1996.0,0.0,1634.0,0.36478,0.760475,MKD,CHN,5530
428720,141,43,948,1996.0,0.0,9730.0,-0.8623040000000001,-0.991231,MLI,CHN,5530
428721,142,43,948,1996.0,0.0,4046.0,1.245592,0.446754,MLT,CHN,5530
428722,143,43,948,1996.0,15609.0,2882554.0,-1.3258219999999998,-1.068414,MMR,CHN,5530
428723,145,43,948,1996.0,0.0,35319.0,-0.279007,-0.948549,MNG,CHN,5530
428724,148,43,948,1996.0,0.0,20095.0,-1.182626,-1.228759,MRT,CHN,5530
428725,151,43,948,1996.0,0.0,64557.0,-0.578699,-0.831889,MUS,CHN,5530
428726,153,43,948,1996.0,138502.0,4680694.0,0.5493640000000001,0.248484,MYS,CHN,5530
428727,159,43,948,1996.0,0.0,949760.0,-1.9253069999999999,-1.247116,NGA,CHN,5530
428728,160,43,948,1996.0,0.0,10383.0,-0.810879,-0.64475,NIC,CHN,5530
428729,162,43,948,1996.0,57915.0,1118266.0,1.331177,1.6320430000000001,NLD,CHN,5530
428730,163,43,948,1996.0,0.0,311248.0,0.8207270000000001,0.043619,NOR,CHN,5530
428731,164,43,948,1996.0,51261.0,6580.0,-0.570144,-0.63484,NPL,CHN,5530
428732,166,43,948,1996.0,28194.0,433969.0,0.404233,0.6724640000000001,NZL,CHN,5530
428733,167,43,948,1996.0,0.0,98731.0,-0.227075,-0.9778399999999999,OMN,CHN,5530
428734,168,43,948,1996.0,0.0,655996.0,-0.759362,-0.541712,PAK,CHN,5530
428735,169,43,948,1996.0,0.0,80910.0,-0.03243,-0.326329,PAN,CHN,5530
428736,173,43,948,1996.0,0.0,28281.0,-0.374308,-0.36733499999999997,PER,CHN,5530
428737,174,43,948,1996.0,145346.0,1097598.0,0.0020329999999999997,0.40715,PHL,CHN,5530
428738,177,43,948,1996.0,0.0,511959.0,0.806283,1.92897,POL,CHN,5530
428739,178,43,948,1996.0,3762.0,159790.0,0.778948,1.1338979999999999,PRK,CHN,5530
428740,179,43,948,1996.0,0.0,13695.0,0.49924799999999997,0.9969520000000001,PRT,CHN,5530
428741,180,43,948,1996.0,0.0,401275.0,-0.667054,-0.648122,PRY,CHN,5530
428742,185,43,948,1996.0,0.0,1031544.0,0.612166,1.201016,ROU,CHN,5530
428743,186,43,948,1996.0,9696.0,2565243.0,0.505247,0.349848,RUS,CHN,5530
428744,188,43,948,1996.0,5142.0,1075618.0,-0.200762,-1.0419610000000001,SAU,CHN,5530
428745,189,43,948,1996.0,0.0,6053.0,0.699084,2.2900150000000004,SCG,CHN,5530
428746,190,43,948,1996.0,0.0,795790.0,-1.342853,-1.183092,SDN,CHN,5530
428747,191,43,948,1996.0,0.0,284559.0,-0.715409,-0.8895850000000001,SEN,CHN,5530
428748,192,43,948,1996.0,6012064.0,4290929.0,1.288635,0.259061,SGP,CHN,5530
428749,196,43,948,1996.0,0.0,198356.0,-0.0266,-0.390162,SLE,CHN,5530
428750,197,43,948,1996.0,0.0,24718.0,-0.228625,-0.150274,SLV,CHN,5530
428751,205,43,948,1996.0,0.0,143782.0,-1.062804,-0.893763,SUR,CHN,5530
428752,206,43,948,1996.0,0.0,3553.0,1.1978739999999999,1.426243,SVK,CHN,5530
428753,207,43,948,1996.0,0.0,11516.0,1.352015,1.396593,SVN,CHN,5530
428754,208,43,948,1996.0,0.0,49306.0,2.186414,0.848194,SWE,CHN,5530
428755,211,43,948,1996.0,0.0,4675.0,-0.03785,-0.572653,SYC,CHN,5530
428756,215,43,948,1996.0,0.0,87044.0,-0.879626,-0.748842,TGO,CHN,5530
428757,216,43,948,1996.0,354894.0,611939.0,0.26155100000000003,1.146204,THA,CHN,5530
428758,221,43,948,1996.0,0.0,32412.0,-0.607237,-0.864383,TON,CHN,5530
428759,222,43,948,1996.0,0.0,36042.0,-0.002541,-0.543624,TTO,CHN,5530
428760,223,43,948,1996.0,0.0,1714.0,-0.250917,-0.057383,TUN,CHN,5530
428761,224,43,948,1996.0,0.0,135195.0,0.07259700000000001,1.734291,TUR,CHN,5530
428762,226,43,948,1996.0,0.0,47098.0,-1.186121,-0.6688390000000001,TZA,CHN,5530
428763,227,43,948,1996.0,0.0,43345.0,-1.105896,-0.910169,UGA,CHN,5530
428764,228,43,948,1996.0,0.0,64775.0,0.7582479999999999,1.1207340000000001,UKR,CHN,5530
428765,230,43,948,1996.0,0.0,9492.0,0.182427,0.689738,URY,CHN,5530
428766,231,43,948,1996.0,9658303.0,21823214.0,1.742391,1.003066,USA,CHN,5530
428767,236,43,948,1996.0,0.0,2036.0,-0.039967,-0.828263,VEN,CHN,5530
428768,239,43,948,1996.0,0.0,1094512.0,-0.8099569999999999,-0.032258999999999996,VNM,CHN,5530
428769,240,43,948,1996.0,0.0,12027.0,-0.78354,-0.903761,VUT,CHN,5530
428770,243,43,948,1996.0,0.0,1513582.0,-1.395,-1.26641,YEM,CHN,5530
428771,246,43,948,1996.0,19440.0,91928.0,0.277171,1.489549,ZAF,CHN,5530
428772,247,43,948,1996.0,0.0,74306.0,-0.58634,-0.796772,ZMB,CHN,5530
428773,249,43,948,1996.0,1569529.0,3683139.0,1.7375779999999998,1.4625860000000002,TWN,CHN,5530
428774,250,43,948,1996.0,119243.0,5415.0,1.153784,0.831677,ANS,CHN,5530
428775,6,49,948,1996.0,29565.0,6405.0,-0.2426,-0.701334,ANT,COL,5530
428776,8,49,948,1996.0,770002.0,71241.0,0.007199,0.805707,ARG,COL,5530
428777,14,49,948,1996.0,1853.0,0.0,0.025253,0.6428189999999999,AUS,COL,5530
428778,15,49,948,1996.0,3934.0,0.0,2.012626,0.395525,AUT,COL,5530
428779,18,49,948,1996.0,11780.0,0.0,1.5604850000000001,1.30819,BEL,COL,5530
428780,29,49,948,1996.0,0.0,1413.0,-0.267716,-0.651034,BLZ,COL,5530
428781,31,49,948,1996.0,0.0,1719652.0,-0.5529930000000001,-0.600893,BOL,COL,5530
428782,32,49,948,1996.0,151215.0,91428.0,0.8087340000000001,1.370183,BRA,COL,5530
428783,33,49,948,1996.0,0.0,9545.0,0.599391,0.065208,BRB,COL,5530
428784,39,49,948,1996.0,135809.0,75864.0,0.970932,1.111111,CAN,COL,5530
428785,41,49,948,1996.0,106178.0,0.0,2.344337,0.709607,CHE,COL,5530
428786,42,49,948,1996.0,180620.0,150299.0,-0.161334,-0.301695,CHL,COL,5530
428787,52,49,948,1996.0,0.0,143022.0,-0.23773000000000002,0.101373,CRI,COL,5530
428788,54,49,948,1996.0,0.0,23859.0,-0.7669229999999999,-1.140361,CUB,COL,5530
428789,59,49,948,1996.0,0.0,17014.0,1.412088,1.171914,CZE,COL,5530
428790,61,49,948,1996.0,1229516.0,16039.0,2.347101,-2.4792799999999997,DEU,COL,5530
428791,63,49,948,1996.0,0.0,46735.0,0.521576,-0.075879,DMA,COL,5530
428792,65,49,948,1996.0,0.0,246409.0,-0.370096,-0.371728,DOM,COL,5530
428793,67,49,948,1996.0,22199.0,3806174.0,-1.128953,-0.960469,ECU,COL,5530
428794,71,49,948,1996.0,1042950.0,6227.0,1.157591,1.795643,ESP,COL,5530
428795,74,49,948,1996.0,0.0,18282.0,2.007619,1.016303,FIN,COL,5530
428796,77,49,948,1996.0,1427995.0,0.0,1.571365,1.187529,FRA,COL,5530
428797,81,49,948,1996.0,338966.0,0.0,1.948148,0.882453,GBR,COL,5530
428798,90,49,948,1996.0,9533.0,0.0,0.21841799999999997,1.081136,GRC,COL,5530
428799,93,49,948,1996.0,14506.0,363121.0,-0.28699,0.308033,GTM,COL,5530
428800,96,49,948,1996.0,0.0,12105.0,-0.618346,-0.7723760000000001,GUY,COL,5530
428801,97,49,948,1996.0,1136.0,0.0,0.699041,1.8341720000000001,HKG,COL,5530
428802,99,49,948,1996.0,0.0,57865.0,-0.57404,-0.594276,HND,COL,5530
428803,104,49,948,1996.0,24242.0,0.0,0.145769,1.983642,IND,COL,5530
428804,106,49,948,1996.0,312018.0,0.0,1.476369,1.049152,IRL,COL,5530
428805,110,49,948,1996.0,194377.0,0.0,1.159922,1.025777,ISR,COL,5530
428806,111,49,948,1996.0,276338.0,0.0,1.591442,0.875201,ITA,COL,5530
428807,112,49,948,1996.0,0.0,17786.0,-0.64364,-0.8296379999999999,JAM,COL,5530
428808,114,49,948,1996.0,221709.0,0.0,2.858869,0.477455,JPN,COL,5530
428809,138,49,948,1996.0,4972813.0,1861133.0,0.88569,1.044068,MEX,COL,5530
428810,160,49,948,1996.0,0.0,28271.0,-0.810879,-0.64475,NIC,COL,5530
428811,162,49,948,1996.0,23902.0,0.0,1.331177,1.6320430000000001,NLD,COL,5530
428812,169,49,948,1996.0,3643.0,1245753.0,-0.03243,-0.326329,PAN,COL,5530
428813,173,49,948,1996.0,113004.0,6503161.0,-0.374308,-0.36733499999999997,PER,COL,5530
428814,180,49,948,1996.0,0.0,43671.0,-0.667054,-0.648122,PRY,COL,5530
428815,197,49,948,1996.0,0.0,227431.0,-0.228625,-0.150274,SLV,COL,5530
428816,222,49,948,1996.0,0.0,81394.0,-0.002541,-0.543624,TTO,COL,5530
428817,230,49,948,1996.0,0.0,154583.0,0.182427,0.689738,URY,COL,5530
428818,231,49,948,1996.0,21542620.0,1017168.0,1.742391,1.003066,USA,COL,5530
428819,236,49,948,1996.0,7684248.0,10215544.0,-0.039967,-0.828263,VEN,COL,5530
428820,246,49,948,1996.0,2968.0,0.0,0.277171,1.489549,ZAF,COL,5530
428821,249,49,948,1996.0,12321.0,0.0,1.7375779999999998,1.4625860000000002,TWN,COL,5530
428822,250,49,948,1996.0,1655603.0,4946.0,1.153784,0.831677,ANS,COL,5530
428823,8,52,948,1996.0,547129.0,0.0,0.007199,0.805707,ARG,CRI,5530
428824,18,52,948,1996.0,35433.0,1854.0,1.5604850000000001,1.30819,BEL,CRI,5530
428825,31,52,948,1996.0,0.0,5677.0,-0.5529930000000001,-0.600893,BOL,CRI,5530
428826,41,52,948,1996.0,21114.0,0.0,2.344337,0.709607,CHE,CRI,5530
428827,42,52,948,1996.0,162515.0,0.0,-0.161334,-0.301695,CHL,CRI,5530
428828,49,52,948,1996.0,143022.0,0.0,0.070101,0.08847999999999999,COL,CRI,5530
428829,61,52,948,1996.0,95274.0,6272.0,2.347101,-2.4792799999999997,DEU,CRI,5530
428830,65,52,948,1996.0,0.0,36088.0,-0.370096,-0.371728,DOM,CRI,5530
428831,67,52,948,1996.0,0.0,375658.0,-1.128953,-0.960469,ECU,CRI,5530
428832,71,52,948,1996.0,31918.0,0.0,1.157591,1.795643,ESP,CRI,5530
428833,77,52,948,1996.0,228900.0,2092.0,1.571365,1.187529,FRA,CRI,5530
428834,81,52,948,1996.0,115203.0,0.0,1.948148,0.882453,GBR,CRI,5530
428835,90,52,948,1996.0,0.0,1105.0,0.21841799999999997,1.081136,GRC,CRI,5530
428836,93,52,948,1996.0,4602598.0,1010391.0,-0.28699,0.308033,GTM,CRI,5530
428837,99,52,948,1996.0,0.0,152164.0,-0.57404,-0.594276,HND,CRI,5530
428838,106,52,948,1996.0,383057.0,0.0,1.476369,1.049152,IRL,CRI,5530
428839,111,52,948,1996.0,207987.0,244152.0,1.591442,0.875201,ITA,CRI,5530
428840,114,52,948,1996.0,37621.0,578343.0,2.858869,0.477455,JPN,CRI,5530
428841,138,52,948,1996.0,2409272.0,182544.0,0.88569,1.044068,MEX,CRI,5530
428842,142,52,948,1996.0,18256.0,0.0,1.245592,0.446754,MLT,CRI,5530
428843,160,52,948,1996.0,0.0,1025317.0,-0.810879,-0.64475,NIC,CRI,5530
428844,169,52,948,1996.0,1790008.0,952874.0,-0.03243,-0.326329,PAN,CRI,5530
428845,188,52,948,1996.0,0.0,10389.0,-0.200762,-1.0419610000000001,SAU,CRI,5530
428846,197,52,948,1996.0,9043000.0,1491336.0,-0.228625,-0.150274,SLV,CRI,5530
428847,208,52,948,1996.0,1171.0,0.0,2.186414,0.848194,SWE,CRI,5530
428848,231,52,948,1996.0,4516076.0,251280.0,1.742391,1.003066,USA,CRI,5530
428849,236,52,948,1996.0,31239.0,0.0,-0.039967,-0.828263,VEN,CRI,5530
428850,249,52,948,1996.0,195321.0,0.0,1.7375779999999998,1.4625860000000002,TWN,CRI,5530
428851,250,52,948,1996.0,73559.0,0.0,1.153784,0.831677,ANS,CRI,5530
428852,0,61,948,1996.0,0.0,102913.0,-0.493634,-0.719576,ABW,DEU,5530
428853,1,61,948,1996.0,0.0,5753836.0,-0.760436,-0.864967,AFG,DEU,5530
428854,2,61,948,1996.0,0.0,7953.0,-2.314454,-1.236453,AGO,DEU,5530
428855,4,61,948,1996.0,0.0,265718.0,-0.42357399999999995,0.090179,ALB,DEU,5530
428856,5,61,948,1996.0,0.0,3797294.0,0.9948959999999999,0.58532,AND,DEU,5530
428857,6,61,948,1996.0,0.0,127415.0,-0.2426,-0.701334,ANT,DEU,5530
428858,7,61,948,1996.0,71162.0,27880524.0,-0.43356400000000006,-0.8715719999999999,ARE,DEU,5530
428859,8,61,948,1996.0,5805.0,4570962.0,0.007199,0.805707,ARG,DEU,5530
428860,9,61,948,1996.0,0.0,10123.0,1.0178040000000002,0.156363,ARM,DEU,5530
428861,14,61,948,1996.0,748288.0,10271958.0,0.025253,0.6428189999999999,AUS,DEU,5530
428862,15,61,948,1996.0,33807984.0,182355472.0,2.012626,0.395525,AUT,DEU,5530
428863,16,61,948,1996.0,0.0,820207.0,0.11756099999999998,-0.29673099999999997,AZE,DEU,5530
428864,18,61,948,1996.0,46864244.0,65619672.0,1.5604850000000001,1.30819,BEL,DEU,5530
428865,19,61,948,1996.0,0.0,32118.0,-1.023515,-0.9004909999999999,BEN,DEU,5530
428866,22,61,948,1996.0,0.0,47894.0,-0.751219,-0.9638329999999999,BGD,DEU,5530
428867,23,61,948,1996.0,146879.0,7424813.0,0.510789,1.749248,BGR,DEU,5530
428868,24,61,948,1996.0,0.0,2825244.0,-0.359199,-0.9925,BHR,DEU,5530
428869,25,61,948,1996.0,0.0,764097.0,0.301719,-0.44059899999999996,BHS,DEU,5530
428870,26,61,948,1996.0,0.0,1345480.0,0.5718949999999999,0.991791,BIH,DEU,5530
428871,28,61,948,1996.0,0.0,3362067.0,0.785274,1.0126899999999999,BLR,DEU,5530
428872,29,61,948,1996.0,0.0,2450.0,-0.267716,-0.651034,BLZ,DEU,5530
428873,30,61,948,1996.0,0.0,40803.0,0.658562,-0.5025430000000001,BMU,DEU,5530
428874,31,61,948,1996.0,0.0,553697.0,-0.5529930000000001,-0.600893,BOL,DEU,5530
428875,32,61,948,1996.0,51939.0,7944554.0,0.8087340000000001,1.370183,BRA,DEU,5530
428876,33,61,948,1996.0,0.0,33824.0,0.599391,0.065208,BRB,DEU,5530
428877,34,61,948,1996.0,0.0,12021.0,-0.661198,-0.801408,BRN,DEU,5530
428878,39,61,948,1996.0,1093424.0,13785908.0,0.970932,1.111111,CAN,DEU,5530
428879,40,61,948,1996.0,0.0,10317.0,0.272806,-0.49460200000000004,CCK,DEU,5530
428880,41,61,948,1996.0,140446832.0,108000024.0,2.344337,0.709607,CHE,DEU,5530
428881,42,61,948,1996.0,1660.0,2231050.0,-0.161334,-0.301695,CHL,DEU,5530
428882,43,61,948,1996.0,2314390.0,510133.0,0.383975,2.197461,CHN,DEU,5530
428883,44,61,948,1996.0,5175.0,103181.0,-0.890915,-0.8165399999999999,CIV,DEU,5530
428884,45,61,948,1996.0,0.0,30022.0,-1.172534,-1.099308,CMR,DEU,5530
428885,46,61,948,1996.0,0.0,3664.0,-1.288889,-1.129638,COD,DEU,5530
428886,49,61,948,1996.0,16039.0,1229516.0,0.070101,0.08847999999999999,COL,DEU,5530
428887,51,61,948,1996.0,0.0,1369.0,0.069833,-0.560042,CPV,DEU,5530
428888,52,61,948,1996.0,6272.0,95274.0,-0.23773000000000002,0.101373,CRI,DEU,5530
428889,58,61,948,1996.0,5573.0,3137495.0,0.11774200000000001,0.044968,CYP,DEU,5530
428890,59,61,948,1996.0,4947798.0,42684200.0,1.412088,1.171914,CZE,DEU,5530
428891,62,61,948,1996.0,0.0,110774.0,-0.152976,-0.573654,DJI,DEU,5530
428892,64,61,948,1996.0,6916614.0,41458572.0,1.416927,1.401766,DNK,DEU,5530
428893,65,61,948,1996.0,4404.0,278476.0,-0.370096,-0.371728,DOM,DEU,5530
428894,66,61,948,1996.0,0.0,170271.0,-0.478062,-1.107679,DZA,DEU,5530
428895,67,61,948,1996.0,1091.0,584057.0,-1.128953,-0.960469,ECU,DEU,5530
428896,68,61,948,1996.0,19337.0,2950732.0,-0.405938,-0.209619,EGY,DEU,5530
428897,69,61,948,1996.0,0.0,5918.0,-0.166048,-0.7037,ERI,DEU,5530
428898,71,61,948,1996.0,37839436.0,61700020.0,1.157591,1.795643,ESP,DEU,5530
428899,72,61,948,1996.0,11114.0,7950478.0,0.445854,1.115429,EST,DEU,5530
428900,73,61,948,1996.0,0.0,65238.0,-1.072519,-1.169486,ETH,DEU,5530
428901,74,61,948,1996.0,570469.0,16414092.0,2.007619,1.016303,FIN,DEU,5530
428902,75,61,948,1996.0,0.0,82869.0,-0.801999,-0.9148850000000001,FJI,DEU,5530
428903,77,61,948,1996.0,826104320.0,172215568.0,1.571365,1.187529,FRA,DEU,5530
428904,78,61,948,1996.0,0.0,15030.0,-0.644187,-0.795554,FRO,DEU,5530
428905,80,61,948,1996.0,0.0,32102.0,-2.043879,-1.244397,GAB,DEU,5530
428906,81,61,948,1996.0,305648640.0,157701504.0,1.948148,0.882453,GBR,DEU,5530
428907,82,61,948,1996.0,0.0,207406.0,0.28868499999999997,0.115705,GEO,DEU,5530
428908,83,61,948,1996.0,1251.0,31246.0,-1.037413,-1.019025,GHA,DEU,5530
428909,84,61,948,1996.0,0.0,281386.0,0.792741,-0.333993,GIB,DEU,5530
428910,85,61,948,1996.0,0.0,1049.0,-1.2720120000000001,-1.150363,GIN,DEU,5530
428911,90,61,948,1996.0,339047.0,32148456.0,0.21841799999999997,1.081136,GRC,DEU,5530
428912,92,61,948,1996.0,0.0,1260.0,-0.8046939999999999,-0.8102520000000001,GRL,DEU,5530
428913,93,61,948,1996.0,13083.0,115561.0,-0.28699,0.308033,GTM,DEU,5530
428914,97,61,948,1996.0,352513.0,19037090.0,0.699041,1.8341720000000001,HKG,DEU,5530
428915,99,61,948,1996.0,0.0,35361.0,-0.57404,-0.594276,HND,DEU,5530
428916,100,61,948,1996.0,215916.0,15497155.0,0.739223,1.3032030000000001,HRV,DEU,5530
428917,101,61,948,1996.0,1604.0,92269.0,-0.7161029999999999,-0.737263,HTI,DEU,5530
428918,102,61,948,1996.0,496735.0,28013774.0,0.905526,1.887735,HUN,DEU,5530
428919,103,61,948,1996.0,98957.0,2191591.0,-0.25952,1.343972,IDN,DEU,5530
428920,104,61,948,1996.0,955502.0,279701.0,0.145769,1.983642,IND,DEU,5530
428921,106,61,948,1996.0,116008952.0,3484087.0,1.476369,1.049152,IRL,DEU,5530
428922,107,61,948,1996.0,318281.0,2965810.0,-1.0058129999999998,-1.215661,IRN,DEU,5530
428923,109,61,948,1996.0,8221.0,1053952.0,0.10151,-0.44307799999999997,ISL,DEU,5530
428924,110,61,948,1996.0,10399892.0,10268302.0,1.159922,1.025777,ISR,DEU,5530
428925,111,61,948,1996.0,108825264.0,94718472.0,1.591442,0.875201,ITA,DEU,5530
428926,112,61,948,1996.0,0.0,80339.0,-0.64364,-0.8296379999999999,JAM,DEU,5530
428927,113,61,948,1996.0,104530.0,2779495.0,0.225125,-0.333293,JOR,DEU,5530
428928,114,61,948,1996.0,13542890.0,34200424.0,2.858869,0.477455,JPN,DEU,5530
428929,115,61,948,1996.0,0.0,3716969.0,0.455772,0.16361099999999998,KAZ,DEU,5530
428930,116,61,948,1996.0,0.0,135026.0,-0.470653,-0.119252,KEN,DEU,5530
428931,117,61,948,1996.0,0.0,228132.0,0.19384,0.7500060000000001,KGZ,DEU,5530
428932,118,61,948,1996.0,0.0,63543.0,-0.9007299999999999,-0.9713620000000001,KHM,DEU,5530
428933,121,61,948,1996.0,426275.0,17810616.0,1.230793,1.0548959999999998,KOR,DEU,5530
428934,122,61,948,1996.0,0.0,11931641.0,-0.412797,-1.1335899999999999,KWT,DEU,5530
428935,124,61,948,1996.0,0.0,6917814.0,-0.09233999999999999,0.127816,LBN,DEU,5530
428936,125,61,948,1996.0,0.0,6811.0,-1.2208629999999998,-1.1693440000000002,LBR,DEU,5530
428937,126,61,948,1996.0,0.0,2909188.0,-0.482066,-1.163722,LBY,DEU,5530
428938,128,61,948,1996.0,23338.0,196726.0,-0.71165,-0.320193,LKA,DEU,5530
428939,130,61,948,1996.0,112550.0,14979093.0,0.360994,1.092575,LTU,DEU,5530
428940,132,61,948,1996.0,306047.0,14013548.0,0.255258,0.42505299999999996,LVA,DEU,5530
428941,133,61,948,1996.0,0.0,44167.0,-0.089625,-0.42184499999999997,MAC,DEU,5530
428942,134,61,948,1996.0,1255.0,584730.0,-0.56512,-0.31006999999999996,MAR,DEU,5530
428943,135,61,948,1996.0,0.0,1281326.0,0.193705,0.10853,MDA,DEU,5530
428944,136,61,948,1996.0,0.0,18740.0,-0.971575,-0.656497,MDG,DEU,5530
428945,137,61,948,1996.0,0.0,461621.0,-1.1896639999999998,-1.077542,MDV,DEU,5530
428946,138,61,948,1996.0,2371834.0,3018270.0,0.88569,1.044068,MEX,DEU,5530
428947,140,61,948,1996.0,0.0,970235.0,0.36478,0.760475,MKD,DEU,5530
428948,142,61,948,1996.0,66718.0,2324606.0,1.245592,0.446754,MLT,DEU,5530
428949,143,61,948,1996.0,0.0,43152.0,-1.3258219999999998,-1.068414,MMR,DEU,5530
428950,145,61,948,1996.0,0.0,308346.0,-0.279007,-0.948549,MNG,DEU,5530
428951,151,61,948,1996.0,4273.0,33789.0,-0.578699,-0.831889,MUS,DEU,5530
428952,152,61,948,1996.0,0.0,2062.0,-1.203751,-1.003757,MWI,DEU,5530
428953,153,61,948,1996.0,58824.0,4764910.0,0.5493640000000001,0.248484,MYS,DEU,5530
428954,159,61,948,1996.0,0.0,214679.0,-1.9253069999999999,-1.247116,NGA,DEU,5530
428955,160,61,948,1996.0,0.0,21698.0,-0.810879,-0.64475,NIC,DEU,5530
428956,162,61,948,1996.0,92607592.0,136863760.0,1.331177,1.6320430000000001,NLD,DEU,5530
428957,163,61,948,1996.0,325698.0,20452316.0,0.8207270000000001,0.043619,NOR,DEU,5530
428958,164,61,948,1996.0,14851.0,732959.0,-0.570144,-0.63484,NPL,DEU,5530
428959,166,61,948,1996.0,29082.0,1152204.0,0.404233,0.6724640000000001,NZL,DEU,5530
428960,167,61,948,1996.0,0.0,3425179.0,-0.227075,-0.9778399999999999,OMN,DEU,5530
428961,168,61,948,1996.0,0.0,835268.0,-0.759362,-0.541712,PAK,DEU,5530
428962,169,61,948,1996.0,0.0,2519948.0,-0.03243,-0.326329,PAN,DEU,5530
428963,173,61,948,1996.0,1070.0,2199811.0,-0.374308,-0.36733499999999997,PER,DEU,5530
428964,174,61,948,1996.0,53030.0,1158630.0,0.0020329999999999997,0.40715,PHL,DEU,5530
428965,177,61,948,1996.0,9771949.0,64817908.0,0.806283,1.92897,POL,DEU,5530
428966,178,61,948,1996.0,0.0,179901.0,0.778948,1.1338979999999999,PRK,DEU,5530
428967,179,61,948,1996.0,783778.0,15108674.0,0.49924799999999997,0.9969520000000001,PRT,DEU,5530
428968,180,61,948,1996.0,0.0,2465486.0,-0.667054,-0.648122,PRY,DEU,5530
428969,182,61,948,1996.0,38482.0,124248.0,0.9221219999999999,-0.317411,PYF,DEU,5530
428970,183,61,948,1996.0,0.0,2532497.0,-0.511976,-1.148631,QAT,DEU,5530
428971,185,61,948,1996.0,30161.0,11895936.0,0.612166,1.201016,ROU,DEU,5530
428972,186,61,948,1996.0,799988.0,138056160.0,0.505247,0.349848,RUS,DEU,5530
428973,187,61,948,1996.0,0.0,3170.0,0.048038,-0.5664020000000001,RWA,DEU,5530
428974,188,61,948,1996.0,721995.0,32379770.0,-0.200762,-1.0419610000000001,SAU,DEU,5530
428975,189,61,948,1996.0,0.0,1335417.0,0.699084,2.2900150000000004,SCG,DEU,5530
428976,190,61,948,1996.0,0.0,100181.0,-1.342853,-1.183092,SDN,DEU,5530
428977,191,61,948,1996.0,45933.0,26104.0,-0.715409,-0.8895850000000001,SEN,DEU,5530
428978,192,61,948,1996.0,301727.0,13501246.0,1.288635,0.259061,SGP,DEU,5530
428979,195,61,948,1996.0,4268.0,0.0,-1.6314629999999999,-0.917385,SLB,DEU,5530
428980,197,61,948,1996.0,0.0,212586.0,-0.228625,-0.150274,SLV,DEU,5530
428981,205,61,948,1996.0,0.0,114426.0,-1.062804,-0.893763,SUR,DEU,5530
428982,206,61,948,1996.0,11811.0,7047058.0,1.1978739999999999,1.426243,SVK,DEU,5530
428983,207,61,948,1996.0,48174.0,11577233.0,1.352015,1.396593,SVN,DEU,5530
428984,208,61,948,1996.0,8870235.0,35549600.0,2.186414,0.848194,SWE,DEU,5530
428985,211,61,948,1996.0,0.0,5303.0,-0.03785,-0.572653,SYC,DEU,5530
428986,212,61,948,1996.0,0.0,381593.0,-1.096481,-1.0157260000000001,SYR,DEU,5530
428987,215,61,948,1996.0,0.0,114710.0,-0.879626,-0.748842,TGO,DEU,5530
428988,216,61,948,1996.0,636660.0,3194244.0,0.26155100000000003,1.146204,THA,DEU,5530
428989,219,61,948,1996.0,0.0,278386.0,-0.666457,-1.1301350000000001,TKM,DEU,5530
428990,222,61,948,1996.0,0.0,214964.0,-0.002541,-0.543624,TTO,DEU,5530
428991,223,61,948,1996.0,11020.0,835382.0,-0.250917,-0.057383,TUN,DEU,5530
428992,224,61,948,1996.0,742996.0,15898369.0,0.07259700000000001,1.734291,TUR,DEU,5530
428993,226,61,948,1996.0,0.0,19449.0,-1.186121,-0.6688390000000001,TZA,DEU,5530
428994,227,61,948,1996.0,0.0,31961.0,-1.105896,-0.910169,UGA,DEU,5530
428995,228,61,948,1996.0,34077.0,15828295.0,0.7582479999999999,1.1207340000000001,UKR,DEU,5530
428996,230,61,948,1996.0,0.0,3219512.0,0.182427,0.689738,URY,DEU,5530
428997,231,61,948,1996.0,52428708.0,110863848.0,1.742391,1.003066,USA,DEU,5530
428998,232,61,948,1996.0,0.0,6731213.0,-0.139651,-0.670652,UZB,DEU,5530
428999,234,61,948,1996.0,0.0,2046.0,-0.05218,-0.49757700000000005,VCT,DEU,5530
429000,236,61,948,1996.0,0.0,1517032.0,-0.039967,-0.828263,VEN,DEU,5530
429001,237,61,948,1996.0,0.0,605135.0,0.430472,-0.323838,VGB,DEU,5530
429002,239,61,948,1996.0,10585.0,289485.0,-0.8099569999999999,-0.032258999999999996,VNM,DEU,5530
429003,240,61,948,1996.0,0.0,42595.0,-0.78354,-0.903761,VUT,DEU,5530
429004,243,61,948,1996.0,0.0,280121.0,-1.395,-1.26641,YEM,DEU,5530
429005,246,61,948,1996.0,178367.0,3274781.0,0.277171,1.489549,ZAF,DEU,5530
429006,248,61,948,1996.0,0.0,110417.0,-0.46458999999999995,-0.273683,ZWE,DEU,5530
429007,249,61,948,1996.0,1996160.0,17564164.0,1.7375779999999998,1.4625860000000002,TWN,DEU,5530
429008,250,61,948,1996.0,0.0,74505056.0,1.153784,0.831677,ANS,DEU,5530
429009,4,64,948,1996.0,0.0,2695.0,-0.42357399999999995,0.090179,ALB,DNK,5530
429010,6,64,948,1996.0,0.0,12427.0,-0.2426,-0.701334,ANT,DNK,5530
429011,7,64,948,1996.0,0.0,32217.0,-0.43356400000000006,-0.8715719999999999,ARE,DNK,5530
429012,14,64,948,1996.0,183584.0,199411.0,0.025253,0.6428189999999999,AUS,DNK,5530
429013,15,64,948,1996.0,595135.0,182369.0,2.012626,0.395525,AUT,DNK,5530
429014,18,64,948,1996.0,13147733.0,1279621.0,1.5604850000000001,1.30819,BEL,DNK,5530
429015,23,64,948,1996.0,0.0,22703.0,0.510789,1.749248,BGR,DNK,5530
429016,24,64,948,1996.0,0.0,53237.0,-0.359199,-0.9925,BHR,DNK,5530
429017,26,64,948,1996.0,0.0,33014.0,0.5718949999999999,0.991791,BIH,DNK,5530
429018,28,64,948,1996.0,0.0,67412.0,0.785274,1.0126899999999999,BLR,DNK,5530
429019,32,64,948,1996.0,0.0,1768.0,0.8087340000000001,1.370183,BRA,DNK,5530
429020,39,64,948,1996.0,316751.0,36792.0,0.970932,1.111111,CAN,DNK,5530
429021,41,64,948,1996.0,7036226.0,751582.0,2.344337,0.709607,CHE,DNK,5530
429022,42,64,948,1996.0,0.0,1636.0,-0.161334,-0.301695,CHL,DNK,5530
429023,43,64,948,1996.0,173747.0,0.0,0.383975,2.197461,CHN,DNK,5530
429024,45,64,948,1996.0,0.0,1050.0,-1.172534,-1.099308,CMR,DNK,5530
429025,58,64,948,1996.0,0.0,113493.0,0.11774200000000001,0.044968,CYP,DNK,5530
429026,59,64,948,1996.0,0.0,908351.0,1.412088,1.171914,CZE,DNK,5530
429027,61,64,948,1996.0,41458572.0,6916614.0,2.347101,-2.4792799999999997,DEU,DNK,5530
429028,68,64,948,1996.0,0.0,13273.0,-0.405938,-0.209619,EGY,DNK,5530
429029,71,64,948,1996.0,2257658.0,171754.0,1.157591,1.795643,ESP,DNK,5530
429030,72,64,948,1996.0,15069.0,161345.0,0.445854,1.115429,EST,DNK,5530
429031,74,64,948,1996.0,828233.0,5207238.0,2.007619,1.016303,FIN,DNK,5530
429032,77,64,948,1996.0,91468712.0,3513795.0,1.571365,1.187529,FRA,DNK,5530
429033,78,64,948,1996.0,2923.0,764390.0,-0.644187,-0.795554,FRO,DNK,5530
429034,80,64,948,1996.0,0.0,1865.0,-2.043879,-1.244397,GAB,DNK,5530
429035,81,64,948,1996.0,47406776.0,2719352.0,1.948148,0.882453,GBR,DNK,5530
429036,88,64,948,1996.0,0.0,1314.0,-2.151325,-0.959936,GNB,DNK,5530
429037,90,64,948,1996.0,1853.0,455658.0,0.21841799999999997,1.081136,GRC,DNK,5530
429038,92,64,948,1996.0,0.0,575456.0,-0.8046939999999999,-0.8102520000000001,GRL,DNK,5530
429039,93,64,948,1996.0,8076.0,0.0,-0.28699,0.308033,GTM,DNK,5530
429040,97,64,948,1996.0,200431.0,118897.0,0.699041,1.8341720000000001,HKG,DNK,5530
429041,100,64,948,1996.0,0.0,159836.0,0.739223,1.3032030000000001,HRV,DNK,5530
429042,102,64,948,1996.0,302212.0,775331.0,0.905526,1.887735,HUN,DNK,5530
429043,103,64,948,1996.0,67050.0,0.0,-0.25952,1.343972,IDN,DNK,5530
429044,104,64,948,1996.0,10344.0,0.0,0.145769,1.983642,IND,DNK,5530
429045,106,64,948,1996.0,4783355.0,565136.0,1.476369,1.049152,IRL,DNK,5530
429046,109,64,948,1996.0,0.0,2870337.0,0.10151,-0.44307799999999997,ISL,DNK,5530
429047,110,64,948,1996.0,362345.0,1039.0,1.159922,1.025777,ISR,DNK,5530
429048,111,64,948,1996.0,6481768.0,88183.0,1.591442,0.875201,ITA,DNK,5530
429049,113,64,948,1996.0,0.0,3025.0,0.225125,-0.333293,JOR,DNK,5530
429050,114,64,948,1996.0,84476.0,283817.0,2.858869,0.477455,JPN,DNK,5530
429051,121,64,948,1996.0,14606.0,10980.0,1.230793,1.0548959999999998,KOR,DNK,5530
429052,122,64,948,1996.0,0.0,9031.0,-0.412797,-1.1335899999999999,KWT,DNK,5530
429053,124,64,948,1996.0,2212.0,182942.0,-0.09233999999999999,0.127816,LBN,DNK,5530
429054,128,64,948,1996.0,1381.0,0.0,-0.71165,-0.320193,LKA,DNK,5530
429055,130,64,948,1996.0,0.0,470308.0,0.360994,1.092575,LTU,DNK,5530
429056,132,64,948,1996.0,0.0,159378.0,0.255258,0.42505299999999996,LVA,DNK,5530
429057,137,64,948,1996.0,0.0,79110.0,-1.1896639999999998,-1.077542,MDV,DNK,5530
429058,142,64,948,1996.0,4177.0,15629.0,1.245592,0.446754,MLT,DNK,5530
429059,153,64,948,1996.0,1684.0,37935.0,0.5493640000000001,0.248484,MYS,DNK,5530
429060,162,64,948,1996.0,14014241.0,3325180.0,1.331177,1.6320430000000001,NLD,DNK,5530
429061,163,64,948,1996.0,2877975.0,25001156.0,0.8207270000000001,0.043619,NOR,DNK,5530
429062,166,64,948,1996.0,7817.0,18617.0,0.404233,0.6724640000000001,NZL,DNK,5530
429063,167,64,948,1996.0,0.0,39827.0,-0.227075,-0.9778399999999999,OMN,DNK,5530
429064,169,64,948,1996.0,0.0,7826.0,-0.03243,-0.326329,PAN,DNK,5530
429065,173,64,948,1996.0,0.0,7749.0,-0.374308,-0.36733499999999997,PER,DNK,5530
429066,174,64,948,1996.0,0.0,77763.0,0.0020329999999999997,0.40715,PHL,DNK,5530
429067,176,64,948,1996.0,0.0,5405.0,-1.918864,-1.24327,PNG,DNK,5530
429068,177,64,948,1996.0,59539.0,2355674.0,0.806283,1.92897,POL,DNK,5530
429069,179,64,948,1996.0,62192.0,339741.0,0.49924799999999997,0.9969520000000001,PRT,DNK,5530
429070,182,64,948,1996.0,0.0,6427.0,0.9221219999999999,-0.317411,PYF,DNK,5530
429071,185,64,948,1996.0,0.0,47898.0,0.612166,1.201016,ROU,DNK,5530
429072,186,64,948,1996.0,0.0,3403474.0,0.505247,0.349848,RUS,DNK,5530
429073,187,64,948,1996.0,0.0,1691.0,0.048038,-0.5664020000000001,RWA,DNK,5530
429074,188,64,948,1996.0,0.0,1109404.0,-0.200762,-1.0419610000000001,SAU,DNK,5530
429075,191,64,948,1996.0,0.0,1771.0,-0.715409,-0.8895850000000001,SEN,DNK,5530
429076,192,64,948,1996.0,285219.0,31057.0,1.288635,0.259061,SGP,DNK,5530
429077,206,64,948,1996.0,0.0,99365.0,1.1978739999999999,1.426243,SVK,DNK,5530
429078,207,64,948,1996.0,32254.0,12517.0,1.352015,1.396593,SVN,DNK,5530
429079,208,64,948,1996.0,51558420.0,33066526.0,2.186414,0.848194,SWE,DNK,5530
429080,216,64,948,1996.0,181485.0,0.0,0.26155100000000003,1.146204,THA,DNK,5530
429081,223,64,948,1996.0,0.0,7448.0,-0.250917,-0.057383,TUN,DNK,5530
429082,224,64,948,1996.0,12355.0,158320.0,0.07259700000000001,1.734291,TUR,DNK,5530
429083,226,64,948,1996.0,0.0,3497.0,-1.186121,-0.6688390000000001,TZA,DNK,5530
429084,228,64,948,1996.0,0.0,61325.0,0.7582479999999999,1.1207340000000001,UKR,DNK,5530
429085,231,64,948,1996.0,2279242.0,164392.0,1.742391,1.003066,USA,DNK,5530
429086,236,64,948,1996.0,0.0,22677.0,-0.039967,-0.828263,VEN,DNK,5530
429087,246,64,948,1996.0,4486.0,7803.0,0.277171,1.489549,ZAF,DNK,5530
429088,247,64,948,1996.0,0.0,1003.0,-0.58634,-0.796772,ZMB,DNK,5530
429089,249,64,948,1996.0,318409.0,82449.0,1.7375779999999998,1.4625860000000002,TWN,DNK,5530
429090,250,64,948,1996.0,4509518.0,140127.0,1.153784,0.831677,ANS,DNK,5530
429091,0,65,948,1996.0,0.0,2712.0,-0.493634,-0.719576,ABW,DOM,5530
429092,6,65,948,1996.0,0.0,93543.0,-0.2426,-0.701334,ANT,DOM,5530
429093,15,65,948,1996.0,2604.0,0.0,2.012626,0.395525,AUT,DOM,5530
429094,18,65,948,1996.0,5680.0,0.0,1.5604850000000001,1.30819,BEL,DOM,5530
429095,32,65,948,1996.0,52768.0,0.0,0.8087340000000001,1.370183,BRA,DOM,5530
429096,39,65,948,1996.0,158458.0,0.0,0.970932,1.111111,CAN,DOM,5530
429097,41,65,948,1996.0,85119.0,97918.0,2.344337,0.709607,CHE,DOM,5530
429098,49,65,948,1996.0,246409.0,0.0,0.070101,0.08847999999999999,COL,DOM,5530
429099,52,65,948,1996.0,36088.0,0.0,-0.23773000000000002,0.101373,CRI,DOM,5530
429100,61,65,948,1996.0,278476.0,4404.0,2.347101,-2.4792799999999997,DEU,DOM,5530
429101,71,65,948,1996.0,1371115.0,1890.0,1.157591,1.795643,ESP,DOM,5530
429102,77,65,948,1996.0,789419.0,11004.0,1.571365,1.187529,FRA,DOM,5530
429103,81,65,948,1996.0,26219.0,0.0,1.948148,0.882453,GBR,DOM,5530
429104,93,65,948,1996.0,229573.0,0.0,-0.28699,0.308033,GTM,DOM,5530
429105,97,65,948,1996.0,78696.0,0.0,0.699041,1.8341720000000001,HKG,DOM,5530
429106,101,65,948,1996.0,0.0,109947.0,-0.7161029999999999,-0.737263,HTI,DOM,5530
429107,106,65,948,1996.0,92499.0,0.0,1.476369,1.049152,IRL,DOM,5530
429108,110,65,948,1996.0,34000.0,0.0,1.159922,1.025777,ISR,DOM,5530
429109,111,65,948,1996.0,600610.0,0.0,1.591442,0.875201,ITA,DOM,5530
429110,112,65,948,1996.0,5961.0,21269.0,-0.64364,-0.8296379999999999,JAM,DOM,5530
429111,114,65,948,1996.0,253459.0,113850.0,2.858869,0.477455,JPN,DOM,5530
429112,121,65,948,1996.0,16187.0,0.0,1.230793,1.0548959999999998,KOR,DOM,5530
429113,138,65,948,1996.0,734724.0,32318.0,0.88569,1.044068,MEX,DOM,5530
429114,162,65,948,1996.0,5505.0,0.0,1.331177,1.6320430000000001,NLD,DOM,5530
429115,169,65,948,1996.0,205014.0,1675.0,-0.03243,-0.326329,PAN,DOM,5530
429116,173,65,948,1996.0,37608.0,0.0,-0.374308,-0.36733499999999997,PER,DOM,5530
429117,197,65,948,1996.0,0.0,12164.0,-0.228625,-0.150274,SLV,DOM,5530
429118,213,65,948,1996.0,0.0,8275.0,-0.576331,-0.789244,TCA,DOM,5530
429119,222,65,948,1996.0,25395.0,6754.0,-0.002541,-0.543624,TTO,DOM,5530
429120,230,65,948,1996.0,0.0,64428.0,0.182427,0.689738,URY,DOM,5530
429121,231,65,948,1996.0,13957891.0,898837.0,1.742391,1.003066,USA,DOM,5530
429122,236,65,948,1996.0,84807.0,0.0,-0.039967,-0.828263,VEN,DOM,5530
429123,237,65,948,1996.0,0.0,16977.0,0.430472,-0.323838,VGB,DOM,5530
429124,8,67,948,1996.0,388918.0,0.0,0.007199,0.805707,ARG,ECU,5530
429125,15,67,948,1996.0,5093.0,0.0,2.012626,0.395525,AUT,ECU,5530
429126,18,67,948,1996.0,19212.0,0.0,1.5604850000000001,1.30819,BEL,ECU,5530
429127,31,67,948,1996.0,0.0,181055.0,-0.5529930000000001,-0.600893,BOL,ECU,5530
429128,32,67,948,1996.0,16278.0,0.0,0.8087340000000001,1.370183,BRA,ECU,5530
429129,39,67,948,1996.0,38609.0,0.0,0.970932,1.111111,CAN,ECU,5530
429130,41,67,948,1996.0,91443.0,0.0,2.344337,0.709607,CHE,ECU,5530
429131,42,67,948,1996.0,1176342.0,1157.0,-0.161334,-0.301695,CHL,ECU,5530
429132,49,67,948,1996.0,3806174.0,22199.0,0.070101,0.08847999999999999,COL,ECU,5530
429133,52,67,948,1996.0,375658.0,0.0,-0.23773000000000002,0.101373,CRI,ECU,5530
429134,61,67,948,1996.0,584057.0,1091.0,2.347101,-2.4792799999999997,DEU,ECU,5530
429135,71,67,948,1996.0,412250.0,0.0,1.157591,1.795643,ESP,ECU,5530
429136,72,67,948,1996.0,0.0,1058.0,0.445854,1.115429,EST,ECU,5530
429137,77,67,948,1996.0,672975.0,0.0,1.571365,1.187529,FRA,ECU,5530
429138,81,67,948,1996.0,985965.0,0.0,1.948148,0.882453,GBR,ECU,5530
429139,93,67,948,1996.0,116470.0,0.0,-0.28699,0.308033,GTM,ECU,5530
429140,97,67,948,1996.0,6128.0,0.0,0.699041,1.8341720000000001,HKG,ECU,5530
429141,103,67,948,1996.0,1427.0,0.0,-0.25952,1.343972,IDN,ECU,5530
429142,106,67,948,1996.0,2937739.0,17989.0,1.476369,1.049152,IRL,ECU,5530
429143,110,67,948,1996.0,19845.0,0.0,1.159922,1.025777,ISR,ECU,5530
429144,111,67,948,1996.0,428411.0,0.0,1.591442,0.875201,ITA,ECU,5530
429145,114,67,948,1996.0,141743.0,0.0,2.858869,0.477455,JPN,ECU,5530
429146,121,67,948,1996.0,119699.0,0.0,1.230793,1.0548959999999998,KOR,ECU,5530
429147,138,67,948,1996.0,739324.0,19637.0,0.88569,1.044068,MEX,ECU,5530
429148,169,67,948,1996.0,360210.0,18726.0,-0.03243,-0.326329,PAN,ECU,5530
429149,173,67,948,1996.0,291564.0,11054.0,-0.374308,-0.36733499999999997,PER,ECU,5530
429150,178,67,948,1996.0,2439.0,0.0,0.778948,1.1338979999999999,PRK,ECU,5530
429151,208,67,948,1996.0,15793.0,0.0,2.186414,0.848194,SWE,ECU,5530
429152,231,67,948,1996.0,5621760.0,93733.0,1.742391,1.003066,USA,ECU,5530
429153,236,67,948,1996.0,1655372.0,0.0,-0.039967,-0.828263,VEN,ECU,5530
429154,246,67,948,1996.0,0.0,30442.0,0.277171,1.489549,ZAF,ECU,5530
429155,250,67,948,1996.0,3280.0,0.0,1.153784,0.831677,ANS,ECU,5530
429156,0,71,948,1996.0,0.0,2204.0,-0.493634,-0.719576,ABW,ESP,5530
429157,2,71,948,1996.0,0.0,107124.0,-2.314454,-1.236453,AGO,ESP,5530
429158,5,71,948,1996.0,124693.0,16283995.0,0.9948959999999999,0.58532,AND,ESP,5530
429159,6,71,948,1996.0,0.0,136151.0,-0.2426,-0.701334,ANT,ESP,5530
429160,7,71,948,1996.0,4724.0,4239169.0,-0.43356400000000006,-0.8715719999999999,ARE,ESP,5530
429161,8,71,948,1996.0,69045.0,4047244.0,0.007199,0.805707,ARG,ESP,5530
429162,14,71,948,1996.0,3303538.0,1643858.0,0.025253,0.6428189999999999,AUS,ESP,5530
429163,15,71,948,1996.0,167653.0,2421823.0,2.012626,0.395525,AUT,ESP,5530
429164,18,71,948,1996.0,11416103.0,9804113.0,1.5604850000000001,1.30819,BEL,ESP,5530
429165,19,71,948,1996.0,0.0,31807.0,-1.023515,-0.9004909999999999,BEN,ESP,5530
429166,21,71,948,1996.0,0.0,1053.0,-0.6722739999999999,-0.9167639999999999,BFA,ESP,5530
429167,23,71,948,1996.0,0.0,45203.0,0.510789,1.749248,BGR,ESP,5530
429168,24,71,948,1996.0,0.0,875000.0,-0.359199,-0.9925,BHR,ESP,5530
429169,25,71,948,1996.0,0.0,4781.0,0.301719,-0.44059899999999996,BHS,ESP,5530
429170,26,71,948,1996.0,0.0,68618.0,0.5718949999999999,0.991791,BIH,ESP,5530
429171,28,71,948,1996.0,0.0,80947.0,0.785274,1.0126899999999999,BLR,ESP,5530
429172,29,71,948,1996.0,0.0,3342.0,-0.267716,-0.651034,BLZ,ESP,5530
429173,31,71,948,1996.0,0.0,178834.0,-0.5529930000000001,-0.600893,BOL,ESP,5530
429174,32,71,948,1996.0,13461.0,2344794.0,0.8087340000000001,1.370183,BRA,ESP,5530
429175,34,71,948,1996.0,0.0,25839.0,-0.661198,-0.801408,BRN,ESP,5530
429176,39,71,948,1996.0,415909.0,2173341.0,0.970932,1.111111,CAN,ESP,5530
429177,41,71,948,1996.0,15402840.0,3025208.0,2.344337,0.709607,CHE,ESP,5530
429178,42,71,948,1996.0,27969.0,7932487.0,-0.161334,-0.301695,CHL,ESP,5530
429179,43,71,948,1996.0,197523.0,141072.0,0.383975,2.197461,CHN,ESP,5530
429180,44,71,948,1996.0,0.0,32141.0,-0.890915,-0.8165399999999999,CIV,ESP,5530
429181,45,71,948,1996.0,0.0,6087.0,-1.172534,-1.099308,CMR,ESP,5530
429182,46,71,948,1996.0,0.0,291746.0,-1.288889,-1.129638,COD,ESP,5530
429183,49,71,948,1996.0,6227.0,1042950.0,0.070101,0.08847999999999999,COL,ESP,5530
429184,51,71,948,1996.0,0.0,36754.0,0.069833,-0.560042,CPV,ESP,5530
429185,52,71,948,1996.0,0.0,31918.0,-0.23773000000000002,0.101373,CRI,ESP,5530
429186,54,71,948,1996.0,0.0,2336462.0,-0.7669229999999999,-1.140361,CUB,ESP,5530
429187,58,71,948,1996.0,115762.0,394444.0,0.11774200000000001,0.044968,CYP,ESP,5530
429188,59,71,948,1996.0,175862.0,2616485.0,1.412088,1.171914,CZE,ESP,5530
429189,61,71,948,1996.0,61700020.0,37839436.0,2.347101,-2.4792799999999997,DEU,ESP,5530
429190,64,71,948,1996.0,171754.0,2257658.0,1.416927,1.401766,DNK,ESP,5530
429191,65,71,948,1996.0,1890.0,1371115.0,-0.370096,-0.371728,DOM,ESP,5530
429192,66,71,948,1996.0,0.0,3045984.0,-0.478062,-1.107679,DZA,ESP,5530
429193,67,71,948,1996.0,0.0,412250.0,-1.128953,-0.960469,ECU,ESP,5530
429194,68,71,948,1996.0,0.0,367171.0,-0.405938,-0.209619,EGY,ESP,5530
429195,72,71,948,1996.0,0.0,38088.0,0.445854,1.115429,EST,ESP,5530
429196,74,71,948,1996.0,28339.0,434817.0,2.007619,1.016303,FIN,ESP,5530
429197,76,71,948,1996.0,0.0,24329.0,0.369857,-0.577378,FLK,ESP,5530
429198,77,71,948,1996.0,335675840.0,87576096.0,1.571365,1.187529,FRA,ESP,5530
429199,78,71,948,1996.0,0.0,4198.0,-0.644187,-0.795554,FRO,ESP,5530
429200,80,71,948,1996.0,0.0,34005.0,-2.043879,-1.244397,GAB,ESP,5530
429201,81,71,948,1996.0,102573040.0,30541218.0,1.948148,0.882453,GBR,ESP,5530
429202,84,71,948,1996.0,12775.0,1676931.0,0.792741,-0.333993,GIB,ESP,5530
429203,85,71,948,1996.0,0.0,3993.0,-1.2720120000000001,-1.150363,GIN,ESP,5530
429204,87,71,948,1996.0,0.0,17779.0,-0.8948459999999999,-0.837851,GMB,ESP,5530
429205,89,71,948,1996.0,0.0,358213.0,-1.78253,-0.8802760000000001,GNQ,ESP,5530
429206,90,71,948,1996.0,374767.0,4805016.0,0.21841799999999997,1.081136,GRC,ESP,5530
429207,93,71,948,1996.0,0.0,272293.0,-0.28699,0.308033,GTM,ESP,5530
429208,97,71,948,1996.0,96466.0,3858965.0,0.699041,1.8341720000000001,HKG,ESP,5530
429209,99,71,948,1996.0,12688.0,35324.0,-0.57404,-0.594276,HND,ESP,5530
429210,100,71,948,1996.0,0.0,308230.0,0.739223,1.3032030000000001,HRV,ESP,5530
429211,102,71,948,1996.0,9446.0,1171708.0,0.905526,1.887735,HUN,ESP,5530
429212,103,71,948,1996.0,0.0,704901.0,-0.25952,1.343972,IDN,ESP,5530
429213,104,71,948,1996.0,351629.0,3012.0,0.145769,1.983642,IND,ESP,5530
429214,106,71,948,1996.0,18454812.0,1461003.0,1.476369,1.049152,IRL,ESP,5530
429215,107,71,948,1996.0,0.0,116357.0,-1.0058129999999998,-1.215661,IRN,ESP,5530
429216,109,71,948,1996.0,0.0,75197.0,0.10151,-0.44307799999999997,ISL,ESP,5530
429217,110,71,948,1996.0,103645.0,1033892.0,1.159922,1.025777,ISR,ESP,5530
429218,111,71,948,1996.0,80302288.0,32875244.0,1.591442,0.875201,ITA,ESP,5530
429219,112,71,948,1996.0,0.0,14574.0,-0.64364,-0.8296379999999999,JAM,ESP,5530
429220,113,71,948,1996.0,129199.0,543727.0,0.225125,-0.333293,JOR,ESP,5530
429221,114,71,948,1996.0,2183481.0,2073874.0,2.858869,0.477455,JPN,ESP,5530
429222,115,71,948,1996.0,0.0,67258.0,0.455772,0.16361099999999998,KAZ,ESP,5530
429223,116,71,948,1996.0,0.0,358045.0,-0.470653,-0.119252,KEN,ESP,5530
429224,121,71,948,1996.0,37268.0,1010212.0,1.230793,1.0548959999999998,KOR,ESP,5530
429225,122,71,948,1996.0,0.0,993564.0,-0.412797,-1.1335899999999999,KWT,ESP,5530
429226,124,71,948,1996.0,0.0,941620.0,-0.09233999999999999,0.127816,LBN,ESP,5530
429227,126,71,948,1996.0,0.0,1579088.0,-0.482066,-1.163722,LBY,ESP,5530
429228,128,71,948,1996.0,11484.0,175685.0,-0.71165,-0.320193,LKA,ESP,5530
429229,130,71,948,1996.0,0.0,123784.0,0.360994,1.092575,LTU,ESP,5530
429230,132,71,948,1996.0,0.0,227193.0,0.255258,0.42505299999999996,LVA,ESP,5530
429231,133,71,948,1996.0,0.0,14321.0,-0.089625,-0.42184499999999997,MAC,ESP,5530
429232,134,71,948,1996.0,9833.0,1071345.0,-0.56512,-0.31006999999999996,MAR,ESP,5530
429233,136,71,948,1996.0,0.0,4432.0,-0.971575,-0.656497,MDG,ESP,5530
429234,137,71,948,1996.0,0.0,2635.0,-1.1896639999999998,-1.077542,MDV,ESP,5530
429235,138,71,948,1996.0,303945.0,3638118.0,0.88569,1.044068,MEX,ESP,5530
429236,140,71,948,1996.0,0.0,60791.0,0.36478,0.760475,MKD,ESP,5530
429237,141,71,948,1996.0,0.0,11079.0,-0.8623040000000001,-0.991231,MLI,ESP,5530
429238,142,71,948,1996.0,145590.0,275015.0,1.245592,0.446754,MLT,ESP,5530
429239,148,71,948,1996.0,0.0,425546.0,-1.182626,-1.228759,MRT,ESP,5530
429240,151,71,948,1996.0,0.0,10509.0,-0.578699,-0.831889,MUS,ESP,5530
429241,153,71,948,1996.0,36058.0,609383.0,0.5493640000000001,0.248484,MYS,ESP,5530
429242,156,71,948,1996.0,0.0,21785.0,-0.994661,-0.827312,NCL,ESP,5530
429243,157,71,948,1996.0,0.0,1497.0,-0.539406,-0.693657,NER,ESP,5530
429244,159,71,948,1996.0,0.0,88282.0,-1.9253069999999999,-1.247116,NGA,ESP,5530
429245,160,71,948,1996.0,0.0,25570.0,-0.810879,-0.64475,NIC,ESP,5530
429246,162,71,948,1996.0,7031012.0,16973984.0,1.331177,1.6320430000000001,NLD,ESP,5530
429247,163,71,948,1996.0,50141.0,961806.0,0.8207270000000001,0.043619,NOR,ESP,5530
429248,164,71,948,1996.0,0.0,41410.0,-0.570144,-0.63484,NPL,ESP,5530
429249,166,71,948,1996.0,315646.0,395982.0,0.404233,0.6724640000000001,NZL,ESP,5530
429250,167,71,948,1996.0,26975.0,185878.0,-0.227075,-0.9778399999999999,OMN,ESP,5530
429251,168,71,948,1996.0,0.0,112401.0,-0.759362,-0.541712,PAK,ESP,5530
429252,169,71,948,1996.0,0.0,9462777.0,-0.03243,-0.326329,PAN,ESP,5530
429253,173,71,948,1996.0,0.0,926763.0,-0.374308,-0.36733499999999997,PER,ESP,5530
429254,174,71,948,1996.0,868393.0,700085.0,0.0020329999999999997,0.40715,PHL,ESP,5530
429255,177,71,948,1996.0,30969.0,6305546.0,0.806283,1.92897,POL,ESP,5530
429256,178,71,948,1996.0,0.0,24265.0,0.778948,1.1338979999999999,PRK,ESP,5530
429257,179,71,948,1996.0,8941034.0,58267128.0,0.49924799999999997,0.9969520000000001,PRT,ESP,5530
429258,180,71,948,1996.0,0.0,1528141.0,-0.667054,-0.648122,PRY,ESP,5530
429259,182,71,948,1996.0,0.0,24548.0,0.9221219999999999,-0.317411,PYF,ESP,5530
429260,183,71,948,1996.0,8902.0,453463.0,-0.511976,-1.148631,QAT,ESP,5530
429261,185,71,948,1996.0,130007.0,289249.0,0.612166,1.201016,ROU,ESP,5530
429262,186,71,948,1996.0,0.0,4317736.0,0.505247,0.349848,RUS,ESP,5530
429263,188,71,948,1996.0,49076.0,3451198.0,-0.200762,-1.0419610000000001,SAU,ESP,5530
429264,189,71,948,1996.0,0.0,335071.0,0.699084,2.2900150000000004,SCG,ESP,5530
429265,191,71,948,1996.0,0.0,117123.0,-0.715409,-0.8895850000000001,SEN,ESP,5530
429266,192,71,948,1996.0,772828.0,3198454.0,1.288635,0.259061,SGP,ESP,5530
429267,197,71,948,1996.0,0.0,151694.0,-0.228625,-0.150274,SLV,ESP,5530
429268,206,71,948,1996.0,0.0,390994.0,1.1978739999999999,1.426243,SVK,ESP,5530
429269,207,71,948,1996.0,49673.0,138683.0,1.352015,1.396593,SVN,ESP,5530
429270,208,71,948,1996.0,746934.0,1364628.0,2.186414,0.848194,SWE,ESP,5530
429271,212,71,948,1996.0,0.0,21379.0,-1.096481,-1.0157260000000001,SYR,ESP,5530
429272,215,71,948,1996.0,0.0,28157.0,-0.879626,-0.748842,TGO,ESP,5530
429273,216,71,948,1996.0,97919.0,133110.0,0.26155100000000003,1.146204,THA,ESP,5530
429274,222,71,948,1996.0,0.0,1991.0,-0.002541,-0.543624,TTO,ESP,5530
429275,223,71,948,1996.0,0.0,65598.0,-0.250917,-0.057383,TUN,ESP,5530
429276,224,71,948,1996.0,85310.0,1105793.0,0.07259700000000001,1.734291,TUR,ESP,5530
429277,226,71,948,1996.0,0.0,109588.0,-1.186121,-0.6688390000000001,TZA,ESP,5530
429278,227,71,948,1996.0,0.0,7097.0,-1.105896,-0.910169,UGA,ESP,5530
429279,228,71,948,1996.0,0.0,1103772.0,0.7582479999999999,1.1207340000000001,UKR,ESP,5530
429280,230,71,948,1996.0,288847.0,867874.0,0.182427,0.689738,URY,ESP,5530
429281,231,71,948,1996.0,10984533.0,24108484.0,1.742391,1.003066,USA,ESP,5530
429282,232,71,948,1996.0,110370.0,7660.0,-0.139651,-0.670652,UZB,ESP,5530
429283,236,71,948,1996.0,101086.0,1761384.0,-0.039967,-0.828263,VEN,ESP,5530
429284,239,71,948,1996.0,0.0,75057.0,-0.8099569999999999,-0.032258999999999996,VNM,ESP,5530
429285,243,71,948,1996.0,0.0,99662.0,-1.395,-1.26641,YEM,ESP,5530
429286,246,71,948,1996.0,20013.0,465536.0,0.277171,1.489549,ZAF,ESP,5530
429287,248,71,948,1996.0,0.0,8386.0,-0.46458999999999995,-0.273683,ZWE,ESP,5530
429288,249,71,948,1996.0,755832.0,5733210.0,1.7375779999999998,1.4625860000000002,TWN,ESP,5530
429289,250,71,948,1996.0,0.0,461872.0,1.153784,0.831677,ANS,ESP,5530
429290,14,74,948,1996.0,16275.0,2286.0,0.025253,0.6428189999999999,AUS,FIN,5530
429291,15,74,948,1996.0,1757064.0,87777.0,2.012626,0.395525,AUT,FIN,5530
429292,18,74,948,1996.0,9872845.0,49947.0,1.5604850000000001,1.30819,BEL,FIN,5530
429293,23,74,948,1996.0,0.0,7012.0,0.510789,1.749248,BGR,FIN,5530
429294,26,74,948,1996.0,0.0,2123.0,0.5718949999999999,0.991791,BIH,FIN,5530
429295,28,74,948,1996.0,0.0,83440.0,0.785274,1.0126899999999999,BLR,FIN,5530
429296,32,74,948,1996.0,24692.0,0.0,0.8087340000000001,1.370183,BRA,FIN,5530
429297,39,74,948,1996.0,36973.0,0.0,0.970932,1.111111,CAN,FIN,5530
429298,41,74,948,1996.0,3063344.0,15719.0,2.344337,0.709607,CHE,FIN,5530
429299,42,74,948,1996.0,1435.0,0.0,-0.161334,-0.301695,CHL,FIN,5530
429300,43,74,948,1996.0,206685.0,0.0,0.383975,2.197461,CHN,FIN,5530
429301,49,74,948,1996.0,18282.0,0.0,0.070101,0.08847999999999999,COL,FIN,5530
429302,58,74,948,1996.0,0.0,5064.0,0.11774200000000001,0.044968,CYP,FIN,5530
429303,59,74,948,1996.0,0.0,322428.0,1.412088,1.171914,CZE,FIN,5530
429304,61,74,948,1996.0,16414092.0,570469.0,2.347101,-2.4792799999999997,DEU,FIN,5530
429305,64,74,948,1996.0,5207238.0,828233.0,1.416927,1.401766,DNK,FIN,5530
429306,71,74,948,1996.0,434817.0,28339.0,1.157591,1.795643,ESP,FIN,5530
429307,72,74,948,1996.0,81659.0,6011040.0,0.445854,1.115429,EST,FIN,5530
429308,77,74,948,1996.0,65229620.0,86299.0,1.571365,1.187529,FRA,FIN,5530
429309,81,74,948,1996.0,16375716.0,1046160.0,1.948148,0.882453,GBR,FIN,5530
429310,90,74,948,1996.0,2545152.0,1954.0,0.21841799999999997,1.081136,GRC,FIN,5530
429311,97,74,948,1996.0,10215.0,63817.0,0.699041,1.8341720000000001,HKG,FIN,5530
429312,102,74,948,1996.0,7130.0,438638.0,0.905526,1.887735,HUN,FIN,5530
429313,103,74,948,1996.0,45741.0,0.0,-0.25952,1.343972,IDN,FIN,5530
429314,104,74,948,1996.0,4389.0,0.0,0.145769,1.983642,IND,FIN,5530
429315,106,74,948,1996.0,9243649.0,1573.0,1.476369,1.049152,IRL,FIN,5530
429316,107,74,948,1996.0,7005.0,0.0,-1.0058129999999998,-1.215661,IRN,FIN,5530
429317,109,74,948,1996.0,4264.0,93444.0,0.10151,-0.44307799999999997,ISL,FIN,5530
429318,110,74,948,1996.0,279997.0,2212.0,1.159922,1.025777,ISR,FIN,5530
429319,111,74,948,1996.0,2298350.0,294709.0,1.591442,0.875201,ITA,FIN,5530
429320,113,74,948,1996.0,2757.0,0.0,0.225125,-0.333293,JOR,FIN,5530
429321,114,74,948,1996.0,554553.0,30250.0,2.858869,0.477455,JPN,FIN,5530
429322,121,74,948,1996.0,22912.0,0.0,1.230793,1.0548959999999998,KOR,FIN,5530
429323,124,74,948,1996.0,0.0,32341.0,-0.09233999999999999,0.127816,LBN,FIN,5530
429324,130,74,948,1996.0,5606.0,1106812.0,0.360994,1.092575,LTU,FIN,5530
429325,132,74,948,1996.0,57658.0,2486614.0,0.255258,0.42505299999999996,LVA,FIN,5530
429326,135,74,948,1996.0,0.0,4935.0,0.193705,0.10853,MDA,FIN,5530
429327,142,74,948,1996.0,0.0,2139.0,1.245592,0.446754,MLT,FIN,5530
429328,153,74,948,1996.0,4314.0,6048.0,0.5493640000000001,0.248484,MYS,FIN,5530
429329,162,74,948,1996.0,1778678.0,115530.0,1.331177,1.6320430000000001,NLD,FIN,5530
429330,163,74,948,1996.0,730630.0,3480160.0,0.8207270000000001,0.043619,NOR,FIN,5530
429331,166,74,948,1996.0,535399.0,0.0,0.404233,0.6724640000000001,NZL,FIN,5530
429332,167,74,948,1996.0,0.0,41526.0,-0.227075,-0.9778399999999999,OMN,FIN,5530
429333,168,74,948,1996.0,4020.0,0.0,-0.759362,-0.541712,PAK,FIN,5530
429334,177,74,948,1996.0,4011.0,2123980.0,0.806283,1.92897,POL,FIN,5530
429335,179,74,948,1996.0,120829.0,8150.0,0.49924799999999997,0.9969520000000001,PRT,FIN,5530
429336,185,74,948,1996.0,10967.0,7647.0,0.612166,1.201016,ROU,FIN,5530
429337,186,74,948,1996.0,163436.0,56251732.0,0.505247,0.349848,RUS,FIN,5530
429338,188,74,948,1996.0,2670.0,0.0,-0.200762,-1.0419610000000001,SAU,FIN,5530
429339,189,74,948,1996.0,0.0,2687.0,0.699084,2.2900150000000004,SCG,FIN,5530
429340,192,74,948,1996.0,27915.0,10803.0,1.288635,0.259061,SGP,FIN,5530
429341,206,74,948,1996.0,0.0,116926.0,1.1978739999999999,1.426243,SVK,FIN,5530
429342,208,74,948,1996.0,20993440.0,3146117.0,2.186414,0.848194,SWE,FIN,5530
429343,216,74,948,1996.0,33580.0,0.0,0.26155100000000003,1.146204,THA,FIN,5530
429344,224,74,948,1996.0,2503.0,0.0,0.07259700000000001,1.734291,TUR,FIN,5530
429345,228,74,948,1996.0,8758.0,261608.0,0.7582479999999999,1.1207340000000001,UKR,FIN,5530
429346,231,74,948,1996.0,2948114.0,52102.0,1.742391,1.003066,USA,FIN,5530
429347,246,74,948,1996.0,5402.0,6623.0,0.277171,1.489549,ZAF,FIN,5530
429348,249,74,948,1996.0,117885.0,0.0,1.7375779999999998,1.4625860000000002,TWN,FIN,5530
429349,250,74,948,1996.0,1222.0,1273.0,1.153784,0.831677,ANS,FIN,5530
429350,0,77,948,1996.0,0.0,590730.0,-0.493634,-0.719576,ABW,FRA,5530
429351,2,77,948,1996.0,0.0,539117.0,-2.314454,-1.236453,AGO,FRA,5530
429352,4,77,948,1996.0,0.0,46023.0,-0.42357399999999995,0.090179,ALB,FRA,5530
429353,5,77,948,1996.0,902717.0,44475524.0,0.9948959999999999,0.58532,AND,FRA,5530
429354,6,77,948,1996.0,0.0,1533830.0,-0.2426,-0.701334,ANT,FRA,5530
429355,7,77,948,1996.0,385038.0,113021304.0,-0.43356400000000006,-0.8715719999999999,ARE,FRA,5530
429356,8,77,948,1996.0,0.0,25115146.0,0.007199,0.805707,ARG,FRA,5530
429357,9,77,948,1996.0,0.0,143178.0,1.0178040000000002,0.156363,ARM,FRA,5530
429358,13,77,948,1996.0,0.0,65885.0,0.463841,-0.048698000000000005,ATG,FRA,5530
429359,14,77,948,1996.0,3680551.0,56621704.0,0.025253,0.6428189999999999,AUS,FRA,5530
429360,15,77,948,1996.0,760211.0,76286872.0,2.012626,0.395525,AUT,FRA,5530
429361,16,77,948,1996.0,0.0,625999.0,0.11756099999999998,-0.29673099999999997,AZE,FRA,5530
429362,17,77,948,1996.0,0.0,26494.0,-1.037716,-0.9776,BDI,FRA,5530
429363,18,77,948,1996.0,164104096.0,239564768.0,1.5604850000000001,1.30819,BEL,FRA,5530
429364,19,77,948,1996.0,4688.0,1738503.0,-1.023515,-0.9004909999999999,BEN,FRA,5530
429365,21,77,948,1996.0,1610.0,1092336.0,-0.6722739999999999,-0.9167639999999999,BFA,FRA,5530
429366,22,77,948,1996.0,4816.0,196630.0,-0.751219,-0.9638329999999999,BGD,FRA,5530
429367,23,77,948,1996.0,550181.0,3390962.0,0.510789,1.749248,BGR,FRA,5530
429368,24,77,948,1996.0,31687.0,7881554.0,-0.359199,-0.9925,BHR,FRA,5530
429369,25,77,948,1996.0,2164.0,13457178.0,0.301719,-0.44059899999999996,BHS,FRA,5530
429370,26,77,948,1996.0,0.0,285594.0,0.5718949999999999,0.991791,BIH,FRA,5530
429371,28,77,948,1996.0,0.0,2020463.0,0.785274,1.0126899999999999,BLR,FRA,5530
429372,29,77,948,1996.0,0.0,195144.0,-0.267716,-0.651034,BLZ,FRA,5530
429373,30,77,948,1996.0,0.0,719336.0,0.658562,-0.5025430000000001,BMU,FRA,5530
429374,31,77,948,1996.0,0.0,710522.0,-0.5529930000000001,-0.600893,BOL,FRA,5530
429375,32,77,948,1996.0,21501.0,36974308.0,0.8087340000000001,1.370183,BRA,FRA,5530
429376,33,77,948,1996.0,94428.0,340718.0,0.599391,0.065208,BRB,FRA,5530
429377,34,77,948,1996.0,0.0,130361.0,-0.661198,-0.801408,BRN,FRA,5530
429378,38,77,948,1996.0,0.0,258588.0,-1.094527,-0.901338,CAF,FRA,5530
429379,39,77,948,1996.0,1540314.0,69006584.0,0.970932,1.111111,CAN,FRA,5530
429380,40,77,948,1996.0,0.0,73925.0,0.272806,-0.49460200000000004,CCK,FRA,5530
429381,41,77,948,1996.0,41334580.0,229504800.0,2.344337,0.709607,CHE,FRA,5530
429382,42,77,948,1996.0,0.0,15743357.0,-0.161334,-0.301695,CHL,FRA,5530
429383,43,77,948,1996.0,1426423.0,4981078.0,0.383975,2.197461,CHN,FRA,5530
429384,44,77,948,1996.0,72080.0,4564250.0,-0.890915,-0.8165399999999999,CIV,FRA,5530
429385,45,77,948,1996.0,0.0,3938778.0,-1.172534,-1.099308,CMR,FRA,5530
429386,46,77,948,1996.0,0.0,739093.0,-1.288889,-1.129638,COD,FRA,5530
429387,47,77,948,1996.0,0.0,322514.0,-1.2520950000000002,-1.1901899999999999,COG,FRA,5530
429388,48,77,948,1996.0,0.0,29922.0,0.292879,-0.408573,COK,FRA,5530
429389,49,77,948,1996.0,0.0,1427995.0,0.070101,0.08847999999999999,COL,FRA,5530
429390,50,77,948,1996.0,0.0,366383.0,0.003669,-0.6884,COM,FRA,5530
429391,51,77,948,1996.0,0.0,129628.0,0.069833,-0.560042,CPV,FRA,5530
429392,52,77,948,1996.0,2092.0,228900.0,-0.23773000000000002,0.101373,CRI,FRA,5530
429393,54,77,948,1996.0,0.0,801756.0,-0.7669229999999999,-1.140361,CUB,FRA,5530
429394,57,77,948,1996.0,0.0,178279.0,0.255347,-0.593208,CYM,FRA,5530
429395,58,77,948,1996.0,44242.0,12692861.0,0.11774200000000001,0.044968,CYP,FRA,5530
429396,59,77,948,1996.0,68503.0,21165102.0,1.412088,1.171914,CZE,FRA,5530
429397,61,77,948,1996.0,172215568.0,826104320.0,2.347101,-2.4792799999999997,DEU,FRA,5530
429398,62,77,948,1996.0,0.0,1685925.0,-0.152976,-0.573654,DJI,FRA,5530
429399,63,77,948,1996.0,68964.0,7896.0,0.521576,-0.075879,DMA,FRA,5530
429400,64,77,948,1996.0,3513795.0,91468712.0,1.416927,1.401766,DNK,FRA,5530
429401,65,77,948,1996.0,11004.0,789419.0,-0.370096,-0.371728,DOM,FRA,5530
429402,66,77,948,1996.0,0.0,20224700.0,-0.478062,-1.107679,DZA,FRA,5530
429403,67,77,948,1996.0,0.0,672975.0,-1.128953,-0.960469,ECU,FRA,5530
429404,68,77,948,1996.0,0.0,13518084.0,-0.405938,-0.209619,EGY,FRA,5530
429405,69,77,948,1996.0,0.0,132701.0,-0.166048,-0.7037,ERI,FRA,5530
429406,71,77,948,1996.0,87576096.0,335675840.0,1.157591,1.795643,ESP,FRA,5530
429407,72,77,948,1996.0,29900.0,2225034.0,0.445854,1.115429,EST,FRA,5530
429408,73,77,948,1996.0,0.0,686801.0,-1.072519,-1.169486,ETH,FRA,5530
429409,74,77,948,1996.0,86299.0,65229620.0,2.007619,1.016303,FIN,FRA,5530
429410,75,77,948,1996.0,0.0,721284.0,-0.801999,-0.9148850000000001,FJI,FRA,5530
429411,78,77,948,1996.0,0.0,9733.0,-0.644187,-0.795554,FRO,FRA,5530
429412,80,77,948,1996.0,0.0,3334316.0,-2.043879,-1.244397,GAB,FRA,5530
429413,81,77,948,1996.0,184558608.0,467767936.0,1.948148,0.882453,GBR,FRA,5530
429414,82,77,948,1996.0,0.0,350617.0,0.28868499999999997,0.115705,GEO,FRA,5530
429415,83,77,948,1996.0,0.0,349538.0,-1.037413,-1.019025,GHA,FRA,5530
429416,84,77,948,1996.0,0.0,2931575.0,0.792741,-0.333993,GIB,FRA,5530
429417,85,77,948,1996.0,0.0,649425.0,-1.2720120000000001,-1.150363,GIN,FRA,5530
429418,87,77,948,1996.0,0.0,63248.0,-0.8948459999999999,-0.837851,GMB,FRA,5530
429419,89,77,948,1996.0,3949.0,2932.0,-1.78253,-0.8802760000000001,GNQ,FRA,5530
429420,90,77,948,1996.0,7057884.0,64229664.0,0.21841799999999997,1.081136,GRC,FRA,5530
429421,91,77,948,1996.0,0.0,14065.0,0.62736,-0.06942100000000001,GRD,FRA,5530
429422,92,77,948,1996.0,0.0,7849.0,-0.8046939999999999,-0.8102520000000001,GRL,FRA,5530
429423,93,77,948,1996.0,0.0,583306.0,-0.28699,0.308033,GTM,FRA,5530
429424,96,77,948,1996.0,0.0,3722.0,-0.618346,-0.7723760000000001,GUY,FRA,5530
429425,97,77,948,1996.0,326156.0,130602176.0,0.699041,1.8341720000000001,HKG,FRA,5530
429426,99,77,948,1996.0,0.0,785871.0,-0.57404,-0.594276,HND,FRA,5530
429427,100,77,948,1996.0,3730.0,4774304.0,0.739223,1.3032030000000001,HRV,FRA,5530
429428,101,77,948,1996.0,0.0,1242191.0,-0.7161029999999999,-0.737263,HTI,FRA,5530
429429,102,77,948,1996.0,111096.0,14106155.0,0.905526,1.887735,HUN,FRA,5530
429430,103,77,948,1996.0,217772.0,3295013.0,-0.25952,1.343972,IDN,FRA,5530
429431,104,77,948,1996.0,980139.0,13737225.0,0.145769,1.983642,IND,FRA,5530
429432,106,77,948,1996.0,53522724.0,21706044.0,1.476369,1.049152,IRL,FRA,5530
429433,107,77,948,1996.0,0.0,11424788.0,-1.0058129999999998,-1.215661,IRN,FRA,5530
429434,109,77,948,1996.0,7781.0,4041784.0,0.10151,-0.44307799999999997,ISL,FRA,5530
429435,110,77,948,1996.0,832324.0,48806048.0,1.159922,1.025777,ISR,FRA,5530
429436,111,77,948,1996.0,159220304.0,434159840.0,1.591442,0.875201,ITA,FRA,5530
429437,112,77,948,1996.0,0.0,223296.0,-0.64364,-0.8296379999999999,JAM,FRA,5530
429438,113,77,948,1996.0,0.0,9673915.0,0.225125,-0.333293,JOR,FRA,5530
429439,114,77,948,1996.0,11942142.0,218121408.0,2.858869,0.477455,JPN,FRA,5530
429440,115,77,948,1996.0,0.0,2938929.0,0.455772,0.16361099999999998,KAZ,FRA,5530
429441,116,77,948,1996.0,3032.0,2440854.0,-0.470653,-0.119252,KEN,FRA,5530
429442,117,77,948,1996.0,0.0,13651.0,0.19384,0.7500060000000001,KGZ,FRA,5530
429443,118,77,948,1996.0,0.0,738331.0,-0.9007299999999999,-0.9713620000000001,KHM,FRA,5530
429444,120,77,948,1996.0,0.0,6699.0,0.49290100000000003,-0.429266,KNA,FRA,5530
429445,121,77,948,1996.0,598993.0,131350504.0,1.230793,1.0548959999999998,KOR,FRA,5530
429446,122,77,948,1996.0,30525.0,26398528.0,-0.412797,-1.1335899999999999,KWT,FRA,5530
429447,123,77,948,1996.0,0.0,52028.0,-0.602525,-0.683279,LAO,FRA,5530
429448,124,77,948,1996.0,0.0,35755100.0,-0.09233999999999999,0.127816,LBN,FRA,5530
429449,125,77,948,1996.0,0.0,72703.0,-1.2208629999999998,-1.1693440000000002,LBR,FRA,5530
429450,126,77,948,1996.0,0.0,3890662.0,-0.482066,-1.163722,LBY,FRA,5530
429451,127,77,948,1996.0,6981.0,34841.0,-0.027347000000000003,-0.556575,LCA,FRA,5530
429452,128,77,948,1996.0,128487.0,400829.0,-0.71165,-0.320193,LKA,FRA,5530
429453,130,77,948,1996.0,5639.0,2688286.0,0.360994,1.092575,LTU,FRA,5530
429454,132,77,948,1996.0,0.0,2038599.0,0.255258,0.42505299999999996,LVA,FRA,5530
429455,133,77,948,1996.0,0.0,872981.0,-0.089625,-0.42184499999999997,MAC,FRA,5530
429456,134,77,948,1996.0,151762.0,13929586.0,-0.56512,-0.31006999999999996,MAR,FRA,5530
429457,135,77,948,1996.0,0.0,340929.0,0.193705,0.10853,MDA,FRA,5530
429458,136,77,948,1996.0,6533.0,1099008.0,-0.971575,-0.656497,MDG,FRA,5530
429459,137,77,948,1996.0,0.0,300947.0,-1.1896639999999998,-1.077542,MDV,FRA,5530
429460,138,77,948,1996.0,261703.0,25474332.0,0.88569,1.044068,MEX,FRA,5530
429461,140,77,948,1996.0,0.0,397177.0,0.36478,0.760475,MKD,FRA,5530
429462,141,77,948,1996.0,5411.0,592624.0,-0.8623040000000001,-0.991231,MLI,FRA,5530
429463,142,77,948,1996.0,17731.0,6576387.0,1.245592,0.446754,MLT,FRA,5530
429464,143,77,948,1996.0,0.0,204261.0,-1.3258219999999998,-1.068414,MMR,FRA,5530
429465,145,77,948,1996.0,0.0,80781.0,-0.279007,-0.948549,MNG,FRA,5530
429466,146,77,948,1996.0,0.0,352372.0,0.034033,-0.668516,MNP,FRA,5530
429467,147,77,948,1996.0,0.0,604176.0,-1.0840459999999998,-1.016672,MOZ,FRA,5530
429468,148,77,948,1996.0,0.0,885893.0,-1.182626,-1.228759,MRT,FRA,5530
429469,149,77,948,1996.0,0.0,242341.0,1.352835,-0.27669099999999996,MSR,FRA,5530
429470,151,77,948,1996.0,61106.0,5579418.0,-0.578699,-0.831889,MUS,FRA,5530
429471,152,77,948,1996.0,0.0,133530.0,-1.203751,-1.003757,MWI,FRA,5530
429472,153,77,948,1996.0,314468.0,12918437.0,0.5493640000000001,0.248484,MYS,FRA,5530
429473,156,77,948,1996.0,4378.0,6751540.0,-0.994661,-0.827312,NCL,FRA,5530
429474,157,77,948,1996.0,10578.0,349236.0,-0.539406,-0.693657,NER,FRA,5530
429475,159,77,948,1996.0,13322.0,1451981.0,-1.9253069999999999,-1.247116,NGA,FRA,5530
429476,160,77,948,1996.0,0.0,45344.0,-0.810879,-0.64475,NIC,FRA,5530
429477,162,77,948,1996.0,33491886.0,152222448.0,1.331177,1.6320430000000001,NLD,FRA,5530
429478,163,77,948,1996.0,5016106.0,23463226.0,0.8207270000000001,0.043619,NOR,FRA,5530
429479,164,77,948,1996.0,2334.0,792616.0,-0.570144,-0.63484,NPL,FRA,5530
429480,166,77,948,1996.0,92115.0,8288334.0,0.404233,0.6724640000000001,NZL,FRA,5530
429481,167,77,948,1996.0,10727.0,7630624.0,-0.227075,-0.9778399999999999,OMN,FRA,5530
429482,168,77,948,1996.0,0.0,1566699.0,-0.759362,-0.541712,PAK,FRA,5530
429483,169,77,948,1996.0,0.0,64795844.0,-0.03243,-0.326329,PAN,FRA,5530
429484,173,77,948,1996.0,0.0,1516391.0,-0.374308,-0.36733499999999997,PER,FRA,5530
429485,174,77,948,1996.0,309618.0,5540598.0,0.0020329999999999997,0.40715,PHL,FRA,5530
429486,176,77,948,1996.0,0.0,76294.0,-1.918864,-1.24327,PNG,FRA,5530
429487,177,77,948,1996.0,784806.0,43824840.0,0.806283,1.92897,POL,FRA,5530
429488,178,77,948,1996.0,0.0,11357.0,0.778948,1.1338979999999999,PRK,FRA,5530
429489,179,77,948,1996.0,8698569.0,78291696.0,0.49924799999999997,0.9969520000000001,PRT,FRA,5530
429490,180,77,948,1996.0,0.0,8778475.0,-0.667054,-0.648122,PRY,FRA,5530
429491,182,77,948,1996.0,72575.0,4813972.0,0.9221219999999999,-0.317411,PYF,FRA,5530
429492,183,77,948,1996.0,2239.0,7612130.0,-0.511976,-1.148631,QAT,FRA,5530
429493,185,77,948,1996.0,47867.0,6224665.0,0.612166,1.201016,ROU,FRA,5530
429494,186,77,948,1996.0,71714.0,192224000.0,0.505247,0.349848,RUS,FRA,5530
429495,187,77,948,1996.0,0.0,4757.0,0.048038,-0.5664020000000001,RWA,FRA,5530
429496,188,77,948,1996.0,62108.0,84406328.0,-0.200762,-1.0419610000000001,SAU,FRA,5530
429497,189,77,948,1996.0,0.0,1451514.0,0.699084,2.2900150000000004,SCG,FRA,5530
429498,190,77,948,1996.0,0.0,825664.0,-1.342853,-1.183092,SDN,FRA,5530
429499,191,77,948,1996.0,0.0,2653384.0,-0.715409,-0.8895850000000001,SEN,FRA,5530
429500,192,77,948,1996.0,1019394.0,112881440.0,1.288635,0.259061,SGP,FRA,5530
429501,195,77,948,1996.0,0.0,21452.0,-1.6314629999999999,-0.917385,SLB,FRA,5530
429502,196,77,948,1996.0,1729.0,39542.0,-0.0266,-0.390162,SLE,FRA,5530
429503,197,77,948,1996.0,0.0,476123.0,-0.228625,-0.150274,SLV,FRA,5530
429504,200,77,948,1996.0,0.0,366327.0,0.14088900000000001,-0.503969,SPM,FRA,5530
429505,205,77,948,1996.0,0.0,133368.0,-1.062804,-0.893763,SUR,FRA,5530
429506,206,77,948,1996.0,0.0,2902937.0,1.1978739999999999,1.426243,SVK,FRA,5530
429507,207,77,948,1996.0,9900.0,14949361.0,1.352015,1.396593,SVN,FRA,5530
429508,208,77,948,1996.0,2109524.0,53685496.0,2.186414,0.848194,SWE,FRA,5530
429509,211,77,948,1996.0,85214.0,281028.0,-0.03785,-0.572653,SYC,FRA,5530
429510,212,77,948,1996.0,4444.0,505682.0,-1.096481,-1.0157260000000001,SYR,FRA,5530
429511,213,77,948,1996.0,0.0,10588.0,-0.576331,-0.789244,TCA,FRA,5530
429512,214,77,948,1996.0,0.0,276138.0,-0.8684709999999999,-0.758767,TCD,FRA,5530
429513,215,77,948,1996.0,4063.0,1188408.0,-0.879626,-0.748842,TGO,FRA,5530
429514,216,77,948,1996.0,769019.0,11361172.0,0.26155100000000003,1.146204,THA,FRA,5530
429515,219,77,948,1996.0,0.0,1049991.0,-0.666457,-1.1301350000000001,TKM,FRA,5530
429516,222,77,948,1996.0,0.0,215119.0,-0.002541,-0.543624,TTO,FRA,5530
429517,223,77,948,1996.0,85205.0,9056107.0,-0.250917,-0.057383,TUN,FRA,5530
429518,224,77,948,1996.0,92499.0,27091750.0,0.07259700000000001,1.734291,TUR,FRA,5530
429519,226,77,948,1996.0,0.0,349644.0,-1.186121,-0.6688390000000001,TZA,FRA,5530
429520,227,77,948,1996.0,0.0,542603.0,-1.105896,-0.910169,UGA,FRA,5530
429521,228,77,948,1996.0,0.0,14874288.0,0.7582479999999999,1.1207340000000001,UKR,FRA,5530
429522,230,77,948,1996.0,2019.0,23088934.0,0.182427,0.689738,URY,FRA,5530
429523,231,77,948,1996.0,62896948.0,458798816.0,1.742391,1.003066,USA,FRA,5530
429524,232,77,948,1996.0,0.0,724531.0,-0.139651,-0.670652,UZB,FRA,5530
429525,236,77,948,1996.0,73689.0,7089076.0,-0.039967,-0.828263,VEN,FRA,5530
429526,237,77,948,1996.0,0.0,1462404.0,0.430472,-0.323838,VGB,FRA,5530
429527,239,77,948,1996.0,5034.0,1624511.0,-0.8099569999999999,-0.032258999999999996,VNM,FRA,5530
429528,240,77,948,1996.0,0.0,313834.0,-0.78354,-0.903761,VUT,FRA,5530
429529,241,77,948,1996.0,0.0,294310.0,0.842592,-0.503129,WLF,FRA,5530
429530,242,77,948,1996.0,0.0,17393.0,-0.529907,-0.797609,WSM,FRA,5530
429531,243,77,948,1996.0,0.0,1330295.0,-1.395,-1.26641,YEM,FRA,5530
429532,246,77,948,1996.0,58279.0,15348057.0,0.277171,1.489549,ZAF,FRA,5530
429533,247,77,948,1996.0,0.0,42590.0,-0.58634,-0.796772,ZMB,FRA,5530
429534,248,77,948,1996.0,0.0,1018732.0,-0.46458999999999995,-0.273683,ZWE,FRA,5530
429535,249,77,948,1996.0,1582516.0,84928304.0,1.7375779999999998,1.4625860000000002,TWN,FRA,5530
429536,250,77,948,1996.0,1217316.0,21878606.0,1.153784,0.831677,ANS,FRA,5530
429537,18,80,948,1996.0,107279.0,0.0,1.5604850000000001,1.30819,BEL,GAB,5530
429538,41,80,948,1996.0,71603.0,0.0,2.344337,0.709607,CHE,GAB,5530
429539,43,80,948,1996.0,1405.0,0.0,0.383975,2.197461,CHN,GAB,5530
429540,44,80,948,1996.0,372075.0,0.0,-0.890915,-0.8165399999999999,CIV,GAB,5530
429541,45,80,948,1996.0,531267.0,0.0,-1.172534,-1.099308,CMR,GAB,5530
429542,58,80,948,1996.0,0.0,3273.0,0.11774200000000001,0.044968,CYP,GAB,5530
429543,61,80,948,1996.0,32102.0,0.0,2.347101,-2.4792799999999997,DEU,GAB,5530
429544,64,80,948,1996.0,1865.0,0.0,1.416927,1.401766,DNK,GAB,5530
429545,71,80,948,1996.0,34005.0,0.0,1.157591,1.795643,ESP,GAB,5530
429546,77,80,948,1996.0,3334316.0,0.0,1.571365,1.187529,FRA,GAB,5530
429547,81,80,948,1996.0,75081.0,0.0,1.948148,0.882453,GBR,GAB,5530
429548,97,80,948,1996.0,41488.0,0.0,0.699041,1.8341720000000001,HKG,GAB,5530
429549,103,80,948,1996.0,4425.0,0.0,-0.25952,1.343972,IDN,GAB,5530
429550,106,80,948,1996.0,31375.0,0.0,1.476369,1.049152,IRL,GAB,5530
429551,111,80,948,1996.0,74210.0,0.0,1.591442,0.875201,ITA,GAB,5530
429552,124,80,948,1996.0,21040.0,0.0,-0.09233999999999999,0.127816,LBN,GAB,5530
429553,134,80,948,1996.0,5965.0,0.0,-0.56512,-0.31006999999999996,MAR,GAB,5530
429554,159,80,948,1996.0,17803.0,0.0,-1.9253069999999999,-1.247116,NGA,GAB,5530
429555,162,80,948,1996.0,9083.0,0.0,1.331177,1.6320430000000001,NLD,GAB,5530
429556,179,80,948,1996.0,5246.0,0.0,0.49924799999999997,0.9969520000000001,PRT,GAB,5530
429557,215,80,948,1996.0,78533.0,22277.0,-0.879626,-0.748842,TGO,GAB,5530
429558,216,80,948,1996.0,6547.0,0.0,0.26155100000000003,1.146204,THA,GAB,5530
429559,224,80,948,1996.0,11994.0,0.0,0.07259700000000001,1.734291,TUR,GAB,5530
429560,231,80,948,1996.0,327752.0,0.0,1.742391,1.003066,USA,GAB,5530
429561,246,80,948,1996.0,11177.0,0.0,0.277171,1.489549,ZAF,GAB,5530
429562,249,80,948,1996.0,1894.0,0.0,1.7375779999999998,1.4625860000000002,TWN,GAB,5530
429563,0,81,948,1996.0,0.0,222432.0,-0.493634,-0.719576,ABW,GBR,5530
429564,1,81,948,1996.0,0.0,3495611.0,-0.760436,-0.864967,AFG,GBR,5530
429565,2,81,948,1996.0,0.0,194420.0,-2.314454,-1.236453,AGO,GBR,5530
429566,3,81,948,1996.0,0.0,11261.0,0.856749,0.008004,AIA,GBR,5530
429567,4,81,948,1996.0,0.0,80594.0,-0.42357399999999995,0.090179,ALB,GBR,5530
429568,5,81,948,1996.0,0.0,189881.0,0.9948959999999999,0.58532,AND,GBR,5530
429569,6,81,948,1996.0,0.0,161113.0,-0.2426,-0.701334,ANT,GBR,5530
429570,7,81,948,1996.0,6056204.0,53468928.0,-0.43356400000000006,-0.8715719999999999,ARE,GBR,5530
429571,8,81,948,1996.0,48099.0,2800320.0,0.007199,0.805707,ARG,GBR,5530
429572,9,81,948,1996.0,0.0,38217.0,1.0178040000000002,0.156363,ARM,GBR,5530
429573,13,81,948,1996.0,0.0,394599.0,0.463841,-0.048698000000000005,ATG,GBR,5530
429574,14,81,948,1996.0,2368409.0,36487232.0,0.025253,0.6428189999999999,AUS,GBR,5530
429575,15,81,948,1996.0,1554077.0,16020613.0,2.012626,0.395525,AUT,GBR,5530
429576,16,81,948,1996.0,0.0,330735.0,0.11756099999999998,-0.29673099999999997,AZE,GBR,5530
429577,17,81,948,1996.0,0.0,33429.0,-1.037716,-0.9776,BDI,GBR,5530
429578,18,81,948,1996.0,29716034.0,81855040.0,1.5604850000000001,1.30819,BEL,GBR,5530
429579,19,81,948,1996.0,0.0,950335.0,-1.023515,-0.9004909999999999,BEN,GBR,5530
429580,21,81,948,1996.0,0.0,2943.0,-0.6722739999999999,-0.9167639999999999,BFA,GBR,5530
429581,22,81,948,1996.0,8078.0,561650.0,-0.751219,-0.9638329999999999,BGD,GBR,5530
429582,23,81,948,1996.0,0.0,2130011.0,0.510789,1.749248,BGR,GBR,5530
429583,24,81,948,1996.0,144681.0,3233401.0,-0.359199,-0.9925,BHR,GBR,5530
429584,25,81,948,1996.0,6483.0,545142.0,0.301719,-0.44059899999999996,BHS,GBR,5530
429585,26,81,948,1996.0,0.0,67168.0,0.5718949999999999,0.991791,BIH,GBR,5530
429586,28,81,948,1996.0,0.0,802842.0,0.785274,1.0126899999999999,BLR,GBR,5530
429587,29,81,948,1996.0,0.0,157874.0,-0.267716,-0.651034,BLZ,GBR,5530
429588,30,81,948,1996.0,57651.0,509578.0,0.658562,-0.5025430000000001,BMU,GBR,5530
429589,31,81,948,1996.0,0.0,275918.0,-0.5529930000000001,-0.600893,BOL,GBR,5530
429590,32,81,948,1996.0,55505.0,2220397.0,0.8087340000000001,1.370183,BRA,GBR,5530
429591,33,81,948,1996.0,57368.0,438384.0,0.599391,0.065208,BRB,GBR,5530
429592,34,81,948,1996.0,1656.0,805898.0,-0.661198,-0.801408,BRN,GBR,5530
429593,35,81,948,1996.0,0.0,32132.0,-0.374718,-0.8180029999999999,BTN,GBR,5530
429594,39,81,948,1996.0,7089026.0,18392962.0,0.970932,1.111111,CAN,GBR,5530
429595,41,81,948,1996.0,31644630.0,70313576.0,2.344337,0.709607,CHE,GBR,5530
429596,42,81,948,1996.0,5826.0,732156.0,-0.161334,-0.301695,CHL,GBR,5530
429597,43,81,948,1996.0,1325709.0,574832.0,0.383975,2.197461,CHN,GBR,5530
429598,44,81,948,1996.0,0.0,611580.0,-0.890915,-0.8165399999999999,CIV,GBR,5530
429599,45,81,948,1996.0,0.0,86388.0,-1.172534,-1.099308,CMR,GBR,5530
429600,46,81,948,1996.0,2346.0,2111445.0,-1.288889,-1.129638,COD,GBR,5530
429601,47,81,948,1996.0,0.0,3944.0,-1.2520950000000002,-1.1901899999999999,COG,GBR,5530
429602,49,81,948,1996.0,0.0,338966.0,0.070101,0.08847999999999999,COL,GBR,5530
429603,50,81,948,1996.0,0.0,154138.0,0.003669,-0.6884,COM,GBR,5530
429604,51,81,948,1996.0,0.0,233238.0,0.069833,-0.560042,CPV,GBR,5530
429605,52,81,948,1996.0,0.0,115203.0,-0.23773000000000002,0.101373,CRI,GBR,5530
429606,54,81,948,1996.0,0.0,169792.0,-0.7669229999999999,-1.140361,CUB,GBR,5530
429607,57,81,948,1996.0,0.0,296911.0,0.255347,-0.593208,CYM,GBR,5530
429608,58,81,948,1996.0,187477.0,7513966.0,0.11774200000000001,0.044968,CYP,GBR,5530
429609,59,81,948,1996.0,220088.0,25316292.0,1.412088,1.171914,CZE,GBR,5530
429610,61,81,948,1996.0,157701504.0,305648640.0,2.347101,-2.4792799999999997,DEU,GBR,5530
429611,62,81,948,1996.0,0.0,38855.0,-0.152976,-0.573654,DJI,GBR,5530
429612,63,81,948,1996.0,0.0,53456.0,0.521576,-0.075879,DMA,GBR,5530
429613,64,81,948,1996.0,2719352.0,47406776.0,1.416927,1.401766,DNK,GBR,5530
429614,65,81,948,1996.0,0.0,26219.0,-0.370096,-0.371728,DOM,GBR,5530
429615,66,81,948,1996.0,0.0,277180.0,-0.478062,-1.107679,DZA,GBR,5530
429616,67,81,948,1996.0,0.0,985965.0,-1.128953,-0.960469,ECU,GBR,5530
429617,68,81,948,1996.0,124116.0,5350784.0,-0.405938,-0.209619,EGY,GBR,5530
429618,71,81,948,1996.0,30541218.0,102573040.0,1.157591,1.795643,ESP,GBR,5530
429619,72,81,948,1996.0,1735.0,2795820.0,0.445854,1.115429,EST,GBR,5530
429620,73,81,948,1996.0,0.0,138309.0,-1.072519,-1.169486,ETH,GBR,5530
429621,74,81,948,1996.0,1046160.0,16375716.0,2.007619,1.016303,FIN,GBR,5530
429622,75,81,948,1996.0,0.0,134163.0,-0.801999,-0.9148850000000001,FJI,GBR,5530
429623,76,81,948,1996.0,0.0,148957.0,0.369857,-0.577378,FLK,GBR,5530
429624,77,81,948,1996.0,467767936.0,184558608.0,1.571365,1.187529,FRA,GBR,5530
429625,78,81,948,1996.0,0.0,145482.0,-0.644187,-0.795554,FRO,GBR,5530
429626,80,81,948,1996.0,0.0,75081.0,-2.043879,-1.244397,GAB,GBR,5530
429627,82,81,948,1996.0,0.0,24051.0,0.28868499999999997,0.115705,GEO,GBR,5530
429628,83,81,948,1996.0,2263.0,5210476.0,-1.037413,-1.019025,GHA,GBR,5530
429629,84,81,948,1996.0,0.0,2292584.0,0.792741,-0.333993,GIB,GBR,5530
429630,85,81,948,1996.0,0.0,53981.0,-1.2720120000000001,-1.150363,GIN,GBR,5530
429631,87,81,948,1996.0,1172.0,303812.0,-0.8948459999999999,-0.837851,GMB,GBR,5530
429632,90,81,948,1996.0,858905.0,36545424.0,0.21841799999999997,1.081136,GRC,GBR,5530
429633,91,81,948,1996.0,0.0,36104.0,0.62736,-0.06942100000000001,GRD,GBR,5530
429634,92,81,948,1996.0,0.0,98588.0,-0.8046939999999999,-0.8102520000000001,GRL,GBR,5530
429635,93,81,948,1996.0,3518.0,150945.0,-0.28699,0.308033,GTM,GBR,5530
429636,96,81,948,1996.0,44488.0,229706.0,-0.618346,-0.7723760000000001,GUY,GBR,5530
429637,97,81,948,1996.0,6818680.0,18083348.0,0.699041,1.8341720000000001,HKG,GBR,5530
429638,99,81,948,1996.0,0.0,180432.0,-0.57404,-0.594276,HND,GBR,5530
429639,100,81,948,1996.0,0.0,2884137.0,0.739223,1.3032030000000001,HRV,GBR,5530
429640,101,81,948,1996.0,0.0,344576.0,-0.7161029999999999,-0.737263,HTI,GBR,5530
429641,102,81,948,1996.0,2074197.0,13527567.0,0.905526,1.887735,HUN,GBR,5530
429642,103,81,948,1996.0,13628.0,1659157.0,-0.25952,1.343972,IDN,GBR,5530
429643,104,81,948,1996.0,1637518.0,1107316.0,0.145769,1.983642,IND,GBR,5530
429644,106,81,948,1996.0,80453512.0,164700000.0,1.476369,1.049152,IRL,GBR,5530
429645,107,81,948,1996.0,8873.0,2868290.0,-1.0058129999999998,-1.215661,IRN,GBR,5530
429646,109,81,948,1996.0,5056.0,3052546.0,0.10151,-0.44307799999999997,ISL,GBR,5530
429647,110,81,948,1996.0,2146330.0,25061996.0,1.159922,1.025777,ISR,GBR,5530
429648,111,81,948,1996.0,93618640.0,98058448.0,1.591442,0.875201,ITA,GBR,5530
429649,112,81,948,1996.0,116567.0,206086.0,-0.64364,-0.8296379999999999,JAM,GBR,5530
429650,113,81,948,1996.0,77175.0,4233638.0,0.225125,-0.333293,JOR,GBR,5530
429651,114,81,948,1996.0,4849964.0,41448916.0,2.858869,0.477455,JPN,GBR,5530
429652,115,81,948,1996.0,0.0,894469.0,0.455772,0.16361099999999998,KAZ,GBR,5530
429653,116,81,948,1996.0,291342.0,3163301.0,-0.470653,-0.119252,KEN,GBR,5530
429654,117,81,948,1996.0,0.0,13553.0,0.19384,0.7500060000000001,KGZ,GBR,5530
429655,118,81,948,1996.0,0.0,129937.0,-0.9007299999999999,-0.9713620000000001,KHM,GBR,5530
429656,119,81,948,1996.0,0.0,5191.0,-0.07346,-0.715288,KIR,GBR,5530
429657,120,81,948,1996.0,0.0,33959.0,0.49290100000000003,-0.429266,KNA,GBR,5530
429658,121,81,948,1996.0,449873.0,2520646.0,1.230793,1.0548959999999998,KOR,GBR,5530
429659,122,81,948,1996.0,30859.0,11361844.0,-0.412797,-1.1335899999999999,KWT,GBR,5530
429660,123,81,948,1996.0,0.0,248136.0,-0.602525,-0.683279,LAO,GBR,5530
429661,124,81,948,1996.0,175850.0,9307270.0,-0.09233999999999999,0.127816,LBN,GBR,5530
429662,125,81,948,1996.0,0.0,47023.0,-1.2208629999999998,-1.1693440000000002,LBR,GBR,5530
429663,126,81,948,1996.0,0.0,1397680.0,-0.482066,-1.163722,LBY,GBR,5530
429664,127,81,948,1996.0,0.0,1404514.0,-0.027347000000000003,-0.556575,LCA,GBR,5530
429665,128,81,948,1996.0,19843.0,755367.0,-0.71165,-0.320193,LKA,GBR,5530
429666,130,81,948,1996.0,5121.0,4075914.0,0.360994,1.092575,LTU,GBR,5530
429667,132,81,948,1996.0,2838.0,6003268.0,0.255258,0.42505299999999996,LVA,GBR,5530
429668,133,81,948,1996.0,0.0,152144.0,-0.089625,-0.42184499999999997,MAC,GBR,5530
429669,134,81,948,1996.0,5562.0,1634234.0,-0.56512,-0.31006999999999996,MAR,GBR,5530
429670,135,81,948,1996.0,2090.0,82871.0,0.193705,0.10853,MDA,GBR,5530
429671,136,81,948,1996.0,0.0,86726.0,-0.971575,-0.656497,MDG,GBR,5530
429672,137,81,948,1996.0,0.0,732620.0,-1.1896639999999998,-1.077542,MDV,GBR,5530
429673,138,81,948,1996.0,255749.0,522210.0,0.88569,1.044068,MEX,GBR,5530
429674,139,81,948,1996.0,0.0,1230.0,0.016018,-0.686802,MHL,GBR,5530
429675,140,81,948,1996.0,0.0,293749.0,0.36478,0.760475,MKD,GBR,5530
429676,141,81,948,1996.0,0.0,108917.0,-0.8623040000000001,-0.991231,MLI,GBR,5530
429677,142,81,948,1996.0,6655726.0,4707582.0,1.245592,0.446754,MLT,GBR,5530
429678,143,81,948,1996.0,0.0,1007796.0,-1.3258219999999998,-1.068414,MMR,GBR,5530
429679,145,81,948,1996.0,0.0,155820.0,-0.279007,-0.948549,MNG,GBR,5530
429680,147,81,948,1996.0,0.0,141804.0,-1.0840459999999998,-1.016672,MOZ,GBR,5530
429681,148,81,948,1996.0,0.0,110901.0,-1.182626,-1.228759,MRT,GBR,5530
429682,149,81,948,1996.0,0.0,35717.0,1.352835,-0.27669099999999996,MSR,GBR,5530
429683,151,81,948,1996.0,2300.0,853174.0,-0.578699,-0.831889,MUS,GBR,5530
429684,152,81,948,1996.0,0.0,270614.0,-1.203751,-1.003757,MWI,GBR,5530
429685,153,81,948,1996.0,302450.0,8308464.0,0.5493640000000001,0.248484,MYS,GBR,5530
429686,156,81,948,1996.0,0.0,23860.0,-0.994661,-0.827312,NCL,GBR,5530
429687,159,81,948,1996.0,148424.0,9933352.0,-1.9253069999999999,-1.247116,NGA,GBR,5530
429688,160,81,948,1996.0,0.0,25263.0,-0.810879,-0.64475,NIC,GBR,5530
429689,161,81,948,1996.0,0.0,2798.0,0.993926,-0.311979,NIU,GBR,5530
429690,162,81,948,1996.0,49351644.0,95025240.0,1.331177,1.6320430000000001,NLD,GBR,5530
429691,163,81,948,1996.0,1855145.0,27083998.0,0.8207270000000001,0.043619,NOR,GBR,5530
429692,164,81,948,1996.0,0.0,807998.0,-0.570144,-0.63484,NPL,GBR,5530
429693,165,81,948,1996.0,0.0,20219.0,1.237408,-0.315644,NRU,GBR,5530
429694,166,81,948,1996.0,394522.0,5763386.0,0.404233,0.6724640000000001,NZL,GBR,5530
429695,167,81,948,1996.0,12977.0,4541744.0,-0.227075,-0.9778399999999999,OMN,GBR,5530
429696,168,81,948,1996.0,286958.0,4998202.0,-0.759362,-0.541712,PAK,GBR,5530
429697,169,81,948,1996.0,149481.0,756315.0,-0.03243,-0.326329,PAN,GBR,5530
429698,171,81,948,1996.0,0.0,155602.0,-0.257227,-0.746771,PCN,GBR,5530
429699,173,81,948,1996.0,0.0,94119.0,-0.374308,-0.36733499999999997,PER,GBR,5530
429700,174,81,948,1996.0,340179.0,1947192.0,0.0020329999999999997,0.40715,PHL,GBR,5530
429701,175,81,948,1996.0,0.0,7466.0,-0.070853,-0.680732,PLW,GBR,5530
429702,176,81,948,1996.0,0.0,229457.0,-1.918864,-1.24327,PNG,GBR,5530
429703,177,81,948,1996.0,803909.0,67793432.0,0.806283,1.92897,POL,GBR,5530
429704,178,81,948,1996.0,0.0,232017.0,0.778948,1.1338979999999999,PRK,GBR,5530
429705,179,81,948,1996.0,6346248.0,20322632.0,0.49924799999999997,0.9969520000000001,PRT,GBR,5530
429706,180,81,948,1996.0,0.0,631328.0,-0.667054,-0.648122,PRY,GBR,5530
429707,182,81,948,1996.0,0.0,103250.0,0.9221219999999999,-0.317411,PYF,GBR,5530
429708,183,81,948,1996.0,6098.0,3136828.0,-0.511976,-1.148631,QAT,GBR,5530
429709,185,81,948,1996.0,14093.0,6740880.0,0.612166,1.201016,ROU,GBR,5530
429710,186,81,948,1996.0,48527.0,138428176.0,0.505247,0.349848,RUS,GBR,5530
429711,187,81,948,1996.0,0.0,41405.0,0.048038,-0.5664020000000001,RWA,GBR,5530
429712,188,81,948,1996.0,121799.0,28783564.0,-0.200762,-1.0419610000000001,SAU,GBR,5530
429713,189,81,948,1996.0,4342.0,331467.0,0.699084,2.2900150000000004,SCG,GBR,5530
429714,190,81,948,1996.0,12937.0,1123779.0,-1.342853,-1.183092,SDN,GBR,5530
429715,191,81,948,1996.0,0.0,427936.0,-0.715409,-0.8895850000000001,SEN,GBR,5530
429716,192,81,948,1996.0,5877492.0,20260912.0,1.288635,0.259061,SGP,GBR,5530
429717,194,81,948,1996.0,0.0,45950.0,0.8783110000000001,-0.211286,SHN,GBR,5530
429718,195,81,948,1996.0,0.0,56918.0,-1.6314629999999999,-0.917385,SLB,GBR,5530
429719,196,81,948,1996.0,17036.0,667754.0,-0.0266,-0.390162,SLE,GBR,5530
429720,197,81,948,1996.0,0.0,134231.0,-0.228625,-0.150274,SLV,GBR,5530
429721,199,81,948,1996.0,0.0,5150.0,-1.474985,-0.954166,SOM,GBR,5530
429722,205,81,948,1996.0,0.0,48284.0,-1.062804,-0.893763,SUR,GBR,5530
429723,206,81,948,1996.0,14040.0,1828983.0,1.1978739999999999,1.426243,SVK,GBR,5530
429724,207,81,948,1996.0,0.0,2900138.0,1.352015,1.396593,SVN,GBR,5530
429725,208,81,948,1996.0,1607025.0,55277396.0,2.186414,0.848194,SWE,GBR,5530
429726,211,81,948,1996.0,0.0,508025.0,-0.03785,-0.572653,SYC,GBR,5530
429727,212,81,948,1996.0,0.0,1093348.0,-1.096481,-1.0157260000000001,SYR,GBR,5530
429728,215,81,948,1996.0,0.0,77237.0,-0.879626,-0.748842,TGO,GBR,5530
429729,216,81,948,1996.0,1375600.0,4399244.0,0.26155100000000003,1.146204,THA,GBR,5530
429730,217,81,948,1996.0,0.0,7411.0,0.03373,-0.7239720000000001,TJK,GBR,5530
429731,221,81,948,1996.0,0.0,7250.0,-0.607237,-0.864383,TON,GBR,5530
429732,222,81,948,1996.0,6214.0,498800.0,-0.002541,-0.543624,TTO,GBR,5530
429733,223,81,948,1996.0,0.0,330609.0,-0.250917,-0.057383,TUN,GBR,5530
429734,224,81,948,1996.0,118316.0,11146740.0,0.07259700000000001,1.734291,TUR,GBR,5530
429735,226,81,948,1996.0,0.0,2464058.0,-1.186121,-0.6688390000000001,TZA,GBR,5530
429736,227,81,948,1996.0,81403.0,2108368.0,-1.105896,-0.910169,UGA,GBR,5530
429737,228,81,948,1996.0,0.0,6282496.0,0.7582479999999999,1.1207340000000001,UKR,GBR,5530
429738,230,81,948,1996.0,0.0,588739.0,0.182427,0.689738,URY,GBR,5530
429739,231,81,948,1996.0,125633000.0,79929560.0,1.742391,1.003066,USA,GBR,5530
429740,232,81,948,1996.0,0.0,804711.0,-0.139651,-0.670652,UZB,GBR,5530
429741,234,81,948,1996.0,0.0,33913.0,-0.05218,-0.49757700000000005,VCT,GBR,5530
429742,236,81,948,1996.0,2461.0,175699.0,-0.039967,-0.828263,VEN,GBR,5530
429743,237,81,948,1996.0,0.0,17775.0,0.430472,-0.323838,VGB,GBR,5530
429744,239,81,948,1996.0,0.0,78430.0,-0.8099569999999999,-0.032258999999999996,VNM,GBR,5530
429745,243,81,948,1996.0,0.0,591341.0,-1.395,-1.26641,YEM,GBR,5530
429746,246,81,948,1996.0,3457614.0,10146694.0,0.277171,1.489549,ZAF,GBR,5530
429747,247,81,948,1996.0,18973.0,315419.0,-0.58634,-0.796772,ZMB,GBR,5530
429748,248,81,948,1996.0,5908.0,527424.0,-0.46458999999999995,-0.273683,ZWE,GBR,5530
429749,249,81,948,1996.0,4195325.0,12708304.0,1.7375779999999998,1.4625860000000002,TWN,GBR,5530
429750,250,81,948,1996.0,71745.0,626786.0,1.153784,0.831677,ANS,GBR,5530
429751,1,90,948,1996.0,0.0,343976.0,-0.760436,-0.864967,AFG,GRC,5530
429752,4,90,948,1996.0,0.0,1066480.0,-0.42357399999999995,0.090179,ALB,GRC,5530
429753,7,90,948,1996.0,0.0,2127697.0,-0.43356400000000006,-0.8715719999999999,ARE,GRC,5530
429754,14,90,948,1996.0,411908.0,48013.0,0.025253,0.6428189999999999,AUS,GRC,5530
429755,15,90,948,1996.0,82210.0,2941913.0,2.012626,0.395525,AUT,GRC,5530
429756,18,90,948,1996.0,16255516.0,869502.0,1.5604850000000001,1.30819,BEL,GRC,5530
429757,22,90,948,1996.0,0.0,389761.0,-0.751219,-0.9638329999999999,BGD,GRC,5530
429758,23,90,948,1996.0,99644.0,2844996.0,0.510789,1.749248,BGR,GRC,5530
429759,25,90,948,1996.0,0.0,75748.0,0.301719,-0.44059899999999996,BHS,GRC,5530
429760,26,90,948,1996.0,0.0,127113.0,0.5718949999999999,0.991791,BIH,GRC,5530
429761,39,90,948,1996.0,158589.0,82517.0,0.970932,1.111111,CAN,GRC,5530
429762,40,90,948,1996.0,11924.0,0.0,0.272806,-0.49460200000000004,CCK,GRC,5530
429763,41,90,948,1996.0,7020120.0,108079.0,2.344337,0.709607,CHE,GRC,5530
429764,42,90,948,1996.0,0.0,2304.0,-0.161334,-0.301695,CHL,GRC,5530
429765,43,90,948,1996.0,407579.0,0.0,0.383975,2.197461,CHN,GRC,5530
429766,49,90,948,1996.0,0.0,9533.0,0.070101,0.08847999999999999,COL,GRC,5530
429767,52,90,948,1996.0,1105.0,0.0,-0.23773000000000002,0.101373,CRI,GRC,5530
429768,58,90,948,1996.0,721818.0,3584708.0,0.11774200000000001,0.044968,CYP,GRC,5530
429769,59,90,948,1996.0,1053.0,351758.0,1.412088,1.171914,CZE,GRC,5530
429770,61,90,948,1996.0,32148456.0,339047.0,2.347101,-2.4792799999999997,DEU,GRC,5530
429771,64,90,948,1996.0,455658.0,1853.0,1.416927,1.401766,DNK,GRC,5530
429772,68,90,948,1996.0,0.0,44158.0,-0.405938,-0.209619,EGY,GRC,5530
429773,71,90,948,1996.0,4805016.0,374767.0,1.157591,1.795643,ESP,GRC,5530
429774,72,90,948,1996.0,0.0,90839.0,0.445854,1.115429,EST,GRC,5530
429775,74,90,948,1996.0,1954.0,2545152.0,2.007619,1.016303,FIN,GRC,5530
429776,77,90,948,1996.0,64229664.0,7057884.0,1.571365,1.187529,FRA,GRC,5530
429777,81,90,948,1996.0,36545424.0,858905.0,1.948148,0.882453,GBR,GRC,5530
429778,82,90,948,1996.0,0.0,46690.0,0.28868499999999997,0.115705,GEO,GRC,5530
429779,84,90,948,1996.0,0.0,30094.0,0.792741,-0.333993,GIB,GRC,5530
429780,97,90,948,1996.0,62126.0,235097.0,0.699041,1.8341720000000001,HKG,GRC,5530
429781,100,90,948,1996.0,0.0,2812180.0,0.739223,1.3032030000000001,HRV,GRC,5530
429782,102,90,948,1996.0,3460.0,1231714.0,0.905526,1.887735,HUN,GRC,5530
429783,104,90,948,1996.0,64980.0,1465.0,0.145769,1.983642,IND,GRC,5530
429784,106,90,948,1996.0,3338286.0,319857.0,1.476369,1.049152,IRL,GRC,5530
429785,109,90,948,1996.0,0.0,422145.0,0.10151,-0.44307799999999997,ISL,GRC,5530
429786,110,90,948,1996.0,249718.0,4523470.0,1.159922,1.025777,ISR,GRC,5530
429787,111,90,948,1996.0,30119142.0,841740.0,1.591442,0.875201,ITA,GRC,5530
429788,113,90,948,1996.0,25024.0,182185.0,0.225125,-0.333293,JOR,GRC,5530
429789,114,90,948,1996.0,262121.0,66351.0,2.858869,0.477455,JPN,GRC,5530
429790,115,90,948,1996.0,1413.0,1525386.0,0.455772,0.16361099999999998,KAZ,GRC,5530
429791,116,90,948,1996.0,0.0,43136.0,-0.470653,-0.119252,KEN,GRC,5530
429792,121,90,948,1996.0,25389.0,0.0,1.230793,1.0548959999999998,KOR,GRC,5530
429793,122,90,948,1996.0,0.0,165825.0,-0.412797,-1.1335899999999999,KWT,GRC,5530
429794,124,90,948,1996.0,0.0,388222.0,-0.09233999999999999,0.127816,LBN,GRC,5530
429795,126,90,948,1996.0,0.0,117218.0,-0.482066,-1.163722,LBY,GRC,5530
429796,130,90,948,1996.0,0.0,999056.0,0.360994,1.092575,LTU,GRC,5530
429797,132,90,948,1996.0,0.0,2838411.0,0.255258,0.42505299999999996,LVA,GRC,5530
429798,134,90,948,1996.0,0.0,7364.0,-0.56512,-0.31006999999999996,MAR,GRC,5530
429799,135,90,948,1996.0,0.0,166331.0,0.193705,0.10853,MDA,GRC,5530
429800,137,90,948,1996.0,0.0,121095.0,-1.1896639999999998,-1.077542,MDV,GRC,5530
429801,140,90,948,1996.0,0.0,1277892.0,0.36478,0.760475,MKD,GRC,5530
429802,142,90,948,1996.0,5148.0,326917.0,1.245592,0.446754,MLT,GRC,5530
429803,159,90,948,1996.0,0.0,6197.0,-1.9253069999999999,-1.247116,NGA,GRC,5530
429804,162,90,948,1996.0,2500600.0,322532.0,1.331177,1.6320430000000001,NLD,GRC,5530
429805,163,90,948,1996.0,1629.0,16159.0,0.8207270000000001,0.043619,NOR,GRC,5530
429806,164,90,948,1996.0,0.0,124364.0,-0.570144,-0.63484,NPL,GRC,5530
429807,166,90,948,1996.0,97827.0,3962.0,0.404233,0.6724640000000001,NZL,GRC,5530
429808,167,90,948,1996.0,0.0,57936.0,-0.227075,-0.9778399999999999,OMN,GRC,5530
429809,169,90,948,1996.0,0.0,30886.0,-0.03243,-0.326329,PAN,GRC,5530
429810,177,90,948,1996.0,0.0,2710196.0,0.806283,1.92897,POL,GRC,5530
429811,179,90,948,1996.0,0.0,638635.0,0.49924799999999997,0.9969520000000001,PRT,GRC,5530
429812,182,90,948,1996.0,0.0,1493.0,0.9221219999999999,-0.317411,PYF,GRC,5530
429813,185,90,948,1996.0,12412.0,3994687.0,0.612166,1.201016,ROU,GRC,5530
429814,186,90,948,1996.0,0.0,2218232.0,0.505247,0.349848,RUS,GRC,5530
429815,188,90,948,1996.0,32433.0,1411634.0,-0.200762,-1.0419610000000001,SAU,GRC,5530
429816,189,90,948,1996.0,0.0,1775152.0,0.699084,2.2900150000000004,SCG,GRC,5530
429817,190,90,948,1996.0,0.0,10713.0,-1.342853,-1.183092,SDN,GRC,5530
429818,192,90,948,1996.0,0.0,51142.0,1.288635,0.259061,SGP,GRC,5530
429819,206,90,948,1996.0,0.0,2446.0,1.1978739999999999,1.426243,SVK,GRC,5530
429820,207,90,948,1996.0,0.0,1578045.0,1.352015,1.396593,SVN,GRC,5530
429821,208,90,948,1996.0,156438.0,38877.0,2.186414,0.848194,SWE,GRC,5530
429822,211,90,948,1996.0,0.0,14579.0,-0.03785,-0.572653,SYC,GRC,5530
429823,216,90,948,1996.0,4302.0,0.0,0.26155100000000003,1.146204,THA,GRC,5530
429824,217,90,948,1996.0,0.0,117250.0,0.03373,-0.7239720000000001,TJK,GRC,5530
429825,223,90,948,1996.0,14124.0,10590.0,-0.250917,-0.057383,TUN,GRC,5530
429826,224,90,948,1996.0,35381.0,2361402.0,0.07259700000000001,1.734291,TUR,GRC,5530
429827,226,90,948,1996.0,0.0,5338.0,-1.186121,-0.6688390000000001,TZA,GRC,5530
429828,228,90,948,1996.0,0.0,3608817.0,0.7582479999999999,1.1207340000000001,UKR,GRC,5530
429829,231,90,948,1996.0,3751290.0,402741.0,1.742391,1.003066,USA,GRC,5530
429830,232,90,948,1996.0,0.0,675365.0,-0.139651,-0.670652,UZB,GRC,5530
429831,234,90,948,1996.0,0.0,7624.0,-0.05218,-0.49757700000000005,VCT,GRC,5530
429832,236,90,948,1996.0,0.0,10222.0,-0.039967,-0.828263,VEN,GRC,5530
429833,243,90,948,1996.0,0.0,25935.0,-1.395,-1.26641,YEM,GRC,5530
429834,246,90,948,1996.0,36713.0,2340.0,0.277171,1.489549,ZAF,GRC,5530
429835,249,90,948,1996.0,459998.0,57354.0,1.7375779999999998,1.4625860000000002,TWN,GRC,5530
429836,250,90,948,1996.0,2719.0,93117.0,1.153784,0.831677,ANS,GRC,5530
429837,8,93,948,1996.0,8978.0,0.0,0.007199,0.805707,ARG,GTM,5530
429838,18,93,948,1996.0,1368.0,0.0,1.5604850000000001,1.30819,BEL,GTM,5530
429839,29,93,948,1996.0,0.0,6205.0,-0.267716,-0.651034,BLZ,GTM,5530
429840,32,93,948,1996.0,1037.0,723955.0,0.8087340000000001,1.370183,BRA,GTM,5530
429841,33,93,948,1996.0,0.0,3334.0,0.599391,0.065208,BRB,GTM,5530
429842,39,93,948,1996.0,6517.0,0.0,0.970932,1.111111,CAN,GTM,5530
429843,41,93,948,1996.0,9282.0,0.0,2.344337,0.709607,CHE,GTM,5530
429844,42,93,948,1996.0,2986.0,0.0,-0.161334,-0.301695,CHL,GTM,5530
429845,43,93,948,1996.0,24450.0,0.0,0.383975,2.197461,CHN,GTM,5530
429846,49,93,948,1996.0,363121.0,14506.0,0.070101,0.08847999999999999,COL,GTM,5530
429847,52,93,948,1996.0,1010391.0,4602598.0,-0.23773000000000002,0.101373,CRI,GTM,5530
429848,54,93,948,1996.0,0.0,104635.0,-0.7669229999999999,-1.140361,CUB,GTM,5530
429849,61,93,948,1996.0,115561.0,13083.0,2.347101,-2.4792799999999997,DEU,GTM,5530
429850,64,93,948,1996.0,0.0,8076.0,1.416927,1.401766,DNK,GTM,5530
429851,65,93,948,1996.0,0.0,229573.0,-0.370096,-0.371728,DOM,GTM,5530
429852,67,93,948,1996.0,0.0,116470.0,-1.128953,-0.960469,ECU,GTM,5530
429853,71,93,948,1996.0,272293.0,0.0,1.157591,1.795643,ESP,GTM,5530
429854,77,93,948,1996.0,583306.0,0.0,1.571365,1.187529,FRA,GTM,5530
429855,81,93,948,1996.0,150945.0,3518.0,1.948148,0.882453,GBR,GTM,5530
429856,97,93,948,1996.0,6122.0,0.0,0.699041,1.8341720000000001,HKG,GTM,5530
429857,99,93,948,1996.0,278939.0,4539680.0,-0.57404,-0.594276,HND,GTM,5530
429858,101,93,948,1996.0,0.0,8397.0,-0.7161029999999999,-0.737263,HTI,GTM,5530
429859,103,93,948,1996.0,25866.0,0.0,-0.25952,1.343972,IDN,GTM,5530
429860,106,93,948,1996.0,148910.0,0.0,1.476369,1.049152,IRL,GTM,5530
429861,110,93,948,1996.0,15686.0,0.0,1.159922,1.025777,ISR,GTM,5530
429862,111,93,948,1996.0,17970.0,3118.0,1.591442,0.875201,ITA,GTM,5530
429863,112,93,948,1996.0,0.0,18239.0,-0.64364,-0.8296379999999999,JAM,GTM,5530
429864,114,93,948,1996.0,53828.0,0.0,2.858869,0.477455,JPN,GTM,5530
429865,121,93,948,1996.0,1592.0,0.0,1.230793,1.0548959999999998,KOR,GTM,5530
429866,138,93,948,1996.0,4888500.0,63078.0,0.88569,1.044068,MEX,GTM,5530
429867,160,93,948,1996.0,3839.0,4468392.0,-0.810879,-0.64475,NIC,GTM,5530
429868,162,93,948,1996.0,34118.0,0.0,1.331177,1.6320430000000001,NLD,GTM,5530
429869,169,93,948,1996.0,1457009.0,1646905.0,-0.03243,-0.326329,PAN,GTM,5530
429870,173,93,948,1996.0,0.0,80050.0,-0.374308,-0.36733499999999997,PER,GTM,5530
429871,197,93,948,1996.0,1164437.0,14637504.0,-0.228625,-0.150274,SLV,GTM,5530
429872,222,93,948,1996.0,0.0,9867.0,-0.002541,-0.543624,TTO,GTM,5530
429873,230,93,948,1996.0,0.0,6225.0,0.182427,0.689738,URY,GTM,5530
429874,231,93,948,1996.0,7146137.0,659074.0,1.742391,1.003066,USA,GTM,5530
429875,236,93,948,1996.0,40864.0,0.0,-0.039967,-0.828263,VEN,GTM,5530
429876,249,93,948,1996.0,16023.0,0.0,1.7375779999999998,1.4625860000000002,TWN,GTM,5530
429877,250,93,948,1996.0,1960.0,0.0,1.153784,0.831677,ANS,GTM,5530
429878,0,97,948,1996.0,0.0,23500.0,-0.493634,-0.719576,ABW,HKG,5530
429879,1,97,948,1996.0,0.0,122583.0,-0.760436,-0.864967,AFG,HKG,5530
429880,2,97,948,1996.0,0.0,29051.0,-2.314454,-1.236453,AGO,HKG,5530
429881,6,97,948,1996.0,0.0,25124.0,-0.2426,-0.701334,ANT,HKG,5530
429882,7,97,948,1996.0,850685.0,1666425.0,-0.43356400000000006,-0.8715719999999999,ARE,HKG,5530
429883,8,97,948,1996.0,0.0,46694.0,0.007199,0.805707,ARG,HKG,5530
429884,14,97,948,1996.0,11275884.0,723629.0,0.025253,0.6428189999999999,AUS,HKG,5530
429885,15,97,948,1996.0,67263.0,136047.0,2.012626,0.395525,AUT,HKG,5530
429886,18,97,948,1996.0,6145158.0,245127.0,1.5604850000000001,1.30819,BEL,HKG,5530
429887,19,97,948,1996.0,0.0,109485.0,-1.023515,-0.9004909999999999,BEN,HKG,5530
429888,21,97,948,1996.0,0.0,76580.0,-0.6722739999999999,-0.9167639999999999,BFA,HKG,5530
429889,22,97,948,1996.0,0.0,81025.0,-0.751219,-0.9638329999999999,BGD,HKG,5530
429890,24,97,948,1996.0,19699.0,84875.0,-0.359199,-0.9925,BHR,HKG,5530
429891,30,97,948,1996.0,0.0,25362.0,0.658562,-0.5025430000000001,BMU,HKG,5530
429892,32,97,948,1996.0,18353.0,72996.0,0.8087340000000001,1.370183,BRA,HKG,5530
429893,33,97,948,1996.0,0.0,6320.0,0.599391,0.065208,BRB,HKG,5530
429894,34,97,948,1996.0,0.0,492212.0,-0.661198,-0.801408,BRN,HKG,5530
429895,39,97,948,1996.0,21111526.0,648754.0,0.970932,1.111111,CAN,HKG,5530
429896,41,97,948,1996.0,18535706.0,468638.0,2.344337,0.709607,CHE,HKG,5530
429897,42,97,948,1996.0,10248.0,84927.0,-0.161334,-0.301695,CHL,HKG,5530
429898,43,97,948,1996.0,69440736.0,10428720.0,0.383975,2.197461,CHN,HKG,5530
429899,44,97,948,1996.0,0.0,37457.0,-0.890915,-0.8165399999999999,CIV,HKG,5530
429900,46,97,948,1996.0,0.0,36838.0,-1.288889,-1.129638,COD,HKG,5530
429901,47,97,948,1996.0,0.0,54680.0,-1.2520950000000002,-1.1901899999999999,COG,HKG,5530
429902,49,97,948,1996.0,0.0,1136.0,0.070101,0.08847999999999999,COL,HKG,5530
429903,58,97,948,1996.0,27134.0,0.0,0.11774200000000001,0.044968,CYP,HKG,5530
429904,59,97,948,1996.0,0.0,72396.0,1.412088,1.171914,CZE,HKG,5530
429905,61,97,948,1996.0,19037090.0,352513.0,2.347101,-2.4792799999999997,DEU,HKG,5530
429906,64,97,948,1996.0,118897.0,200431.0,1.416927,1.401766,DNK,HKG,5530
429907,65,97,948,1996.0,0.0,78696.0,-0.370096,-0.371728,DOM,HKG,5530
429908,66,97,948,1996.0,0.0,19205.0,-0.478062,-1.107679,DZA,HKG,5530
429909,67,97,948,1996.0,0.0,6128.0,-1.128953,-0.960469,ECU,HKG,5530
429910,68,97,948,1996.0,1656206.0,0.0,-0.405938,-0.209619,EGY,HKG,5530
429911,71,97,948,1996.0,3858965.0,96466.0,1.157591,1.795643,ESP,HKG,5530
429912,72,97,948,1996.0,0.0,1063.0,0.445854,1.115429,EST,HKG,5530
429913,74,97,948,1996.0,63817.0,10215.0,2.007619,1.016303,FIN,HKG,5530
429914,75,97,948,1996.0,0.0,100707.0,-0.801999,-0.9148850000000001,FJI,HKG,5530
429915,77,97,948,1996.0,130602176.0,326156.0,1.571365,1.187529,FRA,HKG,5530
429916,80,97,948,1996.0,0.0,41488.0,-2.043879,-1.244397,GAB,HKG,5530
429917,81,97,948,1996.0,18083348.0,6818680.0,1.948148,0.882453,GBR,HKG,5530
429918,83,97,948,1996.0,0.0,147785.0,-1.037413,-1.019025,GHA,HKG,5530
429919,85,97,948,1996.0,0.0,123560.0,-1.2720120000000001,-1.150363,GIN,HKG,5530
429920,87,97,948,1996.0,0.0,1934.0,-0.8948459999999999,-0.837851,GMB,HKG,5530
429921,88,97,948,1996.0,0.0,21301.0,-2.151325,-0.959936,GNB,HKG,5530
429922,89,97,948,1996.0,0.0,13192.0,-1.78253,-0.8802760000000001,GNQ,HKG,5530
429923,90,97,948,1996.0,235097.0,62126.0,0.21841799999999997,1.081136,GRC,HKG,5530
429924,93,97,948,1996.0,0.0,6122.0,-0.28699,0.308033,GTM,HKG,5530
429925,99,97,948,1996.0,0.0,1118.0,-0.57404,-0.594276,HND,HKG,5530
429926,100,97,948,1996.0,0.0,27284.0,0.739223,1.3032030000000001,HRV,HKG,5530
429927,101,97,948,1996.0,0.0,41600.0,-0.7161029999999999,-0.737263,HTI,HKG,5530
429928,102,97,948,1996.0,0.0,19283.0,0.905526,1.887735,HUN,HKG,5530
429929,103,97,948,1996.0,3611675.0,1080608.0,-0.25952,1.343972,IDN,HKG,5530
429930,104,97,948,1996.0,163037.0,14694.0,0.145769,1.983642,IND,HKG,5530
429931,106,97,948,1996.0,9058951.0,282829.0,1.476369,1.049152,IRL,HKG,5530
429932,107,97,948,1996.0,0.0,90747.0,-1.0058129999999998,-1.215661,IRN,HKG,5530
429933,109,97,948,1996.0,33425.0,0.0,0.10151,-0.44307799999999997,ISL,HKG,5530
429934,110,97,948,1996.0,756136.0,42458.0,1.159922,1.025777,ISR,HKG,5530
429935,111,97,948,1996.0,23568948.0,192026.0,1.591442,0.875201,ITA,HKG,5530
429936,113,97,948,1996.0,2645984.0,14844.0,0.225125,-0.333293,JOR,HKG,5530
429937,114,97,948,1996.0,53618136.0,10927696.0,2.858869,0.477455,JPN,HKG,5530
429938,118,97,948,1996.0,0.0,251569.0,-0.9007299999999999,-0.9713620000000001,KHM,HKG,5530
429939,120,97,948,1996.0,0.0,15447.0,0.49290100000000003,-0.429266,KNA,HKG,5530
429940,121,97,948,1996.0,12699828.0,3428662.0,1.230793,1.0548959999999998,KOR,HKG,5530
429941,122,97,948,1996.0,817999.0,82751.0,-0.412797,-1.1335899999999999,KWT,HKG,5530
429942,123,97,948,1996.0,0.0,18116.0,-0.602525,-0.683279,LAO,HKG,5530
429943,124,97,948,1996.0,0.0,6499.0,-0.09233999999999999,0.127816,LBN,HKG,5530
429944,125,97,948,1996.0,0.0,72966.0,-1.2208629999999998,-1.1693440000000002,LBR,HKG,5530
429945,128,97,948,1996.0,2688.0,12152.0,-0.71165,-0.320193,LKA,HKG,5530
429946,133,97,948,1996.0,4888194.0,39775060.0,-0.089625,-0.42184499999999997,MAC,HKG,5530
429947,136,97,948,1996.0,0.0,38433.0,-0.971575,-0.656497,MDG,HKG,5530
429948,137,97,948,1996.0,0.0,67252.0,-1.1896639999999998,-1.077542,MDV,HKG,5530
429949,138,97,948,1996.0,34647.0,124968.0,0.88569,1.044068,MEX,HKG,5530
429950,140,97,948,1996.0,0.0,1308.0,0.36478,0.760475,MKD,HKG,5530
429951,141,97,948,1996.0,0.0,112902.0,-0.8623040000000001,-0.991231,MLI,HKG,5530
429952,142,97,948,1996.0,0.0,9326.0,1.245592,0.446754,MLT,HKG,5530
429953,143,97,948,1996.0,0.0,6806.0,-1.3258219999999998,-1.068414,MMR,HKG,5530
429954,145,97,948,1996.0,0.0,255179.0,-0.279007,-0.948549,MNG,HKG,5530
429955,148,97,948,1996.0,0.0,58638.0,-1.182626,-1.228759,MRT,HKG,5530
429956,151,97,948,1996.0,0.0,46292.0,-0.578699,-0.831889,MUS,HKG,5530
429957,153,97,948,1996.0,9257571.0,20928386.0,0.5493640000000001,0.248484,MYS,HKG,5530
429958,156,97,948,1996.0,0.0,55070.0,-0.994661,-0.827312,NCL,HKG,5530
429959,159,97,948,1996.0,0.0,134117.0,-1.9253069999999999,-1.247116,NGA,HKG,5530
429960,162,97,948,1996.0,6447594.0,1432419.0,1.331177,1.6320430000000001,NLD,HKG,5530
429961,163,97,948,1996.0,8736.0,57190.0,0.8207270000000001,0.043619,NOR,HKG,5530
429962,164,97,948,1996.0,0.0,123440.0,-0.570144,-0.63484,NPL,HKG,5530
429963,166,97,948,1996.0,1457344.0,89222.0,0.404233,0.6724640000000001,NZL,HKG,5530
429964,167,97,948,1996.0,12635.0,42501.0,-0.227075,-0.9778399999999999,OMN,HKG,5530
429965,168,97,948,1996.0,0.0,233081.0,-0.759362,-0.541712,PAK,HKG,5530
429966,169,97,948,1996.0,638735.0,308170.0,-0.03243,-0.326329,PAN,HKG,5530
429967,173,97,948,1996.0,0.0,1639.0,-0.374308,-0.36733499999999997,PER,HKG,5530
429968,174,97,948,1996.0,528295.0,3189252.0,0.0020329999999999997,0.40715,PHL,HKG,5530
429969,176,97,948,1996.0,0.0,272288.0,-1.918864,-1.24327,PNG,HKG,5530
429970,177,97,948,1996.0,0.0,261749.0,0.806283,1.92897,POL,HKG,5530
429971,178,97,948,1996.0,0.0,95240.0,0.778948,1.1338979999999999,PRK,HKG,5530
429972,179,97,948,1996.0,6888.0,20834.0,0.49924799999999997,0.9969520000000001,PRT,HKG,5530
429973,180,97,948,1996.0,0.0,314756.0,-0.667054,-0.648122,PRY,HKG,5530
429974,182,97,948,1996.0,0.0,6277.0,0.9221219999999999,-0.317411,PYF,HKG,5530
429975,183,97,948,1996.0,0.0,4722.0,-0.511976,-1.148631,QAT,HKG,5530
429976,186,97,948,1996.0,0.0,582374.0,0.505247,0.349848,RUS,HKG,5530
429977,188,97,948,1996.0,417048.0,267149.0,-0.200762,-1.0419610000000001,SAU,HKG,5530
429978,191,97,948,1996.0,0.0,51397.0,-0.715409,-0.8895850000000001,SEN,HKG,5530
429979,192,97,948,1996.0,69004000.0,14156618.0,1.288635,0.259061,SGP,HKG,5530
429980,195,97,948,1996.0,0.0,13654.0,-1.6314629999999999,-0.917385,SLB,HKG,5530
429981,196,97,948,1996.0,0.0,154735.0,-0.0266,-0.390162,SLE,HKG,5530
429982,205,97,948,1996.0,0.0,23474.0,-1.062804,-0.893763,SUR,HKG,5530
429983,207,97,948,1996.0,6622.0,1442.0,1.352015,1.396593,SVN,HKG,5530
429984,208,97,948,1996.0,97136.0,216604.0,2.186414,0.848194,SWE,HKG,5530
429985,211,97,948,1996.0,0.0,6971.0,-0.03785,-0.572653,SYC,HKG,5530
429986,215,97,948,1996.0,0.0,4437.0,-0.879626,-0.748842,TGO,HKG,5530
429987,216,97,948,1996.0,7794910.0,813529.0,0.26155100000000003,1.146204,THA,HKG,5530
429988,221,97,948,1996.0,0.0,2181.0,-0.607237,-0.864383,TON,HKG,5530
429989,222,97,948,1996.0,0.0,1485.0,-0.002541,-0.543624,TTO,HKG,5530
429990,223,97,948,1996.0,9357.0,5352.0,-0.250917,-0.057383,TUN,HKG,5530
429991,224,97,948,1996.0,6757.0,45374.0,0.07259700000000001,1.734291,TUR,HKG,5530
429992,228,97,948,1996.0,0.0,23436.0,0.7582479999999999,1.1207340000000001,UKR,HKG,5530
429993,230,97,948,1996.0,853136.0,30027.0,0.182427,0.689738,URY,HKG,5530
429994,231,97,948,1996.0,74903752.0,6828350.0,1.742391,1.003066,USA,HKG,5530
429995,236,97,948,1996.0,0.0,50761.0,-0.039967,-0.828263,VEN,HKG,5530
429996,239,97,948,1996.0,100680.0,2311880.0,-0.8099569999999999,-0.032258999999999996,VNM,HKG,5530
429997,240,97,948,1996.0,0.0,34827.0,-0.78354,-0.903761,VUT,HKG,5530
429998,242,97,948,1996.0,0.0,21681.0,-0.529907,-0.797609,WSM,HKG,5530
