11939999,32,8,8067,2013,740399.0,0.0,0.14765899999999998,0.399262,BRA,ARG,700231
11940000,43,8,8067,2013,90493.0,0.0,1.113767,1.477496,CHN,ARG,700231
11940001,61,8,8067,2013,10592.0,0.0,2.093658,-3.4281980000000005,DEU,ARG,700231
11940002,77,8,8067,2013,25575.0,0.0,1.520354,0.022874000000000002,FRA,ARG,700231
11940003,81,8,8067,2013,1276.0,0.0,1.7901259999999999,0.44164,GBR,ARG,700231
11940004,111,8,8067,2013,13355.0,0.0,1.289924,0.533436,ITA,ARG,700231
11940005,138,8,8067,2013,1268.0,0.0,1.048507,0.718932,MEX,ARG,700231
11940006,231,8,8067,2013,9438.0,0.0,1.6639689999999998,-0.48651300000000003,USA,ARG,700231
11940007,18,15,8067,2013,0.0,2633.0,1.316207,0.972601,BEL,AUT,700231
11940008,32,15,8067,2013,0.0,2570.0,0.14765899999999998,0.399262,BRA,AUT,700231
11940009,41,15,8067,2013,16169.0,0.0,2.2104470000000003,0.5403479999999999,CHE,AUT,700231
11940010,43,15,8067,2013,33177.0,3291.0,1.113767,1.477496,CHN,AUT,700231
11940011,49,15,8067,2013,0.0,18055.0,0.121799,-0.388239,COL,AUT,700231
11940012,59,15,8067,2013,19880.0,0.0,1.819653,-0.12423800000000002,CZE,AUT,700231
11940013,61,15,8067,2013,211937.0,3044.0,2.093658,-3.4281980000000005,DEU,AUT,700231
11940014,64,15,8067,2013,0.0,63347.0,1.161835,1.1788450000000001,DNK,AUT,700231
11940015,71,15,8067,2013,0.0,1356.0,0.861698,2.353993,ESP,AUT,700231
11940016,77,15,8067,2013,6875.0,0.0,1.520354,0.022874000000000002,FRA,AUT,700231
11940017,81,15,8067,2013,5996.0,5614.0,1.7901259999999999,0.44164,GBR,AUT,700231
11940018,100,15,8067,2013,0.0,1703.0,0.898284,1.038807,HRV,AUT,700231
11940019,102,15,8067,2013,30452.0,0.0,1.506101,0.7279220000000001,HUN,AUT,700231
11940020,103,15,8067,2013,0.0,4821.0,-0.216854,1.415728,IDN,AUT,700231
11940021,104,15,8067,2013,0.0,7206.0,0.215356,2.3916209999999998,IND,AUT,700231
11940022,114,15,8067,2013,3381.0,0.0,2.3993130000000003,-0.564768,JPN,AUT,700231
11940023,162,15,8067,2013,3118.0,1605.0,1.184107,1.249557,NLD,AUT,700231
11940024,163,15,8067,2013,0.0,7004.0,0.892099,0.18168399999999998,NOR,AUT,700231
11940025,207,15,8067,2013,0.0,9032.0,1.698374,0.563082,SVN,AUT,700231
11940026,228,15,8067,2013,0.0,3515.0,0.657729,0.9063200000000001,UKR,AUT,700231
11940027,231,15,8067,2013,306651.0,92818.0,1.6639689999999998,-0.48651300000000003,USA,AUT,700231
11940028,15,18,8067,2013,2633.0,0.0,1.7209240000000001,-0.286892,AUT,BEL,700231
11940029,28,18,8067,2013,0.0,14629.0,1.036923,0.864568,BLR,BEL,700231
11940030,32,18,8067,2013,0.0,61955.0,0.14765899999999998,0.399262,BRA,BEL,700231
11940031,41,18,8067,2013,0.0,1360.0,2.2104470000000003,0.5403479999999999,CHE,BEL,700231
11940032,43,18,8067,2013,1499259.0,324237.0,1.113767,1.477496,CHN,BEL,700231
11940033,61,18,8067,2013,145882.0,3902.0,2.093658,-3.4281980000000005,DEU,BEL,700231
11940034,68,18,8067,2013,0.0,16917.0,-0.17418,1.692641,EGY,BEL,700231
11940035,71,18,8067,2013,0.0,1215.0,0.861698,2.353993,ESP,BEL,700231
11940036,77,18,8067,2013,4796.0,202689.0,1.520354,0.022874000000000002,FRA,BEL,700231
11940037,81,18,8067,2013,29331.0,0.0,1.7901259999999999,0.44164,GBR,BEL,700231
11940038,102,18,8067,2013,4946.0,0.0,1.506101,0.7279220000000001,HUN,BEL,700231
11940039,103,18,8067,2013,0.0,4004.0,-0.216854,1.415728,IDN,BEL,700231
11940040,104,18,8067,2013,0.0,15340.0,0.215356,2.3916209999999998,IND,BEL,700231
11940041,110,18,8067,2013,0.0,1719.0,1.197241,0.633828,ISR,BEL,700231
11940042,111,18,8067,2013,5114.0,1285.0,1.289924,0.533436,ITA,BEL,700231
11940043,131,18,8067,2013,1398.0,1767.0,1.170459,1.150327,LUX,BEL,700231
11940044,138,18,8067,2013,0.0,8628.0,1.048507,0.718932,MEX,BEL,700231
11940045,142,18,8067,2013,91677.0,0.0,0.8519760000000001,-0.075869,MLT,BEL,700231
11940046,162,18,8067,2013,4600024.0,32921.0,1.184107,1.249557,NLD,BEL,700231
11940047,177,18,8067,2013,80194.0,570079.0,1.084332,1.216749,POL,BEL,700231
11940048,208,18,8067,2013,1017.0,20328.0,1.869421,0.228109,SWE,BEL,700231
11940049,224,18,8067,2013,0.0,24034.0,0.42932299999999995,2.690235,TUR,BEL,700231
11940050,231,18,8067,2013,28475.0,73164.0,1.6639689999999998,-0.48651300000000003,USA,BEL,700231
11940051,246,18,8067,2013,0.0,28268.0,0.380284,1.5682120000000002,ZAF,BEL,700231
11940052,7,19,8067,2013,8761.0,0.0,-0.074047,-0.585168,ARE,BEN,700231
11940053,39,23,8067,2013,953.0,0.0,0.719649,1.017046,CAN,BGR,700231
11940054,43,23,8067,2013,4683.0,0.0,1.113767,1.477496,CHN,BGR,700231
11940055,59,23,8067,2013,1797.0,0.0,1.819653,-0.12423800000000002,CZE,BGR,700231
11940056,61,23,8067,2013,2418.0,0.0,2.093658,-3.4281980000000005,DEU,BGR,700231
11940057,81,23,8067,2013,1391.0,0.0,1.7901259999999999,0.44164,GBR,BGR,700231
11940058,8,32,8067,2013,0.0,740399.0,0.20314300000000002,0.494062,ARG,BRA,700231
11940059,15,32,8067,2013,2570.0,0.0,1.7209240000000001,-0.286892,AUT,BRA,700231
11940060,18,32,8067,2013,61955.0,0.0,1.316207,0.972601,BEL,BRA,700231
11940061,41,32,8067,2013,2659.0,0.0,2.2104470000000003,0.5403479999999999,CHE,BRA,700231
11940062,42,32,8067,2013,0.0,821219.0,-0.260718,-0.38256100000000004,CHL,BRA,700231
11940063,43,32,8067,2013,82241.0,0.0,1.113767,1.477496,CHN,BRA,700231
11940064,49,32,8067,2013,0.0,88107.0,0.121799,-0.388239,COL,BRA,700231
11940065,54,32,8067,2013,0.0,78477.0,-0.019956,-0.7873319999999999,CUB,BRA,700231
11940066,61,32,8067,2013,84763.0,3524.0,2.093658,-3.4281980000000005,DEU,BRA,700231
11940067,77,32,8067,2013,199213.0,0.0,1.520354,0.022874000000000002,FRA,BRA,700231
11940068,81,32,8067,2013,5686.0,0.0,1.7901259999999999,0.44164,GBR,BRA,700231
11940069,102,32,8067,2013,1661.0,213679.0,1.506101,0.7279220000000001,HUN,BRA,700231
11940070,103,32,8067,2013,0.0,1435671.0,-0.216854,1.415728,IDN,BRA,700231
11940071,110,32,8067,2013,9764.0,0.0,1.197241,0.633828,ISR,BRA,700231
11940072,111,32,8067,2013,74356.0,0.0,1.289924,0.533436,ITA,BRA,700231
11940073,113,32,8067,2013,0.0,11551.0,0.152659,0.5889979999999999,JOR,BRA,700231
11940074,114,32,8067,2013,2117.0,0.0,2.3993130000000003,-0.564768,JPN,BRA,700231
11940075,138,32,8067,2013,0.0,9993894.0,1.048507,0.718932,MEX,BRA,700231
11940076,142,32,8067,2013,203135.0,0.0,0.8519760000000001,-0.075869,MLT,BRA,700231
11940077,162,32,8067,2013,250419.0,84409.0,1.184107,1.249557,NLD,BRA,700231
11940078,180,32,8067,2013,0.0,147468.0,-0.566239,-0.9273459999999999,PRY,BRA,700231
11940079,192,32,8067,2013,1604.0,0.0,1.915504,0.619576,SGP,BRA,700231
11940080,230,32,8067,2013,0.0,502112.0,0.20190999999999998,-0.19777999999999998,URY,BRA,700231
11940081,231,32,8067,2013,1573678.0,947140.0,1.6639689999999998,-0.48651300000000003,USA,BRA,700231
11940082,236,32,8067,2013,0.0,633465.0,-0.778172,-1.107059,VEN,BRA,700231
11940083,250,32,8067,2013,150807.0,0.0,0.628555,0.277602,ANS,BRA,700231
11940084,7,39,8067,2013,0.0,3367.0,-0.074047,-0.585168,ARE,CAN,700231
11940085,14,39,8067,2013,0.0,1453.0,-0.31145700000000004,-0.167628,AUS,CAN,700231
11940086,23,39,8067,2013,0.0,953.0,0.5026109999999999,1.674296,BGR,CAN,700231
11940087,41,39,8067,2013,0.0,21282.0,2.2104470000000003,0.5403479999999999,CHE,CAN,700231
11940088,42,39,8067,2013,0.0,1392.0,-0.260718,-0.38256100000000004,CHL,CAN,700231
11940089,43,39,8067,2013,72572.0,1327.0,1.113767,1.477496,CHN,CAN,700231
11940090,49,39,8067,2013,0.0,916.0,0.121799,-0.388239,COL,CAN,700231
11940091,59,39,8067,2013,35008.0,0.0,1.819653,-0.12423800000000002,CZE,CAN,700231
11940092,61,39,8067,2013,247004.0,68579.0,2.093658,-3.4281980000000005,DEU,CAN,700231
11940093,77,39,8067,2013,0.0,13773.0,1.520354,0.022874000000000002,FRA,CAN,700231
11940094,81,39,8067,2013,18991.0,2857.0,1.7901259999999999,0.44164,GBR,CAN,700231
11940095,104,39,8067,2013,0.0,1171.0,0.215356,2.3916209999999998,IND,CAN,700231
11940096,106,39,8067,2013,0.0,1400.0,1.29988,0.240688,IRL,CAN,700231
11940097,111,39,8067,2013,31282.0,0.0,1.289924,0.533436,ITA,CAN,700231
11940098,114,39,8067,2013,5290.0,0.0,2.3993130000000003,-0.564768,JPN,CAN,700231
11940099,126,39,8067,2013,0.0,1562.0,-1.6241459999999999,-1.1817950000000002,LBY,CAN,700231
11940100,138,39,8067,2013,0.0,2038.0,1.048507,0.718932,MEX,CAN,700231
11940101,162,39,8067,2013,2093.0,3085.0,1.184107,1.249557,NLD,CAN,700231
11940102,166,39,8067,2013,0.0,6614.0,0.3345,0.39063000000000003,NZL,CAN,700231
11940103,183,39,8067,2013,0.0,24104824.0,-0.083649,-1.013491,QAT,CAN,700231
11940104,192,39,8067,2013,0.0,890.0,1.915504,0.619576,SGP,CAN,700231
11940105,197,39,8067,2013,0.0,957.0,-0.021029,0.381522,SLV,CAN,700231
11940106,231,39,8067,2013,986285.0,49483.0,1.6639689999999998,-0.48651300000000003,USA,CAN,700231
11940107,249,39,8067,2013,4315.0,0.0,1.843186,0.9432379999999999,TWN,CAN,700231
11940108,2,41,8067,2013,0.0,17308.0,-1.172043,-1.133735,AGO,CHE,700231
11940109,15,41,8067,2013,0.0,16169.0,1.7209240000000001,-0.286892,AUT,CHE,700231
11940110,18,41,8067,2013,1360.0,0.0,1.316207,0.972601,BEL,CHE,700231
11940111,32,41,8067,2013,0.0,2659.0,0.14765899999999998,0.399262,BRA,CHE,700231
11940112,39,41,8067,2013,21282.0,0.0,0.719649,1.017046,CAN,CHE,700231
11940113,43,41,8067,2013,31596.0,1923.0,1.113767,1.477496,CHN,CHE,700231
11940114,61,41,8067,2013,324875.0,14829.0,2.093658,-3.4281980000000005,DEU,CHE,700231
11940115,72,41,8067,2013,0.0,1426.0,0.8828940000000001,1.386574,EST,CHE,700231
11940116,74,41,8067,2013,0.0,1613.0,1.734552,0.8896940000000001,FIN,CHE,700231
11940117,77,41,8067,2013,0.0,1125.0,1.520354,0.022874000000000002,FRA,CHE,700231
11940118,81,41,8067,2013,59405.0,2893.0,1.7901259999999999,0.44164,GBR,CHE,700231
11940119,102,41,8067,2013,12569.0,0.0,1.506101,0.7279220000000001,HUN,CHE,700231
11940120,103,41,8067,2013,0.0,2033.0,-0.216854,1.415728,IDN,CHE,700231
11940121,104,41,8067,2013,0.0,1456.0,0.215356,2.3916209999999998,IND,CHE,700231
11940122,111,41,8067,2013,21494.0,0.0,1.289924,0.533436,ITA,CHE,700231
11940123,138,41,8067,2013,0.0,19286.0,1.048507,0.718932,MEX,CHE,700231
11940124,162,41,8067,2013,66193.0,13952.0,1.184107,1.249557,NLD,CHE,700231
11940125,186,41,8067,2013,7783.0,4303.0,0.481166,-0.180052,RUS,CHE,700231
11940126,192,41,8067,2013,0.0,5200.0,1.915504,0.619576,SGP,CHE,700231
11940127,216,41,8067,2013,0.0,2274.0,0.8752139999999999,1.3798620000000001,THA,CHE,700231
11940128,231,41,8067,2013,86060.0,41191.0,1.6639689999999998,-0.48651300000000003,USA,CHE,700231
11940129,32,42,8067,2013,821219.0,0.0,0.14765899999999998,0.399262,BRA,CHL,700231
11940130,39,42,8067,2013,1392.0,0.0,0.719649,1.017046,CAN,CHL,700231
11940131,43,42,8067,2013,14593.0,0.0,1.113767,1.477496,CHN,CHL,700231
11940132,61,42,8067,2013,43240.0,0.0,2.093658,-3.4281980000000005,DEU,CHL,700231
11940133,64,42,8067,2013,149135.0,0.0,1.161835,1.1788450000000001,DNK,CHL,700231
11940134,77,42,8067,2013,2170.0,0.0,1.520354,0.022874000000000002,FRA,CHL,700231
11940135,102,42,8067,2013,4553.0,0.0,1.506101,0.7279220000000001,HUN,CHL,700231
11940136,138,42,8067,2013,39298.0,0.0,1.048507,0.718932,MEX,CHL,700231
11940137,162,42,8067,2013,1352.0,0.0,1.184107,1.249557,NLD,CHL,700231
11940138,231,42,8067,2013,3405.0,0.0,1.6639689999999998,-0.48651300000000003,USA,CHL,700231
11940139,7,43,8067,2013,0.0,9232.0,-0.074047,-0.585168,ARE,CHN,700231
11940140,8,43,8067,2013,0.0,90493.0,0.20314300000000002,0.494062,ARG,CHN,700231
11940141,14,43,8067,2013,33556.0,28353.0,-0.31145700000000004,-0.167628,AUS,CHN,700231
11940142,15,43,8067,2013,3291.0,33177.0,1.7209240000000001,-0.286892,AUT,CHN,700231
11940143,18,43,8067,2013,324237.0,1499259.0,1.316207,0.972601,BEL,CHN,700231
11940144,22,43,8067,2013,0.0,167288.0,-1.101916,-0.734646,BGD,CHN,700231
11940145,23,43,8067,2013,0.0,4683.0,0.5026109999999999,1.674296,BGR,CHN,700231
11940146,32,43,8067,2013,0.0,82241.0,0.14765899999999998,0.399262,BRA,CHN,700231
11940147,39,43,8067,2013,1327.0,72572.0,0.719649,1.017046,CAN,CHN,700231
11940148,41,43,8067,2013,1923.0,31596.0,2.2104470000000003,0.5403479999999999,CHE,CHN,700231
11940149,42,43,8067,2013,0.0,14593.0,-0.260718,-0.38256100000000004,CHL,CHN,700231
11940150,49,43,8067,2013,0.0,2668.0,0.121799,-0.388239,COL,CHN,700231
11940151,59,43,8067,2013,0.0,15133.0,1.819653,-0.12423800000000002,CZE,CHN,700231
11940152,61,43,8067,2013,149912560.0,3543414.0,2.093658,-3.4281980000000005,DEU,CHN,700231
11940153,64,43,8067,2013,0.0,31272.0,1.161835,1.1788450000000001,DNK,CHN,700231
11940154,66,43,8067,2013,0.0,77231.0,-1.373947,-1.1523459999999999,DZA,CHN,700231
11940155,68,43,8067,2013,0.0,14498.0,-0.17418,1.692641,EGY,CHN,700231
11940156,71,43,8067,2013,0.0,238994.0,0.861698,2.353993,ESP,CHN,700231
11940157,72,43,8067,2013,0.0,28128.0,0.8828940000000001,1.386574,EST,CHN,700231
11940158,74,43,8067,2013,0.0,6065.0,1.734552,0.8896940000000001,FIN,CHN,700231
11940159,77,43,8067,2013,22904.0,346277.0,1.520354,0.022874000000000002,FRA,CHN,700231
11940160,81,43,8067,2013,337742.0,298916.0,1.7901259999999999,0.44164,GBR,CHN,700231
11940161,85,43,8067,2013,0.0,34877.0,-1.1287459999999998,-1.069735,GIN,CHN,700231
11940162,97,43,8067,2013,43114.0,839656.0,0.744383,1.923139,HKG,CHN,700231
11940163,99,43,8067,2013,0.0,8160.0,-0.731431,-0.310927,HND,CHN,700231
11940164,100,43,8067,2013,0.0,60487.0,0.898284,1.038807,HRV,CHN,700231
11940165,102,43,8067,2013,1146.0,978355.0,1.506101,0.7279220000000001,HUN,CHN,700231
11940166,103,43,8067,2013,28104.0,153046.0,-0.216854,1.415728,IDN,CHN,700231
11940167,104,43,8067,2013,1565.0,1498850.0,0.215356,2.3916209999999998,IND,CHN,700231
11940168,106,43,8067,2013,0.0,1605.0,1.29988,0.240688,IRL,CHN,700231
11940169,107,43,8067,2013,0.0,7340.0,-0.339172,-0.237114,IRN,CHN,700231
11940170,108,43,8067,2013,0.0,1915.0,-2.839079,-0.8705440000000001,IRQ,CHN,700231
11940171,110,43,8067,2013,0.0,326455.0,1.197241,0.633828,ISR,CHN,700231
11940172,111,43,8067,2013,58289.0,306188.0,1.289924,0.533436,ITA,CHN,700231
11940173,112,43,8067,2013,0.0,1406.0,-0.541441,-0.8448559999999999,JAM,CHN,700231
11940174,114,43,8067,2013,2867468.0,10267154.0,2.3993130000000003,-0.564768,JPN,CHN,700231
11940175,121,43,8067,2013,853874.0,2854037.0,1.818383,0.75645,KOR,CHN,700231
11940176,122,43,8067,2013,0.0,5968.0,-0.536384,-1.08382,KWT,CHN,700231
11940177,124,43,8067,2013,0.0,1481.0,0.283084,1.4289100000000001,LBN,CHN,700231
11940178,128,43,8067,2013,0.0,4857.0,-0.6521779999999999,0.41258599999999995,LKA,CHN,700231
11940179,130,43,8067,2013,0.0,14056.0,0.737796,1.215543,LTU,CHN,700231
11940180,132,43,8067,2013,0.0,3270.0,0.6219439999999999,1.166749,LVA,CHN,700231
11940181,138,43,8067,2013,27815.0,216495.0,1.048507,0.718932,MEX,CHN,700231
11940182,142,43,8067,2013,0.0,18106.0,0.8519760000000001,-0.075869,MLT,CHN,700231
11940183,143,43,8067,2013,0.0,54284.0,-1.230787,-0.737375,MMR,CHN,700231
11940184,144,43,8067,2013,0.0,2686.0,-0.054454999999999996,-0.164875,MNE,CHN,700231
11940185,153,43,8067,2013,257548.0,79594.0,0.937641,0.747496,MYS,CHN,700231
11940186,162,43,8067,2013,1844332.0,170922.0,1.184107,1.249557,NLD,CHN,700231
11940187,163,43,8067,2013,1555.0,13490.0,0.892099,0.18168399999999998,NOR,CHN,700231
11940188,164,43,8067,2013,0.0,10836.0,-0.293669,0.677365,NPL,CHN,700231
11940189,166,43,8067,2013,0.0,7028.0,0.3345,0.39063000000000003,NZL,CHN,700231
11940190,168,43,8067,2013,0.0,40278.0,-0.75727,0.769703,PAK,CHN,700231
11940191,169,43,8067,2013,0.0,1093.0,0.735637,1.161718,PAN,CHN,700231
11940192,173,43,8067,2013,0.0,7541.0,-0.573852,0.357977,PER,CHN,700231
11940193,174,43,8067,2013,0.0,1390170.0,0.507868,0.355403,PHL,CHN,700231
11940194,177,43,8067,2013,0.0,47032.0,1.084332,1.216749,POL,CHN,700231
11940195,179,43,8067,2013,0.0,1851.0,0.541454,2.5228610000000002,PRT,CHN,700231
11940196,185,43,8067,2013,0.0,1431.0,0.792035,1.225034,ROU,CHN,700231
11940197,186,43,8067,2013,0.0,422063.0,0.481166,-0.180052,RUS,CHN,700231
11940198,188,43,8067,2013,0.0,2225.0,0.626347,-0.844406,SAU,CHN,700231
11940199,192,43,8067,2013,2677.0,34282.0,1.915504,0.619576,SGP,CHN,700231
11940200,201,43,8067,2013,0.0,5341.0,0.5717720000000001,1.174901,SRB,CHN,700231
11940201,207,43,8067,2013,0.0,35940.0,1.698374,0.563082,SVN,CHN,700231
11940202,208,43,8067,2013,3220.0,4724.0,1.869421,0.228109,SWE,CHN,700231
11940203,216,43,8067,2013,5773.0,832344.0,0.8752139999999999,1.3798620000000001,THA,CHN,700231
11940204,224,43,8067,2013,0.0,323511.0,0.42932299999999995,2.690235,TUR,CHN,700231
11940205,228,43,8067,2013,0.0,68468.0,0.657729,0.9063200000000001,UKR,CHN,700231
11940206,230,43,8067,2013,0.0,4585.0,0.20190999999999998,-0.19777999999999998,URY,CHN,700231
11940207,231,43,8067,2013,24420360.0,10775653.0,1.6639689999999998,-0.48651300000000003,USA,CHN,700231
11940208,232,43,8067,2013,0.0,9936.0,-0.748212,-0.567268,UZB,CHN,700231
11940209,239,43,8067,2013,0.0,854952.0,-0.11426900000000001,1.399738,VNM,CHN,700231
11940210,246,43,8067,2013,0.0,17936.0,0.380284,1.5682120000000002,ZAF,CHN,700231
11940211,247,43,8067,2013,0.0,958.0,-0.382129,-0.5442229999999999,ZMB,CHN,700231
11940212,249,43,8067,2013,123449.0,1441883.0,1.843186,0.9432379999999999,TWN,CHN,700231
11940213,15,49,8067,2013,18055.0,0.0,1.7209240000000001,-0.286892,AUT,COL,700231
11940214,32,49,8067,2013,88107.0,0.0,0.14765899999999998,0.399262,BRA,COL,700231
11940215,39,49,8067,2013,916.0,0.0,0.719649,1.017046,CAN,COL,700231
11940216,43,49,8067,2013,2668.0,0.0,1.113767,1.477496,CHN,COL,700231
11940217,77,49,8067,2013,63535.0,0.0,1.520354,0.022874000000000002,FRA,COL,700231
11940218,104,49,8067,2013,5842.0,0.0,0.215356,2.3916209999999998,IND,COL,700231
11940219,114,49,8067,2013,65070.0,0.0,2.3993130000000003,-0.564768,JPN,COL,700231
11940220,138,49,8067,2013,13835.0,0.0,1.048507,0.718932,MEX,COL,700231
11940221,173,49,8067,2013,0.0,11970.0,-0.573852,0.357977,PER,COL,700231
11940222,231,49,8067,2013,11092.0,0.0,1.6639689999999998,-0.48651300000000003,USA,COL,700231
11940223,231,52,8067,2013,4270.0,0.0,1.6639689999999998,-0.48651300000000003,USA,CRI,700231
11940224,15,59,8067,2013,0.0,19880.0,1.7209240000000001,-0.286892,AUT,CZE,700231
11940225,23,59,8067,2013,0.0,1797.0,0.5026109999999999,1.674296,BGR,CZE,700231
11940226,28,59,8067,2013,0.0,2055.0,1.036923,0.864568,BLR,CZE,700231
11940227,39,59,8067,2013,0.0,35008.0,0.719649,1.017046,CAN,CZE,700231
11940228,43,59,8067,2013,15133.0,0.0,1.113767,1.477496,CHN,CZE,700231
11940229,61,59,8067,2013,1330544.0,89840.0,2.093658,-3.4281980000000005,DEU,CZE,700231
11940230,64,59,8067,2013,0.0,1813.0,1.161835,1.1788450000000001,DNK,CZE,700231
11940231,71,59,8067,2013,0.0,17644.0,0.861698,2.353993,ESP,CZE,700231
11940232,74,59,8067,2013,0.0,30657.0,1.734552,0.8896940000000001,FIN,CZE,700231
11940233,77,59,8067,2013,3751.0,83524.0,1.520354,0.022874000000000002,FRA,CZE,700231
11940234,81,59,8067,2013,4442.0,24938.0,1.7901259999999999,0.44164,GBR,CZE,700231
11940235,100,59,8067,2013,0.0,24419.0,0.898284,1.038807,HRV,CZE,700231
11940236,102,59,8067,2013,8571.0,25813.0,1.506101,0.7279220000000001,HUN,CZE,700231
11940237,104,59,8067,2013,0.0,248297.0,0.215356,2.3916209999999998,IND,CZE,700231
11940238,106,59,8067,2013,0.0,1603.0,1.29988,0.240688,IRL,CZE,700231
11940239,111,59,8067,2013,0.0,37388.0,1.289924,0.533436,ITA,CZE,700231
11940240,114,59,8067,2013,3847.0,0.0,2.3993130000000003,-0.564768,JPN,CZE,700231
11940241,121,59,8067,2013,0.0,1766.0,1.818383,0.75645,KOR,CZE,700231
11940242,131,59,8067,2013,0.0,2111.0,1.170459,1.150327,LUX,CZE,700231
11940243,132,59,8067,2013,0.0,5929.0,0.6219439999999999,1.166749,LVA,CZE,700231
11940244,138,59,8067,2013,3495.0,55428.0,1.048507,0.718932,MEX,CZE,700231
11940245,162,59,8067,2013,37928.0,1644.0,1.184107,1.249557,NLD,CZE,700231
11940246,177,59,8067,2013,5800.0,12941.0,1.084332,1.216749,POL,CZE,700231
11940247,179,59,8067,2013,0.0,1749.0,0.541454,2.5228610000000002,PRT,CZE,700231
11940248,185,59,8067,2013,0.0,8967.0,0.792035,1.225034,ROU,CZE,700231
11940249,186,59,8067,2013,0.0,16754.0,0.481166,-0.180052,RUS,CZE,700231
11940250,201,59,8067,2013,0.0,1195.0,0.5717720000000001,1.174901,SRB,CZE,700231
11940251,206,59,8067,2013,0.0,6788.0,1.32064,0.7519819999999999,SVK,CZE,700231
11940252,207,59,8067,2013,0.0,3028.0,1.698374,0.563082,SVN,CZE,700231
11940253,208,59,8067,2013,1591.0,0.0,1.869421,0.228109,SWE,CZE,700231
11940254,228,59,8067,2013,0.0,5044.0,0.657729,0.9063200000000001,UKR,CZE,700231
11940255,231,59,8067,2013,105320.0,0.0,1.6639689999999998,-0.48651300000000003,USA,CZE,700231
11940256,7,61,8067,2013,0.0,8603.0,-0.074047,-0.585168,ARE,DEU,700231
11940257,8,61,8067,2013,0.0,10592.0,0.20314300000000002,0.494062,ARG,DEU,700231
11940258,14,61,8067,2013,0.0,128449.0,-0.31145700000000004,-0.167628,AUS,DEU,700231
11940259,15,61,8067,2013,3044.0,211937.0,1.7209240000000001,-0.286892,AUT,DEU,700231
11940260,18,61,8067,2013,3902.0,145882.0,1.316207,0.972601,BEL,DEU,700231
11940261,22,61,8067,2013,0.0,20009.0,-1.101916,-0.734646,BGD,DEU,700231
11940262,23,61,8067,2013,0.0,2418.0,0.5026109999999999,1.674296,BGR,DEU,700231
11940263,28,61,8067,2013,0.0,6815.0,1.036923,0.864568,BLR,DEU,700231
11940264,32,61,8067,2013,3524.0,84763.0,0.14765899999999998,0.399262,BRA,DEU,700231
11940265,39,61,8067,2013,68579.0,247004.0,0.719649,1.017046,CAN,DEU,700231
11940266,41,61,8067,2013,14829.0,324875.0,2.2104470000000003,0.5403479999999999,CHE,DEU,700231
11940267,42,61,8067,2013,0.0,43240.0,-0.260718,-0.38256100000000004,CHL,DEU,700231
11940268,43,61,8067,2013,3543414.0,149912560.0,1.113767,1.477496,CHN,DEU,700231
11940269,59,61,8067,2013,89840.0,1330544.0,1.819653,-0.12423800000000002,CZE,DEU,700231
11940270,64,61,8067,2013,0.0,104414.0,1.161835,1.1788450000000001,DNK,DEU,700231
11940271,68,61,8067,2013,0.0,2700.0,-0.17418,1.692641,EGY,DEU,700231
11940272,71,61,8067,2013,0.0,99019.0,0.861698,2.353993,ESP,DEU,700231
11940273,72,61,8067,2013,0.0,13248.0,0.8828940000000001,1.386574,EST,DEU,700231
11940274,74,61,8067,2013,0.0,301876.0,1.734552,0.8896940000000001,FIN,DEU,700231
11940275,77,61,8067,2013,7054.0,1172738.0,1.520354,0.022874000000000002,FRA,DEU,700231
11940276,78,61,8067,2013,0.0,3114.0,-0.370701,-0.815466,FRO,DEU,700231
11940277,81,61,8067,2013,173357.0,2270522.0,1.7901259999999999,0.44164,GBR,DEU,700231
11940278,90,61,8067,2013,0.0,2252.0,0.18823800000000002,0.910906,GRC,DEU,700231
11940279,97,61,8067,2013,0.0,1437623.0,0.744383,1.923139,HKG,DEU,700231
11940280,100,61,8067,2013,0.0,8498.0,0.898284,1.038807,HRV,DEU,700231
11940281,102,61,8067,2013,61261.0,1462324.0,1.506101,0.7279220000000001,HUN,DEU,700231
11940282,103,61,8067,2013,10085.0,3059416.0,-0.216854,1.415728,IDN,DEU,700231
11940283,104,61,8067,2013,0.0,973815.0,0.215356,2.3916209999999998,IND,DEU,700231
11940284,106,61,8067,2013,0.0,13312.0,1.29988,0.240688,IRL,DEU,700231
11940285,107,61,8067,2013,0.0,7600.0,-0.339172,-0.237114,IRN,DEU,700231
11940286,110,61,8067,2013,0.0,306662.0,1.197241,0.633828,ISR,DEU,700231
11940287,111,61,8067,2013,6933.0,328596.0,1.289924,0.533436,ITA,DEU,700231
11940288,114,61,8067,2013,128870.0,16941854.0,2.3993130000000003,-0.564768,JPN,DEU,700231
11940289,116,61,8067,2013,0.0,1553.0,-0.448112,0.8672719999999999,KEN,DEU,700231
11940290,121,61,8067,2013,15027.0,9148926.0,1.818383,0.75645,KOR,DEU,700231
11940291,130,61,8067,2013,0.0,29806.0,0.737796,1.215543,LTU,DEU,700231
11940292,131,61,8067,2013,0.0,37691.0,1.170459,1.150327,LUX,DEU,700231
11940293,132,61,8067,2013,0.0,18056.0,0.6219439999999999,1.166749,LVA,DEU,700231
11940294,134,61,8067,2013,0.0,1167.0,-0.6494260000000001,-0.035075999999999996,MAR,DEU,700231
11940295,138,61,8067,2013,0.0,4318.0,1.048507,0.718932,MEX,DEU,700231
11940296,140,61,8067,2013,0.0,42052.0,-0.10859400000000001,0.155229,MKD,DEU,700231
11940297,142,61,8067,2013,1785116.0,1862066.0,0.8519760000000001,-0.075869,MLT,DEU,700231
11940298,153,61,8067,2013,52002.0,4025.0,0.937641,0.747496,MYS,DEU,700231
11940299,162,61,8067,2013,9996167.0,2091378.0,1.184107,1.249557,NLD,DEU,700231
11940300,163,61,8067,2013,0.0,100524.0,0.892099,0.18168399999999998,NOR,DEU,700231
11940301,166,61,8067,2013,0.0,21742.0,0.3345,0.39063000000000003,NZL,DEU,700231
11940302,167,61,8067,2013,0.0,2992.0,-0.604175,-1.0463209999999998,OMN,DEU,700231
11940303,168,61,8067,2013,0.0,1840.0,-0.75727,0.769703,PAK,DEU,700231
11940304,174,61,8067,2013,0.0,1082.0,0.507868,0.355403,PHL,DEU,700231
11940305,177,61,8067,2013,40013.0,634997.0,1.084332,1.216749,POL,DEU,700231
11940306,179,61,8067,2013,0.0,6830.0,0.541454,2.5228610000000002,PRT,DEU,700231
11940307,180,61,8067,2013,0.0,2158.0,-0.566239,-0.9273459999999999,PRY,DEU,700231
11940308,185,61,8067,2013,0.0,5669.0,0.792035,1.225034,ROU,DEU,700231
11940309,186,61,8067,2013,0.0,351102.0,0.481166,-0.180052,RUS,DEU,700231
11940310,188,61,8067,2013,0.0,39916.0,0.626347,-0.844406,SAU,DEU,700231
11940311,192,61,8067,2013,964.0,115822.0,1.915504,0.619576,SGP,DEU,700231
11940312,201,61,8067,2013,0.0,4705.0,0.5717720000000001,1.174901,SRB,DEU,700231
11940313,206,61,8067,2013,19364.0,265007.0,1.32064,0.7519819999999999,SVK,DEU,700231
11940314,207,61,8067,2013,2336.0,3115.0,1.698374,0.563082,SVN,DEU,700231
11940315,208,61,8067,2013,0.0,400376.0,1.869421,0.228109,SWE,DEU,700231
11940316,216,61,8067,2013,0.0,16858.0,0.8752139999999999,1.3798620000000001,THA,DEU,700231
11940317,223,61,8067,2013,0.0,2105.0,0.185528,1.0070700000000001,TUN,DEU,700231
11940318,224,61,8067,2013,5362.0,38349.0,0.42932299999999995,2.690235,TUR,DEU,700231
11940319,228,61,8067,2013,0.0,4475.0,0.657729,0.9063200000000001,UKR,DEU,700231
11940320,230,61,8067,2013,0.0,3974.0,0.20190999999999998,-0.19777999999999998,URY,DEU,700231
11940321,231,61,8067,2013,7766904.0,88997688.0,1.6639689999999998,-0.48651300000000003,USA,DEU,700231
11940322,232,61,8067,2013,0.0,16614.0,-0.748212,-0.567268,UZB,DEU,700231
11940323,236,61,8067,2013,0.0,2164.0,-0.778172,-1.107059,VEN,DEU,700231
11940324,239,61,8067,2013,0.0,810819.0,-0.11426900000000001,1.399738,VNM,DEU,700231
11940325,246,61,8067,2013,0.0,5993.0,0.380284,1.5682120000000002,ZAF,DEU,700231
11940326,249,61,8067,2013,12941.0,4865944.0,1.843186,0.9432379999999999,TWN,DEU,700231
11940327,15,64,8067,2013,63347.0,0.0,1.7209240000000001,-0.286892,AUT,DNK,700231
11940328,42,64,8067,2013,0.0,149135.0,-0.260718,-0.38256100000000004,CHL,DNK,700231
11940329,43,64,8067,2013,31272.0,0.0,1.113767,1.477496,CHN,DNK,700231
11940330,59,64,8067,2013,1813.0,0.0,1.819653,-0.12423800000000002,CZE,DNK,700231
11940331,61,64,8067,2013,104414.0,0.0,2.093658,-3.4281980000000005,DEU,DNK,700231
11940332,77,64,8067,2013,1905.0,23700.0,1.520354,0.022874000000000002,FRA,DNK,700231
11940333,81,64,8067,2013,2292.0,0.0,1.7901259999999999,0.44164,GBR,DNK,700231
11940334,102,64,8067,2013,14423.0,0.0,1.506101,0.7279220000000001,HUN,DNK,700231
11940335,106,64,8067,2013,2437.0,0.0,1.29988,0.240688,IRL,DNK,700231
11940336,114,64,8067,2013,9643.0,0.0,2.3993130000000003,-0.564768,JPN,DNK,700231
11940337,130,64,8067,2013,1110.0,0.0,0.737796,1.215543,LTU,DNK,700231
11940338,162,64,8067,2013,8328.0,0.0,1.184107,1.249557,NLD,DNK,700231
11940339,163,64,8067,2013,1842.0,1586.0,0.892099,0.18168399999999998,NOR,DNK,700231
11940340,174,64,8067,2013,0.0,1217.0,0.507868,0.355403,PHL,DNK,700231
11940341,208,64,8067,2013,3164.0,2793.0,1.869421,0.228109,SWE,DNK,700231
11940342,231,64,8067,2013,2955446.0,39478.0,1.6639689999999998,-0.48651300000000003,USA,DNK,700231
11940343,81,67,8067,2013,1304.0,0.0,1.7901259999999999,0.44164,GBR,ECU,700231
11940344,231,67,8067,2013,4645.0,0.0,1.6639689999999998,-0.48651300000000003,USA,ECU,700231
11940345,15,71,8067,2013,1356.0,0.0,1.7209240000000001,-0.286892,AUT,ESP,700231
11940346,18,71,8067,2013,1215.0,0.0,1.316207,0.972601,BEL,ESP,700231
11940347,43,71,8067,2013,238994.0,0.0,1.113767,1.477496,CHN,ESP,700231
11940348,59,71,8067,2013,17644.0,0.0,1.819653,-0.12423800000000002,CZE,ESP,700231
11940349,61,71,8067,2013,99019.0,0.0,2.093658,-3.4281980000000005,DEU,ESP,700231
11940350,68,71,8067,2013,0.0,1511938.0,-0.17418,1.692641,EGY,ESP,700231
11940351,77,71,8067,2013,9968.0,60036.0,1.520354,0.022874000000000002,FRA,ESP,700231
11940352,81,71,8067,2013,18846.0,0.0,1.7901259999999999,0.44164,GBR,ESP,700231
11940353,97,71,8067,2013,1059.0,0.0,0.744383,1.923139,HKG,ESP,700231
11940354,102,71,8067,2013,3259.0,0.0,1.506101,0.7279220000000001,HUN,ESP,700231
11940355,103,71,8067,2013,0.0,165193.0,-0.216854,1.415728,IDN,ESP,700231
11940356,104,71,8067,2013,0.0,8436.0,0.215356,2.3916209999999998,IND,ESP,700231
11940357,111,71,8067,2013,9810.0,0.0,1.289924,0.533436,ITA,ESP,700231
11940358,138,71,8067,2013,0.0,228193.0,1.048507,0.718932,MEX,ESP,700231
11940359,162,71,8067,2013,6556.0,0.0,1.184107,1.249557,NLD,ESP,700231
11940360,179,71,8067,2013,1046.0,2602.0,0.541454,2.5228610000000002,PRT,ESP,700231
11940361,231,71,8067,2013,18499.0,0.0,1.6639689999999998,-0.48651300000000003,USA,ESP,700231
11940362,249,71,8067,2013,4241.0,0.0,1.843186,0.9432379999999999,TWN,ESP,700231
11940363,41,72,8067,2013,1426.0,0.0,2.2104470000000003,0.5403479999999999,CHE,EST,700231
11940364,43,72,8067,2013,28128.0,0.0,1.113767,1.477496,CHN,EST,700231
11940365,61,72,8067,2013,13248.0,0.0,2.093658,-3.4281980000000005,DEU,EST,700231
11940366,81,72,8067,2013,3670.0,0.0,1.7901259999999999,0.44164,GBR,EST,700231
11940367,232,72,8067,2013,0.0,4331.0,-0.748212,-0.567268,UZB,EST,700231
11940368,41,74,8067,2013,1613.0,0.0,2.2104470000000003,0.5403479999999999,CHE,FIN,700231
11940369,43,74,8067,2013,6065.0,0.0,1.113767,1.477496,CHN,FIN,700231
11940370,59,74,8067,2013,30657.0,0.0,1.819653,-0.12423800000000002,CZE,FIN,700231
11940371,61,74,8067,2013,301876.0,0.0,2.093658,-3.4281980000000005,DEU,FIN,700231
11940372,81,74,8067,2013,1305.0,0.0,1.7901259999999999,0.44164,GBR,FIN,700231
11940373,102,74,8067,2013,11836.0,0.0,1.506101,0.7279220000000001,HUN,FIN,700231
11940374,153,74,8067,2013,1010.0,0.0,0.937641,0.747496,MYS,FIN,700231
11940375,162,74,8067,2013,10768.0,0.0,1.184107,1.249557,NLD,FIN,700231
11940376,163,74,8067,2013,2094.0,0.0,0.892099,0.18168399999999998,NOR,FIN,700231
11940377,186,74,8067,2013,0.0,5279.0,0.481166,-0.180052,RUS,FIN,700231
11940378,208,74,8067,2013,3940.0,0.0,1.869421,0.228109,SWE,FIN,700231
11940379,231,74,8067,2013,137066.0,0.0,1.6639689999999998,-0.48651300000000003,USA,FIN,700231
11940380,7,77,8067,2013,0.0,19643.0,-0.074047,-0.585168,ARE,FRA,700231
11940381,8,77,8067,2013,0.0,25575.0,0.20314300000000002,0.494062,ARG,FRA,700231
11940382,15,77,8067,2013,0.0,6875.0,1.7209240000000001,-0.286892,AUT,FRA,700231
11940383,18,77,8067,2013,202689.0,4796.0,1.316207,0.972601,BEL,FRA,700231
11940384,32,77,8067,2013,0.0,199213.0,0.14765899999999998,0.399262,BRA,FRA,700231
11940385,39,77,8067,2013,13773.0,0.0,0.719649,1.017046,CAN,FRA,700231
11940386,41,77,8067,2013,1125.0,0.0,2.2104470000000003,0.5403479999999999,CHE,FRA,700231
11940387,42,77,8067,2013,0.0,2170.0,-0.260718,-0.38256100000000004,CHL,FRA,700231
11940388,43,77,8067,2013,346277.0,22904.0,1.113767,1.477496,CHN,FRA,700231
11940389,44,77,8067,2013,0.0,3856.0,-0.923558,-0.866642,CIV,FRA,700231
11940390,47,77,8067,2013,0.0,1259.0,-1.215681,-1.08679,COG,FRA,700231
11940391,49,77,8067,2013,0.0,63535.0,0.121799,-0.388239,COL,FRA,700231
11940392,59,77,8067,2013,83524.0,3751.0,1.819653,-0.12423800000000002,CZE,FRA,700231
11940393,61,77,8067,2013,1172738.0,7054.0,2.093658,-3.4281980000000005,DEU,FRA,700231
11940394,64,77,8067,2013,23700.0,1905.0,1.161835,1.1788450000000001,DNK,FRA,700231
11940395,71,77,8067,2013,60036.0,9968.0,0.861698,2.353993,ESP,FRA,700231
11940396,81,77,8067,2013,52902.0,34638.0,1.7901259999999999,0.44164,GBR,FRA,700231
11940397,90,77,8067,2013,0.0,1038.0,0.18823800000000002,0.910906,GRC,FRA,700231
11940398,102,77,8067,2013,14015.0,0.0,1.506101,0.7279220000000001,HUN,FRA,700231
11940399,103,77,8067,2013,0.0,57061.0,-0.216854,1.415728,IDN,FRA,700231
11940400,104,77,8067,2013,0.0,10188.0,0.215356,2.3916209999999998,IND,FRA,700231
11940401,106,77,8067,2013,0.0,30118.0,1.29988,0.240688,IRL,FRA,700231
11940402,111,77,8067,2013,114021.0,829239.0,1.289924,0.533436,ITA,FRA,700231
11940403,114,77,8067,2013,0.0,20003.0,2.3993130000000003,-0.564768,JPN,FRA,700231
11940404,130,77,8067,2013,0.0,2381.0,0.737796,1.215543,LTU,FRA,700231
11940405,134,77,8067,2013,0.0,2595.0,-0.6494260000000001,-0.035075999999999996,MAR,FRA,700231
11940406,153,77,8067,2013,0.0,86941.0,0.937641,0.747496,MYS,FRA,700231
11940407,162,77,8067,2013,2946054.0,7461743.0,1.184107,1.249557,NLD,FRA,700231
11940408,163,77,8067,2013,0.0,2229.0,0.892099,0.18168399999999998,NOR,FRA,700231
11940409,168,77,8067,2013,0.0,6926.0,-0.75727,0.769703,PAK,FRA,700231
11940410,177,77,8067,2013,7220.0,7385.0,1.084332,1.216749,POL,FRA,700231
11940411,179,77,8067,2013,0.0,4629.0,0.541454,2.5228610000000002,PRT,FRA,700231
11940412,182,77,8067,2013,0.0,1457.0,-0.146044,-0.7055359999999999,PYF,FRA,700231
11940413,208,77,8067,2013,5792.0,0.0,1.869421,0.228109,SWE,FRA,700231
11940414,224,77,8067,2013,0.0,18455.0,0.42932299999999995,2.690235,TUR,FRA,700231
11940415,231,77,8067,2013,10479544.0,10681.0,1.6639689999999998,-0.48651300000000003,USA,FRA,700231
11940416,250,77,8067,2013,2589.0,0.0,0.628555,0.277602,ANS,FRA,700231
11940417,7,81,8067,2013,0.0,3955.0,-0.074047,-0.585168,ARE,GBR,700231
11940418,8,81,8067,2013,0.0,1276.0,0.20314300000000002,0.494062,ARG,GBR,700231
11940419,14,81,8067,2013,0.0,5809.0,-0.31145700000000004,-0.167628,AUS,GBR,700231
11940420,15,81,8067,2013,5614.0,5996.0,1.7209240000000001,-0.286892,AUT,GBR,700231
11940421,18,81,8067,2013,0.0,29331.0,1.316207,0.972601,BEL,GBR,700231
11940422,23,81,8067,2013,0.0,1391.0,0.5026109999999999,1.674296,BGR,GBR,700231
11940423,32,81,8067,2013,0.0,5686.0,0.14765899999999998,0.399262,BRA,GBR,700231
11940424,39,81,8067,2013,2857.0,18991.0,0.719649,1.017046,CAN,GBR,700231
11940425,41,81,8067,2013,2893.0,59405.0,2.2104470000000003,0.5403479999999999,CHE,GBR,700231
11940426,43,81,8067,2013,298916.0,337742.0,1.113767,1.477496,CHN,GBR,700231
11940427,58,81,8067,2013,0.0,5775.0,0.502238,0.349608,CYP,GBR,700231
11940428,59,81,8067,2013,24938.0,4442.0,1.819653,-0.12423800000000002,CZE,GBR,700231
11940429,61,81,8067,2013,2270522.0,173357.0,2.093658,-3.4281980000000005,DEU,GBR,700231
11940430,64,81,8067,2013,0.0,2292.0,1.161835,1.1788450000000001,DNK,GBR,700231
11940431,66,81,8067,2013,0.0,4877.0,-1.373947,-1.1523459999999999,DZA,GBR,700231
11940432,67,81,8067,2013,0.0,1304.0,-0.86546,-0.8888389999999999,ECU,GBR,700231
11940433,68,81,8067,2013,0.0,2400.0,-0.17418,1.692641,EGY,GBR,700231
11940434,71,81,8067,2013,0.0,18846.0,0.861698,2.353993,ESP,GBR,700231
11940435,72,81,8067,2013,0.0,3670.0,0.8828940000000001,1.386574,EST,GBR,700231
11940436,74,81,8067,2013,0.0,1305.0,1.734552,0.8896940000000001,FIN,GBR,700231
11940437,77,81,8067,2013,34638.0,52902.0,1.520354,0.022874000000000002,FRA,GBR,700231
11940438,90,81,8067,2013,0.0,3239.0,0.18823800000000002,0.910906,GRC,GBR,700231
11940439,102,81,8067,2013,15118.0,16885.0,1.506101,0.7279220000000001,HUN,GBR,700231
11940440,103,81,8067,2013,0.0,9264.0,-0.216854,1.415728,IDN,GBR,700231
11940441,104,81,8067,2013,0.0,2229.0,0.215356,2.3916209999999998,IND,GBR,700231
11940442,106,81,8067,2013,0.0,80669.0,1.29988,0.240688,IRL,GBR,700231
11940443,110,81,8067,2013,0.0,17740.0,1.197241,0.633828,ISR,GBR,700231
11940444,111,81,8067,2013,0.0,67863.0,1.289924,0.533436,ITA,GBR,700231
11940445,114,81,8067,2013,8948.0,36778.0,2.3993130000000003,-0.564768,JPN,GBR,700231
11940446,116,81,8067,2013,0.0,1509.0,-0.448112,0.8672719999999999,KEN,GBR,700231
11940447,121,81,8067,2013,0.0,13882.0,1.818383,0.75645,KOR,GBR,700231
11940448,124,81,8067,2013,0.0,1279.0,0.283084,1.4289100000000001,LBN,GBR,700231
11940449,138,81,8067,2013,0.0,2001.0,1.048507,0.718932,MEX,GBR,700231
11940450,142,81,8067,2013,0.0,10110.0,0.8519760000000001,-0.075869,MLT,GBR,700231
11940451,153,81,8067,2013,0.0,3255.0,0.937641,0.747496,MYS,GBR,700231
11940452,162,81,8067,2013,198390.0,13453.0,1.184107,1.249557,NLD,GBR,700231
11940453,163,81,8067,2013,0.0,2132.0,0.892099,0.18168399999999998,NOR,GBR,700231
11940454,166,81,8067,2013,0.0,19322.0,0.3345,0.39063000000000003,NZL,GBR,700231
11940455,177,81,8067,2013,0.0,42602.0,1.084332,1.216749,POL,GBR,700231
11940456,179,81,8067,2013,0.0,5789.0,0.541454,2.5228610000000002,PRT,GBR,700231
11940457,183,81,8067,2013,0.0,4343.0,-0.083649,-1.013491,QAT,GBR,700231
11940458,185,81,8067,2013,0.0,5183.0,0.792035,1.225034,ROU,GBR,700231
11940459,186,81,8067,2013,0.0,7215.0,0.481166,-0.180052,RUS,GBR,700231
11940460,192,81,8067,2013,0.0,25484.0,1.915504,0.619576,SGP,GBR,700231
11940461,206,81,8067,2013,0.0,5419.0,1.32064,0.7519819999999999,SVK,GBR,700231
11940462,207,81,8067,2013,0.0,6109.0,1.698374,0.563082,SVN,GBR,700231
11940463,208,81,8067,2013,0.0,56779.0,1.869421,0.228109,SWE,GBR,700231
11940464,216,81,8067,2013,0.0,1246.0,0.8752139999999999,1.3798620000000001,THA,GBR,700231
11940465,224,81,8067,2013,34743.0,46840.0,0.42932299999999995,2.690235,TUR,GBR,700231
11940466,231,81,8067,2013,2090935.0,404860.0,1.6639689999999998,-0.48651300000000003,USA,GBR,700231
11940467,236,81,8067,2013,0.0,1479.0,-0.778172,-1.107059,VEN,GBR,700231
11940468,239,81,8067,2013,0.0,1713.0,-0.11426900000000001,1.399738,VNM,GBR,700231
11940469,246,81,8067,2013,24535.0,1475.0,0.380284,1.5682120000000002,ZAF,GBR,700231
11940470,248,81,8067,2013,0.0,9246.0,-0.828702,-0.899175,ZWE,GBR,700231
11940471,249,81,8067,2013,0.0,536322.0,1.843186,0.9432379999999999,TWN,GBR,700231
11940472,61,90,8067,2013,2252.0,0.0,2.093658,-3.4281980000000005,DEU,GRC,700231
11940473,68,90,8067,2013,4198.0,0.0,-0.17418,1.692641,EGY,GRC,700231
11940474,77,90,8067,2013,1038.0,0.0,1.520354,0.022874000000000002,FRA,GRC,700231
11940475,81,90,8067,2013,3239.0,0.0,1.7901259999999999,0.44164,GBR,GRC,700231
11940476,111,90,8067,2013,3760.0,0.0,1.289924,0.533436,ITA,GRC,700231
11940477,231,90,8067,2013,8534.0,0.0,1.6639689999999998,-0.48651300000000003,USA,GRC,700231
11940478,231,93,8067,2013,2198.0,0.0,1.6639689999999998,-0.48651300000000003,USA,GTM,700231
11940479,43,97,8067,2013,839656.0,43114.0,1.113767,1.477496,CHN,HKG,700231
11940480,61,97,8067,2013,1437623.0,0.0,2.093658,-3.4281980000000005,DEU,HKG,700231
11940481,71,97,8067,2013,0.0,1059.0,0.861698,2.353993,ESP,HKG,700231
11940482,103,97,8067,2013,0.0,3786.0,-0.216854,1.415728,IDN,HKG,700231
11940483,114,97,8067,2013,50369.0,0.0,2.3993130000000003,-0.564768,JPN,HKG,700231
11940484,142,97,8067,2013,0.0,47301.0,0.8519760000000001,-0.075869,MLT,HKG,700231
11940485,153,97,8067,2013,0.0,12024.0,0.937641,0.747496,MYS,HKG,700231
11940486,162,97,8067,2013,106224.0,273033.0,1.184107,1.249557,NLD,HKG,700231
11940487,174,97,8067,2013,0.0,335809.0,0.507868,0.355403,PHL,HKG,700231
11940488,192,97,8067,2013,2534.0,1856.0,1.915504,0.619576,SGP,HKG,700231
11940489,231,97,8067,2013,897032.0,216029.0,1.6639689999999998,-0.48651300000000003,USA,HKG,700231
11940490,249,97,8067,2013,10498.0,0.0,1.843186,0.9432379999999999,TWN,HKG,700231
11940491,7,102,8067,2013,0.0,9740.0,-0.074047,-0.585168,ARE,HUN,700231
11940492,14,102,8067,2013,0.0,9811.0,-0.31145700000000004,-0.167628,AUS,HUN,700231
11940493,15,102,8067,2013,0.0,30452.0,1.7209240000000001,-0.286892,AUT,HUN,700231
11940494,18,102,8067,2013,0.0,4946.0,1.316207,0.972601,BEL,HUN,700231
11940495,32,102,8067,2013,213679.0,1661.0,0.14765899999999998,0.399262,BRA,HUN,700231
11940496,41,102,8067,2013,0.0,12569.0,2.2104470000000003,0.5403479999999999,CHE,HUN,700231
11940497,42,102,8067,2013,0.0,4553.0,-0.260718,-0.38256100000000004,CHL,HUN,700231
11940498,43,102,8067,2013,978355.0,1146.0,1.113767,1.477496,CHN,HUN,700231
11940499,59,102,8067,2013,25813.0,8571.0,1.819653,-0.12423800000000002,CZE,HUN,700231
11940500,61,102,8067,2013,1462324.0,61261.0,2.093658,-3.4281980000000005,DEU,HUN,700231
11940501,64,102,8067,2013,0.0,14423.0,1.161835,1.1788450000000001,DNK,HUN,700231
11940502,68,102,8067,2013,0.0,867.0,-0.17418,1.692641,EGY,HUN,700231
11940503,71,102,8067,2013,0.0,3259.0,0.861698,2.353993,ESP,HUN,700231
11940504,74,102,8067,2013,0.0,11836.0,1.734552,0.8896940000000001,FIN,HUN,700231
11940505,77,102,8067,2013,0.0,14015.0,1.520354,0.022874000000000002,FRA,HUN,700231
11940506,81,102,8067,2013,16885.0,15118.0,1.7901259999999999,0.44164,GBR,HUN,700231
11940507,111,102,8067,2013,1670.0,23785.0,1.289924,0.533436,ITA,HUN,700231
11940508,114,102,8067,2013,268467.0,0.0,2.3993130000000003,-0.564768,JPN,HUN,700231
11940509,162,102,8067,2013,34338.0,7917.0,1.184107,1.249557,NLD,HUN,700231
11940510,163,102,8067,2013,0.0,24094.0,0.892099,0.18168399999999998,NOR,HUN,700231
11940511,166,102,8067,2013,0.0,2634.0,0.3345,0.39063000000000003,NZL,HUN,700231
11940512,177,102,8067,2013,0.0,4719.0,1.084332,1.216749,POL,HUN,700231
11940513,179,102,8067,2013,0.0,952.0,0.541454,2.5228610000000002,PRT,HUN,700231
11940514,185,102,8067,2013,0.0,3302.0,0.792035,1.225034,ROU,HUN,700231
11940515,192,102,8067,2013,0.0,1873.0,1.915504,0.619576,SGP,HUN,700231
11940516,208,102,8067,2013,0.0,12109.0,1.869421,0.228109,SWE,HUN,700231
11940517,224,102,8067,2013,0.0,1715.0,0.42932299999999995,2.690235,TUR,HUN,700231
11940518,228,102,8067,2013,0.0,1893.0,0.657729,0.9063200000000001,UKR,HUN,700231
11940519,231,102,8067,2013,193482.0,2573.0,1.6639689999999998,-0.48651300000000003,USA,HUN,700231
11940520,14,103,8067,2013,2159.0,0.0,-0.31145700000000004,-0.167628,AUS,IDN,700231
11940521,15,103,8067,2013,4821.0,0.0,1.7209240000000001,-0.286892,AUT,IDN,700231
11940522,18,103,8067,2013,4004.0,0.0,1.316207,0.972601,BEL,IDN,700231
11940523,32,103,8067,2013,1435671.0,0.0,0.14765899999999998,0.399262,BRA,IDN,700231
11940524,41,103,8067,2013,2033.0,0.0,2.2104470000000003,0.5403479999999999,CHE,IDN,700231
11940525,43,103,8067,2013,153046.0,28104.0,1.113767,1.477496,CHN,IDN,700231
11940526,61,103,8067,2013,3059416.0,10085.0,2.093658,-3.4281980000000005,DEU,IDN,700231
11940527,68,103,8067,2013,0.0,101026.0,-0.17418,1.692641,EGY,IDN,700231
11940528,71,103,8067,2013,165193.0,0.0,0.861698,2.353993,ESP,IDN,700231
11940529,77,103,8067,2013,57061.0,0.0,1.520354,0.022874000000000002,FRA,IDN,700231
11940530,81,103,8067,2013,9264.0,0.0,1.7901259999999999,0.44164,GBR,IDN,700231
11940531,97,103,8067,2013,3786.0,0.0,0.744383,1.923139,HKG,IDN,700231
11940532,104,103,8067,2013,7263219.0,0.0,0.215356,2.3916209999999998,IND,IDN,700231
11940533,111,103,8067,2013,0.0,1769.0,1.289924,0.533436,ITA,IDN,700231
11940534,114,103,8067,2013,68638.0,3979626.0,2.3993130000000003,-0.564768,JPN,IDN,700231
11940535,121,103,8067,2013,6386.0,11930.0,1.818383,0.75645,KOR,IDN,700231
11940536,138,103,8067,2013,0.0,74414.0,1.048507,0.718932,MEX,IDN,700231
11940537,153,103,8067,2013,4350.0,0.0,0.937641,0.747496,MYS,IDN,700231
11940538,162,103,8067,2013,0.0,5302.0,1.184107,1.249557,NLD,IDN,700231
11940539,192,103,8067,2013,2192262.0,7674.0,1.915504,0.619576,SGP,IDN,700231
11940540,216,103,8067,2013,15833.0,0.0,0.8752139999999999,1.3798620000000001,THA,IDN,700231
11940541,231,103,8067,2013,511436.0,8385.0,1.6639689999999998,-0.48651300000000003,USA,IDN,700231
11940542,249,103,8067,2013,13351.0,0.0,1.843186,0.9432379999999999,TWN,IDN,700231
11940543,7,104,8067,2013,0.0,48721.0,-0.074047,-0.585168,ARE,IND,700231
11940544,15,104,8067,2013,7206.0,0.0,1.7209240000000001,-0.286892,AUT,IND,700231
11940545,18,104,8067,2013,15340.0,0.0,1.316207,0.972601,BEL,IND,700231
11940546,22,104,8067,2013,0.0,56130.0,-1.101916,-0.734646,BGD,IND,700231
11940547,39,104,8067,2013,1171.0,0.0,0.719649,1.017046,CAN,IND,700231
11940548,41,104,8067,2013,1456.0,0.0,2.2104470000000003,0.5403479999999999,CHE,IND,700231
11940549,43,104,8067,2013,1498850.0,1565.0,1.113767,1.477496,CHN,IND,700231
11940550,49,104,8067,2013,0.0,5842.0,0.121799,-0.388239,COL,IND,700231
11940551,59,104,8067,2013,248297.0,0.0,1.819653,-0.12423800000000002,CZE,IND,700231
11940552,61,104,8067,2013,973815.0,0.0,2.093658,-3.4281980000000005,DEU,IND,700231
11940553,71,104,8067,2013,8436.0,0.0,0.861698,2.353993,ESP,IND,700231
11940554,77,104,8067,2013,10188.0,0.0,1.520354,0.022874000000000002,FRA,IND,700231
11940555,81,104,8067,2013,2229.0,0.0,1.7901259999999999,0.44164,GBR,IND,700231
11940556,103,104,8067,2013,0.0,7263219.0,-0.216854,1.415728,IDN,IND,700231
11940557,111,104,8067,2013,0.0,1310.0,1.289924,0.533436,ITA,IND,700231
11940558,142,104,8067,2013,7550.0,0.0,0.8519760000000001,-0.075869,MLT,IND,700231
11940559,153,104,8067,2013,1922.0,0.0,0.937641,0.747496,MYS,IND,700231
11940560,162,104,8067,2013,1219412.0,49841.0,1.184107,1.249557,NLD,IND,700231
11940561,183,104,8067,2013,0.0,10797.0,-0.083649,-1.013491,QAT,IND,700231
11940562,186,104,8067,2013,0.0,13975.0,0.481166,-0.180052,RUS,IND,700231
11940563,192,104,8067,2013,13090.0,0.0,1.915504,0.619576,SGP,IND,700231
11940564,216,104,8067,2013,0.0,387204.0,0.8752139999999999,1.3798620000000001,THA,IND,700231
11940565,231,104,8067,2013,1936058.0,5544.0,1.6639689999999998,-0.48651300000000003,USA,IND,700231
11940566,18,110,8067,2013,1719.0,0.0,1.316207,0.972601,BEL,ISR,700231
11940567,32,110,8067,2013,0.0,9764.0,0.14765899999999998,0.399262,BRA,ISR,700231
11940568,43,110,8067,2013,326455.0,0.0,1.113767,1.477496,CHN,ISR,700231
11940569,61,110,8067,2013,306662.0,0.0,2.093658,-3.4281980000000005,DEU,ISR,700231
11940570,81,110,8067,2013,17740.0,0.0,1.7901259999999999,0.44164,GBR,ISR,700231
11940571,192,110,8067,2013,0.0,3406.0,1.915504,0.619576,SGP,ISR,700231
11940572,231,110,8067,2013,11002.0,0.0,1.6639689999999998,-0.48651300000000003,USA,ISR,700231
11940573,8,111,8067,2013,0.0,13355.0,0.20314300000000002,0.494062,ARG,ITA,700231
11940574,18,111,8067,2013,1285.0,5114.0,1.316207,0.972601,BEL,ITA,700231
11940575,32,111,8067,2013,0.0,74356.0,0.14765899999999998,0.399262,BRA,ITA,700231
11940576,39,111,8067,2013,0.0,31282.0,0.719649,1.017046,CAN,ITA,700231
11940577,41,111,8067,2013,0.0,21494.0,2.2104470000000003,0.5403479999999999,CHE,ITA,700231
11940578,43,111,8067,2013,306188.0,58289.0,1.113767,1.477496,CHN,ITA,700231
11940579,59,111,8067,2013,37388.0,0.0,1.819653,-0.12423800000000002,CZE,ITA,700231
11940580,61,111,8067,2013,328596.0,6933.0,2.093658,-3.4281980000000005,DEU,ITA,700231
11940581,68,111,8067,2013,0.0,765889.0,-0.17418,1.692641,EGY,ITA,700231
11940582,71,111,8067,2013,0.0,9810.0,0.861698,2.353993,ESP,ITA,700231
11940583,77,111,8067,2013,829239.0,114021.0,1.520354,0.022874000000000002,FRA,ITA,700231
11940584,81,111,8067,2013,67863.0,0.0,1.7901259999999999,0.44164,GBR,ITA,700231
11940585,90,111,8067,2013,0.0,3760.0,0.18823800000000002,0.910906,GRC,ITA,700231
11940586,102,111,8067,2013,23785.0,1670.0,1.506101,0.7279220000000001,HUN,ITA,700231
11940587,103,111,8067,2013,1769.0,0.0,-0.216854,1.415728,IDN,ITA,700231
11940588,104,111,8067,2013,1310.0,0.0,0.215356,2.3916209999999998,IND,ITA,700231
11940589,121,111,8067,2013,1492.0,0.0,1.818383,0.75645,KOR,ITA,700231
11940590,138,111,8067,2013,0.0,1249292.0,1.048507,0.718932,MEX,ITA,700231
11940591,140,111,8067,2013,0.0,2181.0,-0.10859400000000001,0.155229,MKD,ITA,700231
11940592,142,111,8067,2013,208340.0,1381.0,0.8519760000000001,-0.075869,MLT,ITA,700231
11940593,162,111,8067,2013,20804.0,0.0,1.184107,1.249557,NLD,ITA,700231
11940594,185,111,8067,2013,0.0,1370.0,0.792035,1.225034,ROU,ITA,700231
11940595,201,111,8067,2013,0.0,1036.0,0.5717720000000001,1.174901,SRB,ITA,700231
11940596,208,111,8067,2013,0.0,5549.0,1.869421,0.228109,SWE,ITA,700231
11940597,224,111,8067,2013,0.0,25131.0,0.42932299999999995,2.690235,TUR,ITA,700231
11940598,231,111,8067,2013,34359.0,6806.0,1.6639689999999998,-0.48651300000000003,USA,ITA,700231
11940599,249,111,8067,2013,7293.0,0.0,1.843186,0.9432379999999999,TWN,ITA,700231
11940600,43,112,8067,2013,1406.0,0.0,1.113767,1.477496,CHN,JAM,700231
11940601,32,113,8067,2013,11551.0,0.0,0.14765899999999998,0.399262,BRA,JOR,700231
11940602,124,113,8067,2013,0.0,11960.0,0.283084,1.4289100000000001,LBN,JOR,700231
11940603,43,121,8067,2013,2854037.0,853874.0,1.113767,1.477496,CHN,KOR,700231
11940604,59,121,8067,2013,1766.0,0.0,1.819653,-0.12423800000000002,CZE,KOR,700231
11940605,61,121,8067,2013,9148926.0,15027.0,2.093658,-3.4281980000000005,DEU,KOR,700231
11940606,81,121,8067,2013,13882.0,0.0,1.7901259999999999,0.44164,GBR,KOR,700231
11940607,103,121,8067,2013,11930.0,6386.0,-0.216854,1.415728,IDN,KOR,700231
11940608,111,121,8067,2013,0.0,1492.0,1.289924,0.533436,ITA,KOR,700231
11940609,114,121,8067,2013,9753522.0,375792.0,2.3993130000000003,-0.564768,JPN,KOR,700231
11940610,118,121,8067,2013,0.0,7358.0,-1.054758,-0.872352,KHM,KOR,700231
11940611,153,121,8067,2013,0.0,1834.0,0.937641,0.747496,MYS,KOR,700231
11940612,162,121,8067,2013,3314337.0,0.0,1.184107,1.249557,NLD,KOR,700231
11940613,186,121,8067,2013,0.0,2531.0,0.481166,-0.180052,RUS,KOR,700231
11940614,192,121,8067,2013,0.0,1544.0,1.915504,0.619576,SGP,KOR,700231
11940615,231,121,8067,2013,15500063.0,16665.0,1.6639689999999998,-0.48651300000000003,USA,KOR,700231
11940616,239,121,8067,2013,0.0,1665.0,-0.11426900000000001,1.399738,VNM,KOR,700231
11940617,249,121,8067,2013,148296.0,12772.0,1.843186,0.9432379999999999,TWN,KOR,700231
11940618,43,122,8067,2013,5968.0,0.0,1.113767,1.477496,CHN,KWT,700231
11940619,8,138,8067,2013,0.0,1268.0,0.20314300000000002,0.494062,ARG,MEX,700231
11940620,18,138,8067,2013,8628.0,0.0,1.316207,0.972601,BEL,MEX,700231
11940621,32,138,8067,2013,9993894.0,0.0,0.14765899999999998,0.399262,BRA,MEX,700231
11940622,39,138,8067,2013,2038.0,0.0,0.719649,1.017046,CAN,MEX,700231
11940623,41,138,8067,2013,19286.0,0.0,2.2104470000000003,0.5403479999999999,CHE,MEX,700231
11940624,42,138,8067,2013,0.0,39298.0,-0.260718,-0.38256100000000004,CHL,MEX,700231
11940625,43,138,8067,2013,216495.0,27815.0,1.113767,1.477496,CHN,MEX,700231
11940626,49,138,8067,2013,0.0,13835.0,0.121799,-0.388239,COL,MEX,700231
11940627,59,138,8067,2013,55428.0,3495.0,1.819653,-0.12423800000000002,CZE,MEX,700231
11940628,61,138,8067,2013,4318.0,0.0,2.093658,-3.4281980000000005,DEU,MEX,700231
11940629,71,138,8067,2013,228193.0,0.0,0.861698,2.353993,ESP,MEX,700231
11940630,81,138,8067,2013,2001.0,0.0,1.7901259999999999,0.44164,GBR,MEX,700231
11940631,103,138,8067,2013,74414.0,0.0,-0.216854,1.415728,IDN,MEX,700231
11940632,111,138,8067,2013,1249292.0,0.0,1.289924,0.533436,ITA,MEX,700231
11940633,114,138,8067,2013,1994203.0,0.0,2.3993130000000003,-0.564768,JPN,MEX,700231
11940634,153,138,8067,2013,829499.0,0.0,0.937641,0.747496,MYS,MEX,700231
11940635,160,138,8067,2013,0.0,9757.0,-0.9277,-0.6842630000000001,NIC,MEX,700231
11940636,169,138,8067,2013,0.0,5052.0,0.735637,1.161718,PAN,MEX,700231
11940637,177,138,8067,2013,4145.0,0.0,1.084332,1.216749,POL,MEX,700231
11940638,216,138,8067,2013,72121.0,0.0,0.8752139999999999,1.3798620000000001,THA,MEX,700231
11940639,231,138,8067,2013,28519518.0,17776.0,1.6639689999999998,-0.48651300000000003,USA,MEX,700231
11940640,43,153,8067,2013,79594.0,257548.0,1.113767,1.477496,CHN,MYS,700231
11940641,61,153,8067,2013,4025.0,52002.0,2.093658,-3.4281980000000005,DEU,MYS,700231
11940642,74,153,8067,2013,0.0,1010.0,1.734552,0.8896940000000001,FIN,MYS,700231
11940643,77,153,8067,2013,86941.0,0.0,1.520354,0.022874000000000002,FRA,MYS,700231
11940644,81,153,8067,2013,3255.0,0.0,1.7901259999999999,0.44164,GBR,MYS,700231
11940645,97,153,8067,2013,12024.0,0.0,0.744383,1.923139,HKG,MYS,700231
11940646,103,153,8067,2013,0.0,4350.0,-0.216854,1.415728,IDN,MYS,700231
11940647,104,153,8067,2013,0.0,1922.0,0.215356,2.3916209999999998,IND,MYS,700231
11940648,114,153,8067,2013,249033.0,8105.0,2.3993130000000003,-0.564768,JPN,MYS,700231
11940649,121,153,8067,2013,1834.0,0.0,1.818383,0.75645,KOR,MYS,700231
11940650,123,153,8067,2013,0.0,3059.0,-1.204446,-0.8571489999999999,LAO,MYS,700231
11940651,138,153,8067,2013,0.0,829499.0,1.048507,0.718932,MEX,MYS,700231
11940652,143,153,8067,2013,0.0,2742.0,-1.230787,-0.737375,MMR,MYS,700231
11940653,192,153,8067,2013,28427.0,0.0,1.915504,0.619576,SGP,MYS,700231
11940654,216,153,8067,2013,0.0,179470.0,0.8752139999999999,1.3798620000000001,THA,MYS,700231
11940655,231,153,8067,2013,212574.0,181621.0,1.6639689999999998,-0.48651300000000003,USA,MYS,700231
11940656,236,153,8067,2013,0.0,15536.0,-0.778172,-1.107059,VEN,MYS,700231
11940657,239,153,8067,2013,0.0,201179.0,-0.11426900000000001,1.399738,VNM,MYS,700231
11940658,249,153,8067,2013,41376.0,111233.0,1.843186,0.9432379999999999,TWN,MYS,700231
11940659,14,162,8067,2013,0.0,27231.0,-0.31145700000000004,-0.167628,AUS,NLD,700231
11940660,15,162,8067,2013,1605.0,3118.0,1.7209240000000001,-0.286892,AUT,NLD,700231
11940661,18,162,8067,2013,32921.0,4600024.0,1.316207,0.972601,BEL,NLD,700231
11940662,28,162,8067,2013,0.0,10155.0,1.036923,0.864568,BLR,NLD,700231
11940663,32,162,8067,2013,84409.0,250419.0,0.14765899999999998,0.399262,BRA,NLD,700231
11940664,39,162,8067,2013,3085.0,2093.0,0.719649,1.017046,CAN,NLD,700231
11940665,41,162,8067,2013,13952.0,66193.0,2.2104470000000003,0.5403479999999999,CHE,NLD,700231
11940666,42,162,8067,2013,0.0,1352.0,-0.260718,-0.38256100000000004,CHL,NLD,700231
11940667,43,162,8067,2013,170922.0,1844332.0,1.113767,1.477496,CHN,NLD,700231
11940668,59,162,8067,2013,1644.0,37928.0,1.819653,-0.12423800000000002,CZE,NLD,700231
11940669,61,162,8067,2013,2091378.0,9996167.0,2.093658,-3.4281980000000005,DEU,NLD,700231
11940670,64,162,8067,2013,0.0,8328.0,1.161835,1.1788450000000001,DNK,NLD,700231
11940671,71,162,8067,2013,0.0,6556.0,0.861698,2.353993,ESP,NLD,700231
11940672,74,162,8067,2013,0.0,10768.0,1.734552,0.8896940000000001,FIN,NLD,700231
11940673,77,162,8067,2013,7461743.0,2946054.0,1.520354,0.022874000000000002,FRA,NLD,700231
11940674,81,162,8067,2013,13453.0,198390.0,1.7901259999999999,0.44164,GBR,NLD,700231
11940675,97,162,8067,2013,273033.0,106224.0,0.744383,1.923139,HKG,NLD,700231
11940676,102,162,8067,2013,7917.0,34338.0,1.506101,0.7279220000000001,HUN,NLD,700231
11940677,103,162,8067,2013,5302.0,0.0,-0.216854,1.415728,IDN,NLD,700231
11940678,104,162,8067,2013,49841.0,1219412.0,0.215356,2.3916209999999998,IND,NLD,700231
11940679,111,162,8067,2013,0.0,20804.0,1.289924,0.533436,ITA,NLD,700231
11940680,114,162,8067,2013,12878.0,3160128.0,2.3993130000000003,-0.564768,JPN,NLD,700231
11940681,116,162,8067,2013,0.0,1079.0,-0.448112,0.8672719999999999,KEN,NLD,700231
11940682,121,162,8067,2013,0.0,3314337.0,1.818383,0.75645,KOR,NLD,700231
11940683,163,162,8067,2013,1177.0,10595.0,0.892099,0.18168399999999998,NOR,NLD,700231
11940684,166,162,8067,2013,0.0,2374.0,0.3345,0.39063000000000003,NZL,NLD,700231
11940685,177,162,8067,2013,804932.0,39821.0,1.084332,1.216749,POL,NLD,700231
11940686,186,162,8067,2013,0.0,1452797.0,0.481166,-0.180052,RUS,NLD,700231
11940687,208,162,8067,2013,0.0,10687.0,1.869421,0.228109,SWE,NLD,700231
11940688,216,162,8067,2013,26232.0,0.0,0.8752139999999999,1.3798620000000001,THA,NLD,700231
11940689,228,162,8067,2013,0.0,2587.0,0.657729,0.9063200000000001,UKR,NLD,700231
11940690,231,162,8067,2013,5103948.0,444167.0,1.6639689999999998,-0.48651300000000003,USA,NLD,700231
11940691,239,162,8067,2013,0.0,6262.0,-0.11426900000000001,1.399738,VNM,NLD,700231
11940692,15,163,8067,2013,7004.0,0.0,1.7209240000000001,-0.286892,AUT,NOR,700231
11940693,43,163,8067,2013,13490.0,1555.0,1.113767,1.477496,CHN,NOR,700231
11940694,61,163,8067,2013,100524.0,0.0,2.093658,-3.4281980000000005,DEU,NOR,700231
11940695,64,163,8067,2013,1586.0,1842.0,1.161835,1.1788450000000001,DNK,NOR,700231
11940696,74,163,8067,2013,0.0,2094.0,1.734552,0.8896940000000001,FIN,NOR,700231
11940697,77,163,8067,2013,2229.0,0.0,1.520354,0.022874000000000002,FRA,NOR,700231
11940698,81,163,8067,2013,2132.0,0.0,1.7901259999999999,0.44164,GBR,NOR,700231
11940699,102,163,8067,2013,24094.0,0.0,1.506101,0.7279220000000001,HUN,NOR,700231
11940700,162,163,8067,2013,10595.0,1177.0,1.184107,1.249557,NLD,NOR,700231
11940701,208,163,8067,2013,0.0,1185.0,1.869421,0.228109,SWE,NOR,700231
11940702,231,163,8067,2013,4004.0,0.0,1.6639689999999998,-0.48651300000000003,USA,NOR,700231
11940703,39,166,8067,2013,6614.0,0.0,0.719649,1.017046,CAN,NZL,700231
11940704,43,166,8067,2013,7028.0,0.0,1.113767,1.477496,CHN,NZL,700231
11940705,61,166,8067,2013,21742.0,0.0,2.093658,-3.4281980000000005,DEU,NZL,700231
11940706,81,166,8067,2013,19322.0,0.0,1.7901259999999999,0.44164,GBR,NZL,700231
11940707,102,166,8067,2013,2634.0,0.0,1.506101,0.7279220000000001,HUN,NZL,700231
11940708,162,166,8067,2013,2374.0,0.0,1.184107,1.249557,NLD,NZL,700231
11940709,208,166,8067,2013,2898.0,0.0,1.869421,0.228109,SWE,NZL,700231
11940710,231,166,8067,2013,4673.0,0.0,1.6639689999999998,-0.48651300000000003,USA,NZL,700231
11940711,242,166,8067,2013,0.0,1794.0,0.824724,0.056441,WSM,NZL,700231
11940712,43,169,8067,2013,1093.0,0.0,1.113767,1.477496,CHN,PAN,700231
11940713,138,169,8067,2013,5052.0,0.0,1.048507,0.718932,MEX,PAN,700231
11940714,43,173,8067,2013,7541.0,0.0,1.113767,1.477496,CHN,PER,700231
11940715,49,173,8067,2013,11970.0,0.0,0.121799,-0.388239,COL,PER,700231
11940716,231,173,8067,2013,18477.0,0.0,1.6639689999999998,-0.48651300000000003,USA,PER,700231
11940717,43,174,8067,2013,1390170.0,0.0,1.113767,1.477496,CHN,PHL,700231
11940718,61,174,8067,2013,1082.0,0.0,2.093658,-3.4281980000000005,DEU,PHL,700231
11940719,64,174,8067,2013,1217.0,0.0,1.161835,1.1788450000000001,DNK,PHL,700231
11940720,97,174,8067,2013,335809.0,0.0,0.744383,1.923139,HKG,PHL,700231
11940721,114,174,8067,2013,93122.0,97397.0,2.3993130000000003,-0.564768,JPN,PHL,700231
11940722,192,174,8067,2013,18369.0,0.0,1.915504,0.619576,SGP,PHL,700231
11940723,231,174,8067,2013,20416.0,0.0,1.6639689999999998,-0.48651300000000003,USA,PHL,700231
11940724,249,174,8067,2013,11252.0,0.0,1.843186,0.9432379999999999,TWN,PHL,700231
11940725,18,177,8067,2013,570079.0,80194.0,1.316207,0.972601,BEL,POL,700231
11940726,43,177,8067,2013,47032.0,0.0,1.113767,1.477496,CHN,POL,700231
11940727,59,177,8067,2013,12941.0,5800.0,1.819653,-0.12423800000000002,CZE,POL,700231
11940728,61,177,8067,2013,634997.0,40013.0,2.093658,-3.4281980000000005,DEU,POL,700231
11940729,77,177,8067,2013,7385.0,7220.0,1.520354,0.022874000000000002,FRA,POL,700231
11940730,81,177,8067,2013,42602.0,0.0,1.7901259999999999,0.44164,GBR,POL,700231
11940731,102,177,8067,2013,4719.0,0.0,1.506101,0.7279220000000001,HUN,POL,700231
11940732,138,177,8067,2013,0.0,4145.0,1.048507,0.718932,MEX,POL,700231
11940733,162,177,8067,2013,39821.0,804932.0,1.184107,1.249557,NLD,POL,700231
11940734,186,177,8067,2013,0.0,50781.0,0.481166,-0.180052,RUS,POL,700231
11940735,231,177,8067,2013,1476.0,51257.0,1.6639689999999998,-0.48651300000000003,USA,POL,700231
11940736,2,179,8067,2013,0.0,5156.0,-1.172043,-1.133735,AGO,PRT,700231
11940737,43,179,8067,2013,1851.0,0.0,1.113767,1.477496,CHN,PRT,700231
11940738,59,179,8067,2013,1749.0,0.0,1.819653,-0.12423800000000002,CZE,PRT,700231
11940739,61,179,8067,2013,6830.0,0.0,2.093658,-3.4281980000000005,DEU,PRT,700231
11940740,71,179,8067,2013,2602.0,1046.0,0.861698,2.353993,ESP,PRT,700231
11940741,77,179,8067,2013,4629.0,0.0,1.520354,0.022874000000000002,FRA,PRT,700231
11940742,81,179,8067,2013,5789.0,0.0,1.7901259999999999,0.44164,GBR,PRT,700231
11940743,102,179,8067,2013,952.0,0.0,1.506101,0.7279220000000001,HUN,PRT,700231
11940744,231,179,8067,2013,4453.0,0.0,1.6639689999999998,-0.48651300000000003,USA,PRT,700231
11940745,32,180,8067,2013,147468.0,0.0,0.14765899999999998,0.399262,BRA,PRY,700231
11940746,61,180,8067,2013,2158.0,0.0,2.093658,-3.4281980000000005,DEU,PRY,700231
11940747,7,183,8067,2013,1194.0,0.0,-0.074047,-0.585168,ARE,QAT,700231
11940748,39,183,8067,2013,24104824.0,0.0,0.719649,1.017046,CAN,QAT,700231
11940749,81,183,8067,2013,4343.0,0.0,1.7901259999999999,0.44164,GBR,QAT,700231
11940750,104,183,8067,2013,10797.0,0.0,0.215356,2.3916209999999998,IND,QAT,700231
11940751,231,183,8067,2013,5388.0,0.0,1.6639689999999998,-0.48651300000000003,USA,QAT,700231
11940752,14,188,8067,2013,3622.0,0.0,-0.31145700000000004,-0.167628,AUS,SAU,700231
11940753,43,188,8067,2013,2225.0,0.0,1.113767,1.477496,CHN,SAU,700231
11940754,61,188,8067,2013,39916.0,0.0,2.093658,-3.4281980000000005,DEU,SAU,700231
11940755,231,188,8067,2013,7517.0,0.0,1.6639689999999998,-0.48651300000000003,USA,SAU,700231
11940756,68,190,8067,2013,6659.0,0.0,-0.17418,1.692641,EGY,SDN,700231
11940757,216,190,8067,2013,2944.0,0.0,0.8752139999999999,1.3798620000000001,THA,SDN,700231
11940758,227,190,8067,2013,650.0,0.0,-0.5462279999999999,0.200682,UGA,SDN,700231
11940759,32,192,8067,2013,0.0,1604.0,0.14765899999999998,0.399262,BRA,SGP,700231
11940760,34,192,8067,2013,0.0,1078.0,-0.866827,-0.795995,BRN,SGP,700231
11940761,39,192,8067,2013,890.0,0.0,0.719649,1.017046,CAN,SGP,700231
11940762,41,192,8067,2013,5200.0,0.0,2.2104470000000003,0.5403479999999999,CHE,SGP,700231
11940763,43,192,8067,2013,34282.0,2677.0,1.113767,1.477496,CHN,SGP,700231
11940764,61,192,8067,2013,115822.0,964.0,2.093658,-3.4281980000000005,DEU,SGP,700231
11940765,81,192,8067,2013,25484.0,0.0,1.7901259999999999,0.44164,GBR,SGP,700231
11940766,97,192,8067,2013,1856.0,2534.0,0.744383,1.923139,HKG,SGP,700231
11940767,102,192,8067,2013,1873.0,0.0,1.506101,0.7279220000000001,HUN,SGP,700231
11940768,103,192,8067,2013,7674.0,2192262.0,-0.216854,1.415728,IDN,SGP,700231
11940769,104,192,8067,2013,0.0,13090.0,0.215356,2.3916209999999998,IND,SGP,700231
11940770,110,192,8067,2013,3406.0,0.0,1.197241,0.633828,ISR,SGP,700231
11940771,114,192,8067,2013,1144225.0,9106.0,2.3993130000000003,-0.564768,JPN,SGP,700231
11940772,121,192,8067,2013,1544.0,0.0,1.818383,0.75645,KOR,SGP,700231
11940773,143,192,8067,2013,0.0,1323.0,-1.230787,-0.737375,MMR,SGP,700231
11940774,153,192,8067,2013,0.0,28427.0,0.937641,0.747496,MYS,SGP,700231
11940775,168,192,8067,2013,0.0,1335.0,-0.75727,0.769703,PAK,SGP,700231
11940776,174,192,8067,2013,0.0,18369.0,0.507868,0.355403,PHL,SGP,700231
11940777,216,192,8067,2013,14060.0,0.0,0.8752139999999999,1.3798620000000001,THA,SGP,700231
11940778,231,192,8067,2013,268568.0,0.0,1.6639689999999998,-0.48651300000000003,USA,SGP,700231
11940779,249,192,8067,2013,24690.0,20648.0,1.843186,0.9432379999999999,TWN,SGP,700231
11940780,39,197,8067,2013,957.0,0.0,0.719649,1.017046,CAN,SLV,700231
11940781,231,197,8067,2013,7815.0,0.0,1.6639689999999998,-0.48651300000000003,USA,SLV,700231
11940782,59,206,8067,2013,6788.0,0.0,1.819653,-0.12423800000000002,CZE,SVK,700231
11940783,61,206,8067,2013,265007.0,19364.0,2.093658,-3.4281980000000005,DEU,SVK,700231
11940784,81,206,8067,2013,5419.0,0.0,1.7901259999999999,0.44164,GBR,SVK,700231
11940785,142,206,8067,2013,67879.0,0.0,0.8519760000000001,-0.075869,MLT,SVK,700231
11940786,18,208,8067,2013,20328.0,1017.0,1.316207,0.972601,BEL,SWE,700231
11940787,43,208,8067,2013,4724.0,3220.0,1.113767,1.477496,CHN,SWE,700231
11940788,59,208,8067,2013,0.0,1591.0,1.819653,-0.12423800000000002,CZE,SWE,700231
11940789,61,208,8067,2013,400376.0,0.0,2.093658,-3.4281980000000005,DEU,SWE,700231
11940790,64,208,8067,2013,2793.0,3164.0,1.161835,1.1788450000000001,DNK,SWE,700231
11940791,74,208,8067,2013,0.0,3940.0,1.734552,0.8896940000000001,FIN,SWE,700231
11940792,77,208,8067,2013,0.0,5792.0,1.520354,0.022874000000000002,FRA,SWE,700231
11940793,81,208,8067,2013,56779.0,0.0,1.7901259999999999,0.44164,GBR,SWE,700231
11940794,102,208,8067,2013,12109.0,0.0,1.506101,0.7279220000000001,HUN,SWE,700231
11940795,111,208,8067,2013,5549.0,0.0,1.289924,0.533436,ITA,SWE,700231
11940796,114,208,8067,2013,17389.0,0.0,2.3993130000000003,-0.564768,JPN,SWE,700231
11940797,162,208,8067,2013,10687.0,0.0,1.184107,1.249557,NLD,SWE,700231
11940798,163,208,8067,2013,1185.0,0.0,0.892099,0.18168399999999998,NOR,SWE,700231
11940799,166,208,8067,2013,0.0,2898.0,0.3345,0.39063000000000003,NZL,SWE,700231
11940800,231,208,8067,2013,9892.0,0.0,1.6639689999999998,-0.48651300000000003,USA,SWE,700231
11940801,41,216,8067,2013,2274.0,0.0,2.2104470000000003,0.5403479999999999,CHE,THA,700231
11940802,43,216,8067,2013,832344.0,5773.0,1.113767,1.477496,CHN,THA,700231
11940803,61,216,8067,2013,16858.0,0.0,2.093658,-3.4281980000000005,DEU,THA,700231
11940804,81,216,8067,2013,1246.0,0.0,1.7901259999999999,0.44164,GBR,THA,700231
11940805,103,216,8067,2013,0.0,15833.0,-0.216854,1.415728,IDN,THA,700231
11940806,104,216,8067,2013,387204.0,0.0,0.215356,2.3916209999999998,IND,THA,700231
11940807,114,216,8067,2013,1117523.0,6345.0,2.3993130000000003,-0.564768,JPN,THA,700231
11940808,123,216,8067,2013,0.0,3859.0,-1.204446,-0.8571489999999999,LAO,THA,700231
11940809,138,216,8067,2013,0.0,72121.0,1.048507,0.718932,MEX,THA,700231
11940810,143,216,8067,2013,0.0,2081.0,-1.230787,-0.737375,MMR,THA,700231
11940811,153,216,8067,2013,179470.0,0.0,0.937641,0.747496,MYS,THA,700231
11940812,162,216,8067,2013,0.0,26232.0,1.184107,1.249557,NLD,THA,700231
11940813,185,216,8067,2013,0.0,5405.0,0.792035,1.225034,ROU,THA,700231
11940814,190,216,8067,2013,0.0,2944.0,-1.254944,-1.073564,SDN,THA,700231
11940815,192,216,8067,2013,0.0,14060.0,1.915504,0.619576,SGP,THA,700231
11940816,239,216,8067,2013,0.0,44034.0,-0.11426900000000001,1.399738,VNM,THA,700231
11940817,249,216,8067,2013,3351.0,0.0,1.843186,0.9432379999999999,TWN,THA,700231
11940818,231,222,8067,2013,1629.0,0.0,1.6639689999999998,-0.48651300000000003,USA,TTO,700231
11940819,18,224,8067,2013,24034.0,0.0,1.316207,0.972601,BEL,TUR,700231
11940820,43,224,8067,2013,323511.0,0.0,1.113767,1.477496,CHN,TUR,700231
11940821,61,224,8067,2013,38349.0,5362.0,2.093658,-3.4281980000000005,DEU,TUR,700231
11940822,77,224,8067,2013,18455.0,0.0,1.520354,0.022874000000000002,FRA,TUR,700231
11940823,81,224,8067,2013,46840.0,34743.0,1.7901259999999999,0.44164,GBR,TUR,700231
11940824,102,224,8067,2013,1715.0,0.0,1.506101,0.7279220000000001,HUN,TUR,700231
11940825,111,224,8067,2013,25131.0,0.0,1.289924,0.533436,ITA,TUR,700231
11940826,159,224,8067,2013,0.0,1727.0,-1.745783,-1.1356680000000001,NGA,TUR,700231
11940827,231,224,8067,2013,11684.0,0.0,1.6639689999999998,-0.48651300000000003,USA,TUR,700231
11940828,249,224,8067,2013,2391.0,0.0,1.843186,0.9432379999999999,TWN,TUR,700231
11940829,15,228,8067,2013,3515.0,0.0,1.7209240000000001,-0.286892,AUT,UKR,700231
11940830,16,228,8067,2013,0.0,956.0,-0.9232870000000001,-1.165928,AZE,UKR,700231
11940831,28,228,8067,2013,13081.0,0.0,1.036923,0.864568,BLR,UKR,700231
11940832,43,228,8067,2013,68468.0,0.0,1.113767,1.477496,CHN,UKR,700231
11940833,59,228,8067,2013,5044.0,0.0,1.819653,-0.12423800000000002,CZE,UKR,700231
11940834,61,228,8067,2013,4475.0,0.0,2.093658,-3.4281980000000005,DEU,UKR,700231
11940835,102,228,8067,2013,1893.0,0.0,1.506101,0.7279220000000001,HUN,UKR,700231
11940836,162,228,8067,2013,2587.0,0.0,1.184107,1.249557,NLD,UKR,700231
11940837,186,228,8067,2013,0.0,100507.0,0.481166,-0.180052,RUS,UKR,700231
11940838,32,230,8067,2013,502112.0,0.0,0.14765899999999998,0.399262,BRA,URY,700231
11940839,43,230,8067,2013,4585.0,0.0,1.113767,1.477496,CHN,URY,700231
11940840,61,230,8067,2013,3974.0,0.0,2.093658,-3.4281980000000005,DEU,URY,700231
11940841,2,231,8067,2013,0.0,6213.0,-1.172043,-1.133735,AGO,USA,700231
11940842,7,231,8067,2013,0.0,13998.0,-0.074047,-0.585168,ARE,USA,700231
11940843,8,231,8067,2013,0.0,9438.0,0.20314300000000002,0.494062,ARG,USA,700231
11940844,14,231,8067,2013,0.0,70286.0,-0.31145700000000004,-0.167628,AUS,USA,700231
11940845,15,231,8067,2013,92818.0,306651.0,1.7209240000000001,-0.286892,AUT,USA,700231
11940846,18,231,8067,2013,73164.0,28475.0,1.316207,0.972601,BEL,USA,700231
11940847,31,231,8067,2013,0.0,1458.0,-1.039614,-0.95663,BOL,USA,700231
11940848,32,231,8067,2013,947140.0,1573678.0,0.14765899999999998,0.399262,BRA,USA,700231
11940849,39,231,8067,2013,49483.0,986285.0,0.719649,1.017046,CAN,USA,700231
11940850,41,231,8067,2013,41191.0,86060.0,2.2104470000000003,0.5403479999999999,CHE,USA,700231
11940851,42,231,8067,2013,0.0,3405.0,-0.260718,-0.38256100000000004,CHL,USA,700231
11940852,43,231,8067,2013,10775653.0,24420360.0,1.113767,1.477496,CHN,USA,700231
11940853,49,231,8067,2013,0.0,11092.0,0.121799,-0.388239,COL,USA,700231
11940854,52,231,8067,2013,0.0,4270.0,0.067379,-0.688217,CRI,USA,700231
11940855,59,231,8067,2013,0.0,105320.0,1.819653,-0.12423800000000002,CZE,USA,700231
11940856,61,231,8067,2013,88997688.0,7766904.0,2.093658,-3.4281980000000005,DEU,USA,700231
11940857,64,231,8067,2013,39478.0,2955446.0,1.161835,1.1788450000000001,DNK,USA,700231
11940858,67,231,8067,2013,0.0,4645.0,-0.86546,-0.8888389999999999,ECU,USA,700231
11940859,68,231,8067,2013,0.0,10296.0,-0.17418,1.692641,EGY,USA,700231
11940860,71,231,8067,2013,0.0,18499.0,0.861698,2.353993,ESP,USA,700231
11940861,74,231,8067,2013,0.0,137066.0,1.734552,0.8896940000000001,FIN,USA,700231
11940862,77,231,8067,2013,10681.0,10479544.0,1.520354,0.022874000000000002,FRA,USA,700231
11940863,81,231,8067,2013,404860.0,2090935.0,1.7901259999999999,0.44164,GBR,USA,700231
11940864,90,231,8067,2013,0.0,8534.0,0.18823800000000002,0.910906,GRC,USA,700231
11940865,93,231,8067,2013,0.0,2198.0,-0.41466499999999995,0.774788,GTM,USA,700231
11940866,97,231,8067,2013,216029.0,897032.0,0.744383,1.923139,HKG,USA,700231
11940867,100,231,8067,2013,0.0,36847.0,0.898284,1.038807,HRV,USA,700231
11940868,102,231,8067,2013,2573.0,193482.0,1.506101,0.7279220000000001,HUN,USA,700231
11940869,103,231,8067,2013,8385.0,511436.0,-0.216854,1.415728,IDN,USA,700231
11940870,104,231,8067,2013,5544.0,1936058.0,0.215356,2.3916209999999998,IND,USA,700231
11940871,106,231,8067,2013,0.0,4178.0,1.29988,0.240688,IRL,USA,700231
11940872,110,231,8067,2013,0.0,11002.0,1.197241,0.633828,ISR,USA,700231
11940873,111,231,8067,2013,6806.0,34359.0,1.289924,0.533436,ITA,USA,700231
11940874,114,231,8067,2013,14175099.0,9637219.0,2.3993130000000003,-0.564768,JPN,USA,700231
11940875,115,231,8067,2013,0.0,2931.0,-0.680678,-0.83347,KAZ,USA,700231
11940876,121,231,8067,2013,16665.0,15500063.0,1.818383,0.75645,KOR,USA,700231
11940877,132,231,8067,2013,0.0,37163.0,0.6219439999999999,1.166749,LVA,USA,700231
11940878,138,231,8067,2013,17776.0,28519518.0,1.048507,0.718932,MEX,USA,700231
11940879,142,231,8067,2013,40503.0,0.0,0.8519760000000001,-0.075869,MLT,USA,700231
11940880,148,231,8067,2013,0.0,7467.0,-1.950532,-1.283104,MRT,USA,700231
11940881,151,231,8067,2013,0.0,7377.0,-0.158852,0.0061600000000000005,MUS,USA,700231
11940882,153,231,8067,2013,181621.0,212574.0,0.937641,0.747496,MYS,USA,700231
11940883,160,231,8067,2013,0.0,1288.0,-0.9277,-0.6842630000000001,NIC,USA,700231
11940884,162,231,8067,2013,444167.0,5103948.0,1.184107,1.249557,NLD,USA,700231
11940885,163,231,8067,2013,0.0,4004.0,0.892099,0.18168399999999998,NOR,USA,700231
11940886,166,231,8067,2013,0.0,4673.0,0.3345,0.39063000000000003,NZL,USA,700231
11940887,168,231,8067,2013,0.0,2557.0,-0.75727,0.769703,PAK,USA,700231
11940888,173,231,8067,2013,0.0,18477.0,-0.573852,0.357977,PER,USA,700231
11940889,174,231,8067,2013,0.0,20416.0,0.507868,0.355403,PHL,USA,700231
11940890,177,231,8067,2013,51257.0,1476.0,1.084332,1.216749,POL,USA,700231
11940891,179,231,8067,2013,0.0,4453.0,0.541454,2.5228610000000002,PRT,USA,700231
11940892,183,231,8067,2013,0.0,5388.0,-0.083649,-1.013491,QAT,USA,700231
11940893,186,231,8067,2013,0.0,242307.0,0.481166,-0.180052,RUS,USA,700231
11940894,188,231,8067,2013,0.0,7517.0,0.626347,-0.844406,SAU,USA,700231
11940895,192,231,8067,2013,0.0,268568.0,1.915504,0.619576,SGP,USA,700231
11940896,197,231,8067,2013,0.0,7815.0,-0.021029,0.381522,SLV,USA,700231
11940897,207,231,8067,2013,0.0,25285.0,1.698374,0.563082,SVN,USA,700231
11940898,208,231,8067,2013,0.0,9892.0,1.869421,0.228109,SWE,USA,700231
11940899,222,231,8067,2013,0.0,1629.0,-0.280641,-1.083332,TTO,USA,700231
11940900,224,231,8067,2013,0.0,11684.0,0.42932299999999995,2.690235,TUR,USA,700231
11940901,236,231,8067,2013,0.0,3054.0,-0.778172,-1.107059,VEN,USA,700231
11940902,239,231,8067,2013,0.0,109775.0,-0.11426900000000001,1.399738,VNM,USA,700231
11940903,246,231,8067,2013,283248.0,1356.0,0.380284,1.5682120000000002,ZAF,USA,700231
11940904,249,231,8067,2013,9390.0,3728633.0,1.843186,0.9432379999999999,TWN,USA,700231
11940905,32,236,8067,2013,633465.0,0.0,0.14765899999999998,0.399262,BRA,VEN,700231
11940906,61,236,8067,2013,2164.0,0.0,2.093658,-3.4281980000000005,DEU,VEN,700231
11940907,81,236,8067,2013,1479.0,0.0,1.7901259999999999,0.44164,GBR,VEN,700231
11940908,153,236,8067,2013,15536.0,0.0,0.937641,0.747496,MYS,VEN,700231
11940909,231,236,8067,2013,3054.0,0.0,1.6639689999999998,-0.48651300000000003,USA,VEN,700231
11940910,2,246,8067,2013,0.0,4833.0,-1.172043,-1.133735,AGO,ZAF,700231
11940911,18,246,8067,2013,28268.0,0.0,1.316207,0.972601,BEL,ZAF,700231
11940912,43,246,8067,2013,17936.0,0.0,1.113767,1.477496,CHN,ZAF,700231
11940913,61,246,8067,2013,5993.0,0.0,2.093658,-3.4281980000000005,DEU,ZAF,700231
11940914,81,246,8067,2013,1475.0,24535.0,1.7901259999999999,0.44164,GBR,ZAF,700231
11940915,116,246,8067,2013,0.0,2177.0,-0.448112,0.8672719999999999,KEN,ZAF,700231
11940916,152,246,8067,2013,0.0,3877.0,-0.8992120000000001,-0.862175,MWI,ZAF,700231
11940917,155,246,8067,2013,0.0,1541.0,-0.308643,-0.480617,NAM,ZAF,700231
11940918,209,246,8067,2013,0.0,2230.0,0.109267,-0.275005,SWZ,ZAF,700231
11940919,231,246,8067,2013,1356.0,283248.0,1.6639689999999998,-0.48651300000000003,USA,ZAF,700231
11940920,248,246,8067,2013,0.0,8027.0,-0.828702,-0.899175,ZWE,ZAF,700231
11940921,39,249,8067,2013,0.0,4315.0,0.719649,1.017046,CAN,TWN,700231
11940922,43,249,8067,2013,1441883.0,123449.0,1.113767,1.477496,CHN,TWN,700231
11940923,61,249,8067,2013,4865944.0,12941.0,2.093658,-3.4281980000000005,DEU,TWN,700231
11940924,71,249,8067,2013,0.0,4241.0,0.861698,2.353993,ESP,TWN,700231
11940925,81,249,8067,2013,536322.0,0.0,1.7901259999999999,0.44164,GBR,TWN,700231
11940926,95,249,8067,2013,0.0,1077.0,0.483541,0.281968,GUM,TWN,700231
11940927,97,249,8067,2013,0.0,10498.0,0.744383,1.923139,HKG,TWN,700231
11940928,103,249,8067,2013,0.0,13351.0,-0.216854,1.415728,IDN,TWN,700231
11940929,111,249,8067,2013,0.0,7293.0,1.289924,0.533436,ITA,TWN,700231
11940930,114,249,8067,2013,4134935.0,200618.0,2.3993130000000003,-0.564768,JPN,TWN,700231
11940931,121,249,8067,2013,12772.0,148296.0,1.818383,0.75645,KOR,TWN,700231
11940932,153,249,8067,2013,111233.0,41376.0,0.937641,0.747496,MYS,TWN,700231
11940933,174,249,8067,2013,0.0,11252.0,0.507868,0.355403,PHL,TWN,700231
11940934,192,249,8067,2013,20648.0,24690.0,1.915504,0.619576,SGP,TWN,700231
11940935,216,249,8067,2013,0.0,3351.0,0.8752139999999999,1.3798620000000001,THA,TWN,700231
11940936,224,249,8067,2013,0.0,2391.0,0.42932299999999995,2.690235,TUR,TWN,700231
11940937,231,249,8067,2013,3728633.0,9390.0,1.6639689999999998,-0.48651300000000003,USA,TWN,700231
11940938,239,249,8067,2013,0.0,13107.0,-0.11426900000000001,1.399738,VNM,TWN,700231
11940939,7,250,8067,2013,1154.0,0.0,-0.074047,-0.585168,ARE,ANS,700231
11940940,32,250,8067,2013,0.0,150807.0,0.14765899999999998,0.399262,BRA,ANS,700231
11940941,73,250,8067,2013,0.0,33990.0,-1.264002,-0.9594219999999999,ETH,ANS,700231
11940942,77,250,8067,2013,0.0,2589.0,1.520354,0.022874000000000002,FRA,ANS,700231
11940943,136,250,8067,2013,0.0,2150.0,-1.068565,-0.364254,MDG,ANS,700231
11940944,39,14,8067,2013,1453.0,0.0,0.719649,1.017046,CAN,AUS,700231
11940945,43,14,8067,2013,28353.0,33556.0,1.113767,1.477496,CHN,AUS,700231
11940946,61,14,8067,2013,128449.0,0.0,2.093658,-3.4281980000000005,DEU,AUS,700231
11940947,81,14,8067,2013,5809.0,0.0,1.7901259999999999,0.44164,GBR,AUS,700231
11940948,102,14,8067,2013,9811.0,0.0,1.506101,0.7279220000000001,HUN,AUS,700231
11940949,103,14,8067,2013,0.0,2159.0,-0.216854,1.415728,IDN,AUS,700231
11940950,114,14,8067,2013,1124.0,0.0,2.3993130000000003,-0.564768,JPN,AUS,700231
11940951,162,14,8067,2013,27231.0,0.0,1.184107,1.249557,NLD,AUS,700231
11940952,188,14,8067,2013,0.0,3622.0,0.626347,-0.844406,SAU,AUS,700231
11940953,220,14,8067,2013,0.0,1882.0,-0.376633,-0.73677,TLS,AUS,700231
11940954,231,14,8067,2013,70286.0,0.0,1.6639689999999998,-0.48651300000000003,USA,AUS,700231
11940955,228,16,8067,2013,956.0,0.0,0.657729,0.9063200000000001,UKR,AZE,700231
11940956,43,22,8067,2013,167288.0,0.0,1.113767,1.477496,CHN,BGD,700231
11940957,61,22,8067,2013,20009.0,0.0,2.093658,-3.4281980000000005,DEU,BGD,700231
11940958,104,22,8067,2013,56130.0,0.0,0.215356,2.3916209999999998,IND,BGD,700231
11940959,18,28,8067,2013,14629.0,0.0,1.316207,0.972601,BEL,BLR,700231
11940960,59,28,8067,2013,2055.0,0.0,1.819653,-0.12423800000000002,CZE,BLR,700231
11940961,61,28,8067,2013,6815.0,0.0,2.093658,-3.4281980000000005,DEU,BLR,700231
11940962,162,28,8067,2013,10155.0,0.0,1.184107,1.249557,NLD,BLR,700231
11940963,186,28,8067,2013,77440.0,264428.0,0.481166,-0.180052,RUS,BLR,700231
11940964,228,28,8067,2013,0.0,13081.0,0.657729,0.9063200000000001,UKR,BLR,700231
11940965,18,68,8067,2013,16917.0,0.0,1.316207,0.972601,BEL,EGY,700231
11940966,43,68,8067,2013,14498.0,0.0,1.113767,1.477496,CHN,EGY,700231
11940967,61,68,8067,2013,2700.0,0.0,2.093658,-3.4281980000000005,DEU,EGY,700231
11940968,71,68,8067,2013,1511938.0,0.0,0.861698,2.353993,ESP,EGY,700231
11940969,81,68,8067,2013,2400.0,0.0,1.7901259999999999,0.44164,GBR,EGY,700231
11940970,90,68,8067,2013,0.0,4198.0,0.18823800000000002,0.910906,GRC,EGY,700231
11940971,102,68,8067,2013,867.0,0.0,1.506101,0.7279220000000001,HUN,EGY,700231
11940972,103,68,8067,2013,101026.0,0.0,-0.216854,1.415728,IDN,EGY,700231
11940973,111,68,8067,2013,765889.0,0.0,1.289924,0.533436,ITA,EGY,700231
11940974,190,68,8067,2013,0.0,6659.0,-1.254944,-1.073564,SDN,EGY,700231
11940975,231,68,8067,2013,10296.0,0.0,1.6639689999999998,-0.48651300000000003,USA,EGY,700231
11940976,15,100,8067,2013,1703.0,0.0,1.7209240000000001,-0.286892,AUT,HRV,700231
11940977,43,100,8067,2013,60487.0,0.0,1.113767,1.477496,CHN,HRV,700231
11940978,59,100,8067,2013,24419.0,0.0,1.819653,-0.12423800000000002,CZE,HRV,700231
11940979,61,100,8067,2013,8498.0,0.0,2.093658,-3.4281980000000005,DEU,HRV,700231
11940980,231,100,8067,2013,36847.0,0.0,1.6639689999999998,-0.48651300000000003,USA,HRV,700231
11940981,39,106,8067,2013,1400.0,0.0,0.719649,1.017046,CAN,IRL,700231
11940982,43,106,8067,2013,1605.0,0.0,1.113767,1.477496,CHN,IRL,700231
11940983,59,106,8067,2013,1603.0,0.0,1.819653,-0.12423800000000002,CZE,IRL,700231
11940984,61,106,8067,2013,13312.0,0.0,2.093658,-3.4281980000000005,DEU,IRL,700231
11940985,64,106,8067,2013,0.0,2437.0,1.161835,1.1788450000000001,DNK,IRL,700231
11940986,77,106,8067,2013,30118.0,0.0,1.520354,0.022874000000000002,FRA,IRL,700231
11940987,81,106,8067,2013,80669.0,0.0,1.7901259999999999,0.44164,GBR,IRL,700231
11940988,231,106,8067,2013,4178.0,0.0,1.6639689999999998,-0.48651300000000003,USA,IRL,700231
11940989,7,107,8067,2013,1034018.0,0.0,-0.074047,-0.585168,ARE,IRN,700231
11940990,43,107,8067,2013,7340.0,0.0,1.113767,1.477496,CHN,IRN,700231
11940991,61,107,8067,2013,7600.0,0.0,2.093658,-3.4281980000000005,DEU,IRN,700231
11940992,14,114,8067,2013,0.0,1124.0,-0.31145700000000004,-0.167628,AUS,JPN,700231
11940993,15,114,8067,2013,0.0,3381.0,1.7209240000000001,-0.286892,AUT,JPN,700231
11940994,32,114,8067,2013,0.0,2117.0,0.14765899999999998,0.399262,BRA,JPN,700231
11940995,39,114,8067,2013,0.0,5290.0,0.719649,1.017046,CAN,JPN,700231
11940996,43,114,8067,2013,10267154.0,2867468.0,1.113767,1.477496,CHN,JPN,700231
11940997,49,114,8067,2013,0.0,65070.0,0.121799,-0.388239,COL,JPN,700231
11940998,59,114,8067,2013,0.0,3847.0,1.819653,-0.12423800000000002,CZE,JPN,700231
11940999,61,114,8067,2013,16941854.0,128870.0,2.093658,-3.4281980000000005,DEU,JPN,700231
11941000,64,114,8067,2013,0.0,9643.0,1.161835,1.1788450000000001,DNK,JPN,700231
11941001,77,114,8067,2013,20003.0,0.0,1.520354,0.022874000000000002,FRA,JPN,700231
11941002,81,114,8067,2013,36778.0,8948.0,1.7901259999999999,0.44164,GBR,JPN,700231
11941003,97,114,8067,2013,0.0,50369.0,0.744383,1.923139,HKG,JPN,700231
11941004,102,114,8067,2013,0.0,268467.0,1.506101,0.7279220000000001,HUN,JPN,700231
11941005,103,114,8067,2013,3979626.0,68638.0,-0.216854,1.415728,IDN,JPN,700231
11941006,121,114,8067,2013,375792.0,9753522.0,1.818383,0.75645,KOR,JPN,700231
11941007,133,114,8067,2013,0.0,693120.0,0.252209,0.184401,MAC,JPN,700231
11941008,138,114,8067,2013,0.0,1994203.0,1.048507,0.718932,MEX,JPN,700231
11941009,142,114,8067,2013,57551.0,0.0,0.8519760000000001,-0.075869,MLT,JPN,700231
11941010,153,114,8067,2013,8105.0,249033.0,0.937641,0.747496,MYS,JPN,700231
11941011,162,114,8067,2013,3160128.0,12878.0,1.184107,1.249557,NLD,JPN,700231
11941012,174,114,8067,2013,97397.0,93122.0,0.507868,0.355403,PHL,JPN,700231
11941013,186,114,8067,2013,5941.0,0.0,0.481166,-0.180052,RUS,JPN,700231
11941014,192,114,8067,2013,9106.0,1144225.0,1.915504,0.619576,SGP,JPN,700231
11941015,208,114,8067,2013,0.0,17389.0,1.869421,0.228109,SWE,JPN,700231
11941016,216,114,8067,2013,6345.0,1117523.0,0.8752139999999999,1.3798620000000001,THA,JPN,700231
11941017,231,114,8067,2013,9637219.0,14175099.0,1.6639689999999998,-0.48651300000000003,USA,JPN,700231
11941018,239,114,8067,2013,0.0,7586.0,-0.11426900000000001,1.399738,VNM,JPN,700231
11941019,247,114,8067,2013,0.0,1543.0,-0.382129,-0.5442229999999999,ZMB,JPN,700231
11941020,249,114,8067,2013,200618.0,4134935.0,1.843186,0.9432379999999999,TWN,JPN,700231
11941021,186,115,8067,2013,6752.0,0.0,0.481166,-0.180052,RUS,KAZ,700231
11941022,231,115,8067,2013,2931.0,0.0,1.6639689999999998,-0.48651300000000003,USA,KAZ,700231
11941023,61,116,8067,2013,1553.0,0.0,2.093658,-3.4281980000000005,DEU,KEN,700231
11941024,81,116,8067,2013,1509.0,0.0,1.7901259999999999,0.44164,GBR,KEN,700231
11941025,162,116,8067,2013,1079.0,0.0,1.184107,1.249557,NLD,KEN,700231
11941026,246,116,8067,2013,2177.0,0.0,0.380284,1.5682120000000002,ZAF,KEN,700231
11941027,186,117,8067,2013,11350.0,0.0,0.481166,-0.180052,RUS,KGZ,700231
11941028,121,118,8067,2013,7358.0,0.0,1.818383,0.75645,KOR,KHM,700231
11941029,43,124,8067,2013,1481.0,0.0,1.113767,1.477496,CHN,LBN,700231
11941030,81,124,8067,2013,1279.0,0.0,1.7901259999999999,0.44164,GBR,LBN,700231
11941031,113,124,8067,2013,11960.0,0.0,0.152659,0.5889979999999999,JOR,LBN,700231
11941032,43,128,8067,2013,4857.0,0.0,1.113767,1.477496,CHN,LKA,700231
11941033,43,130,8067,2013,14056.0,0.0,1.113767,1.477496,CHN,LTU,700231
11941034,61,130,8067,2013,29806.0,0.0,2.093658,-3.4281980000000005,DEU,LTU,700231
11941035,64,130,8067,2013,0.0,1110.0,1.161835,1.1788450000000001,DNK,LTU,700231
11941036,77,130,8067,2013,2381.0,0.0,1.520354,0.022874000000000002,FRA,LTU,700231
11941037,132,130,8067,2013,5456.0,0.0,0.6219439999999999,1.166749,LVA,LTU,700231
11941038,186,130,8067,2013,12165.0,146346.0,0.481166,-0.180052,RUS,LTU,700231
11941039,18,131,8067,2013,1767.0,1398.0,1.316207,0.972601,BEL,LUX,700231
11941040,59,131,8067,2013,2111.0,0.0,1.819653,-0.12423800000000002,CZE,LUX,700231
11941041,61,131,8067,2013,37691.0,0.0,2.093658,-3.4281980000000005,DEU,LUX,700231
11941042,43,132,8067,2013,3270.0,0.0,1.113767,1.477496,CHN,LVA,700231
11941043,59,132,8067,2013,5929.0,0.0,1.819653,-0.12423800000000002,CZE,LVA,700231
11941044,61,132,8067,2013,18056.0,0.0,2.093658,-3.4281980000000005,DEU,LVA,700231
11941045,130,132,8067,2013,0.0,5456.0,0.737796,1.215543,LTU,LVA,700231
11941046,186,132,8067,2013,12034.0,0.0,0.481166,-0.180052,RUS,LVA,700231
11941047,231,132,8067,2013,37163.0,0.0,1.6639689999999998,-0.48651300000000003,USA,LVA,700231
11941048,61,140,8067,2013,42052.0,0.0,2.093658,-3.4281980000000005,DEU,MKD,700231
11941049,111,140,8067,2013,2181.0,0.0,1.289924,0.533436,ITA,MKD,700231
11941050,239,147,8067,2013,7612.0,0.0,-0.11426900000000001,1.399738,VNM,MOZ,700231
11941051,231,148,8067,2013,7467.0,0.0,1.6639689999999998,-0.48651300000000003,USA,MRT,700231
11941052,224,159,8067,2013,1727.0,0.0,0.42932299999999995,2.690235,TUR,NGA,700231
11941053,43,164,8067,2013,10836.0,0.0,1.113767,1.477496,CHN,NPL,700231
11941054,7,167,8067,2013,3063.0,0.0,-0.074047,-0.585168,ARE,OMN,700231
11941055,61,167,8067,2013,2992.0,0.0,2.093658,-3.4281980000000005,DEU,OMN,700231
11941056,7,168,8067,2013,3318.0,0.0,-0.074047,-0.585168,ARE,PAK,700231
11941057,43,168,8067,2013,40278.0,0.0,1.113767,1.477496,CHN,PAK,700231
11941058,61,168,8067,2013,1840.0,0.0,2.093658,-3.4281980000000005,DEU,PAK,700231
11941059,77,168,8067,2013,6926.0,0.0,1.520354,0.022874000000000002,FRA,PAK,700231
11941060,192,168,8067,2013,1335.0,0.0,1.915504,0.619576,SGP,PAK,700231
11941061,226,168,8067,2013,0.0,27681.0,-0.9306770000000001,0.273489,TZA,PAK,700231
11941062,231,168,8067,2013,2557.0,0.0,1.6639689999999998,-0.48651300000000003,USA,PAK,700231
11941063,43,185,8067,2013,1431.0,0.0,1.113767,1.477496,CHN,ROU,700231
11941064,59,185,8067,2013,8967.0,0.0,1.819653,-0.12423800000000002,CZE,ROU,700231
11941065,61,185,8067,2013,5669.0,0.0,2.093658,-3.4281980000000005,DEU,ROU,700231
11941066,81,185,8067,2013,5183.0,0.0,1.7901259999999999,0.44164,GBR,ROU,700231
11941067,102,185,8067,2013,3302.0,0.0,1.506101,0.7279220000000001,HUN,ROU,700231
11941068,111,185,8067,2013,1370.0,0.0,1.289924,0.533436,ITA,ROU,700231
11941069,216,185,8067,2013,5405.0,0.0,0.8752139999999999,1.3798620000000001,THA,ROU,700231
11941070,28,186,8067,2013,264428.0,77440.0,1.036923,0.864568,BLR,RUS,700231
11941071,41,186,8067,2013,4303.0,7783.0,2.2104470000000003,0.5403479999999999,CHE,RUS,700231
11941072,43,186,8067,2013,422063.0,0.0,1.113767,1.477496,CHN,RUS,700231
11941073,59,186,8067,2013,16754.0,0.0,1.819653,-0.12423800000000002,CZE,RUS,700231
11941074,61,186,8067,2013,351102.0,0.0,2.093658,-3.4281980000000005,DEU,RUS,700231
11941075,74,186,8067,2013,5279.0,0.0,1.734552,0.8896940000000001,FIN,RUS,700231
11941076,81,186,8067,2013,7215.0,0.0,1.7901259999999999,0.44164,GBR,RUS,700231
11941077,104,186,8067,2013,13975.0,0.0,0.215356,2.3916209999999998,IND,RUS,700231
11941078,114,186,8067,2013,0.0,5941.0,2.3993130000000003,-0.564768,JPN,RUS,700231
11941079,115,186,8067,2013,0.0,6752.0,-0.680678,-0.83347,KAZ,RUS,700231
11941080,117,186,8067,2013,0.0,11350.0,-0.1035,0.339914,KGZ,RUS,700231
11941081,121,186,8067,2013,2531.0,0.0,1.818383,0.75645,KOR,RUS,700231
11941082,130,186,8067,2013,146346.0,12165.0,0.737796,1.215543,LTU,RUS,700231
11941083,132,186,8067,2013,0.0,12034.0,0.6219439999999999,1.166749,LVA,RUS,700231
11941084,162,186,8067,2013,1452797.0,0.0,1.184107,1.249557,NLD,RUS,700231
11941085,177,186,8067,2013,50781.0,0.0,1.084332,1.216749,POL,RUS,700231
11941086,228,186,8067,2013,100507.0,0.0,0.657729,0.9063200000000001,UKR,RUS,700231
11941087,231,186,8067,2013,242307.0,0.0,1.6639689999999998,-0.48651300000000003,USA,RUS,700231
11941088,232,186,8067,2013,0.0,9248.0,-0.748212,-0.567268,UZB,RUS,700231
11941089,43,201,8067,2013,5341.0,0.0,1.113767,1.477496,CHN,SRB,700231
11941090,59,201,8067,2013,1195.0,0.0,1.819653,-0.12423800000000002,CZE,SRB,700231
11941091,61,201,8067,2013,4705.0,0.0,2.093658,-3.4281980000000005,DEU,SRB,700231
11941092,111,201,8067,2013,1036.0,0.0,1.289924,0.533436,ITA,SRB,700231
11941093,15,207,8067,2013,9032.0,0.0,1.7209240000000001,-0.286892,AUT,SVN,700231
11941094,43,207,8067,2013,35940.0,0.0,1.113767,1.477496,CHN,SVN,700231
11941095,59,207,8067,2013,3028.0,0.0,1.819653,-0.12423800000000002,CZE,SVN,700231
11941096,61,207,8067,2013,3115.0,2336.0,2.093658,-3.4281980000000005,DEU,SVN,700231
11941097,81,207,8067,2013,6109.0,0.0,1.7901259999999999,0.44164,GBR,SVN,700231
11941098,231,207,8067,2013,25285.0,0.0,1.6639689999999998,-0.48651300000000003,USA,SVN,700231
11941099,43,239,8067,2013,854952.0,0.0,1.113767,1.477496,CHN,VNM,700231
11941100,61,239,8067,2013,810819.0,0.0,2.093658,-3.4281980000000005,DEU,VNM,700231
11941101,81,239,8067,2013,1713.0,0.0,1.7901259999999999,0.44164,GBR,VNM,700231
11941102,114,239,8067,2013,7586.0,0.0,2.3993130000000003,-0.564768,JPN,VNM,700231
11941103,121,239,8067,2013,1665.0,0.0,1.818383,0.75645,KOR,VNM,700231
11941104,147,239,8067,2013,0.0,7612.0,-1.326323,-1.050969,MOZ,VNM,700231
11941105,153,239,8067,2013,201179.0,0.0,0.937641,0.747496,MYS,VNM,700231
11941106,162,239,8067,2013,6262.0,0.0,1.184107,1.249557,NLD,VNM,700231
11941107,216,239,8067,2013,44034.0,0.0,0.8752139999999999,1.3798620000000001,THA,VNM,700231
11941108,231,239,8067,2013,109775.0,0.0,1.6639689999999998,-0.48651300000000003,USA,VNM,700231
11941109,249,239,8067,2013,13107.0,0.0,1.843186,0.9432379999999999,TWN,VNM,700231
11941110,81,248,8067,2013,9246.0,0.0,1.7901259999999999,0.44164,GBR,ZWE,700231
11941111,246,248,8067,2013,8027.0,0.0,0.380284,1.5682120000000002,ZAF,ZWE,700231
11941112,8,31,8067,2013,2864.0,0.0,0.20314300000000002,0.494062,ARG,BOL,700231
11941113,231,31,8067,2013,1458.0,0.0,1.6639689999999998,-0.48651300000000003,USA,BOL,700231
11941114,192,34,8067,2013,1078.0,0.0,1.915504,0.619576,SGP,BRN,700231
11941115,77,44,8067,2013,3856.0,0.0,1.520354,0.022874000000000002,FRA,CIV,700231
11941116,77,47,8067,2013,1259.0,0.0,1.520354,0.022874000000000002,FRA,COG,700231
11941117,32,54,8067,2013,78477.0,0.0,0.14765899999999998,0.399262,BRA,CUB,700231
11941118,81,58,8067,2013,5775.0,0.0,1.7901259999999999,0.44164,GBR,CYP,700231
11941119,43,66,8067,2013,77231.0,0.0,1.113767,1.477496,CHN,DZA,700231
11941120,81,66,8067,2013,4877.0,0.0,1.7901259999999999,0.44164,GBR,DZA,700231
11941121,250,73,8067,2013,33990.0,0.0,0.628555,0.277602,ANS,ETH,700231
11941122,43,85,8067,2013,34877.0,0.0,1.113767,1.477496,CHN,GIN,700231
11941123,43,99,8067,2013,8160.0,0.0,1.113767,1.477496,CHN,HND,700231
11941124,43,108,8067,2013,1915.0,0.0,1.113767,1.477496,CHN,IRQ,700231
11941125,114,133,8067,2013,693120.0,0.0,2.3993130000000003,-0.564768,JPN,MAC,700231
11941126,61,134,8067,2013,1167.0,0.0,2.093658,-3.4281980000000005,DEU,MAR,700231
11941127,77,134,8067,2013,2595.0,0.0,1.520354,0.022874000000000002,FRA,MAR,700231
11941128,250,136,8067,2013,2150.0,0.0,0.628555,0.277602,ANS,MDG,700231
11941129,7,142,8067,2013,70377.0,0.0,-0.074047,-0.585168,ARE,MLT,700231
11941130,18,142,8067,2013,0.0,91677.0,1.316207,0.972601,BEL,MLT,700231
11941131,32,142,8067,2013,0.0,203135.0,0.14765899999999998,0.399262,BRA,MLT,700231
11941132,43,142,8067,2013,18106.0,0.0,1.113767,1.477496,CHN,MLT,700231
11941133,61,142,8067,2013,1862066.0,1785116.0,2.093658,-3.4281980000000005,DEU,MLT,700231
11941134,81,142,8067,2013,10110.0,0.0,1.7901259999999999,0.44164,GBR,MLT,700231
11941135,97,142,8067,2013,47301.0,0.0,0.744383,1.923139,HKG,MLT,700231
11941136,104,142,8067,2013,0.0,7550.0,0.215356,2.3916209999999998,IND,MLT,700231
11941137,111,142,8067,2013,1381.0,208340.0,1.289924,0.533436,ITA,MLT,700231
11941138,114,142,8067,2013,0.0,57551.0,2.3993130000000003,-0.564768,JPN,MLT,700231
11941139,126,142,8067,2013,0.0,1394.0,-1.6241459999999999,-1.1817950000000002,LBY,MLT,700231
11941140,206,142,8067,2013,0.0,67879.0,1.32064,0.7519819999999999,SVK,MLT,700231
11941141,231,142,8067,2013,0.0,40503.0,1.6639689999999998,-0.48651300000000003,USA,MLT,700231
11941142,43,143,8067,2013,54284.0,0.0,1.113767,1.477496,CHN,MMR,700231
11941143,153,143,8067,2013,2742.0,0.0,0.937641,0.747496,MYS,MMR,700231
11941144,192,143,8067,2013,1323.0,0.0,1.915504,0.619576,SGP,MMR,700231
11941145,216,143,8067,2013,2081.0,0.0,0.8752139999999999,1.3798620000000001,THA,MMR,700231
11941146,231,151,8067,2013,7377.0,0.0,1.6639689999999998,-0.48651300000000003,USA,MUS,700231
11941147,246,155,8067,2013,1541.0,0.0,0.380284,1.5682120000000002,ZAF,NAM,700231
11941148,138,160,8067,2013,9757.0,0.0,1.048507,0.718932,MEX,NIC,700231
11941149,231,160,8067,2013,1288.0,0.0,1.6639689999999998,-0.48651300000000003,USA,NIC,700231
11941150,246,209,8067,2013,2230.0,0.0,0.380284,1.5682120000000002,ZAF,SWZ,700231
11941151,14,220,8067,2013,1882.0,0.0,-0.31145700000000004,-0.167628,AUS,TLS,700231
11941152,61,223,8067,2013,2105.0,0.0,2.093658,-3.4281980000000005,DEU,TUN,700231
11941153,168,226,8067,2013,27681.0,0.0,-0.75727,0.769703,PAK,TZA,700231
11941154,7,227,8067,2013,839.0,0.0,-0.074047,-0.585168,ARE,UGA,700231
11941155,190,227,8067,2013,0.0,650.0,-1.254944,-1.073564,SDN,UGA,700231
11941156,43,247,8067,2013,958.0,0.0,1.113767,1.477496,CHN,ZMB,700231
11941157,114,247,8067,2013,1543.0,0.0,2.3993130000000003,-0.564768,JPN,ZMB,700231
11941158,41,2,8067,2013,17308.0,0.0,2.2104470000000003,0.5403479999999999,CHE,AGO,700231
11941159,179,2,8067,2013,5156.0,0.0,0.541454,2.5228610000000002,PRT,AGO,700231
11941160,231,2,8067,2013,6213.0,0.0,1.6639689999999998,-0.48651300000000003,USA,AGO,700231
11941161,246,2,8067,2013,4833.0,0.0,0.380284,1.5682120000000002,ZAF,AGO,700231
11941162,39,126,8067,2013,1562.0,0.0,0.719649,1.017046,CAN,LBY,700231
11941163,142,126,8067,2013,1394.0,0.0,0.8519760000000001,-0.075869,MLT,LBY,700231
11941164,43,144,8067,2013,2686.0,0.0,1.113767,1.477496,CHN,MNE,700231
11941165,61,78,8067,2013,3114.0,0.0,2.093658,-3.4281980000000005,DEU,FRO,700231
11941166,153,123,8067,2013,3059.0,0.0,0.937641,0.747496,MYS,LAO,700231
11941167,216,123,8067,2013,3859.0,0.0,0.8752139999999999,1.3798620000000001,THA,LAO,700231
11941168,246,152,8067,2013,3877.0,0.0,0.380284,1.5682120000000002,ZAF,MWI,700231
11941169,77,182,8067,2013,1457.0,0.0,1.520354,0.022874000000000002,FRA,PYF,700231
11941170,43,232,8067,2013,9936.0,0.0,1.113767,1.477496,CHN,UZB,700231
11941171,61,232,8067,2013,16614.0,0.0,2.093658,-3.4281980000000005,DEU,UZB,700231
11941172,72,232,8067,2013,4331.0,0.0,0.8828940000000001,1.386574,EST,UZB,700231
11941173,186,232,8067,2013,9248.0,0.0,0.481166,-0.180052,RUS,UZB,700231
11941174,166,242,8067,2013,1794.0,0.0,0.3345,0.39063000000000003,NZL,WSM,700231
11941175,249,95,8067,2013,1077.0,0.0,1.843186,0.9432379999999999,TWN,GUM,700231
11941176,19,7,9895,2013,0.0,850.0,-0.919968,-0.90691,BEN,ARE,930629
11941177,41,7,9895,2013,2116504.0,0.0,2.2104470000000003,0.5403479999999999,CHE,ARE,930629
11941178,59,7,9895,2013,24959.0,0.0,1.819653,-0.12423800000000002,CZE,ARE,930629
11941179,61,7,9895,2013,414586.0,0.0,2.093658,-3.4281980000000005,DEU,ARE,930629
11941180,71,7,9895,2013,111657.0,0.0,0.861698,2.353993,ESP,ARE,930629
11941181,77,7,9895,2013,1290.0,0.0,1.520354,0.022874000000000002,FRA,ARE,930629
11941182,81,7,9895,2013,104592.0,0.0,1.7901259999999999,0.44164,GBR,ARE,930629
11941183,122,7,9895,2013,989.0,0.0,-0.536384,-1.08382,KWT,ARE,930629
11941184,188,7,9895,2013,0.0,16219.0,0.626347,-0.844406,SAU,ARE,930629
11941185,208,7,9895,2013,3613.0,0.0,1.869421,0.228109,SWE,ARE,930629
11941186,249,7,9895,2013,3678.0,0.0,1.843186,0.9432379999999999,TWN,ARE,930629
11941187,32,8,9895,2013,0.0,1351662.0,0.14765899999999998,0.399262,BRA,ARG,930629
11941188,39,8,9895,2013,149083.0,0.0,0.719649,1.017046,CAN,ARG,930629
11941189,42,8,9895,2013,0.0,130309.0,-0.260718,-0.38256100000000004,CHL,ARG,930629
11941190,43,8,9895,2013,140969.0,0.0,1.113767,1.477496,CHN,ARG,930629
11941191,49,8,9895,2013,0.0,5056.0,0.121799,-0.388239,COL,ARG,930629
11941192,59,8,9895,2013,28717.0,0.0,1.819653,-0.12423800000000002,CZE,ARG,930629
11941193,61,8,9895,2013,81543.0,0.0,2.093658,-3.4281980000000005,DEU,ARG,930629
11941194,71,8,9895,2013,119009.0,18810.0,0.861698,2.353993,ESP,ARG,930629
11941195,93,8,9895,2013,0.0,13618.0,-0.41466499999999995,0.774788,GTM,ARG,930629
11941196,102,8,9895,2013,6216.0,0.0,1.506101,0.7279220000000001,HUN,ARG,930629
11941197,111,8,9895,2013,404423.0,0.0,1.289924,0.533436,ITA,ARG,930629
11941198,114,8,9895,2013,1453.0,0.0,2.3993130000000003,-0.564768,JPN,ARG,930629
11941199,121,8,9895,2013,11808.0,0.0,1.818383,0.75645,KOR,ARG,930629
11941200,166,8,9895,2013,0.0,802486.0,0.3345,0.39063000000000003,NZL,ARG,930629
11941201,169,8,9895,2013,0.0,16936.0,0.735637,1.161718,PAN,ARG,930629
11941202,180,8,9895,2013,0.0,421571.0,-0.566239,-0.9273459999999999,PRY,ARG,930629
11941203,197,8,9895,2013,0.0,7980.0,-0.021029,0.381522,SLV,ARG,930629
11941204,222,8,9895,2013,0.0,3524.0,-0.280641,-1.083332,TTO,ARG,930629
11941205,230,8,9895,2013,0.0,75287.0,0.20190999999999998,-0.19777999999999998,URY,ARG,930629
11941206,231,8,9895,2013,104628.0,109191.0,1.6639689999999998,-0.48651300000000003,USA,ARG,930629
11941207,249,8,9895,2013,64860.0,0.0,1.843186,0.9432379999999999,TWN,ARG,930629
11941208,18,15,9895,2013,0.0,14995.0,1.316207,0.972601,BEL,AUT,930629
11941209,41,15,9895,2013,0.0,55397.0,2.2104470000000003,0.5403479999999999,CHE,AUT,930629
11941210,42,15,9895,2013,0.0,4748.0,-0.260718,-0.38256100000000004,CHL,AUT,930629
11941211,43,15,9895,2013,11219.0,0.0,1.113767,1.477496,CHN,AUT,930629
11941212,59,15,9895,2013,6996.0,0.0,1.819653,-0.12423800000000002,CZE,AUT,930629
11941213,61,15,9895,2013,695635.0,12807.0,2.093658,-3.4281980000000005,DEU,AUT,930629
11941214,64,15,9895,2013,0.0,11261.0,1.161835,1.1788450000000001,DNK,AUT,930629
11941215,71,15,9895,2013,1036.0,0.0,0.861698,2.353993,ESP,AUT,930629
11941216,77,15,9895,2013,5905.0,30773.0,1.520354,0.022874000000000002,FRA,AUT,930629
11941217,81,15,9895,2013,5164.0,0.0,1.7901259999999999,0.44164,GBR,AUT,930629
11941218,100,15,9895,2013,0.0,12785.0,0.898284,1.038807,HRV,AUT,930629
11941219,102,15,9895,2013,0.0,1368.0,1.506101,0.7279220000000001,HUN,AUT,930629
11941220,104,15,9895,2013,0.0,2518.0,0.215356,2.3916209999999998,IND,AUT,930629
11941221,111,15,9895,2013,11535.0,6593.0,1.289924,0.533436,ITA,AUT,930629
11941222,121,15,9895,2013,19975.0,0.0,1.818383,0.75645,KOR,AUT,930629
11941223,122,15,9895,2013,0.0,4279.0,-0.536384,-1.08382,KWT,AUT,930629
11941224,138,15,9895,2013,0.0,57975.0,1.048507,0.718932,MEX,AUT,930629
11941225,162,15,9895,2013,0.0,6332.0,1.184107,1.249557,NLD,AUT,930629
11941226,185,15,9895,2013,0.0,11835.0,0.792035,1.225034,ROU,AUT,930629
11941227,186,15,9895,2013,0.0,360643.0,0.481166,-0.180052,RUS,AUT,930629
11941228,206,15,9895,2013,0.0,3293.0,1.32064,0.7519819999999999,SVK,AUT,930629
11941229,207,15,9895,2013,0.0,7673.0,1.698374,0.563082,SVN,AUT,930629
11941230,208,15,9895,2013,30914.0,7526.0,1.869421,0.228109,SWE,AUT,930629
11941231,231,15,9895,2013,185962.0,2409.0,1.6639689999999998,-0.48651300000000003,USA,AUT,930629
11941232,249,15,9895,2013,71350.0,1457.0,1.843186,0.9432379999999999,TWN,AUT,930629
11941233,2,18,9895,2013,0.0,25987.0,-1.172043,-1.133735,AGO,BEL,930629
11941234,15,18,9895,2013,14995.0,0.0,1.7209240000000001,-0.286892,AUT,BEL,930629
11941235,39,18,9895,2013,42540.0,0.0,0.719649,1.017046,CAN,BEL,930629
11941236,43,18,9895,2013,159487.0,0.0,1.113767,1.477496,CHN,BEL,930629
11941237,59,18,9895,2013,50267.0,0.0,1.819653,-0.12423800000000002,CZE,BEL,930629
11941238,61,18,9895,2013,393352.0,35264.0,2.093658,-3.4281980000000005,DEU,BEL,930629
11941239,64,18,9895,2013,18683.0,8597.0,1.161835,1.1788450000000001,DNK,BEL,930629
11941240,71,18,9895,2013,160212.0,0.0,0.861698,2.353993,ESP,BEL,930629
11941241,77,18,9895,2013,108093.0,647974.0,1.520354,0.022874000000000002,FRA,BEL,930629
11941242,81,18,9895,2013,94993.0,28058.0,1.7901259999999999,0.44164,GBR,BEL,930629
11941243,111,18,9895,2013,2255.0,4147796.0,1.289924,0.533436,ITA,BEL,930629
11941244,121,18,9895,2013,36869.0,5720.0,1.818383,0.75645,KOR,BEL,930629
11941245,131,18,9895,2013,0.0,16992.0,1.170459,1.150327,LUX,BEL,930629
11941246,138,18,9895,2013,0.0,22329.0,1.048507,0.718932,MEX,BEL,930629
11941247,162,18,9895,2013,3961.0,50431.0,1.184107,1.249557,NLD,BEL,930629
11941248,163,18,9895,2013,0.0,5124.0,0.892099,0.18168399999999998,NOR,BEL,930629
11941249,174,18,9895,2013,36583.0,0.0,0.507868,0.355403,PHL,BEL,930629
11941250,191,18,9895,2013,0.0,3190.0,-0.523662,-0.309101,SEN,BEL,930629
11941251,224,18,9895,2013,0.0,458645.0,0.42932299999999995,2.690235,TUR,BEL,930629
11941252,231,18,9895,2013,1060869.0,0.0,1.6639689999999998,-0.48651300000000003,USA,BEL,930629
11941253,249,18,9895,2013,711185.0,0.0,1.843186,0.9432379999999999,TWN,BEL,930629
11941254,7,19,9895,2013,850.0,0.0,-0.074047,-0.585168,ARE,BEN,930629
11941255,37,23,9895,2013,0.0,724.0,-0.46761499999999995,-1.0842040000000002,BWA,BGR,930629
11941256,59,23,9895,2013,28822.0,0.0,1.819653,-0.12423800000000002,CZE,BGR,930629
11941257,61,23,9895,2013,17759.0,0.0,2.093658,-3.4281980000000005,DEU,BGR,930629
11941258,71,23,9895,2013,19536.0,0.0,0.861698,2.353993,ESP,BGR,930629
11941259,90,23,9895,2013,24294.0,0.0,0.18823800000000002,0.910906,GRC,BGR,930629
11941260,103,23,9895,2013,0.0,7402.0,-0.216854,1.415728,IDN,BGR,930629
11941261,111,23,9895,2013,53569.0,0.0,1.289924,0.533436,ITA,BGR,930629
11941262,121,23,9895,2013,2397.0,0.0,1.818383,0.75645,KOR,BGR,930629
11941263,201,23,9895,2013,4556.0,0.0,0.5717720000000001,1.174901,SRB,BGR,930629
11941264,216,23,9895,2013,0.0,3746999.0,0.8752139999999999,1.3798620000000001,THA,BGR,930629
11941265,224,23,9895,2013,115254.0,0.0,0.42932299999999995,2.690235,TUR,BGR,930629
11941266,231,25,9895,2013,11367.0,0.0,1.6639689999999998,-0.48651300000000003,USA,BHS,930629
11941267,8,32,9895,2013,1351662.0,0.0,0.20314300000000002,0.494062,ARG,BRA,930629
11941268,42,32,9895,2013,0.0,1264.0,-0.260718,-0.38256100000000004,CHL,BRA,930629
11941269,43,32,9895,2013,60075.0,0.0,1.113767,1.477496,CHN,BRA,930629
11941270,59,32,9895,2013,14296.0,0.0,1.819653,-0.12423800000000002,CZE,BRA,930629
11941271,61,32,9895,2013,87361.0,5970.0,2.093658,-3.4281980000000005,DEU,BRA,930629
11941272,71,32,9895,2013,354654.0,2462.0,0.861698,2.353993,ESP,BRA,930629
11941273,77,32,9895,2013,764211.0,0.0,1.520354,0.022874000000000002,FRA,BRA,930629
11941274,81,32,9895,2013,11369.0,4078.0,1.7901259999999999,0.44164,GBR,BRA,930629
11941275,96,32,9895,2013,0.0,32931.0,-0.8555590000000001,-0.9744450000000001,GUY,BRA,930629
11941276,102,32,9895,2013,3703.0,0.0,1.506101,0.7279220000000001,HUN,BRA,930629
11941277,104,32,9895,2013,0.0,13348.0,0.215356,2.3916209999999998,IND,BRA,930629
11941278,111,32,9895,2013,88743.0,1945.0,1.289924,0.533436,ITA,BRA,930629
11941279,121,32,9895,2013,6935.0,0.0,1.818383,0.75645,KOR,BRA,930629
11941280,224,32,9895,2013,28960.0,2158575.0,0.42932299999999995,2.690235,TUR,BRA,930629
11941281,231,32,9895,2013,1061408.0,57469.0,1.6639689999999998,-0.48651300000000003,USA,BRA,930629
11941282,231,33,9895,2013,51595.0,0.0,1.6639689999999998,-0.48651300000000003,USA,BRB,930629
11941283,8,39,9895,2013,0.0,149083.0,0.20314300000000002,0.494062,ARG,CAN,930629
11941284,18,39,9895,2013,0.0,42540.0,1.316207,0.972601,BEL,CAN,930629
11941285,41,39,9895,2013,4375.0,20294.0,2.2104470000000003,0.5403479999999999,CHE,CAN,930629
11941286,43,39,9895,2013,159332.0,0.0,1.113767,1.477496,CHN,CAN,930629
11941287,59,39,9895,2013,36970.0,0.0,1.819653,-0.12423800000000002,CZE,CAN,930629
11941288,61,39,9895,2013,509846.0,4336572.0,2.093658,-3.4281980000000005,DEU,CAN,930629
11941289,64,39,9895,2013,6024.0,0.0,1.161835,1.1788450000000001,DNK,CAN,930629
11941290,71,39,9895,2013,101837.0,0.0,0.861698,2.353993,ESP,CAN,930629
11941291,77,39,9895,2013,1070333.0,49584.0,1.520354,0.022874000000000002,FRA,CAN,930629
11941292,81,39,9895,2013,1186.0,1737337.0,1.7901259999999999,0.44164,GBR,CAN,930629
11941293,90,39,9895,2013,26110.0,0.0,0.18823800000000002,0.910906,GRC,CAN,930629
11941294,96,39,9895,2013,0.0,8902.0,-0.8555590000000001,-0.9744450000000001,GUY,CAN,930629
11941295,97,39,9895,2013,1379.0,0.0,0.744383,1.923139,HKG,CAN,930629
11941296,102,39,9895,2013,2216.0,0.0,1.506101,0.7279220000000001,HUN,CAN,930629
11941297,111,39,9895,2013,1331070.0,0.0,1.289924,0.533436,ITA,CAN,930629
11941298,112,39,9895,2013,0.0,5501.0,-0.541441,-0.8448559999999999,JAM,CAN,930629
11941299,114,39,9895,2013,1179.0,0.0,2.3993130000000003,-0.564768,JPN,CAN,930629
11941300,121,39,9895,2013,12426.0,0.0,1.818383,0.75645,KOR,CAN,930629
11941301,136,39,9895,2013,0.0,2815.0,-1.068565,-0.364254,MDG,CAN,930629
11941302,138,39,9895,2013,1548.0,0.0,1.048507,0.718932,MEX,CAN,930629
11941303,174,39,9895,2013,145374.0,0.0,0.507868,0.355403,PHL,CAN,930629
11941304,182,39,9895,2013,890.0,0.0,-0.146044,-0.7055359999999999,PYF,CAN,930629
11941305,192,39,9895,2013,0.0,11074.0,1.915504,0.619576,SGP,CAN,930629
11941306,208,39,9895,2013,845.0,0.0,1.869421,0.228109,SWE,CAN,930629
11941307,224,39,9895,2013,3415.0,0.0,0.42932299999999995,2.690235,TUR,CAN,930629
11941308,231,39,9895,2013,2987381.0,2877.0,1.6639689999999998,-0.48651300000000003,USA,CAN,930629
11941309,249,39,9895,2013,252395.0,0.0,1.843186,0.9432379999999999,TWN,CAN,930629
11941310,7,41,9895,2013,0.0,2116504.0,-0.074047,-0.585168,ARE,CHE,930629
11941311,15,41,9895,2013,55397.0,0.0,1.7209240000000001,-0.286892,AUT,CHE,930629
11941312,39,41,9895,2013,20294.0,4375.0,0.719649,1.017046,CAN,CHE,930629
11941313,43,41,9895,2013,44070.0,0.0,1.113767,1.477496,CHN,CHE,930629
11941314,59,41,9895,2013,26897.0,19921.0,1.819653,-0.12423800000000002,CZE,CHE,930629
11941315,61,41,9895,2013,775948.0,89967.0,2.093658,-3.4281980000000005,DEU,CHE,930629
11941316,71,41,9895,2013,34772.0,450422.0,0.861698,2.353993,ESP,CHE,930629
11941317,77,41,9895,2013,20647.0,0.0,1.520354,0.022874000000000002,FRA,CHE,930629
11941318,81,41,9895,2013,71589.0,0.0,1.7901259999999999,0.44164,GBR,CHE,930629
11941319,97,41,9895,2013,6937.0,0.0,0.744383,1.923139,HKG,CHE,930629
11941320,104,41,9895,2013,0.0,333371.0,0.215356,2.3916209999999998,IND,CHE,930629
11941321,111,41,9895,2013,1410.0,93907.0,1.289924,0.533436,ITA,CHE,930629
11941322,114,41,9895,2013,1163.0,0.0,2.3993130000000003,-0.564768,JPN,CHE,930629
11941323,116,41,9895,2013,0.0,46233.0,-0.448112,0.8672719999999999,KEN,CHE,930629
11941324,162,41,9895,2013,1657.0,0.0,1.184107,1.249557,NLD,CHE,930629
11941325,163,41,9895,2013,0.0,2869.0,0.892099,0.18168399999999998,NOR,CHE,930629
11941326,179,41,9895,2013,47943.0,0.0,0.541454,2.5228610000000002,PRT,CHE,930629
11941327,224,41,9895,2013,0.0,36721.0,0.42932299999999995,2.690235,TUR,CHE,930629
11941328,231,41,9895,2013,18143.0,0.0,1.6639689999999998,-0.48651300000000003,USA,CHE,930629
11941329,249,41,9895,2013,41400.0,0.0,1.843186,0.9432379999999999,TWN,CHE,930629
11941330,8,42,9895,2013,130309.0,0.0,0.20314300000000002,0.494062,ARG,CHL,930629
11941331,15,42,9895,2013,4748.0,0.0,1.7209240000000001,-0.286892,AUT,CHL,930629
11941332,32,42,9895,2013,1264.0,0.0,0.14765899999999998,0.399262,BRA,CHL,930629
11941333,43,42,9895,2013,62406.0,0.0,1.113767,1.477496,CHN,CHL,930629
11941334,52,42,9895,2013,0.0,18623.0,0.067379,-0.688217,CRI,CHL,930629
11941335,59,42,9895,2013,45784.0,0.0,1.819653,-0.12423800000000002,CZE,CHL,930629
11941336,61,42,9895,2013,122409.0,0.0,2.093658,-3.4281980000000005,DEU,CHL,930629
11941337,71,42,9895,2013,235365.0,0.0,0.861698,2.353993,ESP,CHL,930629
11941338,81,42,9895,2013,14101.0,0.0,1.7901259999999999,0.44164,GBR,CHL,930629
11941339,111,42,9895,2013,226001.0,0.0,1.289924,0.533436,ITA,CHL,930629
11941340,138,42,9895,2013,46184.0,0.0,1.048507,0.718932,MEX,CHL,930629
11941341,207,42,9895,2013,9387.0,0.0,1.698374,0.563082,SVN,CHL,930629
11941342,231,42,9895,2013,165634.0,0.0,1.6639689999999998,-0.48651300000000003,USA,CHL,930629
11941343,8,43,9895,2013,0.0,140969.0,0.20314300000000002,0.494062,ARG,CHN,930629
11941344,14,43,9895,2013,0.0,21216.0,-0.31145700000000004,-0.167628,AUS,CHN,930629
11941345,15,43,9895,2013,0.0,11219.0,1.7209240000000001,-0.286892,AUT,CHN,930629
11941346,18,43,9895,2013,0.0,159487.0,1.316207,0.972601,BEL,CHN,930629
11941347,32,43,9895,2013,0.0,60075.0,0.14765899999999998,0.399262,BRA,CHN,930629
11941348,37,43,9895,2013,0.0,19463.0,-0.46761499999999995,-1.0842040000000002,BWA,CHN,930629
11941349,39,43,9895,2013,0.0,159332.0,0.719649,1.017046,CAN,CHN,930629
11941350,41,43,9895,2013,0.0,44070.0,2.2104470000000003,0.5403479999999999,CHE,CHN,930629
11941351,42,43,9895,2013,0.0,62406.0,-0.260718,-0.38256100000000004,CHL,CHN,930629
11941352,49,43,9895,2013,0.0,34866.0,0.121799,-0.388239,COL,CHN,930629
11941353,52,43,9895,2013,0.0,8570.0,0.067379,-0.688217,CRI,CHN,930629
11941354,59,43,9895,2013,0.0,56860.0,1.819653,-0.12423800000000002,CZE,CHN,930629
11941355,61,43,9895,2013,51443.0,809523.0,2.093658,-3.4281980000000005,DEU,CHN,930629
11941356,64,43,9895,2013,1176.0,36346.0,1.161835,1.1788450000000001,DNK,CHN,930629
11941357,65,43,9895,2013,0.0,6557.0,-0.277269,0.432388,DOM,CHN,930629
11941358,71,43,9895,2013,0.0,33874.0,0.861698,2.353993,ESP,CHN,930629
11941359,74,43,9895,2013,0.0,20629.0,1.734552,0.8896940000000001,FIN,CHN,930629
11941360,77,43,9895,2013,0.0,127770.0,1.520354,0.022874000000000002,FRA,CHN,930629
11941361,81,43,9895,2013,0.0,1257073.0,1.7901259999999999,0.44164,GBR,CHN,930629
11941362,97,43,9895,2013,0.0,4625.0,0.744383,1.923139,HKG,CHN,930629
11941363,103,43,9895,2013,0.0,6345.0,-0.216854,1.415728,IDN,CHN,930629
11941364,104,43,9895,2013,0.0,7245.0,0.215356,2.3916209999999998,IND,CHN,930629
11941365,111,43,9895,2013,167104.0,322557.0,1.289924,0.533436,ITA,CHN,930629
11941366,121,43,9895,2013,0.0,153708.0,1.818383,0.75645,KOR,CHN,930629
11941367,122,43,9895,2013,0.0,13697.0,-0.536384,-1.08382,KWT,CHN,930629
11941368,124,43,9895,2013,0.0,15461.0,0.283084,1.4289100000000001,LBN,CHN,930629
11941369,128,43,9895,2013,0.0,19419.0,-0.6521779999999999,0.41258599999999995,LKA,CHN,930629
11941370,138,43,9895,2013,0.0,32337.0,1.048507,0.718932,MEX,CHN,930629
11941371,157,43,9895,2013,0.0,370383.0,-1.268738,-0.942256,NER,CHN,930629
11941372,159,43,9895,2013,0.0,5083.0,-1.745783,-1.1356680000000001,NGA,CHN,930629
11941373,163,43,9895,2013,0.0,36561.0,0.892099,0.18168399999999998,NOR,CHN,930629
11941374,166,43,9895,2013,0.0,7989.0,0.3345,0.39063000000000003,NZL,CHN,930629
11941375,168,43,9895,2013,0.0,409000.0,-0.75727,0.769703,PAK,CHN,930629
11941376,169,43,9895,2013,0.0,11296.0,0.735637,1.161718,PAN,CHN,930629
11941377,173,43,9895,2013,0.0,43451.0,-0.573852,0.357977,PER,CHN,930629
11941378,177,43,9895,2013,0.0,40734.0,1.084332,1.216749,POL,CHN,930629
11941379,180,43,9895,2013,0.0,3653.0,-0.566239,-0.9273459999999999,PRY,CHN,930629
11941380,183,43,9895,2013,0.0,8696.0,-0.083649,-1.013491,QAT,CHN,930629
11941381,186,43,9895,2013,0.0,73395.0,0.481166,-0.180052,RUS,CHN,930629
11941382,187,43,9895,2013,0.0,6764.0,-0.490519,-0.48427700000000007,RWA,CHN,930629
11941383,188,43,9895,2013,0.0,157817.0,0.626347,-0.844406,SAU,CHN,930629
11941384,190,43,9895,2013,0.0,25033.0,-1.254944,-1.073564,SDN,CHN,930629
11941385,192,43,9895,2013,0.0,15761.0,1.915504,0.619576,SGP,CHN,930629
11941386,197,43,9895,2013,0.0,5568.0,-0.021029,0.381522,SLV,CHN,930629
11941387,205,43,9895,2013,0.0,15014.0,-0.417865,-0.7600399999999999,SUR,CHN,930629
11941388,206,43,9895,2013,0.0,2676.0,1.32064,0.7519819999999999,SVK,CHN,930629
11941389,208,43,9895,2013,0.0,407488.0,1.869421,0.228109,SWE,CHN,930629
11941390,216,43,9895,2013,0.0,108897.0,0.8752139999999999,1.3798620000000001,THA,CHN,930629
11941391,224,43,9895,2013,0.0,4105.0,0.42932299999999995,2.690235,TUR,CHN,930629
11941392,228,43,9895,2013,0.0,1645.0,0.657729,0.9063200000000001,UKR,CHN,930629
11941393,230,43,9895,2013,0.0,2350.0,0.20190999999999998,-0.19777999999999998,URY,CHN,930629
11941394,231,43,9895,2013,4114.0,8731228.0,1.6639689999999998,-0.48651300000000003,USA,CHN,930629
11941395,243,43,9895,2013,0.0,19788.0,-1.252605,-1.207324,YEM,CHN,930629
11941396,246,43,9895,2013,0.0,15028.0,0.380284,1.5682120000000002,ZAF,CHN,930629
11941397,248,43,9895,2013,0.0,12859.0,-0.828702,-0.899175,ZWE,CHN,930629
11941398,249,43,9895,2013,0.0,13315.0,1.843186,0.9432379999999999,TWN,CHN,930629
11941399,8,49,9895,2013,5056.0,0.0,0.20314300000000002,0.494062,ARG,COL,930629
11941400,43,49,9895,2013,34866.0,0.0,1.113767,1.477496,CHN,COL,930629
11941401,61,49,9895,2013,15025.0,994.0,2.093658,-3.4281980000000005,DEU,COL,930629
11941402,71,49,9895,2013,424938.0,0.0,0.861698,2.353993,ESP,COL,930629
11941403,121,49,9895,2013,55185.0,0.0,1.818383,0.75645,KOR,COL,930629
11941404,169,49,9895,2013,3378.0,0.0,0.735637,1.161718,PAN,COL,930629
11941405,231,49,9895,2013,773484.0,0.0,1.6639689999999998,-0.48651300000000003,USA,COL,930629
11941406,249,49,9895,2013,24000.0,0.0,1.843186,0.9432379999999999,TWN,COL,930629
11941407,42,52,9895,2013,18623.0,0.0,-0.260718,-0.38256100000000004,CHL,CRI,930629
11941408,43,52,9895,2013,8570.0,0.0,1.113767,1.477496,CHN,CRI,930629
11941409,71,52,9895,2013,14941.0,0.0,0.861698,2.353993,ESP,CRI,930629
11941410,93,52,9895,2013,0.0,4805.0,-0.41466499999999995,0.774788,GTM,CRI,930629
11941411,138,52,9895,2013,1043.0,0.0,1.048507,0.718932,MEX,CRI,930629
11941412,169,52,9895,2013,3914.0,0.0,0.735637,1.161718,PAN,CRI,930629
11941413,224,52,9895,2013,863.0,0.0,0.42932299999999995,2.690235,TUR,CRI,930629
11941414,231,52,9895,2013,5114.0,0.0,1.6639689999999998,-0.48651300000000003,USA,CRI,930629
11941415,71,55,9895,2013,2990.0,0.0,0.861698,2.353993,ESP,CUW,930629
11941416,7,59,9895,2013,0.0,24959.0,-0.074047,-0.585168,ARE,CZE,930629
11941417,8,59,9895,2013,0.0,28717.0,0.20314300000000002,0.494062,ARG,CZE,930629
11941418,9,59,9895,2013,0.0,8133.0,-0.076922,-0.5781390000000001,ARM,CZE,930629
11941419,14,59,9895,2013,0.0,15531.0,-0.31145700000000004,-0.167628,AUS,CZE,930629
11941420,15,59,9895,2013,0.0,6996.0,1.7209240000000001,-0.286892,AUT,CZE,930629
11941421,16,59,9895,2013,0.0,5783.0,-0.9232870000000001,-1.165928,AZE,CZE,930629
11941422,18,59,9895,2013,0.0,50267.0,1.316207,0.972601,BEL,CZE,930629
11941423,23,59,9895,2013,0.0,28822.0,0.5026109999999999,1.674296,BGR,CZE,930629
11941424,29,59,9895,2013,0.0,94636.0,-0.35218299999999997,-0.508891,BLZ,CZE,930629
11941425,32,59,9895,2013,0.0,14296.0,0.14765899999999998,0.399262,BRA,CZE,930629
11941426,37,59,9895,2013,0.0,18043.0,-0.46761499999999995,-1.0842040000000002,BWA,CZE,930629
11941427,39,59,9895,2013,0.0,36970.0,0.719649,1.017046,CAN,CZE,930629
11941428,41,59,9895,2013,19921.0,26897.0,2.2104470000000003,0.5403479999999999,CHE,CZE,930629
11941429,42,59,9895,2013,0.0,45784.0,-0.260718,-0.38256100000000004,CHL,CZE,930629
11941430,43,59,9895,2013,56860.0,0.0,1.113767,1.477496,CHN,CZE,930629
11941431,58,59,9895,2013,0.0,14529.0,0.502238,0.349608,CYP,CZE,930629
11941432,61,59,9895,2013,144313.0,572832.0,2.093658,-3.4281980000000005,DEU,CZE,930629
11941433,64,59,9895,2013,0.0,12627.0,1.161835,1.1788450000000001,DNK,CZE,930629
11941434,68,59,9895,2013,0.0,11079.0,-0.17418,1.692641,EGY,CZE,930629
11941435,71,59,9895,2013,246029.0,63386.0,0.861698,2.353993,ESP,CZE,930629
11941436,72,59,9895,2013,0.0,10574.0,0.8828940000000001,1.386574,EST,CZE,930629
11941437,74,59,9895,2013,0.0,120703.0,1.734552,0.8896940000000001,FIN,CZE,930629
11941438,77,59,9895,2013,0.0,72280.0,1.520354,0.022874000000000002,FRA,CZE,930629
11941439,81,59,9895,2013,15216.0,245909.0,1.7901259999999999,0.44164,GBR,CZE,930629
11941440,90,59,9895,2013,0.0,25807.0,0.18823800000000002,0.910906,GRC,CZE,930629
11941441,93,59,9895,2013,0.0,3388.0,-0.41466499999999995,0.774788,GTM,CZE,930629
11941442,97,59,9895,2013,5593.0,9524.0,0.744383,1.923139,HKG,CZE,930629
11941443,100,59,9895,2013,0.0,12808.0,0.898284,1.038807,HRV,CZE,930629
11941444,102,59,9895,2013,0.0,65154.0,1.506101,0.7279220000000001,HUN,CZE,930629
11941445,103,59,9895,2013,0.0,19798.0,-0.216854,1.415728,IDN,CZE,930629
11941446,104,59,9895,2013,0.0,20500.0,0.215356,2.3916209999999998,IND,CZE,930629
11941447,106,59,9895,2013,0.0,7257.0,1.29988,0.240688,IRL,CZE,930629
11941448,111,59,9895,2013,273827.0,15141.0,1.289924,0.533436,ITA,CZE,930629
11941449,114,59,9895,2013,0.0,29586.0,2.3993130000000003,-0.564768,JPN,CZE,930629
11941450,118,59,9895,2013,0.0,2045288.0,-1.054758,-0.872352,KHM,CZE,930629
11941451,121,59,9895,2013,21012.0,15685.0,1.818383,0.75645,KOR,CZE,930629
11941452,122,59,9895,2013,0.0,49489.0,-0.536384,-1.08382,KWT,CZE,930629
11941453,124,59,9895,2013,0.0,461711.0,0.283084,1.4289100000000001,LBN,CZE,930629
11941454,130,59,9895,2013,0.0,9601.0,0.737796,1.215543,LTU,CZE,930629
11941455,132,59,9895,2013,0.0,3970.0,0.6219439999999999,1.166749,LVA,CZE,930629
11941456,138,59,9895,2013,0.0,12148.0,1.048507,0.718932,MEX,CZE,930629
11941457,144,59,9895,2013,0.0,3493.0,-0.054454999999999996,-0.164875,MNE,CZE,930629
11941458,145,59,9895,2013,0.0,2310.0,-1.3270950000000001,-1.144547,MNG,CZE,930629
11941459,151,59,9895,2013,0.0,3217.0,-0.158852,0.0061600000000000005,MUS,CZE,930629
11941460,162,59,9895,2013,0.0,42529.0,1.184107,1.249557,NLD,CZE,930629
11941461,163,59,9895,2013,0.0,19972.0,0.892099,0.18168399999999998,NOR,CZE,930629
11941462,166,59,9895,2013,0.0,8630.0,0.3345,0.39063000000000003,NZL,CZE,930629
11941463,169,59,9895,2013,0.0,71106.0,0.735637,1.161718,PAN,CZE,930629
11941464,173,59,9895,2013,0.0,10855.0,-0.573852,0.357977,PER,CZE,930629
11941465,177,59,9895,2013,0.0,171696.0,1.084332,1.216749,POL,CZE,930629
11941466,179,59,9895,2013,0.0,11555.0,0.541454,2.5228610000000002,PRT,CZE,930629
11941467,185,59,9895,2013,0.0,77713.0,0.792035,1.225034,ROU,CZE,930629
11941468,186,59,9895,2013,0.0,175594.0,0.481166,-0.180052,RUS,CZE,930629
11941469,188,59,9895,2013,0.0,161157.0,0.626347,-0.844406,SAU,CZE,930629
11941470,192,59,9895,2013,0.0,37877.0,1.915504,0.619576,SGP,CZE,930629
11941471,206,59,9895,2013,0.0,208163.0,1.32064,0.7519819999999999,SVK,CZE,930629
11941472,207,59,9895,2013,9936.0,29859.0,1.698374,0.563082,SVN,CZE,930629
11941473,208,59,9895,2013,0.0,153637.0,1.869421,0.228109,SWE,CZE,930629
11941474,216,59,9895,2013,0.0,44111.0,0.8752139999999999,1.3798620000000001,THA,CZE,930629
11941475,224,59,9895,2013,60030.0,56117.0,0.42932299999999995,2.690235,TUR,CZE,930629
11941476,228,59,9895,2013,0.0,69849.0,0.657729,0.9063200000000001,UKR,CZE,930629
11941477,231,59,9895,2013,2365.0,2545466.0,1.6639689999999998,-0.48651300000000003,USA,CZE,930629
11941478,246,59,9895,2013,0.0,104203.0,0.380284,1.5682120000000002,ZAF,CZE,930629
11941479,249,59,9895,2013,68085.0,18215.0,1.843186,0.9432379999999999,TWN,CZE,930629
11941480,4,61,9895,2013,0.0,976.0,-0.53682,-0.162391,ALB,DEU,930629
11941481,5,61,9895,2013,0.0,2905.0,0.9666530000000001,-0.159606,AND,DEU,930629
11941482,7,61,9895,2013,0.0,414586.0,-0.074047,-0.585168,ARE,DEU,930629
11941483,8,61,9895,2013,0.0,81543.0,0.20314300000000002,0.494062,ARG,DEU,930629
11941484,9,61,9895,2013,0.0,8310.0,-0.076922,-0.5781390000000001,ARM,DEU,930629
11941485,14,61,9895,2013,10800.0,117727.0,-0.31145700000000004,-0.167628,AUS,DEU,930629
11941486,15,61,9895,2013,12807.0,695635.0,1.7209240000000001,-0.286892,AUT,DEU,930629
11941487,16,61,9895,2013,0.0,6316.0,-0.9232870000000001,-1.165928,AZE,DEU,930629
11941488,18,61,9895,2013,35264.0,393352.0,1.316207,0.972601,BEL,DEU,930629
11941489,23,61,9895,2013,0.0,17759.0,0.5026109999999999,1.674296,BGR,DEU,930629
11941490,24,61,9895,2013,0.0,8631.0,0.249681,-0.6204270000000001,BHR,DEU,930629
11941491,26,61,9895,2013,0.0,21728.0,0.46743199999999996,0.7340800000000001,BIH,DEU,930629
11941492,28,61,9895,2013,0.0,45154.0,1.036923,0.864568,BLR,DEU,930629
11941493,32,61,9895,2013,5970.0,87361.0,0.14765899999999998,0.399262,BRA,DEU,930629
11941494,39,61,9895,2013,4336572.0,509846.0,0.719649,1.017046,CAN,DEU,930629
11941495,41,61,9895,2013,89967.0,775948.0,2.2104470000000003,0.5403479999999999,CHE,DEU,930629
11941496,42,61,9895,2013,0.0,122409.0,-0.260718,-0.38256100000000004,CHL,DEU,930629
11941497,43,61,9895,2013,809523.0,51443.0,1.113767,1.477496,CHN,DEU,930629
11941498,49,61,9895,2013,994.0,15025.0,0.121799,-0.388239,COL,DEU,930629
11941499,58,61,9895,2013,0.0,3344.0,0.502238,0.349608,CYP,DEU,930629
11941500,59,61,9895,2013,572832.0,144313.0,1.819653,-0.12423800000000002,CZE,DEU,930629
11941501,64,61,9895,2013,5194.0,166094.0,1.161835,1.1788450000000001,DNK,DEU,930629
11941502,71,61,9895,2013,19454.0,1282058.0,0.861698,2.353993,ESP,DEU,930629
11941503,72,61,9895,2013,0.0,245263.0,0.8828940000000001,1.386574,EST,DEU,930629
11941504,74,61,9895,2013,17617.0,251775.0,1.734552,0.8896940000000001,FIN,DEU,930629
11941505,77,61,9895,2013,253972.0,3047959.0,1.520354,0.022874000000000002,FRA,DEU,930629
11941506,80,61,9895,2013,0.0,6482.0,-1.6582830000000002,-1.155302,GAB,DEU,930629
11941507,81,61,9895,2013,747358.0,1710297.0,1.7901259999999999,0.44164,GBR,DEU,930629
11941508,90,61,9895,2013,107370.0,73840.0,0.18823800000000002,0.910906,GRC,DEU,930629
11941509,93,61,9895,2013,0.0,8348.0,-0.41466499999999995,0.774788,GTM,DEU,930629
11941510,97,61,9895,2013,50228.0,17076.0,0.744383,1.923139,HKG,DEU,930629
11941511,100,61,9895,2013,0.0,43401.0,0.898284,1.038807,HRV,DEU,930629
11941512,102,61,9895,2013,0.0,85794.0,1.506101,0.7279220000000001,HUN,DEU,930629
11941513,103,61,9895,2013,8718.0,719076.0,-0.216854,1.415728,IDN,DEU,930629
11941514,104,61,9895,2013,0.0,263980.0,0.215356,2.3916209999999998,IND,DEU,930629
11941515,106,61,9895,2013,0.0,8711.0,1.29988,0.240688,IRL,DEU,930629
11941516,108,61,9895,2013,0.0,15438.0,-2.839079,-0.8705440000000001,IRQ,DEU,930629
11941517,109,61,9895,2013,0.0,3500.0,0.259374,-0.20413299999999998,ISL,DEU,930629
11941518,110,61,9895,2013,0.0,8955.0,1.197241,0.633828,ISR,DEU,930629
11941519,111,61,9895,2013,97251.0,1094356.0,1.289924,0.533436,ITA,DEU,930629
11941520,113,61,9895,2013,0.0,10409.0,0.152659,0.5889979999999999,JOR,DEU,930629
11941521,114,61,9895,2013,0.0,104773.0,2.3993130000000003,-0.564768,JPN,DEU,930629
11941522,115,61,9895,2013,0.0,125963.0,-0.680678,-0.83347,KAZ,DEU,930629
11941523,121,61,9895,2013,216462.0,221481.0,1.818383,0.75645,KOR,DEU,930629
11941524,122,61,9895,2013,0.0,28858.0,-0.536384,-1.08382,KWT,DEU,930629
11941525,124,61,9895,2013,0.0,13493.0,0.283084,1.4289100000000001,LBN,DEU,930629
11941526,130,61,9895,2013,0.0,34068.0,0.737796,1.215543,LTU,DEU,930629
11941527,131,61,9895,2013,0.0,89921.0,1.170459,1.150327,LUX,DEU,930629
11941528,132,61,9895,2013,76091.0,29905.0,0.6219439999999999,1.166749,LVA,DEU,930629
11941529,138,61,9895,2013,0.0,38632.0,1.048507,0.718932,MEX,DEU,930629
11941530,140,61,9895,2013,0.0,3300.0,-0.10859400000000001,0.155229,MKD,DEU,930629
11941531,142,61,9895,2013,0.0,5942.0,0.8519760000000001,-0.075869,MLT,DEU,930629
11941532,153,61,9895,2013,0.0,12696.0,0.937641,0.747496,MYS,DEU,930629
11941533,155,61,9895,2013,0.0,9221.0,-0.308643,-0.480617,NAM,DEU,930629
11941534,156,61,9895,2013,0.0,20030.0,-0.136052,-0.703913,NCL,DEU,930629
11941535,162,61,9895,2013,1688.0,400595.0,1.184107,1.249557,NLD,DEU,930629
11941536,163,61,9895,2013,20227.0,352630.0,0.892099,0.18168399999999998,NOR,DEU,930629
11941537,166,61,9895,2013,0.0,58889.0,0.3345,0.39063000000000003,NZL,DEU,930629
11941538,168,61,9895,2013,0.0,2959.0,-0.75727,0.769703,PAK,DEU,930629
11941539,173,61,9895,2013,0.0,18462.0,-0.573852,0.357977,PER,DEU,930629
11941540,174,61,9895,2013,0.0,4528.0,0.507868,0.355403,PHL,DEU,930629
11941541,177,61,9895,2013,5562.0,289006.0,1.084332,1.216749,POL,DEU,930629
11941542,179,61,9895,2013,10783.0,90295.0,0.541454,2.5228610000000002,PRT,DEU,930629
11941543,182,61,9895,2013,0.0,2325.0,-0.146044,-0.7055359999999999,PYF,DEU,930629
11941544,183,61,9895,2013,0.0,17200.0,-0.083649,-1.013491,QAT,DEU,930629
11941545,185,61,9895,2013,489528.0,14232.0,0.792035,1.225034,ROU,DEU,930629
11941546,186,61,9895,2013,0.0,1011823.0,0.481166,-0.180052,RUS,DEU,930629
11941547,188,61,9895,2013,0.0,493965.0,0.626347,-0.844406,SAU,DEU,930629
11941548,192,61,9895,2013,0.0,371462.0,1.915504,0.619576,SGP,DEU,930629
11941549,197,61,9895,2013,0.0,2243.0,-0.021029,0.381522,SLV,DEU,930629
11941550,198,61,9895,2013,2181.0,0.0,1.108559,0.569782,SMR,DEU,930629
11941551,201,61,9895,2013,341319.0,4916.0,0.5717720000000001,1.174901,SRB,DEU,930629
11941552,205,61,9895,2013,0.0,8626.0,-0.417865,-0.7600399999999999,SUR,DEU,930629
11941553,206,61,9895,2013,0.0,32322.0,1.32064,0.7519819999999999,SVK,DEU,930629
11941554,207,61,9895,2013,0.0,113539.0,1.698374,0.563082,SVN,DEU,930629
11941555,208,61,9895,2013,6202.0,369050.0,1.869421,0.228109,SWE,DEU,930629
11941556,216,61,9895,2013,0.0,42030.0,0.8752139999999999,1.3798620000000001,THA,DEU,930629
11941557,222,61,9895,2013,0.0,20785.0,-0.280641,-1.083332,TTO,DEU,930629
11941558,223,61,9895,2013,0.0,45325.0,0.185528,1.0070700000000001,TUN,DEU,930629
11941559,224,61,9895,2013,892748.0,134564.0,0.42932299999999995,2.690235,TUR,DEU,930629
11941560,228,61,9895,2013,4091.0,164311.0,0.657729,0.9063200000000001,UKR,DEU,930629
11941561,230,61,9895,2013,0.0,3550.0,0.20190999999999998,-0.19777999999999998,URY,DEU,930629
11941562,231,61,9895,2013,42681.0,1983390.0,1.6639689999999998,-0.48651300000000003,USA,DEU,930629
11941563,232,61,9895,2013,0.0,15767.0,-0.748212,-0.567268,UZB,DEU,930629
11941564,239,61,9895,2013,0.0,23915.0,-0.11426900000000001,1.399738,VNM,DEU,930629
11941565,243,61,9895,2013,0.0,1047.0,-1.252605,-1.207324,YEM,DEU,930629
11941566,246,61,9895,2013,0.0,374877.0,0.380284,1.5682120000000002,ZAF,DEU,930629
11941567,249,61,9895,2013,793854.0,100740.0,1.843186,0.9432379999999999,TWN,DEU,930629
11941568,15,64,9895,2013,11261.0,0.0,1.7209240000000001,-0.286892,AUT,DNK,930629
11941569,18,64,9895,2013,8597.0,18683.0,1.316207,0.972601,BEL,DNK,930629
11941570,39,64,9895,2013,0.0,6024.0,0.719649,1.017046,CAN,DNK,930629
11941571,43,64,9895,2013,36346.0,1176.0,1.113767,1.477496,CHN,DNK,930629
11941572,59,64,9895,2013,12627.0,0.0,1.819653,-0.12423800000000002,CZE,DNK,930629
11941573,61,64,9895,2013,166094.0,5194.0,2.093658,-3.4281980000000005,DEU,DNK,930629
11941574,71,64,9895,2013,3694.0,37929.0,0.861698,2.353993,ESP,DNK,930629
11941575,72,64,9895,2013,0.0,4087.0,0.8828940000000001,1.386574,EST,DNK,930629
11941576,74,64,9895,2013,1575.0,1483.0,1.734552,0.8896940000000001,FIN,DNK,930629
11941577,77,64,9895,2013,1441.0,18846.0,1.520354,0.022874000000000002,FRA,DNK,930629
11941578,78,64,9895,2013,0.0,2860.0,-0.370701,-0.815466,FRO,DNK,930629
11941579,81,64,9895,2013,185991.0,324072.0,1.7901259999999999,0.44164,GBR,DNK,930629
11941580,111,64,9895,2013,4946.0,17535.0,1.289924,0.533436,ITA,DNK,930629
11941581,163,64,9895,2013,0.0,14592.0,0.892099,0.18168399999999998,NOR,DNK,930629
11941582,166,64,9895,2013,0.0,1448.0,0.3345,0.39063000000000003,NZL,DNK,930629
11941583,177,64,9895,2013,0.0,16981.0,1.084332,1.216749,POL,DNK,930629
11941584,186,64,9895,2013,0.0,7721.0,0.481166,-0.180052,RUS,DNK,930629
11941585,208,64,9895,2013,363428.0,73660.0,1.869421,0.228109,SWE,DNK,930629
11941586,231,64,9895,2013,38923.0,28431.0,1.6639689999999998,-0.48651300000000003,USA,DNK,930629
11941587,43,65,9895,2013,6557.0,0.0,1.113767,1.477496,CHN,DOM,930629
11941588,71,65,9895,2013,7503.0,0.0,0.861698,2.353993,ESP,DOM,930629
11941589,231,65,9895,2013,48240.0,0.0,1.6639689999999998,-0.48651300000000003,USA,DOM,930629
11941590,71,67,9895,2013,2344.0,0.0,0.861698,2.353993,ESP,ECU,930629
11941591,231,67,9895,2013,30351.0,0.0,1.6639689999999998,-0.48651300000000003,USA,ECU,930629
11941592,7,71,9895,2013,0.0,111657.0,-0.074047,-0.585168,ARE,ESP,930629
11941593,8,71,9895,2013,18810.0,119009.0,0.20314300000000002,0.494062,ARG,ESP,930629
11941594,9,71,9895,2013,0.0,1527.0,-0.076922,-0.5781390000000001,ARM,ESP,930629
11941595,14,71,9895,2013,0.0,328553.0,-0.31145700000000004,-0.167628,AUS,ESP,930629
11941596,15,71,9895,2013,0.0,1036.0,1.7209240000000001,-0.286892,AUT,ESP,930629
11941597,18,71,9895,2013,0.0,160212.0,1.316207,0.972601,BEL,ESP,930629
11941598,21,71,9895,2013,0.0,7771.0,-0.9110360000000001,-0.852492,BFA,ESP,930629
11941599,23,71,9895,2013,0.0,19536.0,0.5026109999999999,1.674296,BGR,ESP,930629
11941600,26,71,9895,2013,58670.0,3881.0,0.46743199999999996,0.7340800000000001,BIH,ESP,930629
11941601,32,71,9895,2013,2462.0,354654.0,0.14765899999999998,0.399262,BRA,ESP,930629
11941602,37,71,9895,2013,0.0,16753.0,-0.46761499999999995,-1.0842040000000002,BWA,ESP,930629
11941603,38,71,9895,2013,0.0,68937.0,-0.268604,-0.606101,CAF,ESP,930629
11941604,39,71,9895,2013,0.0,101837.0,0.719649,1.017046,CAN,ESP,930629
11941605,41,71,9895,2013,450422.0,34772.0,2.2104470000000003,0.5403479999999999,CHE,ESP,930629
11941606,42,71,9895,2013,0.0,235365.0,-0.260718,-0.38256100000000004,CHL,ESP,930629
11941607,43,71,9895,2013,33874.0,0.0,1.113767,1.477496,CHN,ESP,930629
11941608,49,71,9895,2013,0.0,424938.0,0.121799,-0.388239,COL,ESP,930629
11941609,52,71,9895,2013,0.0,14941.0,0.067379,-0.688217,CRI,ESP,930629
11941610,54,71,9895,2013,0.0,25108.0,-0.019956,-0.7873319999999999,CUB,ESP,930629
11941611,55,71,9895,2013,0.0,2990.0,0.029981999999999998,-0.673439,CUW,ESP,930629
11941612,58,71,9895,2013,0.0,4842.0,0.502238,0.349608,CYP,ESP,930629
11941613,59,71,9895,2013,63386.0,246029.0,1.819653,-0.12423800000000002,CZE,ESP,930629
11941614,61,71,9895,2013,1282058.0,19454.0,2.093658,-3.4281980000000005,DEU,ESP,930629
11941615,64,71,9895,2013,37929.0,3694.0,1.161835,1.1788450000000001,DNK,ESP,930629
11941616,65,71,9895,2013,0.0,7503.0,-0.277269,0.432388,DOM,ESP,930629
11941617,67,71,9895,2013,0.0,2344.0,-0.86546,-0.8888389999999999,ECU,ESP,930629
11941618,72,71,9895,2013,0.0,3706.0,0.8828940000000001,1.386574,EST,ESP,930629
11941619,74,71,9895,2013,0.0,77856.0,1.734552,0.8896940000000001,FIN,ESP,930629
11941620,77,71,9895,2013,2372448.0,449911.0,1.520354,0.022874000000000002,FRA,ESP,930629
11941621,80,71,9895,2013,0.0,1650.0,-1.6582830000000002,-1.155302,GAB,ESP,930629
11941622,81,71,9895,2013,1219973.0,8149422.0,1.7901259999999999,0.44164,GBR,ESP,930629
11941623,82,71,9895,2013,0.0,30153.0,-0.160691,-0.393419,GEO,ESP,930629
11941624,90,71,9895,2013,47167.0,2633.0,0.18823800000000002,0.910906,GRC,ESP,930629
11941625,93,71,9895,2013,0.0,47603.0,-0.41466499999999995,0.774788,GTM,ESP,930629
11941626,97,71,9895,2013,0.0,2863.0,0.744383,1.923139,HKG,ESP,930629
11941627,100,71,9895,2013,0.0,21364.0,0.898284,1.038807,HRV,ESP,930629
11941628,102,71,9895,2013,0.0,39795.0,1.506101,0.7279220000000001,HUN,ESP,930629
11941629,104,71,9895,2013,0.0,17307.0,0.215356,2.3916209999999998,IND,ESP,930629
11941630,111,71,9895,2013,7716590.0,2260953.0,1.289924,0.533436,ITA,ESP,930629
11941631,114,71,9895,2013,0.0,124883.0,2.3993130000000003,-0.564768,JPN,ESP,930629
11941632,117,71,9895,2013,0.0,1378.0,-0.1035,0.339914,KGZ,ESP,930629
11941633,121,71,9895,2013,3921.0,0.0,1.818383,0.75645,KOR,ESP,930629
11941634,122,71,9895,2013,0.0,84250.0,-0.536384,-1.08382,KWT,ESP,930629
11941635,124,71,9895,2013,0.0,244294.0,0.283084,1.4289100000000001,LBN,ESP,930629
11941636,126,71,9895,2013,0.0,162159.0,-1.6241459999999999,-1.1817950000000002,LBY,ESP,930629
11941637,128,71,9895,2013,0.0,15025.0,-0.6521779999999999,0.41258599999999995,LKA,ESP,930629
11941638,134,71,9895,2013,0.0,118142.0,-0.6494260000000001,-0.035075999999999996,MAR,ESP,930629
11941639,136,71,9895,2013,0.0,1614.0,-1.068565,-0.364254,MDG,ESP,930629
11941640,138,71,9895,2013,0.0,695091.0,1.048507,0.718932,MEX,ESP,930629
11941641,140,71,9895,2013,0.0,7887.0,-0.10859400000000001,0.155229,MKD,ESP,930629
11941642,148,71,9895,2013,0.0,5228.0,-1.950532,-1.283104,MRT,ESP,930629
11941643,153,71,9895,2013,0.0,370163.0,0.937641,0.747496,MYS,ESP,930629
11941644,156,71,9895,2013,0.0,2715.0,-0.136052,-0.703913,NCL,ESP,930629
11941645,160,71,9895,2013,0.0,351864.0,-0.9277,-0.6842630000000001,NIC,ESP,930629
11941646,162,71,9895,2013,0.0,65359.0,1.184107,1.249557,NLD,ESP,930629
11941647,163,71,9895,2013,0.0,35467.0,0.892099,0.18168399999999998,NOR,ESP,930629
11941648,166,71,9895,2013,0.0,74547.0,0.3345,0.39063000000000003,NZL,ESP,930629
11941649,169,71,9895,2013,0.0,3747.0,0.735637,1.161718,PAN,ESP,930629
11941650,173,71,9895,2013,0.0,50223.0,-0.573852,0.357977,PER,ESP,930629
11941651,174,71,9895,2013,0.0,289870.0,0.507868,0.355403,PHL,ESP,930629
11941652,177,71,9895,2013,0.0,258114.0,1.084332,1.216749,POL,ESP,930629
11941653,179,71,9895,2013,562395.0,1004322.0,0.541454,2.5228610000000002,PRT,ESP,930629
11941654,180,71,9895,2013,0.0,65318.0,-0.566239,-0.9273459999999999,PRY,ESP,930629
11941655,182,71,9895,2013,0.0,1375.0,-0.146044,-0.7055359999999999,PYF,ESP,930629
11941656,185,71,9895,2013,23005.0,0.0,0.792035,1.225034,ROU,ESP,930629
11941657,186,71,9895,2013,0.0,321567.0,0.481166,-0.180052,RUS,ESP,930629
11941658,188,71,9895,2013,0.0,852027.0,0.626347,-0.844406,SAU,ESP,930629
11941659,197,71,9895,2013,0.0,2319.0,-0.021029,0.381522,SLV,ESP,930629
11941660,201,71,9895,2013,93959.0,32261.0,0.5717720000000001,1.174901,SRB,ESP,930629
11941661,205,71,9895,2013,0.0,2678.0,-0.417865,-0.7600399999999999,SUR,ESP,930629
11941662,206,71,9895,2013,0.0,10549.0,1.32064,0.7519819999999999,SVK,ESP,930629
11941663,208,71,9895,2013,5801.0,22242.0,1.869421,0.228109,SWE,ESP,930629
11941664,216,71,9895,2013,0.0,65838.0,0.8752139999999999,1.3798620000000001,THA,ESP,930629
11941665,223,71,9895,2013,0.0,97335.0,0.185528,1.0070700000000001,TUN,ESP,930629
11941666,224,71,9895,2013,3348818.0,2299098.0,0.42932299999999995,2.690235,TUR,ESP,930629
11941667,228,71,9895,2013,0.0,675467.0,0.657729,0.9063200000000001,UKR,ESP,930629
11941668,230,71,9895,2013,0.0,41552.0,0.20190999999999998,-0.19777999999999998,URY,ESP,930629
11941669,231,71,9895,2013,5345.0,21668104.0,1.6639689999999998,-0.48651300000000003,USA,ESP,930629
11941670,232,71,9895,2013,0.0,10268.0,-0.748212,-0.567268,UZB,ESP,930629
11941671,236,71,9895,2013,0.0,64197.0,-0.778172,-1.107059,VEN,ESP,930629
11941672,246,71,9895,2013,0.0,196528.0,0.380284,1.5682120000000002,ZAF,ESP,930629
11941673,247,71,9895,2013,0.0,6984.0,-0.382129,-0.5442229999999999,ZMB,ESP,930629
11941674,249,71,9895,2013,5507.0,1272.0,1.843186,0.9432379999999999,TWN,ESP,930629
11941675,59,72,9895,2013,10574.0,0.0,1.819653,-0.12423800000000002,CZE,EST,930629
11941676,61,72,9895,2013,245263.0,0.0,2.093658,-3.4281980000000005,DEU,EST,930629
11941677,64,72,9895,2013,4087.0,0.0,1.161835,1.1788450000000001,DNK,EST,930629
11941678,71,72,9895,2013,3706.0,0.0,0.861698,2.353993,ESP,EST,930629
11941679,74,72,9895,2013,5156.0,0.0,1.734552,0.8896940000000001,FIN,EST,930629
11941680,130,72,9895,2013,1680.0,0.0,0.737796,1.215543,LTU,EST,930629
11941681,186,72,9895,2013,0.0,43842.0,0.481166,-0.180052,RUS,EST,930629
11941682,231,72,9895,2013,1298.0,0.0,1.6639689999999998,-0.48651300000000003,USA,EST,930629
11941683,14,74,9895,2013,13594.0,0.0,-0.31145700000000004,-0.167628,AUS,FIN,930629
11941684,43,74,9895,2013,20629.0,0.0,1.113767,1.477496,CHN,FIN,930629
11941685,59,74,9895,2013,120703.0,0.0,1.819653,-0.12423800000000002,CZE,FIN,930629
11941686,61,74,9895,2013,251775.0,17617.0,2.093658,-3.4281980000000005,DEU,FIN,930629
11941687,64,74,9895,2013,1483.0,1575.0,1.161835,1.1788450000000001,DNK,FIN,930629
11941688,71,74,9895,2013,77856.0,0.0,0.861698,2.353993,ESP,FIN,930629
11941689,72,74,9895,2013,0.0,5156.0,0.8828940000000001,1.386574,EST,FIN,930629
11941690,77,74,9895,2013,0.0,2304.0,1.520354,0.022874000000000002,FRA,FIN,930629
11941691,81,74,9895,2013,20492.0,0.0,1.7901259999999999,0.44164,GBR,FIN,930629
11941692,111,74,9895,2013,19520.0,0.0,1.289924,0.533436,ITA,FIN,930629
11941693,121,74,9895,2013,3878.0,0.0,1.818383,0.75645,KOR,FIN,930629
11941694,208,74,9895,2013,1542.0,14898.0,1.869421,0.228109,SWE,FIN,930629
11941695,231,74,9895,2013,10641.0,0.0,1.6639689999999998,-0.48651300000000003,USA,FIN,930629
11941696,249,74,9895,2013,59111.0,0.0,1.843186,0.9432379999999999,TWN,FIN,930629
11941697,5,77,9895,2013,0.0,2506.0,0.9666530000000001,-0.159606,AND,FRA,930629
11941698,7,77,9895,2013,0.0,1290.0,-0.074047,-0.585168,ARE,FRA,930629
11941699,14,77,9895,2013,0.0,727901.0,-0.31145700000000004,-0.167628,AUS,FRA,930629
11941700,15,77,9895,2013,30773.0,5905.0,1.7209240000000001,-0.286892,AUT,FRA,930629
11941701,18,77,9895,2013,647974.0,108093.0,1.316207,0.972601,BEL,FRA,930629
11941702,32,77,9895,2013,0.0,764211.0,0.14765899999999998,0.399262,BRA,FRA,930629
11941703,39,77,9895,2013,49584.0,1070333.0,0.719649,1.017046,CAN,FRA,930629
11941704,41,77,9895,2013,0.0,20647.0,2.2104470000000003,0.5403479999999999,CHE,FRA,930629
11941705,43,77,9895,2013,127770.0,0.0,1.113767,1.477496,CHN,FRA,930629
11941706,47,77,9895,2013,0.0,2481014.0,-1.215681,-1.08679,COG,FRA,930629
11941707,58,77,9895,2013,0.0,2621332.0,0.502238,0.349608,CYP,FRA,930629
11941708,59,77,9895,2013,72280.0,0.0,1.819653,-0.12423800000000002,CZE,FRA,930629
11941709,61,77,9895,2013,3047959.0,253972.0,2.093658,-3.4281980000000005,DEU,FRA,930629
11941710,64,77,9895,2013,18846.0,1441.0,1.161835,1.1788450000000001,DNK,FRA,930629
11941711,71,77,9895,2013,449911.0,2372448.0,0.861698,2.353993,ESP,FRA,930629
11941712,74,77,9895,2013,2304.0,0.0,1.734552,0.8896940000000001,FIN,FRA,930629
11941713,81,77,9895,2013,78669.0,9370993.0,1.7901259999999999,0.44164,GBR,FRA,930629
11941714,90,77,9895,2013,4784210.0,0.0,0.18823800000000002,0.910906,GRC,FRA,930629
11941715,102,77,9895,2013,3227.0,43391.0,1.506101,0.7279220000000001,HUN,FRA,930629
11941716,104,77,9895,2013,4785.0,0.0,0.215356,2.3916209999999998,IND,FRA,930629
11941717,111,77,9895,2013,14685681.0,18440594.0,1.289924,0.533436,ITA,FRA,930629
11941718,114,77,9895,2013,0.0,510677.0,2.3993130000000003,-0.564768,JPN,FRA,930629
11941719,121,77,9895,2013,156940.0,0.0,1.818383,0.75645,KOR,FRA,930629
11941720,124,77,9895,2013,0.0,251051.0,0.283084,1.4289100000000001,LBN,FRA,930629
11941721,130,77,9895,2013,25666.0,23050.0,0.737796,1.215543,LTU,FRA,930629
11941722,132,77,9895,2013,0.0,30114.0,0.6219439999999999,1.166749,LVA,FRA,930629
11941723,136,77,9895,2013,0.0,1633.0,-1.068565,-0.364254,MDG,FRA,930629
11941724,138,77,9895,2013,0.0,884690.0,1.048507,0.718932,MEX,FRA,930629
11941725,153,77,9895,2013,0.0,127271.0,0.937641,0.747496,MYS,FRA,930629
11941726,156,77,9895,2013,0.0,4226.0,-0.136052,-0.703913,NCL,FRA,930629
11941727,162,77,9895,2013,495229.0,6889.0,1.184107,1.249557,NLD,FRA,930629
11941728,163,77,9895,2013,0.0,4734.0,0.892099,0.18168399999999998,NOR,FRA,930629
11941729,166,77,9895,2013,0.0,378789.0,0.3345,0.39063000000000003,NZL,FRA,930629
11941730,174,77,9895,2013,0.0,35102.0,0.507868,0.355403,PHL,FRA,930629
11941731,179,77,9895,2013,57815.0,60531.0,0.541454,2.5228610000000002,PRT,FRA,930629
11941732,182,77,9895,2013,0.0,2965.0,-0.146044,-0.7055359999999999,PYF,FRA,930629
11941733,186,77,9895,2013,0.0,867938.0,0.481166,-0.180052,RUS,FRA,930629
11941734,191,77,9895,2013,0.0,6566.0,-0.523662,-0.309101,SEN,FRA,930629
11941735,201,77,9895,2013,159159.0,0.0,0.5717720000000001,1.174901,SRB,FRA,930629
11941736,208,77,9895,2013,4770.0,1288521.0,1.869421,0.228109,SWE,FRA,930629
11941737,216,77,9895,2013,100474.0,0.0,0.8752139999999999,1.3798620000000001,THA,FRA,930629
11941738,224,77,9895,2013,1671564.0,0.0,0.42932299999999995,2.690235,TUR,FRA,930629
11941739,228,77,9895,2013,0.0,93705.0,0.657729,0.9063200000000001,UKR,FRA,930629
11941740,231,77,9895,2013,43376.0,5342302.0,1.6639689999999998,-0.48651300000000003,USA,FRA,930629
11941741,249,77,9895,2013,4921.0,0.0,1.843186,0.9432379999999999,TWN,FRA,930629
11941742,7,81,9895,2013,0.0,104592.0,-0.074047,-0.585168,ARE,GBR,930629
11941743,14,81,9895,2013,10743.0,23252.0,-0.31145700000000004,-0.167628,AUS,GBR,930629
11941744,15,81,9895,2013,0.0,5164.0,1.7209240000000001,-0.286892,AUT,GBR,930629
11941745,18,81,9895,2013,28058.0,94993.0,1.316207,0.972601,BEL,GBR,930629
11941746,22,81,9895,2013,0.0,4034.0,-1.101916,-0.734646,BGD,GBR,930629
11941747,32,81,9895,2013,4078.0,11369.0,0.14765899999999998,0.399262,BRA,GBR,930629
11941748,39,81,9895,2013,1737337.0,1186.0,0.719649,1.017046,CAN,GBR,930629
11941749,41,81,9895,2013,0.0,71589.0,2.2104470000000003,0.5403479999999999,CHE,GBR,930629
11941750,42,81,9895,2013,0.0,14101.0,-0.260718,-0.38256100000000004,CHL,GBR,930629
11941751,43,81,9895,2013,1257073.0,0.0,1.113767,1.477496,CHN,GBR,930629
11941752,58,81,9895,2013,0.0,66017.0,0.502238,0.349608,CYP,GBR,930629
11941753,59,81,9895,2013,245909.0,15216.0,1.819653,-0.12423800000000002,CZE,GBR,930629
11941754,61,81,9895,2013,1710297.0,747358.0,2.093658,-3.4281980000000005,DEU,GBR,930629
11941755,64,81,9895,2013,324072.0,185991.0,1.161835,1.1788450000000001,DNK,GBR,930629
11941756,68,81,9895,2013,0.0,1167.0,-0.17418,1.692641,EGY,GBR,930629
11941757,71,81,9895,2013,8149422.0,1219973.0,0.861698,2.353993,ESP,GBR,930629
11941758,74,81,9895,2013,0.0,20492.0,1.734552,0.8896940000000001,FIN,GBR,930629
11941759,77,81,9895,2013,9370993.0,78669.0,1.520354,0.022874000000000002,FRA,GBR,930629
11941760,90,81,9895,2013,0.0,80107.0,0.18823800000000002,0.910906,GRC,GBR,930629
11941761,97,81,9895,2013,0.0,41569.0,0.744383,1.923139,HKG,GBR,930629
11941762,102,81,9895,2013,0.0,8461.0,1.506101,0.7279220000000001,HUN,GBR,930629
11941763,103,81,9895,2013,0.0,9162.0,-0.216854,1.415728,IDN,GBR,930629
11941764,104,81,9895,2013,0.0,3695.0,0.215356,2.3916209999999998,IND,GBR,930629
11941765,106,81,9895,2013,0.0,132213.0,1.29988,0.240688,IRL,GBR,930629
11941766,109,81,9895,2013,0.0,40978.0,0.259374,-0.20413299999999998,ISL,GBR,930629
11941767,111,81,9895,2013,3899932.0,3564554.0,1.289924,0.533436,ITA,GBR,930629
11941768,114,81,9895,2013,9744.0,0.0,2.3993130000000003,-0.564768,JPN,GBR,930629
11941769,121,81,9895,2013,2606.0,13660.0,1.818383,0.75645,KOR,GBR,930629
11941770,142,81,9895,2013,0.0,7196.0,0.8519760000000001,-0.075869,MLT,GBR,930629
11941771,151,81,9895,2013,0.0,3900.0,-0.158852,0.0061600000000000005,MUS,GBR,930629
11941772,153,81,9895,2013,0.0,29103.0,0.937641,0.747496,MYS,GBR,930629
11941773,156,81,9895,2013,0.0,791.0,-0.136052,-0.703913,NCL,GBR,930629
11941774,159,81,9895,2013,0.0,28292.0,-1.745783,-1.1356680000000001,NGA,GBR,930629
11941775,162,81,9895,2013,0.0,267128.0,1.184107,1.249557,NLD,GBR,930629
11941776,163,81,9895,2013,0.0,81121.0,0.892099,0.18168399999999998,NOR,GBR,930629
11941777,166,81,9895,2013,0.0,21366.0,0.3345,0.39063000000000003,NZL,GBR,930629
11941778,167,81,9895,2013,0.0,10748.0,-0.604175,-1.0463209999999998,OMN,GBR,930629
11941779,168,81,9895,2013,0.0,294885.0,-0.75727,0.769703,PAK,GBR,930629
11941780,174,81,9895,2013,0.0,1845.0,0.507868,0.355403,PHL,GBR,930629
11941781,177,81,9895,2013,0.0,90523.0,1.084332,1.216749,POL,GBR,930629
11941782,185,81,9895,2013,0.0,6959.0,0.792035,1.225034,ROU,GBR,930629
11941783,186,81,9895,2013,0.0,59865.0,0.481166,-0.180052,RUS,GBR,930629
11941784,188,81,9895,2013,0.0,200668.0,0.626347,-0.844406,SAU,GBR,930629
11941785,208,81,9895,2013,0.0,382207.0,1.869421,0.228109,SWE,GBR,930629
11941786,222,81,9895,2013,0.0,9934.0,-0.280641,-1.083332,TTO,GBR,930629
11941787,224,81,9895,2013,1769691.0,8562.0,0.42932299999999995,2.690235,TUR,GBR,930629
11941788,228,81,9895,2013,0.0,3710.0,0.657729,0.9063200000000001,UKR,GBR,930629
11941789,231,81,9895,2013,298193.0,290865.0,1.6639689999999998,-0.48651300000000003,USA,GBR,930629
11941790,246,81,9895,2013,0.0,150025.0,0.380284,1.5682120000000002,ZAF,GBR,930629
11941791,247,81,9895,2013,0.0,1056.0,-0.382129,-0.5442229999999999,ZMB,GBR,930629
11941792,249,81,9895,2013,6378.0,3472.0,1.843186,0.9432379999999999,TWN,GBR,930629
11941793,4,90,9895,2013,0.0,75077.0,-0.53682,-0.162391,ALB,GRC,930629
11941794,23,90,9895,2013,0.0,24294.0,0.5026109999999999,1.674296,BGR,GRC,930629
11941795,39,90,9895,2013,0.0,26110.0,0.719649,1.017046,CAN,GRC,930629
11941796,58,90,9895,2013,0.0,1678305.0,0.502238,0.349608,CYP,GRC,930629
11941797,59,90,9895,2013,25807.0,0.0,1.819653,-0.12423800000000002,CZE,GRC,930629
11941798,61,90,9895,2013,73840.0,107370.0,2.093658,-3.4281980000000005,DEU,GRC,930629
11941799,71,90,9895,2013,2633.0,47167.0,0.861698,2.353993,ESP,GRC,930629
11941800,77,90,9895,2013,0.0,4784210.0,1.520354,0.022874000000000002,FRA,GRC,930629
11941801,81,90,9895,2013,80107.0,0.0,1.7901259999999999,0.44164,GBR,GRC,930629
11941802,111,90,9895,2013,2314993.0,10372142.0,1.289924,0.533436,ITA,GRC,930629
11941803,138,90,9895,2013,0.0,3193.0,1.048507,0.718932,MEX,GRC,930629
11941804,142,90,9895,2013,0.0,60693.0,0.8519760000000001,-0.075869,MLT,GRC,930629
11941805,177,90,9895,2013,2728.0,0.0,1.084332,1.216749,POL,GRC,930629
11941806,201,90,9895,2013,48660.0,0.0,0.5717720000000001,1.174901,SRB,GRC,930629
11941807,207,90,9895,2013,4492.0,0.0,1.698374,0.563082,SVN,GRC,930629
11941808,224,90,9895,2013,1598.0,0.0,0.42932299999999995,2.690235,TUR,GRC,930629
11941809,231,90,9895,2013,12238.0,0.0,1.6639689999999998,-0.48651300000000003,USA,GRC,930629
11941810,8,93,9895,2013,13618.0,0.0,0.20314300000000002,0.494062,ARG,GTM,930629
11941811,52,93,9895,2013,4805.0,0.0,0.067379,-0.688217,CRI,GTM,930629
11941812,59,93,9895,2013,3388.0,0.0,1.819653,-0.12423800000000002,CZE,GTM,930629
11941813,61,93,9895,2013,8348.0,0.0,2.093658,-3.4281980000000005,DEU,GTM,930629
11941814,71,93,9895,2013,47603.0,0.0,0.861698,2.353993,ESP,GTM,930629
11941815,138,93,9895,2013,3458.0,0.0,1.048507,0.718932,MEX,GTM,930629
11941816,169,93,9895,2013,3005.0,0.0,0.735637,1.161718,PAN,GTM,930629
11941817,231,93,9895,2013,6847.0,0.0,1.6639689999999998,-0.48651300000000003,USA,GTM,930629
11941818,32,96,9895,2013,32931.0,0.0,0.14765899999999998,0.399262,BRA,GUY,930629
11941819,39,96,9895,2013,8902.0,0.0,0.719649,1.017046,CAN,GUY,930629
11941820,231,96,9895,2013,3125.0,0.0,1.6639689999999998,-0.48651300000000003,USA,GUY,930629
11941821,39,97,9895,2013,0.0,1379.0,0.719649,1.017046,CAN,HKG,930629
11941822,41,97,9895,2013,0.0,6937.0,2.2104470000000003,0.5403479999999999,CHE,HKG,930629
11941823,43,97,9895,2013,4625.0,0.0,1.113767,1.477496,CHN,HKG,930629
11941824,59,97,9895,2013,9524.0,5593.0,1.819653,-0.12423800000000002,CZE,HKG,930629
11941825,61,97,9895,2013,17076.0,50228.0,2.093658,-3.4281980000000005,DEU,HKG,930629
11941826,71,97,9895,2013,2863.0,0.0,0.861698,2.353993,ESP,HKG,930629
11941827,81,97,9895,2013,41569.0,0.0,1.7901259999999999,0.44164,GBR,HKG,930629
11941828,121,97,9895,2013,0.0,29325.0,1.818383,0.75645,KOR,HKG,930629
11941829,169,97,9895,2013,0.0,2510.0,0.735637,1.161718,PAN,HKG,930629
11941830,208,97,9895,2013,1920.0,0.0,1.869421,0.228109,SWE,HKG,930629
11941831,216,97,9895,2013,5109.0,0.0,0.8752139999999999,1.3798620000000001,THA,HKG,930629
11941832,224,97,9895,2013,2368.0,0.0,0.42932299999999995,2.690235,TUR,HKG,930629
11941833,8,102,9895,2013,0.0,6216.0,0.20314300000000002,0.494062,ARG,HUN,930629
11941834,15,102,9895,2013,1368.0,0.0,1.7209240000000001,-0.286892,AUT,HUN,930629
11941835,32,102,9895,2013,0.0,3703.0,0.14765899999999998,0.399262,BRA,HUN,930629
11941836,39,102,9895,2013,0.0,2216.0,0.719649,1.017046,CAN,HUN,930629
11941837,59,102,9895,2013,65154.0,0.0,1.819653,-0.12423800000000002,CZE,HUN,930629
11941838,61,102,9895,2013,85794.0,0.0,2.093658,-3.4281980000000005,DEU,HUN,930629
11941839,71,102,9895,2013,39795.0,0.0,0.861698,2.353993,ESP,HUN,930629
11941840,77,102,9895,2013,43391.0,3227.0,1.520354,0.022874000000000002,FRA,HUN,930629
11941841,81,102,9895,2013,8461.0,0.0,1.7901259999999999,0.44164,GBR,HUN,930629
11941842,111,102,9895,2013,110295.0,0.0,1.289924,0.533436,ITA,HUN,930629
11941843,186,102,9895,2013,0.0,291173.0,0.481166,-0.180052,RUS,HUN,930629
11941844,231,102,9895,2013,0.0,273496.0,1.6639689999999998,-0.48651300000000003,USA,HUN,930629
11941845,23,103,9895,2013,7402.0,0.0,0.5026109999999999,1.674296,BGR,IDN,930629
11941846,43,103,9895,2013,6345.0,0.0,1.113767,1.477496,CHN,IDN,930629
11941847,59,103,9895,2013,19798.0,0.0,1.819653,-0.12423800000000002,CZE,IDN,930629
11941848,61,103,9895,2013,719076.0,8718.0,2.093658,-3.4281980000000005,DEU,IDN,930629
11941849,81,103,9895,2013,9162.0,0.0,1.7901259999999999,0.44164,GBR,IDN,930629
11941850,121,103,9895,2013,354868.0,0.0,1.818383,0.75645,KOR,IDN,930629
11941851,153,103,9895,2013,1552.0,0.0,0.937641,0.747496,MYS,IDN,930629
11941852,192,103,9895,2013,191296.0,0.0,1.915504,0.619576,SGP,IDN,930629
11941853,201,103,9895,2013,251326.0,0.0,0.5717720000000001,1.174901,SRB,IDN,930629
11941854,231,103,9895,2013,157336.0,0.0,1.6639689999999998,-0.48651300000000003,USA,IDN,930629
11941855,15,104,9895,2013,2518.0,0.0,1.7209240000000001,-0.286892,AUT,IND,930629
11941856,32,104,9895,2013,13348.0,0.0,0.14765899999999998,0.399262,BRA,IND,930629
11941857,41,104,9895,2013,333371.0,0.0,2.2104470000000003,0.5403479999999999,CHE,IND,930629
11941858,43,104,9895,2013,7245.0,0.0,1.113767,1.477496,CHN,IND,930629
11941859,58,104,9895,2013,25996.0,0.0,0.502238,0.349608,CYP,IND,930629
11941860,59,104,9895,2013,20500.0,0.0,1.819653,-0.12423800000000002,CZE,IND,930629
11941861,61,104,9895,2013,263980.0,0.0,2.093658,-3.4281980000000005,DEU,IND,930629
11941862,71,104,9895,2013,17307.0,0.0,0.861698,2.353993,ESP,IND,930629
11941863,77,104,9895,2013,0.0,4785.0,1.520354,0.022874000000000002,FRA,IND,930629
11941864,81,104,9895,2013,3695.0,0.0,1.7901259999999999,0.44164,GBR,IND,930629
11941865,111,104,9895,2013,6965.0,5222.0,1.289924,0.533436,ITA,IND,930629
11941866,114,104,9895,2013,42215.0,0.0,2.3993130000000003,-0.564768,JPN,IND,930629
11941867,118,104,9895,2013,0.0,210630.0,-1.054758,-0.872352,KHM,IND,930629
11941868,186,104,9895,2013,13986791.0,0.0,0.481166,-0.180052,RUS,IND,930629
11941869,192,104,9895,2013,8903.0,0.0,1.915504,0.619576,SGP,IND,930629
11941870,231,104,9895,2013,18796.0,61958.0,1.6639689999999998,-0.48651300000000003,USA,IND,930629
11941871,246,104,9895,2013,637535.0,0.0,0.380284,1.5682120000000002,ZAF,IND,930629
11941872,61,110,9895,2013,8955.0,0.0,2.093658,-3.4281980000000005,DEU,ISR,930629
11941873,83,110,9895,2013,0.0,159251.0,-0.7316010000000001,-0.5327689999999999,GHA,ISR,930629
11941874,4,111,9895,2013,0.0,2167.0,-0.53682,-0.162391,ALB,ITA,930629
11941875,8,111,9895,2013,0.0,404423.0,0.20314300000000002,0.494062,ARG,ITA,930629
11941876,9,111,9895,2013,0.0,1936.0,-0.076922,-0.5781390000000001,ARM,ITA,930629
11941877,14,111,9895,2013,1439.0,1105616.0,-0.31145700000000004,-0.167628,AUS,ITA,930629
11941878,15,111,9895,2013,6593.0,11535.0,1.7209240000000001,-0.286892,AUT,ITA,930629
11941879,18,111,9895,2013,4147796.0,2255.0,1.316207,0.972601,BEL,ITA,930629
11941880,23,111,9895,2013,0.0,53569.0,0.5026109999999999,1.674296,BGR,ITA,930629
11941881,32,111,9895,2013,1945.0,88743.0,0.14765899999999998,0.399262,BRA,ITA,930629
11941882,37,111,9895,2013,0.0,755.0,-0.46761499999999995,-1.0842040000000002,BWA,ITA,930629
11941883,39,111,9895,2013,0.0,1331070.0,0.719649,1.017046,CAN,ITA,930629
11941884,41,111,9895,2013,93907.0,1410.0,2.2104470000000003,0.5403479999999999,CHE,ITA,930629
11941885,42,111,9895,2013,0.0,226001.0,-0.260718,-0.38256100000000004,CHL,ITA,930629
11941886,43,111,9895,2013,322557.0,167104.0,1.113767,1.477496,CHN,ITA,930629
11941887,47,111,9895,2013,0.0,986081.0,-1.215681,-1.08679,COG,ITA,930629
11941888,58,111,9895,2013,0.0,704837.0,0.502238,0.349608,CYP,ITA,930629
11941889,59,111,9895,2013,15141.0,273827.0,1.819653,-0.12423800000000002,CZE,ITA,930629
11941890,61,111,9895,2013,1094356.0,97251.0,2.093658,-3.4281980000000005,DEU,ITA,930629
11941891,64,111,9895,2013,17535.0,4946.0,1.161835,1.1788450000000001,DNK,ITA,930629
11941892,66,111,9895,2013,0.0,20584.0,-1.373947,-1.1523459999999999,DZA,ITA,930629
11941893,68,111,9895,2013,0.0,378652.0,-0.17418,1.692641,EGY,ITA,930629
11941894,71,111,9895,2013,2260953.0,7716590.0,0.861698,2.353993,ESP,ITA,930629
11941895,74,111,9895,2013,0.0,19520.0,1.734552,0.8896940000000001,FIN,ITA,930629
11941896,77,111,9895,2013,18440594.0,14685681.0,1.520354,0.022874000000000002,FRA,ITA,930629
11941897,81,111,9895,2013,3564554.0,3899932.0,1.7901259999999999,0.44164,GBR,ITA,930629
11941898,90,111,9895,2013,10372142.0,2314993.0,0.18823800000000002,0.910906,GRC,ITA,930629
11941899,100,111,9895,2013,10581.0,430417.0,0.898284,1.038807,HRV,ITA,930629
11941900,102,111,9895,2013,0.0,110295.0,1.506101,0.7279220000000001,HUN,ITA,930629
11941901,104,111,9895,2013,5222.0,6965.0,0.215356,2.3916209999999998,IND,ITA,930629
11941902,114,111,9895,2013,0.0,18328.0,2.3993130000000003,-0.564768,JPN,ITA,930629
11941903,115,111,9895,2013,0.0,199324.0,-0.680678,-0.83347,KAZ,ITA,930629
11941904,121,111,9895,2013,0.0,38417.0,1.818383,0.75645,KOR,ITA,930629
11941905,122,111,9895,2013,0.0,1273.0,-0.536384,-1.08382,KWT,ITA,930629
11941906,124,111,9895,2013,7391.0,1150280.0,0.283084,1.4289100000000001,LBN,ITA,930629
11941907,126,111,9895,2013,0.0,99580.0,-1.6241459999999999,-1.1817950000000002,LBY,ITA,930629
11941908,130,111,9895,2013,0.0,5582.0,0.737796,1.215543,LTU,ITA,930629
11941909,132,111,9895,2013,0.0,27337.0,0.6219439999999999,1.166749,LVA,ITA,930629
11941910,138,111,9895,2013,0.0,105729.0,1.048507,0.718932,MEX,ITA,930629
11941911,141,111,9895,2013,0.0,803262.0,-1.183671,-1.069504,MLI,ITA,930629
11941912,142,111,9895,2013,0.0,25501.0,0.8519760000000001,-0.075869,MLT,ITA,930629
11941913,144,111,9895,2013,0.0,4131.0,-0.054454999999999996,-0.164875,MNE,ITA,930629
11941914,153,111,9895,2013,0.0,104745.0,0.937641,0.747496,MYS,ITA,930629
11941915,163,111,9895,2013,0.0,107074.0,0.892099,0.18168399999999998,NOR,ITA,930629
11941916,166,111,9895,2013,0.0,170596.0,0.3345,0.39063000000000003,NZL,ITA,930629
11941917,174,111,9895,2013,8210.0,60571.0,0.507868,0.355403,PHL,ITA,930629
11941918,177,111,9895,2013,0.0,101373.0,1.084332,1.216749,POL,ITA,930629
11941919,179,111,9895,2013,0.0,29821.0,0.541454,2.5228610000000002,PRT,ITA,930629
11941920,183,111,9895,2013,0.0,5079.0,-0.083649,-1.013491,QAT,ITA,930629
11941921,185,111,9895,2013,1523.0,5229.0,0.792035,1.225034,ROU,ITA,930629
11941922,186,111,9895,2013,0.0,3429746.0,0.481166,-0.180052,RUS,ITA,930629
11941923,201,111,9895,2013,1610573.0,187118.0,0.5717720000000001,1.174901,SRB,ITA,930629
11941924,206,111,9895,2013,0.0,247933.0,1.32064,0.7519819999999999,SVK,ITA,930629
11941925,207,111,9895,2013,0.0,5123.0,1.698374,0.563082,SVN,ITA,930629
11941926,208,111,9895,2013,0.0,45715.0,1.869421,0.228109,SWE,ITA,930629
11941927,216,111,9895,2013,0.0,78716.0,0.8752139999999999,1.3798620000000001,THA,ITA,930629
11941928,224,111,9895,2013,1097163.0,6881538.0,0.42932299999999995,2.690235,TUR,ITA,930629
11941929,228,111,9895,2013,0.0,77397.0,0.657729,0.9063200000000001,UKR,ITA,930629
11941930,231,111,9895,2013,190504.0,8787416.0,1.6639689999999998,-0.48651300000000003,USA,ITA,930629
11941931,236,111,9895,2013,0.0,1412401.0,-0.778172,-1.107059,VEN,ITA,930629
11941932,246,111,9895,2013,0.0,185181.0,0.380284,1.5682120000000002,ZAF,ITA,930629
11941933,39,112,9895,2013,5501.0,0.0,0.719649,1.017046,CAN,JAM,930629
11941934,231,112,9895,2013,15521.0,0.0,1.6639689999999998,-0.48651300000000003,USA,JAM,930629
11941935,61,113,9895,2013,10409.0,0.0,2.093658,-3.4281980000000005,DEU,JOR,930629
11941936,224,113,9895,2013,6180.0,0.0,0.42932299999999995,2.690235,TUR,JOR,930629
11941937,231,113,9895,2013,186442.0,0.0,1.6639689999999998,-0.48651300000000003,USA,JOR,930629
11941938,8,121,9895,2013,0.0,11808.0,0.20314300000000002,0.494062,ARG,KOR,930629
11941939,15,121,9895,2013,0.0,19975.0,1.7209240000000001,-0.286892,AUT,KOR,930629
11941940,18,121,9895,2013,5720.0,36869.0,1.316207,0.972601,BEL,KOR,930629
11941941,23,121,9895,2013,0.0,2397.0,0.5026109999999999,1.674296,BGR,KOR,930629
11941942,32,121,9895,2013,0.0,6935.0,0.14765899999999998,0.399262,BRA,KOR,930629
11941943,39,121,9895,2013,0.0,12426.0,0.719649,1.017046,CAN,KOR,930629
11941944,43,121,9895,2013,153708.0,0.0,1.113767,1.477496,CHN,KOR,930629
11941945,49,121,9895,2013,0.0,55185.0,0.121799,-0.388239,COL,KOR,930629
11941946,59,121,9895,2013,15685.0,21012.0,1.819653,-0.12423800000000002,CZE,KOR,930629
11941947,61,121,9895,2013,221481.0,216462.0,2.093658,-3.4281980000000005,DEU,KOR,930629
11941948,71,121,9895,2013,0.0,3921.0,0.861698,2.353993,ESP,KOR,930629
11941949,74,121,9895,2013,0.0,3878.0,1.734552,0.8896940000000001,FIN,KOR,930629
11941950,77,121,9895,2013,0.0,156940.0,1.520354,0.022874000000000002,FRA,KOR,930629
11941951,81,121,9895,2013,13660.0,2606.0,1.7901259999999999,0.44164,GBR,KOR,930629
11941952,97,121,9895,2013,29325.0,0.0,0.744383,1.923139,HKG,KOR,930629
11941953,103,121,9895,2013,0.0,354868.0,-0.216854,1.415728,IDN,KOR,930629
11941954,111,121,9895,2013,38417.0,0.0,1.289924,0.533436,ITA,KOR,930629
11941955,114,121,9895,2013,0.0,1258.0,2.3993130000000003,-0.564768,JPN,KOR,930629
11941956,138,121,9895,2013,0.0,3030.0,1.048507,0.718932,MEX,KOR,930629
11941957,162,121,9895,2013,0.0,3655.0,1.184107,1.249557,NLD,KOR,930629
11941958,166,121,9895,2013,0.0,1300.0,0.3345,0.39063000000000003,NZL,KOR,930629
11941959,177,121,9895,2013,0.0,3817.0,1.084332,1.216749,POL,KOR,930629
11941960,186,121,9895,2013,0.0,189174.0,0.481166,-0.180052,RUS,KOR,930629
11941961,192,121,9895,2013,0.0,47054.0,1.915504,0.619576,SGP,KOR,930629
11941962,197,121,9895,2013,0.0,1084.0,-0.021029,0.381522,SLV,KOR,930629
11941963,216,121,9895,2013,74737.0,138507.0,0.8752139999999999,1.3798620000000001,THA,KOR,930629
11941964,224,121,9895,2013,213905.0,906950.0,0.42932299999999995,2.690235,TUR,KOR,930629
11941965,230,121,9895,2013,0.0,15217.0,0.20190999999999998,-0.19777999999999998,URY,KOR,930629
11941966,231,121,9895,2013,126041456.0,194896.0,1.6639689999999998,-0.48651300000000003,USA,KOR,930629
11941967,232,121,9895,2013,0.0,1156.0,-0.748212,-0.567268,UZB,KOR,930629
11941968,246,121,9895,2013,0.0,7357.0,0.380284,1.5682120000000002,ZAF,KOR,930629
11941969,249,121,9895,2013,0.0,1256.0,1.843186,0.9432379999999999,TWN,KOR,930629
11941970,7,122,9895,2013,0.0,989.0,-0.074047,-0.585168,ARE,KWT,930629
11941971,15,122,9895,2013,4279.0,0.0,1.7209240000000001,-0.286892,AUT,KWT,930629
11941972,43,122,9895,2013,13697.0,0.0,1.113767,1.477496,CHN,KWT,930629
11941973,59,122,9895,2013,49489.0,0.0,1.819653,-0.12423800000000002,CZE,KWT,930629
11941974,61,122,9895,2013,28858.0,0.0,2.093658,-3.4281980000000005,DEU,KWT,930629
11941975,71,122,9895,2013,84250.0,0.0,0.861698,2.353993,ESP,KWT,930629
11941976,111,122,9895,2013,1273.0,0.0,1.289924,0.533436,ITA,KWT,930629
11941977,208,122,9895,2013,5450.0,0.0,1.869421,0.228109,SWE,KWT,930629
11941978,231,122,9895,2013,11797.0,0.0,1.6639689999999998,-0.48651300000000003,USA,KWT,930629
11941979,250,122,9895,2013,2124.0,0.0,0.628555,0.277602,ANS,KWT,930629
11941980,15,138,9895,2013,57975.0,0.0,1.7209240000000001,-0.286892,AUT,MEX,930629
11941981,18,138,9895,2013,22329.0,0.0,1.316207,0.972601,BEL,MEX,930629
11941982,37,138,9895,2013,0.0,1391.0,-0.46761499999999995,-1.0842040000000002,BWA,MEX,930629
11941983,39,138,9895,2013,0.0,1548.0,0.719649,1.017046,CAN,MEX,930629
11941984,42,138,9895,2013,0.0,46184.0,-0.260718,-0.38256100000000004,CHL,MEX,930629
11941985,43,138,9895,2013,32337.0,0.0,1.113767,1.477496,CHN,MEX,930629
11941986,52,138,9895,2013,0.0,1043.0,0.067379,-0.688217,CRI,MEX,930629
11941987,59,138,9895,2013,12148.0,0.0,1.819653,-0.12423800000000002,CZE,MEX,930629
11941988,61,138,9895,2013,38632.0,0.0,2.093658,-3.4281980000000005,DEU,MEX,930629
11941989,71,138,9895,2013,695091.0,0.0,0.861698,2.353993,ESP,MEX,930629
11941990,77,138,9895,2013,884690.0,0.0,1.520354,0.022874000000000002,FRA,MEX,930629
11941991,90,138,9895,2013,3193.0,0.0,0.18823800000000002,0.910906,GRC,MEX,930629
11941992,93,138,9895,2013,0.0,3458.0,-0.41466499999999995,0.774788,GTM,MEX,930629
11941993,111,138,9895,2013,105729.0,0.0,1.289924,0.533436,ITA,MEX,930629
11941994,121,138,9895,2013,3030.0,0.0,1.818383,0.75645,KOR,MEX,930629
11941995,169,138,9895,2013,0.0,3813.0,0.735637,1.161718,PAN,MEX,930629
11941996,173,138,9895,2013,0.0,4786.0,-0.573852,0.357977,PER,MEX,930629
11941997,174,138,9895,2013,1240.0,0.0,0.507868,0.355403,PHL,MEX,930629
11941998,197,138,9895,2013,0.0,1475.0,-0.021029,0.381522,SLV,MEX,930629
11941999,231,138,9895,2013,113594.0,0.0,1.6639689999999998,-0.48651300000000003,USA,MEX,930629
11942000,249,138,9895,2013,1065.0,0.0,1.843186,0.9432379999999999,TWN,MEX,930629
11942001,61,153,9895,2013,12696.0,0.0,2.093658,-3.4281980000000005,DEU,MYS,930629
11942002,71,153,9895,2013,370163.0,0.0,0.861698,2.353993,ESP,MYS,930629
11942003,77,153,9895,2013,127271.0,0.0,1.520354,0.022874000000000002,FRA,MYS,930629
11942004,81,153,9895,2013,29103.0,0.0,1.7901259999999999,0.44164,GBR,MYS,930629
11942005,103,153,9895,2013,0.0,1552.0,-0.216854,1.415728,IDN,MYS,930629
11942006,111,153,9895,2013,104745.0,0.0,1.289924,0.533436,ITA,MYS,930629
11942007,114,153,9895,2013,5388.0,0.0,2.3993130000000003,-0.564768,JPN,MYS,930629
11942008,174,153,9895,2013,1789.0,0.0,0.507868,0.355403,PHL,MYS,930629
11942009,192,153,9895,2013,204729.0,0.0,1.915504,0.619576,SGP,MYS,930629
11942010,15,162,9895,2013,6332.0,0.0,1.7209240000000001,-0.286892,AUT,NLD,930629
11942011,18,162,9895,2013,50431.0,3961.0,1.316207,0.972601,BEL,NLD,930629
11942012,41,162,9895,2013,0.0,1657.0,2.2104470000000003,0.5403479999999999,CHE,NLD,930629
11942013,59,162,9895,2013,42529.0,0.0,1.819653,-0.12423800000000002,CZE,NLD,930629
11942014,61,162,9895,2013,400595.0,1688.0,2.093658,-3.4281980000000005,DEU,NLD,930629
11942015,71,162,9895,2013,65359.0,0.0,0.861698,2.353993,ESP,NLD,930629
11942016,77,162,9895,2013,6889.0,495229.0,1.520354,0.022874000000000002,FRA,NLD,930629
11942017,81,162,9895,2013,267128.0,0.0,1.7901259999999999,0.44164,GBR,NLD,930629
11942018,121,162,9895,2013,3655.0,0.0,1.818383,0.75645,KOR,NLD,930629
11942019,163,162,9895,2013,0.0,5522.0,0.892099,0.18168399999999998,NOR,NLD,930629
11942020,201,162,9895,2013,135881.0,0.0,0.5717720000000001,1.174901,SRB,NLD,930629
11942021,208,162,9895,2013,470634.0,0.0,1.869421,0.228109,SWE,NLD,930629
11942022,231,162,9895,2013,5921.0,9308.0,1.6639689999999998,-0.48651300000000003,USA,NLD,930629
11942023,18,163,9895,2013,5124.0,0.0,1.316207,0.972601,BEL,NOR,930629
11942024,41,163,9895,2013,2869.0,0.0,2.2104470000000003,0.5403479999999999,CHE,NOR,930629
11942025,43,163,9895,2013,36561.0,0.0,1.113767,1.477496,CHN,NOR,930629
11942026,59,163,9895,2013,19972.0,0.0,1.819653,-0.12423800000000002,CZE,NOR,930629
11942027,61,163,9895,2013,352630.0,20227.0,2.093658,-3.4281980000000005,DEU,NOR,930629
11942028,64,163,9895,2013,14592.0,0.0,1.161835,1.1788450000000001,DNK,NOR,930629
11942029,71,163,9895,2013,35467.0,0.0,0.861698,2.353993,ESP,NOR,930629
11942030,77,163,9895,2013,4734.0,0.0,1.520354,0.022874000000000002,FRA,NOR,930629
11942031,81,163,9895,2013,81121.0,0.0,1.7901259999999999,0.44164,GBR,NOR,930629
11942032,111,163,9895,2013,107074.0,0.0,1.289924,0.533436,ITA,NOR,930629
11942033,162,163,9895,2013,5522.0,0.0,1.184107,1.249557,NLD,NOR,930629
11942034,177,163,9895,2013,11269.0,0.0,1.084332,1.216749,POL,NOR,930629
11942035,179,163,9895,2013,2197.0,0.0,0.541454,2.5228610000000002,PRT,NOR,930629
11942036,208,163,9895,2013,206932.0,8720.0,1.869421,0.228109,SWE,NOR,930629
11942037,231,163,9895,2013,56082.0,0.0,1.6639689999999998,-0.48651300000000003,USA,NOR,930629
11942038,246,163,9895,2013,29744.0,0.0,0.380284,1.5682120000000002,ZAF,NOR,930629
11942039,249,163,9895,2013,4034.0,0.0,1.843186,0.9432379999999999,TWN,NOR,930629
11942040,8,166,9895,2013,802486.0,0.0,0.20314300000000002,0.494062,ARG,NZL,930629
11942041,14,166,9895,2013,10844.0,48714.0,-0.31145700000000004,-0.167628,AUS,NZL,930629
11942042,43,166,9895,2013,7989.0,0.0,1.113767,1.477496,CHN,NZL,930629
11942043,48,166,9895,2013,0.0,1073.0,0.483939,-0.42226400000000003,COK,NZL,930629
11942044,59,166,9895,2013,8630.0,0.0,1.819653,-0.12423800000000002,CZE,NZL,930629
11942045,61,166,9895,2013,58889.0,0.0,2.093658,-3.4281980000000005,DEU,NZL,930629
11942046,64,166,9895,2013,1448.0,0.0,1.161835,1.1788450000000001,DNK,NZL,930629
11942047,71,166,9895,2013,74547.0,0.0,0.861698,2.353993,ESP,NZL,930629
11942048,77,166,9895,2013,378789.0,0.0,1.520354,0.022874000000000002,FRA,NZL,930629
11942049,81,166,9895,2013,21366.0,0.0,1.7901259999999999,0.44164,GBR,NZL,930629
11942050,111,166,9895,2013,170596.0,0.0,1.289924,0.533436,ITA,NZL,930629
11942051,114,166,9895,2013,2667.0,0.0,2.3993130000000003,-0.564768,JPN,NZL,930629
11942052,121,166,9895,2013,1300.0,0.0,1.818383,0.75645,KOR,NZL,930629
11942053,156,166,9895,2013,0.0,1764.0,-0.136052,-0.703913,NCL,NZL,930629
11942054,208,166,9895,2013,3161.0,0.0,1.869421,0.228109,SWE,NZL,930629
11942055,231,166,9895,2013,25031.0,0.0,1.6639689999999998,-0.48651300000000003,USA,NZL,930629
11942056,242,166,9895,2013,0.0,11600.0,0.824724,0.056441,WSM,NZL,930629
11942057,249,166,9895,2013,11746.0,0.0,1.843186,0.9432379999999999,TWN,NZL,930629
11942058,8,169,9895,2013,16936.0,0.0,0.20314300000000002,0.494062,ARG,PAN,930629
11942059,43,169,9895,2013,11296.0,0.0,1.113767,1.477496,CHN,PAN,930629
11942060,49,169,9895,2013,0.0,3378.0,0.121799,-0.388239,COL,PAN,930629
11942061,52,169,9895,2013,0.0,3914.0,0.067379,-0.688217,CRI,PAN,930629
11942062,59,169,9895,2013,71106.0,0.0,1.819653,-0.12423800000000002,CZE,PAN,930629
11942063,71,169,9895,2013,3747.0,0.0,0.861698,2.353993,ESP,PAN,930629
11942064,93,169,9895,2013,0.0,3005.0,-0.41466499999999995,0.774788,GTM,PAN,930629
11942065,97,169,9895,2013,2510.0,0.0,0.744383,1.923139,HKG,PAN,930629
11942066,138,169,9895,2013,3813.0,0.0,1.048507,0.718932,MEX,PAN,930629
11942067,222,169,9895,2013,0.0,11859.0,-0.280641,-1.083332,TTO,PAN,930629
11942068,231,169,9895,2013,6175.0,0.0,1.6639689999999998,-0.48651300000000003,USA,PAN,930629
11942069,236,169,9895,2013,0.0,1117.0,-0.778172,-1.107059,VEN,PAN,930629
11942070,249,169,9895,2013,1949.0,0.0,1.843186,0.9432379999999999,TWN,PAN,930629
11942071,250,169,9895,2013,0.0,10329.0,0.628555,0.277602,ANS,PAN,930629
11942072,43,173,9895,2013,43451.0,0.0,1.113767,1.477496,CHN,PER,930629
11942073,59,173,9895,2013,10855.0,0.0,1.819653,-0.12423800000000002,CZE,PER,930629
11942074,61,173,9895,2013,18462.0,0.0,2.093658,-3.4281980000000005,DEU,PER,930629
11942075,71,173,9895,2013,50223.0,0.0,0.861698,2.353993,ESP,PER,930629
11942076,138,173,9895,2013,4786.0,0.0,1.048507,0.718932,MEX,PER,930629
11942077,224,173,9895,2013,5588.0,0.0,0.42932299999999995,2.690235,TUR,PER,930629
11942078,231,173,9895,2013,11205.0,7468830.0,1.6639689999999998,-0.48651300000000003,USA,PER,930629
11942079,18,174,9895,2013,0.0,36583.0,1.316207,0.972601,BEL,PHL,930629
11942080,39,174,9895,2013,0.0,145374.0,0.719649,1.017046,CAN,PHL,930629
11942081,61,174,9895,2013,4528.0,0.0,2.093658,-3.4281980000000005,DEU,PHL,930629
11942082,71,174,9895,2013,289870.0,0.0,0.861698,2.353993,ESP,PHL,930629
11942083,77,174,9895,2013,35102.0,0.0,1.520354,0.022874000000000002,FRA,PHL,930629
11942084,81,174,9895,2013,1845.0,0.0,1.7901259999999999,0.44164,GBR,PHL,930629
11942085,111,174,9895,2013,60571.0,8210.0,1.289924,0.533436,ITA,PHL,930629
11942086,138,174,9895,2013,0.0,1240.0,1.048507,0.718932,MEX,PHL,930629
11942087,153,174,9895,2013,0.0,1789.0,0.937641,0.747496,MYS,PHL,930629
11942088,183,174,9895,2013,0.0,1704.0,-0.083649,-1.013491,QAT,PHL,930629
11942089,231,174,9895,2013,9593.0,1759002.0,1.6639689999999998,-0.48651300000000003,USA,PHL,930629
11942090,43,177,9895,2013,40734.0,0.0,1.113767,1.477496,CHN,POL,930629
11942091,59,177,9895,2013,171696.0,0.0,1.819653,-0.12423800000000002,CZE,POL,930629
11942092,61,177,9895,2013,289006.0,5562.0,2.093658,-3.4281980000000005,DEU,POL,930629
11942093,64,177,9895,2013,16981.0,0.0,1.161835,1.1788450000000001,DNK,POL,930629
11942094,71,177,9895,2013,258114.0,0.0,0.861698,2.353993,ESP,POL,930629
11942095,81,177,9895,2013,90523.0,0.0,1.7901259999999999,0.44164,GBR,POL,930629
11942096,90,177,9895,2013,0.0,2728.0,0.18823800000000002,0.910906,GRC,POL,930629
11942097,100,177,9895,2013,0.0,5983.0,0.898284,1.038807,HRV,POL,930629
11942098,111,177,9895,2013,101373.0,0.0,1.289924,0.533436,ITA,POL,930629
11942099,121,177,9895,2013,3817.0,0.0,1.818383,0.75645,KOR,POL,930629
11942100,163,177,9895,2013,0.0,11269.0,0.892099,0.18168399999999998,NOR,POL,930629
11942101,186,177,9895,2013,19172.0,0.0,0.481166,-0.180052,RUS,POL,930629
11942102,206,177,9895,2013,467849.0,0.0,1.32064,0.7519819999999999,SVK,POL,930629
11942103,208,177,9895,2013,3824.0,0.0,1.869421,0.228109,SWE,POL,930629
11942104,224,177,9895,2013,29435.0,0.0,0.42932299999999995,2.690235,TUR,POL,930629
11942105,228,177,9895,2013,0.0,68603.0,0.657729,0.9063200000000001,UKR,POL,930629
11942106,231,177,9895,2013,89244.0,0.0,1.6639689999999998,-0.48651300000000003,USA,POL,930629
11942107,249,177,9895,2013,2823.0,0.0,1.843186,0.9432379999999999,TWN,POL,930629
11942108,2,179,9895,2013,0.0,4554.0,-1.172043,-1.133735,AGO,PRT,930629
11942109,41,179,9895,2013,0.0,47943.0,2.2104470000000003,0.5403479999999999,CHE,PRT,930629
11942110,59,179,9895,2013,11555.0,0.0,1.819653,-0.12423800000000002,CZE,PRT,930629
11942111,61,179,9895,2013,90295.0,10783.0,2.093658,-3.4281980000000005,DEU,PRT,930629
11942112,71,179,9895,2013,1004322.0,562395.0,0.861698,2.353993,ESP,PRT,930629
11942113,77,179,9895,2013,60531.0,57815.0,1.520354,0.022874000000000002,FRA,PRT,930629
11942114,111,179,9895,2013,29821.0,0.0,1.289924,0.533436,ITA,PRT,930629
11942115,147,179,9895,2013,0.0,1700.0,-1.326323,-1.050969,MOZ,PRT,930629
11942116,163,179,9895,2013,0.0,2197.0,0.892099,0.18168399999999998,NOR,PRT,930629
11942117,203,179,9895,2013,0.0,2123.0,0.8999219999999999,-0.101662,STP,PRT,930629
11942118,8,180,9895,2013,421571.0,0.0,0.20314300000000002,0.494062,ARG,PRY,930629
11942119,43,180,9895,2013,3653.0,0.0,1.113767,1.477496,CHN,PRY,930629
11942120,71,180,9895,2013,65318.0,0.0,0.861698,2.353993,ESP,PRY,930629
11942121,231,180,9895,2013,5094.0,0.0,1.6639689999999998,-0.48651300000000003,USA,PRY,930629
11942122,43,183,9895,2013,8696.0,0.0,1.113767,1.477496,CHN,QAT,930629
11942123,61,183,9895,2013,17200.0,0.0,2.093658,-3.4281980000000005,DEU,QAT,930629
11942124,111,183,9895,2013,5079.0,0.0,1.289924,0.533436,ITA,QAT,930629
11942125,174,183,9895,2013,1704.0,0.0,0.507868,0.355403,PHL,QAT,930629
11942126,7,188,9895,2013,16219.0,0.0,-0.074047,-0.585168,ARE,SAU,930629
11942127,43,188,9895,2013,157817.0,0.0,1.113767,1.477496,CHN,SAU,930629
11942128,59,188,9895,2013,161157.0,0.0,1.819653,-0.12423800000000002,CZE,SAU,930629
11942129,61,188,9895,2013,493965.0,0.0,2.093658,-3.4281980000000005,DEU,SAU,930629
11942130,71,188,9895,2013,852027.0,0.0,0.861698,2.353993,ESP,SAU,930629
11942131,81,188,9895,2013,200668.0,0.0,1.7901259999999999,0.44164,GBR,SAU,930629
11942132,224,188,9895,2013,8995.0,0.0,0.42932299999999995,2.690235,TUR,SAU,930629
11942133,231,188,9895,2013,2428401.0,0.0,1.6639689999999998,-0.48651300000000003,USA,SAU,930629
11942134,43,190,9895,2013,25033.0,0.0,1.113767,1.477496,CHN,SDN,930629
11942135,216,190,9895,2013,0.0,671092.0,0.8752139999999999,1.3798620000000001,THA,SDN,930629
11942136,224,190,9895,2013,188170.0,0.0,0.42932299999999995,2.690235,TUR,SDN,930629
11942137,39,192,9895,2013,11074.0,0.0,0.719649,1.017046,CAN,SGP,930629
11942138,43,192,9895,2013,15761.0,0.0,1.113767,1.477496,CHN,SGP,930629
11942139,59,192,9895,2013,37877.0,0.0,1.819653,-0.12423800000000002,CZE,SGP,930629
11942140,61,192,9895,2013,371462.0,0.0,2.093658,-3.4281980000000005,DEU,SGP,930629
11942141,103,192,9895,2013,0.0,191296.0,-0.216854,1.415728,IDN,SGP,930629
11942142,104,192,9895,2013,0.0,8903.0,0.215356,2.3916209999999998,IND,SGP,930629
11942143,121,192,9895,2013,47054.0,0.0,1.818383,0.75645,KOR,SGP,930629
11942144,153,192,9895,2013,0.0,204729.0,0.937641,0.747496,MYS,SGP,930629
11942145,186,192,9895,2013,9325.0,0.0,0.481166,-0.180052,RUS,SGP,930629
11942146,216,192,9895,2013,1273.0,1158.0,0.8752139999999999,1.3798620000000001,THA,SGP,930629
11942147,231,192,9895,2013,49865.0,0.0,1.6639689999999998,-0.48651300000000003,USA,SGP,930629
11942148,8,197,9895,2013,7980.0,0.0,0.20314300000000002,0.494062,ARG,SLV,930629
11942149,43,197,9895,2013,5568.0,0.0,1.113767,1.477496,CHN,SLV,930629
11942150,61,197,9895,2013,2243.0,0.0,2.093658,-3.4281980000000005,DEU,SLV,930629
11942151,71,197,9895,2013,2319.0,0.0,0.861698,2.353993,ESP,SLV,930629
11942152,121,197,9895,2013,1084.0,0.0,1.818383,0.75645,KOR,SLV,930629
11942153,138,197,9895,2013,1475.0,0.0,1.048507,0.718932,MEX,SLV,930629
11942154,231,197,9895,2013,23061.0,0.0,1.6639689999999998,-0.48651300000000003,USA,SLV,930629
11942155,43,205,9895,2013,15014.0,0.0,1.113767,1.477496,CHN,SUR,930629
11942156,61,205,9895,2013,8626.0,0.0,2.093658,-3.4281980000000005,DEU,SUR,930629
11942157,71,205,9895,2013,2678.0,0.0,0.861698,2.353993,ESP,SUR,930629
11942158,15,206,9895,2013,3293.0,0.0,1.7209240000000001,-0.286892,AUT,SVK,930629
11942159,43,206,9895,2013,2676.0,0.0,1.113767,1.477496,CHN,SVK,930629
11942160,59,206,9895,2013,208163.0,0.0,1.819653,-0.12423800000000002,CZE,SVK,930629
11942161,61,206,9895,2013,32322.0,0.0,2.093658,-3.4281980000000005,DEU,SVK,930629
11942162,71,206,9895,2013,10549.0,0.0,0.861698,2.353993,ESP,SVK,930629
11942163,111,206,9895,2013,247933.0,0.0,1.289924,0.533436,ITA,SVK,930629
11942164,177,206,9895,2013,0.0,467849.0,1.084332,1.216749,POL,SVK,930629
11942165,224,206,9895,2013,4093.0,0.0,0.42932299999999995,2.690235,TUR,SVK,930629
11942166,250,206,9895,2013,1245.0,0.0,0.628555,0.277602,ANS,SVK,930629
11942167,7,208,9895,2013,0.0,3613.0,-0.074047,-0.585168,ARE,SWE,930629
11942168,14,208,9895,2013,11252.0,6748.0,-0.31145700000000004,-0.167628,AUS,SWE,930629
11942169,15,208,9895,2013,7526.0,30914.0,1.7209240000000001,-0.286892,AUT,SWE,930629
11942170,39,208,9895,2013,0.0,845.0,0.719649,1.017046,CAN,SWE,930629
11942171,43,208,9895,2013,407488.0,0.0,1.113767,1.477496,CHN,SWE,930629
11942172,59,208,9895,2013,153637.0,0.0,1.819653,-0.12423800000000002,CZE,SWE,930629
11942173,61,208,9895,2013,369050.0,6202.0,2.093658,-3.4281980000000005,DEU,SWE,930629
11942174,64,208,9895,2013,73660.0,363428.0,1.161835,1.1788450000000001,DNK,SWE,930629
11942175,71,208,9895,2013,22242.0,5801.0,0.861698,2.353993,ESP,SWE,930629
11942176,74,208,9895,2013,14898.0,1542.0,1.734552,0.8896940000000001,FIN,SWE,930629
11942177,77,208,9895,2013,1288521.0,4770.0,1.520354,0.022874000000000002,FRA,SWE,930629
11942178,81,208,9895,2013,382207.0,0.0,1.7901259999999999,0.44164,GBR,SWE,930629
11942179,97,208,9895,2013,0.0,1920.0,0.744383,1.923139,HKG,SWE,930629
11942180,106,208,9895,2013,0.0,2208.0,1.29988,0.240688,IRL,SWE,930629
11942181,111,208,9895,2013,45715.0,0.0,1.289924,0.533436,ITA,SWE,930629
11942182,122,208,9895,2013,0.0,5450.0,-0.536384,-1.08382,KWT,SWE,930629
11942183,124,208,9895,2013,0.0,2524.0,0.283084,1.4289100000000001,LBN,SWE,930629
11942184,133,208,9895,2013,31985.0,0.0,0.252209,0.184401,MAC,SWE,930629
11942185,155,208,9895,2013,0.0,43003.0,-0.308643,-0.480617,NAM,SWE,930629
11942186,162,208,9895,2013,0.0,470634.0,1.184107,1.249557,NLD,SWE,930629
11942187,163,208,9895,2013,8720.0,206932.0,0.892099,0.18168399999999998,NOR,SWE,930629
11942188,166,208,9895,2013,0.0,3161.0,0.3345,0.39063000000000003,NZL,SWE,930629
11942189,177,208,9895,2013,0.0,3824.0,1.084332,1.216749,POL,SWE,930629
11942190,224,208,9895,2013,4131.0,0.0,0.42932299999999995,2.690235,TUR,SWE,930629
11942191,231,208,9895,2013,43356.0,0.0,1.6639689999999998,-0.48651300000000003,USA,SWE,930629
11942192,249,208,9895,2013,0.0,2061.0,1.843186,0.9432379999999999,TWN,SWE,930629
11942193,23,216,9895,2013,3746999.0,0.0,0.5026109999999999,1.674296,BGR,THA,930629
11942194,43,216,9895,2013,108897.0,0.0,1.113767,1.477496,CHN,THA,930629
11942195,59,216,9895,2013,44111.0,0.0,1.819653,-0.12423800000000002,CZE,THA,930629
11942196,61,216,9895,2013,42030.0,0.0,2.093658,-3.4281980000000005,DEU,THA,930629
11942197,71,216,9895,2013,65838.0,0.0,0.861698,2.353993,ESP,THA,930629
11942198,77,216,9895,2013,0.0,100474.0,1.520354,0.022874000000000002,FRA,THA,930629
11942199,97,216,9895,2013,0.0,5109.0,0.744383,1.923139,HKG,THA,930629
11942200,111,216,9895,2013,78716.0,0.0,1.289924,0.533436,ITA,THA,930629
11942201,114,216,9895,2013,7549.0,0.0,2.3993130000000003,-0.564768,JPN,THA,930629
11942202,121,216,9895,2013,138507.0,74737.0,1.818383,0.75645,KOR,THA,930629
11942203,186,216,9895,2013,2892228.0,0.0,0.481166,-0.180052,RUS,THA,930629
11942204,190,216,9895,2013,671092.0,0.0,-1.254944,-1.073564,SDN,THA,930629
11942205,192,216,9895,2013,1158.0,1273.0,1.915504,0.619576,SGP,THA,930629
11942206,201,216,9895,2013,0.0,596.0,0.5717720000000001,1.174901,SRB,THA,930629
11942207,224,216,9895,2013,1004.0,2155.0,0.42932299999999995,2.690235,TUR,THA,930629
11942208,231,216,9895,2013,398826.0,69103.0,1.6639689999999998,-0.48651300000000003,USA,THA,930629
11942209,8,222,9895,2013,3524.0,0.0,0.20314300000000002,0.494062,ARG,TTO,930629
11942210,61,222,9895,2013,20785.0,0.0,2.093658,-3.4281980000000005,DEU,TTO,930629
11942211,81,222,9895,2013,9934.0,0.0,1.7901259999999999,0.44164,GBR,TTO,930629
11942212,169,222,9895,2013,11859.0,0.0,0.735637,1.161718,PAN,TTO,930629
11942213,231,222,9895,2013,45022.0,0.0,1.6639689999999998,-0.48651300000000003,USA,TTO,930629
11942214,4,224,9895,2013,0.0,1985.0,-0.53682,-0.162391,ALB,TUR,930629
11942215,16,224,9895,2013,0.0,1185.0,-0.9232870000000001,-1.165928,AZE,TUR,930629
11942216,18,224,9895,2013,458645.0,0.0,1.316207,0.972601,BEL,TUR,930629
11942217,23,224,9895,2013,0.0,115254.0,0.5026109999999999,1.674296,BGR,TUR,930629
11942218,26,224,9895,2013,481721.0,0.0,0.46743199999999996,0.7340800000000001,BIH,TUR,930629
11942219,32,224,9895,2013,2158575.0,28960.0,0.14765899999999998,0.399262,BRA,TUR,930629
11942220,37,224,9895,2013,0.0,1596.0,-0.46761499999999995,-1.0842040000000002,BWA,TUR,930629
11942221,39,224,9895,2013,0.0,3415.0,0.719649,1.017046,CAN,TUR,930629
11942222,41,224,9895,2013,36721.0,0.0,2.2104470000000003,0.5403479999999999,CHE,TUR,930629
11942223,43,224,9895,2013,4105.0,0.0,1.113767,1.477496,CHN,TUR,930629
11942224,52,224,9895,2013,0.0,863.0,0.067379,-0.688217,CRI,TUR,930629
11942225,58,224,9895,2013,0.0,318661.0,0.502238,0.349608,CYP,TUR,930629
11942226,59,224,9895,2013,56117.0,60030.0,1.819653,-0.12423800000000002,CZE,TUR,930629
11942227,61,224,9895,2013,134564.0,892748.0,2.093658,-3.4281980000000005,DEU,TUR,930629
11942228,71,224,9895,2013,2299098.0,3348818.0,0.861698,2.353993,ESP,TUR,930629
11942229,77,224,9895,2013,0.0,1671564.0,1.520354,0.022874000000000002,FRA,TUR,930629
11942230,81,224,9895,2013,8562.0,1769691.0,1.7901259999999999,0.44164,GBR,TUR,930629
11942231,82,224,9895,2013,0.0,203528.0,-0.160691,-0.393419,GEO,TUR,930629
11942232,90,224,9895,2013,0.0,1598.0,0.18823800000000002,0.910906,GRC,TUR,930629
11942233,97,224,9895,2013,0.0,2368.0,0.744383,1.923139,HKG,TUR,930629
11942234,107,224,9895,2013,0.0,867192.0,-0.339172,-0.237114,IRN,TUR,930629
11942235,111,224,9895,2013,6881538.0,1097163.0,1.289924,0.533436,ITA,TUR,930629
11942236,113,224,9895,2013,0.0,6180.0,0.152659,0.5889979999999999,JOR,TUR,930629
11942237,116,224,9895,2013,0.0,890.0,-0.448112,0.8672719999999999,KEN,TUR,930629
11942238,117,224,9895,2013,0.0,8687.0,-0.1035,0.339914,KGZ,TUR,930629
11942239,121,224,9895,2013,906950.0,213905.0,1.818383,0.75645,KOR,TUR,930629
11942240,124,224,9895,2013,0.0,35839.0,0.283084,1.4289100000000001,LBN,TUR,930629
11942241,126,224,9895,2013,0.0,219608.0,-1.6241459999999999,-1.1817950000000002,LBY,TUR,930629
11942242,140,224,9895,2013,0.0,36876.0,-0.10859400000000001,0.155229,MKD,TUR,930629
11942243,141,224,9895,2013,0.0,1870807.0,-1.183671,-1.069504,MLI,TUR,930629
11942244,173,224,9895,2013,0.0,5588.0,-0.573852,0.357977,PER,TUR,930629
11942245,177,224,9895,2013,0.0,29435.0,1.084332,1.216749,POL,TUR,930629
11942246,185,224,9895,2013,0.0,47195.0,0.792035,1.225034,ROU,TUR,930629
11942247,186,224,9895,2013,0.0,346100.0,0.481166,-0.180052,RUS,TUR,930629
11942248,188,224,9895,2013,0.0,8995.0,0.626347,-0.844406,SAU,TUR,930629
11942249,190,224,9895,2013,0.0,188170.0,-1.254944,-1.073564,SDN,TUR,930629
11942250,206,224,9895,2013,0.0,4093.0,1.32064,0.7519819999999999,SVK,TUR,930629
11942251,207,224,9895,2013,0.0,3576.0,1.698374,0.563082,SVN,TUR,930629
11942252,208,224,9895,2013,0.0,4131.0,1.869421,0.228109,SWE,TUR,930629
11942253,212,224,9895,2013,0.0,8543.0,-0.14343399999999998,1.077256,SYR,TUR,930629
11942254,216,224,9895,2013,2155.0,1004.0,0.8752139999999999,1.3798620000000001,THA,TUR,930629
11942255,228,224,9895,2013,0.0,486883.0,0.657729,0.9063200000000001,UKR,TUR,930629
11942256,231,224,9895,2013,332213.0,4398944.0,1.6639689999999998,-0.48651300000000003,USA,TUR,930629
11942257,249,224,9895,2013,9339.0,0.0,1.843186,0.9432379999999999,TWN,TUR,930629
11942258,250,224,9895,2013,0.0,21377.0,0.628555,0.277602,ANS,TUR,930629
11942259,43,228,9895,2013,1645.0,0.0,1.113767,1.477496,CHN,UKR,930629
11942260,59,228,9895,2013,69849.0,0.0,1.819653,-0.12423800000000002,CZE,UKR,930629
11942261,61,228,9895,2013,164311.0,4091.0,2.093658,-3.4281980000000005,DEU,UKR,930629
11942262,71,228,9895,2013,675467.0,0.0,0.861698,2.353993,ESP,UKR,930629
11942263,77,228,9895,2013,93705.0,0.0,1.520354,0.022874000000000002,FRA,UKR,930629
11942264,81,228,9895,2013,3710.0,0.0,1.7901259999999999,0.44164,GBR,UKR,930629
11942265,111,228,9895,2013,77397.0,0.0,1.289924,0.533436,ITA,UKR,930629
11942266,177,228,9895,2013,68603.0,0.0,1.084332,1.216749,POL,UKR,930629
11942267,186,228,9895,2013,0.0,32169.0,0.481166,-0.180052,RUS,UKR,930629
11942268,224,228,9895,2013,486883.0,0.0,0.42932299999999995,2.690235,TUR,UKR,930629
11942269,231,228,9895,2013,51449.0,0.0,1.6639689999999998,-0.48651300000000003,USA,UKR,930629
11942270,8,230,9895,2013,75287.0,0.0,0.20314300000000002,0.494062,ARG,URY,930629
11942271,43,230,9895,2013,2350.0,0.0,1.113767,1.477496,CHN,URY,930629
11942272,61,230,9895,2013,3550.0,0.0,2.093658,-3.4281980000000005,DEU,URY,930629
11942273,71,230,9895,2013,41552.0,0.0,0.861698,2.353993,ESP,URY,930629
11942274,121,230,9895,2013,15217.0,0.0,1.818383,0.75645,KOR,URY,930629
11942275,231,230,9895,2013,10136.0,0.0,1.6639689999999998,-0.48651300000000003,USA,URY,930629
11942276,249,230,9895,2013,4789.0,0.0,1.843186,0.9432379999999999,TWN,URY,930629
11942277,0,231,9895,2013,0.0,92827.0,0.913235,-0.149061,ABW,USA,930629
11942278,2,231,9895,2013,0.0,14557.0,-1.172043,-1.133735,AGO,USA,930629
11942279,8,231,9895,2013,109191.0,104628.0,0.20314300000000002,0.494062,ARG,USA,930629
11942280,13,231,9895,2013,0.0,1323.0,0.096563,-0.60577,ATG,USA,930629
11942281,14,231,9895,2013,0.0,44634.0,-0.31145700000000004,-0.167628,AUS,USA,930629
11942282,15,231,9895,2013,2409.0,185962.0,1.7209240000000001,-0.286892,AUT,USA,930629
11942283,18,231,9895,2013,0.0,1060869.0,1.316207,0.972601,BEL,USA,930629
11942284,25,231,9895,2013,0.0,11367.0,0.756732,-0.369842,BHS,USA,930629
11942285,29,231,9895,2013,0.0,13672.0,-0.35218299999999997,-0.508891,BLZ,USA,930629
11942286,30,231,9895,2013,0.0,8017.0,1.087677,-0.452984,BMU,USA,930629
11942287,31,231,9895,2013,0.0,5325.0,-1.039614,-0.95663,BOL,USA,930629
11942288,32,231,9895,2013,57469.0,1061408.0,0.14765899999999998,0.399262,BRA,USA,930629
11942289,33,231,9895,2013,0.0,51595.0,0.6969489999999999,0.135283,BRB,USA,930629
11942290,37,231,9895,2013,0.0,8547.0,-0.46761499999999995,-1.0842040000000002,BWA,USA,930629
11942291,39,231,9895,2013,2877.0,2987381.0,0.719649,1.017046,CAN,USA,930629
11942292,41,231,9895,2013,0.0,18143.0,2.2104470000000003,0.5403479999999999,CHE,USA,930629
11942293,42,231,9895,2013,0.0,165634.0,-0.260718,-0.38256100000000004,CHL,USA,930629
11942294,43,231,9895,2013,8731228.0,4114.0,1.113767,1.477496,CHN,USA,930629
11942295,49,231,9895,2013,0.0,773484.0,0.121799,-0.388239,COL,USA,930629
11942296,52,231,9895,2013,0.0,5114.0,0.067379,-0.688217,CRI,USA,930629
11942297,59,231,9895,2013,2545466.0,2365.0,1.819653,-0.12423800000000002,CZE,USA,930629
11942298,61,231,9895,2013,1983390.0,42681.0,2.093658,-3.4281980000000005,DEU,USA,930629
11942299,64,231,9895,2013,28431.0,38923.0,1.161835,1.1788450000000001,DNK,USA,930629
11942300,65,231,9895,2013,0.0,48240.0,-0.277269,0.432388,DOM,USA,930629
11942301,67,231,9895,2013,0.0,30351.0,-0.86546,-0.8888389999999999,ECU,USA,930629
11942302,68,231,9895,2013,0.0,39628.0,-0.17418,1.692641,EGY,USA,930629
11942303,71,231,9895,2013,21668104.0,5345.0,0.861698,2.353993,ESP,USA,930629
11942304,72,231,9895,2013,0.0,1298.0,0.8828940000000001,1.386574,EST,USA,930629
11942305,74,231,9895,2013,0.0,10641.0,1.734552,0.8896940000000001,FIN,USA,930629
11942306,77,231,9895,2013,5342302.0,43376.0,1.520354,0.022874000000000002,FRA,USA,930629
11942307,81,231,9895,2013,290865.0,298193.0,1.7901259999999999,0.44164,GBR,USA,930629
11942308,90,231,9895,2013,0.0,12238.0,0.18823800000000002,0.910906,GRC,USA,930629
11942309,93,231,9895,2013,0.0,6847.0,-0.41466499999999995,0.774788,GTM,USA,930629
11942310,96,231,9895,2013,0.0,3125.0,-0.8555590000000001,-0.9744450000000001,GUY,USA,930629
11942311,99,231,9895,2013,0.0,25473.0,-0.731431,-0.310927,HND,USA,930629
11942312,100,231,9895,2013,0.0,20769.0,0.898284,1.038807,HRV,USA,930629
11942313,102,231,9895,2013,273496.0,0.0,1.506101,0.7279220000000001,HUN,USA,930629
11942314,103,231,9895,2013,0.0,157336.0,-0.216854,1.415728,IDN,USA,930629
11942315,104,231,9895,2013,61958.0,18796.0,0.215356,2.3916209999999998,IND,USA,930629
11942316,106,231,9895,2013,0.0,63624.0,1.29988,0.240688,IRL,USA,930629
11942317,109,231,9895,2013,0.0,16167.0,0.259374,-0.20413299999999998,ISL,USA,930629
11942318,111,231,9895,2013,8787416.0,190504.0,1.289924,0.533436,ITA,USA,930629
11942319,112,231,9895,2013,0.0,15521.0,-0.541441,-0.8448559999999999,JAM,USA,930629
11942320,113,231,9895,2013,0.0,186442.0,0.152659,0.5889979999999999,JOR,USA,930629
11942321,114,231,9895,2013,0.0,14987.0,2.3993130000000003,-0.564768,JPN,USA,930629
11942322,120,231,9895,2013,0.0,25054.0,0.8500270000000001,-0.390234,KNA,USA,930629
11942323,121,231,9895,2013,194896.0,126041456.0,1.818383,0.75645,KOR,USA,930629
11942324,122,231,9895,2013,0.0,11797.0,-0.536384,-1.08382,KWT,USA,930629
11942325,138,231,9895,2013,0.0,113594.0,1.048507,0.718932,MEX,USA,930629
11942326,155,231,9895,2013,0.0,38434.0,-0.308643,-0.480617,NAM,USA,930629
11942327,156,231,9895,2013,0.0,2428.0,-0.136052,-0.703913,NCL,USA,930629
11942328,160,231,9895,2013,0.0,79355.0,-0.9277,-0.6842630000000001,NIC,USA,930629
11942329,162,231,9895,2013,9308.0,5921.0,1.184107,1.249557,NLD,USA,930629
11942330,163,231,9895,2013,0.0,56082.0,0.892099,0.18168399999999998,NOR,USA,930629
11942331,166,231,9895,2013,0.0,25031.0,0.3345,0.39063000000000003,NZL,USA,930629
11942332,167,231,9895,2013,0.0,469737.0,-0.604175,-1.0463209999999998,OMN,USA,930629
11942333,169,231,9895,2013,0.0,6175.0,0.735637,1.161718,PAN,USA,930629
11942334,173,231,9895,2013,7468830.0,11205.0,-0.573852,0.357977,PER,USA,930629
11942335,174,231,9895,2013,1759002.0,9593.0,0.507868,0.355403,PHL,USA,930629
11942336,177,231,9895,2013,0.0,89244.0,1.084332,1.216749,POL,USA,930629
11942337,180,231,9895,2013,0.0,5094.0,-0.566239,-0.9273459999999999,PRY,USA,930629
11942338,185,231,9895,2013,221709.0,0.0,0.792035,1.225034,ROU,USA,930629
11942339,186,231,9895,2013,0.0,301424.0,0.481166,-0.180052,RUS,USA,930629
11942340,188,231,9895,2013,0.0,2428401.0,0.626347,-0.844406,SAU,USA,930629
11942341,192,231,9895,2013,0.0,49865.0,1.915504,0.619576,SGP,USA,930629
11942342,197,231,9895,2013,0.0,23061.0,-0.021029,0.381522,SLV,USA,930629
11942343,207,231,9895,2013,2324.0,0.0,1.698374,0.563082,SVN,USA,930629
11942344,208,231,9895,2013,0.0,43356.0,1.869421,0.228109,SWE,USA,930629
11942345,216,231,9895,2013,69103.0,398826.0,0.8752139999999999,1.3798620000000001,THA,USA,930629
11942346,222,231,9895,2013,0.0,45022.0,-0.280641,-1.083332,TTO,USA,930629
11942347,224,231,9895,2013,4398944.0,332213.0,0.42932299999999995,2.690235,TUR,USA,930629
11942348,228,231,9895,2013,0.0,51449.0,0.657729,0.9063200000000001,UKR,USA,930629
11942349,230,231,9895,2013,0.0,10136.0,0.20190999999999998,-0.19777999999999998,URY,USA,930629
11942350,234,231,9895,2013,0.0,2667.0,0.193198,-0.23631799999999997,VCT,USA,930629
11942351,246,231,9895,2013,1896.0,38887.0,0.380284,1.5682120000000002,ZAF,USA,930629
11942352,249,231,9895,2013,1425775.0,3508151.0,1.843186,0.9432379999999999,TWN,USA,930629
11942353,231,234,9895,2013,2667.0,0.0,1.6639689999999998,-0.48651300000000003,USA,VCT,930629
11942354,71,236,9895,2013,64197.0,0.0,0.861698,2.353993,ESP,VEN,930629
11942355,111,236,9895,2013,1412401.0,0.0,1.289924,0.533436,ITA,VEN,930629
11942356,169,236,9895,2013,1117.0,0.0,0.735637,1.161718,PAN,VEN,930629
11942357,43,243,9895,2013,19788.0,0.0,1.113767,1.477496,CHN,YEM,930629
11942358,61,243,9895,2013,1047.0,0.0,2.093658,-3.4281980000000005,DEU,YEM,930629
11942359,37,246,9895,2013,0.0,13445.0,-0.46761499999999995,-1.0842040000000002,BWA,ZAF,930629
11942360,43,246,9895,2013,15028.0,0.0,1.113767,1.477496,CHN,ZAF,930629
11942361,59,246,9895,2013,104203.0,0.0,1.819653,-0.12423800000000002,CZE,ZAF,930629
11942362,61,246,9895,2013,374877.0,0.0,2.093658,-3.4281980000000005,DEU,ZAF,930629
11942363,71,246,9895,2013,196528.0,0.0,0.861698,2.353993,ESP,ZAF,930629
11942364,81,246,9895,2013,150025.0,0.0,1.7901259999999999,0.44164,GBR,ZAF,930629
11942365,104,246,9895,2013,0.0,637535.0,0.215356,2.3916209999999998,IND,ZAF,930629
11942366,111,246,9895,2013,185181.0,0.0,1.289924,0.533436,ITA,ZAF,930629
11942367,121,246,9895,2013,7357.0,0.0,1.818383,0.75645,KOR,ZAF,930629
11942368,155,246,9895,2013,28403.0,58562.0,-0.308643,-0.480617,NAM,ZAF,930629
11942369,163,246,9895,2013,0.0,29744.0,0.892099,0.18168399999999998,NOR,ZAF,930629
11942370,209,246,9895,2013,0.0,8994.0,0.109267,-0.275005,SWZ,ZAF,930629
11942371,231,246,9895,2013,38887.0,1896.0,1.6639689999999998,-0.48651300000000003,USA,ZAF,930629
11942372,7,249,9895,2013,0.0,3678.0,-0.074047,-0.585168,ARE,TWN,930629
11942373,8,249,9895,2013,0.0,64860.0,0.20314300000000002,0.494062,ARG,TWN,930629
11942374,15,249,9895,2013,1457.0,71350.0,1.7209240000000001,-0.286892,AUT,TWN,930629
11942375,18,249,9895,2013,0.0,711185.0,1.316207,0.972601,BEL,TWN,930629
11942376,39,249,9895,2013,0.0,252395.0,0.719649,1.017046,CAN,TWN,930629
11942377,41,249,9895,2013,0.0,41400.0,2.2104470000000003,0.5403479999999999,CHE,TWN,930629
11942378,43,249,9895,2013,13315.0,0.0,1.113767,1.477496,CHN,TWN,930629
11942379,49,249,9895,2013,0.0,24000.0,0.121799,-0.388239,COL,TWN,930629
11942380,59,249,9895,2013,18215.0,68085.0,1.819653,-0.12423800000000002,CZE,TWN,930629
11942381,61,249,9895,2013,100740.0,793854.0,2.093658,-3.4281980000000005,DEU,TWN,930629
11942382,71,249,9895,2013,1272.0,5507.0,0.861698,2.353993,ESP,TWN,930629
11942383,74,249,9895,2013,0.0,59111.0,1.734552,0.8896940000000001,FIN,TWN,930629
11942384,77,249,9895,2013,0.0,4921.0,1.520354,0.022874000000000002,FRA,TWN,930629
11942385,81,249,9895,2013,3472.0,6378.0,1.7901259999999999,0.44164,GBR,TWN,930629
11942386,121,249,9895,2013,1256.0,0.0,1.818383,0.75645,KOR,TWN,930629
11942387,130,249,9895,2013,0.0,1701.0,0.737796,1.215543,LTU,TWN,930629
11942388,138,249,9895,2013,0.0,1065.0,1.048507,0.718932,MEX,TWN,930629
11942389,163,249,9895,2013,0.0,4034.0,0.892099,0.18168399999999998,NOR,TWN,930629
11942390,166,249,9895,2013,0.0,11746.0,0.3345,0.39063000000000003,NZL,TWN,930629
11942391,169,249,9895,2013,0.0,1949.0,0.735637,1.161718,PAN,TWN,930629
11942392,177,249,9895,2013,0.0,2823.0,1.084332,1.216749,POL,TWN,930629
11942393,186,249,9895,2013,0.0,311022.0,0.481166,-0.180052,RUS,TWN,930629
11942394,208,249,9895,2013,2061.0,0.0,1.869421,0.228109,SWE,TWN,930629
11942395,224,249,9895,2013,0.0,9339.0,0.42932299999999995,2.690235,TUR,TWN,930629
11942396,230,249,9895,2013,0.0,4789.0,0.20190999999999998,-0.19777999999999998,URY,TWN,930629
11942397,231,249,9895,2013,3508151.0,1425775.0,1.6639689999999998,-0.48651300000000003,USA,TWN,930629
11942398,73,250,9895,2013,0.0,16517.0,-1.264002,-0.9594219999999999,ETH,ANS,930629
11942399,106,250,9895,2013,0.0,1195.0,1.29988,0.240688,IRL,ANS,930629
11942400,122,250,9895,2013,0.0,2124.0,-0.536384,-1.08382,KWT,ANS,930629
11942401,169,250,9895,2013,10329.0,0.0,0.735637,1.161718,PAN,ANS,930629
11942402,206,250,9895,2013,0.0,1245.0,1.32064,0.7519819999999999,SVK,ANS,930629
11942403,224,250,9895,2013,21377.0,0.0,0.42932299999999995,2.690235,TUR,ANS,930629
11942404,59,9,9895,2013,8133.0,0.0,1.819653,-0.12423800000000002,CZE,ARM,930629
11942405,61,9,9895,2013,8310.0,0.0,2.093658,-3.4281980000000005,DEU,ARM,930629
11942406,71,9,9895,2013,1527.0,0.0,0.861698,2.353993,ESP,ARM,930629
11942407,111,9,9895,2013,1936.0,0.0,1.289924,0.533436,ITA,ARM,930629
11942408,43,14,9895,2013,21216.0,0.0,1.113767,1.477496,CHN,AUS,930629
11942409,59,14,9895,2013,15531.0,0.0,1.819653,-0.12423800000000002,CZE,AUS,930629
11942410,61,14,9895,2013,117727.0,10800.0,2.093658,-3.4281980000000005,DEU,AUS,930629
11942411,71,14,9895,2013,328553.0,0.0,0.861698,2.353993,ESP,AUS,930629
11942412,74,14,9895,2013,0.0,13594.0,1.734552,0.8896940000000001,FIN,AUS,930629
11942413,77,14,9895,2013,727901.0,0.0,1.520354,0.022874000000000002,FRA,AUS,930629
11942414,81,14,9895,2013,23252.0,10743.0,1.7901259999999999,0.44164,GBR,AUS,930629
11942415,111,14,9895,2013,1105616.0,1439.0,1.289924,0.533436,ITA,AUS,930629
11942416,166,14,9895,2013,48714.0,10844.0,0.3345,0.39063000000000003,NZL,AUS,930629
11942417,186,14,9895,2013,2222.0,449044.0,0.481166,-0.180052,RUS,AUS,930629
11942418,208,14,9895,2013,6748.0,11252.0,1.869421,0.228109,SWE,AUS,930629
11942419,231,14,9895,2013,44634.0,0.0,1.6639689999999998,-0.48651300000000003,USA,AUS,930629
11942420,59,16,9895,2013,5783.0,0.0,1.819653,-0.12423800000000002,CZE,AZE,930629
11942421,61,16,9895,2013,6316.0,0.0,2.093658,-3.4281980000000005,DEU,AZE,930629
11942422,186,16,9895,2013,270545.0,0.0,0.481166,-0.180052,RUS,AZE,930629
11942423,224,16,9895,2013,1185.0,0.0,0.42932299999999995,2.690235,TUR,AZE,930629
11942424,81,22,9895,2013,4034.0,0.0,1.7901259999999999,0.44164,GBR,BGD,930629
11942425,61,24,9895,2013,8631.0,0.0,2.093658,-3.4281980000000005,DEU,BHR,930629
11942426,61,26,9895,2013,21728.0,0.0,2.093658,-3.4281980000000005,DEU,BIH,930629
11942427,71,26,9895,2013,3881.0,58670.0,0.861698,2.353993,ESP,BIH,930629
11942428,201,26,9895,2013,2796.0,0.0,0.5717720000000001,1.174901,SRB,BIH,930629
11942429,224,26,9895,2013,0.0,481721.0,0.42932299999999995,2.690235,TUR,BIH,930629
11942430,61,28,9895,2013,45154.0,0.0,2.093658,-3.4281980000000005,DEU,BLR,930629
11942431,186,28,9895,2013,21699.0,0.0,0.481166,-0.180052,RUS,BLR,930629
11942432,59,68,9895,2013,11079.0,0.0,1.819653,-0.12423800000000002,CZE,EGY,930629
11942433,81,68,9895,2013,1167.0,0.0,1.7901259999999999,0.44164,GBR,EGY,930629
11942434,111,68,9895,2013,378652.0,0.0,1.289924,0.533436,ITA,EGY,930629
11942435,231,68,9895,2013,39628.0,0.0,1.6639689999999998,-0.48651300000000003,USA,EGY,930629
11942436,71,82,9895,2013,30153.0,0.0,0.861698,2.353993,ESP,GEO,930629
11942437,186,82,9895,2013,10667.0,0.0,0.481166,-0.180052,RUS,GEO,930629
11942438,224,82,9895,2013,203528.0,0.0,0.42932299999999995,2.690235,TUR,GEO,930629
11942439,15,100,9895,2013,12785.0,0.0,1.7209240000000001,-0.286892,AUT,HRV,930629
11942440,59,100,9895,2013,12808.0,0.0,1.819653,-0.12423800000000002,CZE,HRV,930629
11942441,61,100,9895,2013,43401.0,0.0,2.093658,-3.4281980000000005,DEU,HRV,930629
11942442,71,100,9895,2013,21364.0,0.0,0.861698,2.353993,ESP,HRV,930629
11942443,111,100,9895,2013,430417.0,10581.0,1.289924,0.533436,ITA,HRV,930629
11942444,177,100,9895,2013,5983.0,0.0,1.084332,1.216749,POL,HRV,930629
11942445,201,100,9895,2013,57347.0,0.0,0.5717720000000001,1.174901,SRB,HRV,930629
11942446,231,100,9895,2013,20769.0,0.0,1.6639689999999998,-0.48651300000000003,USA,HRV,930629
11942447,59,106,9895,2013,7257.0,0.0,1.819653,-0.12423800000000002,CZE,IRL,930629
11942448,61,106,9895,2013,8711.0,0.0,2.093658,-3.4281980000000005,DEU,IRL,930629
11942449,81,106,9895,2013,132213.0,0.0,1.7901259999999999,0.44164,GBR,IRL,930629
11942450,208,106,9895,2013,2208.0,0.0,1.869421,0.228109,SWE,IRL,930629
11942451,231,106,9895,2013,63624.0,0.0,1.6639689999999998,-0.48651300000000003,USA,IRL,930629
11942452,250,106,9895,2013,1195.0,0.0,0.628555,0.277602,ANS,IRL,930629
11942453,224,107,9895,2013,867192.0,0.0,0.42932299999999995,2.690235,TUR,IRN,930629
11942454,8,114,9895,2013,0.0,1453.0,0.20314300000000002,0.494062,ARG,JPN,930629
11942455,39,114,9895,2013,0.0,1179.0,0.719649,1.017046,CAN,JPN,930629
11942456,41,114,9895,2013,0.0,1163.0,2.2104470000000003,0.5403479999999999,CHE,JPN,930629
11942457,59,114,9895,2013,29586.0,0.0,1.819653,-0.12423800000000002,CZE,JPN,930629
11942458,61,114,9895,2013,104773.0,0.0,2.093658,-3.4281980000000005,DEU,JPN,930629
11942459,71,114,9895,2013,124883.0,0.0,0.861698,2.353993,ESP,JPN,930629
11942460,77,114,9895,2013,510677.0,0.0,1.520354,0.022874000000000002,FRA,JPN,930629
11942461,81,114,9895,2013,0.0,9744.0,1.7901259999999999,0.44164,GBR,JPN,930629
11942462,104,114,9895,2013,0.0,42215.0,0.215356,2.3916209999999998,IND,JPN,930629
11942463,111,114,9895,2013,18328.0,0.0,1.289924,0.533436,ITA,JPN,930629
11942464,121,114,9895,2013,1258.0,0.0,1.818383,0.75645,KOR,JPN,930629
11942465,153,114,9895,2013,0.0,5388.0,0.937641,0.747496,MYS,JPN,930629
11942466,166,114,9895,2013,0.0,2667.0,0.3345,0.39063000000000003,NZL,JPN,930629
11942467,216,114,9895,2013,0.0,7549.0,0.8752139999999999,1.3798620000000001,THA,JPN,930629
11942468,231,114,9895,2013,14987.0,0.0,1.6639689999999998,-0.48651300000000003,USA,JPN,930629
11942469,58,115,9895,2013,29113.0,0.0,0.502238,0.349608,CYP,KAZ,930629
11942470,61,115,9895,2013,125963.0,0.0,2.093658,-3.4281980000000005,DEU,KAZ,930629
11942471,111,115,9895,2013,199324.0,0.0,1.289924,0.533436,ITA,KAZ,930629
11942472,130,115,9895,2013,11081.0,0.0,0.737796,1.215543,LTU,KAZ,930629
11942473,186,115,9895,2013,103858.0,0.0,0.481166,-0.180052,RUS,KAZ,930629
11942474,41,116,9895,2013,46233.0,0.0,2.2104470000000003,0.5403479999999999,CHE,KEN,930629
11942475,224,116,9895,2013,890.0,0.0,0.42932299999999995,2.690235,TUR,KEN,930629
11942476,71,117,9895,2013,1378.0,0.0,0.861698,2.353993,ESP,KGZ,930629
11942477,224,117,9895,2013,8687.0,0.0,0.42932299999999995,2.690235,TUR,KGZ,930629
11942478,59,118,9895,2013,2045288.0,0.0,1.819653,-0.12423800000000002,CZE,KHM,930629
11942479,104,118,9895,2013,210630.0,0.0,0.215356,2.3916209999999998,IND,KHM,930629
11942480,43,124,9895,2013,15461.0,0.0,1.113767,1.477496,CHN,LBN,930629
11942481,58,124,9895,2013,202209.0,0.0,0.502238,0.349608,CYP,LBN,930629
11942482,59,124,9895,2013,461711.0,0.0,1.819653,-0.12423800000000002,CZE,LBN,930629
11942483,61,124,9895,2013,13493.0,0.0,2.093658,-3.4281980000000005,DEU,LBN,930629
11942484,71,124,9895,2013,244294.0,0.0,0.861698,2.353993,ESP,LBN,930629
11942485,77,124,9895,2013,251051.0,0.0,1.520354,0.022874000000000002,FRA,LBN,930629
11942486,111,124,9895,2013,1150280.0,7391.0,1.289924,0.533436,ITA,LBN,930629
11942487,208,124,9895,2013,2524.0,0.0,1.869421,0.228109,SWE,LBN,930629
11942488,224,124,9895,2013,35839.0,0.0,0.42932299999999995,2.690235,TUR,LBN,930629
11942489,43,128,9895,2013,19419.0,0.0,1.113767,1.477496,CHN,LKA,930629
11942490,71,128,9895,2013,15025.0,0.0,0.861698,2.353993,ESP,LKA,930629
11942491,59,130,9895,2013,9601.0,0.0,1.819653,-0.12423800000000002,CZE,LTU,930629
11942492,61,130,9895,2013,34068.0,0.0,2.093658,-3.4281980000000005,DEU,LTU,930629
11942493,72,130,9895,2013,0.0,1680.0,0.8828940000000001,1.386574,EST,LTU,930629
11942494,77,130,9895,2013,23050.0,25666.0,1.520354,0.022874000000000002,FRA,LTU,930629
11942495,111,130,9895,2013,5582.0,0.0,1.289924,0.533436,ITA,LTU,930629
11942496,115,130,9895,2013,0.0,11081.0,-0.680678,-0.83347,KAZ,LTU,930629
11942497,132,130,9895,2013,46717.0,0.0,0.6219439999999999,1.166749,LVA,LTU,930629
11942498,186,130,9895,2013,0.0,92498.0,0.481166,-0.180052,RUS,LTU,930629
11942499,249,130,9895,2013,1701.0,0.0,1.843186,0.9432379999999999,TWN,LTU,930629
11942500,18,131,9895,2013,16992.0,0.0,1.316207,0.972601,BEL,LUX,930629
11942501,61,131,9895,2013,89921.0,0.0,2.093658,-3.4281980000000005,DEU,LUX,930629
11942502,59,132,9895,2013,3970.0,0.0,1.819653,-0.12423800000000002,CZE,LVA,930629
11942503,61,132,9895,2013,29905.0,76091.0,2.093658,-3.4281980000000005,DEU,LVA,930629
11942504,77,132,9895,2013,30114.0,0.0,1.520354,0.022874000000000002,FRA,LVA,930629
11942505,111,132,9895,2013,27337.0,0.0,1.289924,0.533436,ITA,LVA,930629
11942506,130,132,9895,2013,0.0,46717.0,0.737796,1.215543,LTU,LVA,930629
11942507,186,132,9895,2013,0.0,64092.0,0.481166,-0.180052,RUS,LVA,930629
11942508,61,140,9895,2013,3300.0,0.0,2.093658,-3.4281980000000005,DEU,MKD,930629
11942509,71,140,9895,2013,7887.0,0.0,0.861698,2.353993,ESP,MKD,930629
11942510,201,140,9895,2013,1865.0,0.0,0.5717720000000001,1.174901,SRB,MKD,930629
11942511,224,140,9895,2013,36876.0,0.0,0.42932299999999995,2.690235,TUR,MKD,930629
11942512,179,147,9895,2013,1700.0,0.0,0.541454,2.5228610000000002,PRT,MOZ,930629
11942513,71,148,9895,2013,5228.0,0.0,0.861698,2.353993,ESP,MRT,930629
11942514,43,159,9895,2013,5083.0,0.0,1.113767,1.477496,CHN,NGA,930629
11942515,81,159,9895,2013,28292.0,0.0,1.7901259999999999,0.44164,GBR,NGA,930629
11942516,81,167,9895,2013,10748.0,0.0,1.7901259999999999,0.44164,GBR,OMN,930629
11942517,231,167,9895,2013,469737.0,0.0,1.6639689999999998,-0.48651300000000003,USA,OMN,930629
11942518,43,168,9895,2013,409000.0,0.0,1.113767,1.477496,CHN,PAK,930629
11942519,58,168,9895,2013,18334.0,0.0,0.502238,0.349608,CYP,PAK,930629
11942520,61,168,9895,2013,2959.0,0.0,2.093658,-3.4281980000000005,DEU,PAK,930629
11942521,81,168,9895,2013,294885.0,0.0,1.7901259999999999,0.44164,GBR,PAK,930629
11942522,15,185,9895,2013,11835.0,0.0,1.7209240000000001,-0.286892,AUT,ROU,930629
11942523,59,185,9895,2013,77713.0,0.0,1.819653,-0.12423800000000002,CZE,ROU,930629
11942524,61,185,9895,2013,14232.0,489528.0,2.093658,-3.4281980000000005,DEU,ROU,930629
11942525,71,185,9895,2013,0.0,23005.0,0.861698,2.353993,ESP,ROU,930629
11942526,81,185,9895,2013,6959.0,0.0,1.7901259999999999,0.44164,GBR,ROU,930629
11942527,111,185,9895,2013,5229.0,1523.0,1.289924,0.533436,ITA,ROU,930629
11942528,224,185,9895,2013,47195.0,0.0,0.42932299999999995,2.690235,TUR,ROU,930629
11942529,231,185,9895,2013,0.0,221709.0,1.6639689999999998,-0.48651300000000003,USA,ROU,930629
11942530,14,186,9895,2013,449044.0,2222.0,-0.31145700000000004,-0.167628,AUS,RUS,930629
11942531,15,186,9895,2013,360643.0,0.0,1.7209240000000001,-0.286892,AUT,RUS,930629
11942532,16,186,9895,2013,0.0,270545.0,-0.9232870000000001,-1.165928,AZE,RUS,930629
11942533,28,186,9895,2013,0.0,21699.0,1.036923,0.864568,BLR,RUS,930629
11942534,43,186,9895,2013,73395.0,0.0,1.113767,1.477496,CHN,RUS,930629
11942535,59,186,9895,2013,175594.0,0.0,1.819653,-0.12423800000000002,CZE,RUS,930629
11942536,61,186,9895,2013,1011823.0,0.0,2.093658,-3.4281980000000005,DEU,RUS,930629
11942537,64,186,9895,2013,7721.0,0.0,1.161835,1.1788450000000001,DNK,RUS,930629
11942538,71,186,9895,2013,321567.0,0.0,0.861698,2.353993,ESP,RUS,930629
11942539,72,186,9895,2013,43842.0,0.0,0.8828940000000001,1.386574,EST,RUS,930629
11942540,77,186,9895,2013,867938.0,0.0,1.520354,0.022874000000000002,FRA,RUS,930629
11942541,81,186,9895,2013,59865.0,0.0,1.7901259999999999,0.44164,GBR,RUS,930629
11942542,82,186,9895,2013,0.0,10667.0,-0.160691,-0.393419,GEO,RUS,930629
11942543,102,186,9895,2013,291173.0,0.0,1.506101,0.7279220000000001,HUN,RUS,930629
11942544,104,186,9895,2013,0.0,13986791.0,0.215356,2.3916209999999998,IND,RUS,930629
11942545,111,186,9895,2013,3429746.0,0.0,1.289924,0.533436,ITA,RUS,930629
11942546,115,186,9895,2013,0.0,103858.0,-0.680678,-0.83347,KAZ,RUS,930629
11942547,121,186,9895,2013,189174.0,0.0,1.818383,0.75645,KOR,RUS,930629
11942548,130,186,9895,2013,92498.0,0.0,0.737796,1.215543,LTU,RUS,930629
11942549,132,186,9895,2013,64092.0,0.0,0.6219439999999999,1.166749,LVA,RUS,930629
11942550,177,186,9895,2013,0.0,19172.0,1.084332,1.216749,POL,RUS,930629
11942551,192,186,9895,2013,0.0,9325.0,1.915504,0.619576,SGP,RUS,930629
11942552,216,186,9895,2013,0.0,2892228.0,0.8752139999999999,1.3798620000000001,THA,RUS,930629
11942553,224,186,9895,2013,346100.0,0.0,0.42932299999999995,2.690235,TUR,RUS,930629
11942554,228,186,9895,2013,32169.0,0.0,0.657729,0.9063200000000001,UKR,RUS,930629
11942555,231,186,9895,2013,301424.0,0.0,1.6639689999999998,-0.48651300000000003,USA,RUS,930629
11942556,249,186,9895,2013,311022.0,0.0,1.843186,0.9432379999999999,TWN,RUS,930629
11942557,18,191,9895,2013,3190.0,0.0,1.316207,0.972601,BEL,SEN,930629
11942558,77,191,9895,2013,6566.0,0.0,1.520354,0.022874000000000002,FRA,SEN,930629
11942559,23,201,9895,2013,0.0,4556.0,0.5026109999999999,1.674296,BGR,SRB,930629
11942560,26,201,9895,2013,0.0,2796.0,0.46743199999999996,0.7340800000000001,BIH,SRB,930629
11942561,61,201,9895,2013,4916.0,341319.0,2.093658,-3.4281980000000005,DEU,SRB,930629
11942562,71,201,9895,2013,32261.0,93959.0,0.861698,2.353993,ESP,SRB,930629
11942563,77,201,9895,2013,0.0,159159.0,1.520354,0.022874000000000002,FRA,SRB,930629
11942564,90,201,9895,2013,0.0,48660.0,0.18823800000000002,0.910906,GRC,SRB,930629
11942565,100,201,9895,2013,0.0,57347.0,0.898284,1.038807,HRV,SRB,930629
11942566,103,201,9895,2013,0.0,251326.0,-0.216854,1.415728,IDN,SRB,930629
11942567,111,201,9895,2013,187118.0,1610573.0,1.289924,0.533436,ITA,SRB,930629
11942568,140,201,9895,2013,0.0,1865.0,-0.10859400000000001,0.155229,MKD,SRB,930629
11942569,162,201,9895,2013,0.0,135881.0,1.184107,1.249557,NLD,SRB,930629
11942570,216,201,9895,2013,596.0,0.0,0.8752139999999999,1.3798620000000001,THA,SRB,930629
11942571,15,207,9895,2013,7673.0,0.0,1.7209240000000001,-0.286892,AUT,SVN,930629
11942572,42,207,9895,2013,0.0,9387.0,-0.260718,-0.38256100000000004,CHL,SVN,930629
11942573,59,207,9895,2013,29859.0,9936.0,1.819653,-0.12423800000000002,CZE,SVN,930629
11942574,61,207,9895,2013,113539.0,0.0,2.093658,-3.4281980000000005,DEU,SVN,930629
11942575,90,207,9895,2013,0.0,4492.0,0.18823800000000002,0.910906,GRC,SVN,930629
11942576,111,207,9895,2013,5123.0,0.0,1.289924,0.533436,ITA,SVN,930629
11942577,224,207,9895,2013,3576.0,0.0,0.42932299999999995,2.690235,TUR,SVN,930629
11942578,231,207,9895,2013,0.0,2324.0,1.6639689999999998,-0.48651300000000003,USA,SVN,930629
11942579,61,239,9895,2013,23915.0,0.0,2.093658,-3.4281980000000005,DEU,VNM,930629
11942580,123,239,9895,2013,0.0,167130.0,-1.204446,-0.8571489999999999,LAO,VNM,930629
11942581,43,248,9895,2013,12859.0,0.0,1.113767,1.477496,CHN,ZWE,930629
11942582,155,248,9895,2013,268217.0,0.0,-0.308643,-0.480617,NAM,ZWE,930629
11942583,61,4,9895,2013,976.0,0.0,2.093658,-3.4281980000000005,DEU,ALB,930629
11942584,90,4,9895,2013,75077.0,0.0,0.18823800000000002,0.910906,GRC,ALB,930629
11942585,111,4,9895,2013,2167.0,0.0,1.289924,0.533436,ITA,ALB,930629
11942586,224,4,9895,2013,1985.0,0.0,0.42932299999999995,2.690235,TUR,ALB,930629
11942587,61,5,9895,2013,2905.0,0.0,2.093658,-3.4281980000000005,DEU,AND,930629
11942588,77,5,9895,2013,2506.0,0.0,1.520354,0.022874000000000002,FRA,AND,930629
11942589,71,21,9895,2013,7771.0,0.0,0.861698,2.353993,ESP,BFA,930629
11942590,59,29,9895,2013,94636.0,0.0,1.819653,-0.12423800000000002,CZE,BLZ,930629
11942591,231,29,9895,2013,13672.0,0.0,1.6639689999999998,-0.48651300000000003,USA,BLZ,930629
11942592,231,30,9895,2013,8017.0,0.0,1.6639689999999998,-0.48651300000000003,USA,BMU,930629
11942593,231,31,9895,2013,5325.0,0.0,1.6639689999999998,-0.48651300000000003,USA,BOL,930629
11942594,23,37,9895,2013,724.0,0.0,0.5026109999999999,1.674296,BGR,BWA,930629
11942595,43,37,9895,2013,19463.0,0.0,1.113767,1.477496,CHN,BWA,930629
11942596,59,37,9895,2013,18043.0,0.0,1.819653,-0.12423800000000002,CZE,BWA,930629
11942597,71,37,9895,2013,16753.0,0.0,0.861698,2.353993,ESP,BWA,930629
11942598,111,37,9895,2013,755.0,0.0,1.289924,0.533436,ITA,BWA,930629
11942599,138,37,9895,2013,1391.0,0.0,1.048507,0.718932,MEX,BWA,930629
11942600,155,37,9895,2013,79284.0,5238.0,-0.308643,-0.480617,NAM,BWA,930629
11942601,224,37,9895,2013,1596.0,0.0,0.42932299999999995,2.690235,TUR,BWA,930629
11942602,231,37,9895,2013,8547.0,0.0,1.6639689999999998,-0.48651300000000003,USA,BWA,930629
11942603,246,37,9895,2013,13445.0,0.0,0.380284,1.5682120000000002,ZAF,BWA,930629
11942604,77,47,9895,2013,2481014.0,0.0,1.520354,0.022874000000000002,FRA,COG,930629
11942605,111,47,9895,2013,986081.0,0.0,1.289924,0.533436,ITA,COG,930629
11942606,71,54,9895,2013,25108.0,0.0,0.861698,2.353993,ESP,CUB,930629
11942607,59,58,9895,2013,14529.0,0.0,1.819653,-0.12423800000000002,CZE,CYP,930629
11942608,61,58,9895,2013,3344.0,0.0,2.093658,-3.4281980000000005,DEU,CYP,930629
11942609,71,58,9895,2013,4842.0,0.0,0.861698,2.353993,ESP,CYP,930629
11942610,77,58,9895,2013,2621332.0,0.0,1.520354,0.022874000000000002,FRA,CYP,930629
11942611,81,58,9895,2013,66017.0,0.0,1.7901259999999999,0.44164,GBR,CYP,930629
11942612,90,58,9895,2013,1678305.0,0.0,0.18823800000000002,0.910906,GRC,CYP,930629
11942613,104,58,9895,2013,0.0,25996.0,0.215356,2.3916209999999998,IND,CYP,930629
11942614,111,58,9895,2013,704837.0,0.0,1.289924,0.533436,ITA,CYP,930629
11942615,115,58,9895,2013,0.0,29113.0,-0.680678,-0.83347,KAZ,CYP,930629
11942616,124,58,9895,2013,0.0,202209.0,0.283084,1.4289100000000001,LBN,CYP,930629
11942617,168,58,9895,2013,0.0,18334.0,-0.75727,0.769703,PAK,CYP,930629
11942618,224,58,9895,2013,318661.0,0.0,0.42932299999999995,2.690235,TUR,CYP,930629
11942619,111,66,9895,2013,20584.0,0.0,1.289924,0.533436,ITA,DZA,930629
11942620,250,73,9895,2013,16517.0,0.0,0.628555,0.277602,ANS,ETH,930629
11942621,61,80,9895,2013,6482.0,0.0,2.093658,-3.4281980000000005,DEU,GAB,930629
11942622,71,80,9895,2013,1650.0,0.0,0.861698,2.353993,ESP,GAB,930629
11942623,2,83,9895,2013,0.0,2848.0,-1.172043,-1.133735,AGO,GHA,930629
11942624,110,83,9895,2013,159251.0,0.0,1.197241,0.633828,ISR,GHA,930629
11942625,231,99,9895,2013,25473.0,0.0,1.6639689999999998,-0.48651300000000003,USA,HND,930629
11942626,61,108,9895,2013,15438.0,0.0,2.093658,-3.4281980000000005,DEU,IRQ,930629
11942627,61,109,9895,2013,3500.0,0.0,2.093658,-3.4281980000000005,DEU,ISL,930629
11942628,81,109,9895,2013,40978.0,0.0,1.7901259999999999,0.44164,GBR,ISL,930629
11942629,231,109,9895,2013,16167.0,0.0,1.6639689999999998,-0.48651300000000003,USA,ISL,930629
11942630,231,120,9895,2013,25054.0,0.0,1.6639689999999998,-0.48651300000000003,USA,KNA,930629
11942631,208,133,9895,2013,0.0,31985.0,1.869421,0.228109,SWE,MAC,930629
11942632,71,134,9895,2013,118142.0,0.0,0.861698,2.353993,ESP,MAR,930629
11942633,39,136,9895,2013,2815.0,0.0,0.719649,1.017046,CAN,MDG,930629
11942634,71,136,9895,2013,1614.0,0.0,0.861698,2.353993,ESP,MDG,930629
11942635,77,136,9895,2013,1633.0,0.0,1.520354,0.022874000000000002,FRA,MDG,930629
11942636,61,142,9895,2013,5942.0,0.0,2.093658,-3.4281980000000005,DEU,MLT,930629
11942637,81,142,9895,2013,7196.0,0.0,1.7901259999999999,0.44164,GBR,MLT,930629
11942638,90,142,9895,2013,60693.0,0.0,0.18823800000000002,0.910906,GRC,MLT,930629
11942639,111,142,9895,2013,25501.0,0.0,1.289924,0.533436,ITA,MLT,930629
11942640,59,145,9895,2013,2310.0,0.0,1.819653,-0.12423800000000002,CZE,MNG,930629
11942641,59,151,9895,2013,3217.0,0.0,1.819653,-0.12423800000000002,CZE,MUS,930629
11942642,81,151,9895,2013,3900.0,0.0,1.7901259999999999,0.44164,GBR,MUS,930629
11942643,2,155,9895,2013,0.0,22701.0,-1.172043,-1.133735,AGO,NAM,930629
11942644,37,155,9895,2013,5238.0,79284.0,-0.46761499999999995,-1.0842040000000002,BWA,NAM,930629
11942645,61,155,9895,2013,9221.0,0.0,2.093658,-3.4281980000000005,DEU,NAM,930629
11942646,208,155,9895,2013,43003.0,0.0,1.869421,0.228109,SWE,NAM,930629
11942647,231,155,9895,2013,38434.0,0.0,1.6639689999999998,-0.48651300000000003,USA,NAM,930629
11942648,246,155,9895,2013,58562.0,28403.0,0.380284,1.5682120000000002,ZAF,NAM,930629
11942649,247,155,9895,2013,0.0,1008905.0,-0.382129,-0.5442229999999999,ZMB,NAM,930629
11942650,248,155,9895,2013,0.0,268217.0,-0.828702,-0.899175,ZWE,NAM,930629
11942651,43,157,9895,2013,370383.0,0.0,1.113767,1.477496,CHN,NER,930629
11942652,71,160,9895,2013,351864.0,0.0,0.861698,2.353993,ESP,NIC,930629
11942653,231,160,9895,2013,79355.0,0.0,1.6639689999999998,-0.48651300000000003,USA,NIC,930629
11942654,179,203,9895,2013,2123.0,0.0,0.541454,2.5228610000000002,PRT,STP,930629
11942655,246,209,9895,2013,8994.0,0.0,0.380284,1.5682120000000002,ZAF,SWZ,930629
11942656,224,212,9895,2013,8543.0,0.0,0.42932299999999995,2.690235,TUR,SYR,930629
11942657,61,223,9895,2013,45325.0,0.0,2.093658,-3.4281980000000005,DEU,TUN,930629
11942658,71,223,9895,2013,97335.0,0.0,0.861698,2.353993,ESP,TUN,930629
11942659,71,247,9895,2013,6984.0,0.0,0.861698,2.353993,ESP,ZMB,930629
11942660,81,247,9895,2013,1056.0,0.0,1.7901259999999999,0.44164,GBR,ZMB,930629
11942661,155,247,9895,2013,1008905.0,0.0,-0.308643,-0.480617,NAM,ZMB,930629
11942662,149,13,9895,2013,0.0,1245.0,1.610652,0.079868,MSR,ATG,930629
11942663,231,13,9895,2013,1323.0,0.0,1.6639689999999998,-0.48651300000000003,USA,ATG,930629
11942664,13,149,9895,2013,1245.0,0.0,0.096563,-0.60577,ATG,MSR,930629
11942665,18,2,9895,2013,25987.0,0.0,1.316207,0.972601,BEL,AGO,930629
11942666,83,2,9895,2013,2848.0,0.0,-0.7316010000000001,-0.5327689999999999,GHA,AGO,930629
11942667,155,2,9895,2013,22701.0,0.0,-0.308643,-0.480617,NAM,AGO,930629
11942668,179,2,9895,2013,4554.0,0.0,0.541454,2.5228610000000002,PRT,AGO,930629
11942669,231,2,9895,2013,14557.0,0.0,1.6639689999999998,-0.48651300000000003,USA,AGO,930629
11942670,71,126,9895,2013,162159.0,0.0,0.861698,2.353993,ESP,LBY,930629
11942671,111,126,9895,2013,99580.0,0.0,1.289924,0.533436,ITA,LBY,930629
11942672,224,126,9895,2013,219608.0,0.0,0.42932299999999995,2.690235,TUR,LBY,930629
11942673,111,141,9895,2013,803262.0,0.0,1.289924,0.533436,ITA,MLI,930629
11942674,224,141,9895,2013,1870807.0,0.0,0.42932299999999995,2.690235,TUR,MLI,930629
11942675,59,144,9895,2013,3493.0,0.0,1.819653,-0.12423800000000002,CZE,MNE,930629
11942676,111,144,9895,2013,4131.0,0.0,1.289924,0.533436,ITA,MNE,930629
11942677,61,198,9895,2013,0.0,2181.0,2.093658,-3.4281980000000005,DEU,SMR,930629
11942678,231,0,9895,2013,92827.0,0.0,1.6639689999999998,-0.48651300000000003,USA,ABW,930629
11942679,71,38,9895,2013,68937.0,0.0,0.861698,2.353993,ESP,CAF,930629
11942680,64,78,9895,2013,2860.0,0.0,1.161835,1.1788450000000001,DNK,FRO,930629
11942681,239,123,9895,2013,167130.0,0.0,-0.11426900000000001,1.399738,VNM,LAO,930629
11942682,61,156,9895,2013,20030.0,0.0,2.093658,-3.4281980000000005,DEU,NCL,930629
11942683,71,156,9895,2013,2715.0,0.0,0.861698,2.353993,ESP,NCL,930629
11942684,77,156,9895,2013,4226.0,0.0,1.520354,0.022874000000000002,FRA,NCL,930629
11942685,81,156,9895,2013,791.0,0.0,1.7901259999999999,0.44164,GBR,NCL,930629
11942686,166,156,9895,2013,1764.0,0.0,0.3345,0.39063000000000003,NZL,NCL,930629
11942687,231,156,9895,2013,2428.0,0.0,1.6639689999999998,-0.48651300000000003,USA,NCL,930629
11942688,39,182,9895,2013,0.0,890.0,0.719649,1.017046,CAN,PYF,930629
11942689,61,182,9895,2013,2325.0,0.0,2.093658,-3.4281980000000005,DEU,PYF,930629
11942690,71,182,9895,2013,1375.0,0.0,0.861698,2.353993,ESP,PYF,930629
11942691,77,182,9895,2013,2965.0,0.0,1.520354,0.022874000000000002,FRA,PYF,930629
11942692,43,187,9895,2013,6764.0,0.0,1.113767,1.477496,CHN,RWA,930629
11942693,61,232,9895,2013,15767.0,0.0,2.093658,-3.4281980000000005,DEU,UZB,930629
11942694,71,232,9895,2013,10268.0,0.0,0.861698,2.353993,ESP,UZB,930629
11942695,121,232,9895,2013,1156.0,0.0,1.818383,0.75645,KOR,UZB,930629
11942696,166,242,9895,2013,11600.0,0.0,0.3345,0.39063000000000003,NZL,WSM,930629
11942697,166,48,9895,2013,1073.0,0.0,0.3345,0.39063000000000003,NZL,COK,930629
11942698,22,7,5067,2013,11168.0,0.0,-1.101916,-0.734646,BGD,ARE,030192
11942699,43,7,5067,2013,1860.0,0.0,1.113767,1.477496,CHN,ARE,030192
11942700,61,7,5067,2013,24490.0,0.0,2.093658,-3.4281980000000005,DEU,ARE,030192
11942701,102,15,5067,2013,16211.0,0.0,1.506101,0.7279220000000001,HUN,AUT,030192
11942702,39,18,5067,2013,577470.0,0.0,0.719649,1.017046,CAN,BEL,030192
11942703,61,18,5067,2013,331049.0,0.0,2.093658,-3.4281980000000005,DEU,BEL,030192
11942704,64,18,5067,2013,119303.0,7889.0,1.161835,1.1788450000000001,DNK,BEL,030192
11942705,77,18,5067,2013,947939.0,0.0,1.520354,0.022874000000000002,FRA,BEL,030192
11942706,162,18,5067,2013,4884146.0,218626.0,1.184107,1.249557,NLD,BEL,030192
11942707,166,18,5067,2013,87490.0,0.0,0.3345,0.39063000000000003,NZL,BEL,030192
11942708,208,18,5067,2013,22006.0,10255.0,1.869421,0.228109,SWE,BEL,030192
11942709,231,18,5067,2013,1479967.0,0.0,1.6639689999999998,-0.48651300000000003,USA,BEL,030192
11942710,64,23,5067,2013,27136.0,0.0,1.161835,1.1788450000000001,DNK,BGR,030192
11942711,71,23,5067,2013,976.0,0.0,0.861698,2.353993,ESP,BGR,030192
11942712,18,39,5067,2013,0.0,577470.0,1.316207,0.972601,BEL,CAN,030192
11942713,22,39,5067,2013,33672.0,0.0,-1.101916,-0.734646,BGD,CAN,030192
11942714,43,39,5067,2013,0.0,230855.0,1.113767,1.477496,CHN,CAN,030192
11942715,54,39,5067,2013,11573.0,0.0,-0.019956,-0.7873319999999999,CUB,CAN,030192
11942716,61,39,5067,2013,0.0,98762.0,2.093658,-3.4281980000000005,DEU,CAN,030192
11942717,64,39,5067,2013,0.0,90749.0,1.161835,1.1788450000000001,DNK,CAN,030192
11942718,65,39,5067,2013,179532.0,0.0,-0.277269,0.432388,DOM,CAN,030192
11942719,71,39,5067,2013,3312.0,0.0,0.861698,2.353993,ESP,CAN,030192
11942720,97,39,5067,2013,0.0,17407300.0,0.744383,1.923139,HKG,CAN,030192
11942721,101,39,5067,2013,2635444.0,0.0,-1.095392,-0.957326,HTI,CAN,030192
11942722,114,39,5067,2013,0.0,168299.0,2.3993130000000003,-0.564768,JPN,CAN,030192
11942723,121,39,5067,2013,0.0,7454072.0,1.818383,0.75645,KOR,CAN,030192
11942724,162,39,5067,2013,0.0,106503.0,1.184107,1.249557,NLD,CAN,030192
11942725,166,39,5067,2013,173636.0,0.0,0.3345,0.39063000000000003,NZL,CAN,030192
11942726,179,39,5067,2013,0.0,90362.0,0.541454,2.5228610000000002,PRT,CAN,030192
11942727,231,39,5067,2013,63998.0,137766.0,1.6639689999999998,-0.48651300000000003,USA,CAN,030192
11942728,239,39,5067,2013,24636.0,0.0,-0.11426900000000001,1.399738,VNM,CAN,030192
11942729,7,43,5067,2013,0.0,1860.0,-0.074047,-0.585168,ARE,CHN,030192
11942730,14,43,5067,2013,47809.0,0.0,-0.31145700000000004,-0.167628,AUS,CHN,030192
11942731,22,43,5067,2013,1726152.0,0.0,-1.101916,-0.734646,BGD,CHN,030192
11942732,39,43,5067,2013,230855.0,0.0,0.719649,1.017046,CAN,CHN,030192
11942733,65,43,5067,2013,33753.0,0.0,-0.277269,0.432388,DOM,CHN,030192
11942734,97,43,5067,2013,176310.0,18290316.0,0.744383,1.923139,HKG,CHN,030192
11942735,103,43,5067,2013,3189751.0,0.0,-0.216854,1.415728,IDN,CHN,030192
11942736,114,43,5067,2013,0.0,148812048.0,2.3993130000000003,-0.564768,JPN,CHN,030192
11942737,118,43,5067,2013,969.0,0.0,-1.054758,-0.872352,KHM,CHN,030192
11942738,121,43,5067,2013,0.0,10558743.0,1.818383,0.75645,KOR,CHN,030192
11942739,136,43,5067,2013,164350.0,0.0,-1.068565,-0.364254,MDG,CHN,030192
11942740,143,43,5067,2013,3233370.0,0.0,-1.230787,-0.737375,MMR,CHN,030192
11942741,166,43,5067,2013,1060420.0,0.0,0.3345,0.39063000000000003,NZL,CHN,030192
11942742,174,43,5067,2013,2872155.0,0.0,0.507868,0.355403,PHL,CHN,030192
11942743,216,43,5067,2013,94507.0,0.0,0.8752139999999999,1.3798620000000001,THA,CHN,030192
11942744,231,43,5067,2013,1623.0,59244.0,1.6639689999999998,-0.48651300000000003,USA,CHN,030192
11942745,249,43,5067,2013,374165.0,532971.0,1.843186,0.9432379999999999,TWN,CHN,030192
11942746,61,59,5067,2013,57512.0,2371.0,2.093658,-3.4281980000000005,DEU,CZE,030192
11942747,64,59,5067,2013,8419.0,0.0,1.161835,1.1788450000000001,DNK,CZE,030192
11942748,77,59,5067,2013,76153.0,0.0,1.520354,0.022874000000000002,FRA,CZE,030192
11942749,81,59,5067,2013,284597.0,0.0,1.7901259999999999,0.44164,GBR,CZE,030192
11942750,90,59,5067,2013,1942.0,0.0,0.18823800000000002,0.910906,GRC,CZE,030192
11942751,102,59,5067,2013,21741.0,0.0,1.506101,0.7279220000000001,HUN,CZE,030192
11942752,177,59,5067,2013,18832.0,0.0,1.084332,1.216749,POL,CZE,030192
11942753,7,61,5067,2013,0.0,24490.0,-0.074047,-0.585168,ARE,DEU,030192
11942754,14,61,5067,2013,30934.0,0.0,-0.31145700000000004,-0.167628,AUS,DEU,030192
11942755,18,61,5067,2013,0.0,331049.0,1.316207,0.972601,BEL,DEU,030192
11942756,39,61,5067,2013,98762.0,0.0,0.719649,1.017046,CAN,DEU,030192
11942757,59,61,5067,2013,2371.0,57512.0,1.819653,-0.12423800000000002,CZE,DEU,030192
11942758,64,61,5067,2013,1662111.0,803008.0,1.161835,1.1788450000000001,DNK,DEU,030192
11942759,77,61,5067,2013,2461443.0,0.0,1.520354,0.022874000000000002,FRA,DEU,030192
11942760,81,61,5067,2013,344881.0,0.0,1.7901259999999999,0.44164,GBR,DEU,030192
11942761,111,61,5067,2013,657738.0,84132.0,1.289924,0.533436,ITA,DEU,030192
11942762,131,61,5067,2013,1755.0,1327.0,1.170459,1.150327,LUX,DEU,030192
11942763,162,61,5067,2013,10157332.0,5062788.0,1.184107,1.249557,NLD,DEU,030192
11942764,177,61,5067,2013,0.0,31120.0,1.084332,1.216749,POL,DEU,030192
11942765,208,61,5067,2013,589422.0,11556.0,1.869421,0.228109,SWE,DEU,030192
11942766,18,64,5067,2013,7889.0,119303.0,1.316207,0.972601,BEL,DNK,030192
11942767,23,64,5067,2013,0.0,27136.0,0.5026109999999999,1.674296,BGR,DNK,030192
11942768,39,64,5067,2013,90749.0,0.0,0.719649,1.017046,CAN,DNK,030192
11942769,58,64,5067,2013,0.0,2414.0,0.502238,0.349608,CYP,DNK,030192
11942770,59,64,5067,2013,0.0,8419.0,1.819653,-0.12423800000000002,CZE,DNK,030192
11942771,61,64,5067,2013,803008.0,1662111.0,2.093658,-3.4281980000000005,DEU,DNK,030192
11942772,71,64,5067,2013,264764.0,85860.0,0.861698,2.353993,ESP,DNK,030192
11942773,72,64,5067,2013,0.0,654400.0,0.8828940000000001,1.386574,EST,DNK,030192
11942774,74,64,5067,2013,0.0,5544.0,1.734552,0.8896940000000001,FIN,DNK,030192
11942775,77,64,5067,2013,742907.0,9067.0,1.520354,0.022874000000000002,FRA,DNK,030192
11942776,81,64,5067,2013,790284.0,55225.0,1.7901259999999999,0.44164,GBR,DNK,030192
11942777,90,64,5067,2013,0.0,106447.0,0.18823800000000002,0.910906,GRC,DNK,030192
11942778,102,64,5067,2013,0.0,8515.0,1.506101,0.7279220000000001,HUN,DNK,030192
11942779,106,64,5067,2013,0.0,86449.0,1.29988,0.240688,IRL,DNK,030192
11942780,111,64,5067,2013,157323.0,2351961.0,1.289924,0.533436,ITA,DNK,030192
11942781,130,64,5067,2013,0.0,3335.0,0.737796,1.215543,LTU,DNK,030192
11942782,132,64,5067,2013,0.0,12269.0,0.6219439999999999,1.166749,LVA,DNK,030192
11942783,142,64,5067,2013,0.0,76036.0,0.8519760000000001,-0.075869,MLT,DNK,030192
11942784,162,64,5067,2013,2152010.0,2883007.0,1.184107,1.249557,NLD,DNK,030192
11942785,177,64,5067,2013,0.0,1388408.0,1.084332,1.216749,POL,DNK,030192
11942786,179,64,5067,2013,2829.0,0.0,0.541454,2.5228610000000002,PRT,DNK,030192
11942787,185,64,5067,2013,0.0,11324.0,0.792035,1.225034,ROU,DNK,030192
11942788,207,64,5067,2013,0.0,10855.0,1.698374,0.563082,SVN,DNK,030192
11942789,208,64,5067,2013,26142.0,89504.0,1.869421,0.228109,SWE,DNK,030192
11942790,231,64,5067,2013,42230.0,0.0,1.6639689999999998,-0.48651300000000003,USA,DNK,030192
11942791,39,65,5067,2013,0.0,179532.0,0.719649,1.017046,CAN,DOM,030192
11942792,43,65,5067,2013,0.0,33753.0,1.113767,1.477496,CHN,DOM,030192
11942793,97,65,5067,2013,0.0,40256.0,0.744383,1.923139,HKG,DOM,030192
11942794,121,65,5067,2013,0.0,2672592.0,1.818383,0.75645,KOR,DOM,030192
11942795,231,65,5067,2013,0.0,13814.0,1.6639689999999998,-0.48651300000000003,USA,DOM,030192
11942796,5,71,5067,2013,0.0,1639.0,0.9666530000000001,-0.159606,AND,ESP,030192
11942797,23,71,5067,2013,0.0,976.0,0.5026109999999999,1.674296,BGR,ESP,030192
11942798,39,71,5067,2013,0.0,3312.0,0.719649,1.017046,CAN,ESP,030192
11942799,64,71,5067,2013,85860.0,264764.0,1.161835,1.1788450000000001,DNK,ESP,030192
11942800,77,71,5067,2013,2449797.0,1982.0,1.520354,0.022874000000000002,FRA,ESP,030192
11942801,81,71,5067,2013,47955.0,2862.0,1.7901259999999999,0.44164,GBR,ESP,030192
11942802,90,71,5067,2013,360141.0,0.0,0.18823800000000002,0.910906,GRC,ESP,030192
11942803,102,71,5067,2013,0.0,26224.0,1.506101,0.7279220000000001,HUN,ESP,030192
11942804,111,71,5067,2013,40979.0,84944.0,1.289924,0.533436,ITA,ESP,030192
11942805,162,71,5067,2013,300506.0,586674.0,1.184107,1.249557,NLD,ESP,030192
11942806,179,71,5067,2013,146324.0,370765.0,0.541454,2.5228610000000002,PRT,ESP,030192
11942807,185,71,5067,2013,0.0,1255841.0,0.792035,1.225034,ROU,ESP,030192
11942808,64,72,5067,2013,654400.0,0.0,1.161835,1.1788450000000001,DNK,EST,030192
11942809,81,72,5067,2013,191932.0,0.0,1.7901259999999999,0.44164,GBR,EST,030192
11942810,132,72,5067,2013,0.0,12229.0,0.6219439999999999,1.166749,LVA,EST,030192
11942811,162,72,5067,2013,27944.0,306863.0,1.184107,1.249557,NLD,EST,030192
11942812,64,74,5067,2013,5544.0,0.0,1.161835,1.1788450000000001,DNK,FIN,030192
11942813,208,74,5067,2013,1371.0,0.0,1.869421,0.228109,SWE,FIN,030192
11942814,18,77,5067,2013,0.0,947939.0,1.316207,0.972601,BEL,FRA,030192
11942815,59,77,5067,2013,0.0,76153.0,1.819653,-0.12423800000000002,CZE,FRA,030192
11942816,61,77,5067,2013,0.0,2461443.0,2.093658,-3.4281980000000005,DEU,FRA,030192
11942817,64,77,5067,2013,9067.0,742907.0,1.161835,1.1788450000000001,DNK,FRA,030192
11942818,71,77,5067,2013,1982.0,2449797.0,0.861698,2.353993,ESP,FRA,030192
11942819,81,77,5067,2013,0.0,1601687.0,1.7901259999999999,0.44164,GBR,FRA,030192
11942820,90,77,5067,2013,0.0,99970.0,0.18823800000000002,0.910906,GRC,FRA,030192
11942821,97,77,5067,2013,0.0,6325.0,0.744383,1.923139,HKG,FRA,030192
11942822,106,77,5067,2013,0.0,6217.0,1.29988,0.240688,IRL,FRA,030192
11942823,111,77,5067,2013,2181.0,1788534.0,1.289924,0.533436,ITA,FRA,030192
11942824,114,77,5067,2013,0.0,2238424.0,2.3993130000000003,-0.564768,JPN,FRA,030192
11942825,124,77,5067,2013,0.0,2112.0,0.283084,1.4289100000000001,LBN,FRA,030192
11942826,130,77,5067,2013,0.0,233852.0,0.737796,1.215543,LTU,FRA,030192
11942827,136,77,5067,2013,26793.0,0.0,-1.068565,-0.364254,MDG,FRA,030192
11942828,162,77,5067,2013,438255.0,2147496.0,1.184107,1.249557,NLD,FRA,030192
11942829,177,77,5067,2013,0.0,55405.0,1.084332,1.216749,POL,FRA,030192
11942830,179,77,5067,2013,0.0,606526.0,0.541454,2.5228610000000002,PRT,FRA,030192
11942831,206,77,5067,2013,0.0,7838.0,1.32064,0.7519819999999999,SVK,FRA,030192
11942832,59,81,5067,2013,0.0,284597.0,1.819653,-0.12423800000000002,CZE,GBR,030192
11942833,61,81,5067,2013,0.0,344881.0,2.093658,-3.4281980000000005,DEU,GBR,030192
11942834,64,81,5067,2013,55225.0,790284.0,1.161835,1.1788450000000001,DNK,GBR,030192
11942835,71,81,5067,2013,2862.0,47955.0,0.861698,2.353993,ESP,GBR,030192
11942836,72,81,5067,2013,0.0,191932.0,0.8828940000000001,1.386574,EST,GBR,030192
11942837,77,81,5067,2013,1601687.0,0.0,1.520354,0.022874000000000002,FRA,GBR,030192
11942838,90,81,5067,2013,0.0,665108.0,0.18823800000000002,0.910906,GRC,GBR,030192
11942839,97,81,5067,2013,0.0,70076.0,0.744383,1.923139,HKG,GBR,030192
11942840,106,81,5067,2013,1752.0,0.0,1.29988,0.240688,IRL,GBR,030192
11942841,130,81,5067,2013,0.0,88056.0,0.737796,1.215543,LTU,GBR,030192
11942842,132,81,5067,2013,0.0,28102.0,0.6219439999999999,1.166749,LVA,GBR,030192
11942843,162,81,5067,2013,2449680.0,4937148.0,1.184107,1.249557,NLD,GBR,030192
11942844,177,81,5067,2013,0.0,58463.0,1.084332,1.216749,POL,GBR,030192
11942845,206,81,5067,2013,0.0,3577.0,1.32064,0.7519819999999999,SVK,GBR,030192
11942846,208,81,5067,2013,0.0,947038.0,1.869421,0.228109,SWE,GBR,030192
11942847,231,81,5067,2013,1286.0,0.0,1.6639689999999998,-0.48651300000000003,USA,GBR,030192
11942848,58,90,5067,2013,0.0,218280.0,0.502238,0.349608,CYP,GRC,030192
11942849,59,90,5067,2013,0.0,1942.0,1.819653,-0.12423800000000002,CZE,GRC,030192
11942850,64,90,5067,2013,106447.0,0.0,1.161835,1.1788450000000001,DNK,GRC,030192
11942851,71,90,5067,2013,0.0,360141.0,0.861698,2.353993,ESP,GRC,030192
11942852,77,90,5067,2013,99970.0,0.0,1.520354,0.022874000000000002,FRA,GRC,030192
11942853,81,90,5067,2013,665108.0,0.0,1.7901259999999999,0.44164,GBR,GRC,030192
11942854,111,90,5067,2013,56239.0,2581135.0,1.289924,0.533436,ITA,GRC,030192
11942855,185,90,5067,2013,0.0,12831.0,0.792035,1.225034,ROU,GRC,030192
11942856,14,97,5067,2013,1149889.0,0.0,-0.31145700000000004,-0.167628,AUS,HKG,030192
11942857,22,97,5067,2013,429822.0,0.0,-1.101916,-0.734646,BGD,HKG,030192
11942858,39,97,5067,2013,17407300.0,0.0,0.719649,1.017046,CAN,HKG,030192
11942859,43,97,5067,2013,18290316.0,176310.0,1.113767,1.477496,CHN,HKG,030192
11942860,54,97,5067,2013,61420.0,0.0,-0.019956,-0.7873319999999999,CUB,HKG,030192
11942861,65,97,5067,2013,40256.0,0.0,-0.277269,0.432388,DOM,HKG,030192
11942862,77,97,5067,2013,6325.0,0.0,1.520354,0.022874000000000002,FRA,HKG,030192
11942863,81,97,5067,2013,70076.0,0.0,1.7901259999999999,0.44164,GBR,HKG,030192
11942864,101,97,5067,2013,143251.0,0.0,-1.095392,-0.957326,HTI,HKG,030192
11942865,103,97,5067,2013,5154821.0,0.0,-0.216854,1.415728,IDN,HKG,030192
11942866,104,97,5067,2013,1981.0,0.0,0.215356,2.3916209999999998,IND,HKG,030192
11942867,106,97,5067,2013,5157.0,0.0,1.29988,0.240688,IRL,HKG,030192
11942868,114,97,5067,2013,44062.0,205939952.0,2.3993130000000003,-0.564768,JPN,HKG,030192
11942869,121,97,5067,2013,0.0,45080204.0,1.818383,0.75645,KOR,HKG,030192
11942870,133,97,5067,2013,0.0,1886.0,0.252209,0.184401,MAC,HKG,030192
11942871,134,97,5067,2013,542914.0,0.0,-0.6494260000000001,-0.035075999999999996,MAR,HKG,030192
11942872,136,97,5067,2013,376328.0,0.0,-1.068565,-0.364254,MDG,HKG,030192
11942873,153,97,5067,2013,546639.0,0.0,0.937641,0.747496,MYS,HKG,030192
11942874,166,97,5067,2013,119186.0,0.0,0.3345,0.39063000000000003,NZL,HKG,030192
11942875,173,97,5067,2013,1801.0,0.0,-0.573852,0.357977,PER,HKG,030192
11942876,174,97,5067,2013,4837575.0,0.0,0.507868,0.355403,PHL,HKG,030192
11942877,178,97,5067,2013,0.0,143127.0,-0.414538,-0.22449299999999997,PRK,HKG,030192
11942878,192,97,5067,2013,52212.0,0.0,1.915504,0.619576,SGP,HKG,030192
11942879,216,97,5067,2013,1104054.0,0.0,0.8752139999999999,1.3798620000000001,THA,HKG,030192
11942880,223,97,5067,2013,8127.0,0.0,0.185528,1.0070700000000001,TUN,HKG,030192
11942881,231,97,5067,2013,23451986.0,0.0,1.6639689999999998,-0.48651300000000003,USA,HKG,030192
11942882,239,97,5067,2013,3492.0,1948.0,-0.11426900000000001,1.399738,VNM,HKG,030192
11942883,249,97,5067,2013,164176.0,541967.0,1.843186,0.9432379999999999,TWN,HKG,030192
11942884,15,102,5067,2013,0.0,16211.0,1.7209240000000001,-0.286892,AUT,HUN,030192
11942885,59,102,5067,2013,0.0,21741.0,1.819653,-0.12423800000000002,CZE,HUN,030192
11942886,64,102,5067,2013,8515.0,0.0,1.161835,1.1788450000000001,DNK,HUN,030192
11942887,71,102,5067,2013,26224.0,0.0,0.861698,2.353993,ESP,HUN,030192
11942888,111,102,5067,2013,0.0,475324.0,1.289924,0.533436,ITA,HUN,030192
11942889,177,102,5067,2013,0.0,84675.0,1.084332,1.216749,POL,HUN,030192
11942890,43,103,5067,2013,0.0,3189751.0,1.113767,1.477496,CHN,IDN,030192
11942891,97,103,5067,2013,0.0,5154821.0,0.744383,1.923139,HKG,IDN,030192
11942892,114,103,5067,2013,0.0,151286.0,2.3993130000000003,-0.564768,JPN,IDN,030192
11942893,121,103,5067,2013,0.0,345055.0,1.818383,0.75645,KOR,IDN,030192
11942894,153,103,5067,2013,13750.0,2011.0,0.937641,0.747496,MYS,IDN,030192
11942895,192,103,5067,2013,0.0,6620.0,1.915504,0.619576,SGP,IDN,030192
11942896,249,103,5067,2013,0.0,64928.0,1.843186,0.9432379999999999,TWN,IDN,030192
11942897,97,104,5067,2013,0.0,1981.0,0.744383,1.923139,HKG,IND,030192
11942898,61,111,5067,2013,84132.0,657738.0,2.093658,-3.4281980000000005,DEU,ITA,030192
11942899,64,111,5067,2013,2351961.0,157323.0,1.161835,1.1788450000000001,DNK,ITA,030192
11942900,71,111,5067,2013,84944.0,40979.0,0.861698,2.353993,ESP,ITA,030192
11942901,77,111,5067,2013,1788534.0,2181.0,1.520354,0.022874000000000002,FRA,ITA,030192
11942902,90,111,5067,2013,2581135.0,56239.0,0.18823800000000002,0.910906,GRC,ITA,030192
11942903,102,111,5067,2013,475324.0,0.0,1.506101,0.7279220000000001,HUN,ITA,030192
11942904,162,111,5067,2013,2200064.0,882458.0,1.184107,1.249557,NLD,ITA,030192
11942905,14,121,5067,2013,355036.0,0.0,-0.31145700000000004,-0.167628,AUS,KOR,030192
11942906,22,121,5067,2013,45282.0,0.0,-1.101916,-0.734646,BGD,KOR,030192
11942907,39,121,5067,2013,7454072.0,0.0,0.719649,1.017046,CAN,KOR,030192
11942908,43,121,5067,2013,10558743.0,0.0,1.113767,1.477496,CHN,KOR,030192
11942909,65,121,5067,2013,2672592.0,0.0,-0.277269,0.432388,DOM,KOR,030192
11942910,97,121,5067,2013,45080204.0,0.0,0.744383,1.923139,HKG,KOR,030192
11942911,101,121,5067,2013,168069.0,0.0,-1.095392,-0.957326,HTI,KOR,030192
11942912,103,121,5067,2013,345055.0,0.0,-0.216854,1.415728,IDN,KOR,030192
11942913,114,121,5067,2013,0.0,174229.0,2.3993130000000003,-0.564768,JPN,KOR,030192
11942914,118,121,5067,2013,2141.0,0.0,-1.054758,-0.872352,KHM,KOR,030192
11942915,134,121,5067,2013,98694.0,0.0,-0.6494260000000001,-0.035075999999999996,MAR,KOR,030192
11942916,136,121,5067,2013,2547202.0,0.0,-1.068565,-0.364254,MDG,KOR,030192
11942917,138,121,5067,2013,3123.0,0.0,1.048507,0.718932,MEX,KOR,030192
11942918,143,121,5067,2013,4822.0,0.0,-1.230787,-0.737375,MMR,KOR,030192
11942919,166,121,5067,2013,1143952.0,0.0,0.3345,0.39063000000000003,NZL,KOR,030192
11942920,174,121,5067,2013,8860761.0,0.0,0.507868,0.355403,PHL,KOR,030192
11942921,192,121,5067,2013,0.0,1406.0,1.915504,0.619576,SGP,KOR,030192
11942922,220,121,5067,2013,12245.0,0.0,-0.376633,-0.73677,TLS,KOR,030192
11942923,223,121,5067,2013,389386.0,0.0,0.185528,1.0070700000000001,TUN,KOR,030192
11942924,231,121,5067,2013,17350474.0,0.0,1.6639689999999998,-0.48651300000000003,USA,KOR,030192
11942925,239,121,5067,2013,1748029.0,0.0,-0.11426900000000001,1.399738,VNM,KOR,030192
11942926,246,121,5067,2013,12236.0,0.0,0.380284,1.5682120000000002,ZAF,KOR,030192
11942927,249,121,5067,2013,2294.0,0.0,1.843186,0.9432379999999999,TWN,KOR,030192
11942928,121,138,5067,2013,0.0,3123.0,1.818383,0.75645,KOR,MEX,030192
11942929,231,138,5067,2013,0.0,5561.0,1.6639689999999998,-0.48651300000000003,USA,MEX,030192
11942930,22,153,5067,2013,1751.0,0.0,-1.101916,-0.734646,BGD,MYS,030192
11942931,97,153,5067,2013,0.0,546639.0,0.744383,1.923139,HKG,MYS,030192
11942932,103,153,5067,2013,2011.0,13750.0,-0.216854,1.415728,IDN,MYS,030192
11942933,143,153,5067,2013,97303.0,0.0,-1.230787,-0.737375,MMR,MYS,030192
11942934,192,153,5067,2013,0.0,2878.0,1.915504,0.619576,SGP,MYS,030192
11942935,216,153,5067,2013,2356.0,0.0,0.8752139999999999,1.3798620000000001,THA,MYS,030192
11942936,239,153,5067,2013,6520.0,0.0,-0.11426900000000001,1.399738,VNM,MYS,030192
11942937,249,153,5067,2013,0.0,1872.0,1.843186,0.9432379999999999,TWN,MYS,030192
11942938,18,162,5067,2013,218626.0,4884146.0,1.316207,0.972601,BEL,NLD,030192
11942939,39,162,5067,2013,106503.0,0.0,0.719649,1.017046,CAN,NLD,030192
11942940,61,162,5067,2013,5062788.0,10157332.0,2.093658,-3.4281980000000005,DEU,NLD,030192
11942941,64,162,5067,2013,2883007.0,2152010.0,1.161835,1.1788450000000001,DNK,NLD,030192
11942942,71,162,5067,2013,586674.0,300506.0,0.861698,2.353993,ESP,NLD,030192
11942943,72,162,5067,2013,306863.0,27944.0,0.8828940000000001,1.386574,EST,NLD,030192
11942944,77,162,5067,2013,2147496.0,438255.0,1.520354,0.022874000000000002,FRA,NLD,030192
11942945,81,162,5067,2013,4937148.0,2449680.0,1.7901259999999999,0.44164,GBR,NLD,030192
11942946,106,162,5067,2013,25846.0,0.0,1.29988,0.240688,IRL,NLD,030192
11942947,111,162,5067,2013,882458.0,2200064.0,1.289924,0.533436,ITA,NLD,030192
11942948,132,162,5067,2013,0.0,8406.0,0.6219439999999999,1.166749,LVA,NLD,030192
11942949,177,162,5067,2013,0.0,416732.0,1.084332,1.216749,POL,NLD,030192
11942950,179,162,5067,2013,0.0,40295.0,0.541454,2.5228610000000002,PRT,NLD,030192
11942951,208,162,5067,2013,264390.0,120984.0,1.869421,0.228109,SWE,NLD,030192
11942952,250,162,5067,2013,0.0,9982.0,0.628555,0.277602,ANS,NLD,030192
11942953,18,166,5067,2013,0.0,87490.0,1.316207,0.972601,BEL,NZL,030192
11942954,39,166,5067,2013,0.0,173636.0,0.719649,1.017046,CAN,NZL,030192
11942955,43,166,5067,2013,0.0,1060420.0,1.113767,1.477496,CHN,NZL,030192
11942956,97,166,5067,2013,0.0,119186.0,0.744383,1.923139,HKG,NZL,030192
11942957,121,166,5067,2013,0.0,1143952.0,1.818383,0.75645,KOR,NZL,030192
11942958,231,166,5067,2013,0.0,121541.0,1.6639689999999998,-0.48651300000000003,USA,NZL,030192
11942959,97,173,5067,2013,0.0,1801.0,0.744383,1.923139,HKG,PER,030192
11942960,114,173,5067,2013,0.0,1297.0,2.3993130000000003,-0.564768,JPN,PER,030192
11942961,174,173,5067,2013,0.0,3521.0,0.507868,0.355403,PHL,PER,030192
11942962,192,173,5067,2013,0.0,767.0,1.915504,0.619576,SGP,PER,030192
11942963,43,174,5067,2013,0.0,2872155.0,1.113767,1.477496,CHN,PHL,030192
11942964,97,174,5067,2013,0.0,4837575.0,0.744383,1.923139,HKG,PHL,030192
11942965,114,174,5067,2013,0.0,377574.0,2.3993130000000003,-0.564768,JPN,PHL,030192
11942966,121,174,5067,2013,0.0,8860761.0,1.818383,0.75645,KOR,PHL,030192
11942967,173,174,5067,2013,3521.0,0.0,-0.573852,0.357977,PER,PHL,030192
11942968,192,174,5067,2013,0.0,13991.0,1.915504,0.619576,SGP,PHL,030192
11942969,239,174,5067,2013,0.0,96163.0,-0.11426900000000001,1.399738,VNM,PHL,030192
11942970,249,174,5067,2013,0.0,2110094.0,1.843186,0.9432379999999999,TWN,PHL,030192
11942971,59,177,5067,2013,0.0,18832.0,1.819653,-0.12423800000000002,CZE,POL,030192
11942972,61,177,5067,2013,31120.0,0.0,2.093658,-3.4281980000000005,DEU,POL,030192
11942973,64,177,5067,2013,1388408.0,0.0,1.161835,1.1788450000000001,DNK,POL,030192
11942974,77,177,5067,2013,55405.0,0.0,1.520354,0.022874000000000002,FRA,POL,030192
11942975,81,177,5067,2013,58463.0,0.0,1.7901259999999999,0.44164,GBR,POL,030192
11942976,102,177,5067,2013,84675.0,0.0,1.506101,0.7279220000000001,HUN,POL,030192
11942977,162,177,5067,2013,416732.0,0.0,1.184107,1.249557,NLD,POL,030192
11942978,208,177,5067,2013,1287.0,0.0,1.869421,0.228109,SWE,POL,030192
11942979,39,179,5067,2013,90362.0,0.0,0.719649,1.017046,CAN,PRT,030192
11942980,64,179,5067,2013,0.0,2829.0,1.161835,1.1788450000000001,DNK,PRT,030192
11942981,71,179,5067,2013,370765.0,146324.0,0.861698,2.353993,ESP,PRT,030192
11942982,77,179,5067,2013,606526.0,0.0,1.520354,0.022874000000000002,FRA,PRT,030192
11942983,162,179,5067,2013,40295.0,0.0,1.184107,1.249557,NLD,PRT,030192
11942984,231,179,5067,2013,116450.0,0.0,1.6639689999999998,-0.48651300000000003,USA,PRT,030192
11942985,97,192,5067,2013,0.0,52212.0,0.744383,1.923139,HKG,SGP,030192
11942986,103,192,5067,2013,6620.0,0.0,-0.216854,1.415728,IDN,SGP,030192
11942987,114,192,5067,2013,2758.0,0.0,2.3993130000000003,-0.564768,JPN,SGP,030192
11942988,121,192,5067,2013,1406.0,0.0,1.818383,0.75645,KOR,SGP,030192
11942989,153,192,5067,2013,2878.0,0.0,0.937641,0.747496,MYS,SGP,030192
11942990,173,192,5067,2013,767.0,0.0,-0.573852,0.357977,PER,SGP,030192
11942991,174,192,5067,2013,13991.0,0.0,0.507868,0.355403,PHL,SGP,030192
11942992,249,192,5067,2013,66131.0,0.0,1.843186,0.9432379999999999,TWN,SGP,030192
11942993,77,206,5067,2013,7838.0,0.0,1.520354,0.022874000000000002,FRA,SVK,030192
11942994,81,206,5067,2013,3577.0,0.0,1.7901259999999999,0.44164,GBR,SVK,030192
11942995,18,208,5067,2013,10255.0,22006.0,1.316207,0.972601,BEL,SWE,030192
11942996,61,208,5067,2013,11556.0,589422.0,2.093658,-3.4281980000000005,DEU,SWE,030192
11942997,64,208,5067,2013,89504.0,26142.0,1.161835,1.1788450000000001,DNK,SWE,030192
11942998,74,208,5067,2013,0.0,1371.0,1.734552,0.8896940000000001,FIN,SWE,030192
11942999,81,208,5067,2013,947038.0,0.0,1.7901259999999999,0.44164,GBR,SWE,030192
11943000,162,208,5067,2013,120984.0,264390.0,1.184107,1.249557,NLD,SWE,030192
11943001,177,208,5067,2013,0.0,1287.0,1.084332,1.216749,POL,SWE,030192
11943002,43,216,5067,2013,0.0,94507.0,1.113767,1.477496,CHN,THA,030192
11943003,97,216,5067,2013,0.0,1104054.0,0.744383,1.923139,HKG,THA,030192
11943004,118,216,5067,2013,2164.0,0.0,-1.054758,-0.872352,KHM,THA,030192
11943005,143,216,5067,2013,183111.0,0.0,-1.230787,-0.737375,MMR,THA,030192
11943006,153,216,5067,2013,0.0,2356.0,0.937641,0.747496,MYS,THA,030192
11943007,249,216,5067,2013,0.0,35659.0,1.843186,0.9432379999999999,TWN,THA,030192
11943008,14,231,5067,2013,45300.0,0.0,-0.31145700000000004,-0.167628,AUS,USA,030192
11943009,18,231,5067,2013,0.0,1479967.0,1.316207,0.972601,BEL,USA,030192
11943010,22,231,5067,2013,581511.0,0.0,-1.101916,-0.734646,BGD,USA,030192
11943011,39,231,5067,2013,137766.0,63998.0,0.719649,1.017046,CAN,USA,030192
11943012,43,231,5067,2013,59244.0,1623.0,1.113767,1.477496,CHN,USA,030192
11943013,64,231,5067,2013,0.0,42230.0,1.161835,1.1788450000000001,DNK,USA,030192
11943014,65,231,5067,2013,13814.0,0.0,-0.277269,0.432388,DOM,USA,030192
11943015,81,231,5067,2013,0.0,1286.0,1.7901259999999999,0.44164,GBR,USA,030192
11943016,97,231,5067,2013,0.0,23451986.0,0.744383,1.923139,HKG,USA,030192
11943017,101,231,5067,2013,52781.0,0.0,-1.095392,-0.957326,HTI,USA,030192
11943018,114,231,5067,2013,0.0,130674.0,2.3993130000000003,-0.564768,JPN,USA,030192
11943019,121,231,5067,2013,0.0,17350474.0,1.818383,0.75645,KOR,USA,030192
11943020,138,231,5067,2013,5561.0,0.0,1.048507,0.718932,MEX,USA,030192
11943021,166,231,5067,2013,121541.0,0.0,0.3345,0.39063000000000003,NZL,USA,030192
11943022,179,231,5067,2013,0.0,116450.0,0.541454,2.5228610000000002,PRT,USA,030192
11943023,249,231,5067,2013,0.0,80753.0,1.843186,0.9432379999999999,TWN,USA,030192
11943024,121,246,5067,2013,0.0,12236.0,1.818383,0.75645,KOR,ZAF,030192
11943025,22,249,5067,2013,42535.0,0.0,-1.101916,-0.734646,BGD,TWN,030192
11943026,43,249,5067,2013,532971.0,374165.0,1.113767,1.477496,CHN,TWN,030192
11943027,97,249,5067,2013,541967.0,164176.0,0.744383,1.923139,HKG,TWN,030192
11943028,103,249,5067,2013,64928.0,0.0,-0.216854,1.415728,IDN,TWN,030192
11943029,114,249,5067,2013,775803.0,32377550.0,2.3993130000000003,-0.564768,JPN,TWN,030192
11943030,121,249,5067,2013,0.0,2294.0,1.818383,0.75645,KOR,TWN,030192
11943031,153,249,5067,2013,1872.0,0.0,0.937641,0.747496,MYS,TWN,030192
11943032,174,249,5067,2013,2110094.0,0.0,0.507868,0.355403,PHL,TWN,030192
11943033,192,249,5067,2013,0.0,66131.0,1.915504,0.619576,SGP,TWN,030192
11943034,216,249,5067,2013,35659.0,0.0,0.8752139999999999,1.3798620000000001,THA,TWN,030192
11943035,231,249,5067,2013,80753.0,0.0,1.6639689999999998,-0.48651300000000003,USA,TWN,030192
11943036,239,249,5067,2013,0.0,3030.0,-0.11426900000000001,1.399738,VNM,TWN,030192
11943037,162,250,5067,2013,9982.0,0.0,1.184107,1.249557,NLD,ANS,030192
11943038,43,14,5067,2013,0.0,47809.0,1.113767,1.477496,CHN,AUS,030192
11943039,61,14,5067,2013,0.0,30934.0,2.093658,-3.4281980000000005,DEU,AUS,030192
11943040,97,14,5067,2013,0.0,1149889.0,0.744383,1.923139,HKG,AUS,030192
11943041,114,14,5067,2013,0.0,44801.0,2.3993130000000003,-0.564768,JPN,AUS,030192
11943042,121,14,5067,2013,0.0,355036.0,1.818383,0.75645,KOR,AUS,030192
11943043,231,14,5067,2013,0.0,45300.0,1.6639689999999998,-0.48651300000000003,USA,AUS,030192
11943044,239,14,5067,2013,0.0,10075.0,-0.11426900000000001,1.399738,VNM,AUS,030192
11943045,7,22,5067,2013,0.0,11168.0,-0.074047,-0.585168,ARE,BGD,030192
11943046,39,22,5067,2013,0.0,33672.0,0.719649,1.017046,CAN,BGD,030192
11943047,43,22,5067,2013,0.0,1726152.0,1.113767,1.477496,CHN,BGD,030192
11943048,97,22,5067,2013,0.0,429822.0,0.744383,1.923139,HKG,BGD,030192
11943049,121,22,5067,2013,0.0,45282.0,1.818383,0.75645,KOR,BGD,030192
11943050,137,22,5067,2013,0.0,1258.0,-0.21889699999999998,-0.776392,MDV,BGD,030192
11943051,153,22,5067,2013,0.0,1751.0,0.937641,0.747496,MYS,BGD,030192
11943052,231,22,5067,2013,0.0,581511.0,1.6639689999999998,-0.48651300000000003,USA,BGD,030192
11943053,249,22,5067,2013,0.0,42535.0,1.843186,0.9432379999999999,TWN,BGD,030192
11943054,223,68,5067,2013,58911.0,0.0,0.185528,1.0070700000000001,TUN,EGY,030192
11943055,64,106,5067,2013,86449.0,0.0,1.161835,1.1788450000000001,DNK,IRL,030192
11943056,77,106,5067,2013,6217.0,0.0,1.520354,0.022874000000000002,FRA,IRL,030192
11943057,81,106,5067,2013,0.0,1752.0,1.7901259999999999,0.44164,GBR,IRL,030192
11943058,97,106,5067,2013,0.0,5157.0,0.744383,1.923139,HKG,IRL,030192
11943059,162,106,5067,2013,0.0,25846.0,1.184107,1.249557,NLD,IRL,030192
11943060,14,114,5067,2013,44801.0,0.0,-0.31145700000000004,-0.167628,AUS,JPN,030192
11943061,39,114,5067,2013,168299.0,0.0,0.719649,1.017046,CAN,JPN,030192
11943062,43,114,5067,2013,148812048.0,0.0,1.113767,1.477496,CHN,JPN,030192
11943063,77,114,5067,2013,2238424.0,0.0,1.520354,0.022874000000000002,FRA,JPN,030192
11943064,97,114,5067,2013,205939952.0,44062.0,0.744383,1.923139,HKG,JPN,030192
11943065,103,114,5067,2013,151286.0,0.0,-0.216854,1.415728,IDN,JPN,030192
11943066,121,114,5067,2013,174229.0,0.0,1.818383,0.75645,KOR,JPN,030192
11943067,134,114,5067,2013,29832.0,0.0,-0.6494260000000001,-0.035075999999999996,MAR,JPN,030192
11943068,136,114,5067,2013,44645.0,0.0,-1.068565,-0.364254,MDG,JPN,030192
11943069,173,114,5067,2013,1297.0,0.0,-0.573852,0.357977,PER,JPN,030192
11943070,174,114,5067,2013,377574.0,0.0,0.507868,0.355403,PHL,JPN,030192
11943071,192,114,5067,2013,0.0,2758.0,1.915504,0.619576,SGP,JPN,030192
11943072,223,114,5067,2013,2587.0,0.0,0.185528,1.0070700000000001,TUN,JPN,030192
11943073,231,114,5067,2013,130674.0,0.0,1.6639689999999998,-0.48651300000000003,USA,JPN,030192
11943074,249,114,5067,2013,32377550.0,775803.0,1.843186,0.9432379999999999,TWN,JPN,030192
11943075,186,115,5067,2013,1252.0,0.0,0.481166,-0.180052,RUS,KAZ,030192
11943076,43,118,5067,2013,0.0,969.0,1.113767,1.477496,CHN,KHM,030192
11943077,121,118,5067,2013,0.0,2141.0,1.818383,0.75645,KOR,KHM,030192
11943078,216,118,5067,2013,0.0,2164.0,0.8752139999999999,1.3798620000000001,THA,KHM,030192
11943079,77,124,5067,2013,2112.0,0.0,1.520354,0.022874000000000002,FRA,LBN,030192
11943080,64,130,5067,2013,3335.0,0.0,1.161835,1.1788450000000001,DNK,LTU,030192
11943081,77,130,5067,2013,233852.0,0.0,1.520354,0.022874000000000002,FRA,LTU,030192
11943082,81,130,5067,2013,88056.0,0.0,1.7901259999999999,0.44164,GBR,LTU,030192
11943083,61,131,5067,2013,1327.0,1755.0,2.093658,-3.4281980000000005,DEU,LUX,030192
11943084,64,132,5067,2013,12269.0,0.0,1.161835,1.1788450000000001,DNK,LVA,030192
11943085,72,132,5067,2013,12229.0,0.0,0.8828940000000001,1.386574,EST,LVA,030192
11943086,81,132,5067,2013,28102.0,0.0,1.7901259999999999,0.44164,GBR,LVA,030192
11943087,162,132,5067,2013,8406.0,0.0,1.184107,1.249557,NLD,LVA,030192
11943088,64,185,5067,2013,11324.0,0.0,1.161835,1.1788450000000001,DNK,ROU,030192
11943089,71,185,5067,2013,1255841.0,0.0,0.861698,2.353993,ESP,ROU,030192
11943090,90,185,5067,2013,12831.0,0.0,0.18823800000000002,0.910906,GRC,ROU,030192
11943091,115,186,5067,2013,0.0,1252.0,-0.680678,-0.83347,KAZ,RUS,030192
11943092,223,186,5067,2013,12092.0,0.0,0.185528,1.0070700000000001,TUN,RUS,030192
11943093,64,207,5067,2013,10855.0,0.0,1.161835,1.1788450000000001,DNK,SVN,030192
11943094,14,239,5067,2013,10075.0,0.0,-0.31145700000000004,-0.167628,AUS,VNM,030192
11943095,39,239,5067,2013,0.0,24636.0,0.719649,1.017046,CAN,VNM,030192
11943096,97,239,5067,2013,1948.0,3492.0,0.744383,1.923139,HKG,VNM,030192
11943097,121,239,5067,2013,0.0,1748029.0,1.818383,0.75645,KOR,VNM,030192
11943098,153,239,5067,2013,0.0,6520.0,0.937641,0.747496,MYS,VNM,030192
11943099,174,239,5067,2013,96163.0,0.0,0.507868,0.355403,PHL,VNM,030192
11943100,249,239,5067,2013,3030.0,0.0,1.843186,0.9432379999999999,TWN,VNM,030192
11943101,71,5,5067,2013,1639.0,0.0,0.861698,2.353993,ESP,AND,030192
11943102,39,54,5067,2013,0.0,11573.0,0.719649,1.017046,CAN,CUB,030192
11943103,97,54,5067,2013,0.0,61420.0,0.744383,1.923139,HKG,CUB,030192
11943104,64,58,5067,2013,2414.0,0.0,1.161835,1.1788450000000001,DNK,CYP,030192
11943105,90,58,5067,2013,218280.0,0.0,0.18823800000000002,0.910906,GRC,CYP,030192
11943106,97,133,5067,2013,1886.0,0.0,0.744383,1.923139,HKG,MAC,030192
11943107,97,134,5067,2013,0.0,542914.0,0.744383,1.923139,HKG,MAR,030192
11943108,114,134,5067,2013,0.0,29832.0,2.3993130000000003,-0.564768,JPN,MAR,030192
11943109,121,134,5067,2013,0.0,98694.0,1.818383,0.75645,KOR,MAR,030192
11943110,43,136,5067,2013,0.0,164350.0,1.113767,1.477496,CHN,MDG,030192
11943111,77,136,5067,2013,0.0,26793.0,1.520354,0.022874000000000002,FRA,MDG,030192
11943112,97,136,5067,2013,0.0,376328.0,0.744383,1.923139,HKG,MDG,030192
11943113,114,136,5067,2013,0.0,44645.0,2.3993130000000003,-0.564768,JPN,MDG,030192
11943114,121,136,5067,2013,0.0,2547202.0,1.818383,0.75645,KOR,MDG,030192
11943115,64,142,5067,2013,76036.0,0.0,1.161835,1.1788450000000001,DNK,MLT,030192
11943116,43,143,5067,2013,0.0,3233370.0,1.113767,1.477496,CHN,MMR,030192
11943117,121,143,5067,2013,0.0,4822.0,1.818383,0.75645,KOR,MMR,030192
11943118,153,143,5067,2013,0.0,97303.0,0.937641,0.747496,MYS,MMR,030192
11943119,216,143,5067,2013,0.0,183111.0,0.8752139999999999,1.3798620000000001,THA,MMR,030192
11943120,97,178,5067,2013,143127.0,0.0,0.744383,1.923139,HKG,PRK,030192
11943121,121,220,5067,2013,0.0,12245.0,1.818383,0.75645,KOR,TLS,030192
11943122,68,223,5067,2013,0.0,58911.0,-0.17418,1.692641,EGY,TUN,030192
11943123,97,223,5067,2013,0.0,8127.0,0.744383,1.923139,HKG,TUN,030192
11943124,114,223,5067,2013,0.0,2587.0,2.3993130000000003,-0.564768,JPN,TUN,030192
11943125,121,223,5067,2013,0.0,389386.0,1.818383,0.75645,KOR,TUN,030192
11943126,186,223,5067,2013,0.0,12092.0,0.481166,-0.180052,RUS,TUN,030192
11943127,39,101,5067,2013,0.0,2635444.0,0.719649,1.017046,CAN,HTI,030192
11943128,97,101,5067,2013,0.0,143251.0,0.744383,1.923139,HKG,HTI,030192
11943129,121,101,5067,2013,0.0,168069.0,1.818383,0.75645,KOR,HTI,030192
11943130,231,101,5067,2013,0.0,52781.0,1.6639689999999998,-0.48651300000000003,USA,HTI,030192
11943131,22,137,5067,2013,1258.0,0.0,-1.101916,-0.734646,BGD,MDV,030192
11943132,22,7,5091,2013,0.0,1068.0,-1.101916,-0.734646,BGD,ARE,030310
11943133,39,7,5091,2013,4396.0,0.0,0.719649,1.017046,CAN,ARE,030310
11943134,42,7,5091,2013,85914.0,0.0,-0.260718,-0.38256100000000004,CHL,ARE,030310
11943135,61,7,5091,2013,2057.0,0.0,2.093658,-3.4281980000000005,DEU,ARE,030310
11943136,64,7,5091,2013,8230.0,0.0,1.161835,1.1788450000000001,DNK,ARE,030310
11943137,81,7,5091,2013,39331.0,0.0,1.7901259999999999,0.44164,GBR,ARE,030310
11943138,107,7,5091,2013,0.0,262265.0,-0.339172,-0.237114,IRN,ARE,030310
11943139,111,7,5091,2013,15662.0,0.0,1.289924,0.533436,ITA,ARE,030310
11943140,114,7,5091,2013,2419.0,0.0,2.3993130000000003,-0.564768,JPN,ARE,030310
11943141,121,7,5091,2013,14293.0,0.0,1.818383,0.75645,KOR,ARE,030310
11943142,122,7,5091,2013,0.0,15461.0,-0.536384,-1.08382,KWT,ARE,030310
11943143,137,7,5091,2013,0.0,6270.0,-0.21889699999999998,-0.776392,MDV,ARE,030310
11943144,143,7,5091,2013,2232.0,0.0,-1.230787,-0.737375,MMR,ARE,030310
11943145,163,7,5091,2013,211939.0,0.0,0.892099,0.18168399999999998,NOR,ARE,030310
11943146,166,7,5091,2013,321598.0,0.0,0.3345,0.39063000000000003,NZL,ARE,030310
11943147,167,7,5091,2013,0.0,20403.0,-0.604175,-1.0463209999999998,OMN,ARE,030310
11943148,183,7,5091,2013,0.0,41430.0,-0.083649,-1.013491,QAT,ARE,030310
11943149,192,7,5091,2013,56389.0,0.0,1.915504,0.619576,SGP,ARE,030310
11943150,211,7,5091,2013,0.0,2003.0,0.270999,-0.474095,SYC,ARE,030310
11943151,216,7,5091,2013,6033.0,0.0,0.8752139999999999,1.3798620000000001,THA,ARE,030310
11943152,231,7,5091,2013,14345.0,0.0,1.6639689999999998,-0.48651300000000003,USA,ARE,030310
11943153,239,7,5091,2013,211414.0,0.0,-0.11426900000000001,1.399738,VNM,ARE,030310
11943154,19,8,5091,2013,0.0,12022.0,-0.919968,-0.90691,BEN,ARG,030310
11943155,42,8,5091,2013,296541.0,0.0,-0.260718,-0.38256100000000004,CHL,ARG,030310
11943156,110,8,5091,2013,0.0,181222.0,1.197241,0.633828,ISR,ARG,030310
11943157,159,8,5091,2013,0.0,32849.0,-1.745783,-1.1356680000000001,NGA,ARG,030310
11943158,181,8,5091,2013,0.0,895269.0,0.072979,0.7099260000000001,PSE,ARG,030310
11943159,215,8,5091,2013,0.0,12617.0,-0.598413,-0.49295200000000006,TGO,ARG,030310
11943160,18,15,5091,2013,240197.0,0.0,1.316207,0.972601,BEL,AUT,030310
11943161,39,15,5091,2013,26242.0,0.0,0.719649,1.017046,CAN,AUT,030310
11943162,61,15,5091,2013,8908.0,32799.0,2.093658,-3.4281980000000005,DEU,AUT,030310
11943163,64,15,5091,2013,51830.0,0.0,1.161835,1.1788450000000001,DNK,AUT,030310
11943164,77,15,5091,2013,33958.0,0.0,1.520354,0.022874000000000002,FRA,AUT,030310
11943165,111,15,5091,2013,3296.0,0.0,1.289924,0.533436,ITA,AUT,030310
11943166,162,15,5091,2013,21153.0,0.0,1.184107,1.249557,NLD,AUT,030310
11943167,206,15,5091,2013,0.0,16635.0,1.32064,0.7519819999999999,SVK,AUT,030310
11943168,224,15,5091,2013,22182.0,0.0,0.42932299999999995,2.690235,TUR,AUT,030310
11943169,2,18,5091,2013,0.0,30378.0,-1.172043,-1.133735,AGO,BEL,030310
11943170,15,18,5091,2013,0.0,240197.0,1.7209240000000001,-0.286892,AUT,BEL,030310
11943171,23,18,5091,2013,0.0,6485.0,0.5026109999999999,1.674296,BGR,BEL,030310
11943172,39,18,5091,2013,232316.0,0.0,0.719649,1.017046,CAN,BEL,030310
11943173,43,18,5091,2013,60738.0,0.0,1.113767,1.477496,CHN,BEL,030310
11943174,47,18,5091,2013,0.0,56520.0,-1.215681,-1.08679,COG,BEL,030310
11943175,58,18,5091,2013,0.0,8882.0,0.502238,0.349608,CYP,BEL,030310
11943176,61,18,5091,2013,0.0,179942.0,2.093658,-3.4281980000000005,DEU,BEL,030310
11943177,64,18,5091,2013,0.0,1474.0,1.161835,1.1788450000000001,DNK,BEL,030310
11943178,71,18,5091,2013,3464.0,1451.0,0.861698,2.353993,ESP,BEL,030310
11943179,74,18,5091,2013,0.0,4475.0,1.734552,0.8896940000000001,FIN,BEL,030310
11943180,77,18,5091,2013,56782.0,308064.0,1.520354,0.022874000000000002,FRA,BEL,030310
11943181,102,18,5091,2013,0.0,1474.0,1.506101,0.7279220000000001,HUN,BEL,030310
11943182,131,18,5091,2013,0.0,16509.0,1.170459,1.150327,LUX,BEL,030310
11943183,137,18,5091,2013,0.0,3918.0,-0.21889699999999998,-0.776392,MDV,BEL,030310
11943184,148,18,5091,2013,80733.0,0.0,-1.950532,-1.283104,MRT,BEL,030310
11943185,162,18,5091,2013,72378.0,151410.0,1.184107,1.249557,NLD,BEL,030310
11943186,179,18,5091,2013,2215.0,0.0,0.541454,2.5228610000000002,PRT,BEL,030310
11943187,215,18,5091,2013,0.0,65260.0,-0.598413,-0.49295200000000006,TGO,BEL,030310
11943188,231,18,5091,2013,1404086.0,0.0,1.6639689999999998,-0.48651300000000003,USA,BEL,030310
11943189,8,19,5091,2013,12022.0,0.0,0.20314300000000002,0.494062,ARG,BEN,030310
11943190,77,19,5091,2013,4304.0,0.0,1.520354,0.022874000000000002,FRA,BEN,030310
11943191,148,19,5091,2013,10734.0,0.0,-1.950532,-1.283104,MRT,BEN,030310
11943192,18,23,5091,2013,6485.0,0.0,1.316207,0.972601,BEL,BGR,030310
11943193,42,23,5091,2013,11226.0,0.0,-0.260718,-0.38256100000000004,CHL,BGR,030310
11943194,61,23,5091,2013,20051.0,0.0,2.093658,-3.4281980000000005,DEU,BGR,030310
11943195,71,23,5091,2013,7019.0,0.0,0.861698,2.353993,ESP,BGR,030310
11943196,81,23,5091,2013,2147.0,0.0,1.7901259999999999,0.44164,GBR,BGR,030310
11943197,90,23,5091,2013,25715.0,454896.0,0.18823800000000002,0.910906,GRC,BGR,030310
11943198,162,23,5091,2013,1957.0,0.0,1.184107,1.249557,NLD,BGR,030310
11943199,185,23,5091,2013,9728.0,0.0,0.792035,1.225034,ROU,BGR,030310
11943200,231,23,5091,2013,46370.0,0.0,1.6639689999999998,-0.48651300000000003,USA,BGR,030310
11943201,231,25,5091,2013,131841.0,0.0,1.6639689999999998,-0.48651300000000003,USA,BHS,030310
11943202,42,32,5091,2013,8452839.0,0.0,-0.260718,-0.38256100000000004,CHL,BRA,030310
11943203,43,32,5091,2013,129047.0,0.0,1.113767,1.477496,CHN,BRA,030310
11943204,231,32,5091,2013,808867.0,0.0,1.6639689999999998,-0.48651300000000003,USA,BRA,030310
11943205,231,33,5091,2013,6033.0,0.0,1.6639689999999998,-0.48651300000000003,USA,BRB,030310
11943206,7,39,5091,2013,0.0,4396.0,-0.074047,-0.585168,ARE,CAN,030310
11943207,14,39,5091,2013,0.0,10272.0,-0.31145700000000004,-0.167628,AUS,CAN,030310
11943208,15,39,5091,2013,0.0,26242.0,1.7209240000000001,-0.286892,AUT,CAN,030310
11943209,16,39,5091,2013,0.0,3851.0,-0.9232870000000001,-1.165928,AZE,CAN,030310
11943210,18,39,5091,2013,0.0,232316.0,1.316207,0.972601,BEL,CAN,030310
11943211,41,39,5091,2013,0.0,123306.0,2.2104470000000003,0.5403479999999999,CHE,CAN,030310
11943212,42,39,5091,2013,1046925.0,0.0,-0.260718,-0.38256100000000004,CHL,CAN,030310
11943213,43,39,5091,2013,100779.0,11928958.0,1.113767,1.477496,CHN,CAN,030310
11943214,54,39,5091,2013,0.0,112408.0,-0.019956,-0.7873319999999999,CUB,CAN,030310
11943215,61,39,5091,2013,0.0,2162103.0,2.093658,-3.4281980000000005,DEU,CAN,030310
11943216,64,39,5091,2013,0.0,103577.0,1.161835,1.1788450000000001,DNK,CAN,030310
11943217,71,39,5091,2013,0.0,195257.0,0.861698,2.353993,ESP,CAN,030310
11943218,77,39,5091,2013,0.0,649486.0,1.520354,0.022874000000000002,FRA,CAN,030310
11943219,82,39,5091,2013,0.0,1002442.0,-0.160691,-0.393419,GEO,CAN,030310
11943220,90,39,5091,2013,0.0,83302.0,0.18823800000000002,0.910906,GRC,CAN,030310
11943221,97,39,5091,2013,0.0,136116.0,0.744383,1.923139,HKG,CAN,030310
11943222,110,39,5091,2013,0.0,179886.0,1.197241,0.633828,ISR,CAN,030310
11943223,111,39,5091,2013,0.0,1124462.0,1.289924,0.533436,ITA,CAN,030310
11943224,114,39,5091,2013,1148836.0,8884419.0,2.3993130000000003,-0.564768,JPN,CAN,030310
11943225,121,39,5091,2013,0.0,17413.0,1.818383,0.75645,KOR,CAN,030310
11943226,140,39,5091,2013,0.0,835.0,-0.10859400000000001,0.155229,MKD,CAN,030310
11943227,144,39,5091,2013,0.0,30719.0,-0.054454999999999996,-0.164875,MNE,CAN,030310
11943228,162,39,5091,2013,0.0,239496.0,1.184107,1.249557,NLD,CAN,030310
11943229,177,39,5091,2013,0.0,105165.0,1.084332,1.216749,POL,CAN,030310
11943230,179,39,5091,2013,0.0,248375.0,0.541454,2.5228610000000002,PRT,CAN,030310
11943231,185,39,5091,2013,0.0,25648.0,0.792035,1.225034,ROU,CAN,030310
11943232,186,39,5091,2013,28828948.0,664750.0,0.481166,-0.180052,RUS,CAN,030310
11943233,192,39,5091,2013,0.0,7609.0,1.915504,0.619576,SGP,CAN,030310
11943234,201,39,5091,2013,0.0,26865.0,0.5717720000000001,1.174901,SRB,CAN,030310
11943235,208,39,5091,2013,0.0,60414.0,1.869421,0.228109,SWE,CAN,030310
11943236,216,39,5091,2013,0.0,2204033.0,0.8752139999999999,1.3798620000000001,THA,CAN,030310
11943237,228,39,5091,2013,0.0,224586.0,0.657729,0.9063200000000001,UKR,CAN,030310
11943238,231,39,5091,2013,31068592.0,9263931.0,1.6639689999999998,-0.48651300000000003,USA,CAN,030310
11943239,239,39,5091,2013,0.0,94407.0,-0.11426900000000001,1.399738,VNM,CAN,030310
11943240,246,39,5091,2013,0.0,70875.0,0.380284,1.5682120000000002,ZAF,CAN,030310
11943241,249,39,5091,2013,0.0,458503.0,1.843186,0.9432379999999999,TWN,CAN,030310
11943242,39,41,5091,2013,123306.0,0.0,0.719649,1.017046,CAN,CHE,030310
11943243,61,41,5091,2013,758387.0,0.0,2.093658,-3.4281980000000005,DEU,CHE,030310
11943244,77,41,5091,2013,1529.0,0.0,1.520354,0.022874000000000002,FRA,CHE,030310
11943245,81,41,5091,2013,6196.0,0.0,1.7901259999999999,0.44164,GBR,CHE,030310
11943246,106,41,5091,2013,1712.0,0.0,1.29988,0.240688,IRL,CHE,030310
11943247,111,41,5091,2013,1123.0,0.0,1.289924,0.533436,ITA,CHE,030310
11943248,148,41,5091,2013,62653.0,0.0,-1.950532,-1.283104,MRT,CHE,030310
11943249,162,41,5091,2013,68586.0,0.0,1.184107,1.249557,NLD,CHE,030310
11943250,179,41,5091,2013,44378.0,0.0,0.541454,2.5228610000000002,PRT,CHE,030310
11943251,183,41,5091,2013,0.0,27968.0,-0.083649,-1.013491,QAT,CHE,030310
11943252,231,41,5091,2013,154722.0,395543.0,1.6639689999999998,-0.48651300000000003,USA,CHE,030310
11943253,7,42,5091,2013,0.0,85914.0,-0.074047,-0.585168,ARE,CHL,030310
11943254,8,42,5091,2013,0.0,296541.0,0.20314300000000002,0.494062,ARG,CHL,030310
11943255,16,42,5091,2013,0.0,92958.0,-0.9232870000000001,-1.165928,AZE,CHL,030310
11943256,23,42,5091,2013,0.0,11226.0,0.5026109999999999,1.674296,BGR,CHL,030310
11943257,28,42,5091,2013,0.0,923712.0,1.036923,0.864568,BLR,CHL,030310
11943258,32,42,5091,2013,0.0,8452839.0,0.14765899999999998,0.399262,BRA,CHL,030310
11943259,39,42,5091,2013,0.0,1046925.0,0.719649,1.017046,CAN,CHL,030310
11943260,43,42,5091,2013,0.0,14964409.0,1.113767,1.477496,CHN,CHL,030310
11943261,49,42,5091,2013,0.0,419801.0,0.121799,-0.388239,COL,CHL,030310
11943262,59,42,5091,2013,0.0,13414.0,1.819653,-0.12423800000000002,CZE,CHL,030310
11943263,61,42,5091,2013,0.0,70573.0,2.093658,-3.4281980000000005,DEU,CHL,030310
11943264,65,42,5091,2013,0.0,67996.0,-0.277269,0.432388,DOM,CHL,030310
11943265,68,42,5091,2013,0.0,252732.0,-0.17418,1.692641,EGY,CHL,030310
11943266,71,42,5091,2013,0.0,898238.0,0.861698,2.353993,ESP,CHL,030310
11943267,77,42,5091,2013,0.0,244795.0,1.520354,0.022874000000000002,FRA,CHL,030310
11943268,82,42,5091,2013,0.0,30398.0,-0.160691,-0.393419,GEO,CHL,030310
11943269,83,42,5091,2013,0.0,14059.0,-0.7316010000000001,-0.5327689999999999,GHA,CHL,030310
11943270,97,42,5091,2013,0.0,800146.0,0.744383,1.923139,HKG,CHL,030310
11943271,110,42,5091,2013,0.0,1157129.0,1.197241,0.633828,ISR,CHL,030310
11943272,111,42,5091,2013,0.0,272332.0,1.289924,0.533436,ITA,CHL,030310
11943273,114,42,5091,2013,0.0,304999936.0,2.3993130000000003,-0.564768,JPN,CHL,030310
11943274,117,42,5091,2013,0.0,24082.0,-0.1035,0.339914,KGZ,CHL,030310
11943275,121,42,5091,2013,0.0,3829072.0,1.818383,0.75645,KOR,CHL,030310
11943276,122,42,5091,2013,0.0,3648.0,-0.536384,-1.08382,KWT,CHL,030310
11943277,130,42,5091,2013,0.0,2249871.0,0.737796,1.215543,LTU,CHL,030310
11943278,131,42,5091,2013,0.0,762.0,1.170459,1.150327,LUX,CHL,030310
11943279,140,42,5091,2013,0.0,10558.0,-0.10859400000000001,0.155229,MKD,CHL,030310
11943280,153,42,5091,2013,0.0,653719.0,0.937641,0.747496,MYS,CHL,030310
11943281,162,42,5091,2013,0.0,30151.0,1.184107,1.249557,NLD,CHL,030310
11943282,173,42,5091,2013,0.0,46137.0,-0.573852,0.357977,PER,CHL,030310
11943283,174,42,5091,2013,0.0,316455.0,0.507868,0.355403,PHL,CHL,030310
11943284,177,42,5091,2013,0.0,176255.0,1.084332,1.216749,POL,CHL,030310
11943285,182,42,5091,2013,0.0,1504.0,-0.146044,-0.7055359999999999,PYF,CHL,030310
11943286,183,42,5091,2013,0.0,1883.0,-0.083649,-1.013491,QAT,CHL,030310
11943287,185,42,5091,2013,0.0,91787.0,0.792035,1.225034,ROU,CHL,030310
11943288,186,42,5091,2013,0.0,30122830.0,0.481166,-0.180052,RUS,CHL,030310
11943289,216,42,5091,2013,0.0,4084206.0,0.8752139999999999,1.3798620000000001,THA,CHL,030310
11943290,222,42,5091,2013,0.0,19499.0,-0.280641,-1.083332,TTO,CHL,030310
11943291,228,42,5091,2013,0.0,3719075.0,0.657729,0.9063200000000001,UKR,CHL,030310
11943292,231,42,5091,2013,0.0,77581.0,1.6639689999999998,-0.48651300000000003,USA,CHL,030310
11943293,239,42,5091,2013,0.0,2051719.0,-0.11426900000000001,1.399738,VNM,CHL,030310
11943294,249,42,5091,2013,0.0,1984362.0,1.843186,0.9432379999999999,TWN,CHL,030310
11943295,2,43,5091,2013,0.0,79430.0,-1.172043,-1.133735,AGO,CHN,030310
11943296,18,43,5091,2013,0.0,60738.0,1.316207,0.972601,BEL,CHN,030310
11943297,32,43,5091,2013,0.0,129047.0,0.14765899999999998,0.399262,BRA,CHN,030310
11943298,39,43,5091,2013,11928958.0,100779.0,0.719649,1.017046,CAN,CHN,030310
11943299,42,43,5091,2013,14964409.0,0.0,-0.260718,-0.38256100000000004,CHL,CHN,030310
11943300,61,43,5091,2013,0.0,323838.0,2.093658,-3.4281980000000005,DEU,CHN,030310
11943301,64,43,5091,2013,1016461.0,0.0,1.161835,1.1788450000000001,DNK,CHN,030310
11943302,66,43,5091,2013,0.0,29562.0,-1.373947,-1.1523459999999999,DZA,CHN,030310
11943303,72,43,5091,2013,16489.0,0.0,0.8828940000000001,1.386574,EST,CHN,030310
11943304,77,43,5091,2013,0.0,17110.0,1.520354,0.022874000000000002,FRA,CHN,030310
11943305,78,43,5091,2013,698740.0,0.0,-0.370701,-0.815466,FRO,CHN,030310
11943306,81,43,5091,2013,19748.0,0.0,1.7901259999999999,0.44164,GBR,CHN,030310
11943307,83,43,5091,2013,161327.0,0.0,-0.7316010000000001,-0.5327689999999999,GHA,CHN,030310
11943308,90,43,5091,2013,0.0,42794.0,0.18823800000000002,0.910906,GRC,CHN,030310
11943309,97,43,5091,2013,0.0,83406.0,0.744383,1.923139,HKG,CHN,030310
11943310,100,43,5091,2013,0.0,16009.0,0.898284,1.038807,HRV,CHN,030310
11943311,110,43,5091,2013,0.0,1193460.0,1.197241,0.633828,ISR,CHN,030310
11943312,111,43,5091,2013,0.0,144245.0,1.289924,0.533436,ITA,CHN,030310
11943313,114,43,5091,2013,51279764.0,4857024.0,2.3993130000000003,-0.564768,JPN,CHN,030310
11943314,115,43,5091,2013,0.0,4308.0,-0.680678,-0.83347,KAZ,CHN,030310
11943315,121,43,5091,2013,485104.0,90328.0,1.818383,0.75645,KOR,CHN,030310
11943316,130,43,5091,2013,0.0,361600.0,0.737796,1.215543,LTU,CHN,030310
11943317,140,43,5091,2013,0.0,1457.0,-0.10859400000000001,0.155229,MKD,CHN,030310
11943318,144,43,5091,2013,0.0,33517.0,-0.054454999999999996,-0.164875,MNE,CHN,030310
11943319,148,43,5091,2013,10638320.0,0.0,-1.950532,-1.283104,MRT,CHN,030310
11943320,157,43,5091,2013,0.0,12745.0,-1.268738,-0.942256,NER,CHN,030310
11943321,163,43,5091,2013,88306.0,0.0,0.892099,0.18168399999999998,NOR,CHN,030310
11943322,166,43,5091,2013,178147.0,0.0,0.3345,0.39063000000000003,NZL,CHN,030310
11943323,174,43,5091,2013,0.0,273068.0,0.507868,0.355403,PHL,CHN,030310
11943324,177,43,5091,2013,0.0,234681.0,1.084332,1.216749,POL,CHN,030310
11943325,178,43,5091,2013,2914.0,2271735.0,-0.414538,-0.22449299999999997,PRK,CHN,030310
11943326,179,43,5091,2013,0.0,2319.0,0.541454,2.5228610000000002,PRT,CHN,030310
11943327,186,43,5091,2013,116345824.0,0.0,0.481166,-0.180052,RUS,CHN,030310
11943328,192,43,5091,2013,0.0,171772.0,1.915504,0.619576,SGP,CHN,030310
11943329,201,43,5091,2013,0.0,35939.0,0.5717720000000001,1.174901,SRB,CHN,030310
11943330,206,43,5091,2013,0.0,7105.0,1.32064,0.7519819999999999,SVK,CHN,030310
11943331,207,43,5091,2013,0.0,16509.0,1.698374,0.563082,SVN,CHN,030310
11943332,215,43,5091,2013,0.0,469994.0,-0.598413,-0.49295200000000006,TGO,CHN,030310
11943333,216,43,5091,2013,0.0,2630034.0,0.8752139999999999,1.3798620000000001,THA,CHN,030310
11943334,226,43,5091,2013,0.0,155264.0,-0.9306770000000001,0.273489,TZA,CHN,030310
11943335,228,43,5091,2013,0.0,1193227.0,0.657729,0.9063200000000001,UKR,CHN,030310
11943336,231,43,5091,2013,199496176.0,162983.0,1.6639689999999998,-0.48651300000000003,USA,CHN,030310
11943337,246,43,5091,2013,0.0,8129.0,0.380284,1.5682120000000002,ZAF,CHN,030310
11943338,42,49,5091,2013,419801.0,0.0,-0.260718,-0.38256100000000004,CHL,COL,030310
11943339,97,49,5091,2013,0.0,1367.0,0.744383,1.923139,HKG,COL,030310
11943340,231,49,5091,2013,0.0,4123.0,1.6639689999999998,-0.48651300000000003,USA,COL,030310
11943341,231,52,5091,2013,37384.0,0.0,1.6639689999999998,-0.48651300000000003,USA,CRI,030310
11943342,231,55,5091,2013,14624.0,0.0,1.6639689999999998,-0.48651300000000003,USA,CUW,030310
11943343,42,59,5091,2013,13414.0,0.0,-0.260718,-0.38256100000000004,CHL,CZE,030310
11943344,61,59,5091,2013,72598.0,2064.0,2.093658,-3.4281980000000005,DEU,CZE,030310
11943345,64,59,5091,2013,9046.0,0.0,1.161835,1.1788450000000001,DNK,CZE,030310
11943346,75,59,5091,2013,2049.0,0.0,-0.5203369999999999,-0.122405,FJI,CZE,030310
11943347,163,59,5091,2013,66821.0,0.0,0.892099,0.18168399999999998,NOR,CZE,030310
11943348,177,59,5091,2013,186909.0,0.0,1.084332,1.216749,POL,CZE,030310
11943349,206,59,5091,2013,2742.0,292175.0,1.32064,0.7519819999999999,SVK,CZE,030310
11943350,231,59,5091,2013,528876.0,0.0,1.6639689999999998,-0.48651300000000003,USA,CZE,030310
11943351,7,61,5091,2013,0.0,2057.0,-0.074047,-0.585168,ARE,DEU,030310
11943352,15,61,5091,2013,32799.0,8908.0,1.7209240000000001,-0.286892,AUT,DEU,030310
11943353,18,61,5091,2013,179942.0,0.0,1.316207,0.972601,BEL,DEU,030310
11943354,23,61,5091,2013,0.0,20051.0,0.5026109999999999,1.674296,BGR,DEU,030310
11943355,39,61,5091,2013,2162103.0,0.0,0.719649,1.017046,CAN,DEU,030310
11943356,41,61,5091,2013,0.0,758387.0,2.2104470000000003,0.5403479999999999,CHE,DEU,030310
11943357,42,61,5091,2013,70573.0,0.0,-0.260718,-0.38256100000000004,CHL,DEU,030310
11943358,43,61,5091,2013,323838.0,0.0,1.113767,1.477496,CHN,DEU,030310
11943359,58,61,5091,2013,0.0,14354.0,0.502238,0.349608,CYP,DEU,030310
11943360,59,61,5091,2013,2064.0,72598.0,1.819653,-0.12423800000000002,CZE,DEU,030310
11943361,64,61,5091,2013,4508862.0,102625.0,1.161835,1.1788450000000001,DNK,DEU,030310
11943362,65,61,5091,2013,0.0,3132.0,-0.277269,0.432388,DOM,DEU,030310
11943363,71,61,5091,2013,9441.0,5879.0,0.861698,2.353993,ESP,DEU,030310
11943364,75,61,5091,2013,0.0,31885.0,-0.5203369999999999,-0.122405,FJI,DEU,030310
11943365,77,61,5091,2013,441130.0,215481.0,1.520354,0.022874000000000002,FRA,DEU,030310
11943366,81,61,5091,2013,2535.0,186900.0,1.7901259999999999,0.44164,GBR,DEU,030310
11943367,90,61,5091,2013,0.0,38992.0,0.18823800000000002,0.910906,GRC,DEU,030310
11943368,92,61,5091,2013,21290.0,0.0,-0.801617,-0.8734120000000001,GRL,DEU,030310
11943369,102,61,5091,2013,0.0,17315.0,1.506101,0.7279220000000001,HUN,DEU,030310
11943370,106,61,5091,2013,0.0,109506.0,1.29988,0.240688,IRL,DEU,030310
11943371,111,61,5091,2013,37152.0,205707.0,1.289924,0.533436,ITA,DEU,030310
11943372,117,61,5091,2013,0.0,5957.0,-0.1035,0.339914,KGZ,DEU,030310
11943373,121,61,5091,2013,81119.0,0.0,1.818383,0.75645,KOR,DEU,030310
11943374,130,61,5091,2013,0.0,100472.0,0.737796,1.215543,LTU,DEU,030310
11943375,131,61,5091,2013,0.0,2504.0,1.170459,1.150327,LUX,DEU,030310
11943376,132,61,5091,2013,0.0,744663.0,0.6219439999999999,1.166749,LVA,DEU,030310
11943377,137,61,5091,2013,0.0,13571.0,-0.21889699999999998,-0.776392,MDV,DEU,030310
11943378,162,61,5091,2013,1060561.0,282308.0,1.184107,1.249557,NLD,DEU,030310
11943379,174,61,5091,2013,0.0,3990.0,0.507868,0.355403,PHL,DEU,030310
11943380,177,61,5091,2013,232808.0,2848981.0,1.084332,1.216749,POL,DEU,030310
11943381,179,61,5091,2013,41299.0,23750.0,0.541454,2.5228610000000002,PRT,DEU,030310
11943382,185,61,5091,2013,0.0,1474.0,0.792035,1.225034,ROU,DEU,030310
11943383,186,61,5091,2013,6788150.0,0.0,0.481166,-0.180052,RUS,DEU,030310
11943384,192,61,5091,2013,0.0,2170.0,1.915504,0.619576,SGP,DEU,030310
11943385,206,61,5091,2013,0.0,57887.0,1.32064,0.7519819999999999,SVK,DEU,030310
11943386,207,61,5091,2013,0.0,4157.0,1.698374,0.563082,SVN,DEU,030310
11943387,208,61,5091,2013,0.0,61679.0,1.869421,0.228109,SWE,DEU,030310
11943388,231,61,5091,2013,29407540.0,0.0,1.6639689999999998,-0.48651300000000003,USA,DEU,030310
11943389,239,61,5091,2013,7340.0,0.0,-0.11426900000000001,1.399738,VNM,DEU,030310
11943390,250,61,5091,2013,0.0,352699.0,0.628555,0.277602,ANS,DEU,030310
11943391,7,64,5091,2013,0.0,8230.0,-0.074047,-0.585168,ARE,DNK,030310
11943392,15,64,5091,2013,0.0,51830.0,1.7209240000000001,-0.286892,AUT,DNK,030310
11943393,18,64,5091,2013,1474.0,0.0,1.316207,0.972601,BEL,DNK,030310
11943394,39,64,5091,2013,103577.0,0.0,0.719649,1.017046,CAN,DNK,030310
11943395,43,64,5091,2013,0.0,1016461.0,1.113767,1.477496,CHN,DNK,030310
11943396,58,64,5091,2013,0.0,5111.0,0.502238,0.349608,CYP,DNK,030310
11943397,59,64,5091,2013,0.0,9046.0,1.819653,-0.12423800000000002,CZE,DNK,030310
11943398,61,64,5091,2013,102625.0,4508862.0,2.093658,-3.4281980000000005,DEU,DNK,030310
11943399,65,64,5091,2013,0.0,5956.0,-0.277269,0.432388,DOM,DNK,030310
11943400,71,64,5091,2013,116787.0,0.0,0.861698,2.353993,ESP,DNK,030310
11943401,74,64,5091,2013,1946.0,0.0,1.734552,0.8896940000000001,FIN,DNK,030310
11943402,77,64,5091,2013,18864.0,0.0,1.520354,0.022874000000000002,FRA,DNK,030310
11943403,78,64,5091,2013,6827.0,0.0,-0.370701,-0.815466,FRO,DNK,030310
11943404,81,64,5091,2013,24581.0,324583.0,1.7901259999999999,0.44164,GBR,DNK,030310
11943405,82,64,5091,2013,0.0,51770.0,-0.160691,-0.393419,GEO,DNK,030310
11943406,90,64,5091,2013,0.0,75058.0,0.18823800000000002,0.910906,GRC,DNK,030310
11943407,92,64,5091,2013,0.0,5535.0,-0.801617,-0.8734120000000001,GRL,DNK,030310
11943408,109,64,5091,2013,0.0,153609.0,0.259374,-0.20413299999999998,ISL,DNK,030310
11943409,110,64,5091,2013,0.0,86824.0,1.197241,0.633828,ISR,DNK,030310
11943410,111,64,5091,2013,78406.0,349851.0,1.289924,0.533436,ITA,DNK,030310
11943411,122,64,5091,2013,0.0,4039.0,-0.536384,-1.08382,KWT,DNK,030310
11943412,147,64,5091,2013,0.0,896.0,-1.326323,-1.050969,MOZ,DNK,030310
11943413,159,64,5091,2013,0.0,5627.0,-1.745783,-1.1356680000000001,NGA,DNK,030310
11943414,162,64,5091,2013,48842.0,3797.0,1.184107,1.249557,NLD,DNK,030310
11943415,174,64,5091,2013,0.0,158660.0,0.507868,0.355403,PHL,DNK,030310
11943416,177,64,5091,2013,0.0,55944.0,1.084332,1.216749,POL,DNK,030310
11943417,179,64,5091,2013,0.0,53935.0,0.541454,2.5228610000000002,PRT,DNK,030310
11943418,185,64,5091,2013,1250.0,6267.0,0.792035,1.225034,ROU,DNK,030310
11943419,201,64,5091,2013,0.0,12706.0,0.5717720000000001,1.174901,SRB,DNK,030310
11943420,207,64,5091,2013,0.0,18694.0,1.698374,0.563082,SVN,DNK,030310
11943421,208,64,5091,2013,11645.0,79400.0,1.869421,0.228109,SWE,DNK,030310
11943422,226,64,5091,2013,0.0,15619.0,-0.9306770000000001,0.273489,TZA,DNK,030310
11943423,231,64,5091,2013,1575056.0,0.0,1.6639689999999998,-0.48651300000000003,USA,DNK,030310
11943424,42,65,5091,2013,67996.0,0.0,-0.260718,-0.38256100000000004,CHL,DOM,030310
11943425,61,65,5091,2013,3132.0,0.0,2.093658,-3.4281980000000005,DEU,DOM,030310
11943426,64,65,5091,2013,5956.0,0.0,1.161835,1.1788450000000001,DNK,DOM,030310
11943427,163,65,5091,2013,56366.0,0.0,0.892099,0.18168399999999998,NOR,DOM,030310
11943428,231,65,5091,2013,816587.0,0.0,1.6639689999999998,-0.48651300000000003,USA,DOM,030310
11943429,215,67,5091,2013,0.0,45431.0,-0.598413,-0.49295200000000006,TGO,ECU,030310
11943430,5,71,5091,2013,0.0,227763.0,0.9666530000000001,-0.159606,AND,ESP,030310
11943431,18,71,5091,2013,1451.0,3464.0,1.316207,0.972601,BEL,ESP,030310
11943432,23,71,5091,2013,0.0,7019.0,0.5026109999999999,1.674296,BGR,ESP,030310
11943433,26,71,5091,2013,0.0,20042.0,0.46743199999999996,0.7340800000000001,BIH,ESP,030310
11943434,39,71,5091,2013,195257.0,0.0,0.719649,1.017046,CAN,ESP,030310
11943435,42,71,5091,2013,898238.0,0.0,-0.260718,-0.38256100000000004,CHL,ESP,030310
11943436,54,71,5091,2013,0.0,25106.0,-0.019956,-0.7873319999999999,CUB,ESP,030310
11943437,61,71,5091,2013,5879.0,9441.0,2.093658,-3.4281980000000005,DEU,ESP,030310
11943438,64,71,5091,2013,0.0,116787.0,1.161835,1.1788450000000001,DNK,ESP,030310
11943439,66,71,5091,2013,0.0,64654.0,-1.373947,-1.1523459999999999,DZA,ESP,030310
11943440,77,71,5091,2013,250575.0,16161.0,1.520354,0.022874000000000002,FRA,ESP,030310
11943441,81,71,5091,2013,2341.0,7176.0,1.7901259999999999,0.44164,GBR,ESP,030310
11943442,82,71,5091,2013,0.0,64511.0,-0.160691,-0.393419,GEO,ESP,030310
11943443,83,71,5091,2013,28387.0,0.0,-0.7316010000000001,-0.5327689999999999,GHA,ESP,030310
11943444,84,71,5091,2013,0.0,24843.0,0.991136,-0.603793,GIB,ESP,030310
11943445,89,71,5091,2013,0.0,24036.0,-1.521575,-0.814708,GNQ,ESP,030310
11943446,90,71,5091,2013,0.0,127069.0,0.18823800000000002,0.910906,GRC,ESP,030310
11943447,97,71,5091,2013,0.0,11903.0,0.744383,1.923139,HKG,ESP,030310
11943448,100,71,5091,2013,0.0,53047.0,0.898284,1.038807,HRV,ESP,030310
11943449,111,71,5091,2013,633648.0,288719.0,1.289924,0.533436,ITA,ESP,030310
11943450,126,71,5091,2013,0.0,33560.0,-1.6241459999999999,-1.1817950000000002,LBY,ESP,030310
11943451,134,71,5091,2013,24736.0,4230.0,-0.6494260000000001,-0.035075999999999996,MAR,ESP,030310
11943452,135,71,5091,2013,0.0,771.0,-0.016235,0.132104,MDA,ESP,030310
11943453,142,71,5091,2013,0.0,13548.0,0.8519760000000001,-0.075869,MLT,ESP,030310
11943454,144,71,5091,2013,0.0,9021.0,-0.054454999999999996,-0.164875,MNE,ESP,030310
11943455,147,71,5091,2013,986574.0,0.0,-1.326323,-1.050969,MOZ,ESP,030310
11943456,148,71,5091,2013,5961502.0,0.0,-1.950532,-1.283104,MRT,ESP,030310
11943457,162,71,5091,2013,470580.0,0.0,1.184107,1.249557,NLD,ESP,030310
11943458,163,71,5091,2013,1998.0,0.0,0.892099,0.18168399999999998,NOR,ESP,030310
11943459,177,71,5091,2013,16336.0,134452.0,1.084332,1.216749,POL,ESP,030310
11943460,179,71,5091,2013,63421.0,1966439.0,0.541454,2.5228610000000002,PRT,ESP,030310
11943461,181,71,5091,2013,0.0,125604.0,0.072979,0.7099260000000001,PSE,ESP,030310
11943462,185,71,5091,2013,2582.0,50544.0,0.792035,1.225034,ROU,ESP,030310
11943463,207,71,5091,2013,0.0,3586.0,1.698374,0.563082,SVN,ESP,030310
11943464,208,71,5091,2013,0.0,1954.0,1.869421,0.228109,SWE,ESP,030310
11943465,215,71,5091,2013,0.0,459300.0,-0.598413,-0.49295200000000006,TGO,ESP,030310
11943466,231,71,5091,2013,6220666.0,0.0,1.6639689999999998,-0.48651300000000003,USA,ESP,030310
11943467,43,72,5091,2013,0.0,16489.0,1.113767,1.477496,CHN,EST,030310
11943468,130,72,5091,2013,2951.0,0.0,0.737796,1.215543,LTU,EST,030310
11943469,132,72,5091,2013,226299.0,64794.0,0.6219439999999999,1.166749,LVA,EST,030310
11943470,206,72,5091,2013,0.0,6840.0,1.32064,0.7519819999999999,SVK,EST,030310
11943471,231,72,5091,2013,57289.0,0.0,1.6639689999999998,-0.48651300000000003,USA,EST,030310
11943472,18,74,5091,2013,4475.0,0.0,1.316207,0.972601,BEL,FIN,030310
11943473,64,74,5091,2013,0.0,1946.0,1.161835,1.1788450000000001,DNK,FIN,030310
11943474,208,74,5091,2013,60549.0,0.0,1.869421,0.228109,SWE,FIN,030310
11943475,2,77,5091,2013,0.0,29792.0,-1.172043,-1.133735,AGO,FRA,030310
11943476,15,77,5091,2013,0.0,33958.0,1.7209240000000001,-0.286892,AUT,FRA,030310
11943477,18,77,5091,2013,308064.0,56782.0,1.316207,0.972601,BEL,FRA,030310
11943478,19,77,5091,2013,0.0,4304.0,-0.919968,-0.90691,BEN,FRA,030310
11943479,39,77,5091,2013,649486.0,0.0,0.719649,1.017046,CAN,FRA,030310
11943480,41,77,5091,2013,0.0,1529.0,2.2104470000000003,0.5403479999999999,CHE,FRA,030310
11943481,42,77,5091,2013,244795.0,0.0,-0.260718,-0.38256100000000004,CHL,FRA,030310
11943482,43,77,5091,2013,17110.0,0.0,1.113767,1.477496,CHN,FRA,030310
11943483,45,77,5091,2013,0.0,10365.0,-0.901531,-1.027111,CMR,FRA,030310
11943484,47,77,5091,2013,0.0,6943.0,-1.215681,-1.08679,COG,FRA,030310
11943485,61,77,5091,2013,215481.0,441130.0,2.093658,-3.4281980000000005,DEU,FRA,030310
11943486,64,77,5091,2013,0.0,18864.0,1.161835,1.1788450000000001,DNK,FRA,030310
11943487,71,77,5091,2013,16161.0,250575.0,0.861698,2.353993,ESP,FRA,030310
11943488,78,77,5091,2013,40235.0,0.0,-0.370701,-0.815466,FRO,FRA,030310
11943489,80,77,5091,2013,0.0,8005.0,-1.6582830000000002,-1.155302,GAB,FRA,030310
11943490,81,77,5091,2013,33052.0,44875.0,1.7901259999999999,0.44164,GBR,FRA,030310
11943491,90,77,5091,2013,0.0,10702.0,0.18823800000000002,0.910906,GRC,FRA,030310
11943492,106,77,5091,2013,0.0,6698.0,1.29988,0.240688,IRL,FRA,030310
11943493,111,77,5091,2013,1501.0,20864.0,1.289924,0.533436,ITA,FRA,030310
11943494,114,77,5091,2013,315575.0,0.0,2.3993130000000003,-0.564768,JPN,FRA,030310
11943495,131,77,5091,2013,0.0,5738.0,1.170459,1.150327,LUX,FRA,030310
11943496,142,77,5091,2013,0.0,2549.0,0.8519760000000001,-0.075869,MLT,FRA,030310
11943497,148,77,5091,2013,20189.0,0.0,-1.950532,-1.283104,MRT,FRA,030310
11943498,157,77,5091,2013,0.0,107458.0,-1.268738,-0.942256,NER,FRA,030310
11943499,162,77,5091,2013,3190500.0,21411.0,1.184107,1.249557,NLD,FRA,030310
11943500,163,77,5091,2013,360247.0,0.0,0.892099,0.18168399999999998,NOR,FRA,030310
11943501,167,77,5091,2013,0.0,72701.0,-0.604175,-1.0463209999999998,OMN,FRA,030310
11943502,177,77,5091,2013,12082.0,137183.0,1.084332,1.216749,POL,FRA,030310
11943503,179,77,5091,2013,8442.0,20151.0,0.541454,2.5228610000000002,PRT,FRA,030310
11943504,186,77,5091,2013,167046.0,0.0,0.481166,-0.180052,RUS,FRA,030310
11943505,191,77,5091,2013,0.0,13303.0,-0.523662,-0.309101,SEN,FRA,030310
11943506,192,77,5091,2013,0.0,2355.0,1.915504,0.619576,SGP,FRA,030310
11943507,215,77,5091,2013,0.0,48019.0,-0.598413,-0.49295200000000006,TGO,FRA,030310
11943508,231,77,5091,2013,21104040.0,0.0,1.6639689999999998,-0.48651300000000003,USA,FRA,030310
11943509,7,81,5091,2013,0.0,39331.0,-0.074047,-0.585168,ARE,GBR,030310
11943510,23,81,5091,2013,0.0,2147.0,0.5026109999999999,1.674296,BGR,GBR,030310
11943511,24,81,5091,2013,0.0,40451.0,0.249681,-0.6204270000000001,BHR,GBR,030310
11943512,30,81,5091,2013,0.0,10777.0,1.087677,-0.452984,BMU,GBR,030310
11943513,41,81,5091,2013,0.0,6196.0,2.2104470000000003,0.5403479999999999,CHE,GBR,030310
11943514,43,81,5091,2013,0.0,19748.0,1.113767,1.477496,CHN,GBR,030310
11943515,61,81,5091,2013,186900.0,2535.0,2.093658,-3.4281980000000005,DEU,GBR,030310
11943516,64,81,5091,2013,324583.0,24581.0,1.161835,1.1788450000000001,DNK,GBR,030310
11943517,71,81,5091,2013,7176.0,2341.0,0.861698,2.353993,ESP,GBR,030310
11943518,77,81,5091,2013,44875.0,33052.0,1.520354,0.022874000000000002,FRA,GBR,030310
11943519,83,81,5091,2013,0.0,28377.0,-0.7316010000000001,-0.5327689999999999,GHA,GBR,030310
11943520,84,81,5091,2013,0.0,89075.0,0.991136,-0.603793,GIB,GBR,030310
11943521,106,81,5091,2013,17620.0,52719.0,1.29988,0.240688,IRL,GBR,030310
11943522,111,81,5091,2013,2220.0,17058.0,1.289924,0.533436,ITA,GBR,030310
11943523,122,81,5091,2013,0.0,43774.0,-0.536384,-1.08382,KWT,GBR,030310
11943524,130,81,5091,2013,0.0,103829.0,0.737796,1.215543,LTU,GBR,030310
11943525,132,81,5091,2013,0.0,265988.0,0.6219439999999999,1.166749,LVA,GBR,030310
11943526,135,81,5091,2013,0.0,43808.0,-0.016235,0.132104,MDA,GBR,030310
11943527,148,81,5091,2013,17369.0,0.0,-1.950532,-1.283104,MRT,GBR,030310
11943528,162,81,5091,2013,55920.0,58515.0,1.184107,1.249557,NLD,GBR,030310
11943529,174,81,5091,2013,0.0,421296.0,0.507868,0.355403,PHL,GBR,030310
11943530,177,81,5091,2013,0.0,193112.0,1.084332,1.216749,POL,GBR,030310
11943531,179,81,5091,2013,0.0,973.0,0.541454,2.5228610000000002,PRT,GBR,030310
11943532,183,81,5091,2013,0.0,290977.0,-0.083649,-1.013491,QAT,GBR,030310
11943533,186,81,5091,2013,187657.0,169935.0,0.481166,-0.180052,RUS,GBR,030310
11943534,188,81,5091,2013,0.0,197171.0,0.626347,-0.844406,SAU,GBR,030310
11943535,215,81,5091,2013,0.0,514352.0,-0.598413,-0.49295200000000006,TGO,GBR,030310
11943536,227,81,5091,2013,0.0,7573.0,-0.5462279999999999,0.200682,UGA,GBR,030310
11943537,228,81,5091,2013,0.0,53412.0,0.657729,0.9063200000000001,UKR,GBR,030310
11943538,231,81,5091,2013,3344618.0,16492.0,1.6639689999999998,-0.48651300000000003,USA,GBR,030310
11943539,248,81,5091,2013,0.0,7289.0,-0.828702,-0.899175,ZWE,GBR,030310
11943540,249,81,5091,2013,0.0,32209.0,1.843186,0.9432379999999999,TWN,GBR,030310
11943541,23,90,5091,2013,454896.0,25715.0,0.5026109999999999,1.674296,BGR,GRC,030310
11943542,39,90,5091,2013,83302.0,0.0,0.719649,1.017046,CAN,GRC,030310
11943543,43,90,5091,2013,42794.0,0.0,1.113767,1.477496,CHN,GRC,030310
11943544,58,90,5091,2013,0.0,6786.0,0.502238,0.349608,CYP,GRC,030310
11943545,61,90,5091,2013,38992.0,0.0,2.093658,-3.4281980000000005,DEU,GRC,030310
11943546,64,90,5091,2013,75058.0,0.0,1.161835,1.1788450000000001,DNK,GRC,030310
11943547,71,90,5091,2013,127069.0,0.0,0.861698,2.353993,ESP,GRC,030310
11943548,77,90,5091,2013,10702.0,0.0,1.520354,0.022874000000000002,FRA,GRC,030310
11943549,111,90,5091,2013,24066.0,0.0,1.289924,0.533436,ITA,GRC,030310
11943550,140,90,5091,2013,0.0,2253.0,-0.10859400000000001,0.155229,MKD,GRC,030310
11943551,148,90,5091,2013,544146.0,0.0,-1.950532,-1.283104,MRT,GRC,030310
11943552,162,90,5091,2013,72624.0,0.0,1.184107,1.249557,NLD,GRC,030310
11943553,185,90,5091,2013,11305.0,0.0,0.792035,1.225034,ROU,GRC,030310
11943554,231,90,5091,2013,601763.0,0.0,1.6639689999999998,-0.48651300000000003,USA,GRC,030310
11943555,231,96,5091,2013,4314.0,7742.0,1.6639689999999998,-0.48651300000000003,USA,GUY,030310
11943556,14,97,5091,2013,12969.0,0.0,-0.31145700000000004,-0.167628,AUS,HKG,030310
11943557,39,97,5091,2013,136116.0,0.0,0.719649,1.017046,CAN,HKG,030310
11943558,42,97,5091,2013,800146.0,0.0,-0.260718,-0.38256100000000004,CHL,HKG,030310
11943559,43,97,5091,2013,83406.0,0.0,1.113767,1.477496,CHN,HKG,030310
11943560,49,97,5091,2013,1367.0,0.0,0.121799,-0.388239,COL,HKG,030310
11943561,71,97,5091,2013,11903.0,0.0,0.861698,2.353993,ESP,HKG,030310
11943562,114,97,5091,2013,126449.0,0.0,2.3993130000000003,-0.564768,JPN,HKG,030310
11943563,133,97,5091,2013,5622.0,13730.0,0.252209,0.184401,MAC,HKG,030310
11943564,148,97,5091,2013,13932.0,0.0,-1.950532,-1.283104,MRT,HKG,030310
11943565,153,97,5091,2013,0.0,89066.0,0.937641,0.747496,MYS,HKG,030310
11943566,163,97,5091,2013,8108.0,0.0,0.892099,0.18168399999999998,NOR,HKG,030310
11943567,166,97,5091,2013,1010.0,0.0,0.3345,0.39063000000000003,NZL,HKG,030310
11943568,192,97,5091,2013,5085.0,0.0,1.915504,0.619576,SGP,HKG,030310
11943569,231,97,5091,2013,158659.0,0.0,1.6639689999999998,-0.48651300000000003,USA,HKG,030310
11943570,246,97,5091,2013,0.0,2608.0,0.380284,1.5682120000000002,ZAF,HKG,030310
11943571,18,102,5091,2013,1474.0,0.0,1.316207,0.972601,BEL,HUN,030310
11943572,61,102,5091,2013,17315.0,0.0,2.093658,-3.4281980000000005,DEU,HUN,030310
11943573,111,102,5091,2013,1365.0,0.0,1.289924,0.533436,ITA,HUN,030310
11943574,206,102,5091,2013,0.0,6375.0,1.32064,0.7519819999999999,SVK,HUN,030310
11943575,114,103,5091,2013,1970862.0,0.0,2.3993130000000003,-0.564768,JPN,IDN,030310
11943576,153,103,5091,2013,57532.0,3209.0,0.937641,0.747496,MYS,IDN,030310
11943577,166,103,5091,2013,1524724.0,0.0,0.3345,0.39063000000000003,NZL,IDN,030310
11943578,192,103,5091,2013,5278.0,175239.0,1.915504,0.619576,SGP,IDN,030310
11943579,216,103,5091,2013,0.0,1114152.0,0.8752139999999999,1.3798620000000001,THA,IDN,030310
11943580,231,103,5091,2013,786827.0,0.0,1.6639689999999998,-0.48651300000000003,USA,IDN,030310
11943581,24,104,5091,2013,0.0,13814.0,0.249681,-0.6204270000000001,BHR,IND,030310
11943582,167,104,5091,2013,0.0,2949.0,-0.604175,-1.0463209999999998,OMN,IND,030310
11943583,215,104,5091,2013,0.0,12922.0,-0.598413,-0.49295200000000006,TGO,IND,030310
11943584,239,104,5091,2013,0.0,140741.0,-0.11426900000000001,1.399738,VNM,IND,030310
11943585,8,110,5091,2013,181222.0,0.0,0.20314300000000002,0.494062,ARG,ISR,030310
11943586,39,110,5091,2013,179886.0,0.0,0.719649,1.017046,CAN,ISR,030310
11943587,42,110,5091,2013,1157129.0,0.0,-0.260718,-0.38256100000000004,CHL,ISR,030310
11943588,43,110,5091,2013,1193460.0,0.0,1.113767,1.477496,CHN,ISR,030310
11943589,64,110,5091,2013,86824.0,0.0,1.161835,1.1788450000000001,DNK,ISR,030310
11943590,163,110,5091,2013,1429861.0,0.0,0.892099,0.18168399999999998,NOR,ISR,030310
11943591,181,110,5091,2013,5360.0,3750976.0,0.072979,0.7099260000000001,PSE,ISR,030310
11943592,230,110,5091,2013,86412.0,0.0,0.20190999999999998,-0.19777999999999998,URY,ISR,030310
11943593,231,110,5091,2013,1728996.0,0.0,1.6639689999999998,-0.48651300000000003,USA,ISR,030310
11943594,7,111,5091,2013,0.0,15662.0,-0.074047,-0.585168,ARE,ITA,030310
11943595,15,111,5091,2013,0.0,3296.0,1.7209240000000001,-0.286892,AUT,ITA,030310
11943596,39,111,5091,2013,1124462.0,0.0,0.719649,1.017046,CAN,ITA,030310
11943597,41,111,5091,2013,0.0,1123.0,2.2104470000000003,0.5403479999999999,CHE,ITA,030310
11943598,42,111,5091,2013,272332.0,0.0,-0.260718,-0.38256100000000004,CHL,ITA,030310
11943599,43,111,5091,2013,144245.0,0.0,1.113767,1.477496,CHN,ITA,030310
11943600,47,111,5091,2013,0.0,25895.0,-1.215681,-1.08679,COG,ITA,030310
11943601,61,111,5091,2013,205707.0,37152.0,2.093658,-3.4281980000000005,DEU,ITA,030310
11943602,64,111,5091,2013,349851.0,78406.0,1.161835,1.1788450000000001,DNK,ITA,030310
11943603,71,111,5091,2013,288719.0,633648.0,0.861698,2.353993,ESP,ITA,030310
11943604,77,111,5091,2013,20864.0,1501.0,1.520354,0.022874000000000002,FRA,ITA,030310
11943605,81,111,5091,2013,17058.0,2220.0,1.7901259999999999,0.44164,GBR,ITA,030310
11943606,83,111,5091,2013,15308.0,0.0,-0.7316010000000001,-0.5327689999999999,GHA,ITA,030310
11943607,90,111,5091,2013,0.0,24066.0,0.18823800000000002,0.910906,GRC,ITA,030310
11943608,100,111,5091,2013,0.0,1366.0,0.898284,1.038807,HRV,ITA,030310
11943609,102,111,5091,2013,0.0,1365.0,1.506101,0.7279220000000001,HUN,ITA,030310
11943610,134,111,5091,2013,88240.0,0.0,-0.6494260000000001,-0.035075999999999996,MAR,ITA,030310
11943611,142,111,5091,2013,0.0,32887.0,0.8519760000000001,-0.075869,MLT,ITA,030310
11943612,148,111,5091,2013,611950.0,0.0,-1.950532,-1.283104,MRT,ITA,030310
11943613,157,111,5091,2013,0.0,52894.0,-1.268738,-0.942256,NER,ITA,030310
11943614,162,111,5091,2013,35958.0,0.0,1.184107,1.249557,NLD,ITA,030310
11943615,177,111,5091,2013,24464.0,0.0,1.084332,1.216749,POL,ITA,030310
11943616,179,111,5091,2013,233630.0,0.0,0.541454,2.5228610000000002,PRT,ITA,030310
11943617,185,111,5091,2013,0.0,20917.0,0.792035,1.225034,ROU,ITA,030310
11943618,207,111,5091,2013,0.0,8362.0,1.698374,0.563082,SVN,ITA,030310
11943619,216,111,5091,2013,0.0,2499.0,0.8752139999999999,1.3798620000000001,THA,ITA,030310
11943620,223,111,5091,2013,0.0,46611.0,0.185528,1.0070700000000001,TUN,ITA,030310
11943621,231,111,5091,2013,3460899.0,0.0,1.6639689999999998,-0.48651300000000003,USA,ITA,030310
11943622,250,111,5091,2013,0.0,3930.0,0.628555,0.277602,ANS,ITA,030310
11943623,205,112,5091,2013,3361.0,0.0,-0.417865,-0.7600399999999999,SUR,JAM,030310
11943624,222,112,5091,2013,0.0,4181.0,-0.280641,-1.083332,TTO,JAM,030310
11943625,128,113,5091,2013,3263.0,0.0,-0.6521779999999999,0.41258599999999995,LKA,JOR,030310
11943626,7,121,5091,2013,0.0,14293.0,-0.074047,-0.585168,ARE,KOR,030310
11943627,39,121,5091,2013,17413.0,0.0,0.719649,1.017046,CAN,KOR,030310
11943628,42,121,5091,2013,3829072.0,0.0,-0.260718,-0.38256100000000004,CHL,KOR,030310
11943629,43,121,5091,2013,90328.0,485104.0,1.113767,1.477496,CHN,KOR,030310
11943630,61,121,5091,2013,0.0,81119.0,2.093658,-3.4281980000000005,DEU,KOR,030310
11943631,114,121,5091,2013,186207.0,198316.0,2.3993130000000003,-0.564768,JPN,KOR,030310
11943632,122,121,5091,2013,0.0,6819.0,-0.536384,-1.08382,KWT,KOR,030310
11943633,146,121,5091,2013,0.0,42000.0,0.596753,-0.118522,MNP,KOR,030310
11943634,148,121,5091,2013,1871212.0,0.0,-1.950532,-1.283104,MRT,KOR,030310
11943635,153,121,5091,2013,0.0,4429.0,0.937641,0.747496,MYS,KOR,030310
11943636,167,121,5091,2013,0.0,6884.0,-0.604175,-1.0463209999999998,OMN,KOR,030310
11943637,174,121,5091,2013,0.0,22343.0,0.507868,0.355403,PHL,KOR,030310
11943638,186,121,5091,2013,17378706.0,0.0,0.481166,-0.180052,RUS,KOR,030310
11943639,216,121,5091,2013,0.0,24641.0,0.8752139999999999,1.3798620000000001,THA,KOR,030310
11943640,231,121,5091,2013,40604112.0,0.0,1.6639689999999998,-0.48651300000000003,USA,KOR,030310
11943641,7,122,5091,2013,15461.0,0.0,-0.074047,-0.585168,ARE,KWT,030310
11943642,42,122,5091,2013,3648.0,0.0,-0.260718,-0.38256100000000004,CHL,KWT,030310
11943643,64,122,5091,2013,4039.0,0.0,1.161835,1.1788450000000001,DNK,KWT,030310
11943644,81,122,5091,2013,43774.0,0.0,1.7901259999999999,0.44164,GBR,KWT,030310
11943645,121,122,5091,2013,6819.0,0.0,1.818383,0.75645,KOR,KWT,030310
11943646,163,122,5091,2013,5535.0,0.0,0.892099,0.18168399999999998,NOR,KWT,030310
11943647,167,122,5091,2013,13421.0,0.0,-0.604175,-1.0463209999999998,OMN,KWT,030310
11943648,188,122,5091,2013,2363.0,0.0,0.626347,-0.844406,SAU,KWT,030310
11943649,231,122,5091,2013,19380.0,0.0,1.6639689999999998,-0.48651300000000003,USA,KWT,030310
11943650,231,138,5091,2013,19584.0,0.0,1.6639689999999998,-0.48651300000000003,USA,MEX,030310
11943651,22,153,5091,2013,0.0,12246.0,-1.101916,-0.734646,BGD,MYS,030310
11943652,42,153,5091,2013,653719.0,0.0,-0.260718,-0.38256100000000004,CHL,MYS,030310
11943653,97,153,5091,2013,89066.0,0.0,0.744383,1.923139,HKG,MYS,030310
11943654,103,153,5091,2013,3209.0,57532.0,-0.216854,1.415728,IDN,MYS,030310
11943655,114,153,5091,2013,12508.0,0.0,2.3993130000000003,-0.564768,JPN,MYS,030310
11943656,121,153,5091,2013,4429.0,0.0,1.818383,0.75645,KOR,MYS,030310
11943657,163,153,5091,2013,48523.0,0.0,0.892099,0.18168399999999998,NOR,MYS,030310
11943658,166,153,5091,2013,20578.0,0.0,0.3345,0.39063000000000003,NZL,MYS,030310
11943659,183,153,5091,2013,0.0,49818.0,-0.083649,-1.013491,QAT,MYS,030310
11943660,192,153,5091,2013,48494.0,0.0,1.915504,0.619576,SGP,MYS,030310
11943661,216,153,5091,2013,2184.0,0.0,0.8752139999999999,1.3798620000000001,THA,MYS,030310
11943662,224,153,5091,2013,1632.0,0.0,0.42932299999999995,2.690235,TUR,MYS,030310
11943663,231,153,5091,2013,5593.0,0.0,1.6639689999999998,-0.48651300000000003,USA,MYS,030310
11943664,249,153,5091,2013,172392.0,0.0,1.843186,0.9432379999999999,TWN,MYS,030310
11943665,0,162,5091,2013,0.0,53020.0,0.913235,-0.149061,ABW,NLD,030310
11943666,2,162,5091,2013,0.0,19745.0,-1.172043,-1.133735,AGO,NLD,030310
11943667,15,162,5091,2013,0.0,21153.0,1.7209240000000001,-0.286892,AUT,NLD,030310
11943668,18,162,5091,2013,151410.0,72378.0,1.316207,0.972601,BEL,NLD,030310
11943669,23,162,5091,2013,0.0,1957.0,0.5026109999999999,1.674296,BGR,NLD,030310
11943670,24,162,5091,2013,0.0,2347.0,0.249681,-0.6204270000000001,BHR,NLD,030310
11943671,39,162,5091,2013,239496.0,0.0,0.719649,1.017046,CAN,NLD,030310
11943672,41,162,5091,2013,0.0,68586.0,2.2104470000000003,0.5403479999999999,CHE,NLD,030310
11943673,42,162,5091,2013,30151.0,0.0,-0.260718,-0.38256100000000004,CHL,NLD,030310
11943674,61,162,5091,2013,282308.0,1060561.0,2.093658,-3.4281980000000005,DEU,NLD,030310
11943675,64,162,5091,2013,3797.0,48842.0,1.161835,1.1788450000000001,DNK,NLD,030310
11943676,71,162,5091,2013,0.0,470580.0,0.861698,2.353993,ESP,NLD,030310
11943677,77,162,5091,2013,21411.0,3190500.0,1.520354,0.022874000000000002,FRA,NLD,030310
11943678,81,162,5091,2013,58515.0,55920.0,1.7901259999999999,0.44164,GBR,NLD,030310
11943679,87,162,5091,2013,0.0,10830.0,-0.5571550000000001,-0.6860310000000001,GMB,NLD,030310
11943680,90,162,5091,2013,0.0,72624.0,0.18823800000000002,0.910906,GRC,NLD,030310
11943681,106,162,5091,2013,0.0,2714.0,1.29988,0.240688,IRL,NLD,030310
11943682,111,162,5091,2013,0.0,35958.0,1.289924,0.533436,ITA,NLD,030310
11943683,134,162,5091,2013,0.0,6823.0,-0.6494260000000001,-0.035075999999999996,MAR,NLD,030310
11943684,148,162,5091,2013,2517.0,0.0,-1.950532,-1.283104,MRT,NLD,030310
11943685,163,162,5091,2013,0.0,4239.0,0.892099,0.18168399999999998,NOR,NLD,030310
11943686,167,162,5091,2013,0.0,2186.0,-0.604175,-1.0463209999999998,OMN,NLD,030310
11943687,174,162,5091,2013,0.0,33691.0,0.507868,0.355403,PHL,NLD,030310
11943688,177,162,5091,2013,1824.0,20926.0,1.084332,1.216749,POL,NLD,030310
11943689,179,162,5091,2013,0.0,8914.0,0.541454,2.5228610000000002,PRT,NLD,030310
11943690,183,162,5091,2013,0.0,2166.0,-0.083649,-1.013491,QAT,NLD,030310
11943691,185,162,5091,2013,0.0,18749.0,0.792035,1.225034,ROU,NLD,030310
11943692,186,162,5091,2013,2190455.0,0.0,0.481166,-0.180052,RUS,NLD,030310
11943693,191,162,5091,2013,0.0,6122.0,-0.523662,-0.309101,SEN,NLD,030310
11943694,208,162,5091,2013,0.0,52488.0,1.869421,0.228109,SWE,NLD,030310
11943695,215,162,5091,2013,0.0,1130075.0,-0.598413,-0.49295200000000006,TGO,NLD,030310
11943696,216,162,5091,2013,0.0,1202.0,0.8752139999999999,1.3798620000000001,THA,NLD,030310
11943697,231,162,5091,2013,9795368.0,0.0,1.6639689999999998,-0.48651300000000003,USA,NLD,030310
11943698,7,163,5091,2013,0.0,211939.0,-0.074047,-0.585168,ARE,NOR,030310
11943699,24,163,5091,2013,0.0,10114.0,0.249681,-0.6204270000000001,BHR,NOR,030310
11943700,43,163,5091,2013,0.0,88306.0,1.113767,1.477496,CHN,NOR,030310
11943701,59,163,5091,2013,0.0,66821.0,1.819653,-0.12423800000000002,CZE,NOR,030310
11943702,65,163,5091,2013,0.0,56366.0,-0.277269,0.432388,DOM,NOR,030310
11943703,68,163,5091,2013,0.0,1650205.0,-0.17418,1.692641,EGY,NOR,030310
11943704,71,163,5091,2013,0.0,1998.0,0.861698,2.353993,ESP,NOR,030310
11943705,73,163,5091,2013,0.0,1537.0,-1.264002,-0.9594219999999999,ETH,NOR,030310
11943706,77,163,5091,2013,0.0,360247.0,1.520354,0.022874000000000002,FRA,NOR,030310
11943707,97,163,5091,2013,0.0,8108.0,0.744383,1.923139,HKG,NOR,030310
11943708,110,163,5091,2013,0.0,1429861.0,1.197241,0.633828,ISR,NOR,030310
11943709,115,163,5091,2013,0.0,36009.0,-0.680678,-0.83347,KAZ,NOR,030310
11943710,117,163,5091,2013,0.0,58327.0,-0.1035,0.339914,KGZ,NOR,030310
11943711,122,163,5091,2013,0.0,5535.0,-0.536384,-1.08382,KWT,NOR,030310
11943712,135,163,5091,2013,0.0,1130.0,-0.016235,0.132104,MDA,NOR,030310
11943713,140,163,5091,2013,0.0,2834.0,-0.10859400000000001,0.155229,MKD,NOR,030310
11943714,147,163,5091,2013,0.0,2738.0,-1.326323,-1.050969,MOZ,NOR,030310
11943715,153,163,5091,2013,0.0,48523.0,0.937641,0.747496,MYS,NOR,030310
11943716,162,163,5091,2013,4239.0,0.0,1.184107,1.249557,NLD,NOR,030310
11943717,174,163,5091,2013,0.0,4480949.0,0.507868,0.355403,PHL,NOR,030310
11943718,177,163,5091,2013,0.0,10469.0,1.084332,1.216749,POL,NOR,030310
11943719,183,163,5091,2013,0.0,42383.0,-0.083649,-1.013491,QAT,NOR,030310
11943720,188,163,5091,2013,0.0,303479.0,0.626347,-0.844406,SAU,NOR,030310
11943721,191,163,5091,2013,0.0,7984.0,-0.523662,-0.309101,SEN,NOR,030310
11943722,206,163,5091,2013,0.0,186925.0,1.32064,0.7519819999999999,SVK,NOR,030310
11943723,208,163,5091,2013,2295.0,0.0,1.869421,0.228109,SWE,NOR,030310
11943724,216,163,5091,2013,0.0,213042.0,0.8752139999999999,1.3798620000000001,THA,NOR,030310
11943725,231,163,5091,2013,0.0,166786.0,1.6639689999999998,-0.48651300000000003,USA,NOR,030310
11943726,246,163,5091,2013,0.0,113303.0,0.380284,1.5682120000000002,ZAF,NOR,030310
11943727,7,166,5091,2013,0.0,321598.0,-0.074047,-0.585168,ARE,NZL,030310
11943728,14,166,5091,2013,0.0,111265.0,-0.31145700000000004,-0.167628,AUS,NZL,030310
11943729,43,166,5091,2013,0.0,178147.0,1.113767,1.477496,CHN,NZL,030310
11943730,48,166,5091,2013,0.0,2437.0,0.483939,-0.42226400000000003,COK,NZL,030310
11943731,75,166,5091,2013,2052.0,15772.0,-0.5203369999999999,-0.122405,FJI,NZL,030310
11943732,82,166,5091,2013,0.0,54820.0,-0.160691,-0.393419,GEO,NZL,030310
11943733,95,166,5091,2013,0.0,23012.0,0.483541,0.281968,GUM,NZL,030310
11943734,97,166,5091,2013,0.0,1010.0,0.744383,1.923139,HKG,NZL,030310
11943735,103,166,5091,2013,0.0,1524724.0,-0.216854,1.415728,IDN,NZL,030310
11943736,107,166,5091,2013,0.0,528187.0,-0.339172,-0.237114,IRN,NZL,030310
11943737,114,166,5091,2013,107192.0,7525705.0,2.3993130000000003,-0.564768,JPN,NZL,030310
11943738,135,166,5091,2013,0.0,11866.0,-0.016235,0.132104,MDA,NZL,030310
11943739,153,166,5091,2013,0.0,20578.0,0.937641,0.747496,MYS,NZL,030310
11943740,156,166,5091,2013,0.0,60251.0,-0.136052,-0.703913,NCL,NZL,030310
11943741,174,166,5091,2013,0.0,1186676.0,0.507868,0.355403,PHL,NZL,030310
11943742,176,166,5091,2013,0.0,59867.0,-1.444244,-1.144231,PNG,NZL,030310
11943743,192,166,5091,2013,0.0,417689.0,1.915504,0.619576,SGP,NZL,030310
11943744,195,166,5091,2013,0.0,9947.0,-0.9350860000000001,-0.877676,SLB,NZL,030310
11943745,215,166,5091,2013,0.0,50112.0,-0.598413,-0.49295200000000006,TGO,NZL,030310
11943746,216,166,5091,2013,0.0,87390.0,0.8752139999999999,1.3798620000000001,THA,NZL,030310
11943747,221,166,5091,2013,2099.0,1842.0,0.183053,-0.345657,TON,NZL,030310
11943748,242,166,5091,2013,0.0,17062.0,0.824724,0.056441,WSM,NZL,030310
11943749,249,166,5091,2013,0.0,963628.0,1.843186,0.9432379999999999,TWN,NZL,030310
11943750,0,169,5091,2013,0.0,31667.0,0.913235,-0.149061,ABW,PAN,030310
11943751,228,169,5091,2013,3025.0,0.0,0.657729,0.9063200000000001,UKR,PAN,030310
11943752,42,173,5091,2013,46137.0,0.0,-0.260718,-0.38256100000000004,CHL,PER,030310
11943753,231,173,5091,2013,0.0,59300.0,1.6639689999999998,-0.48651300000000003,USA,PER,030310
11943754,14,174,5091,2013,3736.0,0.0,-0.31145700000000004,-0.167628,AUS,PHL,030310
11943755,42,174,5091,2013,316455.0,0.0,-0.260718,-0.38256100000000004,CHL,PHL,030310
11943756,43,174,5091,2013,273068.0,0.0,1.113767,1.477496,CHN,PHL,030310
11943757,61,174,5091,2013,3990.0,0.0,2.093658,-3.4281980000000005,DEU,PHL,030310
11943758,64,174,5091,2013,158660.0,0.0,1.161835,1.1788450000000001,DNK,PHL,030310
11943759,78,174,5091,2013,149050.0,0.0,-0.370701,-0.815466,FRO,PHL,030310
11943760,81,174,5091,2013,421296.0,0.0,1.7901259999999999,0.44164,GBR,PHL,030310
11943761,114,174,5091,2013,73897.0,0.0,2.3993130000000003,-0.564768,JPN,PHL,030310
11943762,121,174,5091,2013,22343.0,0.0,1.818383,0.75645,KOR,PHL,030310
11943763,162,174,5091,2013,33691.0,0.0,1.184107,1.249557,NLD,PHL,030310
11943764,163,174,5091,2013,4480949.0,0.0,0.892099,0.18168399999999998,NOR,PHL,030310
11943765,166,174,5091,2013,1186676.0,0.0,0.3345,0.39063000000000003,NZL,PHL,030310
11943766,179,174,5091,2013,50292.0,0.0,0.541454,2.5228610000000002,PRT,PHL,030310
11943767,192,174,5091,2013,63051.0,0.0,1.915504,0.619576,SGP,PHL,030310
11943768,231,174,5091,2013,615897.0,154908.0,1.6639689999999998,-0.48651300000000003,USA,PHL,030310
11943769,239,174,5091,2013,19379.0,0.0,-0.11426900000000001,1.399738,VNM,PHL,030310
11943770,39,177,5091,2013,105165.0,0.0,0.719649,1.017046,CAN,POL,030310
11943771,42,177,5091,2013,176255.0,0.0,-0.260718,-0.38256100000000004,CHL,POL,030310
11943772,43,177,5091,2013,234681.0,0.0,1.113767,1.477496,CHN,POL,030310
11943773,59,177,5091,2013,0.0,186909.0,1.819653,-0.12423800000000002,CZE,POL,030310
11943774,61,177,5091,2013,2848981.0,232808.0,2.093658,-3.4281980000000005,DEU,POL,030310
11943775,64,177,5091,2013,55944.0,0.0,1.161835,1.1788450000000001,DNK,POL,030310
11943776,71,177,5091,2013,134452.0,16336.0,0.861698,2.353993,ESP,POL,030310
11943777,77,177,5091,2013,137183.0,12082.0,1.520354,0.022874000000000002,FRA,POL,030310
11943778,81,177,5091,2013,193112.0,0.0,1.7901259999999999,0.44164,GBR,POL,030310
11943779,111,177,5091,2013,0.0,24464.0,1.289924,0.533436,ITA,POL,030310
11943780,132,177,5091,2013,0.0,26233.0,0.6219439999999999,1.166749,LVA,POL,030310
11943781,162,177,5091,2013,20926.0,1824.0,1.184107,1.249557,NLD,POL,030310
11943782,163,177,5091,2013,10469.0,0.0,0.892099,0.18168399999999998,NOR,POL,030310
11943783,179,177,5091,2013,38515.0,0.0,0.541454,2.5228610000000002,PRT,POL,030310
11943784,185,177,5091,2013,0.0,26603.0,0.792035,1.225034,ROU,POL,030310
11943785,206,177,5091,2013,0.0,5631.0,1.32064,0.7519819999999999,SVK,POL,030310
11943786,224,177,5091,2013,0.0,28522.0,0.42932299999999995,2.690235,TUR,POL,030310
11943787,231,177,5091,2013,4675358.0,0.0,1.6639689999999998,-0.48651300000000003,USA,POL,030310
11943788,2,179,5091,2013,0.0,55419.0,-1.172043,-1.133735,AGO,PRT,030310
11943789,18,179,5091,2013,0.0,2215.0,1.316207,0.972601,BEL,PRT,030310
11943790,39,179,5091,2013,248375.0,0.0,0.719649,1.017046,CAN,PRT,030310
11943791,41,179,5091,2013,0.0,44378.0,2.2104470000000003,0.5403479999999999,CHE,PRT,030310
11943792,43,179,5091,2013,2319.0,0.0,1.113767,1.477496,CHN,PRT,030310
11943793,61,179,5091,2013,23750.0,41299.0,2.093658,-3.4281980000000005,DEU,PRT,030310
11943794,64,179,5091,2013,53935.0,0.0,1.161835,1.1788450000000001,DNK,PRT,030310
11943795,71,179,5091,2013,1966439.0,63421.0,0.861698,2.353993,ESP,PRT,030310
11943796,77,179,5091,2013,20151.0,8442.0,1.520354,0.022874000000000002,FRA,PRT,030310
11943797,81,179,5091,2013,973.0,0.0,1.7901259999999999,0.44164,GBR,PRT,030310
11943798,89,179,5091,2013,0.0,10801.0,-1.521575,-0.814708,GNQ,PRT,030310
11943799,100,179,5091,2013,0.0,51991.0,0.898284,1.038807,HRV,PRT,030310
11943800,111,179,5091,2013,0.0,233630.0,1.289924,0.533436,ITA,PRT,030310
11943801,131,179,5091,2013,0.0,5157.0,1.170459,1.150327,LUX,PRT,030310
11943802,147,179,5091,2013,0.0,23619.0,-1.326323,-1.050969,MOZ,PRT,030310
11943803,148,179,5091,2013,17828.0,0.0,-1.950532,-1.283104,MRT,PRT,030310
11943804,162,179,5091,2013,8914.0,0.0,1.184107,1.249557,NLD,PRT,030310
11943805,174,179,5091,2013,0.0,50292.0,0.507868,0.355403,PHL,PRT,030310
11943806,177,179,5091,2013,0.0,38515.0,1.084332,1.216749,POL,PRT,030310
11943807,181,179,5091,2013,0.0,8713.0,0.072979,0.7099260000000001,PSE,PRT,030310
11943808,207,179,5091,2013,0.0,57300.0,1.698374,0.563082,SVN,PRT,030310
11943809,208,179,5091,2013,25643.0,0.0,1.869421,0.228109,SWE,PRT,030310
11943810,231,179,5091,2013,999519.0,1166.0,1.6639689999999998,-0.48651300000000003,USA,PRT,030310
11943811,8,181,5091,2013,895269.0,0.0,0.20314300000000002,0.494062,ARG,PSE,030310
11943812,14,181,5091,2013,41927.0,0.0,-0.31145700000000004,-0.167628,AUS,PSE,030310
11943813,71,181,5091,2013,125604.0,0.0,0.861698,2.353993,ESP,PSE,030310
11943814,110,181,5091,2013,3750976.0,5360.0,1.197241,0.633828,ISR,PSE,030310
11943815,179,181,5091,2013,8713.0,0.0,0.541454,2.5228610000000002,PRT,PSE,030310
11943816,230,181,5091,2013,61275.0,0.0,0.20190999999999998,-0.19777999999999998,URY,PSE,030310
11943817,239,181,5091,2013,553758.0,0.0,-0.11426900000000001,1.399738,VNM,PSE,030310
11943818,7,183,5091,2013,41430.0,0.0,-0.074047,-0.585168,ARE,QAT,030310
11943819,41,183,5091,2013,27968.0,0.0,2.2104470000000003,0.5403479999999999,CHE,QAT,030310
11943820,42,183,5091,2013,1883.0,0.0,-0.260718,-0.38256100000000004,CHL,QAT,030310
11943821,81,183,5091,2013,290977.0,0.0,1.7901259999999999,0.44164,GBR,QAT,030310
11943822,124,183,5091,2013,19009.0,0.0,0.283084,1.4289100000000001,LBN,QAT,030310
11943823,153,183,5091,2013,49818.0,0.0,0.937641,0.747496,MYS,QAT,030310
11943824,162,183,5091,2013,2166.0,0.0,1.184107,1.249557,NLD,QAT,030310
11943825,163,183,5091,2013,42383.0,0.0,0.892099,0.18168399999999998,NOR,QAT,030310
11943826,167,183,5091,2013,0.0,980.0,-0.604175,-1.0463209999999998,OMN,QAT,030310
11943827,192,183,5091,2013,13431.0,0.0,1.915504,0.619576,SGP,QAT,030310
11943828,231,183,5091,2013,9520.0,0.0,1.6639689999999998,-0.48651300000000003,USA,QAT,030310
11943829,24,188,5091,2013,9000.0,0.0,0.249681,-0.6204270000000001,BHR,SAU,030310
11943830,68,188,5091,2013,2099.0,0.0,-0.17418,1.692641,EGY,SAU,030310
11943831,81,188,5091,2013,197171.0,0.0,1.7901259999999999,0.44164,GBR,SAU,030310
11943832,107,188,5091,2013,129441.0,0.0,-0.339172,-0.237114,IRN,SAU,030310
11943833,122,188,5091,2013,0.0,2363.0,-0.536384,-1.08382,KWT,SAU,030310
11943834,163,188,5091,2013,303479.0,0.0,0.892099,0.18168399999999998,NOR,SAU,030310
11943835,7,192,5091,2013,0.0,56389.0,-0.074047,-0.585168,ARE,SGP,030310
11943836,34,192,5091,2013,0.0,145827.0,-0.866827,-0.795995,BRN,SGP,030310
11943837,39,192,5091,2013,7609.0,0.0,0.719649,1.017046,CAN,SGP,030310
11943838,43,192,5091,2013,171772.0,0.0,1.113767,1.477496,CHN,SGP,030310
11943839,61,192,5091,2013,2170.0,0.0,2.093658,-3.4281980000000005,DEU,SGP,030310
11943840,77,192,5091,2013,2355.0,0.0,1.520354,0.022874000000000002,FRA,SGP,030310
11943841,97,192,5091,2013,0.0,5085.0,0.744383,1.923139,HKG,SGP,030310
11943842,103,192,5091,2013,175239.0,5278.0,-0.216854,1.415728,IDN,SGP,030310
11943843,114,192,5091,2013,186204.0,0.0,2.3993130000000003,-0.564768,JPN,SGP,030310
11943844,123,192,5091,2013,0.0,1721.0,-1.204446,-0.8571489999999999,LAO,SGP,030310
11943845,137,192,5091,2013,0.0,29519.0,-0.21889699999999998,-0.776392,MDV,SGP,030310
11943846,143,192,5091,2013,0.0,7936.0,-1.230787,-0.737375,MMR,SGP,030310
11943847,148,192,5091,2013,137516.0,0.0,-1.950532,-1.283104,MRT,SGP,030310
11943848,153,192,5091,2013,0.0,48494.0,0.937641,0.747496,MYS,SGP,030310
11943849,166,192,5091,2013,417689.0,0.0,0.3345,0.39063000000000003,NZL,SGP,030310
11943850,174,192,5091,2013,0.0,63051.0,0.507868,0.355403,PHL,SGP,030310
11943851,183,192,5091,2013,0.0,13431.0,-0.083649,-1.013491,QAT,SGP,030310
11943852,231,192,5091,2013,52749.0,0.0,1.6639689999999998,-0.48651300000000003,USA,SGP,030310
11943853,112,205,5091,2013,0.0,3361.0,-0.541441,-0.8448559999999999,JAM,SUR,030310
11943854,231,205,5091,2013,1940.0,0.0,1.6639689999999998,-0.48651300000000003,USA,SUR,030310
11943855,15,206,5091,2013,16635.0,0.0,1.7209240000000001,-0.286892,AUT,SVK,030310
11943856,43,206,5091,2013,7105.0,0.0,1.113767,1.477496,CHN,SVK,030310
11943857,59,206,5091,2013,292175.0,2742.0,1.819653,-0.12423800000000002,CZE,SVK,030310
11943858,61,206,5091,2013,57887.0,0.0,2.093658,-3.4281980000000005,DEU,SVK,030310
11943859,72,206,5091,2013,6840.0,0.0,0.8828940000000001,1.386574,EST,SVK,030310
11943860,102,206,5091,2013,6375.0,0.0,1.506101,0.7279220000000001,HUN,SVK,030310
11943861,106,206,5091,2013,11020.0,0.0,1.29988,0.240688,IRL,SVK,030310
11943862,163,206,5091,2013,186925.0,0.0,0.892099,0.18168399999999998,NOR,SVK,030310
11943863,177,206,5091,2013,5631.0,0.0,1.084332,1.216749,POL,SVK,030310
11943864,231,206,5091,2013,30544.0,0.0,1.6639689999999998,-0.48651300000000003,USA,SVK,030310
11943865,39,208,5091,2013,60414.0,0.0,0.719649,1.017046,CAN,SWE,030310
11943866,61,208,5091,2013,61679.0,0.0,2.093658,-3.4281980000000005,DEU,SWE,030310
11943867,64,208,5091,2013,79400.0,11645.0,1.161835,1.1788450000000001,DNK,SWE,030310
11943868,71,208,5091,2013,1954.0,0.0,0.861698,2.353993,ESP,SWE,030310
11943869,74,208,5091,2013,0.0,60549.0,1.734552,0.8896940000000001,FIN,SWE,030310
11943870,162,208,5091,2013,52488.0,0.0,1.184107,1.249557,NLD,SWE,030310
11943871,163,208,5091,2013,0.0,2295.0,0.892099,0.18168399999999998,NOR,SWE,030310
11943872,179,208,5091,2013,0.0,25643.0,0.541454,2.5228610000000002,PRT,SWE,030310
11943873,231,208,5091,2013,570222.0,0.0,1.6639689999999998,-0.48651300000000003,USA,SWE,030310
11943874,7,216,5091,2013,0.0,6033.0,-0.074047,-0.585168,ARE,THA,030310
11943875,39,216,5091,2013,2204033.0,0.0,0.719649,1.017046,CAN,THA,030310
11943876,42,216,5091,2013,4084206.0,0.0,-0.260718,-0.38256100000000004,CHL,THA,030310
11943877,43,216,5091,2013,2630034.0,0.0,1.113767,1.477496,CHN,THA,030310
11943878,103,216,5091,2013,1114152.0,0.0,-0.216854,1.415728,IDN,THA,030310
11943879,111,216,5091,2013,2499.0,0.0,1.289924,0.533436,ITA,THA,030310
11943880,114,216,5091,2013,13494151.0,815032.0,2.3993130000000003,-0.564768,JPN,THA,030310
11943881,121,216,5091,2013,24641.0,0.0,1.818383,0.75645,KOR,THA,030310
11943882,123,216,5091,2013,0.0,6230.0,-1.204446,-0.8571489999999999,LAO,THA,030310
11943883,137,216,5091,2013,0.0,1751.0,-0.21889699999999998,-0.776392,MDV,THA,030310
11943884,140,216,5091,2013,0.0,843.0,-0.10859400000000001,0.155229,MKD,THA,030310
11943885,143,216,5091,2013,56407.0,1204.0,-1.230787,-0.737375,MMR,THA,030310
11943886,153,216,5091,2013,0.0,2184.0,0.937641,0.747496,MYS,THA,030310
11943887,162,216,5091,2013,1202.0,0.0,1.184107,1.249557,NLD,THA,030310
11943888,163,216,5091,2013,213042.0,0.0,0.892099,0.18168399999999998,NOR,THA,030310
11943889,164,216,5091,2013,0.0,6312.0,-0.293669,0.677365,NPL,THA,030310
11943890,166,216,5091,2013,87390.0,0.0,0.3345,0.39063000000000003,NZL,THA,030310
11943891,186,216,5091,2013,8100696.0,0.0,0.481166,-0.180052,RUS,THA,030310
11943892,231,216,5091,2013,30086256.0,7541.0,1.6639689999999998,-0.48651300000000003,USA,THA,030310
11943893,42,222,5091,2013,19499.0,0.0,-0.260718,-0.38256100000000004,CHL,TTO,030310
11943894,112,222,5091,2013,4181.0,0.0,-0.541441,-0.8448559999999999,JAM,TTO,030310
11943895,231,222,5091,2013,74836.0,0.0,1.6639689999999998,-0.48651300000000003,USA,TTO,030310
11943896,15,224,5091,2013,0.0,22182.0,1.7209240000000001,-0.286892,AUT,TUR,030310
11943897,82,224,5091,2013,0.0,104458.0,-0.160691,-0.393419,GEO,TUR,030310
11943898,153,224,5091,2013,0.0,1632.0,0.937641,0.747496,MYS,TUR,030310
11943899,157,224,5091,2013,0.0,6139.0,-1.268738,-0.942256,NER,TUR,030310
11943900,177,224,5091,2013,28522.0,0.0,1.084332,1.216749,POL,TUR,030310
11943901,231,224,5091,2013,32145.0,0.0,1.6639689999999998,-0.48651300000000003,USA,TUR,030310
11943902,39,228,5091,2013,224586.0,0.0,0.719649,1.017046,CAN,UKR,030310
11943903,42,228,5091,2013,3719075.0,0.0,-0.260718,-0.38256100000000004,CHL,UKR,030310
11943904,43,228,5091,2013,1193227.0,0.0,1.113767,1.477496,CHN,UKR,030310
11943905,81,228,5091,2013,53412.0,0.0,1.7901259999999999,0.44164,GBR,UKR,030310
11943906,148,228,5091,2013,358633.0,0.0,-1.950532,-1.283104,MRT,UKR,030310
11943907,169,228,5091,2013,0.0,3025.0,0.735637,1.161718,PAN,UKR,030310
11943908,186,228,5091,2013,285819.0,0.0,0.481166,-0.180052,RUS,UKR,030310
11943909,231,228,5091,2013,15103285.0,0.0,1.6639689999999998,-0.48651300000000003,USA,UKR,030310
11943910,110,230,5091,2013,0.0,86412.0,1.197241,0.633828,ISR,URY,030310
11943911,159,230,5091,2013,0.0,85680.0,-1.745783,-1.1356680000000001,NGA,URY,030310
11943912,181,230,5091,2013,0.0,61275.0,0.072979,0.7099260000000001,PSE,URY,030310
11943913,215,230,5091,2013,0.0,56679.0,-0.598413,-0.49295200000000006,TGO,URY,030310
11943914,0,231,5091,2013,0.0,12955.0,0.913235,-0.149061,ABW,USA,030310
11943915,2,231,5091,2013,0.0,10608.0,-1.172043,-1.133735,AGO,USA,030310
11943916,5,231,5091,2013,0.0,2161.0,0.9666530000000001,-0.159606,AND,USA,030310
11943917,7,231,5091,2013,0.0,14345.0,-0.074047,-0.585168,ARE,USA,030310
11943918,13,231,5091,2013,0.0,10588.0,0.096563,-0.60577,ATG,USA,030310
11943919,18,231,5091,2013,0.0,1404086.0,1.316207,0.972601,BEL,USA,030310
11943920,23,231,5091,2013,0.0,46370.0,0.5026109999999999,1.674296,BGR,USA,030310
11943921,25,231,5091,2013,0.0,131841.0,0.756732,-0.369842,BHS,USA,030310
11943922,28,231,5091,2013,0.0,68732.0,1.036923,0.864568,BLR,USA,030310
11943923,30,231,5091,2013,12227.0,38438.0,1.087677,-0.452984,BMU,USA,030310
11943924,32,231,5091,2013,0.0,808867.0,0.14765899999999998,0.399262,BRA,USA,030310
11943925,33,231,5091,2013,0.0,6033.0,0.6969489999999999,0.135283,BRB,USA,030310
11943926,39,231,5091,2013,9263931.0,31068592.0,0.719649,1.017046,CAN,USA,030310
11943927,41,231,5091,2013,395543.0,154722.0,2.2104470000000003,0.5403479999999999,CHE,USA,030310
11943928,42,231,5091,2013,77581.0,0.0,-0.260718,-0.38256100000000004,CHL,USA,030310
11943929,43,231,5091,2013,162983.0,199496176.0,1.113767,1.477496,CHN,USA,030310
11943930,49,231,5091,2013,4123.0,0.0,0.121799,-0.388239,COL,USA,030310
11943931,52,231,5091,2013,0.0,37384.0,0.067379,-0.688217,CRI,USA,030310
11943932,55,231,5091,2013,0.0,14624.0,0.029981999999999998,-0.673439,CUW,USA,030310
11943933,57,231,5091,2013,0.0,464472.0,0.391996,-0.73249,CYM,USA,030310
11943934,58,231,5091,2013,0.0,50458.0,0.502238,0.349608,CYP,USA,030310
11943935,59,231,5091,2013,0.0,528876.0,1.819653,-0.12423800000000002,CZE,USA,030310
11943936,61,231,5091,2013,0.0,29407540.0,2.093658,-3.4281980000000005,DEU,USA,030310
11943937,64,231,5091,2013,0.0,1575056.0,1.161835,1.1788450000000001,DNK,USA,030310
11943938,65,231,5091,2013,0.0,816587.0,-0.277269,0.432388,DOM,USA,030310
11943939,66,231,5091,2013,0.0,5287.0,-1.373947,-1.1523459999999999,DZA,USA,030310
11943940,71,231,5091,2013,0.0,6220666.0,0.861698,2.353993,ESP,USA,030310
11943941,72,231,5091,2013,0.0,57289.0,0.8828940000000001,1.386574,EST,USA,030310
11943942,77,231,5091,2013,0.0,21104040.0,1.520354,0.022874000000000002,FRA,USA,030310
11943943,79,231,5091,2013,0.0,1510.0,-0.234314,-0.8260700000000001,FSM,USA,030310
11943944,81,231,5091,2013,16492.0,3344618.0,1.7901259999999999,0.44164,GBR,USA,030310
11943945,82,231,5091,2013,0.0,2701488.0,-0.160691,-0.393419,GEO,USA,030310
11943946,90,231,5091,2013,0.0,601763.0,0.18823800000000002,0.910906,GRC,USA,030310
11943947,96,231,5091,2013,7742.0,4314.0,-0.8555590000000001,-0.9744450000000001,GUY,USA,030310
11943948,97,231,5091,2013,0.0,158659.0,0.744383,1.923139,HKG,USA,030310
11943949,100,231,5091,2013,0.0,66133.0,0.898284,1.038807,HRV,USA,030310
11943950,103,231,5091,2013,0.0,786827.0,-0.216854,1.415728,IDN,USA,030310
11943951,110,231,5091,2013,0.0,1728996.0,1.197241,0.633828,ISR,USA,030310
11943952,111,231,5091,2013,0.0,3460899.0,1.289924,0.533436,ITA,USA,030310
11943953,114,231,5091,2013,7567.0,23637282.0,2.3993130000000003,-0.564768,JPN,USA,030310
11943954,120,231,5091,2013,0.0,5718.0,0.8500270000000001,-0.390234,KNA,USA,030310
11943955,121,231,5091,2013,0.0,40604112.0,1.818383,0.75645,KOR,USA,030310
11943956,122,231,5091,2013,0.0,19380.0,-0.536384,-1.08382,KWT,USA,030310
11943957,127,231,5091,2013,0.0,1566.0,0.265129,-0.5083949999999999,LCA,USA,030310
11943958,130,231,5091,2013,0.0,962606.0,0.737796,1.215543,LTU,USA,030310
11943959,131,231,5091,2013,0.0,1558.0,1.170459,1.150327,LUX,USA,030310
11943960,134,231,5091,2013,0.0,16630.0,-0.6494260000000001,-0.035075999999999996,MAR,USA,030310
11943961,135,231,5091,2013,0.0,7648.0,-0.016235,0.132104,MDA,USA,030310
11943962,138,231,5091,2013,0.0,19584.0,1.048507,0.718932,MEX,USA,030310
11943963,140,231,5091,2013,0.0,43703.0,-0.10859400000000001,0.155229,MKD,USA,030310
11943964,144,231,5091,2013,0.0,115437.0,-0.054454999999999996,-0.164875,MNE,USA,030310
11943965,148,231,5091,2013,51390.0,0.0,-1.950532,-1.283104,MRT,USA,030310
11943966,153,231,5091,2013,0.0,5593.0,0.937641,0.747496,MYS,USA,030310
11943967,160,231,5091,2013,0.0,44272.0,-0.9277,-0.6842630000000001,NIC,USA,030310
11943968,162,231,5091,2013,0.0,9795368.0,1.184107,1.249557,NLD,USA,030310
11943969,163,231,5091,2013,166786.0,0.0,0.892099,0.18168399999999998,NOR,USA,030310
11943970,173,231,5091,2013,59300.0,0.0,-0.573852,0.357977,PER,USA,030310
11943971,174,231,5091,2013,154908.0,615897.0,0.507868,0.355403,PHL,USA,030310
11943972,175,231,5091,2013,0.0,4866.0,0.232127,-0.716653,PLW,USA,030310
11943973,177,231,5091,2013,0.0,4675358.0,1.084332,1.216749,POL,USA,030310
11943974,179,231,5091,2013,1166.0,999519.0,0.541454,2.5228610000000002,PRT,USA,030310
11943975,182,231,5091,2013,0.0,16799.0,-0.146044,-0.7055359999999999,PYF,USA,030310
11943976,183,231,5091,2013,0.0,9520.0,-0.083649,-1.013491,QAT,USA,030310
11943977,185,231,5091,2013,0.0,230762.0,0.792035,1.225034,ROU,USA,030310
11943978,186,231,5091,2013,21698598.0,236492.0,0.481166,-0.180052,RUS,USA,030310
11943979,191,231,5091,2013,0.0,2321.0,-0.523662,-0.309101,SEN,USA,030310
11943980,192,231,5091,2013,0.0,52749.0,1.915504,0.619576,SGP,USA,030310
11943981,201,231,5091,2013,0.0,17226.0,0.5717720000000001,1.174901,SRB,USA,030310
11943982,205,231,5091,2013,0.0,1940.0,-0.417865,-0.7600399999999999,SUR,USA,030310
11943983,206,231,5091,2013,0.0,30544.0,1.32064,0.7519819999999999,SVK,USA,030310
11943984,207,231,5091,2013,0.0,39494.0,1.698374,0.563082,SVN,USA,030310
11943985,208,231,5091,2013,0.0,570222.0,1.869421,0.228109,SWE,USA,030310
11943986,210,231,5091,2013,0.0,4070.0,0.5512090000000001,-0.22818400000000003,SXM,USA,030310
11943987,215,231,5091,2013,0.0,15717.0,-0.598413,-0.49295200000000006,TGO,USA,030310
11943988,216,231,5091,2013,7541.0,30086256.0,0.8752139999999999,1.3798620000000001,THA,USA,030310
11943989,222,231,5091,2013,0.0,74836.0,-0.280641,-1.083332,TTO,USA,030310
11943990,224,231,5091,2013,0.0,32145.0,0.42932299999999995,2.690235,TUR,USA,030310
11943991,228,231,5091,2013,0.0,15103285.0,0.657729,0.9063200000000001,UKR,USA,030310
11943992,233,231,5091,2013,0.0,821670.0,0.699425,-0.296746,VAT,USA,030310
11943993,237,231,5091,2013,0.0,2865.0,0.616863,-0.314222,VGB,USA,030310
11943994,239,231,5091,2013,0.0,358789.0,-0.11426900000000001,1.399738,VNM,USA,030310
11943995,242,231,5091,2013,0.0,4045.0,0.824724,0.056441,WSM,USA,030310
11943996,246,231,5091,2013,0.0,726905.0,0.380284,1.5682120000000002,ZAF,USA,030310
11943997,249,231,5091,2013,28338.0,1456114.0,1.843186,0.9432379999999999,TWN,USA,030310
11943998,68,243,5091,2013,0.0,7822.0,-0.17418,1.692641,EGY,YEM,030310
11943999,226,243,5091,2013,0.0,35273.0,-0.9306770000000001,0.273489,TZA,YEM,030310
11944000,2,246,5091,2013,0.0,49351.0,-1.172043,-1.133735,AGO,ZAF,030310
11944001,37,246,5091,2013,0.0,52114.0,-0.46761499999999995,-1.0842040000000002,BWA,ZAF,030310
11944002,39,246,5091,2013,70875.0,0.0,0.719649,1.017046,CAN,ZAF,030310
11944003,43,246,5091,2013,8129.0,0.0,1.113767,1.477496,CHN,ZAF,030310
11944004,97,246,5091,2013,2608.0,0.0,0.744383,1.923139,HKG,ZAF,030310
11944005,129,246,5091,2013,16177.0,0.0,-0.7396689999999999,-0.696625,LSO,ZAF,030310
11944006,147,246,5091,2013,4549.0,17559.0,-1.326323,-1.050969,MOZ,ZAF,030310
11944007,152,246,5091,2013,0.0,23030.0,-0.8992120000000001,-0.862175,MWI,ZAF,030310
11944008,155,246,5091,2013,65640.0,5896.0,-0.308643,-0.480617,NAM,ZAF,030310
11944009,163,246,5091,2013,113303.0,0.0,0.892099,0.18168399999999998,NOR,ZAF,030310
11944010,209,246,5091,2013,0.0,1158.0,0.109267,-0.275005,SWZ,ZAF,030310
11944011,214,246,5091,2013,0.0,3773.0,-2.800677,-0.9466969999999999,TCD,ZAF,030310
11944012,215,246,5091,2013,0.0,147837.0,-0.598413,-0.49295200000000006,TGO,ZAF,030310
11944013,231,246,5091,2013,726905.0,0.0,1.6639689999999998,-0.48651300000000003,USA,ZAF,030310
11944014,247,246,5091,2013,0.0,115844.0,-0.382129,-0.5442229999999999,ZMB,ZAF,030310
11944015,248,246,5091,2013,0.0,9146.0,-0.828702,-0.899175,ZWE,ZAF,030310
11944016,24,249,5091,2013,0.0,33206.0,0.249681,-0.6204270000000001,BHR,TWN,030310
11944017,39,249,5091,2013,458503.0,0.0,0.719649,1.017046,CAN,TWN,030310
11944018,42,249,5091,2013,1984362.0,0.0,-0.260718,-0.38256100000000004,CHL,TWN,030310
11944019,81,249,5091,2013,32209.0,0.0,1.7901259999999999,0.44164,GBR,TWN,030310
11944020,114,249,5091,2013,78759.0,0.0,2.3993130000000003,-0.564768,JPN,TWN,030310
11944021,148,249,5091,2013,16899.0,0.0,-1.950532,-1.283104,MRT,TWN,030310
11944022,153,249,5091,2013,0.0,172392.0,0.937641,0.747496,MYS,TWN,030310
11944023,166,249,5091,2013,963628.0,0.0,0.3345,0.39063000000000003,NZL,TWN,030310
11944024,186,249,5091,2013,68431.0,0.0,0.481166,-0.180052,RUS,TWN,030310
11944025,215,249,5091,2013,0.0,11914.0,-0.598413,-0.49295200000000006,TGO,TWN,030310
11944026,231,249,5091,2013,1456114.0,28338.0,1.6639689999999998,-0.48651300000000003,USA,TWN,030310
11944027,0,250,5091,2013,0.0,52260.0,0.913235,-0.149061,ABW,ANS,030310
11944028,61,250,5091,2013,352699.0,0.0,2.093658,-3.4281980000000005,DEU,ANS,030310
11944029,73,250,5091,2013,0.0,8258.0,-1.264002,-0.9594219999999999,ETH,ANS,030310
11944030,75,250,5091,2013,0.0,1224.0,-0.5203369999999999,-0.122405,FJI,ANS,030310
11944031,111,250,5091,2013,3930.0,0.0,1.289924,0.533436,ITA,ANS,030310
11944032,136,250,5091,2013,0.0,1060.0,-1.068565,-0.364254,MDG,ANS,030310
11944033,191,250,5091,2013,33723.0,0.0,-0.523662,-0.309101,SEN,ANS,030310
11944034,82,9,5091,2013,26404.0,0.0,-0.160691,-0.393419,GEO,ARM,030310
11944035,22,14,5091,2013,0.0,2248.0,-1.101916,-0.734646,BGD,AUS,030310
11944036,39,14,5091,2013,10272.0,0.0,0.719649,1.017046,CAN,AUS,030310
11944037,97,14,5091,2013,0.0,12969.0,0.744383,1.923139,HKG,AUS,030310
11944038,137,14,5091,2013,0.0,22294.0,-0.21889699999999998,-0.776392,MDV,AUS,030310
11944039,166,14,5091,2013,111265.0,0.0,0.3345,0.39063000000000003,NZL,AUS,030310
11944040,174,14,5091,2013,0.0,3736.0,0.507868,0.355403,PHL,AUS,030310
11944041,181,14,5091,2013,0.0,41927.0,0.072979,0.7099260000000001,PSE,AUS,030310
11944042,221,14,5091,2013,2016.0,0.0,0.183053,-0.345657,TON,AUS,030310
11944043,39,16,5091,2013,3851.0,0.0,0.719649,1.017046,CAN,AZE,030310
11944044,42,16,5091,2013,92958.0,0.0,-0.260718,-0.38256100000000004,CHL,AZE,030310
11944045,82,16,5091,2013,60944.0,0.0,-0.160691,-0.393419,GEO,AZE,030310
11944046,186,16,5091,2013,289288.0,0.0,0.481166,-0.180052,RUS,AZE,030310
11944047,7,22,5091,2013,1068.0,0.0,-0.074047,-0.585168,ARE,BGD,030310
11944048,14,22,5091,2013,2248.0,0.0,-0.31145700000000004,-0.167628,AUS,BGD,030310
11944049,137,22,5091,2013,0.0,1235.0,-0.21889699999999998,-0.776392,MDV,BGD,030310
11944050,153,22,5091,2013,12246.0,0.0,0.937641,0.747496,MYS,BGD,030310
11944051,81,24,5091,2013,40451.0,0.0,1.7901259999999999,0.44164,GBR,BHR,030310
11944052,104,24,5091,2013,13814.0,0.0,0.215356,2.3916209999999998,IND,BHR,030310
11944053,143,24,5091,2013,29486.0,0.0,-1.230787,-0.737375,MMR,BHR,030310
11944054,162,24,5091,2013,2347.0,0.0,1.184107,1.249557,NLD,BHR,030310
11944055,163,24,5091,2013,10114.0,0.0,0.892099,0.18168399999999998,NOR,BHR,030310
11944056,188,24,5091,2013,0.0,9000.0,0.626347,-0.844406,SAU,BHR,030310
11944057,249,24,5091,2013,33206.0,0.0,1.843186,0.9432379999999999,TWN,BHR,030310
11944058,71,26,5091,2013,20042.0,0.0,0.861698,2.353993,ESP,BIH,030310
11944059,144,26,5091,2013,0.0,1763.0,-0.054454999999999996,-0.164875,MNE,BIH,030310
11944060,42,28,5091,2013,923712.0,0.0,-0.260718,-0.38256100000000004,CHL,BLR,030310
11944061,186,28,5091,2013,2836396.0,888967.0,0.481166,-0.180052,RUS,BLR,030310
11944062,231,28,5091,2013,68732.0,0.0,1.6639689999999998,-0.48651300000000003,USA,BLR,030310
11944063,42,68,5091,2013,252732.0,0.0,-0.260718,-0.38256100000000004,CHL,EGY,030310
11944064,148,68,5091,2013,85387.0,0.0,-1.950532,-1.283104,MRT,EGY,030310
11944065,163,68,5091,2013,1650205.0,0.0,0.892099,0.18168399999999998,NOR,EGY,030310
11944066,188,68,5091,2013,0.0,2099.0,0.626347,-0.844406,SAU,EGY,030310
11944067,243,68,5091,2013,7822.0,0.0,-1.252605,-1.207324,YEM,EGY,030310
11944068,9,82,5091,2013,0.0,26404.0,-0.076922,-0.5781390000000001,ARM,GEO,030310
11944069,16,82,5091,2013,0.0,60944.0,-0.9232870000000001,-1.165928,AZE,GEO,030310
11944070,39,82,5091,2013,1002442.0,0.0,0.719649,1.017046,CAN,GEO,030310
11944071,42,82,5091,2013,30398.0,0.0,-0.260718,-0.38256100000000004,CHL,GEO,030310
11944072,64,82,5091,2013,51770.0,0.0,1.161835,1.1788450000000001,DNK,GEO,030310
11944073,71,82,5091,2013,64511.0,0.0,0.861698,2.353993,ESP,GEO,030310
11944074,109,82,5091,2013,81129.0,0.0,0.259374,-0.20413299999999998,ISL,GEO,030310
11944075,132,82,5091,2013,37204.0,0.0,0.6219439999999999,1.166749,LVA,GEO,030310
11944076,166,82,5091,2013,54820.0,0.0,0.3345,0.39063000000000003,NZL,GEO,030310
11944077,186,82,5091,2013,50411.0,0.0,0.481166,-0.180052,RUS,GEO,030310
11944078,224,82,5091,2013,104458.0,0.0,0.42932299999999995,2.690235,TUR,GEO,030310
11944079,231,82,5091,2013,2701488.0,0.0,1.6639689999999998,-0.48651300000000003,USA,GEO,030310
11944080,43,100,5091,2013,16009.0,0.0,1.113767,1.477496,CHN,HRV,030310
11944081,71,100,5091,2013,53047.0,0.0,0.861698,2.353993,ESP,HRV,030310
11944082,111,100,5091,2013,1366.0,0.0,1.289924,0.533436,ITA,HRV,030310
11944083,144,100,5091,2013,0.0,1385.0,-0.054454999999999996,-0.164875,MNE,HRV,030310
11944084,179,100,5091,2013,51991.0,0.0,0.541454,2.5228610000000002,PRT,HRV,030310
11944085,231,100,5091,2013,66133.0,0.0,1.6639689999999998,-0.48651300000000003,USA,HRV,030310
11944086,41,106,5091,2013,0.0,1712.0,2.2104470000000003,0.5403479999999999,CHE,IRL,030310
11944087,61,106,5091,2013,109506.0,0.0,2.093658,-3.4281980000000005,DEU,IRL,030310
11944088,77,106,5091,2013,6698.0,0.0,1.520354,0.022874000000000002,FRA,IRL,030310
11944089,81,106,5091,2013,52719.0,17620.0,1.7901259999999999,0.44164,GBR,IRL,030310
11944090,162,106,5091,2013,2714.0,0.0,1.184107,1.249557,NLD,IRL,030310
11944091,206,106,5091,2013,0.0,11020.0,1.32064,0.7519819999999999,SVK,IRL,030310
11944092,215,106,5091,2013,0.0,18615.0,-0.598413,-0.49295200000000006,TGO,IRL,030310
11944093,7,107,5091,2013,262265.0,0.0,-0.074047,-0.585168,ARE,IRN,030310
11944094,166,107,5091,2013,528187.0,0.0,0.3345,0.39063000000000003,NZL,IRN,030310
11944095,188,107,5091,2013,0.0,129441.0,0.626347,-0.844406,SAU,IRN,030310
11944096,7,114,5091,2013,0.0,2419.0,-0.074047,-0.585168,ARE,JPN,030310
11944097,39,114,5091,2013,8884419.0,1148836.0,0.719649,1.017046,CAN,JPN,030310
11944098,42,114,5091,2013,304999936.0,0.0,-0.260718,-0.38256100000000004,CHL,JPN,030310
11944099,43,114,5091,2013,4857024.0,51279764.0,1.113767,1.477496,CHN,JPN,030310
11944100,77,114,5091,2013,0.0,315575.0,1.520354,0.022874000000000002,FRA,JPN,030310
11944101,95,114,5091,2013,0.0,37309.0,0.483541,0.281968,GUM,JPN,030310
11944102,97,114,5091,2013,0.0,126449.0,0.744383,1.923139,HKG,JPN,030310
11944103,103,114,5091,2013,0.0,1970862.0,-0.216854,1.415728,IDN,JPN,030310
11944104,121,114,5091,2013,198316.0,186207.0,1.818383,0.75645,KOR,JPN,030310
11944105,146,114,5091,2013,0.0,11651.0,0.596753,-0.118522,MNP,JPN,030310
11944106,148,114,5091,2013,19429.0,0.0,-1.950532,-1.283104,MRT,JPN,030310
11944107,153,114,5091,2013,0.0,12508.0,0.937641,0.747496,MYS,JPN,030310
11944108,166,114,5091,2013,7525705.0,107192.0,0.3345,0.39063000000000003,NZL,JPN,030310
11944109,174,114,5091,2013,0.0,73897.0,0.507868,0.355403,PHL,JPN,030310
11944110,186,114,5091,2013,164422560.0,0.0,0.481166,-0.180052,RUS,JPN,030310
11944111,192,114,5091,2013,0.0,186204.0,1.915504,0.619576,SGP,JPN,030310
11944112,216,114,5091,2013,815032.0,13494151.0,0.8752139999999999,1.3798620000000001,THA,JPN,030310
11944113,221,114,5091,2013,31393.0,0.0,0.183053,-0.345657,TON,JPN,030310
11944114,231,114,5091,2013,23637282.0,7567.0,1.6639689999999998,-0.48651300000000003,USA,JPN,030310
11944115,239,114,5091,2013,0.0,9902900.0,-0.11426900000000001,1.399738,VNM,JPN,030310
11944116,249,114,5091,2013,0.0,78759.0,1.843186,0.9432379999999999,TWN,JPN,030310
11944117,43,115,5091,2013,4308.0,0.0,1.113767,1.477496,CHN,KAZ,030310
11944118,163,115,5091,2013,36009.0,0.0,0.892099,0.18168399999999998,NOR,KAZ,030310
11944119,186,115,5091,2013,879119.0,135508.0,0.481166,-0.180052,RUS,KAZ,030310
11944120,42,117,5091,2013,24082.0,0.0,-0.260718,-0.38256100000000004,CHL,KGZ,030310
11944121,61,117,5091,2013,5957.0,0.0,2.093658,-3.4281980000000005,DEU,KGZ,030310
11944122,163,117,5091,2013,58327.0,0.0,0.892099,0.18168399999999998,NOR,KGZ,030310
11944123,186,117,5091,2013,610768.0,0.0,0.481166,-0.180052,RUS,KGZ,030310
11944124,239,117,5091,2013,471.0,0.0,-0.11426900000000001,1.399738,VNM,KGZ,030310
11944125,148,124,5091,2013,14026.0,0.0,-1.950532,-1.283104,MRT,LBN,030310
11944126,183,124,5091,2013,0.0,19009.0,-0.083649,-1.013491,QAT,LBN,030310
11944127,113,128,5091,2013,0.0,3263.0,0.152659,0.5889979999999999,JOR,LKA,030310
11944128,42,130,5091,2013,2249871.0,0.0,-0.260718,-0.38256100000000004,CHL,LTU,030310
11944129,43,130,5091,2013,361600.0,0.0,1.113767,1.477496,CHN,LTU,030310
11944130,61,130,5091,2013,100472.0,0.0,2.093658,-3.4281980000000005,DEU,LTU,030310
11944131,72,130,5091,2013,0.0,2951.0,0.8828940000000001,1.386574,EST,LTU,030310
11944132,81,130,5091,2013,103829.0,0.0,1.7901259999999999,0.44164,GBR,LTU,030310
11944133,132,130,5091,2013,0.0,24282.0,0.6219439999999999,1.166749,LVA,LTU,030310
11944134,231,130,5091,2013,962606.0,0.0,1.6639689999999998,-0.48651300000000003,USA,LTU,030310
11944135,232,130,5091,2013,0.0,37724.0,-0.748212,-0.567268,UZB,LTU,030310
11944136,18,131,5091,2013,16509.0,0.0,1.316207,0.972601,BEL,LUX,030310
11944137,42,131,5091,2013,762.0,0.0,-0.260718,-0.38256100000000004,CHL,LUX,030310
11944138,61,131,5091,2013,2504.0,0.0,2.093658,-3.4281980000000005,DEU,LUX,030310
11944139,77,131,5091,2013,5738.0,0.0,1.520354,0.022874000000000002,FRA,LUX,030310
11944140,179,131,5091,2013,5157.0,0.0,0.541454,2.5228610000000002,PRT,LUX,030310
11944141,231,131,5091,2013,1558.0,0.0,1.6639689999999998,-0.48651300000000003,USA,LUX,030310
11944142,61,132,5091,2013,744663.0,0.0,2.093658,-3.4281980000000005,DEU,LVA,030310
11944143,72,132,5091,2013,64794.0,226299.0,0.8828940000000001,1.386574,EST,LVA,030310
11944144,81,132,5091,2013,265988.0,0.0,1.7901259999999999,0.44164,GBR,LVA,030310
11944145,82,132,5091,2013,0.0,37204.0,-0.160691,-0.393419,GEO,LVA,030310
11944146,130,132,5091,2013,24282.0,0.0,0.737796,1.215543,LTU,LVA,030310
11944147,144,132,5091,2013,0.0,610.0,-0.054454999999999996,-0.164875,MNE,LVA,030310
11944148,177,132,5091,2013,26233.0,0.0,1.084332,1.216749,POL,LVA,030310
11944149,71,135,5091,2013,771.0,0.0,0.861698,2.353993,ESP,MDA,030310
11944150,81,135,5091,2013,43808.0,0.0,1.7901259999999999,0.44164,GBR,MDA,030310
11944151,163,135,5091,2013,1130.0,0.0,0.892099,0.18168399999999998,NOR,MDA,030310
11944152,166,135,5091,2013,11866.0,0.0,0.3345,0.39063000000000003,NZL,MDA,030310
11944153,186,135,5091,2013,146035.0,0.0,0.481166,-0.180052,RUS,MDA,030310
11944154,231,135,5091,2013,7648.0,0.0,1.6639689999999998,-0.48651300000000003,USA,MDA,030310
11944155,4,140,5091,2013,1738.0,0.0,-0.53682,-0.162391,ALB,MKD,030310
11944156,39,140,5091,2013,835.0,0.0,0.719649,1.017046,CAN,MKD,030310
11944157,42,140,5091,2013,10558.0,0.0,-0.260718,-0.38256100000000004,CHL,MKD,030310
11944158,43,140,5091,2013,1457.0,0.0,1.113767,1.477496,CHN,MKD,030310
11944159,90,140,5091,2013,2253.0,0.0,0.18823800000000002,0.910906,GRC,MKD,030310
11944160,163,140,5091,2013,2834.0,0.0,0.892099,0.18168399999999998,NOR,MKD,030310
11944161,216,140,5091,2013,843.0,0.0,0.8752139999999999,1.3798620000000001,THA,MKD,030310
11944162,231,140,5091,2013,43703.0,0.0,1.6639689999999998,-0.48651300000000003,USA,MKD,030310
11944163,64,147,5091,2013,896.0,0.0,1.161835,1.1788450000000001,DNK,MOZ,030310
11944164,71,147,5091,2013,0.0,986574.0,0.861698,2.353993,ESP,MOZ,030310
11944165,155,147,5091,2013,27821.0,0.0,-0.308643,-0.480617,NAM,MOZ,030310
11944166,163,147,5091,2013,2738.0,0.0,0.892099,0.18168399999999998,NOR,MOZ,030310
11944167,179,147,5091,2013,23619.0,0.0,0.541454,2.5228610000000002,PRT,MOZ,030310
11944168,246,147,5091,2013,17559.0,4549.0,0.380284,1.5682120000000002,ZAF,MOZ,030310
11944169,2,148,5091,2013,0.0,342856.0,-1.172043,-1.133735,AGO,MRT,030310
11944170,18,148,5091,2013,0.0,80733.0,1.316207,0.972601,BEL,MRT,030310
11944171,19,148,5091,2013,0.0,10734.0,-0.919968,-0.90691,BEN,MRT,030310
11944172,41,148,5091,2013,0.0,62653.0,2.2104470000000003,0.5403479999999999,CHE,MRT,030310
11944173,43,148,5091,2013,0.0,10638320.0,1.113767,1.477496,CHN,MRT,030310
11944174,44,148,5091,2013,0.0,2273252.0,-0.923558,-0.866642,CIV,MRT,030310
11944175,45,148,5091,2013,0.0,2727261.0,-0.901531,-1.027111,CMR,MRT,030310
11944176,46,148,5091,2013,0.0,12904.0,-1.300125,-1.0708010000000001,COD,MRT,030310
11944177,66,148,5091,2013,0.0,9427.0,-1.373947,-1.1523459999999999,DZA,MRT,030310
11944178,68,148,5091,2013,0.0,85387.0,-0.17418,1.692641,EGY,MRT,030310
11944179,71,148,5091,2013,0.0,5961502.0,0.861698,2.353993,ESP,MRT,030310
11944180,77,148,5091,2013,0.0,20189.0,1.520354,0.022874000000000002,FRA,MRT,030310
11944181,81,148,5091,2013,0.0,17369.0,1.7901259999999999,0.44164,GBR,MRT,030310
11944182,83,148,5091,2013,0.0,305898.0,-0.7316010000000001,-0.5327689999999999,GHA,MRT,030310
11944183,85,148,5091,2013,0.0,22341.0,-1.1287459999999998,-1.069735,GIN,MRT,030310
11944184,90,148,5091,2013,0.0,544146.0,0.18823800000000002,0.910906,GRC,MRT,030310
11944185,97,148,5091,2013,0.0,13932.0,0.744383,1.923139,HKG,MRT,030310
11944186,111,148,5091,2013,0.0,611950.0,1.289924,0.533436,ITA,MRT,030310
11944187,114,148,5091,2013,0.0,19429.0,2.3993130000000003,-0.564768,JPN,MRT,030310
11944188,121,148,5091,2013,0.0,1871212.0,1.818383,0.75645,KOR,MRT,030310
11944189,124,148,5091,2013,0.0,14026.0,0.283084,1.4289100000000001,LBN,MRT,030310
11944190,125,148,5091,2013,0.0,32345.0,-0.41869399999999996,-0.9538770000000001,LBR,MRT,030310
11944191,126,148,5091,2013,0.0,129041.0,-1.6241459999999999,-1.1817950000000002,LBY,MRT,030310
11944192,134,148,5091,2013,0.0,20041.0,-0.6494260000000001,-0.035075999999999996,MAR,MRT,030310
11944193,141,148,5091,2013,0.0,757205.0,-1.183671,-1.069504,MLI,MRT,030310
11944194,159,148,5091,2013,0.0,30528.0,-1.745783,-1.1356680000000001,NGA,MRT,030310
11944195,162,148,5091,2013,0.0,2517.0,1.184107,1.249557,NLD,MRT,030310
11944196,179,148,5091,2013,0.0,17828.0,0.541454,2.5228610000000002,PRT,MRT,030310
11944197,186,148,5091,2013,0.0,1687229.0,0.481166,-0.180052,RUS,MRT,030310
11944198,191,148,5091,2013,4506.0,41195.0,-0.523662,-0.309101,SEN,MRT,030310
11944199,192,148,5091,2013,0.0,137516.0,1.915504,0.619576,SGP,MRT,030310
11944200,215,148,5091,2013,0.0,392779.0,-0.598413,-0.49295200000000006,TGO,MRT,030310
11944201,223,148,5091,2013,0.0,167708.0,0.185528,1.0070700000000001,TUN,MRT,030310
11944202,228,148,5091,2013,0.0,358633.0,0.657729,0.9063200000000001,UKR,MRT,030310
11944203,231,148,5091,2013,0.0,51390.0,1.6639689999999998,-0.48651300000000003,USA,MRT,030310
11944204,239,148,5091,2013,0.0,2694568.0,-0.11426900000000001,1.399738,VNM,MRT,030310
11944205,249,148,5091,2013,0.0,16899.0,1.843186,0.9432379999999999,TWN,MRT,030310
11944206,8,159,5091,2013,32849.0,0.0,0.20314300000000002,0.494062,ARG,NGA,030310
11944207,64,159,5091,2013,5627.0,0.0,1.161835,1.1788450000000001,DNK,NGA,030310
11944208,83,159,5091,2013,0.0,697029.0,-0.7316010000000001,-0.5327689999999999,GHA,NGA,030310
11944209,148,159,5091,2013,30528.0,0.0,-1.950532,-1.283104,MRT,NGA,030310
11944210,230,159,5091,2013,85680.0,0.0,0.20190999999999998,-0.19777999999999998,URY,NGA,030310
11944211,216,164,5091,2013,6312.0,0.0,0.8752139999999999,1.3798620000000001,THA,NPL,030310
11944212,7,167,5091,2013,20403.0,0.0,-0.074047,-0.585168,ARE,OMN,030310
11944213,77,167,5091,2013,72701.0,0.0,1.520354,0.022874000000000002,FRA,OMN,030310
11944214,104,167,5091,2013,2949.0,0.0,0.215356,2.3916209999999998,IND,OMN,030310
11944215,121,167,5091,2013,6884.0,0.0,1.818383,0.75645,KOR,OMN,030310
11944216,122,167,5091,2013,0.0,13421.0,-0.536384,-1.08382,KWT,OMN,030310
11944217,162,167,5091,2013,2186.0,0.0,1.184107,1.249557,NLD,OMN,030310
11944218,183,167,5091,2013,980.0,0.0,-0.083649,-1.013491,QAT,OMN,030310
11944219,226,167,5091,2013,0.0,23332.0,-0.9306770000000001,0.273489,TZA,OMN,030310
11944220,23,185,5091,2013,0.0,9728.0,0.5026109999999999,1.674296,BGR,ROU,030310
11944221,39,185,5091,2013,25648.0,0.0,0.719649,1.017046,CAN,ROU,030310
11944222,42,185,5091,2013,91787.0,0.0,-0.260718,-0.38256100000000004,CHL,ROU,030310
11944223,61,185,5091,2013,1474.0,0.0,2.093658,-3.4281980000000005,DEU,ROU,030310
11944224,64,185,5091,2013,6267.0,1250.0,1.161835,1.1788450000000001,DNK,ROU,030310
11944225,71,185,5091,2013,50544.0,2582.0,0.861698,2.353993,ESP,ROU,030310
11944226,90,185,5091,2013,0.0,11305.0,0.18823800000000002,0.910906,GRC,ROU,030310
11944227,111,185,5091,2013,20917.0,0.0,1.289924,0.533436,ITA,ROU,030310
11944228,162,185,5091,2013,18749.0,0.0,1.184107,1.249557,NLD,ROU,030310
11944229,177,185,5091,2013,26603.0,0.0,1.084332,1.216749,POL,ROU,030310
11944230,231,185,5091,2013,230762.0,0.0,1.6639689999999998,-0.48651300000000003,USA,ROU,030310
11944231,16,186,5091,2013,0.0,289288.0,-0.9232870000000001,-1.165928,AZE,RUS,030310
11944232,28,186,5091,2013,888967.0,2836396.0,1.036923,0.864568,BLR,RUS,030310
11944233,39,186,5091,2013,664750.0,28828948.0,0.719649,1.017046,CAN,RUS,030310
11944234,42,186,5091,2013,30122830.0,0.0,-0.260718,-0.38256100000000004,CHL,RUS,030310
11944235,43,186,5091,2013,0.0,116345824.0,1.113767,1.477496,CHN,RUS,030310
11944236,61,186,5091,2013,0.0,6788150.0,2.093658,-3.4281980000000005,DEU,RUS,030310
11944237,77,186,5091,2013,0.0,167046.0,1.520354,0.022874000000000002,FRA,RUS,030310
11944238,81,186,5091,2013,169935.0,187657.0,1.7901259999999999,0.44164,GBR,RUS,030310
11944239,82,186,5091,2013,0.0,50411.0,-0.160691,-0.393419,GEO,RUS,030310
11944240,114,186,5091,2013,0.0,164422560.0,2.3993130000000003,-0.564768,JPN,RUS,030310
11944241,115,186,5091,2013,135508.0,879119.0,-0.680678,-0.83347,KAZ,RUS,030310
11944242,117,186,5091,2013,0.0,610768.0,-0.1035,0.339914,KGZ,RUS,030310
11944243,121,186,5091,2013,0.0,17378706.0,1.818383,0.75645,KOR,RUS,030310
11944244,135,186,5091,2013,0.0,146035.0,-0.016235,0.132104,MDA,RUS,030310
11944245,148,186,5091,2013,1687229.0,0.0,-1.950532,-1.283104,MRT,RUS,030310
11944246,162,186,5091,2013,0.0,2190455.0,1.184107,1.249557,NLD,RUS,030310
11944247,178,186,5091,2013,0.0,30192.0,-0.414538,-0.22449299999999997,PRK,RUS,030310
11944248,216,186,5091,2013,0.0,8100696.0,0.8752139999999999,1.3798620000000001,THA,RUS,030310
11944249,217,186,5091,2013,0.0,5804.0,-1.2512889999999999,-1.16402,TJK,RUS,030310
11944250,228,186,5091,2013,0.0,285819.0,0.657729,0.9063200000000001,UKR,RUS,030310
11944251,231,186,5091,2013,236492.0,21698598.0,1.6639689999999998,-0.48651300000000003,USA,RUS,030310
11944252,232,186,5091,2013,0.0,20898.0,-0.748212,-0.567268,UZB,RUS,030310
11944253,239,186,5091,2013,0.0,392381.0,-0.11426900000000001,1.399738,VNM,RUS,030310
11944254,249,186,5091,2013,0.0,68431.0,1.843186,0.9432379999999999,TWN,RUS,030310
11944255,21,191,5091,2013,0.0,1214.0,-0.9110360000000001,-0.852492,BFA,SEN,030310
11944256,77,191,5091,2013,13303.0,0.0,1.520354,0.022874000000000002,FRA,SEN,030310
11944257,148,191,5091,2013,41195.0,4506.0,-1.950532,-1.283104,MRT,SEN,030310
11944258,157,191,5091,2013,0.0,4015.0,-1.268738,-0.942256,NER,SEN,030310
11944259,162,191,5091,2013,6122.0,0.0,1.184107,1.249557,NLD,SEN,030310
11944260,163,191,5091,2013,7984.0,0.0,0.892099,0.18168399999999998,NOR,SEN,030310
11944261,215,191,5091,2013,0.0,340435.0,-0.598413,-0.49295200000000006,TGO,SEN,030310
11944262,231,191,5091,2013,2321.0,0.0,1.6639689999999998,-0.48651300000000003,USA,SEN,030310
11944263,250,191,5091,2013,0.0,33723.0,0.628555,0.277602,ANS,SEN,030310
11944264,39,201,5091,2013,26865.0,0.0,0.719649,1.017046,CAN,SRB,030310
11944265,43,201,5091,2013,35939.0,0.0,1.113767,1.477496,CHN,SRB,030310
11944266,64,201,5091,2013,12706.0,0.0,1.161835,1.1788450000000001,DNK,SRB,030310
11944267,231,201,5091,2013,17226.0,0.0,1.6639689999999998,-0.48651300000000003,USA,SRB,030310
11944268,43,207,5091,2013,16509.0,0.0,1.113767,1.477496,CHN,SVN,030310
11944269,61,207,5091,2013,4157.0,0.0,2.093658,-3.4281980000000005,DEU,SVN,030310
11944270,64,207,5091,2013,18694.0,0.0,1.161835,1.1788450000000001,DNK,SVN,030310
11944271,71,207,5091,2013,3586.0,0.0,0.861698,2.353993,ESP,SVN,030310
11944272,111,207,5091,2013,8362.0,0.0,1.289924,0.533436,ITA,SVN,030310
11944273,179,207,5091,2013,57300.0,0.0,0.541454,2.5228610000000002,PRT,SVN,030310
11944274,231,207,5091,2013,39494.0,0.0,1.6639689999999998,-0.48651300000000003,USA,SVN,030310
11944275,7,239,5091,2013,0.0,211414.0,-0.074047,-0.585168,ARE,VNM,030310
11944276,39,239,5091,2013,94407.0,0.0,0.719649,1.017046,CAN,VNM,030310
11944277,42,239,5091,2013,2051719.0,0.0,-0.260718,-0.38256100000000004,CHL,VNM,030310
11944278,61,239,5091,2013,0.0,7340.0,2.093658,-3.4281980000000005,DEU,VNM,030310
11944279,104,239,5091,2013,140741.0,0.0,0.215356,2.3916209999999998,IND,VNM,030310
11944280,114,239,5091,2013,9902900.0,0.0,2.3993130000000003,-0.564768,JPN,VNM,030310
11944281,117,239,5091,2013,0.0,471.0,-0.1035,0.339914,KGZ,VNM,030310
11944282,148,239,5091,2013,2694568.0,0.0,-1.950532,-1.283104,MRT,VNM,030310
11944283,174,239,5091,2013,0.0,19379.0,0.507868,0.355403,PHL,VNM,030310
11944284,181,239,5091,2013,0.0,553758.0,0.072979,0.7099260000000001,PSE,VNM,030310
11944285,186,239,5091,2013,392381.0,0.0,0.481166,-0.180052,RUS,VNM,030310
11944286,231,239,5091,2013,358789.0,0.0,1.6639689999999998,-0.48651300000000003,USA,VNM,030310
11944287,81,248,5091,2013,7289.0,0.0,1.7901259999999999,0.44164,GBR,ZWE,030310
11944288,246,248,5091,2013,9146.0,0.0,0.380284,1.5682120000000002,ZAF,ZWE,030310
11944289,140,4,5091,2013,0.0,1738.0,-0.10859400000000001,0.155229,MKD,ALB,030310
11944290,71,5,5091,2013,227763.0,0.0,0.861698,2.353993,ESP,AND,030310
11944291,231,5,5091,2013,2161.0,0.0,1.6639689999999998,-0.48651300000000003,USA,AND,030310
11944292,191,21,5091,2013,1214.0,0.0,-0.523662,-0.309101,SEN,BFA,030310
11944293,81,30,5091,2013,10777.0,0.0,1.7901259999999999,0.44164,GBR,BMU,030310
11944294,231,30,5091,2013,38438.0,12227.0,1.6639689999999998,-0.48651300000000003,USA,BMU,030310
11944295,192,34,5091,2013,145827.0,0.0,1.915504,0.619576,SGP,BRN,030310
11944296,246,37,5091,2013,52114.0,0.0,0.380284,1.5682120000000002,ZAF,BWA,030310
11944297,148,44,5091,2013,2273252.0,0.0,-1.950532,-1.283104,MRT,CIV,030310
11944298,215,44,5091,2013,18364.0,0.0,-0.598413,-0.49295200000000006,TGO,CIV,030310
11944299,77,45,5091,2013,10365.0,0.0,1.520354,0.022874000000000002,FRA,CMR,030310
11944300,148,45,5091,2013,2727261.0,0.0,-1.950532,-1.283104,MRT,CMR,030310
11944301,157,45,5091,2013,0.0,3420.0,-1.268738,-0.942256,NER,CMR,030310
11944302,148,46,5091,2013,12904.0,0.0,-1.950532,-1.283104,MRT,COD,030310
11944303,18,47,5091,2013,56520.0,0.0,1.316207,0.972601,BEL,COG,030310
11944304,77,47,5091,2013,6943.0,0.0,1.520354,0.022874000000000002,FRA,COG,030310
11944305,111,47,5091,2013,25895.0,0.0,1.289924,0.533436,ITA,COG,030310
11944306,39,54,5091,2013,112408.0,0.0,0.719649,1.017046,CAN,CUB,030310
11944307,71,54,5091,2013,25106.0,0.0,0.861698,2.353993,ESP,CUB,030310
11944308,231,57,5091,2013,464472.0,0.0,1.6639689999999998,-0.48651300000000003,USA,CYM,030310
11944309,18,58,5091,2013,8882.0,0.0,1.316207,0.972601,BEL,CYP,030310
11944310,61,58,5091,2013,14354.0,0.0,2.093658,-3.4281980000000005,DEU,CYP,030310
11944311,64,58,5091,2013,5111.0,0.0,1.161835,1.1788450000000001,DNK,CYP,030310
11944312,90,58,5091,2013,6786.0,0.0,0.18823800000000002,0.910906,GRC,CYP,030310
11944313,231,58,5091,2013,50458.0,0.0,1.6639689999999998,-0.48651300000000003,USA,CYP,030310
11944314,43,66,5091,2013,29562.0,0.0,1.113767,1.477496,CHN,DZA,030310
11944315,71,66,5091,2013,64654.0,0.0,0.861698,2.353993,ESP,DZA,030310
11944316,148,66,5091,2013,9427.0,0.0,-1.950532,-1.283104,MRT,DZA,030310
11944317,231,66,5091,2013,5287.0,0.0,1.6639689999999998,-0.48651300000000003,USA,DZA,030310
11944318,163,73,5091,2013,1537.0,0.0,0.892099,0.18168399999999998,NOR,ETH,030310
11944319,250,73,5091,2013,8258.0,0.0,0.628555,0.277602,ANS,ETH,030310
11944320,77,80,5091,2013,8005.0,0.0,1.520354,0.022874000000000002,FRA,GAB,030310
11944321,42,83,5091,2013,14059.0,0.0,-0.260718,-0.38256100000000004,CHL,GHA,030310
11944322,43,83,5091,2013,0.0,161327.0,1.113767,1.477496,CHN,GHA,030310
11944323,71,83,5091,2013,0.0,28387.0,0.861698,2.353993,ESP,GHA,030310
11944324,81,83,5091,2013,28377.0,0.0,1.7901259999999999,0.44164,GBR,GHA,030310
11944325,111,83,5091,2013,0.0,15308.0,1.289924,0.533436,ITA,GHA,030310
11944326,148,83,5091,2013,305898.0,0.0,-1.950532,-1.283104,MRT,GHA,030310
11944327,159,83,5091,2013,697029.0,0.0,-1.745783,-1.1356680000000001,NGA,GHA,030310
11944328,215,83,5091,2013,0.0,783.0,-0.598413,-0.49295200000000006,TGO,GHA,030310
11944329,71,84,5091,2013,24843.0,0.0,0.861698,2.353993,ESP,GIB,030310
11944330,81,84,5091,2013,89075.0,0.0,1.7901259999999999,0.44164,GBR,GIB,030310
11944331,148,85,5091,2013,22341.0,0.0,-1.950532,-1.283104,MRT,GIN,030310
11944332,215,88,5091,2013,0.0,12248556.0,-0.598413,-0.49295200000000006,TGO,GNB,030310
11944333,64,109,5091,2013,153609.0,0.0,1.161835,1.1788450000000001,DNK,ISL,030310
11944334,82,109,5091,2013,0.0,81129.0,-0.160691,-0.393419,GEO,ISL,030310
11944335,231,120,5091,2013,5718.0,0.0,1.6639689999999998,-0.48651300000000003,USA,KNA,030310
11944336,148,125,5091,2013,32345.0,0.0,-1.950532,-1.283104,MRT,LBR,030310
11944337,97,133,5091,2013,13730.0,5622.0,0.744383,1.923139,HKG,MAC,030310
11944338,71,134,5091,2013,4230.0,24736.0,0.861698,2.353993,ESP,MAR,030310
11944339,111,134,5091,2013,0.0,88240.0,1.289924,0.533436,ITA,MAR,030310
11944340,148,134,5091,2013,20041.0,0.0,-1.950532,-1.283104,MRT,MAR,030310
11944341,162,134,5091,2013,6823.0,0.0,1.184107,1.249557,NLD,MAR,030310
11944342,215,134,5091,2013,0.0,245301.0,-0.598413,-0.49295200000000006,TGO,MAR,030310
11944343,231,134,5091,2013,16630.0,0.0,1.6639689999999998,-0.48651300000000003,USA,MAR,030310
11944344,250,136,5091,2013,1060.0,0.0,0.628555,0.277602,ANS,MDG,030310
11944345,71,142,5091,2013,13548.0,0.0,0.861698,2.353993,ESP,MLT,030310
11944346,77,142,5091,2013,2549.0,0.0,1.520354,0.022874000000000002,FRA,MLT,030310
11944347,111,142,5091,2013,32887.0,0.0,1.289924,0.533436,ITA,MLT,030310
11944348,7,143,5091,2013,0.0,2232.0,-0.074047,-0.585168,ARE,MMR,030310
11944349,24,143,5091,2013,0.0,29486.0,0.249681,-0.6204270000000001,BHR,MMR,030310
11944350,192,143,5091,2013,7936.0,0.0,1.915504,0.619576,SGP,MMR,030310
11944351,216,143,5091,2013,1204.0,56407.0,0.8752139999999999,1.3798620000000001,THA,MMR,030310
11944352,147,155,5091,2013,0.0,27821.0,-1.326323,-1.050969,MOZ,NAM,030310
11944353,215,155,5091,2013,0.0,242845.0,-0.598413,-0.49295200000000006,TGO,NAM,030310
11944354,246,155,5091,2013,5896.0,65640.0,0.380284,1.5682120000000002,ZAF,NAM,030310
11944355,43,157,5091,2013,12745.0,0.0,1.113767,1.477496,CHN,NER,030310
11944356,45,157,5091,2013,3420.0,0.0,-0.901531,-1.027111,CMR,NER,030310
11944357,77,157,5091,2013,107458.0,0.0,1.520354,0.022874000000000002,FRA,NER,030310
11944358,111,157,5091,2013,52894.0,0.0,1.289924,0.533436,ITA,NER,030310
11944359,191,157,5091,2013,4015.0,0.0,-0.523662,-0.309101,SEN,NER,030310
11944360,224,157,5091,2013,6139.0,0.0,0.42932299999999995,2.690235,TUR,NER,030310
11944361,231,160,5091,2013,44272.0,0.0,1.6639689999999998,-0.48651300000000003,USA,NIC,030310
11944362,43,178,5091,2013,2271735.0,2914.0,1.113767,1.477496,CHN,PRK,030310
11944363,186,178,5091,2013,30192.0,0.0,0.481166,-0.180052,RUS,PRK,030310
11944364,215,178,5091,2013,0.0,39536.0,-0.598413,-0.49295200000000006,TGO,PRK,030310
11944365,166,195,5091,2013,9947.0,0.0,0.3345,0.39063000000000003,NZL,SLB,030310
11944366,246,209,5091,2013,1158.0,0.0,0.380284,1.5682120000000002,ZAF,SWZ,030310
11944367,7,211,5091,2013,2003.0,0.0,-0.074047,-0.585168,ARE,SYC,030310
11944368,8,215,5091,2013,12617.0,0.0,0.20314300000000002,0.494062,ARG,TGO,030310
11944369,18,215,5091,2013,65260.0,0.0,1.316207,0.972601,BEL,TGO,030310
11944370,43,215,5091,2013,469994.0,0.0,1.113767,1.477496,CHN,TGO,030310
11944371,44,215,5091,2013,0.0,18364.0,-0.923558,-0.866642,CIV,TGO,030310
11944372,67,215,5091,2013,45431.0,0.0,-0.86546,-0.8888389999999999,ECU,TGO,030310
11944373,71,215,5091,2013,459300.0,0.0,0.861698,2.353993,ESP,TGO,030310
11944374,77,215,5091,2013,48019.0,0.0,1.520354,0.022874000000000002,FRA,TGO,030310
11944375,81,215,5091,2013,514352.0,0.0,1.7901259999999999,0.44164,GBR,TGO,030310
11944376,83,215,5091,2013,783.0,0.0,-0.7316010000000001,-0.5327689999999999,GHA,TGO,030310
11944377,88,215,5091,2013,12248556.0,0.0,-2.414729,-0.9398700000000001,GNB,TGO,030310
11944378,89,215,5091,2013,0.0,1414.0,-1.521575,-0.814708,GNQ,TGO,030310
11944379,104,215,5091,2013,12922.0,0.0,0.215356,2.3916209999999998,IND,TGO,030310
11944380,106,215,5091,2013,18615.0,0.0,1.29988,0.240688,IRL,TGO,030310
11944381,134,215,5091,2013,245301.0,0.0,-0.6494260000000001,-0.035075999999999996,MAR,TGO,030310
11944382,148,215,5091,2013,392779.0,0.0,-1.950532,-1.283104,MRT,TGO,030310
11944383,155,215,5091,2013,242845.0,0.0,-0.308643,-0.480617,NAM,TGO,030310
11944384,162,215,5091,2013,1130075.0,0.0,1.184107,1.249557,NLD,TGO,030310
11944385,166,215,5091,2013,50112.0,0.0,0.3345,0.39063000000000003,NZL,TGO,030310
11944386,178,215,5091,2013,39536.0,0.0,-0.414538,-0.22449299999999997,PRK,TGO,030310
11944387,191,215,5091,2013,340435.0,0.0,-0.523662,-0.309101,SEN,TGO,030310
11944388,230,215,5091,2013,56679.0,0.0,0.20190999999999998,-0.19777999999999998,URY,TGO,030310
11944389,231,215,5091,2013,15717.0,0.0,1.6639689999999998,-0.48651300000000003,USA,TGO,030310
11944390,246,215,5091,2013,147837.0,0.0,0.380284,1.5682120000000002,ZAF,TGO,030310
11944391,249,215,5091,2013,11914.0,0.0,1.843186,0.9432379999999999,TWN,TGO,030310
11944392,111,223,5091,2013,46611.0,0.0,1.289924,0.533436,ITA,TUN,030310
11944393,148,223,5091,2013,167708.0,0.0,-1.950532,-1.283104,MRT,TUN,030310
11944394,43,226,5091,2013,155264.0,0.0,1.113767,1.477496,CHN,TZA,030310
11944395,64,226,5091,2013,15619.0,0.0,1.161835,1.1788450000000001,DNK,TZA,030310
11944396,167,226,5091,2013,23332.0,0.0,-0.604175,-1.0463209999999998,OMN,TZA,030310
11944397,243,226,5091,2013,35273.0,0.0,-1.252605,-1.207324,YEM,TZA,030310
11944398,17,227,5091,2013,0.0,23645.0,-0.824903,-0.906436,BDI,UGA,030310
11944399,81,227,5091,2013,7573.0,0.0,1.7901259999999999,0.44164,GBR,UGA,030310
11944400,187,227,5091,2013,0.0,1204.0,-0.490519,-0.48427700000000007,RWA,UGA,030310
11944401,231,237,5091,2013,2865.0,0.0,1.6639689999999998,-0.48651300000000003,USA,VGB,030310
11944402,152,247,5091,2013,0.0,6990.0,-0.8992120000000001,-0.862175,MWI,ZMB,030310
11944403,246,247,5091,2013,115844.0,0.0,0.380284,1.5682120000000002,ZAF,ZMB,030310
11944404,231,13,5091,2013,10588.0,0.0,1.6639689999999998,-0.48651300000000003,USA,ATG,030310
11944405,231,127,5091,2013,1566.0,0.0,1.6639689999999998,-0.48651300000000003,USA,LCA,030310
11944406,231,175,5091,2013,4866.0,0.0,1.6639689999999998,-0.48651300000000003,USA,PLW,030310
11944407,18,2,5091,2013,30378.0,0.0,1.316207,0.972601,BEL,AGO,030310
11944408,43,2,5091,2013,79430.0,0.0,1.113767,1.477496,CHN,AGO,030310
11944409,77,2,5091,2013,29792.0,0.0,1.520354,0.022874000000000002,FRA,AGO,030310
11944410,148,2,5091,2013,342856.0,0.0,-1.950532,-1.283104,MRT,AGO,030310
11944411,162,2,5091,2013,19745.0,0.0,1.184107,1.249557,NLD,AGO,030310
11944412,179,2,5091,2013,55419.0,0.0,0.541454,2.5228610000000002,PRT,AGO,030310
11944413,231,2,5091,2013,10608.0,0.0,1.6639689999999998,-0.48651300000000003,USA,AGO,030310
11944414,246,2,5091,2013,49351.0,0.0,0.380284,1.5682120000000002,ZAF,AGO,030310
11944415,71,89,5091,2013,24036.0,0.0,0.861698,2.353993,ESP,GNQ,030310
11944416,179,89,5091,2013,10801.0,0.0,0.541454,2.5228610000000002,PRT,GNQ,030310
11944417,215,89,5091,2013,1414.0,0.0,-0.598413,-0.49295200000000006,TGO,GNQ,030310
11944418,71,126,5091,2013,33560.0,0.0,0.861698,2.353993,ESP,LBY,030310
11944419,148,126,5091,2013,129041.0,0.0,-1.950532,-1.283104,MRT,LBY,030310
11944420,148,141,5091,2013,757205.0,0.0,-1.950532,-1.283104,MRT,MLI,030310
11944421,26,144,5091,2013,1763.0,0.0,0.46743199999999996,0.7340800000000001,BIH,MNE,030310
11944422,39,144,5091,2013,30719.0,0.0,0.719649,1.017046,CAN,MNE,030310
11944423,43,144,5091,2013,33517.0,0.0,1.113767,1.477496,CHN,MNE,030310
11944424,71,144,5091,2013,9021.0,0.0,0.861698,2.353993,ESP,MNE,030310
11944425,100,144,5091,2013,1385.0,0.0,0.898284,1.038807,HRV,MNE,030310
11944426,132,144,5091,2013,610.0,0.0,0.6219439999999999,1.166749,LVA,MNE,030310
11944427,231,144,5091,2013,115437.0,0.0,1.6639689999999998,-0.48651300000000003,USA,MNE,030310
11944428,186,217,5091,2013,5804.0,0.0,0.481166,-0.180052,RUS,TJK,030310
11944429,162,0,5091,2013,53020.0,0.0,1.184107,1.249557,NLD,ABW,030310
11944430,169,0,5091,2013,31667.0,0.0,0.735637,1.161718,PAN,ABW,030310
11944431,231,0,5091,2013,12955.0,0.0,1.6639689999999998,-0.48651300000000003,USA,ABW,030310
11944432,250,0,5091,2013,52260.0,0.0,0.628555,0.277602,ANS,ABW,030310
11944433,227,17,5091,2013,23645.0,0.0,-0.5462279999999999,0.200682,UGA,BDI,030310
11944434,59,75,5091,2013,0.0,2049.0,1.819653,-0.12423800000000002,CZE,FJI,030310
11944435,61,75,5091,2013,31885.0,0.0,2.093658,-3.4281980000000005,DEU,FJI,030310
11944436,166,75,5091,2013,15772.0,2052.0,0.3345,0.39063000000000003,NZL,FJI,030310
11944437,250,75,5091,2013,1224.0,0.0,0.628555,0.277602,ANS,FJI,030310
11944438,43,78,5091,2013,0.0,698740.0,1.113767,1.477496,CHN,FRO,030310
11944439,64,78,5091,2013,0.0,6827.0,1.161835,1.1788450000000001,DNK,FRO,030310
11944440,77,78,5091,2013,0.0,40235.0,1.520354,0.022874000000000002,FRA,FRO,030310
11944441,174,78,5091,2013,0.0,149050.0,0.507868,0.355403,PHL,FRO,030310
11944442,231,79,5091,2013,1510.0,0.0,1.6639689999999998,-0.48651300000000003,USA,FSM,030310
11944443,162,87,5091,2013,10830.0,0.0,1.184107,1.249557,NLD,GMB,030310
11944444,192,123,5091,2013,1721.0,0.0,1.915504,0.619576,SGP,LAO,030310
11944445,216,123,5091,2013,6230.0,0.0,0.8752139999999999,1.3798620000000001,THA,LAO,030310
11944446,246,129,5091,2013,0.0,16177.0,0.380284,1.5682120000000002,ZAF,LSO,030310
11944447,7,137,5091,2013,6270.0,0.0,-0.074047,-0.585168,ARE,MDV,030310
11944448,14,137,5091,2013,22294.0,0.0,-0.31145700000000004,-0.167628,AUS,MDV,030310
11944449,18,137,5091,2013,3918.0,0.0,1.316207,0.972601,BEL,MDV,030310
11944450,22,137,5091,2013,1235.0,0.0,-1.101916,-0.734646,BGD,MDV,030310
11944451,61,137,5091,2013,13571.0,0.0,2.093658,-3.4281980000000005,DEU,MDV,030310
11944452,192,137,5091,2013,29519.0,0.0,1.915504,0.619576,SGP,MDV,030310
11944453,216,137,5091,2013,1751.0,0.0,0.8752139999999999,1.3798620000000001,THA,MDV,030310
11944454,246,152,5091,2013,23030.0,0.0,0.380284,1.5682120000000002,ZAF,MWI,030310
11944455,247,152,5091,2013,6990.0,0.0,-0.382129,-0.5442229999999999,ZMB,MWI,030310
11944456,166,156,5091,2013,60251.0,0.0,0.3345,0.39063000000000003,NZL,NCL,030310
11944457,166,176,5091,2013,59867.0,0.0,0.3345,0.39063000000000003,NZL,PNG,030310
11944458,42,182,5091,2013,1504.0,0.0,-0.260718,-0.38256100000000004,CHL,PYF,030310
11944459,231,182,5091,2013,16799.0,0.0,1.6639689999999998,-0.48651300000000003,USA,PYF,030310
11944460,227,187,5091,2013,1204.0,0.0,-0.5462279999999999,0.200682,UGA,RWA,030310
11944461,246,214,5091,2013,3773.0,0.0,0.380284,1.5682120000000002,ZAF,TCD,030310
11944462,130,232,5091,2013,37724.0,0.0,0.737796,1.215543,LTU,UZB,030310
11944463,186,232,5091,2013,20898.0,0.0,0.481166,-0.180052,RUS,UZB,030310
11944464,61,92,5091,2013,0.0,21290.0,2.093658,-3.4281980000000005,DEU,GRL,030310
11944465,64,92,5091,2013,5535.0,0.0,1.161835,1.1788450000000001,DNK,GRL,030310
11944466,166,242,5091,2013,17062.0,0.0,0.3345,0.39063000000000003,NZL,WSM,030310
11944467,231,242,5091,2013,4045.0,0.0,1.6639689999999998,-0.48651300000000003,USA,WSM,030310
11944468,166,48,5091,2013,2437.0,0.0,0.3345,0.39063000000000003,NZL,COK,030310
11944469,114,95,5091,2013,37309.0,0.0,2.3993130000000003,-0.564768,JPN,GUM,030310
11944470,166,95,5091,2013,23012.0,0.0,0.3345,0.39063000000000003,NZL,GUM,030310
11944471,114,146,5091,2013,11651.0,0.0,2.3993130000000003,-0.564768,JPN,MNP,030310
11944472,121,146,5091,2013,42000.0,0.0,1.818383,0.75645,KOR,MNP,030310
11944473,14,221,5091,2013,0.0,2016.0,-0.31145700000000004,-0.167628,AUS,TON,030310
11944474,114,221,5091,2013,0.0,31393.0,2.3993130000000003,-0.564768,JPN,TON,030310
11944475,166,221,5091,2013,1842.0,2099.0,0.3345,0.39063000000000003,NZL,TON,030310
11944476,231,210,5091,2013,4070.0,0.0,1.6639689999999998,-0.48651300000000003,USA,SXM,030310
11944477,231,233,5091,2013,821670.0,0.0,1.6639689999999998,-0.48651300000000003,USA,VAT,030310
11944478,22,7,5092,2013,8979.0,0.0,-1.101916,-0.734646,BGD,ARE,030321
11944479,39,7,5092,2013,12302.0,0.0,0.719649,1.017046,CAN,ARE,030321
11944480,42,7,5092,2013,452479.0,0.0,-0.260718,-0.38256100000000004,CHL,ARE,030321
11944481,64,7,5092,2013,12915.0,0.0,1.161835,1.1788450000000001,DNK,ARE,030321
11944482,81,7,5092,2013,63834.0,0.0,1.7901259999999999,0.44164,GBR,ARE,030321
11944483,107,7,5092,2013,2230.0,0.0,-0.339172,-0.237114,IRN,ARE,030321
11944484,137,7,5092,2013,0.0,514.0,-0.21889699999999998,-0.776392,MDV,ARE,030321
11944485,162,7,5092,2013,3299.0,0.0,1.184107,1.249557,NLD,ARE,030321
11944486,163,7,5092,2013,443837.0,0.0,0.892099,0.18168399999999998,NOR,ARE,030321
11944487,216,7,5092,2013,5113.0,0.0,0.8752139999999999,1.3798620000000001,THA,ARE,030321
11944488,224,7,5092,2013,13116.0,0.0,0.42932299999999995,2.690235,TUR,ARE,030321
11944489,42,8,5092,2013,194544.0,0.0,-0.260718,-0.38256100000000004,CHL,ARG,030321
11944490,153,8,5092,2013,0.0,69249.0,0.937641,0.747496,MYS,ARG,030321
11944491,173,8,5092,2013,64105.0,0.0,-0.573852,0.357977,PER,ARG,030321
11944492,42,15,5092,2013,5080.0,0.0,-0.260718,-0.38256100000000004,CHL,AUT,030321
11944493,49,15,5092,2013,4908.0,0.0,0.121799,-0.388239,COL,AUT,030321
11944494,61,15,5092,2013,659317.0,1286099.0,2.093658,-3.4281980000000005,DEU,AUT,030321
11944495,64,15,5092,2013,120763.0,0.0,1.161835,1.1788450000000001,DNK,AUT,030321
11944496,71,15,5092,2013,15888.0,0.0,0.861698,2.353993,ESP,AUT,030321
11944497,77,15,5092,2013,18726.0,0.0,1.520354,0.022874000000000002,FRA,AUT,030321
11944498,81,15,5092,2013,7894.0,0.0,1.7901259999999999,0.44164,GBR,AUT,030321
11944499,90,15,5092,2013,5886.0,0.0,0.18823800000000002,0.910906,GRC,AUT,030321
11944500,102,15,5092,2013,13285.0,1038.0,1.506101,0.7279220000000001,HUN,AUT,030321
11944501,111,15,5092,2013,266460.0,6449.0,1.289924,0.533436,ITA,AUT,030321
11944502,128,15,5092,2013,4516.0,0.0,-0.6521779999999999,0.41258599999999995,LKA,AUT,030321
11944503,162,15,5092,2013,25269.0,0.0,1.184107,1.249557,NLD,AUT,030321
11944504,206,15,5092,2013,0.0,23482.0,1.32064,0.7519819999999999,SVK,AUT,030321
11944505,224,15,5092,2013,526487.0,0.0,0.42932299999999995,2.690235,TUR,AUT,030321
11944506,239,15,5092,2013,47436.0,0.0,-0.11426900000000001,1.399738,VNM,AUT,030321
11944507,41,18,5092,2013,0.0,49953.0,2.2104470000000003,0.5403479999999999,CHE,BEL,030321
11944508,61,18,5092,2013,67646.0,271308.0,2.093658,-3.4281980000000005,DEU,BEL,030321
11944509,64,18,5092,2013,74828.0,0.0,1.161835,1.1788450000000001,DNK,BEL,030321
11944510,71,18,5092,2013,109872.0,0.0,0.861698,2.353993,ESP,BEL,030321
11944511,77,18,5092,2013,13291.0,17321.0,1.520354,0.022874000000000002,FRA,BEL,030321
11944512,90,18,5092,2013,1617.0,1674.0,0.18823800000000002,0.910906,GRC,BEL,030321
11944513,131,18,5092,2013,14455.0,6630.0,1.170459,1.150327,LUX,BEL,030321
11944514,162,18,5092,2013,24397.0,0.0,1.184107,1.249557,NLD,BEL,030321
11944515,177,18,5092,2013,21311.0,0.0,1.084332,1.216749,POL,BEL,030321
11944516,224,18,5092,2013,44876.0,0.0,0.42932299999999995,2.690235,TUR,BEL,030321
11944517,42,23,5092,2013,38130.0,0.0,-0.260718,-0.38256100000000004,CHL,BGR,030321
11944518,90,23,5092,2013,3317.0,0.0,0.18823800000000002,0.910906,GRC,BGR,030321
11944519,162,23,5092,2013,39990.0,0.0,1.184107,1.249557,NLD,BGR,030321
11944520,177,23,5092,2013,83886.0,663466.0,1.084332,1.216749,POL,BGR,030321
11944521,185,23,5092,2013,0.0,74129.0,0.792035,1.225034,ROU,BGR,030321
11944522,224,23,5092,2013,190457.0,0.0,0.42932299999999995,2.690235,TUR,BGR,030321
11944523,231,25,5092,2013,30229.0,0.0,1.6639689999999998,-0.48651300000000003,USA,BHS,030321
11944524,42,32,5092,2013,2279482.0,0.0,-0.260718,-0.38256100000000004,CHL,BRA,030321
11944525,7,39,5092,2013,0.0,12302.0,-0.074047,-0.585168,ARE,CAN,030321
11944526,42,39,5092,2013,1013102.0,0.0,-0.260718,-0.38256100000000004,CHL,CAN,030321
11944527,43,39,5092,2013,0.0,2859.0,1.113767,1.477496,CHN,CAN,030321
11944528,96,39,5092,2013,3602.0,0.0,-0.8555590000000001,-0.9744450000000001,GUY,CAN,030321
11944529,132,39,5092,2013,0.0,6637.0,0.6219439999999999,1.166749,LVA,CAN,030321
11944530,162,39,5092,2013,56222.0,0.0,1.184107,1.249557,NLD,CAN,030321
11944531,163,39,5092,2013,653356.0,0.0,0.892099,0.18168399999999998,NOR,CAN,030321
11944532,173,39,5092,2013,60443.0,0.0,-0.573852,0.357977,PER,CAN,030321
11944533,177,39,5092,2013,0.0,89024.0,1.084332,1.216749,POL,CAN,030321
11944534,186,39,5092,2013,0.0,1511736.0,0.481166,-0.180052,RUS,CAN,030321
11944535,231,39,5092,2013,205458.0,4681.0,1.6639689999999998,-0.48651300000000003,USA,CAN,030321
11944536,18,41,5092,2013,49953.0,0.0,1.316207,0.972601,BEL,CHE,030321
11944537,61,41,5092,2013,123632.0,0.0,2.093658,-3.4281980000000005,DEU,CHE,030321
11944538,64,41,5092,2013,31447.0,0.0,1.161835,1.1788450000000001,DNK,CHE,030321
11944539,77,41,5092,2013,136875.0,0.0,1.520354,0.022874000000000002,FRA,CHE,030321
11944540,111,41,5092,2013,90670.0,0.0,1.289924,0.533436,ITA,CHE,030321
11944541,163,41,5092,2013,296595.0,0.0,0.892099,0.18168399999999998,NOR,CHE,030321
11944542,224,41,5092,2013,18546.0,0.0,0.42932299999999995,2.690235,TUR,CHE,030321
11944543,7,42,5092,2013,0.0,452479.0,-0.074047,-0.585168,ARE,CHL,030321
11944544,8,42,5092,2013,0.0,194544.0,0.20314300000000002,0.494062,ARG,CHL,030321
11944545,15,42,5092,2013,0.0,5080.0,1.7209240000000001,-0.286892,AUT,CHL,030321
11944546,16,42,5092,2013,0.0,4871.0,-0.9232870000000001,-1.165928,AZE,CHL,030321
11944547,23,42,5092,2013,0.0,38130.0,0.5026109999999999,1.674296,BGR,CHL,030321
11944548,28,42,5092,2013,0.0,1883069.0,1.036923,0.864568,BLR,CHL,030321
11944549,32,42,5092,2013,0.0,2279482.0,0.14765899999999998,0.399262,BRA,CHL,030321
11944550,39,42,5092,2013,0.0,1013102.0,0.719649,1.017046,CAN,CHL,030321
11944551,43,42,5092,2013,0.0,17941818.0,1.113767,1.477496,CHN,CHL,030321
11944552,49,42,5092,2013,0.0,117708.0,0.121799,-0.388239,COL,CHL,030321
11944553,61,42,5092,2013,0.0,1287942.0,2.093658,-3.4281980000000005,DEU,CHL,030321
11944554,71,42,5092,2013,0.0,103312.0,0.861698,2.353993,ESP,CHL,030321
11944555,77,42,5092,2013,0.0,62422.0,1.520354,0.022874000000000002,FRA,CHL,030321
11944556,82,42,5092,2013,0.0,501811.0,-0.160691,-0.393419,GEO,CHL,030321
11944557,83,42,5092,2013,0.0,13622.0,-0.7316010000000001,-0.5327689999999999,GHA,CHL,030321
11944558,97,42,5092,2013,0.0,514716.0,0.744383,1.923139,HKG,CHL,030321
11944559,103,42,5092,2013,0.0,65058.0,-0.216854,1.415728,IDN,CHL,030321
11944560,114,42,5092,2013,0.0,94472272.0,2.3993130000000003,-0.564768,JPN,CHL,030321
11944561,117,42,5092,2013,0.0,65520.0,-0.1035,0.339914,KGZ,CHL,030321
11944562,121,42,5092,2013,0.0,1100584.0,1.818383,0.75645,KOR,CHL,030321
11944563,130,42,5092,2013,0.0,1079557.0,0.737796,1.215543,LTU,CHL,030321
11944564,153,42,5092,2013,0.0,200168.0,0.937641,0.747496,MYS,CHL,030321
11944565,159,42,5092,2013,0.0,26356.0,-1.745783,-1.1356680000000001,NGA,CHL,030321
11944566,174,42,5092,2013,0.0,60734.0,0.507868,0.355403,PHL,CHL,030321
11944567,177,42,5092,2013,0.0,241070.0,1.084332,1.216749,POL,CHL,030321
11944568,179,42,5092,2013,0.0,33482.0,0.541454,2.5228610000000002,PRT,CHL,030321
11944569,180,42,5092,2013,0.0,13755.0,-0.566239,-0.9273459999999999,PRY,CHL,030321
11944570,186,42,5092,2013,0.0,104734288.0,0.481166,-0.180052,RUS,CHL,030321
11944571,192,42,5092,2013,0.0,2262099.0,1.915504,0.619576,SGP,CHL,030321
11944572,216,42,5092,2013,0.0,38392940.0,0.8752139999999999,1.3798620000000001,THA,CHL,030321
11944573,228,42,5092,2013,0.0,5597452.0,0.657729,0.9063200000000001,UKR,CHL,030321
11944574,231,42,5092,2013,0.0,1872497.0,1.6639689999999998,-0.48651300000000003,USA,CHL,030321
11944575,239,42,5092,2013,0.0,15751234.0,-0.11426900000000001,1.399738,VNM,CHL,030321
11944576,246,42,5092,2013,0.0,602469.0,0.380284,1.5682120000000002,ZAF,CHL,030321
11944577,249,42,5092,2013,0.0,1167146.0,1.843186,0.9432379999999999,TWN,CHL,030321
11944578,14,43,5092,2013,2638.0,0.0,-0.31145700000000004,-0.167628,AUS,CHN,030321
11944579,39,43,5092,2013,2859.0,0.0,0.719649,1.017046,CAN,CHN,030321
11944580,42,43,5092,2013,17941818.0,0.0,-0.260718,-0.38256100000000004,CHL,CHN,030321
11944581,59,43,5092,2013,0.0,2487.0,1.819653,-0.12423800000000002,CZE,CHN,030321
11944582,64,43,5092,2013,1913238.0,0.0,1.161835,1.1788450000000001,DNK,CHN,030321
11944583,81,43,5092,2013,35110.0,0.0,1.7901259999999999,0.44164,GBR,CHN,030321
11944584,114,43,5092,2013,0.0,94003.0,2.3993130000000003,-0.564768,JPN,CHN,030321
11944585,163,43,5092,2013,6624243.0,0.0,0.892099,0.18168399999999998,NOR,CHN,030321
11944586,173,43,5092,2013,124370.0,0.0,-0.573852,0.357977,PER,CHN,030321
11944587,246,43,5092,2013,0.0,2524.0,0.380284,1.5682120000000002,ZAF,CHN,030321
11944588,15,49,5092,2013,0.0,4908.0,1.7209240000000001,-0.286892,AUT,COL,030321
11944589,42,49,5092,2013,117708.0,0.0,-0.260718,-0.38256100000000004,CHL,COL,030321
11944590,61,49,5092,2013,0.0,546333.0,2.093658,-3.4281980000000005,DEU,COL,030321
11944591,163,49,5092,2013,50208.0,5364.0,0.892099,0.18168399999999998,NOR,COL,030321
11944592,231,49,5092,2013,3972.0,0.0,1.6639689999999998,-0.48651300000000003,USA,COL,030321
11944593,231,52,5092,2013,0.0,8473.0,1.6639689999999998,-0.48651300000000003,USA,CRI,030321
11944594,43,59,5092,2013,2487.0,0.0,1.113767,1.477496,CHN,CZE,030321
11944595,61,59,5092,2013,41517.0,247647.0,2.093658,-3.4281980000000005,DEU,CZE,030321
11944596,64,59,5092,2013,7288.0,0.0,1.161835,1.1788450000000001,DNK,CZE,030321
11944597,71,59,5092,2013,81876.0,0.0,0.861698,2.353993,ESP,CZE,030321
11944598,100,59,5092,2013,0.0,1623.0,0.898284,1.038807,HRV,CZE,030321
11944599,102,59,5092,2013,0.0,14132.0,1.506101,0.7279220000000001,HUN,CZE,030321
11944600,111,59,5092,2013,8815.0,0.0,1.289924,0.533436,ITA,CZE,030321
11944601,162,59,5092,2013,21579.0,0.0,1.184107,1.249557,NLD,CZE,030321
11944602,173,59,5092,2013,2591.0,0.0,-0.573852,0.357977,PER,CZE,030321
11944603,185,59,5092,2013,0.0,8192.0,0.792035,1.225034,ROU,CZE,030321
11944604,206,59,5092,2013,0.0,560375.0,1.32064,0.7519819999999999,SVK,CZE,030321
11944605,224,59,5092,2013,2648718.0,0.0,0.42932299999999995,2.690235,TUR,CZE,030321
11944606,228,59,5092,2013,0.0,2604.0,0.657729,0.9063200000000001,UKR,CZE,030321
11944607,15,61,5092,2013,1286099.0,659317.0,1.7209240000000001,-0.286892,AUT,DEU,030321
11944608,18,61,5092,2013,271308.0,67646.0,1.316207,0.972601,BEL,DEU,030321
11944609,26,61,5092,2013,0.0,6475.0,0.46743199999999996,0.7340800000000001,BIH,DEU,030321
11944610,41,61,5092,2013,0.0,123632.0,2.2104470000000003,0.5403479999999999,CHE,DEU,030321
11944611,42,61,5092,2013,1287942.0,0.0,-0.260718,-0.38256100000000004,CHL,DEU,030321
11944612,49,61,5092,2013,546333.0,0.0,0.121799,-0.388239,COL,DEU,030321
11944613,59,61,5092,2013,247647.0,41517.0,1.819653,-0.12423800000000002,CZE,DEU,030321
11944614,64,61,5092,2013,4236196.0,135917.0,1.161835,1.1788450000000001,DNK,DEU,030321
11944615,71,61,5092,2013,631544.0,21871.0,0.861698,2.353993,ESP,DEU,030321
11944616,72,61,5092,2013,1924.0,1049.0,0.8828940000000001,1.386574,EST,DEU,030321
11944617,77,61,5092,2013,2215778.0,50005.0,1.520354,0.022874000000000002,FRA,DEU,030321
11944618,81,61,5092,2013,676011.0,331178.0,1.7901259999999999,0.44164,GBR,DEU,030321
11944619,90,61,5092,2013,26079.0,1697.0,0.18823800000000002,0.910906,GRC,DEU,030321
11944620,97,61,5092,2013,0.0,43631.0,0.744383,1.923139,HKG,DEU,030321
11944621,102,61,5092,2013,0.0,27537.0,1.506101,0.7279220000000001,HUN,DEU,030321
11944622,106,61,5092,2013,0.0,49067.0,1.29988,0.240688,IRL,DEU,030321
11944623,109,61,5092,2013,220564.0,0.0,0.259374,-0.20413299999999998,ISL,DEU,030321
11944624,111,61,5092,2013,35700.0,12687.0,1.289924,0.533436,ITA,DEU,030321
11944625,130,61,5092,2013,3489.0,0.0,0.737796,1.215543,LTU,DEU,030321
11944626,131,61,5092,2013,0.0,30403.0,1.170459,1.150327,LUX,DEU,030321
11944627,132,61,5092,2013,2050.0,2678.0,0.6219439999999999,1.166749,LVA,DEU,030321
11944628,159,61,5092,2013,0.0,2371.0,-1.745783,-1.1356680000000001,NGA,DEU,030321
11944629,162,61,5092,2013,3170544.0,640420.0,1.184107,1.249557,NLD,DEU,030321
11944630,163,61,5092,2013,60543.0,7444.0,0.892099,0.18168399999999998,NOR,DEU,030321
11944631,173,61,5092,2013,524396.0,0.0,-0.573852,0.357977,PER,DEU,030321
11944632,177,61,5092,2013,78263.0,3056265.0,1.084332,1.216749,POL,DEU,030321
11944633,179,61,5092,2013,29498.0,0.0,0.541454,2.5228610000000002,PRT,DEU,030321
11944634,185,61,5092,2013,0.0,14439.0,0.792035,1.225034,ROU,DEU,030321
11944635,206,61,5092,2013,1358.0,8452.0,1.32064,0.7519819999999999,SVK,DEU,030321
11944636,207,61,5092,2013,0.0,2752.0,1.698374,0.563082,SVN,DEU,030321
11944637,208,61,5092,2013,143330.0,21009.0,1.869421,0.228109,SWE,DEU,030321
11944638,224,61,5092,2013,20995490.0,0.0,0.42932299999999995,2.690235,TUR,DEU,030321
11944639,231,61,5092,2013,0.0,2920.0,1.6639689999999998,-0.48651300000000003,USA,DEU,030321
11944640,237,61,5092,2013,0.0,33429.0,0.616863,-0.314222,VGB,DEU,030321
11944641,250,61,5092,2013,0.0,22222.0,0.628555,0.277602,ANS,DEU,030321
11944642,7,64,5092,2013,0.0,12915.0,-0.074047,-0.585168,ARE,DNK,030321
11944643,15,64,5092,2013,0.0,120763.0,1.7209240000000001,-0.286892,AUT,DNK,030321
11944644,16,64,5092,2013,0.0,9976.0,-0.9232870000000001,-1.165928,AZE,DNK,030321
11944645,18,64,5092,2013,0.0,74828.0,1.316207,0.972601,BEL,DNK,030321
11944646,41,64,5092,2013,0.0,31447.0,2.2104470000000003,0.5403479999999999,CHE,DNK,030321
11944647,43,64,5092,2013,0.0,1913238.0,1.113767,1.477496,CHN,DNK,030321
11944648,59,64,5092,2013,0.0,7288.0,1.819653,-0.12423800000000002,CZE,DNK,030321
11944649,61,64,5092,2013,135917.0,4236196.0,2.093658,-3.4281980000000005,DEU,DNK,030321
11944650,71,64,5092,2013,3707.0,122025.0,0.861698,2.353993,ESP,DNK,030321
11944651,72,64,5092,2013,1210.0,1474630.0,0.8828940000000001,1.386574,EST,DNK,030321
11944652,74,64,5092,2013,94140.0,3178762.0,1.734552,0.8896940000000001,FIN,DNK,030321
11944653,77,64,5092,2013,52375.0,373642.0,1.520354,0.022874000000000002,FRA,DNK,030321
11944654,78,64,5092,2013,62945.0,0.0,-0.370701,-0.815466,FRO,DNK,030321
11944655,81,64,5092,2013,0.0,357929.0,1.7901259999999999,0.44164,GBR,DNK,030321
11944656,82,64,5092,2013,0.0,72797.0,-0.160691,-0.393419,GEO,DNK,030321
11944657,90,64,5092,2013,0.0,72907.0,0.18823800000000002,0.910906,GRC,DNK,030321
11944658,92,64,5092,2013,4674.0,0.0,-0.801617,-0.8734120000000001,GRL,DNK,030321
11944659,102,64,5092,2013,0.0,30462.0,1.506101,0.7279220000000001,HUN,DNK,030321
11944660,106,64,5092,2013,34628.0,16705.0,1.29988,0.240688,IRL,DNK,030321
11944661,109,64,5092,2013,31821.0,1622.0,0.259374,-0.20413299999999998,ISL,DNK,030321
11944662,111,64,5092,2013,0.0,108521.0,1.289924,0.533436,ITA,DNK,030321
11944663,114,64,5092,2013,0.0,743563.0,2.3993130000000003,-0.564768,JPN,DNK,030321
11944664,130,64,5092,2013,0.0,117908.0,0.737796,1.215543,LTU,DNK,030321
11944665,131,64,5092,2013,0.0,2839.0,1.170459,1.150327,LUX,DNK,030321
11944666,132,64,5092,2013,0.0,189801.0,0.6219439999999999,1.166749,LVA,DNK,030321
11944667,135,64,5092,2013,0.0,10940.0,-0.016235,0.132104,MDA,DNK,030321
11944668,162,64,5092,2013,0.0,29060.0,1.184107,1.249557,NLD,DNK,030321
11944669,163,64,5092,2013,2434796.0,0.0,0.892099,0.18168399999999998,NOR,DNK,030321
11944670,177,64,5092,2013,171796.0,1145423.0,1.084332,1.216749,POL,DNK,030321
11944671,179,64,5092,2013,0.0,5036.0,0.541454,2.5228610000000002,PRT,DNK,030321
11944672,185,64,5092,2013,0.0,76444.0,0.792035,1.225034,ROU,DNK,030321
11944673,186,64,5092,2013,0.0,7287828.0,0.481166,-0.180052,RUS,DNK,030321
11944674,207,64,5092,2013,0.0,2084.0,1.698374,0.563082,SVN,DNK,030321
11944675,208,64,5092,2013,464882.0,1668835.0,1.869421,0.228109,SWE,DNK,030321
11944676,216,64,5092,2013,0.0,544109.0,0.8752139999999999,1.3798620000000001,THA,DNK,030321
11944677,224,64,5092,2013,230526.0,0.0,0.42932299999999995,2.690235,TUR,DNK,030321
11944678,228,64,5092,2013,0.0,54630.0,0.657729,0.9063200000000001,UKR,DNK,030321
11944679,231,64,5092,2013,0.0,4883.0,1.6639689999999998,-0.48651300000000003,USA,DNK,030321
11944680,239,64,5092,2013,0.0,3949968.0,-0.11426900000000001,1.399738,VNM,DNK,030321
11944681,93,65,5092,2013,98101.0,0.0,-0.41466499999999995,0.774788,GTM,DOM,030321
11944682,1,71,5092,2013,0.0,11726.0,-0.985727,-0.7164550000000001,AFG,ESP,030321
11944683,5,71,5092,2013,0.0,32682.0,0.9666530000000001,-0.159606,AND,ESP,030321
11944684,15,71,5092,2013,0.0,15888.0,1.7209240000000001,-0.286892,AUT,ESP,030321
11944685,18,71,5092,2013,0.0,109872.0,1.316207,0.972601,BEL,ESP,030321
11944686,28,71,5092,2013,0.0,8641.0,1.036923,0.864568,BLR,ESP,030321
11944687,42,71,5092,2013,103312.0,0.0,-0.260718,-0.38256100000000004,CHL,ESP,030321
11944688,54,71,5092,2013,0.0,1305.0,-0.019956,-0.7873319999999999,CUB,ESP,030321
11944689,59,71,5092,2013,0.0,81876.0,1.819653,-0.12423800000000002,CZE,ESP,030321
11944690,61,71,5092,2013,21871.0,631544.0,2.093658,-3.4281980000000005,DEU,ESP,030321
11944691,64,71,5092,2013,122025.0,3707.0,1.161835,1.1788450000000001,DNK,ESP,030321
11944692,72,71,5092,2013,0.0,2185.0,0.8828940000000001,1.386574,EST,ESP,030321
11944693,77,71,5092,2013,9131.0,36409.0,1.520354,0.022874000000000002,FRA,ESP,030321
11944694,81,71,5092,2013,10807.0,21413.0,1.7901259999999999,0.44164,GBR,ESP,030321
11944695,84,71,5092,2013,0.0,2523.0,0.991136,-0.603793,GIB,ESP,030321
11944696,89,71,5092,2013,0.0,2369.0,-1.521575,-0.814708,GNQ,ESP,030321
11944697,90,71,5092,2013,53642.0,470087.0,0.18823800000000002,0.910906,GRC,ESP,030321
11944698,102,71,5092,2013,0.0,4878.0,1.506101,0.7279220000000001,HUN,ESP,030321
11944699,106,71,5092,2013,1505.0,930.0,1.29988,0.240688,IRL,ESP,030321
11944700,111,71,5092,2013,23100.0,979427.0,1.289924,0.533436,ITA,ESP,030321
11944701,121,71,5092,2013,25129.0,0.0,1.818383,0.75645,KOR,ESP,030321
11944702,130,71,5092,2013,0.0,1575.0,0.737796,1.215543,LTU,ESP,030321
11944703,132,71,5092,2013,0.0,50806.0,0.6219439999999999,1.166749,LVA,ESP,030321
11944704,135,71,5092,2013,0.0,11496.0,-0.016235,0.132104,MDA,ESP,030321
11944705,163,71,5092,2013,80543.0,0.0,0.892099,0.18168399999999998,NOR,ESP,030321
11944706,177,71,5092,2013,0.0,586718.0,1.084332,1.216749,POL,ESP,030321
11944707,179,71,5092,2013,63476.0,389644.0,0.541454,2.5228610000000002,PRT,ESP,030321
11944708,185,71,5092,2013,0.0,54034.0,0.792035,1.225034,ROU,ESP,030321
11944709,186,71,5092,2013,0.0,232731.0,0.481166,-0.180052,RUS,ESP,030321
11944710,206,71,5092,2013,0.0,6371.0,1.32064,0.7519819999999999,SVK,ESP,030321
11944711,207,71,5092,2013,0.0,17813.0,1.698374,0.563082,SVN,ESP,030321
11944712,208,71,5092,2013,12658.0,0.0,1.869421,0.228109,SWE,ESP,030321
11944713,223,71,5092,2013,0.0,1343.0,0.185528,1.0070700000000001,TUN,ESP,030321
11944714,224,71,5092,2013,3029.0,0.0,0.42932299999999995,2.690235,TUR,ESP,030321
11944715,228,71,5092,2013,0.0,92029.0,0.657729,0.9063200000000001,UKR,ESP,030321
11944716,231,71,5092,2013,0.0,75001.0,1.6639689999999998,-0.48651300000000003,USA,ESP,030321
11944717,16,72,5092,2013,0.0,3697.0,-0.9232870000000001,-1.165928,AZE,EST,030321
11944718,28,72,5092,2013,0.0,238272.0,1.036923,0.864568,BLR,EST,030321
11944719,61,72,5092,2013,1049.0,1924.0,2.093658,-3.4281980000000005,DEU,EST,030321
11944720,64,72,5092,2013,1474630.0,1210.0,1.161835,1.1788450000000001,DNK,EST,030321
11944721,71,72,5092,2013,2185.0,0.0,0.861698,2.353993,ESP,EST,030321
11944722,74,72,5092,2013,541336.0,1520.0,1.734552,0.8896940000000001,FIN,EST,030321
11944723,130,72,5092,2013,207926.0,431766.0,0.737796,1.215543,LTU,EST,030321
11944724,132,72,5092,2013,175618.0,440306.0,0.6219439999999999,1.166749,LVA,EST,030321
11944725,135,72,5092,2013,0.0,19156.0,-0.016235,0.132104,MDA,EST,030321
11944726,163,72,5092,2013,493912.0,0.0,0.892099,0.18168399999999998,NOR,EST,030321
11944727,177,72,5092,2013,216574.0,0.0,1.084332,1.216749,POL,EST,030321
11944728,186,72,5092,2013,0.0,532202.0,0.481166,-0.180052,RUS,EST,030321
11944729,208,72,5092,2013,297336.0,0.0,1.869421,0.228109,SWE,EST,030321
11944730,228,72,5092,2013,0.0,141022.0,0.657729,0.9063200000000001,UKR,EST,030321
11944731,64,74,5092,2013,3178762.0,94140.0,1.161835,1.1788450000000001,DNK,FIN,030321
11944732,72,74,5092,2013,1520.0,541336.0,0.8828940000000001,1.386574,EST,FIN,030321
11944733,132,74,5092,2013,0.0,291149.0,0.6219439999999999,1.166749,LVA,FIN,030321
11944734,163,74,5092,2013,246621.0,0.0,0.892099,0.18168399999999998,NOR,FIN,030321
11944735,186,74,5092,2013,0.0,263400.0,0.481166,-0.180052,RUS,FIN,030321
11944736,208,74,5092,2013,203580.0,0.0,1.869421,0.228109,SWE,FIN,030321
11944737,15,77,5092,2013,0.0,18726.0,1.7209240000000001,-0.286892,AUT,FRA,030321
11944738,18,77,5092,2013,17321.0,13291.0,1.316207,0.972601,BEL,FRA,030321
11944739,24,77,5092,2013,0.0,1774.0,0.249681,-0.6204270000000001,BHR,FRA,030321
11944740,28,77,5092,2013,0.0,32705.0,1.036923,0.864568,BLR,FRA,030321
11944741,41,77,5092,2013,0.0,136875.0,2.2104470000000003,0.5403479999999999,CHE,FRA,030321
11944742,42,77,5092,2013,62422.0,0.0,-0.260718,-0.38256100000000004,CHL,FRA,030321
11944743,58,77,5092,2013,0.0,2978.0,0.502238,0.349608,CYP,FRA,030321
11944744,61,77,5092,2013,50005.0,2215778.0,2.093658,-3.4281980000000005,DEU,FRA,030321
11944745,64,77,5092,2013,373642.0,52375.0,1.161835,1.1788450000000001,DNK,FRA,030321
11944746,71,77,5092,2013,36409.0,9131.0,0.861698,2.353993,ESP,FRA,030321
11944747,90,77,5092,2013,0.0,16411.0,0.18823800000000002,0.910906,GRC,FRA,030321
11944748,106,77,5092,2013,9941.0,26595.0,1.29988,0.240688,IRL,FRA,030321
11944749,111,77,5092,2013,0.0,27144.0,1.289924,0.533436,ITA,FRA,030321
11944750,131,77,5092,2013,0.0,2332.0,1.170459,1.150327,LUX,FRA,030321
11944751,162,77,5092,2013,0.0,21672.0,1.184107,1.249557,NLD,FRA,030321
11944752,177,77,5092,2013,0.0,6961.0,1.084332,1.216749,POL,FRA,030321
11944753,179,77,5092,2013,4428.0,1357.0,0.541454,2.5228610000000002,PRT,FRA,030321
11944754,185,77,5092,2013,0.0,17293.0,0.792035,1.225034,ROU,FRA,030321
11944755,224,77,5092,2013,33404.0,0.0,0.42932299999999995,2.690235,TUR,FRA,030321
11944756,239,77,5092,2013,0.0,103269.0,-0.11426900000000001,1.399738,VNM,FRA,030321
11944757,7,81,5092,2013,0.0,63834.0,-0.074047,-0.585168,ARE,GBR,030321
11944758,15,81,5092,2013,0.0,7894.0,1.7209240000000001,-0.286892,AUT,GBR,030321
11944759,28,81,5092,2013,0.0,307027.0,1.036923,0.864568,BLR,GBR,030321
11944760,43,81,5092,2013,0.0,35110.0,1.113767,1.477496,CHN,GBR,030321
11944761,58,81,5092,2013,0.0,34881.0,0.502238,0.349608,CYP,GBR,030321
11944762,61,81,5092,2013,331178.0,676011.0,2.093658,-3.4281980000000005,DEU,GBR,030321
11944763,64,81,5092,2013,357929.0,0.0,1.161835,1.1788450000000001,DNK,GBR,030321
11944764,71,81,5092,2013,21413.0,10807.0,0.861698,2.353993,ESP,GBR,030321
11944765,97,81,5092,2013,0.0,13281.0,0.744383,1.923139,HKG,GBR,030321
11944766,106,81,5092,2013,1677046.0,340066.0,1.29988,0.240688,IRL,GBR,030321
11944767,110,81,5092,2013,0.0,13683.0,1.197241,0.633828,ISR,GBR,030321
11944768,111,81,5092,2013,0.0,21316.0,1.289924,0.533436,ITA,GBR,030321
11944769,130,81,5092,2013,0.0,83600.0,0.737796,1.215543,LTU,GBR,030321
11944770,132,81,5092,2013,126750.0,0.0,0.6219439999999999,1.166749,LVA,GBR,030321
11944771,135,81,5092,2013,0.0,21774.0,-0.016235,0.132104,MDA,GBR,030321
11944772,162,81,5092,2013,85341.0,0.0,1.184107,1.249557,NLD,GBR,030321
11944773,163,81,5092,2013,65276.0,0.0,0.892099,0.18168399999999998,NOR,GBR,030321
11944774,173,81,5092,2013,45357.0,0.0,-0.573852,0.357977,PER,GBR,030321
11944775,177,81,5092,2013,1951.0,0.0,1.084332,1.216749,POL,GBR,030321
11944776,179,81,5092,2013,2391.0,0.0,0.541454,2.5228610000000002,PRT,GBR,030321
11944777,186,81,5092,2013,0.0,513666.0,0.481166,-0.180052,RUS,GBR,030321
11944778,207,81,5092,2013,0.0,33864.0,1.698374,0.563082,SVN,GBR,030321
11944779,216,81,5092,2013,0.0,31452.0,0.8752139999999999,1.3798620000000001,THA,GBR,030321
11944780,224,81,5092,2013,59313.0,0.0,0.42932299999999995,2.690235,TUR,GBR,030321
11944781,228,81,5092,2013,0.0,80308.0,0.657729,0.9063200000000001,UKR,GBR,030321
11944782,231,81,5092,2013,0.0,58582.0,1.6639689999999998,-0.48651300000000003,USA,GBR,030321
11944783,15,90,5092,2013,0.0,5886.0,1.7209240000000001,-0.286892,AUT,GRC,030321
11944784,18,90,5092,2013,1674.0,1617.0,1.316207,0.972601,BEL,GRC,030321
11944785,23,90,5092,2013,0.0,3317.0,0.5026109999999999,1.674296,BGR,GRC,030321
11944786,58,90,5092,2013,285944.0,160054.0,0.502238,0.349608,CYP,GRC,030321
11944787,61,90,5092,2013,1697.0,26079.0,2.093658,-3.4281980000000005,DEU,GRC,030321
11944788,64,90,5092,2013,72907.0,0.0,1.161835,1.1788450000000001,DNK,GRC,030321
11944789,71,90,5092,2013,470087.0,53642.0,0.861698,2.353993,ESP,GRC,030321
11944790,77,90,5092,2013,16411.0,0.0,1.520354,0.022874000000000002,FRA,GRC,030321
11944791,111,90,5092,2013,573639.0,41697.0,1.289924,0.533436,ITA,GRC,030321
11944792,179,90,5092,2013,0.0,4784.0,0.541454,2.5228610000000002,PRT,GRC,030321
11944793,185,90,5092,2013,0.0,8982.0,0.792035,1.225034,ROU,GRC,030321
11944794,65,93,5092,2013,0.0,98101.0,-0.277269,0.432388,DOM,GTM,030321
11944795,231,93,5092,2013,0.0,7788.0,1.6639689999999998,-0.48651300000000003,USA,GTM,030321
11944796,13,96,5092,2013,0.0,1204.0,0.096563,-0.60577,ATG,GUY,030321
11944797,39,96,5092,2013,0.0,3602.0,0.719649,1.017046,CAN,GUY,030321
11944798,112,96,5092,2013,0.0,67680.0,-0.541441,-0.8448559999999999,JAM,GUY,030321
11944799,222,96,5092,2013,0.0,119661.0,-0.280641,-1.083332,TTO,GUY,030321
11944800,231,96,5092,2013,0.0,2301.0,1.6639689999999998,-0.48651300000000003,USA,GUY,030321
11944801,14,97,5092,2013,57703.0,0.0,-0.31145700000000004,-0.167628,AUS,HKG,030321
11944802,42,97,5092,2013,514716.0,0.0,-0.260718,-0.38256100000000004,CHL,HKG,030321
11944803,61,97,5092,2013,43631.0,0.0,2.093658,-3.4281980000000005,DEU,HKG,030321
11944804,81,97,5092,2013,13281.0,0.0,1.7901259999999999,0.44164,GBR,HKG,030321
11944805,114,97,5092,2013,16382.0,0.0,2.3993130000000003,-0.564768,JPN,HKG,030321
11944806,133,97,5092,2013,0.0,942232.0,0.252209,0.184401,MAC,HKG,030321
11944807,162,97,5092,2013,17418.0,0.0,1.184107,1.249557,NLD,HKG,030321
11944808,163,97,5092,2013,1392902.0,0.0,0.892099,0.18168399999999998,NOR,HKG,030321
11944809,174,97,5092,2013,24838.0,0.0,0.507868,0.355403,PHL,HKG,030321
11944810,249,97,5092,2013,0.0,385243.0,1.843186,0.9432379999999999,TWN,HKG,030321
11944811,15,102,5092,2013,1038.0,13285.0,1.7209240000000001,-0.286892,AUT,HUN,030321
11944812,59,102,5092,2013,14132.0,0.0,1.819653,-0.12423800000000002,CZE,HUN,030321
11944813,61,102,5092,2013,27537.0,0.0,2.093658,-3.4281980000000005,DEU,HUN,030321
11944814,64,102,5092,2013,30462.0,0.0,1.161835,1.1788450000000001,DNK,HUN,030321
11944815,71,102,5092,2013,4878.0,0.0,0.861698,2.353993,ESP,HUN,030321
11944816,100,102,5092,2013,52365.0,1600.0,0.898284,1.038807,HRV,HUN,030321
11944817,111,102,5092,2013,0.0,44418.0,1.289924,0.533436,ITA,HUN,030321
11944818,162,102,5092,2013,1434.0,0.0,1.184107,1.249557,NLD,HUN,030321
11944819,177,102,5092,2013,85236.0,0.0,1.084332,1.216749,POL,HUN,030321
11944820,185,102,5092,2013,19275.0,7737.0,0.792035,1.225034,ROU,HUN,030321
11944821,206,102,5092,2013,60701.0,6854.0,1.32064,0.7519819999999999,SVK,HUN,030321
11944822,207,102,5092,2013,17824.0,3189.0,1.698374,0.563082,SVN,HUN,030321
11944823,224,102,5092,2013,226658.0,0.0,0.42932299999999995,2.690235,TUR,HUN,030321
11944824,42,103,5092,2013,65058.0,0.0,-0.260718,-0.38256100000000004,CHL,IDN,030321
11944825,153,103,5092,2013,0.0,9686.0,0.937641,0.747496,MYS,IDN,030321
11944826,81,110,5092,2013,13683.0,0.0,1.7901259999999999,0.44164,GBR,ISR,030321
11944827,163,110,5092,2013,1677493.0,0.0,0.892099,0.18168399999999998,NOR,ISR,030321
11944828,224,110,5092,2013,348946.0,0.0,0.42932299999999995,2.690235,TUR,ISR,030321
11944829,4,111,5092,2013,0.0,109271.0,-0.53682,-0.162391,ALB,ITA,030321
11944830,15,111,5092,2013,6449.0,266460.0,1.7209240000000001,-0.286892,AUT,ITA,030321
11944831,41,111,5092,2013,0.0,90670.0,2.2104470000000003,0.5403479999999999,CHE,ITA,030321
11944832,59,111,5092,2013,0.0,8815.0,1.819653,-0.12423800000000002,CZE,ITA,030321
11944833,61,111,5092,2013,12687.0,35700.0,2.093658,-3.4281980000000005,DEU,ITA,030321
11944834,64,111,5092,2013,108521.0,0.0,1.161835,1.1788450000000001,DNK,ITA,030321
11944835,71,111,5092,2013,979427.0,23100.0,0.861698,2.353993,ESP,ITA,030321
11944836,77,111,5092,2013,27144.0,0.0,1.520354,0.022874000000000002,FRA,ITA,030321
11944837,81,111,5092,2013,21316.0,0.0,1.7901259999999999,0.44164,GBR,ITA,030321
11944838,90,111,5092,2013,41697.0,573639.0,0.18823800000000002,0.910906,GRC,ITA,030321
11944839,102,111,5092,2013,44418.0,0.0,1.506101,0.7279220000000001,HUN,ITA,030321
11944840,131,111,5092,2013,9182.0,0.0,1.170459,1.150327,LUX,ITA,030321
11944841,142,111,5092,2013,0.0,2255.0,0.8519760000000001,-0.075869,MLT,ITA,030321
11944842,162,111,5092,2013,240869.0,20189.0,1.184107,1.249557,NLD,ITA,030321
11944843,177,111,5092,2013,0.0,223973.0,1.084332,1.216749,POL,ITA,030321
11944844,179,111,5092,2013,41704.0,0.0,0.541454,2.5228610000000002,PRT,ITA,030321
11944845,201,111,5092,2013,0.0,3315.0,0.5717720000000001,1.174901,SRB,ITA,030321
11944846,207,111,5092,2013,0.0,19495.0,1.698374,0.563082,SVN,ITA,030321
11944847,224,111,5092,2013,1709.0,0.0,0.42932299999999995,2.690235,TUR,ITA,030321
11944848,96,112,5092,2013,67680.0,0.0,-0.8555590000000001,-0.9744450000000001,GUY,JAM,030321
11944849,162,113,5092,2013,3088.0,0.0,1.184107,1.249557,NLD,JOR,030321
11944850,224,113,5092,2013,2476.0,0.0,0.42932299999999995,2.690235,TUR,JOR,030321
11944851,42,121,5092,2013,1100584.0,0.0,-0.260718,-0.38256100000000004,CHL,KOR,030321
11944852,44,121,5092,2013,0.0,5585.0,-0.923558,-0.866642,CIV,KOR,030321
11944853,71,121,5092,2013,0.0,25129.0,0.861698,2.353993,ESP,KOR,030321
11944854,85,121,5092,2013,0.0,936.0,-1.1287459999999998,-1.069735,GIN,KOR,030321
11944855,114,121,5092,2013,0.0,16252.0,2.3993130000000003,-0.564768,JPN,KOR,030321
11944856,162,121,5092,2013,1061.0,0.0,1.184107,1.249557,NLD,KOR,030321
11944857,163,121,5092,2013,257492.0,0.0,0.892099,0.18168399999999998,NOR,KOR,030321
11944858,192,121,5092,2013,993.0,0.0,1.915504,0.619576,SGP,KOR,030321
11944859,196,121,5092,2013,0.0,1682.0,-0.132082,-0.552921,SLE,KOR,030321
11944860,206,121,5092,2013,0.0,8809.0,1.32064,0.7519819999999999,SVK,KOR,030321
11944861,231,138,5092,2013,0.0,6845.0,1.6639689999999998,-0.48651300000000003,USA,MEX,030321
11944862,8,153,5092,2013,69249.0,0.0,0.20314300000000002,0.494062,ARG,MYS,030321
11944863,42,153,5092,2013,200168.0,0.0,-0.260718,-0.38256100000000004,CHL,MYS,030321
11944864,103,153,5092,2013,9686.0,0.0,-0.216854,1.415728,IDN,MYS,030321
11944865,114,153,5092,2013,82360.0,0.0,2.3993130000000003,-0.564768,JPN,MYS,030321
11944866,163,153,5092,2013,704516.0,0.0,0.892099,0.18168399999999998,NOR,MYS,030321
11944867,173,153,5092,2013,62958.0,0.0,-0.573852,0.357977,PER,MYS,030321
11944868,192,153,5092,2013,34366.0,64884.0,1.915504,0.619576,SGP,MYS,030321
11944869,216,153,5092,2013,17741.0,0.0,0.8752139999999999,1.3798620000000001,THA,MYS,030321
11944870,224,153,5092,2013,6709.0,0.0,0.42932299999999995,2.690235,TUR,MYS,030321
11944871,231,153,5092,2013,13333.0,0.0,1.6639689999999998,-0.48651300000000003,USA,MYS,030321
11944872,239,153,5092,2013,16278.0,0.0,-0.11426900000000001,1.399738,VNM,MYS,030321
11944873,7,162,5092,2013,0.0,3299.0,-0.074047,-0.585168,ARE,NLD,030321
11944874,15,162,5092,2013,0.0,25269.0,1.7209240000000001,-0.286892,AUT,NLD,030321
11944875,18,162,5092,2013,0.0,24397.0,1.316207,0.972601,BEL,NLD,030321
11944876,23,162,5092,2013,0.0,39990.0,0.5026109999999999,1.674296,BGR,NLD,030321
11944877,39,162,5092,2013,0.0,56222.0,0.719649,1.017046,CAN,NLD,030321
11944878,47,162,5092,2013,0.0,1610.0,-1.215681,-1.08679,COG,NLD,030321
11944879,59,162,5092,2013,0.0,21579.0,1.819653,-0.12423800000000002,CZE,NLD,030321
11944880,61,162,5092,2013,640420.0,3170544.0,2.093658,-3.4281980000000005,DEU,NLD,030321
11944881,64,162,5092,2013,29060.0,0.0,1.161835,1.1788450000000001,DNK,NLD,030321
11944882,77,162,5092,2013,21672.0,0.0,1.520354,0.022874000000000002,FRA,NLD,030321
11944883,81,162,5092,2013,0.0,85341.0,1.7901259999999999,0.44164,GBR,NLD,030321
11944884,97,162,5092,2013,0.0,17418.0,0.744383,1.923139,HKG,NLD,030321
11944885,102,162,5092,2013,0.0,1434.0,1.506101,0.7279220000000001,HUN,NLD,030321
11944886,106,162,5092,2013,246811.0,43535.0,1.29988,0.240688,IRL,NLD,030321
11944887,109,162,5092,2013,7064.0,0.0,0.259374,-0.20413299999999998,ISL,NLD,030321
11944888,111,162,5092,2013,20189.0,240869.0,1.289924,0.533436,ITA,NLD,030321
11944889,113,162,5092,2013,0.0,3088.0,0.152659,0.5889979999999999,JOR,NLD,030321
11944890,121,162,5092,2013,0.0,1061.0,1.818383,0.75645,KOR,NLD,030321
11944891,163,162,5092,2013,7408.0,0.0,0.892099,0.18168399999999998,NOR,NLD,030321
11944892,173,162,5092,2013,436355.0,0.0,-0.573852,0.357977,PER,NLD,030321
11944893,177,162,5092,2013,0.0,104120.0,1.084332,1.216749,POL,NLD,030321
11944894,185,162,5092,2013,0.0,57595.0,0.792035,1.225034,ROU,NLD,030321
11944895,207,162,5092,2013,0.0,20833.0,1.698374,0.563082,SVN,NLD,030321
11944896,208,162,5092,2013,0.0,5103.0,1.869421,0.228109,SWE,NLD,030321
11944897,222,162,5092,2013,0.0,1402.0,-0.280641,-1.083332,TTO,NLD,030321
11944898,224,162,5092,2013,1500691.0,1530.0,0.42932299999999995,2.690235,TUR,NLD,030321
11944899,7,163,5092,2013,0.0,443837.0,-0.074047,-0.585168,ARE,NOR,030321
11944900,14,163,5092,2013,0.0,31438.0,-0.31145700000000004,-0.167628,AUS,NOR,030321
11944901,28,163,5092,2013,0.0,2828381.0,1.036923,0.864568,BLR,NOR,030321
11944902,39,163,5092,2013,0.0,653356.0,0.719649,1.017046,CAN,NOR,030321
11944903,41,163,5092,2013,0.0,296595.0,2.2104470000000003,0.5403479999999999,CHE,NOR,030321
11944904,43,163,5092,2013,0.0,6624243.0,1.113767,1.477496,CHN,NOR,030321
11944905,49,163,5092,2013,5364.0,50208.0,0.121799,-0.388239,COL,NOR,030321
11944906,58,163,5092,2013,0.0,322739.0,0.502238,0.349608,CYP,NOR,030321
11944907,61,163,5092,2013,7444.0,60543.0,2.093658,-3.4281980000000005,DEU,NOR,030321
11944908,64,163,5092,2013,0.0,2434796.0,1.161835,1.1788450000000001,DNK,NOR,030321
11944909,68,163,5092,2013,0.0,89233.0,-0.17418,1.692641,EGY,NOR,030321
11944910,71,163,5092,2013,0.0,80543.0,0.861698,2.353993,ESP,NOR,030321
11944911,72,163,5092,2013,0.0,493912.0,0.8828940000000001,1.386574,EST,NOR,030321
11944912,73,163,5092,2013,0.0,8822.0,-1.264002,-0.9594219999999999,ETH,NOR,030321
11944913,74,163,5092,2013,0.0,246621.0,1.734552,0.8896940000000001,FIN,NOR,030321
11944914,81,163,5092,2013,0.0,65276.0,1.7901259999999999,0.44164,GBR,NOR,030321
11944915,97,163,5092,2013,0.0,1392902.0,0.744383,1.923139,HKG,NOR,030321
11944916,110,163,5092,2013,0.0,1677493.0,1.197241,0.633828,ISR,NOR,030321
11944917,114,163,5092,2013,0.0,22180646.0,2.3993130000000003,-0.564768,JPN,NOR,030321
11944918,115,163,5092,2013,0.0,1217289.0,-0.680678,-0.83347,KAZ,NOR,030321
11944919,117,163,5092,2013,0.0,5858.0,-0.1035,0.339914,KGZ,NOR,030321
11944920,121,163,5092,2013,0.0,257492.0,1.818383,0.75645,KOR,NOR,030321
11944921,130,163,5092,2013,0.0,4762170.0,0.737796,1.215543,LTU,NOR,030321
11944922,132,163,5092,2013,0.0,902351.0,0.6219439999999999,1.166749,LVA,NOR,030321
11944923,153,163,5092,2013,0.0,704516.0,0.937641,0.747496,MYS,NOR,030321
11944924,162,163,5092,2013,0.0,7408.0,1.184107,1.249557,NLD,NOR,030321
11944925,173,163,5092,2013,90018.0,0.0,-0.573852,0.357977,PER,NOR,030321
11944926,174,163,5092,2013,0.0,143185.0,0.507868,0.355403,PHL,NOR,030321
11944927,177,163,5092,2013,0.0,222700.0,1.084332,1.216749,POL,NOR,030321
11944928,186,163,5092,2013,0.0,9057962.0,0.481166,-0.180052,RUS,NOR,030321
11944929,192,163,5092,2013,0.0,1646165.0,1.915504,0.619576,SGP,NOR,030321
11944930,208,163,5092,2013,0.0,1209795.0,1.869421,0.228109,SWE,NOR,030321
11944931,216,163,5092,2013,0.0,12897877.0,0.8752139999999999,1.3798620000000001,THA,NOR,030321
11944932,224,163,5092,2013,8378.0,0.0,0.42932299999999995,2.690235,TUR,NOR,030321
11944933,228,163,5092,2013,0.0,1317474.0,0.657729,0.9063200000000001,UKR,NOR,030321
11944934,231,163,5092,2013,0.0,1411.0,1.6639689999999998,-0.48651300000000003,USA,NOR,030321
11944935,239,163,5092,2013,0.0,386720.0,-0.11426900000000001,1.399738,VNM,NOR,030321
11944936,246,163,5092,2013,0.0,229583.0,0.380284,1.5682120000000002,ZAF,NOR,030321
11944937,249,163,5092,2013,0.0,3050278.0,1.843186,0.9432379999999999,TWN,NOR,030321
11944938,82,166,5092,2013,0.0,1505.0,-0.160691,-0.393419,GEO,NZL,030321
11944939,8,173,5092,2013,0.0,64105.0,0.20314300000000002,0.494062,ARG,PER,030321
11944940,39,173,5092,2013,0.0,60443.0,0.719649,1.017046,CAN,PER,030321
11944941,43,173,5092,2013,0.0,124370.0,1.113767,1.477496,CHN,PER,030321
11944942,59,173,5092,2013,0.0,2591.0,1.819653,-0.12423800000000002,CZE,PER,030321
11944943,61,173,5092,2013,0.0,524396.0,2.093658,-3.4281980000000005,DEU,PER,030321
11944944,81,173,5092,2013,0.0,45357.0,1.7901259999999999,0.44164,GBR,PER,030321
11944945,114,173,5092,2013,0.0,59978.0,2.3993130000000003,-0.564768,JPN,PER,030321
11944946,153,173,5092,2013,0.0,62958.0,0.937641,0.747496,MYS,PER,030321
11944947,162,173,5092,2013,0.0,436355.0,1.184107,1.249557,NLD,PER,030321
11944948,163,173,5092,2013,0.0,90018.0,0.892099,0.18168399999999998,NOR,PER,030321
11944949,186,173,5092,2013,0.0,227031.0,0.481166,-0.180052,RUS,PER,030321
11944950,208,173,5092,2013,0.0,143304.0,1.869421,0.228109,SWE,PER,030321
11944951,42,174,5092,2013,60734.0,0.0,-0.260718,-0.38256100000000004,CHL,PHL,030321
11944952,97,174,5092,2013,0.0,24838.0,0.744383,1.923139,HKG,PHL,030321
11944953,114,174,5092,2013,7832.0,0.0,2.3993130000000003,-0.564768,JPN,PHL,030321
11944954,163,174,5092,2013,143185.0,0.0,0.892099,0.18168399999999998,NOR,PHL,030321
11944955,192,174,5092,2013,12341.0,0.0,1.915504,0.619576,SGP,PHL,030321
11944956,18,177,5092,2013,0.0,21311.0,1.316207,0.972601,BEL,POL,030321
11944957,23,177,5092,2013,663466.0,83886.0,0.5026109999999999,1.674296,BGR,POL,030321
11944958,39,177,5092,2013,89024.0,0.0,0.719649,1.017046,CAN,POL,030321
11944959,42,177,5092,2013,241070.0,0.0,-0.260718,-0.38256100000000004,CHL,POL,030321
11944960,61,177,5092,2013,3056265.0,78263.0,2.093658,-3.4281980000000005,DEU,POL,030321
11944961,64,177,5092,2013,1145423.0,171796.0,1.161835,1.1788450000000001,DNK,POL,030321
11944962,71,177,5092,2013,586718.0,0.0,0.861698,2.353993,ESP,POL,030321
11944963,72,177,5092,2013,0.0,216574.0,0.8828940000000001,1.386574,EST,POL,030321
11944964,77,177,5092,2013,6961.0,0.0,1.520354,0.022874000000000002,FRA,POL,030321
11944965,81,177,5092,2013,0.0,1951.0,1.7901259999999999,0.44164,GBR,POL,030321
11944966,102,177,5092,2013,0.0,85236.0,1.506101,0.7279220000000001,HUN,POL,030321
11944967,111,177,5092,2013,223973.0,0.0,1.289924,0.533436,ITA,POL,030321
11944968,130,177,5092,2013,21286.0,9144.0,0.737796,1.215543,LTU,POL,030321
11944969,132,177,5092,2013,203061.0,3921.0,0.6219439999999999,1.166749,LVA,POL,030321
11944970,162,177,5092,2013,104120.0,0.0,1.184107,1.249557,NLD,POL,030321
11944971,163,177,5092,2013,222700.0,0.0,0.892099,0.18168399999999998,NOR,POL,030321
11944972,185,177,5092,2013,0.0,73228.0,0.792035,1.225034,ROU,POL,030321
11944973,206,177,5092,2013,1867.0,0.0,1.32064,0.7519819999999999,SVK,POL,030321
11944974,207,177,5092,2013,0.0,2030.0,1.698374,0.563082,SVN,POL,030321
11944975,208,177,5092,2013,70095.0,0.0,1.869421,0.228109,SWE,POL,030321
11944976,224,177,5092,2013,7412037.0,68714.0,0.42932299999999995,2.690235,TUR,POL,030321
11944977,42,179,5092,2013,33482.0,0.0,-0.260718,-0.38256100000000004,CHL,PRT,030321
11944978,61,179,5092,2013,0.0,29498.0,2.093658,-3.4281980000000005,DEU,PRT,030321
11944979,64,179,5092,2013,5036.0,0.0,1.161835,1.1788450000000001,DNK,PRT,030321
11944980,71,179,5092,2013,389644.0,63476.0,0.861698,2.353993,ESP,PRT,030321
11944981,77,179,5092,2013,1357.0,4428.0,1.520354,0.022874000000000002,FRA,PRT,030321
11944982,81,179,5092,2013,0.0,2391.0,1.7901259999999999,0.44164,GBR,PRT,030321
11944983,90,179,5092,2013,4784.0,0.0,0.18823800000000002,0.910906,GRC,PRT,030321
11944984,111,179,5092,2013,0.0,41704.0,1.289924,0.533436,ITA,PRT,030321
11944985,42,180,5092,2013,13755.0,0.0,-0.260718,-0.38256100000000004,CHL,PRY,030321
11944986,231,188,5092,2013,12234.0,0.0,1.6639689999999998,-0.48651300000000003,USA,SAU,030321
11944987,14,192,5092,2013,24507.0,0.0,-0.31145700000000004,-0.167628,AUS,SGP,030321
11944988,42,192,5092,2013,2262099.0,0.0,-0.260718,-0.38256100000000004,CHL,SGP,030321
11944989,114,192,5092,2013,7800.0,0.0,2.3993130000000003,-0.564768,JPN,SGP,030321
11944990,121,192,5092,2013,0.0,993.0,1.818383,0.75645,KOR,SGP,030321
11944991,128,192,5092,2013,6013.0,0.0,-0.6521779999999999,0.41258599999999995,LKA,SGP,030321
11944992,153,192,5092,2013,64884.0,34366.0,0.937641,0.747496,MYS,SGP,030321
11944993,163,192,5092,2013,1646165.0,0.0,0.892099,0.18168399999999998,NOR,SGP,030321
11944994,174,192,5092,2013,0.0,12341.0,0.507868,0.355403,PHL,SGP,030321
11944995,224,192,5092,2013,16291.0,0.0,0.42932299999999995,2.690235,TUR,SGP,030321
11944996,15,206,5092,2013,23482.0,0.0,1.7209240000000001,-0.286892,AUT,SVK,030321
11944997,59,206,5092,2013,560375.0,0.0,1.819653,-0.12423800000000002,CZE,SVK,030321
11944998,61,206,5092,2013,8452.0,1358.0,2.093658,-3.4281980000000005,DEU,SVK,030321
11944999,71,206,5092,2013,6371.0,0.0,0.861698,2.353993,ESP,SVK,030321
11945000,102,206,5092,2013,6854.0,60701.0,1.506101,0.7279220000000001,HUN,SVK,030321
11945001,121,206,5092,2013,8809.0,0.0,1.818383,0.75645,KOR,SVK,030321
11945002,177,206,5092,2013,0.0,1867.0,1.084332,1.216749,POL,SVK,030321
11945003,207,206,5092,2013,0.0,21717.0,1.698374,0.563082,SVN,SVK,030321
11945004,224,206,5092,2013,319327.0,0.0,0.42932299999999995,2.690235,TUR,SVK,030321
11945005,250,206,5092,2013,14750.0,0.0,0.628555,0.277602,ANS,SVK,030321
11945006,58,208,5092,2013,0.0,53773.0,0.502238,0.349608,CYP,SWE,030321
11945007,61,208,5092,2013,21009.0,143330.0,2.093658,-3.4281980000000005,DEU,SWE,030321
11945008,64,208,5092,2013,1668835.0,464882.0,1.161835,1.1788450000000001,DNK,SWE,030321
11945009,71,208,5092,2013,0.0,12658.0,0.861698,2.353993,ESP,SWE,030321
11945010,72,208,5092,2013,0.0,297336.0,0.8828940000000001,1.386574,EST,SWE,030321
11945011,74,208,5092,2013,0.0,203580.0,1.734552,0.8896940000000001,FIN,SWE,030321
11945012,162,208,5092,2013,5103.0,0.0,1.184107,1.249557,NLD,SWE,030321
11945013,163,208,5092,2013,1209795.0,0.0,0.892099,0.18168399999999998,NOR,SWE,030321
11945014,173,208,5092,2013,143304.0,0.0,-0.573852,0.357977,PER,SWE,030321
11945015,177,208,5092,2013,0.0,70095.0,1.084332,1.216749,POL,SWE,030321
11945016,7,216,5092,2013,0.0,5113.0,-0.074047,-0.585168,ARE,THA,030321
11945017,42,216,5092,2013,38392940.0,0.0,-0.260718,-0.38256100000000004,CHL,THA,030321
11945018,64,216,5092,2013,544109.0,0.0,1.161835,1.1788450000000001,DNK,THA,030321
11945019,81,216,5092,2013,31452.0,0.0,1.7901259999999999,0.44164,GBR,THA,030321
11945020,114,216,5092,2013,0.0,148880.0,2.3993130000000003,-0.564768,JPN,THA,030321
11945021,153,216,5092,2013,0.0,17741.0,0.937641,0.747496,MYS,THA,030321
11945022,163,216,5092,2013,12897877.0,0.0,0.892099,0.18168399999999998,NOR,THA,030321
11945023,186,216,5092,2013,130646.0,0.0,0.481166,-0.180052,RUS,THA,030321
11945024,224,216,5092,2013,52298.0,0.0,0.42932299999999995,2.690235,TUR,THA,030321
11945025,239,216,5092,2013,0.0,40265.0,-0.11426900000000001,1.399738,VNM,THA,030321
11945026,96,222,5092,2013,119661.0,0.0,-0.8555590000000001,-0.9744450000000001,GUY,TTO,030321
11945027,162,222,5092,2013,1402.0,0.0,1.184107,1.249557,NLD,TTO,030321
11945028,1,224,5092,2013,0.0,18309.0,-0.985727,-0.7164550000000001,AFG,TUR,030321
11945029,7,224,5092,2013,0.0,13116.0,-0.074047,-0.585168,ARE,TUR,030321
11945030,15,224,5092,2013,0.0,526487.0,1.7209240000000001,-0.286892,AUT,TUR,030321
11945031,16,224,5092,2013,0.0,125219.0,-0.9232870000000001,-1.165928,AZE,TUR,030321
11945032,18,224,5092,2013,0.0,44876.0,1.316207,0.972601,BEL,TUR,030321
11945033,23,224,5092,2013,0.0,190457.0,0.5026109999999999,1.674296,BGR,TUR,030321
11945034,41,224,5092,2013,0.0,18546.0,2.2104470000000003,0.5403479999999999,CHE,TUR,030321
11945035,58,224,5092,2013,0.0,18209.0,0.502238,0.349608,CYP,TUR,030321
11945036,59,224,5092,2013,0.0,2648718.0,1.819653,-0.12423800000000002,CZE,TUR,030321
11945037,61,224,5092,2013,0.0,20995490.0,2.093658,-3.4281980000000005,DEU,TUR,030321
11945038,64,224,5092,2013,0.0,230526.0,1.161835,1.1788450000000001,DNK,TUR,030321
11945039,71,224,5092,2013,0.0,3029.0,0.861698,2.353993,ESP,TUR,030321
11945040,77,224,5092,2013,0.0,33404.0,1.520354,0.022874000000000002,FRA,TUR,030321
11945041,81,224,5092,2013,0.0,59313.0,1.7901259999999999,0.44164,GBR,TUR,030321
11945042,82,224,5092,2013,0.0,182473.0,-0.160691,-0.393419,GEO,TUR,030321
11945043,100,224,5092,2013,0.0,344536.0,0.898284,1.038807,HRV,TUR,030321
11945044,102,224,5092,2013,0.0,226658.0,1.506101,0.7279220000000001,HUN,TUR,030321
11945045,108,224,5092,2013,0.0,584503.0,-2.839079,-0.8705440000000001,IRQ,TUR,030321
11945046,110,224,5092,2013,0.0,348946.0,1.197241,0.633828,ISR,TUR,030321
11945047,111,224,5092,2013,0.0,1709.0,1.289924,0.533436,ITA,TUR,030321
11945048,113,224,5092,2013,0.0,2476.0,0.152659,0.5889979999999999,JOR,TUR,030321
11945049,115,224,5092,2013,0.0,99374.0,-0.680678,-0.83347,KAZ,TUR,030321
11945050,130,224,5092,2013,0.0,41944.0,0.737796,1.215543,LTU,TUR,030321
11945051,135,224,5092,2013,0.0,32322.0,-0.016235,0.132104,MDA,TUR,030321
11945052,153,224,5092,2013,0.0,6709.0,0.937641,0.747496,MYS,TUR,030321
11945053,162,224,5092,2013,1530.0,1500691.0,1.184107,1.249557,NLD,TUR,030321
11945054,163,224,5092,2013,0.0,8378.0,0.892099,0.18168399999999998,NOR,TUR,030321
11945055,177,224,5092,2013,68714.0,7412037.0,1.084332,1.216749,POL,TUR,030321
11945056,185,224,5092,2013,0.0,1162612.0,0.792035,1.225034,ROU,TUR,030321
11945057,186,224,5092,2013,45077.0,2416142.0,0.481166,-0.180052,RUS,TUR,030321
11945058,192,224,5092,2013,0.0,16291.0,1.915504,0.619576,SGP,TUR,030321
11945059,201,224,5092,2013,0.0,1097059.0,0.5717720000000001,1.174901,SRB,TUR,030321
11945060,206,224,5092,2013,0.0,319327.0,1.32064,0.7519819999999999,SVK,TUR,030321
11945061,207,224,5092,2013,0.0,242989.0,1.698374,0.563082,SVN,TUR,030321
11945062,216,224,5092,2013,0.0,52298.0,0.8752139999999999,1.3798620000000001,THA,TUR,030321
11945063,219,224,5092,2013,0.0,2385.0,-1.6186770000000001,-1.2210969999999999,TKM,TUR,030321
11945064,228,224,5092,2013,0.0,5683.0,0.657729,0.9063200000000001,UKR,TUR,030321
11945065,42,228,5092,2013,5597452.0,0.0,-0.260718,-0.38256100000000004,CHL,UKR,030321
11945066,59,228,5092,2013,2604.0,0.0,1.819653,-0.12423800000000002,CZE,UKR,030321
11945067,64,228,5092,2013,54630.0,0.0,1.161835,1.1788450000000001,DNK,UKR,030321
11945068,71,228,5092,2013,92029.0,0.0,0.861698,2.353993,ESP,UKR,030321
11945069,72,228,5092,2013,141022.0,0.0,0.8828940000000001,1.386574,EST,UKR,030321
11945070,81,228,5092,2013,80308.0,0.0,1.7901259999999999,0.44164,GBR,UKR,030321
11945071,163,228,5092,2013,1317474.0,0.0,0.892099,0.18168399999999998,NOR,UKR,030321
11945072,186,228,5092,2013,5378.0,1164.0,0.481166,-0.180052,RUS,UKR,030321
11945073,224,228,5092,2013,5683.0,0.0,0.42932299999999995,2.690235,TUR,UKR,030321
11945074,231,228,5092,2013,43730.0,0.0,1.6639689999999998,-0.48651300000000003,USA,UKR,030321
11945075,25,231,5092,2013,0.0,30229.0,0.756732,-0.369842,BHS,USA,030321
11945076,30,231,5092,2013,0.0,3826.0,1.087677,-0.452984,BMU,USA,030321
11945077,39,231,5092,2013,4681.0,205458.0,0.719649,1.017046,CAN,USA,030321
11945078,42,231,5092,2013,1872497.0,0.0,-0.260718,-0.38256100000000004,CHL,USA,030321
11945079,49,231,5092,2013,0.0,3972.0,0.121799,-0.388239,COL,USA,030321
11945080,52,231,5092,2013,8473.0,0.0,0.067379,-0.688217,CRI,USA,030321
11945081,61,231,5092,2013,2920.0,0.0,2.093658,-3.4281980000000005,DEU,USA,030321
11945082,64,231,5092,2013,4883.0,0.0,1.161835,1.1788450000000001,DNK,USA,030321
11945083,71,231,5092,2013,75001.0,0.0,0.861698,2.353993,ESP,USA,030321
11945084,79,231,5092,2013,338351.0,0.0,-0.234314,-0.8260700000000001,FSM,USA,030321
11945085,81,231,5092,2013,58582.0,0.0,1.7901259999999999,0.44164,GBR,USA,030321
11945086,93,231,5092,2013,7788.0,0.0,-0.41466499999999995,0.774788,GTM,USA,030321
11945087,96,231,5092,2013,2301.0,0.0,-0.8555590000000001,-0.9744450000000001,GUY,USA,030321
11945088,114,231,5092,2013,0.0,22913.0,2.3993130000000003,-0.564768,JPN,USA,030321
11945089,138,231,5092,2013,6845.0,0.0,1.048507,0.718932,MEX,USA,030321
11945090,153,231,5092,2013,0.0,13333.0,0.937641,0.747496,MYS,USA,030321
11945091,163,231,5092,2013,1411.0,0.0,0.892099,0.18168399999999998,NOR,USA,030321
11945092,188,231,5092,2013,0.0,12234.0,0.626347,-0.844406,SAU,USA,030321
11945093,228,231,5092,2013,0.0,43730.0,0.657729,0.9063200000000001,UKR,USA,030321
11945094,239,231,5092,2013,5788.0,0.0,-0.11426900000000001,1.399738,VNM,USA,030321
11945095,42,246,5092,2013,602469.0,0.0,-0.260718,-0.38256100000000004,CHL,ZAF,030321
11945096,43,246,5092,2013,2524.0,0.0,1.113767,1.477496,CHN,ZAF,030321
11945097,129,246,5092,2013,589269.0,39616.0,-0.7396689999999999,-0.696625,LSO,ZAF,030321
11945098,147,246,5092,2013,0.0,6042.0,-1.326323,-1.050969,MOZ,ZAF,030321
11945099,155,246,5092,2013,0.0,1123.0,-0.308643,-0.480617,NAM,ZAF,030321
11945100,163,246,5092,2013,229583.0,0.0,0.892099,0.18168399999999998,NOR,ZAF,030321
11945101,247,246,5092,2013,0.0,4026.0,-0.382129,-0.5442229999999999,ZMB,ZAF,030321
11945102,248,246,5092,2013,0.0,4224.0,-0.828702,-0.899175,ZWE,ZAF,030321
11945103,14,249,5092,2013,3800.0,0.0,-0.31145700000000004,-0.167628,AUS,TWN,030321
11945104,42,249,5092,2013,1167146.0,0.0,-0.260718,-0.38256100000000004,CHL,TWN,030321
11945105,97,249,5092,2013,385243.0,0.0,0.744383,1.923139,HKG,TWN,030321
11945106,163,249,5092,2013,3050278.0,0.0,0.892099,0.18168399999999998,NOR,TWN,030321
11945107,239,249,5092,2013,1696.0,0.0,-0.11426900000000001,1.399738,VNM,TWN,030321
11945108,61,250,5092,2013,22222.0,0.0,2.093658,-3.4281980000000005,DEU,ANS,030321
11945109,73,250,5092,2013,0.0,16586.0,-1.264002,-0.9594219999999999,ETH,ANS,030321
11945110,79,250,5092,2013,21775822.0,0.0,-0.234314,-0.8260700000000001,FSM,ANS,030321
11945111,106,250,5092,2013,902909.0,0.0,1.29988,0.240688,IRL,ANS,030321
11945112,131,250,5092,2013,0.0,11972.0,1.170459,1.150327,LUX,ANS,030321
11945113,206,250,5092,2013,0.0,14750.0,1.32064,0.7519819999999999,SVK,ANS,030321
11945114,239,250,5092,2013,0.0,88024.0,-0.11426900000000001,1.399738,VNM,ANS,030321
11945115,82,9,5092,2013,3721.0,0.0,-0.160691,-0.393419,GEO,ARM,030321
11945116,186,9,5092,2013,0.0,16811.0,0.481166,-0.180052,RUS,ARM,030321
11945117,22,14,5092,2013,0.0,1236.0,-1.101916,-0.734646,BGD,AUS,030321
11945118,43,14,5092,2013,0.0,2638.0,1.113767,1.477496,CHN,AUS,030321
11945119,97,14,5092,2013,0.0,57703.0,0.744383,1.923139,HKG,AUS,030321
11945120,114,14,5092,2013,0.0,436681.0,2.3993130000000003,-0.564768,JPN,AUS,030321
11945121,137,14,5092,2013,0.0,2123.0,-0.21889699999999998,-0.776392,MDV,AUS,030321
11945122,163,14,5092,2013,31438.0,0.0,0.892099,0.18168399999999998,NOR,AUS,030321
11945123,192,14,5092,2013,0.0,24507.0,1.915504,0.619576,SGP,AUS,030321
11945124,239,14,5092,2013,7146.0,0.0,-0.11426900000000001,1.399738,VNM,AUS,030321
11945125,249,14,5092,2013,0.0,3800.0,1.843186,0.9432379999999999,TWN,AUS,030321
11945126,42,16,5092,2013,4871.0,0.0,-0.260718,-0.38256100000000004,CHL,AZE,030321
11945127,64,16,5092,2013,9976.0,0.0,1.161835,1.1788450000000001,DNK,AZE,030321
11945128,72,16,5092,2013,3697.0,0.0,0.8828940000000001,1.386574,EST,AZE,030321
11945129,107,16,5092,2013,7325.0,0.0,-0.339172,-0.237114,IRN,AZE,030321
11945130,224,16,5092,2013,125219.0,0.0,0.42932299999999995,2.690235,TUR,AZE,030321
11945131,7,22,5092,2013,0.0,8979.0,-0.074047,-0.585168,ARE,BGD,030321
11945132,14,22,5092,2013,1236.0,0.0,-0.31145700000000004,-0.167628,AUS,BGD,030321
11945133,77,24,5092,2013,1774.0,0.0,1.520354,0.022874000000000002,FRA,BHR,030321
11945134,61,26,5092,2013,6475.0,0.0,2.093658,-3.4281980000000005,DEU,BIH,030321
11945135,100,26,5092,2013,0.0,181693.0,0.898284,1.038807,HRV,BIH,030321
11945136,140,26,5092,2013,0.0,267640.0,-0.10859400000000001,0.155229,MKD,BIH,030321
11945137,144,26,5092,2013,0.0,69357.0,-0.054454999999999996,-0.164875,MNE,BIH,030321
11945138,201,26,5092,2013,0.0,33577.0,0.5717720000000001,1.174901,SRB,BIH,030321
11945139,42,28,5092,2013,1883069.0,0.0,-0.260718,-0.38256100000000004,CHL,BLR,030321
11945140,71,28,5092,2013,8641.0,0.0,0.861698,2.353993,ESP,BLR,030321
11945141,72,28,5092,2013,238272.0,0.0,0.8828940000000001,1.386574,EST,BLR,030321
11945142,77,28,5092,2013,32705.0,0.0,1.520354,0.022874000000000002,FRA,BLR,030321
11945143,81,28,5092,2013,307027.0,0.0,1.7901259999999999,0.44164,GBR,BLR,030321
11945144,130,28,5092,2013,357863.0,0.0,0.737796,1.215543,LTU,BLR,030321
11945145,132,28,5092,2013,46992.0,0.0,0.6219439999999999,1.166749,LVA,BLR,030321
11945146,135,28,5092,2013,0.0,2040.0,-0.016235,0.132104,MDA,BLR,030321
11945147,163,28,5092,2013,2828381.0,0.0,0.892099,0.18168399999999998,NOR,BLR,030321
11945148,186,28,5092,2013,69204.0,9030546.0,0.481166,-0.180052,RUS,BLR,030321
11945149,232,28,5092,2013,0.0,1000.0,-0.748212,-0.567268,UZB,BLR,030321
11945150,163,68,5092,2013,89233.0,0.0,0.892099,0.18168399999999998,NOR,EGY,030321
11945151,9,82,5092,2013,0.0,3721.0,-0.076922,-0.5781390000000001,ARM,GEO,030321
11945152,42,82,5092,2013,501811.0,0.0,-0.260718,-0.38256100000000004,CHL,GEO,030321
11945153,64,82,5092,2013,72797.0,0.0,1.161835,1.1788450000000001,DNK,GEO,030321
11945154,132,82,5092,2013,3054.0,0.0,0.6219439999999999,1.166749,LVA,GEO,030321
11945155,166,82,5092,2013,1505.0,0.0,0.3345,0.39063000000000003,NZL,GEO,030321
11945156,224,82,5092,2013,182473.0,0.0,0.42932299999999995,2.690235,TUR,GEO,030321
11945157,26,100,5092,2013,181693.0,0.0,0.46743199999999996,0.7340800000000001,BIH,HRV,030321
11945158,59,100,5092,2013,1623.0,0.0,1.819653,-0.12423800000000002,CZE,HRV,030321
11945159,102,100,5092,2013,1600.0,52365.0,1.506101,0.7279220000000001,HUN,HRV,030321
11945160,207,100,5092,2013,48329.0,113671.0,1.698374,0.563082,SVN,HRV,030321
11945161,224,100,5092,2013,344536.0,0.0,0.42932299999999995,2.690235,TUR,HRV,030321
11945162,58,106,5092,2013,0.0,6574.0,0.502238,0.349608,CYP,IRL,030321
11945163,61,106,5092,2013,49067.0,0.0,2.093658,-3.4281980000000005,DEU,IRL,030321
11945164,64,106,5092,2013,16705.0,34628.0,1.161835,1.1788450000000001,DNK,IRL,030321
11945165,71,106,5092,2013,930.0,1505.0,0.861698,2.353993,ESP,IRL,030321
11945166,77,106,5092,2013,26595.0,9941.0,1.520354,0.022874000000000002,FRA,IRL,030321
11945167,81,106,5092,2013,340066.0,1677046.0,1.7901259999999999,0.44164,GBR,IRL,030321
11945168,162,106,5092,2013,43535.0,246811.0,1.184107,1.249557,NLD,IRL,030321
11945169,250,106,5092,2013,0.0,902909.0,0.628555,0.277602,ANS,IRL,030321
11945170,7,107,5092,2013,0.0,2230.0,-0.074047,-0.585168,ARE,IRN,030321
11945171,16,107,5092,2013,0.0,7325.0,-0.9232870000000001,-1.165928,AZE,IRN,030321
11945172,108,107,5092,2013,0.0,910922.0,-2.839079,-0.8705440000000001,IRQ,IRN,030321
11945173,14,114,5092,2013,436681.0,0.0,-0.31145700000000004,-0.167628,AUS,JPN,030321
11945174,42,114,5092,2013,94472272.0,0.0,-0.260718,-0.38256100000000004,CHL,JPN,030321
11945175,43,114,5092,2013,94003.0,0.0,1.113767,1.477496,CHN,JPN,030321
11945176,64,114,5092,2013,743563.0,0.0,1.161835,1.1788450000000001,DNK,JPN,030321
11945177,97,114,5092,2013,0.0,16382.0,0.744383,1.923139,HKG,JPN,030321
11945178,121,114,5092,2013,16252.0,0.0,1.818383,0.75645,KOR,JPN,030321
11945179,129,114,5092,2013,81329.0,0.0,-0.7396689999999999,-0.696625,LSO,JPN,030321
11945180,145,114,5092,2013,0.0,6295.0,-1.3270950000000001,-1.144547,MNG,JPN,030321
11945181,153,114,5092,2013,0.0,82360.0,0.937641,0.747496,MYS,JPN,030321
11945182,163,114,5092,2013,22180646.0,0.0,0.892099,0.18168399999999998,NOR,JPN,030321
11945183,173,114,5092,2013,59978.0,0.0,-0.573852,0.357977,PER,JPN,030321
11945184,174,114,5092,2013,0.0,7832.0,0.507868,0.355403,PHL,JPN,030321
11945185,192,114,5092,2013,0.0,7800.0,1.915504,0.619576,SGP,JPN,030321
11945186,216,114,5092,2013,148880.0,0.0,0.8752139999999999,1.3798620000000001,THA,JPN,030321
11945187,231,114,5092,2013,22913.0,0.0,1.6639689999999998,-0.48651300000000003,USA,JPN,030321
11945188,239,114,5092,2013,0.0,223756.0,-0.11426900000000001,1.399738,VNM,JPN,030321
11945189,163,115,5092,2013,1217289.0,0.0,0.892099,0.18168399999999998,NOR,KAZ,030321
11945190,186,115,5092,2013,39598.0,19777.0,0.481166,-0.180052,RUS,KAZ,030321
11945191,224,115,5092,2013,99374.0,0.0,0.42932299999999995,2.690235,TUR,KAZ,030321
11945192,42,117,5092,2013,65520.0,0.0,-0.260718,-0.38256100000000004,CHL,KGZ,030321
11945193,163,117,5092,2013,5858.0,0.0,0.892099,0.18168399999999998,NOR,KGZ,030321
11945194,15,128,5092,2013,0.0,4516.0,1.7209240000000001,-0.286892,AUT,LKA,030321
11945195,192,128,5092,2013,0.0,6013.0,1.915504,0.619576,SGP,LKA,030321
11945196,28,130,5092,2013,0.0,357863.0,1.036923,0.864568,BLR,LTU,030321
11945197,42,130,5092,2013,1079557.0,0.0,-0.260718,-0.38256100000000004,CHL,LTU,030321
11945198,61,130,5092,2013,0.0,3489.0,2.093658,-3.4281980000000005,DEU,LTU,030321
11945199,64,130,5092,2013,117908.0,0.0,1.161835,1.1788450000000001,DNK,LTU,030321
11945200,71,130,5092,2013,1575.0,0.0,0.861698,2.353993,ESP,LTU,030321
11945201,72,130,5092,2013,431766.0,207926.0,0.8828940000000001,1.386574,EST,LTU,030321
11945202,81,130,5092,2013,83600.0,0.0,1.7901259999999999,0.44164,GBR,LTU,030321
11945203,132,130,5092,2013,30083.0,38726.0,0.6219439999999999,1.166749,LVA,LTU,030321
11945204,163,130,5092,2013,4762170.0,0.0,0.892099,0.18168399999999998,NOR,LTU,030321
11945205,177,130,5092,2013,9144.0,21286.0,1.084332,1.216749,POL,LTU,030321
11945206,186,130,5092,2013,0.0,359203.0,0.481166,-0.180052,RUS,LTU,030321
11945207,224,130,5092,2013,41944.0,0.0,0.42932299999999995,2.690235,TUR,LTU,030321
11945208,18,131,5092,2013,6630.0,14455.0,1.316207,0.972601,BEL,LUX,030321
11945209,61,131,5092,2013,30403.0,0.0,2.093658,-3.4281980000000005,DEU,LUX,030321
11945210,64,131,5092,2013,2839.0,0.0,1.161835,1.1788450000000001,DNK,LUX,030321
11945211,77,131,5092,2013,2332.0,0.0,1.520354,0.022874000000000002,FRA,LUX,030321
11945212,111,131,5092,2013,0.0,9182.0,1.289924,0.533436,ITA,LUX,030321
11945213,250,131,5092,2013,11972.0,0.0,0.628555,0.277602,ANS,LUX,030321
11945214,28,132,5092,2013,0.0,46992.0,1.036923,0.864568,BLR,LVA,030321
11945215,39,132,5092,2013,6637.0,0.0,0.719649,1.017046,CAN,LVA,030321
11945216,61,132,5092,2013,2678.0,2050.0,2.093658,-3.4281980000000005,DEU,LVA,030321
11945217,64,132,5092,2013,189801.0,0.0,1.161835,1.1788450000000001,DNK,LVA,030321
11945218,71,132,5092,2013,50806.0,0.0,0.861698,2.353993,ESP,LVA,030321
11945219,72,132,5092,2013,440306.0,175618.0,0.8828940000000001,1.386574,EST,LVA,030321
11945220,74,132,5092,2013,291149.0,0.0,1.734552,0.8896940000000001,FIN,LVA,030321
11945221,81,132,5092,2013,0.0,126750.0,1.7901259999999999,0.44164,GBR,LVA,030321
11945222,82,132,5092,2013,0.0,3054.0,-0.160691,-0.393419,GEO,LVA,030321
11945223,130,132,5092,2013,38726.0,30083.0,0.737796,1.215543,LTU,LVA,030321
11945224,163,132,5092,2013,902351.0,0.0,0.892099,0.18168399999999998,NOR,LVA,030321
11945225,177,132,5092,2013,3921.0,203061.0,1.084332,1.216749,POL,LVA,030321
11945226,28,135,5092,2013,2040.0,0.0,1.036923,0.864568,BLR,MDA,030321
11945227,64,135,5092,2013,10940.0,0.0,1.161835,1.1788450000000001,DNK,MDA,030321
11945228,71,135,5092,2013,11496.0,0.0,0.861698,2.353993,ESP,MDA,030321
11945229,72,135,5092,2013,19156.0,0.0,0.8828940000000001,1.386574,EST,MDA,030321
11945230,81,135,5092,2013,21774.0,0.0,1.7901259999999999,0.44164,GBR,MDA,030321
11945231,185,135,5092,2013,2606.0,0.0,0.792035,1.225034,ROU,MDA,030321
11945232,224,135,5092,2013,32322.0,0.0,0.42932299999999995,2.690235,TUR,MDA,030321
11945233,26,140,5092,2013,267640.0,0.0,0.46743199999999996,0.7340800000000001,BIH,MKD,030321
11945234,201,140,5092,2013,0.0,4895.0,0.5717720000000001,1.174901,SRB,MKD,030321
11945235,246,147,5092,2013,6042.0,0.0,0.380284,1.5682120000000002,ZAF,MOZ,030321
11945236,42,159,5092,2013,26356.0,0.0,-0.260718,-0.38256100000000004,CHL,NGA,030321
11945237,61,159,5092,2013,2371.0,0.0,2.093658,-3.4281980000000005,DEU,NGA,030321
11945238,23,185,5092,2013,74129.0,0.0,0.5026109999999999,1.674296,BGR,ROU,030321
11945239,59,185,5092,2013,8192.0,0.0,1.819653,-0.12423800000000002,CZE,ROU,030321
11945240,61,185,5092,2013,14439.0,0.0,2.093658,-3.4281980000000005,DEU,ROU,030321
11945241,64,185,5092,2013,76444.0,0.0,1.161835,1.1788450000000001,DNK,ROU,030321
11945242,71,185,5092,2013,54034.0,0.0,0.861698,2.353993,ESP,ROU,030321
11945243,77,185,5092,2013,17293.0,0.0,1.520354,0.022874000000000002,FRA,ROU,030321
11945244,90,185,5092,2013,8982.0,0.0,0.18823800000000002,0.910906,GRC,ROU,030321
11945245,102,185,5092,2013,7737.0,19275.0,1.506101,0.7279220000000001,HUN,ROU,030321
11945246,135,185,5092,2013,0.0,2606.0,-0.016235,0.132104,MDA,ROU,030321
11945247,162,185,5092,2013,57595.0,0.0,1.184107,1.249557,NLD,ROU,030321
11945248,177,185,5092,2013,73228.0,0.0,1.084332,1.216749,POL,ROU,030321
11945249,224,185,5092,2013,1162612.0,0.0,0.42932299999999995,2.690235,TUR,ROU,030321
11945250,9,186,5092,2013,16811.0,0.0,-0.076922,-0.5781390000000001,ARM,RUS,030321
11945251,28,186,5092,2013,9030546.0,69204.0,1.036923,0.864568,BLR,RUS,030321
11945252,39,186,5092,2013,1511736.0,0.0,0.719649,1.017046,CAN,RUS,030321
11945253,42,186,5092,2013,104734288.0,0.0,-0.260718,-0.38256100000000004,CHL,RUS,030321
11945254,64,186,5092,2013,7287828.0,0.0,1.161835,1.1788450000000001,DNK,RUS,030321
11945255,71,186,5092,2013,232731.0,0.0,0.861698,2.353993,ESP,RUS,030321
11945256,72,186,5092,2013,532202.0,0.0,0.8828940000000001,1.386574,EST,RUS,030321
11945257,74,186,5092,2013,263400.0,0.0,1.734552,0.8896940000000001,FIN,RUS,030321
11945258,78,186,5092,2013,257230.0,0.0,-0.370701,-0.815466,FRO,RUS,030321
11945259,81,186,5092,2013,513666.0,0.0,1.7901259999999999,0.44164,GBR,RUS,030321
11945260,115,186,5092,2013,19777.0,39598.0,-0.680678,-0.83347,KAZ,RUS,030321
11945261,130,186,5092,2013,359203.0,0.0,0.737796,1.215543,LTU,RUS,030321
11945262,163,186,5092,2013,9057962.0,0.0,0.892099,0.18168399999999998,NOR,RUS,030321
11945263,173,186,5092,2013,227031.0,0.0,-0.573852,0.357977,PER,RUS,030321
11945264,216,186,5092,2013,0.0,130646.0,0.8752139999999999,1.3798620000000001,THA,RUS,030321
11945265,224,186,5092,2013,2416142.0,45077.0,0.42932299999999995,2.690235,TUR,RUS,030321
11945266,228,186,5092,2013,1164.0,5378.0,0.657729,0.9063200000000001,UKR,RUS,030321
11945267,239,186,5092,2013,0.0,29939.0,-0.11426900000000001,1.399738,VNM,RUS,030321
11945268,26,201,5092,2013,33577.0,0.0,0.46743199999999996,0.7340800000000001,BIH,SRB,030321
11945269,111,201,5092,2013,3315.0,0.0,1.289924,0.533436,ITA,SRB,030321
11945270,140,201,5092,2013,4895.0,0.0,-0.10859400000000001,0.155229,MKD,SRB,030321
11945271,224,201,5092,2013,1097059.0,0.0,0.42932299999999995,2.690235,TUR,SRB,030321
11945272,61,207,5092,2013,2752.0,0.0,2.093658,-3.4281980000000005,DEU,SVN,030321
11945273,64,207,5092,2013,2084.0,0.0,1.161835,1.1788450000000001,DNK,SVN,030321
11945274,71,207,5092,2013,17813.0,0.0,0.861698,2.353993,ESP,SVN,030321
11945275,81,207,5092,2013,33864.0,0.0,1.7901259999999999,0.44164,GBR,SVN,030321
11945276,100,207,5092,2013,113671.0,48329.0,0.898284,1.038807,HRV,SVN,030321
11945277,102,207,5092,2013,3189.0,17824.0,1.506101,0.7279220000000001,HUN,SVN,030321
11945278,111,207,5092,2013,19495.0,0.0,1.289924,0.533436,ITA,SVN,030321
11945279,162,207,5092,2013,20833.0,0.0,1.184107,1.249557,NLD,SVN,030321
11945280,177,207,5092,2013,2030.0,0.0,1.084332,1.216749,POL,SVN,030321
11945281,206,207,5092,2013,21717.0,0.0,1.32064,0.7519819999999999,SVK,SVN,030321
11945282,224,207,5092,2013,242989.0,0.0,0.42932299999999995,2.690235,TUR,SVN,030321
11945283,14,239,5092,2013,0.0,7146.0,-0.31145700000000004,-0.167628,AUS,VNM,030321
11945284,15,239,5092,2013,0.0,47436.0,1.7209240000000001,-0.286892,AUT,VNM,030321
11945285,42,239,5092,2013,15751234.0,0.0,-0.260718,-0.38256100000000004,CHL,VNM,030321
11945286,64,239,5092,2013,3949968.0,0.0,1.161835,1.1788450000000001,DNK,VNM,030321
11945287,77,239,5092,2013,103269.0,0.0,1.520354,0.022874000000000002,FRA,VNM,030321
11945288,114,239,5092,2013,223756.0,0.0,2.3993130000000003,-0.564768,JPN,VNM,030321
11945289,153,239,5092,2013,0.0,16278.0,0.937641,0.747496,MYS,VNM,030321
11945290,163,239,5092,2013,386720.0,0.0,0.892099,0.18168399999999998,NOR,VNM,030321
11945291,186,239,5092,2013,29939.0,0.0,0.481166,-0.180052,RUS,VNM,030321
11945292,216,239,5092,2013,40265.0,0.0,0.8752139999999999,1.3798620000000001,THA,VNM,030321
11945293,231,239,5092,2013,0.0,5788.0,1.6639689999999998,-0.48651300000000003,USA,VNM,030321
11945294,249,239,5092,2013,0.0,1696.0,1.843186,0.9432379999999999,TWN,VNM,030321
11945295,250,239,5092,2013,88024.0,0.0,0.628555,0.277602,ANS,VNM,030321
11945296,246,248,5092,2013,4224.0,0.0,0.380284,1.5682120000000002,ZAF,ZWE,030321
11945297,111,4,5092,2013,109271.0,0.0,1.289924,0.533436,ITA,ALB,030321
11945298,71,5,5092,2013,32682.0,0.0,0.861698,2.353993,ESP,AND,030321
11945299,231,30,5092,2013,3826.0,0.0,1.6639689999999998,-0.48651300000000003,USA,BMU,030321
11945300,121,44,5092,2013,5585.0,0.0,1.818383,0.75645,KOR,CIV,030321
11945301,162,47,5092,2013,1610.0,0.0,1.184107,1.249557,NLD,COG,030321
11945302,71,54,5092,2013,1305.0,0.0,0.861698,2.353993,ESP,CUB,030321
11945303,77,58,5092,2013,2978.0,0.0,1.520354,0.022874000000000002,FRA,CYP,030321
11945304,81,58,5092,2013,34881.0,0.0,1.7901259999999999,0.44164,GBR,CYP,030321
11945305,90,58,5092,2013,160054.0,285944.0,0.18823800000000002,0.910906,GRC,CYP,030321
11945306,106,58,5092,2013,6574.0,0.0,1.29988,0.240688,IRL,CYP,030321
11945307,163,58,5092,2013,322739.0,0.0,0.892099,0.18168399999999998,NOR,CYP,030321
11945308,208,58,5092,2013,53773.0,0.0,1.869421,0.228109,SWE,CYP,030321
11945309,224,58,5092,2013,18209.0,0.0,0.42932299999999995,2.690235,TUR,CYP,030321
11945310,163,73,5092,2013,8822.0,0.0,0.892099,0.18168399999999998,NOR,ETH,030321
11945311,250,73,5092,2013,16586.0,0.0,0.628555,0.277602,ANS,ETH,030321
11945312,42,83,5092,2013,13622.0,0.0,-0.260718,-0.38256100000000004,CHL,GHA,030321
11945313,134,83,5092,2013,25558.0,0.0,-0.6494260000000001,-0.035075999999999996,MAR,GHA,030321
11945314,71,84,5092,2013,2523.0,0.0,0.861698,2.353993,ESP,GIB,030321
11945315,121,85,5092,2013,936.0,0.0,1.818383,0.75645,KOR,GIN,030321
11945316,107,108,5092,2013,910922.0,0.0,-0.339172,-0.237114,IRN,IRQ,030321
11945317,224,108,5092,2013,584503.0,0.0,0.42932299999999995,2.690235,TUR,IRQ,030321
11945318,61,109,5092,2013,0.0,220564.0,2.093658,-3.4281980000000005,DEU,ISL,030321
11945319,64,109,5092,2013,1622.0,31821.0,1.161835,1.1788450000000001,DNK,ISL,030321
11945320,92,109,5092,2013,1549.0,0.0,-0.801617,-0.8734120000000001,GRL,ISL,030321
11945321,162,109,5092,2013,0.0,7064.0,1.184107,1.249557,NLD,ISL,030321
11945322,97,133,5092,2013,942232.0,0.0,0.744383,1.923139,HKG,MAC,030321
11945323,83,134,5092,2013,0.0,25558.0,-0.7316010000000001,-0.5327689999999999,GHA,MAR,030321
11945324,111,142,5092,2013,2255.0,0.0,1.289924,0.533436,ITA,MLT,030321
11945325,114,145,5092,2013,6295.0,0.0,2.3993130000000003,-0.564768,JPN,MNG,030321
11945326,246,155,5092,2013,1123.0,0.0,0.380284,1.5682120000000002,ZAF,NAM,030321
11945327,71,223,5092,2013,1343.0,0.0,0.861698,2.353993,ESP,TUN,030321
11945328,61,237,5092,2013,33429.0,0.0,2.093658,-3.4281980000000005,DEU,VGB,030321
11945329,246,247,5092,2013,4026.0,0.0,0.380284,1.5682120000000002,ZAF,ZMB,030321
11945330,96,13,5092,2013,1204.0,0.0,-0.8555590000000001,-0.9744450000000001,GUY,ATG,030321
11945331,71,89,5092,2013,2369.0,0.0,0.861698,2.353993,ESP,GNQ,030321
11945332,26,144,5092,2013,69357.0,0.0,0.46743199999999996,0.7340800000000001,BIH,MNE,030321
11945333,71,1,5092,2013,11726.0,0.0,0.861698,2.353993,ESP,AFG,030321
11945334,224,1,5092,2013,18309.0,0.0,0.42932299999999995,2.690235,TUR,AFG,030321
11945335,64,78,5092,2013,0.0,62945.0,1.161835,1.1788450000000001,DNK,FRO,030321
11945336,186,78,5092,2013,0.0,257230.0,0.481166,-0.180052,RUS,FRO,030321
11945337,95,79,5092,2013,0.0,510115.0,0.483541,0.281968,GUM,FSM,030321
11945338,146,79,5092,2013,0.0,12873.0,0.596753,-0.118522,MNP,FSM,030321
11945339,231,79,5092,2013,0.0,338351.0,1.6639689999999998,-0.48651300000000003,USA,FSM,030321
11945340,250,79,5092,2013,0.0,21775822.0,0.628555,0.277602,ANS,FSM,030321
11945341,114,129,5092,2013,0.0,81329.0,2.3993130000000003,-0.564768,JPN,LSO,030321
11945342,246,129,5092,2013,39616.0,589269.0,0.380284,1.5682120000000002,ZAF,LSO,030321
11945343,7,137,5092,2013,514.0,0.0,-0.074047,-0.585168,ARE,MDV,030321
11945344,14,137,5092,2013,2123.0,0.0,-0.31145700000000004,-0.167628,AUS,MDV,030321
11945345,121,196,5092,2013,1682.0,0.0,1.818383,0.75645,KOR,SLE,030321
11945346,224,219,5092,2013,2385.0,0.0,0.42932299999999995,2.690235,TUR,TKM,030321
11945347,28,232,5092,2013,1000.0,0.0,1.036923,0.864568,BLR,UZB,030321
11945348,64,92,5092,2013,0.0,4674.0,1.161835,1.1788450000000001,DNK,GRL,030321
11945349,109,92,5092,2013,0.0,1549.0,0.259374,-0.20413299999999998,ISL,GRL,030321
11945350,79,95,5092,2013,510115.0,0.0,-0.234314,-0.8260700000000001,FSM,GUM,030321
11945351,79,146,5092,2013,12873.0,0.0,-0.234314,-0.8260700000000001,FSM,MNP,030321
11945352,22,7,5094,2013,241057.0,1493.0,-1.101916,-0.734646,BGD,ARE,030329
11945353,44,7,5094,2013,0.0,14178.0,-0.923558,-0.866642,CIV,ARE,030329
11945354,68,7,5094,2013,0.0,1869.0,-0.17418,1.692641,EGY,ARE,030329
11945355,104,7,5094,2013,830266.0,0.0,0.215356,2.3916209999999998,IND,ARE,030329
11945356,114,7,5094,2013,3077.0,200858.0,2.3993130000000003,-0.564768,JPN,ARE,030329
11945357,115,7,5094,2013,0.0,5482.0,-0.680678,-0.83347,KAZ,ARE,030329
11945358,116,7,5094,2013,67466.0,0.0,-0.448112,0.8672719999999999,KEN,ARE,030329
11945359,137,7,5094,2013,0.0,181156.0,-0.21889699999999998,-0.776392,MDV,ARE,030329
11945360,143,7,5094,2013,1889934.0,0.0,-1.230787,-0.737375,MMR,ARE,030329
11945361,163,7,5094,2013,73713.0,0.0,0.892099,0.18168399999999998,NOR,ARE,030329
11945362,167,7,5094,2013,0.0,79278.0,-0.604175,-1.0463209999999998,OMN,ARE,030329
11945363,168,7,5094,2013,785962.0,0.0,-0.75727,0.769703,PAK,ARE,030329
11945364,179,7,5094,2013,4919.0,0.0,0.541454,2.5228610000000002,PRT,ARE,030329
11945365,188,7,5094,2013,44770.0,0.0,0.626347,-0.844406,SAU,ARE,030329
11945366,190,7,5094,2013,1332.0,18927.0,-1.254944,-1.073564,SDN,ARE,030329
11945367,192,7,5094,2013,148758.0,0.0,1.915504,0.619576,SGP,ARE,030329
11945368,216,7,5094,2013,425384.0,0.0,0.8752139999999999,1.3798620000000001,THA,ARE,030329
11945369,219,7,5094,2013,0.0,13844.0,-1.6186770000000001,-1.2210969999999999,TKM,ARE,030329
11945370,227,7,5094,2013,0.0,2443.0,-0.5462279999999999,0.200682,UGA,ARE,030329
11945371,239,7,5094,2013,159131.0,0.0,-0.11426900000000001,1.399738,VNM,ARE,030329
11945372,249,7,5094,2013,51752.0,0.0,1.843186,0.9432379999999999,TWN,ARE,030329
11945373,15,8,5094,2013,0.0,4700.0,1.7209240000000001,-0.286892,AUT,ARG,030329
11945374,66,8,5094,2013,0.0,446090.0,-1.373947,-1.1523459999999999,DZA,ARG,030329
11945375,153,8,5094,2013,0.0,17311.0,0.937641,0.747496,MYS,ARG,030329
11945376,206,8,5094,2013,0.0,1473.0,1.32064,0.7519819999999999,SVK,ARG,030329
11945377,216,8,5094,2013,0.0,191639.0,0.8752139999999999,1.3798620000000001,THA,ARG,030329
11945378,8,15,5094,2013,4700.0,0.0,0.20314300000000002,0.494062,ARG,AUT,030329
11945379,61,15,5094,2013,6721.0,45665.0,2.093658,-3.4281980000000005,DEU,AUT,030329
11945380,64,15,5094,2013,86197.0,0.0,1.161835,1.1788450000000001,DNK,AUT,030329
11945381,81,15,5094,2013,42092.0,0.0,1.7901259999999999,0.44164,GBR,AUT,030329
11945382,102,15,5094,2013,18772.0,0.0,1.506101,0.7279220000000001,HUN,AUT,030329
11945383,104,15,5094,2013,12634.0,0.0,0.215356,2.3916209999999998,IND,AUT,030329
11945384,162,15,5094,2013,14734.0,0.0,1.184107,1.249557,NLD,AUT,030329
11945385,177,15,5094,2013,13556.0,0.0,1.084332,1.216749,POL,AUT,030329
11945386,206,15,5094,2013,0.0,1125.0,1.32064,0.7519819999999999,SVK,AUT,030329
11945387,45,18,5094,2013,0.0,1114.0,-0.901531,-1.027111,CMR,BEL,030329
11945388,61,18,5094,2013,8509.0,139252.0,2.093658,-3.4281980000000005,DEU,BEL,030329
11945389,64,18,5094,2013,22215.0,267741.0,1.161835,1.1788450000000001,DNK,BEL,030329
11945390,77,18,5094,2013,12261.0,42982.0,1.520354,0.022874000000000002,FRA,BEL,030329
11945391,81,18,5094,2013,0.0,92985.0,1.7901259999999999,0.44164,GBR,BEL,030329
11945392,83,18,5094,2013,0.0,1330.0,-0.7316010000000001,-0.5327689999999999,GHA,BEL,030329
11945393,85,18,5094,2013,0.0,6187.0,-1.1287459999999998,-1.069735,GIN,BEL,030329
11945394,103,18,5094,2013,54060.0,0.0,-0.216854,1.415728,IDN,BEL,030329
11945395,131,18,5094,2013,0.0,18451.0,1.170459,1.150327,LUX,BEL,030329
11945396,137,18,5094,2013,0.0,6414.0,-0.21889699999999998,-0.776392,MDV,BEL,030329
11945397,143,18,5094,2013,0.0,1982.0,-1.230787,-0.737375,MMR,BEL,030329
11945398,159,18,5094,2013,0.0,7659.0,-1.745783,-1.1356680000000001,NGA,BEL,030329
11945399,162,18,5094,2013,147891.0,66572.0,1.184107,1.249557,NLD,BEL,030329
11945400,208,18,5094,2013,0.0,10811.0,1.869421,0.228109,SWE,BEL,030329
11945401,226,18,5094,2013,0.0,117078.0,-0.9306770000000001,0.273489,TZA,BEL,030329
11945402,239,18,5094,2013,85362.0,0.0,-0.11426900000000001,1.399738,VNM,BEL,030329
11945403,134,19,5094,2013,11282.0,0.0,-0.6494260000000001,-0.035075999999999996,MAR,BEN,030329
11945404,169,19,5094,2013,235072.0,0.0,0.735637,1.161718,PAN,BEN,030329
11945405,211,19,5094,2013,87654.0,0.0,0.270999,-0.474095,SYC,BEN,030329
11945406,216,19,5094,2013,9723.0,0.0,0.8752139999999999,1.3798620000000001,THA,BEN,030329
11945407,231,25,5094,2013,135496.0,0.0,1.6639689999999998,-0.48651300000000003,USA,BHS,030329
11945408,82,32,5094,2013,0.0,1873.0,-0.160691,-0.393419,GEO,BRA,030329
11945409,231,32,5094,2013,6085.0,0.0,1.6639689999999998,-0.48651300000000003,USA,BRA,030329
11945410,43,33,5094,2013,963.0,0.0,1.113767,1.477496,CHN,BRB,030329
11945411,96,33,5094,2013,1026.0,0.0,-0.8555590000000001,-0.9744450000000001,GUY,BRB,030329
11945412,205,33,5094,2013,2474.0,0.0,-0.417865,-0.7600399999999999,SUR,BRB,030329
11945413,231,33,5094,2013,6770.0,0.0,1.6639689999999998,-0.48651300000000003,USA,BRB,030329
11945414,16,39,5094,2013,0.0,19330.0,-0.9232870000000001,-1.165928,AZE,CAN,030329
11945415,28,39,5094,2013,0.0,4596.0,1.036923,0.864568,BLR,CAN,030329
11945416,43,39,5094,2013,0.0,96899.0,1.113767,1.477496,CHN,CAN,030329
11945417,74,39,5094,2013,0.0,2094243.0,1.734552,0.8896940000000001,FIN,CAN,030329
11945418,77,39,5094,2013,0.0,6124.0,1.520354,0.022874000000000002,FRA,CAN,030329
11945419,82,39,5094,2013,0.0,59683.0,-0.160691,-0.393419,GEO,CAN,030329
11945420,96,39,5094,2013,167176.0,0.0,-0.8555590000000001,-0.9744450000000001,GUY,CAN,030329
11945421,97,39,5094,2013,0.0,30791.0,0.744383,1.923139,HKG,CAN,030329
11945422,109,39,5094,2013,2415.0,0.0,0.259374,-0.20413299999999998,ISL,CAN,030329
11945423,132,39,5094,2013,0.0,3748.0,0.6219439999999999,1.166749,LVA,CAN,030329
11945424,174,39,5094,2013,2548.0,0.0,0.507868,0.355403,PHL,CAN,030329
11945425,177,39,5094,2013,0.0,289338.0,1.084332,1.216749,POL,CAN,030329
11945426,186,39,5094,2013,17212.0,3554881.0,0.481166,-0.180052,RUS,CAN,030329
11945427,192,39,5094,2013,0.0,4498.0,1.915504,0.619576,SGP,CAN,030329
11945428,206,39,5094,2013,0.0,46185.0,1.32064,0.7519819999999999,SVK,CAN,030329
11945429,222,39,5094,2013,3279.0,0.0,-0.280641,-1.083332,TTO,CAN,030329
11945430,231,39,5094,2013,33391.0,202952.0,1.6639689999999998,-0.48651300000000003,USA,CAN,030329
11945431,249,39,5094,2013,0.0,384677.0,1.843186,0.9432379999999999,TWN,CAN,030329
11945432,81,41,5094,2013,162605.0,0.0,1.7901259999999999,0.44164,GBR,CHE,030329
11945433,106,41,5094,2013,80116.0,0.0,1.29988,0.240688,IRL,CHE,030329
11945434,111,41,5094,2013,233759.0,0.0,1.289924,0.533436,ITA,CHE,030329
11945435,179,41,5094,2013,2510.0,0.0,0.541454,2.5228610000000002,PRT,CHE,030329
11945436,231,41,5094,2013,6965.0,0.0,1.6639689999999998,-0.48651300000000003,USA,CHE,030329
11945437,16,42,5094,2013,0.0,6690.0,-0.9232870000000001,-1.165928,AZE,CHL,030329
11945438,43,42,5094,2013,0.0,1319906.0,1.113767,1.477496,CHN,CHL,030329
11945439,49,42,5094,2013,0.0,34546.0,0.121799,-0.388239,COL,CHL,030329
11945440,65,42,5094,2013,0.0,662709.0,-0.277269,0.432388,DOM,CHL,030329
11945441,77,42,5094,2013,0.0,14909.0,1.520354,0.022874000000000002,FRA,CHL,030329
11945442,97,42,5094,2013,0.0,96526.0,0.744383,1.923139,HKG,CHL,030329
11945443,114,42,5094,2013,0.0,105195.0,2.3993130000000003,-0.564768,JPN,CHL,030329
11945444,122,42,5094,2013,0.0,2343.0,-0.536384,-1.08382,KWT,CHL,030329
11945445,153,42,5094,2013,0.0,954189.0,0.937641,0.747496,MYS,CHL,030329
11945446,173,42,5094,2013,0.0,13146.0,-0.573852,0.357977,PER,CHL,030329
11945447,174,42,5094,2013,0.0,139399.0,0.507868,0.355403,PHL,CHL,030329
11945448,183,42,5094,2013,0.0,7473.0,-0.083649,-1.013491,QAT,CHL,030329
11945449,192,42,5094,2013,0.0,12055.0,1.915504,0.619576,SGP,CHL,030329
11945450,231,42,5094,2013,0.0,69964.0,1.6639689999999998,-0.48651300000000003,USA,CHL,030329
11945451,239,42,5094,2013,0.0,7487968.0,-0.11426900000000001,1.399738,VNM,CHL,030329
11945452,249,42,5094,2013,0.0,3410931.0,1.843186,0.9432379999999999,TWN,CHL,030329
11945453,16,43,5094,2013,0.0,22317.0,-0.9232870000000001,-1.165928,AZE,CHN,030329
11945454,24,43,5094,2013,0.0,11104.0,0.249681,-0.6204270000000001,BHR,CHN,030329
11945455,33,43,5094,2013,0.0,963.0,0.6969489999999999,0.135283,BRB,CHN,030329
11945456,34,43,5094,2013,19450.0,0.0,-0.866827,-0.795995,BRN,CHN,030329
11945457,39,43,5094,2013,96899.0,0.0,0.719649,1.017046,CAN,CHN,030329
11945458,42,43,5094,2013,1319906.0,0.0,-0.260718,-0.38256100000000004,CHL,CHN,030329
11945459,45,43,5094,2013,0.0,1063.0,-0.901531,-1.027111,CMR,CHN,030329
11945460,65,43,5094,2013,0.0,9061.0,-0.277269,0.432388,DOM,CHN,030329
11945461,66,43,5094,2013,0.0,347564.0,-1.373947,-1.1523459999999999,DZA,CHN,030329
11945462,75,43,5094,2013,20059.0,0.0,-0.5203369999999999,-0.122405,FJI,CHN,030329
11945463,97,43,5094,2013,0.0,181581.0,0.744383,1.923139,HKG,CHN,030329
11945464,103,43,5094,2013,1831292.0,46348.0,-0.216854,1.415728,IDN,CHN,030329
11945465,104,43,5094,2013,3007785.0,0.0,0.215356,2.3916209999999998,IND,CHN,030329
11945466,114,43,5094,2013,529998.0,4981454.0,2.3993130000000003,-0.564768,JPN,CHN,030329
11945467,122,43,5094,2013,0.0,5279.0,-0.536384,-1.08382,KWT,CHN,030329
11945468,136,43,5094,2013,20344.0,0.0,-1.068565,-0.364254,MDG,CHN,030329
11945469,145,43,5094,2013,24759.0,0.0,-1.3270950000000001,-1.144547,MNG,CHN,030329
11945470,153,43,5094,2013,0.0,1441.0,0.937641,0.747496,MYS,CHN,030329
11945471,157,43,5094,2013,0.0,3253.0,-1.268738,-0.942256,NER,CHN,030329
11945472,162,43,5094,2013,387603.0,0.0,1.184107,1.249557,NLD,CHN,030329
11945473,166,43,5094,2013,9994.0,0.0,0.3345,0.39063000000000003,NZL,CHN,030329
11945474,168,43,5094,2013,1967273.0,0.0,-0.75727,0.769703,PAK,CHN,030329
11945475,174,43,5094,2013,0.0,1123733.0,0.507868,0.355403,PHL,CHN,030329
11945476,186,43,5094,2013,390343.0,0.0,0.481166,-0.180052,RUS,CHN,030329
11945477,188,43,5094,2013,0.0,319528.0,0.626347,-0.844406,SAU,CHN,030329
11945478,190,43,5094,2013,0.0,22697.0,-1.254944,-1.073564,SDN,CHN,030329
11945479,206,43,5094,2013,0.0,239927.0,1.32064,0.7519819999999999,SVK,CHN,030329
11945480,215,43,5094,2013,0.0,14533.0,-0.598413,-0.49295200000000006,TGO,CHN,030329
11945481,216,43,5094,2013,0.0,24946.0,0.8752139999999999,1.3798620000000001,THA,CHN,030329
11945482,231,43,5094,2013,107583.0,59630.0,1.6639689999999998,-0.48651300000000003,USA,CHN,030329
11945483,249,43,5094,2013,0.0,21470.0,1.843186,0.9432379999999999,TWN,CHN,030329
11945484,42,49,5094,2013,34546.0,0.0,-0.260718,-0.38256100000000004,CHL,COL,030329
11945485,104,49,5094,2013,80680.0,0.0,0.215356,2.3916209999999998,IND,COL,030329
11945486,231,49,5094,2013,0.0,66629.0,1.6639689999999998,-0.48651300000000003,USA,COL,030329
11945487,231,52,5094,2013,8371.0,0.0,1.6639689999999998,-0.48651300000000003,USA,CRI,030329
11945488,231,55,5094,2013,14508.0,0.0,1.6639689999999998,-0.48651300000000003,USA,CUW,030329
11945489,61,59,5094,2013,77272.0,0.0,2.093658,-3.4281980000000005,DEU,CZE,030329
11945490,64,59,5094,2013,35847.0,0.0,1.161835,1.1788450000000001,DNK,CZE,030329
11945491,77,59,5094,2013,0.0,1316.0,1.520354,0.022874000000000002,FRA,CZE,030329
11945492,163,59,5094,2013,20870.0,0.0,0.892099,0.18168399999999998,NOR,CZE,030329
11945493,177,59,5094,2013,171848.0,85640.0,1.084332,1.216749,POL,CZE,030329
11945494,206,59,5094,2013,8818.0,1331278.0,1.32064,0.7519819999999999,SVK,CZE,030329
11945495,15,61,5094,2013,45665.0,6721.0,1.7209240000000001,-0.286892,AUT,DEU,030329
11945496,18,61,5094,2013,139252.0,8509.0,1.316207,0.972601,BEL,DEU,030329
11945497,59,61,5094,2013,0.0,77272.0,1.819653,-0.12423800000000002,CZE,DEU,030329
11945498,64,61,5094,2013,536423.0,395687.0,1.161835,1.1788450000000001,DNK,DEU,030329
11945499,71,61,5094,2013,0.0,52138.0,0.861698,2.353993,ESP,DEU,030329
11945500,72,61,5094,2013,112445.0,0.0,0.8828940000000001,1.386574,EST,DEU,030329
11945501,74,61,5094,2013,0.0,2988.0,1.734552,0.8896940000000001,FIN,DEU,030329
11945502,77,61,5094,2013,162988.0,10059.0,1.520354,0.022874000000000002,FRA,DEU,030329
11945503,81,61,5094,2013,9588.0,42456.0,1.7901259999999999,0.44164,GBR,DEU,030329
11945504,90,61,5094,2013,1723.0,100644.0,0.18823800000000002,0.910906,GRC,DEU,030329
11945505,100,61,5094,2013,0.0,22243.0,0.898284,1.038807,HRV,DEU,030329
11945506,102,61,5094,2013,0.0,15038.0,1.506101,0.7279220000000001,HUN,DEU,030329
11945507,104,61,5094,2013,91530.0,0.0,0.215356,2.3916209999999998,IND,DEU,030329
11945508,106,61,5094,2013,63868.0,0.0,1.29988,0.240688,IRL,DEU,030329
11945509,109,61,5094,2013,39672.0,0.0,0.259374,-0.20413299999999998,ISL,DEU,030329
11945510,111,61,5094,2013,5051.0,25687.0,1.289924,0.533436,ITA,DEU,030329
11945511,131,61,5094,2013,0.0,13551.0,1.170459,1.150327,LUX,DEU,030329
11945512,137,61,5094,2013,0.0,7550.0,-0.21889699999999998,-0.776392,MDV,DEU,030329
11945513,153,61,5094,2013,0.0,22631.0,0.937641,0.747496,MYS,DEU,030329
11945514,155,61,5094,2013,0.0,29223.0,-0.308643,-0.480617,NAM,DEU,030329
11945515,162,61,5094,2013,12055.0,359515.0,1.184107,1.249557,NLD,DEU,030329
11945516,163,61,5094,2013,369148.0,0.0,0.892099,0.18168399999999998,NOR,DEU,030329
11945517,177,61,5094,2013,23386.0,41401.0,1.084332,1.216749,POL,DEU,030329
11945518,179,61,5094,2013,990.0,0.0,0.541454,2.5228610000000002,PRT,DEU,030329
11945519,208,61,5094,2013,0.0,22811.0,1.869421,0.228109,SWE,DEU,030329
11945520,224,61,5094,2013,33179.0,0.0,0.42932299999999995,2.690235,TUR,DEU,030329
11945521,231,61,5094,2013,391686.0,0.0,1.6639689999999998,-0.48651300000000003,USA,DEU,030329
11945522,239,61,5094,2013,22853.0,0.0,-0.11426900000000001,1.399738,VNM,DEU,030329
11945523,15,64,5094,2013,0.0,86197.0,1.7209240000000001,-0.286892,AUT,DNK,030329
11945524,16,64,5094,2013,0.0,11008.0,-0.9232870000000001,-1.165928,AZE,DNK,030329
11945525,18,64,5094,2013,267741.0,22215.0,1.316207,0.972601,BEL,DNK,030329
11945526,59,64,5094,2013,0.0,35847.0,1.819653,-0.12423800000000002,CZE,DNK,030329
11945527,61,64,5094,2013,395687.0,536423.0,2.093658,-3.4281980000000005,DEU,DNK,030329
11945528,71,64,5094,2013,0.0,418356.0,0.861698,2.353993,ESP,DNK,030329
11945529,74,64,5094,2013,4446.0,3830.0,1.734552,0.8896940000000001,FIN,DNK,030329
11945530,77,64,5094,2013,8996.0,17779.0,1.520354,0.022874000000000002,FRA,DNK,030329
11945531,81,64,5094,2013,58143.0,6048.0,1.7901259999999999,0.44164,GBR,DNK,030329
11945532,82,64,5094,2013,0.0,9680.0,-0.160691,-0.393419,GEO,DNK,030329
11945533,90,64,5094,2013,0.0,245357.0,0.18823800000000002,0.910906,GRC,DNK,030329
11945534,102,64,5094,2013,0.0,48505.0,1.506101,0.7279220000000001,HUN,DNK,030329
11945535,111,64,5094,2013,0.0,65232.0,1.289924,0.533436,ITA,DNK,030329
11945536,132,64,5094,2013,9863.0,60063.0,0.6219439999999999,1.166749,LVA,DNK,030329
11945537,135,64,5094,2013,0.0,2544.0,-0.016235,0.132104,MDA,DNK,030329
11945538,140,64,5094,2013,0.0,981.0,-0.10859400000000001,0.155229,MKD,DNK,030329
11945539,156,64,5094,2013,0.0,10238.0,-0.136052,-0.703913,NCL,DNK,030329
11945540,159,64,5094,2013,0.0,2136.0,-1.745783,-1.1356680000000001,NGA,DNK,030329
11945541,162,64,5094,2013,14538.0,1625.0,1.184107,1.249557,NLD,DNK,030329
11945542,163,64,5094,2013,20883.0,0.0,0.892099,0.18168399999999998,NOR,DNK,030329
11945543,174,64,5094,2013,0.0,49160.0,0.507868,0.355403,PHL,DNK,030329
11945544,177,64,5094,2013,254804.0,19152.0,1.084332,1.216749,POL,DNK,030329
11945545,179,64,5094,2013,0.0,8045.0,0.541454,2.5228610000000002,PRT,DNK,030329
11945546,208,64,5094,2013,200810.0,409395.0,1.869421,0.228109,SWE,DNK,030329
11945547,239,64,5094,2013,0.0,649583.0,-0.11426900000000001,1.399738,VNM,DNK,030329
11945548,42,65,5094,2013,662709.0,0.0,-0.260718,-0.38256100000000004,CHL,DOM,030329
11945549,43,65,5094,2013,9061.0,0.0,1.113767,1.477496,CHN,DOM,030329
11945550,71,65,5094,2013,10185.0,0.0,0.861698,2.353993,ESP,DOM,030329
11945551,77,65,5094,2013,1642.0,0.0,1.520354,0.022874000000000002,FRA,DOM,030329
11945552,104,65,5094,2013,23850.0,0.0,0.215356,2.3916209999999998,IND,DOM,030329
11945553,163,65,5094,2013,7919.0,0.0,0.892099,0.18168399999999998,NOR,DOM,030329
11945554,179,65,5094,2013,32044.0,0.0,0.541454,2.5228610000000002,PRT,DOM,030329
11945555,231,65,5094,2013,1437204.0,0.0,1.6639689999999998,-0.48651300000000003,USA,DOM,030329
11945556,239,65,5094,2013,2123.0,0.0,-0.11426900000000001,1.399738,VNM,DOM,030329
11945557,173,67,5094,2013,0.0,28343.0,-0.573852,0.357977,PER,ECU,030329
11945558,239,67,5094,2013,0.0,152989.0,-0.11426900000000001,1.399738,VNM,ECU,030329
11945559,1,71,5094,2013,0.0,16606.0,-0.985727,-0.7164550000000001,AFG,ESP,030329
11945560,61,71,5094,2013,52138.0,0.0,2.093658,-3.4281980000000005,DEU,ESP,030329
11945561,64,71,5094,2013,418356.0,0.0,1.161835,1.1788450000000001,DNK,ESP,030329
11945562,65,71,5094,2013,0.0,10185.0,-0.277269,0.432388,DOM,ESP,030329
11945563,77,71,5094,2013,10418.0,266130.0,1.520354,0.022874000000000002,FRA,ESP,030329
11945564,81,71,5094,2013,35955.0,14019.0,1.7901259999999999,0.44164,GBR,ESP,030329
11945565,82,71,5094,2013,0.0,30604.0,-0.160691,-0.393419,GEO,ESP,030329
11945566,84,71,5094,2013,0.0,4578.0,0.991136,-0.603793,GIB,ESP,030329
11945567,87,71,5094,2013,66686.0,0.0,-0.5571550000000001,-0.6860310000000001,GMB,ESP,030329
11945568,90,71,5094,2013,321698.0,35182.0,0.18823800000000002,0.910906,GRC,ESP,030329
11945569,104,71,5094,2013,84287.0,0.0,0.215356,2.3916209999999998,IND,ESP,030329
11945570,106,71,5094,2013,10768.0,0.0,1.29988,0.240688,IRL,ESP,030329
11945571,111,71,5094,2013,39056.0,102192.0,1.289924,0.533436,ITA,ESP,030329
11945572,124,71,5094,2013,0.0,3649.0,0.283084,1.4289100000000001,LBN,ESP,030329
11945573,134,71,5094,2013,10382.0,2662.0,-0.6494260000000001,-0.035075999999999996,MAR,ESP,030329
11945574,162,71,5094,2013,215477.0,24453.0,1.184107,1.249557,NLD,ESP,030329
11945575,179,71,5094,2013,30665.0,141677.0,0.541454,2.5228610000000002,PRT,ESP,030329
11945576,188,71,5094,2013,0.0,37011.0,0.626347,-0.844406,SAU,ESP,030329
11945577,191,71,5094,2013,2411.0,0.0,-0.523662,-0.309101,SEN,ESP,030329
11945578,208,71,5094,2013,18126.0,0.0,1.869421,0.228109,SWE,ESP,030329
11945579,231,71,5094,2013,122800.0,0.0,1.6639689999999998,-0.48651300000000003,USA,ESP,030329
11945580,61,72,5094,2013,0.0,112445.0,2.093658,-3.4281980000000005,DEU,EST,030329
11945581,74,72,5094,2013,93350.0,48386.0,1.734552,0.8896940000000001,FIN,EST,030329
11945582,77,72,5094,2013,3696.0,0.0,1.520354,0.022874000000000002,FRA,EST,030329
11945583,97,72,5094,2013,0.0,14792.0,0.744383,1.923139,HKG,EST,030329
11945584,130,72,5094,2013,1815.0,21937.0,0.737796,1.215543,LTU,EST,030329
11945585,132,72,5094,2013,86538.0,69249.0,0.6219439999999999,1.166749,LVA,EST,030329
11945586,163,72,5094,2013,0.0,2494.0,0.892099,0.18168399999999998,NOR,EST,030329
11945587,177,72,5094,2013,2636.0,102164.0,1.084332,1.216749,POL,EST,030329
11945588,208,72,5094,2013,18454.0,53399.0,1.869421,0.228109,SWE,EST,030329
11945589,231,72,5094,2013,75101.0,0.0,1.6639689999999998,-0.48651300000000003,USA,EST,030329
11945590,39,74,5094,2013,2094243.0,0.0,0.719649,1.017046,CAN,FIN,030329
11945591,61,74,5094,2013,2988.0,0.0,2.093658,-3.4281980000000005,DEU,FIN,030329
11945592,64,74,5094,2013,3830.0,4446.0,1.161835,1.1788450000000001,DNK,FIN,030329
11945593,72,74,5094,2013,48386.0,93350.0,0.8828940000000001,1.386574,EST,FIN,030329
11945594,132,74,5094,2013,0.0,437765.0,0.6219439999999999,1.166749,LVA,FIN,030329
11945595,163,74,5094,2013,29694.0,0.0,0.892099,0.18168399999999998,NOR,FIN,030329
11945596,208,74,5094,2013,145678.0,0.0,1.869421,0.228109,SWE,FIN,030329
11945597,231,74,5094,2013,1722.0,0.0,1.6639689999999998,-0.48651300000000003,USA,FIN,030329
11945598,18,77,5094,2013,42982.0,12261.0,1.316207,0.972601,BEL,FRA,030329
11945599,39,77,5094,2013,6124.0,0.0,0.719649,1.017046,CAN,FRA,030329
11945600,42,77,5094,2013,14909.0,0.0,-0.260718,-0.38256100000000004,CHL,FRA,030329
11945601,44,77,5094,2013,0.0,99919.0,-0.923558,-0.866642,CIV,FRA,030329
11945602,45,77,5094,2013,0.0,4807.0,-0.901531,-1.027111,CMR,FRA,030329
11945603,59,77,5094,2013,1316.0,0.0,1.819653,-0.12423800000000002,CZE,FRA,030329
11945604,61,77,5094,2013,10059.0,162988.0,2.093658,-3.4281980000000005,DEU,FRA,030329
11945605,64,77,5094,2013,17779.0,8996.0,1.161835,1.1788450000000001,DNK,FRA,030329
11945606,65,77,5094,2013,0.0,1642.0,-0.277269,0.432388,DOM,FRA,030329
11945607,71,77,5094,2013,266130.0,10418.0,0.861698,2.353993,ESP,FRA,030329
11945608,72,77,5094,2013,0.0,3696.0,0.8828940000000001,1.386574,EST,FRA,030329
11945609,78,77,5094,2013,2792.0,0.0,-0.370701,-0.815466,FRO,FRA,030329
11945610,81,77,5094,2013,49151.0,16150.0,1.7901259999999999,0.44164,GBR,FRA,030329
11945611,87,77,5094,2013,32535.0,0.0,-0.5571550000000001,-0.6860310000000001,GMB,FRA,030329
11945612,90,77,5094,2013,0.0,105600.0,0.18823800000000002,0.910906,GRC,FRA,030329
11945613,103,77,5094,2013,0.0,3241.0,-0.216854,1.415728,IDN,FRA,030329
11945614,104,77,5094,2013,234904.0,0.0,0.215356,2.3916209999999998,IND,FRA,030329
11945615,106,77,5094,2013,9002.0,0.0,1.29988,0.240688,IRL,FRA,030329
11945616,111,77,5094,2013,25698.0,6894.0,1.289924,0.533436,ITA,FRA,030329
11945617,118,77,5094,2013,0.0,5012.0,-1.054758,-0.872352,KHM,FRA,030329
11945618,124,77,5094,2013,0.0,1248.0,0.283084,1.4289100000000001,LBN,FRA,030329
11945619,131,77,5094,2013,0.0,5095.0,1.170459,1.150327,LUX,FRA,030329
11945620,136,77,5094,2013,7874.0,0.0,-1.068565,-0.364254,MDG,FRA,030329
11945621,151,77,5094,2013,0.0,32944.0,-0.158852,0.0061600000000000005,MUS,FRA,030329
11945622,156,77,5094,2013,0.0,1025.0,-0.136052,-0.703913,NCL,FRA,030329
11945623,157,77,5094,2013,0.0,20372.0,-1.268738,-0.942256,NER,FRA,030329
11945624,162,77,5094,2013,0.0,29394.0,1.184107,1.249557,NLD,FRA,030329
11945625,177,77,5094,2013,94501.0,0.0,1.084332,1.216749,POL,FRA,030329
11945626,179,77,5094,2013,9336.0,0.0,0.541454,2.5228610000000002,PRT,FRA,030329
11945627,188,77,5094,2013,0.0,35103.0,0.626347,-0.844406,SAU,FRA,030329
11945628,192,77,5094,2013,0.0,1537.0,1.915504,0.619576,SGP,FRA,030329
11945629,239,77,5094,2013,0.0,82124.0,-0.11426900000000001,1.399738,VNM,FRA,030329
11945630,250,77,5094,2013,0.0,3792.0,0.628555,0.277602,ANS,FRA,030329
11945631,14,81,5094,2013,0.0,46230.0,-0.31145700000000004,-0.167628,AUS,GBR,030329
11945632,15,81,5094,2013,0.0,42092.0,1.7209240000000001,-0.286892,AUT,GBR,030329
11945633,18,81,5094,2013,92985.0,0.0,1.316207,0.972601,BEL,GBR,030329
11945634,24,81,5094,2013,0.0,76283.0,0.249681,-0.6204270000000001,BHR,GBR,030329
11945635,41,81,5094,2013,0.0,162605.0,2.2104470000000003,0.5403479999999999,CHE,GBR,030329
11945636,61,81,5094,2013,42456.0,9588.0,2.093658,-3.4281980000000005,DEU,GBR,030329
11945637,64,81,5094,2013,6048.0,58143.0,1.161835,1.1788450000000001,DNK,GBR,030329
11945638,71,81,5094,2013,14019.0,35955.0,0.861698,2.353993,ESP,GBR,030329
11945639,77,81,5094,2013,16150.0,49151.0,1.520354,0.022874000000000002,FRA,GBR,030329
11945640,82,81,5094,2013,0.0,40980.0,-0.160691,-0.393419,GEO,GBR,030329
11945641,90,81,5094,2013,0.0,70647.0,0.18823800000000002,0.910906,GRC,GBR,030329
11945642,104,81,5094,2013,91898.0,7245.0,0.215356,2.3916209999999998,IND,GBR,030329
11945643,106,81,5094,2013,22730.0,517683.0,1.29988,0.240688,IRL,GBR,030329
11945644,111,81,5094,2013,0.0,24352.0,1.289924,0.533436,ITA,GBR,030329
11945645,116,81,5094,2013,0.0,3477.0,-0.448112,0.8672719999999999,KEN,GBR,030329
11945646,122,81,5094,2013,0.0,4745.0,-0.536384,-1.08382,KWT,GBR,030329
11945647,128,81,5094,2013,85804.0,0.0,-0.6521779999999999,0.41258599999999995,LKA,GBR,030329
11945648,130,81,5094,2013,9982.0,0.0,0.737796,1.215543,LTU,GBR,030329
11945649,135,81,5094,2013,0.0,32742.0,-0.016235,0.132104,MDA,GBR,030329
11945650,142,81,5094,2013,0.0,2092.0,0.8519760000000001,-0.075869,MLT,GBR,030329
11945651,159,81,5094,2013,0.0,9816.0,-1.745783,-1.1356680000000001,NGA,GBR,030329
11945652,162,81,5094,2013,239299.0,5030.0,1.184107,1.249557,NLD,GBR,030329
11945653,168,81,5094,2013,42225.0,0.0,-0.75727,0.769703,PAK,GBR,030329
11945654,174,81,5094,2013,0.0,335598.0,0.507868,0.355403,PHL,GBR,030329
11945655,177,81,5094,2013,11929.0,11590.0,1.084332,1.216749,POL,GBR,030329
11945656,179,81,5094,2013,0.0,1057.0,0.541454,2.5228610000000002,PRT,GBR,030329
11945657,188,81,5094,2013,0.0,43518.0,0.626347,-0.844406,SAU,GBR,030329
11945658,192,81,5094,2013,0.0,226844.0,1.915504,0.619576,SGP,GBR,030329
11945659,211,81,5094,2013,0.0,37920.0,0.270999,-0.474095,SYC,GBR,030329
11945660,216,81,5094,2013,0.0,4212.0,0.8752139999999999,1.3798620000000001,THA,GBR,030329
11945661,227,81,5094,2013,0.0,11117.0,-0.5462279999999999,0.200682,UGA,GBR,030329
11945662,231,81,5094,2013,0.0,20940.0,1.6639689999999998,-0.48651300000000003,USA,GBR,030329
11945663,239,81,5094,2013,21950.0,474328.0,-0.11426900000000001,1.399738,VNM,GBR,030329
11945664,248,81,5094,2013,0.0,5616.0,-0.828702,-0.899175,ZWE,GBR,030329
11945665,58,90,5094,2013,15887.0,19618.0,0.502238,0.349608,CYP,GRC,030329
11945666,61,90,5094,2013,100644.0,1723.0,2.093658,-3.4281980000000005,DEU,GRC,030329
11945667,64,90,5094,2013,245357.0,0.0,1.161835,1.1788450000000001,DNK,GRC,030329
11945668,71,90,5094,2013,35182.0,321698.0,0.861698,2.353993,ESP,GRC,030329
11945669,77,90,5094,2013,105600.0,0.0,1.520354,0.022874000000000002,FRA,GRC,030329
11945670,81,90,5094,2013,70647.0,0.0,1.7901259999999999,0.44164,GBR,GRC,030329
11945671,104,90,5094,2013,86210.0,0.0,0.215356,2.3916209999999998,IND,GRC,030329
11945672,111,90,5094,2013,25146.0,0.0,1.289924,0.533436,ITA,GRC,030329
11945673,132,90,5094,2013,0.0,12901.0,0.6219439999999999,1.166749,LVA,GRC,030329
11945674,162,90,5094,2013,188431.0,0.0,1.184107,1.249557,NLD,GRC,030329
11945675,231,93,5094,2013,149074.0,0.0,1.6639689999999998,-0.48651300000000003,USA,GTM,030329
11945676,13,96,5094,2013,0.0,1572.0,0.096563,-0.60577,ATG,GUY,030329
11945677,33,96,5094,2013,0.0,1026.0,0.6969489999999999,0.135283,BRB,GUY,030329
11945678,39,96,5094,2013,0.0,167176.0,0.719649,1.017046,CAN,GUY,030329
11945679,112,96,5094,2013,0.0,32143.0,-0.541441,-0.8448559999999999,JAM,GUY,030329
11945680,222,96,5094,2013,0.0,19440.0,-0.280641,-1.083332,TTO,GUY,030329
11945681,231,96,5094,2013,0.0,115563.0,1.6639689999999998,-0.48651300000000003,USA,GUY,030329
11945682,14,97,5094,2013,24270.0,0.0,-0.31145700000000004,-0.167628,AUS,HKG,030329
11945683,34,97,5094,2013,5911.0,128852.0,-0.866827,-0.795995,BRN,HKG,030329
11945684,39,97,5094,2013,30791.0,0.0,0.719649,1.017046,CAN,HKG,030329
11945685,42,97,5094,2013,96526.0,0.0,-0.260718,-0.38256100000000004,CHL,HKG,030329
11945686,43,97,5094,2013,181581.0,0.0,1.113767,1.477496,CHN,HKG,030329
11945687,72,97,5094,2013,14792.0,0.0,0.8828940000000001,1.386574,EST,HKG,030329
11945688,103,97,5094,2013,23494.0,0.0,-0.216854,1.415728,IDN,HKG,030329
11945689,104,97,5094,2013,16974.0,0.0,0.215356,2.3916209999999998,IND,HKG,030329
11945690,106,97,5094,2013,869.0,0.0,1.29988,0.240688,IRL,HKG,030329
11945691,114,97,5094,2013,145438.0,0.0,2.3993130000000003,-0.564768,JPN,HKG,030329
11945692,138,97,5094,2013,2372.0,0.0,1.048507,0.718932,MEX,HKG,030329
11945693,153,97,5094,2013,0.0,26091.0,0.937641,0.747496,MYS,HKG,030329
11945694,162,97,5094,2013,35205.0,0.0,1.184107,1.249557,NLD,HKG,030329
11945695,163,97,5094,2013,1490256.0,0.0,0.892099,0.18168399999999998,NOR,HKG,030329
11945696,168,97,5094,2013,45764.0,0.0,-0.75727,0.769703,PAK,HKG,030329
11945697,192,97,5094,2013,135105.0,4088.0,1.915504,0.619576,SGP,HKG,030329
11945698,231,97,5094,2013,10869.0,0.0,1.6639689999999998,-0.48651300000000003,USA,HKG,030329
11945699,249,97,5094,2013,0.0,285854.0,1.843186,0.9432379999999999,TWN,HKG,030329
11945700,15,102,5094,2013,0.0,18772.0,1.7209240000000001,-0.286892,AUT,HUN,030329
11945701,61,102,5094,2013,15038.0,0.0,2.093658,-3.4281980000000005,DEU,HUN,030329
11945702,64,102,5094,2013,48505.0,0.0,1.161835,1.1788450000000001,DNK,HUN,030329
11945703,185,102,5094,2013,0.0,1169.0,0.792035,1.225034,ROU,HUN,030329
11945704,206,102,5094,2013,0.0,7405.0,1.32064,0.7519819999999999,SVK,HUN,030329
11945705,14,103,5094,2013,7369.0,0.0,-0.31145700000000004,-0.167628,AUS,IDN,030329
11945706,18,103,5094,2013,0.0,54060.0,1.316207,0.972601,BEL,IDN,030329
11945707,24,103,5094,2013,0.0,11013.0,0.249681,-0.6204270000000001,BHR,IDN,030329
11945708,43,103,5094,2013,46348.0,1831292.0,1.113767,1.477496,CHN,IDN,030329
11945709,77,103,5094,2013,3241.0,0.0,1.520354,0.022874000000000002,FRA,IDN,030329
11945710,97,103,5094,2013,0.0,23494.0,0.744383,1.923139,HKG,IDN,030329
11945711,104,103,5094,2013,489412.0,0.0,0.215356,2.3916209999999998,IND,IDN,030329
11945712,111,103,5094,2013,0.0,137462.0,1.289924,0.533436,ITA,IDN,030329
11945713,114,103,5094,2013,0.0,951688.0,2.3993130000000003,-0.564768,JPN,IDN,030329
11945714,121,103,5094,2013,0.0,81870.0,1.818383,0.75645,KOR,IDN,030329
11945715,151,103,5094,2013,0.0,68788.0,-0.158852,0.0061600000000000005,MUS,IDN,030329
11945716,153,103,5094,2013,2075.0,664571.0,0.937641,0.747496,MYS,IDN,030329
11945717,168,103,5094,2013,1076978.0,0.0,-0.75727,0.769703,PAK,IDN,030329
11945718,177,103,5094,2013,0.0,5016.0,1.084332,1.216749,POL,IDN,030329
11945719,192,103,5094,2013,96999.0,216748.0,1.915504,0.619576,SGP,IDN,030329
11945720,216,103,5094,2013,0.0,5159707.0,0.8752139999999999,1.3798620000000001,THA,IDN,030329
11945721,231,103,5094,2013,0.0,926410.0,1.6639689999999998,-0.48651300000000003,USA,IDN,030329
11945722,239,103,5094,2013,0.0,960019.0,-0.11426900000000001,1.399738,VNM,IDN,030329
11945723,249,103,5094,2013,0.0,481724.0,1.843186,0.9432379999999999,TWN,IDN,030329
11945724,7,104,5094,2013,0.0,830266.0,-0.074047,-0.585168,ARE,IND,030329
11945725,10,104,5094,2013,0.0,37118.0,0.686489,-0.251618,ASM,IND,030329
11945726,14,104,5094,2013,0.0,2818196.0,-0.31145700000000004,-0.167628,AUS,IND,030329
11945727,15,104,5094,2013,0.0,12634.0,1.7209240000000001,-0.286892,AUT,IND,030329
11945728,43,104,5094,2013,0.0,3007785.0,1.113767,1.477496,CHN,IND,030329
11945729,45,104,5094,2013,0.0,37783.0,-0.901531,-1.027111,CMR,IND,030329
11945730,49,104,5094,2013,0.0,80680.0,0.121799,-0.388239,COL,IND,030329
11945731,58,104,5094,2013,0.0,7677.0,0.502238,0.349608,CYP,IND,030329
11945732,61,104,5094,2013,0.0,91530.0,2.093658,-3.4281980000000005,DEU,IND,030329
11945733,65,104,5094,2013,0.0,23850.0,-0.277269,0.432388,DOM,IND,030329
11945734,66,104,5094,2013,0.0,376680.0,-1.373947,-1.1523459999999999,DZA,IND,030329
11945735,68,104,5094,2013,0.0,19932.0,-0.17418,1.692641,EGY,IND,030329
11945736,71,104,5094,2013,0.0,84287.0,0.861698,2.353993,ESP,IND,030329
11945737,77,104,5094,2013,0.0,234904.0,1.520354,0.022874000000000002,FRA,IND,030329
11945738,81,104,5094,2013,7245.0,91898.0,1.7901259999999999,0.44164,GBR,IND,030329
11945739,83,104,5094,2013,0.0,108464.0,-0.7316010000000001,-0.5327689999999999,GHA,IND,030329
11945740,90,104,5094,2013,0.0,86210.0,0.18823800000000002,0.910906,GRC,IND,030329
11945741,97,104,5094,2013,0.0,16974.0,0.744383,1.923139,HKG,IND,030329
11945742,103,104,5094,2013,0.0,489412.0,-0.216854,1.415728,IDN,IND,030329
11945743,107,104,5094,2013,0.0,578029.0,-0.339172,-0.237114,IRN,IND,030329
11945744,110,104,5094,2013,0.0,12326.0,1.197241,0.633828,ISR,IND,030329
11945745,111,104,5094,2013,0.0,72094.0,1.289924,0.533436,ITA,IND,030329
11945746,114,104,5094,2013,0.0,642502.0,2.3993130000000003,-0.564768,JPN,IND,030329
11945747,116,104,5094,2013,0.0,90176.0,-0.448112,0.8672719999999999,KEN,IND,030329
11945748,121,104,5094,2013,0.0,692076.0,1.818383,0.75645,KOR,IND,030329
11945749,122,104,5094,2013,0.0,320337.0,-0.536384,-1.08382,KWT,IND,030329
11945750,126,104,5094,2013,0.0,254719.0,-1.6241459999999999,-1.1817950000000002,LBY,IND,030329
11945751,128,104,5094,2013,0.0,379434.0,-0.6521779999999999,0.41258599999999995,LKA,IND,030329
11945752,137,104,5094,2013,0.0,257237.0,-0.21889699999999998,-0.776392,MDV,IND,030329
11945753,142,104,5094,2013,0.0,11409.0,0.8519760000000001,-0.075869,MLT,IND,030329
11945754,147,104,5094,2013,0.0,38536.0,-1.326323,-1.050969,MOZ,IND,030329
11945755,151,104,5094,2013,0.0,33166.0,-0.158852,0.0061600000000000005,MUS,IND,030329
11945756,153,104,5094,2013,0.0,946150.0,0.937641,0.747496,MYS,IND,030329
11945757,162,104,5094,2013,0.0,36839.0,1.184107,1.249557,NLD,IND,030329
11945758,166,104,5094,2013,0.0,9221.0,0.3345,0.39063000000000003,NZL,IND,030329
11945759,167,104,5094,2013,0.0,522511.0,-0.604175,-1.0463209999999998,OMN,IND,030329
11945760,174,104,5094,2013,0.0,141339.0,0.507868,0.355403,PHL,IND,030329
11945761,179,104,5094,2013,0.0,84476.0,0.541454,2.5228610000000002,PRT,IND,030329
11945762,188,104,5094,2013,0.0,692386.0,0.626347,-0.844406,SAU,IND,030329
11945763,192,104,5094,2013,0.0,584696.0,1.915504,0.619576,SGP,IND,030329
11945764,211,104,5094,2013,0.0,68069.0,0.270999,-0.474095,SYC,IND,030329
11945765,216,104,5094,2013,27272.0,4894029.0,0.8752139999999999,1.3798620000000001,THA,IND,030329
11945766,223,104,5094,2013,0.0,268668.0,0.185528,1.0070700000000001,TUN,IND,030329
11945767,224,104,5094,2013,0.0,164883.0,0.42932299999999995,2.690235,TUR,IND,030329
11945768,231,104,5094,2013,0.0,1310166.0,1.6639689999999998,-0.48651300000000003,USA,IND,030329
11945769,239,104,5094,2013,0.0,22303592.0,-0.11426900000000001,1.399738,VNM,IND,030329
11945770,242,104,5094,2013,0.0,18979.0,0.824724,0.056441,WSM,IND,030329
11945771,246,104,5094,2013,0.0,74417.0,0.380284,1.5682120000000002,ZAF,IND,030329
11945772,249,104,5094,2013,0.0,205076.0,1.843186,0.9432379999999999,TWN,IND,030329
11945773,104,110,5094,2013,12326.0,0.0,0.215356,2.3916209999999998,IND,ISR,030329
11945774,224,110,5094,2013,45304.0,0.0,0.42932299999999995,2.690235,TUR,ISR,030329
11945775,4,111,5094,2013,60883.0,0.0,-0.53682,-0.162391,ALB,ITA,030329
11945776,41,111,5094,2013,0.0,233759.0,2.2104470000000003,0.5403479999999999,CHE,ITA,030329
11945777,47,111,5094,2013,0.0,16220.0,-1.215681,-1.08679,COG,ITA,030329
11945778,61,111,5094,2013,25687.0,5051.0,2.093658,-3.4281980000000005,DEU,ITA,030329
11945779,64,111,5094,2013,65232.0,0.0,1.161835,1.1788450000000001,DNK,ITA,030329
11945780,71,111,5094,2013,102192.0,39056.0,0.861698,2.353993,ESP,ITA,030329
11945781,77,111,5094,2013,6894.0,25698.0,1.520354,0.022874000000000002,FRA,ITA,030329
11945782,81,111,5094,2013,24352.0,0.0,1.7901259999999999,0.44164,GBR,ITA,030329
11945783,90,111,5094,2013,0.0,25146.0,0.18823800000000002,0.910906,GRC,ITA,030329
11945784,100,111,5094,2013,0.0,12258.0,0.898284,1.038807,HRV,ITA,030329
11945785,103,111,5094,2013,137462.0,0.0,-0.216854,1.415728,IDN,ITA,030329
11945786,104,111,5094,2013,72094.0,0.0,0.215356,2.3916209999999998,IND,ITA,030329
11945787,106,111,5094,2013,4626.0,0.0,1.29988,0.240688,IRL,ITA,030329
11945788,142,111,5094,2013,0.0,12679.0,0.8519760000000001,-0.075869,MLT,ITA,030329
11945789,162,111,5094,2013,12167.0,0.0,1.184107,1.249557,NLD,ITA,030329
11945790,179,111,5094,2013,77799.0,0.0,0.541454,2.5228610000000002,PRT,ITA,030329
11945791,185,111,5094,2013,0.0,7438.0,0.792035,1.225034,ROU,ITA,030329
11945792,207,111,5094,2013,0.0,5211.0,1.698374,0.563082,SVN,ITA,030329
11945793,208,111,5094,2013,103372.0,0.0,1.869421,0.228109,SWE,ITA,030329
11945794,96,112,5094,2013,32143.0,0.0,-0.8555590000000001,-0.9744450000000001,GUY,JAM,030329
11945795,231,112,5094,2013,3719.0,0.0,1.6639689999999998,-0.48651300000000003,USA,JAM,030329
11945796,163,113,5094,2013,15688.0,0.0,0.892099,0.18168399999999998,NOR,JOR,030329
11945797,216,113,5094,2013,30569.0,0.0,0.8752139999999999,1.3798620000000001,THA,JOR,030329
11945798,22,121,5094,2013,16412.0,0.0,-1.101916,-0.734646,BGD,KOR,030329
11945799,85,121,5094,2013,393092.0,0.0,-1.1287459999999998,-1.069735,GIN,KOR,030329
11945800,103,121,5094,2013,81870.0,0.0,-0.216854,1.415728,IDN,KOR,030329
11945801,104,121,5094,2013,692076.0,0.0,0.215356,2.3916209999999998,IND,KOR,030329
11945802,114,121,5094,2013,0.0,122540.0,2.3993130000000003,-0.564768,JPN,KOR,030329
11945803,122,121,5094,2013,0.0,36815.0,-0.536384,-1.08382,KWT,KOR,030329
11945804,128,121,5094,2013,11477.0,0.0,-0.6521779999999999,0.41258599999999995,LKA,KOR,030329
11945805,145,121,5094,2013,0.0,72705.0,-1.3270950000000001,-1.144547,MNG,KOR,030329
11945806,153,121,5094,2013,0.0,2544.0,0.937641,0.747496,MYS,KOR,030329
11945807,168,121,5094,2013,1640569.0,0.0,-0.75727,0.769703,PAK,KOR,030329
11945808,192,121,5094,2013,0.0,3561.0,1.915504,0.619576,SGP,KOR,030329
11945809,216,121,5094,2013,144163.0,1251204.0,0.8752139999999999,1.3798620000000001,THA,KOR,030329
11945810,231,121,5094,2013,28420.0,0.0,1.6639689999999998,-0.48651300000000003,USA,KOR,030329
11945811,42,122,5094,2013,2343.0,0.0,-0.260718,-0.38256100000000004,CHL,KWT,030329
11945812,43,122,5094,2013,5279.0,0.0,1.113767,1.477496,CHN,KWT,030329
11945813,81,122,5094,2013,4745.0,0.0,1.7901259999999999,0.44164,GBR,KWT,030329
11945814,104,122,5094,2013,320337.0,0.0,0.215356,2.3916209999999998,IND,KWT,030329
11945815,114,122,5094,2013,23710.0,0.0,2.3993130000000003,-0.564768,JPN,KWT,030329
11945816,121,122,5094,2013,36815.0,0.0,1.818383,0.75645,KOR,KWT,030329
11945817,168,122,5094,2013,402753.0,0.0,-0.75727,0.769703,PAK,KWT,030329
11945818,188,122,5094,2013,118325.0,0.0,0.626347,-0.844406,SAU,KWT,030329
11945819,216,122,5094,2013,420022.0,9142.0,0.8752139999999999,1.3798620000000001,THA,KWT,030329
11945820,231,122,5094,2013,3782.0,0.0,1.6639689999999998,-0.48651300000000003,USA,KWT,030329
11945821,249,122,5094,2013,2761.0,0.0,1.843186,0.9432379999999999,TWN,KWT,030329
11945822,16,138,5094,2013,0.0,8725.0,-0.9232870000000001,-1.165928,AZE,MEX,030329
11945823,97,138,5094,2013,0.0,2372.0,0.744383,1.923139,HKG,MEX,030329
11945824,128,138,5094,2013,0.0,70307.0,-0.6521779999999999,0.41258599999999995,LKA,MEX,030329
11945825,231,138,5094,2013,139996.0,36227.0,1.6639689999999998,-0.48651300000000003,USA,MEX,030329
11945826,8,153,5094,2013,17311.0,0.0,0.20314300000000002,0.494062,ARG,MYS,030329
11945827,34,153,5094,2013,4564.0,59399.0,-0.866827,-0.795995,BRN,MYS,030329
11945828,42,153,5094,2013,954189.0,0.0,-0.260718,-0.38256100000000004,CHL,MYS,030329
11945829,43,153,5094,2013,1441.0,0.0,1.113767,1.477496,CHN,MYS,030329
11945830,61,153,5094,2013,22631.0,0.0,2.093658,-3.4281980000000005,DEU,MYS,030329
11945831,97,153,5094,2013,26091.0,0.0,0.744383,1.923139,HKG,MYS,030329
11945832,103,153,5094,2013,664571.0,2075.0,-0.216854,1.415728,IDN,MYS,030329
11945833,104,153,5094,2013,946150.0,0.0,0.215356,2.3916209999999998,IND,MYS,030329
11945834,114,153,5094,2013,73969.0,0.0,2.3993130000000003,-0.564768,JPN,MYS,030329
11945835,121,153,5094,2013,2544.0,0.0,1.818383,0.75645,KOR,MYS,030329
11945836,143,153,5094,2013,0.0,15741.0,-1.230787,-0.737375,MMR,MYS,030329
11945837,163,153,5094,2013,598588.0,0.0,0.892099,0.18168399999999998,NOR,MYS,030329
11945838,166,153,5094,2013,89177.0,0.0,0.3345,0.39063000000000003,NZL,MYS,030329
11945839,168,153,5094,2013,363615.0,0.0,-0.75727,0.769703,PAK,MYS,030329
11945840,192,153,5094,2013,739098.0,29319.0,1.915504,0.619576,SGP,MYS,030329
11945841,216,153,5094,2013,284367.0,127340.0,0.8752139999999999,1.3798620000000001,THA,MYS,030329
11945842,231,153,5094,2013,128659.0,0.0,1.6639689999999998,-0.48651300000000003,USA,MYS,030329
11945843,249,153,5094,2013,3127.0,0.0,1.843186,0.9432379999999999,TWN,MYS,030329
11945844,15,162,5094,2013,0.0,14734.0,1.7209240000000001,-0.286892,AUT,NLD,030329
11945845,18,162,5094,2013,66572.0,147891.0,1.316207,0.972601,BEL,NLD,030329
11945846,43,162,5094,2013,0.0,387603.0,1.113767,1.477496,CHN,NLD,030329
11945847,61,162,5094,2013,359515.0,12055.0,2.093658,-3.4281980000000005,DEU,NLD,030329
11945848,64,162,5094,2013,1625.0,14538.0,1.161835,1.1788450000000001,DNK,NLD,030329
11945849,71,162,5094,2013,24453.0,215477.0,0.861698,2.353993,ESP,NLD,030329
11945850,77,162,5094,2013,29394.0,0.0,1.520354,0.022874000000000002,FRA,NLD,030329
11945851,81,162,5094,2013,5030.0,239299.0,1.7901259999999999,0.44164,GBR,NLD,030329
11945852,82,162,5094,2013,0.0,13362.0,-0.160691,-0.393419,GEO,NLD,030329
11945853,87,162,5094,2013,40888.0,0.0,-0.5571550000000001,-0.6860310000000001,GMB,NLD,030329
11945854,90,162,5094,2013,0.0,188431.0,0.18823800000000002,0.910906,GRC,NLD,030329
11945855,97,162,5094,2013,0.0,35205.0,0.744383,1.923139,HKG,NLD,030329
11945856,104,162,5094,2013,36839.0,0.0,0.215356,2.3916209999999998,IND,NLD,030329
11945857,111,162,5094,2013,0.0,12167.0,1.289924,0.533436,ITA,NLD,030329
11945858,130,162,5094,2013,0.0,21685.0,0.737796,1.215543,LTU,NLD,030329
11945859,159,162,5094,2013,0.0,5701.0,-1.745783,-1.1356680000000001,NGA,NLD,030329
11945860,166,162,5094,2013,8163.0,0.0,0.3345,0.39063000000000003,NZL,NLD,030329
11945861,174,162,5094,2013,0.0,26709.0,0.507868,0.355403,PHL,NLD,030329
11945862,177,162,5094,2013,18283.0,69116.0,1.084332,1.216749,POL,NLD,030329
11945863,179,162,5094,2013,0.0,5141.0,0.541454,2.5228610000000002,PRT,NLD,030329
11945864,183,162,5094,2013,0.0,13222.0,-0.083649,-1.013491,QAT,NLD,030329
11945865,187,162,5094,2013,0.0,1721.0,-0.490519,-0.48427700000000007,RWA,NLD,030329
11945866,192,162,5094,2013,0.0,123731.0,1.915504,0.619576,SGP,NLD,030329
11945867,207,162,5094,2013,0.0,12239.0,1.698374,0.563082,SVN,NLD,030329
11945868,208,162,5094,2013,0.0,44043.0,1.869421,0.228109,SWE,NLD,030329
11945869,224,162,5094,2013,2392.0,0.0,0.42932299999999995,2.690235,TUR,NLD,030329
11945870,231,162,5094,2013,3967.0,0.0,1.6639689999999998,-0.48651300000000003,USA,NLD,030329
11945871,239,162,5094,2013,14858.0,0.0,-0.11426900000000001,1.399738,VNM,NLD,030329
11945872,7,163,5094,2013,0.0,73713.0,-0.074047,-0.585168,ARE,NOR,030329
11945873,9,163,5094,2013,0.0,17786.0,-0.076922,-0.5781390000000001,ARM,NOR,030329
11945874,24,163,5094,2013,0.0,28864.0,0.249681,-0.6204270000000001,BHR,NOR,030329
11945875,34,163,5094,2013,0.0,233376.0,-0.866827,-0.795995,BRN,NOR,030329
11945876,45,163,5094,2013,0.0,3386.0,-0.901531,-1.027111,CMR,NOR,030329
11945877,59,163,5094,2013,0.0,20870.0,1.819653,-0.12423800000000002,CZE,NOR,030329
11945878,61,163,5094,2013,0.0,369148.0,2.093658,-3.4281980000000005,DEU,NOR,030329
11945879,64,163,5094,2013,0.0,20883.0,1.161835,1.1788450000000001,DNK,NOR,030329
11945880,65,163,5094,2013,0.0,7919.0,-0.277269,0.432388,DOM,NOR,030329
11945881,68,163,5094,2013,0.0,318027.0,-0.17418,1.692641,EGY,NOR,030329
11945882,72,163,5094,2013,2494.0,0.0,0.8828940000000001,1.386574,EST,NOR,030329
11945883,74,163,5094,2013,0.0,29694.0,1.734552,0.8896940000000001,FIN,NOR,030329
11945884,97,163,5094,2013,0.0,1490256.0,0.744383,1.923139,HKG,NOR,030329
11945885,113,163,5094,2013,0.0,15688.0,0.152659,0.5889979999999999,JOR,NOR,030329
11945886,115,163,5094,2013,0.0,33135.0,-0.680678,-0.83347,KAZ,NOR,030329
11945887,117,163,5094,2013,0.0,28966.0,-0.1035,0.339914,KGZ,NOR,030329
11945888,128,163,5094,2013,0.0,26001.0,-0.6521779999999999,0.41258599999999995,LKA,NOR,030329
11945889,153,163,5094,2013,0.0,598588.0,0.937641,0.747496,MYS,NOR,030329
11945890,167,163,5094,2013,0.0,20548.0,-0.604175,-1.0463209999999998,OMN,NOR,030329
11945891,174,163,5094,2013,0.0,15978.0,0.507868,0.355403,PHL,NOR,030329
11945892,177,163,5094,2013,0.0,13199.0,1.084332,1.216749,POL,NOR,030329
11945893,183,163,5094,2013,0.0,8629.0,-0.083649,-1.013491,QAT,NOR,030329
11945894,188,163,5094,2013,0.0,1048435.0,0.626347,-0.844406,SAU,NOR,030329
11945895,192,163,5094,2013,0.0,141559.0,1.915504,0.619576,SGP,NOR,030329
11945896,206,163,5094,2013,0.0,133729.0,1.32064,0.7519819999999999,SVK,NOR,030329
11945897,207,163,5094,2013,0.0,2082.0,1.698374,0.563082,SVN,NOR,030329
11945898,208,163,5094,2013,2448.0,35453.0,1.869421,0.228109,SWE,NOR,030329
11945899,216,163,5094,2013,0.0,28982.0,0.8752139999999999,1.3798620000000001,THA,NOR,030329
11945900,239,163,5094,2013,0.0,392785.0,-0.11426900000000001,1.399738,VNM,NOR,030329
11945901,249,163,5094,2013,0.0,19502.0,1.843186,0.9432379999999999,TWN,NOR,030329
11945902,14,166,5094,2013,41694.0,155681.0,-0.31145700000000004,-0.167628,AUS,NZL,030329
11945903,24,166,5094,2013,0.0,2833.0,0.249681,-0.6204270000000001,BHR,NZL,030329
11945904,43,166,5094,2013,0.0,9994.0,1.113767,1.477496,CHN,NZL,030329
11945905,75,166,5094,2013,7000.0,13659.0,-0.5203369999999999,-0.122405,FJI,NZL,030329
11945906,104,166,5094,2013,9221.0,0.0,0.215356,2.3916209999999998,IND,NZL,030329
11945907,128,166,5094,2013,0.0,240994.0,-0.6521779999999999,0.41258599999999995,LKA,NZL,030329
11945908,148,166,5094,2013,0.0,16345.0,-1.950532,-1.283104,MRT,NZL,030329
11945909,153,166,5094,2013,0.0,89177.0,0.937641,0.747496,MYS,NZL,030329
11945910,156,166,5094,2013,0.0,5529.0,-0.136052,-0.703913,NCL,NZL,030329
11945911,162,166,5094,2013,0.0,8163.0,1.184107,1.249557,NLD,NZL,030329
11945912,174,166,5094,2013,0.0,331426.0,0.507868,0.355403,PHL,NZL,030329
11945913,176,166,5094,2013,0.0,28549.0,-1.444244,-1.144231,PNG,NZL,030329
11945914,188,166,5094,2013,0.0,446126.0,0.626347,-0.844406,SAU,NZL,030329
11945915,192,166,5094,2013,0.0,138961.0,1.915504,0.619576,SGP,NZL,030329
11945916,216,166,5094,2013,0.0,22661.0,0.8752139999999999,1.3798620000000001,THA,NZL,030329
11945917,231,166,5094,2013,5325.0,0.0,1.6639689999999998,-0.48651300000000003,USA,NZL,030329
11945918,249,166,5094,2013,0.0,1258683.0,1.843186,0.9432379999999999,TWN,NZL,030329
11945919,19,169,5094,2013,0.0,235072.0,-0.919968,-0.90691,BEN,PAN,030329
11945920,128,169,5094,2013,0.0,115960.0,-0.6521779999999999,0.41258599999999995,LKA,PAN,030329
11945921,250,169,5094,2013,0.0,4240.0,0.628555,0.277602,ANS,PAN,030329
11945922,42,173,5094,2013,13146.0,0.0,-0.260718,-0.38256100000000004,CHL,PER,030329
11945923,67,173,5094,2013,28343.0,0.0,-0.86546,-0.8888389999999999,ECU,PER,030329
11945924,14,174,5094,2013,3714.0,0.0,-0.31145700000000004,-0.167628,AUS,PHL,030329
11945925,24,174,5094,2013,0.0,5344.0,0.249681,-0.6204270000000001,BHR,PHL,030329
11945926,39,174,5094,2013,0.0,2548.0,0.719649,1.017046,CAN,PHL,030329
11945927,42,174,5094,2013,139399.0,0.0,-0.260718,-0.38256100000000004,CHL,PHL,030329
11945928,43,174,5094,2013,1123733.0,0.0,1.113767,1.477496,CHN,PHL,030329
11945929,64,174,5094,2013,49160.0,0.0,1.161835,1.1788450000000001,DNK,PHL,030329
11945930,81,174,5094,2013,335598.0,0.0,1.7901259999999999,0.44164,GBR,PHL,030329
11945931,104,174,5094,2013,141339.0,0.0,0.215356,2.3916209999999998,IND,PHL,030329
11945932,162,174,5094,2013,26709.0,0.0,1.184107,1.249557,NLD,PHL,030329
11945933,163,174,5094,2013,15978.0,0.0,0.892099,0.18168399999999998,NOR,PHL,030329
11945934,166,174,5094,2013,331426.0,0.0,0.3345,0.39063000000000003,NZL,PHL,030329
11945935,179,174,5094,2013,9333.0,0.0,0.541454,2.5228610000000002,PRT,PHL,030329
11945936,192,174,5094,2013,183180.0,0.0,1.915504,0.619576,SGP,PHL,030329
11945937,216,174,5094,2013,0.0,6584.0,0.8752139999999999,1.3798620000000001,THA,PHL,030329
11945938,231,174,5094,2013,490099.0,732974.0,1.6639689999999998,-0.48651300000000003,USA,PHL,030329
11945939,239,174,5094,2013,470903.0,0.0,-0.11426900000000001,1.399738,VNM,PHL,030329
11945940,15,177,5094,2013,0.0,13556.0,1.7209240000000001,-0.286892,AUT,POL,030329
11945941,39,177,5094,2013,289338.0,0.0,0.719649,1.017046,CAN,POL,030329
11945942,58,177,5094,2013,0.0,218637.0,0.502238,0.349608,CYP,POL,030329
11945943,59,177,5094,2013,85640.0,171848.0,1.819653,-0.12423800000000002,CZE,POL,030329
11945944,61,177,5094,2013,41401.0,23386.0,2.093658,-3.4281980000000005,DEU,POL,030329
11945945,64,177,5094,2013,19152.0,254804.0,1.161835,1.1788450000000001,DNK,POL,030329
11945946,72,177,5094,2013,102164.0,2636.0,0.8828940000000001,1.386574,EST,POL,030329
11945947,77,177,5094,2013,0.0,94501.0,1.520354,0.022874000000000002,FRA,POL,030329
11945948,81,177,5094,2013,11590.0,11929.0,1.7901259999999999,0.44164,GBR,POL,030329
11945949,103,177,5094,2013,5016.0,0.0,-0.216854,1.415728,IDN,POL,030329
11945950,106,177,5094,2013,154182.0,19553.0,1.29988,0.240688,IRL,POL,030329
11945951,130,177,5094,2013,0.0,21984.0,0.737796,1.215543,LTU,POL,030329
11945952,132,177,5094,2013,357138.0,0.0,0.6219439999999999,1.166749,LVA,POL,030329
11945953,162,177,5094,2013,69116.0,18283.0,1.184107,1.249557,NLD,POL,030329
11945954,163,177,5094,2013,13199.0,0.0,0.892099,0.18168399999999998,NOR,POL,030329
11945955,231,177,5094,2013,16938.0,0.0,1.6639689999999998,-0.48651300000000003,USA,POL,030329
11945956,2,179,5094,2013,0.0,173311.0,-1.172043,-1.133735,AGO,PRT,030329
11945957,7,179,5094,2013,0.0,4919.0,-0.074047,-0.585168,ARE,PRT,030329
11945958,41,179,5094,2013,0.0,2510.0,2.2104470000000003,0.5403479999999999,CHE,PRT,030329
11945959,51,179,5094,2013,0.0,2723.0,-0.75058,-0.8948219999999999,CPV,PRT,030329
11945960,61,179,5094,2013,0.0,990.0,2.093658,-3.4281980000000005,DEU,PRT,030329
11945961,64,179,5094,2013,8045.0,0.0,1.161835,1.1788450000000001,DNK,PRT,030329
11945962,65,179,5094,2013,0.0,32044.0,-0.277269,0.432388,DOM,PRT,030329
11945963,71,179,5094,2013,141677.0,30665.0,0.861698,2.353993,ESP,PRT,030329
11945964,77,179,5094,2013,0.0,9336.0,1.520354,0.022874000000000002,FRA,PRT,030329
11945965,81,179,5094,2013,1057.0,0.0,1.7901259999999999,0.44164,GBR,PRT,030329
11945966,82,179,5094,2013,0.0,42341.0,-0.160691,-0.393419,GEO,PRT,030329
11945967,104,179,5094,2013,84476.0,0.0,0.215356,2.3916209999999998,IND,PRT,030329
11945968,111,179,5094,2013,0.0,77799.0,1.289924,0.533436,ITA,PRT,030329
11945969,144,179,5094,2013,0.0,2032.0,-0.054454999999999996,-0.164875,MNE,PRT,030329
11945970,147,179,5094,2013,0.0,17744.0,-1.326323,-1.050969,MOZ,PRT,030329
11945971,162,179,5094,2013,5141.0,0.0,1.184107,1.249557,NLD,PRT,030329
11945972,174,179,5094,2013,0.0,9333.0,0.507868,0.355403,PHL,PRT,030329
11945973,208,179,5094,2013,55598.0,0.0,1.869421,0.228109,SWE,PRT,030329
11945974,42,183,5094,2013,7473.0,0.0,-0.260718,-0.38256100000000004,CHL,QAT,030329
11945975,162,183,5094,2013,13222.0,0.0,1.184107,1.249557,NLD,QAT,030329
11945976,163,183,5094,2013,8629.0,0.0,0.892099,0.18168399999999998,NOR,QAT,030329
11945977,168,183,5094,2013,38740.0,0.0,-0.75727,0.769703,PAK,QAT,030329
11945978,216,183,5094,2013,130448.0,0.0,0.8752139999999999,1.3798620000000001,THA,QAT,030329
11945979,231,183,5094,2013,63185.0,0.0,1.6639689999999998,-0.48651300000000003,USA,QAT,030329
11945980,239,183,5094,2013,13786.0,0.0,-0.11426900000000001,1.399738,VNM,QAT,030329
11945981,7,188,5094,2013,0.0,44770.0,-0.074047,-0.585168,ARE,SAU,030329
11945982,14,188,5094,2013,144972.0,0.0,-0.31145700000000004,-0.167628,AUS,SAU,030329
11945983,22,188,5094,2013,1643977.0,33100.0,-1.101916,-0.734646,BGD,SAU,030329
11945984,24,188,5094,2013,53178.0,5600.0,0.249681,-0.6204270000000001,BHR,SAU,030329
11945985,43,188,5094,2013,319528.0,0.0,1.113767,1.477496,CHN,SAU,030329
11945986,68,188,5094,2013,49478.0,35896.0,-0.17418,1.692641,EGY,SAU,030329
11945987,71,188,5094,2013,37011.0,0.0,0.861698,2.353993,ESP,SAU,030329
11945988,77,188,5094,2013,35103.0,0.0,1.520354,0.022874000000000002,FRA,SAU,030329
11945989,81,188,5094,2013,43518.0,0.0,1.7901259999999999,0.44164,GBR,SAU,030329
11945990,104,188,5094,2013,692386.0,0.0,0.215356,2.3916209999999998,IND,SAU,030329
11945991,114,188,5094,2013,36837.0,0.0,2.3993130000000003,-0.564768,JPN,SAU,030329
11945992,122,188,5094,2013,0.0,118325.0,-0.536384,-1.08382,KWT,SAU,030329
11945993,128,188,5094,2013,0.0,42354.0,-0.6521779999999999,0.41258599999999995,LKA,SAU,030329
11945994,134,188,5094,2013,120047.0,0.0,-0.6494260000000001,-0.035075999999999996,MAR,SAU,030329
11945995,143,188,5094,2013,6341198.0,1821.0,-1.230787,-0.737375,MMR,SAU,030329
11945996,163,188,5094,2013,1048435.0,0.0,0.892099,0.18168399999999998,NOR,SAU,030329
11945997,166,188,5094,2013,446126.0,0.0,0.3345,0.39063000000000003,NZL,SAU,030329
11945998,168,188,5094,2013,976775.0,0.0,-0.75727,0.769703,PAK,SAU,030329
11945999,186,188,5094,2013,0.0,121777.0,0.481166,-0.180052,RUS,SAU,030329
11946000,190,188,5094,2013,959.0,248843.0,-1.254944,-1.073564,SDN,SAU,030329
11946001,192,188,5094,2013,30422.0,0.0,1.915504,0.619576,SGP,SAU,030329
11946002,208,188,5094,2013,35862.0,0.0,1.869421,0.228109,SWE,SAU,030329
11946003,216,188,5094,2013,553331.0,0.0,0.8752139999999999,1.3798620000000001,THA,SAU,030329
11946004,231,188,5094,2013,5072.0,0.0,1.6639689999999998,-0.48651300000000003,USA,SAU,030329
11946005,239,188,5094,2013,3435706.0,0.0,-0.11426900000000001,1.399738,VNM,SAU,030329
11946006,249,188,5094,2013,5272110.0,0.0,1.843186,0.9432379999999999,TWN,SAU,030329
11946007,0,190,5094,2013,39224.0,0.0,0.913235,-0.149061,ABW,SDN,030329
11946008,7,190,5094,2013,18927.0,1332.0,-0.074047,-0.585168,ARE,SDN,030329
11946009,43,190,5094,2013,22697.0,0.0,1.113767,1.477496,CHN,SDN,030329
11946010,68,190,5094,2013,81348.0,0.0,-0.17418,1.692641,EGY,SDN,030329
11946011,188,190,5094,2013,248843.0,959.0,0.626347,-0.844406,SAU,SDN,030329
11946012,7,192,5094,2013,0.0,148758.0,-0.074047,-0.585168,ARE,SGP,030329
11946013,34,192,5094,2013,0.0,654479.0,-0.866827,-0.795995,BRN,SGP,030329
11946014,39,192,5094,2013,4498.0,0.0,0.719649,1.017046,CAN,SGP,030329
11946015,42,192,5094,2013,12055.0,0.0,-0.260718,-0.38256100000000004,CHL,SGP,030329
11946016,77,192,5094,2013,1537.0,0.0,1.520354,0.022874000000000002,FRA,SGP,030329
11946017,81,192,5094,2013,226844.0,0.0,1.7901259999999999,0.44164,GBR,SGP,030329
11946018,97,192,5094,2013,4088.0,135105.0,0.744383,1.923139,HKG,SGP,030329
11946019,103,192,5094,2013,216748.0,96999.0,-0.216854,1.415728,IDN,SGP,030329
11946020,104,192,5094,2013,584696.0,0.0,0.215356,2.3916209999999998,IND,SGP,030329
11946021,114,192,5094,2013,292403.0,0.0,2.3993130000000003,-0.564768,JPN,SGP,030329
11946022,118,192,5094,2013,0.0,3097.0,-1.054758,-0.872352,KHM,SGP,030329
11946023,121,192,5094,2013,3561.0,0.0,1.818383,0.75645,KOR,SGP,030329
11946024,128,192,5094,2013,0.0,25691.0,-0.6521779999999999,0.41258599999999995,LKA,SGP,030329
11946025,137,192,5094,2013,0.0,6448.0,-0.21889699999999998,-0.776392,MDV,SGP,030329
11946026,143,192,5094,2013,0.0,5103.0,-1.230787,-0.737375,MMR,SGP,030329
11946027,153,192,5094,2013,29319.0,739098.0,0.937641,0.747496,MYS,SGP,030329
11946028,162,192,5094,2013,123731.0,0.0,1.184107,1.249557,NLD,SGP,030329
11946029,163,192,5094,2013,141559.0,0.0,0.892099,0.18168399999999998,NOR,SGP,030329
11946030,165,192,5094,2013,0.0,16581.0,0.8494780000000001,-0.587259,NRU,SGP,030329
11946031,166,192,5094,2013,138961.0,0.0,0.3345,0.39063000000000003,NZL,SGP,030329
11946032,167,192,5094,2013,0.0,30707.0,-0.604175,-1.0463209999999998,OMN,SGP,030329
11946033,168,192,5094,2013,32295.0,0.0,-0.75727,0.769703,PAK,SGP,030329
11946034,174,192,5094,2013,0.0,183180.0,0.507868,0.355403,PHL,SGP,030329
11946035,188,192,5094,2013,0.0,30422.0,0.626347,-0.844406,SAU,SGP,030329
11946036,216,192,5094,2013,147740.0,116455.0,0.8752139999999999,1.3798620000000001,THA,SGP,030329
11946037,220,192,5094,2013,0.0,14409.0,-0.376633,-0.73677,TLS,SGP,030329
11946038,231,192,5094,2013,113196.0,0.0,1.6639689999999998,-0.48651300000000003,USA,SGP,030329
11946039,239,192,5094,2013,19358.0,0.0,-0.11426900000000001,1.399738,VNM,SGP,030329
11946040,231,197,5094,2013,2937.0,0.0,1.6639689999999998,-0.48651300000000003,USA,SLV,030329
11946041,33,205,5094,2013,0.0,2474.0,0.6969489999999999,0.135283,BRB,SUR,030329
11946042,8,206,5094,2013,1473.0,0.0,0.20314300000000002,0.494062,ARG,SVK,030329
11946043,15,206,5094,2013,1125.0,0.0,1.7209240000000001,-0.286892,AUT,SVK,030329
11946044,39,206,5094,2013,46185.0,0.0,0.719649,1.017046,CAN,SVK,030329
11946045,43,206,5094,2013,239927.0,0.0,1.113767,1.477496,CHN,SVK,030329
11946046,59,206,5094,2013,1331278.0,8818.0,1.819653,-0.12423800000000002,CZE,SVK,030329
11946047,102,206,5094,2013,7405.0,0.0,1.506101,0.7279220000000001,HUN,SVK,030329
11946048,130,206,5094,2013,1762.0,0.0,0.737796,1.215543,LTU,SVK,030329
11946049,163,206,5094,2013,133729.0,0.0,0.892099,0.18168399999999998,NOR,SVK,030329
11946050,185,206,5094,2013,2354.0,0.0,0.792035,1.225034,ROU,SVK,030329
11946051,250,206,5094,2013,10493.0,0.0,0.628555,0.277602,ANS,SVK,030329
11946052,18,208,5094,2013,10811.0,0.0,1.316207,0.972601,BEL,SWE,030329
11946053,61,208,5094,2013,22811.0,0.0,2.093658,-3.4281980000000005,DEU,SWE,030329
11946054,64,208,5094,2013,409395.0,200810.0,1.161835,1.1788450000000001,DNK,SWE,030329
11946055,71,208,5094,2013,0.0,18126.0,0.861698,2.353993,ESP,SWE,030329
11946056,72,208,5094,2013,53399.0,18454.0,0.8828940000000001,1.386574,EST,SWE,030329
11946057,74,208,5094,2013,0.0,145678.0,1.734552,0.8896940000000001,FIN,SWE,030329
11946058,111,208,5094,2013,0.0,103372.0,1.289924,0.533436,ITA,SWE,030329
11946059,162,208,5094,2013,44043.0,0.0,1.184107,1.249557,NLD,SWE,030329
11946060,163,208,5094,2013,35453.0,2448.0,0.892099,0.18168399999999998,NOR,SWE,030329
11946061,179,208,5094,2013,0.0,55598.0,0.541454,2.5228610000000002,PRT,SWE,030329
11946062,188,208,5094,2013,0.0,35862.0,0.626347,-0.844406,SAU,SWE,030329
11946063,231,208,5094,2013,436284.0,0.0,1.6639689999999998,-0.48651300000000003,USA,SWE,030329
11946064,7,216,5094,2013,0.0,425384.0,-0.074047,-0.585168,ARE,THA,030329
11946065,8,216,5094,2013,191639.0,0.0,0.20314300000000002,0.494062,ARG,THA,030329
11946066,14,216,5094,2013,0.0,46847.0,-0.31145700000000004,-0.167628,AUS,THA,030329
11946067,19,216,5094,2013,0.0,9723.0,-0.919968,-0.90691,BEN,THA,030329
11946068,24,216,5094,2013,0.0,324118.0,0.249681,-0.6204270000000001,BHR,THA,030329
11946069,43,216,5094,2013,24946.0,0.0,1.113767,1.477496,CHN,THA,030329
11946070,76,216,5094,2013,475979.0,0.0,-1.254446,-0.868074,FLK,THA,030329
11946071,81,216,5094,2013,4212.0,0.0,1.7901259999999999,0.44164,GBR,THA,030329
11946072,103,216,5094,2013,5159707.0,0.0,-0.216854,1.415728,IDN,THA,030329
11946073,104,216,5094,2013,4894029.0,27272.0,0.215356,2.3916209999999998,IND,THA,030329
11946074,113,216,5094,2013,0.0,30569.0,0.152659,0.5889979999999999,JOR,THA,030329
11946075,114,216,5094,2013,64194.0,7157.0,2.3993130000000003,-0.564768,JPN,THA,030329
11946076,118,216,5094,2013,8943.0,0.0,-1.054758,-0.872352,KHM,THA,030329
11946077,121,216,5094,2013,1251204.0,144163.0,1.818383,0.75645,KOR,THA,030329
11946078,122,216,5094,2013,9142.0,420022.0,-0.536384,-1.08382,KWT,THA,030329
11946079,123,216,5094,2013,0.0,41139.0,-1.204446,-0.8571489999999999,LAO,THA,030329
11946080,128,216,5094,2013,0.0,29218.0,-0.6521779999999999,0.41258599999999995,LKA,THA,030329
11946081,153,216,5094,2013,127340.0,284367.0,0.937641,0.747496,MYS,THA,030329
11946082,163,216,5094,2013,28982.0,0.0,0.892099,0.18168399999999998,NOR,THA,030329
11946083,166,216,5094,2013,22661.0,0.0,0.3345,0.39063000000000003,NZL,THA,030329
11946084,168,216,5094,2013,7775231.0,0.0,-0.75727,0.769703,PAK,THA,030329
11946085,174,216,5094,2013,6584.0,0.0,0.507868,0.355403,PHL,THA,030329
11946086,183,216,5094,2013,0.0,130448.0,-0.083649,-1.013491,QAT,THA,030329
11946087,186,216,5094,2013,1587801.0,0.0,0.481166,-0.180052,RUS,THA,030329
11946088,188,216,5094,2013,0.0,553331.0,0.626347,-0.844406,SAU,THA,030329
11946089,192,216,5094,2013,116455.0,147740.0,1.915504,0.619576,SGP,THA,030329
11946090,231,216,5094,2013,0.0,5715.0,1.6639689999999998,-0.48651300000000003,USA,THA,030329
11946091,239,216,5094,2013,473514.0,0.0,-0.11426900000000001,1.399738,VNM,THA,030329
11946092,13,222,5094,2013,0.0,2619.0,0.096563,-0.60577,ATG,TTO,030329
11946093,39,222,5094,2013,0.0,3279.0,0.719649,1.017046,CAN,TTO,030329
11946094,75,222,5094,2013,17574.0,0.0,-0.5203369999999999,-0.122405,FJI,TTO,030329
11946095,96,222,5094,2013,19440.0,0.0,-0.8555590000000001,-0.9744450000000001,GUY,TTO,030329
11946096,231,222,5094,2013,103394.0,4492.0,1.6639689999999998,-0.48651300000000003,USA,TTO,030329
11946097,16,224,5094,2013,0.0,10989.0,-0.9232870000000001,-1.165928,AZE,TUR,030329
11946098,61,224,5094,2013,0.0,33179.0,2.093658,-3.4281980000000005,DEU,TUR,030329
11946099,104,224,5094,2013,164883.0,0.0,0.215356,2.3916209999999998,IND,TUR,030329
11946100,107,224,5094,2013,16992.0,0.0,-0.339172,-0.237114,IRN,TUR,030329
11946101,110,224,5094,2013,0.0,45304.0,1.197241,0.633828,ISR,TUR,030329
11946102,162,224,5094,2013,0.0,2392.0,1.184107,1.249557,NLD,TUR,030329
11946103,168,224,5094,2013,48302.0,0.0,-0.75727,0.769703,PAK,TUR,030329
11946104,185,224,5094,2013,0.0,113596.0,0.792035,1.225034,ROU,TUR,030329
11946105,186,224,5094,2013,0.0,69107.0,0.481166,-0.180052,RUS,TUR,030329
11946106,207,224,5094,2013,0.0,30868.0,1.698374,0.563082,SVN,TUR,030329
11946107,109,228,5094,2013,117076.0,0.0,0.259374,-0.20413299999999998,ISL,UKR,030329
11946108,186,228,5094,2013,28209.0,0.0,0.481166,-0.180052,RUS,UKR,030329
11946109,0,231,5094,2013,0.0,10375.0,0.913235,-0.149061,ABW,USA,030329
11946110,13,231,5094,2013,0.0,5596.0,0.096563,-0.60577,ATG,USA,030329
11946111,14,231,5094,2013,0.0,32310.0,-0.31145700000000004,-0.167628,AUS,USA,030329
11946112,24,231,5094,2013,0.0,13673.0,0.249681,-0.6204270000000001,BHR,USA,030329
11946113,25,231,5094,2013,0.0,135496.0,0.756732,-0.369842,BHS,USA,030329
11946114,29,231,5094,2013,0.0,1081.0,-0.35218299999999997,-0.508891,BLZ,USA,030329
11946115,30,231,5094,2013,0.0,18876.0,1.087677,-0.452984,BMU,USA,030329
11946116,32,231,5094,2013,0.0,6085.0,0.14765899999999998,0.399262,BRA,USA,030329
11946117,33,231,5094,2013,0.0,6770.0,0.6969489999999999,0.135283,BRB,USA,030329
11946118,39,231,5094,2013,202952.0,33391.0,0.719649,1.017046,CAN,USA,030329
11946119,41,231,5094,2013,0.0,6965.0,2.2104470000000003,0.5403479999999999,CHE,USA,030329
11946120,42,231,5094,2013,69964.0,0.0,-0.260718,-0.38256100000000004,CHL,USA,030329
11946121,43,231,5094,2013,59630.0,107583.0,1.113767,1.477496,CHN,USA,030329
11946122,49,231,5094,2013,66629.0,0.0,0.121799,-0.388239,COL,USA,030329
11946123,52,231,5094,2013,0.0,8371.0,0.067379,-0.688217,CRI,USA,030329
11946124,55,231,5094,2013,0.0,14508.0,0.029981999999999998,-0.673439,CUW,USA,030329
11946125,61,231,5094,2013,0.0,391686.0,2.093658,-3.4281980000000005,DEU,USA,030329
11946126,65,231,5094,2013,0.0,1437204.0,-0.277269,0.432388,DOM,USA,030329
11946127,71,231,5094,2013,0.0,122800.0,0.861698,2.353993,ESP,USA,030329
11946128,72,231,5094,2013,0.0,75101.0,0.8828940000000001,1.386574,EST,USA,030329
11946129,74,231,5094,2013,0.0,1722.0,1.734552,0.8896940000000001,FIN,USA,030329
11946130,75,231,5094,2013,0.0,2203.0,-0.5203369999999999,-0.122405,FJI,USA,030329
11946131,81,231,5094,2013,20940.0,0.0,1.7901259999999999,0.44164,GBR,USA,030329
11946132,82,231,5094,2013,0.0,194092.0,-0.160691,-0.393419,GEO,USA,030329
11946133,93,231,5094,2013,0.0,149074.0,-0.41466499999999995,0.774788,GTM,USA,030329
11946134,96,231,5094,2013,115563.0,0.0,-0.8555590000000001,-0.9744450000000001,GUY,USA,030329
11946135,97,231,5094,2013,0.0,10869.0,0.744383,1.923139,HKG,USA,030329
11946136,99,231,5094,2013,0.0,66252.0,-0.731431,-0.310927,HND,USA,030329
11946137,101,231,5094,2013,0.0,25011.0,-1.095392,-0.957326,HTI,USA,030329
11946138,103,231,5094,2013,926410.0,0.0,-0.216854,1.415728,IDN,USA,030329
11946139,104,231,5094,2013,1310166.0,0.0,0.215356,2.3916209999999998,IND,USA,030329
11946140,106,231,5094,2013,1067.0,0.0,1.29988,0.240688,IRL,USA,030329
11946141,109,231,5094,2013,9405.0,0.0,0.259374,-0.20413299999999998,ISL,USA,030329
11946142,112,231,5094,2013,0.0,3719.0,-0.541441,-0.8448559999999999,JAM,USA,030329
11946143,121,231,5094,2013,0.0,28420.0,1.818383,0.75645,KOR,USA,030329
11946144,122,231,5094,2013,0.0,3782.0,-0.536384,-1.08382,KWT,USA,030329
11946145,127,231,5094,2013,0.0,10679.0,0.265129,-0.5083949999999999,LCA,USA,030329
11946146,138,231,5094,2013,36227.0,139996.0,1.048507,0.718932,MEX,USA,030329
11946147,143,231,5094,2013,4205.0,0.0,-1.230787,-0.737375,MMR,USA,030329
11946148,153,231,5094,2013,0.0,128659.0,0.937641,0.747496,MYS,USA,030329
11946149,160,231,5094,2013,0.0,7635.0,-0.9277,-0.6842630000000001,NIC,USA,030329
11946150,162,231,5094,2013,0.0,3967.0,1.184107,1.249557,NLD,USA,030329
11946151,166,231,5094,2013,0.0,5325.0,0.3345,0.39063000000000003,NZL,USA,030329
11946152,168,231,5094,2013,42911.0,0.0,-0.75727,0.769703,PAK,USA,030329
11946153,174,231,5094,2013,732974.0,490099.0,0.507868,0.355403,PHL,USA,030329
11946154,177,231,5094,2013,0.0,16938.0,1.084332,1.216749,POL,USA,030329
11946155,182,231,5094,2013,0.0,22707.0,-0.146044,-0.7055359999999999,PYF,USA,030329
11946156,183,231,5094,2013,0.0,63185.0,-0.083649,-1.013491,QAT,USA,030329
11946157,188,231,5094,2013,0.0,5072.0,0.626347,-0.844406,SAU,USA,030329
11946158,192,231,5094,2013,0.0,113196.0,1.915504,0.619576,SGP,USA,030329
11946159,197,231,5094,2013,0.0,2937.0,-0.021029,0.381522,SLV,USA,030329
11946160,208,231,5094,2013,0.0,436284.0,1.869421,0.228109,SWE,USA,030329
11946161,216,231,5094,2013,5715.0,0.0,0.8752139999999999,1.3798620000000001,THA,USA,030329
11946162,222,231,5094,2013,4492.0,103394.0,-0.280641,-1.083332,TTO,USA,030329
11946163,239,231,5094,2013,6638.0,12506.0,-0.11426900000000001,1.399738,VNM,USA,030329
11946164,246,231,5094,2013,483154.0,0.0,0.380284,1.5682120000000002,ZAF,USA,030329
11946165,249,231,5094,2013,0.0,743075.0,1.843186,0.9432379999999999,TWN,USA,030329
11946166,124,243,5094,2013,0.0,79251.0,0.283084,1.4289100000000001,LBN,YEM,030329
11946167,128,243,5094,2013,0.0,102909.0,-0.6521779999999999,0.41258599999999995,LKA,YEM,030329
11946168,226,243,5094,2013,0.0,14505.0,-0.9306770000000001,0.273489,TZA,YEM,030329
11946169,2,246,5094,2013,0.0,10333.0,-1.172043,-1.133735,AGO,ZAF,030329
11946170,37,246,5094,2013,0.0,301031.0,-0.46761499999999995,-1.0842040000000002,BWA,ZAF,030329
11946171,46,246,5094,2013,0.0,27603.0,-1.300125,-1.0708010000000001,COD,ZAF,030329
11946172,73,246,5094,2013,0.0,2142.0,-1.264002,-0.9594219999999999,ETH,ZAF,030329
11946173,83,246,5094,2013,0.0,2388.0,-0.7316010000000001,-0.5327689999999999,GHA,ZAF,030329
11946174,87,246,5094,2013,49849.0,0.0,-0.5571550000000001,-0.6860310000000001,GMB,ZAF,030329
11946175,104,246,5094,2013,74417.0,0.0,0.215356,2.3916209999999998,IND,ZAF,030329
11946176,129,246,5094,2013,182405.0,17689.0,-0.7396689999999999,-0.696625,LSO,ZAF,030329
11946177,147,246,5094,2013,857.0,68328.0,-1.326323,-1.050969,MOZ,ZAF,030329
11946178,152,246,5094,2013,0.0,30772.0,-0.8992120000000001,-0.862175,MWI,ZAF,030329
11946179,155,246,5094,2013,361059.0,220918.0,-0.308643,-0.480617,NAM,ZAF,030329
11946180,159,246,5094,2013,0.0,972.0,-1.745783,-1.1356680000000001,NGA,ZAF,030329
11946181,168,246,5094,2013,51532.0,0.0,-0.75727,0.769703,PAK,ZAF,030329
11946182,209,246,5094,2013,0.0,377311.0,0.109267,-0.275005,SWZ,ZAF,030329
11946183,226,246,5094,2013,0.0,15707.0,-0.9306770000000001,0.273489,TZA,ZAF,030329
11946184,231,246,5094,2013,0.0,483154.0,1.6639689999999998,-0.48651300000000003,USA,ZAF,030329
11946185,247,246,5094,2013,0.0,7759.0,-0.382129,-0.5442229999999999,ZMB,ZAF,030329
11946186,248,246,5094,2013,0.0,21086.0,-0.828702,-0.899175,ZWE,ZAF,030329
11946187,7,249,5094,2013,0.0,51752.0,-0.074047,-0.585168,ARE,TWN,030329
11946188,24,249,5094,2013,0.0,13180.0,0.249681,-0.6204270000000001,BHR,TWN,030329
11946189,39,249,5094,2013,384677.0,0.0,0.719649,1.017046,CAN,TWN,030329
11946190,42,249,5094,2013,3410931.0,0.0,-0.260718,-0.38256100000000004,CHL,TWN,030329
11946191,43,249,5094,2013,21470.0,0.0,1.113767,1.477496,CHN,TWN,030329
11946192,75,249,5094,2013,42776.0,0.0,-0.5203369999999999,-0.122405,FJI,TWN,030329
11946193,97,249,5094,2013,285854.0,0.0,0.744383,1.923139,HKG,TWN,030329
11946194,103,249,5094,2013,481724.0,0.0,-0.216854,1.415728,IDN,TWN,030329
11946195,104,249,5094,2013,205076.0,0.0,0.215356,2.3916209999999998,IND,TWN,030329
11946196,114,249,5094,2013,205416.0,0.0,2.3993130000000003,-0.564768,JPN,TWN,030329
11946197,122,249,5094,2013,0.0,2761.0,-0.536384,-1.08382,KWT,TWN,030329
11946198,153,249,5094,2013,0.0,3127.0,0.937641,0.747496,MYS,TWN,030329
11946199,163,249,5094,2013,19502.0,0.0,0.892099,0.18168399999999998,NOR,TWN,030329
11946200,166,249,5094,2013,1258683.0,0.0,0.3345,0.39063000000000003,NZL,TWN,030329
11946201,168,249,5094,2013,128728.0,0.0,-0.75727,0.769703,PAK,TWN,030329
11946202,186,249,5094,2013,29813.0,0.0,0.481166,-0.180052,RUS,TWN,030329
11946203,188,249,5094,2013,0.0,5272110.0,0.626347,-0.844406,SAU,TWN,030329
11946204,231,249,5094,2013,743075.0,0.0,1.6639689999999998,-0.48651300000000003,USA,TWN,030329
11946205,239,249,5094,2013,113784.0,0.0,-0.11426900000000001,1.399738,VNM,TWN,030329
11946206,75,250,5094,2013,0.0,54756.0,-0.5203369999999999,-0.122405,FJI,ANS,030329
11946207,77,250,5094,2013,3792.0,0.0,1.520354,0.022874000000000002,FRA,ANS,030329
11946208,106,250,5094,2013,137229.0,2537.0,1.29988,0.240688,IRL,ANS,030329
11946209,116,250,5094,2013,3017.0,0.0,-0.448112,0.8672719999999999,KEN,ANS,030329
11946210,169,250,5094,2013,4240.0,0.0,0.735637,1.161718,PAN,ANS,030329
11946211,206,250,5094,2013,0.0,10493.0,1.32064,0.7519819999999999,SVK,ANS,030329
11946212,82,9,5094,2013,1437.0,0.0,-0.160691,-0.393419,GEO,ARM,030329
11946213,163,9,5094,2013,17786.0,0.0,0.892099,0.18168399999999998,NOR,ARM,030329
11946214,22,14,5094,2013,30584.0,1311.0,-1.101916,-0.734646,BGD,AUS,030329
11946215,34,14,5094,2013,0.0,260762.0,-0.866827,-0.795995,BRN,AUS,030329
11946216,75,14,5094,2013,2497.0,2943.0,-0.5203369999999999,-0.122405,FJI,AUS,030329
11946217,81,14,5094,2013,46230.0,0.0,1.7901259999999999,0.44164,GBR,AUS,030329
11946218,97,14,5094,2013,0.0,24270.0,0.744383,1.923139,HKG,AUS,030329
11946219,103,14,5094,2013,0.0,7369.0,-0.216854,1.415728,IDN,AUS,030329
11946220,104,14,5094,2013,2818196.0,0.0,0.215356,2.3916209999999998,IND,AUS,030329
11946221,128,14,5094,2013,0.0,1866.0,-0.6521779999999999,0.41258599999999995,LKA,AUS,030329
11946222,137,14,5094,2013,0.0,45958.0,-0.21889699999999998,-0.776392,MDV,AUS,030329
11946223,166,14,5094,2013,155681.0,41694.0,0.3345,0.39063000000000003,NZL,AUS,030329
11946224,174,14,5094,2013,0.0,3714.0,0.507868,0.355403,PHL,AUS,030329
11946225,188,14,5094,2013,0.0,144972.0,0.626347,-0.844406,SAU,AUS,030329
11946226,216,14,5094,2013,46847.0,0.0,0.8752139999999999,1.3798620000000001,THA,AUS,030329
11946227,231,14,5094,2013,32310.0,0.0,1.6639689999999998,-0.48651300000000003,USA,AUS,030329
11946228,39,16,5094,2013,19330.0,0.0,0.719649,1.017046,CAN,AZE,030329
11946229,42,16,5094,2013,6690.0,0.0,-0.260718,-0.38256100000000004,CHL,AZE,030329
11946230,43,16,5094,2013,22317.0,0.0,1.113767,1.477496,CHN,AZE,030329
11946231,64,16,5094,2013,11008.0,0.0,1.161835,1.1788450000000001,DNK,AZE,030329
11946232,107,16,5094,2013,161150.0,0.0,-0.339172,-0.237114,IRN,AZE,030329
11946233,115,16,5094,2013,0.0,8910.0,-0.680678,-0.83347,KAZ,AZE,030329
11946234,138,16,5094,2013,8725.0,0.0,1.048507,0.718932,MEX,AZE,030329
11946235,224,16,5094,2013,10989.0,0.0,0.42932299999999995,2.690235,TUR,AZE,030329
11946236,7,22,5094,2013,1493.0,241057.0,-0.074047,-0.585168,ARE,BGD,030329
11946237,14,22,5094,2013,1311.0,30584.0,-0.31145700000000004,-0.167628,AUS,BGD,030329
11946238,114,22,5094,2013,0.0,7699.0,2.3993130000000003,-0.564768,JPN,BGD,030329
11946239,121,22,5094,2013,0.0,16412.0,1.818383,0.75645,KOR,BGD,030329
11946240,168,22,5094,2013,606058.0,0.0,-0.75727,0.769703,PAK,BGD,030329
11946241,188,22,5094,2013,33100.0,1643977.0,0.626347,-0.844406,SAU,BGD,030329
11946242,43,24,5094,2013,11104.0,0.0,1.113767,1.477496,CHN,BHR,030329
11946243,81,24,5094,2013,76283.0,0.0,1.7901259999999999,0.44164,GBR,BHR,030329
11946244,103,24,5094,2013,11013.0,0.0,-0.216854,1.415728,IDN,BHR,030329
11946245,114,24,5094,2013,1862.0,0.0,2.3993130000000003,-0.564768,JPN,BHR,030329
11946246,143,24,5094,2013,23746.0,0.0,-1.230787,-0.737375,MMR,BHR,030329
11946247,163,24,5094,2013,28864.0,0.0,0.892099,0.18168399999999998,NOR,BHR,030329
11946248,166,24,5094,2013,2833.0,0.0,0.3345,0.39063000000000003,NZL,BHR,030329
11946249,168,24,5094,2013,108976.0,0.0,-0.75727,0.769703,PAK,BHR,030329
11946250,174,24,5094,2013,5344.0,0.0,0.507868,0.355403,PHL,BHR,030329
11946251,188,24,5094,2013,5600.0,53178.0,0.626347,-0.844406,SAU,BHR,030329
11946252,216,24,5094,2013,324118.0,0.0,0.8752139999999999,1.3798620000000001,THA,BHR,030329
11946253,231,24,5094,2013,13673.0,0.0,1.6639689999999998,-0.48651300000000003,USA,BHR,030329
11946254,249,24,5094,2013,13180.0,0.0,1.843186,0.9432379999999999,TWN,BHR,030329
11946255,39,28,5094,2013,4596.0,0.0,0.719649,1.017046,CAN,BLR,030329
11946256,186,28,5094,2013,893329.0,1302445.0,0.481166,-0.180052,RUS,BLR,030329
11946257,7,68,5094,2013,1869.0,0.0,-0.074047,-0.585168,ARE,EGY,030329
11946258,104,68,5094,2013,19932.0,0.0,0.215356,2.3916209999999998,IND,EGY,030329
11946259,124,68,5094,2013,0.0,24701.0,0.283084,1.4289100000000001,LBN,EGY,030329
11946260,126,68,5094,2013,0.0,12049.0,-1.6241459999999999,-1.1817950000000002,LBY,EGY,030329
11946261,163,68,5094,2013,318027.0,0.0,0.892099,0.18168399999999998,NOR,EGY,030329
11946262,167,68,5094,2013,6166.0,0.0,-0.604175,-1.0463209999999998,OMN,EGY,030329
11946263,168,68,5094,2013,148694.0,0.0,-0.75727,0.769703,PAK,EGY,030329
11946264,188,68,5094,2013,35896.0,49478.0,0.626347,-0.844406,SAU,EGY,030329
11946265,190,68,5094,2013,0.0,81348.0,-1.254944,-1.073564,SDN,EGY,030329
11946266,239,68,5094,2013,34533.0,0.0,-0.11426900000000001,1.399738,VNM,EGY,030329
11946267,9,82,5094,2013,0.0,1437.0,-0.076922,-0.5781390000000001,ARM,GEO,030329
11946268,32,82,5094,2013,1873.0,0.0,0.14765899999999998,0.399262,BRA,GEO,030329
11946269,39,82,5094,2013,59683.0,0.0,0.719649,1.017046,CAN,GEO,030329
11946270,64,82,5094,2013,9680.0,0.0,1.161835,1.1788450000000001,DNK,GEO,030329
11946271,71,82,5094,2013,30604.0,0.0,0.861698,2.353993,ESP,GEO,030329
11946272,81,82,5094,2013,40980.0,0.0,1.7901259999999999,0.44164,GBR,GEO,030329
11946273,162,82,5094,2013,13362.0,0.0,1.184107,1.249557,NLD,GEO,030329
11946274,179,82,5094,2013,42341.0,0.0,0.541454,2.5228610000000002,PRT,GEO,030329
11946275,231,82,5094,2013,194092.0,0.0,1.6639689999999998,-0.48651300000000003,USA,GEO,030329
11946276,61,100,5094,2013,22243.0,0.0,2.093658,-3.4281980000000005,DEU,HRV,030329
11946277,111,100,5094,2013,12258.0,0.0,1.289924,0.533436,ITA,HRV,030329
11946278,144,100,5094,2013,0.0,21788.0,-0.054454999999999996,-0.164875,MNE,HRV,030329
11946279,41,106,5094,2013,0.0,80116.0,2.2104470000000003,0.5403479999999999,CHE,IRL,030329
11946280,61,106,5094,2013,0.0,63868.0,2.093658,-3.4281980000000005,DEU,IRL,030329
11946281,71,106,5094,2013,0.0,10768.0,0.861698,2.353993,ESP,IRL,030329
11946282,77,106,5094,2013,0.0,9002.0,1.520354,0.022874000000000002,FRA,IRL,030329
11946283,81,106,5094,2013,517683.0,22730.0,1.7901259999999999,0.44164,GBR,IRL,030329
11946284,97,106,5094,2013,0.0,869.0,0.744383,1.923139,HKG,IRL,030329
11946285,111,106,5094,2013,0.0,4626.0,1.289924,0.533436,ITA,IRL,030329
11946286,142,106,5094,2013,0.0,6637.0,0.8519760000000001,-0.075869,MLT,IRL,030329
11946287,177,106,5094,2013,19553.0,154182.0,1.084332,1.216749,POL,IRL,030329
11946288,182,106,5094,2013,0.0,95.0,-0.146044,-0.7055359999999999,PYF,IRL,030329
11946289,231,106,5094,2013,0.0,1067.0,1.6639689999999998,-0.48651300000000003,USA,IRL,030329
11946290,250,106,5094,2013,2537.0,137229.0,0.628555,0.277602,ANS,IRL,030329
11946291,16,107,5094,2013,0.0,161150.0,-0.9232870000000001,-1.165928,AZE,IRN,030329
11946292,104,107,5094,2013,578029.0,0.0,0.215356,2.3916209999999998,IND,IRN,030329
11946293,108,107,5094,2013,0.0,653096.0,-2.839079,-0.8705440000000001,IRQ,IRN,030329
11946294,219,107,5094,2013,0.0,311792.0,-1.6186770000000001,-1.2210969999999999,TKM,IRN,030329
11946295,224,107,5094,2013,0.0,16992.0,0.42932299999999995,2.690235,TUR,IRN,030329
11946296,239,107,5094,2013,0.0,23595.0,-0.11426900000000001,1.399738,VNM,IRN,030329
11946297,7,114,5094,2013,200858.0,3077.0,-0.074047,-0.585168,ARE,JPN,030329
11946298,22,114,5094,2013,7699.0,0.0,-1.101916,-0.734646,BGD,JPN,030329
11946299,24,114,5094,2013,0.0,1862.0,0.249681,-0.6204270000000001,BHR,JPN,030329
11946300,42,114,5094,2013,105195.0,0.0,-0.260718,-0.38256100000000004,CHL,JPN,030329
11946301,43,114,5094,2013,4981454.0,529998.0,1.113767,1.477496,CHN,JPN,030329
11946302,75,114,5094,2013,7026.0,0.0,-0.5203369999999999,-0.122405,FJI,JPN,030329
11946303,97,114,5094,2013,0.0,145438.0,0.744383,1.923139,HKG,JPN,030329
11946304,103,114,5094,2013,951688.0,0.0,-0.216854,1.415728,IDN,JPN,030329
11946305,104,114,5094,2013,642502.0,0.0,0.215356,2.3916209999999998,IND,JPN,030329
11946306,121,114,5094,2013,122540.0,0.0,1.818383,0.75645,KOR,JPN,030329
11946307,122,114,5094,2013,0.0,23710.0,-0.536384,-1.08382,KWT,JPN,030329
11946308,153,114,5094,2013,0.0,73969.0,0.937641,0.747496,MYS,JPN,030329
11946309,168,114,5094,2013,1118999.0,6896.0,-0.75727,0.769703,PAK,JPN,030329
11946310,188,114,5094,2013,0.0,36837.0,0.626347,-0.844406,SAU,JPN,030329
11946311,192,114,5094,2013,0.0,292403.0,1.915504,0.619576,SGP,JPN,030329
11946312,216,114,5094,2013,7157.0,64194.0,0.8752139999999999,1.3798620000000001,THA,JPN,030329
11946313,239,114,5094,2013,9688737.0,4531636.0,-0.11426900000000001,1.399738,VNM,JPN,030329
11946314,249,114,5094,2013,0.0,205416.0,1.843186,0.9432379999999999,TWN,JPN,030329
11946315,7,115,5094,2013,5482.0,0.0,-0.074047,-0.585168,ARE,KAZ,030329
11946316,16,115,5094,2013,8910.0,0.0,-0.9232870000000001,-1.165928,AZE,KAZ,030329
11946317,163,115,5094,2013,33135.0,0.0,0.892099,0.18168399999999998,NOR,KAZ,030329
11946318,186,115,5094,2013,509657.0,19435.0,0.481166,-0.180052,RUS,KAZ,030329
11946319,7,116,5094,2013,0.0,67466.0,-0.074047,-0.585168,ARE,KEN,030329
11946320,81,116,5094,2013,3477.0,0.0,1.7901259999999999,0.44164,GBR,KEN,030329
11946321,104,116,5094,2013,90176.0,0.0,0.215356,2.3916209999999998,IND,KEN,030329
11946322,187,116,5094,2013,0.0,1043.0,-0.490519,-0.48427700000000007,RWA,KEN,030329
11946323,250,116,5094,2013,0.0,3017.0,0.628555,0.277602,ANS,KEN,030329
11946324,163,117,5094,2013,28966.0,0.0,0.892099,0.18168399999999998,NOR,KGZ,030329
11946325,186,117,5094,2013,258398.0,0.0,0.481166,-0.180052,RUS,KGZ,030329
11946326,77,118,5094,2013,5012.0,0.0,1.520354,0.022874000000000002,FRA,KHM,030329
11946327,192,118,5094,2013,3097.0,0.0,1.915504,0.619576,SGP,KHM,030329
11946328,216,118,5094,2013,0.0,8943.0,0.8752139999999999,1.3798620000000001,THA,KHM,030329
11946329,68,124,5094,2013,24701.0,0.0,-0.17418,1.692641,EGY,LBN,030329
11946330,71,124,5094,2013,3649.0,0.0,0.861698,2.353993,ESP,LBN,030329
11946331,77,124,5094,2013,1248.0,0.0,1.520354,0.022874000000000002,FRA,LBN,030329
11946332,148,124,5094,2013,13281.0,0.0,-1.950532,-1.283104,MRT,LBN,030329
11946333,168,124,5094,2013,23691.0,0.0,-0.75727,0.769703,PAK,LBN,030329
11946334,243,124,5094,2013,79251.0,0.0,-1.252605,-1.207324,YEM,LBN,030329
11946335,14,128,5094,2013,1866.0,0.0,-0.31145700000000004,-0.167628,AUS,LKA,030329
11946336,81,128,5094,2013,0.0,85804.0,1.7901259999999999,0.44164,GBR,LKA,030329
11946337,104,128,5094,2013,379434.0,0.0,0.215356,2.3916209999999998,IND,LKA,030329
11946338,121,128,5094,2013,0.0,11477.0,1.818383,0.75645,KOR,LKA,030329
11946339,137,128,5094,2013,0.0,801.0,-0.21889699999999998,-0.776392,MDV,LKA,030329
11946340,138,128,5094,2013,70307.0,0.0,1.048507,0.718932,MEX,LKA,030329
11946341,163,128,5094,2013,26001.0,0.0,0.892099,0.18168399999999998,NOR,LKA,030329
11946342,166,128,5094,2013,240994.0,0.0,0.3345,0.39063000000000003,NZL,LKA,030329
11946343,167,128,5094,2013,102398.0,0.0,-0.604175,-1.0463209999999998,OMN,LKA,030329
11946344,168,128,5094,2013,47647.0,0.0,-0.75727,0.769703,PAK,LKA,030329
11946345,169,128,5094,2013,115960.0,0.0,0.735637,1.161718,PAN,LKA,030329
11946346,188,128,5094,2013,42354.0,0.0,0.626347,-0.844406,SAU,LKA,030329
11946347,192,128,5094,2013,25691.0,0.0,1.915504,0.619576,SGP,LKA,030329
11946348,216,128,5094,2013,29218.0,0.0,0.8752139999999999,1.3798620000000001,THA,LKA,030329
11946349,239,128,5094,2013,13099.0,0.0,-0.11426900000000001,1.399738,VNM,LKA,030329
11946350,243,128,5094,2013,102909.0,0.0,-1.252605,-1.207324,YEM,LKA,030329
11946351,72,130,5094,2013,21937.0,1815.0,0.8828940000000001,1.386574,EST,LTU,030329
11946352,81,130,5094,2013,0.0,9982.0,1.7901259999999999,0.44164,GBR,LTU,030329
11946353,132,130,5094,2013,2398.0,27457.0,0.6219439999999999,1.166749,LVA,LTU,030329
11946354,162,130,5094,2013,21685.0,0.0,1.184107,1.249557,NLD,LTU,030329
11946355,177,130,5094,2013,21984.0,0.0,1.084332,1.216749,POL,LTU,030329
11946356,206,130,5094,2013,0.0,1762.0,1.32064,0.7519819999999999,SVK,LTU,030329
11946357,18,131,5094,2013,18451.0,0.0,1.316207,0.972601,BEL,LUX,030329
11946358,61,131,5094,2013,13551.0,0.0,2.093658,-3.4281980000000005,DEU,LUX,030329
11946359,77,131,5094,2013,5095.0,0.0,1.520354,0.022874000000000002,FRA,LUX,030329
11946360,39,132,5094,2013,3748.0,0.0,0.719649,1.017046,CAN,LVA,030329
11946361,64,132,5094,2013,60063.0,9863.0,1.161835,1.1788450000000001,DNK,LVA,030329
11946362,72,132,5094,2013,69249.0,86538.0,0.8828940000000001,1.386574,EST,LVA,030329
11946363,74,132,5094,2013,437765.0,0.0,1.734552,0.8896940000000001,FIN,LVA,030329
11946364,90,132,5094,2013,12901.0,0.0,0.18823800000000002,0.910906,GRC,LVA,030329
11946365,130,132,5094,2013,27457.0,2398.0,0.737796,1.215543,LTU,LVA,030329
11946366,177,132,5094,2013,0.0,357138.0,1.084332,1.216749,POL,LVA,030329
11946367,64,135,5094,2013,2544.0,0.0,1.161835,1.1788450000000001,DNK,MDA,030329
11946368,81,135,5094,2013,32742.0,0.0,1.7901259999999999,0.44164,GBR,MDA,030329
11946369,185,135,5094,2013,26001.0,0.0,0.792035,1.225034,ROU,MDA,030329
11946370,4,140,5094,2013,1691.0,0.0,-0.53682,-0.162391,ALB,MKD,030329
11946371,64,140,5094,2013,981.0,0.0,1.161835,1.1788450000000001,DNK,MKD,030329
11946372,226,140,5094,2013,1399.0,0.0,-0.9306770000000001,0.273489,TZA,MKD,030329
11946373,239,140,5094,2013,2866.0,0.0,-0.11426900000000001,1.399738,VNM,MKD,030329
11946374,104,147,5094,2013,38536.0,0.0,0.215356,2.3916209999999998,IND,MOZ,030329
11946375,179,147,5094,2013,17744.0,0.0,0.541454,2.5228610000000002,PRT,MOZ,030329
11946376,226,147,5094,2013,0.0,19335.0,-0.9306770000000001,0.273489,TZA,MOZ,030329
11946377,246,147,5094,2013,68328.0,857.0,0.380284,1.5682120000000002,ZAF,MOZ,030329
11946378,248,147,5094,2013,0.0,8318.0,-0.828702,-0.899175,ZWE,MOZ,030329
11946379,124,148,5094,2013,0.0,13281.0,0.283084,1.4289100000000001,LBN,MRT,030329
11946380,166,148,5094,2013,16345.0,0.0,0.3345,0.39063000000000003,NZL,MRT,030329
11946381,18,159,5094,2013,7659.0,0.0,1.316207,0.972601,BEL,NGA,030329
11946382,64,159,5094,2013,2136.0,0.0,1.161835,1.1788450000000001,DNK,NGA,030329
11946383,81,159,5094,2013,9816.0,0.0,1.7901259999999999,0.44164,GBR,NGA,030329
11946384,162,159,5094,2013,5701.0,0.0,1.184107,1.249557,NLD,NGA,030329
11946385,246,159,5094,2013,972.0,0.0,0.380284,1.5682120000000002,ZAF,NGA,030329
11946386,7,167,5094,2013,79278.0,0.0,-0.074047,-0.585168,ARE,OMN,030329
11946387,68,167,5094,2013,0.0,6166.0,-0.17418,1.692641,EGY,OMN,030329
11946388,104,167,5094,2013,522511.0,0.0,0.215356,2.3916209999999998,IND,OMN,030329
11946389,128,167,5094,2013,0.0,102398.0,-0.6521779999999999,0.41258599999999995,LKA,OMN,030329
11946390,163,167,5094,2013,20548.0,0.0,0.892099,0.18168399999999998,NOR,OMN,030329
11946391,192,167,5094,2013,30707.0,0.0,1.915504,0.619576,SGP,OMN,030329
11946392,1,168,5094,2013,0.0,45174.0,-0.985727,-0.7164550000000001,AFG,PAK,030329
11946393,7,168,5094,2013,0.0,785962.0,-0.074047,-0.585168,ARE,PAK,030329
11946394,22,168,5094,2013,0.0,606058.0,-1.101916,-0.734646,BGD,PAK,030329
11946395,24,168,5094,2013,0.0,108976.0,0.249681,-0.6204270000000001,BHR,PAK,030329
11946396,34,168,5094,2013,0.0,40688.0,-0.866827,-0.795995,BRN,PAK,030329
11946397,43,168,5094,2013,0.0,1967273.0,1.113767,1.477496,CHN,PAK,030329
11946398,68,168,5094,2013,0.0,148694.0,-0.17418,1.692641,EGY,PAK,030329
11946399,81,168,5094,2013,0.0,42225.0,1.7901259999999999,0.44164,GBR,PAK,030329
11946400,83,168,5094,2013,0.0,23801.0,-0.7316010000000001,-0.5327689999999999,GHA,PAK,030329
11946401,97,168,5094,2013,0.0,45764.0,0.744383,1.923139,HKG,PAK,030329
11946402,103,168,5094,2013,0.0,1076978.0,-0.216854,1.415728,IDN,PAK,030329
11946403,114,168,5094,2013,6896.0,1118999.0,2.3993130000000003,-0.564768,JPN,PAK,030329
11946404,121,168,5094,2013,0.0,1640569.0,1.818383,0.75645,KOR,PAK,030329
11946405,122,168,5094,2013,0.0,402753.0,-0.536384,-1.08382,KWT,PAK,030329
11946406,124,168,5094,2013,0.0,23691.0,0.283084,1.4289100000000001,LBN,PAK,030329
11946407,128,168,5094,2013,0.0,47647.0,-0.6521779999999999,0.41258599999999995,LKA,PAK,030329
11946408,151,168,5094,2013,0.0,8445.0,-0.158852,0.0061600000000000005,MUS,PAK,030329
11946409,153,168,5094,2013,0.0,363615.0,0.937641,0.747496,MYS,PAK,030329
11946410,183,168,5094,2013,0.0,38740.0,-0.083649,-1.013491,QAT,PAK,030329
11946411,188,168,5094,2013,0.0,976775.0,0.626347,-0.844406,SAU,PAK,030329
11946412,192,168,5094,2013,0.0,32295.0,1.915504,0.619576,SGP,PAK,030329
11946413,216,168,5094,2013,0.0,7775231.0,0.8752139999999999,1.3798620000000001,THA,PAK,030329
11946414,224,168,5094,2013,0.0,48302.0,0.42932299999999995,2.690235,TUR,PAK,030329
11946415,231,168,5094,2013,0.0,42911.0,1.6639689999999998,-0.48651300000000003,USA,PAK,030329
11946416,239,168,5094,2013,0.0,11229394.0,-0.11426900000000001,1.399738,VNM,PAK,030329
11946417,246,168,5094,2013,0.0,51532.0,0.380284,1.5682120000000002,ZAF,PAK,030329
11946418,249,168,5094,2013,0.0,128728.0,1.843186,0.9432379999999999,TWN,PAK,030329
11946419,102,185,5094,2013,1169.0,0.0,1.506101,0.7279220000000001,HUN,ROU,030329
11946420,111,185,5094,2013,7438.0,0.0,1.289924,0.533436,ITA,ROU,030329
11946421,135,185,5094,2013,0.0,26001.0,-0.016235,0.132104,MDA,ROU,030329
11946422,206,185,5094,2013,0.0,2354.0,1.32064,0.7519819999999999,SVK,ROU,030329
11946423,224,185,5094,2013,113596.0,0.0,0.42932299999999995,2.690235,TUR,ROU,030329
11946424,28,186,5094,2013,1302445.0,893329.0,1.036923,0.864568,BLR,RUS,030329
11946425,39,186,5094,2013,3554881.0,17212.0,0.719649,1.017046,CAN,RUS,030329
11946426,43,186,5094,2013,0.0,390343.0,1.113767,1.477496,CHN,RUS,030329
11946427,115,186,5094,2013,19435.0,509657.0,-0.680678,-0.83347,KAZ,RUS,030329
11946428,117,186,5094,2013,0.0,258398.0,-0.1035,0.339914,KGZ,RUS,030329
11946429,188,186,5094,2013,121777.0,0.0,0.626347,-0.844406,SAU,RUS,030329
11946430,216,186,5094,2013,0.0,1587801.0,0.8752139999999999,1.3798620000000001,THA,RUS,030329
11946431,217,186,5094,2013,0.0,36998.0,-1.2512889999999999,-1.16402,TJK,RUS,030329
11946432,224,186,5094,2013,69107.0,0.0,0.42932299999999995,2.690235,TUR,RUS,030329
11946433,228,186,5094,2013,0.0,28209.0,0.657729,0.9063200000000001,UKR,RUS,030329
11946434,232,186,5094,2013,0.0,10052.0,-0.748212,-0.567268,UZB,RUS,030329
11946435,249,186,5094,2013,0.0,29813.0,1.843186,0.9432379999999999,TWN,RUS,030329
11946436,21,191,5094,2013,0.0,2367.0,-0.9110360000000001,-0.852492,BFA,SEN,030329
11946437,71,191,5094,2013,0.0,2411.0,0.861698,2.353993,ESP,SEN,030329
11946438,157,191,5094,2013,0.0,27304.0,-1.268738,-0.942256,NER,SEN,030329
11946439,111,207,5094,2013,5211.0,0.0,1.289924,0.533436,ITA,SVN,030329
11946440,162,207,5094,2013,12239.0,0.0,1.184107,1.249557,NLD,SVN,030329
11946441,163,207,5094,2013,2082.0,0.0,0.892099,0.18168399999999998,NOR,SVN,030329
11946442,224,207,5094,2013,30868.0,0.0,0.42932299999999995,2.690235,TUR,SVN,030329
11946443,7,239,5094,2013,0.0,159131.0,-0.074047,-0.585168,ARE,VNM,030329
11946444,18,239,5094,2013,0.0,85362.0,1.316207,0.972601,BEL,VNM,030329
11946445,34,239,5094,2013,49506.0,0.0,-0.866827,-0.795995,BRN,VNM,030329
11946446,42,239,5094,2013,7487968.0,0.0,-0.260718,-0.38256100000000004,CHL,VNM,030329
11946447,61,239,5094,2013,0.0,22853.0,2.093658,-3.4281980000000005,DEU,VNM,030329
11946448,64,239,5094,2013,649583.0,0.0,1.161835,1.1788450000000001,DNK,VNM,030329
11946449,65,239,5094,2013,0.0,2123.0,-0.277269,0.432388,DOM,VNM,030329
11946450,66,239,5094,2013,0.0,637928.0,-1.373947,-1.1523459999999999,DZA,VNM,030329
11946451,67,239,5094,2013,152989.0,0.0,-0.86546,-0.8888389999999999,ECU,VNM,030329
11946452,68,239,5094,2013,0.0,34533.0,-0.17418,1.692641,EGY,VNM,030329
11946453,77,239,5094,2013,82124.0,0.0,1.520354,0.022874000000000002,FRA,VNM,030329
11946454,81,239,5094,2013,474328.0,21950.0,1.7901259999999999,0.44164,GBR,VNM,030329
11946455,87,239,5094,2013,19682.0,0.0,-0.5571550000000001,-0.6860310000000001,GMB,VNM,030329
11946456,103,239,5094,2013,960019.0,0.0,-0.216854,1.415728,IDN,VNM,030329
11946457,104,239,5094,2013,22303592.0,0.0,0.215356,2.3916209999999998,IND,VNM,030329
11946458,107,239,5094,2013,23595.0,0.0,-0.339172,-0.237114,IRN,VNM,030329
11946459,114,239,5094,2013,4531636.0,9688737.0,2.3993130000000003,-0.564768,JPN,VNM,030329
11946460,128,239,5094,2013,0.0,13099.0,-0.6521779999999999,0.41258599999999995,LKA,VNM,030329
11946461,140,239,5094,2013,0.0,2866.0,-0.10859400000000001,0.155229,MKD,VNM,030329
11946462,162,239,5094,2013,0.0,14858.0,1.184107,1.249557,NLD,VNM,030329
11946463,163,239,5094,2013,392785.0,0.0,0.892099,0.18168399999999998,NOR,VNM,030329
11946464,168,239,5094,2013,11229394.0,0.0,-0.75727,0.769703,PAK,VNM,030329
11946465,174,239,5094,2013,0.0,470903.0,0.507868,0.355403,PHL,VNM,030329
11946466,183,239,5094,2013,0.0,13786.0,-0.083649,-1.013491,QAT,VNM,030329
11946467,188,239,5094,2013,0.0,3435706.0,0.626347,-0.844406,SAU,VNM,030329
11946468,192,239,5094,2013,0.0,19358.0,1.915504,0.619576,SGP,VNM,030329
11946469,216,239,5094,2013,0.0,473514.0,0.8752139999999999,1.3798620000000001,THA,VNM,030329
11946470,231,239,5094,2013,12506.0,6638.0,1.6639689999999998,-0.48651300000000003,USA,VNM,030329
11946471,249,239,5094,2013,0.0,113784.0,1.843186,0.9432379999999999,TWN,VNM,030329
11946472,81,248,5094,2013,5616.0,0.0,1.7901259999999999,0.44164,GBR,ZWE,030329
11946473,147,248,5094,2013,8318.0,0.0,-1.326323,-1.050969,MOZ,ZWE,030329
11946474,152,248,5094,2013,0.0,812.0,-0.8992120000000001,-0.862175,MWI,ZWE,030329
11946475,246,248,5094,2013,21086.0,0.0,0.380284,1.5682120000000002,ZAF,ZWE,030329
11946476,111,4,5094,2013,0.0,60883.0,1.289924,0.533436,ITA,ALB,030329
11946477,140,4,5094,2013,0.0,1691.0,-0.10859400000000001,0.155229,MKD,ALB,030329
11946478,141,21,5094,2013,0.0,12155.0,-1.183671,-1.069504,MLI,BFA,030329
11946479,157,21,5094,2013,0.0,483252.0,-1.268738,-0.942256,NER,BFA,030329
11946480,191,21,5094,2013,2367.0,0.0,-0.523662,-0.309101,SEN,BFA,030329
11946481,231,29,5094,2013,1081.0,0.0,1.6639689999999998,-0.48651300000000003,USA,BLZ,030329
11946482,231,30,5094,2013,18876.0,0.0,1.6639689999999998,-0.48651300000000003,USA,BMU,030329
11946483,14,34,5094,2013,260762.0,0.0,-0.31145700000000004,-0.167628,AUS,BRN,030329
11946484,43,34,5094,2013,0.0,19450.0,1.113767,1.477496,CHN,BRN,030329
11946485,97,34,5094,2013,128852.0,5911.0,0.744383,1.923139,HKG,BRN,030329
11946486,153,34,5094,2013,59399.0,4564.0,0.937641,0.747496,MYS,BRN,030329
11946487,163,34,5094,2013,233376.0,0.0,0.892099,0.18168399999999998,NOR,BRN,030329
11946488,168,34,5094,2013,40688.0,0.0,-0.75727,0.769703,PAK,BRN,030329
11946489,192,34,5094,2013,654479.0,0.0,1.915504,0.619576,SGP,BRN,030329
11946490,239,34,5094,2013,0.0,49506.0,-0.11426900000000001,1.399738,VNM,BRN,030329
11946491,246,37,5094,2013,301031.0,0.0,0.380284,1.5682120000000002,ZAF,BWA,030329
11946492,7,44,5094,2013,14178.0,0.0,-0.074047,-0.585168,ARE,CIV,030329
11946493,77,44,5094,2013,99919.0,0.0,1.520354,0.022874000000000002,FRA,CIV,030329
11946494,85,44,5094,2013,1073076.0,0.0,-1.1287459999999998,-1.069735,GIN,CIV,030329
11946495,18,45,5094,2013,1114.0,0.0,1.316207,0.972601,BEL,CMR,030329
11946496,43,45,5094,2013,1063.0,0.0,1.113767,1.477496,CHN,CMR,030329
11946497,77,45,5094,2013,4807.0,0.0,1.520354,0.022874000000000002,FRA,CMR,030329
11946498,104,45,5094,2013,37783.0,0.0,0.215356,2.3916209999999998,IND,CMR,030329
11946499,163,45,5094,2013,3386.0,0.0,0.892099,0.18168399999999998,NOR,CMR,030329
11946500,246,46,5094,2013,27603.0,0.0,0.380284,1.5682120000000002,ZAF,COD,030329
11946501,111,47,5094,2013,16220.0,0.0,1.289924,0.533436,ITA,COG,030329
11946502,179,51,5094,2013,2723.0,0.0,0.541454,2.5228610000000002,PRT,CPV,030329
11946503,90,58,5094,2013,19618.0,15887.0,0.18823800000000002,0.910906,GRC,CYP,030329
11946504,104,58,5094,2013,7677.0,0.0,0.215356,2.3916209999999998,IND,CYP,030329
11946505,177,58,5094,2013,218637.0,0.0,1.084332,1.216749,POL,CYP,030329
11946506,8,66,5094,2013,446090.0,0.0,0.20314300000000002,0.494062,ARG,DZA,030329
11946507,43,66,5094,2013,347564.0,0.0,1.113767,1.477496,CHN,DZA,030329
11946508,104,66,5094,2013,376680.0,0.0,0.215356,2.3916209999999998,IND,DZA,030329
11946509,239,66,5094,2013,637928.0,0.0,-0.11426900000000001,1.399738,VNM,DZA,030329
11946510,246,73,5094,2013,2142.0,0.0,0.380284,1.5682120000000002,ZAF,ETH,030329
11946511,18,83,5094,2013,1330.0,0.0,1.316207,0.972601,BEL,GHA,030329
11946512,85,83,5094,2013,1225.0,0.0,-1.1287459999999998,-1.069735,GIN,GHA,030329
11946513,104,83,5094,2013,108464.0,0.0,0.215356,2.3916209999999998,IND,GHA,030329
11946514,168,83,5094,2013,23801.0,0.0,-0.75727,0.769703,PAK,GHA,030329
11946515,246,83,5094,2013,2388.0,0.0,0.380284,1.5682120000000002,ZAF,GHA,030329
11946516,71,84,5094,2013,4578.0,0.0,0.861698,2.353993,ESP,GIB,030329
11946517,18,85,5094,2013,6187.0,0.0,1.316207,0.972601,BEL,GIN,030329
11946518,44,85,5094,2013,0.0,1073076.0,-0.923558,-0.866642,CIV,GIN,030329
11946519,83,85,5094,2013,0.0,1225.0,-0.7316010000000001,-0.5327689999999999,GHA,GIN,030329
11946520,87,85,5094,2013,0.0,1902.0,-0.5571550000000001,-0.6860310000000001,GMB,GIN,030329
11946521,121,85,5094,2013,0.0,393092.0,1.818383,0.75645,KOR,GIN,030329
11946522,231,99,5094,2013,66252.0,0.0,1.6639689999999998,-0.48651300000000003,USA,HND,030329
11946523,107,108,5094,2013,653096.0,0.0,-0.339172,-0.237114,IRN,IRQ,030329
11946524,39,109,5094,2013,0.0,2415.0,0.719649,1.017046,CAN,ISL,030329
11946525,61,109,5094,2013,0.0,39672.0,2.093658,-3.4281980000000005,DEU,ISL,030329
11946526,228,109,5094,2013,0.0,117076.0,0.657729,0.9063200000000001,UKR,ISL,030329
11946527,231,109,5094,2013,0.0,9405.0,1.6639689999999998,-0.48651300000000003,USA,ISL,030329
11946528,19,134,5094,2013,0.0,11282.0,-0.919968,-0.90691,BEN,MAR,030329
11946529,71,134,5094,2013,2662.0,10382.0,0.861698,2.353993,ESP,MAR,030329
11946530,188,134,5094,2013,0.0,120047.0,0.626347,-0.844406,SAU,MAR,030329
11946531,43,136,5094,2013,0.0,20344.0,1.113767,1.477496,CHN,MDG,030329
11946532,77,136,5094,2013,0.0,7874.0,1.520354,0.022874000000000002,FRA,MDG,030329
11946533,151,136,5094,2013,0.0,8913.0,-0.158852,0.0061600000000000005,MUS,MDG,030329
11946534,81,142,5094,2013,2092.0,0.0,1.7901259999999999,0.44164,GBR,MLT,030329
11946535,104,142,5094,2013,11409.0,0.0,0.215356,2.3916209999999998,IND,MLT,030329
11946536,106,142,5094,2013,6637.0,0.0,1.29988,0.240688,IRL,MLT,030329
11946537,111,142,5094,2013,12679.0,0.0,1.289924,0.533436,ITA,MLT,030329
11946538,7,143,5094,2013,0.0,1889934.0,-0.074047,-0.585168,ARE,MMR,030329
11946539,18,143,5094,2013,1982.0,0.0,1.316207,0.972601,BEL,MMR,030329
11946540,24,143,5094,2013,0.0,23746.0,0.249681,-0.6204270000000001,BHR,MMR,030329
11946541,153,143,5094,2013,15741.0,0.0,0.937641,0.747496,MYS,MMR,030329
11946542,188,143,5094,2013,1821.0,6341198.0,0.626347,-0.844406,SAU,MMR,030329
11946543,192,143,5094,2013,5103.0,0.0,1.915504,0.619576,SGP,MMR,030329
11946544,231,143,5094,2013,0.0,4205.0,1.6639689999999998,-0.48651300000000003,USA,MMR,030329
11946545,43,145,5094,2013,0.0,24759.0,1.113767,1.477496,CHN,MNG,030329
11946546,121,145,5094,2013,72705.0,0.0,1.818383,0.75645,KOR,MNG,030329
11946547,77,151,5094,2013,32944.0,0.0,1.520354,0.022874000000000002,FRA,MUS,030329
11946548,103,151,5094,2013,68788.0,0.0,-0.216854,1.415728,IDN,MUS,030329
11946549,104,151,5094,2013,33166.0,0.0,0.215356,2.3916209999999998,IND,MUS,030329
11946550,136,151,5094,2013,8913.0,0.0,-1.068565,-0.364254,MDG,MUS,030329
11946551,168,151,5094,2013,8445.0,0.0,-0.75727,0.769703,PAK,MUS,030329
11946552,61,155,5094,2013,29223.0,0.0,2.093658,-3.4281980000000005,DEU,NAM,030329
11946553,246,155,5094,2013,220918.0,361059.0,0.380284,1.5682120000000002,ZAF,NAM,030329
11946554,247,155,5094,2013,0.0,10453.0,-0.382129,-0.5442229999999999,ZMB,NAM,030329
11946555,21,157,5094,2013,483252.0,0.0,-0.9110360000000001,-0.852492,BFA,NER,030329
11946556,43,157,5094,2013,3253.0,0.0,1.113767,1.477496,CHN,NER,030329
11946557,77,157,5094,2013,20372.0,0.0,1.520354,0.022874000000000002,FRA,NER,030329
11946558,191,157,5094,2013,27304.0,0.0,-0.523662,-0.309101,SEN,NER,030329
11946559,231,160,5094,2013,7635.0,0.0,1.6639689999999998,-0.48651300000000003,USA,NIC,030329
11946560,246,209,5094,2013,377311.0,0.0,0.380284,1.5682120000000002,ZAF,SWZ,030329
11946561,19,211,5094,2013,0.0,87654.0,-0.919968,-0.90691,BEN,SYC,030329
11946562,81,211,5094,2013,37920.0,0.0,1.7901259999999999,0.44164,GBR,SYC,030329
11946563,104,211,5094,2013,68069.0,0.0,0.215356,2.3916209999999998,IND,SYC,030329
11946564,43,215,5094,2013,14533.0,0.0,1.113767,1.477496,CHN,TGO,030329
11946565,192,220,5094,2013,14409.0,0.0,1.915504,0.619576,SGP,TLS,030329
11946566,104,223,5094,2013,268668.0,0.0,0.215356,2.3916209999999998,IND,TUN,030329
11946567,17,226,5094,2013,0.0,2996.0,-0.824903,-0.906436,BDI,TZA,030329
11946568,18,226,5094,2013,117078.0,0.0,1.316207,0.972601,BEL,TZA,030329
11946569,140,226,5094,2013,0.0,1399.0,-0.10859400000000001,0.155229,MKD,TZA,030329
11946570,147,226,5094,2013,19335.0,0.0,-1.326323,-1.050969,MOZ,TZA,030329
11946571,243,226,5094,2013,14505.0,0.0,-1.252605,-1.207324,YEM,TZA,030329
11946572,246,226,5094,2013,15707.0,0.0,0.380284,1.5682120000000002,ZAF,TZA,030329
11946573,7,227,5094,2013,2443.0,0.0,-0.074047,-0.585168,ARE,UGA,030329
11946574,81,227,5094,2013,11117.0,0.0,1.7901259999999999,0.44164,GBR,UGA,030329
11946575,187,227,5094,2013,0.0,2247.0,-0.490519,-0.48427700000000007,RWA,UGA,030329
11946576,155,247,5094,2013,10453.0,0.0,-0.308643,-0.480617,NAM,ZMB,030329
11946577,246,247,5094,2013,7759.0,0.0,0.380284,1.5682120000000002,ZAF,ZMB,030329
11946578,96,13,5094,2013,1572.0,0.0,-0.8555590000000001,-0.9744450000000001,GUY,ATG,030329
11946579,222,13,5094,2013,2619.0,0.0,-0.280641,-1.083332,TTO,ATG,030329
11946580,231,13,5094,2013,5596.0,0.0,1.6639689999999998,-0.48651300000000003,USA,ATG,030329
11946581,231,127,5094,2013,10679.0,0.0,1.6639689999999998,-0.48651300000000003,USA,LCA,030329
11946582,179,2,5094,2013,173311.0,0.0,0.541454,2.5228610000000002,PRT,AGO,030329
11946583,246,2,5094,2013,10333.0,0.0,0.380284,1.5682120000000002,ZAF,AGO,030329
11946584,68,126,5094,2013,12049.0,0.0,-0.17418,1.692641,EGY,LBY,030329
11946585,104,126,5094,2013,254719.0,0.0,0.215356,2.3916209999999998,IND,LBY,030329
11946586,21,141,5094,2013,12155.0,0.0,-0.9110360000000001,-0.852492,BFA,MLI,030329
11946587,100,144,5094,2013,21788.0,0.0,0.898284,1.038807,HRV,MNE,030329
11946588,179,144,5094,2013,2032.0,0.0,0.541454,2.5228610000000002,PRT,MNE,030329
11946589,186,217,5094,2013,36998.0,0.0,0.481166,-0.180052,RUS,TJK,030329
11946590,190,0,5094,2013,0.0,39224.0,-1.254944,-1.073564,SDN,ABW,030329
11946591,231,0,5094,2013,10375.0,0.0,1.6639689999999998,-0.48651300000000003,USA,ABW,030329
11946592,71,1,5094,2013,16606.0,0.0,0.861698,2.353993,ESP,AFG,030329
11946593,168,1,5094,2013,45174.0,0.0,-0.75727,0.769703,PAK,AFG,030329
11946594,226,17,5094,2013,2996.0,0.0,-0.9306770000000001,0.273489,TZA,BDI,030329
11946595,14,75,5094,2013,2943.0,2497.0,-0.31145700000000004,-0.167628,AUS,FJI,030329
11946596,43,75,5094,2013,0.0,20059.0,1.113767,1.477496,CHN,FJI,030329
11946597,114,75,5094,2013,0.0,7026.0,2.3993130000000003,-0.564768,JPN,FJI,030329
11946598,166,75,5094,2013,13659.0,7000.0,0.3345,0.39063000000000003,NZL,FJI,030329
11946599,222,75,5094,2013,0.0,17574.0,-0.280641,-1.083332,TTO,FJI,030329
11946600,231,75,5094,2013,2203.0,0.0,1.6639689999999998,-0.48651300000000003,USA,FJI,030329
11946601,240,75,5094,2013,0.0,5977.0,-0.6548689999999999,-0.811184,VUT,FJI,030329
11946602,249,75,5094,2013,0.0,42776.0,1.843186,0.9432379999999999,TWN,FJI,030329
11946603,250,75,5094,2013,54756.0,0.0,0.628555,0.277602,ANS,FJI,030329
11946604,77,78,5094,2013,0.0,2792.0,1.520354,0.022874000000000002,FRA,FRO,030329
11946605,71,87,5094,2013,0.0,66686.0,0.861698,2.353993,ESP,GMB,030329
11946606,77,87,5094,2013,0.0,32535.0,1.520354,0.022874000000000002,FRA,GMB,030329
11946607,85,87,5094,2013,1902.0,0.0,-1.1287459999999998,-1.069735,GIN,GMB,030329
11946608,162,87,5094,2013,0.0,40888.0,1.184107,1.249557,NLD,GMB,030329
11946609,239,87,5094,2013,0.0,19682.0,-0.11426900000000001,1.399738,VNM,GMB,030329
11946610,246,87,5094,2013,0.0,49849.0,0.380284,1.5682120000000002,ZAF,GMB,030329
11946611,231,101,5094,2013,25011.0,0.0,1.6639689999999998,-0.48651300000000003,USA,HTI,030329
11946612,216,123,5094,2013,41139.0,0.0,0.8752139999999999,1.3798620000000001,THA,LAO,030329
11946613,246,129,5094,2013,17689.0,182405.0,0.380284,1.5682120000000002,ZAF,LSO,030329
11946614,7,137,5094,2013,181156.0,0.0,-0.074047,-0.585168,ARE,MDV,030329
11946615,14,137,5094,2013,45958.0,0.0,-0.31145700000000004,-0.167628,AUS,MDV,030329
11946616,18,137,5094,2013,6414.0,0.0,1.316207,0.972601,BEL,MDV,030329
11946617,61,137,5094,2013,7550.0,0.0,2.093658,-3.4281980000000005,DEU,MDV,030329
11946618,104,137,5094,2013,257237.0,0.0,0.215356,2.3916209999999998,IND,MDV,030329
11946619,128,137,5094,2013,801.0,0.0,-0.6521779999999999,0.41258599999999995,LKA,MDV,030329
11946620,192,137,5094,2013,6448.0,0.0,1.915504,0.619576,SGP,MDV,030329
11946621,246,152,5094,2013,30772.0,0.0,0.380284,1.5682120000000002,ZAF,MWI,030329
11946622,248,152,5094,2013,812.0,0.0,-0.828702,-0.899175,ZWE,MWI,030329
11946623,64,156,5094,2013,10238.0,0.0,1.161835,1.1788450000000001,DNK,NCL,030329
11946624,77,156,5094,2013,1025.0,0.0,1.520354,0.022874000000000002,FRA,NCL,030329
11946625,166,156,5094,2013,5529.0,0.0,0.3345,0.39063000000000003,NZL,NCL,030329
11946626,166,176,5094,2013,28549.0,0.0,0.3345,0.39063000000000003,NZL,PNG,030329
11946627,106,182,5094,2013,95.0,0.0,1.29988,0.240688,IRL,PYF,030329
11946628,231,182,5094,2013,22707.0,0.0,1.6639689999999998,-0.48651300000000003,USA,PYF,030329
11946629,116,187,5094,2013,1043.0,0.0,-0.448112,0.8672719999999999,KEN,RWA,030329
11946630,162,187,5094,2013,1721.0,0.0,1.184107,1.249557,NLD,RWA,030329
11946631,227,187,5094,2013,2247.0,0.0,-0.5462279999999999,0.200682,UGA,RWA,030329
11946632,7,219,5094,2013,13844.0,0.0,-0.074047,-0.585168,ARE,TKM,030329
11946633,107,219,5094,2013,311792.0,0.0,-0.339172,-0.237114,IRN,TKM,030329
11946634,186,232,5094,2013,10052.0,0.0,0.481166,-0.180052,RUS,UZB,030329
11946635,75,240,5094,2013,5977.0,0.0,-0.5203369999999999,-0.122405,FJI,VUT,030329
11946636,104,242,5094,2013,18979.0,0.0,0.215356,2.3916209999999998,IND,WSM,030329
11946637,104,10,5094,2013,37118.0,0.0,0.215356,2.3916209999999998,IND,ASM,030329
11946638,192,165,5094,2013,16581.0,0.0,1.915504,0.619576,SGP,NRU,030329
11946639,216,76,5094,2013,0.0,475979.0,0.8752139999999999,1.3798620000000001,THA,FLK,030329
11946640,22,7,5102,2013,0.0,258689.0,-1.101916,-0.734646,BGD,ARE,030349
11946641,24,7,5102,2013,0.0,14610.0,0.249681,-0.6204270000000001,BHR,ARE,030349
11946642,43,7,5102,2013,20744.0,0.0,1.113767,1.477496,CHN,ARE,030349
11946643,67,7,5102,2013,6220.0,0.0,-0.86546,-0.8888389999999999,ECU,ARE,030349
11946644,71,7,5102,2013,1663.0,0.0,0.861698,2.353993,ESP,ARE,030349
11946645,77,7,5102,2013,3177.0,0.0,1.520354,0.022874000000000002,FRA,ARE,030349
11946646,81,7,5102,2013,1685.0,0.0,1.7901259999999999,0.44164,GBR,ARE,030349
11946647,97,7,5102,2013,0.0,250794.0,0.744383,1.923139,HKG,ARE,030349
11946648,103,7,5102,2013,248872.0,0.0,-0.216854,1.415728,IDN,ARE,030349
11946649,104,7,5102,2013,455996.0,6960.0,0.215356,2.3916209999999998,IND,ARE,030349
11946650,107,7,5102,2013,31213.0,517765.0,-0.339172,-0.237114,IRN,ARE,030349
11946651,108,7,5102,2013,0.0,16998.0,-2.839079,-0.8705440000000001,IRQ,ARE,030349
11946652,111,7,5102,2013,5537.0,0.0,1.289924,0.533436,ITA,ARE,030349
11946653,114,7,5102,2013,57520.0,0.0,2.3993130000000003,-0.564768,JPN,ARE,030349
11946654,122,7,5102,2013,0.0,26180.0,-0.536384,-1.08382,KWT,ARE,030349
11946655,128,7,5102,2013,187432.0,35833.0,-0.6521779999999999,0.41258599999999995,LKA,ARE,030349
11946656,137,7,5102,2013,0.0,17750.0,-0.21889699999999998,-0.776392,MDV,ARE,030349
11946657,143,7,5102,2013,81102.0,0.0,-1.230787,-0.737375,MMR,ARE,030349
11946658,162,7,5102,2013,5819.0,0.0,1.184107,1.249557,NLD,ARE,030349
11946659,166,7,5102,2013,296460.0,0.0,0.3345,0.39063000000000003,NZL,ARE,030349
11946660,167,7,5102,2013,6748.0,40295.0,-0.604175,-1.0463209999999998,OMN,ARE,030349
11946661,168,7,5102,2013,752256.0,0.0,-0.75727,0.769703,PAK,ARE,030349
11946662,174,7,5102,2013,43331.0,0.0,0.507868,0.355403,PHL,ARE,030349
11946663,192,7,5102,2013,7905.0,0.0,1.915504,0.619576,SGP,ARE,030349
11946664,211,7,5102,2013,0.0,2690.0,0.270999,-0.474095,SYC,ARE,030349
11946665,216,7,5102,2013,11801.0,0.0,0.8752139999999999,1.3798620000000001,THA,ARE,030349
11946666,219,7,5102,2013,1457985.0,0.0,-1.6186770000000001,-1.2210969999999999,TKM,ARE,030349
11946667,230,7,5102,2013,19104.0,0.0,0.20190999999999998,-0.19777999999999998,URY,ARE,030349
11946668,231,7,5102,2013,2825.0,0.0,1.6639689999999998,-0.48651300000000003,USA,ARE,030349
11946669,239,7,5102,2013,128548.0,1457519.0,-0.11426900000000001,1.399738,VNM,ARE,030349
11946670,243,7,5102,2013,9792.0,0.0,-1.252605,-1.207324,YEM,ARE,030349
11946671,247,7,5102,2013,0.0,1032.0,-0.382129,-0.5442229999999999,ZMB,ARE,030349
11946672,61,15,5102,2013,4211.0,0.0,2.093658,-3.4281980000000005,DEU,AUT,030349
11946673,71,15,5102,2013,16843.0,0.0,0.861698,2.353993,ESP,AUT,030349
11946674,90,15,5102,2013,22386.0,0.0,0.18823800000000002,0.910906,GRC,AUT,030349
11946675,100,15,5102,2013,0.0,2270.0,0.898284,1.038807,HRV,AUT,030349
11946676,103,15,5102,2013,237853.0,0.0,-0.216854,1.415728,IDN,AUT,030349
11946677,104,15,5102,2013,11466.0,0.0,0.215356,2.3916209999999998,IND,AUT,030349
11946678,111,15,5102,2013,2438.0,1539.0,1.289924,0.533436,ITA,AUT,030349
11946679,121,15,5102,2013,0.0,10790.0,1.818383,0.75645,KOR,AUT,030349
11946680,128,15,5102,2013,9630.0,0.0,-0.6521779999999999,0.41258599999999995,LKA,AUT,030349
11946681,162,15,5102,2013,25448.0,0.0,1.184107,1.249557,NLD,AUT,030349
11946682,216,15,5102,2013,1282.0,0.0,0.8752139999999999,1.3798620000000001,THA,AUT,030349
11946683,71,18,5102,2013,13625.0,0.0,0.861698,2.353993,ESP,BEL,030349
11946684,77,18,5102,2013,56429.0,0.0,1.520354,0.022874000000000002,FRA,BEL,030349
11946685,103,18,5102,2013,30719.0,0.0,-0.216854,1.415728,IDN,BEL,030349
11946686,104,18,5102,2013,164849.0,0.0,0.215356,2.3916209999999998,IND,BEL,030349
11946687,111,18,5102,2013,7161.0,0.0,1.289924,0.533436,ITA,BEL,030349
11946688,128,18,5102,2013,2022947.0,0.0,-0.6521779999999999,0.41258599999999995,LKA,BEL,030349
11946689,131,18,5102,2013,0.0,93654.0,1.170459,1.150327,LUX,BEL,030349
11946690,162,18,5102,2013,164130.0,139016.0,1.184107,1.249557,NLD,BEL,030349
11946691,243,18,5102,2013,94262.0,0.0,-1.252605,-1.207324,YEM,BEL,030349
11946692,43,23,5102,2013,2406.0,0.0,1.113767,1.477496,CHN,BGR,030349
11946693,71,23,5102,2013,2771.0,0.0,0.861698,2.353993,ESP,BGR,030349
11946694,111,23,5102,2013,1468.0,0.0,1.289924,0.533436,ITA,BGR,030349
11946695,173,23,5102,2013,32510.0,0.0,-0.573852,0.357977,PER,BGR,030349
11946696,231,25,5102,2013,78911.0,0.0,1.6639689999999998,-0.48651300000000003,USA,BHS,030349
11946697,39,32,5102,2013,0.0,1390.0,0.719649,1.017046,CAN,BRA,030349
11946698,52,32,5102,2013,129391.0,0.0,0.067379,-0.688217,CRI,BRA,030349
11946699,71,32,5102,2013,0.0,31092.0,0.861698,2.353993,ESP,BRA,030349
11946700,104,32,5102,2013,117634.0,0.0,0.215356,2.3916209999999998,IND,BRA,030349
11946701,114,32,5102,2013,0.0,246337.0,2.3993130000000003,-0.564768,JPN,BRA,030349
11946702,179,32,5102,2013,0.0,11264.0,0.541454,2.5228610000000002,PRT,BRA,030349
11946703,192,32,5102,2013,33817.0,0.0,1.915504,0.619576,SGP,BRA,030349
11946704,211,32,5102,2013,0.0,1509823.0,0.270999,-0.474095,SYC,BRA,030349
11946705,222,33,5102,2013,19478.0,0.0,-0.280641,-1.083332,TTO,BRB,030349
11946706,14,39,5102,2013,8330.0,0.0,-0.31145700000000004,-0.167628,AUS,CAN,030349
11946707,32,39,5102,2013,1390.0,0.0,0.14765899999999998,0.399262,BRA,CAN,030349
11946708,54,39,5102,2013,0.0,5634.0,-0.019956,-0.7873319999999999,CUB,CAN,030349
11946709,67,39,5102,2013,30607.0,0.0,-0.86546,-0.8888389999999999,ECU,CAN,030349
11946710,71,39,5102,2013,33793.0,0.0,0.861698,2.353993,ESP,CAN,030349
11946711,75,39,5102,2013,60087.0,0.0,-0.5203369999999999,-0.122405,FJI,CAN,030349
11946712,77,39,5102,2013,0.0,4691.0,1.520354,0.022874000000000002,FRA,CAN,030349
11946713,97,39,5102,2013,23924.0,0.0,0.744383,1.923139,HKG,CAN,030349
11946714,100,39,5102,2013,21983.0,0.0,0.898284,1.038807,HRV,CAN,030349
11946715,103,39,5102,2013,127998.0,187344.0,-0.216854,1.415728,IDN,CAN,030349
11946716,104,39,5102,2013,7944.0,0.0,0.215356,2.3916209999999998,IND,CAN,030349
11946717,112,39,5102,2013,0.0,1154.0,-0.541441,-0.8448559999999999,JAM,CAN,030349
11946718,121,39,5102,2013,41550.0,0.0,1.818383,0.75645,KOR,CAN,030349
11946719,122,39,5102,2013,0.0,798.0,-0.536384,-1.08382,KWT,CAN,030349
11946720,128,39,5102,2013,1018045.0,0.0,-0.6521779999999999,0.41258599999999995,LKA,CAN,030349
11946721,142,39,5102,2013,1107.0,0.0,0.8519760000000001,-0.075869,MLT,CAN,030349
11946722,166,39,5102,2013,7411.0,0.0,0.3345,0.39063000000000003,NZL,CAN,030349
11946723,174,39,5102,2013,10935.0,0.0,0.507868,0.355403,PHL,CAN,030349
11946724,183,39,5102,2013,0.0,824.0,-0.083649,-1.013491,QAT,CAN,030349
11946725,186,39,5102,2013,0.0,5988.0,0.481166,-0.180052,RUS,CAN,030349
11946726,200,39,5102,2013,0.0,6963.0,0.000466,-0.672524,SPM,CAN,030349
11946727,216,39,5102,2013,475843.0,0.0,0.8752139999999999,1.3798620000000001,THA,CAN,030349
11946728,229,39,5102,2013,558494.0,0.0,1.2648409999999999,-0.07537999999999999,UMI,CAN,030349
11946729,231,39,5102,2013,1074288.0,0.0,1.6639689999999998,-0.48651300000000003,USA,CAN,030349
11946730,239,39,5102,2013,2115728.0,0.0,-0.11426900000000001,1.399738,VNM,CAN,030349
11946731,249,39,5102,2013,19436.0,0.0,1.843186,0.9432379999999999,TWN,CAN,030349
11946732,71,41,5102,2013,327655.0,0.0,0.861698,2.353993,ESP,CHE,030349
11946733,75,41,5102,2013,0.0,6663.0,-0.5203369999999999,-0.122405,FJI,CHE,030349
11946734,77,41,5102,2013,15573.0,0.0,1.520354,0.022874000000000002,FRA,CHE,030349
11946735,104,41,5102,2013,2895.0,0.0,0.215356,2.3916209999999998,IND,CHE,030349
11946736,111,41,5102,2013,59382.0,0.0,1.289924,0.533436,ITA,CHE,030349
11946737,128,41,5102,2013,1483251.0,0.0,-0.6521779999999999,0.41258599999999995,LKA,CHE,030349
11946738,179,41,5102,2013,4773.0,0.0,0.541454,2.5228610000000002,PRT,CHE,030349
11946739,216,41,5102,2013,0.0,242726.0,0.8752139999999999,1.3798620000000001,THA,CHE,030349
11946740,239,41,5102,2013,2289.0,0.0,-0.11426900000000001,1.399738,VNM,CHE,030349
11946741,45,42,5102,2013,0.0,263062.0,-0.901531,-1.027111,CMR,CHL,030349
11946742,49,42,5102,2013,0.0,88663.0,0.121799,-0.388239,COL,CHL,030349
11946743,65,42,5102,2013,0.0,99650.0,-0.277269,0.432388,DOM,CHL,030349
11946744,67,42,5102,2013,42101.0,0.0,-0.86546,-0.8888389999999999,ECU,CHL,030349
11946745,173,42,5102,2013,0.0,7936.0,-0.573852,0.357977,PER,CHL,030349
11946746,177,42,5102,2013,0.0,15836.0,1.084332,1.216749,POL,CHL,030349
11946747,231,42,5102,2013,64070.0,55198.0,1.6639689999999998,-0.48651300000000003,USA,CHL,030349
11946748,7,43,5102,2013,0.0,20744.0,-0.074047,-0.585168,ARE,CHN,030349
11946749,14,43,5102,2013,550537.0,0.0,-0.31145700000000004,-0.167628,AUS,CHN,030349
11946750,22,43,5102,2013,42857.0,0.0,-1.101916,-0.734646,BGD,CHN,030349
11946751,23,43,5102,2013,0.0,2406.0,0.5026109999999999,1.674296,BGR,CHN,030349
11946752,34,43,5102,2013,51459.0,20113.0,-0.866827,-0.795995,BRN,CHN,030349
11946753,71,43,5102,2013,1503.0,0.0,0.861698,2.353993,ESP,CHN,030349
11946754,75,43,5102,2013,192083.0,5386222.0,-0.5203369999999999,-0.122405,FJI,CHN,030349
11946755,83,43,5102,2013,0.0,29293.0,-0.7316010000000001,-0.5327689999999999,GHA,CHN,030349
11946756,97,43,5102,2013,112866.0,4985254.0,0.744383,1.923139,HKG,CHN,030349
11946757,103,43,5102,2013,653804.0,0.0,-0.216854,1.415728,IDN,CHN,030349
11946758,104,43,5102,2013,2258949.0,0.0,0.215356,2.3916209999999998,IND,CHN,030349
11946759,107,43,5102,2013,0.0,999806.0,-0.339172,-0.237114,IRN,CHN,030349
11946760,114,43,5102,2013,573876.0,40210656.0,2.3993130000000003,-0.564768,JPN,CHN,030349
11946761,115,43,5102,2013,0.0,4070.0,-0.680678,-0.83347,KAZ,CHN,030349
11946762,121,43,5102,2013,845243.0,2077828.0,1.818383,0.75645,KOR,CHN,030349
11946763,123,43,5102,2013,0.0,11560.0,-1.204446,-0.8571489999999999,LAO,CHN,030349
11946764,128,43,5102,2013,1545.0,124502.0,-0.6521779999999999,0.41258599999999995,LKA,CHN,030349
11946765,134,43,5102,2013,66631.0,0.0,-0.6494260000000001,-0.035075999999999996,MAR,CHN,030349
11946766,138,43,5102,2013,0.0,3774.0,1.048507,0.718932,MEX,CHN,030349
11946767,142,43,5102,2013,242832.0,0.0,0.8519760000000001,-0.075869,MLT,CHN,030349
11946768,145,43,5102,2013,23964.0,0.0,-1.3270950000000001,-1.144547,MNG,CHN,030349
11946769,151,43,5102,2013,0.0,29195.0,-0.158852,0.0061600000000000005,MUS,CHN,030349
11946770,153,43,5102,2013,0.0,668758.0,0.937641,0.747496,MYS,CHN,030349
11946771,168,43,5102,2013,57063.0,0.0,-0.75727,0.769703,PAK,CHN,030349
11946772,174,43,5102,2013,0.0,569542.0,0.507868,0.355403,PHL,CHN,030349
11946773,179,43,5102,2013,10235.0,0.0,0.541454,2.5228610000000002,PRT,CHN,030349
11946774,186,43,5102,2013,0.0,662941.0,0.481166,-0.180052,RUS,CHN,030349
11946775,192,43,5102,2013,526881.0,250954.0,1.915504,0.619576,SGP,CHN,030349
11946776,216,43,5102,2013,0.0,1595166.0,0.8752139999999999,1.3798620000000001,THA,CHN,030349
11946777,223,43,5102,2013,276663.0,0.0,0.185528,1.0070700000000001,TUN,CHN,030349
11946778,227,43,5102,2013,0.0,1092.0,-0.5462279999999999,0.200682,UGA,CHN,030349
11946779,231,43,5102,2013,111688.0,0.0,1.6639689999999998,-0.48651300000000003,USA,CHN,030349
11946780,239,43,5102,2013,5956124.0,229722.0,-0.11426900000000001,1.399738,VNM,CHN,030349
11946781,246,43,5102,2013,0.0,2436.0,0.380284,1.5682120000000002,ZAF,CHN,030349
11946782,249,43,5102,2013,242227.0,0.0,1.843186,0.9432379999999999,TWN,CHN,030349
11946783,42,49,5102,2013,88663.0,0.0,-0.260718,-0.38256100000000004,CHL,COL,030349
11946784,44,49,5102,2013,896051.0,0.0,-0.923558,-0.866642,CIV,COL,030349
11946785,67,49,5102,2013,1726.0,8243606.0,-0.86546,-0.8888389999999999,ECU,COL,030349
11946786,71,49,5102,2013,318277.0,0.0,0.861698,2.353993,ESP,COL,030349
11946787,75,49,5102,2013,23958.0,0.0,-0.5203369999999999,-0.122405,FJI,COL,030349
11946788,77,49,5102,2013,1060923.0,0.0,1.520354,0.022874000000000002,FRA,COL,030349
11946789,83,49,5102,2013,69844.0,0.0,-0.7316010000000001,-0.5327689999999999,GHA,COL,030349
11946790,191,49,5102,2013,128542.0,0.0,-0.523662,-0.309101,SEN,COL,030349
11946791,206,49,5102,2013,0.0,2068.0,1.32064,0.7519819999999999,SVK,COL,030349
11946792,231,49,5102,2013,114309.0,0.0,1.6639689999999998,-0.48651300000000003,USA,COL,030349
11946793,250,49,5102,2013,0.0,997150.0,0.628555,0.277602,ANS,COL,030349
11946794,29,52,5102,2013,17382.0,0.0,-0.35218299999999997,-0.508891,BLZ,CRI,030349
11946795,32,52,5102,2013,0.0,129391.0,0.14765899999999998,0.399262,BRA,CRI,030349
11946796,67,52,5102,2013,0.0,308549.0,-0.86546,-0.8888389999999999,ECU,CRI,030349
11946797,169,52,5102,2013,93719.0,0.0,0.735637,1.161718,PAN,CRI,030349
11946798,231,52,5102,2013,2566.0,305925.0,1.6639689999999998,-0.48651300000000003,USA,CRI,030349
11946799,249,52,5102,2013,62457.0,0.0,1.843186,0.9432379999999999,TWN,CRI,030349
11946800,71,55,5102,2013,0.0,2376867.0,0.861698,2.353993,ESP,CUW,030349
11946801,151,55,5102,2013,0.0,168412.0,-0.158852,0.0061600000000000005,MUS,CUW,030349
11946802,224,55,5102,2013,0.0,41386.0,0.42932299999999995,2.690235,TUR,CUW,030349
11946803,231,55,5102,2013,15221.0,0.0,1.6639689999999998,-0.48651300000000003,USA,CUW,030349
11946804,61,59,5102,2013,4228.0,0.0,2.093658,-3.4281980000000005,DEU,CZE,030349
11946805,64,59,5102,2013,4639.0,0.0,1.161835,1.1788450000000001,DNK,CZE,030349
11946806,71,59,5102,2013,39574.0,0.0,0.861698,2.353993,ESP,CZE,030349
11946807,111,59,5102,2013,1714.0,0.0,1.289924,0.533436,ITA,CZE,030349
11946808,128,59,5102,2013,318236.0,0.0,-0.6521779999999999,0.41258599999999995,LKA,CZE,030349
11946809,162,59,5102,2013,1119.0,0.0,1.184107,1.249557,NLD,CZE,030349
11946810,177,59,5102,2013,34467.0,0.0,1.084332,1.216749,POL,CZE,030349
11946811,206,59,5102,2013,0.0,19333.0,1.32064,0.7519819999999999,SVK,CZE,030349
11946812,15,61,5102,2013,0.0,4211.0,1.7209240000000001,-0.286892,AUT,DEU,030349
11946813,59,61,5102,2013,0.0,4228.0,1.819653,-0.12423800000000002,CZE,DEU,030349
11946814,64,61,5102,2013,9942.0,0.0,1.161835,1.1788450000000001,DNK,DEU,030349
11946815,71,61,5102,2013,54467.0,483410.0,0.861698,2.353993,ESP,DEU,030349
11946816,77,61,5102,2013,1152.0,0.0,1.520354,0.022874000000000002,FRA,DEU,030349
11946817,81,61,5102,2013,10607.0,0.0,1.7901259999999999,0.44164,GBR,DEU,030349
11946818,102,61,5102,2013,14753.0,0.0,1.506101,0.7279220000000001,HUN,DEU,030349
11946819,103,61,5102,2013,2905.0,0.0,-0.216854,1.415728,IDN,DEU,030349
11946820,104,61,5102,2013,326804.0,0.0,0.215356,2.3916209999999998,IND,DEU,030349
11946821,107,61,5102,2013,1116.0,0.0,-0.339172,-0.237114,IRN,DEU,030349
11946822,111,61,5102,2013,2423.0,0.0,1.289924,0.533436,ITA,DEU,030349
11946823,117,61,5102,2013,0.0,973.0,-0.1035,0.339914,KGZ,DEU,030349
11946824,128,61,5102,2013,5806107.0,0.0,-0.6521779999999999,0.41258599999999995,LKA,DEU,030349
11946825,162,61,5102,2013,168290.0,0.0,1.184107,1.249557,NLD,DEU,030349
11946826,167,61,5102,2013,4817.0,0.0,-0.604175,-1.0463209999999998,OMN,DEU,030349
11946827,177,61,5102,2013,0.0,38253.0,1.084332,1.216749,POL,DEU,030349
11946828,179,61,5102,2013,13303.0,0.0,0.541454,2.5228610000000002,PRT,DEU,030349
11946829,206,61,5102,2013,0.0,37398.0,1.32064,0.7519819999999999,SVK,DEU,030349
11946830,208,61,5102,2013,0.0,38569.0,1.869421,0.228109,SWE,DEU,030349
11946831,239,61,5102,2013,37498.0,0.0,-0.11426900000000001,1.399738,VNM,DEU,030349
11946832,59,64,5102,2013,0.0,4639.0,1.819653,-0.12423800000000002,CZE,DNK,030349
11946833,61,64,5102,2013,0.0,9942.0,2.093658,-3.4281980000000005,DEU,DNK,030349
11946834,71,64,5102,2013,20938.0,0.0,0.861698,2.353993,ESP,DNK,030349
11946835,74,64,5102,2013,0.0,3860.0,1.734552,0.8896940000000001,FIN,DNK,030349
11946836,81,64,5102,2013,15653.0,0.0,1.7901259999999999,0.44164,GBR,DNK,030349
11946837,85,64,5102,2013,12694.0,0.0,-1.1287459999999998,-1.069735,GIN,DNK,030349
11946838,106,64,5102,2013,101793.0,0.0,1.29988,0.240688,IRL,DNK,030349
11946839,111,64,5102,2013,2098.0,5458.0,1.289924,0.533436,ITA,DNK,030349
11946840,128,64,5102,2013,440452.0,0.0,-0.6521779999999999,0.41258599999999995,LKA,DNK,030349
11946841,162,64,5102,2013,366915.0,0.0,1.184107,1.249557,NLD,DNK,030349
11946842,177,64,5102,2013,0.0,4831.0,1.084332,1.216749,POL,DNK,030349
11946843,208,64,5102,2013,0.0,17916.0,1.869421,0.228109,SWE,DNK,030349
11946844,231,64,5102,2013,4466.0,0.0,1.6639689999999998,-0.48651300000000003,USA,DNK,030349
11946845,239,64,5102,2013,14229.0,0.0,-0.11426900000000001,1.399738,VNM,DNK,030349
11946846,1,65,5102,2013,3390.0,0.0,-0.985727,-0.7164550000000001,AFG,DOM,030349
11946847,42,65,5102,2013,99650.0,0.0,-0.260718,-0.38256100000000004,CHL,DOM,030349
11946848,71,65,5102,2013,1833.0,0.0,0.861698,2.353993,ESP,DOM,030349
11946849,75,65,5102,2013,29195.0,0.0,-0.5203369999999999,-0.122405,FJI,DOM,030349
11946850,103,65,5102,2013,856.0,0.0,-0.216854,1.415728,IDN,DOM,030349
11946851,169,65,5102,2013,3789.0,0.0,0.735637,1.161718,PAN,DOM,030349
11946852,231,65,5102,2013,123534.0,0.0,1.6639689999999998,-0.48651300000000003,USA,DOM,030349
11946853,7,67,5102,2013,0.0,6220.0,-0.074047,-0.585168,ARE,ECU,030349
11946854,10,67,5102,2013,1359364.0,0.0,0.686489,-0.251618,ASM,ECU,030349
11946855,39,67,5102,2013,0.0,30607.0,0.719649,1.017046,CAN,ECU,030349
11946856,42,67,5102,2013,0.0,42101.0,-0.260718,-0.38256100000000004,CHL,ECU,030349
11946857,44,67,5102,2013,0.0,73717.0,-0.923558,-0.866642,CIV,ECU,030349
11946858,49,67,5102,2013,8243606.0,1726.0,0.121799,-0.388239,COL,ECU,030349
11946859,52,67,5102,2013,308549.0,0.0,0.067379,-0.688217,CRI,ECU,030349
11946860,71,67,5102,2013,12217994.0,659415.0,0.861698,2.353993,ESP,ECU,030349
11946861,75,67,5102,2013,142985.0,0.0,-0.5203369999999999,-0.122405,FJI,ECU,030349
11946862,83,67,5102,2013,0.0,125142.0,-0.7316010000000001,-0.5327689999999999,GHA,ECU,030349
11946863,114,67,5102,2013,0.0,2340033.0,2.3993130000000003,-0.564768,JPN,ECU,030349
11946864,119,67,5102,2013,98015.0,0.0,-0.258825,-0.781927,KIR,ECU,030349
11946865,121,67,5102,2013,18592.0,16400.0,1.818383,0.75645,KOR,ECU,030349
11946866,138,67,5102,2013,4420.0,0.0,1.048507,0.718932,MEX,ECU,030349
11946867,153,67,5102,2013,0.0,20174.0,0.937641,0.747496,MYS,ECU,030349
11946868,159,67,5102,2013,0.0,64382.0,-1.745783,-1.1356680000000001,NGA,ECU,030349
11946869,169,67,5102,2013,454267.0,0.0,0.735637,1.161718,PAN,ECU,030349
11946870,173,67,5102,2013,0.0,479706.0,-0.573852,0.357977,PER,ECU,030349
11946871,186,67,5102,2013,0.0,345981.0,0.481166,-0.180052,RUS,ECU,030349
11946872,195,67,5102,2013,7747.0,0.0,-0.9350860000000001,-0.877676,SLB,ECU,030349
11946873,216,67,5102,2013,0.0,351475.0,0.8752139999999999,1.3798620000000001,THA,ECU,030349
11946874,231,67,5102,2013,230176.0,32389.0,1.6639689999999998,-0.48651300000000003,USA,ECU,030349
11946875,236,67,5102,2013,0.0,1419757.0,-0.778172,-1.107059,VEN,ECU,030349
11946876,239,67,5102,2013,0.0,24476.0,-0.11426900000000001,1.399738,VNM,ECU,030349
11946877,249,67,5102,2013,66312.0,0.0,1.843186,0.9432379999999999,TWN,ECU,030349
11946878,250,67,5102,2013,11066304.0,0.0,0.628555,0.277602,ANS,ECU,030349
11946879,1,71,5102,2013,0.0,12539.0,-0.985727,-0.7164550000000001,AFG,ESP,030349
11946880,5,71,5102,2013,0.0,63352.0,0.9666530000000001,-0.159606,AND,ESP,030349
11946881,7,71,5102,2013,0.0,1663.0,-0.074047,-0.585168,ARE,ESP,030349
11946882,14,71,5102,2013,228004.0,0.0,-0.31145700000000004,-0.167628,AUS,ESP,030349
11946883,15,71,5102,2013,0.0,16843.0,1.7209240000000001,-0.286892,AUT,ESP,030349
11946884,18,71,5102,2013,0.0,13625.0,1.316207,0.972601,BEL,ESP,030349
11946885,23,71,5102,2013,0.0,2771.0,0.5026109999999999,1.674296,BGR,ESP,030349
11946886,24,71,5102,2013,0.0,1323.0,0.249681,-0.6204270000000001,BHR,ESP,030349
11946887,26,71,5102,2013,0.0,6598.0,0.46743199999999996,0.7340800000000001,BIH,ESP,030349
11946888,29,71,5102,2013,229494.0,0.0,-0.35218299999999997,-0.508891,BLZ,ESP,030349
11946889,32,71,5102,2013,31092.0,0.0,0.14765899999999998,0.399262,BRA,ESP,030349
11946890,39,71,5102,2013,0.0,33793.0,0.719649,1.017046,CAN,ESP,030349
11946891,41,71,5102,2013,0.0,327655.0,2.2104470000000003,0.5403479999999999,CHE,ESP,030349
11946892,43,71,5102,2013,0.0,1503.0,1.113767,1.477496,CHN,ESP,030349
11946893,44,71,5102,2013,1821762.0,1968638.0,-0.923558,-0.866642,CIV,ESP,030349
11946894,49,71,5102,2013,0.0,318277.0,0.121799,-0.388239,COL,ESP,030349
11946895,51,71,5102,2013,1709581.0,191787.0,-0.75058,-0.8948219999999999,CPV,ESP,030349
11946896,55,71,5102,2013,2376867.0,0.0,0.029981999999999998,-0.673439,CUW,ESP,030349
11946897,59,71,5102,2013,0.0,39574.0,1.819653,-0.12423800000000002,CZE,ESP,030349
11946898,61,71,5102,2013,483410.0,54467.0,2.093658,-3.4281980000000005,DEU,ESP,030349
11946899,64,71,5102,2013,0.0,20938.0,1.161835,1.1788450000000001,DNK,ESP,030349
11946900,65,71,5102,2013,0.0,1833.0,-0.277269,0.432388,DOM,ESP,030349
11946901,67,71,5102,2013,659415.0,12217994.0,-0.86546,-0.8888389999999999,ECU,ESP,030349
11946902,72,71,5102,2013,0.0,2344.0,0.8828940000000001,1.386574,EST,ESP,030349
11946903,77,71,5102,2013,3098583.0,387458.0,1.520354,0.022874000000000002,FRA,ESP,030349
11946904,81,71,5102,2013,49376.0,155155.0,1.7901259999999999,0.44164,GBR,ESP,030349
11946905,83,71,5102,2013,144554.0,0.0,-0.7316010000000001,-0.5327689999999999,GHA,ESP,030349
11946906,84,71,5102,2013,0.0,14650.0,0.991136,-0.603793,GIB,ESP,030349
11946907,89,71,5102,2013,0.0,3357.0,-1.521575,-0.814708,GNQ,ESP,030349
11946908,90,71,5102,2013,0.0,40455.0,0.18823800000000002,0.910906,GRC,ESP,030349
11946909,93,71,5102,2013,399612.0,0.0,-0.41466499999999995,0.774788,GTM,ESP,030349
11946910,100,71,5102,2013,0.0,881328.0,0.898284,1.038807,HRV,ESP,030349
11946911,103,71,5102,2013,1963199.0,0.0,-0.216854,1.415728,IDN,ESP,030349
11946912,106,71,5102,2013,52123.0,0.0,1.29988,0.240688,IRL,ESP,030349
11946913,111,71,5102,2013,120279.0,3159314.0,1.289924,0.533436,ITA,ESP,030349
11946914,114,71,5102,2013,13765.0,3513586.0,2.3993130000000003,-0.564768,JPN,ESP,030349
11946915,116,71,5102,2013,0.0,107071.0,-0.448112,0.8672719999999999,KEN,ESP,030349
11946916,119,71,5102,2013,0.0,1805000.0,-0.258825,-0.781927,KIR,ESP,030349
11946917,121,71,5102,2013,195606.0,1881429.0,1.818383,0.75645,KOR,ESP,030349
11946918,122,71,5102,2013,0.0,1083.0,-0.536384,-1.08382,KWT,ESP,030349
11946919,128,71,5102,2013,182772.0,8518.0,-0.6521779999999999,0.41258599999999995,LKA,ESP,030349
11946920,134,71,5102,2013,42315.0,46064.0,-0.6494260000000001,-0.035075999999999996,MAR,ESP,030349
11946921,135,71,5102,2013,0.0,10023.0,-0.016235,0.132104,MDA,ESP,030349
11946922,136,71,5102,2013,0.0,1889655.0,-1.068565,-0.364254,MDG,ESP,030349
11946923,138,71,5102,2013,0.0,1161896.0,1.048507,0.718932,MEX,ESP,030349
11946924,148,71,5102,2013,0.0,5248.0,-1.950532,-1.283104,MRT,ESP,030349
11946925,151,71,5102,2013,44758.0,7468540.0,-0.158852,0.0061600000000000005,MUS,ESP,030349
11946926,154,71,5102,2013,442935.0,0.0,0.9851690000000001,-0.504069,MYT,ESP,030349
11946927,155,71,5102,2013,408813.0,0.0,-0.308643,-0.480617,NAM,ESP,030349
11946928,162,71,5102,2013,83205.0,148782.0,1.184107,1.249557,NLD,ESP,030349
11946929,163,71,5102,2013,0.0,7470.0,0.892099,0.18168399999999998,NOR,ESP,030349
11946930,169,71,5102,2013,1450073.0,0.0,0.735637,1.161718,PAN,ESP,030349
11946931,173,71,5102,2013,0.0,5085.0,-0.573852,0.357977,PER,ESP,030349
11946932,174,71,5102,2013,0.0,1081946.0,0.507868,0.355403,PHL,ESP,030349
11946933,179,71,5102,2013,2309022.0,2421570.0,0.541454,2.5228610000000002,PRT,ESP,030349
11946934,185,71,5102,2013,0.0,46735.0,0.792035,1.225034,ROU,ESP,030349
11946935,191,71,5102,2013,1311316.0,62222.0,-0.523662,-0.309101,SEN,ESP,030349
11946936,192,71,5102,2013,0.0,74567.0,1.915504,0.619576,SGP,ESP,030349
11946937,197,71,5102,2013,79515.0,1608012.0,-0.021029,0.381522,SLV,ESP,030349
11946938,211,71,5102,2013,3656408.0,8517498.0,0.270999,-0.474095,SYC,ESP,030349
11946939,216,71,5102,2013,0.0,1165856.0,0.8752139999999999,1.3798620000000001,THA,ESP,030349
11946940,224,71,5102,2013,0.0,239851.0,0.42932299999999995,2.690235,TUR,ESP,030349
11946941,246,71,5102,2013,263602.0,0.0,0.380284,1.5682120000000002,ZAF,ESP,030349
11946942,249,71,5102,2013,118760.0,0.0,1.843186,0.9432379999999999,TWN,ESP,030349
11946943,250,71,5102,2013,2036416.0,16972.0,0.628555,0.277602,ANS,ESP,030349
11946944,71,72,5102,2013,2344.0,0.0,0.861698,2.353993,ESP,EST,030349
11946945,104,72,5102,2013,42666.0,0.0,0.215356,2.3916209999999998,IND,EST,030349
11946946,132,72,5102,2013,2866.0,0.0,0.6219439999999999,1.166749,LVA,EST,030349
11946947,239,72,5102,2013,1832.0,0.0,-0.11426900000000001,1.399738,VNM,EST,030349
11946948,64,74,5102,2013,3860.0,0.0,1.161835,1.1788450000000001,DNK,FIN,030349
11946949,208,74,5102,2013,85485.0,0.0,1.869421,0.228109,SWE,FIN,030349
11946950,239,74,5102,2013,2623.0,0.0,-0.11426900000000001,1.399738,VNM,FIN,030349
11946951,7,77,5102,2013,0.0,3177.0,-0.074047,-0.585168,ARE,FRA,030349
11946952,18,77,5102,2013,0.0,56429.0,1.316207,0.972601,BEL,FRA,030349
11946953,29,77,5102,2013,6807.0,0.0,-0.35218299999999997,-0.508891,BLZ,FRA,030349
11946954,39,77,5102,2013,4691.0,0.0,0.719649,1.017046,CAN,FRA,030349
11946955,41,77,5102,2013,0.0,15573.0,2.2104470000000003,0.5403479999999999,CHE,FRA,030349
11946956,44,77,5102,2013,0.0,3204187.0,-0.923558,-0.866642,CIV,FRA,030349
11946957,45,77,5102,2013,0.0,76623.0,-0.901531,-1.027111,CMR,FRA,030349
11946958,49,77,5102,2013,0.0,1060923.0,0.121799,-0.388239,COL,FRA,030349
11946959,61,77,5102,2013,0.0,1152.0,2.093658,-3.4281980000000005,DEU,FRA,030349
11946960,71,77,5102,2013,387458.0,3098583.0,0.861698,2.353993,ESP,FRA,030349
11946961,75,77,5102,2013,120609.0,0.0,-0.5203369999999999,-0.122405,FJI,FRA,030349
11946962,81,77,5102,2013,1929.0,0.0,1.7901259999999999,0.44164,GBR,FRA,030349
11946963,83,77,5102,2013,0.0,107807.0,-0.7316010000000001,-0.5327689999999999,GHA,FRA,030349
11946964,90,77,5102,2013,14517.0,5520.0,0.18823800000000002,0.910906,GRC,FRA,030349
11946965,103,77,5102,2013,269332.0,0.0,-0.216854,1.415728,IDN,FRA,030349
11946966,104,77,5102,2013,212241.0,0.0,0.215356,2.3916209999999998,IND,FRA,030349
11946967,106,77,5102,2013,53251.0,0.0,1.29988,0.240688,IRL,FRA,030349
11946968,111,77,5102,2013,0.0,16759.0,1.289924,0.533436,ITA,FRA,030349
11946969,121,77,5102,2013,0.0,195777.0,1.818383,0.75645,KOR,FRA,030349
11946970,128,77,5102,2013,3400525.0,1022.0,-0.6521779999999999,0.41258599999999995,LKA,FRA,030349
11946971,131,77,5102,2013,0.0,2792.0,1.170459,1.150327,LUX,FRA,030349
11946972,136,77,5102,2013,4993.0,103677.0,-1.068565,-0.364254,MDG,FRA,030349
11946973,151,77,5102,2013,0.0,1282653.0,-0.158852,0.0061600000000000005,MUS,FRA,030349
11946974,162,77,5102,2013,21252.0,0.0,1.184107,1.249557,NLD,FRA,030349
11946975,167,77,5102,2013,32836.0,0.0,-0.604175,-1.0463209999999998,OMN,FRA,030349
11946976,174,77,5102,2013,0.0,6993.0,0.507868,0.355403,PHL,FRA,030349
11946977,179,77,5102,2013,3228.0,0.0,0.541454,2.5228610000000002,PRT,FRA,030349
11946978,191,77,5102,2013,680552.0,161829.0,-0.523662,-0.309101,SEN,FRA,030349
11946979,197,77,5102,2013,0.0,93728.0,-0.021029,0.381522,SLV,FRA,030349
11946980,211,77,5102,2013,6412864.0,670568.0,0.270999,-0.474095,SYC,FRA,030349
11946981,215,77,5102,2013,7406.0,49564.0,-0.598413,-0.49295200000000006,TGO,FRA,030349
11946982,216,77,5102,2013,0.0,462167.0,0.8752139999999999,1.3798620000000001,THA,FRA,030349
11946983,224,77,5102,2013,0.0,113580.0,0.42932299999999995,2.690235,TUR,FRA,030349
11946984,239,77,5102,2013,23160.0,0.0,-0.11426900000000001,1.399738,VNM,FRA,030349
11946985,7,81,5102,2013,0.0,1685.0,-0.074047,-0.585168,ARE,GBR,030349
11946986,24,81,5102,2013,0.0,12039.0,0.249681,-0.6204270000000001,BHR,GBR,030349
11946987,61,81,5102,2013,0.0,10607.0,2.093658,-3.4281980000000005,DEU,GBR,030349
11946988,64,81,5102,2013,0.0,15653.0,1.161835,1.1788450000000001,DNK,GBR,030349
11946989,71,81,5102,2013,155155.0,49376.0,0.861698,2.353993,ESP,GBR,030349
11946990,77,81,5102,2013,0.0,1929.0,1.520354,0.022874000000000002,FRA,GBR,030349
11946991,83,81,5102,2013,0.0,2509.0,-0.7316010000000001,-0.5327689999999999,GHA,GBR,030349
11946992,90,81,5102,2013,0.0,68249.0,0.18823800000000002,0.910906,GRC,GBR,030349
11946993,104,81,5102,2013,791561.0,0.0,0.215356,2.3916209999999998,IND,GBR,030349
11946994,106,81,5102,2013,0.0,1278834.0,1.29988,0.240688,IRL,GBR,030349
11946995,111,81,5102,2013,0.0,2379.0,1.289924,0.533436,ITA,GBR,030349
11946996,128,81,5102,2013,10118889.0,23407.0,-0.6521779999999999,0.41258599999999995,LKA,GBR,030349
11946997,162,81,5102,2013,3133.0,0.0,1.184107,1.249557,NLD,GBR,030349
11946998,177,81,5102,2013,0.0,217667.0,1.084332,1.216749,POL,GBR,030349
11946999,179,81,5102,2013,0.0,15191.0,0.541454,2.5228610000000002,PRT,GBR,030349
11947000,239,81,5102,2013,28893.0,0.0,-0.11426900000000001,1.399738,VNM,GBR,030349
11947001,15,90,5102,2013,0.0,22386.0,1.7209240000000001,-0.286892,AUT,GRC,030349
11947002,71,90,5102,2013,40455.0,0.0,0.861698,2.353993,ESP,GRC,030349
11947003,77,90,5102,2013,5520.0,14517.0,1.520354,0.022874000000000002,FRA,GRC,030349
11947004,81,90,5102,2013,68249.0,0.0,1.7901259999999999,0.44164,GBR,GRC,030349
11947005,114,90,5102,2013,0.0,52157.0,2.3993130000000003,-0.564768,JPN,GRC,030349
11947006,121,90,5102,2013,0.0,66003.0,1.818383,0.75645,KOR,GRC,030349
11947007,162,90,5102,2013,4156.0,0.0,1.184107,1.249557,NLD,GRC,030349
11947008,185,90,5102,2013,0.0,5081.0,0.792035,1.225034,ROU,GRC,030349
11947009,192,90,5102,2013,0.0,28835.0,1.915504,0.619576,SGP,GRC,030349
11947010,231,90,5102,2013,2485.0,0.0,1.6639689999999998,-0.48651300000000003,USA,GRC,030349
11947011,71,93,5102,2013,0.0,399612.0,0.861698,2.353993,ESP,GTM,030349
11947012,231,93,5102,2013,92217.0,0.0,1.6639689999999998,-0.48651300000000003,USA,GTM,030349
11947013,7,97,5102,2013,250794.0,0.0,-0.074047,-0.585168,ARE,HKG,030349
11947014,34,97,5102,2013,0.0,14048.0,-0.866827,-0.795995,BRN,HKG,030349
11947015,39,97,5102,2013,0.0,23924.0,0.719649,1.017046,CAN,HKG,030349
11947016,43,97,5102,2013,4985254.0,112866.0,1.113767,1.477496,CHN,HKG,030349
11947017,75,97,5102,2013,3257.0,0.0,-0.5203369999999999,-0.122405,FJI,HKG,030349
11947018,103,97,5102,2013,249228.0,0.0,-0.216854,1.415728,IDN,HKG,030349
11947019,104,97,5102,2013,287774.0,0.0,0.215356,2.3916209999999998,IND,HKG,030349
11947020,110,97,5102,2013,3062.0,0.0,1.197241,0.633828,ISR,HKG,030349
11947021,114,97,5102,2013,7137628.0,0.0,2.3993130000000003,-0.564768,JPN,HKG,030349
11947022,116,97,5102,2013,0.0,6887.0,-0.448112,0.8672719999999999,KEN,HKG,030349
11947023,121,97,5102,2013,37357.0,0.0,1.818383,0.75645,KOR,HKG,030349
11947024,128,97,5102,2013,388218.0,0.0,-0.6521779999999999,0.41258599999999995,LKA,HKG,030349
11947025,133,97,5102,2013,0.0,307118.0,0.252209,0.184401,MAC,HKG,030349
11947026,153,97,5102,2013,0.0,2700.0,0.937641,0.747496,MYS,HKG,030349
11947027,163,97,5102,2013,4985.0,0.0,0.892099,0.18168399999999998,NOR,HKG,030349
11947028,174,97,5102,2013,68841.0,0.0,0.507868,0.355403,PHL,HKG,030349
11947029,186,97,5102,2013,0.0,39592.0,0.481166,-0.180052,RUS,HKG,030349
11947030,216,97,5102,2013,669411.0,0.0,0.8752139999999999,1.3798620000000001,THA,HKG,030349
11947031,228,97,5102,2013,0.0,114670.0,0.657729,0.9063200000000001,UKR,HKG,030349
11947032,231,97,5102,2013,11216.0,0.0,1.6639689999999998,-0.48651300000000003,USA,HKG,030349
11947033,239,97,5102,2013,638519.0,19007.0,-0.11426900000000001,1.399738,VNM,HKG,030349
11947034,246,97,5102,2013,0.0,1435.0,0.380284,1.5682120000000002,ZAF,HKG,030349
11947035,249,97,5102,2013,44961.0,0.0,1.843186,0.9432379999999999,TWN,HKG,030349
11947036,61,102,5102,2013,0.0,14753.0,2.093658,-3.4281980000000005,DEU,HUN,030349
11947037,111,102,5102,2013,0.0,57325.0,1.289924,0.533436,ITA,HUN,030349
11947038,162,102,5102,2013,59329.0,0.0,1.184107,1.249557,NLD,HUN,030349
11947039,185,102,5102,2013,0.0,2250.0,0.792035,1.225034,ROU,HUN,030349
11947040,206,102,5102,2013,1751.0,2134.0,1.32064,0.7519819999999999,SVK,HUN,030349
11947041,207,102,5102,2013,1273.0,0.0,1.698374,0.563082,SVN,HUN,030349
11947042,7,103,5102,2013,0.0,248872.0,-0.074047,-0.585168,ARE,IDN,030349
11947043,14,103,5102,2013,0.0,9593.0,-0.31145700000000004,-0.167628,AUS,IDN,030349
11947044,15,103,5102,2013,0.0,237853.0,1.7209240000000001,-0.286892,AUT,IDN,030349
11947045,18,103,5102,2013,0.0,30719.0,1.316207,0.972601,BEL,IDN,030349
11947046,24,103,5102,2013,0.0,2656.0,0.249681,-0.6204270000000001,BHR,IDN,030349
11947047,39,103,5102,2013,187344.0,127998.0,0.719649,1.017046,CAN,IDN,030349
11947048,43,103,5102,2013,0.0,653804.0,1.113767,1.477496,CHN,IDN,030349
11947049,61,103,5102,2013,0.0,2905.0,2.093658,-3.4281980000000005,DEU,IDN,030349
11947050,65,103,5102,2013,0.0,856.0,-0.277269,0.432388,DOM,IDN,030349
11947051,68,103,5102,2013,0.0,1999754.0,-0.17418,1.692641,EGY,IDN,030349
11947052,71,103,5102,2013,0.0,1963199.0,0.861698,2.353993,ESP,IDN,030349
11947053,75,103,5102,2013,54238.0,0.0,-0.5203369999999999,-0.122405,FJI,IDN,030349
11947054,77,103,5102,2013,0.0,269332.0,1.520354,0.022874000000000002,FRA,IDN,030349
11947055,97,103,5102,2013,0.0,249228.0,0.744383,1.923139,HKG,IDN,030349
11947056,104,103,5102,2013,1104153.0,289989.0,0.215356,2.3916209999999998,IND,IDN,030349
11947057,107,103,5102,2013,0.0,1907489.0,-0.339172,-0.237114,IRN,IDN,030349
11947058,111,103,5102,2013,0.0,31581.0,1.289924,0.533436,ITA,IDN,030349
11947059,113,103,5102,2013,0.0,19112.0,0.152659,0.5889979999999999,JOR,IDN,030349
11947060,114,103,5102,2013,20802.0,4873706.0,2.3993130000000003,-0.564768,JPN,IDN,030349
11947061,121,103,5102,2013,0.0,517132.0,1.818383,0.75645,KOR,IDN,030349
11947062,122,103,5102,2013,0.0,16073.0,-0.536384,-1.08382,KWT,IDN,030349
11947063,124,103,5102,2013,0.0,130997.0,0.283084,1.4289100000000001,LBN,IDN,030349
11947064,128,103,5102,2013,0.0,508484.0,-0.6521779999999999,0.41258599999999995,LKA,IDN,030349
11947065,138,103,5102,2013,0.0,1051.0,1.048507,0.718932,MEX,IDN,030349
11947066,151,103,5102,2013,0.0,620483.0,-0.158852,0.0061600000000000005,MUS,IDN,030349
11947067,153,103,5102,2013,0.0,122465.0,0.937641,0.747496,MYS,IDN,030349
11947068,160,103,5102,2013,0.0,3962.0,-0.9277,-0.6842630000000001,NIC,IDN,030349
11947069,166,103,5102,2013,0.0,11108.0,0.3345,0.39063000000000003,NZL,IDN,030349
11947070,167,103,5102,2013,32816.0,0.0,-0.604175,-1.0463209999999998,OMN,IDN,030349
11947071,173,103,5102,2013,0.0,91558.0,-0.573852,0.357977,PER,IDN,030349
11947072,174,103,5102,2013,0.0,56697.0,0.507868,0.355403,PHL,IDN,030349
11947073,179,103,5102,2013,0.0,672212.0,0.541454,2.5228610000000002,PRT,IDN,030349
11947074,186,103,5102,2013,0.0,35431.0,0.481166,-0.180052,RUS,IDN,030349
11947075,192,103,5102,2013,1710.0,191187.0,1.915504,0.619576,SGP,IDN,030349
11947076,216,103,5102,2013,0.0,2811928.0,0.8752139999999999,1.3798620000000001,THA,IDN,030349
11947077,220,103,5102,2013,0.0,2013.0,-0.376633,-0.73677,TLS,IDN,030349
11947078,224,103,5102,2013,0.0,40089.0,0.42932299999999995,2.690235,TUR,IDN,030349
11947079,228,103,5102,2013,0.0,29081.0,0.657729,0.9063200000000001,UKR,IDN,030349
11947080,231,103,5102,2013,101099.0,265934.0,1.6639689999999998,-0.48651300000000003,USA,IDN,030349
11947081,239,103,5102,2013,0.0,1275919.0,-0.11426900000000001,1.399738,VNM,IDN,030349
11947082,249,103,5102,2013,10589.0,27804.0,1.843186,0.9432379999999999,TWN,IDN,030349
11947083,2,104,5102,2013,0.0,5471.0,-1.172043,-1.133735,AGO,IND,030349
11947084,7,104,5102,2013,6960.0,455996.0,-0.074047,-0.585168,ARE,IND,030349
11947085,14,104,5102,2013,0.0,204688.0,-0.31145700000000004,-0.167628,AUS,IND,030349
11947086,15,104,5102,2013,0.0,11466.0,1.7209240000000001,-0.286892,AUT,IND,030349
11947087,18,104,5102,2013,0.0,164849.0,1.316207,0.972601,BEL,IND,030349
11947088,22,104,5102,2013,0.0,37350.0,-1.101916,-0.734646,BGD,IND,030349
11947089,24,104,5102,2013,0.0,59354.0,0.249681,-0.6204270000000001,BHR,IND,030349
11947090,32,104,5102,2013,0.0,117634.0,0.14765899999999998,0.399262,BRA,IND,030349
11947091,34,104,5102,2013,0.0,16275.0,-0.866827,-0.795995,BRN,IND,030349
11947092,39,104,5102,2013,0.0,7944.0,0.719649,1.017046,CAN,IND,030349
11947093,41,104,5102,2013,0.0,2895.0,2.2104470000000003,0.5403479999999999,CHE,IND,030349
11947094,43,104,5102,2013,0.0,2258949.0,1.113767,1.477496,CHN,IND,030349
11947095,44,104,5102,2013,0.0,39783.0,-0.923558,-0.866642,CIV,IND,030349
11947096,45,104,5102,2013,0.0,32112.0,-0.901531,-1.027111,CMR,IND,030349
11947097,61,104,5102,2013,0.0,326804.0,2.093658,-3.4281980000000005,DEU,IND,030349
11947098,66,104,5102,2013,0.0,99507.0,-1.373947,-1.1523459999999999,DZA,IND,030349
11947099,72,104,5102,2013,0.0,42666.0,0.8828940000000001,1.386574,EST,IND,030349
11947100,77,104,5102,2013,0.0,212241.0,1.520354,0.022874000000000002,FRA,IND,030349
11947101,80,104,5102,2013,0.0,8942.0,-1.6582830000000002,-1.155302,GAB,IND,030349
11947102,81,104,5102,2013,0.0,791561.0,1.7901259999999999,0.44164,GBR,IND,030349
11947103,89,104,5102,2013,0.0,65200.0,-1.521575,-0.814708,GNQ,IND,030349
11947104,97,104,5102,2013,0.0,287774.0,0.744383,1.923139,HKG,IND,030349
11947105,103,104,5102,2013,289989.0,1104153.0,-0.216854,1.415728,IDN,IND,030349
11947106,107,104,5102,2013,0.0,78759.0,-0.339172,-0.237114,IRN,IND,030349
11947107,110,104,5102,2013,0.0,111911.0,1.197241,0.633828,ISR,IND,030349
11947108,111,104,5102,2013,0.0,117720.0,1.289924,0.533436,ITA,IND,030349
11947109,114,104,5102,2013,0.0,2317940.0,2.3993130000000003,-0.564768,JPN,IND,030349
11947110,121,104,5102,2013,0.0,2736089.0,1.818383,0.75645,KOR,IND,030349
11947111,122,104,5102,2013,0.0,26202.0,-0.536384,-1.08382,KWT,IND,030349
11947112,128,104,5102,2013,0.0,255502.0,-0.6521779999999999,0.41258599999999995,LKA,IND,030349
11947113,130,104,5102,2013,0.0,370291.0,0.737796,1.215543,LTU,IND,030349
11947114,151,104,5102,2013,0.0,102602.0,-0.158852,0.0061600000000000005,MUS,IND,030349
11947115,153,104,5102,2013,0.0,986378.0,0.937641,0.747496,MYS,IND,030349
11947116,159,104,5102,2013,0.0,26252.0,-1.745783,-1.1356680000000001,NGA,IND,030349
11947117,162,104,5102,2013,0.0,93139.0,1.184107,1.249557,NLD,IND,030349
11947118,164,104,5102,2013,0.0,4123.0,-0.293669,0.677365,NPL,IND,030349
11947119,166,104,5102,2013,0.0,9135.0,0.3345,0.39063000000000003,NZL,IND,030349
11947120,167,104,5102,2013,0.0,252437.0,-0.604175,-1.0463209999999998,OMN,IND,030349
11947121,174,104,5102,2013,0.0,102528.0,0.507868,0.355403,PHL,IND,030349
11947122,188,104,5102,2013,0.0,331547.0,0.626347,-0.844406,SAU,IND,030349
11947123,192,104,5102,2013,53211.0,622847.0,1.915504,0.619576,SGP,IND,030349
11947124,216,104,5102,2013,0.0,4029546.0,0.8752139999999999,1.3798620000000001,THA,IND,030349
11947125,223,104,5102,2013,0.0,1201371.0,0.185528,1.0070700000000001,TUN,IND,030349
11947126,226,104,5102,2013,0.0,23854.0,-0.9306770000000001,0.273489,TZA,IND,030349
11947127,231,104,5102,2013,0.0,288878.0,1.6639689999999998,-0.48651300000000003,USA,IND,030349
11947128,239,104,5102,2013,0.0,2446536.0,-0.11426900000000001,1.399738,VNM,IND,030349
11947129,249,104,5102,2013,0.0,1216656.0,1.843186,0.9432379999999999,TWN,IND,030349
11947130,97,110,5102,2013,0.0,3062.0,0.744383,1.923139,HKG,ISR,030349
11947131,104,110,5102,2013,111911.0,0.0,0.215356,2.3916209999999998,IND,ISR,030349
11947132,128,110,5102,2013,144120.0,0.0,-0.6521779999999999,0.41258599999999995,LKA,ISR,030349
11947133,162,110,5102,2013,2564.0,0.0,1.184107,1.249557,NLD,ISR,030349
11947134,7,111,5102,2013,0.0,5537.0,-0.074047,-0.585168,ARE,ITA,030349
11947135,15,111,5102,2013,1539.0,2438.0,1.7209240000000001,-0.286892,AUT,ITA,030349
11947136,18,111,5102,2013,0.0,7161.0,1.316207,0.972601,BEL,ITA,030349
11947137,23,111,5102,2013,0.0,1468.0,0.5026109999999999,1.674296,BGR,ITA,030349
11947138,41,111,5102,2013,0.0,59382.0,2.2104470000000003,0.5403479999999999,CHE,ITA,030349
11947139,59,111,5102,2013,0.0,1714.0,1.819653,-0.12423800000000002,CZE,ITA,030349
11947140,61,111,5102,2013,0.0,2423.0,2.093658,-3.4281980000000005,DEU,ITA,030349
11947141,64,111,5102,2013,5458.0,2098.0,1.161835,1.1788450000000001,DNK,ITA,030349
11947142,71,111,5102,2013,3159314.0,120279.0,0.861698,2.353993,ESP,ITA,030349
11947143,77,111,5102,2013,16759.0,0.0,1.520354,0.022874000000000002,FRA,ITA,030349
11947144,81,111,5102,2013,2379.0,0.0,1.7901259999999999,0.44164,GBR,ITA,030349
11947145,83,111,5102,2013,191593.0,0.0,-0.7316010000000001,-0.5327689999999999,GHA,ITA,030349
11947146,100,111,5102,2013,0.0,5143.0,0.898284,1.038807,HRV,ITA,030349
11947147,102,111,5102,2013,57325.0,0.0,1.506101,0.7279220000000001,HUN,ITA,030349
11947148,103,111,5102,2013,31581.0,0.0,-0.216854,1.415728,IDN,ITA,030349
11947149,104,111,5102,2013,117720.0,0.0,0.215356,2.3916209999999998,IND,ITA,030349
11947150,114,111,5102,2013,0.0,225099.0,2.3993130000000003,-0.564768,JPN,ITA,030349
11947151,116,111,5102,2013,137337.0,0.0,-0.448112,0.8672719999999999,KEN,ITA,030349
11947152,121,111,5102,2013,0.0,1046080.0,1.818383,0.75645,KOR,ITA,030349
11947153,128,111,5102,2013,8046867.0,0.0,-0.6521779999999999,0.41258599999999995,LKA,ITA,030349
11947154,142,111,5102,2013,8797.0,0.0,0.8519760000000001,-0.075869,MLT,ITA,030349
11947155,143,111,5102,2013,5371.0,0.0,-1.230787,-0.737375,MMR,ITA,030349
11947156,159,111,5102,2013,0.0,3118.0,-1.745783,-1.1356680000000001,NGA,ITA,030349
11947157,162,111,5102,2013,98768.0,0.0,1.184107,1.249557,NLD,ITA,030349
11947158,167,111,5102,2013,8085.0,0.0,-0.604175,-1.0463209999999998,OMN,ITA,030349
11947159,179,111,5102,2013,27552.0,2621.0,0.541454,2.5228610000000002,PRT,ITA,030349
11947160,183,111,5102,2013,0.0,123202.0,-0.083649,-1.013491,QAT,ITA,030349
11947161,185,111,5102,2013,0.0,3939.0,0.792035,1.225034,ROU,ITA,030349
11947162,206,111,5102,2013,0.0,38763.0,1.32064,0.7519819999999999,SVK,ITA,030349
11947163,207,111,5102,2013,0.0,22640.0,1.698374,0.563082,SVN,ITA,030349
11947164,211,111,5102,2013,5807.0,0.0,0.270999,-0.474095,SYC,ITA,030349
11947165,231,111,5102,2013,8481.0,0.0,1.6639689999999998,-0.48651300000000003,USA,ITA,030349
11947166,250,111,5102,2013,0.0,11488.0,0.628555,0.277602,ANS,ITA,030349
11947167,39,112,5102,2013,1154.0,0.0,0.719649,1.017046,CAN,JAM,030349
11947168,192,112,5102,2013,0.0,749.0,1.915504,0.619576,SGP,JAM,030349
11947169,103,113,5102,2013,19112.0,0.0,-0.216854,1.415728,IDN,JOR,030349
11947170,167,113,5102,2013,21636.0,0.0,-0.604175,-1.0463209999999998,OMN,JOR,030349
11947171,10,121,5102,2013,0.0,97195.0,0.686489,-0.251618,ASM,KOR,030349
11947172,14,121,5102,2013,2131076.0,0.0,-0.31145700000000004,-0.167628,AUS,KOR,030349
11947173,15,121,5102,2013,10790.0,0.0,1.7209240000000001,-0.286892,AUT,KOR,030349
11947174,29,121,5102,2013,1302.0,0.0,-0.35218299999999997,-0.508891,BLZ,KOR,030349
11947175,39,121,5102,2013,0.0,41550.0,0.719649,1.017046,CAN,KOR,030349
11947176,43,121,5102,2013,2077828.0,845243.0,1.113767,1.477496,CHN,KOR,030349
11947177,44,121,5102,2013,0.0,2555.0,-0.923558,-0.866642,CIV,KOR,030349
11947178,67,121,5102,2013,16400.0,18592.0,-0.86546,-0.8888389999999999,ECU,KOR,030349
11947179,68,121,5102,2013,1333.0,0.0,-0.17418,1.692641,EGY,KOR,030349
11947180,71,121,5102,2013,1881429.0,195606.0,0.861698,2.353993,ESP,KOR,030349
11947181,75,121,5102,2013,1588048.0,0.0,-0.5203369999999999,-0.122405,FJI,KOR,030349
11947182,77,121,5102,2013,195777.0,0.0,1.520354,0.022874000000000002,FRA,KOR,030349
11947183,83,121,5102,2013,4926.0,3899.0,-0.7316010000000001,-0.5327689999999999,GHA,KOR,030349
11947184,85,121,5102,2013,113043.0,19353.0,-1.1287459999999998,-1.069735,GIN,KOR,030349
11947185,90,121,5102,2013,66003.0,0.0,0.18823800000000002,0.910906,GRC,KOR,030349
11947186,97,121,5102,2013,0.0,37357.0,0.744383,1.923139,HKG,KOR,030349
11947187,100,121,5102,2013,540914.0,0.0,0.898284,1.038807,HRV,KOR,030349
11947188,103,121,5102,2013,517132.0,0.0,-0.216854,1.415728,IDN,KOR,030349
11947189,104,121,5102,2013,2736089.0,0.0,0.215356,2.3916209999999998,IND,KOR,030349
11947190,107,121,5102,2013,0.0,634097.0,-0.339172,-0.237114,IRN,KOR,030349
11947191,111,121,5102,2013,1046080.0,0.0,1.289924,0.533436,ITA,KOR,030349
11947192,114,121,5102,2013,2968222.0,75259808.0,2.3993130000000003,-0.564768,JPN,KOR,030349
11947193,125,121,5102,2013,0.0,85400.0,-0.41869399999999996,-0.9538770000000001,LBR,KOR,030349
11947194,126,121,5102,2013,319738.0,0.0,-1.6241459999999999,-1.1817950000000002,LBY,KOR,030349
11947195,128,121,5102,2013,2830.0,53260.0,-0.6521779999999999,0.41258599999999995,LKA,KOR,030349
11947196,134,121,5102,2013,137139.0,0.0,-0.6494260000000001,-0.035075999999999996,MAR,KOR,030349
11947197,138,121,5102,2013,196829.0,0.0,1.048507,0.718932,MEX,KOR,030349
11947198,142,121,5102,2013,32245.0,778476.0,0.8519760000000001,-0.075869,MLT,KOR,030349
11947199,145,121,5102,2013,0.0,52343.0,-1.3270950000000001,-1.144547,MNG,KOR,030349
11947200,151,121,5102,2013,0.0,4783.0,-0.158852,0.0061600000000000005,MUS,KOR,030349
11947201,153,121,5102,2013,1165.0,15028.0,0.937641,0.747496,MYS,KOR,030349
11947202,167,121,5102,2013,672298.0,0.0,-0.604175,-1.0463209999999998,OMN,KOR,030349
11947203,174,121,5102,2013,74199.0,38613.0,0.507868,0.355403,PHL,KOR,030349
11947204,179,121,5102,2013,421763.0,0.0,0.541454,2.5228610000000002,PRT,KOR,030349
11947205,191,121,5102,2013,0.0,341954.0,-0.523662,-0.309101,SEN,KOR,030349
11947206,192,121,5102,2013,72415.0,14452.0,1.915504,0.619576,SGP,KOR,030349
11947207,196,121,5102,2013,0.0,1255.0,-0.132082,-0.552921,SLE,KOR,030349
11947208,211,121,5102,2013,85285.0,0.0,0.270999,-0.474095,SYC,KOR,030349
11947209,212,121,5102,2013,3989.0,0.0,-0.14343399999999998,1.077256,SYR,KOR,030349
11947210,216,121,5102,2013,1772.0,1606115.0,0.8752139999999999,1.3798620000000001,THA,KOR,030349
11947211,222,121,5102,2013,0.0,78401.0,-0.280641,-1.083332,TTO,KOR,030349
11947212,223,121,5102,2013,475098.0,0.0,0.185528,1.0070700000000001,TUN,KOR,030349
11947213,224,121,5102,2013,660227.0,0.0,0.42932299999999995,2.690235,TUR,KOR,030349
11947214,225,121,5102,2013,353489.0,0.0,0.002879,-0.779308,TUV,KOR,030349
11947215,226,121,5102,2013,0.0,150824.0,-0.9306770000000001,0.273489,TZA,KOR,030349
11947216,231,121,5102,2013,0.0,851204.0,1.6639689999999998,-0.48651300000000003,USA,KOR,030349
11947217,239,121,5102,2013,435063.0,534182.0,-0.11426900000000001,1.399738,VNM,KOR,030349
11947218,240,121,5102,2013,61955.0,0.0,-0.6548689999999999,-0.811184,VUT,KOR,030349
11947219,246,121,5102,2013,0.0,14696.0,0.380284,1.5682120000000002,ZAF,KOR,030349
11947220,249,121,5102,2013,5720032.0,9543.0,1.843186,0.9432379999999999,TWN,KOR,030349
11947221,7,122,5102,2013,26180.0,0.0,-0.074047,-0.585168,ARE,KWT,030349
11947222,39,122,5102,2013,798.0,0.0,0.719649,1.017046,CAN,KWT,030349
11947223,71,122,5102,2013,1083.0,0.0,0.861698,2.353993,ESP,KWT,030349
11947224,103,122,5102,2013,16073.0,0.0,-0.216854,1.415728,IDN,KWT,030349
11947225,104,122,5102,2013,26202.0,0.0,0.215356,2.3916209999999998,IND,KWT,030349
11947226,107,122,5102,2013,2474.0,0.0,-0.339172,-0.237114,IRN,KWT,030349
11947227,128,122,5102,2013,2061.0,0.0,-0.6521779999999999,0.41258599999999995,LKA,KWT,030349
11947228,163,122,5102,2013,52783.0,0.0,0.892099,0.18168399999999998,NOR,KWT,030349
11947229,168,122,5102,2013,68741.0,0.0,-0.75727,0.769703,PAK,KWT,030349
11947230,188,122,5102,2013,3296.0,23737.0,0.626347,-0.844406,SAU,KWT,030349
11947231,216,122,5102,2013,1271.0,0.0,0.8752139999999999,1.3798620000000001,THA,KWT,030349
11947232,231,122,5102,2013,2696.0,0.0,1.6639689999999998,-0.48651300000000003,USA,KWT,030349
11947233,239,122,5102,2013,8372.0,0.0,-0.11426900000000001,1.399738,VNM,KWT,030349
11947234,243,122,5102,2013,2397.0,0.0,-1.252605,-1.207324,YEM,KWT,030349
11947235,249,122,5102,2013,85720.0,0.0,1.843186,0.9432379999999999,TWN,KWT,030349
11947236,43,138,5102,2013,3774.0,0.0,1.113767,1.477496,CHN,MEX,030349
11947237,67,138,5102,2013,0.0,4420.0,-0.86546,-0.8888389999999999,ECU,MEX,030349
11947238,71,138,5102,2013,1161896.0,0.0,0.861698,2.353993,ESP,MEX,030349
11947239,103,138,5102,2013,1051.0,0.0,-0.216854,1.415728,IDN,MEX,030349
11947240,114,138,5102,2013,0.0,19332378.0,2.3993130000000003,-0.564768,JPN,MEX,030349
11947241,121,138,5102,2013,0.0,196829.0,1.818383,0.75645,KOR,MEX,030349
11947242,128,138,5102,2013,0.0,47038.0,-0.6521779999999999,0.41258599999999995,LKA,MEX,030349
11947243,197,138,5102,2013,199154.0,0.0,-0.021029,0.381522,SLV,MEX,030349
11947244,231,138,5102,2013,46075.0,158576.0,1.6639689999999998,-0.48651300000000003,USA,MEX,030349
11947245,34,153,5102,2013,0.0,7191.0,-0.866827,-0.795995,BRN,MYS,030349
11947246,43,153,5102,2013,668758.0,0.0,1.113767,1.477496,CHN,MYS,030349
11947247,67,153,5102,2013,20174.0,0.0,-0.86546,-0.8888389999999999,ECU,MYS,030349
11947248,97,153,5102,2013,2700.0,0.0,0.744383,1.923139,HKG,MYS,030349
11947249,103,153,5102,2013,122465.0,0.0,-0.216854,1.415728,IDN,MYS,030349
11947250,104,153,5102,2013,986378.0,0.0,0.215356,2.3916209999999998,IND,MYS,030349
11947251,114,153,5102,2013,85518.0,2106.0,2.3993130000000003,-0.564768,JPN,MYS,030349
11947252,116,153,5102,2013,0.0,27788.0,-0.448112,0.8672719999999999,KEN,MYS,030349
11947253,121,153,5102,2013,15028.0,1165.0,1.818383,0.75645,KOR,MYS,030349
11947254,143,153,5102,2013,22499.0,0.0,-1.230787,-0.737375,MMR,MYS,030349
11947255,166,153,5102,2013,0.0,6718.0,0.3345,0.39063000000000003,NZL,MYS,030349
11947256,168,153,5102,2013,671822.0,0.0,-0.75727,0.769703,PAK,MYS,030349
11947257,174,153,5102,2013,1680.0,2442.0,0.507868,0.355403,PHL,MYS,030349
11947258,188,153,5102,2013,14253.0,0.0,0.626347,-0.844406,SAU,MYS,030349
11947259,192,153,5102,2013,48960.0,38853.0,1.915504,0.619576,SGP,MYS,030349
11947260,216,153,5102,2013,136159.0,121748.0,0.8752139999999999,1.3798620000000001,THA,MYS,030349
11947261,231,153,5102,2013,0.0,22407.0,1.6639689999999998,-0.48651300000000003,USA,MYS,030349
11947262,239,153,5102,2013,203260.0,288369.0,-0.11426900000000001,1.399738,VNM,MYS,030349
11947263,243,153,5102,2013,15103.0,0.0,-1.252605,-1.207324,YEM,MYS,030349
11947264,249,153,5102,2013,101464.0,1278.0,1.843186,0.9432379999999999,TWN,MYS,030349
11947265,7,162,5102,2013,0.0,5819.0,-0.074047,-0.585168,ARE,NLD,030349
11947266,15,162,5102,2013,0.0,25448.0,1.7209240000000001,-0.286892,AUT,NLD,030349
11947267,18,162,5102,2013,139016.0,164130.0,1.316207,0.972601,BEL,NLD,030349
11947268,24,162,5102,2013,0.0,2246.0,0.249681,-0.6204270000000001,BHR,NLD,030349
11947269,58,162,5102,2013,13869.0,0.0,0.502238,0.349608,CYP,NLD,030349
11947270,59,162,5102,2013,0.0,1119.0,1.819653,-0.12423800000000002,CZE,NLD,030349
11947271,61,162,5102,2013,0.0,168290.0,2.093658,-3.4281980000000005,DEU,NLD,030349
11947272,64,162,5102,2013,0.0,366915.0,1.161835,1.1788450000000001,DNK,NLD,030349
11947273,71,162,5102,2013,148782.0,83205.0,0.861698,2.353993,ESP,NLD,030349
11947274,75,162,5102,2013,13103.0,0.0,-0.5203369999999999,-0.122405,FJI,NLD,030349
11947275,77,162,5102,2013,0.0,21252.0,1.520354,0.022874000000000002,FRA,NLD,030349
11947276,80,162,5102,2013,0.0,2992.0,-1.6582830000000002,-1.155302,GAB,NLD,030349
11947277,81,162,5102,2013,0.0,3133.0,1.7901259999999999,0.44164,GBR,NLD,030349
11947278,83,162,5102,2013,0.0,80115.0,-0.7316010000000001,-0.5327689999999999,GHA,NLD,030349
11947279,87,162,5102,2013,0.0,3660.0,-0.5571550000000001,-0.6860310000000001,GMB,NLD,030349
11947280,90,162,5102,2013,0.0,4156.0,0.18823800000000002,0.910906,GRC,NLD,030349
11947281,100,162,5102,2013,0.0,456073.0,0.898284,1.038807,HRV,NLD,030349
11947282,102,162,5102,2013,0.0,59329.0,1.506101,0.7279220000000001,HUN,NLD,030349
11947283,104,162,5102,2013,93139.0,0.0,0.215356,2.3916209999999998,IND,NLD,030349
11947284,106,162,5102,2013,0.0,1085.0,1.29988,0.240688,IRL,NLD,030349
11947285,110,162,5102,2013,0.0,2564.0,1.197241,0.633828,ISR,NLD,030349
11947286,111,162,5102,2013,0.0,98768.0,1.289924,0.533436,ITA,NLD,030349
11947287,128,162,5102,2013,11844379.0,0.0,-0.6521779999999999,0.41258599999999995,LKA,NLD,030349
11947288,132,162,5102,2013,0.0,2882.0,0.6219439999999999,1.166749,LVA,NLD,030349
11947289,151,162,5102,2013,0.0,515620.0,-0.158852,0.0061600000000000005,MUS,NLD,030349
11947290,159,162,5102,2013,0.0,11456.0,-1.745783,-1.1356680000000001,NGA,NLD,030349
11947291,167,162,5102,2013,732.0,0.0,-0.604175,-1.0463209999999998,OMN,NLD,030349
11947292,177,162,5102,2013,0.0,10055.0,1.084332,1.216749,POL,NLD,030349
11947293,183,162,5102,2013,0.0,1305.0,-0.083649,-1.013491,QAT,NLD,030349
11947294,207,162,5102,2013,0.0,19381.0,1.698374,0.563082,SVN,NLD,030349
11947295,208,162,5102,2013,0.0,132128.0,1.869421,0.228109,SWE,NLD,030349
11947296,224,162,5102,2013,0.0,19021.0,0.42932299999999995,2.690235,TUR,NLD,030349
11947297,231,162,5102,2013,29824.0,0.0,1.6639689999999998,-0.48651300000000003,USA,NLD,030349
11947298,239,162,5102,2013,14791.0,0.0,-0.11426900000000001,1.399738,VNM,NLD,030349
11947299,243,162,5102,2013,12899.0,0.0,-1.252605,-1.207324,YEM,NLD,030349
11947300,34,163,5102,2013,0.0,1172.0,-0.866827,-0.795995,BRN,NOR,030349
11947301,68,163,5102,2013,0.0,128826.0,-0.17418,1.692641,EGY,NOR,030349
11947302,71,163,5102,2013,7470.0,0.0,0.861698,2.353993,ESP,NOR,030349
11947303,97,163,5102,2013,0.0,4985.0,0.744383,1.923139,HKG,NOR,030349
11947304,122,163,5102,2013,0.0,52783.0,-0.536384,-1.08382,KWT,NOR,030349
11947305,128,163,5102,2013,50672.0,0.0,-0.6521779999999999,0.41258599999999995,LKA,NOR,030349
11947306,174,163,5102,2013,0.0,169088.0,0.507868,0.355403,PHL,NOR,030349
11947307,239,163,5102,2013,2972.0,0.0,-0.11426900000000001,1.399738,VNM,NOR,030349
11947308,7,166,5102,2013,0.0,296460.0,-0.074047,-0.585168,ARE,NZL,030349
11947309,39,166,5102,2013,0.0,7411.0,0.719649,1.017046,CAN,NZL,030349
11947310,75,166,5102,2013,268478.0,0.0,-0.5203369999999999,-0.122405,FJI,NZL,030349
11947311,103,166,5102,2013,11108.0,0.0,-0.216854,1.415728,IDN,NZL,030349
11947312,104,166,5102,2013,9135.0,0.0,0.215356,2.3916209999999998,IND,NZL,030349
11947313,114,166,5102,2013,0.0,4147800.0,2.3993130000000003,-0.564768,JPN,NZL,030349
11947314,153,166,5102,2013,6718.0,0.0,0.937641,0.747496,MYS,NZL,030349
11947315,216,166,5102,2013,0.0,103687.0,0.8752139999999999,1.3798620000000001,THA,NZL,030349
11947316,221,166,5102,2013,3515.0,0.0,0.183053,-0.345657,TON,NZL,030349
11947317,231,166,5102,2013,2959.0,0.0,1.6639689999999998,-0.48651300000000003,USA,NZL,030349
11947318,239,166,5102,2013,0.0,716552.0,-0.11426900000000001,1.399738,VNM,NZL,030349
11947319,52,169,5102,2013,0.0,93719.0,0.067379,-0.688217,CRI,PAN,030349
11947320,65,169,5102,2013,0.0,3789.0,-0.277269,0.432388,DOM,PAN,030349
11947321,67,169,5102,2013,0.0,454267.0,-0.86546,-0.8888389999999999,ECU,PAN,030349
11947322,71,169,5102,2013,0.0,1450073.0,0.861698,2.353993,ESP,PAN,030349
11947323,128,169,5102,2013,0.0,70576.0,-0.6521779999999999,0.41258599999999995,LKA,PAN,030349
11947324,173,169,5102,2013,0.0,141033.0,-0.573852,0.357977,PER,PAN,030349
11947325,191,169,5102,2013,835689.0,0.0,-0.523662,-0.309101,SEN,PAN,030349
11947326,197,169,5102,2013,0.0,435560.0,-0.021029,0.381522,SLV,PAN,030349
11947327,222,169,5102,2013,0.0,34420.0,-0.280641,-1.083332,TTO,PAN,030349
11947328,224,169,5102,2013,0.0,20826.0,0.42932299999999995,2.690235,TUR,PAN,030349
11947329,23,173,5102,2013,0.0,32510.0,0.5026109999999999,1.674296,BGR,PER,030349
11947330,42,173,5102,2013,7936.0,0.0,-0.260718,-0.38256100000000004,CHL,PER,030349
11947331,67,173,5102,2013,479706.0,0.0,-0.86546,-0.8888389999999999,ECU,PER,030349
11947332,71,173,5102,2013,5085.0,0.0,0.861698,2.353993,ESP,PER,030349
11947333,103,173,5102,2013,91558.0,0.0,-0.216854,1.415728,IDN,PER,030349
11947334,114,173,5102,2013,7623.0,0.0,2.3993130000000003,-0.564768,JPN,PER,030349
11947335,169,173,5102,2013,141033.0,0.0,0.735637,1.161718,PAN,PER,030349
11947336,191,173,5102,2013,4942.0,0.0,-0.523662,-0.309101,SEN,PER,030349
11947337,231,173,5102,2013,2541.0,0.0,1.6639689999999998,-0.48651300000000003,USA,PER,030349
11947338,236,173,5102,2013,0.0,178094.0,-0.778172,-1.107059,VEN,PER,030349
11947339,239,173,5102,2013,74587.0,0.0,-0.11426900000000001,1.399738,VNM,PER,030349
11947340,250,173,5102,2013,488892.0,0.0,0.628555,0.277602,ANS,PER,030349
11947341,7,174,5102,2013,0.0,43331.0,-0.074047,-0.585168,ARE,PHL,030349
11947342,14,174,5102,2013,1072.0,0.0,-0.31145700000000004,-0.167628,AUS,PHL,030349
11947343,24,174,5102,2013,0.0,6636.0,0.249681,-0.6204270000000001,BHR,PHL,030349
11947344,39,174,5102,2013,0.0,10935.0,0.719649,1.017046,CAN,PHL,030349
11947345,43,174,5102,2013,569542.0,0.0,1.113767,1.477496,CHN,PHL,030349
11947346,71,174,5102,2013,1081946.0,0.0,0.861698,2.353993,ESP,PHL,030349
11947347,77,174,5102,2013,6993.0,0.0,1.520354,0.022874000000000002,FRA,PHL,030349
11947348,97,174,5102,2013,0.0,68841.0,0.744383,1.923139,HKG,PHL,030349
11947349,103,174,5102,2013,56697.0,0.0,-0.216854,1.415728,IDN,PHL,030349
11947350,104,174,5102,2013,102528.0,0.0,0.215356,2.3916209999999998,IND,PHL,030349
11947351,114,174,5102,2013,225306.0,12726691.0,2.3993130000000003,-0.564768,JPN,PHL,030349
11947352,116,174,5102,2013,0.0,531122.0,-0.448112,0.8672719999999999,KEN,PHL,030349
11947353,121,174,5102,2013,38613.0,74199.0,1.818383,0.75645,KOR,PHL,030349
11947354,137,174,5102,2013,21512.0,0.0,-0.21889699999999998,-0.776392,MDV,PHL,030349
11947355,139,174,5102,2013,91776.0,0.0,-0.980348,-0.8763219999999999,MHL,PHL,030349
11947356,153,174,5102,2013,2442.0,1680.0,0.937641,0.747496,MYS,PHL,030349
11947357,163,174,5102,2013,169088.0,0.0,0.892099,0.18168399999999998,NOR,PHL,030349
11947358,176,174,5102,2013,2142097.0,0.0,-1.444244,-1.144231,PNG,PHL,030349
11947359,183,174,5102,2013,0.0,730.0,-0.083649,-1.013491,QAT,PHL,030349
11947360,192,174,5102,2013,0.0,52218.0,1.915504,0.619576,SGP,PHL,030349
11947361,211,174,5102,2013,0.0,9283.0,0.270999,-0.474095,SYC,PHL,030349
11947362,216,174,5102,2013,0.0,332724.0,0.8752139999999999,1.3798620000000001,THA,PHL,030349
11947363,231,174,5102,2013,0.0,120216.0,1.6639689999999998,-0.48651300000000003,USA,PHL,030349
11947364,239,174,5102,2013,2518324.0,0.0,-0.11426900000000001,1.399738,VNM,PHL,030349
11947365,243,174,5102,2013,61917.0,0.0,-1.252605,-1.207324,YEM,PHL,030349
11947366,249,174,5102,2013,476811.0,0.0,1.843186,0.9432379999999999,TWN,PHL,030349
11947367,42,177,5102,2013,15836.0,0.0,-0.260718,-0.38256100000000004,CHL,POL,030349
11947368,59,177,5102,2013,0.0,34467.0,1.819653,-0.12423800000000002,CZE,POL,030349
11947369,61,177,5102,2013,38253.0,0.0,2.093658,-3.4281980000000005,DEU,POL,030349
11947370,64,177,5102,2013,4831.0,0.0,1.161835,1.1788450000000001,DNK,POL,030349
11947371,81,177,5102,2013,217667.0,0.0,1.7901259999999999,0.44164,GBR,POL,030349
11947372,128,177,5102,2013,225813.0,0.0,-0.6521779999999999,0.41258599999999995,LKA,POL,030349
11947373,130,177,5102,2013,0.0,38483.0,0.737796,1.215543,LTU,POL,030349
11947374,162,177,5102,2013,10055.0,0.0,1.184107,1.249557,NLD,POL,030349
11947375,185,177,5102,2013,0.0,1156.0,0.792035,1.225034,ROU,POL,030349
11947376,206,177,5102,2013,0.0,35302.0,1.32064,0.7519819999999999,SVK,POL,030349
11947377,2,179,5102,2013,0.0,36396.0,-1.172043,-1.133735,AGO,PRT,030349
11947378,32,179,5102,2013,11264.0,0.0,0.14765899999999998,0.399262,BRA,PRT,030349
11947379,41,179,5102,2013,0.0,4773.0,2.2104470000000003,0.5403479999999999,CHE,PRT,030349
11947380,43,179,5102,2013,0.0,10235.0,1.113767,1.477496,CHN,PRT,030349
11947381,51,179,5102,2013,8527.0,2740.0,-0.75058,-0.8948219999999999,CPV,PRT,030349
11947382,61,179,5102,2013,0.0,13303.0,2.093658,-3.4281980000000005,DEU,PRT,030349
11947383,71,179,5102,2013,2421570.0,2309022.0,0.861698,2.353993,ESP,PRT,030349
11947384,77,179,5102,2013,0.0,3228.0,1.520354,0.022874000000000002,FRA,PRT,030349
11947385,81,179,5102,2013,15191.0,0.0,1.7901259999999999,0.44164,GBR,PRT,030349
11947386,83,179,5102,2013,18416.0,0.0,-0.7316010000000001,-0.5327689999999999,GHA,PRT,030349
11947387,100,179,5102,2013,0.0,39034.0,0.898284,1.038807,HRV,PRT,030349
11947388,103,179,5102,2013,672212.0,0.0,-0.216854,1.415728,IDN,PRT,030349
11947389,111,179,5102,2013,2621.0,27552.0,1.289924,0.533436,ITA,PRT,030349
11947390,114,179,5102,2013,0.0,461224.0,2.3993130000000003,-0.564768,JPN,PRT,030349
11947391,121,179,5102,2013,0.0,421763.0,1.818383,0.75645,KOR,PRT,030349
11947392,128,179,5102,2013,2918.0,0.0,-0.6521779999999999,0.41258599999999995,LKA,PRT,030349
11947393,155,179,5102,2013,292160.0,0.0,-0.308643,-0.480617,NAM,PRT,030349
11947394,231,179,5102,2013,0.0,19902.0,1.6639689999999998,-0.48651300000000003,USA,PRT,030349
11947395,14,183,5102,2013,926.0,0.0,-0.31145700000000004,-0.167628,AUS,QAT,030349
11947396,39,183,5102,2013,824.0,0.0,0.719649,1.017046,CAN,QAT,030349
11947397,111,183,5102,2013,123202.0,0.0,1.289924,0.533436,ITA,QAT,030349
11947398,114,183,5102,2013,14298.0,0.0,2.3993130000000003,-0.564768,JPN,QAT,030349
11947399,128,183,5102,2013,21894.0,0.0,-0.6521779999999999,0.41258599999999995,LKA,QAT,030349
11947400,162,183,5102,2013,1305.0,0.0,1.184107,1.249557,NLD,QAT,030349
11947401,168,183,5102,2013,129644.0,0.0,-0.75727,0.769703,PAK,QAT,030349
11947402,174,183,5102,2013,730.0,0.0,0.507868,0.355403,PHL,QAT,030349
11947403,216,183,5102,2013,4510.0,0.0,0.8752139999999999,1.3798620000000001,THA,QAT,030349
11947404,249,183,5102,2013,3367.0,0.0,1.843186,0.9432379999999999,TWN,QAT,030349
11947405,24,188,5102,2013,0.0,18544.0,0.249681,-0.6204270000000001,BHR,SAU,030349
11947406,104,188,5102,2013,331547.0,0.0,0.215356,2.3916209999999998,IND,SAU,030349
11947407,122,188,5102,2013,23737.0,3296.0,-0.536384,-1.08382,KWT,SAU,030349
11947408,128,188,5102,2013,5280.0,0.0,-0.6521779999999999,0.41258599999999995,LKA,SAU,030349
11947409,153,188,5102,2013,0.0,14253.0,0.937641,0.747496,MYS,SAU,030349
11947410,167,188,5102,2013,3541.0,0.0,-0.604175,-1.0463209999999998,OMN,SAU,030349
11947411,168,188,5102,2013,643706.0,22794.0,-0.75727,0.769703,PAK,SAU,030349
11947412,216,188,5102,2013,30847.0,0.0,0.8752139999999999,1.3798620000000001,THA,SAU,030349
11947413,249,188,5102,2013,48725.0,0.0,1.843186,0.9432379999999999,TWN,SAU,030349
11947414,7,192,5102,2013,0.0,7905.0,-0.074047,-0.585168,ARE,SGP,030349
11947415,14,192,5102,2013,626944.0,0.0,-0.31145700000000004,-0.167628,AUS,SGP,030349
11947416,32,192,5102,2013,0.0,33817.0,0.14765899999999998,0.399262,BRA,SGP,030349
11947417,34,192,5102,2013,0.0,18721.0,-0.866827,-0.795995,BRN,SGP,030349
11947418,43,192,5102,2013,250954.0,526881.0,1.113767,1.477496,CHN,SGP,030349
11947419,71,192,5102,2013,74567.0,0.0,0.861698,2.353993,ESP,SGP,030349
11947420,75,192,5102,2013,883655.0,0.0,-0.5203369999999999,-0.122405,FJI,SGP,030349
11947421,90,192,5102,2013,28835.0,0.0,0.18823800000000002,0.910906,GRC,SGP,030349
11947422,100,192,5102,2013,408832.0,0.0,0.898284,1.038807,HRV,SGP,030349
11947423,103,192,5102,2013,191187.0,1710.0,-0.216854,1.415728,IDN,SGP,030349
11947424,104,192,5102,2013,622847.0,53211.0,0.215356,2.3916209999999998,IND,SGP,030349
11947425,105,192,5102,2013,1239032.0,0.0,0.7192390000000001,-0.628595,IOT,SGP,030349
11947426,106,192,5102,2013,992.0,0.0,1.29988,0.240688,IRL,SGP,030349
11947427,112,192,5102,2013,749.0,0.0,-0.541441,-0.8448559999999999,JAM,SGP,030349
11947428,114,192,5102,2013,1381659.0,1995124.0,2.3993130000000003,-0.564768,JPN,SGP,030349
11947429,118,192,5102,2013,0.0,6256.0,-1.054758,-0.872352,KHM,SGP,030349
11947430,121,192,5102,2013,14452.0,72415.0,1.818383,0.75645,KOR,SGP,030349
11947431,128,192,5102,2013,90229.0,0.0,-0.6521779999999999,0.41258599999999995,LKA,SGP,030349
11947432,137,192,5102,2013,0.0,32516.0,-0.21889699999999998,-0.776392,MDV,SGP,030349
11947433,143,192,5102,2013,0.0,2965.0,-1.230787,-0.737375,MMR,SGP,030349
11947434,151,192,5102,2013,36481.0,13648.0,-0.158852,0.0061600000000000005,MUS,SGP,030349
11947435,153,192,5102,2013,38853.0,48960.0,0.937641,0.747496,MYS,SGP,030349
11947436,167,192,5102,2013,111846.0,0.0,-0.604175,-1.0463209999999998,OMN,SGP,030349
11947437,174,192,5102,2013,52218.0,0.0,0.507868,0.355403,PHL,SGP,030349
11947438,216,192,5102,2013,329082.0,277015.0,0.8752139999999999,1.3798620000000001,THA,SGP,030349
11947439,224,192,5102,2013,20197.0,0.0,0.42932299999999995,2.690235,TUR,SGP,030349
11947440,239,192,5102,2013,46767.0,0.0,-0.11426900000000001,1.399738,VNM,SGP,030349
11947441,246,192,5102,2013,1703.0,0.0,0.380284,1.5682120000000002,ZAF,SGP,030349
11947442,249,192,5102,2013,321263.0,12455.0,1.843186,0.9432379999999999,TWN,SGP,030349
11947443,44,197,5102,2013,38625.0,0.0,-0.923558,-0.866642,CIV,SLV,030349
11947444,51,197,5102,2013,202294.0,0.0,-0.75058,-0.8948219999999999,CPV,SLV,030349
11947445,71,197,5102,2013,1608012.0,79515.0,0.861698,2.353993,ESP,SLV,030349
11947446,77,197,5102,2013,93728.0,0.0,1.520354,0.022874000000000002,FRA,SLV,030349
11947447,119,197,5102,2013,27781.0,0.0,-0.258825,-0.781927,KIR,SLV,030349
11947448,138,197,5102,2013,0.0,199154.0,1.048507,0.718932,MEX,SLV,030349
11947449,169,197,5102,2013,435560.0,0.0,0.735637,1.161718,PAN,SLV,030349
11947450,191,197,5102,2013,238048.0,0.0,-0.523662,-0.309101,SEN,SLV,030349
11947451,216,197,5102,2013,0.0,30880.0,0.8752139999999999,1.3798620000000001,THA,SLV,030349
11947452,231,197,5102,2013,3311.0,0.0,1.6639689999999998,-0.48651300000000003,USA,SLV,030349
11947453,222,205,5102,2013,0.0,887.0,-0.280641,-1.083332,TTO,SUR,030349
11947454,49,206,5102,2013,2068.0,0.0,0.121799,-0.388239,COL,SVK,030349
11947455,59,206,5102,2013,19333.0,0.0,1.819653,-0.12423800000000002,CZE,SVK,030349
11947456,61,206,5102,2013,37398.0,0.0,2.093658,-3.4281980000000005,DEU,SVK,030349
11947457,102,206,5102,2013,2134.0,1751.0,1.506101,0.7279220000000001,HUN,SVK,030349
11947458,111,206,5102,2013,38763.0,0.0,1.289924,0.533436,ITA,SVK,030349
11947459,177,206,5102,2013,35302.0,0.0,1.084332,1.216749,POL,SVK,030349
11947460,61,208,5102,2013,38569.0,0.0,2.093658,-3.4281980000000005,DEU,SWE,030349
11947461,64,208,5102,2013,17916.0,0.0,1.161835,1.1788450000000001,DNK,SWE,030349
11947462,74,208,5102,2013,0.0,85485.0,1.734552,0.8896940000000001,FIN,SWE,030349
11947463,128,208,5102,2013,7064.0,0.0,-0.6521779999999999,0.41258599999999995,LKA,SWE,030349
11947464,162,208,5102,2013,132128.0,0.0,1.184107,1.249557,NLD,SWE,030349
11947465,231,208,5102,2013,4604.0,0.0,1.6639689999999998,-0.48651300000000003,USA,SWE,030349
11947466,7,216,5102,2013,0.0,11801.0,-0.074047,-0.585168,ARE,THA,030349
11947467,15,216,5102,2013,0.0,1282.0,1.7209240000000001,-0.286892,AUT,THA,030349
11947468,24,216,5102,2013,0.0,80390.0,0.249681,-0.6204270000000001,BHR,THA,030349
11947469,34,216,5102,2013,395772.0,0.0,-0.866827,-0.795995,BRN,THA,030349
11947470,39,216,5102,2013,0.0,475843.0,0.719649,1.017046,CAN,THA,030349
11947471,41,216,5102,2013,242726.0,0.0,2.2104470000000003,0.5403479999999999,CHE,THA,030349
11947472,43,216,5102,2013,1595166.0,0.0,1.113767,1.477496,CHN,THA,030349
11947473,67,216,5102,2013,351475.0,0.0,-0.86546,-0.8888389999999999,ECU,THA,030349
11947474,71,216,5102,2013,1165856.0,0.0,0.861698,2.353993,ESP,THA,030349
11947475,75,216,5102,2013,105186.0,0.0,-0.5203369999999999,-0.122405,FJI,THA,030349
11947476,77,216,5102,2013,462167.0,0.0,1.520354,0.022874000000000002,FRA,THA,030349
11947477,79,216,5102,2013,352099.0,0.0,-0.234314,-0.8260700000000001,FSM,THA,030349
11947478,97,216,5102,2013,0.0,669411.0,0.744383,1.923139,HKG,THA,030349
11947479,103,216,5102,2013,2811928.0,0.0,-0.216854,1.415728,IDN,THA,030349
11947480,104,216,5102,2013,4029546.0,0.0,0.215356,2.3916209999999998,IND,THA,030349
11947481,114,216,5102,2013,2170477.0,1486815.0,2.3993130000000003,-0.564768,JPN,THA,030349
11947482,118,216,5102,2013,0.0,13651.0,-1.054758,-0.872352,KHM,THA,030349
11947483,119,216,5102,2013,496357.0,0.0,-0.258825,-0.781927,KIR,THA,030349
11947484,121,216,5102,2013,1606115.0,1772.0,1.818383,0.75645,KOR,THA,030349
11947485,122,216,5102,2013,0.0,1271.0,-0.536384,-1.08382,KWT,THA,030349
11947486,123,216,5102,2013,86101.0,94824.0,-1.204446,-0.8571489999999999,LAO,THA,030349
11947487,128,216,5102,2013,0.0,665364.0,-0.6521779999999999,0.41258599999999995,LKA,THA,030349
11947488,137,216,5102,2013,1045528.0,0.0,-0.21889699999999998,-0.776392,MDV,THA,030349
11947489,139,216,5102,2013,3280328.0,0.0,-0.980348,-0.8763219999999999,MHL,THA,030349
11947490,143,216,5102,2013,37400.0,0.0,-1.230787,-0.737375,MMR,THA,030349
11947491,151,216,5102,2013,564618.0,202085.0,-0.158852,0.0061600000000000005,MUS,THA,030349
11947492,153,216,5102,2013,121748.0,136159.0,0.937641,0.747496,MYS,THA,030349
11947493,155,216,5102,2013,168776.0,0.0,-0.308643,-0.480617,NAM,THA,030349
11947494,166,216,5102,2013,103687.0,0.0,0.3345,0.39063000000000003,NZL,THA,030349
11947495,167,216,5102,2013,88705.0,8422.0,-0.604175,-1.0463209999999998,OMN,THA,030349
11947496,168,216,5102,2013,172837.0,0.0,-0.75727,0.769703,PAK,THA,030349
11947497,174,216,5102,2013,332724.0,0.0,0.507868,0.355403,PHL,THA,030349
11947498,176,216,5102,2013,47997.0,0.0,-1.444244,-1.144231,PNG,THA,030349
11947499,178,216,5102,2013,8968.0,0.0,-0.414538,-0.22449299999999997,PRK,THA,030349
11947500,183,216,5102,2013,0.0,4510.0,-0.083649,-1.013491,QAT,THA,030349
11947501,188,216,5102,2013,0.0,30847.0,0.626347,-0.844406,SAU,THA,030349
11947502,192,216,5102,2013,277015.0,329082.0,1.915504,0.619576,SGP,THA,030349
11947503,195,216,5102,2013,62896.0,0.0,-0.9350860000000001,-0.877676,SLB,THA,030349
11947504,197,216,5102,2013,30880.0,0.0,-0.021029,0.381522,SLV,THA,030349
11947505,211,216,5102,2013,323305.0,1090111.0,0.270999,-0.474095,SYC,THA,030349
11947506,225,216,5102,2013,214690.0,0.0,0.002879,-0.779308,TUV,THA,030349
11947507,231,216,5102,2013,4558403.0,280787.0,1.6639689999999998,-0.48651300000000003,USA,THA,030349
11947508,234,216,5102,2013,0.0,1800.0,0.193198,-0.23631799999999997,VCT,THA,030349
11947509,239,216,5102,2013,2332598.0,164943.0,-0.11426900000000001,1.399738,VNM,THA,030349
11947510,240,216,5102,2013,2529366.0,0.0,-0.6548689999999999,-0.811184,VUT,THA,030349
11947511,243,216,5102,2013,61035.0,46803.0,-1.252605,-1.207324,YEM,THA,030349
11947512,249,216,5102,2013,2037357.0,246602.0,1.843186,0.9432379999999999,TWN,THA,030349
11947513,250,216,5102,2013,201326.0,0.0,0.628555,0.277602,ANS,THA,030349
11947514,33,222,5102,2013,0.0,19478.0,0.6969489999999999,0.135283,BRB,TTO,030349
11947515,121,222,5102,2013,78401.0,0.0,1.818383,0.75645,KOR,TTO,030349
11947516,169,222,5102,2013,34420.0,0.0,0.735637,1.161718,PAN,TTO,030349
11947517,205,222,5102,2013,887.0,0.0,-0.417865,-0.7600399999999999,SUR,TTO,030349
11947518,231,222,5102,2013,194792.0,0.0,1.6639689999999998,-0.48651300000000003,USA,TTO,030349
11947519,234,222,5102,2013,1516.0,0.0,0.193198,-0.23631799999999997,VCT,TTO,030349
11947520,249,222,5102,2013,4910.0,0.0,1.843186,0.9432379999999999,TWN,TTO,030349
11947521,55,224,5102,2013,41386.0,0.0,0.029981999999999998,-0.673439,CUW,TUR,030349
11947522,71,224,5102,2013,239851.0,0.0,0.861698,2.353993,ESP,TUR,030349
11947523,77,224,5102,2013,113580.0,0.0,1.520354,0.022874000000000002,FRA,TUR,030349
11947524,103,224,5102,2013,40089.0,0.0,-0.216854,1.415728,IDN,TUR,030349
11947525,114,224,5102,2013,0.0,759451.0,2.3993130000000003,-0.564768,JPN,TUR,030349
11947526,121,224,5102,2013,0.0,660227.0,1.818383,0.75645,KOR,TUR,030349
11947527,148,224,5102,2013,16402.0,0.0,-1.950532,-1.283104,MRT,TUR,030349
11947528,154,224,5102,2013,84898.0,0.0,0.9851690000000001,-0.504069,MYT,TUR,030349
11947529,162,224,5102,2013,19021.0,0.0,1.184107,1.249557,NLD,TUR,030349
11947530,169,224,5102,2013,20826.0,0.0,0.735637,1.161718,PAN,TUR,030349
11947531,192,224,5102,2013,0.0,20197.0,1.915504,0.619576,SGP,TUR,030349
11947532,195,224,5102,2013,143152.0,0.0,-0.9350860000000001,-0.877676,SLB,TUR,030349
11947533,231,224,5102,2013,0.0,173431.0,1.6639689999999998,-0.48651300000000003,USA,TUR,030349
11947534,239,224,5102,2013,102937.0,0.0,-0.11426900000000001,1.399738,VNM,TUR,030349
11947535,243,224,5102,2013,2687.0,0.0,-1.252605,-1.207324,YEM,TUR,030349
11947536,97,228,5102,2013,114670.0,0.0,0.744383,1.923139,HKG,UKR,030349
11947537,103,228,5102,2013,29081.0,0.0,-0.216854,1.415728,IDN,UKR,030349
11947538,7,230,5102,2013,0.0,19104.0,-0.074047,-0.585168,ARE,URY,030349
11947539,68,230,5102,2013,0.0,16269.0,-0.17418,1.692641,EGY,URY,030349
11947540,151,230,5102,2013,0.0,35195.0,-0.158852,0.0061600000000000005,MUS,URY,030349
11947541,231,230,5102,2013,2982.0,0.0,1.6639689999999998,-0.48651300000000003,USA,URY,030349
11947542,0,231,5102,2013,0.0,16187.0,0.913235,-0.149061,ABW,USA,030349
11947543,2,231,5102,2013,0.0,2116.0,-1.172043,-1.133735,AGO,USA,030349
11947544,7,231,5102,2013,0.0,2825.0,-0.074047,-0.585168,ARE,USA,030349
11947545,13,231,5102,2013,0.0,20882.0,0.096563,-0.60577,ATG,USA,030349
11947546,14,231,5102,2013,238045.0,0.0,-0.31145700000000004,-0.167628,AUS,USA,030349
11947547,25,231,5102,2013,0.0,78911.0,0.756732,-0.369842,BHS,USA,030349
11947548,29,231,5102,2013,0.0,885.0,-0.35218299999999997,-0.508891,BLZ,USA,030349
11947549,30,231,5102,2013,0.0,15462.0,1.087677,-0.452984,BMU,USA,030349
11947550,39,231,5102,2013,0.0,1074288.0,0.719649,1.017046,CAN,USA,030349
11947551,42,231,5102,2013,55198.0,64070.0,-0.260718,-0.38256100000000004,CHL,USA,030349
11947552,43,231,5102,2013,0.0,111688.0,1.113767,1.477496,CHN,USA,030349
11947553,49,231,5102,2013,0.0,114309.0,0.121799,-0.388239,COL,USA,030349
11947554,51,231,5102,2013,14802.0,0.0,-0.75058,-0.8948219999999999,CPV,USA,030349
11947555,52,231,5102,2013,305925.0,2566.0,0.067379,-0.688217,CRI,USA,030349
11947556,55,231,5102,2013,0.0,15221.0,0.029981999999999998,-0.673439,CUW,USA,030349
11947557,58,231,5102,2013,37407.0,0.0,0.502238,0.349608,CYP,USA,030349
11947558,64,231,5102,2013,0.0,4466.0,1.161835,1.1788450000000001,DNK,USA,030349
11947559,65,231,5102,2013,0.0,123534.0,-0.277269,0.432388,DOM,USA,030349
11947560,67,231,5102,2013,32389.0,230176.0,-0.86546,-0.8888389999999999,ECU,USA,030349
11947561,75,231,5102,2013,1715909.0,0.0,-0.5203369999999999,-0.122405,FJI,USA,030349
11947562,90,231,5102,2013,0.0,2485.0,0.18823800000000002,0.910906,GRC,USA,030349
11947563,91,231,5102,2013,0.0,14565.0,0.073206,-0.567926,GRD,USA,030349
11947564,93,231,5102,2013,0.0,92217.0,-0.41466499999999995,0.774788,GTM,USA,030349
11947565,97,231,5102,2013,0.0,11216.0,0.744383,1.923139,HKG,USA,030349
11947566,99,231,5102,2013,0.0,55710.0,-0.731431,-0.310927,HND,USA,030349
11947567,100,231,5102,2013,306335.0,0.0,0.898284,1.038807,HRV,USA,030349
11947568,103,231,5102,2013,265934.0,101099.0,-0.216854,1.415728,IDN,USA,030349
11947569,104,231,5102,2013,288878.0,0.0,0.215356,2.3916209999999998,IND,USA,030349
11947570,109,231,5102,2013,12684.0,0.0,0.259374,-0.20413299999999998,ISL,USA,030349
11947571,111,231,5102,2013,0.0,8481.0,1.289924,0.533436,ITA,USA,030349
11947572,114,231,5102,2013,1143980.0,797409.0,2.3993130000000003,-0.564768,JPN,USA,030349
11947573,120,231,5102,2013,0.0,11272.0,0.8500270000000001,-0.390234,KNA,USA,030349
11947574,121,231,5102,2013,851204.0,0.0,1.818383,0.75645,KOR,USA,030349
11947575,122,231,5102,2013,0.0,2696.0,-0.536384,-1.08382,KWT,USA,030349
11947576,127,231,5102,2013,0.0,18497.0,0.265129,-0.5083949999999999,LCA,USA,030349
11947577,128,231,5102,2013,6656491.0,0.0,-0.6521779999999999,0.41258599999999995,LKA,USA,030349
11947578,138,231,5102,2013,158576.0,46075.0,1.048507,0.718932,MEX,USA,030349
11947579,142,231,5102,2013,81747.0,0.0,0.8519760000000001,-0.075869,MLT,USA,030349
11947580,153,231,5102,2013,22407.0,0.0,0.937641,0.747496,MYS,USA,030349
11947581,160,231,5102,2013,0.0,7853.0,-0.9277,-0.6842630000000001,NIC,USA,030349
11947582,162,231,5102,2013,0.0,29824.0,1.184107,1.249557,NLD,USA,030349
11947583,166,231,5102,2013,0.0,2959.0,0.3345,0.39063000000000003,NZL,USA,030349
11947584,167,231,5102,2013,4349.0,0.0,-0.604175,-1.0463209999999998,OMN,USA,030349
11947585,173,231,5102,2013,0.0,2541.0,-0.573852,0.357977,PER,USA,030349
11947586,174,231,5102,2013,120216.0,0.0,0.507868,0.355403,PHL,USA,030349
11947587,179,231,5102,2013,19902.0,0.0,0.541454,2.5228610000000002,PRT,USA,030349
11947588,182,231,5102,2013,4180.0,17340.0,-0.146044,-0.7055359999999999,PYF,USA,030349
11947589,197,231,5102,2013,0.0,3311.0,-0.021029,0.381522,SLV,USA,030349
11947590,208,231,5102,2013,0.0,4604.0,1.869421,0.228109,SWE,USA,030349
11947591,210,231,5102,2013,0.0,31683.0,0.5512090000000001,-0.22818400000000003,SXM,USA,030349
11947592,213,231,5102,2013,0.0,8151.0,0.41053199999999995,-0.007201999999999999,TCA,USA,030349
11947593,216,231,5102,2013,280787.0,4558403.0,0.8752139999999999,1.3798620000000001,THA,USA,030349
11947594,222,231,5102,2013,0.0,194792.0,-0.280641,-1.083332,TTO,USA,030349
11947595,224,231,5102,2013,173431.0,0.0,0.42932299999999995,2.690235,TUR,USA,030349
11947596,230,231,5102,2013,0.0,2982.0,0.20190999999999998,-0.19777999999999998,URY,USA,030349
11947597,234,231,5102,2013,0.0,9708.0,0.193198,-0.23631799999999997,VCT,USA,030349
11947598,237,231,5102,2013,0.0,46817.0,0.616863,-0.314222,VGB,USA,030349
11947599,239,231,5102,2013,33153.0,41691.0,-0.11426900000000001,1.399738,VNM,USA,030349
11947600,246,231,5102,2013,2214.0,0.0,0.380284,1.5682120000000002,ZAF,USA,030349
11947601,249,231,5102,2013,3275.0,0.0,1.843186,0.9432379999999999,TWN,USA,030349
11947602,216,234,5102,2013,1800.0,0.0,0.8752139999999999,1.3798620000000001,THA,VCT,030349
11947603,222,234,5102,2013,0.0,1516.0,-0.280641,-1.083332,TTO,VCT,030349
11947604,231,234,5102,2013,9708.0,0.0,1.6639689999999998,-0.48651300000000003,USA,VCT,030349
11947605,67,236,5102,2013,1419757.0,0.0,-0.86546,-0.8888389999999999,ECU,VEN,030349
11947606,173,236,5102,2013,178094.0,0.0,-0.573852,0.357977,PER,VEN,030349
11947607,7,243,5102,2013,0.0,9792.0,-0.074047,-0.585168,ARE,YEM,030349
11947608,18,243,5102,2013,0.0,94262.0,1.316207,0.972601,BEL,YEM,030349
11947609,44,243,5102,2013,0.0,317391.0,-0.923558,-0.866642,CIV,YEM,030349
11947610,68,243,5102,2013,0.0,23043.0,-0.17418,1.692641,EGY,YEM,030349
11947611,114,243,5102,2013,3933.0,0.0,2.3993130000000003,-0.564768,JPN,YEM,030349
11947612,116,243,5102,2013,0.0,15780.0,-0.448112,0.8672719999999999,KEN,YEM,030349
11947613,122,243,5102,2013,0.0,2397.0,-0.536384,-1.08382,KWT,YEM,030349
11947614,128,243,5102,2013,0.0,128718.0,-0.6521779999999999,0.41258599999999995,LKA,YEM,030349
11947615,153,243,5102,2013,0.0,15103.0,0.937641,0.747496,MYS,YEM,030349
11947616,162,243,5102,2013,0.0,12899.0,1.184107,1.249557,NLD,YEM,030349
11947617,167,243,5102,2013,15918.0,46968.0,-0.604175,-1.0463209999999998,OMN,YEM,030349
11947618,174,243,5102,2013,0.0,61917.0,0.507868,0.355403,PHL,YEM,030349
11947619,216,243,5102,2013,46803.0,61035.0,0.8752139999999999,1.3798620000000001,THA,YEM,030349
11947620,223,243,5102,2013,0.0,24228.0,0.185528,1.0070700000000001,TUN,YEM,030349
11947621,224,243,5102,2013,0.0,2687.0,0.42932299999999995,2.690235,TUR,YEM,030349
11947622,226,243,5102,2013,0.0,54699.0,-0.9306770000000001,0.273489,TZA,YEM,030349
11947623,37,246,5102,2013,0.0,26811.0,-0.46761499999999995,-1.0842040000000002,BWA,ZAF,030349
11947624,43,246,5102,2013,2436.0,0.0,1.113767,1.477496,CHN,ZAF,030349
11947625,47,246,5102,2013,0.0,7479.0,-1.215681,-1.08679,COG,ZAF,030349
11947626,71,246,5102,2013,0.0,263602.0,0.861698,2.353993,ESP,ZAF,030349
11947627,97,246,5102,2013,1435.0,0.0,0.744383,1.923139,HKG,ZAF,030349
11947628,114,246,5102,2013,614300.0,21358.0,2.3993130000000003,-0.564768,JPN,ZAF,030349
11947629,121,246,5102,2013,14696.0,0.0,1.818383,0.75645,KOR,ZAF,030349
11947630,129,246,5102,2013,0.0,8140.0,-0.7396689999999999,-0.696625,LSO,ZAF,030349
11947631,147,246,5102,2013,0.0,2943.0,-1.326323,-1.050969,MOZ,ZAF,030349
11947632,151,246,5102,2013,0.0,22865.0,-0.158852,0.0061600000000000005,MUS,ZAF,030349
11947633,152,246,5102,2013,0.0,15468.0,-0.8992120000000001,-0.862175,MWI,ZAF,030349
11947634,155,246,5102,2013,109493.0,100228.0,-0.308643,-0.480617,NAM,ZAF,030349
11947635,192,246,5102,2013,0.0,1703.0,1.915504,0.619576,SGP,ZAF,030349
11947636,231,246,5102,2013,0.0,2214.0,1.6639689999999998,-0.48651300000000003,USA,ZAF,030349
11947637,239,246,5102,2013,0.0,228392.0,-0.11426900000000001,1.399738,VNM,ZAF,030349
11947638,247,246,5102,2013,0.0,8045.0,-0.382129,-0.5442229999999999,ZMB,ZAF,030349
11947639,248,246,5102,2013,0.0,16623.0,-0.828702,-0.899175,ZWE,ZAF,030349
11947640,249,246,5102,2013,181005.0,0.0,1.843186,0.9432379999999999,TWN,ZAF,030349
11947641,10,249,5102,2013,0.0,237324.0,0.686489,-0.251618,ASM,TWN,030349
11947642,24,249,5102,2013,0.0,40863.0,0.249681,-0.6204270000000001,BHR,TWN,030349
11947643,39,249,5102,2013,0.0,19436.0,0.719649,1.017046,CAN,TWN,030349
11947644,43,249,5102,2013,0.0,242227.0,1.113767,1.477496,CHN,TWN,030349
11947645,52,249,5102,2013,0.0,62457.0,0.067379,-0.688217,CRI,TWN,030349
11947646,67,249,5102,2013,0.0,66312.0,-0.86546,-0.8888389999999999,ECU,TWN,030349
11947647,71,249,5102,2013,0.0,118760.0,0.861698,2.353993,ESP,TWN,030349
11947648,75,249,5102,2013,2692308.0,2024058.0,-0.5203369999999999,-0.122405,FJI,TWN,030349
11947649,79,249,5102,2013,0.0,2200980.0,-0.234314,-0.8260700000000001,FSM,TWN,030349
11947650,97,249,5102,2013,0.0,44961.0,0.744383,1.923139,HKG,TWN,030349
11947651,103,249,5102,2013,27804.0,10589.0,-0.216854,1.415728,IDN,TWN,030349
11947652,104,249,5102,2013,1216656.0,0.0,0.215356,2.3916209999999998,IND,TWN,030349
11947653,114,249,5102,2013,0.0,223021232.0,2.3993130000000003,-0.564768,JPN,TWN,030349
11947654,121,249,5102,2013,9543.0,5720032.0,1.818383,0.75645,KOR,TWN,030349
11947655,122,249,5102,2013,0.0,85720.0,-0.536384,-1.08382,KWT,TWN,030349
11947656,128,249,5102,2013,3532256.0,302162.0,-0.6521779999999999,0.41258599999999995,LKA,TWN,030349
11947657,151,249,5102,2013,0.0,240800.0,-0.158852,0.0061600000000000005,MUS,TWN,030349
11947658,153,249,5102,2013,1278.0,101464.0,0.937641,0.747496,MYS,TWN,030349
11947659,174,249,5102,2013,0.0,476811.0,0.507868,0.355403,PHL,TWN,030349
11947660,176,249,5102,2013,0.0,9944.0,-1.444244,-1.144231,PNG,TWN,030349
11947661,183,249,5102,2013,0.0,3367.0,-0.083649,-1.013491,QAT,TWN,030349
11947662,188,249,5102,2013,0.0,48725.0,0.626347,-0.844406,SAU,TWN,030349
11947663,192,249,5102,2013,12455.0,321263.0,1.915504,0.619576,SGP,TWN,030349
11947664,195,249,5102,2013,0.0,433305.0,-0.9350860000000001,-0.877676,SLB,TWN,030349
11947665,216,249,5102,2013,246602.0,2037357.0,0.8752139999999999,1.3798620000000001,THA,TWN,030349
11947666,221,249,5102,2013,0.0,32454.0,0.183053,-0.345657,TON,TWN,030349
11947667,222,249,5102,2013,0.0,4910.0,-0.280641,-1.083332,TTO,TWN,030349
11947668,231,249,5102,2013,0.0,3275.0,1.6639689999999998,-0.48651300000000003,USA,TWN,030349
11947669,239,249,5102,2013,1190423.0,103241.0,-0.11426900000000001,1.399738,VNM,TWN,030349
11947670,246,249,5102,2013,0.0,181005.0,0.380284,1.5682120000000002,ZAF,TWN,030349
11947671,44,250,5102,2013,0.0,4172086.0,-0.923558,-0.866642,CIV,ANS,030349
11947672,49,250,5102,2013,997150.0,0.0,0.121799,-0.388239,COL,ANS,030349
11947673,67,250,5102,2013,0.0,11066304.0,-0.86546,-0.8888389999999999,ECU,ANS,030349
11947674,71,250,5102,2013,16972.0,2036416.0,0.861698,2.353993,ESP,ANS,030349
11947675,75,250,5102,2013,3226584.0,6345467.0,-0.5203369999999999,-0.122405,FJI,ANS,030349
11947676,111,250,5102,2013,11488.0,0.0,1.289924,0.533436,ITA,ANS,030349
11947677,173,250,5102,2013,0.0,488892.0,-0.573852,0.357977,PER,ANS,030349
11947678,216,250,5102,2013,0.0,201326.0,0.8752139999999999,1.3798620000000001,THA,ANS,030349
11947679,239,250,5102,2013,1418163.0,1716655.0,-0.11426900000000001,1.399738,VNM,ANS,030349
11947680,39,14,5102,2013,0.0,8330.0,0.719649,1.017046,CAN,AUS,030349
11947681,43,14,5102,2013,0.0,550537.0,1.113767,1.477496,CHN,AUS,030349
11947682,71,14,5102,2013,0.0,228004.0,0.861698,2.353993,ESP,AUS,030349
11947683,75,14,5102,2013,7985.0,0.0,-0.5203369999999999,-0.122405,FJI,AUS,030349
11947684,103,14,5102,2013,9593.0,0.0,-0.216854,1.415728,IDN,AUS,030349
11947685,104,14,5102,2013,204688.0,0.0,0.215356,2.3916209999999998,IND,AUS,030349
11947686,114,14,5102,2013,0.0,76782288.0,2.3993130000000003,-0.564768,JPN,AUS,030349
11947687,121,14,5102,2013,0.0,2131076.0,1.818383,0.75645,KOR,AUS,030349
11947688,128,14,5102,2013,120389.0,0.0,-0.6521779999999999,0.41258599999999995,LKA,AUS,030349
11947689,137,14,5102,2013,0.0,984.0,-0.21889699999999998,-0.776392,MDV,AUS,030349
11947690,174,14,5102,2013,0.0,1072.0,0.507868,0.355403,PHL,AUS,030349
11947691,176,14,5102,2013,0.0,58276.0,-1.444244,-1.144231,PNG,AUS,030349
11947692,183,14,5102,2013,0.0,926.0,-0.083649,-1.013491,QAT,AUS,030349
11947693,192,14,5102,2013,0.0,626944.0,1.915504,0.619576,SGP,AUS,030349
11947694,231,14,5102,2013,0.0,238045.0,1.6639689999999998,-0.48651300000000003,USA,AUS,030349
11947695,239,14,5102,2013,18979.0,0.0,-0.11426900000000001,1.399738,VNM,AUS,030349
11947696,7,22,5102,2013,258689.0,0.0,-0.074047,-0.585168,ARE,BGD,030349
11947697,43,22,5102,2013,0.0,42857.0,1.113767,1.477496,CHN,BGD,030349
11947698,104,22,5102,2013,37350.0,0.0,0.215356,2.3916209999999998,IND,BGD,030349
11947699,167,22,5102,2013,151497.0,0.0,-0.604175,-1.0463209999999998,OMN,BGD,030349
11947700,7,24,5102,2013,14610.0,0.0,-0.074047,-0.585168,ARE,BHR,030349
11947701,71,24,5102,2013,1323.0,0.0,0.861698,2.353993,ESP,BHR,030349
11947702,81,24,5102,2013,12039.0,0.0,1.7901259999999999,0.44164,GBR,BHR,030349
11947703,103,24,5102,2013,2656.0,0.0,-0.216854,1.415728,IDN,BHR,030349
11947704,104,24,5102,2013,59354.0,0.0,0.215356,2.3916209999999998,IND,BHR,030349
11947705,114,24,5102,2013,7452.0,0.0,2.3993130000000003,-0.564768,JPN,BHR,030349
11947706,128,24,5102,2013,0.0,47997.0,-0.6521779999999999,0.41258599999999995,LKA,BHR,030349
11947707,143,24,5102,2013,153479.0,0.0,-1.230787,-0.737375,MMR,BHR,030349
11947708,162,24,5102,2013,2246.0,0.0,1.184107,1.249557,NLD,BHR,030349
11947709,168,24,5102,2013,26823.0,0.0,-0.75727,0.769703,PAK,BHR,030349
11947710,174,24,5102,2013,6636.0,0.0,0.507868,0.355403,PHL,BHR,030349
11947711,188,24,5102,2013,18544.0,0.0,0.626347,-0.844406,SAU,BHR,030349
11947712,216,24,5102,2013,80390.0,0.0,0.8752139999999999,1.3798620000000001,THA,BHR,030349
11947713,227,24,5102,2013,2027.0,0.0,-0.5462279999999999,0.200682,UGA,BHR,030349
11947714,239,24,5102,2013,8498.0,0.0,-0.11426900000000001,1.399738,VNM,BHR,030349
11947715,249,24,5102,2013,40863.0,0.0,1.843186,0.9432379999999999,TWN,BHR,030349
11947716,71,26,5102,2013,6598.0,0.0,0.861698,2.353993,ESP,BIH,030349
11947717,100,26,5102,2013,5113.0,0.0,0.898284,1.038807,HRV,BIH,030349
11947718,186,28,5102,2013,4764.0,0.0,0.481166,-0.180052,RUS,BLR,030349
11947719,103,68,5102,2013,1999754.0,0.0,-0.216854,1.415728,IDN,EGY,030349
11947720,121,68,5102,2013,0.0,1333.0,1.818383,0.75645,KOR,EGY,030349
11947721,163,68,5102,2013,128826.0,0.0,0.892099,0.18168399999999998,NOR,EGY,030349
11947722,167,68,5102,2013,77913.0,0.0,-0.604175,-1.0463209999999998,OMN,EGY,030349
11947723,196,68,5102,2013,22750.0,0.0,-0.132082,-0.552921,SLE,EGY,030349
11947724,230,68,5102,2013,16269.0,0.0,0.20190999999999998,-0.19777999999999998,URY,EGY,030349
11947725,243,68,5102,2013,23043.0,0.0,-1.252605,-1.207324,YEM,EGY,030349
11947726,15,100,5102,2013,2270.0,0.0,1.7209240000000001,-0.286892,AUT,HRV,030349
11947727,26,100,5102,2013,0.0,5113.0,0.46743199999999996,0.7340800000000001,BIH,HRV,030349
11947728,39,100,5102,2013,0.0,21983.0,0.719649,1.017046,CAN,HRV,030349
11947729,71,100,5102,2013,881328.0,0.0,0.861698,2.353993,ESP,HRV,030349
11947730,111,100,5102,2013,5143.0,0.0,1.289924,0.533436,ITA,HRV,030349
11947731,114,100,5102,2013,0.0,777980.0,2.3993130000000003,-0.564768,JPN,HRV,030349
11947732,121,100,5102,2013,0.0,540914.0,1.818383,0.75645,KOR,HRV,030349
11947733,162,100,5102,2013,456073.0,0.0,1.184107,1.249557,NLD,HRV,030349
11947734,179,100,5102,2013,39034.0,0.0,0.541454,2.5228610000000002,PRT,HRV,030349
11947735,192,100,5102,2013,0.0,408832.0,1.915504,0.619576,SGP,HRV,030349
11947736,231,100,5102,2013,0.0,306335.0,1.6639689999999998,-0.48651300000000003,USA,HRV,030349
11947737,64,106,5102,2013,0.0,101793.0,1.161835,1.1788450000000001,DNK,IRL,030349
11947738,71,106,5102,2013,0.0,52123.0,0.861698,2.353993,ESP,IRL,030349
11947739,77,106,5102,2013,0.0,53251.0,1.520354,0.022874000000000002,FRA,IRL,030349
11947740,81,106,5102,2013,1278834.0,0.0,1.7901259999999999,0.44164,GBR,IRL,030349
11947741,128,106,5102,2013,14634.0,0.0,-0.6521779999999999,0.41258599999999995,LKA,IRL,030349
11947742,162,106,5102,2013,1085.0,0.0,1.184107,1.249557,NLD,IRL,030349
11947743,192,106,5102,2013,0.0,992.0,1.915504,0.619576,SGP,IRL,030349
11947744,1,107,5102,2013,0.0,9476.0,-0.985727,-0.7164550000000001,AFG,IRN,030349
11947745,7,107,5102,2013,517765.0,31213.0,-0.074047,-0.585168,ARE,IRN,030349
11947746,43,107,5102,2013,999806.0,0.0,1.113767,1.477496,CHN,IRN,030349
11947747,61,107,5102,2013,0.0,1116.0,2.093658,-3.4281980000000005,DEU,IRN,030349
11947748,103,107,5102,2013,1907489.0,0.0,-0.216854,1.415728,IDN,IRN,030349
11947749,104,107,5102,2013,78759.0,0.0,0.215356,2.3916209999999998,IND,IRN,030349
11947750,121,107,5102,2013,634097.0,0.0,1.818383,0.75645,KOR,IRN,030349
11947751,122,107,5102,2013,0.0,2474.0,-0.536384,-1.08382,KWT,IRN,030349
11947752,239,107,5102,2013,63214.0,101001.0,-0.11426900000000001,1.399738,VNM,IRN,030349
11947753,7,114,5102,2013,0.0,57520.0,-0.074047,-0.585168,ARE,JPN,030349
11947754,10,114,5102,2013,0.0,11886.0,0.686489,-0.251618,ASM,JPN,030349
11947755,14,114,5102,2013,76782288.0,0.0,-0.31145700000000004,-0.167628,AUS,JPN,030349
11947756,24,114,5102,2013,0.0,7452.0,0.249681,-0.6204270000000001,BHR,JPN,030349
11947757,29,114,5102,2013,4062384.0,0.0,-0.35218299999999997,-0.508891,BLZ,JPN,030349
11947758,32,114,5102,2013,246337.0,0.0,0.14765899999999998,0.399262,BRA,JPN,030349
11947759,43,114,5102,2013,40210656.0,573876.0,1.113767,1.477496,CHN,JPN,030349
11947760,67,114,5102,2013,2340033.0,0.0,-0.86546,-0.8888389999999999,ECU,JPN,030349
11947761,71,114,5102,2013,3513586.0,13765.0,0.861698,2.353993,ESP,JPN,030349
11947762,75,114,5102,2013,4953156.0,0.0,-0.5203369999999999,-0.122405,FJI,JPN,030349
11947763,79,114,5102,2013,642858.0,0.0,-0.234314,-0.8260700000000001,FSM,JPN,030349
11947764,83,114,5102,2013,13089.0,0.0,-0.7316010000000001,-0.5327689999999999,GHA,JPN,030349
11947765,90,114,5102,2013,52157.0,0.0,0.18823800000000002,0.910906,GRC,JPN,030349
11947766,97,114,5102,2013,0.0,7137628.0,0.744383,1.923139,HKG,JPN,030349
11947767,100,114,5102,2013,777980.0,0.0,0.898284,1.038807,HRV,JPN,030349
11947768,103,114,5102,2013,4873706.0,20802.0,-0.216854,1.415728,IDN,JPN,030349
11947769,104,114,5102,2013,2317940.0,0.0,0.215356,2.3916209999999998,IND,JPN,030349
11947770,111,114,5102,2013,225099.0,0.0,1.289924,0.533436,ITA,JPN,030349
11947771,119,114,5102,2013,1166492.0,0.0,-0.258825,-0.781927,KIR,JPN,030349
11947772,121,114,5102,2013,75259808.0,2968222.0,1.818383,0.75645,KOR,JPN,030349
11947773,128,114,5102,2013,2960236.0,28695.0,-0.6521779999999999,0.41258599999999995,LKA,JPN,030349
11947774,134,114,5102,2013,487762.0,0.0,-0.6494260000000001,-0.035075999999999996,MAR,JPN,030349
11947775,137,114,5102,2013,422895.0,0.0,-0.21889699999999998,-0.776392,MDV,JPN,030349
11947776,138,114,5102,2013,19332378.0,0.0,1.048507,0.718932,MEX,JPN,030349
11947777,142,114,5102,2013,4972049.0,0.0,0.8519760000000001,-0.075869,MLT,JPN,030349
11947778,151,114,5102,2013,14528.0,0.0,-0.158852,0.0061600000000000005,MUS,JPN,030349
11947779,153,114,5102,2013,2106.0,85518.0,0.937641,0.747496,MYS,JPN,030349
11947780,166,114,5102,2013,4147800.0,0.0,0.3345,0.39063000000000003,NZL,JPN,030349
11947781,167,114,5102,2013,2271618.0,0.0,-0.604175,-1.0463209999999998,OMN,JPN,030349
11947782,173,114,5102,2013,0.0,7623.0,-0.573852,0.357977,PER,JPN,030349
11947783,174,114,5102,2013,12726691.0,225306.0,0.507868,0.355403,PHL,JPN,030349
11947784,179,114,5102,2013,461224.0,0.0,0.541454,2.5228610000000002,PRT,JPN,030349
11947785,183,114,5102,2013,0.0,14298.0,-0.083649,-1.013491,QAT,JPN,030349
11947786,192,114,5102,2013,1995124.0,1381659.0,1.915504,0.619576,SGP,JPN,030349
11947787,195,114,5102,2013,68682.0,0.0,-0.9350860000000001,-0.877676,SLB,JPN,030349
11947788,211,114,5102,2013,33043888.0,0.0,0.270999,-0.474095,SYC,JPN,030349
11947789,216,114,5102,2013,1486815.0,2170477.0,0.8752139999999999,1.3798620000000001,THA,JPN,030349
11947790,223,114,5102,2013,736082.0,0.0,0.185528,1.0070700000000001,TUN,JPN,030349
11947791,224,114,5102,2013,759451.0,0.0,0.42932299999999995,2.690235,TUR,JPN,030349
11947792,225,114,5102,2013,1566716.0,0.0,0.002879,-0.779308,TUV,JPN,030349
11947793,226,114,5102,2013,944469.0,0.0,-0.9306770000000001,0.273489,TZA,JPN,030349
11947794,231,114,5102,2013,797409.0,1143980.0,1.6639689999999998,-0.48651300000000003,USA,JPN,030349
11947795,239,114,5102,2013,86789.0,8685219.0,-0.11426900000000001,1.399738,VNM,JPN,030349
11947796,240,114,5102,2013,10460716.0,0.0,-0.6548689999999999,-0.811184,VUT,JPN,030349
11947797,243,114,5102,2013,0.0,3933.0,-1.252605,-1.207324,YEM,JPN,030349
11947798,246,114,5102,2013,21358.0,614300.0,0.380284,1.5682120000000002,ZAF,JPN,030349
11947799,249,114,5102,2013,223021232.0,0.0,1.843186,0.9432379999999999,TWN,JPN,030349
11947800,43,115,5102,2013,4070.0,0.0,1.113767,1.477496,CHN,KAZ,030349
11947801,186,115,5102,2013,6175.0,0.0,0.481166,-0.180052,RUS,KAZ,030349
11947802,44,116,5102,2013,332754.0,0.0,-0.923558,-0.866642,CIV,KEN,030349
11947803,71,116,5102,2013,107071.0,0.0,0.861698,2.353993,ESP,KEN,030349
11947804,97,116,5102,2013,6887.0,0.0,0.744383,1.923139,HKG,KEN,030349
11947805,111,116,5102,2013,0.0,137337.0,1.289924,0.533436,ITA,KEN,030349
11947806,151,116,5102,2013,0.0,128352.0,-0.158852,0.0061600000000000005,MUS,KEN,030349
11947807,153,116,5102,2013,27788.0,0.0,0.937641,0.747496,MYS,KEN,030349
11947808,174,116,5102,2013,531122.0,0.0,0.507868,0.355403,PHL,KEN,030349
11947809,211,116,5102,2013,2537646.0,0.0,0.270999,-0.474095,SYC,KEN,030349
11947810,239,116,5102,2013,120193.0,0.0,-0.11426900000000001,1.399738,VNM,KEN,030349
11947811,243,116,5102,2013,15780.0,0.0,-1.252605,-1.207324,YEM,KEN,030349
11947812,61,117,5102,2013,973.0,0.0,2.093658,-3.4281980000000005,DEU,KGZ,030349
11947813,192,118,5102,2013,6256.0,0.0,1.915504,0.619576,SGP,KHM,030349
11947814,216,118,5102,2013,13651.0,0.0,0.8752139999999999,1.3798620000000001,THA,KHM,030349
11947815,103,124,5102,2013,130997.0,0.0,-0.216854,1.415728,IDN,LBN,030349
11947816,159,124,5102,2013,0.0,2968.0,-1.745783,-1.1356680000000001,NGA,LBN,030349
11947817,212,124,5102,2013,0.0,18007.0,-0.14343399999999998,1.077256,SYR,LBN,030349
11947818,7,128,5102,2013,35833.0,187432.0,-0.074047,-0.585168,ARE,LKA,030349
11947819,10,128,5102,2013,643560.0,0.0,0.686489,-0.251618,ASM,LKA,030349
11947820,14,128,5102,2013,0.0,120389.0,-0.31145700000000004,-0.167628,AUS,LKA,030349
11947821,15,128,5102,2013,0.0,9630.0,1.7209240000000001,-0.286892,AUT,LKA,030349
11947822,18,128,5102,2013,0.0,2022947.0,1.316207,0.972601,BEL,LKA,030349
11947823,24,128,5102,2013,47997.0,0.0,0.249681,-0.6204270000000001,BHR,LKA,030349
11947824,39,128,5102,2013,0.0,1018045.0,0.719649,1.017046,CAN,LKA,030349
11947825,41,128,5102,2013,0.0,1483251.0,2.2104470000000003,0.5403479999999999,CHE,LKA,030349
11947826,43,128,5102,2013,124502.0,1545.0,1.113767,1.477496,CHN,LKA,030349
11947827,58,128,5102,2013,0.0,1407.0,0.502238,0.349608,CYP,LKA,030349
11947828,59,128,5102,2013,0.0,318236.0,1.819653,-0.12423800000000002,CZE,LKA,030349
11947829,61,128,5102,2013,0.0,5806107.0,2.093658,-3.4281980000000005,DEU,LKA,030349
11947830,64,128,5102,2013,0.0,440452.0,1.161835,1.1788450000000001,DNK,LKA,030349
11947831,71,128,5102,2013,8518.0,182772.0,0.861698,2.353993,ESP,LKA,030349
11947832,75,128,5102,2013,9438.0,0.0,-0.5203369999999999,-0.122405,FJI,LKA,030349
11947833,77,128,5102,2013,1022.0,3400525.0,1.520354,0.022874000000000002,FRA,LKA,030349
11947834,81,128,5102,2013,23407.0,10118889.0,1.7901259999999999,0.44164,GBR,LKA,030349
11947835,97,128,5102,2013,0.0,388218.0,0.744383,1.923139,HKG,LKA,030349
11947836,103,128,5102,2013,508484.0,0.0,-0.216854,1.415728,IDN,LKA,030349
11947837,104,128,5102,2013,255502.0,0.0,0.215356,2.3916209999999998,IND,LKA,030349
11947838,106,128,5102,2013,0.0,14634.0,1.29988,0.240688,IRL,LKA,030349
11947839,109,128,5102,2013,228854.0,0.0,0.259374,-0.20413299999999998,ISL,LKA,030349
11947840,110,128,5102,2013,0.0,144120.0,1.197241,0.633828,ISR,LKA,030349
11947841,111,128,5102,2013,0.0,8046867.0,1.289924,0.533436,ITA,LKA,030349
11947842,114,128,5102,2013,28695.0,2960236.0,2.3993130000000003,-0.564768,JPN,LKA,030349
11947843,121,128,5102,2013,53260.0,2830.0,1.818383,0.75645,KOR,LKA,030349
11947844,122,128,5102,2013,0.0,2061.0,-0.536384,-1.08382,KWT,LKA,030349
11947845,137,128,5102,2013,0.0,16865.0,-0.21889699999999998,-0.776392,MDV,LKA,030349
11947846,138,128,5102,2013,47038.0,0.0,1.048507,0.718932,MEX,LKA,030349
11947847,162,128,5102,2013,0.0,11844379.0,1.184107,1.249557,NLD,LKA,030349
11947848,163,128,5102,2013,0.0,50672.0,0.892099,0.18168399999999998,NOR,LKA,030349
11947849,169,128,5102,2013,70576.0,0.0,0.735637,1.161718,PAN,LKA,030349
11947850,177,128,5102,2013,0.0,225813.0,1.084332,1.216749,POL,LKA,030349
11947851,179,128,5102,2013,0.0,2918.0,0.541454,2.5228610000000002,PRT,LKA,030349
11947852,183,128,5102,2013,0.0,21894.0,-0.083649,-1.013491,QAT,LKA,030349
11947853,186,128,5102,2013,0.0,12317.0,0.481166,-0.180052,RUS,LKA,030349
11947854,188,128,5102,2013,0.0,5280.0,0.626347,-0.844406,SAU,LKA,030349
11947855,192,128,5102,2013,0.0,90229.0,1.915504,0.619576,SGP,LKA,030349
11947856,195,128,5102,2013,275236.0,0.0,-0.9350860000000001,-0.877676,SLB,LKA,030349
11947857,208,128,5102,2013,0.0,7064.0,1.869421,0.228109,SWE,LKA,030349
11947858,209,128,5102,2013,0.0,13504.0,0.109267,-0.275005,SWZ,LKA,030349
11947859,211,128,5102,2013,47628.0,0.0,0.270999,-0.474095,SYC,LKA,030349
11947860,216,128,5102,2013,665364.0,0.0,0.8752139999999999,1.3798620000000001,THA,LKA,030349
11947861,231,128,5102,2013,0.0,6656491.0,1.6639689999999998,-0.48651300000000003,USA,LKA,030349
11947862,239,128,5102,2013,155519.0,0.0,-0.11426900000000001,1.399738,VNM,LKA,030349
11947863,243,128,5102,2013,128718.0,0.0,-1.252605,-1.207324,YEM,LKA,030349
11947864,249,128,5102,2013,302162.0,3532256.0,1.843186,0.9432379999999999,TWN,LKA,030349
11947865,104,130,5102,2013,370291.0,0.0,0.215356,2.3916209999999998,IND,LTU,030349
11947866,132,130,5102,2013,1936.0,115369.0,0.6219439999999999,1.166749,LVA,LTU,030349
11947867,177,130,5102,2013,38483.0,0.0,1.084332,1.216749,POL,LTU,030349
11947868,18,131,5102,2013,93654.0,0.0,1.316207,0.972601,BEL,LUX,030349
11947869,77,131,5102,2013,2792.0,0.0,1.520354,0.022874000000000002,FRA,LUX,030349
11947870,72,132,5102,2013,0.0,2866.0,0.8828940000000001,1.386574,EST,LVA,030349
11947871,130,132,5102,2013,115369.0,1936.0,0.737796,1.215543,LTU,LVA,030349
11947872,162,132,5102,2013,2882.0,0.0,1.184107,1.249557,NLD,LVA,030349
11947873,71,135,5102,2013,10023.0,0.0,0.861698,2.353993,ESP,MDA,030349
11947874,246,147,5102,2013,2943.0,0.0,0.380284,1.5682120000000002,ZAF,MOZ,030349
11947875,44,148,5102,2013,0.0,211361.0,-0.923558,-0.866642,CIV,MRT,030349
11947876,45,148,5102,2013,0.0,630455.0,-0.901531,-1.027111,CMR,MRT,030349
11947877,71,148,5102,2013,5248.0,0.0,0.861698,2.353993,ESP,MRT,030349
11947878,83,148,5102,2013,0.0,151622.0,-0.7316010000000001,-0.5327689999999999,GHA,MRT,030349
11947879,224,148,5102,2013,0.0,16402.0,0.42932299999999995,2.690235,TUR,MRT,030349
11947880,67,159,5102,2013,64382.0,0.0,-0.86546,-0.8888389999999999,ECU,NGA,030349
11947881,104,159,5102,2013,26252.0,0.0,0.215356,2.3916209999999998,IND,NGA,030349
11947882,111,159,5102,2013,3118.0,0.0,1.289924,0.533436,ITA,NGA,030349
11947883,124,159,5102,2013,2968.0,0.0,0.283084,1.4289100000000001,LBN,NGA,030349
11947884,162,159,5102,2013,11456.0,0.0,1.184107,1.249557,NLD,NGA,030349
11947885,104,164,5102,2013,4123.0,0.0,0.215356,2.3916209999999998,IND,NPL,030349
11947886,7,167,5102,2013,40295.0,6748.0,-0.074047,-0.585168,ARE,OMN,030349
11947887,22,167,5102,2013,0.0,151497.0,-1.101916,-0.734646,BGD,OMN,030349
11947888,61,167,5102,2013,0.0,4817.0,2.093658,-3.4281980000000005,DEU,OMN,030349
11947889,68,167,5102,2013,0.0,77913.0,-0.17418,1.692641,EGY,OMN,030349
11947890,77,167,5102,2013,0.0,32836.0,1.520354,0.022874000000000002,FRA,OMN,030349
11947891,83,167,5102,2013,0.0,48378.0,-0.7316010000000001,-0.5327689999999999,GHA,OMN,030349
11947892,103,167,5102,2013,0.0,32816.0,-0.216854,1.415728,IDN,OMN,030349
11947893,104,167,5102,2013,252437.0,0.0,0.215356,2.3916209999999998,IND,OMN,030349
11947894,108,167,5102,2013,0.0,39051.0,-2.839079,-0.8705440000000001,IRQ,OMN,030349
11947895,111,167,5102,2013,0.0,8085.0,1.289924,0.533436,ITA,OMN,030349
11947896,113,167,5102,2013,0.0,21636.0,0.152659,0.5889979999999999,JOR,OMN,030349
11947897,114,167,5102,2013,0.0,2271618.0,2.3993130000000003,-0.564768,JPN,OMN,030349
11947898,121,167,5102,2013,0.0,672298.0,1.818383,0.75645,KOR,OMN,030349
11947899,142,167,5102,2013,0.0,5361.0,0.8519760000000001,-0.075869,MLT,OMN,030349
11947900,151,167,5102,2013,43861.0,0.0,-0.158852,0.0061600000000000005,MUS,OMN,030349
11947901,162,167,5102,2013,0.0,732.0,1.184107,1.249557,NLD,OMN,030349
11947902,188,167,5102,2013,0.0,3541.0,0.626347,-0.844406,SAU,OMN,030349
11947903,192,167,5102,2013,0.0,111846.0,1.915504,0.619576,SGP,OMN,030349
11947904,216,167,5102,2013,8422.0,88705.0,0.8752139999999999,1.3798620000000001,THA,OMN,030349
11947905,231,167,5102,2013,0.0,4349.0,1.6639689999999998,-0.48651300000000003,USA,OMN,030349
11947906,243,167,5102,2013,46968.0,15918.0,-1.252605,-1.207324,YEM,OMN,030349
11947907,7,168,5102,2013,0.0,752256.0,-0.074047,-0.585168,ARE,PAK,030349
11947908,24,168,5102,2013,0.0,26823.0,0.249681,-0.6204270000000001,BHR,PAK,030349
11947909,43,168,5102,2013,0.0,57063.0,1.113767,1.477496,CHN,PAK,030349
11947910,122,168,5102,2013,0.0,68741.0,-0.536384,-1.08382,KWT,PAK,030349
11947911,153,168,5102,2013,0.0,671822.0,0.937641,0.747496,MYS,PAK,030349
11947912,183,168,5102,2013,0.0,129644.0,-0.083649,-1.013491,QAT,PAK,030349
11947913,188,168,5102,2013,22794.0,643706.0,0.626347,-0.844406,SAU,PAK,030349
11947914,216,168,5102,2013,0.0,172837.0,0.8752139999999999,1.3798620000000001,THA,PAK,030349
11947915,239,168,5102,2013,0.0,52232.0,-0.11426900000000001,1.399738,VNM,PAK,030349
11947916,71,185,5102,2013,46735.0,0.0,0.861698,2.353993,ESP,ROU,030349
11947917,90,185,5102,2013,5081.0,0.0,0.18823800000000002,0.910906,GRC,ROU,030349
11947918,102,185,5102,2013,2250.0,0.0,1.506101,0.7279220000000001,HUN,ROU,030349
11947919,111,185,5102,2013,3939.0,0.0,1.289924,0.533436,ITA,ROU,030349
11947920,177,185,5102,2013,1156.0,0.0,1.084332,1.216749,POL,ROU,030349
11947921,28,186,5102,2013,0.0,4764.0,1.036923,0.864568,BLR,RUS,030349
11947922,39,186,5102,2013,5988.0,0.0,0.719649,1.017046,CAN,RUS,030349
11947923,43,186,5102,2013,662941.0,0.0,1.113767,1.477496,CHN,RUS,030349
11947924,67,186,5102,2013,345981.0,0.0,-0.86546,-0.8888389999999999,ECU,RUS,030349
11947925,97,186,5102,2013,39592.0,0.0,0.744383,1.923139,HKG,RUS,030349
11947926,103,186,5102,2013,35431.0,0.0,-0.216854,1.415728,IDN,RUS,030349
11947927,115,186,5102,2013,0.0,6175.0,-0.680678,-0.83347,KAZ,RUS,030349
11947928,128,186,5102,2013,12317.0,0.0,-0.6521779999999999,0.41258599999999995,LKA,RUS,030349
11947929,21,191,5102,2013,0.0,4619.0,-0.9110360000000001,-0.852492,BFA,SEN,030349
11947930,38,191,5102,2013,0.0,43319.0,-0.268604,-0.606101,CAF,SEN,030349
11947931,44,191,5102,2013,2033084.0,3289756.0,-0.923558,-0.866642,CIV,SEN,030349
11947932,49,191,5102,2013,0.0,128542.0,0.121799,-0.388239,COL,SEN,030349
11947933,71,191,5102,2013,62222.0,1311316.0,0.861698,2.353993,ESP,SEN,030349
11947934,77,191,5102,2013,161829.0,680552.0,1.520354,0.022874000000000002,FRA,SEN,030349
11947935,83,191,5102,2013,0.0,74234.0,-0.7316010000000001,-0.5327689999999999,GHA,SEN,030349
11947936,85,191,5102,2013,8581.0,0.0,-1.1287459999999998,-1.069735,GIN,SEN,030349
11947937,121,191,5102,2013,341954.0,0.0,1.818383,0.75645,KOR,SEN,030349
11947938,125,191,5102,2013,0.0,3552.0,-0.41869399999999996,-0.9538770000000001,LBR,SEN,030349
11947939,134,191,5102,2013,0.0,69383.0,-0.6494260000000001,-0.035075999999999996,MAR,SEN,030349
11947940,151,191,5102,2013,0.0,268060.0,-0.158852,0.0061600000000000005,MUS,SEN,030349
11947941,169,191,5102,2013,0.0,835689.0,0.735637,1.161718,PAN,SEN,030349
11947942,173,191,5102,2013,0.0,4942.0,-0.573852,0.357977,PER,SEN,030349
11947943,197,191,5102,2013,0.0,238048.0,-0.021029,0.381522,SLV,SEN,030349
11947944,215,191,5102,2013,0.0,57581.0,-0.598413,-0.49295200000000006,TGO,SEN,030349
11947945,102,207,5102,2013,0.0,1273.0,1.506101,0.7279220000000001,HUN,SVN,030349
11947946,111,207,5102,2013,22640.0,0.0,1.289924,0.533436,ITA,SVN,030349
11947947,162,207,5102,2013,19381.0,0.0,1.184107,1.249557,NLD,SVN,030349
11947948,7,239,5102,2013,1457519.0,128548.0,-0.074047,-0.585168,ARE,VNM,030349
11947949,14,239,5102,2013,0.0,18979.0,-0.31145700000000004,-0.167628,AUS,VNM,030349
11947950,24,239,5102,2013,0.0,8498.0,0.249681,-0.6204270000000001,BHR,VNM,030349
11947951,39,239,5102,2013,0.0,2115728.0,0.719649,1.017046,CAN,VNM,030349
11947952,41,239,5102,2013,0.0,2289.0,2.2104470000000003,0.5403479999999999,CHE,VNM,030349
11947953,43,239,5102,2013,229722.0,5956124.0,1.113767,1.477496,CHN,VNM,030349
11947954,47,239,5102,2013,0.0,2727.0,-1.215681,-1.08679,COG,VNM,030349
11947955,51,239,5102,2013,0.0,52865.0,-0.75058,-0.8948219999999999,CPV,VNM,030349
11947956,61,239,5102,2013,0.0,37498.0,2.093658,-3.4281980000000005,DEU,VNM,030349
11947957,64,239,5102,2013,0.0,14229.0,1.161835,1.1788450000000001,DNK,VNM,030349
11947958,67,239,5102,2013,24476.0,0.0,-0.86546,-0.8888389999999999,ECU,VNM,030349
11947959,72,239,5102,2013,0.0,1832.0,0.8828940000000001,1.386574,EST,VNM,030349
11947960,74,239,5102,2013,0.0,2623.0,1.734552,0.8896940000000001,FIN,VNM,030349
11947961,75,239,5102,2013,475015.0,0.0,-0.5203369999999999,-0.122405,FJI,VNM,030349
11947962,77,239,5102,2013,0.0,23160.0,1.520354,0.022874000000000002,FRA,VNM,030349
11947963,81,239,5102,2013,0.0,28893.0,1.7901259999999999,0.44164,GBR,VNM,030349
11947964,83,239,5102,2013,0.0,258522.0,-0.7316010000000001,-0.5327689999999999,GHA,VNM,030349
11947965,97,239,5102,2013,19007.0,638519.0,0.744383,1.923139,HKG,VNM,030349
11947966,103,239,5102,2013,1275919.0,0.0,-0.216854,1.415728,IDN,VNM,030349
11947967,104,239,5102,2013,2446536.0,0.0,0.215356,2.3916209999999998,IND,VNM,030349
11947968,107,239,5102,2013,101001.0,63214.0,-0.339172,-0.237114,IRN,VNM,030349
11947969,109,239,5102,2013,0.0,2649.0,0.259374,-0.20413299999999998,ISL,VNM,030349
11947970,114,239,5102,2013,8685219.0,86789.0,2.3993130000000003,-0.564768,JPN,VNM,030349
11947971,116,239,5102,2013,0.0,120193.0,-0.448112,0.8672719999999999,KEN,VNM,030349
11947972,121,239,5102,2013,534182.0,435063.0,1.818383,0.75645,KOR,VNM,030349
11947973,122,239,5102,2013,0.0,8372.0,-0.536384,-1.08382,KWT,VNM,030349
11947974,123,239,5102,2013,0.0,124165.0,-1.204446,-0.8571489999999999,LAO,VNM,030349
11947975,128,239,5102,2013,0.0,155519.0,-0.6521779999999999,0.41258599999999995,LKA,VNM,030349
11947976,139,239,5102,2013,1262849.0,0.0,-0.980348,-0.8763219999999999,MHL,VNM,030349
11947977,151,239,5102,2013,50344.0,67912.0,-0.158852,0.0061600000000000005,MUS,VNM,030349
11947978,153,239,5102,2013,288369.0,203260.0,0.937641,0.747496,MYS,VNM,030349
11947979,162,239,5102,2013,0.0,14791.0,1.184107,1.249557,NLD,VNM,030349
11947980,163,239,5102,2013,0.0,2972.0,0.892099,0.18168399999999998,NOR,VNM,030349
11947981,166,239,5102,2013,716552.0,0.0,0.3345,0.39063000000000003,NZL,VNM,030349
11947982,168,239,5102,2013,52232.0,0.0,-0.75727,0.769703,PAK,VNM,030349
11947983,173,239,5102,2013,0.0,74587.0,-0.573852,0.357977,PER,VNM,030349
11947984,174,239,5102,2013,0.0,2518324.0,0.507868,0.355403,PHL,VNM,030349
11947985,192,239,5102,2013,0.0,46767.0,1.915504,0.619576,SGP,VNM,030349
11947986,216,239,5102,2013,164943.0,2332598.0,0.8752139999999999,1.3798620000000001,THA,VNM,030349
11947987,224,239,5102,2013,0.0,102937.0,0.42932299999999995,2.690235,TUR,VNM,030349
11947988,231,239,5102,2013,41691.0,33153.0,1.6639689999999998,-0.48651300000000003,USA,VNM,030349
11947989,240,239,5102,2013,1848879.0,0.0,-0.6548689999999999,-0.811184,VUT,VNM,030349
11947990,246,239,5102,2013,228392.0,0.0,0.380284,1.5682120000000002,ZAF,VNM,030349
11947991,249,239,5102,2013,103241.0,1190423.0,1.843186,0.9432379999999999,TWN,VNM,030349
11947992,250,239,5102,2013,1716655.0,1418163.0,0.628555,0.277602,ANS,VNM,030349
11947993,246,248,5102,2013,16623.0,0.0,0.380284,1.5682120000000002,ZAF,ZWE,030349
11947994,71,5,5102,2013,63352.0,0.0,0.861698,2.353993,ESP,AND,030349
11947995,191,21,5102,2013,4619.0,0.0,-0.523662,-0.309101,SEN,BFA,030349
11947996,44,29,5102,2013,0.0,1808.0,-0.923558,-0.866642,CIV,BLZ,030349
11947997,52,29,5102,2013,0.0,17382.0,0.067379,-0.688217,CRI,BLZ,030349
11947998,71,29,5102,2013,0.0,229494.0,0.861698,2.353993,ESP,BLZ,030349
11947999,77,29,5102,2013,0.0,6807.0,1.520354,0.022874000000000002,FRA,BLZ,030349
11948000,114,29,5102,2013,0.0,4062384.0,2.3993130000000003,-0.564768,JPN,BLZ,030349
11948001,121,29,5102,2013,0.0,1302.0,1.818383,0.75645,KOR,BLZ,030349
11948002,231,29,5102,2013,885.0,0.0,1.6639689999999998,-0.48651300000000003,USA,BLZ,030349
11948003,231,30,5102,2013,15462.0,0.0,1.6639689999999998,-0.48651300000000003,USA,BMU,030349
11948004,43,34,5102,2013,20113.0,51459.0,1.113767,1.477496,CHN,BRN,030349
11948005,97,34,5102,2013,14048.0,0.0,0.744383,1.923139,HKG,BRN,030349
11948006,104,34,5102,2013,16275.0,0.0,0.215356,2.3916209999999998,IND,BRN,030349
11948007,153,34,5102,2013,7191.0,0.0,0.937641,0.747496,MYS,BRN,030349
11948008,163,34,5102,2013,1172.0,0.0,0.892099,0.18168399999999998,NOR,BRN,030349
11948009,192,34,5102,2013,18721.0,0.0,1.915504,0.619576,SGP,BRN,030349
11948010,216,34,5102,2013,0.0,395772.0,0.8752139999999999,1.3798620000000001,THA,BRN,030349
11948011,246,37,5102,2013,26811.0,0.0,0.380284,1.5682120000000002,ZAF,BWA,030349
11948012,29,44,5102,2013,1808.0,0.0,-0.35218299999999997,-0.508891,BLZ,CIV,030349
11948013,49,44,5102,2013,0.0,896051.0,0.121799,-0.388239,COL,CIV,030349
11948014,67,44,5102,2013,73717.0,0.0,-0.86546,-0.8888389999999999,ECU,CIV,030349
11948015,71,44,5102,2013,1968638.0,1821762.0,0.861698,2.353993,ESP,CIV,030349
11948016,77,44,5102,2013,3204187.0,0.0,1.520354,0.022874000000000002,FRA,CIV,030349
11948017,83,44,5102,2013,1997052.0,0.0,-0.7316010000000001,-0.5327689999999999,GHA,CIV,030349
11948018,85,44,5102,2013,508823.0,0.0,-1.1287459999999998,-1.069735,GIN,CIV,030349
11948019,88,44,5102,2013,100661.0,0.0,-2.414729,-0.9398700000000001,GNB,CIV,030349
11948020,104,44,5102,2013,39783.0,0.0,0.215356,2.3916209999999998,IND,CIV,030349
11948021,116,44,5102,2013,0.0,332754.0,-0.448112,0.8672719999999999,KEN,CIV,030349
11948022,121,44,5102,2013,2555.0,0.0,1.818383,0.75645,KOR,CIV,030349
11948023,134,44,5102,2013,2513.0,0.0,-0.6494260000000001,-0.035075999999999996,MAR,CIV,030349
11948024,141,44,5102,2013,0.0,1135.0,-1.183671,-1.069504,MLI,CIV,030349
11948025,148,44,5102,2013,211361.0,0.0,-1.950532,-1.283104,MRT,CIV,030349
11948026,191,44,5102,2013,3289756.0,2033084.0,-0.523662,-0.309101,SEN,CIV,030349
11948027,197,44,5102,2013,0.0,38625.0,-0.021029,0.381522,SLV,CIV,030349
11948028,243,44,5102,2013,317391.0,0.0,-1.252605,-1.207324,YEM,CIV,030349
11948029,250,44,5102,2013,4172086.0,0.0,0.628555,0.277602,ANS,CIV,030349
11948030,38,45,5102,2013,0.0,775887.0,-0.268604,-0.606101,CAF,CMR,030349
11948031,42,45,5102,2013,263062.0,0.0,-0.260718,-0.38256100000000004,CHL,CMR,030349
11948032,77,45,5102,2013,76623.0,0.0,1.520354,0.022874000000000002,FRA,CMR,030349
11948033,87,45,5102,2013,46074.0,0.0,-0.5571550000000001,-0.6860310000000001,GMB,CMR,030349
11948034,88,45,5102,2013,64901.0,0.0,-2.414729,-0.9398700000000001,GNB,CMR,030349
11948035,104,45,5102,2013,32112.0,0.0,0.215356,2.3916209999999998,IND,CMR,030349
11948036,134,45,5102,2013,1322347.0,0.0,-0.6494260000000001,-0.035075999999999996,MAR,CMR,030349
11948037,148,45,5102,2013,630455.0,0.0,-1.950532,-1.283104,MRT,CMR,030349
11948038,155,45,5102,2013,5592.0,0.0,-0.308643,-0.480617,NAM,CMR,030349
11948039,155,46,5102,2013,1500.0,0.0,-0.308643,-0.480617,NAM,COD,030349
11948040,239,47,5102,2013,2727.0,0.0,-0.11426900000000001,1.399738,VNM,COG,030349
11948041,246,47,5102,2013,7479.0,0.0,0.380284,1.5682120000000002,ZAF,COG,030349
11948042,71,51,5102,2013,191787.0,1709581.0,0.861698,2.353993,ESP,CPV,030349
11948043,179,51,5102,2013,2740.0,8527.0,0.541454,2.5228610000000002,PRT,CPV,030349
11948044,197,51,5102,2013,0.0,202294.0,-0.021029,0.381522,SLV,CPV,030349
11948045,231,51,5102,2013,0.0,14802.0,1.6639689999999998,-0.48651300000000003,USA,CPV,030349
11948046,239,51,5102,2013,52865.0,0.0,-0.11426900000000001,1.399738,VNM,CPV,030349
11948047,39,54,5102,2013,5634.0,0.0,0.719649,1.017046,CAN,CUB,030349
11948048,128,58,5102,2013,1407.0,0.0,-0.6521779999999999,0.41258599999999995,LKA,CYP,030349
11948049,162,58,5102,2013,0.0,13869.0,1.184107,1.249557,NLD,CYP,030349
11948050,231,58,5102,2013,0.0,37407.0,1.6639689999999998,-0.48651300000000003,USA,CYP,030349
11948051,104,66,5102,2013,99507.0,0.0,0.215356,2.3916209999999998,IND,DZA,030349
11948052,104,80,5102,2013,8942.0,0.0,0.215356,2.3916209999999998,IND,GAB,030349
11948053,162,80,5102,2013,2992.0,0.0,1.184107,1.249557,NLD,GAB,030349
11948054,43,83,5102,2013,29293.0,0.0,1.113767,1.477496,CHN,GHA,030349
11948055,44,83,5102,2013,0.0,1997052.0,-0.923558,-0.866642,CIV,GHA,030349
11948056,49,83,5102,2013,0.0,69844.0,0.121799,-0.388239,COL,GHA,030349
11948057,67,83,5102,2013,125142.0,0.0,-0.86546,-0.8888389999999999,ECU,GHA,030349
11948058,71,83,5102,2013,0.0,144554.0,0.861698,2.353993,ESP,GHA,030349
11948059,77,83,5102,2013,107807.0,0.0,1.520354,0.022874000000000002,FRA,GHA,030349
11948060,81,83,5102,2013,2509.0,0.0,1.7901259999999999,0.44164,GBR,GHA,030349
11948061,85,83,5102,2013,231846.0,0.0,-1.1287459999999998,-1.069735,GIN,GHA,030349
11948062,88,83,5102,2013,780606.0,0.0,-2.414729,-0.9398700000000001,GNB,GHA,030349
11948063,111,83,5102,2013,0.0,191593.0,1.289924,0.533436,ITA,GHA,030349
11948064,114,83,5102,2013,0.0,13089.0,2.3993130000000003,-0.564768,JPN,GHA,030349
11948065,121,83,5102,2013,3899.0,4926.0,1.818383,0.75645,KOR,GHA,030349
11948066,134,83,5102,2013,30474.0,0.0,-0.6494260000000001,-0.035075999999999996,MAR,GHA,030349
11948067,136,83,5102,2013,0.0,370143.0,-1.068565,-0.364254,MDG,GHA,030349
11948068,148,83,5102,2013,151622.0,0.0,-1.950532,-1.283104,MRT,GHA,030349
11948069,162,83,5102,2013,80115.0,0.0,1.184107,1.249557,NLD,GHA,030349
11948070,167,83,5102,2013,48378.0,0.0,-0.604175,-1.0463209999999998,OMN,GHA,030349
11948071,179,83,5102,2013,0.0,18416.0,0.541454,2.5228610000000002,PRT,GHA,030349
11948072,191,83,5102,2013,74234.0,0.0,-0.523662,-0.309101,SEN,GHA,030349
11948073,211,83,5102,2013,351693.0,0.0,0.270999,-0.474095,SYC,GHA,030349
11948074,239,83,5102,2013,258522.0,0.0,-0.11426900000000001,1.399738,VNM,GHA,030349
11948075,71,84,5102,2013,14650.0,0.0,0.861698,2.353993,ESP,GIB,030349
11948076,44,85,5102,2013,0.0,508823.0,-0.923558,-0.866642,CIV,GIN,030349
11948077,64,85,5102,2013,0.0,12694.0,1.161835,1.1788450000000001,DNK,GIN,030349
11948078,83,85,5102,2013,0.0,231846.0,-0.7316010000000001,-0.5327689999999999,GHA,GIN,030349
11948079,121,85,5102,2013,19353.0,113043.0,1.818383,0.75645,KOR,GIN,030349
11948080,178,85,5102,2013,0.0,897040.0,-0.414538,-0.22449299999999997,PRK,GIN,030349
11948081,191,85,5102,2013,0.0,8581.0,-0.523662,-0.309101,SEN,GIN,030349
11948082,44,88,5102,2013,0.0,100661.0,-0.923558,-0.866642,CIV,GNB,030349
11948083,45,88,5102,2013,0.0,64901.0,-0.901531,-1.027111,CMR,GNB,030349
11948084,83,88,5102,2013,0.0,780606.0,-0.7316010000000001,-0.5327689999999999,GHA,GNB,030349
11948085,231,99,5102,2013,55710.0,0.0,1.6639689999999998,-0.48651300000000003,USA,HND,030349
11948086,7,108,5102,2013,16998.0,0.0,-0.074047,-0.585168,ARE,IRQ,030349
11948087,167,108,5102,2013,39051.0,0.0,-0.604175,-1.0463209999999998,OMN,IRQ,030349
11948088,128,109,5102,2013,0.0,228854.0,-0.6521779999999999,0.41258599999999995,LKA,ISL,030349
11948089,231,109,5102,2013,0.0,12684.0,1.6639689999999998,-0.48651300000000003,USA,ISL,030349
11948090,239,109,5102,2013,2649.0,0.0,-0.11426900000000001,1.399738,VNM,ISL,030349
11948091,231,120,5102,2013,11272.0,0.0,1.6639689999999998,-0.48651300000000003,USA,KNA,030349
11948092,121,125,5102,2013,85400.0,0.0,1.818383,0.75645,KOR,LBR,030349
11948093,191,125,5102,2013,3552.0,0.0,-0.523662,-0.309101,SEN,LBR,030349
11948094,97,133,5102,2013,307118.0,0.0,0.744383,1.923139,HKG,MAC,030349
11948095,43,134,5102,2013,0.0,66631.0,1.113767,1.477496,CHN,MAR,030349
11948096,44,134,5102,2013,0.0,2513.0,-0.923558,-0.866642,CIV,MAR,030349
11948097,45,134,5102,2013,0.0,1322347.0,-0.901531,-1.027111,CMR,MAR,030349
11948098,71,134,5102,2013,46064.0,42315.0,0.861698,2.353993,ESP,MAR,030349
11948099,83,134,5102,2013,0.0,30474.0,-0.7316010000000001,-0.5327689999999999,GHA,MAR,030349
11948100,114,134,5102,2013,0.0,487762.0,2.3993130000000003,-0.564768,JPN,MAR,030349
11948101,121,134,5102,2013,0.0,137139.0,1.818383,0.75645,KOR,MAR,030349
11948102,155,134,5102,2013,1919.0,0.0,-0.308643,-0.480617,NAM,MAR,030349
11948103,191,134,5102,2013,69383.0,0.0,-0.523662,-0.309101,SEN,MAR,030349
11948104,71,136,5102,2013,1889655.0,0.0,0.861698,2.353993,ESP,MDG,030349
11948105,77,136,5102,2013,103677.0,4993.0,1.520354,0.022874000000000002,FRA,MDG,030349
11948106,83,136,5102,2013,370143.0,0.0,-0.7316010000000001,-0.5327689999999999,GHA,MDG,030349
11948107,211,136,5102,2013,628195.0,0.0,0.270999,-0.474095,SYC,MDG,030349
11948108,39,142,5102,2013,0.0,1107.0,0.719649,1.017046,CAN,MLT,030349
11948109,43,142,5102,2013,0.0,242832.0,1.113767,1.477496,CHN,MLT,030349
11948110,111,142,5102,2013,0.0,8797.0,1.289924,0.533436,ITA,MLT,030349
11948111,114,142,5102,2013,0.0,4972049.0,2.3993130000000003,-0.564768,JPN,MLT,030349
11948112,121,142,5102,2013,778476.0,32245.0,1.818383,0.75645,KOR,MLT,030349
11948113,167,142,5102,2013,5361.0,0.0,-0.604175,-1.0463209999999998,OMN,MLT,030349
11948114,231,142,5102,2013,0.0,81747.0,1.6639689999999998,-0.48651300000000003,USA,MLT,030349
11948115,7,143,5102,2013,0.0,81102.0,-0.074047,-0.585168,ARE,MMR,030349
11948116,24,143,5102,2013,0.0,153479.0,0.249681,-0.6204270000000001,BHR,MMR,030349
11948117,111,143,5102,2013,0.0,5371.0,1.289924,0.533436,ITA,MMR,030349
11948118,153,143,5102,2013,0.0,22499.0,0.937641,0.747496,MYS,MMR,030349
11948119,192,143,5102,2013,2965.0,0.0,1.915504,0.619576,SGP,MMR,030349
11948120,216,143,5102,2013,0.0,37400.0,0.8752139999999999,1.3798620000000001,THA,MMR,030349
11948121,43,145,5102,2013,0.0,23964.0,1.113767,1.477496,CHN,MNG,030349
11948122,121,145,5102,2013,52343.0,0.0,1.818383,0.75645,KOR,MNG,030349
11948123,43,151,5102,2013,29195.0,0.0,1.113767,1.477496,CHN,MUS,030349
11948124,55,151,5102,2013,168412.0,0.0,0.029981999999999998,-0.673439,CUW,MUS,030349
11948125,71,151,5102,2013,7468540.0,44758.0,0.861698,2.353993,ESP,MUS,030349
11948126,77,151,5102,2013,1282653.0,0.0,1.520354,0.022874000000000002,FRA,MUS,030349
11948127,103,151,5102,2013,620483.0,0.0,-0.216854,1.415728,IDN,MUS,030349
11948128,104,151,5102,2013,102602.0,0.0,0.215356,2.3916209999999998,IND,MUS,030349
11948129,114,151,5102,2013,0.0,14528.0,2.3993130000000003,-0.564768,JPN,MUS,030349
11948130,116,151,5102,2013,128352.0,0.0,-0.448112,0.8672719999999999,KEN,MUS,030349
11948131,121,151,5102,2013,4783.0,0.0,1.818383,0.75645,KOR,MUS,030349
11948132,162,151,5102,2013,515620.0,0.0,1.184107,1.249557,NLD,MUS,030349
11948133,167,151,5102,2013,0.0,43861.0,-0.604175,-1.0463209999999998,OMN,MUS,030349
11948134,191,151,5102,2013,268060.0,0.0,-0.523662,-0.309101,SEN,MUS,030349
11948135,192,151,5102,2013,13648.0,36481.0,1.915504,0.619576,SGP,MUS,030349
11948136,211,151,5102,2013,3730699.0,2365324.0,0.270999,-0.474095,SYC,MUS,030349
11948137,216,151,5102,2013,202085.0,564618.0,0.8752139999999999,1.3798620000000001,THA,MUS,030349
11948138,230,151,5102,2013,35195.0,0.0,0.20190999999999998,-0.19777999999999998,URY,MUS,030349
11948139,239,151,5102,2013,67912.0,50344.0,-0.11426900000000001,1.399738,VNM,MUS,030349
11948140,246,151,5102,2013,22865.0,0.0,0.380284,1.5682120000000002,ZAF,MUS,030349
11948141,249,151,5102,2013,240800.0,0.0,1.843186,0.9432379999999999,TWN,MUS,030349
11948142,38,155,5102,2013,0.0,355682.0,-0.268604,-0.606101,CAF,NAM,030349
11948143,45,155,5102,2013,0.0,5592.0,-0.901531,-1.027111,CMR,NAM,030349
11948144,46,155,5102,2013,0.0,1500.0,-1.300125,-1.0708010000000001,COD,NAM,030349
11948145,71,155,5102,2013,0.0,408813.0,0.861698,2.353993,ESP,NAM,030349
11948146,134,155,5102,2013,0.0,1919.0,-0.6494260000000001,-0.035075999999999996,MAR,NAM,030349
11948147,179,155,5102,2013,0.0,292160.0,0.541454,2.5228610000000002,PRT,NAM,030349
11948148,216,155,5102,2013,0.0,168776.0,0.8752139999999999,1.3798620000000001,THA,NAM,030349
11948149,246,155,5102,2013,100228.0,109493.0,0.380284,1.5682120000000002,ZAF,NAM,030349
11948150,103,160,5102,2013,3962.0,0.0,-0.216854,1.415728,IDN,NIC,030349
11948151,231,160,5102,2013,7853.0,0.0,1.6639689999999998,-0.48651300000000003,USA,NIC,030349
11948152,85,178,5102,2013,897040.0,0.0,-1.1287459999999998,-1.069735,GIN,PRK,030349
11948153,216,178,5102,2013,0.0,8968.0,0.8752139999999999,1.3798620000000001,THA,PRK,030349
11948154,67,195,5102,2013,0.0,7747.0,-0.86546,-0.8888389999999999,ECU,SLB,030349
11948155,114,195,5102,2013,0.0,68682.0,2.3993130000000003,-0.564768,JPN,SLB,030349
11948156,128,195,5102,2013,0.0,275236.0,-0.6521779999999999,0.41258599999999995,LKA,SLB,030349
11948157,216,195,5102,2013,0.0,62896.0,0.8752139999999999,1.3798620000000001,THA,SLB,030349
11948158,224,195,5102,2013,0.0,143152.0,0.42932299999999995,2.690235,TUR,SLB,030349
11948159,249,195,5102,2013,433305.0,0.0,1.843186,0.9432379999999999,TWN,SLB,030349
11948160,128,209,5102,2013,13504.0,0.0,-0.6521779999999999,0.41258599999999995,LKA,SWZ,030349
11948161,7,211,5102,2013,2690.0,0.0,-0.074047,-0.585168,ARE,SYC,030349
11948162,32,211,5102,2013,1509823.0,0.0,0.14765899999999998,0.399262,BRA,SYC,030349
11948163,71,211,5102,2013,8517498.0,3656408.0,0.861698,2.353993,ESP,SYC,030349
11948164,77,211,5102,2013,670568.0,6412864.0,1.520354,0.022874000000000002,FRA,SYC,030349
11948165,83,211,5102,2013,0.0,351693.0,-0.7316010000000001,-0.5327689999999999,GHA,SYC,030349
11948166,111,211,5102,2013,0.0,5807.0,1.289924,0.533436,ITA,SYC,030349
11948167,114,211,5102,2013,0.0,33043888.0,2.3993130000000003,-0.564768,JPN,SYC,030349
11948168,116,211,5102,2013,0.0,2537646.0,-0.448112,0.8672719999999999,KEN,SYC,030349
11948169,121,211,5102,2013,0.0,85285.0,1.818383,0.75645,KOR,SYC,030349
11948170,128,211,5102,2013,0.0,47628.0,-0.6521779999999999,0.41258599999999995,LKA,SYC,030349
11948171,136,211,5102,2013,0.0,628195.0,-1.068565,-0.364254,MDG,SYC,030349
11948172,151,211,5102,2013,2365324.0,3730699.0,-0.158852,0.0061600000000000005,MUS,SYC,030349
11948173,174,211,5102,2013,9283.0,0.0,0.507868,0.355403,PHL,SYC,030349
11948174,216,211,5102,2013,1090111.0,323305.0,0.8752139999999999,1.3798620000000001,THA,SYC,030349
11948175,121,212,5102,2013,0.0,3989.0,1.818383,0.75645,KOR,SYR,030349
11948176,124,212,5102,2013,18007.0,0.0,0.283084,1.4289100000000001,LBN,SYR,030349
11948177,77,215,5102,2013,49564.0,7406.0,1.520354,0.022874000000000002,FRA,TGO,030349
11948178,191,215,5102,2013,57581.0,0.0,-0.523662,-0.309101,SEN,TGO,030349
11948179,103,220,5102,2013,2013.0,0.0,-0.216854,1.415728,IDN,TLS,030349
11948180,43,223,5102,2013,0.0,276663.0,1.113767,1.477496,CHN,TUN,030349
11948181,104,223,5102,2013,1201371.0,0.0,0.215356,2.3916209999999998,IND,TUN,030349
11948182,114,223,5102,2013,0.0,736082.0,2.3993130000000003,-0.564768,JPN,TUN,030349
11948183,121,223,5102,2013,0.0,475098.0,1.818383,0.75645,KOR,TUN,030349
11948184,243,223,5102,2013,24228.0,0.0,-1.252605,-1.207324,YEM,TUN,030349
11948185,104,226,5102,2013,23854.0,0.0,0.215356,2.3916209999999998,IND,TZA,030349
11948186,114,226,5102,2013,0.0,944469.0,2.3993130000000003,-0.564768,JPN,TZA,030349
11948187,121,226,5102,2013,150824.0,0.0,1.818383,0.75645,KOR,TZA,030349
11948188,243,226,5102,2013,54699.0,0.0,-1.252605,-1.207324,YEM,TZA,030349
11948189,24,227,5102,2013,0.0,2027.0,0.249681,-0.6204270000000001,BHR,UGA,030349
11948190,43,227,5102,2013,1092.0,0.0,1.113767,1.477496,CHN,UGA,030349
11948191,187,227,5102,2013,0.0,3744.0,-0.490519,-0.48427700000000007,RWA,UGA,030349
11948192,39,229,5102,2013,0.0,558494.0,0.719649,1.017046,CAN,UMI,030349
11948193,231,237,5102,2013,46817.0,0.0,1.6639689999999998,-0.48651300000000003,USA,VGB,030349
11948194,7,247,5102,2013,1032.0,0.0,-0.074047,-0.585168,ARE,ZMB,030349
11948195,246,247,5102,2013,8045.0,0.0,0.380284,1.5682120000000002,ZAF,ZMB,030349
11948196,231,13,5102,2013,20882.0,0.0,1.6639689999999998,-0.48651300000000003,USA,ATG,030349
11948197,231,127,5102,2013,18497.0,0.0,1.6639689999999998,-0.48651300000000003,USA,LCA,030349
11948198,104,2,5102,2013,5471.0,0.0,0.215356,2.3916209999999998,IND,AGO,030349
11948199,179,2,5102,2013,36396.0,0.0,0.541454,2.5228610000000002,PRT,AGO,030349
11948200,231,2,5102,2013,2116.0,0.0,1.6639689999999998,-0.48651300000000003,USA,AGO,030349
11948201,71,89,5102,2013,3357.0,0.0,0.861698,2.353993,ESP,GNQ,030349
11948202,104,89,5102,2013,65200.0,0.0,0.215356,2.3916209999999998,IND,GNQ,030349
11948203,121,126,5102,2013,0.0,319738.0,1.818383,0.75645,KOR,LBY,030349
11948204,44,141,5102,2013,1135.0,0.0,-0.923558,-0.866642,CIV,MLI,030349
11948205,231,213,5102,2013,8151.0,0.0,1.6639689999999998,-0.48651300000000003,USA,TCA,030349
11948206,231,0,5102,2013,16187.0,0.0,1.6639689999999998,-0.48651300000000003,USA,ABW,030349
11948207,65,1,5102,2013,0.0,3390.0,-0.277269,0.432388,DOM,AFG,030349
11948208,71,1,5102,2013,12539.0,0.0,0.861698,2.353993,ESP,AFG,030349
11948209,107,1,5102,2013,9476.0,0.0,-0.339172,-0.237114,IRN,AFG,030349
11948210,45,38,5102,2013,775887.0,0.0,-0.901531,-1.027111,CMR,CAF,030349
11948211,155,38,5102,2013,355682.0,0.0,-0.308643,-0.480617,NAM,CAF,030349
11948212,191,38,5102,2013,43319.0,0.0,-0.523662,-0.309101,SEN,CAF,030349
11948213,10,75,5102,2013,0.0,1574263.0,0.686489,-0.251618,ASM,FJI,030349
11948214,14,75,5102,2013,0.0,7985.0,-0.31145700000000004,-0.167628,AUS,FJI,030349
11948215,39,75,5102,2013,0.0,60087.0,0.719649,1.017046,CAN,FJI,030349
11948216,41,75,5102,2013,6663.0,0.0,2.2104470000000003,0.5403479999999999,CHE,FJI,030349
11948217,43,75,5102,2013,5386222.0,192083.0,1.113767,1.477496,CHN,FJI,030349
11948218,49,75,5102,2013,0.0,23958.0,0.121799,-0.388239,COL,FJI,030349
11948219,65,75,5102,2013,0.0,29195.0,-0.277269,0.432388,DOM,FJI,030349
11948220,67,75,5102,2013,0.0,142985.0,-0.86546,-0.8888389999999999,ECU,FJI,030349
11948221,77,75,5102,2013,0.0,120609.0,1.520354,0.022874000000000002,FRA,FJI,030349
11948222,97,75,5102,2013,0.0,3257.0,0.744383,1.923139,HKG,FJI,030349
11948223,103,75,5102,2013,0.0,54238.0,-0.216854,1.415728,IDN,FJI,030349
11948224,114,75,5102,2013,0.0,4953156.0,2.3993130000000003,-0.564768,JPN,FJI,030349
11948225,121,75,5102,2013,0.0,1588048.0,1.818383,0.75645,KOR,FJI,030349
11948226,128,75,5102,2013,0.0,9438.0,-0.6521779999999999,0.41258599999999995,LKA,FJI,030349
11948227,162,75,5102,2013,0.0,13103.0,1.184107,1.249557,NLD,FJI,030349
11948228,166,75,5102,2013,0.0,268478.0,0.3345,0.39063000000000003,NZL,FJI,030349
11948229,192,75,5102,2013,0.0,883655.0,1.915504,0.619576,SGP,FJI,030349
11948230,216,75,5102,2013,0.0,105186.0,0.8752139999999999,1.3798620000000001,THA,FJI,030349
11948231,221,75,5102,2013,0.0,143600.0,0.183053,-0.345657,TON,FJI,030349
11948232,231,75,5102,2013,0.0,1715909.0,1.6639689999999998,-0.48651300000000003,USA,FJI,030349
11948233,239,75,5102,2013,0.0,475015.0,-0.11426900000000001,1.399738,VNM,FJI,030349
11948234,240,75,5102,2013,0.0,12312.0,-0.6548689999999999,-0.811184,VUT,FJI,030349
11948235,241,75,5102,2013,0.0,27003.0,1.4608299999999999,-0.567281,WLF,FJI,030349
11948236,249,75,5102,2013,2024058.0,2692308.0,1.843186,0.9432379999999999,TWN,FJI,030349
11948237,250,75,5102,2013,6345467.0,3226584.0,0.628555,0.277602,ANS,FJI,030349
11948238,114,79,5102,2013,0.0,642858.0,2.3993130000000003,-0.564768,JPN,FSM,030349
11948239,216,79,5102,2013,0.0,352099.0,0.8752139999999999,1.3798620000000001,THA,FSM,030349
11948240,249,79,5102,2013,2200980.0,0.0,1.843186,0.9432379999999999,TWN,FSM,030349
11948241,45,87,5102,2013,0.0,46074.0,-0.901531,-1.027111,CMR,GMB,030349
11948242,162,87,5102,2013,3660.0,0.0,1.184107,1.249557,NLD,GMB,030349
11948243,43,123,5102,2013,11560.0,0.0,1.113767,1.477496,CHN,LAO,030349
11948244,216,123,5102,2013,94824.0,86101.0,0.8752139999999999,1.3798620000000001,THA,LAO,030349
11948245,239,123,5102,2013,124165.0,0.0,-0.11426900000000001,1.399738,VNM,LAO,030349
11948246,246,129,5102,2013,8140.0,0.0,0.380284,1.5682120000000002,ZAF,LSO,030349
11948247,7,137,5102,2013,17750.0,0.0,-0.074047,-0.585168,ARE,MDV,030349
11948248,14,137,5102,2013,984.0,0.0,-0.31145700000000004,-0.167628,AUS,MDV,030349
11948249,114,137,5102,2013,0.0,422895.0,2.3993130000000003,-0.564768,JPN,MDV,030349
11948250,128,137,5102,2013,16865.0,0.0,-0.6521779999999999,0.41258599999999995,LKA,MDV,030349
11948251,174,137,5102,2013,0.0,21512.0,0.507868,0.355403,PHL,MDV,030349
11948252,192,137,5102,2013,32516.0,0.0,1.915504,0.619576,SGP,MDV,030349
11948253,216,137,5102,2013,0.0,1045528.0,0.8752139999999999,1.3798620000000001,THA,MDV,030349
11948254,246,152,5102,2013,15468.0,0.0,0.380284,1.5682120000000002,ZAF,MWI,030349
11948255,14,176,5102,2013,58276.0,0.0,-0.31145700000000004,-0.167628,AUS,PNG,030349
11948256,174,176,5102,2013,0.0,2142097.0,0.507868,0.355403,PHL,PNG,030349
11948257,216,176,5102,2013,0.0,47997.0,0.8752139999999999,1.3798620000000001,THA,PNG,030349
11948258,249,176,5102,2013,9944.0,0.0,1.843186,0.9432379999999999,TWN,PNG,030349
11948259,231,182,5102,2013,17340.0,4180.0,1.6639689999999998,-0.48651300000000003,USA,PYF,030349
11948260,227,187,5102,2013,3744.0,0.0,-0.5462279999999999,0.200682,UGA,RWA,030349
11948261,68,196,5102,2013,0.0,22750.0,-0.17418,1.692641,EGY,SLE,030349
11948262,121,196,5102,2013,1255.0,0.0,1.818383,0.75645,KOR,SLE,030349
11948263,7,219,5102,2013,0.0,1457985.0,-0.074047,-0.585168,ARE,TKM,030349
11948264,75,240,5102,2013,12312.0,0.0,-0.5203369999999999,-0.122405,FJI,VUT,030349
11948265,114,240,5102,2013,0.0,10460716.0,2.3993130000000003,-0.564768,JPN,VUT,030349
11948266,121,240,5102,2013,0.0,61955.0,1.818383,0.75645,KOR,VUT,030349
11948267,216,240,5102,2013,0.0,2529366.0,0.8752139999999999,1.3798620000000001,THA,VUT,030349
11948268,239,240,5102,2013,0.0,1848879.0,-0.11426900000000001,1.399738,VNM,VUT,030349
11948269,231,91,5102,2013,14565.0,0.0,1.6639689999999998,-0.48651300000000003,USA,GRD,030349
11948270,67,10,5102,2013,0.0,1359364.0,-0.86546,-0.8888389999999999,ECU,ASM,030349
11948271,75,10,5102,2013,1574263.0,0.0,-0.5203369999999999,-0.122405,FJI,ASM,030349
11948272,114,10,5102,2013,11886.0,0.0,2.3993130000000003,-0.564768,JPN,ASM,030349
11948273,121,10,5102,2013,97195.0,0.0,1.818383,0.75645,KOR,ASM,030349
11948274,128,10,5102,2013,0.0,643560.0,-0.6521779999999999,0.41258599999999995,LKA,ASM,030349
11948275,249,10,5102,2013,237324.0,0.0,1.843186,0.9432379999999999,TWN,ASM,030349
11948276,67,119,5102,2013,0.0,98015.0,-0.86546,-0.8888389999999999,ECU,KIR,030349
11948277,71,119,5102,2013,1805000.0,0.0,0.861698,2.353993,ESP,KIR,030349
11948278,114,119,5102,2013,0.0,1166492.0,2.3993130000000003,-0.564768,JPN,KIR,030349
11948279,197,119,5102,2013,0.0,27781.0,-0.021029,0.381522,SLV,KIR,030349
11948280,216,119,5102,2013,0.0,496357.0,0.8752139999999999,1.3798620000000001,THA,KIR,030349
11948281,174,139,5102,2013,0.0,91776.0,0.507868,0.355403,PHL,MHL,030349
11948282,216,139,5102,2013,0.0,3280328.0,0.8752139999999999,1.3798620000000001,THA,MHL,030349
11948283,239,139,5102,2013,0.0,1262849.0,-0.11426900000000001,1.399738,VNM,MHL,030349
11948284,75,221,5102,2013,143600.0,0.0,-0.5203369999999999,-0.122405,FJI,TON,030349
11948285,166,221,5102,2013,0.0,3515.0,0.3345,0.39063000000000003,NZL,TON,030349
11948286,249,221,5102,2013,32454.0,0.0,1.843186,0.9432379999999999,TWN,TON,030349
11948287,114,225,5102,2013,0.0,1566716.0,2.3993130000000003,-0.564768,JPN,TUV,030349
11948288,121,225,5102,2013,0.0,353489.0,1.818383,0.75645,KOR,TUV,030349
11948289,216,225,5102,2013,0.0,214690.0,0.8752139999999999,1.3798620000000001,THA,TUV,030349
11948290,75,241,5102,2013,27003.0,0.0,-0.5203369999999999,-0.122405,FJI,WLF,030349
11948291,231,210,5102,2013,31683.0,0.0,1.6639689999999998,-0.48651300000000003,USA,SXM,030349
11948292,192,105,5102,2013,0.0,1239032.0,1.915504,0.619576,SGP,IOT,030349
11948293,71,154,5102,2013,0.0,442935.0,0.861698,2.353993,ESP,MYT,030349
11948294,224,154,5102,2013,0.0,84898.0,0.42932299999999995,2.690235,TUR,MYT,030349
11948295,39,200,5102,2013,6963.0,0.0,0.719649,1.017046,CAN,SPM,030349
11948296,22,7,5108,2013,12799.0,0.0,-1.101916,-0.734646,BGD,ARE,030374
11948297,39,7,5108,2013,59886.0,0.0,0.719649,1.017046,CAN,ARE,030374
11948298,43,7,5108,2013,1060344.0,0.0,1.113767,1.477496,CHN,ARE,030374
11948299,44,7,5108,2013,0.0,22576.0,-0.923558,-0.866642,CIV,ARE,030374
11948300,64,7,5108,2013,25558.0,0.0,1.161835,1.1788450000000001,DNK,ARE,030374
11948301,77,7,5108,2013,0.0,40372.0,1.520354,0.022874000000000002,FRA,ARE,030374
11948302,81,7,5108,2013,24001.0,0.0,1.7901259999999999,0.44164,GBR,ARE,030374
11948303,103,7,5108,2013,606091.0,0.0,-0.216854,1.415728,IDN,ARE,030374
11948304,104,7,5108,2013,1940.0,0.0,0.215356,2.3916209999999998,IND,ARE,030374
11948305,107,7,5108,2013,0.0,28515.0,-0.339172,-0.237114,IRN,ARE,030374
11948306,109,7,5108,2013,2556669.0,0.0,0.259374,-0.20413299999999998,ISL,ARE,030374
11948307,114,7,5108,2013,9095.0,0.0,2.3993130000000003,-0.564768,JPN,ARE,030374
11948308,121,7,5108,2013,59650.0,0.0,1.818383,0.75645,KOR,ARE,030374
11948309,122,7,5108,2013,1448.0,0.0,-0.536384,-1.08382,KWT,ARE,030374
11948310,137,7,5108,2013,0.0,3136.0,-0.21889699999999998,-0.776392,MDV,ARE,030374
11948311,143,7,5108,2013,68672.0,0.0,-1.230787,-0.737375,MMR,ARE,030374
11948312,159,7,5108,2013,2462287.0,13309775.0,-1.745783,-1.1356680000000001,NGA,ARE,030374
11948313,162,7,5108,2013,30777.0,0.0,1.184107,1.249557,NLD,ARE,030374
11948314,163,7,5108,2013,43691.0,0.0,0.892099,0.18168399999999998,NOR,ARE,030374
11948315,167,7,5108,2013,27927.0,137668.0,-0.604175,-1.0463209999999998,OMN,ARE,030374
11948316,168,7,5108,2013,115654.0,0.0,-0.75727,0.769703,PAK,ARE,030374
11948317,183,7,5108,2013,0.0,38662.0,-0.083649,-1.013491,QAT,ARE,030374
11948318,188,7,5108,2013,29786.0,0.0,0.626347,-0.844406,SAU,ARE,030374
11948319,191,7,5108,2013,1208.0,0.0,-0.523662,-0.309101,SEN,ARE,030374
11948320,192,7,5108,2013,0.0,8214.0,1.915504,0.619576,SGP,ARE,030374
11948321,216,7,5108,2013,4673.0,0.0,0.8752139999999999,1.3798620000000001,THA,ARE,030374
11948322,219,7,5108,2013,0.0,60342.0,-1.6186770000000001,-1.2210969999999999,TKM,ARE,030374
11948323,239,7,5108,2013,136258.0,0.0,-0.11426900000000001,1.399738,VNM,ARE,030374
11948324,243,7,5108,2013,29911.0,0.0,-1.252605,-1.207324,YEM,ARE,030374
11948325,249,7,5108,2013,3727748.0,0.0,1.843186,0.9432379999999999,TWN,ARE,030374
11948326,23,8,5108,2013,0.0,17069.0,0.5026109999999999,1.674296,BGR,ARG,030374
11948327,26,8,5108,2013,0.0,616.0,0.46743199999999996,0.7340800000000001,BIH,ARG,030374
11948328,32,8,5108,2013,0.0,1834365.0,0.14765899999999998,0.399262,BRA,ARG,030374
11948329,54,8,5108,2013,0.0,938051.0,-0.019956,-0.7873319999999999,CUB,ARG,030374
11948330,83,8,5108,2013,0.0,27755.0,-0.7316010000000001,-0.5327689999999999,GHA,ARG,030374
11948331,159,8,5108,2013,0.0,133814.0,-1.745783,-1.1356680000000001,NGA,ARG,030374
11948332,173,8,5108,2013,0.0,619939.0,-0.573852,0.357977,PER,ARG,030374
11948333,201,8,5108,2013,0.0,48279.0,0.5717720000000001,1.174901,SRB,ARG,030374
11948334,231,8,5108,2013,0.0,51153.0,1.6639689999999998,-0.48651300000000003,USA,ARG,030374
11948335,18,15,5108,2013,1491.0,0.0,1.316207,0.972601,BEL,AUT,030374
11948336,22,15,5108,2013,8300.0,0.0,-1.101916,-0.734646,BGD,AUT,030374
11948337,43,15,5108,2013,32738.0,0.0,1.113767,1.477496,CHN,AUT,030374
11948338,59,15,5108,2013,0.0,8515.0,1.819653,-0.12423800000000002,CZE,AUT,030374
11948339,61,15,5108,2013,797858.0,87472.0,2.093658,-3.4281980000000005,DEU,AUT,030374
11948340,64,15,5108,2013,4257.0,0.0,1.161835,1.1788450000000001,DNK,AUT,030374
11948341,77,15,5108,2013,986.0,0.0,1.520354,0.022874000000000002,FRA,AUT,030374
11948342,102,15,5108,2013,0.0,3500.0,1.506101,0.7279220000000001,HUN,AUT,030374
11948343,104,15,5108,2013,17197.0,0.0,0.215356,2.3916209999999998,IND,AUT,030374
11948344,106,15,5108,2013,86438.0,0.0,1.29988,0.240688,IRL,AUT,030374
11948345,109,15,5108,2013,36120.0,0.0,0.259374,-0.20413299999999998,ISL,AUT,030374
11948346,111,15,5108,2013,17102.0,12210.0,1.289924,0.533436,ITA,AUT,030374
11948347,121,15,5108,2013,2024.0,0.0,1.818383,0.75645,KOR,AUT,030374
11948348,155,15,5108,2013,3418.0,0.0,-0.308643,-0.480617,NAM,AUT,030374
11948349,162,15,5108,2013,222381.0,0.0,1.184107,1.249557,NLD,AUT,030374
11948350,163,15,5108,2013,44208.0,0.0,0.892099,0.18168399999999998,NOR,AUT,030374
11948351,177,15,5108,2013,6748.0,1908.0,1.084332,1.216749,POL,AUT,030374
11948352,186,15,5108,2013,36439.0,0.0,0.481166,-0.180052,RUS,AUT,030374
11948353,206,15,5108,2013,0.0,1033.0,1.32064,0.7519819999999999,SVK,AUT,030374
11948354,208,15,5108,2013,0.0,2585.0,1.869421,0.228109,SWE,AUT,030374
11948355,239,15,5108,2013,13015.0,0.0,-0.11426900000000001,1.399738,VNM,AUT,030374
11948356,2,18,5108,2013,0.0,1540404.0,-1.172043,-1.133735,AGO,BEL,030374
11948357,15,18,5108,2013,0.0,1491.0,1.7209240000000001,-0.286892,AUT,BEL,030374
11948358,19,18,5108,2013,0.0,86913.0,-0.919968,-0.90691,BEN,BEL,030374
11948359,23,18,5108,2013,0.0,1268650.0,0.5026109999999999,1.674296,BGR,BEL,030374
11948360,58,18,5108,2013,0.0,53082.0,0.502238,0.349608,CYP,BEL,030374
11948361,61,18,5108,2013,1500.0,28585.0,2.093658,-3.4281980000000005,DEU,BEL,030374
11948362,71,18,5108,2013,323173.0,0.0,0.861698,2.353993,ESP,BEL,030374
11948363,77,18,5108,2013,6301.0,511724.0,1.520354,0.022874000000000002,FRA,BEL,030374
11948364,80,18,5108,2013,0.0,116197.0,-1.6582830000000002,-1.155302,GAB,BEL,030374
11948365,81,18,5108,2013,3426989.0,0.0,1.7901259999999999,0.44164,GBR,BEL,030374
11948366,82,18,5108,2013,0.0,152780.0,-0.160691,-0.393419,GEO,BEL,030374
11948367,83,18,5108,2013,0.0,1953111.0,-0.7316010000000001,-0.5327689999999999,GHA,BEL,030374
11948368,106,18,5108,2013,596583.0,0.0,1.29988,0.240688,IRL,BEL,030374
11948369,109,18,5108,2013,66333.0,0.0,0.259374,-0.20413299999999998,ISL,BEL,030374
11948370,131,18,5108,2013,2032.0,3461.0,1.170459,1.150327,LUX,BEL,030374
11948371,153,18,5108,2013,0.0,11174.0,0.937641,0.747496,MYS,BEL,030374
11948372,159,18,5108,2013,0.0,1002371.0,-1.745783,-1.1356680000000001,NGA,BEL,030374
11948373,162,18,5108,2013,1310830.0,48082.0,1.184107,1.249557,NLD,BEL,030374
11948374,179,18,5108,2013,5459.0,0.0,0.541454,2.5228610000000002,PRT,BEL,030374
11948375,208,18,5108,2013,0.0,2800.0,1.869421,0.228109,SWE,BEL,030374
11948376,239,18,5108,2013,76907.0,0.0,-0.11426900000000001,1.399738,VNM,BEL,030374
11948377,243,18,5108,2013,18066.0,0.0,-1.252605,-1.207324,YEM,BEL,030374
11948378,18,19,5108,2013,86913.0,0.0,1.316207,0.972601,BEL,BEN,030374
11948379,42,19,5108,2013,12103.0,0.0,-0.260718,-0.38256100000000004,CHL,BEN,030374
11948380,43,19,5108,2013,1535407.0,0.0,1.113767,1.477496,CHN,BEN,030374
11948381,64,19,5108,2013,37314.0,0.0,1.161835,1.1788450000000001,DNK,BEN,030374
11948382,71,19,5108,2013,163575.0,0.0,0.861698,2.353993,ESP,BEN,030374
11948383,77,19,5108,2013,30298.0,0.0,1.520354,0.022874000000000002,FRA,BEN,030374
11948384,106,19,5108,2013,57895.0,0.0,1.29988,0.240688,IRL,BEN,030374
11948385,114,19,5108,2013,23610.0,0.0,2.3993130000000003,-0.564768,JPN,BEN,030374
11948386,121,19,5108,2013,268081.0,0.0,1.818383,0.75645,KOR,BEN,030374
11948387,134,19,5108,2013,383280.0,0.0,-0.6494260000000001,-0.035075999999999996,MAR,BEN,030374
11948388,191,19,5108,2013,13438.0,0.0,-0.523662,-0.309101,SEN,BEN,030374
11948389,8,23,5108,2013,17069.0,0.0,0.20314300000000002,0.494062,ARG,BGR,030374
11948390,18,23,5108,2013,1268650.0,0.0,1.316207,0.972601,BEL,BGR,030374
11948391,39,23,5108,2013,500651.0,0.0,0.719649,1.017046,CAN,BGR,030374
11948392,43,23,5108,2013,546494.0,0.0,1.113767,1.477496,CHN,BGR,030374
11948393,58,23,5108,2013,0.0,290229.0,0.502238,0.349608,CYP,BGR,030374
11948394,61,23,5108,2013,461059.0,0.0,2.093658,-3.4281980000000005,DEU,BGR,030374
11948395,64,23,5108,2013,65877.0,0.0,1.161835,1.1788450000000001,DNK,BGR,030374
11948396,71,23,5108,2013,1299717.0,0.0,0.861698,2.353993,ESP,BGR,030374
11948397,81,23,5108,2013,3704318.0,0.0,1.7901259999999999,0.44164,GBR,BGR,030374
11948398,90,23,5108,2013,10849.0,5825.0,0.18823800000000002,0.910906,GRC,BGR,030374
11948399,102,23,5108,2013,0.0,375340.0,1.506101,0.7279220000000001,HUN,BGR,030374
11948400,106,23,5108,2013,898958.0,0.0,1.29988,0.240688,IRL,BGR,030374
11948401,109,23,5108,2013,127905.0,0.0,0.259374,-0.20413299999999998,ISL,BGR,030374
11948402,111,23,5108,2013,0.0,8884.0,1.289924,0.533436,ITA,BGR,030374
11948403,130,23,5108,2013,952771.0,0.0,0.737796,1.215543,LTU,BGR,030374
11948404,134,23,5108,2013,444028.0,0.0,-0.6494260000000001,-0.035075999999999996,MAR,BGR,030374
11948405,140,23,5108,2013,0.0,6867.0,-0.10859400000000001,0.155229,MKD,BGR,030374
11948406,162,23,5108,2013,1162223.0,9095.0,1.184107,1.249557,NLD,BGR,030374
11948407,163,23,5108,2013,1954964.0,0.0,0.892099,0.18168399999999998,NOR,BGR,030374
11948408,173,23,5108,2013,154821.0,0.0,-0.573852,0.357977,PER,BGR,030374
11948409,177,23,5108,2013,530844.0,0.0,1.084332,1.216749,POL,BGR,030374
11948410,179,23,5108,2013,63432.0,0.0,0.541454,2.5228610000000002,PRT,BGR,030374
11948411,185,23,5108,2013,1585344.0,833381.0,0.792035,1.225034,ROU,BGR,030374
11948412,208,23,5108,2013,96096.0,258942.0,1.869421,0.228109,SWE,BGR,030374
11948413,231,23,5108,2013,172212.0,0.0,1.6639689999999998,-0.48651300000000003,USA,BGR,030374
11948414,231,25,5108,2013,11072.0,0.0,1.6639689999999998,-0.48651300000000003,USA,BHS,030374
11948415,2,32,5108,2013,0.0,451563.0,-1.172043,-1.133735,AGO,BRA,030374
11948416,8,32,5108,2013,1834365.0,0.0,0.20314300000000002,0.494062,ARG,BRA,030374
11948417,44,32,5108,2013,0.0,132710.0,-0.923558,-0.866642,CIV,BRA,030374
11948418,67,32,5108,2013,391311.0,0.0,-0.86546,-0.8888389999999999,ECU,BRA,030374
11948419,71,32,5108,2013,106346.0,0.0,0.861698,2.353993,ESP,BRA,030374
11948420,82,32,5108,2013,0.0,165369.0,-0.160691,-0.393419,GEO,BRA,030374
11948421,83,32,5108,2013,0.0,78743.0,-0.7316010000000001,-0.5327689999999999,GHA,BRA,030374
11948422,134,32,5108,2013,177899.0,0.0,-0.6494260000000001,-0.035075999999999996,MAR,BRA,030374
11948423,163,32,5108,2013,72752.0,0.0,0.892099,0.18168399999999998,NOR,BRA,030374
11948424,167,32,5108,2013,120982.0,0.0,-0.604175,-1.0463209999999998,OMN,BRA,030374
11948425,173,32,5108,2013,1798588.0,0.0,-0.573852,0.357977,PER,BRA,030374
11948426,44,33,5108,2013,0.0,923454.0,-0.923558,-0.866642,CIV,BRB,030374
11948427,162,33,5108,2013,2589.0,0.0,1.184107,1.249557,NLD,BRB,030374
11948428,205,33,5108,2013,102545.0,0.0,-0.417865,-0.7600399999999999,SUR,BRB,030374
11948429,2,39,5108,2013,0.0,114579.0,-1.172043,-1.133735,AGO,CAN,030374
11948430,7,39,5108,2013,0.0,59886.0,-0.074047,-0.585168,ARE,CAN,030374
11948431,23,39,5108,2013,0.0,500651.0,0.5026109999999999,1.674296,BGR,CAN,030374
11948432,35,39,5108,2013,0.0,94811.0,-0.065218,-0.787495,BTN,CAN,030374
11948433,43,39,5108,2013,112715.0,1120753.0,1.113767,1.477496,CHN,CAN,030374
11948434,61,39,5108,2013,0.0,72138.0,2.093658,-3.4281980000000005,DEU,CAN,030374
11948435,64,39,5108,2013,0.0,114918.0,1.161835,1.1788450000000001,DNK,CAN,030374
11948436,71,39,5108,2013,533673.0,0.0,0.861698,2.353993,ESP,CAN,030374
11948437,77,39,5108,2013,0.0,5324.0,1.520354,0.022874000000000002,FRA,CAN,030374
11948438,78,39,5108,2013,32059.0,0.0,-0.370701,-0.815466,FRO,CAN,030374
11948439,81,39,5108,2013,22831.0,0.0,1.7901259999999999,0.44164,GBR,CAN,030374
11948440,82,39,5108,2013,0.0,738478.0,-0.160691,-0.393419,GEO,CAN,030374
11948441,97,39,5108,2013,0.0,268973.0,0.744383,1.923139,HKG,CAN,030374
11948442,103,39,5108,2013,0.0,10326.0,-0.216854,1.415728,IDN,CAN,030374
11948443,104,39,5108,2013,289442.0,0.0,0.215356,2.3916209999999998,IND,CAN,030374
11948444,109,39,5108,2013,626959.0,0.0,0.259374,-0.20413299999999998,ISL,CAN,030374
11948445,112,39,5108,2013,0.0,248719.0,-0.541441,-0.8448559999999999,JAM,CAN,030374
11948446,114,39,5108,2013,2324507.0,441880.0,2.3993130000000003,-0.564768,JPN,CAN,030374
11948447,121,39,5108,2013,102871.0,10856.0,1.818383,0.75645,KOR,CAN,030374
11948448,128,39,5108,2013,0.0,35857.0,-0.6521779999999999,0.41258599999999995,LKA,CAN,030374
11948449,134,39,5108,2013,12259.0,0.0,-0.6494260000000001,-0.035075999999999996,MAR,CAN,030374
11948450,138,39,5108,2013,0.0,87806.0,1.048507,0.718932,MEX,CAN,030374
11948451,153,39,5108,2013,0.0,1758.0,0.937641,0.747496,MYS,CAN,030374
11948452,159,39,5108,2013,0.0,370272.0,-1.745783,-1.1356680000000001,NGA,CAN,030374
11948453,162,39,5108,2013,115118.0,0.0,1.184107,1.249557,NLD,CAN,030374
11948454,163,39,5108,2013,617991.0,0.0,0.892099,0.18168399999999998,NOR,CAN,030374
11948455,174,39,5108,2013,39520.0,0.0,0.507868,0.355403,PHL,CAN,030374
11948456,179,39,5108,2013,259726.0,0.0,0.541454,2.5228610000000002,PRT,CAN,030374
11948457,186,39,5108,2013,0.0,525236.0,0.481166,-0.180052,RUS,CAN,030374
11948458,200,39,5108,2013,0.0,9339.0,0.000466,-0.672524,SPM,CAN,030374
11948459,216,39,5108,2013,7182.0,113518.0,0.8752139999999999,1.3798620000000001,THA,CAN,030374
11948460,228,39,5108,2013,0.0,103089.0,0.657729,0.9063200000000001,UKR,CAN,030374
11948461,231,39,5108,2013,925234.0,1175007.0,1.6639689999999998,-0.48651300000000003,USA,CAN,030374
11948462,239,39,5108,2013,77861.0,193235.0,-0.11426900000000001,1.399738,VNM,CAN,030374
11948463,249,39,5108,2013,305483.0,1483160.0,1.843186,0.9432379999999999,TWN,CAN,030374
11948464,61,41,5108,2013,25065.0,0.0,2.093658,-3.4281980000000005,DEU,CHE,030374
11948465,71,41,5108,2013,109680.0,0.0,0.861698,2.353993,ESP,CHE,030374
11948466,104,41,5108,2013,4953.0,0.0,0.215356,2.3916209999999998,IND,CHE,030374
11948467,109,41,5108,2013,53793.0,0.0,0.259374,-0.20413299999999998,ISL,CHE,030374
11948468,111,41,5108,2013,5934.0,0.0,1.289924,0.533436,ITA,CHE,030374
11948469,130,41,5108,2013,1703.0,0.0,0.737796,1.215543,LTU,CHE,030374
11948470,159,41,5108,2013,0.0,4085269.0,-1.745783,-1.1356680000000001,NGA,CHE,030374
11948471,162,41,5108,2013,80863.0,0.0,1.184107,1.249557,NLD,CHE,030374
11948472,163,41,5108,2013,13033.0,0.0,0.892099,0.18168399999999998,NOR,CHE,030374
11948473,179,41,5108,2013,17205.0,0.0,0.541454,2.5228610000000002,PRT,CHE,030374
11948474,216,41,5108,2013,39383.0,0.0,0.8752139999999999,1.3798620000000001,THA,CHE,030374
11948475,224,41,5108,2013,3397.0,0.0,0.42932299999999995,2.690235,TUR,CHE,030374
11948476,239,41,5108,2013,7742.0,0.0,-0.11426900000000001,1.399738,VNM,CHE,030374
11948477,2,42,5108,2013,0.0,3006875.0,-1.172043,-1.133735,AGO,CHL,030374
11948478,19,42,5108,2013,0.0,12103.0,-0.919968,-0.90691,BEN,CHL,030374
11948479,45,42,5108,2013,0.0,788523.0,-0.901531,-1.027111,CMR,CHL,030374
11948480,67,42,5108,2013,128575.0,0.0,-0.86546,-0.8888389999999999,ECU,CHL,030374
11948481,159,42,5108,2013,85195.0,5273970.0,-1.745783,-1.1356680000000001,NGA,CHL,030374
11948482,173,42,5108,2013,0.0,178836.0,-0.573852,0.357977,PER,CHL,030374
11948483,216,42,5108,2013,0.0,34897.0,0.8752139999999999,1.3798620000000001,THA,CHL,030374
11948484,2,43,5108,2013,0.0,398090.0,-1.172043,-1.133735,AGO,CHN,030374
11948485,7,43,5108,2013,0.0,1060344.0,-0.074047,-0.585168,ARE,CHN,030374
11948486,9,43,5108,2013,0.0,75861.0,-0.076922,-0.5781390000000001,ARM,CHN,030374
11948487,14,43,5108,2013,0.0,132730.0,-0.31145700000000004,-0.167628,AUS,CHN,030374
11948488,15,43,5108,2013,0.0,32738.0,1.7209240000000001,-0.286892,AUT,CHN,030374
11948489,19,43,5108,2013,0.0,1535407.0,-0.919968,-0.90691,BEN,CHN,030374
11948490,21,43,5108,2013,0.0,90568.0,-0.9110360000000001,-0.852492,BFA,CHN,030374
11948491,22,43,5108,2013,0.0,1066.0,-1.101916,-0.734646,BGD,CHN,030374
11948492,23,43,5108,2013,0.0,546494.0,0.5026109999999999,1.674296,BGR,CHN,030374
11948493,28,43,5108,2013,0.0,51415.0,1.036923,0.864568,BLR,CHN,030374
11948494,34,43,5108,2013,0.0,12169.0,-0.866827,-0.795995,BRN,CHN,030374
11948495,39,43,5108,2013,1120753.0,112715.0,0.719649,1.017046,CAN,CHN,030374
11948496,44,43,5108,2013,0.0,3132264.0,-0.923558,-0.866642,CIV,CHN,030374
11948497,45,43,5108,2013,0.0,23393.0,-0.901531,-1.027111,CMR,CHN,030374
11948498,47,43,5108,2013,0.0,174770.0,-1.215681,-1.08679,COG,CHN,030374
11948499,50,43,5108,2013,0.0,347788.0,-0.326422,-0.6956640000000001,COM,CHN,030374
11948500,54,43,5108,2013,0.0,46189.0,-0.019956,-0.7873319999999999,CUB,CHN,030374
11948501,58,43,5108,2013,0.0,45702.0,0.502238,0.349608,CYP,CHN,030374
11948502,61,43,5108,2013,360391.0,1402.0,2.093658,-3.4281980000000005,DEU,CHN,030374
11948503,64,43,5108,2013,27476.0,0.0,1.161835,1.1788450000000001,DNK,CHN,030374
11948504,68,43,5108,2013,0.0,18010072.0,-0.17418,1.692641,EGY,CHN,030374
11948505,71,43,5108,2013,0.0,36522.0,0.861698,2.353993,ESP,CHN,030374
11948506,75,43,5108,2013,317849.0,1046828.0,-0.5203369999999999,-0.122405,FJI,CHN,030374
11948507,77,43,5108,2013,0.0,119113.0,1.520354,0.022874000000000002,FRA,CHN,030374
11948508,78,43,5108,2013,696694.0,0.0,-0.370701,-0.815466,FRO,CHN,030374
11948509,80,43,5108,2013,0.0,41519.0,-1.6582830000000002,-1.155302,GAB,CHN,030374
11948510,81,43,5108,2013,3556028.0,29305.0,1.7901259999999999,0.44164,GBR,CHN,030374
11948511,82,43,5108,2013,0.0,141554.0,-0.160691,-0.393419,GEO,CHN,030374
11948512,83,43,5108,2013,0.0,8477376.0,-0.7316010000000001,-0.5327689999999999,GHA,CHN,030374
11948513,92,43,5108,2013,303419.0,0.0,-0.801617,-0.8734120000000001,GRL,CHN,030374
11948514,97,43,5108,2013,3368.0,1664736.0,0.744383,1.923139,HKG,CHN,030374
11948515,103,43,5108,2013,441461.0,81782080.0,-0.216854,1.415728,IDN,CHN,030374
11948516,104,43,5108,2013,0.0,66037.0,0.215356,2.3916209999999998,IND,CHN,030374
11948517,106,43,5108,2013,2879822.0,0.0,1.29988,0.240688,IRL,CHN,030374
11948518,107,43,5108,2013,0.0,2660823.0,-0.339172,-0.237114,IRN,CHN,030374
11948519,109,43,5108,2013,6636269.0,0.0,0.259374,-0.20413299999999998,ISL,CHN,030374
11948520,114,43,5108,2013,4172996.0,2743262.0,2.3993130000000003,-0.564768,JPN,CHN,030374
11948521,116,43,5108,2013,0.0,2275480.0,-0.448112,0.8672719999999999,KEN,CHN,030374
11948522,121,43,5108,2013,3426238.0,4993930.0,1.818383,0.75645,KOR,CHN,030374
11948523,122,43,5108,2013,0.0,280916.0,-0.536384,-1.08382,KWT,CHN,030374
11948524,125,43,5108,2013,0.0,86442.0,-0.41869399999999996,-0.9538770000000001,LBR,CHN,030374
11948525,128,43,5108,2013,0.0,2076763.0,-0.6521779999999999,0.41258599999999995,LKA,CHN,030374
11948526,130,43,5108,2013,0.0,176504.0,0.737796,1.215543,LTU,CHN,030374
11948527,132,43,5108,2013,0.0,37210.0,0.6219439999999999,1.166749,LVA,CHN,030374
11948528,136,43,5108,2013,0.0,93241.0,-1.068565,-0.364254,MDG,CHN,030374
11948529,138,43,5108,2013,9463.0,0.0,1.048507,0.718932,MEX,CHN,030374
11948530,139,43,5108,2013,0.0,151053.0,-0.980348,-0.8763219999999999,MHL,CHN,030374
11948531,140,43,5108,2013,0.0,20594.0,-0.10859400000000001,0.155229,MKD,CHN,030374
11948532,147,43,5108,2013,0.0,85268.0,-1.326323,-1.050969,MOZ,CHN,030374
11948533,151,43,5108,2013,0.0,192543.0,-0.158852,0.0061600000000000005,MUS,CHN,030374
11948534,153,43,5108,2013,81702.0,17576576.0,0.937641,0.747496,MYS,CHN,030374
11948535,154,43,5108,2013,0.0,673230.0,0.9851690000000001,-0.504069,MYT,CHN,030374
11948536,159,43,5108,2013,34022.0,2982547.0,-1.745783,-1.1356680000000001,NGA,CHN,030374
11948537,162,43,5108,2013,1823517.0,73584.0,1.184107,1.249557,NLD,CHN,030374
11948538,163,43,5108,2013,77227720.0,0.0,0.892099,0.18168399999999998,NOR,CHN,030374
11948539,166,43,5108,2013,1479338.0,0.0,0.3345,0.39063000000000003,NZL,CHN,030374
11948540,169,43,5108,2013,0.0,92841.0,0.735637,1.161718,PAN,CHN,030374
11948541,173,43,5108,2013,0.0,79072.0,-0.573852,0.357977,PER,CHN,030374
11948542,174,43,5108,2013,0.0,49050796.0,0.507868,0.355403,PHL,CHN,030374
11948543,176,43,5108,2013,0.0,4059712.0,-1.444244,-1.144231,PNG,CHN,030374
11948544,177,43,5108,2013,0.0,164115.0,1.084332,1.216749,POL,CHN,030374
11948545,178,43,5108,2013,0.0,591777.0,-0.414538,-0.22449299999999997,PRK,CHN,030374
11948546,182,43,5108,2013,0.0,20782.0,-0.146044,-0.7055359999999999,PYF,CHN,030374
11948547,183,43,5108,2013,0.0,18712.0,-0.083649,-1.013491,QAT,CHN,030374
11948548,185,43,5108,2013,0.0,1060580.0,0.792035,1.225034,ROU,CHN,030374
11948549,186,43,5108,2013,366243.0,880574.0,0.481166,-0.180052,RUS,CHN,030374
11948550,188,43,5108,2013,0.0,365270.0,0.626347,-0.844406,SAU,CHN,030374
11948551,191,43,5108,2013,0.0,332799.0,-0.523662,-0.309101,SEN,CHN,030374
11948552,192,43,5108,2013,0.0,1469641.0,1.915504,0.619576,SGP,CHN,030374
11948553,199,43,5108,2013,0.0,239279.0,-1.194368,-0.915163,SOM,CHN,030374
11948554,201,43,5108,2013,0.0,43628.0,0.5717720000000001,1.174901,SRB,CHN,030374
11948555,205,43,5108,2013,0.0,428957.0,-0.417865,-0.7600399999999999,SUR,CHN,030374
11948556,216,43,5108,2013,0.0,14846891.0,0.8752139999999999,1.3798620000000001,THA,CHN,030374
11948557,220,43,5108,2013,0.0,48254.0,-0.376633,-0.73677,TLS,CHN,030374
11948558,224,43,5108,2013,0.0,54379.0,0.42932299999999995,2.690235,TUR,CHN,030374
11948559,226,43,5108,2013,0.0,6093884.0,-0.9306770000000001,0.273489,TZA,CHN,030374
11948560,228,43,5108,2013,0.0,170970.0,0.657729,0.9063200000000001,UKR,CHN,030374
11948561,231,43,5108,2013,33386.0,270092.0,1.6639689999999998,-0.48651300000000003,USA,CHN,030374
11948562,239,43,5108,2013,0.0,8243717.0,-0.11426900000000001,1.399738,VNM,CHN,030374
11948563,242,43,5108,2013,0.0,33779.0,0.824724,0.056441,WSM,CHN,030374
11948564,246,43,5108,2013,0.0,1006210.0,0.380284,1.5682120000000002,ZAF,CHN,030374
11948565,247,43,5108,2013,0.0,22847.0,-0.382129,-0.5442229999999999,ZMB,CHN,030374
11948566,248,43,5108,2013,0.0,787480.0,-0.828702,-0.899175,ZWE,CHN,030374
11948567,249,43,5108,2013,497235.0,7852708.0,1.843186,0.9432379999999999,TWN,CHN,030374
11948568,67,49,5108,2013,32051.0,0.0,-0.86546,-0.8888389999999999,ECU,COL,030374
11948569,160,49,5108,2013,51939.0,0.0,-0.9277,-0.6842630000000001,NIC,COL,030374
11948570,67,52,5108,2013,520222.0,0.0,-0.86546,-0.8888389999999999,ECU,CRI,030374
11948571,160,52,5108,2013,0.0,7735.0,-0.9277,-0.6842630000000001,NIC,CRI,030374
11948572,15,59,5108,2013,8515.0,0.0,1.7209240000000001,-0.286892,AUT,CZE,030374
11948573,61,59,5108,2013,125154.0,411239.0,2.093658,-3.4281980000000005,DEU,CZE,030374
11948574,71,59,5108,2013,410267.0,0.0,0.861698,2.353993,ESP,CZE,030374
11948575,77,59,5108,2013,199767.0,0.0,1.520354,0.022874000000000002,FRA,CZE,030374
11948576,78,59,5108,2013,96362.0,0.0,-0.370701,-0.815466,FRO,CZE,030374
11948577,81,59,5108,2013,30794.0,0.0,1.7901259999999999,0.44164,GBR,CZE,030374
11948578,102,59,5108,2013,0.0,8203.0,1.506101,0.7279220000000001,HUN,CZE,030374
11948579,106,59,5108,2013,396008.0,0.0,1.29988,0.240688,IRL,CZE,030374
11948580,109,59,5108,2013,154341.0,0.0,0.259374,-0.20413299999999998,ISL,CZE,030374
11948581,121,59,5108,2013,2308.0,0.0,1.818383,0.75645,KOR,CZE,030374
11948582,130,59,5108,2013,2159.0,0.0,0.737796,1.215543,LTU,CZE,030374
11948583,162,59,5108,2013,2466944.0,0.0,1.184107,1.249557,NLD,CZE,030374
11948584,177,59,5108,2013,436846.0,2517.0,1.084332,1.216749,POL,CZE,030374
11948585,206,59,5108,2013,46127.0,155193.0,1.32064,0.7519819999999999,SVK,CZE,030374
11948586,239,59,5108,2013,4985.0,0.0,-0.11426900000000001,1.399738,VNM,CZE,030374
11948587,15,61,5108,2013,87472.0,797858.0,1.7209240000000001,-0.286892,AUT,DEU,030374
11948588,18,61,5108,2013,28585.0,1500.0,1.316207,0.972601,BEL,DEU,030374
11948589,23,61,5108,2013,0.0,461059.0,0.5026109999999999,1.674296,BGR,DEU,030374
11948590,28,61,5108,2013,0.0,391820.0,1.036923,0.864568,BLR,DEU,030374
11948591,39,61,5108,2013,72138.0,0.0,0.719649,1.017046,CAN,DEU,030374
11948592,41,61,5108,2013,0.0,25065.0,2.2104470000000003,0.5403479999999999,CHE,DEU,030374
11948593,43,61,5108,2013,1402.0,360391.0,1.113767,1.477496,CHN,DEU,030374
11948594,44,61,5108,2013,0.0,165795.0,-0.923558,-0.866642,CIV,DEU,030374
11948595,58,61,5108,2013,0.0,255759.0,0.502238,0.349608,CYP,DEU,030374
11948596,59,61,5108,2013,411239.0,125154.0,1.819653,-0.12423800000000002,CZE,DEU,030374
11948597,64,61,5108,2013,6414495.0,236057.0,1.161835,1.1788450000000001,DNK,DEU,030374
11948598,68,61,5108,2013,0.0,75466.0,-0.17418,1.692641,EGY,DEU,030374
11948599,71,61,5108,2013,73484.0,87417.0,0.861698,2.353993,ESP,DEU,030374
11948600,74,61,5108,2013,0.0,1232.0,1.734552,0.8896940000000001,FIN,DEU,030374
11948601,77,61,5108,2013,2203.0,37568.0,1.520354,0.022874000000000002,FRA,DEU,030374
11948602,78,61,5108,2013,4817260.0,0.0,-0.370701,-0.815466,FRO,DEU,030374
11948603,81,61,5108,2013,5166670.0,3386248.0,1.7901259999999999,0.44164,GBR,DEU,030374
11948604,83,61,5108,2013,0.0,222192.0,-0.7316010000000001,-0.5327689999999999,GHA,DEU,030374
11948605,90,61,5108,2013,0.0,29219.0,0.18823800000000002,0.910906,GRC,DEU,030374
11948606,100,61,5108,2013,0.0,7329.0,0.898284,1.038807,HRV,DEU,030374
11948607,102,61,5108,2013,0.0,1292.0,1.506101,0.7279220000000001,HUN,DEU,030374
11948608,106,61,5108,2013,6923936.0,0.0,1.29988,0.240688,IRL,DEU,030374
11948609,109,61,5108,2013,741712.0,0.0,0.259374,-0.20413299999999998,ISL,DEU,030374
11948610,111,61,5108,2013,0.0,8716.0,1.289924,0.533436,ITA,DEU,030374
11948611,121,61,5108,2013,2119.0,103050.0,1.818383,0.75645,KOR,DEU,030374
11948612,130,61,5108,2013,17154.0,98082.0,0.737796,1.215543,LTU,DEU,030374
11948613,131,61,5108,2013,0.0,3813.0,1.170459,1.150327,LUX,DEU,030374
11948614,135,61,5108,2013,0.0,180329.0,-0.016235,0.132104,MDA,DEU,030374
11948615,137,61,5108,2013,0.0,1489.0,-0.21889699999999998,-0.776392,MDV,DEU,030374
11948616,153,61,5108,2013,0.0,119866.0,0.937641,0.747496,MYS,DEU,030374
11948617,159,61,5108,2013,0.0,1037750.0,-1.745783,-1.1356680000000001,NGA,DEU,030374
11948618,162,61,5108,2013,4846345.0,21242068.0,1.184107,1.249557,NLD,DEU,030374
11948619,163,61,5108,2013,1257066.0,0.0,0.892099,0.18168399999999998,NOR,DEU,030374
11948620,177,61,5108,2013,2519761.0,6878354.0,1.084332,1.216749,POL,DEU,030374
11948621,179,61,5108,2013,11626.0,1978.0,0.541454,2.5228610000000002,PRT,DEU,030374
11948622,185,61,5108,2013,0.0,3955394.0,0.792035,1.225034,ROU,DEU,030374
11948623,186,61,5108,2013,0.0,1074379.0,0.481166,-0.180052,RUS,DEU,030374
11948624,192,61,5108,2013,0.0,110098.0,1.915504,0.619576,SGP,DEU,030374
11948625,201,61,5108,2013,0.0,463617.0,0.5717720000000001,1.174901,SRB,DEU,030374
11948626,206,61,5108,2013,0.0,9864.0,1.32064,0.7519819999999999,SVK,DEU,030374
11948627,207,61,5108,2013,0.0,696744.0,1.698374,0.563082,SVN,DEU,030374
11948628,208,61,5108,2013,222008.0,11714.0,1.869421,0.228109,SWE,DEU,030374
11948629,224,61,5108,2013,0.0,7370.0,0.42932299999999995,2.690235,TUR,DEU,030374
11948630,228,61,5108,2013,0.0,466167.0,0.657729,0.9063200000000001,UKR,DEU,030374
11948631,231,61,5108,2013,0.0,320143.0,1.6639689999999998,-0.48651300000000003,USA,DEU,030374
11948632,239,61,5108,2013,29056.0,0.0,-0.11426900000000001,1.399738,VNM,DEU,030374
11948633,250,61,5108,2013,0.0,4848.0,0.628555,0.277602,ANS,DEU,030374
11948634,2,64,5108,2013,0.0,47449.0,-1.172043,-1.133735,AGO,DNK,030374
11948635,7,64,5108,2013,0.0,25558.0,-0.074047,-0.585168,ARE,DNK,030374
11948636,15,64,5108,2013,0.0,4257.0,1.7209240000000001,-0.286892,AUT,DNK,030374
11948637,19,64,5108,2013,0.0,37314.0,-0.919968,-0.90691,BEN,DNK,030374
11948638,23,64,5108,2013,0.0,65877.0,0.5026109999999999,1.674296,BGR,DNK,030374
11948639,39,64,5108,2013,114918.0,0.0,0.719649,1.017046,CAN,DNK,030374
11948640,43,64,5108,2013,0.0,27476.0,1.113767,1.477496,CHN,DNK,030374
11948641,61,64,5108,2013,236057.0,6414495.0,2.093658,-3.4281980000000005,DEU,DNK,030374
11948642,71,64,5108,2013,2059092.0,90357.0,0.861698,2.353993,ESP,DNK,030374
11948643,74,64,5108,2013,0.0,50764.0,1.734552,0.8896940000000001,FIN,DNK,030374
11948644,77,64,5108,2013,0.0,3928.0,1.520354,0.022874000000000002,FRA,DNK,030374
11948645,78,64,5108,2013,3995327.0,0.0,-0.370701,-0.815466,FRO,DNK,030374
11948646,81,64,5108,2013,1294420.0,140390.0,1.7901259999999999,0.44164,GBR,DNK,030374
11948647,83,64,5108,2013,0.0,2560208.0,-0.7316010000000001,-0.5327689999999999,GHA,DNK,030374
11948648,90,64,5108,2013,4354.0,499618.0,0.18823800000000002,0.910906,GRC,DNK,030374
11948649,92,64,5108,2013,27885.0,0.0,-0.801617,-0.8734120000000001,GRL,DNK,030374
11948650,102,64,5108,2013,0.0,4594.0,1.506101,0.7279220000000001,HUN,DNK,030374
11948651,106,64,5108,2013,3283992.0,1650.0,1.29988,0.240688,IRL,DNK,030374
11948652,109,64,5108,2013,2183.0,0.0,0.259374,-0.20413299999999998,ISL,DNK,030374
11948653,111,64,5108,2013,54186.0,540733.0,1.289924,0.533436,ITA,DNK,030374
11948654,114,64,5108,2013,0.0,514904.0,2.3993130000000003,-0.564768,JPN,DNK,030374
11948655,130,64,5108,2013,0.0,98412.0,0.737796,1.215543,LTU,DNK,030374
11948656,153,64,5108,2013,0.0,166838.0,0.937641,0.747496,MYS,DNK,030374
11948657,159,64,5108,2013,0.0,16669.0,-1.745783,-1.1356680000000001,NGA,DNK,030374
11948658,162,64,5108,2013,562631.0,101407.0,1.184107,1.249557,NLD,DNK,030374
11948659,163,64,5108,2013,716227.0,582479.0,0.892099,0.18168399999999998,NOR,DNK,030374
11948660,177,64,5108,2013,366764.0,3576598.0,1.084332,1.216749,POL,DNK,030374
11948661,179,64,5108,2013,5520.0,3698.0,0.541454,2.5228610000000002,PRT,DNK,030374
11948662,185,64,5108,2013,0.0,282306.0,0.792035,1.225034,ROU,DNK,030374
11948663,186,64,5108,2013,0.0,102494.0,0.481166,-0.180052,RUS,DNK,030374
11948664,192,64,5108,2013,0.0,69099.0,1.915504,0.619576,SGP,DNK,030374
11948665,201,64,5108,2013,0.0,22642.0,0.5717720000000001,1.174901,SRB,DNK,030374
11948666,207,64,5108,2013,2452.0,0.0,1.698374,0.563082,SVN,DNK,030374
11948667,208,64,5108,2013,174672.0,482865.0,1.869421,0.228109,SWE,DNK,030374
11948668,228,64,5108,2013,0.0,28656.0,0.657729,0.9063200000000001,UKR,DNK,030374
11948669,231,64,5108,2013,0.0,52200.0,1.6639689999999998,-0.48651300000000003,USA,DNK,030374
11948670,239,64,5108,2013,18542.0,24938.0,-0.11426900000000001,1.399738,VNM,DNK,030374
11948671,249,64,5108,2013,0.0,201935.0,1.843186,0.9432379999999999,TWN,DNK,030374
11948672,250,64,5108,2013,0.0,196870.0,0.628555,0.277602,ANS,DNK,030374
11948673,160,65,5108,2013,11949.0,0.0,-0.9277,-0.6842630000000001,NIC,DOM,030374
11948674,32,67,5108,2013,0.0,391311.0,0.14765899999999998,0.399262,BRA,ECU,030374
11948675,42,67,5108,2013,0.0,128575.0,-0.260718,-0.38256100000000004,CHL,ECU,030374
11948676,44,67,5108,2013,0.0,93624.0,-0.923558,-0.866642,CIV,ECU,030374
11948677,49,67,5108,2013,0.0,32051.0,0.121799,-0.388239,COL,ECU,030374
11948678,52,67,5108,2013,0.0,520222.0,0.067379,-0.688217,CRI,ECU,030374
11948679,68,67,5108,2013,0.0,58364.0,-0.17418,1.692641,EGY,ECU,030374
11948680,71,67,5108,2013,255575.0,0.0,0.861698,2.353993,ESP,ECU,030374
11948681,81,67,5108,2013,0.0,14387.0,1.7901259999999999,0.44164,GBR,ECU,030374
11948682,83,67,5108,2013,0.0,87153.0,-0.7316010000000001,-0.5327689999999999,GHA,ECU,030374
11948683,132,67,5108,2013,0.0,20857.0,0.6219439999999999,1.166749,LVA,ECU,030374
11948684,135,67,5108,2013,0.0,3964.0,-0.016235,0.132104,MDA,ECU,030374
11948685,159,67,5108,2013,0.0,301095.0,-1.745783,-1.1356680000000001,NGA,ECU,030374
11948686,160,67,5108,2013,0.0,25163.0,-0.9277,-0.6842630000000001,NIC,ECU,030374
11948687,162,67,5108,2013,0.0,2912.0,1.184107,1.249557,NLD,ECU,030374
11948688,169,67,5108,2013,28825.0,0.0,0.735637,1.161718,PAN,ECU,030374
11948689,173,67,5108,2013,0.0,328482.0,-0.573852,0.357977,PER,ECU,030374
11948690,186,67,5108,2013,0.0,162652.0,0.481166,-0.180052,RUS,ECU,030374
11948691,215,67,5108,2013,0.0,1174.0,-0.598413,-0.49295200000000006,TGO,ECU,030374
11948692,228,67,5108,2013,0.0,146845.0,0.657729,0.9063200000000001,UKR,ECU,030374
11948693,231,67,5108,2013,4724.0,83335.0,1.6639689999999998,-0.48651300000000003,USA,ECU,030374
11948694,2,71,5108,2013,0.0,892898.0,-1.172043,-1.133735,AGO,ESP,030374
11948695,18,71,5108,2013,0.0,323173.0,1.316207,0.972601,BEL,ESP,030374
11948696,19,71,5108,2013,0.0,163575.0,-0.919968,-0.90691,BEN,ESP,030374
11948697,23,71,5108,2013,0.0,1299717.0,0.5026109999999999,1.674296,BGR,ESP,030374
11948698,26,71,5108,2013,0.0,82336.0,0.46743199999999996,0.7340800000000001,BIH,ESP,030374
11948699,28,71,5108,2013,0.0,935955.0,1.036923,0.864568,BLR,ESP,030374
11948700,32,71,5108,2013,0.0,106346.0,0.14765899999999998,0.399262,BRA,ESP,030374
11948701,38,71,5108,2013,0.0,26092.0,-0.268604,-0.606101,CAF,ESP,030374
11948702,39,71,5108,2013,0.0,533673.0,0.719649,1.017046,CAN,ESP,030374
11948703,41,71,5108,2013,0.0,109680.0,2.2104470000000003,0.5403479999999999,CHE,ESP,030374
11948704,43,71,5108,2013,36522.0,0.0,1.113767,1.477496,CHN,ESP,030374
11948705,44,71,5108,2013,0.0,221914.0,-0.923558,-0.866642,CIV,ESP,030374
11948706,45,71,5108,2013,0.0,24394.0,-0.901531,-1.027111,CMR,ESP,030374
11948707,46,71,5108,2013,0.0,73282.0,-1.300125,-1.0708010000000001,COD,ESP,030374
11948708,51,71,5108,2013,0.0,1293777.0,-0.75058,-0.8948219999999999,CPV,ESP,030374
11948709,54,71,5108,2013,0.0,33500.0,-0.019956,-0.7873319999999999,CUB,ESP,030374
11948710,58,71,5108,2013,0.0,163390.0,0.502238,0.349608,CYP,ESP,030374
11948711,59,71,5108,2013,0.0,410267.0,1.819653,-0.12423800000000002,CZE,ESP,030374
11948712,61,71,5108,2013,87417.0,73484.0,2.093658,-3.4281980000000005,DEU,ESP,030374
11948713,64,71,5108,2013,90357.0,2059092.0,1.161835,1.1788450000000001,DNK,ESP,030374
11948714,67,71,5108,2013,0.0,255575.0,-0.86546,-0.8888389999999999,ECU,ESP,030374
11948715,68,71,5108,2013,0.0,5070439.0,-0.17418,1.692641,EGY,ESP,030374
11948716,72,71,5108,2013,0.0,712693.0,0.8828940000000001,1.386574,EST,ESP,030374
11948717,77,71,5108,2013,7615.0,1720451.0,1.520354,0.022874000000000002,FRA,ESP,030374
11948718,80,71,5108,2013,0.0,32442.0,-1.6582830000000002,-1.155302,GAB,ESP,030374
11948719,81,71,5108,2013,560871.0,1797987.0,1.7901259999999999,0.44164,GBR,ESP,030374
11948720,82,71,5108,2013,0.0,421305.0,-0.160691,-0.393419,GEO,ESP,030374
11948721,83,71,5108,2013,0.0,4833191.0,-0.7316010000000001,-0.5327689999999999,GHA,ESP,030374
11948722,84,71,5108,2013,0.0,11343.0,0.991136,-0.603793,GIB,ESP,030374
11948723,89,71,5108,2013,0.0,4308.0,-1.521575,-0.814708,GNQ,ESP,030374
11948724,90,71,5108,2013,0.0,150278.0,0.18823800000000002,0.910906,GRC,ESP,030374
11948725,97,71,5108,2013,0.0,5555.0,0.744383,1.923139,HKG,ESP,030374
11948726,100,71,5108,2013,22707.0,1019879.0,0.898284,1.038807,HRV,ESP,030374
11948727,101,71,5108,2013,0.0,113468.0,-1.095392,-0.957326,HTI,ESP,030374
11948728,102,71,5108,2013,0.0,229222.0,1.506101,0.7279220000000001,HUN,ESP,030374
11948729,106,71,5108,2013,43869.0,102975.0,1.29988,0.240688,IRL,ESP,030374
11948730,109,71,5108,2013,2118.0,0.0,0.259374,-0.20413299999999998,ISL,ESP,030374
11948731,111,71,5108,2013,7603.0,2347481.0,1.289924,0.533436,ITA,ESP,030374
11948732,112,71,5108,2013,0.0,1379614.0,-0.541441,-0.8448559999999999,JAM,ESP,030374
11948733,114,71,5108,2013,35812.0,0.0,2.3993130000000003,-0.564768,JPN,ESP,030374
11948734,124,71,5108,2013,0.0,3831.0,0.283084,1.4289100000000001,LBN,ESP,030374
11948735,126,71,5108,2013,0.0,1075661.0,-1.6241459999999999,-1.1817950000000002,LBY,ESP,030374
11948736,130,71,5108,2013,0.0,898850.0,0.737796,1.215543,LTU,ESP,030374
11948737,132,71,5108,2013,0.0,4271.0,0.6219439999999999,1.166749,LVA,ESP,030374
11948738,134,71,5108,2013,14787.0,1276028.0,-0.6494260000000001,-0.035075999999999996,MAR,ESP,030374
11948739,135,71,5108,2013,0.0,26259.0,-0.016235,0.132104,MDA,ESP,030374
11948740,140,71,5108,2013,0.0,66075.0,-0.10859400000000001,0.155229,MKD,ESP,030374
11948741,142,71,5108,2013,0.0,2649982.0,0.8519760000000001,-0.075869,MLT,ESP,030374
11948742,144,71,5108,2013,0.0,18515.0,-0.054454999999999996,-0.164875,MNE,ESP,030374
11948743,148,71,5108,2013,0.0,43693.0,-1.950532,-1.283104,MRT,ESP,030374
11948744,155,71,5108,2013,8862.0,0.0,-0.308643,-0.480617,NAM,ESP,030374
11948745,159,71,5108,2013,1993670.0,4881576.0,-1.745783,-1.1356680000000001,NGA,ESP,030374
11948746,162,71,5108,2013,185861.0,301334.0,1.184107,1.249557,NLD,ESP,030374
11948747,163,71,5108,2013,123262.0,0.0,0.892099,0.18168399999999998,NOR,ESP,030374
11948748,169,71,5108,2013,0.0,1800.0,0.735637,1.161718,PAN,ESP,030374
11948749,173,71,5108,2013,25646.0,36699.0,-0.573852,0.357977,PER,ESP,030374
11948750,177,71,5108,2013,0.0,166821.0,1.084332,1.216749,POL,ESP,030374
11948751,179,71,5108,2013,8666251.0,2310836.0,0.541454,2.5228610000000002,PRT,ESP,030374
11948752,185,71,5108,2013,105588.0,7451420.0,0.792035,1.225034,ROU,ESP,030374
11948753,186,71,5108,2013,0.0,450380.0,0.481166,-0.180052,RUS,ESP,030374
11948754,188,71,5108,2013,0.0,73304.0,0.626347,-0.844406,SAU,ESP,030374
11948755,191,71,5108,2013,2311.0,0.0,-0.523662,-0.309101,SEN,ESP,030374
11948756,201,71,5108,2013,0.0,681290.0,0.5717720000000001,1.174901,SRB,ESP,030374
11948757,206,71,5108,2013,0.0,1212.0,1.32064,0.7519819999999999,SVK,ESP,030374
11948758,207,71,5108,2013,0.0,80337.0,1.698374,0.563082,SVN,ESP,030374
11948759,208,71,5108,2013,350664.0,0.0,1.869421,0.228109,SWE,ESP,030374
11948760,215,71,5108,2013,0.0,212745.0,-0.598413,-0.49295200000000006,TGO,ESP,030374
11948761,223,71,5108,2013,0.0,296859.0,0.185528,1.0070700000000001,TUN,ESP,030374
11948762,226,71,5108,2013,0.0,56060.0,-0.9306770000000001,0.273489,TZA,ESP,030374
11948763,228,71,5108,2013,0.0,104240.0,0.657729,0.9063200000000001,UKR,ESP,030374
11948764,231,71,5108,2013,0.0,72971.0,1.6639689999999998,-0.48651300000000003,USA,ESP,030374
11948765,246,71,5108,2013,0.0,28486.0,0.380284,1.5682120000000002,ZAF,ESP,030374
11948766,250,71,5108,2013,82903.0,0.0,0.628555,0.277602,ANS,ESP,030374
11948767,16,72,5108,2013,0.0,8787.0,-0.9232870000000001,-1.165928,AZE,EST,030374
11948768,71,72,5108,2013,712693.0,0.0,0.861698,2.353993,ESP,EST,030374
11948769,78,72,5108,2013,0.0,645033.0,-0.370701,-0.815466,FRO,EST,030374
11948770,81,72,5108,2013,20478.0,0.0,1.7901259999999999,0.44164,GBR,EST,030374
11948771,109,72,5108,2013,13233.0,1545830.0,0.259374,-0.20413299999999998,ISL,EST,030374
11948772,130,72,5108,2013,700708.0,49592.0,0.737796,1.215543,LTU,EST,030374
11948773,132,72,5108,2013,172664.0,18462.0,0.6219439999999999,1.166749,LVA,EST,030374
11948774,134,72,5108,2013,297081.0,0.0,-0.6494260000000001,-0.035075999999999996,MAR,EST,030374
11948775,135,72,5108,2013,0.0,20184.0,-0.016235,0.132104,MDA,EST,030374
11948776,162,72,5108,2013,144688.0,0.0,1.184107,1.249557,NLD,EST,030374
11948777,163,72,5108,2013,641971.0,0.0,0.892099,0.18168399999999998,NOR,EST,030374
11948778,177,72,5108,2013,114251.0,800991.0,1.084332,1.216749,POL,EST,030374
11948779,186,72,5108,2013,0.0,105408.0,0.481166,-0.180052,RUS,EST,030374
11948780,206,72,5108,2013,0.0,56404.0,1.32064,0.7519819999999999,SVK,EST,030374
11948781,208,72,5108,2013,476235.0,0.0,1.869421,0.228109,SWE,EST,030374
11948782,61,74,5108,2013,1232.0,0.0,2.093658,-3.4281980000000005,DEU,FIN,030374
11948783,64,74,5108,2013,50764.0,0.0,1.161835,1.1788450000000001,DNK,FIN,030374
11948784,81,74,5108,2013,39622.0,0.0,1.7901259999999999,0.44164,GBR,FIN,030374
11948785,106,74,5108,2013,111253.0,0.0,1.29988,0.240688,IRL,FIN,030374
11948786,162,74,5108,2013,21960.0,0.0,1.184107,1.249557,NLD,FIN,030374
11948787,163,74,5108,2013,2872.0,0.0,0.892099,0.18168399999999998,NOR,FIN,030374
11948788,208,74,5108,2013,4876.0,0.0,1.869421,0.228109,SWE,FIN,030374
11948789,2,77,5108,2013,0.0,176766.0,-1.172043,-1.133735,AGO,FRA,030374
11948790,7,77,5108,2013,40372.0,0.0,-0.074047,-0.585168,ARE,FRA,030374
11948791,15,77,5108,2013,0.0,986.0,1.7209240000000001,-0.286892,AUT,FRA,030374
11948792,18,77,5108,2013,511724.0,6301.0,1.316207,0.972601,BEL,FRA,030374
11948793,19,77,5108,2013,0.0,30298.0,-0.919968,-0.90691,BEN,FRA,030374
11948794,24,77,5108,2013,0.0,1383.0,0.249681,-0.6204270000000001,BHR,FRA,030374
11948795,39,77,5108,2013,5324.0,0.0,0.719649,1.017046,CAN,FRA,030374
11948796,43,77,5108,2013,119113.0,0.0,1.113767,1.477496,CHN,FRA,030374
11948797,45,77,5108,2013,0.0,181615.0,-0.901531,-1.027111,CMR,FRA,030374
11948798,59,77,5108,2013,0.0,199767.0,1.819653,-0.12423800000000002,CZE,FRA,030374
11948799,61,77,5108,2013,37568.0,2203.0,2.093658,-3.4281980000000005,DEU,FRA,030374
11948800,64,77,5108,2013,3928.0,0.0,1.161835,1.1788450000000001,DNK,FRA,030374
11948801,68,77,5108,2013,0.0,108633.0,-0.17418,1.692641,EGY,FRA,030374
11948802,71,77,5108,2013,1720451.0,7615.0,0.861698,2.353993,ESP,FRA,030374
11948803,78,77,5108,2013,2315737.0,0.0,-0.370701,-0.815466,FRO,FRA,030374
11948804,81,77,5108,2013,6472260.0,1672.0,1.7901259999999999,0.44164,GBR,FRA,030374
11948805,82,77,5108,2013,0.0,144170.0,-0.160691,-0.393419,GEO,FRA,030374
11948806,90,77,5108,2013,0.0,46381.0,0.18823800000000002,0.910906,GRC,FRA,030374
11948807,104,77,5108,2013,72361.0,0.0,0.215356,2.3916209999999998,IND,FRA,030374
11948808,106,77,5108,2013,3830806.0,0.0,1.29988,0.240688,IRL,FRA,030374
11948809,109,77,5108,2013,2144357.0,0.0,0.259374,-0.20413299999999998,ISL,FRA,030374
11948810,111,77,5108,2013,0.0,197716.0,1.289924,0.533436,ITA,FRA,030374
11948811,112,77,5108,2013,0.0,29357.0,-0.541441,-0.8448559999999999,JAM,FRA,030374
11948812,113,77,5108,2013,0.0,40844.0,0.152659,0.5889979999999999,JOR,FRA,030374
11948813,114,77,5108,2013,0.0,104515.0,2.3993130000000003,-0.564768,JPN,FRA,030374
11948814,121,77,5108,2013,2960.0,0.0,1.818383,0.75645,KOR,FRA,030374
11948815,130,77,5108,2013,0.0,44951.0,0.737796,1.215543,LTU,FRA,030374
11948816,134,77,5108,2013,47994.0,0.0,-0.6494260000000001,-0.035075999999999996,MAR,FRA,030374
11948817,135,77,5108,2013,0.0,33808.0,-0.016235,0.132104,MDA,FRA,030374
11948818,142,77,5108,2013,0.0,212611.0,0.8519760000000001,-0.075869,MLT,FRA,030374
11948819,153,77,5108,2013,0.0,7001.0,0.937641,0.747496,MYS,FRA,030374
11948820,156,77,5108,2013,0.0,13351.0,-0.136052,-0.703913,NCL,FRA,030374
11948821,159,77,5108,2013,107184.0,422981.0,-1.745783,-1.1356680000000001,NGA,FRA,030374
11948822,162,77,5108,2013,2645462.0,749220.0,1.184107,1.249557,NLD,FRA,030374
11948823,163,77,5108,2013,302298.0,0.0,0.892099,0.18168399999999998,NOR,FRA,030374
11948824,166,77,5108,2013,1225.0,0.0,0.3345,0.39063000000000003,NZL,FRA,030374
11948825,167,77,5108,2013,70434.0,0.0,-0.604175,-1.0463209999999998,OMN,FRA,030374
11948826,173,77,5108,2013,25532.0,0.0,-0.573852,0.357977,PER,FRA,030374
11948827,174,77,5108,2013,0.0,3303.0,0.507868,0.355403,PHL,FRA,030374
11948828,179,77,5108,2013,275462.0,477183.0,0.541454,2.5228610000000002,PRT,FRA,030374
11948829,191,77,5108,2013,2339.0,0.0,-0.523662,-0.309101,SEN,FRA,030374
11948830,201,77,5108,2013,0.0,33679.0,0.5717720000000001,1.174901,SRB,FRA,030374
11948831,205,77,5108,2013,1719.0,0.0,-0.417865,-0.7600399999999999,SUR,FRA,030374
11948832,208,77,5108,2013,125005.0,1013.0,1.869421,0.228109,SWE,FRA,030374
11948833,216,77,5108,2013,0.0,31544.0,0.8752139999999999,1.3798620000000001,THA,FRA,030374
11948834,228,77,5108,2013,0.0,485434.0,0.657729,0.9063200000000001,UKR,FRA,030374
11948835,231,77,5108,2013,326189.0,0.0,1.6639689999999998,-0.48651300000000003,USA,FRA,030374
11948836,239,77,5108,2013,71462.0,0.0,-0.11426900000000001,1.399738,VNM,FRA,030374
11948837,7,81,5108,2013,0.0,24001.0,-0.074047,-0.585168,ARE,GBR,030374
11948838,14,81,5108,2013,0.0,53141.0,-0.31145700000000004,-0.167628,AUS,GBR,030374
11948839,18,81,5108,2013,0.0,3426989.0,1.316207,0.972601,BEL,GBR,030374
11948840,23,81,5108,2013,0.0,3704318.0,0.5026109999999999,1.674296,BGR,GBR,030374
11948841,24,81,5108,2013,0.0,3755.0,0.249681,-0.6204270000000001,BHR,GBR,030374
11948842,26,81,5108,2013,0.0,5034.0,0.46743199999999996,0.7340800000000001,BIH,GBR,030374
11948843,28,81,5108,2013,0.0,1770840.0,1.036923,0.864568,BLR,GBR,030374
11948844,39,81,5108,2013,0.0,22831.0,0.719649,1.017046,CAN,GBR,030374
11948845,43,81,5108,2013,29305.0,3556028.0,1.113767,1.477496,CHN,GBR,030374
11948846,44,81,5108,2013,0.0,112493.0,-0.923558,-0.866642,CIV,GBR,030374
11948847,58,81,5108,2013,0.0,325429.0,0.502238,0.349608,CYP,GBR,030374
11948848,59,81,5108,2013,0.0,30794.0,1.819653,-0.12423800000000002,CZE,GBR,030374
11948849,61,81,5108,2013,3386248.0,5166670.0,2.093658,-3.4281980000000005,DEU,GBR,030374
11948850,64,81,5108,2013,140390.0,1294420.0,1.161835,1.1788450000000001,DNK,GBR,030374
11948851,67,81,5108,2013,14387.0,0.0,-0.86546,-0.8888389999999999,ECU,GBR,030374
11948852,68,81,5108,2013,0.0,408431.0,-0.17418,1.692641,EGY,GBR,030374
11948853,71,81,5108,2013,1797987.0,560871.0,0.861698,2.353993,ESP,GBR,030374
11948854,72,81,5108,2013,0.0,20478.0,0.8828940000000001,1.386574,EST,GBR,030374
11948855,74,81,5108,2013,0.0,39622.0,1.734552,0.8896940000000001,FIN,GBR,030374
11948856,77,81,5108,2013,1672.0,6472260.0,1.520354,0.022874000000000002,FRA,GBR,030374
11948857,82,81,5108,2013,0.0,66540.0,-0.160691,-0.393419,GEO,GBR,030374
11948858,83,81,5108,2013,0.0,1329767.0,-0.7316010000000001,-0.5327689999999999,GHA,GBR,030374
11948859,90,81,5108,2013,0.0,76674.0,0.18823800000000002,0.910906,GRC,GBR,030374
11948860,97,81,5108,2013,0.0,132605.0,0.744383,1.923139,HKG,GBR,030374
11948861,102,81,5108,2013,0.0,308996.0,1.506101,0.7279220000000001,HUN,GBR,030374
11948862,104,81,5108,2013,137961.0,0.0,0.215356,2.3916209999999998,IND,GBR,030374
11948863,106,81,5108,2013,359936.0,51780.0,1.29988,0.240688,IRL,GBR,030374
11948864,109,81,5108,2013,95837.0,0.0,0.259374,-0.20413299999999998,ISL,GBR,030374
11948865,110,81,5108,2013,0.0,151216.0,1.197241,0.633828,ISR,GBR,030374
11948866,111,81,5108,2013,0.0,56061.0,1.289924,0.533436,ITA,GBR,030374
11948867,114,81,5108,2013,0.0,3217525.0,2.3993130000000003,-0.564768,JPN,GBR,030374
11948868,115,81,5108,2013,0.0,644843.0,-0.680678,-0.83347,KAZ,GBR,030374
11948869,121,81,5108,2013,0.0,330949.0,1.818383,0.75645,KOR,GBR,030374
11948870,130,81,5108,2013,1801.0,1386998.0,0.737796,1.215543,LTU,GBR,030374
11948871,132,81,5108,2013,0.0,2699860.0,0.6219439999999999,1.166749,LVA,GBR,030374
11948872,134,81,5108,2013,32466.0,0.0,-0.6494260000000001,-0.035075999999999996,MAR,GBR,030374
11948873,135,81,5108,2013,0.0,949417.0,-0.016235,0.132104,MDA,GBR,030374
11948874,138,81,5108,2013,0.0,1923.0,1.048507,0.718932,MEX,GBR,030374
11948875,142,81,5108,2013,0.0,72725.0,0.8519760000000001,-0.075869,MLT,GBR,030374
11948876,159,81,5108,2013,259956.0,9770612.0,-1.745783,-1.1356680000000001,NGA,GBR,030374
11948877,162,81,5108,2013,9487335.0,15621578.0,1.184107,1.249557,NLD,GBR,030374
11948878,163,81,5108,2013,1896596.0,0.0,0.892099,0.18168399999999998,NOR,GBR,030374
11948879,177,81,5108,2013,0.0,4674924.0,1.084332,1.216749,POL,GBR,030374
11948880,185,81,5108,2013,0.0,3655642.0,0.792035,1.225034,ROU,GBR,030374
11948881,186,81,5108,2013,0.0,24297814.0,0.481166,-0.180052,RUS,GBR,030374
11948882,192,81,5108,2013,0.0,327892.0,1.915504,0.619576,SGP,GBR,030374
11948883,201,81,5108,2013,0.0,532152.0,0.5717720000000001,1.174901,SRB,GBR,030374
11948884,206,81,5108,2013,0.0,44735.0,1.32064,0.7519819999999999,SVK,GBR,030374
11948885,207,81,5108,2013,0.0,192862.0,1.698374,0.563082,SVN,GBR,030374
11948886,208,81,5108,2013,0.0,2729538.0,1.869421,0.228109,SWE,GBR,030374
11948887,215,81,5108,2013,0.0,44540.0,-0.598413,-0.49295200000000006,TGO,GBR,030374
11948888,216,81,5108,2013,0.0,111383.0,0.8752139999999999,1.3798620000000001,THA,GBR,030374
11948889,228,81,5108,2013,0.0,12075763.0,0.657729,0.9063200000000001,UKR,GBR,030374
11948890,239,81,5108,2013,8343.0,50968.0,-0.11426900000000001,1.399738,VNM,GBR,030374
11948891,246,81,5108,2013,0.0,23845.0,0.380284,1.5682120000000002,ZAF,GBR,030374
11948892,249,81,5108,2013,0.0,715830.0,1.843186,0.9432379999999999,TWN,GBR,030374
11948893,23,90,5108,2013,5825.0,10849.0,0.5026109999999999,1.674296,BGR,GRC,030374
11948894,58,90,5108,2013,0.0,4746.0,0.502238,0.349608,CYP,GRC,030374
11948895,61,90,5108,2013,29219.0,0.0,2.093658,-3.4281980000000005,DEU,GRC,030374
11948896,64,90,5108,2013,499618.0,4354.0,1.161835,1.1788450000000001,DNK,GRC,030374
11948897,71,90,5108,2013,150278.0,0.0,0.861698,2.353993,ESP,GRC,030374
11948898,77,90,5108,2013,46381.0,0.0,1.520354,0.022874000000000002,FRA,GRC,030374
11948899,81,90,5108,2013,76674.0,0.0,1.7901259999999999,0.44164,GBR,GRC,030374
11948900,100,90,5108,2013,7529.0,0.0,0.898284,1.038807,HRV,GRC,030374
11948901,106,90,5108,2013,482590.0,0.0,1.29988,0.240688,IRL,GRC,030374
11948902,140,90,5108,2013,0.0,15355.0,-0.10859400000000001,0.155229,MKD,GRC,030374
11948903,162,90,5108,2013,29829.0,0.0,1.184107,1.249557,NLD,GRC,030374
11948904,163,90,5108,2013,33664.0,0.0,0.892099,0.18168399999999998,NOR,GRC,030374
11948905,185,90,5108,2013,4803.0,0.0,0.792035,1.225034,ROU,GRC,030374
11948906,208,90,5108,2013,0.0,826.0,1.869421,0.228109,SWE,GRC,030374
11948907,243,90,5108,2013,45140.0,0.0,-1.252605,-1.207324,YEM,GRC,030374
11948908,231,93,5108,2013,70188.0,0.0,1.6639689999999998,-0.48651300000000003,USA,GTM,030374
11948909,112,96,5108,2013,0.0,25575.0,-0.541441,-0.8448559999999999,JAM,GUY,030374
11948910,127,96,5108,2013,0.0,13619.0,0.265129,-0.5083949999999999,LCA,GUY,030374
11948911,222,96,5108,2013,0.0,151187.0,-0.280641,-1.083332,TTO,GUY,030374
11948912,39,97,5108,2013,268973.0,0.0,0.719649,1.017046,CAN,HKG,030374
11948913,43,97,5108,2013,1664736.0,3368.0,1.113767,1.477496,CHN,HKG,030374
11948914,71,97,5108,2013,5555.0,0.0,0.861698,2.353993,ESP,HKG,030374
11948915,75,97,5108,2013,0.0,946712.0,-0.5203369999999999,-0.122405,FJI,HKG,030374
11948916,81,97,5108,2013,132605.0,0.0,1.7901259999999999,0.44164,GBR,HKG,030374
11948917,103,97,5108,2013,22603.0,22376.0,-0.216854,1.415728,IDN,HKG,030374
11948918,109,97,5108,2013,186218.0,0.0,0.259374,-0.20413299999999998,ISL,HKG,030374
11948919,114,97,5108,2013,139267.0,0.0,2.3993130000000003,-0.564768,JPN,HKG,030374
11948920,121,97,5108,2013,1858.0,0.0,1.818383,0.75645,KOR,HKG,030374
11948921,133,97,5108,2013,0.0,150231.0,0.252209,0.184401,MAC,HKG,030374
11948922,153,97,5108,2013,0.0,42433.0,0.937641,0.747496,MYS,HKG,030374
11948923,159,97,5108,2013,0.0,2255780.0,-1.745783,-1.1356680000000001,NGA,HKG,030374
11948924,162,97,5108,2013,140802.0,0.0,1.184107,1.249557,NLD,HKG,030374
11948925,163,97,5108,2013,465271.0,0.0,0.892099,0.18168399999999998,NOR,HKG,030374
11948926,192,97,5108,2013,20670.0,5773.0,1.915504,0.619576,SGP,HKG,030374
11948927,216,97,5108,2013,85199.0,0.0,0.8752139999999999,1.3798620000000001,THA,HKG,030374
11948928,231,97,5108,2013,97938.0,0.0,1.6639689999999998,-0.48651300000000003,USA,HKG,030374
11948929,239,97,5108,2013,47568.0,3518730.0,-0.11426900000000001,1.399738,VNM,HKG,030374
11948930,249,97,5108,2013,1047670.0,473369.0,1.843186,0.9432379999999999,TWN,HKG,030374
11948931,15,102,5108,2013,3500.0,0.0,1.7209240000000001,-0.286892,AUT,HUN,030374
11948932,23,102,5108,2013,375340.0,0.0,0.5026109999999999,1.674296,BGR,HUN,030374
11948933,59,102,5108,2013,8203.0,0.0,1.819653,-0.12423800000000002,CZE,HUN,030374
11948934,61,102,5108,2013,1292.0,0.0,2.093658,-3.4281980000000005,DEU,HUN,030374
11948935,64,102,5108,2013,4594.0,0.0,1.161835,1.1788450000000001,DNK,HUN,030374
11948936,71,102,5108,2013,229222.0,0.0,0.861698,2.353993,ESP,HUN,030374
11948937,81,102,5108,2013,308996.0,0.0,1.7901259999999999,0.44164,GBR,HUN,030374
11948938,111,102,5108,2013,4659.0,0.0,1.289924,0.533436,ITA,HUN,030374
11948939,162,102,5108,2013,111816.0,0.0,1.184107,1.249557,NLD,HUN,030374
11948940,163,102,5108,2013,54681.0,0.0,0.892099,0.18168399999999998,NOR,HUN,030374
11948941,185,102,5108,2013,226164.0,47245.0,0.792035,1.225034,ROU,HUN,030374
11948942,207,102,5108,2013,1158.0,0.0,1.698374,0.563082,SVN,HUN,030374
11948943,7,103,5108,2013,0.0,606091.0,-0.074047,-0.585168,ARE,IDN,030374
11948944,14,103,5108,2013,0.0,112953.0,-0.31145700000000004,-0.167628,AUS,IDN,030374
11948945,39,103,5108,2013,10326.0,0.0,0.719649,1.017046,CAN,IDN,030374
11948946,43,103,5108,2013,81782080.0,441461.0,1.113767,1.477496,CHN,IDN,030374
11948947,97,103,5108,2013,22376.0,22603.0,0.744383,1.923139,HKG,IDN,030374
11948948,104,103,5108,2013,1244396.0,0.0,0.215356,2.3916209999999998,IND,IDN,030374
11948949,114,103,5108,2013,2454778.0,481809.0,2.3993130000000003,-0.564768,JPN,IDN,030374
11948950,121,103,5108,2013,700779.0,29390.0,1.818383,0.75645,KOR,IDN,030374
11948951,138,103,5108,2013,56749.0,0.0,1.048507,0.718932,MEX,IDN,030374
11948952,153,103,5108,2013,10235471.0,1982399.0,0.937641,0.747496,MYS,IDN,030374
11948953,162,103,5108,2013,167822.0,0.0,1.184107,1.249557,NLD,IDN,030374
11948954,163,103,5108,2013,2896900.0,0.0,0.892099,0.18168399999999998,NOR,IDN,030374
11948955,168,103,5108,2013,770708.0,0.0,-0.75727,0.769703,PAK,IDN,030374
11948956,174,103,5108,2013,0.0,57912.0,0.507868,0.355403,PHL,IDN,030374
11948957,188,103,5108,2013,655053.0,0.0,0.626347,-0.844406,SAU,IDN,030374
11948958,192,103,5108,2013,95352.0,685303.0,1.915504,0.619576,SGP,IDN,030374
11948959,205,103,5108,2013,0.0,15997.0,-0.417865,-0.7600399999999999,SUR,IDN,030374
11948960,216,103,5108,2013,0.0,47613.0,0.8752139999999999,1.3798620000000001,THA,IDN,030374
11948961,220,103,5108,2013,0.0,2008.0,-0.376633,-0.73677,TLS,IDN,030374
11948962,231,103,5108,2013,66513.0,274847.0,1.6639689999999998,-0.48651300000000003,USA,IDN,030374
11948963,239,103,5108,2013,1119230.0,993046.0,-0.11426900000000001,1.399738,VNM,IDN,030374
11948964,243,103,5108,2013,142669.0,0.0,-1.252605,-1.207324,YEM,IDN,030374
11948965,249,103,5108,2013,54428.0,643742.0,1.843186,0.9432379999999999,TWN,IDN,030374
11948966,2,104,5108,2013,0.0,15944.0,-1.172043,-1.133735,AGO,IND,030374
11948967,7,104,5108,2013,0.0,1940.0,-0.074047,-0.585168,ARE,IND,030374
11948968,15,104,5108,2013,0.0,17197.0,1.7209240000000001,-0.286892,AUT,IND,030374
11948969,22,104,5108,2013,0.0,26981.0,-1.101916,-0.734646,BGD,IND,030374
11948970,24,104,5108,2013,0.0,21891.0,0.249681,-0.6204270000000001,BHR,IND,030374
11948971,34,104,5108,2013,0.0,157285.0,-0.866827,-0.795995,BRN,IND,030374
11948972,39,104,5108,2013,0.0,289442.0,0.719649,1.017046,CAN,IND,030374
11948973,41,104,5108,2013,0.0,4953.0,2.2104470000000003,0.5403479999999999,CHE,IND,030374
11948974,43,104,5108,2013,66037.0,0.0,1.113767,1.477496,CHN,IND,030374
11948975,44,104,5108,2013,0.0,33561.0,-0.923558,-0.866642,CIV,IND,030374
11948976,45,104,5108,2013,0.0,75114.0,-0.901531,-1.027111,CMR,IND,030374
11948977,77,104,5108,2013,0.0,72361.0,1.520354,0.022874000000000002,FRA,IND,030374
11948978,81,104,5108,2013,0.0,137961.0,1.7901259999999999,0.44164,GBR,IND,030374
11948979,103,104,5108,2013,0.0,1244396.0,-0.216854,1.415728,IDN,IND,030374
11948980,106,104,5108,2013,2500.0,0.0,1.29988,0.240688,IRL,IND,030374
11948981,107,104,5108,2013,0.0,201678.0,-0.339172,-0.237114,IRN,IND,030374
11948982,110,104,5108,2013,0.0,39743.0,1.197241,0.633828,ISR,IND,030374
11948983,116,104,5108,2013,0.0,3226.0,-0.448112,0.8672719999999999,KEN,IND,030374
11948984,122,104,5108,2013,0.0,252216.0,-0.536384,-1.08382,KWT,IND,030374
11948985,128,104,5108,2013,0.0,25478.0,-0.6521779999999999,0.41258599999999995,LKA,IND,030374
11948986,138,104,5108,2013,22427.0,0.0,1.048507,0.718932,MEX,IND,030374
11948987,153,104,5108,2013,0.0,9229481.0,0.937641,0.747496,MYS,IND,030374
11948988,159,104,5108,2013,0.0,15010.0,-1.745783,-1.1356680000000001,NGA,IND,030374
11948989,162,104,5108,2013,0.0,6343.0,1.184107,1.249557,NLD,IND,030374
11948990,166,104,5108,2013,0.0,7818.0,0.3345,0.39063000000000003,NZL,IND,030374
11948991,167,104,5108,2013,12990.0,25435.0,-0.604175,-1.0463209999999998,OMN,IND,030374
11948992,192,104,5108,2013,0.0,342916.0,1.915504,0.619576,SGP,IND,030374
11948993,216,104,5108,2013,0.0,24790790.0,0.8752139999999999,1.3798620000000001,THA,IND,030374
11948994,226,104,5108,2013,0.0,60627.0,-0.9306770000000001,0.273489,TZA,IND,030374
11948995,231,104,5108,2013,0.0,603801.0,1.6639689999999998,-0.48651300000000003,USA,IND,030374
11948996,239,104,5108,2013,0.0,26403.0,-0.11426900000000001,1.399738,VNM,IND,030374
11948997,246,104,5108,2013,0.0,145717.0,0.380284,1.5682120000000002,ZAF,IND,030374
11948998,249,104,5108,2013,0.0,58576.0,1.843186,0.9432379999999999,TWN,IND,030374
11948999,81,110,5108,2013,151216.0,0.0,1.7901259999999999,0.44164,GBR,ISR,030374
11949000,104,110,5108,2013,39743.0,0.0,0.215356,2.3916209999999998,IND,ISR,030374
11949001,109,110,5108,2013,120209.0,0.0,0.259374,-0.20413299999999998,ISL,ISR,030374
11949002,162,110,5108,2013,947583.0,0.0,1.184107,1.249557,NLD,ISR,030374
11949003,163,110,5108,2013,1840382.0,0.0,0.892099,0.18168399999999998,NOR,ISR,030374
11949004,4,111,5108,2013,0.0,22219.0,-0.53682,-0.162391,ALB,ITA,030374
11949005,15,111,5108,2013,12210.0,17102.0,1.7209240000000001,-0.286892,AUT,ITA,030374
11949006,23,111,5108,2013,8884.0,0.0,0.5026109999999999,1.674296,BGR,ITA,030374
11949007,41,111,5108,2013,0.0,5934.0,2.2104470000000003,0.5403479999999999,CHE,ITA,030374
11949008,47,111,5108,2013,0.0,3451.0,-1.215681,-1.08679,COG,ITA,030374
11949009,61,111,5108,2013,8716.0,0.0,2.093658,-3.4281980000000005,DEU,ITA,030374
11949010,64,111,5108,2013,540733.0,54186.0,1.161835,1.1788450000000001,DNK,ITA,030374
11949011,71,111,5108,2013,2347481.0,7603.0,0.861698,2.353993,ESP,ITA,030374
11949012,77,111,5108,2013,197716.0,0.0,1.520354,0.022874000000000002,FRA,ITA,030374
11949013,81,111,5108,2013,56061.0,0.0,1.7901259999999999,0.44164,GBR,ITA,030374
11949014,83,111,5108,2013,0.0,134449.0,-0.7316010000000001,-0.5327689999999999,GHA,ITA,030374
11949015,100,111,5108,2013,3095.0,5034.0,0.898284,1.038807,HRV,ITA,030374
11949016,102,111,5108,2013,0.0,4659.0,1.506101,0.7279220000000001,HUN,ITA,030374
11949017,106,111,5108,2013,0.0,2603.0,1.29988,0.240688,IRL,ITA,030374
11949018,109,111,5108,2013,1251.0,0.0,0.259374,-0.20413299999999998,ISL,ITA,030374
11949019,134,111,5108,2013,27516.0,0.0,-0.6494260000000001,-0.035075999999999996,MAR,ITA,030374
11949020,142,111,5108,2013,65750.0,75581.0,0.8519760000000001,-0.075869,MLT,ITA,030374
11949021,155,111,5108,2013,12748928.0,0.0,-0.308643,-0.480617,NAM,ITA,030374
11949022,162,111,5108,2013,2027310.0,0.0,1.184107,1.249557,NLD,ITA,030374
11949023,163,111,5108,2013,76602.0,0.0,0.892099,0.18168399999999998,NOR,ITA,030374
11949024,166,111,5108,2013,20282.0,0.0,0.3345,0.39063000000000003,NZL,ITA,030374
11949025,167,111,5108,2013,72929.0,0.0,-0.604175,-1.0463209999999998,OMN,ITA,030374
11949026,177,111,5108,2013,59567.0,0.0,1.084332,1.216749,POL,ITA,030374
11949027,179,111,5108,2013,35947.0,0.0,0.541454,2.5228610000000002,PRT,ITA,030374
11949028,185,111,5108,2013,60149.0,0.0,0.792035,1.225034,ROU,ITA,030374
11949029,207,111,5108,2013,54830.0,1245.0,1.698374,0.563082,SVN,ITA,030374
11949030,208,111,5108,2013,95006.0,0.0,1.869421,0.228109,SWE,ITA,030374
11949031,29,112,5108,2013,4965.0,0.0,-0.35218299999999997,-0.508891,BLZ,JAM,030374
11949032,39,112,5108,2013,248719.0,0.0,0.719649,1.017046,CAN,JAM,030374
11949033,71,112,5108,2013,1379614.0,0.0,0.861698,2.353993,ESP,JAM,030374
11949034,77,112,5108,2013,29357.0,0.0,1.520354,0.022874000000000002,FRA,JAM,030374
11949035,96,112,5108,2013,25575.0,0.0,-0.8555590000000001,-0.9744450000000001,GUY,JAM,030374
11949036,106,112,5108,2013,131288.0,0.0,1.29988,0.240688,IRL,JAM,030374
11949037,162,112,5108,2013,26336.0,0.0,1.184107,1.249557,NLD,JAM,030374
11949038,163,112,5108,2013,64346.0,0.0,0.892099,0.18168399999999998,NOR,JAM,030374
11949039,205,112,5108,2013,28434.0,0.0,-0.417865,-0.7600399999999999,SUR,JAM,030374
11949040,231,112,5108,2013,296660.0,0.0,1.6639689999999998,-0.48651300000000003,USA,JAM,030374
11949041,77,113,5108,2013,40844.0,0.0,1.520354,0.022874000000000002,FRA,JOR,030374
11949042,109,113,5108,2013,146561.0,0.0,0.259374,-0.20413299999999998,ISL,JOR,030374
11949043,162,113,5108,2013,41880.0,0.0,1.184107,1.249557,NLD,JOR,030374
11949044,163,113,5108,2013,373027.0,0.0,0.892099,0.18168399999999998,NOR,JOR,030374
11949045,167,113,5108,2013,9933.0,0.0,-0.604175,-1.0463209999999998,OMN,JOR,030374
11949046,7,121,5108,2013,0.0,59650.0,-0.074047,-0.585168,ARE,KOR,030374
11949047,14,121,5108,2013,0.0,583002.0,-0.31145700000000004,-0.167628,AUS,KOR,030374
11949048,15,121,5108,2013,0.0,2024.0,1.7209240000000001,-0.286892,AUT,KOR,030374
11949049,19,121,5108,2013,0.0,268081.0,-0.919968,-0.90691,BEN,KOR,030374
11949050,22,121,5108,2013,22847.0,0.0,-1.101916,-0.734646,BGD,KOR,030374
11949051,24,121,5108,2013,0.0,35452.0,0.249681,-0.6204270000000001,BHR,KOR,030374
11949052,39,121,5108,2013,10856.0,102871.0,0.719649,1.017046,CAN,KOR,030374
11949053,43,121,5108,2013,4993930.0,3426238.0,1.113767,1.477496,CHN,KOR,030374
11949054,44,121,5108,2013,0.0,147181.0,-0.923558,-0.866642,CIV,KOR,030374
11949055,59,121,5108,2013,0.0,2308.0,1.819653,-0.12423800000000002,CZE,KOR,030374
11949056,61,121,5108,2013,103050.0,2119.0,2.093658,-3.4281980000000005,DEU,KOR,030374
11949057,68,121,5108,2013,0.0,8898925.0,-0.17418,1.692641,EGY,KOR,030374
11949058,75,121,5108,2013,0.0,68024.0,-0.5203369999999999,-0.122405,FJI,KOR,030374
11949059,77,121,5108,2013,0.0,2960.0,1.520354,0.022874000000000002,FRA,KOR,030374
11949060,81,121,5108,2013,330949.0,0.0,1.7901259999999999,0.44164,GBR,KOR,030374
11949061,83,121,5108,2013,0.0,2533934.0,-0.7316010000000001,-0.5327689999999999,GHA,KOR,030374
11949062,85,121,5108,2013,0.0,14813.0,-1.1287459999999998,-1.069735,GIN,KOR,030374
11949063,95,121,5108,2013,0.0,11221.0,0.483541,0.281968,GUM,KOR,030374
11949064,97,121,5108,2013,0.0,1858.0,0.744383,1.923139,HKG,KOR,030374
11949065,103,121,5108,2013,29390.0,700779.0,-0.216854,1.415728,IDN,KOR,030374
11949066,106,121,5108,2013,449488.0,0.0,1.29988,0.240688,IRL,KOR,030374
11949067,108,121,5108,2013,0.0,3151.0,-2.839079,-0.8705440000000001,IRQ,KOR,030374
11949068,109,121,5108,2013,0.0,231615.0,0.259374,-0.20413299999999998,ISL,KOR,030374
11949069,114,121,5108,2013,534466.0,870700.0,2.3993130000000003,-0.564768,JPN,KOR,030374
11949070,116,121,5108,2013,0.0,792571.0,-0.448112,0.8672719999999999,KEN,KOR,030374
11949071,122,121,5108,2013,0.0,6721.0,-0.536384,-1.08382,KWT,KOR,030374
11949072,125,121,5108,2013,0.0,129737.0,-0.41869399999999996,-0.9538770000000001,LBR,KOR,030374
11949073,126,121,5108,2013,0.0,29732.0,-1.6241459999999999,-1.1817950000000002,LBY,KOR,030374
11949074,128,121,5108,2013,0.0,513164.0,-0.6521779999999999,0.41258599999999995,LKA,KOR,030374
11949075,138,121,5108,2013,11804.0,0.0,1.048507,0.718932,MEX,KOR,030374
11949076,145,121,5108,2013,0.0,14881.0,-1.3270950000000001,-1.144547,MNG,KOR,030374
11949077,147,121,5108,2013,0.0,976031.0,-1.326323,-1.050969,MOZ,KOR,030374
11949078,151,121,5108,2013,0.0,135800.0,-0.158852,0.0061600000000000005,MUS,KOR,030374
11949079,153,121,5108,2013,17655.0,242448.0,0.937641,0.747496,MYS,KOR,030374
11949080,155,121,5108,2013,0.0,9317.0,-0.308643,-0.480617,NAM,KOR,030374
11949081,159,121,5108,2013,0.0,708253.0,-1.745783,-1.1356680000000001,NGA,KOR,030374
11949082,162,121,5108,2013,826962.0,2676.0,1.184107,1.249557,NLD,KOR,030374
11949083,163,121,5108,2013,28452460.0,0.0,0.892099,0.18168399999999998,NOR,KOR,030374
11949084,166,121,5108,2013,0.0,28457.0,0.3345,0.39063000000000003,NZL,KOR,030374
11949085,167,121,5108,2013,0.0,10749.0,-0.604175,-1.0463209999999998,OMN,KOR,030374
11949086,169,121,5108,2013,0.0,99953.0,0.735637,1.161718,PAN,KOR,030374
11949087,174,121,5108,2013,1475.0,1309143.0,0.507868,0.355403,PHL,KOR,030374
11949088,186,121,5108,2013,0.0,32173.0,0.481166,-0.180052,RUS,KOR,030374
11949089,188,121,5108,2013,0.0,266349.0,0.626347,-0.844406,SAU,KOR,030374
11949090,191,121,5108,2013,15894.0,0.0,-0.523662,-0.309101,SEN,KOR,030374
11949091,192,121,5108,2013,0.0,446442.0,1.915504,0.619576,SGP,KOR,030374
11949092,205,121,5108,2013,0.0,687675.0,-0.417865,-0.7600399999999999,SUR,KOR,030374
11949093,211,121,5108,2013,0.0,212162.0,0.270999,-0.474095,SYC,KOR,030374
11949094,216,121,5108,2013,13814.0,2069593.0,0.8752139999999999,1.3798620000000001,THA,KOR,030374
11949095,226,121,5108,2013,0.0,2592252.0,-0.9306770000000001,0.273489,TZA,KOR,030374
11949096,231,121,5108,2013,0.0,908921.0,1.6639689999999998,-0.48651300000000003,USA,KOR,030374
11949097,239,121,5108,2013,0.0,614643.0,-0.11426900000000001,1.399738,VNM,KOR,030374
11949098,249,121,5108,2013,40944.0,6958856.0,1.843186,0.9432379999999999,TWN,KOR,030374
11949099,250,121,5108,2013,0.0,205255.0,0.628555,0.277602,ANS,KOR,030374
11949100,7,122,5108,2013,0.0,1448.0,-0.074047,-0.585168,ARE,KWT,030374
11949101,22,122,5108,2013,73255.0,0.0,-1.101916,-0.734646,BGD,KWT,030374
11949102,43,122,5108,2013,280916.0,0.0,1.113767,1.477496,CHN,KWT,030374
11949103,104,122,5108,2013,252216.0,0.0,0.215356,2.3916209999999998,IND,KWT,030374
11949104,114,122,5108,2013,15654.0,0.0,2.3993130000000003,-0.564768,JPN,KWT,030374
11949105,121,122,5108,2013,6721.0,0.0,1.818383,0.75645,KOR,KWT,030374
11949106,143,122,5108,2013,344675.0,0.0,-1.230787,-0.737375,MMR,KWT,030374
11949107,168,122,5108,2013,33643.0,0.0,-0.75727,0.769703,PAK,KWT,030374
11949108,216,122,5108,2013,117551.0,0.0,0.8752139999999999,1.3798620000000001,THA,KWT,030374
11949109,239,122,5108,2013,59866.0,0.0,-0.11426900000000001,1.399738,VNM,KWT,030374
11949110,249,122,5108,2013,113111.0,0.0,1.843186,0.9432379999999999,TWN,KWT,030374
11949111,39,138,5108,2013,87806.0,0.0,0.719649,1.017046,CAN,MEX,030374
11949112,43,138,5108,2013,0.0,9463.0,1.113767,1.477496,CHN,MEX,030374
11949113,81,138,5108,2013,1923.0,0.0,1.7901259999999999,0.44164,GBR,MEX,030374
11949114,103,138,5108,2013,0.0,56749.0,-0.216854,1.415728,IDN,MEX,030374
11949115,104,138,5108,2013,0.0,22427.0,0.215356,2.3916209999999998,IND,MEX,030374
11949116,114,138,5108,2013,36915.0,0.0,2.3993130000000003,-0.564768,JPN,MEX,030374
11949117,121,138,5108,2013,0.0,11804.0,1.818383,0.75645,KOR,MEX,030374
11949118,153,138,5108,2013,0.0,1356664.0,0.937641,0.747496,MYS,MEX,030374
11949119,163,138,5108,2013,11970.0,0.0,0.892099,0.18168399999999998,NOR,MEX,030374
11949120,174,138,5108,2013,250824.0,65160.0,0.507868,0.355403,PHL,MEX,030374
11949121,192,138,5108,2013,0.0,94637.0,1.915504,0.619576,SGP,MEX,030374
11949122,216,138,5108,2013,0.0,128361.0,0.8752139999999999,1.3798620000000001,THA,MEX,030374
11949123,231,138,5108,2013,240328.0,170550.0,1.6639689999999998,-0.48651300000000003,USA,MEX,030374
11949124,14,153,5108,2013,0.0,20596.0,-0.31145700000000004,-0.167628,AUS,MYS,030374
11949125,18,153,5108,2013,11174.0,0.0,1.316207,0.972601,BEL,MYS,030374
11949126,24,153,5108,2013,27388.0,0.0,0.249681,-0.6204270000000001,BHR,MYS,030374
11949127,34,153,5108,2013,30408.0,406305.0,-0.866827,-0.795995,BRN,MYS,030374
11949128,39,153,5108,2013,1758.0,0.0,0.719649,1.017046,CAN,MYS,030374
11949129,43,153,5108,2013,17576576.0,81702.0,1.113767,1.477496,CHN,MYS,030374
11949130,61,153,5108,2013,119866.0,0.0,2.093658,-3.4281980000000005,DEU,MYS,030374
11949131,64,153,5108,2013,166838.0,0.0,1.161835,1.1788450000000001,DNK,MYS,030374
11949132,77,153,5108,2013,7001.0,0.0,1.520354,0.022874000000000002,FRA,MYS,030374
11949133,82,153,5108,2013,0.0,307792.0,-0.160691,-0.393419,GEO,MYS,030374
11949134,97,153,5108,2013,42433.0,0.0,0.744383,1.923139,HKG,MYS,030374
11949135,103,153,5108,2013,1982399.0,10235471.0,-0.216854,1.415728,IDN,MYS,030374
11949136,104,153,5108,2013,9229481.0,0.0,0.215356,2.3916209999999998,IND,MYS,030374
11949137,106,153,5108,2013,10533.0,0.0,1.29988,0.240688,IRL,MYS,030374
11949138,109,153,5108,2013,4305597.0,0.0,0.259374,-0.20413299999999998,ISL,MYS,030374
11949139,114,153,5108,2013,5570553.0,0.0,2.3993130000000003,-0.564768,JPN,MYS,030374
11949140,121,153,5108,2013,242448.0,17655.0,1.818383,0.75645,KOR,MYS,030374
11949141,128,153,5108,2013,0.0,21834.0,-0.6521779999999999,0.41258599999999995,LKA,MYS,030374
11949142,138,153,5108,2013,1356664.0,0.0,1.048507,0.718932,MEX,MYS,030374
11949143,143,153,5108,2013,880554.0,0.0,-1.230787,-0.737375,MMR,MYS,030374
11949144,162,153,5108,2013,153900.0,0.0,1.184107,1.249557,NLD,MYS,030374
11949145,163,153,5108,2013,384991.0,0.0,0.892099,0.18168399999999998,NOR,MYS,030374
11949146,167,153,5108,2013,175968.0,0.0,-0.604175,-1.0463209999999998,OMN,MYS,030374
11949147,168,153,5108,2013,1766949.0,0.0,-0.75727,0.769703,PAK,MYS,030374
11949148,173,153,5108,2013,34763.0,0.0,-0.573852,0.357977,PER,MYS,030374
11949149,174,153,5108,2013,0.0,185057.0,0.507868,0.355403,PHL,MYS,030374
11949150,186,153,5108,2013,1066.0,0.0,0.481166,-0.180052,RUS,MYS,030374
11949151,188,153,5108,2013,152116.0,0.0,0.626347,-0.844406,SAU,MYS,030374
11949152,192,153,5108,2013,670751.0,181817.0,1.915504,0.619576,SGP,MYS,030374
11949153,216,153,5108,2013,59045.0,863868.0,0.8752139999999999,1.3798620000000001,THA,MYS,030374
11949154,220,153,5108,2013,0.0,15120.0,-0.376633,-0.73677,TLS,MYS,030374
11949155,231,153,5108,2013,366683.0,0.0,1.6639689999999998,-0.48651300000000003,USA,MYS,030374
11949156,239,153,5108,2013,5223570.0,1340456.0,-0.11426900000000001,1.399738,VNM,MYS,030374
11949157,243,153,5108,2013,2458412.0,0.0,-1.252605,-1.207324,YEM,MYS,030374
11949158,249,153,5108,2013,195100.0,13939.0,1.843186,0.9432379999999999,TWN,MYS,030374
11949159,2,162,5108,2013,0.0,5855572.0,-1.172043,-1.133735,AGO,NLD,030374
11949160,7,162,5108,2013,0.0,30777.0,-0.074047,-0.585168,ARE,NLD,030374
11949161,15,162,5108,2013,0.0,222381.0,1.7209240000000001,-0.286892,AUT,NLD,030374
11949162,16,162,5108,2013,0.0,19262.0,-0.9232870000000001,-1.165928,AZE,NLD,030374
11949163,18,162,5108,2013,48082.0,1310830.0,1.316207,0.972601,BEL,NLD,030374
11949164,23,162,5108,2013,9095.0,1162223.0,0.5026109999999999,1.674296,BGR,NLD,030374
11949165,24,162,5108,2013,0.0,1014.0,0.249681,-0.6204270000000001,BHR,NLD,030374
11949166,26,162,5108,2013,0.0,56489.0,0.46743199999999996,0.7340800000000001,BIH,NLD,030374
11949167,28,162,5108,2013,0.0,36639.0,1.036923,0.864568,BLR,NLD,030374
11949168,33,162,5108,2013,0.0,2589.0,0.6969489999999999,0.135283,BRB,NLD,030374
11949169,39,162,5108,2013,0.0,115118.0,0.719649,1.017046,CAN,NLD,030374
11949170,41,162,5108,2013,0.0,80863.0,2.2104470000000003,0.5403479999999999,CHE,NLD,030374
11949171,43,162,5108,2013,73584.0,1823517.0,1.113767,1.477496,CHN,NLD,030374
11949172,44,162,5108,2013,0.0,11162757.0,-0.923558,-0.866642,CIV,NLD,030374
11949173,45,162,5108,2013,0.0,2900658.0,-0.901531,-1.027111,CMR,NLD,030374
11949174,47,162,5108,2013,0.0,2947.0,-1.215681,-1.08679,COG,NLD,030374
11949175,58,162,5108,2013,0.0,52688.0,0.502238,0.349608,CYP,NLD,030374
11949176,59,162,5108,2013,0.0,2466944.0,1.819653,-0.12423800000000002,CZE,NLD,030374
11949177,61,162,5108,2013,21242068.0,4846345.0,2.093658,-3.4281980000000005,DEU,NLD,030374
11949178,64,162,5108,2013,101407.0,562631.0,1.161835,1.1788450000000001,DNK,NLD,030374
11949179,67,162,5108,2013,2912.0,0.0,-0.86546,-0.8888389999999999,ECU,NLD,030374
11949180,68,162,5108,2013,0.0,6280396.0,-0.17418,1.692641,EGY,NLD,030374
11949181,71,162,5108,2013,301334.0,185861.0,0.861698,2.353993,ESP,NLD,030374
11949182,72,162,5108,2013,0.0,144688.0,0.8828940000000001,1.386574,EST,NLD,030374
11949183,74,162,5108,2013,0.0,21960.0,1.734552,0.8896940000000001,FIN,NLD,030374
11949184,77,162,5108,2013,749220.0,2645462.0,1.520354,0.022874000000000002,FRA,NLD,030374
11949185,78,162,5108,2013,7790178.0,0.0,-0.370701,-0.815466,FRO,NLD,030374
11949186,80,162,5108,2013,0.0,2102524.0,-1.6582830000000002,-1.155302,GAB,NLD,030374
11949187,81,162,5108,2013,15621578.0,9487335.0,1.7901259999999999,0.44164,GBR,NLD,030374
11949188,82,162,5108,2013,0.0,258180.0,-0.160691,-0.393419,GEO,NLD,030374
11949189,83,162,5108,2013,0.0,2655036.0,-0.7316010000000001,-0.5327689999999999,GHA,NLD,030374
11949190,84,162,5108,2013,0.0,1931.0,0.991136,-0.603793,GIB,NLD,030374
11949191,89,162,5108,2013,0.0,7829.0,-1.521575,-0.814708,GNQ,NLD,030374
11949192,90,162,5108,2013,0.0,29829.0,0.18823800000000002,0.910906,GRC,NLD,030374
11949193,92,162,5108,2013,3180081.0,0.0,-0.801617,-0.8734120000000001,GRL,NLD,030374
11949194,97,162,5108,2013,0.0,140802.0,0.744383,1.923139,HKG,NLD,030374
11949195,100,162,5108,2013,0.0,117875.0,0.898284,1.038807,HRV,NLD,030374
11949196,101,162,5108,2013,0.0,30652.0,-1.095392,-0.957326,HTI,NLD,030374
11949197,102,162,5108,2013,0.0,111816.0,1.506101,0.7279220000000001,HUN,NLD,030374
11949198,103,162,5108,2013,0.0,167822.0,-0.216854,1.415728,IDN,NLD,030374
11949199,104,162,5108,2013,6343.0,0.0,0.215356,2.3916209999999998,IND,NLD,030374
11949200,106,162,5108,2013,2115238.0,17478.0,1.29988,0.240688,IRL,NLD,030374
11949201,109,162,5108,2013,36363.0,0.0,0.259374,-0.20413299999999998,ISL,NLD,030374
11949202,110,162,5108,2013,0.0,947583.0,1.197241,0.633828,ISR,NLD,030374
11949203,111,162,5108,2013,0.0,2027310.0,1.289924,0.533436,ITA,NLD,030374
11949204,112,162,5108,2013,0.0,26336.0,-0.541441,-0.8448559999999999,JAM,NLD,030374
11949205,113,162,5108,2013,0.0,41880.0,0.152659,0.5889979999999999,JOR,NLD,030374
11949206,114,162,5108,2013,0.0,163539.0,2.3993130000000003,-0.564768,JPN,NLD,030374
11949207,121,162,5108,2013,2676.0,826962.0,1.818383,0.75645,KOR,NLD,030374
11949208,130,162,5108,2013,183199.0,5519322.0,0.737796,1.215543,LTU,NLD,030374
11949209,132,162,5108,2013,0.0,40969.0,0.6219439999999999,1.166749,LVA,NLD,030374
11949210,134,162,5108,2013,7037.0,0.0,-0.6494260000000001,-0.035075999999999996,MAR,NLD,030374
11949211,135,162,5108,2013,0.0,474070.0,-0.016235,0.132104,MDA,NLD,030374
11949212,140,162,5108,2013,0.0,43211.0,-0.10859400000000001,0.155229,MKD,NLD,030374
11949213,142,162,5108,2013,0.0,1911.0,0.8519760000000001,-0.075869,MLT,NLD,030374
11949214,151,162,5108,2013,0.0,24993.0,-0.158852,0.0061600000000000005,MUS,NLD,030374
11949215,153,162,5108,2013,0.0,153900.0,0.937641,0.747496,MYS,NLD,030374
11949216,154,162,5108,2013,0.0,101279.0,0.9851690000000001,-0.504069,MYT,NLD,030374
11949217,159,162,5108,2013,313312.0,35378004.0,-1.745783,-1.1356680000000001,NGA,NLD,030374
11949218,163,162,5108,2013,9480470.0,5568.0,0.892099,0.18168399999999998,NOR,NLD,030374
11949219,166,162,5108,2013,0.0,4091.0,0.3345,0.39063000000000003,NZL,NLD,030374
11949220,167,162,5108,2013,0.0,884.0,-0.604175,-1.0463209999999998,OMN,NLD,030374
11949221,177,162,5108,2013,23180.0,24615762.0,1.084332,1.216749,POL,NLD,030374
11949222,179,162,5108,2013,0.0,2716047.0,0.541454,2.5228610000000002,PRT,NLD,030374
11949223,185,162,5108,2013,139424.0,5201580.0,0.792035,1.225034,ROU,NLD,030374
11949224,186,162,5108,2013,0.0,4668619.0,0.481166,-0.180052,RUS,NLD,030374
11949225,188,162,5108,2013,0.0,1779.0,0.626347,-0.844406,SAU,NLD,030374
11949226,201,162,5108,2013,0.0,674965.0,0.5717720000000001,1.174901,SRB,NLD,030374
11949227,205,162,5108,2013,14505.0,0.0,-0.417865,-0.7600399999999999,SUR,NLD,030374
11949228,206,162,5108,2013,52447.0,210092.0,1.32064,0.7519819999999999,SVK,NLD,030374
11949229,207,162,5108,2013,0.0,387570.0,1.698374,0.563082,SVN,NLD,030374
11949230,208,162,5108,2013,168176.0,44932.0,1.869421,0.228109,SWE,NLD,030374
11949231,216,162,5108,2013,0.0,842296.0,0.8752139999999999,1.3798620000000001,THA,NLD,030374
11949232,224,162,5108,2013,0.0,51926.0,0.42932299999999995,2.690235,TUR,NLD,030374
11949233,228,162,5108,2013,0.0,3283696.0,0.657729,0.9063200000000001,UKR,NLD,030374
11949234,231,162,5108,2013,0.0,207200.0,1.6639689999999998,-0.48651300000000003,USA,NLD,030374
11949235,232,162,5108,2013,0.0,23268.0,-0.748212,-0.567268,UZB,NLD,030374
11949236,239,162,5108,2013,8040.0,0.0,-0.11426900000000001,1.399738,VNM,NLD,030374
11949237,249,162,5108,2013,0.0,280270.0,1.843186,0.9432379999999999,TWN,NLD,030374
11949238,7,163,5108,2013,0.0,43691.0,-0.074047,-0.585168,ARE,NOR,030374
11949239,9,163,5108,2013,0.0,269442.0,-0.076922,-0.5781390000000001,ARM,NOR,030374
11949240,15,163,5108,2013,0.0,44208.0,1.7209240000000001,-0.286892,AUT,NOR,030374
11949241,21,163,5108,2013,0.0,95322.0,-0.9110360000000001,-0.852492,BFA,NOR,030374
11949242,23,163,5108,2013,0.0,1954964.0,0.5026109999999999,1.674296,BGR,NOR,030374
11949243,28,163,5108,2013,0.0,1803855.0,1.036923,0.864568,BLR,NOR,030374
11949244,32,163,5108,2013,0.0,72752.0,0.14765899999999998,0.399262,BRA,NOR,030374
11949245,39,163,5108,2013,0.0,617991.0,0.719649,1.017046,CAN,NOR,030374
11949246,41,163,5108,2013,0.0,13033.0,2.2104470000000003,0.5403479999999999,CHE,NOR,030374
11949247,43,163,5108,2013,0.0,77227720.0,1.113767,1.477496,CHN,NOR,030374
11949248,44,163,5108,2013,0.0,273802.0,-0.923558,-0.866642,CIV,NOR,030374
11949249,58,163,5108,2013,0.0,19832.0,0.502238,0.349608,CYP,NOR,030374
11949250,61,163,5108,2013,0.0,1257066.0,2.093658,-3.4281980000000005,DEU,NOR,030374
11949251,64,163,5108,2013,582479.0,716227.0,1.161835,1.1788450000000001,DNK,NOR,030374
11949252,68,163,5108,2013,0.0,4438814.0,-0.17418,1.692641,EGY,NOR,030374
11949253,71,163,5108,2013,0.0,123262.0,0.861698,2.353993,ESP,NOR,030374
11949254,72,163,5108,2013,0.0,641971.0,0.8828940000000001,1.386574,EST,NOR,030374
11949255,74,163,5108,2013,0.0,2872.0,1.734552,0.8896940000000001,FIN,NOR,030374
11949256,77,163,5108,2013,0.0,302298.0,1.520354,0.022874000000000002,FRA,NOR,030374
11949257,78,163,5108,2013,0.0,68126.0,-0.370701,-0.815466,FRO,NOR,030374
11949258,80,163,5108,2013,0.0,803362.0,-1.6582830000000002,-1.155302,GAB,NOR,030374
11949259,81,163,5108,2013,0.0,1896596.0,1.7901259999999999,0.44164,GBR,NOR,030374
11949260,82,163,5108,2013,0.0,3513663.0,-0.160691,-0.393419,GEO,NOR,030374
11949261,83,163,5108,2013,0.0,2572074.0,-0.7316010000000001,-0.5327689999999999,GHA,NOR,030374
11949262,90,163,5108,2013,0.0,33664.0,0.18823800000000002,0.910906,GRC,NOR,030374
11949263,97,163,5108,2013,0.0,465271.0,0.744383,1.923139,HKG,NOR,030374
11949264,102,163,5108,2013,0.0,54681.0,1.506101,0.7279220000000001,HUN,NOR,030374
11949265,103,163,5108,2013,0.0,2896900.0,-0.216854,1.415728,IDN,NOR,030374
11949266,110,163,5108,2013,0.0,1840382.0,1.197241,0.633828,ISR,NOR,030374
11949267,111,163,5108,2013,0.0,76602.0,1.289924,0.533436,ITA,NOR,030374
11949268,112,163,5108,2013,0.0,64346.0,-0.541441,-0.8448559999999999,JAM,NOR,030374
11949269,113,163,5108,2013,0.0,373027.0,0.152659,0.5889979999999999,JOR,NOR,030374
11949270,114,163,5108,2013,0.0,98117160.0,2.3993130000000003,-0.564768,JPN,NOR,030374
11949271,115,163,5108,2013,0.0,1023426.0,-0.680678,-0.83347,KAZ,NOR,030374
11949272,117,163,5108,2013,0.0,73239.0,-0.1035,0.339914,KGZ,NOR,030374
11949273,121,163,5108,2013,0.0,28452460.0,1.818383,0.75645,KOR,NOR,030374
11949274,130,163,5108,2013,0.0,12557279.0,0.737796,1.215543,LTU,NOR,030374
11949275,132,163,5108,2013,0.0,2266579.0,0.6219439999999999,1.166749,LVA,NOR,030374
11949276,135,163,5108,2013,0.0,511296.0,-0.016235,0.132104,MDA,NOR,030374
11949277,138,163,5108,2013,0.0,11970.0,1.048507,0.718932,MEX,NOR,030374
11949278,140,163,5108,2013,0.0,21675.0,-0.10859400000000001,0.155229,MKD,NOR,030374
11949279,143,163,5108,2013,0.0,152945.0,-1.230787,-0.737375,MMR,NOR,030374
11949280,153,163,5108,2013,0.0,384991.0,0.937641,0.747496,MYS,NOR,030374
11949281,159,163,5108,2013,466638.0,7014924.0,-1.745783,-1.1356680000000001,NGA,NOR,030374
11949282,162,163,5108,2013,5568.0,9480470.0,1.184107,1.249557,NLD,NOR,030374
11949283,169,163,5108,2013,0.0,93022.0,0.735637,1.161718,PAN,NOR,030374
11949284,174,163,5108,2013,0.0,93913.0,0.507868,0.355403,PHL,NOR,030374
11949285,177,163,5108,2013,0.0,10090408.0,1.084332,1.216749,POL,NOR,030374
11949286,185,163,5108,2013,0.0,1322398.0,0.792035,1.225034,ROU,NOR,030374
11949287,186,163,5108,2013,16747.0,20572676.0,0.481166,-0.180052,RUS,NOR,030374
11949288,192,163,5108,2013,0.0,3150724.0,1.915504,0.619576,SGP,NOR,030374
11949289,201,163,5108,2013,0.0,48108.0,0.5717720000000001,1.174901,SRB,NOR,030374
11949290,208,163,5108,2013,0.0,2948574.0,1.869421,0.228109,SWE,NOR,030374
11949291,211,163,5108,2013,0.0,169152.0,0.270999,-0.474095,SYC,NOR,030374
11949292,216,163,5108,2013,0.0,8541461.0,0.8752139999999999,1.3798620000000001,THA,NOR,030374
11949293,224,163,5108,2013,0.0,25243790.0,0.42932299999999995,2.690235,TUR,NOR,030374
11949294,228,163,5108,2013,0.0,17079814.0,0.657729,0.9063200000000001,UKR,NOR,030374
11949295,231,163,5108,2013,0.0,9743826.0,1.6639689999999998,-0.48651300000000003,USA,NOR,030374
11949296,232,163,5108,2013,0.0,69151.0,-0.748212,-0.567268,UZB,NOR,030374
11949297,239,163,5108,2013,0.0,5844429.0,-0.11426900000000001,1.399738,VNM,NOR,030374
11949298,246,163,5108,2013,0.0,260126.0,0.380284,1.5682120000000002,ZAF,NOR,030374
11949299,249,163,5108,2013,0.0,9518564.0,1.843186,0.9432379999999999,TWN,NOR,030374
11949300,2,166,5108,2013,0.0,3564809.0,-1.172043,-1.133735,AGO,NZL,030374
11949301,14,166,5108,2013,0.0,1869726.0,-0.31145700000000004,-0.167628,AUS,NZL,030374
11949302,34,166,5108,2013,0.0,11915.0,-0.866827,-0.795995,BRN,NZL,030374
11949303,43,166,5108,2013,0.0,1479338.0,1.113767,1.477496,CHN,NZL,030374
11949304,44,166,5108,2013,0.0,20792.0,-0.923558,-0.866642,CIV,NZL,030374
11949305,45,166,5108,2013,0.0,2158074.0,-0.901531,-1.027111,CMR,NZL,030374
11949306,75,166,5108,2013,9226.0,1041866.0,-0.5203369999999999,-0.122405,FJI,NZL,030374
11949307,77,166,5108,2013,0.0,1225.0,1.520354,0.022874000000000002,FRA,NZL,030374
11949308,82,166,5108,2013,0.0,78329.0,-0.160691,-0.393419,GEO,NZL,030374
11949309,104,166,5108,2013,7818.0,0.0,0.215356,2.3916209999999998,IND,NZL,030374
11949310,107,166,5108,2013,0.0,1022064.0,-0.339172,-0.237114,IRN,NZL,030374
11949311,111,166,5108,2013,0.0,20282.0,1.289924,0.533436,ITA,NZL,030374
11949312,114,166,5108,2013,6288.0,0.0,2.3993130000000003,-0.564768,JPN,NZL,030374
11949313,116,166,5108,2013,0.0,85114.0,-0.448112,0.8672719999999999,KEN,NZL,030374
11949314,121,166,5108,2013,28457.0,0.0,1.818383,0.75645,KOR,NZL,030374
11949315,130,166,5108,2013,0.0,1342.0,0.737796,1.215543,LTU,NZL,030374
11949316,159,166,5108,2013,0.0,873902.0,-1.745783,-1.1356680000000001,NGA,NZL,030374
11949317,162,166,5108,2013,4091.0,0.0,1.184107,1.249557,NLD,NZL,030374
11949318,173,166,5108,2013,0.0,19774.0,-0.573852,0.357977,PER,NZL,030374
11949319,174,166,5108,2013,0.0,127728.0,0.507868,0.355403,PHL,NZL,030374
11949320,186,166,5108,2013,0.0,298341.0,0.481166,-0.180052,RUS,NZL,030374
11949321,216,166,5108,2013,211585.0,0.0,0.8752139999999999,1.3798620000000001,THA,NZL,030374
11949322,228,166,5108,2013,0.0,1835983.0,0.657729,0.9063200000000001,UKR,NZL,030374
11949323,231,166,5108,2013,6264.0,0.0,1.6639689999999998,-0.48651300000000003,USA,NZL,030374
11949324,239,166,5108,2013,0.0,6362.0,-0.11426900000000001,1.399738,VNM,NZL,030374
11949325,240,166,5108,2013,0.0,1111.0,-0.6548689999999999,-0.811184,VUT,NZL,030374
11949326,24,169,5108,2013,3580.0,0.0,0.249681,-0.6204270000000001,BHR,PAN,030374
11949327,43,169,5108,2013,92841.0,0.0,1.113767,1.477496,CHN,PAN,030374
11949328,67,169,5108,2013,0.0,28825.0,-0.86546,-0.8888389999999999,ECU,PAN,030374
11949329,71,169,5108,2013,1800.0,0.0,0.861698,2.353993,ESP,PAN,030374
11949330,82,169,5108,2013,0.0,81243.0,-0.160691,-0.393419,GEO,PAN,030374
11949331,121,169,5108,2013,99953.0,0.0,1.818383,0.75645,KOR,PAN,030374
11949332,155,169,5108,2013,0.0,9899.0,-0.308643,-0.480617,NAM,PAN,030374
11949333,159,169,5108,2013,0.0,696760.0,-1.745783,-1.1356680000000001,NGA,PAN,030374
11949334,163,169,5108,2013,93022.0,0.0,0.892099,0.18168399999999998,NOR,PAN,030374
11949335,173,169,5108,2013,88379.0,0.0,-0.573852,0.357977,PER,PAN,030374
11949336,228,169,5108,2013,4739.0,0.0,0.657729,0.9063200000000001,UKR,PAN,030374
11949337,231,169,5108,2013,0.0,1722.0,1.6639689999999998,-0.48651300000000003,USA,PAN,030374
11949338,8,173,5108,2013,619939.0,0.0,0.20314300000000002,0.494062,ARG,PER,030374
11949339,21,173,5108,2013,0.0,56332.0,-0.9110360000000001,-0.852492,BFA,PER,030374
11949340,23,173,5108,2013,0.0,154821.0,0.5026109999999999,1.674296,BGR,PER,030374
11949341,32,173,5108,2013,0.0,1798588.0,0.14765899999999998,0.399262,BRA,PER,030374
11949342,42,173,5108,2013,178836.0,0.0,-0.260718,-0.38256100000000004,CHL,PER,030374
11949343,43,173,5108,2013,79072.0,0.0,1.113767,1.477496,CHN,PER,030374
11949344,67,173,5108,2013,328482.0,0.0,-0.86546,-0.8888389999999999,ECU,PER,030374
11949345,68,173,5108,2013,0.0,241858.0,-0.17418,1.692641,EGY,PER,030374
11949346,71,173,5108,2013,36699.0,25646.0,0.861698,2.353993,ESP,PER,030374
11949347,77,173,5108,2013,0.0,25532.0,1.520354,0.022874000000000002,FRA,PER,030374
11949348,83,173,5108,2013,0.0,30964.0,-0.7316010000000001,-0.5327689999999999,GHA,PER,030374
11949349,114,173,5108,2013,15629.0,0.0,2.3993130000000003,-0.564768,JPN,PER,030374
11949350,153,173,5108,2013,0.0,34763.0,0.937641,0.747496,MYS,PER,030374
11949351,159,173,5108,2013,164262.0,1127747.0,-1.745783,-1.1356680000000001,NGA,PER,030374
11949352,166,173,5108,2013,19774.0,0.0,0.3345,0.39063000000000003,NZL,PER,030374
11949353,169,173,5108,2013,0.0,88379.0,0.735637,1.161718,PAN,PER,030374
11949354,174,173,5108,2013,0.0,38458.0,0.507868,0.355403,PHL,PER,030374
11949355,207,173,5108,2013,0.0,13299.0,1.698374,0.563082,SVN,PER,030374
11949356,231,173,5108,2013,100446.0,39948.0,1.6639689999999998,-0.48651300000000003,USA,PER,030374
11949357,39,174,5108,2013,0.0,39520.0,0.719649,1.017046,CAN,PHL,030374
11949358,43,174,5108,2013,49050796.0,0.0,1.113767,1.477496,CHN,PHL,030374
11949359,75,174,5108,2013,33471.0,0.0,-0.5203369999999999,-0.122405,FJI,PHL,030374
11949360,77,174,5108,2013,3303.0,0.0,1.520354,0.022874000000000002,FRA,PHL,030374
11949361,103,174,5108,2013,57912.0,0.0,-0.216854,1.415728,IDN,PHL,030374
11949362,114,174,5108,2013,10774933.0,536889.0,2.3993130000000003,-0.564768,JPN,PHL,030374
11949363,121,174,5108,2013,1309143.0,1475.0,1.818383,0.75645,KOR,PHL,030374
11949364,138,174,5108,2013,65160.0,250824.0,1.048507,0.718932,MEX,PHL,030374
11949365,153,174,5108,2013,185057.0,0.0,0.937641,0.747496,MYS,PHL,030374
11949366,163,174,5108,2013,93913.0,0.0,0.892099,0.18168399999999998,NOR,PHL,030374
11949367,166,174,5108,2013,127728.0,0.0,0.3345,0.39063000000000003,NZL,PHL,030374
11949368,168,174,5108,2013,49104.0,0.0,-0.75727,0.769703,PAK,PHL,030374
11949369,173,174,5108,2013,38458.0,0.0,-0.573852,0.357977,PER,PHL,030374
11949370,231,174,5108,2013,497528.0,1459515.0,1.6639689999999998,-0.48651300000000003,USA,PHL,030374
11949371,239,174,5108,2013,3071381.0,0.0,-0.11426900000000001,1.399738,VNM,PHL,030374
11949372,249,174,5108,2013,360566.0,0.0,1.843186,0.9432379999999999,TWN,PHL,030374
11949373,15,177,5108,2013,1908.0,6748.0,1.7209240000000001,-0.286892,AUT,POL,030374
11949374,23,177,5108,2013,0.0,530844.0,0.5026109999999999,1.674296,BGR,POL,030374
11949375,43,177,5108,2013,164115.0,0.0,1.113767,1.477496,CHN,POL,030374
11949376,59,177,5108,2013,2517.0,436846.0,1.819653,-0.12423800000000002,CZE,POL,030374
11949377,61,177,5108,2013,6878354.0,2519761.0,2.093658,-3.4281980000000005,DEU,POL,030374
11949378,64,177,5108,2013,3576598.0,366764.0,1.161835,1.1788450000000001,DNK,POL,030374
11949379,71,177,5108,2013,166821.0,0.0,0.861698,2.353993,ESP,POL,030374
11949380,72,177,5108,2013,800991.0,114251.0,0.8828940000000001,1.386574,EST,POL,030374
11949381,78,177,5108,2013,15560966.0,0.0,-0.370701,-0.815466,FRO,POL,030374
11949382,81,177,5108,2013,4674924.0,0.0,1.7901259999999999,0.44164,GBR,POL,030374
11949383,92,177,5108,2013,1042815.0,0.0,-0.801617,-0.8734120000000001,GRL,POL,030374
11949384,106,177,5108,2013,1663734.0,0.0,1.29988,0.240688,IRL,POL,030374
11949385,109,177,5108,2013,863980.0,0.0,0.259374,-0.20413299999999998,ISL,POL,030374
11949386,111,177,5108,2013,0.0,59567.0,1.289924,0.533436,ITA,POL,030374
11949387,130,177,5108,2013,51261.0,455022.0,0.737796,1.215543,LTU,POL,030374
11949388,132,177,5108,2013,0.0,4818.0,0.6219439999999999,1.166749,LVA,POL,030374
11949389,135,177,5108,2013,0.0,328836.0,-0.016235,0.132104,MDA,POL,030374
11949390,162,177,5108,2013,24615762.0,23180.0,1.184107,1.249557,NLD,POL,030374
11949391,163,177,5108,2013,10090408.0,0.0,0.892099,0.18168399999999998,NOR,POL,030374
11949392,185,177,5108,2013,85255.0,3438821.0,0.792035,1.225034,ROU,POL,030374
11949393,201,177,5108,2013,0.0,414123.0,0.5717720000000001,1.174901,SRB,POL,030374
11949394,206,177,5108,2013,27690.0,6182.0,1.32064,0.7519819999999999,SVK,POL,030374
11949395,208,177,5108,2013,375762.0,0.0,1.869421,0.228109,SWE,POL,030374
11949396,224,177,5108,2013,0.0,12493.0,0.42932299999999995,2.690235,TUR,POL,030374
11949397,228,177,5108,2013,0.0,329932.0,0.657729,0.9063200000000001,UKR,POL,030374
11949398,2,179,5108,2013,0.0,49621.0,-1.172043,-1.133735,AGO,PRT,030374
11949399,4,179,5108,2013,0.0,15832.0,-0.53682,-0.162391,ALB,PRT,030374
11949400,18,179,5108,2013,0.0,5459.0,1.316207,0.972601,BEL,PRT,030374
11949401,23,179,5108,2013,0.0,63432.0,0.5026109999999999,1.674296,BGR,PRT,030374
11949402,39,179,5108,2013,0.0,259726.0,0.719649,1.017046,CAN,PRT,030374
11949403,41,179,5108,2013,0.0,17205.0,2.2104470000000003,0.5403479999999999,CHE,PRT,030374
11949404,44,179,5108,2013,0.0,77611.0,-0.923558,-0.866642,CIV,PRT,030374
11949405,45,179,5108,2013,0.0,14623.0,-0.901531,-1.027111,CMR,PRT,030374
11949406,58,179,5108,2013,0.0,18081.0,0.502238,0.349608,CYP,PRT,030374
11949407,61,179,5108,2013,1978.0,11626.0,2.093658,-3.4281980000000005,DEU,PRT,030374
11949408,64,179,5108,2013,3698.0,5520.0,1.161835,1.1788450000000001,DNK,PRT,030374
11949409,71,179,5108,2013,2310836.0,8666251.0,0.861698,2.353993,ESP,PRT,030374
11949410,77,179,5108,2013,477183.0,275462.0,1.520354,0.022874000000000002,FRA,PRT,030374
11949411,106,179,5108,2013,181555.0,0.0,1.29988,0.240688,IRL,PRT,030374
11949412,109,179,5108,2013,4777480.0,0.0,0.259374,-0.20413299999999998,ISL,PRT,030374
11949413,111,179,5108,2013,0.0,35947.0,1.289924,0.533436,ITA,PRT,030374
11949414,134,179,5108,2013,423361.0,468469.0,-0.6494260000000001,-0.035075999999999996,MAR,PRT,030374
11949415,142,179,5108,2013,0.0,711894.0,0.8519760000000001,-0.075869,MLT,PRT,030374
11949416,156,179,5108,2013,0.0,11557.0,-0.136052,-0.703913,NCL,PRT,030374
11949417,162,179,5108,2013,2716047.0,0.0,1.184107,1.249557,NLD,PRT,030374
11949418,223,179,5108,2013,0.0,203167.0,0.185528,1.0070700000000001,TUN,PRT,030374
11949419,224,179,5108,2013,0.0,1761964.0,0.42932299999999995,2.690235,TUR,PRT,030374
11949420,228,179,5108,2013,0.0,5983.0,0.657729,0.9063200000000001,UKR,PRT,030374
11949421,231,179,5108,2013,0.0,39239.0,1.6639689999999998,-0.48651300000000003,USA,PRT,030374
11949422,246,179,5108,2013,0.0,6842.0,0.380284,1.5682120000000002,ZAF,PRT,030374
11949423,7,183,5108,2013,38662.0,0.0,-0.074047,-0.585168,ARE,QAT,030374
11949424,43,183,5108,2013,18712.0,0.0,1.113767,1.477496,CHN,QAT,030374
11949425,7,188,5108,2013,0.0,29786.0,-0.074047,-0.585168,ARE,SAU,030374
11949426,24,188,5108,2013,90784.0,267380.0,0.249681,-0.6204270000000001,BHR,SAU,030374
11949427,43,188,5108,2013,365270.0,0.0,1.113767,1.477496,CHN,SAU,030374
11949428,71,188,5108,2013,73304.0,0.0,0.861698,2.353993,ESP,SAU,030374
11949429,103,188,5108,2013,0.0,655053.0,-0.216854,1.415728,IDN,SAU,030374
11949430,121,188,5108,2013,266349.0,0.0,1.818383,0.75645,KOR,SAU,030374
11949431,153,188,5108,2013,0.0,152116.0,0.937641,0.747496,MYS,SAU,030374
11949432,159,188,5108,2013,0.0,108710.0,-1.745783,-1.1356680000000001,NGA,SAU,030374
11949433,162,188,5108,2013,1779.0,0.0,1.184107,1.249557,NLD,SAU,030374
11949434,167,188,5108,2013,2951.0,0.0,-0.604175,-1.0463209999999998,OMN,SAU,030374
11949435,168,188,5108,2013,29820.0,0.0,-0.75727,0.769703,PAK,SAU,030374
11949436,239,188,5108,2013,24593.0,0.0,-0.11426900000000001,1.399738,VNM,SAU,030374
11949437,243,188,5108,2013,0.0,324221.0,-1.252605,-1.207324,YEM,SAU,030374
11949438,249,188,5108,2013,1136172.0,0.0,1.843186,0.9432379999999999,TWN,SAU,030374
11949439,7,192,5108,2013,8214.0,0.0,-0.074047,-0.585168,ARE,SGP,030374
11949440,14,192,5108,2013,0.0,5529.0,-0.31145700000000004,-0.167628,AUS,SGP,030374
11949441,34,192,5108,2013,0.0,182675.0,-0.866827,-0.795995,BRN,SGP,030374
11949442,43,192,5108,2013,1469641.0,0.0,1.113767,1.477496,CHN,SGP,030374
11949443,61,192,5108,2013,110098.0,0.0,2.093658,-3.4281980000000005,DEU,SGP,030374
11949444,64,192,5108,2013,69099.0,0.0,1.161835,1.1788450000000001,DNK,SGP,030374
11949445,81,192,5108,2013,327892.0,0.0,1.7901259999999999,0.44164,GBR,SGP,030374
11949446,97,192,5108,2013,5773.0,20670.0,0.744383,1.923139,HKG,SGP,030374
11949447,103,192,5108,2013,685303.0,95352.0,-0.216854,1.415728,IDN,SGP,030374
11949448,104,192,5108,2013,342916.0,0.0,0.215356,2.3916209999999998,IND,SGP,030374
11949449,106,192,5108,2013,133932.0,0.0,1.29988,0.240688,IRL,SGP,030374
11949450,109,192,5108,2013,258784.0,0.0,0.259374,-0.20413299999999998,ISL,SGP,030374
11949451,114,192,5108,2013,436322.0,0.0,2.3993130000000003,-0.564768,JPN,SGP,030374
11949452,121,192,5108,2013,446442.0,0.0,1.818383,0.75645,KOR,SGP,030374
11949453,138,192,5108,2013,94637.0,0.0,1.048507,0.718932,MEX,SGP,030374
11949454,143,192,5108,2013,1248.0,2114.0,-1.230787,-0.737375,MMR,SGP,030374
11949455,153,192,5108,2013,181817.0,670751.0,0.937641,0.747496,MYS,SGP,030374
11949456,159,192,5108,2013,0.0,10777.0,-1.745783,-1.1356680000000001,NGA,SGP,030374
11949457,163,192,5108,2013,3150724.0,0.0,0.892099,0.18168399999999998,NOR,SGP,030374
11949458,167,192,5108,2013,0.0,26704.0,-0.604175,-1.0463209999999998,OMN,SGP,030374
11949459,168,192,5108,2013,37482.0,0.0,-0.75727,0.769703,PAK,SGP,030374
11949460,216,192,5108,2013,120202.0,0.0,0.8752139999999999,1.3798620000000001,THA,SGP,030374
11949461,220,192,5108,2013,0.0,146937.0,-0.376633,-0.73677,TLS,SGP,030374
11949462,231,192,5108,2013,257566.0,0.0,1.6639689999999998,-0.48651300000000003,USA,SGP,030374
11949463,239,192,5108,2013,41366.0,0.0,-0.11426900000000001,1.399738,VNM,SGP,030374
11949464,246,192,5108,2013,14994.0,0.0,0.380284,1.5682120000000002,ZAF,SGP,030374
11949465,249,192,5108,2013,72435.0,196324.0,1.843186,0.9432379999999999,TWN,SGP,030374
11949466,33,205,5108,2013,0.0,102545.0,0.6969489999999999,0.135283,BRB,SUR,030374
11949467,43,205,5108,2013,428957.0,0.0,1.113767,1.477496,CHN,SUR,030374
11949468,77,205,5108,2013,0.0,1719.0,1.520354,0.022874000000000002,FRA,SUR,030374
11949469,103,205,5108,2013,15997.0,0.0,-0.216854,1.415728,IDN,SUR,030374
11949470,112,205,5108,2013,0.0,28434.0,-0.541441,-0.8448559999999999,JAM,SUR,030374
11949471,121,205,5108,2013,687675.0,0.0,1.818383,0.75645,KOR,SUR,030374
11949472,162,205,5108,2013,0.0,14505.0,1.184107,1.249557,NLD,SUR,030374
11949473,222,205,5108,2013,0.0,21909.0,-0.280641,-1.083332,TTO,SUR,030374
11949474,15,206,5108,2013,1033.0,0.0,1.7209240000000001,-0.286892,AUT,SVK,030374
11949475,59,206,5108,2013,155193.0,46127.0,1.819653,-0.12423800000000002,CZE,SVK,030374
11949476,61,206,5108,2013,9864.0,0.0,2.093658,-3.4281980000000005,DEU,SVK,030374
11949477,71,206,5108,2013,1212.0,0.0,0.861698,2.353993,ESP,SVK,030374
11949478,72,206,5108,2013,56404.0,0.0,0.8828940000000001,1.386574,EST,SVK,030374
11949479,81,206,5108,2013,44735.0,0.0,1.7901259999999999,0.44164,GBR,SVK,030374
11949480,106,206,5108,2013,278451.0,0.0,1.29988,0.240688,IRL,SVK,030374
11949481,162,206,5108,2013,210092.0,52447.0,1.184107,1.249557,NLD,SVK,030374
11949482,177,206,5108,2013,6182.0,27690.0,1.084332,1.216749,POL,SVK,030374
11949483,185,206,5108,2013,1209234.0,0.0,0.792035,1.225034,ROU,SVK,030374
11949484,250,206,5108,2013,101565.0,0.0,0.628555,0.277602,ANS,SVK,030374
11949485,15,208,5108,2013,2585.0,0.0,1.7209240000000001,-0.286892,AUT,SWE,030374
11949486,18,208,5108,2013,2800.0,0.0,1.316207,0.972601,BEL,SWE,030374
11949487,23,208,5108,2013,258942.0,96096.0,0.5026109999999999,1.674296,BGR,SWE,030374
11949488,61,208,5108,2013,11714.0,222008.0,2.093658,-3.4281980000000005,DEU,SWE,030374
11949489,64,208,5108,2013,482865.0,174672.0,1.161835,1.1788450000000001,DNK,SWE,030374
11949490,71,208,5108,2013,0.0,350664.0,0.861698,2.353993,ESP,SWE,030374
11949491,72,208,5108,2013,0.0,476235.0,0.8828940000000001,1.386574,EST,SWE,030374
11949492,74,208,5108,2013,0.0,4876.0,1.734552,0.8896940000000001,FIN,SWE,030374
11949493,77,208,5108,2013,1013.0,125005.0,1.520354,0.022874000000000002,FRA,SWE,030374
11949494,81,208,5108,2013,2729538.0,0.0,1.7901259999999999,0.44164,GBR,SWE,030374
11949495,90,208,5108,2013,826.0,0.0,0.18823800000000002,0.910906,GRC,SWE,030374
11949496,106,208,5108,2013,132923.0,0.0,1.29988,0.240688,IRL,SWE,030374
11949497,109,208,5108,2013,102697.0,0.0,0.259374,-0.20413299999999998,ISL,SWE,030374
11949498,111,208,5108,2013,0.0,95006.0,1.289924,0.533436,ITA,SWE,030374
11949499,130,208,5108,2013,0.0,31515.0,0.737796,1.215543,LTU,SWE,030374
11949500,159,208,5108,2013,0.0,180088.0,-1.745783,-1.1356680000000001,NGA,SWE,030374
11949501,162,208,5108,2013,44932.0,168176.0,1.184107,1.249557,NLD,SWE,030374
11949502,163,208,5108,2013,2948574.0,0.0,0.892099,0.18168399999999998,NOR,SWE,030374
11949503,177,208,5108,2013,0.0,375762.0,1.084332,1.216749,POL,SWE,030374
11949504,185,208,5108,2013,0.0,1730922.0,0.792035,1.225034,ROU,SWE,030374
11949505,7,216,5108,2013,0.0,4673.0,-0.074047,-0.585168,ARE,THA,030374
11949506,14,216,5108,2013,0.0,10206.0,-0.31145700000000004,-0.167628,AUS,THA,030374
11949507,24,216,5108,2013,0.0,31622.0,0.249681,-0.6204270000000001,BHR,THA,030374
11949508,39,216,5108,2013,113518.0,7182.0,0.719649,1.017046,CAN,THA,030374
11949509,41,216,5108,2013,0.0,39383.0,2.2104470000000003,0.5403479999999999,CHE,THA,030374
11949510,42,216,5108,2013,34897.0,0.0,-0.260718,-0.38256100000000004,CHL,THA,030374
11949511,43,216,5108,2013,14846891.0,0.0,1.113767,1.477496,CHN,THA,030374
11949512,77,216,5108,2013,31544.0,0.0,1.520354,0.022874000000000002,FRA,THA,030374
11949513,78,216,5108,2013,87729.0,0.0,-0.370701,-0.815466,FRO,THA,030374
11949514,81,216,5108,2013,111383.0,0.0,1.7901259999999999,0.44164,GBR,THA,030374
11949515,97,216,5108,2013,0.0,85199.0,0.744383,1.923139,HKG,THA,030374
11949516,103,216,5108,2013,47613.0,0.0,-0.216854,1.415728,IDN,THA,030374
11949517,104,216,5108,2013,24790790.0,0.0,0.215356,2.3916209999999998,IND,THA,030374
11949518,106,216,5108,2013,377602.0,0.0,1.29988,0.240688,IRL,THA,030374
11949519,109,216,5108,2013,250648.0,0.0,0.259374,-0.20413299999999998,ISL,THA,030374
11949520,114,216,5108,2013,25673438.0,69352.0,2.3993130000000003,-0.564768,JPN,THA,030374
11949521,121,216,5108,2013,2069593.0,13814.0,1.818383,0.75645,KOR,THA,030374
11949522,122,216,5108,2013,0.0,117551.0,-0.536384,-1.08382,KWT,THA,030374
11949523,128,216,5108,2013,0.0,53387.0,-0.6521779999999999,0.41258599999999995,LKA,THA,030374
11949524,138,216,5108,2013,128361.0,0.0,1.048507,0.718932,MEX,THA,030374
11949525,153,216,5108,2013,863868.0,59045.0,0.937641,0.747496,MYS,THA,030374
11949526,162,216,5108,2013,842296.0,0.0,1.184107,1.249557,NLD,THA,030374
11949527,163,216,5108,2013,8541461.0,0.0,0.892099,0.18168399999999998,NOR,THA,030374
11949528,166,216,5108,2013,0.0,211585.0,0.3345,0.39063000000000003,NZL,THA,030374
11949529,167,216,5108,2013,36729.0,24531.0,-0.604175,-1.0463209999999998,OMN,THA,030374
11949530,168,216,5108,2013,698005.0,0.0,-0.75727,0.769703,PAK,THA,030374
11949531,192,216,5108,2013,0.0,120202.0,1.915504,0.619576,SGP,THA,030374
11949532,231,216,5108,2013,5529.0,320000.0,1.6639689999999998,-0.48651300000000003,USA,THA,030374
11949533,239,216,5108,2013,0.0,43148.0,-0.11426900000000001,1.399738,VNM,THA,030374
11949534,243,216,5108,2013,48254.0,0.0,-1.252605,-1.207324,YEM,THA,030374
11949535,249,216,5108,2013,367992.0,0.0,1.843186,0.9432379999999999,TWN,THA,030374
11949536,250,216,5108,2013,45079.0,18227.0,0.628555,0.277602,ANS,THA,030374
11949537,96,222,5108,2013,151187.0,0.0,-0.8555590000000001,-0.9744450000000001,GUY,TTO,030374
11949538,205,222,5108,2013,21909.0,0.0,-0.417865,-0.7600399999999999,SUR,TTO,030374
11949539,231,222,5108,2013,103846.0,0.0,1.6639689999999998,-0.48651300000000003,USA,TTO,030374
11949540,41,224,5108,2013,0.0,3397.0,2.2104470000000003,0.5403479999999999,CHE,TUR,030374
11949541,43,224,5108,2013,54379.0,0.0,1.113767,1.477496,CHN,TUR,030374
11949542,58,224,5108,2013,0.0,20698.0,0.502238,0.349608,CYP,TUR,030374
11949543,61,224,5108,2013,7370.0,0.0,2.093658,-3.4281980000000005,DEU,TUR,030374
11949544,80,224,5108,2013,0.0,14373.0,-1.6582830000000002,-1.155302,GAB,TUR,030374
11949545,82,224,5108,2013,0.0,536545.0,-0.160691,-0.393419,GEO,TUR,030374
11949546,108,224,5108,2013,0.0,48264.0,-2.839079,-0.8705440000000001,IRQ,TUR,030374
11949547,109,224,5108,2013,177790.0,0.0,0.259374,-0.20413299999999998,ISL,TUR,030374
11949548,134,224,5108,2013,2221177.0,0.0,-0.6494260000000001,-0.035075999999999996,MAR,TUR,030374
11949549,162,224,5108,2013,51926.0,0.0,1.184107,1.249557,NLD,TUR,030374
11949550,163,224,5108,2013,25243790.0,0.0,0.892099,0.18168399999999998,NOR,TUR,030374
11949551,177,224,5108,2013,12493.0,0.0,1.084332,1.216749,POL,TUR,030374
11949552,179,224,5108,2013,1761964.0,0.0,0.541454,2.5228610000000002,PRT,TUR,030374
11949553,219,224,5108,2013,0.0,11823.0,-1.6186770000000001,-1.2210969999999999,TKM,TUR,030374
11949554,39,228,5108,2013,103089.0,0.0,0.719649,1.017046,CAN,UKR,030374
11949555,43,228,5108,2013,170970.0,0.0,1.113767,1.477496,CHN,UKR,030374
11949556,61,228,5108,2013,466167.0,0.0,2.093658,-3.4281980000000005,DEU,UKR,030374
11949557,64,228,5108,2013,28656.0,0.0,1.161835,1.1788450000000001,DNK,UKR,030374
11949558,67,228,5108,2013,146845.0,0.0,-0.86546,-0.8888389999999999,ECU,UKR,030374
11949559,71,228,5108,2013,104240.0,0.0,0.861698,2.353993,ESP,UKR,030374
11949560,77,228,5108,2013,485434.0,0.0,1.520354,0.022874000000000002,FRA,UKR,030374
11949561,78,228,5108,2013,2181636.0,0.0,-0.370701,-0.815466,FRO,UKR,030374
11949562,81,228,5108,2013,12075763.0,0.0,1.7901259999999999,0.44164,GBR,UKR,030374
11949563,106,228,5108,2013,1622391.0,0.0,1.29988,0.240688,IRL,UKR,030374
11949564,109,228,5108,2013,16761955.0,0.0,0.259374,-0.20413299999999998,ISL,UKR,030374
11949565,114,228,5108,2013,527726.0,0.0,2.3993130000000003,-0.564768,JPN,UKR,030374
11949566,130,228,5108,2013,6331338.0,0.0,0.737796,1.215543,LTU,UKR,030374
11949567,134,228,5108,2013,16591.0,0.0,-0.6494260000000001,-0.035075999999999996,MAR,UKR,030374
11949568,148,228,5108,2013,7718.0,0.0,-1.950532,-1.283104,MRT,UKR,030374
11949569,162,228,5108,2013,3283696.0,0.0,1.184107,1.249557,NLD,UKR,030374
11949570,163,228,5108,2013,17079814.0,0.0,0.892099,0.18168399999999998,NOR,UKR,030374
11949571,166,228,5108,2013,1835983.0,0.0,0.3345,0.39063000000000003,NZL,UKR,030374
11949572,169,228,5108,2013,0.0,4739.0,0.735637,1.161718,PAN,UKR,030374
11949573,177,228,5108,2013,329932.0,0.0,1.084332,1.216749,POL,UKR,030374
11949574,179,228,5108,2013,5983.0,0.0,0.541454,2.5228610000000002,PRT,UKR,030374
11949575,231,228,5108,2013,28116.0,0.0,1.6639689999999998,-0.48651300000000003,USA,UKR,030374
11949576,249,228,5108,2013,406087.0,0.0,1.843186,0.9432379999999999,TWN,UKR,030374
11949577,83,230,5108,2013,0.0,72475.0,-0.7316010000000001,-0.5327689999999999,GHA,URY,030374
11949578,159,230,5108,2013,128079.0,1013499.0,-1.745783,-1.1356680000000001,NGA,URY,030374
11949579,0,231,5108,2013,0.0,4468.0,0.913235,-0.149061,ABW,USA,030374
11949580,2,231,5108,2013,0.0,2726606.0,-1.172043,-1.133735,AGO,USA,030374
11949581,8,231,5108,2013,51153.0,0.0,0.20314300000000002,0.494062,ARG,USA,030374
11949582,14,231,5108,2013,0.0,245308.0,-0.31145700000000004,-0.167628,AUS,USA,030374
11949583,23,231,5108,2013,0.0,172212.0,0.5026109999999999,1.674296,BGR,USA,030374
11949584,25,231,5108,2013,0.0,11072.0,0.756732,-0.369842,BHS,USA,030374
11949585,30,231,5108,2013,0.0,6803.0,1.087677,-0.452984,BMU,USA,030374
11949586,39,231,5108,2013,1175007.0,925234.0,0.719649,1.017046,CAN,USA,030374
11949587,43,231,5108,2013,270092.0,33386.0,1.113767,1.477496,CHN,USA,030374
11949588,57,231,5108,2013,0.0,5704.0,0.391996,-0.73249,CYM,USA,030374
11949589,61,231,5108,2013,320143.0,0.0,2.093658,-3.4281980000000005,DEU,USA,030374
11949590,64,231,5108,2013,52200.0,0.0,1.161835,1.1788450000000001,DNK,USA,030374
11949591,67,231,5108,2013,83335.0,4724.0,-0.86546,-0.8888389999999999,ECU,USA,030374
11949592,68,231,5108,2013,0.0,906330.0,-0.17418,1.692641,EGY,USA,030374
11949593,71,231,5108,2013,72971.0,0.0,0.861698,2.353993,ESP,USA,030374
11949594,77,231,5108,2013,0.0,326189.0,1.520354,0.022874000000000002,FRA,USA,030374
11949595,78,231,5108,2013,85841.0,0.0,-0.370701,-0.815466,FRO,USA,030374
11949596,82,231,5108,2013,0.0,363001.0,-0.160691,-0.393419,GEO,USA,030374
11949597,83,231,5108,2013,0.0,284117.0,-0.7316010000000001,-0.5327689999999999,GHA,USA,030374
11949598,93,231,5108,2013,0.0,70188.0,-0.41466499999999995,0.774788,GTM,USA,030374
11949599,97,231,5108,2013,0.0,97938.0,0.744383,1.923139,HKG,USA,030374
11949600,100,231,5108,2013,0.0,19815.0,0.898284,1.038807,HRV,USA,030374
11949601,103,231,5108,2013,274847.0,66513.0,-0.216854,1.415728,IDN,USA,030374
11949602,104,231,5108,2013,603801.0,0.0,0.215356,2.3916209999999998,IND,USA,030374
11949603,109,231,5108,2013,76662.0,0.0,0.259374,-0.20413299999999998,ISL,USA,030374
11949604,112,231,5108,2013,0.0,296660.0,-0.541441,-0.8448559999999999,JAM,USA,030374
11949605,114,231,5108,2013,803660.0,15557.0,2.3993130000000003,-0.564768,JPN,USA,030374
11949606,120,231,5108,2013,0.0,5658.0,0.8500270000000001,-0.390234,KNA,USA,030374
11949607,121,231,5108,2013,908921.0,0.0,1.818383,0.75645,KOR,USA,030374
11949608,138,231,5108,2013,170550.0,240328.0,1.048507,0.718932,MEX,USA,030374
11949609,142,231,5108,2013,0.0,481461.0,0.8519760000000001,-0.075869,MLT,USA,030374
11949610,144,231,5108,2013,0.0,3440.0,-0.054454999999999996,-0.164875,MNE,USA,030374
11949611,153,231,5108,2013,0.0,366683.0,0.937641,0.747496,MYS,USA,030374
11949612,159,231,5108,2013,0.0,924005.0,-1.745783,-1.1356680000000001,NGA,USA,030374
11949613,160,231,5108,2013,49248.0,0.0,-0.9277,-0.6842630000000001,NIC,USA,030374
11949614,162,231,5108,2013,207200.0,0.0,1.184107,1.249557,NLD,USA,030374
11949615,163,231,5108,2013,9743826.0,0.0,0.892099,0.18168399999999998,NOR,USA,030374
11949616,166,231,5108,2013,0.0,6264.0,0.3345,0.39063000000000003,NZL,USA,030374
11949617,169,231,5108,2013,1722.0,0.0,0.735637,1.161718,PAN,USA,030374
11949618,173,231,5108,2013,39948.0,100446.0,-0.573852,0.357977,PER,USA,030374
11949619,174,231,5108,2013,1459515.0,497528.0,0.507868,0.355403,PHL,USA,030374
11949620,175,231,5108,2013,0.0,1948.0,0.232127,-0.716653,PLW,USA,030374
11949621,179,231,5108,2013,39239.0,0.0,0.541454,2.5228610000000002,PRT,USA,030374
11949622,182,231,5108,2013,0.0,16859.0,-0.146044,-0.7055359999999999,PYF,USA,030374
11949623,192,231,5108,2013,0.0,257566.0,1.915504,0.619576,SGP,USA,030374
11949624,216,231,5108,2013,320000.0,5529.0,0.8752139999999999,1.3798620000000001,THA,USA,030374
11949625,222,231,5108,2013,0.0,103846.0,-0.280641,-1.083332,TTO,USA,030374
11949626,223,231,5108,2013,0.0,103995.0,0.185528,1.0070700000000001,TUN,USA,030374
11949627,228,231,5108,2013,0.0,28116.0,0.657729,0.9063200000000001,UKR,USA,030374
11949628,236,231,5108,2013,0.0,16235.0,-0.778172,-1.107059,VEN,USA,030374
11949629,239,231,5108,2013,1701734.0,95992.0,-0.11426900000000001,1.399738,VNM,USA,030374
11949630,249,231,5108,2013,1189739.0,0.0,1.843186,0.9432379999999999,TWN,USA,030374
11949631,127,234,5108,2013,0.0,7891.0,0.265129,-0.5083949999999999,LCA,VCT,030374
11949632,231,236,5108,2013,16235.0,0.0,1.6639689999999998,-0.48651300000000003,USA,VEN,030374
11949633,7,243,5108,2013,0.0,29911.0,-0.074047,-0.585168,ARE,YEM,030374
11949634,18,243,5108,2013,0.0,18066.0,1.316207,0.972601,BEL,YEM,030374
11949635,22,243,5108,2013,0.0,9742.0,-1.101916,-0.734646,BGD,YEM,030374
11949636,44,243,5108,2013,0.0,34059.0,-0.923558,-0.866642,CIV,YEM,030374
11949637,68,243,5108,2013,0.0,171294.0,-0.17418,1.692641,EGY,YEM,030374
11949638,90,243,5108,2013,0.0,45140.0,0.18823800000000002,0.910906,GRC,YEM,030374
11949639,103,243,5108,2013,0.0,142669.0,-0.216854,1.415728,IDN,YEM,030374
11949640,116,243,5108,2013,0.0,60688.0,-0.448112,0.8672719999999999,KEN,YEM,030374
11949641,128,243,5108,2013,0.0,45076.0,-0.6521779999999999,0.41258599999999995,LKA,YEM,030374
11949642,153,243,5108,2013,0.0,2458412.0,0.937641,0.747496,MYS,YEM,030374
11949643,167,243,5108,2013,0.0,130651.0,-0.604175,-1.0463209999999998,OMN,YEM,030374
11949644,188,243,5108,2013,324221.0,0.0,0.626347,-0.844406,SAU,YEM,030374
11949645,216,243,5108,2013,0.0,48254.0,0.8752139999999999,1.3798620000000001,THA,YEM,030374
11949646,226,243,5108,2013,0.0,301464.0,-0.9306770000000001,0.273489,TZA,YEM,030374
11949647,2,246,5108,2013,0.0,3060089.0,-1.172043,-1.133735,AGO,ZAF,030374
11949648,37,246,5108,2013,0.0,5227.0,-0.46761499999999995,-1.0842040000000002,BWA,ZAF,030374
11949649,43,246,5108,2013,1006210.0,0.0,1.113767,1.477496,CHN,ZAF,030374
11949650,45,246,5108,2013,0.0,6781378.0,-0.901531,-1.027111,CMR,ZAF,030374
11949651,46,246,5108,2013,0.0,12226.0,-1.300125,-1.0708010000000001,COD,ZAF,030374
11949652,47,246,5108,2013,0.0,7173.0,-1.215681,-1.08679,COG,ZAF,030374
11949653,71,246,5108,2013,28486.0,0.0,0.861698,2.353993,ESP,ZAF,030374
11949654,75,246,5108,2013,0.0,95232.0,-0.5203369999999999,-0.122405,FJI,ZAF,030374
11949655,81,246,5108,2013,23845.0,0.0,1.7901259999999999,0.44164,GBR,ZAF,030374
11949656,104,246,5108,2013,145717.0,0.0,0.215356,2.3916209999999998,IND,ZAF,030374
11949657,114,246,5108,2013,239832.0,0.0,2.3993130000000003,-0.564768,JPN,ZAF,030374
11949658,147,246,5108,2013,0.0,1804282.0,-1.326323,-1.050969,MOZ,ZAF,030374
11949659,151,246,5108,2013,0.0,13685.0,-0.158852,0.0061600000000000005,MUS,ZAF,030374
11949660,152,246,5108,2013,0.0,24583.0,-0.8992120000000001,-0.862175,MWI,ZAF,030374
11949661,155,246,5108,2013,353302.0,499642.0,-0.308643,-0.480617,NAM,ZAF,030374
11949662,163,246,5108,2013,260126.0,0.0,0.892099,0.18168399999999998,NOR,ZAF,030374
11949663,179,246,5108,2013,6842.0,0.0,0.541454,2.5228610000000002,PRT,ZAF,030374
11949664,192,246,5108,2013,0.0,14994.0,1.915504,0.619576,SGP,ZAF,030374
11949665,209,246,5108,2013,0.0,7718.0,0.109267,-0.275005,SWZ,ZAF,030374
11949666,239,246,5108,2013,0.0,184570.0,-0.11426900000000001,1.399738,VNM,ZAF,030374
11949667,247,246,5108,2013,0.0,11167.0,-0.382129,-0.5442229999999999,ZMB,ZAF,030374
11949668,248,246,5108,2013,0.0,129395.0,-0.828702,-0.899175,ZWE,ZAF,030374
11949669,249,246,5108,2013,5776.0,0.0,1.843186,0.9432379999999999,TWN,ZAF,030374
11949670,7,249,5108,2013,0.0,3727748.0,-0.074047,-0.585168,ARE,TWN,030374
11949671,14,249,5108,2013,0.0,19972.0,-0.31145700000000004,-0.167628,AUS,TWN,030374
11949672,24,249,5108,2013,0.0,403771.0,0.249681,-0.6204270000000001,BHR,TWN,030374
11949673,39,249,5108,2013,1483160.0,305483.0,0.719649,1.017046,CAN,TWN,030374
11949674,43,249,5108,2013,7852708.0,497235.0,1.113767,1.477496,CHN,TWN,030374
11949675,45,249,5108,2013,0.0,25974.0,-0.901531,-1.027111,CMR,TWN,030374
11949676,64,249,5108,2013,201935.0,0.0,1.161835,1.1788450000000001,DNK,TWN,030374
11949677,68,249,5108,2013,0.0,389924.0,-0.17418,1.692641,EGY,TWN,030374
11949678,75,249,5108,2013,42442.0,71278.0,-0.5203369999999999,-0.122405,FJI,TWN,030374
11949679,78,249,5108,2013,56547.0,0.0,-0.370701,-0.815466,FRO,TWN,030374
11949680,81,249,5108,2013,715830.0,0.0,1.7901259999999999,0.44164,GBR,TWN,030374
11949681,83,249,5108,2013,0.0,433655.0,-0.7316010000000001,-0.5327689999999999,GHA,TWN,030374
11949682,97,249,5108,2013,473369.0,1047670.0,0.744383,1.923139,HKG,TWN,030374
11949683,103,249,5108,2013,643742.0,54428.0,-0.216854,1.415728,IDN,TWN,030374
11949684,104,249,5108,2013,58576.0,0.0,0.215356,2.3916209999999998,IND,TWN,030374
11949685,106,249,5108,2013,130488.0,0.0,1.29988,0.240688,IRL,TWN,030374
11949686,109,249,5108,2013,99535.0,501025.0,0.259374,-0.20413299999999998,ISL,TWN,030374
11949687,114,249,5108,2013,310953.0,0.0,2.3993130000000003,-0.564768,JPN,TWN,030374
11949688,116,249,5108,2013,0.0,48238.0,-0.448112,0.8672719999999999,KEN,TWN,030374
11949689,121,249,5108,2013,6958856.0,40944.0,1.818383,0.75645,KOR,TWN,030374
11949690,122,249,5108,2013,0.0,113111.0,-0.536384,-1.08382,KWT,TWN,030374
11949691,151,249,5108,2013,0.0,125714.0,-0.158852,0.0061600000000000005,MUS,TWN,030374
11949692,153,249,5108,2013,13939.0,195100.0,0.937641,0.747496,MYS,TWN,030374
11949693,159,249,5108,2013,0.0,34534.0,-1.745783,-1.1356680000000001,NGA,TWN,030374
11949694,162,249,5108,2013,280270.0,0.0,1.184107,1.249557,NLD,TWN,030374
11949695,163,249,5108,2013,9518564.0,0.0,0.892099,0.18168399999999998,NOR,TWN,030374
11949696,167,249,5108,2013,0.0,115890.0,-0.604175,-1.0463209999999998,OMN,TWN,030374
11949697,174,249,5108,2013,0.0,360566.0,0.507868,0.355403,PHL,TWN,030374
11949698,188,249,5108,2013,0.0,1136172.0,0.626347,-0.844406,SAU,TWN,030374
11949699,192,249,5108,2013,196324.0,72435.0,1.915504,0.619576,SGP,TWN,030374
11949700,216,249,5108,2013,0.0,367992.0,0.8752139999999999,1.3798620000000001,THA,TWN,030374
11949701,228,249,5108,2013,0.0,406087.0,0.657729,0.9063200000000001,UKR,TWN,030374
11949702,231,249,5108,2013,0.0,1189739.0,1.6639689999999998,-0.48651300000000003,USA,TWN,030374
11949703,239,249,5108,2013,25029.0,659162.0,-0.11426900000000001,1.399738,VNM,TWN,030374
11949704,246,249,5108,2013,0.0,5776.0,0.380284,1.5682120000000002,ZAF,TWN,030374
11949705,44,250,5108,2013,0.0,637384.0,-0.923558,-0.866642,CIV,ANS,030374
11949706,61,250,5108,2013,4848.0,0.0,2.093658,-3.4281980000000005,DEU,ANS,030374
11949707,64,250,5108,2013,196870.0,0.0,1.161835,1.1788450000000001,DNK,ANS,030374
11949708,71,250,5108,2013,0.0,82903.0,0.861698,2.353993,ESP,ANS,030374
11949709,75,250,5108,2013,1698156.0,0.0,-0.5203369999999999,-0.122405,FJI,ANS,030374
11949710,92,250,5108,2013,6428142.0,0.0,-0.801617,-0.8734120000000001,GRL,ANS,030374
11949711,100,250,5108,2013,0.0,16310.0,0.898284,1.038807,HRV,ANS,030374
11949712,106,250,5108,2013,809968.0,721219.0,1.29988,0.240688,IRL,ANS,030374
11949713,121,250,5108,2013,205255.0,0.0,1.818383,0.75645,KOR,ANS,030374
11949714,155,250,5108,2013,5542.0,0.0,-0.308643,-0.480617,NAM,ANS,030374
11949715,159,250,5108,2013,0.0,2154.0,-1.745783,-1.1356680000000001,NGA,ANS,030374
11949716,206,250,5108,2013,0.0,101565.0,1.32064,0.7519819999999999,SVK,ANS,030374
11949717,216,250,5108,2013,18227.0,45079.0,0.8752139999999999,1.3798620000000001,THA,ANS,030374
11949718,239,250,5108,2013,106337.0,219135.0,-0.11426900000000001,1.399738,VNM,ANS,030374
11949719,43,9,5108,2013,75861.0,0.0,1.113767,1.477496,CHN,ARM,030374
11949720,82,9,5108,2013,571926.0,21280.0,-0.160691,-0.393419,GEO,ARM,030374
11949721,163,9,5108,2013,269442.0,0.0,0.892099,0.18168399999999998,NOR,ARM,030374
11949722,2,14,5108,2013,0.0,804287.0,-1.172043,-1.133735,AGO,AUS,030374
11949723,43,14,5108,2013,132730.0,0.0,1.113767,1.477496,CHN,AUS,030374
11949724,75,14,5108,2013,1824.0,0.0,-0.5203369999999999,-0.122405,FJI,AUS,030374
11949725,81,14,5108,2013,53141.0,0.0,1.7901259999999999,0.44164,GBR,AUS,030374
11949726,103,14,5108,2013,112953.0,0.0,-0.216854,1.415728,IDN,AUS,030374
11949727,114,14,5108,2013,4302.0,0.0,2.3993130000000003,-0.564768,JPN,AUS,030374
11949728,121,14,5108,2013,583002.0,0.0,1.818383,0.75645,KOR,AUS,030374
11949729,153,14,5108,2013,20596.0,0.0,0.937641,0.747496,MYS,AUS,030374
11949730,166,14,5108,2013,1869726.0,0.0,0.3345,0.39063000000000003,NZL,AUS,030374
11949731,192,14,5108,2013,5529.0,0.0,1.915504,0.619576,SGP,AUS,030374
11949732,216,14,5108,2013,10206.0,0.0,0.8752139999999999,1.3798620000000001,THA,AUS,030374
11949733,231,14,5108,2013,245308.0,0.0,1.6639689999999998,-0.48651300000000003,USA,AUS,030374
11949734,239,14,5108,2013,108516.0,0.0,-0.11426900000000001,1.399738,VNM,AUS,030374
11949735,248,14,5108,2013,0.0,4425.0,-0.828702,-0.899175,ZWE,AUS,030374
11949736,249,14,5108,2013,19972.0,0.0,1.843186,0.9432379999999999,TWN,AUS,030374
11949737,72,16,5108,2013,8787.0,0.0,0.8828940000000001,1.386574,EST,AZE,030374
11949738,82,16,5108,2013,123185.0,0.0,-0.160691,-0.393419,GEO,AZE,030374
11949739,109,16,5108,2013,722776.0,0.0,0.259374,-0.20413299999999998,ISL,AZE,030374
11949740,162,16,5108,2013,19262.0,0.0,1.184107,1.249557,NLD,AZE,030374
11949741,186,16,5108,2013,1251487.0,0.0,0.481166,-0.180052,RUS,AZE,030374
11949742,7,22,5108,2013,0.0,12799.0,-0.074047,-0.585168,ARE,BGD,030374
11949743,15,22,5108,2013,0.0,8300.0,1.7209240000000001,-0.286892,AUT,BGD,030374
11949744,43,22,5108,2013,1066.0,0.0,1.113767,1.477496,CHN,BGD,030374
11949745,104,22,5108,2013,26981.0,0.0,0.215356,2.3916209999999998,IND,BGD,030374
11949746,114,22,5108,2013,5177.0,0.0,2.3993130000000003,-0.564768,JPN,BGD,030374
11949747,121,22,5108,2013,0.0,22847.0,1.818383,0.75645,KOR,BGD,030374
11949748,122,22,5108,2013,0.0,73255.0,-0.536384,-1.08382,KWT,BGD,030374
11949749,167,22,5108,2013,1087845.0,0.0,-0.604175,-1.0463209999999998,OMN,BGD,030374
11949750,243,22,5108,2013,9742.0,0.0,-1.252605,-1.207324,YEM,BGD,030374
11949751,77,24,5108,2013,1383.0,0.0,1.520354,0.022874000000000002,FRA,BHR,030374
11949752,81,24,5108,2013,3755.0,0.0,1.7901259999999999,0.44164,GBR,BHR,030374
11949753,104,24,5108,2013,21891.0,0.0,0.215356,2.3916209999999998,IND,BHR,030374
11949754,114,24,5108,2013,1114.0,0.0,2.3993130000000003,-0.564768,JPN,BHR,030374
11949755,121,24,5108,2013,35452.0,0.0,1.818383,0.75645,KOR,BHR,030374
11949756,143,24,5108,2013,137355.0,0.0,-1.230787,-0.737375,MMR,BHR,030374
11949757,153,24,5108,2013,0.0,27388.0,0.937641,0.747496,MYS,BHR,030374
11949758,162,24,5108,2013,1014.0,0.0,1.184107,1.249557,NLD,BHR,030374
11949759,167,24,5108,2013,2000.0,0.0,-0.604175,-1.0463209999999998,OMN,BHR,030374
11949760,168,24,5108,2013,70306.0,0.0,-0.75727,0.769703,PAK,BHR,030374
11949761,169,24,5108,2013,0.0,3580.0,0.735637,1.161718,PAN,BHR,030374
11949762,188,24,5108,2013,267380.0,90784.0,0.626347,-0.844406,SAU,BHR,030374
11949763,216,24,5108,2013,31622.0,0.0,0.8752139999999999,1.3798620000000001,THA,BHR,030374
11949764,239,24,5108,2013,47279.0,14513.0,-0.11426900000000001,1.399738,VNM,BHR,030374
11949765,249,24,5108,2013,403771.0,0.0,1.843186,0.9432379999999999,TWN,BHR,030374
11949766,8,26,5108,2013,616.0,0.0,0.20314300000000002,0.494062,ARG,BIH,030374
11949767,71,26,5108,2013,82336.0,0.0,0.861698,2.353993,ESP,BIH,030374
11949768,81,26,5108,2013,5034.0,0.0,1.7901259999999999,0.44164,GBR,BIH,030374
11949769,100,26,5108,2013,2544.0,0.0,0.898284,1.038807,HRV,BIH,030374
11949770,144,26,5108,2013,0.0,13308.0,-0.054454999999999996,-0.164875,MNE,BIH,030374
11949771,162,26,5108,2013,56489.0,0.0,1.184107,1.249557,NLD,BIH,030374
11949772,207,26,5108,2013,3204.0,0.0,1.698374,0.563082,SVN,BIH,030374
11949773,43,28,5108,2013,51415.0,0.0,1.113767,1.477496,CHN,BLR,030374
11949774,61,28,5108,2013,391820.0,0.0,2.093658,-3.4281980000000005,DEU,BLR,030374
11949775,71,28,5108,2013,935955.0,0.0,0.861698,2.353993,ESP,BLR,030374
11949776,78,28,5108,2013,847628.0,0.0,-0.370701,-0.815466,FRO,BLR,030374
11949777,81,28,5108,2013,1770840.0,0.0,1.7901259999999999,0.44164,GBR,BLR,030374
11949778,106,28,5108,2013,246714.0,0.0,1.29988,0.240688,IRL,BLR,030374
11949779,109,28,5108,2013,5072070.0,0.0,0.259374,-0.20413299999999998,ISL,BLR,030374
11949780,130,28,5108,2013,2626579.0,0.0,0.737796,1.215543,LTU,BLR,030374
11949781,134,28,5108,2013,5305.0,0.0,-0.6494260000000001,-0.035075999999999996,MAR,BLR,030374
11949782,162,28,5108,2013,36639.0,0.0,1.184107,1.249557,NLD,BLR,030374
11949783,163,28,5108,2013,1803855.0,0.0,0.892099,0.18168399999999998,NOR,BLR,030374
11949784,186,28,5108,2013,5094685.0,24513.0,0.481166,-0.180052,RUS,BLR,030374
11949785,43,68,5108,2013,18010072.0,0.0,1.113767,1.477496,CHN,EGY,030374
11949786,61,68,5108,2013,75466.0,0.0,2.093658,-3.4281980000000005,DEU,EGY,030374
11949787,67,68,5108,2013,58364.0,0.0,-0.86546,-0.8888389999999999,ECU,EGY,030374
11949788,71,68,5108,2013,5070439.0,0.0,0.861698,2.353993,ESP,EGY,030374
11949789,77,68,5108,2013,108633.0,0.0,1.520354,0.022874000000000002,FRA,EGY,030374
11949790,81,68,5108,2013,408431.0,0.0,1.7901259999999999,0.44164,GBR,EGY,030374
11949791,106,68,5108,2013,1482703.0,0.0,1.29988,0.240688,IRL,EGY,030374
11949792,109,68,5108,2013,1828281.0,0.0,0.259374,-0.20413299999999998,ISL,EGY,030374
11949793,114,68,5108,2013,24150724.0,24775.0,2.3993130000000003,-0.564768,JPN,EGY,030374
11949794,121,68,5108,2013,8898925.0,0.0,1.818383,0.75645,KOR,EGY,030374
11949795,134,68,5108,2013,123688.0,0.0,-0.6494260000000001,-0.035075999999999996,MAR,EGY,030374
11949796,148,68,5108,2013,10953.0,0.0,-1.950532,-1.283104,MRT,EGY,030374
11949797,162,68,5108,2013,6280396.0,0.0,1.184107,1.249557,NLD,EGY,030374
11949798,163,68,5108,2013,4438814.0,0.0,0.892099,0.18168399999999998,NOR,EGY,030374
11949799,167,68,5108,2013,229424.0,0.0,-0.604175,-1.0463209999999998,OMN,EGY,030374
11949800,173,68,5108,2013,241858.0,0.0,-0.573852,0.357977,PER,EGY,030374
11949801,231,68,5108,2013,906330.0,0.0,1.6639689999999998,-0.48651300000000003,USA,EGY,030374
11949802,243,68,5108,2013,171294.0,0.0,-1.252605,-1.207324,YEM,EGY,030374
11949803,249,68,5108,2013,389924.0,0.0,1.843186,0.9432379999999999,TWN,EGY,030374
11949804,9,82,5108,2013,21280.0,571926.0,-0.076922,-0.5781390000000001,ARM,GEO,030374
11949805,16,82,5108,2013,0.0,123185.0,-0.9232870000000001,-1.165928,AZE,GEO,030374
11949806,18,82,5108,2013,152780.0,0.0,1.316207,0.972601,BEL,GEO,030374
11949807,32,82,5108,2013,165369.0,0.0,0.14765899999999998,0.399262,BRA,GEO,030374
11949808,39,82,5108,2013,738478.0,0.0,0.719649,1.017046,CAN,GEO,030374
11949809,43,82,5108,2013,141554.0,0.0,1.113767,1.477496,CHN,GEO,030374
11949810,71,82,5108,2013,421305.0,0.0,0.861698,2.353993,ESP,GEO,030374
11949811,77,82,5108,2013,144170.0,0.0,1.520354,0.022874000000000002,FRA,GEO,030374
11949812,81,82,5108,2013,66540.0,0.0,1.7901259999999999,0.44164,GBR,GEO,030374
11949813,106,82,5108,2013,198147.0,0.0,1.29988,0.240688,IRL,GEO,030374
11949814,109,82,5108,2013,2465493.0,0.0,0.259374,-0.20413299999999998,ISL,GEO,030374
11949815,132,82,5108,2013,126359.0,0.0,0.6219439999999999,1.166749,LVA,GEO,030374
11949816,153,82,5108,2013,307792.0,0.0,0.937641,0.747496,MYS,GEO,030374
11949817,162,82,5108,2013,258180.0,0.0,1.184107,1.249557,NLD,GEO,030374
11949818,163,82,5108,2013,3513663.0,0.0,0.892099,0.18168399999999998,NOR,GEO,030374
11949819,166,82,5108,2013,78329.0,0.0,0.3345,0.39063000000000003,NZL,GEO,030374
11949820,169,82,5108,2013,81243.0,0.0,0.735637,1.161718,PAN,GEO,030374
11949821,186,82,5108,2013,10761.0,0.0,0.481166,-0.180052,RUS,GEO,030374
11949822,224,82,5108,2013,536545.0,0.0,0.42932299999999995,2.690235,TUR,GEO,030374
11949823,231,82,5108,2013,363001.0,0.0,1.6639689999999998,-0.48651300000000003,USA,GEO,030374
11949824,26,100,5108,2013,0.0,2544.0,0.46743199999999996,0.7340800000000001,BIH,HRV,030374
11949825,61,100,5108,2013,7329.0,0.0,2.093658,-3.4281980000000005,DEU,HRV,030374
11949826,71,100,5108,2013,1019879.0,22707.0,0.861698,2.353993,ESP,HRV,030374
11949827,90,100,5108,2013,0.0,7529.0,0.18823800000000002,0.910906,GRC,HRV,030374
11949828,106,100,5108,2013,48690.0,0.0,1.29988,0.240688,IRL,HRV,030374
11949829,109,100,5108,2013,169096.0,0.0,0.259374,-0.20413299999999998,ISL,HRV,030374
11949830,111,100,5108,2013,5034.0,3095.0,1.289924,0.533436,ITA,HRV,030374
11949831,134,100,5108,2013,17767.0,0.0,-0.6494260000000001,-0.035075999999999996,MAR,HRV,030374
11949832,144,100,5108,2013,0.0,43499.0,-0.054454999999999996,-0.164875,MNE,HRV,030374
11949833,162,100,5108,2013,117875.0,0.0,1.184107,1.249557,NLD,HRV,030374
11949834,201,100,5108,2013,0.0,2642.0,0.5717720000000001,1.174901,SRB,HRV,030374
11949835,207,100,5108,2013,0.0,3757.0,1.698374,0.563082,SVN,HRV,030374
11949836,231,100,5108,2013,19815.0,0.0,1.6639689999999998,-0.48651300000000003,USA,HRV,030374
11949837,250,100,5108,2013,16310.0,0.0,0.628555,0.277602,ANS,HRV,030374
11949838,2,106,5108,2013,0.0,273802.0,-1.172043,-1.133735,AGO,IRL,030374
11949839,12,106,5108,2013,0.0,137331.0,0.308415,-0.683897,ATF,IRL,030374
11949840,15,106,5108,2013,0.0,86438.0,1.7209240000000001,-0.286892,AUT,IRL,030374
11949841,18,106,5108,2013,0.0,596583.0,1.316207,0.972601,BEL,IRL,030374
11949842,19,106,5108,2013,0.0,57895.0,-0.919968,-0.90691,BEN,IRL,030374
11949843,23,106,5108,2013,0.0,898958.0,0.5026109999999999,1.674296,BGR,IRL,030374
11949844,28,106,5108,2013,0.0,246714.0,1.036923,0.864568,BLR,IRL,030374
11949845,43,106,5108,2013,0.0,2879822.0,1.113767,1.477496,CHN,IRL,030374
11949846,44,106,5108,2013,0.0,287960.0,-0.923558,-0.866642,CIV,IRL,030374
11949847,45,106,5108,2013,0.0,428162.0,-0.901531,-1.027111,CMR,IRL,030374
11949848,59,106,5108,2013,0.0,396008.0,1.819653,-0.12423800000000002,CZE,IRL,030374
11949849,61,106,5108,2013,0.0,6923936.0,2.093658,-3.4281980000000005,DEU,IRL,030374
11949850,64,106,5108,2013,1650.0,3283992.0,1.161835,1.1788450000000001,DNK,IRL,030374
11949851,68,106,5108,2013,0.0,1482703.0,-0.17418,1.692641,EGY,IRL,030374
11949852,71,106,5108,2013,102975.0,43869.0,0.861698,2.353993,ESP,IRL,030374
11949853,74,106,5108,2013,0.0,111253.0,1.734552,0.8896940000000001,FIN,IRL,030374
11949854,77,106,5108,2013,0.0,3830806.0,1.520354,0.022874000000000002,FRA,IRL,030374
11949855,78,106,5108,2013,65695.0,0.0,-0.370701,-0.815466,FRO,IRL,030374
11949856,81,106,5108,2013,51780.0,359936.0,1.7901259999999999,0.44164,GBR,IRL,030374
11949857,82,106,5108,2013,0.0,198147.0,-0.160691,-0.393419,GEO,IRL,030374
11949858,83,106,5108,2013,0.0,1277262.0,-0.7316010000000001,-0.5327689999999999,GHA,IRL,030374
11949859,90,106,5108,2013,0.0,482590.0,0.18823800000000002,0.910906,GRC,IRL,030374
11949860,100,106,5108,2013,0.0,48690.0,0.898284,1.038807,HRV,IRL,030374
11949861,104,106,5108,2013,0.0,2500.0,0.215356,2.3916209999999998,IND,IRL,030374
11949862,111,106,5108,2013,2603.0,0.0,1.289924,0.533436,ITA,IRL,030374
11949863,112,106,5108,2013,0.0,131288.0,-0.541441,-0.8448559999999999,JAM,IRL,030374
11949864,114,106,5108,2013,0.0,1356474.0,2.3993130000000003,-0.564768,JPN,IRL,030374
11949865,115,106,5108,2013,0.0,1275.0,-0.680678,-0.83347,KAZ,IRL,030374
11949866,121,106,5108,2013,0.0,449488.0,1.818383,0.75645,KOR,IRL,030374
11949867,130,106,5108,2013,66474.0,406256.0,0.737796,1.215543,LTU,IRL,030374
11949868,135,106,5108,2013,0.0,15383.0,-0.016235,0.132104,MDA,IRL,030374
11949869,142,106,5108,2013,0.0,131209.0,0.8519760000000001,-0.075869,MLT,IRL,030374
11949870,153,106,5108,2013,0.0,10533.0,0.937641,0.747496,MYS,IRL,030374
11949871,159,106,5108,2013,1480764.0,14680997.0,-1.745783,-1.1356680000000001,NGA,IRL,030374
11949872,162,106,5108,2013,17478.0,2115238.0,1.184107,1.249557,NLD,IRL,030374
11949873,177,106,5108,2013,0.0,1663734.0,1.084332,1.216749,POL,IRL,030374
11949874,179,106,5108,2013,0.0,181555.0,0.541454,2.5228610000000002,PRT,IRL,030374
11949875,185,106,5108,2013,0.0,429303.0,0.792035,1.225034,ROU,IRL,030374
11949876,186,106,5108,2013,0.0,17771836.0,0.481166,-0.180052,RUS,IRL,030374
11949877,192,106,5108,2013,0.0,133932.0,1.915504,0.619576,SGP,IRL,030374
11949878,201,106,5108,2013,0.0,30211.0,0.5717720000000001,1.174901,SRB,IRL,030374
11949879,206,106,5108,2013,0.0,278451.0,1.32064,0.7519819999999999,SVK,IRL,030374
11949880,207,106,5108,2013,0.0,31485.0,1.698374,0.563082,SVN,IRL,030374
11949881,208,106,5108,2013,0.0,132923.0,1.869421,0.228109,SWE,IRL,030374
11949882,216,106,5108,2013,0.0,377602.0,0.8752139999999999,1.3798620000000001,THA,IRL,030374
11949883,228,106,5108,2013,0.0,1622391.0,0.657729,0.9063200000000001,UKR,IRL,030374
11949884,239,106,5108,2013,0.0,734250.0,-0.11426900000000001,1.399738,VNM,IRL,030374
11949885,249,106,5108,2013,0.0,130488.0,1.843186,0.9432379999999999,TWN,IRL,030374
11949886,250,106,5108,2013,721219.0,809968.0,0.628555,0.277602,ANS,IRL,030374
11949887,7,107,5108,2013,28515.0,0.0,-0.074047,-0.585168,ARE,IRN,030374
11949888,43,107,5108,2013,2660823.0,0.0,1.113767,1.477496,CHN,IRN,030374
11949889,104,107,5108,2013,201678.0,0.0,0.215356,2.3916209999999998,IND,IRN,030374
11949890,166,107,5108,2013,1022064.0,0.0,0.3345,0.39063000000000003,NZL,IRN,030374
11949891,7,114,5108,2013,0.0,9095.0,-0.074047,-0.585168,ARE,JPN,030374
11949892,14,114,5108,2013,0.0,4302.0,-0.31145700000000004,-0.167628,AUS,JPN,030374
11949893,19,114,5108,2013,0.0,23610.0,-0.919968,-0.90691,BEN,JPN,030374
11949894,22,114,5108,2013,0.0,5177.0,-1.101916,-0.734646,BGD,JPN,030374
11949895,24,114,5108,2013,0.0,1114.0,0.249681,-0.6204270000000001,BHR,JPN,030374
11949896,34,114,5108,2013,0.0,246765.0,-0.866827,-0.795995,BRN,JPN,030374
11949897,39,114,5108,2013,441880.0,2324507.0,0.719649,1.017046,CAN,JPN,030374
11949898,43,114,5108,2013,2743262.0,4172996.0,1.113767,1.477496,CHN,JPN,030374
11949899,44,114,5108,2013,0.0,828353.0,-0.923558,-0.866642,CIV,JPN,030374
11949900,64,114,5108,2013,514904.0,0.0,1.161835,1.1788450000000001,DNK,JPN,030374
11949901,68,114,5108,2013,24775.0,24150724.0,-0.17418,1.692641,EGY,JPN,030374
11949902,71,114,5108,2013,0.0,35812.0,0.861698,2.353993,ESP,JPN,030374
11949903,77,114,5108,2013,104515.0,0.0,1.520354,0.022874000000000002,FRA,JPN,030374
11949904,81,114,5108,2013,3217525.0,0.0,1.7901259999999999,0.44164,GBR,JPN,030374
11949905,83,114,5108,2013,0.0,11201440.0,-0.7316010000000001,-0.5327689999999999,GHA,JPN,030374
11949906,97,114,5108,2013,0.0,139267.0,0.744383,1.923139,HKG,JPN,030374
11949907,103,114,5108,2013,481809.0,2454778.0,-0.216854,1.415728,IDN,JPN,030374
11949908,106,114,5108,2013,1356474.0,0.0,1.29988,0.240688,IRL,JPN,030374
11949909,109,114,5108,2013,3443448.0,0.0,0.259374,-0.20413299999999998,ISL,JPN,030374
11949910,116,114,5108,2013,0.0,678069.0,-0.448112,0.8672719999999999,KEN,JPN,030374
11949911,121,114,5108,2013,870700.0,534466.0,1.818383,0.75645,KOR,JPN,030374
11949912,122,114,5108,2013,0.0,15654.0,-0.536384,-1.08382,KWT,JPN,030374
11949913,126,114,5108,2013,0.0,97100.0,-1.6241459999999999,-1.1817950000000002,LBY,JPN,030374
11949914,128,114,5108,2013,0.0,10380.0,-0.6521779999999999,0.41258599999999995,LKA,JPN,030374
11949915,133,114,5108,2013,0.0,7634.0,0.252209,0.184401,MAC,JPN,030374
11949916,138,114,5108,2013,0.0,36915.0,1.048507,0.718932,MEX,JPN,030374
11949917,147,114,5108,2013,0.0,879686.0,-1.326323,-1.050969,MOZ,JPN,030374
11949918,151,114,5108,2013,0.0,163918.0,-0.158852,0.0061600000000000005,MUS,JPN,030374
11949919,153,114,5108,2013,0.0,5570553.0,0.937641,0.747496,MYS,JPN,030374
11949920,162,114,5108,2013,163539.0,0.0,1.184107,1.249557,NLD,JPN,030374
11949921,163,114,5108,2013,98117160.0,0.0,0.892099,0.18168399999999998,NOR,JPN,030374
11949922,166,114,5108,2013,0.0,6288.0,0.3345,0.39063000000000003,NZL,JPN,030374
11949923,167,114,5108,2013,42781.0,0.0,-0.604175,-1.0463209999999998,OMN,JPN,030374
11949924,173,114,5108,2013,0.0,15629.0,-0.573852,0.357977,PER,JPN,030374
11949925,174,114,5108,2013,536889.0,10774933.0,0.507868,0.355403,PHL,JPN,030374
11949926,175,114,5108,2013,0.0,808.0,0.232127,-0.716653,PLW,JPN,030374
11949927,186,114,5108,2013,0.0,2054.0,0.481166,-0.180052,RUS,JPN,030374
11949928,192,114,5108,2013,0.0,436322.0,1.915504,0.619576,SGP,JPN,030374
11949929,211,114,5108,2013,0.0,43498.0,0.270999,-0.474095,SYC,JPN,030374
11949930,215,114,5108,2013,0.0,43899.0,-0.598413,-0.49295200000000006,TGO,JPN,030374
11949931,216,114,5108,2013,69352.0,25673438.0,0.8752139999999999,1.3798620000000001,THA,JPN,030374
11949932,227,114,5108,2013,0.0,44031.0,-0.5462279999999999,0.200682,UGA,JPN,030374
11949933,228,114,5108,2013,0.0,527726.0,0.657729,0.9063200000000001,UKR,JPN,030374
11949934,231,114,5108,2013,15557.0,803660.0,1.6639689999999998,-0.48651300000000003,USA,JPN,030374
11949935,239,114,5108,2013,56150.0,17364038.0,-0.11426900000000001,1.399738,VNM,JPN,030374
11949936,246,114,5108,2013,0.0,239832.0,0.380284,1.5682120000000002,ZAF,JPN,030374
11949937,249,114,5108,2013,0.0,310953.0,1.843186,0.9432379999999999,TWN,JPN,030374
11949938,78,115,5108,2013,149447.0,0.0,-0.370701,-0.815466,FRO,KAZ,030374
11949939,81,115,5108,2013,644843.0,0.0,1.7901259999999999,0.44164,GBR,KAZ,030374
11949940,106,115,5108,2013,1275.0,0.0,1.29988,0.240688,IRL,KAZ,030374
11949941,109,115,5108,2013,1374519.0,0.0,0.259374,-0.20413299999999998,ISL,KAZ,030374
11949942,130,115,5108,2013,464651.0,0.0,0.737796,1.215543,LTU,KAZ,030374
11949943,134,115,5108,2013,123366.0,0.0,-0.6494260000000001,-0.035075999999999996,MAR,KAZ,030374
11949944,163,115,5108,2013,1023426.0,0.0,0.892099,0.18168399999999998,NOR,KAZ,030374
11949945,186,115,5108,2013,805022.0,0.0,0.481166,-0.180052,RUS,KAZ,030374
11949946,17,116,5108,2013,0.0,15689.0,-0.824903,-0.906436,BDI,KEN,030374
11949947,43,116,5108,2013,2275480.0,0.0,1.113767,1.477496,CHN,KEN,030374
11949948,46,116,5108,2013,0.0,26456.0,-1.300125,-1.0708010000000001,COD,KEN,030374
11949949,104,116,5108,2013,3226.0,0.0,0.215356,2.3916209999999998,IND,KEN,030374
11949950,114,116,5108,2013,678069.0,0.0,2.3993130000000003,-0.564768,JPN,KEN,030374
11949951,121,116,5108,2013,792571.0,0.0,1.818383,0.75645,KOR,KEN,030374
11949952,166,116,5108,2013,85114.0,0.0,0.3345,0.39063000000000003,NZL,KEN,030374
11949953,187,116,5108,2013,0.0,108512.0,-0.490519,-0.48427700000000007,RWA,KEN,030374
11949954,243,116,5108,2013,60688.0,0.0,-1.252605,-1.207324,YEM,KEN,030374
11949955,249,116,5108,2013,48238.0,0.0,1.843186,0.9432379999999999,TWN,KEN,030374
11949956,163,117,5108,2013,73239.0,0.0,0.892099,0.18168399999999998,NOR,KGZ,030374
11949957,186,117,5108,2013,92959.0,0.0,0.481166,-0.180052,RUS,KGZ,030374
11949958,2,124,5108,2013,0.0,600939.0,-1.172043,-1.133735,AGO,LBN,030374
11949959,71,124,5108,2013,3831.0,0.0,0.861698,2.353993,ESP,LBN,030374
11949960,159,124,5108,2013,0.0,2574439.0,-1.745783,-1.1356680000000001,NGA,LBN,030374
11949961,39,128,5108,2013,35857.0,0.0,0.719649,1.017046,CAN,LKA,030374
11949962,43,128,5108,2013,2076763.0,0.0,1.113767,1.477496,CHN,LKA,030374
11949963,104,128,5108,2013,25478.0,0.0,0.215356,2.3916209999999998,IND,LKA,030374
11949964,114,128,5108,2013,10380.0,0.0,2.3993130000000003,-0.564768,JPN,LKA,030374
11949965,121,128,5108,2013,513164.0,0.0,1.818383,0.75645,KOR,LKA,030374
11949966,153,128,5108,2013,21834.0,0.0,0.937641,0.747496,MYS,LKA,030374
11949967,167,128,5108,2013,20576.0,0.0,-0.604175,-1.0463209999999998,OMN,LKA,030374
11949968,168,128,5108,2013,18205.0,0.0,-0.75727,0.769703,PAK,LKA,030374
11949969,216,128,5108,2013,53387.0,0.0,0.8752139999999999,1.3798620000000001,THA,LKA,030374
11949970,243,128,5108,2013,45076.0,0.0,-1.252605,-1.207324,YEM,LKA,030374
11949971,23,130,5108,2013,0.0,952771.0,0.5026109999999999,1.674296,BGR,LTU,030374
11949972,28,130,5108,2013,0.0,2626579.0,1.036923,0.864568,BLR,LTU,030374
11949973,41,130,5108,2013,0.0,1703.0,2.2104470000000003,0.5403479999999999,CHE,LTU,030374
11949974,43,130,5108,2013,176504.0,0.0,1.113767,1.477496,CHN,LTU,030374
11949975,59,130,5108,2013,0.0,2159.0,1.819653,-0.12423800000000002,CZE,LTU,030374
11949976,61,130,5108,2013,98082.0,17154.0,2.093658,-3.4281980000000005,DEU,LTU,030374
11949977,64,130,5108,2013,98412.0,0.0,1.161835,1.1788450000000001,DNK,LTU,030374
11949978,71,130,5108,2013,898850.0,0.0,0.861698,2.353993,ESP,LTU,030374
11949979,72,130,5108,2013,49592.0,700708.0,0.8828940000000001,1.386574,EST,LTU,030374
11949980,77,130,5108,2013,44951.0,0.0,1.520354,0.022874000000000002,FRA,LTU,030374
11949981,78,130,5108,2013,1985529.0,0.0,-0.370701,-0.815466,FRO,LTU,030374
11949982,81,130,5108,2013,1386998.0,1801.0,1.7901259999999999,0.44164,GBR,LTU,030374
11949983,106,130,5108,2013,406256.0,66474.0,1.29988,0.240688,IRL,LTU,030374
11949984,109,130,5108,2013,426040.0,0.0,0.259374,-0.20413299999999998,ISL,LTU,030374
11949985,115,130,5108,2013,0.0,464651.0,-0.680678,-0.83347,KAZ,LTU,030374
11949986,132,130,5108,2013,560331.0,1177773.0,0.6219439999999999,1.166749,LVA,LTU,030374
11949987,134,130,5108,2013,182061.0,0.0,-0.6494260000000001,-0.035075999999999996,MAR,LTU,030374
11949988,135,130,5108,2013,0.0,462770.0,-0.016235,0.132104,MDA,LTU,030374
11949989,162,130,5108,2013,5519322.0,183199.0,1.184107,1.249557,NLD,LTU,030374
11949990,163,130,5108,2013,12557279.0,0.0,0.892099,0.18168399999999998,NOR,LTU,030374
11949991,166,130,5108,2013,1342.0,0.0,0.3345,0.39063000000000003,NZL,LTU,030374
11949992,177,130,5108,2013,455022.0,51261.0,1.084332,1.216749,POL,LTU,030374
11949993,185,130,5108,2013,0.0,886462.0,0.792035,1.225034,ROU,LTU,030374
11949994,208,130,5108,2013,31515.0,0.0,1.869421,0.228109,SWE,LTU,030374
11949995,228,130,5108,2013,0.0,6331338.0,0.657729,0.9063200000000001,UKR,LTU,030374
11949996,232,130,5108,2013,0.0,81808.0,-0.748212,-0.567268,UZB,LTU,030374
11949997,18,131,5108,2013,3461.0,2032.0,1.316207,0.972601,BEL,LUX,030374
11949998,61,131,5108,2013,3813.0,0.0,2.093658,-3.4281980000000005,DEU,LUX,030374
