6439999,104,162,9659,2013,9266.0,6742.0,0.215356,2.3916209999999998,IND,NLD,900219
6440000,106,162,9659,2013,0.0,5386.0,1.29988,0.240688,IRL,NLD,900219
6440001,109,162,9659,2013,0.0,2124.0,0.259374,-0.20413299999999998,ISL,NLD,900219
6440002,110,162,9659,2013,50054.0,26104.0,1.197241,0.633828,ISR,NLD,900219
6440003,111,162,9659,2013,141911.0,589691.0,1.289924,0.533436,ITA,NLD,900219
6440004,114,162,9659,2013,58725104.0,824592.0,2.3993130000000003,-0.564768,JPN,NLD,900219
6440005,121,162,9659,2013,26421224.0,21613772.0,1.818383,0.75645,KOR,NLD,900219
6440006,130,162,9659,2013,0.0,5113.0,0.737796,1.215543,LTU,NLD,900219
6440007,131,162,9659,2013,0.0,4044.0,1.170459,1.150327,LUX,NLD,900219
6440008,132,162,9659,2013,0.0,68085.0,0.6219439999999999,1.166749,LVA,NLD,900219
6440009,135,162,9659,2013,0.0,5244.0,-0.016235,0.132104,MDA,NLD,900219
6440010,138,162,9659,2013,0.0,111891.0,1.048507,0.718932,MEX,NLD,900219
6440011,153,162,9659,2013,581203.0,15688.0,0.937641,0.747496,MYS,NLD,900219
6440012,163,162,9659,2013,0.0,307745.0,0.892099,0.18168399999999998,NOR,NLD,900219
6440013,177,162,9659,2013,6147.0,103885.0,1.084332,1.216749,POL,NLD,900219
6440014,179,162,9659,2013,1059.0,5519.0,0.541454,2.5228610000000002,PRT,NLD,900219
6440015,185,162,9659,2013,0.0,6206.0,0.792035,1.225034,ROU,NLD,900219
6440016,186,162,9659,2013,1364.0,11047.0,0.481166,-0.180052,RUS,NLD,900219
6440017,191,162,9659,2013,0.0,2646.0,-0.523662,-0.309101,SEN,NLD,900219
6440018,192,162,9659,2013,3334644.0,2385053.0,1.915504,0.619576,SGP,NLD,900219
6440019,201,162,9659,2013,0.0,1283.0,0.5717720000000001,1.174901,SRB,NLD,900219
6440020,205,162,9659,2013,0.0,14774.0,-0.417865,-0.7600399999999999,SUR,NLD,900219
6440021,206,162,9659,2013,0.0,3240.0,1.32064,0.7519819999999999,SVK,NLD,900219
6440022,208,162,9659,2013,8494.0,951879.0,1.869421,0.228109,SWE,NLD,900219
6440023,216,162,9659,2013,16904.0,0.0,0.8752139999999999,1.3798620000000001,THA,NLD,900219
6440024,224,162,9659,2013,0.0,39791.0,0.42932299999999995,2.690235,TUR,NLD,900219
6440025,228,162,9659,2013,0.0,8725.0,0.657729,0.9063200000000001,UKR,NLD,900219
6440026,231,162,9659,2013,41450812.0,8358728.0,1.6639689999999998,-0.48651300000000003,USA,NLD,900219
6440027,239,162,9659,2013,0.0,6297.0,-0.11426900000000001,1.399738,VNM,NLD,900219
6440028,246,162,9659,2013,175900.0,9837.0,0.380284,1.5682120000000002,ZAF,NLD,900219
6440029,249,162,9659,2013,31996364.0,51953464.0,1.843186,0.9432379999999999,TWN,NLD,900219
6440030,2,163,9659,2013,0.0,1448.0,-1.172043,-1.133735,AGO,NOR,900219
6440031,7,163,9659,2013,0.0,6097.0,-0.074047,-0.585168,ARE,NOR,900219
6440032,14,163,9659,2013,0.0,33209.0,-0.31145700000000004,-0.167628,AUS,NOR,900219
6440033,15,163,9659,2013,0.0,1382.0,1.7209240000000001,-0.286892,AUT,NOR,900219
6440034,18,163,9659,2013,22909.0,0.0,1.316207,0.972601,BEL,NOR,900219
6440035,22,163,9659,2013,14707.0,0.0,-1.101916,-0.734646,BGD,NOR,900219
6440036,23,163,9659,2013,1571.0,0.0,0.5026109999999999,1.674296,BGR,NOR,900219
6440037,39,163,9659,2013,4168.0,0.0,0.719649,1.017046,CAN,NOR,900219
6440038,41,163,9659,2013,21377.0,0.0,2.2104470000000003,0.5403479999999999,CHE,NOR,900219
6440039,42,163,9659,2013,0.0,1611.0,-0.260718,-0.38256100000000004,CHL,NOR,900219
6440040,43,163,9659,2013,21480.0,8562.0,1.113767,1.477496,CHN,NOR,900219
6440041,59,163,9659,2013,8547.0,1804.0,1.819653,-0.12423800000000002,CZE,NOR,900219
6440042,61,163,9659,2013,857148.0,10831.0,2.093658,-3.4281980000000005,DEU,NOR,900219
6440043,64,163,9659,2013,30370.0,74261.0,1.161835,1.1788450000000001,DNK,NOR,900219
6440044,71,163,9659,2013,3542.0,0.0,0.861698,2.353993,ESP,NOR,900219
6440045,74,163,9659,2013,9919.0,6083.0,1.734552,0.8896940000000001,FIN,NOR,900219
6440046,77,163,9659,2013,203964.0,5512.0,1.520354,0.022874000000000002,FRA,NOR,900219
6440047,81,163,9659,2013,81258.0,9581.0,1.7901259999999999,0.44164,GBR,NOR,900219
6440048,97,163,9659,2013,7404.0,0.0,0.744383,1.923139,HKG,NOR,900219
6440049,102,163,9659,2013,0.0,3089.0,1.506101,0.7279220000000001,HUN,NOR,900219
6440050,103,163,9659,2013,45398.0,0.0,-0.216854,1.415728,IDN,NOR,900219
6440051,104,163,9659,2013,0.0,27052.0,0.215356,2.3916209999999998,IND,NOR,900219
6440052,106,163,9659,2013,68147.0,0.0,1.29988,0.240688,IRL,NOR,900219
6440053,110,163,9659,2013,2329.0,0.0,1.197241,0.633828,ISR,NOR,900219
6440054,111,163,9659,2013,0.0,1537.0,1.289924,0.533436,ITA,NOR,900219
6440055,114,163,9659,2013,273140.0,14352.0,2.3993130000000003,-0.564768,JPN,NOR,900219
6440056,121,163,9659,2013,4864.0,0.0,1.818383,0.75645,KOR,NOR,900219
6440057,130,163,9659,2013,0.0,3282.0,0.737796,1.215543,LTU,NOR,900219
6440058,131,163,9659,2013,916.0,0.0,1.170459,1.150327,LUX,NOR,900219
6440059,153,163,9659,2013,2353.0,0.0,0.937641,0.747496,MYS,NOR,900219
6440060,162,163,9659,2013,307745.0,0.0,1.184107,1.249557,NLD,NOR,900219
6440061,174,163,9659,2013,5054.0,0.0,0.507868,0.355403,PHL,NOR,900219
6440062,177,163,9659,2013,5053.0,0.0,1.084332,1.216749,POL,NOR,900219
6440063,192,163,9659,2013,10942.0,0.0,1.915504,0.619576,SGP,NOR,900219
6440064,206,163,9659,2013,1766.0,0.0,1.32064,0.7519819999999999,SVK,NOR,900219
6440065,208,163,9659,2013,72277.0,20937.0,1.869421,0.228109,SWE,NOR,900219
6440066,216,163,9659,2013,1844.0,0.0,0.8752139999999999,1.3798620000000001,THA,NOR,900219
6440067,231,163,9659,2013,15616.0,2680.0,1.6639689999999998,-0.48651300000000003,USA,NOR,900219
6440068,239,163,9659,2013,3169.0,0.0,-0.11426900000000001,1.399738,VNM,NOR,900219
6440069,249,163,9659,2013,6249.0,0.0,1.843186,0.9432379999999999,TWN,NOR,900219
6440070,14,166,9659,2013,10767.0,25906.0,-0.31145700000000004,-0.167628,AUS,NZL,900219
6440071,43,166,9659,2013,30233.0,5399.0,1.113767,1.477496,CHN,NZL,900219
6440072,61,166,9659,2013,94164.0,0.0,2.093658,-3.4281980000000005,DEU,NZL,900219
6440073,77,166,9659,2013,0.0,3353.0,1.520354,0.022874000000000002,FRA,NZL,900219
6440074,81,166,9659,2013,6800.0,3426.0,1.7901259999999999,0.44164,GBR,NZL,900219
6440075,97,166,9659,2013,198873.0,18568.0,0.744383,1.923139,HKG,NZL,900219
6440076,104,166,9659,2013,1468.0,0.0,0.215356,2.3916209999999998,IND,NZL,900219
6440077,111,166,9659,2013,1330.0,0.0,1.289924,0.533436,ITA,NZL,900219
6440078,114,166,9659,2013,587726.0,5640.0,2.3993130000000003,-0.564768,JPN,NZL,900219
6440079,121,166,9659,2013,1515.0,0.0,1.818383,0.75645,KOR,NZL,900219
6440080,153,166,9659,2013,4079.0,0.0,0.937641,0.747496,MYS,NZL,900219
6440081,156,166,9659,2013,0.0,1316.0,-0.136052,-0.703913,NCL,NZL,900219
6440082,192,166,9659,2013,6777.0,0.0,1.915504,0.619576,SGP,NZL,900219
6440083,231,166,9659,2013,97371.0,4010.0,1.6639689999999998,-0.48651300000000003,USA,NZL,900219
6440084,242,166,9659,2013,0.0,5126.0,0.824724,0.056441,WSM,NZL,900219
6440085,246,166,9659,2013,0.0,1077.0,0.380284,1.5682120000000002,ZAF,NZL,900219
6440086,249,166,9659,2013,10746.0,0.0,1.843186,0.9432379999999999,TWN,NZL,900219
6440087,42,169,9659,2013,0.0,6722.0,-0.260718,-0.38256100000000004,CHL,PAN,900219
6440088,43,169,9659,2013,30121.0,0.0,1.113767,1.477496,CHN,PAN,900219
6440089,49,169,9659,2013,3612.0,1584.0,0.121799,-0.388239,COL,PAN,900219
6440090,54,169,9659,2013,0.0,2034.0,-0.019956,-0.7873319999999999,CUB,PAN,900219
6440091,61,169,9659,2013,47103.0,0.0,2.093658,-3.4281980000000005,DEU,PAN,900219
6440092,64,169,9659,2013,1386.0,0.0,1.161835,1.1788450000000001,DNK,PAN,900219
6440093,67,169,9659,2013,0.0,1654.0,-0.86546,-0.8888389999999999,ECU,PAN,900219
6440094,93,169,9659,2013,0.0,3160.0,-0.41466499999999995,0.774788,GTM,PAN,900219
6440095,97,169,9659,2013,15538.0,315180.0,0.744383,1.923139,HKG,PAN,900219
6440096,112,169,9659,2013,0.0,38933.0,-0.541441,-0.8448559999999999,JAM,PAN,900219
6440097,114,169,9659,2013,150017.0,0.0,2.3993130000000003,-0.564768,JPN,PAN,900219
6440098,121,169,9659,2013,5330.0,0.0,1.818383,0.75645,KOR,PAN,900219
6440099,192,169,9659,2013,1141.0,0.0,1.915504,0.619576,SGP,PAN,900219
6440100,197,169,9659,2013,0.0,5413.0,-0.021029,0.381522,SLV,PAN,900219
6440101,231,169,9659,2013,22028.0,2906.0,1.6639689999999998,-0.48651300000000003,USA,PAN,900219
6440102,236,169,9659,2013,0.0,5701.0,-0.778172,-1.107059,VEN,PAN,900219
6440103,250,169,9659,2013,5577.0,2143.0,0.628555,0.277602,ANS,PAN,900219
6440104,28,173,9659,2013,2382.0,0.0,1.036923,0.864568,BLR,PER,900219
6440105,41,173,9659,2013,1190.0,0.0,2.2104470000000003,0.5403479999999999,CHE,PER,900219
6440106,42,173,9659,2013,1264.0,0.0,-0.260718,-0.38256100000000004,CHL,PER,900219
6440107,43,173,9659,2013,39930.0,0.0,1.113767,1.477496,CHN,PER,900219
6440108,61,173,9659,2013,234571.0,2678.0,2.093658,-3.4281980000000005,DEU,PER,900219
6440109,77,173,9659,2013,27496.0,0.0,1.520354,0.022874000000000002,FRA,PER,900219
6440110,81,173,9659,2013,2340.0,0.0,1.7901259999999999,0.44164,GBR,PER,900219
6440111,104,173,9659,2013,9761.0,0.0,0.215356,2.3916209999999998,IND,PER,900219
6440112,111,173,9659,2013,1244.0,0.0,1.289924,0.533436,ITA,PER,900219
6440113,114,173,9659,2013,25001.0,0.0,2.3993130000000003,-0.564768,JPN,PER,900219
6440114,121,173,9659,2013,3730.0,0.0,1.818383,0.75645,KOR,PER,900219
6440115,192,173,9659,2013,5010.0,0.0,1.915504,0.619576,SGP,PER,900219
6440116,208,173,9659,2013,13595.0,0.0,1.869421,0.228109,SWE,PER,900219
6440117,231,173,9659,2013,271511.0,30902.0,1.6639689999999998,-0.48651300000000003,USA,PER,900219
6440118,249,173,9659,2013,1824.0,0.0,1.843186,0.9432379999999999,TWN,PER,900219
6440119,7,174,9659,2013,0.0,35340.0,-0.074047,-0.585168,ARE,PHL,900219
6440120,14,174,9659,2013,2293.0,15515.0,-0.31145700000000004,-0.167628,AUS,PHL,900219
6440121,24,174,9659,2013,0.0,2174.0,0.249681,-0.6204270000000001,BHR,PHL,900219
6440122,32,174,9659,2013,0.0,4988.0,0.14765899999999998,0.399262,BRA,PHL,900219
6440123,39,174,9659,2013,12744.0,66129.0,0.719649,1.017046,CAN,PHL,900219
6440124,41,174,9659,2013,4057.0,14486.0,2.2104470000000003,0.5403479999999999,CHE,PHL,900219
6440125,43,174,9659,2013,1114641.0,154002912.0,1.113767,1.477496,CHN,PHL,900219
6440126,59,174,9659,2013,0.0,23554.0,1.819653,-0.12423800000000002,CZE,PHL,900219
6440127,61,174,9659,2013,23260.0,484158.0,2.093658,-3.4281980000000005,DEU,PHL,900219
6440128,71,174,9659,2013,0.0,5793.0,0.861698,2.353993,ESP,PHL,900219
6440129,77,174,9659,2013,0.0,54172.0,1.520354,0.022874000000000002,FRA,PHL,900219
6440130,81,174,9659,2013,12725.0,0.0,1.7901259999999999,0.44164,GBR,PHL,900219
6440131,97,174,9659,2013,1356130.0,25221670.0,0.744383,1.923139,HKG,PHL,900219
6440132,103,174,9659,2013,6740.0,589356.0,-0.216854,1.415728,IDN,PHL,900219
6440133,104,174,9659,2013,18909.0,23544.0,0.215356,2.3916209999999998,IND,PHL,900219
6440134,114,174,9659,2013,2468616.0,3868016.0,2.3993130000000003,-0.564768,JPN,PHL,900219
6440135,121,174,9659,2013,1284622.0,509825.0,1.818383,0.75645,KOR,PHL,900219
6440136,122,174,9659,2013,0.0,17959.0,-0.536384,-1.08382,KWT,PHL,900219
6440137,124,174,9659,2013,0.0,3507.0,0.283084,1.4289100000000001,LBN,PHL,900219
6440138,138,174,9659,2013,0.0,8762.0,1.048507,0.718932,MEX,PHL,900219
6440139,153,174,9659,2013,7970.0,17846.0,0.937641,0.747496,MYS,PHL,900219
6440140,163,174,9659,2013,0.0,5054.0,0.892099,0.18168399999999998,NOR,PHL,900219
6440141,177,174,9659,2013,0.0,22743.0,1.084332,1.216749,POL,PHL,900219
6440142,178,174,9659,2013,0.0,622156.0,-0.414538,-0.22449299999999997,PRK,PHL,900219
6440143,183,174,9659,2013,0.0,957.0,-0.083649,-1.013491,QAT,PHL,900219
6440144,186,174,9659,2013,0.0,7652.0,0.481166,-0.180052,RUS,PHL,900219
6440145,192,174,9659,2013,1303.0,191684.0,1.915504,0.619576,SGP,PHL,900219
6440146,201,174,9659,2013,0.0,511.0,0.5717720000000001,1.174901,SRB,PHL,900219
6440147,207,174,9659,2013,0.0,478.0,1.698374,0.563082,SVN,PHL,900219
6440148,208,174,9659,2013,2274.0,0.0,1.869421,0.228109,SWE,PHL,900219
6440149,216,174,9659,2013,0.0,374854.0,0.8752139999999999,1.3798620000000001,THA,PHL,900219
6440150,224,174,9659,2013,0.0,8190.0,0.42932299999999995,2.690235,TUR,PHL,900219
6440151,231,174,9659,2013,7460.0,315787.0,1.6639689999999998,-0.48651300000000003,USA,PHL,900219
6440152,239,174,9659,2013,67762.0,4025324.0,-0.11426900000000001,1.399738,VNM,PHL,900219
6440153,246,174,9659,2013,0.0,19908.0,0.380284,1.5682120000000002,ZAF,PHL,900219
6440154,249,174,9659,2013,274415.0,90847.0,1.843186,0.9432379999999999,TWN,PHL,900219
6440155,9,177,9659,2013,0.0,1578.0,-0.076922,-0.5781390000000001,ARM,POL,900219
6440156,15,177,9659,2013,52095.0,1828.0,1.7209240000000001,-0.286892,AUT,POL,900219
6440157,16,177,9659,2013,0.0,2092.0,-0.9232870000000001,-1.165928,AZE,POL,900219
6440158,18,177,9659,2013,500138.0,1808.0,1.316207,0.972601,BEL,POL,900219
6440159,22,177,9659,2013,102739.0,0.0,-1.101916,-0.734646,BGD,POL,900219
6440160,26,177,9659,2013,0.0,1152.0,0.46743199999999996,0.7340800000000001,BIH,POL,900219
6440161,28,177,9659,2013,1383.0,15966.0,1.036923,0.864568,BLR,POL,900219
6440162,39,177,9659,2013,0.0,1688.0,0.719649,1.017046,CAN,POL,900219
6440163,41,177,9659,2013,59469.0,17366.0,2.2104470000000003,0.5403479999999999,CHE,POL,900219
6440164,43,177,9659,2013,2195181.0,34078.0,1.113767,1.477496,CHN,POL,900219
6440165,59,177,9659,2013,6874.0,5048.0,1.819653,-0.12423800000000002,CZE,POL,900219
6440166,61,177,9659,2013,1971156.0,32560.0,2.093658,-3.4281980000000005,DEU,POL,900219
6440167,64,177,9659,2013,39347.0,9063.0,1.161835,1.1788450000000001,DNK,POL,900219
6440168,71,177,9659,2013,1018.0,981.0,0.861698,2.353993,ESP,POL,900219
6440169,74,177,9659,2013,28955.0,9169.0,1.734552,0.8896940000000001,FIN,POL,900219
6440170,77,177,9659,2013,23315.0,1028.0,1.520354,0.022874000000000002,FRA,POL,900219
6440171,81,177,9659,2013,37752.0,3850.0,1.7901259999999999,0.44164,GBR,POL,900219
6440172,90,177,9659,2013,0.0,3248.0,0.18823800000000002,0.910906,GRC,POL,900219
6440173,97,177,9659,2013,491064.0,221414.0,0.744383,1.923139,HKG,POL,900219
6440174,102,177,9659,2013,7812.0,1987.0,1.506101,0.7279220000000001,HUN,POL,900219
6440175,103,177,9659,2013,6423167.0,124770.0,-0.216854,1.415728,IDN,POL,900219
6440176,104,177,9659,2013,44985.0,2868.0,0.215356,2.3916209999999998,IND,POL,900219
6440177,106,177,9659,2013,5385.0,1612.0,1.29988,0.240688,IRL,POL,900219
6440178,110,177,9659,2013,39180.0,7343.0,1.197241,0.633828,ISR,POL,900219
6440179,111,177,9659,2013,63295.0,9676.0,1.289924,0.533436,ITA,POL,900219
6440180,114,177,9659,2013,425358.0,81266.0,2.3993130000000003,-0.564768,JPN,POL,900219
6440181,115,177,9659,2013,0.0,52886.0,-0.680678,-0.83347,KAZ,POL,900219
6440182,121,177,9659,2013,6011.0,6029.0,1.818383,0.75645,KOR,POL,900219
6440183,130,177,9659,2013,17551.0,1724.0,0.737796,1.215543,LTU,POL,900219
6440184,132,177,9659,2013,0.0,4997.0,0.6219439999999999,1.166749,LVA,POL,900219
6440185,135,177,9659,2013,0.0,1421.0,-0.016235,0.132104,MDA,POL,900219
6440186,138,177,9659,2013,1556.0,0.0,1.048507,0.718932,MEX,POL,900219
6440187,153,177,9659,2013,12098.0,0.0,0.937641,0.747496,MYS,POL,900219
6440188,162,177,9659,2013,103885.0,6147.0,1.184107,1.249557,NLD,POL,900219
6440189,163,177,9659,2013,0.0,5053.0,0.892099,0.18168399999999998,NOR,POL,900219
6440190,174,177,9659,2013,22743.0,0.0,0.507868,0.355403,PHL,POL,900219
6440191,179,177,9659,2013,0.0,1106.0,0.541454,2.5228610000000002,PRT,POL,900219
6440192,185,177,9659,2013,0.0,22627.0,0.792035,1.225034,ROU,POL,900219
6440193,186,177,9659,2013,9212.0,3715.0,0.481166,-0.180052,RUS,POL,900219
6440194,192,177,9659,2013,30223.0,0.0,1.915504,0.619576,SGP,POL,900219
6440195,206,177,9659,2013,0.0,2193.0,1.32064,0.7519819999999999,SVK,POL,900219
6440196,207,177,9659,2013,116226.0,2843.0,1.698374,0.563082,SVN,POL,900219
6440197,208,177,9659,2013,4188.0,20610.0,1.869421,0.228109,SWE,POL,900219
6440198,216,177,9659,2013,0.0,1109.0,0.8752139999999999,1.3798620000000001,THA,POL,900219
6440199,224,177,9659,2013,0.0,1682.0,0.42932299999999995,2.690235,TUR,POL,900219
6440200,228,177,9659,2013,0.0,12035.0,0.657729,0.9063200000000001,UKR,POL,900219
6440201,231,177,9659,2013,25585.0,20971.0,1.6639689999999998,-0.48651300000000003,USA,POL,900219
6440202,232,177,9659,2013,0.0,1784.0,-0.748212,-0.567268,UZB,POL,900219
6440203,249,177,9659,2013,37423.0,0.0,1.843186,0.9432379999999999,TWN,POL,900219
6440204,2,179,9659,2013,0.0,109001.0,-1.172043,-1.133735,AGO,PRT,900219
6440205,14,179,9659,2013,0.0,4960.0,-0.31145700000000004,-0.167628,AUS,PRT,900219
6440206,18,179,9659,2013,3949.0,0.0,1.316207,0.972601,BEL,PRT,900219
6440207,22,179,9659,2013,877864.0,0.0,-1.101916,-0.734646,BGD,PRT,900219
6440208,39,179,9659,2013,0.0,2261.0,0.719649,1.017046,CAN,PRT,900219
6440209,41,179,9659,2013,2437.0,77363.0,2.2104470000000003,0.5403479999999999,CHE,PRT,900219
6440210,43,179,9659,2013,89237.0,4895.0,1.113767,1.477496,CHN,PRT,900219
6440211,51,179,9659,2013,0.0,17081.0,-0.75058,-0.8948219999999999,CPV,PRT,900219
6440212,59,179,9659,2013,0.0,2161.0,1.819653,-0.12423800000000002,CZE,PRT,900219
6440213,61,179,9659,2013,338676.0,0.0,2.093658,-3.4281980000000005,DEU,PRT,900219
6440214,71,179,9659,2013,556982.0,2084.0,0.861698,2.353993,ESP,PRT,900219
6440215,77,179,9659,2013,2766.0,0.0,1.520354,0.022874000000000002,FRA,PRT,900219
6440216,81,179,9659,2013,76011.0,0.0,1.7901259999999999,0.44164,GBR,PRT,900219
6440217,97,179,9659,2013,5806.0,78898.0,0.744383,1.923139,HKG,PRT,900219
6440218,104,179,9659,2013,0.0,3368.0,0.215356,2.3916209999999998,IND,PRT,900219
6440219,106,179,9659,2013,83996.0,0.0,1.29988,0.240688,IRL,PRT,900219
6440220,111,179,9659,2013,76475.0,3963.0,1.289924,0.533436,ITA,PRT,900219
6440221,114,179,9659,2013,61877.0,0.0,2.3993130000000003,-0.564768,JPN,PRT,900219
6440222,121,179,9659,2013,105300.0,0.0,1.818383,0.75645,KOR,PRT,900219
6440223,162,179,9659,2013,5519.0,1059.0,1.184107,1.249557,NLD,PRT,900219
6440224,177,179,9659,2013,1106.0,0.0,1.084332,1.216749,POL,PRT,900219
6440225,186,179,9659,2013,0.0,9618.0,0.481166,-0.180052,RUS,PRT,900219
6440226,192,179,9659,2013,1661.0,0.0,1.915504,0.619576,SGP,PRT,900219
6440227,208,179,9659,2013,32043.0,0.0,1.869421,0.228109,SWE,PRT,900219
6440228,216,179,9659,2013,23865.0,0.0,0.8752139999999999,1.3798620000000001,THA,PRT,900219
6440229,231,179,9659,2013,124978.0,0.0,1.6639689999999998,-0.48651300000000003,USA,PRT,900219
6440230,249,179,9659,2013,4356.0,0.0,1.843186,0.9432379999999999,TWN,PRT,900219
6440231,42,180,9659,2013,3503.0,0.0,-0.260718,-0.38256100000000004,CHL,PRY,900219
6440232,43,180,9659,2013,3042.0,0.0,1.113767,1.477496,CHN,PRY,900219
6440233,61,180,9659,2013,8911.0,0.0,2.093658,-3.4281980000000005,DEU,PRY,900219
6440234,104,180,9659,2013,11185.0,0.0,0.215356,2.3916209999999998,IND,PRY,900219
6440235,231,180,9659,2013,178908.0,0.0,1.6639689999999998,-0.48651300000000003,USA,PRY,900219
6440236,246,180,9659,2013,1419.0,0.0,0.380284,1.5682120000000002,ZAF,PRY,900219
6440237,43,181,9659,2013,823.0,0.0,1.113767,1.477496,CHN,PSE,900219
6440238,61,181,9659,2013,2444.0,0.0,2.093658,-3.4281980000000005,DEU,PSE,900219
6440239,7,183,9659,2013,4721.0,0.0,-0.074047,-0.585168,ARE,QAT,900219
6440240,18,183,9659,2013,6887.0,0.0,1.316207,0.972601,BEL,QAT,900219
6440241,41,183,9659,2013,4710.0,0.0,2.2104470000000003,0.5403479999999999,CHE,QAT,900219
6440242,43,183,9659,2013,6384.0,0.0,1.113767,1.477496,CHN,QAT,900219
6440243,61,183,9659,2013,103782.0,0.0,2.093658,-3.4281980000000005,DEU,QAT,900219
6440244,71,183,9659,2013,2091.0,0.0,0.861698,2.353993,ESP,QAT,900219
6440245,97,183,9659,2013,8733.0,0.0,0.744383,1.923139,HKG,QAT,900219
6440246,111,183,9659,2013,84608.0,0.0,1.289924,0.533436,ITA,QAT,900219
6440247,114,183,9659,2013,7845.0,0.0,2.3993130000000003,-0.564768,JPN,QAT,900219
6440248,174,183,9659,2013,957.0,0.0,0.507868,0.355403,PHL,QAT,900219
6440249,192,183,9659,2013,52189.0,0.0,1.915504,0.619576,SGP,QAT,900219
6440250,208,183,9659,2013,7442.0,0.0,1.869421,0.228109,SWE,QAT,900219
6440251,231,183,9659,2013,4094.0,0.0,1.6639689999999998,-0.48651300000000003,USA,QAT,900219
6440252,249,183,9659,2013,7355.0,0.0,1.843186,0.9432379999999999,TWN,QAT,900219
6440253,24,188,9659,2013,34652.0,0.0,0.249681,-0.6204270000000001,BHR,SAU,900219
6440254,28,188,9659,2013,21079.0,0.0,1.036923,0.864568,BLR,SAU,900219
6440255,41,188,9659,2013,10914.0,0.0,2.2104470000000003,0.5403479999999999,CHE,SAU,900219
6440256,43,188,9659,2013,104695.0,0.0,1.113767,1.477496,CHN,SAU,900219
6440257,61,188,9659,2013,1405082.0,2534.0,2.093658,-3.4281980000000005,DEU,SAU,900219
6440258,77,188,9659,2013,31567.0,0.0,1.520354,0.022874000000000002,FRA,SAU,900219
6440259,81,188,9659,2013,53644.0,0.0,1.7901259999999999,0.44164,GBR,SAU,900219
6440260,97,188,9659,2013,921181.0,0.0,0.744383,1.923139,HKG,SAU,900219
6440261,104,188,9659,2013,32133.0,0.0,0.215356,2.3916209999999998,IND,SAU,900219
6440262,106,188,9659,2013,10712.0,0.0,1.29988,0.240688,IRL,SAU,900219
6440263,111,188,9659,2013,66094.0,0.0,1.289924,0.533436,ITA,SAU,900219
6440264,114,188,9659,2013,101759.0,0.0,2.3993130000000003,-0.564768,JPN,SAU,900219
6440265,121,188,9659,2013,93732.0,0.0,1.818383,0.75645,KOR,SAU,900219
6440266,208,188,9659,2013,12808.0,0.0,1.869421,0.228109,SWE,SAU,900219
6440267,224,188,9659,2013,2463.0,0.0,0.42932299999999995,2.690235,TUR,SAU,900219
6440268,231,188,9659,2013,220224.0,0.0,1.6639689999999998,-0.48651300000000003,USA,SAU,900219
6440269,243,188,9659,2013,0.0,275508.0,-1.252605,-1.207324,YEM,SAU,900219
6440270,249,188,9659,2013,13204.0,0.0,1.843186,0.9432379999999999,TWN,SAU,900219
6440271,43,190,9659,2013,3360.0,0.0,1.113767,1.477496,CHN,SDN,900219
6440272,61,190,9659,2013,8950.0,0.0,2.093658,-3.4281980000000005,DEU,SDN,900219
6440273,104,190,9659,2013,45870.0,0.0,0.215356,2.3916209999999998,IND,SDN,900219
6440274,2,192,9659,2013,0.0,9926.0,-1.172043,-1.133735,AGO,SGP,900219
6440275,7,192,9659,2013,0.0,55571.0,-0.074047,-0.585168,ARE,SGP,900219
6440276,8,192,9659,2013,0.0,25335.0,0.20314300000000002,0.494062,ARG,SGP,900219
6440277,14,192,9659,2013,7862.0,709784.0,-0.31145700000000004,-0.167628,AUS,SGP,900219
6440278,15,192,9659,2013,0.0,54137.0,1.7209240000000001,-0.286892,AUT,SGP,900219
6440279,16,192,9659,2013,0.0,8341.0,-0.9232870000000001,-1.165928,AZE,SGP,900219
6440280,18,192,9659,2013,116803.0,36707.0,1.316207,0.972601,BEL,SGP,900219
6440281,22,192,9659,2013,888487.0,19733.0,-1.101916,-0.734646,BGD,SGP,900219
6440282,28,192,9659,2013,0.0,1186.0,1.036923,0.864568,BLR,SGP,900219
6440283,32,192,9659,2013,1648.0,14920.0,0.14765899999999998,0.399262,BRA,SGP,900219
6440284,34,192,9659,2013,0.0,48944.0,-0.866827,-0.795995,BRN,SGP,900219
6440285,39,192,9659,2013,2587.0,48096.0,0.719649,1.017046,CAN,SGP,900219
6440286,41,192,9659,2013,87668.0,342176.0,2.2104470000000003,0.5403479999999999,CHE,SGP,900219
6440287,42,192,9659,2013,0.0,13364.0,-0.260718,-0.38256100000000004,CHL,SGP,900219
6440288,43,192,9659,2013,5747530.0,6134667.0,1.113767,1.477496,CHN,SGP,900219
6440289,49,192,9659,2013,0.0,2031.0,0.121799,-0.388239,COL,SGP,900219
6440290,52,192,9659,2013,0.0,1550.0,0.067379,-0.688217,CRI,SGP,900219
6440291,59,192,9659,2013,4405.0,29602.0,1.819653,-0.12423800000000002,CZE,SGP,900219
6440292,61,192,9659,2013,2544610.0,3843316.0,2.093658,-3.4281980000000005,DEU,SGP,900219
6440293,64,192,9659,2013,6266.0,0.0,1.161835,1.1788450000000001,DNK,SGP,900219
6440294,67,192,9659,2013,0.0,878.0,-0.86546,-0.8888389999999999,ECU,SGP,900219
6440295,71,192,9659,2013,8742.0,142042.0,0.861698,2.353993,ESP,SGP,900219
6440296,72,192,9659,2013,0.0,918.0,0.8828940000000001,1.386574,EST,SGP,900219
6440297,74,192,9659,2013,0.0,205130.0,1.734552,0.8896940000000001,FIN,SGP,900219
6440298,77,192,9659,2013,21878.0,1347184.0,1.520354,0.022874000000000002,FRA,SGP,900219
6440299,81,192,9659,2013,113109.0,44541.0,1.7901259999999999,0.44164,GBR,SGP,900219
6440300,82,192,9659,2013,0.0,826.0,-0.160691,-0.393419,GEO,SGP,900219
6440301,90,192,9659,2013,0.0,701826.0,0.18823800000000002,0.910906,GRC,SGP,900219
6440302,97,192,9659,2013,786801.0,28329806.0,0.744383,1.923139,HKG,SGP,900219
6440303,103,192,9659,2013,3905.0,1907366.0,-0.216854,1.415728,IDN,SGP,900219
6440304,104,192,9659,2013,728050.0,1117032.0,0.215356,2.3916209999999998,IND,SGP,900219
6440305,106,192,9659,2013,3774.0,5231.0,1.29988,0.240688,IRL,SGP,900219
6440306,110,192,9659,2013,31043.0,300581.0,1.197241,0.633828,ISR,SGP,900219
6440307,111,192,9659,2013,103889.0,44925.0,1.289924,0.533436,ITA,SGP,900219
6440308,114,192,9659,2013,18800188.0,609608.0,2.3993130000000003,-0.564768,JPN,SGP,900219
6440309,115,192,9659,2013,0.0,507.0,-0.680678,-0.83347,KAZ,SGP,900219
6440310,118,192,9659,2013,47752.0,22033.0,-1.054758,-0.872352,KHM,SGP,900219
6440311,121,192,9659,2013,145926.0,476587.0,1.818383,0.75645,KOR,SGP,900219
6440312,123,192,9659,2013,0.0,887.0,-1.204446,-0.8571489999999999,LAO,SGP,900219
6440313,124,192,9659,2013,0.0,3428.0,0.283084,1.4289100000000001,LBN,SGP,900219
6440314,128,192,9659,2013,0.0,129398.0,-0.6521779999999999,0.41258599999999995,LKA,SGP,900219
6440315,137,192,9659,2013,0.0,1699.0,-0.21889699999999998,-0.776392,MDV,SGP,900219
6440316,138,192,9659,2013,20015.0,33929.0,1.048507,0.718932,MEX,SGP,900219
6440317,143,192,9659,2013,0.0,109229.0,-1.230787,-0.737375,MMR,SGP,900219
6440318,153,192,9659,2013,212280.0,1019994.0,0.937641,0.747496,MYS,SGP,900219
6440319,162,192,9659,2013,2385053.0,3334644.0,1.184107,1.249557,NLD,SGP,900219
6440320,163,192,9659,2013,0.0,10942.0,0.892099,0.18168399999999998,NOR,SGP,900219
6440321,164,192,9659,2013,0.0,13631.0,-0.293669,0.677365,NPL,SGP,900219
6440322,166,192,9659,2013,0.0,6777.0,0.3345,0.39063000000000003,NZL,SGP,900219
6440323,168,192,9659,2013,0.0,8441.0,-0.75727,0.769703,PAK,SGP,900219
6440324,169,192,9659,2013,0.0,1141.0,0.735637,1.161718,PAN,SGP,900219
6440325,173,192,9659,2013,0.0,5010.0,-0.573852,0.357977,PER,SGP,900219
6440326,174,192,9659,2013,191684.0,1303.0,0.507868,0.355403,PHL,SGP,900219
6440327,177,192,9659,2013,0.0,30223.0,1.084332,1.216749,POL,SGP,900219
6440328,179,192,9659,2013,0.0,1661.0,0.541454,2.5228610000000002,PRT,SGP,900219
6440329,183,192,9659,2013,0.0,52189.0,-0.083649,-1.013491,QAT,SGP,900219
6440330,186,192,9659,2013,0.0,15267.0,0.481166,-0.180052,RUS,SGP,900219
6440331,197,192,9659,2013,0.0,2709.0,-0.021029,0.381522,SLV,SGP,900219
6440332,201,192,9659,2013,0.0,2348.0,0.5717720000000001,1.174901,SRB,SGP,900219
6440333,206,192,9659,2013,0.0,2204.0,1.32064,0.7519819999999999,SVK,SGP,900219
6440334,207,192,9659,2013,0.0,2022.0,1.698374,0.563082,SVN,SGP,900219
6440335,208,192,9659,2013,28608.0,65377.0,1.869421,0.228109,SWE,SGP,900219
6440336,216,192,9659,2013,40953.0,428929.0,0.8752139999999999,1.3798620000000001,THA,SGP,900219
6440337,224,192,9659,2013,0.0,250749.0,0.42932299999999995,2.690235,TUR,SGP,900219
6440338,231,192,9659,2013,2346636.0,3300884.0,1.6639689999999998,-0.48651300000000003,USA,SGP,900219
6440339,239,192,9659,2013,262786.0,236014.0,-0.11426900000000001,1.399738,VNM,SGP,900219
6440340,246,192,9659,2013,7557.0,58308.0,0.380284,1.5682120000000002,ZAF,SGP,900219
6440341,249,192,9659,2013,1153672.0,370949.0,1.843186,0.9432379999999999,TWN,SGP,900219
6440342,18,197,9659,2013,3356.0,0.0,1.316207,0.972601,BEL,SLV,900219
6440343,43,197,9659,2013,4507.0,0.0,1.113767,1.477496,CHN,SLV,900219
6440344,61,197,9659,2013,103613.0,5799.0,2.093658,-3.4281980000000005,DEU,SLV,900219
6440345,104,197,9659,2013,18986.0,0.0,0.215356,2.3916209999999998,IND,SLV,900219
6440346,114,197,9659,2013,2823.0,0.0,2.3993130000000003,-0.564768,JPN,SLV,900219
6440347,169,197,9659,2013,5413.0,0.0,0.735637,1.161718,PAN,SLV,900219
6440348,192,197,9659,2013,2709.0,0.0,1.915504,0.619576,SGP,SLV,900219
6440349,231,197,9659,2013,25429.0,0.0,1.6639689999999998,-0.48651300000000003,USA,SLV,900219
6440350,61,205,9659,2013,6322.0,0.0,2.093658,-3.4281980000000005,DEU,SUR,900219
6440351,111,205,9659,2013,1556.0,0.0,1.289924,0.533436,ITA,SUR,900219
6440352,162,205,9659,2013,14774.0,0.0,1.184107,1.249557,NLD,SUR,900219
6440353,231,205,9659,2013,2236.0,0.0,1.6639689999999998,-0.48651300000000003,USA,SUR,900219
6440354,15,206,9659,2013,9201.0,1887.0,1.7209240000000001,-0.286892,AUT,SVK,900219
6440355,18,206,9659,2013,140343.0,0.0,1.316207,0.972601,BEL,SVK,900219
6440356,22,206,9659,2013,15770.0,0.0,-1.101916,-0.734646,BGD,SVK,900219
6440357,41,206,9659,2013,4703.0,0.0,2.2104470000000003,0.5403479999999999,CHE,SVK,900219
6440358,43,206,9659,2013,37388.0,0.0,1.113767,1.477496,CHN,SVK,900219
6440359,59,206,9659,2013,51291.0,3962.0,1.819653,-0.12423800000000002,CZE,SVK,900219
6440360,61,206,9659,2013,996691.0,2106.0,2.093658,-3.4281980000000005,DEU,SVK,900219
6440361,90,206,9659,2013,0.0,112395.0,0.18823800000000002,0.910906,GRC,SVK,900219
6440362,97,206,9659,2013,889470.0,101540.0,0.744383,1.923139,HKG,SVK,900219
6440363,100,206,9659,2013,0.0,3125.0,0.898284,1.038807,HRV,SVK,900219
6440364,102,206,9659,2013,31478.0,4261.0,1.506101,0.7279220000000001,HUN,SVK,900219
6440365,104,206,9659,2013,1352.0,0.0,0.215356,2.3916209999999998,IND,SVK,900219
6440366,110,206,9659,2013,2427.0,259670.0,1.197241,0.633828,ISR,SVK,900219
6440367,111,206,9659,2013,82246.0,0.0,1.289924,0.533436,ITA,SVK,900219
6440368,114,206,9659,2013,78239.0,0.0,2.3993130000000003,-0.564768,JPN,SVK,900219
6440369,162,206,9659,2013,3240.0,0.0,1.184107,1.249557,NLD,SVK,900219
6440370,163,206,9659,2013,0.0,1766.0,0.892099,0.18168399999999998,NOR,SVK,900219
6440371,177,206,9659,2013,2193.0,0.0,1.084332,1.216749,POL,SVK,900219
6440372,185,206,9659,2013,0.0,1550.0,0.792035,1.225034,ROU,SVK,900219
6440373,192,206,9659,2013,2204.0,0.0,1.915504,0.619576,SGP,SVK,900219
6440374,231,206,9659,2013,12612.0,0.0,1.6639689999999998,-0.48651300000000003,USA,SVK,900219
6440375,239,206,9659,2013,19165.0,0.0,-0.11426900000000001,1.399738,VNM,SVK,900219
6440376,249,206,9659,2013,33949.0,0.0,1.843186,0.9432379999999999,TWN,SVK,900219
6440377,250,206,9659,2013,1131.0,0.0,0.628555,0.277602,ANS,SVK,900219
6440378,7,208,9659,2013,0.0,24181.0,-0.074047,-0.585168,ARE,SWE,900219
6440379,14,208,9659,2013,0.0,110342.0,-0.31145700000000004,-0.167628,AUS,SWE,900219
6440380,15,208,9659,2013,14455.0,5763.0,1.7209240000000001,-0.286892,AUT,SWE,900219
6440381,18,208,9659,2013,54602.0,6355.0,1.316207,0.972601,BEL,SWE,900219
6440382,28,208,9659,2013,0.0,5722.0,1.036923,0.864568,BLR,SWE,900219
6440383,31,208,9659,2013,0.0,2352.0,-1.039614,-0.95663,BOL,SWE,900219
6440384,32,208,9659,2013,0.0,176700.0,0.14765899999999998,0.399262,BRA,SWE,900219
6440385,39,208,9659,2013,6108.0,247380.0,0.719649,1.017046,CAN,SWE,900219
6440386,41,208,9659,2013,405831.0,133467.0,2.2104470000000003,0.5403479999999999,CHE,SWE,900219
6440387,42,208,9659,2013,0.0,19624.0,-0.260718,-0.38256100000000004,CHL,SWE,900219
6440388,43,208,9659,2013,93257.0,669202.0,1.113767,1.477496,CHN,SWE,900219
6440389,52,208,9659,2013,0.0,9605.0,0.067379,-0.688217,CRI,SWE,900219
6440390,59,208,9659,2013,41798.0,2269.0,1.819653,-0.12423800000000002,CZE,SWE,900219
6440391,61,208,9659,2013,1951778.0,46479.0,2.093658,-3.4281980000000005,DEU,SWE,900219
6440392,64,208,9659,2013,6894.0,145220.0,1.161835,1.1788450000000001,DNK,SWE,900219
6440393,67,208,9659,2013,0.0,21563.0,-0.86546,-0.8888389999999999,ECU,SWE,900219
6440394,71,208,9659,2013,1392.0,8538.0,0.861698,2.353993,ESP,SWE,900219
6440395,72,208,9659,2013,0.0,12352.0,0.8828940000000001,1.386574,EST,SWE,900219
6440396,74,208,9659,2013,0.0,136321.0,1.734552,0.8896940000000001,FIN,SWE,900219
6440397,77,208,9659,2013,92548.0,35483.0,1.520354,0.022874000000000002,FRA,SWE,900219
6440398,81,208,9659,2013,33758.0,41775.0,1.7901259999999999,0.44164,GBR,SWE,900219
6440399,82,208,9659,2013,0.0,34095.0,-0.160691,-0.393419,GEO,SWE,900219
6440400,90,208,9659,2013,0.0,1361.0,0.18823800000000002,0.910906,GRC,SWE,900219
6440401,97,208,9659,2013,90389.0,231175.0,0.744383,1.923139,HKG,SWE,900219
6440402,99,208,9659,2013,0.0,1538.0,-0.731431,-0.310927,HND,SWE,900219
6440403,100,208,9659,2013,0.0,1358.0,0.898284,1.038807,HRV,SWE,900219
6440404,104,208,9659,2013,0.0,37677.0,0.215356,2.3916209999999998,IND,SWE,900219
6440405,106,208,9659,2013,9250.0,3311.0,1.29988,0.240688,IRL,SWE,900219
6440406,109,208,9659,2013,0.0,33337.0,0.259374,-0.20413299999999998,ISL,SWE,900219
6440407,110,208,9659,2013,62089.0,0.0,1.197241,0.633828,ISR,SWE,900219
6440408,111,208,9659,2013,100041.0,2255.0,1.289924,0.533436,ITA,SWE,900219
6440409,114,208,9659,2013,591424.0,220495.0,2.3993130000000003,-0.564768,JPN,SWE,900219
6440410,121,208,9659,2013,1179.0,258884.0,1.818383,0.75645,KOR,SWE,900219
6440411,132,208,9659,2013,0.0,25651.0,0.6219439999999999,1.166749,LVA,SWE,900219
6440412,134,208,9659,2013,0.0,12819.0,-0.6494260000000001,-0.035075999999999996,MAR,SWE,900219
6440413,138,208,9659,2013,743.0,6869.0,1.048507,0.718932,MEX,SWE,900219
6440414,153,208,9659,2013,0.0,12253.0,0.937641,0.747496,MYS,SWE,900219
6440415,162,208,9659,2013,951879.0,8494.0,1.184107,1.249557,NLD,SWE,900219
6440416,163,208,9659,2013,20937.0,72277.0,0.892099,0.18168399999999998,NOR,SWE,900219
6440417,173,208,9659,2013,0.0,13595.0,-0.573852,0.357977,PER,SWE,900219
6440418,174,208,9659,2013,0.0,2274.0,0.507868,0.355403,PHL,SWE,900219
6440419,177,208,9659,2013,20610.0,4188.0,1.084332,1.216749,POL,SWE,900219
6440420,179,208,9659,2013,0.0,32043.0,0.541454,2.5228610000000002,PRT,SWE,900219
6440421,183,208,9659,2013,0.0,7442.0,-0.083649,-1.013491,QAT,SWE,900219
6440422,186,208,9659,2013,0.0,162013.0,0.481166,-0.180052,RUS,SWE,900219
6440423,188,208,9659,2013,0.0,12808.0,0.626347,-0.844406,SAU,SWE,900219
6440424,192,208,9659,2013,65377.0,28608.0,1.915504,0.619576,SGP,SWE,900219
6440425,201,208,9659,2013,6567.0,14164.0,0.5717720000000001,1.174901,SRB,SWE,900219
6440426,216,208,9659,2013,64283.0,5697.0,0.8752139999999999,1.3798620000000001,THA,SWE,900219
6440427,222,208,9659,2013,0.0,1115.0,-0.280641,-1.083332,TTO,SWE,900219
6440428,224,208,9659,2013,0.0,19244.0,0.42932299999999995,2.690235,TUR,SWE,900219
6440429,228,208,9659,2013,0.0,29774.0,0.657729,0.9063200000000001,UKR,SWE,900219
6440430,231,208,9659,2013,348221.0,2032504.0,1.6639689999999998,-0.48651300000000003,USA,SWE,900219
6440431,236,208,9659,2013,0.0,4809.0,-0.778172,-1.107059,VEN,SWE,900219
6440432,246,208,9659,2013,1391.0,36854.0,0.380284,1.5682120000000002,ZAF,SWE,900219
6440433,249,208,9659,2013,15232.0,46491.0,1.843186,0.9432379999999999,TWN,SWE,900219
6440434,7,216,9659,2013,0.0,11871689.0,-0.074047,-0.585168,ARE,THA,900219
6440435,14,216,9659,2013,3227.0,24500.0,-0.31145700000000004,-0.167628,AUS,THA,900219
6440436,15,216,9659,2013,0.0,4101.0,1.7209240000000001,-0.286892,AUT,THA,900219
6440437,18,216,9659,2013,8054.0,1560.0,1.316207,0.972601,BEL,THA,900219
6440438,22,216,9659,2013,174532.0,0.0,-1.101916,-0.734646,BGD,THA,900219
6440439,39,216,9659,2013,1310.0,9045.0,0.719649,1.017046,CAN,THA,900219
6440440,41,216,9659,2013,31680.0,8843.0,2.2104470000000003,0.5403479999999999,CHE,THA,900219
6440441,43,216,9659,2013,4990922.0,24497296.0,1.113767,1.477496,CHN,THA,900219
6440442,59,216,9659,2013,1067.0,0.0,1.819653,-0.12423800000000002,CZE,THA,900219
6440443,61,216,9659,2013,117016.0,4933.0,2.093658,-3.4281980000000005,DEU,THA,900219
6440444,64,216,9659,2013,2131.0,12071.0,1.161835,1.1788450000000001,DNK,THA,900219
6440445,68,216,9659,2013,0.0,967.0,-0.17418,1.692641,EGY,THA,900219
6440446,71,216,9659,2013,1676.0,1309.0,0.861698,2.353993,ESP,THA,900219
6440447,77,216,9659,2013,3334.0,3852.0,1.520354,0.022874000000000002,FRA,THA,900219
6440448,81,216,9659,2013,6123.0,69731.0,1.7901259999999999,0.44164,GBR,THA,900219
6440449,97,216,9659,2013,1657028.0,4327720.0,0.744383,1.923139,HKG,THA,900219
6440450,102,216,9659,2013,96794.0,1547.0,1.506101,0.7279220000000001,HUN,THA,900219
6440451,103,216,9659,2013,107768.0,222433.0,-0.216854,1.415728,IDN,THA,900219
6440452,104,216,9659,2013,38669.0,1353954.0,0.215356,2.3916209999999998,IND,THA,900219
6440453,110,216,9659,2013,31915.0,0.0,1.197241,0.633828,ISR,THA,900219
6440454,111,216,9659,2013,7528.0,2157.0,1.289924,0.533436,ITA,THA,900219
6440455,114,216,9659,2013,4923742.0,68913744.0,2.3993130000000003,-0.564768,JPN,THA,900219
6440456,121,216,9659,2013,565474.0,34578.0,1.818383,0.75645,KOR,THA,900219
6440457,123,216,9659,2013,0.0,8529.0,-1.204446,-0.8571489999999999,LAO,THA,900219
6440458,128,216,9659,2013,1734.0,0.0,-0.6521779999999999,0.41258599999999995,LKA,THA,900219
6440459,138,216,9659,2013,3660.0,2626.0,1.048507,0.718932,MEX,THA,900219
6440460,153,216,9659,2013,1203720.0,63906.0,0.937641,0.747496,MYS,THA,900219
6440461,162,216,9659,2013,0.0,16904.0,1.184107,1.249557,NLD,THA,900219
6440462,163,216,9659,2013,0.0,1844.0,0.892099,0.18168399999999998,NOR,THA,900219
6440463,174,216,9659,2013,374854.0,0.0,0.507868,0.355403,PHL,THA,900219
6440464,177,216,9659,2013,1109.0,0.0,1.084332,1.216749,POL,THA,900219
6440465,179,216,9659,2013,0.0,23865.0,0.541454,2.5228610000000002,PRT,THA,900219
6440466,192,216,9659,2013,428929.0,40953.0,1.915504,0.619576,SGP,THA,900219
6440467,208,216,9659,2013,5697.0,64283.0,1.869421,0.228109,SWE,THA,900219
6440468,224,216,9659,2013,0.0,4863.0,0.42932299999999995,2.690235,TUR,THA,900219
6440469,228,216,9659,2013,0.0,2432.0,0.657729,0.9063200000000001,UKR,THA,900219
6440470,231,216,9659,2013,184596.0,132400.0,1.6639689999999998,-0.48651300000000003,USA,THA,900219
6440471,239,216,9659,2013,11707.0,813570.0,-0.11426900000000001,1.399738,VNM,THA,900219
6440472,246,216,9659,2013,84024.0,26008.0,0.380284,1.5682120000000002,ZAF,THA,900219
6440473,249,216,9659,2013,437393.0,8482.0,1.843186,0.9432379999999999,TWN,THA,900219
6440474,61,222,9659,2013,3555.0,0.0,2.093658,-3.4281980000000005,DEU,TTO,900219
6440475,81,222,9659,2013,5438.0,0.0,1.7901259999999999,0.44164,GBR,TTO,900219
6440476,208,222,9659,2013,1115.0,0.0,1.869421,0.228109,SWE,TTO,900219
6440477,231,222,9659,2013,2842.0,0.0,1.6639689999999998,-0.48651300000000003,USA,TTO,900219
6440478,1,224,9659,2013,0.0,13921.0,-0.985727,-0.7164550000000001,AFG,TUR,900219
6440479,7,224,9659,2013,0.0,1053.0,-0.074047,-0.585168,ARE,TUR,900219
6440480,15,224,9659,2013,4732.0,0.0,1.7209240000000001,-0.286892,AUT,TUR,900219
6440481,16,224,9659,2013,0.0,2054.0,-0.9232870000000001,-1.165928,AZE,TUR,900219
6440482,18,224,9659,2013,100040.0,6935.0,1.316207,0.972601,BEL,TUR,900219
6440483,22,224,9659,2013,30267.0,0.0,-1.101916,-0.734646,BGD,TUR,900219
6440484,23,224,9659,2013,139414.0,0.0,0.5026109999999999,1.674296,BGR,TUR,900219
6440485,28,224,9659,2013,1976.0,0.0,1.036923,0.864568,BLR,TUR,900219
6440486,32,224,9659,2013,0.0,1442.0,0.14765899999999998,0.399262,BRA,TUR,900219
6440487,39,224,9659,2013,1141.0,0.0,0.719649,1.017046,CAN,TUR,900219
6440488,41,224,9659,2013,47179.0,0.0,2.2104470000000003,0.5403479999999999,CHE,TUR,900219
6440489,43,224,9659,2013,992098.0,0.0,1.113767,1.477496,CHN,TUR,900219
6440490,59,224,9659,2013,13185.0,0.0,1.819653,-0.12423800000000002,CZE,TUR,900219
6440491,61,224,9659,2013,2222958.0,10382.0,2.093658,-3.4281980000000005,DEU,TUR,900219
6440492,71,224,9659,2013,158902.0,0.0,0.861698,2.353993,ESP,TUR,900219
6440493,77,224,9659,2013,18807.0,0.0,1.520354,0.022874000000000002,FRA,TUR,900219
6440494,81,224,9659,2013,18244.0,0.0,1.7901259999999999,0.44164,GBR,TUR,900219
6440495,97,224,9659,2013,7054.0,176653.0,0.744383,1.923139,HKG,TUR,900219
6440496,104,224,9659,2013,137985.0,88454.0,0.215356,2.3916209999999998,IND,TUR,900219
6440497,108,224,9659,2013,0.0,4752.0,-2.839079,-0.8705440000000001,IRQ,TUR,900219
6440498,110,224,9659,2013,76731.0,975.0,1.197241,0.633828,ISR,TUR,900219
6440499,111,224,9659,2013,108333.0,0.0,1.289924,0.533436,ITA,TUR,900219
6440500,114,224,9659,2013,683813.0,0.0,2.3993130000000003,-0.564768,JPN,TUR,900219
6440501,115,224,9659,2013,0.0,7001.0,-0.680678,-0.83347,KAZ,TUR,900219
6440502,121,224,9659,2013,30142.0,0.0,1.818383,0.75645,KOR,TUR,900219
6440503,131,224,9659,2013,5495.0,0.0,1.170459,1.150327,LUX,TUR,900219
6440504,153,224,9659,2013,0.0,5805.0,0.937641,0.747496,MYS,TUR,900219
6440505,162,224,9659,2013,39791.0,0.0,1.184107,1.249557,NLD,TUR,900219
6440506,174,224,9659,2013,8190.0,0.0,0.507868,0.355403,PHL,TUR,900219
6440507,177,224,9659,2013,1682.0,0.0,1.084332,1.216749,POL,TUR,900219
6440508,186,224,9659,2013,0.0,6782.0,0.481166,-0.180052,RUS,TUR,900219
6440509,188,224,9659,2013,0.0,2463.0,0.626347,-0.844406,SAU,TUR,900219
6440510,192,224,9659,2013,250749.0,0.0,1.915504,0.619576,SGP,TUR,900219
6440511,207,224,9659,2013,2651.0,0.0,1.698374,0.563082,SVN,TUR,900219
6440512,208,224,9659,2013,19244.0,0.0,1.869421,0.228109,SWE,TUR,900219
6440513,216,224,9659,2013,4863.0,0.0,0.8752139999999999,1.3798620000000001,THA,TUR,900219
6440514,219,224,9659,2013,0.0,7688.0,-1.6186770000000001,-1.2210969999999999,TKM,TUR,900219
6440515,231,224,9659,2013,109758.0,0.0,1.6639689999999998,-0.48651300000000003,USA,TUR,900219
6440516,239,224,9659,2013,2017.0,0.0,-0.11426900000000001,1.399738,VNM,TUR,900219
6440517,249,224,9659,2013,4521.0,0.0,1.843186,0.9432379999999999,TWN,TUR,900219
6440518,250,224,9659,2013,0.0,1457.0,0.628555,0.277602,ANS,TUR,900219
6440519,18,228,9659,2013,27387.0,0.0,1.316207,0.972601,BEL,UKR,900219
6440520,23,228,9659,2013,0.0,1292.0,0.5026109999999999,1.674296,BGR,UKR,900219
6440521,41,228,9659,2013,4188.0,0.0,2.2104470000000003,0.5403479999999999,CHE,UKR,900219
6440522,43,228,9659,2013,354669.0,0.0,1.113767,1.477496,CHN,UKR,900219
6440523,59,228,9659,2013,0.0,2454.0,1.819653,-0.12423800000000002,CZE,UKR,900219
6440524,61,228,9659,2013,214507.0,4019.0,2.093658,-3.4281980000000005,DEU,UKR,900219
6440525,66,228,9659,2013,0.0,10949.0,-1.373947,-1.1523459999999999,DZA,UKR,900219
6440526,71,228,9659,2013,0.0,1774.0,0.861698,2.353993,ESP,UKR,900219
6440527,81,228,9659,2013,11985.0,0.0,1.7901259999999999,0.44164,GBR,UKR,900219
6440528,97,228,9659,2013,71548.0,693.0,0.744383,1.923139,HKG,UKR,900219
6440529,102,228,9659,2013,71731.0,0.0,1.506101,0.7279220000000001,HUN,UKR,900219
6440530,106,228,9659,2013,0.0,2047.0,1.29988,0.240688,IRL,UKR,900219
6440531,114,228,9659,2013,135861.0,0.0,2.3993130000000003,-0.564768,JPN,UKR,900219
6440532,121,228,9659,2013,3220.0,0.0,1.818383,0.75645,KOR,UKR,900219
6440533,132,228,9659,2013,1078.0,0.0,0.6219439999999999,1.166749,LVA,UKR,900219
6440534,162,228,9659,2013,8725.0,0.0,1.184107,1.249557,NLD,UKR,900219
6440535,177,228,9659,2013,12035.0,0.0,1.084332,1.216749,POL,UKR,900219
6440536,186,228,9659,2013,0.0,3184.0,0.481166,-0.180052,RUS,UKR,900219
6440537,208,228,9659,2013,29774.0,0.0,1.869421,0.228109,SWE,UKR,900219
6440538,216,228,9659,2013,2432.0,0.0,0.8752139999999999,1.3798620000000001,THA,UKR,900219
6440539,231,228,9659,2013,453957.0,56349.0,1.6639689999999998,-0.48651300000000003,USA,UKR,900219
6440540,239,228,9659,2013,1381.0,0.0,-0.11426900000000001,1.399738,VNM,UKR,900219
6440541,249,228,9659,2013,974.0,2021.0,1.843186,0.9432379999999999,TWN,UKR,900219
6440542,41,230,9659,2013,1397.0,0.0,2.2104470000000003,0.5403479999999999,CHE,URY,900219
6440543,43,230,9659,2013,14209.0,0.0,1.113767,1.477496,CHN,URY,900219
6440544,61,230,9659,2013,26727.0,0.0,2.093658,-3.4281980000000005,DEU,URY,900219
6440545,104,230,9659,2013,22614.0,0.0,0.215356,2.3916209999999998,IND,URY,900219
6440546,231,230,9659,2013,2961.0,0.0,1.6639689999999998,-0.48651300000000003,USA,URY,900219
6440547,1,231,9659,2013,0.0,10021.0,-0.985727,-0.7164550000000001,AFG,USA,900219
6440548,7,231,9659,2013,0.0,64199.0,-0.074047,-0.585168,ARE,USA,900219
6440549,8,231,9659,2013,7645.0,211921.0,0.20314300000000002,0.494062,ARG,USA,900219
6440550,9,231,9659,2013,0.0,2343.0,-0.076922,-0.5781390000000001,ARM,USA,900219
6440551,13,231,9659,2013,3244.0,0.0,0.096563,-0.60577,ATG,USA,900219
6440552,14,231,9659,2013,645443.0,522828.0,-0.31145700000000004,-0.167628,AUS,USA,900219
6440553,15,231,9659,2013,328913.0,318234.0,1.7209240000000001,-0.286892,AUT,USA,900219
6440554,18,231,9659,2013,136521.0,165096.0,1.316207,0.972601,BEL,USA,900219
6440555,22,231,9659,2013,9708.0,0.0,-1.101916,-0.734646,BGD,USA,900219
6440556,23,231,9659,2013,71225.0,14467.0,0.5026109999999999,1.674296,BGR,USA,900219
6440557,25,231,9659,2013,0.0,80013.0,0.756732,-0.369842,BHS,USA,900219
6440558,26,231,9659,2013,0.0,488.0,0.46743199999999996,0.7340800000000001,BIH,USA,900219
6440559,28,231,9659,2013,5484.0,22272.0,1.036923,0.864568,BLR,USA,900219
6440560,30,231,9659,2013,0.0,6594.0,1.087677,-0.452984,BMU,USA,900219
6440561,31,231,9659,2013,0.0,42521.0,-1.039614,-0.95663,BOL,USA,900219
6440562,32,231,9659,2013,37078.0,325105.0,0.14765899999999998,0.399262,BRA,USA,900219
6440563,33,231,9659,2013,0.0,3273.0,0.6969489999999999,0.135283,BRB,USA,900219
6440564,37,231,9659,2013,0.0,1768.0,-0.46761499999999995,-1.0842040000000002,BWA,USA,900219
6440565,39,231,9659,2013,5959122.0,2872448.0,0.719649,1.017046,CAN,USA,900219
6440566,41,231,9659,2013,1188238.0,851421.0,2.2104470000000003,0.5403479999999999,CHE,USA,900219
6440567,42,231,9659,2013,0.0,472081.0,-0.260718,-0.38256100000000004,CHL,USA,900219
6440568,43,231,9659,2013,11543445.0,2388120.0,1.113767,1.477496,CHN,USA,900219
6440569,49,231,9659,2013,1827.0,216825.0,0.121799,-0.388239,COL,USA,900219
6440570,52,231,9659,2013,0.0,4765.0,0.067379,-0.688217,CRI,USA,900219
6440571,55,231,9659,2013,0.0,6717.0,0.029981999999999998,-0.673439,CUW,USA,900219
6440572,58,231,9659,2013,0.0,2805.0,0.502238,0.349608,CYP,USA,900219
6440573,59,231,9659,2013,94171.0,125853.0,1.819653,-0.12423800000000002,CZE,USA,900219
6440574,61,231,9659,2013,56521180.0,6357032.0,2.093658,-3.4281980000000005,DEU,USA,900219
6440575,64,231,9659,2013,13162.0,62157.0,1.161835,1.1788450000000001,DNK,USA,900219
6440576,65,231,9659,2013,0.0,13001.0,-0.277269,0.432388,DOM,USA,900219
6440577,67,231,9659,2013,0.0,273412.0,-0.86546,-0.8888389999999999,ECU,USA,900219
6440578,68,231,9659,2013,0.0,20672.0,-0.17418,1.692641,EGY,USA,900219
6440579,71,231,9659,2013,10494.0,29290.0,0.861698,2.353993,ESP,USA,900219
6440580,72,231,9659,2013,42878.0,3890.0,0.8828940000000001,1.386574,EST,USA,900219
6440581,73,231,9659,2013,0.0,932.0,-1.264002,-0.9594219999999999,ETH,USA,900219
6440582,74,231,9659,2013,31811.0,227182.0,1.734552,0.8896940000000001,FIN,USA,900219
6440583,77,231,9659,2013,419373.0,2006934.0,1.520354,0.022874000000000002,FRA,USA,900219
6440584,81,231,9659,2013,1131001.0,3544669.0,1.7901259999999999,0.44164,GBR,USA,900219
6440585,90,231,9659,2013,0.0,5327.0,0.18823800000000002,0.910906,GRC,USA,900219
6440586,93,231,9659,2013,0.0,18500.0,-0.41466499999999995,0.774788,GTM,USA,900219
6440587,97,231,9659,2013,76517.0,4089187.0,0.744383,1.923139,HKG,USA,900219
6440588,100,231,9659,2013,0.0,3819.0,0.898284,1.038807,HRV,USA,900219
6440589,102,231,9659,2013,3351.0,40344.0,1.506101,0.7279220000000001,HUN,USA,900219
6440590,103,231,9659,2013,89064.0,16932.0,-0.216854,1.415728,IDN,USA,900219
6440591,104,231,9659,2013,92253.0,572541.0,0.215356,2.3916209999999998,IND,USA,900219
6440592,106,231,9659,2013,111751.0,514067.0,1.29988,0.240688,IRL,USA,900219
6440593,108,231,9659,2013,0.0,18662.0,-2.839079,-0.8705440000000001,IRQ,USA,900219
6440594,109,231,9659,2013,0.0,2528.0,0.259374,-0.20413299999999998,ISL,USA,900219
6440595,110,231,9659,2013,5332224.0,11702403.0,1.197241,0.633828,ISR,USA,900219
6440596,111,231,9659,2013,255935.0,219391.0,1.289924,0.533436,ITA,USA,900219
6440597,112,231,9659,2013,2026.0,3294.0,-0.541441,-0.8448559999999999,JAM,USA,900219
6440598,113,231,9659,2013,0.0,1008.0,0.152659,0.5889979999999999,JOR,USA,900219
6440599,114,231,9659,2013,42162232.0,5236286.0,2.3993130000000003,-0.564768,JPN,USA,900219
6440600,115,231,9659,2013,0.0,1989.0,-0.680678,-0.83347,KAZ,USA,900219
6440601,116,231,9659,2013,0.0,5137.0,-0.448112,0.8672719999999999,KEN,USA,900219
6440602,118,231,9659,2013,0.0,2615.0,-1.054758,-0.872352,KHM,USA,900219
6440603,121,231,9659,2013,502051.0,3418860.0,1.818383,0.75645,KOR,USA,900219
6440604,122,231,9659,2013,0.0,6494.0,-0.536384,-1.08382,KWT,USA,900219
6440605,124,231,9659,2013,0.0,21615.0,0.283084,1.4289100000000001,LBN,USA,900219
6440606,130,231,9659,2013,18878.0,15147.0,0.737796,1.215543,LTU,USA,900219
6440607,131,231,9659,2013,0.0,12924.0,1.170459,1.150327,LUX,USA,900219
6440608,132,231,9659,2013,0.0,360528.0,0.6219439999999999,1.166749,LVA,USA,900219
6440609,134,231,9659,2013,0.0,6711.0,-0.6494260000000001,-0.035075999999999996,MAR,USA,900219
6440610,138,231,9659,2013,41402.0,5540537.0,1.048507,0.718932,MEX,USA,900219
6440611,153,231,9659,2013,260731.0,355504.0,0.937641,0.747496,MYS,USA,900219
6440612,155,231,9659,2013,0.0,37201.0,-0.308643,-0.480617,NAM,USA,900219
6440613,156,231,9659,2013,4940.0,5470.0,-0.136052,-0.703913,NCL,USA,900219
6440614,160,231,9659,2013,0.0,3006.0,-0.9277,-0.6842630000000001,NIC,USA,900219
6440615,162,231,9659,2013,8358728.0,41450812.0,1.184107,1.249557,NLD,USA,900219
6440616,163,231,9659,2013,2680.0,15616.0,0.892099,0.18168399999999998,NOR,USA,900219
6440617,166,231,9659,2013,4010.0,97371.0,0.3345,0.39063000000000003,NZL,USA,900219
6440618,168,231,9659,2013,0.0,126074.0,-0.75727,0.769703,PAK,USA,900219
6440619,169,231,9659,2013,2906.0,22028.0,0.735637,1.161718,PAN,USA,900219
6440620,173,231,9659,2013,30902.0,271511.0,-0.573852,0.357977,PER,USA,900219
6440621,174,231,9659,2013,315787.0,7460.0,0.507868,0.355403,PHL,USA,900219
6440622,177,231,9659,2013,20971.0,25585.0,1.084332,1.216749,POL,USA,900219
6440623,179,231,9659,2013,0.0,124978.0,0.541454,2.5228610000000002,PRT,USA,900219
6440624,180,231,9659,2013,0.0,178908.0,-0.566239,-0.9273459999999999,PRY,USA,900219
6440625,182,231,9659,2013,0.0,1551.0,-0.146044,-0.7055359999999999,PYF,USA,900219
6440626,183,231,9659,2013,0.0,4094.0,-0.083649,-1.013491,QAT,USA,900219
6440627,185,231,9659,2013,0.0,2882.0,0.792035,1.225034,ROU,USA,900219
6440628,186,231,9659,2013,75568.0,37740.0,0.481166,-0.180052,RUS,USA,900219
6440629,188,231,9659,2013,0.0,220224.0,0.626347,-0.844406,SAU,USA,900219
6440630,192,231,9659,2013,3300884.0,2346636.0,1.915504,0.619576,SGP,USA,900219
6440631,197,231,9659,2013,0.0,25429.0,-0.021029,0.381522,SLV,USA,900219
6440632,201,231,9659,2013,0.0,2291.0,0.5717720000000001,1.174901,SRB,USA,900219
6440633,205,231,9659,2013,0.0,2236.0,-0.417865,-0.7600399999999999,SUR,USA,900219
6440634,206,231,9659,2013,0.0,12612.0,1.32064,0.7519819999999999,SVK,USA,900219
6440635,207,231,9659,2013,2823.0,9644.0,1.698374,0.563082,SVN,USA,900219
6440636,208,231,9659,2013,2032504.0,348221.0,1.869421,0.228109,SWE,USA,900219
6440637,210,231,9659,2013,0.0,309721.0,0.5512090000000001,-0.22818400000000003,SXM,USA,900219
6440638,216,231,9659,2013,132400.0,184596.0,0.8752139999999999,1.3798620000000001,THA,USA,900219
6440639,222,231,9659,2013,0.0,2842.0,-0.280641,-1.083332,TTO,USA,900219
6440640,223,231,9659,2013,0.0,1053.0,0.185528,1.0070700000000001,TUN,USA,900219
6440641,224,231,9659,2013,0.0,109758.0,0.42932299999999995,2.690235,TUR,USA,900219
6440642,227,231,9659,2013,0.0,2144.0,-0.5462279999999999,0.200682,UGA,USA,900219
6440643,228,231,9659,2013,56349.0,453957.0,0.657729,0.9063200000000001,UKR,USA,900219
6440644,230,231,9659,2013,0.0,2961.0,0.20190999999999998,-0.19777999999999998,URY,USA,900219
6440645,236,231,9659,2013,0.0,71348.0,-0.778172,-1.107059,VEN,USA,900219
6440646,239,231,9659,2013,86908.0,22894.0,-0.11426900000000001,1.399738,VNM,USA,900219
6440647,246,231,9659,2013,0.0,25761.0,0.380284,1.5682120000000002,ZAF,USA,900219
6440648,249,231,9659,2013,1125008.0,5344858.0,1.843186,0.9432379999999999,TWN,USA,900219
6440649,32,236,9659,2013,21721.0,0.0,0.14765899999999998,0.399262,BRA,VEN,900219
6440650,41,236,9659,2013,1417.0,0.0,2.2104470000000003,0.5403479999999999,CHE,VEN,900219
6440651,43,236,9659,2013,4741.0,0.0,1.113767,1.477496,CHN,VEN,900219
6440652,61,236,9659,2013,70474.0,1013.0,2.093658,-3.4281980000000005,DEU,VEN,900219
6440653,77,236,9659,2013,11747.0,0.0,1.520354,0.022874000000000002,FRA,VEN,900219
6440654,81,236,9659,2013,3083.0,0.0,1.7901259999999999,0.44164,GBR,VEN,900219
6440655,97,236,9659,2013,7882.0,0.0,0.744383,1.923139,HKG,VEN,900219
6440656,110,236,9659,2013,25986.0,0.0,1.197241,0.633828,ISR,VEN,900219
6440657,169,236,9659,2013,5701.0,0.0,0.735637,1.161718,PAN,VEN,900219
6440658,208,236,9659,2013,4809.0,0.0,1.869421,0.228109,SWE,VEN,900219
6440659,231,236,9659,2013,71348.0,0.0,1.6639689999999998,-0.48651300000000003,USA,VEN,900219
6440660,249,236,9659,2013,106544.0,0.0,1.843186,0.9432379999999999,TWN,VEN,900219
6440661,43,243,9659,2013,7365.0,0.0,1.113767,1.477496,CHN,YEM,900219
6440662,61,243,9659,2013,22437.0,0.0,2.093658,-3.4281980000000005,DEU,YEM,900219
6440663,104,243,9659,2013,83639.0,0.0,0.215356,2.3916209999999998,IND,YEM,900219
6440664,114,243,9659,2013,9663.0,0.0,2.3993130000000003,-0.564768,JPN,YEM,900219
6440665,188,243,9659,2013,275508.0,0.0,0.626347,-0.844406,SAU,YEM,900219
6440666,250,243,9659,2013,9905.0,0.0,0.628555,0.277602,ANS,YEM,900219
6440667,2,246,9659,2013,0.0,8267.0,-1.172043,-1.133735,AGO,ZAF,900219
6440668,14,246,9659,2013,0.0,16947.0,-0.31145700000000004,-0.167628,AUS,ZAF,900219
6440669,18,246,9659,2013,1814.0,0.0,1.316207,0.972601,BEL,ZAF,900219
6440670,22,246,9659,2013,10959.0,0.0,-1.101916,-0.734646,BGD,ZAF,900219
6440671,37,246,9659,2013,3745.0,138326.0,-0.46761499999999995,-1.0842040000000002,BWA,ZAF,900219
6440672,39,246,9659,2013,5716.0,0.0,0.719649,1.017046,CAN,ZAF,900219
6440673,41,246,9659,2013,47524.0,0.0,2.2104470000000003,0.5403479999999999,CHE,ZAF,900219
6440674,43,246,9659,2013,109006.0,0.0,1.113767,1.477496,CHN,ZAF,900219
6440675,46,246,9659,2013,0.0,47761.0,-1.300125,-1.0708010000000001,COD,ZAF,900219
6440676,59,246,9659,2013,1868.0,0.0,1.819653,-0.12423800000000002,CZE,ZAF,900219
6440677,61,246,9659,2013,932551.0,6750.0,2.093658,-3.4281980000000005,DEU,ZAF,900219
6440678,64,246,9659,2013,1517.0,0.0,1.161835,1.1788450000000001,DNK,ZAF,900219
6440679,73,246,9659,2013,0.0,6305.0,-1.264002,-0.9594219999999999,ETH,ZAF,900219
6440680,77,246,9659,2013,6447.0,1656.0,1.520354,0.022874000000000002,FRA,ZAF,900219
6440681,81,246,9659,2013,163686.0,8742.0,1.7901259999999999,0.44164,GBR,ZAF,900219
6440682,83,246,9659,2013,0.0,6001.0,-0.7316010000000001,-0.5327689999999999,GHA,ZAF,900219
6440683,97,246,9659,2013,134606.0,2461.0,0.744383,1.923139,HKG,ZAF,900219
6440684,103,246,9659,2013,8274.0,0.0,-0.216854,1.415728,IDN,ZAF,900219
6440685,104,246,9659,2013,124793.0,0.0,0.215356,2.3916209999999998,IND,ZAF,900219
6440686,110,246,9659,2013,53761.0,0.0,1.197241,0.633828,ISR,ZAF,900219
6440687,111,246,9659,2013,56064.0,51407.0,1.289924,0.533436,ITA,ZAF,900219
6440688,114,246,9659,2013,163066.0,0.0,2.3993130000000003,-0.564768,JPN,ZAF,900219
6440689,116,246,9659,2013,1907.0,1613.0,-0.448112,0.8672719999999999,KEN,ZAF,900219
6440690,121,246,9659,2013,9765.0,0.0,1.818383,0.75645,KOR,ZAF,900219
6440691,129,246,9659,2013,0.0,7149.0,-0.7396689999999999,-0.696625,LSO,ZAF,900219
6440692,136,246,9659,2013,0.0,2160.0,-1.068565,-0.364254,MDG,ZAF,900219
6440693,147,246,9659,2013,0.0,12187.0,-1.326323,-1.050969,MOZ,ZAF,900219
6440694,151,246,9659,2013,3164.0,4502.0,-0.158852,0.0061600000000000005,MUS,ZAF,900219
6440695,155,246,9659,2013,0.0,12277.0,-0.308643,-0.480617,NAM,ZAF,900219
6440696,159,246,9659,2013,0.0,4345.0,-1.745783,-1.1356680000000001,NGA,ZAF,900219
6440697,162,246,9659,2013,9837.0,175900.0,1.184107,1.249557,NLD,ZAF,900219
6440698,166,246,9659,2013,1077.0,0.0,0.3345,0.39063000000000003,NZL,ZAF,900219
6440699,174,246,9659,2013,19908.0,0.0,0.507868,0.355403,PHL,ZAF,900219
6440700,180,246,9659,2013,0.0,1419.0,-0.566239,-0.9273459999999999,PRY,ZAF,900219
6440701,191,246,9659,2013,0.0,2987.0,-0.523662,-0.309101,SEN,ZAF,900219
6440702,192,246,9659,2013,58308.0,7557.0,1.915504,0.619576,SGP,ZAF,900219
6440703,208,246,9659,2013,36854.0,1391.0,1.869421,0.228109,SWE,ZAF,900219
6440704,209,246,9659,2013,0.0,4681.0,0.109267,-0.275005,SWZ,ZAF,900219
6440705,211,246,9659,2013,0.0,1020.0,0.270999,-0.474095,SYC,ZAF,900219
6440706,216,246,9659,2013,26008.0,84024.0,0.8752139999999999,1.3798620000000001,THA,ZAF,900219
6440707,226,246,9659,2013,0.0,6394.0,-0.9306770000000001,0.273489,TZA,ZAF,900219
6440708,231,246,9659,2013,25761.0,0.0,1.6639689999999998,-0.48651300000000003,USA,ZAF,900219
6440709,247,246,9659,2013,27485.0,54599.0,-0.382129,-0.5442229999999999,ZMB,ZAF,900219
6440710,248,246,9659,2013,0.0,2599.0,-0.828702,-0.899175,ZWE,ZAF,900219
6440711,249,246,9659,2013,40652.0,4258.0,1.843186,0.9432379999999999,TWN,ZAF,900219
6440712,7,249,9659,2013,0.0,18785.0,-0.074047,-0.585168,ARE,TWN,900219
6440713,8,249,9659,2013,0.0,12506.0,0.20314300000000002,0.494062,ARG,TWN,900219
6440714,14,249,9659,2013,18792.0,56146.0,-0.31145700000000004,-0.167628,AUS,TWN,900219
6440715,15,249,9659,2013,20014.0,13485.0,1.7209240000000001,-0.286892,AUT,TWN,900219
6440716,18,249,9659,2013,17305.0,31488.0,1.316207,0.972601,BEL,TWN,900219
6440717,22,249,9659,2013,231743.0,1844.0,-1.101916,-0.734646,BGD,TWN,900219
6440718,24,249,9659,2013,0.0,6940.0,0.249681,-0.6204270000000001,BHR,TWN,900219
6440719,26,249,9659,2013,0.0,192.0,0.46743199999999996,0.7340800000000001,BIH,TWN,900219
6440720,28,249,9659,2013,0.0,1801.0,1.036923,0.864568,BLR,TWN,900219
6440721,32,249,9659,2013,0.0,184915.0,0.14765899999999998,0.399262,BRA,TWN,900219
6440722,39,249,9659,2013,28711.0,84607.0,0.719649,1.017046,CAN,TWN,900219
6440723,41,249,9659,2013,41901.0,21543.0,2.2104470000000003,0.5403479999999999,CHE,TWN,900219
6440724,43,249,9659,2013,417638592.0,312907296.0,1.113767,1.477496,CHN,TWN,900219
6440725,49,249,9659,2013,0.0,351372.0,0.121799,-0.388239,COL,TWN,900219
6440726,57,249,9659,2013,0.0,67181.0,0.391996,-0.73249,CYM,TWN,900219
6440727,58,249,9659,2013,0.0,1148.0,0.502238,0.349608,CYP,TWN,900219
6440728,59,249,9659,2013,0.0,3131.0,1.819653,-0.12423800000000002,CZE,TWN,900219
6440729,61,249,9659,2013,1652897.0,443648.0,2.093658,-3.4281980000000005,DEU,TWN,900219
6440730,64,249,9659,2013,1215.0,0.0,1.161835,1.1788450000000001,DNK,TWN,900219
6440731,66,249,9659,2013,0.0,20484.0,-1.373947,-1.1523459999999999,DZA,TWN,900219
6440732,67,249,9659,2013,0.0,2722.0,-0.86546,-0.8888389999999999,ECU,TWN,900219
6440733,68,249,9659,2013,0.0,1227.0,-0.17418,1.692641,EGY,TWN,900219
6440734,71,249,9659,2013,0.0,17081.0,0.861698,2.353993,ESP,TWN,900219
6440735,72,249,9659,2013,0.0,37674.0,0.8828940000000001,1.386574,EST,TWN,900219
6440736,74,249,9659,2013,1488.0,12952.0,1.734552,0.8896940000000001,FIN,TWN,900219
6440737,77,249,9659,2013,247193.0,75554.0,1.520354,0.022874000000000002,FRA,TWN,900219
6440738,81,249,9659,2013,4150.0,17513.0,1.7901259999999999,0.44164,GBR,TWN,900219
6440739,90,249,9659,2013,7473.0,24354.0,0.18823800000000002,0.910906,GRC,TWN,900219
6440740,95,249,9659,2013,0.0,2121.0,0.483541,0.281968,GUM,TWN,900219
6440741,97,249,9659,2013,1335472.0,205002240.0,0.744383,1.923139,HKG,TWN,900219
6440742,102,249,9659,2013,0.0,35394.0,1.506101,0.7279220000000001,HUN,TWN,900219
6440743,103,249,9659,2013,35649.0,46593.0,-0.216854,1.415728,IDN,TWN,900219
6440744,104,249,9659,2013,1949.0,119635.0,0.215356,2.3916209999999998,IND,TWN,900219
6440745,106,249,9659,2013,0.0,7590.0,1.29988,0.240688,IRL,TWN,900219
6440746,107,249,9659,2013,0.0,8530.0,-0.339172,-0.237114,IRN,TWN,900219
6440747,109,249,9659,2013,2656.0,0.0,0.259374,-0.20413299999999998,ISL,TWN,900219
6440748,110,249,9659,2013,69113.0,25262.0,1.197241,0.633828,ISR,TWN,900219
6440749,111,249,9659,2013,62931.0,31890.0,1.289924,0.533436,ITA,TWN,900219
6440750,113,249,9659,2013,0.0,971.0,0.152659,0.5889979999999999,JOR,TWN,900219
6440751,114,249,9659,2013,13262438.0,17019538.0,2.3993130000000003,-0.564768,JPN,TWN,900219
6440752,115,249,9659,2013,0.0,6039.0,-0.680678,-0.83347,KAZ,TWN,900219
6440753,116,249,9659,2013,0.0,959.0,-0.448112,0.8672719999999999,KEN,TWN,900219
6440754,121,249,9659,2013,1183322.0,2222898.0,1.818383,0.75645,KOR,TWN,900219
6440755,122,249,9659,2013,0.0,2836.0,-0.536384,-1.08382,KWT,TWN,900219
6440756,124,249,9659,2013,0.0,8424.0,0.283084,1.4289100000000001,LBN,TWN,900219
6440757,130,249,9659,2013,11201.0,13898.0,0.737796,1.215543,LTU,TWN,900219
6440758,131,249,9659,2013,1781.0,101493.0,1.170459,1.150327,LUX,TWN,900219
6440759,132,249,9659,2013,0.0,4806.0,0.6219439999999999,1.166749,LVA,TWN,900219
6440760,133,249,9659,2013,0.0,1748.0,0.252209,0.184401,MAC,TWN,900219
6440761,138,249,9659,2013,1681.0,20376.0,1.048507,0.718932,MEX,TWN,900219
6440762,145,249,9659,2013,0.0,1605.0,-1.3270950000000001,-1.144547,MNG,TWN,900219
6440763,151,249,9659,2013,0.0,9031.0,-0.158852,0.0061600000000000005,MUS,TWN,900219
6440764,153,249,9659,2013,7807.0,241443.0,0.937641,0.747496,MYS,TWN,900219
6440765,156,249,9659,2013,0.0,826.0,-0.136052,-0.703913,NCL,TWN,900219
6440766,159,249,9659,2013,0.0,1465.0,-1.745783,-1.1356680000000001,NGA,TWN,900219
6440767,160,249,9659,2013,0.0,4762.0,-0.9277,-0.6842630000000001,NIC,TWN,900219
6440768,162,249,9659,2013,51953464.0,31996364.0,1.184107,1.249557,NLD,TWN,900219
6440769,163,249,9659,2013,0.0,6249.0,0.892099,0.18168399999999998,NOR,TWN,900219
6440770,166,249,9659,2013,0.0,10746.0,0.3345,0.39063000000000003,NZL,TWN,900219
6440771,173,249,9659,2013,0.0,1824.0,-0.573852,0.357977,PER,TWN,900219
6440772,174,249,9659,2013,90847.0,274415.0,0.507868,0.355403,PHL,TWN,900219
6440773,177,249,9659,2013,0.0,37423.0,1.084332,1.216749,POL,TWN,900219
6440774,179,249,9659,2013,0.0,4356.0,0.541454,2.5228610000000002,PRT,TWN,900219
6440775,183,249,9659,2013,0.0,7355.0,-0.083649,-1.013491,QAT,TWN,900219
6440776,186,249,9659,2013,0.0,20232.0,0.481166,-0.180052,RUS,TWN,900219
6440777,188,249,9659,2013,0.0,13204.0,0.626347,-0.844406,SAU,TWN,900219
6440778,192,249,9659,2013,370949.0,1153672.0,1.915504,0.619576,SGP,TWN,900219
6440779,201,249,9659,2013,0.0,593.0,0.5717720000000001,1.174901,SRB,TWN,900219
6440780,206,249,9659,2013,0.0,33949.0,1.32064,0.7519819999999999,SVK,TWN,900219
6440781,207,249,9659,2013,0.0,2591.0,1.698374,0.563082,SVN,TWN,900219
6440782,208,249,9659,2013,46491.0,15232.0,1.869421,0.228109,SWE,TWN,900219
6440783,216,249,9659,2013,8482.0,437393.0,0.8752139999999999,1.3798620000000001,THA,TWN,900219
6440784,223,249,9659,2013,0.0,1659.0,0.185528,1.0070700000000001,TUN,TWN,900219
6440785,224,249,9659,2013,0.0,4521.0,0.42932299999999995,2.690235,TUR,TWN,900219
6440786,228,249,9659,2013,2021.0,974.0,0.657729,0.9063200000000001,UKR,TWN,900219
6440787,231,249,9659,2013,5344858.0,1125008.0,1.6639689999999998,-0.48651300000000003,USA,TWN,900219
6440788,236,249,9659,2013,0.0,106544.0,-0.778172,-1.107059,VEN,TWN,900219
6440789,239,249,9659,2013,865139.0,2707095.0,-0.11426900000000001,1.399738,VNM,TWN,900219
6440790,242,249,9659,2013,3799271.0,0.0,0.824724,0.056441,WSM,TWN,900219
6440791,246,249,9659,2013,4258.0,40652.0,0.380284,1.5682120000000002,ZAF,TWN,900219
6440792,250,249,9659,2013,913982.0,0.0,0.628555,0.277602,ANS,TWN,900219
6440793,19,250,9659,2013,0.0,4567.0,-0.919968,-0.90691,BEN,ANS,900219
6440794,22,250,9659,2013,12776793.0,8092049.0,-1.101916,-0.734646,BGD,ANS,900219
6440795,32,250,9659,2013,0.0,5314.0,0.14765899999999998,0.399262,BRA,ANS,900219
6440796,42,250,9659,2013,0.0,27507.0,-0.260718,-0.38256100000000004,CHL,ANS,900219
6440797,43,250,9659,2013,0.0,13021.0,1.113767,1.477496,CHN,ANS,900219
6440798,71,250,9659,2013,0.0,10386.0,0.861698,2.353993,ESP,ANS,900219
6440799,77,250,9659,2013,0.0,357673.0,1.520354,0.022874000000000002,FRA,ANS,900219
6440800,97,250,9659,2013,75368.0,0.0,0.744383,1.923139,HKG,ANS,900219
6440801,106,250,9659,2013,0.0,8593.0,1.29988,0.240688,IRL,ANS,900219
6440802,107,250,9659,2013,0.0,19861.0,-0.339172,-0.237114,IRN,ANS,900219
6440803,110,250,9659,2013,1000.0,0.0,1.197241,0.633828,ISR,ANS,900219
6440804,124,250,9659,2013,13126.0,0.0,0.283084,1.4289100000000001,LBN,ANS,900219
6440805,131,250,9659,2013,0.0,1623.0,1.170459,1.150327,LUX,ANS,900219
6440806,138,250,9659,2013,0.0,7981.0,1.048507,0.718932,MEX,ANS,900219
6440807,169,250,9659,2013,2143.0,5577.0,0.735637,1.161718,PAN,ANS,900219
6440808,206,250,9659,2013,0.0,1131.0,1.32064,0.7519819999999999,SVK,ANS,900219
6440809,224,250,9659,2013,1457.0,0.0,0.42932299999999995,2.690235,TUR,ANS,900219
6440810,243,250,9659,2013,0.0,9905.0,-1.252605,-1.207324,YEM,ANS,900219
6440811,249,250,9659,2013,0.0,913982.0,1.843186,0.9432379999999999,TWN,ANS,900219
6440812,43,9,9659,2013,938.0,0.0,1.113767,1.477496,CHN,ARM,900219
6440813,111,9,9659,2013,2418.0,0.0,1.289924,0.533436,ITA,ARM,900219
6440814,114,9,9659,2013,9357.0,0.0,2.3993130000000003,-0.564768,JPN,ARM,900219
6440815,121,9,9659,2013,924.0,0.0,1.818383,0.75645,KOR,ARM,900219
6440816,177,9,9659,2013,1578.0,0.0,1.084332,1.216749,POL,ARM,900219
6440817,231,9,9659,2013,2343.0,0.0,1.6639689999999998,-0.48651300000000003,USA,ARM,900219
6440818,15,14,9659,2013,6839.0,0.0,1.7209240000000001,-0.286892,AUT,AUS,900219
6440819,18,14,9659,2013,7095.0,0.0,1.316207,0.972601,BEL,AUS,900219
6440820,22,14,9659,2013,3105.0,0.0,-1.101916,-0.734646,BGD,AUS,900219
6440821,24,14,9659,2013,0.0,4653.0,0.249681,-0.6204270000000001,BHR,AUS,900219
6440822,32,14,9659,2013,0.0,10176.0,0.14765899999999998,0.399262,BRA,AUS,900219
6440823,39,14,9659,2013,10297.0,72921.0,0.719649,1.017046,CAN,AUS,900219
6440824,41,14,9659,2013,9013.0,33932.0,2.2104470000000003,0.5403479999999999,CHE,AUS,900219
6440825,43,14,9659,2013,200642.0,13216.0,1.113767,1.477496,CHN,AUS,900219
6440826,59,14,9659,2013,1768.0,0.0,1.819653,-0.12423800000000002,CZE,AUS,900219
6440827,61,14,9659,2013,1387652.0,65321.0,2.093658,-3.4281980000000005,DEU,AUS,900219
6440828,64,14,9659,2013,19711.0,0.0,1.161835,1.1788450000000001,DNK,AUS,900219
6440829,68,14,9659,2013,0.0,5943.0,-0.17418,1.692641,EGY,AUS,900219
6440830,71,14,9659,2013,0.0,973.0,0.861698,2.353993,ESP,AUS,900219
6440831,72,14,9659,2013,4365.0,0.0,0.8828940000000001,1.386574,EST,AUS,900219
6440832,74,14,9659,2013,6382.0,0.0,1.734552,0.8896940000000001,FIN,AUS,900219
6440833,75,14,9659,2013,0.0,14024.0,-0.5203369999999999,-0.122405,FJI,AUS,900219
6440834,77,14,9659,2013,24265.0,0.0,1.520354,0.022874000000000002,FRA,AUS,900219
6440835,81,14,9659,2013,158878.0,4100.0,1.7901259999999999,0.44164,GBR,AUS,900219
6440836,83,14,9659,2013,0.0,1437.0,-0.7316010000000001,-0.5327689999999999,GHA,AUS,900219
6440837,97,14,9659,2013,491673.0,221852.0,0.744383,1.923139,HKG,AUS,900219
6440838,103,14,9659,2013,0.0,10010.0,-0.216854,1.415728,IDN,AUS,900219
6440839,104,14,9659,2013,11089.0,0.0,0.215356,2.3916209999999998,IND,AUS,900219
6440840,106,14,9659,2013,6713.0,0.0,1.29988,0.240688,IRL,AUS,900219
6440841,110,14,9659,2013,15192.0,1588.0,1.197241,0.633828,ISR,AUS,900219
6440842,111,14,9659,2013,3918.0,0.0,1.289924,0.533436,ITA,AUS,900219
6440843,114,14,9659,2013,12745731.0,4678.0,2.3993130000000003,-0.564768,JPN,AUS,900219
6440844,121,14,9659,2013,6911.0,4071.0,1.818383,0.75645,KOR,AUS,900219
6440845,133,14,9659,2013,3992.0,0.0,0.252209,0.184401,MAC,AUS,900219
6440846,153,14,9659,2013,0.0,7745.0,0.937641,0.747496,MYS,AUS,900219
6440847,162,14,9659,2013,19358.0,0.0,1.184107,1.249557,NLD,AUS,900219
6440848,163,14,9659,2013,33209.0,0.0,0.892099,0.18168399999999998,NOR,AUS,900219
6440849,166,14,9659,2013,25906.0,10767.0,0.3345,0.39063000000000003,NZL,AUS,900219
6440850,174,14,9659,2013,15515.0,2293.0,0.507868,0.355403,PHL,AUS,900219
6440851,179,14,9659,2013,4960.0,0.0,0.541454,2.5228610000000002,PRT,AUS,900219
6440852,192,14,9659,2013,709784.0,7862.0,1.915504,0.619576,SGP,AUS,900219
6440853,208,14,9659,2013,110342.0,0.0,1.869421,0.228109,SWE,AUS,900219
6440854,216,14,9659,2013,24500.0,3227.0,0.8752139999999999,1.3798620000000001,THA,AUS,900219
6440855,231,14,9659,2013,522828.0,645443.0,1.6639689999999998,-0.48651300000000003,USA,AUS,900219
6440856,246,14,9659,2013,16947.0,0.0,0.380284,1.5682120000000002,ZAF,AUS,900219
6440857,249,14,9659,2013,56146.0,18792.0,1.843186,0.9432379999999999,TWN,AUS,900219
6440858,15,16,9659,2013,1222.0,0.0,1.7209240000000001,-0.286892,AUT,AZE,900219
6440859,41,16,9659,2013,842.0,0.0,2.2104470000000003,0.5403479999999999,CHE,AZE,900219
6440860,43,16,9659,2013,1070.0,0.0,1.113767,1.477496,CHN,AZE,900219
6440861,61,16,9659,2013,23731.0,0.0,2.093658,-3.4281980000000005,DEU,AZE,900219
6440862,97,16,9659,2013,22328.0,0.0,0.744383,1.923139,HKG,AZE,900219
6440863,104,16,9659,2013,32581.0,0.0,0.215356,2.3916209999999998,IND,AZE,900219
6440864,177,16,9659,2013,2092.0,0.0,1.084332,1.216749,POL,AZE,900219
6440865,186,16,9659,2013,1482.0,0.0,0.481166,-0.180052,RUS,AZE,900219
6440866,192,16,9659,2013,8341.0,0.0,1.915504,0.619576,SGP,AZE,900219
6440867,224,16,9659,2013,2054.0,0.0,0.42932299999999995,2.690235,TUR,AZE,900219
6440868,7,22,9659,2013,0.0,2222.0,-0.074047,-0.585168,ARE,BGD,900219
6440869,8,22,9659,2013,0.0,5582.0,0.20314300000000002,0.494062,ARG,BGD,900219
6440870,14,22,9659,2013,0.0,3105.0,-0.31145700000000004,-0.167628,AUS,BGD,900219
6440871,15,22,9659,2013,0.0,3599.0,1.7209240000000001,-0.286892,AUT,BGD,900219
6440872,18,22,9659,2013,0.0,965991.0,1.316207,0.972601,BEL,BGD,900219
6440873,28,22,9659,2013,0.0,1048.0,1.036923,0.864568,BLR,BGD,900219
6440874,32,22,9659,2013,0.0,2603.0,0.14765899999999998,0.399262,BRA,BGD,900219
6440875,39,22,9659,2013,0.0,3744.0,0.719649,1.017046,CAN,BGD,900219
6440876,41,22,9659,2013,5735.0,0.0,2.2104470000000003,0.5403479999999999,CHE,BGD,900219
6440877,43,22,9659,2013,722977.0,1687137.0,1.113767,1.477496,CHN,BGD,900219
6440878,59,22,9659,2013,0.0,6705.0,1.819653,-0.12423800000000002,CZE,BGD,900219
6440879,61,22,9659,2013,2896.0,408027.0,2.093658,-3.4281980000000005,DEU,BGD,900219
6440880,67,22,9659,2013,0.0,1429.0,-0.86546,-0.8888389999999999,ECU,BGD,900219
6440881,77,22,9659,2013,0.0,36023.0,1.520354,0.022874000000000002,FRA,BGD,900219
6440882,81,22,9659,2013,0.0,20727.0,1.7901259999999999,0.44164,GBR,BGD,900219
6440883,97,22,9659,2013,4313.0,3083404.0,0.744383,1.923139,HKG,BGD,900219
6440884,103,22,9659,2013,0.0,8459.0,-0.216854,1.415728,IDN,BGD,900219
6440885,104,22,9659,2013,95253.0,11009.0,0.215356,2.3916209999999998,IND,BGD,900219
6440886,109,22,9659,2013,0.0,1070.0,0.259374,-0.20413299999999998,ISL,BGD,900219
6440887,111,22,9659,2013,0.0,81328.0,1.289924,0.533436,ITA,BGD,900219
6440888,114,22,9659,2013,286162.0,1426671.0,2.3993130000000003,-0.564768,JPN,BGD,900219
6440889,121,22,9659,2013,0.0,132926.0,1.818383,0.75645,KOR,BGD,900219
6440890,138,22,9659,2013,0.0,13344.0,1.048507,0.718932,MEX,BGD,900219
6440891,155,22,9659,2013,0.0,4459.0,-0.308643,-0.480617,NAM,BGD,900219
6440892,162,22,9659,2013,0.0,22902.0,1.184107,1.249557,NLD,BGD,900219
6440893,163,22,9659,2013,0.0,14707.0,0.892099,0.18168399999999998,NOR,BGD,900219
6440894,168,22,9659,2013,0.0,1415.0,-0.75727,0.769703,PAK,BGD,900219
6440895,177,22,9659,2013,0.0,102739.0,1.084332,1.216749,POL,BGD,900219
6440896,179,22,9659,2013,0.0,877864.0,0.541454,2.5228610000000002,PRT,BGD,900219
6440897,186,22,9659,2013,0.0,7382.0,0.481166,-0.180052,RUS,BGD,900219
6440898,192,22,9659,2013,19733.0,888487.0,1.915504,0.619576,SGP,BGD,900219
6440899,201,22,9659,2013,0.0,1435.0,0.5717720000000001,1.174901,SRB,BGD,900219
6440900,206,22,9659,2013,0.0,15770.0,1.32064,0.7519819999999999,SVK,BGD,900219
6440901,216,22,9659,2013,0.0,174532.0,0.8752139999999999,1.3798620000000001,THA,BGD,900219
6440902,223,22,9659,2013,0.0,9820.0,0.185528,1.0070700000000001,TUN,BGD,900219
6440903,224,22,9659,2013,0.0,30267.0,0.42932299999999995,2.690235,TUR,BGD,900219
6440904,231,22,9659,2013,0.0,9708.0,1.6639689999999998,-0.48651300000000003,USA,BGD,900219
6440905,239,22,9659,2013,0.0,430207.0,-0.11426900000000001,1.399738,VNM,BGD,900219
6440906,246,22,9659,2013,0.0,10959.0,0.380284,1.5682120000000002,ZAF,BGD,900219
6440907,249,22,9659,2013,1844.0,231743.0,1.843186,0.9432379999999999,TWN,BGD,900219
6440908,250,22,9659,2013,8092049.0,12776793.0,0.628555,0.277602,ANS,BGD,900219
6440909,7,24,9659,2013,3655.0,0.0,-0.074047,-0.585168,ARE,BHR,900219
6440910,14,24,9659,2013,4653.0,0.0,-0.31145700000000004,-0.167628,AUS,BHR,900219
6440911,15,24,9659,2013,10070.0,0.0,1.7209240000000001,-0.286892,AUT,BHR,900219
6440912,41,24,9659,2013,1202.0,0.0,2.2104470000000003,0.5403479999999999,CHE,BHR,900219
6440913,43,24,9659,2013,22840.0,0.0,1.113767,1.477496,CHN,BHR,900219
6440914,61,24,9659,2013,151531.0,0.0,2.093658,-3.4281980000000005,DEU,BHR,900219
6440915,71,24,9659,2013,12406.0,0.0,0.861698,2.353993,ESP,BHR,900219
6440916,81,24,9659,2013,10712.0,52668.0,1.7901259999999999,0.44164,GBR,BHR,900219
6440917,97,24,9659,2013,74929.0,0.0,0.744383,1.923139,HKG,BHR,900219
6440918,114,24,9659,2013,41480.0,0.0,2.3993130000000003,-0.564768,JPN,BHR,900219
6440919,134,24,9659,2013,2271.0,0.0,-0.6494260000000001,-0.035075999999999996,MAR,BHR,900219
6440920,153,24,9659,2013,4088.0,0.0,0.937641,0.747496,MYS,BHR,900219
6440921,174,24,9659,2013,2174.0,0.0,0.507868,0.355403,PHL,BHR,900219
6440922,188,24,9659,2013,0.0,34652.0,0.626347,-0.844406,SAU,BHR,900219
6440923,249,24,9659,2013,6940.0,0.0,1.843186,0.9432379999999999,TWN,BHR,900219
6440924,41,26,9659,2013,1379.0,0.0,2.2104470000000003,0.5403479999999999,CHE,BIH,900219
6440925,43,26,9659,2013,10345.0,0.0,1.113767,1.477496,CHN,BIH,900219
6440926,61,26,9659,2013,10392.0,0.0,2.093658,-3.4281980000000005,DEU,BIH,900219
6440927,100,26,9659,2013,32466.0,0.0,0.898284,1.038807,HRV,BIH,900219
6440928,106,26,9659,2013,2168.0,0.0,1.29988,0.240688,IRL,BIH,900219
6440929,111,26,9659,2013,2859.0,0.0,1.289924,0.533436,ITA,BIH,900219
6440930,114,26,9659,2013,1176.0,0.0,2.3993130000000003,-0.564768,JPN,BIH,900219
6440931,121,26,9659,2013,3352.0,0.0,1.818383,0.75645,KOR,BIH,900219
6440932,162,26,9659,2013,7006.0,0.0,1.184107,1.249557,NLD,BIH,900219
6440933,177,26,9659,2013,1152.0,0.0,1.084332,1.216749,POL,BIH,900219
6440934,201,26,9659,2013,9652.0,980.0,0.5717720000000001,1.174901,SRB,BIH,900219
6440935,231,26,9659,2013,488.0,0.0,1.6639689999999998,-0.48651300000000003,USA,BIH,900219
6440936,249,26,9659,2013,192.0,0.0,1.843186,0.9432379999999999,TWN,BIH,900219
6440937,15,28,9659,2013,1846.0,11711.0,1.7209240000000001,-0.286892,AUT,BLR,900219
6440938,22,28,9659,2013,1048.0,0.0,-1.101916,-0.734646,BGD,BLR,900219
6440939,39,28,9659,2013,391.0,1259.0,0.719649,1.017046,CAN,BLR,900219
6440940,41,28,9659,2013,3587.0,0.0,2.2104470000000003,0.5403479999999999,CHE,BLR,900219
6440941,43,28,9659,2013,63899.0,0.0,1.113767,1.477496,CHN,BLR,900219
6440942,61,28,9659,2013,126086.0,83158.0,2.093658,-3.4281980000000005,DEU,BLR,900219
6440943,77,28,9659,2013,0.0,4431.0,1.520354,0.022874000000000002,FRA,BLR,900219
6440944,81,28,9659,2013,0.0,3667.0,1.7901259999999999,0.44164,GBR,BLR,900219
6440945,97,28,9659,2013,0.0,3062.0,0.744383,1.923139,HKG,BLR,900219
6440946,102,28,9659,2013,5847.0,3104.0,1.506101,0.7279220000000001,HUN,BLR,900219
6440947,110,28,9659,2013,8229.0,0.0,1.197241,0.633828,ISR,BLR,900219
6440948,114,28,9659,2013,4245.0,5549.0,2.3993130000000003,-0.564768,JPN,BLR,900219
6440949,115,28,9659,2013,0.0,42250.0,-0.680678,-0.83347,KAZ,BLR,900219
6440950,121,28,9659,2013,27614.0,5870.0,1.818383,0.75645,KOR,BLR,900219
6440951,130,28,9659,2013,22970.0,0.0,0.737796,1.215543,LTU,BLR,900219
6440952,132,28,9659,2013,99527.0,0.0,0.6219439999999999,1.166749,LVA,BLR,900219
6440953,138,28,9659,2013,0.0,2616.0,1.048507,0.718932,MEX,BLR,900219
6440954,153,28,9659,2013,246.0,0.0,0.937641,0.747496,MYS,BLR,900219
6440955,173,28,9659,2013,0.0,2382.0,-0.573852,0.357977,PER,BLR,900219
6440956,177,28,9659,2013,15966.0,1383.0,1.084332,1.216749,POL,BLR,900219
6440957,186,28,9659,2013,178036.0,53183.0,0.481166,-0.180052,RUS,BLR,900219
6440958,188,28,9659,2013,0.0,21079.0,0.626347,-0.844406,SAU,BLR,900219
6440959,192,28,9659,2013,1186.0,0.0,1.915504,0.619576,SGP,BLR,900219
6440960,208,28,9659,2013,5722.0,0.0,1.869421,0.228109,SWE,BLR,900219
6440961,224,28,9659,2013,0.0,1976.0,0.42932299999999995,2.690235,TUR,BLR,900219
6440962,231,28,9659,2013,22272.0,5484.0,1.6639689999999998,-0.48651300000000003,USA,BLR,900219
6440963,239,28,9659,2013,5422.0,0.0,-0.11426900000000001,1.399738,VNM,BLR,900219
6440964,249,28,9659,2013,1801.0,0.0,1.843186,0.9432379999999999,TWN,BLR,900219
6440965,14,68,9659,2013,5943.0,0.0,-0.31145700000000004,-0.167628,AUS,EGY,900219
6440966,43,68,9659,2013,34413.0,0.0,1.113767,1.477496,CHN,EGY,900219
6440967,61,68,9659,2013,256020.0,0.0,2.093658,-3.4281980000000005,DEU,EGY,900219
6440968,77,68,9659,2013,3459.0,0.0,1.520354,0.022874000000000002,FRA,EGY,900219
6440969,81,68,9659,2013,4610.0,0.0,1.7901259999999999,0.44164,GBR,EGY,900219
6440970,97,68,9659,2013,22224.0,0.0,0.744383,1.923139,HKG,EGY,900219
6440971,102,68,9659,2013,177632.0,0.0,1.506101,0.7279220000000001,HUN,EGY,900219
6440972,103,68,9659,2013,12215.0,0.0,-0.216854,1.415728,IDN,EGY,900219
6440973,104,68,9659,2013,65857.0,0.0,0.215356,2.3916209999999998,IND,EGY,900219
6440974,111,68,9659,2013,4221.0,0.0,1.289924,0.533436,ITA,EGY,900219
6440975,114,68,9659,2013,29986.0,0.0,2.3993130000000003,-0.564768,JPN,EGY,900219
6440976,121,68,9659,2013,798804.0,0.0,1.818383,0.75645,KOR,EGY,900219
6440977,124,68,9659,2013,1158.0,0.0,0.283084,1.4289100000000001,LBN,EGY,900219
6440978,162,68,9659,2013,3046.0,0.0,1.184107,1.249557,NLD,EGY,900219
6440979,207,68,9659,2013,10238.0,0.0,1.698374,0.563082,SVN,EGY,900219
6440980,216,68,9659,2013,967.0,0.0,0.8752139999999999,1.3798620000000001,THA,EGY,900219
6440981,231,68,9659,2013,20672.0,0.0,1.6639689999999998,-0.48651300000000003,USA,EGY,900219
6440982,249,68,9659,2013,1227.0,0.0,1.843186,0.9432379999999999,TWN,EGY,900219
6440983,43,82,9659,2013,13635.0,0.0,1.113767,1.477496,CHN,GEO,900219
6440984,61,82,9659,2013,40945.0,0.0,2.093658,-3.4281980000000005,DEU,GEO,900219
6440985,74,82,9659,2013,869.0,0.0,1.734552,0.8896940000000001,FIN,GEO,900219
6440986,97,82,9659,2013,90813.0,256552.0,0.744383,1.923139,HKG,GEO,900219
6440987,104,82,9659,2013,48710.0,0.0,0.215356,2.3916209999999998,IND,GEO,900219
6440988,110,82,9659,2013,0.0,4911.0,1.197241,0.633828,ISR,GEO,900219
6440989,114,82,9659,2013,4079.0,0.0,2.3993130000000003,-0.564768,JPN,GEO,900219
6440990,162,82,9659,2013,15952.0,0.0,1.184107,1.249557,NLD,GEO,900219
6440991,186,82,9659,2013,3244.0,0.0,0.481166,-0.180052,RUS,GEO,900219
6440992,192,82,9659,2013,826.0,0.0,1.915504,0.619576,SGP,GEO,900219
6440993,208,82,9659,2013,34095.0,0.0,1.869421,0.228109,SWE,GEO,900219
6440994,15,100,9659,2013,1466.0,0.0,1.7209240000000001,-0.286892,AUT,HRV,900219
6440995,18,100,9659,2013,2805.0,0.0,1.316207,0.972601,BEL,HRV,900219
6440996,26,100,9659,2013,0.0,32466.0,0.46743199999999996,0.7340800000000001,BIH,HRV,900219
6440997,41,100,9659,2013,2828.0,0.0,2.2104470000000003,0.5403479999999999,CHE,HRV,900219
6440998,43,100,9659,2013,28831.0,0.0,1.113767,1.477496,CHN,HRV,900219
6440999,61,100,9659,2013,342660.0,0.0,2.093658,-3.4281980000000005,DEU,HRV,900219
6441000,64,100,9659,2013,1160.0,0.0,1.161835,1.1788450000000001,DNK,HRV,900219
6441001,72,100,9659,2013,3285.0,0.0,0.8828940000000001,1.386574,EST,HRV,900219
6441002,77,100,9659,2013,4660.0,0.0,1.520354,0.022874000000000002,FRA,HRV,900219
6441003,81,100,9659,2013,252144.0,0.0,1.7901259999999999,0.44164,GBR,HRV,900219
6441004,97,100,9659,2013,1134.0,0.0,0.744383,1.923139,HKG,HRV,900219
6441005,102,100,9659,2013,9815.0,0.0,1.506101,0.7279220000000001,HUN,HRV,900219
6441006,111,100,9659,2013,17775.0,3860.0,1.289924,0.533436,ITA,HRV,900219
6441007,114,100,9659,2013,1107.0,0.0,2.3993130000000003,-0.564768,JPN,HRV,900219
6441008,144,100,9659,2013,0.0,4348.0,-0.054454999999999996,-0.164875,MNE,HRV,900219
6441009,162,100,9659,2013,10104.0,0.0,1.184107,1.249557,NLD,HRV,900219
6441010,185,100,9659,2013,0.0,1487.0,0.792035,1.225034,ROU,HRV,900219
6441011,201,100,9659,2013,1391.0,1681.0,0.5717720000000001,1.174901,SRB,HRV,900219
6441012,206,100,9659,2013,3125.0,0.0,1.32064,0.7519819999999999,SVK,HRV,900219
6441013,207,100,9659,2013,11718.0,3481.0,1.698374,0.563082,SVN,HRV,900219
6441014,208,100,9659,2013,1358.0,0.0,1.869421,0.228109,SWE,HRV,900219
6441015,231,100,9659,2013,3819.0,0.0,1.6639689999999998,-0.48651300000000003,USA,HRV,900219
6441016,7,106,9659,2013,0.0,3180.0,-0.074047,-0.585168,ARE,IRL,900219
6441017,14,106,9659,2013,0.0,6713.0,-0.31145700000000004,-0.167628,AUS,IRL,900219
6441018,15,106,9659,2013,0.0,16585.0,1.7209240000000001,-0.286892,AUT,IRL,900219
6441019,18,106,9659,2013,7316.0,3737.0,1.316207,0.972601,BEL,IRL,900219
6441020,26,106,9659,2013,0.0,2168.0,0.46743199999999996,0.7340800000000001,BIH,IRL,900219
6441021,41,106,9659,2013,6879.0,2659.0,2.2104470000000003,0.5403479999999999,CHE,IRL,900219
6441022,43,106,9659,2013,625684.0,227601.0,1.113767,1.477496,CHN,IRL,900219
6441023,59,106,9659,2013,0.0,3800.0,1.819653,-0.12423800000000002,CZE,IRL,900219
6441024,61,106,9659,2013,384260.0,3207.0,2.093658,-3.4281980000000005,DEU,IRL,900219
6441025,71,106,9659,2013,0.0,3262.0,0.861698,2.353993,ESP,IRL,900219
6441026,74,106,9659,2013,0.0,8227.0,1.734552,0.8896940000000001,FIN,IRL,900219
6441027,77,106,9659,2013,0.0,73791.0,1.520354,0.022874000000000002,FRA,IRL,900219
6441028,81,106,9659,2013,1214771.0,3059.0,1.7901259999999999,0.44164,GBR,IRL,900219
6441029,97,106,9659,2013,16670.0,817783.0,0.744383,1.923139,HKG,IRL,900219
6441030,102,106,9659,2013,0.0,243673.0,1.506101,0.7279220000000001,HUN,IRL,900219
6441031,103,106,9659,2013,61023.0,0.0,-0.216854,1.415728,IDN,IRL,900219
6441032,104,106,9659,2013,91994.0,6336.0,0.215356,2.3916209999999998,IND,IRL,900219
6441033,107,106,9659,2013,0.0,3248.0,-0.339172,-0.237114,IRN,IRL,900219
6441034,110,106,9659,2013,2709.0,31358.0,1.197241,0.633828,ISR,IRL,900219
6441035,111,106,9659,2013,3316.0,0.0,1.289924,0.533436,ITA,IRL,900219
6441036,114,106,9659,2013,15583.0,8353.0,2.3993130000000003,-0.564768,JPN,IRL,900219
6441037,121,106,9659,2013,14467.0,3839.0,1.818383,0.75645,KOR,IRL,900219
6441038,138,106,9659,2013,0.0,32503.0,1.048507,0.718932,MEX,IRL,900219
6441039,162,106,9659,2013,5386.0,0.0,1.184107,1.249557,NLD,IRL,900219
6441040,163,106,9659,2013,0.0,68147.0,0.892099,0.18168399999999998,NOR,IRL,900219
6441041,177,106,9659,2013,1612.0,5385.0,1.084332,1.216749,POL,IRL,900219
6441042,179,106,9659,2013,0.0,83996.0,0.541454,2.5228610000000002,PRT,IRL,900219
6441043,185,106,9659,2013,0.0,8378.0,0.792035,1.225034,ROU,IRL,900219
6441044,188,106,9659,2013,0.0,10712.0,0.626347,-0.844406,SAU,IRL,900219
6441045,192,106,9659,2013,5231.0,3774.0,1.915504,0.619576,SGP,IRL,900219
6441046,208,106,9659,2013,3311.0,9250.0,1.869421,0.228109,SWE,IRL,900219
6441047,228,106,9659,2013,2047.0,0.0,0.657729,0.9063200000000001,UKR,IRL,900219
6441048,231,106,9659,2013,514067.0,111751.0,1.6639689999999998,-0.48651300000000003,USA,IRL,900219
6441049,249,106,9659,2013,7590.0,0.0,1.843186,0.9432379999999999,TWN,IRL,900219
6441050,250,106,9659,2013,8593.0,0.0,0.628555,0.277602,ANS,IRL,900219
6441051,7,107,9659,2013,44845.0,0.0,-0.074047,-0.585168,ARE,IRN,900219
6441052,43,107,9659,2013,17196.0,0.0,1.113767,1.477496,CHN,IRN,900219
6441053,61,107,9659,2013,88437.0,0.0,2.093658,-3.4281980000000005,DEU,IRN,900219
6441054,77,107,9659,2013,4705.0,0.0,1.520354,0.022874000000000002,FRA,IRN,900219
6441055,97,107,9659,2013,62340.0,0.0,0.744383,1.923139,HKG,IRN,900219
6441056,104,107,9659,2013,134419.0,0.0,0.215356,2.3916209999999998,IND,IRN,900219
6441057,106,107,9659,2013,3248.0,0.0,1.29988,0.240688,IRL,IRN,900219
6441058,114,107,9659,2013,12533.0,0.0,2.3993130000000003,-0.564768,JPN,IRN,900219
6441059,121,107,9659,2013,4223.0,0.0,1.818383,0.75645,KOR,IRN,900219
6441060,153,107,9659,2013,5054.0,0.0,0.937641,0.747496,MYS,IRN,900219
6441061,249,107,9659,2013,8530.0,0.0,1.843186,0.9432379999999999,TWN,IRN,900219
6441062,250,107,9659,2013,19861.0,0.0,0.628555,0.277602,ANS,IRN,900219
6441063,5,114,9659,2013,0.0,9170.0,0.9666530000000001,-0.159606,AND,JPN,900219
6441064,7,114,9659,2013,0.0,1004173.0,-0.074047,-0.585168,ARE,JPN,900219
6441065,8,114,9659,2013,0.0,39556.0,0.20314300000000002,0.494062,ARG,JPN,900219
6441066,9,114,9659,2013,0.0,9357.0,-0.076922,-0.5781390000000001,ARM,JPN,900219
6441067,14,114,9659,2013,4678.0,12745731.0,-0.31145700000000004,-0.167628,AUS,JPN,900219
6441068,15,114,9659,2013,7235.0,332954.0,1.7209240000000001,-0.286892,AUT,JPN,900219
6441069,18,114,9659,2013,62504.0,6757134.0,1.316207,0.972601,BEL,JPN,900219
6441070,21,114,9659,2013,0.0,111.0,-0.9110360000000001,-0.852492,BFA,JPN,900219
6441071,22,114,9659,2013,1426671.0,286162.0,-1.101916,-0.734646,BGD,JPN,900219
6441072,23,114,9659,2013,0.0,7401.0,0.5026109999999999,1.674296,BGR,JPN,900219
6441073,24,114,9659,2013,0.0,41480.0,0.249681,-0.6204270000000001,BHR,JPN,900219
6441074,26,114,9659,2013,0.0,1176.0,0.46743199999999996,0.7340800000000001,BIH,JPN,900219
6441075,28,114,9659,2013,5549.0,4245.0,1.036923,0.864568,BLR,JPN,900219
6441076,32,114,9659,2013,0.0,309581.0,0.14765899999999998,0.399262,BRA,JPN,900219
6441077,39,114,9659,2013,11132.0,6051711.0,0.719649,1.017046,CAN,JPN,900219
6441078,41,114,9659,2013,57711.0,1274926.0,2.2104470000000003,0.5403479999999999,CHE,JPN,900219
6441079,42,114,9659,2013,0.0,390301.0,-0.260718,-0.38256100000000004,CHL,JPN,900219
6441080,43,114,9659,2013,85900752.0,120143216.0,1.113767,1.477496,CHN,JPN,900219
6441081,44,114,9659,2013,0.0,3968.0,-0.923558,-0.866642,CIV,JPN,900219
6441082,49,114,9659,2013,0.0,35817.0,0.121799,-0.388239,COL,JPN,900219
6441083,52,114,9659,2013,0.0,3006.0,0.067379,-0.688217,CRI,JPN,900219
6441084,54,114,9659,2013,0.0,12696.0,-0.019956,-0.7873319999999999,CUB,JPN,900219
6441085,58,114,9659,2013,0.0,1561.0,0.502238,0.349608,CYP,JPN,900219
6441086,59,114,9659,2013,1747.0,876218.0,1.819653,-0.12423800000000002,CZE,JPN,900219
6441087,61,114,9659,2013,4349499.0,35725976.0,2.093658,-3.4281980000000005,DEU,JPN,900219
6441088,64,114,9659,2013,11978.0,571296.0,1.161835,1.1788450000000001,DNK,JPN,900219
6441089,65,114,9659,2013,0.0,10482.0,-0.277269,0.432388,DOM,JPN,900219
6441090,66,114,9659,2013,0.0,1226.0,-1.373947,-1.1523459999999999,DZA,JPN,900219
6441091,67,114,9659,2013,0.0,26497.0,-0.86546,-0.8888389999999999,ECU,JPN,900219
6441092,68,114,9659,2013,0.0,29986.0,-0.17418,1.692641,EGY,JPN,900219
6441093,71,114,9659,2013,0.0,1074407.0,0.861698,2.353993,ESP,JPN,900219
6441094,72,114,9659,2013,0.0,73935.0,0.8828940000000001,1.386574,EST,JPN,900219
6441095,74,114,9659,2013,0.0,146364.0,1.734552,0.8896940000000001,FIN,JPN,900219
6441096,75,114,9659,2013,0.0,2144.0,-0.5203369999999999,-0.122405,FJI,JPN,900219
6441097,77,114,9659,2013,332448.0,4327850.0,1.520354,0.022874000000000002,FRA,JPN,900219
6441098,81,114,9659,2013,254521.0,5390648.0,1.7901259999999999,0.44164,GBR,JPN,900219
6441099,82,114,9659,2013,0.0,4079.0,-0.160691,-0.393419,GEO,JPN,900219
6441100,90,114,9659,2013,0.0,9914.0,0.18823800000000002,0.910906,GRC,JPN,900219
6441101,95,114,9659,2013,0.0,21764.0,0.483541,0.281968,GUM,JPN,900219
6441102,97,114,9659,2013,779957.0,62462376.0,0.744383,1.923139,HKG,JPN,900219
6441103,100,114,9659,2013,0.0,1107.0,0.898284,1.038807,HRV,JPN,900219
6441104,102,114,9659,2013,0.0,136917.0,1.506101,0.7279220000000001,HUN,JPN,900219
6441105,103,114,9659,2013,1332434.0,254215.0,-0.216854,1.415728,IDN,JPN,900219
6441106,104,114,9659,2013,1150221.0,2456890.0,0.215356,2.3916209999999998,IND,JPN,900219
6441107,106,114,9659,2013,8353.0,15583.0,1.29988,0.240688,IRL,JPN,900219
6441108,107,114,9659,2013,0.0,12533.0,-0.339172,-0.237114,IRN,JPN,900219
6441109,109,114,9659,2013,0.0,1447.0,0.259374,-0.20413299999999998,ISL,JPN,900219
6441110,110,114,9659,2013,40548.0,6631882.0,1.197241,0.633828,ISR,JPN,900219
6441111,111,114,9659,2013,31387.0,833152.0,1.289924,0.533436,ITA,JPN,900219
6441112,113,114,9659,2013,0.0,2746.0,0.152659,0.5889979999999999,JOR,JPN,900219
6441113,115,114,9659,2013,0.0,54643.0,-0.680678,-0.83347,KAZ,JPN,900219
6441114,117,114,9659,2013,0.0,4545.0,-0.1035,0.339914,KGZ,JPN,900219
6441115,118,114,9659,2013,0.0,2384.0,-1.054758,-0.872352,KHM,JPN,900219
6441116,121,114,9659,2013,850940.0,23627208.0,1.818383,0.75645,KOR,JPN,900219
6441117,122,114,9659,2013,0.0,161505.0,-0.536384,-1.08382,KWT,JPN,900219
6441118,124,114,9659,2013,0.0,24248.0,0.283084,1.4289100000000001,LBN,JPN,900219
6441119,126,114,9659,2013,0.0,4406.0,-1.6241459999999999,-1.1817950000000002,LBY,JPN,900219
6441120,128,114,9659,2013,0.0,104573.0,-0.6521779999999999,0.41258599999999995,LKA,JPN,900219
6441121,130,114,9659,2013,19543.0,58310.0,0.737796,1.215543,LTU,JPN,900219
6441122,131,114,9659,2013,0.0,14030.0,1.170459,1.150327,LUX,JPN,900219
6441123,132,114,9659,2013,0.0,49219.0,0.6219439999999999,1.166749,LVA,JPN,900219
6441124,133,114,9659,2013,0.0,9868.0,0.252209,0.184401,MAC,JPN,900219
6441125,134,114,9659,2013,0.0,839.0,-0.6494260000000001,-0.035075999999999996,MAR,JPN,900219
6441126,135,114,9659,2013,0.0,3438.0,-0.016235,0.132104,MDA,JPN,900219
6441127,137,114,9659,2013,0.0,51256.0,-0.21889699999999998,-0.776392,MDV,JPN,900219
6441128,138,114,9659,2013,2636.0,896608.0,1.048507,0.718932,MEX,JPN,900219
6441129,140,114,9659,2013,0.0,1820.0,-0.10859400000000001,0.155229,MKD,JPN,900219
6441130,142,114,9659,2013,0.0,35388.0,0.8519760000000001,-0.075869,MLT,JPN,900219
6441131,143,114,9659,2013,0.0,15483.0,-1.230787,-0.737375,MMR,JPN,900219
6441132,144,114,9659,2013,0.0,885.0,-0.054454999999999996,-0.164875,MNE,JPN,900219
6441133,145,114,9659,2013,0.0,3734.0,-1.3270950000000001,-1.144547,MNG,JPN,900219
6441134,151,114,9659,2013,0.0,31042.0,-0.158852,0.0061600000000000005,MUS,JPN,900219
6441135,153,114,9659,2013,763502.0,2988844.0,0.937641,0.747496,MYS,JPN,900219
6441136,156,114,9659,2013,0.0,2014.0,-0.136052,-0.703913,NCL,JPN,900219
6441137,162,114,9659,2013,824592.0,58725104.0,1.184107,1.249557,NLD,JPN,900219
6441138,163,114,9659,2013,14352.0,273140.0,0.892099,0.18168399999999998,NOR,JPN,900219
6441139,164,114,9659,2013,0.0,3261.0,-0.293669,0.677365,NPL,JPN,900219
6441140,166,114,9659,2013,5640.0,587726.0,0.3345,0.39063000000000003,NZL,JPN,900219
6441141,167,114,9659,2013,0.0,1626.0,-0.604175,-1.0463209999999998,OMN,JPN,900219
6441142,168,114,9659,2013,0.0,26803.0,-0.75727,0.769703,PAK,JPN,900219
6441143,169,114,9659,2013,0.0,150017.0,0.735637,1.161718,PAN,JPN,900219
6441144,173,114,9659,2013,0.0,25001.0,-0.573852,0.357977,PER,JPN,900219
6441145,174,114,9659,2013,3868016.0,2468616.0,0.507868,0.355403,PHL,JPN,900219
6441146,177,114,9659,2013,81266.0,425358.0,1.084332,1.216749,POL,JPN,900219
6441147,179,114,9659,2013,0.0,61877.0,0.541454,2.5228610000000002,PRT,JPN,900219
6441148,182,114,9659,2013,0.0,8602.0,-0.146044,-0.7055359999999999,PYF,JPN,900219
6441149,183,114,9659,2013,0.0,7845.0,-0.083649,-1.013491,QAT,JPN,900219
6441150,185,114,9659,2013,0.0,96604.0,0.792035,1.225034,ROU,JPN,900219
6441151,186,114,9659,2013,0.0,2317589.0,0.481166,-0.180052,RUS,JPN,900219
6441152,188,114,9659,2013,0.0,101759.0,0.626347,-0.844406,SAU,JPN,900219
6441153,192,114,9659,2013,609608.0,18800188.0,1.915504,0.619576,SGP,JPN,900219
6441154,197,114,9659,2013,0.0,2823.0,-0.021029,0.381522,SLV,JPN,900219
6441155,201,114,9659,2013,0.0,9576.0,0.5717720000000001,1.174901,SRB,JPN,900219
6441156,206,114,9659,2013,0.0,78239.0,1.32064,0.7519819999999999,SVK,JPN,900219
6441157,207,114,9659,2013,0.0,12983.0,1.698374,0.563082,SVN,JPN,900219
6441158,208,114,9659,2013,220495.0,591424.0,1.869421,0.228109,SWE,JPN,900219
6441159,216,114,9659,2013,68913744.0,4923742.0,0.8752139999999999,1.3798620000000001,THA,JPN,900219
6441160,223,114,9659,2013,0.0,6286.0,0.185528,1.0070700000000001,TUN,JPN,900219
6441161,224,114,9659,2013,0.0,683813.0,0.42932299999999995,2.690235,TUR,JPN,900219
6441162,228,114,9659,2013,0.0,135861.0,0.657729,0.9063200000000001,UKR,JPN,900219
6441163,231,114,9659,2013,5236286.0,42162232.0,1.6639689999999998,-0.48651300000000003,USA,JPN,900219
6441164,239,114,9659,2013,20195204.0,2676152.0,-0.11426900000000001,1.399738,VNM,JPN,900219
6441165,243,114,9659,2013,0.0,9663.0,-1.252605,-1.207324,YEM,JPN,900219
6441166,246,114,9659,2013,0.0,163066.0,0.380284,1.5682120000000002,ZAF,JPN,900219
6441167,249,114,9659,2013,17019538.0,13262438.0,1.843186,0.9432379999999999,TWN,JPN,900219
6441168,7,115,9659,2013,2497.0,0.0,-0.074047,-0.585168,ARE,KAZ,900219
6441169,15,115,9659,2013,1451.0,0.0,1.7209240000000001,-0.286892,AUT,KAZ,900219
6441170,28,115,9659,2013,42250.0,0.0,1.036923,0.864568,BLR,KAZ,900219
6441171,39,115,9659,2013,14730.0,0.0,0.719649,1.017046,CAN,KAZ,900219
6441172,43,115,9659,2013,63254.0,0.0,1.113767,1.477496,CHN,KAZ,900219
6441173,61,115,9659,2013,100492.0,0.0,2.093658,-3.4281980000000005,DEU,KAZ,900219
6441174,64,115,9659,2013,861.0,0.0,1.161835,1.1788450000000001,DNK,KAZ,900219
6441175,81,115,9659,2013,11857.0,0.0,1.7901259999999999,0.44164,GBR,KAZ,900219
6441176,102,115,9659,2013,998.0,0.0,1.506101,0.7279220000000001,HUN,KAZ,900219
6441177,104,115,9659,2013,15584.0,0.0,0.215356,2.3916209999999998,IND,KAZ,900219
6441178,111,115,9659,2013,1747.0,0.0,1.289924,0.533436,ITA,KAZ,900219
6441179,114,115,9659,2013,54643.0,0.0,2.3993130000000003,-0.564768,JPN,KAZ,900219
6441180,121,115,9659,2013,7287.0,0.0,1.818383,0.75645,KOR,KAZ,900219
6441181,130,115,9659,2013,43434.0,0.0,0.737796,1.215543,LTU,KAZ,900219
6441182,153,115,9659,2013,12411.0,0.0,0.937641,0.747496,MYS,KAZ,900219
6441183,177,115,9659,2013,52886.0,0.0,1.084332,1.216749,POL,KAZ,900219
6441184,186,115,9659,2013,24327.0,0.0,0.481166,-0.180052,RUS,KAZ,900219
6441185,192,115,9659,2013,507.0,0.0,1.915504,0.619576,SGP,KAZ,900219
6441186,224,115,9659,2013,7001.0,0.0,0.42932299999999995,2.690235,TUR,KAZ,900219
6441187,231,115,9659,2013,1989.0,0.0,1.6639689999999998,-0.48651300000000003,USA,KAZ,900219
6441188,249,115,9659,2013,6039.0,0.0,1.843186,0.9432379999999999,TWN,KAZ,900219
6441189,39,116,9659,2013,6749.0,0.0,0.719649,1.017046,CAN,KEN,900219
6441190,41,116,9659,2013,3890.0,0.0,2.2104470000000003,0.5403479999999999,CHE,KEN,900219
6441191,43,116,9659,2013,3613.0,0.0,1.113767,1.477496,CHN,KEN,900219
6441192,61,116,9659,2013,34545.0,0.0,2.093658,-3.4281980000000005,DEU,KEN,900219
6441193,71,116,9659,2013,1303.0,0.0,0.861698,2.353993,ESP,KEN,900219
6441194,81,116,9659,2013,10417.0,0.0,1.7901259999999999,0.44164,GBR,KEN,900219
6441195,104,116,9659,2013,123821.0,0.0,0.215356,2.3916209999999998,IND,KEN,900219
6441196,121,116,9659,2013,1310.0,0.0,1.818383,0.75645,KOR,KEN,900219
6441197,231,116,9659,2013,5137.0,0.0,1.6639689999999998,-0.48651300000000003,USA,KEN,900219
6441198,246,116,9659,2013,1613.0,1907.0,0.380284,1.5682120000000002,ZAF,KEN,900219
6441199,249,116,9659,2013,959.0,0.0,1.843186,0.9432379999999999,TWN,KEN,900219
6441200,43,117,9659,2013,1366.0,0.0,1.113767,1.477496,CHN,KGZ,900219
6441201,114,117,9659,2013,4545.0,0.0,2.3993130000000003,-0.564768,JPN,KGZ,900219
6441202,97,118,9659,2013,291542.0,0.0,0.744383,1.923139,HKG,KHM,900219
6441203,104,118,9659,2013,30584.0,0.0,0.215356,2.3916209999999998,IND,KHM,900219
6441204,114,118,9659,2013,2384.0,0.0,2.3993130000000003,-0.564768,JPN,KHM,900219
6441205,192,118,9659,2013,22033.0,47752.0,1.915504,0.619576,SGP,KHM,900219
6441206,231,118,9659,2013,2615.0,0.0,1.6639689999999998,-0.48651300000000003,USA,KHM,900219
6441207,239,118,9659,2013,14664.0,0.0,-0.11426900000000001,1.399738,VNM,KHM,900219
6441208,7,124,9659,2013,0.0,1434.0,-0.074047,-0.585168,ARE,LBN,900219
6441209,15,124,9659,2013,0.0,2025.0,1.7209240000000001,-0.286892,AUT,LBN,900219
6441210,41,124,9659,2013,0.0,13051.0,2.2104470000000003,0.5403479999999999,CHE,LBN,900219
6441211,43,124,9659,2013,4473.0,0.0,1.113767,1.477496,CHN,LBN,900219
6441212,61,124,9659,2013,69583.0,0.0,2.093658,-3.4281980000000005,DEU,LBN,900219
6441213,68,124,9659,2013,0.0,1158.0,-0.17418,1.692641,EGY,LBN,900219
6441214,77,124,9659,2013,6596.0,0.0,1.520354,0.022874000000000002,FRA,LBN,900219
6441215,81,124,9659,2013,40565.0,0.0,1.7901259999999999,0.44164,GBR,LBN,900219
6441216,104,124,9659,2013,97716.0,0.0,0.215356,2.3916209999999998,IND,LBN,900219
6441217,108,124,9659,2013,0.0,6854.0,-2.839079,-0.8705440000000001,IRQ,LBN,900219
6441218,114,124,9659,2013,24248.0,0.0,2.3993130000000003,-0.564768,JPN,LBN,900219
6441219,174,124,9659,2013,3507.0,0.0,0.507868,0.355403,PHL,LBN,900219
6441220,186,124,9659,2013,2971.0,0.0,0.481166,-0.180052,RUS,LBN,900219
6441221,192,124,9659,2013,3428.0,0.0,1.915504,0.619576,SGP,LBN,900219
6441222,231,124,9659,2013,21615.0,0.0,1.6639689999999998,-0.48651300000000003,USA,LBN,900219
6441223,239,124,9659,2013,2939.0,0.0,-0.11426900000000001,1.399738,VNM,LBN,900219
6441224,249,124,9659,2013,8424.0,0.0,1.843186,0.9432379999999999,TWN,LBN,900219
6441225,250,124,9659,2013,0.0,13126.0,0.628555,0.277602,ANS,LBN,900219
6441226,15,128,9659,2013,750.0,0.0,1.7209240000000001,-0.286892,AUT,LKA,900219
6441227,18,128,9659,2013,10584.0,0.0,1.316207,0.972601,BEL,LKA,900219
6441228,43,128,9659,2013,8061.0,0.0,1.113767,1.477496,CHN,LKA,900219
6441229,61,128,9659,2013,13016.0,0.0,2.093658,-3.4281980000000005,DEU,LKA,900219
6441230,81,128,9659,2013,2299.0,0.0,1.7901259999999999,0.44164,GBR,LKA,900219
6441231,97,128,9659,2013,9804.0,0.0,0.744383,1.923139,HKG,LKA,900219
6441232,104,128,9659,2013,51523.0,0.0,0.215356,2.3916209999999998,IND,LKA,900219
6441233,114,128,9659,2013,104573.0,0.0,2.3993130000000003,-0.564768,JPN,LKA,900219
6441234,192,128,9659,2013,129398.0,0.0,1.915504,0.619576,SGP,LKA,900219
6441235,216,128,9659,2013,0.0,1734.0,0.8752139999999999,1.3798620000000001,THA,LKA,900219
6441236,15,130,9659,2013,1034.0,0.0,1.7209240000000001,-0.286892,AUT,LTU,900219
6441237,18,130,9659,2013,24132.0,4112.0,1.316207,0.972601,BEL,LTU,900219
6441238,28,130,9659,2013,0.0,22970.0,1.036923,0.864568,BLR,LTU,900219
6441239,43,130,9659,2013,229060.0,0.0,1.113767,1.477496,CHN,LTU,900219
6441240,61,130,9659,2013,360818.0,5443.0,2.093658,-3.4281980000000005,DEU,LTU,900219
6441241,71,130,9659,2013,2690.0,0.0,0.861698,2.353993,ESP,LTU,900219
6441242,72,130,9659,2013,1969.0,11645.0,0.8828940000000001,1.386574,EST,LTU,900219
6441243,74,130,9659,2013,0.0,1916.0,1.734552,0.8896940000000001,FIN,LTU,900219
6441244,77,130,9659,2013,0.0,1817.0,1.520354,0.022874000000000002,FRA,LTU,900219
6441245,81,130,9659,2013,8400.0,0.0,1.7901259999999999,0.44164,GBR,LTU,900219
6441246,97,130,9659,2013,185214.0,10160.0,0.744383,1.923139,HKG,LTU,900219
6441247,102,130,9659,2013,0.0,5753.0,1.506101,0.7279220000000001,HUN,LTU,900219
6441248,104,130,9659,2013,7553.0,13064.0,0.215356,2.3916209999999998,IND,LTU,900219
6441249,110,130,9659,2013,51648.0,0.0,1.197241,0.633828,ISR,LTU,900219
6441250,111,130,9659,2013,6321.0,0.0,1.289924,0.533436,ITA,LTU,900219
6441251,114,130,9659,2013,58310.0,19543.0,2.3993130000000003,-0.564768,JPN,LTU,900219
6441252,115,130,9659,2013,0.0,43434.0,-0.680678,-0.83347,KAZ,LTU,900219
6441253,121,130,9659,2013,1664.0,3848.0,1.818383,0.75645,KOR,LTU,900219
6441254,132,130,9659,2013,60119.0,11514.0,0.6219439999999999,1.166749,LVA,LTU,900219
6441255,162,130,9659,2013,5113.0,0.0,1.184107,1.249557,NLD,LTU,900219
6441256,163,130,9659,2013,3282.0,0.0,0.892099,0.18168399999999998,NOR,LTU,900219
6441257,177,130,9659,2013,1724.0,17551.0,1.084332,1.216749,POL,LTU,900219
6441258,186,130,9659,2013,14033.0,108907.0,0.481166,-0.180052,RUS,LTU,900219
6441259,231,130,9659,2013,15147.0,18878.0,1.6639689999999998,-0.48651300000000003,USA,LTU,900219
6441260,249,130,9659,2013,13898.0,11201.0,1.843186,0.9432379999999999,TWN,LTU,900219
6441261,18,131,9659,2013,73528.0,0.0,1.316207,0.972601,BEL,LUX,900219
6441262,32,131,9659,2013,0.0,1047.0,0.14765899999999998,0.399262,BRA,LUX,900219
6441263,43,131,9659,2013,21626.0,0.0,1.113767,1.477496,CHN,LUX,900219
6441264,45,131,9659,2013,0.0,1224.0,-0.901531,-1.027111,CMR,LUX,900219
6441265,61,131,9659,2013,70319.0,0.0,2.093658,-3.4281980000000005,DEU,LUX,900219
6441266,77,131,9659,2013,1701.0,0.0,1.520354,0.022874000000000002,FRA,LUX,900219
6441267,110,131,9659,2013,5286.0,0.0,1.197241,0.633828,ISR,LUX,900219
6441268,111,131,9659,2013,1395.0,0.0,1.289924,0.533436,ITA,LUX,900219
6441269,114,131,9659,2013,14030.0,0.0,2.3993130000000003,-0.564768,JPN,LUX,900219
6441270,121,131,9659,2013,1750.0,0.0,1.818383,0.75645,KOR,LUX,900219
6441271,162,131,9659,2013,4044.0,0.0,1.184107,1.249557,NLD,LUX,900219
6441272,163,131,9659,2013,0.0,916.0,0.892099,0.18168399999999998,NOR,LUX,900219
6441273,224,131,9659,2013,0.0,5495.0,0.42932299999999995,2.690235,TUR,LUX,900219
6441274,231,131,9659,2013,12924.0,0.0,1.6639689999999998,-0.48651300000000003,USA,LUX,900219
6441275,249,131,9659,2013,101493.0,1781.0,1.843186,0.9432379999999999,TWN,LUX,900219
6441276,250,131,9659,2013,1623.0,0.0,0.628555,0.277602,ANS,LUX,900219
6441277,18,132,9659,2013,7856.0,0.0,1.316207,0.972601,BEL,LVA,900219
6441278,28,132,9659,2013,0.0,99527.0,1.036923,0.864568,BLR,LVA,900219
6441279,43,132,9659,2013,36325.0,0.0,1.113767,1.477496,CHN,LVA,900219
6441280,59,132,9659,2013,0.0,20396.0,1.819653,-0.12423800000000002,CZE,LVA,900219
6441281,61,132,9659,2013,117493.0,214265.0,2.093658,-3.4281980000000005,DEU,LVA,900219
6441282,72,132,9659,2013,0.0,3711.0,0.8828940000000001,1.386574,EST,LVA,900219
6441283,74,132,9659,2013,0.0,1107.0,1.734552,0.8896940000000001,FIN,LVA,900219
6441284,81,132,9659,2013,2845.0,0.0,1.7901259999999999,0.44164,GBR,LVA,900219
6441285,97,132,9659,2013,13450.0,11586.0,0.744383,1.923139,HKG,LVA,900219
6441286,110,132,9659,2013,9158.0,11030.0,1.197241,0.633828,ISR,LVA,900219
6441287,111,132,9659,2013,0.0,35691.0,1.289924,0.533436,ITA,LVA,900219
6441288,114,132,9659,2013,49219.0,0.0,2.3993130000000003,-0.564768,JPN,LVA,900219
6441289,130,132,9659,2013,11514.0,60119.0,0.737796,1.215543,LTU,LVA,900219
6441290,142,132,9659,2013,0.0,8531.0,0.8519760000000001,-0.075869,MLT,LVA,900219
6441291,162,132,9659,2013,68085.0,0.0,1.184107,1.249557,NLD,LVA,900219
6441292,177,132,9659,2013,4997.0,0.0,1.084332,1.216749,POL,LVA,900219
6441293,186,132,9659,2013,0.0,2422.0,0.481166,-0.180052,RUS,LVA,900219
6441294,208,132,9659,2013,25651.0,0.0,1.869421,0.228109,SWE,LVA,900219
6441295,228,132,9659,2013,0.0,1078.0,0.657729,0.9063200000000001,UKR,LVA,900219
6441296,231,132,9659,2013,360528.0,0.0,1.6639689999999998,-0.48651300000000003,USA,LVA,900219
6441297,249,132,9659,2013,4806.0,0.0,1.843186,0.9432379999999999,TWN,LVA,900219
6441298,61,135,9659,2013,5577.0,0.0,2.093658,-3.4281980000000005,DEU,MDA,900219
6441299,114,135,9659,2013,3438.0,0.0,2.3993130000000003,-0.564768,JPN,MDA,900219
6441300,121,135,9659,2013,730.0,0.0,1.818383,0.75645,KOR,MDA,900219
6441301,162,135,9659,2013,5244.0,0.0,1.184107,1.249557,NLD,MDA,900219
6441302,177,135,9659,2013,1421.0,0.0,1.084332,1.216749,POL,MDA,900219
6441303,185,135,9659,2013,26732.0,4567.0,0.792035,1.225034,ROU,MDA,900219
6441304,23,140,9659,2013,15182.0,0.0,0.5026109999999999,1.674296,BGR,MKD,900219
6441305,43,140,9659,2013,4587.0,0.0,1.113767,1.477496,CHN,MKD,900219
6441306,61,140,9659,2013,5001.0,0.0,2.093658,-3.4281980000000005,DEU,MKD,900219
6441307,114,140,9659,2013,1820.0,0.0,2.3993130000000003,-0.564768,JPN,MKD,900219
6441308,121,140,9659,2013,2645.0,0.0,1.818383,0.75645,KOR,MKD,900219
6441309,201,140,9659,2013,7848.0,0.0,0.5717720000000001,1.174901,SRB,MKD,900219
6441310,61,147,9659,2013,21857.0,0.0,2.093658,-3.4281980000000005,DEU,MOZ,900219
6441311,104,147,9659,2013,6045.0,0.0,0.215356,2.3916209999999998,IND,MOZ,900219
6441312,246,147,9659,2013,12187.0,0.0,0.380284,1.5682120000000002,ZAF,MOZ,900219
6441313,104,148,9659,2013,38237.0,0.0,0.215356,2.3916209999999998,IND,MRT,900219
6441314,41,159,9659,2013,1273.0,0.0,2.2104470000000003,0.5403479999999999,CHE,NGA,900219
6441315,43,159,9659,2013,9438.0,0.0,1.113767,1.477496,CHN,NGA,900219
6441316,61,159,9659,2013,23062.0,0.0,2.093658,-3.4281980000000005,DEU,NGA,900219
6441317,81,159,9659,2013,17431.0,0.0,1.7901259999999999,0.44164,GBR,NGA,900219
6441318,97,159,9659,2013,2059.0,0.0,0.744383,1.923139,HKG,NGA,900219
6441319,104,159,9659,2013,24847.0,0.0,0.215356,2.3916209999999998,IND,NGA,900219
6441320,246,159,9659,2013,4345.0,0.0,0.380284,1.5682120000000002,ZAF,NGA,900219
6441321,249,159,9659,2013,1465.0,0.0,1.843186,0.9432379999999999,TWN,NGA,900219
6441322,43,164,9659,2013,5713.0,0.0,1.113767,1.477496,CHN,NPL,900219
6441323,61,164,9659,2013,3199.0,0.0,2.093658,-3.4281980000000005,DEU,NPL,900219
6441324,104,164,9659,2013,27059.0,0.0,0.215356,2.3916209999999998,IND,NPL,900219
6441325,114,164,9659,2013,3261.0,0.0,2.3993130000000003,-0.564768,JPN,NPL,900219
6441326,192,164,9659,2013,13631.0,0.0,1.915504,0.619576,SGP,NPL,900219
6441327,7,167,9659,2013,80097.0,0.0,-0.074047,-0.585168,ARE,OMN,900219
6441328,43,167,9659,2013,1306.0,0.0,1.113767,1.477496,CHN,OMN,900219
6441329,61,167,9659,2013,141833.0,0.0,2.093658,-3.4281980000000005,DEU,OMN,900219
6441330,71,167,9659,2013,122420.0,0.0,0.861698,2.353993,ESP,OMN,900219
6441331,81,167,9659,2013,16343.0,0.0,1.7901259999999999,0.44164,GBR,OMN,900219
6441332,104,167,9659,2013,1072.0,0.0,0.215356,2.3916209999999998,IND,OMN,900219
6441333,114,167,9659,2013,1626.0,0.0,2.3993130000000003,-0.564768,JPN,OMN,900219
6441334,7,168,9659,2013,2493.0,0.0,-0.074047,-0.585168,ARE,PAK,900219
6441335,22,168,9659,2013,1415.0,0.0,-1.101916,-0.734646,BGD,PAK,900219
6441336,43,168,9659,2013,15022.0,0.0,1.113767,1.477496,CHN,PAK,900219
6441337,61,168,9659,2013,4056.0,0.0,2.093658,-3.4281980000000005,DEU,PAK,900219
6441338,97,168,9659,2013,468718.0,0.0,0.744383,1.923139,HKG,PAK,900219
6441339,104,168,9659,2013,226560.0,0.0,0.215356,2.3916209999999998,IND,PAK,900219
6441340,114,168,9659,2013,26803.0,0.0,2.3993130000000003,-0.564768,JPN,PAK,900219
6441341,121,168,9659,2013,3067.0,0.0,1.818383,0.75645,KOR,PAK,900219
6441342,192,168,9659,2013,8441.0,0.0,1.915504,0.619576,SGP,PAK,900219
6441343,231,168,9659,2013,126074.0,0.0,1.6639689999999998,-0.48651300000000003,USA,PAK,900219
6441344,15,185,9659,2013,68436.0,0.0,1.7209240000000001,-0.286892,AUT,ROU,900219
6441345,18,185,9659,2013,376921.0,0.0,1.316207,0.972601,BEL,ROU,900219
6441346,41,185,9659,2013,62105.0,0.0,2.2104470000000003,0.5403479999999999,CHE,ROU,900219
6441347,43,185,9659,2013,87683.0,0.0,1.113767,1.477496,CHN,ROU,900219
6441348,59,185,9659,2013,71486.0,43334.0,1.819653,-0.12423800000000002,CZE,ROU,900219
6441349,61,185,9659,2013,523444.0,14210.0,2.093658,-3.4281980000000005,DEU,ROU,900219
6441350,77,185,9659,2013,13783.0,0.0,1.520354,0.022874000000000002,FRA,ROU,900219
6441351,81,185,9659,2013,14352.0,0.0,1.7901259999999999,0.44164,GBR,ROU,900219
6441352,100,185,9659,2013,1487.0,0.0,0.898284,1.038807,HRV,ROU,900219
6441353,102,185,9659,2013,16350.0,0.0,1.506101,0.7279220000000001,HUN,ROU,900219
6441354,104,185,9659,2013,3895.0,0.0,0.215356,2.3916209999999998,IND,ROU,900219
6441355,106,185,9659,2013,8378.0,0.0,1.29988,0.240688,IRL,ROU,900219
6441356,110,185,9659,2013,87855.0,2753.0,1.197241,0.633828,ISR,ROU,900219
6441357,111,185,9659,2013,27207.0,0.0,1.289924,0.533436,ITA,ROU,900219
6441358,114,185,9659,2013,96604.0,0.0,2.3993130000000003,-0.564768,JPN,ROU,900219
6441359,135,185,9659,2013,4567.0,26732.0,-0.016235,0.132104,MDA,ROU,900219
6441360,142,185,9659,2013,5605.0,0.0,0.8519760000000001,-0.075869,MLT,ROU,900219
6441361,162,185,9659,2013,6206.0,0.0,1.184107,1.249557,NLD,ROU,900219
6441362,177,185,9659,2013,22627.0,0.0,1.084332,1.216749,POL,ROU,900219
6441363,206,185,9659,2013,1550.0,0.0,1.32064,0.7519819999999999,SVK,ROU,900219
6441364,231,185,9659,2013,2882.0,0.0,1.6639689999999998,-0.48651300000000003,USA,ROU,900219
6441365,15,186,9659,2013,2429.0,1285.0,1.7209240000000001,-0.286892,AUT,RUS,900219
6441366,16,186,9659,2013,0.0,1482.0,-0.9232870000000001,-1.165928,AZE,RUS,900219
6441367,18,186,9659,2013,358967.0,16944.0,1.316207,0.972601,BEL,RUS,900219
6441368,22,186,9659,2013,7382.0,0.0,-1.101916,-0.734646,BGD,RUS,900219
6441369,28,186,9659,2013,53183.0,178036.0,1.036923,0.864568,BLR,RUS,900219
6441370,39,186,9659,2013,3157.0,27561.0,0.719649,1.017046,CAN,RUS,900219
6441371,41,186,9659,2013,60143.0,2890.0,2.2104470000000003,0.5403479999999999,CHE,RUS,900219
6441372,43,186,9659,2013,923512.0,1559.0,1.113767,1.477496,CHN,RUS,900219
6441373,59,186,9659,2013,5545.0,0.0,1.819653,-0.12423800000000002,CZE,RUS,900219
6441374,61,186,9659,2013,4176276.0,64131.0,2.093658,-3.4281980000000005,DEU,RUS,900219
6441375,64,186,9659,2013,1297.0,1089.0,1.161835,1.1788450000000001,DNK,RUS,900219
6441376,71,186,9659,2013,12020.0,1014.0,0.861698,2.353993,ESP,RUS,900219
6441377,72,186,9659,2013,30513.0,0.0,0.8828940000000001,1.386574,EST,RUS,900219
6441378,74,186,9659,2013,48478.0,0.0,1.734552,0.8896940000000001,FIN,RUS,900219
6441379,77,186,9659,2013,21764.0,3731.0,1.520354,0.022874000000000002,FRA,RUS,900219
6441380,81,186,9659,2013,15556.0,1750.0,1.7901259999999999,0.44164,GBR,RUS,900219
6441381,82,186,9659,2013,0.0,3244.0,-0.160691,-0.393419,GEO,RUS,900219
6441382,97,186,9659,2013,30858.0,27063.0,0.744383,1.923139,HKG,RUS,900219
6441383,103,186,9659,2013,24342.0,0.0,-0.216854,1.415728,IDN,RUS,900219
6441384,104,186,9659,2013,69311.0,0.0,0.215356,2.3916209999999998,IND,RUS,900219
6441385,110,186,9659,2013,279999.0,2682.0,1.197241,0.633828,ISR,RUS,900219
6441386,111,186,9659,2013,174616.0,0.0,1.289924,0.533436,ITA,RUS,900219
6441387,114,186,9659,2013,2317589.0,0.0,2.3993130000000003,-0.564768,JPN,RUS,900219
6441388,115,186,9659,2013,0.0,24327.0,-0.680678,-0.83347,KAZ,RUS,900219
6441389,121,186,9659,2013,4715.0,0.0,1.818383,0.75645,KOR,RUS,900219
6441390,124,186,9659,2013,0.0,2971.0,0.283084,1.4289100000000001,LBN,RUS,900219
6441391,130,186,9659,2013,108907.0,14033.0,0.737796,1.215543,LTU,RUS,900219
6441392,132,186,9659,2013,2422.0,0.0,0.6219439999999999,1.166749,LVA,RUS,900219
6441393,145,186,9659,2013,0.0,1083.0,-1.3270950000000001,-1.144547,MNG,RUS,900219
6441394,153,186,9659,2013,1619.0,0.0,0.937641,0.747496,MYS,RUS,900219
6441395,162,186,9659,2013,11047.0,1364.0,1.184107,1.249557,NLD,RUS,900219
6441396,174,186,9659,2013,7652.0,0.0,0.507868,0.355403,PHL,RUS,900219
6441397,177,186,9659,2013,3715.0,9212.0,1.084332,1.216749,POL,RUS,900219
6441398,179,186,9659,2013,9618.0,0.0,0.541454,2.5228610000000002,PRT,RUS,900219
6441399,192,186,9659,2013,15267.0,0.0,1.915504,0.619576,SGP,RUS,900219
6441400,201,186,9659,2013,9634.0,0.0,0.5717720000000001,1.174901,SRB,RUS,900219
6441401,207,186,9659,2013,0.0,1467.0,1.698374,0.563082,SVN,RUS,900219
6441402,208,186,9659,2013,162013.0,0.0,1.869421,0.228109,SWE,RUS,900219
6441403,212,186,9659,2013,0.0,3863.0,-0.14343399999999998,1.077256,SYR,RUS,900219
6441404,224,186,9659,2013,6782.0,0.0,0.42932299999999995,2.690235,TUR,RUS,900219
6441405,228,186,9659,2013,3184.0,0.0,0.657729,0.9063200000000001,UKR,RUS,900219
6441406,231,186,9659,2013,37740.0,75568.0,1.6639689999999998,-0.48651300000000003,USA,RUS,900219
6441407,232,186,9659,2013,0.0,1685.0,-0.748212,-0.567268,UZB,RUS,900219
6441408,239,186,9659,2013,2237.0,0.0,-0.11426900000000001,1.399738,VNM,RUS,900219
6441409,249,186,9659,2013,20232.0,0.0,1.843186,0.9432379999999999,TWN,RUS,900219
6441410,41,191,9659,2013,1702.0,0.0,2.2104470000000003,0.5403479999999999,CHE,SEN,900219
6441411,61,191,9659,2013,2390.0,0.0,2.093658,-3.4281980000000005,DEU,SEN,900219
6441412,104,191,9659,2013,3448.0,0.0,0.215356,2.3916209999999998,IND,SEN,900219
6441413,162,191,9659,2013,2646.0,0.0,1.184107,1.249557,NLD,SEN,900219
6441414,246,191,9659,2013,2987.0,0.0,0.380284,1.5682120000000002,ZAF,SEN,900219
6441415,18,201,9659,2013,5227.0,1255.0,1.316207,0.972601,BEL,SRB,900219
6441416,22,201,9659,2013,1435.0,0.0,-1.101916,-0.734646,BGD,SRB,900219
6441417,23,201,9659,2013,17507.0,0.0,0.5026109999999999,1.674296,BGR,SRB,900219
6441418,26,201,9659,2013,980.0,9652.0,0.46743199999999996,0.7340800000000001,BIH,SRB,900219
6441419,41,201,9659,2013,5269.0,0.0,2.2104470000000003,0.5403479999999999,CHE,SRB,900219
6441420,43,201,9659,2013,17637.0,0.0,1.113767,1.477496,CHN,SRB,900219
6441421,61,201,9659,2013,167107.0,2872.0,2.093658,-3.4281980000000005,DEU,SRB,900219
6441422,64,201,9659,2013,2314.0,0.0,1.161835,1.1788450000000001,DNK,SRB,900219
6441423,81,201,9659,2013,15387.0,0.0,1.7901259999999999,0.44164,GBR,SRB,900219
6441424,97,201,9659,2013,0.0,633584.0,0.744383,1.923139,HKG,SRB,900219
6441425,100,201,9659,2013,1681.0,1391.0,0.898284,1.038807,HRV,SRB,900219
6441426,102,201,9659,2013,7120.0,0.0,1.506101,0.7279220000000001,HUN,SRB,900219
6441427,110,201,9659,2013,10620.0,0.0,1.197241,0.633828,ISR,SRB,900219
6441428,111,201,9659,2013,15865.0,3023.0,1.289924,0.533436,ITA,SRB,900219
6441429,114,201,9659,2013,9576.0,0.0,2.3993130000000003,-0.564768,JPN,SRB,900219
6441430,121,201,9659,2013,5090.0,0.0,1.818383,0.75645,KOR,SRB,900219
6441431,126,201,9659,2013,0.0,3798.0,-1.6241459999999999,-1.1817950000000002,LBY,SRB,900219
6441432,140,201,9659,2013,0.0,7848.0,-0.10859400000000001,0.155229,MKD,SRB,900219
6441433,144,201,9659,2013,0.0,15930.0,-0.054454999999999996,-0.164875,MNE,SRB,900219
6441434,162,201,9659,2013,1283.0,0.0,1.184107,1.249557,NLD,SRB,900219
6441435,174,201,9659,2013,511.0,0.0,0.507868,0.355403,PHL,SRB,900219
6441436,186,201,9659,2013,0.0,9634.0,0.481166,-0.180052,RUS,SRB,900219
6441437,192,201,9659,2013,2348.0,0.0,1.915504,0.619576,SGP,SRB,900219
6441438,207,201,9659,2013,13449.0,1083.0,1.698374,0.563082,SVN,SRB,900219
6441439,208,201,9659,2013,14164.0,6567.0,1.869421,0.228109,SWE,SRB,900219
6441440,231,201,9659,2013,2291.0,0.0,1.6639689999999998,-0.48651300000000003,USA,SRB,900219
6441441,249,201,9659,2013,593.0,0.0,1.843186,0.9432379999999999,TWN,SRB,900219
6441442,4,207,9659,2013,0.0,2259.0,-0.53682,-0.162391,ALB,SVN,900219
6441443,15,207,9659,2013,9892.0,0.0,1.7209240000000001,-0.286892,AUT,SVN,900219
6441444,18,207,9659,2013,16035.0,0.0,1.316207,0.972601,BEL,SVN,900219
6441445,23,207,9659,2013,0.0,1641.0,0.5026109999999999,1.674296,BGR,SVN,900219
6441446,43,207,9659,2013,23350.0,0.0,1.113767,1.477496,CHN,SVN,900219
6441447,59,207,9659,2013,0.0,1496.0,1.819653,-0.12423800000000002,CZE,SVN,900219
6441448,61,207,9659,2013,623860.0,10602.0,2.093658,-3.4281980000000005,DEU,SVN,900219
6441449,68,207,9659,2013,0.0,10238.0,-0.17418,1.692641,EGY,SVN,900219
6441450,77,207,9659,2013,3010.0,0.0,1.520354,0.022874000000000002,FRA,SVN,900219
6441451,81,207,9659,2013,1411.0,0.0,1.7901259999999999,0.44164,GBR,SVN,900219
6441452,97,207,9659,2013,8132.0,39432.0,0.744383,1.923139,HKG,SVN,900219
6441453,100,207,9659,2013,3481.0,11718.0,0.898284,1.038807,HRV,SVN,900219
6441454,111,207,9659,2013,74975.0,0.0,1.289924,0.533436,ITA,SVN,900219
6441455,114,207,9659,2013,12983.0,0.0,2.3993130000000003,-0.564768,JPN,SVN,900219
6441456,174,207,9659,2013,478.0,0.0,0.507868,0.355403,PHL,SVN,900219
6441457,177,207,9659,2013,2843.0,116226.0,1.084332,1.216749,POL,SVN,900219
6441458,186,207,9659,2013,1467.0,0.0,0.481166,-0.180052,RUS,SVN,900219
6441459,192,207,9659,2013,2022.0,0.0,1.915504,0.619576,SGP,SVN,900219
6441460,201,207,9659,2013,1083.0,13449.0,0.5717720000000001,1.174901,SRB,SVN,900219
6441461,224,207,9659,2013,0.0,2651.0,0.42932299999999995,2.690235,TUR,SVN,900219
6441462,231,207,9659,2013,9644.0,2823.0,1.6639689999999998,-0.48651300000000003,USA,SVN,900219
6441463,249,207,9659,2013,2591.0,0.0,1.843186,0.9432379999999999,TWN,SVN,900219
6441464,8,239,9659,2013,0.0,8126.0,0.20314300000000002,0.494062,ARG,VNM,900219
6441465,22,239,9659,2013,430207.0,0.0,-1.101916,-0.734646,BGD,VNM,900219
6441466,28,239,9659,2013,0.0,5422.0,1.036923,0.864568,BLR,VNM,900219
6441467,39,239,9659,2013,0.0,5918.0,0.719649,1.017046,CAN,VNM,900219
6441468,43,239,9659,2013,43773508.0,4840408.0,1.113767,1.477496,CHN,VNM,900219
6441469,59,239,9659,2013,0.0,118411.0,1.819653,-0.12423800000000002,CZE,VNM,900219
6441470,61,239,9659,2013,45274.0,34814.0,2.093658,-3.4281980000000005,DEU,VNM,900219
6441471,64,239,9659,2013,1272.0,0.0,1.161835,1.1788450000000001,DNK,VNM,900219
6441472,74,239,9659,2013,3255.0,0.0,1.734552,0.8896940000000001,FIN,VNM,900219
6441473,77,239,9659,2013,0.0,13632.0,1.520354,0.022874000000000002,FRA,VNM,900219
6441474,81,239,9659,2013,6516.0,0.0,1.7901259999999999,0.44164,GBR,VNM,900219
6441475,97,239,9659,2013,284472.0,4565076.0,0.744383,1.923139,HKG,VNM,900219
6441476,104,239,9659,2013,76872.0,1859.0,0.215356,2.3916209999999998,IND,VNM,900219
6441477,111,239,9659,2013,3654.0,0.0,1.289924,0.533436,ITA,VNM,900219
6441478,114,239,9659,2013,2676152.0,20195204.0,2.3993130000000003,-0.564768,JPN,VNM,900219
6441479,118,239,9659,2013,0.0,14664.0,-1.054758,-0.872352,KHM,VNM,900219
6441480,121,239,9659,2013,507400.0,16591.0,1.818383,0.75645,KOR,VNM,900219
6441481,124,239,9659,2013,0.0,2939.0,0.283084,1.4289100000000001,LBN,VNM,900219
6441482,134,239,9659,2013,0.0,136413.0,-0.6494260000000001,-0.035075999999999996,MAR,VNM,900219
6441483,138,239,9659,2013,0.0,25472.0,1.048507,0.718932,MEX,VNM,900219
6441484,153,239,9659,2013,6060.0,3691.0,0.937641,0.747496,MYS,VNM,900219
6441485,162,239,9659,2013,6297.0,0.0,1.184107,1.249557,NLD,VNM,900219
6441486,163,239,9659,2013,0.0,3169.0,0.892099,0.18168399999999998,NOR,VNM,900219
6441487,174,239,9659,2013,4025324.0,67762.0,0.507868,0.355403,PHL,VNM,900219
6441488,186,239,9659,2013,0.0,2237.0,0.481166,-0.180052,RUS,VNM,900219
6441489,192,239,9659,2013,236014.0,262786.0,1.915504,0.619576,SGP,VNM,900219
6441490,206,239,9659,2013,0.0,19165.0,1.32064,0.7519819999999999,SVK,VNM,900219
6441491,216,239,9659,2013,813570.0,11707.0,0.8752139999999999,1.3798620000000001,THA,VNM,900219
6441492,224,239,9659,2013,0.0,2017.0,0.42932299999999995,2.690235,TUR,VNM,900219
6441493,228,239,9659,2013,0.0,1381.0,0.657729,0.9063200000000001,UKR,VNM,900219
6441494,231,239,9659,2013,22894.0,86908.0,1.6639689999999998,-0.48651300000000003,USA,VNM,900219
6441495,249,239,9659,2013,2707095.0,865139.0,1.843186,0.9432379999999999,TWN,VNM,900219
6441496,43,248,9659,2013,3585.0,0.0,1.113767,1.477496,CHN,ZWE,900219
6441497,61,248,9659,2013,6729.0,0.0,2.093658,-3.4281980000000005,DEU,ZWE,900219
6441498,104,248,9659,2013,43431.0,0.0,0.215356,2.3916209999999998,IND,ZWE,900219
6441499,246,248,9659,2013,2599.0,0.0,0.380284,1.5682120000000002,ZAF,ZWE,900219
6441500,18,4,9659,2013,1510.0,0.0,1.316207,0.972601,BEL,ALB,900219
6441501,43,4,9659,2013,3004.0,0.0,1.113767,1.477496,CHN,ALB,900219
6441502,61,4,9659,2013,1802.0,0.0,2.093658,-3.4281980000000005,DEU,ALB,900219
6441503,81,4,9659,2013,2005.0,0.0,1.7901259999999999,0.44164,GBR,ALB,900219
6441504,104,4,9659,2013,22762.0,0.0,0.215356,2.3916209999999998,IND,ALB,900219
6441505,111,4,9659,2013,1266.0,0.0,1.289924,0.533436,ITA,ALB,900219
6441506,207,4,9659,2013,2259.0,0.0,1.698374,0.563082,SVN,ALB,900219
6441507,23,5,9659,2013,6680.0,0.0,0.5026109999999999,1.674296,BGR,AND,900219
6441508,43,5,9659,2013,318.0,0.0,1.113767,1.477496,CHN,AND,900219
6441509,71,5,9659,2013,1004428.0,16207.0,0.861698,2.353993,ESP,AND,900219
6441510,77,5,9659,2013,1299.0,0.0,1.520354,0.022874000000000002,FRA,AND,900219
6441511,114,5,9659,2013,9170.0,0.0,2.3993130000000003,-0.564768,JPN,AND,900219
6441512,61,21,9659,2013,5203.0,0.0,2.093658,-3.4281980000000005,DEU,BFA,900219
6441513,104,21,9659,2013,14309.0,0.0,0.215356,2.3916209999999998,IND,BFA,900219
6441514,114,21,9659,2013,111.0,0.0,2.3993130000000003,-0.564768,JPN,BFA,900219
6441515,81,30,9659,2013,11641.0,0.0,1.7901259999999999,0.44164,GBR,BMU,900219
6441516,231,30,9659,2013,6594.0,0.0,1.6639689999999998,-0.48651300000000003,USA,BMU,900219
6441517,43,31,9659,2013,33236.0,0.0,1.113767,1.477496,CHN,BOL,900219
6441518,61,31,9659,2013,3971.0,0.0,2.093658,-3.4281980000000005,DEU,BOL,900219
6441519,104,31,9659,2013,6795.0,0.0,0.215356,2.3916209999999998,IND,BOL,900219
6441520,121,31,9659,2013,1109.0,0.0,1.818383,0.75645,KOR,BOL,900219
6441521,208,31,9659,2013,2352.0,0.0,1.869421,0.228109,SWE,BOL,900219
6441522,231,31,9659,2013,42521.0,0.0,1.6639689999999998,-0.48651300000000003,USA,BOL,900219
6441523,61,34,9659,2013,18265.0,0.0,2.093658,-3.4281980000000005,DEU,BRN,900219
6441524,97,34,9659,2013,49689.0,0.0,0.744383,1.923139,HKG,BRN,900219
6441525,153,34,9659,2013,8847.0,0.0,0.937641,0.747496,MYS,BRN,900219
6441526,192,34,9659,2013,48944.0,0.0,1.915504,0.619576,SGP,BRN,900219
6441527,18,37,9659,2013,2026.0,0.0,1.316207,0.972601,BEL,BWA,900219
6441528,43,37,9659,2013,22937.0,0.0,1.113767,1.477496,CHN,BWA,900219
6441529,61,37,9659,2013,1006.0,0.0,2.093658,-3.4281980000000005,DEU,BWA,900219
6441530,90,37,9659,2013,1718.0,0.0,0.18823800000000002,0.910906,GRC,BWA,900219
6441531,104,37,9659,2013,3746.0,0.0,0.215356,2.3916209999999998,IND,BWA,900219
6441532,110,37,9659,2013,51732.0,0.0,1.197241,0.633828,ISR,BWA,900219
6441533,231,37,9659,2013,1768.0,0.0,1.6639689999999998,-0.48651300000000003,USA,BWA,900219
6441534,246,37,9659,2013,138326.0,3745.0,0.380284,1.5682120000000002,ZAF,BWA,900219
6441535,18,44,9659,2013,3324.0,0.0,1.316207,0.972601,BEL,CIV,900219
6441536,43,44,9659,2013,2091.0,0.0,1.113767,1.477496,CHN,CIV,900219
6441537,61,44,9659,2013,2539.0,0.0,2.093658,-3.4281980000000005,DEU,CIV,900219
6441538,77,44,9659,2013,181486.0,0.0,1.520354,0.022874000000000002,FRA,CIV,900219
6441539,104,44,9659,2013,12187.0,0.0,0.215356,2.3916209999999998,IND,CIV,900219
6441540,114,44,9659,2013,3968.0,0.0,2.3993130000000003,-0.564768,JPN,CIV,900219
6441541,43,45,9659,2013,1084.0,0.0,1.113767,1.477496,CHN,CMR,900219
6441542,61,45,9659,2013,3135.0,0.0,2.093658,-3.4281980000000005,DEU,CMR,900219
6441543,81,45,9659,2013,4972.0,0.0,1.7901259999999999,0.44164,GBR,CMR,900219
6441544,104,45,9659,2013,25768.0,0.0,0.215356,2.3916209999999998,IND,CMR,900219
6441545,131,45,9659,2013,1224.0,0.0,1.170459,1.150327,LUX,CMR,900219
6441546,61,46,9659,2013,2170.0,0.0,2.093658,-3.4281980000000005,DEU,COD,900219
6441547,246,46,9659,2013,47761.0,0.0,0.380284,1.5682120000000002,ZAF,COD,900219
6441548,77,47,9659,2013,2033.0,0.0,1.520354,0.022874000000000002,FRA,COG,900219
6441549,104,47,9659,2013,15726.0,0.0,0.215356,2.3916209999999998,IND,COG,900219
6441550,104,51,9659,2013,4877.0,0.0,0.215356,2.3916209999999998,IND,CPV,900219
6441551,179,51,9659,2013,17081.0,0.0,0.541454,2.5228610000000002,PRT,CPV,900219
6441552,112,54,9659,2013,0.0,1722.0,-0.541441,-0.8448559999999999,JAM,CUB,900219
6441553,114,54,9659,2013,12696.0,0.0,2.3993130000000003,-0.564768,JPN,CUB,900219
6441554,169,54,9659,2013,2034.0,0.0,0.735637,1.161718,PAN,CUB,900219
6441555,249,57,9659,2013,67181.0,0.0,1.843186,0.9432379999999999,TWN,CYM,900219
6441556,18,58,9659,2013,1642.0,0.0,1.316207,0.972601,BEL,CYP,900219
6441557,43,58,9659,2013,1579.0,0.0,1.113767,1.477496,CHN,CYP,900219
6441558,61,58,9659,2013,27912.0,0.0,2.093658,-3.4281980000000005,DEU,CYP,900219
6441559,90,58,9659,2013,0.0,2570.0,0.18823800000000002,0.910906,GRC,CYP,900219
6441560,97,58,9659,2013,15665.0,1568859.0,0.744383,1.923139,HKG,CYP,900219
6441561,111,58,9659,2013,6319.0,38285.0,1.289924,0.533436,ITA,CYP,900219
6441562,114,58,9659,2013,1561.0,0.0,2.3993130000000003,-0.564768,JPN,CYP,900219
6441563,162,58,9659,2013,1100.0,0.0,1.184107,1.249557,NLD,CYP,900219
6441564,231,58,9659,2013,2805.0,0.0,1.6639689999999998,-0.48651300000000003,USA,CYP,900219
6441565,249,58,9659,2013,1148.0,0.0,1.843186,0.9432379999999999,TWN,CYP,900219
6441566,41,66,9659,2013,1669.0,0.0,2.2104470000000003,0.5403479999999999,CHE,DZA,900219
6441567,43,66,9659,2013,22200.0,0.0,1.113767,1.477496,CHN,DZA,900219
6441568,61,66,9659,2013,16970.0,0.0,2.093658,-3.4281980000000005,DEU,DZA,900219
6441569,77,66,9659,2013,1977.0,0.0,1.520354,0.022874000000000002,FRA,DZA,900219
6441570,81,66,9659,2013,5756.0,0.0,1.7901259999999999,0.44164,GBR,DZA,900219
6441571,104,66,9659,2013,10543.0,0.0,0.215356,2.3916209999999998,IND,DZA,900219
6441572,114,66,9659,2013,1226.0,0.0,2.3993130000000003,-0.564768,JPN,DZA,900219
6441573,121,66,9659,2013,2766.0,0.0,1.818383,0.75645,KOR,DZA,900219
6441574,228,66,9659,2013,10949.0,0.0,0.657729,0.9063200000000001,UKR,DZA,900219
6441575,249,66,9659,2013,20484.0,0.0,1.843186,0.9432379999999999,TWN,DZA,900219
6441576,15,73,9659,2013,837.0,0.0,1.7209240000000001,-0.286892,AUT,ETH,900219
6441577,39,73,9659,2013,1044.0,0.0,0.719649,1.017046,CAN,ETH,900219
6441578,43,73,9659,2013,7881.0,0.0,1.113767,1.477496,CHN,ETH,900219
6441579,61,73,9659,2013,4956.0,0.0,2.093658,-3.4281980000000005,DEU,ETH,900219
6441580,81,73,9659,2013,4362.0,0.0,1.7901259999999999,0.44164,GBR,ETH,900219
6441581,104,73,9659,2013,68392.0,0.0,0.215356,2.3916209999999998,IND,ETH,900219
6441582,231,73,9659,2013,932.0,0.0,1.6639689999999998,-0.48651300000000003,USA,ETH,900219
6441583,246,73,9659,2013,6305.0,0.0,0.380284,1.5682120000000002,ZAF,ETH,900219
6441584,104,80,9659,2013,3849.0,0.0,0.215356,2.3916209999999998,IND,GAB,900219
6441585,14,83,9659,2013,1437.0,0.0,-0.31145700000000004,-0.167628,AUS,GHA,900219
6441586,18,83,9659,2013,4291.0,0.0,1.316207,0.972601,BEL,GHA,900219
6441587,43,83,9659,2013,1768.0,0.0,1.113767,1.477496,CHN,GHA,900219
6441588,61,83,9659,2013,33891.0,0.0,2.093658,-3.4281980000000005,DEU,GHA,900219
6441589,81,83,9659,2013,15484.0,0.0,1.7901259999999999,0.44164,GBR,GHA,900219
6441590,104,83,9659,2013,9334.0,0.0,0.215356,2.3916209999999998,IND,GHA,900219
6441591,110,83,9659,2013,939.0,0.0,1.197241,0.633828,ISR,GHA,900219
6441592,246,83,9659,2013,6001.0,0.0,0.380284,1.5682120000000002,ZAF,GHA,900219
6441593,71,84,9659,2013,2118.0,0.0,0.861698,2.353993,ESP,GIB,900219
6441594,97,84,9659,2013,9641.0,0.0,0.744383,1.923139,HKG,GIB,900219
6441595,43,85,9659,2013,1256.0,0.0,1.113767,1.477496,CHN,GIN,900219
6441596,104,85,9659,2013,14099.0,0.0,0.215356,2.3916209999999998,IND,GIN,900219
6441597,104,99,9659,2013,40295.0,0.0,0.215356,2.3916209999999998,IND,HND,900219
6441598,208,99,9659,2013,1538.0,0.0,1.869421,0.228109,SWE,HND,900219
6441599,7,108,9659,2013,2251.0,0.0,-0.074047,-0.585168,ARE,IRQ,900219
6441600,43,108,9659,2013,15465.0,0.0,1.113767,1.477496,CHN,IRQ,900219
6441601,61,108,9659,2013,156062.0,0.0,2.093658,-3.4281980000000005,DEU,IRQ,900219
6441602,81,108,9659,2013,0.0,2029.0,1.7901259999999999,0.44164,GBR,IRQ,900219
6441603,104,108,9659,2013,40865.0,0.0,0.215356,2.3916209999999998,IND,IRQ,900219
6441604,121,108,9659,2013,5450.0,0.0,1.818383,0.75645,KOR,IRQ,900219
6441605,124,108,9659,2013,6854.0,0.0,0.283084,1.4289100000000001,LBN,IRQ,900219
6441606,224,108,9659,2013,4752.0,0.0,0.42932299999999995,2.690235,TUR,IRQ,900219
6441607,231,108,9659,2013,18662.0,0.0,1.6639689999999998,-0.48651300000000003,USA,IRQ,900219
6441608,22,109,9659,2013,1070.0,0.0,-1.101916,-0.734646,BGD,ISL,900219
6441609,43,109,9659,2013,4053.0,0.0,1.113767,1.477496,CHN,ISL,900219
6441610,61,109,9659,2013,46876.0,0.0,2.093658,-3.4281980000000005,DEU,ISL,900219
6441611,81,109,9659,2013,4317.0,0.0,1.7901259999999999,0.44164,GBR,ISL,900219
6441612,110,109,9659,2013,2583.0,0.0,1.197241,0.633828,ISR,ISL,900219
6441613,111,109,9659,2013,1253.0,0.0,1.289924,0.533436,ITA,ISL,900219
6441614,114,109,9659,2013,1447.0,0.0,2.3993130000000003,-0.564768,JPN,ISL,900219
6441615,162,109,9659,2013,2124.0,0.0,1.184107,1.249557,NLD,ISL,900219
6441616,208,109,9659,2013,33337.0,0.0,1.869421,0.228109,SWE,ISL,900219
6441617,231,109,9659,2013,2528.0,0.0,1.6639689999999998,-0.48651300000000003,USA,ISL,900219
6441618,249,109,9659,2013,0.0,2656.0,1.843186,0.9432379999999999,TWN,ISL,900219
6441619,14,133,9659,2013,0.0,3992.0,-0.31145700000000004,-0.167628,AUS,MAC,900219
6441620,18,133,9659,2013,3818.0,0.0,1.316207,0.972601,BEL,MAC,900219
6441621,43,133,9659,2013,11889.0,0.0,1.113767,1.477496,CHN,MAC,900219
6441622,61,133,9659,2013,5660.0,0.0,2.093658,-3.4281980000000005,DEU,MAC,900219
6441623,97,133,9659,2013,1404136.0,854386.0,0.744383,1.923139,HKG,MAC,900219
6441624,114,133,9659,2013,9868.0,0.0,2.3993130000000003,-0.564768,JPN,MAC,900219
6441625,249,133,9659,2013,1748.0,0.0,1.843186,0.9432379999999999,TWN,MAC,900219
6441626,15,134,9659,2013,1152.0,0.0,1.7209240000000001,-0.286892,AUT,MAR,900219
6441627,24,134,9659,2013,0.0,2271.0,0.249681,-0.6204270000000001,BHR,MAR,900219
6441628,43,134,9659,2013,11817.0,0.0,1.113767,1.477496,CHN,MAR,900219
6441629,61,134,9659,2013,76453.0,0.0,2.093658,-3.4281980000000005,DEU,MAR,900219
6441630,64,134,9659,2013,1310.0,0.0,1.161835,1.1788450000000001,DNK,MAR,900219
6441631,71,134,9659,2013,0.0,9880.0,0.861698,2.353993,ESP,MAR,900219
6441632,77,134,9659,2013,9478.0,1367.0,1.520354,0.022874000000000002,FRA,MAR,900219
6441633,81,134,9659,2013,8333.0,0.0,1.7901259999999999,0.44164,GBR,MAR,900219
6441634,103,134,9659,2013,10816.0,0.0,-0.216854,1.415728,IDN,MAR,900219
6441635,111,134,9659,2013,1849.0,0.0,1.289924,0.533436,ITA,MAR,900219
6441636,114,134,9659,2013,839.0,0.0,2.3993130000000003,-0.564768,JPN,MAR,900219
6441637,208,134,9659,2013,12819.0,0.0,1.869421,0.228109,SWE,MAR,900219
6441638,231,134,9659,2013,6711.0,0.0,1.6639689999999998,-0.48651300000000003,USA,MAR,900219
6441639,239,134,9659,2013,136413.0,0.0,-0.11426900000000001,1.399738,VNM,MAR,900219
6441640,104,136,9659,2013,12732.0,0.0,0.215356,2.3916209999999998,IND,MDG,900219
6441641,246,136,9659,2013,2160.0,0.0,0.380284,1.5682120000000002,ZAF,MDG,900219
6441642,41,142,9659,2013,10417.0,0.0,2.2104470000000003,0.5403479999999999,CHE,MLT,900219
6441643,43,142,9659,2013,2364.0,0.0,1.113767,1.477496,CHN,MLT,900219
6441644,61,142,9659,2013,11167.0,0.0,2.093658,-3.4281980000000005,DEU,MLT,900219
6441645,97,142,9659,2013,5583.0,0.0,0.744383,1.923139,HKG,MLT,900219
6441646,111,142,9659,2013,4531.0,0.0,1.289924,0.533436,ITA,MLT,900219
6441647,114,142,9659,2013,35388.0,0.0,2.3993130000000003,-0.564768,JPN,MLT,900219
6441648,121,142,9659,2013,0.0,1275.0,1.818383,0.75645,KOR,MLT,900219
6441649,132,142,9659,2013,8531.0,0.0,0.6219439999999999,1.166749,LVA,MLT,900219
6441650,185,142,9659,2013,0.0,5605.0,0.792035,1.225034,ROU,MLT,900219
6441651,43,143,9659,2013,6756.0,0.0,1.113767,1.477496,CHN,MMR,900219
6441652,61,143,9659,2013,6635.0,0.0,2.093658,-3.4281980000000005,DEU,MMR,900219
6441653,77,143,9659,2013,0.0,1392.0,1.520354,0.022874000000000002,FRA,MMR,900219
6441654,104,143,9659,2013,31026.0,0.0,0.215356,2.3916209999999998,IND,MMR,900219
6441655,114,143,9659,2013,15483.0,0.0,2.3993130000000003,-0.564768,JPN,MMR,900219
6441656,192,143,9659,2013,109229.0,0.0,1.915504,0.619576,SGP,MMR,900219
6441657,43,145,9659,2013,1175.0,0.0,1.113767,1.477496,CHN,MNG,900219
6441658,97,145,9659,2013,18239.0,0.0,0.744383,1.923139,HKG,MNG,900219
6441659,104,145,9659,2013,10500.0,0.0,0.215356,2.3916209999999998,IND,MNG,900219
6441660,114,145,9659,2013,3734.0,0.0,2.3993130000000003,-0.564768,JPN,MNG,900219
6441661,186,145,9659,2013,1083.0,0.0,0.481166,-0.180052,RUS,MNG,900219
6441662,249,145,9659,2013,1605.0,0.0,1.843186,0.9432379999999999,TWN,MNG,900219
6441663,43,151,9659,2013,2560.0,0.0,1.113767,1.477496,CHN,MUS,900219
6441664,61,151,9659,2013,9537.0,3012.0,2.093658,-3.4281980000000005,DEU,MUS,900219
6441665,77,151,9659,2013,26963.0,0.0,1.520354,0.022874000000000002,FRA,MUS,900219
6441666,104,151,9659,2013,4147.0,0.0,0.215356,2.3916209999999998,IND,MUS,900219
6441667,114,151,9659,2013,31042.0,0.0,2.3993130000000003,-0.564768,JPN,MUS,900219
6441668,246,151,9659,2013,4502.0,3164.0,0.380284,1.5682120000000002,ZAF,MUS,900219
6441669,249,151,9659,2013,9031.0,0.0,1.843186,0.9432379999999999,TWN,MUS,900219
6441670,2,155,9659,2013,0.0,9368.0,-1.172043,-1.133735,AGO,NAM,900219
6441671,22,155,9659,2013,4459.0,0.0,-1.101916,-0.734646,BGD,NAM,900219
6441672,104,155,9659,2013,9664.0,0.0,0.215356,2.3916209999999998,IND,NAM,900219
6441673,231,155,9659,2013,37201.0,0.0,1.6639689999999998,-0.48651300000000003,USA,NAM,900219
6441674,246,155,9659,2013,12277.0,0.0,0.380284,1.5682120000000002,ZAF,NAM,900219
6441675,61,160,9659,2013,1079.0,0.0,2.093658,-3.4281980000000005,DEU,NIC,900219
6441676,231,160,9659,2013,3006.0,0.0,1.6639689999999998,-0.48651300000000003,USA,NIC,900219
6441677,249,160,9659,2013,4762.0,0.0,1.843186,0.9432379999999999,TWN,NIC,900219
6441678,174,178,9659,2013,622156.0,0.0,0.507868,0.355403,PHL,PRK,900219
6441679,104,209,9659,2013,0.0,23592.0,0.215356,2.3916209999999998,IND,SWZ,900219
6441680,246,209,9659,2013,4681.0,0.0,0.380284,1.5682120000000002,ZAF,SWZ,900219
6441681,7,211,9659,2013,2367.0,0.0,-0.074047,-0.585168,ARE,SYC,900219
6441682,90,211,9659,2013,20554.0,0.0,0.18823800000000002,0.910906,GRC,SYC,900219
6441683,97,211,9659,2013,9259.0,10910.0,0.744383,1.923139,HKG,SYC,900219
6441684,246,211,9659,2013,1020.0,0.0,0.380284,1.5682120000000002,ZAF,SYC,900219
6441685,61,212,9659,2013,3226.0,0.0,2.093658,-3.4281980000000005,DEU,SYR,900219
6441686,104,212,9659,2013,9676.0,0.0,0.215356,2.3916209999999998,IND,SYR,900219
6441687,186,212,9659,2013,3863.0,0.0,0.481166,-0.180052,RUS,SYR,900219
6441688,77,215,9659,2013,5398.0,0.0,1.520354,0.022874000000000002,FRA,TGO,900219
6441689,104,220,9659,2013,3456.0,0.0,0.215356,2.3916209999999998,IND,TLS,900219
6441690,22,223,9659,2013,9820.0,0.0,-1.101916,-0.734646,BGD,TUN,900219
6441691,43,223,9659,2013,13851.0,0.0,1.113767,1.477496,CHN,TUN,900219
6441692,61,223,9659,2013,62525.0,0.0,2.093658,-3.4281980000000005,DEU,TUN,900219
6441693,71,223,9659,2013,5548.0,0.0,0.861698,2.353993,ESP,TUN,900219
6441694,104,223,9659,2013,162257.0,0.0,0.215356,2.3916209999999998,IND,TUN,900219
6441695,114,223,9659,2013,6286.0,0.0,2.3993130000000003,-0.564768,JPN,TUN,900219
6441696,231,223,9659,2013,1053.0,0.0,1.6639689999999998,-0.48651300000000003,USA,TUN,900219
6441697,249,223,9659,2013,1659.0,0.0,1.843186,0.9432379999999999,TWN,TUN,900219
6441698,43,226,9659,2013,7725.0,0.0,1.113767,1.477496,CHN,TZA,900219
6441699,61,226,9659,2013,23900.0,0.0,2.093658,-3.4281980000000005,DEU,TZA,900219
6441700,64,226,9659,2013,736.0,0.0,1.161835,1.1788450000000001,DNK,TZA,900219
6441701,81,226,9659,2013,2252.0,0.0,1.7901259999999999,0.44164,GBR,TZA,900219
6441702,104,226,9659,2013,25377.0,0.0,0.215356,2.3916209999999998,IND,TZA,900219
6441703,246,226,9659,2013,6394.0,0.0,0.380284,1.5682120000000002,ZAF,TZA,900219
6441704,43,227,9659,2013,3674.0,0.0,1.113767,1.477496,CHN,UGA,900219
6441705,61,227,9659,2013,3194.0,0.0,2.093658,-3.4281980000000005,DEU,UGA,900219
6441706,104,227,9659,2013,16138.0,0.0,0.215356,2.3916209999999998,IND,UGA,900219
6441707,231,227,9659,2013,2144.0,0.0,1.6639689999999998,-0.48651300000000003,USA,UGA,900219
6441708,97,247,9659,2013,1208.0,0.0,0.744383,1.923139,HKG,ZMB,900219
6441709,104,247,9659,2013,12666.0,0.0,0.215356,2.3916209999999998,IND,ZMB,900219
6441710,246,247,9659,2013,54599.0,27485.0,0.380284,1.5682120000000002,ZAF,ZMB,900219
6441711,231,13,9659,2013,0.0,3244.0,1.6639689999999998,-0.48651300000000003,USA,ATG,900219
6441712,81,149,9659,2013,0.0,30904.0,1.7901259999999999,0.44164,GBR,MSR,900219
6441713,7,2,9659,2013,4640.0,0.0,-0.074047,-0.585168,ARE,AGO,900219
6441714,32,2,9659,2013,14399.0,0.0,0.14765899999999998,0.399262,BRA,AGO,900219
6441715,43,2,9659,2013,2964.0,0.0,1.113767,1.477496,CHN,AGO,900219
6441716,61,2,9659,2013,12928.0,0.0,2.093658,-3.4281980000000005,DEU,AGO,900219
6441717,77,2,9659,2013,2217.0,0.0,1.520354,0.022874000000000002,FRA,AGO,900219
6441718,81,2,9659,2013,2350.0,0.0,1.7901259999999999,0.44164,GBR,AGO,900219
6441719,104,2,9659,2013,10251.0,0.0,0.215356,2.3916209999999998,IND,AGO,900219
6441720,155,2,9659,2013,9368.0,0.0,-0.308643,-0.480617,NAM,AGO,900219
6441721,162,2,9659,2013,13976.0,0.0,1.184107,1.249557,NLD,AGO,900219
6441722,163,2,9659,2013,1448.0,0.0,0.892099,0.18168399999999998,NOR,AGO,900219
6441723,179,2,9659,2013,109001.0,0.0,0.541454,2.5228610000000002,PRT,AGO,900219
6441724,192,2,9659,2013,9926.0,0.0,1.915504,0.619576,SGP,AGO,900219
6441725,246,2,9659,2013,8267.0,0.0,0.380284,1.5682120000000002,ZAF,AGO,900219
6441726,71,89,9659,2013,2920.0,0.0,0.861698,2.353993,ESP,GNQ,900219
6441727,7,126,9659,2013,4575.0,0.0,-0.074047,-0.585168,ARE,LBY,900219
6441728,61,126,9659,2013,21600.0,0.0,2.093658,-3.4281980000000005,DEU,LBY,900219
6441729,81,126,9659,2013,6849.0,0.0,1.7901259999999999,0.44164,GBR,LBY,900219
6441730,114,126,9659,2013,4406.0,0.0,2.3993130000000003,-0.564768,JPN,LBY,900219
6441731,201,126,9659,2013,3798.0,0.0,0.5717720000000001,1.174901,SRB,LBY,900219
6441732,77,141,9659,2013,3028.0,0.0,1.520354,0.022874000000000002,FRA,MLI,900219
6441733,104,141,9659,2013,10822.0,0.0,0.215356,2.3916209999999998,IND,MLI,900219
6441734,43,144,9659,2013,8753.0,0.0,1.113767,1.477496,CHN,MNE,900219
6441735,61,144,9659,2013,9028.0,0.0,2.093658,-3.4281980000000005,DEU,MNE,900219
6441736,100,144,9659,2013,4348.0,0.0,0.898284,1.038807,HRV,MNE,900219
6441737,102,144,9659,2013,2214.0,0.0,1.506101,0.7279220000000001,HUN,MNE,900219
6441738,114,144,9659,2013,885.0,0.0,2.3993130000000003,-0.564768,JPN,MNE,900219
6441739,201,144,9659,2013,15930.0,0.0,0.5717720000000001,1.174901,SRB,MNE,900219
6441740,104,217,9659,2013,1900.0,0.0,0.215356,2.3916209999999998,IND,TJK,900219
6441741,61,0,9659,2013,2835.0,0.0,2.093658,-3.4281980000000005,DEU,ABW,900219
6441742,7,1,9659,2013,5130.0,0.0,-0.074047,-0.585168,ARE,AFG,900219
6441743,104,1,9659,2013,95833.0,0.0,0.215356,2.3916209999999998,IND,AFG,900219
6441744,224,1,9659,2013,13921.0,0.0,0.42932299999999995,2.690235,TUR,AFG,900219
6441745,231,1,9659,2013,10021.0,0.0,1.6639689999999998,-0.48651300000000003,USA,AFG,900219
6441746,61,17,9659,2013,927.0,0.0,2.093658,-3.4281980000000005,DEU,BDI,900219
6441747,104,17,9659,2013,2298.0,0.0,0.215356,2.3916209999999998,IND,BDI,900219
6441748,14,75,9659,2013,14024.0,0.0,-0.31145700000000004,-0.167628,AUS,FJI,900219
6441749,97,75,9659,2013,1102.0,0.0,0.744383,1.923139,HKG,FJI,900219
6441750,104,75,9659,2013,2776.0,0.0,0.215356,2.3916209999999998,IND,FJI,900219
6441751,114,75,9659,2013,2144.0,0.0,2.3993130000000003,-0.564768,JPN,FJI,900219
6441752,242,75,9659,2013,4230.0,0.0,0.824724,0.056441,WSM,FJI,900219
6441753,81,87,9659,2013,5887.0,0.0,1.7901259999999999,0.44164,GBR,GMB,900219
6441754,77,101,9659,2013,5814.0,0.0,1.520354,0.022874000000000002,FRA,HTI,900219
6441755,104,101,9659,2013,11747.0,0.0,0.215356,2.3916209999999998,IND,HTI,900219
6441756,43,123,9659,2013,1294.0,0.0,1.113767,1.477496,CHN,LAO,900219
6441757,192,123,9659,2013,887.0,0.0,1.915504,0.619576,SGP,LAO,900219
6441758,216,123,9659,2013,8529.0,0.0,0.8752139999999999,1.3798620000000001,THA,LAO,900219
6441759,246,129,9659,2013,7149.0,0.0,0.380284,1.5682120000000002,ZAF,LSO,900219
6441760,104,137,9659,2013,1702.0,0.0,0.215356,2.3916209999999998,IND,MDV,900219
6441761,114,137,9659,2013,51256.0,0.0,2.3993130000000003,-0.564768,JPN,MDV,900219
6441762,192,137,9659,2013,1699.0,0.0,1.915504,0.619576,SGP,MDV,900219
6441763,104,152,9659,2013,37189.0,0.0,0.215356,2.3916209999999998,IND,MWI,900219
6441764,43,156,9659,2013,5280.0,0.0,1.113767,1.477496,CHN,NCL,900219
6441765,61,156,9659,2013,1441.0,0.0,2.093658,-3.4281980000000005,DEU,NCL,900219
6441766,72,156,9659,2013,2018.0,0.0,0.8828940000000001,1.386574,EST,NCL,900219
6441767,77,156,9659,2013,7234.0,0.0,1.520354,0.022874000000000002,FRA,NCL,900219
6441768,97,156,9659,2013,1356.0,0.0,0.744383,1.923139,HKG,NCL,900219
6441769,111,156,9659,2013,1099.0,0.0,1.289924,0.533436,ITA,NCL,900219
6441770,114,156,9659,2013,2014.0,0.0,2.3993130000000003,-0.564768,JPN,NCL,900219
6441771,166,156,9659,2013,1316.0,0.0,0.3345,0.39063000000000003,NZL,NCL,900219
6441772,231,156,9659,2013,5470.0,4940.0,1.6639689999999998,-0.48651300000000003,USA,NCL,900219
6441773,249,156,9659,2013,826.0,0.0,1.843186,0.9432379999999999,TWN,NCL,900219
6441774,61,176,9659,2013,3266.0,0.0,2.093658,-3.4281980000000005,DEU,PNG,900219
6441775,97,176,9659,2013,1638.0,0.0,0.744383,1.923139,HKG,PNG,900219
6441776,104,176,9659,2013,26560.0,0.0,0.215356,2.3916209999999998,IND,PNG,900219
6441777,43,182,9659,2013,598.0,0.0,1.113767,1.477496,CHN,PYF,900219
6441778,77,182,9659,2013,2378.0,0.0,1.520354,0.022874000000000002,FRA,PYF,900219
6441779,114,182,9659,2013,8602.0,0.0,2.3993130000000003,-0.564768,JPN,PYF,900219
6441780,231,182,9659,2013,1551.0,0.0,1.6639689999999998,-0.48651300000000003,USA,PYF,900219
6441781,7,187,9659,2013,1436.0,0.0,-0.074047,-0.585168,ARE,RWA,900219
6441782,18,187,9659,2013,11429.0,0.0,1.316207,0.972601,BEL,RWA,900219
6441783,43,187,9659,2013,1033.0,0.0,1.113767,1.477496,CHN,RWA,900219
6441784,61,187,9659,2013,8294.0,0.0,2.093658,-3.4281980000000005,DEU,RWA,900219
6441785,104,187,9659,2013,5055.0,0.0,0.215356,2.3916209999999998,IND,RWA,900219
6441786,104,196,9659,2013,5323.0,0.0,0.215356,2.3916209999999998,IND,SLE,900219
6441787,43,219,9659,2013,2582.0,0.0,1.113767,1.477496,CHN,TKM,900219
6441788,61,219,9659,2013,111161.0,0.0,2.093658,-3.4281980000000005,DEU,TKM,900219
6441789,97,219,9659,2013,1367.0,0.0,0.744383,1.923139,HKG,TKM,900219
6441790,224,219,9659,2013,7688.0,0.0,0.42932299999999995,2.690235,TUR,TKM,900219
6441791,43,232,9659,2013,11413.0,0.0,1.113767,1.477496,CHN,UZB,900219
6441792,61,232,9659,2013,3004.0,0.0,2.093658,-3.4281980000000005,DEU,UZB,900219
6441793,177,232,9659,2013,1784.0,0.0,1.084332,1.216749,POL,UZB,900219
6441794,186,232,9659,2013,1685.0,0.0,0.481166,-0.180052,RUS,UZB,900219
6441795,61,92,9659,2013,1930.0,0.0,2.093658,-3.4281980000000005,DEU,GRL,900219
6441796,64,92,9659,2013,1175.0,0.0,1.161835,1.1788450000000001,DNK,GRL,900219
6441797,75,242,9659,2013,0.0,4230.0,-0.5203369999999999,-0.122405,FJI,WSM,900219
6441798,166,242,9659,2013,5126.0,0.0,0.3345,0.39063000000000003,NZL,WSM,900219
6441799,249,242,9659,2013,0.0,3799271.0,1.843186,0.9432379999999999,TWN,WSM,900219
6441800,97,35,9659,2013,3624.0,0.0,0.744383,1.923139,HKG,BTN,900219
6441801,114,95,9659,2013,21764.0,0.0,2.3993130000000003,-0.564768,JPN,GUM,900219
6441802,249,95,9659,2013,2121.0,0.0,1.843186,0.9432379999999999,TWN,GUM,900219
6441803,231,210,9659,2013,309721.0,0.0,1.6639689999999998,-0.48651300000000003,USA,SXM,900219
6441804,1,7,9660,2013,0.0,28932.0,-0.985727,-0.7164550000000001,AFG,ARE,900220
6441805,2,7,9660,2013,0.0,3755.0,-1.172043,-1.133735,AGO,ARE,900220
6441806,14,7,9660,2013,9883.0,0.0,-0.31145700000000004,-0.167628,AUS,ARE,900220
6441807,15,7,9660,2013,1193.0,0.0,1.7209240000000001,-0.286892,AUT,ARE,900220
6441808,18,7,9660,2013,4370.0,0.0,1.316207,0.972601,BEL,ARE,900220
6441809,24,7,9660,2013,0.0,15575.0,0.249681,-0.6204270000000001,BHR,ARE,900220
6441810,39,7,9660,2013,5784.0,0.0,0.719649,1.017046,CAN,ARE,900220
6441811,41,7,9660,2013,1709.0,0.0,2.2104470000000003,0.5403479999999999,CHE,ARE,900220
6441812,43,7,9660,2013,59769.0,0.0,1.113767,1.477496,CHN,ARE,900220
6441813,44,7,9660,2013,0.0,3279.0,-0.923558,-0.866642,CIV,ARE,900220
6441814,59,7,9660,2013,4516.0,0.0,1.819653,-0.12423800000000002,CZE,ARE,900220
6441815,61,7,9660,2013,121351.0,6341.0,2.093658,-3.4281980000000005,DEU,ARE,900220
6441816,64,7,9660,2013,4322.0,0.0,1.161835,1.1788450000000001,DNK,ARE,900220
6441817,68,7,9660,2013,0.0,1316.0,-0.17418,1.692641,EGY,ARE,900220
6441818,71,7,9660,2013,28517.0,0.0,0.861698,2.353993,ESP,ARE,900220
6441819,77,7,9660,2013,4727.0,0.0,1.520354,0.022874000000000002,FRA,ARE,900220
6441820,81,7,9660,2013,138713.0,10256.0,1.7901259999999999,0.44164,GBR,ARE,900220
6441821,97,7,9660,2013,24004.0,0.0,0.744383,1.923139,HKG,ARE,900220
6441822,103,7,9660,2013,7106.0,0.0,-0.216854,1.415728,IDN,ARE,900220
6441823,104,7,9660,2013,3920.0,15799.0,0.215356,2.3916209999999998,IND,ARE,900220
6441824,106,7,9660,2013,3312.0,0.0,1.29988,0.240688,IRL,ARE,900220
6441825,107,7,9660,2013,0.0,15241.0,-0.339172,-0.237114,IRN,ARE,900220
6441826,108,7,9660,2013,0.0,31467.0,-2.839079,-0.8705440000000001,IRQ,ARE,900220
6441827,111,7,9660,2013,30807.0,0.0,1.289924,0.533436,ITA,ARE,900220
6441828,113,7,9660,2013,0.0,8404.0,0.152659,0.5889979999999999,JOR,ARE,900220
6441829,114,7,9660,2013,219440.0,0.0,2.3993130000000003,-0.564768,JPN,ARE,900220
6441830,115,7,9660,2013,0.0,8876.0,-0.680678,-0.83347,KAZ,ARE,900220
6441831,121,7,9660,2013,60559.0,0.0,1.818383,0.75645,KOR,ARE,900220
6441832,122,7,9660,2013,18418.0,24126.0,-0.536384,-1.08382,KWT,ARE,900220
6441833,134,7,9660,2013,0.0,4290.0,-0.6494260000000001,-0.035075999999999996,MAR,ARE,900220
6441834,138,7,9660,2013,14954.0,0.0,1.048507,0.718932,MEX,ARE,900220
6441835,142,7,9660,2013,0.0,2869.0,0.8519760000000001,-0.075869,MLT,ARE,900220
6441836,147,7,9660,2013,0.0,6609.0,-1.326323,-1.050969,MOZ,ARE,900220
6441837,159,7,9660,2013,0.0,16209.0,-1.745783,-1.1356680000000001,NGA,ARE,900220
6441838,162,7,9660,2013,28400.0,0.0,1.184107,1.249557,NLD,ARE,900220
6441839,167,7,9660,2013,0.0,290116.0,-0.604175,-1.0463209999999998,OMN,ARE,900220
6441840,174,7,9660,2013,62348.0,0.0,0.507868,0.355403,PHL,ARE,900220
6441841,183,7,9660,2013,0.0,55887.0,-0.083649,-1.013491,QAT,ARE,900220
6441842,188,7,9660,2013,158637.0,72170.0,0.626347,-0.844406,SAU,ARE,900220
6441843,190,7,9660,2013,0.0,3172.0,-1.254944,-1.073564,SDN,ARE,900220
6441844,192,7,9660,2013,45882.0,0.0,1.915504,0.619576,SGP,ARE,900220
6441845,199,7,9660,2013,0.0,1666.0,-1.194368,-0.915163,SOM,ARE,900220
6441846,208,7,9660,2013,5043.0,0.0,1.869421,0.228109,SWE,ARE,900220
6441847,211,7,9660,2013,0.0,1148.0,0.270999,-0.474095,SYC,ARE,900220
6441848,212,7,9660,2013,0.0,5321.0,-0.14343399999999998,1.077256,SYR,ARE,900220
6441849,215,7,9660,2013,0.0,2939.0,-0.598413,-0.49295200000000006,TGO,ARE,900220
6441850,216,7,9660,2013,108906.0,0.0,0.8752139999999999,1.3798620000000001,THA,ARE,900220
6441851,219,7,9660,2013,0.0,54819.0,-1.6186770000000001,-1.2210969999999999,TKM,ARE,900220
6441852,224,7,9660,2013,1730.0,0.0,0.42932299999999995,2.690235,TUR,ARE,900220
6441853,226,7,9660,2013,0.0,5103.0,-0.9306770000000001,0.273489,TZA,ARE,900220
6441854,231,7,9660,2013,73388.0,0.0,1.6639689999999998,-0.48651300000000003,USA,ARE,900220
6441855,243,7,9660,2013,0.0,25121.0,-1.252605,-1.207324,YEM,ARE,900220
6441856,247,7,9660,2013,0.0,7100.0,-0.382129,-0.5442229999999999,ZMB,ARE,900220
6441857,249,7,9660,2013,9275.0,0.0,1.843186,0.9432379999999999,TWN,ARE,900220
6441858,250,7,9660,2013,0.0,14398.0,0.628555,0.277602,ANS,ARE,900220
6441859,18,8,9660,2013,2619.0,0.0,1.316207,0.972601,BEL,ARG,900220
6441860,24,8,9660,2013,0.0,1040.0,0.249681,-0.6204270000000001,BHR,ARG,900220
6441861,32,8,9660,2013,0.0,1568.0,0.14765899999999998,0.399262,BRA,ARG,900220
6441862,41,8,9660,2013,47801.0,0.0,2.2104470000000003,0.5403479999999999,CHE,ARG,900220
6441863,43,8,9660,2013,94238.0,0.0,1.113767,1.477496,CHN,ARG,900220
6441864,61,8,9660,2013,20926.0,0.0,2.093658,-3.4281980000000005,DEU,ARG,900220
6441865,64,8,9660,2013,80201.0,0.0,1.161835,1.1788450000000001,DNK,ARG,900220
6441866,71,8,9660,2013,1035.0,0.0,0.861698,2.353993,ESP,ARG,900220
6441867,81,8,9660,2013,1328.0,0.0,1.7901259999999999,0.44164,GBR,ARG,900220
6441868,104,8,9660,2013,3947.0,0.0,0.215356,2.3916209999999998,IND,ARG,900220
6441869,114,8,9660,2013,68948.0,0.0,2.3993130000000003,-0.564768,JPN,ARG,900220
6441870,138,8,9660,2013,1061.0,0.0,1.048507,0.718932,MEX,ARG,900220
6441871,192,8,9660,2013,3945.0,0.0,1.915504,0.619576,SGP,ARG,900220
6441872,231,8,9660,2013,5835063.0,0.0,1.6639689999999998,-0.48651300000000003,USA,ARG,900220
6441873,4,15,9660,2013,0.0,1485.0,-0.53682,-0.162391,ALB,AUT,900220
6441874,7,15,9660,2013,0.0,1193.0,-0.074047,-0.585168,ARE,AUT,900220
6441875,14,15,9660,2013,1329.0,3018.0,-0.31145700000000004,-0.167628,AUS,AUT,900220
6441876,18,15,9660,2013,76987.0,4561.0,1.316207,0.972601,BEL,AUT,900220
6441877,23,15,9660,2013,0.0,2347.0,0.5026109999999999,1.674296,BGR,AUT,900220
6441878,26,15,9660,2013,0.0,1895.0,0.46743199999999996,0.7340800000000001,BIH,AUT,900220
6441879,28,15,9660,2013,0.0,25840.0,1.036923,0.864568,BLR,AUT,900220
6441880,32,15,9660,2013,0.0,6927.0,0.14765899999999998,0.399262,BRA,AUT,900220
6441881,39,15,9660,2013,3404.0,0.0,0.719649,1.017046,CAN,AUT,900220
6441882,41,15,9660,2013,223373.0,47228.0,2.2104470000000003,0.5403479999999999,CHE,AUT,900220
6441883,43,15,9660,2013,50050.0,25710.0,1.113767,1.477496,CHN,AUT,900220
6441884,59,15,9660,2013,2001.0,37156.0,1.819653,-0.12423800000000002,CZE,AUT,900220
6441885,61,15,9660,2013,842916.0,229071.0,2.093658,-3.4281980000000005,DEU,AUT,900220
6441886,64,15,9660,2013,286685.0,1618.0,1.161835,1.1788450000000001,DNK,AUT,900220
6441887,66,15,9660,2013,0.0,2347.0,-1.373947,-1.1523459999999999,DZA,AUT,900220
6441888,71,15,9660,2013,0.0,49095.0,0.861698,2.353993,ESP,AUT,900220
6441889,74,15,9660,2013,0.0,4167.0,1.734552,0.8896940000000001,FIN,AUT,900220
6441890,77,15,9660,2013,41662.0,39445.0,1.520354,0.022874000000000002,FRA,AUT,900220
6441891,81,15,9660,2013,192926.0,6751.0,1.7901259999999999,0.44164,GBR,AUT,900220
6441892,90,15,9660,2013,0.0,2152.0,0.18823800000000002,0.910906,GRC,AUT,900220
6441893,97,15,9660,2013,4289.0,7258.0,0.744383,1.923139,HKG,AUT,900220
6441894,100,15,9660,2013,0.0,3099.0,0.898284,1.038807,HRV,AUT,900220
6441895,102,15,9660,2013,6005.0,24908.0,1.506101,0.7279220000000001,HUN,AUT,900220
6441896,104,15,9660,2013,17218.0,8958.0,0.215356,2.3916209999999998,IND,AUT,900220
6441897,106,15,9660,2013,2377.0,0.0,1.29988,0.240688,IRL,AUT,900220
6441898,110,15,9660,2013,25151.0,1631.0,1.197241,0.633828,ISR,AUT,900220
6441899,111,15,9660,2013,54314.0,19076.0,1.289924,0.533436,ITA,AUT,900220
6441900,114,15,9660,2013,601936.0,35098.0,2.3993130000000003,-0.564768,JPN,AUT,900220
6441901,121,15,9660,2013,2668.0,11211.0,1.818383,0.75645,KOR,AUT,900220
6441902,130,15,9660,2013,0.0,1737.0,0.737796,1.215543,LTU,AUT,900220
6441903,131,15,9660,2013,0.0,4034.0,1.170459,1.150327,LUX,AUT,900220
6441904,132,15,9660,2013,0.0,1272.0,0.6219439999999999,1.166749,LVA,AUT,900220
6441905,153,15,9660,2013,0.0,11958.0,0.937641,0.747496,MYS,AUT,900220
6441906,162,15,9660,2013,314271.0,47279.0,1.184107,1.249557,NLD,AUT,900220
6441907,163,15,9660,2013,0.0,6588.0,0.892099,0.18168399999999998,NOR,AUT,900220
6441908,173,15,9660,2013,0.0,1174.0,-0.573852,0.357977,PER,AUT,900220
6441909,174,15,9660,2013,68208.0,0.0,0.507868,0.355403,PHL,AUT,900220
6441910,177,15,9660,2013,2232.0,12300.0,1.084332,1.216749,POL,AUT,900220
6441911,179,15,9660,2013,0.0,2723.0,0.541454,2.5228610000000002,PRT,AUT,900220
6441912,183,15,9660,2013,0.0,5865.0,-0.083649,-1.013491,QAT,AUT,900220
6441913,185,15,9660,2013,0.0,12234.0,0.792035,1.225034,ROU,AUT,900220
6441914,186,15,9660,2013,769.0,4082.0,0.481166,-0.180052,RUS,AUT,900220
6441915,188,15,9660,2013,0.0,4719.0,0.626347,-0.844406,SAU,AUT,900220
6441916,192,15,9660,2013,936.0,4126.0,1.915504,0.619576,SGP,AUT,900220
6441917,206,15,9660,2013,38651.0,2120.0,1.32064,0.7519819999999999,SVK,AUT,900220
6441918,207,15,9660,2013,5420.0,17459.0,1.698374,0.563082,SVN,AUT,900220
6441919,208,15,9660,2013,4081.0,7637.0,1.869421,0.228109,SWE,AUT,900220
6441920,216,15,9660,2013,0.0,5465.0,0.8752139999999999,1.3798620000000001,THA,AUT,900220
6441921,224,15,9660,2013,0.0,11939.0,0.42932299999999995,2.690235,TUR,AUT,900220
6441922,226,15,9660,2013,0.0,2169.0,-0.9306770000000001,0.273489,TZA,AUT,900220
6441923,231,15,9660,2013,1311387.0,19778.0,1.6639689999999998,-0.48651300000000003,USA,AUT,900220
6441924,246,15,9660,2013,0.0,5562.0,0.380284,1.5682120000000002,ZAF,AUT,900220
6441925,249,15,9660,2013,6242.0,6932.0,1.843186,0.9432379999999999,TWN,AUT,900220
6441926,2,18,9660,2013,0.0,1679.0,-1.172043,-1.133735,AGO,BEL,900220
6441927,7,18,9660,2013,0.0,4370.0,-0.074047,-0.585168,ARE,BEL,900220
6441928,8,18,9660,2013,0.0,2619.0,0.20314300000000002,0.494062,ARG,BEL,900220
6441929,14,18,9660,2013,0.0,25514.0,-0.31145700000000004,-0.167628,AUS,BEL,900220
6441930,15,18,9660,2013,4561.0,76987.0,1.7209240000000001,-0.286892,AUT,BEL,900220
6441931,32,18,9660,2013,0.0,31447.0,0.14765899999999998,0.399262,BRA,BEL,900220
6441932,39,18,9660,2013,7304.0,46458.0,0.719649,1.017046,CAN,BEL,900220
6441933,41,18,9660,2013,59795.0,55592.0,2.2104470000000003,0.5403479999999999,CHE,BEL,900220
6441934,43,18,9660,2013,34360.0,22810.0,1.113767,1.477496,CHN,BEL,900220
6441935,46,18,9660,2013,0.0,1679.0,-1.300125,-1.0708010000000001,COD,BEL,900220
6441936,47,18,9660,2013,0.0,4277.0,-1.215681,-1.08679,COG,BEL,900220
6441937,49,18,9660,2013,0.0,8788.0,0.121799,-0.388239,COL,BEL,900220
6441938,54,18,9660,2013,0.0,3000.0,-0.019956,-0.7873319999999999,CUB,BEL,900220
6441939,59,18,9660,2013,40551.0,47945.0,1.819653,-0.12423800000000002,CZE,BEL,900220
6441940,61,18,9660,2013,4629567.0,308418.0,2.093658,-3.4281980000000005,DEU,BEL,900220
6441941,64,18,9660,2013,93881.0,269282.0,1.161835,1.1788450000000001,DNK,BEL,900220
6441942,68,18,9660,2013,0.0,17489.0,-0.17418,1.692641,EGY,BEL,900220
6441943,71,18,9660,2013,19204.0,141238.0,0.861698,2.353993,ESP,BEL,900220
6441944,72,18,9660,2013,0.0,1959.0,0.8828940000000001,1.386574,EST,BEL,900220
6441945,74,18,9660,2013,1571.0,86511.0,1.734552,0.8896940000000001,FIN,BEL,900220
6441946,77,18,9660,2013,181183.0,131382.0,1.520354,0.022874000000000002,FRA,BEL,900220
6441947,81,18,9660,2013,132303.0,279484.0,1.7901259999999999,0.44164,GBR,BEL,900220
6441948,83,18,9660,2013,0.0,2993.0,-0.7316010000000001,-0.5327689999999999,GHA,BEL,900220
6441949,85,18,9660,2013,0.0,2344.0,-1.1287459999999998,-1.069735,GIN,BEL,900220
6441950,90,18,9660,2013,1955.0,23977.0,0.18823800000000002,0.910906,GRC,BEL,900220
6441951,97,18,9660,2013,1673.0,11519.0,0.744383,1.923139,HKG,BEL,900220
6441952,100,18,9660,2013,0.0,6157.0,0.898284,1.038807,HRV,BEL,900220
6441953,102,18,9660,2013,11581.0,50059.0,1.506101,0.7279220000000001,HUN,BEL,900220
6441954,104,18,9660,2013,1003.0,12796.0,0.215356,2.3916209999999998,IND,BEL,900220
6441955,106,18,9660,2013,26857.0,6846.0,1.29988,0.240688,IRL,BEL,900220
6441956,109,18,9660,2013,0.0,1815.0,0.259374,-0.20413299999999998,ISL,BEL,900220
6441957,110,18,9660,2013,4420.0,14440.0,1.197241,0.633828,ISR,BEL,900220
6441958,111,18,9660,2013,1368.0,177226.0,1.289924,0.533436,ITA,BEL,900220
6441959,113,18,9660,2013,0.0,3888.0,0.152659,0.5889979999999999,JOR,BEL,900220
6441960,114,18,9660,2013,375833.0,28084.0,2.3993130000000003,-0.564768,JPN,BEL,900220
6441961,115,18,9660,2013,0.0,1700.0,-0.680678,-0.83347,KAZ,BEL,900220
6441962,121,18,9660,2013,0.0,1731.0,1.818383,0.75645,KOR,BEL,900220
6441963,130,18,9660,2013,0.0,7856.0,0.737796,1.215543,LTU,BEL,900220
6441964,131,18,9660,2013,25593.0,104831.0,1.170459,1.150327,LUX,BEL,900220
6441965,136,18,9660,2013,0.0,2465.0,-1.068565,-0.364254,MDG,BEL,900220
6441966,138,18,9660,2013,0.0,165059.0,1.048507,0.718932,MEX,BEL,900220
6441967,153,18,9660,2013,1719.0,1457.0,0.937641,0.747496,MYS,BEL,900220
6441968,162,18,9660,2013,2533459.0,383704.0,1.184107,1.249557,NLD,BEL,900220
6441969,163,18,9660,2013,3469.0,30728.0,0.892099,0.18168399999999998,NOR,BEL,900220
6441970,167,18,9660,2013,0.0,2137.0,-0.604175,-1.0463209999999998,OMN,BEL,900220
6441971,173,18,9660,2013,0.0,4120.0,-0.573852,0.357977,PER,BEL,900220
6441972,177,18,9660,2013,6862.0,52361.0,1.084332,1.216749,POL,BEL,900220
6441973,179,18,9660,2013,0.0,16289.0,0.541454,2.5228610000000002,PRT,BEL,900220
6441974,183,18,9660,2013,0.0,12666.0,-0.083649,-1.013491,QAT,BEL,900220
6441975,185,18,9660,2013,0.0,6792.0,0.792035,1.225034,ROU,BEL,900220
6441976,186,18,9660,2013,0.0,118512.0,0.481166,-0.180052,RUS,BEL,900220
6441977,187,18,9660,2013,0.0,13593.0,-0.490519,-0.48427700000000007,RWA,BEL,900220
6441978,188,18,9660,2013,0.0,59370.0,0.626347,-0.844406,SAU,BEL,900220
6441979,191,18,9660,2013,0.0,2237.0,-0.523662,-0.309101,SEN,BEL,900220
6441980,192,18,9660,2013,40693.0,28668.0,1.915504,0.619576,SGP,BEL,900220
6441981,206,18,9660,2013,0.0,12623.0,1.32064,0.7519819999999999,SVK,BEL,900220
6441982,207,18,9660,2013,94936.0,2013.0,1.698374,0.563082,SVN,BEL,900220
6441983,208,18,9660,2013,44476.0,54072.0,1.869421,0.228109,SWE,BEL,900220
6441984,224,18,9660,2013,0.0,125913.0,0.42932299999999995,2.690235,TUR,BEL,900220
6441985,231,18,9660,2013,486157.0,651990.0,1.6639689999999998,-0.48651300000000003,USA,BEL,900220
6441986,239,18,9660,2013,0.0,9456.0,-0.11426900000000001,1.399738,VNM,BEL,900220
6441987,246,18,9660,2013,0.0,6580.0,0.380284,1.5682120000000002,ZAF,BEL,900220
6441988,249,18,9660,2013,144033.0,3207.0,1.843186,0.9432379999999999,TWN,BEL,900220
6441989,15,23,9660,2013,2347.0,0.0,1.7209240000000001,-0.286892,AUT,BGR,900220
6441990,43,23,9660,2013,1430.0,4002.0,1.113767,1.477496,CHN,BGR,900220
6441991,59,23,9660,2013,4916.0,0.0,1.819653,-0.12423800000000002,CZE,BGR,900220
6441992,61,23,9660,2013,48451.0,0.0,2.093658,-3.4281980000000005,DEU,BGR,900220
6441993,71,23,9660,2013,1159.0,0.0,0.861698,2.353993,ESP,BGR,900220
6441994,74,23,9660,2013,0.0,1879.0,1.734552,0.8896940000000001,FIN,BGR,900220
6441995,77,23,9660,2013,1443.0,0.0,1.520354,0.022874000000000002,FRA,BGR,900220
6441996,81,23,9660,2013,7579.0,12100.0,1.7901259999999999,0.44164,GBR,BGR,900220
6441997,90,23,9660,2013,184891.0,1351220.0,0.18823800000000002,0.910906,GRC,BGR,900220
6441998,104,23,9660,2013,0.0,1096.0,0.215356,2.3916209999999998,IND,BGR,900220
6441999,110,23,9660,2013,4551.0,856.0,1.197241,0.633828,ISR,BGR,900220
6442000,111,23,9660,2013,1051.0,0.0,1.289924,0.533436,ITA,BGR,900220
6442001,114,23,9660,2013,39940.0,0.0,2.3993130000000003,-0.564768,JPN,BGR,900220
6442002,162,23,9660,2013,12509.0,29058.0,1.184107,1.249557,NLD,BGR,900220
6442003,174,23,9660,2013,1221.0,0.0,0.507868,0.355403,PHL,BGR,900220
6442004,177,23,9660,2013,1727.0,0.0,1.084332,1.216749,POL,BGR,900220
6442005,186,23,9660,2013,9650.0,0.0,0.481166,-0.180052,RUS,BGR,900220
6442006,206,23,9660,2013,1151.0,0.0,1.32064,0.7519819999999999,SVK,BGR,900220
6442007,231,23,9660,2013,5264.0,0.0,1.6639689999999998,-0.48651300000000003,USA,BGR,900220
6442008,249,23,9660,2013,1707.0,0.0,1.843186,0.9432379999999999,TWN,BGR,900220
6442009,231,25,9660,2013,63138.0,0.0,1.6639689999999998,-0.48651300000000003,USA,BHS,900220
6442010,8,32,9660,2013,1568.0,0.0,0.20314300000000002,0.494062,ARG,BRA,900220
6442011,14,32,9660,2013,5067.0,0.0,-0.31145700000000004,-0.167628,AUS,BRA,900220
6442012,15,32,9660,2013,6927.0,0.0,1.7209240000000001,-0.286892,AUT,BRA,900220
6442013,18,32,9660,2013,31447.0,0.0,1.316207,0.972601,BEL,BRA,900220
6442014,39,32,9660,2013,61741.0,0.0,0.719649,1.017046,CAN,BRA,900220
6442015,41,32,9660,2013,9900.0,0.0,2.2104470000000003,0.5403479999999999,CHE,BRA,900220
6442016,42,32,9660,2013,0.0,2956.0,-0.260718,-0.38256100000000004,CHL,BRA,900220
6442017,43,32,9660,2013,217735.0,0.0,1.113767,1.477496,CHN,BRA,900220
6442018,61,32,9660,2013,324263.0,0.0,2.093658,-3.4281980000000005,DEU,BRA,900220
6442019,64,32,9660,2013,19684.0,0.0,1.161835,1.1788450000000001,DNK,BRA,900220
6442020,71,32,9660,2013,4878.0,0.0,0.861698,2.353993,ESP,BRA,900220
6442021,74,32,9660,2013,3019.0,0.0,1.734552,0.8896940000000001,FIN,BRA,900220
6442022,77,32,9660,2013,32833.0,1182.0,1.520354,0.022874000000000002,FRA,BRA,900220
6442023,81,32,9660,2013,40946.0,1074.0,1.7901259999999999,0.44164,GBR,BRA,900220
6442024,97,32,9660,2013,7437.0,0.0,0.744383,1.923139,HKG,BRA,900220
6442025,110,32,9660,2013,20030.0,0.0,1.197241,0.633828,ISR,BRA,900220
6442026,111,32,9660,2013,4017.0,0.0,1.289924,0.533436,ITA,BRA,900220
6442027,114,32,9660,2013,144932.0,0.0,2.3993130000000003,-0.564768,JPN,BRA,900220
6442028,121,32,9660,2013,1935.0,0.0,1.818383,0.75645,KOR,BRA,900220
6442029,153,32,9660,2013,1914.0,0.0,0.937641,0.747496,MYS,BRA,900220
6442030,174,32,9660,2013,65048.0,0.0,0.507868,0.355403,PHL,BRA,900220
6442031,177,32,9660,2013,1522.0,0.0,1.084332,1.216749,POL,BRA,900220
6442032,179,32,9660,2013,1543.0,0.0,0.541454,2.5228610000000002,PRT,BRA,900220
6442033,186,32,9660,2013,0.0,1764.0,0.481166,-0.180052,RUS,BRA,900220
6442034,192,32,9660,2013,653.0,0.0,1.915504,0.619576,SGP,BRA,900220
6442035,206,32,9660,2013,5836.0,0.0,1.32064,0.7519819999999999,SVK,BRA,900220
6442036,208,32,9660,2013,9381.0,0.0,1.869421,0.228109,SWE,BRA,900220
6442037,230,32,9660,2013,0.0,7822.0,0.20190999999999998,-0.19777999999999998,URY,BRA,900220
6442038,231,32,9660,2013,733874.0,12602.0,1.6639689999999998,-0.48651300000000003,USA,BRA,900220
6442039,249,32,9660,2013,77568.0,0.0,1.843186,0.9432379999999999,TWN,BRA,900220
6442040,121,33,9660,2013,2265.0,0.0,1.818383,0.75645,KOR,BRB,900220
6442041,231,33,9660,2013,8280.0,0.0,1.6639689999999998,-0.48651300000000003,USA,BRB,900220
6442042,7,39,9660,2013,0.0,5784.0,-0.074047,-0.585168,ARE,CAN,900220
6442043,14,39,9660,2013,13178.0,27637.0,-0.31145700000000004,-0.167628,AUS,CAN,900220
6442044,15,39,9660,2013,0.0,3404.0,1.7209240000000001,-0.286892,AUT,CAN,900220
6442045,18,39,9660,2013,46458.0,7304.0,1.316207,0.972601,BEL,CAN,900220
6442046,31,39,9660,2013,0.0,2756.0,-1.039614,-0.95663,BOL,CAN,900220
6442047,32,39,9660,2013,0.0,61741.0,0.14765899999999998,0.399262,BRA,CAN,900220
6442048,41,39,9660,2013,477544.0,13770.0,2.2104470000000003,0.5403479999999999,CHE,CAN,900220
6442049,43,39,9660,2013,367530.0,50454.0,1.113767,1.477496,CHN,CAN,900220
6442050,44,39,9660,2013,0.0,870.0,-0.923558,-0.866642,CIV,CAN,900220
6442051,46,39,9660,2013,0.0,1488.0,-1.300125,-1.0708010000000001,COD,CAN,900220
6442052,52,39,9660,2013,1165.0,0.0,0.067379,-0.688217,CRI,CAN,900220
6442053,59,39,9660,2013,0.0,3945.0,1.819653,-0.12423800000000002,CZE,CAN,900220
6442054,61,39,9660,2013,892608.0,59047.0,2.093658,-3.4281980000000005,DEU,CAN,900220
6442055,64,39,9660,2013,14458.0,1405.0,1.161835,1.1788450000000001,DNK,CAN,900220
6442056,65,39,9660,2013,0.0,2425.0,-0.277269,0.432388,DOM,CAN,900220
6442057,71,39,9660,2013,0.0,1356.0,0.861698,2.353993,ESP,CAN,900220
6442058,74,39,9660,2013,1753.0,1656.0,1.734552,0.8896940000000001,FIN,CAN,900220
6442059,77,39,9660,2013,10132.0,35719.0,1.520354,0.022874000000000002,FRA,CAN,900220
6442060,81,39,9660,2013,65787.0,272366.0,1.7901259999999999,0.44164,GBR,CAN,900220
6442061,97,39,9660,2013,28480.0,50486.0,0.744383,1.923139,HKG,CAN,900220
6442062,102,39,9660,2013,0.0,1296.0,1.506101,0.7279220000000001,HUN,CAN,900220
6442063,104,39,9660,2013,0.0,21466.0,0.215356,2.3916209999999998,IND,CAN,900220
6442064,106,39,9660,2013,0.0,2050.0,1.29988,0.240688,IRL,CAN,900220
6442065,109,39,9660,2013,0.0,3714.0,0.259374,-0.20413299999999998,ISL,CAN,900220
6442066,110,39,9660,2013,47758.0,3885.0,1.197241,0.633828,ISR,CAN,900220
6442067,111,39,9660,2013,4871.0,7765.0,1.289924,0.533436,ITA,CAN,900220
6442068,114,39,9660,2013,1750728.0,52482.0,2.3993130000000003,-0.564768,JPN,CAN,900220
6442069,115,39,9660,2013,0.0,3132.0,-0.680678,-0.83347,KAZ,CAN,900220
6442070,121,39,9660,2013,26554.0,26321.0,1.818383,0.75645,KOR,CAN,900220
6442071,122,39,9660,2013,0.0,908.0,-0.536384,-1.08382,KWT,CAN,900220
6442072,138,39,9660,2013,3457.0,1625.0,1.048507,0.718932,MEX,CAN,900220
6442073,153,39,9660,2013,3915.0,11308.0,0.937641,0.747496,MYS,CAN,900220
6442074,162,39,9660,2013,64568.0,63386.0,1.184107,1.249557,NLD,CAN,900220
6442075,163,39,9660,2013,9731.0,4448.0,0.892099,0.18168399999999998,NOR,CAN,900220
6442076,166,39,9660,2013,1738.0,1463.0,0.3345,0.39063000000000003,NZL,CAN,900220
6442077,167,39,9660,2013,0.0,1185.0,-0.604175,-1.0463209999999998,OMN,CAN,900220
6442078,174,39,9660,2013,248458.0,15256.0,0.507868,0.355403,PHL,CAN,900220
6442079,177,39,9660,2013,3193.0,6699.0,1.084332,1.216749,POL,CAN,900220
6442080,183,39,9660,2013,0.0,2272.0,-0.083649,-1.013491,QAT,CAN,900220
6442081,186,39,9660,2013,0.0,65095.0,0.481166,-0.180052,RUS,CAN,900220
6442082,188,39,9660,2013,0.0,4343.0,0.626347,-0.844406,SAU,CAN,900220
6442083,192,39,9660,2013,24819.0,34015.0,1.915504,0.619576,SGP,CAN,900220
6442084,206,39,9660,2013,0.0,1959.0,1.32064,0.7519819999999999,SVK,CAN,900220
6442085,207,39,9660,2013,18291.0,0.0,1.698374,0.563082,SVN,CAN,900220
6442086,208,39,9660,2013,21780.0,1410.0,1.869421,0.228109,SWE,CAN,900220
6442087,216,39,9660,2013,40032.0,2646.0,0.8752139999999999,1.3798620000000001,THA,CAN,900220
6442088,223,39,9660,2013,1442.0,0.0,0.185528,1.0070700000000001,TUN,CAN,900220
6442089,224,39,9660,2013,0.0,2324.0,0.42932299999999995,2.690235,TUR,CAN,900220
6442090,231,39,9660,2013,6812950.0,1358516.0,1.6639689999999998,-0.48651300000000003,USA,CAN,900220
6442091,246,39,9660,2013,18647.0,0.0,0.380284,1.5682120000000002,ZAF,CAN,900220
6442092,249,39,9660,2013,17051.0,11817.0,1.843186,0.9432379999999999,TWN,CAN,900220
6442093,2,41,9660,2013,0.0,104984.0,-1.172043,-1.133735,AGO,CHE,900220
6442094,7,41,9660,2013,0.0,1709.0,-0.074047,-0.585168,ARE,CHE,900220
6442095,8,41,9660,2013,0.0,47801.0,0.20314300000000002,0.494062,ARG,CHE,900220
6442096,14,41,9660,2013,9428.0,60159.0,-0.31145700000000004,-0.167628,AUS,CHE,900220
6442097,15,41,9660,2013,47228.0,223373.0,1.7209240000000001,-0.286892,AUT,CHE,900220
6442098,18,41,9660,2013,55592.0,59795.0,1.316207,0.972601,BEL,CHE,900220
6442099,22,41,9660,2013,0.0,2008.0,-1.101916,-0.734646,BGD,CHE,900220
6442100,28,41,9660,2013,0.0,82990.0,1.036923,0.864568,BLR,CHE,900220
6442101,32,41,9660,2013,0.0,9900.0,0.14765899999999998,0.399262,BRA,CHE,900220
6442102,39,41,9660,2013,13770.0,477544.0,0.719649,1.017046,CAN,CHE,900220
6442103,43,41,9660,2013,24965.0,73549.0,1.113767,1.477496,CHN,CHE,900220
6442104,44,41,9660,2013,0.0,20907.0,-0.923558,-0.866642,CIV,CHE,900220
6442105,59,41,9660,2013,9108.0,64434.0,1.819653,-0.12423800000000002,CZE,CHE,900220
6442106,61,41,9660,2013,1841508.0,1131067.0,2.093658,-3.4281980000000005,DEU,CHE,900220
6442107,64,41,9660,2013,15429.0,0.0,1.161835,1.1788450000000001,DNK,CHE,900220
6442108,67,41,9660,2013,0.0,1671.0,-0.86546,-0.8888389999999999,ECU,CHE,900220
6442109,71,41,9660,2013,1381.0,8118.0,0.861698,2.353993,ESP,CHE,900220
6442110,72,41,9660,2013,0.0,2458.0,0.8828940000000001,1.386574,EST,CHE,900220
6442111,74,41,9660,2013,860.0,5887.0,1.734552,0.8896940000000001,FIN,CHE,900220
6442112,77,41,9660,2013,6025.0,757680.0,1.520354,0.022874000000000002,FRA,CHE,900220
6442113,81,41,9660,2013,176943.0,15726.0,1.7901259999999999,0.44164,GBR,CHE,900220
6442114,82,41,9660,2013,0.0,1061.0,-0.160691,-0.393419,GEO,CHE,900220
6442115,90,41,9660,2013,0.0,4591.0,0.18823800000000002,0.910906,GRC,CHE,900220
6442116,97,41,9660,2013,98416.0,29858.0,0.744383,1.923139,HKG,CHE,900220
6442117,102,41,9660,2013,7450.0,5141.0,1.506101,0.7279220000000001,HUN,CHE,900220
6442118,103,41,9660,2013,0.0,4235.0,-0.216854,1.415728,IDN,CHE,900220
6442119,104,41,9660,2013,0.0,9370.0,0.215356,2.3916209999999998,IND,CHE,900220
6442120,106,41,9660,2013,172815.0,40780.0,1.29988,0.240688,IRL,CHE,900220
6442121,110,41,9660,2013,8308.0,42733.0,1.197241,0.633828,ISR,CHE,900220
6442122,111,41,9660,2013,54531.0,101270.0,1.289924,0.533436,ITA,CHE,900220
6442123,114,41,9660,2013,669438.0,78889.0,2.3993130000000003,-0.564768,JPN,CHE,900220
6442124,115,41,9660,2013,0.0,3437.0,-0.680678,-0.83347,KAZ,CHE,900220
6442125,116,41,9660,2013,0.0,1315.0,-0.448112,0.8672719999999999,KEN,CHE,900220
6442126,121,41,9660,2013,1912.0,0.0,1.818383,0.75645,KOR,CHE,900220
6442127,122,41,9660,2013,0.0,2352.0,-0.536384,-1.08382,KWT,CHE,900220
6442128,132,41,9660,2013,0.0,3461.0,0.6219439999999999,1.166749,LVA,CHE,900220
6442129,134,41,9660,2013,1047.0,0.0,-0.6494260000000001,-0.035075999999999996,MAR,CHE,900220
6442130,138,41,9660,2013,0.0,93524.0,1.048507,0.718932,MEX,CHE,900220
6442131,153,41,9660,2013,13678.0,23628.0,0.937641,0.747496,MYS,CHE,900220
6442132,159,41,9660,2013,0.0,910.0,-1.745783,-1.1356680000000001,NGA,CHE,900220
6442133,162,41,9660,2013,22380.0,26255.0,1.184107,1.249557,NLD,CHE,900220
6442134,163,41,9660,2013,0.0,3608.0,0.892099,0.18168399999999998,NOR,CHE,900220
6442135,174,41,9660,2013,3936.0,0.0,0.507868,0.355403,PHL,CHE,900220
6442136,177,41,9660,2013,3181.0,367024.0,1.084332,1.216749,POL,CHE,900220
6442137,183,41,9660,2013,0.0,21941.0,-0.083649,-1.013491,QAT,CHE,900220
6442138,186,41,9660,2013,69419.0,515333.0,0.481166,-0.180052,RUS,CHE,900220
6442139,188,41,9660,2013,0.0,8487.0,0.626347,-0.844406,SAU,CHE,900220
6442140,192,41,9660,2013,61467.0,25389.0,1.915504,0.619576,SGP,CHE,900220
6442141,201,41,9660,2013,0.0,23704.0,0.5717720000000001,1.174901,SRB,CHE,900220
6442142,206,41,9660,2013,0.0,24047.0,1.32064,0.7519819999999999,SVK,CHE,900220
6442143,207,41,9660,2013,8993.0,985.0,1.698374,0.563082,SVN,CHE,900220
6442144,208,41,9660,2013,29916.0,18271.0,1.869421,0.228109,SWE,CHE,900220
6442145,216,41,9660,2013,0.0,4910.0,0.8752139999999999,1.3798620000000001,THA,CHE,900220
6442146,224,41,9660,2013,0.0,48973.0,0.42932299999999995,2.690235,TUR,CHE,900220
6442147,231,41,9660,2013,1079738.0,720976.0,1.6639689999999998,-0.48651300000000003,USA,CHE,900220
6442148,246,41,9660,2013,19086.0,29389.0,0.380284,1.5682120000000002,ZAF,CHE,900220
6442149,249,41,9660,2013,133777.0,13819.0,1.843186,0.9432379999999999,TWN,CHE,900220
6442150,32,42,9660,2013,2956.0,0.0,0.14765899999999998,0.399262,BRA,CHL,900220
6442151,43,42,9660,2013,17664.0,0.0,1.113767,1.477496,CHN,CHL,900220
6442152,61,42,9660,2013,69189.0,0.0,2.093658,-3.4281980000000005,DEU,CHL,900220
6442153,64,42,9660,2013,5097.0,0.0,1.161835,1.1788450000000001,DNK,CHL,900220
6442154,77,42,9660,2013,9588.0,0.0,1.520354,0.022874000000000002,FRA,CHL,900220
6442155,81,42,9660,2013,3607.0,0.0,1.7901259999999999,0.44164,GBR,CHL,900220
6442156,103,42,9660,2013,3318.0,0.0,-0.216854,1.415728,IDN,CHL,900220
6442157,110,42,9660,2013,877.0,0.0,1.197241,0.633828,ISR,CHL,900220
6442158,111,42,9660,2013,8366.0,0.0,1.289924,0.533436,ITA,CHL,900220
6442159,114,42,9660,2013,12306.0,0.0,2.3993130000000003,-0.564768,JPN,CHL,900220
6442160,231,42,9660,2013,232242.0,0.0,1.6639689999999998,-0.48651300000000003,USA,CHL,900220
6442161,247,42,9660,2013,0.0,2628.0,-0.382129,-0.5442229999999999,ZMB,CHL,900220
6442162,250,42,9660,2013,4191.0,0.0,0.628555,0.277602,ANS,CHL,900220
6442163,5,43,9660,2013,0.0,731.0,0.9666530000000001,-0.159606,AND,CHN,900220
6442164,7,43,9660,2013,0.0,59769.0,-0.074047,-0.585168,ARE,CHN,900220
6442165,8,43,9660,2013,0.0,94238.0,0.20314300000000002,0.494062,ARG,CHN,900220
6442166,14,43,9660,2013,80044.0,199038.0,-0.31145700000000004,-0.167628,AUS,CHN,900220
6442167,15,43,9660,2013,25710.0,50050.0,1.7209240000000001,-0.286892,AUT,CHN,900220
6442168,18,43,9660,2013,22810.0,34360.0,1.316207,0.972601,BEL,CHN,900220
6442169,22,43,9660,2013,0.0,1768.0,-1.101916,-0.734646,BGD,CHN,900220
6442170,23,43,9660,2013,4002.0,1430.0,0.5026109999999999,1.674296,BGR,CHN,900220
6442171,24,43,9660,2013,0.0,25218.0,0.249681,-0.6204270000000001,BHR,CHN,900220
6442172,28,43,9660,2013,0.0,5298.0,1.036923,0.864568,BLR,CHN,900220
6442173,31,43,9660,2013,0.0,1290.0,-1.039614,-0.95663,BOL,CHN,900220
6442174,32,43,9660,2013,0.0,217735.0,0.14765899999999998,0.399262,BRA,CHN,900220
6442175,37,43,9660,2013,0.0,2090.0,-0.46761499999999995,-1.0842040000000002,BWA,CHN,900220
6442176,39,43,9660,2013,50454.0,367530.0,0.719649,1.017046,CAN,CHN,900220
6442177,41,43,9660,2013,73549.0,24965.0,2.2104470000000003,0.5403479999999999,CHE,CHN,900220
6442178,42,43,9660,2013,0.0,17664.0,-0.260718,-0.38256100000000004,CHL,CHN,900220
6442179,44,43,9660,2013,0.0,4668.0,-0.923558,-0.866642,CIV,CHN,900220
6442180,49,43,9660,2013,0.0,12832.0,0.121799,-0.388239,COL,CHN,900220
6442181,52,43,9660,2013,0.0,2039.0,0.067379,-0.688217,CRI,CHN,900220
6442182,59,43,9660,2013,0.0,37799.0,1.819653,-0.12423800000000002,CZE,CHN,900220
6442183,61,43,9660,2013,1197296.0,2021263.0,2.093658,-3.4281980000000005,DEU,CHN,900220
6442184,64,43,9660,2013,56612.0,19244.0,1.161835,1.1788450000000001,DNK,CHN,900220
6442185,65,43,9660,2013,0.0,4098.0,-0.277269,0.432388,DOM,CHN,900220
6442186,66,43,9660,2013,0.0,13116.0,-1.373947,-1.1523459999999999,DZA,CHN,900220
6442187,67,43,9660,2013,0.0,2479.0,-0.86546,-0.8888389999999999,ECU,CHN,900220
6442188,68,43,9660,2013,0.0,93153.0,-0.17418,1.692641,EGY,CHN,900220
6442189,71,43,9660,2013,0.0,352644.0,0.861698,2.353993,ESP,CHN,900220
6442190,72,43,9660,2013,0.0,4656.0,0.8828940000000001,1.386574,EST,CHN,900220
6442191,73,43,9660,2013,0.0,12051.0,-1.264002,-0.9594219999999999,ETH,CHN,900220
6442192,74,43,9660,2013,978.0,185596.0,1.734552,0.8896940000000001,FIN,CHN,900220
6442193,77,43,9660,2013,58569.0,953015.0,1.520354,0.022874000000000002,FRA,CHN,900220
6442194,81,43,9660,2013,97447.0,513958.0,1.7901259999999999,0.44164,GBR,CHN,900220
6442195,83,43,9660,2013,0.0,2187.0,-0.7316010000000001,-0.5327689999999999,GHA,CHN,900220
6442196,87,43,9660,2013,0.0,981.0,-0.5571550000000001,-0.6860310000000001,GMB,CHN,900220
6442197,90,43,9660,2013,0.0,6463.0,0.18823800000000002,0.910906,GRC,CHN,900220
6442198,97,43,9660,2013,253524.0,11475901.0,0.744383,1.923139,HKG,CHN,900220
6442199,100,43,9660,2013,0.0,7926.0,0.898284,1.038807,HRV,CHN,900220
6442200,102,43,9660,2013,6184.0,7646.0,1.506101,0.7279220000000001,HUN,CHN,900220
6442201,103,43,9660,2013,0.0,14321.0,-0.216854,1.415728,IDN,CHN,900220
6442202,104,43,9660,2013,13669.0,34991.0,0.215356,2.3916209999999998,IND,CHN,900220
6442203,106,43,9660,2013,10404.0,16109.0,1.29988,0.240688,IRL,CHN,900220
6442204,107,43,9660,2013,0.0,3908.0,-0.339172,-0.237114,IRN,CHN,900220
6442205,109,43,9660,2013,0.0,3437.0,0.259374,-0.20413299999999998,ISL,CHN,900220
6442206,110,43,9660,2013,885.0,28711.0,1.197241,0.633828,ISR,CHN,900220
6442207,111,43,9660,2013,130779.0,158511.0,1.289924,0.533436,ITA,CHN,900220
6442208,114,43,9660,2013,5959942.0,16143697.0,2.3993130000000003,-0.564768,JPN,CHN,900220
6442209,115,43,9660,2013,0.0,16013.0,-0.680678,-0.83347,KAZ,CHN,900220
6442210,116,43,9660,2013,0.0,2032.0,-0.448112,0.8672719999999999,KEN,CHN,900220
6442211,121,43,9660,2013,16267233.0,2947106.0,1.818383,0.75645,KOR,CHN,900220
6442212,122,43,9660,2013,0.0,56821.0,-0.536384,-1.08382,KWT,CHN,900220
6442213,124,43,9660,2013,0.0,3176.0,0.283084,1.4289100000000001,LBN,CHN,900220
6442214,128,43,9660,2013,0.0,3142.0,-0.6521779999999999,0.41258599999999995,LKA,CHN,900220
6442215,130,43,9660,2013,0.0,24739.0,0.737796,1.215543,LTU,CHN,900220
6442216,131,43,9660,2013,0.0,3856.0,1.170459,1.150327,LUX,CHN,900220
6442217,132,43,9660,2013,0.0,3136.0,0.6219439999999999,1.166749,LVA,CHN,900220
6442218,133,43,9660,2013,0.0,1728.0,0.252209,0.184401,MAC,CHN,900220
6442219,134,43,9660,2013,0.0,1508.0,-0.6494260000000001,-0.035075999999999996,MAR,CHN,900220
6442220,138,43,9660,2013,0.0,350232.0,1.048507,0.718932,MEX,CHN,900220
6442221,142,43,9660,2013,0.0,11936.0,0.8519760000000001,-0.075869,MLT,CHN,900220
6442222,143,43,9660,2013,0.0,4771.0,-1.230787,-0.737375,MMR,CHN,900220
6442223,147,43,9660,2013,0.0,17560.0,-1.326323,-1.050969,MOZ,CHN,900220
6442224,153,43,9660,2013,7672.0,130549.0,0.937641,0.747496,MYS,CHN,900220
6442225,156,43,9660,2013,0.0,4377.0,-0.136052,-0.703913,NCL,CHN,900220
6442226,159,43,9660,2013,0.0,1495.0,-1.745783,-1.1356680000000001,NGA,CHN,900220
6442227,162,43,9660,2013,211838.0,319367.0,1.184107,1.249557,NLD,CHN,900220
6442228,163,43,9660,2013,0.0,8736.0,0.892099,0.18168399999999998,NOR,CHN,900220
6442229,164,43,9660,2013,0.0,1656.0,-0.293669,0.677365,NPL,CHN,900220
6442230,166,43,9660,2013,0.0,24928.0,0.3345,0.39063000000000003,NZL,CHN,900220
6442231,169,43,9660,2013,0.0,143603.0,0.735637,1.161718,PAN,CHN,900220
6442232,173,43,9660,2013,0.0,8530.0,-0.573852,0.357977,PER,CHN,900220
6442233,174,43,9660,2013,2509296.0,194089.0,0.507868,0.355403,PHL,CHN,900220
6442234,177,43,9660,2013,0.0,87783.0,1.084332,1.216749,POL,CHN,900220
6442235,179,43,9660,2013,0.0,8945.0,0.541454,2.5228610000000002,PRT,CHN,900220
6442236,180,43,9660,2013,0.0,17900.0,-0.566239,-0.9273459999999999,PRY,CHN,900220
6442237,183,43,9660,2013,0.0,83930.0,-0.083649,-1.013491,QAT,CHN,900220
6442238,185,43,9660,2013,0.0,56264.0,0.792035,1.225034,ROU,CHN,900220
6442239,186,43,9660,2013,15388.0,158099.0,0.481166,-0.180052,RUS,CHN,900220
6442240,187,43,9660,2013,0.0,718.0,-0.490519,-0.48427700000000007,RWA,CHN,900220
6442241,188,43,9660,2013,0.0,21153.0,0.626347,-0.844406,SAU,CHN,900220
6442242,192,43,9660,2013,748150.0,439954.0,1.915504,0.619576,SGP,CHN,900220
6442243,195,43,9660,2013,0.0,896.0,-0.9350860000000001,-0.877676,SLB,CHN,900220
6442244,197,43,9660,2013,0.0,2541.0,-0.021029,0.381522,SLV,CHN,900220
6442245,201,43,9660,2013,0.0,5926.0,0.5717720000000001,1.174901,SRB,CHN,900220
6442246,206,43,9660,2013,0.0,5720.0,1.32064,0.7519819999999999,SVK,CHN,900220
6442247,207,43,9660,2013,0.0,37218.0,1.698374,0.563082,SVN,CHN,900220
6442248,208,43,9660,2013,15758.0,245291.0,1.869421,0.228109,SWE,CHN,900220
6442249,215,43,9660,2013,0.0,9689.0,-0.598413,-0.49295200000000006,TGO,CHN,900220
6442250,216,43,9660,2013,38090.0,6886460.0,0.8752139999999999,1.3798620000000001,THA,CHN,900220
6442251,220,43,9660,2013,0.0,7744.0,-0.376633,-0.73677,TLS,CHN,900220
6442252,223,43,9660,2013,0.0,2748.0,0.185528,1.0070700000000001,TUN,CHN,900220
6442253,224,43,9660,2013,0.0,158597.0,0.42932299999999995,2.690235,TUR,CHN,900220
6442254,226,43,9660,2013,0.0,17153.0,-0.9306770000000001,0.273489,TZA,CHN,900220
6442255,228,43,9660,2013,0.0,8709.0,0.657729,0.9063200000000001,UKR,CHN,900220
6442256,230,43,9660,2013,0.0,3338.0,0.20190999999999998,-0.19777999999999998,URY,CHN,900220
6442257,231,43,9660,2013,5926614.0,9881923.0,1.6639689999999998,-0.48651300000000003,USA,CHN,900220
6442258,236,43,9660,2013,0.0,15036.0,-0.778172,-1.107059,VEN,CHN,900220
6442259,239,43,9660,2013,819926.0,1153895.0,-0.11426900000000001,1.399738,VNM,CHN,900220
6442260,243,43,9660,2013,0.0,14259.0,-1.252605,-1.207324,YEM,CHN,900220
6442261,246,43,9660,2013,0.0,12107.0,0.380284,1.5682120000000002,ZAF,CHN,900220
6442262,247,43,9660,2013,0.0,12471.0,-0.382129,-0.5442229999999999,ZMB,CHN,900220
6442263,249,43,9660,2013,4912256.0,582281.0,1.843186,0.9432379999999999,TWN,CHN,900220
6442264,18,49,9660,2013,8788.0,0.0,1.316207,0.972601,BEL,COL,900220
6442265,43,49,9660,2013,12832.0,0.0,1.113767,1.477496,CHN,COL,900220
6442266,61,49,9660,2013,12045.0,0.0,2.093658,-3.4281980000000005,DEU,COL,900220
6442267,71,49,9660,2013,13586.0,0.0,0.861698,2.353993,ESP,COL,900220
6442268,77,49,9660,2013,12429.0,0.0,1.520354,0.022874000000000002,FRA,COL,900220
6442269,81,49,9660,2013,18143.0,0.0,1.7901259999999999,0.44164,GBR,COL,900220
6442270,114,49,9660,2013,16310.0,0.0,2.3993130000000003,-0.564768,JPN,COL,900220
6442271,138,49,9660,2013,12608.0,0.0,1.048507,0.718932,MEX,COL,900220
6442272,208,49,9660,2013,8958.0,0.0,1.869421,0.228109,SWE,COL,900220
6442273,231,49,9660,2013,540487.0,0.0,1.6639689999999998,-0.48651300000000003,USA,COL,900220
6442274,39,52,9660,2013,0.0,1165.0,0.719649,1.017046,CAN,CRI,900220
6442275,43,52,9660,2013,2039.0,0.0,1.113767,1.477496,CHN,CRI,900220
6442276,61,52,9660,2013,6189.0,0.0,2.093658,-3.4281980000000005,DEU,CRI,900220
6442277,77,52,9660,2013,4014.0,0.0,1.520354,0.022874000000000002,FRA,CRI,900220
6442278,97,52,9660,2013,1536.0,0.0,0.744383,1.923139,HKG,CRI,900220
6442279,114,52,9660,2013,240891.0,0.0,2.3993130000000003,-0.564768,JPN,CRI,900220
6442280,121,52,9660,2013,852.0,0.0,1.818383,0.75645,KOR,CRI,900220
6442281,169,52,9660,2013,94144.0,0.0,0.735637,1.161718,PAN,CRI,900220
6442282,231,52,9660,2013,64551.0,0.0,1.6639689999999998,-0.48651300000000003,USA,CRI,900220
6442283,169,55,9660,2013,7673.0,0.0,0.735637,1.161718,PAN,CUW,900220
6442284,174,55,9660,2013,137727.0,0.0,0.507868,0.355403,PHL,CUW,900220
6442285,231,55,9660,2013,16055.0,0.0,1.6639689999999998,-0.48651300000000003,USA,CUW,900220
6442286,7,59,9660,2013,0.0,4516.0,-0.074047,-0.585168,ARE,CZE,900220
6442287,14,59,9660,2013,0.0,3304.0,-0.31145700000000004,-0.167628,AUS,CZE,900220
6442288,15,59,9660,2013,37156.0,2001.0,1.7209240000000001,-0.286892,AUT,CZE,900220
6442289,18,59,9660,2013,47945.0,40551.0,1.316207,0.972601,BEL,CZE,900220
6442290,23,59,9660,2013,0.0,4916.0,0.5026109999999999,1.674296,BGR,CZE,900220
6442291,24,59,9660,2013,0.0,20062.0,0.249681,-0.6204270000000001,BHR,CZE,900220
6442292,39,59,9660,2013,3945.0,0.0,0.719649,1.017046,CAN,CZE,900220
6442293,41,59,9660,2013,64434.0,9108.0,2.2104470000000003,0.5403479999999999,CHE,CZE,900220
6442294,43,59,9660,2013,37799.0,0.0,1.113767,1.477496,CHN,CZE,900220
6442295,61,59,9660,2013,609874.0,1193064.0,2.093658,-3.4281980000000005,DEU,CZE,900220
6442296,64,59,9660,2013,20342.0,0.0,1.161835,1.1788450000000001,DNK,CZE,900220
6442297,71,59,9660,2013,5006.0,1429.0,0.861698,2.353993,ESP,CZE,900220
6442298,72,59,9660,2013,4917.0,0.0,0.8828940000000001,1.386574,EST,CZE,900220
6442299,73,59,9660,2013,0.0,1198.0,-1.264002,-0.9594219999999999,ETH,CZE,900220
6442300,74,59,9660,2013,0.0,1809.0,1.734552,0.8896940000000001,FIN,CZE,900220
6442301,77,59,9660,2013,2432.0,0.0,1.520354,0.022874000000000002,FRA,CZE,900220
6442302,81,59,9660,2013,89093.0,6531.0,1.7901259999999999,0.44164,GBR,CZE,900220
6442303,97,59,9660,2013,5053.0,0.0,0.744383,1.923139,HKG,CZE,900220
6442304,102,59,9660,2013,0.0,14384.0,1.506101,0.7279220000000001,HUN,CZE,900220
6442305,106,59,9660,2013,9478.0,0.0,1.29988,0.240688,IRL,CZE,900220
6442306,110,59,9660,2013,4045.0,234848.0,1.197241,0.633828,ISR,CZE,900220
6442307,111,59,9660,2013,2613.0,1478.0,1.289924,0.533436,ITA,CZE,900220
6442308,114,59,9660,2013,263737.0,2484.0,2.3993130000000003,-0.564768,JPN,CZE,900220
6442309,121,59,9660,2013,2554.0,1277.0,1.818383,0.75645,KOR,CZE,900220
6442310,122,59,9660,2013,0.0,2393.0,-0.536384,-1.08382,KWT,CZE,900220
6442311,132,59,9660,2013,0.0,3803.0,0.6219439999999999,1.166749,LVA,CZE,900220
6442312,138,59,9660,2013,0.0,1721.0,1.048507,0.718932,MEX,CZE,900220
6442313,162,59,9660,2013,157086.0,1217.0,1.184107,1.249557,NLD,CZE,900220
6442314,163,59,9660,2013,0.0,1565.0,0.892099,0.18168399999999998,NOR,CZE,900220
6442315,174,59,9660,2013,2792.0,0.0,0.507868,0.355403,PHL,CZE,900220
6442316,177,59,9660,2013,3447.0,26364.0,1.084332,1.216749,POL,CZE,900220
6442317,185,59,9660,2013,0.0,8741.0,0.792035,1.225034,ROU,CZE,900220
6442318,186,59,9660,2013,0.0,1974.0,0.481166,-0.180052,RUS,CZE,900220
6442319,192,59,9660,2013,2667.0,0.0,1.915504,0.619576,SGP,CZE,900220
6442320,206,59,9660,2013,137834.0,125442.0,1.32064,0.7519819999999999,SVK,CZE,900220
6442321,207,59,9660,2013,30842.0,2113.0,1.698374,0.563082,SVN,CZE,900220
6442322,208,59,9660,2013,8791.0,0.0,1.869421,0.228109,SWE,CZE,900220
6442323,216,59,9660,2013,50978.0,0.0,0.8752139999999999,1.3798620000000001,THA,CZE,900220
6442324,231,59,9660,2013,83345.0,48222.0,1.6639689999999998,-0.48651300000000003,USA,CZE,900220
6442325,246,59,9660,2013,0.0,6034.0,0.380284,1.5682120000000002,ZAF,CZE,900220
6442326,249,59,9660,2013,0.0,2195.0,1.843186,0.9432379999999999,TWN,CZE,900220
6442327,1,61,9660,2013,0.0,1061.0,-0.985727,-0.7164550000000001,AFG,DEU,900220
6442328,5,61,9660,2013,0.0,24123.0,0.9666530000000001,-0.159606,AND,DEU,900220
6442329,7,61,9660,2013,6341.0,121351.0,-0.074047,-0.585168,ARE,DEU,900220
6442330,8,61,9660,2013,0.0,20926.0,0.20314300000000002,0.494062,ARG,DEU,900220
6442331,14,61,9660,2013,630679.0,452622.0,-0.31145700000000004,-0.167628,AUS,DEU,900220
6442332,15,61,9660,2013,229071.0,842916.0,1.7209240000000001,-0.286892,AUT,DEU,900220
6442333,16,61,9660,2013,0.0,3931.0,-0.9232870000000001,-1.165928,AZE,DEU,900220
6442334,18,61,9660,2013,308418.0,4629567.0,1.316207,0.972601,BEL,DEU,900220
6442335,22,61,9660,2013,0.0,2160.0,-1.101916,-0.734646,BGD,DEU,900220
6442336,23,61,9660,2013,0.0,48451.0,0.5026109999999999,1.674296,BGR,DEU,900220
6442337,24,61,9660,2013,0.0,2280.0,0.249681,-0.6204270000000001,BHR,DEU,900220
6442338,26,61,9660,2013,0.0,6757.0,0.46743199999999996,0.7340800000000001,BIH,DEU,900220
6442339,28,61,9660,2013,1853.0,41791.0,1.036923,0.864568,BLR,DEU,900220
6442340,31,61,9660,2013,0.0,2029.0,-1.039614,-0.95663,BOL,DEU,900220
6442341,32,61,9660,2013,0.0,324263.0,0.14765899999999998,0.399262,BRA,DEU,900220
6442342,34,61,9660,2013,0.0,1259.0,-0.866827,-0.795995,BRN,DEU,900220
6442343,39,61,9660,2013,59047.0,892608.0,0.719649,1.017046,CAN,DEU,900220
6442344,41,61,9660,2013,1131067.0,1841508.0,2.2104470000000003,0.5403479999999999,CHE,DEU,900220
6442345,42,61,9660,2013,0.0,69189.0,-0.260718,-0.38256100000000004,CHL,DEU,900220
6442346,43,61,9660,2013,2021263.0,1197296.0,1.113767,1.477496,CHN,DEU,900220
6442347,44,61,9660,2013,0.0,4056.0,-0.923558,-0.866642,CIV,DEU,900220
6442348,49,61,9660,2013,0.0,12045.0,0.121799,-0.388239,COL,DEU,900220
6442349,52,61,9660,2013,0.0,6189.0,0.067379,-0.688217,CRI,DEU,900220
6442350,54,61,9660,2013,0.0,5120.0,-0.019956,-0.7873319999999999,CUB,DEU,900220
6442351,58,61,9660,2013,0.0,31830.0,0.502238,0.349608,CYP,DEU,900220
6442352,59,61,9660,2013,1193064.0,609874.0,1.819653,-0.12423800000000002,CZE,DEU,900220
6442353,64,61,9660,2013,1147828.0,320941.0,1.161835,1.1788450000000001,DNK,DEU,900220
6442354,66,61,9660,2013,0.0,4394.0,-1.373947,-1.1523459999999999,DZA,DEU,900220
6442355,67,61,9660,2013,0.0,1259.0,-0.86546,-0.8888389999999999,ECU,DEU,900220
6442356,68,61,9660,2013,0.0,35927.0,-0.17418,1.692641,EGY,DEU,900220
6442357,71,61,9660,2013,69284.0,1191322.0,0.861698,2.353993,ESP,DEU,900220
6442358,72,61,9660,2013,0.0,40533.0,0.8828940000000001,1.386574,EST,DEU,900220
6442359,73,61,9660,2013,0.0,8375.0,-1.264002,-0.9594219999999999,ETH,DEU,900220
6442360,74,61,9660,2013,11918.0,177287.0,1.734552,0.8896940000000001,FIN,DEU,900220
6442361,77,61,9660,2013,532478.0,2208533.0,1.520354,0.022874000000000002,FRA,DEU,900220
6442362,81,61,9660,2013,664434.0,2839463.0,1.7901259999999999,0.44164,GBR,DEU,900220
6442363,82,61,9660,2013,0.0,17903.0,-0.160691,-0.393419,GEO,DEU,900220
6442364,83,61,9660,2013,0.0,4498.0,-0.7316010000000001,-0.5327689999999999,GHA,DEU,900220
6442365,84,61,9660,2013,0.0,9577.0,0.991136,-0.603793,GIB,DEU,900220
6442366,90,61,9660,2013,1597.0,162857.0,0.18823800000000002,0.910906,GRC,DEU,900220
6442367,93,61,9660,2013,0.0,2892.0,-0.41466499999999995,0.774788,GTM,DEU,900220
6442368,97,61,9660,2013,81402.0,6705530.0,0.744383,1.923139,HKG,DEU,900220
6442369,100,61,9660,2013,50116.0,17703.0,0.898284,1.038807,HRV,DEU,900220
6442370,102,61,9660,2013,9048.0,193934.0,1.506101,0.7279220000000001,HUN,DEU,900220
6442371,103,61,9660,2013,1402.0,52292.0,-0.216854,1.415728,IDN,DEU,900220
6442372,104,61,9660,2013,55178.0,344865.0,0.215356,2.3916209999999998,IND,DEU,900220
6442373,106,61,9660,2013,75621.0,57860.0,1.29988,0.240688,IRL,DEU,900220
6442374,107,61,9660,2013,0.0,2327.0,-0.339172,-0.237114,IRN,DEU,900220
6442375,108,61,9660,2013,0.0,23831.0,-2.839079,-0.8705440000000001,IRQ,DEU,900220
6442376,109,61,9660,2013,0.0,57921.0,0.259374,-0.20413299999999998,ISL,DEU,900220
6442377,110,61,9660,2013,117167.0,245697.0,1.197241,0.633828,ISR,DEU,900220
6442378,111,61,9660,2013,295040.0,1135886.0,1.289924,0.533436,ITA,DEU,900220
6442379,113,61,9660,2013,0.0,13461.0,0.152659,0.5889979999999999,JOR,DEU,900220
6442380,114,61,9660,2013,5735767.0,1106494.0,2.3993130000000003,-0.564768,JPN,DEU,900220
6442381,115,61,9660,2013,0.0,21911.0,-0.680678,-0.83347,KAZ,DEU,900220
6442382,116,61,9660,2013,0.0,10375.0,-0.448112,0.8672719999999999,KEN,DEU,900220
6442383,121,61,9660,2013,136704.0,1547235.0,1.818383,0.75645,KOR,DEU,900220
6442384,122,61,9660,2013,0.0,21700.0,-0.536384,-1.08382,KWT,DEU,900220
6442385,123,61,9660,2013,0.0,982.0,-1.204446,-0.8571489999999999,LAO,DEU,900220
6442386,124,61,9660,2013,0.0,8465.0,0.283084,1.4289100000000001,LBN,DEU,900220
6442387,128,61,9660,2013,0.0,1413.0,-0.6521779999999999,0.41258599999999995,LKA,DEU,900220
6442388,130,61,9660,2013,11606.0,90914.0,0.737796,1.215543,LTU,DEU,900220
6442389,131,61,9660,2013,9124.0,92488.0,1.170459,1.150327,LUX,DEU,900220
6442390,132,61,9660,2013,0.0,19034.0,0.6219439999999999,1.166749,LVA,DEU,900220
6442391,134,61,9660,2013,0.0,17468.0,-0.6494260000000001,-0.035075999999999996,MAR,DEU,900220
6442392,138,61,9660,2013,0.0,77084.0,1.048507,0.718932,MEX,DEU,900220
6442393,140,61,9660,2013,0.0,2701.0,-0.10859400000000001,0.155229,MKD,DEU,900220
6442394,142,61,9660,2013,0.0,17876.0,0.8519760000000001,-0.075869,MLT,DEU,900220
6442395,143,61,9660,2013,0.0,3490.0,-1.230787,-0.737375,MMR,DEU,900220
6442396,151,61,9660,2013,0.0,987.0,-0.158852,0.0061600000000000005,MUS,DEU,900220
6442397,153,61,9660,2013,43054.0,68770.0,0.937641,0.747496,MYS,DEU,900220
6442398,155,61,9660,2013,0.0,7476.0,-0.308643,-0.480617,NAM,DEU,900220
6442399,159,61,9660,2013,0.0,10810.0,-1.745783,-1.1356680000000001,NGA,DEU,900220
6442400,162,61,9660,2013,1568039.0,3842898.0,1.184107,1.249557,NLD,DEU,900220
6442401,163,61,9660,2013,1014.0,608105.0,0.892099,0.18168399999999998,NOR,DEU,900220
6442402,164,61,9660,2013,0.0,1910.0,-0.293669,0.677365,NPL,DEU,900220
6442403,166,61,9660,2013,1086.0,54128.0,0.3345,0.39063000000000003,NZL,DEU,900220
6442404,167,61,9660,2013,0.0,15142.0,-0.604175,-1.0463209999999998,OMN,DEU,900220
6442405,168,61,9660,2013,0.0,8019.0,-0.75727,0.769703,PAK,DEU,900220
6442406,169,61,9660,2013,0.0,1909.0,0.735637,1.161718,PAN,DEU,900220
6442407,173,61,9660,2013,0.0,27375.0,-0.573852,0.357977,PER,DEU,900220
6442408,174,61,9660,2013,191363.0,11503.0,0.507868,0.355403,PHL,DEU,900220
6442409,177,61,9660,2013,27747.0,616300.0,1.084332,1.216749,POL,DEU,900220
6442410,179,61,9660,2013,3926.0,151564.0,0.541454,2.5228610000000002,PRT,DEU,900220
6442411,183,61,9660,2013,0.0,13826.0,-0.083649,-1.013491,QAT,DEU,900220
6442412,185,61,9660,2013,9468.0,243590.0,0.792035,1.225034,ROU,DEU,900220
6442413,186,61,9660,2013,49601.0,1053960.0,0.481166,-0.180052,RUS,DEU,900220
6442414,187,61,9660,2013,0.0,1383.0,-0.490519,-0.48427700000000007,RWA,DEU,900220
6442415,188,61,9660,2013,2078.0,166176.0,0.626347,-0.844406,SAU,DEU,900220
6442416,190,61,9660,2013,0.0,2073.0,-1.254944,-1.073564,SDN,DEU,900220
6442417,192,61,9660,2013,61672.0,583966.0,1.915504,0.619576,SGP,DEU,900220
6442418,197,61,9660,2013,0.0,1513.0,-0.021029,0.381522,SLV,DEU,900220
6442419,201,61,9660,2013,0.0,16186.0,0.5717720000000001,1.174901,SRB,DEU,900220
6442420,206,61,9660,2013,1738.0,133771.0,1.32064,0.7519819999999999,SVK,DEU,900220
6442421,207,61,9660,2013,265123.0,41187.0,1.698374,0.563082,SVN,DEU,900220
6442422,208,61,9660,2013,69802.0,980941.0,1.869421,0.228109,SWE,DEU,900220
6442423,209,61,9660,2013,0.0,904.0,0.109267,-0.275005,SWZ,DEU,900220
6442424,211,61,9660,2013,0.0,19281.0,0.270999,-0.474095,SYC,DEU,900220
6442425,212,61,9660,2013,0.0,1074.0,-0.14343399999999998,1.077256,SYR,DEU,900220
6442426,216,61,9660,2013,3876.0,139218.0,0.8752139999999999,1.3798620000000001,THA,DEU,900220
6442427,219,61,9660,2013,0.0,3984.0,-1.6186770000000001,-1.2210969999999999,TKM,DEU,900220
6442428,223,61,9660,2013,0.0,9265.0,0.185528,1.0070700000000001,TUN,DEU,900220
6442429,224,61,9660,2013,20144.0,414791.0,0.42932299999999995,2.690235,TUR,DEU,900220
6442430,226,61,9660,2013,0.0,4709.0,-0.9306770000000001,0.273489,TZA,DEU,900220
6442431,228,61,9660,2013,0.0,96230.0,0.657729,0.9063200000000001,UKR,DEU,900220
6442432,230,61,9660,2013,0.0,1052.0,0.20190999999999998,-0.19777999999999998,URY,DEU,900220
6442433,231,61,9660,2013,12602757.0,7883466.0,1.6639689999999998,-0.48651300000000003,USA,DEU,900220
6442434,236,61,9660,2013,0.0,24622.0,-0.778172,-1.107059,VEN,DEU,900220
6442435,239,61,9660,2013,0.0,26779.0,-0.11426900000000001,1.399738,VNM,DEU,900220
6442436,246,61,9660,2013,0.0,136541.0,0.380284,1.5682120000000002,ZAF,DEU,900220
6442437,249,61,9660,2013,598965.0,2796111.0,1.843186,0.9432379999999999,TWN,DEU,900220
6442438,7,64,9660,2013,0.0,4322.0,-0.074047,-0.585168,ARE,DNK,900220
6442439,8,64,9660,2013,0.0,80201.0,0.20314300000000002,0.494062,ARG,DNK,900220
6442440,14,64,9660,2013,6460.0,0.0,-0.31145700000000004,-0.167628,AUS,DNK,900220
6442441,15,64,9660,2013,1618.0,286685.0,1.7209240000000001,-0.286892,AUT,DNK,900220
6442442,18,64,9660,2013,269282.0,93881.0,1.316207,0.972601,BEL,DNK,900220
6442443,24,64,9660,2013,0.0,6139.0,0.249681,-0.6204270000000001,BHR,DNK,900220
6442444,28,64,9660,2013,0.0,3511.0,1.036923,0.864568,BLR,DNK,900220
6442445,32,64,9660,2013,0.0,19684.0,0.14765899999999998,0.399262,BRA,DNK,900220
6442446,39,64,9660,2013,1405.0,14458.0,0.719649,1.017046,CAN,DNK,900220
6442447,41,64,9660,2013,0.0,15429.0,2.2104470000000003,0.5403479999999999,CHE,DNK,900220
6442448,42,64,9660,2013,0.0,5097.0,-0.260718,-0.38256100000000004,CHL,DNK,900220
6442449,43,64,9660,2013,19244.0,56612.0,1.113767,1.477496,CHN,DNK,900220
6442450,59,64,9660,2013,0.0,20342.0,1.819653,-0.12423800000000002,CZE,DNK,900220
6442451,61,64,9660,2013,320941.0,1147828.0,2.093658,-3.4281980000000005,DEU,DNK,900220
6442452,71,64,9660,2013,12085.0,357165.0,0.861698,2.353993,ESP,DNK,900220
6442453,72,64,9660,2013,0.0,4871.0,0.8828940000000001,1.386574,EST,DNK,900220
6442454,74,64,9660,2013,6856.0,576454.0,1.734552,0.8896940000000001,FIN,DNK,900220
6442455,77,64,9660,2013,16508.0,49992.0,1.520354,0.022874000000000002,FRA,DNK,900220
6442456,78,64,9660,2013,0.0,2287.0,-0.370701,-0.815466,FRO,DNK,900220
6442457,81,64,9660,2013,130949.0,137917.0,1.7901259999999999,0.44164,GBR,DNK,900220
6442458,83,64,9660,2013,0.0,877.0,-0.7316010000000001,-0.5327689999999999,GHA,DNK,900220
6442459,90,64,9660,2013,1940.0,5696.0,0.18823800000000002,0.910906,GRC,DNK,900220
6442460,92,64,9660,2013,0.0,1377.0,-0.801617,-0.8734120000000001,GRL,DNK,900220
6442461,97,64,9660,2013,0.0,10658.0,0.744383,1.923139,HKG,DNK,900220
6442462,100,64,9660,2013,0.0,9464.0,0.898284,1.038807,HRV,DNK,900220
6442463,102,64,9660,2013,0.0,40595.0,1.506101,0.7279220000000001,HUN,DNK,900220
6442464,104,64,9660,2013,0.0,39113.0,0.215356,2.3916209999999998,IND,DNK,900220
6442465,106,64,9660,2013,18613.0,2217.0,1.29988,0.240688,IRL,DNK,900220
6442466,109,64,9660,2013,0.0,1222.0,0.259374,-0.20413299999999998,ISL,DNK,900220
6442467,110,64,9660,2013,10716.0,426212.0,1.197241,0.633828,ISR,DNK,900220
6442468,111,64,9660,2013,16607.0,207030.0,1.289924,0.533436,ITA,DNK,900220
6442469,114,64,9660,2013,151900.0,6333.0,2.3993130000000003,-0.564768,JPN,DNK,900220
6442470,115,64,9660,2013,0.0,946.0,-0.680678,-0.83347,KAZ,DNK,900220
6442471,121,64,9660,2013,0.0,7263.0,1.818383,0.75645,KOR,DNK,900220
6442472,131,64,9660,2013,0.0,2713.0,1.170459,1.150327,LUX,DNK,900220
6442473,132,64,9660,2013,110094.0,4551.0,0.6219439999999999,1.166749,LVA,DNK,900220
6442474,134,64,9660,2013,0.0,1873.0,-0.6494260000000001,-0.035075999999999996,MAR,DNK,900220
6442475,138,64,9660,2013,0.0,5855.0,1.048507,0.718932,MEX,DNK,900220
6442476,153,64,9660,2013,0.0,3524.0,0.937641,0.747496,MYS,DNK,900220
6442477,162,64,9660,2013,177283.0,266788.0,1.184107,1.249557,NLD,DNK,900220
6442478,163,64,9660,2013,10905.0,113876.0,0.892099,0.18168399999999998,NOR,DNK,900220
6442479,173,64,9660,2013,0.0,1115.0,-0.573852,0.357977,PER,DNK,900220
6442480,177,64,9660,2013,2473.0,7031.0,1.084332,1.216749,POL,DNK,900220
6442481,179,64,9660,2013,0.0,5156.0,0.541454,2.5228610000000002,PRT,DNK,900220
6442482,185,64,9660,2013,0.0,12436.0,0.792035,1.225034,ROU,DNK,900220
6442483,186,64,9660,2013,0.0,24509.0,0.481166,-0.180052,RUS,DNK,900220
6442484,192,64,9660,2013,0.0,63112.0,1.915504,0.619576,SGP,DNK,900220
6442485,206,64,9660,2013,0.0,25922.0,1.32064,0.7519819999999999,SVK,DNK,900220
6442486,207,64,9660,2013,0.0,6133.0,1.698374,0.563082,SVN,DNK,900220
6442487,208,64,9660,2013,663317.0,155914.0,1.869421,0.228109,SWE,DNK,900220
6442488,231,64,9660,2013,37815.0,330435.0,1.6639689999999998,-0.48651300000000003,USA,DNK,900220
6442489,246,64,9660,2013,0.0,948.0,0.380284,1.5682120000000002,ZAF,DNK,900220
6442490,249,64,9660,2013,0.0,7636.0,1.843186,0.9432379999999999,TWN,DNK,900220
6442491,39,65,9660,2013,2425.0,0.0,0.719649,1.017046,CAN,DOM,900220
6442492,43,65,9660,2013,4098.0,0.0,1.113767,1.477496,CHN,DOM,900220
6442493,169,65,9660,2013,5372.0,0.0,0.735637,1.161718,PAN,DOM,900220
6442494,231,65,9660,2013,68072.0,0.0,1.6639689999999998,-0.48651300000000003,USA,DOM,900220
6442495,41,67,9660,2013,1671.0,0.0,2.2104470000000003,0.5403479999999999,CHE,ECU,900220
6442496,43,67,9660,2013,2479.0,0.0,1.113767,1.477496,CHN,ECU,900220
6442497,61,67,9660,2013,1259.0,0.0,2.093658,-3.4281980000000005,DEU,ECU,900220
6442498,71,67,9660,2013,1672.0,0.0,0.861698,2.353993,ESP,ECU,900220
6442499,77,67,9660,2013,9942.0,0.0,1.520354,0.022874000000000002,FRA,ECU,900220
6442500,114,67,9660,2013,2424.0,0.0,2.3993130000000003,-0.564768,JPN,ECU,900220
6442501,169,67,9660,2013,19390.0,0.0,0.735637,1.161718,PAN,ECU,900220
6442502,231,67,9660,2013,130819.0,0.0,1.6639689999999998,-0.48651300000000003,USA,ECU,900220
6442503,5,71,9660,2013,0.0,3538.0,0.9666530000000001,-0.159606,AND,ESP,900220
6442504,7,71,9660,2013,0.0,28517.0,-0.074047,-0.585168,ARE,ESP,900220
6442505,8,71,9660,2013,0.0,1035.0,0.20314300000000002,0.494062,ARG,ESP,900220
6442506,14,71,9660,2013,977.0,2145.0,-0.31145700000000004,-0.167628,AUS,ESP,900220
6442507,15,71,9660,2013,49095.0,0.0,1.7209240000000001,-0.286892,AUT,ESP,900220
6442508,16,71,9660,2013,0.0,2166.0,-0.9232870000000001,-1.165928,AZE,ESP,900220
6442509,18,71,9660,2013,141238.0,19204.0,1.316207,0.972601,BEL,ESP,900220
6442510,23,71,9660,2013,0.0,1159.0,0.5026109999999999,1.674296,BGR,ESP,900220
6442511,32,71,9660,2013,0.0,4878.0,0.14765899999999998,0.399262,BRA,ESP,900220
6442512,39,71,9660,2013,1356.0,0.0,0.719649,1.017046,CAN,ESP,900220
6442513,41,71,9660,2013,8118.0,1381.0,2.2104470000000003,0.5403479999999999,CHE,ESP,900220
6442514,43,71,9660,2013,352644.0,0.0,1.113767,1.477496,CHN,ESP,900220
6442515,49,71,9660,2013,0.0,13586.0,0.121799,-0.388239,COL,ESP,900220
6442516,59,71,9660,2013,1429.0,5006.0,1.819653,-0.12423800000000002,CZE,ESP,900220
6442517,61,71,9660,2013,1191322.0,69284.0,2.093658,-3.4281980000000005,DEU,ESP,900220
6442518,64,71,9660,2013,357165.0,12085.0,1.161835,1.1788450000000001,DNK,ESP,900220
6442519,67,71,9660,2013,0.0,1672.0,-0.86546,-0.8888389999999999,ECU,ESP,900220
6442520,68,71,9660,2013,0.0,67034.0,-0.17418,1.692641,EGY,ESP,900220
6442521,77,71,9660,2013,54399.0,21716.0,1.520354,0.022874000000000002,FRA,ESP,900220
6442522,81,71,9660,2013,95841.0,78937.0,1.7901259999999999,0.44164,GBR,ESP,900220
6442523,90,71,9660,2013,0.0,16756.0,0.18823800000000002,0.910906,GRC,ESP,900220
6442524,97,71,9660,2013,15194.0,0.0,0.744383,1.923139,HKG,ESP,900220
6442525,106,71,9660,2013,4404.0,0.0,1.29988,0.240688,IRL,ESP,900220
6442526,110,71,9660,2013,0.0,967.0,1.197241,0.633828,ISR,ESP,900220
6442527,111,71,9660,2013,66716.0,119858.0,1.289924,0.533436,ITA,ESP,900220
6442528,114,71,9660,2013,391241.0,0.0,2.3993130000000003,-0.564768,JPN,ESP,900220
6442529,115,71,9660,2013,0.0,1228.0,-0.680678,-0.83347,KAZ,ESP,900220
6442530,138,71,9660,2013,0.0,3114.0,1.048507,0.718932,MEX,ESP,900220
6442531,162,71,9660,2013,126736.0,4915.0,1.184107,1.249557,NLD,ESP,900220
6442532,169,71,9660,2013,0.0,1064.0,0.735637,1.161718,PAN,ESP,900220
6442533,174,71,9660,2013,50896.0,0.0,0.507868,0.355403,PHL,ESP,900220
6442534,177,71,9660,2013,1010.0,6413.0,1.084332,1.216749,POL,ESP,900220
6442535,179,71,9660,2013,70766.0,421704.0,0.541454,2.5228610000000002,PRT,ESP,900220
6442536,180,71,9660,2013,0.0,1264.0,-0.566239,-0.9273459999999999,PRY,ESP,900220
6442537,183,71,9660,2013,0.0,18359.0,-0.083649,-1.013491,QAT,ESP,900220
6442538,188,71,9660,2013,0.0,27157.0,0.626347,-0.844406,SAU,ESP,900220
6442539,192,71,9660,2013,21538.0,0.0,1.915504,0.619576,SGP,ESP,900220
6442540,206,71,9660,2013,0.0,2697.0,1.32064,0.7519819999999999,SVK,ESP,900220
6442541,207,71,9660,2013,3822.0,973.0,1.698374,0.563082,SVN,ESP,900220
6442542,208,71,9660,2013,37959.0,1052.0,1.869421,0.228109,SWE,ESP,900220
6442543,216,71,9660,2013,3112.0,0.0,0.8752139999999999,1.3798620000000001,THA,ESP,900220
6442544,223,71,9660,2013,165851.0,2034.0,0.185528,1.0070700000000001,TUN,ESP,900220
6442545,224,71,9660,2013,0.0,2941.0,0.42932299999999995,2.690235,TUR,ESP,900220
6442546,226,71,9660,2013,0.0,3695.0,-0.9306770000000001,0.273489,TZA,ESP,900220
6442547,231,71,9660,2013,343599.0,2083.0,1.6639689999999998,-0.48651300000000003,USA,ESP,900220
6442548,246,71,9660,2013,8883.0,0.0,0.380284,1.5682120000000002,ZAF,ESP,900220
6442549,249,71,9660,2013,3534.0,0.0,1.843186,0.9432379999999999,TWN,ESP,900220
6442550,18,72,9660,2013,1959.0,0.0,1.316207,0.972601,BEL,EST,900220
6442551,28,72,9660,2013,0.0,867.0,1.036923,0.864568,BLR,EST,900220
6442552,41,72,9660,2013,2458.0,0.0,2.2104470000000003,0.5403479999999999,CHE,EST,900220
6442553,43,72,9660,2013,4656.0,0.0,1.113767,1.477496,CHN,EST,900220
6442554,59,72,9660,2013,0.0,4917.0,1.819653,-0.12423800000000002,CZE,EST,900220
6442555,61,72,9660,2013,40533.0,0.0,2.093658,-3.4281980000000005,DEU,EST,900220
6442556,64,72,9660,2013,4871.0,0.0,1.161835,1.1788450000000001,DNK,EST,900220
6442557,74,72,9660,2013,0.0,2203.0,1.734552,0.8896940000000001,FIN,EST,900220
6442558,77,72,9660,2013,3713.0,80295.0,1.520354,0.022874000000000002,FRA,EST,900220
6442559,81,72,9660,2013,16697.0,0.0,1.7901259999999999,0.44164,GBR,EST,900220
6442560,97,72,9660,2013,47713.0,0.0,0.744383,1.923139,HKG,EST,900220
6442561,114,72,9660,2013,158280.0,0.0,2.3993130000000003,-0.564768,JPN,EST,900220
6442562,130,72,9660,2013,0.0,11283.0,0.737796,1.215543,LTU,EST,900220
6442563,131,72,9660,2013,777.0,0.0,1.170459,1.150327,LUX,EST,900220
6442564,132,72,9660,2013,0.0,4998.0,0.6219439999999999,1.166749,LVA,EST,900220
6442565,162,72,9660,2013,59228.0,0.0,1.184107,1.249557,NLD,EST,900220
6442566,174,72,9660,2013,14951.0,0.0,0.507868,0.355403,PHL,EST,900220
6442567,186,72,9660,2013,0.0,78264.0,0.481166,-0.180052,RUS,EST,900220
6442568,206,72,9660,2013,2226.0,0.0,1.32064,0.7519819999999999,SVK,EST,900220
6442569,231,72,9660,2013,2581.0,0.0,1.6639689999999998,-0.48651300000000003,USA,EST,900220
6442570,250,72,9660,2013,3118.0,0.0,0.628555,0.277602,ANS,EST,900220
6442571,15,74,9660,2013,4167.0,0.0,1.7209240000000001,-0.286892,AUT,FIN,900220
6442572,18,74,9660,2013,86511.0,1571.0,1.316207,0.972601,BEL,FIN,900220
6442573,23,74,9660,2013,1879.0,0.0,0.5026109999999999,1.674296,BGR,FIN,900220
6442574,24,74,9660,2013,0.0,23895.0,0.249681,-0.6204270000000001,BHR,FIN,900220
6442575,32,74,9660,2013,0.0,3019.0,0.14765899999999998,0.399262,BRA,FIN,900220
6442576,39,74,9660,2013,1656.0,1753.0,0.719649,1.017046,CAN,FIN,900220
6442577,41,74,9660,2013,5887.0,860.0,2.2104470000000003,0.5403479999999999,CHE,FIN,900220
6442578,43,74,9660,2013,185596.0,978.0,1.113767,1.477496,CHN,FIN,900220
6442579,59,74,9660,2013,1809.0,0.0,1.819653,-0.12423800000000002,CZE,FIN,900220
6442580,61,74,9660,2013,177287.0,11918.0,2.093658,-3.4281980000000005,DEU,FIN,900220
6442581,64,74,9660,2013,576454.0,6856.0,1.161835,1.1788450000000001,DNK,FIN,900220
6442582,72,74,9660,2013,2203.0,0.0,0.8828940000000001,1.386574,EST,FIN,900220
6442583,77,74,9660,2013,999.0,6909.0,1.520354,0.022874000000000002,FRA,FIN,900220
6442584,81,74,9660,2013,94643.0,7121.0,1.7901259999999999,0.44164,GBR,FIN,900220
6442585,97,74,9660,2013,20143.0,1294.0,0.744383,1.923139,HKG,FIN,900220
6442586,104,74,9660,2013,0.0,2139.0,0.215356,2.3916209999999998,IND,FIN,900220
6442587,106,74,9660,2013,1956.0,0.0,1.29988,0.240688,IRL,FIN,900220
6442588,110,74,9660,2013,830.0,0.0,1.197241,0.633828,ISR,FIN,900220
6442589,114,74,9660,2013,312664.0,1992.0,2.3993130000000003,-0.564768,JPN,FIN,900220
6442590,122,74,9660,2013,0.0,1261.0,-0.536384,-1.08382,KWT,FIN,900220
6442591,130,74,9660,2013,1043.0,5239.0,0.737796,1.215543,LTU,FIN,900220
6442592,138,74,9660,2013,0.0,1683.0,1.048507,0.718932,MEX,FIN,900220
6442593,162,74,9660,2013,79240.0,6612.0,1.184107,1.249557,NLD,FIN,900220
6442594,163,74,9660,2013,0.0,3311.0,0.892099,0.18168399999999998,NOR,FIN,900220
6442595,166,74,9660,2013,6631.0,0.0,0.3345,0.39063000000000003,NZL,FIN,900220
6442596,174,74,9660,2013,22291.0,0.0,0.507868,0.355403,PHL,FIN,900220
6442597,185,74,9660,2013,0.0,2479.0,0.792035,1.225034,ROU,FIN,900220
6442598,186,74,9660,2013,3549.0,30449.0,0.481166,-0.180052,RUS,FIN,900220
6442599,192,74,9660,2013,3478.0,1810.0,1.915504,0.619576,SGP,FIN,900220
6442600,207,74,9660,2013,69008.0,0.0,1.698374,0.563082,SVN,FIN,900220
6442601,208,74,9660,2013,251235.0,84857.0,1.869421,0.228109,SWE,FIN,900220
6442602,223,74,9660,2013,0.0,3849.0,0.185528,1.0070700000000001,TUN,FIN,900220
6442603,224,74,9660,2013,0.0,1824.0,0.42932299999999995,2.690235,TUR,FIN,900220
6442604,230,74,9660,2013,0.0,7151.0,0.20190999999999998,-0.19777999999999998,URY,FIN,900220
6442605,231,74,9660,2013,119092.0,5354.0,1.6639689999999998,-0.48651300000000003,USA,FIN,900220
6442606,246,74,9660,2013,0.0,1937.0,0.380284,1.5682120000000002,ZAF,FIN,900220
6442607,249,74,9660,2013,3264.0,0.0,1.843186,0.9432379999999999,TWN,FIN,900220
6442608,5,77,9660,2013,0.0,15373.0,0.9666530000000001,-0.159606,AND,FRA,900220
6442609,7,77,9660,2013,0.0,4727.0,-0.074047,-0.585168,ARE,FRA,900220
6442610,14,77,9660,2013,9015.0,63434.0,-0.31145700000000004,-0.167628,AUS,FRA,900220
6442611,15,77,9660,2013,39445.0,41662.0,1.7209240000000001,-0.286892,AUT,FRA,900220
6442612,18,77,9660,2013,131382.0,181183.0,1.316207,0.972601,BEL,FRA,900220
6442613,21,77,9660,2013,0.0,25724.0,-0.9110360000000001,-0.852492,BFA,FRA,900220
6442614,23,77,9660,2013,0.0,1443.0,0.5026109999999999,1.674296,BGR,FRA,900220
6442615,24,77,9660,2013,0.0,2512.0,0.249681,-0.6204270000000001,BHR,FRA,900220
6442616,32,77,9660,2013,1182.0,32833.0,0.14765899999999998,0.399262,BRA,FRA,900220
6442617,37,77,9660,2013,0.0,5056.0,-0.46761499999999995,-1.0842040000000002,BWA,FRA,900220
6442618,39,77,9660,2013,35719.0,10132.0,0.719649,1.017046,CAN,FRA,900220
6442619,41,77,9660,2013,757680.0,6025.0,2.2104470000000003,0.5403479999999999,CHE,FRA,900220
6442620,42,77,9660,2013,0.0,9588.0,-0.260718,-0.38256100000000004,CHL,FRA,900220
6442621,43,77,9660,2013,953015.0,58569.0,1.113767,1.477496,CHN,FRA,900220
6442622,44,77,9660,2013,0.0,10280.0,-0.923558,-0.866642,CIV,FRA,900220
6442623,45,77,9660,2013,0.0,48406.0,-0.901531,-1.027111,CMR,FRA,900220
6442624,47,77,9660,2013,0.0,80659.0,-1.215681,-1.08679,COG,FRA,900220
6442625,49,77,9660,2013,0.0,12429.0,0.121799,-0.388239,COL,FRA,900220
6442626,52,77,9660,2013,0.0,4014.0,0.067379,-0.688217,CRI,FRA,900220
6442627,59,77,9660,2013,0.0,2432.0,1.819653,-0.12423800000000002,CZE,FRA,900220
6442628,61,77,9660,2013,2208533.0,532478.0,2.093658,-3.4281980000000005,DEU,FRA,900220
6442629,64,77,9660,2013,49992.0,16508.0,1.161835,1.1788450000000001,DNK,FRA,900220
6442630,66,77,9660,2013,0.0,10171.0,-1.373947,-1.1523459999999999,DZA,FRA,900220
6442631,67,77,9660,2013,0.0,9942.0,-0.86546,-0.8888389999999999,ECU,FRA,900220
6442632,68,77,9660,2013,260489.0,0.0,-0.17418,1.692641,EGY,FRA,900220
6442633,71,77,9660,2013,21716.0,54399.0,0.861698,2.353993,ESP,FRA,900220
6442634,72,77,9660,2013,80295.0,3713.0,0.8828940000000001,1.386574,EST,FRA,900220
6442635,73,77,9660,2013,0.0,2306.0,-1.264002,-0.9594219999999999,ETH,FRA,900220
6442636,74,77,9660,2013,6909.0,999.0,1.734552,0.8896940000000001,FIN,FRA,900220
6442637,80,77,9660,2013,0.0,41432.0,-1.6582830000000002,-1.155302,GAB,FRA,900220
6442638,81,77,9660,2013,332685.0,122562.0,1.7901259999999999,0.44164,GBR,FRA,900220
6442639,89,77,9660,2013,0.0,11558.0,-1.521575,-0.814708,GNQ,FRA,900220
6442640,90,77,9660,2013,0.0,8921.0,0.18823800000000002,0.910906,GRC,FRA,900220
6442641,97,77,9660,2013,33159.0,20334.0,0.744383,1.923139,HKG,FRA,900220
6442642,102,77,9660,2013,3265.0,2814.0,1.506101,0.7279220000000001,HUN,FRA,900220
6442643,103,77,9660,2013,0.0,13690.0,-0.216854,1.415728,IDN,FRA,900220
6442644,104,77,9660,2013,4050.0,197589.0,0.215356,2.3916209999999998,IND,FRA,900220
6442645,106,77,9660,2013,27422.0,0.0,1.29988,0.240688,IRL,FRA,900220
6442646,107,77,9660,2013,0.0,20308.0,-0.339172,-0.237114,IRN,FRA,900220
6442647,109,77,9660,2013,0.0,2063.0,0.259374,-0.20413299999999998,ISL,FRA,900220
6442648,110,77,9660,2013,30215.0,4654.0,1.197241,0.633828,ISR,FRA,900220
6442649,111,77,9660,2013,149728.0,116136.0,1.289924,0.533436,ITA,FRA,900220
6442650,114,77,9660,2013,2655492.0,4289.0,2.3993130000000003,-0.564768,JPN,FRA,900220
6442651,115,77,9660,2013,0.0,1229.0,-0.680678,-0.83347,KAZ,FRA,900220
6442652,121,77,9660,2013,5319.0,34436.0,1.818383,0.75645,KOR,FRA,900220
6442653,122,77,9660,2013,0.0,11777.0,-0.536384,-1.08382,KWT,FRA,900220
6442654,130,77,9660,2013,9506.0,3747.0,0.737796,1.215543,LTU,FRA,900220
6442655,131,77,9660,2013,88673.0,7726.0,1.170459,1.150327,LUX,FRA,900220
6442656,134,77,9660,2013,0.0,10880.0,-0.6494260000000001,-0.035075999999999996,MAR,FRA,900220
6442657,151,77,9660,2013,0.0,1018.0,-0.158852,0.0061600000000000005,MUS,FRA,900220
6442658,153,77,9660,2013,2387.0,48571.0,0.937641,0.747496,MYS,FRA,900220
6442659,156,77,9660,2013,0.0,16954.0,-0.136052,-0.703913,NCL,FRA,900220
6442660,157,77,9660,2013,0.0,7250.0,-1.268738,-0.942256,NER,FRA,900220
6442661,159,77,9660,2013,0.0,2210.0,-1.745783,-1.1356680000000001,NGA,FRA,900220
6442662,162,77,9660,2013,1793939.0,60178.0,1.184107,1.249557,NLD,FRA,900220
6442663,163,77,9660,2013,1103.0,8680.0,0.892099,0.18168399999999998,NOR,FRA,900220
6442664,166,77,9660,2013,0.0,4835.0,0.3345,0.39063000000000003,NZL,FRA,900220
6442665,173,77,9660,2013,0.0,1031.0,-0.573852,0.357977,PER,FRA,900220
6442666,174,77,9660,2013,310351.0,0.0,0.507868,0.355403,PHL,FRA,900220
6442667,177,77,9660,2013,4045.0,62339.0,1.084332,1.216749,POL,FRA,900220
6442668,179,77,9660,2013,8968.0,7504.0,0.541454,2.5228610000000002,PRT,FRA,900220
6442669,182,77,9660,2013,0.0,4274.0,-0.146044,-0.7055359999999999,PYF,FRA,900220
6442670,183,77,9660,2013,0.0,162505.0,-0.083649,-1.013491,QAT,FRA,900220
6442671,185,77,9660,2013,1341.0,25735.0,0.792035,1.225034,ROU,FRA,900220
6442672,186,77,9660,2013,2512.0,47299.0,0.481166,-0.180052,RUS,FRA,900220
6442673,188,77,9660,2013,0.0,1462.0,0.626347,-0.844406,SAU,FRA,900220
6442674,191,77,9660,2013,0.0,4025.0,-0.523662,-0.309101,SEN,FRA,900220
6442675,192,77,9660,2013,7614.0,14296.0,1.915504,0.619576,SGP,FRA,900220
6442676,206,77,9660,2013,7851.0,6838.0,1.32064,0.7519819999999999,SVK,FRA,900220
6442677,207,77,9660,2013,11032.0,2405.0,1.698374,0.563082,SVN,FRA,900220
6442678,208,77,9660,2013,34987.0,8610.0,1.869421,0.228109,SWE,FRA,900220
6442679,211,77,9660,2013,0.0,3393.0,0.270999,-0.474095,SYC,FRA,900220
6442680,215,77,9660,2013,0.0,21215.0,-0.598413,-0.49295200000000006,TGO,FRA,900220
6442681,216,77,9660,2013,4562.0,31489.0,0.8752139999999999,1.3798620000000001,THA,FRA,900220
6442682,223,77,9660,2013,14908.0,5420.0,0.185528,1.0070700000000001,TUN,FRA,900220
6442683,224,77,9660,2013,0.0,12743.0,0.42932299999999995,2.690235,TUR,FRA,900220
6442684,231,77,9660,2013,2124616.0,507655.0,1.6639689999999998,-0.48651300000000003,USA,FRA,900220
6442685,246,77,9660,2013,0.0,23886.0,0.380284,1.5682120000000002,ZAF,FRA,900220
6442686,249,77,9660,2013,36993.0,58741.0,1.843186,0.9432379999999999,TWN,FRA,900220
6442687,250,77,9660,2013,6419.0,0.0,0.628555,0.277602,ANS,FRA,900220
6442688,2,81,9660,2013,0.0,6683.0,-1.172043,-1.133735,AGO,GBR,900220
6442689,5,81,9660,2013,0.0,1598.0,0.9666530000000001,-0.159606,AND,GBR,900220
6442690,7,81,9660,2013,10256.0,138713.0,-0.074047,-0.585168,ARE,GBR,900220
6442691,8,81,9660,2013,0.0,1328.0,0.20314300000000002,0.494062,ARG,GBR,900220
6442692,14,81,9660,2013,3241.0,169906.0,-0.31145700000000004,-0.167628,AUS,GBR,900220
6442693,15,81,9660,2013,6751.0,192926.0,1.7209240000000001,-0.286892,AUT,GBR,900220
6442694,18,81,9660,2013,279484.0,132303.0,1.316207,0.972601,BEL,GBR,900220
6442695,22,81,9660,2013,0.0,1643.0,-1.101916,-0.734646,BGD,GBR,900220
6442696,23,81,9660,2013,12100.0,7579.0,0.5026109999999999,1.674296,BGR,GBR,900220
6442697,24,81,9660,2013,0.0,19391.0,0.249681,-0.6204270000000001,BHR,GBR,900220
6442698,28,81,9660,2013,0.0,29070.0,1.036923,0.864568,BLR,GBR,900220
6442699,32,81,9660,2013,1074.0,40946.0,0.14765899999999998,0.399262,BRA,GBR,900220
6442700,39,81,9660,2013,272366.0,65787.0,0.719649,1.017046,CAN,GBR,900220
6442701,41,81,9660,2013,15726.0,176943.0,2.2104470000000003,0.5403479999999999,CHE,GBR,900220
6442702,42,81,9660,2013,0.0,3607.0,-0.260718,-0.38256100000000004,CHL,GBR,900220
6442703,43,81,9660,2013,513958.0,97447.0,1.113767,1.477496,CHN,GBR,900220
6442704,45,81,9660,2013,0.0,31807.0,-0.901531,-1.027111,CMR,GBR,900220
6442705,47,81,9660,2013,0.0,1431.0,-1.215681,-1.08679,COG,GBR,900220
6442706,49,81,9660,2013,0.0,18143.0,0.121799,-0.388239,COL,GBR,900220
6442707,58,81,9660,2013,0.0,21129.0,0.502238,0.349608,CYP,GBR,900220
6442708,59,81,9660,2013,6531.0,89093.0,1.819653,-0.12423800000000002,CZE,GBR,900220
6442709,61,81,9660,2013,2839463.0,664434.0,2.093658,-3.4281980000000005,DEU,GBR,900220
6442710,64,81,9660,2013,137917.0,130949.0,1.161835,1.1788450000000001,DNK,GBR,900220
6442711,66,81,9660,2013,0.0,1461.0,-1.373947,-1.1523459999999999,DZA,GBR,900220
6442712,68,81,9660,2013,0.0,3435.0,-0.17418,1.692641,EGY,GBR,900220
6442713,71,81,9660,2013,78937.0,95841.0,0.861698,2.353993,ESP,GBR,900220
6442714,72,81,9660,2013,0.0,16697.0,0.8828940000000001,1.386574,EST,GBR,900220
6442715,74,81,9660,2013,7121.0,94643.0,1.734552,0.8896940000000001,FIN,GBR,900220
6442716,77,81,9660,2013,122562.0,332685.0,1.520354,0.022874000000000002,FRA,GBR,900220
6442717,83,81,9660,2013,0.0,2384.0,-0.7316010000000001,-0.5327689999999999,GHA,GBR,900220
6442718,90,81,9660,2013,0.0,9707.0,0.18823800000000002,0.910906,GRC,GBR,900220
6442719,97,81,9660,2013,47109.0,516294.0,0.744383,1.923139,HKG,GBR,900220
6442720,100,81,9660,2013,0.0,5849.0,0.898284,1.038807,HRV,GBR,900220
6442721,102,81,9660,2013,0.0,27483.0,1.506101,0.7279220000000001,HUN,GBR,900220
6442722,103,81,9660,2013,0.0,14298.0,-0.216854,1.415728,IDN,GBR,900220
6442723,104,81,9660,2013,34245.0,91884.0,0.215356,2.3916209999999998,IND,GBR,900220
6442724,106,81,9660,2013,171515.0,299032.0,1.29988,0.240688,IRL,GBR,900220
6442725,108,81,9660,2013,0.0,5865.0,-2.839079,-0.8705440000000001,IRQ,GBR,900220
6442726,109,81,9660,2013,0.0,22509.0,0.259374,-0.20413299999999998,ISL,GBR,900220
6442727,110,81,9660,2013,15418.0,114291.0,1.197241,0.633828,ISR,GBR,900220
6442728,111,81,9660,2013,2041.0,219777.0,1.289924,0.533436,ITA,GBR,900220
6442729,113,81,9660,2013,0.0,16927.0,0.152659,0.5889979999999999,JOR,GBR,900220
6442730,114,81,9660,2013,2639337.0,135454.0,2.3993130000000003,-0.564768,JPN,GBR,900220
6442731,115,81,9660,2013,0.0,37677.0,-0.680678,-0.83347,KAZ,GBR,900220
6442732,116,81,9660,2013,0.0,12814.0,-0.448112,0.8672719999999999,KEN,GBR,900220
6442733,117,81,9660,2013,0.0,510.0,-0.1035,0.339914,KGZ,GBR,900220
6442734,121,81,9660,2013,16166.0,113259.0,1.818383,0.75645,KOR,GBR,900220
6442735,122,81,9660,2013,0.0,17353.0,-0.536384,-1.08382,KWT,GBR,900220
6442736,124,81,9660,2013,0.0,17984.0,0.283084,1.4289100000000001,LBN,GBR,900220
6442737,126,81,9660,2013,0.0,61126.0,-1.6241459999999999,-1.1817950000000002,LBY,GBR,900220
6442738,130,81,9660,2013,0.0,1953.0,0.737796,1.215543,LTU,GBR,900220
6442739,131,81,9660,2013,9998.0,29150.0,1.170459,1.150327,LUX,GBR,900220
6442740,132,81,9660,2013,0.0,1231.0,0.6219439999999999,1.166749,LVA,GBR,900220
6442741,138,81,9660,2013,3325.0,11951.0,1.048507,0.718932,MEX,GBR,900220
6442742,142,81,9660,2013,0.0,3479.0,0.8519760000000001,-0.075869,MLT,GBR,900220
6442743,153,81,9660,2013,0.0,89619.0,0.937641,0.747496,MYS,GBR,900220
6442744,156,81,9660,2013,0.0,1044.0,-0.136052,-0.703913,NCL,GBR,900220
6442745,159,81,9660,2013,0.0,50708.0,-1.745783,-1.1356680000000001,NGA,GBR,900220
6442746,162,81,9660,2013,633437.0,206105.0,1.184107,1.249557,NLD,GBR,900220
6442747,163,81,9660,2013,4423.0,158854.0,0.892099,0.18168399999999998,NOR,GBR,900220
6442748,166,81,9660,2013,20804.0,17335.0,0.3345,0.39063000000000003,NZL,GBR,900220
6442749,167,81,9660,2013,0.0,11997.0,-0.604175,-1.0463209999999998,OMN,GBR,900220
6442750,168,81,9660,2013,0.0,6528.0,-0.75727,0.769703,PAK,GBR,900220
6442751,169,81,9660,2013,0.0,78256.0,0.735637,1.161718,PAN,GBR,900220
6442752,173,81,9660,2013,0.0,1738.0,-0.573852,0.357977,PER,GBR,900220
6442753,174,81,9660,2013,604877.0,10447.0,0.507868,0.355403,PHL,GBR,900220
6442754,176,81,9660,2013,0.0,2057.0,-1.444244,-1.144231,PNG,GBR,900220
6442755,177,81,9660,2013,7589.0,32497.0,1.084332,1.216749,POL,GBR,900220
6442756,179,81,9660,2013,0.0,38563.0,0.541454,2.5228610000000002,PRT,GBR,900220
6442757,183,81,9660,2013,0.0,123010.0,-0.083649,-1.013491,QAT,GBR,900220
6442758,185,81,9660,2013,0.0,21080.0,0.792035,1.225034,ROU,GBR,900220
6442759,186,81,9660,2013,3867.0,151426.0,0.481166,-0.180052,RUS,GBR,900220
6442760,188,81,9660,2013,0.0,126036.0,0.626347,-0.844406,SAU,GBR,900220
6442761,191,81,9660,2013,0.0,2545.0,-0.523662,-0.309101,SEN,GBR,900220
6442762,192,81,9660,2013,26977.0,150308.0,1.915504,0.619576,SGP,GBR,900220
6442763,201,81,9660,2013,0.0,4364.0,0.5717720000000001,1.174901,SRB,GBR,900220
6442764,206,81,9660,2013,0.0,1322.0,1.32064,0.7519819999999999,SVK,GBR,900220
6442765,207,81,9660,2013,2992.0,2874.0,1.698374,0.563082,SVN,GBR,900220
6442766,208,81,9660,2013,499913.0,206690.0,1.869421,0.228109,SWE,GBR,900220
6442767,211,81,9660,2013,0.0,4945.0,0.270999,-0.474095,SYC,GBR,900220
6442768,216,81,9660,2013,0.0,8034.0,0.8752139999999999,1.3798620000000001,THA,GBR,900220
6442769,223,81,9660,2013,12764.0,0.0,0.185528,1.0070700000000001,TUN,GBR,900220
6442770,224,81,9660,2013,56159.0,263050.0,0.42932299999999995,2.690235,TUR,GBR,900220
6442771,228,81,9660,2013,0.0,1483.0,0.657729,0.9063200000000001,UKR,GBR,900220
6442772,230,81,9660,2013,0.0,2081.0,0.20190999999999998,-0.19777999999999998,URY,GBR,900220
6442773,231,81,9660,2013,5484384.0,1981207.0,1.6639689999999998,-0.48651300000000003,USA,GBR,900220
6442774,239,81,9660,2013,3865.0,1249.0,-0.11426900000000001,1.399738,VNM,GBR,900220
6442775,246,81,9660,2013,0.0,50899.0,0.380284,1.5682120000000002,ZAF,GBR,900220
6442776,247,81,9660,2013,0.0,1261.0,-0.382129,-0.5442229999999999,ZMB,GBR,900220
6442777,249,81,9660,2013,20629.0,8447.0,1.843186,0.9432379999999999,TWN,GBR,900220
6442778,15,90,9660,2013,2152.0,0.0,1.7209240000000001,-0.286892,AUT,GRC,900220
6442779,18,90,9660,2013,23977.0,1955.0,1.316207,0.972601,BEL,GRC,900220
6442780,23,90,9660,2013,1351220.0,184891.0,0.5026109999999999,1.674296,BGR,GRC,900220
6442781,41,90,9660,2013,4591.0,0.0,2.2104470000000003,0.5403479999999999,CHE,GRC,900220
6442782,43,90,9660,2013,6463.0,0.0,1.113767,1.477496,CHN,GRC,900220
6442783,58,90,9660,2013,0.0,1665.0,0.502238,0.349608,CYP,GRC,900220
6442784,61,90,9660,2013,162857.0,1597.0,2.093658,-3.4281980000000005,DEU,GRC,900220
6442785,64,90,9660,2013,5696.0,1940.0,1.161835,1.1788450000000001,DNK,GRC,900220
6442786,71,90,9660,2013,16756.0,0.0,0.861698,2.353993,ESP,GRC,900220
6442787,77,90,9660,2013,8921.0,0.0,1.520354,0.022874000000000002,FRA,GRC,900220
6442788,81,90,9660,2013,9707.0,0.0,1.7901259999999999,0.44164,GBR,GRC,900220
6442789,110,90,9660,2013,3579.0,0.0,1.197241,0.633828,ISR,GRC,900220
6442790,111,90,9660,2013,23684.0,0.0,1.289924,0.533436,ITA,GRC,900220
6442791,114,90,9660,2013,0.0,1457.0,2.3993130000000003,-0.564768,JPN,GRC,900220
6442792,162,90,9660,2013,41527.0,1484.0,1.184107,1.249557,NLD,GRC,900220
6442793,185,90,9660,2013,0.0,2790.0,0.792035,1.225034,ROU,GRC,900220
6442794,192,90,9660,2013,0.0,21105.0,1.915504,0.619576,SGP,GRC,900220
6442795,207,90,9660,2013,850.0,0.0,1.698374,0.563082,SVN,GRC,900220
6442796,224,90,9660,2013,2854.0,0.0,0.42932299999999995,2.690235,TUR,GRC,900220
6442797,231,90,9660,2013,19152.0,0.0,1.6639689999999998,-0.48651300000000003,USA,GRC,900220
6442798,61,93,9660,2013,2892.0,0.0,2.093658,-3.4281980000000005,DEU,GTM,900220
6442799,169,93,9660,2013,14228.0,0.0,0.735637,1.161718,PAN,GTM,900220
6442800,231,93,9660,2013,37196.0,0.0,1.6639689999999998,-0.48651300000000003,USA,GTM,900220
6442801,169,96,9660,2013,23898.0,0.0,0.735637,1.161718,PAN,GUY,900220
6442802,231,96,9660,2013,19735.0,0.0,1.6639689999999998,-0.48651300000000003,USA,GUY,900220
6442803,7,97,9660,2013,0.0,24004.0,-0.074047,-0.585168,ARE,HKG,900220
6442804,14,97,9660,2013,1966.0,68465.0,-0.31145700000000004,-0.167628,AUS,HKG,900220
6442805,15,97,9660,2013,7258.0,4289.0,1.7209240000000001,-0.286892,AUT,HKG,900220
6442806,18,97,9660,2013,11519.0,1673.0,1.316207,0.972601,BEL,HKG,900220
6442807,32,97,9660,2013,0.0,7437.0,0.14765899999999998,0.399262,BRA,HKG,900220
6442808,39,97,9660,2013,50486.0,28480.0,0.719649,1.017046,CAN,HKG,900220
6442809,41,97,9660,2013,29858.0,98416.0,2.2104470000000003,0.5403479999999999,CHE,HKG,900220
6442810,43,97,9660,2013,11475901.0,253524.0,1.113767,1.477496,CHN,HKG,900220
6442811,52,97,9660,2013,0.0,1536.0,0.067379,-0.688217,CRI,HKG,900220
6442812,59,97,9660,2013,0.0,5053.0,1.819653,-0.12423800000000002,CZE,HKG,900220
6442813,61,97,9660,2013,6705530.0,81402.0,2.093658,-3.4281980000000005,DEU,HKG,900220
6442814,64,97,9660,2013,10658.0,0.0,1.161835,1.1788450000000001,DNK,HKG,900220
6442815,71,97,9660,2013,0.0,15194.0,0.861698,2.353993,ESP,HKG,900220
6442816,72,97,9660,2013,0.0,47713.0,0.8828940000000001,1.386574,EST,HKG,900220
6442817,74,97,9660,2013,1294.0,20143.0,1.734552,0.8896940000000001,FIN,HKG,900220
6442818,77,97,9660,2013,20334.0,33159.0,1.520354,0.022874000000000002,FRA,HKG,900220
6442819,81,97,9660,2013,516294.0,47109.0,1.7901259999999999,0.44164,GBR,HKG,900220
6442820,102,97,9660,2013,0.0,71207.0,1.506101,0.7279220000000001,HUN,HKG,900220
6442821,103,97,9660,2013,0.0,8264.0,-0.216854,1.415728,IDN,HKG,900220
6442822,104,97,9660,2013,0.0,63526.0,0.215356,2.3916209999999998,IND,HKG,900220
6442823,110,97,9660,2013,77897.0,76428.0,1.197241,0.633828,ISR,HKG,900220
6442824,111,97,9660,2013,60873.0,3899.0,1.289924,0.533436,ITA,HKG,900220
6442825,114,97,9660,2013,6716285.0,94422.0,2.3993130000000003,-0.564768,JPN,HKG,900220
6442826,118,97,9660,2013,0.0,1043.0,-1.054758,-0.872352,KHM,HKG,900220
6442827,121,97,9660,2013,669554.0,24593.0,1.818383,0.75645,KOR,HKG,900220
6442828,132,97,9660,2013,4329.0,1411.0,0.6219439999999999,1.166749,LVA,HKG,900220
6442829,133,97,9660,2013,46251.0,151597.0,0.252209,0.184401,MAC,HKG,900220
6442830,142,97,9660,2013,0.0,38141.0,0.8519760000000001,-0.075869,MLT,HKG,900220
6442831,153,97,9660,2013,176529.0,1001129.0,0.937641,0.747496,MYS,HKG,900220
6442832,162,97,9660,2013,33154.0,14194.0,1.184107,1.249557,NLD,HKG,900220
6442833,163,97,9660,2013,0.0,4986.0,0.892099,0.18168399999999998,NOR,HKG,900220
6442834,164,97,9660,2013,0.0,4051.0,-0.293669,0.677365,NPL,HKG,900220
6442835,166,97,9660,2013,15742.0,68234.0,0.3345,0.39063000000000003,NZL,HKG,900220
6442836,169,97,9660,2013,0.0,9428.0,0.735637,1.161718,PAN,HKG,900220
6442837,174,97,9660,2013,673744.0,2628.0,0.507868,0.355403,PHL,HKG,900220
6442838,177,97,9660,2013,7570.0,5934.0,1.084332,1.216749,POL,HKG,900220
6442839,179,97,9660,2013,0.0,8060.0,0.541454,2.5228610000000002,PRT,HKG,900220
6442840,180,97,9660,2013,0.0,1522.0,-0.566239,-0.9273459999999999,PRY,HKG,900220
6442841,186,97,9660,2013,36902.0,0.0,0.481166,-0.180052,RUS,HKG,900220
6442842,192,97,9660,2013,1715737.0,170038.0,1.915504,0.619576,SGP,HKG,900220
6442843,206,97,9660,2013,0.0,38617.0,1.32064,0.7519819999999999,SVK,HKG,900220
6442844,208,97,9660,2013,59014.0,37837.0,1.869421,0.228109,SWE,HKG,900220
6442845,216,97,9660,2013,4574.0,138419.0,0.8752139999999999,1.3798620000000001,THA,HKG,900220
6442846,223,97,9660,2013,0.0,127456.0,0.185528,1.0070700000000001,TUN,HKG,900220
6442847,224,97,9660,2013,0.0,1980.0,0.42932299999999995,2.690235,TUR,HKG,900220
6442848,226,97,9660,2013,0.0,1633.0,-0.9306770000000001,0.273489,TZA,HKG,900220
6442849,231,97,9660,2013,9067594.0,985003.0,1.6639689999999998,-0.48651300000000003,USA,HKG,900220
6442850,239,97,9660,2013,5623334.0,30613.0,-0.11426900000000001,1.399738,VNM,HKG,900220
6442851,246,97,9660,2013,0.0,19544.0,0.380284,1.5682120000000002,ZAF,HKG,900220
6442852,249,97,9660,2013,2199416.0,155334.0,1.843186,0.9432379999999999,TWN,HKG,900220
6442853,15,102,9660,2013,24908.0,6005.0,1.7209240000000001,-0.286892,AUT,HUN,900220
6442854,18,102,9660,2013,50059.0,11581.0,1.316207,0.972601,BEL,HUN,900220
6442855,39,102,9660,2013,1296.0,0.0,0.719649,1.017046,CAN,HUN,900220
6442856,41,102,9660,2013,5141.0,7450.0,2.2104470000000003,0.5403479999999999,CHE,HUN,900220
6442857,43,102,9660,2013,7646.0,6184.0,1.113767,1.477496,CHN,HUN,900220
6442858,59,102,9660,2013,14384.0,0.0,1.819653,-0.12423800000000002,CZE,HUN,900220
6442859,61,102,9660,2013,193934.0,9048.0,2.093658,-3.4281980000000005,DEU,HUN,900220
6442860,64,102,9660,2013,40595.0,0.0,1.161835,1.1788450000000001,DNK,HUN,900220
6442861,77,102,9660,2013,2814.0,3265.0,1.520354,0.022874000000000002,FRA,HUN,900220
6442862,81,102,9660,2013,27483.0,0.0,1.7901259999999999,0.44164,GBR,HUN,900220
6442863,97,102,9660,2013,71207.0,0.0,0.744383,1.923139,HKG,HUN,900220
6442864,110,102,9660,2013,0.0,934.0,1.197241,0.633828,ISR,HUN,900220
6442865,111,102,9660,2013,12332.0,1877.0,1.289924,0.533436,ITA,HUN,900220
6442866,114,102,9660,2013,51564.0,0.0,2.3993130000000003,-0.564768,JPN,HUN,900220
6442867,115,102,9660,2013,0.0,3615.0,-0.680678,-0.83347,KAZ,HUN,900220
6442868,121,102,9660,2013,5514.0,0.0,1.818383,0.75645,KOR,HUN,900220
6442869,162,102,9660,2013,38736.0,1488.0,1.184107,1.249557,NLD,HUN,900220
6442870,177,102,9660,2013,12806.0,0.0,1.084332,1.216749,POL,HUN,900220
6442871,185,102,9660,2013,1169.0,2087.0,0.792035,1.225034,ROU,HUN,900220
6442872,192,102,9660,2013,0.0,1913.0,1.915504,0.619576,SGP,HUN,900220
6442873,206,102,9660,2013,1651.0,6493.0,1.32064,0.7519819999999999,SVK,HUN,900220
6442874,207,102,9660,2013,1345.0,0.0,1.698374,0.563082,SVN,HUN,900220
6442875,208,102,9660,2013,6922.0,0.0,1.869421,0.228109,SWE,HUN,900220
6442876,231,102,9660,2013,42397.0,13230.0,1.6639689999999998,-0.48651300000000003,USA,HUN,900220
6442877,246,102,9660,2013,1444.0,0.0,0.380284,1.5682120000000002,ZAF,HUN,900220
6442878,249,102,9660,2013,5298.0,0.0,1.843186,0.9432379999999999,TWN,HUN,900220
6442879,7,103,9660,2013,0.0,7106.0,-0.074047,-0.585168,ARE,IDN,900220
6442880,14,103,9660,2013,12440.0,0.0,-0.31145700000000004,-0.167628,AUS,IDN,900220
6442881,24,103,9660,2013,0.0,2065.0,0.249681,-0.6204270000000001,BHR,IDN,900220
6442882,41,103,9660,2013,4235.0,0.0,2.2104470000000003,0.5403479999999999,CHE,IDN,900220
6442883,42,103,9660,2013,0.0,3318.0,-0.260718,-0.38256100000000004,CHL,IDN,900220
6442884,43,103,9660,2013,14321.0,0.0,1.113767,1.477496,CHN,IDN,900220
6442885,61,103,9660,2013,52292.0,1402.0,2.093658,-3.4281980000000005,DEU,IDN,900220
6442886,77,103,9660,2013,13690.0,0.0,1.520354,0.022874000000000002,FRA,IDN,900220
6442887,81,103,9660,2013,14298.0,0.0,1.7901259999999999,0.44164,GBR,IDN,900220
6442888,97,103,9660,2013,8264.0,0.0,0.744383,1.923139,HKG,IDN,900220
6442889,104,103,9660,2013,0.0,7894.0,0.215356,2.3916209999999998,IND,IDN,900220
6442890,114,103,9660,2013,134913.0,2312.0,2.3993130000000003,-0.564768,JPN,IDN,900220
6442891,121,103,9660,2013,20436.0,0.0,1.818383,0.75645,KOR,IDN,900220
6442892,131,103,9660,2013,1885.0,0.0,1.170459,1.150327,LUX,IDN,900220
6442893,138,103,9660,2013,0.0,6748.0,1.048507,0.718932,MEX,IDN,900220
6442894,153,103,9660,2013,0.0,2806.0,0.937641,0.747496,MYS,IDN,900220
6442895,174,103,9660,2013,42086.0,0.0,0.507868,0.355403,PHL,IDN,900220
6442896,182,103,9660,2013,0.0,1538.0,-0.146044,-0.7055359999999999,PYF,IDN,900220
6442897,192,103,9660,2013,955330.0,2747.0,1.915504,0.619576,SGP,IDN,900220
6442898,208,103,9660,2013,5001.0,0.0,1.869421,0.228109,SWE,IDN,900220
6442899,216,103,9660,2013,1065.0,1038.0,0.8752139999999999,1.3798620000000001,THA,IDN,900220
6442900,220,103,9660,2013,0.0,8462.0,-0.376633,-0.73677,TLS,IDN,900220
6442901,231,103,9660,2013,14037.0,2472.0,1.6639689999999998,-0.48651300000000003,USA,IDN,900220
6442902,7,104,9660,2013,15799.0,3920.0,-0.074047,-0.585168,ARE,IND,900220
6442903,8,104,9660,2013,0.0,3947.0,0.20314300000000002,0.494062,ARG,IND,900220
6442904,14,104,9660,2013,2338.0,5478.0,-0.31145700000000004,-0.167628,AUS,IND,900220
6442905,15,104,9660,2013,8958.0,17218.0,1.7209240000000001,-0.286892,AUT,IND,900220
6442906,18,104,9660,2013,12796.0,1003.0,1.316207,0.972601,BEL,IND,900220
6442907,23,104,9660,2013,1096.0,0.0,0.5026109999999999,1.674296,BGR,IND,900220
6442908,24,104,9660,2013,0.0,281389.0,0.249681,-0.6204270000000001,BHR,IND,900220
6442909,37,104,9660,2013,0.0,4162.0,-0.46761499999999995,-1.0842040000000002,BWA,IND,900220
6442910,39,104,9660,2013,21466.0,0.0,0.719649,1.017046,CAN,IND,900220
6442911,41,104,9660,2013,9370.0,0.0,2.2104470000000003,0.5403479999999999,CHE,IND,900220
6442912,43,104,9660,2013,34991.0,13669.0,1.113767,1.477496,CHN,IND,900220
6442913,58,104,9660,2013,0.0,1363.0,0.502238,0.349608,CYP,IND,900220
6442914,61,104,9660,2013,344865.0,55178.0,2.093658,-3.4281980000000005,DEU,IND,900220
6442915,64,104,9660,2013,39113.0,0.0,1.161835,1.1788450000000001,DNK,IND,900220
6442916,74,104,9660,2013,2139.0,0.0,1.734552,0.8896940000000001,FIN,IND,900220
6442917,77,104,9660,2013,197589.0,4050.0,1.520354,0.022874000000000002,FRA,IND,900220
6442918,81,104,9660,2013,91884.0,34245.0,1.7901259999999999,0.44164,GBR,IND,900220
6442919,97,104,9660,2013,63526.0,0.0,0.744383,1.923139,HKG,IND,900220
6442920,103,104,9660,2013,7894.0,0.0,-0.216854,1.415728,IDN,IND,900220
6442921,110,104,9660,2013,9897.0,0.0,1.197241,0.633828,ISR,IND,900220
6442922,111,104,9660,2013,3458.0,0.0,1.289924,0.533436,ITA,IND,900220
6442923,113,104,9660,2013,0.0,29278.0,0.152659,0.5889979999999999,JOR,IND,900220
6442924,114,104,9660,2013,74699.0,6116.0,2.3993130000000003,-0.564768,JPN,IND,900220
6442925,116,104,9660,2013,0.0,1800.0,-0.448112,0.8672719999999999,KEN,IND,900220
6442926,121,104,9660,2013,37177.0,0.0,1.818383,0.75645,KOR,IND,900220
6442927,122,104,9660,2013,0.0,1607.0,-0.536384,-1.08382,KWT,IND,900220
6442928,128,104,9660,2013,0.0,17903.0,-0.6521779999999999,0.41258599999999995,LKA,IND,900220
6442929,153,104,9660,2013,0.0,4107.0,0.937641,0.747496,MYS,IND,900220
6442930,159,104,9660,2013,0.0,3594.0,-1.745783,-1.1356680000000001,NGA,IND,900220
6442931,162,104,9660,2013,11582.0,0.0,1.184107,1.249557,NLD,IND,900220
6442932,164,104,9660,2013,0.0,17454.0,-0.293669,0.677365,NPL,IND,900220
6442933,174,104,9660,2013,75577.0,0.0,0.507868,0.355403,PHL,IND,900220
6442934,177,104,9660,2013,2246.0,8508.0,1.084332,1.216749,POL,IND,900220
6442935,183,104,9660,2013,0.0,54331.0,-0.083649,-1.013491,QAT,IND,900220
6442936,186,104,9660,2013,4732.0,0.0,0.481166,-0.180052,RUS,IND,900220
6442937,190,104,9660,2013,0.0,4859.0,-1.254944,-1.073564,SDN,IND,900220
6442938,192,104,9660,2013,301662.0,11804.0,1.915504,0.619576,SGP,IND,900220
6442939,207,104,9660,2013,2487.0,0.0,1.698374,0.563082,SVN,IND,900220
6442940,208,104,9660,2013,6249.0,0.0,1.869421,0.228109,SWE,IND,900220
6442941,211,104,9660,2013,0.0,7304.0,0.270999,-0.474095,SYC,IND,900220
6442942,216,104,9660,2013,8155.0,6936.0,0.8752139999999999,1.3798620000000001,THA,IND,900220
6442943,224,104,9660,2013,2048.0,0.0,0.42932299999999995,2.690235,TUR,IND,900220
6442944,226,104,9660,2013,0.0,2186.0,-0.9306770000000001,0.273489,TZA,IND,900220
6442945,227,104,9660,2013,0.0,1150.0,-0.5462279999999999,0.200682,UGA,IND,900220
6442946,228,104,9660,2013,2364.0,0.0,0.657729,0.9063200000000001,UKR,IND,900220
6442947,231,104,9660,2013,1052723.0,13132.0,1.6639689999999998,-0.48651300000000003,USA,IND,900220
6442948,243,104,9660,2013,0.0,14395.0,-1.252605,-1.207324,YEM,IND,900220
6442949,247,104,9660,2013,0.0,10067.0,-0.382129,-0.5442229999999999,ZMB,IND,900220
6442950,249,104,9660,2013,1084.0,0.0,1.843186,0.9432379999999999,TWN,IND,900220
6442951,14,110,9660,2013,0.0,4163.0,-0.31145700000000004,-0.167628,AUS,ISR,900220
6442952,15,110,9660,2013,1631.0,25151.0,1.7209240000000001,-0.286892,AUT,ISR,900220
6442953,18,110,9660,2013,14440.0,4420.0,1.316207,0.972601,BEL,ISR,900220
6442954,23,110,9660,2013,856.0,4551.0,0.5026109999999999,1.674296,BGR,ISR,900220
6442955,32,110,9660,2013,0.0,20030.0,0.14765899999999998,0.399262,BRA,ISR,900220
6442956,37,110,9660,2013,0.0,15843.0,-0.46761499999999995,-1.0842040000000002,BWA,ISR,900220
6442957,39,110,9660,2013,3885.0,47758.0,0.719649,1.017046,CAN,ISR,900220
6442958,41,110,9660,2013,42733.0,8308.0,2.2104470000000003,0.5403479999999999,CHE,ISR,900220
6442959,42,110,9660,2013,0.0,877.0,-0.260718,-0.38256100000000004,CHL,ISR,900220
6442960,43,110,9660,2013,28711.0,885.0,1.113767,1.477496,CHN,ISR,900220
6442961,58,110,9660,2013,0.0,989.0,0.502238,0.349608,CYP,ISR,900220
6442962,59,110,9660,2013,234848.0,4045.0,1.819653,-0.12423800000000002,CZE,ISR,900220
6442963,61,110,9660,2013,245697.0,117167.0,2.093658,-3.4281980000000005,DEU,ISR,900220
6442964,64,110,9660,2013,426212.0,10716.0,1.161835,1.1788450000000001,DNK,ISR,900220
6442965,71,110,9660,2013,967.0,0.0,0.861698,2.353993,ESP,ISR,900220
6442966,74,110,9660,2013,0.0,830.0,1.734552,0.8896940000000001,FIN,ISR,900220
6442967,77,110,9660,2013,4654.0,30215.0,1.520354,0.022874000000000002,FRA,ISR,900220
6442968,81,110,9660,2013,114291.0,15418.0,1.7901259999999999,0.44164,GBR,ISR,900220
6442969,90,110,9660,2013,0.0,3579.0,0.18823800000000002,0.910906,GRC,ISR,900220
6442970,97,110,9660,2013,76428.0,77897.0,0.744383,1.923139,HKG,ISR,900220
6442971,102,110,9660,2013,934.0,0.0,1.506101,0.7279220000000001,HUN,ISR,900220
6442972,104,110,9660,2013,0.0,9897.0,0.215356,2.3916209999999998,IND,ISR,900220
6442973,106,110,9660,2013,11005.0,0.0,1.29988,0.240688,IRL,ISR,900220
6442974,111,110,9660,2013,3952.0,5554.0,1.289924,0.533436,ITA,ISR,900220
6442975,114,110,9660,2013,210278.0,32422.0,2.3993130000000003,-0.564768,JPN,ISR,900220
6442976,121,110,9660,2013,77046.0,45642.0,1.818383,0.75645,KOR,ISR,900220
6442977,128,110,9660,2013,0.0,3478.0,-0.6521779999999999,0.41258599999999995,LKA,ISR,900220
6442978,130,110,9660,2013,4238.0,0.0,0.737796,1.215543,LTU,ISR,900220
6442979,133,110,9660,2013,19568.0,0.0,0.252209,0.184401,MAC,ISR,900220
6442980,138,110,9660,2013,0.0,8552.0,1.048507,0.718932,MEX,ISR,900220
6442981,162,110,9660,2013,69990.0,12073.0,1.184107,1.249557,NLD,ISR,900220
6442982,163,110,9660,2013,0.0,6521.0,0.892099,0.18168399999999998,NOR,ISR,900220
6442983,177,110,9660,2013,1766.0,0.0,1.084332,1.216749,POL,ISR,900220
6442984,185,110,9660,2013,5505.0,0.0,0.792035,1.225034,ROU,ISR,900220
6442985,186,110,9660,2013,10768.0,8562.0,0.481166,-0.180052,RUS,ISR,900220
6442986,192,110,9660,2013,22618.0,63855.0,1.915504,0.619576,SGP,ISR,900220
6442987,208,110,9660,2013,13624.0,15993.0,1.869421,0.228109,SWE,ISR,900220
6442988,209,110,9660,2013,0.0,625.0,0.109267,-0.275005,SWZ,ISR,900220
6442989,216,110,9660,2013,0.0,1035.0,0.8752139999999999,1.3798620000000001,THA,ISR,900220
6442990,224,110,9660,2013,0.0,346117.0,0.42932299999999995,2.690235,TUR,ISR,900220
6442991,231,110,9660,2013,1112360.0,359965.0,1.6639689999999998,-0.48651300000000003,USA,ISR,900220
6442992,239,110,9660,2013,2927.0,0.0,-0.11426900000000001,1.399738,VNM,ISR,900220
6442993,246,110,9660,2013,0.0,9733.0,0.380284,1.5682120000000002,ZAF,ISR,900220
6442994,247,110,9660,2013,0.0,3256.0,-0.382129,-0.5442229999999999,ZMB,ISR,900220
6442995,249,110,9660,2013,6150.0,64611.0,1.843186,0.9432379999999999,TWN,ISR,900220
6442996,250,110,9660,2013,0.0,1000.0,0.628555,0.277602,ANS,ISR,900220
6442997,2,111,9660,2013,0.0,1616.0,-1.172043,-1.133735,AGO,ITA,900220
6442998,7,111,9660,2013,0.0,30807.0,-0.074047,-0.585168,ARE,ITA,900220
6442999,14,111,9660,2013,2382.0,8281.0,-0.31145700000000004,-0.167628,AUS,ITA,900220
6443000,15,111,9660,2013,19076.0,54314.0,1.7209240000000001,-0.286892,AUT,ITA,900220
6443001,18,111,9660,2013,177226.0,1368.0,1.316207,0.972601,BEL,ITA,900220
6443002,23,111,9660,2013,0.0,1051.0,0.5026109999999999,1.674296,BGR,ITA,900220
6443003,24,111,9660,2013,0.0,52003.0,0.249681,-0.6204270000000001,BHR,ITA,900220
6443004,28,111,9660,2013,0.0,3201.0,1.036923,0.864568,BLR,ITA,900220
6443005,32,111,9660,2013,0.0,4017.0,0.14765899999999998,0.399262,BRA,ITA,900220
6443006,39,111,9660,2013,7765.0,4871.0,0.719649,1.017046,CAN,ITA,900220
6443007,41,111,9660,2013,101270.0,54531.0,2.2104470000000003,0.5403479999999999,CHE,ITA,900220
6443008,42,111,9660,2013,0.0,8366.0,-0.260718,-0.38256100000000004,CHL,ITA,900220
6443009,43,111,9660,2013,158511.0,130779.0,1.113767,1.477496,CHN,ITA,900220
6443010,44,111,9660,2013,0.0,2602.0,-0.923558,-0.866642,CIV,ITA,900220
6443011,59,111,9660,2013,1478.0,2613.0,1.819653,-0.12423800000000002,CZE,ITA,900220
6443012,61,111,9660,2013,1135886.0,295040.0,2.093658,-3.4281980000000005,DEU,ITA,900220
6443013,64,111,9660,2013,207030.0,16607.0,1.161835,1.1788450000000001,DNK,ITA,900220
6443014,66,111,9660,2013,0.0,4119.0,-1.373947,-1.1523459999999999,DZA,ITA,900220
6443015,68,111,9660,2013,10205.0,37914.0,-0.17418,1.692641,EGY,ITA,900220
6443016,71,111,9660,2013,119858.0,66716.0,0.861698,2.353993,ESP,ITA,900220
6443017,77,111,9660,2013,116136.0,149728.0,1.520354,0.022874000000000002,FRA,ITA,900220
6443018,81,111,9660,2013,219777.0,2041.0,1.7901259999999999,0.44164,GBR,ITA,900220
6443019,90,111,9660,2013,0.0,23684.0,0.18823800000000002,0.910906,GRC,ITA,900220
6443020,97,111,9660,2013,3899.0,60873.0,0.744383,1.923139,HKG,ITA,900220
6443021,100,111,9660,2013,0.0,21228.0,0.898284,1.038807,HRV,ITA,900220
6443022,102,111,9660,2013,1877.0,12332.0,1.506101,0.7279220000000001,HUN,ITA,900220
6443023,104,111,9660,2013,0.0,3458.0,0.215356,2.3916209999999998,IND,ITA,900220
6443024,106,111,9660,2013,13784.0,1629.0,1.29988,0.240688,IRL,ITA,900220
6443025,110,111,9660,2013,5554.0,3952.0,1.197241,0.633828,ISR,ITA,900220
6443026,114,111,9660,2013,127041.0,32737.0,2.3993130000000003,-0.564768,JPN,ITA,900220
6443027,115,111,9660,2013,0.0,8777.0,-0.680678,-0.83347,KAZ,ITA,900220
6443028,121,111,9660,2013,152913.0,4065.0,1.818383,0.75645,KOR,ITA,900220
6443029,122,111,9660,2013,0.0,40960.0,-0.536384,-1.08382,KWT,ITA,900220
6443030,124,111,9660,2013,0.0,18593.0,0.283084,1.4289100000000001,LBN,ITA,900220
6443031,126,111,9660,2013,0.0,2881.0,-1.6241459999999999,-1.1817950000000002,LBY,ITA,900220
6443032,130,111,9660,2013,1757.0,0.0,0.737796,1.215543,LTU,ITA,900220
6443033,131,111,9660,2013,0.0,1048.0,1.170459,1.150327,LUX,ITA,900220
6443034,134,111,9660,2013,0.0,4022.0,-0.6494260000000001,-0.035075999999999996,MAR,ITA,900220
6443035,138,111,9660,2013,0.0,7720.0,1.048507,0.718932,MEX,ITA,900220
6443036,142,111,9660,2013,0.0,7071.0,0.8519760000000001,-0.075869,MLT,ITA,900220
6443037,153,111,9660,2013,4397.0,1745.0,0.937641,0.747496,MYS,ITA,900220
6443038,162,111,9660,2013,304184.0,10674.0,1.184107,1.249557,NLD,ITA,900220
6443039,163,111,9660,2013,8121.0,10486.0,0.892099,0.18168399999999998,NOR,ITA,900220
6443040,167,111,9660,2013,0.0,13167.0,-0.604175,-1.0463209999999998,OMN,ITA,900220
6443041,169,111,9660,2013,0.0,2136.0,0.735637,1.161718,PAN,ITA,900220
6443042,173,111,9660,2013,0.0,18359.0,-0.573852,0.357977,PER,ITA,900220
6443043,174,111,9660,2013,0.0,1616.0,0.507868,0.355403,PHL,ITA,900220
6443044,177,111,9660,2013,2047.0,97845.0,1.084332,1.216749,POL,ITA,900220
6443045,179,111,9660,2013,0.0,24053.0,0.541454,2.5228610000000002,PRT,ITA,900220
6443046,183,111,9660,2013,0.0,2661.0,-0.083649,-1.013491,QAT,ITA,900220
6443047,185,111,9660,2013,0.0,268908.0,0.792035,1.225034,ROU,ITA,900220
6443048,186,111,9660,2013,6823.0,94405.0,0.481166,-0.180052,RUS,ITA,900220
6443049,188,111,9660,2013,0.0,17134.0,0.626347,-0.844406,SAU,ITA,900220
6443050,192,111,9660,2013,1003.0,59326.0,1.915504,0.619576,SGP,ITA,900220
6443051,206,111,9660,2013,2705.0,14794.0,1.32064,0.7519819999999999,SVK,ITA,900220
6443052,207,111,9660,2013,7742.0,13151.0,1.698374,0.563082,SVN,ITA,900220
6443053,208,111,9660,2013,13147.0,79108.0,1.869421,0.228109,SWE,ITA,900220
6443054,216,111,9660,2013,0.0,29539.0,0.8752139999999999,1.3798620000000001,THA,ITA,900220
6443055,223,111,9660,2013,2129536.0,153170.0,0.185528,1.0070700000000001,TUN,ITA,900220
6443056,224,111,9660,2013,0.0,9036.0,0.42932299999999995,2.690235,TUR,ITA,900220
6443057,228,111,9660,2013,0.0,1696.0,0.657729,0.9063200000000001,UKR,ITA,900220
6443058,230,111,9660,2013,0.0,1445.0,0.20190999999999998,-0.19777999999999998,URY,ITA,900220
6443059,231,111,9660,2013,584671.0,158221.0,1.6639689999999998,-0.48651300000000003,USA,ITA,900220
6443060,239,111,9660,2013,1264.0,4511.0,-0.11426900000000001,1.399738,VNM,ITA,900220
6443061,246,111,9660,2013,2195.0,5549.0,0.380284,1.5682120000000002,ZAF,ITA,900220
6443062,247,111,9660,2013,0.0,4412.0,-0.382129,-0.5442229999999999,ZMB,ITA,900220
6443063,249,111,9660,2013,13135.0,34154.0,1.843186,0.9432379999999999,TWN,ITA,900220
6443064,169,112,9660,2013,14290.0,0.0,0.735637,1.161718,PAN,JAM,900220
6443065,231,112,9660,2013,13675.0,0.0,1.6639689999999998,-0.48651300000000003,USA,JAM,900220
6443066,7,113,9660,2013,8404.0,0.0,-0.074047,-0.585168,ARE,JOR,900220
6443067,18,113,9660,2013,3888.0,0.0,1.316207,0.972601,BEL,JOR,900220
6443068,61,113,9660,2013,13461.0,0.0,2.093658,-3.4281980000000005,DEU,JOR,900220
6443069,81,113,9660,2013,16927.0,0.0,1.7901259999999999,0.44164,GBR,JOR,900220
6443070,104,113,9660,2013,29278.0,0.0,0.215356,2.3916209999999998,IND,JOR,900220
6443071,114,113,9660,2013,3180.0,0.0,2.3993130000000003,-0.564768,JPN,JOR,900220
6443072,122,113,9660,2013,0.0,3358.0,-0.536384,-1.08382,KWT,JOR,900220
6443073,231,113,9660,2013,5858.0,0.0,1.6639689999999998,-0.48651300000000003,USA,JOR,900220
6443074,7,121,9660,2013,0.0,60559.0,-0.074047,-0.585168,ARE,KOR,900220
6443075,14,121,9660,2013,8406.0,8658.0,-0.31145700000000004,-0.167628,AUS,KOR,900220
6443076,15,121,9660,2013,11211.0,2668.0,1.7209240000000001,-0.286892,AUT,KOR,900220
6443077,18,121,9660,2013,1731.0,0.0,1.316207,0.972601,BEL,KOR,900220
6443078,32,121,9660,2013,0.0,1935.0,0.14765899999999998,0.399262,BRA,KOR,900220
6443079,33,121,9660,2013,0.0,2265.0,0.6969489999999999,0.135283,BRB,KOR,900220
6443080,39,121,9660,2013,26321.0,26554.0,0.719649,1.017046,CAN,KOR,900220
6443081,41,121,9660,2013,0.0,1912.0,2.2104470000000003,0.5403479999999999,CHE,KOR,900220
6443082,43,121,9660,2013,2947106.0,16267233.0,1.113767,1.477496,CHN,KOR,900220
6443083,52,121,9660,2013,0.0,852.0,0.067379,-0.688217,CRI,KOR,900220
6443084,59,121,9660,2013,1277.0,2554.0,1.819653,-0.12423800000000002,CZE,KOR,900220
6443085,61,121,9660,2013,1547235.0,136704.0,2.093658,-3.4281980000000005,DEU,KOR,900220
6443086,64,121,9660,2013,7263.0,0.0,1.161835,1.1788450000000001,DNK,KOR,900220
6443087,68,121,9660,2013,0.0,813460.0,-0.17418,1.692641,EGY,KOR,900220
6443088,77,121,9660,2013,34436.0,5319.0,1.520354,0.022874000000000002,FRA,KOR,900220
6443089,81,121,9660,2013,113259.0,16166.0,1.7901259999999999,0.44164,GBR,KOR,900220
6443090,83,121,9660,2013,0.0,302572.0,-0.7316010000000001,-0.5327689999999999,GHA,KOR,900220
6443091,85,121,9660,2013,0.0,3557.0,-1.1287459999999998,-1.069735,GIN,KOR,900220
6443092,97,121,9660,2013,24593.0,669554.0,0.744383,1.923139,HKG,KOR,900220
6443093,102,121,9660,2013,0.0,5514.0,1.506101,0.7279220000000001,HUN,KOR,900220
6443094,103,121,9660,2013,0.0,20436.0,-0.216854,1.415728,IDN,KOR,900220
6443095,104,121,9660,2013,0.0,37177.0,0.215356,2.3916209999999998,IND,KOR,900220
6443096,106,121,9660,2013,0.0,2637.0,1.29988,0.240688,IRL,KOR,900220
6443097,110,121,9660,2013,45642.0,77046.0,1.197241,0.633828,ISR,KOR,900220
6443098,111,121,9660,2013,4065.0,152913.0,1.289924,0.533436,ITA,KOR,900220
6443099,114,121,9660,2013,11104008.0,481926.0,2.3993130000000003,-0.564768,JPN,KOR,900220
6443100,115,121,9660,2013,0.0,71131.0,-0.680678,-0.83347,KAZ,KOR,900220
6443101,116,121,9660,2013,0.0,1768.0,-0.448112,0.8672719999999999,KEN,KOR,900220
6443102,122,121,9660,2013,0.0,17771.0,-0.536384,-1.08382,KWT,KOR,900220
6443103,123,121,9660,2013,0.0,32540.0,-1.204446,-0.8571489999999999,LAO,KOR,900220
6443104,130,121,9660,2013,6857.0,0.0,0.737796,1.215543,LTU,KOR,900220
6443105,138,121,9660,2013,0.0,4986318.0,1.048507,0.718932,MEX,KOR,900220
6443106,142,121,9660,2013,1591.0,0.0,0.8519760000000001,-0.075869,MLT,KOR,900220
6443107,153,121,9660,2013,260095.0,21833.0,0.937641,0.747496,MYS,KOR,900220
6443108,162,121,9660,2013,3646848.0,345289.0,1.184107,1.249557,NLD,KOR,900220
6443109,163,121,9660,2013,0.0,5812.0,0.892099,0.18168399999999998,NOR,KOR,900220
6443110,166,121,9660,2013,0.0,20971.0,0.3345,0.39063000000000003,NZL,KOR,900220
6443111,169,121,9660,2013,0.0,9374.0,0.735637,1.161718,PAN,KOR,900220
6443112,174,121,9660,2013,1057698.0,7900738.0,0.507868,0.355403,PHL,KOR,900220
6443113,177,121,9660,2013,1304.0,3684528.0,1.084332,1.216749,POL,KOR,900220
6443114,183,121,9660,2013,0.0,83399.0,-0.083649,-1.013491,QAT,KOR,900220
6443115,185,121,9660,2013,0.0,2213.0,0.792035,1.225034,ROU,KOR,900220
6443116,186,121,9660,2013,0.0,10569.0,0.481166,-0.180052,RUS,KOR,900220
6443117,188,121,9660,2013,0.0,46892.0,0.626347,-0.844406,SAU,KOR,900220
6443118,192,121,9660,2013,104959.0,183578.0,1.915504,0.619576,SGP,KOR,900220
6443119,206,121,9660,2013,0.0,24317.0,1.32064,0.7519819999999999,SVK,KOR,900220
6443120,207,121,9660,2013,1039.0,0.0,1.698374,0.563082,SVN,KOR,900220
6443121,208,121,9660,2013,7960.0,0.0,1.869421,0.228109,SWE,KOR,900220
6443122,216,121,9660,2013,323758.0,13718.0,0.8752139999999999,1.3798620000000001,THA,KOR,900220
6443123,224,121,9660,2013,0.0,48793.0,0.42932299999999995,2.690235,TUR,KOR,900220
6443124,231,121,9660,2013,2707364.0,3429691.0,1.6639689999999998,-0.48651300000000003,USA,KOR,900220
6443125,239,121,9660,2013,328734.0,9551633.0,-0.11426900000000001,1.399738,VNM,KOR,900220
6443126,246,121,9660,2013,0.0,3000.0,0.380284,1.5682120000000002,ZAF,KOR,900220
6443127,249,121,9660,2013,3066951.0,1123814.0,1.843186,0.9432379999999999,TWN,KOR,900220
6443128,7,122,9660,2013,24126.0,18418.0,-0.074047,-0.585168,ARE,KWT,900220
6443129,14,122,9660,2013,1782.0,0.0,-0.31145700000000004,-0.167628,AUS,KWT,900220
6443130,24,122,9660,2013,8639.0,18744.0,0.249681,-0.6204270000000001,BHR,KWT,900220
6443131,39,122,9660,2013,908.0,0.0,0.719649,1.017046,CAN,KWT,900220
6443132,41,122,9660,2013,2352.0,0.0,2.2104470000000003,0.5403479999999999,CHE,KWT,900220
6443133,43,122,9660,2013,56821.0,0.0,1.113767,1.477496,CHN,KWT,900220
6443134,59,122,9660,2013,2393.0,0.0,1.819653,-0.12423800000000002,CZE,KWT,900220
6443135,61,122,9660,2013,21700.0,0.0,2.093658,-3.4281980000000005,DEU,KWT,900220
6443136,74,122,9660,2013,1261.0,0.0,1.734552,0.8896940000000001,FIN,KWT,900220
6443137,77,122,9660,2013,11777.0,0.0,1.520354,0.022874000000000002,FRA,KWT,900220
6443138,81,122,9660,2013,17353.0,0.0,1.7901259999999999,0.44164,GBR,KWT,900220
6443139,104,122,9660,2013,1607.0,0.0,0.215356,2.3916209999999998,IND,KWT,900220
6443140,108,122,9660,2013,0.0,1870.0,-2.839079,-0.8705440000000001,IRQ,KWT,900220
6443141,111,122,9660,2013,40960.0,0.0,1.289924,0.533436,ITA,KWT,900220
6443142,113,122,9660,2013,3358.0,0.0,0.152659,0.5889979999999999,JOR,KWT,900220
6443143,114,122,9660,2013,75476.0,0.0,2.3993130000000003,-0.564768,JPN,KWT,900220
6443144,121,122,9660,2013,17771.0,0.0,1.818383,0.75645,KOR,KWT,900220
6443145,124,122,9660,2013,3236.0,0.0,0.283084,1.4289100000000001,LBN,KWT,900220
6443146,162,122,9660,2013,13158.0,0.0,1.184107,1.249557,NLD,KWT,900220
6443147,174,122,9660,2013,5589.0,2808.0,0.507868,0.355403,PHL,KWT,900220
6443148,188,122,9660,2013,1261778.0,296431.0,0.626347,-0.844406,SAU,KWT,900220
6443149,216,122,9660,2013,138135.0,0.0,0.8752139999999999,1.3798620000000001,THA,KWT,900220
6443150,224,122,9660,2013,2915.0,0.0,0.42932299999999995,2.690235,TUR,KWT,900220
6443151,231,122,9660,2013,17009.0,0.0,1.6639689999999998,-0.48651300000000003,USA,KWT,900220
6443152,249,122,9660,2013,53870.0,0.0,1.843186,0.9432379999999999,TWN,KWT,900220
6443153,7,138,9660,2013,0.0,14954.0,-0.074047,-0.585168,ARE,MEX,900220
6443154,8,138,9660,2013,0.0,1061.0,0.20314300000000002,0.494062,ARG,MEX,900220
6443155,14,138,9660,2013,3640.0,1713.0,-0.31145700000000004,-0.167628,AUS,MEX,900220
6443156,18,138,9660,2013,165059.0,0.0,1.316207,0.972601,BEL,MEX,900220
6443157,24,138,9660,2013,0.0,779.0,0.249681,-0.6204270000000001,BHR,MEX,900220
6443158,39,138,9660,2013,1625.0,3457.0,0.719649,1.017046,CAN,MEX,900220
6443159,41,138,9660,2013,93524.0,0.0,2.2104470000000003,0.5403479999999999,CHE,MEX,900220
6443160,43,138,9660,2013,350232.0,0.0,1.113767,1.477496,CHN,MEX,900220
6443161,49,138,9660,2013,0.0,12608.0,0.121799,-0.388239,COL,MEX,900220
6443162,54,138,9660,2013,0.0,8771.0,-0.019956,-0.7873319999999999,CUB,MEX,900220
6443163,59,138,9660,2013,1721.0,0.0,1.819653,-0.12423800000000002,CZE,MEX,900220
6443164,61,138,9660,2013,77084.0,0.0,2.093658,-3.4281980000000005,DEU,MEX,900220
6443165,64,138,9660,2013,5855.0,0.0,1.161835,1.1788450000000001,DNK,MEX,900220
6443166,71,138,9660,2013,3114.0,0.0,0.861698,2.353993,ESP,MEX,900220
6443167,74,138,9660,2013,1683.0,0.0,1.734552,0.8896940000000001,FIN,MEX,900220
6443168,81,138,9660,2013,11951.0,3325.0,1.7901259999999999,0.44164,GBR,MEX,900220
6443169,103,138,9660,2013,6748.0,0.0,-0.216854,1.415728,IDN,MEX,900220
6443170,110,138,9660,2013,8552.0,0.0,1.197241,0.633828,ISR,MEX,900220
6443171,111,138,9660,2013,7720.0,0.0,1.289924,0.533436,ITA,MEX,900220
6443172,114,138,9660,2013,401330.0,1608.0,2.3993130000000003,-0.564768,JPN,MEX,900220
6443173,115,138,9660,2013,0.0,14379.0,-0.680678,-0.83347,KAZ,MEX,900220
6443174,121,138,9660,2013,4986318.0,0.0,1.818383,0.75645,KOR,MEX,900220
6443175,153,138,9660,2013,4446.0,0.0,0.937641,0.747496,MYS,MEX,900220
6443176,162,138,9660,2013,1743.0,0.0,1.184107,1.249557,NLD,MEX,900220
6443177,169,138,9660,2013,0.0,931639.0,0.735637,1.161718,PAN,MEX,900220
6443178,174,138,9660,2013,11704.0,0.0,0.507868,0.355403,PHL,MEX,900220
6443179,177,138,9660,2013,0.0,4396.0,1.084332,1.216749,POL,MEX,900220
6443180,183,138,9660,2013,0.0,2986.0,-0.083649,-1.013491,QAT,MEX,900220
6443181,185,138,9660,2013,0.0,76696.0,0.792035,1.225034,ROU,MEX,900220
6443182,192,138,9660,2013,21935.0,2552.0,1.915504,0.619576,SGP,MEX,900220
6443183,223,138,9660,2013,110489.0,0.0,0.185528,1.0070700000000001,TUN,MEX,900220
6443184,231,138,9660,2013,3363910.0,122103.0,1.6639689999999998,-0.48651300000000003,USA,MEX,900220
6443185,236,138,9660,2013,0.0,2778.0,-0.778172,-1.107059,VEN,MEX,900220
6443186,14,153,9660,2013,45862.0,125621.0,-0.31145700000000004,-0.167628,AUS,MYS,900220
6443187,15,153,9660,2013,11958.0,0.0,1.7209240000000001,-0.286892,AUT,MYS,900220
6443188,18,153,9660,2013,1457.0,1719.0,1.316207,0.972601,BEL,MYS,900220
6443189,24,153,9660,2013,0.0,1788.0,0.249681,-0.6204270000000001,BHR,MYS,900220
6443190,32,153,9660,2013,0.0,1914.0,0.14765899999999998,0.399262,BRA,MYS,900220
6443191,34,153,9660,2013,0.0,3119.0,-0.866827,-0.795995,BRN,MYS,900220
6443192,39,153,9660,2013,11308.0,3915.0,0.719649,1.017046,CAN,MYS,900220
6443193,41,153,9660,2013,23628.0,13678.0,2.2104470000000003,0.5403479999999999,CHE,MYS,900220
6443194,43,153,9660,2013,130549.0,7672.0,1.113767,1.477496,CHN,MYS,900220
6443195,61,153,9660,2013,68770.0,43054.0,2.093658,-3.4281980000000005,DEU,MYS,900220
6443196,64,153,9660,2013,3524.0,0.0,1.161835,1.1788450000000001,DNK,MYS,900220
6443197,73,153,9660,2013,0.0,1370.0,-1.264002,-0.9594219999999999,ETH,MYS,900220
6443198,77,153,9660,2013,48571.0,2387.0,1.520354,0.022874000000000002,FRA,MYS,900220
6443199,81,153,9660,2013,89619.0,0.0,1.7901259999999999,0.44164,GBR,MYS,900220
6443200,97,153,9660,2013,1001129.0,176529.0,0.744383,1.923139,HKG,MYS,900220
6443201,103,153,9660,2013,2806.0,0.0,-0.216854,1.415728,IDN,MYS,900220
6443202,104,153,9660,2013,4107.0,0.0,0.215356,2.3916209999999998,IND,MYS,900220
6443203,111,153,9660,2013,1745.0,4397.0,1.289924,0.533436,ITA,MYS,900220
6443204,114,153,9660,2013,248409.0,26591.0,2.3993130000000003,-0.564768,JPN,MYS,900220
6443205,121,153,9660,2013,21833.0,260095.0,1.818383,0.75645,KOR,MYS,900220
6443206,138,153,9660,2013,0.0,4446.0,1.048507,0.718932,MEX,MYS,900220
6443207,143,153,9660,2013,0.0,2662.0,-1.230787,-0.737375,MMR,MYS,900220
6443208,162,153,9660,2013,24569.0,0.0,1.184107,1.249557,NLD,MYS,900220
6443209,163,153,9660,2013,0.0,1910.0,0.892099,0.18168399999999998,NOR,MYS,900220
6443210,166,153,9660,2013,0.0,4034.0,0.3345,0.39063000000000003,NZL,MYS,900220
6443211,174,153,9660,2013,52516.0,220387.0,0.507868,0.355403,PHL,MYS,900220
6443212,183,153,9660,2013,0.0,9918.0,-0.083649,-1.013491,QAT,MYS,900220
6443213,186,153,9660,2013,0.0,16903.0,0.481166,-0.180052,RUS,MYS,900220
6443214,188,153,9660,2013,0.0,18915.0,0.626347,-0.844406,SAU,MYS,900220
6443215,192,153,9660,2013,684930.0,1008632.0,1.915504,0.619576,SGP,MYS,900220
6443216,195,153,9660,2013,0.0,1589.0,-0.9350860000000001,-0.877676,SLB,MYS,900220
6443217,206,153,9660,2013,5104.0,0.0,1.32064,0.7519819999999999,SVK,MYS,900220
6443218,208,153,9660,2013,3992.0,0.0,1.869421,0.228109,SWE,MYS,900220
6443219,216,153,9660,2013,75389.0,86121.0,0.8752139999999999,1.3798620000000001,THA,MYS,900220
6443220,231,153,9660,2013,1165658.0,94987.0,1.6639689999999998,-0.48651300000000003,USA,MYS,900220
6443221,239,153,9660,2013,475023.0,10386.0,-0.11426900000000001,1.399738,VNM,MYS,900220
6443222,246,153,9660,2013,0.0,2847.0,0.380284,1.5682120000000002,ZAF,MYS,900220
6443223,249,153,9660,2013,102478.0,15898.0,1.843186,0.9432379999999999,TWN,MYS,900220
6443224,0,162,9660,2013,0.0,4676.0,0.913235,-0.149061,ABW,NLD,900220
6443225,7,162,9660,2013,0.0,28400.0,-0.074047,-0.585168,ARE,NLD,900220
6443226,14,162,9660,2013,55748.0,0.0,-0.31145700000000004,-0.167628,AUS,NLD,900220
6443227,15,162,9660,2013,47279.0,314271.0,1.7209240000000001,-0.286892,AUT,NLD,900220
6443228,18,162,9660,2013,383704.0,2533459.0,1.316207,0.972601,BEL,NLD,900220
6443229,22,162,9660,2013,0.0,47002.0,-1.101916,-0.734646,BGD,NLD,900220
6443230,23,162,9660,2013,29058.0,12509.0,0.5026109999999999,1.674296,BGR,NLD,900220
6443231,24,162,9660,2013,0.0,2139.0,0.249681,-0.6204270000000001,BHR,NLD,900220
6443232,39,162,9660,2013,63386.0,64568.0,0.719649,1.017046,CAN,NLD,900220
6443233,41,162,9660,2013,26255.0,22380.0,2.2104470000000003,0.5403479999999999,CHE,NLD,900220
6443234,43,162,9660,2013,319367.0,211838.0,1.113767,1.477496,CHN,NLD,900220
6443235,58,162,9660,2013,0.0,80511.0,0.502238,0.349608,CYP,NLD,900220
6443236,59,162,9660,2013,1217.0,157086.0,1.819653,-0.12423800000000002,CZE,NLD,900220
6443237,61,162,9660,2013,3842898.0,1568039.0,2.093658,-3.4281980000000005,DEU,NLD,900220
6443238,64,162,9660,2013,266788.0,177283.0,1.161835,1.1788450000000001,DNK,NLD,900220
6443239,66,162,9660,2013,0.0,1129.0,-1.373947,-1.1523459999999999,DZA,NLD,900220
6443240,71,162,9660,2013,4915.0,126736.0,0.861698,2.353993,ESP,NLD,900220
6443241,72,162,9660,2013,0.0,59228.0,0.8828940000000001,1.386574,EST,NLD,900220
6443242,74,162,9660,2013,6612.0,79240.0,1.734552,0.8896940000000001,FIN,NLD,900220
6443243,77,162,9660,2013,60178.0,1793939.0,1.520354,0.022874000000000002,FRA,NLD,900220
6443244,81,162,9660,2013,206105.0,633437.0,1.7901259999999999,0.44164,GBR,NLD,900220
6443245,90,162,9660,2013,1484.0,41527.0,0.18823800000000002,0.910906,GRC,NLD,900220
6443246,97,162,9660,2013,14194.0,33154.0,0.744383,1.923139,HKG,NLD,900220
6443247,102,162,9660,2013,1488.0,38736.0,1.506101,0.7279220000000001,HUN,NLD,900220
6443248,104,162,9660,2013,0.0,11582.0,0.215356,2.3916209999999998,IND,NLD,900220
6443249,106,162,9660,2013,4443.0,92690.0,1.29988,0.240688,IRL,NLD,900220
6443250,107,162,9660,2013,0.0,8291.0,-0.339172,-0.237114,IRN,NLD,900220
6443251,109,162,9660,2013,0.0,8425.0,0.259374,-0.20413299999999998,ISL,NLD,900220
6443252,110,162,9660,2013,12073.0,69990.0,1.197241,0.633828,ISR,NLD,900220
6443253,111,162,9660,2013,10674.0,304184.0,1.289924,0.533436,ITA,NLD,900220
6443254,114,162,9660,2013,3713010.0,112077.0,2.3993130000000003,-0.564768,JPN,NLD,900220
6443255,116,162,9660,2013,0.0,14896.0,-0.448112,0.8672719999999999,KEN,NLD,900220
6443256,121,162,9660,2013,345289.0,3646848.0,1.818383,0.75645,KOR,NLD,900220
6443257,122,162,9660,2013,0.0,13158.0,-0.536384,-1.08382,KWT,NLD,900220
6443258,124,162,9660,2013,0.0,2933.0,0.283084,1.4289100000000001,LBN,NLD,900220
6443259,131,162,9660,2013,9540.0,37907.0,1.170459,1.150327,LUX,NLD,900220
6443260,132,162,9660,2013,0.0,2572.0,0.6219439999999999,1.166749,LVA,NLD,900220
6443261,138,162,9660,2013,0.0,1743.0,1.048507,0.718932,MEX,NLD,900220
6443262,153,162,9660,2013,0.0,24569.0,0.937641,0.747496,MYS,NLD,900220
6443263,155,162,9660,2013,5641.0,0.0,-0.308643,-0.480617,NAM,NLD,900220
6443264,159,162,9660,2013,3088.0,2990.0,-1.745783,-1.1356680000000001,NGA,NLD,900220
6443265,163,162,9660,2013,1260.0,113498.0,0.892099,0.18168399999999998,NOR,NLD,900220
6443266,166,162,9660,2013,0.0,1147.0,0.3345,0.39063000000000003,NZL,NLD,900220
6443267,167,162,9660,2013,0.0,3817.0,-0.604175,-1.0463209999999998,OMN,NLD,900220
6443268,174,162,9660,2013,526255.0,0.0,0.507868,0.355403,PHL,NLD,900220
6443269,177,162,9660,2013,2508.0,154604.0,1.084332,1.216749,POL,NLD,900220
6443270,179,162,9660,2013,0.0,74276.0,0.541454,2.5228610000000002,PRT,NLD,900220
6443271,183,162,9660,2013,0.0,97807.0,-0.083649,-1.013491,QAT,NLD,900220
6443272,185,162,9660,2013,1237.0,12494.0,0.792035,1.225034,ROU,NLD,900220
6443273,186,162,9660,2013,71723.0,32252.0,0.481166,-0.180052,RUS,NLD,900220
6443274,188,162,9660,2013,0.0,3983.0,0.626347,-0.844406,SAU,NLD,900220
6443275,192,162,9660,2013,52121.0,116598.0,1.915504,0.619576,SGP,NLD,900220
6443276,206,162,9660,2013,2782.0,39272.0,1.32064,0.7519819999999999,SVK,NLD,900220
6443277,207,162,9660,2013,3277.0,24074.0,1.698374,0.563082,SVN,NLD,900220
6443278,208,162,9660,2013,17060.0,255260.0,1.869421,0.228109,SWE,NLD,900220
6443279,211,162,9660,2013,0.0,3534.0,0.270999,-0.474095,SYC,NLD,900220
6443280,216,162,9660,2013,0.0,1644.0,0.8752139999999999,1.3798620000000001,THA,NLD,900220
6443281,224,162,9660,2013,0.0,9021.0,0.42932299999999995,2.690235,TUR,NLD,900220
6443282,231,162,9660,2013,1437891.0,407124.0,1.6639689999999998,-0.48651300000000003,USA,NLD,900220
6443283,246,162,9660,2013,0.0,23367.0,0.380284,1.5682120000000002,ZAF,NLD,900220
6443284,247,162,9660,2013,0.0,2588.0,-0.382129,-0.5442229999999999,ZMB,NLD,900220
6443285,249,162,9660,2013,66855.0,1102469.0,1.843186,0.9432379999999999,TWN,NLD,900220
6443286,250,162,9660,2013,0.0,42501.0,0.628555,0.277602,ANS,NLD,900220
6443287,2,163,9660,2013,0.0,1137.0,-1.172043,-1.133735,AGO,NOR,900220
6443288,15,163,9660,2013,6588.0,0.0,1.7209240000000001,-0.286892,AUT,NOR,900220
6443289,18,163,9660,2013,30728.0,3469.0,1.316207,0.972601,BEL,NOR,900220
6443290,39,163,9660,2013,4448.0,9731.0,0.719649,1.017046,CAN,NOR,900220
6443291,41,163,9660,2013,3608.0,0.0,2.2104470000000003,0.5403479999999999,CHE,NOR,900220
6443292,43,163,9660,2013,8736.0,0.0,1.113767,1.477496,CHN,NOR,900220
6443293,59,163,9660,2013,1565.0,0.0,1.819653,-0.12423800000000002,CZE,NOR,900220
6443294,61,163,9660,2013,608105.0,1014.0,2.093658,-3.4281980000000005,DEU,NOR,900220
6443295,64,163,9660,2013,113876.0,10905.0,1.161835,1.1788450000000001,DNK,NOR,900220
6443296,74,163,9660,2013,3311.0,0.0,1.734552,0.8896940000000001,FIN,NOR,900220
6443297,77,163,9660,2013,8680.0,1103.0,1.520354,0.022874000000000002,FRA,NOR,900220
6443298,81,163,9660,2013,158854.0,4423.0,1.7901259999999999,0.44164,GBR,NOR,900220
6443299,97,163,9660,2013,4986.0,0.0,0.744383,1.923139,HKG,NOR,900220
6443300,110,163,9660,2013,6521.0,0.0,1.197241,0.633828,ISR,NOR,900220
6443301,111,163,9660,2013,10486.0,8121.0,1.289924,0.533436,ITA,NOR,900220
6443302,114,163,9660,2013,195081.0,0.0,2.3993130000000003,-0.564768,JPN,NOR,900220
6443303,121,163,9660,2013,5812.0,0.0,1.818383,0.75645,KOR,NOR,900220
6443304,132,163,9660,2013,0.0,2573.0,0.6219439999999999,1.166749,LVA,NOR,900220
6443305,153,163,9660,2013,1910.0,0.0,0.937641,0.747496,MYS,NOR,900220
6443306,162,163,9660,2013,113498.0,1260.0,1.184107,1.249557,NLD,NOR,900220
6443307,174,163,9660,2013,15815.0,0.0,0.507868,0.355403,PHL,NOR,900220
6443308,177,163,9660,2013,2231.0,8312.0,1.084332,1.216749,POL,NOR,900220
6443309,183,163,9660,2013,0.0,8329.0,-0.083649,-1.013491,QAT,NOR,900220
6443310,185,163,9660,2013,0.0,3553.0,0.792035,1.225034,ROU,NOR,900220
6443311,192,163,9660,2013,5681.0,15469.0,1.915504,0.619576,SGP,NOR,900220
6443312,207,163,9660,2013,12220.0,0.0,1.698374,0.563082,SVN,NOR,900220
6443313,208,163,9660,2013,420457.0,183315.0,1.869421,0.228109,SWE,NOR,900220
6443314,231,163,9660,2013,297367.0,2016.0,1.6639689999999998,-0.48651300000000003,USA,NOR,900220
6443315,249,163,9660,2013,3979.0,0.0,1.843186,0.9432379999999999,TWN,NOR,900220
6443316,14,166,9660,2013,371032.0,67088.0,-0.31145700000000004,-0.167628,AUS,NZL,900220
6443317,39,166,9660,2013,1463.0,1738.0,0.719649,1.017046,CAN,NZL,900220
6443318,43,166,9660,2013,24928.0,0.0,1.113767,1.477496,CHN,NZL,900220
6443319,48,166,9660,2013,0.0,1315.0,0.483939,-0.42226400000000003,COK,NZL,900220
6443320,61,166,9660,2013,54128.0,1086.0,2.093658,-3.4281980000000005,DEU,NZL,900220
6443321,74,166,9660,2013,0.0,6631.0,1.734552,0.8896940000000001,FIN,NZL,900220
6443322,77,166,9660,2013,4835.0,0.0,1.520354,0.022874000000000002,FRA,NZL,900220
6443323,81,166,9660,2013,17335.0,20804.0,1.7901259999999999,0.44164,GBR,NZL,900220
6443324,97,166,9660,2013,68234.0,15742.0,0.744383,1.923139,HKG,NZL,900220
6443325,114,166,9660,2013,84893.0,0.0,2.3993130000000003,-0.564768,JPN,NZL,900220
6443326,121,166,9660,2013,20971.0,0.0,1.818383,0.75645,KOR,NZL,900220
6443327,153,166,9660,2013,4034.0,0.0,0.937641,0.747496,MYS,NZL,900220
6443328,162,166,9660,2013,1147.0,0.0,1.184107,1.249557,NLD,NZL,900220
6443329,177,166,9660,2013,286265.0,0.0,1.084332,1.216749,POL,NZL,900220
6443330,182,166,9660,2013,0.0,2240.0,-0.146044,-0.7055359999999999,PYF,NZL,900220
6443331,183,166,9660,2013,0.0,1149.0,-0.083649,-1.013491,QAT,NZL,900220
6443332,192,166,9660,2013,24689.0,5129.0,1.915504,0.619576,SGP,NZL,900220
6443333,208,166,9660,2013,3334.0,0.0,1.869421,0.228109,SWE,NZL,900220
6443334,216,166,9660,2013,1877.0,0.0,0.8752139999999999,1.3798620000000001,THA,NZL,900220
6443335,231,166,9660,2013,101711.0,11252.0,1.6639689999999998,-0.48651300000000003,USA,NZL,900220
6443336,242,166,9660,2013,0.0,1632.0,0.824724,0.056441,WSM,NZL,900220
6443337,249,166,9660,2013,5269.0,0.0,1.843186,0.9432379999999999,TWN,NZL,900220
6443338,0,169,9660,2013,0.0,1414.0,0.913235,-0.149061,ABW,PAN,900220
6443339,43,169,9660,2013,143603.0,0.0,1.113767,1.477496,CHN,PAN,900220
6443340,52,169,9660,2013,0.0,94144.0,0.067379,-0.688217,CRI,PAN,900220
6443341,54,169,9660,2013,0.0,133322.0,-0.019956,-0.7873319999999999,CUB,PAN,900220
6443342,55,169,9660,2013,0.0,7673.0,0.029981999999999998,-0.673439,CUW,PAN,900220
6443343,61,169,9660,2013,1909.0,0.0,2.093658,-3.4281980000000005,DEU,PAN,900220
6443344,65,169,9660,2013,0.0,5372.0,-0.277269,0.432388,DOM,PAN,900220
6443345,67,169,9660,2013,0.0,19390.0,-0.86546,-0.8888389999999999,ECU,PAN,900220
6443346,71,169,9660,2013,1064.0,0.0,0.861698,2.353993,ESP,PAN,900220
6443347,81,169,9660,2013,78256.0,0.0,1.7901259999999999,0.44164,GBR,PAN,900220
6443348,93,169,9660,2013,0.0,14228.0,-0.41466499999999995,0.774788,GTM,PAN,900220
6443349,96,169,9660,2013,0.0,23898.0,-0.8555590000000001,-0.9744450000000001,GUY,PAN,900220
6443350,97,169,9660,2013,9428.0,0.0,0.744383,1.923139,HKG,PAN,900220
6443351,99,169,9660,2013,0.0,12610.0,-0.731431,-0.310927,HND,PAN,900220
6443352,101,169,9660,2013,0.0,13700.0,-1.095392,-0.957326,HTI,PAN,900220
6443353,111,169,9660,2013,2136.0,0.0,1.289924,0.533436,ITA,PAN,900220
6443354,112,169,9660,2013,0.0,14290.0,-0.541441,-0.8448559999999999,JAM,PAN,900220
6443355,121,169,9660,2013,9374.0,0.0,1.818383,0.75645,KOR,PAN,900220
6443356,138,169,9660,2013,931639.0,0.0,1.048507,0.718932,MEX,PAN,900220
6443357,160,169,9660,2013,0.0,3579.0,-0.9277,-0.6842630000000001,NIC,PAN,900220
6443358,222,169,9660,2013,0.0,4189.0,-0.280641,-1.083332,TTO,PAN,900220
6443359,231,169,9660,2013,219415.0,11164.0,1.6639689999999998,-0.48651300000000003,USA,PAN,900220
6443360,236,169,9660,2013,0.0,84973.0,-0.778172,-1.107059,VEN,PAN,900220
6443361,249,169,9660,2013,13710.0,0.0,1.843186,0.9432379999999999,TWN,PAN,900220
6443362,250,169,9660,2013,9038.0,0.0,0.628555,0.277602,ANS,PAN,900220
6443363,14,173,9660,2013,1080.0,0.0,-0.31145700000000004,-0.167628,AUS,PER,900220
6443364,15,173,9660,2013,1174.0,0.0,1.7209240000000001,-0.286892,AUT,PER,900220
6443365,18,173,9660,2013,4120.0,0.0,1.316207,0.972601,BEL,PER,900220
6443366,43,173,9660,2013,8530.0,0.0,1.113767,1.477496,CHN,PER,900220
6443367,61,173,9660,2013,27375.0,0.0,2.093658,-3.4281980000000005,DEU,PER,900220
6443368,64,173,9660,2013,1115.0,0.0,1.161835,1.1788450000000001,DNK,PER,900220
6443369,77,173,9660,2013,1031.0,0.0,1.520354,0.022874000000000002,FRA,PER,900220
6443370,81,173,9660,2013,1738.0,0.0,1.7901259999999999,0.44164,GBR,PER,900220
6443371,111,173,9660,2013,18359.0,0.0,1.289924,0.533436,ITA,PER,900220
6443372,114,173,9660,2013,4284.0,0.0,2.3993130000000003,-0.564768,JPN,PER,900220
6443373,186,173,9660,2013,4926.0,0.0,0.481166,-0.180052,RUS,PER,900220
6443374,192,173,9660,2013,1292.0,0.0,1.915504,0.619576,SGP,PER,900220
6443375,231,173,9660,2013,303799.0,0.0,1.6639689999999998,-0.48651300000000003,USA,PER,900220
6443376,5,174,9660,2013,0.0,737.0,0.9666530000000001,-0.159606,AND,PHL,900220
6443377,7,174,9660,2013,0.0,62348.0,-0.074047,-0.585168,ARE,PHL,900220
6443378,14,174,9660,2013,31972.0,660700.0,-0.31145700000000004,-0.167628,AUS,PHL,900220
6443379,15,174,9660,2013,0.0,68208.0,1.7209240000000001,-0.286892,AUT,PHL,900220
6443380,23,174,9660,2013,0.0,1221.0,0.5026109999999999,1.674296,BGR,PHL,900220
6443381,24,174,9660,2013,0.0,1926.0,0.249681,-0.6204270000000001,BHR,PHL,900220
6443382,32,174,9660,2013,0.0,65048.0,0.14765899999999998,0.399262,BRA,PHL,900220
6443383,39,174,9660,2013,15256.0,248458.0,0.719649,1.017046,CAN,PHL,900220
6443384,41,174,9660,2013,0.0,3936.0,2.2104470000000003,0.5403479999999999,CHE,PHL,900220
6443385,43,174,9660,2013,194089.0,2509296.0,1.113767,1.477496,CHN,PHL,900220
6443386,55,174,9660,2013,0.0,137727.0,0.029981999999999998,-0.673439,CUW,PHL,900220
6443387,59,174,9660,2013,0.0,2792.0,1.819653,-0.12423800000000002,CZE,PHL,900220
6443388,61,174,9660,2013,11503.0,191363.0,2.093658,-3.4281980000000005,DEU,PHL,900220
6443389,71,174,9660,2013,0.0,50896.0,0.861698,2.353993,ESP,PHL,900220
6443390,72,174,9660,2013,0.0,14951.0,0.8828940000000001,1.386574,EST,PHL,900220
6443391,74,174,9660,2013,0.0,22291.0,1.734552,0.8896940000000001,FIN,PHL,900220
6443392,77,174,9660,2013,0.0,310351.0,1.520354,0.022874000000000002,FRA,PHL,900220
6443393,81,174,9660,2013,10447.0,604877.0,1.7901259999999999,0.44164,GBR,PHL,900220
6443394,97,174,9660,2013,2628.0,673744.0,0.744383,1.923139,HKG,PHL,900220
6443395,103,174,9660,2013,0.0,42086.0,-0.216854,1.415728,IDN,PHL,900220
6443396,104,174,9660,2013,0.0,75577.0,0.215356,2.3916209999999998,IND,PHL,900220
6443397,106,174,9660,2013,0.0,16101.0,1.29988,0.240688,IRL,PHL,900220
6443398,111,174,9660,2013,1616.0,0.0,1.289924,0.533436,ITA,PHL,900220
6443399,114,174,9660,2013,127585.0,83520.0,2.3993130000000003,-0.564768,JPN,PHL,900220
6443400,121,174,9660,2013,7900738.0,1057698.0,1.818383,0.75645,KOR,PHL,900220
6443401,122,174,9660,2013,2808.0,5589.0,-0.536384,-1.08382,KWT,PHL,900220
6443402,131,174,9660,2013,0.0,1160.0,1.170459,1.150327,LUX,PHL,900220
6443403,138,174,9660,2013,0.0,11704.0,1.048507,0.718932,MEX,PHL,900220
6443404,153,174,9660,2013,220387.0,52516.0,0.937641,0.747496,MYS,PHL,900220
6443405,162,174,9660,2013,0.0,526255.0,1.184107,1.249557,NLD,PHL,900220
6443406,163,174,9660,2013,0.0,15815.0,0.892099,0.18168399999999998,NOR,PHL,900220
6443407,177,174,9660,2013,0.0,15562.0,1.084332,1.216749,POL,PHL,900220
6443408,178,174,9660,2013,0.0,254162.0,-0.414538,-0.22449299999999997,PRK,PHL,900220
6443409,185,174,9660,2013,0.0,30653.0,0.792035,1.225034,ROU,PHL,900220
6443410,186,174,9660,2013,0.0,175322.0,0.481166,-0.180052,RUS,PHL,900220
6443411,192,174,9660,2013,107696.0,222426.0,1.915504,0.619576,SGP,PHL,900220
6443412,206,174,9660,2013,0.0,1112.0,1.32064,0.7519819999999999,SVK,PHL,900220
6443413,207,174,9660,2013,0.0,5461.0,1.698374,0.563082,SVN,PHL,900220
6443414,208,174,9660,2013,0.0,129224.0,1.869421,0.228109,SWE,PHL,900220
6443415,216,174,9660,2013,0.0,101160.0,0.8752139999999999,1.3798620000000001,THA,PHL,900220
6443416,224,174,9660,2013,0.0,71937.0,0.42932299999999995,2.690235,TUR,PHL,900220
6443417,228,174,9660,2013,0.0,7419.0,0.657729,0.9063200000000001,UKR,PHL,900220
6443418,231,174,9660,2013,28013.0,802821.0,1.6639689999999998,-0.48651300000000003,USA,PHL,900220
6443419,239,174,9660,2013,0.0,96605.0,-0.11426900000000001,1.399738,VNM,PHL,900220
6443420,246,174,9660,2013,0.0,36014.0,0.380284,1.5682120000000002,ZAF,PHL,900220
6443421,249,174,9660,2013,254062.0,67798.0,1.843186,0.9432379999999999,TWN,PHL,900220
6443422,14,177,9660,2013,1442.0,8045.0,-0.31145700000000004,-0.167628,AUS,POL,900220
6443423,15,177,9660,2013,12300.0,2232.0,1.7209240000000001,-0.286892,AUT,POL,900220
6443424,18,177,9660,2013,52361.0,6862.0,1.316207,0.972601,BEL,POL,900220
6443425,23,177,9660,2013,0.0,1727.0,0.5026109999999999,1.674296,BGR,POL,900220
6443426,28,177,9660,2013,0.0,1995.0,1.036923,0.864568,BLR,POL,900220
6443427,32,177,9660,2013,0.0,1522.0,0.14765899999999998,0.399262,BRA,POL,900220
6443428,39,177,9660,2013,6699.0,3193.0,0.719649,1.017046,CAN,POL,900220
6443429,41,177,9660,2013,367024.0,3181.0,2.2104470000000003,0.5403479999999999,CHE,POL,900220
6443430,43,177,9660,2013,87783.0,0.0,1.113767,1.477496,CHN,POL,900220
6443431,58,177,9660,2013,34906.0,0.0,0.502238,0.349608,CYP,POL,900220
6443432,59,177,9660,2013,26364.0,3447.0,1.819653,-0.12423800000000002,CZE,POL,900220
6443433,61,177,9660,2013,616300.0,27747.0,2.093658,-3.4281980000000005,DEU,POL,900220
6443434,64,177,9660,2013,7031.0,2473.0,1.161835,1.1788450000000001,DNK,POL,900220
6443435,71,177,9660,2013,6413.0,1010.0,0.861698,2.353993,ESP,POL,900220
6443436,77,177,9660,2013,62339.0,4045.0,1.520354,0.022874000000000002,FRA,POL,900220
6443437,81,177,9660,2013,32497.0,7589.0,1.7901259999999999,0.44164,GBR,POL,900220
6443438,97,177,9660,2013,5934.0,7570.0,0.744383,1.923139,HKG,POL,900220
6443439,102,177,9660,2013,0.0,12806.0,1.506101,0.7279220000000001,HUN,POL,900220
6443440,104,177,9660,2013,8508.0,2246.0,0.215356,2.3916209999999998,IND,POL,900220
6443441,106,177,9660,2013,9965.0,8453.0,1.29988,0.240688,IRL,POL,900220
6443442,110,177,9660,2013,0.0,1766.0,1.197241,0.633828,ISR,POL,900220
6443443,111,177,9660,2013,97845.0,2047.0,1.289924,0.533436,ITA,POL,900220
6443444,114,177,9660,2013,476752.0,0.0,2.3993130000000003,-0.564768,JPN,POL,900220
6443445,121,177,9660,2013,3684528.0,1304.0,1.818383,0.75645,KOR,POL,900220
6443446,130,177,9660,2013,0.0,7093.0,0.737796,1.215543,LTU,POL,900220
6443447,132,177,9660,2013,0.0,1752.0,0.6219439999999999,1.166749,LVA,POL,900220
6443448,138,177,9660,2013,4396.0,0.0,1.048507,0.718932,MEX,POL,900220
6443449,162,177,9660,2013,154604.0,2508.0,1.184107,1.249557,NLD,POL,900220
6443450,163,177,9660,2013,8312.0,2231.0,0.892099,0.18168399999999998,NOR,POL,900220
6443451,166,177,9660,2013,0.0,286265.0,0.3345,0.39063000000000003,NZL,POL,900220
6443452,174,177,9660,2013,15562.0,0.0,0.507868,0.355403,PHL,POL,900220
6443453,183,177,9660,2013,0.0,1148.0,-0.083649,-1.013491,QAT,POL,900220
6443454,186,177,9660,2013,2366.0,8597.0,0.481166,-0.180052,RUS,POL,900220
6443455,188,177,9660,2013,0.0,2174.0,0.626347,-0.844406,SAU,POL,900220
6443456,192,177,9660,2013,23828.0,0.0,1.915504,0.619576,SGP,POL,900220
6443457,206,177,9660,2013,15053.0,22325.0,1.32064,0.7519819999999999,SVK,POL,900220
6443458,207,177,9660,2013,84682.0,0.0,1.698374,0.563082,SVN,POL,900220
6443459,208,177,9660,2013,15681.0,16014.0,1.869421,0.228109,SWE,POL,900220
6443460,216,177,9660,2013,0.0,3063.0,0.8752139999999999,1.3798620000000001,THA,POL,900220
6443461,223,177,9660,2013,619718.0,0.0,0.185528,1.0070700000000001,TUN,POL,900220
6443462,228,177,9660,2013,0.0,53161.0,0.657729,0.9063200000000001,UKR,POL,900220
6443463,231,177,9660,2013,276184.0,86607.0,1.6639689999999998,-0.48651300000000003,USA,POL,900220
6443464,249,177,9660,2013,7950.0,0.0,1.843186,0.9432379999999999,TWN,POL,900220
6443465,2,179,9660,2013,0.0,7193.0,-1.172043,-1.133735,AGO,PRT,900220
6443466,15,179,9660,2013,2723.0,0.0,1.7209240000000001,-0.286892,AUT,PRT,900220
6443467,18,179,9660,2013,16289.0,0.0,1.316207,0.972601,BEL,PRT,900220
6443468,32,179,9660,2013,0.0,1543.0,0.14765899999999998,0.399262,BRA,PRT,900220
6443469,43,179,9660,2013,8945.0,0.0,1.113767,1.477496,CHN,PRT,900220
6443470,61,179,9660,2013,151564.0,3926.0,2.093658,-3.4281980000000005,DEU,PRT,900220
6443471,64,179,9660,2013,5156.0,0.0,1.161835,1.1788450000000001,DNK,PRT,900220
6443472,71,179,9660,2013,421704.0,70766.0,0.861698,2.353993,ESP,PRT,900220
6443473,77,179,9660,2013,7504.0,8968.0,1.520354,0.022874000000000002,FRA,PRT,900220
6443474,81,179,9660,2013,38563.0,0.0,1.7901259999999999,0.44164,GBR,PRT,900220
6443475,97,179,9660,2013,8060.0,0.0,0.744383,1.923139,HKG,PRT,900220
6443476,111,179,9660,2013,24053.0,0.0,1.289924,0.533436,ITA,PRT,900220
6443477,114,179,9660,2013,2141.0,0.0,2.3993130000000003,-0.564768,JPN,PRT,900220
6443478,131,179,9660,2013,2473.0,0.0,1.170459,1.150327,LUX,PRT,900220
6443479,147,179,9660,2013,0.0,3169.0,-1.326323,-1.050969,MOZ,PRT,900220
6443480,162,179,9660,2013,74276.0,0.0,1.184107,1.249557,NLD,PRT,900220
6443481,206,179,9660,2013,7120.0,0.0,1.32064,0.7519819999999999,SVK,PRT,900220
6443482,215,179,9660,2013,0.0,1766.0,-0.598413,-0.49295200000000006,TGO,PRT,900220
6443483,223,179,9660,2013,336415.0,0.0,0.185528,1.0070700000000001,TUN,PRT,900220
6443484,231,179,9660,2013,25281.0,0.0,1.6639689999999998,-0.48651300000000003,USA,PRT,900220
6443485,249,179,9660,2013,3690.0,0.0,1.843186,0.9432379999999999,TWN,PRT,900220
6443486,43,180,9660,2013,17900.0,0.0,1.113767,1.477496,CHN,PRY,900220
6443487,71,180,9660,2013,1264.0,0.0,0.861698,2.353993,ESP,PRY,900220
6443488,97,180,9660,2013,1522.0,0.0,0.744383,1.923139,HKG,PRY,900220
6443489,231,180,9660,2013,53542.0,0.0,1.6639689999999998,-0.48651300000000003,USA,PRY,900220
6443490,246,180,9660,2013,1618.0,0.0,0.380284,1.5682120000000002,ZAF,PRY,900220
6443491,249,180,9660,2013,1347.0,0.0,1.843186,0.9432379999999999,TWN,PRY,900220
6443492,4,183,9660,2013,7406.0,0.0,-0.53682,-0.162391,ALB,QAT,900220
6443493,7,183,9660,2013,55887.0,0.0,-0.074047,-0.585168,ARE,QAT,900220
6443494,14,183,9660,2013,6438.0,0.0,-0.31145700000000004,-0.167628,AUS,QAT,900220
6443495,15,183,9660,2013,5865.0,0.0,1.7209240000000001,-0.286892,AUT,QAT,900220
6443496,18,183,9660,2013,12666.0,0.0,1.316207,0.972601,BEL,QAT,900220
6443497,39,183,9660,2013,2272.0,0.0,0.719649,1.017046,CAN,QAT,900220
6443498,41,183,9660,2013,21941.0,0.0,2.2104470000000003,0.5403479999999999,CHE,QAT,900220
6443499,43,183,9660,2013,83930.0,0.0,1.113767,1.477496,CHN,QAT,900220
6443500,61,183,9660,2013,13826.0,0.0,2.093658,-3.4281980000000005,DEU,QAT,900220
6443501,68,183,9660,2013,2039.0,0.0,-0.17418,1.692641,EGY,QAT,900220
6443502,71,183,9660,2013,18359.0,0.0,0.861698,2.353993,ESP,QAT,900220
6443503,77,183,9660,2013,162505.0,0.0,1.520354,0.022874000000000002,FRA,QAT,900220
6443504,81,183,9660,2013,123010.0,0.0,1.7901259999999999,0.44164,GBR,QAT,900220
6443505,104,183,9660,2013,54331.0,0.0,0.215356,2.3916209999999998,IND,QAT,900220
6443506,106,183,9660,2013,41420.0,0.0,1.29988,0.240688,IRL,QAT,900220
6443507,111,183,9660,2013,2661.0,0.0,1.289924,0.533436,ITA,QAT,900220
6443508,114,183,9660,2013,32329.0,0.0,2.3993130000000003,-0.564768,JPN,QAT,900220
6443509,121,183,9660,2013,83399.0,0.0,1.818383,0.75645,KOR,QAT,900220
6443510,124,183,9660,2013,2371.0,0.0,0.283084,1.4289100000000001,LBN,QAT,900220
6443511,138,183,9660,2013,2986.0,0.0,1.048507,0.718932,MEX,QAT,900220
6443512,153,183,9660,2013,9918.0,0.0,0.937641,0.747496,MYS,QAT,900220
6443513,162,183,9660,2013,97807.0,0.0,1.184107,1.249557,NLD,QAT,900220
6443514,163,183,9660,2013,8329.0,0.0,0.892099,0.18168399999999998,NOR,QAT,900220
6443515,166,183,9660,2013,1149.0,0.0,0.3345,0.39063000000000003,NZL,QAT,900220
6443516,168,183,9660,2013,9778.0,0.0,-0.75727,0.769703,PAK,QAT,900220
6443517,177,183,9660,2013,1148.0,0.0,1.084332,1.216749,POL,QAT,900220
6443518,188,183,9660,2013,781382.0,0.0,0.626347,-0.844406,SAU,QAT,900220
6443519,192,183,9660,2013,1157.0,0.0,1.915504,0.619576,SGP,QAT,900220
6443520,208,183,9660,2013,125797.0,0.0,1.869421,0.228109,SWE,QAT,900220
6443521,216,183,9660,2013,2995.0,0.0,0.8752139999999999,1.3798620000000001,THA,QAT,900220
6443522,224,183,9660,2013,15509.0,0.0,0.42932299999999995,2.690235,TUR,QAT,900220
6443523,231,183,9660,2013,91372.0,0.0,1.6639689999999998,-0.48651300000000003,USA,QAT,900220
6443524,246,183,9660,2013,4992.0,0.0,0.380284,1.5682120000000002,ZAF,QAT,900220
6443525,249,183,9660,2013,33926.0,0.0,1.843186,0.9432379999999999,TWN,QAT,900220
6443526,7,188,9660,2013,72170.0,158637.0,-0.074047,-0.585168,ARE,SAU,900220
6443527,15,188,9660,2013,4719.0,0.0,1.7209240000000001,-0.286892,AUT,SAU,900220
6443528,18,188,9660,2013,59370.0,0.0,1.316207,0.972601,BEL,SAU,900220
6443529,24,188,9660,2013,232703.0,174557.0,0.249681,-0.6204270000000001,BHR,SAU,900220
6443530,39,188,9660,2013,4343.0,0.0,0.719649,1.017046,CAN,SAU,900220
6443531,41,188,9660,2013,8487.0,0.0,2.2104470000000003,0.5403479999999999,CHE,SAU,900220
6443532,43,188,9660,2013,21153.0,0.0,1.113767,1.477496,CHN,SAU,900220
6443533,61,188,9660,2013,166176.0,2078.0,2.093658,-3.4281980000000005,DEU,SAU,900220
6443534,68,188,9660,2013,354453.0,126323.0,-0.17418,1.692641,EGY,SAU,900220
6443535,71,188,9660,2013,27157.0,0.0,0.861698,2.353993,ESP,SAU,900220
6443536,77,188,9660,2013,1462.0,0.0,1.520354,0.022874000000000002,FRA,SAU,900220
6443537,81,188,9660,2013,126036.0,0.0,1.7901259999999999,0.44164,GBR,SAU,900220
6443538,106,188,9660,2013,35113.0,0.0,1.29988,0.240688,IRL,SAU,900220
6443539,111,188,9660,2013,17134.0,0.0,1.289924,0.533436,ITA,SAU,900220
6443540,114,188,9660,2013,102717.0,0.0,2.3993130000000003,-0.564768,JPN,SAU,900220
6443541,121,188,9660,2013,46892.0,0.0,1.818383,0.75645,KOR,SAU,900220
6443542,122,188,9660,2013,296431.0,1261778.0,-0.536384,-1.08382,KWT,SAU,900220
6443543,124,188,9660,2013,0.0,112141.0,0.283084,1.4289100000000001,LBN,SAU,900220
6443544,134,188,9660,2013,0.0,66780.0,-0.6494260000000001,-0.035075999999999996,MAR,SAU,900220
6443545,153,188,9660,2013,18915.0,0.0,0.937641,0.747496,MYS,SAU,900220
6443546,162,188,9660,2013,3983.0,0.0,1.184107,1.249557,NLD,SAU,900220
6443547,177,188,9660,2013,2174.0,0.0,1.084332,1.216749,POL,SAU,900220
6443548,183,188,9660,2013,0.0,781382.0,-0.083649,-1.013491,QAT,SAU,900220
6443549,192,188,9660,2013,81863.0,0.0,1.915504,0.619576,SGP,SAU,900220
6443550,208,188,9660,2013,34047.0,0.0,1.869421,0.228109,SWE,SAU,900220
6443551,216,188,9660,2013,42082.0,0.0,0.8752139999999999,1.3798620000000001,THA,SAU,900220
6443552,224,188,9660,2013,174924.0,0.0,0.42932299999999995,2.690235,TUR,SAU,900220
6443553,231,188,9660,2013,466415.0,15276.0,1.6639689999999998,-0.48651300000000003,USA,SAU,900220
6443554,249,188,9660,2013,31007.0,0.0,1.843186,0.9432379999999999,TWN,SAU,900220
6443555,250,188,9660,2013,52367.0,0.0,0.628555,0.277602,ANS,SAU,900220
6443556,7,190,9660,2013,3172.0,0.0,-0.074047,-0.585168,ARE,SDN,900220
6443557,61,190,9660,2013,2073.0,0.0,2.093658,-3.4281980000000005,DEU,SDN,900220
6443558,68,190,9660,2013,48731.0,0.0,-0.17418,1.692641,EGY,SDN,900220
6443559,104,190,9660,2013,4859.0,0.0,0.215356,2.3916209999999998,IND,SDN,900220
6443560,2,192,9660,2013,0.0,1681.0,-1.172043,-1.133735,AGO,SGP,900220
6443561,7,192,9660,2013,0.0,45882.0,-0.074047,-0.585168,ARE,SGP,900220
6443562,8,192,9660,2013,0.0,3945.0,0.20314300000000002,0.494062,ARG,SGP,900220
6443563,14,192,9660,2013,65104.0,86369.0,-0.31145700000000004,-0.167628,AUS,SGP,900220
6443564,15,192,9660,2013,4126.0,936.0,1.7209240000000001,-0.286892,AUT,SGP,900220
6443565,18,192,9660,2013,28668.0,40693.0,1.316207,0.972601,BEL,SGP,900220
6443566,29,192,9660,2013,0.0,1213.0,-0.35218299999999997,-0.508891,BLZ,SGP,900220
6443567,32,192,9660,2013,0.0,653.0,0.14765899999999998,0.399262,BRA,SGP,900220
6443568,34,192,9660,2013,0.0,23336.0,-0.866827,-0.795995,BRN,SGP,900220
6443569,39,192,9660,2013,34015.0,24819.0,0.719649,1.017046,CAN,SGP,900220
6443570,41,192,9660,2013,25389.0,61467.0,2.2104470000000003,0.5403479999999999,CHE,SGP,900220
6443571,43,192,9660,2013,439954.0,748150.0,1.113767,1.477496,CHN,SGP,900220
6443572,59,192,9660,2013,0.0,2667.0,1.819653,-0.12423800000000002,CZE,SGP,900220
6443573,61,192,9660,2013,583966.0,61672.0,2.093658,-3.4281980000000005,DEU,SGP,900220
6443574,64,192,9660,2013,63112.0,0.0,1.161835,1.1788450000000001,DNK,SGP,900220
6443575,71,192,9660,2013,0.0,21538.0,0.861698,2.353993,ESP,SGP,900220
6443576,74,192,9660,2013,1810.0,3478.0,1.734552,0.8896940000000001,FIN,SGP,900220
6443577,77,192,9660,2013,14296.0,7614.0,1.520354,0.022874000000000002,FRA,SGP,900220
6443578,81,192,9660,2013,150308.0,26977.0,1.7901259999999999,0.44164,GBR,SGP,900220
6443579,90,192,9660,2013,21105.0,0.0,0.18823800000000002,0.910906,GRC,SGP,900220
6443580,97,192,9660,2013,170038.0,1715737.0,0.744383,1.923139,HKG,SGP,900220
6443581,102,192,9660,2013,1913.0,0.0,1.506101,0.7279220000000001,HUN,SGP,900220
6443582,103,192,9660,2013,2747.0,955330.0,-0.216854,1.415728,IDN,SGP,900220
6443583,104,192,9660,2013,11804.0,301662.0,0.215356,2.3916209999999998,IND,SGP,900220
6443584,106,192,9660,2013,0.0,969.0,1.29988,0.240688,IRL,SGP,900220
6443585,110,192,9660,2013,63855.0,22618.0,1.197241,0.633828,ISR,SGP,900220
6443586,111,192,9660,2013,59326.0,1003.0,1.289924,0.533436,ITA,SGP,900220
6443587,114,192,9660,2013,1361510.0,135754.0,2.3993130000000003,-0.564768,JPN,SGP,900220
6443588,121,192,9660,2013,183578.0,104959.0,1.818383,0.75645,KOR,SGP,900220
6443589,123,192,9660,2013,0.0,96711.0,-1.204446,-0.8571489999999999,LAO,SGP,900220
6443590,128,192,9660,2013,0.0,3126.0,-0.6521779999999999,0.41258599999999995,LKA,SGP,900220
6443591,138,192,9660,2013,2552.0,21935.0,1.048507,0.718932,MEX,SGP,900220
6443592,143,192,9660,2013,0.0,2254.0,-1.230787,-0.737375,MMR,SGP,900220
6443593,145,192,9660,2013,0.0,913.0,-1.3270950000000001,-1.144547,MNG,SGP,900220
6443594,151,192,9660,2013,0.0,855.0,-0.158852,0.0061600000000000005,MUS,SGP,900220
6443595,153,192,9660,2013,1008632.0,684930.0,0.937641,0.747496,MYS,SGP,900220
6443596,162,192,9660,2013,116598.0,52121.0,1.184107,1.249557,NLD,SGP,900220
6443597,163,192,9660,2013,15469.0,5681.0,0.892099,0.18168399999999998,NOR,SGP,900220
6443598,166,192,9660,2013,5129.0,24689.0,0.3345,0.39063000000000003,NZL,SGP,900220
6443599,168,192,9660,2013,0.0,3701.0,-0.75727,0.769703,PAK,SGP,900220
6443600,173,192,9660,2013,0.0,1292.0,-0.573852,0.357977,PER,SGP,900220
6443601,174,192,9660,2013,222426.0,107696.0,0.507868,0.355403,PHL,SGP,900220
6443602,176,192,9660,2013,0.0,33246.0,-1.444244,-1.144231,PNG,SGP,900220
6443603,177,192,9660,2013,0.0,23828.0,1.084332,1.216749,POL,SGP,900220
6443604,183,192,9660,2013,0.0,1157.0,-0.083649,-1.013491,QAT,SGP,900220
6443605,186,192,9660,2013,2063.0,2701.0,0.481166,-0.180052,RUS,SGP,900220
6443606,188,192,9660,2013,0.0,81863.0,0.626347,-0.844406,SAU,SGP,900220
6443607,208,192,9660,2013,1684.0,151240.0,1.869421,0.228109,SWE,SGP,900220
6443608,211,192,9660,2013,0.0,1982.0,0.270999,-0.474095,SYC,SGP,900220
6443609,216,192,9660,2013,6440.0,247498.0,0.8752139999999999,1.3798620000000001,THA,SGP,900220
6443610,224,192,9660,2013,0.0,7153.0,0.42932299999999995,2.690235,TUR,SGP,900220
6443611,228,192,9660,2013,0.0,777.0,0.657729,0.9063200000000001,UKR,SGP,900220
6443612,231,192,9660,2013,4768032.0,350123.0,1.6639689999999998,-0.48651300000000003,USA,SGP,900220
6443613,239,192,9660,2013,0.0,67309.0,-0.11426900000000001,1.399738,VNM,SGP,900220
6443614,243,192,9660,2013,0.0,167481.0,-1.252605,-1.207324,YEM,SGP,900220
6443615,246,192,9660,2013,0.0,3807.0,0.380284,1.5682120000000002,ZAF,SGP,900220
6443616,249,192,9660,2013,168592.0,150107.0,1.843186,0.9432379999999999,TWN,SGP,900220
6443617,43,197,9660,2013,2541.0,0.0,1.113767,1.477496,CHN,SLV,900220
6443618,61,197,9660,2013,1513.0,0.0,2.093658,-3.4281980000000005,DEU,SLV,900220
6443619,231,197,9660,2013,166628.0,0.0,1.6639689999999998,-0.48651300000000003,USA,SLV,900220
6443620,15,206,9660,2013,2120.0,38651.0,1.7209240000000001,-0.286892,AUT,SVK,900220
6443621,18,206,9660,2013,12623.0,0.0,1.316207,0.972601,BEL,SVK,900220
6443622,23,206,9660,2013,0.0,1151.0,0.5026109999999999,1.674296,BGR,SVK,900220
6443623,32,206,9660,2013,0.0,5836.0,0.14765899999999998,0.399262,BRA,SVK,900220
6443624,39,206,9660,2013,1959.0,0.0,0.719649,1.017046,CAN,SVK,900220
6443625,41,206,9660,2013,24047.0,0.0,2.2104470000000003,0.5403479999999999,CHE,SVK,900220
6443626,43,206,9660,2013,5720.0,0.0,1.113767,1.477496,CHN,SVK,900220
6443627,59,206,9660,2013,125442.0,137834.0,1.819653,-0.12423800000000002,CZE,SVK,900220
6443628,61,206,9660,2013,133771.0,1738.0,2.093658,-3.4281980000000005,DEU,SVK,900220
6443629,64,206,9660,2013,25922.0,0.0,1.161835,1.1788450000000001,DNK,SVK,900220
6443630,71,206,9660,2013,2697.0,0.0,0.861698,2.353993,ESP,SVK,900220
6443631,72,206,9660,2013,0.0,2226.0,0.8828940000000001,1.386574,EST,SVK,900220
6443632,77,206,9660,2013,6838.0,7851.0,1.520354,0.022874000000000002,FRA,SVK,900220
6443633,81,206,9660,2013,1322.0,0.0,1.7901259999999999,0.44164,GBR,SVK,900220
6443634,97,206,9660,2013,38617.0,0.0,0.744383,1.923139,HKG,SVK,900220
6443635,100,206,9660,2013,0.0,3504.0,0.898284,1.038807,HRV,SVK,900220
6443636,102,206,9660,2013,6493.0,1651.0,1.506101,0.7279220000000001,HUN,SVK,900220
6443637,106,206,9660,2013,488.0,0.0,1.29988,0.240688,IRL,SVK,900220
6443638,111,206,9660,2013,14794.0,2705.0,1.289924,0.533436,ITA,SVK,900220
6443639,114,206,9660,2013,51399.0,0.0,2.3993130000000003,-0.564768,JPN,SVK,900220
6443640,115,206,9660,2013,0.0,2596.0,-0.680678,-0.83347,KAZ,SVK,900220
6443641,121,206,9660,2013,24317.0,0.0,1.818383,0.75645,KOR,SVK,900220
6443642,132,206,9660,2013,0.0,2592.0,0.6219439999999999,1.166749,LVA,SVK,900220
6443643,153,206,9660,2013,0.0,5104.0,0.937641,0.747496,MYS,SVK,900220
6443644,162,206,9660,2013,39272.0,2782.0,1.184107,1.249557,NLD,SVK,900220
6443645,174,206,9660,2013,1112.0,0.0,0.507868,0.355403,PHL,SVK,900220
6443646,177,206,9660,2013,22325.0,15053.0,1.084332,1.216749,POL,SVK,900220
6443647,179,206,9660,2013,0.0,7120.0,0.541454,2.5228610000000002,PRT,SVK,900220
6443648,186,206,9660,2013,0.0,10169.0,0.481166,-0.180052,RUS,SVK,900220
6443649,207,206,9660,2013,12903.0,0.0,1.698374,0.563082,SVN,SVK,900220
6443650,208,206,9660,2013,14017.0,0.0,1.869421,0.228109,SWE,SVK,900220
6443651,224,206,9660,2013,4057.0,0.0,0.42932299999999995,2.690235,TUR,SVK,900220
6443652,231,206,9660,2013,1767.0,0.0,1.6639689999999998,-0.48651300000000003,USA,SVK,900220
6443653,250,206,9660,2013,77549.0,0.0,0.628555,0.277602,ANS,SVK,900220
6443654,7,208,9660,2013,0.0,5043.0,-0.074047,-0.585168,ARE,SWE,900220
6443655,9,208,9660,2013,0.0,1332.0,-0.076922,-0.5781390000000001,ARM,SWE,900220
6443656,14,208,9660,2013,6967.0,29197.0,-0.31145700000000004,-0.167628,AUS,SWE,900220
6443657,15,208,9660,2013,7637.0,4081.0,1.7209240000000001,-0.286892,AUT,SWE,900220
6443658,18,208,9660,2013,54072.0,44476.0,1.316207,0.972601,BEL,SWE,900220
6443659,32,208,9660,2013,0.0,9381.0,0.14765899999999998,0.399262,BRA,SWE,900220
6443660,39,208,9660,2013,1410.0,21780.0,0.719649,1.017046,CAN,SWE,900220
6443661,41,208,9660,2013,18271.0,29916.0,2.2104470000000003,0.5403479999999999,CHE,SWE,900220
6443662,43,208,9660,2013,245291.0,15758.0,1.113767,1.477496,CHN,SWE,900220
6443663,49,208,9660,2013,0.0,8958.0,0.121799,-0.388239,COL,SWE,900220
6443664,59,208,9660,2013,0.0,8791.0,1.819653,-0.12423800000000002,CZE,SWE,900220
6443665,61,208,9660,2013,980941.0,69802.0,2.093658,-3.4281980000000005,DEU,SWE,900220
6443666,64,208,9660,2013,155914.0,663317.0,1.161835,1.1788450000000001,DNK,SWE,900220
6443667,66,208,9660,2013,0.0,1538.0,-1.373947,-1.1523459999999999,DZA,SWE,900220
6443668,68,208,9660,2013,0.0,2863.0,-0.17418,1.692641,EGY,SWE,900220
6443669,71,208,9660,2013,1052.0,37959.0,0.861698,2.353993,ESP,SWE,900220
6443670,74,208,9660,2013,84857.0,251235.0,1.734552,0.8896940000000001,FIN,SWE,900220
6443671,77,208,9660,2013,8610.0,34987.0,1.520354,0.022874000000000002,FRA,SWE,900220
6443672,81,208,9660,2013,206690.0,499913.0,1.7901259999999999,0.44164,GBR,SWE,900220
6443673,85,208,9660,2013,12095.0,0.0,-1.1287459999999998,-1.069735,GIN,SWE,900220
6443674,97,208,9660,2013,37837.0,59014.0,0.744383,1.923139,HKG,SWE,900220
6443675,102,208,9660,2013,0.0,6922.0,1.506101,0.7279220000000001,HUN,SWE,900220
6443676,103,208,9660,2013,0.0,5001.0,-0.216854,1.415728,IDN,SWE,900220
6443677,104,208,9660,2013,0.0,6249.0,0.215356,2.3916209999999998,IND,SWE,900220
6443678,106,208,9660,2013,1957.0,2760.0,1.29988,0.240688,IRL,SWE,900220
6443679,109,208,9660,2013,0.0,12109.0,0.259374,-0.20413299999999998,ISL,SWE,900220
6443680,110,208,9660,2013,15993.0,13624.0,1.197241,0.633828,ISR,SWE,900220
6443681,111,208,9660,2013,79108.0,13147.0,1.289924,0.533436,ITA,SWE,900220
6443682,114,208,9660,2013,639896.0,76705.0,2.3993130000000003,-0.564768,JPN,SWE,900220
6443683,121,208,9660,2013,0.0,7960.0,1.818383,0.75645,KOR,SWE,900220
6443684,130,208,9660,2013,0.0,4171.0,0.737796,1.215543,LTU,SWE,900220
6443685,132,208,9660,2013,0.0,1862.0,0.6219439999999999,1.166749,LVA,SWE,900220
6443686,153,208,9660,2013,0.0,3992.0,0.937641,0.747496,MYS,SWE,900220
6443687,162,208,9660,2013,255260.0,17060.0,1.184107,1.249557,NLD,SWE,900220
6443688,163,208,9660,2013,183315.0,420457.0,0.892099,0.18168399999999998,NOR,SWE,900220
6443689,166,208,9660,2013,0.0,3334.0,0.3345,0.39063000000000003,NZL,SWE,900220
6443690,174,208,9660,2013,129224.0,0.0,0.507868,0.355403,PHL,SWE,900220
6443691,177,208,9660,2013,16014.0,15681.0,1.084332,1.216749,POL,SWE,900220
6443692,183,208,9660,2013,0.0,125797.0,-0.083649,-1.013491,QAT,SWE,900220
6443693,186,208,9660,2013,0.0,5413.0,0.481166,-0.180052,RUS,SWE,900220
6443694,188,208,9660,2013,0.0,34047.0,0.626347,-0.844406,SAU,SWE,900220
6443695,192,208,9660,2013,151240.0,1684.0,1.915504,0.619576,SGP,SWE,900220
6443696,206,208,9660,2013,0.0,14017.0,1.32064,0.7519819999999999,SVK,SWE,900220
6443697,207,208,9660,2013,39938.0,2673.0,1.698374,0.563082,SVN,SWE,900220
6443698,216,208,9660,2013,0.0,12238.0,0.8752139999999999,1.3798620000000001,THA,SWE,900220
6443699,224,208,9660,2013,0.0,6965.0,0.42932299999999995,2.690235,TUR,SWE,900220
6443700,231,208,9660,2013,281144.0,1599698.0,1.6639689999999998,-0.48651300000000003,USA,SWE,900220
6443701,246,208,9660,2013,0.0,1459.0,0.380284,1.5682120000000002,ZAF,SWE,900220
6443702,247,208,9660,2013,8670.0,600030.0,-0.382129,-0.5442229999999999,ZMB,SWE,900220
6443703,249,208,9660,2013,14379.0,0.0,1.843186,0.9432379999999999,TWN,SWE,900220
6443704,7,216,9660,2013,0.0,108906.0,-0.074047,-0.585168,ARE,THA,900220
6443705,14,216,9660,2013,5529.0,15785.0,-0.31145700000000004,-0.167628,AUS,THA,900220
6443706,15,216,9660,2013,5465.0,0.0,1.7209240000000001,-0.286892,AUT,THA,900220
6443707,24,216,9660,2013,0.0,9341.0,0.249681,-0.6204270000000001,BHR,THA,900220
6443708,39,216,9660,2013,2646.0,40032.0,0.719649,1.017046,CAN,THA,900220
6443709,41,216,9660,2013,4910.0,0.0,2.2104470000000003,0.5403479999999999,CHE,THA,900220
6443710,43,216,9660,2013,6886460.0,38090.0,1.113767,1.477496,CHN,THA,900220
6443711,59,216,9660,2013,0.0,50978.0,1.819653,-0.12423800000000002,CZE,THA,900220
6443712,61,216,9660,2013,139218.0,3876.0,2.093658,-3.4281980000000005,DEU,THA,900220
6443713,71,216,9660,2013,0.0,3112.0,0.861698,2.353993,ESP,THA,900220
6443714,77,216,9660,2013,31489.0,4562.0,1.520354,0.022874000000000002,FRA,THA,900220
6443715,81,216,9660,2013,8034.0,0.0,1.7901259999999999,0.44164,GBR,THA,900220
6443716,97,216,9660,2013,138419.0,4574.0,0.744383,1.923139,HKG,THA,900220
6443717,103,216,9660,2013,1038.0,1065.0,-0.216854,1.415728,IDN,THA,900220
6443718,104,216,9660,2013,6936.0,8155.0,0.215356,2.3916209999999998,IND,THA,900220
6443719,106,216,9660,2013,2806.0,0.0,1.29988,0.240688,IRL,THA,900220
6443720,110,216,9660,2013,1035.0,0.0,1.197241,0.633828,ISR,THA,900220
6443721,111,216,9660,2013,29539.0,0.0,1.289924,0.533436,ITA,THA,900220
6443722,114,216,9660,2013,8241534.0,5348408.0,2.3993130000000003,-0.564768,JPN,THA,900220
6443723,121,216,9660,2013,13718.0,323758.0,1.818383,0.75645,KOR,THA,900220
6443724,122,216,9660,2013,0.0,138135.0,-0.536384,-1.08382,KWT,THA,900220
6443725,123,216,9660,2013,0.0,82870.0,-1.204446,-0.8571489999999999,LAO,THA,900220
6443726,143,216,9660,2013,0.0,5696.0,-1.230787,-0.737375,MMR,THA,900220
6443727,153,216,9660,2013,86121.0,75389.0,0.937641,0.747496,MYS,THA,900220
6443728,162,216,9660,2013,1644.0,0.0,1.184107,1.249557,NLD,THA,900220
6443729,166,216,9660,2013,0.0,1877.0,0.3345,0.39063000000000003,NZL,THA,900220
6443730,174,216,9660,2013,101160.0,0.0,0.507868,0.355403,PHL,THA,900220
6443731,177,216,9660,2013,3063.0,0.0,1.084332,1.216749,POL,THA,900220
6443732,183,216,9660,2013,0.0,2995.0,-0.083649,-1.013491,QAT,THA,900220
6443733,188,216,9660,2013,0.0,42082.0,0.626347,-0.844406,SAU,THA,900220
6443734,192,216,9660,2013,247498.0,6440.0,1.915504,0.619576,SGP,THA,900220
6443735,208,216,9660,2013,12238.0,0.0,1.869421,0.228109,SWE,THA,900220
6443736,231,216,9660,2013,1755673.0,42217.0,1.6639689999999998,-0.48651300000000003,USA,THA,900220
6443737,239,216,9660,2013,0.0,2024.0,-0.11426900000000001,1.399738,VNM,THA,900220
6443738,243,216,9660,2013,0.0,23361.0,-1.252605,-1.207324,YEM,THA,900220
6443739,246,216,9660,2013,7365.0,0.0,0.380284,1.5682120000000002,ZAF,THA,900220
6443740,249,216,9660,2013,4404026.0,9351.0,1.843186,0.9432379999999999,TWN,THA,900220
6443741,169,222,9660,2013,4189.0,0.0,0.735637,1.161718,PAN,TTO,900220
6443742,231,222,9660,2013,261969.0,0.0,1.6639689999999998,-0.48651300000000003,USA,TTO,900220
6443743,7,224,9660,2013,0.0,1730.0,-0.074047,-0.585168,ARE,TUR,900220
6443744,15,224,9660,2013,11939.0,0.0,1.7209240000000001,-0.286892,AUT,TUR,900220
6443745,16,224,9660,2013,0.0,10969.0,-0.9232870000000001,-1.165928,AZE,TUR,900220
6443746,18,224,9660,2013,125913.0,0.0,1.316207,0.972601,BEL,TUR,900220
6443747,24,224,9660,2013,0.0,7679.0,0.249681,-0.6204270000000001,BHR,TUR,900220
6443748,39,224,9660,2013,2324.0,0.0,0.719649,1.017046,CAN,TUR,900220
6443749,41,224,9660,2013,48973.0,0.0,2.2104470000000003,0.5403479999999999,CHE,TUR,900220
6443750,43,224,9660,2013,158597.0,0.0,1.113767,1.477496,CHN,TUR,900220
6443751,58,224,9660,2013,0.0,4336.0,0.502238,0.349608,CYP,TUR,900220
6443752,61,224,9660,2013,414791.0,20144.0,2.093658,-3.4281980000000005,DEU,TUR,900220
6443753,71,224,9660,2013,2941.0,0.0,0.861698,2.353993,ESP,TUR,900220
6443754,73,224,9660,2013,0.0,49462.0,-1.264002,-0.9594219999999999,ETH,TUR,900220
6443755,74,224,9660,2013,1824.0,0.0,1.734552,0.8896940000000001,FIN,TUR,900220
6443756,77,224,9660,2013,12743.0,0.0,1.520354,0.022874000000000002,FRA,TUR,900220
6443757,81,224,9660,2013,263050.0,56159.0,1.7901259999999999,0.44164,GBR,TUR,900220
6443758,82,224,9660,2013,0.0,1553.0,-0.160691,-0.393419,GEO,TUR,900220
6443759,90,224,9660,2013,0.0,2854.0,0.18823800000000002,0.910906,GRC,TUR,900220
6443760,97,224,9660,2013,1980.0,0.0,0.744383,1.923139,HKG,TUR,900220
6443761,104,224,9660,2013,0.0,2048.0,0.215356,2.3916209999999998,IND,TUR,900220
6443762,106,224,9660,2013,1887.0,0.0,1.29988,0.240688,IRL,TUR,900220
6443763,107,224,9660,2013,0.0,5723.0,-0.339172,-0.237114,IRN,TUR,900220
6443764,108,224,9660,2013,0.0,22248.0,-2.839079,-0.8705440000000001,IRQ,TUR,900220
6443765,110,224,9660,2013,346117.0,0.0,1.197241,0.633828,ISR,TUR,900220
6443766,111,224,9660,2013,9036.0,0.0,1.289924,0.533436,ITA,TUR,900220
6443767,114,224,9660,2013,153322.0,0.0,2.3993130000000003,-0.564768,JPN,TUR,900220
6443768,115,224,9660,2013,0.0,4302.0,-0.680678,-0.83347,KAZ,TUR,900220
6443769,116,224,9660,2013,0.0,22627.0,-0.448112,0.8672719999999999,KEN,TUR,900220
6443770,121,224,9660,2013,48793.0,0.0,1.818383,0.75645,KOR,TUR,900220
6443771,122,224,9660,2013,0.0,2915.0,-0.536384,-1.08382,KWT,TUR,900220
6443772,126,224,9660,2013,0.0,2000.0,-1.6241459999999999,-1.1817950000000002,LBY,TUR,900220
6443773,162,224,9660,2013,9021.0,0.0,1.184107,1.249557,NLD,TUR,900220
6443774,168,224,9660,2013,0.0,1182.0,-0.75727,0.769703,PAK,TUR,900220
6443775,174,224,9660,2013,71937.0,0.0,0.507868,0.355403,PHL,TUR,900220
6443776,183,224,9660,2013,0.0,15509.0,-0.083649,-1.013491,QAT,TUR,900220
6443777,185,224,9660,2013,0.0,5822.0,0.792035,1.225034,ROU,TUR,900220
6443778,188,224,9660,2013,0.0,174924.0,0.626347,-0.844406,SAU,TUR,900220
6443779,192,224,9660,2013,7153.0,0.0,1.915504,0.619576,SGP,TUR,900220
6443780,201,224,9660,2013,0.0,1990.0,0.5717720000000001,1.174901,SRB,TUR,900220
6443781,206,224,9660,2013,0.0,4057.0,1.32064,0.7519819999999999,SVK,TUR,900220
6443782,208,224,9660,2013,6965.0,0.0,1.869421,0.228109,SWE,TUR,900220
6443783,217,224,9660,2013,0.0,1678.0,-1.2512889999999999,-1.16402,TJK,TUR,900220
6443784,219,224,9660,2013,0.0,2186.0,-1.6186770000000001,-1.2210969999999999,TKM,TUR,900220
6443785,223,224,9660,2013,436288.0,0.0,0.185528,1.0070700000000001,TUN,TUR,900220
6443786,227,224,9660,2013,0.0,3194.0,-0.5462279999999999,0.200682,UGA,TUR,900220
6443787,228,224,9660,2013,0.0,3953.0,0.657729,0.9063200000000001,UKR,TUR,900220
6443788,231,224,9660,2013,151102.0,0.0,1.6639689999999998,-0.48651300000000003,USA,TUR,900220
6443789,232,224,9660,2013,0.0,1067.0,-0.748212,-0.567268,UZB,TUR,900220
6443790,246,224,9660,2013,864.0,0.0,0.380284,1.5682120000000002,ZAF,TUR,900220
6443791,249,224,9660,2013,17416.0,0.0,1.843186,0.9432379999999999,TWN,TUR,900220
6443792,43,228,9660,2013,8709.0,0.0,1.113767,1.477496,CHN,UKR,900220
6443793,61,228,9660,2013,96230.0,0.0,2.093658,-3.4281980000000005,DEU,UKR,900220
6443794,81,228,9660,2013,1483.0,0.0,1.7901259999999999,0.44164,GBR,UKR,900220
6443795,82,228,9660,2013,0.0,7018.0,-0.160691,-0.393419,GEO,UKR,900220
6443796,104,228,9660,2013,0.0,2364.0,0.215356,2.3916209999999998,IND,UKR,900220
6443797,111,228,9660,2013,1696.0,0.0,1.289924,0.533436,ITA,UKR,900220
6443798,114,228,9660,2013,247558.0,0.0,2.3993130000000003,-0.564768,JPN,UKR,900220
6443799,174,228,9660,2013,7419.0,0.0,0.507868,0.355403,PHL,UKR,900220
6443800,177,228,9660,2013,53161.0,0.0,1.084332,1.216749,POL,UKR,900220
6443801,186,228,9660,2013,807.0,0.0,0.481166,-0.180052,RUS,UKR,900220
6443802,192,228,9660,2013,777.0,0.0,1.915504,0.619576,SGP,UKR,900220
6443803,207,228,9660,2013,2730.0,0.0,1.698374,0.563082,SVN,UKR,900220
6443804,224,228,9660,2013,3953.0,0.0,0.42932299999999995,2.690235,TUR,UKR,900220
6443805,231,228,9660,2013,14872.0,0.0,1.6639689999999998,-0.48651300000000003,USA,UKR,900220
6443806,32,230,9660,2013,7822.0,0.0,0.14765899999999998,0.399262,BRA,URY,900220
6443807,43,230,9660,2013,3338.0,0.0,1.113767,1.477496,CHN,URY,900220
6443808,61,230,9660,2013,1052.0,0.0,2.093658,-3.4281980000000005,DEU,URY,900220
6443809,74,230,9660,2013,7151.0,0.0,1.734552,0.8896940000000001,FIN,URY,900220
6443810,81,230,9660,2013,2081.0,0.0,1.7901259999999999,0.44164,GBR,URY,900220
6443811,111,230,9660,2013,1445.0,0.0,1.289924,0.533436,ITA,URY,900220
6443812,114,230,9660,2013,25463.0,0.0,2.3993130000000003,-0.564768,JPN,URY,900220
6443813,231,230,9660,2013,37746.0,0.0,1.6639689999999998,-0.48651300000000003,USA,URY,900220
6443814,0,231,9660,2013,0.0,8539.0,0.913235,-0.149061,ABW,USA,900220
6443815,1,231,9660,2013,0.0,29499.0,-0.985727,-0.7164550000000001,AFG,USA,900220
6443816,2,231,9660,2013,0.0,45590.0,-1.172043,-1.133735,AGO,USA,900220
6443817,7,231,9660,2013,0.0,73388.0,-0.074047,-0.585168,ARE,USA,900220
6443818,8,231,9660,2013,0.0,5835063.0,0.20314300000000002,0.494062,ARG,USA,900220
6443819,13,231,9660,2013,0.0,6039.0,0.096563,-0.60577,ATG,USA,900220
6443820,14,231,9660,2013,35563.0,944187.0,-0.31145700000000004,-0.167628,AUS,USA,900220
6443821,15,231,9660,2013,19778.0,1311387.0,1.7209240000000001,-0.286892,AUT,USA,900220
6443822,16,231,9660,2013,0.0,2908.0,-0.9232870000000001,-1.165928,AZE,USA,900220
6443823,18,231,9660,2013,651990.0,486157.0,1.316207,0.972601,BEL,USA,900220
6443824,21,231,9660,2013,0.0,2109.0,-0.9110360000000001,-0.852492,BFA,USA,900220
6443825,23,231,9660,2013,0.0,5264.0,0.5026109999999999,1.674296,BGR,USA,900220
6443826,24,231,9660,2013,0.0,17231.0,0.249681,-0.6204270000000001,BHR,USA,900220
6443827,25,231,9660,2013,0.0,63138.0,0.756732,-0.369842,BHS,USA,900220
6443828,28,231,9660,2013,0.0,4286.0,1.036923,0.864568,BLR,USA,900220
6443829,29,231,9660,2013,0.0,2192.0,-0.35218299999999997,-0.508891,BLZ,USA,900220
6443830,30,231,9660,2013,0.0,7969.0,1.087677,-0.452984,BMU,USA,900220
6443831,31,231,9660,2013,0.0,19639.0,-1.039614,-0.95663,BOL,USA,900220
6443832,32,231,9660,2013,12602.0,733874.0,0.14765899999999998,0.399262,BRA,USA,900220
6443833,33,231,9660,2013,0.0,8280.0,0.6969489999999999,0.135283,BRB,USA,900220
6443834,34,231,9660,2013,0.0,3929.0,-0.866827,-0.795995,BRN,USA,900220
6443835,37,231,9660,2013,0.0,42497.0,-0.46761499999999995,-1.0842040000000002,BWA,USA,900220
6443836,39,231,9660,2013,1358516.0,6812950.0,0.719649,1.017046,CAN,USA,900220
6443837,41,231,9660,2013,720976.0,1079738.0,2.2104470000000003,0.5403479999999999,CHE,USA,900220
6443838,42,231,9660,2013,0.0,232242.0,-0.260718,-0.38256100000000004,CHL,USA,900220
6443839,43,231,9660,2013,9881923.0,5926614.0,1.113767,1.477496,CHN,USA,900220
6443840,44,231,9660,2013,0.0,58084.0,-0.923558,-0.866642,CIV,USA,900220
6443841,49,231,9660,2013,0.0,540487.0,0.121799,-0.388239,COL,USA,900220
6443842,52,231,9660,2013,0.0,64551.0,0.067379,-0.688217,CRI,USA,900220
6443843,55,231,9660,2013,0.0,16055.0,0.029981999999999998,-0.673439,CUW,USA,900220
6443844,57,231,9660,2013,0.0,34175.0,0.391996,-0.73249,CYM,USA,900220
6443845,58,231,9660,2013,0.0,5318.0,0.502238,0.349608,CYP,USA,900220
6443846,59,231,9660,2013,48222.0,83345.0,1.819653,-0.12423800000000002,CZE,USA,900220
6443847,61,231,9660,2013,7883466.0,12602757.0,2.093658,-3.4281980000000005,DEU,USA,900220
6443848,64,231,9660,2013,330435.0,37815.0,1.161835,1.1788450000000001,DNK,USA,900220
6443849,65,231,9660,2013,0.0,68072.0,-0.277269,0.432388,DOM,USA,900220
6443850,66,231,9660,2013,0.0,6912.0,-1.373947,-1.1523459999999999,DZA,USA,900220
6443851,67,231,9660,2013,0.0,130819.0,-0.86546,-0.8888389999999999,ECU,USA,900220
6443852,68,231,9660,2013,0.0,2380.0,-0.17418,1.692641,EGY,USA,900220
6443853,71,231,9660,2013,2083.0,343599.0,0.861698,2.353993,ESP,USA,900220
6443854,72,231,9660,2013,0.0,2581.0,0.8828940000000001,1.386574,EST,USA,900220
6443855,74,231,9660,2013,5354.0,119092.0,1.734552,0.8896940000000001,FIN,USA,900220
6443856,77,231,9660,2013,507655.0,2124616.0,1.520354,0.022874000000000002,FRA,USA,900220
6443857,79,231,9660,2013,0.0,1218.0,-0.234314,-0.8260700000000001,FSM,USA,900220
6443858,81,231,9660,2013,1981207.0,5484384.0,1.7901259999999999,0.44164,GBR,USA,900220
6443859,82,231,9660,2013,0.0,6555.0,-0.160691,-0.393419,GEO,USA,900220
6443860,83,231,9660,2013,0.0,27941.0,-0.7316010000000001,-0.5327689999999999,GHA,USA,900220
6443861,84,231,9660,2013,0.0,6780.0,0.991136,-0.603793,GIB,USA,900220
6443862,87,231,9660,2013,0.0,1989.0,-0.5571550000000001,-0.6860310000000001,GMB,USA,900220
6443863,89,231,9660,2013,0.0,8550.0,-1.521575,-0.814708,GNQ,USA,900220
6443864,90,231,9660,2013,0.0,19152.0,0.18823800000000002,0.910906,GRC,USA,900220
6443865,91,231,9660,2013,0.0,19879.0,0.073206,-0.567926,GRD,USA,900220
6443866,93,231,9660,2013,0.0,37196.0,-0.41466499999999995,0.774788,GTM,USA,900220
6443867,96,231,9660,2013,0.0,19735.0,-0.8555590000000001,-0.9744450000000001,GUY,USA,900220
6443868,97,231,9660,2013,985003.0,9067594.0,0.744383,1.923139,HKG,USA,900220
6443869,99,231,9660,2013,0.0,111080.0,-0.731431,-0.310927,HND,USA,900220
6443870,100,231,9660,2013,2748.0,6272.0,0.898284,1.038807,HRV,USA,900220
6443871,101,231,9660,2013,0.0,9940.0,-1.095392,-0.957326,HTI,USA,900220
6443872,102,231,9660,2013,13230.0,42397.0,1.506101,0.7279220000000001,HUN,USA,900220
6443873,103,231,9660,2013,2472.0,14037.0,-0.216854,1.415728,IDN,USA,900220
6443874,104,231,9660,2013,13132.0,1052723.0,0.215356,2.3916209999999998,IND,USA,900220
6443875,106,231,9660,2013,4088.0,90430.0,1.29988,0.240688,IRL,USA,900220
6443876,108,231,9660,2013,0.0,280143.0,-2.839079,-0.8705440000000001,IRQ,USA,900220
6443877,109,231,9660,2013,0.0,14302.0,0.259374,-0.20413299999999998,ISL,USA,900220
6443878,110,231,9660,2013,359965.0,1112360.0,1.197241,0.633828,ISR,USA,900220
6443879,111,231,9660,2013,158221.0,584671.0,1.289924,0.533436,ITA,USA,900220
6443880,112,231,9660,2013,0.0,13675.0,-0.541441,-0.8448559999999999,JAM,USA,900220
6443881,113,231,9660,2013,0.0,5858.0,0.152659,0.5889979999999999,JOR,USA,900220
6443882,114,231,9660,2013,12343403.0,7042242.0,2.3993130000000003,-0.564768,JPN,USA,900220
6443883,115,231,9660,2013,0.0,9821.0,-0.680678,-0.83347,KAZ,USA,900220
6443884,116,231,9660,2013,0.0,6606.0,-0.448112,0.8672719999999999,KEN,USA,900220
6443885,117,231,9660,2013,0.0,16779.0,-0.1035,0.339914,KGZ,USA,900220
6443886,118,231,9660,2013,0.0,5162.0,-1.054758,-0.872352,KHM,USA,900220
6443887,120,231,9660,2013,0.0,3594.0,0.8500270000000001,-0.390234,KNA,USA,900220
6443888,121,231,9660,2013,3429691.0,2707364.0,1.818383,0.75645,KOR,USA,900220
6443889,122,231,9660,2013,0.0,17009.0,-0.536384,-1.08382,KWT,USA,900220
6443890,124,231,9660,2013,0.0,5481.0,0.283084,1.4289100000000001,LBN,USA,900220
6443891,126,231,9660,2013,0.0,3966.0,-1.6241459999999999,-1.1817950000000002,LBY,USA,900220
6443892,127,231,9660,2013,0.0,1603.0,0.265129,-0.5083949999999999,LCA,USA,900220
6443893,130,231,9660,2013,0.0,154703.0,0.737796,1.215543,LTU,USA,900220
6443894,131,231,9660,2013,0.0,2871.0,1.170459,1.150327,LUX,USA,900220
6443895,132,231,9660,2013,0.0,15781.0,0.6219439999999999,1.166749,LVA,USA,900220
6443896,133,231,9660,2013,0.0,597685.0,0.252209,0.184401,MAC,USA,900220
6443897,134,231,9660,2013,0.0,9389.0,-0.6494260000000001,-0.035075999999999996,MAR,USA,900220
6443898,137,231,9660,2013,0.0,6975.0,-0.21889699999999998,-0.776392,MDV,USA,900220
6443899,138,231,9660,2013,122103.0,3363910.0,1.048507,0.718932,MEX,USA,900220
6443900,140,231,9660,2013,0.0,1251.0,-0.10859400000000001,0.155229,MKD,USA,900220
6443901,141,231,9660,2013,0.0,3020.0,-1.183671,-1.069504,MLI,USA,900220
6443902,142,231,9660,2013,0.0,3105.0,0.8519760000000001,-0.075869,MLT,USA,900220
6443903,143,231,9660,2013,0.0,9425.0,-1.230787,-0.737375,MMR,USA,900220
6443904,145,231,9660,2013,0.0,11857.0,-1.3270950000000001,-1.144547,MNG,USA,900220
6443905,151,231,9660,2013,0.0,4857.0,-0.158852,0.0061600000000000005,MUS,USA,900220
6443906,153,231,9660,2013,94987.0,1165658.0,0.937641,0.747496,MYS,USA,900220
6443907,155,231,9660,2013,0.0,1207.0,-0.308643,-0.480617,NAM,USA,900220
6443908,156,231,9660,2013,0.0,1928.0,-0.136052,-0.703913,NCL,USA,900220
6443909,159,231,9660,2013,0.0,20339.0,-1.745783,-1.1356680000000001,NGA,USA,900220
6443910,160,231,9660,2013,0.0,17240.0,-0.9277,-0.6842630000000001,NIC,USA,900220
6443911,162,231,9660,2013,407124.0,1437891.0,1.184107,1.249557,NLD,USA,900220
6443912,163,231,9660,2013,2016.0,297367.0,0.892099,0.18168399999999998,NOR,USA,900220
6443913,166,231,9660,2013,11252.0,101711.0,0.3345,0.39063000000000003,NZL,USA,900220
6443914,167,231,9660,2013,0.0,2761.0,-0.604175,-1.0463209999999998,OMN,USA,900220
6443915,168,231,9660,2013,0.0,7702.0,-0.75727,0.769703,PAK,USA,900220
6443916,169,231,9660,2013,11164.0,219415.0,0.735637,1.161718,PAN,USA,900220
6443917,173,231,9660,2013,0.0,303799.0,-0.573852,0.357977,PER,USA,900220
6443918,174,231,9660,2013,802821.0,28013.0,0.507868,0.355403,PHL,USA,900220
6443919,175,231,9660,2013,0.0,1133.0,0.232127,-0.716653,PLW,USA,900220
6443920,176,231,9660,2013,0.0,3128.0,-1.444244,-1.144231,PNG,USA,900220
6443921,177,231,9660,2013,86607.0,276184.0,1.084332,1.216749,POL,USA,900220
6443922,179,231,9660,2013,0.0,25281.0,0.541454,2.5228610000000002,PRT,USA,900220
6443923,180,231,9660,2013,0.0,53542.0,-0.566239,-0.9273459999999999,PRY,USA,900220
6443924,182,231,9660,2013,0.0,4144.0,-0.146044,-0.7055359999999999,PYF,USA,900220
6443925,183,231,9660,2013,0.0,91372.0,-0.083649,-1.013491,QAT,USA,900220
6443926,185,231,9660,2013,0.0,102417.0,0.792035,1.225034,ROU,USA,900220
6443927,186,231,9660,2013,14887.0,706768.0,0.481166,-0.180052,RUS,USA,900220
6443928,188,231,9660,2013,15276.0,466415.0,0.626347,-0.844406,SAU,USA,900220
6443929,192,231,9660,2013,350123.0,4768032.0,1.915504,0.619576,SGP,USA,900220
6443930,196,231,9660,2013,5780.0,0.0,-0.132082,-0.552921,SLE,USA,900220
6443931,197,231,9660,2013,0.0,166628.0,-0.021029,0.381522,SLV,USA,900220
6443932,201,231,9660,2013,0.0,3926.0,0.5717720000000001,1.174901,SRB,USA,900220
6443933,206,231,9660,2013,0.0,1767.0,1.32064,0.7519819999999999,SVK,USA,900220
6443934,207,231,9660,2013,208892.0,3700.0,1.698374,0.563082,SVN,USA,900220
6443935,208,231,9660,2013,1599698.0,281144.0,1.869421,0.228109,SWE,USA,900220
6443936,210,231,9660,2013,0.0,25850.0,0.5512090000000001,-0.22818400000000003,SXM,USA,900220
6443937,213,231,9660,2013,0.0,17920.0,0.41053199999999995,-0.007201999999999999,TCA,USA,900220
6443938,216,231,9660,2013,42217.0,1755673.0,0.8752139999999999,1.3798620000000001,THA,USA,900220
6443939,222,231,9660,2013,0.0,261969.0,-0.280641,-1.083332,TTO,USA,900220
6443940,223,231,9660,2013,126333.0,2014.0,0.185528,1.0070700000000001,TUN,USA,900220
6443941,224,231,9660,2013,0.0,151102.0,0.42932299999999995,2.690235,TUR,USA,900220
6443942,226,231,9660,2013,0.0,4993.0,-0.9306770000000001,0.273489,TZA,USA,900220
6443943,228,231,9660,2013,0.0,14872.0,0.657729,0.9063200000000001,UKR,USA,900220
6443944,230,231,9660,2013,0.0,37746.0,0.20190999999999998,-0.19777999999999998,URY,USA,900220
6443945,236,231,9660,2013,0.0,1461134.0,-0.778172,-1.107059,VEN,USA,900220
6443946,239,231,9660,2013,42998.0,79770.0,-0.11426900000000001,1.399738,VNM,USA,900220
6443947,243,231,9660,2013,0.0,245799.0,-1.252605,-1.207324,YEM,USA,900220
6443948,246,231,9660,2013,30981.0,802013.0,0.380284,1.5682120000000002,ZAF,USA,900220
6443949,247,231,9660,2013,0.0,21255.0,-0.382129,-0.5442229999999999,ZMB,USA,900220
6443950,249,231,9660,2013,1794272.0,1484720.0,1.843186,0.9432379999999999,TWN,USA,900220
6443951,43,236,9660,2013,15036.0,0.0,1.113767,1.477496,CHN,VEN,900220
6443952,61,236,9660,2013,24622.0,0.0,2.093658,-3.4281980000000005,DEU,VEN,900220
6443953,114,236,9660,2013,3803.0,0.0,2.3993130000000003,-0.564768,JPN,VEN,900220
6443954,138,236,9660,2013,2778.0,0.0,1.048507,0.718932,MEX,VEN,900220
6443955,169,236,9660,2013,84973.0,0.0,0.735637,1.161718,PAN,VEN,900220
6443956,231,236,9660,2013,1461134.0,0.0,1.6639689999999998,-0.48651300000000003,USA,VEN,900220
6443957,7,243,9660,2013,25121.0,0.0,-0.074047,-0.585168,ARE,YEM,900220
6443958,43,243,9660,2013,14259.0,0.0,1.113767,1.477496,CHN,YEM,900220
6443959,104,243,9660,2013,14395.0,0.0,0.215356,2.3916209999999998,IND,YEM,900220
6443960,192,243,9660,2013,167481.0,0.0,1.915504,0.619576,SGP,YEM,900220
6443961,216,243,9660,2013,23361.0,0.0,0.8752139999999999,1.3798620000000001,THA,YEM,900220
6443962,231,243,9660,2013,245799.0,0.0,1.6639689999999998,-0.48651300000000003,USA,YEM,900220
6443963,249,243,9660,2013,21630.0,0.0,1.843186,0.9432379999999999,TWN,YEM,900220
6443964,250,243,9660,2013,344613.0,0.0,0.628555,0.277602,ANS,YEM,900220
6443965,2,246,9660,2013,0.0,6046.0,-1.172043,-1.133735,AGO,ZAF,900220
6443966,14,246,9660,2013,151800.0,1033.0,-0.31145700000000004,-0.167628,AUS,ZAF,900220
6443967,15,246,9660,2013,5562.0,0.0,1.7209240000000001,-0.286892,AUT,ZAF,900220
6443968,18,246,9660,2013,6580.0,0.0,1.316207,0.972601,BEL,ZAF,900220
6443969,21,246,9660,2013,0.0,63770.0,-0.9110360000000001,-0.852492,BFA,ZAF,900220
6443970,37,246,9660,2013,0.0,38114.0,-0.46761499999999995,-1.0842040000000002,BWA,ZAF,900220
6443971,39,246,9660,2013,0.0,18647.0,0.719649,1.017046,CAN,ZAF,900220
6443972,41,246,9660,2013,29389.0,19086.0,2.2104470000000003,0.5403479999999999,CHE,ZAF,900220
6443973,43,246,9660,2013,12107.0,0.0,1.113767,1.477496,CHN,ZAF,900220
6443974,44,246,9660,2013,0.0,23537.0,-0.923558,-0.866642,CIV,ZAF,900220
6443975,46,246,9660,2013,0.0,16064.0,-1.300125,-1.0708010000000001,COD,ZAF,900220
6443976,58,246,9660,2013,0.0,3029.0,0.502238,0.349608,CYP,ZAF,900220
6443977,59,246,9660,2013,6034.0,0.0,1.819653,-0.12423800000000002,CZE,ZAF,900220
6443978,61,246,9660,2013,136541.0,0.0,2.093658,-3.4281980000000005,DEU,ZAF,900220
6443979,64,246,9660,2013,948.0,0.0,1.161835,1.1788450000000001,DNK,ZAF,900220
6443980,71,246,9660,2013,0.0,8883.0,0.861698,2.353993,ESP,ZAF,900220
6443981,74,246,9660,2013,1937.0,0.0,1.734552,0.8896940000000001,FIN,ZAF,900220
6443982,77,246,9660,2013,23886.0,0.0,1.520354,0.022874000000000002,FRA,ZAF,900220
6443983,80,246,9660,2013,0.0,3075.0,-1.6582830000000002,-1.155302,GAB,ZAF,900220
6443984,81,246,9660,2013,50899.0,0.0,1.7901259999999999,0.44164,GBR,ZAF,900220
6443985,83,246,9660,2013,0.0,48210.0,-0.7316010000000001,-0.5327689999999999,GHA,ZAF,900220
6443986,85,246,9660,2013,0.0,2959.0,-1.1287459999999998,-1.069735,GIN,ZAF,900220
6443987,97,246,9660,2013,19544.0,0.0,0.744383,1.923139,HKG,ZAF,900220
6443988,102,246,9660,2013,0.0,1444.0,1.506101,0.7279220000000001,HUN,ZAF,900220
6443989,106,246,9660,2013,2176.0,0.0,1.29988,0.240688,IRL,ZAF,900220
6443990,110,246,9660,2013,9733.0,0.0,1.197241,0.633828,ISR,ZAF,900220
6443991,111,246,9660,2013,5549.0,2195.0,1.289924,0.533436,ITA,ZAF,900220
6443992,114,246,9660,2013,270074.0,2635.0,2.3993130000000003,-0.564768,JPN,ZAF,900220
6443993,116,246,9660,2013,0.0,23447.0,-0.448112,0.8672719999999999,KEN,ZAF,900220
6443994,121,246,9660,2013,3000.0,0.0,1.818383,0.75645,KOR,ZAF,900220
6443995,129,246,9660,2013,0.0,3950.0,-0.7396689999999999,-0.696625,LSO,ZAF,900220
6443996,147,246,9660,2013,0.0,21224.0,-1.326323,-1.050969,MOZ,ZAF,900220
6443997,148,246,9660,2013,0.0,4814.0,-1.950532,-1.283104,MRT,ZAF,900220
6443998,151,246,9660,2013,0.0,26928.0,-0.158852,0.0061600000000000005,MUS,ZAF,900220
6443999,152,246,9660,2013,0.0,1751.0,-0.8992120000000001,-0.862175,MWI,ZAF,900220
6444000,153,246,9660,2013,2847.0,0.0,0.937641,0.747496,MYS,ZAF,900220
6444001,155,246,9660,2013,14307.0,46894.0,-0.308643,-0.480617,NAM,ZAF,900220
6444002,159,246,9660,2013,0.0,1866.0,-1.745783,-1.1356680000000001,NGA,ZAF,900220
6444003,162,246,9660,2013,23367.0,0.0,1.184107,1.249557,NLD,ZAF,900220
6444004,174,246,9660,2013,36014.0,0.0,0.507868,0.355403,PHL,ZAF,900220
6444005,180,246,9660,2013,0.0,1618.0,-0.566239,-0.9273459999999999,PRY,ZAF,900220
6444006,183,246,9660,2013,0.0,4992.0,-0.083649,-1.013491,QAT,ZAF,900220
6444007,192,246,9660,2013,3807.0,0.0,1.915504,0.619576,SGP,ZAF,900220
6444008,196,246,9660,2013,0.0,10722.0,-0.132082,-0.552921,SLE,ZAF,900220
6444009,207,246,9660,2013,4907.0,0.0,1.698374,0.563082,SVN,ZAF,900220
6444010,208,246,9660,2013,1459.0,0.0,1.869421,0.228109,SWE,ZAF,900220
6444011,209,246,9660,2013,0.0,13372.0,0.109267,-0.275005,SWZ,ZAF,900220
6444012,211,246,9660,2013,0.0,10742.0,0.270999,-0.474095,SYC,ZAF,900220
6444013,216,246,9660,2013,0.0,7365.0,0.8752139999999999,1.3798620000000001,THA,ZAF,900220
6444014,224,246,9660,2013,0.0,864.0,0.42932299999999995,2.690235,TUR,ZAF,900220
6444015,226,246,9660,2013,0.0,15116.0,-0.9306770000000001,0.273489,TZA,ZAF,900220
6444016,231,246,9660,2013,802013.0,30981.0,1.6639689999999998,-0.48651300000000003,USA,ZAF,900220
6444017,247,246,9660,2013,0.0,12290.0,-0.382129,-0.5442229999999999,ZMB,ZAF,900220
6444018,248,246,9660,2013,0.0,5003.0,-0.828702,-0.899175,ZWE,ZAF,900220
6444019,249,246,9660,2013,30185.0,0.0,1.843186,0.9432379999999999,TWN,ZAF,900220
6444020,250,246,9660,2013,0.0,1693.0,0.628555,0.277602,ANS,ZAF,900220
6444021,7,249,9660,2013,0.0,9275.0,-0.074047,-0.585168,ARE,TWN,900220
6444022,14,249,9660,2013,11824.0,24301.0,-0.31145700000000004,-0.167628,AUS,TWN,900220
6444023,15,249,9660,2013,6932.0,6242.0,1.7209240000000001,-0.286892,AUT,TWN,900220
6444024,18,249,9660,2013,3207.0,144033.0,1.316207,0.972601,BEL,TWN,900220
6444025,23,249,9660,2013,0.0,1707.0,0.5026109999999999,1.674296,BGR,TWN,900220
6444026,24,249,9660,2013,0.0,11060.0,0.249681,-0.6204270000000001,BHR,TWN,900220
6444027,32,249,9660,2013,0.0,77568.0,0.14765899999999998,0.399262,BRA,TWN,900220
6444028,39,249,9660,2013,11817.0,17051.0,0.719649,1.017046,CAN,TWN,900220
6444029,41,249,9660,2013,13819.0,133777.0,2.2104470000000003,0.5403479999999999,CHE,TWN,900220
6444030,43,249,9660,2013,582281.0,4912256.0,1.113767,1.477496,CHN,TWN,900220
6444031,44,249,9660,2013,0.0,1625.0,-0.923558,-0.866642,CIV,TWN,900220
6444032,59,249,9660,2013,2195.0,0.0,1.819653,-0.12423800000000002,CZE,TWN,900220
6444033,61,249,9660,2013,2796111.0,598965.0,2.093658,-3.4281980000000005,DEU,TWN,900220
6444034,64,249,9660,2013,7636.0,0.0,1.161835,1.1788450000000001,DNK,TWN,900220
6444035,71,249,9660,2013,0.0,3534.0,0.861698,2.353993,ESP,TWN,900220
6444036,74,249,9660,2013,0.0,3264.0,1.734552,0.8896940000000001,FIN,TWN,900220
6444037,77,249,9660,2013,58741.0,36993.0,1.520354,0.022874000000000002,FRA,TWN,900220
6444038,81,249,9660,2013,8447.0,20629.0,1.7901259999999999,0.44164,GBR,TWN,900220
6444039,97,249,9660,2013,155334.0,2199416.0,0.744383,1.923139,HKG,TWN,900220
6444040,102,249,9660,2013,0.0,5298.0,1.506101,0.7279220000000001,HUN,TWN,900220
6444041,104,249,9660,2013,0.0,1084.0,0.215356,2.3916209999999998,IND,TWN,900220
6444042,106,249,9660,2013,7401.0,3681.0,1.29988,0.240688,IRL,TWN,900220
6444043,110,249,9660,2013,64611.0,6150.0,1.197241,0.633828,ISR,TWN,900220
6444044,111,249,9660,2013,34154.0,13135.0,1.289924,0.533436,ITA,TWN,900220
6444045,114,249,9660,2013,3309836.0,2994628.0,2.3993130000000003,-0.564768,JPN,TWN,900220
6444046,121,249,9660,2013,1123814.0,3066951.0,1.818383,0.75645,KOR,TWN,900220
6444047,122,249,9660,2013,0.0,53870.0,-0.536384,-1.08382,KWT,TWN,900220
6444048,130,249,9660,2013,0.0,2560.0,0.737796,1.215543,LTU,TWN,900220
6444049,133,249,9660,2013,29646.0,1399306.0,0.252209,0.184401,MAC,TWN,900220
6444050,142,249,9660,2013,0.0,3808.0,0.8519760000000001,-0.075869,MLT,TWN,900220
6444051,153,249,9660,2013,15898.0,102478.0,0.937641,0.747496,MYS,TWN,900220
6444052,162,249,9660,2013,1102469.0,66855.0,1.184107,1.249557,NLD,TWN,900220
6444053,163,249,9660,2013,0.0,3979.0,0.892099,0.18168399999999998,NOR,TWN,900220
6444054,166,249,9660,2013,0.0,5269.0,0.3345,0.39063000000000003,NZL,TWN,900220
6444055,168,249,9660,2013,0.0,2655.0,-0.75727,0.769703,PAK,TWN,900220
6444056,169,249,9660,2013,0.0,13710.0,0.735637,1.161718,PAN,TWN,900220
6444057,174,249,9660,2013,67798.0,254062.0,0.507868,0.355403,PHL,TWN,900220
6444058,177,249,9660,2013,0.0,7950.0,1.084332,1.216749,POL,TWN,900220
6444059,179,249,9660,2013,0.0,3690.0,0.541454,2.5228610000000002,PRT,TWN,900220
6444060,180,249,9660,2013,0.0,1347.0,-0.566239,-0.9273459999999999,PRY,TWN,900220
6444061,183,249,9660,2013,0.0,33926.0,-0.083649,-1.013491,QAT,TWN,900220
6444062,186,249,9660,2013,2266.0,3592.0,0.481166,-0.180052,RUS,TWN,900220
6444063,188,249,9660,2013,0.0,31007.0,0.626347,-0.844406,SAU,TWN,900220
6444064,192,249,9660,2013,150107.0,168592.0,1.915504,0.619576,SGP,TWN,900220
6444065,195,249,9660,2013,0.0,4435.0,-0.9350860000000001,-0.877676,SLB,TWN,900220
6444066,208,249,9660,2013,0.0,14379.0,1.869421,0.228109,SWE,TWN,900220
6444067,216,249,9660,2013,9351.0,4404026.0,0.8752139999999999,1.3798620000000001,THA,TWN,900220
6444068,224,249,9660,2013,0.0,17416.0,0.42932299999999995,2.690235,TUR,TWN,900220
6444069,231,249,9660,2013,1484720.0,1794272.0,1.6639689999999998,-0.48651300000000003,USA,TWN,900220
6444070,239,249,9660,2013,0.0,50914.0,-0.11426900000000001,1.399738,VNM,TWN,900220
6444071,243,249,9660,2013,0.0,21630.0,-1.252605,-1.207324,YEM,TWN,900220
6444072,246,249,9660,2013,0.0,30185.0,0.380284,1.5682120000000002,ZAF,TWN,900220
6444073,250,249,9660,2013,57035.0,0.0,0.628555,0.277602,ANS,TWN,900220
6444074,7,250,9660,2013,14398.0,0.0,-0.074047,-0.585168,ARE,ANS,900220
6444075,42,250,9660,2013,0.0,4191.0,-0.260718,-0.38256100000000004,CHL,ANS,900220
6444076,44,250,9660,2013,2601.0,0.0,-0.923558,-0.866642,CIV,ANS,900220
6444077,72,250,9660,2013,0.0,3118.0,0.8828940000000001,1.386574,EST,ANS,900220
6444078,73,250,9660,2013,0.0,25516.0,-1.264002,-0.9594219999999999,ETH,ANS,900220
6444079,77,250,9660,2013,0.0,6419.0,1.520354,0.022874000000000002,FRA,ANS,900220
6444080,106,250,9660,2013,0.0,23084.0,1.29988,0.240688,IRL,ANS,900220
6444081,110,250,9660,2013,1000.0,0.0,1.197241,0.633828,ISR,ANS,900220
6444082,131,250,9660,2013,0.0,40877.0,1.170459,1.150327,LUX,ANS,900220
6444083,162,250,9660,2013,42501.0,0.0,1.184107,1.249557,NLD,ANS,900220
6444084,169,250,9660,2013,0.0,9038.0,0.735637,1.161718,PAN,ANS,900220
6444085,188,250,9660,2013,0.0,52367.0,0.626347,-0.844406,SAU,ANS,900220
6444086,206,250,9660,2013,0.0,77549.0,1.32064,0.7519819999999999,SVK,ANS,900220
6444087,223,250,9660,2013,4265.0,0.0,0.185528,1.0070700000000001,TUN,ANS,900220
6444088,243,250,9660,2013,0.0,344613.0,-1.252605,-1.207324,YEM,ANS,900220
6444089,246,250,9660,2013,1693.0,0.0,0.380284,1.5682120000000002,ZAF,ANS,900220
6444090,249,250,9660,2013,0.0,57035.0,1.843186,0.9432379999999999,TWN,ANS,900220
6444091,208,9,9660,2013,1332.0,0.0,1.869421,0.228109,SWE,ARM,900220
6444092,1,14,9660,2013,1581.0,0.0,-0.985727,-0.7164550000000001,AFG,AUS,900220
6444093,7,14,9660,2013,0.0,9883.0,-0.074047,-0.585168,ARE,AUS,900220
6444094,15,14,9660,2013,3018.0,1329.0,1.7209240000000001,-0.286892,AUT,AUS,900220
6444095,18,14,9660,2013,25514.0,0.0,1.316207,0.972601,BEL,AUS,900220
6444096,32,14,9660,2013,0.0,5067.0,0.14765899999999998,0.399262,BRA,AUS,900220
6444097,39,14,9660,2013,27637.0,13178.0,0.719649,1.017046,CAN,AUS,900220
6444098,40,14,9660,2013,0.0,2537.0,1.458176,0.045868,CCK,AUS,900220
6444099,41,14,9660,2013,60159.0,9428.0,2.2104470000000003,0.5403479999999999,CHE,AUS,900220
6444100,43,14,9660,2013,199038.0,80044.0,1.113767,1.477496,CHN,AUS,900220
6444101,44,14,9660,2013,0.0,13933.0,-0.923558,-0.866642,CIV,AUS,900220
6444102,56,14,9660,2013,0.0,12286.0,0.972676,-0.5206729999999999,CXR,AUS,900220
6444103,58,14,9660,2013,0.0,1097.0,0.502238,0.349608,CYP,AUS,900220
6444104,59,14,9660,2013,3304.0,0.0,1.819653,-0.12423800000000002,CZE,AUS,900220
6444105,61,14,9660,2013,452622.0,630679.0,2.093658,-3.4281980000000005,DEU,AUS,900220
6444106,64,14,9660,2013,0.0,6460.0,1.161835,1.1788450000000001,DNK,AUS,900220
6444107,68,14,9660,2013,0.0,18339.0,-0.17418,1.692641,EGY,AUS,900220
6444108,71,14,9660,2013,2145.0,977.0,0.861698,2.353993,ESP,AUS,900220
6444109,75,14,9660,2013,0.0,22124.0,-0.5203369999999999,-0.122405,FJI,AUS,900220
6444110,77,14,9660,2013,63434.0,9015.0,1.520354,0.022874000000000002,FRA,AUS,900220
6444111,81,14,9660,2013,169906.0,3241.0,1.7901259999999999,0.44164,GBR,AUS,900220
6444112,97,14,9660,2013,68465.0,1966.0,0.744383,1.923139,HKG,AUS,900220
6444113,103,14,9660,2013,0.0,12440.0,-0.216854,1.415728,IDN,AUS,900220
6444114,104,14,9660,2013,5478.0,2338.0,0.215356,2.3916209999999998,IND,AUS,900220
6444115,106,14,9660,2013,1314.0,2976.0,1.29988,0.240688,IRL,AUS,900220
6444116,110,14,9660,2013,4163.0,0.0,1.197241,0.633828,ISR,AUS,900220
6444117,111,14,9660,2013,8281.0,2382.0,1.289924,0.533436,ITA,AUS,900220
6444118,114,14,9660,2013,1793693.0,14034.0,2.3993130000000003,-0.564768,JPN,AUS,900220
6444119,115,14,9660,2013,0.0,7667.0,-0.680678,-0.83347,KAZ,AUS,900220
6444120,121,14,9660,2013,8658.0,8406.0,1.818383,0.75645,KOR,AUS,900220
6444121,122,14,9660,2013,0.0,1782.0,-0.536384,-1.08382,KWT,AUS,900220
6444122,138,14,9660,2013,1713.0,3640.0,1.048507,0.718932,MEX,AUS,900220
6444123,153,14,9660,2013,125621.0,45862.0,0.937641,0.747496,MYS,AUS,900220
6444124,156,14,9660,2013,0.0,204796.0,-0.136052,-0.703913,NCL,AUS,900220
6444125,162,14,9660,2013,0.0,55748.0,1.184107,1.249557,NLD,AUS,900220
6444126,165,14,9660,2013,0.0,9435.0,0.8494780000000001,-0.587259,NRU,AUS,900220
6444127,166,14,9660,2013,67088.0,371032.0,0.3345,0.39063000000000003,NZL,AUS,900220
6444128,167,14,9660,2013,0.0,1163.0,-0.604175,-1.0463209999999998,OMN,AUS,900220
6444129,173,14,9660,2013,0.0,1080.0,-0.573852,0.357977,PER,AUS,900220
6444130,174,14,9660,2013,660700.0,31972.0,0.507868,0.355403,PHL,AUS,900220
6444131,176,14,9660,2013,0.0,311383.0,-1.444244,-1.144231,PNG,AUS,900220
6444132,177,14,9660,2013,8045.0,1442.0,1.084332,1.216749,POL,AUS,900220
6444133,183,14,9660,2013,0.0,6438.0,-0.083649,-1.013491,QAT,AUS,900220
6444134,186,14,9660,2013,11000.0,1176.0,0.481166,-0.180052,RUS,AUS,900220
6444135,192,14,9660,2013,86369.0,65104.0,1.915504,0.619576,SGP,AUS,900220
6444136,195,14,9660,2013,0.0,4856.0,-0.9350860000000001,-0.877676,SLB,AUS,900220
6444137,207,14,9660,2013,5829.0,0.0,1.698374,0.563082,SVN,AUS,900220
6444138,208,14,9660,2013,29197.0,6967.0,1.869421,0.228109,SWE,AUS,900220
6444139,211,14,9660,2013,0.0,831.0,0.270999,-0.474095,SYC,AUS,900220
6444140,216,14,9660,2013,15785.0,5529.0,0.8752139999999999,1.3798620000000001,THA,AUS,900220
6444141,220,14,9660,2013,0.0,38014.0,-0.376633,-0.73677,TLS,AUS,900220
6444142,226,14,9660,2013,0.0,13126.0,-0.9306770000000001,0.273489,TZA,AUS,900220
6444143,231,14,9660,2013,944187.0,35563.0,1.6639689999999998,-0.48651300000000003,USA,AUS,900220
6444144,239,14,9660,2013,0.0,14352.0,-0.11426900000000001,1.399738,VNM,AUS,900220
6444145,240,14,9660,2013,0.0,9348.0,-0.6548689999999999,-0.811184,VUT,AUS,900220
6444146,246,14,9660,2013,1033.0,151800.0,0.380284,1.5682120000000002,ZAF,AUS,900220
6444147,247,14,9660,2013,0.0,1570.0,-0.382129,-0.5442229999999999,ZMB,AUS,900220
6444148,249,14,9660,2013,24301.0,11824.0,1.843186,0.9432379999999999,TWN,AUS,900220
6444149,61,16,9660,2013,3931.0,0.0,2.093658,-3.4281980000000005,DEU,AZE,900220
6444150,71,16,9660,2013,2166.0,0.0,0.861698,2.353993,ESP,AZE,900220
6444151,186,16,9660,2013,3170.0,0.0,0.481166,-0.180052,RUS,AZE,900220
6444152,224,16,9660,2013,10969.0,0.0,0.42932299999999995,2.690235,TUR,AZE,900220
6444153,231,16,9660,2013,2908.0,0.0,1.6639689999999998,-0.48651300000000003,USA,AZE,900220
6444154,41,22,9660,2013,2008.0,0.0,2.2104470000000003,0.5403479999999999,CHE,BGD,900220
6444155,43,22,9660,2013,1768.0,0.0,1.113767,1.477496,CHN,BGD,900220
6444156,61,22,9660,2013,2160.0,0.0,2.093658,-3.4281980000000005,DEU,BGD,900220
6444157,81,22,9660,2013,1643.0,0.0,1.7901259999999999,0.44164,GBR,BGD,900220
6444158,106,22,9660,2013,0.0,8714.0,1.29988,0.240688,IRL,BGD,900220
6444159,114,22,9660,2013,159834.0,0.0,2.3993130000000003,-0.564768,JPN,BGD,900220
6444160,162,22,9660,2013,47002.0,0.0,1.184107,1.249557,NLD,BGD,900220
6444161,7,24,9660,2013,15575.0,0.0,-0.074047,-0.585168,ARE,BHR,900220
6444162,8,24,9660,2013,1040.0,0.0,0.20314300000000002,0.494062,ARG,BHR,900220
6444163,43,24,9660,2013,25218.0,0.0,1.113767,1.477496,CHN,BHR,900220
6444164,59,24,9660,2013,20062.0,0.0,1.819653,-0.12423800000000002,CZE,BHR,900220
6444165,61,24,9660,2013,2280.0,0.0,2.093658,-3.4281980000000005,DEU,BHR,900220
6444166,64,24,9660,2013,6139.0,0.0,1.161835,1.1788450000000001,DNK,BHR,900220
6444167,74,24,9660,2013,23895.0,0.0,1.734552,0.8896940000000001,FIN,BHR,900220
6444168,77,24,9660,2013,2512.0,0.0,1.520354,0.022874000000000002,FRA,BHR,900220
6444169,81,24,9660,2013,19391.0,0.0,1.7901259999999999,0.44164,GBR,BHR,900220
6444170,103,24,9660,2013,2065.0,0.0,-0.216854,1.415728,IDN,BHR,900220
6444171,104,24,9660,2013,281389.0,0.0,0.215356,2.3916209999999998,IND,BHR,900220
6444172,111,24,9660,2013,52003.0,0.0,1.289924,0.533436,ITA,BHR,900220
6444173,114,24,9660,2013,28746.0,0.0,2.3993130000000003,-0.564768,JPN,BHR,900220
6444174,122,24,9660,2013,18744.0,8639.0,-0.536384,-1.08382,KWT,BHR,900220
6444175,138,24,9660,2013,779.0,0.0,1.048507,0.718932,MEX,BHR,900220
6444176,153,24,9660,2013,1788.0,0.0,0.937641,0.747496,MYS,BHR,900220
6444177,162,24,9660,2013,2139.0,0.0,1.184107,1.249557,NLD,BHR,900220
6444178,168,24,9660,2013,1729.0,0.0,-0.75727,0.769703,PAK,BHR,900220
6444179,174,24,9660,2013,1926.0,0.0,0.507868,0.355403,PHL,BHR,900220
6444180,188,24,9660,2013,174557.0,232703.0,0.626347,-0.844406,SAU,BHR,900220
6444181,216,24,9660,2013,9341.0,0.0,0.8752139999999999,1.3798620000000001,THA,BHR,900220
6444182,224,24,9660,2013,7679.0,0.0,0.42932299999999995,2.690235,TUR,BHR,900220
6444183,231,24,9660,2013,17231.0,0.0,1.6639689999999998,-0.48651300000000003,USA,BHR,900220
6444184,249,24,9660,2013,11060.0,0.0,1.843186,0.9432379999999999,TWN,BHR,900220
6444185,15,26,9660,2013,1895.0,0.0,1.7209240000000001,-0.286892,AUT,BIH,900220
6444186,61,26,9660,2013,6757.0,0.0,2.093658,-3.4281980000000005,DEU,BIH,900220
6444187,100,26,9660,2013,3626.0,0.0,0.898284,1.038807,HRV,BIH,900220
6444188,201,26,9660,2013,1364.0,4118.0,0.5717720000000001,1.174901,SRB,BIH,900220
6444189,207,26,9660,2013,6153.0,0.0,1.698374,0.563082,SVN,BIH,900220
6444190,15,28,9660,2013,25840.0,0.0,1.7209240000000001,-0.286892,AUT,BLR,900220
6444191,41,28,9660,2013,82990.0,0.0,2.2104470000000003,0.5403479999999999,CHE,BLR,900220
6444192,43,28,9660,2013,5298.0,0.0,1.113767,1.477496,CHN,BLR,900220
6444193,61,28,9660,2013,41791.0,1853.0,2.093658,-3.4281980000000005,DEU,BLR,900220
6444194,64,28,9660,2013,3511.0,0.0,1.161835,1.1788450000000001,DNK,BLR,900220
6444195,72,28,9660,2013,867.0,0.0,0.8828940000000001,1.386574,EST,BLR,900220
6444196,81,28,9660,2013,29070.0,0.0,1.7901259999999999,0.44164,GBR,BLR,900220
6444197,111,28,9660,2013,3201.0,0.0,1.289924,0.533436,ITA,BLR,900220
6444198,114,28,9660,2013,6585.0,0.0,2.3993130000000003,-0.564768,JPN,BLR,900220
6444199,115,28,9660,2013,0.0,25257.0,-0.680678,-0.83347,KAZ,BLR,900220
6444200,130,28,9660,2013,9529.0,0.0,0.737796,1.215543,LTU,BLR,900220
6444201,132,28,9660,2013,0.0,3152.0,0.6219439999999999,1.166749,LVA,BLR,900220
6444202,177,28,9660,2013,1995.0,0.0,1.084332,1.216749,POL,BLR,900220
6444203,186,28,9660,2013,97930.0,83000.0,0.481166,-0.180052,RUS,BLR,900220
6444204,207,28,9660,2013,2358.0,0.0,1.698374,0.563082,SVN,BLR,900220
6444205,231,28,9660,2013,4286.0,0.0,1.6639689999999998,-0.48651300000000003,USA,BLR,900220
6444206,7,68,9660,2013,1316.0,0.0,-0.074047,-0.585168,ARE,EGY,900220
6444207,14,68,9660,2013,18339.0,0.0,-0.31145700000000004,-0.167628,AUS,EGY,900220
6444208,18,68,9660,2013,17489.0,0.0,1.316207,0.972601,BEL,EGY,900220
6444209,43,68,9660,2013,93153.0,0.0,1.113767,1.477496,CHN,EGY,900220
6444210,61,68,9660,2013,35927.0,0.0,2.093658,-3.4281980000000005,DEU,EGY,900220
6444211,71,68,9660,2013,67034.0,0.0,0.861698,2.353993,ESP,EGY,900220
6444212,77,68,9660,2013,0.0,260489.0,1.520354,0.022874000000000002,FRA,EGY,900220
6444213,81,68,9660,2013,3435.0,0.0,1.7901259999999999,0.44164,GBR,EGY,900220
6444214,108,68,9660,2013,0.0,20423.0,-2.839079,-0.8705440000000001,IRQ,EGY,900220
6444215,111,68,9660,2013,37914.0,10205.0,1.289924,0.533436,ITA,EGY,900220
6444216,121,68,9660,2013,813460.0,0.0,1.818383,0.75645,KOR,EGY,900220
6444217,124,68,9660,2013,0.0,2541.0,0.283084,1.4289100000000001,LBN,EGY,900220
6444218,167,68,9660,2013,0.0,4473.0,-0.604175,-1.0463209999999998,OMN,EGY,900220
6444219,183,68,9660,2013,0.0,2039.0,-0.083649,-1.013491,QAT,EGY,900220
6444220,185,68,9660,2013,0.0,1353.0,0.792035,1.225034,ROU,EGY,900220
6444221,188,68,9660,2013,126323.0,354453.0,0.626347,-0.844406,SAU,EGY,900220
6444222,190,68,9660,2013,0.0,48731.0,-1.254944,-1.073564,SDN,EGY,900220
6444223,208,68,9660,2013,2863.0,0.0,1.869421,0.228109,SWE,EGY,900220
6444224,223,68,9660,2013,0.0,43623.0,0.185528,1.0070700000000001,TUN,EGY,900220
6444225,231,68,9660,2013,2380.0,0.0,1.6639689999999998,-0.48651300000000003,USA,EGY,900220
6444226,41,82,9660,2013,1061.0,0.0,2.2104470000000003,0.5403479999999999,CHE,GEO,900220
6444227,61,82,9660,2013,17903.0,0.0,2.093658,-3.4281980000000005,DEU,GEO,900220
6444228,224,82,9660,2013,1553.0,0.0,0.42932299999999995,2.690235,TUR,GEO,900220
6444229,228,82,9660,2013,7018.0,0.0,0.657729,0.9063200000000001,UKR,GEO,900220
6444230,231,82,9660,2013,6555.0,0.0,1.6639689999999998,-0.48651300000000003,USA,GEO,900220
6444231,4,100,9660,2013,0.0,1588.0,-0.53682,-0.162391,ALB,HRV,900220
6444232,15,100,9660,2013,3099.0,0.0,1.7209240000000001,-0.286892,AUT,HRV,900220
6444233,18,100,9660,2013,6157.0,0.0,1.316207,0.972601,BEL,HRV,900220
6444234,26,100,9660,2013,0.0,3626.0,0.46743199999999996,0.7340800000000001,BIH,HRV,900220
6444235,43,100,9660,2013,7926.0,0.0,1.113767,1.477496,CHN,HRV,900220
6444236,61,100,9660,2013,17703.0,50116.0,2.093658,-3.4281980000000005,DEU,HRV,900220
6444237,64,100,9660,2013,9464.0,0.0,1.161835,1.1788450000000001,DNK,HRV,900220
6444238,81,100,9660,2013,5849.0,0.0,1.7901259999999999,0.44164,GBR,HRV,900220
6444239,106,100,9660,2013,1999.0,0.0,1.29988,0.240688,IRL,HRV,900220
6444240,111,100,9660,2013,21228.0,0.0,1.289924,0.533436,ITA,HRV,900220
6444241,114,100,9660,2013,10043.0,0.0,2.3993130000000003,-0.564768,JPN,HRV,900220
6444242,201,100,9660,2013,2047.0,0.0,0.5717720000000001,1.174901,SRB,HRV,900220
6444243,206,100,9660,2013,3504.0,0.0,1.32064,0.7519819999999999,SVK,HRV,900220
6444244,207,100,9660,2013,8653.0,0.0,1.698374,0.563082,SVN,HRV,900220
6444245,231,100,9660,2013,6272.0,2748.0,1.6639689999999998,-0.48651300000000003,USA,HRV,900220
6444246,7,106,9660,2013,0.0,3312.0,-0.074047,-0.585168,ARE,IRL,900220
6444247,14,106,9660,2013,2976.0,1314.0,-0.31145700000000004,-0.167628,AUS,IRL,900220
6444248,15,106,9660,2013,0.0,2377.0,1.7209240000000001,-0.286892,AUT,IRL,900220
6444249,18,106,9660,2013,6846.0,26857.0,1.316207,0.972601,BEL,IRL,900220
6444250,22,106,9660,2013,8714.0,0.0,-1.101916,-0.734646,BGD,IRL,900220
6444251,39,106,9660,2013,2050.0,0.0,0.719649,1.017046,CAN,IRL,900220
6444252,41,106,9660,2013,40780.0,172815.0,2.2104470000000003,0.5403479999999999,CHE,IRL,900220
6444253,43,106,9660,2013,16109.0,10404.0,1.113767,1.477496,CHN,IRL,900220
6444254,59,106,9660,2013,0.0,9478.0,1.819653,-0.12423800000000002,CZE,IRL,900220
6444255,61,106,9660,2013,57860.0,75621.0,2.093658,-3.4281980000000005,DEU,IRL,900220
6444256,64,106,9660,2013,2217.0,18613.0,1.161835,1.1788450000000001,DNK,IRL,900220
6444257,71,106,9660,2013,0.0,4404.0,0.861698,2.353993,ESP,IRL,900220
6444258,74,106,9660,2013,0.0,1956.0,1.734552,0.8896940000000001,FIN,IRL,900220
6444259,77,106,9660,2013,0.0,27422.0,1.520354,0.022874000000000002,FRA,IRL,900220
6444260,81,106,9660,2013,299032.0,171515.0,1.7901259999999999,0.44164,GBR,IRL,900220
6444261,83,106,9660,2013,0.0,1061.0,-0.7316010000000001,-0.5327689999999999,GHA,IRL,900220
6444262,100,106,9660,2013,0.0,1999.0,0.898284,1.038807,HRV,IRL,900220
6444263,110,106,9660,2013,0.0,11005.0,1.197241,0.633828,ISR,IRL,900220
6444264,111,106,9660,2013,1629.0,13784.0,1.289924,0.533436,ITA,IRL,900220
6444265,114,106,9660,2013,23050.0,5138.0,2.3993130000000003,-0.564768,JPN,IRL,900220
6444266,121,106,9660,2013,2637.0,0.0,1.818383,0.75645,KOR,IRL,900220
6444267,159,106,9660,2013,0.0,1344.0,-1.745783,-1.1356680000000001,NGA,IRL,900220
6444268,162,106,9660,2013,92690.0,4443.0,1.184107,1.249557,NLD,IRL,900220
6444269,174,106,9660,2013,16101.0,0.0,0.507868,0.355403,PHL,IRL,900220
6444270,177,106,9660,2013,8453.0,9965.0,1.084332,1.216749,POL,IRL,900220
6444271,183,106,9660,2013,0.0,41420.0,-0.083649,-1.013491,QAT,IRL,900220
6444272,188,106,9660,2013,0.0,35113.0,0.626347,-0.844406,SAU,IRL,900220
6444273,192,106,9660,2013,969.0,0.0,1.915504,0.619576,SGP,IRL,900220
6444274,206,106,9660,2013,0.0,488.0,1.32064,0.7519819999999999,SVK,IRL,900220
6444275,208,106,9660,2013,2760.0,1957.0,1.869421,0.228109,SWE,IRL,900220
6444276,216,106,9660,2013,0.0,2806.0,0.8752139999999999,1.3798620000000001,THA,IRL,900220
6444277,224,106,9660,2013,0.0,1887.0,0.42932299999999995,2.690235,TUR,IRL,900220
6444278,231,106,9660,2013,90430.0,4088.0,1.6639689999999998,-0.48651300000000003,USA,IRL,900220
6444279,246,106,9660,2013,0.0,2176.0,0.380284,1.5682120000000002,ZAF,IRL,900220
6444280,247,106,9660,2013,0.0,85878.0,-0.382129,-0.5442229999999999,ZMB,IRL,900220
6444281,249,106,9660,2013,3681.0,7401.0,1.843186,0.9432379999999999,TWN,IRL,900220
6444282,250,106,9660,2013,23084.0,0.0,0.628555,0.277602,ANS,IRL,900220
6444283,7,107,9660,2013,15241.0,0.0,-0.074047,-0.585168,ARE,IRN,900220
6444284,43,107,9660,2013,3908.0,0.0,1.113767,1.477496,CHN,IRN,900220
6444285,61,107,9660,2013,2327.0,0.0,2.093658,-3.4281980000000005,DEU,IRN,900220
6444286,77,107,9660,2013,20308.0,0.0,1.520354,0.022874000000000002,FRA,IRN,900220
6444287,108,107,9660,2013,0.0,48692.0,-2.839079,-0.8705440000000001,IRQ,IRN,900220
6444288,114,107,9660,2013,20151.0,0.0,2.3993130000000003,-0.564768,JPN,IRN,900220
6444289,162,107,9660,2013,8291.0,0.0,1.184107,1.249557,NLD,IRN,900220
6444290,224,107,9660,2013,5723.0,0.0,0.42932299999999995,2.690235,TUR,IRN,900220
6444291,4,114,9660,2013,0.0,478.0,-0.53682,-0.162391,ALB,JPN,900220
6444292,5,114,9660,2013,0.0,644.0,0.9666530000000001,-0.159606,AND,JPN,900220
6444293,7,114,9660,2013,0.0,219440.0,-0.074047,-0.585168,ARE,JPN,900220
6444294,8,114,9660,2013,0.0,68948.0,0.20314300000000002,0.494062,ARG,JPN,900220
6444295,14,114,9660,2013,14034.0,1793693.0,-0.31145700000000004,-0.167628,AUS,JPN,900220
6444296,15,114,9660,2013,35098.0,601936.0,1.7209240000000001,-0.286892,AUT,JPN,900220
6444297,18,114,9660,2013,28084.0,375833.0,1.316207,0.972601,BEL,JPN,900220
6444298,22,114,9660,2013,0.0,159834.0,-1.101916,-0.734646,BGD,JPN,900220
6444299,23,114,9660,2013,0.0,39940.0,0.5026109999999999,1.674296,BGR,JPN,900220
6444300,24,114,9660,2013,0.0,28746.0,0.249681,-0.6204270000000001,BHR,JPN,900220
6444301,28,114,9660,2013,0.0,6585.0,1.036923,0.864568,BLR,JPN,900220
6444302,32,114,9660,2013,0.0,144932.0,0.14765899999999998,0.399262,BRA,JPN,900220
6444303,39,114,9660,2013,52482.0,1750728.0,0.719649,1.017046,CAN,JPN,900220
6444304,41,114,9660,2013,78889.0,669438.0,2.2104470000000003,0.5403479999999999,CHE,JPN,900220
6444305,42,114,9660,2013,0.0,12306.0,-0.260718,-0.38256100000000004,CHL,JPN,900220
6444306,43,114,9660,2013,16143697.0,5959942.0,1.113767,1.477496,CHN,JPN,900220
6444307,49,114,9660,2013,0.0,16310.0,0.121799,-0.388239,COL,JPN,900220
6444308,52,114,9660,2013,0.0,240891.0,0.067379,-0.688217,CRI,JPN,900220
6444309,59,114,9660,2013,2484.0,263737.0,1.819653,-0.12423800000000002,CZE,JPN,900220
6444310,61,114,9660,2013,1106494.0,5735767.0,2.093658,-3.4281980000000005,DEU,JPN,900220
6444311,64,114,9660,2013,6333.0,151900.0,1.161835,1.1788450000000001,DNK,JPN,900220
6444312,67,114,9660,2013,0.0,2424.0,-0.86546,-0.8888389999999999,ECU,JPN,900220
6444313,71,114,9660,2013,0.0,391241.0,0.861698,2.353993,ESP,JPN,900220
6444314,72,114,9660,2013,0.0,158280.0,0.8828940000000001,1.386574,EST,JPN,900220
6444315,73,114,9660,2013,0.0,5577.0,-1.264002,-0.9594219999999999,ETH,JPN,900220
6444316,74,114,9660,2013,1992.0,312664.0,1.734552,0.8896940000000001,FIN,JPN,900220
6444317,77,114,9660,2013,4289.0,2655492.0,1.520354,0.022874000000000002,FRA,JPN,900220
6444318,81,114,9660,2013,135454.0,2639337.0,1.7901259999999999,0.44164,GBR,JPN,900220
6444319,90,114,9660,2013,1457.0,0.0,0.18823800000000002,0.910906,GRC,JPN,900220
6444320,97,114,9660,2013,94422.0,6716285.0,0.744383,1.923139,HKG,JPN,900220
6444321,100,114,9660,2013,0.0,10043.0,0.898284,1.038807,HRV,JPN,900220
6444322,102,114,9660,2013,0.0,51564.0,1.506101,0.7279220000000001,HUN,JPN,900220
6444323,103,114,9660,2013,2312.0,134913.0,-0.216854,1.415728,IDN,JPN,900220
6444324,104,114,9660,2013,6116.0,74699.0,0.215356,2.3916209999999998,IND,JPN,900220
6444325,106,114,9660,2013,5138.0,23050.0,1.29988,0.240688,IRL,JPN,900220
6444326,107,114,9660,2013,0.0,20151.0,-0.339172,-0.237114,IRN,JPN,900220
6444327,109,114,9660,2013,0.0,2961.0,0.259374,-0.20413299999999998,ISL,JPN,900220
6444328,110,114,9660,2013,32422.0,210278.0,1.197241,0.633828,ISR,JPN,900220
6444329,111,114,9660,2013,32737.0,127041.0,1.289924,0.533436,ITA,JPN,900220
6444330,113,114,9660,2013,0.0,3180.0,0.152659,0.5889979999999999,JOR,JPN,900220
6444331,115,114,9660,2013,0.0,5353.0,-0.680678,-0.83347,KAZ,JPN,900220
6444332,121,114,9660,2013,481926.0,11104008.0,1.818383,0.75645,KOR,JPN,900220
6444333,122,114,9660,2013,0.0,75476.0,-0.536384,-1.08382,KWT,JPN,900220
6444334,124,114,9660,2013,0.0,4311.0,0.283084,1.4289100000000001,LBN,JPN,900220
6444335,128,114,9660,2013,0.0,2832.0,-0.6521779999999999,0.41258599999999995,LKA,JPN,900220
6444336,130,114,9660,2013,0.0,11556.0,0.737796,1.215543,LTU,JPN,900220
6444337,131,114,9660,2013,0.0,13542.0,1.170459,1.150327,LUX,JPN,900220
6444338,138,114,9660,2013,1608.0,401330.0,1.048507,0.718932,MEX,JPN,900220
6444339,140,114,9660,2013,0.0,317.0,-0.10859400000000001,0.155229,MKD,JPN,900220
6444340,143,114,9660,2013,0.0,8449.0,-1.230787,-0.737375,MMR,JPN,900220
6444341,153,114,9660,2013,26591.0,248409.0,0.937641,0.747496,MYS,JPN,900220
6444342,156,114,9660,2013,0.0,1378.0,-0.136052,-0.703913,NCL,JPN,900220
6444343,162,114,9660,2013,112077.0,3713010.0,1.184107,1.249557,NLD,JPN,900220
6444344,163,114,9660,2013,0.0,195081.0,0.892099,0.18168399999999998,NOR,JPN,900220
6444345,166,114,9660,2013,0.0,84893.0,0.3345,0.39063000000000003,NZL,JPN,900220
6444346,173,114,9660,2013,0.0,4284.0,-0.573852,0.357977,PER,JPN,900220
6444347,174,114,9660,2013,83520.0,127585.0,0.507868,0.355403,PHL,JPN,900220
6444348,177,114,9660,2013,0.0,476752.0,1.084332,1.216749,POL,JPN,900220
6444349,179,114,9660,2013,0.0,2141.0,0.541454,2.5228610000000002,PRT,JPN,900220
6444350,182,114,9660,2013,0.0,2285.0,-0.146044,-0.7055359999999999,PYF,JPN,900220
6444351,183,114,9660,2013,0.0,32329.0,-0.083649,-1.013491,QAT,JPN,900220
6444352,185,114,9660,2013,0.0,81233.0,0.792035,1.225034,ROU,JPN,900220
6444353,186,114,9660,2013,111726.0,1657571.0,0.481166,-0.180052,RUS,JPN,900220
6444354,188,114,9660,2013,0.0,102717.0,0.626347,-0.844406,SAU,JPN,900220
6444355,192,114,9660,2013,135754.0,1361510.0,1.915504,0.619576,SGP,JPN,900220
6444356,201,114,9660,2013,0.0,1166.0,0.5717720000000001,1.174901,SRB,JPN,900220
6444357,206,114,9660,2013,0.0,51399.0,1.32064,0.7519819999999999,SVK,JPN,900220
6444358,207,114,9660,2013,0.0,24921.0,1.698374,0.563082,SVN,JPN,900220
6444359,208,114,9660,2013,76705.0,639896.0,1.869421,0.228109,SWE,JPN,900220
6444360,216,114,9660,2013,5348408.0,8241534.0,0.8752139999999999,1.3798620000000001,THA,JPN,900220
6444361,224,114,9660,2013,0.0,153322.0,0.42932299999999995,2.690235,TUR,JPN,900220
6444362,228,114,9660,2013,0.0,247558.0,0.657729,0.9063200000000001,UKR,JPN,900220
6444363,230,114,9660,2013,0.0,25463.0,0.20190999999999998,-0.19777999999999998,URY,JPN,900220
6444364,231,114,9660,2013,7042242.0,12343403.0,1.6639689999999998,-0.48651300000000003,USA,JPN,900220
6444365,236,114,9660,2013,0.0,3803.0,-0.778172,-1.107059,VEN,JPN,900220
6444366,239,114,9660,2013,73902.0,210932.0,-0.11426900000000001,1.399738,VNM,JPN,900220
6444367,246,114,9660,2013,2635.0,270074.0,0.380284,1.5682120000000002,ZAF,JPN,900220
6444368,249,114,9660,2013,2994628.0,3309836.0,1.843186,0.9432379999999999,TWN,JPN,900220
6444369,7,115,9660,2013,8876.0,0.0,-0.074047,-0.585168,ARE,KAZ,900220
6444370,14,115,9660,2013,7667.0,0.0,-0.31145700000000004,-0.167628,AUS,KAZ,900220
6444371,18,115,9660,2013,1700.0,0.0,1.316207,0.972601,BEL,KAZ,900220
6444372,28,115,9660,2013,25257.0,0.0,1.036923,0.864568,BLR,KAZ,900220
6444373,39,115,9660,2013,3132.0,0.0,0.719649,1.017046,CAN,KAZ,900220
6444374,41,115,9660,2013,3437.0,0.0,2.2104470000000003,0.5403479999999999,CHE,KAZ,900220
6444375,43,115,9660,2013,16013.0,0.0,1.113767,1.477496,CHN,KAZ,900220
6444376,61,115,9660,2013,21911.0,0.0,2.093658,-3.4281980000000005,DEU,KAZ,900220
6444377,64,115,9660,2013,946.0,0.0,1.161835,1.1788450000000001,DNK,KAZ,900220
6444378,71,115,9660,2013,1228.0,0.0,0.861698,2.353993,ESP,KAZ,900220
6444379,77,115,9660,2013,1229.0,0.0,1.520354,0.022874000000000002,FRA,KAZ,900220
6444380,81,115,9660,2013,37677.0,0.0,1.7901259999999999,0.44164,GBR,KAZ,900220
6444381,102,115,9660,2013,3615.0,0.0,1.506101,0.7279220000000001,HUN,KAZ,900220
6444382,111,115,9660,2013,8777.0,0.0,1.289924,0.533436,ITA,KAZ,900220
6444383,114,115,9660,2013,5353.0,0.0,2.3993130000000003,-0.564768,JPN,KAZ,900220
6444384,117,115,9660,2013,3644.0,0.0,-0.1035,0.339914,KGZ,KAZ,900220
6444385,121,115,9660,2013,71131.0,0.0,1.818383,0.75645,KOR,KAZ,900220
6444386,138,115,9660,2013,14379.0,0.0,1.048507,0.718932,MEX,KAZ,900220
6444387,186,115,9660,2013,256325.0,0.0,0.481166,-0.180052,RUS,KAZ,900220
6444388,206,115,9660,2013,2596.0,0.0,1.32064,0.7519819999999999,SVK,KAZ,900220
6444389,224,115,9660,2013,4302.0,0.0,0.42932299999999995,2.690235,TUR,KAZ,900220
6444390,231,115,9660,2013,9821.0,0.0,1.6639689999999998,-0.48651300000000003,USA,KAZ,900220
6444391,41,116,9660,2013,1315.0,0.0,2.2104470000000003,0.5403479999999999,CHE,KEN,900220
6444392,43,116,9660,2013,2032.0,0.0,1.113767,1.477496,CHN,KEN,900220
6444393,61,116,9660,2013,10375.0,0.0,2.093658,-3.4281980000000005,DEU,KEN,900220
6444394,81,116,9660,2013,12814.0,0.0,1.7901259999999999,0.44164,GBR,KEN,900220
6444395,104,116,9660,2013,1800.0,0.0,0.215356,2.3916209999999998,IND,KEN,900220
6444396,121,116,9660,2013,1768.0,0.0,1.818383,0.75645,KOR,KEN,900220
6444397,162,116,9660,2013,14896.0,0.0,1.184107,1.249557,NLD,KEN,900220
6444398,211,116,9660,2013,0.0,1288.0,0.270999,-0.474095,SYC,KEN,900220
6444399,224,116,9660,2013,22627.0,0.0,0.42932299999999995,2.690235,TUR,KEN,900220
6444400,226,116,9660,2013,36353.0,0.0,-0.9306770000000001,0.273489,TZA,KEN,900220
6444401,231,116,9660,2013,6606.0,0.0,1.6639689999999998,-0.48651300000000003,USA,KEN,900220
6444402,246,116,9660,2013,23447.0,0.0,0.380284,1.5682120000000002,ZAF,KEN,900220
6444403,81,117,9660,2013,510.0,0.0,1.7901259999999999,0.44164,GBR,KGZ,900220
6444404,115,117,9660,2013,0.0,3644.0,-0.680678,-0.83347,KAZ,KGZ,900220
6444405,231,117,9660,2013,16779.0,0.0,1.6639689999999998,-0.48651300000000003,USA,KGZ,900220
6444406,97,118,9660,2013,1043.0,0.0,0.744383,1.923139,HKG,KHM,900220
6444407,231,118,9660,2013,5162.0,0.0,1.6639689999999998,-0.48651300000000003,USA,KHM,900220
6444408,43,124,9660,2013,3176.0,0.0,1.113767,1.477496,CHN,LBN,900220
6444409,61,124,9660,2013,8465.0,0.0,2.093658,-3.4281980000000005,DEU,LBN,900220
6444410,68,124,9660,2013,2541.0,0.0,-0.17418,1.692641,EGY,LBN,900220
6444411,81,124,9660,2013,17984.0,0.0,1.7901259999999999,0.44164,GBR,LBN,900220
6444412,111,124,9660,2013,18593.0,0.0,1.289924,0.533436,ITA,LBN,900220
6444413,114,124,9660,2013,4311.0,0.0,2.3993130000000003,-0.564768,JPN,LBN,900220
6444414,122,124,9660,2013,0.0,3236.0,-0.536384,-1.08382,KWT,LBN,900220
6444415,162,124,9660,2013,2933.0,0.0,1.184107,1.249557,NLD,LBN,900220
6444416,183,124,9660,2013,0.0,2371.0,-0.083649,-1.013491,QAT,LBN,900220
6444417,188,124,9660,2013,112141.0,0.0,0.626347,-0.844406,SAU,LBN,900220
6444418,231,124,9660,2013,5481.0,0.0,1.6639689999999998,-0.48651300000000003,USA,LBN,900220
6444419,43,128,9660,2013,3142.0,0.0,1.113767,1.477496,CHN,LKA,900220
6444420,61,128,9660,2013,1413.0,0.0,2.093658,-3.4281980000000005,DEU,LKA,900220
6444421,104,128,9660,2013,17903.0,0.0,0.215356,2.3916209999999998,IND,LKA,900220
6444422,110,128,9660,2013,3478.0,0.0,1.197241,0.633828,ISR,LKA,900220
6444423,114,128,9660,2013,2832.0,0.0,2.3993130000000003,-0.564768,JPN,LKA,900220
6444424,137,128,9660,2013,0.0,1298.0,-0.21889699999999998,-0.776392,MDV,LKA,900220
6444425,192,128,9660,2013,3126.0,0.0,1.915504,0.619576,SGP,LKA,900220
6444426,15,130,9660,2013,1737.0,0.0,1.7209240000000001,-0.286892,AUT,LTU,900220
6444427,18,130,9660,2013,7856.0,0.0,1.316207,0.972601,BEL,LTU,900220
6444428,28,130,9660,2013,0.0,9529.0,1.036923,0.864568,BLR,LTU,900220
6444429,43,130,9660,2013,24739.0,0.0,1.113767,1.477496,CHN,LTU,900220
6444430,61,130,9660,2013,90914.0,11606.0,2.093658,-3.4281980000000005,DEU,LTU,900220
6444431,72,130,9660,2013,11283.0,0.0,0.8828940000000001,1.386574,EST,LTU,900220
6444432,74,130,9660,2013,5239.0,1043.0,1.734552,0.8896940000000001,FIN,LTU,900220
6444433,77,130,9660,2013,3747.0,9506.0,1.520354,0.022874000000000002,FRA,LTU,900220
6444434,81,130,9660,2013,1953.0,0.0,1.7901259999999999,0.44164,GBR,LTU,900220
6444435,110,130,9660,2013,0.0,4238.0,1.197241,0.633828,ISR,LTU,900220
6444436,111,130,9660,2013,0.0,1757.0,1.289924,0.533436,ITA,LTU,900220
6444437,114,130,9660,2013,11556.0,0.0,2.3993130000000003,-0.564768,JPN,LTU,900220
6444438,121,130,9660,2013,0.0,6857.0,1.818383,0.75645,KOR,LTU,900220
6444439,132,130,9660,2013,2360.0,2066.0,0.6219439999999999,1.166749,LVA,LTU,900220
6444440,177,130,9660,2013,7093.0,0.0,1.084332,1.216749,POL,LTU,900220
6444441,186,130,9660,2013,1838.0,19203.0,0.481166,-0.180052,RUS,LTU,900220
6444442,208,130,9660,2013,4171.0,0.0,1.869421,0.228109,SWE,LTU,900220
6444443,231,130,9660,2013,154703.0,0.0,1.6639689999999998,-0.48651300000000003,USA,LTU,900220
6444444,249,130,9660,2013,2560.0,0.0,1.843186,0.9432379999999999,TWN,LTU,900220
6444445,15,131,9660,2013,4034.0,0.0,1.7209240000000001,-0.286892,AUT,LUX,900220
6444446,18,131,9660,2013,104831.0,25593.0,1.316207,0.972601,BEL,LUX,900220
6444447,43,131,9660,2013,3856.0,0.0,1.113767,1.477496,CHN,LUX,900220
6444448,44,131,9660,2013,0.0,1859.0,-0.923558,-0.866642,CIV,LUX,900220
6444449,61,131,9660,2013,92488.0,9124.0,2.093658,-3.4281980000000005,DEU,LUX,900220
6444450,64,131,9660,2013,2713.0,0.0,1.161835,1.1788450000000001,DNK,LUX,900220
6444451,72,131,9660,2013,0.0,777.0,0.8828940000000001,1.386574,EST,LUX,900220
6444452,77,131,9660,2013,7726.0,88673.0,1.520354,0.022874000000000002,FRA,LUX,900220
6444453,81,131,9660,2013,29150.0,9998.0,1.7901259999999999,0.44164,GBR,LUX,900220
6444454,103,131,9660,2013,0.0,1885.0,-0.216854,1.415728,IDN,LUX,900220
6444455,111,131,9660,2013,1048.0,0.0,1.289924,0.533436,ITA,LUX,900220
6444456,114,131,9660,2013,13542.0,0.0,2.3993130000000003,-0.564768,JPN,LUX,900220
6444457,162,131,9660,2013,37907.0,9540.0,1.184107,1.249557,NLD,LUX,900220
6444458,174,131,9660,2013,1160.0,0.0,0.507868,0.355403,PHL,LUX,900220
6444459,179,131,9660,2013,0.0,2473.0,0.541454,2.5228610000000002,PRT,LUX,900220
6444460,207,131,9660,2013,8135.0,0.0,1.698374,0.563082,SVN,LUX,900220
6444461,231,131,9660,2013,2871.0,0.0,1.6639689999999998,-0.48651300000000003,USA,LUX,900220
6444462,250,131,9660,2013,40877.0,0.0,0.628555,0.277602,ANS,LUX,900220
6444463,15,132,9660,2013,1272.0,0.0,1.7209240000000001,-0.286892,AUT,LVA,900220
6444464,28,132,9660,2013,3152.0,0.0,1.036923,0.864568,BLR,LVA,900220
6444465,41,132,9660,2013,3461.0,0.0,2.2104470000000003,0.5403479999999999,CHE,LVA,900220
6444466,43,132,9660,2013,3136.0,0.0,1.113767,1.477496,CHN,LVA,900220
6444467,59,132,9660,2013,3803.0,0.0,1.819653,-0.12423800000000002,CZE,LVA,900220
6444468,61,132,9660,2013,19034.0,0.0,2.093658,-3.4281980000000005,DEU,LVA,900220
6444469,64,132,9660,2013,4551.0,110094.0,1.161835,1.1788450000000001,DNK,LVA,900220
6444470,72,132,9660,2013,4998.0,0.0,0.8828940000000001,1.386574,EST,LVA,900220
6444471,81,132,9660,2013,1231.0,0.0,1.7901259999999999,0.44164,GBR,LVA,900220
6444472,97,132,9660,2013,1411.0,4329.0,0.744383,1.923139,HKG,LVA,900220
6444473,130,132,9660,2013,2066.0,2360.0,0.737796,1.215543,LTU,LVA,900220
6444474,162,132,9660,2013,2572.0,0.0,1.184107,1.249557,NLD,LVA,900220
6444475,163,132,9660,2013,2573.0,0.0,0.892099,0.18168399999999998,NOR,LVA,900220
6444476,177,132,9660,2013,1752.0,0.0,1.084332,1.216749,POL,LVA,900220
6444477,186,132,9660,2013,990.0,0.0,0.481166,-0.180052,RUS,LVA,900220
6444478,206,132,9660,2013,2592.0,0.0,1.32064,0.7519819999999999,SVK,LVA,900220
6444479,207,132,9660,2013,14070.0,0.0,1.698374,0.563082,SVN,LVA,900220
6444480,208,132,9660,2013,1862.0,0.0,1.869421,0.228109,SWE,LVA,900220
6444481,231,132,9660,2013,15781.0,0.0,1.6639689999999998,-0.48651300000000003,USA,LVA,900220
6444482,61,140,9660,2013,2701.0,0.0,2.093658,-3.4281980000000005,DEU,MKD,900220
6444483,114,140,9660,2013,317.0,0.0,2.3993130000000003,-0.564768,JPN,MKD,900220
6444484,207,140,9660,2013,1226.0,0.0,1.698374,0.563082,SVN,MKD,900220
6444485,231,140,9660,2013,1251.0,0.0,1.6639689999999998,-0.48651300000000003,USA,MKD,900220
6444486,7,147,9660,2013,6609.0,0.0,-0.074047,-0.585168,ARE,MOZ,900220
6444487,43,147,9660,2013,17560.0,0.0,1.113767,1.477496,CHN,MOZ,900220
6444488,179,147,9660,2013,3169.0,0.0,0.541454,2.5228610000000002,PRT,MOZ,900220
6444489,226,147,9660,2013,0.0,5475.0,-0.9306770000000001,0.273489,TZA,MOZ,900220
6444490,246,147,9660,2013,21224.0,0.0,0.380284,1.5682120000000002,ZAF,MOZ,900220
6444491,191,148,9660,2013,1400.0,0.0,-0.523662,-0.309101,SEN,MRT,900220
6444492,246,148,9660,2013,4814.0,0.0,0.380284,1.5682120000000002,ZAF,MRT,900220
6444493,7,159,9660,2013,16209.0,0.0,-0.074047,-0.585168,ARE,NGA,900220
6444494,41,159,9660,2013,910.0,0.0,2.2104470000000003,0.5403479999999999,CHE,NGA,900220
6444495,43,159,9660,2013,1495.0,0.0,1.113767,1.477496,CHN,NGA,900220
6444496,44,159,9660,2013,0.0,1581.0,-0.923558,-0.866642,CIV,NGA,900220
6444497,61,159,9660,2013,10810.0,0.0,2.093658,-3.4281980000000005,DEU,NGA,900220
6444498,77,159,9660,2013,2210.0,0.0,1.520354,0.022874000000000002,FRA,NGA,900220
6444499,81,159,9660,2013,50708.0,0.0,1.7901259999999999,0.44164,GBR,NGA,900220
6444500,104,159,9660,2013,3594.0,0.0,0.215356,2.3916209999999998,IND,NGA,900220
6444501,106,159,9660,2013,1344.0,0.0,1.29988,0.240688,IRL,NGA,900220
6444502,162,159,9660,2013,2990.0,3088.0,1.184107,1.249557,NLD,NGA,900220
6444503,231,159,9660,2013,20339.0,0.0,1.6639689999999998,-0.48651300000000003,USA,NGA,900220
6444504,246,159,9660,2013,1866.0,0.0,0.380284,1.5682120000000002,ZAF,NGA,900220
6444505,43,164,9660,2013,1656.0,0.0,1.113767,1.477496,CHN,NPL,900220
6444506,61,164,9660,2013,1910.0,0.0,2.093658,-3.4281980000000005,DEU,NPL,900220
6444507,97,164,9660,2013,4051.0,0.0,0.744383,1.923139,HKG,NPL,900220
6444508,104,164,9660,2013,17454.0,0.0,0.215356,2.3916209999999998,IND,NPL,900220
6444509,7,167,9660,2013,290116.0,0.0,-0.074047,-0.585168,ARE,OMN,900220
6444510,14,167,9660,2013,1163.0,0.0,-0.31145700000000004,-0.167628,AUS,OMN,900220
6444511,18,167,9660,2013,2137.0,0.0,1.316207,0.972601,BEL,OMN,900220
6444512,39,167,9660,2013,1185.0,0.0,0.719649,1.017046,CAN,OMN,900220
6444513,61,167,9660,2013,15142.0,0.0,2.093658,-3.4281980000000005,DEU,OMN,900220
6444514,68,167,9660,2013,4473.0,0.0,-0.17418,1.692641,EGY,OMN,900220
6444515,81,167,9660,2013,11997.0,0.0,1.7901259999999999,0.44164,GBR,OMN,900220
6444516,111,167,9660,2013,13167.0,0.0,1.289924,0.533436,ITA,OMN,900220
6444517,162,167,9660,2013,3817.0,0.0,1.184107,1.249557,NLD,OMN,900220
6444518,231,167,9660,2013,2761.0,0.0,1.6639689999999998,-0.48651300000000003,USA,OMN,900220
6444519,24,168,9660,2013,0.0,1729.0,0.249681,-0.6204270000000001,BHR,PAK,900220
6444520,61,168,9660,2013,8019.0,0.0,2.093658,-3.4281980000000005,DEU,PAK,900220
6444521,81,168,9660,2013,6528.0,0.0,1.7901259999999999,0.44164,GBR,PAK,900220
6444522,183,168,9660,2013,0.0,9778.0,-0.083649,-1.013491,QAT,PAK,900220
6444523,192,168,9660,2013,3701.0,0.0,1.915504,0.619576,SGP,PAK,900220
6444524,224,168,9660,2013,1182.0,0.0,0.42932299999999995,2.690235,TUR,PAK,900220
6444525,231,168,9660,2013,7702.0,0.0,1.6639689999999998,-0.48651300000000003,USA,PAK,900220
6444526,249,168,9660,2013,2655.0,0.0,1.843186,0.9432379999999999,TWN,PAK,900220
6444527,15,185,9660,2013,12234.0,0.0,1.7209240000000001,-0.286892,AUT,ROU,900220
6444528,18,185,9660,2013,6792.0,0.0,1.316207,0.972601,BEL,ROU,900220
6444529,43,185,9660,2013,56264.0,0.0,1.113767,1.477496,CHN,ROU,900220
6444530,58,185,9660,2013,2692.0,0.0,0.502238,0.349608,CYP,ROU,900220
6444531,59,185,9660,2013,8741.0,0.0,1.819653,-0.12423800000000002,CZE,ROU,900220
6444532,61,185,9660,2013,243590.0,9468.0,2.093658,-3.4281980000000005,DEU,ROU,900220
6444533,64,185,9660,2013,12436.0,0.0,1.161835,1.1788450000000001,DNK,ROU,900220
6444534,68,185,9660,2013,1353.0,0.0,-0.17418,1.692641,EGY,ROU,900220
6444535,74,185,9660,2013,2479.0,0.0,1.734552,0.8896940000000001,FIN,ROU,900220
6444536,77,185,9660,2013,25735.0,1341.0,1.520354,0.022874000000000002,FRA,ROU,900220
6444537,81,185,9660,2013,21080.0,0.0,1.7901259999999999,0.44164,GBR,ROU,900220
6444538,90,185,9660,2013,2790.0,0.0,0.18823800000000002,0.910906,GRC,ROU,900220
6444539,102,185,9660,2013,2087.0,1169.0,1.506101,0.7279220000000001,HUN,ROU,900220
6444540,110,185,9660,2013,0.0,5505.0,1.197241,0.633828,ISR,ROU,900220
6444541,111,185,9660,2013,268908.0,0.0,1.289924,0.533436,ITA,ROU,900220
6444542,114,185,9660,2013,81233.0,0.0,2.3993130000000003,-0.564768,JPN,ROU,900220
6444543,121,185,9660,2013,2213.0,0.0,1.818383,0.75645,KOR,ROU,900220
6444544,138,185,9660,2013,76696.0,0.0,1.048507,0.718932,MEX,ROU,900220
6444545,162,185,9660,2013,12494.0,1237.0,1.184107,1.249557,NLD,ROU,900220
6444546,163,185,9660,2013,3553.0,0.0,0.892099,0.18168399999999998,NOR,ROU,900220
6444547,174,185,9660,2013,30653.0,0.0,0.507868,0.355403,PHL,ROU,900220
6444548,207,185,9660,2013,2243.0,0.0,1.698374,0.563082,SVN,ROU,900220
6444549,224,185,9660,2013,5822.0,0.0,0.42932299999999995,2.690235,TUR,ROU,900220
6444550,231,185,9660,2013,102417.0,0.0,1.6639689999999998,-0.48651300000000003,USA,ROU,900220
6444551,14,186,9660,2013,1176.0,11000.0,-0.31145700000000004,-0.167628,AUS,RUS,900220
6444552,15,186,9660,2013,4082.0,769.0,1.7209240000000001,-0.286892,AUT,RUS,900220
6444553,16,186,9660,2013,0.0,3170.0,-0.9232870000000001,-1.165928,AZE,RUS,900220
6444554,18,186,9660,2013,118512.0,0.0,1.316207,0.972601,BEL,RUS,900220
6444555,23,186,9660,2013,0.0,9650.0,0.5026109999999999,1.674296,BGR,RUS,900220
6444556,28,186,9660,2013,83000.0,97930.0,1.036923,0.864568,BLR,RUS,900220
6444557,32,186,9660,2013,1764.0,0.0,0.14765899999999998,0.399262,BRA,RUS,900220
6444558,39,186,9660,2013,65095.0,0.0,0.719649,1.017046,CAN,RUS,900220
6444559,41,186,9660,2013,515333.0,69419.0,2.2104470000000003,0.5403479999999999,CHE,RUS,900220
6444560,43,186,9660,2013,158099.0,15388.0,1.113767,1.477496,CHN,RUS,900220
6444561,59,186,9660,2013,1974.0,0.0,1.819653,-0.12423800000000002,CZE,RUS,900220
6444562,61,186,9660,2013,1053960.0,49601.0,2.093658,-3.4281980000000005,DEU,RUS,900220
6444563,64,186,9660,2013,24509.0,0.0,1.161835,1.1788450000000001,DNK,RUS,900220
6444564,72,186,9660,2013,78264.0,0.0,0.8828940000000001,1.386574,EST,RUS,900220
6444565,74,186,9660,2013,30449.0,3549.0,1.734552,0.8896940000000001,FIN,RUS,900220
6444566,77,186,9660,2013,47299.0,2512.0,1.520354,0.022874000000000002,FRA,RUS,900220
6444567,81,186,9660,2013,151426.0,3867.0,1.7901259999999999,0.44164,GBR,RUS,900220
6444568,97,186,9660,2013,0.0,36902.0,0.744383,1.923139,HKG,RUS,900220
6444569,104,186,9660,2013,0.0,4732.0,0.215356,2.3916209999999998,IND,RUS,900220
6444570,110,186,9660,2013,8562.0,10768.0,1.197241,0.633828,ISR,RUS,900220
6444571,111,186,9660,2013,94405.0,6823.0,1.289924,0.533436,ITA,RUS,900220
6444572,114,186,9660,2013,1657571.0,111726.0,2.3993130000000003,-0.564768,JPN,RUS,900220
6444573,115,186,9660,2013,0.0,256325.0,-0.680678,-0.83347,KAZ,RUS,900220
6444574,121,186,9660,2013,10569.0,0.0,1.818383,0.75645,KOR,RUS,900220
6444575,130,186,9660,2013,19203.0,1838.0,0.737796,1.215543,LTU,RUS,900220
6444576,132,186,9660,2013,0.0,990.0,0.6219439999999999,1.166749,LVA,RUS,900220
6444577,153,186,9660,2013,16903.0,0.0,0.937641,0.747496,MYS,RUS,900220
6444578,162,186,9660,2013,32252.0,71723.0,1.184107,1.249557,NLD,RUS,900220
6444579,173,186,9660,2013,0.0,4926.0,-0.573852,0.357977,PER,RUS,900220
6444580,174,186,9660,2013,175322.0,0.0,0.507868,0.355403,PHL,RUS,900220
6444581,177,186,9660,2013,8597.0,2366.0,1.084332,1.216749,POL,RUS,900220
6444582,192,186,9660,2013,2701.0,2063.0,1.915504,0.619576,SGP,RUS,900220
6444583,206,186,9660,2013,10169.0,0.0,1.32064,0.7519819999999999,SVK,RUS,900220
6444584,208,186,9660,2013,5413.0,0.0,1.869421,0.228109,SWE,RUS,900220
6444585,228,186,9660,2013,0.0,807.0,0.657729,0.9063200000000001,UKR,RUS,900220
6444586,231,186,9660,2013,706768.0,14887.0,1.6639689999999998,-0.48651300000000003,USA,RUS,900220
6444587,249,186,9660,2013,3592.0,2266.0,1.843186,0.9432379999999999,TWN,RUS,900220
6444588,18,191,9660,2013,2237.0,0.0,1.316207,0.972601,BEL,SEN,900220
6444589,77,191,9660,2013,4025.0,0.0,1.520354,0.022874000000000002,FRA,SEN,900220
6444590,81,191,9660,2013,2545.0,0.0,1.7901259999999999,0.44164,GBR,SEN,900220
6444591,148,191,9660,2013,0.0,1400.0,-1.950532,-1.283104,MRT,SEN,900220
6444592,26,201,9660,2013,4118.0,1364.0,0.46743199999999996,0.7340800000000001,BIH,SRB,900220
6444593,41,201,9660,2013,23704.0,0.0,2.2104470000000003,0.5403479999999999,CHE,SRB,900220
6444594,43,201,9660,2013,5926.0,0.0,1.113767,1.477496,CHN,SRB,900220
6444595,61,201,9660,2013,16186.0,0.0,2.093658,-3.4281980000000005,DEU,SRB,900220
6444596,81,201,9660,2013,4364.0,0.0,1.7901259999999999,0.44164,GBR,SRB,900220
6444597,100,201,9660,2013,0.0,2047.0,0.898284,1.038807,HRV,SRB,900220
6444598,114,201,9660,2013,1166.0,0.0,2.3993130000000003,-0.564768,JPN,SRB,900220
6444599,207,201,9660,2013,2958.0,0.0,1.698374,0.563082,SVN,SRB,900220
6444600,224,201,9660,2013,1990.0,0.0,0.42932299999999995,2.690235,TUR,SRB,900220
6444601,231,201,9660,2013,3926.0,0.0,1.6639689999999998,-0.48651300000000003,USA,SRB,900220
6444602,14,207,9660,2013,0.0,5829.0,-0.31145700000000004,-0.167628,AUS,SVN,900220
6444603,15,207,9660,2013,17459.0,5420.0,1.7209240000000001,-0.286892,AUT,SVN,900220
6444604,18,207,9660,2013,2013.0,94936.0,1.316207,0.972601,BEL,SVN,900220
6444605,26,207,9660,2013,0.0,6153.0,0.46743199999999996,0.7340800000000001,BIH,SVN,900220
6444606,28,207,9660,2013,0.0,2358.0,1.036923,0.864568,BLR,SVN,900220
6444607,39,207,9660,2013,0.0,18291.0,0.719649,1.017046,CAN,SVN,900220
6444608,41,207,9660,2013,985.0,8993.0,2.2104470000000003,0.5403479999999999,CHE,SVN,900220
6444609,43,207,9660,2013,37218.0,0.0,1.113767,1.477496,CHN,SVN,900220
6444610,59,207,9660,2013,2113.0,30842.0,1.819653,-0.12423800000000002,CZE,SVN,900220
6444611,61,207,9660,2013,41187.0,265123.0,2.093658,-3.4281980000000005,DEU,SVN,900220
6444612,64,207,9660,2013,6133.0,0.0,1.161835,1.1788450000000001,DNK,SVN,900220
6444613,66,207,9660,2013,0.0,988.0,-1.373947,-1.1523459999999999,DZA,SVN,900220
6444614,71,207,9660,2013,973.0,3822.0,0.861698,2.353993,ESP,SVN,900220
6444615,74,207,9660,2013,0.0,69008.0,1.734552,0.8896940000000001,FIN,SVN,900220
6444616,77,207,9660,2013,2405.0,11032.0,1.520354,0.022874000000000002,FRA,SVN,900220
6444617,81,207,9660,2013,2874.0,2992.0,1.7901259999999999,0.44164,GBR,SVN,900220
6444618,90,207,9660,2013,0.0,850.0,0.18823800000000002,0.910906,GRC,SVN,900220
6444619,100,207,9660,2013,0.0,8653.0,0.898284,1.038807,HRV,SVN,900220
6444620,102,207,9660,2013,0.0,1345.0,1.506101,0.7279220000000001,HUN,SVN,900220
6444621,104,207,9660,2013,0.0,2487.0,0.215356,2.3916209999999998,IND,SVN,900220
6444622,111,207,9660,2013,13151.0,7742.0,1.289924,0.533436,ITA,SVN,900220
6444623,114,207,9660,2013,24921.0,0.0,2.3993130000000003,-0.564768,JPN,SVN,900220
6444624,121,207,9660,2013,0.0,1039.0,1.818383,0.75645,KOR,SVN,900220
6444625,131,207,9660,2013,0.0,8135.0,1.170459,1.150327,LUX,SVN,900220
6444626,132,207,9660,2013,0.0,14070.0,0.6219439999999999,1.166749,LVA,SVN,900220
6444627,140,207,9660,2013,0.0,1226.0,-0.10859400000000001,0.155229,MKD,SVN,900220
6444628,144,207,9660,2013,2132.0,0.0,-0.054454999999999996,-0.164875,MNE,SVN,900220
6444629,156,207,9660,2013,0.0,1209.0,-0.136052,-0.703913,NCL,SVN,900220
6444630,162,207,9660,2013,24074.0,3277.0,1.184107,1.249557,NLD,SVN,900220
6444631,163,207,9660,2013,0.0,12220.0,0.892099,0.18168399999999998,NOR,SVN,900220
6444632,174,207,9660,2013,5461.0,0.0,0.507868,0.355403,PHL,SVN,900220
6444633,177,207,9660,2013,0.0,84682.0,1.084332,1.216749,POL,SVN,900220
6444634,185,207,9660,2013,0.0,2243.0,0.792035,1.225034,ROU,SVN,900220
6444635,201,207,9660,2013,0.0,2958.0,0.5717720000000001,1.174901,SRB,SVN,900220
6444636,206,207,9660,2013,0.0,12903.0,1.32064,0.7519819999999999,SVK,SVN,900220
6444637,208,207,9660,2013,2673.0,39938.0,1.869421,0.228109,SWE,SVN,900220
6444638,228,207,9660,2013,0.0,2730.0,0.657729,0.9063200000000001,UKR,SVN,900220
6444639,231,207,9660,2013,3700.0,208892.0,1.6639689999999998,-0.48651300000000003,USA,SVN,900220
6444640,239,207,9660,2013,0.0,639499.0,-0.11426900000000001,1.399738,VNM,SVN,900220
6444641,246,207,9660,2013,0.0,4907.0,0.380284,1.5682120000000002,ZAF,SVN,900220
6444642,14,239,9660,2013,14352.0,0.0,-0.31145700000000004,-0.167628,AUS,VNM,900220
6444643,18,239,9660,2013,9456.0,0.0,1.316207,0.972601,BEL,VNM,900220
6444644,43,239,9660,2013,1153895.0,819926.0,1.113767,1.477496,CHN,VNM,900220
6444645,61,239,9660,2013,26779.0,0.0,2.093658,-3.4281980000000005,DEU,VNM,900220
6444646,81,239,9660,2013,1249.0,3865.0,1.7901259999999999,0.44164,GBR,VNM,900220
6444647,97,239,9660,2013,30613.0,5623334.0,0.744383,1.923139,HKG,VNM,900220
6444648,110,239,9660,2013,0.0,2927.0,1.197241,0.633828,ISR,VNM,900220
6444649,111,239,9660,2013,4511.0,1264.0,1.289924,0.533436,ITA,VNM,900220
6444650,114,239,9660,2013,210932.0,73902.0,2.3993130000000003,-0.564768,JPN,VNM,900220
6444651,121,239,9660,2013,9551633.0,328734.0,1.818383,0.75645,KOR,VNM,900220
6444652,123,239,9660,2013,0.0,22071.0,-1.204446,-0.8571489999999999,LAO,VNM,900220
6444653,153,239,9660,2013,10386.0,475023.0,0.937641,0.747496,MYS,VNM,900220
6444654,174,239,9660,2013,96605.0,0.0,0.507868,0.355403,PHL,VNM,900220
6444655,192,239,9660,2013,67309.0,0.0,1.915504,0.619576,SGP,VNM,900220
6444656,207,239,9660,2013,639499.0,0.0,1.698374,0.563082,SVN,VNM,900220
6444657,216,239,9660,2013,2024.0,0.0,0.8752139999999999,1.3798620000000001,THA,VNM,900220
6444658,231,239,9660,2013,79770.0,42998.0,1.6639689999999998,-0.48651300000000003,USA,VNM,900220
6444659,249,239,9660,2013,50914.0,0.0,1.843186,0.9432379999999999,TWN,VNM,900220
6444660,246,248,9660,2013,5003.0,0.0,0.380284,1.5682120000000002,ZAF,ZWE,900220
6444661,15,4,9660,2013,1485.0,0.0,1.7209240000000001,-0.286892,AUT,ALB,900220
6444662,100,4,9660,2013,1588.0,0.0,0.898284,1.038807,HRV,ALB,900220
6444663,114,4,9660,2013,478.0,0.0,2.3993130000000003,-0.564768,JPN,ALB,900220
6444664,183,4,9660,2013,0.0,7406.0,-0.083649,-1.013491,QAT,ALB,900220
6444665,43,5,9660,2013,731.0,0.0,1.113767,1.477496,CHN,AND,900220
6444666,61,5,9660,2013,24123.0,0.0,2.093658,-3.4281980000000005,DEU,AND,900220
6444667,71,5,9660,2013,3538.0,0.0,0.861698,2.353993,ESP,AND,900220
6444668,77,5,9660,2013,15373.0,0.0,1.520354,0.022874000000000002,FRA,AND,900220
6444669,81,5,9660,2013,1598.0,0.0,1.7901259999999999,0.44164,GBR,AND,900220
6444670,114,5,9660,2013,644.0,0.0,2.3993130000000003,-0.564768,JPN,AND,900220
6444671,174,5,9660,2013,737.0,0.0,0.507868,0.355403,PHL,AND,900220
6444672,77,21,9660,2013,25724.0,0.0,1.520354,0.022874000000000002,FRA,BFA,900220
6444673,231,21,9660,2013,2109.0,0.0,1.6639689999999998,-0.48651300000000003,USA,BFA,900220
6444674,246,21,9660,2013,63770.0,0.0,0.380284,1.5682120000000002,ZAF,BFA,900220
6444675,192,29,9660,2013,1213.0,0.0,1.915504,0.619576,SGP,BLZ,900220
6444676,231,29,9660,2013,2192.0,0.0,1.6639689999999998,-0.48651300000000003,USA,BLZ,900220
6444677,231,30,9660,2013,7969.0,0.0,1.6639689999999998,-0.48651300000000003,USA,BMU,900220
6444678,39,31,9660,2013,2756.0,0.0,0.719649,1.017046,CAN,BOL,900220
6444679,43,31,9660,2013,1290.0,0.0,1.113767,1.477496,CHN,BOL,900220
6444680,61,31,9660,2013,2029.0,0.0,2.093658,-3.4281980000000005,DEU,BOL,900220
6444681,231,31,9660,2013,19639.0,0.0,1.6639689999999998,-0.48651300000000003,USA,BOL,900220
6444682,61,34,9660,2013,1259.0,0.0,2.093658,-3.4281980000000005,DEU,BRN,900220
6444683,153,34,9660,2013,3119.0,0.0,0.937641,0.747496,MYS,BRN,900220
6444684,192,34,9660,2013,23336.0,0.0,1.915504,0.619576,SGP,BRN,900220
6444685,231,34,9660,2013,3929.0,0.0,1.6639689999999998,-0.48651300000000003,USA,BRN,900220
6444686,43,37,9660,2013,2090.0,0.0,1.113767,1.477496,CHN,BWA,900220
6444687,77,37,9660,2013,5056.0,0.0,1.520354,0.022874000000000002,FRA,BWA,900220
6444688,104,37,9660,2013,4162.0,0.0,0.215356,2.3916209999999998,IND,BWA,900220
6444689,110,37,9660,2013,15843.0,0.0,1.197241,0.633828,ISR,BWA,900220
6444690,231,37,9660,2013,42497.0,0.0,1.6639689999999998,-0.48651300000000003,USA,BWA,900220
6444691,246,37,9660,2013,38114.0,0.0,0.380284,1.5682120000000002,ZAF,BWA,900220
6444692,7,44,9660,2013,3279.0,0.0,-0.074047,-0.585168,ARE,CIV,900220
6444693,14,44,9660,2013,13933.0,0.0,-0.31145700000000004,-0.167628,AUS,CIV,900220
6444694,39,44,9660,2013,870.0,0.0,0.719649,1.017046,CAN,CIV,900220
6444695,41,44,9660,2013,20907.0,0.0,2.2104470000000003,0.5403479999999999,CHE,CIV,900220
6444696,43,44,9660,2013,4668.0,0.0,1.113767,1.477496,CHN,CIV,900220
6444697,61,44,9660,2013,4056.0,0.0,2.093658,-3.4281980000000005,DEU,CIV,900220
6444698,77,44,9660,2013,10280.0,0.0,1.520354,0.022874000000000002,FRA,CIV,900220
6444699,83,44,9660,2013,0.0,9649.0,-0.7316010000000001,-0.5327689999999999,GHA,CIV,900220
6444700,111,44,9660,2013,2602.0,0.0,1.289924,0.533436,ITA,CIV,900220
6444701,131,44,9660,2013,1859.0,0.0,1.170459,1.150327,LUX,CIV,900220
6444702,159,44,9660,2013,1581.0,0.0,-1.745783,-1.1356680000000001,NGA,CIV,900220
6444703,231,44,9660,2013,58084.0,0.0,1.6639689999999998,-0.48651300000000003,USA,CIV,900220
6444704,246,44,9660,2013,23537.0,0.0,0.380284,1.5682120000000002,ZAF,CIV,900220
6444705,249,44,9660,2013,1625.0,0.0,1.843186,0.9432379999999999,TWN,CIV,900220
6444706,250,44,9660,2013,0.0,2601.0,0.628555,0.277602,ANS,CIV,900220
6444707,77,45,9660,2013,48406.0,0.0,1.520354,0.022874000000000002,FRA,CMR,900220
6444708,81,45,9660,2013,31807.0,0.0,1.7901259999999999,0.44164,GBR,CMR,900220
6444709,18,46,9660,2013,1679.0,0.0,1.316207,0.972601,BEL,COD,900220
6444710,39,46,9660,2013,1488.0,0.0,0.719649,1.017046,CAN,COD,900220
6444711,155,46,9660,2013,3231.0,0.0,-0.308643,-0.480617,NAM,COD,900220
6444712,246,46,9660,2013,16064.0,0.0,0.380284,1.5682120000000002,ZAF,COD,900220
6444713,247,46,9660,2013,411861.0,0.0,-0.382129,-0.5442229999999999,ZMB,COD,900220
6444714,18,47,9660,2013,4277.0,0.0,1.316207,0.972601,BEL,COG,900220
6444715,77,47,9660,2013,80659.0,0.0,1.520354,0.022874000000000002,FRA,COG,900220
6444716,81,47,9660,2013,1431.0,0.0,1.7901259999999999,0.44164,GBR,COG,900220
6444717,18,54,9660,2013,3000.0,0.0,1.316207,0.972601,BEL,CUB,900220
6444718,61,54,9660,2013,5120.0,0.0,2.093658,-3.4281980000000005,DEU,CUB,900220
6444719,138,54,9660,2013,8771.0,0.0,1.048507,0.718932,MEX,CUB,900220
6444720,169,54,9660,2013,133322.0,0.0,0.735637,1.161718,PAN,CUB,900220
6444721,231,57,9660,2013,34175.0,0.0,1.6639689999999998,-0.48651300000000003,USA,CYM,900220
6444722,14,58,9660,2013,1097.0,0.0,-0.31145700000000004,-0.167628,AUS,CYP,900220
6444723,61,58,9660,2013,31830.0,0.0,2.093658,-3.4281980000000005,DEU,CYP,900220
6444724,81,58,9660,2013,21129.0,0.0,1.7901259999999999,0.44164,GBR,CYP,900220
6444725,90,58,9660,2013,1665.0,0.0,0.18823800000000002,0.910906,GRC,CYP,900220
6444726,104,58,9660,2013,1363.0,0.0,0.215356,2.3916209999999998,IND,CYP,900220
6444727,108,58,9660,2013,0.0,1480.0,-2.839079,-0.8705440000000001,IRQ,CYP,900220
6444728,110,58,9660,2013,989.0,0.0,1.197241,0.633828,ISR,CYP,900220
6444729,162,58,9660,2013,80511.0,0.0,1.184107,1.249557,NLD,CYP,900220
6444730,177,58,9660,2013,0.0,34906.0,1.084332,1.216749,POL,CYP,900220
6444731,185,58,9660,2013,0.0,2692.0,0.792035,1.225034,ROU,CYP,900220
6444732,224,58,9660,2013,4336.0,0.0,0.42932299999999995,2.690235,TUR,CYP,900220
6444733,231,58,9660,2013,5318.0,0.0,1.6639689999999998,-0.48651300000000003,USA,CYP,900220
6444734,246,58,9660,2013,3029.0,0.0,0.380284,1.5682120000000002,ZAF,CYP,900220
6444735,15,66,9660,2013,2347.0,0.0,1.7209240000000001,-0.286892,AUT,DZA,900220
6444736,43,66,9660,2013,13116.0,0.0,1.113767,1.477496,CHN,DZA,900220
6444737,61,66,9660,2013,4394.0,0.0,2.093658,-3.4281980000000005,DEU,DZA,900220
6444738,77,66,9660,2013,10171.0,0.0,1.520354,0.022874000000000002,FRA,DZA,900220
6444739,81,66,9660,2013,1461.0,0.0,1.7901259999999999,0.44164,GBR,DZA,900220
6444740,111,66,9660,2013,4119.0,0.0,1.289924,0.533436,ITA,DZA,900220
6444741,162,66,9660,2013,1129.0,0.0,1.184107,1.249557,NLD,DZA,900220
6444742,207,66,9660,2013,988.0,0.0,1.698374,0.563082,SVN,DZA,900220
6444743,208,66,9660,2013,1538.0,0.0,1.869421,0.228109,SWE,DZA,900220
6444744,231,66,9660,2013,6912.0,0.0,1.6639689999999998,-0.48651300000000003,USA,DZA,900220
6444745,43,73,9660,2013,12051.0,0.0,1.113767,1.477496,CHN,ETH,900220
6444746,59,73,9660,2013,1198.0,0.0,1.819653,-0.12423800000000002,CZE,ETH,900220
6444747,61,73,9660,2013,8375.0,0.0,2.093658,-3.4281980000000005,DEU,ETH,900220
6444748,77,73,9660,2013,2306.0,0.0,1.520354,0.022874000000000002,FRA,ETH,900220
6444749,114,73,9660,2013,5577.0,0.0,2.3993130000000003,-0.564768,JPN,ETH,900220
6444750,153,73,9660,2013,1370.0,0.0,0.937641,0.747496,MYS,ETH,900220
6444751,223,73,9660,2013,12599.0,0.0,0.185528,1.0070700000000001,TUN,ETH,900220
6444752,224,73,9660,2013,49462.0,0.0,0.42932299999999995,2.690235,TUR,ETH,900220
6444753,250,73,9660,2013,25516.0,0.0,0.628555,0.277602,ANS,ETH,900220
6444754,77,80,9660,2013,41432.0,0.0,1.520354,0.022874000000000002,FRA,GAB,900220
6444755,246,80,9660,2013,3075.0,0.0,0.380284,1.5682120000000002,ZAF,GAB,900220
6444756,18,83,9660,2013,2993.0,0.0,1.316207,0.972601,BEL,GHA,900220
6444757,43,83,9660,2013,2187.0,0.0,1.113767,1.477496,CHN,GHA,900220
6444758,44,83,9660,2013,9649.0,0.0,-0.923558,-0.866642,CIV,GHA,900220
6444759,61,83,9660,2013,4498.0,0.0,2.093658,-3.4281980000000005,DEU,GHA,900220
6444760,64,83,9660,2013,877.0,0.0,1.161835,1.1788450000000001,DNK,GHA,900220
6444761,81,83,9660,2013,2384.0,0.0,1.7901259999999999,0.44164,GBR,GHA,900220
6444762,89,83,9660,2013,25266.0,0.0,-1.521575,-0.814708,GNQ,GHA,900220
6444763,106,83,9660,2013,1061.0,0.0,1.29988,0.240688,IRL,GHA,900220
6444764,121,83,9660,2013,302572.0,0.0,1.818383,0.75645,KOR,GHA,900220
6444765,231,83,9660,2013,27941.0,0.0,1.6639689999999998,-0.48651300000000003,USA,GHA,900220
6444766,246,83,9660,2013,48210.0,0.0,0.380284,1.5682120000000002,ZAF,GHA,900220
6444767,61,84,9660,2013,9577.0,0.0,2.093658,-3.4281980000000005,DEU,GIB,900220
6444768,231,84,9660,2013,6780.0,0.0,1.6639689999999998,-0.48651300000000003,USA,GIB,900220
6444769,18,85,9660,2013,2344.0,0.0,1.316207,0.972601,BEL,GIN,900220
6444770,121,85,9660,2013,3557.0,0.0,1.818383,0.75645,KOR,GIN,900220
6444771,208,85,9660,2013,0.0,12095.0,1.869421,0.228109,SWE,GIN,900220
6444772,246,85,9660,2013,2959.0,0.0,0.380284,1.5682120000000002,ZAF,GIN,900220
6444773,169,99,9660,2013,12610.0,0.0,0.735637,1.161718,PAN,HND,900220
6444774,231,99,9660,2013,111080.0,0.0,1.6639689999999998,-0.48651300000000003,USA,HND,900220
6444775,7,108,9660,2013,31467.0,0.0,-0.074047,-0.585168,ARE,IRQ,900220
6444776,58,108,9660,2013,1480.0,0.0,0.502238,0.349608,CYP,IRQ,900220
6444777,61,108,9660,2013,23831.0,0.0,2.093658,-3.4281980000000005,DEU,IRQ,900220
6444778,68,108,9660,2013,20423.0,0.0,-0.17418,1.692641,EGY,IRQ,900220
6444779,81,108,9660,2013,5865.0,0.0,1.7901259999999999,0.44164,GBR,IRQ,900220
6444780,107,108,9660,2013,48692.0,0.0,-0.339172,-0.237114,IRN,IRQ,900220
6444781,122,108,9660,2013,1870.0,0.0,-0.536384,-1.08382,KWT,IRQ,900220
6444782,224,108,9660,2013,22248.0,0.0,0.42932299999999995,2.690235,TUR,IRQ,900220
6444783,231,108,9660,2013,280143.0,0.0,1.6639689999999998,-0.48651300000000003,USA,IRQ,900220
6444784,18,109,9660,2013,1815.0,0.0,1.316207,0.972601,BEL,ISL,900220
6444785,39,109,9660,2013,3714.0,0.0,0.719649,1.017046,CAN,ISL,900220
6444786,43,109,9660,2013,3437.0,0.0,1.113767,1.477496,CHN,ISL,900220
6444787,61,109,9660,2013,57921.0,0.0,2.093658,-3.4281980000000005,DEU,ISL,900220
6444788,64,109,9660,2013,1222.0,0.0,1.161835,1.1788450000000001,DNK,ISL,900220
6444789,77,109,9660,2013,2063.0,0.0,1.520354,0.022874000000000002,FRA,ISL,900220
6444790,81,109,9660,2013,22509.0,0.0,1.7901259999999999,0.44164,GBR,ISL,900220
6444791,114,109,9660,2013,2961.0,0.0,2.3993130000000003,-0.564768,JPN,ISL,900220
6444792,162,109,9660,2013,8425.0,0.0,1.184107,1.249557,NLD,ISL,900220
6444793,208,109,9660,2013,12109.0,0.0,1.869421,0.228109,SWE,ISL,900220
6444794,231,109,9660,2013,14302.0,0.0,1.6639689999999998,-0.48651300000000003,USA,ISL,900220
6444795,231,120,9660,2013,3594.0,0.0,1.6639689999999998,-0.48651300000000003,USA,KNA,900220
6444796,43,133,9660,2013,1728.0,0.0,1.113767,1.477496,CHN,MAC,900220
6444797,97,133,9660,2013,151597.0,46251.0,0.744383,1.923139,HKG,MAC,900220
6444798,110,133,9660,2013,0.0,19568.0,1.197241,0.633828,ISR,MAC,900220
6444799,231,133,9660,2013,597685.0,0.0,1.6639689999999998,-0.48651300000000003,USA,MAC,900220
6444800,249,133,9660,2013,1399306.0,29646.0,1.843186,0.9432379999999999,TWN,MAC,900220
6444801,7,134,9660,2013,4290.0,0.0,-0.074047,-0.585168,ARE,MAR,900220
6444802,41,134,9660,2013,0.0,1047.0,2.2104470000000003,0.5403479999999999,CHE,MAR,900220
6444803,43,134,9660,2013,1508.0,0.0,1.113767,1.477496,CHN,MAR,900220
6444804,61,134,9660,2013,17468.0,0.0,2.093658,-3.4281980000000005,DEU,MAR,900220
6444805,64,134,9660,2013,1873.0,0.0,1.161835,1.1788450000000001,DNK,MAR,900220
6444806,77,134,9660,2013,10880.0,0.0,1.520354,0.022874000000000002,FRA,MAR,900220
6444807,111,134,9660,2013,4022.0,0.0,1.289924,0.533436,ITA,MAR,900220
6444808,188,134,9660,2013,66780.0,0.0,0.626347,-0.844406,SAU,MAR,900220
6444809,231,134,9660,2013,9389.0,0.0,1.6639689999999998,-0.48651300000000003,USA,MAR,900220
6444810,18,136,9660,2013,2465.0,0.0,1.316207,0.972601,BEL,MDG,900220
6444811,7,142,9660,2013,2869.0,0.0,-0.074047,-0.585168,ARE,MLT,900220
6444812,43,142,9660,2013,11936.0,0.0,1.113767,1.477496,CHN,MLT,900220
6444813,61,142,9660,2013,17876.0,0.0,2.093658,-3.4281980000000005,DEU,MLT,900220
6444814,81,142,9660,2013,3479.0,0.0,1.7901259999999999,0.44164,GBR,MLT,900220
6444815,97,142,9660,2013,38141.0,0.0,0.744383,1.923139,HKG,MLT,900220
6444816,111,142,9660,2013,7071.0,0.0,1.289924,0.533436,ITA,MLT,900220
6444817,121,142,9660,2013,0.0,1591.0,1.818383,0.75645,KOR,MLT,900220
6444818,231,142,9660,2013,3105.0,0.0,1.6639689999999998,-0.48651300000000003,USA,MLT,900220
6444819,249,142,9660,2013,3808.0,0.0,1.843186,0.9432379999999999,TWN,MLT,900220
6444820,43,143,9660,2013,4771.0,0.0,1.113767,1.477496,CHN,MMR,900220
6444821,61,143,9660,2013,3490.0,0.0,2.093658,-3.4281980000000005,DEU,MMR,900220
6444822,114,143,9660,2013,8449.0,0.0,2.3993130000000003,-0.564768,JPN,MMR,900220
6444823,153,143,9660,2013,2662.0,0.0,0.937641,0.747496,MYS,MMR,900220
6444824,192,143,9660,2013,2254.0,0.0,1.915504,0.619576,SGP,MMR,900220
6444825,216,143,9660,2013,5696.0,0.0,0.8752139999999999,1.3798620000000001,THA,MMR,900220
6444826,231,143,9660,2013,9425.0,0.0,1.6639689999999998,-0.48651300000000003,USA,MMR,900220
6444827,192,145,9660,2013,913.0,0.0,1.915504,0.619576,SGP,MNG,900220
6444828,231,145,9660,2013,11857.0,0.0,1.6639689999999998,-0.48651300000000003,USA,MNG,900220
6444829,61,151,9660,2013,987.0,0.0,2.093658,-3.4281980000000005,DEU,MUS,900220
6444830,77,151,9660,2013,1018.0,0.0,1.520354,0.022874000000000002,FRA,MUS,900220
6444831,192,151,9660,2013,855.0,0.0,1.915504,0.619576,SGP,MUS,900220
6444832,211,151,9660,2013,0.0,1147.0,0.270999,-0.474095,SYC,MUS,900220
6444833,231,151,9660,2013,4857.0,0.0,1.6639689999999998,-0.48651300000000003,USA,MUS,900220
6444834,246,151,9660,2013,26928.0,0.0,0.380284,1.5682120000000002,ZAF,MUS,900220
6444835,2,155,9660,2013,0.0,23406.0,-1.172043,-1.133735,AGO,NAM,900220
6444836,46,155,9660,2013,0.0,3231.0,-1.300125,-1.0708010000000001,COD,NAM,900220
6444837,61,155,9660,2013,7476.0,0.0,2.093658,-3.4281980000000005,DEU,NAM,900220
6444838,162,155,9660,2013,0.0,5641.0,1.184107,1.249557,NLD,NAM,900220
6444839,194,155,9660,2013,0.0,15919.0,1.221748,-0.206857,SHN,NAM,900220
6444840,231,155,9660,2013,1207.0,0.0,1.6639689999999998,-0.48651300000000003,USA,NAM,900220
6444841,246,155,9660,2013,46894.0,14307.0,0.380284,1.5682120000000002,ZAF,NAM,900220
6444842,77,157,9660,2013,7250.0,0.0,1.520354,0.022874000000000002,FRA,NER,900220
6444843,169,160,9660,2013,3579.0,0.0,0.735637,1.161718,PAN,NIC,900220
6444844,231,160,9660,2013,17240.0,0.0,1.6639689999999998,-0.48651300000000003,USA,NIC,900220
6444845,174,178,9660,2013,254162.0,0.0,0.507868,0.355403,PHL,PRK,900220
6444846,14,195,9660,2013,4856.0,0.0,-0.31145700000000004,-0.167628,AUS,SLB,900220
6444847,43,195,9660,2013,896.0,0.0,1.113767,1.477496,CHN,SLB,900220
6444848,75,195,9660,2013,9820.0,0.0,-0.5203369999999999,-0.122405,FJI,SLB,900220
6444849,153,195,9660,2013,1589.0,0.0,0.937641,0.747496,MYS,SLB,900220
6444850,249,195,9660,2013,4435.0,0.0,1.843186,0.9432379999999999,TWN,SLB,900220
6444851,61,209,9660,2013,904.0,0.0,2.093658,-3.4281980000000005,DEU,SWZ,900220
6444852,110,209,9660,2013,625.0,0.0,1.197241,0.633828,ISR,SWZ,900220
6444853,246,209,9660,2013,13372.0,0.0,0.380284,1.5682120000000002,ZAF,SWZ,900220
6444854,7,211,9660,2013,1148.0,0.0,-0.074047,-0.585168,ARE,SYC,900220
6444855,14,211,9660,2013,831.0,0.0,-0.31145700000000004,-0.167628,AUS,SYC,900220
6444856,61,211,9660,2013,19281.0,0.0,2.093658,-3.4281980000000005,DEU,SYC,900220
6444857,77,211,9660,2013,3393.0,0.0,1.520354,0.022874000000000002,FRA,SYC,900220
6444858,81,211,9660,2013,4945.0,0.0,1.7901259999999999,0.44164,GBR,SYC,900220
6444859,104,211,9660,2013,7304.0,0.0,0.215356,2.3916209999999998,IND,SYC,900220
6444860,116,211,9660,2013,1288.0,0.0,-0.448112,0.8672719999999999,KEN,SYC,900220
6444861,151,211,9660,2013,1147.0,0.0,-0.158852,0.0061600000000000005,MUS,SYC,900220
6444862,162,211,9660,2013,3534.0,0.0,1.184107,1.249557,NLD,SYC,900220
6444863,192,211,9660,2013,1982.0,0.0,1.915504,0.619576,SGP,SYC,900220
6444864,246,211,9660,2013,10742.0,0.0,0.380284,1.5682120000000002,ZAF,SYC,900220
6444865,7,212,9660,2013,5321.0,0.0,-0.074047,-0.585168,ARE,SYR,900220
6444866,61,212,9660,2013,1074.0,0.0,2.093658,-3.4281980000000005,DEU,SYR,900220
6444867,7,215,9660,2013,2939.0,0.0,-0.074047,-0.585168,ARE,TGO,900220
6444868,43,215,9660,2013,9689.0,0.0,1.113767,1.477496,CHN,TGO,900220
6444869,77,215,9660,2013,21215.0,0.0,1.520354,0.022874000000000002,FRA,TGO,900220
6444870,179,215,9660,2013,1766.0,0.0,0.541454,2.5228610000000002,PRT,TGO,900220
6444871,14,220,9660,2013,38014.0,0.0,-0.31145700000000004,-0.167628,AUS,TLS,900220
6444872,43,220,9660,2013,7744.0,0.0,1.113767,1.477496,CHN,TLS,900220
6444873,103,220,9660,2013,8462.0,0.0,-0.216854,1.415728,IDN,TLS,900220
6444874,39,223,9660,2013,0.0,1442.0,0.719649,1.017046,CAN,TUN,900220
6444875,43,223,9660,2013,2748.0,0.0,1.113767,1.477496,CHN,TUN,900220
6444876,61,223,9660,2013,9265.0,0.0,2.093658,-3.4281980000000005,DEU,TUN,900220
6444877,68,223,9660,2013,43623.0,0.0,-0.17418,1.692641,EGY,TUN,900220
6444878,71,223,9660,2013,2034.0,165851.0,0.861698,2.353993,ESP,TUN,900220
6444879,73,223,9660,2013,0.0,12599.0,-1.264002,-0.9594219999999999,ETH,TUN,900220
6444880,74,223,9660,2013,3849.0,0.0,1.734552,0.8896940000000001,FIN,TUN,900220
6444881,77,223,9660,2013,5420.0,14908.0,1.520354,0.022874000000000002,FRA,TUN,900220
6444882,81,223,9660,2013,0.0,12764.0,1.7901259999999999,0.44164,GBR,TUN,900220
6444883,97,223,9660,2013,127456.0,0.0,0.744383,1.923139,HKG,TUN,900220
6444884,111,223,9660,2013,153170.0,2129536.0,1.289924,0.533436,ITA,TUN,900220
6444885,138,223,9660,2013,0.0,110489.0,1.048507,0.718932,MEX,TUN,900220
6444886,177,223,9660,2013,0.0,619718.0,1.084332,1.216749,POL,TUN,900220
6444887,179,223,9660,2013,0.0,336415.0,0.541454,2.5228610000000002,PRT,TUN,900220
6444888,224,223,9660,2013,0.0,436288.0,0.42932299999999995,2.690235,TUR,TUN,900220
6444889,231,223,9660,2013,2014.0,126333.0,1.6639689999999998,-0.48651300000000003,USA,TUN,900220
6444890,250,223,9660,2013,0.0,4265.0,0.628555,0.277602,ANS,TUN,900220
6444891,7,226,9660,2013,5103.0,0.0,-0.074047,-0.585168,ARE,TZA,900220
6444892,14,226,9660,2013,13126.0,0.0,-0.31145700000000004,-0.167628,AUS,TZA,900220
6444893,15,226,9660,2013,2169.0,0.0,1.7209240000000001,-0.286892,AUT,TZA,900220
6444894,43,226,9660,2013,17153.0,0.0,1.113767,1.477496,CHN,TZA,900220
6444895,61,226,9660,2013,4709.0,0.0,2.093658,-3.4281980000000005,DEU,TZA,900220
6444896,71,226,9660,2013,3695.0,0.0,0.861698,2.353993,ESP,TZA,900220
6444897,97,226,9660,2013,1633.0,0.0,0.744383,1.923139,HKG,TZA,900220
6444898,104,226,9660,2013,2186.0,0.0,0.215356,2.3916209999999998,IND,TZA,900220
6444899,116,226,9660,2013,0.0,36353.0,-0.448112,0.8672719999999999,KEN,TZA,900220
6444900,147,226,9660,2013,5475.0,0.0,-1.326323,-1.050969,MOZ,TZA,900220
6444901,231,226,9660,2013,4993.0,0.0,1.6639689999999998,-0.48651300000000003,USA,TZA,900220
6444902,246,226,9660,2013,15116.0,0.0,0.380284,1.5682120000000002,ZAF,TZA,900220
6444903,247,226,9660,2013,1225.0,17479.0,-0.382129,-0.5442229999999999,ZMB,TZA,900220
6444904,104,227,9660,2013,1150.0,0.0,0.215356,2.3916209999999998,IND,UGA,900220
6444905,202,227,9660,2013,0.0,1432.0,-2.57,-0.8567969999999999,SSD,UGA,900220
6444906,224,227,9660,2013,3194.0,0.0,0.42932299999999995,2.690235,TUR,UGA,900220
6444907,7,247,9660,2013,7100.0,0.0,-0.074047,-0.585168,ARE,ZMB,900220
6444908,14,247,9660,2013,1570.0,0.0,-0.31145700000000004,-0.167628,AUS,ZMB,900220
6444909,42,247,9660,2013,2628.0,0.0,-0.260718,-0.38256100000000004,CHL,ZMB,900220
6444910,43,247,9660,2013,12471.0,0.0,1.113767,1.477496,CHN,ZMB,900220
6444911,46,247,9660,2013,0.0,411861.0,-1.300125,-1.0708010000000001,COD,ZMB,900220
6444912,81,247,9660,2013,1261.0,0.0,1.7901259999999999,0.44164,GBR,ZMB,900220
6444913,104,247,9660,2013,10067.0,0.0,0.215356,2.3916209999999998,IND,ZMB,900220
6444914,106,247,9660,2013,85878.0,0.0,1.29988,0.240688,IRL,ZMB,900220
6444915,110,247,9660,2013,3256.0,0.0,1.197241,0.633828,ISR,ZMB,900220
6444916,111,247,9660,2013,4412.0,0.0,1.289924,0.533436,ITA,ZMB,900220
6444917,162,247,9660,2013,2588.0,0.0,1.184107,1.249557,NLD,ZMB,900220
6444918,208,247,9660,2013,600030.0,8670.0,1.869421,0.228109,SWE,ZMB,900220
6444919,226,247,9660,2013,17479.0,1225.0,-0.9306770000000001,0.273489,TZA,ZMB,900220
6444920,231,247,9660,2013,21255.0,0.0,1.6639689999999998,-0.48651300000000003,USA,ZMB,900220
6444921,246,247,9660,2013,12290.0,0.0,0.380284,1.5682120000000002,ZAF,ZMB,900220
6444922,231,13,9660,2013,6039.0,0.0,1.6639689999999998,-0.48651300000000003,USA,ATG,900220
6444923,231,127,9660,2013,1603.0,0.0,1.6639689999999998,-0.48651300000000003,USA,LCA,900220
6444924,95,175,9660,2013,1894.0,0.0,0.483541,0.281968,GUM,PLW,900220
6444925,231,175,9660,2013,1133.0,0.0,1.6639689999999998,-0.48651300000000003,USA,PLW,900220
6444926,7,2,9660,2013,3755.0,0.0,-0.074047,-0.585168,ARE,AGO,900220
6444927,18,2,9660,2013,1679.0,0.0,1.316207,0.972601,BEL,AGO,900220
6444928,41,2,9660,2013,104984.0,0.0,2.2104470000000003,0.5403479999999999,CHE,AGO,900220
6444929,81,2,9660,2013,6683.0,0.0,1.7901259999999999,0.44164,GBR,AGO,900220
6444930,111,2,9660,2013,1616.0,0.0,1.289924,0.533436,ITA,AGO,900220
6444931,155,2,9660,2013,23406.0,0.0,-0.308643,-0.480617,NAM,AGO,900220
6444932,163,2,9660,2013,1137.0,0.0,0.892099,0.18168399999999998,NOR,AGO,900220
6444933,179,2,9660,2013,7193.0,0.0,0.541454,2.5228610000000002,PRT,AGO,900220
6444934,192,2,9660,2013,1681.0,0.0,1.915504,0.619576,SGP,AGO,900220
6444935,231,2,9660,2013,45590.0,0.0,1.6639689999999998,-0.48651300000000003,USA,AGO,900220
6444936,246,2,9660,2013,6046.0,0.0,0.380284,1.5682120000000002,ZAF,AGO,900220
6444937,77,89,9660,2013,11558.0,0.0,1.520354,0.022874000000000002,FRA,GNQ,900220
6444938,83,89,9660,2013,0.0,25266.0,-0.7316010000000001,-0.5327689999999999,GHA,GNQ,900220
6444939,231,89,9660,2013,8550.0,0.0,1.6639689999999998,-0.48651300000000003,USA,GNQ,900220
6444940,81,126,9660,2013,61126.0,0.0,1.7901259999999999,0.44164,GBR,LBY,900220
6444941,111,126,9660,2013,2881.0,0.0,1.289924,0.533436,ITA,LBY,900220
6444942,224,126,9660,2013,2000.0,0.0,0.42932299999999995,2.690235,TUR,LBY,900220
6444943,231,126,9660,2013,3966.0,0.0,1.6639689999999998,-0.48651300000000003,USA,LBY,900220
6444944,231,141,9660,2013,3020.0,0.0,1.6639689999999998,-0.48651300000000003,USA,MLI,900220
6444945,207,144,9660,2013,0.0,2132.0,1.698374,0.563082,SVN,MNE,900220
6444946,231,213,9660,2013,17920.0,0.0,1.6639689999999998,-0.48651300000000003,USA,TCA,900220
6444947,224,217,9660,2013,1678.0,0.0,0.42932299999999995,2.690235,TUR,TJK,900220
6444948,162,0,9660,2013,4676.0,0.0,1.184107,1.249557,NLD,ABW,900220
6444949,169,0,9660,2013,1414.0,0.0,0.735637,1.161718,PAN,ABW,900220
6444950,231,0,9660,2013,8539.0,0.0,1.6639689999999998,-0.48651300000000003,USA,ABW,900220
6444951,7,1,9660,2013,28932.0,0.0,-0.074047,-0.585168,ARE,AFG,900220
6444952,14,1,9660,2013,0.0,1581.0,-0.31145700000000004,-0.167628,AUS,AFG,900220
6444953,61,1,9660,2013,1061.0,0.0,2.093658,-3.4281980000000005,DEU,AFG,900220
6444954,231,1,9660,2013,29499.0,0.0,1.6639689999999998,-0.48651300000000003,USA,AFG,900220
6444955,14,75,9660,2013,22124.0,0.0,-0.31145700000000004,-0.167628,AUS,FJI,900220
6444956,119,75,9660,2013,0.0,1325.0,-0.258825,-0.781927,KIR,FJI,900220
6444957,195,75,9660,2013,0.0,9820.0,-0.9350860000000001,-0.877676,SLB,FJI,900220
6444958,64,78,9660,2013,2287.0,0.0,1.161835,1.1788450000000001,DNK,FRO,900220
6444959,231,79,9660,2013,1218.0,0.0,1.6639689999999998,-0.48651300000000003,USA,FSM,900220
6444960,43,87,9660,2013,981.0,0.0,1.113767,1.477496,CHN,GMB,900220
6444961,231,87,9660,2013,1989.0,0.0,1.6639689999999998,-0.48651300000000003,USA,GMB,900220
6444962,169,101,9660,2013,13700.0,0.0,0.735637,1.161718,PAN,HTI,900220
6444963,231,101,9660,2013,9940.0,0.0,1.6639689999999998,-0.48651300000000003,USA,HTI,900220
6444964,61,123,9660,2013,982.0,0.0,2.093658,-3.4281980000000005,DEU,LAO,900220
6444965,121,123,9660,2013,32540.0,0.0,1.818383,0.75645,KOR,LAO,900220
6444966,192,123,9660,2013,96711.0,0.0,1.915504,0.619576,SGP,LAO,900220
6444967,216,123,9660,2013,82870.0,0.0,0.8752139999999999,1.3798620000000001,THA,LAO,900220
6444968,239,123,9660,2013,22071.0,0.0,-0.11426900000000001,1.399738,VNM,LAO,900220
6444969,246,129,9660,2013,3950.0,0.0,0.380284,1.5682120000000002,ZAF,LSO,900220
6444970,128,137,9660,2013,1298.0,0.0,-0.6521779999999999,0.41258599999999995,LKA,MDV,900220
6444971,231,137,9660,2013,6975.0,0.0,1.6639689999999998,-0.48651300000000003,USA,MDV,900220
6444972,246,152,9660,2013,1751.0,0.0,0.380284,1.5682120000000002,ZAF,MWI,900220
6444973,14,156,9660,2013,204796.0,0.0,-0.31145700000000004,-0.167628,AUS,NCL,900220
6444974,43,156,9660,2013,4377.0,0.0,1.113767,1.477496,CHN,NCL,900220
6444975,77,156,9660,2013,16954.0,0.0,1.520354,0.022874000000000002,FRA,NCL,900220
6444976,81,156,9660,2013,1044.0,0.0,1.7901259999999999,0.44164,GBR,NCL,900220
6444977,114,156,9660,2013,1378.0,0.0,2.3993130000000003,-0.564768,JPN,NCL,900220
6444978,207,156,9660,2013,1209.0,0.0,1.698374,0.563082,SVN,NCL,900220
6444979,231,156,9660,2013,1928.0,0.0,1.6639689999999998,-0.48651300000000003,USA,NCL,900220
6444980,14,176,9660,2013,311383.0,0.0,-0.31145700000000004,-0.167628,AUS,PNG,900220
6444981,81,176,9660,2013,2057.0,0.0,1.7901259999999999,0.44164,GBR,PNG,900220
6444982,192,176,9660,2013,33246.0,0.0,1.915504,0.619576,SGP,PNG,900220
6444983,231,176,9660,2013,3128.0,0.0,1.6639689999999998,-0.48651300000000003,USA,PNG,900220
6444984,77,182,9660,2013,4274.0,0.0,1.520354,0.022874000000000002,FRA,PYF,900220
6444985,103,182,9660,2013,1538.0,0.0,-0.216854,1.415728,IDN,PYF,900220
6444986,114,182,9660,2013,2285.0,0.0,2.3993130000000003,-0.564768,JPN,PYF,900220
6444987,166,182,9660,2013,2240.0,0.0,0.3345,0.39063000000000003,NZL,PYF,900220
6444988,231,182,9660,2013,4144.0,0.0,1.6639689999999998,-0.48651300000000003,USA,PYF,900220
6444989,18,187,9660,2013,13593.0,0.0,1.316207,0.972601,BEL,RWA,900220
6444990,43,187,9660,2013,718.0,0.0,1.113767,1.477496,CHN,RWA,900220
6444991,61,187,9660,2013,1383.0,0.0,2.093658,-3.4281980000000005,DEU,RWA,900220
6444992,231,196,9660,2013,0.0,5780.0,1.6639689999999998,-0.48651300000000003,USA,SLE,900220
6444993,246,196,9660,2013,10722.0,0.0,0.380284,1.5682120000000002,ZAF,SLE,900220
6444994,7,199,9660,2013,1666.0,0.0,-0.074047,-0.585168,ARE,SOM,900220
6444995,7,219,9660,2013,54819.0,0.0,-0.074047,-0.585168,ARE,TKM,900220
6444996,61,219,9660,2013,3984.0,0.0,2.093658,-3.4281980000000005,DEU,TKM,900220
6444997,224,219,9660,2013,2186.0,0.0,0.42932299999999995,2.690235,TUR,TKM,900220
6444998,224,232,9660,2013,1067.0,0.0,0.42932299999999995,2.690235,TUR,UZB,900220
6444999,14,240,9660,2013,9348.0,0.0,-0.31145700000000004,-0.167628,AUS,VUT,900220
6445000,231,91,9660,2013,19879.0,0.0,1.6639689999999998,-0.48651300000000003,USA,GRD,900220
6445001,64,92,9660,2013,1377.0,0.0,1.161835,1.1788450000000001,DNK,GRL,900220
6445002,227,202,9660,2013,1432.0,0.0,-0.5462279999999999,0.200682,UGA,SSD,900220
6445003,166,242,9660,2013,1632.0,0.0,0.3345,0.39063000000000003,NZL,WSM,900220
6445004,14,40,9660,2013,2537.0,0.0,-0.31145700000000004,-0.167628,AUS,CCK,900220
6445005,166,48,9660,2013,1315.0,0.0,0.3345,0.39063000000000003,NZL,COK,900220
6445006,14,56,9660,2013,12286.0,0.0,-0.31145700000000004,-0.167628,AUS,CXR,900220
6445007,175,95,9660,2013,0.0,1894.0,0.232127,-0.716653,PLW,GUM,900220
6445008,75,119,9660,2013,1325.0,0.0,-0.5203369999999999,-0.122405,FJI,KIR,900220
6445009,14,165,9660,2013,9435.0,0.0,-0.31145700000000004,-0.167628,AUS,NRU,900220
6445010,155,194,9660,2013,15919.0,0.0,-0.308643,-0.480617,NAM,SHN,900220
6445011,231,210,9660,2013,25850.0,0.0,1.6639689999999998,-0.48651300000000003,USA,SXM,900220
6445012,1,7,9663,2013,0.0,58581.0,-0.985727,-0.7164550000000001,AFG,ARE,900319
6445013,2,7,9663,2013,0.0,5921.0,-1.172043,-1.133735,AGO,ARE,900319
6445014,8,7,9663,2013,1091.0,0.0,0.20314300000000002,0.494062,ARG,ARE,900319
6445015,14,7,9663,2013,5888.0,0.0,-0.31145700000000004,-0.167628,AUS,ARE,900319
6445016,15,7,9663,2013,762644.0,4942.0,1.7209240000000001,-0.286892,AUT,ARE,900319
6445017,16,7,9663,2013,0.0,63202.0,-0.9232870000000001,-1.165928,AZE,ARE,900319
6445018,17,7,9663,2013,0.0,1460.0,-0.824903,-0.906436,BDI,ARE,900319
6445019,18,7,9663,2013,13782.0,0.0,1.316207,0.972601,BEL,ARE,900319
6445020,23,7,9663,2013,0.0,4526.0,0.5026109999999999,1.674296,BGR,ARE,900319
6445021,24,7,9663,2013,0.0,61228.0,0.249681,-0.6204270000000001,BHR,ARE,900319
6445022,32,7,9663,2013,16016.0,0.0,0.14765899999999998,0.399262,BRA,ARE,900319
6445023,39,7,9663,2013,2892.0,1032.0,0.719649,1.017046,CAN,ARE,900319
6445024,41,7,9663,2013,3907345.0,289052.0,2.2104470000000003,0.5403479999999999,CHE,ARE,900319
6445025,43,7,9663,2013,1013683.0,0.0,1.113767,1.477496,CHN,ARE,900319
6445026,47,7,9663,2013,0.0,1503.0,-1.215681,-1.08679,COG,ARE,900319
6445027,59,7,9663,2013,26377.0,0.0,1.819653,-0.12423800000000002,CZE,ARE,900319
6445028,61,7,9663,2013,2436315.0,0.0,2.093658,-3.4281980000000005,DEU,ARE,900319
6445029,64,7,9663,2013,269227.0,0.0,1.161835,1.1788450000000001,DNK,ARE,900319
6445030,68,7,9663,2013,0.0,4049.0,-0.17418,1.692641,EGY,ARE,900319
6445031,71,7,9663,2013,17949.0,0.0,0.861698,2.353993,ESP,ARE,900319
6445032,73,7,9663,2013,0.0,10244.0,-1.264002,-0.9594219999999999,ETH,ARE,900319
6445033,77,7,9663,2013,1232484.0,7908.0,1.520354,0.022874000000000002,FRA,ARE,900319
6445034,81,7,9663,2013,233120.0,23365.0,1.7901259999999999,0.44164,GBR,ARE,900319
6445035,83,7,9663,2013,0.0,24694.0,-0.7316010000000001,-0.5327689999999999,GHA,ARE,900319
6445036,90,7,9663,2013,9113.0,0.0,0.18823800000000002,0.910906,GRC,ARE,900319
6445037,97,7,9663,2013,167411.0,0.0,0.744383,1.923139,HKG,ARE,900319
6445038,104,7,9663,2013,20559.0,99517.0,0.215356,2.3916209999999998,IND,ARE,900319
6445039,106,7,9663,2013,1925.0,0.0,1.29988,0.240688,IRL,ARE,900319
6445040,107,7,9663,2013,0.0,185884.0,-0.339172,-0.237114,IRN,ARE,900319
6445041,108,7,9663,2013,0.0,141648.0,-2.839079,-0.8705440000000001,IRQ,ARE,900319
6445042,111,7,9663,2013,6129684.0,89673.0,1.289924,0.533436,ITA,ARE,900319
6445043,113,7,9663,2013,4042.0,1905.0,0.152659,0.5889979999999999,JOR,ARE,900319
6445044,114,7,9663,2013,168038.0,0.0,2.3993130000000003,-0.564768,JPN,ARE,900319
6445045,116,7,9663,2013,0.0,4937.0,-0.448112,0.8672719999999999,KEN,ARE,900319
6445046,121,7,9663,2013,420905.0,20211.0,1.818383,0.75645,KOR,ARE,900319
6445047,122,7,9663,2013,30246.0,12235.0,-0.536384,-1.08382,KWT,ARE,900319
6445048,124,7,9663,2013,19136.0,1883.0,0.283084,1.4289100000000001,LBN,ARE,900319
6445049,131,7,9663,2013,6293.0,0.0,1.170459,1.150327,LUX,ARE,900319
6445050,134,7,9663,2013,0.0,4828.0,-0.6494260000000001,-0.035075999999999996,MAR,ARE,900319
6445051,137,7,9663,2013,0.0,2828.0,-0.21889699999999998,-0.776392,MDV,ARE,900319
6445052,142,7,9663,2013,521.0,0.0,0.8519760000000001,-0.075869,MLT,ARE,900319
6445053,153,7,9663,2013,2367.0,0.0,0.937641,0.747496,MYS,ARE,900319
6445054,159,7,9663,2013,0.0,8100.0,-1.745783,-1.1356680000000001,NGA,ARE,900319
6445055,162,7,9663,2013,25304.0,11301.0,1.184107,1.249557,NLD,ARE,900319
6445056,167,7,9663,2013,0.0,50788.0,-0.604175,-1.0463209999999998,OMN,ARE,900319
6445057,177,7,9663,2013,1575.0,0.0,1.084332,1.216749,POL,ARE,900319
6445058,183,7,9663,2013,0.0,164946.0,-0.083649,-1.013491,QAT,ARE,900319
6445059,187,7,9663,2013,0.0,1156.0,-0.490519,-0.48427700000000007,RWA,ARE,900319
6445060,188,7,9663,2013,0.0,277826.0,0.626347,-0.844406,SAU,ARE,900319
6445061,190,7,9663,2013,0.0,27302.0,-1.254944,-1.073564,SDN,ARE,900319
6445062,192,7,9663,2013,71139.0,0.0,1.915504,0.619576,SGP,ARE,900319
6445063,206,7,9663,2013,35920.0,0.0,1.32064,0.7519819999999999,SVK,ARE,900319
6445064,216,7,9663,2013,1309.0,0.0,0.8752139999999999,1.3798620000000001,THA,ARE,900319
6445065,224,7,9663,2013,37227.0,0.0,0.42932299999999995,2.690235,TUR,ARE,900319
6445066,226,7,9663,2013,0.0,2406.0,-0.9306770000000001,0.273489,TZA,ARE,900319
6445067,227,7,9663,2013,0.0,2585.0,-0.5462279999999999,0.200682,UGA,ARE,900319
6445068,230,7,9663,2013,0.0,2322.0,0.20190999999999998,-0.19777999999999998,URY,ARE,900319
6445069,231,7,9663,2013,293055.0,0.0,1.6639689999999998,-0.48651300000000003,USA,ARE,900319
6445070,239,7,9663,2013,5967.0,0.0,-0.11426900000000001,1.399738,VNM,ARE,900319
6445071,246,7,9663,2013,10393.0,0.0,0.380284,1.5682120000000002,ZAF,ARE,900319
6445072,247,7,9663,2013,0.0,1497.0,-0.382129,-0.5442229999999999,ZMB,ARE,900319
6445073,249,7,9663,2013,25419.0,0.0,1.843186,0.9432379999999999,TWN,ARE,900319
6445074,250,7,9663,2013,0.0,46425.0,0.628555,0.277602,ANS,ARE,900319
6445075,7,8,9663,2013,0.0,1091.0,-0.074047,-0.585168,ARE,ARG,900319
6445076,32,8,9663,2013,45168.0,629136.0,0.14765899999999998,0.399262,BRA,ARG,900319
6445077,39,8,9663,2013,825.0,0.0,0.719649,1.017046,CAN,ARG,900319
6445078,42,8,9663,2013,3015.0,32156.0,-0.260718,-0.38256100000000004,CHL,ARG,900319
6445079,43,8,9663,2013,569699.0,0.0,1.113767,1.477496,CHN,ARG,900319
6445080,49,8,9663,2013,0.0,2840.0,0.121799,-0.388239,COL,ARG,900319
6445081,52,8,9663,2013,0.0,40687.0,0.067379,-0.688217,CRI,ARG,900319
6445082,61,8,9663,2013,87916.0,0.0,2.093658,-3.4281980000000005,DEU,ARG,900319
6445083,67,8,9663,2013,0.0,11695.0,-0.86546,-0.8888389999999999,ECU,ARG,900319
6445084,77,8,9663,2013,89379.0,0.0,1.520354,0.022874000000000002,FRA,ARG,900319
6445085,81,8,9663,2013,36658.0,0.0,1.7901259999999999,0.44164,GBR,ARG,900319
6445086,97,8,9663,2013,27408.0,1369.0,0.744383,1.923139,HKG,ARG,900319
6445087,104,8,9663,2013,32316.0,0.0,0.215356,2.3916209999999998,IND,ARG,900319
6445088,111,8,9663,2013,514590.0,0.0,1.289924,0.533436,ITA,ARG,900319
6445089,114,8,9663,2013,149526.0,0.0,2.3993130000000003,-0.564768,JPN,ARG,900319
6445090,121,8,9663,2013,80908.0,0.0,1.818383,0.75645,KOR,ARG,900319
6445091,151,8,9663,2013,0.0,3812.0,-0.158852,0.0061600000000000005,MUS,ARG,900319
6445092,153,8,9663,2013,42245.0,0.0,0.937641,0.747496,MYS,ARG,900319
6445093,169,8,9663,2013,0.0,3201.0,0.735637,1.161718,PAN,ARG,900319
6445094,173,8,9663,2013,0.0,139413.0,-0.573852,0.357977,PER,ARG,900319
6445095,180,8,9663,2013,0.0,24459.0,-0.566239,-0.9273459999999999,PRY,ARG,900319
6445096,224,8,9663,2013,43133.0,0.0,0.42932299999999995,2.690235,TUR,ARG,900319
6445097,230,8,9663,2013,0.0,43230.0,0.20190999999999998,-0.19777999999999998,URY,ARG,900319
6445098,231,8,9663,2013,5351.0,0.0,1.6639689999999998,-0.48651300000000003,USA,ARG,900319
6445099,236,8,9663,2013,0.0,6301.0,-0.778172,-1.107059,VEN,ARG,900319
6445100,239,8,9663,2013,8845.0,0.0,-0.11426900000000001,1.399738,VNM,ARG,900319
6445101,249,8,9663,2013,464466.0,0.0,1.843186,0.9432379999999999,TWN,ARG,900319
6445102,250,8,9663,2013,0.0,3367.0,0.628555,0.277602,ANS,ARG,900319
6445103,0,15,9663,2013,0.0,13966.0,0.913235,-0.149061,ABW,AUT,900319
6445104,4,15,9663,2013,0.0,2650.0,-0.53682,-0.162391,ALB,AUT,900319
6445105,5,15,9663,2013,0.0,49151.0,0.9666530000000001,-0.159606,AND,AUT,900319
6445106,7,15,9663,2013,4942.0,762644.0,-0.074047,-0.585168,ARE,AUT,900319
6445107,9,15,9663,2013,0.0,15353.0,-0.076922,-0.5781390000000001,ARM,AUT,900319
6445108,14,15,9663,2013,0.0,1102596.0,-0.31145700000000004,-0.167628,AUS,AUT,900319
6445109,16,15,9663,2013,0.0,14574.0,-0.9232870000000001,-1.165928,AZE,AUT,900319
6445110,18,15,9663,2013,145829.0,2462361.0,1.316207,0.972601,BEL,AUT,900319
6445111,21,15,9663,2013,0.0,1547.0,-0.9110360000000001,-0.852492,BFA,AUT,900319
6445112,23,15,9663,2013,0.0,78222.0,0.5026109999999999,1.674296,BGR,AUT,900319
6445113,24,15,9663,2013,0.0,38926.0,0.249681,-0.6204270000000001,BHR,AUT,900319
6445114,26,15,9663,2013,0.0,2611.0,0.46743199999999996,0.7340800000000001,BIH,AUT,900319
6445115,28,15,9663,2013,0.0,30849.0,1.036923,0.864568,BLR,AUT,900319
6445116,31,15,9663,2013,0.0,22075.0,-1.039614,-0.95663,BOL,AUT,900319
6445117,32,15,9663,2013,0.0,359238.0,0.14765899999999998,0.399262,BRA,AUT,900319
6445118,39,15,9663,2013,1345.0,2807230.0,0.719649,1.017046,CAN,AUT,900319
6445119,41,15,9663,2013,770318.0,2420653.0,2.2104470000000003,0.5403479999999999,CHE,AUT,900319
6445120,42,15,9663,2013,0.0,40695.0,-0.260718,-0.38256100000000004,CHL,AUT,900319
6445121,43,15,9663,2013,608450.0,379927.0,1.113767,1.477496,CHN,AUT,900319
6445122,49,15,9663,2013,1323.0,71672.0,0.121799,-0.388239,COL,AUT,900319
6445123,52,15,9663,2013,0.0,17364.0,0.067379,-0.688217,CRI,AUT,900319
6445124,55,15,9663,2013,0.0,12547.0,0.029981999999999998,-0.673439,CUW,AUT,900319
6445125,58,15,9663,2013,0.0,17255.0,0.502238,0.349608,CYP,AUT,900319
6445126,59,15,9663,2013,30008782.0,5767532.0,1.819653,-0.12423800000000002,CZE,AUT,900319
6445127,61,15,9663,2013,12848377.0,10172632.0,2.093658,-3.4281980000000005,DEU,AUT,900319
6445128,64,15,9663,2013,1051544.0,254133.0,1.161835,1.1788450000000001,DNK,AUT,900319
6445129,65,15,9663,2013,0.0,28117.0,-0.277269,0.432388,DOM,AUT,900319
6445130,67,15,9663,2013,0.0,63221.0,-0.86546,-0.8888389999999999,ECU,AUT,900319
6445131,68,15,9663,2013,0.0,54824.0,-0.17418,1.692641,EGY,AUT,900319
6445132,71,15,9663,2013,55633.0,2932073.0,0.861698,2.353993,ESP,AUT,900319
6445133,72,15,9663,2013,0.0,51681.0,0.8828940000000001,1.386574,EST,AUT,900319
6445134,74,15,9663,2013,0.0,105206.0,1.734552,0.8896940000000001,FIN,AUT,900319
6445135,75,15,9663,2013,0.0,884.0,-0.5203369999999999,-0.122405,FJI,AUT,900319
6445136,77,15,9663,2013,1262424.0,2041060.0,1.520354,0.022874000000000002,FRA,AUT,900319
6445137,78,15,9663,2013,0.0,16006.0,-0.370701,-0.815466,FRO,AUT,900319
6445138,81,15,9663,2013,910648.0,3622215.0,1.7901259999999999,0.44164,GBR,AUT,900319
6445139,82,15,9663,2013,0.0,7426.0,-0.160691,-0.393419,GEO,AUT,900319
6445140,90,15,9663,2013,1171.0,20286.0,0.18823800000000002,0.910906,GRC,AUT,900319
6445141,92,15,9663,2013,0.0,6721.0,-0.801617,-0.8734120000000001,GRL,AUT,900319
6445142,93,15,9663,2013,0.0,86692.0,-0.41466499999999995,0.774788,GTM,AUT,900319
6445143,97,15,9663,2013,2544181.0,3938086.0,0.744383,1.923139,HKG,AUT,900319
6445144,99,15,9663,2013,0.0,22912.0,-0.731431,-0.310927,HND,AUT,900319
6445145,100,15,9663,2013,0.0,178870.0,0.898284,1.038807,HRV,AUT,900319
6445146,101,15,9663,2013,0.0,10454.0,-1.095392,-0.957326,HTI,AUT,900319
6445147,102,15,9663,2013,21353.0,146860.0,1.506101,0.7279220000000001,HUN,AUT,900319
6445148,103,15,9663,2013,10228.0,37492.0,-0.216854,1.415728,IDN,AUT,900319
6445149,104,15,9663,2013,0.0,648752.0,0.215356,2.3916209999999998,IND,AUT,900319
6445150,106,15,9663,2013,2645.0,22036.0,1.29988,0.240688,IRL,AUT,900319
6445151,107,15,9663,2013,0.0,44825.0,-0.339172,-0.237114,IRN,AUT,900319
6445152,109,15,9663,2013,0.0,22541.0,0.259374,-0.20413299999999998,ISL,AUT,900319
6445153,110,15,9663,2013,1714.0,241655.0,1.197241,0.633828,ISR,AUT,900319
6445154,111,15,9663,2013,2660560.0,3167869.0,1.289924,0.533436,ITA,AUT,900319
6445155,113,15,9663,2013,0.0,26191.0,0.152659,0.5889979999999999,JOR,AUT,900319
6445156,114,15,9663,2013,381921.0,1809645.0,2.3993130000000003,-0.564768,JPN,AUT,900319
6445157,115,15,9663,2013,0.0,12051.0,-0.680678,-0.83347,KAZ,AUT,900319
6445158,116,15,9663,2013,0.0,90403.0,-0.448112,0.8672719999999999,KEN,AUT,900319
6445159,121,15,9663,2013,428681.0,418965.0,1.818383,0.75645,KOR,AUT,900319
6445160,122,15,9663,2013,0.0,117515.0,-0.536384,-1.08382,KWT,AUT,900319
6445161,124,15,9663,2013,0.0,50494.0,0.283084,1.4289100000000001,LBN,AUT,900319
6445162,126,15,9663,2013,0.0,35795.0,-1.6241459999999999,-1.1817950000000002,LBY,AUT,900319
6445163,128,15,9663,2013,0.0,23243.0,-0.6521779999999999,0.41258599999999995,LKA,AUT,900319
6445164,130,15,9663,2013,0.0,46438.0,0.737796,1.215543,LTU,AUT,900319
6445165,131,15,9663,2013,7097.0,10202.0,1.170459,1.150327,LUX,AUT,900319
6445166,132,15,9663,2013,2344.0,73769.0,0.6219439999999999,1.166749,LVA,AUT,900319
6445167,133,15,9663,2013,1624.0,0.0,0.252209,0.184401,MAC,AUT,900319
6445168,134,15,9663,2013,0.0,100006.0,-0.6494260000000001,-0.035075999999999996,MAR,AUT,900319
6445169,135,15,9663,2013,0.0,11776.0,-0.016235,0.132104,MDA,AUT,900319
6445170,137,15,9663,2013,0.0,1212.0,-0.21889699999999998,-0.776392,MDV,AUT,900319
6445171,138,15,9663,2013,10004.0,173990.0,1.048507,0.718932,MEX,AUT,900319
6445172,140,15,9663,2013,0.0,4431.0,-0.10859400000000001,0.155229,MKD,AUT,900319
6445173,151,15,9663,2013,0.0,1928.0,-0.158852,0.0061600000000000005,MUS,AUT,900319
6445174,153,15,9663,2013,0.0,24696.0,0.937641,0.747496,MYS,AUT,900319
6445175,155,15,9663,2013,0.0,902.0,-0.308643,-0.480617,NAM,AUT,900319
6445176,156,15,9663,2013,0.0,699.0,-0.136052,-0.703913,NCL,AUT,900319
6445177,159,15,9663,2013,0.0,23778.0,-1.745783,-1.1356680000000001,NGA,AUT,900319
6445178,160,15,9663,2013,0.0,71056.0,-0.9277,-0.6842630000000001,NIC,AUT,900319
6445179,162,15,9663,2013,159033.0,623685.0,1.184107,1.249557,NLD,AUT,900319
6445180,163,15,9663,2013,108603.0,555874.0,0.892099,0.18168399999999998,NOR,AUT,900319
6445181,164,15,9663,2013,0.0,3754.0,-0.293669,0.677365,NPL,AUT,900319
6445182,166,15,9663,2013,2042.0,250235.0,0.3345,0.39063000000000003,NZL,AUT,900319
6445183,167,15,9663,2013,0.0,43482.0,-0.604175,-1.0463209999999998,OMN,AUT,900319
6445184,168,15,9663,2013,0.0,19622.0,-0.75727,0.769703,PAK,AUT,900319
6445185,169,15,9663,2013,0.0,41776.0,0.735637,1.161718,PAN,AUT,900319
6445186,173,15,9663,2013,0.0,50292.0,-0.573852,0.357977,PER,AUT,900319
6445187,174,15,9663,2013,0.0,5567.0,0.507868,0.355403,PHL,AUT,900319
6445188,177,15,9663,2013,0.0,171003.0,1.084332,1.216749,POL,AUT,900319
6445189,179,15,9663,2013,49755.0,751811.0,0.541454,2.5228610000000002,PRT,AUT,900319
6445190,180,15,9663,2013,0.0,8631.0,-0.566239,-0.9273459999999999,PRY,AUT,900319
6445191,182,15,9663,2013,0.0,878.0,-0.146044,-0.7055359999999999,PYF,AUT,900319
6445192,183,15,9663,2013,0.0,111771.0,-0.083649,-1.013491,QAT,AUT,900319
6445193,185,15,9663,2013,0.0,185280.0,0.792035,1.225034,ROU,AUT,900319
6445194,186,15,9663,2013,487.0,2029876.0,0.481166,-0.180052,RUS,AUT,900319
6445195,188,15,9663,2013,0.0,336454.0,0.626347,-0.844406,SAU,AUT,900319
6445196,190,15,9663,2013,0.0,15210.0,-1.254944,-1.073564,SDN,AUT,900319
6445197,191,15,9663,2013,0.0,906.0,-0.523662,-0.309101,SEN,AUT,900319
6445198,192,15,9663,2013,11001.0,1149144.0,1.915504,0.619576,SGP,AUT,900319
6445199,197,15,9663,2013,0.0,52212.0,-0.021029,0.381522,SLV,AUT,900319
6445200,201,15,9663,2013,0.0,115989.0,0.5717720000000001,1.174901,SRB,AUT,900319
6445201,205,15,9663,2013,0.0,973.0,-0.417865,-0.7600399999999999,SUR,AUT,900319
6445202,206,15,9663,2013,0.0,98551.0,1.32064,0.7519819999999999,SVK,AUT,900319
6445203,207,15,9663,2013,0.0,157804.0,1.698374,0.563082,SVN,AUT,900319
6445204,208,15,9663,2013,10523.0,695432.0,1.869421,0.228109,SWE,AUT,900319
6445205,216,15,9663,2013,2469.0,157936.0,0.8752139999999999,1.3798620000000001,THA,AUT,900319
6445206,219,15,9663,2013,0.0,1149.0,-1.6186770000000001,-1.2210969999999999,TKM,AUT,900319
6445207,222,15,9663,2013,0.0,39780.0,-0.280641,-1.083332,TTO,AUT,900319
6445208,223,15,9663,2013,0.0,48851.0,0.185528,1.0070700000000001,TUN,AUT,900319
6445209,224,15,9663,2013,16925.0,1411662.0,0.42932299999999995,2.690235,TUR,AUT,900319
6445210,228,15,9663,2013,0.0,18018.0,0.657729,0.9063200000000001,UKR,AUT,900319
6445211,230,15,9663,2013,0.0,20613.0,0.20190999999999998,-0.19777999999999998,URY,AUT,900319
6445212,231,15,9663,2013,402765.0,21995414.0,1.6639689999999998,-0.48651300000000003,USA,AUT,900319
6445213,236,15,9663,2013,0.0,12512.0,-0.778172,-1.107059,VEN,AUT,900319
6445214,239,15,9663,2013,1199.0,7514.0,-0.11426900000000001,1.399738,VNM,AUT,900319
6445215,246,15,9663,2013,2503.0,781412.0,0.380284,1.5682120000000002,ZAF,AUT,900319
6445216,249,15,9663,2013,3673.0,458290.0,1.843186,0.9432379999999999,TWN,AUT,900319
6445217,5,18,9663,2013,0.0,1456.0,0.9666530000000001,-0.159606,AND,BEL,900319
6445218,7,18,9663,2013,0.0,13782.0,-0.074047,-0.585168,ARE,BEL,900319
6445219,14,18,9663,2013,3567.0,320697.0,-0.31145700000000004,-0.167628,AUS,BEL,900319
6445220,15,18,9663,2013,2462361.0,145829.0,1.7209240000000001,-0.286892,AUT,BEL,900319
6445221,32,18,9663,2013,1422.0,0.0,0.14765899999999998,0.399262,BRA,BEL,900319
6445222,33,18,9663,2013,0.0,2024.0,0.6969489999999999,0.135283,BRB,BEL,900319
6445223,39,18,9663,2013,1091.0,632659.0,0.719649,1.017046,CAN,BEL,900319
6445224,41,18,9663,2013,23303.0,326100.0,2.2104470000000003,0.5403479999999999,CHE,BEL,900319
6445225,43,18,9663,2013,4662887.0,11135.0,1.113767,1.477496,CHN,BEL,900319
6445226,46,18,9663,2013,0.0,25543.0,-1.300125,-1.0708010000000001,COD,BEL,900319
6445227,59,18,9663,2013,2970.0,8895.0,1.819653,-0.12423800000000002,CZE,BEL,900319
6445228,61,18,9663,2013,4048796.0,625119.0,2.093658,-3.4281980000000005,DEU,BEL,900319
6445229,64,18,9663,2013,2253620.0,89385.0,1.161835,1.1788450000000001,DNK,BEL,900319
6445230,67,18,9663,2013,0.0,2900.0,-0.86546,-0.8888389999999999,ECU,BEL,900319
6445231,71,18,9663,2013,110050.0,967876.0,0.861698,2.353993,ESP,BEL,900319
6445232,74,18,9663,2013,43700.0,121686.0,1.734552,0.8896940000000001,FIN,BEL,900319
6445233,77,18,9663,2013,8006046.0,4796536.0,1.520354,0.022874000000000002,FRA,BEL,900319
6445234,81,18,9663,2013,4252978.0,381498.0,1.7901259999999999,0.44164,GBR,BEL,900319
6445235,90,18,9663,2013,4879.0,27341.0,0.18823800000000002,0.910906,GRC,BEL,900319
6445236,97,18,9663,2013,199238.0,43817.0,0.744383,1.923139,HKG,BEL,900319
6445237,100,18,9663,2013,0.0,7574.0,0.898284,1.038807,HRV,BEL,900319
6445238,102,18,9663,2013,0.0,6420.0,1.506101,0.7279220000000001,HUN,BEL,900319
6445239,106,18,9663,2013,22237.0,23413.0,1.29988,0.240688,IRL,BEL,900319
6445240,109,18,9663,2013,0.0,1749.0,0.259374,-0.20413299999999998,ISL,BEL,900319
6445241,110,18,9663,2013,4943.0,129138.0,1.197241,0.633828,ISR,BEL,900319
6445242,111,18,9663,2013,3481968.0,132616.0,1.289924,0.533436,ITA,BEL,900319
6445243,114,18,9663,2013,476848.0,683489.0,2.3993130000000003,-0.564768,JPN,BEL,900319
6445244,121,18,9663,2013,376482.0,160652.0,1.818383,0.75645,KOR,BEL,900319
6445245,131,18,9663,2013,173355.0,639289.0,1.170459,1.150327,LUX,BEL,900319
6445246,134,18,9663,2013,0.0,15319.0,-0.6494260000000001,-0.035075999999999996,MAR,BEL,900319
6445247,138,18,9663,2013,0.0,8829.0,1.048507,0.718932,MEX,BEL,900319
6445248,153,18,9663,2013,0.0,9533.0,0.937641,0.747496,MYS,BEL,900319
6445249,162,18,9663,2013,3297537.0,1880048.0,1.184107,1.249557,NLD,BEL,900319
6445250,163,18,9663,2013,15647.0,38123.0,0.892099,0.18168399999999998,NOR,BEL,900319
6445251,166,18,9663,2013,0.0,52490.0,0.3345,0.39063000000000003,NZL,BEL,900319
6445252,174,18,9663,2013,0.0,12594.0,0.507868,0.355403,PHL,BEL,900319
6445253,177,18,9663,2013,13517.0,0.0,1.084332,1.216749,POL,BEL,900319
6445254,179,18,9663,2013,0.0,1014.0,0.541454,2.5228610000000002,PRT,BEL,900319
6445255,186,18,9663,2013,0.0,3987.0,0.481166,-0.180052,RUS,BEL,900319
6445256,187,18,9663,2013,0.0,1480.0,-0.490519,-0.48427700000000007,RWA,BEL,900319
6445257,191,18,9663,2013,0.0,4298.0,-0.523662,-0.309101,SEN,BEL,900319
6445258,192,18,9663,2013,0.0,112790.0,1.915504,0.619576,SGP,BEL,900319
6445259,208,18,9663,2013,72790.0,36485.0,1.869421,0.228109,SWE,BEL,900319
6445260,210,18,9663,2013,0.0,5161.0,0.5512090000000001,-0.22818400000000003,SXM,BEL,900319
6445261,216,18,9663,2013,0.0,18447.0,0.8752139999999999,1.3798620000000001,THA,BEL,900319
6445262,223,18,9663,2013,0.0,23990.0,0.185528,1.0070700000000001,TUN,BEL,900319
6445263,224,18,9663,2013,5847.0,14721.0,0.42932299999999995,2.690235,TUR,BEL,900319
6445264,231,18,9663,2013,35949.0,1828403.0,1.6639689999999998,-0.48651300000000003,USA,BEL,900319
6445265,239,18,9663,2013,524335.0,14067.0,-0.11426900000000001,1.399738,VNM,BEL,900319
6445266,246,18,9663,2013,4628.0,203644.0,0.380284,1.5682120000000002,ZAF,BEL,900319
6445267,249,18,9663,2013,11057.0,100670.0,1.843186,0.9432379999999999,TWN,BEL,900319
6445268,77,19,9663,2013,6536.0,0.0,1.520354,0.022874000000000002,FRA,BEN,900319
6445269,104,19,9663,2013,8450.0,0.0,0.215356,2.3916209999999998,IND,BEN,900319
6445270,231,19,9663,2013,14005.0,0.0,1.6639689999999998,-0.48651300000000003,USA,BEN,900319
6445271,7,23,9663,2013,4526.0,0.0,-0.074047,-0.585168,ARE,BGR,900319
6445272,15,23,9663,2013,78222.0,0.0,1.7209240000000001,-0.286892,AUT,BGR,900319
6445273,41,23,9663,2013,12683.0,0.0,2.2104470000000003,0.5403479999999999,CHE,BGR,900319
6445274,43,23,9663,2013,134775.0,0.0,1.113767,1.477496,CHN,BGR,900319
6445275,59,23,9663,2013,179774.0,0.0,1.819653,-0.12423800000000002,CZE,BGR,900319
6445276,61,23,9663,2013,385820.0,0.0,2.093658,-3.4281980000000005,DEU,BGR,900319
6445277,64,23,9663,2013,4095.0,0.0,1.161835,1.1788450000000001,DNK,BGR,900319
6445278,77,23,9663,2013,236226.0,0.0,1.520354,0.022874000000000002,FRA,BGR,900319
6445279,81,23,9663,2013,28077.0,0.0,1.7901259999999999,0.44164,GBR,BGR,900319
6445280,90,23,9663,2013,19555.0,0.0,0.18823800000000002,0.910906,GRC,BGR,900319
6445281,97,23,9663,2013,29009.0,0.0,0.744383,1.923139,HKG,BGR,900319
6445282,102,23,9663,2013,26204.0,0.0,1.506101,0.7279220000000001,HUN,BGR,900319
6445283,106,23,9663,2013,43875.0,0.0,1.29988,0.240688,IRL,BGR,900319
6445284,111,23,9663,2013,485658.0,75724.0,1.289924,0.533436,ITA,BGR,900319
6445285,140,23,9663,2013,0.0,24045.0,-0.10859400000000001,0.155229,MKD,BGR,900319
6445286,162,23,9663,2013,174948.0,0.0,1.184107,1.249557,NLD,BGR,900319
6445287,177,23,9663,2013,66691.0,0.0,1.084332,1.216749,POL,BGR,900319
6445288,185,23,9663,2013,104865.0,43603.0,0.792035,1.225034,ROU,BGR,900319
6445289,224,23,9663,2013,9931.0,5918.0,0.42932299999999995,2.690235,TUR,BGR,900319
6445290,231,23,9663,2013,3470.0,0.0,1.6639689999999998,-0.48651300000000003,USA,BGR,900319
6445291,249,23,9663,2013,1648.0,0.0,1.843186,0.9432379999999999,TWN,BGR,900319
6445292,39,25,9663,2013,1374.0,0.0,0.719649,1.017046,CAN,BHS,900319
6445293,231,25,9663,2013,693271.0,0.0,1.6639689999999998,-0.48651300000000003,USA,BHS,900319
6445294,7,32,9663,2013,0.0,16016.0,-0.074047,-0.585168,ARE,BRA,900319
6445295,8,32,9663,2013,629136.0,45168.0,0.20314300000000002,0.494062,ARG,BRA,900319
6445296,15,32,9663,2013,359238.0,0.0,1.7209240000000001,-0.286892,AUT,BRA,900319
6445297,18,32,9663,2013,0.0,1422.0,1.316207,0.972601,BEL,BRA,900319
6445298,31,32,9663,2013,0.0,4452.0,-1.039614,-0.95663,BOL,BRA,900319
6445299,41,32,9663,2013,139289.0,57251.0,2.2104470000000003,0.5403479999999999,CHE,BRA,900319
6445300,42,32,9663,2013,0.0,213933.0,-0.260718,-0.38256100000000004,CHL,BRA,900319
6445301,43,32,9663,2013,20661566.0,0.0,1.113767,1.477496,CHN,BRA,900319
6445302,49,32,9663,2013,0.0,95069.0,0.121799,-0.388239,COL,BRA,900319
6445303,52,32,9663,2013,18526.0,0.0,0.067379,-0.688217,CRI,BRA,900319
6445304,61,32,9663,2013,495346.0,0.0,2.093658,-3.4281980000000005,DEU,BRA,900319
6445305,67,32,9663,2013,0.0,59323.0,-0.86546,-0.8888389999999999,ECU,BRA,900319
6445306,71,32,9663,2013,56552.0,0.0,0.861698,2.353993,ESP,BRA,900319
6445307,77,32,9663,2013,545017.0,0.0,1.520354,0.022874000000000002,FRA,BRA,900319
6445308,81,32,9663,2013,83656.0,0.0,1.7901259999999999,0.44164,GBR,BRA,900319
6445309,97,32,9663,2013,581834.0,10574.0,0.744383,1.923139,HKG,BRA,900319
6445310,111,32,9663,2013,8469430.0,64407.0,1.289924,0.533436,ITA,BRA,900319
6445311,114,32,9663,2013,94146.0,0.0,2.3993130000000003,-0.564768,JPN,BRA,900319
6445312,121,32,9663,2013,667595.0,0.0,1.818383,0.75645,KOR,BRA,900319
6445313,122,32,9663,2013,0.0,1508.0,-0.536384,-1.08382,KWT,BRA,900319
6445314,131,32,9663,2013,1897.0,0.0,1.170459,1.150327,LUX,BRA,900319
6445315,153,32,9663,2013,169218.0,0.0,0.937641,0.747496,MYS,BRA,900319
6445316,162,32,9663,2013,8894.0,6690.0,1.184107,1.249557,NLD,BRA,900319
6445317,169,32,9663,2013,311.0,0.0,0.735637,1.161718,PAN,BRA,900319
6445318,173,32,9663,2013,0.0,347547.0,-0.573852,0.357977,PER,BRA,900319
6445319,177,32,9663,2013,22944.0,0.0,1.084332,1.216749,POL,BRA,900319
6445320,179,32,9663,2013,88156.0,7442.0,0.541454,2.5228610000000002,PRT,BRA,900319
6445321,180,32,9663,2013,35589.0,62031.0,-0.566239,-0.9273459999999999,PRY,BRA,900319
6445322,197,32,9663,2013,0.0,6892.0,-0.021029,0.381522,SLV,BRA,900319
6445323,207,32,9663,2013,2379.0,0.0,1.698374,0.563082,SVN,BRA,900319
6445324,208,32,9663,2013,62749.0,0.0,1.869421,0.228109,SWE,BRA,900319
6445325,230,32,9663,2013,0.0,75942.0,0.20190999999999998,-0.19777999999999998,URY,BRA,900319
6445326,231,32,9663,2013,652943.0,0.0,1.6639689999999998,-0.48651300000000003,USA,BRA,900319
6445327,246,32,9663,2013,0.0,34096.0,0.380284,1.5682120000000002,ZAF,BRA,900319
6445328,249,32,9663,2013,67494.0,0.0,1.843186,0.9432379999999999,TWN,BRA,900319
6445329,18,33,9663,2013,2024.0,0.0,1.316207,0.972601,BEL,BRB,900319
6445330,39,33,9663,2013,32453.0,0.0,0.719649,1.017046,CAN,BRB,900319
6445331,43,33,9663,2013,40269.0,0.0,1.113767,1.477496,CHN,BRB,900319
6445332,61,33,9663,2013,13276.0,0.0,2.093658,-3.4281980000000005,DEU,BRB,900319
6445333,77,33,9663,2013,2637.0,0.0,1.520354,0.022874000000000002,FRA,BRB,900319
6445334,81,33,9663,2013,22346.0,0.0,1.7901259999999999,0.44164,GBR,BRB,900319
6445335,91,33,9663,2013,0.0,1188.0,0.073206,-0.567926,GRD,BRB,900319
6445336,97,33,9663,2013,2244.0,0.0,0.744383,1.923139,HKG,BRB,900319
6445337,111,33,9663,2013,26871.0,0.0,1.289924,0.533436,ITA,BRB,900319
6445338,114,33,9663,2013,3324.0,0.0,2.3993130000000003,-0.564768,JPN,BRB,900319
6445339,162,33,9663,2013,7186.0,0.0,1.184107,1.249557,NLD,BRB,900319
6445340,231,33,9663,2013,246899.0,859.0,1.6639689999999998,-0.48651300000000003,USA,BRB,900319
6445341,234,33,9663,2013,0.0,1862.0,0.193198,-0.23631799999999997,VCT,BRB,900319
6445342,7,39,9663,2013,1032.0,2892.0,-0.074047,-0.585168,ARE,CAN,900319
6445343,8,39,9663,2013,0.0,825.0,0.20314300000000002,0.494062,ARG,CAN,900319
6445344,9,39,9663,2013,0.0,8344.0,-0.076922,-0.5781390000000001,ARM,CAN,900319
6445345,13,39,9663,2013,0.0,6357.0,0.096563,-0.60577,ATG,CAN,900319
6445346,14,39,9663,2013,13757.0,791520.0,-0.31145700000000004,-0.167628,AUS,CAN,900319
6445347,15,39,9663,2013,2807230.0,1345.0,1.7209240000000001,-0.286892,AUT,CAN,900319
6445348,16,39,9663,2013,0.0,62301.0,-0.9232870000000001,-1.165928,AZE,CAN,900319
6445349,18,39,9663,2013,632659.0,1091.0,1.316207,0.972601,BEL,CAN,900319
6445350,25,39,9663,2013,0.0,1374.0,0.756732,-0.369842,BHS,CAN,900319
6445351,30,39,9663,2013,0.0,64653.0,1.087677,-0.452984,BMU,CAN,900319
6445352,33,39,9663,2013,0.0,32453.0,0.6969489999999999,0.135283,BRB,CAN,900319
6445353,37,39,9663,2013,0.0,23214.0,-0.46761499999999995,-1.0842040000000002,BWA,CAN,900319
6445354,41,39,9663,2013,30047.0,173566.0,2.2104470000000003,0.5403479999999999,CHE,CAN,900319
6445355,42,39,9663,2013,0.0,12327.0,-0.260718,-0.38256100000000004,CHL,CAN,900319
6445356,43,39,9663,2013,11926479.0,55538.0,1.113767,1.477496,CHN,CAN,900319
6445357,45,39,9663,2013,4943.0,0.0,-0.901531,-1.027111,CMR,CAN,900319
6445358,49,39,9663,2013,0.0,2308.0,0.121799,-0.388239,COL,CAN,900319
6445359,54,39,9663,2013,0.0,79487.0,-0.019956,-0.7873319999999999,CUB,CAN,900319
6445360,59,39,9663,2013,16144.0,17304.0,1.819653,-0.12423800000000002,CZE,CAN,900319
6445361,61,39,9663,2013,2628466.0,327723.0,2.093658,-3.4281980000000005,DEU,CAN,900319
6445362,64,39,9663,2013,466725.0,6713.0,1.161835,1.1788450000000001,DNK,CAN,900319
6445363,65,39,9663,2013,0.0,919.0,-0.277269,0.432388,DOM,CAN,900319
6445364,67,39,9663,2013,0.0,3856.0,-0.86546,-0.8888389999999999,ECU,CAN,900319
6445365,71,39,9663,2013,23897.0,0.0,0.861698,2.353993,ESP,CAN,900319
6445366,73,39,9663,2013,0.0,993.0,-1.264002,-0.9594219999999999,ETH,CAN,900319
6445367,74,39,9663,2013,0.0,1619.0,1.734552,0.8896940000000001,FIN,CAN,900319
6445368,75,39,9663,2013,0.0,1996.0,-0.5203369999999999,-0.122405,FJI,CAN,900319
6445369,77,39,9663,2013,7156526.0,524113.0,1.520354,0.022874000000000002,FRA,CAN,900319
6445370,80,39,9663,2013,0.0,3149.0,-1.6582830000000002,-1.155302,GAB,CAN,900319
6445371,81,39,9663,2013,225952.0,137592.0,1.7901259999999999,0.44164,GBR,CAN,900319
6445372,91,39,9663,2013,0.0,4155.0,0.073206,-0.567926,GRD,CAN,900319
6445373,96,39,9663,2013,18603.0,2536.0,-0.8555590000000001,-0.9744450000000001,GUY,CAN,900319
6445374,97,39,9663,2013,908426.0,57756.0,0.744383,1.923139,HKG,CAN,900319
6445375,102,39,9663,2013,0.0,6484.0,1.506101,0.7279220000000001,HUN,CAN,900319
6445376,103,39,9663,2013,0.0,2056.0,-0.216854,1.415728,IDN,CAN,900319
6445377,104,39,9663,2013,0.0,18681.0,0.215356,2.3916209999999998,IND,CAN,900319
6445378,106,39,9663,2013,50528.0,0.0,1.29988,0.240688,IRL,CAN,900319
6445379,107,39,9663,2013,3361.0,0.0,-0.339172,-0.237114,IRN,CAN,900319
6445380,109,39,9663,2013,0.0,2231.0,0.259374,-0.20413299999999998,ISL,CAN,900319
6445381,110,39,9663,2013,238611.0,79226.0,1.197241,0.633828,ISR,CAN,900319
6445382,111,39,9663,2013,3359057.0,134150.0,1.289924,0.533436,ITA,CAN,900319
6445383,112,39,9663,2013,0.0,9762.0,-0.541441,-0.8448559999999999,JAM,CAN,900319
6445384,114,39,9663,2013,1050354.0,3549.0,2.3993130000000003,-0.564768,JPN,CAN,900319
6445385,115,39,9663,2013,0.0,60153.0,-0.680678,-0.83347,KAZ,CAN,900319
6445386,116,39,9663,2013,0.0,74754.0,-0.448112,0.8672719999999999,KEN,CAN,900319
6445387,121,39,9663,2013,4105419.0,21649.0,1.818383,0.75645,KOR,CAN,900319
6445388,124,39,9663,2013,0.0,2916.0,0.283084,1.4289100000000001,LBN,CAN,900319
6445389,127,39,9663,2013,0.0,6629.0,0.265129,-0.5083949999999999,LCA,CAN,900319
6445390,131,39,9663,2013,280217.0,2367.0,1.170459,1.150327,LUX,CAN,900319
6445391,134,39,9663,2013,0.0,9786.0,-0.6494260000000001,-0.035075999999999996,MAR,CAN,900319
6445392,138,39,9663,2013,3198.0,3698.0,1.048507,0.718932,MEX,CAN,900319
6445393,145,39,9663,2013,0.0,11090.0,-1.3270950000000001,-1.144547,MNG,CAN,900319
6445394,151,39,9663,2013,0.0,810.0,-0.158852,0.0061600000000000005,MUS,CAN,900319
6445395,152,39,9663,2013,0.0,10867.0,-0.8992120000000001,-0.862175,MWI,CAN,900319
6445396,153,39,9663,2013,0.0,8025.0,0.937641,0.747496,MYS,CAN,900319
6445397,160,39,9663,2013,0.0,1462.0,-0.9277,-0.6842630000000001,NIC,CAN,900319
6445398,162,39,9663,2013,484754.0,15573.0,1.184107,1.249557,NLD,CAN,900319
6445399,166,39,9663,2013,9662.0,35614.0,0.3345,0.39063000000000003,NZL,CAN,900319
6445400,173,39,9663,2013,0.0,5625.0,-0.573852,0.357977,PER,CAN,900319
6445401,174,39,9663,2013,181459.0,0.0,0.507868,0.355403,PHL,CAN,900319
6445402,177,39,9663,2013,232813.0,84891.0,1.084332,1.216749,POL,CAN,900319
6445403,179,39,9663,2013,49789.0,0.0,0.541454,2.5228610000000002,PRT,CAN,900319
6445404,186,39,9663,2013,0.0,1681.0,0.481166,-0.180052,RUS,CAN,900319
6445405,188,39,9663,2013,0.0,23799.0,0.626347,-0.844406,SAU,CAN,900319
6445406,192,39,9663,2013,12485.0,24621.0,1.915504,0.619576,SGP,CAN,900319
6445407,205,39,9663,2013,0.0,6587.0,-0.417865,-0.7600399999999999,SUR,CAN,900319
6445408,207,39,9663,2013,0.0,1162.0,1.698374,0.563082,SVN,CAN,900319
6445409,208,39,9663,2013,415831.0,26913.0,1.869421,0.228109,SWE,CAN,900319
6445410,216,39,9663,2013,0.0,33848.0,0.8752139999999999,1.3798620000000001,THA,CAN,900319
6445411,222,39,9663,2013,0.0,38481.0,-0.280641,-1.083332,TTO,CAN,900319
6445412,227,39,9663,2013,0.0,1175.0,-0.5462279999999999,0.200682,UGA,CAN,900319
6445413,230,39,9663,2013,1856.0,1218.0,0.20190999999999998,-0.19777999999999998,URY,CAN,900319
6445414,231,39,9663,2013,50492376.0,1806333.0,1.6639689999999998,-0.48651300000000003,USA,CAN,900319
6445415,234,39,9663,2013,0.0,1738.0,0.193198,-0.23631799999999997,VCT,CAN,900319
6445416,246,39,9663,2013,56282.0,69084.0,0.380284,1.5682120000000002,ZAF,CAN,900319
6445417,249,39,9663,2013,130229.0,0.0,1.843186,0.9432379999999999,TWN,CAN,900319
6445418,7,41,9663,2013,289052.0,3907345.0,-0.074047,-0.585168,ARE,CHE,900319
6445419,9,41,9663,2013,0.0,11312.0,-0.076922,-0.5781390000000001,ARM,CHE,900319
6445420,14,41,9663,2013,0.0,33135.0,-0.31145700000000004,-0.167628,AUS,CHE,900319
6445421,15,41,9663,2013,2420653.0,770318.0,1.7209240000000001,-0.286892,AUT,CHE,900319
6445422,16,41,9663,2013,0.0,22633.0,-0.9232870000000001,-1.165928,AZE,CHE,900319
6445423,18,41,9663,2013,326100.0,23303.0,1.316207,0.972601,BEL,CHE,900319
6445424,23,41,9663,2013,0.0,12683.0,0.5026109999999999,1.674296,BGR,CHE,900319
6445425,24,41,9663,2013,0.0,3425.0,0.249681,-0.6204270000000001,BHR,CHE,900319
6445426,32,41,9663,2013,57251.0,139289.0,0.14765899999999998,0.399262,BRA,CHE,900319
6445427,39,41,9663,2013,173566.0,30047.0,0.719649,1.017046,CAN,CHE,900319
6445428,43,41,9663,2013,519091.0,1631647.0,1.113767,1.477496,CHN,CHE,900319
6445429,59,41,9663,2013,7053.0,9955.0,1.819653,-0.12423800000000002,CZE,CHE,900319
6445430,61,41,9663,2013,8984515.0,5833326.0,2.093658,-3.4281980000000005,DEU,CHE,900319
6445431,64,41,9663,2013,2108517.0,227893.0,1.161835,1.1788450000000001,DNK,CHE,900319
6445432,66,41,9663,2013,0.0,11494.0,-1.373947,-1.1523459999999999,DZA,CHE,900319
6445433,68,41,9663,2013,1397.0,0.0,-0.17418,1.692641,EGY,CHE,900319
6445434,71,41,9663,2013,190187.0,29478.0,0.861698,2.353993,ESP,CHE,900319
6445435,72,41,9663,2013,0.0,2980.0,0.8828940000000001,1.386574,EST,CHE,900319
6445436,74,41,9663,2013,0.0,48112.0,1.734552,0.8896940000000001,FIN,CHE,900319
6445437,77,41,9663,2013,34359804.0,4646748.0,1.520354,0.022874000000000002,FRA,CHE,900319
6445438,81,41,9663,2013,527288.0,44499.0,1.7901259999999999,0.44164,GBR,CHE,900319
6445439,82,41,9663,2013,0.0,2149.0,-0.160691,-0.393419,GEO,CHE,900319
6445440,90,41,9663,2013,3190.0,1710.0,0.18823800000000002,0.910906,GRC,CHE,900319
6445441,97,41,9663,2013,596611.0,3293767.0,0.744383,1.923139,HKG,CHE,900319
6445442,100,41,9663,2013,0.0,2316.0,0.898284,1.038807,HRV,CHE,900319
6445443,102,41,9663,2013,10410.0,0.0,1.506101,0.7279220000000001,HUN,CHE,900319
6445444,104,41,9663,2013,0.0,40112.0,0.215356,2.3916209999999998,IND,CHE,900319
6445445,106,41,9663,2013,10890.0,0.0,1.29988,0.240688,IRL,CHE,900319
6445446,109,41,9663,2013,0.0,815.0,0.259374,-0.20413299999999998,ISL,CHE,900319
6445447,110,41,9663,2013,71784.0,94518.0,1.197241,0.633828,ISR,CHE,900319
6445448,111,41,9663,2013,1612580.0,316593.0,1.289924,0.533436,ITA,CHE,900319
6445449,114,41,9663,2013,2600898.0,1116894.0,2.3993130000000003,-0.564768,JPN,CHE,900319
6445450,115,41,9663,2013,0.0,6156.0,-0.680678,-0.83347,KAZ,CHE,900319
6445451,121,41,9663,2013,226914.0,600842.0,1.818383,0.75645,KOR,CHE,900319
6445452,122,41,9663,2013,0.0,5197.0,-0.536384,-1.08382,KWT,CHE,900319
6445453,124,41,9663,2013,0.0,1174.0,0.283084,1.4289100000000001,LBN,CHE,900319
6445454,130,41,9663,2013,0.0,2916.0,0.737796,1.215543,LTU,CHE,900319
6445455,131,41,9663,2013,18953.0,2412.0,1.170459,1.150327,LUX,CHE,900319
6445456,132,41,9663,2013,4139.0,0.0,0.6219439999999999,1.166749,LVA,CHE,900319
6445457,134,41,9663,2013,0.0,100775.0,-0.6494260000000001,-0.035075999999999996,MAR,CHE,900319
6445458,135,41,9663,2013,0.0,13822.0,-0.016235,0.132104,MDA,CHE,900319
6445459,138,41,9663,2013,111280.0,938062.0,1.048507,0.718932,MEX,CHE,900319
6445460,142,41,9663,2013,160166.0,68093.0,0.8519760000000001,-0.075869,MLT,CHE,900319
6445461,151,41,9663,2013,0.0,8035.0,-0.158852,0.0061600000000000005,MUS,CHE,900319
6445462,153,41,9663,2013,2498.0,1134.0,0.937641,0.747496,MYS,CHE,900319
6445463,160,41,9663,2013,0.0,1740.0,-0.9277,-0.6842630000000001,NIC,CHE,900319
6445464,162,41,9663,2013,155292.0,203244.0,1.184107,1.249557,NLD,CHE,900319
6445465,163,41,9663,2013,29522.0,204055.0,0.892099,0.18168399999999998,NOR,CHE,900319
6445466,166,41,9663,2013,0.0,20798.0,0.3345,0.39063000000000003,NZL,CHE,900319
6445467,167,41,9663,2013,0.0,3002.0,-0.604175,-1.0463209999999998,OMN,CHE,900319
6445468,173,41,9663,2013,0.0,1006.0,-0.573852,0.357977,PER,CHE,900319
6445469,177,41,9663,2013,2367.0,38435.0,1.084332,1.216749,POL,CHE,900319
6445470,179,41,9663,2013,3465.0,2872.0,0.541454,2.5228610000000002,PRT,CHE,900319
6445471,186,41,9663,2013,2337.0,548883.0,0.481166,-0.180052,RUS,CHE,900319
6445472,188,41,9663,2013,0.0,3900.0,0.626347,-0.844406,SAU,CHE,900319
6445473,192,41,9663,2013,393808.0,3721498.0,1.915504,0.619576,SGP,CHE,900319
6445474,201,41,9663,2013,0.0,1498.0,0.5717720000000001,1.174901,SRB,CHE,900319
6445475,205,41,9663,2013,24567.0,0.0,-0.417865,-0.7600399999999999,SUR,CHE,900319
6445476,208,41,9663,2013,29479.0,80575.0,1.869421,0.228109,SWE,CHE,900319
6445477,215,41,9663,2013,0.0,167124.0,-0.598413,-0.49295200000000006,TGO,CHE,900319
6445478,216,41,9663,2013,0.0,24964.0,0.8752139999999999,1.3798620000000001,THA,CHE,900319
6445479,219,41,9663,2013,0.0,8457.0,-1.6186770000000001,-1.2210969999999999,TKM,CHE,900319
6445480,223,41,9663,2013,0.0,113026.0,0.185528,1.0070700000000001,TUN,CHE,900319
6445481,224,41,9663,2013,0.0,8356.0,0.42932299999999995,2.690235,TUR,CHE,900319
6445482,230,41,9663,2013,0.0,7165.0,0.20190999999999998,-0.19777999999999998,URY,CHE,900319
6445483,231,41,9663,2013,855650.0,225067.0,1.6639689999999998,-0.48651300000000003,USA,CHE,900319
6445484,239,41,9663,2013,1978.0,3409.0,-0.11426900000000001,1.399738,VNM,CHE,900319
6445485,246,41,9663,2013,0.0,13394.0,0.380284,1.5682120000000002,ZAF,CHE,900319
6445486,249,41,9663,2013,59658.0,364349.0,1.843186,0.9432379999999999,TWN,CHE,900319
6445487,8,42,9663,2013,32156.0,3015.0,0.20314300000000002,0.494062,ARG,CHL,900319
6445488,15,42,9663,2013,40695.0,0.0,1.7209240000000001,-0.286892,AUT,CHL,900319
6445489,31,42,9663,2013,0.0,201085.0,-1.039614,-0.95663,BOL,CHL,900319
6445490,32,42,9663,2013,213933.0,0.0,0.14765899999999998,0.399262,BRA,CHL,900319
6445491,39,42,9663,2013,12327.0,0.0,0.719649,1.017046,CAN,CHL,900319
6445492,43,42,9663,2013,3439361.0,0.0,1.113767,1.477496,CHN,CHL,900319
6445493,49,42,9663,2013,0.0,41326.0,0.121799,-0.388239,COL,CHL,900319
6445494,59,42,9663,2013,15998.0,0.0,1.819653,-0.12423800000000002,CZE,CHL,900319
6445495,61,42,9663,2013,281866.0,0.0,2.093658,-3.4281980000000005,DEU,CHL,900319
6445496,67,42,9663,2013,0.0,11888.0,-0.86546,-0.8888389999999999,ECU,CHL,900319
6445497,71,42,9663,2013,18099.0,0.0,0.861698,2.353993,ESP,CHL,900319
6445498,77,42,9663,2013,127974.0,0.0,1.520354,0.022874000000000002,FRA,CHL,900319
6445499,81,42,9663,2013,103807.0,0.0,1.7901259999999999,0.44164,GBR,CHL,900319
6445500,97,42,9663,2013,21396.0,0.0,0.744383,1.923139,HKG,CHL,900319
6445501,111,42,9663,2013,1683370.0,0.0,1.289924,0.533436,ITA,CHL,900319
6445502,114,42,9663,2013,29245.0,0.0,2.3993130000000003,-0.564768,JPN,CHL,900319
6445503,121,42,9663,2013,4866.0,0.0,1.818383,0.75645,KOR,CHL,900319
6445504,138,42,9663,2013,0.0,3037.0,1.048507,0.718932,MEX,CHL,900319
6445505,162,42,9663,2013,15289.0,0.0,1.184107,1.249557,NLD,CHL,900319
6445506,169,42,9663,2013,82656.0,0.0,0.735637,1.161718,PAN,CHL,900319
6445507,173,42,9663,2013,7684.0,199817.0,-0.573852,0.357977,PER,CHL,900319
6445508,180,42,9663,2013,0.0,17953.0,-0.566239,-0.9273459999999999,PRY,CHL,900319
6445509,192,42,9663,2013,1068.0,0.0,1.915504,0.619576,SGP,CHL,900319
6445510,230,42,9663,2013,0.0,6561.0,0.20190999999999998,-0.19777999999999998,URY,CHL,900319
6445511,231,42,9663,2013,1052718.0,6677.0,1.6639689999999998,-0.48651300000000003,USA,CHL,900319
6445512,239,42,9663,2013,19482.0,0.0,-0.11426900000000001,1.399738,VNM,CHL,900319
6445513,246,42,9663,2013,0.0,7938.0,0.380284,1.5682120000000002,ZAF,CHL,900319
6445514,249,42,9663,2013,130289.0,0.0,1.843186,0.9432379999999999,TWN,CHL,900319
6445515,250,42,9663,2013,103800.0,0.0,0.628555,0.277602,ANS,CHL,900319
6445516,2,43,9663,2013,0.0,63041.0,-1.172043,-1.133735,AGO,CHN,900319
6445517,4,43,9663,2013,0.0,19103.0,-0.53682,-0.162391,ALB,CHN,900319
6445518,5,43,9663,2013,0.0,1132.0,0.9666530000000001,-0.159606,AND,CHN,900319
6445519,7,43,9663,2013,0.0,1013683.0,-0.074047,-0.585168,ARE,CHN,900319
6445520,8,43,9663,2013,0.0,569699.0,0.20314300000000002,0.494062,ARG,CHN,900319
6445521,9,43,9663,2013,0.0,59831.0,-0.076922,-0.5781390000000001,ARM,CHN,900319
6445522,13,43,9663,2013,0.0,8553.0,0.096563,-0.60577,ATG,CHN,900319
6445523,14,43,9663,2013,9047.0,8277079.0,-0.31145700000000004,-0.167628,AUS,CHN,900319
6445524,15,43,9663,2013,379927.0,608450.0,1.7209240000000001,-0.286892,AUT,CHN,900319
6445525,16,43,9663,2013,0.0,18598.0,-0.9232870000000001,-1.165928,AZE,CHN,900319
6445526,18,43,9663,2013,11135.0,4662887.0,1.316207,0.972601,BEL,CHN,900319
6445527,22,43,9663,2013,0.0,296887.0,-1.101916,-0.734646,BGD,CHN,900319
6445528,23,43,9663,2013,0.0,134775.0,0.5026109999999999,1.674296,BGR,CHN,900319
6445529,24,43,9663,2013,0.0,70668.0,0.249681,-0.6204270000000001,BHR,CHN,900319
6445530,26,43,9663,2013,0.0,2203.0,0.46743199999999996,0.7340800000000001,BIH,CHN,900319
6445531,28,43,9663,2013,0.0,194421.0,1.036923,0.864568,BLR,CHN,900319
6445532,29,43,9663,2013,0.0,3096.0,-0.35218299999999997,-0.508891,BLZ,CHN,900319
6445533,31,43,9663,2013,0.0,229356.0,-1.039614,-0.95663,BOL,CHN,900319
6445534,32,43,9663,2013,0.0,20661566.0,0.14765899999999998,0.399262,BRA,CHN,900319
6445535,33,43,9663,2013,0.0,40269.0,0.6969489999999999,0.135283,BRB,CHN,900319
6445536,34,43,9663,2013,0.0,42153.0,-0.866827,-0.795995,BRN,CHN,900319
6445537,37,43,9663,2013,0.0,1090.0,-0.46761499999999995,-1.0842040000000002,BWA,CHN,900319
6445538,39,43,9663,2013,55538.0,11926479.0,0.719649,1.017046,CAN,CHN,900319
6445539,41,43,9663,2013,1631647.0,519091.0,2.2104470000000003,0.5403479999999999,CHE,CHN,900319
6445540,42,43,9663,2013,0.0,3439361.0,-0.260718,-0.38256100000000004,CHL,CHN,900319
6445541,49,43,9663,2013,0.0,1093704.0,0.121799,-0.388239,COL,CHN,900319
6445542,52,43,9663,2013,0.0,298299.0,0.067379,-0.688217,CRI,CHN,900319
6445543,54,43,9663,2013,0.0,452325.0,-0.019956,-0.7873319999999999,CUB,CHN,900319
6445544,58,43,9663,2013,0.0,21074.0,0.502238,0.349608,CYP,CHN,900319
6445545,59,43,9663,2013,14290.0,1936841.0,1.819653,-0.12423800000000002,CZE,CHN,900319
6445546,61,43,9663,2013,3346812.0,48274732.0,2.093658,-3.4281980000000005,DEU,CHN,900319
6445547,64,43,9663,2013,1616353.0,1940392.0,1.161835,1.1788450000000001,DNK,CHN,900319
6445548,65,43,9663,2013,0.0,44203.0,-0.277269,0.432388,DOM,CHN,900319
6445549,66,43,9663,2013,0.0,237561.0,-1.373947,-1.1523459999999999,DZA,CHN,900319
6445550,67,43,9663,2013,0.0,370944.0,-0.86546,-0.8888389999999999,ECU,CHN,900319
6445551,68,43,9663,2013,0.0,627813.0,-0.17418,1.692641,EGY,CHN,900319
6445552,71,43,9663,2013,6067.0,9676462.0,0.861698,2.353993,ESP,CHN,900319
6445553,72,43,9663,2013,0.0,56423.0,0.8828940000000001,1.386574,EST,CHN,900319
6445554,73,43,9663,2013,0.0,18514.0,-1.264002,-0.9594219999999999,ETH,CHN,900319
6445555,74,43,9663,2013,0.0,724756.0,1.734552,0.8896940000000001,FIN,CHN,900319
6445556,75,43,9663,2013,0.0,4172.0,-0.5203369999999999,-0.122405,FJI,CHN,900319
6445557,77,43,9663,2013,437696.0,38515692.0,1.520354,0.022874000000000002,FRA,CHN,900319
6445558,80,43,9663,2013,0.0,1400.0,-1.6582830000000002,-1.155302,GAB,CHN,900319
6445559,81,43,9663,2013,36847.0,25913776.0,1.7901259999999999,0.44164,GBR,CHN,900319
6445560,82,43,9663,2013,0.0,6440.0,-0.160691,-0.393419,GEO,CHN,900319
6445561,83,43,9663,2013,0.0,36575.0,-0.7316010000000001,-0.5327689999999999,GHA,CHN,900319
6445562,87,43,9663,2013,0.0,4015.0,-0.5571550000000001,-0.6860310000000001,GMB,CHN,900319
6445563,89,43,9663,2013,0.0,4951.0,-1.521575,-0.814708,GNQ,CHN,900319
6445564,90,43,9663,2013,0.0,371943.0,0.18823800000000002,0.910906,GRC,CHN,900319
6445565,92,43,9663,2013,0.0,19.0,-0.801617,-0.8734120000000001,GRL,CHN,900319
6445566,93,43,9663,2013,0.0,26829.0,-0.41466499999999995,0.774788,GTM,CHN,900319
6445567,96,43,9663,2013,0.0,18944.0,-0.8555590000000001,-0.9744450000000001,GUY,CHN,900319
6445568,97,43,9663,2013,1878656.0,104988376.0,0.744383,1.923139,HKG,CHN,900319
6445569,100,43,9663,2013,0.0,121361.0,0.898284,1.038807,HRV,CHN,900319
6445570,102,43,9663,2013,0.0,1567738.0,1.506101,0.7279220000000001,HUN,CHN,900319
6445571,103,43,9663,2013,0.0,1815256.0,-0.216854,1.415728,IDN,CHN,900319
6445572,104,43,9663,2013,0.0,18327954.0,0.215356,2.3916209999999998,IND,CHN,900319
6445573,106,43,9663,2013,0.0,196007.0,1.29988,0.240688,IRL,CHN,900319
6445574,107,43,9663,2013,0.0,734735.0,-0.339172,-0.237114,IRN,CHN,900319
6445575,108,43,9663,2013,0.0,130207.0,-2.839079,-0.8705440000000001,IRQ,CHN,900319
6445576,109,43,9663,2013,0.0,1230.0,0.259374,-0.20413299999999998,ISL,CHN,900319
6445577,110,43,9663,2013,1415.0,906801.0,1.197241,0.633828,ISR,CHN,900319
6445578,111,43,9663,2013,1967051.0,117551400.0,1.289924,0.533436,ITA,CHN,900319
6445579,112,43,9663,2013,0.0,314405.0,-0.541441,-0.8448559999999999,JAM,CHN,900319
6445580,113,43,9663,2013,0.0,92532.0,0.152659,0.5889979999999999,JOR,CHN,900319
6445581,114,43,9663,2013,13167889.0,45419084.0,2.3993130000000003,-0.564768,JPN,CHN,900319
6445582,115,43,9663,2013,0.0,332229.0,-0.680678,-0.83347,KAZ,CHN,900319
6445583,116,43,9663,2013,0.0,103367.0,-0.448112,0.8672719999999999,KEN,CHN,900319
6445584,117,43,9663,2013,0.0,23986.0,-0.1035,0.339914,KGZ,CHN,900319
6445585,118,43,9663,2013,0.0,4212.0,-1.054758,-0.872352,KHM,CHN,900319
6445586,121,43,9663,2013,1115412.0,2972506.0,1.818383,0.75645,KOR,CHN,900319
6445587,122,43,9663,2013,0.0,95990.0,-0.536384,-1.08382,KWT,CHN,900319
6445588,124,43,9663,2013,0.0,338795.0,0.283084,1.4289100000000001,LBN,CHN,900319
6445589,126,43,9663,2013,0.0,43032.0,-1.6241459999999999,-1.1817950000000002,LBY,CHN,900319
6445590,127,43,9663,2013,0.0,3288.0,0.265129,-0.5083949999999999,LCA,CHN,900319
6445591,128,43,9663,2013,0.0,398859.0,-0.6521779999999999,0.41258599999999995,LKA,CHN,900319
6445592,130,43,9663,2013,0.0,213621.0,0.737796,1.215543,LTU,CHN,900319
6445593,131,43,9663,2013,17004.0,14785.0,1.170459,1.150327,LUX,CHN,900319
6445594,132,43,9663,2013,0.0,292006.0,0.6219439999999999,1.166749,LVA,CHN,900319
6445595,133,43,9663,2013,0.0,155410.0,0.252209,0.184401,MAC,CHN,900319
6445596,134,43,9663,2013,0.0,371793.0,-0.6494260000000001,-0.035075999999999996,MAR,CHN,900319
6445597,135,43,9663,2013,0.0,56820.0,-0.016235,0.132104,MDA,CHN,900319
6445598,136,43,9663,2013,0.0,19058.0,-1.068565,-0.364254,MDG,CHN,900319
6445599,138,43,9663,2013,0.0,10405757.0,1.048507,0.718932,MEX,CHN,900319
6445600,140,43,9663,2013,0.0,2862.0,-0.10859400000000001,0.155229,MKD,CHN,900319
6445601,142,43,9663,2013,0.0,1421.0,0.8519760000000001,-0.075869,MLT,CHN,900319
6445602,143,43,9663,2013,0.0,253200.0,-1.230787,-0.737375,MMR,CHN,900319
6445603,144,43,9663,2013,0.0,37919.0,-0.054454999999999996,-0.164875,MNE,CHN,900319
6445604,145,43,9663,2013,0.0,3961.0,-1.3270950000000001,-1.144547,MNG,CHN,900319
6445605,147,43,9663,2013,0.0,18366.0,-1.326323,-1.050969,MOZ,CHN,900319
6445606,148,43,9663,2013,0.0,3307.0,-1.950532,-1.283104,MRT,CHN,900319
6445607,151,43,9663,2013,0.0,52536.0,-0.158852,0.0061600000000000005,MUS,CHN,900319
6445608,152,43,9663,2013,0.0,2650.0,-0.8992120000000001,-0.862175,MWI,CHN,900319
6445609,153,43,9663,2013,6494.0,1569653.0,0.937641,0.747496,MYS,CHN,900319
6445610,156,43,9663,2013,0.0,4181.0,-0.136052,-0.703913,NCL,CHN,900319
6445611,159,43,9663,2013,0.0,65728.0,-1.745783,-1.1356680000000001,NGA,CHN,900319
6445612,160,43,9663,2013,0.0,112854.0,-0.9277,-0.6842630000000001,NIC,CHN,900319
6445613,162,43,9663,2013,100521.0,8420375.0,1.184107,1.249557,NLD,CHN,900319
6445614,163,43,9663,2013,0.0,254615.0,0.892099,0.18168399999999998,NOR,CHN,900319
6445615,164,43,9663,2013,0.0,16588.0,-0.293669,0.677365,NPL,CHN,900319
6445616,166,43,9663,2013,0.0,357464.0,0.3345,0.39063000000000003,NZL,CHN,900319
6445617,168,43,9663,2013,2621.0,364201.0,-0.75727,0.769703,PAK,CHN,900319
6445618,169,43,9663,2013,0.0,2823409.0,0.735637,1.161718,PAN,CHN,900319
6445619,173,43,9663,2013,0.0,2340526.0,-0.573852,0.357977,PER,CHN,900319
6445620,174,43,9663,2013,22556.0,559731.0,0.507868,0.355403,PHL,CHN,900319
6445621,176,43,9663,2013,0.0,5542.0,-1.444244,-1.144231,PNG,CHN,900319
6445622,177,43,9663,2013,9118.0,3132787.0,1.084332,1.216749,POL,CHN,900319
6445623,178,43,9663,2013,0.0,47101.0,-0.414538,-0.22449299999999997,PRK,CHN,900319
6445624,179,43,9663,2013,0.0,1946367.0,0.541454,2.5228610000000002,PRT,CHN,900319
6445625,180,43,9663,2013,14993.0,3652929.0,-0.566239,-0.9273459999999999,PRY,CHN,900319
6445626,181,43,9663,2013,0.0,14180.0,0.072979,0.7099260000000001,PSE,CHN,900319
6445627,182,43,9663,2013,0.0,31572.0,-0.146044,-0.7055359999999999,PYF,CHN,900319
6445628,183,43,9663,2013,0.0,89490.0,-0.083649,-1.013491,QAT,CHN,900319
6445629,185,43,9663,2013,0.0,390709.0,0.792035,1.225034,ROU,CHN,900319
6445630,186,43,9663,2013,0.0,6671497.0,0.481166,-0.180052,RUS,CHN,900319
6445631,187,43,9663,2013,0.0,7941.0,-0.490519,-0.48427700000000007,RWA,CHN,900319
6445632,188,43,9663,2013,0.0,867817.0,0.626347,-0.844406,SAU,CHN,900319
6445633,190,43,9663,2013,0.0,17869.0,-1.254944,-1.073564,SDN,CHN,900319
6445634,191,43,9663,2013,0.0,13520.0,-0.523662,-0.309101,SEN,CHN,900319
6445635,192,43,9663,2013,24453.0,2333107.0,1.915504,0.619576,SGP,CHN,900319
6445636,197,43,9663,2013,0.0,39554.0,-0.021029,0.381522,SLV,CHN,900319
6445637,201,43,9663,2013,0.0,147730.0,0.5717720000000001,1.174901,SRB,CHN,900319
6445638,205,43,9663,2013,0.0,32590.0,-0.417865,-0.7600399999999999,SUR,CHN,900319
6445639,206,43,9663,2013,1694.0,258921.0,1.32064,0.7519819999999999,SVK,CHN,900319
6445640,207,43,9663,2013,0.0,544026.0,1.698374,0.563082,SVN,CHN,900319
6445641,208,43,9663,2013,23170.0,826697.0,1.869421,0.228109,SWE,CHN,900319
6445642,211,43,9663,2013,0.0,6293.0,0.270999,-0.474095,SYC,CHN,900319
6445643,212,43,9663,2013,0.0,37903.0,-0.14343399999999998,1.077256,SYR,CHN,900319
6445644,215,43,9663,2013,0.0,2461.0,-0.598413,-0.49295200000000006,TGO,CHN,900319
6445645,216,43,9663,2013,3756.0,11671044.0,0.8752139999999999,1.3798620000000001,THA,CHN,900319
6445646,222,43,9663,2013,0.0,18300.0,-0.280641,-1.083332,TTO,CHN,900319
6445647,223,43,9663,2013,0.0,324782.0,0.185528,1.0070700000000001,TUN,CHN,900319
6445648,224,43,9663,2013,0.0,5791836.0,0.42932299999999995,2.690235,TUR,CHN,900319
6445649,226,43,9663,2013,0.0,1687.0,-0.9306770000000001,0.273489,TZA,CHN,900319
6445650,227,43,9663,2013,0.0,2375.0,-0.5462279999999999,0.200682,UGA,CHN,900319
6445651,228,43,9663,2013,0.0,808649.0,0.657729,0.9063200000000001,UKR,CHN,900319
6445652,230,43,9663,2013,0.0,4774028.0,0.20190999999999998,-0.19777999999999998,URY,CHN,900319
6445653,231,43,9663,2013,969908.0,250780896.0,1.6639689999999998,-0.48651300000000003,USA,CHN,900319
6445654,234,43,9663,2013,0.0,2726.0,0.193198,-0.23631799999999997,VCT,CHN,900319
6445655,236,43,9663,2013,0.0,2334457.0,-0.778172,-1.107059,VEN,CHN,900319
6445656,239,43,9663,2013,309370.0,285549.0,-0.11426900000000001,1.399738,VNM,CHN,900319
6445657,243,43,9663,2013,0.0,1932.0,-1.252605,-1.207324,YEM,CHN,900319
6445658,246,43,9663,2013,0.0,3867024.0,0.380284,1.5682120000000002,ZAF,CHN,900319
6445659,248,43,9663,2013,0.0,12601.0,-0.828702,-0.899175,ZWE,CHN,900319
6445660,249,43,9663,2013,96098.0,4205740.0,1.843186,0.9432379999999999,TWN,CHN,900319
6445661,8,49,9663,2013,2840.0,0.0,0.20314300000000002,0.494062,ARG,COL,900319
6445662,15,49,9663,2013,71672.0,1323.0,1.7209240000000001,-0.286892,AUT,COL,900319
6445663,32,49,9663,2013,95069.0,0.0,0.14765899999999998,0.399262,BRA,COL,900319
6445664,39,49,9663,2013,2308.0,0.0,0.719649,1.017046,CAN,COL,900319
6445665,42,49,9663,2013,41326.0,0.0,-0.260718,-0.38256100000000004,CHL,COL,900319
6445666,43,49,9663,2013,1093704.0,0.0,1.113767,1.477496,CHN,COL,900319
6445667,52,49,9663,2013,0.0,16567.0,0.067379,-0.688217,CRI,COL,900319
6445668,61,49,9663,2013,15347.0,0.0,2.093658,-3.4281980000000005,DEU,COL,900319
6445669,67,49,9663,2013,0.0,41974.0,-0.86546,-0.8888389999999999,ECU,COL,900319
6445670,71,49,9663,2013,43893.0,0.0,0.861698,2.353993,ESP,COL,900319
6445671,77,49,9663,2013,147014.0,0.0,1.520354,0.022874000000000002,FRA,COL,900319
6445672,81,49,9663,2013,119337.0,0.0,1.7901259999999999,0.44164,GBR,COL,900319
6445673,93,49,9663,2013,0.0,39382.0,-0.41466499999999995,0.774788,GTM,COL,900319
6445674,97,49,9663,2013,56720.0,0.0,0.744383,1.923139,HKG,COL,900319
6445675,111,49,9663,2013,1593502.0,10818.0,1.289924,0.533436,ITA,COL,900319
6445676,114,49,9663,2013,6106.0,0.0,2.3993130000000003,-0.564768,JPN,COL,900319
6445677,121,49,9663,2013,93176.0,0.0,1.818383,0.75645,KOR,COL,900319
6445678,153,49,9663,2013,1663.0,0.0,0.937641,0.747496,MYS,COL,900319
6445679,169,49,9663,2013,27133.0,25324.0,0.735637,1.161718,PAN,COL,900319
6445680,173,49,9663,2013,21794.0,12623.0,-0.573852,0.357977,PER,COL,900319
6445681,230,49,9663,2013,0.0,6529.0,0.20190999999999998,-0.19777999999999998,URY,COL,900319
6445682,231,49,9663,2013,683432.0,60921.0,1.6639689999999998,-0.48651300000000003,USA,COL,900319
6445683,249,49,9663,2013,12686.0,0.0,1.843186,0.9432379999999999,TWN,COL,900319
6445684,8,52,9663,2013,40687.0,0.0,0.20314300000000002,0.494062,ARG,CRI,900319
6445685,15,52,9663,2013,17364.0,0.0,1.7209240000000001,-0.286892,AUT,CRI,900319
6445686,32,52,9663,2013,0.0,18526.0,0.14765899999999998,0.399262,BRA,CRI,900319
6445687,43,52,9663,2013,298299.0,0.0,1.113767,1.477496,CHN,CRI,900319
6445688,49,52,9663,2013,16567.0,0.0,0.121799,-0.388239,COL,CRI,900319
6445689,61,52,9663,2013,2453.0,0.0,2.093658,-3.4281980000000005,DEU,CRI,900319
6445690,67,52,9663,2013,0.0,2707.0,-0.86546,-0.8888389999999999,ECU,CRI,900319
6445691,71,52,9663,2013,2930.0,0.0,0.861698,2.353993,ESP,CRI,900319
6445692,77,52,9663,2013,52586.0,0.0,1.520354,0.022874000000000002,FRA,CRI,900319
6445693,81,52,9663,2013,22320.0,0.0,1.7901259999999999,0.44164,GBR,CRI,900319
6445694,97,52,9663,2013,1614.0,0.0,0.744383,1.923139,HKG,CRI,900319
6445695,111,52,9663,2013,423542.0,0.0,1.289924,0.533436,ITA,CRI,900319
6445696,138,52,9663,2013,5147.0,0.0,1.048507,0.718932,MEX,CRI,900319
6445697,160,52,9663,2013,0.0,4419.0,-0.9277,-0.6842630000000001,NIC,CRI,900319
6445698,169,52,9663,2013,115466.0,0.0,0.735637,1.161718,PAN,CRI,900319
6445699,231,52,9663,2013,565128.0,0.0,1.6639689999999998,-0.48651300000000003,USA,CRI,900319
6445700,236,52,9663,2013,0.0,133986.0,-0.778172,-1.107059,VEN,CRI,900319
6445701,15,55,9663,2013,12547.0,0.0,1.7209240000000001,-0.286892,AUT,CUW,900319
6445702,61,55,9663,2013,7523.0,0.0,2.093658,-3.4281980000000005,DEU,CUW,900319
6445703,111,55,9663,2013,1573.0,0.0,1.289924,0.533436,ITA,CUW,900319
6445704,114,55,9663,2013,4078.0,0.0,2.3993130000000003,-0.564768,JPN,CUW,900319
6445705,162,55,9663,2013,1636.0,0.0,1.184107,1.249557,NLD,CUW,900319
6445706,179,55,9663,2013,8417.0,0.0,0.541454,2.5228610000000002,PRT,CUW,900319
6445707,231,55,9663,2013,46996.0,0.0,1.6639689999999998,-0.48651300000000003,USA,CUW,900319
6445708,7,59,9663,2013,0.0,26377.0,-0.074047,-0.585168,ARE,CZE,900319
6445709,14,59,9663,2013,0.0,10402.0,-0.31145700000000004,-0.167628,AUS,CZE,900319
6445710,15,59,9663,2013,5767532.0,30008782.0,1.7209240000000001,-0.286892,AUT,CZE,900319
6445711,18,59,9663,2013,8895.0,2970.0,1.316207,0.972601,BEL,CZE,900319
6445712,23,59,9663,2013,0.0,179774.0,0.5026109999999999,1.674296,BGR,CZE,900319
6445713,24,59,9663,2013,0.0,5910.0,0.249681,-0.6204270000000001,BHR,CZE,900319
6445714,28,59,9663,2013,0.0,6894.0,1.036923,0.864568,BLR,CZE,900319
6445715,39,59,9663,2013,17304.0,16144.0,0.719649,1.017046,CAN,CZE,900319
6445716,41,59,9663,2013,9955.0,7053.0,2.2104470000000003,0.5403479999999999,CHE,CZE,900319
6445717,42,59,9663,2013,0.0,15998.0,-0.260718,-0.38256100000000004,CHL,CZE,900319
6445718,43,59,9663,2013,1936841.0,14290.0,1.113767,1.477496,CHN,CZE,900319
6445719,58,59,9663,2013,0.0,2544.0,0.502238,0.349608,CYP,CZE,900319
6445720,61,59,9663,2013,16063519.0,572216.0,2.093658,-3.4281980000000005,DEU,CZE,900319
6445721,64,59,9663,2013,139154.0,7814.0,1.161835,1.1788450000000001,DNK,CZE,900319
6445722,71,59,9663,2013,47095.0,3516.0,0.861698,2.353993,ESP,CZE,900319
6445723,72,59,9663,2013,0.0,63731.0,0.8828940000000001,1.386574,EST,CZE,900319
6445724,74,59,9663,2013,0.0,6384.0,1.734552,0.8896940000000001,FIN,CZE,900319
6445725,77,59,9663,2013,851960.0,11574.0,1.520354,0.022874000000000002,FRA,CZE,900319
6445726,81,59,9663,2013,31870.0,47913.0,1.7901259999999999,0.44164,GBR,CZE,900319
6445727,82,59,9663,2013,17208.0,0.0,-0.160691,-0.393419,GEO,CZE,900319
6445728,90,59,9663,2013,31551.0,39938.0,0.18823800000000002,0.910906,GRC,CZE,900319
6445729,97,59,9663,2013,1038918.0,29154.0,0.744383,1.923139,HKG,CZE,900319
6445730,102,59,9663,2013,1086555.0,128657.0,1.506101,0.7279220000000001,HUN,CZE,900319
6445731,104,59,9663,2013,1506.0,10457.0,0.215356,2.3916209999999998,IND,CZE,900319
6445732,107,59,9663,2013,0.0,20734.0,-0.339172,-0.237114,IRN,CZE,900319
6445733,110,59,9663,2013,2986.0,8103.0,1.197241,0.633828,ISR,CZE,900319
6445734,111,59,9663,2013,3585316.0,32687.0,1.289924,0.533436,ITA,CZE,900319
6445735,114,59,9663,2013,4280551.0,0.0,2.3993130000000003,-0.564768,JPN,CZE,900319
6445736,115,59,9663,2013,0.0,45489.0,-0.680678,-0.83347,KAZ,CZE,900319
6445737,116,59,9663,2013,0.0,1559.0,-0.448112,0.8672719999999999,KEN,CZE,900319
6445738,121,59,9663,2013,210110.0,2070.0,1.818383,0.75645,KOR,CZE,900319
6445739,124,59,9663,2013,0.0,3075.0,0.283084,1.4289100000000001,LBN,CZE,900319
6445740,126,59,9663,2013,0.0,25075.0,-1.6241459999999999,-1.1817950000000002,LBY,CZE,900319
6445741,130,59,9663,2013,4539.0,44355.0,0.737796,1.215543,LTU,CZE,900319
6445742,132,59,9663,2013,0.0,157316.0,0.6219439999999999,1.166749,LVA,CZE,900319
6445743,135,59,9663,2013,0.0,6775.0,-0.016235,0.132104,MDA,CZE,900319
6445744,138,59,9663,2013,0.0,12936.0,1.048507,0.718932,MEX,CZE,900319
6445745,140,59,9663,2013,0.0,1332.0,-0.10859400000000001,0.155229,MKD,CZE,900319
6445746,153,59,9663,2013,5093.0,9159.0,0.937641,0.747496,MYS,CZE,900319
6445747,155,59,9663,2013,0.0,9619.0,-0.308643,-0.480617,NAM,CZE,900319
6445748,162,59,9663,2013,294126.0,9594.0,1.184107,1.249557,NLD,CZE,900319
6445749,163,59,9663,2013,0.0,12497.0,0.892099,0.18168399999999998,NOR,CZE,900319
6445750,174,59,9663,2013,0.0,6424.0,0.507868,0.355403,PHL,CZE,900319
6445751,177,59,9663,2013,41588.0,180065.0,1.084332,1.216749,POL,CZE,900319
6445752,179,59,9663,2013,0.0,11159.0,0.541454,2.5228610000000002,PRT,CZE,900319
6445753,185,59,9663,2013,66956.0,109692.0,0.792035,1.225034,ROU,CZE,900319
6445754,186,59,9663,2013,0.0,77446.0,0.481166,-0.180052,RUS,CZE,900319
6445755,188,59,9663,2013,0.0,49946.0,0.626347,-0.844406,SAU,CZE,900319
6445756,192,59,9663,2013,1279.0,0.0,1.915504,0.619576,SGP,CZE,900319
6445757,201,59,9663,2013,3273.0,4948.0,0.5717720000000001,1.174901,SRB,CZE,900319
6445758,206,59,9663,2013,559290.0,2462624.0,1.32064,0.7519819999999999,SVK,CZE,900319
6445759,207,59,9663,2013,0.0,20200.0,1.698374,0.563082,SVN,CZE,900319
6445760,208,59,9663,2013,45999.0,38798.0,1.869421,0.228109,SWE,CZE,900319
6445761,223,59,9663,2013,0.0,24870.0,0.185528,1.0070700000000001,TUN,CZE,900319
6445762,224,59,9663,2013,25814.0,12284.0,0.42932299999999995,2.690235,TUR,CZE,900319
6445763,228,59,9663,2013,0.0,385208.0,0.657729,0.9063200000000001,UKR,CZE,900319
6445764,231,59,9663,2013,14337.0,2601.0,1.6639689999999998,-0.48651300000000003,USA,CZE,900319
6445765,246,59,9663,2013,0.0,9893.0,0.380284,1.5682120000000002,ZAF,CZE,900319
6445766,249,59,9663,2013,2380.0,0.0,1.843186,0.9432379999999999,TWN,CZE,900319
6445767,250,59,9663,2013,3717404.0,0.0,0.628555,0.277602,ANS,CZE,900319
6445768,0,61,9663,2013,0.0,3265.0,0.913235,-0.149061,ABW,DEU,900319
6445769,2,61,9663,2013,0.0,3638.0,-1.172043,-1.133735,AGO,DEU,900319
6445770,4,61,9663,2013,0.0,41781.0,-0.53682,-0.162391,ALB,DEU,900319
6445771,5,61,9663,2013,0.0,15622.0,0.9666530000000001,-0.159606,AND,DEU,900319
6445772,7,61,9663,2013,0.0,2436315.0,-0.074047,-0.585168,ARE,DEU,900319
6445773,8,61,9663,2013,0.0,87916.0,0.20314300000000002,0.494062,ARG,DEU,900319
6445774,9,61,9663,2013,0.0,17184.0,-0.076922,-0.5781390000000001,ARM,DEU,900319
6445775,14,61,9663,2013,5021.0,2033717.0,-0.31145700000000004,-0.167628,AUS,DEU,900319
6445776,15,61,9663,2013,10172632.0,12848377.0,1.7209240000000001,-0.286892,AUT,DEU,900319
6445777,16,61,9663,2013,0.0,108827.0,-0.9232870000000001,-1.165928,AZE,DEU,900319
6445778,18,61,9663,2013,625119.0,4048796.0,1.316207,0.972601,BEL,DEU,900319
6445779,20,61,9663,2013,0.0,1274.0,1.6446889999999998,-0.481741,BES,DEU,900319
6445780,21,61,9663,2013,0.0,1333.0,-0.9110360000000001,-0.852492,BFA,DEU,900319
6445781,22,61,9663,2013,0.0,10576.0,-1.101916,-0.734646,BGD,DEU,900319
6445782,23,61,9663,2013,0.0,385820.0,0.5026109999999999,1.674296,BGR,DEU,900319
6445783,24,61,9663,2013,0.0,58557.0,0.249681,-0.6204270000000001,BHR,DEU,900319
6445784,26,61,9663,2013,0.0,28623.0,0.46743199999999996,0.7340800000000001,BIH,DEU,900319
6445785,28,61,9663,2013,0.0,338260.0,1.036923,0.864568,BLR,DEU,900319
6445786,32,61,9663,2013,0.0,495346.0,0.14765899999999998,0.399262,BRA,DEU,900319
6445787,33,61,9663,2013,0.0,13276.0,0.6969489999999999,0.135283,BRB,DEU,900319
6445788,39,61,9663,2013,327723.0,2628466.0,0.719649,1.017046,CAN,DEU,900319
6445789,41,61,9663,2013,5833326.0,8984515.0,2.2104470000000003,0.5403479999999999,CHE,DEU,900319
6445790,42,61,9663,2013,0.0,281866.0,-0.260718,-0.38256100000000004,CHL,DEU,900319
6445791,43,61,9663,2013,48274732.0,3346812.0,1.113767,1.477496,CHN,DEU,900319
6445792,44,61,9663,2013,0.0,1438.0,-0.923558,-0.866642,CIV,DEU,900319
6445793,45,61,9663,2013,0.0,2073.0,-0.901531,-1.027111,CMR,DEU,900319
6445794,46,61,9663,2013,0.0,4543.0,-1.300125,-1.0708010000000001,COD,DEU,900319
6445795,49,61,9663,2013,0.0,15347.0,0.121799,-0.388239,COL,DEU,900319
6445796,52,61,9663,2013,0.0,2453.0,0.067379,-0.688217,CRI,DEU,900319
6445797,55,61,9663,2013,0.0,7523.0,0.029981999999999998,-0.673439,CUW,DEU,900319
6445798,57,61,9663,2013,0.0,5712.0,0.391996,-0.73249,CYM,DEU,900319
6445799,58,61,9663,2013,0.0,1546202.0,0.502238,0.349608,CYP,DEU,900319
6445800,59,61,9663,2013,572216.0,16063519.0,1.819653,-0.12423800000000002,CZE,DEU,900319
6445801,64,61,9663,2013,8310064.0,2180811.0,1.161835,1.1788450000000001,DNK,DEU,900319
6445802,66,61,9663,2013,0.0,78834.0,-1.373947,-1.1523459999999999,DZA,DEU,900319
6445803,67,61,9663,2013,0.0,4857.0,-0.86546,-0.8888389999999999,ECU,DEU,900319
6445804,68,61,9663,2013,0.0,33156.0,-0.17418,1.692641,EGY,DEU,900319
6445805,71,61,9663,2013,1158518.0,2654512.0,0.861698,2.353993,ESP,DEU,900319
6445806,72,61,9663,2013,0.0,30500.0,0.8828940000000001,1.386574,EST,DEU,900319
6445807,73,61,9663,2013,0.0,10715.0,-1.264002,-0.9594219999999999,ETH,DEU,900319
6445808,74,61,9663,2013,0.0,1072869.0,1.734552,0.8896940000000001,FIN,DEU,900319
6445809,77,61,9663,2013,13040805.0,16585517.0,1.520354,0.022874000000000002,FRA,DEU,900319
6445810,78,61,9663,2013,0.0,16882.0,-0.370701,-0.815466,FRO,DEU,900319
6445811,80,61,9663,2013,0.0,20610.0,-1.6582830000000002,-1.155302,GAB,DEU,900319
6445812,81,61,9663,2013,1977891.0,5051350.0,1.7901259999999999,0.44164,GBR,DEU,900319
6445813,82,61,9663,2013,0.0,34881.0,-0.160691,-0.393419,GEO,DEU,900319
6445814,83,61,9663,2013,0.0,2793.0,-0.7316010000000001,-0.5327689999999999,GHA,DEU,900319
6445815,90,61,9663,2013,9357.0,586976.0,0.18823800000000002,0.910906,GRC,DEU,900319
6445816,93,61,9663,2013,12862.0,24783.0,-0.41466499999999995,0.774788,GTM,DEU,900319
6445817,97,61,9663,2013,9336923.0,9254054.0,0.744383,1.923139,HKG,DEU,900319
6445818,100,61,9663,2013,0.0,204928.0,0.898284,1.038807,HRV,DEU,900319
6445819,102,61,9663,2013,39149.0,1157310.0,1.506101,0.7279220000000001,HUN,DEU,900319
6445820,103,61,9663,2013,0.0,93690.0,-0.216854,1.415728,IDN,DEU,900319
6445821,104,61,9663,2013,16446.0,609766.0,0.215356,2.3916209999999998,IND,DEU,900319
6445822,106,61,9663,2013,159290.0,239122.0,1.29988,0.240688,IRL,DEU,900319
6445823,107,61,9663,2013,1668.0,130816.0,-0.339172,-0.237114,IRN,DEU,900319
6445824,109,61,9663,2013,0.0,120667.0,0.259374,-0.20413299999999998,ISL,DEU,900319
6445825,110,61,9663,2013,47418.0,616740.0,1.197241,0.633828,ISR,DEU,900319
6445826,111,61,9663,2013,24484132.0,5894792.0,1.289924,0.533436,ITA,DEU,900319
6445827,112,61,9663,2013,0.0,1494.0,-0.541441,-0.8448559999999999,JAM,DEU,900319
6445828,114,61,9663,2013,15045713.0,4497031.0,2.3993130000000003,-0.564768,JPN,DEU,900319
6445829,115,61,9663,2013,0.0,306244.0,-0.680678,-0.83347,KAZ,DEU,900319
6445830,116,61,9663,2013,0.0,85446.0,-0.448112,0.8672719999999999,KEN,DEU,900319
6445831,117,61,9663,2013,0.0,36463.0,-0.1035,0.339914,KGZ,DEU,900319
6445832,118,61,9663,2013,0.0,18120.0,-1.054758,-0.872352,KHM,DEU,900319
6445833,121,61,9663,2013,5981666.0,2312776.0,1.818383,0.75645,KOR,DEU,900319
6445834,122,61,9663,2013,0.0,554609.0,-0.536384,-1.08382,KWT,DEU,900319
6445835,124,61,9663,2013,0.0,112909.0,0.283084,1.4289100000000001,LBN,DEU,900319
6445836,126,61,9663,2013,0.0,56462.0,-1.6241459999999999,-1.1817950000000002,LBY,DEU,900319
6445837,128,61,9663,2013,0.0,85847.0,-0.6521779999999999,0.41258599999999995,LKA,DEU,900319
6445838,130,61,9663,2013,3147.0,699427.0,0.737796,1.215543,LTU,DEU,900319
6445839,131,61,9663,2013,23704.0,1109380.0,1.170459,1.150327,LUX,DEU,900319
6445840,132,61,9663,2013,0.0,72261.0,0.6219439999999999,1.166749,LVA,DEU,900319
6445841,133,61,9663,2013,7714.0,65625.0,0.252209,0.184401,MAC,DEU,900319
6445842,134,61,9663,2013,0.0,125967.0,-0.6494260000000001,-0.035075999999999996,MAR,DEU,900319
6445843,135,61,9663,2013,0.0,24988.0,-0.016235,0.132104,MDA,DEU,900319
6445844,136,61,9663,2013,0.0,21714.0,-1.068565,-0.364254,MDG,DEU,900319
6445845,138,61,9663,2013,1121.0,599881.0,1.048507,0.718932,MEX,DEU,900319
6445846,140,61,9663,2013,0.0,9783.0,-0.10859400000000001,0.155229,MKD,DEU,900319
6445847,142,61,9663,2013,0.0,34044.0,0.8519760000000001,-0.075869,MLT,DEU,900319
6445848,143,61,9663,2013,0.0,140744.0,-1.230787,-0.737375,MMR,DEU,900319
6445849,145,61,9663,2013,0.0,3519.0,-1.3270950000000001,-1.144547,MNG,DEU,900319
6445850,147,61,9663,2013,0.0,2668.0,-1.326323,-1.050969,MOZ,DEU,900319
6445851,151,61,9663,2013,0.0,106866.0,-0.158852,0.0061600000000000005,MUS,DEU,900319
6445852,152,61,9663,2013,0.0,10361.0,-0.8992120000000001,-0.862175,MWI,DEU,900319
6445853,153,61,9663,2013,11341.0,657041.0,0.937641,0.747496,MYS,DEU,900319
6445854,154,61,9663,2013,0.0,1453.0,0.9851690000000001,-0.504069,MYT,DEU,900319
6445855,155,61,9663,2013,0.0,57385.0,-0.308643,-0.480617,NAM,DEU,900319
6445856,156,61,9663,2013,0.0,39961.0,-0.136052,-0.703913,NCL,DEU,900319
6445857,159,61,9663,2013,0.0,48599.0,-1.745783,-1.1356680000000001,NGA,DEU,900319
6445858,160,61,9663,2013,0.0,1402.0,-0.9277,-0.6842630000000001,NIC,DEU,900319
6445859,162,61,9663,2013,3460590.0,8684267.0,1.184107,1.249557,NLD,DEU,900319
6445860,163,61,9663,2013,4857.0,939437.0,0.892099,0.18168399999999998,NOR,DEU,900319
6445861,164,61,9663,2013,0.0,2336.0,-0.293669,0.677365,NPL,DEU,900319
6445862,166,61,9663,2013,5736.0,200735.0,0.3345,0.39063000000000003,NZL,DEU,900319
6445863,168,61,9663,2013,0.0,3614.0,-0.75727,0.769703,PAK,DEU,900319
6445864,169,61,9663,2013,0.0,2537.0,0.735637,1.161718,PAN,DEU,900319
6445865,174,61,9663,2013,0.0,6850.0,0.507868,0.355403,PHL,DEU,900319
6445866,177,61,9663,2013,143495.0,3963198.0,1.084332,1.216749,POL,DEU,900319
6445867,179,61,9663,2013,0.0,847060.0,0.541454,2.5228610000000002,PRT,DEU,900319
6445868,180,61,9663,2013,0.0,13949.0,-0.566239,-0.9273459999999999,PRY,DEU,900319
6445869,183,61,9663,2013,0.0,58972.0,-0.083649,-1.013491,QAT,DEU,900319
6445870,185,61,9663,2013,0.0,440142.0,0.792035,1.225034,ROU,DEU,900319
6445871,186,61,9663,2013,0.0,4476406.0,0.481166,-0.180052,RUS,DEU,900319
6445872,188,61,9663,2013,0.0,936267.0,0.626347,-0.844406,SAU,DEU,900319
6445873,191,61,9663,2013,0.0,5698.0,-0.523662,-0.309101,SEN,DEU,900319
6445874,192,61,9663,2013,11314.0,1704851.0,1.915504,0.619576,SGP,DEU,900319
6445875,197,61,9663,2013,0.0,7779.0,-0.021029,0.381522,SLV,DEU,900319
6445876,201,61,9663,2013,5012.0,147646.0,0.5717720000000001,1.174901,SRB,DEU,900319
6445877,205,61,9663,2013,0.0,12069.0,-0.417865,-0.7600399999999999,SUR,DEU,900319
6445878,206,61,9663,2013,14845.0,530508.0,1.32064,0.7519819999999999,SVK,DEU,900319
6445879,207,61,9663,2013,0.0,248285.0,1.698374,0.563082,SVN,DEU,900319
6445880,208,61,9663,2013,209735.0,1835157.0,1.869421,0.228109,SWE,DEU,900319
6445881,211,61,9663,2013,0.0,24770.0,0.270999,-0.474095,SYC,DEU,900319
6445882,215,61,9663,2013,0.0,9957.0,-0.598413,-0.49295200000000006,TGO,DEU,900319
6445883,216,61,9663,2013,111900.0,1330744.0,0.8752139999999999,1.3798620000000001,THA,DEU,900319
6445884,219,61,9663,2013,0.0,7218.0,-1.6186770000000001,-1.2210969999999999,TKM,DEU,900319
6445885,222,61,9663,2013,0.0,10295.0,-0.280641,-1.083332,TTO,DEU,900319
6445886,223,61,9663,2013,0.0,94225.0,0.185528,1.0070700000000001,TUN,DEU,900319
6445887,224,61,9663,2013,2343.0,2517666.0,0.42932299999999995,2.690235,TUR,DEU,900319
6445888,227,61,9663,2013,0.0,46302.0,-0.5462279999999999,0.200682,UGA,DEU,900319
6445889,228,61,9663,2013,6029.0,855905.0,0.657729,0.9063200000000001,UKR,DEU,900319
6445890,230,61,9663,2013,0.0,45106.0,0.20190999999999998,-0.19777999999999998,URY,DEU,900319
6445891,231,61,9663,2013,291884.0,7842664.0,1.6639689999999998,-0.48651300000000003,USA,DEU,900319
6445892,236,61,9663,2013,0.0,128369.0,-0.778172,-1.107059,VEN,DEU,900319
6445893,239,61,9663,2013,947613.0,329692.0,-0.11426900000000001,1.399738,VNM,DEU,900319
6445894,246,61,9663,2013,9241.0,310113.0,0.380284,1.5682120000000002,ZAF,DEU,900319
6445895,249,61,9663,2013,151210.0,2925229.0,1.843186,0.9432379999999999,TWN,DEU,900319
6445896,5,64,9663,2013,0.0,8230.0,0.9666530000000001,-0.159606,AND,DNK,900319
6445897,7,64,9663,2013,0.0,269227.0,-0.074047,-0.585168,ARE,DNK,900319
6445898,14,64,9663,2013,37846.0,744710.0,-0.31145700000000004,-0.167628,AUS,DNK,900319
6445899,15,64,9663,2013,254133.0,1051544.0,1.7209240000000001,-0.286892,AUT,DNK,900319
6445900,18,64,9663,2013,89385.0,2253620.0,1.316207,0.972601,BEL,DNK,900319
6445901,23,64,9663,2013,0.0,4095.0,0.5026109999999999,1.674296,BGR,DNK,900319
6445902,24,64,9663,2013,0.0,16347.0,0.249681,-0.6204270000000001,BHR,DNK,900319
6445903,30,64,9663,2013,0.0,1029.0,1.087677,-0.452984,BMU,DNK,900319
6445904,39,64,9663,2013,6713.0,466725.0,0.719649,1.017046,CAN,DNK,900319
6445905,41,64,9663,2013,227893.0,2108517.0,2.2104470000000003,0.5403479999999999,CHE,DNK,900319
6445906,43,64,9663,2013,1940392.0,1616353.0,1.113767,1.477496,CHN,DNK,900319
6445907,58,64,9663,2013,0.0,13244.0,0.502238,0.349608,CYP,DNK,900319
6445908,59,64,9663,2013,7814.0,139154.0,1.819653,-0.12423800000000002,CZE,DNK,900319
6445909,61,64,9663,2013,2180811.0,8310064.0,2.093658,-3.4281980000000005,DEU,DNK,900319
6445910,68,64,9663,2013,0.0,26686.0,-0.17418,1.692641,EGY,DNK,900319
6445911,71,64,9663,2013,248419.0,872797.0,0.861698,2.353993,ESP,DNK,900319
6445912,72,64,9663,2013,0.0,10191.0,0.8828940000000001,1.386574,EST,DNK,900319
6445913,74,64,9663,2013,4391.0,1039918.0,1.734552,0.8896940000000001,FIN,DNK,900319
6445914,77,64,9663,2013,643366.0,5288634.0,1.520354,0.022874000000000002,FRA,DNK,900319
6445915,78,64,9663,2013,0.0,64918.0,-0.370701,-0.815466,FRO,DNK,900319
6445916,81,64,9663,2013,800966.0,1831126.0,1.7901259999999999,0.44164,GBR,DNK,900319
6445917,90,64,9663,2013,31953.0,436974.0,0.18823800000000002,0.910906,GRC,DNK,900319
6445918,92,64,9663,2013,0.0,52507.0,-0.801617,-0.8734120000000001,GRL,DNK,900319
6445919,95,64,9663,2013,0.0,2057.0,0.483541,0.281968,GUM,DNK,900319
6445920,97,64,9663,2013,904685.0,1881376.0,0.744383,1.923139,HKG,DNK,900319
6445921,100,64,9663,2013,0.0,12241.0,0.898284,1.038807,HRV,DNK,900319
6445922,102,64,9663,2013,0.0,47776.0,1.506101,0.7279220000000001,HUN,DNK,900319
6445923,104,64,9663,2013,0.0,184881.0,0.215356,2.3916209999999998,IND,DNK,900319
6445924,106,64,9663,2013,21892.0,177379.0,1.29988,0.240688,IRL,DNK,900319
6445925,109,64,9663,2013,0.0,151586.0,0.259374,-0.20413299999999998,ISL,DNK,900319
6445926,110,64,9663,2013,2641.0,94909.0,1.197241,0.633828,ISR,DNK,900319
6445927,111,64,9663,2013,1659236.0,1607931.0,1.289924,0.533436,ITA,DNK,900319
6445928,112,64,9663,2013,0.0,2935.0,-0.541441,-0.8448559999999999,JAM,DNK,900319
6445929,114,64,9663,2013,4114592.0,461858.0,2.3993130000000003,-0.564768,JPN,DNK,900319
6445930,116,64,9663,2013,0.0,29711.0,-0.448112,0.8672719999999999,KEN,DNK,900319
6445931,121,64,9663,2013,4125310.0,1334926.0,1.818383,0.75645,KOR,DNK,900319
6445932,122,64,9663,2013,0.0,80713.0,-0.536384,-1.08382,KWT,DNK,900319
6445933,124,64,9663,2013,2353.0,31918.0,0.283084,1.4289100000000001,LBN,DNK,900319
6445934,126,64,9663,2013,0.0,16359.0,-1.6241459999999999,-1.1817950000000002,LBY,DNK,900319
6445935,128,64,9663,2013,0.0,1431.0,-0.6521779999999999,0.41258599999999995,LKA,DNK,900319
6445936,130,64,9663,2013,1745.0,5642.0,0.737796,1.215543,LTU,DNK,900319
6445937,131,64,9663,2013,27443.0,273011.0,1.170459,1.150327,LUX,DNK,900319
6445938,132,64,9663,2013,0.0,25654.0,0.6219439999999999,1.166749,LVA,DNK,900319
6445939,133,64,9663,2013,0.0,72792.0,0.252209,0.184401,MAC,DNK,900319
6445940,134,64,9663,2013,12584.0,74621.0,-0.6494260000000001,-0.035075999999999996,MAR,DNK,900319
6445941,138,64,9663,2013,1893.0,573502.0,1.048507,0.718932,MEX,DNK,900319
6445942,142,64,9663,2013,1316.0,8591.0,0.8519760000000001,-0.075869,MLT,DNK,900319
6445943,147,64,9663,2013,0.0,1295.0,-1.326323,-1.050969,MOZ,DNK,900319
6445944,151,64,9663,2013,0.0,21569.0,-0.158852,0.0061600000000000005,MUS,DNK,900319
6445945,152,64,9663,2013,0.0,274.0,-0.8992120000000001,-0.862175,MWI,DNK,900319
6445946,153,64,9663,2013,0.0,247092.0,0.937641,0.747496,MYS,DNK,900319
6445947,155,64,9663,2013,0.0,305.0,-0.308643,-0.480617,NAM,DNK,900319
6445948,156,64,9663,2013,0.0,2601.0,-0.136052,-0.703913,NCL,DNK,900319
6445949,159,64,9663,2013,0.0,1933.0,-1.745783,-1.1356680000000001,NGA,DNK,900319
6445950,162,64,9663,2013,37155.0,5610036.0,1.184107,1.249557,NLD,DNK,900319
6445951,163,64,9663,2013,249584.0,2087058.0,0.892099,0.18168399999999998,NOR,DNK,900319
6445952,166,64,9663,2013,6135.0,95656.0,0.3345,0.39063000000000003,NZL,DNK,900319
6445953,167,64,9663,2013,0.0,1523.0,-0.604175,-1.0463209999999998,OMN,DNK,900319
6445954,168,64,9663,2013,3444.0,0.0,-0.75727,0.769703,PAK,DNK,900319
6445955,174,64,9663,2013,4123212.0,67306.0,0.507868,0.355403,PHL,DNK,900319
6445956,177,64,9663,2013,9780.0,279344.0,1.084332,1.216749,POL,DNK,900319
6445957,179,64,9663,2013,26374.0,538762.0,0.541454,2.5228610000000002,PRT,DNK,900319
6445958,183,64,9663,2013,0.0,17084.0,-0.083649,-1.013491,QAT,DNK,900319
6445959,185,64,9663,2013,0.0,80298.0,0.792035,1.225034,ROU,DNK,900319
6445960,186,64,9663,2013,0.0,494692.0,0.481166,-0.180052,RUS,DNK,900319
6445961,188,64,9663,2013,0.0,325550.0,0.626347,-0.844406,SAU,DNK,900319
6445962,191,64,9663,2013,0.0,1324.0,-0.523662,-0.309101,SEN,DNK,900319
6445963,192,64,9663,2013,0.0,255925.0,1.915504,0.619576,SGP,DNK,900319
6445964,201,64,9663,2013,0.0,3699.0,0.5717720000000001,1.174901,SRB,DNK,900319
6445965,206,64,9663,2013,0.0,72133.0,1.32064,0.7519819999999999,SVK,DNK,900319
6445966,207,64,9663,2013,0.0,12219.0,1.698374,0.563082,SVN,DNK,900319
6445967,208,64,9663,2013,3937473.0,4688582.0,1.869421,0.228109,SWE,DNK,900319
6445968,211,64,9663,2013,0.0,10184.0,0.270999,-0.474095,SYC,DNK,900319
6445969,216,64,9663,2013,5446.0,240795.0,0.8752139999999999,1.3798620000000001,THA,DNK,900319
6445970,222,64,9663,2013,0.0,1296.0,-0.280641,-1.083332,TTO,DNK,900319
6445971,223,64,9663,2013,0.0,1658.0,0.185528,1.0070700000000001,TUN,DNK,900319
6445972,224,64,9663,2013,3542.0,94063.0,0.42932299999999995,2.690235,TUR,DNK,900319
6445973,227,64,9663,2013,0.0,3529.0,-0.5462279999999999,0.200682,UGA,DNK,900319
6445974,230,64,9663,2013,0.0,18708.0,0.20190999999999998,-0.19777999999999998,URY,DNK,900319
6445975,231,64,9663,2013,10016.0,2231830.0,1.6639689999999998,-0.48651300000000003,USA,DNK,900319
6445976,237,64,9663,2013,0.0,3048.0,0.616863,-0.314222,VGB,DNK,900319
6445977,246,64,9663,2013,2083.0,254858.0,0.380284,1.5682120000000002,ZAF,DNK,900319
6445978,249,64,9663,2013,4906.0,407078.0,1.843186,0.9432379999999999,TWN,DNK,900319
6445979,250,64,9663,2013,0.0,7905.0,0.628555,0.277602,ANS,DNK,900319
6445980,15,65,9663,2013,28117.0,0.0,1.7209240000000001,-0.286892,AUT,DOM,900319
6445981,39,65,9663,2013,919.0,0.0,0.719649,1.017046,CAN,DOM,900319
6445982,43,65,9663,2013,44203.0,0.0,1.113767,1.477496,CHN,DOM,900319
6445983,71,65,9663,2013,1004.0,0.0,0.861698,2.353993,ESP,DOM,900319
6445984,77,65,9663,2013,64129.0,0.0,1.520354,0.022874000000000002,FRA,DOM,900319
6445985,81,65,9663,2013,5535.0,0.0,1.7901259999999999,0.44164,GBR,DOM,900319
6445986,111,65,9663,2013,41495.0,0.0,1.289924,0.533436,ITA,DOM,900319
6445987,114,65,9663,2013,1785.0,0.0,2.3993130000000003,-0.564768,JPN,DOM,900319
6445988,169,65,9663,2013,205513.0,0.0,0.735637,1.161718,PAN,DOM,900319
6445989,208,65,9663,2013,1040.0,0.0,1.869421,0.228109,SWE,DOM,900319
6445990,231,65,9663,2013,116083.0,4140.0,1.6639689999999998,-0.48651300000000003,USA,DOM,900319
6445991,8,67,9663,2013,11695.0,0.0,0.20314300000000002,0.494062,ARG,ECU,900319
6445992,15,67,9663,2013,63221.0,0.0,1.7209240000000001,-0.286892,AUT,ECU,900319
6445993,18,67,9663,2013,2900.0,0.0,1.316207,0.972601,BEL,ECU,900319
6445994,32,67,9663,2013,59323.0,0.0,0.14765899999999998,0.399262,BRA,ECU,900319
6445995,39,67,9663,2013,3856.0,0.0,0.719649,1.017046,CAN,ECU,900319
6445996,42,67,9663,2013,11888.0,0.0,-0.260718,-0.38256100000000004,CHL,ECU,900319
6445997,43,67,9663,2013,370944.0,0.0,1.113767,1.477496,CHN,ECU,900319
6445998,49,67,9663,2013,41974.0,0.0,0.121799,-0.388239,COL,ECU,900319
6445999,52,67,9663,2013,2707.0,0.0,0.067379,-0.688217,CRI,ECU,900319
6446000,61,67,9663,2013,4857.0,0.0,2.093658,-3.4281980000000005,DEU,ECU,900319
6446001,71,67,9663,2013,10316.0,0.0,0.861698,2.353993,ESP,ECU,900319
6446002,77,67,9663,2013,164845.0,0.0,1.520354,0.022874000000000002,FRA,ECU,900319
6446003,81,67,9663,2013,1882.0,0.0,1.7901259999999999,0.44164,GBR,ECU,900319
6446004,97,67,9663,2013,4181.0,0.0,0.744383,1.923139,HKG,ECU,900319
6446005,111,67,9663,2013,918163.0,0.0,1.289924,0.533436,ITA,ECU,900319
6446006,114,67,9663,2013,15146.0,0.0,2.3993130000000003,-0.564768,JPN,ECU,900319
6446007,121,67,9663,2013,4930.0,0.0,1.818383,0.75645,KOR,ECU,900319
6446008,169,67,9663,2013,38520.0,0.0,0.735637,1.161718,PAN,ECU,900319
6446009,230,67,9663,2013,9635.0,0.0,0.20190999999999998,-0.19777999999999998,URY,ECU,900319
6446010,231,67,9663,2013,791544.0,0.0,1.6639689999999998,-0.48651300000000003,USA,ECU,900319
6446011,2,71,9663,2013,0.0,24111.0,-1.172043,-1.133735,AGO,ESP,900319
6446012,4,71,9663,2013,0.0,22077.0,-0.53682,-0.162391,ALB,ESP,900319
6446013,5,71,9663,2013,13189.0,1143842.0,0.9666530000000001,-0.159606,AND,ESP,900319
6446014,7,71,9663,2013,0.0,17949.0,-0.074047,-0.585168,ARE,ESP,900319
6446015,14,71,9663,2013,0.0,32440.0,-0.31145700000000004,-0.167628,AUS,ESP,900319
6446016,15,71,9663,2013,2932073.0,55633.0,1.7209240000000001,-0.286892,AUT,ESP,900319
6446017,18,71,9663,2013,967876.0,110050.0,1.316207,0.972601,BEL,ESP,900319
6446018,26,71,9663,2013,0.0,4937.0,0.46743199999999996,0.7340800000000001,BIH,ESP,900319
6446019,31,71,9663,2013,0.0,5857.0,-1.039614,-0.95663,BOL,ESP,900319
6446020,32,71,9663,2013,0.0,56552.0,0.14765899999999998,0.399262,BRA,ESP,900319
6446021,39,71,9663,2013,0.0,23897.0,0.719649,1.017046,CAN,ESP,900319
6446022,41,71,9663,2013,29478.0,190187.0,2.2104470000000003,0.5403479999999999,CHE,ESP,900319
6446023,42,71,9663,2013,0.0,18099.0,-0.260718,-0.38256100000000004,CHL,ESP,900319
6446024,43,71,9663,2013,9676462.0,6067.0,1.113767,1.477496,CHN,ESP,900319
6446025,49,71,9663,2013,0.0,43893.0,0.121799,-0.388239,COL,ESP,900319
6446026,51,71,9663,2013,0.0,6585.0,-0.75058,-0.8948219999999999,CPV,ESP,900319
6446027,52,71,9663,2013,0.0,2930.0,0.067379,-0.688217,CRI,ESP,900319
6446028,58,71,9663,2013,0.0,4704.0,0.502238,0.349608,CYP,ESP,900319
6446029,59,71,9663,2013,3516.0,47095.0,1.819653,-0.12423800000000002,CZE,ESP,900319
6446030,61,71,9663,2013,2654512.0,1158518.0,2.093658,-3.4281980000000005,DEU,ESP,900319
6446031,64,71,9663,2013,872797.0,248419.0,1.161835,1.1788450000000001,DNK,ESP,900319
6446032,65,71,9663,2013,0.0,1004.0,-0.277269,0.432388,DOM,ESP,900319
6446033,66,71,9663,2013,0.0,269702.0,-1.373947,-1.1523459999999999,DZA,ESP,900319
6446034,67,71,9663,2013,0.0,10316.0,-0.86546,-0.8888389999999999,ECU,ESP,900319
6446035,72,71,9663,2013,0.0,4137.0,0.8828940000000001,1.386574,EST,ESP,900319
6446036,74,71,9663,2013,0.0,10694.0,1.734552,0.8896940000000001,FIN,ESP,900319
6446037,77,71,9663,2013,10127860.0,723489.0,1.520354,0.022874000000000002,FRA,ESP,900319
6446038,81,71,9663,2013,1126770.0,167061.0,1.7901259999999999,0.44164,GBR,ESP,900319
6446039,84,71,9663,2013,0.0,26152.0,0.991136,-0.603793,GIB,ESP,900319
6446040,89,71,9663,2013,0.0,122765.0,-1.521575,-0.814708,GNQ,ESP,900319
6446041,90,71,9663,2013,5133.0,82708.0,0.18823800000000002,0.910906,GRC,ESP,900319
6446042,93,71,9663,2013,0.0,2055.0,-0.41466499999999995,0.774788,GTM,ESP,900319
6446043,97,71,9663,2013,385971.0,10996.0,0.744383,1.923139,HKG,ESP,900319
6446044,100,71,9663,2013,0.0,5480.0,0.898284,1.038807,HRV,ESP,900319
6446045,102,71,9663,2013,0.0,22185.0,1.506101,0.7279220000000001,HUN,ESP,900319
6446046,103,71,9663,2013,0.0,19221.0,-0.216854,1.415728,IDN,ESP,900319
6446047,104,71,9663,2013,2187.0,1717.0,0.215356,2.3916209999999998,IND,ESP,900319
6446048,106,71,9663,2013,28887.0,2774.0,1.29988,0.240688,IRL,ESP,900319
6446049,107,71,9663,2013,0.0,2633.0,-0.339172,-0.237114,IRN,ESP,900319
6446050,109,71,9663,2013,0.0,1633.0,0.259374,-0.20413299999999998,ISL,ESP,900319
6446051,110,71,9663,2013,0.0,338725.0,1.197241,0.633828,ISR,ESP,900319
6446052,111,71,9663,2013,20223034.0,631647.0,1.289924,0.533436,ITA,ESP,900319
6446053,112,71,9663,2013,0.0,3816.0,-0.541441,-0.8448559999999999,JAM,ESP,900319
6446054,114,71,9663,2013,50716.0,2105.0,2.3993130000000003,-0.564768,JPN,ESP,900319
6446055,121,71,9663,2013,88689.0,33567.0,1.818383,0.75645,KOR,ESP,900319
6446056,122,71,9663,2013,0.0,42488.0,-0.536384,-1.08382,KWT,ESP,900319
6446057,124,71,9663,2013,0.0,8863.0,0.283084,1.4289100000000001,LBN,ESP,900319
6446058,130,71,9663,2013,0.0,2315.0,0.737796,1.215543,LTU,ESP,900319
6446059,131,71,9663,2013,1563.0,2861.0,1.170459,1.150327,LUX,ESP,900319
6446060,134,71,9663,2013,0.0,14376.0,-0.6494260000000001,-0.035075999999999996,MAR,ESP,900319
6446061,135,71,9663,2013,0.0,1840.0,-0.016235,0.132104,MDA,ESP,900319
6446062,138,71,9663,2013,0.0,85280.0,1.048507,0.718932,MEX,ESP,900319
6446063,151,71,9663,2013,0.0,1412.0,-0.158852,0.0061600000000000005,MUS,ESP,900319
6446064,153,71,9663,2013,0.0,1019.0,0.937641,0.747496,MYS,ESP,900319
6446065,155,71,9663,2013,0.0,14267.0,-0.308643,-0.480617,NAM,ESP,900319
6446066,156,71,9663,2013,0.0,1893.0,-0.136052,-0.703913,NCL,ESP,900319
6446067,162,71,9663,2013,2572789.0,456330.0,1.184107,1.249557,NLD,ESP,900319
6446068,163,71,9663,2013,1457.0,2397.0,0.892099,0.18168399999999998,NOR,ESP,900319
6446069,166,71,9663,2013,9726.0,53180.0,0.3345,0.39063000000000003,NZL,ESP,900319
6446070,167,71,9663,2013,0.0,1140.0,-0.604175,-1.0463209999999998,OMN,ESP,900319
6446071,173,71,9663,2013,0.0,15272.0,-0.573852,0.357977,PER,ESP,900319
6446072,177,71,9663,2013,2734.0,34150.0,1.084332,1.216749,POL,ESP,900319
6446073,179,71,9663,2013,188799.0,1367024.0,0.541454,2.5228610000000002,PRT,ESP,900319
6446074,183,71,9663,2013,0.0,10584.0,-0.083649,-1.013491,QAT,ESP,900319
6446075,185,71,9663,2013,0.0,89189.0,0.792035,1.225034,ROU,ESP,900319
6446076,186,71,9663,2013,1482.0,62761.0,0.481166,-0.180052,RUS,ESP,900319
6446077,188,71,9663,2013,0.0,10879.0,0.626347,-0.844406,SAU,ESP,900319
6446078,191,71,9663,2013,0.0,1540.0,-0.523662,-0.309101,SEN,ESP,900319
6446079,192,71,9663,2013,0.0,14725.0,1.915504,0.619576,SGP,ESP,900319
6446080,206,71,9663,2013,0.0,13383.0,1.32064,0.7519819999999999,SVK,ESP,900319
6446081,207,71,9663,2013,0.0,1763.0,1.698374,0.563082,SVN,ESP,900319
6446082,208,71,9663,2013,0.0,11867.0,1.869421,0.228109,SWE,ESP,900319
6446083,216,71,9663,2013,0.0,20979.0,0.8752139999999999,1.3798620000000001,THA,ESP,900319
6446084,223,71,9663,2013,0.0,2308.0,0.185528,1.0070700000000001,TUN,ESP,900319
6446085,224,71,9663,2013,1000.0,64187.0,0.42932299999999995,2.690235,TUR,ESP,900319
6446086,230,71,9663,2013,0.0,17164.0,0.20190999999999998,-0.19777999999999998,URY,ESP,900319
6446087,231,71,9663,2013,54196.0,479083.0,1.6639689999999998,-0.48651300000000003,USA,ESP,900319
6446088,236,71,9663,2013,0.0,13242.0,-0.778172,-1.107059,VEN,ESP,900319
6446089,246,71,9663,2013,0.0,11712.0,0.380284,1.5682120000000002,ZAF,ESP,900319
6446090,249,71,9663,2013,30087.0,4197.0,1.843186,0.9432379999999999,TWN,ESP,900319
6446091,250,71,9663,2013,15994.0,0.0,0.628555,0.277602,ANS,ESP,900319
6446092,15,72,9663,2013,51681.0,0.0,1.7209240000000001,-0.286892,AUT,EST,900319
6446093,41,72,9663,2013,2980.0,0.0,2.2104470000000003,0.5403479999999999,CHE,EST,900319
6446094,43,72,9663,2013,56423.0,0.0,1.113767,1.477496,CHN,EST,900319
6446095,59,72,9663,2013,63731.0,0.0,1.819653,-0.12423800000000002,CZE,EST,900319
6446096,61,72,9663,2013,30500.0,0.0,2.093658,-3.4281980000000005,DEU,EST,900319
6446097,64,72,9663,2013,10191.0,0.0,1.161835,1.1788450000000001,DNK,EST,900319
6446098,71,72,9663,2013,4137.0,0.0,0.861698,2.353993,ESP,EST,900319
6446099,74,72,9663,2013,1559999.0,0.0,1.734552,0.8896940000000001,FIN,EST,900319
6446100,77,72,9663,2013,267990.0,0.0,1.520354,0.022874000000000002,FRA,EST,900319
6446101,81,72,9663,2013,57713.0,0.0,1.7901259999999999,0.44164,GBR,EST,900319
6446102,90,72,9663,2013,3527.0,0.0,0.18823800000000002,0.910906,GRC,EST,900319
6446103,97,72,9663,2013,166903.0,0.0,0.744383,1.923139,HKG,EST,900319
6446104,106,72,9663,2013,1465.0,0.0,1.29988,0.240688,IRL,EST,900319
6446105,107,72,9663,2013,781.0,0.0,-0.339172,-0.237114,IRN,EST,900319
6446106,110,72,9663,2013,672.0,2929.0,1.197241,0.633828,ISR,EST,900319
6446107,111,72,9663,2013,267028.0,7612.0,1.289924,0.533436,ITA,EST,900319
6446108,114,72,9663,2013,3701.0,0.0,2.3993130000000003,-0.564768,JPN,EST,900319
6446109,130,72,9663,2013,98096.0,9482.0,0.737796,1.215543,LTU,EST,900319
6446110,131,72,9663,2013,1020.0,0.0,1.170459,1.150327,LUX,EST,900319
6446111,132,72,9663,2013,118709.0,1148.0,0.6219439999999999,1.166749,LVA,EST,900319
6446112,162,72,9663,2013,82877.0,0.0,1.184107,1.249557,NLD,EST,900319
6446113,163,72,9663,2013,0.0,4047.0,0.892099,0.18168399999999998,NOR,EST,900319
6446114,177,72,9663,2013,26161.0,0.0,1.084332,1.216749,POL,EST,900319
6446115,185,72,9663,2013,1603.0,0.0,0.792035,1.225034,ROU,EST,900319
6446116,186,72,9663,2013,0.0,21395.0,0.481166,-0.180052,RUS,EST,900319
6446117,188,72,9663,2013,0.0,101045.0,0.626347,-0.844406,SAU,EST,900319
6446118,208,72,9663,2013,28743.0,17518.0,1.869421,0.228109,SWE,EST,900319
6446119,231,72,9663,2013,20076.0,0.0,1.6639689999999998,-0.48651300000000003,USA,EST,900319
6446120,249,72,9663,2013,3101.0,0.0,1.843186,0.9432379999999999,TWN,EST,900319
6446121,250,72,9663,2013,58289.0,0.0,0.628555,0.277602,ANS,EST,900319
6446122,14,74,9663,2013,729.0,0.0,-0.31145700000000004,-0.167628,AUS,FIN,900319
6446123,15,74,9663,2013,105206.0,0.0,1.7209240000000001,-0.286892,AUT,FIN,900319
6446124,18,74,9663,2013,121686.0,43700.0,1.316207,0.972601,BEL,FIN,900319
6446125,39,74,9663,2013,1619.0,0.0,0.719649,1.017046,CAN,FIN,900319
6446126,41,74,9663,2013,48112.0,0.0,2.2104470000000003,0.5403479999999999,CHE,FIN,900319
6446127,43,74,9663,2013,724756.0,0.0,1.113767,1.477496,CHN,FIN,900319
6446128,59,74,9663,2013,6384.0,0.0,1.819653,-0.12423800000000002,CZE,FIN,900319
6446129,61,74,9663,2013,1072869.0,0.0,2.093658,-3.4281980000000005,DEU,FIN,900319
6446130,64,74,9663,2013,1039918.0,4391.0,1.161835,1.1788450000000001,DNK,FIN,900319
6446131,71,74,9663,2013,10694.0,0.0,0.861698,2.353993,ESP,FIN,900319
6446132,72,74,9663,2013,0.0,1559999.0,0.8828940000000001,1.386574,EST,FIN,900319
6446133,77,74,9663,2013,1006742.0,0.0,1.520354,0.022874000000000002,FRA,FIN,900319
6446134,81,74,9663,2013,49531.0,0.0,1.7901259999999999,0.44164,GBR,FIN,900319
6446135,97,74,9663,2013,190862.0,2195.0,0.744383,1.923139,HKG,FIN,900319
6446136,106,74,9663,2013,6888.0,0.0,1.29988,0.240688,IRL,FIN,900319
6446137,109,74,9663,2013,0.0,2744.0,0.259374,-0.20413299999999998,ISL,FIN,900319
6446138,111,74,9663,2013,3663918.0,0.0,1.289924,0.533436,ITA,FIN,900319
6446139,114,74,9663,2013,195596.0,33485.0,2.3993130000000003,-0.564768,JPN,FIN,900319
6446140,121,74,9663,2013,711220.0,0.0,1.818383,0.75645,KOR,FIN,900319
6446141,153,74,9663,2013,12583.0,0.0,0.937641,0.747496,MYS,FIN,900319
6446142,162,74,9663,2013,74705.0,0.0,1.184107,1.249557,NLD,FIN,900319
6446143,163,74,9663,2013,40304.0,2348.0,0.892099,0.18168399999999998,NOR,FIN,900319
6446144,177,74,9663,2013,3781.0,7285.0,1.084332,1.216749,POL,FIN,900319
6446145,186,74,9663,2013,0.0,145767.0,0.481166,-0.180052,RUS,FIN,900319
6446146,208,74,9663,2013,2757836.0,203520.0,1.869421,0.228109,SWE,FIN,900319
6446147,216,74,9663,2013,60060.0,687463.0,0.8752139999999999,1.3798620000000001,THA,FIN,900319
6446148,231,74,9663,2013,8292.0,0.0,1.6639689999999998,-0.48651300000000003,USA,FIN,900319
6446149,1,77,9663,2013,0.0,2043.0,-0.985727,-0.7164550000000001,AFG,FRA,900319
6446150,2,77,9663,2013,0.0,68804.0,-1.172043,-1.133735,AGO,FRA,900319
6446151,4,77,9663,2013,0.0,13913.0,-0.53682,-0.162391,ALB,FRA,900319
6446152,5,77,9663,2013,0.0,167825.0,0.9666530000000001,-0.159606,AND,FRA,900319
6446153,7,77,9663,2013,7908.0,1232484.0,-0.074047,-0.585168,ARE,FRA,900319
6446154,8,77,9663,2013,0.0,89379.0,0.20314300000000002,0.494062,ARG,FRA,900319
6446155,9,77,9663,2013,0.0,8950.0,-0.076922,-0.5781390000000001,ARM,FRA,900319
6446156,14,77,9663,2013,21873.0,1563263.0,-0.31145700000000004,-0.167628,AUS,FRA,900319
6446157,15,77,9663,2013,2041060.0,1262424.0,1.7209240000000001,-0.286892,AUT,FRA,900319
6446158,16,77,9663,2013,0.0,13516.0,-0.9232870000000001,-1.165928,AZE,FRA,900319
6446159,18,77,9663,2013,4796536.0,8006046.0,1.316207,0.972601,BEL,FRA,900319
6446160,19,77,9663,2013,0.0,6536.0,-0.919968,-0.90691,BEN,FRA,900319
6446161,21,77,9663,2013,0.0,1901.0,-0.9110360000000001,-0.852492,BFA,FRA,900319
6446162,22,77,9663,2013,0.0,9382.0,-1.101916,-0.734646,BGD,FRA,900319
6446163,23,77,9663,2013,0.0,236226.0,0.5026109999999999,1.674296,BGR,FRA,900319
6446164,24,77,9663,2013,0.0,34669.0,0.249681,-0.6204270000000001,BHR,FRA,900319
6446165,26,77,9663,2013,82069.0,13657.0,0.46743199999999996,0.7340800000000001,BIH,FRA,900319
6446166,28,77,9663,2013,0.0,146648.0,1.036923,0.864568,BLR,FRA,900319
6446167,31,77,9663,2013,0.0,8519.0,-1.039614,-0.95663,BOL,FRA,900319
6446168,32,77,9663,2013,0.0,545017.0,0.14765899999999998,0.399262,BRA,FRA,900319
6446169,33,77,9663,2013,0.0,2637.0,0.6969489999999999,0.135283,BRB,FRA,900319
6446170,37,77,9663,2013,0.0,979.0,-0.46761499999999995,-1.0842040000000002,BWA,FRA,900319
6446171,39,77,9663,2013,524113.0,7156526.0,0.719649,1.017046,CAN,FRA,900319
6446172,41,77,9663,2013,4646748.0,34359804.0,2.2104470000000003,0.5403479999999999,CHE,FRA,900319
6446173,42,77,9663,2013,0.0,127974.0,-0.260718,-0.38256100000000004,CHL,FRA,900319
6446174,43,77,9663,2013,38515692.0,437696.0,1.113767,1.477496,CHN,FRA,900319
6446175,44,77,9663,2013,0.0,157940.0,-0.923558,-0.866642,CIV,FRA,900319
6446176,46,77,9663,2013,0.0,1883.0,-1.300125,-1.0708010000000001,COD,FRA,900319
6446177,47,77,9663,2013,0.0,87796.0,-1.215681,-1.08679,COG,FRA,900319
6446178,49,77,9663,2013,0.0,147014.0,0.121799,-0.388239,COL,FRA,900319
6446179,51,77,9663,2013,0.0,3978.0,-0.75058,-0.8948219999999999,CPV,FRA,900319
6446180,52,77,9663,2013,0.0,52586.0,0.067379,-0.688217,CRI,FRA,900319
6446181,58,77,9663,2013,0.0,83770.0,0.502238,0.349608,CYP,FRA,900319
6446182,59,77,9663,2013,11574.0,851960.0,1.819653,-0.12423800000000002,CZE,FRA,900319
6446183,61,77,9663,2013,16585517.0,13040805.0,2.093658,-3.4281980000000005,DEU,FRA,900319
6446184,62,77,9663,2013,0.0,4623.0,-0.412843,-0.695916,DJI,FRA,900319
6446185,63,77,9663,2013,30119.0,0.0,0.054362,-0.156703,DMA,FRA,900319
6446186,64,77,9663,2013,5288634.0,643366.0,1.161835,1.1788450000000001,DNK,FRA,900319
6446187,65,77,9663,2013,0.0,64129.0,-0.277269,0.432388,DOM,FRA,900319
6446188,66,77,9663,2013,0.0,87534.0,-1.373947,-1.1523459999999999,DZA,FRA,900319
6446189,67,77,9663,2013,0.0,164845.0,-0.86546,-0.8888389999999999,ECU,FRA,900319
6446190,68,77,9663,2013,0.0,338646.0,-0.17418,1.692641,EGY,FRA,900319
6446191,71,77,9663,2013,723489.0,10127860.0,0.861698,2.353993,ESP,FRA,900319
6446192,72,77,9663,2013,0.0,267990.0,0.8828940000000001,1.386574,EST,FRA,900319
6446193,73,77,9663,2013,1237.0,0.0,-1.264002,-0.9594219999999999,ETH,FRA,900319
6446194,74,77,9663,2013,0.0,1006742.0,1.734552,0.8896940000000001,FIN,FRA,900319
6446195,75,77,9663,2013,0.0,2598.0,-0.5203369999999999,-0.122405,FJI,FRA,900319
6446196,78,77,9663,2013,0.0,8494.0,-0.370701,-0.815466,FRO,FRA,900319
6446197,80,77,9663,2013,0.0,196298.0,-1.6582830000000002,-1.155302,GAB,FRA,900319
6446198,81,77,9663,2013,2756469.0,5732708.0,1.7901259999999999,0.44164,GBR,FRA,900319
6446199,82,77,9663,2013,0.0,30181.0,-0.160691,-0.393419,GEO,FRA,900319
6446200,83,77,9663,2013,0.0,111701.0,-0.7316010000000001,-0.5327689999999999,GHA,FRA,900319
6446201,90,77,9663,2013,22042.0,229255.0,0.18823800000000002,0.910906,GRC,FRA,900319
6446202,92,77,9663,2013,0.0,2116.0,-0.801617,-0.8734120000000001,GRL,FRA,900319
6446203,93,77,9663,2013,0.0,13781.0,-0.41466499999999995,0.774788,GTM,FRA,900319
6446204,96,77,9663,2013,0.0,2620.0,-0.8555590000000001,-0.9744450000000001,GUY,FRA,900319
6446205,97,77,9663,2013,5085506.0,4434458.0,0.744383,1.923139,HKG,FRA,900319
6446206,99,77,9663,2013,0.0,28909.0,-0.731431,-0.310927,HND,FRA,900319
6446207,100,77,9663,2013,0.0,123214.0,0.898284,1.038807,HRV,FRA,900319
6446208,101,77,9663,2013,0.0,51939.0,-1.095392,-0.957326,HTI,FRA,900319
6446209,102,77,9663,2013,13103.0,330266.0,1.506101,0.7279220000000001,HUN,FRA,900319
6446210,103,77,9663,2013,1531376.0,93638.0,-0.216854,1.415728,IDN,FRA,900319
6446211,104,77,9663,2013,426578.0,626509.0,0.215356,2.3916209999999998,IND,FRA,900319
6446212,106,77,9663,2013,131028.0,183916.0,1.29988,0.240688,IRL,FRA,900319
6446213,107,77,9663,2013,0.0,321880.0,-0.339172,-0.237114,IRN,FRA,900319
6446214,109,77,9663,2013,0.0,34630.0,0.259374,-0.20413299999999998,ISL,FRA,900319
6446215,110,77,9663,2013,77238.0,1326109.0,1.197241,0.633828,ISR,FRA,900319
6446216,111,77,9663,2013,62538480.0,9742097.0,1.289924,0.533436,ITA,FRA,900319
6446217,112,77,9663,2013,0.0,6979.0,-0.541441,-0.8448559999999999,JAM,FRA,900319
6446218,113,77,9663,2013,0.0,325373.0,0.152659,0.5889979999999999,JOR,FRA,900319
6446219,114,77,9663,2013,4190272.0,2725526.0,2.3993130000000003,-0.564768,JPN,FRA,900319
6446220,115,77,9663,2013,0.0,74752.0,-0.680678,-0.83347,KAZ,FRA,900319
6446221,116,77,9663,2013,0.0,18635.0,-0.448112,0.8672719999999999,KEN,FRA,900319
6446222,118,77,9663,2013,0.0,2039.0,-1.054758,-0.872352,KHM,FRA,900319
6446223,121,77,9663,2013,5709804.0,1646260.0,1.818383,0.75645,KOR,FRA,900319
6446224,122,77,9663,2013,2620.0,314416.0,-0.536384,-1.08382,KWT,FRA,900319
6446225,123,77,9663,2013,0.0,28162.0,-1.204446,-0.8571489999999999,LAO,FRA,900319
6446226,124,77,9663,2013,0.0,191969.0,0.283084,1.4289100000000001,LBN,FRA,900319
6446227,126,77,9663,2013,0.0,235233.0,-1.6241459999999999,-1.1817950000000002,LBY,FRA,900319
6446228,127,77,9663,2013,0.0,5149.0,0.265129,-0.5083949999999999,LCA,FRA,900319
6446229,128,77,9663,2013,0.0,4450.0,-0.6521779999999999,0.41258599999999995,LKA,FRA,900319
6446230,130,77,9663,2013,0.0,125349.0,0.737796,1.215543,LTU,FRA,900319
6446231,131,77,9663,2013,524841.0,402580.0,1.170459,1.150327,LUX,FRA,900319
6446232,132,77,9663,2013,0.0,78557.0,0.6219439999999999,1.166749,LVA,FRA,900319
6446233,133,77,9663,2013,12435.0,2099.0,0.252209,0.184401,MAC,FRA,900319
6446234,134,77,9663,2013,0.0,950840.0,-0.6494260000000001,-0.035075999999999996,MAR,FRA,900319
6446235,135,77,9663,2013,0.0,9834.0,-0.016235,0.132104,MDA,FRA,900319
6446236,136,77,9663,2013,0.0,153242.0,-1.068565,-0.364254,MDG,FRA,900319
6446237,137,77,9663,2013,0.0,24580.0,-0.21889699999999998,-0.776392,MDV,FRA,900319
6446238,138,77,9663,2013,1615.0,1838775.0,1.048507,0.718932,MEX,FRA,900319
6446239,140,77,9663,2013,0.0,7916.0,-0.10859400000000001,0.155229,MKD,FRA,900319
6446240,141,77,9663,2013,0.0,6048.0,-1.183671,-1.069504,MLI,FRA,900319
6446241,142,77,9663,2013,0.0,14432.0,0.8519760000000001,-0.075869,MLT,FRA,900319
6446242,143,77,9663,2013,0.0,48987.0,-1.230787,-0.737375,MMR,FRA,900319
6446243,147,77,9663,2013,0.0,2344.0,-1.326323,-1.050969,MOZ,FRA,900319
6446244,151,77,9663,2013,4993.0,123262.0,-0.158852,0.0061600000000000005,MUS,FRA,900319
6446245,152,77,9663,2013,0.0,30441.0,-0.8992120000000001,-0.862175,MWI,FRA,900319
6446246,153,77,9663,2013,0.0,100699.0,0.937641,0.747496,MYS,FRA,900319
6446247,154,77,9663,2013,0.0,13706.0,0.9851690000000001,-0.504069,MYT,FRA,900319
6446248,155,77,9663,2013,0.0,3760.0,-0.308643,-0.480617,NAM,FRA,900319
6446249,156,77,9663,2013,0.0,527353.0,-0.136052,-0.703913,NCL,FRA,900319
6446250,157,77,9663,2013,0.0,2866.0,-1.268738,-0.942256,NER,FRA,900319
6446251,159,77,9663,2013,0.0,5932.0,-1.745783,-1.1356680000000001,NGA,FRA,900319
6446252,160,77,9663,2013,0.0,1144.0,-0.9277,-0.6842630000000001,NIC,FRA,900319
6446253,162,77,9663,2013,4526340.0,6730066.0,1.184107,1.249557,NLD,FRA,900319
6446254,163,77,9663,2013,3596.0,438397.0,0.892099,0.18168399999999998,NOR,FRA,900319
6446255,166,77,9663,2013,0.0,80927.0,0.3345,0.39063000000000003,NZL,FRA,900319
6446256,167,77,9663,2013,0.0,68045.0,-0.604175,-1.0463209999999998,OMN,FRA,900319
6446257,168,77,9663,2013,66012.0,21459.0,-0.75727,0.769703,PAK,FRA,900319
6446258,169,77,9663,2013,0.0,100000.0,0.735637,1.161718,PAN,FRA,900319
6446259,173,77,9663,2013,0.0,8268.0,-0.573852,0.357977,PER,FRA,900319
6446260,174,77,9663,2013,0.0,42995.0,0.507868,0.355403,PHL,FRA,900319
6446261,177,77,9663,2013,53599.0,848221.0,1.084332,1.216749,POL,FRA,900319
6446262,179,77,9663,2013,39468.0,2017859.0,0.541454,2.5228610000000002,PRT,FRA,900319
6446263,182,77,9663,2013,0.0,199469.0,-0.146044,-0.7055359999999999,PYF,FRA,900319
6446264,183,77,9663,2013,0.0,248150.0,-0.083649,-1.013491,QAT,FRA,900319
6446265,185,77,9663,2013,0.0,342668.0,0.792035,1.225034,ROU,FRA,900319
6446266,186,77,9663,2013,0.0,1522950.0,0.481166,-0.180052,RUS,FRA,900319
6446267,188,77,9663,2013,11984.0,1396666.0,0.626347,-0.844406,SAU,FRA,900319
6446268,190,77,9663,2013,0.0,4686.0,-1.254944,-1.073564,SDN,FRA,900319
6446269,191,77,9663,2013,0.0,31899.0,-0.523662,-0.309101,SEN,FRA,900319
6446270,192,77,9663,2013,24040.0,3026028.0,1.915504,0.619576,SGP,FRA,900319
6446271,197,77,9663,2013,0.0,1165.0,-0.021029,0.381522,SLV,FRA,900319
6446272,201,77,9663,2013,0.0,20018.0,0.5717720000000001,1.174901,SRB,FRA,900319
6446273,206,77,9663,2013,68290.0,103262.0,1.32064,0.7519819999999999,SVK,FRA,900319
6446274,207,77,9663,2013,0.0,271250.0,1.698374,0.563082,SVN,FRA,900319
6446275,208,77,9663,2013,325011.0,1158567.0,1.869421,0.228109,SWE,FRA,900319
6446276,210,77,9663,2013,0.0,8381.0,0.5512090000000001,-0.22818400000000003,SXM,FRA,900319
6446277,211,77,9663,2013,0.0,10738.0,0.270999,-0.474095,SYC,FRA,900319
6446278,215,77,9663,2013,0.0,32902.0,-0.598413,-0.49295200000000006,TGO,FRA,900319
6446279,216,77,9663,2013,418066.0,836077.0,0.8752139999999999,1.3798620000000001,THA,FRA,900319
6446280,222,77,9663,2013,0.0,11011.0,-0.280641,-1.083332,TTO,FRA,900319
6446281,223,77,9663,2013,0.0,728847.0,0.185528,1.0070700000000001,TUN,FRA,900319
6446282,224,77,9663,2013,92441.0,2256690.0,0.42932299999999995,2.690235,TUR,FRA,900319
6446283,228,77,9663,2013,0.0,91378.0,0.657729,0.9063200000000001,UKR,FRA,900319
6446284,230,77,9663,2013,0.0,74914.0,0.20190999999999998,-0.19777999999999998,URY,FRA,900319
6446285,231,77,9663,2013,552498.0,16770231.0,1.6639689999999998,-0.48651300000000003,USA,FRA,900319
6446286,236,77,9663,2013,0.0,633081.0,-0.778172,-1.107059,VEN,FRA,900319
6446287,239,77,9663,2013,0.0,46745.0,-0.11426900000000001,1.399738,VNM,FRA,900319
6446288,240,77,9663,2013,0.0,1639.0,-0.6548689999999999,-0.811184,VUT,FRA,900319
6446289,246,77,9663,2013,18912.0,464800.0,0.380284,1.5682120000000002,ZAF,FRA,900319
6446290,247,77,9663,2013,0.0,6761.0,-0.382129,-0.5442229999999999,ZMB,FRA,900319
6446291,249,77,9663,2013,34622.0,394174.0,1.843186,0.9432379999999999,TWN,FRA,900319
6446292,250,77,9663,2013,8020640.0,0.0,0.628555,0.277602,ANS,FRA,900319
6446293,7,81,9663,2013,23365.0,233120.0,-0.074047,-0.585168,ARE,GBR,900319
6446294,8,81,9663,2013,0.0,36658.0,0.20314300000000002,0.494062,ARG,GBR,900319
6446295,14,81,9663,2013,140608.0,534612.0,-0.31145700000000004,-0.167628,AUS,GBR,900319
6446296,15,81,9663,2013,3622215.0,910648.0,1.7209240000000001,-0.286892,AUT,GBR,900319
6446297,18,81,9663,2013,381498.0,4252978.0,1.316207,0.972601,BEL,GBR,900319
6446298,23,81,9663,2013,0.0,28077.0,0.5026109999999999,1.674296,BGR,GBR,900319
6446299,24,81,9663,2013,0.0,45723.0,0.249681,-0.6204270000000001,BHR,GBR,900319
6446300,26,81,9663,2013,0.0,9078.0,0.46743199999999996,0.7340800000000001,BIH,GBR,900319
6446301,28,81,9663,2013,0.0,8557.0,1.036923,0.864568,BLR,GBR,900319
6446302,30,81,9663,2013,0.0,2736.0,1.087677,-0.452984,BMU,GBR,900319
6446303,31,81,9663,2013,0.0,4068.0,-1.039614,-0.95663,BOL,GBR,900319
6446304,32,81,9663,2013,0.0,83656.0,0.14765899999999998,0.399262,BRA,GBR,900319
6446305,33,81,9663,2013,0.0,22346.0,0.6969489999999999,0.135283,BRB,GBR,900319
6446306,37,81,9663,2013,0.0,3626.0,-0.46761499999999995,-1.0842040000000002,BWA,GBR,900319
6446307,39,81,9663,2013,137592.0,225952.0,0.719649,1.017046,CAN,GBR,900319
6446308,41,81,9663,2013,44499.0,527288.0,2.2104470000000003,0.5403479999999999,CHE,GBR,900319
6446309,42,81,9663,2013,0.0,103807.0,-0.260718,-0.38256100000000004,CHL,GBR,900319
6446310,43,81,9663,2013,25913776.0,36847.0,1.113767,1.477496,CHN,GBR,900319
6446311,44,81,9663,2013,0.0,7082.0,-0.923558,-0.866642,CIV,GBR,900319
6446312,49,81,9663,2013,0.0,119337.0,0.121799,-0.388239,COL,GBR,900319
6446313,52,81,9663,2013,0.0,22320.0,0.067379,-0.688217,CRI,GBR,900319
6446314,58,81,9663,2013,0.0,68598.0,0.502238,0.349608,CYP,GBR,900319
6446315,59,81,9663,2013,47913.0,31870.0,1.819653,-0.12423800000000002,CZE,GBR,900319
6446316,61,81,9663,2013,5051350.0,1977891.0,2.093658,-3.4281980000000005,DEU,GBR,900319
6446317,64,81,9663,2013,1831126.0,800966.0,1.161835,1.1788450000000001,DNK,GBR,900319
6446318,65,81,9663,2013,0.0,5535.0,-0.277269,0.432388,DOM,GBR,900319
6446319,66,81,9663,2013,0.0,62392.0,-1.373947,-1.1523459999999999,DZA,GBR,900319
6446320,67,81,9663,2013,0.0,1882.0,-0.86546,-0.8888389999999999,ECU,GBR,900319
6446321,68,81,9663,2013,0.0,12490.0,-0.17418,1.692641,EGY,GBR,900319
6446322,71,81,9663,2013,167061.0,1126770.0,0.861698,2.353993,ESP,GBR,900319
6446323,72,81,9663,2013,0.0,57713.0,0.8828940000000001,1.386574,EST,GBR,900319
6446324,73,81,9663,2013,0.0,9792.0,-1.264002,-0.9594219999999999,ETH,GBR,900319
6446325,74,81,9663,2013,0.0,49531.0,1.734552,0.8896940000000001,FIN,GBR,900319
6446326,75,81,9663,2013,0.0,5282.0,-0.5203369999999999,-0.122405,FJI,GBR,900319
6446327,77,81,9663,2013,5732708.0,2756469.0,1.520354,0.022874000000000002,FRA,GBR,900319
6446328,82,81,9663,2013,0.0,2294.0,-0.160691,-0.393419,GEO,GBR,900319
6446329,83,81,9663,2013,0.0,7078.0,-0.7316010000000001,-0.5327689999999999,GHA,GBR,900319
6446330,84,81,9663,2013,0.0,15615.0,0.991136,-0.603793,GIB,GBR,900319
6446331,87,81,9663,2013,0.0,1821.0,-0.5571550000000001,-0.6860310000000001,GMB,GBR,900319
6446332,90,81,9663,2013,5135.0,197686.0,0.18823800000000002,0.910906,GRC,GBR,900319
6446333,93,81,9663,2013,0.0,24770.0,-0.41466499999999995,0.774788,GTM,GBR,900319
6446334,96,81,9663,2013,0.0,6162.0,-0.8555590000000001,-0.9744450000000001,GUY,GBR,900319
6446335,97,81,9663,2013,7814840.0,280367.0,0.744383,1.923139,HKG,GBR,900319
6446336,99,81,9663,2013,0.0,16401.0,-0.731431,-0.310927,HND,GBR,900319
6446337,100,81,9663,2013,10607.0,13886.0,0.898284,1.038807,HRV,GBR,900319
6446338,102,81,9663,2013,88426.0,259561.0,1.506101,0.7279220000000001,HUN,GBR,900319
6446339,103,81,9663,2013,0.0,8325.0,-0.216854,1.415728,IDN,GBR,900319
6446340,104,81,9663,2013,65702.0,136914.0,0.215356,2.3916209999999998,IND,GBR,900319
6446341,106,81,9663,2013,133767.0,2965784.0,1.29988,0.240688,IRL,GBR,900319
6446342,107,81,9663,2013,0.0,435.0,-0.339172,-0.237114,IRN,GBR,900319
6446343,109,81,9663,2013,0.0,37910.0,0.259374,-0.20413299999999998,ISL,GBR,900319
6446344,110,81,9663,2013,55617.0,125250.0,1.197241,0.633828,ISR,GBR,900319
6446345,111,81,9663,2013,32534546.0,2151170.0,1.289924,0.533436,ITA,GBR,900319
6446346,112,81,9663,2013,0.0,6002.0,-0.541441,-0.8448559999999999,JAM,GBR,900319
6446347,113,81,9663,2013,0.0,1221.0,0.152659,0.5889979999999999,JOR,GBR,900319
6446348,114,81,9663,2013,1201202.0,68798.0,2.3993130000000003,-0.564768,JPN,GBR,900319
6446349,116,81,9663,2013,0.0,10020.0,-0.448112,0.8672719999999999,KEN,GBR,900319
6446350,120,81,9663,2013,0.0,1569.0,0.8500270000000001,-0.390234,KNA,GBR,900319
6446351,121,81,9663,2013,6274662.0,116957.0,1.818383,0.75645,KOR,GBR,900319
6446352,122,81,9663,2013,0.0,135941.0,-0.536384,-1.08382,KWT,GBR,900319
6446353,124,81,9663,2013,0.0,78670.0,0.283084,1.4289100000000001,LBN,GBR,900319
6446354,127,81,9663,2013,0.0,1187.0,0.265129,-0.5083949999999999,LCA,GBR,900319
6446355,128,81,9663,2013,0.0,8354.0,-0.6521779999999999,0.41258599999999995,LKA,GBR,900319
6446356,130,81,9663,2013,8416.0,47619.0,0.737796,1.215543,LTU,GBR,900319
6446357,131,81,9663,2013,19527.0,6175.0,1.170459,1.150327,LUX,GBR,900319
6446358,132,81,9663,2013,0.0,105389.0,0.6219439999999999,1.166749,LVA,GBR,900319
6446359,133,81,9663,2013,10787.0,0.0,0.252209,0.184401,MAC,GBR,900319
6446360,134,81,9663,2013,0.0,52445.0,-0.6494260000000001,-0.035075999999999996,MAR,GBR,900319
6446361,135,81,9663,2013,0.0,10496.0,-0.016235,0.132104,MDA,GBR,900319
6446362,137,81,9663,2013,0.0,13504.0,-0.21889699999999998,-0.776392,MDV,GBR,900319
6446363,138,81,9663,2013,916.0,32752.0,1.048507,0.718932,MEX,GBR,900319
6446364,140,81,9663,2013,0.0,6931.0,-0.10859400000000001,0.155229,MKD,GBR,900319
6446365,142,81,9663,2013,0.0,3048.0,0.8519760000000001,-0.075869,MLT,GBR,900319
6446366,147,81,9663,2013,0.0,3690.0,-1.326323,-1.050969,MOZ,GBR,900319
6446367,151,81,9663,2013,0.0,20092.0,-0.158852,0.0061600000000000005,MUS,GBR,900319
6446368,152,81,9663,2013,0.0,7536.0,-0.8992120000000001,-0.862175,MWI,GBR,900319
6446369,153,81,9663,2013,4540.0,9638.0,0.937641,0.747496,MYS,GBR,900319
6446370,155,81,9663,2013,0.0,1839.0,-0.308643,-0.480617,NAM,GBR,900319
6446371,156,81,9663,2013,0.0,1346.0,-0.136052,-0.703913,NCL,GBR,900319
6446372,159,81,9663,2013,0.0,16922.0,-1.745783,-1.1356680000000001,NGA,GBR,900319
6446373,160,81,9663,2013,0.0,11755.0,-0.9277,-0.6842630000000001,NIC,GBR,900319
6446374,162,81,9663,2013,6089470.0,766268.0,1.184107,1.249557,NLD,GBR,900319
6446375,163,81,9663,2013,195892.0,85431.0,0.892099,0.18168399999999998,NOR,GBR,900319
6446376,166,81,9663,2013,3364.0,159178.0,0.3345,0.39063000000000003,NZL,GBR,900319
6446377,167,81,9663,2013,0.0,34018.0,-0.604175,-1.0463209999999998,OMN,GBR,900319
6446378,169,81,9663,2013,0.0,8246.0,0.735637,1.161718,PAN,GBR,900319
6446379,173,81,9663,2013,0.0,14325.0,-0.573852,0.357977,PER,GBR,900319
6446380,177,81,9663,2013,925747.0,238566.0,1.084332,1.216749,POL,GBR,900319
6446381,178,81,9663,2013,1553.0,0.0,-0.414538,-0.22449299999999997,PRK,GBR,900319
6446382,179,81,9663,2013,1606.0,133801.0,0.541454,2.5228610000000002,PRT,GBR,900319
6446383,180,81,9663,2013,0.0,15212.0,-0.566239,-0.9273459999999999,PRY,GBR,900319
6446384,182,81,9663,2013,0.0,744.0,-0.146044,-0.7055359999999999,PYF,GBR,900319
6446385,183,81,9663,2013,0.0,6663.0,-0.083649,-1.013491,QAT,GBR,900319
6446386,185,81,9663,2013,0.0,34197.0,0.792035,1.225034,ROU,GBR,900319
6446387,186,81,9663,2013,0.0,136626.0,0.481166,-0.180052,RUS,GBR,900319
6446388,188,81,9663,2013,0.0,163111.0,0.626347,-0.844406,SAU,GBR,900319
6446389,190,81,9663,2013,0.0,28012.0,-1.254944,-1.073564,SDN,GBR,900319
6446390,191,81,9663,2013,0.0,2063.0,-0.523662,-0.309101,SEN,GBR,900319
6446391,192,81,9663,2013,331385.0,203233.0,1.915504,0.619576,SGP,GBR,900319
6446392,197,81,9663,2013,0.0,5509.0,-0.021029,0.381522,SLV,GBR,900319
6446393,201,81,9663,2013,0.0,39610.0,0.5717720000000001,1.174901,SRB,GBR,900319
6446394,206,81,9663,2013,3317.0,172662.0,1.32064,0.7519819999999999,SVK,GBR,900319
6446395,207,81,9663,2013,0.0,30655.0,1.698374,0.563082,SVN,GBR,900319
6446396,208,81,9663,2013,414796.0,606150.0,1.869421,0.228109,SWE,GBR,900319
6446397,216,81,9663,2013,5568612.0,22670014.0,0.8752139999999999,1.3798620000000001,THA,GBR,900319
6446398,222,81,9663,2013,0.0,35022.0,-0.280641,-1.083332,TTO,GBR,900319
6446399,223,81,9663,2013,0.0,9596.0,0.185528,1.0070700000000001,TUN,GBR,900319
6446400,224,81,9663,2013,3792.0,71255.0,0.42932299999999995,2.690235,TUR,GBR,900319
6446401,226,81,9663,2013,0.0,18341.0,-0.9306770000000001,0.273489,TZA,GBR,900319
6446402,227,81,9663,2013,0.0,10861.0,-0.5462279999999999,0.200682,UGA,GBR,900319
6446403,228,81,9663,2013,0.0,108231.0,0.657729,0.9063200000000001,UKR,GBR,900319
6446404,230,81,9663,2013,0.0,33844.0,0.20190999999999998,-0.19777999999999998,URY,GBR,900319
6446405,231,81,9663,2013,1071873.0,519609.0,1.6639689999999998,-0.48651300000000003,USA,GBR,900319
6446406,236,81,9663,2013,0.0,977.0,-0.778172,-1.107059,VEN,GBR,900319
6446407,239,81,9663,2013,3724.0,0.0,-0.11426900000000001,1.399738,VNM,GBR,900319
6446408,246,81,9663,2013,14463.0,1405962.0,0.380284,1.5682120000000002,ZAF,GBR,900319
6446409,247,81,9663,2013,0.0,1660.0,-0.382129,-0.5442229999999999,ZMB,GBR,900319
6446410,248,81,9663,2013,0.0,4554.0,-0.828702,-0.899175,ZWE,GBR,900319
6446411,249,81,9663,2013,26318.0,56016.0,1.843186,0.9432379999999999,TWN,GBR,900319
6446412,7,90,9663,2013,0.0,9113.0,-0.074047,-0.585168,ARE,GRC,900319
6446413,15,90,9663,2013,20286.0,1171.0,1.7209240000000001,-0.286892,AUT,GRC,900319
6446414,18,90,9663,2013,27341.0,4879.0,1.316207,0.972601,BEL,GRC,900319
6446415,23,90,9663,2013,0.0,19555.0,0.5026109999999999,1.674296,BGR,GRC,900319
6446416,41,90,9663,2013,1710.0,3190.0,2.2104470000000003,0.5403479999999999,CHE,GRC,900319
6446417,43,90,9663,2013,371943.0,0.0,1.113767,1.477496,CHN,GRC,900319
6446418,58,90,9663,2013,17426.0,130178.0,0.502238,0.349608,CYP,GRC,900319
6446419,59,90,9663,2013,39938.0,31551.0,1.819653,-0.12423800000000002,CZE,GRC,900319
6446420,61,90,9663,2013,586976.0,9357.0,2.093658,-3.4281980000000005,DEU,GRC,900319
6446421,64,90,9663,2013,436974.0,31953.0,1.161835,1.1788450000000001,DNK,GRC,900319
6446422,71,90,9663,2013,82708.0,5133.0,0.861698,2.353993,ESP,GRC,900319
6446423,72,90,9663,2013,0.0,3527.0,0.8828940000000001,1.386574,EST,GRC,900319
6446424,77,90,9663,2013,229255.0,22042.0,1.520354,0.022874000000000002,FRA,GRC,900319
6446425,81,90,9663,2013,197686.0,5135.0,1.7901259999999999,0.44164,GBR,GRC,900319
6446426,97,90,9663,2013,42289.0,0.0,0.744383,1.923139,HKG,GRC,900319
6446427,100,90,9663,2013,0.0,14684.0,0.898284,1.038807,HRV,GRC,900319
6446428,102,90,9663,2013,56155.0,0.0,1.506101,0.7279220000000001,HUN,GRC,900319
6446429,106,90,9663,2013,4675.0,0.0,1.29988,0.240688,IRL,GRC,900319
6446430,110,90,9663,2013,42050.0,4788.0,1.197241,0.633828,ISR,GRC,900319
6446431,111,90,9663,2013,2216504.0,275146.0,1.289924,0.533436,ITA,GRC,900319
6446432,121,90,9663,2013,5043.0,0.0,1.818383,0.75645,KOR,GRC,900319
6446433,124,90,9663,2013,0.0,8884.0,0.283084,1.4289100000000001,LBN,GRC,900319
6446434,126,90,9663,2013,0.0,48245.0,-1.6241459999999999,-1.1817950000000002,LBY,GRC,900319
6446435,131,90,9663,2013,2728.0,0.0,1.170459,1.150327,LUX,GRC,900319
6446436,134,90,9663,2013,0.0,7885.0,-0.6494260000000001,-0.035075999999999996,MAR,GRC,900319
6446437,135,90,9663,2013,0.0,2505.0,-0.016235,0.132104,MDA,GRC,900319
6446438,155,90,9663,2013,0.0,992.0,-0.308643,-0.480617,NAM,GRC,900319
6446439,162,90,9663,2013,143290.0,84925.0,1.184107,1.249557,NLD,GRC,900319
6446440,177,90,9663,2013,43089.0,2027.0,1.084332,1.216749,POL,GRC,900319
6446441,179,90,9663,2013,0.0,4295.0,0.541454,2.5228610000000002,PRT,GRC,900319
6446442,185,90,9663,2013,0.0,6130.0,0.792035,1.225034,ROU,GRC,900319
6446443,192,90,9663,2013,747.0,0.0,1.915504,0.619576,SGP,GRC,900319
6446444,201,90,9663,2013,0.0,3232.0,0.5717720000000001,1.174901,SRB,GRC,900319
6446445,206,90,9663,2013,0.0,3530.0,1.32064,0.7519819999999999,SVK,GRC,900319
6446446,207,90,9663,2013,0.0,8413.0,1.698374,0.563082,SVN,GRC,900319
6446447,208,90,9663,2013,1611.0,0.0,1.869421,0.228109,SWE,GRC,900319
6446448,223,90,9663,2013,0.0,12959.0,0.185528,1.0070700000000001,TUN,GRC,900319
6446449,224,90,9663,2013,2343.0,6550.0,0.42932299999999995,2.690235,TUR,GRC,900319
6446450,231,90,9663,2013,3276.0,2308.0,1.6639689999999998,-0.48651300000000003,USA,GRC,900319
6446451,15,93,9663,2013,86692.0,0.0,1.7209240000000001,-0.286892,AUT,GTM,900319
6446452,43,93,9663,2013,26829.0,0.0,1.113767,1.477496,CHN,GTM,900319
6446453,49,93,9663,2013,39382.0,0.0,0.121799,-0.388239,COL,GTM,900319
6446454,61,93,9663,2013,24783.0,12862.0,2.093658,-3.4281980000000005,DEU,GTM,900319
6446455,71,93,9663,2013,2055.0,0.0,0.861698,2.353993,ESP,GTM,900319
6446456,77,93,9663,2013,13781.0,0.0,1.520354,0.022874000000000002,FRA,GTM,900319
6446457,81,93,9663,2013,24770.0,0.0,1.7901259999999999,0.44164,GBR,GTM,900319
6446458,97,93,9663,2013,7631.0,0.0,0.744383,1.923139,HKG,GTM,900319
6446459,99,93,9663,2013,0.0,17324.0,-0.731431,-0.310927,HND,GTM,900319
6446460,111,93,9663,2013,27533.0,0.0,1.289924,0.533436,ITA,GTM,900319
6446461,121,93,9663,2013,24564.0,0.0,1.818383,0.75645,KOR,GTM,900319
6446462,138,93,9663,2013,30900.0,16511.0,1.048507,0.718932,MEX,GTM,900319
6446463,160,93,9663,2013,0.0,1302.0,-0.9277,-0.6842630000000001,NIC,GTM,900319
6446464,169,93,9663,2013,240281.0,0.0,0.735637,1.161718,PAN,GTM,900319
6446465,197,93,9663,2013,8205.0,237269.0,-0.021029,0.381522,SLV,GTM,900319
6446466,222,93,9663,2013,0.0,2787.0,-0.280641,-1.083332,TTO,GTM,900319
6446467,231,93,9663,2013,347565.0,0.0,1.6639689999999998,-0.48651300000000003,USA,GTM,900319
6446468,39,96,9663,2013,2536.0,18603.0,0.719649,1.017046,CAN,GUY,900319
6446469,43,96,9663,2013,18944.0,0.0,1.113767,1.477496,CHN,GUY,900319
6446470,77,96,9663,2013,2620.0,0.0,1.520354,0.022874000000000002,FRA,GUY,900319
6446471,81,96,9663,2013,6162.0,0.0,1.7901259999999999,0.44164,GBR,GUY,900319
6446472,111,96,9663,2013,11535.0,0.0,1.289924,0.533436,ITA,GUY,900319
6446473,169,96,9663,2013,1296.0,0.0,0.735637,1.161718,PAN,GUY,900319
6446474,231,96,9663,2013,27815.0,0.0,1.6639689999999998,-0.48651300000000003,USA,GUY,900319
6446475,2,97,9663,2013,0.0,82134.0,-1.172043,-1.133735,AGO,HKG,900319
6446476,7,97,9663,2013,0.0,167411.0,-0.074047,-0.585168,ARE,HKG,900319
6446477,8,97,9663,2013,1369.0,27408.0,0.20314300000000002,0.494062,ARG,HKG,900319
6446478,14,97,9663,2013,424012.0,3726214.0,-0.31145700000000004,-0.167628,AUS,HKG,900319
6446479,15,97,9663,2013,3938086.0,2544181.0,1.7209240000000001,-0.286892,AUT,HKG,900319
6446480,18,97,9663,2013,43817.0,199238.0,1.316207,0.972601,BEL,HKG,900319
6446481,22,97,9663,2013,8291.0,228733.0,-1.101916,-0.734646,BGD,HKG,900319
6446482,23,97,9663,2013,0.0,29009.0,0.5026109999999999,1.674296,BGR,HKG,900319
6446483,24,97,9663,2013,0.0,2378.0,0.249681,-0.6204270000000001,BHR,HKG,900319
6446484,32,97,9663,2013,10574.0,581834.0,0.14765899999999998,0.399262,BRA,HKG,900319
6446485,33,97,9663,2013,0.0,2244.0,0.6969489999999999,0.135283,BRB,HKG,900319
6446486,39,97,9663,2013,57756.0,908426.0,0.719649,1.017046,CAN,HKG,900319
6446487,41,97,9663,2013,3293767.0,596611.0,2.2104470000000003,0.5403479999999999,CHE,HKG,900319
6446488,42,97,9663,2013,0.0,21396.0,-0.260718,-0.38256100000000004,CHL,HKG,900319
6446489,43,97,9663,2013,104988376.0,1878656.0,1.113767,1.477496,CHN,HKG,900319
6446490,46,97,9663,2013,0.0,4924.0,-1.300125,-1.0708010000000001,COD,HKG,900319
6446491,49,97,9663,2013,0.0,56720.0,0.121799,-0.388239,COL,HKG,900319
6446492,52,97,9663,2013,0.0,1614.0,0.067379,-0.688217,CRI,HKG,900319
6446493,58,97,9663,2013,0.0,9777.0,0.502238,0.349608,CYP,HKG,900319
6446494,59,97,9663,2013,29154.0,1038918.0,1.819653,-0.12423800000000002,CZE,HKG,900319
6446495,61,97,9663,2013,9254054.0,9336923.0,2.093658,-3.4281980000000005,DEU,HKG,900319
6446496,64,97,9663,2013,1881376.0,904685.0,1.161835,1.1788450000000001,DNK,HKG,900319
6446497,66,97,9663,2013,0.0,2173.0,-1.373947,-1.1523459999999999,DZA,HKG,900319
6446498,67,97,9663,2013,0.0,4181.0,-0.86546,-0.8888389999999999,ECU,HKG,900319
6446499,68,97,9663,2013,0.0,15900.0,-0.17418,1.692641,EGY,HKG,900319
6446500,71,97,9663,2013,10996.0,385971.0,0.861698,2.353993,ESP,HKG,900319
6446501,72,97,9663,2013,0.0,166903.0,0.8828940000000001,1.386574,EST,HKG,900319
6446502,73,97,9663,2013,0.0,20693.0,-1.264002,-0.9594219999999999,ETH,HKG,900319
6446503,74,97,9663,2013,2195.0,190862.0,1.734552,0.8896940000000001,FIN,HKG,900319
6446504,75,97,9663,2013,0.0,865.0,-0.5203369999999999,-0.122405,FJI,HKG,900319
6446505,77,97,9663,2013,4434458.0,5085506.0,1.520354,0.022874000000000002,FRA,HKG,900319
6446506,81,97,9663,2013,280367.0,7814840.0,1.7901259999999999,0.44164,GBR,HKG,900319
6446507,82,97,9663,2013,2046.0,36732.0,-0.160691,-0.393419,GEO,HKG,900319
6446508,90,97,9663,2013,0.0,42289.0,0.18823800000000002,0.910906,GRC,HKG,900319
6446509,93,97,9663,2013,0.0,7631.0,-0.41466499999999995,0.774788,GTM,HKG,900319
6446510,95,97,9663,2013,0.0,3913.0,0.483541,0.281968,GUM,HKG,900319
6446511,100,97,9663,2013,0.0,92655.0,0.898284,1.038807,HRV,HKG,900319
6446512,102,97,9663,2013,47018.0,228018.0,1.506101,0.7279220000000001,HUN,HKG,900319
6446513,103,97,9663,2013,8368.0,356062.0,-0.216854,1.415728,IDN,HKG,900319
6446514,104,97,9663,2013,4674.0,719019.0,0.215356,2.3916209999999998,IND,HKG,900319
6446515,106,97,9663,2013,2258.0,59824.0,1.29988,0.240688,IRL,HKG,900319
6446516,107,97,9663,2013,0.0,63413.0,-0.339172,-0.237114,IRN,HKG,900319
6446517,109,97,9663,2013,0.0,28238.0,0.259374,-0.20413299999999998,ISL,HKG,900319
6446518,110,97,9663,2013,31535.0,1397365.0,1.197241,0.633828,ISR,HKG,900319
6446519,111,97,9663,2013,9084422.0,779245.0,1.289924,0.533436,ITA,HKG,900319
6446520,112,97,9663,2013,0.0,24383.0,-0.541441,-0.8448559999999999,JAM,HKG,900319
6446521,113,97,9663,2013,0.0,1727.0,0.152659,0.5889979999999999,JOR,HKG,900319
6446522,114,97,9663,2013,10536948.0,1503056.0,2.3993130000000003,-0.564768,JPN,HKG,900319
6446523,116,97,9663,2013,0.0,8072.0,-0.448112,0.8672719999999999,KEN,HKG,900319
6446524,118,97,9663,2013,0.0,13873.0,-1.054758,-0.872352,KHM,HKG,900319
6446525,121,97,9663,2013,3412084.0,1583803.0,1.818383,0.75645,KOR,HKG,900319
6446526,122,97,9663,2013,5174.0,2032.0,-0.536384,-1.08382,KWT,HKG,900319
6446527,123,97,9663,2013,0.0,1556.0,-1.204446,-0.8571489999999999,LAO,HKG,900319
6446528,124,97,9663,2013,0.0,33593.0,0.283084,1.4289100000000001,LBN,HKG,900319
6446529,126,97,9663,2013,0.0,30547.0,-1.6241459999999999,-1.1817950000000002,LBY,HKG,900319
6446530,128,97,9663,2013,0.0,26267.0,-0.6521779999999999,0.41258599999999995,LKA,HKG,900319
6446531,131,97,9663,2013,134234.0,33673.0,1.170459,1.150327,LUX,HKG,900319
6446532,132,97,9663,2013,0.0,7188.0,0.6219439999999999,1.166749,LVA,HKG,900319
6446533,133,97,9663,2013,224372.0,556066.0,0.252209,0.184401,MAC,HKG,900319
6446534,134,97,9663,2013,0.0,13842.0,-0.6494260000000001,-0.035075999999999996,MAR,HKG,900319
6446535,137,97,9663,2013,0.0,13536.0,-0.21889699999999998,-0.776392,MDV,HKG,900319
6446536,138,97,9663,2013,24585.0,774984.0,1.048507,0.718932,MEX,HKG,900319
6446537,140,97,9663,2013,0.0,1834.0,-0.10859400000000001,0.155229,MKD,HKG,900319
6446538,142,97,9663,2013,0.0,1277.0,0.8519760000000001,-0.075869,MLT,HKG,900319
6446539,143,97,9663,2013,0.0,86104.0,-1.230787,-0.737375,MMR,HKG,900319
6446540,145,97,9663,2013,0.0,16058.0,-1.3270950000000001,-1.144547,MNG,HKG,900319
6446541,147,97,9663,2013,0.0,1599.0,-1.326323,-1.050969,MOZ,HKG,900319
6446542,151,97,9663,2013,0.0,13910.0,-0.158852,0.0061600000000000005,MUS,HKG,900319
6446543,153,97,9663,2013,38350.0,6380146.0,0.937641,0.747496,MYS,HKG,900319
6446544,155,97,9663,2013,0.0,1417.0,-0.308643,-0.480617,NAM,HKG,900319
6446545,156,97,9663,2013,0.0,6256.0,-0.136052,-0.703913,NCL,HKG,900319
6446546,159,97,9663,2013,0.0,15304.0,-1.745783,-1.1356680000000001,NGA,HKG,900319
6446547,162,97,9663,2013,57679.0,2549945.0,1.184107,1.249557,NLD,HKG,900319
6446548,163,97,9663,2013,0.0,875382.0,0.892099,0.18168399999999998,NOR,HKG,900319
6446549,166,97,9663,2013,0.0,163762.0,0.3345,0.39063000000000003,NZL,HKG,900319
6446550,168,97,9663,2013,0.0,2139.0,-0.75727,0.769703,PAK,HKG,900319
6446551,169,97,9663,2013,0.0,70358.0,0.735637,1.161718,PAN,HKG,900319
6446552,173,97,9663,2013,0.0,9425.0,-0.573852,0.357977,PER,HKG,900319
6446553,174,97,9663,2013,454438.0,21347.0,0.507868,0.355403,PHL,HKG,900319
6446554,176,97,9663,2013,0.0,81137.0,-1.444244,-1.144231,PNG,HKG,900319
6446555,177,97,9663,2013,9167.0,224803.0,1.084332,1.216749,POL,HKG,900319
6446556,179,97,9663,2013,32806.0,1037699.0,0.541454,2.5228610000000002,PRT,HKG,900319
6446557,180,97,9663,2013,0.0,51342.0,-0.566239,-0.9273459999999999,PRY,HKG,900319
6446558,181,97,9663,2013,0.0,7352.0,0.072979,0.7099260000000001,PSE,HKG,900319
6446559,182,97,9663,2013,0.0,1652.0,-0.146044,-0.7055359999999999,PYF,HKG,900319
6446560,183,97,9663,2013,0.0,19178.0,-0.083649,-1.013491,QAT,HKG,900319
6446561,185,97,9663,2013,0.0,25620.0,0.792035,1.225034,ROU,HKG,900319
6446562,186,97,9663,2013,0.0,942411.0,0.481166,-0.180052,RUS,HKG,900319
6446563,188,97,9663,2013,0.0,19484.0,0.626347,-0.844406,SAU,HKG,900319
6446564,192,97,9663,2013,1072097.0,5495528.0,1.915504,0.619576,SGP,HKG,900319
6446565,197,97,9663,2013,0.0,8959.0,-0.021029,0.381522,SLV,HKG,900319
6446566,201,97,9663,2013,4160.0,33509.0,0.5717720000000001,1.174901,SRB,HKG,900319
6446567,206,97,9663,2013,0.0,107692.0,1.32064,0.7519819999999999,SVK,HKG,900319
6446568,208,97,9663,2013,118600.0,9804635.0,1.869421,0.228109,SWE,HKG,900319
6446569,209,97,9663,2013,0.0,10271.0,0.109267,-0.275005,SWZ,HKG,900319
6446570,216,97,9663,2013,46630.0,1862931.0,0.8752139999999999,1.3798620000000001,THA,HKG,900319
6446571,222,97,9663,2013,0.0,18796.0,-0.280641,-1.083332,TTO,HKG,900319
6446572,223,97,9663,2013,0.0,26268.0,0.185528,1.0070700000000001,TUN,HKG,900319
6446573,224,97,9663,2013,27425.0,192943.0,0.42932299999999995,2.690235,TUR,HKG,900319
6446574,226,97,9663,2013,0.0,27464.0,-0.9306770000000001,0.273489,TZA,HKG,900319
6446575,227,97,9663,2013,0.0,6680.0,-0.5462279999999999,0.200682,UGA,HKG,900319
6446576,228,97,9663,2013,0.0,105893.0,0.657729,0.9063200000000001,UKR,HKG,900319
6446577,230,97,9663,2013,5398.0,56482.0,0.20190999999999998,-0.19777999999999998,URY,HKG,900319
6446578,231,97,9663,2013,1937522.0,5374298.0,1.6639689999999998,-0.48651300000000003,USA,HKG,900319
6446579,236,97,9663,2013,0.0,407849.0,-0.778172,-1.107059,VEN,HKG,900319
6446580,239,97,9663,2013,51325.0,191283.0,-0.11426900000000001,1.399738,VNM,HKG,900319
6446581,246,97,9663,2013,3002.0,970761.0,0.380284,1.5682120000000002,ZAF,HKG,900319
6446582,247,97,9663,2013,0.0,13375.0,-0.382129,-0.5442229999999999,ZMB,HKG,900319
6446583,248,97,9663,2013,0.0,7456.0,-0.828702,-0.899175,ZWE,HKG,900319
6446584,249,97,9663,2013,219211.0,720974.0,1.843186,0.9432379999999999,TWN,HKG,900319
6446585,14,102,9663,2013,0.0,7668.0,-0.31145700000000004,-0.167628,AUS,HUN,900319
6446586,15,102,9663,2013,146860.0,21353.0,1.7209240000000001,-0.286892,AUT,HUN,900319
6446587,18,102,9663,2013,6420.0,0.0,1.316207,0.972601,BEL,HUN,900319
6446588,23,102,9663,2013,0.0,26204.0,0.5026109999999999,1.674296,BGR,HUN,900319
6446589,26,102,9663,2013,0.0,28816.0,0.46743199999999996,0.7340800000000001,BIH,HUN,900319
6446590,39,102,9663,2013,6484.0,0.0,0.719649,1.017046,CAN,HUN,900319
6446591,41,102,9663,2013,0.0,10410.0,2.2104470000000003,0.5403479999999999,CHE,HUN,900319
6446592,43,102,9663,2013,1567738.0,0.0,1.113767,1.477496,CHN,HUN,900319
6446593,59,102,9663,2013,128657.0,1086555.0,1.819653,-0.12423800000000002,CZE,HUN,900319
6446594,61,102,9663,2013,1157310.0,39149.0,2.093658,-3.4281980000000005,DEU,HUN,900319
6446595,64,102,9663,2013,47776.0,0.0,1.161835,1.1788450000000001,DNK,HUN,900319
6446596,71,102,9663,2013,22185.0,0.0,0.861698,2.353993,ESP,HUN,900319
6446597,77,102,9663,2013,330266.0,13103.0,1.520354,0.022874000000000002,FRA,HUN,900319
6446598,81,102,9663,2013,259561.0,88426.0,1.7901259999999999,0.44164,GBR,HUN,900319
6446599,90,102,9663,2013,0.0,56155.0,0.18823800000000002,0.910906,GRC,HUN,900319
6446600,97,102,9663,2013,228018.0,47018.0,0.744383,1.923139,HKG,HUN,900319
6446601,100,102,9663,2013,8613.0,33040.0,0.898284,1.038807,HRV,HUN,900319
6446602,110,102,9663,2013,0.0,83923.0,1.197241,0.633828,ISR,HUN,900319
6446603,111,102,9663,2013,1589945.0,88041.0,1.289924,0.533436,ITA,HUN,900319
6446604,121,102,9663,2013,84638.0,0.0,1.818383,0.75645,KOR,HUN,900319
6446605,124,102,9663,2013,0.0,7967.0,0.283084,1.4289100000000001,LBN,HUN,900319
6446606,130,102,9663,2013,0.0,82456.0,0.737796,1.215543,LTU,HUN,900319
6446607,132,102,9663,2013,0.0,39177.0,0.6219439999999999,1.166749,LVA,HUN,900319
6446608,140,102,9663,2013,0.0,36141.0,-0.10859400000000001,0.155229,MKD,HUN,900319
6446609,144,102,9663,2013,0.0,10122.0,-0.054454999999999996,-0.164875,MNE,HUN,900319
6446610,153,102,9663,2013,4270.0,0.0,0.937641,0.747496,MYS,HUN,900319
6446611,156,102,9663,2013,0.0,688.0,-0.136052,-0.703913,NCL,HUN,900319
6446612,162,102,9663,2013,98259.0,0.0,1.184107,1.249557,NLD,HUN,900319
6446613,177,102,9663,2013,82285.0,18793.0,1.084332,1.216749,POL,HUN,900319
6446614,179,102,9663,2013,0.0,48276.0,0.541454,2.5228610000000002,PRT,HUN,900319
6446615,185,102,9663,2013,65353.0,146396.0,0.792035,1.225034,ROU,HUN,900319
6446616,201,102,9663,2013,0.0,56837.0,0.5717720000000001,1.174901,SRB,HUN,900319
6446617,206,102,9663,2013,8474.0,710933.0,1.32064,0.7519819999999999,SVK,HUN,900319
6446618,207,102,9663,2013,553427.0,0.0,1.698374,0.563082,SVN,HUN,900319
6446619,231,102,9663,2013,45780.0,54520.0,1.6639689999999998,-0.48651300000000003,USA,HUN,900319
6446620,246,102,9663,2013,0.0,2373.0,0.380284,1.5682120000000002,ZAF,HUN,900319
6446621,249,102,9663,2013,3229.0,0.0,1.843186,0.9432379999999999,TWN,HUN,900319
6446622,14,103,9663,2013,7005.0,0.0,-0.31145700000000004,-0.167628,AUS,IDN,900319
6446623,15,103,9663,2013,37492.0,10228.0,1.7209240000000001,-0.286892,AUT,IDN,900319
6446624,31,103,9663,2013,0.0,633.0,-1.039614,-0.95663,BOL,IDN,900319
6446625,39,103,9663,2013,2056.0,0.0,0.719649,1.017046,CAN,IDN,900319
6446626,43,103,9663,2013,1815256.0,0.0,1.113767,1.477496,CHN,IDN,900319
6446627,61,103,9663,2013,93690.0,0.0,2.093658,-3.4281980000000005,DEU,IDN,900319
6446628,71,103,9663,2013,19221.0,0.0,0.861698,2.353993,ESP,IDN,900319
6446629,77,103,9663,2013,93638.0,1531376.0,1.520354,0.022874000000000002,FRA,IDN,900319
6446630,81,103,9663,2013,8325.0,0.0,1.7901259999999999,0.44164,GBR,IDN,900319
6446631,97,103,9663,2013,356062.0,8368.0,0.744383,1.923139,HKG,IDN,900319
6446632,111,103,9663,2013,3180.0,6819.0,1.289924,0.533436,ITA,IDN,900319
6446633,114,103,9663,2013,86068.0,0.0,2.3993130000000003,-0.564768,JPN,IDN,900319
6446634,121,103,9663,2013,229061.0,0.0,1.818383,0.75645,KOR,IDN,900319
6446635,131,103,9663,2013,15656.0,130895.0,1.170459,1.150327,LUX,IDN,900319
6446636,153,103,9663,2013,153112.0,4046.0,0.937641,0.747496,MYS,IDN,900319
6446637,179,103,9663,2013,2018.0,0.0,0.541454,2.5228610000000002,PRT,IDN,900319
6446638,192,103,9663,2013,5379095.0,382809.0,1.915504,0.619576,SGP,IDN,900319
6446639,231,103,9663,2013,79925.0,64619.0,1.6639689999999998,-0.48651300000000003,USA,IDN,900319
6446640,249,103,9663,2013,23553.0,0.0,1.843186,0.9432379999999999,TWN,IDN,900319
6446641,2,104,9663,2013,0.0,3673.0,-1.172043,-1.133735,AGO,IND,900319
6446642,7,104,9663,2013,99517.0,20559.0,-0.074047,-0.585168,ARE,IND,900319
6446643,8,104,9663,2013,0.0,32316.0,0.20314300000000002,0.494062,ARG,IND,900319
6446644,14,104,9663,2013,1305.0,0.0,-0.31145700000000004,-0.167628,AUS,IND,900319
6446645,15,104,9663,2013,648752.0,0.0,1.7209240000000001,-0.286892,AUT,IND,900319
6446646,17,104,9663,2013,0.0,1404.0,-0.824903,-0.906436,BDI,IND,900319
6446647,19,104,9663,2013,0.0,8450.0,-0.919968,-0.90691,BEN,IND,900319
6446648,22,104,9663,2013,0.0,3100.0,-1.101916,-0.734646,BGD,IND,900319
6446649,39,104,9663,2013,18681.0,0.0,0.719649,1.017046,CAN,IND,900319
6446650,41,104,9663,2013,40112.0,0.0,2.2104470000000003,0.5403479999999999,CHE,IND,900319
6446651,43,104,9663,2013,18327954.0,0.0,1.113767,1.477496,CHN,IND,900319
6446652,47,104,9663,2013,0.0,1137.0,-1.215681,-1.08679,COG,IND,900319
6446653,59,104,9663,2013,10457.0,1506.0,1.819653,-0.12423800000000002,CZE,IND,900319
6446654,61,104,9663,2013,609766.0,16446.0,2.093658,-3.4281980000000005,DEU,IND,900319
6446655,64,104,9663,2013,184881.0,0.0,1.161835,1.1788450000000001,DNK,IND,900319
6446656,71,104,9663,2013,1717.0,2187.0,0.861698,2.353993,ESP,IND,900319
6446657,73,104,9663,2013,0.0,6622.0,-1.264002,-0.9594219999999999,ETH,IND,900319
6446658,77,104,9663,2013,626509.0,426578.0,1.520354,0.022874000000000002,FRA,IND,900319
6446659,81,104,9663,2013,136914.0,65702.0,1.7901259999999999,0.44164,GBR,IND,900319
6446660,83,104,9663,2013,0.0,2992.0,-0.7316010000000001,-0.5327689999999999,GHA,IND,900319
6446661,97,104,9663,2013,719019.0,4674.0,0.744383,1.923139,HKG,IND,900319
6446662,106,104,9663,2013,80314.0,0.0,1.29988,0.240688,IRL,IND,900319
6446663,108,104,9663,2013,0.0,5465.0,-2.839079,-0.8705440000000001,IRQ,IND,900319
6446664,109,104,9663,2013,0.0,3090.0,0.259374,-0.20413299999999998,ISL,IND,900319
6446665,110,104,9663,2013,1017.0,0.0,1.197241,0.633828,ISR,IND,900319
6446666,111,104,9663,2013,2860214.0,80486.0,1.289924,0.533436,ITA,IND,900319
6446667,114,104,9663,2013,274270.0,0.0,2.3993130000000003,-0.564768,JPN,IND,900319
6446668,116,104,9663,2013,0.0,5405.0,-0.448112,0.8672719999999999,KEN,IND,900319
6446669,121,104,9663,2013,80086.0,0.0,1.818383,0.75645,KOR,IND,900319
6446670,127,104,9663,2013,0.0,888.0,0.265129,-0.5083949999999999,LCA,IND,900319
6446671,128,104,9663,2013,0.0,100793.0,-0.6521779999999999,0.41258599999999995,LKA,IND,900319
6446672,131,104,9663,2013,14353.0,5041.0,1.170459,1.150327,LUX,IND,900319
6446673,136,104,9663,2013,0.0,35301.0,-1.068565,-0.364254,MDG,IND,900319
6446674,137,104,9663,2013,0.0,10071.0,-0.21889699999999998,-0.776392,MDV,IND,900319
6446675,147,104,9663,2013,0.0,32768.0,-1.326323,-1.050969,MOZ,IND,900319
6446676,151,104,9663,2013,2431.0,45896.0,-0.158852,0.0061600000000000005,MUS,IND,900319
6446677,152,104,9663,2013,0.0,966.0,-0.8992120000000001,-0.862175,MWI,IND,900319
6446678,159,104,9663,2013,0.0,3862.0,-1.745783,-1.1356680000000001,NGA,IND,900319
6446679,164,104,9663,2013,0.0,1538.0,-0.293669,0.677365,NPL,IND,900319
6446680,177,104,9663,2013,0.0,56037.0,1.084332,1.216749,POL,IND,900319
6446681,180,104,9663,2013,0.0,1416.0,-0.566239,-0.9273459999999999,PRY,IND,900319
6446682,187,104,9663,2013,0.0,8163.0,-0.490519,-0.48427700000000007,RWA,IND,900319
6446683,188,104,9663,2013,0.0,23800.0,0.626347,-0.844406,SAU,IND,900319
6446684,190,104,9663,2013,0.0,3747.0,-1.254944,-1.073564,SDN,IND,900319
6446685,192,104,9663,2013,4266.0,0.0,1.915504,0.619576,SGP,IND,900319
6446686,216,104,9663,2013,0.0,14811.0,0.8752139999999999,1.3798620000000001,THA,IND,900319
6446687,224,104,9663,2013,6949.0,52472.0,0.42932299999999995,2.690235,TUR,IND,900319
6446688,226,104,9663,2013,0.0,1858.0,-0.9306770000000001,0.273489,TZA,IND,900319
6446689,231,104,9663,2013,90472.0,10053.0,1.6639689999999998,-0.48651300000000003,USA,IND,900319
6446690,243,104,9663,2013,0.0,2745.0,-1.252605,-1.207324,YEM,IND,900319
6446691,247,104,9663,2013,0.0,2295.0,-0.382129,-0.5442229999999999,ZMB,IND,900319
6446692,248,104,9663,2013,0.0,4586.0,-0.828702,-0.899175,ZWE,IND,900319
6446693,249,104,9663,2013,49808.0,0.0,1.843186,0.9432379999999999,TWN,IND,900319
6446694,14,110,9663,2013,1588.0,71330.0,-0.31145700000000004,-0.167628,AUS,ISR,900319
6446695,15,110,9663,2013,241655.0,1714.0,1.7209240000000001,-0.286892,AUT,ISR,900319
6446696,18,110,9663,2013,129138.0,4943.0,1.316207,0.972601,BEL,ISR,900319
6446697,39,110,9663,2013,79226.0,238611.0,0.719649,1.017046,CAN,ISR,900319
6446698,41,110,9663,2013,94518.0,71784.0,2.2104470000000003,0.5403479999999999,CHE,ISR,900319
6446699,43,110,9663,2013,906801.0,1415.0,1.113767,1.477496,CHN,ISR,900319
6446700,59,110,9663,2013,8103.0,2986.0,1.819653,-0.12423800000000002,CZE,ISR,900319
6446701,61,110,9663,2013,616740.0,47418.0,2.093658,-3.4281980000000005,DEU,ISR,900319
6446702,64,110,9663,2013,94909.0,2641.0,1.161835,1.1788450000000001,DNK,ISR,900319
6446703,71,110,9663,2013,338725.0,0.0,0.861698,2.353993,ESP,ISR,900319
6446704,72,110,9663,2013,2929.0,672.0,0.8828940000000001,1.386574,EST,ISR,900319
6446705,77,110,9663,2013,1326109.0,77238.0,1.520354,0.022874000000000002,FRA,ISR,900319
6446706,81,110,9663,2013,125250.0,55617.0,1.7901259999999999,0.44164,GBR,ISR,900319
6446707,90,110,9663,2013,4788.0,42050.0,0.18823800000000002,0.910906,GRC,ISR,900319
6446708,97,110,9663,2013,1397365.0,31535.0,0.744383,1.923139,HKG,ISR,900319
6446709,102,110,9663,2013,83923.0,0.0,1.506101,0.7279220000000001,HUN,ISR,900319
6446710,104,110,9663,2013,0.0,1017.0,0.215356,2.3916209999999998,IND,ISR,900319
6446711,106,110,9663,2013,12378.0,0.0,1.29988,0.240688,IRL,ISR,900319
6446712,109,110,9663,2013,0.0,4221.0,0.259374,-0.20413299999999998,ISL,ISR,900319
6446713,111,110,9663,2013,2529638.0,272145.0,1.289924,0.533436,ITA,ISR,900319
6446714,114,110,9663,2013,155758.0,0.0,2.3993130000000003,-0.564768,JPN,ISR,900319
6446715,121,110,9663,2013,164567.0,7418.0,1.818383,0.75645,KOR,ISR,900319
6446716,131,110,9663,2013,3844.0,0.0,1.170459,1.150327,LUX,ISR,900319
6446717,138,110,9663,2013,2487.0,0.0,1.048507,0.718932,MEX,ISR,900319
6446718,155,110,9663,2013,0.0,10383.0,-0.308643,-0.480617,NAM,ISR,900319
6446719,162,110,9663,2013,150255.0,0.0,1.184107,1.249557,NLD,ISR,900319
6446720,166,110,9663,2013,0.0,4561.0,0.3345,0.39063000000000003,NZL,ISR,900319
6446721,177,110,9663,2013,13782.0,2981.0,1.084332,1.216749,POL,ISR,900319
6446722,179,110,9663,2013,23831.0,1164.0,0.541454,2.5228610000000002,PRT,ISR,900319
6446723,181,110,9663,2013,3199.0,44348.0,0.072979,0.7099260000000001,PSE,ISR,900319
6446724,185,110,9663,2013,11321.0,1980.0,0.792035,1.225034,ROU,ISR,900319
6446725,192,110,9663,2013,79746.0,5314.0,1.915504,0.619576,SGP,ISR,900319
6446726,206,110,9663,2013,0.0,3335.0,1.32064,0.7519819999999999,SVK,ISR,900319
6446727,208,110,9663,2013,7393.0,53167.0,1.869421,0.228109,SWE,ISR,900319
6446728,216,110,9663,2013,967.0,0.0,0.8752139999999999,1.3798620000000001,THA,ISR,900319
6446729,224,110,9663,2013,5309.0,0.0,0.42932299999999995,2.690235,TUR,ISR,900319
6446730,231,110,9663,2013,108063.0,128917.0,1.6639689999999998,-0.48651300000000003,USA,ISR,900319
6446731,246,110,9663,2013,0.0,30967.0,0.380284,1.5682120000000002,ZAF,ISR,900319
6446732,249,110,9663,2013,11602.0,0.0,1.843186,0.9432379999999999,TWN,ISR,900319
6446733,250,110,9663,2013,0.0,211000.0,0.628555,0.277602,ANS,ISR,900319
6446734,0,111,9663,2013,0.0,6199.0,0.913235,-0.149061,ABW,ITA,900319
6446735,2,111,9663,2013,0.0,14146.0,-1.172043,-1.133735,AGO,ITA,900319
6446736,4,111,9663,2013,4423.0,145355.0,-0.53682,-0.162391,ALB,ITA,900319
6446737,5,111,9663,2013,0.0,2503.0,0.9666530000000001,-0.159606,AND,ITA,900319
6446738,7,111,9663,2013,89673.0,6129684.0,-0.074047,-0.585168,ARE,ITA,900319
6446739,8,111,9663,2013,0.0,514590.0,0.20314300000000002,0.494062,ARG,ITA,900319
6446740,9,111,9663,2013,0.0,17059.0,-0.076922,-0.5781390000000001,ARM,ITA,900319
6446741,14,111,9663,2013,21007.0,5563040.0,-0.31145700000000004,-0.167628,AUS,ITA,900319
6446742,15,111,9663,2013,3167869.0,2660560.0,1.7209240000000001,-0.286892,AUT,ITA,900319
6446743,16,111,9663,2013,0.0,127622.0,-0.9232870000000001,-1.165928,AZE,ITA,900319
6446744,18,111,9663,2013,132616.0,3481968.0,1.316207,0.972601,BEL,ITA,900319
6446745,22,111,9663,2013,0.0,4550.0,-1.101916,-0.734646,BGD,ITA,900319
6446746,23,111,9663,2013,75724.0,485658.0,0.5026109999999999,1.674296,BGR,ITA,900319
6446747,24,111,9663,2013,0.0,210133.0,0.249681,-0.6204270000000001,BHR,ITA,900319
6446748,26,111,9663,2013,0.0,87734.0,0.46743199999999996,0.7340800000000001,BIH,ITA,900319
6446749,28,111,9663,2013,0.0,27383.0,1.036923,0.864568,BLR,ITA,900319
6446750,29,111,9663,2013,0.0,5077.0,-0.35218299999999997,-0.508891,BLZ,ITA,900319
6446751,31,111,9663,2013,0.0,127683.0,-1.039614,-0.95663,BOL,ITA,900319
6446752,32,111,9663,2013,64407.0,8469430.0,0.14765899999999998,0.399262,BRA,ITA,900319
6446753,33,111,9663,2013,0.0,26871.0,0.6969489999999999,0.135283,BRB,ITA,900319
6446754,39,111,9663,2013,134150.0,3359057.0,0.719649,1.017046,CAN,ITA,900319
6446755,41,111,9663,2013,316593.0,1612580.0,2.2104470000000003,0.5403479999999999,CHE,ITA,900319
6446756,42,111,9663,2013,0.0,1683370.0,-0.260718,-0.38256100000000004,CHL,ITA,900319
6446757,43,111,9663,2013,117551400.0,1967051.0,1.113767,1.477496,CHN,ITA,900319
6446758,44,111,9663,2013,0.0,18937.0,-0.923558,-0.866642,CIV,ITA,900319
6446759,49,111,9663,2013,10818.0,1593502.0,0.121799,-0.388239,COL,ITA,900319
6446760,52,111,9663,2013,0.0,423542.0,0.067379,-0.688217,CRI,ITA,900319
6446761,54,111,9663,2013,0.0,1973.0,-0.019956,-0.7873319999999999,CUB,ITA,900319
6446762,55,111,9663,2013,0.0,1573.0,0.029981999999999998,-0.673439,CUW,ITA,900319
6446763,58,111,9663,2013,0.0,579057.0,0.502238,0.349608,CYP,ITA,900319
6446764,59,111,9663,2013,32687.0,3585316.0,1.819653,-0.12423800000000002,CZE,ITA,900319
6446765,61,111,9663,2013,5894792.0,24484132.0,2.093658,-3.4281980000000005,DEU,ITA,900319
6446766,64,111,9663,2013,1607931.0,1659236.0,1.161835,1.1788450000000001,DNK,ITA,900319
6446767,65,111,9663,2013,0.0,41495.0,-0.277269,0.432388,DOM,ITA,900319
6446768,66,111,9663,2013,0.0,267607.0,-1.373947,-1.1523459999999999,DZA,ITA,900319
6446769,67,111,9663,2013,0.0,918163.0,-0.86546,-0.8888389999999999,ECU,ITA,900319
6446770,68,111,9663,2013,0.0,1061463.0,-0.17418,1.692641,EGY,ITA,900319
6446771,71,111,9663,2013,631647.0,20223034.0,0.861698,2.353993,ESP,ITA,900319
6446772,72,111,9663,2013,7612.0,267028.0,0.8828940000000001,1.386574,EST,ITA,900319
6446773,74,111,9663,2013,0.0,3663918.0,1.734552,0.8896940000000001,FIN,ITA,900319
6446774,77,111,9663,2013,9742097.0,62538480.0,1.520354,0.022874000000000002,FRA,ITA,900319
6446775,80,111,9663,2013,0.0,12363.0,-1.6582830000000002,-1.155302,GAB,ITA,900319
6446776,81,111,9663,2013,2151170.0,32534546.0,1.7901259999999999,0.44164,GBR,ITA,900319
6446777,82,111,9663,2013,0.0,113535.0,-0.160691,-0.393419,GEO,ITA,900319
6446778,83,111,9663,2013,0.0,2883.0,-0.7316010000000001,-0.5327689999999999,GHA,ITA,900319
6446779,90,111,9663,2013,275146.0,2216504.0,0.18823800000000002,0.910906,GRC,ITA,900319
6446780,93,111,9663,2013,0.0,27533.0,-0.41466499999999995,0.774788,GTM,ITA,900319
6446781,96,111,9663,2013,0.0,11535.0,-0.8555590000000001,-0.9744450000000001,GUY,ITA,900319
6446782,97,111,9663,2013,779245.0,9084422.0,0.744383,1.923139,HKG,ITA,900319
6446783,99,111,9663,2013,0.0,27439.0,-0.731431,-0.310927,HND,ITA,900319
6446784,100,111,9663,2013,45088.0,2079018.0,0.898284,1.038807,HRV,ITA,900319
6446785,102,111,9663,2013,88041.0,1589945.0,1.506101,0.7279220000000001,HUN,ITA,900319
6446786,103,111,9663,2013,6819.0,3180.0,-0.216854,1.415728,IDN,ITA,900319
6446787,104,111,9663,2013,80486.0,2860214.0,0.215356,2.3916209999999998,IND,ITA,900319
6446788,106,111,9663,2013,91478.0,22119.0,1.29988,0.240688,IRL,ITA,900319
6446789,107,111,9663,2013,0.0,105404.0,-0.339172,-0.237114,IRN,ITA,900319
6446790,108,111,9663,2013,0.0,11946.0,-2.839079,-0.8705440000000001,IRQ,ITA,900319
6446791,109,111,9663,2013,1345.0,40086.0,0.259374,-0.20413299999999998,ISL,ITA,900319
6446792,110,111,9663,2013,272145.0,2529638.0,1.197241,0.633828,ISR,ITA,900319
6446793,112,111,9663,2013,5943.0,109941.0,-0.541441,-0.8448559999999999,JAM,ITA,900319
6446794,113,111,9663,2013,0.0,153503.0,0.152659,0.5889979999999999,JOR,ITA,900319
6446795,114,111,9663,2013,2022231.0,2831373.0,2.3993130000000003,-0.564768,JPN,ITA,900319
6446796,115,111,9663,2013,0.0,494917.0,-0.680678,-0.83347,KAZ,ITA,900319
6446797,116,111,9663,2013,0.0,109094.0,-0.448112,0.8672719999999999,KEN,ITA,900319
6446798,117,111,9663,2013,0.0,3647.0,-0.1035,0.339914,KGZ,ITA,900319
6446799,121,111,9663,2013,638966.0,1581638.0,1.818383,0.75645,KOR,ITA,900319
6446800,122,111,9663,2013,1661.0,747841.0,-0.536384,-1.08382,KWT,ITA,900319
6446801,124,111,9663,2013,5569.0,184114.0,0.283084,1.4289100000000001,LBN,ITA,900319
6446802,126,111,9663,2013,0.0,227381.0,-1.6241459999999999,-1.1817950000000002,LBY,ITA,900319
6446803,128,111,9663,2013,0.0,195368.0,-0.6521779999999999,0.41258599999999995,LKA,ITA,900319
6446804,130,111,9663,2013,10664.0,253727.0,0.737796,1.215543,LTU,ITA,900319
6446805,131,111,9663,2013,14289.0,321844.0,1.170459,1.150327,LUX,ITA,900319
6446806,132,111,9663,2013,0.0,636584.0,0.6219439999999999,1.166749,LVA,ITA,900319
6446807,134,111,9663,2013,55261.0,634301.0,-0.6494260000000001,-0.035075999999999996,MAR,ITA,900319
6446808,135,111,9663,2013,0.0,52527.0,-0.016235,0.132104,MDA,ITA,900319
6446809,136,111,9663,2013,0.0,11908.0,-1.068565,-0.364254,MDG,ITA,900319
6446810,137,111,9663,2013,0.0,2529.0,-0.21889699999999998,-0.776392,MDV,ITA,900319
6446811,138,111,9663,2013,134196.0,6498322.0,1.048507,0.718932,MEX,ITA,900319
6446812,140,111,9663,2013,0.0,68661.0,-0.10859400000000001,0.155229,MKD,ITA,900319
6446813,142,111,9663,2013,121955.0,729134.0,0.8519760000000001,-0.075869,MLT,ITA,900319
6446814,143,111,9663,2013,0.0,334932.0,-1.230787,-0.737375,MMR,ITA,900319
6446815,144,111,9663,2013,0.0,1951.0,-0.054454999999999996,-0.164875,MNE,ITA,900319
6446816,148,111,9663,2013,0.0,920.0,-1.950532,-1.283104,MRT,ITA,900319
6446817,151,111,9663,2013,0.0,54521.0,-0.158852,0.0061600000000000005,MUS,ITA,900319
6446818,152,111,9663,2013,0.0,21091.0,-0.8992120000000001,-0.862175,MWI,ITA,900319
6446819,153,111,9663,2013,1877.0,368080.0,0.937641,0.747496,MYS,ITA,900319
6446820,154,111,9663,2013,0.0,2669.0,0.9851690000000001,-0.504069,MYT,ITA,900319
6446821,156,111,9663,2013,0.0,2651.0,-0.136052,-0.703913,NCL,ITA,900319
6446822,159,111,9663,2013,0.0,17383.0,-1.745783,-1.1356680000000001,NGA,ITA,900319
6446823,160,111,9663,2013,0.0,11299.0,-0.9277,-0.6842630000000001,NIC,ITA,900319
6446824,162,111,9663,2013,1580393.0,14019424.0,1.184107,1.249557,NLD,ITA,900319
6446825,163,111,9663,2013,24338.0,1392276.0,0.892099,0.18168399999999998,NOR,ITA,900319
6446826,166,111,9663,2013,2339.0,93236.0,0.3345,0.39063000000000003,NZL,ITA,900319
6446827,167,111,9663,2013,952.0,18949.0,-0.604175,-1.0463209999999998,OMN,ITA,900319
6446828,168,111,9663,2013,0.0,247017.0,-0.75727,0.769703,PAK,ITA,900319
6446829,169,111,9663,2013,0.0,231222.0,0.735637,1.161718,PAN,ITA,900319
6446830,173,111,9663,2013,0.0,1197788.0,-0.573852,0.357977,PER,ITA,900319
6446831,174,111,9663,2013,1829.0,118942.0,0.507868,0.355403,PHL,ITA,900319
6446832,177,111,9663,2013,34141.0,2954250.0,1.084332,1.216749,POL,ITA,900319
6446833,179,111,9663,2013,260675.0,6053174.0,0.541454,2.5228610000000002,PRT,ITA,900319
6446834,180,111,9663,2013,0.0,348743.0,-0.566239,-0.9273459999999999,PRY,ITA,900319
6446835,182,111,9663,2013,0.0,26850.0,-0.146044,-0.7055359999999999,PYF,ITA,900319
6446836,183,111,9663,2013,1673.0,223826.0,-0.083649,-1.013491,QAT,ITA,900319
6446837,185,111,9663,2013,1693927.0,1068606.0,0.792035,1.225034,ROU,ITA,900319
6446838,186,111,9663,2013,29717.0,7218370.0,0.481166,-0.180052,RUS,ITA,900319
6446839,188,111,9663,2013,42226.0,1956418.0,0.626347,-0.844406,SAU,ITA,900319
6446840,190,111,9663,2013,0.0,20791.0,-1.254944,-1.073564,SDN,ITA,900319
6446841,191,111,9663,2013,0.0,28774.0,-0.523662,-0.309101,SEN,ITA,900319
6446842,192,111,9663,2013,22794.0,2978260.0,1.915504,0.619576,SGP,ITA,900319
6446843,197,111,9663,2013,0.0,21425.0,-0.021029,0.381522,SLV,ITA,900319
6446844,201,111,9663,2013,0.0,719426.0,0.5717720000000001,1.174901,SRB,ITA,900319
6446845,205,111,9663,2013,0.0,34015.0,-0.417865,-0.7600399999999999,SUR,ITA,900319
6446846,206,111,9663,2013,0.0,591691.0,1.32064,0.7519819999999999,SVK,ITA,900319
6446847,207,111,9663,2013,151364.0,1263256.0,1.698374,0.563082,SVN,ITA,900319
6446848,208,111,9663,2013,295581.0,3513680.0,1.869421,0.228109,SWE,ITA,900319
6446849,211,111,9663,2013,0.0,4153.0,0.270999,-0.474095,SYC,ITA,900319
6446850,212,111,9663,2013,0.0,1854.0,-0.14343399999999998,1.077256,SYR,ITA,900319
6446851,216,111,9663,2013,47453.0,1672270.0,0.8752139999999999,1.3798620000000001,THA,ITA,900319
6446852,217,111,9663,2013,2709.0,0.0,-1.2512889999999999,-1.16402,TJK,ITA,900319
6446853,222,111,9663,2013,0.0,12096.0,-0.280641,-1.083332,TTO,ITA,900319
6446854,223,111,9663,2013,2213.0,1259728.0,0.185528,1.0070700000000001,TUN,ITA,900319
6446855,224,111,9663,2013,228918.0,1957749.0,0.42932299999999995,2.690235,TUR,ITA,900319
6446856,228,111,9663,2013,7357.0,741579.0,0.657729,0.9063200000000001,UKR,ITA,900319
6446857,230,111,9663,2013,0.0,312346.0,0.20190999999999998,-0.19777999999999998,URY,ITA,900319
6446858,231,111,9663,2013,917398.0,84391240.0,1.6639689999999998,-0.48651300000000003,USA,ITA,900319
6446859,232,111,9663,2013,0.0,8078.0,-0.748212,-0.567268,UZB,ITA,900319
6446860,236,111,9663,2013,37966.0,458079.0,-0.778172,-1.107059,VEN,ITA,900319
6446861,239,111,9663,2013,1107.0,203233.0,-0.11426900000000001,1.399738,VNM,ITA,900319
6446862,246,111,9663,2013,34602.0,2152870.0,0.380284,1.5682120000000002,ZAF,ITA,900319
6446863,247,111,9663,2013,0.0,1393.0,-0.382129,-0.5442229999999999,ZMB,ITA,900319
6446864,249,111,9663,2013,26224.0,689947.0,1.843186,0.9432379999999999,TWN,ITA,900319
6446865,13,112,9663,2013,0.0,1946.0,0.096563,-0.60577,ATG,JAM,900319
6446866,39,112,9663,2013,9762.0,0.0,0.719649,1.017046,CAN,JAM,900319
6446867,43,112,9663,2013,314405.0,0.0,1.113767,1.477496,CHN,JAM,900319
6446868,61,112,9663,2013,1494.0,0.0,2.093658,-3.4281980000000005,DEU,JAM,900319
6446869,64,112,9663,2013,2935.0,0.0,1.161835,1.1788450000000001,DNK,JAM,900319
6446870,71,112,9663,2013,3816.0,0.0,0.861698,2.353993,ESP,JAM,900319
6446871,77,112,9663,2013,6979.0,0.0,1.520354,0.022874000000000002,FRA,JAM,900319
6446872,81,112,9663,2013,6002.0,0.0,1.7901259999999999,0.44164,GBR,JAM,900319
6446873,97,112,9663,2013,24383.0,0.0,0.744383,1.923139,HKG,JAM,900319
6446874,106,112,9663,2013,38662.0,0.0,1.29988,0.240688,IRL,JAM,900319
6446875,111,112,9663,2013,109941.0,5943.0,1.289924,0.533436,ITA,JAM,900319
6446876,169,112,9663,2013,1453.0,0.0,0.735637,1.161718,PAN,JAM,900319
6446877,231,112,9663,2013,435503.0,2203.0,1.6639689999999998,-0.48651300000000003,USA,JAM,900319
6446878,7,113,9663,2013,1905.0,4042.0,-0.074047,-0.585168,ARE,JOR,900319
6446879,15,113,9663,2013,26191.0,0.0,1.7209240000000001,-0.286892,AUT,JOR,900319
6446880,43,113,9663,2013,92532.0,0.0,1.113767,1.477496,CHN,JOR,900319
6446881,77,113,9663,2013,325373.0,0.0,1.520354,0.022874000000000002,FRA,JOR,900319
6446882,81,113,9663,2013,1221.0,0.0,1.7901259999999999,0.44164,GBR,JOR,900319
6446883,97,113,9663,2013,1727.0,0.0,0.744383,1.923139,HKG,JOR,900319
6446884,111,113,9663,2013,153503.0,0.0,1.289924,0.533436,ITA,JOR,900319
6446885,114,113,9663,2013,38721.0,0.0,2.3993130000000003,-0.564768,JPN,JOR,900319
6446886,162,113,9663,2013,4671.0,0.0,1.184107,1.249557,NLD,JOR,900319
6446887,188,113,9663,2013,0.0,15967.0,0.626347,-0.844406,SAU,JOR,900319
6446888,224,113,9663,2013,32446.0,0.0,0.42932299999999995,2.690235,TUR,JOR,900319
6446889,250,113,9663,2013,0.0,62417.0,0.628555,0.277602,ANS,JOR,900319
6446890,7,121,9663,2013,20211.0,420905.0,-0.074047,-0.585168,ARE,KOR,900319
6446891,8,121,9663,2013,0.0,80908.0,0.20314300000000002,0.494062,ARG,KOR,900319
6446892,14,121,9663,2013,10596.0,822273.0,-0.31145700000000004,-0.167628,AUS,KOR,900319
6446893,15,121,9663,2013,418965.0,428681.0,1.7209240000000001,-0.286892,AUT,KOR,900319
6446894,18,121,9663,2013,160652.0,376482.0,1.316207,0.972601,BEL,KOR,900319
6446895,26,121,9663,2013,0.0,2452.0,0.46743199999999996,0.7340800000000001,BIH,KOR,900319
6446896,31,121,9663,2013,0.0,1784.0,-1.039614,-0.95663,BOL,KOR,900319
6446897,32,121,9663,2013,0.0,667595.0,0.14765899999999998,0.399262,BRA,KOR,900319
6446898,39,121,9663,2013,21649.0,4105419.0,0.719649,1.017046,CAN,KOR,900319
6446899,41,121,9663,2013,600842.0,226914.0,2.2104470000000003,0.5403479999999999,CHE,KOR,900319
6446900,42,121,9663,2013,0.0,4866.0,-0.260718,-0.38256100000000004,CHL,KOR,900319
6446901,43,121,9663,2013,2972506.0,1115412.0,1.113767,1.477496,CHN,KOR,900319
6446902,49,121,9663,2013,0.0,93176.0,0.121799,-0.388239,COL,KOR,900319
6446903,59,121,9663,2013,2070.0,210110.0,1.819653,-0.12423800000000002,CZE,KOR,900319
6446904,61,121,9663,2013,2312776.0,5981666.0,2.093658,-3.4281980000000005,DEU,KOR,900319
6446905,64,121,9663,2013,1334926.0,4125310.0,1.161835,1.1788450000000001,DNK,KOR,900319
6446906,67,121,9663,2013,0.0,4930.0,-0.86546,-0.8888389999999999,ECU,KOR,900319
6446907,68,121,9663,2013,0.0,124627.0,-0.17418,1.692641,EGY,KOR,900319
6446908,71,121,9663,2013,33567.0,88689.0,0.861698,2.353993,ESP,KOR,900319
6446909,74,121,9663,2013,0.0,711220.0,1.734552,0.8896940000000001,FIN,KOR,900319
6446910,77,121,9663,2013,1646260.0,5709804.0,1.520354,0.022874000000000002,FRA,KOR,900319
6446911,81,121,9663,2013,116957.0,6274662.0,1.7901259999999999,0.44164,GBR,KOR,900319
6446912,90,121,9663,2013,0.0,5043.0,0.18823800000000002,0.910906,GRC,KOR,900319
6446913,93,121,9663,2013,0.0,24564.0,-0.41466499999999995,0.774788,GTM,KOR,900319
6446914,97,121,9663,2013,1583803.0,3412084.0,0.744383,1.923139,HKG,KOR,900319
6446915,102,121,9663,2013,0.0,84638.0,1.506101,0.7279220000000001,HUN,KOR,900319
6446916,103,121,9663,2013,0.0,229061.0,-0.216854,1.415728,IDN,KOR,900319
6446917,104,121,9663,2013,0.0,80086.0,0.215356,2.3916209999999998,IND,KOR,900319
6446918,106,121,9663,2013,6620.0,16494.0,1.29988,0.240688,IRL,KOR,900319
6446919,107,121,9663,2013,0.0,3241.0,-0.339172,-0.237114,IRN,KOR,900319
6446920,109,121,9663,2013,0.0,1840064.0,0.259374,-0.20413299999999998,ISL,KOR,900319
6446921,110,121,9663,2013,7418.0,164567.0,1.197241,0.633828,ISR,KOR,900319
6446922,111,121,9663,2013,1581638.0,638966.0,1.289924,0.533436,ITA,KOR,900319
6446923,114,121,9663,2013,5674262.0,9101831.0,2.3993130000000003,-0.564768,JPN,KOR,900319
6446924,115,121,9663,2013,0.0,3002.0,-0.680678,-0.83347,KAZ,KOR,900319
6446925,116,121,9663,2013,0.0,1305.0,-0.448112,0.8672719999999999,KEN,KOR,900319
6446926,118,121,9663,2013,0.0,2332.0,-1.054758,-0.872352,KHM,KOR,900319
6446927,122,121,9663,2013,0.0,3811.0,-0.536384,-1.08382,KWT,KOR,900319
6446928,124,121,9663,2013,0.0,5205.0,0.283084,1.4289100000000001,LBN,KOR,900319
6446929,126,121,9663,2013,0.0,17769.0,-1.6241459999999999,-1.1817950000000002,LBY,KOR,900319
6446930,128,121,9663,2013,0.0,2048.0,-0.6521779999999999,0.41258599999999995,LKA,KOR,900319
6446931,130,121,9663,2013,0.0,1558.0,0.737796,1.215543,LTU,KOR,900319
6446932,131,121,9663,2013,68208.0,96255.0,1.170459,1.150327,LUX,KOR,900319
6446933,133,121,9663,2013,0.0,14947.0,0.252209,0.184401,MAC,KOR,900319
6446934,134,121,9663,2013,0.0,2072.0,-0.6494260000000001,-0.035075999999999996,MAR,KOR,900319
6446935,138,121,9663,2013,0.0,31554.0,1.048507,0.718932,MEX,KOR,900319
6446936,143,121,9663,2013,0.0,82055.0,-1.230787,-0.737375,MMR,KOR,900319
6446937,145,121,9663,2013,0.0,4601.0,-1.3270950000000001,-1.144547,MNG,KOR,900319
6446938,151,121,9663,2013,0.0,5405.0,-0.158852,0.0061600000000000005,MUS,KOR,900319
6446939,153,121,9663,2013,0.0,231507.0,0.937641,0.747496,MYS,KOR,900319
6446940,160,121,9663,2013,0.0,2390.0,-0.9277,-0.6842630000000001,NIC,KOR,900319
6446941,162,121,9663,2013,26265.0,4073191.0,1.184107,1.249557,NLD,KOR,900319
6446942,163,121,9663,2013,5086.0,191012.0,0.892099,0.18168399999999998,NOR,KOR,900319
6446943,166,121,9663,2013,0.0,149847.0,0.3345,0.39063000000000003,NZL,KOR,900319
6446944,168,121,9663,2013,0.0,42071.0,-0.75727,0.769703,PAK,KOR,900319
6446945,173,121,9663,2013,0.0,164919.0,-0.573852,0.357977,PER,KOR,900319
6446946,174,121,9663,2013,1743.0,4998.0,0.507868,0.355403,PHL,KOR,900319
6446947,177,121,9663,2013,6067.0,169449.0,1.084332,1.216749,POL,KOR,900319
6446948,179,121,9663,2013,0.0,74855.0,0.541454,2.5228610000000002,PRT,KOR,900319
6446949,185,121,9663,2013,0.0,78105.0,0.792035,1.225034,ROU,KOR,900319
6446950,186,121,9663,2013,0.0,560851.0,0.481166,-0.180052,RUS,KOR,900319
6446951,188,121,9663,2013,0.0,229325.0,0.626347,-0.844406,SAU,KOR,900319
6446952,192,121,9663,2013,17506.0,693438.0,1.915504,0.619576,SGP,KOR,900319
6446953,197,121,9663,2013,0.0,7422.0,-0.021029,0.381522,SLV,KOR,900319
6446954,201,121,9663,2013,0.0,29307.0,0.5717720000000001,1.174901,SRB,KOR,900319
6446955,206,121,9663,2013,0.0,7685.0,1.32064,0.7519819999999999,SVK,KOR,900319
6446956,207,121,9663,2013,0.0,2367.0,1.698374,0.563082,SVN,KOR,900319
6446957,208,121,9663,2013,77492.0,113986.0,1.869421,0.228109,SWE,KOR,900319
6446958,209,121,9663,2013,0.0,14248.0,0.109267,-0.275005,SWZ,KOR,900319
6446959,216,121,9663,2013,1892.0,677122.0,0.8752139999999999,1.3798620000000001,THA,KOR,900319
6446960,222,121,9663,2013,0.0,1622.0,-0.280641,-1.083332,TTO,KOR,900319
6446961,224,121,9663,2013,4555.0,18577.0,0.42932299999999995,2.690235,TUR,KOR,900319
6446962,228,121,9663,2013,0.0,41565.0,0.657729,0.9063200000000001,UKR,KOR,900319
6446963,230,121,9663,2013,0.0,12506.0,0.20190999999999998,-0.19777999999999998,URY,KOR,900319
6446964,231,121,9663,2013,365382.0,16633630.0,1.6639689999999998,-0.48651300000000003,USA,KOR,900319
6446965,239,121,9663,2013,6743.0,488925.0,-0.11426900000000001,1.399738,VNM,KOR,900319
6446966,246,121,9663,2013,8131.0,165645.0,0.380284,1.5682120000000002,ZAF,KOR,900319
6446967,247,121,9663,2013,0.0,39577.0,-0.382129,-0.5442229999999999,ZMB,KOR,900319
6446968,248,121,9663,2013,0.0,13336.0,-0.828702,-0.899175,ZWE,KOR,900319
6446969,249,121,9663,2013,89811.0,1112923.0,1.843186,0.9432379999999999,TWN,KOR,900319
6446970,7,122,9663,2013,12235.0,30246.0,-0.074047,-0.585168,ARE,KWT,900319
6446971,15,122,9663,2013,117515.0,0.0,1.7209240000000001,-0.286892,AUT,KWT,900319
6446972,24,122,9663,2013,18537.0,2026.0,0.249681,-0.6204270000000001,BHR,KWT,900319
6446973,32,122,9663,2013,1508.0,0.0,0.14765899999999998,0.399262,BRA,KWT,900319
6446974,41,122,9663,2013,5197.0,0.0,2.2104470000000003,0.5403479999999999,CHE,KWT,900319
6446975,43,122,9663,2013,95990.0,0.0,1.113767,1.477496,CHN,KWT,900319
6446976,61,122,9663,2013,554609.0,0.0,2.093658,-3.4281980000000005,DEU,KWT,900319
6446977,64,122,9663,2013,80713.0,0.0,1.161835,1.1788450000000001,DNK,KWT,900319
6446978,71,122,9663,2013,42488.0,0.0,0.861698,2.353993,ESP,KWT,900319
6446979,77,122,9663,2013,314416.0,2620.0,1.520354,0.022874000000000002,FRA,KWT,900319
6446980,81,122,9663,2013,135941.0,0.0,1.7901259999999999,0.44164,GBR,KWT,900319
6446981,97,122,9663,2013,2032.0,5174.0,0.744383,1.923139,HKG,KWT,900319
6446982,106,122,9663,2013,1520.0,0.0,1.29988,0.240688,IRL,KWT,900319
6446983,111,122,9663,2013,747841.0,1661.0,1.289924,0.533436,ITA,KWT,900319
6446984,114,122,9663,2013,33299.0,0.0,2.3993130000000003,-0.564768,JPN,KWT,900319
6446985,121,122,9663,2013,3811.0,0.0,1.818383,0.75645,KOR,KWT,900319
6446986,124,122,9663,2013,3390.0,0.0,0.283084,1.4289100000000001,LBN,KWT,900319
6446987,162,122,9663,2013,1923.0,0.0,1.184107,1.249557,NLD,KWT,900319
6446988,224,122,9663,2013,3338.0,0.0,0.42932299999999995,2.690235,TUR,KWT,900319
6446989,231,122,9663,2013,18174.0,0.0,1.6639689999999998,-0.48651300000000003,USA,KWT,900319
6446990,249,122,9663,2013,3780.0,0.0,1.843186,0.9432379999999999,TWN,KWT,900319
6446991,15,138,9663,2013,173990.0,10004.0,1.7209240000000001,-0.286892,AUT,MEX,900319
6446992,18,138,9663,2013,8829.0,0.0,1.316207,0.972601,BEL,MEX,900319
6446993,39,138,9663,2013,3698.0,3198.0,0.719649,1.017046,CAN,MEX,900319
6446994,41,138,9663,2013,938062.0,111280.0,2.2104470000000003,0.5403479999999999,CHE,MEX,900319
6446995,42,138,9663,2013,3037.0,0.0,-0.260718,-0.38256100000000004,CHL,MEX,900319
6446996,43,138,9663,2013,10405757.0,0.0,1.113767,1.477496,CHN,MEX,900319
6446997,52,138,9663,2013,0.0,5147.0,0.067379,-0.688217,CRI,MEX,900319
6446998,59,138,9663,2013,12936.0,0.0,1.819653,-0.12423800000000002,CZE,MEX,900319
6446999,61,138,9663,2013,599881.0,1121.0,2.093658,-3.4281980000000005,DEU,MEX,900319
6447000,64,138,9663,2013,573502.0,1893.0,1.161835,1.1788450000000001,DNK,MEX,900319
6447001,71,138,9663,2013,85280.0,0.0,0.861698,2.353993,ESP,MEX,900319
6447002,77,138,9663,2013,1838775.0,1615.0,1.520354,0.022874000000000002,FRA,MEX,900319
6447003,81,138,9663,2013,32752.0,916.0,1.7901259999999999,0.44164,GBR,MEX,900319
6447004,93,138,9663,2013,16511.0,30900.0,-0.41466499999999995,0.774788,GTM,MEX,900319
6447005,97,138,9663,2013,774984.0,24585.0,0.744383,1.923139,HKG,MEX,900319
6447006,106,138,9663,2013,29602.0,0.0,1.29988,0.240688,IRL,MEX,900319
6447007,110,138,9663,2013,0.0,2487.0,1.197241,0.633828,ISR,MEX,900319
6447008,111,138,9663,2013,6498322.0,134196.0,1.289924,0.533436,ITA,MEX,900319
6447009,114,138,9663,2013,30038.0,0.0,2.3993130000000003,-0.564768,JPN,MEX,900319
6447010,121,138,9663,2013,31554.0,0.0,1.818383,0.75645,KOR,MEX,900319
6447011,131,138,9663,2013,11319.0,0.0,1.170459,1.150327,LUX,MEX,900319
6447012,134,138,9663,2013,0.0,13441.0,-0.6494260000000001,-0.035075999999999996,MAR,MEX,900319
6447013,153,138,9663,2013,25394.0,0.0,0.937641,0.747496,MYS,MEX,900319
6447014,162,138,9663,2013,5324.0,0.0,1.184107,1.249557,NLD,MEX,900319
6447015,169,138,9663,2013,14505.0,4172.0,0.735637,1.161718,PAN,MEX,900319
6447016,177,138,9663,2013,2932.0,0.0,1.084332,1.216749,POL,MEX,900319
6447017,178,138,9663,2013,133657.0,0.0,-0.414538,-0.22449299999999997,PRK,MEX,900319
6447018,197,138,9663,2013,0.0,30433.0,-0.021029,0.381522,SLV,MEX,900319
6447019,231,138,9663,2013,22272476.0,103292.0,1.6639689999999998,-0.48651300000000003,USA,MEX,900319
6447020,236,138,9663,2013,0.0,20219.0,-0.778172,-1.107059,VEN,MEX,900319
6447021,249,138,9663,2013,23558.0,0.0,1.843186,0.9432379999999999,TWN,MEX,900319
6447022,250,138,9663,2013,12474.0,0.0,0.628555,0.277602,ANS,MEX,900319
6447023,7,153,9663,2013,0.0,2367.0,-0.074047,-0.585168,ARE,MYS,900319
6447024,8,153,9663,2013,0.0,42245.0,0.20314300000000002,0.494062,ARG,MYS,900319
6447025,14,153,9663,2013,3440.0,0.0,-0.31145700000000004,-0.167628,AUS,MYS,900319
6447026,15,153,9663,2013,24696.0,0.0,1.7209240000000001,-0.286892,AUT,MYS,900319
6447027,18,153,9663,2013,9533.0,0.0,1.316207,0.972601,BEL,MYS,900319
6447028,32,153,9663,2013,0.0,169218.0,0.14765899999999998,0.399262,BRA,MYS,900319
6447029,34,153,9663,2013,0.0,41866.0,-0.866827,-0.795995,BRN,MYS,900319
6447030,39,153,9663,2013,8025.0,0.0,0.719649,1.017046,CAN,MYS,900319
6447031,41,153,9663,2013,1134.0,2498.0,2.2104470000000003,0.5403479999999999,CHE,MYS,900319
6447032,43,153,9663,2013,1569653.0,6494.0,1.113767,1.477496,CHN,MYS,900319
6447033,49,153,9663,2013,0.0,1663.0,0.121799,-0.388239,COL,MYS,900319
6447034,59,153,9663,2013,9159.0,5093.0,1.819653,-0.12423800000000002,CZE,MYS,900319
6447035,61,153,9663,2013,657041.0,11341.0,2.093658,-3.4281980000000005,DEU,MYS,900319
6447036,64,153,9663,2013,247092.0,0.0,1.161835,1.1788450000000001,DNK,MYS,900319
6447037,71,153,9663,2013,1019.0,0.0,0.861698,2.353993,ESP,MYS,900319
6447038,74,153,9663,2013,0.0,12583.0,1.734552,0.8896940000000001,FIN,MYS,900319
6447039,77,153,9663,2013,100699.0,0.0,1.520354,0.022874000000000002,FRA,MYS,900319
6447040,81,153,9663,2013,9638.0,4540.0,1.7901259999999999,0.44164,GBR,MYS,900319
6447041,97,153,9663,2013,6380146.0,38350.0,0.744383,1.923139,HKG,MYS,900319
6447042,102,153,9663,2013,0.0,4270.0,1.506101,0.7279220000000001,HUN,MYS,900319
6447043,103,153,9663,2013,4046.0,153112.0,-0.216854,1.415728,IDN,MYS,900319
6447044,111,153,9663,2013,368080.0,1877.0,1.289924,0.533436,ITA,MYS,900319
6447045,114,153,9663,2013,968354.0,1692562.0,2.3993130000000003,-0.564768,JPN,MYS,900319
6447046,121,153,9663,2013,231507.0,0.0,1.818383,0.75645,KOR,MYS,900319
6447047,131,153,9663,2013,15774.0,0.0,1.170459,1.150327,LUX,MYS,900319
6447048,134,153,9663,2013,0.0,522233.0,-0.6494260000000001,-0.035075999999999996,MAR,MYS,900319
6447049,138,153,9663,2013,0.0,25394.0,1.048507,0.718932,MEX,MYS,900319
6447050,151,153,9663,2013,0.0,6137.0,-0.158852,0.0061600000000000005,MUS,MYS,900319
6447051,162,153,9663,2013,15917.0,0.0,1.184107,1.249557,NLD,MYS,900319
6447052,163,153,9663,2013,0.0,2472.0,0.892099,0.18168399999999998,NOR,MYS,900319
6447053,166,153,9663,2013,0.0,2870.0,0.3345,0.39063000000000003,NZL,MYS,900319
6447054,174,153,9663,2013,4204.0,0.0,0.507868,0.355403,PHL,MYS,900319
6447055,188,153,9663,2013,0.0,4050.0,0.626347,-0.844406,SAU,MYS,900319
6447056,192,153,9663,2013,6366384.0,264589.0,1.915504,0.619576,SGP,MYS,900319
6447057,216,153,9663,2013,28001.0,18798.0,0.8752139999999999,1.3798620000000001,THA,MYS,900319
6447058,231,153,9663,2013,179874.0,11409.0,1.6639689999999998,-0.48651300000000003,USA,MYS,900319
6447059,236,153,9663,2013,0.0,1583.0,-0.778172,-1.107059,VEN,MYS,900319
6447060,239,153,9663,2013,1609.0,0.0,-0.11426900000000001,1.399738,VNM,MYS,900319
6447061,248,153,9663,2013,0.0,2248.0,-0.828702,-0.899175,ZWE,MYS,900319
6447062,249,153,9663,2013,100140.0,6039.0,1.843186,0.9432379999999999,TWN,MYS,900319
6447063,0,162,9663,2013,0.0,5751.0,0.913235,-0.149061,ABW,NLD,900319
6447064,2,162,9663,2013,0.0,6795.0,-1.172043,-1.133735,AGO,NLD,900319
6447065,7,162,9663,2013,11301.0,25304.0,-0.074047,-0.585168,ARE,NLD,900319
6447066,14,162,9663,2013,49733.0,182006.0,-0.31145700000000004,-0.167628,AUS,NLD,900319
6447067,15,162,9663,2013,623685.0,159033.0,1.7209240000000001,-0.286892,AUT,NLD,900319
6447068,18,162,9663,2013,1880048.0,3297537.0,1.316207,0.972601,BEL,NLD,900319
6447069,23,162,9663,2013,0.0,174948.0,0.5026109999999999,1.674296,BGR,NLD,900319
6447070,24,162,9663,2013,0.0,2743.0,0.249681,-0.6204270000000001,BHR,NLD,900319
6447071,26,162,9663,2013,0.0,20574.0,0.46743199999999996,0.7340800000000001,BIH,NLD,900319
6447072,32,162,9663,2013,6690.0,8894.0,0.14765899999999998,0.399262,BRA,NLD,900319
6447073,33,162,9663,2013,0.0,7186.0,0.6969489999999999,0.135283,BRB,NLD,900319
6447074,39,162,9663,2013,15573.0,484754.0,0.719649,1.017046,CAN,NLD,900319
6447075,41,162,9663,2013,203244.0,155292.0,2.2104470000000003,0.5403479999999999,CHE,NLD,900319
6447076,42,162,9663,2013,0.0,15289.0,-0.260718,-0.38256100000000004,CHL,NLD,900319
6447077,43,162,9663,2013,8420375.0,100521.0,1.113767,1.477496,CHN,NLD,900319
6447078,55,162,9663,2013,0.0,1636.0,0.029981999999999998,-0.673439,CUW,NLD,900319
6447079,57,162,9663,2013,0.0,1506.0,0.391996,-0.73249,CYM,NLD,900319
6447080,58,162,9663,2013,0.0,36912.0,0.502238,0.349608,CYP,NLD,900319
6447081,59,162,9663,2013,9594.0,294126.0,1.819653,-0.12423800000000002,CZE,NLD,900319
6447082,61,162,9663,2013,8684267.0,3460590.0,2.093658,-3.4281980000000005,DEU,NLD,900319
6447083,64,162,9663,2013,5610036.0,37155.0,1.161835,1.1788450000000001,DNK,NLD,900319
6447084,71,162,9663,2013,456330.0,2572789.0,0.861698,2.353993,ESP,NLD,900319
6447085,72,162,9663,2013,0.0,82877.0,0.8828940000000001,1.386574,EST,NLD,900319
6447086,74,162,9663,2013,0.0,74705.0,1.734552,0.8896940000000001,FIN,NLD,900319
6447087,77,162,9663,2013,6730066.0,4526340.0,1.520354,0.022874000000000002,FRA,NLD,900319
6447088,81,162,9663,2013,766268.0,6089470.0,1.7901259999999999,0.44164,GBR,NLD,900319
6447089,82,162,9663,2013,0.0,11820.0,-0.160691,-0.393419,GEO,NLD,900319
6447090,83,162,9663,2013,0.0,6801.0,-0.7316010000000001,-0.5327689999999999,GHA,NLD,900319
6447091,90,162,9663,2013,84925.0,143290.0,0.18823800000000002,0.910906,GRC,NLD,900319
6447092,97,162,9663,2013,2549945.0,57679.0,0.744383,1.923139,HKG,NLD,900319
6447093,100,162,9663,2013,0.0,12903.0,0.898284,1.038807,HRV,NLD,900319
6447094,102,162,9663,2013,0.0,98259.0,1.506101,0.7279220000000001,HUN,NLD,900319
6447095,106,162,9663,2013,85142.0,175662.0,1.29988,0.240688,IRL,NLD,900319
6447096,109,162,9663,2013,0.0,9472.0,0.259374,-0.20413299999999998,ISL,NLD,900319
6447097,110,162,9663,2013,0.0,150255.0,1.197241,0.633828,ISR,NLD,900319
6447098,111,162,9663,2013,14019424.0,1580393.0,1.289924,0.533436,ITA,NLD,900319
6447099,113,162,9663,2013,0.0,4671.0,0.152659,0.5889979999999999,JOR,NLD,900319
6447100,114,162,9663,2013,827126.0,0.0,2.3993130000000003,-0.564768,JPN,NLD,900319
6447101,116,162,9663,2013,0.0,6371.0,-0.448112,0.8672719999999999,KEN,NLD,900319
6447102,121,162,9663,2013,4073191.0,26265.0,1.818383,0.75645,KOR,NLD,900319
6447103,122,162,9663,2013,0.0,1923.0,-0.536384,-1.08382,KWT,NLD,900319
6447104,124,162,9663,2013,0.0,41930.0,0.283084,1.4289100000000001,LBN,NLD,900319
6447105,126,162,9663,2013,0.0,33397.0,-1.6241459999999999,-1.1817950000000002,LBY,NLD,900319
6447106,130,162,9663,2013,1136.0,65771.0,0.737796,1.215543,LTU,NLD,900319
6447107,131,162,9663,2013,27964.0,66520.0,1.170459,1.150327,LUX,NLD,900319
6447108,132,162,9663,2013,0.0,36928.0,0.6219439999999999,1.166749,LVA,NLD,900319
6447109,133,162,9663,2013,6600.0,0.0,0.252209,0.184401,MAC,NLD,900319
6447110,134,162,9663,2013,0.0,33613.0,-0.6494260000000001,-0.035075999999999996,MAR,NLD,900319
6447111,138,162,9663,2013,0.0,5324.0,1.048507,0.718932,MEX,NLD,900319
6447112,142,162,9663,2013,0.0,5534.0,0.8519760000000001,-0.075869,MLT,NLD,900319
6447113,151,162,9663,2013,0.0,12365.0,-0.158852,0.0061600000000000005,MUS,NLD,900319
6447114,152,162,9663,2013,0.0,4039.0,-0.8992120000000001,-0.862175,MWI,NLD,900319
6447115,153,162,9663,2013,0.0,15917.0,0.937641,0.747496,MYS,NLD,900319
6447116,155,162,9663,2013,0.0,1075.0,-0.308643,-0.480617,NAM,NLD,900319
6447117,156,162,9663,2013,0.0,8992.0,-0.136052,-0.703913,NCL,NLD,900319
6447118,160,162,9663,2013,0.0,1496.0,-0.9277,-0.6842630000000001,NIC,NLD,900319
6447119,163,162,9663,2013,7973.0,27472.0,0.892099,0.18168399999999998,NOR,NLD,900319
6447120,166,162,9663,2013,1303.0,69836.0,0.3345,0.39063000000000003,NZL,NLD,900319
6447121,169,162,9663,2013,0.0,7163.0,0.735637,1.161718,PAN,NLD,900319
6447122,177,162,9663,2013,3171.0,383189.0,1.084332,1.216749,POL,NLD,900319
6447123,179,162,9663,2013,27225.0,427717.0,0.541454,2.5228610000000002,PRT,NLD,900319
6447124,185,162,9663,2013,0.0,116906.0,0.792035,1.225034,ROU,NLD,900319
6447125,186,162,9663,2013,0.0,183826.0,0.481166,-0.180052,RUS,NLD,900319
6447126,191,162,9663,2013,0.0,6260.0,-0.523662,-0.309101,SEN,NLD,900319
6447127,192,162,9663,2013,1523.0,0.0,1.915504,0.619576,SGP,NLD,900319
6447128,197,162,9663,2013,0.0,2020.0,-0.021029,0.381522,SLV,NLD,900319
6447129,205,162,9663,2013,0.0,17733.0,-0.417865,-0.7600399999999999,SUR,NLD,900319
6447130,206,162,9663,2013,0.0,10240.0,1.32064,0.7519819999999999,SVK,NLD,900319
6447131,207,162,9663,2013,0.0,434079.0,1.698374,0.563082,SVN,NLD,900319
6447132,208,162,9663,2013,621603.0,276596.0,1.869421,0.228109,SWE,NLD,900319
6447133,216,162,9663,2013,19273.0,0.0,0.8752139999999999,1.3798620000000001,THA,NLD,900319
6447134,223,162,9663,2013,0.0,11714.0,0.185528,1.0070700000000001,TUN,NLD,900319
6447135,224,162,9663,2013,21720.0,103209.0,0.42932299999999995,2.690235,TUR,NLD,900319
6447136,227,162,9663,2013,0.0,293595.0,-0.5462279999999999,0.200682,UGA,NLD,900319
6447137,230,162,9663,2013,0.0,16694.0,0.20190999999999998,-0.19777999999999998,URY,NLD,900319
6447138,231,162,9663,2013,309958.0,275476.0,1.6639689999999998,-0.48651300000000003,USA,NLD,900319
6447139,246,162,9663,2013,1281.0,27356.0,0.380284,1.5682120000000002,ZAF,NLD,900319
6447140,249,162,9663,2013,84244.0,11217.0,1.843186,0.9432379999999999,TWN,NLD,900319
6447141,14,163,9663,2013,1592.0,0.0,-0.31145700000000004,-0.167628,AUS,NOR,900319
6447142,15,163,9663,2013,555874.0,108603.0,1.7209240000000001,-0.286892,AUT,NOR,900319
6447143,18,163,9663,2013,38123.0,15647.0,1.316207,0.972601,BEL,NOR,900319
6447144,41,163,9663,2013,204055.0,29522.0,2.2104470000000003,0.5403479999999999,CHE,NOR,900319
6447145,43,163,9663,2013,254615.0,0.0,1.113767,1.477496,CHN,NOR,900319
6447146,59,163,9663,2013,12497.0,0.0,1.819653,-0.12423800000000002,CZE,NOR,900319
6447147,61,163,9663,2013,939437.0,4857.0,2.093658,-3.4281980000000005,DEU,NOR,900319
6447148,64,163,9663,2013,2087058.0,249584.0,1.161835,1.1788450000000001,DNK,NOR,900319
6447149,71,163,9663,2013,2397.0,1457.0,0.861698,2.353993,ESP,NOR,900319
6447150,72,163,9663,2013,4047.0,0.0,0.8828940000000001,1.386574,EST,NOR,900319
6447151,74,163,9663,2013,2348.0,40304.0,1.734552,0.8896940000000001,FIN,NOR,900319
6447152,77,163,9663,2013,438397.0,3596.0,1.520354,0.022874000000000002,FRA,NOR,900319
6447153,81,163,9663,2013,85431.0,195892.0,1.7901259999999999,0.44164,GBR,NOR,900319
6447154,97,163,9663,2013,875382.0,0.0,0.744383,1.923139,HKG,NOR,900319
6447155,109,163,9663,2013,0.0,5549.0,0.259374,-0.20413299999999998,ISL,NOR,900319
6447156,111,163,9663,2013,1392276.0,24338.0,1.289924,0.533436,ITA,NOR,900319
6447157,114,163,9663,2013,412638.0,0.0,2.3993130000000003,-0.564768,JPN,NOR,900319
6447158,121,163,9663,2013,191012.0,5086.0,1.818383,0.75645,KOR,NOR,900319
6447159,153,163,9663,2013,2472.0,0.0,0.937641,0.747496,MYS,NOR,900319
6447160,162,163,9663,2013,27472.0,7973.0,1.184107,1.249557,NLD,NOR,900319
6447161,186,163,9663,2013,1954.0,0.0,0.481166,-0.180052,RUS,NOR,900319
6447162,192,163,9663,2013,3041.0,0.0,1.915504,0.619576,SGP,NOR,900319
6447163,208,163,9663,2013,2087071.0,1936020.0,1.869421,0.228109,SWE,NOR,900319
6447164,216,163,9663,2013,6024.0,0.0,0.8752139999999999,1.3798620000000001,THA,NOR,900319
6447165,231,163,9663,2013,87129.0,0.0,1.6639689999999998,-0.48651300000000003,USA,NOR,900319
6447166,239,163,9663,2013,5947.0,0.0,-0.11426900000000001,1.399738,VNM,NOR,900319
6447167,249,163,9663,2013,10918.0,0.0,1.843186,0.9432379999999999,TWN,NOR,900319
6447168,14,166,9663,2013,2963201.0,225065.0,-0.31145700000000004,-0.167628,AUS,NZL,900319
6447169,15,166,9663,2013,250235.0,2042.0,1.7209240000000001,-0.286892,AUT,NZL,900319
6447170,18,166,9663,2013,52490.0,0.0,1.316207,0.972601,BEL,NZL,900319
6447171,39,166,9663,2013,35614.0,9662.0,0.719649,1.017046,CAN,NZL,900319
6447172,41,166,9663,2013,20798.0,0.0,2.2104470000000003,0.5403479999999999,CHE,NZL,900319
6447173,43,166,9663,2013,357464.0,0.0,1.113767,1.477496,CHN,NZL,900319
6447174,48,166,9663,2013,0.0,1951.0,0.483939,-0.42226400000000003,COK,NZL,900319
6447175,61,166,9663,2013,200735.0,5736.0,2.093658,-3.4281980000000005,DEU,NZL,900319
6447176,64,166,9663,2013,95656.0,6135.0,1.161835,1.1788450000000001,DNK,NZL,900319
6447177,71,166,9663,2013,53180.0,9726.0,0.861698,2.353993,ESP,NZL,900319
6447178,75,166,9663,2013,0.0,11096.0,-0.5203369999999999,-0.122405,FJI,NZL,900319
6447179,77,166,9663,2013,80927.0,0.0,1.520354,0.022874000000000002,FRA,NZL,900319
6447180,81,166,9663,2013,159178.0,3364.0,1.7901259999999999,0.44164,GBR,NZL,900319
6447181,97,166,9663,2013,163762.0,0.0,0.744383,1.923139,HKG,NZL,900319
6447182,106,166,9663,2013,1339.0,0.0,1.29988,0.240688,IRL,NZL,900319
6447183,107,166,9663,2013,1176.0,0.0,-0.339172,-0.237114,IRN,NZL,900319
6447184,110,166,9663,2013,4561.0,0.0,1.197241,0.633828,ISR,NZL,900319
6447185,111,166,9663,2013,93236.0,2339.0,1.289924,0.533436,ITA,NZL,900319
6447186,114,166,9663,2013,38339.0,0.0,2.3993130000000003,-0.564768,JPN,NZL,900319
6447187,121,166,9663,2013,149847.0,0.0,1.818383,0.75645,KOR,NZL,900319
6447188,131,166,9663,2013,6859.0,0.0,1.170459,1.150327,LUX,NZL,900319
6447189,153,166,9663,2013,2870.0,0.0,0.937641,0.747496,MYS,NZL,900319
6447190,162,166,9663,2013,69836.0,1303.0,1.184107,1.249557,NLD,NZL,900319
6447191,173,166,9663,2013,0.0,995.0,-0.573852,0.357977,PER,NZL,900319
6447192,174,166,9663,2013,4273.0,0.0,0.507868,0.355403,PHL,NZL,900319
6447193,231,166,9663,2013,10742.0,1994.0,1.6639689999999998,-0.48651300000000003,USA,NZL,900319
6447194,242,166,9663,2013,0.0,1545.0,0.824724,0.056441,WSM,NZL,900319
6447195,249,166,9663,2013,1284.0,0.0,1.843186,0.9432379999999999,TWN,NZL,900319
6447196,0,169,9663,2013,0.0,3151.0,0.913235,-0.149061,ABW,PAN,900319
6447197,8,169,9663,2013,3201.0,0.0,0.20314300000000002,0.494062,ARG,PAN,900319
6447198,15,169,9663,2013,41776.0,0.0,1.7209240000000001,-0.286892,AUT,PAN,900319
6447199,31,169,9663,2013,0.0,9051.0,-1.039614,-0.95663,BOL,PAN,900319
6447200,32,169,9663,2013,0.0,311.0,0.14765899999999998,0.399262,BRA,PAN,900319
6447201,42,169,9663,2013,0.0,82656.0,-0.260718,-0.38256100000000004,CHL,PAN,900319
6447202,43,169,9663,2013,2823409.0,0.0,1.113767,1.477496,CHN,PAN,900319
6447203,49,169,9663,2013,25324.0,27133.0,0.121799,-0.388239,COL,PAN,900319
6447204,52,169,9663,2013,0.0,115466.0,0.067379,-0.688217,CRI,PAN,900319
6447205,61,169,9663,2013,2537.0,0.0,2.093658,-3.4281980000000005,DEU,PAN,900319
6447206,65,169,9663,2013,0.0,205513.0,-0.277269,0.432388,DOM,PAN,900319
6447207,67,169,9663,2013,0.0,38520.0,-0.86546,-0.8888389999999999,ECU,PAN,900319
6447208,77,169,9663,2013,100000.0,0.0,1.520354,0.022874000000000002,FRA,PAN,900319
6447209,81,169,9663,2013,8246.0,0.0,1.7901259999999999,0.44164,GBR,PAN,900319
6447210,93,169,9663,2013,0.0,240281.0,-0.41466499999999995,0.774788,GTM,PAN,900319
6447211,96,169,9663,2013,0.0,1296.0,-0.8555590000000001,-0.9744450000000001,GUY,PAN,900319
6447212,97,169,9663,2013,70358.0,0.0,0.744383,1.923139,HKG,PAN,900319
6447213,99,169,9663,2013,0.0,136953.0,-0.731431,-0.310927,HND,PAN,900319
6447214,101,169,9663,2013,0.0,81420.0,-1.095392,-0.957326,HTI,PAN,900319
6447215,111,169,9663,2013,231222.0,0.0,1.289924,0.533436,ITA,PAN,900319
6447216,112,169,9663,2013,0.0,1453.0,-0.541441,-0.8448559999999999,JAM,PAN,900319
6447217,138,169,9663,2013,4172.0,14505.0,1.048507,0.718932,MEX,PAN,900319
6447218,160,169,9663,2013,0.0,182009.0,-0.9277,-0.6842630000000001,NIC,PAN,900319
6447219,162,169,9663,2013,7163.0,0.0,1.184107,1.249557,NLD,PAN,900319
6447220,173,169,9663,2013,0.0,478460.0,-0.573852,0.357977,PER,PAN,900319
6447221,180,169,9663,2013,0.0,751.0,-0.566239,-0.9273459999999999,PRY,PAN,900319
6447222,197,169,9663,2013,0.0,638.0,-0.021029,0.381522,SLV,PAN,900319
6447223,222,169,9663,2013,0.0,7534.0,-0.280641,-1.083332,TTO,PAN,900319
6447224,230,169,9663,2013,0.0,13287.0,0.20190999999999998,-0.19777999999999998,URY,PAN,900319
6447225,231,169,9663,2013,493530.0,5462.0,1.6639689999999998,-0.48651300000000003,USA,PAN,900319
6447226,236,169,9663,2013,2300.0,1952083.0,-0.778172,-1.107059,VEN,PAN,900319
6447227,250,169,9663,2013,60841.0,193152.0,0.628555,0.277602,ANS,PAN,900319
6447228,8,173,9663,2013,139413.0,0.0,0.20314300000000002,0.494062,ARG,PER,900319
6447229,15,173,9663,2013,50292.0,0.0,1.7209240000000001,-0.286892,AUT,PER,900319
6447230,32,173,9663,2013,347547.0,0.0,0.14765899999999998,0.399262,BRA,PER,900319
6447231,39,173,9663,2013,5625.0,0.0,0.719649,1.017046,CAN,PER,900319
6447232,41,173,9663,2013,1006.0,0.0,2.2104470000000003,0.5403479999999999,CHE,PER,900319
6447233,42,173,9663,2013,199817.0,7684.0,-0.260718,-0.38256100000000004,CHL,PER,900319
6447234,43,173,9663,2013,2340526.0,0.0,1.113767,1.477496,CHN,PER,900319
6447235,49,173,9663,2013,12623.0,21794.0,0.121799,-0.388239,COL,PER,900319
6447236,71,173,9663,2013,15272.0,0.0,0.861698,2.353993,ESP,PER,900319
6447237,77,173,9663,2013,8268.0,0.0,1.520354,0.022874000000000002,FRA,PER,900319
6447238,81,173,9663,2013,14325.0,0.0,1.7901259999999999,0.44164,GBR,PER,900319
6447239,97,173,9663,2013,9425.0,0.0,0.744383,1.923139,HKG,PER,900319
6447240,111,173,9663,2013,1197788.0,0.0,1.289924,0.533436,ITA,PER,900319
6447241,114,173,9663,2013,4177.0,0.0,2.3993130000000003,-0.564768,JPN,PER,900319
6447242,121,173,9663,2013,164919.0,0.0,1.818383,0.75645,KOR,PER,900319
6447243,166,173,9663,2013,995.0,0.0,0.3345,0.39063000000000003,NZL,PER,900319
6447244,169,173,9663,2013,478460.0,0.0,0.735637,1.161718,PAN,PER,900319
6447245,231,173,9663,2013,587655.0,0.0,1.6639689999999998,-0.48651300000000003,USA,PER,900319
6447246,249,173,9663,2013,3041.0,0.0,1.843186,0.9432379999999999,TWN,PER,900319
6447247,14,174,9663,2013,15055.0,917652.0,-0.31145700000000004,-0.167628,AUS,PHL,900319
6447248,15,174,9663,2013,5567.0,0.0,1.7209240000000001,-0.286892,AUT,PHL,900319
6447249,18,174,9663,2013,12594.0,0.0,1.316207,0.972601,BEL,PHL,900319
6447250,34,174,9663,2013,0.0,2919.0,-0.866827,-0.795995,BRN,PHL,900319
6447251,39,174,9663,2013,0.0,181459.0,0.719649,1.017046,CAN,PHL,900319
6447252,43,174,9663,2013,559731.0,22556.0,1.113767,1.477496,CHN,PHL,900319
6447253,59,174,9663,2013,6424.0,0.0,1.819653,-0.12423800000000002,CZE,PHL,900319
6447254,61,174,9663,2013,6850.0,0.0,2.093658,-3.4281980000000005,DEU,PHL,900319
6447255,64,174,9663,2013,67306.0,4123212.0,1.161835,1.1788450000000001,DNK,PHL,900319
6447256,77,174,9663,2013,42995.0,0.0,1.520354,0.022874000000000002,FRA,PHL,900319
6447257,97,174,9663,2013,21347.0,454438.0,0.744383,1.923139,HKG,PHL,900319
6447258,111,174,9663,2013,118942.0,1829.0,1.289924,0.533436,ITA,PHL,900319
6447259,114,174,9663,2013,6033.0,449787.0,2.3993130000000003,-0.564768,JPN,PHL,900319
6447260,121,174,9663,2013,4998.0,1743.0,1.818383,0.75645,KOR,PHL,900319
6447261,137,174,9663,2013,0.0,2941.0,-0.21889699999999998,-0.776392,MDV,PHL,900319
6447262,153,174,9663,2013,0.0,4204.0,0.937641,0.747496,MYS,PHL,900319
6447263,166,174,9663,2013,0.0,4273.0,0.3345,0.39063000000000003,NZL,PHL,900319
6447264,192,174,9663,2013,1196047.0,52574.0,1.915504,0.619576,SGP,PHL,900319
6447265,208,174,9663,2013,0.0,4980.0,1.869421,0.228109,SWE,PHL,900319
6447266,216,174,9663,2013,0.0,2002.0,0.8752139999999999,1.3798620000000001,THA,PHL,900319
6447267,231,174,9663,2013,60160.0,168298.0,1.6639689999999998,-0.48651300000000003,USA,PHL,900319
6447268,249,174,9663,2013,0.0,6554.0,1.843186,0.9432379999999999,TWN,PHL,900319
6447269,4,177,9663,2013,0.0,1266.0,-0.53682,-0.162391,ALB,POL,900319
6447270,7,177,9663,2013,0.0,1575.0,-0.074047,-0.585168,ARE,POL,900319
6447271,9,177,9663,2013,0.0,2448.0,-0.076922,-0.5781390000000001,ARM,POL,900319
6447272,14,177,9663,2013,2134.0,964.0,-0.31145700000000004,-0.167628,AUS,POL,900319
6447273,15,177,9663,2013,171003.0,0.0,1.7209240000000001,-0.286892,AUT,POL,900319
6447274,16,177,9663,2013,0.0,17631.0,-0.9232870000000001,-1.165928,AZE,POL,900319
6447275,18,177,9663,2013,0.0,13517.0,1.316207,0.972601,BEL,POL,900319
6447276,23,177,9663,2013,0.0,66691.0,0.5026109999999999,1.674296,BGR,POL,900319
6447277,26,177,9663,2013,0.0,10832.0,0.46743199999999996,0.7340800000000001,BIH,POL,900319
6447278,28,177,9663,2013,2371.0,129617.0,1.036923,0.864568,BLR,POL,900319
6447279,32,177,9663,2013,0.0,22944.0,0.14765899999999998,0.399262,BRA,POL,900319
6447280,39,177,9663,2013,84891.0,232813.0,0.719649,1.017046,CAN,POL,900319
6447281,41,177,9663,2013,38435.0,2367.0,2.2104470000000003,0.5403479999999999,CHE,POL,900319
6447282,43,177,9663,2013,3132787.0,9118.0,1.113767,1.477496,CHN,POL,900319
6447283,59,177,9663,2013,180065.0,41588.0,1.819653,-0.12423800000000002,CZE,POL,900319
6447284,61,177,9663,2013,3963198.0,143495.0,2.093658,-3.4281980000000005,DEU,POL,900319
6447285,64,177,9663,2013,279344.0,9780.0,1.161835,1.1788450000000001,DNK,POL,900319
6447286,66,177,9663,2013,0.0,11330.0,-1.373947,-1.1523459999999999,DZA,POL,900319
6447287,71,177,9663,2013,34150.0,2734.0,0.861698,2.353993,ESP,POL,900319
6447288,72,177,9663,2013,0.0,26161.0,0.8828940000000001,1.386574,EST,POL,900319
6447289,74,177,9663,2013,7285.0,3781.0,1.734552,0.8896940000000001,FIN,POL,900319
6447290,77,177,9663,2013,848221.0,53599.0,1.520354,0.022874000000000002,FRA,POL,900319
6447291,80,177,9663,2013,0.0,1308.0,-1.6582830000000002,-1.155302,GAB,POL,900319
6447292,81,177,9663,2013,238566.0,925747.0,1.7901259999999999,0.44164,GBR,POL,900319
6447293,83,177,9663,2013,0.0,7632.0,-0.7316010000000001,-0.5327689999999999,GHA,POL,900319
6447294,90,177,9663,2013,2027.0,43089.0,0.18823800000000002,0.910906,GRC,POL,900319
6447295,97,177,9663,2013,224803.0,9167.0,0.744383,1.923139,HKG,POL,900319
6447296,100,177,9663,2013,0.0,80677.0,0.898284,1.038807,HRV,POL,900319
6447297,102,177,9663,2013,18793.0,82285.0,1.506101,0.7279220000000001,HUN,POL,900319
6447298,104,177,9663,2013,56037.0,0.0,0.215356,2.3916209999999998,IND,POL,900319
6447299,106,177,9663,2013,5320.0,0.0,1.29988,0.240688,IRL,POL,900319
6447300,110,177,9663,2013,2981.0,13782.0,1.197241,0.633828,ISR,POL,900319
6447301,111,177,9663,2013,2954250.0,34141.0,1.289924,0.533436,ITA,POL,900319
6447302,114,177,9663,2013,214119.0,2585.0,2.3993130000000003,-0.564768,JPN,POL,900319
6447303,115,177,9663,2013,0.0,16077.0,-0.680678,-0.83347,KAZ,POL,900319
6447304,121,177,9663,2013,169449.0,6067.0,1.818383,0.75645,KOR,POL,900319
6447305,130,177,9663,2013,25854.0,74447.0,0.737796,1.215543,LTU,POL,900319
6447306,132,177,9663,2013,0.0,28399.0,0.6219439999999999,1.166749,LVA,POL,900319
6447307,135,177,9663,2013,0.0,1579.0,-0.016235,0.132104,MDA,POL,900319
6447308,137,177,9663,2013,0.0,2332.0,-0.21889699999999998,-0.776392,MDV,POL,900319
6447309,138,177,9663,2013,0.0,2932.0,1.048507,0.718932,MEX,POL,900319
6447310,140,177,9663,2013,0.0,8035.0,-0.10859400000000001,0.155229,MKD,POL,900319
6447311,144,177,9663,2013,0.0,2667.0,-0.054454999999999996,-0.164875,MNE,POL,900319
6447312,151,177,9663,2013,0.0,11960.0,-0.158852,0.0061600000000000005,MUS,POL,900319
6447313,159,177,9663,2013,0.0,15186.0,-1.745783,-1.1356680000000001,NGA,POL,900319
6447314,162,177,9663,2013,383189.0,3171.0,1.184107,1.249557,NLD,POL,900319
6447315,179,177,9663,2013,0.0,11279.0,0.541454,2.5228610000000002,PRT,POL,900319
6447316,185,177,9663,2013,49947.0,98285.0,0.792035,1.225034,ROU,POL,900319
6447317,186,177,9663,2013,37017.0,542778.0,0.481166,-0.180052,RUS,POL,900319
6447318,188,177,9663,2013,0.0,7367.0,0.626347,-0.844406,SAU,POL,900319
6447319,201,177,9663,2013,0.0,1410.0,0.5717720000000001,1.174901,SRB,POL,900319
6447320,206,177,9663,2013,0.0,69305.0,1.32064,0.7519819999999999,SVK,POL,900319
6447321,207,177,9663,2013,0.0,60667.0,1.698374,0.563082,SVN,POL,900319
6447322,208,177,9663,2013,119589.0,4796.0,1.869421,0.228109,SWE,POL,900319
6447323,216,177,9663,2013,3890164.0,0.0,0.8752139999999999,1.3798620000000001,THA,POL,900319
6447324,223,177,9663,2013,0.0,21577.0,0.185528,1.0070700000000001,TUN,POL,900319
6447325,228,177,9663,2013,0.0,97229.0,0.657729,0.9063200000000001,UKR,POL,900319
6447326,231,177,9663,2013,20844.0,538497.0,1.6639689999999998,-0.48651300000000003,USA,POL,900319
6447327,239,177,9663,2013,5529.0,0.0,-0.11426900000000001,1.399738,VNM,POL,900319
6447328,246,177,9663,2013,0.0,3625.0,0.380284,1.5682120000000002,ZAF,POL,900319
6447329,249,177,9663,2013,5196.0,1916.0,1.843186,0.9432379999999999,TWN,POL,900319
6447330,250,177,9663,2013,609863.0,0.0,0.628555,0.277602,ANS,POL,900319
6447331,2,179,9663,2013,0.0,1756789.0,-1.172043,-1.133735,AGO,PRT,900319
6447332,14,179,9663,2013,0.0,38458.0,-0.31145700000000004,-0.167628,AUS,PRT,900319
6447333,15,179,9663,2013,751811.0,49755.0,1.7209240000000001,-0.286892,AUT,PRT,900319
6447334,18,179,9663,2013,1014.0,0.0,1.316207,0.972601,BEL,PRT,900319
6447335,21,179,9663,2013,0.0,701.0,-0.9110360000000001,-0.852492,BFA,PRT,900319
6447336,32,179,9663,2013,7442.0,88156.0,0.14765899999999998,0.399262,BRA,PRT,900319
6447337,39,179,9663,2013,0.0,49789.0,0.719649,1.017046,CAN,PRT,900319
6447338,41,179,9663,2013,2872.0,3465.0,2.2104470000000003,0.5403479999999999,CHE,PRT,900319
6447339,43,179,9663,2013,1946367.0,0.0,1.113767,1.477496,CHN,PRT,900319
6447340,51,179,9663,2013,0.0,183852.0,-0.75058,-0.8948219999999999,CPV,PRT,900319
6447341,55,179,9663,2013,0.0,8417.0,0.029981999999999998,-0.673439,CUW,PRT,900319
6447342,59,179,9663,2013,11159.0,0.0,1.819653,-0.12423800000000002,CZE,PRT,900319
6447343,61,179,9663,2013,847060.0,0.0,2.093658,-3.4281980000000005,DEU,PRT,900319
6447344,64,179,9663,2013,538762.0,26374.0,1.161835,1.1788450000000001,DNK,PRT,900319
6447345,68,179,9663,2013,0.0,26953.0,-0.17418,1.692641,EGY,PRT,900319
6447346,71,179,9663,2013,1367024.0,188799.0,0.861698,2.353993,ESP,PRT,900319
6447347,77,179,9663,2013,2017859.0,39468.0,1.520354,0.022874000000000002,FRA,PRT,900319
6447348,81,179,9663,2013,133801.0,1606.0,1.7901259999999999,0.44164,GBR,PRT,900319
6447349,90,179,9663,2013,4295.0,0.0,0.18823800000000002,0.910906,GRC,PRT,900319
6447350,97,179,9663,2013,1037699.0,32806.0,0.744383,1.923139,HKG,PRT,900319
6447351,102,179,9663,2013,48276.0,0.0,1.506101,0.7279220000000001,HUN,PRT,900319
6447352,103,179,9663,2013,0.0,2018.0,-0.216854,1.415728,IDN,PRT,900319
6447353,106,179,9663,2013,16812.0,0.0,1.29988,0.240688,IRL,PRT,900319
6447354,110,179,9663,2013,1164.0,23831.0,1.197241,0.633828,ISR,PRT,900319
6447355,111,179,9663,2013,6053174.0,260675.0,1.289924,0.533436,ITA,PRT,900319
6447356,114,179,9663,2013,2784.0,3287.0,2.3993130000000003,-0.564768,JPN,PRT,900319
6447357,115,179,9663,2013,0.0,5072.0,-0.680678,-0.83347,KAZ,PRT,900319
6447358,121,179,9663,2013,74855.0,0.0,1.818383,0.75645,KOR,PRT,900319
6447359,131,179,9663,2013,29974.0,4952.0,1.170459,1.150327,LUX,PRT,900319
6447360,132,179,9663,2013,0.0,8900.0,0.6219439999999999,1.166749,LVA,PRT,900319
6447361,133,179,9663,2013,1605.0,0.0,0.252209,0.184401,MAC,PRT,900319
6447362,134,179,9663,2013,10099.0,2026.0,-0.6494260000000001,-0.035075999999999996,MAR,PRT,900319
6447363,135,179,9663,2013,0.0,8969.0,-0.016235,0.132104,MDA,PRT,900319
6447364,147,179,9663,2013,0.0,13897.0,-1.326323,-1.050969,MOZ,PRT,900319
6447365,151,179,9663,2013,0.0,2678.0,-0.158852,0.0061600000000000005,MUS,PRT,900319
6447366,156,179,9663,2013,0.0,1246.0,-0.136052,-0.703913,NCL,PRT,900319
6447367,162,179,9663,2013,427717.0,27225.0,1.184107,1.249557,NLD,PRT,900319
6447368,177,179,9663,2013,11279.0,0.0,1.084332,1.216749,POL,PRT,900319
6447369,191,179,9663,2013,3631.0,0.0,-0.523662,-0.309101,SEN,PRT,900319
6447370,192,179,9663,2013,0.0,56974.0,1.915504,0.619576,SGP,PRT,900319
6447371,201,179,9663,2013,0.0,2111.0,0.5717720000000001,1.174901,SRB,PRT,900319
6447372,203,179,9663,2013,0.0,4353.0,0.8999219999999999,-0.101662,STP,PRT,900319
6447373,207,179,9663,2013,0.0,262446.0,1.698374,0.563082,SVN,PRT,900319
6447374,223,179,9663,2013,0.0,13723.0,0.185528,1.0070700000000001,TUN,PRT,900319
6447375,231,179,9663,2013,19735.0,0.0,1.6639689999999998,-0.48651300000000003,USA,PRT,900319
6447376,249,179,9663,2013,0.0,3050.0,1.843186,0.9432379999999999,TWN,PRT,900319
6447377,8,180,9663,2013,24459.0,0.0,0.20314300000000002,0.494062,ARG,PRY,900319
6447378,15,180,9663,2013,8631.0,0.0,1.7209240000000001,-0.286892,AUT,PRY,900319
6447379,32,180,9663,2013,62031.0,35589.0,0.14765899999999998,0.399262,BRA,PRY,900319
6447380,42,180,9663,2013,17953.0,0.0,-0.260718,-0.38256100000000004,CHL,PRY,900319
6447381,43,180,9663,2013,3652929.0,14993.0,1.113767,1.477496,CHN,PRY,900319
6447382,61,180,9663,2013,13949.0,0.0,2.093658,-3.4281980000000005,DEU,PRY,900319
6447383,81,180,9663,2013,15212.0,0.0,1.7901259999999999,0.44164,GBR,PRY,900319
6447384,97,180,9663,2013,51342.0,0.0,0.744383,1.923139,HKG,PRY,900319
6447385,104,180,9663,2013,1416.0,0.0,0.215356,2.3916209999999998,IND,PRY,900319
6447386,111,180,9663,2013,348743.0,0.0,1.289924,0.533436,ITA,PRY,900319
6447387,169,180,9663,2013,751.0,0.0,0.735637,1.161718,PAN,PRY,900319
6447388,231,180,9663,2013,78054.0,0.0,1.6639689999999998,-0.48651300000000003,USA,PRY,900319
6447389,249,180,9663,2013,1772.0,0.0,1.843186,0.9432379999999999,TWN,PRY,900319
6447390,43,181,9663,2013,14180.0,0.0,1.113767,1.477496,CHN,PSE,900319
6447391,97,181,9663,2013,7352.0,0.0,0.744383,1.923139,HKG,PSE,900319
6447392,110,181,9663,2013,44348.0,3199.0,1.197241,0.633828,ISR,PSE,900319
6447393,224,181,9663,2013,5909.0,0.0,0.42932299999999995,2.690235,TUR,PSE,900319
6447394,7,183,9663,2013,164946.0,0.0,-0.074047,-0.585168,ARE,QAT,900319
6447395,15,183,9663,2013,111771.0,0.0,1.7209240000000001,-0.286892,AUT,QAT,900319
6447396,43,183,9663,2013,89490.0,0.0,1.113767,1.477496,CHN,QAT,900319
6447397,61,183,9663,2013,58972.0,0.0,2.093658,-3.4281980000000005,DEU,QAT,900319
6447398,64,183,9663,2013,17084.0,0.0,1.161835,1.1788450000000001,DNK,QAT,900319
6447399,71,183,9663,2013,10584.0,0.0,0.861698,2.353993,ESP,QAT,900319
6447400,77,183,9663,2013,248150.0,0.0,1.520354,0.022874000000000002,FRA,QAT,900319
6447401,81,183,9663,2013,6663.0,0.0,1.7901259999999999,0.44164,GBR,QAT,900319
6447402,97,183,9663,2013,19178.0,0.0,0.744383,1.923139,HKG,QAT,900319
6447403,111,183,9663,2013,223826.0,1673.0,1.289924,0.533436,ITA,QAT,900319
6447404,114,183,9663,2013,90700.0,0.0,2.3993130000000003,-0.564768,JPN,QAT,900319
6447405,124,183,9663,2013,2872.0,0.0,0.283084,1.4289100000000001,LBN,QAT,900319
6447406,131,183,9663,2013,2997.0,0.0,1.170459,1.150327,LUX,QAT,900319
6447407,185,183,9663,2013,6081.0,0.0,0.792035,1.225034,ROU,QAT,900319
6447408,231,183,9663,2013,32557.0,0.0,1.6639689999999998,-0.48651300000000003,USA,QAT,900319
6447409,7,188,9663,2013,277826.0,0.0,-0.074047,-0.585168,ARE,SAU,900319
6447410,15,188,9663,2013,336454.0,0.0,1.7209240000000001,-0.286892,AUT,SAU,900319
6447411,24,188,9663,2013,778218.0,0.0,0.249681,-0.6204270000000001,BHR,SAU,900319
6447412,39,188,9663,2013,23799.0,0.0,0.719649,1.017046,CAN,SAU,900319
6447413,41,188,9663,2013,3900.0,0.0,2.2104470000000003,0.5403479999999999,CHE,SAU,900319
6447414,43,188,9663,2013,867817.0,0.0,1.113767,1.477496,CHN,SAU,900319
6447415,59,188,9663,2013,49946.0,0.0,1.819653,-0.12423800000000002,CZE,SAU,900319
6447416,61,188,9663,2013,936267.0,0.0,2.093658,-3.4281980000000005,DEU,SAU,900319
6447417,64,188,9663,2013,325550.0,0.0,1.161835,1.1788450000000001,DNK,SAU,900319
6447418,71,188,9663,2013,10879.0,0.0,0.861698,2.353993,ESP,SAU,900319
6447419,72,188,9663,2013,101045.0,0.0,0.8828940000000001,1.386574,EST,SAU,900319
6447420,77,188,9663,2013,1396666.0,11984.0,1.520354,0.022874000000000002,FRA,SAU,900319
6447421,81,188,9663,2013,163111.0,0.0,1.7901259999999999,0.44164,GBR,SAU,900319
6447422,97,188,9663,2013,19484.0,0.0,0.744383,1.923139,HKG,SAU,900319
6447423,104,188,9663,2013,23800.0,0.0,0.215356,2.3916209999999998,IND,SAU,900319
6447424,111,188,9663,2013,1956418.0,42226.0,1.289924,0.533436,ITA,SAU,900319
6447425,113,188,9663,2013,15967.0,0.0,0.152659,0.5889979999999999,JOR,SAU,900319
6447426,114,188,9663,2013,81572.0,0.0,2.3993130000000003,-0.564768,JPN,SAU,900319
6447427,121,188,9663,2013,229325.0,0.0,1.818383,0.75645,KOR,SAU,900319
6447428,131,188,9663,2013,14141.0,0.0,1.170459,1.150327,LUX,SAU,900319
6447429,153,188,9663,2013,4050.0,0.0,0.937641,0.747496,MYS,SAU,900319
6447430,177,188,9663,2013,7367.0,0.0,1.084332,1.216749,POL,SAU,900319
6447431,190,188,9663,2013,0.0,9811.0,-1.254944,-1.073564,SDN,SAU,900319
6447432,192,188,9663,2013,4624.0,0.0,1.915504,0.619576,SGP,SAU,900319
6447433,224,188,9663,2013,59363.0,0.0,0.42932299999999995,2.690235,TUR,SAU,900319
6447434,231,188,9663,2013,666080.0,0.0,1.6639689999999998,-0.48651300000000003,USA,SAU,900319
6447435,250,188,9663,2013,58488.0,0.0,0.628555,0.277602,ANS,SAU,900319
6447436,7,190,9663,2013,27302.0,0.0,-0.074047,-0.585168,ARE,SDN,900319
6447437,15,190,9663,2013,15210.0,0.0,1.7209240000000001,-0.286892,AUT,SDN,900319
6447438,43,190,9663,2013,17869.0,0.0,1.113767,1.477496,CHN,SDN,900319
6447439,68,190,9663,2013,6275.0,0.0,-0.17418,1.692641,EGY,SDN,900319
6447440,77,190,9663,2013,4686.0,0.0,1.520354,0.022874000000000002,FRA,SDN,900319
6447441,81,190,9663,2013,28012.0,0.0,1.7901259999999999,0.44164,GBR,SDN,900319
6447442,104,190,9663,2013,3747.0,0.0,0.215356,2.3916209999999998,IND,SDN,900319
6447443,111,190,9663,2013,20791.0,0.0,1.289924,0.533436,ITA,SDN,900319
6447444,168,190,9663,2013,1226.0,0.0,-0.75727,0.769703,PAK,SDN,900319
6447445,188,190,9663,2013,9811.0,0.0,0.626347,-0.844406,SAU,SDN,900319
6447446,246,190,9663,2013,27628.0,0.0,0.380284,1.5682120000000002,ZAF,SDN,900319
6447447,7,192,9663,2013,0.0,71139.0,-0.074047,-0.585168,ARE,SGP,900319
6447448,14,192,9663,2013,24202.0,1725.0,-0.31145700000000004,-0.167628,AUS,SGP,900319
6447449,15,192,9663,2013,1149144.0,11001.0,1.7209240000000001,-0.286892,AUT,SGP,900319
6447450,18,192,9663,2013,112790.0,0.0,1.316207,0.972601,BEL,SGP,900319
6447451,34,192,9663,2013,0.0,941116.0,-0.866827,-0.795995,BRN,SGP,900319
6447452,39,192,9663,2013,24621.0,12485.0,0.719649,1.017046,CAN,SGP,900319
6447453,41,192,9663,2013,3721498.0,393808.0,2.2104470000000003,0.5403479999999999,CHE,SGP,900319
6447454,42,192,9663,2013,0.0,1068.0,-0.260718,-0.38256100000000004,CHL,SGP,900319
6447455,43,192,9663,2013,2333107.0,24453.0,1.113767,1.477496,CHN,SGP,900319
6447456,59,192,9663,2013,0.0,1279.0,1.819653,-0.12423800000000002,CZE,SGP,900319
6447457,61,192,9663,2013,1704851.0,11314.0,2.093658,-3.4281980000000005,DEU,SGP,900319
6447458,64,192,9663,2013,255925.0,0.0,1.161835,1.1788450000000001,DNK,SGP,900319
6447459,71,192,9663,2013,14725.0,0.0,0.861698,2.353993,ESP,SGP,900319
6447460,77,192,9663,2013,3026028.0,24040.0,1.520354,0.022874000000000002,FRA,SGP,900319
6447461,81,192,9663,2013,203233.0,331385.0,1.7901259999999999,0.44164,GBR,SGP,900319
6447462,90,192,9663,2013,0.0,747.0,0.18823800000000002,0.910906,GRC,SGP,900319
6447463,97,192,9663,2013,5495528.0,1072097.0,0.744383,1.923139,HKG,SGP,900319
6447464,100,192,9663,2013,0.0,874.0,0.898284,1.038807,HRV,SGP,900319
6447465,103,192,9663,2013,382809.0,5379095.0,-0.216854,1.415728,IDN,SGP,900319
6447466,104,192,9663,2013,0.0,4266.0,0.215356,2.3916209999999998,IND,SGP,900319
6447467,106,192,9663,2013,237560.0,0.0,1.29988,0.240688,IRL,SGP,900319
6447468,109,192,9663,2013,244007.0,330.0,0.259374,-0.20413299999999998,ISL,SGP,900319
6447469,110,192,9663,2013,5314.0,79746.0,1.197241,0.633828,ISR,SGP,900319
6447470,111,192,9663,2013,2978260.0,22794.0,1.289924,0.533436,ITA,SGP,900319
6447471,114,192,9663,2013,1490687.0,111597.0,2.3993130000000003,-0.564768,JPN,SGP,900319
6447472,118,192,9663,2013,0.0,5740.0,-1.054758,-0.872352,KHM,SGP,900319
6447473,121,192,9663,2013,693438.0,17506.0,1.818383,0.75645,KOR,SGP,900319
6447474,124,192,9663,2013,0.0,2826.0,0.283084,1.4289100000000001,LBN,SGP,900319
6447475,125,192,9663,2013,19587.0,0.0,-0.41869399999999996,-0.9538770000000001,LBR,SGP,900319
6447476,128,192,9663,2013,0.0,25485.0,-0.6521779999999999,0.41258599999999995,LKA,SGP,900319
6447477,131,192,9663,2013,101870.0,0.0,1.170459,1.150327,LUX,SGP,900319
6447478,137,192,9663,2013,0.0,6241.0,-0.21889699999999998,-0.776392,MDV,SGP,900319
6447479,143,192,9663,2013,0.0,13093.0,-1.230787,-0.737375,MMR,SGP,900319
6447480,151,192,9663,2013,0.0,20036.0,-0.158852,0.0061600000000000005,MUS,SGP,900319
6447481,153,192,9663,2013,264589.0,6366384.0,0.937641,0.747496,MYS,SGP,900319
6447482,162,192,9663,2013,0.0,1523.0,1.184107,1.249557,NLD,SGP,900319
6447483,163,192,9663,2013,0.0,3041.0,0.892099,0.18168399999999998,NOR,SGP,900319
6447484,174,192,9663,2013,52574.0,1196047.0,0.507868,0.355403,PHL,SGP,900319
6447485,179,192,9663,2013,56974.0,0.0,0.541454,2.5228610000000002,PRT,SGP,900319
6447486,182,192,9663,2013,0.0,3513.0,-0.146044,-0.7055359999999999,PYF,SGP,900319
6447487,185,192,9663,2013,0.0,13704.0,0.792035,1.225034,ROU,SGP,900319
6447488,188,192,9663,2013,0.0,4624.0,0.626347,-0.844406,SAU,SGP,900319
6447489,206,192,9663,2013,2152.0,0.0,1.32064,0.7519819999999999,SVK,SGP,900319
6447490,208,192,9663,2013,5414.0,0.0,1.869421,0.228109,SWE,SGP,900319
6447491,216,192,9663,2013,29985.0,269261.0,0.8752139999999999,1.3798620000000001,THA,SGP,900319
6447492,224,192,9663,2013,0.0,789.0,0.42932299999999995,2.690235,TUR,SGP,900319
6447493,231,192,9663,2013,198366.0,15946.0,1.6639689999999998,-0.48651300000000003,USA,SGP,900319
6447494,239,192,9663,2013,32463.0,63608.0,-0.11426900000000001,1.399738,VNM,SGP,900319
6447495,246,192,9663,2013,1765.0,78833.0,0.380284,1.5682120000000002,ZAF,SGP,900319
6447496,249,192,9663,2013,61029.0,34766.0,1.843186,0.9432379999999999,TWN,SGP,900319
6447497,15,197,9663,2013,52212.0,0.0,1.7209240000000001,-0.286892,AUT,SLV,900319
6447498,32,197,9663,2013,6892.0,0.0,0.14765899999999998,0.399262,BRA,SLV,900319
6447499,43,197,9663,2013,39554.0,0.0,1.113767,1.477496,CHN,SLV,900319
6447500,61,197,9663,2013,7779.0,0.0,2.093658,-3.4281980000000005,DEU,SLV,900319
6447501,77,197,9663,2013,1165.0,0.0,1.520354,0.022874000000000002,FRA,SLV,900319
6447502,81,197,9663,2013,5509.0,0.0,1.7901259999999999,0.44164,GBR,SLV,900319
6447503,93,197,9663,2013,237269.0,8205.0,-0.41466499999999995,0.774788,GTM,SLV,900319
6447504,97,197,9663,2013,8959.0,0.0,0.744383,1.923139,HKG,SLV,900319
6447505,111,197,9663,2013,21425.0,0.0,1.289924,0.533436,ITA,SLV,900319
6447506,121,197,9663,2013,7422.0,0.0,1.818383,0.75645,KOR,SLV,900319
6447507,138,197,9663,2013,30433.0,0.0,1.048507,0.718932,MEX,SLV,900319
6447508,162,197,9663,2013,2020.0,0.0,1.184107,1.249557,NLD,SLV,900319
6447509,169,197,9663,2013,638.0,0.0,0.735637,1.161718,PAN,SLV,900319
6447510,231,197,9663,2013,664048.0,0.0,1.6639689999999998,-0.48651300000000003,USA,SLV,900319
6447511,15,205,9663,2013,973.0,0.0,1.7209240000000001,-0.286892,AUT,SUR,900319
6447512,39,205,9663,2013,6587.0,0.0,0.719649,1.017046,CAN,SUR,900319
6447513,41,205,9663,2013,0.0,24567.0,2.2104470000000003,0.5403479999999999,CHE,SUR,900319
6447514,43,205,9663,2013,32590.0,0.0,1.113767,1.477496,CHN,SUR,900319
6447515,61,205,9663,2013,12069.0,0.0,2.093658,-3.4281980000000005,DEU,SUR,900319
6447516,111,205,9663,2013,34015.0,0.0,1.289924,0.533436,ITA,SUR,900319
6447517,162,205,9663,2013,17733.0,0.0,1.184107,1.249557,NLD,SUR,900319
6447518,231,205,9663,2013,125673.0,0.0,1.6639689999999998,-0.48651300000000003,USA,SUR,900319
6447519,7,206,9663,2013,0.0,35920.0,-0.074047,-0.585168,ARE,SVK,900319
6447520,14,206,9663,2013,0.0,5666.0,-0.31145700000000004,-0.167628,AUS,SVK,900319
6447521,15,206,9663,2013,98551.0,0.0,1.7209240000000001,-0.286892,AUT,SVK,900319
6447522,43,206,9663,2013,258921.0,1694.0,1.113767,1.477496,CHN,SVK,900319
6447523,59,206,9663,2013,2462624.0,559290.0,1.819653,-0.12423800000000002,CZE,SVK,900319
6447524,61,206,9663,2013,530508.0,14845.0,2.093658,-3.4281980000000005,DEU,SVK,900319
6447525,64,206,9663,2013,72133.0,0.0,1.161835,1.1788450000000001,DNK,SVK,900319
6447526,71,206,9663,2013,13383.0,0.0,0.861698,2.353993,ESP,SVK,900319
6447527,77,206,9663,2013,103262.0,68290.0,1.520354,0.022874000000000002,FRA,SVK,900319
6447528,81,206,9663,2013,172662.0,3317.0,1.7901259999999999,0.44164,GBR,SVK,900319
6447529,90,206,9663,2013,3530.0,0.0,0.18823800000000002,0.910906,GRC,SVK,900319
6447530,97,206,9663,2013,107692.0,0.0,0.744383,1.923139,HKG,SVK,900319
6447531,102,206,9663,2013,710933.0,8474.0,1.506101,0.7279220000000001,HUN,SVK,900319
6447532,110,206,9663,2013,3335.0,0.0,1.197241,0.633828,ISR,SVK,900319
6447533,111,206,9663,2013,591691.0,0.0,1.289924,0.533436,ITA,SVK,900319
6447534,114,206,9663,2013,2912.0,0.0,2.3993130000000003,-0.564768,JPN,SVK,900319
6447535,121,206,9663,2013,7685.0,0.0,1.818383,0.75645,KOR,SVK,900319
6447536,132,206,9663,2013,0.0,30329.0,0.6219439999999999,1.166749,LVA,SVK,900319
6447537,162,206,9663,2013,10240.0,0.0,1.184107,1.249557,NLD,SVK,900319
6447538,177,206,9663,2013,69305.0,0.0,1.084332,1.216749,POL,SVK,900319
6447539,185,206,9663,2013,68274.0,39838.0,0.792035,1.225034,ROU,SVK,900319
6447540,186,206,9663,2013,0.0,6383.0,0.481166,-0.180052,RUS,SVK,900319
6447541,192,206,9663,2013,0.0,2152.0,1.915504,0.619576,SGP,SVK,900319
6447542,207,206,9663,2013,0.0,2917.0,1.698374,0.563082,SVN,SVK,900319
6447543,215,206,9663,2013,0.0,5323.0,-0.598413,-0.49295200000000006,TGO,SVK,900319
6447544,223,206,9663,2013,0.0,4619.0,0.185528,1.0070700000000001,TUN,SVK,900319
6447545,228,206,9663,2013,0.0,1706.0,0.657729,0.9063200000000001,UKR,SVK,900319
6447546,239,206,9663,2013,1410.0,0.0,-0.11426900000000001,1.399738,VNM,SVK,900319
6447547,246,206,9663,2013,0.0,3324.0,0.380284,1.5682120000000002,ZAF,SVK,900319
6447548,250,206,9663,2013,1577379.0,1760.0,0.628555,0.277602,ANS,SVK,900319
6447549,13,208,9663,2013,0.0,3827.0,0.096563,-0.60577,ATG,SWE,900319
6447550,14,208,9663,2013,0.0,17923.0,-0.31145700000000004,-0.167628,AUS,SWE,900319
6447551,15,208,9663,2013,695432.0,10523.0,1.7209240000000001,-0.286892,AUT,SWE,900319
6447552,18,208,9663,2013,36485.0,72790.0,1.316207,0.972601,BEL,SWE,900319
6447553,32,208,9663,2013,0.0,62749.0,0.14765899999999998,0.399262,BRA,SWE,900319
6447554,39,208,9663,2013,26913.0,415831.0,0.719649,1.017046,CAN,SWE,900319
6447555,41,208,9663,2013,80575.0,29479.0,2.2104470000000003,0.5403479999999999,CHE,SWE,900319
6447556,43,208,9663,2013,826697.0,23170.0,1.113767,1.477496,CHN,SWE,900319
6447557,59,208,9663,2013,38798.0,45999.0,1.819653,-0.12423800000000002,CZE,SWE,900319
6447558,61,208,9663,2013,1835157.0,209735.0,2.093658,-3.4281980000000005,DEU,SWE,900319
6447559,64,208,9663,2013,4688582.0,3937473.0,1.161835,1.1788450000000001,DNK,SWE,900319
6447560,65,208,9663,2013,0.0,1040.0,-0.277269,0.432388,DOM,SWE,900319
6447561,71,208,9663,2013,11867.0,0.0,0.861698,2.353993,ESP,SWE,900319
6447562,72,208,9663,2013,17518.0,28743.0,0.8828940000000001,1.386574,EST,SWE,900319
6447563,74,208,9663,2013,203520.0,2757836.0,1.734552,0.8896940000000001,FIN,SWE,900319
6447564,77,208,9663,2013,1158567.0,325011.0,1.520354,0.022874000000000002,FRA,SWE,900319
6447565,78,208,9663,2013,0.0,8018.0,-0.370701,-0.815466,FRO,SWE,900319
6447566,81,208,9663,2013,606150.0,414796.0,1.7901259999999999,0.44164,GBR,SWE,900319
6447567,90,208,9663,2013,0.0,1611.0,0.18823800000000002,0.910906,GRC,SWE,900319
6447568,92,208,9663,2013,0.0,32125.0,-0.801617,-0.8734120000000001,GRL,SWE,900319
6447569,97,208,9663,2013,9804635.0,118600.0,0.744383,1.923139,HKG,SWE,900319
6447570,106,208,9663,2013,25474.0,8497.0,1.29988,0.240688,IRL,SWE,900319
6447571,109,208,9663,2013,0.0,84624.0,0.259374,-0.20413299999999998,ISL,SWE,900319
6447572,110,208,9663,2013,53167.0,7393.0,1.197241,0.633828,ISR,SWE,900319
6447573,111,208,9663,2013,3513680.0,295581.0,1.289924,0.533436,ITA,SWE,900319
6447574,114,208,9663,2013,18337.0,221926.0,2.3993130000000003,-0.564768,JPN,SWE,900319
6447575,121,208,9663,2013,113986.0,77492.0,1.818383,0.75645,KOR,SWE,900319
6447576,130,208,9663,2013,9729.0,7538.0,0.737796,1.215543,LTU,SWE,900319
6447577,132,208,9663,2013,22687.0,84874.0,0.6219439999999999,1.166749,LVA,SWE,900319
6447578,162,208,9663,2013,276596.0,621603.0,1.184107,1.249557,NLD,SWE,900319
6447579,163,208,9663,2013,1936020.0,2087071.0,0.892099,0.18168399999999998,NOR,SWE,900319
6447580,174,208,9663,2013,4980.0,0.0,0.507868,0.355403,PHL,SWE,900319
6447581,177,208,9663,2013,4796.0,119589.0,1.084332,1.216749,POL,SWE,900319
6447582,185,208,9663,2013,0.0,2444.0,0.792035,1.225034,ROU,SWE,900319
6447583,186,208,9663,2013,0.0,27811.0,0.481166,-0.180052,RUS,SWE,900319
6447584,192,208,9663,2013,0.0,5414.0,1.915504,0.619576,SGP,SWE,900319
6447585,207,208,9663,2013,0.0,1094.0,1.698374,0.563082,SVN,SWE,900319
6447586,216,208,9663,2013,5350.0,2693.0,0.8752139999999999,1.3798620000000001,THA,SWE,900319
6447587,231,208,9663,2013,68471.0,754350.0,1.6639689999999998,-0.48651300000000003,USA,SWE,900319
6447588,249,208,9663,2013,1092.0,5569.0,1.843186,0.9432379999999999,TWN,SWE,900319
6447589,7,216,9663,2013,0.0,1309.0,-0.074047,-0.585168,ARE,THA,900319
6447590,14,216,9663,2013,4960866.0,954944.0,-0.31145700000000004,-0.167628,AUS,THA,900319
6447591,15,216,9663,2013,157936.0,2469.0,1.7209240000000001,-0.286892,AUT,THA,900319
6447592,18,216,9663,2013,18447.0,0.0,1.316207,0.972601,BEL,THA,900319
6447593,39,216,9663,2013,33848.0,0.0,0.719649,1.017046,CAN,THA,900319
6447594,41,216,9663,2013,24964.0,0.0,2.2104470000000003,0.5403479999999999,CHE,THA,900319
6447595,43,216,9663,2013,11671044.0,3756.0,1.113767,1.477496,CHN,THA,900319
6447596,61,216,9663,2013,1330744.0,111900.0,2.093658,-3.4281980000000005,DEU,THA,900319
6447597,64,216,9663,2013,240795.0,5446.0,1.161835,1.1788450000000001,DNK,THA,900319
6447598,71,216,9663,2013,20979.0,0.0,0.861698,2.353993,ESP,THA,900319
6447599,74,216,9663,2013,687463.0,60060.0,1.734552,0.8896940000000001,FIN,THA,900319
6447600,77,216,9663,2013,836077.0,418066.0,1.520354,0.022874000000000002,FRA,THA,900319
6447601,81,216,9663,2013,22670014.0,5568612.0,1.7901259999999999,0.44164,GBR,THA,900319
6447602,97,216,9663,2013,1862931.0,46630.0,0.744383,1.923139,HKG,THA,900319
6447603,104,216,9663,2013,14811.0,0.0,0.215356,2.3916209999999998,IND,THA,900319
6447604,106,216,9663,2013,1403.0,0.0,1.29988,0.240688,IRL,THA,900319
6447605,110,216,9663,2013,0.0,967.0,1.197241,0.633828,ISR,THA,900319
6447606,111,216,9663,2013,1672270.0,47453.0,1.289924,0.533436,ITA,THA,900319
6447607,114,216,9663,2013,1163896.0,2234.0,2.3993130000000003,-0.564768,JPN,THA,900319
6447608,121,216,9663,2013,677122.0,1892.0,1.818383,0.75645,KOR,THA,900319
6447609,131,216,9663,2013,11858.0,0.0,1.170459,1.150327,LUX,THA,900319
6447610,153,216,9663,2013,18798.0,28001.0,0.937641,0.747496,MYS,THA,900319
6447611,162,216,9663,2013,0.0,19273.0,1.184107,1.249557,NLD,THA,900319
6447612,163,216,9663,2013,0.0,6024.0,0.892099,0.18168399999999998,NOR,THA,900319
6447613,174,216,9663,2013,2002.0,0.0,0.507868,0.355403,PHL,THA,900319
6447614,177,216,9663,2013,0.0,3890164.0,1.084332,1.216749,POL,THA,900319
6447615,192,216,9663,2013,269261.0,29985.0,1.915504,0.619576,SGP,THA,900319
6447616,208,216,9663,2013,2693.0,5350.0,1.869421,0.228109,SWE,THA,900319
6447617,231,216,9663,2013,316472.0,106608.0,1.6639689999999998,-0.48651300000000003,USA,THA,900319
6447618,239,216,9663,2013,53097.0,0.0,-0.11426900000000001,1.399738,VNM,THA,900319
6447619,249,216,9663,2013,23684.0,9645.0,1.843186,0.9432379999999999,TWN,THA,900319
6447620,15,222,9663,2013,39780.0,0.0,1.7209240000000001,-0.286892,AUT,TTO,900319
6447621,39,222,9663,2013,38481.0,0.0,0.719649,1.017046,CAN,TTO,900319
6447622,43,222,9663,2013,18300.0,0.0,1.113767,1.477496,CHN,TTO,900319
6447623,61,222,9663,2013,10295.0,0.0,2.093658,-3.4281980000000005,DEU,TTO,900319
6447624,64,222,9663,2013,1296.0,0.0,1.161835,1.1788450000000001,DNK,TTO,900319
6447625,77,222,9663,2013,11011.0,0.0,1.520354,0.022874000000000002,FRA,TTO,900319
6447626,81,222,9663,2013,35022.0,0.0,1.7901259999999999,0.44164,GBR,TTO,900319
6447627,93,222,9663,2013,2787.0,0.0,-0.41466499999999995,0.774788,GTM,TTO,900319
6447628,97,222,9663,2013,18796.0,0.0,0.744383,1.923139,HKG,TTO,900319
6447629,111,222,9663,2013,12096.0,0.0,1.289924,0.533436,ITA,TTO,900319
6447630,121,222,9663,2013,1622.0,0.0,1.818383,0.75645,KOR,TTO,900319
6447631,127,222,9663,2013,0.0,2128.0,0.265129,-0.5083949999999999,LCA,TTO,900319
6447632,169,222,9663,2013,7534.0,0.0,0.735637,1.161718,PAN,TTO,900319
6447633,231,222,9663,2013,425805.0,0.0,1.6639689999999998,-0.48651300000000003,USA,TTO,900319
6447634,2,224,9663,2013,0.0,2007.0,-1.172043,-1.133735,AGO,TUR,900319
6447635,7,224,9663,2013,0.0,37227.0,-0.074047,-0.585168,ARE,TUR,900319
6447636,8,224,9663,2013,0.0,43133.0,0.20314300000000002,0.494062,ARG,TUR,900319
6447637,15,224,9663,2013,1411662.0,16925.0,1.7209240000000001,-0.286892,AUT,TUR,900319
6447638,16,224,9663,2013,0.0,130547.0,-0.9232870000000001,-1.165928,AZE,TUR,900319
6447639,18,224,9663,2013,14721.0,5847.0,1.316207,0.972601,BEL,TUR,900319
6447640,23,224,9663,2013,5918.0,9931.0,0.5026109999999999,1.674296,BGR,TUR,900319
6447641,26,224,9663,2013,0.0,1437.0,0.46743199999999996,0.7340800000000001,BIH,TUR,900319
6447642,28,224,9663,2013,0.0,3040.0,1.036923,0.864568,BLR,TUR,900319
6447643,41,224,9663,2013,8356.0,0.0,2.2104470000000003,0.5403479999999999,CHE,TUR,900319
6447644,43,224,9663,2013,5791836.0,0.0,1.113767,1.477496,CHN,TUR,900319
6447645,58,224,9663,2013,0.0,84314.0,0.502238,0.349608,CYP,TUR,900319
6447646,59,224,9663,2013,12284.0,25814.0,1.819653,-0.12423800000000002,CZE,TUR,900319
6447647,61,224,9663,2013,2517666.0,2343.0,2.093658,-3.4281980000000005,DEU,TUR,900319
6447648,64,224,9663,2013,94063.0,3542.0,1.161835,1.1788450000000001,DNK,TUR,900319
6447649,66,224,9663,2013,0.0,23336.0,-1.373947,-1.1523459999999999,DZA,TUR,900319
6447650,68,224,9663,2013,1941.0,18263.0,-0.17418,1.692641,EGY,TUR,900319
6447651,71,224,9663,2013,64187.0,1000.0,0.861698,2.353993,ESP,TUR,900319
6447652,77,224,9663,2013,2256690.0,92441.0,1.520354,0.022874000000000002,FRA,TUR,900319
6447653,80,224,9663,2013,0.0,10320.0,-1.6582830000000002,-1.155302,GAB,TUR,900319
6447654,81,224,9663,2013,71255.0,3792.0,1.7901259999999999,0.44164,GBR,TUR,900319
6447655,82,224,9663,2013,0.0,2674.0,-0.160691,-0.393419,GEO,TUR,900319
6447656,90,224,9663,2013,6550.0,2343.0,0.18823800000000002,0.910906,GRC,TUR,900319
6447657,97,224,9663,2013,192943.0,27425.0,0.744383,1.923139,HKG,TUR,900319
6447658,104,224,9663,2013,52472.0,6949.0,0.215356,2.3916209999999998,IND,TUR,900319
6447659,106,224,9663,2013,3101.0,0.0,1.29988,0.240688,IRL,TUR,900319
6447660,107,224,9663,2013,0.0,430758.0,-0.339172,-0.237114,IRN,TUR,900319
6447661,108,224,9663,2013,0.0,11965.0,-2.839079,-0.8705440000000001,IRQ,TUR,900319
6447662,109,224,9663,2013,0.0,3455.0,0.259374,-0.20413299999999998,ISL,TUR,900319
6447663,110,224,9663,2013,0.0,5309.0,1.197241,0.633828,ISR,TUR,900319
6447664,111,224,9663,2013,1957749.0,228918.0,1.289924,0.533436,ITA,TUR,900319
6447665,113,224,9663,2013,0.0,32446.0,0.152659,0.5889979999999999,JOR,TUR,900319
6447666,114,224,9663,2013,241279.0,0.0,2.3993130000000003,-0.564768,JPN,TUR,900319
6447667,115,224,9663,2013,0.0,109496.0,-0.680678,-0.83347,KAZ,TUR,900319
6447668,121,224,9663,2013,18577.0,4555.0,1.818383,0.75645,KOR,TUR,900319
6447669,122,224,9663,2013,0.0,3338.0,-0.536384,-1.08382,KWT,TUR,900319
6447670,124,224,9663,2013,0.0,17378.0,0.283084,1.4289100000000001,LBN,TUR,900319
6447671,126,224,9663,2013,0.0,9305.0,-1.6241459999999999,-1.1817950000000002,LBY,TUR,900319
6447672,131,224,9663,2013,51269.0,0.0,1.170459,1.150327,LUX,TUR,900319
6447673,134,224,9663,2013,0.0,6377.0,-0.6494260000000001,-0.035075999999999996,MAR,TUR,900319
6447674,140,224,9663,2013,0.0,13814.0,-0.10859400000000001,0.155229,MKD,TUR,900319
6447675,151,224,9663,2013,0.0,9499.0,-0.158852,0.0061600000000000005,MUS,TUR,900319
6447676,155,224,9663,2013,0.0,6519.0,-0.308643,-0.480617,NAM,TUR,900319
6447677,162,224,9663,2013,103209.0,21720.0,1.184107,1.249557,NLD,TUR,900319
6447678,181,224,9663,2013,0.0,5909.0,0.072979,0.7099260000000001,PSE,TUR,900319
6447679,185,224,9663,2013,0.0,56340.0,0.792035,1.225034,ROU,TUR,900319
6447680,188,224,9663,2013,0.0,59363.0,0.626347,-0.844406,SAU,TUR,900319
6447681,191,224,9663,2013,0.0,6427.0,-0.523662,-0.309101,SEN,TUR,900319
6447682,192,224,9663,2013,789.0,0.0,1.915504,0.619576,SGP,TUR,900319
6447683,201,224,9663,2013,0.0,25536.0,0.5717720000000001,1.174901,SRB,TUR,900319
6447684,223,224,9663,2013,0.0,25051.0,0.185528,1.0070700000000001,TUN,TUR,900319
6447685,231,224,9663,2013,535495.0,9800.0,1.6639689999999998,-0.48651300000000003,USA,TUR,900319
6447686,232,224,9663,2013,0.0,1608.0,-0.748212,-0.567268,UZB,TUR,900319
6447687,236,224,9663,2013,0.0,973.0,-0.778172,-1.107059,VEN,TUR,900319
6447688,239,224,9663,2013,15241.0,0.0,-0.11426900000000001,1.399738,VNM,TUR,900319
6447689,246,224,9663,2013,0.0,8870.0,0.380284,1.5682120000000002,ZAF,TUR,900319
6447690,249,224,9663,2013,2326.0,0.0,1.843186,0.9432379999999999,TWN,TUR,900319
6447691,14,228,9663,2013,1348.0,0.0,-0.31145700000000004,-0.167628,AUS,UKR,900319
6447692,15,228,9663,2013,18018.0,0.0,1.7209240000000001,-0.286892,AUT,UKR,900319
6447693,43,228,9663,2013,808649.0,0.0,1.113767,1.477496,CHN,UKR,900319
6447694,59,228,9663,2013,385208.0,0.0,1.819653,-0.12423800000000002,CZE,UKR,900319
6447695,61,228,9663,2013,855905.0,6029.0,2.093658,-3.4281980000000005,DEU,UKR,900319
6447696,77,228,9663,2013,91378.0,0.0,1.520354,0.022874000000000002,FRA,UKR,900319
6447697,81,228,9663,2013,108231.0,0.0,1.7901259999999999,0.44164,GBR,UKR,900319
6447698,97,228,9663,2013,105893.0,0.0,0.744383,1.923139,HKG,UKR,900319
6447699,111,228,9663,2013,741579.0,7357.0,1.289924,0.533436,ITA,UKR,900319
6447700,114,228,9663,2013,322598.0,0.0,2.3993130000000003,-0.564768,JPN,UKR,900319
6447701,121,228,9663,2013,41565.0,0.0,1.818383,0.75645,KOR,UKR,900319
6447702,135,228,9663,2013,0.0,1495.0,-0.016235,0.132104,MDA,UKR,900319
6447703,177,228,9663,2013,97229.0,0.0,1.084332,1.216749,POL,UKR,900319
6447704,206,228,9663,2013,1706.0,0.0,1.32064,0.7519819999999999,SVK,UKR,900319
6447705,231,228,9663,2013,16123.0,0.0,1.6639689999999998,-0.48651300000000003,USA,UKR,900319
6447706,246,228,9663,2013,10558.0,0.0,0.380284,1.5682120000000002,ZAF,UKR,900319
6447707,7,230,9663,2013,2322.0,0.0,-0.074047,-0.585168,ARE,URY,900319
6447708,8,230,9663,2013,43230.0,0.0,0.20314300000000002,0.494062,ARG,URY,900319
6447709,15,230,9663,2013,20613.0,0.0,1.7209240000000001,-0.286892,AUT,URY,900319
6447710,32,230,9663,2013,75942.0,0.0,0.14765899999999998,0.399262,BRA,URY,900319
6447711,39,230,9663,2013,1218.0,1856.0,0.719649,1.017046,CAN,URY,900319
6447712,41,230,9663,2013,7165.0,0.0,2.2104470000000003,0.5403479999999999,CHE,URY,900319
6447713,42,230,9663,2013,6561.0,0.0,-0.260718,-0.38256100000000004,CHL,URY,900319
6447714,43,230,9663,2013,4774028.0,0.0,1.113767,1.477496,CHN,URY,900319
6447715,49,230,9663,2013,6529.0,0.0,0.121799,-0.388239,COL,URY,900319
6447716,61,230,9663,2013,45106.0,0.0,2.093658,-3.4281980000000005,DEU,URY,900319
6447717,64,230,9663,2013,18708.0,0.0,1.161835,1.1788450000000001,DNK,URY,900319
6447718,67,230,9663,2013,0.0,9635.0,-0.86546,-0.8888389999999999,ECU,URY,900319
6447719,71,230,9663,2013,17164.0,0.0,0.861698,2.353993,ESP,URY,900319
6447720,77,230,9663,2013,74914.0,0.0,1.520354,0.022874000000000002,FRA,URY,900319
6447721,81,230,9663,2013,33844.0,0.0,1.7901259999999999,0.44164,GBR,URY,900319
6447722,97,230,9663,2013,56482.0,5398.0,0.744383,1.923139,HKG,URY,900319
6447723,111,230,9663,2013,312346.0,0.0,1.289924,0.533436,ITA,URY,900319
6447724,114,230,9663,2013,1087.0,0.0,2.3993130000000003,-0.564768,JPN,URY,900319
6447725,121,230,9663,2013,12506.0,0.0,1.818383,0.75645,KOR,URY,900319
6447726,162,230,9663,2013,16694.0,0.0,1.184107,1.249557,NLD,URY,900319
6447727,169,230,9663,2013,13287.0,0.0,0.735637,1.161718,PAN,URY,900319
6447728,231,230,9663,2013,234985.0,0.0,1.6639689999999998,-0.48651300000000003,USA,URY,900319
6447729,0,231,9663,2013,0.0,262512.0,0.913235,-0.149061,ABW,USA,900319
6447730,2,231,9663,2013,0.0,1982.0,-1.172043,-1.133735,AGO,USA,900319
6447731,7,231,9663,2013,0.0,293055.0,-0.074047,-0.585168,ARE,USA,900319
6447732,8,231,9663,2013,0.0,5351.0,0.20314300000000002,0.494062,ARG,USA,900319
6447733,13,231,9663,2013,0.0,16210.0,0.096563,-0.60577,ATG,USA,900319
6447734,14,231,9663,2013,7952.0,4813734.0,-0.31145700000000004,-0.167628,AUS,USA,900319
6447735,15,231,9663,2013,21995414.0,402765.0,1.7209240000000001,-0.286892,AUT,USA,900319
6447736,18,231,9663,2013,1828403.0,35949.0,1.316207,0.972601,BEL,USA,900319
6447737,19,231,9663,2013,0.0,14005.0,-0.919968,-0.90691,BEN,USA,900319
6447738,22,231,9663,2013,6817.0,0.0,-1.101916,-0.734646,BGD,USA,900319
6447739,23,231,9663,2013,0.0,3470.0,0.5026109999999999,1.674296,BGR,USA,900319
6447740,24,231,9663,2013,0.0,9365.0,0.249681,-0.6204270000000001,BHR,USA,900319
6447741,25,231,9663,2013,0.0,693271.0,0.756732,-0.369842,BHS,USA,900319
6447742,28,231,9663,2013,0.0,500.0,1.036923,0.864568,BLR,USA,900319
6447743,29,231,9663,2013,0.0,2137.0,-0.35218299999999997,-0.508891,BLZ,USA,900319
6447744,30,231,9663,2013,0.0,70464.0,1.087677,-0.452984,BMU,USA,900319
6447745,31,231,9663,2013,0.0,21714.0,-1.039614,-0.95663,BOL,USA,900319
6447746,32,231,9663,2013,0.0,652943.0,0.14765899999999998,0.399262,BRA,USA,900319
6447747,33,231,9663,2013,859.0,246899.0,0.6969489999999999,0.135283,BRB,USA,900319
6447748,37,231,9663,2013,0.0,3290.0,-0.46761499999999995,-1.0842040000000002,BWA,USA,900319
6447749,39,231,9663,2013,1806333.0,50492376.0,0.719649,1.017046,CAN,USA,900319
6447750,41,231,9663,2013,225067.0,855650.0,2.2104470000000003,0.5403479999999999,CHE,USA,900319
6447751,42,231,9663,2013,6677.0,1052718.0,-0.260718,-0.38256100000000004,CHL,USA,900319
6447752,43,231,9663,2013,250780896.0,969908.0,1.113767,1.477496,CHN,USA,900319
6447753,44,231,9663,2013,0.0,4615.0,-0.923558,-0.866642,CIV,USA,900319
6447754,49,231,9663,2013,60921.0,683432.0,0.121799,-0.388239,COL,USA,900319
6447755,52,231,9663,2013,0.0,565128.0,0.067379,-0.688217,CRI,USA,900319
6447756,55,231,9663,2013,0.0,46996.0,0.029981999999999998,-0.673439,CUW,USA,900319
6447757,57,231,9663,2013,0.0,101009.0,0.391996,-0.73249,CYM,USA,900319
6447758,59,231,9663,2013,2601.0,14337.0,1.819653,-0.12423800000000002,CZE,USA,900319
6447759,61,231,9663,2013,7842664.0,291884.0,2.093658,-3.4281980000000005,DEU,USA,900319
6447760,63,231,9663,2013,0.0,8911.0,0.054362,-0.156703,DMA,USA,900319
6447761,64,231,9663,2013,2231830.0,10016.0,1.161835,1.1788450000000001,DNK,USA,900319
6447762,65,231,9663,2013,4140.0,116083.0,-0.277269,0.432388,DOM,USA,900319
6447763,66,231,9663,2013,0.0,43004.0,-1.373947,-1.1523459999999999,DZA,USA,900319
6447764,67,231,9663,2013,0.0,791544.0,-0.86546,-0.8888389999999999,ECU,USA,900319
6447765,68,231,9663,2013,0.0,150113.0,-0.17418,1.692641,EGY,USA,900319
6447766,71,231,9663,2013,479083.0,54196.0,0.861698,2.353993,ESP,USA,900319
6447767,72,231,9663,2013,0.0,20076.0,0.8828940000000001,1.386574,EST,USA,900319
6447768,73,231,9663,2013,0.0,2220.0,-1.264002,-0.9594219999999999,ETH,USA,900319
6447769,74,231,9663,2013,0.0,8292.0,1.734552,0.8896940000000001,FIN,USA,900319
6447770,75,231,9663,2013,0.0,2821.0,-0.5203369999999999,-0.122405,FJI,USA,900319
6447771,77,231,9663,2013,16770231.0,552498.0,1.520354,0.022874000000000002,FRA,USA,900319
6447772,80,231,9663,2013,0.0,4381.0,-1.6582830000000002,-1.155302,GAB,USA,900319
6447773,81,231,9663,2013,519609.0,1071873.0,1.7901259999999999,0.44164,GBR,USA,900319
6447774,83,231,9663,2013,0.0,35337.0,-0.7316010000000001,-0.5327689999999999,GHA,USA,900319
6447775,90,231,9663,2013,2308.0,3276.0,0.18823800000000002,0.910906,GRC,USA,900319
6447776,91,231,9663,2013,0.0,52969.0,0.073206,-0.567926,GRD,USA,900319
6447777,93,231,9663,2013,0.0,347565.0,-0.41466499999999995,0.774788,GTM,USA,900319
6447778,96,231,9663,2013,0.0,27815.0,-0.8555590000000001,-0.9744450000000001,GUY,USA,900319
6447779,97,231,9663,2013,5374298.0,1937522.0,0.744383,1.923139,HKG,USA,900319
6447780,99,231,9663,2013,0.0,573374.0,-0.731431,-0.310927,HND,USA,900319
6447781,100,231,9663,2013,0.0,1727.0,0.898284,1.038807,HRV,USA,900319
6447782,101,231,9663,2013,0.0,32524.0,-1.095392,-0.957326,HTI,USA,900319
6447783,102,231,9663,2013,54520.0,45780.0,1.506101,0.7279220000000001,HUN,USA,900319
6447784,103,231,9663,2013,64619.0,79925.0,-0.216854,1.415728,IDN,USA,900319
6447785,104,231,9663,2013,10053.0,90472.0,0.215356,2.3916209999999998,IND,USA,900319
6447786,106,231,9663,2013,1211.0,40239.0,1.29988,0.240688,IRL,USA,900319
6447787,109,231,9663,2013,0.0,5359.0,0.259374,-0.20413299999999998,ISL,USA,900319
6447788,110,231,9663,2013,128917.0,108063.0,1.197241,0.633828,ISR,USA,900319
6447789,111,231,9663,2013,84391240.0,917398.0,1.289924,0.533436,ITA,USA,900319
6447790,112,231,9663,2013,2203.0,435503.0,-0.541441,-0.8448559999999999,JAM,USA,900319
6447791,114,231,9663,2013,16724976.0,1016891.0,2.3993130000000003,-0.564768,JPN,USA,900319
6447792,116,231,9663,2013,0.0,4380.0,-0.448112,0.8672719999999999,KEN,USA,900319
6447793,120,231,9663,2013,0.0,5664.0,0.8500270000000001,-0.390234,KNA,USA,900319
6447794,121,231,9663,2013,16633630.0,365382.0,1.818383,0.75645,KOR,USA,900319
6447795,122,231,9663,2013,0.0,18174.0,-0.536384,-1.08382,KWT,USA,900319
6447796,124,231,9663,2013,0.0,70025.0,0.283084,1.4289100000000001,LBN,USA,900319
6447797,126,231,9663,2013,0.0,16895.0,-1.6241459999999999,-1.1817950000000002,LBY,USA,900319
6447798,127,231,9663,2013,0.0,10088.0,0.265129,-0.5083949999999999,LCA,USA,900319
6447799,131,231,9663,2013,1206503.0,1433.0,1.170459,1.150327,LUX,USA,900319
6447800,132,231,9663,2013,0.0,14708.0,0.6219439999999999,1.166749,LVA,USA,900319
6447801,133,231,9663,2013,367802.0,64330.0,0.252209,0.184401,MAC,USA,900319
6447802,134,231,9663,2013,0.0,47163.0,-0.6494260000000001,-0.035075999999999996,MAR,USA,900319
6447803,135,231,9663,2013,12654.0,0.0,-0.016235,0.132104,MDA,USA,900319
6447804,138,231,9663,2013,103292.0,22272476.0,1.048507,0.718932,MEX,USA,900319
6447805,142,231,9663,2013,0.0,3048.0,0.8519760000000001,-0.075869,MLT,USA,900319
6447806,151,231,9663,2013,0.0,5138.0,-0.158852,0.0061600000000000005,MUS,USA,900319
6447807,153,231,9663,2013,11409.0,179874.0,0.937641,0.747496,MYS,USA,900319
6447808,155,231,9663,2013,0.0,2685.0,-0.308643,-0.480617,NAM,USA,900319
6447809,156,231,9663,2013,0.0,5492.0,-0.136052,-0.703913,NCL,USA,900319
6447810,159,231,9663,2013,0.0,9190.0,-1.745783,-1.1356680000000001,NGA,USA,900319
6447811,160,231,9663,2013,0.0,368943.0,-0.9277,-0.6842630000000001,NIC,USA,900319
6447812,162,231,9663,2013,275476.0,309958.0,1.184107,1.249557,NLD,USA,900319
6447813,163,231,9663,2013,0.0,87129.0,0.892099,0.18168399999999998,NOR,USA,900319
6447814,166,231,9663,2013,1994.0,10742.0,0.3345,0.39063000000000003,NZL,USA,900319
6447815,167,231,9663,2013,0.0,2757.0,-0.604175,-1.0463209999999998,OMN,USA,900319
6447816,168,231,9663,2013,14359.0,0.0,-0.75727,0.769703,PAK,USA,900319
6447817,169,231,9663,2013,5462.0,493530.0,0.735637,1.161718,PAN,USA,900319
6447818,173,231,9663,2013,0.0,587655.0,-0.573852,0.357977,PER,USA,900319
6447819,174,231,9663,2013,168298.0,60160.0,0.507868,0.355403,PHL,USA,900319
6447820,177,231,9663,2013,538497.0,20844.0,1.084332,1.216749,POL,USA,900319
6447821,179,231,9663,2013,0.0,19735.0,0.541454,2.5228610000000002,PRT,USA,900319
6447822,180,231,9663,2013,0.0,78054.0,-0.566239,-0.9273459999999999,PRY,USA,900319
6447823,182,231,9663,2013,0.0,3187.0,-0.146044,-0.7055359999999999,PYF,USA,900319
6447824,183,231,9663,2013,0.0,32557.0,-0.083649,-1.013491,QAT,USA,900319
6447825,185,231,9663,2013,0.0,8091.0,0.792035,1.225034,ROU,USA,900319
6447826,186,231,9663,2013,0.0,131009.0,0.481166,-0.180052,RUS,USA,900319
6447827,188,231,9663,2013,0.0,666080.0,0.626347,-0.844406,SAU,USA,900319
6447828,191,231,9663,2013,0.0,3142.0,-0.523662,-0.309101,SEN,USA,900319
6447829,192,231,9663,2013,15946.0,198366.0,1.915504,0.619576,SGP,USA,900319
6447830,197,231,9663,2013,0.0,664048.0,-0.021029,0.381522,SLV,USA,900319
6447831,201,231,9663,2013,0.0,20452.0,0.5717720000000001,1.174901,SRB,USA,900319
6447832,205,231,9663,2013,0.0,125673.0,-0.417865,-0.7600399999999999,SUR,USA,900319
6447833,207,231,9663,2013,0.0,8996.0,1.698374,0.563082,SVN,USA,900319
6447834,208,231,9663,2013,754350.0,68471.0,1.869421,0.228109,SWE,USA,900319
6447835,209,231,9663,2013,0.0,2503.0,0.109267,-0.275005,SWZ,USA,900319
6447836,210,231,9663,2013,0.0,6471.0,0.5512090000000001,-0.22818400000000003,SXM,USA,900319
6447837,213,231,9663,2013,0.0,2677.0,0.41053199999999995,-0.007201999999999999,TCA,USA,900319
6447838,215,231,9663,2013,0.0,4988.0,-0.598413,-0.49295200000000006,TGO,USA,900319
6447839,216,231,9663,2013,106608.0,316472.0,0.8752139999999999,1.3798620000000001,THA,USA,900319
6447840,222,231,9663,2013,0.0,425805.0,-0.280641,-1.083332,TTO,USA,900319
6447841,223,231,9663,2013,0.0,8308.0,0.185528,1.0070700000000001,TUN,USA,900319
6447842,224,231,9663,2013,9800.0,535495.0,0.42932299999999995,2.690235,TUR,USA,900319
6447843,228,231,9663,2013,0.0,16123.0,0.657729,0.9063200000000001,UKR,USA,900319
6447844,230,231,9663,2013,0.0,234985.0,0.20190999999999998,-0.19777999999999998,URY,USA,900319
6447845,234,231,9663,2013,1026.0,121958.0,0.193198,-0.23631799999999997,VCT,USA,900319
6447846,236,231,9663,2013,0.0,302300.0,-0.778172,-1.107059,VEN,USA,900319
6447847,239,231,9663,2013,12706.0,38297.0,-0.11426900000000001,1.399738,VNM,USA,900319
6447848,246,231,9663,2013,6293.0,214741.0,0.380284,1.5682120000000002,ZAF,USA,900319
6447849,249,231,9663,2013,601134.0,260653.0,1.843186,0.9432379999999999,TWN,USA,900319
6447850,33,234,9663,2013,1862.0,0.0,0.6969489999999999,0.135283,BRB,VCT,900319
6447851,39,234,9663,2013,1738.0,0.0,0.719649,1.017046,CAN,VCT,900319
6447852,43,234,9663,2013,2726.0,0.0,1.113767,1.477496,CHN,VCT,900319
6447853,231,234,9663,2013,121958.0,1026.0,1.6639689999999998,-0.48651300000000003,USA,VCT,900319
6447854,8,236,9663,2013,6301.0,0.0,0.20314300000000002,0.494062,ARG,VEN,900319
6447855,15,236,9663,2013,12512.0,0.0,1.7209240000000001,-0.286892,AUT,VEN,900319
6447856,43,236,9663,2013,2334457.0,0.0,1.113767,1.477496,CHN,VEN,900319
6447857,52,236,9663,2013,133986.0,0.0,0.067379,-0.688217,CRI,VEN,900319
6447858,54,236,9663,2013,4196573.0,0.0,-0.019956,-0.7873319999999999,CUB,VEN,900319
6447859,61,236,9663,2013,128369.0,0.0,2.093658,-3.4281980000000005,DEU,VEN,900319
6447860,71,236,9663,2013,13242.0,0.0,0.861698,2.353993,ESP,VEN,900319
6447861,77,236,9663,2013,633081.0,0.0,1.520354,0.022874000000000002,FRA,VEN,900319
6447862,81,236,9663,2013,977.0,0.0,1.7901259999999999,0.44164,GBR,VEN,900319
6447863,97,236,9663,2013,407849.0,0.0,0.744383,1.923139,HKG,VEN,900319
6447864,111,236,9663,2013,458079.0,37966.0,1.289924,0.533436,ITA,VEN,900319
6447865,138,236,9663,2013,20219.0,0.0,1.048507,0.718932,MEX,VEN,900319
6447866,153,236,9663,2013,1583.0,0.0,0.937641,0.747496,MYS,VEN,900319
6447867,169,236,9663,2013,1952083.0,2300.0,0.735637,1.161718,PAN,VEN,900319
6447868,224,236,9663,2013,973.0,0.0,0.42932299999999995,2.690235,TUR,VEN,900319
6447869,231,236,9663,2013,302300.0,0.0,1.6639689999999998,-0.48651300000000003,USA,VEN,900319
6447870,43,243,9663,2013,1932.0,0.0,1.113767,1.477496,CHN,YEM,900319
6447871,104,243,9663,2013,2745.0,0.0,0.215356,2.3916209999999998,IND,YEM,900319
6447872,2,246,9663,2013,0.0,27571.0,-1.172043,-1.133735,AGO,ZAF,900319
6447873,7,246,9663,2013,0.0,10393.0,-0.074047,-0.585168,ARE,ZAF,900319
6447874,14,246,9663,2013,76934.0,65920.0,-0.31145700000000004,-0.167628,AUS,ZAF,900319
6447875,15,246,9663,2013,781412.0,2503.0,1.7209240000000001,-0.286892,AUT,ZAF,900319
6447876,18,246,9663,2013,203644.0,4628.0,1.316207,0.972601,BEL,ZAF,900319
6447877,32,246,9663,2013,34096.0,0.0,0.14765899999999998,0.399262,BRA,ZAF,900319
6447878,37,246,9663,2013,3274.0,344464.0,-0.46761499999999995,-1.0842040000000002,BWA,ZAF,900319
6447879,39,246,9663,2013,69084.0,56282.0,0.719649,1.017046,CAN,ZAF,900319
6447880,41,246,9663,2013,13394.0,0.0,2.2104470000000003,0.5403479999999999,CHE,ZAF,900319
6447881,42,246,9663,2013,7938.0,0.0,-0.260718,-0.38256100000000004,CHL,ZAF,900319
6447882,43,246,9663,2013,3867024.0,0.0,1.113767,1.477496,CHN,ZAF,900319
6447883,44,246,9663,2013,0.0,2545.0,-0.923558,-0.866642,CIV,ZAF,900319
6447884,46,246,9663,2013,0.0,2047.0,-1.300125,-1.0708010000000001,COD,ZAF,900319
6447885,59,246,9663,2013,9893.0,0.0,1.819653,-0.12423800000000002,CZE,ZAF,900319
6447886,61,246,9663,2013,310113.0,9241.0,2.093658,-3.4281980000000005,DEU,ZAF,900319
6447887,64,246,9663,2013,254858.0,2083.0,1.161835,1.1788450000000001,DNK,ZAF,900319
6447888,68,246,9663,2013,0.0,60423.0,-0.17418,1.692641,EGY,ZAF,900319
6447889,71,246,9663,2013,11712.0,0.0,0.861698,2.353993,ESP,ZAF,900319
6447890,77,246,9663,2013,464800.0,18912.0,1.520354,0.022874000000000002,FRA,ZAF,900319
6447891,81,246,9663,2013,1405962.0,14463.0,1.7901259999999999,0.44164,GBR,ZAF,900319
6447892,83,246,9663,2013,0.0,2133.0,-0.7316010000000001,-0.5327689999999999,GHA,ZAF,900319
6447893,97,246,9663,2013,970761.0,3002.0,0.744383,1.923139,HKG,ZAF,900319
6447894,102,246,9663,2013,2373.0,0.0,1.506101,0.7279220000000001,HUN,ZAF,900319
6447895,106,246,9663,2013,3455.0,0.0,1.29988,0.240688,IRL,ZAF,900319
6447896,110,246,9663,2013,30967.0,0.0,1.197241,0.633828,ISR,ZAF,900319
6447897,111,246,9663,2013,2152870.0,34602.0,1.289924,0.533436,ITA,ZAF,900319
6447898,114,246,9663,2013,16991.0,1445.0,2.3993130000000003,-0.564768,JPN,ZAF,900319
6447899,116,246,9663,2013,0.0,34215.0,-0.448112,0.8672719999999999,KEN,ZAF,900319
6447900,121,246,9663,2013,165645.0,8131.0,1.818383,0.75645,KOR,ZAF,900319
6447901,129,246,9663,2013,0.0,56832.0,-0.7396689999999999,-0.696625,LSO,ZAF,900319
6447902,137,246,9663,2013,0.0,8612.0,-0.21889699999999998,-0.776392,MDV,ZAF,900319
6447903,147,246,9663,2013,0.0,34421.0,-1.326323,-1.050969,MOZ,ZAF,900319
6447904,151,246,9663,2013,23482.0,118498.0,-0.158852,0.0061600000000000005,MUS,ZAF,900319
6447905,152,246,9663,2013,0.0,4823.0,-0.8992120000000001,-0.862175,MWI,ZAF,900319
6447906,155,246,9663,2013,31689.0,555317.0,-0.308643,-0.480617,NAM,ZAF,900319
6447907,159,246,9663,2013,0.0,2333.0,-1.745783,-1.1356680000000001,NGA,ZAF,900319
6447908,162,246,9663,2013,27356.0,1281.0,1.184107,1.249557,NLD,ZAF,900319
6447909,177,246,9663,2013,3625.0,0.0,1.084332,1.216749,POL,ZAF,900319
6447910,187,246,9663,2013,0.0,18379.0,-0.490519,-0.48427700000000007,RWA,ZAF,900319
6447911,190,246,9663,2013,0.0,27628.0,-1.254944,-1.073564,SDN,ZAF,900319
6447912,191,246,9663,2013,0.0,13156.0,-0.523662,-0.309101,SEN,ZAF,900319
6447913,192,246,9663,2013,78833.0,1765.0,1.915504,0.619576,SGP,ZAF,900319
6447914,196,246,9663,2013,0.0,2789.0,-0.132082,-0.552921,SLE,ZAF,900319
6447915,206,246,9663,2013,3324.0,0.0,1.32064,0.7519819999999999,SVK,ZAF,900319
6447916,209,246,9663,2013,0.0,69984.0,0.109267,-0.275005,SWZ,ZAF,900319
6447917,211,246,9663,2013,0.0,9532.0,0.270999,-0.474095,SYC,ZAF,900319
6447918,224,246,9663,2013,8870.0,0.0,0.42932299999999995,2.690235,TUR,ZAF,900319
6447919,226,246,9663,2013,0.0,2165.0,-0.9306770000000001,0.273489,TZA,ZAF,900319
6447920,227,246,9663,2013,0.0,2434.0,-0.5462279999999999,0.200682,UGA,ZAF,900319
6447921,228,246,9663,2013,0.0,10558.0,0.657729,0.9063200000000001,UKR,ZAF,900319
6447922,231,246,9663,2013,214741.0,6293.0,1.6639689999999998,-0.48651300000000003,USA,ZAF,900319
6447923,247,246,9663,2013,0.0,29740.0,-0.382129,-0.5442229999999999,ZMB,ZAF,900319
6447924,248,246,9663,2013,0.0,200922.0,-0.828702,-0.899175,ZWE,ZAF,900319
6447925,249,246,9663,2013,2833.0,0.0,1.843186,0.9432379999999999,TWN,ZAF,900319
6447926,250,246,9663,2013,36776.0,0.0,0.628555,0.277602,ANS,ZAF,900319
6447927,7,249,9663,2013,0.0,25419.0,-0.074047,-0.585168,ARE,TWN,900319
6447928,8,249,9663,2013,0.0,464466.0,0.20314300000000002,0.494062,ARG,TWN,900319
6447929,14,249,9663,2013,0.0,38798.0,-0.31145700000000004,-0.167628,AUS,TWN,900319
6447930,15,249,9663,2013,458290.0,3673.0,1.7209240000000001,-0.286892,AUT,TWN,900319
6447931,18,249,9663,2013,100670.0,11057.0,1.316207,0.972601,BEL,TWN,900319
6447932,22,249,9663,2013,0.0,2189.0,-1.101916,-0.734646,BGD,TWN,900319
6447933,23,249,9663,2013,0.0,1648.0,0.5026109999999999,1.674296,BGR,TWN,900319
6447934,24,249,9663,2013,0.0,5014.0,0.249681,-0.6204270000000001,BHR,TWN,900319
6447935,31,249,9663,2013,0.0,5229.0,-1.039614,-0.95663,BOL,TWN,900319
6447936,32,249,9663,2013,0.0,67494.0,0.14765899999999998,0.399262,BRA,TWN,900319
6447937,39,249,9663,2013,0.0,130229.0,0.719649,1.017046,CAN,TWN,900319
6447938,41,249,9663,2013,364349.0,59658.0,2.2104470000000003,0.5403479999999999,CHE,TWN,900319
6447939,42,249,9663,2013,0.0,130289.0,-0.260718,-0.38256100000000004,CHL,TWN,900319
6447940,43,249,9663,2013,4205740.0,96098.0,1.113767,1.477496,CHN,TWN,900319
6447941,49,249,9663,2013,0.0,12686.0,0.121799,-0.388239,COL,TWN,900319
6447942,54,249,9663,2013,0.0,7142.0,-0.019956,-0.7873319999999999,CUB,TWN,900319
6447943,59,249,9663,2013,0.0,2380.0,1.819653,-0.12423800000000002,CZE,TWN,900319
6447944,61,249,9663,2013,2925229.0,151210.0,2.093658,-3.4281980000000005,DEU,TWN,900319
6447945,64,249,9663,2013,407078.0,4906.0,1.161835,1.1788450000000001,DNK,TWN,900319
6447946,71,249,9663,2013,4197.0,30087.0,0.861698,2.353993,ESP,TWN,900319
6447947,72,249,9663,2013,0.0,3101.0,0.8828940000000001,1.386574,EST,TWN,900319
6447948,77,249,9663,2013,394174.0,34622.0,1.520354,0.022874000000000002,FRA,TWN,900319
6447949,81,249,9663,2013,56016.0,26318.0,1.7901259999999999,0.44164,GBR,TWN,900319
6447950,97,249,9663,2013,720974.0,219211.0,0.744383,1.923139,HKG,TWN,900319
6447951,102,249,9663,2013,0.0,3229.0,1.506101,0.7279220000000001,HUN,TWN,900319
6447952,103,249,9663,2013,0.0,23553.0,-0.216854,1.415728,IDN,TWN,900319
6447953,104,249,9663,2013,0.0,49808.0,0.215356,2.3916209999999998,IND,TWN,900319
6447954,106,249,9663,2013,4702.0,3180.0,1.29988,0.240688,IRL,TWN,900319
6447955,110,249,9663,2013,0.0,11602.0,1.197241,0.633828,ISR,TWN,900319
6447956,111,249,9663,2013,689947.0,26224.0,1.289924,0.533436,ITA,TWN,900319
6447957,114,249,9663,2013,7254176.0,461884.0,2.3993130000000003,-0.564768,JPN,TWN,900319
6447958,121,249,9663,2013,1112923.0,89811.0,1.818383,0.75645,KOR,TWN,900319
6447959,122,249,9663,2013,0.0,3780.0,-0.536384,-1.08382,KWT,TWN,900319
6447960,130,249,9663,2013,0.0,7303.0,0.737796,1.215543,LTU,TWN,900319
6447961,131,249,9663,2013,80635.0,0.0,1.170459,1.150327,LUX,TWN,900319
6447962,138,249,9663,2013,0.0,23558.0,1.048507,0.718932,MEX,TWN,900319
6447963,151,249,9663,2013,0.0,2529.0,-0.158852,0.0061600000000000005,MUS,TWN,900319
6447964,153,249,9663,2013,6039.0,100140.0,0.937641,0.747496,MYS,TWN,900319
6447965,162,249,9663,2013,11217.0,84244.0,1.184107,1.249557,NLD,TWN,900319
6447966,163,249,9663,2013,0.0,10918.0,0.892099,0.18168399999999998,NOR,TWN,900319
6447967,166,249,9663,2013,0.0,1284.0,0.3345,0.39063000000000003,NZL,TWN,900319
6447968,167,249,9663,2013,0.0,13200.0,-0.604175,-1.0463209999999998,OMN,TWN,900319
6447969,173,249,9663,2013,0.0,3041.0,-0.573852,0.357977,PER,TWN,900319
6447970,174,249,9663,2013,6554.0,0.0,0.507868,0.355403,PHL,TWN,900319
6447971,177,249,9663,2013,1916.0,5196.0,1.084332,1.216749,POL,TWN,900319
6447972,179,249,9663,2013,3050.0,0.0,0.541454,2.5228610000000002,PRT,TWN,900319
6447973,180,249,9663,2013,0.0,1772.0,-0.566239,-0.9273459999999999,PRY,TWN,900319
6447974,186,249,9663,2013,0.0,23239.0,0.481166,-0.180052,RUS,TWN,900319
6447975,192,249,9663,2013,34766.0,61029.0,1.915504,0.619576,SGP,TWN,900319
6447976,207,249,9663,2013,0.0,7085.0,1.698374,0.563082,SVN,TWN,900319
6447977,208,249,9663,2013,5569.0,1092.0,1.869421,0.228109,SWE,TWN,900319
6447978,216,249,9663,2013,9645.0,23684.0,0.8752139999999999,1.3798620000000001,THA,TWN,900319
6447979,224,249,9663,2013,0.0,2326.0,0.42932299999999995,2.690235,TUR,TWN,900319
6447980,231,249,9663,2013,260653.0,601134.0,1.6639689999999998,-0.48651300000000003,USA,TWN,900319
6447981,239,249,9663,2013,53161.0,8158.0,-0.11426900000000001,1.399738,VNM,TWN,900319
6447982,246,249,9663,2013,0.0,2833.0,0.380284,1.5682120000000002,ZAF,TWN,900319
6447983,250,249,9663,2013,1799.0,0.0,0.628555,0.277602,ANS,TWN,900319
6447984,0,250,9663,2013,0.0,19671.0,0.913235,-0.149061,ABW,ANS,900319
6447985,7,250,9663,2013,46425.0,0.0,-0.074047,-0.585168,ARE,ANS,900319
6447986,8,250,9663,2013,3367.0,0.0,0.20314300000000002,0.494062,ARG,ANS,900319
6447987,42,250,9663,2013,0.0,103800.0,-0.260718,-0.38256100000000004,CHL,ANS,900319
6447988,44,250,9663,2013,0.0,8611.0,-0.923558,-0.866642,CIV,ANS,900319
6447989,59,250,9663,2013,0.0,3717404.0,1.819653,-0.12423800000000002,CZE,ANS,900319
6447990,64,250,9663,2013,7905.0,0.0,1.161835,1.1788450000000001,DNK,ANS,900319
6447991,71,250,9663,2013,0.0,15994.0,0.861698,2.353993,ESP,ANS,900319
6447992,72,250,9663,2013,0.0,58289.0,0.8828940000000001,1.386574,EST,ANS,900319
6447993,77,250,9663,2013,0.0,8020640.0,1.520354,0.022874000000000002,FRA,ANS,900319
6447994,106,250,9663,2013,7726.0,5640.0,1.29988,0.240688,IRL,ANS,900319
6447995,107,250,9663,2013,0.0,7602.0,-0.339172,-0.237114,IRN,ANS,900319
6447996,110,250,9663,2013,211000.0,0.0,1.197241,0.633828,ISR,ANS,900319
6447997,113,250,9663,2013,62417.0,0.0,0.152659,0.5889979999999999,JOR,ANS,900319
6447998,114,250,9663,2013,8864.0,0.0,2.3993130000000003,-0.564768,JPN,ANS,900319
6447999,131,250,9663,2013,0.0,146466.0,1.170459,1.150327,LUX,ANS,900319
6448000,136,250,9663,2013,0.0,1686.0,-1.068565,-0.364254,MDG,ANS,900319
6448001,138,250,9663,2013,0.0,12474.0,1.048507,0.718932,MEX,ANS,900319
6448002,169,250,9663,2013,193152.0,60841.0,0.735637,1.161718,PAN,ANS,900319
6448003,177,250,9663,2013,0.0,609863.0,1.084332,1.216749,POL,ANS,900319
6448004,188,250,9663,2013,0.0,58488.0,0.626347,-0.844406,SAU,ANS,900319
6448005,206,250,9663,2013,1760.0,1577379.0,1.32064,0.7519819999999999,SVK,ANS,900319
6448006,223,250,9663,2013,14680.0,0.0,0.185528,1.0070700000000001,TUN,ANS,900319
6448007,239,250,9663,2013,0.0,220221.0,-0.11426900000000001,1.399738,VNM,ANS,900319
6448008,246,250,9663,2013,0.0,36776.0,0.380284,1.5682120000000002,ZAF,ANS,900319
6448009,249,250,9663,2013,0.0,1799.0,1.843186,0.9432379999999999,TWN,ANS,900319
6448010,15,9,9663,2013,15353.0,0.0,1.7209240000000001,-0.286892,AUT,ARM,900319
6448011,39,9,9663,2013,8344.0,0.0,0.719649,1.017046,CAN,ARM,900319
6448012,41,9,9663,2013,11312.0,0.0,2.2104470000000003,0.5403479999999999,CHE,ARM,900319
6448013,43,9,9663,2013,59831.0,0.0,1.113767,1.477496,CHN,ARM,900319
6448014,61,9,9663,2013,17184.0,0.0,2.093658,-3.4281980000000005,DEU,ARM,900319
6448015,77,9,9663,2013,8950.0,0.0,1.520354,0.022874000000000002,FRA,ARM,900319
6448016,82,9,9663,2013,3210.0,0.0,-0.160691,-0.393419,GEO,ARM,900319
6448017,111,9,9663,2013,17059.0,0.0,1.289924,0.533436,ITA,ARM,900319
6448018,114,9,9663,2013,5074.0,0.0,2.3993130000000003,-0.564768,JPN,ARM,900319
6448019,177,9,9663,2013,2448.0,0.0,1.084332,1.216749,POL,ARM,900319
6448020,7,14,9663,2013,0.0,5888.0,-0.074047,-0.585168,ARE,AUS,900319
6448021,15,14,9663,2013,1102596.0,0.0,1.7209240000000001,-0.286892,AUT,AUS,900319
6448022,18,14,9663,2013,320697.0,3567.0,1.316207,0.972601,BEL,AUS,900319
6448023,28,14,9663,2013,0.0,3054.0,1.036923,0.864568,BLR,AUS,900319
6448024,37,14,9663,2013,0.0,2743.0,-0.46761499999999995,-1.0842040000000002,BWA,AUS,900319
6448025,39,14,9663,2013,791520.0,13757.0,0.719649,1.017046,CAN,AUS,900319
6448026,41,14,9663,2013,33135.0,0.0,2.2104470000000003,0.5403479999999999,CHE,AUS,900319
6448027,43,14,9663,2013,8277079.0,9047.0,1.113767,1.477496,CHN,AUS,900319
6448028,45,14,9663,2013,978.0,0.0,-0.901531,-1.027111,CMR,AUS,900319
6448029,59,14,9663,2013,10402.0,0.0,1.819653,-0.12423800000000002,CZE,AUS,900319
6448030,61,14,9663,2013,2033717.0,5021.0,2.093658,-3.4281980000000005,DEU,AUS,900319
6448031,64,14,9663,2013,744710.0,37846.0,1.161835,1.1788450000000001,DNK,AUS,900319
6448032,71,14,9663,2013,32440.0,0.0,0.861698,2.353993,ESP,AUS,900319
6448033,74,14,9663,2013,0.0,729.0,1.734552,0.8896940000000001,FIN,AUS,900319
6448034,75,14,9663,2013,0.0,29270.0,-0.5203369999999999,-0.122405,FJI,AUS,900319
6448035,77,14,9663,2013,1563263.0,21873.0,1.520354,0.022874000000000002,FRA,AUS,900319
6448036,81,14,9663,2013,534612.0,140608.0,1.7901259999999999,0.44164,GBR,AUS,900319
6448037,97,14,9663,2013,3726214.0,424012.0,0.744383,1.923139,HKG,AUS,900319
6448038,100,14,9663,2013,0.0,2134.0,0.898284,1.038807,HRV,AUS,900319
6448039,102,14,9663,2013,7668.0,0.0,1.506101,0.7279220000000001,HUN,AUS,900319
6448040,103,14,9663,2013,0.0,7005.0,-0.216854,1.415728,IDN,AUS,900319
6448041,104,14,9663,2013,0.0,1305.0,0.215356,2.3916209999999998,IND,AUS,900319
6448042,106,14,9663,2013,24188.0,2576.0,1.29988,0.240688,IRL,AUS,900319
6448043,110,14,9663,2013,71330.0,1588.0,1.197241,0.633828,ISR,AUS,900319
6448044,111,14,9663,2013,5563040.0,21007.0,1.289924,0.533436,ITA,AUS,900319
6448045,114,14,9663,2013,340011.0,2195.0,2.3993130000000003,-0.564768,JPN,AUS,900319
6448046,116,14,9663,2013,0.0,20908.0,-0.448112,0.8672719999999999,KEN,AUS,900319
6448047,121,14,9663,2013,822273.0,10596.0,1.818383,0.75645,KOR,AUS,900319
6448048,131,14,9663,2013,14152.0,0.0,1.170459,1.150327,LUX,AUS,900319
6448049,133,14,9663,2013,10125.0,0.0,0.252209,0.184401,MAC,AUS,900319
6448050,141,14,9663,2013,2887.0,0.0,-1.183671,-1.069504,MLI,AUS,900319
6448051,153,14,9663,2013,0.0,3440.0,0.937641,0.747496,MYS,AUS,900319
6448052,156,14,9663,2013,0.0,1496.0,-0.136052,-0.703913,NCL,AUS,900319
6448053,162,14,9663,2013,182006.0,49733.0,1.184107,1.249557,NLD,AUS,900319
6448054,163,14,9663,2013,0.0,1592.0,0.892099,0.18168399999999998,NOR,AUS,900319
6448055,166,14,9663,2013,225065.0,2963201.0,0.3345,0.39063000000000003,NZL,AUS,900319
6448056,174,14,9663,2013,917652.0,15055.0,0.507868,0.355403,PHL,AUS,900319
6448057,176,14,9663,2013,0.0,10011.0,-1.444244,-1.144231,PNG,AUS,900319
6448058,177,14,9663,2013,964.0,2134.0,1.084332,1.216749,POL,AUS,900319
6448059,179,14,9663,2013,38458.0,0.0,0.541454,2.5228610000000002,PRT,AUS,900319
6448060,182,14,9663,2013,0.0,3590.0,-0.146044,-0.7055359999999999,PYF,AUS,900319
6448061,192,14,9663,2013,1725.0,24202.0,1.915504,0.619576,SGP,AUS,900319
6448062,206,14,9663,2013,5666.0,0.0,1.32064,0.7519819999999999,SVK,AUS,900319
6448063,208,14,9663,2013,17923.0,0.0,1.869421,0.228109,SWE,AUS,900319
6448064,216,14,9663,2013,954944.0,4960866.0,0.8752139999999999,1.3798620000000001,THA,AUS,900319
6448065,228,14,9663,2013,0.0,1348.0,0.657729,0.9063200000000001,UKR,AUS,900319
6448066,231,14,9663,2013,4813734.0,7952.0,1.6639689999999998,-0.48651300000000003,USA,AUS,900319
6448067,239,14,9663,2013,19553.0,0.0,-0.11426900000000001,1.399738,VNM,AUS,900319
6448068,246,14,9663,2013,65920.0,76934.0,0.380284,1.5682120000000002,ZAF,AUS,900319
6448069,249,14,9663,2013,38798.0,0.0,1.843186,0.9432379999999999,TWN,AUS,900319
6448070,7,16,9663,2013,63202.0,0.0,-0.074047,-0.585168,ARE,AZE,900319
6448071,15,16,9663,2013,14574.0,0.0,1.7209240000000001,-0.286892,AUT,AZE,900319
6448072,39,16,9663,2013,62301.0,0.0,0.719649,1.017046,CAN,AZE,900319
6448073,41,16,9663,2013,22633.0,0.0,2.2104470000000003,0.5403479999999999,CHE,AZE,900319
6448074,43,16,9663,2013,18598.0,0.0,1.113767,1.477496,CHN,AZE,900319
6448075,61,16,9663,2013,108827.0,0.0,2.093658,-3.4281980000000005,DEU,AZE,900319
6448076,77,16,9663,2013,13516.0,0.0,1.520354,0.022874000000000002,FRA,AZE,900319
6448077,82,16,9663,2013,0.0,11299.0,-0.160691,-0.393419,GEO,AZE,900319
6448078,111,16,9663,2013,127622.0,0.0,1.289924,0.533436,ITA,AZE,900319
6448079,114,16,9663,2013,59551.0,0.0,2.3993130000000003,-0.564768,JPN,AZE,900319
6448080,177,16,9663,2013,17631.0,0.0,1.084332,1.216749,POL,AZE,900319
6448081,224,16,9663,2013,130547.0,0.0,0.42932299999999995,2.690235,TUR,AZE,900319
6448082,43,22,9663,2013,296887.0,0.0,1.113767,1.477496,CHN,BGD,900319
6448083,61,22,9663,2013,10576.0,0.0,2.093658,-3.4281980000000005,DEU,BGD,900319
6448084,77,22,9663,2013,9382.0,0.0,1.520354,0.022874000000000002,FRA,BGD,900319
6448085,97,22,9663,2013,228733.0,8291.0,0.744383,1.923139,HKG,BGD,900319
6448086,104,22,9663,2013,3100.0,0.0,0.215356,2.3916209999999998,IND,BGD,900319
6448087,111,22,9663,2013,4550.0,0.0,1.289924,0.533436,ITA,BGD,900319
6448088,231,22,9663,2013,0.0,6817.0,1.6639689999999998,-0.48651300000000003,USA,BGD,900319
6448089,249,22,9663,2013,2189.0,0.0,1.843186,0.9432379999999999,TWN,BGD,900319
6448090,7,24,9663,2013,61228.0,0.0,-0.074047,-0.585168,ARE,BHR,900319
6448091,15,24,9663,2013,38926.0,0.0,1.7209240000000001,-0.286892,AUT,BHR,900319
6448092,41,24,9663,2013,3425.0,0.0,2.2104470000000003,0.5403479999999999,CHE,BHR,900319
6448093,43,24,9663,2013,70668.0,0.0,1.113767,1.477496,CHN,BHR,900319
6448094,59,24,9663,2013,5910.0,0.0,1.819653,-0.12423800000000002,CZE,BHR,900319
6448095,61,24,9663,2013,58557.0,0.0,2.093658,-3.4281980000000005,DEU,BHR,900319
6448096,64,24,9663,2013,16347.0,0.0,1.161835,1.1788450000000001,DNK,BHR,900319
6448097,77,24,9663,2013,34669.0,0.0,1.520354,0.022874000000000002,FRA,BHR,900319
6448098,81,24,9663,2013,45723.0,0.0,1.7901259999999999,0.44164,GBR,BHR,900319
6448099,97,24,9663,2013,2378.0,0.0,0.744383,1.923139,HKG,BHR,900319
6448100,111,24,9663,2013,210133.0,0.0,1.289924,0.533436,ITA,BHR,900319
6448101,114,24,9663,2013,1134.0,0.0,2.3993130000000003,-0.564768,JPN,BHR,900319
6448102,122,24,9663,2013,2026.0,18537.0,-0.536384,-1.08382,KWT,BHR,900319
6448103,162,24,9663,2013,2743.0,0.0,1.184107,1.249557,NLD,BHR,900319
6448104,188,24,9663,2013,0.0,778218.0,0.626347,-0.844406,SAU,BHR,900319
6448105,207,24,9663,2013,4591.0,0.0,1.698374,0.563082,SVN,BHR,900319
6448106,231,24,9663,2013,9365.0,0.0,1.6639689999999998,-0.48651300000000003,USA,BHR,900319
6448107,249,24,9663,2013,5014.0,0.0,1.843186,0.9432379999999999,TWN,BHR,900319
6448108,15,26,9663,2013,2611.0,0.0,1.7209240000000001,-0.286892,AUT,BIH,900319
6448109,43,26,9663,2013,2203.0,0.0,1.113767,1.477496,CHN,BIH,900319
6448110,61,26,9663,2013,28623.0,0.0,2.093658,-3.4281980000000005,DEU,BIH,900319
6448111,71,26,9663,2013,4937.0,0.0,0.861698,2.353993,ESP,BIH,900319
6448112,77,26,9663,2013,13657.0,82069.0,1.520354,0.022874000000000002,FRA,BIH,900319
6448113,81,26,9663,2013,9078.0,0.0,1.7901259999999999,0.44164,GBR,BIH,900319
6448114,100,26,9663,2013,29402.0,2374.0,0.898284,1.038807,HRV,BIH,900319
6448115,102,26,9663,2013,28816.0,0.0,1.506101,0.7279220000000001,HUN,BIH,900319
6448116,111,26,9663,2013,87734.0,0.0,1.289924,0.533436,ITA,BIH,900319
6448117,121,26,9663,2013,2452.0,0.0,1.818383,0.75645,KOR,BIH,900319
6448118,144,26,9663,2013,0.0,14207.0,-0.054454999999999996,-0.164875,MNE,BIH,900319
6448119,162,26,9663,2013,20574.0,0.0,1.184107,1.249557,NLD,BIH,900319
6448120,177,26,9663,2013,10832.0,0.0,1.084332,1.216749,POL,BIH,900319
6448121,201,26,9663,2013,33224.0,8145.0,0.5717720000000001,1.174901,SRB,BIH,900319
6448122,207,26,9663,2013,44304.0,0.0,1.698374,0.563082,SVN,BIH,900319
6448123,224,26,9663,2013,1437.0,0.0,0.42932299999999995,2.690235,TUR,BIH,900319
6448124,14,28,9663,2013,3054.0,0.0,-0.31145700000000004,-0.167628,AUS,BLR,900319
6448125,15,28,9663,2013,30849.0,0.0,1.7209240000000001,-0.286892,AUT,BLR,900319
6448126,43,28,9663,2013,194421.0,0.0,1.113767,1.477496,CHN,BLR,900319
6448127,59,28,9663,2013,6894.0,0.0,1.819653,-0.12423800000000002,CZE,BLR,900319
6448128,61,28,9663,2013,338260.0,0.0,2.093658,-3.4281980000000005,DEU,BLR,900319
6448129,77,28,9663,2013,146648.0,0.0,1.520354,0.022874000000000002,FRA,BLR,900319
6448130,81,28,9663,2013,8557.0,0.0,1.7901259999999999,0.44164,GBR,BLR,900319
6448131,111,28,9663,2013,27383.0,0.0,1.289924,0.533436,ITA,BLR,900319
6448132,114,28,9663,2013,1638.0,0.0,2.3993130000000003,-0.564768,JPN,BLR,900319
6448133,130,28,9663,2013,290443.0,0.0,0.737796,1.215543,LTU,BLR,900319
6448134,132,28,9663,2013,82972.0,0.0,0.6219439999999999,1.166749,LVA,BLR,900319
6448135,177,28,9663,2013,129617.0,2371.0,1.084332,1.216749,POL,BLR,900319
6448136,186,28,9663,2013,612762.0,56861.0,0.481166,-0.180052,RUS,BLR,900319
6448137,224,28,9663,2013,3040.0,0.0,0.42932299999999995,2.690235,TUR,BLR,900319
6448138,231,28,9663,2013,500.0,0.0,1.6639689999999998,-0.48651300000000003,USA,BLR,900319
6448139,7,68,9663,2013,4049.0,0.0,-0.074047,-0.585168,ARE,EGY,900319
6448140,15,68,9663,2013,54824.0,0.0,1.7209240000000001,-0.286892,AUT,EGY,900319
6448141,41,68,9663,2013,0.0,1397.0,2.2104470000000003,0.5403479999999999,CHE,EGY,900319
6448142,43,68,9663,2013,627813.0,0.0,1.113767,1.477496,CHN,EGY,900319
6448143,61,68,9663,2013,33156.0,0.0,2.093658,-3.4281980000000005,DEU,EGY,900319
6448144,64,68,9663,2013,26686.0,0.0,1.161835,1.1788450000000001,DNK,EGY,900319
6448145,77,68,9663,2013,338646.0,0.0,1.520354,0.022874000000000002,FRA,EGY,900319
6448146,81,68,9663,2013,12490.0,0.0,1.7901259999999999,0.44164,GBR,EGY,900319
6448147,97,68,9663,2013,15900.0,0.0,0.744383,1.923139,HKG,EGY,900319
6448148,111,68,9663,2013,1061463.0,0.0,1.289924,0.533436,ITA,EGY,900319
6448149,114,68,9663,2013,4278.0,0.0,2.3993130000000003,-0.564768,JPN,EGY,900319
6448150,121,68,9663,2013,124627.0,0.0,1.818383,0.75645,KOR,EGY,900319
6448151,131,68,9663,2013,17982.0,0.0,1.170459,1.150327,LUX,EGY,900319
6448152,178,68,9663,2013,46996.0,0.0,-0.414538,-0.22449299999999997,PRK,EGY,900319
6448153,179,68,9663,2013,26953.0,0.0,0.541454,2.5228610000000002,PRT,EGY,900319
6448154,190,68,9663,2013,0.0,6275.0,-1.254944,-1.073564,SDN,EGY,900319
6448155,224,68,9663,2013,18263.0,1941.0,0.42932299999999995,2.690235,TUR,EGY,900319
6448156,231,68,9663,2013,150113.0,0.0,1.6639689999999998,-0.48651300000000003,USA,EGY,900319
6448157,246,68,9663,2013,60423.0,0.0,0.380284,1.5682120000000002,ZAF,EGY,900319
6448158,9,82,9663,2013,0.0,3210.0,-0.076922,-0.5781390000000001,ARM,GEO,900319
6448159,15,82,9663,2013,7426.0,0.0,1.7209240000000001,-0.286892,AUT,GEO,900319
6448160,16,82,9663,2013,11299.0,0.0,-0.9232870000000001,-1.165928,AZE,GEO,900319
6448161,41,82,9663,2013,2149.0,0.0,2.2104470000000003,0.5403479999999999,CHE,GEO,900319
6448162,43,82,9663,2013,6440.0,0.0,1.113767,1.477496,CHN,GEO,900319
6448163,59,82,9663,2013,0.0,17208.0,1.819653,-0.12423800000000002,CZE,GEO,900319
6448164,61,82,9663,2013,34881.0,0.0,2.093658,-3.4281980000000005,DEU,GEO,900319
6448165,77,82,9663,2013,30181.0,0.0,1.520354,0.022874000000000002,FRA,GEO,900319
6448166,81,82,9663,2013,2294.0,0.0,1.7901259999999999,0.44164,GBR,GEO,900319
6448167,97,82,9663,2013,36732.0,2046.0,0.744383,1.923139,HKG,GEO,900319
6448168,111,82,9663,2013,113535.0,0.0,1.289924,0.533436,ITA,GEO,900319
6448169,130,82,9663,2013,27848.0,19467.0,0.737796,1.215543,LTU,GEO,900319
6448170,131,82,9663,2013,1973.0,0.0,1.170459,1.150327,LUX,GEO,900319
6448171,162,82,9663,2013,11820.0,0.0,1.184107,1.249557,NLD,GEO,900319
6448172,224,82,9663,2013,2674.0,0.0,0.42932299999999995,2.690235,TUR,GEO,900319
6448173,14,100,9663,2013,2134.0,0.0,-0.31145700000000004,-0.167628,AUS,HRV,900319
6448174,15,100,9663,2013,178870.0,0.0,1.7209240000000001,-0.286892,AUT,HRV,900319
6448175,18,100,9663,2013,7574.0,0.0,1.316207,0.972601,BEL,HRV,900319
6448176,26,100,9663,2013,2374.0,29402.0,0.46743199999999996,0.7340800000000001,BIH,HRV,900319
6448177,41,100,9663,2013,2316.0,0.0,2.2104470000000003,0.5403479999999999,CHE,HRV,900319
6448178,43,100,9663,2013,121361.0,0.0,1.113767,1.477496,CHN,HRV,900319
6448179,61,100,9663,2013,204928.0,0.0,2.093658,-3.4281980000000005,DEU,HRV,900319
6448180,64,100,9663,2013,12241.0,0.0,1.161835,1.1788450000000001,DNK,HRV,900319
6448181,71,100,9663,2013,5480.0,0.0,0.861698,2.353993,ESP,HRV,900319
6448182,77,100,9663,2013,123214.0,0.0,1.520354,0.022874000000000002,FRA,HRV,900319
6448183,81,100,9663,2013,13886.0,10607.0,1.7901259999999999,0.44164,GBR,HRV,900319
6448184,90,100,9663,2013,14684.0,0.0,0.18823800000000002,0.910906,GRC,HRV,900319
6448185,97,100,9663,2013,92655.0,0.0,0.744383,1.923139,HKG,HRV,900319
6448186,102,100,9663,2013,33040.0,8613.0,1.506101,0.7279220000000001,HUN,HRV,900319
6448187,106,100,9663,2013,7051.0,0.0,1.29988,0.240688,IRL,HRV,900319
6448188,111,100,9663,2013,2079018.0,45088.0,1.289924,0.533436,ITA,HRV,900319
6448189,114,100,9663,2013,1501.0,0.0,2.3993130000000003,-0.564768,JPN,HRV,900319
6448190,140,100,9663,2013,0.0,1242.0,-0.10859400000000001,0.155229,MKD,HRV,900319
6448191,144,100,9663,2013,0.0,24835.0,-0.054454999999999996,-0.164875,MNE,HRV,900319
6448192,162,100,9663,2013,12903.0,0.0,1.184107,1.249557,NLD,HRV,900319
6448193,177,100,9663,2013,80677.0,0.0,1.084332,1.216749,POL,HRV,900319
6448194,185,100,9663,2013,3769.0,0.0,0.792035,1.225034,ROU,HRV,900319
6448195,192,100,9663,2013,874.0,0.0,1.915504,0.619576,SGP,HRV,900319
6448196,201,100,9663,2013,37793.0,19319.0,0.5717720000000001,1.174901,SRB,HRV,900319
6448197,207,100,9663,2013,99855.0,129895.0,1.698374,0.563082,SVN,HRV,900319
6448198,231,100,9663,2013,1727.0,0.0,1.6639689999999998,-0.48651300000000003,USA,HRV,900319
6448199,7,106,9663,2013,0.0,1925.0,-0.074047,-0.585168,ARE,IRL,900319
6448200,14,106,9663,2013,2576.0,24188.0,-0.31145700000000004,-0.167628,AUS,IRL,900319
6448201,15,106,9663,2013,22036.0,2645.0,1.7209240000000001,-0.286892,AUT,IRL,900319
6448202,18,106,9663,2013,23413.0,22237.0,1.316207,0.972601,BEL,IRL,900319
6448203,23,106,9663,2013,0.0,43875.0,0.5026109999999999,1.674296,BGR,IRL,900319
6448204,39,106,9663,2013,0.0,50528.0,0.719649,1.017046,CAN,IRL,900319
6448205,41,106,9663,2013,0.0,10890.0,2.2104470000000003,0.5403479999999999,CHE,IRL,900319
6448206,43,106,9663,2013,196007.0,0.0,1.113767,1.477496,CHN,IRL,900319
6448207,58,106,9663,2013,0.0,1281.0,0.502238,0.349608,CYP,IRL,900319
6448208,61,106,9663,2013,239122.0,159290.0,2.093658,-3.4281980000000005,DEU,IRL,900319
6448209,64,106,9663,2013,177379.0,21892.0,1.161835,1.1788450000000001,DNK,IRL,900319
6448210,71,106,9663,2013,2774.0,28887.0,0.861698,2.353993,ESP,IRL,900319
6448211,72,106,9663,2013,0.0,1465.0,0.8828940000000001,1.386574,EST,IRL,900319
6448212,74,106,9663,2013,0.0,6888.0,1.734552,0.8896940000000001,FIN,IRL,900319
6448213,77,106,9663,2013,183916.0,131028.0,1.520354,0.022874000000000002,FRA,IRL,900319
6448214,81,106,9663,2013,2965784.0,133767.0,1.7901259999999999,0.44164,GBR,IRL,900319
6448215,90,106,9663,2013,0.0,4675.0,0.18823800000000002,0.910906,GRC,IRL,900319
6448216,97,106,9663,2013,59824.0,2258.0,0.744383,1.923139,HKG,IRL,900319
6448217,100,106,9663,2013,0.0,7051.0,0.898284,1.038807,HRV,IRL,900319
6448218,104,106,9663,2013,0.0,80314.0,0.215356,2.3916209999999998,IND,IRL,900319
6448219,109,106,9663,2013,0.0,1047.0,0.259374,-0.20413299999999998,ISL,IRL,900319
6448220,110,106,9663,2013,0.0,12378.0,1.197241,0.633828,ISR,IRL,900319
6448221,111,106,9663,2013,22119.0,91478.0,1.289924,0.533436,ITA,IRL,900319
6448222,112,106,9663,2013,0.0,38662.0,-0.541441,-0.8448559999999999,JAM,IRL,900319
6448223,114,106,9663,2013,310363.0,2102.0,2.3993130000000003,-0.564768,JPN,IRL,900319
6448224,116,106,9663,2013,0.0,2518.0,-0.448112,0.8672719999999999,KEN,IRL,900319
6448225,121,106,9663,2013,16494.0,6620.0,1.818383,0.75645,KOR,IRL,900319
6448226,122,106,9663,2013,0.0,1520.0,-0.536384,-1.08382,KWT,IRL,900319
6448227,130,106,9663,2013,0.0,848.0,0.737796,1.215543,LTU,IRL,900319
6448228,131,106,9663,2013,0.0,3818.0,1.170459,1.150327,LUX,IRL,900319
6448229,134,106,9663,2013,0.0,6963.0,-0.6494260000000001,-0.035075999999999996,MAR,IRL,900319
6448230,137,106,9663,2013,0.0,300.0,-0.21889699999999998,-0.776392,MDV,IRL,900319
6448231,138,106,9663,2013,0.0,29602.0,1.048507,0.718932,MEX,IRL,900319
6448232,159,106,9663,2013,0.0,2346.0,-1.745783,-1.1356680000000001,NGA,IRL,900319
6448233,162,106,9663,2013,175662.0,85142.0,1.184107,1.249557,NLD,IRL,900319
6448234,166,106,9663,2013,0.0,1339.0,0.3345,0.39063000000000003,NZL,IRL,900319
6448235,177,106,9663,2013,0.0,5320.0,1.084332,1.216749,POL,IRL,900319
6448236,179,106,9663,2013,0.0,16812.0,0.541454,2.5228610000000002,PRT,IRL,900319
6448237,186,106,9663,2013,0.0,27131.0,0.481166,-0.180052,RUS,IRL,900319
6448238,192,106,9663,2013,0.0,237560.0,1.915504,0.619576,SGP,IRL,900319
6448239,201,106,9663,2013,0.0,1049.0,0.5717720000000001,1.174901,SRB,IRL,900319
6448240,207,106,9663,2013,0.0,2136.0,1.698374,0.563082,SVN,IRL,900319
6448241,208,106,9663,2013,8497.0,25474.0,1.869421,0.228109,SWE,IRL,900319
6448242,216,106,9663,2013,0.0,1403.0,0.8752139999999999,1.3798620000000001,THA,IRL,900319
6448243,224,106,9663,2013,0.0,3101.0,0.42932299999999995,2.690235,TUR,IRL,900319
6448244,231,106,9663,2013,40239.0,1211.0,1.6639689999999998,-0.48651300000000003,USA,IRL,900319
6448245,246,106,9663,2013,0.0,3455.0,0.380284,1.5682120000000002,ZAF,IRL,900319
6448246,247,106,9663,2013,0.0,2852.0,-0.382129,-0.5442229999999999,ZMB,IRL,900319
6448247,249,106,9663,2013,3180.0,4702.0,1.843186,0.9432379999999999,TWN,IRL,900319
6448248,250,106,9663,2013,5640.0,7726.0,0.628555,0.277602,ANS,IRL,900319
6448249,7,107,9663,2013,185884.0,0.0,-0.074047,-0.585168,ARE,IRN,900319
6448250,15,107,9663,2013,44825.0,0.0,1.7209240000000001,-0.286892,AUT,IRN,900319
6448251,39,107,9663,2013,0.0,3361.0,0.719649,1.017046,CAN,IRN,900319
6448252,43,107,9663,2013,734735.0,0.0,1.113767,1.477496,CHN,IRN,900319
6448253,59,107,9663,2013,20734.0,0.0,1.819653,-0.12423800000000002,CZE,IRN,900319
6448254,61,107,9663,2013,130816.0,1668.0,2.093658,-3.4281980000000005,DEU,IRN,900319
6448255,71,107,9663,2013,2633.0,0.0,0.861698,2.353993,ESP,IRN,900319
6448256,72,107,9663,2013,0.0,781.0,0.8828940000000001,1.386574,EST,IRN,900319
6448257,77,107,9663,2013,321880.0,0.0,1.520354,0.022874000000000002,FRA,IRN,900319
6448258,81,107,9663,2013,435.0,0.0,1.7901259999999999,0.44164,GBR,IRN,900319
6448259,97,107,9663,2013,63413.0,0.0,0.744383,1.923139,HKG,IRN,900319
6448260,111,107,9663,2013,105404.0,0.0,1.289924,0.533436,ITA,IRN,900319
6448261,121,107,9663,2013,3241.0,0.0,1.818383,0.75645,KOR,IRN,900319
6448262,166,107,9663,2013,0.0,1176.0,0.3345,0.39063000000000003,NZL,IRN,900319
6448263,224,107,9663,2013,430758.0,0.0,0.42932299999999995,2.690235,TUR,IRN,900319
6448264,250,107,9663,2013,7602.0,0.0,0.628555,0.277602,ANS,IRN,900319
6448265,4,114,9663,2013,0.0,590.0,-0.53682,-0.162391,ALB,JPN,900319
6448266,5,114,9663,2013,0.0,354.0,0.9666530000000001,-0.159606,AND,JPN,900319
6448267,7,114,9663,2013,0.0,168038.0,-0.074047,-0.585168,ARE,JPN,900319
6448268,8,114,9663,2013,0.0,149526.0,0.20314300000000002,0.494062,ARG,JPN,900319
6448269,9,114,9663,2013,0.0,5074.0,-0.076922,-0.5781390000000001,ARM,JPN,900319
6448270,14,114,9663,2013,2195.0,340011.0,-0.31145700000000004,-0.167628,AUS,JPN,900319
6448271,15,114,9663,2013,1809645.0,381921.0,1.7209240000000001,-0.286892,AUT,JPN,900319
6448272,16,114,9663,2013,0.0,59551.0,-0.9232870000000001,-1.165928,AZE,JPN,900319
6448273,18,114,9663,2013,683489.0,476848.0,1.316207,0.972601,BEL,JPN,900319
6448274,24,114,9663,2013,0.0,1134.0,0.249681,-0.6204270000000001,BHR,JPN,900319
6448275,28,114,9663,2013,0.0,1638.0,1.036923,0.864568,BLR,JPN,900319
6448276,31,114,9663,2013,0.0,3018.0,-1.039614,-0.95663,BOL,JPN,900319
6448277,32,114,9663,2013,0.0,94146.0,0.14765899999999998,0.399262,BRA,JPN,900319
6448278,33,114,9663,2013,0.0,3324.0,0.6969489999999999,0.135283,BRB,JPN,900319
6448279,39,114,9663,2013,3549.0,1050354.0,0.719649,1.017046,CAN,JPN,900319
6448280,41,114,9663,2013,1116894.0,2600898.0,2.2104470000000003,0.5403479999999999,CHE,JPN,900319
6448281,42,114,9663,2013,0.0,29245.0,-0.260718,-0.38256100000000004,CHL,JPN,900319
6448282,43,114,9663,2013,45419084.0,13167889.0,1.113767,1.477496,CHN,JPN,900319
6448283,49,114,9663,2013,0.0,6106.0,0.121799,-0.388239,COL,JPN,900319
6448284,55,114,9663,2013,0.0,4078.0,0.029981999999999998,-0.673439,CUW,JPN,900319
6448285,59,114,9663,2013,0.0,4280551.0,1.819653,-0.12423800000000002,CZE,JPN,900319
6448286,61,114,9663,2013,4497031.0,15045713.0,2.093658,-3.4281980000000005,DEU,JPN,900319
6448287,64,114,9663,2013,461858.0,4114592.0,1.161835,1.1788450000000001,DNK,JPN,900319
6448288,65,114,9663,2013,0.0,1785.0,-0.277269,0.432388,DOM,JPN,900319
6448289,66,114,9663,2013,0.0,1231.0,-1.373947,-1.1523459999999999,DZA,JPN,900319
6448290,67,114,9663,2013,0.0,15146.0,-0.86546,-0.8888389999999999,ECU,JPN,900319
6448291,68,114,9663,2013,0.0,4278.0,-0.17418,1.692641,EGY,JPN,900319
6448292,71,114,9663,2013,2105.0,50716.0,0.861698,2.353993,ESP,JPN,900319
6448293,72,114,9663,2013,0.0,3701.0,0.8828940000000001,1.386574,EST,JPN,900319
6448294,74,114,9663,2013,33485.0,195596.0,1.734552,0.8896940000000001,FIN,JPN,900319
6448295,77,114,9663,2013,2725526.0,4190272.0,1.520354,0.022874000000000002,FRA,JPN,900319
6448296,81,114,9663,2013,68798.0,1201202.0,1.7901259999999999,0.44164,GBR,JPN,900319
6448297,97,114,9663,2013,1503056.0,10536948.0,0.744383,1.923139,HKG,JPN,900319
6448298,100,114,9663,2013,0.0,1501.0,0.898284,1.038807,HRV,JPN,900319
6448299,103,114,9663,2013,0.0,86068.0,-0.216854,1.415728,IDN,JPN,900319
6448300,104,114,9663,2013,0.0,274270.0,0.215356,2.3916209999999998,IND,JPN,900319
6448301,106,114,9663,2013,2102.0,310363.0,1.29988,0.240688,IRL,JPN,900319
6448302,109,114,9663,2013,0.0,13195.0,0.259374,-0.20413299999999998,ISL,JPN,900319
6448303,110,114,9663,2013,0.0,155758.0,1.197241,0.633828,ISR,JPN,900319
6448304,111,114,9663,2013,2831373.0,2022231.0,1.289924,0.533436,ITA,JPN,900319
6448305,113,114,9663,2013,0.0,38721.0,0.152659,0.5889979999999999,JOR,JPN,900319
6448306,115,114,9663,2013,0.0,81427.0,-0.680678,-0.83347,KAZ,JPN,900319
6448307,117,114,9663,2013,0.0,3392.0,-0.1035,0.339914,KGZ,JPN,900319
6448308,121,114,9663,2013,9101831.0,5674262.0,1.818383,0.75645,KOR,JPN,900319
6448309,122,114,9663,2013,0.0,33299.0,-0.536384,-1.08382,KWT,JPN,900319
6448310,124,114,9663,2013,0.0,49649.0,0.283084,1.4289100000000001,LBN,JPN,900319
6448311,128,114,9663,2013,0.0,10690.0,-0.6521779999999999,0.41258599999999995,LKA,JPN,900319
6448312,131,114,9663,2013,82668.0,19821.0,1.170459,1.150327,LUX,JPN,900319
6448313,133,114,9663,2013,4841.0,9612.0,0.252209,0.184401,MAC,JPN,900319
6448314,134,114,9663,2013,0.0,36836.0,-0.6494260000000001,-0.035075999999999996,MAR,JPN,900319
6448315,138,114,9663,2013,0.0,30038.0,1.048507,0.718932,MEX,JPN,900319
6448316,143,114,9663,2013,0.0,45587.0,-1.230787,-0.737375,MMR,JPN,900319
6448317,145,114,9663,2013,0.0,3283.0,-1.3270950000000001,-1.144547,MNG,JPN,900319
6448318,147,114,9663,2013,0.0,2127.0,-1.326323,-1.050969,MOZ,JPN,900319
6448319,151,114,9663,2013,0.0,47611.0,-0.158852,0.0061600000000000005,MUS,JPN,900319
6448320,153,114,9663,2013,1692562.0,968354.0,0.937641,0.747496,MYS,JPN,900319
6448321,156,114,9663,2013,0.0,590.0,-0.136052,-0.703913,NCL,JPN,900319
6448322,162,114,9663,2013,0.0,827126.0,1.184107,1.249557,NLD,JPN,900319
6448323,163,114,9663,2013,0.0,412638.0,0.892099,0.18168399999999998,NOR,JPN,900319
6448324,166,114,9663,2013,0.0,38339.0,0.3345,0.39063000000000003,NZL,JPN,900319
6448325,173,114,9663,2013,0.0,4177.0,-0.573852,0.357977,PER,JPN,900319
6448326,174,114,9663,2013,449787.0,6033.0,0.507868,0.355403,PHL,JPN,900319
6448327,177,114,9663,2013,2585.0,214119.0,1.084332,1.216749,POL,JPN,900319
6448328,179,114,9663,2013,3287.0,2784.0,0.541454,2.5228610000000002,PRT,JPN,900319
6448329,182,114,9663,2013,0.0,4112.0,-0.146044,-0.7055359999999999,PYF,JPN,900319
6448330,183,114,9663,2013,0.0,90700.0,-0.083649,-1.013491,QAT,JPN,900319
6448331,185,114,9663,2013,0.0,2698.0,0.792035,1.225034,ROU,JPN,900319
6448332,186,114,9663,2013,0.0,187135.0,0.481166,-0.180052,RUS,JPN,900319
6448333,188,114,9663,2013,0.0,81572.0,0.626347,-0.844406,SAU,JPN,900319
6448334,192,114,9663,2013,111597.0,1490687.0,1.915504,0.619576,SGP,JPN,900319
6448335,201,114,9663,2013,0.0,6017.0,0.5717720000000001,1.174901,SRB,JPN,900319
6448336,206,114,9663,2013,0.0,2912.0,1.32064,0.7519819999999999,SVK,JPN,900319
6448337,207,114,9663,2013,0.0,10750.0,1.698374,0.563082,SVN,JPN,900319
6448338,208,114,9663,2013,221926.0,18337.0,1.869421,0.228109,SWE,JPN,900319
6448339,216,114,9663,2013,2234.0,1163896.0,0.8752139999999999,1.3798620000000001,THA,JPN,900319
6448340,223,114,9663,2013,0.0,3627.0,0.185528,1.0070700000000001,TUN,JPN,900319
6448341,224,114,9663,2013,0.0,241279.0,0.42932299999999995,2.690235,TUR,JPN,900319
6448342,228,114,9663,2013,0.0,322598.0,0.657729,0.9063200000000001,UKR,JPN,900319
6448343,230,114,9663,2013,0.0,1087.0,0.20190999999999998,-0.19777999999999998,URY,JPN,900319
6448344,231,114,9663,2013,1016891.0,16724976.0,1.6639689999999998,-0.48651300000000003,USA,JPN,900319
6448345,239,114,9663,2013,3748837.0,331972.0,-0.11426900000000001,1.399738,VNM,JPN,900319
6448346,246,114,9663,2013,1445.0,16991.0,0.380284,1.5682120000000002,ZAF,JPN,900319
6448347,249,114,9663,2013,461884.0,7254176.0,1.843186,0.9432379999999999,TWN,JPN,900319
6448348,250,114,9663,2013,0.0,8864.0,0.628555,0.277602,ANS,JPN,900319
6448349,15,115,9663,2013,12051.0,0.0,1.7209240000000001,-0.286892,AUT,KAZ,900319
6448350,39,115,9663,2013,60153.0,0.0,0.719649,1.017046,CAN,KAZ,900319
6448351,41,115,9663,2013,6156.0,0.0,2.2104470000000003,0.5403479999999999,CHE,KAZ,900319
6448352,43,115,9663,2013,332229.0,0.0,1.113767,1.477496,CHN,KAZ,900319
6448353,59,115,9663,2013,45489.0,0.0,1.819653,-0.12423800000000002,CZE,KAZ,900319
6448354,61,115,9663,2013,306244.0,0.0,2.093658,-3.4281980000000005,DEU,KAZ,900319
6448355,77,115,9663,2013,74752.0,0.0,1.520354,0.022874000000000002,FRA,KAZ,900319
6448356,111,115,9663,2013,494917.0,0.0,1.289924,0.533436,ITA,KAZ,900319
6448357,114,115,9663,2013,81427.0,0.0,2.3993130000000003,-0.564768,JPN,KAZ,900319
6448358,121,115,9663,2013,3002.0,0.0,1.818383,0.75645,KOR,KAZ,900319
6448359,131,115,9663,2013,10519.0,0.0,1.170459,1.150327,LUX,KAZ,900319
6448360,177,115,9663,2013,16077.0,0.0,1.084332,1.216749,POL,KAZ,900319
6448361,179,115,9663,2013,5072.0,0.0,0.541454,2.5228610000000002,PRT,KAZ,900319
6448362,186,115,9663,2013,60404.0,0.0,0.481166,-0.180052,RUS,KAZ,900319
6448363,224,115,9663,2013,109496.0,0.0,0.42932299999999995,2.690235,TUR,KAZ,900319
6448364,239,115,9663,2013,1841.0,0.0,-0.11426900000000001,1.399738,VNM,KAZ,900319
6448365,7,116,9663,2013,4937.0,0.0,-0.074047,-0.585168,ARE,KEN,900319
6448366,14,116,9663,2013,20908.0,0.0,-0.31145700000000004,-0.167628,AUS,KEN,900319
6448367,15,116,9663,2013,90403.0,0.0,1.7209240000000001,-0.286892,AUT,KEN,900319
6448368,39,116,9663,2013,74754.0,0.0,0.719649,1.017046,CAN,KEN,900319
6448369,43,116,9663,2013,103367.0,0.0,1.113767,1.477496,CHN,KEN,900319
6448370,59,116,9663,2013,1559.0,0.0,1.819653,-0.12423800000000002,CZE,KEN,900319
6448371,61,116,9663,2013,85446.0,0.0,2.093658,-3.4281980000000005,DEU,KEN,900319
6448372,64,116,9663,2013,29711.0,0.0,1.161835,1.1788450000000001,DNK,KEN,900319
6448373,77,116,9663,2013,18635.0,0.0,1.520354,0.022874000000000002,FRA,KEN,900319
6448374,81,116,9663,2013,10020.0,0.0,1.7901259999999999,0.44164,GBR,KEN,900319
6448375,97,116,9663,2013,8072.0,0.0,0.744383,1.923139,HKG,KEN,900319
6448376,104,116,9663,2013,5405.0,0.0,0.215356,2.3916209999999998,IND,KEN,900319
6448377,106,116,9663,2013,2518.0,0.0,1.29988,0.240688,IRL,KEN,900319
6448378,111,116,9663,2013,109094.0,0.0,1.289924,0.533436,ITA,KEN,900319
6448379,121,116,9663,2013,1305.0,0.0,1.818383,0.75645,KOR,KEN,900319
6448380,162,116,9663,2013,6371.0,0.0,1.184107,1.249557,NLD,KEN,900319
6448381,207,116,9663,2013,602.0,0.0,1.698374,0.563082,SVN,KEN,900319
6448382,231,116,9663,2013,4380.0,0.0,1.6639689999999998,-0.48651300000000003,USA,KEN,900319
6448383,246,116,9663,2013,34215.0,0.0,0.380284,1.5682120000000002,ZAF,KEN,900319
6448384,43,117,9663,2013,23986.0,0.0,1.113767,1.477496,CHN,KGZ,900319
6448385,61,117,9663,2013,36463.0,0.0,2.093658,-3.4281980000000005,DEU,KGZ,900319
6448386,111,117,9663,2013,3647.0,0.0,1.289924,0.533436,ITA,KGZ,900319
6448387,114,117,9663,2013,3392.0,0.0,2.3993130000000003,-0.564768,JPN,KGZ,900319
6448388,43,118,9663,2013,4212.0,0.0,1.113767,1.477496,CHN,KHM,900319
6448389,61,118,9663,2013,18120.0,0.0,2.093658,-3.4281980000000005,DEU,KHM,900319
6448390,77,118,9663,2013,2039.0,0.0,1.520354,0.022874000000000002,FRA,KHM,900319
6448391,97,118,9663,2013,13873.0,0.0,0.744383,1.923139,HKG,KHM,900319
6448392,121,118,9663,2013,2332.0,0.0,1.818383,0.75645,KOR,KHM,900319
6448393,192,118,9663,2013,5740.0,0.0,1.915504,0.619576,SGP,KHM,900319
6448394,7,124,9663,2013,1883.0,19136.0,-0.074047,-0.585168,ARE,LBN,900319
6448395,15,124,9663,2013,50494.0,0.0,1.7209240000000001,-0.286892,AUT,LBN,900319
6448396,39,124,9663,2013,2916.0,0.0,0.719649,1.017046,CAN,LBN,900319
6448397,41,124,9663,2013,1174.0,0.0,2.2104470000000003,0.5403479999999999,CHE,LBN,900319
6448398,43,124,9663,2013,338795.0,0.0,1.113767,1.477496,CHN,LBN,900319
6448399,58,124,9663,2013,0.0,1230.0,0.502238,0.349608,CYP,LBN,900319
6448400,59,124,9663,2013,3075.0,0.0,1.819653,-0.12423800000000002,CZE,LBN,900319
6448401,61,124,9663,2013,112909.0,0.0,2.093658,-3.4281980000000005,DEU,LBN,900319
6448402,64,124,9663,2013,31918.0,2353.0,1.161835,1.1788450000000001,DNK,LBN,900319
6448403,71,124,9663,2013,8863.0,0.0,0.861698,2.353993,ESP,LBN,900319
6448404,77,124,9663,2013,191969.0,0.0,1.520354,0.022874000000000002,FRA,LBN,900319
6448405,81,124,9663,2013,78670.0,0.0,1.7901259999999999,0.44164,GBR,LBN,900319
6448406,90,124,9663,2013,8884.0,0.0,0.18823800000000002,0.910906,GRC,LBN,900319
6448407,97,124,9663,2013,33593.0,0.0,0.744383,1.923139,HKG,LBN,900319
6448408,102,124,9663,2013,7967.0,0.0,1.506101,0.7279220000000001,HUN,LBN,900319
6448409,111,124,9663,2013,184114.0,5569.0,1.289924,0.533436,ITA,LBN,900319
6448410,114,124,9663,2013,49649.0,0.0,2.3993130000000003,-0.564768,JPN,LBN,900319
6448411,121,124,9663,2013,5205.0,0.0,1.818383,0.75645,KOR,LBN,900319
6448412,122,124,9663,2013,0.0,3390.0,-0.536384,-1.08382,KWT,LBN,900319
6448413,134,124,9663,2013,0.0,4072.0,-0.6494260000000001,-0.035075999999999996,MAR,LBN,900319
6448414,162,124,9663,2013,41930.0,0.0,1.184107,1.249557,NLD,LBN,900319
6448415,183,124,9663,2013,0.0,2872.0,-0.083649,-1.013491,QAT,LBN,900319
6448416,185,124,9663,2013,5333.0,0.0,0.792035,1.225034,ROU,LBN,900319
6448417,192,124,9663,2013,2826.0,0.0,1.915504,0.619576,SGP,LBN,900319
6448418,223,124,9663,2013,0.0,1443.0,0.185528,1.0070700000000001,TUN,LBN,900319
6448419,224,124,9663,2013,17378.0,0.0,0.42932299999999995,2.690235,TUR,LBN,900319
6448420,231,124,9663,2013,70025.0,0.0,1.6639689999999998,-0.48651300000000003,USA,LBN,900319
6448421,15,128,9663,2013,23243.0,0.0,1.7209240000000001,-0.286892,AUT,LKA,900319
6448422,43,128,9663,2013,398859.0,0.0,1.113767,1.477496,CHN,LKA,900319
6448423,61,128,9663,2013,85847.0,0.0,2.093658,-3.4281980000000005,DEU,LKA,900319
6448424,64,128,9663,2013,1431.0,0.0,1.161835,1.1788450000000001,DNK,LKA,900319
6448425,77,128,9663,2013,4450.0,0.0,1.520354,0.022874000000000002,FRA,LKA,900319
6448426,81,128,9663,2013,8354.0,0.0,1.7901259999999999,0.44164,GBR,LKA,900319
6448427,97,128,9663,2013,26267.0,0.0,0.744383,1.923139,HKG,LKA,900319
6448428,104,128,9663,2013,100793.0,0.0,0.215356,2.3916209999999998,IND,LKA,900319
6448429,111,128,9663,2013,195368.0,0.0,1.289924,0.533436,ITA,LKA,900319
6448430,114,128,9663,2013,10690.0,0.0,2.3993130000000003,-0.564768,JPN,LKA,900319
6448431,121,128,9663,2013,2048.0,0.0,1.818383,0.75645,KOR,LKA,900319
6448432,137,128,9663,2013,0.0,4982.0,-0.21889699999999998,-0.776392,MDV,LKA,900319
6448433,192,128,9663,2013,25485.0,0.0,1.915504,0.619576,SGP,LKA,900319
6448434,15,130,9663,2013,46438.0,0.0,1.7209240000000001,-0.286892,AUT,LTU,900319
6448435,28,130,9663,2013,0.0,290443.0,1.036923,0.864568,BLR,LTU,900319
6448436,41,130,9663,2013,2916.0,0.0,2.2104470000000003,0.5403479999999999,CHE,LTU,900319
6448437,43,130,9663,2013,213621.0,0.0,1.113767,1.477496,CHN,LTU,900319
6448438,59,130,9663,2013,44355.0,4539.0,1.819653,-0.12423800000000002,CZE,LTU,900319
6448439,61,130,9663,2013,699427.0,3147.0,2.093658,-3.4281980000000005,DEU,LTU,900319
6448440,64,130,9663,2013,5642.0,1745.0,1.161835,1.1788450000000001,DNK,LTU,900319
6448441,71,130,9663,2013,2315.0,0.0,0.861698,2.353993,ESP,LTU,900319
6448442,72,130,9663,2013,9482.0,98096.0,0.8828940000000001,1.386574,EST,LTU,900319
6448443,77,130,9663,2013,125349.0,0.0,1.520354,0.022874000000000002,FRA,LTU,900319
6448444,81,130,9663,2013,47619.0,8416.0,1.7901259999999999,0.44164,GBR,LTU,900319
6448445,82,130,9663,2013,19467.0,27848.0,-0.160691,-0.393419,GEO,LTU,900319
6448446,102,130,9663,2013,82456.0,0.0,1.506101,0.7279220000000001,HUN,LTU,900319
6448447,106,130,9663,2013,848.0,0.0,1.29988,0.240688,IRL,LTU,900319
6448448,109,130,9663,2013,0.0,2064.0,0.259374,-0.20413299999999998,ISL,LTU,900319
6448449,111,130,9663,2013,253727.0,10664.0,1.289924,0.533436,ITA,LTU,900319
6448450,121,130,9663,2013,1558.0,0.0,1.818383,0.75645,KOR,LTU,900319
6448451,131,130,9663,2013,8942.0,0.0,1.170459,1.150327,LUX,LTU,900319
6448452,132,130,9663,2013,482457.0,423632.0,0.6219439999999999,1.166749,LVA,LTU,900319
6448453,162,130,9663,2013,65771.0,1136.0,1.184107,1.249557,NLD,LTU,900319
6448454,177,130,9663,2013,74447.0,25854.0,1.084332,1.216749,POL,LTU,900319
6448455,185,130,9663,2013,3537.0,0.0,0.792035,1.225034,ROU,LTU,900319
6448456,186,130,9663,2013,0.0,504184.0,0.481166,-0.180052,RUS,LTU,900319
6448457,207,130,9663,2013,0.0,1334.0,1.698374,0.563082,SVN,LTU,900319
6448458,208,130,9663,2013,7538.0,9729.0,1.869421,0.228109,SWE,LTU,900319
6448459,249,130,9663,2013,7303.0,0.0,1.843186,0.9432379999999999,TWN,LTU,900319
6448460,4,131,9663,2013,0.0,1458.0,-0.53682,-0.162391,ALB,LUX,900319
6448461,5,131,9663,2013,0.0,1029.0,0.9666530000000001,-0.159606,AND,LUX,900319
6448462,7,131,9663,2013,0.0,6293.0,-0.074047,-0.585168,ARE,LUX,900319
6448463,14,131,9663,2013,0.0,14152.0,-0.31145700000000004,-0.167628,AUS,LUX,900319
6448464,15,131,9663,2013,10202.0,7097.0,1.7209240000000001,-0.286892,AUT,LUX,900319
6448465,18,131,9663,2013,639289.0,173355.0,1.316207,0.972601,BEL,LUX,900319
6448466,32,131,9663,2013,0.0,1897.0,0.14765899999999998,0.399262,BRA,LUX,900319
6448467,39,131,9663,2013,2367.0,280217.0,0.719649,1.017046,CAN,LUX,900319
6448468,41,131,9663,2013,2412.0,18953.0,2.2104470000000003,0.5403479999999999,CHE,LUX,900319
6448469,43,131,9663,2013,14785.0,17004.0,1.113767,1.477496,CHN,LUX,900319
6448470,61,131,9663,2013,1109380.0,23704.0,2.093658,-3.4281980000000005,DEU,LUX,900319
6448471,64,131,9663,2013,273011.0,27443.0,1.161835,1.1788450000000001,DNK,LUX,900319
6448472,68,131,9663,2013,0.0,17982.0,-0.17418,1.692641,EGY,LUX,900319
6448473,71,131,9663,2013,2861.0,1563.0,0.861698,2.353993,ESP,LUX,900319
6448474,72,131,9663,2013,0.0,1020.0,0.8828940000000001,1.386574,EST,LUX,900319
6448475,77,131,9663,2013,402580.0,524841.0,1.520354,0.022874000000000002,FRA,LUX,900319
6448476,80,131,9663,2013,0.0,6971.0,-1.6582830000000002,-1.155302,GAB,LUX,900319
6448477,81,131,9663,2013,6175.0,19527.0,1.7901259999999999,0.44164,GBR,LUX,900319
6448478,82,131,9663,2013,0.0,1973.0,-0.160691,-0.393419,GEO,LUX,900319
6448479,90,131,9663,2013,0.0,2728.0,0.18823800000000002,0.910906,GRC,LUX,900319
6448480,97,131,9663,2013,33673.0,134234.0,0.744383,1.923139,HKG,LUX,900319
6448481,103,131,9663,2013,130895.0,15656.0,-0.216854,1.415728,IDN,LUX,900319
6448482,104,131,9663,2013,5041.0,14353.0,0.215356,2.3916209999999998,IND,LUX,900319
6448483,106,131,9663,2013,3818.0,0.0,1.29988,0.240688,IRL,LUX,900319
6448484,110,131,9663,2013,0.0,3844.0,1.197241,0.633828,ISR,LUX,900319
6448485,111,131,9663,2013,321844.0,14289.0,1.289924,0.533436,ITA,LUX,900319
6448486,114,131,9663,2013,19821.0,82668.0,2.3993130000000003,-0.564768,JPN,LUX,900319
6448487,115,131,9663,2013,0.0,10519.0,-0.680678,-0.83347,KAZ,LUX,900319
6448488,121,131,9663,2013,96255.0,68208.0,1.818383,0.75645,KOR,LUX,900319
6448489,130,131,9663,2013,0.0,8942.0,0.737796,1.215543,LTU,LUX,900319
6448490,134,131,9663,2013,0.0,14951.0,-0.6494260000000001,-0.035075999999999996,MAR,LUX,900319
6448491,138,131,9663,2013,0.0,11319.0,1.048507,0.718932,MEX,LUX,900319
6448492,153,131,9663,2013,0.0,15774.0,0.937641,0.747496,MYS,LUX,900319
6448493,162,131,9663,2013,66520.0,27964.0,1.184107,1.249557,NLD,LUX,900319
6448494,166,131,9663,2013,0.0,6859.0,0.3345,0.39063000000000003,NZL,LUX,900319
6448495,179,131,9663,2013,4952.0,29974.0,0.541454,2.5228610000000002,PRT,LUX,900319
6448496,183,131,9663,2013,0.0,2997.0,-0.083649,-1.013491,QAT,LUX,900319
6448497,186,131,9663,2013,0.0,43321.0,0.481166,-0.180052,RUS,LUX,900319
6448498,188,131,9663,2013,0.0,14141.0,0.626347,-0.844406,SAU,LUX,900319
6448499,191,131,9663,2013,0.0,3487.0,-0.523662,-0.309101,SEN,LUX,900319
6448500,192,131,9663,2013,0.0,101870.0,1.915504,0.619576,SGP,LUX,900319
6448501,216,131,9663,2013,0.0,11858.0,0.8752139999999999,1.3798620000000001,THA,LUX,900319
6448502,224,131,9663,2013,0.0,51269.0,0.42932299999999995,2.690235,TUR,LUX,900319
6448503,231,131,9663,2013,1433.0,1206503.0,1.6639689999999998,-0.48651300000000003,USA,LUX,900319
6448504,249,131,9663,2013,0.0,80635.0,1.843186,0.9432379999999999,TWN,LUX,900319
6448505,250,131,9663,2013,146466.0,0.0,0.628555,0.277602,ANS,LUX,900319
6448506,15,132,9663,2013,73769.0,2344.0,1.7209240000000001,-0.286892,AUT,LVA,900319
6448507,28,132,9663,2013,0.0,82972.0,1.036923,0.864568,BLR,LVA,900319
6448508,41,132,9663,2013,0.0,4139.0,2.2104470000000003,0.5403479999999999,CHE,LVA,900319
6448509,43,132,9663,2013,292006.0,0.0,1.113767,1.477496,CHN,LVA,900319
6448510,59,132,9663,2013,157316.0,0.0,1.819653,-0.12423800000000002,CZE,LVA,900319
6448511,61,132,9663,2013,72261.0,0.0,2.093658,-3.4281980000000005,DEU,LVA,900319
6448512,64,132,9663,2013,25654.0,0.0,1.161835,1.1788450000000001,DNK,LVA,900319
6448513,72,132,9663,2013,1148.0,118709.0,0.8828940000000001,1.386574,EST,LVA,900319
6448514,77,132,9663,2013,78557.0,0.0,1.520354,0.022874000000000002,FRA,LVA,900319
6448515,81,132,9663,2013,105389.0,0.0,1.7901259999999999,0.44164,GBR,LVA,900319
6448516,97,132,9663,2013,7188.0,0.0,0.744383,1.923139,HKG,LVA,900319
6448517,102,132,9663,2013,39177.0,0.0,1.506101,0.7279220000000001,HUN,LVA,900319
6448518,111,132,9663,2013,636584.0,0.0,1.289924,0.533436,ITA,LVA,900319
6448519,130,132,9663,2013,423632.0,482457.0,0.737796,1.215543,LTU,LVA,900319
6448520,162,132,9663,2013,36928.0,0.0,1.184107,1.249557,NLD,LVA,900319
6448521,177,132,9663,2013,28399.0,0.0,1.084332,1.216749,POL,LVA,900319
6448522,179,132,9663,2013,8900.0,0.0,0.541454,2.5228610000000002,PRT,LVA,900319
6448523,185,132,9663,2013,1289.0,0.0,0.792035,1.225034,ROU,LVA,900319
6448524,186,132,9663,2013,0.0,104070.0,0.481166,-0.180052,RUS,LVA,900319
6448525,206,132,9663,2013,30329.0,0.0,1.32064,0.7519819999999999,SVK,LVA,900319
6448526,208,132,9663,2013,84874.0,22687.0,1.869421,0.228109,SWE,LVA,900319
6448527,231,132,9663,2013,14708.0,0.0,1.6639689999999998,-0.48651300000000003,USA,LVA,900319
6448528,15,135,9663,2013,11776.0,0.0,1.7209240000000001,-0.286892,AUT,MDA,900319
6448529,41,135,9663,2013,13822.0,0.0,2.2104470000000003,0.5403479999999999,CHE,MDA,900319
6448530,43,135,9663,2013,56820.0,0.0,1.113767,1.477496,CHN,MDA,900319
6448531,59,135,9663,2013,6775.0,0.0,1.819653,-0.12423800000000002,CZE,MDA,900319
6448532,61,135,9663,2013,24988.0,0.0,2.093658,-3.4281980000000005,DEU,MDA,900319
6448533,71,135,9663,2013,1840.0,0.0,0.861698,2.353993,ESP,MDA,900319
6448534,77,135,9663,2013,9834.0,0.0,1.520354,0.022874000000000002,FRA,MDA,900319
6448535,81,135,9663,2013,10496.0,0.0,1.7901259999999999,0.44164,GBR,MDA,900319
6448536,90,135,9663,2013,2505.0,0.0,0.18823800000000002,0.910906,GRC,MDA,900319
6448537,111,135,9663,2013,52527.0,0.0,1.289924,0.533436,ITA,MDA,900319
6448538,177,135,9663,2013,1579.0,0.0,1.084332,1.216749,POL,MDA,900319
6448539,179,135,9663,2013,8969.0,0.0,0.541454,2.5228610000000002,PRT,MDA,900319
6448540,185,135,9663,2013,6790.0,0.0,0.792035,1.225034,ROU,MDA,900319
6448541,186,135,9663,2013,0.0,23344.0,0.481166,-0.180052,RUS,MDA,900319
6448542,228,135,9663,2013,1495.0,0.0,0.657729,0.9063200000000001,UKR,MDA,900319
6448543,231,135,9663,2013,0.0,12654.0,1.6639689999999998,-0.48651300000000003,USA,MDA,900319
6448544,15,140,9663,2013,4431.0,0.0,1.7209240000000001,-0.286892,AUT,MKD,900319
6448545,23,140,9663,2013,24045.0,0.0,0.5026109999999999,1.674296,BGR,MKD,900319
6448546,43,140,9663,2013,2862.0,0.0,1.113767,1.477496,CHN,MKD,900319
6448547,59,140,9663,2013,1332.0,0.0,1.819653,-0.12423800000000002,CZE,MKD,900319
6448548,61,140,9663,2013,9783.0,0.0,2.093658,-3.4281980000000005,DEU,MKD,900319
6448549,77,140,9663,2013,7916.0,0.0,1.520354,0.022874000000000002,FRA,MKD,900319
6448550,81,140,9663,2013,6931.0,0.0,1.7901259999999999,0.44164,GBR,MKD,900319
6448551,97,140,9663,2013,1834.0,0.0,0.744383,1.923139,HKG,MKD,900319
6448552,100,140,9663,2013,1242.0,0.0,0.898284,1.038807,HRV,MKD,900319
6448553,102,140,9663,2013,36141.0,0.0,1.506101,0.7279220000000001,HUN,MKD,900319
6448554,111,140,9663,2013,68661.0,0.0,1.289924,0.533436,ITA,MKD,900319
6448555,177,140,9663,2013,8035.0,0.0,1.084332,1.216749,POL,MKD,900319
6448556,201,140,9663,2013,22886.0,0.0,0.5717720000000001,1.174901,SRB,MKD,900319
6448557,207,140,9663,2013,18328.0,0.0,1.698374,0.563082,SVN,MKD,900319
6448558,224,140,9663,2013,13814.0,0.0,0.42932299999999995,2.690235,TUR,MKD,900319
6448559,37,147,9663,2013,5618.0,4287.0,-0.46761499999999995,-1.0842040000000002,BWA,MOZ,900319
6448560,43,147,9663,2013,18366.0,0.0,1.113767,1.477496,CHN,MOZ,900319
6448561,61,147,9663,2013,2668.0,0.0,2.093658,-3.4281980000000005,DEU,MOZ,900319
6448562,64,147,9663,2013,1295.0,0.0,1.161835,1.1788450000000001,DNK,MOZ,900319
6448563,77,147,9663,2013,2344.0,0.0,1.520354,0.022874000000000002,FRA,MOZ,900319
6448564,81,147,9663,2013,3690.0,0.0,1.7901259999999999,0.44164,GBR,MOZ,900319
6448565,97,147,9663,2013,1599.0,0.0,0.744383,1.923139,HKG,MOZ,900319
6448566,104,147,9663,2013,32768.0,0.0,0.215356,2.3916209999999998,IND,MOZ,900319
6448567,114,147,9663,2013,2127.0,0.0,2.3993130000000003,-0.564768,JPN,MOZ,900319
6448568,151,147,9663,2013,2520.0,0.0,-0.158852,0.0061600000000000005,MUS,MOZ,900319
6448569,179,147,9663,2013,13897.0,0.0,0.541454,2.5228610000000002,PRT,MOZ,900319
6448570,246,147,9663,2013,34421.0,0.0,0.380284,1.5682120000000002,ZAF,MOZ,900319
6448571,43,148,9663,2013,3307.0,0.0,1.113767,1.477496,CHN,MRT,900319
6448572,111,148,9663,2013,920.0,0.0,1.289924,0.533436,ITA,MRT,900319
6448573,7,159,9663,2013,8100.0,0.0,-0.074047,-0.585168,ARE,NGA,900319
6448574,15,159,9663,2013,23778.0,0.0,1.7209240000000001,-0.286892,AUT,NGA,900319
6448575,43,159,9663,2013,65728.0,0.0,1.113767,1.477496,CHN,NGA,900319
6448576,61,159,9663,2013,48599.0,0.0,2.093658,-3.4281980000000005,DEU,NGA,900319
6448577,64,159,9663,2013,1933.0,0.0,1.161835,1.1788450000000001,DNK,NGA,900319
6448578,77,159,9663,2013,5932.0,0.0,1.520354,0.022874000000000002,FRA,NGA,900319
6448579,81,159,9663,2013,16922.0,0.0,1.7901259999999999,0.44164,GBR,NGA,900319
6448580,97,159,9663,2013,15304.0,0.0,0.744383,1.923139,HKG,NGA,900319
6448581,104,159,9663,2013,3862.0,0.0,0.215356,2.3916209999999998,IND,NGA,900319
6448582,106,159,9663,2013,2346.0,0.0,1.29988,0.240688,IRL,NGA,900319
6448583,111,159,9663,2013,17383.0,0.0,1.289924,0.533436,ITA,NGA,900319
6448584,177,159,9663,2013,15186.0,0.0,1.084332,1.216749,POL,NGA,900319
6448585,231,159,9663,2013,9190.0,0.0,1.6639689999999998,-0.48651300000000003,USA,NGA,900319
6448586,246,159,9663,2013,2333.0,0.0,0.380284,1.5682120000000002,ZAF,NGA,900319
6448587,15,164,9663,2013,3754.0,0.0,1.7209240000000001,-0.286892,AUT,NPL,900319
6448588,43,164,9663,2013,16588.0,0.0,1.113767,1.477496,CHN,NPL,900319
6448589,61,164,9663,2013,2336.0,0.0,2.093658,-3.4281980000000005,DEU,NPL,900319
6448590,104,164,9663,2013,1538.0,0.0,0.215356,2.3916209999999998,IND,NPL,900319
6448591,7,167,9663,2013,50788.0,0.0,-0.074047,-0.585168,ARE,OMN,900319
6448592,15,167,9663,2013,43482.0,0.0,1.7209240000000001,-0.286892,AUT,OMN,900319
6448593,41,167,9663,2013,3002.0,0.0,2.2104470000000003,0.5403479999999999,CHE,OMN,900319
6448594,64,167,9663,2013,1523.0,0.0,1.161835,1.1788450000000001,DNK,OMN,900319
6448595,71,167,9663,2013,1140.0,0.0,0.861698,2.353993,ESP,OMN,900319
6448596,77,167,9663,2013,68045.0,0.0,1.520354,0.022874000000000002,FRA,OMN,900319
6448597,81,167,9663,2013,34018.0,0.0,1.7901259999999999,0.44164,GBR,OMN,900319
6448598,111,167,9663,2013,18949.0,952.0,1.289924,0.533436,ITA,OMN,900319
6448599,231,167,9663,2013,2757.0,0.0,1.6639689999999998,-0.48651300000000003,USA,OMN,900319
6448600,249,167,9663,2013,13200.0,0.0,1.843186,0.9432379999999999,TWN,OMN,900319
6448601,15,168,9663,2013,19622.0,0.0,1.7209240000000001,-0.286892,AUT,PAK,900319
6448602,43,168,9663,2013,364201.0,2621.0,1.113767,1.477496,CHN,PAK,900319
6448603,61,168,9663,2013,3614.0,0.0,2.093658,-3.4281980000000005,DEU,PAK,900319
6448604,64,168,9663,2013,0.0,3444.0,1.161835,1.1788450000000001,DNK,PAK,900319
6448605,77,168,9663,2013,21459.0,66012.0,1.520354,0.022874000000000002,FRA,PAK,900319
6448606,97,168,9663,2013,2139.0,0.0,0.744383,1.923139,HKG,PAK,900319
6448607,111,168,9663,2013,247017.0,0.0,1.289924,0.533436,ITA,PAK,900319
6448608,121,168,9663,2013,42071.0,0.0,1.818383,0.75645,KOR,PAK,900319
6448609,190,168,9663,2013,0.0,1226.0,-1.254944,-1.073564,SDN,PAK,900319
6448610,231,168,9663,2013,0.0,14359.0,1.6639689999999998,-0.48651300000000003,USA,PAK,900319
6448611,15,185,9663,2013,185280.0,0.0,1.7209240000000001,-0.286892,AUT,ROU,900319
6448612,23,185,9663,2013,43603.0,104865.0,0.5026109999999999,1.674296,BGR,ROU,900319
6448613,43,185,9663,2013,390709.0,0.0,1.113767,1.477496,CHN,ROU,900319
6448614,58,185,9663,2013,31324.0,0.0,0.502238,0.349608,CYP,ROU,900319
6448615,59,185,9663,2013,109692.0,66956.0,1.819653,-0.12423800000000002,CZE,ROU,900319
6448616,61,185,9663,2013,440142.0,0.0,2.093658,-3.4281980000000005,DEU,ROU,900319
6448617,64,185,9663,2013,80298.0,0.0,1.161835,1.1788450000000001,DNK,ROU,900319
6448618,71,185,9663,2013,89189.0,0.0,0.861698,2.353993,ESP,ROU,900319
6448619,72,185,9663,2013,0.0,1603.0,0.8828940000000001,1.386574,EST,ROU,900319
6448620,77,185,9663,2013,342668.0,0.0,1.520354,0.022874000000000002,FRA,ROU,900319
6448621,81,185,9663,2013,34197.0,0.0,1.7901259999999999,0.44164,GBR,ROU,900319
6448622,90,185,9663,2013,6130.0,0.0,0.18823800000000002,0.910906,GRC,ROU,900319
6448623,97,185,9663,2013,25620.0,0.0,0.744383,1.923139,HKG,ROU,900319
6448624,100,185,9663,2013,0.0,3769.0,0.898284,1.038807,HRV,ROU,900319
6448625,102,185,9663,2013,146396.0,65353.0,1.506101,0.7279220000000001,HUN,ROU,900319
6448626,110,185,9663,2013,1980.0,11321.0,1.197241,0.633828,ISR,ROU,900319
6448627,111,185,9663,2013,1068606.0,1693927.0,1.289924,0.533436,ITA,ROU,900319
6448628,114,185,9663,2013,2698.0,0.0,2.3993130000000003,-0.564768,JPN,ROU,900319
6448629,121,185,9663,2013,78105.0,0.0,1.818383,0.75645,KOR,ROU,900319
6448630,124,185,9663,2013,0.0,5333.0,0.283084,1.4289100000000001,LBN,ROU,900319
6448631,130,185,9663,2013,0.0,3537.0,0.737796,1.215543,LTU,ROU,900319
6448632,132,185,9663,2013,0.0,1289.0,0.6219439999999999,1.166749,LVA,ROU,900319
6448633,135,185,9663,2013,0.0,6790.0,-0.016235,0.132104,MDA,ROU,900319
6448634,162,185,9663,2013,116906.0,0.0,1.184107,1.249557,NLD,ROU,900319
6448635,177,185,9663,2013,98285.0,49947.0,1.084332,1.216749,POL,ROU,900319
6448636,183,185,9663,2013,0.0,6081.0,-0.083649,-1.013491,QAT,ROU,900319
6448637,192,185,9663,2013,13704.0,0.0,1.915504,0.619576,SGP,ROU,900319
6448638,201,185,9663,2013,13921.0,47841.0,0.5717720000000001,1.174901,SRB,ROU,900319
6448639,206,185,9663,2013,39838.0,68274.0,1.32064,0.7519819999999999,SVK,ROU,900319
6448640,207,185,9663,2013,12016.0,13394.0,1.698374,0.563082,SVN,ROU,900319
6448641,208,185,9663,2013,2444.0,0.0,1.869421,0.228109,SWE,ROU,900319
6448642,224,185,9663,2013,56340.0,0.0,0.42932299999999995,2.690235,TUR,ROU,900319
6448643,231,185,9663,2013,8091.0,0.0,1.6639689999999998,-0.48651300000000003,USA,ROU,900319
6448644,248,185,9663,2013,0.0,86602.0,-0.828702,-0.899175,ZWE,ROU,900319
6448645,15,186,9663,2013,2029876.0,487.0,1.7209240000000001,-0.286892,AUT,RUS,900319
6448646,18,186,9663,2013,3987.0,0.0,1.316207,0.972601,BEL,RUS,900319
6448647,28,186,9663,2013,56861.0,612762.0,1.036923,0.864568,BLR,RUS,900319
6448648,39,186,9663,2013,1681.0,0.0,0.719649,1.017046,CAN,RUS,900319
6448649,41,186,9663,2013,548883.0,2337.0,2.2104470000000003,0.5403479999999999,CHE,RUS,900319
6448650,43,186,9663,2013,6671497.0,0.0,1.113767,1.477496,CHN,RUS,900319
6448651,59,186,9663,2013,77446.0,0.0,1.819653,-0.12423800000000002,CZE,RUS,900319
6448652,61,186,9663,2013,4476406.0,0.0,2.093658,-3.4281980000000005,DEU,RUS,900319
6448653,64,186,9663,2013,494692.0,0.0,1.161835,1.1788450000000001,DNK,RUS,900319
6448654,71,186,9663,2013,62761.0,1482.0,0.861698,2.353993,ESP,RUS,900319
6448655,72,186,9663,2013,21395.0,0.0,0.8828940000000001,1.386574,EST,RUS,900319
6448656,74,186,9663,2013,145767.0,0.0,1.734552,0.8896940000000001,FIN,RUS,900319
6448657,77,186,9663,2013,1522950.0,0.0,1.520354,0.022874000000000002,FRA,RUS,900319
6448658,81,186,9663,2013,136626.0,0.0,1.7901259999999999,0.44164,GBR,RUS,900319
6448659,97,186,9663,2013,942411.0,0.0,0.744383,1.923139,HKG,RUS,900319
6448660,106,186,9663,2013,27131.0,0.0,1.29988,0.240688,IRL,RUS,900319
6448661,111,186,9663,2013,7218370.0,29717.0,1.289924,0.533436,ITA,RUS,900319
6448662,114,186,9663,2013,187135.0,0.0,2.3993130000000003,-0.564768,JPN,RUS,900319
6448663,115,186,9663,2013,0.0,60404.0,-0.680678,-0.83347,KAZ,RUS,900319
6448664,121,186,9663,2013,560851.0,0.0,1.818383,0.75645,KOR,RUS,900319
6448665,130,186,9663,2013,504184.0,0.0,0.737796,1.215543,LTU,RUS,900319
6448666,131,186,9663,2013,43321.0,0.0,1.170459,1.150327,LUX,RUS,900319
6448667,132,186,9663,2013,104070.0,0.0,0.6219439999999999,1.166749,LVA,RUS,900319
6448668,135,186,9663,2013,23344.0,0.0,-0.016235,0.132104,MDA,RUS,900319
6448669,162,186,9663,2013,183826.0,0.0,1.184107,1.249557,NLD,RUS,900319
6448670,163,186,9663,2013,0.0,1954.0,0.892099,0.18168399999999998,NOR,RUS,900319
6448671,177,186,9663,2013,542778.0,37017.0,1.084332,1.216749,POL,RUS,900319
6448672,206,186,9663,2013,6383.0,0.0,1.32064,0.7519819999999999,SVK,RUS,900319
6448673,208,186,9663,2013,27811.0,0.0,1.869421,0.228109,SWE,RUS,900319
6448674,231,186,9663,2013,131009.0,0.0,1.6639689999999998,-0.48651300000000003,USA,RUS,900319
6448675,249,186,9663,2013,23239.0,0.0,1.843186,0.9432379999999999,TWN,RUS,900319
6448676,15,191,9663,2013,906.0,0.0,1.7209240000000001,-0.286892,AUT,SEN,900319
6448677,18,191,9663,2013,4298.0,0.0,1.316207,0.972601,BEL,SEN,900319
6448678,43,191,9663,2013,13520.0,0.0,1.113767,1.477496,CHN,SEN,900319
6448679,61,191,9663,2013,5698.0,0.0,2.093658,-3.4281980000000005,DEU,SEN,900319
6448680,64,191,9663,2013,1324.0,0.0,1.161835,1.1788450000000001,DNK,SEN,900319
6448681,71,191,9663,2013,1540.0,0.0,0.861698,2.353993,ESP,SEN,900319
6448682,77,191,9663,2013,31899.0,0.0,1.520354,0.022874000000000002,FRA,SEN,900319
6448683,81,191,9663,2013,2063.0,0.0,1.7901259999999999,0.44164,GBR,SEN,900319
6448684,111,191,9663,2013,28774.0,0.0,1.289924,0.533436,ITA,SEN,900319
6448685,131,191,9663,2013,3487.0,0.0,1.170459,1.150327,LUX,SEN,900319
6448686,162,191,9663,2013,6260.0,0.0,1.184107,1.249557,NLD,SEN,900319
6448687,179,191,9663,2013,0.0,3631.0,0.541454,2.5228610000000002,PRT,SEN,900319
6448688,224,191,9663,2013,6427.0,0.0,0.42932299999999995,2.690235,TUR,SEN,900319
6448689,231,191,9663,2013,3142.0,0.0,1.6639689999999998,-0.48651300000000003,USA,SEN,900319
6448690,246,191,9663,2013,13156.0,0.0,0.380284,1.5682120000000002,ZAF,SEN,900319
6448691,15,201,9663,2013,115989.0,0.0,1.7209240000000001,-0.286892,AUT,SRB,900319
6448692,26,201,9663,2013,8145.0,33224.0,0.46743199999999996,0.7340800000000001,BIH,SRB,900319
6448693,41,201,9663,2013,1498.0,0.0,2.2104470000000003,0.5403479999999999,CHE,SRB,900319
6448694,43,201,9663,2013,147730.0,0.0,1.113767,1.477496,CHN,SRB,900319
6448695,59,201,9663,2013,4948.0,3273.0,1.819653,-0.12423800000000002,CZE,SRB,900319
6448696,61,201,9663,2013,147646.0,5012.0,2.093658,-3.4281980000000005,DEU,SRB,900319
6448697,64,201,9663,2013,3699.0,0.0,1.161835,1.1788450000000001,DNK,SRB,900319
6448698,77,201,9663,2013,20018.0,0.0,1.520354,0.022874000000000002,FRA,SRB,900319
6448699,81,201,9663,2013,39610.0,0.0,1.7901259999999999,0.44164,GBR,SRB,900319
6448700,90,201,9663,2013,3232.0,0.0,0.18823800000000002,0.910906,GRC,SRB,900319
6448701,97,201,9663,2013,33509.0,4160.0,0.744383,1.923139,HKG,SRB,900319
6448702,100,201,9663,2013,19319.0,37793.0,0.898284,1.038807,HRV,SRB,900319
6448703,102,201,9663,2013,56837.0,0.0,1.506101,0.7279220000000001,HUN,SRB,900319
6448704,106,201,9663,2013,1049.0,0.0,1.29988,0.240688,IRL,SRB,900319
6448705,111,201,9663,2013,719426.0,0.0,1.289924,0.533436,ITA,SRB,900319
6448706,114,201,9663,2013,6017.0,0.0,2.3993130000000003,-0.564768,JPN,SRB,900319
6448707,121,201,9663,2013,29307.0,0.0,1.818383,0.75645,KOR,SRB,900319
6448708,140,201,9663,2013,0.0,22886.0,-0.10859400000000001,0.155229,MKD,SRB,900319
6448709,144,201,9663,2013,0.0,68529.0,-0.054454999999999996,-0.164875,MNE,SRB,900319
6448710,177,201,9663,2013,1410.0,0.0,1.084332,1.216749,POL,SRB,900319
6448711,179,201,9663,2013,2111.0,0.0,0.541454,2.5228610000000002,PRT,SRB,900319
6448712,185,201,9663,2013,47841.0,13921.0,0.792035,1.225034,ROU,SRB,900319
6448713,207,201,9663,2013,29731.0,30664.0,1.698374,0.563082,SVN,SRB,900319
6448714,224,201,9663,2013,25536.0,0.0,0.42932299999999995,2.690235,TUR,SRB,900319
6448715,231,201,9663,2013,20452.0,0.0,1.6639689999999998,-0.48651300000000003,USA,SRB,900319
6448716,15,207,9663,2013,157804.0,0.0,1.7209240000000001,-0.286892,AUT,SVN,900319
6448717,24,207,9663,2013,0.0,4591.0,0.249681,-0.6204270000000001,BHR,SVN,900319
6448718,26,207,9663,2013,0.0,44304.0,0.46743199999999996,0.7340800000000001,BIH,SVN,900319
6448719,32,207,9663,2013,0.0,2379.0,0.14765899999999998,0.399262,BRA,SVN,900319
6448720,39,207,9663,2013,1162.0,0.0,0.719649,1.017046,CAN,SVN,900319
6448721,43,207,9663,2013,544026.0,0.0,1.113767,1.477496,CHN,SVN,900319
6448722,59,207,9663,2013,20200.0,0.0,1.819653,-0.12423800000000002,CZE,SVN,900319
6448723,61,207,9663,2013,248285.0,0.0,2.093658,-3.4281980000000005,DEU,SVN,900319
6448724,64,207,9663,2013,12219.0,0.0,1.161835,1.1788450000000001,DNK,SVN,900319
6448725,71,207,9663,2013,1763.0,0.0,0.861698,2.353993,ESP,SVN,900319
6448726,77,207,9663,2013,271250.0,0.0,1.520354,0.022874000000000002,FRA,SVN,900319
6448727,81,207,9663,2013,30655.0,0.0,1.7901259999999999,0.44164,GBR,SVN,900319
6448728,90,207,9663,2013,8413.0,0.0,0.18823800000000002,0.910906,GRC,SVN,900319
6448729,100,207,9663,2013,129895.0,99855.0,0.898284,1.038807,HRV,SVN,900319
6448730,102,207,9663,2013,0.0,553427.0,1.506101,0.7279220000000001,HUN,SVN,900319
6448731,106,207,9663,2013,2136.0,0.0,1.29988,0.240688,IRL,SVN,900319
6448732,111,207,9663,2013,1263256.0,151364.0,1.289924,0.533436,ITA,SVN,900319
6448733,114,207,9663,2013,10750.0,0.0,2.3993130000000003,-0.564768,JPN,SVN,900319
6448734,116,207,9663,2013,0.0,602.0,-0.448112,0.8672719999999999,KEN,SVN,900319
6448735,121,207,9663,2013,2367.0,0.0,1.818383,0.75645,KOR,SVN,900319
6448736,130,207,9663,2013,1334.0,0.0,0.737796,1.215543,LTU,SVN,900319
6448737,140,207,9663,2013,0.0,18328.0,-0.10859400000000001,0.155229,MKD,SVN,900319
6448738,144,207,9663,2013,0.0,20912.0,-0.054454999999999996,-0.164875,MNE,SVN,900319
6448739,162,207,9663,2013,434079.0,0.0,1.184107,1.249557,NLD,SVN,900319
6448740,177,207,9663,2013,60667.0,0.0,1.084332,1.216749,POL,SVN,900319
6448741,179,207,9663,2013,262446.0,0.0,0.541454,2.5228610000000002,PRT,SVN,900319
6448742,185,207,9663,2013,13394.0,12016.0,0.792035,1.225034,ROU,SVN,900319
6448743,201,207,9663,2013,30664.0,29731.0,0.5717720000000001,1.174901,SRB,SVN,900319
6448744,206,207,9663,2013,2917.0,0.0,1.32064,0.7519819999999999,SVK,SVN,900319
6448745,208,207,9663,2013,1094.0,0.0,1.869421,0.228109,SWE,SVN,900319
6448746,231,207,9663,2013,8996.0,0.0,1.6639689999999998,-0.48651300000000003,USA,SVN,900319
6448747,249,207,9663,2013,7085.0,0.0,1.843186,0.9432379999999999,TWN,SVN,900319
6448748,7,239,9663,2013,0.0,5967.0,-0.074047,-0.585168,ARE,VNM,900319
6448749,8,239,9663,2013,0.0,8845.0,0.20314300000000002,0.494062,ARG,VNM,900319
6448750,14,239,9663,2013,0.0,19553.0,-0.31145700000000004,-0.167628,AUS,VNM,900319
6448751,15,239,9663,2013,7514.0,1199.0,1.7209240000000001,-0.286892,AUT,VNM,900319
6448752,18,239,9663,2013,14067.0,524335.0,1.316207,0.972601,BEL,VNM,900319
6448753,41,239,9663,2013,3409.0,1978.0,2.2104470000000003,0.5403479999999999,CHE,VNM,900319
6448754,42,239,9663,2013,0.0,19482.0,-0.260718,-0.38256100000000004,CHL,VNM,900319
6448755,43,239,9663,2013,285549.0,309370.0,1.113767,1.477496,CHN,VNM,900319
6448756,61,239,9663,2013,329692.0,947613.0,2.093658,-3.4281980000000005,DEU,VNM,900319
6448757,77,239,9663,2013,46745.0,0.0,1.520354,0.022874000000000002,FRA,VNM,900319
6448758,81,239,9663,2013,0.0,3724.0,1.7901259999999999,0.44164,GBR,VNM,900319
6448759,97,239,9663,2013,191283.0,51325.0,0.744383,1.923139,HKG,VNM,900319
6448760,111,239,9663,2013,203233.0,1107.0,1.289924,0.533436,ITA,VNM,900319
6448761,114,239,9663,2013,331972.0,3748837.0,2.3993130000000003,-0.564768,JPN,VNM,900319
6448762,115,239,9663,2013,0.0,1841.0,-0.680678,-0.83347,KAZ,VNM,900319
6448763,121,239,9663,2013,488925.0,6743.0,1.818383,0.75645,KOR,VNM,900319
6448764,153,239,9663,2013,0.0,1609.0,0.937641,0.747496,MYS,VNM,900319
6448765,163,239,9663,2013,0.0,5947.0,0.892099,0.18168399999999998,NOR,VNM,900319
6448766,177,239,9663,2013,0.0,5529.0,1.084332,1.216749,POL,VNM,900319
6448767,192,239,9663,2013,63608.0,32463.0,1.915504,0.619576,SGP,VNM,900319
6448768,206,239,9663,2013,0.0,1410.0,1.32064,0.7519819999999999,SVK,VNM,900319
6448769,216,239,9663,2013,0.0,53097.0,0.8752139999999999,1.3798620000000001,THA,VNM,900319
6448770,224,239,9663,2013,0.0,15241.0,0.42932299999999995,2.690235,TUR,VNM,900319
6448771,231,239,9663,2013,38297.0,12706.0,1.6639689999999998,-0.48651300000000003,USA,VNM,900319
6448772,249,239,9663,2013,8158.0,53161.0,1.843186,0.9432379999999999,TWN,VNM,900319
6448773,250,239,9663,2013,220221.0,0.0,0.628555,0.277602,ANS,VNM,900319
6448774,43,248,9663,2013,12601.0,0.0,1.113767,1.477496,CHN,ZWE,900319
6448775,81,248,9663,2013,4554.0,0.0,1.7901259999999999,0.44164,GBR,ZWE,900319
6448776,97,248,9663,2013,7456.0,0.0,0.744383,1.923139,HKG,ZWE,900319
6448777,104,248,9663,2013,4586.0,0.0,0.215356,2.3916209999999998,IND,ZWE,900319
6448778,121,248,9663,2013,13336.0,0.0,1.818383,0.75645,KOR,ZWE,900319
6448779,153,248,9663,2013,2248.0,0.0,0.937641,0.747496,MYS,ZWE,900319
6448780,185,248,9663,2013,86602.0,0.0,0.792035,1.225034,ROU,ZWE,900319
6448781,246,248,9663,2013,200922.0,0.0,0.380284,1.5682120000000002,ZAF,ZWE,900319
6448782,15,4,9663,2013,2650.0,0.0,1.7209240000000001,-0.286892,AUT,ALB,900319
6448783,43,4,9663,2013,19103.0,0.0,1.113767,1.477496,CHN,ALB,900319
6448784,61,4,9663,2013,41781.0,0.0,2.093658,-3.4281980000000005,DEU,ALB,900319
6448785,71,4,9663,2013,22077.0,0.0,0.861698,2.353993,ESP,ALB,900319
6448786,77,4,9663,2013,13913.0,0.0,1.520354,0.022874000000000002,FRA,ALB,900319
6448787,111,4,9663,2013,145355.0,4423.0,1.289924,0.533436,ITA,ALB,900319
6448788,114,4,9663,2013,590.0,0.0,2.3993130000000003,-0.564768,JPN,ALB,900319
6448789,131,4,9663,2013,1458.0,0.0,1.170459,1.150327,LUX,ALB,900319
6448790,177,4,9663,2013,1266.0,0.0,1.084332,1.216749,POL,ALB,900319
6448791,15,5,9663,2013,49151.0,0.0,1.7209240000000001,-0.286892,AUT,AND,900319
6448792,18,5,9663,2013,1456.0,0.0,1.316207,0.972601,BEL,AND,900319
6448793,43,5,9663,2013,1132.0,0.0,1.113767,1.477496,CHN,AND,900319
6448794,61,5,9663,2013,15622.0,0.0,2.093658,-3.4281980000000005,DEU,AND,900319
6448795,64,5,9663,2013,8230.0,0.0,1.161835,1.1788450000000001,DNK,AND,900319
6448796,71,5,9663,2013,1143842.0,13189.0,0.861698,2.353993,ESP,AND,900319
6448797,77,5,9663,2013,167825.0,0.0,1.520354,0.022874000000000002,FRA,AND,900319
6448798,111,5,9663,2013,2503.0,0.0,1.289924,0.533436,ITA,AND,900319
6448799,114,5,9663,2013,354.0,0.0,2.3993130000000003,-0.564768,JPN,AND,900319
6448800,131,5,9663,2013,1029.0,0.0,1.170459,1.150327,LUX,AND,900319
6448801,15,21,9663,2013,1547.0,0.0,1.7209240000000001,-0.286892,AUT,BFA,900319
6448802,61,21,9663,2013,1333.0,0.0,2.093658,-3.4281980000000005,DEU,BFA,900319
6448803,77,21,9663,2013,1901.0,0.0,1.520354,0.022874000000000002,FRA,BFA,900319
6448804,179,21,9663,2013,701.0,0.0,0.541454,2.5228610000000002,PRT,BFA,900319
6448805,223,21,9663,2013,7794.0,0.0,0.185528,1.0070700000000001,TUN,BFA,900319
6448806,43,29,9663,2013,3096.0,0.0,1.113767,1.477496,CHN,BLZ,900319
6448807,111,29,9663,2013,5077.0,0.0,1.289924,0.533436,ITA,BLZ,900319
6448808,231,29,9663,2013,2137.0,0.0,1.6639689999999998,-0.48651300000000003,USA,BLZ,900319
6448809,39,30,9663,2013,64653.0,0.0,0.719649,1.017046,CAN,BMU,900319
6448810,64,30,9663,2013,1029.0,0.0,1.161835,1.1788450000000001,DNK,BMU,900319
6448811,81,30,9663,2013,2736.0,0.0,1.7901259999999999,0.44164,GBR,BMU,900319
6448812,231,30,9663,2013,70464.0,0.0,1.6639689999999998,-0.48651300000000003,USA,BMU,900319
6448813,15,31,9663,2013,22075.0,0.0,1.7209240000000001,-0.286892,AUT,BOL,900319
6448814,32,31,9663,2013,4452.0,0.0,0.14765899999999998,0.399262,BRA,BOL,900319
6448815,42,31,9663,2013,201085.0,0.0,-0.260718,-0.38256100000000004,CHL,BOL,900319
6448816,43,31,9663,2013,229356.0,0.0,1.113767,1.477496,CHN,BOL,900319
6448817,71,31,9663,2013,5857.0,0.0,0.861698,2.353993,ESP,BOL,900319
6448818,77,31,9663,2013,8519.0,0.0,1.520354,0.022874000000000002,FRA,BOL,900319
6448819,81,31,9663,2013,4068.0,0.0,1.7901259999999999,0.44164,GBR,BOL,900319
6448820,103,31,9663,2013,633.0,0.0,-0.216854,1.415728,IDN,BOL,900319
6448821,111,31,9663,2013,127683.0,0.0,1.289924,0.533436,ITA,BOL,900319
6448822,114,31,9663,2013,3018.0,0.0,2.3993130000000003,-0.564768,JPN,BOL,900319
6448823,121,31,9663,2013,1784.0,0.0,1.818383,0.75645,KOR,BOL,900319
6448824,169,31,9663,2013,9051.0,0.0,0.735637,1.161718,PAN,BOL,900319
6448825,231,31,9663,2013,21714.0,0.0,1.6639689999999998,-0.48651300000000003,USA,BOL,900319
6448826,249,31,9663,2013,5229.0,0.0,1.843186,0.9432379999999999,TWN,BOL,900319
6448827,43,34,9663,2013,42153.0,0.0,1.113767,1.477496,CHN,BRN,900319
6448828,153,34,9663,2013,41866.0,0.0,0.937641,0.747496,MYS,BRN,900319
6448829,174,34,9663,2013,2919.0,0.0,0.507868,0.355403,PHL,BRN,900319
6448830,192,34,9663,2013,941116.0,0.0,1.915504,0.619576,SGP,BRN,900319
6448831,14,37,9663,2013,2743.0,0.0,-0.31145700000000004,-0.167628,AUS,BWA,900319
6448832,39,37,9663,2013,23214.0,0.0,0.719649,1.017046,CAN,BWA,900319
6448833,43,37,9663,2013,1090.0,0.0,1.113767,1.477496,CHN,BWA,900319
6448834,77,37,9663,2013,979.0,0.0,1.520354,0.022874000000000002,FRA,BWA,900319
6448835,81,37,9663,2013,3626.0,0.0,1.7901259999999999,0.44164,GBR,BWA,900319
6448836,147,37,9663,2013,4287.0,5618.0,-1.326323,-1.050969,MOZ,BWA,900319
6448837,155,37,9663,2013,15460.0,0.0,-0.308643,-0.480617,NAM,BWA,900319
6448838,231,37,9663,2013,3290.0,0.0,1.6639689999999998,-0.48651300000000003,USA,BWA,900319
6448839,246,37,9663,2013,344464.0,3274.0,0.380284,1.5682120000000002,ZAF,BWA,900319
6448840,61,44,9663,2013,1438.0,0.0,2.093658,-3.4281980000000005,DEU,CIV,900319
6448841,77,44,9663,2013,157940.0,0.0,1.520354,0.022874000000000002,FRA,CIV,900319
6448842,81,44,9663,2013,7082.0,0.0,1.7901259999999999,0.44164,GBR,CIV,900319
6448843,111,44,9663,2013,18937.0,0.0,1.289924,0.533436,ITA,CIV,900319
6448844,231,44,9663,2013,4615.0,0.0,1.6639689999999998,-0.48651300000000003,USA,CIV,900319
6448845,246,44,9663,2013,2545.0,0.0,0.380284,1.5682120000000002,ZAF,CIV,900319
6448846,250,44,9663,2013,8611.0,0.0,0.628555,0.277602,ANS,CIV,900319
6448847,14,45,9663,2013,0.0,978.0,-0.31145700000000004,-0.167628,AUS,CMR,900319
6448848,39,45,9663,2013,0.0,4943.0,0.719649,1.017046,CAN,CMR,900319
6448849,61,45,9663,2013,2073.0,0.0,2.093658,-3.4281980000000005,DEU,CMR,900319
6448850,18,46,9663,2013,25543.0,0.0,1.316207,0.972601,BEL,COD,900319
6448851,61,46,9663,2013,4543.0,0.0,2.093658,-3.4281980000000005,DEU,COD,900319
6448852,77,46,9663,2013,1883.0,0.0,1.520354,0.022874000000000002,FRA,COD,900319
6448853,97,46,9663,2013,4924.0,0.0,0.744383,1.923139,HKG,COD,900319
6448854,246,46,9663,2013,2047.0,0.0,0.380284,1.5682120000000002,ZAF,COD,900319
6448855,7,47,9663,2013,1503.0,0.0,-0.074047,-0.585168,ARE,COG,900319
6448856,77,47,9663,2013,87796.0,0.0,1.520354,0.022874000000000002,FRA,COG,900319
6448857,104,47,9663,2013,1137.0,0.0,0.215356,2.3916209999999998,IND,COG,900319
6448858,71,51,9663,2013,6585.0,0.0,0.861698,2.353993,ESP,CPV,900319
6448859,77,51,9663,2013,3978.0,0.0,1.520354,0.022874000000000002,FRA,CPV,900319
6448860,179,51,9663,2013,183852.0,0.0,0.541454,2.5228610000000002,PRT,CPV,900319
6448861,39,54,9663,2013,79487.0,0.0,0.719649,1.017046,CAN,CUB,900319
6448862,43,54,9663,2013,452325.0,0.0,1.113767,1.477496,CHN,CUB,900319
6448863,111,54,9663,2013,1973.0,0.0,1.289924,0.533436,ITA,CUB,900319
6448864,236,54,9663,2013,0.0,4196573.0,-0.778172,-1.107059,VEN,CUB,900319
6448865,249,54,9663,2013,7142.0,0.0,1.843186,0.9432379999999999,TWN,CUB,900319
6448866,61,57,9663,2013,5712.0,0.0,2.093658,-3.4281980000000005,DEU,CYM,900319
6448867,162,57,9663,2013,1506.0,0.0,1.184107,1.249557,NLD,CYM,900319
6448868,231,57,9663,2013,101009.0,0.0,1.6639689999999998,-0.48651300000000003,USA,CYM,900319
6448869,15,58,9663,2013,17255.0,0.0,1.7209240000000001,-0.286892,AUT,CYP,900319
6448870,43,58,9663,2013,21074.0,0.0,1.113767,1.477496,CHN,CYP,900319
6448871,59,58,9663,2013,2544.0,0.0,1.819653,-0.12423800000000002,CZE,CYP,900319
6448872,61,58,9663,2013,1546202.0,0.0,2.093658,-3.4281980000000005,DEU,CYP,900319
6448873,64,58,9663,2013,13244.0,0.0,1.161835,1.1788450000000001,DNK,CYP,900319
6448874,71,58,9663,2013,4704.0,0.0,0.861698,2.353993,ESP,CYP,900319
6448875,77,58,9663,2013,83770.0,0.0,1.520354,0.022874000000000002,FRA,CYP,900319
6448876,81,58,9663,2013,68598.0,0.0,1.7901259999999999,0.44164,GBR,CYP,900319
6448877,90,58,9663,2013,130178.0,17426.0,0.18823800000000002,0.910906,GRC,CYP,900319
6448878,97,58,9663,2013,9777.0,0.0,0.744383,1.923139,HKG,CYP,900319
6448879,106,58,9663,2013,1281.0,0.0,1.29988,0.240688,IRL,CYP,900319
6448880,111,58,9663,2013,579057.0,0.0,1.289924,0.533436,ITA,CYP,900319
6448881,124,58,9663,2013,1230.0,0.0,0.283084,1.4289100000000001,LBN,CYP,900319
6448882,142,58,9663,2013,0.0,53008.0,0.8519760000000001,-0.075869,MLT,CYP,900319
6448883,162,58,9663,2013,36912.0,0.0,1.184107,1.249557,NLD,CYP,900319
6448884,185,58,9663,2013,0.0,31324.0,0.792035,1.225034,ROU,CYP,900319
6448885,224,58,9663,2013,84314.0,0.0,0.42932299999999995,2.690235,TUR,CYP,900319
6448886,77,62,9663,2013,4623.0,0.0,1.520354,0.022874000000000002,FRA,DJI,900319
6448887,41,66,9663,2013,11494.0,0.0,2.2104470000000003,0.5403479999999999,CHE,DZA,900319
6448888,43,66,9663,2013,237561.0,0.0,1.113767,1.477496,CHN,DZA,900319
6448889,61,66,9663,2013,78834.0,0.0,2.093658,-3.4281980000000005,DEU,DZA,900319
6448890,71,66,9663,2013,269702.0,0.0,0.861698,2.353993,ESP,DZA,900319
6448891,77,66,9663,2013,87534.0,0.0,1.520354,0.022874000000000002,FRA,DZA,900319
6448892,81,66,9663,2013,62392.0,0.0,1.7901259999999999,0.44164,GBR,DZA,900319
6448893,97,66,9663,2013,2173.0,0.0,0.744383,1.923139,HKG,DZA,900319
6448894,111,66,9663,2013,267607.0,0.0,1.289924,0.533436,ITA,DZA,900319
6448895,114,66,9663,2013,1231.0,0.0,2.3993130000000003,-0.564768,JPN,DZA,900319
6448896,177,66,9663,2013,11330.0,0.0,1.084332,1.216749,POL,DZA,900319
6448897,224,66,9663,2013,23336.0,0.0,0.42932299999999995,2.690235,TUR,DZA,900319
6448898,231,66,9663,2013,43004.0,0.0,1.6639689999999998,-0.48651300000000003,USA,DZA,900319
6448899,7,73,9663,2013,10244.0,0.0,-0.074047,-0.585168,ARE,ETH,900319
6448900,39,73,9663,2013,993.0,0.0,0.719649,1.017046,CAN,ETH,900319
6448901,43,73,9663,2013,18514.0,0.0,1.113767,1.477496,CHN,ETH,900319
6448902,61,73,9663,2013,10715.0,0.0,2.093658,-3.4281980000000005,DEU,ETH,900319
6448903,77,73,9663,2013,0.0,1237.0,1.520354,0.022874000000000002,FRA,ETH,900319
6448904,81,73,9663,2013,9792.0,0.0,1.7901259999999999,0.44164,GBR,ETH,900319
6448905,97,73,9663,2013,20693.0,0.0,0.744383,1.923139,HKG,ETH,900319
6448906,104,73,9663,2013,6622.0,0.0,0.215356,2.3916209999999998,IND,ETH,900319
6448907,231,73,9663,2013,2220.0,0.0,1.6639689999999998,-0.48651300000000003,USA,ETH,900319
6448908,39,80,9663,2013,3149.0,0.0,0.719649,1.017046,CAN,GAB,900319
6448909,43,80,9663,2013,1400.0,0.0,1.113767,1.477496,CHN,GAB,900319
6448910,61,80,9663,2013,20610.0,0.0,2.093658,-3.4281980000000005,DEU,GAB,900319
6448911,77,80,9663,2013,196298.0,0.0,1.520354,0.022874000000000002,FRA,GAB,900319
6448912,111,80,9663,2013,12363.0,0.0,1.289924,0.533436,ITA,GAB,900319
6448913,131,80,9663,2013,6971.0,0.0,1.170459,1.150327,LUX,GAB,900319
6448914,177,80,9663,2013,1308.0,0.0,1.084332,1.216749,POL,GAB,900319
6448915,224,80,9663,2013,10320.0,0.0,0.42932299999999995,2.690235,TUR,GAB,900319
6448916,231,80,9663,2013,4381.0,0.0,1.6639689999999998,-0.48651300000000003,USA,GAB,900319
6448917,7,83,9663,2013,24694.0,0.0,-0.074047,-0.585168,ARE,GHA,900319
6448918,43,83,9663,2013,36575.0,0.0,1.113767,1.477496,CHN,GHA,900319
6448919,61,83,9663,2013,2793.0,0.0,2.093658,-3.4281980000000005,DEU,GHA,900319
6448920,77,83,9663,2013,111701.0,0.0,1.520354,0.022874000000000002,FRA,GHA,900319
6448921,81,83,9663,2013,7078.0,0.0,1.7901259999999999,0.44164,GBR,GHA,900319
6448922,104,83,9663,2013,2992.0,0.0,0.215356,2.3916209999999998,IND,GHA,900319
6448923,111,83,9663,2013,2883.0,0.0,1.289924,0.533436,ITA,GHA,900319
6448924,162,83,9663,2013,6801.0,0.0,1.184107,1.249557,NLD,GHA,900319
6448925,177,83,9663,2013,7632.0,0.0,1.084332,1.216749,POL,GHA,900319
6448926,231,83,9663,2013,35337.0,0.0,1.6639689999999998,-0.48651300000000003,USA,GHA,900319
6448927,246,83,9663,2013,2133.0,0.0,0.380284,1.5682120000000002,ZAF,GHA,900319
6448928,71,84,9663,2013,26152.0,0.0,0.861698,2.353993,ESP,GIB,900319
6448929,81,84,9663,2013,15615.0,0.0,1.7901259999999999,0.44164,GBR,GIB,900319
6448930,15,99,9663,2013,22912.0,0.0,1.7209240000000001,-0.286892,AUT,HND,900319
6448931,77,99,9663,2013,28909.0,0.0,1.520354,0.022874000000000002,FRA,HND,900319
6448932,81,99,9663,2013,16401.0,0.0,1.7901259999999999,0.44164,GBR,HND,900319
6448933,93,99,9663,2013,17324.0,0.0,-0.41466499999999995,0.774788,GTM,HND,900319
6448934,111,99,9663,2013,27439.0,0.0,1.289924,0.533436,ITA,HND,900319
6448935,169,99,9663,2013,136953.0,0.0,0.735637,1.161718,PAN,HND,900319
6448936,231,99,9663,2013,573374.0,0.0,1.6639689999999998,-0.48651300000000003,USA,HND,900319
6448937,7,108,9663,2013,141648.0,0.0,-0.074047,-0.585168,ARE,IRQ,900319
6448938,43,108,9663,2013,130207.0,0.0,1.113767,1.477496,CHN,IRQ,900319
6448939,104,108,9663,2013,5465.0,0.0,0.215356,2.3916209999999998,IND,IRQ,900319
6448940,111,108,9663,2013,11946.0,0.0,1.289924,0.533436,ITA,IRQ,900319
6448941,224,108,9663,2013,11965.0,0.0,0.42932299999999995,2.690235,TUR,IRQ,900319
6448942,15,109,9663,2013,22541.0,0.0,1.7209240000000001,-0.286892,AUT,ISL,900319
6448943,18,109,9663,2013,1749.0,0.0,1.316207,0.972601,BEL,ISL,900319
6448944,39,109,9663,2013,2231.0,0.0,0.719649,1.017046,CAN,ISL,900319
6448945,41,109,9663,2013,815.0,0.0,2.2104470000000003,0.5403479999999999,CHE,ISL,900319
6448946,43,109,9663,2013,1230.0,0.0,1.113767,1.477496,CHN,ISL,900319
6448947,61,109,9663,2013,120667.0,0.0,2.093658,-3.4281980000000005,DEU,ISL,900319
6448948,64,109,9663,2013,151586.0,0.0,1.161835,1.1788450000000001,DNK,ISL,900319
6448949,71,109,9663,2013,1633.0,0.0,0.861698,2.353993,ESP,ISL,900319
6448950,74,109,9663,2013,2744.0,0.0,1.734552,0.8896940000000001,FIN,ISL,900319
6448951,77,109,9663,2013,34630.0,0.0,1.520354,0.022874000000000002,FRA,ISL,900319
6448952,81,109,9663,2013,37910.0,0.0,1.7901259999999999,0.44164,GBR,ISL,900319
6448953,97,109,9663,2013,28238.0,0.0,0.744383,1.923139,HKG,ISL,900319
6448954,104,109,9663,2013,3090.0,0.0,0.215356,2.3916209999999998,IND,ISL,900319
6448955,106,109,9663,2013,1047.0,0.0,1.29988,0.240688,IRL,ISL,900319
6448956,110,109,9663,2013,4221.0,0.0,1.197241,0.633828,ISR,ISL,900319
6448957,111,109,9663,2013,40086.0,1345.0,1.289924,0.533436,ITA,ISL,900319
6448958,114,109,9663,2013,13195.0,0.0,2.3993130000000003,-0.564768,JPN,ISL,900319
6448959,121,109,9663,2013,1840064.0,0.0,1.818383,0.75645,KOR,ISL,900319
6448960,130,109,9663,2013,2064.0,0.0,0.737796,1.215543,LTU,ISL,900319
6448961,162,109,9663,2013,9472.0,0.0,1.184107,1.249557,NLD,ISL,900319
6448962,163,109,9663,2013,5549.0,0.0,0.892099,0.18168399999999998,NOR,ISL,900319
6448963,192,109,9663,2013,330.0,244007.0,1.915504,0.619576,SGP,ISL,900319
6448964,208,109,9663,2013,84624.0,0.0,1.869421,0.228109,SWE,ISL,900319
6448965,224,109,9663,2013,3455.0,0.0,0.42932299999999995,2.690235,TUR,ISL,900319
6448966,231,109,9663,2013,5359.0,0.0,1.6639689999999998,-0.48651300000000003,USA,ISL,900319
6448967,81,120,9663,2013,1569.0,0.0,1.7901259999999999,0.44164,GBR,KNA,900319
6448968,231,120,9663,2013,5664.0,0.0,1.6639689999999998,-0.48651300000000003,USA,KNA,900319
6448969,192,125,9663,2013,0.0,19587.0,1.915504,0.619576,SGP,LBR,900319
6448970,14,133,9663,2013,0.0,10125.0,-0.31145700000000004,-0.167628,AUS,MAC,900319
6448971,15,133,9663,2013,0.0,1624.0,1.7209240000000001,-0.286892,AUT,MAC,900319
6448972,43,133,9663,2013,155410.0,0.0,1.113767,1.477496,CHN,MAC,900319
6448973,61,133,9663,2013,65625.0,7714.0,2.093658,-3.4281980000000005,DEU,MAC,900319
6448974,64,133,9663,2013,72792.0,0.0,1.161835,1.1788450000000001,DNK,MAC,900319
6448975,77,133,9663,2013,2099.0,12435.0,1.520354,0.022874000000000002,FRA,MAC,900319
6448976,81,133,9663,2013,0.0,10787.0,1.7901259999999999,0.44164,GBR,MAC,900319
6448977,97,133,9663,2013,556066.0,224372.0,0.744383,1.923139,HKG,MAC,900319
6448978,114,133,9663,2013,9612.0,4841.0,2.3993130000000003,-0.564768,JPN,MAC,900319
6448979,121,133,9663,2013,14947.0,0.0,1.818383,0.75645,KOR,MAC,900319
6448980,162,133,9663,2013,0.0,6600.0,1.184107,1.249557,NLD,MAC,900319
6448981,179,133,9663,2013,0.0,1605.0,0.541454,2.5228610000000002,PRT,MAC,900319
6448982,231,133,9663,2013,64330.0,367802.0,1.6639689999999998,-0.48651300000000003,USA,MAC,900319
6448983,7,134,9663,2013,4828.0,0.0,-0.074047,-0.585168,ARE,MAR,900319
6448984,15,134,9663,2013,100006.0,0.0,1.7209240000000001,-0.286892,AUT,MAR,900319
6448985,18,134,9663,2013,15319.0,0.0,1.316207,0.972601,BEL,MAR,900319
6448986,39,134,9663,2013,9786.0,0.0,0.719649,1.017046,CAN,MAR,900319
6448987,41,134,9663,2013,100775.0,0.0,2.2104470000000003,0.5403479999999999,CHE,MAR,900319
6448988,43,134,9663,2013,371793.0,0.0,1.113767,1.477496,CHN,MAR,900319
6448989,61,134,9663,2013,125967.0,0.0,2.093658,-3.4281980000000005,DEU,MAR,900319
6448990,64,134,9663,2013,74621.0,12584.0,1.161835,1.1788450000000001,DNK,MAR,900319
6448991,71,134,9663,2013,14376.0,0.0,0.861698,2.353993,ESP,MAR,900319
6448992,77,134,9663,2013,950840.0,0.0,1.520354,0.022874000000000002,FRA,MAR,900319
6448993,81,134,9663,2013,52445.0,0.0,1.7901259999999999,0.44164,GBR,MAR,900319
6448994,90,134,9663,2013,7885.0,0.0,0.18823800000000002,0.910906,GRC,MAR,900319
6448995,97,134,9663,2013,13842.0,0.0,0.744383,1.923139,HKG,MAR,900319
6448996,106,134,9663,2013,6963.0,0.0,1.29988,0.240688,IRL,MAR,900319
6448997,111,134,9663,2013,634301.0,55261.0,1.289924,0.533436,ITA,MAR,900319
6448998,114,134,9663,2013,36836.0,0.0,2.3993130000000003,-0.564768,JPN,MAR,900319
6448999,121,134,9663,2013,2072.0,0.0,1.818383,0.75645,KOR,MAR,900319
6449000,124,134,9663,2013,4072.0,0.0,0.283084,1.4289100000000001,LBN,MAR,900319
6449001,131,134,9663,2013,14951.0,0.0,1.170459,1.150327,LUX,MAR,900319
6449002,138,134,9663,2013,13441.0,0.0,1.048507,0.718932,MEX,MAR,900319
6449003,153,134,9663,2013,522233.0,0.0,0.937641,0.747496,MYS,MAR,900319
6449004,162,134,9663,2013,33613.0,0.0,1.184107,1.249557,NLD,MAR,900319
6449005,179,134,9663,2013,2026.0,10099.0,0.541454,2.5228610000000002,PRT,MAR,900319
6449006,224,134,9663,2013,6377.0,0.0,0.42932299999999995,2.690235,TUR,MAR,900319
6449007,231,134,9663,2013,47163.0,0.0,1.6639689999999998,-0.48651300000000003,USA,MAR,900319
6449008,43,136,9663,2013,19058.0,0.0,1.113767,1.477496,CHN,MDG,900319
6449009,61,136,9663,2013,21714.0,0.0,2.093658,-3.4281980000000005,DEU,MDG,900319
6449010,77,136,9663,2013,153242.0,0.0,1.520354,0.022874000000000002,FRA,MDG,900319
6449011,104,136,9663,2013,35301.0,0.0,0.215356,2.3916209999999998,IND,MDG,900319
6449012,111,136,9663,2013,11908.0,0.0,1.289924,0.533436,ITA,MDG,900319
6449013,151,136,9663,2013,2087.0,0.0,-0.158852,0.0061600000000000005,MUS,MDG,900319
6449014,250,136,9663,2013,1686.0,0.0,0.628555,0.277602,ANS,MDG,900319
6449015,7,142,9663,2013,0.0,521.0,-0.074047,-0.585168,ARE,MLT,900319
6449016,41,142,9663,2013,68093.0,160166.0,2.2104470000000003,0.5403479999999999,CHE,MLT,900319
6449017,43,142,9663,2013,1421.0,0.0,1.113767,1.477496,CHN,MLT,900319
6449018,58,142,9663,2013,53008.0,0.0,0.502238,0.349608,CYP,MLT,900319
6449019,61,142,9663,2013,34044.0,0.0,2.093658,-3.4281980000000005,DEU,MLT,900319
6449020,64,142,9663,2013,8591.0,1316.0,1.161835,1.1788450000000001,DNK,MLT,900319
6449021,77,142,9663,2013,14432.0,0.0,1.520354,0.022874000000000002,FRA,MLT,900319
6449022,81,142,9663,2013,3048.0,0.0,1.7901259999999999,0.44164,GBR,MLT,900319
6449023,97,142,9663,2013,1277.0,0.0,0.744383,1.923139,HKG,MLT,900319
6449024,111,142,9663,2013,729134.0,121955.0,1.289924,0.533436,ITA,MLT,900319
6449025,126,142,9663,2013,0.0,193445.0,-1.6241459999999999,-1.1817950000000002,LBY,MLT,900319
6449026,162,142,9663,2013,5534.0,0.0,1.184107,1.249557,NLD,MLT,900319
6449027,231,142,9663,2013,3048.0,0.0,1.6639689999999998,-0.48651300000000003,USA,MLT,900319
6449028,43,143,9663,2013,253200.0,0.0,1.113767,1.477496,CHN,MMR,900319
6449029,61,143,9663,2013,140744.0,0.0,2.093658,-3.4281980000000005,DEU,MMR,900319
6449030,77,143,9663,2013,48987.0,0.0,1.520354,0.022874000000000002,FRA,MMR,900319
6449031,97,143,9663,2013,86104.0,0.0,0.744383,1.923139,HKG,MMR,900319
6449032,111,143,9663,2013,334932.0,0.0,1.289924,0.533436,ITA,MMR,900319
6449033,114,143,9663,2013,45587.0,0.0,2.3993130000000003,-0.564768,JPN,MMR,900319
6449034,121,143,9663,2013,82055.0,0.0,1.818383,0.75645,KOR,MMR,900319
6449035,192,143,9663,2013,13093.0,0.0,1.915504,0.619576,SGP,MMR,900319
6449036,39,145,9663,2013,11090.0,0.0,0.719649,1.017046,CAN,MNG,900319
6449037,43,145,9663,2013,3961.0,0.0,1.113767,1.477496,CHN,MNG,900319
6449038,61,145,9663,2013,3519.0,0.0,2.093658,-3.4281980000000005,DEU,MNG,900319
6449039,97,145,9663,2013,16058.0,0.0,0.744383,1.923139,HKG,MNG,900319
6449040,114,145,9663,2013,3283.0,0.0,2.3993130000000003,-0.564768,JPN,MNG,900319
6449041,121,145,9663,2013,4601.0,0.0,1.818383,0.75645,KOR,MNG,900319
6449042,8,151,9663,2013,3812.0,0.0,0.20314300000000002,0.494062,ARG,MUS,900319
6449043,15,151,9663,2013,1928.0,0.0,1.7209240000000001,-0.286892,AUT,MUS,900319
6449044,39,151,9663,2013,810.0,0.0,0.719649,1.017046,CAN,MUS,900319
6449045,41,151,9663,2013,8035.0,0.0,2.2104470000000003,0.5403479999999999,CHE,MUS,900319
6449046,43,151,9663,2013,52536.0,0.0,1.113767,1.477496,CHN,MUS,900319
6449047,61,151,9663,2013,106866.0,0.0,2.093658,-3.4281980000000005,DEU,MUS,900319
6449048,64,151,9663,2013,21569.0,0.0,1.161835,1.1788450000000001,DNK,MUS,900319
6449049,71,151,9663,2013,1412.0,0.0,0.861698,2.353993,ESP,MUS,900319
6449050,77,151,9663,2013,123262.0,4993.0,1.520354,0.022874000000000002,FRA,MUS,900319
6449051,81,151,9663,2013,20092.0,0.0,1.7901259999999999,0.44164,GBR,MUS,900319
6449052,97,151,9663,2013,13910.0,0.0,0.744383,1.923139,HKG,MUS,900319
6449053,104,151,9663,2013,45896.0,2431.0,0.215356,2.3916209999999998,IND,MUS,900319
6449054,111,151,9663,2013,54521.0,0.0,1.289924,0.533436,ITA,MUS,900319
6449055,114,151,9663,2013,47611.0,0.0,2.3993130000000003,-0.564768,JPN,MUS,900319
6449056,121,151,9663,2013,5405.0,0.0,1.818383,0.75645,KOR,MUS,900319
6449057,136,151,9663,2013,0.0,2087.0,-1.068565,-0.364254,MDG,MUS,900319
6449058,147,151,9663,2013,0.0,2520.0,-1.326323,-1.050969,MOZ,MUS,900319
6449059,153,151,9663,2013,6137.0,0.0,0.937641,0.747496,MYS,MUS,900319
6449060,162,151,9663,2013,12365.0,0.0,1.184107,1.249557,NLD,MUS,900319
6449061,177,151,9663,2013,11960.0,0.0,1.084332,1.216749,POL,MUS,900319
6449062,179,151,9663,2013,2678.0,0.0,0.541454,2.5228610000000002,PRT,MUS,900319
6449063,187,151,9663,2013,0.0,1309.0,-0.490519,-0.48427700000000007,RWA,MUS,900319
6449064,192,151,9663,2013,20036.0,0.0,1.915504,0.619576,SGP,MUS,900319
6449065,211,151,9663,2013,0.0,1683.0,0.270999,-0.474095,SYC,MUS,900319
6449066,224,151,9663,2013,9499.0,0.0,0.42932299999999995,2.690235,TUR,MUS,900319
6449067,231,151,9663,2013,5138.0,0.0,1.6639689999999998,-0.48651300000000003,USA,MUS,900319
6449068,246,151,9663,2013,118498.0,23482.0,0.380284,1.5682120000000002,ZAF,MUS,900319
6449069,249,151,9663,2013,2529.0,0.0,1.843186,0.9432379999999999,TWN,MUS,900319
6449070,15,155,9663,2013,902.0,0.0,1.7209240000000001,-0.286892,AUT,NAM,900319
6449071,37,155,9663,2013,0.0,15460.0,-0.46761499999999995,-1.0842040000000002,BWA,NAM,900319
6449072,59,155,9663,2013,9619.0,0.0,1.819653,-0.12423800000000002,CZE,NAM,900319
6449073,61,155,9663,2013,57385.0,0.0,2.093658,-3.4281980000000005,DEU,NAM,900319
6449074,64,155,9663,2013,305.0,0.0,1.161835,1.1788450000000001,DNK,NAM,900319
6449075,71,155,9663,2013,14267.0,0.0,0.861698,2.353993,ESP,NAM,900319
6449076,77,155,9663,2013,3760.0,0.0,1.520354,0.022874000000000002,FRA,NAM,900319
6449077,81,155,9663,2013,1839.0,0.0,1.7901259999999999,0.44164,GBR,NAM,900319
6449078,90,155,9663,2013,992.0,0.0,0.18823800000000002,0.910906,GRC,NAM,900319
6449079,97,155,9663,2013,1417.0,0.0,0.744383,1.923139,HKG,NAM,900319
6449080,110,155,9663,2013,10383.0,0.0,1.197241,0.633828,ISR,NAM,900319
6449081,162,155,9663,2013,1075.0,0.0,1.184107,1.249557,NLD,NAM,900319
6449082,224,155,9663,2013,6519.0,0.0,0.42932299999999995,2.690235,TUR,NAM,900319
6449083,231,155,9663,2013,2685.0,0.0,1.6639689999999998,-0.48651300000000003,USA,NAM,900319
6449084,246,155,9663,2013,555317.0,31689.0,0.380284,1.5682120000000002,ZAF,NAM,900319
6449085,77,157,9663,2013,2866.0,0.0,1.520354,0.022874000000000002,FRA,NER,900319
6449086,15,160,9663,2013,71056.0,0.0,1.7209240000000001,-0.286892,AUT,NIC,900319
6449087,39,160,9663,2013,1462.0,0.0,0.719649,1.017046,CAN,NIC,900319
6449088,41,160,9663,2013,1740.0,0.0,2.2104470000000003,0.5403479999999999,CHE,NIC,900319
6449089,43,160,9663,2013,112854.0,0.0,1.113767,1.477496,CHN,NIC,900319
6449090,52,160,9663,2013,4419.0,0.0,0.067379,-0.688217,CRI,NIC,900319
6449091,61,160,9663,2013,1402.0,0.0,2.093658,-3.4281980000000005,DEU,NIC,900319
6449092,77,160,9663,2013,1144.0,0.0,1.520354,0.022874000000000002,FRA,NIC,900319
6449093,81,160,9663,2013,11755.0,0.0,1.7901259999999999,0.44164,GBR,NIC,900319
6449094,93,160,9663,2013,1302.0,0.0,-0.41466499999999995,0.774788,GTM,NIC,900319
6449095,111,160,9663,2013,11299.0,0.0,1.289924,0.533436,ITA,NIC,900319
6449096,121,160,9663,2013,2390.0,0.0,1.818383,0.75645,KOR,NIC,900319
6449097,162,160,9663,2013,1496.0,0.0,1.184107,1.249557,NLD,NIC,900319
6449098,169,160,9663,2013,182009.0,0.0,0.735637,1.161718,PAN,NIC,900319
6449099,231,160,9663,2013,368943.0,0.0,1.6639689999999998,-0.48651300000000003,USA,NIC,900319
6449100,43,178,9663,2013,47101.0,0.0,1.113767,1.477496,CHN,PRK,900319
6449101,68,178,9663,2013,0.0,46996.0,-0.17418,1.692641,EGY,PRK,900319
6449102,81,178,9663,2013,0.0,1553.0,1.7901259999999999,0.44164,GBR,PRK,900319
6449103,138,178,9663,2013,0.0,133657.0,1.048507,0.718932,MEX,PRK,900319
6449104,179,203,9663,2013,4353.0,0.0,0.541454,2.5228610000000002,PRT,STP,900319
6449105,97,209,9663,2013,10271.0,0.0,0.744383,1.923139,HKG,SWZ,900319
6449106,121,209,9663,2013,14248.0,0.0,1.818383,0.75645,KOR,SWZ,900319
6449107,231,209,9663,2013,2503.0,0.0,1.6639689999999998,-0.48651300000000003,USA,SWZ,900319
6449108,246,209,9663,2013,69984.0,0.0,0.380284,1.5682120000000002,ZAF,SWZ,900319
6449109,43,211,9663,2013,6293.0,0.0,1.113767,1.477496,CHN,SYC,900319
6449110,61,211,9663,2013,24770.0,0.0,2.093658,-3.4281980000000005,DEU,SYC,900319
6449111,64,211,9663,2013,10184.0,0.0,1.161835,1.1788450000000001,DNK,SYC,900319
6449112,77,211,9663,2013,10738.0,0.0,1.520354,0.022874000000000002,FRA,SYC,900319
6449113,111,211,9663,2013,4153.0,0.0,1.289924,0.533436,ITA,SYC,900319
6449114,151,211,9663,2013,1683.0,0.0,-0.158852,0.0061600000000000005,MUS,SYC,900319
6449115,246,211,9663,2013,9532.0,0.0,0.380284,1.5682120000000002,ZAF,SYC,900319
6449116,43,212,9663,2013,37903.0,0.0,1.113767,1.477496,CHN,SYR,900319
6449117,111,212,9663,2013,1854.0,0.0,1.289924,0.533436,ITA,SYR,900319
6449118,41,215,9663,2013,167124.0,0.0,2.2104470000000003,0.5403479999999999,CHE,TGO,900319
6449119,43,215,9663,2013,2461.0,0.0,1.113767,1.477496,CHN,TGO,900319
6449120,61,215,9663,2013,9957.0,0.0,2.093658,-3.4281980000000005,DEU,TGO,900319
6449121,77,215,9663,2013,32902.0,0.0,1.520354,0.022874000000000002,FRA,TGO,900319
6449122,206,215,9663,2013,5323.0,0.0,1.32064,0.7519819999999999,SVK,TGO,900319
6449123,231,215,9663,2013,4988.0,0.0,1.6639689999999998,-0.48651300000000003,USA,TGO,900319
6449124,15,223,9663,2013,48851.0,0.0,1.7209240000000001,-0.286892,AUT,TUN,900319
6449125,18,223,9663,2013,23990.0,0.0,1.316207,0.972601,BEL,TUN,900319
6449126,21,223,9663,2013,0.0,7794.0,-0.9110360000000001,-0.852492,BFA,TUN,900319
6449127,41,223,9663,2013,113026.0,0.0,2.2104470000000003,0.5403479999999999,CHE,TUN,900319
6449128,43,223,9663,2013,324782.0,0.0,1.113767,1.477496,CHN,TUN,900319
6449129,59,223,9663,2013,24870.0,0.0,1.819653,-0.12423800000000002,CZE,TUN,900319
6449130,61,223,9663,2013,94225.0,0.0,2.093658,-3.4281980000000005,DEU,TUN,900319
6449131,64,223,9663,2013,1658.0,0.0,1.161835,1.1788450000000001,DNK,TUN,900319
6449132,71,223,9663,2013,2308.0,0.0,0.861698,2.353993,ESP,TUN,900319
6449133,77,223,9663,2013,728847.0,0.0,1.520354,0.022874000000000002,FRA,TUN,900319
6449134,81,223,9663,2013,9596.0,0.0,1.7901259999999999,0.44164,GBR,TUN,900319
6449135,90,223,9663,2013,12959.0,0.0,0.18823800000000002,0.910906,GRC,TUN,900319
6449136,97,223,9663,2013,26268.0,0.0,0.744383,1.923139,HKG,TUN,900319
6449137,111,223,9663,2013,1259728.0,2213.0,1.289924,0.533436,ITA,TUN,900319
6449138,114,223,9663,2013,3627.0,0.0,2.3993130000000003,-0.564768,JPN,TUN,900319
6449139,124,223,9663,2013,1443.0,0.0,0.283084,1.4289100000000001,LBN,TUN,900319
6449140,126,223,9663,2013,0.0,7393.0,-1.6241459999999999,-1.1817950000000002,LBY,TUN,900319
6449141,141,223,9663,2013,0.0,1509.0,-1.183671,-1.069504,MLI,TUN,900319
6449142,162,223,9663,2013,11714.0,0.0,1.184107,1.249557,NLD,TUN,900319
6449143,177,223,9663,2013,21577.0,0.0,1.084332,1.216749,POL,TUN,900319
6449144,179,223,9663,2013,13723.0,0.0,0.541454,2.5228610000000002,PRT,TUN,900319
6449145,206,223,9663,2013,4619.0,0.0,1.32064,0.7519819999999999,SVK,TUN,900319
6449146,224,223,9663,2013,25051.0,0.0,0.42932299999999995,2.690235,TUR,TUN,900319
6449147,231,223,9663,2013,8308.0,0.0,1.6639689999999998,-0.48651300000000003,USA,TUN,900319
6449148,250,223,9663,2013,0.0,14680.0,0.628555,0.277602,ANS,TUN,900319
6449149,7,226,9663,2013,2406.0,0.0,-0.074047,-0.585168,ARE,TZA,900319
6449150,43,226,9663,2013,1687.0,0.0,1.113767,1.477496,CHN,TZA,900319
6449151,81,226,9663,2013,18341.0,0.0,1.7901259999999999,0.44164,GBR,TZA,900319
6449152,97,226,9663,2013,27464.0,0.0,0.744383,1.923139,HKG,TZA,900319
6449153,104,226,9663,2013,1858.0,0.0,0.215356,2.3916209999999998,IND,TZA,900319
6449154,246,226,9663,2013,2165.0,0.0,0.380284,1.5682120000000002,ZAF,TZA,900319
6449155,7,227,9663,2013,2585.0,0.0,-0.074047,-0.585168,ARE,UGA,900319
6449156,39,227,9663,2013,1175.0,0.0,0.719649,1.017046,CAN,UGA,900319
6449157,43,227,9663,2013,2375.0,0.0,1.113767,1.477496,CHN,UGA,900319
6449158,61,227,9663,2013,46302.0,0.0,2.093658,-3.4281980000000005,DEU,UGA,900319
6449159,64,227,9663,2013,3529.0,0.0,1.161835,1.1788450000000001,DNK,UGA,900319
6449160,81,227,9663,2013,10861.0,0.0,1.7901259999999999,0.44164,GBR,UGA,900319
6449161,97,227,9663,2013,6680.0,0.0,0.744383,1.923139,HKG,UGA,900319
6449162,162,227,9663,2013,293595.0,0.0,1.184107,1.249557,NLD,UGA,900319
6449163,246,227,9663,2013,2434.0,0.0,0.380284,1.5682120000000002,ZAF,UGA,900319
6449164,64,237,9663,2013,3048.0,0.0,1.161835,1.1788450000000001,DNK,VGB,900319
6449165,7,247,9663,2013,1497.0,0.0,-0.074047,-0.585168,ARE,ZMB,900319
6449166,77,247,9663,2013,6761.0,0.0,1.520354,0.022874000000000002,FRA,ZMB,900319
6449167,81,247,9663,2013,1660.0,0.0,1.7901259999999999,0.44164,GBR,ZMB,900319
6449168,97,247,9663,2013,13375.0,0.0,0.744383,1.923139,HKG,ZMB,900319
6449169,104,247,9663,2013,2295.0,0.0,0.215356,2.3916209999999998,IND,ZMB,900319
6449170,106,247,9663,2013,2852.0,0.0,1.29988,0.240688,IRL,ZMB,900319
6449171,111,247,9663,2013,1393.0,0.0,1.289924,0.533436,ITA,ZMB,900319
6449172,121,247,9663,2013,39577.0,0.0,1.818383,0.75645,KOR,ZMB,900319
6449173,246,247,9663,2013,29740.0,0.0,0.380284,1.5682120000000002,ZAF,ZMB,900319
6449174,39,13,9663,2013,6357.0,0.0,0.719649,1.017046,CAN,ATG,900319
6449175,43,13,9663,2013,8553.0,0.0,1.113767,1.477496,CHN,ATG,900319
6449176,112,13,9663,2013,1946.0,0.0,-0.541441,-0.8448559999999999,JAM,ATG,900319
6449177,208,13,9663,2013,3827.0,0.0,1.869421,0.228109,SWE,ATG,900319
6449178,231,13,9663,2013,16210.0,0.0,1.6639689999999998,-0.48651300000000003,USA,ATG,900319
6449179,39,127,9663,2013,6629.0,0.0,0.719649,1.017046,CAN,LCA,900319
6449180,43,127,9663,2013,3288.0,0.0,1.113767,1.477496,CHN,LCA,900319
6449181,77,127,9663,2013,5149.0,0.0,1.520354,0.022874000000000002,FRA,LCA,900319
6449182,81,127,9663,2013,1187.0,0.0,1.7901259999999999,0.44164,GBR,LCA,900319
6449183,104,127,9663,2013,888.0,0.0,0.215356,2.3916209999999998,IND,LCA,900319
6449184,222,127,9663,2013,2128.0,0.0,-0.280641,-1.083332,TTO,LCA,900319
6449185,231,127,9663,2013,10088.0,0.0,1.6639689999999998,-0.48651300000000003,USA,LCA,900319
6449186,7,2,9663,2013,5921.0,0.0,-0.074047,-0.585168,ARE,AGO,900319
6449187,43,2,9663,2013,63041.0,0.0,1.113767,1.477496,CHN,AGO,900319
6449188,61,2,9663,2013,3638.0,0.0,2.093658,-3.4281980000000005,DEU,AGO,900319
6449189,71,2,9663,2013,24111.0,0.0,0.861698,2.353993,ESP,AGO,900319
6449190,77,2,9663,2013,68804.0,0.0,1.520354,0.022874000000000002,FRA,AGO,900319
6449191,97,2,9663,2013,82134.0,0.0,0.744383,1.923139,HKG,AGO,900319
6449192,104,2,9663,2013,3673.0,0.0,0.215356,2.3916209999999998,IND,AGO,900319
6449193,111,2,9663,2013,14146.0,0.0,1.289924,0.533436,ITA,AGO,900319
6449194,162,2,9663,2013,6795.0,0.0,1.184107,1.249557,NLD,AGO,900319
6449195,179,2,9663,2013,1756789.0,0.0,0.541454,2.5228610000000002,PRT,AGO,900319
6449196,224,2,9663,2013,2007.0,0.0,0.42932299999999995,2.690235,TUR,AGO,900319
6449197,231,2,9663,2013,1982.0,0.0,1.6639689999999998,-0.48651300000000003,USA,AGO,900319
6449198,246,2,9663,2013,27571.0,0.0,0.380284,1.5682120000000002,ZAF,AGO,900319
6449199,43,89,9663,2013,4951.0,0.0,1.113767,1.477496,CHN,GNQ,900319
6449200,71,89,9663,2013,122765.0,0.0,0.861698,2.353993,ESP,GNQ,900319
6449201,15,126,9663,2013,35795.0,0.0,1.7209240000000001,-0.286892,AUT,LBY,900319
6449202,43,126,9663,2013,43032.0,0.0,1.113767,1.477496,CHN,LBY,900319
6449203,59,126,9663,2013,25075.0,0.0,1.819653,-0.12423800000000002,CZE,LBY,900319
6449204,61,126,9663,2013,56462.0,0.0,2.093658,-3.4281980000000005,DEU,LBY,900319
6449205,64,126,9663,2013,16359.0,0.0,1.161835,1.1788450000000001,DNK,LBY,900319
6449206,77,126,9663,2013,235233.0,0.0,1.520354,0.022874000000000002,FRA,LBY,900319
6449207,90,126,9663,2013,48245.0,0.0,0.18823800000000002,0.910906,GRC,LBY,900319
6449208,97,126,9663,2013,30547.0,0.0,0.744383,1.923139,HKG,LBY,900319
6449209,111,126,9663,2013,227381.0,0.0,1.289924,0.533436,ITA,LBY,900319
6449210,121,126,9663,2013,17769.0,0.0,1.818383,0.75645,KOR,LBY,900319
6449211,142,126,9663,2013,193445.0,0.0,0.8519760000000001,-0.075869,MLT,LBY,900319
6449212,162,126,9663,2013,33397.0,0.0,1.184107,1.249557,NLD,LBY,900319
6449213,223,126,9663,2013,7393.0,0.0,0.185528,1.0070700000000001,TUN,LBY,900319
6449214,224,126,9663,2013,9305.0,0.0,0.42932299999999995,2.690235,TUR,LBY,900319
6449215,231,126,9663,2013,16895.0,0.0,1.6639689999999998,-0.48651300000000003,USA,LBY,900319
6449216,14,141,9663,2013,0.0,2887.0,-0.31145700000000004,-0.167628,AUS,MLI,900319
6449217,77,141,9663,2013,6048.0,0.0,1.520354,0.022874000000000002,FRA,MLI,900319
6449218,223,141,9663,2013,1509.0,0.0,0.185528,1.0070700000000001,TUN,MLI,900319
6449219,26,144,9663,2013,14207.0,0.0,0.46743199999999996,0.7340800000000001,BIH,MNE,900319
6449220,43,144,9663,2013,37919.0,0.0,1.113767,1.477496,CHN,MNE,900319
6449221,100,144,9663,2013,24835.0,0.0,0.898284,1.038807,HRV,MNE,900319
6449222,102,144,9663,2013,10122.0,0.0,1.506101,0.7279220000000001,HUN,MNE,900319
6449223,111,144,9663,2013,1951.0,0.0,1.289924,0.533436,ITA,MNE,900319
6449224,177,144,9663,2013,2667.0,0.0,1.084332,1.216749,POL,MNE,900319
6449225,201,144,9663,2013,68529.0,0.0,0.5717720000000001,1.174901,SRB,MNE,900319
6449226,207,144,9663,2013,20912.0,0.0,1.698374,0.563082,SVN,MNE,900319
6449227,231,213,9663,2013,2677.0,0.0,1.6639689999999998,-0.48651300000000003,USA,TCA,900319
6449228,111,217,9663,2013,0.0,2709.0,1.289924,0.533436,ITA,TJK,900319
6449229,15,0,9663,2013,13966.0,0.0,1.7209240000000001,-0.286892,AUT,ABW,900319
6449230,61,0,9663,2013,3265.0,0.0,2.093658,-3.4281980000000005,DEU,ABW,900319
6449231,111,0,9663,2013,6199.0,0.0,1.289924,0.533436,ITA,ABW,900319
6449232,162,0,9663,2013,5751.0,0.0,1.184107,1.249557,NLD,ABW,900319
6449233,169,0,9663,2013,3151.0,0.0,0.735637,1.161718,PAN,ABW,900319
6449234,231,0,9663,2013,262512.0,0.0,1.6639689999999998,-0.48651300000000003,USA,ABW,900319
6449235,250,0,9663,2013,19671.0,0.0,0.628555,0.277602,ANS,ABW,900319
6449236,7,1,9663,2013,58581.0,0.0,-0.074047,-0.585168,ARE,AFG,900319
6449237,77,1,9663,2013,2043.0,0.0,1.520354,0.022874000000000002,FRA,AFG,900319
6449238,7,17,9663,2013,1460.0,0.0,-0.074047,-0.585168,ARE,BDI,900319
6449239,104,17,9663,2013,1404.0,0.0,0.215356,2.3916209999999998,IND,BDI,900319
6449240,77,63,9663,2013,0.0,30119.0,1.520354,0.022874000000000002,FRA,DMA,900319
6449241,231,63,9663,2013,8911.0,0.0,1.6639689999999998,-0.48651300000000003,USA,DMA,900319
6449242,14,75,9663,2013,29270.0,0.0,-0.31145700000000004,-0.167628,AUS,FJI,900319
6449243,15,75,9663,2013,884.0,0.0,1.7209240000000001,-0.286892,AUT,FJI,900319
6449244,39,75,9663,2013,1996.0,0.0,0.719649,1.017046,CAN,FJI,900319
6449245,43,75,9663,2013,4172.0,0.0,1.113767,1.477496,CHN,FJI,900319
6449246,77,75,9663,2013,2598.0,0.0,1.520354,0.022874000000000002,FRA,FJI,900319
6449247,81,75,9663,2013,5282.0,0.0,1.7901259999999999,0.44164,GBR,FJI,900319
6449248,97,75,9663,2013,865.0,0.0,0.744383,1.923139,HKG,FJI,900319
6449249,166,75,9663,2013,11096.0,0.0,0.3345,0.39063000000000003,NZL,FJI,900319
6449250,176,75,9663,2013,0.0,3618.0,-1.444244,-1.144231,PNG,FJI,900319
6449251,231,75,9663,2013,2821.0,0.0,1.6639689999999998,-0.48651300000000003,USA,FJI,900319
6449252,15,78,9663,2013,16006.0,0.0,1.7209240000000001,-0.286892,AUT,FRO,900319
6449253,61,78,9663,2013,16882.0,0.0,2.093658,-3.4281980000000005,DEU,FRO,900319
6449254,64,78,9663,2013,64918.0,0.0,1.161835,1.1788450000000001,DNK,FRO,900319
6449255,77,78,9663,2013,8494.0,0.0,1.520354,0.022874000000000002,FRA,FRO,900319
6449256,208,78,9663,2013,8018.0,0.0,1.869421,0.228109,SWE,FRO,900319
6449257,43,87,9663,2013,4015.0,0.0,1.113767,1.477496,CHN,GMB,900319
6449258,81,87,9663,2013,1821.0,0.0,1.7901259999999999,0.44164,GBR,GMB,900319
6449259,15,101,9663,2013,10454.0,0.0,1.7209240000000001,-0.286892,AUT,HTI,900319
6449260,77,101,9663,2013,51939.0,0.0,1.520354,0.022874000000000002,FRA,HTI,900319
6449261,169,101,9663,2013,81420.0,0.0,0.735637,1.161718,PAN,HTI,900319
6449262,231,101,9663,2013,32524.0,0.0,1.6639689999999998,-0.48651300000000003,USA,HTI,900319
6449263,77,123,9663,2013,28162.0,0.0,1.520354,0.022874000000000002,FRA,LAO,900319
6449264,97,123,9663,2013,1556.0,0.0,0.744383,1.923139,HKG,LAO,900319
6449265,246,129,9663,2013,56832.0,0.0,0.380284,1.5682120000000002,ZAF,LSO,900319
6449266,7,137,9663,2013,2828.0,0.0,-0.074047,-0.585168,ARE,MDV,900319
6449267,15,137,9663,2013,1212.0,0.0,1.7209240000000001,-0.286892,AUT,MDV,900319
6449268,77,137,9663,2013,24580.0,0.0,1.520354,0.022874000000000002,FRA,MDV,900319
6449269,81,137,9663,2013,13504.0,0.0,1.7901259999999999,0.44164,GBR,MDV,900319
6449270,97,137,9663,2013,13536.0,0.0,0.744383,1.923139,HKG,MDV,900319
6449271,104,137,9663,2013,10071.0,0.0,0.215356,2.3916209999999998,IND,MDV,900319
6449272,106,137,9663,2013,300.0,0.0,1.29988,0.240688,IRL,MDV,900319
6449273,111,137,9663,2013,2529.0,0.0,1.289924,0.533436,ITA,MDV,900319
6449274,128,137,9663,2013,4982.0,0.0,-0.6521779999999999,0.41258599999999995,LKA,MDV,900319
6449275,174,137,9663,2013,2941.0,0.0,0.507868,0.355403,PHL,MDV,900319
6449276,177,137,9663,2013,2332.0,0.0,1.084332,1.216749,POL,MDV,900319
6449277,192,137,9663,2013,6241.0,0.0,1.915504,0.619576,SGP,MDV,900319
6449278,246,137,9663,2013,8612.0,0.0,0.380284,1.5682120000000002,ZAF,MDV,900319
6449279,39,152,9663,2013,10867.0,0.0,0.719649,1.017046,CAN,MWI,900319
6449280,43,152,9663,2013,2650.0,0.0,1.113767,1.477496,CHN,MWI,900319
6449281,61,152,9663,2013,10361.0,0.0,2.093658,-3.4281980000000005,DEU,MWI,900319
6449282,64,152,9663,2013,274.0,0.0,1.161835,1.1788450000000001,DNK,MWI,900319
6449283,77,152,9663,2013,30441.0,0.0,1.520354,0.022874000000000002,FRA,MWI,900319
6449284,81,152,9663,2013,7536.0,0.0,1.7901259999999999,0.44164,GBR,MWI,900319
6449285,104,152,9663,2013,966.0,0.0,0.215356,2.3916209999999998,IND,MWI,900319
6449286,111,152,9663,2013,21091.0,0.0,1.289924,0.533436,ITA,MWI,900319
6449287,162,152,9663,2013,4039.0,0.0,1.184107,1.249557,NLD,MWI,900319
6449288,246,152,9663,2013,4823.0,0.0,0.380284,1.5682120000000002,ZAF,MWI,900319
6449289,14,156,9663,2013,1496.0,0.0,-0.31145700000000004,-0.167628,AUS,NCL,900319
6449290,15,156,9663,2013,699.0,0.0,1.7209240000000001,-0.286892,AUT,NCL,900319
6449291,43,156,9663,2013,4181.0,0.0,1.113767,1.477496,CHN,NCL,900319
6449292,61,156,9663,2013,39961.0,0.0,2.093658,-3.4281980000000005,DEU,NCL,900319
6449293,64,156,9663,2013,2601.0,0.0,1.161835,1.1788450000000001,DNK,NCL,900319
6449294,71,156,9663,2013,1893.0,0.0,0.861698,2.353993,ESP,NCL,900319
6449295,77,156,9663,2013,527353.0,0.0,1.520354,0.022874000000000002,FRA,NCL,900319
6449296,81,156,9663,2013,1346.0,0.0,1.7901259999999999,0.44164,GBR,NCL,900319
6449297,97,156,9663,2013,6256.0,0.0,0.744383,1.923139,HKG,NCL,900319
6449298,102,156,9663,2013,688.0,0.0,1.506101,0.7279220000000001,HUN,NCL,900319
6449299,111,156,9663,2013,2651.0,0.0,1.289924,0.533436,ITA,NCL,900319
6449300,114,156,9663,2013,590.0,0.0,2.3993130000000003,-0.564768,JPN,NCL,900319
6449301,162,156,9663,2013,8992.0,0.0,1.184107,1.249557,NLD,NCL,900319
6449302,179,156,9663,2013,1246.0,0.0,0.541454,2.5228610000000002,PRT,NCL,900319
6449303,231,156,9663,2013,5492.0,0.0,1.6639689999999998,-0.48651300000000003,USA,NCL,900319
6449304,14,176,9663,2013,10011.0,0.0,-0.31145700000000004,-0.167628,AUS,PNG,900319
6449305,43,176,9663,2013,5542.0,0.0,1.113767,1.477496,CHN,PNG,900319
6449306,75,176,9663,2013,3618.0,0.0,-0.5203369999999999,-0.122405,FJI,PNG,900319
6449307,97,176,9663,2013,81137.0,0.0,0.744383,1.923139,HKG,PNG,900319
6449308,14,182,9663,2013,3590.0,0.0,-0.31145700000000004,-0.167628,AUS,PYF,900319
6449309,15,182,9663,2013,878.0,0.0,1.7209240000000001,-0.286892,AUT,PYF,900319
6449310,43,182,9663,2013,31572.0,0.0,1.113767,1.477496,CHN,PYF,900319
6449311,77,182,9663,2013,199469.0,0.0,1.520354,0.022874000000000002,FRA,PYF,900319
6449312,81,182,9663,2013,744.0,0.0,1.7901259999999999,0.44164,GBR,PYF,900319
6449313,97,182,9663,2013,1652.0,0.0,0.744383,1.923139,HKG,PYF,900319
6449314,111,182,9663,2013,26850.0,0.0,1.289924,0.533436,ITA,PYF,900319
6449315,114,182,9663,2013,4112.0,0.0,2.3993130000000003,-0.564768,JPN,PYF,900319
6449316,192,182,9663,2013,3513.0,0.0,1.915504,0.619576,SGP,PYF,900319
6449317,231,182,9663,2013,3187.0,0.0,1.6639689999999998,-0.48651300000000003,USA,PYF,900319
6449318,7,187,9663,2013,1156.0,0.0,-0.074047,-0.585168,ARE,RWA,900319
6449319,18,187,9663,2013,1480.0,0.0,1.316207,0.972601,BEL,RWA,900319
6449320,43,187,9663,2013,7941.0,0.0,1.113767,1.477496,CHN,RWA,900319
6449321,104,187,9663,2013,8163.0,0.0,0.215356,2.3916209999999998,IND,RWA,900319
6449322,151,187,9663,2013,1309.0,0.0,-0.158852,0.0061600000000000005,MUS,RWA,900319
6449323,246,187,9663,2013,18379.0,0.0,0.380284,1.5682120000000002,ZAF,RWA,900319
6449324,246,196,9663,2013,2789.0,0.0,0.380284,1.5682120000000002,ZAF,SLE,900319
6449325,15,219,9663,2013,1149.0,0.0,1.7209240000000001,-0.286892,AUT,TKM,900319
6449326,41,219,9663,2013,8457.0,0.0,2.2104470000000003,0.5403479999999999,CHE,TKM,900319
6449327,61,219,9663,2013,7218.0,0.0,2.093658,-3.4281980000000005,DEU,TKM,900319
6449328,111,232,9663,2013,8078.0,0.0,1.289924,0.533436,ITA,UZB,900319
6449329,224,232,9663,2013,1608.0,0.0,0.42932299999999995,2.690235,TUR,UZB,900319
6449330,77,240,9663,2013,1639.0,0.0,1.520354,0.022874000000000002,FRA,VUT,900319
6449331,33,91,9663,2013,1188.0,0.0,0.6969489999999999,0.135283,BRB,GRD,900319
6449332,39,91,9663,2013,4155.0,0.0,0.719649,1.017046,CAN,GRD,900319
6449333,231,91,9663,2013,52969.0,0.0,1.6639689999999998,-0.48651300000000003,USA,GRD,900319
6449334,15,92,9663,2013,6721.0,0.0,1.7209240000000001,-0.286892,AUT,GRL,900319
6449335,43,92,9663,2013,19.0,0.0,1.113767,1.477496,CHN,GRL,900319
6449336,64,92,9663,2013,52507.0,0.0,1.161835,1.1788450000000001,DNK,GRL,900319
6449337,77,92,9663,2013,2116.0,0.0,1.520354,0.022874000000000002,FRA,GRL,900319
6449338,208,92,9663,2013,32125.0,0.0,1.869421,0.228109,SWE,GRL,900319
6449339,166,242,9663,2013,1545.0,0.0,0.3345,0.39063000000000003,NZL,WSM,900319
6449340,166,48,9663,2013,1951.0,0.0,0.3345,0.39063000000000003,NZL,COK,900319
6449341,64,95,9663,2013,2057.0,0.0,1.161835,1.1788450000000001,DNK,GUM,900319
6449342,97,95,9663,2013,3913.0,0.0,0.744383,1.923139,HKG,GUM,900319
6449343,18,210,9663,2013,5161.0,0.0,1.316207,0.972601,BEL,SXM,900319
6449344,77,210,9663,2013,8381.0,0.0,1.520354,0.022874000000000002,FRA,SXM,900319
6449345,231,210,9663,2013,6471.0,0.0,1.6639689999999998,-0.48651300000000003,USA,SXM,900319
6449346,61,20,9663,2013,1274.0,0.0,2.093658,-3.4281980000000005,DEU,BES,900319
6449347,61,154,9663,2013,1453.0,0.0,2.093658,-3.4281980000000005,DEU,MYT,900319
6449348,77,154,9663,2013,13706.0,0.0,1.520354,0.022874000000000002,FRA,MYT,900319
6449349,111,154,9663,2013,2669.0,0.0,1.289924,0.533436,ITA,MYT,900319
6449350,1,7,9665,2013,0.0,711383.0,-0.985727,-0.7164550000000001,AFG,ARE,900410
6449351,2,7,9665,2013,0.0,4136.0,-1.172043,-1.133735,AGO,ARE,900410
6449352,8,7,9665,2013,3683.0,0.0,0.20314300000000002,0.494062,ARG,ARE,900410
6449353,14,7,9665,2013,2528.0,16675.0,-0.31145700000000004,-0.167628,AUS,ARE,900410
6449354,15,7,9665,2013,422626.0,10894.0,1.7209240000000001,-0.286892,AUT,ARE,900410
6449355,16,7,9665,2013,0.0,35440.0,-0.9232870000000001,-1.165928,AZE,ARE,900410
6449356,18,7,9665,2013,47266.0,0.0,1.316207,0.972601,BEL,ARE,900410
6449357,19,7,9665,2013,0.0,7187.0,-0.919968,-0.90691,BEN,ARE,900410
6449358,22,7,9665,2013,2352.0,0.0,-1.101916,-0.734646,BGD,ARE,900410
6449359,23,7,9665,2013,3157.0,0.0,0.5026109999999999,1.674296,BGR,ARE,900410
6449360,24,7,9665,2013,19806.0,647511.0,0.249681,-0.6204270000000001,BHR,ARE,900410
6449361,32,7,9665,2013,341720.0,0.0,0.14765899999999998,0.399262,BRA,ARE,900410
6449362,39,7,9665,2013,14211.0,1133.0,0.719649,1.017046,CAN,ARE,900410
6449363,41,7,9665,2013,6953422.0,550343.0,2.2104470000000003,0.5403479999999999,CHE,ARE,900410
6449364,43,7,9665,2013,16385991.0,0.0,1.113767,1.477496,CHN,ARE,900410
6449365,44,7,9665,2013,0.0,48108.0,-0.923558,-0.866642,CIV,ARE,900410
6449366,45,7,9665,2013,0.0,2147.0,-0.901531,-1.027111,CMR,ARE,900410
6449367,47,7,9665,2013,0.0,1477.0,-1.215681,-1.08679,COG,ARE,900410
6449368,50,7,9665,2013,0.0,2297.0,-0.326422,-0.6956640000000001,COM,ARE,900410
6449369,58,7,9665,2013,217707.0,0.0,0.502238,0.349608,CYP,ARE,900410
6449370,59,7,9665,2013,116904.0,0.0,1.819653,-0.12423800000000002,CZE,ARE,900410
6449371,61,7,9665,2013,2527206.0,11114.0,2.093658,-3.4281980000000005,DEU,ARE,900410
6449372,62,7,9665,2013,0.0,9883.0,-0.412843,-0.695916,DJI,ARE,900410
6449373,64,7,9665,2013,9181.0,0.0,1.161835,1.1788450000000001,DNK,ARE,900410
6449374,68,7,9665,2013,0.0,112134.0,-0.17418,1.692641,EGY,ARE,900410
6449375,71,7,9665,2013,94463.0,1899.0,0.861698,2.353993,ESP,ARE,900410
6449376,73,7,9665,2013,0.0,4362.0,-1.264002,-0.9594219999999999,ETH,ARE,900410
6449377,77,7,9665,2013,5372571.0,48829.0,1.520354,0.022874000000000002,FRA,ARE,900410
6449378,81,7,9665,2013,2551771.0,10933.0,1.7901259999999999,0.44164,GBR,ARE,900410
6449379,82,7,9665,2013,0.0,31575.0,-0.160691,-0.393419,GEO,ARE,900410
6449380,83,7,9665,2013,0.0,6232.0,-0.7316010000000001,-0.5327689999999999,GHA,ARE,900410
6449381,85,7,9665,2013,0.0,3926.0,-1.1287459999999998,-1.069735,GIN,ARE,900410
6449382,90,7,9665,2013,15269.0,0.0,0.18823800000000002,0.910906,GRC,ARE,900410
6449383,97,7,9665,2013,678882.0,77674.0,0.744383,1.923139,HKG,ARE,900410
6449384,100,7,9665,2013,9329.0,0.0,0.898284,1.038807,HRV,ARE,900410
6449385,104,7,9665,2013,16780.0,88880.0,0.215356,2.3916209999999998,IND,ARE,900410
6449386,106,7,9665,2013,45707.0,0.0,1.29988,0.240688,IRL,ARE,900410
6449387,107,7,9665,2013,21068.0,1770897.0,-0.339172,-0.237114,IRN,ARE,900410
6449388,108,7,9665,2013,0.0,627989.0,-2.839079,-0.8705440000000001,IRQ,ARE,900410
6449389,111,7,9665,2013,62550848.0,958395.0,1.289924,0.533436,ITA,ARE,900410
6449390,113,7,9665,2013,7625.0,127976.0,0.152659,0.5889979999999999,JOR,ARE,900410
6449391,114,7,9665,2013,481835.0,60146.0,2.3993130000000003,-0.564768,JPN,ARE,900410
6449392,116,7,9665,2013,0.0,6872.0,-0.448112,0.8672719999999999,KEN,ARE,900410
6449393,118,7,9665,2013,3288.0,0.0,-1.054758,-0.872352,KHM,ARE,900410
6449394,121,7,9665,2013,51408.0,117246.0,1.818383,0.75645,KOR,ARE,900410
6449395,122,7,9665,2013,39549.0,533466.0,-0.536384,-1.08382,KWT,ARE,900410
6449396,124,7,9665,2013,66120.0,32193.0,0.283084,1.4289100000000001,LBN,ARE,900410
6449397,125,7,9665,2013,0.0,2230.0,-0.41869399999999996,-0.9538770000000001,LBR,ARE,900410
6449398,126,7,9665,2013,0.0,83242.0,-1.6241459999999999,-1.1817950000000002,LBY,ARE,900410
6449399,128,7,9665,2013,0.0,7045.0,-0.6521779999999999,0.41258599999999995,LKA,ARE,900410
6449400,131,7,9665,2013,29196.0,0.0,1.170459,1.150327,LUX,ARE,900410
6449401,137,7,9665,2013,0.0,1331.0,-0.21889699999999998,-0.776392,MDV,ARE,900410
6449402,141,7,9665,2013,0.0,12807.0,-1.183671,-1.069504,MLI,ARE,900410
6449403,147,7,9665,2013,3251.0,14337.0,-1.326323,-1.050969,MOZ,ARE,900410
6449404,151,7,9665,2013,0.0,14754.0,-0.158852,0.0061600000000000005,MUS,ARE,900410
6449405,152,7,9665,2013,0.0,475.0,-0.8992120000000001,-0.862175,MWI,ARE,900410
6449406,153,7,9665,2013,19786.0,4012.0,0.937641,0.747496,MYS,ARE,900410
6449407,155,7,9665,2013,2161.0,0.0,-0.308643,-0.480617,NAM,ARE,900410
6449408,162,7,9665,2013,615543.0,8817.0,1.184107,1.249557,NLD,ARE,900410
6449409,164,7,9665,2013,0.0,12629.0,-0.293669,0.677365,NPL,ARE,900410
6449410,166,7,9665,2013,8486.0,8911.0,0.3345,0.39063000000000003,NZL,ARE,900410
6449411,167,7,9665,2013,0.0,507208.0,-0.604175,-1.0463209999999998,OMN,ARE,900410
6449412,168,7,9665,2013,0.0,26693.0,-0.75727,0.769703,PAK,ARE,900410
6449413,177,7,9665,2013,8037.0,0.0,1.084332,1.216749,POL,ARE,900410
6449414,179,7,9665,2013,18722.0,0.0,0.541454,2.5228610000000002,PRT,ARE,900410
6449415,183,7,9665,2013,0.0,493288.0,-0.083649,-1.013491,QAT,ARE,900410
6449416,185,7,9665,2013,2311.0,0.0,0.792035,1.225034,ROU,ARE,900410
6449417,186,7,9665,2013,18997.0,2013.0,0.481166,-0.180052,RUS,ARE,900410
6449418,187,7,9665,2013,940.0,15501.0,-0.490519,-0.48427700000000007,RWA,ARE,900410
6449419,188,7,9665,2013,0.0,520941.0,0.626347,-0.844406,SAU,ARE,900410
6449420,190,7,9665,2013,0.0,22564.0,-1.254944,-1.073564,SDN,ARE,900410
6449421,191,7,9665,2013,0.0,4148.0,-0.523662,-0.309101,SEN,ARE,900410
6449422,192,7,9665,2013,94931.0,3901.0,1.915504,0.619576,SGP,ARE,900410
6449423,201,7,9665,2013,0.0,5692.0,0.5717720000000001,1.174901,SRB,ARE,900410
6449424,206,7,9665,2013,93939.0,0.0,1.32064,0.7519819999999999,SVK,ARE,900410
6449425,207,7,9665,2013,146533.0,0.0,1.698374,0.563082,SVN,ARE,900410
6449426,208,7,9665,2013,1949.0,2086.0,1.869421,0.228109,SWE,ARE,900410
6449427,211,7,9665,2013,0.0,995.0,0.270999,-0.474095,SYC,ARE,900410
6449428,212,7,9665,2013,0.0,62876.0,-0.14343399999999998,1.077256,SYR,ARE,900410
6449429,216,7,9665,2013,3146.0,0.0,0.8752139999999999,1.3798620000000001,THA,ARE,900410
6449430,219,7,9665,2013,1075.0,2262.0,-1.6186770000000001,-1.2210969999999999,TKM,ARE,900410
6449431,223,7,9665,2013,843.0,0.0,0.185528,1.0070700000000001,TUN,ARE,900410
6449432,224,7,9665,2013,105270.0,52802.0,0.42932299999999995,2.690235,TUR,ARE,900410
6449433,226,7,9665,2013,0.0,72696.0,-0.9306770000000001,0.273489,TZA,ARE,900410
6449434,227,7,9665,2013,1074.0,20856.0,-0.5462279999999999,0.200682,UGA,ARE,900410
6449435,231,7,9665,2013,4851077.0,23798.0,1.6639689999999998,-0.48651300000000003,USA,ARE,900410
6449436,239,7,9665,2013,4063.0,1554.0,-0.11426900000000001,1.399738,VNM,ARE,900410
6449437,243,7,9665,2013,0.0,10897.0,-1.252605,-1.207324,YEM,ARE,900410
6449438,246,7,9665,2013,10613.0,2056.0,0.380284,1.5682120000000002,ZAF,ARE,900410
6449439,247,7,9665,2013,61124.0,10054.0,-0.382129,-0.5442229999999999,ZMB,ARE,900410
6449440,248,7,9665,2013,0.0,7515.0,-0.828702,-0.899175,ZWE,ARE,900410
6449441,249,7,9665,2013,310441.0,0.0,1.843186,0.9432379999999999,TWN,ARE,900410
6449442,250,7,9665,2013,0.0,931414.0,0.628555,0.277602,ANS,ARE,900410
6449443,7,8,9665,2013,0.0,3683.0,-0.074047,-0.585168,ARE,ARG,900410
6449444,15,8,9665,2013,32868.0,0.0,1.7209240000000001,-0.286892,AUT,ARG,900410
6449445,31,8,9665,2013,18425.0,0.0,-1.039614,-0.95663,BOL,ARG,900410
6449446,32,8,9665,2013,130972.0,892215.0,0.14765899999999998,0.399262,BRA,ARG,900410
6449447,42,8,9665,2013,987.0,160929.0,-0.260718,-0.38256100000000004,CHL,ARG,900410
6449448,43,8,9665,2013,1496900.0,0.0,1.113767,1.477496,CHN,ARG,900410
6449449,49,8,9665,2013,0.0,6213.0,0.121799,-0.388239,COL,ARG,900410
6449450,52,8,9665,2013,0.0,112701.0,0.067379,-0.688217,CRI,ARG,900410
6449451,61,8,9665,2013,46485.0,0.0,2.093658,-3.4281980000000005,DEU,ARG,900410
6449452,67,8,9665,2013,0.0,28992.0,-0.86546,-0.8888389999999999,ECU,ARG,900410
6449453,71,8,9665,2013,5454.0,0.0,0.861698,2.353993,ESP,ARG,900410
6449454,77,8,9665,2013,71051.0,0.0,1.520354,0.022874000000000002,FRA,ARG,900410
6449455,81,8,9665,2013,37686.0,0.0,1.7901259999999999,0.44164,GBR,ARG,900410
6449456,97,8,9665,2013,60788.0,0.0,0.744383,1.923139,HKG,ARG,900410
6449457,111,8,9665,2013,777346.0,0.0,1.289924,0.533436,ITA,ARG,900410
6449458,114,8,9665,2013,382429.0,0.0,2.3993130000000003,-0.564768,JPN,ARG,900410
6449459,121,8,9665,2013,10657.0,0.0,1.818383,0.75645,KOR,ARG,900410
6449460,137,8,9665,2013,0.0,3772.0,-0.21889699999999998,-0.776392,MDV,ARG,900410
6449461,151,8,9665,2013,21971.0,0.0,-0.158852,0.0061600000000000005,MUS,ARG,900410
6449462,153,8,9665,2013,92058.0,1438.0,0.937641,0.747496,MYS,ARG,900410
6449463,156,8,9665,2013,0.0,11685.0,-0.136052,-0.703913,NCL,ARG,900410
6449464,169,8,9665,2013,0.0,75874.0,0.735637,1.161718,PAN,ARG,900410
6449465,173,8,9665,2013,0.0,330380.0,-0.573852,0.357977,PER,ARG,900410
6449466,180,8,9665,2013,0.0,61193.0,-0.566239,-0.9273459999999999,PRY,ARG,900410
6449467,207,8,9665,2013,15279.0,0.0,1.698374,0.563082,SVN,ARG,900410
6449468,224,8,9665,2013,61588.0,0.0,0.42932299999999995,2.690235,TUR,ARG,900410
6449469,230,8,9665,2013,0.0,341720.0,0.20190999999999998,-0.19777999999999998,URY,ARG,900410
6449470,231,8,9665,2013,52236.0,2113.0,1.6639689999999998,-0.48651300000000003,USA,ARG,900410
6449471,249,8,9665,2013,1134174.0,0.0,1.843186,0.9432379999999999,TWN,ARG,900410
6449472,250,8,9665,2013,0.0,12595.0,0.628555,0.277602,ANS,ARG,900410
6449473,4,15,9665,2013,0.0,13812.0,-0.53682,-0.162391,ALB,AUT,900410
6449474,5,15,9665,2013,0.0,5891.0,0.9666530000000001,-0.159606,AND,AUT,900410
6449475,7,15,9665,2013,10894.0,422626.0,-0.074047,-0.585168,ARE,AUT,900410
6449476,8,15,9665,2013,0.0,32868.0,0.20314300000000002,0.494062,ARG,AUT,900410
6449477,9,15,9665,2013,0.0,10224.0,-0.076922,-0.5781390000000001,ARM,AUT,900410
6449478,14,15,9665,2013,11460.0,205928.0,-0.31145700000000004,-0.167628,AUS,AUT,900410
6449479,16,15,9665,2013,0.0,14926.0,-0.9232870000000001,-1.165928,AZE,AUT,900410
6449480,18,15,9665,2013,96065.0,1059618.0,1.316207,0.972601,BEL,AUT,900410
6449481,23,15,9665,2013,0.0,145993.0,0.5026109999999999,1.674296,BGR,AUT,900410
6449482,24,15,9665,2013,0.0,9348.0,0.249681,-0.6204270000000001,BHR,AUT,900410
6449483,26,15,9665,2013,0.0,6092.0,0.46743199999999996,0.7340800000000001,BIH,AUT,900410
6449484,28,15,9665,2013,0.0,24266.0,1.036923,0.864568,BLR,AUT,900410
6449485,31,15,9665,2013,0.0,13164.0,-1.039614,-0.95663,BOL,AUT,900410
6449486,32,15,9665,2013,0.0,4433.0,0.14765899999999998,0.399262,BRA,AUT,900410
6449487,39,15,9665,2013,22764.0,695220.0,0.719649,1.017046,CAN,AUT,900410
6449488,41,15,9665,2013,687055.0,2863425.0,2.2104470000000003,0.5403479999999999,CHE,AUT,900410
6449489,42,15,9665,2013,18376.0,280052.0,-0.260718,-0.38256100000000004,CHL,AUT,900410
6449490,43,15,9665,2013,1270593.0,66206.0,1.113767,1.477496,CHN,AUT,900410
6449491,49,15,9665,2013,0.0,10553.0,0.121799,-0.388239,COL,AUT,900410
6449492,52,15,9665,2013,0.0,11278.0,0.067379,-0.688217,CRI,AUT,900410
6449493,55,15,9665,2013,0.0,1108.0,0.029981999999999998,-0.673439,CUW,AUT,900410
6449494,57,15,9665,2013,0.0,7742.0,0.391996,-0.73249,CYM,AUT,900410
6449495,58,15,9665,2013,0.0,67053.0,0.502238,0.349608,CYP,AUT,900410
6449496,59,15,9665,2013,8471390.0,3505718.0,1.819653,-0.12423800000000002,CZE,AUT,900410
6449497,61,15,9665,2013,16264786.0,9888502.0,2.093658,-3.4281980000000005,DEU,AUT,900410
6449498,64,15,9665,2013,196595.0,349147.0,1.161835,1.1788450000000001,DNK,AUT,900410
6449499,67,15,9665,2013,0.0,184568.0,-0.86546,-0.8888389999999999,ECU,AUT,900410
6449500,68,15,9665,2013,0.0,15196.0,-0.17418,1.692641,EGY,AUT,900410
6449501,71,15,9665,2013,322782.0,974444.0,0.861698,2.353993,ESP,AUT,900410
6449502,72,15,9665,2013,0.0,29546.0,0.8828940000000001,1.386574,EST,AUT,900410
6449503,73,15,9665,2013,0.0,26897.0,-1.264002,-0.9594219999999999,ETH,AUT,900410
6449504,74,15,9665,2013,4282.0,378358.0,1.734552,0.8896940000000001,FIN,AUT,900410
6449505,77,15,9665,2013,4532821.0,3209973.0,1.520354,0.022874000000000002,FRA,AUT,900410
6449506,81,15,9665,2013,1519851.0,977915.0,1.7901259999999999,0.44164,GBR,AUT,900410
6449507,82,15,9665,2013,0.0,13047.0,-0.160691,-0.393419,GEO,AUT,900410
6449508,90,15,9665,2013,1406.0,214208.0,0.18823800000000002,0.910906,GRC,AUT,900410
6449509,92,15,9665,2013,0.0,871.0,-0.801617,-0.8734120000000001,GRL,AUT,900410
6449510,93,15,9665,2013,0.0,17654.0,-0.41466499999999995,0.774788,GTM,AUT,900410
6449511,97,15,9665,2013,1301014.0,1061406.0,0.744383,1.923139,HKG,AUT,900410
6449512,99,15,9665,2013,0.0,8954.0,-0.731431,-0.310927,HND,AUT,900410
6449513,100,15,9665,2013,2056.0,154386.0,0.898284,1.038807,HRV,AUT,900410
6449514,102,15,9665,2013,125045.0,189825.0,1.506101,0.7279220000000001,HUN,AUT,900410
6449515,103,15,9665,2013,11681.0,14723.0,-0.216854,1.415728,IDN,AUT,900410
6449516,104,15,9665,2013,9430.0,20924.0,0.215356,2.3916209999999998,IND,AUT,900410
6449517,106,15,9665,2013,27337.0,46336.0,1.29988,0.240688,IRL,AUT,900410
6449518,107,15,9665,2013,70020.0,35458.0,-0.339172,-0.237114,IRN,AUT,900410
6449519,109,15,9665,2013,0.0,8625.0,0.259374,-0.20413299999999998,ISL,AUT,900410
6449520,110,15,9665,2013,6780.0,49417.0,1.197241,0.633828,ISR,AUT,900410
6449521,111,15,9665,2013,15587334.0,2323481.0,1.289924,0.533436,ITA,AUT,900410
6449522,113,15,9665,2013,0.0,6526.0,0.152659,0.5889979999999999,JOR,AUT,900410
6449523,114,15,9665,2013,145872.0,1189820.0,2.3993130000000003,-0.564768,JPN,AUT,900410
6449524,115,15,9665,2013,0.0,6110.0,-0.680678,-0.83347,KAZ,AUT,900410
6449525,116,15,9665,2013,0.0,22956.0,-0.448112,0.8672719999999999,KEN,AUT,900410
6449526,121,15,9665,2013,289225.0,2040190.0,1.818383,0.75645,KOR,AUT,900410
6449527,122,15,9665,2013,0.0,28131.0,-0.536384,-1.08382,KWT,AUT,900410
6449528,124,15,9665,2013,0.0,38561.0,0.283084,1.4289100000000001,LBN,AUT,900410
6449529,126,15,9665,2013,0.0,6043.0,-1.6241459999999999,-1.1817950000000002,LBY,AUT,900410
6449530,128,15,9665,2013,0.0,11034.0,-0.6521779999999999,0.41258599999999995,LKA,AUT,900410
6449531,130,15,9665,2013,0.0,10633.0,0.737796,1.215543,LTU,AUT,900410
6449532,131,15,9665,2013,0.0,76802.0,1.170459,1.150327,LUX,AUT,900410
6449533,132,15,9665,2013,0.0,65784.0,0.6219439999999999,1.166749,LVA,AUT,900410
6449534,134,15,9665,2013,0.0,41303.0,-0.6494260000000001,-0.035075999999999996,MAR,AUT,900410
6449535,135,15,9665,2013,0.0,15058.0,-0.016235,0.132104,MDA,AUT,900410
6449536,137,15,9665,2013,0.0,39921.0,-0.21889699999999998,-0.776392,MDV,AUT,900410
6449537,138,15,9665,2013,3084.0,45235.0,1.048507,0.718932,MEX,AUT,900410
6449538,140,15,9665,2013,0.0,8108.0,-0.10859400000000001,0.155229,MKD,AUT,900410
6449539,142,15,9665,2013,0.0,6089.0,0.8519760000000001,-0.075869,MLT,AUT,900410
6449540,145,15,9665,2013,0.0,1211.0,-1.3270950000000001,-1.144547,MNG,AUT,900410
6449541,151,15,9665,2013,0.0,3465.0,-0.158852,0.0061600000000000005,MUS,AUT,900410
6449542,153,15,9665,2013,5720.0,959.0,0.937641,0.747496,MYS,AUT,900410
6449543,156,15,9665,2013,0.0,1148.0,-0.136052,-0.703913,NCL,AUT,900410
6449544,160,15,9665,2013,0.0,3990.0,-0.9277,-0.6842630000000001,NIC,AUT,900410
6449545,162,15,9665,2013,660800.0,888401.0,1.184107,1.249557,NLD,AUT,900410
6449546,163,15,9665,2013,6218.0,229263.0,0.892099,0.18168399999999998,NOR,AUT,900410
6449547,164,15,9665,2013,0.0,9993.0,-0.293669,0.677365,NPL,AUT,900410
6449548,166,15,9665,2013,1087.0,357742.0,0.3345,0.39063000000000003,NZL,AUT,900410
6449549,167,15,9665,2013,0.0,11148.0,-0.604175,-1.0463209999999998,OMN,AUT,900410
6449550,169,15,9665,2013,0.0,21120.0,0.735637,1.161718,PAN,AUT,900410
6449551,173,15,9665,2013,0.0,41132.0,-0.573852,0.357977,PER,AUT,900410
6449552,174,15,9665,2013,0.0,4882.0,0.507868,0.355403,PHL,AUT,900410
6449553,177,15,9665,2013,218942.0,224558.0,1.084332,1.216749,POL,AUT,900410
6449554,179,15,9665,2013,11120.0,127939.0,0.541454,2.5228610000000002,PRT,AUT,900410
6449555,180,15,9665,2013,0.0,117159.0,-0.566239,-0.9273459999999999,PRY,AUT,900410
6449556,182,15,9665,2013,0.0,1241.0,-0.146044,-0.7055359999999999,PYF,AUT,900410
6449557,183,15,9665,2013,7157.0,64215.0,-0.083649,-1.013491,QAT,AUT,900410
6449558,185,15,9665,2013,3625.0,220927.0,0.792035,1.225034,ROU,AUT,900410
6449559,186,15,9665,2013,89084.0,1402027.0,0.481166,-0.180052,RUS,AUT,900410
6449560,188,15,9665,2013,6031.0,81322.0,0.626347,-0.844406,SAU,AUT,900410
6449561,190,15,9665,2013,0.0,2704.0,-1.254944,-1.073564,SDN,AUT,900410
6449562,191,15,9665,2013,0.0,1306.0,-0.523662,-0.309101,SEN,AUT,900410
6449563,192,15,9665,2013,52479.0,385938.0,1.915504,0.619576,SGP,AUT,900410
6449564,197,15,9665,2013,0.0,1447.0,-0.021029,0.381522,SLV,AUT,900410
6449565,201,15,9665,2013,0.0,72782.0,0.5717720000000001,1.174901,SRB,AUT,900410
6449566,206,15,9665,2013,92964.0,239547.0,1.32064,0.7519819999999999,SVK,AUT,900410
6449567,207,15,9665,2013,23092.0,300628.0,1.698374,0.563082,SVN,AUT,900410
6449568,208,15,9665,2013,52223.0,493232.0,1.869421,0.228109,SWE,AUT,900410
6449569,216,15,9665,2013,41585.0,44762.0,0.8752139999999999,1.3798620000000001,THA,AUT,900410
6449570,219,15,9665,2013,0.0,7950.0,-1.6186770000000001,-1.2210969999999999,TKM,AUT,900410
6449571,223,15,9665,2013,6893.0,38567.0,0.185528,1.0070700000000001,TUN,AUT,900410
6449572,224,15,9665,2013,9252.0,260374.0,0.42932299999999995,2.690235,TUR,AUT,900410
6449573,227,15,9665,2013,0.0,1150.0,-0.5462279999999999,0.200682,UGA,AUT,900410
6449574,228,15,9665,2013,0.0,83933.0,0.657729,0.9063200000000001,UKR,AUT,900410
6449575,230,15,9665,2013,0.0,80436.0,0.20190999999999998,-0.19777999999999998,URY,AUT,900410
6449576,231,15,9665,2013,2417662.0,1317533.0,1.6639689999999998,-0.48651300000000003,USA,AUT,900410
6449577,232,15,9665,2013,78996.0,0.0,-0.748212,-0.567268,UZB,AUT,900410
6449578,236,15,9665,2013,0.0,17791.0,-0.778172,-1.107059,VEN,AUT,900410
6449579,239,15,9665,2013,7829.0,2408.0,-0.11426900000000001,1.399738,VNM,AUT,900410
6449580,246,15,9665,2013,42501.0,432531.0,0.380284,1.5682120000000002,ZAF,AUT,900410
6449581,249,15,9665,2013,447986.0,133836.0,1.843186,0.9432379999999999,TWN,AUT,900410
6449582,1,18,9665,2013,0.0,7716.0,-0.985727,-0.7164550000000001,AFG,BEL,900410
6449583,2,18,9665,2013,0.0,2366.0,-1.172043,-1.133735,AGO,BEL,900410
6449584,5,18,9665,2013,0.0,10044.0,0.9666530000000001,-0.159606,AND,BEL,900410
6449585,7,18,9665,2013,0.0,47266.0,-0.074047,-0.585168,ARE,BEL,900410
6449586,14,18,9665,2013,2582.0,39381.0,-0.31145700000000004,-0.167628,AUS,BEL,900410
6449587,15,18,9665,2013,1059618.0,96065.0,1.7209240000000001,-0.286892,AUT,BEL,900410
6449588,19,18,9665,2013,0.0,2154.0,-0.919968,-0.90691,BEN,BEL,900410
6449589,23,18,9665,2013,0.0,89577.0,0.5026109999999999,1.674296,BGR,BEL,900410
6449590,28,18,9665,2013,0.0,2576.0,1.036923,0.864568,BLR,BEL,900410
6449591,39,18,9665,2013,0.0,67279.0,0.719649,1.017046,CAN,BEL,900410
6449592,41,18,9665,2013,204223.0,149544.0,2.2104470000000003,0.5403479999999999,CHE,BEL,900410
6449593,42,18,9665,2013,0.0,10934.0,-0.260718,-0.38256100000000004,CHL,BEL,900410
6449594,43,18,9665,2013,7933820.0,3852.0,1.113767,1.477496,CHN,BEL,900410
6449595,44,18,9665,2013,0.0,4653.0,-0.923558,-0.866642,CIV,BEL,900410
6449596,47,18,9665,2013,0.0,6133.0,-1.215681,-1.08679,COG,BEL,900410
6449597,49,18,9665,2013,0.0,1092.0,0.121799,-0.388239,COL,BEL,900410
6449598,52,18,9665,2013,0.0,982.0,0.067379,-0.688217,CRI,BEL,900410
6449599,58,18,9665,2013,0.0,3319.0,0.502238,0.349608,CYP,BEL,900410
6449600,59,18,9665,2013,57433.0,26705.0,1.819653,-0.12423800000000002,CZE,BEL,900410
6449601,61,18,9665,2013,1560988.0,640734.0,2.093658,-3.4281980000000005,DEU,BEL,900410
6449602,64,18,9665,2013,280173.0,14483.0,1.161835,1.1788450000000001,DNK,BEL,900410
6449603,67,18,9665,2013,0.0,1252.0,-0.86546,-0.8888389999999999,ECU,BEL,900410
6449604,71,18,9665,2013,839218.0,519746.0,0.861698,2.353993,ESP,BEL,900410
6449605,72,18,9665,2013,0.0,2925.0,0.8828940000000001,1.386574,EST,BEL,900410
6449606,74,18,9665,2013,4899.0,16071.0,1.734552,0.8896940000000001,FIN,BEL,900410
6449607,77,18,9665,2013,7064828.0,5624460.0,1.520354,0.022874000000000002,FRA,BEL,900410
6449608,80,18,9665,2013,0.0,14463.0,-1.6582830000000002,-1.155302,GAB,BEL,900410
6449609,81,18,9665,2013,2300326.0,164976.0,1.7901259999999999,0.44164,GBR,BEL,900410
6449610,82,18,9665,2013,0.0,3515.0,-0.160691,-0.393419,GEO,BEL,900410
6449611,85,18,9665,2013,0.0,4420.0,-1.1287459999999998,-1.069735,GIN,BEL,900410
6449612,90,18,9665,2013,0.0,189571.0,0.18823800000000002,0.910906,GRC,BEL,900410
6449613,93,18,9665,2013,0.0,1178.0,-0.41466499999999995,0.774788,GTM,BEL,900410
6449614,97,18,9665,2013,153223.0,6844.0,0.744383,1.923139,HKG,BEL,900410
6449615,100,18,9665,2013,0.0,3356.0,0.898284,1.038807,HRV,BEL,900410
6449616,101,18,9665,2013,0.0,1219.0,-1.095392,-0.957326,HTI,BEL,900410
6449617,102,18,9665,2013,19008.0,9783.0,1.506101,0.7279220000000001,HUN,BEL,900410
6449618,103,18,9665,2013,0.0,868.0,-0.216854,1.415728,IDN,BEL,900410
6449619,104,18,9665,2013,0.0,4973.0,0.215356,2.3916209999999998,IND,BEL,900410
6449620,106,18,9665,2013,406782.0,5603.0,1.29988,0.240688,IRL,BEL,900410
6449621,109,18,9665,2013,0.0,1554.0,0.259374,-0.20413299999999998,ISL,BEL,900410
6449622,110,18,9665,2013,2042.0,60743.0,1.197241,0.633828,ISR,BEL,900410
6449623,111,18,9665,2013,16283792.0,920092.0,1.289924,0.533436,ITA,BEL,900410
6449624,114,18,9665,2013,42541.0,62438.0,2.3993130000000003,-0.564768,JPN,BEL,900410
6449625,121,18,9665,2013,0.0,18193.0,1.818383,0.75645,KOR,BEL,900410
6449626,122,18,9665,2013,0.0,2520.0,-0.536384,-1.08382,KWT,BEL,900410
6449627,124,18,9665,2013,0.0,14990.0,0.283084,1.4289100000000001,LBN,BEL,900410
6449628,125,18,9665,2013,0.0,1188.0,-0.41869399999999996,-0.9538770000000001,LBR,BEL,900410
6449629,130,18,9665,2013,0.0,3083.0,0.737796,1.215543,LTU,BEL,900410
6449630,131,18,9665,2013,84753.0,2171408.0,1.170459,1.150327,LUX,BEL,900410
6449631,132,18,9665,2013,0.0,2606.0,0.6219439999999999,1.166749,LVA,BEL,900410
6449632,134,18,9665,2013,0.0,63077.0,-0.6494260000000001,-0.035075999999999996,MAR,BEL,900410
6449633,142,18,9665,2013,0.0,2087.0,0.8519760000000001,-0.075869,MLT,BEL,900410
6449634,148,18,9665,2013,0.0,11519.0,-1.950532,-1.283104,MRT,BEL,900410
6449635,151,18,9665,2013,0.0,2985.0,-0.158852,0.0061600000000000005,MUS,BEL,900410
6449636,154,18,9665,2013,0.0,2939.0,0.9851690000000001,-0.504069,MYT,BEL,900410
6449637,162,18,9665,2013,15990925.0,5077508.0,1.184107,1.249557,NLD,BEL,900410
6449638,163,18,9665,2013,0.0,32485.0,0.892099,0.18168399999999998,NOR,BEL,900410
6449639,166,18,9665,2013,0.0,5717.0,0.3345,0.39063000000000003,NZL,BEL,900410
6449640,169,18,9665,2013,0.0,1476.0,0.735637,1.161718,PAN,BEL,900410
6449641,173,18,9665,2013,0.0,950.0,-0.573852,0.357977,PER,BEL,900410
6449642,177,18,9665,2013,45979.0,30164.0,1.084332,1.216749,POL,BEL,900410
6449643,179,18,9665,2013,15272.0,28516.0,0.541454,2.5228610000000002,PRT,BEL,900410
6449644,182,18,9665,2013,0.0,9632.0,-0.146044,-0.7055359999999999,PYF,BEL,900410
6449645,185,18,9665,2013,0.0,4606.0,0.792035,1.225034,ROU,BEL,900410
6449646,186,18,9665,2013,0.0,73171.0,0.481166,-0.180052,RUS,BEL,900410
6449647,192,18,9665,2013,25848.0,5761.0,1.915504,0.619576,SGP,BEL,900410
6449648,201,18,9665,2013,0.0,1510.0,0.5717720000000001,1.174901,SRB,BEL,900410
6449649,206,18,9665,2013,53188.0,4930.0,1.32064,0.7519819999999999,SVK,BEL,900410
6449650,207,18,9665,2013,0.0,8194.0,1.698374,0.563082,SVN,BEL,900410
6449651,208,18,9665,2013,61708.0,29528.0,1.869421,0.228109,SWE,BEL,900410
6449652,215,18,9665,2013,0.0,1089.0,-0.598413,-0.49295200000000006,TGO,BEL,900410
6449653,216,18,9665,2013,1090.0,10483.0,0.8752139999999999,1.3798620000000001,THA,BEL,900410
6449654,223,18,9665,2013,0.0,9862.0,0.185528,1.0070700000000001,TUN,BEL,900410
6449655,224,18,9665,2013,3953.0,20670.0,0.42932299999999995,2.690235,TUR,BEL,900410
6449656,231,18,9665,2013,126148.0,82135.0,1.6639689999999998,-0.48651300000000003,USA,BEL,900410
6449657,246,18,9665,2013,0.0,10192.0,0.380284,1.5682120000000002,ZAF,BEL,900410
6449658,249,18,9665,2013,840666.0,5839.0,1.843186,0.9432379999999999,TWN,BEL,900410
6449659,250,18,9665,2013,0.0,6771.0,0.628555,0.277602,ANS,BEL,900410
6449660,7,19,9665,2013,7187.0,0.0,-0.074047,-0.585168,ARE,BEN,900410
6449661,18,19,9665,2013,2154.0,0.0,1.316207,0.972601,BEL,BEN,900410
6449662,43,19,9665,2013,1294179.0,0.0,1.113767,1.477496,CHN,BEN,900410
6449663,77,19,9665,2013,1097.0,1268.0,1.520354,0.022874000000000002,FRA,BEN,900410
6449664,159,19,9665,2013,1986.0,0.0,-1.745783,-1.1356680000000001,NGA,BEN,900410
6449665,7,23,9665,2013,0.0,3157.0,-0.074047,-0.585168,ARE,BGR,900410
6449666,15,23,9665,2013,145993.0,0.0,1.7209240000000001,-0.286892,AUT,BGR,900410
6449667,18,23,9665,2013,89577.0,0.0,1.316207,0.972601,BEL,BGR,900410
6449668,32,23,9665,2013,0.0,5999.0,0.14765899999999998,0.399262,BRA,BGR,900410
6449669,39,23,9665,2013,1719.0,0.0,0.719649,1.017046,CAN,BGR,900410
6449670,41,23,9665,2013,8895.0,0.0,2.2104470000000003,0.5403479999999999,CHE,BGR,900410
6449671,43,23,9665,2013,381704.0,0.0,1.113767,1.477496,CHN,BGR,900410
6449672,58,23,9665,2013,8576.0,16609.0,0.502238,0.349608,CYP,BGR,900410
6449673,59,23,9665,2013,92565.0,0.0,1.819653,-0.12423800000000002,CZE,BGR,900410
6449674,61,23,9665,2013,400368.0,4312.0,2.093658,-3.4281980000000005,DEU,BGR,900410
6449675,64,23,9665,2013,114653.0,0.0,1.161835,1.1788450000000001,DNK,BGR,900410
6449676,71,23,9665,2013,37598.0,0.0,0.861698,2.353993,ESP,BGR,900410
6449677,74,23,9665,2013,2221.0,0.0,1.734552,0.8896940000000001,FIN,BGR,900410
6449678,77,23,9665,2013,339553.0,0.0,1.520354,0.022874000000000002,FRA,BGR,900410
6449679,81,23,9665,2013,544351.0,3906.0,1.7901259999999999,0.44164,GBR,BGR,900410
6449680,90,23,9665,2013,78212.0,13400.0,0.18823800000000002,0.910906,GRC,BGR,900410
6449681,97,23,9665,2013,39040.0,4734.0,0.744383,1.923139,HKG,BGR,900410
6449682,102,23,9665,2013,48724.0,0.0,1.506101,0.7279220000000001,HUN,BGR,900410
6449683,106,23,9665,2013,90516.0,0.0,1.29988,0.240688,IRL,BGR,900410
6449684,110,23,9665,2013,0.0,18831.0,1.197241,0.633828,ISR,BGR,900410
6449685,111,23,9665,2013,3856826.0,141012.0,1.289924,0.533436,ITA,BGR,900410
6449686,121,23,9665,2013,2571.0,0.0,1.818383,0.75645,KOR,BGR,900410
6449687,122,23,9665,2013,0.0,5156.0,-0.536384,-1.08382,KWT,BGR,900410
6449688,130,23,9665,2013,0.0,16439.0,0.737796,1.215543,LTU,BGR,900410
6449689,132,23,9665,2013,0.0,1459.0,0.6219439999999999,1.166749,LVA,BGR,900410
6449690,140,23,9665,2013,0.0,4370.0,-0.10859400000000001,0.155229,MKD,BGR,900410
6449691,144,23,9665,2013,0.0,11106.0,-0.054454999999999996,-0.164875,MNE,BGR,900410
6449692,162,23,9665,2013,530791.0,0.0,1.184107,1.249557,NLD,BGR,900410
6449693,177,23,9665,2013,76111.0,0.0,1.084332,1.216749,POL,BGR,900410
6449694,179,23,9665,2013,6659.0,5600.0,0.541454,2.5228610000000002,PRT,BGR,900410
6449695,185,23,9665,2013,443013.0,114760.0,0.792035,1.225034,ROU,BGR,900410
6449696,186,23,9665,2013,0.0,20546.0,0.481166,-0.180052,RUS,BGR,900410
6449697,201,23,9665,2013,0.0,20009.0,0.5717720000000001,1.174901,SRB,BGR,900410
6449698,206,23,9665,2013,2552.0,0.0,1.32064,0.7519819999999999,SVK,BGR,900410
6449699,207,23,9665,2013,17680.0,0.0,1.698374,0.563082,SVN,BGR,900410
6449700,208,23,9665,2013,13973.0,0.0,1.869421,0.228109,SWE,BGR,900410
6449701,224,23,9665,2013,19275.0,21246.0,0.42932299999999995,2.690235,TUR,BGR,900410
6449702,228,23,9665,2013,0.0,1128.0,0.657729,0.9063200000000001,UKR,BGR,900410
6449703,231,23,9665,2013,16811.0,4821.0,1.6639689999999998,-0.48651300000000003,USA,BGR,900410
6449704,249,23,9665,2013,2943.0,0.0,1.843186,0.9432379999999999,TWN,BGR,900410
6449705,250,23,9665,2013,0.0,33047.0,0.628555,0.277602,ANS,BGR,900410
6449706,32,25,9665,2013,13596.0,0.0,0.14765899999999998,0.399262,BRA,BHS,900410
6449707,41,25,9665,2013,87697.0,0.0,2.2104470000000003,0.5403479999999999,CHE,BHS,900410
6449708,43,25,9665,2013,20441.0,0.0,1.113767,1.477496,CHN,BHS,900410
6449709,81,25,9665,2013,867.0,0.0,1.7901259999999999,0.44164,GBR,BHS,900410
6449710,97,25,9665,2013,10508.0,0.0,0.744383,1.923139,HKG,BHS,900410
6449711,111,25,9665,2013,252458.0,0.0,1.289924,0.533436,ITA,BHS,900410
6449712,114,25,9665,2013,1264.0,0.0,2.3993130000000003,-0.564768,JPN,BHS,900410
6449713,178,25,9665,2013,3862.0,0.0,-0.414538,-0.22449299999999997,PRK,BHS,900410
6449714,231,25,9665,2013,338466.0,0.0,1.6639689999999998,-0.48651300000000003,USA,BHS,900410
6449715,250,25,9665,2013,32310.0,0.0,0.628555,0.277602,ANS,BHS,900410
6449716,2,32,9665,2013,0.0,99098.0,-1.172043,-1.133735,AGO,BRA,900410
6449717,7,32,9665,2013,0.0,341720.0,-0.074047,-0.585168,ARE,BRA,900410
6449718,8,32,9665,2013,892215.0,130972.0,0.20314300000000002,0.494062,ARG,BRA,900410
6449719,14,32,9665,2013,1906.0,0.0,-0.31145700000000004,-0.167628,AUS,BRA,900410
6449720,15,32,9665,2013,4433.0,0.0,1.7209240000000001,-0.286892,AUT,BRA,900410
6449721,23,32,9665,2013,5999.0,0.0,0.5026109999999999,1.674296,BGR,BRA,900410
6449722,25,32,9665,2013,0.0,13596.0,0.756732,-0.369842,BHS,BRA,900410
6449723,31,32,9665,2013,0.0,26772.0,-1.039614,-0.95663,BOL,BRA,900410
6449724,41,32,9665,2013,15247.0,0.0,2.2104470000000003,0.5403479999999999,CHE,BRA,900410
6449725,42,32,9665,2013,0.0,35332.0,-0.260718,-0.38256100000000004,CHL,BRA,900410
6449726,43,32,9665,2013,33883892.0,6379.0,1.113767,1.477496,CHN,BRA,900410
6449727,49,32,9665,2013,0.0,129137.0,0.121799,-0.388239,COL,BRA,900410
6449728,59,32,9665,2013,9040.0,0.0,1.819653,-0.12423800000000002,CZE,BRA,900410
6449729,61,32,9665,2013,182122.0,0.0,2.093658,-3.4281980000000005,DEU,BRA,900410
6449730,64,32,9665,2013,1543.0,0.0,1.161835,1.1788450000000001,DNK,BRA,900410
6449731,67,32,9665,2013,0.0,7441.0,-0.86546,-0.8888389999999999,ECU,BRA,900410
6449732,71,32,9665,2013,208580.0,16348.0,0.861698,2.353993,ESP,BRA,900410
6449733,77,32,9665,2013,901786.0,27734.0,1.520354,0.022874000000000002,FRA,BRA,900410
6449734,81,32,9665,2013,20506.0,0.0,1.7901259999999999,0.44164,GBR,BRA,900410
6449735,97,32,9665,2013,1008422.0,0.0,0.744383,1.923139,HKG,BRA,900410
6449736,102,32,9665,2013,1612.0,0.0,1.506101,0.7279220000000001,HUN,BRA,900410
6449737,110,32,9665,2013,1821.0,0.0,1.197241,0.633828,ISR,BRA,900410
6449738,111,32,9665,2013,72432240.0,135138.0,1.289924,0.533436,ITA,BRA,900410
6449739,114,32,9665,2013,86691.0,0.0,2.3993130000000003,-0.564768,JPN,BRA,900410
6449740,122,32,9665,2013,0.0,31996.0,-0.536384,-1.08382,KWT,BRA,900410
6449741,137,32,9665,2013,0.0,2554.0,-0.21889699999999998,-0.776392,MDV,BRA,900410
6449742,138,32,9665,2013,0.0,54579.0,1.048507,0.718932,MEX,BRA,900410
6449743,151,32,9665,2013,2953.0,0.0,-0.158852,0.0061600000000000005,MUS,BRA,900410
6449744,153,32,9665,2013,26557.0,0.0,0.937641,0.747496,MYS,BRA,900410
6449745,162,32,9665,2013,3953772.0,0.0,1.184107,1.249557,NLD,BRA,900410
6449746,169,32,9665,2013,5155.0,0.0,0.735637,1.161718,PAN,BRA,900410
6449747,173,32,9665,2013,0.0,118452.0,-0.573852,0.357977,PER,BRA,900410
6449748,179,32,9665,2013,19573.0,179026.0,0.541454,2.5228610000000002,PRT,BRA,900410
6449749,180,32,9665,2013,0.0,145917.0,-0.566239,-0.9273459999999999,PRY,BRA,900410
6449750,185,32,9665,2013,2260.0,0.0,0.792035,1.225034,ROU,BRA,900410
6449751,192,32,9665,2013,685.0,11678.0,1.915504,0.619576,SGP,BRA,900410
6449752,205,32,9665,2013,12417.0,0.0,-0.417865,-0.7600399999999999,SUR,BRA,900410
6449753,207,32,9665,2013,542821.0,1837.0,1.698374,0.563082,SVN,BRA,900410
6449754,216,32,9665,2013,3022.0,0.0,0.8752139999999999,1.3798620000000001,THA,BRA,900410
6449755,223,32,9665,2013,20775.0,0.0,0.185528,1.0070700000000001,TUN,BRA,900410
6449756,230,32,9665,2013,0.0,144510.0,0.20190999999999998,-0.19777999999999998,URY,BRA,900410
6449757,231,32,9665,2013,12760120.0,40151.0,1.6639689999999998,-0.48651300000000003,USA,BRA,900410
6449758,236,32,9665,2013,0.0,30782.0,-0.778172,-1.107059,VEN,BRA,900410
6449759,249,32,9665,2013,770761.0,0.0,1.843186,0.9432379999999999,TWN,BRA,900410
6449760,250,32,9665,2013,2880.0,0.0,0.628555,0.277602,ANS,BRA,900410
6449761,39,33,9665,2013,1219.0,0.0,0.719649,1.017046,CAN,BRB,900410
6449762,41,33,9665,2013,5216.0,0.0,2.2104470000000003,0.5403479999999999,CHE,BRB,900410
6449763,43,33,9665,2013,765.0,0.0,1.113767,1.477496,CHN,BRB,900410
6449764,61,33,9665,2013,1921.0,0.0,2.093658,-3.4281980000000005,DEU,BRB,900410
6449765,77,33,9665,2013,103908.0,45865.0,1.520354,0.022874000000000002,FRA,BRB,900410
6449766,81,33,9665,2013,9953.0,3279.0,1.7901259999999999,0.44164,GBR,BRB,900410
6449767,106,33,9665,2013,4111.0,0.0,1.29988,0.240688,IRL,BRB,900410
6449768,111,33,9665,2013,74336.0,0.0,1.289924,0.533436,ITA,BRB,900410
6449769,114,33,9665,2013,12321.0,616.0,2.3993130000000003,-0.564768,JPN,BRB,900410
6449770,169,33,9665,2013,2996.0,0.0,0.735637,1.161718,PAN,BRB,900410
6449771,231,33,9665,2013,288084.0,323959.0,1.6639689999999998,-0.48651300000000003,USA,BRB,900410
6449772,249,33,9665,2013,2327.0,0.0,1.843186,0.9432379999999999,TWN,BRB,900410
6449773,4,39,9665,2013,118778.0,0.0,-0.53682,-0.162391,ALB,CAN,900410
6449774,7,39,9665,2013,1133.0,14211.0,-0.074047,-0.585168,ARE,CAN,900410
6449775,14,39,9665,2013,73166.0,81288.0,-0.31145700000000004,-0.167628,AUS,CAN,900410
6449776,15,39,9665,2013,695220.0,22764.0,1.7209240000000001,-0.286892,AUT,CAN,900410
6449777,18,39,9665,2013,67279.0,0.0,1.316207,0.972601,BEL,CAN,900410
6449778,23,39,9665,2013,0.0,1719.0,0.5026109999999999,1.674296,BGR,CAN,900410
6449779,30,39,9665,2013,0.0,833.0,1.087677,-0.452984,BMU,CAN,900410
6449780,33,39,9665,2013,0.0,1219.0,0.6969489999999999,0.135283,BRB,CAN,900410
6449781,41,39,9665,2013,38271.0,8512.0,2.2104470000000003,0.5403479999999999,CHE,CAN,900410
6449782,42,39,9665,2013,0.0,20023.0,-0.260718,-0.38256100000000004,CHL,CAN,900410
6449783,43,39,9665,2013,21747982.0,339588.0,1.113767,1.477496,CHN,CAN,900410
6449784,49,39,9665,2013,0.0,3239.0,0.121799,-0.388239,COL,CAN,900410
6449785,52,39,9665,2013,0.0,2641.0,0.067379,-0.688217,CRI,CAN,900410
6449786,59,39,9665,2013,161954.0,7277.0,1.819653,-0.12423800000000002,CZE,CAN,900410
6449787,61,39,9665,2013,808234.0,3851.0,2.093658,-3.4281980000000005,DEU,CAN,900410
6449788,64,39,9665,2013,27308.0,19895.0,1.161835,1.1788450000000001,DNK,CAN,900410
6449789,65,39,9665,2013,0.0,2906.0,-0.277269,0.432388,DOM,CAN,900410
6449790,71,39,9665,2013,17659.0,1122.0,0.861698,2.353993,ESP,CAN,900410
6449791,74,39,9665,2013,0.0,18419.0,1.734552,0.8896940000000001,FIN,CAN,900410
6449792,77,39,9665,2013,387345.0,104363.0,1.520354,0.022874000000000002,FRA,CAN,900410
6449793,81,39,9665,2013,1255488.0,187686.0,1.7901259999999999,0.44164,GBR,CAN,900410
6449794,83,39,9665,2013,0.0,1897.0,-0.7316010000000001,-0.5327689999999999,GHA,CAN,900410
6449795,90,39,9665,2013,0.0,11570.0,0.18823800000000002,0.910906,GRC,CAN,900410
6449796,97,39,9665,2013,482156.0,23350.0,0.744383,1.923139,HKG,CAN,900410
6449797,99,39,9665,2013,3964.0,0.0,-0.731431,-0.310927,HND,CAN,900410
6449798,104,39,9665,2013,1553.0,6524.0,0.215356,2.3916209999999998,IND,CAN,900410
6449799,106,39,9665,2013,99654.0,960.0,1.29988,0.240688,IRL,CAN,900410
6449800,110,39,9665,2013,1343362.0,19090.0,1.197241,0.633828,ISR,CAN,900410
6449801,111,39,9665,2013,7155880.0,98128.0,1.289924,0.533436,ITA,CAN,900410
6449802,112,39,9665,2013,0.0,1217.0,-0.541441,-0.8448559999999999,JAM,CAN,900410
6449803,114,39,9665,2013,1943714.0,7377.0,2.3993130000000003,-0.564768,JPN,CAN,900410
6449804,115,39,9665,2013,0.0,6916.0,-0.680678,-0.83347,KAZ,CAN,900410
6449805,116,39,9665,2013,0.0,1320.0,-0.448112,0.8672719999999999,KEN,CAN,900410
6449806,118,39,9665,2013,1623.0,0.0,-1.054758,-0.872352,KHM,CAN,900410
6449807,121,39,9665,2013,1265750.0,41383.0,1.818383,0.75645,KOR,CAN,900410
6449808,127,39,9665,2013,1379.0,0.0,0.265129,-0.5083949999999999,LCA,CAN,900410
6449809,131,39,9665,2013,40135.0,3473.0,1.170459,1.150327,LUX,CAN,900410
6449810,134,39,9665,2013,0.0,5667.0,-0.6494260000000001,-0.035075999999999996,MAR,CAN,900410
6449811,137,39,9665,2013,0.0,953.0,-0.21889699999999998,-0.776392,MDV,CAN,900410
6449812,138,39,9665,2013,2897.0,2360.0,1.048507,0.718932,MEX,CAN,900410
6449813,148,39,9665,2013,3083.0,0.0,-1.950532,-1.283104,MRT,CAN,900410
6449814,151,39,9665,2013,144907.0,241.0,-0.158852,0.0061600000000000005,MUS,CAN,900410
6449815,153,39,9665,2013,2286.0,0.0,0.937641,0.747496,MYS,CAN,900410
6449816,162,39,9665,2013,294471.0,33186.0,1.184107,1.249557,NLD,CAN,900410
6449817,163,39,9665,2013,0.0,3881.0,0.892099,0.18168399999999998,NOR,CAN,900410
6449818,166,39,9665,2013,938.0,16158.0,0.3345,0.39063000000000003,NZL,CAN,900410
6449819,167,39,9665,2013,0.0,930.0,-0.604175,-1.0463209999999998,OMN,CAN,900410
6449820,169,39,9665,2013,153486.0,9889.0,0.735637,1.161718,PAN,CAN,900410
6449821,174,39,9665,2013,2407.0,0.0,0.507868,0.355403,PHL,CAN,900410
6449822,179,39,9665,2013,123911.0,0.0,0.541454,2.5228610000000002,PRT,CAN,900410
6449823,183,39,9665,2013,0.0,1144.0,-0.083649,-1.013491,QAT,CAN,900410
6449824,185,39,9665,2013,21212.0,0.0,0.792035,1.225034,ROU,CAN,900410
6449825,186,39,9665,2013,0.0,991.0,0.481166,-0.180052,RUS,CAN,900410
6449826,188,39,9665,2013,0.0,1351.0,0.626347,-0.844406,SAU,CAN,900410
6449827,192,39,9665,2013,5196.0,9085.0,1.915504,0.619576,SGP,CAN,900410
6449828,197,39,9665,2013,0.0,3635.0,-0.021029,0.381522,SLV,CAN,900410
6449829,201,39,9665,2013,6614.0,0.0,0.5717720000000001,1.174901,SRB,CAN,900410
6449830,206,39,9665,2013,0.0,2386.0,1.32064,0.7519819999999999,SVK,CAN,900410
6449831,207,39,9665,2013,5632.0,0.0,1.698374,0.563082,SVN,CAN,900410
6449832,208,39,9665,2013,87021.0,3643.0,1.869421,0.228109,SWE,CAN,900410
6449833,216,39,9665,2013,4206.0,0.0,0.8752139999999999,1.3798620000000001,THA,CAN,900410
6449834,223,39,9665,2013,25301.0,0.0,0.185528,1.0070700000000001,TUN,CAN,900410
6449835,226,39,9665,2013,0.0,1454.0,-0.9306770000000001,0.273489,TZA,CAN,900410
6449836,227,39,9665,2013,0.0,4928.0,-0.5462279999999999,0.200682,UGA,CAN,900410
6449837,230,39,9665,2013,0.0,842.0,0.20190999999999998,-0.19777999999999998,URY,CAN,900410
6449838,231,39,9665,2013,114453688.0,787684.0,1.6639689999999998,-0.48651300000000003,USA,CAN,900410
6449839,236,39,9665,2013,0.0,1072.0,-0.778172,-1.107059,VEN,CAN,900410
6449840,239,39,9665,2013,3019.0,1461.0,-0.11426900000000001,1.399738,VNM,CAN,900410
6449841,246,39,9665,2013,0.0,2604.0,0.380284,1.5682120000000002,ZAF,CAN,900410
6449842,249,39,9665,2013,2497918.0,73135.0,1.843186,0.9432379999999999,TWN,CAN,900410
6449843,0,41,9665,2013,0.0,51242.0,0.913235,-0.149061,ABW,CHE,900410
6449844,4,41,9665,2013,0.0,2523.0,-0.53682,-0.162391,ALB,CHE,900410
6449845,7,41,9665,2013,550343.0,6953422.0,-0.074047,-0.585168,ARE,CHE,900410
6449846,9,41,9665,2013,0.0,10248.0,-0.076922,-0.5781390000000001,ARM,CHE,900410
6449847,14,41,9665,2013,14975.0,87241.0,-0.31145700000000004,-0.167628,AUS,CHE,900410
6449848,15,41,9665,2013,2863425.0,687055.0,1.7209240000000001,-0.286892,AUT,CHE,900410
6449849,16,41,9665,2013,0.0,69279.0,-0.9232870000000001,-1.165928,AZE,CHE,900410
6449850,18,41,9665,2013,149544.0,204223.0,1.316207,0.972601,BEL,CHE,900410
6449851,23,41,9665,2013,0.0,8895.0,0.5026109999999999,1.674296,BGR,CHE,900410
6449852,24,41,9665,2013,3091.0,36023.0,0.249681,-0.6204270000000001,BHR,CHE,900410
6449853,25,41,9665,2013,0.0,87697.0,0.756732,-0.369842,BHS,CHE,900410
6449854,32,41,9665,2013,0.0,15247.0,0.14765899999999998,0.399262,BRA,CHE,900410
6449855,33,41,9665,2013,0.0,5216.0,0.6969489999999999,0.135283,BRB,CHE,900410
6449856,39,41,9665,2013,8512.0,38271.0,0.719649,1.017046,CAN,CHE,900410
6449857,42,41,9665,2013,0.0,8629.0,-0.260718,-0.38256100000000004,CHL,CHE,900410
6449858,43,41,9665,2013,4428447.0,1131409.0,1.113767,1.477496,CHN,CHE,900410
6449859,45,41,9665,2013,0.0,3011.0,-0.901531,-1.027111,CMR,CHE,900410
6449860,47,41,9665,2013,2890.0,0.0,-1.215681,-1.08679,COG,CHE,900410
6449861,49,41,9665,2013,0.0,62486.0,0.121799,-0.388239,COL,CHE,900410
6449862,52,41,9665,2013,0.0,3471.0,0.067379,-0.688217,CRI,CHE,900410
6449863,55,41,9665,2013,0.0,3611.0,0.029981999999999998,-0.673439,CUW,CHE,900410
6449864,59,41,9665,2013,41456.0,43012.0,1.819653,-0.12423800000000002,CZE,CHE,900410
6449865,61,41,9665,2013,19080578.0,1237564.0,2.093658,-3.4281980000000005,DEU,CHE,900410
6449866,64,41,9665,2013,111371.0,27848.0,1.161835,1.1788450000000001,DNK,CHE,900410
6449867,66,41,9665,2013,0.0,1427.0,-1.373947,-1.1523459999999999,DZA,CHE,900410
6449868,67,41,9665,2013,0.0,2417.0,-0.86546,-0.8888389999999999,ECU,CHE,900410
6449869,68,41,9665,2013,0.0,1782.0,-0.17418,1.692641,EGY,CHE,900410
6449870,71,41,9665,2013,147441.0,37100.0,0.861698,2.353993,ESP,CHE,900410
6449871,72,41,9665,2013,0.0,10055.0,0.8828940000000001,1.386574,EST,CHE,900410
6449872,74,41,9665,2013,920.0,62786.0,1.734552,0.8896940000000001,FIN,CHE,900410
6449873,77,41,9665,2013,27901518.0,3684648.0,1.520354,0.022874000000000002,FRA,CHE,900410
6449874,81,41,9665,2013,920667.0,248516.0,1.7901259999999999,0.44164,GBR,CHE,900410
6449875,82,41,9665,2013,0.0,33108.0,-0.160691,-0.393419,GEO,CHE,900410
6449876,83,41,9665,2013,0.0,8621.0,-0.7316010000000001,-0.5327689999999999,GHA,CHE,900410
6449877,85,41,9665,2013,0.0,610.0,-1.1287459999999998,-1.069735,GIN,CHE,900410
6449878,90,41,9665,2013,3036.0,6937.0,0.18823800000000002,0.910906,GRC,CHE,900410
6449879,93,41,9665,2013,0.0,6014.0,-0.41466499999999995,0.774788,GTM,CHE,900410
6449880,95,41,9665,2013,1591.0,0.0,0.483541,0.281968,GUM,CHE,900410
6449881,97,41,9665,2013,1152474.0,7561139.0,0.744383,1.923139,HKG,CHE,900410
6449882,99,41,9665,2013,0.0,5838.0,-0.731431,-0.310927,HND,CHE,900410
6449883,100,41,9665,2013,1257.0,2845.0,0.898284,1.038807,HRV,CHE,900410
6449884,101,41,9665,2013,0.0,12684.0,-1.095392,-0.957326,HTI,CHE,900410
6449885,102,41,9665,2013,31225.0,4829.0,1.506101,0.7279220000000001,HUN,CHE,900410
6449886,104,41,9665,2013,12410.0,8119.0,0.215356,2.3916209999999998,IND,CHE,900410
6449887,106,41,9665,2013,439326.0,99625.0,1.29988,0.240688,IRL,CHE,900410
6449888,108,41,9665,2013,0.0,6671.0,-2.839079,-0.8705440000000001,IRQ,CHE,900410
6449889,109,41,9665,2013,0.0,1076.0,0.259374,-0.20413299999999998,ISL,CHE,900410
6449890,110,41,9665,2013,64708.0,254854.0,1.197241,0.633828,ISR,CHE,900410
6449891,111,41,9665,2013,41326576.0,6977728.0,1.289924,0.533436,ITA,CHE,900410
6449892,112,41,9665,2013,0.0,4786.0,-0.541441,-0.8448559999999999,JAM,CHE,900410
6449893,113,41,9665,2013,0.0,3223.0,0.152659,0.5889979999999999,JOR,CHE,900410
6449894,114,41,9665,2013,347171.0,422000.0,2.3993130000000003,-0.564768,JPN,CHE,900410
6449895,115,41,9665,2013,0.0,2739.0,-0.680678,-0.83347,KAZ,CHE,900410
6449896,116,41,9665,2013,0.0,13917.0,-0.448112,0.8672719999999999,KEN,CHE,900410
6449897,117,41,9665,2013,0.0,2881.0,-0.1035,0.339914,KGZ,CHE,900410
6449898,121,41,9665,2013,171683.0,385551.0,1.818383,0.75645,KOR,CHE,900410
6449899,122,41,9665,2013,26811.0,1330.0,-0.536384,-1.08382,KWT,CHE,900410
6449900,124,41,9665,2013,1338.0,18566.0,0.283084,1.4289100000000001,LBN,CHE,900410
6449901,128,41,9665,2013,0.0,26311.0,-0.6521779999999999,0.41258599999999995,LKA,CHE,900410
6449902,130,41,9665,2013,2028.0,0.0,0.737796,1.215543,LTU,CHE,900410
6449903,131,41,9665,2013,1494.0,25214.0,1.170459,1.150327,LUX,CHE,900410
6449904,132,41,9665,2013,0.0,29063.0,0.6219439999999999,1.166749,LVA,CHE,900410
6449905,133,41,9665,2013,8691.0,2245.0,0.252209,0.184401,MAC,CHE,900410
6449906,134,41,9665,2013,5605.0,277355.0,-0.6494260000000001,-0.035075999999999996,MAR,CHE,900410
6449907,135,41,9665,2013,0.0,6857.0,-0.016235,0.132104,MDA,CHE,900410
6449908,137,41,9665,2013,0.0,3944.0,-0.21889699999999998,-0.776392,MDV,CHE,900410
6449909,138,41,9665,2013,20350.0,1920918.0,1.048507,0.718932,MEX,CHE,900410
6449910,142,41,9665,2013,0.0,6405.0,0.8519760000000001,-0.075869,MLT,CHE,900410
6449911,151,41,9665,2013,28110.0,7820.0,-0.158852,0.0061600000000000005,MUS,CHE,900410
6449912,153,41,9665,2013,4034.0,18365.0,0.937641,0.747496,MYS,CHE,900410
6449913,159,41,9665,2013,0.0,11580.0,-1.745783,-1.1356680000000001,NGA,CHE,900410
6449914,160,41,9665,2013,0.0,1770.0,-0.9277,-0.6842630000000001,NIC,CHE,900410
6449915,162,41,9665,2013,1015779.0,271256.0,1.184107,1.249557,NLD,CHE,900410
6449916,163,41,9665,2013,0.0,2493.0,0.892099,0.18168399999999998,NOR,CHE,900410
6449917,166,41,9665,2013,0.0,1907.0,0.3345,0.39063000000000003,NZL,CHE,900410
6449918,167,41,9665,2013,0.0,7394.0,-0.604175,-1.0463209999999998,OMN,CHE,900410
6449919,168,41,9665,2013,0.0,3931.0,-0.75727,0.769703,PAK,CHE,900410
6449920,169,41,9665,2013,0.0,11504.0,0.735637,1.161718,PAN,CHE,900410
6449921,173,41,9665,2013,0.0,1440.0,-0.573852,0.357977,PER,CHE,900410
6449922,174,41,9665,2013,0.0,12287.0,0.507868,0.355403,PHL,CHE,900410
6449923,177,41,9665,2013,39808.0,6389.0,1.084332,1.216749,POL,CHE,900410
6449924,179,41,9665,2013,17683.0,15081.0,0.541454,2.5228610000000002,PRT,CHE,900410
6449925,183,41,9665,2013,3775.0,59459.0,-0.083649,-1.013491,QAT,CHE,900410
6449926,185,41,9665,2013,1256.0,5463.0,0.792035,1.225034,ROU,CHE,900410
6449927,186,41,9665,2013,3508.0,885135.0,0.481166,-0.180052,RUS,CHE,900410
6449928,188,41,9665,2013,1556.0,43063.0,0.626347,-0.844406,SAU,CHE,900410
6449929,192,41,9665,2013,148769.0,2734501.0,1.915504,0.619576,SGP,CHE,900410
6449930,201,41,9665,2013,0.0,19464.0,0.5717720000000001,1.174901,SRB,CHE,900410
6449931,206,41,9665,2013,5646.0,1784.0,1.32064,0.7519819999999999,SVK,CHE,900410
6449932,207,41,9665,2013,159977.0,9338.0,1.698374,0.563082,SVN,CHE,900410
6449933,208,41,9665,2013,46973.0,10413.0,1.869421,0.228109,SWE,CHE,900410
6449934,210,41,9665,2013,0.0,5468.0,0.5512090000000001,-0.22818400000000003,SXM,CHE,900410
6449935,211,41,9665,2013,0.0,3964.0,0.270999,-0.474095,SYC,CHE,900410
6449936,213,41,9665,2013,0.0,2912.0,0.41053199999999995,-0.007201999999999999,TCA,CHE,900410
6449937,215,41,9665,2013,0.0,59616.0,-0.598413,-0.49295200000000006,TGO,CHE,900410
6449938,216,41,9665,2013,16878.0,164981.0,0.8752139999999999,1.3798620000000001,THA,CHE,900410
6449939,219,41,9665,2013,0.0,94510.0,-1.6186770000000001,-1.2210969999999999,TKM,CHE,900410
6449940,223,41,9665,2013,2375.0,149255.0,0.185528,1.0070700000000001,TUN,CHE,900410
6449941,224,41,9665,2013,2490.0,100583.0,0.42932299999999995,2.690235,TUR,CHE,900410
6449942,226,41,9665,2013,0.0,606.0,-0.9306770000000001,0.273489,TZA,CHE,900410
6449943,228,41,9665,2013,0.0,36961.0,0.657729,0.9063200000000001,UKR,CHE,900410
6449944,231,41,9665,2013,1551035.0,331536.0,1.6639689999999998,-0.48651300000000003,USA,CHE,900410
6449945,232,41,9665,2013,0.0,11331.0,-0.748212,-0.567268,UZB,CHE,900410
6449946,236,41,9665,2013,0.0,5994.0,-0.778172,-1.107059,VEN,CHE,900410
6449947,239,41,9665,2013,3695.0,0.0,-0.11426900000000001,1.399738,VNM,CHE,900410
6449948,246,41,9665,2013,1659.0,60130.0,0.380284,1.5682120000000002,ZAF,CHE,900410
6449949,249,41,9665,2013,544674.0,280422.0,1.843186,0.9432379999999999,TWN,CHE,900410
6449950,8,42,9665,2013,160929.0,987.0,0.20314300000000002,0.494062,ARG,CHL,900410
6449951,14,42,9665,2013,32670.0,0.0,-0.31145700000000004,-0.167628,AUS,CHL,900410
6449952,15,42,9665,2013,280052.0,18376.0,1.7209240000000001,-0.286892,AUT,CHL,900410
6449953,18,42,9665,2013,10934.0,0.0,1.316207,0.972601,BEL,CHL,900410
6449954,31,42,9665,2013,14524.0,1046292.0,-1.039614,-0.95663,BOL,CHL,900410
6449955,32,42,9665,2013,35332.0,0.0,0.14765899999999998,0.399262,BRA,CHL,900410
6449956,39,42,9665,2013,20023.0,0.0,0.719649,1.017046,CAN,CHL,900410
6449957,41,42,9665,2013,8629.0,0.0,2.2104470000000003,0.5403479999999999,CHE,CHL,900410
6449958,43,42,9665,2013,10746081.0,0.0,1.113767,1.477496,CHN,CHL,900410
6449959,49,42,9665,2013,17560.0,23944.0,0.121799,-0.388239,COL,CHL,900410
6449960,59,42,9665,2013,22010.0,0.0,1.819653,-0.12423800000000002,CZE,CHL,900410
6449961,61,42,9665,2013,206461.0,0.0,2.093658,-3.4281980000000005,DEU,CHL,900410
6449962,64,42,9665,2013,1458.0,0.0,1.161835,1.1788450000000001,DNK,CHL,900410
6449963,67,42,9665,2013,0.0,8206.0,-0.86546,-0.8888389999999999,ECU,CHL,900410
6449964,71,42,9665,2013,33685.0,23689.0,0.861698,2.353993,ESP,CHL,900410
6449965,77,42,9665,2013,514892.0,3285.0,1.520354,0.022874000000000002,FRA,CHL,900410
6449966,81,42,9665,2013,170808.0,0.0,1.7901259999999999,0.44164,GBR,CHL,900410
6449967,97,42,9665,2013,173561.0,0.0,0.744383,1.923139,HKG,CHL,900410
6449968,100,42,9665,2013,34400.0,0.0,0.898284,1.038807,HRV,CHL,900410
6449969,103,42,9665,2013,8212.0,0.0,-0.216854,1.415728,IDN,CHL,900410
6449970,104,42,9665,2013,6550.0,0.0,0.215356,2.3916209999999998,IND,CHL,900410
6449971,111,42,9665,2013,15634184.0,0.0,1.289924,0.533436,ITA,CHL,900410
6449972,114,42,9665,2013,10873.0,0.0,2.3993130000000003,-0.564768,JPN,CHL,900410
6449973,138,42,9665,2013,13123.0,3165.0,1.048507,0.718932,MEX,CHL,900410
6449974,151,42,9665,2013,17500.0,0.0,-0.158852,0.0061600000000000005,MUS,CHL,900410
6449975,162,42,9665,2013,20309.0,0.0,1.184107,1.249557,NLD,CHL,900410
6449976,166,42,9665,2013,5375.0,4922.0,0.3345,0.39063000000000003,NZL,CHL,900410
6449977,168,42,9665,2013,0.0,1444.0,-0.75727,0.769703,PAK,CHL,900410
6449978,169,42,9665,2013,479692.0,16988.0,0.735637,1.161718,PAN,CHL,900410
6449979,173,42,9665,2013,32468.0,67144.0,-0.573852,0.357977,PER,CHL,900410
6449980,174,42,9665,2013,2984.0,0.0,0.507868,0.355403,PHL,CHL,900410
6449981,177,42,9665,2013,1755.0,0.0,1.084332,1.216749,POL,CHL,900410
6449982,180,42,9665,2013,10620.0,12498.0,-0.566239,-0.9273459999999999,PRY,CHL,900410
6449983,186,42,9665,2013,2153.0,0.0,0.481166,-0.180052,RUS,CHL,900410
6449984,207,42,9665,2013,6146.0,0.0,1.698374,0.563082,SVN,CHL,900410
6449985,208,42,9665,2013,1283.0,0.0,1.869421,0.228109,SWE,CHL,900410
6449986,224,42,9665,2013,2772.0,0.0,0.42932299999999995,2.690235,TUR,CHL,900410
6449987,230,42,9665,2013,26833.0,3343.0,0.20190999999999998,-0.19777999999999998,URY,CHL,900410
6449988,231,42,9665,2013,3628844.0,8834.0,1.6639689999999998,-0.48651300000000003,USA,CHL,900410
6449989,236,42,9665,2013,3272.0,0.0,-0.778172,-1.107059,VEN,CHL,900410
6449990,239,42,9665,2013,183024.0,0.0,-0.11426900000000001,1.399738,VNM,CHL,900410
6449991,246,42,9665,2013,9406.0,0.0,0.380284,1.5682120000000002,ZAF,CHL,900410
6449992,249,42,9665,2013,704341.0,0.0,1.843186,0.9432379999999999,TWN,CHL,900410
6449993,250,42,9665,2013,328707.0,37501.0,0.628555,0.277602,ANS,CHL,900410
6449994,0,43,9665,2013,0.0,4722.0,0.913235,-0.149061,ABW,CHN,900410
6449995,1,43,9665,2013,0.0,50852.0,-0.985727,-0.7164550000000001,AFG,CHN,900410
6449996,2,43,9665,2013,0.0,1806597.0,-1.172043,-1.133735,AGO,CHN,900410
6449997,4,43,9665,2013,0.0,395481.0,-0.53682,-0.162391,ALB,CHN,900410
6449998,5,43,9665,2013,0.0,14513.0,0.9666530000000001,-0.159606,AND,CHN,900410
