1789999,43,123,1396,2004.0,207167.0,0.0,0.710603,2.017234,CHN,LAO,8841
1790000,61,123,1396,2004.0,3002.0,0.0,2.4453099999999997,-2.331761,DEU,LAO,8841
1790001,104,123,1396,2004.0,14599.0,0.0,0.20872,2.817307,IND,LAO,8841
1790002,216,123,1396,2004.0,415085.0,0.0,0.633501,1.4648290000000002,THA,LAO,8841
1790003,239,123,1396,2004.0,1541341.0,0.0,-0.46875500000000003,0.734412,VNM,LAO,8841
1790004,246,129,1396,2004.0,131967.0,0.0,0.29599699999999995,1.909018,ZAF,LSO,8841
1790005,61,165,1396,2004.0,11006.0,0.0,2.4453099999999997,-2.331761,DEU,NRU,8841
1790006,176,171,1396,2004.0,1560.0,0.0,-1.57259,-1.215066,PNG,PCN,8841
1790007,231,194,1396,2004.0,4577.0,0.0,1.818327,-0.17913900000000002,USA,SHN,8841
1790008,14,220,1396,2004.0,11846.0,0.0,-0.198735,0.81543,AUS,TLS,8841
1790009,41,220,1396,2004.0,0.0,12193.0,2.234603,0.551975,CHE,TLS,8841
1790010,61,220,1396,2004.0,53989.0,0.0,2.4453099999999997,-2.331761,DEU,TLS,8841
1790011,103,220,1396,2004.0,4355.0,0.0,0.010095999999999999,1.7413779999999999,IDN,TLS,8841
1790012,114,220,1396,2004.0,0.0,1127.0,2.756136,0.15545,JPN,TLS,8841
1790013,192,220,1396,2004.0,30074.0,0.0,1.804502,0.570084,SGP,TLS,8841
1790014,192,225,1396,2004.0,3324.0,0.0,1.804502,0.570084,SGP,TUV,8841
1790015,14,229,1396,2004.0,5739.0,0.0,-0.198735,0.81543,AUS,UMI,8841
1790016,14,240,1396,2004.0,22707.0,0.0,-0.198735,0.81543,AUS,VUT,8841
1790017,75,240,1396,2004.0,1432.0,0.0,-0.793333,-0.27460100000000004,FJI,VUT,8841
1790018,77,240,1396,2004.0,0.0,9966.0,1.57079,0.6776760000000001,FRA,VUT,8841
1790019,104,240,1396,2004.0,2403.0,0.0,0.20872,2.817307,IND,VUT,8841
1790020,77,241,1396,2004.0,25125.0,0.0,1.57079,0.6776760000000001,FRA,WLF,8841
1790021,104,241,1396,2004.0,1134.0,0.0,0.20872,2.817307,IND,WLF,8841
1790022,179,88,1396,2004.0,2911.0,0.0,0.705075,1.7268729999999999,PRT,GNB,8841
1790023,18,92,1396,2004.0,6285.0,0.0,1.242665,1.541444,BEL,GRL,8841
1790024,64,92,1396,2004.0,108594.0,3484.0,1.309074,1.2627979999999999,DNK,GRL,8841
1790025,81,92,1396,2004.0,2320.0,0.0,1.872987,0.734065,GBR,GRL,8841
1790026,208,92,1396,2004.0,2307.0,0.0,2.105611,0.707843,SWE,GRL,8841
1790027,18,198,1396,2004.0,18352.0,0.0,1.242665,1.541444,BEL,SMR,8841
1790028,64,198,1396,2004.0,0.0,3886.0,1.309074,1.2627979999999999,DNK,SMR,8841
1790029,61,218,1396,2004.0,83033.0,0.0,2.4453099999999997,-2.331761,DEU,TKL,8841
1790030,77,38,1396,2004.0,2096.0,0.0,1.57079,0.6776760000000001,FRA,CAF,8841
1790031,104,38,1396,2004.0,2982.0,0.0,0.20872,2.817307,IND,CAF,8841
1790032,77,200,1396,2004.0,3731.0,0.0,1.57079,0.6776760000000001,FRA,SPM,8841
1790033,231,213,1396,2004.0,73763.0,0.0,1.818327,-0.17913900000000002,USA,TCA,8841
1790034,81,76,1396,2004.0,1109.0,0.0,1.872987,0.734065,GBR,FLK,8841
1790035,61,193,1396,2004.0,0.0,5128.0,2.4453099999999997,-2.331761,DEU,SGS,8841
1790036,18,6,1398,2004.0,4835.0,0.0,1.242665,1.541444,BEL,ANT,8851
1790037,32,6,1398,2004.0,1141.0,0.0,0.504233,1.567879,BRA,ANT,8851
1790038,39,6,1398,2004.0,65199.0,0.0,0.781591,1.365966,CAN,ANT,8851
1790039,41,6,1398,2004.0,14713879.0,336412.0,2.234603,0.551975,CHE,ANT,8851
1790040,65,6,1398,2004.0,0.0,6755.0,-0.24909699999999999,-0.326783,DOM,ANT,8851
1790041,71,6,1398,2004.0,76298.0,0.0,1.04057,1.789023,ESP,ANT,8851
1790042,77,6,1398,2004.0,1053382.0,10277.0,1.57079,0.6776760000000001,FRA,ANT,8851
1790043,81,6,1398,2004.0,3247.0,1763.0,1.872987,0.734065,GBR,ANT,8851
1790044,102,6,1398,2004.0,0.0,52900.0,1.3579370000000002,0.9993219999999999,HUN,ANT,8851
1790045,103,6,1398,2004.0,0.0,1444.0,0.010095999999999999,1.7413779999999999,IDN,ANT,8851
1790046,106,6,1398,2004.0,2542.0,2887.0,1.498475,0.19050799999999998,IRL,ANT,8851
1790047,111,6,1398,2004.0,323608.0,0.0,1.440372,0.676068,ITA,ANT,8851
1790048,131,6,1398,2004.0,4276.0,0.0,1.258828,1.079923,LUX,ANT,8851
1790049,162,6,1398,2004.0,286143.0,16412.0,1.171327,1.6369799999999999,NLD,ANT,8851
1790050,192,6,1398,2004.0,106811.0,0.0,1.804502,0.570084,SGP,ANT,8851
1790051,208,6,1398,2004.0,26224.0,0.0,2.105611,0.707843,SWE,ANT,8851
1790052,224,6,1398,2004.0,32131.0,37728.0,0.249065,1.910598,TUR,ANT,8851
1790053,231,6,1398,2004.0,14218432.0,116313.0,1.818327,-0.17913900000000002,USA,ANT,8851
1790054,236,6,1398,2004.0,1472.0,19536.0,-0.41193900000000006,-0.9578899999999999,VEN,ANT,8851
1790055,14,8,1398,2004.0,0.0,9968.0,-0.198735,0.81543,AUS,ARG,8851
1790056,15,8,1398,2004.0,0.0,7830.0,1.958949,0.209296,AUT,ARG,8851
1790057,31,8,1398,2004.0,1012.0,62744.0,-0.841087,-0.770059,BOL,ARG,8851
1790058,32,8,1398,2004.0,150485.0,0.0,0.504233,1.567879,BRA,ARG,8851
1790059,41,8,1398,2004.0,14889191.0,265913.0,2.234603,0.551975,CHE,ARG,8851
1790060,42,8,1398,2004.0,267415.0,606330.0,-0.24101399999999998,-0.303103,CHL,ARG,8851
1790061,43,8,1398,2004.0,1989230.0,0.0,0.710603,2.017234,CHN,ARG,8851
1790062,52,8,1398,2004.0,9949.0,1668.0,-0.036323,-0.313847,CRI,ARG,8851
1790063,61,8,1398,2004.0,710066.0,55847.0,2.4453099999999997,-2.331761,DEU,ARG,8851
1790064,67,8,1398,2004.0,0.0,135309.0,-0.990727,-0.9383090000000001,ECU,ARG,8851
1790065,71,8,1398,2004.0,39398.0,36146.0,1.04057,1.789023,ESP,ARG,8851
1790066,74,8,1398,2004.0,33624.0,0.0,1.9662810000000002,1.018108,FIN,ARG,8851
1790067,77,8,1398,2004.0,50035.0,0.0,1.57079,0.6776760000000001,FRA,ARG,8851
1790068,81,8,1398,2004.0,2691.0,1810.0,1.872987,0.734065,GBR,ARG,8851
1790069,93,8,1398,2004.0,0.0,5725.0,-0.39399,0.139128,GTM,ARG,8851
1790070,97,8,1398,2004.0,3477758.0,18791.0,0.72816,1.403171,HKG,ARG,8851
1790071,110,8,1398,2004.0,2721.0,0.0,1.252895,0.8662770000000001,ISR,ARG,8851
1790072,111,8,1398,2004.0,3083689.0,0.0,1.440372,0.676068,ITA,ARG,8851
1790073,114,8,1398,2004.0,809873.0,2937.0,2.756136,0.15545,JPN,ARG,8851
1790074,121,8,1398,2004.0,10240.0,0.0,1.481275,0.7859,KOR,ARG,8851
1790075,138,8,1398,2004.0,13098.0,0.0,1.183707,0.9043700000000001,MEX,ARG,8851
1790076,153,8,1398,2004.0,70238.0,0.0,1.250098,0.352379,MYS,ARG,8851
1790077,162,8,1398,2004.0,2282.0,2396.0,1.171327,1.6369799999999999,NLD,ARG,8851
1790078,169,8,1398,2004.0,0.0,49349.0,0.054997000000000004,0.440416,PAN,ARG,8851
1790079,174,8,1398,2004.0,32723.0,0.0,0.288786,-0.25348699999999996,PHL,ARG,8851
1790080,179,8,1398,2004.0,0.0,2439.0,0.705075,1.7268729999999999,PRT,ARG,8851
1790081,192,8,1398,2004.0,0.0,2154.0,1.804502,0.570084,SGP,ARG,8851
1790082,216,8,1398,2004.0,127364.0,0.0,0.633501,1.4648290000000002,THA,ARG,8851
1790083,230,8,1398,2004.0,0.0,208918.0,-0.051583000000000004,0.145056,URY,ARG,8851
1790084,231,8,1398,2004.0,2449699.0,85272.0,1.818327,-0.17913900000000002,USA,ARG,8851
1790085,249,8,1398,2004.0,33031.0,5651.0,1.8844150000000002,1.257951,TWN,ARG,8851
1790086,250,8,1398,2004.0,32931.0,0.0,0.46240200000000004,-0.406624,ANS,ARG,8851
1790087,41,13,1398,2004.0,2915026.0,0.0,2.234603,0.551975,CHE,ATG,8851
1790088,77,13,1398,2004.0,47259.0,0.0,1.57079,0.6776760000000001,FRA,ATG,8851
1790089,81,13,1398,2004.0,8522.0,0.0,1.872987,0.734065,GBR,ATG,8851
1790090,111,13,1398,2004.0,1869.0,0.0,1.440372,0.676068,ITA,ATG,8851
1790091,231,13,1398,2004.0,2527750.0,0.0,1.818327,-0.17913900000000002,USA,ATG,8851
1790092,7,14,1398,2004.0,289969.0,47124.0,-0.10993399999999999,-0.5351640000000001,ARE,AUS,8851
1790093,8,14,1398,2004.0,9968.0,0.0,-0.070845,0.879574,ARG,AUS,8851
1790094,15,14,1398,2004.0,53317.0,4896.0,1.958949,0.209296,AUT,AUS,8851
1790095,18,14,1398,2004.0,17947.0,18177.0,1.242665,1.541444,BEL,AUS,8851
1790096,23,14,1398,2004.0,5152.0,0.0,0.390627,1.631006,BGR,AUS,8851
1790097,24,14,1398,2004.0,33844.0,51523.0,-0.551237,-1.174628,BHR,AUS,8851
1790098,32,14,1398,2004.0,0.0,2491.0,0.504233,1.567879,BRA,AUS,8851
1790099,34,14,1398,2004.0,0.0,1064.0,-0.720827,-0.964435,BRN,AUS,8851
1790100,39,14,1398,2004.0,34920.0,21472.0,0.781591,1.365966,CAN,AUS,8851
1790101,41,14,1398,2004.0,86862744.0,3535080.0,2.234603,0.551975,CHE,AUS,8851
1790102,42,14,1398,2004.0,0.0,20970.0,-0.24101399999999998,-0.303103,CHL,AUS,8851
1790103,43,14,1398,2004.0,12359747.0,104110.0,0.710603,2.017234,CHN,AUS,8851
1790104,49,14,1398,2004.0,2982.0,0.0,0.044706,0.514304,COL,AUS,8851
1790105,59,14,1398,2004.0,23068.0,0.0,1.612543,0.607495,CZE,AUS,8851
1790106,61,14,1398,2004.0,497452.0,44461.0,2.4453099999999997,-2.331761,DEU,AUS,8851
1790107,64,14,1398,2004.0,43509.0,4507.0,1.309074,1.2627979999999999,DNK,AUS,8851
1790108,71,14,1398,2004.0,55715.0,33986.0,1.04057,1.789023,ESP,AUS,8851
1790109,74,14,1398,2004.0,42464.0,32683.0,1.9662810000000002,1.018108,FIN,AUS,8851
1790110,75,14,1398,2004.0,25696.0,910884.0,-0.793333,-0.27460100000000004,FJI,AUS,8851
1790111,77,14,1398,2004.0,622500.0,62557.0,1.57079,0.6776760000000001,FRA,AUS,8851
1790112,81,14,1398,2004.0,1564594.0,215742.0,1.872987,0.734065,GBR,AUS,8851
1790113,90,14,1398,2004.0,0.0,2212.0,0.298029,1.745886,GRC,AUS,8851
1790114,93,14,1398,2004.0,0.0,20348.0,-0.39399,0.139128,GTM,AUS,8851
1790115,95,14,1398,2004.0,0.0,14795.0,0.136164,-0.616118,GUM,AUS,8851
1790116,97,14,1398,2004.0,35185252.0,13568897.0,0.72816,1.403171,HKG,AUS,8851
1790117,103,14,1398,2004.0,9277.0,48508.0,0.010095999999999999,1.7413779999999999,IDN,AUS,8851
1790118,104,14,1398,2004.0,95893.0,0.0,0.20872,2.817307,IND,AUS,8851
1790119,106,14,1398,2004.0,3473.0,0.0,1.498475,0.19050799999999998,IRL,AUS,8851
1790120,110,14,1398,2004.0,23685.0,1375.0,1.252895,0.8662770000000001,ISR,AUS,8851
1790121,111,14,1398,2004.0,3270680.0,242103.0,1.440372,0.676068,ITA,AUS,8851
1790122,112,14,1398,2004.0,0.0,94139.0,-0.505365,-0.9596120000000001,JAM,AUS,8851
1790123,114,14,1398,2004.0,4639288.0,3075438.0,2.756136,0.15545,JPN,AUS,8851
1790124,121,14,1398,2004.0,469552.0,249715.0,1.481275,0.7859,KOR,AUS,8851
1790125,124,14,1398,2004.0,16520.0,562188.0,0.269753,1.3152979999999999,LBN,AUS,8851
1790126,142,14,1398,2004.0,1254.0,2974.0,1.2290379999999999,-0.025372,MLT,AUS,8851
1790127,151,14,1398,2004.0,20165.0,1955.0,-0.161262,-0.29730300000000004,MUS,AUS,8851
1790128,153,14,1398,2004.0,156989.0,212010.0,1.250098,0.352379,MYS,AUS,8851
1790129,156,14,1398,2004.0,0.0,184277.0,-0.279566,-0.860456,NCL,AUS,8851
1790130,162,14,1398,2004.0,184928.0,24062.0,1.171327,1.6369799999999999,NLD,AUS,8851
1790131,163,14,1398,2004.0,0.0,3338.0,0.731175,-0.0655,NOR,AUS,8851
1790132,166,14,1398,2004.0,1430634.0,8268435.0,0.44099099999999997,0.968326,NZL,AUS,8851
1790133,168,14,1398,2004.0,2310.0,7757.0,-0.7489600000000001,0.22493200000000002,PAK,AUS,8851
1790134,169,14,1398,2004.0,0.0,5044.0,0.054997000000000004,0.440416,PAN,AUS,8851
1790135,174,14,1398,2004.0,391087.0,1930.0,0.288786,-0.25348699999999996,PHL,AUS,8851
1790136,176,14,1398,2004.0,0.0,167936.0,-1.57259,-1.215066,PNG,AUS,8851
1790137,177,14,1398,2004.0,1891.0,0.0,0.989568,1.49055,POL,AUS,8851
1790138,179,14,1398,2004.0,0.0,2138.0,0.705075,1.7268729999999999,PRT,AUS,8851
1790139,182,14,1398,2004.0,0.0,21678.0,-0.125349,-0.718282,PYF,AUS,8851
1790140,183,14,1398,2004.0,0.0,1037.0,0.018141,-1.03766,QAT,AUS,8851
1790141,188,14,1398,2004.0,0.0,70379.0,0.361324,-0.760732,SAU,AUS,8851
1790142,192,14,1398,2004.0,1192564.0,2166252.0,1.804502,0.570084,SGP,AUS,8851
1790143,195,14,1398,2004.0,0.0,10978.0,-1.337367,-1.051245,SLB,AUS,8851
1790144,207,14,1398,2004.0,17189.0,0.0,1.700677,0.829765,SVN,AUS,8851
1790145,208,14,1398,2004.0,286871.0,16597.0,2.105611,0.707843,SWE,AUS,8851
1790146,216,14,1398,2004.0,4417146.0,187576.0,0.633501,1.4648290000000002,THA,AUS,8851
1790147,220,14,1398,2004.0,10242.0,1446.0,0.437675,-0.21816300000000002,TLS,AUS,8851
1790148,224,14,1398,2004.0,1149.0,0.0,0.249065,1.910598,TUR,AUS,8851
1790149,231,14,1398,2004.0,3907195.0,676006.0,1.818327,-0.17913900000000002,USA,AUS,8851
1790150,239,14,1398,2004.0,0.0,2453.0,-0.46875500000000003,0.734412,VNM,AUS,8851
1790151,240,14,1398,2004.0,0.0,159445.0,-1.284054,-1.0415809999999999,VUT,AUS,8851
1790152,246,14,1398,2004.0,9686.0,450855.0,0.29599699999999995,1.909018,ZAF,AUS,8851
1790153,249,14,1398,2004.0,323043.0,67818.0,1.8844150000000002,1.257951,TWN,AUS,8851
1790154,250,14,1398,2004.0,1681.0,16733.0,0.46240200000000004,-0.406624,ANS,AUS,8851
1790155,5,15,1398,2004.0,2015.0,9660.0,1.122154,0.958434,AND,AUT,8851
1790156,7,15,1398,2004.0,0.0,87123.0,-0.10993399999999999,-0.5351640000000001,ARE,AUT,8851
1790157,8,15,1398,2004.0,7830.0,0.0,-0.070845,0.879574,ARG,AUT,8851
1790158,9,15,1398,2004.0,0.0,136891.0,0.497276,-0.226016,ARM,AUT,8851
1790159,14,15,1398,2004.0,4896.0,53317.0,-0.198735,0.81543,AUS,AUT,8851
1790160,16,15,1398,2004.0,0.0,95028.0,-0.720616,-1.009692,AZE,AUT,8851
1790161,17,15,1398,2004.0,25311.0,0.0,-1.084376,-1.020132,BDI,AUT,8851
1790162,18,15,1398,2004.0,165896.0,2410017.0,1.242665,1.541444,BEL,AUT,8851
1790163,23,15,1398,2004.0,0.0,886622.0,0.390627,1.631006,BGR,AUT,8851
1790164,24,15,1398,2004.0,0.0,8885.0,-0.551237,-1.174628,BHR,AUT,8851
1790165,26,15,1398,2004.0,0.0,236524.0,0.45637,0.6154470000000001,BIH,AUT,8851
1790166,28,15,1398,2004.0,0.0,29800.0,0.9384239999999999,0.9708690000000001,BLR,AUT,8851
1790167,32,15,1398,2004.0,1772.0,3196.0,0.504233,1.567879,BRA,AUT,8851
1790168,39,15,1398,2004.0,5311.0,478482.0,0.781591,1.365966,CAN,AUT,8851
1790169,41,15,1398,2004.0,69681792.0,16168978.0,2.234603,0.551975,CHE,AUT,8851
1790170,43,15,1398,2004.0,2349634.0,79406.0,0.710603,2.017234,CHN,AUT,8851
1790171,52,15,1398,2004.0,0.0,68859.0,-0.036323,-0.313847,CRI,AUT,8851
1790172,58,15,1398,2004.0,0.0,24259.0,0.42732200000000004,0.811763,CYP,AUT,8851
1790173,59,15,1398,2004.0,140334.0,1261787.0,1.612543,0.607495,CZE,AUT,8851
1790174,61,15,1398,2004.0,42493160.0,21083796.0,2.4453099999999997,-2.331761,DEU,AUT,8851
1790175,62,15,1398,2004.0,0.0,66413.0,-0.370222,-0.28660399999999997,DJI,AUT,8851
1790176,64,15,1398,2004.0,64713.0,175860.0,1.309074,1.2627979999999999,DNK,AUT,8851
1790177,68,15,1398,2004.0,0.0,1300.0,-0.35823499999999997,0.5000100000000001,EGY,AUT,8851
1790178,71,15,1398,2004.0,2236342.0,651198.0,1.04057,1.789023,ESP,AUT,8851
1790179,72,15,1398,2004.0,3663.0,137423.0,0.645741,1.035117,EST,AUT,8851
1790180,74,15,1398,2004.0,147556.0,167162.0,1.9662810000000002,1.018108,FIN,AUT,8851
1790181,77,15,1398,2004.0,1458958.0,339366.0,1.57079,0.6776760000000001,FRA,AUT,8851
1790182,81,15,1398,2004.0,1125507.0,6688998.0,1.872987,0.734065,GBR,AUT,8851
1790183,82,15,1398,2004.0,0.0,21619.0,-0.030676,-0.560186,GEO,AUT,8851
1790184,90,15,1398,2004.0,34966.0,433310.0,0.298029,1.745886,GRC,AUT,8851
1790185,97,15,1398,2004.0,19908494.0,1227210.0,0.72816,1.403171,HKG,AUT,8851
1790186,100,15,1398,2004.0,2204.0,406273.0,0.744459,1.1994479999999998,HRV,AUT,8851
1790187,102,15,1398,2004.0,132847.0,5510758.0,1.3579370000000002,0.9993219999999999,HUN,AUT,8851
1790188,104,15,1398,2004.0,3206.0,0.0,0.20872,2.817307,IND,AUT,8851
1790189,105,15,1398,2004.0,0.0,327539.0,1.403157,0.29187399999999997,IOT,AUT,8851
1790190,106,15,1398,2004.0,0.0,310438.0,1.498475,0.19050799999999998,IRL,AUT,8851
1790191,107,15,1398,2004.0,0.0,25105.0,-0.6691699999999999,-1.002548,IRN,AUT,8851
1790192,109,15,1398,2004.0,0.0,95997.0,0.107901,-0.41223699999999996,ISL,AUT,8851
1790193,110,15,1398,2004.0,273297.0,52407.0,1.252895,0.8662770000000001,ISR,AUT,8851
1790194,111,15,1398,2004.0,3884525.0,1958731.0,1.440372,0.676068,ITA,AUT,8851
1790195,114,15,1398,2004.0,264093.0,958604.0,2.756136,0.15545,JPN,AUT,8851
1790196,115,15,1398,2004.0,0.0,4397.0,-0.43987200000000004,-0.50862,KAZ,AUT,8851
1790197,121,15,1398,2004.0,588608.0,99689.0,1.481275,0.7859,KOR,AUT,8851
1790198,122,15,1398,2004.0,0.0,52929.0,-0.8195479999999999,-1.2105709999999998,KWT,AUT,8851
1790199,124,15,1398,2004.0,0.0,8074.0,0.269753,1.3152979999999999,LBN,AUT,8851
1790200,126,15,1398,2004.0,0.0,11091.0,-0.895142,-1.211141,LBY,AUT,8851
1790201,130,15,1398,2004.0,0.0,418964.0,0.341521,0.7971560000000001,LTU,AUT,8851
1790202,131,15,1398,2004.0,19231.0,145808.0,1.258828,1.079923,LUX,AUT,8851
1790203,132,15,1398,2004.0,1756.0,1446546.0,0.415001,0.8476809999999999,LVA,AUT,8851
1790204,133,15,1398,2004.0,0.0,1915.0,-0.12333599999999999,-0.600164,MAC,AUT,8851
1790205,135,15,1398,2004.0,0.0,447118.0,-0.13031900000000002,-0.118591,MDA,AUT,8851
1790206,138,15,1398,2004.0,0.0,2674.0,1.183707,0.9043700000000001,MEX,AUT,8851
1790207,140,15,1398,2004.0,0.0,5998.0,-0.120439,0.27624899999999997,MKD,AUT,8851
1790208,151,15,1398,2004.0,26839.0,0.0,-0.161262,-0.29730300000000004,MUS,AUT,8851
1790209,153,15,1398,2004.0,7378.0,59618.0,1.250098,0.352379,MYS,AUT,8851
1790210,159,15,1398,2004.0,0.0,1365.0,-2.336753,-1.350375,NGA,AUT,8851
1790211,162,15,1398,2004.0,243054.0,1774690.0,1.171327,1.6369799999999999,NLD,AUT,8851
1790212,163,15,1398,2004.0,15331.0,167459.0,0.731175,-0.0655,NOR,AUT,8851
1790213,166,15,1398,2004.0,4527.0,2790.0,0.44099099999999997,0.968326,NZL,AUT,8851
1790214,169,15,1398,2004.0,0.0,10598.0,0.054997000000000004,0.440416,PAN,AUT,8851
1790215,174,15,1398,2004.0,772599.0,0.0,0.288786,-0.25348699999999996,PHL,AUT,8851
1790216,177,15,1398,2004.0,16681.0,1207474.0,0.989568,1.49055,POL,AUT,8851
1790217,179,15,1398,2004.0,0.0,20688.0,0.705075,1.7268729999999999,PRT,AUT,8851
1790218,183,15,1398,2004.0,495751.0,49965.0,0.018141,-1.03766,QAT,AUT,8851
1790219,185,15,1398,2004.0,6059.0,378102.0,0.53925,1.145066,ROU,AUT,8851
1790220,186,15,1398,2004.0,2623.0,4704828.0,0.422803,0.017524,RUS,AUT,8851
1790221,188,15,1398,2004.0,0.0,28337.0,0.361324,-0.760732,SAU,AUT,8851
1790222,189,15,1398,2004.0,0.0,490395.0,0.544686,2.418024,SCG,AUT,8851
1790223,192,15,1398,2004.0,911688.0,511901.0,1.804502,0.570084,SGP,AUT,8851
1790224,206,15,1398,2004.0,231592.0,768455.0,1.2683149999999999,0.9208620000000001,SVK,AUT,8851
1790225,207,15,1398,2004.0,3333.0,544216.0,1.700677,0.829765,SVN,AUT,8851
1790226,208,15,1398,2004.0,657290.0,904689.0,2.105611,0.707843,SWE,AUT,8851
1790227,216,15,1398,2004.0,83586.0,59919.0,0.633501,1.4648290000000002,THA,AUT,8851
1790228,217,15,1398,2004.0,0.0,328776.0,-0.805571,-1.077194,TJK,AUT,8851
1790229,224,15,1398,2004.0,6372.0,26736.0,0.249065,1.910598,TUR,AUT,8851
1790230,228,15,1398,2004.0,0.0,1137360.0,0.672848,1.172735,UKR,AUT,8851
1790231,231,15,1398,2004.0,875923.0,2034420.0,1.818327,-0.17913900000000002,USA,AUT,8851
1790232,236,15,1398,2004.0,0.0,1493.0,-0.41193900000000006,-0.9578899999999999,VEN,AUT,8851
1790233,237,15,1398,2004.0,0.0,1871390.0,0.689844,-0.23942,VGB,AUT,8851
1790234,239,15,1398,2004.0,0.0,94969.0,-0.46875500000000003,0.734412,VNM,AUT,8851
1790235,246,15,1398,2004.0,0.0,181491.0,0.29599699999999995,1.909018,ZAF,AUT,8851
1790236,249,15,1398,2004.0,30966.0,4330.0,1.8844150000000002,1.257951,TWN,AUT,8851
1790237,5,18,1398,2004.0,0.0,34606.0,1.122154,0.958434,AND,BEL,8851
1790238,6,18,1398,2004.0,0.0,4835.0,0.080304,-0.634516,ANT,BEL,8851
1790239,7,18,1398,2004.0,210123.0,122392.0,-0.10993399999999999,-0.5351640000000001,ARE,BEL,8851
1790240,14,18,1398,2004.0,18177.0,17947.0,-0.198735,0.81543,AUS,BEL,8851
1790241,15,18,1398,2004.0,2410017.0,165896.0,1.958949,0.209296,AUT,BEL,8851
1790242,22,18,1398,2004.0,12730.0,0.0,-1.074194,-0.9392389999999999,BGD,BEL,8851
1790243,23,18,1398,2004.0,0.0,3609.0,0.390627,1.631006,BGR,BEL,8851
1790244,24,18,1398,2004.0,0.0,55195.0,-0.551237,-1.174628,BHR,BEL,8851
1790245,31,18,1398,2004.0,0.0,12573.0,-0.841087,-0.770059,BOL,BEL,8851
1790246,32,18,1398,2004.0,0.0,2970.0,0.504233,1.567879,BRA,BEL,8851
1790247,39,18,1398,2004.0,0.0,57763.0,0.781591,1.365966,CAN,BEL,8851
1790248,41,18,1398,2004.0,58738840.0,9560838.0,2.234603,0.551975,CHE,BEL,8851
1790249,43,18,1398,2004.0,15368300.0,55939.0,0.710603,2.017234,CHN,BEL,8851
1790250,44,18,1398,2004.0,0.0,4414.0,-0.835933,-0.749289,CIV,BEL,8851
1790251,45,18,1398,2004.0,0.0,1399.0,-1.380149,-1.220501,CMR,BEL,8851
1790252,46,18,1398,2004.0,0.0,233416.0,-1.426621,-1.198377,COD,BEL,8851
1790253,58,18,1398,2004.0,2395.0,6211.0,0.42732200000000004,0.811763,CYP,BEL,8851
1790254,59,18,1398,2004.0,0.0,6101.0,1.612543,0.607495,CZE,BEL,8851
1790255,61,18,1398,2004.0,12231989.0,3910816.0,2.4453099999999997,-2.331761,DEU,BEL,8851
1790256,62,18,1398,2004.0,0.0,4698.0,-0.370222,-0.28660399999999997,DJI,BEL,8851
1790257,64,18,1398,2004.0,166624.0,51147.0,1.309074,1.2627979999999999,DNK,BEL,8851
1790258,65,18,1398,2004.0,0.0,15412.0,-0.24909699999999999,-0.326783,DOM,BEL,8851
1790259,68,18,1398,2004.0,0.0,27245.0,-0.35823499999999997,0.5000100000000001,EGY,BEL,8851
1790260,71,18,1398,2004.0,9180864.0,1297134.0,1.04057,1.789023,ESP,BEL,8851
1790261,74,18,1398,2004.0,1003.0,22126.0,1.9662810000000002,1.018108,FIN,BEL,8851
1790262,77,18,1398,2004.0,10318597.0,19451372.0,1.57079,0.6776760000000001,FRA,BEL,8851
1790263,80,18,1398,2004.0,0.0,9406.0,-1.006071,-1.212338,GAB,BEL,8851
1790264,81,18,1398,2004.0,1224705.0,1669573.0,1.872987,0.734065,GBR,BEL,8851
1790265,85,18,1398,2004.0,0.0,7942.0,-1.004077,-1.108018,GIN,BEL,8851
1790266,90,18,1398,2004.0,87644.0,336428.0,0.298029,1.745886,GRC,BEL,8851
1790267,97,18,1398,2004.0,8609839.0,2372681.0,0.72816,1.403171,HKG,BEL,8851
1790268,99,18,1398,2004.0,0.0,195713.0,-0.6372140000000001,-0.453946,HND,BEL,8851
1790269,100,18,1398,2004.0,0.0,24501.0,0.744459,1.1994479999999998,HRV,BEL,8851
1790270,102,18,1398,2004.0,21458.0,102174.0,1.3579370000000002,0.9993219999999999,HUN,BEL,8851
1790271,104,18,1398,2004.0,334391.0,83296.0,0.20872,2.817307,IND,BEL,8851
1790272,106,18,1398,2004.0,23307.0,40529.0,1.498475,0.19050799999999998,IRL,BEL,8851
1790273,109,18,1398,2004.0,0.0,6467.0,0.107901,-0.41223699999999996,ISL,BEL,8851
1790274,110,18,1398,2004.0,99601.0,423652.0,1.252895,0.8662770000000001,ISR,BEL,8851
1790275,111,18,1398,2004.0,2989926.0,3525599.0,1.440372,0.676068,ITA,BEL,8851
1790276,114,18,1398,2004.0,391640.0,5364671.0,2.756136,0.15545,JPN,BEL,8851
1790277,115,18,1398,2004.0,0.0,6087.0,-0.43987200000000004,-0.50862,KAZ,BEL,8851
1790278,121,18,1398,2004.0,1383.0,246060.0,1.481275,0.7859,KOR,BEL,8851
1790279,122,18,1398,2004.0,0.0,261120.0,-0.8195479999999999,-1.2105709999999998,KWT,BEL,8851
1790280,124,18,1398,2004.0,0.0,1913.0,0.269753,1.3152979999999999,LBN,BEL,8851
1790281,126,18,1398,2004.0,0.0,8032.0,-0.895142,-1.211141,LBY,BEL,8851
1790282,130,18,1398,2004.0,0.0,35863.0,0.341521,0.7971560000000001,LTU,BEL,8851
1790283,131,18,1398,2004.0,3418662.0,12646139.0,1.258828,1.079923,LUX,BEL,8851
1790284,132,18,1398,2004.0,0.0,34222.0,0.415001,0.8476809999999999,LVA,BEL,8851
1790285,134,18,1398,2004.0,0.0,66402.0,-0.626594,-0.22253499999999998,MAR,BEL,8851
1790286,138,18,1398,2004.0,0.0,26396.0,1.183707,0.9043700000000001,MEX,BEL,8851
1790287,142,18,1398,2004.0,0.0,22472.0,1.2290379999999999,-0.025372,MLT,BEL,8851
1790288,151,18,1398,2004.0,0.0,72665.0,-0.161262,-0.29730300000000004,MUS,BEL,8851
1790289,153,18,1398,2004.0,2031.0,54712.0,1.250098,0.352379,MYS,BEL,8851
1790290,157,18,1398,2004.0,0.0,1108.0,-1.102485,-0.850282,NER,BEL,8851
1790291,159,18,1398,2004.0,0.0,4090.0,-2.336753,-1.350375,NGA,BEL,8851
1790292,162,18,1398,2004.0,4228698.0,6736624.0,1.171327,1.6369799999999999,NLD,BEL,8851
1790293,163,18,1398,2004.0,0.0,181941.0,0.731175,-0.0655,NOR,BEL,8851
1790294,167,18,1398,2004.0,0.0,2655.0,-0.707862,-1.187629,OMN,BEL,8851
1790295,168,18,1398,2004.0,0.0,3877.0,-0.7489600000000001,0.22493200000000002,PAK,BEL,8851
1790296,169,18,1398,2004.0,22897.0,0.0,0.054997000000000004,0.440416,PAN,BEL,8851
1790297,174,18,1398,2004.0,17424.0,128308.0,0.288786,-0.25348699999999996,PHL,BEL,8851
1790298,177,18,1398,2004.0,28407.0,34057.0,0.989568,1.49055,POL,BEL,8851
1790299,179,18,1398,2004.0,15137.0,710945.0,0.705075,1.7268729999999999,PRT,BEL,8851
1790300,183,18,1398,2004.0,12534.0,139835.0,0.018141,-1.03766,QAT,BEL,8851
1790301,185,18,1398,2004.0,0.0,20695.0,0.53925,1.145066,ROU,BEL,8851
1790302,186,18,1398,2004.0,1044.0,137509.0,0.422803,0.017524,RUS,BEL,8851
1790303,187,18,1398,2004.0,0.0,3733.0,-1.3090190000000002,-1.063632,RWA,BEL,8851
1790304,188,18,1398,2004.0,2639.0,143057.0,0.361324,-0.760732,SAU,BEL,8851
1790305,191,18,1398,2004.0,0.0,23778.0,-0.620158,-0.296575,SEN,BEL,8851
1790306,192,18,1398,2004.0,158626.0,72026.0,1.804502,0.570084,SGP,BEL,8851
1790307,206,18,1398,2004.0,0.0,16792.0,1.2683149999999999,0.9208620000000001,SVK,BEL,8851
1790308,207,18,1398,2004.0,19181.0,23888.0,1.700677,0.829765,SVN,BEL,8851
1790309,208,18,1398,2004.0,564602.0,972472.0,2.105611,0.707843,SWE,BEL,8851
1790310,212,18,1398,2004.0,0.0,55428.0,-0.698545,-0.111323,SYR,BEL,8851
1790311,216,18,1398,2004.0,46278.0,49834.0,0.633501,1.4648290000000002,THA,BEL,8851
1790312,222,18,1398,2004.0,0.0,2626.0,-0.108049,-0.923523,TTO,BEL,8851
1790313,223,18,1398,2004.0,0.0,52742.0,-0.125092,0.370625,TUN,BEL,8851
1790314,224,18,1398,2004.0,44921.0,102104.0,0.249065,1.910598,TUR,BEL,8851
1790315,228,18,1398,2004.0,0.0,2998.0,0.672848,1.172735,UKR,BEL,8851
1790316,231,18,1398,2004.0,501784.0,1110439.0,1.818327,-0.17913900000000002,USA,BEL,8851
1790317,236,18,1398,2004.0,0.0,22509.0,-0.41193900000000006,-0.9578899999999999,VEN,BEL,8851
1790318,239,18,1398,2004.0,0.0,4715.0,-0.46875500000000003,0.734412,VNM,BEL,8851
1790319,246,18,1398,2004.0,0.0,70024.0,0.29599699999999995,1.909018,ZAF,BEL,8851
1790320,249,18,1398,2004.0,66343.0,12215.0,1.8844150000000002,1.257951,TWN,BEL,8851
1790321,250,18,1398,2004.0,0.0,7386.0,0.46240200000000004,-0.406624,ANS,BEL,8851
1790322,39,25,1398,2004.0,7119.0,0.0,0.781591,1.365966,CAN,BHS,8851
1790323,41,25,1398,2004.0,18075936.0,19172.0,2.234603,0.551975,CHE,BHS,8851
1790324,42,25,1398,2004.0,0.0,2013.0,-0.24101399999999998,-0.303103,CHL,BHS,8851
1790325,54,25,1398,2004.0,103146.0,0.0,-0.16826,-0.644388,CUB,BHS,8851
1790326,57,25,1398,2004.0,0.0,3281.0,0.47268999999999994,-0.742781,CYM,BHS,8851
1790327,61,25,1398,2004.0,124045.0,1646.0,2.4453099999999997,-2.331761,DEU,BHS,8851
1790328,71,25,1398,2004.0,108195.0,0.0,1.04057,1.789023,ESP,BHS,8851
1790329,77,25,1398,2004.0,30468.0,0.0,1.57079,0.6776760000000001,FRA,BHS,8851
1790330,81,25,1398,2004.0,724880.0,8312.0,1.872987,0.734065,GBR,BHS,8851
1790331,90,25,1398,2004.0,0.0,23909.0,0.298029,1.745886,GRC,BHS,8851
1790332,97,25,1398,2004.0,28326.0,0.0,0.72816,1.403171,HKG,BHS,8851
1790333,106,25,1398,2004.0,7090.0,0.0,1.498475,0.19050799999999998,IRL,BHS,8851
1790334,114,25,1398,2004.0,778290.0,14584.0,2.756136,0.15545,JPN,BHS,8851
1790335,138,25,1398,2004.0,3253.0,0.0,1.183707,0.9043700000000001,MEX,BHS,8851
1790336,208,25,1398,2004.0,47855.0,0.0,2.105611,0.707843,SWE,BHS,8851
1790337,231,25,1398,2004.0,10858256.0,360633.0,1.818327,-0.17913900000000002,USA,BHS,8851
1790338,250,25,1398,2004.0,97756.0,0.0,0.46240200000000004,-0.406624,ANS,BHS,8851
1790339,2,32,1398,2004.0,0.0,17135.0,-0.8688110000000001,-1.198692,AGO,BRA,8851
1790340,6,32,1398,2004.0,0.0,1141.0,0.080304,-0.634516,ANT,BRA,8851
1790341,8,32,1398,2004.0,0.0,150485.0,-0.070845,0.879574,ARG,BRA,8851
1790342,14,32,1398,2004.0,2491.0,0.0,-0.198735,0.81543,AUS,BRA,8851
1790343,15,32,1398,2004.0,3196.0,1772.0,1.958949,0.209296,AUT,BRA,8851
1790344,18,32,1398,2004.0,2970.0,0.0,1.242665,1.541444,BEL,BRA,8851
1790345,31,32,1398,2004.0,0.0,2819.0,-0.841087,-0.770059,BOL,BRA,8851
1790346,41,32,1398,2004.0,13687357.0,1095218.0,2.234603,0.551975,CHE,BRA,8851
1790347,42,32,1398,2004.0,317042.0,5524.0,-0.24101399999999998,-0.303103,CHL,BRA,8851
1790348,43,32,1398,2004.0,7922060.0,0.0,0.710603,2.017234,CHN,BRA,8851
1790349,61,32,1398,2004.0,374881.0,162269.0,2.4453099999999997,-2.331761,DEU,BRA,8851
1790350,64,32,1398,2004.0,1231.0,0.0,1.309074,1.2627979999999999,DNK,BRA,8851
1790351,65,32,1398,2004.0,0.0,1893.0,-0.24909699999999999,-0.326783,DOM,BRA,8851
1790352,67,32,1398,2004.0,0.0,10769.0,-0.990727,-0.9383090000000001,ECU,BRA,8851
1790353,71,32,1398,2004.0,82463.0,12276.0,1.04057,1.789023,ESP,BRA,8851
1790354,74,32,1398,2004.0,220490.0,4645.0,1.9662810000000002,1.018108,FIN,BRA,8851
1790355,77,32,1398,2004.0,281205.0,29563.0,1.57079,0.6776760000000001,FRA,BRA,8851
1790356,81,32,1398,2004.0,566306.0,3287.0,1.872987,0.734065,GBR,BRA,8851
1790357,90,32,1398,2004.0,0.0,6541.0,0.298029,1.745886,GRC,BRA,8851
1790358,97,32,1398,2004.0,16711473.0,414922.0,0.72816,1.403171,HKG,BRA,8851
1790359,110,32,1398,2004.0,1114.0,1111.0,1.252895,0.8662770000000001,ISR,BRA,8851
1790360,111,32,1398,2004.0,471583.0,4869.0,1.440372,0.676068,ITA,BRA,8851
1790361,112,32,1398,2004.0,0.0,88851.0,-0.505365,-0.9596120000000001,JAM,BRA,8851
1790362,114,32,1398,2004.0,3669132.0,415402.0,2.756136,0.15545,JPN,BRA,8851
1790363,121,32,1398,2004.0,199979.0,0.0,1.481275,0.7859,KOR,BRA,8851
1790364,138,32,1398,2004.0,0.0,5066.0,1.183707,0.9043700000000001,MEX,BRA,8851
1790365,153,32,1398,2004.0,129097.0,0.0,1.250098,0.352379,MYS,BRA,8851
1790366,162,32,1398,2004.0,19712.0,3637.0,1.171327,1.6369799999999999,NLD,BRA,8851
1790367,169,32,1398,2004.0,0.0,100511.0,0.054997000000000004,0.440416,PAN,BRA,8851
1790368,173,32,1398,2004.0,0.0,40048.0,-0.609837,0.13314,PER,BRA,8851
1790369,174,32,1398,2004.0,1704731.0,0.0,0.288786,-0.25348699999999996,PHL,BRA,8851
1790370,179,32,1398,2004.0,31466.0,11040.0,0.705075,1.7268729999999999,PRT,BRA,8851
1790371,180,32,1398,2004.0,0.0,107504.0,-0.634469,-0.870034,PRY,BRA,8851
1790372,216,32,1398,2004.0,235389.0,2025.0,0.633501,1.4648290000000002,THA,BRA,8851
1790373,230,32,1398,2004.0,0.0,22396.0,-0.051583000000000004,0.145056,URY,BRA,8851
1790374,231,32,1398,2004.0,4005736.0,229973.0,1.818327,-0.17913900000000002,USA,BRA,8851
1790375,236,32,1398,2004.0,0.0,5313.0,-0.41193900000000006,-0.9578899999999999,VEN,BRA,8851
1790376,249,32,1398,2004.0,146075.0,0.0,1.8844150000000002,1.257951,TWN,BRA,8851
1790377,39,33,1398,2004.0,2591.0,0.0,0.781591,1.365966,CAN,BRB,8851
1790378,41,33,1398,2004.0,3587863.0,8791.0,2.234603,0.551975,CHE,BRB,8851
1790379,43,33,1398,2004.0,15454.0,0.0,0.710603,2.017234,CHN,BRB,8851
1790380,81,33,1398,2004.0,156670.0,33449.0,1.872987,0.734065,GBR,BRB,8851
1790381,97,33,1398,2004.0,15635.0,0.0,0.72816,1.403171,HKG,BRB,8851
1790382,106,33,1398,2004.0,1250.0,9637.0,1.498475,0.19050799999999998,IRL,BRB,8851
1790383,112,33,1398,2004.0,3521.0,0.0,-0.505365,-0.9596120000000001,JAM,BRB,8851
1790384,114,33,1398,2004.0,2397.0,0.0,2.756136,0.15545,JPN,BRB,8851
1790385,127,33,1398,2004.0,78784.0,0.0,0.31900300000000004,-0.346391,LCA,BRB,8851
1790386,231,33,1398,2004.0,6730219.0,23581.0,1.818327,-0.17913900000000002,USA,BRB,8851
1790387,0,39,1398,2004.0,0.0,41223.0,0.074978,-0.8537239999999999,ABW,CAN,8851
1790388,6,39,1398,2004.0,0.0,65199.0,0.080304,-0.634516,ANT,CAN,8851
1790389,7,39,1398,2004.0,31949.0,31932.0,-0.10993399999999999,-0.5351640000000001,ARE,CAN,8851
1790390,14,39,1398,2004.0,21472.0,34920.0,-0.198735,0.81543,AUS,CAN,8851
1790391,15,39,1398,2004.0,478482.0,5311.0,1.958949,0.209296,AUT,CAN,8851
1790392,18,39,1398,2004.0,57763.0,0.0,1.242665,1.541444,BEL,CAN,8851
1790393,23,39,1398,2004.0,8830.0,0.0,0.390627,1.631006,BGR,CAN,8851
1790394,25,39,1398,2004.0,0.0,7119.0,0.029548,-0.692239,BHS,CAN,8851
1790395,30,39,1398,2004.0,2270.0,13925.0,0.67576,-0.49529799999999996,BMU,CAN,8851
1790396,33,39,1398,2004.0,0.0,2591.0,0.644308,0.290054,BRB,CAN,8851
1790397,41,39,1398,2004.0,53926472.0,823857.0,2.234603,0.551975,CHE,CAN,8851
1790398,42,39,1398,2004.0,1581.0,4801.0,-0.24101399999999998,-0.303103,CHL,CAN,8851
1790399,43,39,1398,2004.0,25421674.0,111532.0,0.710603,2.017234,CHN,CAN,8851
1790400,54,39,1398,2004.0,0.0,22191.0,-0.16826,-0.644388,CUB,CAN,8851
1790401,57,39,1398,2004.0,2006.0,0.0,0.47268999999999994,-0.742781,CYM,CAN,8851
1790402,58,39,1398,2004.0,0.0,6308.0,0.42732200000000004,0.811763,CYP,CAN,8851
1790403,61,39,1398,2004.0,1972518.0,295360.0,2.4453099999999997,-2.331761,DEU,CAN,8851
1790404,64,39,1398,2004.0,134399.0,3218.0,1.309074,1.2627979999999999,DNK,CAN,8851
1790405,67,39,1398,2004.0,0.0,85648.0,-0.990727,-0.9383090000000001,ECU,CAN,8851
1790406,71,39,1398,2004.0,55526.0,2058.0,1.04057,1.789023,ESP,CAN,8851
1790407,74,39,1398,2004.0,215536.0,4401.0,1.9662810000000002,1.018108,FIN,CAN,8851
1790408,77,39,1398,2004.0,1002150.0,0.0,1.57079,0.6776760000000001,FRA,CAN,8851
1790409,81,39,1398,2004.0,1203766.0,113254.0,1.872987,0.734065,GBR,CAN,8851
1790410,83,39,1398,2004.0,0.0,2025.0,-1.015073,-0.9147069999999999,GHA,CAN,8851
1790411,90,39,1398,2004.0,24194.0,2666.0,0.298029,1.745886,GRC,CAN,8851
1790412,97,39,1398,2004.0,10202583.0,1785669.0,0.72816,1.403171,HKG,CAN,8851
1790413,100,39,1398,2004.0,0.0,20872.0,0.744459,1.1994479999999998,HRV,CAN,8851
1790414,103,39,1398,2004.0,61904.0,0.0,0.010095999999999999,1.7413779999999999,IDN,CAN,8851
1790415,104,39,1398,2004.0,117998.0,2110.0,0.20872,2.817307,IND,CAN,8851
1790416,106,39,1398,2004.0,59000.0,1700.0,1.498475,0.19050799999999998,IRL,CAN,8851
1790417,109,39,1398,2004.0,0.0,2067.0,0.107901,-0.41223699999999996,ISL,CAN,8851
1790418,110,39,1398,2004.0,21997.0,8391.0,1.252895,0.8662770000000001,ISR,CAN,8851
1790419,111,39,1398,2004.0,4534002.0,25960.0,1.440372,0.676068,ITA,CAN,8851
1790420,112,39,1398,2004.0,0.0,106082.0,-0.505365,-0.9596120000000001,JAM,CAN,8851
1790421,113,39,1398,2004.0,31652.0,0.0,0.16384200000000002,0.34270100000000003,JOR,CAN,8851
1790422,114,39,1398,2004.0,3954878.0,50924.0,2.756136,0.15545,JPN,CAN,8851
1790423,117,39,1398,2004.0,0.0,7274.0,-0.263776,0.503736,KGZ,CAN,8851
1790424,120,39,1398,2004.0,0.0,13168.0,0.5528109999999999,-0.342657,KNA,CAN,8851
1790425,121,39,1398,2004.0,132020.0,4722.0,1.481275,0.7859,KOR,CAN,8851
1790426,127,39,1398,2004.0,0.0,12985.0,0.31900300000000004,-0.346391,LCA,CAN,8851
1790427,130,39,1398,2004.0,4512.0,0.0,0.341521,0.7971560000000001,LTU,CAN,8851
1790428,131,39,1398,2004.0,1681.0,7332.0,1.258828,1.079923,LUX,CAN,8851
1790429,138,39,1398,2004.0,5550.0,51861.0,1.183707,0.9043700000000001,MEX,CAN,8851
1790430,153,39,1398,2004.0,190546.0,8197.0,1.250098,0.352379,MYS,CAN,8851
1790431,159,39,1398,2004.0,0.0,7429.0,-2.336753,-1.350375,NGA,CAN,8851
1790432,162,39,1398,2004.0,434834.0,23658.0,1.171327,1.6369799999999999,NLD,CAN,8851
1790433,163,39,1398,2004.0,0.0,5611.0,0.731175,-0.0655,NOR,CAN,8851
1790434,166,39,1398,2004.0,0.0,2541.0,0.44099099999999997,0.968326,NZL,CAN,8851
1790435,167,39,1398,2004.0,0.0,1381.0,-0.707862,-1.187629,OMN,CAN,8851
1790436,168,39,1398,2004.0,0.0,3319.0,-0.7489600000000001,0.22493200000000002,PAK,CAN,8851
1790437,173,39,1398,2004.0,0.0,3353.0,-0.609837,0.13314,PER,CAN,8851
1790438,174,39,1398,2004.0,8644903.0,54622.0,0.288786,-0.25348699999999996,PHL,CAN,8851
1790439,176,39,1398,2004.0,0.0,2047.0,-1.57259,-1.215066,PNG,CAN,8851
1790440,177,39,1398,2004.0,4987.0,0.0,0.989568,1.49055,POL,CAN,8851
1790441,179,39,1398,2004.0,2429.0,99170.0,0.705075,1.7268729999999999,PRT,CAN,8851
1790442,185,39,1398,2004.0,0.0,1153.0,0.53925,1.145066,ROU,CAN,8851
1790443,186,39,1398,2004.0,44608.0,10027.0,0.422803,0.017524,RUS,CAN,8851
1790444,188,39,1398,2004.0,0.0,48458.0,0.361324,-0.760732,SAU,CAN,8851
1790445,192,39,1398,2004.0,37161.0,1392.0,1.804502,0.570084,SGP,CAN,8851
1790446,207,39,1398,2004.0,1936.0,0.0,1.700677,0.829765,SVN,CAN,8851
1790447,208,39,1398,2004.0,216744.0,7176.0,2.105611,0.707843,SWE,CAN,8851
1790448,216,39,1398,2004.0,1711059.0,48860.0,0.633501,1.4648290000000002,THA,CAN,8851
1790449,222,39,1398,2004.0,0.0,21562.0,-0.108049,-0.923523,TTO,CAN,8851
1790450,224,39,1398,2004.0,8143.0,0.0,0.249065,1.910598,TUR,CAN,8851
1790451,226,39,1398,2004.0,0.0,10410.0,-0.935327,0.362709,TZA,CAN,8851
1790452,231,39,1398,2004.0,40518884.0,9413166.0,1.818327,-0.17913900000000002,USA,CAN,8851
1790453,234,39,1398,2004.0,0.0,6066.0,-0.706188,-0.9244120000000001,VCT,CAN,8851
1790454,237,39,1398,2004.0,6188.0,0.0,0.689844,-0.23942,VGB,CAN,8851
1790455,246,39,1398,2004.0,2081.0,3487.0,0.29599699999999995,1.909018,ZAF,CAN,8851
1790456,249,39,1398,2004.0,255247.0,0.0,1.8844150000000002,1.257951,TWN,CAN,8851
1790457,0,41,1398,2004.0,0.0,9463869.0,0.074978,-0.8537239999999999,ABW,CHE,8851
1790458,1,41,1398,2004.0,0.0,673817.0,-0.8890309999999999,-0.773602,AFG,CHE,8851
1790459,2,41,1398,2004.0,0.0,207383.0,-0.8688110000000001,-1.198692,AGO,CHE,8851
1790460,4,41,1398,2004.0,0.0,61458.0,-0.142479,0.136074,ALB,CHE,8851
1790461,5,41,1398,2004.0,29994.0,1960890.0,1.122154,0.958434,AND,CHE,8851
1790462,6,41,1398,2004.0,336412.0,14713879.0,0.080304,-0.634516,ANT,CHE,8851
1790463,7,41,1398,2004.0,21940050.0,261225328.0,-0.10993399999999999,-0.5351640000000001,ARE,CHE,8851
1790464,8,41,1398,2004.0,265913.0,14889191.0,-0.070845,0.879574,ARG,CHE,8851
1790465,9,41,1398,2004.0,272119.0,226062.0,0.497276,-0.226016,ARM,CHE,8851
1790466,13,41,1398,2004.0,0.0,2915026.0,-0.28271,-0.850197,ATG,CHE,8851
1790467,14,41,1398,2004.0,3535080.0,86862744.0,-0.198735,0.81543,AUS,CHE,8851
1790468,15,41,1398,2004.0,16168978.0,69681792.0,1.958949,0.209296,AUT,CHE,8851
1790469,16,41,1398,2004.0,239393.0,4199628.0,-0.720616,-1.009692,AZE,CHE,8851
1790470,18,41,1398,2004.0,9560838.0,58738840.0,1.242665,1.541444,BEL,CHE,8851
1790471,22,41,1398,2004.0,0.0,365171.0,-1.074194,-0.9392389999999999,BGD,CHE,8851
1790472,23,41,1398,2004.0,49912.0,2276066.0,0.390627,1.631006,BGR,CHE,8851
1790473,24,41,1398,2004.0,9711561.0,32686728.0,-0.551237,-1.174628,BHR,CHE,8851
1790474,25,41,1398,2004.0,19172.0,18075936.0,0.029548,-0.692239,BHS,CHE,8851
1790475,26,41,1398,2004.0,27418.0,212076.0,0.45637,0.6154470000000001,BIH,CHE,8851
1790476,28,41,1398,2004.0,2582.0,1030484.0,0.9384239999999999,0.9708690000000001,BLR,CHE,8851
1790477,29,41,1398,2004.0,0.0,432221.0,-0.528459,-0.739219,BLZ,CHE,8851
1790478,30,41,1398,2004.0,12011.0,4291903.0,0.67576,-0.49529799999999996,BMU,CHE,8851
1790479,31,41,1398,2004.0,0.0,524617.0,-0.841087,-0.770059,BOL,CHE,8851
1790480,32,41,1398,2004.0,1095218.0,13687357.0,0.504233,1.567879,BRA,CHE,8851
1790481,33,41,1398,2004.0,8791.0,3587863.0,0.644308,0.290054,BRB,CHE,8851
1790482,34,41,1398,2004.0,0.0,609759.0,-0.720827,-0.964435,BRN,CHE,8851
1790483,37,41,1398,2004.0,0.0,1558.0,-0.435159,-1.150519,BWA,CHE,8851
1790484,39,41,1398,2004.0,823857.0,53926472.0,0.781591,1.365966,CAN,CHE,8851
1790485,42,41,1398,2004.0,93546.0,6090274.0,-0.24101399999999998,-0.303103,CHL,CHE,8851
1790486,43,41,1398,2004.0,47471364.0,203685520.0,0.710603,2.017234,CHN,CHE,8851
1790487,44,41,1398,2004.0,29840.0,470328.0,-0.835933,-0.749289,CIV,CHE,8851
1790488,45,41,1398,2004.0,0.0,56024.0,-1.380149,-1.220501,CMR,CHE,8851
1790489,46,41,1398,2004.0,0.0,205994.0,-1.426621,-1.198377,COD,CHE,8851
1790490,47,41,1398,2004.0,0.0,22245.0,-1.415254,-1.24599,COG,CHE,8851
1790491,49,41,1398,2004.0,77588.0,6301071.0,0.044706,0.514304,COL,CHE,8851
1790492,52,41,1398,2004.0,105583.0,981211.0,-0.036323,-0.313847,CRI,CHE,8851
1790493,54,41,1398,2004.0,0.0,427735.0,-0.16826,-0.644388,CUB,CHE,8851
1790494,57,41,1398,2004.0,0.0,13453037.0,0.47268999999999994,-0.742781,CYM,CHE,8851
1790495,58,41,1398,2004.0,582719.0,4286548.0,0.42732200000000004,0.811763,CYP,CHE,8851
1790496,59,41,1398,2004.0,604958.0,9851784.0,1.612543,0.607495,CZE,CHE,8851
1790497,61,41,1398,2004.0,103659360.0,460668768.0,2.4453099999999997,-2.331761,DEU,CHE,8851
1790498,62,41,1398,2004.0,0.0,14087.0,-0.370222,-0.28660399999999997,DJI,CHE,8851
1790499,64,41,1398,2004.0,980648.0,14551575.0,1.309074,1.2627979999999999,DNK,CHE,8851
1790500,65,41,1398,2004.0,1299.0,1552589.0,-0.24909699999999999,-0.326783,DOM,CHE,8851
1790501,66,41,1398,2004.0,0.0,2640838.0,-1.166661,-1.2240879999999998,DZA,CHE,8851
1790502,67,41,1398,2004.0,12118.0,1247756.0,-0.990727,-0.9383090000000001,ECU,CHE,8851
1790503,68,41,1398,2004.0,170559.0,14500789.0,-0.35823499999999997,0.5000100000000001,EGY,CHE,8851
1790504,69,41,1398,2004.0,0.0,7368.0,0.390463,0.144876,ERI,CHE,8851
1790505,71,41,1398,2004.0,24425006.0,298913344.0,1.04057,1.789023,ESP,CHE,8851
1790506,72,41,1398,2004.0,0.0,697194.0,0.645741,1.035117,EST,CHE,8851
1790507,73,41,1398,2004.0,0.0,125636.0,-1.202444,-0.8973120000000001,ETH,CHE,8851
1790508,74,41,1398,2004.0,103532.0,9781058.0,1.9662810000000002,1.018108,FIN,CHE,8851
1790509,75,41,1398,2004.0,0.0,1666.0,-0.793333,-0.27460100000000004,FJI,CHE,8851
1790510,77,41,1398,2004.0,103174960.0,431131936.0,1.57079,0.6776760000000001,FRA,CHE,8851
1790511,80,41,1398,2004.0,0.0,1031761.0,-1.006071,-1.212338,GAB,CHE,8851
1790512,81,41,1398,2004.0,71637984.0,379148352.0,1.872987,0.734065,GBR,CHE,8851
1790513,82,41,1398,2004.0,0.0,128987.0,-0.030676,-0.560186,GEO,CHE,8851
1790514,83,41,1398,2004.0,1500.0,69682.0,-1.015073,-0.9147069999999999,GHA,CHE,8851
1790515,84,41,1398,2004.0,6337.0,1230808.0,0.501154,-0.562796,GIB,CHE,8851
1790516,85,41,1398,2004.0,0.0,16862.0,-1.004077,-1.108018,GIN,CHE,8851
1790517,89,41,1398,2004.0,0.0,135819.0,-1.9282080000000001,-0.928127,GNQ,CHE,8851
1790518,90,41,1398,2004.0,2229933.0,50176248.0,0.298029,1.745886,GRC,CHE,8851
1790519,93,41,1398,2004.0,0.0,372400.0,-0.39399,0.139128,GTM,CHE,8851
1790520,97,41,1398,2004.0,146733040.0,1242702592.0,0.72816,1.403171,HKG,CHE,8851
1790521,99,41,1398,2004.0,0.0,292264.0,-0.6372140000000001,-0.453946,HND,CHE,8851
1790522,100,41,1398,2004.0,14001.0,2940345.0,0.744459,1.1994479999999998,HRV,CHE,8851
1790523,101,41,1398,2004.0,0.0,280596.0,-0.919434,-0.9868950000000001,HTI,CHE,8851
1790524,102,41,1398,2004.0,565668.0,8249444.0,1.3579370000000002,0.9993219999999999,HUN,CHE,8851
1790525,103,41,1398,2004.0,4260.0,2693645.0,0.010095999999999999,1.7413779999999999,IDN,CHE,8851
1790526,104,41,1398,2004.0,795165.0,11439457.0,0.20872,2.817307,IND,CHE,8851
1790527,106,41,1398,2004.0,2344924.0,4760106.0,1.498475,0.19050799999999998,IRL,CHE,8851
1790528,107,41,1398,2004.0,24179.0,6965700.0,-0.6691699999999999,-1.002548,IRN,CHE,8851
1790529,108,41,1398,2004.0,0.0,141544.0,-1.50824,-1.082486,IRQ,CHE,8851
1790530,109,41,1398,2004.0,153518.0,2158990.0,0.107901,-0.41223699999999996,ISL,CHE,8851
1790531,110,41,1398,2004.0,2566190.0,20862626.0,1.252895,0.8662770000000001,ISR,CHE,8851
1790532,111,41,1398,2004.0,194238016.0,638790976.0,1.440372,0.676068,ITA,CHE,8851
1790533,112,41,1398,2004.0,5435.0,10866113.0,-0.505365,-0.9596120000000001,JAM,CHE,8851
1790534,113,41,1398,2004.0,866539.0,9874002.0,0.16384200000000002,0.34270100000000003,JOR,CHE,8851
1790535,114,41,1398,2004.0,16152378.0,979729728.0,2.756136,0.15545,JPN,CHE,8851
1790536,115,41,1398,2004.0,373840.0,4883603.0,-0.43987200000000004,-0.50862,KAZ,CHE,8851
1790537,116,41,1398,2004.0,0.0,392204.0,-0.565597,0.182375,KEN,CHE,8851
1790538,117,41,1398,2004.0,0.0,24797.0,-0.263776,0.503736,KGZ,CHE,8851
1790539,118,41,1398,2004.0,0.0,8368.0,-1.145227,-1.19179,KHM,CHE,8851
1790540,120,41,1398,2004.0,0.0,95915.0,0.5528109999999999,-0.342657,KNA,CHE,8851
1790541,121,41,1398,2004.0,3617669.0,56781720.0,1.481275,0.7859,KOR,CHE,8851
1790542,122,41,1398,2004.0,3258156.0,40974200.0,-0.8195479999999999,-1.2105709999999998,KWT,CHE,8851
1790543,124,41,1398,2004.0,1837597.0,9055025.0,0.269753,1.3152979999999999,LBN,CHE,8851
1790544,125,41,1398,2004.0,754008.0,6049648.0,0.037469,-1.036878,LBR,CHE,8851
1790545,126,41,1398,2004.0,112770.0,2681108.0,-0.895142,-1.211141,LBY,CHE,8851
1790546,127,41,1398,2004.0,0.0,2831680.0,0.31900300000000004,-0.346391,LCA,CHE,8851
1790547,128,41,1398,2004.0,0.0,575796.0,-0.42450299999999996,0.173518,LKA,CHE,8851
1790548,130,41,1398,2004.0,7199.0,1275880.0,0.341521,0.7971560000000001,LTU,CHE,8851
1790549,131,41,1398,2004.0,18773.0,5081620.0,1.258828,1.079923,LUX,CHE,8851
1790550,132,41,1398,2004.0,7109.0,3140530.0,0.415001,0.8476809999999999,LVA,CHE,8851
1790551,133,41,1398,2004.0,0.0,812740.0,-0.12333599999999999,-0.600164,MAC,CHE,8851
1790552,134,41,1398,2004.0,1270020.0,5219890.0,-0.626594,-0.22253499999999998,MAR,CHE,8851
1790553,135,41,1398,2004.0,65721.0,2784787.0,-0.13031900000000002,-0.118591,MDA,CHE,8851
1790554,136,41,1398,2004.0,0.0,84514.0,-1.1010799999999998,-0.7367859999999999,MDG,CHE,8851
1790555,137,41,1398,2004.0,0.0,428746.0,-0.44303000000000003,-0.841744,MDV,CHE,8851
1790556,138,41,1398,2004.0,554509.0,70935240.0,1.183707,0.9043700000000001,MEX,CHE,8851
1790557,139,41,1398,2004.0,0.0,1580281.0,-0.712684,-0.88944,MHL,CHE,8851
1790558,140,41,1398,2004.0,585625.0,273837.0,-0.120439,0.27624899999999997,MKD,CHE,8851
1790559,141,41,1398,2004.0,2226.0,3800.0,-0.5807979999999999,-0.797311,MLI,CHE,8851
1790560,142,41,1398,2004.0,144003.0,3177115.0,1.2290379999999999,-0.025372,MLT,CHE,8851
1790561,143,41,1398,2004.0,0.0,1337.0,-1.048261,-0.828443,MMR,CHE,8851
1790562,145,41,1398,2004.0,0.0,48158.0,-0.920198,-1.1059219999999998,MNG,CHE,8851
1790563,146,41,1398,2004.0,0.0,12910.0,-0.22844699999999998,-0.684888,MNP,CHE,8851
1790564,147,41,1398,2004.0,0.0,1474.0,-1.009633,-0.9863059999999999,MOZ,CHE,8851
1790565,148,41,1398,2004.0,0.0,10230.0,-1.8941119999999998,-1.357728,MRT,CHE,8851
1790566,151,41,1398,2004.0,2034310.0,1657722.0,-0.161262,-0.29730300000000004,MUS,CHE,8851
1790567,152,41,1398,2004.0,0.0,1313.0,-1.233417,-1.071204,MWI,CHE,8851
1790568,153,41,1398,2004.0,2166864.0,22564186.0,1.250098,0.352379,MYS,CHE,8851
1790569,155,41,1398,2004.0,0.0,12249.0,-0.408989,-0.462016,NAM,CHE,8851
1790570,156,41,1398,2004.0,0.0,17788.0,-0.279566,-0.860456,NCL,CHE,8851
1790571,159,41,1398,2004.0,5179.0,11345660.0,-2.336753,-1.350375,NGA,CHE,8851
1790572,160,41,1398,2004.0,0.0,124696.0,-1.003846,-0.697642,NIC,CHE,8851
1790573,162,41,1398,2004.0,13112107.0,73228896.0,1.171327,1.6369799999999999,NLD,CHE,8851
1790574,163,41,1398,2004.0,725768.0,13926451.0,0.731175,-0.0655,NOR,CHE,8851
1790575,164,41,1398,2004.0,0.0,698611.0,-0.16800199999999998,0.541976,NPL,CHE,8851
1790576,166,41,1398,2004.0,28854.0,6693675.0,0.44099099999999997,0.968326,NZL,CHE,8851
1790577,167,41,1398,2004.0,431733.0,12705726.0,-0.707862,-1.187629,OMN,CHE,8851
1790578,168,41,1398,2004.0,0.0,12378527.0,-0.7489600000000001,0.22493200000000002,PAK,CHE,8851
1790579,169,41,1398,2004.0,352487.0,41925936.0,0.054997000000000004,0.440416,PAN,CHE,8851
1790580,173,41,1398,2004.0,0.0,1419274.0,-0.609837,0.13314,PER,CHE,8851
1790581,174,41,1398,2004.0,107175.0,6215170.0,0.288786,-0.25348699999999996,PHL,CHE,8851
1790582,176,41,1398,2004.0,0.0,3584.0,-1.57259,-1.215066,PNG,CHE,8851
1790583,177,41,1398,2004.0,636963.0,16339550.0,0.989568,1.49055,POL,CHE,8851
1790584,178,41,1398,2004.0,0.0,69130.0,0.695376,0.9732209999999999,PRK,CHE,8851
1790585,179,41,1398,2004.0,7862032.0,36009252.0,0.705075,1.7268729999999999,PRT,CHE,8851
1790586,180,41,1398,2004.0,6490.0,236273.0,-0.634469,-0.870034,PRY,CHE,8851
1790587,181,41,1398,2004.0,0.0,2631358.0,-0.188614,-0.49324700000000005,PSE,CHE,8851
1790588,182,41,1398,2004.0,2437.0,31321.0,-0.125349,-0.718282,PYF,CHE,8851
1790589,183,41,1398,2004.0,18021926.0,44892760.0,0.018141,-1.03766,QAT,CHE,8851
1790590,185,41,1398,2004.0,70653.0,4337610.0,0.53925,1.145066,ROU,CHE,8851
1790591,186,41,1398,2004.0,3427499.0,101171056.0,0.422803,0.017524,RUS,CHE,8851
1790592,188,41,1398,2004.0,3254710.0,105692528.0,0.361324,-0.760732,SAU,CHE,8851
1790593,189,41,1398,2004.0,0.0,1402469.0,0.544686,2.418024,SCG,CHE,8851
1790594,190,41,1398,2004.0,0.0,84869.0,-1.503552,-1.253193,SDN,CHE,8851
1790595,191,41,1398,2004.0,2093.0,240363.0,-0.620158,-0.296575,SEN,CHE,8851
1790596,192,41,1398,2004.0,13332993.0,338229408.0,1.804502,0.570084,SGP,CHE,8851
1790597,196,41,1398,2004.0,0.0,87165.0,0.43205699999999997,0.068877,SLE,CHE,8851
1790598,197,41,1398,2004.0,0.0,321889.0,-0.21054299999999998,0.086382,SLV,CHE,8851
1790599,198,41,1398,2004.0,0.0,86971.0,1.530337,0.719013,SMR,CHE,8851
1790600,203,41,1398,2004.0,0.0,137918.0,0.49046999999999996,0.019015999999999998,STP,CHE,8851
1790601,205,41,1398,2004.0,0.0,183468.0,-1.056251,-1.0234590000000001,SUR,CHE,8851
1790602,206,41,1398,2004.0,0.0,1568341.0,1.2683149999999999,0.9208620000000001,SVK,CHE,8851
1790603,207,41,1398,2004.0,378884.0,3143199.0,1.700677,0.829765,SVN,CHE,8851
1790604,208,41,1398,2004.0,7436247.0,29875206.0,2.105611,0.707843,SWE,CHE,8851
1790605,211,41,1398,2004.0,0.0,31110.0,-0.585828,-0.768388,SYC,CHE,8851
1790606,212,41,1398,2004.0,425998.0,6611666.0,-0.698545,-0.111323,SYR,CHE,8851
1790607,213,41,1398,2004.0,0.0,1182671.0,0.641878,0.22729000000000002,TCA,CHE,8851
1790608,215,41,1398,2004.0,0.0,2005.0,-0.569621,-0.533211,TGO,CHE,8851
1790609,216,41,1398,2004.0,27542854.0,54776108.0,0.633501,1.4648290000000002,THA,CHE,8851
1790610,219,41,1398,2004.0,0.0,71085.0,-0.9017719999999999,-1.2102620000000002,TKM,CHE,8851
1790611,220,41,1398,2004.0,0.0,77959.0,0.437675,-0.21816300000000002,TLS,CHE,8851
1790612,222,41,1398,2004.0,0.0,94115.0,-0.108049,-0.923523,TTO,CHE,8851
1790613,223,41,1398,2004.0,656834.0,1022169.0,-0.125092,0.370625,TUN,CHE,8851
1790614,224,41,1398,2004.0,246090.0,33666736.0,0.249065,1.910598,TUR,CHE,8851
1790615,226,41,1398,2004.0,0.0,83420.0,-0.935327,0.362709,TZA,CHE,8851
1790616,227,41,1398,2004.0,0.0,31025.0,-1.05367,-0.546304,UGA,CHE,8851
1790617,228,41,1398,2004.0,226932.0,24296468.0,0.672848,1.172735,UKR,CHE,8851
1790618,229,41,1398,2004.0,0.0,11846849.0,0.6529,-0.23297800000000002,UMI,CHE,8851
1790619,230,41,1398,2004.0,369348.0,8301240.0,-0.051583000000000004,0.145056,URY,CHE,8851
1790620,231,41,1398,2004.0,108570336.0,1615063040.0,1.818327,-0.17913900000000002,USA,CHE,8851
1790621,232,41,1398,2004.0,0.0,3525858.0,-0.518472,-0.7689779999999999,UZB,CHE,8851
1790622,234,41,1398,2004.0,0.0,382078.0,-0.706188,-0.9244120000000001,VCT,CHE,8851
1790623,236,41,1398,2004.0,1229.0,8823207.0,-0.41193900000000006,-0.9578899999999999,VEN,CHE,8851
1790624,237,41,1398,2004.0,71121.0,17698058.0,0.689844,-0.23942,VGB,CHE,8851
1790625,239,41,1398,2004.0,2265.0,387298.0,-0.46875500000000003,0.734412,VNM,CHE,8851
1790626,242,41,1398,2004.0,0.0,27722.0,-0.183327,-0.6788569999999999,WSM,CHE,8851
1790627,243,41,1398,2004.0,0.0,1449794.0,-1.298227,-1.2496639999999999,YEM,CHE,8851
1790628,246,41,1398,2004.0,315996.0,14003283.0,0.29599699999999995,1.909018,ZAF,CHE,8851
1790629,247,41,1398,2004.0,5715.0,86675.0,-0.8752479999999999,-0.784285,ZMB,CHE,8851
1790630,248,41,1398,2004.0,0.0,37046.0,-0.44064799999999993,0.01704,ZWE,CHE,8851
1790631,249,41,1398,2004.0,3601500.0,152498672.0,1.8844150000000002,1.257951,TWN,CHE,8851
1790632,2,43,1398,2004.0,0.0,23211.0,-0.8688110000000001,-1.198692,AGO,CHN,8851
1790633,4,43,1398,2004.0,0.0,32743.0,-0.142479,0.136074,ALB,CHN,8851
1790634,5,43,1398,2004.0,0.0,94927.0,1.122154,0.958434,AND,CHN,8851
1790635,7,43,1398,2004.0,0.0,6664726.0,-0.10993399999999999,-0.5351640000000001,ARE,CHN,8851
1790636,8,43,1398,2004.0,0.0,1989230.0,-0.070845,0.879574,ARG,CHN,8851
1790637,9,43,1398,2004.0,0.0,4167.0,0.497276,-0.226016,ARM,CHN,8851
1790638,14,43,1398,2004.0,104110.0,12359747.0,-0.198735,0.81543,AUS,CHN,8851
1790639,15,43,1398,2004.0,79406.0,2349634.0,1.958949,0.209296,AUT,CHN,8851
1790640,16,43,1398,2004.0,0.0,16848.0,-0.720616,-1.009692,AZE,CHN,8851
1790641,18,43,1398,2004.0,55939.0,15368300.0,1.242665,1.541444,BEL,CHN,8851
1790642,19,43,1398,2004.0,0.0,17885.0,-1.422449,-1.09615,BEN,CHN,8851
1790643,22,43,1398,2004.0,0.0,479093.0,-1.074194,-0.9392389999999999,BGD,CHN,8851
1790644,23,43,1398,2004.0,0.0,594606.0,0.390627,1.631006,BGR,CHN,8851
1790645,24,43,1398,2004.0,0.0,742708.0,-0.551237,-1.174628,BHR,CHN,8851
1790646,26,43,1398,2004.0,0.0,60515.0,0.45637,0.6154470000000001,BIH,CHN,8851
1790647,28,43,1398,2004.0,0.0,31611.0,0.9384239999999999,0.9708690000000001,BLR,CHN,8851
1790648,29,43,1398,2004.0,0.0,9468.0,-0.528459,-0.739219,BLZ,CHN,8851
1790649,31,43,1398,2004.0,0.0,134728.0,-0.841087,-0.770059,BOL,CHN,8851
1790650,32,43,1398,2004.0,0.0,7922060.0,0.504233,1.567879,BRA,CHN,8851
1790651,33,43,1398,2004.0,0.0,15454.0,0.644308,0.290054,BRB,CHN,8851
1790652,34,43,1398,2004.0,0.0,76596.0,-0.720827,-0.964435,BRN,CHN,8851
1790653,37,43,1398,2004.0,0.0,19157.0,-0.435159,-1.150519,BWA,CHN,8851
1790654,39,43,1398,2004.0,111532.0,25421674.0,0.781591,1.365966,CAN,CHN,8851
1790655,41,43,1398,2004.0,203685520.0,47471364.0,2.234603,0.551975,CHE,CHN,8851
1790656,42,43,1398,2004.0,0.0,7528341.0,-0.24101399999999998,-0.303103,CHL,CHN,8851
1790657,44,43,1398,2004.0,0.0,38794.0,-0.835933,-0.749289,CIV,CHN,8851
1790658,45,43,1398,2004.0,0.0,146619.0,-1.380149,-1.220501,CMR,CHN,8851
1790659,47,43,1398,2004.0,0.0,13803.0,-1.415254,-1.24599,COG,CHN,8851
1790660,49,43,1398,2004.0,0.0,1534485.0,0.044706,0.514304,COL,CHN,8851
1790661,51,43,1398,2004.0,0.0,2107.0,-0.291469,-0.6426850000000001,CPV,CHN,8851
1790662,52,43,1398,2004.0,0.0,224396.0,-0.036323,-0.313847,CRI,CHN,8851
1790663,54,43,1398,2004.0,0.0,712301.0,-0.16826,-0.644388,CUB,CHN,8851
1790664,58,43,1398,2004.0,0.0,393664.0,0.42732200000000004,0.811763,CYP,CHN,8851
1790665,59,43,1398,2004.0,0.0,1816059.0,1.612543,0.607495,CZE,CHN,8851
1790666,61,43,1398,2004.0,8903103.0,77300144.0,2.4453099999999997,-2.331761,DEU,CHN,8851
1790667,63,43,1398,2004.0,0.0,2868.0,0.478601,0.368796,DMA,CHN,8851
1790668,64,43,1398,2004.0,15330.0,1428989.0,1.309074,1.2627979999999999,DNK,CHN,8851
1790669,65,43,1398,2004.0,0.0,30939.0,-0.24909699999999999,-0.326783,DOM,CHN,8851
1790670,66,43,1398,2004.0,0.0,1290393.0,-1.166661,-1.2240879999999998,DZA,CHN,8851
1790671,67,43,1398,2004.0,0.0,461749.0,-0.990727,-0.9383090000000001,ECU,CHN,8851
1790672,68,43,1398,2004.0,0.0,1854431.0,-0.35823499999999997,0.5000100000000001,EGY,CHN,8851
1790673,71,43,1398,2004.0,310201.0,77280784.0,1.04057,1.789023,ESP,CHN,8851
1790674,72,43,1398,2004.0,0.0,318667.0,0.645741,1.035117,EST,CHN,8851
1790675,73,43,1398,2004.0,0.0,23344.0,-1.202444,-0.8973120000000001,ETH,CHN,8851
1790676,74,43,1398,2004.0,24781.0,995184.0,1.9662810000000002,1.018108,FIN,CHN,8851
1790677,75,43,1398,2004.0,0.0,104946.0,-0.793333,-0.27460100000000004,FJI,CHN,8851
1790678,77,43,1398,2004.0,1230863.0,61445216.0,1.57079,0.6776760000000001,FRA,CHN,8851
1790679,78,43,1398,2004.0,0.0,8093.0,-1.127967,-1.002561,FRO,CHN,8851
1790680,80,43,1398,2004.0,0.0,26836.0,-1.006071,-1.212338,GAB,CHN,8851
1790681,81,43,1398,2004.0,148919.0,65721988.0,1.872987,0.734065,GBR,CHN,8851
1790682,82,43,1398,2004.0,0.0,14432.0,-0.030676,-0.560186,GEO,CHN,8851
1790683,83,43,1398,2004.0,0.0,173226.0,-1.015073,-0.9147069999999999,GHA,CHN,8851
1790684,85,43,1398,2004.0,0.0,71731.0,-1.004077,-1.108018,GIN,CHN,8851
1790685,90,43,1398,2004.0,19132.0,2923481.0,0.298029,1.745886,GRC,CHN,8851
1790686,91,43,1398,2004.0,0.0,1014.0,0.426058,-0.30841799999999997,GRD,CHN,8851
1790687,93,43,1398,2004.0,0.0,667474.0,-0.39399,0.139128,GTM,CHN,8851
1790688,96,43,1398,2004.0,0.0,1227.0,-0.932802,-0.9846530000000001,GUY,CHN,8851
1790689,97,43,1398,2004.0,118326120.0,950246848.0,0.72816,1.403171,HKG,CHN,8851
1790690,99,43,1398,2004.0,0.0,11957.0,-0.6372140000000001,-0.453946,HND,CHN,8851
1790691,100,43,1398,2004.0,0.0,451903.0,0.744459,1.1994479999999998,HRV,CHN,8851
1790692,102,43,1398,2004.0,0.0,175937.0,1.3579370000000002,0.9993219999999999,HUN,CHN,8851
1790693,103,43,1398,2004.0,0.0,10684796.0,0.010095999999999999,1.7413779999999999,IDN,CHN,8851
1790694,104,43,1398,2004.0,1240.0,7458848.0,0.20872,2.817307,IND,CHN,8851
1790695,106,43,1398,2004.0,0.0,550268.0,1.498475,0.19050799999999998,IRL,CHN,8851
1790696,107,43,1398,2004.0,0.0,1393799.0,-0.6691699999999999,-1.002548,IRN,CHN,8851
1790697,109,43,1398,2004.0,0.0,32970.0,0.107901,-0.41223699999999996,ISL,CHN,8851
1790698,110,43,1398,2004.0,0.0,555019.0,1.252895,0.8662770000000001,ISR,CHN,8851
1790699,111,43,1398,2004.0,2365702.0,111657048.0,1.440372,0.676068,ITA,CHN,8851
1790700,112,43,1398,2004.0,0.0,323065.0,-0.505365,-0.9596120000000001,JAM,CHN,8851
1790701,113,43,1398,2004.0,0.0,2255216.0,0.16384200000000002,0.34270100000000003,JOR,CHN,8851
1790702,114,43,1398,2004.0,93391064.0,144745792.0,2.756136,0.15545,JPN,CHN,8851
1790703,115,43,1398,2004.0,0.0,8572725.0,-0.43987200000000004,-0.50862,KAZ,CHN,8851
1790704,116,43,1398,2004.0,0.0,80550.0,-0.565597,0.182375,KEN,CHN,8851
1790705,117,43,1398,2004.0,0.0,195665.0,-0.263776,0.503736,KGZ,CHN,8851
1790706,118,43,1398,2004.0,0.0,1888.0,-1.145227,-1.19179,KHM,CHN,8851
1790707,121,43,1398,2004.0,8164454.0,17660980.0,1.481275,0.7859,KOR,CHN,8851
1790708,122,43,1398,2004.0,0.0,1118418.0,-0.8195479999999999,-1.2105709999999998,KWT,CHN,8851
1790709,124,43,1398,2004.0,0.0,2413934.0,0.269753,1.3152979999999999,LBN,CHN,8851
1790710,127,43,1398,2004.0,0.0,13703.0,0.31900300000000004,-0.346391,LCA,CHN,8851
1790711,128,43,1398,2004.0,0.0,53169.0,-0.42450299999999996,0.173518,LKA,CHN,8851
1790712,130,43,1398,2004.0,0.0,378812.0,0.341521,0.7971560000000001,LTU,CHN,8851
1790713,131,43,1398,2004.0,4283.0,7226.0,1.258828,1.079923,LUX,CHN,8851
1790714,132,43,1398,2004.0,0.0,146264.0,0.415001,0.8476809999999999,LVA,CHN,8851
1790715,133,43,1398,2004.0,0.0,186426.0,-0.12333599999999999,-0.600164,MAC,CHN,8851
1790716,134,43,1398,2004.0,0.0,823812.0,-0.626594,-0.22253499999999998,MAR,CHN,8851
1790717,135,43,1398,2004.0,0.0,30365.0,-0.13031900000000002,-0.118591,MDA,CHN,8851
1790718,136,43,1398,2004.0,0.0,14779.0,-1.1010799999999998,-0.7367859999999999,MDG,CHN,8851
1790719,137,43,1398,2004.0,0.0,2675.0,-0.44303000000000003,-0.841744,MDV,CHN,8851
1790720,138,43,1398,2004.0,0.0,4938300.0,1.183707,0.9043700000000001,MEX,CHN,8851
1790721,140,43,1398,2004.0,0.0,19758.0,-0.120439,0.27624899999999997,MKD,CHN,8851
1790722,141,43,1398,2004.0,0.0,13470.0,-0.5807979999999999,-0.797311,MLI,CHN,8851
1790723,142,43,1398,2004.0,0.0,102962.0,1.2290379999999999,-0.025372,MLT,CHN,8851
1790724,143,43,1398,2004.0,0.0,2000.0,-1.048261,-0.828443,MMR,CHN,8851
1790725,145,43,1398,2004.0,0.0,38881.0,-0.920198,-1.1059219999999998,MNG,CHN,8851
1790726,147,43,1398,2004.0,0.0,52681.0,-1.009633,-0.9863059999999999,MOZ,CHN,8851
1790727,151,43,1398,2004.0,13270.0,330847.0,-0.161262,-0.29730300000000004,MUS,CHN,8851
1790728,152,43,1398,2004.0,0.0,14446.0,-1.233417,-1.071204,MWI,CHN,8851
1790729,153,43,1398,2004.0,10519138.0,9564873.0,1.250098,0.352379,MYS,CHN,8851
1790730,154,43,1398,2004.0,0.0,1154.0,1.290551,0.284667,MYT,CHN,8851
1790731,155,43,1398,2004.0,0.0,27474.0,-0.408989,-0.462016,NAM,CHN,8851
1790732,156,43,1398,2004.0,0.0,51865.0,-0.279566,-0.860456,NCL,CHN,8851
1790733,157,43,1398,2004.0,0.0,2838.0,-1.102485,-0.850282,NER,CHN,8851
1790734,159,43,1398,2004.0,0.0,326582.0,-2.336753,-1.350375,NGA,CHN,8851
1790735,160,43,1398,2004.0,0.0,187404.0,-1.003846,-0.697642,NIC,CHN,8851
1790736,162,43,1398,2004.0,54297.0,11996660.0,1.171327,1.6369799999999999,NLD,CHN,8851
1790737,163,43,1398,2004.0,0.0,1377758.0,0.731175,-0.0655,NOR,CHN,8851
1790738,164,43,1398,2004.0,0.0,313651.0,-0.16800199999999998,0.541976,NPL,CHN,8851
1790739,166,43,1398,2004.0,0.0,1305189.0,0.44099099999999997,0.968326,NZL,CHN,8851
1790740,167,43,1398,2004.0,0.0,132123.0,-0.707862,-1.187629,OMN,CHN,8851
1790741,168,43,1398,2004.0,0.0,1013098.0,-0.7489600000000001,0.22493200000000002,PAK,CHN,8851
1790742,169,43,1398,2004.0,0.0,10610779.0,0.054997000000000004,0.440416,PAN,CHN,8851
1790743,173,43,1398,2004.0,0.0,1214740.0,-0.609837,0.13314,PER,CHN,8851
1790744,174,43,1398,2004.0,412656.0,1717173.0,0.288786,-0.25348699999999996,PHL,CHN,8851
1790745,176,43,1398,2004.0,0.0,185522.0,-1.57259,-1.215066,PNG,CHN,8851
1790746,177,43,1398,2004.0,0.0,1394183.0,0.989568,1.49055,POL,CHN,8851
1790747,178,43,1398,2004.0,0.0,105688.0,0.695376,0.9732209999999999,PRK,CHN,8851
1790748,179,43,1398,2004.0,0.0,2358588.0,0.705075,1.7268729999999999,PRT,CHN,8851
1790749,180,43,1398,2004.0,0.0,1836118.0,-0.634469,-0.870034,PRY,CHN,8851
1790750,182,43,1398,2004.0,0.0,150838.0,-0.125349,-0.718282,PYF,CHN,8851
1790751,183,43,1398,2004.0,1491.0,716025.0,0.018141,-1.03766,QAT,CHN,8851
1790752,185,43,1398,2004.0,0.0,622072.0,0.53925,1.145066,ROU,CHN,8851
1790753,186,43,1398,2004.0,14500.0,1924196.0,0.422803,0.017524,RUS,CHN,8851
1790754,187,43,1398,2004.0,0.0,4393.0,-1.3090190000000002,-1.063632,RWA,CHN,8851
1790755,188,43,1398,2004.0,1038.0,17084482.0,0.361324,-0.760732,SAU,CHN,8851
1790756,189,43,1398,2004.0,0.0,462649.0,0.544686,2.418024,SCG,CHN,8851
1790757,190,43,1398,2004.0,0.0,367629.0,-1.503552,-1.253193,SDN,CHN,8851
1790758,191,43,1398,2004.0,0.0,66655.0,-0.620158,-0.296575,SEN,CHN,8851
1790759,192,43,1398,2004.0,36199916.0,12295546.0,1.804502,0.570084,SGP,CHN,8851
1790760,195,43,1398,2004.0,0.0,4741.0,-1.337367,-1.051245,SLB,CHN,8851
1790761,197,43,1398,2004.0,0.0,68536.0,-0.21054299999999998,0.086382,SLV,CHN,8851
1790762,205,43,1398,2004.0,0.0,8097.0,-1.056251,-1.0234590000000001,SUR,CHN,8851
1790763,206,43,1398,2004.0,1460.0,647823.0,1.2683149999999999,0.9208620000000001,SVK,CHN,8851
1790764,207,43,1398,2004.0,579467.0,667866.0,1.700677,0.829765,SVN,CHN,8851
1790765,208,43,1398,2004.0,217472.0,1623122.0,2.105611,0.707843,SWE,CHN,8851
1790766,212,43,1398,2004.0,0.0,6850372.0,-0.698545,-0.111323,SYR,CHN,8851
1790767,215,43,1398,2004.0,0.0,26315.0,-0.569621,-0.533211,TGO,CHN,8851
1790768,216,43,1398,2004.0,21903318.0,14489574.0,0.633501,1.4648290000000002,THA,CHN,8851
1790769,217,43,1398,2004.0,0.0,1200.0,-0.805571,-1.077194,TJK,CHN,8851
1790770,220,43,1398,2004.0,0.0,2451.0,0.437675,-0.21816300000000002,TLS,CHN,8851
1790771,222,43,1398,2004.0,0.0,97598.0,-0.108049,-0.923523,TTO,CHN,8851
1790772,223,43,1398,2004.0,0.0,143040.0,-0.125092,0.370625,TUN,CHN,8851
1790773,224,43,1398,2004.0,0.0,5891450.0,0.249065,1.910598,TUR,CHN,8851
1790774,226,43,1398,2004.0,0.0,105143.0,-0.935327,0.362709,TZA,CHN,8851
1790775,228,43,1398,2004.0,0.0,549579.0,0.672848,1.172735,UKR,CHN,8851
1790776,230,43,1398,2004.0,0.0,1158981.0,-0.051583000000000004,0.145056,URY,CHN,8851
1790777,231,43,1398,2004.0,517288.0,292016512.0,1.818327,-0.17913900000000002,USA,CHN,8851
1790778,234,43,1398,2004.0,0.0,1072.0,-0.706188,-0.9244120000000001,VCT,CHN,8851
1790779,236,43,1398,2004.0,0.0,1256610.0,-0.41193900000000006,-0.9578899999999999,VEN,CHN,8851
1790780,239,43,1398,2004.0,0.0,544637.0,-0.46875500000000003,0.734412,VNM,CHN,8851
1790781,243,43,1398,2004.0,0.0,49321.0,-1.298227,-1.2496639999999999,YEM,CHN,8851
1790782,246,43,1398,2004.0,6225.0,4228134.0,0.29599699999999995,1.909018,ZAF,CHN,8851
1790783,247,43,1398,2004.0,0.0,1451.0,-0.8752479999999999,-0.784285,ZMB,CHN,8851
1790784,248,43,1398,2004.0,0.0,77574.0,-0.44064799999999993,0.01704,ZWE,CHN,8851
1790785,249,43,1398,2004.0,1205174.0,10285921.0,1.8844150000000002,1.257951,TWN,CHN,8851
1790786,14,49,1398,2004.0,0.0,2982.0,-0.198735,0.81543,AUS,COL,8851
1790787,29,49,1398,2004.0,0.0,3935.0,-0.528459,-0.739219,BLZ,COL,8851
1790788,31,49,1398,2004.0,2696.0,1400.0,-0.841087,-0.770059,BOL,COL,8851
1790789,41,49,1398,2004.0,6301071.0,77588.0,2.234603,0.551975,CHE,COL,8851
1790790,42,49,1398,2004.0,0.0,101112.0,-0.24101399999999998,-0.303103,CHL,COL,8851
1790791,43,49,1398,2004.0,1534485.0,0.0,0.710603,2.017234,CHN,COL,8851
1790792,52,49,1398,2004.0,0.0,7172.0,-0.036323,-0.313847,CRI,COL,8851
1790793,61,49,1398,2004.0,324348.0,0.0,2.4453099999999997,-2.331761,DEU,COL,8851
1790794,65,49,1398,2004.0,4265.0,7924.0,-0.24909699999999999,-0.326783,DOM,COL,8851
1790795,67,49,1398,2004.0,2572.0,16387.0,-0.990727,-0.9383090000000001,ECU,COL,8851
1790796,71,49,1398,2004.0,332688.0,3449.0,1.04057,1.789023,ESP,COL,8851
1790797,74,49,1398,2004.0,72708.0,0.0,1.9662810000000002,1.018108,FIN,COL,8851
1790798,77,49,1398,2004.0,199892.0,0.0,1.57079,0.6776760000000001,FRA,COL,8851
1790799,81,49,1398,2004.0,1638.0,0.0,1.872987,0.734065,GBR,COL,8851
1790800,93,49,1398,2004.0,0.0,30397.0,-0.39399,0.139128,GTM,COL,8851
1790801,97,49,1398,2004.0,4665458.0,0.0,0.72816,1.403171,HKG,COL,8851
1790802,100,49,1398,2004.0,0.0,9765.0,0.744459,1.1994479999999998,HRV,COL,8851
1790803,110,49,1398,2004.0,35983.0,0.0,1.252895,0.8662770000000001,ISR,COL,8851
1790804,111,49,1398,2004.0,19384.0,0.0,1.440372,0.676068,ITA,COL,8851
1790805,114,49,1398,2004.0,1220728.0,0.0,2.756136,0.15545,JPN,COL,8851
1790806,121,49,1398,2004.0,5745.0,0.0,1.481275,0.7859,KOR,COL,8851
1790807,138,49,1398,2004.0,24211.0,19830.0,1.183707,0.9043700000000001,MEX,COL,8851
1790808,162,49,1398,2004.0,1589.0,0.0,1.171327,1.6369799999999999,NLD,COL,8851
1790809,169,49,1398,2004.0,100484.0,3084.0,0.054997000000000004,0.440416,PAN,COL,8851
1790810,173,49,1398,2004.0,40107.0,213690.0,-0.609837,0.13314,PER,COL,8851
1790811,174,49,1398,2004.0,9268.0,0.0,0.288786,-0.25348699999999996,PHL,COL,8851
1790812,177,49,1398,2004.0,2091.0,0.0,0.989568,1.49055,POL,COL,8851
1790813,197,49,1398,2004.0,0.0,11464.0,-0.21054299999999998,0.086382,SLV,COL,8851
1790814,216,49,1398,2004.0,83870.0,0.0,0.633501,1.4648290000000002,THA,COL,8851
1790815,231,49,1398,2004.0,2186442.0,43917.0,1.818327,-0.17913900000000002,USA,COL,8851
1790816,236,49,1398,2004.0,14032.0,26585.0,-0.41193900000000006,-0.9578899999999999,VEN,COL,8851
1790817,249,49,1398,2004.0,108353.0,0.0,1.8844150000000002,1.257951,TWN,COL,8851
1790818,250,49,1398,2004.0,619575.0,0.0,0.46240200000000004,-0.406624,ANS,COL,8851
1790819,8,52,1398,2004.0,1668.0,9949.0,-0.070845,0.879574,ARG,CRI,8851
1790820,15,52,1398,2004.0,68859.0,0.0,1.958949,0.209296,AUT,CRI,8851
1790821,41,52,1398,2004.0,981211.0,105583.0,2.234603,0.551975,CHE,CRI,8851
1790822,43,52,1398,2004.0,224396.0,0.0,0.710603,2.017234,CHN,CRI,8851
1790823,49,52,1398,2004.0,7172.0,0.0,0.044706,0.514304,COL,CRI,8851
1790824,61,52,1398,2004.0,513494.0,0.0,2.4453099999999997,-2.331761,DEU,CRI,8851
1790825,67,52,1398,2004.0,0.0,7020.0,-0.990727,-0.9383090000000001,ECU,CRI,8851
1790826,71,52,1398,2004.0,10702.0,1057.0,1.04057,1.789023,ESP,CRI,8851
1790827,77,52,1398,2004.0,21440.0,0.0,1.57079,0.6776760000000001,FRA,CRI,8851
1790828,93,52,1398,2004.0,5413.0,8833.0,-0.39399,0.139128,GTM,CRI,8851
1790829,97,52,1398,2004.0,377572.0,0.0,0.72816,1.403171,HKG,CRI,8851
1790830,111,52,1398,2004.0,13889.0,0.0,1.440372,0.676068,ITA,CRI,8851
1790831,114,52,1398,2004.0,78403.0,0.0,2.756136,0.15545,JPN,CRI,8851
1790832,138,52,1398,2004.0,323844.0,0.0,1.183707,0.9043700000000001,MEX,CRI,8851
1790833,162,52,1398,2004.0,6254.0,0.0,1.171327,1.6369799999999999,NLD,CRI,8851
1790834,169,52,1398,2004.0,289240.0,2351.0,0.054997000000000004,0.440416,PAN,CRI,8851
1790835,216,52,1398,2004.0,2074.0,0.0,0.633501,1.4648290000000002,THA,CRI,8851
1790836,231,52,1398,2004.0,489256.0,63229.0,1.818327,-0.17913900000000002,USA,CRI,8851
1790837,249,52,1398,2004.0,27455.0,0.0,1.8844150000000002,1.257951,TWN,CRI,8851
1790838,25,54,1398,2004.0,0.0,103146.0,0.029548,-0.692239,BHS,CUB,8851
1790839,39,54,1398,2004.0,22191.0,0.0,0.781591,1.365966,CAN,CUB,8851
1790840,41,54,1398,2004.0,427735.0,0.0,2.234603,0.551975,CHE,CUB,8851
1790841,43,54,1398,2004.0,712301.0,0.0,0.710603,2.017234,CHN,CUB,8851
1790842,61,54,1398,2004.0,28151.0,0.0,2.4453099999999997,-2.331761,DEU,CUB,8851
1790843,71,54,1398,2004.0,68430.0,0.0,1.04057,1.789023,ESP,CUB,8851
1790844,81,54,1398,2004.0,8791.0,0.0,1.872987,0.734065,GBR,CUB,8851
1790845,97,54,1398,2004.0,274021.0,0.0,0.72816,1.403171,HKG,CUB,8851
1790846,106,54,1398,2004.0,1180.0,0.0,1.498475,0.19050799999999998,IRL,CUB,8851
1790847,111,54,1398,2004.0,153760.0,0.0,1.440372,0.676068,ITA,CUB,8851
1790848,114,54,1398,2004.0,431423.0,0.0,2.756136,0.15545,JPN,CUB,8851
1790849,162,54,1398,2004.0,1265.0,0.0,1.171327,1.6369799999999999,NLD,CUB,8851
1790850,169,54,1398,2004.0,8322.0,0.0,0.054997000000000004,0.440416,PAN,CUB,8851
1790851,1,61,1398,2004.0,0.0,1089847.0,-0.8890309999999999,-0.773602,AFG,DEU,8851
1790852,2,61,1398,2004.0,0.0,10062.0,-0.8688110000000001,-1.198692,AGO,DEU,8851
1790853,4,61,1398,2004.0,0.0,1055.0,-0.142479,0.136074,ALB,DEU,8851
1790854,5,61,1398,2004.0,1034.0,735271.0,1.122154,0.958434,AND,DEU,8851
1790855,7,61,1398,2004.0,845958.0,6994384.0,-0.10993399999999999,-0.5351640000000001,ARE,DEU,8851
1790856,8,61,1398,2004.0,55847.0,710066.0,-0.070845,0.879574,ARG,DEU,8851
1790857,9,61,1398,2004.0,0.0,91774.0,0.497276,-0.226016,ARM,DEU,8851
1790858,14,61,1398,2004.0,44461.0,497452.0,-0.198735,0.81543,AUS,DEU,8851
1790859,15,61,1398,2004.0,21083796.0,42493160.0,1.958949,0.209296,AUT,DEU,8851
1790860,16,61,1398,2004.0,0.0,232038.0,-0.720616,-1.009692,AZE,DEU,8851
1790861,18,61,1398,2004.0,3910816.0,12231989.0,1.242665,1.541444,BEL,DEU,8851
1790862,22,61,1398,2004.0,0.0,1974.0,-1.074194,-0.9392389999999999,BGD,DEU,8851
1790863,23,61,1398,2004.0,449401.0,876046.0,0.390627,1.631006,BGR,DEU,8851
1790864,24,61,1398,2004.0,68567.0,416157.0,-0.551237,-1.174628,BHR,DEU,8851
1790865,25,61,1398,2004.0,1646.0,124045.0,0.029548,-0.692239,BHS,DEU,8851
1790866,26,61,1398,2004.0,1007.0,857011.0,0.45637,0.6154470000000001,BIH,DEU,8851
1790867,28,61,1398,2004.0,0.0,93364.0,0.9384239999999999,0.9708690000000001,BLR,DEU,8851
1790868,29,61,1398,2004.0,0.0,2541.0,-0.528459,-0.739219,BLZ,DEU,8851
1790869,30,61,1398,2004.0,0.0,30110.0,0.67576,-0.49529799999999996,BMU,DEU,8851
1790870,31,61,1398,2004.0,0.0,13375.0,-0.841087,-0.770059,BOL,DEU,8851
1790871,32,61,1398,2004.0,162269.0,374881.0,0.504233,1.567879,BRA,DEU,8851
1790872,34,61,1398,2004.0,0.0,40721.0,-0.720827,-0.964435,BRN,DEU,8851
1790873,39,61,1398,2004.0,295360.0,1972518.0,0.781591,1.365966,CAN,DEU,8851
1790874,41,61,1398,2004.0,460668768.0,103659360.0,2.234603,0.551975,CHE,DEU,8851
1790875,42,61,1398,2004.0,0.0,71729.0,-0.24101399999999998,-0.303103,CHL,DEU,8851
1790876,43,61,1398,2004.0,77300144.0,8903103.0,0.710603,2.017234,CHN,DEU,8851
1790877,44,61,1398,2004.0,3342.0,0.0,-0.835933,-0.749289,CIV,DEU,8851
1790878,45,61,1398,2004.0,2306.0,3728.0,-1.380149,-1.220501,CMR,DEU,8851
1790879,49,61,1398,2004.0,0.0,324348.0,0.044706,0.514304,COL,DEU,8851
1790880,52,61,1398,2004.0,0.0,513494.0,-0.036323,-0.313847,CRI,DEU,8851
1790881,54,61,1398,2004.0,0.0,28151.0,-0.16826,-0.644388,CUB,DEU,8851
1790882,57,61,1398,2004.0,23675.0,167106.0,0.47268999999999994,-0.742781,CYM,DEU,8851
1790883,58,61,1398,2004.0,250670.0,1016382.0,0.42732200000000004,0.811763,CYP,DEU,8851
1790884,59,61,1398,2004.0,1093471.0,3132684.0,1.612543,0.607495,CZE,DEU,8851
1790885,64,61,1398,2004.0,4237258.0,6041759.0,1.309074,1.2627979999999999,DNK,DEU,8851
1790886,65,61,1398,2004.0,0.0,33750.0,-0.24909699999999999,-0.326783,DOM,DEU,8851
1790887,66,61,1398,2004.0,0.0,2603.0,-1.166661,-1.2240879999999998,DZA,DEU,8851
1790888,67,61,1398,2004.0,2363.0,1872.0,-0.990727,-0.9383090000000001,ECU,DEU,8851
1790889,68,61,1398,2004.0,4438.0,987074.0,-0.35823499999999997,0.5000100000000001,EGY,DEU,8851
1790890,71,61,1398,2004.0,19636938.0,24869866.0,1.04057,1.789023,ESP,DEU,8851
1790891,72,61,1398,2004.0,1187.0,154430.0,0.645741,1.035117,EST,DEU,8851
1790892,74,61,1398,2004.0,1540239.0,5299456.0,1.9662810000000002,1.018108,FIN,DEU,8851
1790893,77,61,1398,2004.0,13680039.0,28573862.0,1.57079,0.6776760000000001,FRA,DEU,8851
1790894,78,61,1398,2004.0,0.0,2863.0,-1.127967,-1.002561,FRO,DEU,8851
1790895,80,61,1398,2004.0,0.0,1344.0,-1.006071,-1.212338,GAB,DEU,8851
1790896,81,61,1398,2004.0,8834389.0,13741633.0,1.872987,0.734065,GBR,DEU,8851
1790897,82,61,1398,2004.0,0.0,67491.0,-0.030676,-0.560186,GEO,DEU,8851
1790898,83,61,1398,2004.0,0.0,1016.0,-1.015073,-0.9147069999999999,GHA,DEU,8851
1790899,84,61,1398,2004.0,48487.0,0.0,0.501154,-0.562796,GIB,DEU,8851
1790900,90,61,1398,2004.0,402587.0,12990440.0,0.298029,1.745886,GRC,DEU,8851
1790901,93,61,1398,2004.0,0.0,39499.0,-0.39399,0.139128,GTM,DEU,8851
1790902,97,61,1398,2004.0,98346288.0,56323820.0,0.72816,1.403171,HKG,DEU,8851
1790903,99,61,1398,2004.0,0.0,10031.0,-0.6372140000000001,-0.453946,HND,DEU,8851
1790904,100,61,1398,2004.0,62376.0,1135942.0,0.744459,1.1994479999999998,HRV,DEU,8851
1790905,102,61,1398,2004.0,35432.0,2095264.0,1.3579370000000002,0.9993219999999999,HUN,DEU,8851
1790906,103,61,1398,2004.0,165343.0,87152.0,0.010095999999999999,1.7413779999999999,IDN,DEU,8851
1790907,104,61,1398,2004.0,423343.0,103885.0,0.20872,2.817307,IND,DEU,8851
1790908,106,61,1398,2004.0,92190.0,757391.0,1.498475,0.19050799999999998,IRL,DEU,8851
1790909,107,61,1398,2004.0,1720.0,63815.0,-0.6691699999999999,-1.002548,IRN,DEU,8851
1790910,108,61,1398,2004.0,0.0,1003.0,-1.50824,-1.082486,IRQ,DEU,8851
1790911,109,61,1398,2004.0,39538.0,245003.0,0.107901,-0.41223699999999996,ISL,DEU,8851
1790912,110,61,1398,2004.0,80729.0,1325056.0,1.252895,0.8662770000000001,ISR,DEU,8851
1790913,111,61,1398,2004.0,14571128.0,30533204.0,1.440372,0.676068,ITA,DEU,8851
1790914,112,61,1398,2004.0,0.0,132470.0,-0.505365,-0.9596120000000001,JAM,DEU,8851
1790915,113,61,1398,2004.0,12166.0,131283.0,0.16384200000000002,0.34270100000000003,JOR,DEU,8851
1790916,114,61,1398,2004.0,23338286.0,57891956.0,2.756136,0.15545,JPN,DEU,8851
1790917,115,61,1398,2004.0,1760.0,952933.0,-0.43987200000000004,-0.50862,KAZ,DEU,8851
1790918,116,61,1398,2004.0,0.0,17151.0,-0.565597,0.182375,KEN,DEU,8851
1790919,117,61,1398,2004.0,0.0,390638.0,-0.263776,0.503736,KGZ,DEU,8851
1790920,121,61,1398,2004.0,1877485.0,653128.0,1.481275,0.7859,KOR,DEU,8851
1790921,122,61,1398,2004.0,1221294.0,2172006.0,-0.8195479999999999,-1.2105709999999998,KWT,DEU,8851
1790922,124,61,1398,2004.0,130664.0,434855.0,0.269753,1.3152979999999999,LBN,DEU,8851
1790923,126,61,1398,2004.0,0.0,19065.0,-0.895142,-1.211141,LBY,DEU,8851
1790924,127,61,1398,2004.0,0.0,4598.0,0.31900300000000004,-0.346391,LCA,DEU,8851
1790925,128,61,1398,2004.0,15400.0,19412.0,-0.42450299999999996,0.173518,LKA,DEU,8851
1790926,130,61,1398,2004.0,51284.0,371593.0,0.341521,0.7971560000000001,LTU,DEU,8851
1790927,131,61,1398,2004.0,43117.0,1298370.0,1.258828,1.079923,LUX,DEU,8851
1790928,132,61,1398,2004.0,1905.0,298206.0,0.415001,0.8476809999999999,LVA,DEU,8851
1790929,133,61,1398,2004.0,0.0,5284.0,-0.12333599999999999,-0.600164,MAC,DEU,8851
1790930,134,61,1398,2004.0,0.0,30209.0,-0.626594,-0.22253499999999998,MAR,DEU,8851
1790931,135,61,1398,2004.0,0.0,77766.0,-0.13031900000000002,-0.118591,MDA,DEU,8851
1790932,137,61,1398,2004.0,0.0,9189.0,-0.44303000000000003,-0.841744,MDV,DEU,8851
1790933,138,61,1398,2004.0,400853.0,1034108.0,1.183707,0.9043700000000001,MEX,DEU,8851
1790934,140,61,1398,2004.0,0.0,99951.0,-0.120439,0.27624899999999997,MKD,DEU,8851
1790935,142,61,1398,2004.0,7362.0,218147.0,1.2290379999999999,-0.025372,MLT,DEU,8851
1790936,145,61,1398,2004.0,0.0,8930.0,-0.920198,-1.1059219999999998,MNG,DEU,8851
1790937,148,61,1398,2004.0,9593.0,0.0,-1.8941119999999998,-1.357728,MRT,DEU,8851
1790938,151,61,1398,2004.0,136903.0,57815.0,-0.161262,-0.29730300000000004,MUS,DEU,8851
1790939,153,61,1398,2004.0,1727915.0,443921.0,1.250098,0.352379,MYS,DEU,8851
1790940,155,61,1398,2004.0,0.0,4801.0,-0.408989,-0.462016,NAM,DEU,8851
1790941,156,61,1398,2004.0,0.0,6116.0,-0.279566,-0.860456,NCL,DEU,8851
1790942,159,61,1398,2004.0,0.0,22279.0,-2.336753,-1.350375,NGA,DEU,8851
1790943,162,61,1398,2004.0,3575522.0,19367202.0,1.171327,1.6369799999999999,NLD,DEU,8851
1790944,163,61,1398,2004.0,165179.0,1122242.0,0.731175,-0.0655,NOR,DEU,8851
1790945,166,61,1398,2004.0,6802.0,28663.0,0.44099099999999997,0.968326,NZL,DEU,8851
1790946,167,61,1398,2004.0,16543.0,681003.0,-0.707862,-1.187629,OMN,DEU,8851
1790947,168,61,1398,2004.0,0.0,332896.0,-0.7489600000000001,0.22493200000000002,PAK,DEU,8851
1790948,169,61,1398,2004.0,15573.0,804556.0,0.054997000000000004,0.440416,PAN,DEU,8851
1790949,171,61,1398,2004.0,0.0,93076.0,0.679686,-0.625758,PCN,DEU,8851
1790950,173,61,1398,2004.0,6213.0,6534.0,-0.609837,0.13314,PER,DEU,8851
1790951,174,61,1398,2004.0,2626156.0,111695.0,0.288786,-0.25348699999999996,PHL,DEU,8851
1790952,177,61,1398,2004.0,400409.0,2191205.0,0.989568,1.49055,POL,DEU,8851
1790953,178,61,1398,2004.0,0.0,6284.0,0.695376,0.9732209999999999,PRK,DEU,8851
1790954,179,61,1398,2004.0,158529.0,24426468.0,0.705075,1.7268729999999999,PRT,DEU,8851
1790955,183,61,1398,2004.0,706350.0,1610113.0,0.018141,-1.03766,QAT,DEU,8851
1790956,185,61,1398,2004.0,126493.0,1224018.0,0.53925,1.145066,ROU,DEU,8851
1790957,186,61,1398,2004.0,1236458.0,12738650.0,0.422803,0.017524,RUS,DEU,8851
1790958,187,61,1398,2004.0,0.0,24670.0,-1.3090190000000002,-1.063632,RWA,DEU,8851
1790959,188,61,1398,2004.0,16864.0,1058568.0,0.361324,-0.760732,SAU,DEU,8851
1790960,189,61,1398,2004.0,11448.0,3837665.0,0.544686,2.418024,SCG,DEU,8851
1790961,190,61,1398,2004.0,0.0,9160.0,-1.503552,-1.253193,SDN,DEU,8851
1790962,192,61,1398,2004.0,2472104.0,18992010.0,1.804502,0.570084,SGP,DEU,8851
1790963,206,61,1398,2004.0,0.0,394321.0,1.2683149999999999,0.9208620000000001,SVK,DEU,8851
1790964,207,61,1398,2004.0,28249.0,735091.0,1.700677,0.829765,SVN,DEU,8851
1790965,208,61,1398,2004.0,950774.0,2994473.0,2.105611,0.707843,SWE,DEU,8851
1790966,212,61,1398,2004.0,0.0,31985.0,-0.698545,-0.111323,SYR,DEU,8851
1790967,216,61,1398,2004.0,61475388.0,3430611.0,0.633501,1.4648290000000002,THA,DEU,8851
1790968,220,61,1398,2004.0,0.0,16996.0,0.437675,-0.21816300000000002,TLS,DEU,8851
1790969,223,61,1398,2004.0,0.0,112611.0,-0.125092,0.370625,TUN,DEU,8851
1790970,224,61,1398,2004.0,402965.0,10846136.0,0.249065,1.910598,TUR,DEU,8851
1790971,228,61,1398,2004.0,0.0,3689498.0,0.672848,1.172735,UKR,DEU,8851
1790972,230,61,1398,2004.0,0.0,32135.0,-0.051583000000000004,0.145056,URY,DEU,8851
1790973,231,61,1398,2004.0,12030130.0,38133012.0,1.818327,-0.17913900000000002,USA,DEU,8851
1790974,232,61,1398,2004.0,0.0,480570.0,-0.518472,-0.7689779999999999,UZB,DEU,8851
1790975,236,61,1398,2004.0,0.0,284964.0,-0.41193900000000006,-0.9578899999999999,VEN,DEU,8851
1790976,239,61,1398,2004.0,1354698.0,1893.0,-0.46875500000000003,0.734412,VNM,DEU,8851
1790977,243,61,1398,2004.0,0.0,7642.0,-1.298227,-1.2496639999999999,YEM,DEU,8851
1790978,246,61,1398,2004.0,9031.0,252024.0,0.29599699999999995,1.909018,ZAF,DEU,8851
1790979,249,61,1398,2004.0,716522.0,2193490.0,1.8844150000000002,1.257951,TWN,DEU,8851
1790980,250,61,1398,2004.0,8580324.0,23817022.0,0.46240200000000004,-0.406624,ANS,DEU,8851
1790981,43,63,1398,2004.0,2868.0,0.0,0.710603,2.017234,CHN,DMA,8851
1790982,222,63,1398,2004.0,1755.0,0.0,-0.108049,-0.923523,TTO,DMA,8851
1790983,231,63,1398,2004.0,124260.0,0.0,1.818327,-0.17913900000000002,USA,DMA,8851
1790984,249,63,1398,2004.0,9715.0,0.0,1.8844150000000002,1.257951,TWN,DMA,8851
1790985,7,64,1398,2004.0,0.0,64990.0,-0.10993399999999999,-0.5351640000000001,ARE,DNK,8851
1790986,14,64,1398,2004.0,4507.0,43509.0,-0.198735,0.81543,AUS,DNK,8851
1790987,15,64,1398,2004.0,175860.0,64713.0,1.958949,0.209296,AUT,DNK,8851
1790988,18,64,1398,2004.0,51147.0,166624.0,1.242665,1.541444,BEL,DNK,8851
1790989,26,64,1398,2004.0,0.0,39079.0,0.45637,0.6154470000000001,BIH,DNK,8851
1790990,32,64,1398,2004.0,0.0,1231.0,0.504233,1.567879,BRA,DNK,8851
1790991,39,64,1398,2004.0,3218.0,134399.0,0.781591,1.365966,CAN,DNK,8851
1790992,41,64,1398,2004.0,14551575.0,980648.0,2.234603,0.551975,CHE,DNK,8851
1790993,42,64,1398,2004.0,0.0,3525.0,-0.24101399999999998,-0.303103,CHL,DNK,8851
1790994,43,64,1398,2004.0,1428989.0,15330.0,0.710603,2.017234,CHN,DNK,8851
1790995,45,64,1398,2004.0,0.0,1186.0,-1.380149,-1.220501,CMR,DNK,8851
1790996,58,64,1398,2004.0,0.0,13946.0,0.42732200000000004,0.811763,CYP,DNK,8851
1790997,59,64,1398,2004.0,0.0,4636.0,1.612543,0.607495,CZE,DNK,8851
1790998,61,64,1398,2004.0,6041759.0,4237258.0,2.4453099999999997,-2.331761,DEU,DNK,8851
1790999,71,64,1398,2004.0,638579.0,30498.0,1.04057,1.789023,ESP,DNK,8851
1791000,72,64,1398,2004.0,0.0,16152.0,0.645741,1.035117,EST,DNK,8851
1791001,74,64,1398,2004.0,68238.0,159734.0,1.9662810000000002,1.018108,FIN,DNK,8851
1791002,77,64,1398,2004.0,494361.0,161767.0,1.57079,0.6776760000000001,FRA,DNK,8851
1791003,78,64,1398,2004.0,0.0,51692.0,-1.127967,-1.002561,FRO,DNK,8851
1791004,81,64,1398,2004.0,123750.0,1273671.0,1.872987,0.734065,GBR,DNK,8851
1791005,83,64,1398,2004.0,0.0,1832.0,-1.015073,-0.9147069999999999,GHA,DNK,8851
1791006,90,64,1398,2004.0,12657.0,114276.0,0.298029,1.745886,GRC,DNK,8851
1791007,92,64,1398,2004.0,0.0,141982.0,-1.152664,-0.986844,GRL,DNK,8851
1791008,93,64,1398,2004.0,0.0,1822.0,-0.39399,0.139128,GTM,DNK,8851
1791009,97,64,1398,2004.0,9343658.0,618413.0,0.72816,1.403171,HKG,DNK,8851
1791010,100,64,1398,2004.0,0.0,3363.0,0.744459,1.1994479999999998,HRV,DNK,8851
1791011,102,64,1398,2004.0,0.0,7794.0,1.3579370000000002,0.9993219999999999,HUN,DNK,8851
1791012,104,64,1398,2004.0,1622.0,0.0,0.20872,2.817307,IND,DNK,8851
1791013,106,64,1398,2004.0,0.0,16268.0,1.498475,0.19050799999999998,IRL,DNK,8851
1791014,108,64,1398,2004.0,0.0,177297.0,-1.50824,-1.082486,IRQ,DNK,8851
1791015,109,64,1398,2004.0,0.0,60645.0,0.107901,-0.41223699999999996,ISL,DNK,8851
1791016,110,64,1398,2004.0,25059.0,1264.0,1.252895,0.8662770000000001,ISR,DNK,8851
1791017,111,64,1398,2004.0,1741618.0,28969.0,1.440372,0.676068,ITA,DNK,8851
1791018,112,64,1398,2004.0,0.0,1013.0,-0.505365,-0.9596120000000001,JAM,DNK,8851
1791019,114,64,1398,2004.0,409467.0,332986.0,2.756136,0.15545,JPN,DNK,8851
1791020,121,64,1398,2004.0,0.0,9013.0,1.481275,0.7859,KOR,DNK,8851
1791021,122,64,1398,2004.0,0.0,8221.0,-0.8195479999999999,-1.2105709999999998,KWT,DNK,8851
1791022,124,64,1398,2004.0,0.0,2666.0,0.269753,1.3152979999999999,LBN,DNK,8851
1791023,125,64,1398,2004.0,0.0,193127.0,0.037469,-1.036878,LBR,DNK,8851
1791024,130,64,1398,2004.0,0.0,10588.0,0.341521,0.7971560000000001,LTU,DNK,8851
1791025,131,64,1398,2004.0,0.0,3324.0,1.258828,1.079923,LUX,DNK,8851
1791026,132,64,1398,2004.0,0.0,40484.0,0.415001,0.8476809999999999,LVA,DNK,8851
1791027,133,64,1398,2004.0,0.0,1599.0,-0.12333599999999999,-0.600164,MAC,DNK,8851
1791028,135,64,1398,2004.0,0.0,1029.0,-0.13031900000000002,-0.118591,MDA,DNK,8851
1791029,138,64,1398,2004.0,0.0,33269.0,1.183707,0.9043700000000001,MEX,DNK,8851
1791030,153,64,1398,2004.0,8523.0,30538.0,1.250098,0.352379,MYS,DNK,8851
1791031,162,64,1398,2004.0,2897050.0,496198.0,1.171327,1.6369799999999999,NLD,DNK,8851
1791032,163,64,1398,2004.0,71527.0,628566.0,0.731175,-0.0655,NOR,DNK,8851
1791033,166,64,1398,2004.0,4328.0,3015.0,0.44099099999999997,0.968326,NZL,DNK,8851
1791034,173,64,1398,2004.0,0.0,4989.0,-0.609837,0.13314,PER,DNK,8851
1791035,174,64,1398,2004.0,19136.0,10348.0,0.288786,-0.25348699999999996,PHL,DNK,8851
1791036,177,64,1398,2004.0,4916.0,11196.0,0.989568,1.49055,POL,DNK,8851
1791037,179,64,1398,2004.0,6648.0,55767.0,0.705075,1.7268729999999999,PRT,DNK,8851
1791038,185,64,1398,2004.0,0.0,59841.0,0.53925,1.145066,ROU,DNK,8851
1791039,186,64,1398,2004.0,0.0,84996.0,0.422803,0.017524,RUS,DNK,8851
1791040,188,64,1398,2004.0,0.0,8568.0,0.361324,-0.760732,SAU,DNK,8851
1791041,189,64,1398,2004.0,0.0,646660.0,0.544686,2.418024,SCG,DNK,8851
1791042,192,64,1398,2004.0,13824.0,251824.0,1.804502,0.570084,SGP,DNK,8851
1791043,208,64,1398,2004.0,4946396.0,4111552.0,2.105611,0.707843,SWE,DNK,8851
1791044,216,64,1398,2004.0,9331.0,990488.0,0.633501,1.4648290000000002,THA,DNK,8851
1791045,224,64,1398,2004.0,0.0,11604.0,0.249065,1.910598,TUR,DNK,8851
1791046,228,64,1398,2004.0,0.0,40329.0,0.672848,1.172735,UKR,DNK,8851
1791047,231,64,1398,2004.0,837880.0,622930.0,1.818327,-0.17913900000000002,USA,DNK,8851
1791048,246,64,1398,2004.0,11988.0,1143.0,0.29599699999999995,1.909018,ZAF,DNK,8851
1791049,249,64,1398,2004.0,7407.0,302501.0,1.8844150000000002,1.257951,TWN,DNK,8851
1791050,250,64,1398,2004.0,0.0,16527.0,0.46240200000000004,-0.406624,ANS,DNK,8851
1791051,6,65,1398,2004.0,6755.0,0.0,0.080304,-0.634516,ANT,DOM,8851
1791052,18,65,1398,2004.0,15412.0,0.0,1.242665,1.541444,BEL,DOM,8851
1791053,31,65,1398,2004.0,9343.0,0.0,-0.841087,-0.770059,BOL,DOM,8851
1791054,32,65,1398,2004.0,1893.0,0.0,0.504233,1.567879,BRA,DOM,8851
1791055,41,65,1398,2004.0,1552589.0,1299.0,2.234603,0.551975,CHE,DOM,8851
1791056,43,65,1398,2004.0,30939.0,0.0,0.710603,2.017234,CHN,DOM,8851
1791057,49,65,1398,2004.0,7924.0,4265.0,0.044706,0.514304,COL,DOM,8851
1791058,61,65,1398,2004.0,33750.0,0.0,2.4453099999999997,-2.331761,DEU,DOM,8851
1791059,71,65,1398,2004.0,38107.0,0.0,1.04057,1.789023,ESP,DOM,8851
1791060,77,65,1398,2004.0,11134.0,0.0,1.57079,0.6776760000000001,FRA,DOM,8851
1791061,97,65,1398,2004.0,193684.0,0.0,0.72816,1.403171,HKG,DOM,8851
1791062,111,65,1398,2004.0,8516.0,0.0,1.440372,0.676068,ITA,DOM,8851
1791063,114,65,1398,2004.0,14863.0,0.0,2.756136,0.15545,JPN,DOM,8851
1791064,138,65,1398,2004.0,72359.0,2119.0,1.183707,0.9043700000000001,MEX,DOM,8851
1791065,169,65,1398,2004.0,21533.0,0.0,0.054997000000000004,0.440416,PAN,DOM,8851
1791066,173,65,1398,2004.0,5755.0,0.0,-0.609837,0.13314,PER,DOM,8851
1791067,231,65,1398,2004.0,762736.0,7538.0,1.818327,-0.17913900000000002,USA,DOM,8851
1791068,250,65,1398,2004.0,0.0,18367.0,0.46240200000000004,-0.406624,ANS,DOM,8851
1791069,8,67,1398,2004.0,135309.0,0.0,-0.070845,0.879574,ARG,ECU,8851
1791070,32,67,1398,2004.0,10769.0,0.0,0.504233,1.567879,BRA,ECU,8851
1791071,39,67,1398,2004.0,85648.0,0.0,0.781591,1.365966,CAN,ECU,8851
1791072,41,67,1398,2004.0,1247756.0,12118.0,2.234603,0.551975,CHE,ECU,8851
1791073,43,67,1398,2004.0,461749.0,0.0,0.710603,2.017234,CHN,ECU,8851
1791074,49,67,1398,2004.0,16387.0,2572.0,0.044706,0.514304,COL,ECU,8851
1791075,52,67,1398,2004.0,7020.0,0.0,-0.036323,-0.313847,CRI,ECU,8851
1791076,61,67,1398,2004.0,1872.0,2363.0,2.4453099999999997,-2.331761,DEU,ECU,8851
1791077,71,67,1398,2004.0,0.0,3675.0,1.04057,1.789023,ESP,ECU,8851
1791078,77,67,1398,2004.0,10859.0,0.0,1.57079,0.6776760000000001,FRA,ECU,8851
1791079,97,67,1398,2004.0,711906.0,0.0,0.72816,1.403171,HKG,ECU,8851
1791080,103,67,1398,2004.0,9905.0,0.0,0.010095999999999999,1.7413779999999999,IDN,ECU,8851
1791081,111,67,1398,2004.0,55312.0,3057.0,1.440372,0.676068,ITA,ECU,8851
1791082,114,67,1398,2004.0,222877.0,0.0,2.756136,0.15545,JPN,ECU,8851
1791083,121,67,1398,2004.0,1448.0,0.0,1.481275,0.7859,KOR,ECU,8851
1791084,138,67,1398,2004.0,34517.0,0.0,1.183707,0.9043700000000001,MEX,ECU,8851
1791085,153,67,1398,2004.0,22104.0,0.0,1.250098,0.352379,MYS,ECU,8851
1791086,155,67,1398,2004.0,1974.0,0.0,-0.408989,-0.462016,NAM,ECU,8851
1791087,162,67,1398,2004.0,10029.0,1158.0,1.171327,1.6369799999999999,NLD,ECU,8851
1791088,169,67,1398,2004.0,177363.0,0.0,0.054997000000000004,0.440416,PAN,ECU,8851
1791089,173,67,1398,2004.0,15008.0,0.0,-0.609837,0.13314,PER,ECU,8851
1791090,216,67,1398,2004.0,41898.0,0.0,0.633501,1.4648290000000002,THA,ECU,8851
1791091,231,67,1398,2004.0,1115200.0,1222.0,1.818327,-0.17913900000000002,USA,ECU,8851
1791092,236,67,1398,2004.0,5935.0,0.0,-0.41193900000000006,-0.9578899999999999,VEN,ECU,8851
1791093,249,67,1398,2004.0,1067.0,0.0,1.8844150000000002,1.257951,TWN,ECU,8851
1791094,0,71,1398,2004.0,0.0,22802.0,0.074978,-0.8537239999999999,ABW,ESP,8851
1791095,4,71,1398,2004.0,0.0,31302.0,-0.142479,0.136074,ALB,ESP,8851
1791096,5,71,1398,2004.0,189219.0,19637944.0,1.122154,0.958434,AND,ESP,8851
1791097,6,71,1398,2004.0,0.0,76298.0,0.080304,-0.634516,ANT,ESP,8851
1791098,7,71,1398,2004.0,53453.0,2479824.0,-0.10993399999999999,-0.5351640000000001,ARE,ESP,8851
1791099,8,71,1398,2004.0,36146.0,39398.0,-0.070845,0.879574,ARG,ESP,8851
1791100,14,71,1398,2004.0,33986.0,55715.0,-0.198735,0.81543,AUS,ESP,8851
1791101,15,71,1398,2004.0,651198.0,2236342.0,1.958949,0.209296,AUT,ESP,8851
1791102,16,71,1398,2004.0,0.0,22214.0,-0.720616,-1.009692,AZE,ESP,8851
1791103,18,71,1398,2004.0,1297134.0,9180864.0,1.242665,1.541444,BEL,ESP,8851
1791104,22,71,1398,2004.0,9057.0,0.0,-1.074194,-0.9392389999999999,BGD,ESP,8851
1791105,23,71,1398,2004.0,7497.0,102360.0,0.390627,1.631006,BGR,ESP,8851
1791106,24,71,1398,2004.0,0.0,346514.0,-0.551237,-1.174628,BHR,ESP,8851
1791107,25,71,1398,2004.0,0.0,108195.0,0.029548,-0.692239,BHS,ESP,8851
1791108,26,71,1398,2004.0,0.0,3291.0,0.45637,0.6154470000000001,BIH,ESP,8851
1791109,30,71,1398,2004.0,0.0,5415.0,0.67576,-0.49529799999999996,BMU,ESP,8851
1791110,32,71,1398,2004.0,12276.0,82463.0,0.504233,1.567879,BRA,ESP,8851
1791111,39,71,1398,2004.0,2058.0,55526.0,0.781591,1.365966,CAN,ESP,8851
1791112,41,71,1398,2004.0,298913344.0,24425006.0,2.234603,0.551975,CHE,ESP,8851
1791113,42,71,1398,2004.0,3389.0,1253430.0,-0.24101399999999998,-0.303103,CHL,ESP,8851
1791114,43,71,1398,2004.0,77280784.0,310201.0,0.710603,2.017234,CHN,ESP,8851
1791115,44,71,1398,2004.0,11426.0,32063.0,-0.835933,-0.749289,CIV,ESP,8851
1791116,45,71,1398,2004.0,0.0,8171.0,-1.380149,-1.220501,CMR,ESP,8851
1791117,46,71,1398,2004.0,1214.0,0.0,-1.426621,-1.198377,COD,ESP,8851
1791118,49,71,1398,2004.0,3449.0,332688.0,0.044706,0.514304,COL,ESP,8851
1791119,52,71,1398,2004.0,1057.0,10702.0,-0.036323,-0.313847,CRI,ESP,8851
1791120,54,71,1398,2004.0,0.0,68430.0,-0.16826,-0.644388,CUB,ESP,8851
1791121,58,71,1398,2004.0,0.0,153449.0,0.42732200000000004,0.811763,CYP,ESP,8851
1791122,59,71,1398,2004.0,5347.0,2128061.0,1.612543,0.607495,CZE,ESP,8851
1791123,61,71,1398,2004.0,24869866.0,19636938.0,2.4453099999999997,-2.331761,DEU,ESP,8851
1791124,64,71,1398,2004.0,30498.0,638579.0,1.309074,1.2627979999999999,DNK,ESP,8851
1791125,65,71,1398,2004.0,0.0,38107.0,-0.24909699999999999,-0.326783,DOM,ESP,8851
1791126,66,71,1398,2004.0,0.0,619135.0,-1.166661,-1.2240879999999998,DZA,ESP,8851
1791127,67,71,1398,2004.0,3675.0,0.0,-0.990727,-0.9383090000000001,ECU,ESP,8851
1791128,68,71,1398,2004.0,0.0,172090.0,-0.35823499999999997,0.5000100000000001,EGY,ESP,8851
1791129,74,71,1398,2004.0,122670.0,1032308.0,1.9662810000000002,1.018108,FIN,ESP,8851
1791130,77,71,1398,2004.0,14215636.0,36510884.0,1.57079,0.6776760000000001,FRA,ESP,8851
1791131,80,71,1398,2004.0,0.0,4701.0,-1.006071,-1.212338,GAB,ESP,8851
1791132,81,71,1398,2004.0,2843472.0,792314.0,1.872987,0.734065,GBR,ESP,8851
1791133,82,71,1398,2004.0,0.0,7600.0,-0.030676,-0.560186,GEO,ESP,8851
1791134,84,71,1398,2004.0,4404.0,2904422.0,0.501154,-0.562796,GIB,ESP,8851
1791135,89,71,1398,2004.0,0.0,9502.0,-1.9282080000000001,-0.928127,GNQ,ESP,8851
1791136,90,71,1398,2004.0,419494.0,4798456.0,0.298029,1.745886,GRC,ESP,8851
1791137,93,71,1398,2004.0,0.0,744672.0,-0.39399,0.139128,GTM,ESP,8851
1791138,97,71,1398,2004.0,26602586.0,7574808.0,0.72816,1.403171,HKG,ESP,8851
1791139,99,71,1398,2004.0,0.0,8432.0,-0.6372140000000001,-0.453946,HND,ESP,8851
1791140,100,71,1398,2004.0,0.0,412990.0,0.744459,1.1994479999999998,HRV,ESP,8851
1791141,102,71,1398,2004.0,55296.0,456710.0,1.3579370000000002,0.9993219999999999,HUN,ESP,8851
1791142,104,71,1398,2004.0,165489.0,38606.0,0.20872,2.817307,IND,ESP,8851
1791143,106,71,1398,2004.0,24073.0,347756.0,1.498475,0.19050799999999998,IRL,ESP,8851
1791144,107,71,1398,2004.0,6740.0,136922.0,-0.6691699999999999,-1.002548,IRN,ESP,8851
1791145,109,71,1398,2004.0,0.0,59750.0,0.107901,-0.41223699999999996,ISL,ESP,8851
1791146,110,71,1398,2004.0,53752.0,206046.0,1.252895,0.8662770000000001,ISR,ESP,8851
1791147,111,71,1398,2004.0,15053516.0,11576182.0,1.440372,0.676068,ITA,ESP,8851
1791148,113,71,1398,2004.0,0.0,89315.0,0.16384200000000002,0.34270100000000003,JOR,ESP,8851
1791149,114,71,1398,2004.0,5824000.0,2045111.0,2.756136,0.15545,JPN,ESP,8851
1791150,115,71,1398,2004.0,0.0,18204.0,-0.43987200000000004,-0.50862,KAZ,ESP,8851
1791151,116,71,1398,2004.0,0.0,1093.0,-0.565597,0.182375,KEN,ESP,8851
1791152,121,71,1398,2004.0,1071790.0,4608.0,1.481275,0.7859,KOR,ESP,8851
1791153,122,71,1398,2004.0,6745.0,225009.0,-0.8195479999999999,-1.2105709999999998,KWT,ESP,8851
1791154,124,71,1398,2004.0,0.0,311185.0,0.269753,1.3152979999999999,LBN,ESP,8851
1791155,126,71,1398,2004.0,0.0,36174.0,-0.895142,-1.211141,LBY,ESP,8851
1791156,128,71,1398,2004.0,1633.0,0.0,-0.42450299999999996,0.173518,LKA,ESP,8851
1791157,130,71,1398,2004.0,0.0,288926.0,0.341521,0.7971560000000001,LTU,ESP,8851
1791158,131,71,1398,2004.0,0.0,11404.0,1.258828,1.079923,LUX,ESP,8851
1791159,132,71,1398,2004.0,0.0,118423.0,0.415001,0.8476809999999999,LVA,ESP,8851
1791160,134,71,1398,2004.0,2756.0,120176.0,-0.626594,-0.22253499999999998,MAR,ESP,8851
1791161,135,71,1398,2004.0,0.0,31593.0,-0.13031900000000002,-0.118591,MDA,ESP,8851
1791162,138,71,1398,2004.0,4596.0,812959.0,1.183707,0.9043700000000001,MEX,ESP,8851
1791163,142,71,1398,2004.0,0.0,96261.0,1.2290379999999999,-0.025372,MLT,ESP,8851
1791164,151,71,1398,2004.0,40118.0,38434.0,-0.161262,-0.29730300000000004,MUS,ESP,8851
1791165,153,71,1398,2004.0,462736.0,90165.0,1.250098,0.352379,MYS,ESP,8851
1791166,159,71,1398,2004.0,0.0,20864.0,-2.336753,-1.350375,NGA,ESP,8851
1791167,162,71,1398,2004.0,861266.0,1241352.0,1.171327,1.6369799999999999,NLD,ESP,8851
1791168,163,71,1398,2004.0,42660.0,163673.0,0.731175,-0.0655,NOR,ESP,8851
1791169,164,71,1398,2004.0,0.0,1451.0,-0.16800199999999998,0.541976,NPL,ESP,8851
1791170,166,71,1398,2004.0,3746.0,18462.0,0.44099099999999997,0.968326,NZL,ESP,8851
1791171,167,71,1398,2004.0,0.0,25732.0,-0.707862,-1.187629,OMN,ESP,8851
1791172,169,71,1398,2004.0,103282.0,2084292.0,0.054997000000000004,0.440416,PAN,ESP,8851
1791173,173,71,1398,2004.0,0.0,19426.0,-0.609837,0.13314,PER,ESP,8851
1791174,174,71,1398,2004.0,49847.0,0.0,0.288786,-0.25348699999999996,PHL,ESP,8851
1791175,177,71,1398,2004.0,8493.0,437177.0,0.989568,1.49055,POL,ESP,8851
1791176,178,71,1398,2004.0,4366.0,0.0,0.695376,0.9732209999999999,PRK,ESP,8851
1791177,179,71,1398,2004.0,1202717.0,19478302.0,0.705075,1.7268729999999999,PRT,ESP,8851
1791178,183,71,1398,2004.0,0.0,354382.0,0.018141,-1.03766,QAT,ESP,8851
1791179,185,71,1398,2004.0,0.0,397446.0,0.53925,1.145066,ROU,ESP,8851
1791180,186,71,1398,2004.0,37539.0,605689.0,0.422803,0.017524,RUS,ESP,8851
1791181,188,71,1398,2004.0,111794.0,664684.0,0.361324,-0.760732,SAU,ESP,8851
1791182,189,71,1398,2004.0,0.0,213314.0,0.544686,2.418024,SCG,ESP,8851
1791183,191,71,1398,2004.0,0.0,4556.0,-0.620158,-0.296575,SEN,ESP,8851
1791184,192,71,1398,2004.0,63291.0,321799.0,1.804502,0.570084,SGP,ESP,8851
1791185,197,71,1398,2004.0,0.0,15483.0,-0.21054299999999998,0.086382,SLV,ESP,8851
1791186,198,71,1398,2004.0,0.0,9765.0,1.530337,0.719013,SMR,ESP,8851
1791187,206,71,1398,2004.0,21341.0,25536.0,1.2683149999999999,0.9208620000000001,SVK,ESP,8851
1791188,207,71,1398,2004.0,6557.0,153501.0,1.700677,0.829765,SVN,ESP,8851
1791189,208,71,1398,2004.0,105425.0,434667.0,2.105611,0.707843,SWE,ESP,8851
1791190,209,71,1398,2004.0,2617.0,0.0,0.528937,-0.241038,SWZ,ESP,8851
1791191,211,71,1398,2004.0,0.0,18102.0,-0.585828,-0.768388,SYC,ESP,8851
1791192,212,71,1398,2004.0,0.0,9640.0,-0.698545,-0.111323,SYR,ESP,8851
1791193,216,71,1398,2004.0,2976120.0,140434.0,0.633501,1.4648290000000002,THA,ESP,8851
1791194,223,71,1398,2004.0,39625.0,268467.0,-0.125092,0.370625,TUN,ESP,8851
1791195,224,71,1398,2004.0,83350.0,211206.0,0.249065,1.910598,TUR,ESP,8851
1791196,226,71,1398,2004.0,0.0,1766.0,-0.935327,0.362709,TZA,ESP,8851
1791197,228,71,1398,2004.0,0.0,345086.0,0.672848,1.172735,UKR,ESP,8851
1791198,230,71,1398,2004.0,0.0,9227.0,-0.051583000000000004,0.145056,URY,ESP,8851
1791199,231,71,1398,2004.0,6004417.0,7821564.0,1.818327,-0.17913900000000002,USA,ESP,8851
1791200,236,71,1398,2004.0,1150.0,93653.0,-0.41193900000000006,-0.9578899999999999,VEN,ESP,8851
1791201,237,71,1398,2004.0,0.0,3477899.0,0.689844,-0.23942,VGB,ESP,8851
1791202,239,71,1398,2004.0,88873.0,35449.0,-0.46875500000000003,0.734412,VNM,ESP,8851
1791203,243,71,1398,2004.0,0.0,2569.0,-1.298227,-1.2496639999999999,YEM,ESP,8851
1791204,246,71,1398,2004.0,0.0,144864.0,0.29599699999999995,1.909018,ZAF,ESP,8851
1791205,249,71,1398,2004.0,443255.0,10184.0,1.8844150000000002,1.257951,TWN,ESP,8851
1791206,250,71,1398,2004.0,0.0,3274889.0,0.46240200000000004,-0.406624,ANS,ESP,8851
1791207,7,72,1398,2004.0,14862.0,0.0,-0.10993399999999999,-0.5351640000000001,ARE,EST,8851
1791208,15,72,1398,2004.0,137423.0,3663.0,1.958949,0.209296,AUT,EST,8851
1791209,28,72,1398,2004.0,3606.0,0.0,0.9384239999999999,0.9708690000000001,BLR,EST,8851
1791210,41,72,1398,2004.0,697194.0,0.0,2.234603,0.551975,CHE,EST,8851
1791211,43,72,1398,2004.0,318667.0,0.0,0.710603,2.017234,CHN,EST,8851
1791212,61,72,1398,2004.0,154430.0,1187.0,2.4453099999999997,-2.331761,DEU,EST,8851
1791213,64,72,1398,2004.0,16152.0,0.0,1.309074,1.2627979999999999,DNK,EST,8851
1791214,74,72,1398,2004.0,135190.0,0.0,1.9662810000000002,1.018108,FIN,EST,8851
1791215,77,72,1398,2004.0,18766.0,2312.0,1.57079,0.6776760000000001,FRA,EST,8851
1791216,81,72,1398,2004.0,73968.0,0.0,1.872987,0.734065,GBR,EST,8851
1791217,97,72,1398,2004.0,279822.0,0.0,0.72816,1.403171,HKG,EST,8851
1791218,111,72,1398,2004.0,5810.0,0.0,1.440372,0.676068,ITA,EST,8851
1791219,114,72,1398,2004.0,81783.0,0.0,2.756136,0.15545,JPN,EST,8851
1791220,121,72,1398,2004.0,46040.0,0.0,1.481275,0.7859,KOR,EST,8851
1791221,130,72,1398,2004.0,106567.0,69134.0,0.341521,0.7971560000000001,LTU,EST,8851
1791222,132,72,1398,2004.0,11440.0,123412.0,0.415001,0.8476809999999999,LVA,EST,8851
1791223,153,72,1398,2004.0,1263.0,0.0,1.250098,0.352379,MYS,EST,8851
1791224,162,72,1398,2004.0,51065.0,0.0,1.171327,1.6369799999999999,NLD,EST,8851
1791225,163,72,1398,2004.0,0.0,28256.0,0.731175,-0.0655,NOR,EST,8851
1791226,177,72,1398,2004.0,4150.0,0.0,0.989568,1.49055,POL,EST,8851
1791227,179,72,1398,2004.0,5385.0,0.0,0.705075,1.7268729999999999,PRT,EST,8851
1791228,186,72,1398,2004.0,25106.0,12926.0,0.422803,0.017524,RUS,EST,8851
1791229,192,72,1398,2004.0,0.0,125992.0,1.804502,0.570084,SGP,EST,8851
1791230,208,72,1398,2004.0,39605.0,8495.0,2.105611,0.707843,SWE,EST,8851
1791231,216,72,1398,2004.0,2431.0,0.0,0.633501,1.4648290000000002,THA,EST,8851
1791232,224,72,1398,2004.0,1488.0,0.0,0.249065,1.910598,TUR,EST,8851
1791233,231,72,1398,2004.0,58290.0,80191.0,1.818327,-0.17913900000000002,USA,EST,8851
1791234,250,72,1398,2004.0,34634.0,0.0,0.46240200000000004,-0.406624,ANS,EST,8851
1791235,5,74,1398,2004.0,0.0,83241.0,1.122154,0.958434,AND,FIN,8851
1791236,8,74,1398,2004.0,0.0,33624.0,-0.070845,0.879574,ARG,FIN,8851
1791237,14,74,1398,2004.0,32683.0,42464.0,-0.198735,0.81543,AUS,FIN,8851
1791238,15,74,1398,2004.0,167162.0,147556.0,1.958949,0.209296,AUT,FIN,8851
1791239,18,74,1398,2004.0,22126.0,1003.0,1.242665,1.541444,BEL,FIN,8851
1791240,23,74,1398,2004.0,0.0,5267.0,0.390627,1.631006,BGR,FIN,8851
1791241,32,74,1398,2004.0,4645.0,220490.0,0.504233,1.567879,BRA,FIN,8851
1791242,39,74,1398,2004.0,4401.0,215536.0,0.781591,1.365966,CAN,FIN,8851
1791243,41,74,1398,2004.0,9781058.0,103532.0,2.234603,0.551975,CHE,FIN,8851
1791244,42,74,1398,2004.0,0.0,2217.0,-0.24101399999999998,-0.303103,CHL,FIN,8851
1791245,43,74,1398,2004.0,995184.0,24781.0,0.710603,2.017234,CHN,FIN,8851
1791246,49,74,1398,2004.0,0.0,72708.0,0.044706,0.514304,COL,FIN,8851
1791247,59,74,1398,2004.0,24952.0,86021.0,1.612543,0.607495,CZE,FIN,8851
1791248,61,74,1398,2004.0,5299456.0,1540239.0,2.4453099999999997,-2.331761,DEU,FIN,8851
1791249,64,74,1398,2004.0,159734.0,68238.0,1.309074,1.2627979999999999,DNK,FIN,8851
1791250,69,74,1398,2004.0,0.0,5819.0,0.390463,0.144876,ERI,FIN,8851
1791251,71,74,1398,2004.0,1032308.0,122670.0,1.04057,1.789023,ESP,FIN,8851
1791252,72,74,1398,2004.0,0.0,135190.0,0.645741,1.035117,EST,FIN,8851
1791253,77,74,1398,2004.0,197873.0,111238.0,1.57079,0.6776760000000001,FRA,FIN,8851
1791254,81,74,1398,2004.0,376521.0,44470.0,1.872987,0.734065,GBR,FIN,8851
1791255,90,74,1398,2004.0,0.0,31404.0,0.298029,1.745886,GRC,FIN,8851
1791256,93,74,1398,2004.0,0.0,57020.0,-0.39399,0.139128,GTM,FIN,8851
1791257,97,74,1398,2004.0,5765332.0,357986.0,0.72816,1.403171,HKG,FIN,8851
1791258,100,74,1398,2004.0,0.0,11784.0,0.744459,1.1994479999999998,HRV,FIN,8851
1791259,102,74,1398,2004.0,0.0,40207.0,1.3579370000000002,0.9993219999999999,HUN,FIN,8851
1791260,104,74,1398,2004.0,2017.0,0.0,0.20872,2.817307,IND,FIN,8851
1791261,110,74,1398,2004.0,2220.0,82847.0,1.252895,0.8662770000000001,ISR,FIN,8851
1791262,111,74,1398,2004.0,61261.0,3329.0,1.440372,0.676068,ITA,FIN,8851
1791263,114,74,1398,2004.0,191800.0,844529.0,2.756136,0.15545,JPN,FIN,8851
1791264,115,74,1398,2004.0,0.0,40990.0,-0.43987200000000004,-0.50862,KAZ,FIN,8851
1791265,121,74,1398,2004.0,1627.0,140682.0,1.481275,0.7859,KOR,FIN,8851
1791266,124,74,1398,2004.0,0.0,4643.0,0.269753,1.3152979999999999,LBN,FIN,8851
1791267,130,74,1398,2004.0,0.0,1797.0,0.341521,0.7971560000000001,LTU,FIN,8851
1791268,132,74,1398,2004.0,2102.0,25256.0,0.415001,0.8476809999999999,LVA,FIN,8851
1791269,135,74,1398,2004.0,0.0,1191.0,-0.13031900000000002,-0.118591,MDA,FIN,8851
1791270,137,74,1398,2004.0,0.0,11530.0,-0.44303000000000003,-0.841744,MDV,FIN,8851
1791271,138,74,1398,2004.0,0.0,253755.0,1.183707,0.9043700000000001,MEX,FIN,8851
1791272,151,74,1398,2004.0,1579.0,7213.0,-0.161262,-0.29730300000000004,MUS,FIN,8851
1791273,153,74,1398,2004.0,0.0,323403.0,1.250098,0.352379,MYS,FIN,8851
1791274,156,74,1398,2004.0,0.0,2847.0,-0.279566,-0.860456,NCL,FIN,8851
1791275,162,74,1398,2004.0,765579.0,140166.0,1.171327,1.6369799999999999,NLD,FIN,8851
1791276,163,74,1398,2004.0,13574.0,90392.0,0.731175,-0.0655,NOR,FIN,8851
1791277,166,74,1398,2004.0,11895.0,23871.0,0.44099099999999997,0.968326,NZL,FIN,8851
1791278,169,74,1398,2004.0,0.0,11681.0,0.054997000000000004,0.440416,PAN,FIN,8851
1791279,173,74,1398,2004.0,0.0,37385.0,-0.609837,0.13314,PER,FIN,8851
1791280,174,74,1398,2004.0,48957.0,96065.0,0.288786,-0.25348699999999996,PHL,FIN,8851
1791281,177,74,1398,2004.0,0.0,32974.0,0.989568,1.49055,POL,FIN,8851
1791282,182,74,1398,2004.0,0.0,4761.0,-0.125349,-0.718282,PYF,FIN,8851
1791283,186,74,1398,2004.0,2371.0,2198957.0,0.422803,0.017524,RUS,FIN,8851
1791284,188,74,1398,2004.0,0.0,4967.0,0.361324,-0.760732,SAU,FIN,8851
1791285,192,74,1398,2004.0,271581.0,0.0,1.804502,0.570084,SGP,FIN,8851
1791286,207,74,1398,2004.0,0.0,115711.0,1.700677,0.829765,SVN,FIN,8851
1791287,208,74,1398,2004.0,3243372.0,278253.0,2.105611,0.707843,SWE,FIN,8851
1791288,216,74,1398,2004.0,6521.0,8098.0,0.633501,1.4648290000000002,THA,FIN,8851
1791289,224,74,1398,2004.0,0.0,38270.0,0.249065,1.910598,TUR,FIN,8851
1791290,228,74,1398,2004.0,0.0,12851.0,0.672848,1.172735,UKR,FIN,8851
1791291,230,74,1398,2004.0,0.0,1167.0,-0.051583000000000004,0.145056,URY,FIN,8851
1791292,231,74,1398,2004.0,327881.0,6322390.0,1.818327,-0.17913900000000002,USA,FIN,8851
1791293,246,74,1398,2004.0,0.0,302291.0,0.29599699999999995,1.909018,ZAF,FIN,8851
1791294,249,74,1398,2004.0,9470.0,4601.0,1.8844150000000002,1.257951,TWN,FIN,8851
1791295,0,77,1398,2004.0,0.0,88169.0,0.074978,-0.8537239999999999,ABW,FRA,8851
1791296,1,77,1398,2004.0,0.0,7462.0,-0.8890309999999999,-0.773602,AFG,FRA,8851
1791297,2,77,1398,2004.0,0.0,267387.0,-0.8688110000000001,-1.198692,AGO,FRA,8851
1791298,5,77,1398,2004.0,225497.0,4864080.0,1.122154,0.958434,AND,FRA,8851
1791299,6,77,1398,2004.0,10277.0,1053382.0,0.080304,-0.634516,ANT,FRA,8851
1791300,7,77,1398,2004.0,90151.0,14175055.0,-0.10993399999999999,-0.5351640000000001,ARE,FRA,8851
1791301,8,77,1398,2004.0,0.0,50035.0,-0.070845,0.879574,ARG,FRA,8851
1791302,9,77,1398,2004.0,0.0,5182.0,0.497276,-0.226016,ARM,FRA,8851
1791303,10,77,1398,2004.0,0.0,31092.0,1.0764479999999998,0.678424,ASM,FRA,8851
1791304,13,77,1398,2004.0,0.0,47259.0,-0.28271,-0.850197,ATG,FRA,8851
1791305,14,77,1398,2004.0,62557.0,622500.0,-0.198735,0.81543,AUS,FRA,8851
1791306,15,77,1398,2004.0,339366.0,1458958.0,1.958949,0.209296,AUT,FRA,8851
1791307,16,77,1398,2004.0,0.0,37739.0,-0.720616,-1.009692,AZE,FRA,8851
1791308,18,77,1398,2004.0,19451372.0,10318597.0,1.242665,1.541444,BEL,FRA,8851
1791309,19,77,1398,2004.0,0.0,60954.0,-1.422449,-1.09615,BEN,FRA,8851
1791310,21,77,1398,2004.0,0.0,11519.0,-1.118427,-1.091315,BFA,FRA,8851
1791311,23,77,1398,2004.0,7829.0,83022.0,0.390627,1.631006,BGR,FRA,8851
1791312,24,77,1398,2004.0,13498.0,2142206.0,-0.551237,-1.174628,BHR,FRA,8851
1791313,25,77,1398,2004.0,0.0,30468.0,0.029548,-0.692239,BHS,FRA,8851
1791314,26,77,1398,2004.0,0.0,22977.0,0.45637,0.6154470000000001,BIH,FRA,8851
1791315,29,77,1398,2004.0,0.0,39677.0,-0.528459,-0.739219,BLZ,FRA,8851
1791316,30,77,1398,2004.0,0.0,17411.0,0.67576,-0.49529799999999996,BMU,FRA,8851
1791317,32,77,1398,2004.0,29563.0,281205.0,0.504233,1.567879,BRA,FRA,8851
1791318,39,77,1398,2004.0,0.0,1002150.0,0.781591,1.365966,CAN,FRA,8851
1791319,41,77,1398,2004.0,431131936.0,103174960.0,2.234603,0.551975,CHE,FRA,8851
1791320,42,77,1398,2004.0,20990.0,54852.0,-0.24101399999999998,-0.303103,CHL,FRA,8851
1791321,43,77,1398,2004.0,61445216.0,1230863.0,0.710603,2.017234,CHN,FRA,8851
1791322,44,77,1398,2004.0,1162.0,618887.0,-0.835933,-0.749289,CIV,FRA,8851
1791323,45,77,1398,2004.0,0.0,99512.0,-1.380149,-1.220501,CMR,FRA,8851
1791324,46,77,1398,2004.0,0.0,29848.0,-1.426621,-1.198377,COD,FRA,8851
1791325,47,77,1398,2004.0,0.0,68401.0,-1.415254,-1.24599,COG,FRA,8851
1791326,49,77,1398,2004.0,0.0,199892.0,0.044706,0.514304,COL,FRA,8851
1791327,50,77,1398,2004.0,0.0,29773.0,-0.8264940000000001,-0.9641290000000001,COM,FRA,8851
1791328,52,77,1398,2004.0,0.0,21440.0,-0.036323,-0.313847,CRI,FRA,8851
1791329,57,77,1398,2004.0,0.0,8706.0,0.47268999999999994,-0.742781,CYM,FRA,8851
1791330,58,77,1398,2004.0,19768.0,306912.0,0.42732200000000004,0.811763,CYP,FRA,8851
1791331,59,77,1398,2004.0,12535.0,510015.0,1.612543,0.607495,CZE,FRA,8851
1791332,61,77,1398,2004.0,28573862.0,13680039.0,2.4453099999999997,-2.331761,DEU,FRA,8851
1791333,62,77,1398,2004.0,0.0,2487.0,-0.370222,-0.28660399999999997,DJI,FRA,8851
1791334,64,77,1398,2004.0,161767.0,494361.0,1.309074,1.2627979999999999,DNK,FRA,8851
1791335,65,77,1398,2004.0,0.0,11134.0,-0.24909699999999999,-0.326783,DOM,FRA,8851
1791336,66,77,1398,2004.0,0.0,158863.0,-1.166661,-1.2240879999999998,DZA,FRA,8851
1791337,67,77,1398,2004.0,0.0,10859.0,-0.990727,-0.9383090000000001,ECU,FRA,8851
1791338,68,77,1398,2004.0,1543.0,219287.0,-0.35823499999999997,0.5000100000000001,EGY,FRA,8851
1791339,69,77,1398,2004.0,0.0,3731.0,0.390463,0.144876,ERI,FRA,8851
1791340,71,77,1398,2004.0,36510884.0,14215636.0,1.04057,1.789023,ESP,FRA,8851
1791341,72,77,1398,2004.0,2312.0,18766.0,0.645741,1.035117,EST,FRA,8851
1791342,74,77,1398,2004.0,111238.0,197873.0,1.9662810000000002,1.018108,FIN,FRA,8851
1791343,80,77,1398,2004.0,1075.0,141302.0,-1.006071,-1.212338,GAB,FRA,8851
1791344,81,77,1398,2004.0,4389868.0,15398659.0,1.872987,0.734065,GBR,FRA,8851
1791345,84,77,1398,2004.0,2416.0,33579.0,0.501154,-0.562796,GIB,FRA,8851
1791346,85,77,1398,2004.0,0.0,9856.0,-1.004077,-1.108018,GIN,FRA,8851
1791347,90,77,1398,2004.0,297587.0,1919275.0,0.298029,1.745886,GRC,FRA,8851
1791348,93,77,1398,2004.0,0.0,51825.0,-0.39399,0.139128,GTM,FRA,8851
1791349,95,77,1398,2004.0,0.0,8706.0,0.136164,-0.616118,GUM,FRA,8851
1791350,96,77,1398,2004.0,0.0,3338.0,-0.932802,-0.9846530000000001,GUY,FRA,8851
1791351,97,77,1398,2004.0,42729920.0,25163334.0,0.72816,1.403171,HKG,FRA,8851
1791352,99,77,1398,2004.0,0.0,10772.0,-0.6372140000000001,-0.453946,HND,FRA,8851
1791353,100,77,1398,2004.0,0.0,275368.0,0.744459,1.1994479999999998,HRV,FRA,8851
1791354,101,77,1398,2004.0,0.0,21142.0,-0.919434,-0.9868950000000001,HTI,FRA,8851
1791355,102,77,1398,2004.0,7069.0,355114.0,1.3579370000000002,0.9993219999999999,HUN,FRA,8851
1791356,103,77,1398,2004.0,1855.0,144294.0,0.010095999999999999,1.7413779999999999,IDN,FRA,8851
1791357,104,77,1398,2004.0,12101.0,164048.0,0.20872,2.817307,IND,FRA,8851
1791358,106,77,1398,2004.0,5559.0,661452.0,1.498475,0.19050799999999998,IRL,FRA,8851
1791359,107,77,1398,2004.0,0.0,147791.0,-0.6691699999999999,-1.002548,IRN,FRA,8851
1791360,109,77,1398,2004.0,0.0,43542.0,0.107901,-0.41223699999999996,ISL,FRA,8851
1791361,110,77,1398,2004.0,123421.0,4114580.0,1.252895,0.8662770000000001,ISR,FRA,8851
1791362,111,77,1398,2004.0,12313988.0,13516488.0,1.440372,0.676068,ITA,FRA,8851
1791363,112,77,1398,2004.0,0.0,87270.0,-0.505365,-0.9596120000000001,JAM,FRA,8851
1791364,113,77,1398,2004.0,9462.0,214798.0,0.16384200000000002,0.34270100000000003,JOR,FRA,8851
1791365,114,77,1398,2004.0,4158532.0,32021932.0,2.756136,0.15545,JPN,FRA,8851
1791366,115,77,1398,2004.0,0.0,3092852.0,-0.43987200000000004,-0.50862,KAZ,FRA,8851
1791367,116,77,1398,2004.0,0.0,12650.0,-0.565597,0.182375,KEN,FRA,8851
1791368,118,77,1398,2004.0,2270.0,1632.0,-1.145227,-1.19179,KHM,FRA,8851
1791369,121,77,1398,2004.0,827016.0,3399520.0,1.481275,0.7859,KOR,FRA,8851
1791370,122,77,1398,2004.0,0.0,5705802.0,-0.8195479999999999,-1.2105709999999998,KWT,FRA,8851
1791371,124,77,1398,2004.0,129489.0,2227636.0,0.269753,1.3152979999999999,LBN,FRA,8851
1791372,127,77,1398,2004.0,0.0,2977.0,0.31900300000000004,-0.346391,LCA,FRA,8851
1791373,130,77,1398,2004.0,1149.0,69532.0,0.341521,0.7971560000000001,LTU,FRA,8851
1791374,131,77,1398,2004.0,255210.0,1463988.0,1.258828,1.079923,LUX,FRA,8851
1791375,132,77,1398,2004.0,0.0,125514.0,0.415001,0.8476809999999999,LVA,FRA,8851
1791376,133,77,1398,2004.0,0.0,176707.0,-0.12333599999999999,-0.600164,MAC,FRA,8851
1791377,134,77,1398,2004.0,22645.0,3003013.0,-0.626594,-0.22253499999999998,MAR,FRA,8851
1791378,135,77,1398,2004.0,0.0,2174.0,-0.13031900000000002,-0.118591,MDA,FRA,8851
1791379,136,77,1398,2004.0,2651548.0,3516039.0,-1.1010799999999998,-0.7367859999999999,MDG,FRA,8851
1791380,138,77,1398,2004.0,0.0,814666.0,1.183707,0.9043700000000001,MEX,FRA,8851
1791381,140,77,1398,2004.0,0.0,27239.0,-0.120439,0.27624899999999997,MKD,FRA,8851
1791382,141,77,1398,2004.0,0.0,1773.0,-0.5807979999999999,-0.797311,MLI,FRA,8851
1791383,142,77,1398,2004.0,8487.0,42926.0,1.2290379999999999,-0.025372,MLT,FRA,8851
1791384,146,77,1398,2004.0,0.0,6218.0,-0.22844699999999998,-0.684888,MNP,FRA,8851
1791385,147,77,1398,2004.0,0.0,12731.0,-1.009633,-0.9863059999999999,MOZ,FRA,8851
1791386,148,77,1398,2004.0,0.0,82603.0,-1.8941119999999998,-1.357728,MRT,FRA,8851
1791387,151,77,1398,2004.0,2891740.0,2415225.0,-0.161262,-0.29730300000000004,MUS,FRA,8851
1791388,153,77,1398,2004.0,325797.0,658827.0,1.250098,0.352379,MYS,FRA,8851
1791389,154,77,1398,2004.0,0.0,18349.0,1.290551,0.284667,MYT,FRA,8851
1791390,156,77,1398,2004.0,0.0,418797.0,-0.279566,-0.860456,NCL,FRA,8851
1791391,157,77,1398,2004.0,0.0,27455.0,-1.102485,-0.850282,NER,FRA,8851
1791392,159,77,1398,2004.0,0.0,27361.0,-2.336753,-1.350375,NGA,FRA,8851
1791393,162,77,1398,2004.0,1525311.0,3725664.0,1.171327,1.6369799999999999,NLD,FRA,8851
1791394,163,77,1398,2004.0,4586.0,241435.0,0.731175,-0.0655,NOR,FRA,8851
1791395,166,77,1398,2004.0,0.0,190096.0,0.44099099999999997,0.968326,NZL,FRA,8851
1791396,167,77,1398,2004.0,0.0,858652.0,-0.707862,-1.187629,OMN,FRA,8851
1791397,168,77,1398,2004.0,0.0,11304.0,-0.7489600000000001,0.22493200000000002,PAK,FRA,8851
1791398,169,77,1398,2004.0,31714.0,804629.0,0.054997000000000004,0.440416,PAN,FRA,8851
1791399,173,77,1398,2004.0,0.0,20674.0,-0.609837,0.13314,PER,FRA,8851
1791400,174,77,1398,2004.0,2055461.0,123851.0,0.288786,-0.25348699999999996,PHL,FRA,8851
1791401,176,77,1398,2004.0,0.0,8427.0,-1.57259,-1.215066,PNG,FRA,8851
1791402,177,77,1398,2004.0,45699.0,574508.0,0.989568,1.49055,POL,FRA,8851
1791403,179,77,1398,2004.0,16132.0,3185994.0,0.705075,1.7268729999999999,PRT,FRA,8851
1791404,180,77,1398,2004.0,0.0,11708.0,-0.634469,-0.870034,PRY,FRA,8851
1791405,182,77,1398,2004.0,1320.0,326718.0,-0.125349,-0.718282,PYF,FRA,8851
1791406,183,77,1398,2004.0,984014.0,3407117.0,0.018141,-1.03766,QAT,FRA,8851
1791407,185,77,1398,2004.0,0.0,329152.0,0.53925,1.145066,ROU,FRA,8851
1791408,186,77,1398,2004.0,144323.0,5137076.0,0.422803,0.017524,RUS,FRA,8851
1791409,188,77,1398,2004.0,372263.0,6272937.0,0.361324,-0.760732,SAU,FRA,8851
1791410,189,77,1398,2004.0,0.0,45836.0,0.544686,2.418024,SCG,FRA,8851
1791411,191,77,1398,2004.0,11054.0,260930.0,-0.620158,-0.296575,SEN,FRA,8851
1791412,192,77,1398,2004.0,378150.0,7215914.0,1.804502,0.570084,SGP,FRA,8851
1791413,197,77,1398,2004.0,0.0,3361.0,-0.21054299999999998,0.086382,SLV,FRA,8851
1791414,200,77,1398,2004.0,0.0,12436.0,-0.652058,-0.8527040000000001,SPM,FRA,8851
1791415,206,77,1398,2004.0,0.0,65355.0,1.2683149999999999,0.9208620000000001,SVK,FRA,8851
1791416,207,77,1398,2004.0,1823.0,297507.0,1.700677,0.829765,SVN,FRA,8851
1791417,208,77,1398,2004.0,231582.0,491722.0,2.105611,0.707843,SWE,FRA,8851
1791418,211,77,1398,2004.0,0.0,14469.0,-0.585828,-0.768388,SYC,FRA,8851
1791419,212,77,1398,2004.0,0.0,819424.0,-0.698545,-0.111323,SYR,FRA,8851
1791420,213,77,1398,2004.0,0.0,8706.0,0.641878,0.22729000000000002,TCA,FRA,8851
1791421,215,77,1398,2004.0,0.0,35646.0,-0.569621,-0.533211,TGO,FRA,8851
1791422,216,77,1398,2004.0,4458762.0,1605642.0,0.633501,1.4648290000000002,THA,FRA,8851
1791423,218,77,1398,2004.0,0.0,34823.0,0.266386,0.202336,TKL,FRA,8851
1791424,223,77,1398,2004.0,172827.0,347395.0,-0.125092,0.370625,TUN,FRA,8851
1791425,224,77,1398,2004.0,91173.0,402449.0,0.249065,1.910598,TUR,FRA,8851
1791426,227,77,1398,2004.0,0.0,1898.0,-1.05367,-0.546304,UGA,FRA,8851
1791427,228,77,1398,2004.0,0.0,719654.0,0.672848,1.172735,UKR,FRA,8851
1791428,230,77,1398,2004.0,0.0,3429.0,-0.051583000000000004,0.145056,URY,FRA,8851
1791429,231,77,1398,2004.0,8145306.0,17538122.0,1.818327,-0.17913900000000002,USA,FRA,8851
1791430,236,77,1398,2004.0,0.0,33962.0,-0.41193900000000006,-0.9578899999999999,VEN,FRA,8851
1791431,237,77,1398,2004.0,0.0,1586914.0,0.689844,-0.23942,VGB,FRA,8851
1791432,239,77,1398,2004.0,8743.0,1551.0,-0.46875500000000003,0.734412,VNM,FRA,8851
1791433,241,77,1398,2004.0,0.0,11085.0,2.237209,0.203692,WLF,FRA,8851
1791434,243,77,1398,2004.0,0.0,51619.0,-1.298227,-1.2496639999999999,YEM,FRA,8851
1791435,246,77,1398,2004.0,28993.0,2352227.0,0.29599699999999995,1.909018,ZAF,FRA,8851
1791436,249,77,1398,2004.0,612366.0,2511384.0,1.8844150000000002,1.257951,TWN,FRA,8851
1791437,250,77,1398,2004.0,158105.0,266100.0,0.46240200000000004,-0.406624,ANS,FRA,8851
1791438,1,81,1398,2004.0,26155.0,0.0,-0.8890309999999999,-0.773602,AFG,GBR,8851
1791439,6,81,1398,2004.0,1763.0,3247.0,0.080304,-0.634516,ANT,GBR,8851
1791440,7,81,1398,2004.0,1135713.0,12533058.0,-0.10993399999999999,-0.5351640000000001,ARE,GBR,8851
1791441,8,81,1398,2004.0,1810.0,2691.0,-0.070845,0.879574,ARG,GBR,8851
1791442,9,81,1398,2004.0,0.0,12559.0,0.497276,-0.226016,ARM,GBR,8851
1791443,13,81,1398,2004.0,0.0,8522.0,-0.28271,-0.850197,ATG,GBR,8851
1791444,14,81,1398,2004.0,215742.0,1564594.0,-0.198735,0.81543,AUS,GBR,8851
1791445,15,81,1398,2004.0,6688998.0,1125507.0,1.958949,0.209296,AUT,GBR,8851
1791446,16,81,1398,2004.0,0.0,4593.0,-0.720616,-1.009692,AZE,GBR,8851
1791447,18,81,1398,2004.0,1669573.0,1224705.0,1.242665,1.541444,BEL,GBR,8851
1791448,23,81,1398,2004.0,15005.0,20436.0,0.390627,1.631006,BGR,GBR,8851
1791449,24,81,1398,2004.0,5906.0,304775.0,-0.551237,-1.174628,BHR,GBR,8851
1791450,25,81,1398,2004.0,8312.0,724880.0,0.029548,-0.692239,BHS,GBR,8851
1791451,28,81,1398,2004.0,0.0,3864.0,0.9384239999999999,0.9708690000000001,BLR,GBR,8851
1791452,30,81,1398,2004.0,1107.0,4205.0,0.67576,-0.49529799999999996,BMU,GBR,8851
1791453,32,81,1398,2004.0,3287.0,566306.0,0.504233,1.567879,BRA,GBR,8851
1791454,33,81,1398,2004.0,33449.0,156670.0,0.644308,0.290054,BRB,GBR,8851
1791455,34,81,1398,2004.0,2197713.0,7466865.0,-0.720827,-0.964435,BRN,GBR,8851
1791456,39,81,1398,2004.0,113254.0,1203766.0,0.781591,1.365966,CAN,GBR,8851
1791457,41,81,1398,2004.0,379148352.0,71637984.0,2.234603,0.551975,CHE,GBR,8851
1791458,42,81,1398,2004.0,0.0,20773.0,-0.24101399999999998,-0.303103,CHL,GBR,8851
1791459,43,81,1398,2004.0,65721988.0,148919.0,0.710603,2.017234,CHN,GBR,8851
1791460,44,81,1398,2004.0,0.0,40115.0,-0.835933,-0.749289,CIV,GBR,8851
1791461,45,81,1398,2004.0,1462.0,0.0,-1.380149,-1.220501,CMR,GBR,8851
1791462,46,81,1398,2004.0,0.0,58013.0,-1.426621,-1.198377,COD,GBR,8851
1791463,49,81,1398,2004.0,0.0,1638.0,0.044706,0.514304,COL,GBR,8851
1791464,54,81,1398,2004.0,0.0,8791.0,-0.16826,-0.644388,CUB,GBR,8851
1791465,58,81,1398,2004.0,97390.0,191797.0,0.42732200000000004,0.811763,CYP,GBR,8851
1791466,59,81,1398,2004.0,40013.0,676048.0,1.612543,0.607495,CZE,GBR,8851
1791467,61,81,1398,2004.0,13741633.0,8834389.0,2.4453099999999997,-2.331761,DEU,GBR,8851
1791468,64,81,1398,2004.0,1273671.0,123750.0,1.309074,1.2627979999999999,DNK,GBR,8851
1791469,66,81,1398,2004.0,0.0,259406.0,-1.166661,-1.2240879999999998,DZA,GBR,8851
1791470,68,81,1398,2004.0,1058.0,27162.0,-0.35823499999999997,0.5000100000000001,EGY,GBR,8851
1791471,71,81,1398,2004.0,792314.0,2843472.0,1.04057,1.789023,ESP,GBR,8851
1791472,72,81,1398,2004.0,0.0,73968.0,0.645741,1.035117,EST,GBR,8851
1791473,73,81,1398,2004.0,0.0,51844.0,-1.202444,-0.8973120000000001,ETH,GBR,8851
1791474,74,81,1398,2004.0,44470.0,376521.0,1.9662810000000002,1.018108,FIN,GBR,8851
1791475,75,81,1398,2004.0,7884.0,0.0,-0.793333,-0.27460100000000004,FJI,GBR,8851
1791476,76,81,1398,2004.0,0.0,22197.0,0.073769,-0.8404010000000001,FLK,GBR,8851
1791477,77,81,1398,2004.0,15398659.0,4389868.0,1.57079,0.6776760000000001,FRA,GBR,8851
1791478,78,81,1398,2004.0,0.0,1124.0,-1.127967,-1.002561,FRO,GBR,8851
1791479,83,81,1398,2004.0,0.0,13832.0,-1.015073,-0.9147069999999999,GHA,GBR,8851
1791480,84,81,1398,2004.0,153316.0,541164.0,0.501154,-0.562796,GIB,GBR,8851
1791481,87,81,1398,2004.0,0.0,25953.0,-0.22746999999999998,-0.14824600000000002,GMB,GBR,8851
1791482,90,81,1398,2004.0,384300.0,750639.0,0.298029,1.745886,GRC,GBR,8851
1791483,97,81,1398,2004.0,132495576.0,32207478.0,0.72816,1.403171,HKG,GBR,8851
1791484,100,81,1398,2004.0,2943.0,49443.0,0.744459,1.1994479999999998,HRV,GBR,8851
1791485,102,81,1398,2004.0,22423.0,113114.0,1.3579370000000002,0.9993219999999999,HUN,GBR,8851
1791486,103,81,1398,2004.0,1739.0,43350.0,0.010095999999999999,1.7413779999999999,IDN,GBR,8851
1791487,104,81,1398,2004.0,1167845.0,63352.0,0.20872,2.817307,IND,GBR,8851
1791488,106,81,1398,2004.0,1839150.0,31922010.0,1.498475,0.19050799999999998,IRL,GBR,8851
1791489,107,81,1398,2004.0,1291.0,0.0,-0.6691699999999999,-1.002548,IRN,GBR,8851
1791490,108,81,1398,2004.0,0.0,39198.0,-1.50824,-1.082486,IRQ,GBR,8851
1791491,109,81,1398,2004.0,0.0,159149.0,0.107901,-0.41223699999999996,ISL,GBR,8851
1791492,110,81,1398,2004.0,348910.0,267658.0,1.252895,0.8662770000000001,ISR,GBR,8851
1791493,111,81,1398,2004.0,44215216.0,9929824.0,1.440372,0.676068,ITA,GBR,8851
1791494,112,81,1398,2004.0,1774.0,0.0,-0.505365,-0.9596120000000001,JAM,GBR,8851
1791495,113,81,1398,2004.0,22822.0,8362.0,0.16384200000000002,0.34270100000000003,JOR,GBR,8851
1791496,114,81,1398,2004.0,12837968.0,7697155.0,2.756136,0.15545,JPN,GBR,8851
1791497,115,81,1398,2004.0,0.0,50140.0,-0.43987200000000004,-0.50862,KAZ,GBR,8851
1791498,116,81,1398,2004.0,0.0,44732.0,-0.565597,0.182375,KEN,GBR,8851
1791499,117,81,1398,2004.0,0.0,2346.0,-0.263776,0.503736,KGZ,GBR,8851
1791500,120,81,1398,2004.0,0.0,17120.0,0.5528109999999999,-0.342657,KNA,GBR,8851
1791501,121,81,1398,2004.0,1019928.0,916778.0,1.481275,0.7859,KOR,GBR,8851
1791502,122,81,1398,2004.0,9129.0,153152.0,-0.8195479999999999,-1.2105709999999998,KWT,GBR,8851
1791503,123,81,1398,2004.0,0.0,11430.0,-0.9964770000000001,-0.9475,LAO,GBR,8851
1791504,124,81,1398,2004.0,64696.0,62580.0,0.269753,1.3152979999999999,LBN,GBR,8851
1791505,126,81,1398,2004.0,0.0,18253.0,-0.895142,-1.211141,LBY,GBR,8851
1791506,127,81,1398,2004.0,0.0,14640.0,0.31900300000000004,-0.346391,LCA,GBR,8851
1791507,128,81,1398,2004.0,5055.0,44197.0,-0.42450299999999996,0.173518,LKA,GBR,8851
1791508,130,81,1398,2004.0,4346.0,31570.0,0.341521,0.7971560000000001,LTU,GBR,8851
1791509,131,81,1398,2004.0,64595.0,75636.0,1.258828,1.079923,LUX,GBR,8851
1791510,132,81,1398,2004.0,0.0,45872.0,0.415001,0.8476809999999999,LVA,GBR,8851
1791511,133,81,1398,2004.0,0.0,1823.0,-0.12333599999999999,-0.600164,MAC,GBR,8851
1791512,134,81,1398,2004.0,0.0,718352.0,-0.626594,-0.22253499999999998,MAR,GBR,8851
1791513,137,81,1398,2004.0,0.0,34441.0,-0.44303000000000003,-0.841744,MDV,GBR,8851
1791514,138,81,1398,2004.0,104356.0,28304.0,1.183707,0.9043700000000001,MEX,GBR,8851
1791515,142,81,1398,2004.0,372688.0,311190.0,1.2290379999999999,-0.025372,MLT,GBR,8851
1791516,147,81,1398,2004.0,0.0,22995.0,-1.009633,-0.9863059999999999,MOZ,GBR,8851
1791517,151,81,1398,2004.0,687421.0,432296.0,-0.161262,-0.29730300000000004,MUS,GBR,8851
1791518,152,81,1398,2004.0,0.0,3792.0,-1.233417,-1.071204,MWI,GBR,8851
1791519,153,81,1398,2004.0,1794581.0,791907.0,1.250098,0.352379,MYS,GBR,8851
1791520,159,81,1398,2004.0,1573.0,1632655.0,-2.336753,-1.350375,NGA,GBR,8851
1791521,160,81,1398,2004.0,0.0,19957.0,-1.003846,-0.697642,NIC,GBR,8851
1791522,162,81,1398,2004.0,1108193.0,1752962.0,1.171327,1.6369799999999999,NLD,GBR,8851
1791523,163,81,1398,2004.0,1362928.0,309132.0,0.731175,-0.0655,NOR,GBR,8851
1791524,164,81,1398,2004.0,0.0,47251.0,-0.16800199999999998,0.541976,NPL,GBR,8851
1791525,166,81,1398,2004.0,42557.0,315100.0,0.44099099999999997,0.968326,NZL,GBR,8851
1791526,167,81,1398,2004.0,7194.0,414466.0,-0.707862,-1.187629,OMN,GBR,8851
1791527,168,81,1398,2004.0,0.0,641787.0,-0.7489600000000001,0.22493200000000002,PAK,GBR,8851
1791528,169,81,1398,2004.0,1463.0,1078.0,0.054997000000000004,0.440416,PAN,GBR,8851
1791529,173,81,1398,2004.0,0.0,14183.0,-0.609837,0.13314,PER,GBR,8851
1791530,174,81,1398,2004.0,5278544.0,47347.0,0.288786,-0.25348699999999996,PHL,GBR,8851
1791531,177,81,1398,2004.0,2266.0,257418.0,0.989568,1.49055,POL,GBR,8851
1791532,179,81,1398,2004.0,61409.0,502995.0,0.705075,1.7268729999999999,PRT,GBR,8851
1791533,182,81,1398,2004.0,0.0,4248.0,-0.125349,-0.718282,PYF,GBR,8851
1791534,183,81,1398,2004.0,1799.0,345988.0,0.018141,-1.03766,QAT,GBR,8851
1791535,185,81,1398,2004.0,0.0,9966.0,0.53925,1.145066,ROU,GBR,8851
1791536,186,81,1398,2004.0,88611.0,799639.0,0.422803,0.017524,RUS,GBR,8851
1791537,188,81,1398,2004.0,17831.0,928057.0,0.361324,-0.760732,SAU,GBR,8851
1791538,190,81,1398,2004.0,0.0,1467.0,-1.503552,-1.253193,SDN,GBR,8851
1791539,191,81,1398,2004.0,9762.0,0.0,-0.620158,-0.296575,SEN,GBR,8851
1791540,192,81,1398,2004.0,779445.0,785277.0,1.804502,0.570084,SGP,GBR,8851
1791541,194,81,1398,2004.0,0.0,2565.0,1.265068,0.28931799999999996,SHN,GBR,8851
1791542,198,81,1398,2004.0,15950.0,0.0,1.530337,0.719013,SMR,GBR,8851
1791543,206,81,1398,2004.0,0.0,17491.0,1.2683149999999999,0.9208620000000001,SVK,GBR,8851
1791544,207,81,1398,2004.0,3704.0,32113.0,1.700677,0.829765,SVN,GBR,8851
1791545,208,81,1398,2004.0,541870.0,672460.0,2.105611,0.707843,SWE,GBR,8851
1791546,209,81,1398,2004.0,0.0,41230.0,0.528937,-0.241038,SWZ,GBR,8851
1791547,211,81,1398,2004.0,4584.0,40108.0,-0.585828,-0.768388,SYC,GBR,8851
1791548,215,81,1398,2004.0,0.0,266914.0,-0.569621,-0.533211,TGO,GBR,8851
1791549,216,81,1398,2004.0,24046438.0,4502862.0,0.633501,1.4648290000000002,THA,GBR,8851
1791550,219,81,1398,2004.0,0.0,6413.0,-0.9017719999999999,-1.2102620000000002,TKM,GBR,8851
1791551,222,81,1398,2004.0,0.0,8668.0,-0.108049,-0.923523,TTO,GBR,8851
1791552,223,81,1398,2004.0,0.0,6299.0,-0.125092,0.370625,TUN,GBR,8851
1791553,224,81,1398,2004.0,94843.0,856560.0,0.249065,1.910598,TUR,GBR,8851
1791554,226,81,1398,2004.0,0.0,50888.0,-0.935327,0.362709,TZA,GBR,8851
1791555,227,81,1398,2004.0,0.0,59496.0,-1.05367,-0.546304,UGA,GBR,8851
1791556,228,81,1398,2004.0,0.0,235818.0,0.672848,1.172735,UKR,GBR,8851
1791557,231,81,1398,2004.0,20655728.0,22489952.0,1.818327,-0.17913900000000002,USA,GBR,8851
1791558,232,81,1398,2004.0,0.0,9574.0,-0.518472,-0.7689779999999999,UZB,GBR,8851
1791559,236,81,1398,2004.0,0.0,2420.0,-0.41193900000000006,-0.9578899999999999,VEN,GBR,8851
1791560,246,81,1398,2004.0,172975.0,1818848.0,0.29599699999999995,1.909018,ZAF,GBR,8851
1791561,247,81,1398,2004.0,0.0,14901.0,-0.8752479999999999,-0.784285,ZMB,GBR,8851
1791562,248,81,1398,2004.0,0.0,49434.0,-0.44064799999999993,0.01704,ZWE,GBR,8851
1791563,249,81,1398,2004.0,473732.0,68427.0,1.8844150000000002,1.257951,TWN,GBR,8851
1791564,4,90,1398,2004.0,5761.0,55881.0,-0.142479,0.136074,ALB,GRC,8851
1791565,7,90,1398,2004.0,338828.0,73410.0,-0.10993399999999999,-0.5351640000000001,ARE,GRC,8851
1791566,14,90,1398,2004.0,2212.0,0.0,-0.198735,0.81543,AUS,GRC,8851
1791567,15,90,1398,2004.0,433310.0,34966.0,1.958949,0.209296,AUT,GRC,8851
1791568,18,90,1398,2004.0,336428.0,87644.0,1.242665,1.541444,BEL,GRC,8851
1791569,23,90,1398,2004.0,0.0,44172.0,0.390627,1.631006,BGR,GRC,8851
1791570,25,90,1398,2004.0,23909.0,0.0,0.029548,-0.692239,BHS,GRC,8851
1791571,32,90,1398,2004.0,6541.0,0.0,0.504233,1.567879,BRA,GRC,8851
1791572,39,90,1398,2004.0,2666.0,24194.0,0.781591,1.365966,CAN,GRC,8851
1791573,41,90,1398,2004.0,50176248.0,2229933.0,2.234603,0.551975,CHE,GRC,8851
1791574,43,90,1398,2004.0,2923481.0,19132.0,0.710603,2.017234,CHN,GRC,8851
1791575,58,90,1398,2004.0,1160452.0,1692528.0,0.42732200000000004,0.811763,CYP,GRC,8851
1791576,59,90,1398,2004.0,20375.0,94773.0,1.612543,0.607495,CZE,GRC,8851
1791577,61,90,1398,2004.0,12990440.0,402587.0,2.4453099999999997,-2.331761,DEU,GRC,8851
1791578,64,90,1398,2004.0,114276.0,12657.0,1.309074,1.2627979999999999,DNK,GRC,8851
1791579,68,90,1398,2004.0,0.0,4538.0,-0.35823499999999997,0.5000100000000001,EGY,GRC,8851
1791580,71,90,1398,2004.0,4798456.0,419494.0,1.04057,1.789023,ESP,GRC,8851
1791581,74,90,1398,2004.0,31404.0,0.0,1.9662810000000002,1.018108,FIN,GRC,8851
1791582,77,90,1398,2004.0,1919275.0,297587.0,1.57079,0.6776760000000001,FRA,GRC,8851
1791583,81,90,1398,2004.0,750639.0,384300.0,1.872987,0.734065,GBR,GRC,8851
1791584,97,90,1398,2004.0,10496634.0,383982.0,0.72816,1.403171,HKG,GRC,8851
1791585,102,90,1398,2004.0,7248.0,0.0,1.3579370000000002,0.9993219999999999,HUN,GRC,8851
1791586,104,90,1398,2004.0,102756.0,0.0,0.20872,2.817307,IND,GRC,8851
1791587,106,90,1398,2004.0,4131.0,0.0,1.498475,0.19050799999999998,IRL,GRC,8851
1791588,110,90,1398,2004.0,14574.0,7534.0,1.252895,0.8662770000000001,ISR,GRC,8851
1791589,111,90,1398,2004.0,13514192.0,185940.0,1.440372,0.676068,ITA,GRC,8851
1791590,113,90,1398,2004.0,38457.0,0.0,0.16384200000000002,0.34270100000000003,JOR,GRC,8851
1791591,114,90,1398,2004.0,248792.0,414660.0,2.756136,0.15545,JPN,GRC,8851
1791592,121,90,1398,2004.0,352772.0,4401.0,1.481275,0.7859,KOR,GRC,8851
1791593,124,90,1398,2004.0,0.0,6144.0,0.269753,1.3152979999999999,LBN,GRC,8851
1791594,131,90,1398,2004.0,1301.0,0.0,1.258828,1.079923,LUX,GRC,8851
1791595,140,90,1398,2004.0,21890.0,45763.0,-0.120439,0.27624899999999997,MKD,GRC,8851
1791596,142,90,1398,2004.0,0.0,9665.0,1.2290379999999999,-0.025372,MLT,GRC,8851
1791597,153,90,1398,2004.0,39393.0,0.0,1.250098,0.352379,MYS,GRC,8851
1791598,162,90,1398,2004.0,168606.0,13123.0,1.171327,1.6369799999999999,NLD,GRC,8851
1791599,174,90,1398,2004.0,44023.0,44337.0,0.288786,-0.25348699999999996,PHL,GRC,8851
1791600,177,90,1398,2004.0,2282.0,24919.0,0.989568,1.49055,POL,GRC,8851
1791601,179,90,1398,2004.0,55336.0,20866.0,0.705075,1.7268729999999999,PRT,GRC,8851
1791602,183,90,1398,2004.0,16796.0,68653.0,0.018141,-1.03766,QAT,GRC,8851
1791603,185,90,1398,2004.0,0.0,69471.0,0.53925,1.145066,ROU,GRC,8851
1791604,186,90,1398,2004.0,24960.0,0.0,0.422803,0.017524,RUS,GRC,8851
1791605,189,90,1398,2004.0,0.0,14572.0,0.544686,2.418024,SCG,GRC,8851
1791606,192,90,1398,2004.0,1641.0,3070.0,1.804502,0.570084,SGP,GRC,8851
1791607,206,90,1398,2004.0,0.0,18387.0,1.2683149999999999,0.9208620000000001,SVK,GRC,8851
1791608,207,90,1398,2004.0,3676.0,0.0,1.700677,0.829765,SVN,GRC,8851
1791609,208,90,1398,2004.0,103083.0,0.0,2.105611,0.707843,SWE,GRC,8851
1791610,216,90,1398,2004.0,34834.0,0.0,0.633501,1.4648290000000002,THA,GRC,8851
1791611,224,90,1398,2004.0,132003.0,2159.0,0.249065,1.910598,TUR,GRC,8851
1791612,231,90,1398,2004.0,661696.0,16288.0,1.818327,-0.17913900000000002,USA,GRC,8851
1791613,249,90,1398,2004.0,128281.0,6983.0,1.8844150000000002,1.257951,TWN,GRC,8851
1791614,250,90,1398,2004.0,0.0,1674.0,0.46240200000000004,-0.406624,ANS,GRC,8851
1791615,43,91,1398,2004.0,1014.0,0.0,0.710603,2.017234,CHN,GRD,8851
1791616,231,91,1398,2004.0,309083.0,46660.0,1.818327,-0.17913900000000002,USA,GRD,8851
1791617,8,93,1398,2004.0,5725.0,0.0,-0.070845,0.879574,ARG,GTM,8851
1791618,14,93,1398,2004.0,20348.0,0.0,-0.198735,0.81543,AUS,GTM,8851
1791619,29,93,1398,2004.0,0.0,30066.0,-0.528459,-0.739219,BLZ,GTM,8851
1791620,41,93,1398,2004.0,372400.0,0.0,2.234603,0.551975,CHE,GTM,8851
1791621,43,93,1398,2004.0,667474.0,0.0,0.710603,2.017234,CHN,GTM,8851
1791622,49,93,1398,2004.0,30397.0,0.0,0.044706,0.514304,COL,GTM,8851
1791623,52,93,1398,2004.0,8833.0,5413.0,-0.036323,-0.313847,CRI,GTM,8851
1791624,61,93,1398,2004.0,39499.0,0.0,2.4453099999999997,-2.331761,DEU,GTM,8851
1791625,64,93,1398,2004.0,1822.0,0.0,1.309074,1.2627979999999999,DNK,GTM,8851
1791626,71,93,1398,2004.0,744672.0,0.0,1.04057,1.789023,ESP,GTM,8851
1791627,74,93,1398,2004.0,57020.0,0.0,1.9662810000000002,1.018108,FIN,GTM,8851
1791628,77,93,1398,2004.0,51825.0,0.0,1.57079,0.6776760000000001,FRA,GTM,8851
1791629,97,93,1398,2004.0,1072099.0,0.0,0.72816,1.403171,HKG,GTM,8851
1791630,99,93,1398,2004.0,8180.0,165555.0,-0.6372140000000001,-0.453946,HND,GTM,8851
1791631,111,93,1398,2004.0,414928.0,0.0,1.440372,0.676068,ITA,GTM,8851
1791632,112,93,1398,2004.0,0.0,1866.0,-0.505365,-0.9596120000000001,JAM,GTM,8851
1791633,114,93,1398,2004.0,689981.0,0.0,2.756136,0.15545,JPN,GTM,8851
1791634,138,93,1398,2004.0,326289.0,16266.0,1.183707,0.9043700000000001,MEX,GTM,8851
1791635,160,93,1398,2004.0,7004.0,46257.0,-1.003846,-0.697642,NIC,GTM,8851
1791636,169,93,1398,2004.0,1138894.0,213578.0,0.054997000000000004,0.440416,PAN,GTM,8851
1791637,173,93,1398,2004.0,2027.0,0.0,-0.609837,0.13314,PER,GTM,8851
1791638,197,93,1398,2004.0,20178.0,193762.0,-0.21054299999999998,0.086382,SLV,GTM,8851
1791639,231,93,1398,2004.0,1066875.0,0.0,1.818327,-0.17913900000000002,USA,GTM,8851
1791640,249,93,1398,2004.0,49493.0,0.0,1.8844150000000002,1.257951,TWN,GTM,8851
1791641,250,93,1398,2004.0,11355.0,109081.0,0.46240200000000004,-0.406624,ANS,GTM,8851
1791642,43,96,1398,2004.0,1227.0,0.0,0.710603,2.017234,CHN,GUY,8851
1791643,77,96,1398,2004.0,3338.0,0.0,1.57079,0.6776760000000001,FRA,GUY,8851
1791644,111,96,1398,2004.0,4243.0,0.0,1.440372,0.676068,ITA,GUY,8851
1791645,169,96,1398,2004.0,1812.0,0.0,0.054997000000000004,0.440416,PAN,GUY,8851
1791646,231,96,1398,2004.0,8493.0,0.0,1.818327,-0.17913900000000002,USA,GUY,8851
1791647,1,97,1398,2004.0,0.0,57442.0,-0.8890309999999999,-0.773602,AFG,HKG,8851
1791648,2,97,1398,2004.0,0.0,1056907.0,-0.8688110000000001,-1.198692,AGO,HKG,8851
1791649,4,97,1398,2004.0,0.0,17958.0,-0.142479,0.136074,ALB,HKG,8851
1791650,5,97,1398,2004.0,0.0,386594.0,1.122154,0.958434,AND,HKG,8851
1791651,7,97,1398,2004.0,13066565.0,100476392.0,-0.10993399999999999,-0.5351640000000001,ARE,HKG,8851
1791652,8,97,1398,2004.0,18791.0,3477758.0,-0.070845,0.879574,ARG,HKG,8851
1791653,9,97,1398,2004.0,0.0,117068.0,0.497276,-0.226016,ARM,HKG,8851
1791654,14,97,1398,2004.0,13568897.0,35185252.0,-0.198735,0.81543,AUS,HKG,8851
1791655,15,97,1398,2004.0,1227210.0,19908494.0,1.958949,0.209296,AUT,HKG,8851
1791656,16,97,1398,2004.0,0.0,14884.0,-0.720616,-1.009692,AZE,HKG,8851
1791657,17,97,1398,2004.0,0.0,36225.0,-1.084376,-1.020132,BDI,HKG,8851
1791658,18,97,1398,2004.0,2372681.0,8609839.0,1.242665,1.541444,BEL,HKG,8851
1791659,19,97,1398,2004.0,0.0,2161.0,-1.422449,-1.09615,BEN,HKG,8851
1791660,21,97,1398,2004.0,0.0,8979.0,-1.118427,-1.091315,BFA,HKG,8851
1791661,22,97,1398,2004.0,0.0,1297425.0,-1.074194,-0.9392389999999999,BGD,HKG,8851
1791662,23,97,1398,2004.0,0.0,283273.0,0.390627,1.631006,BGR,HKG,8851
1791663,24,97,1398,2004.0,30314.0,989734.0,-0.551237,-1.174628,BHR,HKG,8851
1791664,25,97,1398,2004.0,0.0,28326.0,0.029548,-0.692239,BHS,HKG,8851
1791665,26,97,1398,2004.0,0.0,34292.0,0.45637,0.6154470000000001,BIH,HKG,8851
1791666,28,97,1398,2004.0,1038.0,214885.0,0.9384239999999999,0.9708690000000001,BLR,HKG,8851
1791667,29,97,1398,2004.0,0.0,192341.0,-0.528459,-0.739219,BLZ,HKG,8851
1791668,31,97,1398,2004.0,0.0,137847.0,-0.841087,-0.770059,BOL,HKG,8851
1791669,32,97,1398,2004.0,414922.0,16711473.0,0.504233,1.567879,BRA,HKG,8851
1791670,33,97,1398,2004.0,0.0,15635.0,0.644308,0.290054,BRB,HKG,8851
1791671,34,97,1398,2004.0,0.0,63177.0,-0.720827,-0.964435,BRN,HKG,8851
1791672,39,97,1398,2004.0,1785669.0,10202583.0,0.781591,1.365966,CAN,HKG,8851
1791673,41,97,1398,2004.0,1242702592.0,146733040.0,2.234603,0.551975,CHE,HKG,8851
1791674,42,97,1398,2004.0,3606.0,7901167.0,-0.24101399999999998,-0.303103,CHL,HKG,8851
1791675,43,97,1398,2004.0,950246848.0,118326120.0,0.710603,2.017234,CHN,HKG,8851
1791676,44,97,1398,2004.0,0.0,16998.0,-0.835933,-0.749289,CIV,HKG,8851
1791677,45,97,1398,2004.0,0.0,67226.0,-1.380149,-1.220501,CMR,HKG,8851
1791678,46,97,1398,2004.0,0.0,2336362.0,-1.426621,-1.198377,COD,HKG,8851
1791679,47,97,1398,2004.0,0.0,83562.0,-1.415254,-1.24599,COG,HKG,8851
1791680,49,97,1398,2004.0,0.0,4665458.0,0.044706,0.514304,COL,HKG,8851
1791681,51,97,1398,2004.0,0.0,5212.0,-0.291469,-0.6426850000000001,CPV,HKG,8851
1791682,52,97,1398,2004.0,0.0,377572.0,-0.036323,-0.313847,CRI,HKG,8851
1791683,54,97,1398,2004.0,0.0,274021.0,-0.16826,-0.644388,CUB,HKG,8851
1791684,58,97,1398,2004.0,583793.0,1350108.0,0.42732200000000004,0.811763,CYP,HKG,8851
1791685,59,97,1398,2004.0,16673.0,4210914.0,1.612543,0.607495,CZE,HKG,8851
1791686,61,97,1398,2004.0,56323820.0,98346288.0,2.4453099999999997,-2.331761,DEU,HKG,8851
1791687,64,97,1398,2004.0,618413.0,9343658.0,1.309074,1.2627979999999999,DNK,HKG,8851
1791688,65,97,1398,2004.0,0.0,193684.0,-0.24909699999999999,-0.326783,DOM,HKG,8851
1791689,66,97,1398,2004.0,0.0,86980.0,-1.166661,-1.2240879999999998,DZA,HKG,8851
1791690,67,97,1398,2004.0,0.0,711906.0,-0.990727,-0.9383090000000001,ECU,HKG,8851
1791691,68,97,1398,2004.0,46300.0,3337450.0,-0.35823499999999997,0.5000100000000001,EGY,HKG,8851
1791692,71,97,1398,2004.0,7574808.0,26602586.0,1.04057,1.789023,ESP,HKG,8851
1791693,72,97,1398,2004.0,0.0,279822.0,0.645741,1.035117,EST,HKG,8851
1791694,73,97,1398,2004.0,0.0,4335.0,-1.202444,-0.8973120000000001,ETH,HKG,8851
1791695,74,97,1398,2004.0,357986.0,5765332.0,1.9662810000000002,1.018108,FIN,HKG,8851
1791696,75,97,1398,2004.0,0.0,484719.0,-0.793333,-0.27460100000000004,FJI,HKG,8851
1791697,77,97,1398,2004.0,25163334.0,42729920.0,1.57079,0.6776760000000001,FRA,HKG,8851
1791698,78,97,1398,2004.0,0.0,46286.0,-1.127967,-1.002561,FRO,HKG,8851
1791699,79,97,1398,2004.0,0.0,22732.0,-1.155942,-1.049955,FSM,HKG,8851
1791700,81,97,1398,2004.0,32207478.0,132495576.0,1.872987,0.734065,GBR,HKG,8851
1791701,82,97,1398,2004.0,17731.0,11574.0,-0.030676,-0.560186,GEO,HKG,8851
1791702,83,97,1398,2004.0,0.0,1026225.0,-1.015073,-0.9147069999999999,GHA,HKG,8851
1791703,84,97,1398,2004.0,664815.0,7723.0,0.501154,-0.562796,GIB,HKG,8851
1791704,85,97,1398,2004.0,0.0,1158009.0,-1.004077,-1.108018,GIN,HKG,8851
1791705,87,97,1398,2004.0,0.0,34490.0,-0.22746999999999998,-0.14824600000000002,GMB,HKG,8851
1791706,90,97,1398,2004.0,383982.0,10496634.0,0.298029,1.745886,GRC,HKG,8851
1791707,93,97,1398,2004.0,0.0,1072099.0,-0.39399,0.139128,GTM,HKG,8851
1791708,95,97,1398,2004.0,7706.0,7608056.0,0.136164,-0.616118,GUM,HKG,8851
1791709,99,97,1398,2004.0,0.0,37456.0,-0.6372140000000001,-0.453946,HND,HKG,8851
1791710,100,97,1398,2004.0,123316.0,2135318.0,0.744459,1.1994479999999998,HRV,HKG,8851
1791711,102,97,1398,2004.0,81026.0,1055885.0,1.3579370000000002,0.9993219999999999,HUN,HKG,8851
1791712,103,97,1398,2004.0,443331.0,4063538.0,0.010095999999999999,1.7413779999999999,IDN,HKG,8851
1791713,104,97,1398,2004.0,5322753.0,7591045.0,0.20872,2.817307,IND,HKG,8851
1791714,106,97,1398,2004.0,59468.0,2433224.0,1.498475,0.19050799999999998,IRL,HKG,8851
1791715,107,97,1398,2004.0,0.0,2670169.0,-0.6691699999999999,-1.002548,IRN,HKG,8851
1791716,109,97,1398,2004.0,41418.0,321164.0,0.107901,-0.41223699999999996,ISL,HKG,8851
1791717,110,97,1398,2004.0,123443.0,8818613.0,1.252895,0.8662770000000001,ISR,HKG,8851
1791718,111,97,1398,2004.0,67107660.0,59660020.0,1.440372,0.676068,ITA,HKG,8851
1791719,112,97,1398,2004.0,0.0,16625.0,-0.505365,-0.9596120000000001,JAM,HKG,8851
1791720,113,97,1398,2004.0,614841.0,2066977.0,0.16384200000000002,0.34270100000000003,JOR,HKG,8851
1791721,114,97,1398,2004.0,536524416.0,59529444.0,2.756136,0.15545,JPN,HKG,8851
1791722,115,97,1398,2004.0,0.0,117646.0,-0.43987200000000004,-0.50862,KAZ,HKG,8851
1791723,116,97,1398,2004.0,0.0,206856.0,-0.565597,0.182375,KEN,HKG,8851
1791724,118,97,1398,2004.0,0.0,46483.0,-1.145227,-1.19179,KHM,HKG,8851
1791725,121,97,1398,2004.0,33052614.0,33216692.0,1.481275,0.7859,KOR,HKG,8851
1791726,122,97,1398,2004.0,51265.0,3549222.0,-0.8195479999999999,-1.2105709999999998,KWT,HKG,8851
1791727,123,97,1398,2004.0,0.0,22094.0,-0.9964770000000001,-0.9475,LAO,HKG,8851
1791728,124,97,1398,2004.0,31807.0,893610.0,0.269753,1.3152979999999999,LBN,HKG,8851
1791729,125,97,1398,2004.0,0.0,33350.0,0.037469,-1.036878,LBR,HKG,8851
1791730,126,97,1398,2004.0,0.0,37011.0,-0.895142,-1.211141,LBY,HKG,8851
1791731,127,97,1398,2004.0,0.0,9707.0,0.31900300000000004,-0.346391,LCA,HKG,8851
1791732,128,97,1398,2004.0,397196.0,818474.0,-0.42450299999999996,0.173518,LKA,HKG,8851
1791733,130,97,1398,2004.0,1669.0,225201.0,0.341521,0.7971560000000001,LTU,HKG,8851
1791734,131,97,1398,2004.0,57732.0,965900.0,1.258828,1.079923,LUX,HKG,8851
1791735,132,97,1398,2004.0,0.0,346065.0,0.415001,0.8476809999999999,LVA,HKG,8851
1791736,133,97,1398,2004.0,144923.0,5937556.0,-0.12333599999999999,-0.600164,MAC,HKG,8851
1791737,134,97,1398,2004.0,0.0,367201.0,-0.626594,-0.22253499999999998,MAR,HKG,8851
1791738,135,97,1398,2004.0,0.0,55853.0,-0.13031900000000002,-0.118591,MDA,HKG,8851
1791739,136,97,1398,2004.0,0.0,4080.0,-1.1010799999999998,-0.7367859999999999,MDG,HKG,8851
1791740,137,97,1398,2004.0,0.0,83776.0,-0.44303000000000003,-0.841744,MDV,HKG,8851
1791741,138,97,1398,2004.0,257869.0,11915597.0,1.183707,0.9043700000000001,MEX,HKG,8851
1791742,140,97,1398,2004.0,0.0,25526.0,-0.120439,0.27624899999999997,MKD,HKG,8851
1791743,141,97,1398,2004.0,0.0,342236.0,-0.5807979999999999,-0.797311,MLI,HKG,8851
1791744,142,97,1398,2004.0,0.0,211998.0,1.2290379999999999,-0.025372,MLT,HKG,8851
1791745,143,97,1398,2004.0,0.0,49453.0,-1.048261,-0.828443,MMR,HKG,8851
1791746,145,97,1398,2004.0,0.0,61752.0,-0.920198,-1.1059219999999998,MNG,HKG,8851
1791747,146,97,1398,2004.0,0.0,308202.0,-0.22844699999999998,-0.684888,MNP,HKG,8851
1791748,147,97,1398,2004.0,0.0,57934.0,-1.009633,-0.9863059999999999,MOZ,HKG,8851
1791749,151,97,1398,2004.0,0.0,172933.0,-0.161262,-0.29730300000000004,MUS,HKG,8851
1791750,152,97,1398,2004.0,0.0,29283.0,-1.233417,-1.071204,MWI,HKG,8851
1791751,153,97,1398,2004.0,13434002.0,45562524.0,1.250098,0.352379,MYS,HKG,8851
1791752,156,97,1398,2004.0,0.0,141543.0,-0.279566,-0.860456,NCL,HKG,8851
1791753,157,97,1398,2004.0,0.0,9354.0,-1.102485,-0.850282,NER,HKG,8851
1791754,159,97,1398,2004.0,14423.0,7890790.0,-2.336753,-1.350375,NGA,HKG,8851
1791755,160,97,1398,2004.0,0.0,77486.0,-1.003846,-0.697642,NIC,HKG,8851
1791756,162,97,1398,2004.0,3177206.0,30870246.0,1.171327,1.6369799999999999,NLD,HKG,8851
1791757,163,97,1398,2004.0,1089025.0,5774064.0,0.731175,-0.0655,NOR,HKG,8851
1791758,164,97,1398,2004.0,2072.0,3301070.0,-0.16800199999999998,0.541976,NPL,HKG,8851
1791759,166,97,1398,2004.0,133539.0,2922612.0,0.44099099999999997,0.968326,NZL,HKG,8851
1791760,167,97,1398,2004.0,1310464.0,956439.0,-0.707862,-1.187629,OMN,HKG,8851
1791761,168,97,1398,2004.0,59244.0,6103281.0,-0.7489600000000001,0.22493200000000002,PAK,HKG,8851
1791762,169,97,1398,2004.0,123088.0,56301260.0,0.054997000000000004,0.440416,PAN,HKG,8851
1791763,173,97,1398,2004.0,0.0,1388085.0,-0.609837,0.13314,PER,HKG,8851
1791764,174,97,1398,2004.0,3362686.0,38193252.0,0.288786,-0.25348699999999996,PHL,HKG,8851
1791765,176,97,1398,2004.0,0.0,98168.0,-1.57259,-1.215066,PNG,HKG,8851
1791766,177,97,1398,2004.0,198476.0,1628105.0,0.989568,1.49055,POL,HKG,8851
1791767,178,97,1398,2004.0,59572.0,483199.0,0.695376,0.9732209999999999,PRK,HKG,8851
1791768,179,97,1398,2004.0,1892870.0,4229201.0,0.705075,1.7268729999999999,PRT,HKG,8851
1791769,180,97,1398,2004.0,3142.0,10564827.0,-0.634469,-0.870034,PRY,HKG,8851
1791770,182,97,1398,2004.0,0.0,65354.0,-0.125349,-0.718282,PYF,HKG,8851
1791771,183,97,1398,2004.0,1586.0,1781324.0,0.018141,-1.03766,QAT,HKG,8851
1791772,185,97,1398,2004.0,0.0,367821.0,0.53925,1.145066,ROU,HKG,8851
1791773,186,97,1398,2004.0,89895.0,4240534.0,0.422803,0.017524,RUS,HKG,8851
1791774,188,97,1398,2004.0,78036.0,5909432.0,0.361324,-0.760732,SAU,HKG,8851
1791775,189,97,1398,2004.0,0.0,701395.0,0.544686,2.418024,SCG,HKG,8851
1791776,191,97,1398,2004.0,0.0,219306.0,-0.620158,-0.296575,SEN,HKG,8851
1791777,192,97,1398,2004.0,62430628.0,61277956.0,1.804502,0.570084,SGP,HKG,8851
1791778,196,97,1398,2004.0,718393.0,0.0,0.43205699999999997,0.068877,SLE,HKG,8851
1791779,197,97,1398,2004.0,0.0,204303.0,-0.21054299999999998,0.086382,SLV,HKG,8851
1791780,198,97,1398,2004.0,0.0,32324.0,1.530337,0.719013,SMR,HKG,8851
1791781,205,97,1398,2004.0,0.0,5450.0,-1.056251,-1.0234590000000001,SUR,HKG,8851
1791782,206,97,1398,2004.0,20367.0,822697.0,1.2683149999999999,0.9208620000000001,SVK,HKG,8851
1791783,207,97,1398,2004.0,260844.0,467236.0,1.700677,0.829765,SVN,HKG,8851
1791784,208,97,1398,2004.0,899155.0,11554521.0,2.105611,0.707843,SWE,HKG,8851
1791785,209,97,1398,2004.0,1955.0,263389.0,0.528937,-0.241038,SWZ,HKG,8851
1791786,211,97,1398,2004.0,3528.0,5957.0,-0.585828,-0.768388,SYC,HKG,8851
1791787,212,97,1398,2004.0,99177.0,3557024.0,-0.698545,-0.111323,SYR,HKG,8851
1791788,215,97,1398,2004.0,0.0,520234.0,-0.569621,-0.533211,TGO,HKG,8851
1791789,216,97,1398,2004.0,101337560.0,23622696.0,0.633501,1.4648290000000002,THA,HKG,8851
1791790,219,97,1398,2004.0,0.0,1258.0,-0.9017719999999999,-1.2102620000000002,TKM,HKG,8851
1791791,222,97,1398,2004.0,0.0,18726.0,-0.108049,-0.923523,TTO,HKG,8851
1791792,223,97,1398,2004.0,0.0,434486.0,-0.125092,0.370625,TUN,HKG,8851
1791793,224,97,1398,2004.0,13326.0,20956128.0,0.249065,1.910598,TUR,HKG,8851
1791794,226,97,1398,2004.0,0.0,272591.0,-0.935327,0.362709,TZA,HKG,8851
1791795,227,97,1398,2004.0,0.0,16872.0,-1.05367,-0.546304,UGA,HKG,8851
1791796,228,97,1398,2004.0,0.0,485617.0,0.672848,1.172735,UKR,HKG,8851
1791797,230,97,1398,2004.0,0.0,1565515.0,-0.051583000000000004,0.145056,URY,HKG,8851
1791798,231,97,1398,2004.0,29659896.0,106888600.0,1.818327,-0.17913900000000002,USA,HKG,8851
1791799,232,97,1398,2004.0,1032546.0,0.0,-0.518472,-0.7689779999999999,UZB,HKG,8851
1791800,234,97,1398,2004.0,0.0,3537.0,-0.706188,-0.9244120000000001,VCT,HKG,8851
1791801,236,97,1398,2004.0,0.0,5386842.0,-0.41193900000000006,-0.9578899999999999,VEN,HKG,8851
1791802,239,97,1398,2004.0,17351.0,1076471.0,-0.46875500000000003,0.734412,VNM,HKG,8851
1791803,240,97,1398,2004.0,0.0,34053.0,-1.284054,-1.0415809999999999,VUT,HKG,8851
1791804,243,97,1398,2004.0,0.0,43593.0,-1.298227,-1.2496639999999999,YEM,HKG,8851
1791805,246,97,1398,2004.0,29857.0,13793857.0,0.29599699999999995,1.909018,ZAF,HKG,8851
1791806,248,97,1398,2004.0,0.0,10275.0,-0.44064799999999993,0.01704,ZWE,HKG,8851
1791807,249,97,1398,2004.0,4820286.0,16257056.0,1.8844150000000002,1.257951,TWN,HKG,8851
1791808,250,97,1398,2004.0,0.0,2067741.0,0.46240200000000004,-0.406624,ANS,HKG,8851
1791809,18,99,1398,2004.0,195713.0,0.0,1.242665,1.541444,BEL,HND,8851
1791810,41,99,1398,2004.0,292264.0,0.0,2.234603,0.551975,CHE,HND,8851
1791811,43,99,1398,2004.0,11957.0,0.0,0.710603,2.017234,CHN,HND,8851
1791812,61,99,1398,2004.0,10031.0,0.0,2.4453099999999997,-2.331761,DEU,HND,8851
1791813,71,99,1398,2004.0,8432.0,0.0,1.04057,1.789023,ESP,HND,8851
1791814,77,99,1398,2004.0,10772.0,0.0,1.57079,0.6776760000000001,FRA,HND,8851
1791815,93,99,1398,2004.0,165555.0,8180.0,-0.39399,0.139128,GTM,HND,8851
1791816,97,99,1398,2004.0,37456.0,0.0,0.72816,1.403171,HKG,HND,8851
1791817,111,99,1398,2004.0,18509.0,0.0,1.440372,0.676068,ITA,HND,8851
1791818,121,99,1398,2004.0,15891.0,0.0,1.481275,0.7859,KOR,HND,8851
1791819,138,99,1398,2004.0,54532.0,0.0,1.183707,0.9043700000000001,MEX,HND,8851
1791820,169,99,1398,2004.0,461607.0,1423.0,0.054997000000000004,0.440416,PAN,HND,8851
1791821,231,99,1398,2004.0,410170.0,2482.0,1.818327,-0.17913900000000002,USA,HND,8851
1791822,249,99,1398,2004.0,6118.0,0.0,1.8844150000000002,1.257951,TWN,HND,8851
1791823,6,103,1398,2004.0,1444.0,0.0,0.080304,-0.634516,ANT,IDN,8851
1791824,14,103,1398,2004.0,48508.0,9277.0,-0.198735,0.81543,AUS,IDN,8851
1791825,34,103,1398,2004.0,0.0,10255.0,-0.720827,-0.964435,BRN,IDN,8851
1791826,39,103,1398,2004.0,0.0,61904.0,0.781591,1.365966,CAN,IDN,8851
1791827,41,103,1398,2004.0,2693645.0,4260.0,2.234603,0.551975,CHE,IDN,8851
1791828,43,103,1398,2004.0,10684796.0,0.0,0.710603,2.017234,CHN,IDN,8851
1791829,61,103,1398,2004.0,87152.0,165343.0,2.4453099999999997,-2.331761,DEU,IDN,8851
1791830,67,103,1398,2004.0,0.0,9905.0,-0.990727,-0.9383090000000001,ECU,IDN,8851
1791831,77,103,1398,2004.0,144294.0,1855.0,1.57079,0.6776760000000001,FRA,IDN,8851
1791832,81,103,1398,2004.0,43350.0,1739.0,1.872987,0.734065,GBR,IDN,8851
1791833,97,103,1398,2004.0,4063538.0,443331.0,0.72816,1.403171,HKG,IDN,8851
1791834,104,103,1398,2004.0,21560.0,2521.0,0.20872,2.817307,IND,IDN,8851
1791835,111,103,1398,2004.0,8710.0,15486.0,1.440372,0.676068,ITA,IDN,8851
1791836,114,103,1398,2004.0,295026.0,182501.0,2.756136,0.15545,JPN,IDN,8851
1791837,116,103,1398,2004.0,0.0,2443.0,-0.565597,0.182375,KEN,IDN,8851
1791838,121,103,1398,2004.0,16771.0,23916.0,1.481275,0.7859,KOR,IDN,8851
1791839,138,103,1398,2004.0,0.0,7700.0,1.183707,0.9043700000000001,MEX,IDN,8851
1791840,141,103,1398,2004.0,0.0,10489.0,-0.5807979999999999,-0.797311,MLI,IDN,8851
1791841,153,103,1398,2004.0,380642.0,634561.0,1.250098,0.352379,MYS,IDN,8851
1791842,156,103,1398,2004.0,0.0,5437.0,-0.279566,-0.860456,NCL,IDN,8851
1791843,162,103,1398,2004.0,4288.0,0.0,1.171327,1.6369799999999999,NLD,IDN,8851
1791844,163,103,1398,2004.0,0.0,2426.0,0.731175,-0.0655,NOR,IDN,8851
1791845,166,103,1398,2004.0,0.0,5906.0,0.44099099999999997,0.968326,NZL,IDN,8851
1791846,174,103,1398,2004.0,6993.0,268526.0,0.288786,-0.25348699999999996,PHL,IDN,8851
1791847,176,103,1398,2004.0,0.0,21697.0,-1.57259,-1.215066,PNG,IDN,8851
1791848,185,103,1398,2004.0,7276.0,0.0,0.53925,1.145066,ROU,IDN,8851
1791849,192,103,1398,2004.0,19932582.0,1378751.0,1.804502,0.570084,SGP,IDN,8851
1791850,216,103,1398,2004.0,8593.0,458630.0,0.633501,1.4648290000000002,THA,IDN,8851
1791851,231,103,1398,2004.0,144468.0,1015244.0,1.818327,-0.17913900000000002,USA,IDN,8851
1791852,236,103,1398,2004.0,0.0,1532.0,-0.41193900000000006,-0.9578899999999999,VEN,IDN,8851
1791853,246,103,1398,2004.0,3607.0,32101.0,0.29599699999999995,1.909018,ZAF,IDN,8851
1791854,249,103,1398,2004.0,14045.0,432218.0,1.8844150000000002,1.257951,TWN,IDN,8851
1791855,1,104,1398,2004.0,0.0,1024.0,-0.8890309999999999,-0.773602,AFG,IND,8851
1791856,7,104,1398,2004.0,252910.0,27182764.0,-0.10993399999999999,-0.5351640000000001,ARE,IND,8851
1791857,14,104,1398,2004.0,0.0,95893.0,-0.198735,0.81543,AUS,IND,8851
1791858,15,104,1398,2004.0,0.0,3206.0,1.958949,0.209296,AUT,IND,8851
1791859,18,104,1398,2004.0,83296.0,334391.0,1.242665,1.541444,BEL,IND,8851
1791860,22,104,1398,2004.0,0.0,108627.0,-1.074194,-0.9392389999999999,BGD,IND,8851
1791861,23,104,1398,2004.0,0.0,2995.0,0.390627,1.631006,BGR,IND,8851
1791862,24,104,1398,2004.0,0.0,554434.0,-0.551237,-1.174628,BHR,IND,8851
1791863,39,104,1398,2004.0,2110.0,117998.0,0.781591,1.365966,CAN,IND,8851
1791864,41,104,1398,2004.0,11439457.0,795165.0,2.234603,0.551975,CHE,IND,8851
1791865,43,104,1398,2004.0,7458848.0,1240.0,0.710603,2.017234,CHN,IND,8851
1791866,58,104,1398,2004.0,0.0,2387.0,0.42732200000000004,0.811763,CYP,IND,8851
1791867,59,104,1398,2004.0,0.0,1789.0,1.612543,0.607495,CZE,IND,8851
1791868,61,104,1398,2004.0,103885.0,423343.0,2.4453099999999997,-2.331761,DEU,IND,8851
1791869,64,104,1398,2004.0,0.0,1622.0,1.309074,1.2627979999999999,DNK,IND,8851
1791870,68,104,1398,2004.0,0.0,226849.0,-0.35823499999999997,0.5000100000000001,EGY,IND,8851
1791871,71,104,1398,2004.0,38606.0,165489.0,1.04057,1.789023,ESP,IND,8851
1791872,73,104,1398,2004.0,0.0,10725.0,-1.202444,-0.8973120000000001,ETH,IND,8851
1791873,74,104,1398,2004.0,0.0,2017.0,1.9662810000000002,1.018108,FIN,IND,8851
1791874,75,104,1398,2004.0,0.0,2114.0,-0.793333,-0.27460100000000004,FJI,IND,8851
1791875,77,104,1398,2004.0,164048.0,12101.0,1.57079,0.6776760000000001,FRA,IND,8851
1791876,81,104,1398,2004.0,63352.0,1167845.0,1.872987,0.734065,GBR,IND,8851
1791877,83,104,1398,2004.0,0.0,2056.0,-1.015073,-0.9147069999999999,GHA,IND,8851
1791878,90,104,1398,2004.0,0.0,102756.0,0.298029,1.745886,GRC,IND,8851
1791879,97,104,1398,2004.0,7591045.0,5322753.0,0.72816,1.403171,HKG,IND,8851
1791880,103,104,1398,2004.0,2521.0,21560.0,0.010095999999999999,1.7413779999999999,IDN,IND,8851
1791881,106,104,1398,2004.0,0.0,10380.0,1.498475,0.19050799999999998,IRL,IND,8851
1791882,107,104,1398,2004.0,4182.0,11761.0,-0.6691699999999999,-1.002548,IRN,IND,8851
1791883,110,104,1398,2004.0,14764.0,2452.0,1.252895,0.8662770000000001,ISR,IND,8851
1791884,111,104,1398,2004.0,55028.0,85680.0,1.440372,0.676068,ITA,IND,8851
1791885,113,104,1398,2004.0,0.0,5598.0,0.16384200000000002,0.34270100000000003,JOR,IND,8851
1791886,114,104,1398,2004.0,6352973.0,17523.0,2.756136,0.15545,JPN,IND,8851
1791887,115,104,1398,2004.0,0.0,28027.0,-0.43987200000000004,-0.50862,KAZ,IND,8851
1791888,116,104,1398,2004.0,0.0,4395096.0,-0.565597,0.182375,KEN,IND,8851
1791889,121,104,1398,2004.0,115946.0,54207.0,1.481275,0.7859,KOR,IND,8851
1791890,122,104,1398,2004.0,0.0,161497.0,-0.8195479999999999,-1.2105709999999998,KWT,IND,8851
1791891,123,104,1398,2004.0,0.0,13037.0,-0.9964770000000001,-0.9475,LAO,IND,8851
1791892,128,104,1398,2004.0,0.0,131732.0,-0.42450299999999996,0.173518,LKA,IND,8851
1791893,134,104,1398,2004.0,0.0,9069.0,-0.626594,-0.22253499999999998,MAR,IND,8851
1791894,135,104,1398,2004.0,0.0,1076.0,-0.13031900000000002,-0.118591,MDA,IND,8851
1791895,137,104,1398,2004.0,0.0,109397.0,-0.44303000000000003,-0.841744,MDV,IND,8851
1791896,138,104,1398,2004.0,0.0,6168.0,1.183707,0.9043700000000001,MEX,IND,8851
1791897,142,104,1398,2004.0,0.0,1282.0,1.2290379999999999,-0.025372,MLT,IND,8851
1791898,145,104,1398,2004.0,0.0,1976.0,-0.920198,-1.1059219999999998,MNG,IND,8851
1791899,147,104,1398,2004.0,0.0,1303.0,-1.009633,-0.9863059999999999,MOZ,IND,8851
1791900,151,104,1398,2004.0,1624.0,79087.0,-0.161262,-0.29730300000000004,MUS,IND,8851
1791901,153,104,1398,2004.0,1294.0,1127804.0,1.250098,0.352379,MYS,IND,8851
1791902,159,104,1398,2004.0,0.0,32081.0,-2.336753,-1.350375,NGA,IND,8851
1791903,162,104,1398,2004.0,44027.0,63207.0,1.171327,1.6369799999999999,NLD,IND,8851
1791904,164,104,1398,2004.0,0.0,74013.0,-0.16800199999999998,0.541976,NPL,IND,8851
1791905,166,104,1398,2004.0,0.0,1188.0,0.44099099999999997,0.968326,NZL,IND,8851
1791906,167,104,1398,2004.0,0.0,804859.0,-0.707862,-1.187629,OMN,IND,8851
1791907,174,104,1398,2004.0,976833.0,23676.0,0.288786,-0.25348699999999996,PHL,IND,8851
1791908,179,104,1398,2004.0,0.0,1038.0,0.705075,1.7268729999999999,PRT,IND,8851
1791909,183,104,1398,2004.0,0.0,188130.0,0.018141,-1.03766,QAT,IND,8851
1791910,186,104,1398,2004.0,76946.0,0.0,0.422803,0.017524,RUS,IND,8851
1791911,188,104,1398,2004.0,0.0,2514662.0,0.361324,-0.760732,SAU,IND,8851
1791912,190,104,1398,2004.0,0.0,117361.0,-1.503552,-1.253193,SDN,IND,8851
1791913,192,104,1398,2004.0,468258.0,2416932.0,1.804502,0.570084,SGP,IND,8851
1791914,206,104,1398,2004.0,16132.0,16297.0,1.2683149999999999,0.9208620000000001,SVK,IND,8851
1791915,207,104,1398,2004.0,0.0,1259.0,1.700677,0.829765,SVN,IND,8851
1791916,208,104,1398,2004.0,1764.0,19473.0,2.105611,0.707843,SWE,IND,8851
1791917,212,104,1398,2004.0,0.0,3848.0,-0.698545,-0.111323,SYR,IND,8851
1791918,216,104,1398,2004.0,17870.0,900812.0,0.633501,1.4648290000000002,THA,IND,8851
1791919,222,104,1398,2004.0,0.0,2184.0,-0.108049,-0.923523,TTO,IND,8851
1791920,224,104,1398,2004.0,0.0,3293.0,0.249065,1.910598,TUR,IND,8851
1791921,226,104,1398,2004.0,0.0,66120.0,-0.935327,0.362709,TZA,IND,8851
1791922,227,104,1398,2004.0,0.0,13025.0,-1.05367,-0.546304,UGA,IND,8851
1791923,231,104,1398,2004.0,289322.0,819385.0,1.818327,-0.17913900000000002,USA,IND,8851
1791924,236,104,1398,2004.0,0.0,8286.0,-0.41193900000000006,-0.9578899999999999,VEN,IND,8851
1791925,239,104,1398,2004.0,0.0,5577.0,-0.46875500000000003,0.734412,VNM,IND,8851
1791926,243,104,1398,2004.0,0.0,24438.0,-1.298227,-1.2496639999999999,YEM,IND,8851
1791927,246,104,1398,2004.0,57843.0,457759.0,0.29599699999999995,1.909018,ZAF,IND,8851
1791928,247,104,1398,2004.0,0.0,9773.0,-0.8752479999999999,-0.784285,ZMB,IND,8851
1791929,249,104,1398,2004.0,160393.0,0.0,1.8844150000000002,1.257951,TWN,IND,8851
1791930,250,104,1398,2004.0,0.0,74210.0,0.46240200000000004,-0.406624,ANS,IND,8851
1791931,4,106,1398,2004.0,0.0,4999.0,-0.142479,0.136074,ALB,IRL,8851
1791932,6,106,1398,2004.0,2887.0,2542.0,0.080304,-0.634516,ANT,IRL,8851
1791933,7,106,1398,2004.0,0.0,1883.0,-0.10993399999999999,-0.5351640000000001,ARE,IRL,8851
1791934,14,106,1398,2004.0,0.0,3473.0,-0.198735,0.81543,AUS,IRL,8851
1791935,15,106,1398,2004.0,310438.0,0.0,1.958949,0.209296,AUT,IRL,8851
1791936,18,106,1398,2004.0,40529.0,23307.0,1.242665,1.541444,BEL,IRL,8851
1791937,24,106,1398,2004.0,0.0,3543.0,-0.551237,-1.174628,BHR,IRL,8851
1791938,25,106,1398,2004.0,0.0,7090.0,0.029548,-0.692239,BHS,IRL,8851
1791939,30,106,1398,2004.0,0.0,5473.0,0.67576,-0.49529799999999996,BMU,IRL,8851
1791940,33,106,1398,2004.0,9637.0,1250.0,0.644308,0.290054,BRB,IRL,8851
1791941,39,106,1398,2004.0,1700.0,59000.0,0.781591,1.365966,CAN,IRL,8851
1791942,41,106,1398,2004.0,4760106.0,2344924.0,2.234603,0.551975,CHE,IRL,8851
1791943,42,106,1398,2004.0,4141.0,0.0,-0.24101399999999998,-0.303103,CHL,IRL,8851
1791944,43,106,1398,2004.0,550268.0,0.0,0.710603,2.017234,CHN,IRL,8851
1791945,54,106,1398,2004.0,0.0,1180.0,-0.16826,-0.644388,CUB,IRL,8851
1791946,57,106,1398,2004.0,0.0,8429.0,0.47268999999999994,-0.742781,CYM,IRL,8851
1791947,58,106,1398,2004.0,0.0,9161.0,0.42732200000000004,0.811763,CYP,IRL,8851
1791948,59,106,1398,2004.0,7635.0,15400.0,1.612543,0.607495,CZE,IRL,8851
1791949,61,106,1398,2004.0,757391.0,92190.0,2.4453099999999997,-2.331761,DEU,IRL,8851
1791950,64,106,1398,2004.0,16268.0,0.0,1.309074,1.2627979999999999,DNK,IRL,8851
1791951,71,106,1398,2004.0,347756.0,24073.0,1.04057,1.789023,ESP,IRL,8851
1791952,77,106,1398,2004.0,661452.0,5559.0,1.57079,0.6776760000000001,FRA,IRL,8851
1791953,80,106,1398,2004.0,23761.0,0.0,-1.006071,-1.212338,GAB,IRL,8851
1791954,81,106,1398,2004.0,31922010.0,1839150.0,1.872987,0.734065,GBR,IRL,8851
1791955,90,106,1398,2004.0,0.0,4131.0,0.298029,1.745886,GRC,IRL,8851
1791956,97,106,1398,2004.0,2433224.0,59468.0,0.72816,1.403171,HKG,IRL,8851
1791957,104,106,1398,2004.0,10380.0,0.0,0.20872,2.817307,IND,IRL,8851
1791958,107,106,1398,2004.0,9609.0,0.0,-0.6691699999999999,-1.002548,IRN,IRL,8851
1791959,109,106,1398,2004.0,0.0,7666.0,0.107901,-0.41223699999999996,ISL,IRL,8851
1791960,110,106,1398,2004.0,2946.0,0.0,1.252895,0.8662770000000001,ISR,IRL,8851
1791961,111,106,1398,2004.0,334597.0,162759.0,1.440372,0.676068,ITA,IRL,8851
1791962,112,106,1398,2004.0,0.0,1264.0,-0.505365,-0.9596120000000001,JAM,IRL,8851
1791963,114,106,1398,2004.0,3323158.0,364480.0,2.756136,0.15545,JPN,IRL,8851
1791964,121,106,1398,2004.0,5211.0,0.0,1.481275,0.7859,KOR,IRL,8851
1791965,138,106,1398,2004.0,0.0,20316.0,1.183707,0.9043700000000001,MEX,IRL,8851
1791966,142,106,1398,2004.0,0.0,18469.0,1.2290379999999999,-0.025372,MLT,IRL,8851
1791967,151,106,1398,2004.0,51490.0,0.0,-0.161262,-0.29730300000000004,MUS,IRL,8851
1791968,153,106,1398,2004.0,104325.0,2446.0,1.250098,0.352379,MYS,IRL,8851
1791969,162,106,1398,2004.0,1035405.0,0.0,1.171327,1.6369799999999999,NLD,IRL,8851
1791970,174,106,1398,2004.0,66394.0,0.0,0.288786,-0.25348699999999996,PHL,IRL,8851
1791971,179,106,1398,2004.0,5627.0,0.0,0.705075,1.7268729999999999,PRT,IRL,8851
1791972,186,106,1398,2004.0,0.0,220467.0,0.422803,0.017524,RUS,IRL,8851
1791973,192,106,1398,2004.0,14112.0,0.0,1.804502,0.570084,SGP,IRL,8851
1791974,195,106,1398,2004.0,130484.0,0.0,-1.337367,-1.051245,SLB,IRL,8851
1791975,206,106,1398,2004.0,0.0,4972.0,1.2683149999999999,0.9208620000000001,SVK,IRL,8851
1791976,207,106,1398,2004.0,40658.0,0.0,1.700677,0.829765,SVN,IRL,8851
1791977,208,106,1398,2004.0,752615.0,13173.0,2.105611,0.707843,SWE,IRL,8851
1791978,212,106,1398,2004.0,0.0,62221.0,-0.698545,-0.111323,SYR,IRL,8851
1791979,216,106,1398,2004.0,20575.0,62435.0,0.633501,1.4648290000000002,THA,IRL,8851
1791980,222,106,1398,2004.0,0.0,1260.0,-0.108049,-0.923523,TTO,IRL,8851
1791981,228,106,1398,2004.0,0.0,21400.0,0.672848,1.172735,UKR,IRL,8851
1791982,231,106,1398,2004.0,637353.0,1126226.0,1.818327,-0.17913900000000002,USA,IRL,8851
1791983,246,106,1398,2004.0,0.0,4336.0,0.29599699999999995,1.909018,ZAF,IRL,8851
1791984,249,106,1398,2004.0,2516.0,0.0,1.8844150000000002,1.257951,TWN,IRL,8851
1791985,250,106,1398,2004.0,232011.0,12164.0,0.46240200000000004,-0.406624,ANS,IRL,8851
1791986,8,110,1398,2004.0,0.0,2721.0,-0.070845,0.879574,ARG,ISR,8851
1791987,14,110,1398,2004.0,1375.0,23685.0,-0.198735,0.81543,AUS,ISR,8851
1791988,15,110,1398,2004.0,52407.0,273297.0,1.958949,0.209296,AUT,ISR,8851
1791989,18,110,1398,2004.0,423652.0,99601.0,1.242665,1.541444,BEL,ISR,8851
1791990,23,110,1398,2004.0,1753.0,1178.0,0.390627,1.631006,BGR,ISR,8851
1791991,26,110,1398,2004.0,0.0,1366.0,0.45637,0.6154470000000001,BIH,ISR,8851
1791992,32,110,1398,2004.0,1111.0,1114.0,0.504233,1.567879,BRA,ISR,8851
1791993,39,110,1398,2004.0,8391.0,21997.0,0.781591,1.365966,CAN,ISR,8851
1791994,41,110,1398,2004.0,20862626.0,2566190.0,2.234603,0.551975,CHE,ISR,8851
1791995,43,110,1398,2004.0,555019.0,0.0,0.710603,2.017234,CHN,ISR,8851
1791996,49,110,1398,2004.0,0.0,35983.0,0.044706,0.514304,COL,ISR,8851
1791997,58,110,1398,2004.0,55854.0,11089.0,0.42732200000000004,0.811763,CYP,ISR,8851
1791998,59,110,1398,2004.0,0.0,60635.0,1.612543,0.607495,CZE,ISR,8851
1791999,61,110,1398,2004.0,1325056.0,80729.0,2.4453099999999997,-2.331761,DEU,ISR,8851
1792000,64,110,1398,2004.0,1264.0,25059.0,1.309074,1.2627979999999999,DNK,ISR,8851
1792001,68,110,1398,2004.0,0.0,2197.0,-0.35823499999999997,0.5000100000000001,EGY,ISR,8851
1792002,71,110,1398,2004.0,206046.0,53752.0,1.04057,1.789023,ESP,ISR,8851
1792003,74,110,1398,2004.0,82847.0,2220.0,1.9662810000000002,1.018108,FIN,ISR,8851
1792004,77,110,1398,2004.0,4114580.0,123421.0,1.57079,0.6776760000000001,FRA,ISR,8851
1792005,81,110,1398,2004.0,267658.0,348910.0,1.872987,0.734065,GBR,ISR,8851
1792006,84,110,1398,2004.0,12399.0,0.0,0.501154,-0.562796,GIB,ISR,8851
1792007,90,110,1398,2004.0,7534.0,14574.0,0.298029,1.745886,GRC,ISR,8851
1792008,97,110,1398,2004.0,8818613.0,123443.0,0.72816,1.403171,HKG,ISR,8851
1792009,102,110,1398,2004.0,9619.0,152292.0,1.3579370000000002,0.9993219999999999,HUN,ISR,8851
1792010,104,110,1398,2004.0,2452.0,14764.0,0.20872,2.817307,IND,ISR,8851
1792011,106,110,1398,2004.0,0.0,2946.0,1.498475,0.19050799999999998,IRL,ISR,8851
1792012,111,110,1398,2004.0,3672067.0,125026.0,1.440372,0.676068,ITA,ISR,8851
1792013,114,110,1398,2004.0,1022690.0,2202.0,2.756136,0.15545,JPN,ISR,8851
1792014,115,110,1398,2004.0,0.0,12368.0,-0.43987200000000004,-0.50862,KAZ,ISR,8851
1792015,121,110,1398,2004.0,88015.0,18508.0,1.481275,0.7859,KOR,ISR,8851
1792016,131,110,1398,2004.0,0.0,2294.0,1.258828,1.079923,LUX,ISR,8851
1792017,135,110,1398,2004.0,0.0,4508.0,-0.13031900000000002,-0.118591,MDA,ISR,8851
1792018,138,110,1398,2004.0,0.0,192065.0,1.183707,0.9043700000000001,MEX,ISR,8851
1792019,159,110,1398,2004.0,0.0,12000.0,-2.336753,-1.350375,NGA,ISR,8851
1792020,162,110,1398,2004.0,212601.0,64818.0,1.171327,1.6369799999999999,NLD,ISR,8851
1792021,163,110,1398,2004.0,0.0,7849.0,0.731175,-0.0655,NOR,ISR,8851
1792022,169,110,1398,2004.0,85016.0,42843.0,0.054997000000000004,0.440416,PAN,ISR,8851
1792023,174,110,1398,2004.0,26696.0,0.0,0.288786,-0.25348699999999996,PHL,ISR,8851
1792024,177,110,1398,2004.0,0.0,96868.0,0.989568,1.49055,POL,ISR,8851
1792025,185,110,1398,2004.0,0.0,5828.0,0.53925,1.145066,ROU,ISR,8851
1792026,186,110,1398,2004.0,0.0,653624.0,0.422803,0.017524,RUS,ISR,8851
1792027,189,110,1398,2004.0,0.0,86281.0,0.544686,2.418024,SCG,ISR,8851
1792028,192,110,1398,2004.0,518226.0,0.0,1.804502,0.570084,SGP,ISR,8851
1792029,206,110,1398,2004.0,26624.0,0.0,1.2683149999999999,0.9208620000000001,SVK,ISR,8851
1792030,207,110,1398,2004.0,24724.0,0.0,1.700677,0.829765,SVN,ISR,8851
1792031,208,110,1398,2004.0,79957.0,0.0,2.105611,0.707843,SWE,ISR,8851
1792032,216,110,1398,2004.0,121475.0,0.0,0.633501,1.4648290000000002,THA,ISR,8851
1792033,224,110,1398,2004.0,100488.0,46595.0,0.249065,1.910598,TUR,ISR,8851
1792034,226,110,1398,2004.0,0.0,2492.0,-0.935327,0.362709,TZA,ISR,8851
1792035,227,110,1398,2004.0,0.0,1273.0,-1.05367,-0.546304,UGA,ISR,8851
1792036,228,110,1398,2004.0,0.0,54522.0,0.672848,1.172735,UKR,ISR,8851
1792037,231,110,1398,2004.0,2343628.0,2738184.0,1.818327,-0.17913900000000002,USA,ISR,8851
1792038,246,110,1398,2004.0,0.0,12483.0,0.29599699999999995,1.909018,ZAF,ISR,8851
1792039,249,110,1398,2004.0,52551.0,7281.0,1.8844150000000002,1.257951,TWN,ISR,8851
1792040,250,110,1398,2004.0,0.0,48000.0,0.46240200000000004,-0.406624,ANS,ISR,8851
1792041,0,111,1398,2004.0,0.0,78031.0,0.074978,-0.8537239999999999,ABW,ITA,8851
1792042,1,111,1398,2004.0,0.0,175625.0,-0.8890309999999999,-0.773602,AFG,ITA,8851
1792043,2,111,1398,2004.0,0.0,6037.0,-0.8688110000000001,-1.198692,AGO,ITA,8851
1792044,4,111,1398,2004.0,0.0,34090.0,-0.142479,0.136074,ALB,ITA,8851
1792045,5,111,1398,2004.0,0.0,177287.0,1.122154,0.958434,AND,ITA,8851
1792046,6,111,1398,2004.0,0.0,323608.0,0.080304,-0.634516,ANT,ITA,8851
1792047,7,111,1398,2004.0,164122.0,13597557.0,-0.10993399999999999,-0.5351640000000001,ARE,ITA,8851
1792048,8,111,1398,2004.0,0.0,3083689.0,-0.070845,0.879574,ARG,ITA,8851
1792049,9,111,1398,2004.0,0.0,352347.0,0.497276,-0.226016,ARM,ITA,8851
1792050,13,111,1398,2004.0,0.0,1869.0,-0.28271,-0.850197,ATG,ITA,8851
1792051,14,111,1398,2004.0,242103.0,3270680.0,-0.198735,0.81543,AUS,ITA,8851
1792052,15,111,1398,2004.0,1958731.0,3884525.0,1.958949,0.209296,AUT,ITA,8851
1792053,16,111,1398,2004.0,0.0,12886.0,-0.720616,-1.009692,AZE,ITA,8851
1792054,18,111,1398,2004.0,3525599.0,2989926.0,1.242665,1.541444,BEL,ITA,8851
1792055,22,111,1398,2004.0,1704.0,0.0,-1.074194,-0.9392389999999999,BGD,ITA,8851
1792056,23,111,1398,2004.0,2493.0,1410872.0,0.390627,1.631006,BGR,ITA,8851
1792057,24,111,1398,2004.0,0.0,330612.0,-0.551237,-1.174628,BHR,ITA,8851
1792058,26,111,1398,2004.0,0.0,106215.0,0.45637,0.6154470000000001,BIH,ITA,8851
1792059,29,111,1398,2004.0,0.0,41565.0,-0.528459,-0.739219,BLZ,ITA,8851
1792060,30,111,1398,2004.0,0.0,27809.0,0.67576,-0.49529799999999996,BMU,ITA,8851
1792061,31,111,1398,2004.0,6277.0,0.0,-0.841087,-0.770059,BOL,ITA,8851
1792062,32,111,1398,2004.0,4869.0,471583.0,0.504233,1.567879,BRA,ITA,8851
1792063,39,111,1398,2004.0,25960.0,4534002.0,0.781591,1.365966,CAN,ITA,8851
1792064,41,111,1398,2004.0,638790976.0,194238016.0,2.234603,0.551975,CHE,ITA,8851
1792065,42,111,1398,2004.0,0.0,29622.0,-0.24101399999999998,-0.303103,CHL,ITA,8851
1792066,43,111,1398,2004.0,111657048.0,2365702.0,0.710603,2.017234,CHN,ITA,8851
1792067,45,111,1398,2004.0,0.0,2377.0,-1.380149,-1.220501,CMR,ITA,8851
1792068,49,111,1398,2004.0,0.0,19384.0,0.044706,0.514304,COL,ITA,8851
1792069,52,111,1398,2004.0,0.0,13889.0,-0.036323,-0.313847,CRI,ITA,8851
1792070,54,111,1398,2004.0,0.0,153760.0,-0.16826,-0.644388,CUB,ITA,8851
1792071,57,111,1398,2004.0,0.0,2471.0,0.47268999999999994,-0.742781,CYM,ITA,8851
1792072,58,111,1398,2004.0,11632.0,1111010.0,0.42732200000000004,0.811763,CYP,ITA,8851
1792073,59,111,1398,2004.0,7431.0,1394682.0,1.612543,0.607495,CZE,ITA,8851
1792074,61,111,1398,2004.0,30533204.0,14571128.0,2.4453099999999997,-2.331761,DEU,ITA,8851
1792075,64,111,1398,2004.0,28969.0,1741618.0,1.309074,1.2627979999999999,DNK,ITA,8851
1792076,65,111,1398,2004.0,0.0,8516.0,-0.24909699999999999,-0.326783,DOM,ITA,8851
1792077,66,111,1398,2004.0,0.0,2484.0,-1.166661,-1.2240879999999998,DZA,ITA,8851
1792078,67,111,1398,2004.0,3057.0,55312.0,-0.990727,-0.9383090000000001,ECU,ITA,8851
1792079,68,111,1398,2004.0,0.0,157191.0,-0.35823499999999997,0.5000100000000001,EGY,ITA,8851
1792080,71,111,1398,2004.0,11576182.0,15053516.0,1.04057,1.789023,ESP,ITA,8851
1792081,72,111,1398,2004.0,0.0,5810.0,0.645741,1.035117,EST,ITA,8851
1792082,73,111,1398,2004.0,0.0,12994.0,-1.202444,-0.8973120000000001,ETH,ITA,8851
1792083,74,111,1398,2004.0,3329.0,61261.0,1.9662810000000002,1.018108,FIN,ITA,8851
1792084,77,111,1398,2004.0,13516488.0,12313988.0,1.57079,0.6776760000000001,FRA,ITA,8851
1792085,78,111,1398,2004.0,0.0,5132.0,-1.127967,-1.002561,FRO,ITA,8851
1792086,81,111,1398,2004.0,9929824.0,44215216.0,1.872987,0.734065,GBR,ITA,8851
1792087,82,111,1398,2004.0,0.0,13343.0,-0.030676,-0.560186,GEO,ITA,8851
1792088,84,111,1398,2004.0,29637.0,58721.0,0.501154,-0.562796,GIB,ITA,8851
1792089,90,111,1398,2004.0,185940.0,13514192.0,0.298029,1.745886,GRC,ITA,8851
1792090,93,111,1398,2004.0,0.0,414928.0,-0.39399,0.139128,GTM,ITA,8851
1792091,95,111,1398,2004.0,0.0,44015.0,0.136164,-0.616118,GUM,ITA,8851
1792092,96,111,1398,2004.0,0.0,4243.0,-0.932802,-0.9846530000000001,GUY,ITA,8851
1792093,97,111,1398,2004.0,59660020.0,67107660.0,0.72816,1.403171,HKG,ITA,8851
1792094,99,111,1398,2004.0,0.0,18509.0,-0.6372140000000001,-0.453946,HND,ITA,8851
1792095,100,111,1398,2004.0,0.0,1199272.0,0.744459,1.1994479999999998,HRV,ITA,8851
1792096,102,111,1398,2004.0,134292.0,3074856.0,1.3579370000000002,0.9993219999999999,HUN,ITA,8851
1792097,103,111,1398,2004.0,15486.0,8710.0,0.010095999999999999,1.7413779999999999,IDN,ITA,8851
1792098,104,111,1398,2004.0,85680.0,55028.0,0.20872,2.817307,IND,ITA,8851
1792099,106,111,1398,2004.0,162759.0,334597.0,1.498475,0.19050799999999998,IRL,ITA,8851
1792100,107,111,1398,2004.0,0.0,2135112.0,-0.6691699999999999,-1.002548,IRN,ITA,8851
1792101,108,111,1398,2004.0,0.0,31568.0,-1.50824,-1.082486,IRQ,ITA,8851
1792102,109,111,1398,2004.0,0.0,136661.0,0.107901,-0.41223699999999996,ISL,ITA,8851
1792103,110,111,1398,2004.0,125026.0,3672067.0,1.252895,0.8662770000000001,ISR,ITA,8851
1792104,112,111,1398,2004.0,0.0,10919.0,-0.505365,-0.9596120000000001,JAM,ITA,8851
1792105,113,111,1398,2004.0,87513.0,2330796.0,0.16384200000000002,0.34270100000000003,JOR,ITA,8851
1792106,114,111,1398,2004.0,8311950.0,16000399.0,2.756136,0.15545,JPN,ITA,8851
1792107,115,111,1398,2004.0,0.0,33436.0,-0.43987200000000004,-0.50862,KAZ,ITA,8851
1792108,118,111,1398,2004.0,5402.0,10463.0,-1.145227,-1.19179,KHM,ITA,8851
1792109,121,111,1398,2004.0,238400.0,1229541.0,1.481275,0.7859,KOR,ITA,8851
1792110,122,111,1398,2004.0,1804.0,995976.0,-0.8195479999999999,-1.2105709999999998,KWT,ITA,8851
1792111,124,111,1398,2004.0,39332.0,1881695.0,0.269753,1.3152979999999999,LBN,ITA,8851
1792112,126,111,1398,2004.0,0.0,17768.0,-0.895142,-1.211141,LBY,ITA,8851
1792113,128,111,1398,2004.0,0.0,2352.0,-0.42450299999999996,0.173518,LKA,ITA,8851
1792114,130,111,1398,2004.0,0.0,52080.0,0.341521,0.7971560000000001,LTU,ITA,8851
1792115,131,111,1398,2004.0,1926806.0,82749.0,1.258828,1.079923,LUX,ITA,8851
1792116,132,111,1398,2004.0,0.0,74984.0,0.415001,0.8476809999999999,LVA,ITA,8851
1792117,133,111,1398,2004.0,0.0,13758.0,-0.12333599999999999,-0.600164,MAC,ITA,8851
1792118,134,111,1398,2004.0,0.0,30462.0,-0.626594,-0.22253499999999998,MAR,ITA,8851
1792119,135,111,1398,2004.0,0.0,6472.0,-0.13031900000000002,-0.118591,MDA,ITA,8851
1792120,137,111,1398,2004.0,0.0,18952.0,-0.44303000000000003,-0.841744,MDV,ITA,8851
1792121,138,111,1398,2004.0,2231.0,1612888.0,1.183707,0.9043700000000001,MEX,ITA,8851
1792122,140,111,1398,2004.0,0.0,1053710.0,-0.120439,0.27624899999999997,MKD,ITA,8851
1792123,142,111,1398,2004.0,79588.0,1211792.0,1.2290379999999999,-0.025372,MLT,ITA,8851
1792124,149,111,1398,2004.0,0.0,10214.0,0.854981,0.5103979999999999,MSR,ITA,8851
1792125,151,111,1398,2004.0,100771.0,57104.0,-0.161262,-0.29730300000000004,MUS,ITA,8851
1792126,153,111,1398,2004.0,87698.0,142184.0,1.250098,0.352379,MYS,ITA,8851
1792127,159,111,1398,2004.0,0.0,1462.0,-2.336753,-1.350375,NGA,ITA,8851
1792128,162,111,1398,2004.0,1470814.0,5562450.0,1.171327,1.6369799999999999,NLD,ITA,8851
1792129,163,111,1398,2004.0,32637.0,712569.0,0.731175,-0.0655,NOR,ITA,8851
1792130,166,111,1398,2004.0,0.0,64618.0,0.44099099999999997,0.968326,NZL,ITA,8851
1792131,167,111,1398,2004.0,5099.0,272432.0,-0.707862,-1.187629,OMN,ITA,8851
1792132,168,111,1398,2004.0,0.0,11933.0,-0.7489600000000001,0.22493200000000002,PAK,ITA,8851
1792133,169,111,1398,2004.0,0.0,911711.0,0.054997000000000004,0.440416,PAN,ITA,8851
1792134,173,111,1398,2004.0,0.0,7732.0,-0.609837,0.13314,PER,ITA,8851
1792135,174,111,1398,2004.0,718002.0,36257.0,0.288786,-0.25348699999999996,PHL,ITA,8851
1792136,177,111,1398,2004.0,17490.0,763250.0,0.989568,1.49055,POL,ITA,8851
1792137,179,111,1398,2004.0,142078.0,8398341.0,0.705075,1.7268729999999999,PRT,ITA,8851
1792138,180,111,1398,2004.0,0.0,3606.0,-0.634469,-0.870034,PRY,ITA,8851
1792139,182,111,1398,2004.0,0.0,6794.0,-0.125349,-0.718282,PYF,ITA,8851
1792140,183,111,1398,2004.0,194715.0,880269.0,0.018141,-1.03766,QAT,ITA,8851
1792141,185,111,1398,2004.0,0.0,448020.0,0.53925,1.145066,ROU,ITA,8851
1792142,186,111,1398,2004.0,46935.0,3672370.0,0.422803,0.017524,RUS,ITA,8851
1792143,188,111,1398,2004.0,0.0,3320212.0,0.361324,-0.760732,SAU,ITA,8851
1792144,189,111,1398,2004.0,0.0,464378.0,0.544686,2.418024,SCG,ITA,8851
1792145,192,111,1398,2004.0,121169.0,4990534.0,1.804502,0.570084,SGP,ITA,8851
1792146,206,111,1398,2004.0,0.0,44847.0,1.2683149999999999,0.9208620000000001,SVK,ITA,8851
1792147,207,111,1398,2004.0,8600.0,996706.0,1.700677,0.829765,SVN,ITA,8851
1792148,208,111,1398,2004.0,344560.0,316115.0,2.105611,0.707843,SWE,ITA,8851
1792149,209,111,1398,2004.0,1351.0,0.0,0.528937,-0.241038,SWZ,ITA,8851
1792150,211,111,1398,2004.0,0.0,9385.0,-0.585828,-0.768388,SYC,ITA,8851
1792151,212,111,1398,2004.0,0.0,16434.0,-0.698545,-0.111323,SYR,ITA,8851
1792152,216,111,1398,2004.0,5165805.0,538522.0,0.633501,1.4648290000000002,THA,ITA,8851
1792153,223,111,1398,2004.0,0.0,15701.0,-0.125092,0.370625,TUN,ITA,8851
1792154,224,111,1398,2004.0,47480.0,4326626.0,0.249065,1.910598,TUR,ITA,8851
1792155,228,111,1398,2004.0,5420.0,502981.0,0.672848,1.172735,UKR,ITA,8851
1792156,230,111,1398,2004.0,0.0,22255.0,-0.051583000000000004,0.145056,URY,ITA,8851
1792157,231,111,1398,2004.0,5947795.0,47127996.0,1.818327,-0.17913900000000002,USA,ITA,8851
1792158,236,111,1398,2004.0,3934.0,195665.0,-0.41193900000000006,-0.9578899999999999,VEN,ITA,8851
1792159,237,111,1398,2004.0,0.0,3642508.0,0.689844,-0.23942,VGB,ITA,8851
1792160,246,111,1398,2004.0,5171.0,57265.0,0.29599699999999995,1.909018,ZAF,ITA,8851
1792161,249,111,1398,2004.0,212614.0,1890926.0,1.8844150000000002,1.257951,TWN,ITA,8851
1792162,250,111,1398,2004.0,37975.0,2938971.0,0.46240200000000004,-0.406624,ANS,ITA,8851
1792163,7,112,1398,2004.0,1170.0,0.0,-0.10993399999999999,-0.5351640000000001,ARE,JAM,8851
1792164,14,112,1398,2004.0,94139.0,0.0,-0.198735,0.81543,AUS,JAM,8851
1792165,32,112,1398,2004.0,88851.0,0.0,0.504233,1.567879,BRA,JAM,8851
1792166,33,112,1398,2004.0,0.0,3521.0,0.644308,0.290054,BRB,JAM,8851
1792167,39,112,1398,2004.0,106082.0,0.0,0.781591,1.365966,CAN,JAM,8851
1792168,41,112,1398,2004.0,10866113.0,5435.0,2.234603,0.551975,CHE,JAM,8851
1792169,43,112,1398,2004.0,323065.0,0.0,0.710603,2.017234,CHN,JAM,8851
1792170,61,112,1398,2004.0,132470.0,0.0,2.4453099999999997,-2.331761,DEU,JAM,8851
1792171,64,112,1398,2004.0,1013.0,0.0,1.309074,1.2627979999999999,DNK,JAM,8851
1792172,77,112,1398,2004.0,87270.0,0.0,1.57079,0.6776760000000001,FRA,JAM,8851
1792173,81,112,1398,2004.0,0.0,1774.0,1.872987,0.734065,GBR,JAM,8851
1792174,93,112,1398,2004.0,1866.0,0.0,-0.39399,0.139128,GTM,JAM,8851
1792175,97,112,1398,2004.0,16625.0,0.0,0.72816,1.403171,HKG,JAM,8851
1792176,106,112,1398,2004.0,1264.0,0.0,1.498475,0.19050799999999998,IRL,JAM,8851
1792177,111,112,1398,2004.0,10919.0,0.0,1.440372,0.676068,ITA,JAM,8851
1792178,114,112,1398,2004.0,1232527.0,0.0,2.756136,0.15545,JPN,JAM,8851
1792179,121,112,1398,2004.0,42390.0,0.0,1.481275,0.7859,KOR,JAM,8851
1792180,127,112,1398,2004.0,0.0,3453.0,0.31900300000000004,-0.346391,LCA,JAM,8851
1792181,169,112,1398,2004.0,58353.0,9314.0,0.054997000000000004,0.440416,PAN,JAM,8851
1792182,174,112,1398,2004.0,4321.0,0.0,0.288786,-0.25348699999999996,PHL,JAM,8851
1792183,186,112,1398,2004.0,2566.0,0.0,0.422803,0.017524,RUS,JAM,8851
1792184,208,112,1398,2004.0,116245.0,0.0,2.105611,0.707843,SWE,JAM,8851
1792185,216,112,1398,2004.0,68888.0,0.0,0.633501,1.4648290000000002,THA,JAM,8851
1792186,231,112,1398,2004.0,6002086.0,186893.0,1.818327,-0.17913900000000002,USA,JAM,8851
1792187,1,114,1398,2004.0,0.0,4199.0,-0.8890309999999999,-0.773602,AFG,JPN,8851
1792188,5,114,1398,2004.0,0.0,17960.0,1.122154,0.958434,AND,JPN,8851
1792189,7,114,1398,2004.0,46351.0,8984663.0,-0.10993399999999999,-0.5351640000000001,ARE,JPN,8851
1792190,8,114,1398,2004.0,2937.0,809873.0,-0.070845,0.879574,ARG,JPN,8851
1792191,14,114,1398,2004.0,3075438.0,4639288.0,-0.198735,0.81543,AUS,JPN,8851
1792192,15,114,1398,2004.0,958604.0,264093.0,1.958949,0.209296,AUT,JPN,8851
1792193,16,114,1398,2004.0,0.0,5109.0,-0.720616,-1.009692,AZE,JPN,8851
1792194,18,114,1398,2004.0,5364671.0,391640.0,1.242665,1.541444,BEL,JPN,8851
1792195,21,114,1398,2004.0,0.0,1276.0,-1.118427,-1.091315,BFA,JPN,8851
1792196,22,114,1398,2004.0,0.0,6355.0,-1.074194,-0.9392389999999999,BGD,JPN,8851
1792197,23,114,1398,2004.0,2413.0,20780.0,0.390627,1.631006,BGR,JPN,8851
1792198,24,114,1398,2004.0,690292.0,477805.0,-0.551237,-1.174628,BHR,JPN,8851
1792199,25,114,1398,2004.0,14584.0,778290.0,0.029548,-0.692239,BHS,JPN,8851
1792200,26,114,1398,2004.0,0.0,9703.0,0.45637,0.6154470000000001,BIH,JPN,8851
1792201,28,114,1398,2004.0,0.0,43959.0,0.9384239999999999,0.9708690000000001,BLR,JPN,8851
1792202,29,114,1398,2004.0,0.0,4137.0,-0.528459,-0.739219,BLZ,JPN,8851
1792203,31,114,1398,2004.0,0.0,52014.0,-0.841087,-0.770059,BOL,JPN,8851
1792204,32,114,1398,2004.0,415402.0,3669132.0,0.504233,1.567879,BRA,JPN,8851
1792205,33,114,1398,2004.0,0.0,2397.0,0.644308,0.290054,BRB,JPN,8851
1792206,34,114,1398,2004.0,0.0,49152.0,-0.720827,-0.964435,BRN,JPN,8851
1792207,39,114,1398,2004.0,50924.0,3954878.0,0.781591,1.365966,CAN,JPN,8851
1792208,41,114,1398,2004.0,979729728.0,16152378.0,2.234603,0.551975,CHE,JPN,8851
1792209,42,114,1398,2004.0,0.0,2806461.0,-0.24101399999999998,-0.303103,CHL,JPN,8851
1792210,43,114,1398,2004.0,144745792.0,93391064.0,0.710603,2.017234,CHN,JPN,8851
1792211,44,114,1398,2004.0,0.0,3706.0,-0.835933,-0.749289,CIV,JPN,8851
1792212,49,114,1398,2004.0,0.0,1220728.0,0.044706,0.514304,COL,JPN,8851
1792213,51,114,1398,2004.0,19240.0,0.0,-0.291469,-0.6426850000000001,CPV,JPN,8851
1792214,52,114,1398,2004.0,0.0,78403.0,-0.036323,-0.313847,CRI,JPN,8851
1792215,54,114,1398,2004.0,0.0,431423.0,-0.16826,-0.644388,CUB,JPN,8851
1792216,58,114,1398,2004.0,2480.0,369535.0,0.42732200000000004,0.811763,CYP,JPN,8851
1792217,59,114,1398,2004.0,15042.0,630264.0,1.612543,0.607495,CZE,JPN,8851
1792218,61,114,1398,2004.0,57891956.0,23338286.0,2.4453099999999997,-2.331761,DEU,JPN,8851
1792219,64,114,1398,2004.0,332986.0,409467.0,1.309074,1.2627979999999999,DNK,JPN,8851
1792220,65,114,1398,2004.0,0.0,14863.0,-0.24909699999999999,-0.326783,DOM,JPN,8851
1792221,66,114,1398,2004.0,0.0,35179.0,-1.166661,-1.2240879999999998,DZA,JPN,8851
1792222,67,114,1398,2004.0,0.0,222877.0,-0.990727,-0.9383090000000001,ECU,JPN,8851
1792223,68,114,1398,2004.0,0.0,672696.0,-0.35823499999999997,0.5000100000000001,EGY,JPN,8851
1792224,71,114,1398,2004.0,2045111.0,5824000.0,1.04057,1.789023,ESP,JPN,8851
1792225,72,114,1398,2004.0,0.0,81783.0,0.645741,1.035117,EST,JPN,8851
1792226,73,114,1398,2004.0,0.0,13356.0,-1.202444,-0.8973120000000001,ETH,JPN,8851
1792227,74,114,1398,2004.0,844529.0,191800.0,1.9662810000000002,1.018108,FIN,JPN,8851
1792228,75,114,1398,2004.0,0.0,117935.0,-0.793333,-0.27460100000000004,FJI,JPN,8851
1792229,77,114,1398,2004.0,32021932.0,4158532.0,1.57079,0.6776760000000001,FRA,JPN,8851
1792230,78,114,1398,2004.0,0.0,38449.0,-1.127967,-1.002561,FRO,JPN,8851
1792231,79,114,1398,2004.0,0.0,5828.0,-1.155942,-1.049955,FSM,JPN,8851
1792232,81,114,1398,2004.0,7697155.0,12837968.0,1.872987,0.734065,GBR,JPN,8851
1792233,90,114,1398,2004.0,414660.0,248792.0,0.298029,1.745886,GRC,JPN,8851
1792234,93,114,1398,2004.0,0.0,689981.0,-0.39399,0.139128,GTM,JPN,8851
1792235,95,114,1398,2004.0,1775.0,25213.0,0.136164,-0.616118,GUM,JPN,8851
1792236,97,114,1398,2004.0,59529444.0,536524416.0,0.72816,1.403171,HKG,JPN,8851
1792237,100,114,1398,2004.0,0.0,245816.0,0.744459,1.1994479999999998,HRV,JPN,8851
1792238,102,114,1398,2004.0,0.0,458882.0,1.3579370000000002,0.9993219999999999,HUN,JPN,8851
1792239,103,114,1398,2004.0,182501.0,295026.0,0.010095999999999999,1.7413779999999999,IDN,JPN,8851
1792240,104,114,1398,2004.0,17523.0,6352973.0,0.20872,2.817307,IND,JPN,8851
1792241,106,114,1398,2004.0,364480.0,3323158.0,1.498475,0.19050799999999998,IRL,JPN,8851
1792242,109,114,1398,2004.0,0.0,47672.0,0.107901,-0.41223699999999996,ISL,JPN,8851
1792243,110,114,1398,2004.0,2202.0,1022690.0,1.252895,0.8662770000000001,ISR,JPN,8851
1792244,111,114,1398,2004.0,16000399.0,8311950.0,1.440372,0.676068,ITA,JPN,8851
1792245,112,114,1398,2004.0,0.0,1232527.0,-0.505365,-0.9596120000000001,JAM,JPN,8851
1792246,113,114,1398,2004.0,51290.0,103832.0,0.16384200000000002,0.34270100000000003,JOR,JPN,8851
1792247,115,114,1398,2004.0,0.0,3780.0,-0.43987200000000004,-0.50862,KAZ,JPN,8851
1792248,116,114,1398,2004.0,0.0,21010.0,-0.565597,0.182375,KEN,JPN,8851
1792249,118,114,1398,2004.0,0.0,4978.0,-1.145227,-1.19179,KHM,JPN,8851
1792250,120,114,1398,2004.0,0.0,4367.0,0.5528109999999999,-0.342657,KNA,JPN,8851
1792251,121,114,1398,2004.0,11226515.0,9716033.0,1.481275,0.7859,KOR,JPN,8851
1792252,122,114,1398,2004.0,0.0,932151.0,-0.8195479999999999,-1.2105709999999998,KWT,JPN,8851
1792253,124,114,1398,2004.0,0.0,765988.0,0.269753,1.3152979999999999,LBN,JPN,8851
1792254,126,114,1398,2004.0,0.0,5734.0,-0.895142,-1.211141,LBY,JPN,8851
1792255,127,114,1398,2004.0,0.0,264960.0,0.31900300000000004,-0.346391,LCA,JPN,8851
1792256,128,114,1398,2004.0,0.0,59133.0,-0.42450299999999996,0.173518,LKA,JPN,8851
1792257,130,114,1398,2004.0,76934.0,6653.0,0.341521,0.7971560000000001,LTU,JPN,8851
1792258,131,114,1398,2004.0,0.0,5629.0,1.258828,1.079923,LUX,JPN,8851
1792259,132,114,1398,2004.0,0.0,25199.0,0.415001,0.8476809999999999,LVA,JPN,8851
1792260,133,114,1398,2004.0,8030.0,703659.0,-0.12333599999999999,-0.600164,MAC,JPN,8851
1792261,134,114,1398,2004.0,0.0,16729.0,-0.626594,-0.22253499999999998,MAR,JPN,8851
1792262,137,114,1398,2004.0,0.0,83245.0,-0.44303000000000003,-0.841744,MDV,JPN,8851
1792263,138,114,1398,2004.0,24038.0,5832450.0,1.183707,0.9043700000000001,MEX,JPN,8851
1792264,139,114,1398,2004.0,0.0,13513.0,-0.712684,-0.88944,MHL,JPN,8851
1792265,142,114,1398,2004.0,0.0,86811.0,1.2290379999999999,-0.025372,MLT,JPN,8851
1792266,151,114,1398,2004.0,0.0,222559.0,-0.161262,-0.29730300000000004,MUS,JPN,8851
1792267,153,114,1398,2004.0,11932492.0,6936684.0,1.250098,0.352379,MYS,JPN,8851
1792268,154,114,1398,2004.0,0.0,9611.0,1.290551,0.284667,MYT,JPN,8851
1792269,156,114,1398,2004.0,0.0,126810.0,-0.279566,-0.860456,NCL,JPN,8851
1792270,159,114,1398,2004.0,0.0,3755.0,-2.336753,-1.350375,NGA,JPN,8851
1792271,160,114,1398,2004.0,0.0,51081.0,-1.003846,-0.697642,NIC,JPN,8851
1792272,162,114,1398,2004.0,222992.0,1145934.0,1.171327,1.6369799999999999,NLD,JPN,8851
1792273,163,114,1398,2004.0,354950.0,276495.0,0.731175,-0.0655,NOR,JPN,8851
1792274,166,114,1398,2004.0,7199.0,1918890.0,0.44099099999999997,0.968326,NZL,JPN,8851
1792275,167,114,1398,2004.0,65038.0,1070565.0,-0.707862,-1.187629,OMN,JPN,8851
1792276,168,114,1398,2004.0,10323.0,133861.0,-0.7489600000000001,0.22493200000000002,PAK,JPN,8851
1792277,169,114,1398,2004.0,0.0,91497.0,0.054997000000000004,0.440416,PAN,JPN,8851
1792278,173,114,1398,2004.0,0.0,403923.0,-0.609837,0.13314,PER,JPN,8851
1792279,174,114,1398,2004.0,2512628.0,274773.0,0.288786,-0.25348699999999996,PHL,JPN,8851
1792280,176,114,1398,2004.0,0.0,33275.0,-1.57259,-1.215066,PNG,JPN,8851
1792281,177,114,1398,2004.0,24097.0,316114.0,0.989568,1.49055,POL,JPN,8851
1792282,178,114,1398,2004.0,0.0,18508.0,0.695376,0.9732209999999999,PRK,JPN,8851
1792283,179,114,1398,2004.0,127315.0,290101.0,0.705075,1.7268729999999999,PRT,JPN,8851
1792284,180,114,1398,2004.0,0.0,483419.0,-0.634469,-0.870034,PRY,JPN,8851
1792285,182,114,1398,2004.0,0.0,22467.0,-0.125349,-0.718282,PYF,JPN,8851
1792286,183,114,1398,2004.0,2062.0,921182.0,0.018141,-1.03766,QAT,JPN,8851
1792287,185,114,1398,2004.0,0.0,103866.0,0.53925,1.145066,ROU,JPN,8851
1792288,186,114,1398,2004.0,5307.0,113274.0,0.422803,0.017524,RUS,JPN,8851
1792289,188,114,1398,2004.0,3045.0,38102124.0,0.361324,-0.760732,SAU,JPN,8851
1792290,189,114,1398,2004.0,0.0,29053.0,0.544686,2.418024,SCG,JPN,8851
1792291,190,114,1398,2004.0,0.0,1333.0,-1.503552,-1.253193,SDN,JPN,8851
1792292,192,114,1398,2004.0,21911070.0,3399933.0,1.804502,0.570084,SGP,JPN,8851
1792293,205,114,1398,2004.0,0.0,17313.0,-1.056251,-1.0234590000000001,SUR,JPN,8851
1792294,206,114,1398,2004.0,0.0,257481.0,1.2683149999999999,0.9208620000000001,SVK,JPN,8851
1792295,207,114,1398,2004.0,13828.0,168067.0,1.700677,0.829765,SVN,JPN,8851
1792296,208,114,1398,2004.0,298409.0,43983.0,2.105611,0.707843,SWE,JPN,8851
1792297,209,114,1398,2004.0,53310.0,0.0,0.528937,-0.241038,SWZ,JPN,8851
1792298,211,114,1398,2004.0,0.0,12180.0,-0.585828,-0.768388,SYC,JPN,8851
1792299,212,114,1398,2004.0,0.0,41354.0,-0.698545,-0.111323,SYR,JPN,8851
1792300,216,114,1398,2004.0,35220084.0,6990426.0,0.633501,1.4648290000000002,THA,JPN,8851
1792301,222,114,1398,2004.0,0.0,106455.0,-0.108049,-0.923523,TTO,JPN,8851
1792302,223,114,1398,2004.0,0.0,22961.0,-0.125092,0.370625,TUN,JPN,8851
1792303,224,114,1398,2004.0,397639.0,1694501.0,0.249065,1.910598,TUR,JPN,8851
1792304,228,114,1398,2004.0,0.0,21907.0,0.672848,1.172735,UKR,JPN,8851
1792305,230,114,1398,2004.0,0.0,62961.0,-0.051583000000000004,0.145056,URY,JPN,8851
1792306,231,114,1398,2004.0,18668138.0,519791392.0,1.818327,-0.17913900000000002,USA,JPN,8851
1792307,234,114,1398,2004.0,0.0,2961.0,-0.706188,-0.9244120000000001,VCT,JPN,8851
1792308,236,114,1398,2004.0,0.0,249414.0,-0.41193900000000006,-0.9578899999999999,VEN,JPN,8851
1792309,239,114,1398,2004.0,139925.0,58425.0,-0.46875500000000003,0.734412,VNM,JPN,8851
1792310,241,114,1398,2004.0,0.0,1343.0,2.237209,0.203692,WLF,JPN,8851
1792311,243,114,1398,2004.0,0.0,17394.0,-1.298227,-1.2496639999999999,YEM,JPN,8851
1792312,246,114,1398,2004.0,0.0,88550.0,0.29599699999999995,1.909018,ZAF,JPN,8851
1792313,249,114,1398,2004.0,1402455.0,7837956.0,1.8844150000000002,1.257951,TWN,JPN,8851
1792314,1,121,1398,2004.0,0.0,9934.0,-0.8890309999999999,-0.773602,AFG,KOR,8851
1792315,2,121,1398,2004.0,0.0,1402.0,-0.8688110000000001,-1.198692,AGO,KOR,8851
1792316,4,121,1398,2004.0,0.0,215026.0,-0.142479,0.136074,ALB,KOR,8851
1792317,7,121,1398,2004.0,12435.0,11687061.0,-0.10993399999999999,-0.5351640000000001,ARE,KOR,8851
1792318,8,121,1398,2004.0,0.0,10240.0,-0.070845,0.879574,ARG,KOR,8851
1792319,14,121,1398,2004.0,249715.0,469552.0,-0.198735,0.81543,AUS,KOR,8851
1792320,15,121,1398,2004.0,99689.0,588608.0,1.958949,0.209296,AUT,KOR,8851
1792321,16,121,1398,2004.0,0.0,1724.0,-0.720616,-1.009692,AZE,KOR,8851
1792322,18,121,1398,2004.0,246060.0,1383.0,1.242665,1.541444,BEL,KOR,8851
1792323,19,121,1398,2004.0,0.0,111419.0,-1.422449,-1.09615,BEN,KOR,8851
1792324,22,121,1398,2004.0,16044.0,135681.0,-1.074194,-0.9392389999999999,BGD,KOR,8851
1792325,23,121,1398,2004.0,0.0,6124.0,0.390627,1.631006,BGR,KOR,8851
1792326,24,121,1398,2004.0,0.0,910448.0,-0.551237,-1.174628,BHR,KOR,8851
1792327,26,121,1398,2004.0,0.0,1883.0,0.45637,0.6154470000000001,BIH,KOR,8851
1792328,28,121,1398,2004.0,0.0,4388.0,0.9384239999999999,0.9708690000000001,BLR,KOR,8851
1792329,32,121,1398,2004.0,0.0,199979.0,0.504233,1.567879,BRA,KOR,8851
1792330,39,121,1398,2004.0,4722.0,132020.0,0.781591,1.365966,CAN,KOR,8851
1792331,41,121,1398,2004.0,56781720.0,3617669.0,2.234603,0.551975,CHE,KOR,8851
1792332,42,121,1398,2004.0,0.0,3509.0,-0.24101399999999998,-0.303103,CHL,KOR,8851
1792333,43,121,1398,2004.0,17660980.0,8164454.0,0.710603,2.017234,CHN,KOR,8851
1792334,49,121,1398,2004.0,0.0,5745.0,0.044706,0.514304,COL,KOR,8851
1792335,58,121,1398,2004.0,0.0,28417.0,0.42732200000000004,0.811763,CYP,KOR,8851
1792336,61,121,1398,2004.0,653128.0,1877485.0,2.4453099999999997,-2.331761,DEU,KOR,8851
1792337,64,121,1398,2004.0,9013.0,0.0,1.309074,1.2627979999999999,DNK,KOR,8851
1792338,67,121,1398,2004.0,0.0,1448.0,-0.990727,-0.9383090000000001,ECU,KOR,8851
1792339,68,121,1398,2004.0,0.0,77238.0,-0.35823499999999997,0.5000100000000001,EGY,KOR,8851
1792340,71,121,1398,2004.0,4608.0,1071790.0,1.04057,1.789023,ESP,KOR,8851
1792341,72,121,1398,2004.0,0.0,46040.0,0.645741,1.035117,EST,KOR,8851
1792342,73,121,1398,2004.0,0.0,4018.0,-1.202444,-0.8973120000000001,ETH,KOR,8851
1792343,74,121,1398,2004.0,140682.0,1627.0,1.9662810000000002,1.018108,FIN,KOR,8851
1792344,77,121,1398,2004.0,3399520.0,827016.0,1.57079,0.6776760000000001,FRA,KOR,8851
1792345,79,121,1398,2004.0,0.0,12105.0,-1.155942,-1.049955,FSM,KOR,8851
1792346,81,121,1398,2004.0,916778.0,1019928.0,1.872987,0.734065,GBR,KOR,8851
1792347,82,121,1398,2004.0,0.0,18270.0,-0.030676,-0.560186,GEO,KOR,8851
1792348,83,121,1398,2004.0,0.0,4740.0,-1.015073,-0.9147069999999999,GHA,KOR,8851
1792349,90,121,1398,2004.0,4401.0,352772.0,0.298029,1.745886,GRC,KOR,8851
1792350,97,121,1398,2004.0,33216692.0,33052614.0,0.72816,1.403171,HKG,KOR,8851
1792351,99,121,1398,2004.0,0.0,15891.0,-0.6372140000000001,-0.453946,HND,KOR,8851
1792352,100,121,1398,2004.0,0.0,17993.0,0.744459,1.1994479999999998,HRV,KOR,8851
1792353,102,121,1398,2004.0,0.0,22847.0,1.3579370000000002,0.9993219999999999,HUN,KOR,8851
1792354,103,121,1398,2004.0,23916.0,16771.0,0.010095999999999999,1.7413779999999999,IDN,KOR,8851
1792355,104,121,1398,2004.0,54207.0,115946.0,0.20872,2.817307,IND,KOR,8851
1792356,106,121,1398,2004.0,0.0,5211.0,1.498475,0.19050799999999998,IRL,KOR,8851
1792357,107,121,1398,2004.0,0.0,677166.0,-0.6691699999999999,-1.002548,IRN,KOR,8851
1792358,110,121,1398,2004.0,18508.0,88015.0,1.252895,0.8662770000000001,ISR,KOR,8851
1792359,111,121,1398,2004.0,1229541.0,238400.0,1.440372,0.676068,ITA,KOR,8851
1792360,112,121,1398,2004.0,0.0,42390.0,-0.505365,-0.9596120000000001,JAM,KOR,8851
1792361,113,121,1398,2004.0,0.0,38775.0,0.16384200000000002,0.34270100000000003,JOR,KOR,8851
1792362,114,121,1398,2004.0,9716033.0,11226515.0,2.756136,0.15545,JPN,KOR,8851
1792363,115,121,1398,2004.0,0.0,415608.0,-0.43987200000000004,-0.50862,KAZ,KOR,8851
1792364,116,121,1398,2004.0,0.0,1342.0,-0.565597,0.182375,KEN,KOR,8851
1792365,118,121,1398,2004.0,0.0,39878.0,-1.145227,-1.19179,KHM,KOR,8851
1792366,122,121,1398,2004.0,0.0,226739.0,-0.8195479999999999,-1.2105709999999998,KWT,KOR,8851
1792367,123,121,1398,2004.0,0.0,4679.0,-0.9964770000000001,-0.9475,LAO,KOR,8851
1792368,124,121,1398,2004.0,0.0,194766.0,0.269753,1.3152979999999999,LBN,KOR,8851
1792369,126,121,1398,2004.0,0.0,54492.0,-0.895142,-1.211141,LBY,KOR,8851
1792370,128,121,1398,2004.0,0.0,53884.0,-0.42450299999999996,0.173518,LKA,KOR,8851
1792371,130,121,1398,2004.0,0.0,125830.0,0.341521,0.7971560000000001,LTU,KOR,8851
1792372,132,121,1398,2004.0,0.0,102508.0,0.415001,0.8476809999999999,LVA,KOR,8851
1792373,134,121,1398,2004.0,0.0,93511.0,-0.626594,-0.22253499999999998,MAR,KOR,8851
1792374,135,121,1398,2004.0,0.0,11268.0,-0.13031900000000002,-0.118591,MDA,KOR,8851
1792375,138,121,1398,2004.0,0.0,245107.0,1.183707,0.9043700000000001,MEX,KOR,8851
1792376,142,121,1398,2004.0,0.0,3099.0,1.2290379999999999,-0.025372,MLT,KOR,8851
1792377,143,121,1398,2004.0,0.0,85790.0,-1.048261,-0.828443,MMR,KOR,8851
1792378,145,121,1398,2004.0,0.0,1338.0,-0.920198,-1.1059219999999998,MNG,KOR,8851
1792379,146,121,1398,2004.0,0.0,5210.0,-0.22844699999999998,-0.684888,MNP,KOR,8851
1792380,153,121,1398,2004.0,412463.0,295716.0,1.250098,0.352379,MYS,KOR,8851
1792381,157,121,1398,2004.0,0.0,10298.0,-1.102485,-0.850282,NER,KOR,8851
1792382,159,121,1398,2004.0,0.0,779410.0,-2.336753,-1.350375,NGA,KOR,8851
1792383,160,121,1398,2004.0,0.0,16108.0,-1.003846,-0.697642,NIC,KOR,8851
1792384,162,121,1398,2004.0,68174.0,49053.0,1.171327,1.6369799999999999,NLD,KOR,8851
1792385,163,121,1398,2004.0,0.0,32823.0,0.731175,-0.0655,NOR,KOR,8851
1792386,164,121,1398,2004.0,0.0,61500.0,-0.16800199999999998,0.541976,NPL,KOR,8851
1792387,166,121,1398,2004.0,0.0,26330.0,0.44099099999999997,0.968326,NZL,KOR,8851
1792388,167,121,1398,2004.0,0.0,225021.0,-0.707862,-1.187629,OMN,KOR,8851
1792389,168,121,1398,2004.0,0.0,126938.0,-0.7489600000000001,0.22493200000000002,PAK,KOR,8851
1792390,169,121,1398,2004.0,0.0,79611.0,0.054997000000000004,0.440416,PAN,KOR,8851
1792391,173,121,1398,2004.0,0.0,3500.0,-0.609837,0.13314,PER,KOR,8851
1792392,174,121,1398,2004.0,1132390.0,80809.0,0.288786,-0.25348699999999996,PHL,KOR,8851
1792393,177,121,1398,2004.0,0.0,211802.0,0.989568,1.49055,POL,KOR,8851
1792394,179,121,1398,2004.0,0.0,19684.0,0.705075,1.7268729999999999,PRT,KOR,8851
1792395,182,121,1398,2004.0,0.0,8382.0,-0.125349,-0.718282,PYF,KOR,8851
1792396,183,121,1398,2004.0,0.0,529487.0,0.018141,-1.03766,QAT,KOR,8851
1792397,185,121,1398,2004.0,0.0,45067.0,0.53925,1.145066,ROU,KOR,8851
1792398,186,121,1398,2004.0,0.0,11945741.0,0.422803,0.017524,RUS,KOR,8851
1792399,188,121,1398,2004.0,39234.0,9574607.0,0.361324,-0.760732,SAU,KOR,8851
1792400,189,121,1398,2004.0,0.0,26638.0,0.544686,2.418024,SCG,KOR,8851
1792401,192,121,1398,2004.0,3822947.0,854306.0,1.804502,0.570084,SGP,KOR,8851
1792402,206,121,1398,2004.0,0.0,20470.0,1.2683149999999999,0.9208620000000001,SVK,KOR,8851
1792403,207,121,1398,2004.0,0.0,8589.0,1.700677,0.829765,SVN,KOR,8851
1792404,208,121,1398,2004.0,41712.0,9558.0,2.105611,0.707843,SWE,KOR,8851
1792405,209,121,1398,2004.0,211866.0,232695.0,0.528937,-0.241038,SWZ,KOR,8851
1792406,212,121,1398,2004.0,0.0,172452.0,-0.698545,-0.111323,SYR,KOR,8851
1792407,216,121,1398,2004.0,175371.0,36362.0,0.633501,1.4648290000000002,THA,KOR,8851
1792408,224,121,1398,2004.0,15939.0,3522615.0,0.249065,1.910598,TUR,KOR,8851
1792409,228,121,1398,2004.0,25318.0,221717.0,0.672848,1.172735,UKR,KOR,8851
1792410,231,121,1398,2004.0,2804411.0,5899436.0,1.818327,-0.17913900000000002,USA,KOR,8851
1792411,232,121,1398,2004.0,0.0,2275.0,-0.518472,-0.7689779999999999,UZB,KOR,8851
1792412,239,121,1398,2004.0,0.0,562387.0,-0.46875500000000003,0.734412,VNM,KOR,8851
1792413,246,121,1398,2004.0,0.0,36467.0,0.29599699999999995,1.909018,ZAF,KOR,8851
1792414,249,121,1398,2004.0,314668.0,438561.0,1.8844150000000002,1.257951,TWN,KOR,8851
1792415,7,128,1398,2004.0,136279.0,0.0,-0.10993399999999999,-0.5351640000000001,ARE,LKA,8851
1792416,41,128,1398,2004.0,575796.0,0.0,2.234603,0.551975,CHE,LKA,8851
1792417,43,128,1398,2004.0,53169.0,0.0,0.710603,2.017234,CHN,LKA,8851
1792418,61,128,1398,2004.0,19412.0,15400.0,2.4453099999999997,-2.331761,DEU,LKA,8851
1792419,71,128,1398,2004.0,0.0,1633.0,1.04057,1.789023,ESP,LKA,8851
1792420,81,128,1398,2004.0,44197.0,5055.0,1.872987,0.734065,GBR,LKA,8851
1792421,97,128,1398,2004.0,818474.0,397196.0,0.72816,1.403171,HKG,LKA,8851
1792422,104,128,1398,2004.0,131732.0,0.0,0.20872,2.817307,IND,LKA,8851
1792423,111,128,1398,2004.0,2352.0,0.0,1.440372,0.676068,ITA,LKA,8851
1792424,113,128,1398,2004.0,0.0,15486.0,0.16384200000000002,0.34270100000000003,JOR,LKA,8851
1792425,114,128,1398,2004.0,59133.0,0.0,2.756136,0.15545,JPN,LKA,8851
1792426,121,128,1398,2004.0,53884.0,0.0,1.481275,0.7859,KOR,LKA,8851
1792427,137,128,1398,2004.0,0.0,3415.0,-0.44303000000000003,-0.841744,MDV,LKA,8851
1792428,174,128,1398,2004.0,4217.0,0.0,0.288786,-0.25348699999999996,PHL,LKA,8851
1792429,177,128,1398,2004.0,0.0,36327.0,0.989568,1.49055,POL,LKA,8851
1792430,183,128,1398,2004.0,0.0,1736.0,0.018141,-1.03766,QAT,LKA,8851
1792431,192,128,1398,2004.0,700336.0,0.0,1.804502,0.570084,SGP,LKA,8851
1792432,216,128,1398,2004.0,2084.0,0.0,0.633501,1.4648290000000002,THA,LKA,8851
1792433,249,128,1398,2004.0,8541.0,0.0,1.8844150000000002,1.257951,TWN,LKA,8851
1792434,6,131,1398,2004.0,0.0,4276.0,0.080304,-0.634516,ANT,LUX,8851
1792435,15,131,1398,2004.0,145808.0,19231.0,1.958949,0.209296,AUT,LUX,8851
1792436,18,131,1398,2004.0,12646139.0,3418662.0,1.242665,1.541444,BEL,LUX,8851
1792437,23,131,1398,2004.0,1475.0,1882.0,0.390627,1.631006,BGR,LUX,8851
1792438,24,131,1398,2004.0,0.0,76534.0,-0.551237,-1.174628,BHR,LUX,8851
1792439,39,131,1398,2004.0,7332.0,1681.0,0.781591,1.365966,CAN,LUX,8851
1792440,41,131,1398,2004.0,5081620.0,18773.0,2.234603,0.551975,CHE,LUX,8851
1792441,43,131,1398,2004.0,7226.0,4283.0,0.710603,2.017234,CHN,LUX,8851
1792442,59,131,1398,2004.0,0.0,4320.0,1.612543,0.607495,CZE,LUX,8851
1792443,61,131,1398,2004.0,1298370.0,43117.0,2.4453099999999997,-2.331761,DEU,LUX,8851
1792444,64,131,1398,2004.0,3324.0,0.0,1.309074,1.2627979999999999,DNK,LUX,8851
1792445,68,131,1398,2004.0,0.0,2273.0,-0.35823499999999997,0.5000100000000001,EGY,LUX,8851
1792446,71,131,1398,2004.0,11404.0,0.0,1.04057,1.789023,ESP,LUX,8851
1792447,77,131,1398,2004.0,1463988.0,255210.0,1.57079,0.6776760000000001,FRA,LUX,8851
1792448,81,131,1398,2004.0,75636.0,64595.0,1.872987,0.734065,GBR,LUX,8851
1792449,90,131,1398,2004.0,0.0,1301.0,0.298029,1.745886,GRC,LUX,8851
1792450,97,131,1398,2004.0,965900.0,57732.0,0.72816,1.403171,HKG,LUX,8851
1792451,110,131,1398,2004.0,2294.0,0.0,1.252895,0.8662770000000001,ISR,LUX,8851
1792452,111,131,1398,2004.0,82749.0,1926806.0,1.440372,0.676068,ITA,LUX,8851
1792453,114,131,1398,2004.0,5629.0,0.0,2.756136,0.15545,JPN,LUX,8851
1792454,138,131,1398,2004.0,0.0,7792.0,1.183707,0.9043700000000001,MEX,LUX,8851
1792455,153,131,1398,2004.0,0.0,205422.0,1.250098,0.352379,MYS,LUX,8851
1792456,162,131,1398,2004.0,269176.0,37769.0,1.171327,1.6369799999999999,NLD,LUX,8851
1792457,179,131,1398,2004.0,3039.0,0.0,0.705075,1.7268729999999999,PRT,LUX,8851
1792458,192,131,1398,2004.0,0.0,1641720.0,1.804502,0.570084,SGP,LUX,8851
1792459,208,131,1398,2004.0,4712.0,0.0,2.105611,0.707843,SWE,LUX,8851
1792460,223,131,1398,2004.0,0.0,93280.0,-0.125092,0.370625,TUN,LUX,8851
1792461,224,131,1398,2004.0,3031.0,0.0,0.249065,1.910598,TUR,LUX,8851
1792462,231,131,1398,2004.0,353066.0,3505.0,1.818327,-0.17913900000000002,USA,LUX,8851
1792463,249,131,1398,2004.0,2340.0,0.0,1.8844150000000002,1.257951,TWN,LUX,8851
1792464,8,138,1398,2004.0,0.0,13098.0,-0.070845,0.879574,ARG,MEX,8851
1792465,15,138,1398,2004.0,2674.0,0.0,1.958949,0.209296,AUT,MEX,8851
1792466,18,138,1398,2004.0,26396.0,0.0,1.242665,1.541444,BEL,MEX,8851
1792467,25,138,1398,2004.0,0.0,3253.0,0.029548,-0.692239,BHS,MEX,8851
1792468,29,138,1398,2004.0,2481.0,90911.0,-0.528459,-0.739219,BLZ,MEX,8851
1792469,32,138,1398,2004.0,5066.0,0.0,0.504233,1.567879,BRA,MEX,8851
1792470,39,138,1398,2004.0,51861.0,5550.0,0.781591,1.365966,CAN,MEX,8851
1792471,41,138,1398,2004.0,70935240.0,554509.0,2.234603,0.551975,CHE,MEX,8851
1792472,42,138,1398,2004.0,15308.0,128223.0,-0.24101399999999998,-0.303103,CHL,MEX,8851
1792473,43,138,1398,2004.0,4938300.0,0.0,0.710603,2.017234,CHN,MEX,8851
1792474,49,138,1398,2004.0,19830.0,24211.0,0.044706,0.514304,COL,MEX,8851
1792475,52,138,1398,2004.0,0.0,323844.0,-0.036323,-0.313847,CRI,MEX,8851
1792476,61,138,1398,2004.0,1034108.0,400853.0,2.4453099999999997,-2.331761,DEU,MEX,8851
1792477,64,138,1398,2004.0,33269.0,0.0,1.309074,1.2627979999999999,DNK,MEX,8851
1792478,65,138,1398,2004.0,2119.0,72359.0,-0.24909699999999999,-0.326783,DOM,MEX,8851
1792479,67,138,1398,2004.0,0.0,34517.0,-0.990727,-0.9383090000000001,ECU,MEX,8851
1792480,71,138,1398,2004.0,812959.0,4596.0,1.04057,1.789023,ESP,MEX,8851
1792481,74,138,1398,2004.0,253755.0,0.0,1.9662810000000002,1.018108,FIN,MEX,8851
1792482,77,138,1398,2004.0,814666.0,0.0,1.57079,0.6776760000000001,FRA,MEX,8851
1792483,81,138,1398,2004.0,28304.0,104356.0,1.872987,0.734065,GBR,MEX,8851
1792484,93,138,1398,2004.0,16266.0,326289.0,-0.39399,0.139128,GTM,MEX,8851
1792485,97,138,1398,2004.0,11915597.0,257869.0,0.72816,1.403171,HKG,MEX,8851
1792486,99,138,1398,2004.0,0.0,54532.0,-0.6372140000000001,-0.453946,HND,MEX,8851
1792487,101,138,1398,2004.0,1399.0,0.0,-0.919434,-0.9868950000000001,HTI,MEX,8851
1792488,103,138,1398,2004.0,7700.0,0.0,0.010095999999999999,1.7413779999999999,IDN,MEX,8851
1792489,104,138,1398,2004.0,6168.0,0.0,0.20872,2.817307,IND,MEX,8851
1792490,106,138,1398,2004.0,20316.0,0.0,1.498475,0.19050799999999998,IRL,MEX,8851
1792491,110,138,1398,2004.0,192065.0,0.0,1.252895,0.8662770000000001,ISR,MEX,8851
1792492,111,138,1398,2004.0,1612888.0,2231.0,1.440372,0.676068,ITA,MEX,8851
1792493,114,138,1398,2004.0,5832450.0,24038.0,2.756136,0.15545,JPN,MEX,8851
1792494,121,138,1398,2004.0,245107.0,0.0,1.481275,0.7859,KOR,MEX,8851
1792495,131,138,1398,2004.0,7792.0,0.0,1.258828,1.079923,LUX,MEX,8851
1792496,136,138,1398,2004.0,4963.0,0.0,-1.1010799999999998,-0.7367859999999999,MDG,MEX,8851
1792497,153,138,1398,2004.0,73526.0,3069.0,1.250098,0.352379,MYS,MEX,8851
1792498,160,138,1398,2004.0,0.0,7380.0,-1.003846,-0.697642,NIC,MEX,8851
1792499,162,138,1398,2004.0,6918.0,0.0,1.171327,1.6369799999999999,NLD,MEX,8851
1792500,169,138,1398,2004.0,12956.0,1556842.0,0.054997000000000004,0.440416,PAN,MEX,8851
1792501,173,138,1398,2004.0,3819.0,76859.0,-0.609837,0.13314,PER,MEX,8851
1792502,174,138,1398,2004.0,2051836.0,22164.0,0.288786,-0.25348699999999996,PHL,MEX,8851
1792503,179,138,1398,2004.0,1567.0,0.0,0.705075,1.7268729999999999,PRT,MEX,8851
1792504,192,138,1398,2004.0,2447.0,0.0,1.804502,0.570084,SGP,MEX,8851
1792505,197,138,1398,2004.0,2367.0,106310.0,-0.21054299999999998,0.086382,SLV,MEX,8851
1792506,208,138,1398,2004.0,19498.0,0.0,2.105611,0.707843,SWE,MEX,8851
1792507,216,138,1398,2004.0,1566726.0,0.0,0.633501,1.4648290000000002,THA,MEX,8851
1792508,230,138,1398,2004.0,24417.0,118648.0,-0.051583000000000004,0.145056,URY,MEX,8851
1792509,231,138,1398,2004.0,28645774.0,1231162.0,1.818327,-0.17913900000000002,USA,MEX,8851
1792510,236,138,1398,2004.0,0.0,33863.0,-0.41193900000000006,-0.9578899999999999,VEN,MEX,8851
1792511,249,138,1398,2004.0,77223.0,0.0,1.8844150000000002,1.257951,TWN,MEX,8851
1792512,250,138,1398,2004.0,0.0,800237.0,0.46240200000000004,-0.406624,ANS,MEX,8851
1792513,7,153,1398,2004.0,18087.0,2387.0,-0.10993399999999999,-0.5351640000000001,ARE,MYS,8851
1792514,8,153,1398,2004.0,0.0,70238.0,-0.070845,0.879574,ARG,MYS,8851
1792515,14,153,1398,2004.0,212010.0,156989.0,-0.198735,0.81543,AUS,MYS,8851
1792516,15,153,1398,2004.0,59618.0,7378.0,1.958949,0.209296,AUT,MYS,8851
1792517,18,153,1398,2004.0,54712.0,2031.0,1.242665,1.541444,BEL,MYS,8851
1792518,22,153,1398,2004.0,0.0,1781.0,-1.074194,-0.9392389999999999,BGD,MYS,8851
1792519,24,153,1398,2004.0,0.0,30108.0,-0.551237,-1.174628,BHR,MYS,8851
1792520,32,153,1398,2004.0,0.0,129097.0,0.504233,1.567879,BRA,MYS,8851
1792521,34,153,1398,2004.0,0.0,843953.0,-0.720827,-0.964435,BRN,MYS,8851
1792522,39,153,1398,2004.0,8197.0,190546.0,0.781591,1.365966,CAN,MYS,8851
1792523,41,153,1398,2004.0,22564186.0,2166864.0,2.234603,0.551975,CHE,MYS,8851
1792524,43,153,1398,2004.0,9564873.0,10519138.0,0.710603,2.017234,CHN,MYS,8851
1792525,59,153,1398,2004.0,2436.0,0.0,1.612543,0.607495,CZE,MYS,8851
1792526,61,153,1398,2004.0,443921.0,1727915.0,2.4453099999999997,-2.331761,DEU,MYS,8851
1792527,64,153,1398,2004.0,30538.0,8523.0,1.309074,1.2627979999999999,DNK,MYS,8851
1792528,67,153,1398,2004.0,0.0,22104.0,-0.990727,-0.9383090000000001,ECU,MYS,8851
1792529,71,153,1398,2004.0,90165.0,462736.0,1.04057,1.789023,ESP,MYS,8851
1792530,72,153,1398,2004.0,0.0,1263.0,0.645741,1.035117,EST,MYS,8851
1792531,74,153,1398,2004.0,323403.0,0.0,1.9662810000000002,1.018108,FIN,MYS,8851
1792532,77,153,1398,2004.0,658827.0,325797.0,1.57079,0.6776760000000001,FRA,MYS,8851
1792533,81,153,1398,2004.0,791907.0,1794581.0,1.872987,0.734065,GBR,MYS,8851
1792534,90,153,1398,2004.0,0.0,39393.0,0.298029,1.745886,GRC,MYS,8851
1792535,97,153,1398,2004.0,45562524.0,13434002.0,0.72816,1.403171,HKG,MYS,8851
1792536,100,153,1398,2004.0,0.0,14303.0,0.744459,1.1994479999999998,HRV,MYS,8851
1792537,102,153,1398,2004.0,4752.0,258297.0,1.3579370000000002,0.9993219999999999,HUN,MYS,8851
1792538,103,153,1398,2004.0,634561.0,380642.0,0.010095999999999999,1.7413779999999999,IDN,MYS,8851
1792539,104,153,1398,2004.0,1127804.0,1294.0,0.20872,2.817307,IND,MYS,8851
1792540,106,153,1398,2004.0,2446.0,104325.0,1.498475,0.19050799999999998,IRL,MYS,8851
1792541,111,153,1398,2004.0,142184.0,87698.0,1.440372,0.676068,ITA,MYS,8851
1792542,114,153,1398,2004.0,6936684.0,11932492.0,2.756136,0.15545,JPN,MYS,8851
1792543,116,153,1398,2004.0,0.0,4164.0,-0.565597,0.182375,KEN,MYS,8851
1792544,118,153,1398,2004.0,0.0,11317.0,-1.145227,-1.19179,KHM,MYS,8851
1792545,121,153,1398,2004.0,295716.0,412463.0,1.481275,0.7859,KOR,MYS,8851
1792546,124,153,1398,2004.0,0.0,4616.0,0.269753,1.3152979999999999,LBN,MYS,8851
1792547,131,153,1398,2004.0,205422.0,0.0,1.258828,1.079923,LUX,MYS,8851
1792548,133,153,1398,2004.0,0.0,69423.0,-0.12333599999999999,-0.600164,MAC,MYS,8851
1792549,137,153,1398,2004.0,0.0,13969.0,-0.44303000000000003,-0.841744,MDV,MYS,8851
1792550,138,153,1398,2004.0,3069.0,73526.0,1.183707,0.9043700000000001,MEX,MYS,8851
1792551,151,153,1398,2004.0,0.0,1882.0,-0.161262,-0.29730300000000004,MUS,MYS,8851
1792552,159,153,1398,2004.0,0.0,19773.0,-2.336753,-1.350375,NGA,MYS,8851
1792553,162,153,1398,2004.0,11876.0,827535.0,1.171327,1.6369799999999999,NLD,MYS,8851
1792554,163,153,1398,2004.0,0.0,5474.0,0.731175,-0.0655,NOR,MYS,8851
1792555,166,153,1398,2004.0,0.0,101029.0,0.44099099999999997,0.968326,NZL,MYS,8851
1792556,167,153,1398,2004.0,0.0,64289.0,-0.707862,-1.187629,OMN,MYS,8851
1792557,168,153,1398,2004.0,7633.0,0.0,-0.7489600000000001,0.22493200000000002,PAK,MYS,8851
1792558,173,153,1398,2004.0,0.0,30325.0,-0.609837,0.13314,PER,MYS,8851
1792559,174,153,1398,2004.0,305032.0,177350.0,0.288786,-0.25348699999999996,PHL,MYS,8851
1792560,176,153,1398,2004.0,0.0,24154.0,-1.57259,-1.215066,PNG,MYS,8851
1792561,177,153,1398,2004.0,1804.0,21134.0,0.989568,1.49055,POL,MYS,8851
1792562,179,153,1398,2004.0,0.0,7009.0,0.705075,1.7268729999999999,PRT,MYS,8851
1792563,182,153,1398,2004.0,0.0,12532.0,-0.125349,-0.718282,PYF,MYS,8851
1792564,183,153,1398,2004.0,0.0,127742.0,0.018141,-1.03766,QAT,MYS,8851
1792565,185,153,1398,2004.0,0.0,3322.0,0.53925,1.145066,ROU,MYS,8851
1792566,188,153,1398,2004.0,0.0,1524568.0,0.361324,-0.760732,SAU,MYS,8851
1792567,192,153,1398,2004.0,102250368.0,41618636.0,1.804502,0.570084,SGP,MYS,8851
1792568,207,153,1398,2004.0,0.0,7269.0,1.700677,0.829765,SVN,MYS,8851
1792569,208,153,1398,2004.0,14315.0,18023.0,2.105611,0.707843,SWE,MYS,8851
1792570,209,153,1398,2004.0,0.0,11815.0,0.528937,-0.241038,SWZ,MYS,8851
1792571,216,153,1398,2004.0,8430634.0,219063.0,0.633501,1.4648290000000002,THA,MYS,8851
1792572,223,153,1398,2004.0,0.0,2039.0,-0.125092,0.370625,TUN,MYS,8851
1792573,224,153,1398,2004.0,0.0,258465.0,0.249065,1.910598,TUR,MYS,8851
1792574,230,153,1398,2004.0,0.0,8277.0,-0.051583000000000004,0.145056,URY,MYS,8851
1792575,231,153,1398,2004.0,1189810.0,7633827.0,1.818327,-0.17913900000000002,USA,MYS,8851
1792576,236,153,1398,2004.0,0.0,341796.0,-0.41193900000000006,-0.9578899999999999,VEN,MYS,8851
1792577,239,153,1398,2004.0,0.0,9658.0,-0.46875500000000003,0.734412,VNM,MYS,8851
1792578,246,153,1398,2004.0,0.0,50210.0,0.29599699999999995,1.909018,ZAF,MYS,8851
1792579,249,153,1398,2004.0,785227.0,659789.0,1.8844150000000002,1.257951,TWN,MYS,8851
1792580,0,162,1398,2004.0,6138.0,14929.0,0.074978,-0.8537239999999999,ABW,NLD,8851
1792581,1,162,1398,2004.0,0.0,11197.0,-0.8890309999999999,-0.773602,AFG,NLD,8851
1792582,2,162,1398,2004.0,0.0,44788.0,-0.8688110000000001,-1.198692,AGO,NLD,8851
1792583,6,162,1398,2004.0,16412.0,286143.0,0.080304,-0.634516,ANT,NLD,8851
1792584,7,162,1398,2004.0,11252.0,785522.0,-0.10993399999999999,-0.5351640000000001,ARE,NLD,8851
1792585,8,162,1398,2004.0,2396.0,2282.0,-0.070845,0.879574,ARG,NLD,8851
1792586,14,162,1398,2004.0,24062.0,184928.0,-0.198735,0.81543,AUS,NLD,8851
1792587,15,162,1398,2004.0,1774690.0,243054.0,1.958949,0.209296,AUT,NLD,8851
1792588,17,162,1398,2004.0,0.0,7119.0,-1.084376,-1.020132,BDI,NLD,8851
1792589,18,162,1398,2004.0,6736624.0,4228698.0,1.242665,1.541444,BEL,NLD,8851
1792590,19,162,1398,2004.0,0.0,13403.0,-1.422449,-1.09615,BEN,NLD,8851
1792591,23,162,1398,2004.0,3553.0,17045.0,0.390627,1.631006,BGR,NLD,8851
1792592,24,162,1398,2004.0,0.0,7962.0,-0.551237,-1.174628,BHR,NLD,8851
1792593,26,162,1398,2004.0,0.0,1450.0,0.45637,0.6154470000000001,BIH,NLD,8851
1792594,32,162,1398,2004.0,3637.0,19712.0,0.504233,1.567879,BRA,NLD,8851
1792595,39,162,1398,2004.0,23658.0,434834.0,0.781591,1.365966,CAN,NLD,8851
1792596,41,162,1398,2004.0,73228896.0,13112107.0,2.234603,0.551975,CHE,NLD,8851
1792597,42,162,1398,2004.0,0.0,19223.0,-0.24101399999999998,-0.303103,CHL,NLD,8851
1792598,43,162,1398,2004.0,11996660.0,54297.0,0.710603,2.017234,CHN,NLD,8851
1792599,45,162,1398,2004.0,0.0,3871.0,-1.380149,-1.220501,CMR,NLD,8851
1792600,49,162,1398,2004.0,0.0,1589.0,0.044706,0.514304,COL,NLD,8851
1792601,52,162,1398,2004.0,0.0,6254.0,-0.036323,-0.313847,CRI,NLD,8851
1792602,54,162,1398,2004.0,0.0,1265.0,-0.16826,-0.644388,CUB,NLD,8851
1792603,58,162,1398,2004.0,15314.0,5082.0,0.42732200000000004,0.811763,CYP,NLD,8851
1792604,59,162,1398,2004.0,2106.0,247410.0,1.612543,0.607495,CZE,NLD,8851
1792605,61,162,1398,2004.0,19367202.0,3575522.0,2.4453099999999997,-2.331761,DEU,NLD,8851
1792606,64,162,1398,2004.0,496198.0,2897050.0,1.309074,1.2627979999999999,DNK,NLD,8851
1792607,66,162,1398,2004.0,0.0,8070.0,-1.166661,-1.2240879999999998,DZA,NLD,8851
1792608,67,162,1398,2004.0,1158.0,10029.0,-0.990727,-0.9383090000000001,ECU,NLD,8851
1792609,68,162,1398,2004.0,1201.0,10171.0,-0.35823499999999997,0.5000100000000001,EGY,NLD,8851
1792610,71,162,1398,2004.0,1241352.0,861266.0,1.04057,1.789023,ESP,NLD,8851
1792611,72,162,1398,2004.0,0.0,51065.0,0.645741,1.035117,EST,NLD,8851
1792612,74,162,1398,2004.0,140166.0,765579.0,1.9662810000000002,1.018108,FIN,NLD,8851
1792613,77,162,1398,2004.0,3725664.0,1525311.0,1.57079,0.6776760000000001,FRA,NLD,8851
1792614,81,162,1398,2004.0,1752962.0,1108193.0,1.872987,0.734065,GBR,NLD,8851
1792615,82,162,1398,2004.0,0.0,24359.0,-0.030676,-0.560186,GEO,NLD,8851
1792616,90,162,1398,2004.0,13123.0,168606.0,0.298029,1.745886,GRC,NLD,8851
1792617,97,162,1398,2004.0,30870246.0,3177206.0,0.72816,1.403171,HKG,NLD,8851
1792618,100,162,1398,2004.0,1047.0,43897.0,0.744459,1.1994479999999998,HRV,NLD,8851
1792619,102,162,1398,2004.0,6301.0,224923.0,1.3579370000000002,0.9993219999999999,HUN,NLD,8851
1792620,103,162,1398,2004.0,0.0,4288.0,0.010095999999999999,1.7413779999999999,IDN,NLD,8851
1792621,104,162,1398,2004.0,63207.0,44027.0,0.20872,2.817307,IND,NLD,8851
1792622,106,162,1398,2004.0,0.0,1035405.0,1.498475,0.19050799999999998,IRL,NLD,8851
1792623,109,162,1398,2004.0,5918.0,687616.0,0.107901,-0.41223699999999996,ISL,NLD,8851
1792624,110,162,1398,2004.0,64818.0,212601.0,1.252895,0.8662770000000001,ISR,NLD,8851
1792625,111,162,1398,2004.0,5562450.0,1470814.0,1.440372,0.676068,ITA,NLD,8851
1792626,113,162,1398,2004.0,7326.0,0.0,0.16384200000000002,0.34270100000000003,JOR,NLD,8851
1792627,114,162,1398,2004.0,1145934.0,222992.0,2.756136,0.15545,JPN,NLD,8851
1792628,115,162,1398,2004.0,0.0,1118.0,-0.43987200000000004,-0.50862,KAZ,NLD,8851
1792629,116,162,1398,2004.0,0.0,1025.0,-0.565597,0.182375,KEN,NLD,8851
1792630,121,162,1398,2004.0,49053.0,68174.0,1.481275,0.7859,KOR,NLD,8851
1792631,122,162,1398,2004.0,0.0,2315.0,-0.8195479999999999,-1.2105709999999998,KWT,NLD,8851
1792632,124,162,1398,2004.0,0.0,1179.0,0.269753,1.3152979999999999,LBN,NLD,8851
1792633,126,162,1398,2004.0,0.0,2488.0,-0.895142,-1.211141,LBY,NLD,8851
1792634,130,162,1398,2004.0,0.0,37915.0,0.341521,0.7971560000000001,LTU,NLD,8851
1792635,131,162,1398,2004.0,37769.0,269176.0,1.258828,1.079923,LUX,NLD,8851
1792636,132,162,1398,2004.0,1808.0,36767.0,0.415001,0.8476809999999999,LVA,NLD,8851
1792637,134,162,1398,2004.0,0.0,2058.0,-0.626594,-0.22253499999999998,MAR,NLD,8851
1792638,135,162,1398,2004.0,1017.0,0.0,-0.13031900000000002,-0.118591,MDA,NLD,8851
1792639,138,162,1398,2004.0,0.0,6918.0,1.183707,0.9043700000000001,MEX,NLD,8851
1792640,142,162,1398,2004.0,0.0,15099.0,1.2290379999999999,-0.025372,MLT,NLD,8851
1792641,151,162,1398,2004.0,0.0,1455.0,-0.161262,-0.29730300000000004,MUS,NLD,8851
1792642,153,162,1398,2004.0,827535.0,11876.0,1.250098,0.352379,MYS,NLD,8851
1792643,156,162,1398,2004.0,0.0,1745.0,-0.279566,-0.860456,NCL,NLD,8851
1792644,159,162,1398,2004.0,1073.0,36328.0,-2.336753,-1.350375,NGA,NLD,8851
1792645,163,162,1398,2004.0,122620.0,496258.0,0.731175,-0.0655,NOR,NLD,8851
1792646,166,162,1398,2004.0,14235.0,21472.0,0.44099099999999997,0.968326,NZL,NLD,8851
1792647,167,162,1398,2004.0,0.0,45861.0,-0.707862,-1.187629,OMN,NLD,8851
1792648,169,162,1398,2004.0,0.0,7588.0,0.054997000000000004,0.440416,PAN,NLD,8851
1792649,173,162,1398,2004.0,0.0,10725.0,-0.609837,0.13314,PER,NLD,8851
1792650,174,162,1398,2004.0,135189.0,1138.0,0.288786,-0.25348699999999996,PHL,NLD,8851
1792651,177,162,1398,2004.0,10557.0,196248.0,0.989568,1.49055,POL,NLD,8851
1792652,179,162,1398,2004.0,1657.0,752516.0,0.705075,1.7268729999999999,PRT,NLD,8851
1792653,183,162,1398,2004.0,0.0,6648.0,0.018141,-1.03766,QAT,NLD,8851
1792654,185,162,1398,2004.0,0.0,214033.0,0.53925,1.145066,ROU,NLD,8851
1792655,186,162,1398,2004.0,33346.0,986458.0,0.422803,0.017524,RUS,NLD,8851
1792656,187,162,1398,2004.0,0.0,1356.0,-1.3090190000000002,-1.063632,RWA,NLD,8851
1792657,188,162,1398,2004.0,3078.0,46231.0,0.361324,-0.760732,SAU,NLD,8851
1792658,189,162,1398,2004.0,0.0,57732.0,0.544686,2.418024,SCG,NLD,8851
1792659,191,162,1398,2004.0,0.0,31433.0,-0.620158,-0.296575,SEN,NLD,8851
1792660,192,162,1398,2004.0,48885.0,492248.0,1.804502,0.570084,SGP,NLD,8851
1792661,196,162,1398,2004.0,0.0,14929.0,0.43205699999999997,0.068877,SLE,NLD,8851
1792662,203,162,1398,2004.0,0.0,1012.0,0.49046999999999996,0.019015999999999998,STP,NLD,8851
1792663,205,162,1398,2004.0,0.0,32901.0,-1.056251,-1.0234590000000001,SUR,NLD,8851
1792664,206,162,1398,2004.0,0.0,82086.0,1.2683149999999999,0.9208620000000001,SVK,NLD,8851
1792665,207,162,1398,2004.0,2182.0,98763.0,1.700677,0.829765,SVN,NLD,8851
1792666,208,162,1398,2004.0,345629.0,1793784.0,2.105611,0.707843,SWE,NLD,8851
1792667,209,162,1398,2004.0,1943.0,0.0,0.528937,-0.241038,SWZ,NLD,8851
1792668,216,162,1398,2004.0,181912.0,51088.0,0.633501,1.4648290000000002,THA,NLD,8851
1792669,217,162,1398,2004.0,0.0,18661.0,-0.805571,-1.077194,TJK,NLD,8851
1792670,222,162,1398,2004.0,0.0,1304.0,-0.108049,-0.923523,TTO,NLD,8851
1792671,224,162,1398,2004.0,20566.0,49472.0,0.249065,1.910598,TUR,NLD,8851
1792672,228,162,1398,2004.0,0.0,226868.0,0.672848,1.172735,UKR,NLD,8851
1792673,230,162,1398,2004.0,0.0,4606.0,-0.051583000000000004,0.145056,URY,NLD,8851
1792674,231,162,1398,2004.0,2245336.0,917384.0,1.818327,-0.17913900000000002,USA,NLD,8851
1792675,236,162,1398,2004.0,0.0,2804.0,-0.41193900000000006,-0.9578899999999999,VEN,NLD,8851
1792676,246,162,1398,2004.0,3211.0,335956.0,0.29599699999999995,1.909018,ZAF,NLD,8851
1792677,248,162,1398,2004.0,0.0,12386.0,-0.44064799999999993,0.01704,ZWE,NLD,8851
1792678,249,162,1398,2004.0,324523.0,89812.0,1.8844150000000002,1.257951,TWN,NLD,8851
1792679,250,162,1398,2004.0,27610.0,2029.0,0.46240200000000004,-0.406624,ANS,NLD,8851
1792680,10,166,1398,2004.0,0.0,5770.0,1.0764479999999998,0.678424,ASM,NZL,8851
1792681,14,166,1398,2004.0,8268435.0,1430634.0,-0.198735,0.81543,AUS,NZL,8851
1792682,15,166,1398,2004.0,2790.0,4527.0,1.958949,0.209296,AUT,NZL,8851
1792683,23,166,1398,2004.0,2134.0,0.0,0.390627,1.631006,BGR,NZL,8851
1792684,39,166,1398,2004.0,2541.0,0.0,0.781591,1.365966,CAN,NZL,8851
1792685,41,166,1398,2004.0,6693675.0,28854.0,2.234603,0.551975,CHE,NZL,8851
1792686,43,166,1398,2004.0,1305189.0,0.0,0.710603,2.017234,CHN,NZL,8851
1792687,48,166,1398,2004.0,0.0,33808.0,0.24186799999999997,-0.599005,COK,NZL,8851
1792688,58,166,1398,2004.0,6096.0,0.0,0.42732200000000004,0.811763,CYP,NZL,8851
1792689,61,166,1398,2004.0,28663.0,6802.0,2.4453099999999997,-2.331761,DEU,NZL,8851
1792690,64,166,1398,2004.0,3015.0,4328.0,1.309074,1.2627979999999999,DNK,NZL,8851
1792691,71,166,1398,2004.0,18462.0,3746.0,1.04057,1.789023,ESP,NZL,8851
1792692,74,166,1398,2004.0,23871.0,11895.0,1.9662810000000002,1.018108,FIN,NZL,8851
1792693,75,166,1398,2004.0,2425.0,132171.0,-0.793333,-0.27460100000000004,FJI,NZL,8851
1792694,77,166,1398,2004.0,190096.0,0.0,1.57079,0.6776760000000001,FRA,NZL,8851
1792695,81,166,1398,2004.0,315100.0,42557.0,1.872987,0.734065,GBR,NZL,8851
1792696,97,166,1398,2004.0,2922612.0,133539.0,0.72816,1.403171,HKG,NZL,8851
1792697,103,166,1398,2004.0,5906.0,0.0,0.010095999999999999,1.7413779999999999,IDN,NZL,8851
1792698,104,166,1398,2004.0,1188.0,0.0,0.20872,2.817307,IND,NZL,8851
1792699,111,166,1398,2004.0,64618.0,0.0,1.440372,0.676068,ITA,NZL,8851
1792700,114,166,1398,2004.0,1918890.0,7199.0,2.756136,0.15545,JPN,NZL,8851
1792701,121,166,1398,2004.0,26330.0,0.0,1.481275,0.7859,KOR,NZL,8851
1792702,153,166,1398,2004.0,101029.0,0.0,1.250098,0.352379,MYS,NZL,8851
1792703,156,166,1398,2004.0,0.0,95058.0,-0.279566,-0.860456,NCL,NZL,8851
1792704,158,166,1398,2004.0,0.0,29318.0,1.2421200000000001,-0.40618899999999997,NFK,NZL,8851
1792705,162,166,1398,2004.0,21472.0,14235.0,1.171327,1.6369799999999999,NLD,NZL,8851
1792706,174,166,1398,2004.0,180345.0,15172.0,0.288786,-0.25348699999999996,PHL,NZL,8851
1792707,182,166,1398,2004.0,0.0,13963.0,-0.125349,-0.718282,PYF,NZL,8851
1792708,186,166,1398,2004.0,11642.0,0.0,0.422803,0.017524,RUS,NZL,8851
1792709,188,166,1398,2004.0,0.0,62035.0,0.361324,-0.760732,SAU,NZL,8851
1792710,192,166,1398,2004.0,552033.0,352874.0,1.804502,0.570084,SGP,NZL,8851
1792711,208,166,1398,2004.0,12250.0,1029.0,2.105611,0.707843,SWE,NZL,8851
1792712,216,166,1398,2004.0,824214.0,7890.0,0.633501,1.4648290000000002,THA,NZL,8851
1792713,221,166,1398,2004.0,0.0,2547.0,-0.431874,-0.8715629999999999,TON,NZL,8851
1792714,231,166,1398,2004.0,511446.0,66100.0,1.818327,-0.17913900000000002,USA,NZL,8851
1792715,240,166,1398,2004.0,0.0,58048.0,-1.284054,-1.0415809999999999,VUT,NZL,8851
1792716,242,166,1398,2004.0,0.0,7868.0,-0.183327,-0.6788569999999999,WSM,NZL,8851
1792717,249,166,1398,2004.0,39432.0,0.0,1.8844150000000002,1.257951,TWN,NZL,8851
1792718,250,166,1398,2004.0,2106.0,0.0,0.46240200000000004,-0.406624,ANS,NZL,8851
1792719,8,169,1398,2004.0,49349.0,0.0,-0.070845,0.879574,ARG,PAN,8851
1792720,14,169,1398,2004.0,5044.0,0.0,-0.198735,0.81543,AUS,PAN,8851
1792721,15,169,1398,2004.0,10598.0,0.0,1.958949,0.209296,AUT,PAN,8851
1792722,18,169,1398,2004.0,0.0,22897.0,1.242665,1.541444,BEL,PAN,8851
1792723,31,169,1398,2004.0,19827.0,16321.0,-0.841087,-0.770059,BOL,PAN,8851
1792724,32,169,1398,2004.0,100511.0,0.0,0.504233,1.567879,BRA,PAN,8851
1792725,41,169,1398,2004.0,41925936.0,352487.0,2.234603,0.551975,CHE,PAN,8851
1792726,42,169,1398,2004.0,0.0,371529.0,-0.24101399999999998,-0.303103,CHL,PAN,8851
1792727,43,169,1398,2004.0,10610779.0,0.0,0.710603,2.017234,CHN,PAN,8851
1792728,49,169,1398,2004.0,3084.0,100484.0,0.044706,0.514304,COL,PAN,8851
1792729,52,169,1398,2004.0,2351.0,289240.0,-0.036323,-0.313847,CRI,PAN,8851
1792730,54,169,1398,2004.0,0.0,8322.0,-0.16826,-0.644388,CUB,PAN,8851
1792731,61,169,1398,2004.0,804556.0,15573.0,2.4453099999999997,-2.331761,DEU,PAN,8851
1792732,65,169,1398,2004.0,0.0,21533.0,-0.24909699999999999,-0.326783,DOM,PAN,8851
1792733,67,169,1398,2004.0,0.0,177363.0,-0.990727,-0.9383090000000001,ECU,PAN,8851
1792734,71,169,1398,2004.0,2084292.0,103282.0,1.04057,1.789023,ESP,PAN,8851
1792735,74,169,1398,2004.0,11681.0,0.0,1.9662810000000002,1.018108,FIN,PAN,8851
1792736,77,169,1398,2004.0,804629.0,31714.0,1.57079,0.6776760000000001,FRA,PAN,8851
1792737,81,169,1398,2004.0,1078.0,1463.0,1.872987,0.734065,GBR,PAN,8851
1792738,93,169,1398,2004.0,213578.0,1138894.0,-0.39399,0.139128,GTM,PAN,8851
1792739,96,169,1398,2004.0,0.0,1812.0,-0.932802,-0.9846530000000001,GUY,PAN,8851
1792740,97,169,1398,2004.0,56301260.0,123088.0,0.72816,1.403171,HKG,PAN,8851
1792741,99,169,1398,2004.0,1423.0,461607.0,-0.6372140000000001,-0.453946,HND,PAN,8851
1792742,110,169,1398,2004.0,42843.0,85016.0,1.252895,0.8662770000000001,ISR,PAN,8851
1792743,111,169,1398,2004.0,911711.0,0.0,1.440372,0.676068,ITA,PAN,8851
1792744,112,169,1398,2004.0,9314.0,58353.0,-0.505365,-0.9596120000000001,JAM,PAN,8851
1792745,114,169,1398,2004.0,91497.0,0.0,2.756136,0.15545,JPN,PAN,8851
1792746,121,169,1398,2004.0,79611.0,0.0,1.481275,0.7859,KOR,PAN,8851
1792747,124,169,1398,2004.0,9474.0,0.0,0.269753,1.3152979999999999,LBN,PAN,8851
1792748,127,169,1398,2004.0,0.0,5170.0,0.31900300000000004,-0.346391,LCA,PAN,8851
1792749,138,169,1398,2004.0,1556842.0,12956.0,1.183707,0.9043700000000001,MEX,PAN,8851
1792750,162,169,1398,2004.0,7588.0,0.0,1.171327,1.6369799999999999,NLD,PAN,8851
1792751,163,169,1398,2004.0,3732.0,0.0,0.731175,-0.0655,NOR,PAN,8851
1792752,173,169,1398,2004.0,0.0,53832.0,-0.609837,0.13314,PER,PAN,8851
1792753,179,169,1398,2004.0,267498.0,24456.0,0.705075,1.7268729999999999,PRT,PAN,8851
1792754,185,169,1398,2004.0,0.0,11644.0,0.53925,1.145066,ROU,PAN,8851
1792755,192,169,1398,2004.0,0.0,16285.0,1.804502,0.570084,SGP,PAN,8851
1792756,197,169,1398,2004.0,0.0,1456483.0,-0.21054299999999998,0.086382,SLV,PAN,8851
1792757,208,169,1398,2004.0,23304.0,0.0,2.105611,0.707843,SWE,PAN,8851
1792758,222,169,1398,2004.0,0.0,20294.0,-0.108049,-0.923523,TTO,PAN,8851
1792759,230,169,1398,2004.0,0.0,11850.0,-0.051583000000000004,0.145056,URY,PAN,8851
1792760,231,169,1398,2004.0,8597133.0,83724.0,1.818327,-0.17913900000000002,USA,PAN,8851
1792761,234,169,1398,2004.0,0.0,1696.0,-0.706188,-0.9244120000000001,VCT,PAN,8851
1792762,236,169,1398,2004.0,30200.0,1626534.0,-0.41193900000000006,-0.9578899999999999,VEN,PAN,8851
1792763,249,169,1398,2004.0,29759.0,0.0,1.8844150000000002,1.257951,TWN,PAN,8851
1792764,250,169,1398,2004.0,4265434.0,0.0,0.46240200000000004,-0.406624,ANS,PAN,8851
1792765,0,173,1398,2004.0,0.0,7635.0,0.074978,-0.8537239999999999,ABW,PER,8851
1792766,31,173,1398,2004.0,21069.0,25583.0,-0.841087,-0.770059,BOL,PER,8851
1792767,32,173,1398,2004.0,40048.0,0.0,0.504233,1.567879,BRA,PER,8851
1792768,39,173,1398,2004.0,3353.0,0.0,0.781591,1.365966,CAN,PER,8851
1792769,41,173,1398,2004.0,1419274.0,0.0,2.234603,0.551975,CHE,PER,8851
1792770,42,173,1398,2004.0,2233715.0,23755.0,-0.24101399999999998,-0.303103,CHL,PER,8851
1792771,43,173,1398,2004.0,1214740.0,0.0,0.710603,2.017234,CHN,PER,8851
1792772,49,173,1398,2004.0,213690.0,40107.0,0.044706,0.514304,COL,PER,8851
1792773,61,173,1398,2004.0,6534.0,6213.0,2.4453099999999997,-2.331761,DEU,PER,8851
1792774,64,173,1398,2004.0,4989.0,0.0,1.309074,1.2627979999999999,DNK,PER,8851
1792775,65,173,1398,2004.0,0.0,5755.0,-0.24909699999999999,-0.326783,DOM,PER,8851
1792776,67,173,1398,2004.0,0.0,15008.0,-0.990727,-0.9383090000000001,ECU,PER,8851
1792777,71,173,1398,2004.0,19426.0,0.0,1.04057,1.789023,ESP,PER,8851
1792778,74,173,1398,2004.0,37385.0,0.0,1.9662810000000002,1.018108,FIN,PER,8851
1792779,77,173,1398,2004.0,20674.0,0.0,1.57079,0.6776760000000001,FRA,PER,8851
1792780,81,173,1398,2004.0,14183.0,0.0,1.872987,0.734065,GBR,PER,8851
1792781,93,173,1398,2004.0,0.0,2027.0,-0.39399,0.139128,GTM,PER,8851
1792782,97,173,1398,2004.0,1388085.0,0.0,0.72816,1.403171,HKG,PER,8851
1792783,111,173,1398,2004.0,7732.0,0.0,1.440372,0.676068,ITA,PER,8851
1792784,114,173,1398,2004.0,403923.0,0.0,2.756136,0.15545,JPN,PER,8851
1792785,121,173,1398,2004.0,3500.0,0.0,1.481275,0.7859,KOR,PER,8851
1792786,138,173,1398,2004.0,76859.0,3819.0,1.183707,0.9043700000000001,MEX,PER,8851
1792787,153,173,1398,2004.0,30325.0,0.0,1.250098,0.352379,MYS,PER,8851
1792788,162,173,1398,2004.0,10725.0,0.0,1.171327,1.6369799999999999,NLD,PER,8851
1792789,169,173,1398,2004.0,53832.0,0.0,0.054997000000000004,0.440416,PAN,PER,8851
1792790,174,173,1398,2004.0,40674.0,0.0,0.288786,-0.25348699999999996,PHL,PER,8851
1792791,216,173,1398,2004.0,72496.0,0.0,0.633501,1.4648290000000002,THA,PER,8851
1792792,231,173,1398,2004.0,315542.0,0.0,1.818327,-0.17913900000000002,USA,PER,8851
1792793,236,173,1398,2004.0,0.0,58036.0,-0.41193900000000006,-0.9578899999999999,VEN,PER,8851
1792794,7,174,1398,2004.0,0.0,18303.0,-0.10993399999999999,-0.5351640000000001,ARE,PHL,8851
1792795,8,174,1398,2004.0,0.0,32723.0,-0.070845,0.879574,ARG,PHL,8851
1792796,14,174,1398,2004.0,1930.0,391087.0,-0.198735,0.81543,AUS,PHL,8851
1792797,15,174,1398,2004.0,0.0,772599.0,1.958949,0.209296,AUT,PHL,8851
1792798,18,174,1398,2004.0,128308.0,17424.0,1.242665,1.541444,BEL,PHL,8851
1792799,32,174,1398,2004.0,0.0,1704731.0,0.504233,1.567879,BRA,PHL,8851
1792800,39,174,1398,2004.0,54622.0,8644903.0,0.781591,1.365966,CAN,PHL,8851
1792801,41,174,1398,2004.0,6215170.0,107175.0,2.234603,0.551975,CHE,PHL,8851
1792802,42,174,1398,2004.0,0.0,400557.0,-0.24101399999999998,-0.303103,CHL,PHL,8851
1792803,43,174,1398,2004.0,1717173.0,412656.0,0.710603,2.017234,CHN,PHL,8851
1792804,44,174,1398,2004.0,0.0,9880.0,-0.835933,-0.749289,CIV,PHL,8851
1792805,49,174,1398,2004.0,0.0,9268.0,0.044706,0.514304,COL,PHL,8851
1792806,59,174,1398,2004.0,37677.0,351314.0,1.612543,0.607495,CZE,PHL,8851
1792807,61,174,1398,2004.0,111695.0,2626156.0,2.4453099999999997,-2.331761,DEU,PHL,8851
1792808,64,174,1398,2004.0,10348.0,19136.0,1.309074,1.2627979999999999,DNK,PHL,8851
1792809,71,174,1398,2004.0,0.0,49847.0,1.04057,1.789023,ESP,PHL,8851
1792810,73,174,1398,2004.0,0.0,15858.0,-1.202444,-0.8973120000000001,ETH,PHL,8851
1792811,74,174,1398,2004.0,96065.0,48957.0,1.9662810000000002,1.018108,FIN,PHL,8851
1792812,75,174,1398,2004.0,0.0,22043.0,-0.793333,-0.27460100000000004,FJI,PHL,8851
1792813,77,174,1398,2004.0,123851.0,2055461.0,1.57079,0.6776760000000001,FRA,PHL,8851
1792814,79,174,1398,2004.0,0.0,1419.0,-1.155942,-1.049955,FSM,PHL,8851
1792815,81,174,1398,2004.0,47347.0,5278544.0,1.872987,0.734065,GBR,PHL,8851
1792816,90,174,1398,2004.0,44337.0,44023.0,0.298029,1.745886,GRC,PHL,8851
1792817,97,174,1398,2004.0,38193252.0,3362686.0,0.72816,1.403171,HKG,PHL,8851
1792818,102,174,1398,2004.0,2645.0,179322.0,1.3579370000000002,0.9993219999999999,HUN,PHL,8851
1792819,103,174,1398,2004.0,268526.0,6993.0,0.010095999999999999,1.7413779999999999,IDN,PHL,8851
1792820,104,174,1398,2004.0,23676.0,976833.0,0.20872,2.817307,IND,PHL,8851
1792821,106,174,1398,2004.0,0.0,66394.0,1.498475,0.19050799999999998,IRL,PHL,8851
1792822,110,174,1398,2004.0,0.0,26696.0,1.252895,0.8662770000000001,ISR,PHL,8851
1792823,111,174,1398,2004.0,36257.0,718002.0,1.440372,0.676068,ITA,PHL,8851
1792824,112,174,1398,2004.0,0.0,4321.0,-0.505365,-0.9596120000000001,JAM,PHL,8851
1792825,114,174,1398,2004.0,274773.0,2512628.0,2.756136,0.15545,JPN,PHL,8851
1792826,116,174,1398,2004.0,0.0,10732.0,-0.565597,0.182375,KEN,PHL,8851
1792827,121,174,1398,2004.0,80809.0,1132390.0,1.481275,0.7859,KOR,PHL,8851
1792828,124,174,1398,2004.0,0.0,61414.0,0.269753,1.3152979999999999,LBN,PHL,8851
1792829,128,174,1398,2004.0,0.0,4217.0,-0.42450299999999996,0.173518,LKA,PHL,8851
1792830,134,174,1398,2004.0,0.0,6418.0,-0.626594,-0.22253499999999998,MAR,PHL,8851
1792831,137,174,1398,2004.0,0.0,5639.0,-0.44303000000000003,-0.841744,MDV,PHL,8851
1792832,138,174,1398,2004.0,22164.0,2051836.0,1.183707,0.9043700000000001,MEX,PHL,8851
1792833,151,174,1398,2004.0,0.0,2745.0,-0.161262,-0.29730300000000004,MUS,PHL,8851
1792834,153,174,1398,2004.0,177350.0,305032.0,1.250098,0.352379,MYS,PHL,8851
1792835,156,174,1398,2004.0,0.0,4031.0,-0.279566,-0.860456,NCL,PHL,8851
1792836,162,174,1398,2004.0,1138.0,135189.0,1.171327,1.6369799999999999,NLD,PHL,8851
1792837,163,174,1398,2004.0,0.0,61990.0,0.731175,-0.0655,NOR,PHL,8851
1792838,166,174,1398,2004.0,15172.0,180345.0,0.44099099999999997,0.968326,NZL,PHL,8851
1792839,167,174,1398,2004.0,0.0,2983.0,-0.707862,-1.187629,OMN,PHL,8851
1792840,168,174,1398,2004.0,0.0,1670.0,-0.7489600000000001,0.22493200000000002,PAK,PHL,8851
1792841,173,174,1398,2004.0,0.0,40674.0,-0.609837,0.13314,PER,PHL,8851
1792842,177,174,1398,2004.0,0.0,727318.0,0.989568,1.49055,POL,PHL,8851
1792843,179,174,1398,2004.0,96180.0,728504.0,0.705075,1.7268729999999999,PRT,PHL,8851
1792844,180,174,1398,2004.0,0.0,1084.0,-0.634469,-0.870034,PRY,PHL,8851
1792845,182,174,1398,2004.0,0.0,10868.0,-0.125349,-0.718282,PYF,PHL,8851
1792846,183,174,1398,2004.0,0.0,50790.0,0.018141,-1.03766,QAT,PHL,8851
1792847,185,174,1398,2004.0,0.0,79699.0,0.53925,1.145066,ROU,PHL,8851
1792848,186,174,1398,2004.0,0.0,36176.0,0.422803,0.017524,RUS,PHL,8851
1792849,188,174,1398,2004.0,0.0,146385.0,0.361324,-0.760732,SAU,PHL,8851
1792850,192,174,1398,2004.0,1101554.0,1924488.0,1.804502,0.570084,SGP,PHL,8851
1792851,206,174,1398,2004.0,0.0,5663.0,1.2683149999999999,0.9208620000000001,SVK,PHL,8851
1792852,207,174,1398,2004.0,0.0,49231.0,1.700677,0.829765,SVN,PHL,8851
1792853,208,174,1398,2004.0,7346.0,8909.0,2.105611,0.707843,SWE,PHL,8851
1792854,216,174,1398,2004.0,210101.0,1662816.0,0.633501,1.4648290000000002,THA,PHL,8851
1792855,224,174,1398,2004.0,30170.0,0.0,0.249065,1.910598,TUR,PHL,8851
1792856,231,174,1398,2004.0,3329178.0,59461724.0,1.818327,-0.17913900000000002,USA,PHL,8851
1792857,236,174,1398,2004.0,0.0,21753.0,-0.41193900000000006,-0.9578899999999999,VEN,PHL,8851
1792858,239,174,1398,2004.0,0.0,8924.0,-0.46875500000000003,0.734412,VNM,PHL,8851
1792859,246,174,1398,2004.0,1554.0,130263.0,0.29599699999999995,1.909018,ZAF,PHL,8851
1792860,249,174,1398,2004.0,45953.0,93745.0,1.8844150000000002,1.257951,TWN,PHL,8851
1792861,9,177,1398,2004.0,0.0,15364.0,0.497276,-0.226016,ARM,POL,8851
1792862,14,177,1398,2004.0,0.0,1891.0,-0.198735,0.81543,AUS,POL,8851
1792863,15,177,1398,2004.0,1207474.0,16681.0,1.958949,0.209296,AUT,POL,8851
1792864,18,177,1398,2004.0,34057.0,28407.0,1.242665,1.541444,BEL,POL,8851
1792865,23,177,1398,2004.0,0.0,3098.0,0.390627,1.631006,BGR,POL,8851
1792866,28,177,1398,2004.0,0.0,3956.0,0.9384239999999999,0.9708690000000001,BLR,POL,8851
1792867,39,177,1398,2004.0,0.0,4987.0,0.781591,1.365966,CAN,POL,8851
1792868,41,177,1398,2004.0,16339550.0,636963.0,2.234603,0.551975,CHE,POL,8851
1792869,43,177,1398,2004.0,1394183.0,0.0,0.710603,2.017234,CHN,POL,8851
1792870,45,177,1398,2004.0,2005.0,0.0,-1.380149,-1.220501,CMR,POL,8851
1792871,49,177,1398,2004.0,0.0,2091.0,0.044706,0.514304,COL,POL,8851
1792872,59,177,1398,2004.0,472673.0,14059.0,1.612543,0.607495,CZE,POL,8851
1792873,61,177,1398,2004.0,2191205.0,400409.0,2.4453099999999997,-2.331761,DEU,POL,8851
1792874,64,177,1398,2004.0,11196.0,4916.0,1.309074,1.2627979999999999,DNK,POL,8851
1792875,71,177,1398,2004.0,437177.0,8493.0,1.04057,1.789023,ESP,POL,8851
1792876,72,177,1398,2004.0,0.0,4150.0,0.645741,1.035117,EST,POL,8851
1792877,74,177,1398,2004.0,32974.0,0.0,1.9662810000000002,1.018108,FIN,POL,8851
1792878,77,177,1398,2004.0,574508.0,45699.0,1.57079,0.6776760000000001,FRA,POL,8851
1792879,81,177,1398,2004.0,257418.0,2266.0,1.872987,0.734065,GBR,POL,8851
1792880,90,177,1398,2004.0,24919.0,2282.0,0.298029,1.745886,GRC,POL,8851
1792881,97,177,1398,2004.0,1628105.0,198476.0,0.72816,1.403171,HKG,POL,8851
1792882,100,177,1398,2004.0,0.0,3397.0,0.744459,1.1994479999999998,HRV,POL,8851
1792883,102,177,1398,2004.0,2727.0,107747.0,1.3579370000000002,0.9993219999999999,HUN,POL,8851
1792884,110,177,1398,2004.0,96868.0,0.0,1.252895,0.8662770000000001,ISR,POL,8851
1792885,111,177,1398,2004.0,763250.0,17490.0,1.440372,0.676068,ITA,POL,8851
1792886,114,177,1398,2004.0,316114.0,24097.0,2.756136,0.15545,JPN,POL,8851
1792887,115,177,1398,2004.0,0.0,3380.0,-0.43987200000000004,-0.50862,KAZ,POL,8851
1792888,121,177,1398,2004.0,211802.0,0.0,1.481275,0.7859,KOR,POL,8851
1792889,128,177,1398,2004.0,36327.0,0.0,-0.42450299999999996,0.173518,LKA,POL,8851
1792890,130,177,1398,2004.0,136220.0,27883.0,0.341521,0.7971560000000001,LTU,POL,8851
1792891,132,177,1398,2004.0,0.0,3139.0,0.415001,0.8476809999999999,LVA,POL,8851
1792892,145,177,1398,2004.0,0.0,20351.0,-0.920198,-1.1059219999999998,MNG,POL,8851
1792893,153,177,1398,2004.0,21134.0,1804.0,1.250098,0.352379,MYS,POL,8851
1792894,162,177,1398,2004.0,196248.0,10557.0,1.171327,1.6369799999999999,NLD,POL,8851
1792895,163,177,1398,2004.0,0.0,2626.0,0.731175,-0.0655,NOR,POL,8851
1792896,174,177,1398,2004.0,727318.0,0.0,0.288786,-0.25348699999999996,PHL,POL,8851
1792897,178,177,1398,2004.0,2435.0,0.0,0.695376,0.9732209999999999,PRK,POL,8851
1792898,185,177,1398,2004.0,0.0,15371.0,0.53925,1.145066,ROU,POL,8851
1792899,186,177,1398,2004.0,21917.0,75728.0,0.422803,0.017524,RUS,POL,8851
1792900,192,177,1398,2004.0,13041.0,0.0,1.804502,0.570084,SGP,POL,8851
1792901,206,177,1398,2004.0,7963.0,37688.0,1.2683149999999999,0.9208620000000001,SVK,POL,8851
1792902,208,177,1398,2004.0,17967.0,1043.0,2.105611,0.707843,SWE,POL,8851
1792903,216,177,1398,2004.0,453320.0,0.0,0.633501,1.4648290000000002,THA,POL,8851
1792904,224,177,1398,2004.0,27171.0,0.0,0.249065,1.910598,TUR,POL,8851
1792905,228,177,1398,2004.0,0.0,62604.0,0.672848,1.172735,UKR,POL,8851
1792906,231,177,1398,2004.0,262626.0,103718.0,1.818327,-0.17913900000000002,USA,POL,8851
1792907,249,177,1398,2004.0,44605.0,0.0,1.8844150000000002,1.257951,TWN,POL,8851
1792908,250,177,1398,2004.0,3064.0,191977.0,0.46240200000000004,-0.406624,ANS,POL,8851
1792909,32,180,1398,2004.0,107504.0,0.0,0.504233,1.567879,BRA,PRY,8851
1792910,41,180,1398,2004.0,236273.0,6490.0,2.234603,0.551975,CHE,PRY,8851
1792911,43,180,1398,2004.0,1836118.0,0.0,0.710603,2.017234,CHN,PRY,8851
1792912,77,180,1398,2004.0,11708.0,0.0,1.57079,0.6776760000000001,FRA,PRY,8851
1792913,97,180,1398,2004.0,10564827.0,3142.0,0.72816,1.403171,HKG,PRY,8851
1792914,111,180,1398,2004.0,3606.0,0.0,1.440372,0.676068,ITA,PRY,8851
1792915,114,180,1398,2004.0,483419.0,0.0,2.756136,0.15545,JPN,PRY,8851
1792916,174,180,1398,2004.0,1084.0,0.0,0.288786,-0.25348699999999996,PHL,PRY,8851
1792917,230,180,1398,2004.0,0.0,1337.0,-0.051583000000000004,0.145056,URY,PRY,8851
1792918,231,180,1398,2004.0,418366.0,0.0,1.818327,-0.17913900000000002,USA,PRY,8851
1792919,249,180,1398,2004.0,36133.0,0.0,1.8844150000000002,1.257951,TWN,PRY,8851
1792920,7,186,1398,2004.0,5854.0,305022.0,-0.10993399999999999,-0.5351640000000001,ARE,RUS,8851
1792921,9,186,1398,2004.0,132876.0,5535.0,0.497276,-0.226016,ARM,RUS,8851
1792922,15,186,1398,2004.0,4704828.0,2623.0,1.958949,0.209296,AUT,RUS,8851
1792923,18,186,1398,2004.0,137509.0,1044.0,1.242665,1.541444,BEL,RUS,8851
1792924,28,186,1398,2004.0,5947480.0,5695762.0,0.9384239999999999,0.9708690000000001,BLR,RUS,8851
1792925,39,186,1398,2004.0,10027.0,44608.0,0.781591,1.365966,CAN,RUS,8851
1792926,41,186,1398,2004.0,101171056.0,3427499.0,2.234603,0.551975,CHE,RUS,8851
1792927,42,186,1398,2004.0,0.0,4916.0,-0.24101399999999998,-0.303103,CHL,RUS,8851
1792928,43,186,1398,2004.0,1924196.0,14500.0,0.710603,2.017234,CHN,RUS,8851
1792929,58,186,1398,2004.0,41341.0,0.0,0.42732200000000004,0.811763,CYP,RUS,8851
1792930,59,186,1398,2004.0,57349.0,13006.0,1.612543,0.607495,CZE,RUS,8851
1792931,61,186,1398,2004.0,12738650.0,1236458.0,2.4453099999999997,-2.331761,DEU,RUS,8851
1792932,64,186,1398,2004.0,84996.0,0.0,1.309074,1.2627979999999999,DNK,RUS,8851
1792933,71,186,1398,2004.0,605689.0,37539.0,1.04057,1.789023,ESP,RUS,8851
1792934,72,186,1398,2004.0,12926.0,25106.0,0.645741,1.035117,EST,RUS,8851
1792935,74,186,1398,2004.0,2198957.0,2371.0,1.9662810000000002,1.018108,FIN,RUS,8851
1792936,77,186,1398,2004.0,5137076.0,144323.0,1.57079,0.6776760000000001,FRA,RUS,8851
1792937,81,186,1398,2004.0,799639.0,88611.0,1.872987,0.734065,GBR,RUS,8851
1792938,82,186,1398,2004.0,0.0,3669.0,-0.030676,-0.560186,GEO,RUS,8851
1792939,90,186,1398,2004.0,0.0,24960.0,0.298029,1.745886,GRC,RUS,8851
1792940,97,186,1398,2004.0,4240534.0,89895.0,0.72816,1.403171,HKG,RUS,8851
1792941,102,186,1398,2004.0,122585.0,0.0,1.3579370000000002,0.9993219999999999,HUN,RUS,8851
1792942,104,186,1398,2004.0,0.0,76946.0,0.20872,2.817307,IND,RUS,8851
1792943,106,186,1398,2004.0,220467.0,0.0,1.498475,0.19050799999999998,IRL,RUS,8851
1792944,110,186,1398,2004.0,653624.0,0.0,1.252895,0.8662770000000001,ISR,RUS,8851
1792945,111,186,1398,2004.0,3672370.0,46935.0,1.440372,0.676068,ITA,RUS,8851
1792946,112,186,1398,2004.0,0.0,2566.0,-0.505365,-0.9596120000000001,JAM,RUS,8851
1792947,114,186,1398,2004.0,113274.0,5307.0,2.756136,0.15545,JPN,RUS,8851
1792948,115,186,1398,2004.0,0.0,316062.0,-0.43987200000000004,-0.50862,KAZ,RUS,8851
1792949,117,186,1398,2004.0,0.0,21818.0,-0.263776,0.503736,KGZ,RUS,8851
1792950,121,186,1398,2004.0,11945741.0,0.0,1.481275,0.7859,KOR,RUS,8851
1792951,130,186,1398,2004.0,295461.0,178489.0,0.341521,0.7971560000000001,LTU,RUS,8851
1792952,132,186,1398,2004.0,0.0,16374.0,0.415001,0.8476809999999999,LVA,RUS,8851
1792953,135,186,1398,2004.0,0.0,81238.0,-0.13031900000000002,-0.118591,MDA,RUS,8851
1792954,145,186,1398,2004.0,0.0,4302.0,-0.920198,-1.1059219999999998,MNG,RUS,8851
1792955,151,186,1398,2004.0,27506.0,0.0,-0.161262,-0.29730300000000004,MUS,RUS,8851
1792956,159,186,1398,2004.0,0.0,838446.0,-2.336753,-1.350375,NGA,RUS,8851
1792957,162,186,1398,2004.0,986458.0,33346.0,1.171327,1.6369799999999999,NLD,RUS,8851
1792958,163,186,1398,2004.0,0.0,16413.0,0.731175,-0.0655,NOR,RUS,8851
1792959,166,186,1398,2004.0,0.0,11642.0,0.44099099999999997,0.968326,NZL,RUS,8851
1792960,174,186,1398,2004.0,36176.0,0.0,0.288786,-0.25348699999999996,PHL,RUS,8851
1792961,177,186,1398,2004.0,75728.0,21917.0,0.989568,1.49055,POL,RUS,8851
1792962,179,186,1398,2004.0,0.0,1032.0,0.705075,1.7268729999999999,PRT,RUS,8851
1792963,185,186,1398,2004.0,0.0,1214.0,0.53925,1.145066,ROU,RUS,8851
1792964,192,186,1398,2004.0,850232.0,0.0,1.804502,0.570084,SGP,RUS,8851
1792965,206,186,1398,2004.0,6711.0,0.0,1.2683149999999999,0.9208620000000001,SVK,RUS,8851
1792966,208,186,1398,2004.0,408002.0,0.0,2.105611,0.707843,SWE,RUS,8851
1792967,216,186,1398,2004.0,27458.0,0.0,0.633501,1.4648290000000002,THA,RUS,8851
1792968,217,186,1398,2004.0,0.0,25039.0,-0.805571,-1.077194,TJK,RUS,8851
1792969,224,186,1398,2004.0,3454.0,0.0,0.249065,1.910598,TUR,RUS,8851
1792970,228,186,1398,2004.0,2833.0,973628.0,0.672848,1.172735,UKR,RUS,8851
1792971,231,186,1398,2004.0,150373.0,153150.0,1.818327,-0.17913900000000002,USA,RUS,8851
1792972,249,186,1398,2004.0,28585.0,0.0,1.8844150000000002,1.257951,TWN,RUS,8851
1792973,250,186,1398,2004.0,7740.0,134790.0,0.46240200000000004,-0.406624,ANS,RUS,8851
1792974,7,190,1398,2004.0,1125697.0,0.0,-0.10993399999999999,-0.5351640000000001,ARE,SDN,8851
1792975,41,190,1398,2004.0,84869.0,0.0,2.234603,0.551975,CHE,SDN,8851
1792976,43,190,1398,2004.0,367629.0,0.0,0.710603,2.017234,CHN,SDN,8851
1792977,61,190,1398,2004.0,9160.0,0.0,2.4453099999999997,-2.331761,DEU,SDN,8851
1792978,81,190,1398,2004.0,1467.0,0.0,1.872987,0.734065,GBR,SDN,8851
1792979,104,190,1398,2004.0,117361.0,0.0,0.20872,2.817307,IND,SDN,8851
1792980,114,190,1398,2004.0,1333.0,0.0,2.756136,0.15545,JPN,SDN,8851
1792981,188,190,1398,2004.0,113435.0,0.0,0.361324,-0.760732,SAU,SDN,8851
1792982,212,190,1398,2004.0,3883.0,0.0,-0.698545,-0.111323,SYR,SDN,8851
1792983,29,197,1398,2004.0,3371.0,0.0,-0.528459,-0.739219,BLZ,SLV,8851
1792984,41,197,1398,2004.0,321889.0,0.0,2.234603,0.551975,CHE,SLV,8851
1792985,43,197,1398,2004.0,68536.0,0.0,0.710603,2.017234,CHN,SLV,8851
1792986,49,197,1398,2004.0,11464.0,0.0,0.044706,0.514304,COL,SLV,8851
1792987,71,197,1398,2004.0,15483.0,0.0,1.04057,1.789023,ESP,SLV,8851
1792988,77,197,1398,2004.0,3361.0,0.0,1.57079,0.6776760000000001,FRA,SLV,8851
1792989,93,197,1398,2004.0,193762.0,20178.0,-0.39399,0.139128,GTM,SLV,8851
1792990,97,197,1398,2004.0,204303.0,0.0,0.72816,1.403171,HKG,SLV,8851
1792991,138,197,1398,2004.0,106310.0,2367.0,1.183707,0.9043700000000001,MEX,SLV,8851
1792992,169,197,1398,2004.0,1456483.0,0.0,0.054997000000000004,0.440416,PAN,SLV,8851
1792993,231,197,1398,2004.0,552083.0,3683.0,1.818327,-0.17913900000000002,USA,SLV,8851
1792994,41,205,1398,2004.0,183468.0,0.0,2.234603,0.551975,CHE,SUR,8851
1792995,43,205,1398,2004.0,8097.0,0.0,0.710603,2.017234,CHN,SUR,8851
1792996,97,205,1398,2004.0,5450.0,0.0,0.72816,1.403171,HKG,SUR,8851
1792997,114,205,1398,2004.0,17313.0,0.0,2.756136,0.15545,JPN,SUR,8851
1792998,162,205,1398,2004.0,32901.0,0.0,1.171327,1.6369799999999999,NLD,SUR,8851
1792999,226,205,1398,2004.0,0.0,29056.0,-0.935327,0.362709,TZA,SUR,8851
1793000,231,205,1398,2004.0,24757.0,0.0,1.818327,-0.17913900000000002,USA,SUR,8851
1793001,5,208,1398,2004.0,3445.0,0.0,1.122154,0.958434,AND,SWE,8851
1793002,6,208,1398,2004.0,0.0,26224.0,0.080304,-0.634516,ANT,SWE,8851
1793003,7,208,1398,2004.0,17503.0,95504.0,-0.10993399999999999,-0.5351640000000001,ARE,SWE,8851
1793004,14,208,1398,2004.0,16597.0,286871.0,-0.198735,0.81543,AUS,SWE,8851
1793005,15,208,1398,2004.0,904689.0,657290.0,1.958949,0.209296,AUT,SWE,8851
1793006,18,208,1398,2004.0,972472.0,564602.0,1.242665,1.541444,BEL,SWE,8851
1793007,23,208,1398,2004.0,1996.0,1167.0,0.390627,1.631006,BGR,SWE,8851
1793008,24,208,1398,2004.0,0.0,40016.0,-0.551237,-1.174628,BHR,SWE,8851
1793009,25,208,1398,2004.0,0.0,47855.0,0.029548,-0.692239,BHS,SWE,8851
1793010,26,208,1398,2004.0,0.0,7637.0,0.45637,0.6154470000000001,BIH,SWE,8851
1793011,39,208,1398,2004.0,7176.0,216744.0,0.781591,1.365966,CAN,SWE,8851
1793012,41,208,1398,2004.0,29875206.0,7436247.0,2.234603,0.551975,CHE,SWE,8851
1793013,42,208,1398,2004.0,0.0,30031.0,-0.24101399999999998,-0.303103,CHL,SWE,8851
1793014,43,208,1398,2004.0,1623122.0,217472.0,0.710603,2.017234,CHN,SWE,8851
1793015,58,208,1398,2004.0,3837.0,45724.0,0.42732200000000004,0.811763,CYP,SWE,8851
1793016,59,208,1398,2004.0,4143.0,222395.0,1.612543,0.607495,CZE,SWE,8851
1793017,61,208,1398,2004.0,2994473.0,950774.0,2.4453099999999997,-2.331761,DEU,SWE,8851
1793018,64,208,1398,2004.0,4111552.0,4946396.0,1.309074,1.2627979999999999,DNK,SWE,8851
1793019,68,208,1398,2004.0,0.0,9211.0,-0.35823499999999997,0.5000100000000001,EGY,SWE,8851
1793020,71,208,1398,2004.0,434667.0,105425.0,1.04057,1.789023,ESP,SWE,8851
1793021,72,208,1398,2004.0,8495.0,39605.0,0.645741,1.035117,EST,SWE,8851
1793022,74,208,1398,2004.0,278253.0,3243372.0,1.9662810000000002,1.018108,FIN,SWE,8851
1793023,77,208,1398,2004.0,491722.0,231582.0,1.57079,0.6776760000000001,FRA,SWE,8851
1793024,78,208,1398,2004.0,0.0,3226.0,-1.127967,-1.002561,FRO,SWE,8851
1793025,81,208,1398,2004.0,672460.0,541870.0,1.872987,0.734065,GBR,SWE,8851
1793026,82,208,1398,2004.0,0.0,10755.0,-0.030676,-0.560186,GEO,SWE,8851
1793027,90,208,1398,2004.0,0.0,103083.0,0.298029,1.745886,GRC,SWE,8851
1793028,92,208,1398,2004.0,0.0,7869.0,-1.152664,-0.986844,GRL,SWE,8851
1793029,97,208,1398,2004.0,11554521.0,899155.0,0.72816,1.403171,HKG,SWE,8851
1793030,100,208,1398,2004.0,0.0,11389.0,0.744459,1.1994479999999998,HRV,SWE,8851
1793031,102,208,1398,2004.0,0.0,3330.0,1.3579370000000002,0.9993219999999999,HUN,SWE,8851
1793032,104,208,1398,2004.0,19473.0,1764.0,0.20872,2.817307,IND,SWE,8851
1793033,106,208,1398,2004.0,13173.0,752615.0,1.498475,0.19050799999999998,IRL,SWE,8851
1793034,107,208,1398,2004.0,1793.0,0.0,-0.6691699999999999,-1.002548,IRN,SWE,8851
1793035,109,208,1398,2004.0,13392.0,630533.0,0.107901,-0.41223699999999996,ISL,SWE,8851
1793036,110,208,1398,2004.0,0.0,79957.0,1.252895,0.8662770000000001,ISR,SWE,8851
1793037,111,208,1398,2004.0,316115.0,344560.0,1.440372,0.676068,ITA,SWE,8851
1793038,112,208,1398,2004.0,0.0,116245.0,-0.505365,-0.9596120000000001,JAM,SWE,8851
1793039,114,208,1398,2004.0,43983.0,298409.0,2.756136,0.15545,JPN,SWE,8851
1793040,121,208,1398,2004.0,9558.0,41712.0,1.481275,0.7859,KOR,SWE,8851
1793041,122,208,1398,2004.0,0.0,19604.0,-0.8195479999999999,-1.2105709999999998,KWT,SWE,8851
1793042,124,208,1398,2004.0,0.0,20208.0,0.269753,1.3152979999999999,LBN,SWE,8851
1793043,130,208,1398,2004.0,0.0,1245.0,0.341521,0.7971560000000001,LTU,SWE,8851
1793044,131,208,1398,2004.0,0.0,4712.0,1.258828,1.079923,LUX,SWE,8851
1793045,132,208,1398,2004.0,0.0,40759.0,0.415001,0.8476809999999999,LVA,SWE,8851
1793046,133,208,1398,2004.0,0.0,79863.0,-0.12333599999999999,-0.600164,MAC,SWE,8851
1793047,134,208,1398,2004.0,0.0,4580.0,-0.626594,-0.22253499999999998,MAR,SWE,8851
1793048,135,208,1398,2004.0,0.0,2227.0,-0.13031900000000002,-0.118591,MDA,SWE,8851
1793049,138,208,1398,2004.0,0.0,19498.0,1.183707,0.9043700000000001,MEX,SWE,8851
1793050,142,208,1398,2004.0,0.0,8888.0,1.2290379999999999,-0.025372,MLT,SWE,8851
1793051,153,208,1398,2004.0,18023.0,14315.0,1.250098,0.352379,MYS,SWE,8851
1793052,162,208,1398,2004.0,1793784.0,345629.0,1.171327,1.6369799999999999,NLD,SWE,8851
1793053,163,208,1398,2004.0,3286566.0,3304629.0,0.731175,-0.0655,NOR,SWE,8851
1793054,166,208,1398,2004.0,1029.0,12250.0,0.44099099999999997,0.968326,NZL,SWE,8851
1793055,167,208,1398,2004.0,0.0,81382.0,-0.707862,-1.187629,OMN,SWE,8851
1793056,168,208,1398,2004.0,0.0,1229.0,-0.7489600000000001,0.22493200000000002,PAK,SWE,8851
1793057,169,208,1398,2004.0,0.0,23304.0,0.054997000000000004,0.440416,PAN,SWE,8851
1793058,174,208,1398,2004.0,8909.0,7346.0,0.288786,-0.25348699999999996,PHL,SWE,8851
1793059,176,208,1398,2004.0,0.0,1761.0,-1.57259,-1.215066,PNG,SWE,8851
1793060,177,208,1398,2004.0,1043.0,17967.0,0.989568,1.49055,POL,SWE,8851
1793061,179,208,1398,2004.0,25373.0,288346.0,0.705075,1.7268729999999999,PRT,SWE,8851
1793062,183,208,1398,2004.0,0.0,63526.0,0.018141,-1.03766,QAT,SWE,8851
1793063,185,208,1398,2004.0,0.0,6601.0,0.53925,1.145066,ROU,SWE,8851
1793064,186,208,1398,2004.0,0.0,408002.0,0.422803,0.017524,RUS,SWE,8851
1793065,188,208,1398,2004.0,2790.0,168891.0,0.361324,-0.760732,SAU,SWE,8851
1793066,192,208,1398,2004.0,29587.0,318300.0,1.804502,0.570084,SGP,SWE,8851
1793067,206,208,1398,2004.0,0.0,2333.0,1.2683149999999999,0.9208620000000001,SVK,SWE,8851
1793068,207,208,1398,2004.0,0.0,42632.0,1.700677,0.829765,SVN,SWE,8851
1793069,212,208,1398,2004.0,5156.0,0.0,-0.698545,-0.111323,SYR,SWE,8851
1793070,216,208,1398,2004.0,32277.0,156654.0,0.633501,1.4648290000000002,THA,SWE,8851
1793071,224,208,1398,2004.0,0.0,33291.0,0.249065,1.910598,TUR,SWE,8851
1793072,231,208,1398,2004.0,216417.0,443509.0,1.818327,-0.17913900000000002,USA,SWE,8851
1793073,246,208,1398,2004.0,0.0,10889.0,0.29599699999999995,1.909018,ZAF,SWE,8851
1793074,249,208,1398,2004.0,31063.0,268379.0,1.8844150000000002,1.257951,TWN,SWE,8851
1793075,7,216,1398,2004.0,3184.0,33234.0,-0.10993399999999999,-0.5351640000000001,ARE,THA,8851
1793076,8,216,1398,2004.0,0.0,127364.0,-0.070845,0.879574,ARG,THA,8851
1793077,14,216,1398,2004.0,187576.0,4417146.0,-0.198735,0.81543,AUS,THA,8851
1793078,15,216,1398,2004.0,59919.0,83586.0,1.958949,0.209296,AUT,THA,8851
1793079,18,216,1398,2004.0,49834.0,46278.0,1.242665,1.541444,BEL,THA,8851
1793080,22,216,1398,2004.0,0.0,15110.0,-1.074194,-0.9392389999999999,BGD,THA,8851
1793081,23,216,1398,2004.0,0.0,6298.0,0.390627,1.631006,BGR,THA,8851
1793082,24,216,1398,2004.0,0.0,96179.0,-0.551237,-1.174628,BHR,THA,8851
1793083,26,216,1398,2004.0,0.0,16795.0,0.45637,0.6154470000000001,BIH,THA,8851
1793084,32,216,1398,2004.0,2025.0,235389.0,0.504233,1.567879,BRA,THA,8851
1793085,34,216,1398,2004.0,0.0,4209.0,-0.720827,-0.964435,BRN,THA,8851
1793086,39,216,1398,2004.0,48860.0,1711059.0,0.781591,1.365966,CAN,THA,8851
1793087,41,216,1398,2004.0,54776108.0,27542854.0,2.234603,0.551975,CHE,THA,8851
1793088,42,216,1398,2004.0,0.0,15440.0,-0.24101399999999998,-0.303103,CHL,THA,8851
1793089,43,216,1398,2004.0,14489574.0,21903318.0,0.710603,2.017234,CHN,THA,8851
1793090,45,216,1398,2004.0,6187.0,0.0,-1.380149,-1.220501,CMR,THA,8851
1793091,47,216,1398,2004.0,7809.0,0.0,-1.415254,-1.24599,COG,THA,8851
1793092,49,216,1398,2004.0,0.0,83870.0,0.044706,0.514304,COL,THA,8851
1793093,52,216,1398,2004.0,0.0,2074.0,-0.036323,-0.313847,CRI,THA,8851
1793094,58,216,1398,2004.0,0.0,13477.0,0.42732200000000004,0.811763,CYP,THA,8851
1793095,59,216,1398,2004.0,2475.0,25638.0,1.612543,0.607495,CZE,THA,8851
1793096,61,216,1398,2004.0,3430611.0,61475388.0,2.4453099999999997,-2.331761,DEU,THA,8851
1793097,64,216,1398,2004.0,990488.0,9331.0,1.309074,1.2627979999999999,DNK,THA,8851
1793098,66,216,1398,2004.0,0.0,1149.0,-1.166661,-1.2240879999999998,DZA,THA,8851
1793099,67,216,1398,2004.0,0.0,41898.0,-0.990727,-0.9383090000000001,ECU,THA,8851
1793100,68,216,1398,2004.0,0.0,2528.0,-0.35823499999999997,0.5000100000000001,EGY,THA,8851
1793101,71,216,1398,2004.0,140434.0,2976120.0,1.04057,1.789023,ESP,THA,8851
1793102,72,216,1398,2004.0,0.0,2431.0,0.645741,1.035117,EST,THA,8851
1793103,74,216,1398,2004.0,8098.0,6521.0,1.9662810000000002,1.018108,FIN,THA,8851
1793104,75,216,1398,2004.0,0.0,4754.0,-0.793333,-0.27460100000000004,FJI,THA,8851
1793105,77,216,1398,2004.0,1605642.0,4458762.0,1.57079,0.6776760000000001,FRA,THA,8851
1793106,81,216,1398,2004.0,4502862.0,24046438.0,1.872987,0.734065,GBR,THA,8851
1793107,90,216,1398,2004.0,0.0,34834.0,0.298029,1.745886,GRC,THA,8851
1793108,97,216,1398,2004.0,23622696.0,101337560.0,0.72816,1.403171,HKG,THA,8851
1793109,100,216,1398,2004.0,0.0,52555.0,0.744459,1.1994479999999998,HRV,THA,8851
1793110,102,216,1398,2004.0,0.0,15921.0,1.3579370000000002,0.9993219999999999,HUN,THA,8851
1793111,103,216,1398,2004.0,458630.0,8593.0,0.010095999999999999,1.7413779999999999,IDN,THA,8851
1793112,104,216,1398,2004.0,900812.0,17870.0,0.20872,2.817307,IND,THA,8851
1793113,106,216,1398,2004.0,62435.0,20575.0,1.498475,0.19050799999999998,IRL,THA,8851
1793114,107,216,1398,2004.0,0.0,36833.0,-0.6691699999999999,-1.002548,IRN,THA,8851
1793115,109,216,1398,2004.0,0.0,36490.0,0.107901,-0.41223699999999996,ISL,THA,8851
1793116,110,216,1398,2004.0,0.0,121475.0,1.252895,0.8662770000000001,ISR,THA,8851
1793117,111,216,1398,2004.0,538522.0,5165805.0,1.440372,0.676068,ITA,THA,8851
1793118,112,216,1398,2004.0,0.0,68888.0,-0.505365,-0.9596120000000001,JAM,THA,8851
1793119,113,216,1398,2004.0,0.0,8572.0,0.16384200000000002,0.34270100000000003,JOR,THA,8851
1793120,114,216,1398,2004.0,6990426.0,35220084.0,2.756136,0.15545,JPN,THA,8851
1793121,118,216,1398,2004.0,0.0,44167.0,-1.145227,-1.19179,KHM,THA,8851
1793122,121,216,1398,2004.0,36362.0,175371.0,1.481275,0.7859,KOR,THA,8851
1793123,122,216,1398,2004.0,0.0,2411.0,-0.8195479999999999,-1.2105709999999998,KWT,THA,8851
1793124,124,216,1398,2004.0,823354.0,162253.0,0.269753,1.3152979999999999,LBN,THA,8851
1793125,127,216,1398,2004.0,0.0,33711.0,0.31900300000000004,-0.346391,LCA,THA,8851
1793126,128,216,1398,2004.0,0.0,2084.0,-0.42450299999999996,0.173518,LKA,THA,8851
1793127,130,216,1398,2004.0,0.0,1388.0,0.341521,0.7971560000000001,LTU,THA,8851
1793128,134,216,1398,2004.0,0.0,12681.0,-0.626594,-0.22253499999999998,MAR,THA,8851
1793129,137,216,1398,2004.0,0.0,32047.0,-0.44303000000000003,-0.841744,MDV,THA,8851
1793130,138,216,1398,2004.0,0.0,1566726.0,1.183707,0.9043700000000001,MEX,THA,8851
1793131,142,216,1398,2004.0,0.0,5210.0,1.2290379999999999,-0.025372,MLT,THA,8851
1793132,143,216,1398,2004.0,0.0,42280.0,-1.048261,-0.828443,MMR,THA,8851
1793133,151,216,1398,2004.0,0.0,24400.0,-0.161262,-0.29730300000000004,MUS,THA,8851
1793134,153,216,1398,2004.0,219063.0,8430634.0,1.250098,0.352379,MYS,THA,8851
1793135,156,216,1398,2004.0,11933.0,4423.0,-0.279566,-0.860456,NCL,THA,8851
1793136,162,216,1398,2004.0,51088.0,181912.0,1.171327,1.6369799999999999,NLD,THA,8851
1793137,163,216,1398,2004.0,15913.0,146585.0,0.731175,-0.0655,NOR,THA,8851
1793138,166,216,1398,2004.0,7890.0,824214.0,0.44099099999999997,0.968326,NZL,THA,8851
1793139,167,216,1398,2004.0,0.0,62168.0,-0.707862,-1.187629,OMN,THA,8851
1793140,168,216,1398,2004.0,0.0,11271.0,-0.7489600000000001,0.22493200000000002,PAK,THA,8851
1793141,173,216,1398,2004.0,0.0,72496.0,-0.609837,0.13314,PER,THA,8851
1793142,174,216,1398,2004.0,1662816.0,210101.0,0.288786,-0.25348699999999996,PHL,THA,8851
1793143,177,216,1398,2004.0,0.0,453320.0,0.989568,1.49055,POL,THA,8851
1793144,179,216,1398,2004.0,0.0,205621.0,0.705075,1.7268729999999999,PRT,THA,8851
1793145,182,216,1398,2004.0,0.0,7412.0,-0.125349,-0.718282,PYF,THA,8851
1793146,183,216,1398,2004.0,0.0,119123.0,0.018141,-1.03766,QAT,THA,8851
1793147,185,216,1398,2004.0,0.0,30710.0,0.53925,1.145066,ROU,THA,8851
1793148,186,216,1398,2004.0,0.0,27458.0,0.422803,0.017524,RUS,THA,8851
1793149,188,216,1398,2004.0,0.0,79420.0,0.361324,-0.760732,SAU,THA,8851
1793150,189,216,1398,2004.0,0.0,28674.0,0.544686,2.418024,SCG,THA,8851
1793151,192,216,1398,2004.0,5733514.0,2021184.0,1.804502,0.570084,SGP,THA,8851
1793152,206,216,1398,2004.0,0.0,2452.0,1.2683149999999999,0.9208620000000001,SVK,THA,8851
1793153,207,216,1398,2004.0,0.0,49927.0,1.700677,0.829765,SVN,THA,8851
1793154,208,216,1398,2004.0,156654.0,32277.0,2.105611,0.707843,SWE,THA,8851
1793155,209,216,1398,2004.0,59319.0,0.0,0.528937,-0.241038,SWZ,THA,8851
1793156,222,216,1398,2004.0,0.0,13936.0,-0.108049,-0.923523,TTO,THA,8851
1793157,224,216,1398,2004.0,0.0,655208.0,0.249065,1.910598,TUR,THA,8851
1793158,230,216,1398,2004.0,0.0,1461.0,-0.051583000000000004,0.145056,URY,THA,8851
1793159,231,216,1398,2004.0,720522.0,112829712.0,1.818327,-0.17913900000000002,USA,THA,8851
1793160,236,216,1398,2004.0,0.0,76487.0,-0.41193900000000006,-0.9578899999999999,VEN,THA,8851
1793161,246,216,1398,2004.0,0.0,276226.0,0.29599699999999995,1.909018,ZAF,THA,8851
1793162,249,216,1398,2004.0,221036.0,1707103.0,1.8844150000000002,1.257951,TWN,THA,8851
1793163,18,222,1398,2004.0,2626.0,0.0,1.242665,1.541444,BEL,TTO,8851
1793164,39,222,1398,2004.0,21562.0,0.0,0.781591,1.365966,CAN,TTO,8851
1793165,41,222,1398,2004.0,94115.0,0.0,2.234603,0.551975,CHE,TTO,8851
1793166,43,222,1398,2004.0,97598.0,0.0,0.710603,2.017234,CHN,TTO,8851
1793167,63,222,1398,2004.0,0.0,1755.0,0.478601,0.368796,DMA,TTO,8851
1793168,81,222,1398,2004.0,8668.0,0.0,1.872987,0.734065,GBR,TTO,8851
1793169,97,222,1398,2004.0,18726.0,0.0,0.72816,1.403171,HKG,TTO,8851
1793170,104,222,1398,2004.0,2184.0,0.0,0.20872,2.817307,IND,TTO,8851
1793171,106,222,1398,2004.0,1260.0,0.0,1.498475,0.19050799999999998,IRL,TTO,8851
1793172,114,222,1398,2004.0,106455.0,0.0,2.756136,0.15545,JPN,TTO,8851
1793173,127,222,1398,2004.0,0.0,5610.0,0.31900300000000004,-0.346391,LCA,TTO,8851
1793174,162,222,1398,2004.0,1304.0,0.0,1.171327,1.6369799999999999,NLD,TTO,8851
1793175,169,222,1398,2004.0,20294.0,0.0,0.054997000000000004,0.440416,PAN,TTO,8851
1793176,216,222,1398,2004.0,13936.0,0.0,0.633501,1.4648290000000002,THA,TTO,8851
1793177,231,222,1398,2004.0,318264.0,0.0,1.818327,-0.17913900000000002,USA,TTO,8851
1793178,249,222,1398,2004.0,3054.0,0.0,1.8844150000000002,1.257951,TWN,TTO,8851
1793179,8,230,1398,2004.0,208918.0,0.0,-0.070845,0.879574,ARG,URY,8851
1793180,32,230,1398,2004.0,22396.0,0.0,0.504233,1.567879,BRA,URY,8851
1793181,41,230,1398,2004.0,8301240.0,369348.0,2.234603,0.551975,CHE,URY,8851
1793182,42,230,1398,2004.0,102456.0,2476.0,-0.24101399999999998,-0.303103,CHL,URY,8851
1793183,43,230,1398,2004.0,1158981.0,0.0,0.710603,2.017234,CHN,URY,8851
1793184,61,230,1398,2004.0,32135.0,0.0,2.4453099999999997,-2.331761,DEU,URY,8851
1793185,71,230,1398,2004.0,9227.0,0.0,1.04057,1.789023,ESP,URY,8851
1793186,74,230,1398,2004.0,1167.0,0.0,1.9662810000000002,1.018108,FIN,URY,8851
1793187,77,230,1398,2004.0,3429.0,0.0,1.57079,0.6776760000000001,FRA,URY,8851
1793188,97,230,1398,2004.0,1565515.0,0.0,0.72816,1.403171,HKG,URY,8851
1793189,111,230,1398,2004.0,22255.0,0.0,1.440372,0.676068,ITA,URY,8851
1793190,114,230,1398,2004.0,62961.0,0.0,2.756136,0.15545,JPN,URY,8851
1793191,138,230,1398,2004.0,118648.0,24417.0,1.183707,0.9043700000000001,MEX,URY,8851
1793192,153,230,1398,2004.0,8277.0,0.0,1.250098,0.352379,MYS,URY,8851
1793193,162,230,1398,2004.0,4606.0,0.0,1.171327,1.6369799999999999,NLD,URY,8851
1793194,169,230,1398,2004.0,11850.0,0.0,0.054997000000000004,0.440416,PAN,URY,8851
1793195,180,230,1398,2004.0,1337.0,0.0,-0.634469,-0.870034,PRY,URY,8851
1793196,192,230,1398,2004.0,0.0,1689.0,1.804502,0.570084,SGP,URY,8851
1793197,216,230,1398,2004.0,1461.0,0.0,0.633501,1.4648290000000002,THA,URY,8851
1793198,231,230,1398,2004.0,1677736.0,37056.0,1.818327,-0.17913900000000002,USA,URY,8851
1793199,249,230,1398,2004.0,3937.0,0.0,1.8844150000000002,1.257951,TWN,URY,8851
1793200,0,231,1398,2004.0,0.0,6303588.0,0.074978,-0.8537239999999999,ABW,USA,8851
1793201,2,231,1398,2004.0,0.0,48057.0,-0.8688110000000001,-1.198692,AGO,USA,8851
1793202,3,231,1398,2004.0,0.0,2243.0,1.215071,0.143539,AIA,USA,8851
1793203,4,231,1398,2004.0,0.0,2526.0,-0.142479,0.136074,ALB,USA,8851
1793204,5,231,1398,2004.0,0.0,95608.0,1.122154,0.958434,AND,USA,8851
1793205,6,231,1398,2004.0,116313.0,14218432.0,0.080304,-0.634516,ANT,USA,8851
1793206,7,231,1398,2004.0,821736.0,4822630.0,-0.10993399999999999,-0.5351640000000001,ARE,USA,8851
1793207,8,231,1398,2004.0,85272.0,2449699.0,-0.070845,0.879574,ARG,USA,8851
1793208,9,231,1398,2004.0,762669.0,0.0,0.497276,-0.226016,ARM,USA,8851
1793209,13,231,1398,2004.0,0.0,2527750.0,-0.28271,-0.850197,ATG,USA,8851
1793210,14,231,1398,2004.0,676006.0,3907195.0,-0.198735,0.81543,AUS,USA,8851
1793211,15,231,1398,2004.0,2034420.0,875923.0,1.958949,0.209296,AUT,USA,8851
1793212,16,231,1398,2004.0,0.0,37328.0,-0.720616,-1.009692,AZE,USA,8851
1793213,18,231,1398,2004.0,1110439.0,501784.0,1.242665,1.541444,BEL,USA,8851
1793214,19,231,1398,2004.0,0.0,108279.0,-1.422449,-1.09615,BEN,USA,8851
1793215,22,231,1398,2004.0,0.0,25512.0,-1.074194,-0.9392389999999999,BGD,USA,8851
1793216,23,231,1398,2004.0,284703.0,12572.0,0.390627,1.631006,BGR,USA,8851
1793217,24,231,1398,2004.0,0.0,336698.0,-0.551237,-1.174628,BHR,USA,8851
1793218,25,231,1398,2004.0,360633.0,10858256.0,0.029548,-0.692239,BHS,USA,8851
1793219,26,231,1398,2004.0,0.0,63161.0,0.45637,0.6154470000000001,BIH,USA,8851
1793220,28,231,1398,2004.0,1204.0,0.0,0.9384239999999999,0.9708690000000001,BLR,USA,8851
1793221,29,231,1398,2004.0,0.0,238356.0,-0.528459,-0.739219,BLZ,USA,8851
1793222,30,231,1398,2004.0,0.0,1208735.0,0.67576,-0.49529799999999996,BMU,USA,8851
1793223,31,231,1398,2004.0,1765.0,65179.0,-0.841087,-0.770059,BOL,USA,8851
1793224,32,231,1398,2004.0,229973.0,4005736.0,0.504233,1.567879,BRA,USA,8851
1793225,33,231,1398,2004.0,23581.0,6730219.0,0.644308,0.290054,BRB,USA,8851
1793226,34,231,1398,2004.0,0.0,1738.0,-0.720827,-0.964435,BRN,USA,8851
1793227,39,231,1398,2004.0,9413166.0,40518884.0,0.781591,1.365966,CAN,USA,8851
1793228,41,231,1398,2004.0,1615063040.0,108570336.0,2.234603,0.551975,CHE,USA,8851
1793229,42,231,1398,2004.0,298046.0,1259222.0,-0.24101399999999998,-0.303103,CHL,USA,8851
1793230,43,231,1398,2004.0,292016512.0,517288.0,0.710603,2.017234,CHN,USA,8851
1793231,44,231,1398,2004.0,0.0,7379.0,-0.835933,-0.749289,CIV,USA,8851
1793232,45,231,1398,2004.0,51167.0,17819.0,-1.380149,-1.220501,CMR,USA,8851
1793233,47,231,1398,2004.0,2233.0,0.0,-1.415254,-1.24599,COG,USA,8851
1793234,49,231,1398,2004.0,43917.0,2186442.0,0.044706,0.514304,COL,USA,8851
1793235,52,231,1398,2004.0,63229.0,489256.0,-0.036323,-0.313847,CRI,USA,8851
1793236,57,231,1398,2004.0,0.0,5898353.0,0.47268999999999994,-0.742781,CYM,USA,8851
1793237,58,231,1398,2004.0,13063.0,23942.0,0.42732200000000004,0.811763,CYP,USA,8851
1793238,59,231,1398,2004.0,248247.0,125367.0,1.612543,0.607495,CZE,USA,8851
1793239,61,231,1398,2004.0,38133012.0,12030130.0,2.4453099999999997,-2.331761,DEU,USA,8851
1793240,63,231,1398,2004.0,0.0,124260.0,0.478601,0.368796,DMA,USA,8851
1793241,64,231,1398,2004.0,622930.0,837880.0,1.309074,1.2627979999999999,DNK,USA,8851
1793242,65,231,1398,2004.0,7538.0,762736.0,-0.24909699999999999,-0.326783,DOM,USA,8851
1793243,66,231,1398,2004.0,0.0,6905.0,-1.166661,-1.2240879999999998,DZA,USA,8851
1793244,67,231,1398,2004.0,1222.0,1115200.0,-0.990727,-0.9383090000000001,ECU,USA,8851
1793245,68,231,1398,2004.0,0.0,126844.0,-0.35823499999999997,0.5000100000000001,EGY,USA,8851
1793246,71,231,1398,2004.0,7821564.0,6004417.0,1.04057,1.789023,ESP,USA,8851
1793247,72,231,1398,2004.0,80191.0,58290.0,0.645741,1.035117,EST,USA,8851
1793248,74,231,1398,2004.0,6322390.0,327881.0,1.9662810000000002,1.018108,FIN,USA,8851
1793249,75,231,1398,2004.0,0.0,11967.0,-0.793333,-0.27460100000000004,FJI,USA,8851
1793250,77,231,1398,2004.0,17538122.0,8145306.0,1.57079,0.6776760000000001,FRA,USA,8851
1793251,79,231,1398,2004.0,0.0,14401.0,-1.155942,-1.049955,FSM,USA,8851
1793252,80,231,1398,2004.0,0.0,56866.0,-1.006071,-1.212338,GAB,USA,8851
1793253,81,231,1398,2004.0,22489952.0,20655728.0,1.872987,0.734065,GBR,USA,8851
1793254,82,231,1398,2004.0,0.0,10974.0,-0.030676,-0.560186,GEO,USA,8851
1793255,83,231,1398,2004.0,0.0,22218.0,-1.015073,-0.9147069999999999,GHA,USA,8851
1793256,84,231,1398,2004.0,0.0,7898.0,0.501154,-0.562796,GIB,USA,8851
1793257,87,231,1398,2004.0,0.0,6596.0,-0.22746999999999998,-0.14824600000000002,GMB,USA,8851
1793258,89,231,1398,2004.0,0.0,21006.0,-1.9282080000000001,-0.928127,GNQ,USA,8851
1793259,90,231,1398,2004.0,16288.0,661696.0,0.298029,1.745886,GRC,USA,8851
1793260,91,231,1398,2004.0,46660.0,309083.0,0.426058,-0.30841799999999997,GRD,USA,8851
1793261,93,231,1398,2004.0,0.0,1066875.0,-0.39399,0.139128,GTM,USA,8851
1793262,96,231,1398,2004.0,0.0,8493.0,-0.932802,-0.9846530000000001,GUY,USA,8851
1793263,97,231,1398,2004.0,106888600.0,29659896.0,0.72816,1.403171,HKG,USA,8851
1793264,99,231,1398,2004.0,2482.0,410170.0,-0.6372140000000001,-0.453946,HND,USA,8851
1793265,100,231,1398,2004.0,0.0,96302.0,0.744459,1.1994479999999998,HRV,USA,8851
1793266,101,231,1398,2004.0,0.0,59611.0,-0.919434,-0.9868950000000001,HTI,USA,8851
1793267,102,231,1398,2004.0,1163320.0,193187.0,1.3579370000000002,0.9993219999999999,HUN,USA,8851
1793268,103,231,1398,2004.0,1015244.0,144468.0,0.010095999999999999,1.7413779999999999,IDN,USA,8851
1793269,104,231,1398,2004.0,819385.0,289322.0,0.20872,2.817307,IND,USA,8851
1793270,106,231,1398,2004.0,1126226.0,637353.0,1.498475,0.19050799999999998,IRL,USA,8851
1793271,108,231,1398,2004.0,0.0,68268.0,-1.50824,-1.082486,IRQ,USA,8851
1793272,109,231,1398,2004.0,440998.0,161846.0,0.107901,-0.41223699999999996,ISL,USA,8851
1793273,110,231,1398,2004.0,2738184.0,2343628.0,1.252895,0.8662770000000001,ISR,USA,8851
1793274,111,231,1398,2004.0,47127996.0,5947795.0,1.440372,0.676068,ITA,USA,8851
1793275,112,231,1398,2004.0,186893.0,6002086.0,-0.505365,-0.9596120000000001,JAM,USA,8851
1793276,113,231,1398,2004.0,19493.0,44994.0,0.16384200000000002,0.34270100000000003,JOR,USA,8851
1793277,114,231,1398,2004.0,519791392.0,18668138.0,2.756136,0.15545,JPN,USA,8851
1793278,116,231,1398,2004.0,0.0,19991.0,-0.565597,0.182375,KEN,USA,8851
1793279,120,231,1398,2004.0,0.0,59024.0,0.5528109999999999,-0.342657,KNA,USA,8851
1793280,121,231,1398,2004.0,5899436.0,2804411.0,1.481275,0.7859,KOR,USA,8851
1793281,122,231,1398,2004.0,0.0,1071871.0,-0.8195479999999999,-1.2105709999999998,KWT,USA,8851
1793282,124,231,1398,2004.0,533526.0,348578.0,0.269753,1.3152979999999999,LBN,USA,8851
1793283,126,231,1398,2004.0,0.0,14203.0,-0.895142,-1.211141,LBY,USA,8851
1793284,127,231,1398,2004.0,54165.0,2344110.0,0.31900300000000004,-0.346391,LCA,USA,8851
1793285,130,231,1398,2004.0,54710.0,22261.0,0.341521,0.7971560000000001,LTU,USA,8851
1793286,131,231,1398,2004.0,3505.0,353066.0,1.258828,1.079923,LUX,USA,8851
1793287,132,231,1398,2004.0,17342.0,21668.0,0.415001,0.8476809999999999,LVA,USA,8851
1793288,133,231,1398,2004.0,8690.0,4352.0,-0.12333599999999999,-0.600164,MAC,USA,8851
1793289,134,231,1398,2004.0,0.0,8858.0,-0.626594,-0.22253499999999998,MAR,USA,8851
1793290,135,231,1398,2004.0,0.0,18110.0,-0.13031900000000002,-0.118591,MDA,USA,8851
1793291,137,231,1398,2004.0,0.0,3451.0,-0.44303000000000003,-0.841744,MDV,USA,8851
1793292,138,231,1398,2004.0,1231162.0,28645774.0,1.183707,0.9043700000000001,MEX,USA,8851
1793293,142,231,1398,2004.0,0.0,13514.0,1.2290379999999999,-0.025372,MLT,USA,8851
1793294,151,231,1398,2004.0,0.0,69004.0,-0.161262,-0.29730300000000004,MUS,USA,8851
1793295,153,231,1398,2004.0,7633827.0,1189810.0,1.250098,0.352379,MYS,USA,8851
1793296,155,231,1398,2004.0,0.0,38514.0,-0.408989,-0.462016,NAM,USA,8851
1793297,156,231,1398,2004.0,0.0,12174.0,-0.279566,-0.860456,NCL,USA,8851
1793298,159,231,1398,2004.0,0.0,110358.0,-2.336753,-1.350375,NGA,USA,8851
1793299,160,231,1398,2004.0,0.0,101070.0,-1.003846,-0.697642,NIC,USA,8851
1793300,162,231,1398,2004.0,917384.0,2245336.0,1.171327,1.6369799999999999,NLD,USA,8851
1793301,163,231,1398,2004.0,32478.0,498620.0,0.731175,-0.0655,NOR,USA,8851
1793302,166,231,1398,2004.0,66100.0,511446.0,0.44099099999999997,0.968326,NZL,USA,8851
1793303,167,231,1398,2004.0,2336.0,98903.0,-0.707862,-1.187629,OMN,USA,8851
1793304,168,231,1398,2004.0,93467.0,39293.0,-0.7489600000000001,0.22493200000000002,PAK,USA,8851
1793305,169,231,1398,2004.0,83724.0,8597133.0,0.054997000000000004,0.440416,PAN,USA,8851
1793306,173,231,1398,2004.0,0.0,315542.0,-0.609837,0.13314,PER,USA,8851
1793307,174,231,1398,2004.0,59461724.0,3329178.0,0.288786,-0.25348699999999996,PHL,USA,8851
1793308,176,231,1398,2004.0,0.0,6876.0,-1.57259,-1.215066,PNG,USA,8851
1793309,177,231,1398,2004.0,103718.0,262626.0,0.989568,1.49055,POL,USA,8851
1793310,179,231,1398,2004.0,259691.0,186881.0,0.705075,1.7268729999999999,PRT,USA,8851
1793311,180,231,1398,2004.0,0.0,418366.0,-0.634469,-0.870034,PRY,USA,8851
1793312,182,231,1398,2004.0,0.0,170054.0,-0.125349,-0.718282,PYF,USA,8851
1793313,183,231,1398,2004.0,0.0,490837.0,0.018141,-1.03766,QAT,USA,8851
1793314,185,231,1398,2004.0,44725.0,77576.0,0.53925,1.145066,ROU,USA,8851
1793315,186,231,1398,2004.0,153150.0,150373.0,0.422803,0.017524,RUS,USA,8851
1793316,188,231,1398,2004.0,42540.0,1110178.0,0.361324,-0.760732,SAU,USA,8851
1793317,189,231,1398,2004.0,0.0,36878.0,0.544686,2.418024,SCG,USA,8851
1793318,191,231,1398,2004.0,0.0,6165.0,-0.620158,-0.296575,SEN,USA,8851
1793319,192,231,1398,2004.0,3528471.0,5746316.0,1.804502,0.570084,SGP,USA,8851
1793320,194,231,1398,2004.0,1464.0,0.0,1.265068,0.28931799999999996,SHN,USA,8851
1793321,196,231,1398,2004.0,0.0,30000.0,0.43205699999999997,0.068877,SLE,USA,8851
1793322,197,231,1398,2004.0,3683.0,552083.0,-0.21054299999999998,0.086382,SLV,USA,8851
1793323,198,231,1398,2004.0,0.0,157059.0,1.530337,0.719013,SMR,USA,8851
1793324,205,231,1398,2004.0,0.0,24757.0,-1.056251,-1.0234590000000001,SUR,USA,8851
1793325,206,231,1398,2004.0,16571.0,0.0,1.2683149999999999,0.9208620000000001,SVK,USA,8851
1793326,207,231,1398,2004.0,20146.0,38430.0,1.700677,0.829765,SVN,USA,8851
1793327,208,231,1398,2004.0,443509.0,216417.0,2.105611,0.707843,SWE,USA,8851
1793328,209,231,1398,2004.0,2355.0,166532.0,0.528937,-0.241038,SWZ,USA,8851
1793329,213,231,1398,2004.0,155703.0,345425.0,0.641878,0.22729000000000002,TCA,USA,8851
1793330,215,231,1398,2004.0,0.0,27077.0,-0.569621,-0.533211,TGO,USA,8851
1793331,216,231,1398,2004.0,112829712.0,720522.0,0.633501,1.4648290000000002,THA,USA,8851
1793332,221,231,1398,2004.0,0.0,2046.0,-0.431874,-0.8715629999999999,TON,USA,8851
1793333,222,231,1398,2004.0,0.0,318264.0,-0.108049,-0.923523,TTO,USA,8851
1793334,223,231,1398,2004.0,0.0,81433.0,-0.125092,0.370625,TUN,USA,8851
1793335,224,231,1398,2004.0,1517050.0,1166040.0,0.249065,1.910598,TUR,USA,8851
1793336,228,231,1398,2004.0,0.0,5268.0,0.672848,1.172735,UKR,USA,8851
1793337,230,231,1398,2004.0,37056.0,1677736.0,-0.051583000000000004,0.145056,URY,USA,8851
1793338,234,231,1398,2004.0,0.0,40697.0,-0.706188,-0.9244120000000001,VCT,USA,8851
1793339,236,231,1398,2004.0,69245.0,3906656.0,-0.41193900000000006,-0.9578899999999999,VEN,USA,8851
1793340,237,231,1398,2004.0,10981.0,887879.0,0.689844,-0.23942,VGB,USA,8851
1793341,239,231,1398,2004.0,46111.0,7961.0,-0.46875500000000003,0.734412,VNM,USA,8851
1793342,243,231,1398,2004.0,0.0,18266.0,-1.298227,-1.2496639999999999,YEM,USA,8851
1793343,246,231,1398,2004.0,6674.0,2249054.0,0.29599699999999995,1.909018,ZAF,USA,8851
1793344,249,231,1398,2004.0,3650113.0,1157927.0,1.8844150000000002,1.257951,TWN,USA,8851
1793345,0,236,1398,2004.0,4410.0,0.0,0.074978,-0.8537239999999999,ABW,VEN,8851
1793346,6,236,1398,2004.0,19536.0,1472.0,0.080304,-0.634516,ANT,VEN,8851
1793347,15,236,1398,2004.0,1493.0,0.0,1.958949,0.209296,AUT,VEN,8851
1793348,18,236,1398,2004.0,22509.0,0.0,1.242665,1.541444,BEL,VEN,8851
1793349,32,236,1398,2004.0,5313.0,0.0,0.504233,1.567879,BRA,VEN,8851
1793350,41,236,1398,2004.0,8823207.0,1229.0,2.234603,0.551975,CHE,VEN,8851
1793351,42,236,1398,2004.0,0.0,52182.0,-0.24101399999999998,-0.303103,CHL,VEN,8851
1793352,43,236,1398,2004.0,1256610.0,0.0,0.710603,2.017234,CHN,VEN,8851
1793353,49,236,1398,2004.0,26585.0,14032.0,0.044706,0.514304,COL,VEN,8851
1793354,59,236,1398,2004.0,1852.0,0.0,1.612543,0.607495,CZE,VEN,8851
1793355,61,236,1398,2004.0,284964.0,0.0,2.4453099999999997,-2.331761,DEU,VEN,8851
1793356,67,236,1398,2004.0,0.0,5935.0,-0.990727,-0.9383090000000001,ECU,VEN,8851
1793357,71,236,1398,2004.0,93653.0,1150.0,1.04057,1.789023,ESP,VEN,8851
1793358,77,236,1398,2004.0,33962.0,0.0,1.57079,0.6776760000000001,FRA,VEN,8851
1793359,81,236,1398,2004.0,2420.0,0.0,1.872987,0.734065,GBR,VEN,8851
1793360,97,236,1398,2004.0,5386842.0,0.0,0.72816,1.403171,HKG,VEN,8851
1793361,103,236,1398,2004.0,1532.0,0.0,0.010095999999999999,1.7413779999999999,IDN,VEN,8851
1793362,104,236,1398,2004.0,8286.0,0.0,0.20872,2.817307,IND,VEN,8851
1793363,111,236,1398,2004.0,195665.0,3934.0,1.440372,0.676068,ITA,VEN,8851
1793364,114,236,1398,2004.0,249414.0,0.0,2.756136,0.15545,JPN,VEN,8851
1793365,124,236,1398,2004.0,33423.0,0.0,0.269753,1.3152979999999999,LBN,VEN,8851
1793366,138,236,1398,2004.0,33863.0,0.0,1.183707,0.9043700000000001,MEX,VEN,8851
1793367,153,236,1398,2004.0,341796.0,0.0,1.250098,0.352379,MYS,VEN,8851
1793368,162,236,1398,2004.0,2804.0,0.0,1.171327,1.6369799999999999,NLD,VEN,8851
1793369,163,236,1398,2004.0,5298.0,0.0,0.731175,-0.0655,NOR,VEN,8851
1793370,169,236,1398,2004.0,1626534.0,30200.0,0.054997000000000004,0.440416,PAN,VEN,8851
1793371,173,236,1398,2004.0,58036.0,0.0,-0.609837,0.13314,PER,VEN,8851
1793372,174,236,1398,2004.0,21753.0,0.0,0.288786,-0.25348699999999996,PHL,VEN,8851
1793373,212,236,1398,2004.0,1448.0,0.0,-0.698545,-0.111323,SYR,VEN,8851
1793374,216,236,1398,2004.0,76487.0,0.0,0.633501,1.4648290000000002,THA,VEN,8851
1793375,231,236,1398,2004.0,3906656.0,69245.0,1.818327,-0.17913900000000002,USA,VEN,8851
1793376,249,236,1398,2004.0,8865.0,0.0,1.8844150000000002,1.257951,TWN,VEN,8851
1793377,250,236,1398,2004.0,2437.0,0.0,0.46240200000000004,-0.406624,ANS,VEN,8851
1793378,0,243,1398,2004.0,35398.0,0.0,0.074978,-0.8537239999999999,ABW,YEM,8851
1793379,7,243,1398,2004.0,1691.0,0.0,-0.10993399999999999,-0.5351640000000001,ARE,YEM,8851
1793380,41,243,1398,2004.0,1449794.0,0.0,2.234603,0.551975,CHE,YEM,8851
1793381,43,243,1398,2004.0,49321.0,0.0,0.710603,2.017234,CHN,YEM,8851
1793382,61,243,1398,2004.0,7642.0,0.0,2.4453099999999997,-2.331761,DEU,YEM,8851
1793383,71,243,1398,2004.0,2569.0,0.0,1.04057,1.789023,ESP,YEM,8851
1793384,77,243,1398,2004.0,51619.0,0.0,1.57079,0.6776760000000001,FRA,YEM,8851
1793385,97,243,1398,2004.0,43593.0,0.0,0.72816,1.403171,HKG,YEM,8851
1793386,104,243,1398,2004.0,24438.0,0.0,0.20872,2.817307,IND,YEM,8851
1793387,114,243,1398,2004.0,17394.0,0.0,2.756136,0.15545,JPN,YEM,8851
1793388,231,243,1398,2004.0,18266.0,0.0,1.818327,-0.17913900000000002,USA,YEM,8851
1793389,249,243,1398,2004.0,1321.0,0.0,1.8844150000000002,1.257951,TWN,YEM,8851
1793390,2,246,1398,2004.0,0.0,83783.0,-0.8688110000000001,-1.198692,AGO,ZAF,8851
1793391,7,246,1398,2004.0,31190.0,92629.0,-0.10993399999999999,-0.5351640000000001,ARE,ZAF,8851
1793392,14,246,1398,2004.0,450855.0,9686.0,-0.198735,0.81543,AUS,ZAF,8851
1793393,15,246,1398,2004.0,181491.0,0.0,1.958949,0.209296,AUT,ZAF,8851
1793394,18,246,1398,2004.0,70024.0,0.0,1.242665,1.541444,BEL,ZAF,8851
1793395,30,246,1398,2004.0,0.0,3178.0,0.67576,-0.49529799999999996,BMU,ZAF,8851
1793396,37,246,1398,2004.0,10658.0,708858.0,-0.435159,-1.150519,BWA,ZAF,8851
1793397,39,246,1398,2004.0,3487.0,2081.0,0.781591,1.365966,CAN,ZAF,8851
1793398,41,246,1398,2004.0,14003283.0,315996.0,2.234603,0.551975,CHE,ZAF,8851
1793399,43,246,1398,2004.0,4228134.0,6225.0,0.710603,2.017234,CHN,ZAF,8851
1793400,44,246,1398,2004.0,0.0,1106.0,-0.835933,-0.749289,CIV,ZAF,8851
1793401,46,246,1398,2004.0,0.0,7134.0,-1.426621,-1.198377,COD,ZAF,8851
1793402,61,246,1398,2004.0,252024.0,9031.0,2.4453099999999997,-2.331761,DEU,ZAF,8851
1793403,64,246,1398,2004.0,1143.0,11988.0,1.309074,1.2627979999999999,DNK,ZAF,8851
1793404,71,246,1398,2004.0,144864.0,0.0,1.04057,1.789023,ESP,ZAF,8851
1793405,74,246,1398,2004.0,302291.0,0.0,1.9662810000000002,1.018108,FIN,ZAF,8851
1793406,77,246,1398,2004.0,2352227.0,28993.0,1.57079,0.6776760000000001,FRA,ZAF,8851
1793407,80,246,1398,2004.0,0.0,26427.0,-1.006071,-1.212338,GAB,ZAF,8851
1793408,81,246,1398,2004.0,1818848.0,172975.0,1.872987,0.734065,GBR,ZAF,8851
1793409,97,246,1398,2004.0,13793857.0,29857.0,0.72816,1.403171,HKG,ZAF,8851
1793410,103,246,1398,2004.0,32101.0,3607.0,0.010095999999999999,1.7413779999999999,IDN,ZAF,8851
1793411,104,246,1398,2004.0,457759.0,57843.0,0.20872,2.817307,IND,ZAF,8851
1793412,106,246,1398,2004.0,4336.0,0.0,1.498475,0.19050799999999998,IRL,ZAF,8851
1793413,110,246,1398,2004.0,12483.0,0.0,1.252895,0.8662770000000001,ISR,ZAF,8851
1793414,111,246,1398,2004.0,57265.0,5171.0,1.440372,0.676068,ITA,ZAF,8851
1793415,114,246,1398,2004.0,88550.0,0.0,2.756136,0.15545,JPN,ZAF,8851
1793416,116,246,1398,2004.0,0.0,611037.0,-0.565597,0.182375,KEN,ZAF,8851
1793417,121,246,1398,2004.0,36467.0,0.0,1.481275,0.7859,KOR,ZAF,8851
1793418,122,246,1398,2004.0,0.0,30238.0,-0.8195479999999999,-1.2105709999999998,KWT,ZAF,8851
1793419,129,246,1398,2004.0,0.0,241958.0,-0.886014,-1.031562,LSO,ZAF,8851
1793420,141,246,1398,2004.0,0.0,2770.0,-0.5807979999999999,-0.797311,MLI,ZAF,8851
1793421,147,246,1398,2004.0,0.0,43892.0,-1.009633,-0.9863059999999999,MOZ,ZAF,8851
1793422,151,246,1398,2004.0,55726.0,111037.0,-0.161262,-0.29730300000000004,MUS,ZAF,8851
1793423,152,246,1398,2004.0,0.0,10208.0,-1.233417,-1.071204,MWI,ZAF,8851
1793424,153,246,1398,2004.0,50210.0,0.0,1.250098,0.352379,MYS,ZAF,8851
1793425,155,246,1398,2004.0,18048.0,1292703.0,-0.408989,-0.462016,NAM,ZAF,8851
1793426,159,246,1398,2004.0,1548.0,0.0,-2.336753,-1.350375,NGA,ZAF,8851
1793427,162,246,1398,2004.0,335956.0,3211.0,1.171327,1.6369799999999999,NLD,ZAF,8851
1793428,174,246,1398,2004.0,130263.0,1554.0,0.288786,-0.25348699999999996,PHL,ZAF,8851
1793429,188,246,1398,2004.0,1721.0,0.0,0.361324,-0.760732,SAU,ZAF,8851
1793430,192,246,1398,2004.0,313952.0,7705.0,1.804502,0.570084,SGP,ZAF,8851
1793431,194,246,1398,2004.0,0.0,3762.0,1.265068,0.28931799999999996,SHN,ZAF,8851
1793432,196,246,1398,2004.0,0.0,15480.0,0.43205699999999997,0.068877,SLE,ZAF,8851
1793433,208,246,1398,2004.0,10889.0,0.0,2.105611,0.707843,SWE,ZAF,8851
1793434,209,246,1398,2004.0,1503.0,323197.0,0.528937,-0.241038,SWZ,ZAF,8851
1793435,211,246,1398,2004.0,0.0,2928.0,-0.585828,-0.768388,SYC,ZAF,8851
1793436,216,246,1398,2004.0,276226.0,0.0,0.633501,1.4648290000000002,THA,ZAF,8851
1793437,226,246,1398,2004.0,0.0,32136.0,-0.935327,0.362709,TZA,ZAF,8851
1793438,227,246,1398,2004.0,0.0,15119.0,-1.05367,-0.546304,UGA,ZAF,8851
1793439,231,246,1398,2004.0,2249054.0,6674.0,1.818327,-0.17913900000000002,USA,ZAF,8851
1793440,239,246,1398,2004.0,9112.0,0.0,-0.46875500000000003,0.734412,VNM,ZAF,8851
1793441,247,246,1398,2004.0,0.0,86873.0,-0.8752479999999999,-0.784285,ZMB,ZAF,8851
1793442,248,246,1398,2004.0,0.0,53574.0,-0.44064799999999993,0.01704,ZWE,ZAF,8851
1793443,249,246,1398,2004.0,33748.0,0.0,1.8844150000000002,1.257951,TWN,ZAF,8851
1793444,250,246,1398,2004.0,102716.0,0.0,0.46240200000000004,-0.406624,ANS,ZAF,8851
1793445,5,249,1398,2004.0,0.0,1332.0,1.122154,0.958434,AND,TWN,8851
1793446,7,249,1398,2004.0,0.0,192539.0,-0.10993399999999999,-0.5351640000000001,ARE,TWN,8851
1793447,8,249,1398,2004.0,5651.0,33031.0,-0.070845,0.879574,ARG,TWN,8851
1793448,14,249,1398,2004.0,67818.0,323043.0,-0.198735,0.81543,AUS,TWN,8851
1793449,15,249,1398,2004.0,4330.0,30966.0,1.958949,0.209296,AUT,TWN,8851
1793450,16,249,1398,2004.0,0.0,4149.0,-0.720616,-1.009692,AZE,TWN,8851
1793451,18,249,1398,2004.0,12215.0,66343.0,1.242665,1.541444,BEL,TWN,8851
1793452,24,249,1398,2004.0,0.0,74527.0,-0.551237,-1.174628,BHR,TWN,8851
1793453,28,249,1398,2004.0,0.0,1013.0,0.9384239999999999,0.9708690000000001,BLR,TWN,8851
1793454,32,249,1398,2004.0,0.0,146075.0,0.504233,1.567879,BRA,TWN,8851
1793455,39,249,1398,2004.0,0.0,255247.0,0.781591,1.365966,CAN,TWN,8851
1793456,41,249,1398,2004.0,152498672.0,3601500.0,2.234603,0.551975,CHE,TWN,8851
1793457,42,249,1398,2004.0,0.0,27740.0,-0.24101399999999998,-0.303103,CHL,TWN,8851
1793458,43,249,1398,2004.0,10285921.0,1205174.0,0.710603,2.017234,CHN,TWN,8851
1793459,49,249,1398,2004.0,0.0,108353.0,0.044706,0.514304,COL,TWN,8851
1793460,52,249,1398,2004.0,0.0,27455.0,-0.036323,-0.313847,CRI,TWN,8851
1793461,58,249,1398,2004.0,11699.0,8040.0,0.42732200000000004,0.811763,CYP,TWN,8851
1793462,59,249,1398,2004.0,6549.0,16793.0,1.612543,0.607495,CZE,TWN,8851
1793463,61,249,1398,2004.0,2193490.0,716522.0,2.4453099999999997,-2.331761,DEU,TWN,8851
1793464,63,249,1398,2004.0,0.0,9715.0,0.478601,0.368796,DMA,TWN,8851
1793465,64,249,1398,2004.0,302501.0,7407.0,1.309074,1.2627979999999999,DNK,TWN,8851
1793466,67,249,1398,2004.0,0.0,1067.0,-0.990727,-0.9383090000000001,ECU,TWN,8851
1793467,68,249,1398,2004.0,0.0,10828.0,-0.35823499999999997,0.5000100000000001,EGY,TWN,8851
1793468,71,249,1398,2004.0,10184.0,443255.0,1.04057,1.789023,ESP,TWN,8851
1793469,74,249,1398,2004.0,4601.0,9470.0,1.9662810000000002,1.018108,FIN,TWN,8851
1793470,75,249,1398,2004.0,0.0,44039.0,-0.793333,-0.27460100000000004,FJI,TWN,8851
1793471,77,249,1398,2004.0,2511384.0,612366.0,1.57079,0.6776760000000001,FRA,TWN,8851
1793472,81,249,1398,2004.0,68427.0,473732.0,1.872987,0.734065,GBR,TWN,8851
1793473,90,249,1398,2004.0,6983.0,128281.0,0.298029,1.745886,GRC,TWN,8851
1793474,93,249,1398,2004.0,0.0,49493.0,-0.39399,0.139128,GTM,TWN,8851
1793475,97,249,1398,2004.0,16257056.0,4820286.0,0.72816,1.403171,HKG,TWN,8851
1793476,99,249,1398,2004.0,0.0,6118.0,-0.6372140000000001,-0.453946,HND,TWN,8851
1793477,100,249,1398,2004.0,0.0,26949.0,0.744459,1.1994479999999998,HRV,TWN,8851
1793478,102,249,1398,2004.0,0.0,8451.0,1.3579370000000002,0.9993219999999999,HUN,TWN,8851
1793479,103,249,1398,2004.0,432218.0,14045.0,0.010095999999999999,1.7413779999999999,IDN,TWN,8851
1793480,104,249,1398,2004.0,0.0,160393.0,0.20872,2.817307,IND,TWN,8851
1793481,106,249,1398,2004.0,0.0,2516.0,1.498475,0.19050799999999998,IRL,TWN,8851
1793482,107,249,1398,2004.0,0.0,14498.0,-0.6691699999999999,-1.002548,IRN,TWN,8851
1793483,110,249,1398,2004.0,7281.0,52551.0,1.252895,0.8662770000000001,ISR,TWN,8851
1793484,111,249,1398,2004.0,1890926.0,212614.0,1.440372,0.676068,ITA,TWN,8851
1793485,113,249,1398,2004.0,0.0,7361.0,0.16384200000000002,0.34270100000000003,JOR,TWN,8851
1793486,114,249,1398,2004.0,7837956.0,1402455.0,2.756136,0.15545,JPN,TWN,8851
1793487,121,249,1398,2004.0,438561.0,314668.0,1.481275,0.7859,KOR,TWN,8851
1793488,122,249,1398,2004.0,0.0,2765.0,-0.8195479999999999,-1.2105709999999998,KWT,TWN,8851
1793489,124,249,1398,2004.0,0.0,11110.0,0.269753,1.3152979999999999,LBN,TWN,8851
1793490,128,249,1398,2004.0,0.0,8541.0,-0.42450299999999996,0.173518,LKA,TWN,8851
1793491,130,249,1398,2004.0,33866.0,1028.0,0.341521,0.7971560000000001,LTU,TWN,8851
1793492,131,249,1398,2004.0,0.0,2340.0,1.258828,1.079923,LUX,TWN,8851
1793493,132,249,1398,2004.0,0.0,17155.0,0.415001,0.8476809999999999,LVA,TWN,8851
1793494,133,249,1398,2004.0,67546.0,51523.0,-0.12333599999999999,-0.600164,MAC,TWN,8851
1793495,134,249,1398,2004.0,0.0,12064.0,-0.626594,-0.22253499999999998,MAR,TWN,8851
1793496,138,249,1398,2004.0,0.0,77223.0,1.183707,0.9043700000000001,MEX,TWN,8851
1793497,142,249,1398,2004.0,0.0,3915.0,1.2290379999999999,-0.025372,MLT,TWN,8851
1793498,153,249,1398,2004.0,659789.0,785227.0,1.250098,0.352379,MYS,TWN,8851
1793499,156,249,1398,2004.0,0.0,5580.0,-0.279566,-0.860456,NCL,TWN,8851
1793500,160,249,1398,2004.0,0.0,12381.0,-1.003846,-0.697642,NIC,TWN,8851
1793501,162,249,1398,2004.0,89812.0,324523.0,1.171327,1.6369799999999999,NLD,TWN,8851
1793502,163,249,1398,2004.0,0.0,42257.0,0.731175,-0.0655,NOR,TWN,8851
1793503,164,249,1398,2004.0,0.0,3680.0,-0.16800199999999998,0.541976,NPL,TWN,8851
1793504,166,249,1398,2004.0,0.0,39432.0,0.44099099999999997,0.968326,NZL,TWN,8851
1793505,167,249,1398,2004.0,0.0,13414.0,-0.707862,-1.187629,OMN,TWN,8851
1793506,168,249,1398,2004.0,0.0,28370.0,-0.7489600000000001,0.22493200000000002,PAK,TWN,8851
1793507,169,249,1398,2004.0,0.0,29759.0,0.054997000000000004,0.440416,PAN,TWN,8851
1793508,174,249,1398,2004.0,93745.0,45953.0,0.288786,-0.25348699999999996,PHL,TWN,8851
1793509,175,249,1398,2004.0,0.0,1094.0,0.222671,-0.802012,PLW,TWN,8851
1793510,177,249,1398,2004.0,0.0,44605.0,0.989568,1.49055,POL,TWN,8851
1793511,179,249,1398,2004.0,0.0,6808.0,0.705075,1.7268729999999999,PRT,TWN,8851
1793512,180,249,1398,2004.0,0.0,36133.0,-0.634469,-0.870034,PRY,TWN,8851
1793513,182,249,1398,2004.0,0.0,4012.0,-0.125349,-0.718282,PYF,TWN,8851
1793514,183,249,1398,2004.0,0.0,199258.0,0.018141,-1.03766,QAT,TWN,8851
1793515,185,249,1398,2004.0,0.0,10434.0,0.53925,1.145066,ROU,TWN,8851
1793516,186,249,1398,2004.0,0.0,28585.0,0.422803,0.017524,RUS,TWN,8851
1793517,188,249,1398,2004.0,0.0,1276581.0,0.361324,-0.760732,SAU,TWN,8851
1793518,189,249,1398,2004.0,0.0,5530.0,0.544686,2.418024,SCG,TWN,8851
1793519,191,249,1398,2004.0,0.0,1033.0,-0.620158,-0.296575,SEN,TWN,8851
1793520,192,249,1398,2004.0,985508.0,326449.0,1.804502,0.570084,SGP,TWN,8851
1793521,206,249,1398,2004.0,0.0,27483.0,1.2683149999999999,0.9208620000000001,SVK,TWN,8851
1793522,207,249,1398,2004.0,0.0,17113.0,1.700677,0.829765,SVN,TWN,8851
1793523,208,249,1398,2004.0,268379.0,31063.0,2.105611,0.707843,SWE,TWN,8851
1793524,216,249,1398,2004.0,1707103.0,221036.0,0.633501,1.4648290000000002,THA,TWN,8851
1793525,222,249,1398,2004.0,0.0,3054.0,-0.108049,-0.923523,TTO,TWN,8851
1793526,224,249,1398,2004.0,0.0,63593.0,0.249065,1.910598,TUR,TWN,8851
1793527,230,249,1398,2004.0,0.0,3937.0,-0.051583000000000004,0.145056,URY,TWN,8851
1793528,231,249,1398,2004.0,1157927.0,3650113.0,1.818327,-0.17913900000000002,USA,TWN,8851
1793529,236,249,1398,2004.0,0.0,8865.0,-0.41193900000000006,-0.9578899999999999,VEN,TWN,8851
1793530,239,249,1398,2004.0,2018.0,4952.0,-0.46875500000000003,0.734412,VNM,TWN,8851
1793531,243,249,1398,2004.0,0.0,1321.0,-1.298227,-1.2496639999999999,YEM,TWN,8851
1793532,246,249,1398,2004.0,0.0,33748.0,0.29599699999999995,1.909018,ZAF,TWN,8851
1793533,250,249,1398,2004.0,5942.0,6555.0,0.46240200000000004,-0.406624,ANS,TWN,8851
1793534,9,7,1398,2004.0,81739.0,42048.0,0.497276,-0.226016,ARM,ARE,8851
1793535,14,7,1398,2004.0,47124.0,289969.0,-0.198735,0.81543,AUS,ARE,8851
1793536,15,7,1398,2004.0,87123.0,0.0,1.958949,0.209296,AUT,ARE,8851
1793537,18,7,1398,2004.0,122392.0,210123.0,1.242665,1.541444,BEL,ARE,8851
1793538,19,7,1398,2004.0,0.0,10715.0,-1.422449,-1.09615,BEN,ARE,8851
1793539,22,7,1398,2004.0,0.0,6988.0,-1.074194,-0.9392389999999999,BGD,ARE,8851
1793540,23,7,1398,2004.0,0.0,6726.0,0.390627,1.631006,BGR,ARE,8851
1793541,24,7,1398,2004.0,15668.0,8478.0,-0.551237,-1.174628,BHR,ARE,8851
1793542,39,7,1398,2004.0,31932.0,31949.0,0.781591,1.365966,CAN,ARE,8851
1793543,41,7,1398,2004.0,261225328.0,21940050.0,2.234603,0.551975,CHE,ARE,8851
1793544,43,7,1398,2004.0,6664726.0,0.0,0.710603,2.017234,CHN,ARE,8851
1793545,44,7,1398,2004.0,0.0,23286.0,-0.835933,-0.749289,CIV,ARE,8851
1793546,45,7,1398,2004.0,0.0,3214.0,-1.380149,-1.220501,CMR,ARE,8851
1793547,58,7,1398,2004.0,7673.0,140466.0,0.42732200000000004,0.811763,CYP,ARE,8851
1793548,59,7,1398,2004.0,0.0,9766.0,1.612543,0.607495,CZE,ARE,8851
1793549,61,7,1398,2004.0,6994384.0,845958.0,2.4453099999999997,-2.331761,DEU,ARE,8851
1793550,64,7,1398,2004.0,64990.0,0.0,1.309074,1.2627979999999999,DNK,ARE,8851
1793551,66,7,1398,2004.0,0.0,72757.0,-1.166661,-1.2240879999999998,DZA,ARE,8851
1793552,68,7,1398,2004.0,0.0,7262.0,-0.35823499999999997,0.5000100000000001,EGY,ARE,8851
1793553,71,7,1398,2004.0,2479824.0,53453.0,1.04057,1.789023,ESP,ARE,8851
1793554,72,7,1398,2004.0,0.0,14862.0,0.645741,1.035117,EST,ARE,8851
1793555,73,7,1398,2004.0,0.0,55891.0,-1.202444,-0.8973120000000001,ETH,ARE,8851
1793556,77,7,1398,2004.0,14175055.0,90151.0,1.57079,0.6776760000000001,FRA,ARE,8851
1793557,81,7,1398,2004.0,12533058.0,1135713.0,1.872987,0.734065,GBR,ARE,8851
1793558,82,7,1398,2004.0,0.0,19183.0,-0.030676,-0.560186,GEO,ARE,8851
1793559,90,7,1398,2004.0,73410.0,338828.0,0.298029,1.745886,GRC,ARE,8851
1793560,97,7,1398,2004.0,100476392.0,13066565.0,0.72816,1.403171,HKG,ARE,8851
1793561,102,7,1398,2004.0,0.0,22997.0,1.3579370000000002,0.9993219999999999,HUN,ARE,8851
1793562,104,7,1398,2004.0,27182764.0,252910.0,0.20872,2.817307,IND,ARE,8851
1793563,106,7,1398,2004.0,1883.0,0.0,1.498475,0.19050799999999998,IRL,ARE,8851
1793564,107,7,1398,2004.0,13517215.0,33433582.0,-0.6691699999999999,-1.002548,IRN,ARE,8851
1793565,111,7,1398,2004.0,13597557.0,164122.0,1.440372,0.676068,ITA,ARE,8851
1793566,112,7,1398,2004.0,0.0,1170.0,-0.505365,-0.9596120000000001,JAM,ARE,8851
1793567,113,7,1398,2004.0,75568.0,0.0,0.16384200000000002,0.34270100000000003,JOR,ARE,8851
1793568,114,7,1398,2004.0,8984663.0,46351.0,2.756136,0.15545,JPN,ARE,8851
1793569,115,7,1398,2004.0,0.0,10867.0,-0.43987200000000004,-0.50862,KAZ,ARE,8851
1793570,116,7,1398,2004.0,0.0,76217.0,-0.565597,0.182375,KEN,ARE,8851
1793571,117,7,1398,2004.0,0.0,8341.0,-0.263776,0.503736,KGZ,ARE,8851
1793572,121,7,1398,2004.0,11687061.0,12435.0,1.481275,0.7859,KOR,ARE,8851
1793573,124,7,1398,2004.0,2404429.0,5891.0,0.269753,1.3152979999999999,LBN,ARE,8851
1793574,128,7,1398,2004.0,0.0,136279.0,-0.42450299999999996,0.173518,LKA,ARE,8851
1793575,130,7,1398,2004.0,4460.0,0.0,0.341521,0.7971560000000001,LTU,ARE,8851
1793576,132,7,1398,2004.0,0.0,63075.0,0.415001,0.8476809999999999,LVA,ARE,8851
1793577,137,7,1398,2004.0,0.0,21552.0,-0.44303000000000003,-0.841744,MDV,ARE,8851
1793578,140,7,1398,2004.0,0.0,1841.0,-0.120439,0.27624899999999997,MKD,ARE,8851
1793579,141,7,1398,2004.0,0.0,32825.0,-0.5807979999999999,-0.797311,MLI,ARE,8851
1793580,142,7,1398,2004.0,0.0,43365.0,1.2290379999999999,-0.025372,MLT,ARE,8851
1793581,147,7,1398,2004.0,0.0,32191.0,-1.009633,-0.9863059999999999,MOZ,ARE,8851
1793582,151,7,1398,2004.0,0.0,1699.0,-0.161262,-0.29730300000000004,MUS,ARE,8851
1793583,152,7,1398,2004.0,0.0,3824.0,-1.233417,-1.071204,MWI,ARE,8851
1793584,153,7,1398,2004.0,2387.0,18087.0,1.250098,0.352379,MYS,ARE,8851
1793585,162,7,1398,2004.0,785522.0,11252.0,1.171327,1.6369799999999999,NLD,ARE,8851
1793586,167,7,1398,2004.0,68109.0,2185193.0,-0.707862,-1.187629,OMN,ARE,8851
1793587,168,7,1398,2004.0,9350.0,376550.0,-0.7489600000000001,0.22493200000000002,PAK,ARE,8851
1793588,174,7,1398,2004.0,18303.0,0.0,0.288786,-0.25348699999999996,PHL,ARE,8851
1793589,183,7,1398,2004.0,2090552.0,114103.0,0.018141,-1.03766,QAT,ARE,8851
1793590,185,7,1398,2004.0,0.0,5521.0,0.53925,1.145066,ROU,ARE,8851
1793591,186,7,1398,2004.0,305022.0,5854.0,0.422803,0.017524,RUS,ARE,8851
1793592,187,7,1398,2004.0,0.0,19361.0,-1.3090190000000002,-1.063632,RWA,ARE,8851
1793593,188,7,1398,2004.0,975765.0,203105.0,0.361324,-0.760732,SAU,ARE,8851
1793594,190,7,1398,2004.0,0.0,1125697.0,-1.503552,-1.253193,SDN,ARE,8851
1793595,191,7,1398,2004.0,0.0,1917.0,-0.620158,-0.296575,SEN,ARE,8851
1793596,192,7,1398,2004.0,3828712.0,1218466.0,1.804502,0.570084,SGP,ARE,8851
1793597,208,7,1398,2004.0,95504.0,17503.0,2.105611,0.707843,SWE,ARE,8851
1793598,211,7,1398,2004.0,0.0,4241.0,-0.585828,-0.768388,SYC,ARE,8851
1793599,215,7,1398,2004.0,0.0,7272.0,-0.569621,-0.533211,TGO,ARE,8851
1793600,216,7,1398,2004.0,33234.0,3184.0,0.633501,1.4648290000000002,THA,ARE,8851
1793601,224,7,1398,2004.0,34366.0,90308.0,0.249065,1.910598,TUR,ARE,8851
1793602,226,7,1398,2004.0,0.0,33894.0,-0.935327,0.362709,TZA,ARE,8851
1793603,227,7,1398,2004.0,0.0,59419.0,-1.05367,-0.546304,UGA,ARE,8851
1793604,231,7,1398,2004.0,4822630.0,821736.0,1.818327,-0.17913900000000002,USA,ARE,8851
1793605,243,7,1398,2004.0,0.0,1691.0,-1.298227,-1.2496639999999999,YEM,ARE,8851
1793606,246,7,1398,2004.0,92629.0,31190.0,0.29599699999999995,1.909018,ZAF,ARE,8851
1793607,247,7,1398,2004.0,0.0,5717.0,-0.8752479999999999,-0.784285,ZMB,ARE,8851
1793608,248,7,1398,2004.0,0.0,2497.0,-0.44064799999999993,0.01704,ZWE,ARE,8851
1793609,249,7,1398,2004.0,192539.0,0.0,1.8844150000000002,1.257951,TWN,ARE,8851
1793610,15,16,1398,2004.0,95028.0,0.0,1.958949,0.209296,AUT,AZE,8851
1793611,41,16,1398,2004.0,4199628.0,239393.0,2.234603,0.551975,CHE,AZE,8851
1793612,43,16,1398,2004.0,16848.0,0.0,0.710603,2.017234,CHN,AZE,8851
1793613,61,16,1398,2004.0,232038.0,0.0,2.4453099999999997,-2.331761,DEU,AZE,8851
1793614,71,16,1398,2004.0,22214.0,0.0,1.04057,1.789023,ESP,AZE,8851
1793615,77,16,1398,2004.0,37739.0,0.0,1.57079,0.6776760000000001,FRA,AZE,8851
1793616,81,16,1398,2004.0,4593.0,0.0,1.872987,0.734065,GBR,AZE,8851
1793617,82,16,1398,2004.0,0.0,2292.0,-0.030676,-0.560186,GEO,AZE,8851
1793618,97,16,1398,2004.0,14884.0,0.0,0.72816,1.403171,HKG,AZE,8851
1793619,107,16,1398,2004.0,129055.0,0.0,-0.6691699999999999,-1.002548,IRN,AZE,8851
1793620,111,16,1398,2004.0,12886.0,0.0,1.440372,0.676068,ITA,AZE,8851
1793621,114,16,1398,2004.0,5109.0,0.0,2.756136,0.15545,JPN,AZE,8851
1793622,121,16,1398,2004.0,1724.0,0.0,1.481275,0.7859,KOR,AZE,8851
1793623,185,16,1398,2004.0,1002.0,0.0,0.53925,1.145066,ROU,AZE,8851
1793624,224,16,1398,2004.0,17259.0,0.0,0.249065,1.910598,TUR,AZE,8851
1793625,231,16,1398,2004.0,37328.0,0.0,1.818327,-0.17913900000000002,USA,AZE,8851
1793626,249,16,1398,2004.0,4149.0,0.0,1.8844150000000002,1.257951,TWN,AZE,8851
1793627,7,22,1398,2004.0,6988.0,0.0,-0.10993399999999999,-0.5351640000000001,ARE,BGD,8851
1793628,18,22,1398,2004.0,0.0,12730.0,1.242665,1.541444,BEL,BGD,8851
1793629,41,22,1398,2004.0,365171.0,0.0,2.234603,0.551975,CHE,BGD,8851
1793630,43,22,1398,2004.0,479093.0,0.0,0.710603,2.017234,CHN,BGD,8851
1793631,59,22,1398,2004.0,32349.0,0.0,1.612543,0.607495,CZE,BGD,8851
1793632,61,22,1398,2004.0,1974.0,0.0,2.4453099999999997,-2.331761,DEU,BGD,8851
1793633,71,22,1398,2004.0,0.0,9057.0,1.04057,1.789023,ESP,BGD,8851
1793634,97,22,1398,2004.0,1297425.0,0.0,0.72816,1.403171,HKG,BGD,8851
1793635,104,22,1398,2004.0,108627.0,0.0,0.20872,2.817307,IND,BGD,8851
1793636,111,22,1398,2004.0,0.0,1704.0,1.440372,0.676068,ITA,BGD,8851
1793637,114,22,1398,2004.0,6355.0,0.0,2.756136,0.15545,JPN,BGD,8851
1793638,121,22,1398,2004.0,135681.0,16044.0,1.481275,0.7859,KOR,BGD,8851
1793639,153,22,1398,2004.0,1781.0,0.0,1.250098,0.352379,MYS,BGD,8851
1793640,168,22,1398,2004.0,1429.0,0.0,-0.7489600000000001,0.22493200000000002,PAK,BGD,8851
1793641,192,22,1398,2004.0,1916749.0,0.0,1.804502,0.570084,SGP,BGD,8851
1793642,216,22,1398,2004.0,15110.0,0.0,0.633501,1.4648290000000002,THA,BGD,8851
1793643,231,22,1398,2004.0,25512.0,0.0,1.818327,-0.17913900000000002,USA,BGD,8851
1793644,4,23,1398,2004.0,0.0,91857.0,-0.142479,0.136074,ALB,BGR,8851
1793645,7,23,1398,2004.0,6726.0,0.0,-0.10993399999999999,-0.5351640000000001,ARE,BGR,8851
1793646,14,23,1398,2004.0,0.0,5152.0,-0.198735,0.81543,AUS,BGR,8851
1793647,15,23,1398,2004.0,886622.0,0.0,1.958949,0.209296,AUT,BGR,8851
1793648,18,23,1398,2004.0,3609.0,0.0,1.242665,1.541444,BEL,BGR,8851
1793649,26,23,1398,2004.0,0.0,39007.0,0.45637,0.6154470000000001,BIH,BGR,8851
1793650,39,23,1398,2004.0,0.0,8830.0,0.781591,1.365966,CAN,BGR,8851
1793651,41,23,1398,2004.0,2276066.0,49912.0,2.234603,0.551975,CHE,BGR,8851
1793652,43,23,1398,2004.0,594606.0,0.0,0.710603,2.017234,CHN,BGR,8851
1793653,59,23,1398,2004.0,4455.0,0.0,1.612543,0.607495,CZE,BGR,8851
1793654,61,23,1398,2004.0,876046.0,449401.0,2.4453099999999997,-2.331761,DEU,BGR,8851
1793655,71,23,1398,2004.0,102360.0,7497.0,1.04057,1.789023,ESP,BGR,8851
1793656,74,23,1398,2004.0,5267.0,0.0,1.9662810000000002,1.018108,FIN,BGR,8851
1793657,77,23,1398,2004.0,83022.0,7829.0,1.57079,0.6776760000000001,FRA,BGR,8851
1793658,81,23,1398,2004.0,20436.0,15005.0,1.872987,0.734065,GBR,BGR,8851
1793659,90,23,1398,2004.0,44172.0,0.0,0.298029,1.745886,GRC,BGR,8851
1793660,97,23,1398,2004.0,283273.0,0.0,0.72816,1.403171,HKG,BGR,8851
1793661,104,23,1398,2004.0,2995.0,0.0,0.20872,2.817307,IND,BGR,8851
1793662,110,23,1398,2004.0,1178.0,1753.0,1.252895,0.8662770000000001,ISR,BGR,8851
1793663,111,23,1398,2004.0,1410872.0,2493.0,1.440372,0.676068,ITA,BGR,8851
1793664,114,23,1398,2004.0,20780.0,2413.0,2.756136,0.15545,JPN,BGR,8851
1793665,121,23,1398,2004.0,6124.0,0.0,1.481275,0.7859,KOR,BGR,8851
1793666,131,23,1398,2004.0,1882.0,1475.0,1.258828,1.079923,LUX,BGR,8851
1793667,140,23,1398,2004.0,0.0,13212.0,-0.120439,0.27624899999999997,MKD,BGR,8851
1793668,162,23,1398,2004.0,17045.0,3553.0,1.171327,1.6369799999999999,NLD,BGR,8851
1793669,163,23,1398,2004.0,0.0,1046.0,0.731175,-0.0655,NOR,BGR,8851
1793670,166,23,1398,2004.0,0.0,2134.0,0.44099099999999997,0.968326,NZL,BGR,8851
1793671,177,23,1398,2004.0,3098.0,0.0,0.989568,1.49055,POL,BGR,8851
1793672,178,23,1398,2004.0,1256.0,0.0,0.695376,0.9732209999999999,PRK,BGR,8851
1793673,185,23,1398,2004.0,38355.0,25227.0,0.53925,1.145066,ROU,BGR,8851
1793674,189,23,1398,2004.0,0.0,160220.0,0.544686,2.418024,SCG,BGR,8851
1793675,208,23,1398,2004.0,1167.0,1996.0,2.105611,0.707843,SWE,BGR,8851
1793676,216,23,1398,2004.0,6298.0,0.0,0.633501,1.4648290000000002,THA,BGR,8851
1793677,224,23,1398,2004.0,73291.0,0.0,0.249065,1.910598,TUR,BGR,8851
1793678,228,23,1398,2004.0,0.0,1732.0,0.672848,1.172735,UKR,BGR,8851
1793679,231,23,1398,2004.0,12572.0,284703.0,1.818327,-0.17913900000000002,USA,BGR,8851
1793680,7,24,1398,2004.0,8478.0,15668.0,-0.10993399999999999,-0.5351640000000001,ARE,BHR,8851
1793681,14,24,1398,2004.0,51523.0,33844.0,-0.198735,0.81543,AUS,BHR,8851
1793682,15,24,1398,2004.0,8885.0,0.0,1.958949,0.209296,AUT,BHR,8851
1793683,18,24,1398,2004.0,55195.0,0.0,1.242665,1.541444,BEL,BHR,8851
1793684,41,24,1398,2004.0,32686728.0,9711561.0,2.234603,0.551975,CHE,BHR,8851
1793685,43,24,1398,2004.0,742708.0,0.0,0.710603,2.017234,CHN,BHR,8851
1793686,58,24,1398,2004.0,0.0,1036.0,0.42732200000000004,0.811763,CYP,BHR,8851
1793687,61,24,1398,2004.0,416157.0,68567.0,2.4453099999999997,-2.331761,DEU,BHR,8851
1793688,71,24,1398,2004.0,346514.0,0.0,1.04057,1.789023,ESP,BHR,8851
1793689,77,24,1398,2004.0,2142206.0,13498.0,1.57079,0.6776760000000001,FRA,BHR,8851
1793690,81,24,1398,2004.0,304775.0,5906.0,1.872987,0.734065,GBR,BHR,8851
1793691,97,24,1398,2004.0,989734.0,30314.0,0.72816,1.403171,HKG,BHR,8851
1793692,104,24,1398,2004.0,554434.0,0.0,0.20872,2.817307,IND,BHR,8851
1793693,106,24,1398,2004.0,3543.0,0.0,1.498475,0.19050799999999998,IRL,BHR,8851
1793694,111,24,1398,2004.0,330612.0,0.0,1.440372,0.676068,ITA,BHR,8851
1793695,114,24,1398,2004.0,477805.0,690292.0,2.756136,0.15545,JPN,BHR,8851
1793696,121,24,1398,2004.0,910448.0,0.0,1.481275,0.7859,KOR,BHR,8851
1793697,124,24,1398,2004.0,454451.0,0.0,0.269753,1.3152979999999999,LBN,BHR,8851
1793698,131,24,1398,2004.0,76534.0,0.0,1.258828,1.079923,LUX,BHR,8851
1793699,153,24,1398,2004.0,30108.0,0.0,1.250098,0.352379,MYS,BHR,8851
1793700,162,24,1398,2004.0,7962.0,0.0,1.171327,1.6369799999999999,NLD,BHR,8851
1793701,168,24,1398,2004.0,1609.0,0.0,-0.7489600000000001,0.22493200000000002,PAK,BHR,8851
1793702,183,24,1398,2004.0,335190.0,3097.0,0.018141,-1.03766,QAT,BHR,8851
1793703,188,24,1398,2004.0,30725.0,12509.0,0.361324,-0.760732,SAU,BHR,8851
1793704,208,24,1398,2004.0,40016.0,0.0,2.105611,0.707843,SWE,BHR,8851
1793705,216,24,1398,2004.0,96179.0,0.0,0.633501,1.4648290000000002,THA,BHR,8851
1793706,231,24,1398,2004.0,336698.0,0.0,1.818327,-0.17913900000000002,USA,BHR,8851
1793707,249,24,1398,2004.0,74527.0,0.0,1.8844150000000002,1.257951,TWN,BHR,8851
1793708,250,24,1398,2004.0,0.0,1719623.0,0.46240200000000004,-0.406624,ANS,BHR,8851
1793709,15,28,1398,2004.0,29800.0,0.0,1.958949,0.209296,AUT,BLR,8851
1793710,41,28,1398,2004.0,1030484.0,2582.0,2.234603,0.551975,CHE,BLR,8851
1793711,43,28,1398,2004.0,31611.0,0.0,0.710603,2.017234,CHN,BLR,8851
1793712,61,28,1398,2004.0,93364.0,0.0,2.4453099999999997,-2.331761,DEU,BLR,8851
1793713,72,28,1398,2004.0,0.0,3606.0,0.645741,1.035117,EST,BLR,8851
1793714,81,28,1398,2004.0,3864.0,0.0,1.872987,0.734065,GBR,BLR,8851
1793715,97,28,1398,2004.0,214885.0,1038.0,0.72816,1.403171,HKG,BLR,8851
1793716,102,28,1398,2004.0,5199.0,0.0,1.3579370000000002,0.9993219999999999,HUN,BLR,8851
1793717,114,28,1398,2004.0,43959.0,0.0,2.756136,0.15545,JPN,BLR,8851
1793718,115,28,1398,2004.0,0.0,12749.0,-0.43987200000000004,-0.50862,KAZ,BLR,8851
1793719,121,28,1398,2004.0,4388.0,0.0,1.481275,0.7859,KOR,BLR,8851
1793720,130,28,1398,2004.0,0.0,1283.0,0.341521,0.7971560000000001,LTU,BLR,8851
1793721,132,28,1398,2004.0,0.0,17066.0,0.415001,0.8476809999999999,LVA,BLR,8851
1793722,135,28,1398,2004.0,0.0,25719.0,-0.13031900000000002,-0.118591,MDA,BLR,8851
1793723,159,28,1398,2004.0,5415.0,649700.0,-2.336753,-1.350375,NGA,BLR,8851
1793724,163,28,1398,2004.0,0.0,1565.0,0.731175,-0.0655,NOR,BLR,8851
1793725,177,28,1398,2004.0,3956.0,0.0,0.989568,1.49055,POL,BLR,8851
1793726,178,28,1398,2004.0,11417.0,0.0,0.695376,0.9732209999999999,PRK,BLR,8851
1793727,185,28,1398,2004.0,0.0,4259.0,0.53925,1.145066,ROU,BLR,8851
1793728,186,28,1398,2004.0,5695762.0,5947480.0,0.422803,0.017524,RUS,BLR,8851
1793729,189,28,1398,2004.0,0.0,53228.0,0.544686,2.418024,SCG,BLR,8851
1793730,219,28,1398,2004.0,25748.0,154136.0,-0.9017719999999999,-1.2102620000000002,TKM,BLR,8851
1793731,226,28,1398,2004.0,0.0,17758.0,-0.935327,0.362709,TZA,BLR,8851
1793732,228,28,1398,2004.0,0.0,94122.0,0.672848,1.172735,UKR,BLR,8851
1793733,231,28,1398,2004.0,0.0,1204.0,1.818327,-0.17913900000000002,USA,BLR,8851
1793734,249,28,1398,2004.0,1013.0,0.0,1.8844150000000002,1.257951,TWN,BLR,8851
1793735,250,28,1398,2004.0,0.0,7701.0,0.46240200000000004,-0.406624,ANS,BLR,8851
1793736,7,59,1398,2004.0,9766.0,0.0,-0.10993399999999999,-0.5351640000000001,ARE,CZE,8851
1793737,10,59,1398,2004.0,11368.0,0.0,1.0764479999999998,0.678424,ASM,CZE,8851
1793738,14,59,1398,2004.0,0.0,23068.0,-0.198735,0.81543,AUS,CZE,8851
1793739,15,59,1398,2004.0,1261787.0,140334.0,1.958949,0.209296,AUT,CZE,8851
1793740,18,59,1398,2004.0,6101.0,0.0,1.242665,1.541444,BEL,CZE,8851
1793741,22,59,1398,2004.0,0.0,32349.0,-1.074194,-0.9392389999999999,BGD,CZE,8851
1793742,23,59,1398,2004.0,0.0,4455.0,0.390627,1.631006,BGR,CZE,8851
1793743,41,59,1398,2004.0,9851784.0,604958.0,2.234603,0.551975,CHE,CZE,8851
1793744,43,59,1398,2004.0,1816059.0,0.0,0.710603,2.017234,CHN,CZE,8851
1793745,58,59,1398,2004.0,2253.0,0.0,0.42732200000000004,0.811763,CYP,CZE,8851
1793746,61,59,1398,2004.0,3132684.0,1093471.0,2.4453099999999997,-2.331761,DEU,CZE,8851
1793747,64,59,1398,2004.0,4636.0,0.0,1.309074,1.2627979999999999,DNK,CZE,8851
1793748,71,59,1398,2004.0,2128061.0,5347.0,1.04057,1.789023,ESP,CZE,8851
1793749,74,59,1398,2004.0,86021.0,24952.0,1.9662810000000002,1.018108,FIN,CZE,8851
1793750,77,59,1398,2004.0,510015.0,12535.0,1.57079,0.6776760000000001,FRA,CZE,8851
1793751,81,59,1398,2004.0,676048.0,40013.0,1.872987,0.734065,GBR,CZE,8851
1793752,82,59,1398,2004.0,0.0,1067.0,-0.030676,-0.560186,GEO,CZE,8851
1793753,90,59,1398,2004.0,94773.0,20375.0,0.298029,1.745886,GRC,CZE,8851
1793754,97,59,1398,2004.0,4210914.0,16673.0,0.72816,1.403171,HKG,CZE,8851
1793755,100,59,1398,2004.0,0.0,28244.0,0.744459,1.1994479999999998,HRV,CZE,8851
1793756,102,59,1398,2004.0,145447.0,224992.0,1.3579370000000002,0.9993219999999999,HUN,CZE,8851
1793757,104,59,1398,2004.0,1789.0,0.0,0.20872,2.817307,IND,CZE,8851
1793758,106,59,1398,2004.0,15400.0,7635.0,1.498475,0.19050799999999998,IRL,CZE,8851
1793759,107,59,1398,2004.0,0.0,5651.0,-0.6691699999999999,-1.002548,IRN,CZE,8851
1793760,110,59,1398,2004.0,60635.0,0.0,1.252895,0.8662770000000001,ISR,CZE,8851
1793761,111,59,1398,2004.0,1394682.0,7431.0,1.440372,0.676068,ITA,CZE,8851
1793762,114,59,1398,2004.0,630264.0,15042.0,2.756136,0.15545,JPN,CZE,8851
1793763,130,59,1398,2004.0,0.0,4782.0,0.341521,0.7971560000000001,LTU,CZE,8851
1793764,131,59,1398,2004.0,4320.0,0.0,1.258828,1.079923,LUX,CZE,8851
1793765,132,59,1398,2004.0,0.0,5720.0,0.415001,0.8476809999999999,LVA,CZE,8851
1793766,133,59,1398,2004.0,2893.0,0.0,-0.12333599999999999,-0.600164,MAC,CZE,8851
1793767,135,59,1398,2004.0,15978.0,0.0,-0.13031900000000002,-0.118591,MDA,CZE,8851
1793768,153,59,1398,2004.0,0.0,2436.0,1.250098,0.352379,MYS,CZE,8851
1793769,162,59,1398,2004.0,247410.0,2106.0,1.171327,1.6369799999999999,NLD,CZE,8851
1793770,163,59,1398,2004.0,0.0,12525.0,0.731175,-0.0655,NOR,CZE,8851
1793771,167,59,1398,2004.0,0.0,1011.0,-0.707862,-1.187629,OMN,CZE,8851
1793772,174,59,1398,2004.0,351314.0,37677.0,0.288786,-0.25348699999999996,PHL,CZE,8851
1793773,177,59,1398,2004.0,14059.0,472673.0,0.989568,1.49055,POL,CZE,8851
1793774,179,59,1398,2004.0,6859.0,0.0,0.705075,1.7268729999999999,PRT,CZE,8851
1793775,185,59,1398,2004.0,0.0,38231.0,0.53925,1.145066,ROU,CZE,8851
1793776,186,59,1398,2004.0,13006.0,57349.0,0.422803,0.017524,RUS,CZE,8851
1793777,192,59,1398,2004.0,0.0,143760.0,1.804502,0.570084,SGP,CZE,8851
1793778,206,59,1398,2004.0,405409.0,2780408.0,1.2683149999999999,0.9208620000000001,SVK,CZE,8851
1793779,207,59,1398,2004.0,0.0,4681.0,1.700677,0.829765,SVN,CZE,8851
1793780,208,59,1398,2004.0,222395.0,4143.0,2.105611,0.707843,SWE,CZE,8851
1793781,216,59,1398,2004.0,25638.0,2475.0,0.633501,1.4648290000000002,THA,CZE,8851
1793782,224,59,1398,2004.0,14630.0,6884.0,0.249065,1.910598,TUR,CZE,8851
1793783,228,59,1398,2004.0,1235.0,72815.0,0.672848,1.172735,UKR,CZE,8851
1793784,231,59,1398,2004.0,125367.0,248247.0,1.818327,-0.17913900000000002,USA,CZE,8851
1793785,236,59,1398,2004.0,0.0,1852.0,-0.41193900000000006,-0.9578899999999999,VEN,CZE,8851
1793786,239,59,1398,2004.0,4671.0,0.0,-0.46875500000000003,0.734412,VNM,CZE,8851
1793787,249,59,1398,2004.0,16793.0,6549.0,1.8844150000000002,1.257951,TWN,CZE,8851
1793788,250,59,1398,2004.0,131446.0,102292.0,0.46240200000000004,-0.406624,ANS,CZE,8851
1793789,7,68,1398,2004.0,7262.0,0.0,-0.10993399999999999,-0.5351640000000001,ARE,EGY,8851
1793790,15,68,1398,2004.0,1300.0,0.0,1.958949,0.209296,AUT,EGY,8851
1793791,18,68,1398,2004.0,27245.0,0.0,1.242665,1.541444,BEL,EGY,8851
1793792,41,68,1398,2004.0,14500789.0,170559.0,2.234603,0.551975,CHE,EGY,8851
1793793,43,68,1398,2004.0,1854431.0,0.0,0.710603,2.017234,CHN,EGY,8851
1793794,58,68,1398,2004.0,217605.0,1320.0,0.42732200000000004,0.811763,CYP,EGY,8851
1793795,61,68,1398,2004.0,987074.0,4438.0,2.4453099999999997,-2.331761,DEU,EGY,8851
1793796,71,68,1398,2004.0,172090.0,0.0,1.04057,1.789023,ESP,EGY,8851
1793797,77,68,1398,2004.0,219287.0,1543.0,1.57079,0.6776760000000001,FRA,EGY,8851
1793798,81,68,1398,2004.0,27162.0,1058.0,1.872987,0.734065,GBR,EGY,8851
1793799,90,68,1398,2004.0,4538.0,0.0,0.298029,1.745886,GRC,EGY,8851
1793800,97,68,1398,2004.0,3337450.0,46300.0,0.72816,1.403171,HKG,EGY,8851
1793801,104,68,1398,2004.0,226849.0,0.0,0.20872,2.817307,IND,EGY,8851
1793802,110,68,1398,2004.0,2197.0,0.0,1.252895,0.8662770000000001,ISR,EGY,8851
1793803,111,68,1398,2004.0,157191.0,0.0,1.440372,0.676068,ITA,EGY,8851
1793804,114,68,1398,2004.0,672696.0,0.0,2.756136,0.15545,JPN,EGY,8851
1793805,121,68,1398,2004.0,77238.0,0.0,1.481275,0.7859,KOR,EGY,8851
1793806,131,68,1398,2004.0,2273.0,0.0,1.258828,1.079923,LUX,EGY,8851
1793807,142,68,1398,2004.0,14010.0,0.0,1.2290379999999999,-0.025372,MLT,EGY,8851
1793808,162,68,1398,2004.0,10171.0,1201.0,1.171327,1.6369799999999999,NLD,EGY,8851
1793809,163,68,1398,2004.0,1599.0,0.0,0.731175,-0.0655,NOR,EGY,8851
1793810,168,68,1398,2004.0,1704.0,0.0,-0.7489600000000001,0.22493200000000002,PAK,EGY,8851
1793811,192,68,1398,2004.0,2418.0,0.0,1.804502,0.570084,SGP,EGY,8851
1793812,208,68,1398,2004.0,9211.0,0.0,2.105611,0.707843,SWE,EGY,8851
1793813,216,68,1398,2004.0,2528.0,0.0,0.633501,1.4648290000000002,THA,EGY,8851
1793814,231,68,1398,2004.0,126844.0,0.0,1.818327,-0.17913900000000002,USA,EGY,8851
1793815,249,68,1398,2004.0,10828.0,0.0,1.8844150000000002,1.257951,TWN,EGY,8851
1793816,15,100,1398,2004.0,406273.0,2204.0,1.958949,0.209296,AUT,HRV,8851
1793817,18,100,1398,2004.0,24501.0,0.0,1.242665,1.541444,BEL,HRV,8851
1793818,26,100,1398,2004.0,1830.0,130275.0,0.45637,0.6154470000000001,BIH,HRV,8851
1793819,39,100,1398,2004.0,20872.0,0.0,0.781591,1.365966,CAN,HRV,8851
1793820,41,100,1398,2004.0,2940345.0,14001.0,2.234603,0.551975,CHE,HRV,8851
1793821,43,100,1398,2004.0,451903.0,0.0,0.710603,2.017234,CHN,HRV,8851
1793822,49,100,1398,2004.0,9765.0,0.0,0.044706,0.514304,COL,HRV,8851
1793823,59,100,1398,2004.0,28244.0,0.0,1.612543,0.607495,CZE,HRV,8851
1793824,61,100,1398,2004.0,1135942.0,62376.0,2.4453099999999997,-2.331761,DEU,HRV,8851
1793825,64,100,1398,2004.0,3363.0,0.0,1.309074,1.2627979999999999,DNK,HRV,8851
1793826,71,100,1398,2004.0,412990.0,0.0,1.04057,1.789023,ESP,HRV,8851
1793827,74,100,1398,2004.0,11784.0,0.0,1.9662810000000002,1.018108,FIN,HRV,8851
1793828,77,100,1398,2004.0,275368.0,0.0,1.57079,0.6776760000000001,FRA,HRV,8851
1793829,81,100,1398,2004.0,49443.0,2943.0,1.872987,0.734065,GBR,HRV,8851
1793830,97,100,1398,2004.0,2135318.0,123316.0,0.72816,1.403171,HKG,HRV,8851
1793831,102,100,1398,2004.0,8757.0,1790.0,1.3579370000000002,0.9993219999999999,HUN,HRV,8851
1793832,111,100,1398,2004.0,1199272.0,0.0,1.440372,0.676068,ITA,HRV,8851
1793833,114,100,1398,2004.0,245816.0,0.0,2.756136,0.15545,JPN,HRV,8851
1793834,121,100,1398,2004.0,17993.0,0.0,1.481275,0.7859,KOR,HRV,8851
1793835,153,100,1398,2004.0,14303.0,0.0,1.250098,0.352379,MYS,HRV,8851
1793836,162,100,1398,2004.0,43897.0,1047.0,1.171327,1.6369799999999999,NLD,HRV,8851
1793837,163,100,1398,2004.0,1593.0,0.0,0.731175,-0.0655,NOR,HRV,8851
1793838,177,100,1398,2004.0,3397.0,0.0,0.989568,1.49055,POL,HRV,8851
1793839,189,100,1398,2004.0,1851.0,3442.0,0.544686,2.418024,SCG,HRV,8851
1793840,206,100,1398,2004.0,1302.0,0.0,1.2683149999999999,0.9208620000000001,SVK,HRV,8851
1793841,207,100,1398,2004.0,117771.0,1056.0,1.700677,0.829765,SVN,HRV,8851
1793842,208,100,1398,2004.0,11389.0,0.0,2.105611,0.707843,SWE,HRV,8851
1793843,216,100,1398,2004.0,52555.0,0.0,0.633501,1.4648290000000002,THA,HRV,8851
1793844,224,100,1398,2004.0,3202.0,0.0,0.249065,1.910598,TUR,HRV,8851
1793845,231,100,1398,2004.0,96302.0,0.0,1.818327,-0.17913900000000002,USA,HRV,8851
1793846,249,100,1398,2004.0,26949.0,0.0,1.8844150000000002,1.257951,TWN,HRV,8851
1793847,4,102,1398,2004.0,0.0,2400.0,-0.142479,0.136074,ALB,HUN,8851
1793848,6,102,1398,2004.0,52900.0,0.0,0.080304,-0.634516,ANT,HUN,8851
1793849,7,102,1398,2004.0,22997.0,0.0,-0.10993399999999999,-0.5351640000000001,ARE,HUN,8851
1793850,9,102,1398,2004.0,19712.0,0.0,0.497276,-0.226016,ARM,HUN,8851
1793851,15,102,1398,2004.0,5510758.0,132847.0,1.958949,0.209296,AUT,HUN,8851
1793852,18,102,1398,2004.0,102174.0,21458.0,1.242665,1.541444,BEL,HUN,8851
1793853,26,102,1398,2004.0,0.0,22854.0,0.45637,0.6154470000000001,BIH,HUN,8851
1793854,28,102,1398,2004.0,0.0,5199.0,0.9384239999999999,0.9708690000000001,BLR,HUN,8851
1793855,41,102,1398,2004.0,8249444.0,565668.0,2.234603,0.551975,CHE,HUN,8851
1793856,43,102,1398,2004.0,175937.0,0.0,0.710603,2.017234,CHN,HUN,8851
1793857,59,102,1398,2004.0,224992.0,145447.0,1.612543,0.607495,CZE,HUN,8851
1793858,61,102,1398,2004.0,2095264.0,35432.0,2.4453099999999997,-2.331761,DEU,HUN,8851
1793859,64,102,1398,2004.0,7794.0,0.0,1.309074,1.2627979999999999,DNK,HUN,8851
1793860,71,102,1398,2004.0,456710.0,55296.0,1.04057,1.789023,ESP,HUN,8851
1793861,74,102,1398,2004.0,40207.0,0.0,1.9662810000000002,1.018108,FIN,HUN,8851
1793862,77,102,1398,2004.0,355114.0,7069.0,1.57079,0.6776760000000001,FRA,HUN,8851
1793863,81,102,1398,2004.0,113114.0,22423.0,1.872987,0.734065,GBR,HUN,8851
1793864,90,102,1398,2004.0,0.0,7248.0,0.298029,1.745886,GRC,HUN,8851
1793865,97,102,1398,2004.0,1055885.0,81026.0,0.72816,1.403171,HKG,HUN,8851
1793866,100,102,1398,2004.0,1790.0,8757.0,0.744459,1.1994479999999998,HRV,HUN,8851
1793867,110,102,1398,2004.0,152292.0,9619.0,1.252895,0.8662770000000001,ISR,HUN,8851
1793868,111,102,1398,2004.0,3074856.0,134292.0,1.440372,0.676068,ITA,HUN,8851
1793869,114,102,1398,2004.0,458882.0,0.0,2.756136,0.15545,JPN,HUN,8851
1793870,115,102,1398,2004.0,0.0,2767.0,-0.43987200000000004,-0.50862,KAZ,HUN,8851
1793871,121,102,1398,2004.0,22847.0,0.0,1.481275,0.7859,KOR,HUN,8851
1793872,130,102,1398,2004.0,0.0,1804.0,0.341521,0.7971560000000001,LTU,HUN,8851
1793873,132,102,1398,2004.0,1964.0,0.0,0.415001,0.8476809999999999,LVA,HUN,8851
1793874,135,102,1398,2004.0,0.0,1867.0,-0.13031900000000002,-0.118591,MDA,HUN,8851
1793875,153,102,1398,2004.0,258297.0,4752.0,1.250098,0.352379,MYS,HUN,8851
1793876,162,102,1398,2004.0,224923.0,6301.0,1.171327,1.6369799999999999,NLD,HUN,8851
1793877,174,102,1398,2004.0,179322.0,2645.0,0.288786,-0.25348699999999996,PHL,HUN,8851
1793878,177,102,1398,2004.0,107747.0,2727.0,0.989568,1.49055,POL,HUN,8851
1793879,183,102,1398,2004.0,0.0,1129.0,0.018141,-1.03766,QAT,HUN,8851
1793880,185,102,1398,2004.0,21059.0,43224.0,0.53925,1.145066,ROU,HUN,8851
1793881,186,102,1398,2004.0,0.0,122585.0,0.422803,0.017524,RUS,HUN,8851
1793882,189,102,1398,2004.0,0.0,74012.0,0.544686,2.418024,SCG,HUN,8851
1793883,206,102,1398,2004.0,258160.0,66593.0,1.2683149999999999,0.9208620000000001,SVK,HUN,8851
1793884,207,102,1398,2004.0,0.0,4770.0,1.700677,0.829765,SVN,HUN,8851
1793885,208,102,1398,2004.0,3330.0,0.0,2.105611,0.707843,SWE,HUN,8851
1793886,216,102,1398,2004.0,15921.0,0.0,0.633501,1.4648290000000002,THA,HUN,8851
1793887,224,102,1398,2004.0,29765.0,0.0,0.249065,1.910598,TUR,HUN,8851
1793888,228,102,1398,2004.0,189792.0,150569.0,0.672848,1.172735,UKR,HUN,8851
1793889,231,102,1398,2004.0,193187.0,1163320.0,1.818327,-0.17913900000000002,USA,HUN,8851
1793890,249,102,1398,2004.0,8451.0,0.0,1.8844150000000002,1.257951,TWN,HUN,8851
1793891,1,107,1398,2004.0,0.0,1958.0,-0.8890309999999999,-0.773602,AFG,IRN,8851
1793892,7,107,1398,2004.0,33433582.0,13517215.0,-0.10993399999999999,-0.5351640000000001,ARE,IRN,8851
1793893,15,107,1398,2004.0,25105.0,0.0,1.958949,0.209296,AUT,IRN,8851
1793894,16,107,1398,2004.0,0.0,129055.0,-0.720616,-1.009692,AZE,IRN,8851
1793895,41,107,1398,2004.0,6965700.0,24179.0,2.234603,0.551975,CHE,IRN,8851
1793896,43,107,1398,2004.0,1393799.0,0.0,0.710603,2.017234,CHN,IRN,8851
1793897,59,107,1398,2004.0,5651.0,0.0,1.612543,0.607495,CZE,IRN,8851
1793898,61,107,1398,2004.0,63815.0,1720.0,2.4453099999999997,-2.331761,DEU,IRN,8851
1793899,71,107,1398,2004.0,136922.0,6740.0,1.04057,1.789023,ESP,IRN,8851
1793900,77,107,1398,2004.0,147791.0,0.0,1.57079,0.6776760000000001,FRA,IRN,8851
1793901,81,107,1398,2004.0,0.0,1291.0,1.872987,0.734065,GBR,IRN,8851
1793902,82,107,1398,2004.0,0.0,82430.0,-0.030676,-0.560186,GEO,IRN,8851
1793903,97,107,1398,2004.0,2670169.0,0.0,0.72816,1.403171,HKG,IRN,8851
1793904,104,107,1398,2004.0,11761.0,4182.0,0.20872,2.817307,IND,IRN,8851
1793905,106,107,1398,2004.0,0.0,9609.0,1.498475,0.19050799999999998,IRL,IRN,8851
1793906,108,107,1398,2004.0,0.0,37533.0,-1.50824,-1.082486,IRQ,IRN,8851
1793907,111,107,1398,2004.0,2135112.0,0.0,1.440372,0.676068,ITA,IRN,8851
1793908,121,107,1398,2004.0,677166.0,0.0,1.481275,0.7859,KOR,IRN,8851
1793909,134,107,1398,2004.0,0.0,14912.0,-0.626594,-0.22253499999999998,MAR,IRN,8851
1793910,192,107,1398,2004.0,83605.0,0.0,1.804502,0.570084,SGP,IRN,8851
1793911,207,107,1398,2004.0,3362.0,0.0,1.700677,0.829765,SVN,IRN,8851
1793912,208,107,1398,2004.0,0.0,1793.0,2.105611,0.707843,SWE,IRN,8851
1793913,216,107,1398,2004.0,36833.0,0.0,0.633501,1.4648290000000002,THA,IRN,8851
1793914,217,107,1398,2004.0,0.0,2712.0,-0.805571,-1.077194,TJK,IRN,8851
1793915,219,107,1398,2004.0,0.0,14547.0,-0.9017719999999999,-1.2102620000000002,TKM,IRN,8851
1793916,224,107,1398,2004.0,87461.0,107977.0,0.249065,1.910598,TUR,IRN,8851
1793917,232,107,1398,2004.0,0.0,1902.0,-0.518472,-0.7689779999999999,UZB,IRN,8851
1793918,249,107,1398,2004.0,14498.0,0.0,1.8844150000000002,1.257951,TWN,IRN,8851
1793919,7,113,1398,2004.0,0.0,75568.0,-0.10993399999999999,-0.5351640000000001,ARE,JOR,8851
1793920,39,113,1398,2004.0,0.0,31652.0,0.781591,1.365966,CAN,JOR,8851
1793921,41,113,1398,2004.0,9874002.0,866539.0,2.234603,0.551975,CHE,JOR,8851
1793922,43,113,1398,2004.0,2255216.0,0.0,0.710603,2.017234,CHN,JOR,8851
1793923,58,113,1398,2004.0,1802.0,0.0,0.42732200000000004,0.811763,CYP,JOR,8851
1793924,61,113,1398,2004.0,131283.0,12166.0,2.4453099999999997,-2.331761,DEU,JOR,8851
1793925,71,113,1398,2004.0,89315.0,0.0,1.04057,1.789023,ESP,JOR,8851
1793926,77,113,1398,2004.0,214798.0,9462.0,1.57079,0.6776760000000001,FRA,JOR,8851
1793927,81,113,1398,2004.0,8362.0,22822.0,1.872987,0.734065,GBR,JOR,8851
1793928,90,113,1398,2004.0,0.0,38457.0,0.298029,1.745886,GRC,JOR,8851
1793929,97,113,1398,2004.0,2066977.0,614841.0,0.72816,1.403171,HKG,JOR,8851
1793930,104,113,1398,2004.0,5598.0,0.0,0.20872,2.817307,IND,JOR,8851
1793931,108,113,1398,2004.0,0.0,118508.0,-1.50824,-1.082486,IRQ,JOR,8851
1793932,111,113,1398,2004.0,2330796.0,87513.0,1.440372,0.676068,ITA,JOR,8851
1793933,114,113,1398,2004.0,103832.0,51290.0,2.756136,0.15545,JPN,JOR,8851
1793934,121,113,1398,2004.0,38775.0,0.0,1.481275,0.7859,KOR,JOR,8851
1793935,122,113,1398,2004.0,0.0,21019.0,-0.8195479999999999,-1.2105709999999998,KWT,JOR,8851
1793936,124,113,1398,2004.0,83130.0,128363.0,0.269753,1.3152979999999999,LBN,JOR,8851
1793937,128,113,1398,2004.0,15486.0,0.0,-0.42450299999999996,0.173518,LKA,JOR,8851
1793938,162,113,1398,2004.0,0.0,7326.0,1.171327,1.6369799999999999,NLD,JOR,8851
1793939,188,113,1398,2004.0,23686.0,109502.0,0.361324,-0.760732,SAU,JOR,8851
1793940,192,113,1398,2004.0,14052.0,0.0,1.804502,0.570084,SGP,JOR,8851
1793941,212,113,1398,2004.0,0.0,2840.0,-0.698545,-0.111323,SYR,JOR,8851
1793942,216,113,1398,2004.0,8572.0,0.0,0.633501,1.4648290000000002,THA,JOR,8851
1793943,231,113,1398,2004.0,44994.0,19493.0,1.818327,-0.17913900000000002,USA,JOR,8851
1793944,249,113,1398,2004.0,7361.0,0.0,1.8844150000000002,1.257951,TWN,JOR,8851
1793945,250,113,1398,2004.0,0.0,586806.0,0.46240200000000004,-0.406624,ANS,JOR,8851
1793946,7,115,1398,2004.0,10867.0,0.0,-0.10993399999999999,-0.5351640000000001,ARE,KAZ,8851
1793947,9,115,1398,2004.0,7057.0,0.0,0.497276,-0.226016,ARM,KAZ,8851
1793948,15,115,1398,2004.0,4397.0,0.0,1.958949,0.209296,AUT,KAZ,8851
1793949,18,115,1398,2004.0,6087.0,0.0,1.242665,1.541444,BEL,KAZ,8851
1793950,28,115,1398,2004.0,12749.0,0.0,0.9384239999999999,0.9708690000000001,BLR,KAZ,8851
1793951,41,115,1398,2004.0,4883603.0,373840.0,2.234603,0.551975,CHE,KAZ,8851
1793952,43,115,1398,2004.0,8572725.0,0.0,0.710603,2.017234,CHN,KAZ,8851
1793953,61,115,1398,2004.0,952933.0,1760.0,2.4453099999999997,-2.331761,DEU,KAZ,8851
1793954,71,115,1398,2004.0,18204.0,0.0,1.04057,1.789023,ESP,KAZ,8851
1793955,74,115,1398,2004.0,40990.0,0.0,1.9662810000000002,1.018108,FIN,KAZ,8851
1793956,77,115,1398,2004.0,3092852.0,0.0,1.57079,0.6776760000000001,FRA,KAZ,8851
1793957,81,115,1398,2004.0,50140.0,0.0,1.872987,0.734065,GBR,KAZ,8851
1793958,97,115,1398,2004.0,117646.0,0.0,0.72816,1.403171,HKG,KAZ,8851
1793959,102,115,1398,2004.0,2767.0,0.0,1.3579370000000002,0.9993219999999999,HUN,KAZ,8851
1793960,104,115,1398,2004.0,28027.0,0.0,0.20872,2.817307,IND,KAZ,8851
1793961,110,115,1398,2004.0,12368.0,0.0,1.252895,0.8662770000000001,ISR,KAZ,8851
1793962,111,115,1398,2004.0,33436.0,0.0,1.440372,0.676068,ITA,KAZ,8851
1793963,114,115,1398,2004.0,3780.0,0.0,2.756136,0.15545,JPN,KAZ,8851
1793964,121,115,1398,2004.0,415608.0,0.0,1.481275,0.7859,KOR,KAZ,8851
1793965,162,115,1398,2004.0,1118.0,0.0,1.171327,1.6369799999999999,NLD,KAZ,8851
1793966,177,115,1398,2004.0,3380.0,0.0,0.989568,1.49055,POL,KAZ,8851
1793967,186,115,1398,2004.0,316062.0,0.0,0.422803,0.017524,RUS,KAZ,8851
1793968,207,115,1398,2004.0,3217.0,0.0,1.700677,0.829765,SVN,KAZ,8851
1793969,224,115,1398,2004.0,56702.0,0.0,0.249065,1.910598,TUR,KAZ,8851
1793970,7,116,1398,2004.0,76217.0,0.0,-0.10993399999999999,-0.5351640000000001,ARE,KEN,8851
1793971,17,116,1398,2004.0,0.0,6287.0,-1.084376,-1.020132,BDI,KEN,8851
1793972,41,116,1398,2004.0,392204.0,0.0,2.234603,0.551975,CHE,KEN,8851
1793973,43,116,1398,2004.0,80550.0,0.0,0.710603,2.017234,CHN,KEN,8851
1793974,61,116,1398,2004.0,17151.0,0.0,2.4453099999999997,-2.331761,DEU,KEN,8851
1793975,71,116,1398,2004.0,1093.0,0.0,1.04057,1.789023,ESP,KEN,8851
1793976,73,116,1398,2004.0,2453.0,0.0,-1.202444,-0.8973120000000001,ETH,KEN,8851
1793977,77,116,1398,2004.0,12650.0,0.0,1.57079,0.6776760000000001,FRA,KEN,8851
1793978,81,116,1398,2004.0,44732.0,0.0,1.872987,0.734065,GBR,KEN,8851
1793979,97,116,1398,2004.0,206856.0,0.0,0.72816,1.403171,HKG,KEN,8851
1793980,103,116,1398,2004.0,2443.0,0.0,0.010095999999999999,1.7413779999999999,IDN,KEN,8851
1793981,104,116,1398,2004.0,4395096.0,0.0,0.20872,2.817307,IND,KEN,8851
1793982,114,116,1398,2004.0,21010.0,0.0,2.756136,0.15545,JPN,KEN,8851
1793983,121,116,1398,2004.0,1342.0,0.0,1.481275,0.7859,KOR,KEN,8851
1793984,151,116,1398,2004.0,2087.0,0.0,-0.161262,-0.29730300000000004,MUS,KEN,8851
1793985,153,116,1398,2004.0,4164.0,0.0,1.250098,0.352379,MYS,KEN,8851
1793986,162,116,1398,2004.0,1025.0,0.0,1.171327,1.6369799999999999,NLD,KEN,8851
1793987,163,116,1398,2004.0,182646.0,0.0,0.731175,-0.0655,NOR,KEN,8851
1793988,168,116,1398,2004.0,9794.0,0.0,-0.7489600000000001,0.22493200000000002,PAK,KEN,8851
1793989,174,116,1398,2004.0,10732.0,0.0,0.288786,-0.25348699999999996,PHL,KEN,8851
1793990,199,116,1398,2004.0,0.0,2679.0,-0.7894100000000001,-0.939667,SOM,KEN,8851
1793991,206,116,1398,2004.0,7617.0,0.0,1.2683149999999999,0.9208620000000001,SVK,KEN,8851
1793992,226,116,1398,2004.0,0.0,2235.0,-0.935327,0.362709,TZA,KEN,8851
1793993,227,116,1398,2004.0,0.0,14811.0,-1.05367,-0.546304,UGA,KEN,8851
1793994,231,116,1398,2004.0,19991.0,0.0,1.818327,-0.17913900000000002,USA,KEN,8851
1793995,246,116,1398,2004.0,611037.0,0.0,0.29599699999999995,1.909018,ZAF,KEN,8851
1793996,250,116,1398,2004.0,12582.0,5657.0,0.46240200000000004,-0.406624,ANS,KEN,8851
1793997,7,117,1398,2004.0,8341.0,0.0,-0.10993399999999999,-0.5351640000000001,ARE,KGZ,8851
1793998,39,117,1398,2004.0,7274.0,0.0,0.781591,1.365966,CAN,KGZ,8851
1793999,41,117,1398,2004.0,24797.0,0.0,2.234603,0.551975,CHE,KGZ,8851
1794000,43,117,1398,2004.0,195665.0,0.0,0.710603,2.017234,CHN,KGZ,8851
1794001,61,117,1398,2004.0,390638.0,0.0,2.4453099999999997,-2.331761,DEU,KGZ,8851
1794002,81,117,1398,2004.0,2346.0,0.0,1.872987,0.734065,GBR,KGZ,8851
1794003,186,117,1398,2004.0,21818.0,0.0,0.422803,0.017524,RUS,KGZ,8851
1794004,224,117,1398,2004.0,17503.0,0.0,0.249065,1.910598,TUR,KGZ,8851
1794005,15,122,1398,2004.0,52929.0,0.0,1.958949,0.209296,AUT,KWT,8851
1794006,18,122,1398,2004.0,261120.0,0.0,1.242665,1.541444,BEL,KWT,8851
1794007,41,122,1398,2004.0,40974200.0,3258156.0,2.234603,0.551975,CHE,KWT,8851
1794008,43,122,1398,2004.0,1118418.0,0.0,0.710603,2.017234,CHN,KWT,8851
1794009,58,122,1398,2004.0,1501.0,0.0,0.42732200000000004,0.811763,CYP,KWT,8851
1794010,61,122,1398,2004.0,2172006.0,1221294.0,2.4453099999999997,-2.331761,DEU,KWT,8851
1794011,64,122,1398,2004.0,8221.0,0.0,1.309074,1.2627979999999999,DNK,KWT,8851
1794012,71,122,1398,2004.0,225009.0,6745.0,1.04057,1.789023,ESP,KWT,8851
1794013,77,122,1398,2004.0,5705802.0,0.0,1.57079,0.6776760000000001,FRA,KWT,8851
1794014,81,122,1398,2004.0,153152.0,9129.0,1.872987,0.734065,GBR,KWT,8851
1794015,97,122,1398,2004.0,3549222.0,51265.0,0.72816,1.403171,HKG,KWT,8851
1794016,104,122,1398,2004.0,161497.0,0.0,0.20872,2.817307,IND,KWT,8851
1794017,111,122,1398,2004.0,995976.0,1804.0,1.440372,0.676068,ITA,KWT,8851
1794018,113,122,1398,2004.0,21019.0,0.0,0.16384200000000002,0.34270100000000003,JOR,KWT,8851
1794019,114,122,1398,2004.0,932151.0,0.0,2.756136,0.15545,JPN,KWT,8851
1794020,121,122,1398,2004.0,226739.0,0.0,1.481275,0.7859,KOR,KWT,8851
1794021,124,122,1398,2004.0,1259557.0,0.0,0.269753,1.3152979999999999,LBN,KWT,8851
1794022,162,122,1398,2004.0,2315.0,0.0,1.171327,1.6369799999999999,NLD,KWT,8851
1794023,167,122,1398,2004.0,0.0,20277.0,-0.707862,-1.187629,OMN,KWT,8851
1794024,183,122,1398,2004.0,6820.0,0.0,0.018141,-1.03766,QAT,KWT,8851
1794025,192,122,1398,2004.0,270534.0,0.0,1.804502,0.570084,SGP,KWT,8851
1794026,208,122,1398,2004.0,19604.0,0.0,2.105611,0.707843,SWE,KWT,8851
1794027,216,122,1398,2004.0,2411.0,0.0,0.633501,1.4648290000000002,THA,KWT,8851
1794028,224,122,1398,2004.0,1033.0,0.0,0.249065,1.910598,TUR,KWT,8851
1794029,231,122,1398,2004.0,1071871.0,0.0,1.818327,-0.17913900000000002,USA,KWT,8851
1794030,246,122,1398,2004.0,30238.0,0.0,0.29599699999999995,1.909018,ZAF,KWT,8851
1794031,249,122,1398,2004.0,2765.0,0.0,1.8844150000000002,1.257951,TWN,KWT,8851
1794032,7,124,1398,2004.0,5891.0,2404429.0,-0.10993399999999999,-0.5351640000000001,ARE,LBN,8851
1794033,9,124,1398,2004.0,0.0,12796.0,0.497276,-0.226016,ARM,LBN,8851
1794034,14,124,1398,2004.0,562188.0,16520.0,-0.198735,0.81543,AUS,LBN,8851
1794035,15,124,1398,2004.0,8074.0,0.0,1.958949,0.209296,AUT,LBN,8851
1794036,18,124,1398,2004.0,1913.0,0.0,1.242665,1.541444,BEL,LBN,8851
1794037,21,124,1398,2004.0,0.0,534844.0,-1.118427,-1.091315,BFA,LBN,8851
1794038,24,124,1398,2004.0,0.0,454451.0,-0.551237,-1.174628,BHR,LBN,8851
1794039,41,124,1398,2004.0,9055025.0,1837597.0,2.234603,0.551975,CHE,LBN,8851
1794040,43,124,1398,2004.0,2413934.0,0.0,0.710603,2.017234,CHN,LBN,8851
1794041,44,124,1398,2004.0,0.0,2680.0,-0.835933,-0.749289,CIV,LBN,8851
1794042,58,124,1398,2004.0,137019.0,31195.0,0.42732200000000004,0.811763,CYP,LBN,8851
1794043,61,124,1398,2004.0,434855.0,130664.0,2.4453099999999997,-2.331761,DEU,LBN,8851
1794044,64,124,1398,2004.0,2666.0,0.0,1.309074,1.2627979999999999,DNK,LBN,8851
1794045,71,124,1398,2004.0,311185.0,0.0,1.04057,1.789023,ESP,LBN,8851
1794046,74,124,1398,2004.0,4643.0,0.0,1.9662810000000002,1.018108,FIN,LBN,8851
1794047,77,124,1398,2004.0,2227636.0,129489.0,1.57079,0.6776760000000001,FRA,LBN,8851
1794048,81,124,1398,2004.0,62580.0,64696.0,1.872987,0.734065,GBR,LBN,8851
1794049,90,124,1398,2004.0,6144.0,0.0,0.298029,1.745886,GRC,LBN,8851
1794050,97,124,1398,2004.0,893610.0,31807.0,0.72816,1.403171,HKG,LBN,8851
1794051,108,124,1398,2004.0,0.0,7000.0,-1.50824,-1.082486,IRQ,LBN,8851
1794052,111,124,1398,2004.0,1881695.0,39332.0,1.440372,0.676068,ITA,LBN,8851
1794053,113,124,1398,2004.0,128363.0,83130.0,0.16384200000000002,0.34270100000000003,JOR,LBN,8851
1794054,114,124,1398,2004.0,765988.0,0.0,2.756136,0.15545,JPN,LBN,8851
1794055,121,124,1398,2004.0,194766.0,0.0,1.481275,0.7859,KOR,LBN,8851
1794056,122,124,1398,2004.0,0.0,1259557.0,-0.8195479999999999,-1.2105709999999998,KWT,LBN,8851
1794057,134,124,1398,2004.0,0.0,29054.0,-0.626594,-0.22253499999999998,MAR,LBN,8851
1794058,153,124,1398,2004.0,4616.0,0.0,1.250098,0.352379,MYS,LBN,8851
1794059,162,124,1398,2004.0,1179.0,0.0,1.171327,1.6369799999999999,NLD,LBN,8851
1794060,167,124,1398,2004.0,0.0,163604.0,-0.707862,-1.187629,OMN,LBN,8851
1794061,169,124,1398,2004.0,0.0,9474.0,0.054997000000000004,0.440416,PAN,LBN,8851
1794062,174,124,1398,2004.0,61414.0,0.0,0.288786,-0.25348699999999996,PHL,LBN,8851
1794063,183,124,1398,2004.0,501693.0,647087.0,0.018141,-1.03766,QAT,LBN,8851
1794064,188,124,1398,2004.0,65816.0,1389429.0,0.361324,-0.760732,SAU,LBN,8851
1794065,192,124,1398,2004.0,19734.0,402103.0,1.804502,0.570084,SGP,LBN,8851
1794066,208,124,1398,2004.0,20208.0,0.0,2.105611,0.707843,SWE,LBN,8851
1794067,212,124,1398,2004.0,0.0,39936.0,-0.698545,-0.111323,SYR,LBN,8851
1794068,216,124,1398,2004.0,162253.0,823354.0,0.633501,1.4648290000000002,THA,LBN,8851
1794069,224,124,1398,2004.0,5420.0,0.0,0.249065,1.910598,TUR,LBN,8851
1794070,231,124,1398,2004.0,348578.0,533526.0,1.818327,-0.17913900000000002,USA,LBN,8851
1794071,236,124,1398,2004.0,0.0,33423.0,-0.41193900000000006,-0.9578899999999999,VEN,LBN,8851
1794072,249,124,1398,2004.0,11110.0,0.0,1.8844150000000002,1.257951,TWN,LBN,8851
1794073,250,124,1398,2004.0,271421.0,0.0,0.46240200000000004,-0.406624,ANS,LBN,8851
1794074,7,130,1398,2004.0,0.0,4460.0,-0.10993399999999999,-0.5351640000000001,ARE,LTU,8851
1794075,15,130,1398,2004.0,418964.0,0.0,1.958949,0.209296,AUT,LTU,8851
1794076,18,130,1398,2004.0,35863.0,0.0,1.242665,1.541444,BEL,LTU,8851
1794077,28,130,1398,2004.0,1283.0,0.0,0.9384239999999999,0.9708690000000001,BLR,LTU,8851
1794078,39,130,1398,2004.0,0.0,4512.0,0.781591,1.365966,CAN,LTU,8851
1794079,41,130,1398,2004.0,1275880.0,7199.0,2.234603,0.551975,CHE,LTU,8851
1794080,43,130,1398,2004.0,378812.0,0.0,0.710603,2.017234,CHN,LTU,8851
1794081,59,130,1398,2004.0,4782.0,0.0,1.612543,0.607495,CZE,LTU,8851
1794082,61,130,1398,2004.0,371593.0,51284.0,2.4453099999999997,-2.331761,DEU,LTU,8851
1794083,64,130,1398,2004.0,10588.0,0.0,1.309074,1.2627979999999999,DNK,LTU,8851
1794084,71,130,1398,2004.0,288926.0,0.0,1.04057,1.789023,ESP,LTU,8851
1794085,72,130,1398,2004.0,69134.0,106567.0,0.645741,1.035117,EST,LTU,8851
1794086,74,130,1398,2004.0,1797.0,0.0,1.9662810000000002,1.018108,FIN,LTU,8851
1794087,77,130,1398,2004.0,69532.0,1149.0,1.57079,0.6776760000000001,FRA,LTU,8851
1794088,81,130,1398,2004.0,31570.0,4346.0,1.872987,0.734065,GBR,LTU,8851
1794089,97,130,1398,2004.0,225201.0,1669.0,0.72816,1.403171,HKG,LTU,8851
1794090,102,130,1398,2004.0,1804.0,0.0,1.3579370000000002,0.9993219999999999,HUN,LTU,8851
1794091,111,130,1398,2004.0,52080.0,0.0,1.440372,0.676068,ITA,LTU,8851
1794092,114,130,1398,2004.0,6653.0,76934.0,2.756136,0.15545,JPN,LTU,8851
1794093,121,130,1398,2004.0,125830.0,0.0,1.481275,0.7859,KOR,LTU,8851
1794094,132,130,1398,2004.0,90881.0,104025.0,0.415001,0.8476809999999999,LVA,LTU,8851
1794095,162,130,1398,2004.0,37915.0,0.0,1.171327,1.6369799999999999,NLD,LTU,8851
1794096,177,130,1398,2004.0,27883.0,136220.0,0.989568,1.49055,POL,LTU,8851
1794097,179,130,1398,2004.0,0.0,15831.0,0.705075,1.7268729999999999,PRT,LTU,8851
1794098,186,130,1398,2004.0,178489.0,295461.0,0.422803,0.017524,RUS,LTU,8851
1794099,192,130,1398,2004.0,0.0,7393.0,1.804502,0.570084,SGP,LTU,8851
1794100,208,130,1398,2004.0,1245.0,0.0,2.105611,0.707843,SWE,LTU,8851
1794101,216,130,1398,2004.0,1388.0,0.0,0.633501,1.4648290000000002,THA,LTU,8851
1794102,224,130,1398,2004.0,20067.0,0.0,0.249065,1.910598,TUR,LTU,8851
1794103,228,130,1398,2004.0,0.0,11152.0,0.672848,1.172735,UKR,LTU,8851
1794104,231,130,1398,2004.0,22261.0,54710.0,1.818327,-0.17913900000000002,USA,LTU,8851
1794105,249,130,1398,2004.0,1028.0,33866.0,1.8844150000000002,1.257951,TWN,LTU,8851
1794106,250,130,1398,2004.0,0.0,10238.0,0.46240200000000004,-0.406624,ANS,LTU,8851
1794107,7,132,1398,2004.0,63075.0,0.0,-0.10993399999999999,-0.5351640000000001,ARE,LVA,8851
1794108,15,132,1398,2004.0,1446546.0,1756.0,1.958949,0.209296,AUT,LVA,8851
1794109,18,132,1398,2004.0,34222.0,0.0,1.242665,1.541444,BEL,LVA,8851
1794110,28,132,1398,2004.0,17066.0,0.0,0.9384239999999999,0.9708690000000001,BLR,LVA,8851
1794111,41,132,1398,2004.0,3140530.0,7109.0,2.234603,0.551975,CHE,LVA,8851
1794112,43,132,1398,2004.0,146264.0,0.0,0.710603,2.017234,CHN,LVA,8851
1794113,59,132,1398,2004.0,5720.0,0.0,1.612543,0.607495,CZE,LVA,8851
1794114,61,132,1398,2004.0,298206.0,1905.0,2.4453099999999997,-2.331761,DEU,LVA,8851
1794115,64,132,1398,2004.0,40484.0,0.0,1.309074,1.2627979999999999,DNK,LVA,8851
1794116,71,132,1398,2004.0,118423.0,0.0,1.04057,1.789023,ESP,LVA,8851
1794117,72,132,1398,2004.0,123412.0,11440.0,0.645741,1.035117,EST,LVA,8851
1794118,74,132,1398,2004.0,25256.0,2102.0,1.9662810000000002,1.018108,FIN,LVA,8851
1794119,77,132,1398,2004.0,125514.0,0.0,1.57079,0.6776760000000001,FRA,LVA,8851
1794120,81,132,1398,2004.0,45872.0,0.0,1.872987,0.734065,GBR,LVA,8851
1794121,97,132,1398,2004.0,346065.0,0.0,0.72816,1.403171,HKG,LVA,8851
1794122,102,132,1398,2004.0,0.0,1964.0,1.3579370000000002,0.9993219999999999,HUN,LVA,8851
1794123,111,132,1398,2004.0,74984.0,0.0,1.440372,0.676068,ITA,LVA,8851
1794124,114,132,1398,2004.0,25199.0,0.0,2.756136,0.15545,JPN,LVA,8851
1794125,121,132,1398,2004.0,102508.0,0.0,1.481275,0.7859,KOR,LVA,8851
1794126,130,132,1398,2004.0,104025.0,90881.0,0.341521,0.7971560000000001,LTU,LVA,8851
1794127,162,132,1398,2004.0,36767.0,1808.0,1.171327,1.6369799999999999,NLD,LVA,8851
1794128,163,132,1398,2004.0,1079.0,0.0,0.731175,-0.0655,NOR,LVA,8851
1794129,177,132,1398,2004.0,3139.0,0.0,0.989568,1.49055,POL,LVA,8851
1794130,179,132,1398,2004.0,0.0,9487.0,0.705075,1.7268729999999999,PRT,LVA,8851
1794131,186,132,1398,2004.0,16374.0,0.0,0.422803,0.017524,RUS,LVA,8851
1794132,208,132,1398,2004.0,40759.0,0.0,2.105611,0.707843,SWE,LVA,8851
1794133,224,132,1398,2004.0,3771.0,0.0,0.249065,1.910598,TUR,LVA,8851
1794134,231,132,1398,2004.0,21668.0,17342.0,1.818327,-0.17913900000000002,USA,LVA,8851
1794135,249,132,1398,2004.0,17155.0,0.0,1.8844150000000002,1.257951,TWN,LVA,8851
1794136,250,132,1398,2004.0,5390.0,0.0,0.46240200000000004,-0.406624,ANS,LVA,8851
1794137,7,147,1398,2004.0,32191.0,0.0,-0.10993399999999999,-0.5351640000000001,ARE,MOZ,8851
1794138,41,147,1398,2004.0,1474.0,0.0,2.234603,0.551975,CHE,MOZ,8851
1794139,43,147,1398,2004.0,52681.0,0.0,0.710603,2.017234,CHN,MOZ,8851
1794140,77,147,1398,2004.0,12731.0,0.0,1.57079,0.6776760000000001,FRA,MOZ,8851
1794141,81,147,1398,2004.0,22995.0,0.0,1.872987,0.734065,GBR,MOZ,8851
1794142,97,147,1398,2004.0,57934.0,0.0,0.72816,1.403171,HKG,MOZ,8851
1794143,104,147,1398,2004.0,1303.0,0.0,0.20872,2.817307,IND,MOZ,8851
1794144,179,147,1398,2004.0,1575.0,0.0,0.705075,1.7268729999999999,PRT,MOZ,8851
1794145,209,147,1398,2004.0,3634.0,0.0,0.528937,-0.241038,SWZ,MOZ,8851
1794146,226,147,1398,2004.0,0.0,4284.0,-0.935327,0.362709,TZA,MOZ,8851
1794147,246,147,1398,2004.0,43892.0,0.0,0.29599699999999995,1.909018,ZAF,MOZ,8851
1794148,14,163,1398,2004.0,3338.0,0.0,-0.198735,0.81543,AUS,NOR,8851
1794149,15,163,1398,2004.0,167459.0,15331.0,1.958949,0.209296,AUT,NOR,8851
1794150,18,163,1398,2004.0,181941.0,0.0,1.242665,1.541444,BEL,NOR,8851
1794151,23,163,1398,2004.0,1046.0,0.0,0.390627,1.631006,BGR,NOR,8851
1794152,28,163,1398,2004.0,1565.0,0.0,0.9384239999999999,0.9708690000000001,BLR,NOR,8851
1794153,39,163,1398,2004.0,5611.0,0.0,0.781591,1.365966,CAN,NOR,8851
1794154,41,163,1398,2004.0,13926451.0,725768.0,2.234603,0.551975,CHE,NOR,8851
1794155,42,163,1398,2004.0,0.0,1897.0,-0.24101399999999998,-0.303103,CHL,NOR,8851
1794156,43,163,1398,2004.0,1377758.0,0.0,0.710603,2.017234,CHN,NOR,8851
1794157,59,163,1398,2004.0,12525.0,0.0,1.612543,0.607495,CZE,NOR,8851
1794158,61,163,1398,2004.0,1122242.0,165179.0,2.4453099999999997,-2.331761,DEU,NOR,8851
1794159,64,163,1398,2004.0,628566.0,71527.0,1.309074,1.2627979999999999,DNK,NOR,8851
1794160,68,163,1398,2004.0,0.0,1599.0,-0.35823499999999997,0.5000100000000001,EGY,NOR,8851
1794161,71,163,1398,2004.0,163673.0,42660.0,1.04057,1.789023,ESP,NOR,8851
1794162,72,163,1398,2004.0,28256.0,0.0,0.645741,1.035117,EST,NOR,8851
1794163,74,163,1398,2004.0,90392.0,13574.0,1.9662810000000002,1.018108,FIN,NOR,8851
1794164,77,163,1398,2004.0,241435.0,4586.0,1.57079,0.6776760000000001,FRA,NOR,8851
1794165,81,163,1398,2004.0,309132.0,1362928.0,1.872987,0.734065,GBR,NOR,8851
1794166,97,163,1398,2004.0,5774064.0,1089025.0,0.72816,1.403171,HKG,NOR,8851
1794167,100,163,1398,2004.0,0.0,1593.0,0.744459,1.1994479999999998,HRV,NOR,8851
1794168,103,163,1398,2004.0,2426.0,0.0,0.010095999999999999,1.7413779999999999,IDN,NOR,8851
1794169,109,163,1398,2004.0,0.0,8309.0,0.107901,-0.41223699999999996,ISL,NOR,8851
1794170,110,163,1398,2004.0,7849.0,0.0,1.252895,0.8662770000000001,ISR,NOR,8851
1794171,111,163,1398,2004.0,712569.0,32637.0,1.440372,0.676068,ITA,NOR,8851
1794172,114,163,1398,2004.0,276495.0,354950.0,2.756136,0.15545,JPN,NOR,8851
1794173,116,163,1398,2004.0,0.0,182646.0,-0.565597,0.182375,KEN,NOR,8851
1794174,121,163,1398,2004.0,32823.0,0.0,1.481275,0.7859,KOR,NOR,8851
1794175,132,163,1398,2004.0,0.0,1079.0,0.415001,0.8476809999999999,LVA,NOR,8851
1794176,140,163,1398,2004.0,0.0,1168.0,-0.120439,0.27624899999999997,MKD,NOR,8851
1794177,153,163,1398,2004.0,5474.0,0.0,1.250098,0.352379,MYS,NOR,8851
1794178,162,163,1398,2004.0,496258.0,122620.0,1.171327,1.6369799999999999,NLD,NOR,8851
1794179,169,163,1398,2004.0,0.0,3732.0,0.054997000000000004,0.440416,PAN,NOR,8851
1794180,171,163,1398,2004.0,0.0,2269.0,0.679686,-0.625758,PCN,NOR,8851
1794181,174,163,1398,2004.0,61990.0,0.0,0.288786,-0.25348699999999996,PHL,NOR,8851
1794182,177,163,1398,2004.0,2626.0,0.0,0.989568,1.49055,POL,NOR,8851
1794183,179,163,1398,2004.0,8895.0,6109.0,0.705075,1.7268729999999999,PRT,NOR,8851
1794184,186,163,1398,2004.0,16413.0,0.0,0.422803,0.017524,RUS,NOR,8851
1794185,192,163,1398,2004.0,10506.0,138851.0,1.804502,0.570084,SGP,NOR,8851
1794186,208,163,1398,2004.0,3304629.0,3286566.0,2.105611,0.707843,SWE,NOR,8851
1794187,216,163,1398,2004.0,146585.0,15913.0,0.633501,1.4648290000000002,THA,NOR,8851
1794188,224,163,1398,2004.0,3315.0,2912.0,0.249065,1.910598,TUR,NOR,8851
1794189,231,163,1398,2004.0,498620.0,32478.0,1.818327,-0.17913900000000002,USA,NOR,8851
1794190,236,163,1398,2004.0,0.0,5298.0,-0.41193900000000006,-0.9578899999999999,VEN,NOR,8851
1794191,249,163,1398,2004.0,42257.0,0.0,1.8844150000000002,1.257951,TWN,NOR,8851
1794192,7,167,1398,2004.0,2185193.0,68109.0,-0.10993399999999999,-0.5351640000000001,ARE,OMN,8851
1794193,18,167,1398,2004.0,2655.0,0.0,1.242665,1.541444,BEL,OMN,8851
1794194,39,167,1398,2004.0,1381.0,0.0,0.781591,1.365966,CAN,OMN,8851
1794195,41,167,1398,2004.0,12705726.0,431733.0,2.234603,0.551975,CHE,OMN,8851
1794196,43,167,1398,2004.0,132123.0,0.0,0.710603,2.017234,CHN,OMN,8851
1794197,59,167,1398,2004.0,1011.0,0.0,1.612543,0.607495,CZE,OMN,8851
1794198,61,167,1398,2004.0,681003.0,16543.0,2.4453099999999997,-2.331761,DEU,OMN,8851
1794199,71,167,1398,2004.0,25732.0,0.0,1.04057,1.789023,ESP,OMN,8851
1794200,77,167,1398,2004.0,858652.0,0.0,1.57079,0.6776760000000001,FRA,OMN,8851
1794201,81,167,1398,2004.0,414466.0,7194.0,1.872987,0.734065,GBR,OMN,8851
1794202,97,167,1398,2004.0,956439.0,1310464.0,0.72816,1.403171,HKG,OMN,8851
1794203,104,167,1398,2004.0,804859.0,0.0,0.20872,2.817307,IND,OMN,8851
1794204,111,167,1398,2004.0,272432.0,5099.0,1.440372,0.676068,ITA,OMN,8851
1794205,114,167,1398,2004.0,1070565.0,65038.0,2.756136,0.15545,JPN,OMN,8851
1794206,121,167,1398,2004.0,225021.0,0.0,1.481275,0.7859,KOR,OMN,8851
1794207,122,167,1398,2004.0,20277.0,0.0,-0.8195479999999999,-1.2105709999999998,KWT,OMN,8851
1794208,124,167,1398,2004.0,163604.0,0.0,0.269753,1.3152979999999999,LBN,OMN,8851
1794209,153,167,1398,2004.0,64289.0,0.0,1.250098,0.352379,MYS,OMN,8851
1794210,162,167,1398,2004.0,45861.0,0.0,1.171327,1.6369799999999999,NLD,OMN,8851
1794211,174,167,1398,2004.0,2983.0,0.0,0.288786,-0.25348699999999996,PHL,OMN,8851
1794212,183,167,1398,2004.0,7610.0,0.0,0.018141,-1.03766,QAT,OMN,8851
1794213,188,167,1398,2004.0,10438.0,0.0,0.361324,-0.760732,SAU,OMN,8851
1794214,192,167,1398,2004.0,276305.0,0.0,1.804502,0.570084,SGP,OMN,8851
1794215,208,167,1398,2004.0,81382.0,0.0,2.105611,0.707843,SWE,OMN,8851
1794216,216,167,1398,2004.0,62168.0,0.0,0.633501,1.4648290000000002,THA,OMN,8851
1794217,231,167,1398,2004.0,98903.0,2336.0,1.818327,-0.17913900000000002,USA,OMN,8851
1794218,249,167,1398,2004.0,13414.0,0.0,1.8844150000000002,1.257951,TWN,OMN,8851
1794219,7,168,1398,2004.0,376550.0,9350.0,-0.10993399999999999,-0.5351640000000001,ARE,PAK,8851
1794220,14,168,1398,2004.0,7757.0,2310.0,-0.198735,0.81543,AUS,PAK,8851
1794221,18,168,1398,2004.0,3877.0,0.0,1.242665,1.541444,BEL,PAK,8851
1794222,22,168,1398,2004.0,0.0,1429.0,-1.074194,-0.9392389999999999,BGD,PAK,8851
1794223,24,168,1398,2004.0,0.0,1609.0,-0.551237,-1.174628,BHR,PAK,8851
1794224,39,168,1398,2004.0,3319.0,0.0,0.781591,1.365966,CAN,PAK,8851
1794225,41,168,1398,2004.0,12378527.0,0.0,2.234603,0.551975,CHE,PAK,8851
1794226,43,168,1398,2004.0,1013098.0,0.0,0.710603,2.017234,CHN,PAK,8851
1794227,61,168,1398,2004.0,332896.0,0.0,2.4453099999999997,-2.331761,DEU,PAK,8851
1794228,68,168,1398,2004.0,0.0,1704.0,-0.35823499999999997,0.5000100000000001,EGY,PAK,8851
1794229,77,168,1398,2004.0,11304.0,0.0,1.57079,0.6776760000000001,FRA,PAK,8851
1794230,81,168,1398,2004.0,641787.0,0.0,1.872987,0.734065,GBR,PAK,8851
1794231,97,168,1398,2004.0,6103281.0,59244.0,0.72816,1.403171,HKG,PAK,8851
1794232,111,168,1398,2004.0,11933.0,0.0,1.440372,0.676068,ITA,PAK,8851
1794233,114,168,1398,2004.0,133861.0,10323.0,2.756136,0.15545,JPN,PAK,8851
1794234,116,168,1398,2004.0,0.0,9794.0,-0.565597,0.182375,KEN,PAK,8851
1794235,121,168,1398,2004.0,126938.0,0.0,1.481275,0.7859,KOR,PAK,8851
1794236,137,168,1398,2004.0,0.0,6762.0,-0.44303000000000003,-0.841744,MDV,PAK,8851
1794237,153,168,1398,2004.0,0.0,7633.0,1.250098,0.352379,MYS,PAK,8851
1794238,174,168,1398,2004.0,1670.0,0.0,0.288786,-0.25348699999999996,PHL,PAK,8851
1794239,178,168,1398,2004.0,28198.0,0.0,0.695376,0.9732209999999999,PRK,PAK,8851
1794240,192,168,1398,2004.0,65927.0,0.0,1.804502,0.570084,SGP,PAK,8851
1794241,208,168,1398,2004.0,1229.0,0.0,2.105611,0.707843,SWE,PAK,8851
1794242,216,168,1398,2004.0,11271.0,0.0,0.633501,1.4648290000000002,THA,PAK,8851
1794243,231,168,1398,2004.0,39293.0,93467.0,1.818327,-0.17913900000000002,USA,PAK,8851
1794244,249,168,1398,2004.0,28370.0,0.0,1.8844150000000002,1.257951,TWN,PAK,8851
1794245,250,168,1398,2004.0,1084.0,0.0,0.46240200000000004,-0.406624,ANS,PAK,8851
1794246,7,185,1398,2004.0,5521.0,0.0,-0.10993399999999999,-0.5351640000000001,ARE,ROU,8851
1794247,9,185,1398,2004.0,0.0,1660.0,0.497276,-0.226016,ARM,ROU,8851
1794248,15,185,1398,2004.0,378102.0,6059.0,1.958949,0.209296,AUT,ROU,8851
1794249,16,185,1398,2004.0,0.0,1002.0,-0.720616,-1.009692,AZE,ROU,8851
1794250,18,185,1398,2004.0,20695.0,0.0,1.242665,1.541444,BEL,ROU,8851
1794251,23,185,1398,2004.0,25227.0,38355.0,0.390627,1.631006,BGR,ROU,8851
1794252,28,185,1398,2004.0,4259.0,0.0,0.9384239999999999,0.9708690000000001,BLR,ROU,8851
1794253,39,185,1398,2004.0,1153.0,0.0,0.781591,1.365966,CAN,ROU,8851
1794254,41,185,1398,2004.0,4337610.0,70653.0,2.234603,0.551975,CHE,ROU,8851
1794255,43,185,1398,2004.0,622072.0,0.0,0.710603,2.017234,CHN,ROU,8851
1794256,58,185,1398,2004.0,4444.0,0.0,0.42732200000000004,0.811763,CYP,ROU,8851
1794257,59,185,1398,2004.0,38231.0,0.0,1.612543,0.607495,CZE,ROU,8851
1794258,61,185,1398,2004.0,1224018.0,126493.0,2.4453099999999997,-2.331761,DEU,ROU,8851
1794259,64,185,1398,2004.0,59841.0,0.0,1.309074,1.2627979999999999,DNK,ROU,8851
1794260,71,185,1398,2004.0,397446.0,0.0,1.04057,1.789023,ESP,ROU,8851
1794261,77,185,1398,2004.0,329152.0,0.0,1.57079,0.6776760000000001,FRA,ROU,8851
1794262,81,185,1398,2004.0,9966.0,0.0,1.872987,0.734065,GBR,ROU,8851
1794263,90,185,1398,2004.0,69471.0,0.0,0.298029,1.745886,GRC,ROU,8851
1794264,97,185,1398,2004.0,367821.0,0.0,0.72816,1.403171,HKG,ROU,8851
1794265,102,185,1398,2004.0,43224.0,21059.0,1.3579370000000002,0.9993219999999999,HUN,ROU,8851
1794266,103,185,1398,2004.0,0.0,7276.0,0.010095999999999999,1.7413779999999999,IDN,ROU,8851
1794267,110,185,1398,2004.0,5828.0,0.0,1.252895,0.8662770000000001,ISR,ROU,8851
1794268,111,185,1398,2004.0,448020.0,0.0,1.440372,0.676068,ITA,ROU,8851
1794269,114,185,1398,2004.0,103866.0,0.0,2.756136,0.15545,JPN,ROU,8851
1794270,121,185,1398,2004.0,45067.0,0.0,1.481275,0.7859,KOR,ROU,8851
1794271,135,185,1398,2004.0,3406.0,11988.0,-0.13031900000000002,-0.118591,MDA,ROU,8851
1794272,153,185,1398,2004.0,3322.0,0.0,1.250098,0.352379,MYS,ROU,8851
1794273,162,185,1398,2004.0,214033.0,0.0,1.171327,1.6369799999999999,NLD,ROU,8851
1794274,169,185,1398,2004.0,11644.0,0.0,0.054997000000000004,0.440416,PAN,ROU,8851
1794275,174,185,1398,2004.0,79699.0,0.0,0.288786,-0.25348699999999996,PHL,ROU,8851
1794276,177,185,1398,2004.0,15371.0,0.0,0.989568,1.49055,POL,ROU,8851
1794277,186,185,1398,2004.0,1214.0,0.0,0.422803,0.017524,RUS,ROU,8851
1794278,206,185,1398,2004.0,0.0,3798.0,1.2683149999999999,0.9208620000000001,SVK,ROU,8851
1794279,208,185,1398,2004.0,6601.0,0.0,2.105611,0.707843,SWE,ROU,8851
1794280,216,185,1398,2004.0,30710.0,0.0,0.633501,1.4648290000000002,THA,ROU,8851
1794281,224,185,1398,2004.0,55310.0,0.0,0.249065,1.910598,TUR,ROU,8851
1794282,231,185,1398,2004.0,77576.0,44725.0,1.818327,-0.17913900000000002,USA,ROU,8851
1794283,249,185,1398,2004.0,10434.0,0.0,1.8844150000000002,1.257951,TWN,ROU,8851
1794284,250,185,1398,2004.0,12980.0,183250.0,0.46240200000000004,-0.406624,ANS,ROU,8851
1794285,7,188,1398,2004.0,203105.0,975765.0,-0.10993399999999999,-0.5351640000000001,ARE,SAU,8851
1794286,14,188,1398,2004.0,70379.0,0.0,-0.198735,0.81543,AUS,SAU,8851
1794287,15,188,1398,2004.0,28337.0,0.0,1.958949,0.209296,AUT,SAU,8851
1794288,18,188,1398,2004.0,143057.0,2639.0,1.242665,1.541444,BEL,SAU,8851
1794289,24,188,1398,2004.0,12509.0,30725.0,-0.551237,-1.174628,BHR,SAU,8851
1794290,39,188,1398,2004.0,48458.0,0.0,0.781591,1.365966,CAN,SAU,8851
1794291,41,188,1398,2004.0,105692528.0,3254710.0,2.234603,0.551975,CHE,SAU,8851
1794292,43,188,1398,2004.0,17084482.0,1038.0,0.710603,2.017234,CHN,SAU,8851
1794293,58,188,1398,2004.0,8915.0,0.0,0.42732200000000004,0.811763,CYP,SAU,8851
1794294,61,188,1398,2004.0,1058568.0,16864.0,2.4453099999999997,-2.331761,DEU,SAU,8851
1794295,64,188,1398,2004.0,8568.0,0.0,1.309074,1.2627979999999999,DNK,SAU,8851
1794296,71,188,1398,2004.0,664684.0,111794.0,1.04057,1.789023,ESP,SAU,8851
1794297,74,188,1398,2004.0,4967.0,0.0,1.9662810000000002,1.018108,FIN,SAU,8851
1794298,77,188,1398,2004.0,6272937.0,372263.0,1.57079,0.6776760000000001,FRA,SAU,8851
1794299,81,188,1398,2004.0,928057.0,17831.0,1.872987,0.734065,GBR,SAU,8851
1794300,97,188,1398,2004.0,5909432.0,78036.0,0.72816,1.403171,HKG,SAU,8851
1794301,104,188,1398,2004.0,2514662.0,0.0,0.20872,2.817307,IND,SAU,8851
1794302,111,188,1398,2004.0,3320212.0,0.0,1.440372,0.676068,ITA,SAU,8851
1794303,113,188,1398,2004.0,109502.0,23686.0,0.16384200000000002,0.34270100000000003,JOR,SAU,8851
1794304,114,188,1398,2004.0,38102124.0,3045.0,2.756136,0.15545,JPN,SAU,8851
1794305,121,188,1398,2004.0,9574607.0,39234.0,1.481275,0.7859,KOR,SAU,8851
1794306,124,188,1398,2004.0,1389429.0,65816.0,0.269753,1.3152979999999999,LBN,SAU,8851
1794307,141,188,1398,2004.0,0.0,3613.0,-0.5807979999999999,-0.797311,MLI,SAU,8851
1794308,153,188,1398,2004.0,1524568.0,0.0,1.250098,0.352379,MYS,SAU,8851
1794309,154,188,1398,2004.0,0.0,1264.0,1.290551,0.284667,MYT,SAU,8851
1794310,162,188,1398,2004.0,46231.0,3078.0,1.171327,1.6369799999999999,NLD,SAU,8851
1794311,166,188,1398,2004.0,62035.0,0.0,0.44099099999999997,0.968326,NZL,SAU,8851
1794312,167,188,1398,2004.0,0.0,10438.0,-0.707862,-1.187629,OMN,SAU,8851
1794313,174,188,1398,2004.0,146385.0,0.0,0.288786,-0.25348699999999996,PHL,SAU,8851
1794314,179,188,1398,2004.0,3448.0,0.0,0.705075,1.7268729999999999,PRT,SAU,8851
1794315,183,188,1398,2004.0,61952.0,106676.0,0.018141,-1.03766,QAT,SAU,8851
1794316,190,188,1398,2004.0,0.0,113435.0,-1.503552,-1.253193,SDN,SAU,8851
1794317,192,188,1398,2004.0,28941.0,171485.0,1.804502,0.570084,SGP,SAU,8851
1794318,208,188,1398,2004.0,168891.0,2790.0,2.105611,0.707843,SWE,SAU,8851
1794319,212,188,1398,2004.0,0.0,43867.0,-0.698545,-0.111323,SYR,SAU,8851
1794320,216,188,1398,2004.0,79420.0,0.0,0.633501,1.4648290000000002,THA,SAU,8851
1794321,223,188,1398,2004.0,24324.0,0.0,-0.125092,0.370625,TUN,SAU,8851
1794322,224,188,1398,2004.0,0.0,2072.0,0.249065,1.910598,TUR,SAU,8851
1794323,231,188,1398,2004.0,1110178.0,42540.0,1.818327,-0.17913900000000002,USA,SAU,8851
1794324,246,188,1398,2004.0,0.0,1721.0,0.29599699999999995,1.909018,ZAF,SAU,8851
1794325,249,188,1398,2004.0,1276581.0,0.0,1.8844150000000002,1.257951,TWN,SAU,8851
1794326,250,188,1398,2004.0,290055.0,0.0,0.46240200000000004,-0.406624,ANS,SAU,8851
1794327,15,189,1398,2004.0,490395.0,0.0,1.958949,0.209296,AUT,SCG,8851
1794328,23,189,1398,2004.0,160220.0,0.0,0.390627,1.631006,BGR,SCG,8851
1794329,26,189,1398,2004.0,14914.0,22547.0,0.45637,0.6154470000000001,BIH,SCG,8851
1794330,28,189,1398,2004.0,53228.0,0.0,0.9384239999999999,0.9708690000000001,BLR,SCG,8851
1794331,41,189,1398,2004.0,1402469.0,0.0,2.234603,0.551975,CHE,SCG,8851
1794332,43,189,1398,2004.0,462649.0,0.0,0.710603,2.017234,CHN,SCG,8851
1794333,61,189,1398,2004.0,3837665.0,11448.0,2.4453099999999997,-2.331761,DEU,SCG,8851
1794334,64,189,1398,2004.0,646660.0,0.0,1.309074,1.2627979999999999,DNK,SCG,8851
1794335,71,189,1398,2004.0,213314.0,0.0,1.04057,1.789023,ESP,SCG,8851
1794336,77,189,1398,2004.0,45836.0,0.0,1.57079,0.6776760000000001,FRA,SCG,8851
1794337,90,189,1398,2004.0,14572.0,0.0,0.298029,1.745886,GRC,SCG,8851
1794338,97,189,1398,2004.0,701395.0,0.0,0.72816,1.403171,HKG,SCG,8851
1794339,100,189,1398,2004.0,3442.0,1851.0,0.744459,1.1994479999999998,HRV,SCG,8851
1794340,102,189,1398,2004.0,74012.0,0.0,1.3579370000000002,0.9993219999999999,HUN,SCG,8851
1794341,110,189,1398,2004.0,86281.0,0.0,1.252895,0.8662770000000001,ISR,SCG,8851
1794342,111,189,1398,2004.0,464378.0,0.0,1.440372,0.676068,ITA,SCG,8851
1794343,114,189,1398,2004.0,29053.0,0.0,2.756136,0.15545,JPN,SCG,8851
1794344,121,189,1398,2004.0,26638.0,0.0,1.481275,0.7859,KOR,SCG,8851
1794345,140,189,1398,2004.0,11960.0,6423.0,-0.120439,0.27624899999999997,MKD,SCG,8851
1794346,162,189,1398,2004.0,57732.0,0.0,1.171327,1.6369799999999999,NLD,SCG,8851
1794347,207,189,1398,2004.0,43055.0,0.0,1.700677,0.829765,SVN,SCG,8851
1794348,216,189,1398,2004.0,28674.0,0.0,0.633501,1.4648290000000002,THA,SCG,8851
1794349,224,189,1398,2004.0,37201.0,0.0,0.249065,1.910598,TUR,SCG,8851
1794350,231,189,1398,2004.0,36878.0,0.0,1.818327,-0.17913900000000002,USA,SCG,8851
1794351,249,189,1398,2004.0,5530.0,0.0,1.8844150000000002,1.257951,TWN,SCG,8851
1794352,250,189,1398,2004.0,19443.0,0.0,0.46240200000000004,-0.406624,ANS,SCG,8851
1794353,6,192,1398,2004.0,0.0,106811.0,0.080304,-0.634516,ANT,SGP,8851
1794354,7,192,1398,2004.0,1218466.0,3828712.0,-0.10993399999999999,-0.5351640000000001,ARE,SGP,8851
1794355,8,192,1398,2004.0,2154.0,0.0,-0.070845,0.879574,ARG,SGP,8851
1794356,14,192,1398,2004.0,2166252.0,1192564.0,-0.198735,0.81543,AUS,SGP,8851
1794357,15,192,1398,2004.0,511901.0,911688.0,1.958949,0.209296,AUT,SGP,8851
1794358,18,192,1398,2004.0,72026.0,158626.0,1.242665,1.541444,BEL,SGP,8851
1794359,22,192,1398,2004.0,0.0,1916749.0,-1.074194,-0.9392389999999999,BGD,SGP,8851
1794360,34,192,1398,2004.0,9302.0,6540465.0,-0.720827,-0.964435,BRN,SGP,8851
1794361,39,192,1398,2004.0,1392.0,37161.0,0.781591,1.365966,CAN,SGP,8851
1794362,41,192,1398,2004.0,338229408.0,13332993.0,2.234603,0.551975,CHE,SGP,8851
1794363,43,192,1398,2004.0,12295546.0,36199916.0,0.710603,2.017234,CHN,SGP,8851
1794364,45,192,1398,2004.0,0.0,1090.0,-1.380149,-1.220501,CMR,SGP,8851
1794365,58,192,1398,2004.0,0.0,1927.0,0.42732200000000004,0.811763,CYP,SGP,8851
1794366,59,192,1398,2004.0,143760.0,0.0,1.612543,0.607495,CZE,SGP,8851
1794367,61,192,1398,2004.0,18992010.0,2472104.0,2.4453099999999997,-2.331761,DEU,SGP,8851
1794368,64,192,1398,2004.0,251824.0,13824.0,1.309074,1.2627979999999999,DNK,SGP,8851
1794369,68,192,1398,2004.0,0.0,2418.0,-0.35823499999999997,0.5000100000000001,EGY,SGP,8851
1794370,71,192,1398,2004.0,321799.0,63291.0,1.04057,1.789023,ESP,SGP,8851
1794371,72,192,1398,2004.0,125992.0,0.0,0.645741,1.035117,EST,SGP,8851
1794372,74,192,1398,2004.0,0.0,271581.0,1.9662810000000002,1.018108,FIN,SGP,8851
1794373,75,192,1398,2004.0,0.0,233493.0,-0.793333,-0.27460100000000004,FJI,SGP,8851
1794374,77,192,1398,2004.0,7215914.0,378150.0,1.57079,0.6776760000000001,FRA,SGP,8851
1794375,79,192,1398,2004.0,0.0,1497.0,-1.155942,-1.049955,FSM,SGP,8851
1794376,81,192,1398,2004.0,785277.0,779445.0,1.872987,0.734065,GBR,SGP,8851
1794377,90,192,1398,2004.0,3070.0,1641.0,0.298029,1.745886,GRC,SGP,8851
1794378,95,192,1398,2004.0,0.0,1208534.0,0.136164,-0.616118,GUM,SGP,8851
1794379,97,192,1398,2004.0,61277956.0,62430628.0,0.72816,1.403171,HKG,SGP,8851
1794380,103,192,1398,2004.0,1378751.0,19932582.0,0.010095999999999999,1.7413779999999999,IDN,SGP,8851
1794381,104,192,1398,2004.0,2416932.0,468258.0,0.20872,2.817307,IND,SGP,8851
1794382,106,192,1398,2004.0,0.0,14112.0,1.498475,0.19050799999999998,IRL,SGP,8851
1794383,107,192,1398,2004.0,0.0,83605.0,-0.6691699999999999,-1.002548,IRN,SGP,8851
1794384,109,192,1398,2004.0,0.0,2103.0,0.107901,-0.41223699999999996,ISL,SGP,8851
1794385,110,192,1398,2004.0,0.0,518226.0,1.252895,0.8662770000000001,ISR,SGP,8851
1794386,111,192,1398,2004.0,4990534.0,121169.0,1.440372,0.676068,ITA,SGP,8851
1794387,113,192,1398,2004.0,0.0,14052.0,0.16384200000000002,0.34270100000000003,JOR,SGP,8851
1794388,114,192,1398,2004.0,3399933.0,21911070.0,2.756136,0.15545,JPN,SGP,8851
1794389,118,192,1398,2004.0,0.0,352321.0,-1.145227,-1.19179,KHM,SGP,8851
1794390,121,192,1398,2004.0,854306.0,3822947.0,1.481275,0.7859,KOR,SGP,8851
1794391,122,192,1398,2004.0,0.0,270534.0,-0.8195479999999999,-1.2105709999999998,KWT,SGP,8851
1794392,123,192,1398,2004.0,0.0,122503.0,-0.9964770000000001,-0.9475,LAO,SGP,8851
1794393,124,192,1398,2004.0,402103.0,19734.0,0.269753,1.3152979999999999,LBN,SGP,8851
1794394,128,192,1398,2004.0,0.0,700336.0,-0.42450299999999996,0.173518,LKA,SGP,8851
1794395,130,192,1398,2004.0,7393.0,0.0,0.341521,0.7971560000000001,LTU,SGP,8851
1794396,131,192,1398,2004.0,1641720.0,0.0,1.258828,1.079923,LUX,SGP,8851
1794397,137,192,1398,2004.0,0.0,2758862.0,-0.44303000000000003,-0.841744,MDV,SGP,8851
1794398,138,192,1398,2004.0,0.0,2447.0,1.183707,0.9043700000000001,MEX,SGP,8851
1794399,142,192,1398,2004.0,23576.0,22586.0,1.2290379999999999,-0.025372,MLT,SGP,8851
1794400,143,192,1398,2004.0,0.0,2003806.0,-1.048261,-0.828443,MMR,SGP,8851
1794401,145,192,1398,2004.0,0.0,24667.0,-0.920198,-1.1059219999999998,MNG,SGP,8851
1794402,146,192,1398,2004.0,0.0,300008.0,-0.22844699999999998,-0.684888,MNP,SGP,8851
1794403,151,192,1398,2004.0,0.0,277421.0,-0.161262,-0.29730300000000004,MUS,SGP,8851
1794404,153,192,1398,2004.0,41618636.0,102250368.0,1.250098,0.352379,MYS,SGP,8851
1794405,156,192,1398,2004.0,0.0,104055.0,-0.279566,-0.860456,NCL,SGP,8851
1794406,162,192,1398,2004.0,492248.0,48885.0,1.171327,1.6369799999999999,NLD,SGP,8851
1794407,163,192,1398,2004.0,138851.0,10506.0,0.731175,-0.0655,NOR,SGP,8851
1794408,164,192,1398,2004.0,0.0,50207.0,-0.16800199999999998,0.541976,NPL,SGP,8851
1794409,166,192,1398,2004.0,352874.0,552033.0,0.44099099999999997,0.968326,NZL,SGP,8851
1794410,167,192,1398,2004.0,0.0,276305.0,-0.707862,-1.187629,OMN,SGP,8851
1794411,168,192,1398,2004.0,0.0,65927.0,-0.7489600000000001,0.22493200000000002,PAK,SGP,8851
1794412,169,192,1398,2004.0,16285.0,0.0,0.054997000000000004,0.440416,PAN,SGP,8851
1794413,174,192,1398,2004.0,1924488.0,1101554.0,0.288786,-0.25348699999999996,PHL,SGP,8851
1794414,176,192,1398,2004.0,0.0,64512.0,-1.57259,-1.215066,PNG,SGP,8851
1794415,177,192,1398,2004.0,0.0,13041.0,0.989568,1.49055,POL,SGP,8851
1794416,178,192,1398,2004.0,0.0,72237.0,0.695376,0.9732209999999999,PRK,SGP,8851
1794417,179,192,1398,2004.0,0.0,5908.0,0.705075,1.7268729999999999,PRT,SGP,8851
1794418,182,192,1398,2004.0,2660.0,9322.0,-0.125349,-0.718282,PYF,SGP,8851
1794419,183,192,1398,2004.0,1404028.0,29884.0,0.018141,-1.03766,QAT,SGP,8851
1794420,186,192,1398,2004.0,0.0,850232.0,0.422803,0.017524,RUS,SGP,8851
1794421,188,192,1398,2004.0,171485.0,28941.0,0.361324,-0.760732,SAU,SGP,8851
1794422,195,192,1398,2004.0,0.0,23367.0,-1.337367,-1.051245,SLB,SGP,8851
1794423,208,192,1398,2004.0,318300.0,29587.0,2.105611,0.707843,SWE,SGP,8851
1794424,211,192,1398,2004.0,0.0,46395.0,-0.585828,-0.768388,SYC,SGP,8851
1794425,216,192,1398,2004.0,2021184.0,5733514.0,0.633501,1.4648290000000002,THA,SGP,8851
1794426,220,192,1398,2004.0,0.0,2176.0,0.437675,-0.21816300000000002,TLS,SGP,8851
1794427,224,192,1398,2004.0,54619.0,335155.0,0.249065,1.910598,TUR,SGP,8851
1794428,230,192,1398,2004.0,1689.0,0.0,-0.051583000000000004,0.145056,URY,SGP,8851
1794429,231,192,1398,2004.0,5746316.0,3528471.0,1.818327,-0.17913900000000002,USA,SGP,8851
1794430,239,192,1398,2004.0,0.0,1892650.0,-0.46875500000000003,0.734412,VNM,SGP,8851
1794431,240,192,1398,2004.0,0.0,20914.0,-1.284054,-1.0415809999999999,VUT,SGP,8851
1794432,246,192,1398,2004.0,7705.0,313952.0,0.29599699999999995,1.909018,ZAF,SGP,8851
1794433,249,192,1398,2004.0,326449.0,985508.0,1.8844150000000002,1.257951,TWN,SGP,8851
1794434,250,192,1398,2004.0,154887.0,10565.0,0.46240200000000004,-0.406624,ANS,SGP,8851
1794435,15,206,1398,2004.0,768455.0,231592.0,1.958949,0.209296,AUT,SVK,8851
1794436,18,206,1398,2004.0,16792.0,0.0,1.242665,1.541444,BEL,SVK,8851
1794437,26,206,1398,2004.0,0.0,15567.0,0.45637,0.6154470000000001,BIH,SVK,8851
1794438,41,206,1398,2004.0,1568341.0,0.0,2.234603,0.551975,CHE,SVK,8851
1794439,43,206,1398,2004.0,647823.0,1460.0,0.710603,2.017234,CHN,SVK,8851
1794440,59,206,1398,2004.0,2780408.0,405409.0,1.612543,0.607495,CZE,SVK,8851
1794441,61,206,1398,2004.0,394321.0,0.0,2.4453099999999997,-2.331761,DEU,SVK,8851
1794442,71,206,1398,2004.0,25536.0,21341.0,1.04057,1.789023,ESP,SVK,8851
1794443,77,206,1398,2004.0,65355.0,0.0,1.57079,0.6776760000000001,FRA,SVK,8851
1794444,81,206,1398,2004.0,17491.0,0.0,1.872987,0.734065,GBR,SVK,8851
1794445,90,206,1398,2004.0,18387.0,0.0,0.298029,1.745886,GRC,SVK,8851
1794446,97,206,1398,2004.0,822697.0,20367.0,0.72816,1.403171,HKG,SVK,8851
1794447,100,206,1398,2004.0,0.0,1302.0,0.744459,1.1994479999999998,HRV,SVK,8851
1794448,102,206,1398,2004.0,66593.0,258160.0,1.3579370000000002,0.9993219999999999,HUN,SVK,8851
1794449,104,206,1398,2004.0,16297.0,16132.0,0.20872,2.817307,IND,SVK,8851
1794450,106,206,1398,2004.0,4972.0,0.0,1.498475,0.19050799999999998,IRL,SVK,8851
1794451,110,206,1398,2004.0,0.0,26624.0,1.252895,0.8662770000000001,ISR,SVK,8851
1794452,111,206,1398,2004.0,44847.0,0.0,1.440372,0.676068,ITA,SVK,8851
1794453,114,206,1398,2004.0,257481.0,0.0,2.756136,0.15545,JPN,SVK,8851
1794454,116,206,1398,2004.0,0.0,7617.0,-0.565597,0.182375,KEN,SVK,8851
1794455,121,206,1398,2004.0,20470.0,0.0,1.481275,0.7859,KOR,SVK,8851
1794456,162,206,1398,2004.0,82086.0,0.0,1.171327,1.6369799999999999,NLD,SVK,8851
1794457,174,206,1398,2004.0,5663.0,0.0,0.288786,-0.25348699999999996,PHL,SVK,8851
1794458,177,206,1398,2004.0,37688.0,7963.0,0.989568,1.49055,POL,SVK,8851
1794459,185,206,1398,2004.0,3798.0,0.0,0.53925,1.145066,ROU,SVK,8851
1794460,186,206,1398,2004.0,0.0,6711.0,0.422803,0.017524,RUS,SVK,8851
1794461,207,206,1398,2004.0,3366.0,0.0,1.700677,0.829765,SVN,SVK,8851
1794462,208,206,1398,2004.0,2333.0,0.0,2.105611,0.707843,SWE,SVK,8851
1794463,216,206,1398,2004.0,2452.0,0.0,0.633501,1.4648290000000002,THA,SVK,8851
1794464,224,206,1398,2004.0,3525.0,0.0,0.249065,1.910598,TUR,SVK,8851
1794465,228,206,1398,2004.0,0.0,44368.0,0.672848,1.172735,UKR,SVK,8851
1794466,231,206,1398,2004.0,0.0,16571.0,1.818327,-0.17913900000000002,USA,SVK,8851
1794467,249,206,1398,2004.0,27483.0,0.0,1.8844150000000002,1.257951,TWN,SVK,8851
1794468,250,206,1398,2004.0,588461.0,0.0,0.46240200000000004,-0.406624,ANS,SVK,8851
1794469,14,207,1398,2004.0,0.0,17189.0,-0.198735,0.81543,AUS,SVN,8851
1794470,15,207,1398,2004.0,544216.0,3333.0,1.958949,0.209296,AUT,SVN,8851
1794471,18,207,1398,2004.0,23888.0,19181.0,1.242665,1.541444,BEL,SVN,8851
1794472,26,207,1398,2004.0,67794.0,143099.0,0.45637,0.6154470000000001,BIH,SVN,8851
1794473,39,207,1398,2004.0,0.0,1936.0,0.781591,1.365966,CAN,SVN,8851
1794474,41,207,1398,2004.0,3143199.0,378884.0,2.234603,0.551975,CHE,SVN,8851
1794475,43,207,1398,2004.0,667866.0,579467.0,0.710603,2.017234,CHN,SVN,8851
1794476,59,207,1398,2004.0,4681.0,0.0,1.612543,0.607495,CZE,SVN,8851
1794477,61,207,1398,2004.0,735091.0,28249.0,2.4453099999999997,-2.331761,DEU,SVN,8851
1794478,71,207,1398,2004.0,153501.0,6557.0,1.04057,1.789023,ESP,SVN,8851
1794479,74,207,1398,2004.0,115711.0,0.0,1.9662810000000002,1.018108,FIN,SVN,8851
1794480,77,207,1398,2004.0,297507.0,1823.0,1.57079,0.6776760000000001,FRA,SVN,8851
1794481,81,207,1398,2004.0,32113.0,3704.0,1.872987,0.734065,GBR,SVN,8851
1794482,90,207,1398,2004.0,0.0,3676.0,0.298029,1.745886,GRC,SVN,8851
1794483,97,207,1398,2004.0,467236.0,260844.0,0.72816,1.403171,HKG,SVN,8851
1794484,100,207,1398,2004.0,1056.0,117771.0,0.744459,1.1994479999999998,HRV,SVN,8851
1794485,102,207,1398,2004.0,4770.0,0.0,1.3579370000000002,0.9993219999999999,HUN,SVN,8851
1794486,104,207,1398,2004.0,1259.0,0.0,0.20872,2.817307,IND,SVN,8851
1794487,106,207,1398,2004.0,0.0,40658.0,1.498475,0.19050799999999998,IRL,SVN,8851
1794488,107,207,1398,2004.0,0.0,3362.0,-0.6691699999999999,-1.002548,IRN,SVN,8851
1794489,110,207,1398,2004.0,0.0,24724.0,1.252895,0.8662770000000001,ISR,SVN,8851
1794490,111,207,1398,2004.0,996706.0,8600.0,1.440372,0.676068,ITA,SVN,8851
1794491,114,207,1398,2004.0,168067.0,13828.0,2.756136,0.15545,JPN,SVN,8851
1794492,115,207,1398,2004.0,0.0,3217.0,-0.43987200000000004,-0.50862,KAZ,SVN,8851
1794493,121,207,1398,2004.0,8589.0,0.0,1.481275,0.7859,KOR,SVN,8851
1794494,140,207,1398,2004.0,0.0,5647.0,-0.120439,0.27624899999999997,MKD,SVN,8851
1794495,153,207,1398,2004.0,7269.0,0.0,1.250098,0.352379,MYS,SVN,8851
1794496,162,207,1398,2004.0,98763.0,2182.0,1.171327,1.6369799999999999,NLD,SVN,8851
1794497,174,207,1398,2004.0,49231.0,0.0,0.288786,-0.25348699999999996,PHL,SVN,8851
1794498,189,207,1398,2004.0,0.0,43055.0,0.544686,2.418024,SCG,SVN,8851
1794499,206,207,1398,2004.0,0.0,3366.0,1.2683149999999999,0.9208620000000001,SVK,SVN,8851
1794500,208,207,1398,2004.0,42632.0,0.0,2.105611,0.707843,SWE,SVN,8851
1794501,216,207,1398,2004.0,49927.0,0.0,0.633501,1.4648290000000002,THA,SVN,8851
1794502,224,207,1398,2004.0,1042.0,13675.0,0.249065,1.910598,TUR,SVN,8851
1794503,231,207,1398,2004.0,38430.0,20146.0,1.818327,-0.17913900000000002,USA,SVN,8851
1794504,249,207,1398,2004.0,17113.0,0.0,1.8844150000000002,1.257951,TWN,SVN,8851
1794505,250,207,1398,2004.0,138701.0,0.0,0.46240200000000004,-0.406624,ANS,SVN,8851
1794506,71,209,1398,2004.0,0.0,2617.0,1.04057,1.789023,ESP,SWZ,8851
1794507,81,209,1398,2004.0,41230.0,0.0,1.872987,0.734065,GBR,SWZ,8851
1794508,97,209,1398,2004.0,263389.0,1955.0,0.72816,1.403171,HKG,SWZ,8851
1794509,111,209,1398,2004.0,0.0,1351.0,1.440372,0.676068,ITA,SWZ,8851
1794510,114,209,1398,2004.0,0.0,53310.0,2.756136,0.15545,JPN,SWZ,8851
1794511,121,209,1398,2004.0,232695.0,211866.0,1.481275,0.7859,KOR,SWZ,8851
1794512,147,209,1398,2004.0,0.0,3634.0,-1.009633,-0.9863059999999999,MOZ,SWZ,8851
1794513,153,209,1398,2004.0,11815.0,0.0,1.250098,0.352379,MYS,SWZ,8851
1794514,162,209,1398,2004.0,0.0,1943.0,1.171327,1.6369799999999999,NLD,SWZ,8851
1794515,183,209,1398,2004.0,0.0,300420.0,0.018141,-1.03766,QAT,SWZ,8851
1794516,216,209,1398,2004.0,0.0,59319.0,0.633501,1.4648290000000002,THA,SWZ,8851
1794517,231,209,1398,2004.0,166532.0,2355.0,1.818327,-0.17913900000000002,USA,SWZ,8851
1794518,246,209,1398,2004.0,323197.0,1503.0,0.29599699999999995,1.909018,ZAF,SWZ,8851
1794519,18,223,1398,2004.0,52742.0,0.0,1.242665,1.541444,BEL,TUN,8851
1794520,41,223,1398,2004.0,1022169.0,656834.0,2.234603,0.551975,CHE,TUN,8851
1794521,43,223,1398,2004.0,143040.0,0.0,0.710603,2.017234,CHN,TUN,8851
1794522,61,223,1398,2004.0,112611.0,0.0,2.4453099999999997,-2.331761,DEU,TUN,8851
1794523,71,223,1398,2004.0,268467.0,39625.0,1.04057,1.789023,ESP,TUN,8851
1794524,77,223,1398,2004.0,347395.0,172827.0,1.57079,0.6776760000000001,FRA,TUN,8851
1794525,81,223,1398,2004.0,6299.0,0.0,1.872987,0.734065,GBR,TUN,8851
1794526,97,223,1398,2004.0,434486.0,0.0,0.72816,1.403171,HKG,TUN,8851
1794527,111,223,1398,2004.0,15701.0,0.0,1.440372,0.676068,ITA,TUN,8851
1794528,114,223,1398,2004.0,22961.0,0.0,2.756136,0.15545,JPN,TUN,8851
1794529,131,223,1398,2004.0,93280.0,0.0,1.258828,1.079923,LUX,TUN,8851
1794530,153,223,1398,2004.0,2039.0,0.0,1.250098,0.352379,MYS,TUN,8851
1794531,188,223,1398,2004.0,0.0,24324.0,0.361324,-0.760732,SAU,TUN,8851
1794532,191,223,1398,2004.0,0.0,5060.0,-0.620158,-0.296575,SEN,TUN,8851
1794533,224,223,1398,2004.0,1058.0,0.0,0.249065,1.910598,TUR,TUN,8851
1794534,231,223,1398,2004.0,81433.0,0.0,1.818327,-0.17913900000000002,USA,TUN,8851
1794535,250,223,1398,2004.0,0.0,86249.0,0.46240200000000004,-0.406624,ANS,TUN,8851
1794536,4,224,1398,2004.0,0.0,63197.0,-0.142479,0.136074,ALB,TUR,8851
1794537,6,224,1398,2004.0,37728.0,32131.0,0.080304,-0.634516,ANT,TUR,8851
1794538,7,224,1398,2004.0,90308.0,34366.0,-0.10993399999999999,-0.5351640000000001,ARE,TUR,8851
1794539,14,224,1398,2004.0,0.0,1149.0,-0.198735,0.81543,AUS,TUR,8851
1794540,15,224,1398,2004.0,26736.0,6372.0,1.958949,0.209296,AUT,TUR,8851
1794541,16,224,1398,2004.0,0.0,17259.0,-0.720616,-1.009692,AZE,TUR,8851
1794542,18,224,1398,2004.0,102104.0,44921.0,1.242665,1.541444,BEL,TUR,8851
1794543,23,224,1398,2004.0,0.0,73291.0,0.390627,1.631006,BGR,TUR,8851
1794544,26,224,1398,2004.0,0.0,1782.0,0.45637,0.6154470000000001,BIH,TUR,8851
1794545,39,224,1398,2004.0,0.0,8143.0,0.781591,1.365966,CAN,TUR,8851
1794546,41,224,1398,2004.0,33666736.0,246090.0,2.234603,0.551975,CHE,TUR,8851
1794547,43,224,1398,2004.0,5891450.0,0.0,0.710603,2.017234,CHN,TUR,8851
1794548,58,224,1398,2004.0,0.0,257287.0,0.42732200000000004,0.811763,CYP,TUR,8851
1794549,59,224,1398,2004.0,6884.0,14630.0,1.612543,0.607495,CZE,TUR,8851
1794550,61,224,1398,2004.0,10846136.0,402965.0,2.4453099999999997,-2.331761,DEU,TUR,8851
1794551,64,224,1398,2004.0,11604.0,0.0,1.309074,1.2627979999999999,DNK,TUR,8851
1794552,71,224,1398,2004.0,211206.0,83350.0,1.04057,1.789023,ESP,TUR,8851
1794553,72,224,1398,2004.0,0.0,1488.0,0.645741,1.035117,EST,TUR,8851
1794554,74,224,1398,2004.0,38270.0,0.0,1.9662810000000002,1.018108,FIN,TUR,8851
1794555,77,224,1398,2004.0,402449.0,91173.0,1.57079,0.6776760000000001,FRA,TUR,8851
1794556,80,224,1398,2004.0,0.0,1646.0,-1.006071,-1.212338,GAB,TUR,8851
1794557,81,224,1398,2004.0,856560.0,94843.0,1.872987,0.734065,GBR,TUR,8851
1794558,90,224,1398,2004.0,2159.0,132003.0,0.298029,1.745886,GRC,TUR,8851
1794559,97,224,1398,2004.0,20956128.0,13326.0,0.72816,1.403171,HKG,TUR,8851
1794560,100,224,1398,2004.0,0.0,3202.0,0.744459,1.1994479999999998,HRV,TUR,8851
1794561,102,224,1398,2004.0,0.0,29765.0,1.3579370000000002,0.9993219999999999,HUN,TUR,8851
1794562,104,224,1398,2004.0,3293.0,0.0,0.20872,2.817307,IND,TUR,8851
1794563,107,224,1398,2004.0,107977.0,87461.0,-0.6691699999999999,-1.002548,IRN,TUR,8851
1794564,108,224,1398,2004.0,0.0,111402.0,-1.50824,-1.082486,IRQ,TUR,8851
1794565,110,224,1398,2004.0,46595.0,100488.0,1.252895,0.8662770000000001,ISR,TUR,8851
1794566,111,224,1398,2004.0,4326626.0,47480.0,1.440372,0.676068,ITA,TUR,8851
1794567,114,224,1398,2004.0,1694501.0,397639.0,2.756136,0.15545,JPN,TUR,8851
1794568,115,224,1398,2004.0,0.0,56702.0,-0.43987200000000004,-0.50862,KAZ,TUR,8851
1794569,117,224,1398,2004.0,0.0,17503.0,-0.263776,0.503736,KGZ,TUR,8851
1794570,121,224,1398,2004.0,3522615.0,15939.0,1.481275,0.7859,KOR,TUR,8851
1794571,122,224,1398,2004.0,0.0,1033.0,-0.8195479999999999,-1.2105709999999998,KWT,TUR,8851
1794572,124,224,1398,2004.0,0.0,5420.0,0.269753,1.3152979999999999,LBN,TUR,8851
1794573,126,224,1398,2004.0,0.0,1686.0,-0.895142,-1.211141,LBY,TUR,8851
1794574,130,224,1398,2004.0,0.0,20067.0,0.341521,0.7971560000000001,LTU,TUR,8851
1794575,131,224,1398,2004.0,0.0,3031.0,1.258828,1.079923,LUX,TUR,8851
1794576,132,224,1398,2004.0,0.0,3771.0,0.415001,0.8476809999999999,LVA,TUR,8851
1794577,135,224,1398,2004.0,0.0,8269.0,-0.13031900000000002,-0.118591,MDA,TUR,8851
1794578,140,224,1398,2004.0,0.0,27571.0,-0.120439,0.27624899999999997,MKD,TUR,8851
1794579,153,224,1398,2004.0,258465.0,0.0,1.250098,0.352379,MYS,TUR,8851
1794580,162,224,1398,2004.0,49472.0,20566.0,1.171327,1.6369799999999999,NLD,TUR,8851
1794581,163,224,1398,2004.0,2912.0,3315.0,0.731175,-0.0655,NOR,TUR,8851
1794582,174,224,1398,2004.0,0.0,30170.0,0.288786,-0.25348699999999996,PHL,TUR,8851
1794583,177,224,1398,2004.0,0.0,27171.0,0.989568,1.49055,POL,TUR,8851
1794584,179,224,1398,2004.0,2588.0,12015.0,0.705075,1.7268729999999999,PRT,TUR,8851
1794585,185,224,1398,2004.0,0.0,55310.0,0.53925,1.145066,ROU,TUR,8851
1794586,186,224,1398,2004.0,0.0,3454.0,0.422803,0.017524,RUS,TUR,8851
1794587,188,224,1398,2004.0,2072.0,0.0,0.361324,-0.760732,SAU,TUR,8851
1794588,189,224,1398,2004.0,0.0,37201.0,0.544686,2.418024,SCG,TUR,8851
1794589,192,224,1398,2004.0,335155.0,54619.0,1.804502,0.570084,SGP,TUR,8851
1794590,206,224,1398,2004.0,0.0,3525.0,1.2683149999999999,0.9208620000000001,SVK,TUR,8851
1794591,207,224,1398,2004.0,13675.0,1042.0,1.700677,0.829765,SVN,TUR,8851
1794592,208,224,1398,2004.0,33291.0,0.0,2.105611,0.707843,SWE,TUR,8851
1794593,216,224,1398,2004.0,655208.0,0.0,0.633501,1.4648290000000002,THA,TUR,8851
1794594,219,224,1398,2004.0,0.0,9427.0,-0.9017719999999999,-1.2102620000000002,TKM,TUR,8851
1794595,223,224,1398,2004.0,0.0,1058.0,-0.125092,0.370625,TUN,TUR,8851
1794596,228,224,1398,2004.0,0.0,2270.0,0.672848,1.172735,UKR,TUR,8851
1794597,231,224,1398,2004.0,1166040.0,1517050.0,1.818327,-0.17913900000000002,USA,TUR,8851
1794598,249,224,1398,2004.0,63593.0,0.0,1.8844150000000002,1.257951,TWN,TUR,8851
1794599,250,224,1398,2004.0,0.0,1456652.0,0.46240200000000004,-0.406624,ANS,TUR,8851
1794600,15,228,1398,2004.0,1137360.0,0.0,1.958949,0.209296,AUT,UKR,8851
1794601,18,228,1398,2004.0,2998.0,0.0,1.242665,1.541444,BEL,UKR,8851
1794602,23,228,1398,2004.0,1732.0,0.0,0.390627,1.631006,BGR,UKR,8851
1794603,28,228,1398,2004.0,94122.0,0.0,0.9384239999999999,0.9708690000000001,BLR,UKR,8851
1794604,41,228,1398,2004.0,24296468.0,226932.0,2.234603,0.551975,CHE,UKR,8851
1794605,43,228,1398,2004.0,549579.0,0.0,0.710603,2.017234,CHN,UKR,8851
1794606,59,228,1398,2004.0,72815.0,1235.0,1.612543,0.607495,CZE,UKR,8851
1794607,61,228,1398,2004.0,3689498.0,0.0,2.4453099999999997,-2.331761,DEU,UKR,8851
1794608,64,228,1398,2004.0,40329.0,0.0,1.309074,1.2627979999999999,DNK,UKR,8851
1794609,71,228,1398,2004.0,345086.0,0.0,1.04057,1.789023,ESP,UKR,8851
1794610,74,228,1398,2004.0,12851.0,0.0,1.9662810000000002,1.018108,FIN,UKR,8851
1794611,77,228,1398,2004.0,719654.0,0.0,1.57079,0.6776760000000001,FRA,UKR,8851
1794612,81,228,1398,2004.0,235818.0,0.0,1.872987,0.734065,GBR,UKR,8851
1794613,97,228,1398,2004.0,485617.0,0.0,0.72816,1.403171,HKG,UKR,8851
1794614,102,228,1398,2004.0,150569.0,189792.0,1.3579370000000002,0.9993219999999999,HUN,UKR,8851
1794615,106,228,1398,2004.0,21400.0,0.0,1.498475,0.19050799999999998,IRL,UKR,8851
1794616,110,228,1398,2004.0,54522.0,0.0,1.252895,0.8662770000000001,ISR,UKR,8851
1794617,111,228,1398,2004.0,502981.0,5420.0,1.440372,0.676068,ITA,UKR,8851
1794618,114,228,1398,2004.0,21907.0,0.0,2.756136,0.15545,JPN,UKR,8851
1794619,121,228,1398,2004.0,221717.0,25318.0,1.481275,0.7859,KOR,UKR,8851
1794620,130,228,1398,2004.0,11152.0,0.0,0.341521,0.7971560000000001,LTU,UKR,8851
1794621,135,228,1398,2004.0,0.0,1013.0,-0.13031900000000002,-0.118591,MDA,UKR,8851
1794622,162,228,1398,2004.0,226868.0,0.0,1.171327,1.6369799999999999,NLD,UKR,8851
1794623,177,228,1398,2004.0,62604.0,0.0,0.989568,1.49055,POL,UKR,8851
1794624,179,228,1398,2004.0,63391.0,0.0,0.705075,1.7268729999999999,PRT,UKR,8851
1794625,183,228,1398,2004.0,0.0,2216.0,0.018141,-1.03766,QAT,UKR,8851
1794626,186,228,1398,2004.0,973628.0,2833.0,0.422803,0.017524,RUS,UKR,8851
1794627,206,228,1398,2004.0,44368.0,0.0,1.2683149999999999,0.9208620000000001,SVK,UKR,8851
1794628,224,228,1398,2004.0,2270.0,0.0,0.249065,1.910598,TUR,UKR,8851
1794629,231,228,1398,2004.0,5268.0,0.0,1.818327,-0.17913900000000002,USA,UKR,8851
1794630,7,19,1398,2004.0,10715.0,0.0,-0.10993399999999999,-0.5351640000000001,ARE,BEN,8851
1794631,43,19,1398,2004.0,17885.0,0.0,0.710603,2.017234,CHN,BEN,8851
1794632,77,19,1398,2004.0,60954.0,0.0,1.57079,0.6776760000000001,FRA,BEN,8851
1794633,97,19,1398,2004.0,2161.0,0.0,0.72816,1.403171,HKG,BEN,8851
1794634,121,19,1398,2004.0,111419.0,0.0,1.481275,0.7859,KOR,BEN,8851
1794635,162,19,1398,2004.0,13403.0,0.0,1.171327,1.6369799999999999,NLD,BEN,8851
1794636,178,19,1398,2004.0,17267.0,0.0,0.695376,0.9732209999999999,PRK,BEN,8851
1794637,215,19,1398,2004.0,2633.0,0.0,-0.569621,-0.533211,TGO,BEN,8851
1794638,231,19,1398,2004.0,108279.0,0.0,1.818327,-0.17913900000000002,USA,BEN,8851
1794639,41,37,1398,2004.0,1558.0,0.0,2.234603,0.551975,CHE,BWA,8851
1794640,43,37,1398,2004.0,19157.0,0.0,0.710603,2.017234,CHN,BWA,8851
1794641,246,37,1398,2004.0,708858.0,10658.0,0.29599699999999995,1.909018,ZAF,BWA,8851
1794642,8,42,1398,2004.0,606330.0,267415.0,-0.070845,0.879574,ARG,CHL,8851
1794643,14,42,1398,2004.0,20970.0,0.0,-0.198735,0.81543,AUS,CHL,8851
1794644,25,42,1398,2004.0,2013.0,0.0,0.029548,-0.692239,BHS,CHL,8851
1794645,31,42,1398,2004.0,0.0,7078068.0,-0.841087,-0.770059,BOL,CHL,8851
1794646,32,42,1398,2004.0,5524.0,317042.0,0.504233,1.567879,BRA,CHL,8851
1794647,39,42,1398,2004.0,4801.0,1581.0,0.781591,1.365966,CAN,CHL,8851
1794648,41,42,1398,2004.0,6090274.0,93546.0,2.234603,0.551975,CHE,CHL,8851
1794649,43,42,1398,2004.0,7528341.0,0.0,0.710603,2.017234,CHN,CHL,8851
1794650,49,42,1398,2004.0,101112.0,0.0,0.044706,0.514304,COL,CHL,8851
1794651,61,42,1398,2004.0,71729.0,0.0,2.4453099999999997,-2.331761,DEU,CHL,8851
1794652,64,42,1398,2004.0,3525.0,0.0,1.309074,1.2627979999999999,DNK,CHL,8851
1794653,71,42,1398,2004.0,1253430.0,3389.0,1.04057,1.789023,ESP,CHL,8851
1794654,74,42,1398,2004.0,2217.0,0.0,1.9662810000000002,1.018108,FIN,CHL,8851
1794655,77,42,1398,2004.0,54852.0,20990.0,1.57079,0.6776760000000001,FRA,CHL,8851
1794656,81,42,1398,2004.0,20773.0,0.0,1.872987,0.734065,GBR,CHL,8851
1794657,97,42,1398,2004.0,7901167.0,3606.0,0.72816,1.403171,HKG,CHL,8851
1794658,106,42,1398,2004.0,0.0,4141.0,1.498475,0.19050799999999998,IRL,CHL,8851
1794659,111,42,1398,2004.0,29622.0,0.0,1.440372,0.676068,ITA,CHL,8851
1794660,114,42,1398,2004.0,2806461.0,0.0,2.756136,0.15545,JPN,CHL,8851
1794661,121,42,1398,2004.0,3509.0,0.0,1.481275,0.7859,KOR,CHL,8851
1794662,138,42,1398,2004.0,128223.0,15308.0,1.183707,0.9043700000000001,MEX,CHL,8851
1794663,162,42,1398,2004.0,19223.0,0.0,1.171327,1.6369799999999999,NLD,CHL,8851
1794664,163,42,1398,2004.0,1897.0,0.0,0.731175,-0.0655,NOR,CHL,8851
1794665,169,42,1398,2004.0,371529.0,0.0,0.054997000000000004,0.440416,PAN,CHL,8851
1794666,173,42,1398,2004.0,23755.0,2233715.0,-0.609837,0.13314,PER,CHL,8851
1794667,174,42,1398,2004.0,400557.0,0.0,0.288786,-0.25348699999999996,PHL,CHL,8851
1794668,186,42,1398,2004.0,4916.0,0.0,0.422803,0.017524,RUS,CHL,8851
1794669,208,42,1398,2004.0,30031.0,0.0,2.105611,0.707843,SWE,CHL,8851
1794670,216,42,1398,2004.0,15440.0,0.0,0.633501,1.4648290000000002,THA,CHL,8851
1794671,230,42,1398,2004.0,2476.0,102456.0,-0.051583000000000004,0.145056,URY,CHL,8851
1794672,231,42,1398,2004.0,1259222.0,298046.0,1.818327,-0.17913900000000002,USA,CHL,8851
1794673,236,42,1398,2004.0,52182.0,0.0,-0.41193900000000006,-0.9578899999999999,VEN,CHL,8851
1794674,249,42,1398,2004.0,27740.0,0.0,1.8844150000000002,1.257951,TWN,CHL,8851
1794675,250,42,1398,2004.0,89434.0,0.0,0.46240200000000004,-0.406624,ANS,CHL,8851
1794676,7,44,1398,2004.0,23286.0,0.0,-0.10993399999999999,-0.5351640000000001,ARE,CIV,8851
1794677,18,44,1398,2004.0,4414.0,0.0,1.242665,1.541444,BEL,CIV,8851
1794678,41,44,1398,2004.0,470328.0,29840.0,2.234603,0.551975,CHE,CIV,8851
1794679,43,44,1398,2004.0,38794.0,0.0,0.710603,2.017234,CHN,CIV,8851
1794680,45,44,1398,2004.0,0.0,2291.0,-1.380149,-1.220501,CMR,CIV,8851
1794681,61,44,1398,2004.0,0.0,3342.0,2.4453099999999997,-2.331761,DEU,CIV,8851
1794682,71,44,1398,2004.0,32063.0,11426.0,1.04057,1.789023,ESP,CIV,8851
1794683,77,44,1398,2004.0,618887.0,1162.0,1.57079,0.6776760000000001,FRA,CIV,8851
1794684,80,44,1398,2004.0,0.0,9441.0,-1.006071,-1.212338,GAB,CIV,8851
1794685,81,44,1398,2004.0,40115.0,0.0,1.872987,0.734065,GBR,CIV,8851
1794686,97,44,1398,2004.0,16998.0,0.0,0.72816,1.403171,HKG,CIV,8851
1794687,114,44,1398,2004.0,3706.0,0.0,2.756136,0.15545,JPN,CIV,8851
1794688,124,44,1398,2004.0,2680.0,0.0,0.269753,1.3152979999999999,LBN,CIV,8851
1794689,174,44,1398,2004.0,9880.0,0.0,0.288786,-0.25348699999999996,PHL,CIV,8851
1794690,231,44,1398,2004.0,7379.0,0.0,1.818327,-0.17913900000000002,USA,CIV,8851
1794691,246,44,1398,2004.0,1106.0,0.0,0.29599699999999995,1.909018,ZAF,CIV,8851
1794692,7,45,1398,2004.0,3214.0,0.0,-0.10993399999999999,-0.5351640000000001,ARE,CMR,8851
1794693,18,45,1398,2004.0,1399.0,0.0,1.242665,1.541444,BEL,CMR,8851
1794694,41,45,1398,2004.0,56024.0,0.0,2.234603,0.551975,CHE,CMR,8851
1794695,43,45,1398,2004.0,146619.0,0.0,0.710603,2.017234,CHN,CMR,8851
1794696,44,45,1398,2004.0,2291.0,0.0,-0.835933,-0.749289,CIV,CMR,8851
1794697,61,45,1398,2004.0,3728.0,2306.0,2.4453099999999997,-2.331761,DEU,CMR,8851
1794698,64,45,1398,2004.0,1186.0,0.0,1.309074,1.2627979999999999,DNK,CMR,8851
1794699,71,45,1398,2004.0,8171.0,0.0,1.04057,1.789023,ESP,CMR,8851
1794700,77,45,1398,2004.0,99512.0,0.0,1.57079,0.6776760000000001,FRA,CMR,8851
1794701,81,45,1398,2004.0,0.0,1462.0,1.872987,0.734065,GBR,CMR,8851
1794702,97,45,1398,2004.0,67226.0,0.0,0.72816,1.403171,HKG,CMR,8851
1794703,111,45,1398,2004.0,2377.0,0.0,1.440372,0.676068,ITA,CMR,8851
1794704,162,45,1398,2004.0,3871.0,0.0,1.171327,1.6369799999999999,NLD,CMR,8851
1794705,177,45,1398,2004.0,0.0,2005.0,0.989568,1.49055,POL,CMR,8851
1794706,192,45,1398,2004.0,1090.0,0.0,1.804502,0.570084,SGP,CMR,8851
1794707,216,45,1398,2004.0,0.0,6187.0,0.633501,1.4648290000000002,THA,CMR,8851
1794708,231,45,1398,2004.0,17819.0,51167.0,1.818327,-0.17913900000000002,USA,CMR,8851
1794709,7,58,1398,2004.0,140466.0,7673.0,-0.10993399999999999,-0.5351640000000001,ARE,CYP,8851
1794710,15,58,1398,2004.0,24259.0,0.0,1.958949,0.209296,AUT,CYP,8851
1794711,18,58,1398,2004.0,6211.0,2395.0,1.242665,1.541444,BEL,CYP,8851
1794712,24,58,1398,2004.0,1036.0,0.0,-0.551237,-1.174628,BHR,CYP,8851
1794713,26,58,1398,2004.0,0.0,3164.0,0.45637,0.6154470000000001,BIH,CYP,8851
1794714,39,58,1398,2004.0,6308.0,0.0,0.781591,1.365966,CAN,CYP,8851
1794715,41,58,1398,2004.0,4286548.0,582719.0,2.234603,0.551975,CHE,CYP,8851
1794716,43,58,1398,2004.0,393664.0,0.0,0.710603,2.017234,CHN,CYP,8851
1794717,59,58,1398,2004.0,0.0,2253.0,1.612543,0.607495,CZE,CYP,8851
1794718,61,58,1398,2004.0,1016382.0,250670.0,2.4453099999999997,-2.331761,DEU,CYP,8851
1794719,64,58,1398,2004.0,13946.0,0.0,1.309074,1.2627979999999999,DNK,CYP,8851
1794720,68,58,1398,2004.0,1320.0,217605.0,-0.35823499999999997,0.5000100000000001,EGY,CYP,8851
1794721,71,58,1398,2004.0,153449.0,0.0,1.04057,1.789023,ESP,CYP,8851
1794722,77,58,1398,2004.0,306912.0,19768.0,1.57079,0.6776760000000001,FRA,CYP,8851
1794723,81,58,1398,2004.0,191797.0,97390.0,1.872987,0.734065,GBR,CYP,8851
1794724,90,58,1398,2004.0,1692528.0,1160452.0,0.298029,1.745886,GRC,CYP,8851
1794725,97,58,1398,2004.0,1350108.0,583793.0,0.72816,1.403171,HKG,CYP,8851
1794726,104,58,1398,2004.0,2387.0,0.0,0.20872,2.817307,IND,CYP,8851
1794727,106,58,1398,2004.0,9161.0,0.0,1.498475,0.19050799999999998,IRL,CYP,8851
1794728,110,58,1398,2004.0,11089.0,55854.0,1.252895,0.8662770000000001,ISR,CYP,8851
1794729,111,58,1398,2004.0,1111010.0,11632.0,1.440372,0.676068,ITA,CYP,8851
1794730,113,58,1398,2004.0,0.0,1802.0,0.16384200000000002,0.34270100000000003,JOR,CYP,8851
1794731,114,58,1398,2004.0,369535.0,2480.0,2.756136,0.15545,JPN,CYP,8851
1794732,121,58,1398,2004.0,28417.0,0.0,1.481275,0.7859,KOR,CYP,8851
1794733,122,58,1398,2004.0,0.0,1501.0,-0.8195479999999999,-1.2105709999999998,KWT,CYP,8851
1794734,124,58,1398,2004.0,31195.0,137019.0,0.269753,1.3152979999999999,LBN,CYP,8851
1794735,135,58,1398,2004.0,11011.0,0.0,-0.13031900000000002,-0.118591,MDA,CYP,8851
1794736,142,58,1398,2004.0,0.0,6243.0,1.2290379999999999,-0.025372,MLT,CYP,8851
1794737,162,58,1398,2004.0,5082.0,15314.0,1.171327,1.6369799999999999,NLD,CYP,8851
1794738,166,58,1398,2004.0,0.0,6096.0,0.44099099999999997,0.968326,NZL,CYP,8851
1794739,179,58,1398,2004.0,2146.0,0.0,0.705075,1.7268729999999999,PRT,CYP,8851
1794740,185,58,1398,2004.0,0.0,4444.0,0.53925,1.145066,ROU,CYP,8851
1794741,186,58,1398,2004.0,0.0,41341.0,0.422803,0.017524,RUS,CYP,8851
1794742,188,58,1398,2004.0,0.0,8915.0,0.361324,-0.760732,SAU,CYP,8851
1794743,192,58,1398,2004.0,1927.0,0.0,1.804502,0.570084,SGP,CYP,8851
1794744,208,58,1398,2004.0,45724.0,3837.0,2.105611,0.707843,SWE,CYP,8851
1794745,212,58,1398,2004.0,0.0,4727.0,-0.698545,-0.111323,SYR,CYP,8851
1794746,216,58,1398,2004.0,13477.0,0.0,0.633501,1.4648290000000002,THA,CYP,8851
1794747,224,58,1398,2004.0,257287.0,0.0,0.249065,1.910598,TUR,CYP,8851
1794748,231,58,1398,2004.0,23942.0,13063.0,1.818327,-0.17913900000000002,USA,CYP,8851
1794749,239,58,1398,2004.0,1662.0,0.0,-0.46875500000000003,0.734412,VNM,CYP,8851
1794750,249,58,1398,2004.0,8040.0,11699.0,1.8844150000000002,1.257951,TWN,CYP,8851
1794751,250,58,1398,2004.0,0.0,19774.0,0.46240200000000004,-0.406624,ANS,CYP,8851
1794752,18,80,1398,2004.0,9406.0,0.0,1.242665,1.541444,BEL,GAB,8851
1794753,41,80,1398,2004.0,1031761.0,0.0,2.234603,0.551975,CHE,GAB,8851
1794754,43,80,1398,2004.0,26836.0,0.0,0.710603,2.017234,CHN,GAB,8851
1794755,44,80,1398,2004.0,9441.0,0.0,-0.835933,-0.749289,CIV,GAB,8851
1794756,61,80,1398,2004.0,1344.0,0.0,2.4453099999999997,-2.331761,DEU,GAB,8851
1794757,71,80,1398,2004.0,4701.0,0.0,1.04057,1.789023,ESP,GAB,8851
1794758,77,80,1398,2004.0,141302.0,1075.0,1.57079,0.6776760000000001,FRA,GAB,8851
1794759,106,80,1398,2004.0,0.0,23761.0,1.498475,0.19050799999999998,IRL,GAB,8851
1794760,134,80,1398,2004.0,57813.0,0.0,-0.626594,-0.22253499999999998,MAR,GAB,8851
1794761,224,80,1398,2004.0,1646.0,0.0,0.249065,1.910598,TUR,GAB,8851
1794762,231,80,1398,2004.0,56866.0,0.0,1.818327,-0.17913900000000002,USA,GAB,8851
1794763,246,80,1398,2004.0,26427.0,0.0,0.29599699999999995,1.909018,ZAF,GAB,8851
1794764,39,83,1398,2004.0,2025.0,0.0,0.781591,1.365966,CAN,GHA,8851
1794765,41,83,1398,2004.0,69682.0,1500.0,2.234603,0.551975,CHE,GHA,8851
1794766,43,83,1398,2004.0,173226.0,0.0,0.710603,2.017234,CHN,GHA,8851
1794767,61,83,1398,2004.0,1016.0,0.0,2.4453099999999997,-2.331761,DEU,GHA,8851
1794768,64,83,1398,2004.0,1832.0,0.0,1.309074,1.2627979999999999,DNK,GHA,8851
1794769,81,83,1398,2004.0,13832.0,0.0,1.872987,0.734065,GBR,GHA,8851
1794770,97,83,1398,2004.0,1026225.0,0.0,0.72816,1.403171,HKG,GHA,8851
1794771,104,83,1398,2004.0,2056.0,0.0,0.20872,2.817307,IND,GHA,8851
1794772,121,83,1398,2004.0,4740.0,0.0,1.481275,0.7859,KOR,GHA,8851
1794773,141,83,1398,2004.0,0.0,14317.0,-0.5807979999999999,-0.797311,MLI,GHA,8851
1794774,231,83,1398,2004.0,22218.0,0.0,1.818327,-0.17913900000000002,USA,GHA,8851
1794775,15,133,1398,2004.0,1915.0,0.0,1.958949,0.209296,AUT,MAC,8851
1794776,41,133,1398,2004.0,812740.0,0.0,2.234603,0.551975,CHE,MAC,8851
1794777,43,133,1398,2004.0,186426.0,0.0,0.710603,2.017234,CHN,MAC,8851
1794778,59,133,1398,2004.0,0.0,2893.0,1.612543,0.607495,CZE,MAC,8851
1794779,61,133,1398,2004.0,5284.0,0.0,2.4453099999999997,-2.331761,DEU,MAC,8851
1794780,64,133,1398,2004.0,1599.0,0.0,1.309074,1.2627979999999999,DNK,MAC,8851
1794781,77,133,1398,2004.0,176707.0,0.0,1.57079,0.6776760000000001,FRA,MAC,8851
1794782,81,133,1398,2004.0,1823.0,0.0,1.872987,0.734065,GBR,MAC,8851
1794783,97,133,1398,2004.0,5937556.0,144923.0,0.72816,1.403171,HKG,MAC,8851
1794784,111,133,1398,2004.0,13758.0,0.0,1.440372,0.676068,ITA,MAC,8851
1794785,114,133,1398,2004.0,703659.0,8030.0,2.756136,0.15545,JPN,MAC,8851
1794786,153,133,1398,2004.0,69423.0,0.0,1.250098,0.352379,MYS,MAC,8851
1794787,208,133,1398,2004.0,79863.0,0.0,2.105611,0.707843,SWE,MAC,8851
1794788,231,133,1398,2004.0,4352.0,8690.0,1.818327,-0.17913900000000002,USA,MAC,8851
1794789,249,133,1398,2004.0,51523.0,67546.0,1.8844150000000002,1.257951,TWN,MAC,8851
1794790,18,134,1398,2004.0,66402.0,0.0,1.242665,1.541444,BEL,MAR,8851
1794791,41,134,1398,2004.0,5219890.0,1270020.0,2.234603,0.551975,CHE,MAR,8851
1794792,43,134,1398,2004.0,823812.0,0.0,0.710603,2.017234,CHN,MAR,8851
1794793,61,134,1398,2004.0,30209.0,0.0,2.4453099999999997,-2.331761,DEU,MAR,8851
1794794,71,134,1398,2004.0,120176.0,2756.0,1.04057,1.789023,ESP,MAR,8851
1794795,77,134,1398,2004.0,3003013.0,22645.0,1.57079,0.6776760000000001,FRA,MAR,8851
1794796,80,134,1398,2004.0,0.0,57813.0,-1.006071,-1.212338,GAB,MAR,8851
1794797,81,134,1398,2004.0,718352.0,0.0,1.872987,0.734065,GBR,MAR,8851
1794798,97,134,1398,2004.0,367201.0,0.0,0.72816,1.403171,HKG,MAR,8851
1794799,104,134,1398,2004.0,9069.0,0.0,0.20872,2.817307,IND,MAR,8851
1794800,107,134,1398,2004.0,14912.0,0.0,-0.6691699999999999,-1.002548,IRN,MAR,8851
1794801,111,134,1398,2004.0,30462.0,0.0,1.440372,0.676068,ITA,MAR,8851
1794802,114,134,1398,2004.0,16729.0,0.0,2.756136,0.15545,JPN,MAR,8851
1794803,121,134,1398,2004.0,93511.0,0.0,1.481275,0.7859,KOR,MAR,8851
1794804,124,134,1398,2004.0,29054.0,0.0,0.269753,1.3152979999999999,LBN,MAR,8851
1794805,162,134,1398,2004.0,2058.0,0.0,1.171327,1.6369799999999999,NLD,MAR,8851
1794806,174,134,1398,2004.0,6418.0,0.0,0.288786,-0.25348699999999996,PHL,MAR,8851
1794807,179,134,1398,2004.0,3496.0,0.0,0.705075,1.7268729999999999,PRT,MAR,8851
1794808,191,134,1398,2004.0,0.0,157628.0,-0.620158,-0.296575,SEN,MAR,8851
1794809,208,134,1398,2004.0,4580.0,0.0,2.105611,0.707843,SWE,MAR,8851
1794810,216,134,1398,2004.0,12681.0,0.0,0.633501,1.4648290000000002,THA,MAR,8851
1794811,231,134,1398,2004.0,8858.0,0.0,1.818327,-0.17913900000000002,USA,MAR,8851
1794812,249,134,1398,2004.0,12064.0,0.0,1.8844150000000002,1.257951,TWN,MAR,8851
1794813,250,134,1398,2004.0,0.0,213351.0,0.46240200000000004,-0.406624,ANS,MAR,8851
1794814,7,141,1398,2004.0,32825.0,0.0,-0.10993399999999999,-0.5351640000000001,ARE,MLI,8851
1794815,21,141,1398,2004.0,79962.0,0.0,-1.118427,-1.091315,BFA,MLI,8851
1794816,41,141,1398,2004.0,3800.0,2226.0,2.234603,0.551975,CHE,MLI,8851
1794817,43,141,1398,2004.0,13470.0,0.0,0.710603,2.017234,CHN,MLI,8851
1794818,77,141,1398,2004.0,1773.0,0.0,1.57079,0.6776760000000001,FRA,MLI,8851
1794819,83,141,1398,2004.0,14317.0,0.0,-1.015073,-0.9147069999999999,GHA,MLI,8851
1794820,97,141,1398,2004.0,342236.0,0.0,0.72816,1.403171,HKG,MLI,8851
1794821,103,141,1398,2004.0,10489.0,0.0,0.010095999999999999,1.7413779999999999,IDN,MLI,8851
1794822,188,141,1398,2004.0,3613.0,0.0,0.361324,-0.760732,SAU,MLI,8851
1794823,246,141,1398,2004.0,2770.0,0.0,0.29599699999999995,1.909018,ZAF,MLI,8851
1794824,7,142,1398,2004.0,43365.0,0.0,-0.10993399999999999,-0.5351640000000001,ARE,MLT,8851
1794825,14,142,1398,2004.0,2974.0,1254.0,-0.198735,0.81543,AUS,MLT,8851
1794826,18,142,1398,2004.0,22472.0,0.0,1.242665,1.541444,BEL,MLT,8851
1794827,41,142,1398,2004.0,3177115.0,144003.0,2.234603,0.551975,CHE,MLT,8851
1794828,43,142,1398,2004.0,102962.0,0.0,0.710603,2.017234,CHN,MLT,8851
1794829,58,142,1398,2004.0,6243.0,0.0,0.42732200000000004,0.811763,CYP,MLT,8851
1794830,61,142,1398,2004.0,218147.0,7362.0,2.4453099999999997,-2.331761,DEU,MLT,8851
1794831,68,142,1398,2004.0,0.0,14010.0,-0.35823499999999997,0.5000100000000001,EGY,MLT,8851
1794832,71,142,1398,2004.0,96261.0,0.0,1.04057,1.789023,ESP,MLT,8851
1794833,77,142,1398,2004.0,42926.0,8487.0,1.57079,0.6776760000000001,FRA,MLT,8851
1794834,81,142,1398,2004.0,311190.0,372688.0,1.872987,0.734065,GBR,MLT,8851
1794835,90,142,1398,2004.0,9665.0,0.0,0.298029,1.745886,GRC,MLT,8851
1794836,97,142,1398,2004.0,211998.0,0.0,0.72816,1.403171,HKG,MLT,8851
1794837,104,142,1398,2004.0,1282.0,0.0,0.20872,2.817307,IND,MLT,8851
1794838,106,142,1398,2004.0,18469.0,0.0,1.498475,0.19050799999999998,IRL,MLT,8851
1794839,111,142,1398,2004.0,1211792.0,79588.0,1.440372,0.676068,ITA,MLT,8851
1794840,114,142,1398,2004.0,86811.0,0.0,2.756136,0.15545,JPN,MLT,8851
1794841,121,142,1398,2004.0,3099.0,0.0,1.481275,0.7859,KOR,MLT,8851
1794842,126,142,1398,2004.0,0.0,49708.0,-0.895142,-1.211141,LBY,MLT,8851
1794843,162,142,1398,2004.0,15099.0,0.0,1.171327,1.6369799999999999,NLD,MLT,8851
1794844,192,142,1398,2004.0,22586.0,23576.0,1.804502,0.570084,SGP,MLT,8851
1794845,208,142,1398,2004.0,8888.0,0.0,2.105611,0.707843,SWE,MLT,8851
1794846,216,142,1398,2004.0,5210.0,0.0,0.633501,1.4648290000000002,THA,MLT,8851
1794847,231,142,1398,2004.0,13514.0,0.0,1.818327,-0.17913900000000002,USA,MLT,8851
1794848,249,142,1398,2004.0,3915.0,0.0,1.8844150000000002,1.257951,TWN,MLT,8851
1794849,41,148,1398,2004.0,10230.0,0.0,2.234603,0.551975,CHE,MRT,8851
1794850,61,148,1398,2004.0,0.0,9593.0,2.4453099999999997,-2.331761,DEU,MRT,8851
1794851,77,148,1398,2004.0,82603.0,0.0,1.57079,0.6776760000000001,FRA,MRT,8851
1794852,7,151,1398,2004.0,1699.0,0.0,-0.10993399999999999,-0.5351640000000001,ARE,MUS,8851
1794853,14,151,1398,2004.0,1955.0,20165.0,-0.198735,0.81543,AUS,MUS,8851
1794854,15,151,1398,2004.0,0.0,26839.0,1.958949,0.209296,AUT,MUS,8851
1794855,18,151,1398,2004.0,72665.0,0.0,1.242665,1.541444,BEL,MUS,8851
1794856,41,151,1398,2004.0,1657722.0,2034310.0,2.234603,0.551975,CHE,MUS,8851
1794857,43,151,1398,2004.0,330847.0,13270.0,0.710603,2.017234,CHN,MUS,8851
1794858,50,151,1398,2004.0,0.0,54901.0,-0.8264940000000001,-0.9641290000000001,COM,MUS,8851
1794859,61,151,1398,2004.0,57815.0,136903.0,2.4453099999999997,-2.331761,DEU,MUS,8851
1794860,71,151,1398,2004.0,38434.0,40118.0,1.04057,1.789023,ESP,MUS,8851
1794861,74,151,1398,2004.0,7213.0,1579.0,1.9662810000000002,1.018108,FIN,MUS,8851
1794862,77,151,1398,2004.0,2415225.0,2891740.0,1.57079,0.6776760000000001,FRA,MUS,8851
1794863,81,151,1398,2004.0,432296.0,687421.0,1.872987,0.734065,GBR,MUS,8851
1794864,97,151,1398,2004.0,172933.0,0.0,0.72816,1.403171,HKG,MUS,8851
1794865,104,151,1398,2004.0,79087.0,1624.0,0.20872,2.817307,IND,MUS,8851
1794866,106,151,1398,2004.0,0.0,51490.0,1.498475,0.19050799999999998,IRL,MUS,8851
1794867,111,151,1398,2004.0,57104.0,100771.0,1.440372,0.676068,ITA,MUS,8851
1794868,114,151,1398,2004.0,222559.0,0.0,2.756136,0.15545,JPN,MUS,8851
1794869,116,151,1398,2004.0,0.0,2087.0,-0.565597,0.182375,KEN,MUS,8851
1794870,136,151,1398,2004.0,0.0,46848.0,-1.1010799999999998,-0.7367859999999999,MDG,MUS,8851
1794871,153,151,1398,2004.0,1882.0,0.0,1.250098,0.352379,MYS,MUS,8851
1794872,162,151,1398,2004.0,1455.0,0.0,1.171327,1.6369799999999999,NLD,MUS,8851
1794873,174,151,1398,2004.0,2745.0,0.0,0.288786,-0.25348699999999996,PHL,MUS,8851
1794874,186,151,1398,2004.0,0.0,27506.0,0.422803,0.017524,RUS,MUS,8851
1794875,192,151,1398,2004.0,277421.0,0.0,1.804502,0.570084,SGP,MUS,8851
1794876,216,151,1398,2004.0,24400.0,0.0,0.633501,1.4648290000000002,THA,MUS,8851
1794877,231,151,1398,2004.0,69004.0,0.0,1.818327,-0.17913900000000002,USA,MUS,8851
1794878,246,151,1398,2004.0,111037.0,55726.0,0.29599699999999995,1.909018,ZAF,MUS,8851
1794879,7,152,1398,2004.0,3824.0,0.0,-0.10993399999999999,-0.5351640000000001,ARE,MWI,8851
1794880,41,152,1398,2004.0,1313.0,0.0,2.234603,0.551975,CHE,MWI,8851
1794881,43,152,1398,2004.0,14446.0,0.0,0.710603,2.017234,CHN,MWI,8851
1794882,81,152,1398,2004.0,3792.0,0.0,1.872987,0.734065,GBR,MWI,8851
1794883,97,152,1398,2004.0,29283.0,0.0,0.72816,1.403171,HKG,MWI,8851
1794884,226,152,1398,2004.0,2986.0,0.0,-0.935327,0.362709,TZA,MWI,8851
1794885,246,152,1398,2004.0,10208.0,0.0,0.29599699999999995,1.909018,ZAF,MWI,8851
1794886,2,155,1398,2004.0,0.0,26111.0,-0.8688110000000001,-1.198692,AGO,NAM,8851
1794887,5,155,1398,2004.0,2608.0,0.0,1.122154,0.958434,AND,NAM,8851
1794888,41,155,1398,2004.0,12249.0,0.0,2.234603,0.551975,CHE,NAM,8851
1794889,43,155,1398,2004.0,27474.0,0.0,0.710603,2.017234,CHN,NAM,8851
1794890,61,155,1398,2004.0,4801.0,0.0,2.4453099999999997,-2.331761,DEU,NAM,8851
1794891,67,155,1398,2004.0,0.0,1974.0,-0.990727,-0.9383090000000001,ECU,NAM,8851
1794892,231,155,1398,2004.0,38514.0,0.0,1.818327,-0.17913900000000002,USA,NAM,8851
1794893,246,155,1398,2004.0,1292703.0,18048.0,0.29599699999999995,1.909018,ZAF,NAM,8851
1794894,250,155,1398,2004.0,1758.0,0.0,0.46240200000000004,-0.406624,ANS,NAM,8851
1794895,2,179,1398,2004.0,0.0,453084.0,-0.8688110000000001,-1.198692,AGO,PRT,8851
1794896,5,179,1398,2004.0,0.0,21884.0,1.122154,0.958434,AND,PRT,8851
1794897,8,179,1398,2004.0,2439.0,0.0,-0.070845,0.879574,ARG,PRT,8851
1794898,14,179,1398,2004.0,2138.0,0.0,-0.198735,0.81543,AUS,PRT,8851
1794899,15,179,1398,2004.0,20688.0,0.0,1.958949,0.209296,AUT,PRT,8851
1794900,18,179,1398,2004.0,710945.0,15137.0,1.242665,1.541444,BEL,PRT,8851
1794901,32,179,1398,2004.0,11040.0,31466.0,0.504233,1.567879,BRA,PRT,8851
1794902,39,179,1398,2004.0,99170.0,2429.0,0.781591,1.365966,CAN,PRT,8851
1794903,41,179,1398,2004.0,36009252.0,7862032.0,2.234603,0.551975,CHE,PRT,8851
1794904,43,179,1398,2004.0,2358588.0,0.0,0.710603,2.017234,CHN,PRT,8851
1794905,51,179,1398,2004.0,0.0,31639.0,-0.291469,-0.6426850000000001,CPV,PRT,8851
1794906,58,179,1398,2004.0,0.0,2146.0,0.42732200000000004,0.811763,CYP,PRT,8851
1794907,59,179,1398,2004.0,0.0,6859.0,1.612543,0.607495,CZE,PRT,8851
1794908,61,179,1398,2004.0,24426468.0,158529.0,2.4453099999999997,-2.331761,DEU,PRT,8851
1794909,64,179,1398,2004.0,55767.0,6648.0,1.309074,1.2627979999999999,DNK,PRT,8851
1794910,71,179,1398,2004.0,19478302.0,1202717.0,1.04057,1.789023,ESP,PRT,8851
1794911,72,179,1398,2004.0,0.0,5385.0,0.645741,1.035117,EST,PRT,8851
1794912,77,179,1398,2004.0,3185994.0,16132.0,1.57079,0.6776760000000001,FRA,PRT,8851
1794913,81,179,1398,2004.0,502995.0,61409.0,1.872987,0.734065,GBR,PRT,8851
1794914,88,179,1398,2004.0,0.0,1545.0,-1.258264,-1.028131,GNB,PRT,8851
1794915,90,179,1398,2004.0,20866.0,55336.0,0.298029,1.745886,GRC,PRT,8851
1794916,97,179,1398,2004.0,4229201.0,1892870.0,0.72816,1.403171,HKG,PRT,8851
1794917,104,179,1398,2004.0,1038.0,0.0,0.20872,2.817307,IND,PRT,8851
1794918,106,179,1398,2004.0,0.0,5627.0,1.498475,0.19050799999999998,IRL,PRT,8851
1794919,111,179,1398,2004.0,8398341.0,142078.0,1.440372,0.676068,ITA,PRT,8851
1794920,114,179,1398,2004.0,290101.0,127315.0,2.756136,0.15545,JPN,PRT,8851
1794921,118,179,1398,2004.0,1320.0,0.0,-1.145227,-1.19179,KHM,PRT,8851
1794922,121,179,1398,2004.0,19684.0,0.0,1.481275,0.7859,KOR,PRT,8851
1794923,130,179,1398,2004.0,15831.0,0.0,0.341521,0.7971560000000001,LTU,PRT,8851
1794924,131,179,1398,2004.0,0.0,3039.0,1.258828,1.079923,LUX,PRT,8851
1794925,132,179,1398,2004.0,9487.0,0.0,0.415001,0.8476809999999999,LVA,PRT,8851
1794926,134,179,1398,2004.0,0.0,3496.0,-0.626594,-0.22253499999999998,MAR,PRT,8851
1794927,138,179,1398,2004.0,0.0,1567.0,1.183707,0.9043700000000001,MEX,PRT,8851
1794928,147,179,1398,2004.0,0.0,1575.0,-1.009633,-0.9863059999999999,MOZ,PRT,8851
1794929,153,179,1398,2004.0,7009.0,0.0,1.250098,0.352379,MYS,PRT,8851
1794930,162,179,1398,2004.0,752516.0,1657.0,1.171327,1.6369799999999999,NLD,PRT,8851
1794931,163,179,1398,2004.0,6109.0,8895.0,0.731175,-0.0655,NOR,PRT,8851
1794932,169,179,1398,2004.0,24456.0,267498.0,0.054997000000000004,0.440416,PAN,PRT,8851
1794933,174,179,1398,2004.0,728504.0,96180.0,0.288786,-0.25348699999999996,PHL,PRT,8851
1794934,186,179,1398,2004.0,1032.0,0.0,0.422803,0.017524,RUS,PRT,8851
1794935,188,179,1398,2004.0,0.0,3448.0,0.361324,-0.760732,SAU,PRT,8851
1794936,192,179,1398,2004.0,5908.0,0.0,1.804502,0.570084,SGP,PRT,8851
1794937,203,179,1398,2004.0,0.0,25574.0,0.49046999999999996,0.019015999999999998,STP,PRT,8851
1794938,208,179,1398,2004.0,288346.0,25373.0,2.105611,0.707843,SWE,PRT,8851
1794939,216,179,1398,2004.0,205621.0,0.0,0.633501,1.4648290000000002,THA,PRT,8851
1794940,224,179,1398,2004.0,12015.0,2588.0,0.249065,1.910598,TUR,PRT,8851
1794941,228,179,1398,2004.0,0.0,63391.0,0.672848,1.172735,UKR,PRT,8851
1794942,231,179,1398,2004.0,186881.0,259691.0,1.818327,-0.17913900000000002,USA,PRT,8851
1794943,237,179,1398,2004.0,0.0,1077010.0,0.689844,-0.23942,VGB,PRT,8851
1794944,249,179,1398,2004.0,6808.0,0.0,1.8844150000000002,1.257951,TWN,PRT,8851
1794945,7,183,1398,2004.0,114103.0,2090552.0,-0.10993399999999999,-0.5351640000000001,ARE,QAT,8851
1794946,14,183,1398,2004.0,1037.0,0.0,-0.198735,0.81543,AUS,QAT,8851
1794947,15,183,1398,2004.0,49965.0,495751.0,1.958949,0.209296,AUT,QAT,8851
1794948,18,183,1398,2004.0,139835.0,12534.0,1.242665,1.541444,BEL,QAT,8851
1794949,24,183,1398,2004.0,3097.0,335190.0,-0.551237,-1.174628,BHR,QAT,8851
1794950,41,183,1398,2004.0,44892760.0,18021926.0,2.234603,0.551975,CHE,QAT,8851
1794951,43,183,1398,2004.0,716025.0,1491.0,0.710603,2.017234,CHN,QAT,8851
1794952,61,183,1398,2004.0,1610113.0,706350.0,2.4453099999999997,-2.331761,DEU,QAT,8851
1794953,71,183,1398,2004.0,354382.0,0.0,1.04057,1.789023,ESP,QAT,8851
1794954,73,183,1398,2004.0,24195.0,0.0,-1.202444,-0.8973120000000001,ETH,QAT,8851
1794955,77,183,1398,2004.0,3407117.0,984014.0,1.57079,0.6776760000000001,FRA,QAT,8851
1794956,81,183,1398,2004.0,345988.0,1799.0,1.872987,0.734065,GBR,QAT,8851
1794957,90,183,1398,2004.0,68653.0,16796.0,0.298029,1.745886,GRC,QAT,8851
1794958,97,183,1398,2004.0,1781324.0,1586.0,0.72816,1.403171,HKG,QAT,8851
1794959,102,183,1398,2004.0,1129.0,0.0,1.3579370000000002,0.9993219999999999,HUN,QAT,8851
1794960,104,183,1398,2004.0,188130.0,0.0,0.20872,2.817307,IND,QAT,8851
1794961,111,183,1398,2004.0,880269.0,194715.0,1.440372,0.676068,ITA,QAT,8851
1794962,114,183,1398,2004.0,921182.0,2062.0,2.756136,0.15545,JPN,QAT,8851
1794963,121,183,1398,2004.0,529487.0,0.0,1.481275,0.7859,KOR,QAT,8851
1794964,122,183,1398,2004.0,0.0,6820.0,-0.8195479999999999,-1.2105709999999998,KWT,QAT,8851
1794965,124,183,1398,2004.0,647087.0,501693.0,0.269753,1.3152979999999999,LBN,QAT,8851
1794966,128,183,1398,2004.0,1736.0,0.0,-0.42450299999999996,0.173518,LKA,QAT,8851
1794967,153,183,1398,2004.0,127742.0,0.0,1.250098,0.352379,MYS,QAT,8851
1794968,162,183,1398,2004.0,6648.0,0.0,1.171327,1.6369799999999999,NLD,QAT,8851
1794969,167,183,1398,2004.0,0.0,7610.0,-0.707862,-1.187629,OMN,QAT,8851
1794970,174,183,1398,2004.0,50790.0,0.0,0.288786,-0.25348699999999996,PHL,QAT,8851
1794971,188,183,1398,2004.0,106676.0,61952.0,0.361324,-0.760732,SAU,QAT,8851
1794972,192,183,1398,2004.0,29884.0,1404028.0,1.804502,0.570084,SGP,QAT,8851
1794973,208,183,1398,2004.0,63526.0,0.0,2.105611,0.707843,SWE,QAT,8851
1794974,209,183,1398,2004.0,300420.0,0.0,0.528937,-0.241038,SWZ,QAT,8851
1794975,216,183,1398,2004.0,119123.0,0.0,0.633501,1.4648290000000002,THA,QAT,8851
1794976,228,183,1398,2004.0,2216.0,0.0,0.672848,1.172735,UKR,QAT,8851
1794977,231,183,1398,2004.0,490837.0,0.0,1.818327,-0.17913900000000002,USA,QAT,8851
1794978,249,183,1398,2004.0,199258.0,0.0,1.8844150000000002,1.257951,TWN,QAT,8851
1794979,7,191,1398,2004.0,1917.0,0.0,-0.10993399999999999,-0.5351640000000001,ARE,SEN,8851
1794980,18,191,1398,2004.0,23778.0,0.0,1.242665,1.541444,BEL,SEN,8851
1794981,41,191,1398,2004.0,240363.0,2093.0,2.234603,0.551975,CHE,SEN,8851
1794982,43,191,1398,2004.0,66655.0,0.0,0.710603,2.017234,CHN,SEN,8851
1794983,71,191,1398,2004.0,4556.0,0.0,1.04057,1.789023,ESP,SEN,8851
1794984,77,191,1398,2004.0,260930.0,11054.0,1.57079,0.6776760000000001,FRA,SEN,8851
1794985,81,191,1398,2004.0,0.0,9762.0,1.872987,0.734065,GBR,SEN,8851
1794986,97,191,1398,2004.0,219306.0,0.0,0.72816,1.403171,HKG,SEN,8851
1794987,134,191,1398,2004.0,157628.0,0.0,-0.626594,-0.22253499999999998,MAR,SEN,8851
1794988,162,191,1398,2004.0,31433.0,0.0,1.171327,1.6369799999999999,NLD,SEN,8851
1794989,223,191,1398,2004.0,5060.0,0.0,-0.125092,0.370625,TUN,SEN,8851
1794990,231,191,1398,2004.0,6165.0,0.0,1.818327,-0.17913900000000002,USA,SEN,8851
1794991,249,191,1398,2004.0,1033.0,0.0,1.8844150000000002,1.257951,TWN,SEN,8851
1794992,41,203,1398,2004.0,137918.0,0.0,2.234603,0.551975,CHE,STP,8851
1794993,162,203,1398,2004.0,1012.0,0.0,1.171327,1.6369799999999999,NLD,STP,8851
1794994,179,203,1398,2004.0,25574.0,0.0,0.705075,1.7268729999999999,PRT,STP,8851
1794995,9,212,1398,2004.0,3463.0,0.0,0.497276,-0.226016,ARM,SYR,8851
1794996,18,212,1398,2004.0,55428.0,0.0,1.242665,1.541444,BEL,SYR,8851
1794997,41,212,1398,2004.0,6611666.0,425998.0,2.234603,0.551975,CHE,SYR,8851
1794998,43,212,1398,2004.0,6850372.0,0.0,0.710603,2.017234,CHN,SYR,8851
1794999,58,212,1398,2004.0,4727.0,0.0,0.42732200000000004,0.811763,CYP,SYR,8851
1795000,61,212,1398,2004.0,31985.0,0.0,2.4453099999999997,-2.331761,DEU,SYR,8851
1795001,71,212,1398,2004.0,9640.0,0.0,1.04057,1.789023,ESP,SYR,8851
1795002,77,212,1398,2004.0,819424.0,0.0,1.57079,0.6776760000000001,FRA,SYR,8851
1795003,97,212,1398,2004.0,3557024.0,99177.0,0.72816,1.403171,HKG,SYR,8851
1795004,104,212,1398,2004.0,3848.0,0.0,0.20872,2.817307,IND,SYR,8851
1795005,106,212,1398,2004.0,62221.0,0.0,1.498475,0.19050799999999998,IRL,SYR,8851
1795006,111,212,1398,2004.0,16434.0,0.0,1.440372,0.676068,ITA,SYR,8851
1795007,113,212,1398,2004.0,2840.0,0.0,0.16384200000000002,0.34270100000000003,JOR,SYR,8851
1795008,114,212,1398,2004.0,41354.0,0.0,2.756136,0.15545,JPN,SYR,8851
1795009,121,212,1398,2004.0,172452.0,0.0,1.481275,0.7859,KOR,SYR,8851
1795010,124,212,1398,2004.0,39936.0,0.0,0.269753,1.3152979999999999,LBN,SYR,8851
1795011,188,212,1398,2004.0,43867.0,0.0,0.361324,-0.760732,SAU,SYR,8851
1795012,190,212,1398,2004.0,0.0,3883.0,-1.503552,-1.253193,SDN,SYR,8851
1795013,208,212,1398,2004.0,0.0,5156.0,2.105611,0.707843,SWE,SYR,8851
1795014,236,212,1398,2004.0,0.0,1448.0,-0.41193900000000006,-0.9578899999999999,VEN,SYR,8851
1795015,7,226,1398,2004.0,33894.0,0.0,-0.10993399999999999,-0.5351640000000001,ARE,TZA,8851
1795016,28,226,1398,2004.0,17758.0,0.0,0.9384239999999999,0.9708690000000001,BLR,TZA,8851
1795017,39,226,1398,2004.0,10410.0,0.0,0.781591,1.365966,CAN,TZA,8851
1795018,41,226,1398,2004.0,83420.0,0.0,2.234603,0.551975,CHE,TZA,8851
1795019,43,226,1398,2004.0,105143.0,0.0,0.710603,2.017234,CHN,TZA,8851
1795020,71,226,1398,2004.0,1766.0,0.0,1.04057,1.789023,ESP,TZA,8851
1795021,73,226,1398,2004.0,12017.0,0.0,-1.202444,-0.8973120000000001,ETH,TZA,8851
1795022,81,226,1398,2004.0,50888.0,0.0,1.872987,0.734065,GBR,TZA,8851
1795023,97,226,1398,2004.0,272591.0,0.0,0.72816,1.403171,HKG,TZA,8851
1795024,104,226,1398,2004.0,66120.0,0.0,0.20872,2.817307,IND,TZA,8851
1795025,110,226,1398,2004.0,2492.0,0.0,1.252895,0.8662770000000001,ISR,TZA,8851
1795026,116,226,1398,2004.0,2235.0,0.0,-0.565597,0.182375,KEN,TZA,8851
1795027,147,226,1398,2004.0,4284.0,0.0,-1.009633,-0.9863059999999999,MOZ,TZA,8851
1795028,152,226,1398,2004.0,0.0,2986.0,-1.233417,-1.071204,MWI,TZA,8851
1795029,205,226,1398,2004.0,29056.0,0.0,-1.056251,-1.0234590000000001,SUR,TZA,8851
1795030,227,226,1398,2004.0,0.0,6101.0,-1.05367,-0.546304,UGA,TZA,8851
1795031,246,226,1398,2004.0,32136.0,0.0,0.29599699999999995,1.909018,ZAF,TZA,8851
1795032,7,227,1398,2004.0,59419.0,0.0,-0.10993399999999999,-0.5351640000000001,ARE,UGA,8851
1795033,41,227,1398,2004.0,31025.0,0.0,2.234603,0.551975,CHE,UGA,8851
1795034,77,227,1398,2004.0,1898.0,0.0,1.57079,0.6776760000000001,FRA,UGA,8851
1795035,81,227,1398,2004.0,59496.0,0.0,1.872987,0.734065,GBR,UGA,8851
1795036,97,227,1398,2004.0,16872.0,0.0,0.72816,1.403171,HKG,UGA,8851
1795037,104,227,1398,2004.0,13025.0,0.0,0.20872,2.817307,IND,UGA,8851
1795038,110,227,1398,2004.0,1273.0,0.0,1.252895,0.8662770000000001,ISR,UGA,8851
1795039,116,227,1398,2004.0,14811.0,0.0,-0.565597,0.182375,KEN,UGA,8851
1795040,226,227,1398,2004.0,6101.0,0.0,-0.935327,0.362709,TZA,UGA,8851
1795041,246,227,1398,2004.0,15119.0,0.0,0.29599699999999995,1.909018,ZAF,UGA,8851
1795042,14,239,1398,2004.0,2453.0,0.0,-0.198735,0.81543,AUS,VNM,8851
1795043,15,239,1398,2004.0,94969.0,0.0,1.958949,0.209296,AUT,VNM,8851
1795044,18,239,1398,2004.0,4715.0,0.0,1.242665,1.541444,BEL,VNM,8851
1795045,41,239,1398,2004.0,387298.0,2265.0,2.234603,0.551975,CHE,VNM,8851
1795046,43,239,1398,2004.0,544637.0,0.0,0.710603,2.017234,CHN,VNM,8851
1795047,58,239,1398,2004.0,0.0,1662.0,0.42732200000000004,0.811763,CYP,VNM,8851
1795048,59,239,1398,2004.0,0.0,4671.0,1.612543,0.607495,CZE,VNM,8851
1795049,61,239,1398,2004.0,1893.0,1354698.0,2.4453099999999997,-2.331761,DEU,VNM,8851
1795050,71,239,1398,2004.0,35449.0,88873.0,1.04057,1.789023,ESP,VNM,8851
1795051,77,239,1398,2004.0,1551.0,8743.0,1.57079,0.6776760000000001,FRA,VNM,8851
1795052,87,239,1398,2004.0,0.0,1561.0,-0.22746999999999998,-0.14824600000000002,GMB,VNM,8851
1795053,97,239,1398,2004.0,1076471.0,17351.0,0.72816,1.403171,HKG,VNM,8851
1795054,104,239,1398,2004.0,5577.0,0.0,0.20872,2.817307,IND,VNM,8851
1795055,114,239,1398,2004.0,58425.0,139925.0,2.756136,0.15545,JPN,VNM,8851
1795056,121,239,1398,2004.0,562387.0,0.0,1.481275,0.7859,KOR,VNM,8851
1795057,153,239,1398,2004.0,9658.0,0.0,1.250098,0.352379,MYS,VNM,8851
1795058,174,239,1398,2004.0,8924.0,0.0,0.288786,-0.25348699999999996,PHL,VNM,8851
1795059,192,239,1398,2004.0,1892650.0,0.0,1.804502,0.570084,SGP,VNM,8851
1795060,231,239,1398,2004.0,7961.0,46111.0,1.818327,-0.17913900000000002,USA,VNM,8851
1795061,246,239,1398,2004.0,0.0,9112.0,0.29599699999999995,1.909018,ZAF,VNM,8851
1795062,249,239,1398,2004.0,4952.0,2018.0,1.8844150000000002,1.257951,TWN,VNM,8851
1795063,7,247,1398,2004.0,5717.0,0.0,-0.10993399999999999,-0.5351640000000001,ARE,ZMB,8851
1795064,41,247,1398,2004.0,86675.0,5715.0,2.234603,0.551975,CHE,ZMB,8851
1795065,43,247,1398,2004.0,1451.0,0.0,0.710603,2.017234,CHN,ZMB,8851
1795066,81,247,1398,2004.0,14901.0,0.0,1.872987,0.734065,GBR,ZMB,8851
1795067,104,247,1398,2004.0,9773.0,0.0,0.20872,2.817307,IND,ZMB,8851
1795068,246,247,1398,2004.0,86873.0,0.0,0.29599699999999995,1.909018,ZAF,ZMB,8851
1795069,248,247,1398,2004.0,8535.0,0.0,-0.44064799999999993,0.01704,ZWE,ZMB,8851
1795070,7,248,1398,2004.0,2497.0,0.0,-0.10993399999999999,-0.5351640000000001,ARE,ZWE,8851
1795071,41,248,1398,2004.0,37046.0,0.0,2.234603,0.551975,CHE,ZWE,8851
1795072,43,248,1398,2004.0,77574.0,0.0,0.710603,2.017234,CHN,ZWE,8851
1795073,81,248,1398,2004.0,49434.0,0.0,1.872987,0.734065,GBR,ZWE,8851
1795074,97,248,1398,2004.0,10275.0,0.0,0.72816,1.403171,HKG,ZWE,8851
1795075,162,248,1398,2004.0,12386.0,0.0,1.171327,1.6369799999999999,NLD,ZWE,8851
1795076,246,248,1398,2004.0,53574.0,0.0,0.29599699999999995,1.909018,ZAF,ZWE,8851
1795077,247,248,1398,2004.0,0.0,8535.0,-0.8752479999999999,-0.784285,ZMB,ZWE,8851
1795078,250,248,1398,2004.0,15225.0,0.0,0.46240200000000004,-0.406624,ANS,ZWE,8851
1795079,7,73,1398,2004.0,55891.0,0.0,-0.10993399999999999,-0.5351640000000001,ARE,ETH,8851
1795080,41,73,1398,2004.0,125636.0,0.0,2.234603,0.551975,CHE,ETH,8851
1795081,43,73,1398,2004.0,23344.0,0.0,0.710603,2.017234,CHN,ETH,8851
1795082,81,73,1398,2004.0,51844.0,0.0,1.872987,0.734065,GBR,ETH,8851
1795083,97,73,1398,2004.0,4335.0,0.0,0.72816,1.403171,HKG,ETH,8851
1795084,104,73,1398,2004.0,10725.0,0.0,0.20872,2.817307,IND,ETH,8851
1795085,111,73,1398,2004.0,12994.0,0.0,1.440372,0.676068,ITA,ETH,8851
1795086,114,73,1398,2004.0,13356.0,0.0,2.756136,0.15545,JPN,ETH,8851
1795087,116,73,1398,2004.0,0.0,2453.0,-0.565597,0.182375,KEN,ETH,8851
1795088,121,73,1398,2004.0,4018.0,0.0,1.481275,0.7859,KOR,ETH,8851
1795089,174,73,1398,2004.0,15858.0,0.0,0.288786,-0.25348699999999996,PHL,ETH,8851
1795090,183,73,1398,2004.0,0.0,24195.0,0.018141,-1.03766,QAT,ETH,8851
1795091,196,73,1398,2004.0,5449.0,0.0,0.43205699999999997,0.068877,SLE,ETH,8851
1795092,226,73,1398,2004.0,0.0,12017.0,-0.935327,0.362709,TZA,ETH,8851
1795093,39,120,1398,2004.0,13168.0,0.0,0.781591,1.365966,CAN,KNA,8851
1795094,41,120,1398,2004.0,95915.0,0.0,2.234603,0.551975,CHE,KNA,8851
1795095,81,120,1398,2004.0,17120.0,0.0,1.872987,0.734065,GBR,KNA,8851
1795096,114,120,1398,2004.0,4367.0,0.0,2.756136,0.15545,JPN,KNA,8851
1795097,231,120,1398,2004.0,59024.0,0.0,1.818327,-0.17913900000000002,USA,KNA,8851
1795098,33,127,1398,2004.0,0.0,78784.0,0.644308,0.290054,BRB,LCA,8851
1795099,39,127,1398,2004.0,12985.0,0.0,0.781591,1.365966,CAN,LCA,8851
1795100,41,127,1398,2004.0,2831680.0,0.0,2.234603,0.551975,CHE,LCA,8851
1795101,43,127,1398,2004.0,13703.0,0.0,0.710603,2.017234,CHN,LCA,8851
1795102,61,127,1398,2004.0,4598.0,0.0,2.4453099999999997,-2.331761,DEU,LCA,8851
1795103,77,127,1398,2004.0,2977.0,0.0,1.57079,0.6776760000000001,FRA,LCA,8851
1795104,81,127,1398,2004.0,14640.0,0.0,1.872987,0.734065,GBR,LCA,8851
1795105,97,127,1398,2004.0,9707.0,0.0,0.72816,1.403171,HKG,LCA,8851
1795106,112,127,1398,2004.0,3453.0,0.0,-0.505365,-0.9596120000000001,JAM,LCA,8851
1795107,114,127,1398,2004.0,264960.0,0.0,2.756136,0.15545,JPN,LCA,8851
1795108,169,127,1398,2004.0,5170.0,0.0,0.054997000000000004,0.440416,PAN,LCA,8851
1795109,216,127,1398,2004.0,33711.0,0.0,0.633501,1.4648290000000002,THA,LCA,8851
1795110,222,127,1398,2004.0,5610.0,0.0,-0.108049,-0.923523,TTO,LCA,8851
1795111,231,127,1398,2004.0,2344110.0,54165.0,1.818327,-0.17913900000000002,USA,LCA,8851
1795112,237,127,1398,2004.0,0.0,43208.0,0.689844,-0.23942,VGB,LCA,8851
1795113,111,149,1398,2004.0,10214.0,0.0,1.440372,0.676068,ITA,MSR,8851
1795114,39,234,1398,2004.0,6066.0,0.0,0.781591,1.365966,CAN,VCT,8851
1795115,41,234,1398,2004.0,382078.0,0.0,2.234603,0.551975,CHE,VCT,8851
1795116,43,234,1398,2004.0,1072.0,0.0,0.710603,2.017234,CHN,VCT,8851
1795117,97,234,1398,2004.0,3537.0,0.0,0.72816,1.403171,HKG,VCT,8851
1795118,114,234,1398,2004.0,2961.0,0.0,2.756136,0.15545,JPN,VCT,8851
1795119,169,234,1398,2004.0,1696.0,0.0,0.054997000000000004,0.440416,PAN,VCT,8851
1795120,231,234,1398,2004.0,40697.0,0.0,1.818327,-0.17913900000000002,USA,VCT,8851
1795121,15,237,1398,2004.0,1871390.0,0.0,1.958949,0.209296,AUT,VGB,8851
1795122,39,237,1398,2004.0,0.0,6188.0,0.781591,1.365966,CAN,VGB,8851
1795123,41,237,1398,2004.0,17698058.0,71121.0,2.234603,0.551975,CHE,VGB,8851
1795124,71,237,1398,2004.0,3477899.0,0.0,1.04057,1.789023,ESP,VGB,8851
1795125,77,237,1398,2004.0,1586914.0,0.0,1.57079,0.6776760000000001,FRA,VGB,8851
1795126,111,237,1398,2004.0,3642508.0,0.0,1.440372,0.676068,ITA,VGB,8851
1795127,127,237,1398,2004.0,43208.0,0.0,0.31900300000000004,-0.346391,LCA,VGB,8851
1795128,179,237,1398,2004.0,1077010.0,0.0,0.705075,1.7268729999999999,PRT,VGB,8851
1795129,231,237,1398,2004.0,887879.0,10981.0,1.818327,-0.17913900000000002,USA,VGB,8851
1795130,15,5,1398,2004.0,9660.0,2015.0,1.958949,0.209296,AUT,AND,8851
1795131,18,5,1398,2004.0,34606.0,0.0,1.242665,1.541444,BEL,AND,8851
1795132,26,5,1398,2004.0,0.0,2694.0,0.45637,0.6154470000000001,BIH,AND,8851
1795133,41,5,1398,2004.0,1960890.0,29994.0,2.234603,0.551975,CHE,AND,8851
1795134,43,5,1398,2004.0,94927.0,0.0,0.710603,2.017234,CHN,AND,8851
1795135,61,5,1398,2004.0,735271.0,1034.0,2.4453099999999997,-2.331761,DEU,AND,8851
1795136,71,5,1398,2004.0,19637944.0,189219.0,1.04057,1.789023,ESP,AND,8851
1795137,74,5,1398,2004.0,83241.0,0.0,1.9662810000000002,1.018108,FIN,AND,8851
1795138,77,5,1398,2004.0,4864080.0,225497.0,1.57079,0.6776760000000001,FRA,AND,8851
1795139,97,5,1398,2004.0,386594.0,0.0,0.72816,1.403171,HKG,AND,8851
1795140,111,5,1398,2004.0,177287.0,0.0,1.440372,0.676068,ITA,AND,8851
1795141,114,5,1398,2004.0,17960.0,0.0,2.756136,0.15545,JPN,AND,8851
1795142,155,5,1398,2004.0,0.0,2608.0,-0.408989,-0.462016,NAM,AND,8851
1795143,179,5,1398,2004.0,21884.0,0.0,0.705075,1.7268729999999999,PRT,AND,8851
1795144,208,5,1398,2004.0,0.0,3445.0,2.105611,0.707843,SWE,AND,8851
1795145,231,5,1398,2004.0,95608.0,0.0,1.818327,-0.17913900000000002,USA,AND,8851
1795146,249,5,1398,2004.0,1332.0,0.0,1.8844150000000002,1.257951,TWN,AND,8851
1795147,5,26,1398,2004.0,2694.0,0.0,1.122154,0.958434,AND,BIH,8851
1795148,15,26,1398,2004.0,236524.0,0.0,1.958949,0.209296,AUT,BIH,8851
1795149,23,26,1398,2004.0,39007.0,0.0,0.390627,1.631006,BGR,BIH,8851
1795150,41,26,1398,2004.0,212076.0,27418.0,2.234603,0.551975,CHE,BIH,8851
1795151,43,26,1398,2004.0,60515.0,0.0,0.710603,2.017234,CHN,BIH,8851
1795152,58,26,1398,2004.0,3164.0,0.0,0.42732200000000004,0.811763,CYP,BIH,8851
1795153,61,26,1398,2004.0,857011.0,1007.0,2.4453099999999997,-2.331761,DEU,BIH,8851
1795154,64,26,1398,2004.0,39079.0,0.0,1.309074,1.2627979999999999,DNK,BIH,8851
1795155,71,26,1398,2004.0,3291.0,0.0,1.04057,1.789023,ESP,BIH,8851
1795156,77,26,1398,2004.0,22977.0,0.0,1.57079,0.6776760000000001,FRA,BIH,8851
1795157,97,26,1398,2004.0,34292.0,0.0,0.72816,1.403171,HKG,BIH,8851
1795158,100,26,1398,2004.0,130275.0,1830.0,0.744459,1.1994479999999998,HRV,BIH,8851
1795159,102,26,1398,2004.0,22854.0,0.0,1.3579370000000002,0.9993219999999999,HUN,BIH,8851
1795160,110,26,1398,2004.0,1366.0,0.0,1.252895,0.8662770000000001,ISR,BIH,8851
1795161,111,26,1398,2004.0,106215.0,0.0,1.440372,0.676068,ITA,BIH,8851
1795162,114,26,1398,2004.0,9703.0,0.0,2.756136,0.15545,JPN,BIH,8851
1795163,121,26,1398,2004.0,1883.0,0.0,1.481275,0.7859,KOR,BIH,8851
1795164,162,26,1398,2004.0,1450.0,0.0,1.171327,1.6369799999999999,NLD,BIH,8851
1795165,189,26,1398,2004.0,22547.0,14914.0,0.544686,2.418024,SCG,BIH,8851
1795166,206,26,1398,2004.0,15567.0,0.0,1.2683149999999999,0.9208620000000001,SVK,BIH,8851
1795167,207,26,1398,2004.0,143099.0,67794.0,1.700677,0.829765,SVN,BIH,8851
1795168,208,26,1398,2004.0,7637.0,0.0,2.105611,0.707843,SWE,BIH,8851
1795169,216,26,1398,2004.0,16795.0,0.0,0.633501,1.4648290000000002,THA,BIH,8851
1795170,224,26,1398,2004.0,1782.0,0.0,0.249065,1.910598,TUR,BIH,8851
1795171,231,26,1398,2004.0,63161.0,0.0,1.818327,-0.17913900000000002,USA,BIH,8851
1795172,7,82,1398,2004.0,19183.0,0.0,-0.10993399999999999,-0.5351640000000001,ARE,GEO,8851
1795173,9,82,1398,2004.0,0.0,30588.0,0.497276,-0.226016,ARM,GEO,8851
1795174,15,82,1398,2004.0,21619.0,0.0,1.958949,0.209296,AUT,GEO,8851
1795175,16,82,1398,2004.0,2292.0,0.0,-0.720616,-1.009692,AZE,GEO,8851
1795176,41,82,1398,2004.0,128987.0,0.0,2.234603,0.551975,CHE,GEO,8851
1795177,43,82,1398,2004.0,14432.0,0.0,0.710603,2.017234,CHN,GEO,8851
1795178,59,82,1398,2004.0,1067.0,0.0,1.612543,0.607495,CZE,GEO,8851
1795179,61,82,1398,2004.0,67491.0,0.0,2.4453099999999997,-2.331761,DEU,GEO,8851
1795180,71,82,1398,2004.0,7600.0,0.0,1.04057,1.789023,ESP,GEO,8851
1795181,97,82,1398,2004.0,11574.0,17731.0,0.72816,1.403171,HKG,GEO,8851
1795182,107,82,1398,2004.0,82430.0,0.0,-0.6691699999999999,-1.002548,IRN,GEO,8851
1795183,111,82,1398,2004.0,13343.0,0.0,1.440372,0.676068,ITA,GEO,8851
1795184,121,82,1398,2004.0,18270.0,0.0,1.481275,0.7859,KOR,GEO,8851
1795185,162,82,1398,2004.0,24359.0,0.0,1.171327,1.6369799999999999,NLD,GEO,8851
1795186,186,82,1398,2004.0,3669.0,0.0,0.422803,0.017524,RUS,GEO,8851
1795187,208,82,1398,2004.0,10755.0,0.0,2.105611,0.707843,SWE,GEO,8851
1795188,231,82,1398,2004.0,10974.0,0.0,1.818327,-0.17913900000000002,USA,GEO,8851
1795189,9,109,1398,2004.0,143615.0,0.0,0.497276,-0.226016,ARM,ISL,8851
1795190,15,109,1398,2004.0,95997.0,0.0,1.958949,0.209296,AUT,ISL,8851
1795191,18,109,1398,2004.0,6467.0,0.0,1.242665,1.541444,BEL,ISL,8851
1795192,39,109,1398,2004.0,2067.0,0.0,0.781591,1.365966,CAN,ISL,8851
1795193,41,109,1398,2004.0,2158990.0,153518.0,2.234603,0.551975,CHE,ISL,8851
1795194,43,109,1398,2004.0,32970.0,0.0,0.710603,2.017234,CHN,ISL,8851
1795195,61,109,1398,2004.0,245003.0,39538.0,2.4453099999999997,-2.331761,DEU,ISL,8851
1795196,64,109,1398,2004.0,60645.0,0.0,1.309074,1.2627979999999999,DNK,ISL,8851
1795197,71,109,1398,2004.0,59750.0,0.0,1.04057,1.789023,ESP,ISL,8851
1795198,77,109,1398,2004.0,43542.0,0.0,1.57079,0.6776760000000001,FRA,ISL,8851
1795199,81,109,1398,2004.0,159149.0,0.0,1.872987,0.734065,GBR,ISL,8851
1795200,97,109,1398,2004.0,321164.0,41418.0,0.72816,1.403171,HKG,ISL,8851
1795201,106,109,1398,2004.0,7666.0,0.0,1.498475,0.19050799999999998,IRL,ISL,8851
1795202,111,109,1398,2004.0,136661.0,0.0,1.440372,0.676068,ITA,ISL,8851
1795203,114,109,1398,2004.0,47672.0,0.0,2.756136,0.15545,JPN,ISL,8851
1795204,162,109,1398,2004.0,687616.0,5918.0,1.171327,1.6369799999999999,NLD,ISL,8851
1795205,163,109,1398,2004.0,8309.0,0.0,0.731175,-0.0655,NOR,ISL,8851
1795206,192,109,1398,2004.0,2103.0,0.0,1.804502,0.570084,SGP,ISL,8851
1795207,208,109,1398,2004.0,630533.0,13392.0,2.105611,0.707843,SWE,ISL,8851
1795208,216,109,1398,2004.0,36490.0,0.0,0.633501,1.4648290000000002,THA,ISL,8851
1795209,231,109,1398,2004.0,161846.0,440998.0,1.818327,-0.17913900000000002,USA,ISL,8851
1795210,15,135,1398,2004.0,447118.0,0.0,1.958949,0.209296,AUT,MDA,8851
1795211,28,135,1398,2004.0,25719.0,0.0,0.9384239999999999,0.9708690000000001,BLR,MDA,8851
1795212,41,135,1398,2004.0,2784787.0,65721.0,2.234603,0.551975,CHE,MDA,8851
1795213,43,135,1398,2004.0,30365.0,0.0,0.710603,2.017234,CHN,MDA,8851
1795214,58,135,1398,2004.0,0.0,11011.0,0.42732200000000004,0.811763,CYP,MDA,8851
1795215,59,135,1398,2004.0,0.0,15978.0,1.612543,0.607495,CZE,MDA,8851
1795216,61,135,1398,2004.0,77766.0,0.0,2.4453099999999997,-2.331761,DEU,MDA,8851
1795217,64,135,1398,2004.0,1029.0,0.0,1.309074,1.2627979999999999,DNK,MDA,8851
1795218,71,135,1398,2004.0,31593.0,0.0,1.04057,1.789023,ESP,MDA,8851
1795219,74,135,1398,2004.0,1191.0,0.0,1.9662810000000002,1.018108,FIN,MDA,8851
1795220,77,135,1398,2004.0,2174.0,0.0,1.57079,0.6776760000000001,FRA,MDA,8851
1795221,97,135,1398,2004.0,55853.0,0.0,0.72816,1.403171,HKG,MDA,8851
1795222,102,135,1398,2004.0,1867.0,0.0,1.3579370000000002,0.9993219999999999,HUN,MDA,8851
1795223,104,135,1398,2004.0,1076.0,0.0,0.20872,2.817307,IND,MDA,8851
1795224,110,135,1398,2004.0,4508.0,0.0,1.252895,0.8662770000000001,ISR,MDA,8851
1795225,111,135,1398,2004.0,6472.0,0.0,1.440372,0.676068,ITA,MDA,8851
1795226,121,135,1398,2004.0,11268.0,0.0,1.481275,0.7859,KOR,MDA,8851
1795227,162,135,1398,2004.0,0.0,1017.0,1.171327,1.6369799999999999,NLD,MDA,8851
1795228,185,135,1398,2004.0,11988.0,3406.0,0.53925,1.145066,ROU,MDA,8851
1795229,186,135,1398,2004.0,81238.0,0.0,0.422803,0.017524,RUS,MDA,8851
1795230,208,135,1398,2004.0,2227.0,0.0,2.105611,0.707843,SWE,MDA,8851
1795231,224,135,1398,2004.0,8269.0,0.0,0.249065,1.910598,TUR,MDA,8851
1795232,228,135,1398,2004.0,1013.0,0.0,0.672848,1.172735,UKR,MDA,8851
1795233,231,135,1398,2004.0,18110.0,0.0,1.818327,-0.17913900000000002,USA,MDA,8851
1795234,7,140,1398,2004.0,1841.0,0.0,-0.10993399999999999,-0.5351640000000001,ARE,MKD,8851
1795235,15,140,1398,2004.0,5998.0,0.0,1.958949,0.209296,AUT,MKD,8851
1795236,23,140,1398,2004.0,13212.0,0.0,0.390627,1.631006,BGR,MKD,8851
1795237,41,140,1398,2004.0,273837.0,585625.0,2.234603,0.551975,CHE,MKD,8851
1795238,43,140,1398,2004.0,19758.0,0.0,0.710603,2.017234,CHN,MKD,8851
1795239,61,140,1398,2004.0,99951.0,0.0,2.4453099999999997,-2.331761,DEU,MKD,8851
1795240,77,140,1398,2004.0,27239.0,0.0,1.57079,0.6776760000000001,FRA,MKD,8851
1795241,90,140,1398,2004.0,45763.0,21890.0,0.298029,1.745886,GRC,MKD,8851
1795242,97,140,1398,2004.0,25526.0,0.0,0.72816,1.403171,HKG,MKD,8851
1795243,111,140,1398,2004.0,1053710.0,0.0,1.440372,0.676068,ITA,MKD,8851
1795244,163,140,1398,2004.0,1168.0,0.0,0.731175,-0.0655,NOR,MKD,8851
1795245,189,140,1398,2004.0,6423.0,11960.0,0.544686,2.418024,SCG,MKD,8851
1795246,207,140,1398,2004.0,5647.0,0.0,1.700677,0.829765,SVN,MKD,8851
1795247,224,140,1398,2004.0,27571.0,0.0,0.249065,1.910598,TUR,MKD,8851
1795248,18,157,1398,2004.0,1108.0,0.0,1.242665,1.541444,BEL,NER,8851
1795249,43,157,1398,2004.0,2838.0,0.0,0.710603,2.017234,CHN,NER,8851
1795250,77,157,1398,2004.0,27455.0,0.0,1.57079,0.6776760000000001,FRA,NER,8851
1795251,97,157,1398,2004.0,9354.0,0.0,0.72816,1.403171,HKG,NER,8851
1795252,121,157,1398,2004.0,10298.0,0.0,1.481275,0.7859,KOR,NER,8851
1795253,126,157,1398,2004.0,0.0,3553.0,-0.895142,-1.211141,LBY,NER,8851
1795254,159,157,1398,2004.0,8563.0,0.0,-2.336753,-1.350375,NGA,NER,8851
1795255,250,157,1398,2004.0,0.0,3600.0,0.46240200000000004,-0.406624,ANS,NER,8851
1795256,19,178,1398,2004.0,0.0,17267.0,-1.422449,-1.09615,BEN,PRK,8851
1795257,23,178,1398,2004.0,0.0,1256.0,0.390627,1.631006,BGR,PRK,8851
1795258,28,178,1398,2004.0,0.0,11417.0,0.9384239999999999,0.9708690000000001,BLR,PRK,8851
1795259,41,178,1398,2004.0,69130.0,0.0,2.234603,0.551975,CHE,PRK,8851
1795260,43,178,1398,2004.0,105688.0,0.0,0.710603,2.017234,CHN,PRK,8851
1795261,61,178,1398,2004.0,6284.0,0.0,2.4453099999999997,-2.331761,DEU,PRK,8851
1795262,71,178,1398,2004.0,0.0,4366.0,1.04057,1.789023,ESP,PRK,8851
1795263,97,178,1398,2004.0,483199.0,59572.0,0.72816,1.403171,HKG,PRK,8851
1795264,114,178,1398,2004.0,18508.0,0.0,2.756136,0.15545,JPN,PRK,8851
1795265,168,178,1398,2004.0,0.0,28198.0,-0.7489600000000001,0.22493200000000002,PAK,PRK,8851
1795266,177,178,1398,2004.0,0.0,2435.0,0.989568,1.49055,POL,PRK,8851
1795267,192,178,1398,2004.0,72237.0,0.0,1.804502,0.570084,SGP,PRK,8851
1795268,14,195,1398,2004.0,10978.0,0.0,-0.198735,0.81543,AUS,SLB,8851
1795269,43,195,1398,2004.0,4741.0,0.0,0.710603,2.017234,CHN,SLB,8851
1795270,106,195,1398,2004.0,0.0,130484.0,1.498475,0.19050799999999998,IRL,SLB,8851
1795271,192,195,1398,2004.0,23367.0,0.0,1.804502,0.570084,SGP,SLB,8851
1795272,28,219,1398,2004.0,154136.0,25748.0,0.9384239999999999,0.9708690000000001,BLR,TKM,8851
1795273,41,219,1398,2004.0,71085.0,0.0,2.234603,0.551975,CHE,TKM,8851
1795274,81,219,1398,2004.0,6413.0,0.0,1.872987,0.734065,GBR,TKM,8851
1795275,97,219,1398,2004.0,1258.0,0.0,0.72816,1.403171,HKG,TKM,8851
1795276,107,219,1398,2004.0,14547.0,0.0,-0.6691699999999999,-1.002548,IRN,TKM,8851
1795277,224,219,1398,2004.0,9427.0,0.0,0.249065,1.910598,TUR,TKM,8851
1795278,23,4,1398,2004.0,91857.0,0.0,0.390627,1.631006,BGR,ALB,8851
1795279,41,4,1398,2004.0,61458.0,0.0,2.234603,0.551975,CHE,ALB,8851
1795280,43,4,1398,2004.0,32743.0,0.0,0.710603,2.017234,CHN,ALB,8851
1795281,61,4,1398,2004.0,1055.0,0.0,2.4453099999999997,-2.331761,DEU,ALB,8851
1795282,71,4,1398,2004.0,31302.0,0.0,1.04057,1.789023,ESP,ALB,8851
1795283,90,4,1398,2004.0,55881.0,5761.0,0.298029,1.745886,GRC,ALB,8851
1795284,97,4,1398,2004.0,17958.0,0.0,0.72816,1.403171,HKG,ALB,8851
1795285,102,4,1398,2004.0,2400.0,0.0,1.3579370000000002,0.9993219999999999,HUN,ALB,8851
1795286,106,4,1398,2004.0,4999.0,0.0,1.498475,0.19050799999999998,IRL,ALB,8851
1795287,111,4,1398,2004.0,34090.0,0.0,1.440372,0.676068,ITA,ALB,8851
1795288,121,4,1398,2004.0,215026.0,0.0,1.481275,0.7859,KOR,ALB,8851
1795289,224,4,1398,2004.0,63197.0,0.0,0.249065,1.910598,TUR,ALB,8851
1795290,231,4,1398,2004.0,2526.0,0.0,1.818327,-0.17913900000000002,USA,ALB,8851
1795291,8,31,1398,2004.0,62744.0,1012.0,-0.070845,0.879574,ARG,BOL,8851
1795292,18,31,1398,2004.0,12573.0,0.0,1.242665,1.541444,BEL,BOL,8851
1795293,32,31,1398,2004.0,2819.0,0.0,0.504233,1.567879,BRA,BOL,8851
1795294,41,31,1398,2004.0,524617.0,0.0,2.234603,0.551975,CHE,BOL,8851
1795295,42,31,1398,2004.0,7078068.0,0.0,-0.24101399999999998,-0.303103,CHL,BOL,8851
1795296,43,31,1398,2004.0,134728.0,0.0,0.710603,2.017234,CHN,BOL,8851
1795297,49,31,1398,2004.0,1400.0,2696.0,0.044706,0.514304,COL,BOL,8851
1795298,61,31,1398,2004.0,13375.0,0.0,2.4453099999999997,-2.331761,DEU,BOL,8851
1795299,65,31,1398,2004.0,0.0,9343.0,-0.24909699999999999,-0.326783,DOM,BOL,8851
1795300,97,31,1398,2004.0,137847.0,0.0,0.72816,1.403171,HKG,BOL,8851
1795301,111,31,1398,2004.0,0.0,6277.0,1.440372,0.676068,ITA,BOL,8851
1795302,114,31,1398,2004.0,52014.0,0.0,2.756136,0.15545,JPN,BOL,8851
1795303,169,31,1398,2004.0,16321.0,19827.0,0.054997000000000004,0.440416,PAN,BOL,8851
1795304,173,31,1398,2004.0,25583.0,21069.0,-0.609837,0.13314,PER,BOL,8851
1795305,231,31,1398,2004.0,65179.0,1765.0,1.818327,-0.17913900000000002,USA,BOL,8851
1795306,250,31,1398,2004.0,2753.0,0.0,0.46240200000000004,-0.406624,ANS,BOL,8851
1795307,7,66,1398,2004.0,72757.0,0.0,-0.10993399999999999,-0.5351640000000001,ARE,DZA,8851
1795308,41,66,1398,2004.0,2640838.0,0.0,2.234603,0.551975,CHE,DZA,8851
1795309,43,66,1398,2004.0,1290393.0,0.0,0.710603,2.017234,CHN,DZA,8851
1795310,61,66,1398,2004.0,2603.0,0.0,2.4453099999999997,-2.331761,DEU,DZA,8851
1795311,71,66,1398,2004.0,619135.0,0.0,1.04057,1.789023,ESP,DZA,8851
1795312,77,66,1398,2004.0,158863.0,0.0,1.57079,0.6776760000000001,FRA,DZA,8851
1795313,81,66,1398,2004.0,259406.0,0.0,1.872987,0.734065,GBR,DZA,8851
1795314,97,66,1398,2004.0,86980.0,0.0,0.72816,1.403171,HKG,DZA,8851
1795315,111,66,1398,2004.0,2484.0,0.0,1.440372,0.676068,ITA,DZA,8851
1795316,114,66,1398,2004.0,35179.0,0.0,2.756136,0.15545,JPN,DZA,8851
1795317,162,66,1398,2004.0,8070.0,0.0,1.171327,1.6369799999999999,NLD,DZA,8851
1795318,216,66,1398,2004.0,1149.0,0.0,0.633501,1.4648290000000002,THA,DZA,8851
1795319,231,66,1398,2004.0,6905.0,0.0,1.818327,-0.17913900000000002,USA,DZA,8851
1795320,250,66,1398,2004.0,10550.0,0.0,0.46240200000000004,-0.406624,ANS,DZA,8851
1795321,15,159,1398,2004.0,1365.0,0.0,1.958949,0.209296,AUT,NGA,8851
1795322,18,159,1398,2004.0,4090.0,0.0,1.242665,1.541444,BEL,NGA,8851
1795323,28,159,1398,2004.0,649700.0,5415.0,0.9384239999999999,0.9708690000000001,BLR,NGA,8851
1795324,39,159,1398,2004.0,7429.0,0.0,0.781591,1.365966,CAN,NGA,8851
1795325,41,159,1398,2004.0,11345660.0,5179.0,2.234603,0.551975,CHE,NGA,8851
1795326,43,159,1398,2004.0,326582.0,0.0,0.710603,2.017234,CHN,NGA,8851
1795327,61,159,1398,2004.0,22279.0,0.0,2.4453099999999997,-2.331761,DEU,NGA,8851
1795328,71,159,1398,2004.0,20864.0,0.0,1.04057,1.789023,ESP,NGA,8851
1795329,77,159,1398,2004.0,27361.0,0.0,1.57079,0.6776760000000001,FRA,NGA,8851
1795330,81,159,1398,2004.0,1632655.0,1573.0,1.872987,0.734065,GBR,NGA,8851
1795331,97,159,1398,2004.0,7890790.0,14423.0,0.72816,1.403171,HKG,NGA,8851
1795332,104,159,1398,2004.0,32081.0,0.0,0.20872,2.817307,IND,NGA,8851
1795333,110,159,1398,2004.0,12000.0,0.0,1.252895,0.8662770000000001,ISR,NGA,8851
1795334,111,159,1398,2004.0,1462.0,0.0,1.440372,0.676068,ITA,NGA,8851
1795335,114,159,1398,2004.0,3755.0,0.0,2.756136,0.15545,JPN,NGA,8851
1795336,121,159,1398,2004.0,779410.0,0.0,1.481275,0.7859,KOR,NGA,8851
1795337,153,159,1398,2004.0,19773.0,0.0,1.250098,0.352379,MYS,NGA,8851
1795338,157,159,1398,2004.0,0.0,8563.0,-1.102485,-0.850282,NER,NGA,8851
1795339,162,159,1398,2004.0,36328.0,1073.0,1.171327,1.6369799999999999,NLD,NGA,8851
1795340,186,159,1398,2004.0,838446.0,0.0,0.422803,0.017524,RUS,NGA,8851
1795341,231,159,1398,2004.0,110358.0,0.0,1.818327,-0.17913900000000002,USA,NGA,8851
1795342,246,159,1398,2004.0,0.0,1548.0,0.29599699999999995,1.909018,ZAF,NGA,8851
1795343,39,0,1398,2004.0,41223.0,0.0,0.781591,1.365966,CAN,ABW,8851
1795344,41,0,1398,2004.0,9463869.0,0.0,2.234603,0.551975,CHE,ABW,8851
1795345,71,0,1398,2004.0,22802.0,0.0,1.04057,1.789023,ESP,ABW,8851
1795346,77,0,1398,2004.0,88169.0,0.0,1.57079,0.6776760000000001,FRA,ABW,8851
1795347,111,0,1398,2004.0,78031.0,0.0,1.440372,0.676068,ITA,ABW,8851
1795348,162,0,1398,2004.0,14929.0,6138.0,1.171327,1.6369799999999999,NLD,ABW,8851
1795349,173,0,1398,2004.0,7635.0,0.0,-0.609837,0.13314,PER,ABW,8851
1795350,231,0,1398,2004.0,6303588.0,0.0,1.818327,-0.17913900000000002,USA,ABW,8851
1795351,236,0,1398,2004.0,0.0,4410.0,-0.41193900000000006,-0.9578899999999999,VEN,ABW,8851
1795352,243,0,1398,2004.0,0.0,35398.0,-1.298227,-1.2496639999999999,YEM,ABW,8851
1795353,231,3,1398,2004.0,2243.0,0.0,1.818327,-0.17913900000000002,USA,AIA,8851
1795354,41,29,1398,2004.0,432221.0,0.0,2.234603,0.551975,CHE,BLZ,8851
1795355,43,29,1398,2004.0,9468.0,0.0,0.710603,2.017234,CHN,BLZ,8851
1795356,49,29,1398,2004.0,3935.0,0.0,0.044706,0.514304,COL,BLZ,8851
1795357,61,29,1398,2004.0,2541.0,0.0,2.4453099999999997,-2.331761,DEU,BLZ,8851
1795358,77,29,1398,2004.0,39677.0,0.0,1.57079,0.6776760000000001,FRA,BLZ,8851
1795359,93,29,1398,2004.0,30066.0,0.0,-0.39399,0.139128,GTM,BLZ,8851
1795360,97,29,1398,2004.0,192341.0,0.0,0.72816,1.403171,HKG,BLZ,8851
1795361,111,29,1398,2004.0,41565.0,0.0,1.440372,0.676068,ITA,BLZ,8851
1795362,114,29,1398,2004.0,4137.0,0.0,2.756136,0.15545,JPN,BLZ,8851
1795363,138,29,1398,2004.0,90911.0,2481.0,1.183707,0.9043700000000001,MEX,BLZ,8851
1795364,197,29,1398,2004.0,0.0,3371.0,-0.21054299999999998,0.086382,SLV,BLZ,8851
1795365,231,29,1398,2004.0,238356.0,0.0,1.818327,-0.17913900000000002,USA,BLZ,8851
1795366,41,160,1398,2004.0,124696.0,0.0,2.234603,0.551975,CHE,NIC,8851
1795367,43,160,1398,2004.0,187404.0,0.0,0.710603,2.017234,CHN,NIC,8851
1795368,81,160,1398,2004.0,19957.0,0.0,1.872987,0.734065,GBR,NIC,8851
1795369,93,160,1398,2004.0,46257.0,7004.0,-0.39399,0.139128,GTM,NIC,8851
1795370,97,160,1398,2004.0,77486.0,0.0,0.72816,1.403171,HKG,NIC,8851
1795371,114,160,1398,2004.0,51081.0,0.0,2.756136,0.15545,JPN,NIC,8851
1795372,121,160,1398,2004.0,16108.0,0.0,1.481275,0.7859,KOR,NIC,8851
1795373,138,160,1398,2004.0,7380.0,0.0,1.183707,0.9043700000000001,MEX,NIC,8851
1795374,231,160,1398,2004.0,101070.0,0.0,1.818327,-0.17913900000000002,USA,NIC,8851
1795375,249,160,1398,2004.0,12381.0,0.0,1.8844150000000002,1.257951,TWN,NIC,8851
1795376,14,176,1398,2004.0,167936.0,0.0,-0.198735,0.81543,AUS,PNG,8851
1795377,39,176,1398,2004.0,2047.0,0.0,0.781591,1.365966,CAN,PNG,8851
1795378,41,176,1398,2004.0,3584.0,0.0,2.234603,0.551975,CHE,PNG,8851
1795379,43,176,1398,2004.0,185522.0,0.0,0.710603,2.017234,CHN,PNG,8851
1795380,77,176,1398,2004.0,8427.0,0.0,1.57079,0.6776760000000001,FRA,PNG,8851
1795381,97,176,1398,2004.0,98168.0,0.0,0.72816,1.403171,HKG,PNG,8851
1795382,103,176,1398,2004.0,21697.0,0.0,0.010095999999999999,1.7413779999999999,IDN,PNG,8851
1795383,114,176,1398,2004.0,33275.0,0.0,2.756136,0.15545,JPN,PNG,8851
1795384,153,176,1398,2004.0,24154.0,0.0,1.250098,0.352379,MYS,PNG,8851
1795385,192,176,1398,2004.0,64512.0,0.0,1.804502,0.570084,SGP,PNG,8851
1795386,194,176,1398,2004.0,2227.0,0.0,1.265068,0.28931799999999996,SHN,PNG,8851
1795387,208,176,1398,2004.0,1761.0,0.0,2.105611,0.707843,SWE,PNG,8851
1795388,231,176,1398,2004.0,6876.0,0.0,1.818327,-0.17913900000000002,USA,PNG,8851
1795389,7,187,1398,2004.0,19361.0,0.0,-0.10993399999999999,-0.5351640000000001,ARE,RWA,8851
1795390,18,187,1398,2004.0,3733.0,0.0,1.242665,1.541444,BEL,RWA,8851
1795391,43,187,1398,2004.0,4393.0,0.0,0.710603,2.017234,CHN,RWA,8851
1795392,61,187,1398,2004.0,24670.0,0.0,2.4453099999999997,-2.331761,DEU,RWA,8851
1795393,162,187,1398,2004.0,1356.0,0.0,1.171327,1.6369799999999999,NLD,RWA,8851
1795394,41,1,1398,2004.0,673817.0,0.0,2.234603,0.551975,CHE,AFG,8851
1795395,61,1,1398,2004.0,1089847.0,0.0,2.4453099999999997,-2.331761,DEU,AFG,8851
1795396,77,1,1398,2004.0,7462.0,0.0,1.57079,0.6776760000000001,FRA,AFG,8851
1795397,81,1,1398,2004.0,0.0,26155.0,1.872987,0.734065,GBR,AFG,8851
1795398,97,1,1398,2004.0,57442.0,0.0,0.72816,1.403171,HKG,AFG,8851
1795399,104,1,1398,2004.0,1024.0,0.0,0.20872,2.817307,IND,AFG,8851
1795400,107,1,1398,2004.0,1958.0,0.0,-0.6691699999999999,-1.002548,IRN,AFG,8851
1795401,111,1,1398,2004.0,175625.0,0.0,1.440372,0.676068,ITA,AFG,8851
1795402,114,1,1398,2004.0,4199.0,0.0,2.756136,0.15545,JPN,AFG,8851
1795403,121,1,1398,2004.0,9934.0,0.0,1.481275,0.7859,KOR,AFG,8851
1795404,162,1,1398,2004.0,11197.0,0.0,1.171327,1.6369799999999999,NLD,AFG,8851
1795405,7,9,1398,2004.0,42048.0,81739.0,-0.10993399999999999,-0.5351640000000001,ARE,ARM,8851
1795406,15,9,1398,2004.0,136891.0,0.0,1.958949,0.209296,AUT,ARM,8851
1795407,41,9,1398,2004.0,226062.0,272119.0,2.234603,0.551975,CHE,ARM,8851
1795408,43,9,1398,2004.0,4167.0,0.0,0.710603,2.017234,CHN,ARM,8851
1795409,61,9,1398,2004.0,91774.0,0.0,2.4453099999999997,-2.331761,DEU,ARM,8851
1795410,77,9,1398,2004.0,5182.0,0.0,1.57079,0.6776760000000001,FRA,ARM,8851
1795411,81,9,1398,2004.0,12559.0,0.0,1.872987,0.734065,GBR,ARM,8851
1795412,82,9,1398,2004.0,30588.0,0.0,-0.030676,-0.560186,GEO,ARM,8851
1795413,97,9,1398,2004.0,117068.0,0.0,0.72816,1.403171,HKG,ARM,8851
1795414,102,9,1398,2004.0,0.0,19712.0,1.3579370000000002,0.9993219999999999,HUN,ARM,8851
1795415,109,9,1398,2004.0,0.0,143615.0,0.107901,-0.41223699999999996,ISL,ARM,8851
1795416,111,9,1398,2004.0,352347.0,0.0,1.440372,0.676068,ITA,ARM,8851
1795417,115,9,1398,2004.0,0.0,7057.0,-0.43987200000000004,-0.50862,KAZ,ARM,8851
1795418,124,9,1398,2004.0,12796.0,0.0,0.269753,1.3152979999999999,LBN,ARM,8851
1795419,177,9,1398,2004.0,15364.0,0.0,0.989568,1.49055,POL,ARM,8851
1795420,185,9,1398,2004.0,1660.0,0.0,0.53925,1.145066,ROU,ARM,8851
1795421,186,9,1398,2004.0,5535.0,132876.0,0.422803,0.017524,RUS,ARM,8851
1795422,212,9,1398,2004.0,0.0,3463.0,-0.698545,-0.111323,SYR,ARM,8851
1795423,231,9,1398,2004.0,0.0,762669.0,1.818327,-0.17913900000000002,USA,ARM,8851
1795424,250,9,1398,2004.0,0.0,8563.0,0.46240200000000004,-0.406624,ANS,ARM,8851
1795425,15,17,1398,2004.0,0.0,25311.0,1.958949,0.209296,AUT,BDI,8851
1795426,97,17,1398,2004.0,36225.0,0.0,0.72816,1.403171,HKG,BDI,8851
1795427,116,17,1398,2004.0,6287.0,0.0,-0.565597,0.182375,KEN,BDI,8851
1795428,162,17,1398,2004.0,7119.0,0.0,1.171327,1.6369799999999999,NLD,BDI,8851
1795429,77,21,1398,2004.0,11519.0,0.0,1.57079,0.6776760000000001,FRA,BFA,8851
1795430,97,21,1398,2004.0,8979.0,0.0,0.72816,1.403171,HKG,BFA,8851
1795431,114,21,1398,2004.0,1276.0,0.0,2.756136,0.15545,JPN,BFA,8851
1795432,124,21,1398,2004.0,534844.0,0.0,0.269753,1.3152979999999999,LBN,BFA,8851
1795433,141,21,1398,2004.0,0.0,79962.0,-0.5807979999999999,-0.797311,MLI,BFA,8851
1795434,215,21,1398,2004.0,4483.0,0.0,-0.569621,-0.533211,TGO,BFA,8851
1795435,14,34,1398,2004.0,1064.0,0.0,-0.198735,0.81543,AUS,BRN,8851
1795436,41,34,1398,2004.0,609759.0,0.0,2.234603,0.551975,CHE,BRN,8851
1795437,43,34,1398,2004.0,76596.0,0.0,0.710603,2.017234,CHN,BRN,8851
1795438,61,34,1398,2004.0,40721.0,0.0,2.4453099999999997,-2.331761,DEU,BRN,8851
1795439,81,34,1398,2004.0,7466865.0,2197713.0,1.872987,0.734065,GBR,BRN,8851
1795440,97,34,1398,2004.0,63177.0,0.0,0.72816,1.403171,HKG,BRN,8851
1795441,103,34,1398,2004.0,10255.0,0.0,0.010095999999999999,1.7413779999999999,IDN,BRN,8851
1795442,114,34,1398,2004.0,49152.0,0.0,2.756136,0.15545,JPN,BRN,8851
1795443,153,34,1398,2004.0,843953.0,0.0,1.250098,0.352379,MYS,BRN,8851
1795444,192,34,1398,2004.0,6540465.0,9302.0,1.804502,0.570084,SGP,BRN,8851
1795445,216,34,1398,2004.0,4209.0,0.0,0.633501,1.4648290000000002,THA,BRN,8851
1795446,231,34,1398,2004.0,1738.0,0.0,1.818327,-0.17913900000000002,USA,BRN,8851
1795447,41,47,1398,2004.0,22245.0,0.0,2.234603,0.551975,CHE,COG,8851
1795448,43,47,1398,2004.0,13803.0,0.0,0.710603,2.017234,CHN,COG,8851
1795449,77,47,1398,2004.0,68401.0,0.0,1.57079,0.6776760000000001,FRA,COG,8851
1795450,97,47,1398,2004.0,83562.0,0.0,0.72816,1.403171,HKG,COG,8851
1795451,216,47,1398,2004.0,0.0,7809.0,0.633501,1.4648290000000002,THA,COG,8851
1795452,231,47,1398,2004.0,0.0,2233.0,1.818327,-0.17913900000000002,USA,COG,8851
1795453,77,50,1398,2004.0,29773.0,0.0,1.57079,0.6776760000000001,FRA,COM,8851
1795454,151,50,1398,2004.0,54901.0,0.0,-0.161262,-0.29730300000000004,MUS,COM,8851
1795455,15,62,1398,2004.0,66413.0,0.0,1.958949,0.209296,AUT,DJI,8851
1795456,18,62,1398,2004.0,4698.0,0.0,1.242665,1.541444,BEL,DJI,8851
1795457,41,62,1398,2004.0,14087.0,0.0,2.234603,0.551975,CHE,DJI,8851
1795458,77,62,1398,2004.0,2487.0,0.0,1.57079,0.6776760000000001,FRA,DJI,8851
1795459,14,75,1398,2004.0,910884.0,25696.0,-0.198735,0.81543,AUS,FJI,8851
1795460,41,75,1398,2004.0,1666.0,0.0,2.234603,0.551975,CHE,FJI,8851
1795461,43,75,1398,2004.0,104946.0,0.0,0.710603,2.017234,CHN,FJI,8851
1795462,81,75,1398,2004.0,0.0,7884.0,1.872987,0.734065,GBR,FJI,8851
1795463,97,75,1398,2004.0,484719.0,0.0,0.72816,1.403171,HKG,FJI,8851
1795464,104,75,1398,2004.0,2114.0,0.0,0.20872,2.817307,IND,FJI,8851
1795465,114,75,1398,2004.0,117935.0,0.0,2.756136,0.15545,JPN,FJI,8851
1795466,119,75,1398,2004.0,0.0,4031.0,-0.21806399999999998,-0.797764,KIR,FJI,8851
1795467,166,75,1398,2004.0,132171.0,2425.0,0.44099099999999997,0.968326,NZL,FJI,8851
1795468,174,75,1398,2004.0,22043.0,0.0,0.288786,-0.25348699999999996,PHL,FJI,8851
1795469,192,75,1398,2004.0,233493.0,0.0,1.804502,0.570084,SGP,FJI,8851
1795470,216,75,1398,2004.0,4754.0,0.0,0.633501,1.4648290000000002,THA,FJI,8851
1795471,225,75,1398,2004.0,0.0,5784.0,1.8128529999999998,-0.173455,TUV,FJI,8851
1795472,231,75,1398,2004.0,11967.0,0.0,1.818327,-0.17913900000000002,USA,FJI,8851
1795473,242,75,1398,2004.0,0.0,1272.0,-0.183327,-0.6788569999999999,WSM,FJI,8851
1795474,249,75,1398,2004.0,44039.0,0.0,1.8844150000000002,1.257951,TWN,FJI,8851
1795475,250,75,1398,2004.0,0.0,4692.0,0.46240200000000004,-0.406624,ANS,FJI,8851
1795476,18,85,1398,2004.0,7942.0,0.0,1.242665,1.541444,BEL,GIN,8851
1795477,41,85,1398,2004.0,16862.0,0.0,2.234603,0.551975,CHE,GIN,8851
1795478,43,85,1398,2004.0,71731.0,0.0,0.710603,2.017234,CHN,GIN,8851
1795479,77,85,1398,2004.0,9856.0,0.0,1.57079,0.6776760000000001,FRA,GIN,8851
1795480,97,85,1398,2004.0,1158009.0,0.0,0.72816,1.403171,HKG,GIN,8851
1795481,81,87,1398,2004.0,25953.0,0.0,1.872987,0.734065,GBR,GMB,8851
1795482,97,87,1398,2004.0,34490.0,0.0,0.72816,1.403171,HKG,GMB,8851
1795483,231,87,1398,2004.0,6596.0,0.0,1.818327,-0.17913900000000002,USA,GMB,8851
1795484,239,87,1398,2004.0,1561.0,0.0,-0.46875500000000003,0.734412,VNM,GMB,8851
1795485,41,108,1398,2004.0,141544.0,0.0,2.234603,0.551975,CHE,IRQ,8851
1795486,61,108,1398,2004.0,1003.0,0.0,2.4453099999999997,-2.331761,DEU,IRQ,8851
1795487,64,108,1398,2004.0,177297.0,0.0,1.309074,1.2627979999999999,DNK,IRQ,8851
1795488,81,108,1398,2004.0,39198.0,0.0,1.872987,0.734065,GBR,IRQ,8851
1795489,107,108,1398,2004.0,37533.0,0.0,-0.6691699999999999,-1.002548,IRN,IRQ,8851
1795490,111,108,1398,2004.0,31568.0,0.0,1.440372,0.676068,ITA,IRQ,8851
1795491,113,108,1398,2004.0,118508.0,0.0,0.16384200000000002,0.34270100000000003,JOR,IRQ,8851
1795492,124,108,1398,2004.0,7000.0,0.0,0.269753,1.3152979999999999,LBN,IRQ,8851
1795493,224,108,1398,2004.0,111402.0,0.0,0.249065,1.910598,TUR,IRQ,8851
1795494,231,108,1398,2004.0,68268.0,0.0,1.818327,-0.17913900000000002,USA,IRQ,8851
1795495,41,118,1398,2004.0,8368.0,0.0,2.234603,0.551975,CHE,KHM,8851
1795496,43,118,1398,2004.0,1888.0,0.0,0.710603,2.017234,CHN,KHM,8851
1795497,77,118,1398,2004.0,1632.0,2270.0,1.57079,0.6776760000000001,FRA,KHM,8851
1795498,97,118,1398,2004.0,46483.0,0.0,0.72816,1.403171,HKG,KHM,8851
1795499,111,118,1398,2004.0,10463.0,5402.0,1.440372,0.676068,ITA,KHM,8851
1795500,114,118,1398,2004.0,4978.0,0.0,2.756136,0.15545,JPN,KHM,8851
1795501,121,118,1398,2004.0,39878.0,0.0,1.481275,0.7859,KOR,KHM,8851
1795502,153,118,1398,2004.0,11317.0,0.0,1.250098,0.352379,MYS,KHM,8851
1795503,179,118,1398,2004.0,0.0,1320.0,0.705075,1.7268729999999999,PRT,KHM,8851
1795504,192,118,1398,2004.0,352321.0,0.0,1.804502,0.570084,SGP,KHM,8851
1795505,216,118,1398,2004.0,44167.0,0.0,0.633501,1.4648290000000002,THA,KHM,8851
1795506,41,125,1398,2004.0,6049648.0,754008.0,2.234603,0.551975,CHE,LBR,8851
1795507,64,125,1398,2004.0,193127.0,0.0,1.309074,1.2627979999999999,DNK,LBR,8851
1795508,97,125,1398,2004.0,33350.0,0.0,0.72816,1.403171,HKG,LBR,8851
1795509,15,126,1398,2004.0,11091.0,0.0,1.958949,0.209296,AUT,LBY,8851
1795510,18,126,1398,2004.0,8032.0,0.0,1.242665,1.541444,BEL,LBY,8851
1795511,41,126,1398,2004.0,2681108.0,112770.0,2.234603,0.551975,CHE,LBY,8851
1795512,61,126,1398,2004.0,19065.0,0.0,2.4453099999999997,-2.331761,DEU,LBY,8851
1795513,71,126,1398,2004.0,36174.0,0.0,1.04057,1.789023,ESP,LBY,8851
1795514,81,126,1398,2004.0,18253.0,0.0,1.872987,0.734065,GBR,LBY,8851
1795515,97,126,1398,2004.0,37011.0,0.0,0.72816,1.403171,HKG,LBY,8851
1795516,111,126,1398,2004.0,17768.0,0.0,1.440372,0.676068,ITA,LBY,8851
1795517,114,126,1398,2004.0,5734.0,0.0,2.756136,0.15545,JPN,LBY,8851
1795518,121,126,1398,2004.0,54492.0,0.0,1.481275,0.7859,KOR,LBY,8851
1795519,142,126,1398,2004.0,49708.0,0.0,1.2290379999999999,-0.025372,MLT,LBY,8851
1795520,157,126,1398,2004.0,3553.0,0.0,-1.102485,-0.850282,NER,LBY,8851
1795521,162,126,1398,2004.0,2488.0,0.0,1.171327,1.6369799999999999,NLD,LBY,8851
1795522,224,126,1398,2004.0,1686.0,0.0,0.249065,1.910598,TUR,LBY,8851
1795523,231,126,1398,2004.0,14203.0,0.0,1.818327,-0.17913900000000002,USA,LBY,8851
1795524,41,136,1398,2004.0,84514.0,0.0,2.234603,0.551975,CHE,MDG,8851
1795525,43,136,1398,2004.0,14779.0,0.0,0.710603,2.017234,CHN,MDG,8851
1795526,77,136,1398,2004.0,3516039.0,2651548.0,1.57079,0.6776760000000001,FRA,MDG,8851
1795527,97,136,1398,2004.0,4080.0,0.0,0.72816,1.403171,HKG,MDG,8851
1795528,138,136,1398,2004.0,0.0,4963.0,1.183707,0.9043700000000001,MEX,MDG,8851
1795529,151,136,1398,2004.0,46848.0,0.0,-0.161262,-0.29730300000000004,MUS,MDG,8851
1795530,7,137,1398,2004.0,21552.0,0.0,-0.10993399999999999,-0.5351640000000001,ARE,MDV,8851
1795531,41,137,1398,2004.0,428746.0,0.0,2.234603,0.551975,CHE,MDV,8851
1795532,43,137,1398,2004.0,2675.0,0.0,0.710603,2.017234,CHN,MDV,8851
1795533,61,137,1398,2004.0,9189.0,0.0,2.4453099999999997,-2.331761,DEU,MDV,8851
1795534,74,137,1398,2004.0,11530.0,0.0,1.9662810000000002,1.018108,FIN,MDV,8851
1795535,81,137,1398,2004.0,34441.0,0.0,1.872987,0.734065,GBR,MDV,8851
1795536,97,137,1398,2004.0,83776.0,0.0,0.72816,1.403171,HKG,MDV,8851
1795537,104,137,1398,2004.0,109397.0,0.0,0.20872,2.817307,IND,MDV,8851
1795538,111,137,1398,2004.0,18952.0,0.0,1.440372,0.676068,ITA,MDV,8851
1795539,114,137,1398,2004.0,83245.0,0.0,2.756136,0.15545,JPN,MDV,8851
1795540,128,137,1398,2004.0,3415.0,0.0,-0.42450299999999996,0.173518,LKA,MDV,8851
1795541,153,137,1398,2004.0,13969.0,0.0,1.250098,0.352379,MYS,MDV,8851
1795542,168,137,1398,2004.0,6762.0,0.0,-0.7489600000000001,0.22493200000000002,PAK,MDV,8851
1795543,174,137,1398,2004.0,5639.0,0.0,0.288786,-0.25348699999999996,PHL,MDV,8851
1795544,192,137,1398,2004.0,2758862.0,0.0,1.804502,0.570084,SGP,MDV,8851
1795545,216,137,1398,2004.0,32047.0,0.0,0.633501,1.4648290000000002,THA,MDV,8851
1795546,231,137,1398,2004.0,3451.0,0.0,1.818327,-0.17913900000000002,USA,MDV,8851
1795547,41,143,1398,2004.0,1337.0,0.0,2.234603,0.551975,CHE,MMR,8851
1795548,43,143,1398,2004.0,2000.0,0.0,0.710603,2.017234,CHN,MMR,8851
1795549,97,143,1398,2004.0,49453.0,0.0,0.72816,1.403171,HKG,MMR,8851
1795550,121,143,1398,2004.0,85790.0,0.0,1.481275,0.7859,KOR,MMR,8851
1795551,192,143,1398,2004.0,2003806.0,0.0,1.804502,0.570084,SGP,MMR,8851
1795552,216,143,1398,2004.0,42280.0,0.0,0.633501,1.4648290000000002,THA,MMR,8851
1795553,41,145,1398,2004.0,48158.0,0.0,2.234603,0.551975,CHE,MNG,8851
1795554,43,145,1398,2004.0,38881.0,0.0,0.710603,2.017234,CHN,MNG,8851
1795555,61,145,1398,2004.0,8930.0,0.0,2.4453099999999997,-2.331761,DEU,MNG,8851
1795556,97,145,1398,2004.0,61752.0,0.0,0.72816,1.403171,HKG,MNG,8851
1795557,104,145,1398,2004.0,1976.0,0.0,0.20872,2.817307,IND,MNG,8851
1795558,121,145,1398,2004.0,1338.0,0.0,1.481275,0.7859,KOR,MNG,8851
1795559,177,145,1398,2004.0,20351.0,0.0,0.989568,1.49055,POL,MNG,8851
1795560,186,145,1398,2004.0,4302.0,0.0,0.422803,0.017524,RUS,MNG,8851
1795561,192,145,1398,2004.0,24667.0,0.0,1.804502,0.570084,SGP,MNG,8851
1795562,43,154,1398,2004.0,1154.0,0.0,0.710603,2.017234,CHN,MYT,8851
1795563,77,154,1398,2004.0,18349.0,0.0,1.57079,0.6776760000000001,FRA,MYT,8851
1795564,114,154,1398,2004.0,9611.0,0.0,2.756136,0.15545,JPN,MYT,8851
1795565,188,154,1398,2004.0,1264.0,0.0,0.361324,-0.760732,SAU,MYT,8851
1795566,41,164,1398,2004.0,698611.0,0.0,2.234603,0.551975,CHE,NPL,8851
1795567,43,164,1398,2004.0,313651.0,0.0,0.710603,2.017234,CHN,NPL,8851
1795568,71,164,1398,2004.0,1451.0,0.0,1.04057,1.789023,ESP,NPL,8851
1795569,81,164,1398,2004.0,47251.0,0.0,1.872987,0.734065,GBR,NPL,8851
1795570,97,164,1398,2004.0,3301070.0,2072.0,0.72816,1.403171,HKG,NPL,8851
1795571,104,164,1398,2004.0,74013.0,0.0,0.20872,2.817307,IND,NPL,8851
1795572,121,164,1398,2004.0,61500.0,0.0,1.481275,0.7859,KOR,NPL,8851
1795573,192,164,1398,2004.0,50207.0,0.0,1.804502,0.570084,SGP,NPL,8851
1795574,249,164,1398,2004.0,3680.0,0.0,1.8844150000000002,1.257951,TWN,NPL,8851
1795575,14,182,1398,2004.0,21678.0,0.0,-0.198735,0.81543,AUS,PYF,8851
1795576,41,182,1398,2004.0,31321.0,2437.0,2.234603,0.551975,CHE,PYF,8851
1795577,43,182,1398,2004.0,150838.0,0.0,0.710603,2.017234,CHN,PYF,8851
1795578,74,182,1398,2004.0,4761.0,0.0,1.9662810000000002,1.018108,FIN,PYF,8851
1795579,77,182,1398,2004.0,326718.0,1320.0,1.57079,0.6776760000000001,FRA,PYF,8851
1795580,81,182,1398,2004.0,4248.0,0.0,1.872987,0.734065,GBR,PYF,8851
1795581,97,182,1398,2004.0,65354.0,0.0,0.72816,1.403171,HKG,PYF,8851
1795582,111,182,1398,2004.0,6794.0,0.0,1.440372,0.676068,ITA,PYF,8851
1795583,114,182,1398,2004.0,22467.0,0.0,2.756136,0.15545,JPN,PYF,8851
1795584,121,182,1398,2004.0,8382.0,0.0,1.481275,0.7859,KOR,PYF,8851
1795585,153,182,1398,2004.0,12532.0,0.0,1.250098,0.352379,MYS,PYF,8851
1795586,166,182,1398,2004.0,13963.0,0.0,0.44099099999999997,0.968326,NZL,PYF,8851
1795587,174,182,1398,2004.0,10868.0,0.0,0.288786,-0.25348699999999996,PHL,PYF,8851
1795588,192,182,1398,2004.0,9322.0,2660.0,1.804502,0.570084,SGP,PYF,8851
1795589,216,182,1398,2004.0,7412.0,0.0,0.633501,1.4648290000000002,THA,PYF,8851
1795590,231,182,1398,2004.0,170054.0,0.0,1.818327,-0.17913900000000002,USA,PYF,8851
1795591,249,182,1398,2004.0,4012.0,0.0,1.8844150000000002,1.257951,TWN,PYF,8851
1795592,116,199,1398,2004.0,2679.0,0.0,-0.565597,0.182375,KEN,SOM,8851
1795593,7,211,1398,2004.0,4241.0,0.0,-0.10993399999999999,-0.5351640000000001,ARE,SYC,8851
1795594,41,211,1398,2004.0,31110.0,0.0,2.234603,0.551975,CHE,SYC,8851
1795595,71,211,1398,2004.0,18102.0,0.0,1.04057,1.789023,ESP,SYC,8851
1795596,77,211,1398,2004.0,14469.0,0.0,1.57079,0.6776760000000001,FRA,SYC,8851
1795597,81,211,1398,2004.0,40108.0,4584.0,1.872987,0.734065,GBR,SYC,8851
1795598,97,211,1398,2004.0,5957.0,3528.0,0.72816,1.403171,HKG,SYC,8851
1795599,111,211,1398,2004.0,9385.0,0.0,1.440372,0.676068,ITA,SYC,8851
1795600,114,211,1398,2004.0,12180.0,0.0,2.756136,0.15545,JPN,SYC,8851
1795601,192,211,1398,2004.0,46395.0,0.0,1.804502,0.570084,SGP,SYC,8851
1795602,246,211,1398,2004.0,2928.0,0.0,0.29599699999999995,1.909018,ZAF,SYC,8851
1795603,7,215,1398,2004.0,7272.0,0.0,-0.10993399999999999,-0.5351640000000001,ARE,TGO,8851
1795604,19,215,1398,2004.0,0.0,2633.0,-1.422449,-1.09615,BEN,TGO,8851
1795605,21,215,1398,2004.0,0.0,4483.0,-1.118427,-1.091315,BFA,TGO,8851
1795606,41,215,1398,2004.0,2005.0,0.0,2.234603,0.551975,CHE,TGO,8851
1795607,43,215,1398,2004.0,26315.0,0.0,0.710603,2.017234,CHN,TGO,8851
1795608,77,215,1398,2004.0,35646.0,0.0,1.57079,0.6776760000000001,FRA,TGO,8851
1795609,81,215,1398,2004.0,266914.0,0.0,1.872987,0.734065,GBR,TGO,8851
1795610,97,215,1398,2004.0,520234.0,0.0,0.72816,1.403171,HKG,TGO,8851
1795611,231,215,1398,2004.0,27077.0,0.0,1.818327,-0.17913900000000002,USA,TGO,8851
1795612,15,217,1398,2004.0,328776.0,0.0,1.958949,0.209296,AUT,TJK,8851
1795613,43,217,1398,2004.0,1200.0,0.0,0.710603,2.017234,CHN,TJK,8851
1795614,107,217,1398,2004.0,2712.0,0.0,-0.6691699999999999,-1.002548,IRN,TJK,8851
1795615,162,217,1398,2004.0,18661.0,0.0,1.171327,1.6369799999999999,NLD,TJK,8851
1795616,186,217,1398,2004.0,25039.0,0.0,0.422803,0.017524,RUS,TJK,8851
1795617,32,2,1398,2004.0,17135.0,0.0,0.504233,1.567879,BRA,AGO,8851
1795618,41,2,1398,2004.0,207383.0,0.0,2.234603,0.551975,CHE,AGO,8851
1795619,43,2,1398,2004.0,23211.0,0.0,0.710603,2.017234,CHN,AGO,8851
1795620,61,2,1398,2004.0,10062.0,0.0,2.4453099999999997,-2.331761,DEU,AGO,8851
1795621,77,2,1398,2004.0,267387.0,0.0,1.57079,0.6776760000000001,FRA,AGO,8851
1795622,97,2,1398,2004.0,1056907.0,0.0,0.72816,1.403171,HKG,AGO,8851
1795623,111,2,1398,2004.0,6037.0,0.0,1.440372,0.676068,ITA,AGO,8851
1795624,121,2,1398,2004.0,1402.0,0.0,1.481275,0.7859,KOR,AGO,8851
1795625,155,2,1398,2004.0,26111.0,0.0,-0.408989,-0.462016,NAM,AGO,8851
1795626,162,2,1398,2004.0,44788.0,0.0,1.171327,1.6369799999999999,NLD,AGO,8851
1795627,179,2,1398,2004.0,453084.0,0.0,0.705075,1.7268729999999999,PRT,AGO,8851
1795628,231,2,1398,2004.0,48057.0,0.0,1.818327,-0.17913900000000002,USA,AGO,8851
1795629,246,2,1398,2004.0,83783.0,0.0,0.29599699999999995,1.909018,ZAF,AGO,8851
1795630,18,46,1398,2004.0,233416.0,0.0,1.242665,1.541444,BEL,COD,8851
1795631,41,46,1398,2004.0,205994.0,0.0,2.234603,0.551975,CHE,COD,8851
1795632,71,46,1398,2004.0,0.0,1214.0,1.04057,1.789023,ESP,COD,8851
1795633,77,46,1398,2004.0,29848.0,0.0,1.57079,0.6776760000000001,FRA,COD,8851
1795634,81,46,1398,2004.0,58013.0,0.0,1.872987,0.734065,GBR,COD,8851
1795635,97,46,1398,2004.0,2336362.0,0.0,0.72816,1.403171,HKG,COD,8851
1795636,246,46,1398,2004.0,7134.0,0.0,0.29599699999999995,1.909018,ZAF,COD,8851
1795637,43,51,1398,2004.0,2107.0,0.0,0.710603,2.017234,CHN,CPV,8851
1795638,97,51,1398,2004.0,5212.0,0.0,0.72816,1.403171,HKG,CPV,8851
1795639,114,51,1398,2004.0,0.0,19240.0,2.756136,0.15545,JPN,CPV,8851
1795640,179,51,1398,2004.0,31639.0,0.0,0.705075,1.7268729999999999,PRT,CPV,8851
1795641,43,78,1398,2004.0,8093.0,0.0,0.710603,2.017234,CHN,FRO,8851
1795642,61,78,1398,2004.0,2863.0,0.0,2.4453099999999997,-2.331761,DEU,FRO,8851
1795643,64,78,1398,2004.0,51692.0,0.0,1.309074,1.2627979999999999,DNK,FRO,8851
1795644,81,78,1398,2004.0,1124.0,0.0,1.872987,0.734065,GBR,FRO,8851
1795645,97,78,1398,2004.0,46286.0,0.0,0.72816,1.403171,HKG,FRO,8851
1795646,111,78,1398,2004.0,5132.0,0.0,1.440372,0.676068,ITA,FRO,8851
1795647,114,78,1398,2004.0,38449.0,0.0,2.756136,0.15545,JPN,FRO,8851
1795648,208,78,1398,2004.0,3226.0,0.0,2.105611,0.707843,SWE,FRO,8851
1795649,250,78,1398,2004.0,19724.0,0.0,0.46240200000000004,-0.406624,ANS,FRO,8851
1795650,41,89,1398,2004.0,135819.0,0.0,2.234603,0.551975,CHE,GNQ,8851
1795651,71,89,1398,2004.0,9502.0,0.0,1.04057,1.789023,ESP,GNQ,8851
1795652,231,89,1398,2004.0,21006.0,0.0,1.818327,-0.17913900000000002,USA,GNQ,8851
1795653,41,101,1398,2004.0,280596.0,0.0,2.234603,0.551975,CHE,HTI,8851
1795654,77,101,1398,2004.0,21142.0,0.0,1.57079,0.6776760000000001,FRA,HTI,8851
1795655,138,101,1398,2004.0,0.0,1399.0,1.183707,0.9043700000000001,MEX,HTI,8851
1795656,231,101,1398,2004.0,59611.0,0.0,1.818327,-0.17913900000000002,USA,HTI,8851
1795657,14,156,1398,2004.0,184277.0,0.0,-0.198735,0.81543,AUS,NCL,8851
1795658,41,156,1398,2004.0,17788.0,0.0,2.234603,0.551975,CHE,NCL,8851
1795659,43,156,1398,2004.0,51865.0,0.0,0.710603,2.017234,CHN,NCL,8851
1795660,61,156,1398,2004.0,6116.0,0.0,2.4453099999999997,-2.331761,DEU,NCL,8851
1795661,74,156,1398,2004.0,2847.0,0.0,1.9662810000000002,1.018108,FIN,NCL,8851
1795662,77,156,1398,2004.0,418797.0,0.0,1.57079,0.6776760000000001,FRA,NCL,8851
1795663,97,156,1398,2004.0,141543.0,0.0,0.72816,1.403171,HKG,NCL,8851
1795664,103,156,1398,2004.0,5437.0,0.0,0.010095999999999999,1.7413779999999999,IDN,NCL,8851
1795665,114,156,1398,2004.0,126810.0,0.0,2.756136,0.15545,JPN,NCL,8851
1795666,162,156,1398,2004.0,1745.0,0.0,1.171327,1.6369799999999999,NLD,NCL,8851
1795667,166,156,1398,2004.0,95058.0,0.0,0.44099099999999997,0.968326,NZL,NCL,8851
1795668,174,156,1398,2004.0,4031.0,0.0,0.288786,-0.25348699999999996,PHL,NCL,8851
1795669,192,156,1398,2004.0,104055.0,0.0,1.804502,0.570084,SGP,NCL,8851
1795670,216,156,1398,2004.0,4423.0,11933.0,0.633501,1.4648290000000002,THA,NCL,8851
1795671,231,156,1398,2004.0,12174.0,0.0,1.818327,-0.17913900000000002,USA,NCL,8851
1795672,249,156,1398,2004.0,5580.0,0.0,1.8844150000000002,1.257951,TWN,NCL,8851
1795673,41,181,1398,2004.0,2631358.0,0.0,2.234603,0.551975,CHE,PSE,8851
1795674,41,196,1398,2004.0,87165.0,0.0,2.234603,0.551975,CHE,SLE,8851
1795675,73,196,1398,2004.0,0.0,5449.0,-1.202444,-0.8973120000000001,ETH,SLE,8851
1795676,97,196,1398,2004.0,0.0,718393.0,0.72816,1.403171,HKG,SLE,8851
1795677,162,196,1398,2004.0,14929.0,0.0,1.171327,1.6369799999999999,NLD,SLE,8851
1795678,231,196,1398,2004.0,30000.0,0.0,1.818327,-0.17913900000000002,USA,SLE,8851
1795679,246,196,1398,2004.0,15480.0,0.0,0.29599699999999995,1.909018,ZAF,SLE,8851
1795680,41,232,1398,2004.0,3525858.0,0.0,2.234603,0.551975,CHE,UZB,8851
1795681,61,232,1398,2004.0,480570.0,0.0,2.4453099999999997,-2.331761,DEU,UZB,8851
1795682,81,232,1398,2004.0,9574.0,0.0,1.872987,0.734065,GBR,UZB,8851
1795683,97,232,1398,2004.0,0.0,1032546.0,0.72816,1.403171,HKG,UZB,8851
1795684,107,232,1398,2004.0,1902.0,0.0,-0.6691699999999999,-1.002548,IRN,UZB,8851
1795685,121,232,1398,2004.0,2275.0,0.0,1.481275,0.7859,KOR,UZB,8851
1795686,8,250,1398,2004.0,0.0,32931.0,-0.070845,0.879574,ARG,ANS,8851
1795687,9,250,1398,2004.0,8563.0,0.0,0.497276,-0.226016,ARM,ANS,8851
1795688,14,250,1398,2004.0,16733.0,1681.0,-0.198735,0.81543,AUS,ANS,8851
1795689,18,250,1398,2004.0,7386.0,0.0,1.242665,1.541444,BEL,ANS,8851
1795690,24,250,1398,2004.0,1719623.0,0.0,-0.551237,-1.174628,BHR,ANS,8851
1795691,25,250,1398,2004.0,0.0,97756.0,0.029548,-0.692239,BHS,ANS,8851
1795692,28,250,1398,2004.0,7701.0,0.0,0.9384239999999999,0.9708690000000001,BLR,ANS,8851
1795693,31,250,1398,2004.0,0.0,2753.0,-0.841087,-0.770059,BOL,ANS,8851
1795694,42,250,1398,2004.0,0.0,89434.0,-0.24101399999999998,-0.303103,CHL,ANS,8851
1795695,49,250,1398,2004.0,0.0,619575.0,0.044706,0.514304,COL,ANS,8851
1795696,58,250,1398,2004.0,19774.0,0.0,0.42732200000000004,0.811763,CYP,ANS,8851
1795697,59,250,1398,2004.0,102292.0,131446.0,1.612543,0.607495,CZE,ANS,8851
1795698,61,250,1398,2004.0,23817022.0,8580324.0,2.4453099999999997,-2.331761,DEU,ANS,8851
1795699,64,250,1398,2004.0,16527.0,0.0,1.309074,1.2627979999999999,DNK,ANS,8851
1795700,65,250,1398,2004.0,18367.0,0.0,-0.24909699999999999,-0.326783,DOM,ANS,8851
1795701,66,250,1398,2004.0,0.0,10550.0,-1.166661,-1.2240879999999998,DZA,ANS,8851
1795702,71,250,1398,2004.0,3274889.0,0.0,1.04057,1.789023,ESP,ANS,8851
1795703,72,250,1398,2004.0,0.0,34634.0,0.645741,1.035117,EST,ANS,8851
1795704,75,250,1398,2004.0,4692.0,0.0,-0.793333,-0.27460100000000004,FJI,ANS,8851
1795705,77,250,1398,2004.0,266100.0,158105.0,1.57079,0.6776760000000001,FRA,ANS,8851
1795706,78,250,1398,2004.0,0.0,19724.0,-1.127967,-1.002561,FRO,ANS,8851
1795707,90,250,1398,2004.0,1674.0,0.0,0.298029,1.745886,GRC,ANS,8851
1795708,93,250,1398,2004.0,109081.0,11355.0,-0.39399,0.139128,GTM,ANS,8851
1795709,97,250,1398,2004.0,2067741.0,0.0,0.72816,1.403171,HKG,ANS,8851
1795710,104,250,1398,2004.0,74210.0,0.0,0.20872,2.817307,IND,ANS,8851
1795711,106,250,1398,2004.0,12164.0,232011.0,1.498475,0.19050799999999998,IRL,ANS,8851
1795712,110,250,1398,2004.0,48000.0,0.0,1.252895,0.8662770000000001,ISR,ANS,8851
1795713,111,250,1398,2004.0,2938971.0,37975.0,1.440372,0.676068,ITA,ANS,8851
1795714,113,250,1398,2004.0,586806.0,0.0,0.16384200000000002,0.34270100000000003,JOR,ANS,8851
1795715,116,250,1398,2004.0,5657.0,12582.0,-0.565597,0.182375,KEN,ANS,8851
1795716,124,250,1398,2004.0,0.0,271421.0,0.269753,1.3152979999999999,LBN,ANS,8851
1795717,130,250,1398,2004.0,10238.0,0.0,0.341521,0.7971560000000001,LTU,ANS,8851
1795718,132,250,1398,2004.0,0.0,5390.0,0.415001,0.8476809999999999,LVA,ANS,8851
1795719,134,250,1398,2004.0,213351.0,0.0,-0.626594,-0.22253499999999998,MAR,ANS,8851
1795720,138,250,1398,2004.0,800237.0,0.0,1.183707,0.9043700000000001,MEX,ANS,8851
1795721,155,250,1398,2004.0,0.0,1758.0,-0.408989,-0.462016,NAM,ANS,8851
1795722,157,250,1398,2004.0,3600.0,0.0,-1.102485,-0.850282,NER,ANS,8851
1795723,162,250,1398,2004.0,2029.0,27610.0,1.171327,1.6369799999999999,NLD,ANS,8851
1795724,166,250,1398,2004.0,0.0,2106.0,0.44099099999999997,0.968326,NZL,ANS,8851
1795725,168,250,1398,2004.0,0.0,1084.0,-0.7489600000000001,0.22493200000000002,PAK,ANS,8851
1795726,169,250,1398,2004.0,0.0,4265434.0,0.054997000000000004,0.440416,PAN,ANS,8851
1795727,177,250,1398,2004.0,191977.0,3064.0,0.989568,1.49055,POL,ANS,8851
1795728,185,250,1398,2004.0,183250.0,12980.0,0.53925,1.145066,ROU,ANS,8851
1795729,186,250,1398,2004.0,134790.0,7740.0,0.422803,0.017524,RUS,ANS,8851
1795730,188,250,1398,2004.0,0.0,290055.0,0.361324,-0.760732,SAU,ANS,8851
1795731,189,250,1398,2004.0,0.0,19443.0,0.544686,2.418024,SCG,ANS,8851
1795732,192,250,1398,2004.0,10565.0,154887.0,1.804502,0.570084,SGP,ANS,8851
1795733,206,250,1398,2004.0,0.0,588461.0,1.2683149999999999,0.9208620000000001,SVK,ANS,8851
1795734,207,250,1398,2004.0,0.0,138701.0,1.700677,0.829765,SVN,ANS,8851
1795735,223,250,1398,2004.0,86249.0,0.0,-0.125092,0.370625,TUN,ANS,8851
1795736,224,250,1398,2004.0,1456652.0,0.0,0.249065,1.910598,TUR,ANS,8851
1795737,236,250,1398,2004.0,0.0,2437.0,-0.41193900000000006,-0.9578899999999999,VEN,ANS,8851
1795738,241,250,1398,2004.0,0.0,7753.0,2.237209,0.203692,WLF,ANS,8851
1795739,246,250,1398,2004.0,0.0,102716.0,0.29599699999999995,1.909018,ZAF,ANS,8851
1795740,248,250,1398,2004.0,0.0,15225.0,-0.44064799999999993,0.01704,ZWE,ANS,8851
1795741,249,250,1398,2004.0,6555.0,5942.0,1.8844150000000002,1.257951,TWN,ANS,8851
1795742,41,84,1398,2004.0,1230808.0,6337.0,2.234603,0.551975,CHE,GIB,8851
1795743,61,84,1398,2004.0,0.0,48487.0,2.4453099999999997,-2.331761,DEU,GIB,8851
1795744,71,84,1398,2004.0,2904422.0,4404.0,1.04057,1.789023,ESP,GIB,8851
1795745,77,84,1398,2004.0,33579.0,2416.0,1.57079,0.6776760000000001,FRA,GIB,8851
1795746,81,84,1398,2004.0,541164.0,153316.0,1.872987,0.734065,GBR,GIB,8851
1795747,97,84,1398,2004.0,7723.0,664815.0,0.72816,1.403171,HKG,GIB,8851
1795748,110,84,1398,2004.0,0.0,12399.0,1.252895,0.8662770000000001,ISR,GIB,8851
1795749,111,84,1398,2004.0,58721.0,29637.0,1.440372,0.676068,ITA,GIB,8851
1795750,231,84,1398,2004.0,7898.0,0.0,1.818327,-0.17913900000000002,USA,GIB,8851
1795751,166,221,1398,2004.0,2547.0,0.0,0.44099099999999997,0.968326,NZL,TON,8851
1795752,231,221,1398,2004.0,2046.0,0.0,1.818327,-0.17913900000000002,USA,TON,8851
1795753,41,242,1398,2004.0,27722.0,0.0,2.234603,0.551975,CHE,WSM,8851
1795754,75,242,1398,2004.0,1272.0,0.0,-0.793333,-0.27460100000000004,FJI,WSM,8851
1795755,166,242,1398,2004.0,7868.0,0.0,0.44099099999999997,0.968326,NZL,WSM,8851
1795756,59,10,1398,2004.0,0.0,11368.0,1.612543,0.607495,CZE,ASM,8851
1795757,77,10,1398,2004.0,31092.0,0.0,1.57079,0.6776760000000001,FRA,ASM,8851
1795758,166,10,1398,2004.0,5770.0,0.0,0.44099099999999997,0.968326,NZL,ASM,8851
1795759,39,30,1398,2004.0,13925.0,2270.0,0.781591,1.365966,CAN,BMU,8851
1795760,41,30,1398,2004.0,4291903.0,12011.0,2.234603,0.551975,CHE,BMU,8851
1795761,61,30,1398,2004.0,30110.0,0.0,2.4453099999999997,-2.331761,DEU,BMU,8851
1795762,71,30,1398,2004.0,5415.0,0.0,1.04057,1.789023,ESP,BMU,8851
1795763,77,30,1398,2004.0,17411.0,0.0,1.57079,0.6776760000000001,FRA,BMU,8851
1795764,81,30,1398,2004.0,4205.0,1107.0,1.872987,0.734065,GBR,BMU,8851
1795765,106,30,1398,2004.0,5473.0,0.0,1.498475,0.19050799999999998,IRL,BMU,8851
1795766,111,30,1398,2004.0,27809.0,0.0,1.440372,0.676068,ITA,BMU,8851
1795767,231,30,1398,2004.0,1208735.0,0.0,1.818327,-0.17913900000000002,USA,BMU,8851
1795768,246,30,1398,2004.0,3178.0,0.0,0.29599699999999995,1.909018,ZAF,BMU,8851
1795769,166,48,1398,2004.0,33808.0,0.0,0.44099099999999997,0.968326,NZL,COK,8851
1795770,25,57,1398,2004.0,3281.0,0.0,0.029548,-0.692239,BHS,CYM,8851
1795771,39,57,1398,2004.0,0.0,2006.0,0.781591,1.365966,CAN,CYM,8851
1795772,41,57,1398,2004.0,13453037.0,0.0,2.234603,0.551975,CHE,CYM,8851
1795773,61,57,1398,2004.0,167106.0,23675.0,2.4453099999999997,-2.331761,DEU,CYM,8851
1795774,77,57,1398,2004.0,8706.0,0.0,1.57079,0.6776760000000001,FRA,CYM,8851
1795775,106,57,1398,2004.0,8429.0,0.0,1.498475,0.19050799999999998,IRL,CYM,8851
1795776,111,57,1398,2004.0,2471.0,0.0,1.440372,0.676068,ITA,CYM,8851
1795777,231,57,1398,2004.0,5898353.0,0.0,1.818327,-0.17913900000000002,USA,CYM,8851
1795778,41,69,1398,2004.0,7368.0,0.0,2.234603,0.551975,CHE,ERI,8851
1795779,74,69,1398,2004.0,5819.0,0.0,1.9662810000000002,1.018108,FIN,ERI,8851
1795780,77,69,1398,2004.0,3731.0,0.0,1.57079,0.6776760000000001,FRA,ERI,8851
1795781,95,79,1398,2004.0,1360.0,0.0,0.136164,-0.616118,GUM,FSM,8851
1795782,97,79,1398,2004.0,22732.0,0.0,0.72816,1.403171,HKG,FSM,8851
1795783,114,79,1398,2004.0,5828.0,0.0,2.756136,0.15545,JPN,FSM,8851
1795784,121,79,1398,2004.0,12105.0,0.0,1.481275,0.7859,KOR,FSM,8851
1795785,174,79,1398,2004.0,1419.0,0.0,0.288786,-0.25348699999999996,PHL,FSM,8851
1795786,192,79,1398,2004.0,1497.0,0.0,1.804502,0.570084,SGP,FSM,8851
1795787,231,79,1398,2004.0,14401.0,0.0,1.818327,-0.17913900000000002,USA,FSM,8851
1795788,14,95,1398,2004.0,14795.0,0.0,-0.198735,0.81543,AUS,GUM,8851
1795789,77,95,1398,2004.0,8706.0,0.0,1.57079,0.6776760000000001,FRA,GUM,8851
1795790,79,95,1398,2004.0,0.0,1360.0,-1.155942,-1.049955,FSM,GUM,8851
1795791,97,95,1398,2004.0,7608056.0,7706.0,0.72816,1.403171,HKG,GUM,8851
1795792,111,95,1398,2004.0,44015.0,0.0,1.440372,0.676068,ITA,GUM,8851
1795793,114,95,1398,2004.0,25213.0,1775.0,2.756136,0.15545,JPN,GUM,8851
1795794,192,95,1398,2004.0,1208534.0,0.0,1.804502,0.570084,SGP,GUM,8851
1795795,15,105,1398,2004.0,327539.0,0.0,1.958949,0.209296,AUT,IOT,8851
1795796,75,119,1398,2004.0,4031.0,0.0,-0.793333,-0.27460100000000004,FJI,KIR,8851
1795797,81,123,1398,2004.0,11430.0,0.0,1.872987,0.734065,GBR,LAO,8851
1795798,97,123,1398,2004.0,22094.0,0.0,0.72816,1.403171,HKG,LAO,8851
1795799,104,123,1398,2004.0,13037.0,0.0,0.20872,2.817307,IND,LAO,8851
1795800,121,123,1398,2004.0,4679.0,0.0,1.481275,0.7859,KOR,LAO,8851
1795801,192,123,1398,2004.0,122503.0,0.0,1.804502,0.570084,SGP,LAO,8851
1795802,246,129,1398,2004.0,241958.0,0.0,0.29599699999999995,1.909018,ZAF,LSO,8851
1795803,41,139,1398,2004.0,1580281.0,0.0,2.234603,0.551975,CHE,MHL,8851
1795804,114,139,1398,2004.0,13513.0,0.0,2.756136,0.15545,JPN,MHL,8851
1795805,41,146,1398,2004.0,12910.0,0.0,2.234603,0.551975,CHE,MNP,8851
1795806,77,146,1398,2004.0,6218.0,0.0,1.57079,0.6776760000000001,FRA,MNP,8851
1795807,97,146,1398,2004.0,308202.0,0.0,0.72816,1.403171,HKG,MNP,8851
1795808,121,146,1398,2004.0,5210.0,0.0,1.481275,0.7859,KOR,MNP,8851
1795809,192,146,1398,2004.0,300008.0,0.0,1.804502,0.570084,SGP,MNP,8851
1795810,166,158,1398,2004.0,29318.0,0.0,0.44099099999999997,0.968326,NZL,NFK,8851
1795811,61,171,1398,2004.0,93076.0,0.0,2.4453099999999997,-2.331761,DEU,PCN,8851
1795812,163,171,1398,2004.0,2269.0,0.0,0.731175,-0.0655,NOR,PCN,8851
1795813,249,175,1398,2004.0,1094.0,0.0,1.8844150000000002,1.257951,TWN,PLW,8851
1795814,81,194,1398,2004.0,2565.0,0.0,1.872987,0.734065,GBR,SHN,8851
1795815,176,194,1398,2004.0,0.0,2227.0,-1.57259,-1.215066,PNG,SHN,8851
1795816,231,194,1398,2004.0,0.0,1464.0,1.818327,-0.17913900000000002,USA,SHN,8851
1795817,246,194,1398,2004.0,3762.0,0.0,0.29599699999999995,1.909018,ZAF,SHN,8851
1795818,14,220,1398,2004.0,1446.0,10242.0,-0.198735,0.81543,AUS,TLS,8851
1795819,41,220,1398,2004.0,77959.0,0.0,2.234603,0.551975,CHE,TLS,8851
1795820,43,220,1398,2004.0,2451.0,0.0,0.710603,2.017234,CHN,TLS,8851
1795821,61,220,1398,2004.0,16996.0,0.0,2.4453099999999997,-2.331761,DEU,TLS,8851
1795822,192,220,1398,2004.0,2176.0,0.0,1.804502,0.570084,SGP,TLS,8851
1795823,75,225,1398,2004.0,5784.0,0.0,-0.793333,-0.27460100000000004,FJI,TUV,8851
1795824,41,229,1398,2004.0,11846849.0,0.0,2.234603,0.551975,CHE,UMI,8851
1795825,14,240,1398,2004.0,159445.0,0.0,-0.198735,0.81543,AUS,VUT,8851
1795826,97,240,1398,2004.0,34053.0,0.0,0.72816,1.403171,HKG,VUT,8851
1795827,166,240,1398,2004.0,58048.0,0.0,0.44099099999999997,0.968326,NZL,VUT,8851
1795828,192,240,1398,2004.0,20914.0,0.0,1.804502,0.570084,SGP,VUT,8851
1795829,77,241,1398,2004.0,11085.0,0.0,1.57079,0.6776760000000001,FRA,WLF,8851
1795830,114,241,1398,2004.0,1343.0,0.0,2.756136,0.15545,JPN,WLF,8851
1795831,250,241,1398,2004.0,7753.0,0.0,0.46240200000000004,-0.406624,ANS,WLF,8851
1795832,179,88,1398,2004.0,1545.0,0.0,0.705075,1.7268729999999999,PRT,GNB,8851
1795833,64,92,1398,2004.0,141982.0,0.0,1.309074,1.2627979999999999,DNK,GRL,8851
1795834,208,92,1398,2004.0,7869.0,0.0,2.105611,0.707843,SWE,GRL,8851
1795835,41,198,1398,2004.0,86971.0,0.0,2.234603,0.551975,CHE,SMR,8851
1795836,71,198,1398,2004.0,9765.0,0.0,1.04057,1.789023,ESP,SMR,8851
1795837,81,198,1398,2004.0,0.0,15950.0,1.872987,0.734065,GBR,SMR,8851
1795838,97,198,1398,2004.0,32324.0,0.0,0.72816,1.403171,HKG,SMR,8851
1795839,231,198,1398,2004.0,157059.0,0.0,1.818327,-0.17913900000000002,USA,SMR,8851
1795840,77,218,1398,2004.0,34823.0,0.0,1.57079,0.6776760000000001,FRA,TKL,8851
1795841,77,200,1398,2004.0,12436.0,0.0,1.57079,0.6776760000000001,FRA,SPM,8851
1795842,41,213,1398,2004.0,1182671.0,0.0,2.234603,0.551975,CHE,TCA,8851
1795843,77,213,1398,2004.0,8706.0,0.0,1.57079,0.6776760000000001,FRA,TCA,8851
1795844,231,213,1398,2004.0,345425.0,155703.0,1.818327,-0.17913900000000002,USA,TCA,8851
1795845,81,76,1398,2004.0,22197.0,0.0,1.872987,0.734065,GBR,FLK,8851
1795846,18,6,1412,2004.0,7193.0,0.0,1.242665,1.541444,BEL,ANT,8947
1795847,33,6,1412,2004.0,0.0,45613.0,0.644308,0.290054,BRB,ANT,8947
1795848,39,6,1412,2004.0,1616.0,0.0,0.781591,1.365966,CAN,ANT,8947
1795849,43,6,1412,2004.0,21837.0,0.0,0.710603,2.017234,CHN,ANT,8947
1795850,49,6,1412,2004.0,1860.0,0.0,0.044706,0.514304,COL,ANT,8947
1795851,61,6,1412,2004.0,57342.0,0.0,2.4453099999999997,-2.331761,DEU,ANT,8947
1795852,71,6,1412,2004.0,3346.0,0.0,1.04057,1.789023,ESP,ANT,8947
1795853,77,6,1412,2004.0,166651.0,9248.0,1.57079,0.6776760000000001,FRA,ANT,8947
1795854,111,6,1412,2004.0,139147.0,0.0,1.440372,0.676068,ITA,ANT,8947
1795855,112,6,1412,2004.0,0.0,1089.0,-0.505365,-0.9596120000000001,JAM,ANT,8947
1795856,120,6,1412,2004.0,0.0,2085.0,0.5528109999999999,-0.342657,KNA,ANT,8947
1795857,162,6,1412,2004.0,470268.0,15387.0,1.171327,1.6369799999999999,NLD,ANT,8947
1795858,168,6,1412,2004.0,16643.0,0.0,-0.7489600000000001,0.22493200000000002,PAK,ANT,8947
1795859,216,6,1412,2004.0,18968.0,0.0,0.633501,1.4648290000000002,THA,ANT,8947
1795860,231,6,1412,2004.0,566913.0,2566.0,1.818327,-0.17913900000000002,USA,ANT,8947
1795861,234,6,1412,2004.0,0.0,3472.0,-0.706188,-0.9244120000000001,VCT,ANT,8947
1795862,236,6,1412,2004.0,19837.0,1531.0,-0.41193900000000006,-0.9578899999999999,VEN,ANT,8947
1795863,249,6,1412,2004.0,29230.0,0.0,1.8844150000000002,1.257951,TWN,ANT,8947
1795864,7,8,1412,2004.0,1232.0,16898.0,-0.10993399999999999,-0.5351640000000001,ARE,ARG,8947
1795865,14,8,1412,2004.0,22053.0,98947.0,-0.198735,0.81543,AUS,ARG,8947
1795866,15,8,1412,2004.0,339285.0,0.0,1.958949,0.209296,AUT,ARG,8947
1795867,18,8,1412,2004.0,26684.0,0.0,1.242665,1.541444,BEL,ARG,8947
1795868,25,8,1412,2004.0,0.0,2297.0,0.029548,-0.692239,BHS,ARG,8947
1795869,31,8,1412,2004.0,0.0,75702.0,-0.841087,-0.770059,BOL,ARG,8947
1795870,32,8,1412,2004.0,3596648.0,136129.0,0.504233,1.567879,BRA,ARG,8947
1795871,39,8,1412,2004.0,8318.0,17646.0,0.781591,1.365966,CAN,ARG,8947
1795872,41,8,1412,2004.0,36473.0,1725.0,2.234603,0.551975,CHE,ARG,8947
1795873,42,8,1412,2004.0,567878.0,2782891.0,-0.24101399999999998,-0.303103,CHL,ARG,8947
1795874,43,8,1412,2004.0,7390674.0,0.0,0.710603,2.017234,CHN,ARG,8947
1795875,49,8,1412,2004.0,34373.0,46956.0,0.044706,0.514304,COL,ARG,8947
1795876,52,8,1412,2004.0,0.0,26061.0,-0.036323,-0.313847,CRI,ARG,8947
1795877,59,8,1412,2004.0,27078.0,0.0,1.612543,0.607495,CZE,ARG,8947
1795878,61,8,1412,2004.0,123378.0,32135.0,2.4453099999999997,-2.331761,DEU,ARG,8947
1795879,64,8,1412,2004.0,0.0,10485.0,1.309074,1.2627979999999999,DNK,ARG,8947
1795880,65,8,1412,2004.0,10095.0,17344.0,-0.24909699999999999,-0.326783,DOM,ARG,8947
1795881,67,8,1412,2004.0,0.0,89410.0,-0.990727,-0.9383090000000001,ECU,ARG,8947
1795882,68,8,1412,2004.0,0.0,3279.0,-0.35823499999999997,0.5000100000000001,EGY,ARG,8947
1795883,71,8,1412,2004.0,389130.0,1122322.0,1.04057,1.789023,ESP,ARG,8947
1795884,72,8,1412,2004.0,4822.0,0.0,0.645741,1.035117,EST,ARG,8947
1795885,77,8,1412,2004.0,741235.0,83512.0,1.57079,0.6776760000000001,FRA,ARG,8947
1795886,81,8,1412,2004.0,51876.0,91927.0,1.872987,0.734065,GBR,ARG,8947
1795887,93,8,1412,2004.0,0.0,55195.0,-0.39399,0.139128,GTM,ARG,8947
1795888,97,8,1412,2004.0,687842.0,0.0,0.72816,1.403171,HKG,ARG,8947
1795889,102,8,1412,2004.0,0.0,1152.0,1.3579370000000002,0.9993219999999999,HUN,ARG,8947
1795890,103,8,1412,2004.0,75095.0,6843.0,0.010095999999999999,1.7413779999999999,IDN,ARG,8947
1795891,104,8,1412,2004.0,86437.0,2645.0,0.20872,2.817307,IND,ARG,8947
1795892,110,8,1412,2004.0,0.0,7058.0,1.252895,0.8662770000000001,ISR,ARG,8947
1795893,111,8,1412,2004.0,1095588.0,361130.0,1.440372,0.676068,ITA,ARG,8947
1795894,112,8,1412,2004.0,0.0,8111.0,-0.505365,-0.9596120000000001,JAM,ARG,8947
1795895,114,8,1412,2004.0,120654.0,18851.0,2.756136,0.15545,JPN,ARG,8947
1795896,121,8,1412,2004.0,462483.0,0.0,1.481275,0.7859,KOR,ARG,8947
1795897,130,8,1412,2004.0,0.0,3599.0,0.341521,0.7971560000000001,LTU,ARG,8947
1795898,138,8,1412,2004.0,31137.0,110759.0,1.183707,0.9043700000000001,MEX,ARG,8947
1795899,142,8,1412,2004.0,0.0,1076.0,1.2290379999999999,-0.025372,MLT,ARG,8947
1795900,153,8,1412,2004.0,46368.0,2478.0,1.250098,0.352379,MYS,ARG,8947
1795901,162,8,1412,2004.0,91460.0,160583.0,1.171327,1.6369799999999999,NLD,ARG,8947
1795902,163,8,1412,2004.0,158551.0,2679.0,0.731175,-0.0655,NOR,ARG,8947
1795903,166,8,1412,2004.0,20436.0,15317.0,0.44099099999999997,0.968326,NZL,ARG,8947
1795904,168,8,1412,2004.0,2083442.0,0.0,-0.7489600000000001,0.22493200000000002,PAK,ARG,8947
1795905,169,8,1412,2004.0,0.0,3871.0,0.054997000000000004,0.440416,PAN,ARG,8947
1795906,173,8,1412,2004.0,0.0,69420.0,-0.609837,0.13314,PER,ARG,8947
1795907,174,8,1412,2004.0,77590.0,0.0,0.288786,-0.25348699999999996,PHL,ARG,8947
1795908,177,8,1412,2004.0,3015.0,0.0,0.989568,1.49055,POL,ARG,8947
1795909,179,8,1412,2004.0,22778.0,35095.0,0.705075,1.7268729999999999,PRT,ARG,8947
1795910,180,8,1412,2004.0,29251.0,34898.0,-0.634469,-0.870034,PRY,ARG,8947
1795911,185,8,1412,2004.0,30146.0,0.0,0.53925,1.145066,ROU,ARG,8947
1795912,186,8,1412,2004.0,0.0,2075.0,0.422803,0.017524,RUS,ARG,8947
1795913,192,8,1412,2004.0,4648.0,4953.0,1.804502,0.570084,SGP,ARG,8947
1795914,197,8,1412,2004.0,0.0,3902.0,-0.21054299999999998,0.086382,SLV,ARG,8947
1795915,207,8,1412,2004.0,18288.0,0.0,1.700677,0.829765,SVN,ARG,8947
1795916,208,8,1412,2004.0,13697.0,3249.0,2.105611,0.707843,SWE,ARG,8947
1795917,216,8,1412,2004.0,233883.0,0.0,0.633501,1.4648290000000002,THA,ARG,8947
1795918,223,8,1412,2004.0,3946.0,0.0,-0.125092,0.370625,TUN,ARG,8947
1795919,228,8,1412,2004.0,8288.0,0.0,0.672848,1.172735,UKR,ARG,8947
1795920,230,8,1412,2004.0,18814.0,105827.0,-0.051583000000000004,0.145056,URY,ARG,8947
1795921,231,8,1412,2004.0,3634981.0,1755266.0,1.818327,-0.17913900000000002,USA,ARG,8947
1795922,236,8,1412,2004.0,9504.0,24807.0,-0.41193900000000006,-0.9578899999999999,VEN,ARG,8947
1795923,239,8,1412,2004.0,39274.0,0.0,-0.46875500000000003,0.734412,VNM,ARG,8947
1795924,246,8,1412,2004.0,49385.0,6272.0,0.29599699999999995,1.909018,ZAF,ARG,8947
1795925,249,8,1412,2004.0,1251288.0,0.0,1.8844150000000002,1.257951,TWN,ARG,8947
1795926,250,8,1412,2004.0,238990.0,8075.0,0.46240200000000004,-0.406624,ANS,ARG,8947
1795927,14,13,1412,2004.0,19570.0,0.0,-0.198735,0.81543,AUS,ATG,8947
1795928,43,13,1412,2004.0,9748.0,0.0,0.710603,2.017234,CHN,ATG,8947
1795929,71,13,1412,2004.0,6223.0,0.0,1.04057,1.789023,ESP,ATG,8947
1795930,77,13,1412,2004.0,3731.0,0.0,1.57079,0.6776760000000001,FRA,ATG,8947
1795931,81,13,1412,2004.0,193232.0,0.0,1.872987,0.734065,GBR,ATG,8947
1795932,96,13,1412,2004.0,0.0,1999.0,-0.932802,-0.9846530000000001,GUY,ATG,8947
1795933,104,13,1412,2004.0,3173.0,0.0,0.20872,2.817307,IND,ATG,8947
1795934,111,13,1412,2004.0,33493.0,0.0,1.440372,0.676068,ITA,ATG,8947
1795935,208,13,1412,2004.0,12751.0,0.0,2.105611,0.707843,SWE,ATG,8947
1795936,231,13,1412,2004.0,531616.0,0.0,1.818327,-0.17913900000000002,USA,ATG,8947
1795937,249,13,1412,2004.0,5030.0,0.0,1.8844150000000002,1.257951,TWN,ATG,8947
1795938,4,14,1412,2004.0,0.0,1560.0,-0.142479,0.136074,ALB,AUS,8947
1795939,5,14,1412,2004.0,0.0,15439.0,1.122154,0.958434,AND,AUS,8947
1795940,7,14,1412,2004.0,30566.0,995182.0,-0.10993399999999999,-0.5351640000000001,ARE,AUS,8947
1795941,8,14,1412,2004.0,98947.0,22053.0,-0.070845,0.879574,ARG,AUS,8947
1795942,13,14,1412,2004.0,0.0,19570.0,-0.28271,-0.850197,ATG,AUS,8947
1795943,15,14,1412,2004.0,2003276.0,497908.0,1.958949,0.209296,AUT,AUS,8947
1795944,16,14,1412,2004.0,0.0,1614.0,-0.720616,-1.009692,AZE,AUS,8947
1795945,18,14,1412,2004.0,272757.0,994380.0,1.242665,1.541444,BEL,AUS,8947
1795946,22,14,1412,2004.0,277684.0,33801.0,-1.074194,-0.9392389999999999,BGD,AUS,8947
1795947,24,14,1412,2004.0,0.0,54099.0,-0.551237,-1.174628,BHR,AUS,8947
1795948,26,14,1412,2004.0,0.0,2675.0,0.45637,0.6154470000000001,BIH,AUS,8947
1795949,28,14,1412,2004.0,3244.0,0.0,0.9384239999999999,0.9708690000000001,BLR,AUS,8947
1795950,30,14,1412,2004.0,0.0,87456.0,0.67576,-0.49529799999999996,BMU,AUS,8947
1795951,32,14,1412,2004.0,75428.0,7233.0,0.504233,1.567879,BRA,AUS,8947
1795952,33,14,1412,2004.0,0.0,3923.0,0.644308,0.290054,BRB,AUS,8947
1795953,34,14,1412,2004.0,0.0,93514.0,-0.720827,-0.964435,BRN,AUS,8947
1795954,39,14,1412,2004.0,4719662.0,1380580.0,0.781591,1.365966,CAN,AUS,8947
1795955,40,14,1412,2004.0,0.0,17706.0,1.172683,-0.278441,CCK,AUS,8947
1795956,41,14,1412,2004.0,1070665.0,144220.0,2.234603,0.551975,CHE,AUS,8947
1795957,42,14,1412,2004.0,0.0,4446.0,-0.24101399999999998,-0.303103,CHL,AUS,8947
1795958,43,14,1412,2004.0,91987384.0,473317.0,0.710603,2.017234,CHN,AUS,8947
1795959,48,14,1412,2004.0,0.0,5692.0,0.24186799999999997,-0.599005,COK,AUS,8947
1795960,49,14,1412,2004.0,3107.0,15931.0,0.044706,0.514304,COL,AUS,8947
1795961,51,14,1412,2004.0,0.0,4224.0,-0.291469,-0.6426850000000001,CPV,AUS,8947
1795962,56,14,1412,2004.0,0.0,39373.0,0.575246,-0.652756,CXR,AUS,8947
1795963,58,14,1412,2004.0,0.0,24781.0,0.42732200000000004,0.811763,CYP,AUS,8947
1795964,59,14,1412,2004.0,150107.0,32001.0,1.612543,0.607495,CZE,AUS,8947
1795965,61,14,1412,2004.0,1996418.0,207786.0,2.4453099999999997,-2.331761,DEU,AUS,8947
1795966,64,14,1412,2004.0,1231286.0,166100.0,1.309074,1.2627979999999999,DNK,AUS,8947
1795967,65,14,1412,2004.0,5587.0,0.0,-0.24909699999999999,-0.326783,DOM,AUS,8947
1795968,71,14,1412,2004.0,1862151.0,1122380.0,1.04057,1.789023,ESP,AUS,8947
1795969,72,14,1412,2004.0,247052.0,0.0,0.645741,1.035117,EST,AUS,8947
1795970,74,14,1412,2004.0,669705.0,155957.0,1.9662810000000002,1.018108,FIN,AUS,8947
1795971,75,14,1412,2004.0,28214.0,494075.0,-0.793333,-0.27460100000000004,FJI,AUS,8947
1795972,77,14,1412,2004.0,4253030.0,2999378.0,1.57079,0.6776760000000001,FRA,AUS,8947
1795973,79,14,1412,2004.0,0.0,3390.0,-1.155942,-1.049955,FSM,AUS,8947
1795974,80,14,1412,2004.0,0.0,6741.0,-1.006071,-1.212338,GAB,AUS,8947
1795975,81,14,1412,2004.0,4347838.0,4753782.0,1.872987,0.734065,GBR,AUS,8947
1795976,82,14,1412,2004.0,0.0,11501.0,-0.030676,-0.560186,GEO,AUS,8947
1795977,83,14,1412,2004.0,0.0,1812.0,-1.015073,-0.9147069999999999,GHA,AUS,8947
1795978,85,14,1412,2004.0,0.0,2022.0,-1.004077,-1.108018,GIN,AUS,8947
1795979,90,14,1412,2004.0,41715.0,44748.0,0.298029,1.745886,GRC,AUS,8947
1795980,93,14,1412,2004.0,3402.0,0.0,-0.39399,0.139128,GTM,AUS,8947
1795981,95,14,1412,2004.0,0.0,39728.0,0.136164,-0.616118,GUM,AUS,8947
1795982,97,14,1412,2004.0,4324773.0,1865540.0,0.72816,1.403171,HKG,AUS,8947
1795983,101,14,1412,2004.0,1171.0,0.0,-0.919434,-0.9868950000000001,HTI,AUS,8947
1795984,102,14,1412,2004.0,238812.0,46120.0,1.3579370000000002,0.9993219999999999,HUN,AUS,8947
1795985,103,14,1412,2004.0,1249493.0,554169.0,0.010095999999999999,1.7413779999999999,IDN,AUS,8947
1795986,104,14,1412,2004.0,9766330.0,139561.0,0.20872,2.817307,IND,AUS,8947
1795987,106,14,1412,2004.0,94432.0,116519.0,1.498475,0.19050799999999998,IRL,AUS,8947
1795988,109,14,1412,2004.0,6316.0,1398.0,0.107901,-0.41223699999999996,ISL,AUS,8947
1795989,110,14,1412,2004.0,55606.0,53722.0,1.252895,0.8662770000000001,ISR,AUS,8947
1795990,111,14,1412,2004.0,8857152.0,365908.0,1.440372,0.676068,ITA,AUS,8947
1795991,112,14,1412,2004.0,0.0,20940.0,-0.505365,-0.9596120000000001,JAM,AUS,8947
1795992,113,14,1412,2004.0,0.0,13291.0,0.16384200000000002,0.34270100000000003,JOR,AUS,8947
1795993,114,14,1412,2004.0,10012495.0,5768526.0,2.756136,0.15545,JPN,AUS,8947
1795994,116,14,1412,2004.0,4687.0,16850.0,-0.565597,0.182375,KEN,AUS,8947
1795995,118,14,1412,2004.0,18080.0,0.0,-1.145227,-1.19179,KHM,AUS,8947
1795996,119,14,1412,2004.0,0.0,28418.0,-0.21806399999999998,-0.797764,KIR,AUS,8947
1795997,121,14,1412,2004.0,2941343.0,474608.0,1.481275,0.7859,KOR,AUS,8947
1795998,122,14,1412,2004.0,0.0,4209.0,-0.8195479999999999,-1.2105709999999998,KWT,AUS,8947
1795999,124,14,1412,2004.0,4357.0,5279.0,0.269753,1.3152979999999999,LBN,AUS,8947
1796000,128,14,1412,2004.0,106431.0,271816.0,-0.42450299999999996,0.173518,LKA,AUS,8947
1796001,130,14,1412,2004.0,6816.0,4795.0,0.341521,0.7971560000000001,LTU,AUS,8947
1796002,132,14,1412,2004.0,0.0,4616.0,0.415001,0.8476809999999999,LVA,AUS,8947
1796003,133,14,1412,2004.0,1284.0,0.0,-0.12333599999999999,-0.600164,MAC,AUS,8947
1796004,134,14,1412,2004.0,0.0,5537.0,-0.626594,-0.22253499999999998,MAR,AUS,8947
1796005,137,14,1412,2004.0,0.0,56136.0,-0.44303000000000003,-0.841744,MDV,AUS,8947
1796006,138,14,1412,2004.0,609905.0,286286.0,1.183707,0.9043700000000001,MEX,AUS,8947
1796007,139,14,1412,2004.0,0.0,35672.0,-0.712684,-0.88944,MHL,AUS,8947
1796008,142,14,1412,2004.0,0.0,6234.0,1.2290379999999999,-0.025372,MLT,AUS,8947
1796009,151,14,1412,2004.0,0.0,43325.0,-0.161262,-0.29730300000000004,MUS,AUS,8947
1796010,152,14,1412,2004.0,0.0,3015.0,-1.233417,-1.071204,MWI,AUS,8947
1796011,153,14,1412,2004.0,6440296.0,397859.0,1.250098,0.352379,MYS,AUS,8947
1796012,155,14,1412,2004.0,0.0,2742.0,-0.408989,-0.462016,NAM,AUS,8947
1796013,156,14,1412,2004.0,2474.0,495408.0,-0.279566,-0.860456,NCL,AUS,8947
1796014,158,14,1412,2004.0,0.0,37904.0,1.2421200000000001,-0.40618899999999997,NFK,AUS,8947
1796015,159,14,1412,2004.0,0.0,3718.0,-2.336753,-1.350375,NGA,AUS,8947
1796016,162,14,1412,2004.0,537074.0,710791.0,1.171327,1.6369799999999999,NLD,AUS,8947
1796017,163,14,1412,2004.0,874478.0,151225.0,0.731175,-0.0655,NOR,AUS,8947
1796018,165,14,1412,2004.0,0.0,23714.0,1.3066229999999999,-0.213339,NRU,AUS,8947
1796019,166,14,1412,2004.0,5428750.0,13837618.0,0.44099099999999997,0.968326,NZL,AUS,8947
1796020,168,14,1412,2004.0,2359672.0,26951.0,-0.7489600000000001,0.22493200000000002,PAK,AUS,8947
1796021,173,14,1412,2004.0,58092.0,12544.0,-0.609837,0.13314,PER,AUS,8947
1796022,174,14,1412,2004.0,1771477.0,80627.0,0.288786,-0.25348699999999996,PHL,AUS,8947
1796023,176,14,1412,2004.0,105224.0,477729.0,-1.57259,-1.215066,PNG,AUS,8947
1796024,177,14,1412,2004.0,53178.0,3982.0,0.989568,1.49055,POL,AUS,8947
1796025,178,14,1412,2004.0,1255.0,0.0,0.695376,0.9732209999999999,PRK,AUS,8947
1796026,179,14,1412,2004.0,38890.0,202776.0,0.705075,1.7268729999999999,PRT,AUS,8947
1796027,180,14,1412,2004.0,0.0,6828.0,-0.634469,-0.870034,PRY,AUS,8947
1796028,182,14,1412,2004.0,0.0,202608.0,-0.125349,-0.718282,PYF,AUS,8947
1796029,183,14,1412,2004.0,0.0,43169.0,0.018141,-1.03766,QAT,AUS,8947
1796030,185,14,1412,2004.0,146498.0,39776.0,0.53925,1.145066,ROU,AUS,8947
1796031,186,14,1412,2004.0,5268.0,29619.0,0.422803,0.017524,RUS,AUS,8947
1796032,188,14,1412,2004.0,0.0,31325.0,0.361324,-0.760732,SAU,AUS,8947
1796033,189,14,1412,2004.0,9010.0,6101.0,0.544686,2.418024,SCG,AUS,8947
1796034,192,14,1412,2004.0,2137958.0,967105.0,1.804502,0.570084,SGP,AUS,8947
1796035,195,14,1412,2004.0,0.0,81079.0,-1.337367,-1.051245,SLB,AUS,8947
1796036,197,14,1412,2004.0,4429.0,0.0,-0.21054299999999998,0.086382,SLV,AUS,8947
1796037,206,14,1412,2004.0,635632.0,6586.0,1.2683149999999999,0.9208620000000001,SVK,AUS,8947
1796038,207,14,1412,2004.0,233995.0,76997.0,1.700677,0.829765,SVN,AUS,8947
1796039,208,14,1412,2004.0,1927359.0,270772.0,2.105611,0.707843,SWE,AUS,8947
1796040,211,14,1412,2004.0,0.0,6141.0,-0.585828,-0.768388,SYC,AUS,8947
1796041,216,14,1412,2004.0,7018005.0,484113.0,0.633501,1.4648290000000002,THA,AUS,8947
1796042,220,14,1412,2004.0,8840.0,5595.0,0.437675,-0.21816300000000002,TLS,AUS,8947
1796043,221,14,1412,2004.0,0.0,16308.0,-0.431874,-0.8715629999999999,TON,AUS,8947
1796044,222,14,1412,2004.0,0.0,27388.0,-0.108049,-0.923523,TTO,AUS,8947
1796045,223,14,1412,2004.0,15641.0,0.0,-0.125092,0.370625,TUN,AUS,8947
1796046,224,14,1412,2004.0,37418.0,14346.0,0.249065,1.910598,TUR,AUS,8947
1796047,225,14,1412,2004.0,0.0,5918.0,1.8128529999999998,-0.173455,TUV,AUS,8947
1796048,226,14,1412,2004.0,0.0,34524.0,-0.935327,0.362709,TZA,AUS,8947
1796049,228,14,1412,2004.0,24896.0,13019.0,0.672848,1.172735,UKR,AUS,8947
1796050,230,14,1412,2004.0,0.0,2506.0,-0.051583000000000004,0.145056,URY,AUS,8947
1796051,231,14,1412,2004.0,83485552.0,5818018.0,1.818327,-0.17913900000000002,USA,AUS,8947
1796052,236,14,1412,2004.0,0.0,5295.0,-0.41193900000000006,-0.9578899999999999,VEN,AUS,8947
1796053,237,14,1412,2004.0,2453.0,0.0,0.689844,-0.23942,VGB,AUS,8947
1796054,239,14,1412,2004.0,2185403.0,20281.0,-0.46875500000000003,0.734412,VNM,AUS,8947
1796055,240,14,1412,2004.0,2329.0,66416.0,-1.284054,-1.0415809999999999,VUT,AUS,8947
1796056,241,14,1412,2004.0,0.0,3355.0,2.237209,0.203692,WLF,AUS,8947
1796057,242,14,1412,2004.0,0.0,38181.0,-0.183327,-0.6788569999999999,WSM,AUS,8947
1796058,243,14,1412,2004.0,0.0,19796.0,-1.298227,-1.2496639999999999,YEM,AUS,8947
1796059,246,14,1412,2004.0,701416.0,1219413.0,0.29599699999999995,1.909018,ZAF,AUS,8947
1796060,248,14,1412,2004.0,1528.0,41193.0,-0.44064799999999993,0.01704,ZWE,AUS,8947
1796061,249,14,1412,2004.0,38957220.0,523583.0,1.8844150000000002,1.257951,TWN,AUS,8947
1796062,250,14,1412,2004.0,1644.0,87577.0,0.46240200000000004,-0.406624,ANS,AUS,8947
1796063,5,15,1412,2004.0,0.0,1088822.0,1.122154,0.958434,AND,AUT,8947
1796064,7,15,1412,2004.0,0.0,436287.0,-0.10993399999999999,-0.5351640000000001,ARE,AUT,8947
1796065,8,15,1412,2004.0,0.0,339285.0,-0.070845,0.879574,ARG,AUT,8947
1796066,9,15,1412,2004.0,0.0,8232.0,0.497276,-0.226016,ARM,AUT,8947
1796067,14,15,1412,2004.0,497908.0,2003276.0,-0.198735,0.81543,AUS,AUT,8947
1796068,16,15,1412,2004.0,0.0,3574.0,-0.720616,-1.009692,AZE,AUT,8947
1796069,18,15,1412,2004.0,2286679.0,3958526.0,1.242665,1.541444,BEL,AUT,8947
1796070,22,15,1412,2004.0,58232.0,0.0,-1.074194,-0.9392389999999999,BGD,AUT,8947
1796071,23,15,1412,2004.0,6150790.0,1905530.0,0.390627,1.631006,BGR,AUT,8947
1796072,24,15,1412,2004.0,0.0,3573.0,-0.551237,-1.174628,BHR,AUT,8947
1796073,26,15,1412,2004.0,37703.0,180977.0,0.45637,0.6154470000000001,BIH,AUT,8947
1796074,28,15,1412,2004.0,0.0,60316.0,0.9384239999999999,0.9708690000000001,BLR,AUT,8947
1796075,31,15,1412,2004.0,0.0,8709.0,-0.841087,-0.770059,BOL,AUT,8947
1796076,32,15,1412,2004.0,0.0,373857.0,0.504233,1.567879,BRA,AUT,8947
1796077,39,15,1412,2004.0,4171023.0,19819322.0,0.781591,1.365966,CAN,AUT,8947
1796078,41,15,1412,2004.0,9555604.0,42536648.0,2.234603,0.551975,CHE,AUT,8947
1796079,42,15,1412,2004.0,2662.0,621196.0,-0.24101399999999998,-0.303103,CHL,AUT,8947
1796080,43,15,1412,2004.0,10984170.0,1587214.0,0.710603,2.017234,CHN,AUT,8947
1796081,44,15,1412,2004.0,0.0,2335.0,-0.835933,-0.749289,CIV,AUT,8947
1796082,49,15,1412,2004.0,1513.0,0.0,0.044706,0.514304,COL,AUT,8947
1796083,51,15,1412,2004.0,0.0,48314.0,-0.291469,-0.6426850000000001,CPV,AUT,8947
1796084,52,15,1412,2004.0,0.0,12936.0,-0.036323,-0.313847,CRI,AUT,8947
1796085,58,15,1412,2004.0,0.0,178855.0,0.42732200000000004,0.811763,CYP,AUT,8947
1796086,59,15,1412,2004.0,53909964.0,42711488.0,1.612543,0.607495,CZE,AUT,8947
1796087,61,15,1412,2004.0,83570744.0,104581832.0,2.4453099999999997,-2.331761,DEU,AUT,8947
1796088,64,15,1412,2004.0,1143994.0,2463746.0,1.309074,1.2627979999999999,DNK,AUT,8947
1796089,66,15,1412,2004.0,0.0,15258.0,-1.166661,-1.2240879999999998,DZA,AUT,8947
1796090,67,15,1412,2004.0,12471.0,0.0,-0.990727,-0.9383090000000001,ECU,AUT,8947
1796091,68,15,1412,2004.0,1609.0,503197.0,-0.35823499999999997,0.5000100000000001,EGY,AUT,8947
1796092,71,15,1412,2004.0,684472.0,10454665.0,1.04057,1.789023,ESP,AUT,8947
1796093,72,15,1412,2004.0,308711.0,278005.0,0.645741,1.035117,EST,AUT,8947
1796094,74,15,1412,2004.0,2647092.0,9534623.0,1.9662810000000002,1.018108,FIN,AUT,8947
1796095,77,15,1412,2004.0,32726596.0,61525364.0,1.57079,0.6776760000000001,FRA,AUT,8947
1796096,80,15,1412,2004.0,8814.0,0.0,-1.006071,-1.212338,GAB,AUT,8947
1796097,81,15,1412,2004.0,8845236.0,7794314.0,1.872987,0.734065,GBR,AUT,8947
1796098,82,15,1412,2004.0,0.0,54694.0,-0.030676,-0.560186,GEO,AUT,8947
1796099,90,15,1412,2004.0,6860.0,1328743.0,0.298029,1.745886,GRC,AUT,8947
1796100,93,15,1412,2004.0,26088.0,6154.0,-0.39399,0.139128,GTM,AUT,8947
1796101,97,15,1412,2004.0,3356617.0,3592641.0,0.72816,1.403171,HKG,AUT,8947
1796102,100,15,1412,2004.0,10241.0,3138653.0,0.744459,1.1994479999999998,HRV,AUT,8947
1796103,102,15,1412,2004.0,1921546.0,4253272.0,1.3579370000000002,0.9993219999999999,HUN,AUT,8947
1796104,103,15,1412,2004.0,60469.0,27964.0,0.010095999999999999,1.7413779999999999,IDN,AUT,8947
1796105,104,15,1412,2004.0,107663.0,71689.0,0.20872,2.817307,IND,AUT,8947
1796106,106,15,1412,2004.0,804716.0,48531.0,1.498475,0.19050799999999998,IRL,AUT,8947
1796107,107,15,1412,2004.0,0.0,344920.0,-0.6691699999999999,-1.002548,IRN,AUT,8947
1796108,109,15,1412,2004.0,0.0,262906.0,0.107901,-0.41223699999999996,ISL,AUT,8947
1796109,110,15,1412,2004.0,97496.0,469249.0,1.252895,0.8662770000000001,ISR,AUT,8947
1796110,111,15,1412,2004.0,27690094.0,40725276.0,1.440372,0.676068,ITA,AUT,8947
1796111,114,15,1412,2004.0,873812.0,35168036.0,2.756136,0.15545,JPN,AUT,8947
1796112,115,15,1412,2004.0,0.0,219835.0,-0.43987200000000004,-0.50862,KAZ,AUT,8947
1796113,116,15,1412,2004.0,0.0,30702.0,-0.565597,0.182375,KEN,AUT,8947
1796114,121,15,1412,2004.0,425482.0,4531831.0,1.481275,0.7859,KOR,AUT,8947
1796115,122,15,1412,2004.0,0.0,63906.0,-0.8195479999999999,-1.2105709999999998,KWT,AUT,8947
1796116,124,15,1412,2004.0,0.0,110271.0,0.269753,1.3152979999999999,LBN,AUT,8947
1796117,126,15,1412,2004.0,0.0,14862.0,-0.895142,-1.211141,LBY,AUT,8947
1796118,128,15,1412,2004.0,1392894.0,0.0,-0.42450299999999996,0.173518,LKA,AUT,8947
1796119,130,15,1412,2004.0,1982.0,199031.0,0.341521,0.7971560000000001,LTU,AUT,8947
1796120,131,15,1412,2004.0,1851.0,581599.0,1.258828,1.079923,LUX,AUT,8947
1796121,132,15,1412,2004.0,0.0,830801.0,0.415001,0.8476809999999999,LVA,AUT,8947
1796122,133,15,1412,2004.0,0.0,34395.0,-0.12333599999999999,-0.600164,MAC,AUT,8947
1796123,134,15,1412,2004.0,10017.0,37808.0,-0.626594,-0.22253499999999998,MAR,AUT,8947
1796124,135,15,1412,2004.0,0.0,29141.0,-0.13031900000000002,-0.118591,MDA,AUT,8947
1796125,137,15,1412,2004.0,0.0,3742.0,-0.44303000000000003,-0.841744,MDV,AUT,8947
1796126,138,15,1412,2004.0,178022.0,44607.0,1.183707,0.9043700000000001,MEX,AUT,8947
1796127,140,15,1412,2004.0,0.0,38057.0,-0.120439,0.27624899999999997,MKD,AUT,8947
1796128,142,15,1412,2004.0,0.0,13207.0,1.2290379999999999,-0.025372,MLT,AUT,8947
1796129,151,15,1412,2004.0,0.0,7899.0,-0.161262,-0.29730300000000004,MUS,AUT,8947
1796130,153,15,1412,2004.0,900555.0,68787.0,1.250098,0.352379,MYS,AUT,8947
1796131,155,15,1412,2004.0,0.0,19967.0,-0.408989,-0.462016,NAM,AUT,8947
1796132,159,15,1412,2004.0,0.0,14995.0,-2.336753,-1.350375,NGA,AUT,8947
1796133,160,15,1412,2004.0,0.0,1878.0,-1.003846,-0.697642,NIC,AUT,8947
1796134,162,15,1412,2004.0,5270851.0,8574617.0,1.171327,1.6369799999999999,NLD,AUT,8947
1796135,163,15,1412,2004.0,2419161.0,14129977.0,0.731175,-0.0655,NOR,AUT,8947
1796136,164,15,1412,2004.0,0.0,4465.0,-0.16800199999999998,0.541976,NPL,AUT,8947
1796137,166,15,1412,2004.0,3544.0,1155551.0,0.44099099999999997,0.968326,NZL,AUT,8947
1796138,167,15,1412,2004.0,0.0,5202.0,-0.707862,-1.187629,OMN,AUT,8947
1796139,168,15,1412,2004.0,1055251.0,85398.0,-0.7489600000000001,0.22493200000000002,PAK,AUT,8947
1796140,169,15,1412,2004.0,43474.0,20430.0,0.054997000000000004,0.440416,PAN,AUT,8947
1796141,173,15,1412,2004.0,0.0,12234.0,-0.609837,0.13314,PER,AUT,8947
1796142,174,15,1412,2004.0,402810.0,81038.0,0.288786,-0.25348699999999996,PHL,AUT,8947
1796143,177,15,1412,2004.0,1756360.0,11137640.0,0.989568,1.49055,POL,AUT,8947
1796144,178,15,1412,2004.0,0.0,12926.0,0.695376,0.9732209999999999,PRK,AUT,8947
1796145,179,15,1412,2004.0,321839.0,395929.0,0.705075,1.7268729999999999,PRT,AUT,8947
1796146,180,15,1412,2004.0,0.0,47323.0,-0.634469,-0.870034,PRY,AUT,8947
1796147,183,15,1412,2004.0,0.0,37742.0,0.018141,-1.03766,QAT,AUT,8947
1796148,185,15,1412,2004.0,1339637.0,910919.0,0.53925,1.145066,ROU,AUT,8947
1796149,186,15,1412,2004.0,100370.0,10886523.0,0.422803,0.017524,RUS,AUT,8947
1796150,188,15,1412,2004.0,18843.0,82096.0,0.361324,-0.760732,SAU,AUT,8947
1796151,189,15,1412,2004.0,31700.0,480618.0,0.544686,2.418024,SCG,AUT,8947
1796152,192,15,1412,2004.0,651969.0,402359.0,1.804502,0.570084,SGP,AUT,8947
1796153,196,15,1412,2004.0,0.0,66639.0,0.43205699999999997,0.068877,SLE,AUT,8947
1796154,197,15,1412,2004.0,1075.0,4325.0,-0.21054299999999998,0.086382,SLV,AUT,8947
1796155,198,15,1412,2004.0,0.0,30793.0,1.530337,0.719013,SMR,AUT,8947
1796156,199,15,1412,2004.0,0.0,31794.0,-0.7894100000000001,-0.939667,SOM,AUT,8947
1796157,205,15,1412,2004.0,0.0,1542.0,-1.056251,-1.0234590000000001,SUR,AUT,8947
1796158,206,15,1412,2004.0,4934575.0,4170483.0,1.2683149999999999,0.9208620000000001,SVK,AUT,8947
1796159,207,15,1412,2004.0,3792709.0,16342217.0,1.700677,0.829765,SVN,AUT,8947
1796160,208,15,1412,2004.0,2659273.0,12294086.0,2.105611,0.707843,SWE,AUT,8947
1796161,216,15,1412,2004.0,3277264.0,89862.0,0.633501,1.4648290000000002,THA,AUT,8947
1796162,223,15,1412,2004.0,104984.0,108568.0,-0.125092,0.370625,TUN,AUT,8947
1796163,224,15,1412,2004.0,32006.0,793394.0,0.249065,1.910598,TUR,AUT,8947
1796164,228,15,1412,2004.0,23649372.0,1804213.0,0.672848,1.172735,UKR,AUT,8947
1796165,230,15,1412,2004.0,0.0,3041.0,-0.051583000000000004,0.145056,URY,AUT,8947
1796166,231,15,1412,2004.0,6387602.0,64220620.0,1.818327,-0.17913900000000002,USA,AUT,8947
1796167,236,15,1412,2004.0,0.0,38164.0,-0.41193900000000006,-0.9578899999999999,VEN,AUT,8947
1796168,239,15,1412,2004.0,64750.0,39595.0,-0.46875500000000003,0.734412,VNM,AUT,8947
1796169,246,15,1412,2004.0,10145.0,226130.0,0.29599699999999995,1.909018,ZAF,AUT,8947
1796170,249,15,1412,2004.0,2589917.0,372650.0,1.8844150000000002,1.257951,TWN,AUT,8947
1796171,0,18,1412,2004.0,0.0,8738.0,0.074978,-0.8537239999999999,ABW,BEL,8947
1796172,1,18,1412,2004.0,5772.0,7513.0,-0.8890309999999999,-0.773602,AFG,BEL,8947
1796173,2,18,1412,2004.0,0.0,3613.0,-0.8688110000000001,-1.198692,AGO,BEL,8947
1796174,4,18,1412,2004.0,0.0,8732.0,-0.142479,0.136074,ALB,BEL,8947
1796175,5,18,1412,2004.0,0.0,52648.0,1.122154,0.958434,AND,BEL,8947
1796176,6,18,1412,2004.0,0.0,7193.0,0.080304,-0.634516,ANT,BEL,8947
1796177,7,18,1412,2004.0,0.0,167881.0,-0.10993399999999999,-0.5351640000000001,ARE,BEL,8947
1796178,8,18,1412,2004.0,0.0,26684.0,-0.070845,0.879574,ARG,BEL,8947
1796179,14,18,1412,2004.0,994380.0,272757.0,-0.198735,0.81543,AUS,BEL,8947
1796180,15,18,1412,2004.0,3958526.0,2286679.0,1.958949,0.209296,AUT,BEL,8947
1796181,17,18,1412,2004.0,0.0,9699.0,-1.084376,-1.020132,BDI,BEL,8947
1796182,19,18,1412,2004.0,0.0,2228.0,-1.422449,-1.09615,BEN,BEL,8947
1796183,21,18,1412,2004.0,0.0,2819.0,-1.118427,-1.091315,BFA,BEL,8947
1796184,22,18,1412,2004.0,1999.0,1389.0,-1.074194,-0.9392389999999999,BGD,BEL,8947
1796185,23,18,1412,2004.0,50052.0,26136.0,0.390627,1.631006,BGR,BEL,8947
1796186,24,18,1412,2004.0,1143.0,9470.0,-0.551237,-1.174628,BHR,BEL,8947
1796187,26,18,1412,2004.0,0.0,1921.0,0.45637,0.6154470000000001,BIH,BEL,8947
1796188,28,18,1412,2004.0,91724.0,0.0,0.9384239999999999,0.9708690000000001,BLR,BEL,8947
1796189,30,18,1412,2004.0,0.0,2376.0,0.67576,-0.49529799999999996,BMU,BEL,8947
1796190,32,18,1412,2004.0,242195.0,2199.0,0.504233,1.567879,BRA,BEL,8947
1796191,39,18,1412,2004.0,3813474.0,594702.0,0.781591,1.365966,CAN,BEL,8947
1796192,41,18,1412,2004.0,703213.0,2801902.0,2.234603,0.551975,CHE,BEL,8947
1796193,42,18,1412,2004.0,0.0,308797.0,-0.24101399999999998,-0.303103,CHL,BEL,8947
1796194,43,18,1412,2004.0,99608360.0,82786.0,0.710603,2.017234,CHN,BEL,8947
1796195,44,18,1412,2004.0,0.0,53676.0,-0.835933,-0.749289,CIV,BEL,8947
1796196,45,18,1412,2004.0,0.0,23195.0,-1.380149,-1.220501,CMR,BEL,8947
1796197,46,18,1412,2004.0,0.0,110009.0,-1.426621,-1.198377,COD,BEL,8947
1796198,47,18,1412,2004.0,0.0,1926.0,-1.415254,-1.24599,COG,BEL,8947
1796199,49,18,1412,2004.0,186011.0,10804.0,0.044706,0.514304,COL,BEL,8947
1796200,51,18,1412,2004.0,0.0,42753.0,-0.291469,-0.6426850000000001,CPV,BEL,8947
1796201,54,18,1412,2004.0,0.0,11662.0,-0.16826,-0.644388,CUB,BEL,8947
1796202,58,18,1412,2004.0,0.0,46249.0,0.42732200000000004,0.811763,CYP,BEL,8947
1796203,59,18,1412,2004.0,395755.0,298020.0,1.612543,0.607495,CZE,BEL,8947
1796204,61,18,1412,2004.0,15127105.0,37796816.0,2.4453099999999997,-2.331761,DEU,BEL,8947
1796205,64,18,1412,2004.0,2231633.0,1624166.0,1.309074,1.2627979999999999,DNK,BEL,8947
1796206,65,18,1412,2004.0,1923.0,0.0,-0.24909699999999999,-0.326783,DOM,BEL,8947
1796207,66,18,1412,2004.0,0.0,397521.0,-1.166661,-1.2240879999999998,DZA,BEL,8947
1796208,67,18,1412,2004.0,0.0,9103.0,-0.990727,-0.9383090000000001,ECU,BEL,8947
1796209,68,18,1412,2004.0,0.0,70664.0,-0.35823499999999997,0.5000100000000001,EGY,BEL,8947
1796210,71,18,1412,2004.0,5254696.0,21346528.0,1.04057,1.789023,ESP,BEL,8947
1796211,72,18,1412,2004.0,4183.0,201693.0,0.645741,1.035117,EST,BEL,8947
1796212,74,18,1412,2004.0,355135.0,438555.0,1.9662810000000002,1.018108,FIN,BEL,8947
1796213,77,18,1412,2004.0,45415464.0,123109856.0,1.57079,0.6776760000000001,FRA,BEL,8947
1796214,80,18,1412,2004.0,0.0,16758.0,-1.006071,-1.212338,GAB,BEL,8947
1796215,81,18,1412,2004.0,12472667.0,12789934.0,1.872987,0.734065,GBR,BEL,8947
1796216,82,18,1412,2004.0,0.0,78870.0,-0.030676,-0.560186,GEO,BEL,8947
1796217,83,18,1412,2004.0,0.0,13090.0,-1.015073,-0.9147069999999999,GHA,BEL,8947
1796218,85,18,1412,2004.0,0.0,2441.0,-1.004077,-1.108018,GIN,BEL,8947
1796219,90,18,1412,2004.0,2209.0,803064.0,0.298029,1.745886,GRC,BEL,8947
1796220,93,18,1412,2004.0,0.0,20619.0,-0.39399,0.139128,GTM,BEL,8947
1796221,96,18,1412,2004.0,0.0,1258.0,-0.932802,-0.9846530000000001,GUY,BEL,8947
1796222,97,18,1412,2004.0,2022640.0,214487.0,0.72816,1.403171,HKG,BEL,8947
1796223,100,18,1412,2004.0,0.0,135888.0,0.744459,1.1994479999999998,HRV,BEL,8947
1796224,102,18,1412,2004.0,28705.0,393169.0,1.3579370000000002,0.9993219999999999,HUN,BEL,8947
1796225,103,18,1412,2004.0,260150.0,58645.0,0.010095999999999999,1.7413779999999999,IDN,BEL,8947
1796226,104,18,1412,2004.0,1784336.0,112975.0,0.20872,2.817307,IND,BEL,8947
1796227,106,18,1412,2004.0,397586.0,682493.0,1.498475,0.19050799999999998,IRL,BEL,8947
1796228,107,18,1412,2004.0,0.0,93588.0,-0.6691699999999999,-1.002548,IRN,BEL,8947
1796229,109,18,1412,2004.0,0.0,6625.0,0.107901,-0.41223699999999996,ISL,BEL,8947
1796230,110,18,1412,2004.0,1708734.0,223241.0,1.252895,0.8662770000000001,ISR,BEL,8947
1796231,111,18,1412,2004.0,14080748.0,16688485.0,1.440372,0.676068,ITA,BEL,8947
1796232,113,18,1412,2004.0,6605.0,21252.0,0.16384200000000002,0.34270100000000003,JOR,BEL,8947
1796233,114,18,1412,2004.0,4329480.0,478630.0,2.756136,0.15545,JPN,BEL,8947
1796234,115,18,1412,2004.0,0.0,44204.0,-0.43987200000000004,-0.50862,KAZ,BEL,8947
1796235,116,18,1412,2004.0,0.0,33269.0,-0.565597,0.182375,KEN,BEL,8947
1796236,117,18,1412,2004.0,0.0,24286.0,-0.263776,0.503736,KGZ,BEL,8947
1796237,121,18,1412,2004.0,2869794.0,191423.0,1.481275,0.7859,KOR,BEL,8947
1796238,122,18,1412,2004.0,0.0,78946.0,-0.8195479999999999,-1.2105709999999998,KWT,BEL,8947
1796239,124,18,1412,2004.0,0.0,11095.0,0.269753,1.3152979999999999,LBN,BEL,8947
1796240,126,18,1412,2004.0,0.0,120203.0,-0.895142,-1.211141,LBY,BEL,8947
1796241,128,18,1412,2004.0,175897.0,0.0,-0.42450299999999996,0.173518,LKA,BEL,8947
1796242,130,18,1412,2004.0,7103.0,81100.0,0.341521,0.7971560000000001,LTU,BEL,8947
1796243,131,18,1412,2004.0,4141687.0,8536555.0,1.258828,1.079923,LUX,BEL,8947
1796244,132,18,1412,2004.0,0.0,66714.0,0.415001,0.8476809999999999,LVA,BEL,8947
1796245,133,18,1412,2004.0,0.0,14606.0,-0.12333599999999999,-0.600164,MAC,BEL,8947
1796246,134,18,1412,2004.0,0.0,475011.0,-0.626594,-0.22253499999999998,MAR,BEL,8947
1796247,136,18,1412,2004.0,0.0,17982.0,-1.1010799999999998,-0.7367859999999999,MDG,BEL,8947
1796248,138,18,1412,2004.0,130400.0,66091.0,1.183707,0.9043700000000001,MEX,BEL,8947
1796249,140,18,1412,2004.0,0.0,6908.0,-0.120439,0.27624899999999997,MKD,BEL,8947
1796250,141,18,1412,2004.0,0.0,6681.0,-0.5807979999999999,-0.797311,MLI,BEL,8947
1796251,142,18,1412,2004.0,0.0,22851.0,1.2290379999999999,-0.025372,MLT,BEL,8947
1796252,151,18,1412,2004.0,5755.0,2709.0,-0.161262,-0.29730300000000004,MUS,BEL,8947
1796253,152,18,1412,2004.0,1640.0,4342.0,-1.233417,-1.071204,MWI,BEL,8947
1796254,153,18,1412,2004.0,1346192.0,153966.0,1.250098,0.352379,MYS,BEL,8947
1796255,156,18,1412,2004.0,0.0,12880.0,-0.279566,-0.860456,NCL,BEL,8947
1796256,162,18,1412,2004.0,53009620.0,40681704.0,1.171327,1.6369799999999999,NLD,BEL,8947
1796257,163,18,1412,2004.0,267161.0,751485.0,0.731175,-0.0655,NOR,BEL,8947
1796258,164,18,1412,2004.0,8511.0,8963.0,-0.16800199999999998,0.541976,NPL,BEL,8947
1796259,166,18,1412,2004.0,10558.0,113880.0,0.44099099999999997,0.968326,NZL,BEL,8947
1796260,167,18,1412,2004.0,0.0,12030.0,-0.707862,-1.187629,OMN,BEL,8947
1796261,168,18,1412,2004.0,12468662.0,20657.0,-0.7489600000000001,0.22493200000000002,PAK,BEL,8947
1796262,173,18,1412,2004.0,0.0,11072.0,-0.609837,0.13314,PER,BEL,8947
1796263,174,18,1412,2004.0,52139.0,57990.0,0.288786,-0.25348699999999996,PHL,BEL,8947
1796264,177,18,1412,2004.0,573928.0,618689.0,0.989568,1.49055,POL,BEL,8947
1796265,179,18,1412,2004.0,46134.0,2039314.0,0.705075,1.7268729999999999,PRT,BEL,8947
1796266,182,18,1412,2004.0,0.0,78459.0,-0.125349,-0.718282,PYF,BEL,8947
1796267,183,18,1412,2004.0,0.0,303912.0,0.018141,-1.03766,QAT,BEL,8947
1796268,185,18,1412,2004.0,1871443.0,44254.0,0.53925,1.145066,ROU,BEL,8947
1796269,186,18,1412,2004.0,14284.0,517053.0,0.422803,0.017524,RUS,BEL,8947
1796270,187,18,1412,2004.0,257875.0,7461.0,-1.3090190000000002,-1.063632,RWA,BEL,8947
1796271,188,18,1412,2004.0,0.0,206482.0,0.361324,-0.760732,SAU,BEL,8947
1796272,189,18,1412,2004.0,0.0,77471.0,0.544686,2.418024,SCG,BEL,8947
1796273,191,18,1412,2004.0,0.0,8495.0,-0.620158,-0.296575,SEN,BEL,8947
1796274,192,18,1412,2004.0,207258.0,111394.0,1.804502,0.570084,SGP,BEL,8947
1796275,196,18,1412,2004.0,0.0,1959.0,0.43205699999999997,0.068877,SLE,BEL,8947
1796276,206,18,1412,2004.0,434311.0,76442.0,1.2683149999999999,0.9208620000000001,SVK,BEL,8947
1796277,207,18,1412,2004.0,231180.0,125117.0,1.700677,0.829765,SVN,BEL,8947
1796278,208,18,1412,2004.0,1094652.0,3398130.0,2.105611,0.707843,SWE,BEL,8947
1796279,212,18,1412,2004.0,0.0,206573.0,-0.698545,-0.111323,SYR,BEL,8947
1796280,216,18,1412,2004.0,2547291.0,75113.0,0.633501,1.4648290000000002,THA,BEL,8947
1796281,223,18,1412,2004.0,395914.0,130725.0,-0.125092,0.370625,TUN,BEL,8947
1796282,224,18,1412,2004.0,28754.0,125775.0,0.249065,1.910598,TUR,BEL,8947
1796283,226,18,1412,2004.0,0.0,4415.0,-0.935327,0.362709,TZA,BEL,8947
1796284,228,18,1412,2004.0,1694.0,140887.0,0.672848,1.172735,UKR,BEL,8947
1796285,230,18,1412,2004.0,0.0,3888.0,-0.051583000000000004,0.145056,URY,BEL,8947
1796286,231,18,1412,2004.0,23507982.0,3522574.0,1.818327,-0.17913900000000002,USA,BEL,8947
1796287,236,18,1412,2004.0,0.0,24074.0,-0.41193900000000006,-0.9578899999999999,VEN,BEL,8947
1796288,239,18,1412,2004.0,104523.0,0.0,-0.46875500000000003,0.734412,VNM,BEL,8947
1796289,243,18,1412,2004.0,0.0,35316.0,-1.298227,-1.2496639999999999,YEM,BEL,8947
1796290,246,18,1412,2004.0,102267.0,49778.0,0.29599699999999995,1.909018,ZAF,BEL,8947
1796291,247,18,1412,2004.0,0.0,1019.0,-0.8752479999999999,-0.784285,ZMB,BEL,8947
1796292,248,18,1412,2004.0,0.0,4563.0,-0.44064799999999993,0.01704,ZWE,BEL,8947
1796293,249,18,1412,2004.0,15500973.0,138190.0,1.8844150000000002,1.257951,TWN,BEL,8947
1796294,250,18,1412,2004.0,0.0,1926.0,0.46240200000000004,-0.406624,ANS,BEL,8947
1796295,8,25,1412,2004.0,2297.0,0.0,-0.070845,0.879574,ARG,BHS,8947
1796296,39,25,1412,2004.0,21814.0,0.0,0.781591,1.365966,CAN,BHS,8947
1796297,41,25,1412,2004.0,22348.0,0.0,2.234603,0.551975,CHE,BHS,8947
1796298,43,25,1412,2004.0,29448.0,0.0,0.710603,2.017234,CHN,BHS,8947
1796299,61,25,1412,2004.0,35944.0,0.0,2.4453099999999997,-2.331761,DEU,BHS,8947
1796300,77,25,1412,2004.0,3562.0,0.0,1.57079,0.6776760000000001,FRA,BHS,8947
1796301,81,25,1412,2004.0,14395.0,58141.0,1.872987,0.734065,GBR,BHS,8947
1796302,90,25,1412,2004.0,13076.0,0.0,0.298029,1.745886,GRC,BHS,8947
1796303,97,25,1412,2004.0,12609.0,0.0,0.72816,1.403171,HKG,BHS,8947
1796304,168,25,1412,2004.0,1596.0,0.0,-0.7489600000000001,0.22493200000000002,PAK,BHS,8947
1796305,231,25,1412,2004.0,1487914.0,10732.0,1.818327,-0.17913900000000002,USA,BHS,8947
1796306,249,25,1412,2004.0,56504.0,0.0,1.8844150000000002,1.257951,TWN,BHS,8947
1796307,250,25,1412,2004.0,13686.0,0.0,0.46240200000000004,-0.406624,ANS,BHS,8947
1796308,0,32,1412,2004.0,0.0,17022.0,0.074978,-0.8537239999999999,ABW,BRA,8947
1796309,2,32,1412,2004.0,0.0,183695.0,-0.8688110000000001,-1.198692,AGO,BRA,8947
1796310,8,32,1412,2004.0,136129.0,3596648.0,-0.070845,0.879574,ARG,BRA,8947
1796311,14,32,1412,2004.0,7233.0,75428.0,-0.198735,0.81543,AUS,BRA,8947
1796312,15,32,1412,2004.0,373857.0,0.0,1.958949,0.209296,AUT,BRA,8947
1796313,18,32,1412,2004.0,2199.0,242195.0,1.242665,1.541444,BEL,BRA,8947
1796314,31,32,1412,2004.0,0.0,381081.0,-0.841087,-0.770059,BOL,BRA,8947
1796315,39,32,1412,2004.0,128442.0,48685.0,0.781591,1.365966,CAN,BRA,8947
1796316,41,32,1412,2004.0,58849.0,37825.0,2.234603,0.551975,CHE,BRA,8947
1796317,42,32,1412,2004.0,0.0,1178064.0,-0.24101399999999998,-0.303103,CHL,BRA,8947
1796318,43,32,1412,2004.0,7069718.0,4674.0,0.710603,2.017234,CHN,BRA,8947
1796319,45,32,1412,2004.0,0.0,6000.0,-1.380149,-1.220501,CMR,BRA,8947
1796320,49,32,1412,2004.0,0.0,817023.0,0.044706,0.514304,COL,BRA,8947
1796321,52,32,1412,2004.0,0.0,175316.0,-0.036323,-0.313847,CRI,BRA,8947
1796322,59,32,1412,2004.0,5381.0,0.0,1.612543,0.607495,CZE,BRA,8947
1796323,61,32,1412,2004.0,854571.0,68537.0,2.4453099999999997,-2.331761,DEU,BRA,8947
1796324,64,32,1412,2004.0,0.0,7095.0,1.309074,1.2627979999999999,DNK,BRA,8947
1796325,65,32,1412,2004.0,0.0,94983.0,-0.24909699999999999,-0.326783,DOM,BRA,8947
1796326,67,32,1412,2004.0,0.0,137222.0,-0.990727,-0.9383090000000001,ECU,BRA,8947
1796327,71,32,1412,2004.0,135583.0,242525.0,1.04057,1.789023,ESP,BRA,8947
1796328,72,32,1412,2004.0,24847.0,0.0,0.645741,1.035117,EST,BRA,8947
1796329,74,32,1412,2004.0,43573.0,0.0,1.9662810000000002,1.018108,FIN,BRA,8947
1796330,77,32,1412,2004.0,496317.0,208953.0,1.57079,0.6776760000000001,FRA,BRA,8947
1796331,81,32,1412,2004.0,336748.0,455349.0,1.872987,0.734065,GBR,BRA,8947
1796332,90,32,1412,2004.0,3620.0,4771.0,0.298029,1.745886,GRC,BRA,8947
1796333,93,32,1412,2004.0,0.0,144601.0,-0.39399,0.139128,GTM,BRA,8947
1796334,96,32,1412,2004.0,0.0,5786.0,-0.932802,-0.9846530000000001,GUY,BRA,8947
1796335,97,32,1412,2004.0,678617.0,0.0,0.72816,1.403171,HKG,BRA,8947
1796336,99,32,1412,2004.0,0.0,118756.0,-0.6372140000000001,-0.453946,HND,BRA,8947
1796337,100,32,1412,2004.0,0.0,1548.0,0.744459,1.1994479999999998,HRV,BRA,8947
1796338,101,32,1412,2004.0,0.0,30151.0,-0.919434,-0.9868950000000001,HTI,BRA,8947
1796339,102,32,1412,2004.0,0.0,41953.0,1.3579370000000002,0.9993219999999999,HUN,BRA,8947
1796340,103,32,1412,2004.0,101182.0,0.0,0.010095999999999999,1.7413779999999999,IDN,BRA,8947
1796341,104,32,1412,2004.0,79754.0,1058.0,0.20872,2.817307,IND,BRA,8947
1796342,106,32,1412,2004.0,0.0,2321.0,1.498475,0.19050799999999998,IRL,BRA,8947
1796343,110,32,1412,2004.0,2256.0,1969.0,1.252895,0.8662770000000001,ISR,BRA,8947
1796344,111,32,1412,2004.0,2111203.0,165936.0,1.440372,0.676068,ITA,BRA,8947
1796345,112,32,1412,2004.0,0.0,16839.0,-0.505365,-0.9596120000000001,JAM,BRA,8947
1796346,114,32,1412,2004.0,227004.0,90293.0,2.756136,0.15545,JPN,BRA,8947
1796347,121,32,1412,2004.0,345379.0,47114.0,1.481275,0.7859,KOR,BRA,8947
1796348,122,32,1412,2004.0,0.0,9559.0,-0.8195479999999999,-1.2105709999999998,KWT,BRA,8947
1796349,124,32,1412,2004.0,0.0,8595.0,0.269753,1.3152979999999999,LBN,BRA,8947
1796350,138,32,1412,2004.0,19618.0,385502.0,1.183707,0.9043700000000001,MEX,BRA,8947
1796351,147,32,1412,2004.0,0.0,59962.0,-1.009633,-0.9863059999999999,MOZ,BRA,8947
1796352,153,32,1412,2004.0,13092.0,75510.0,1.250098,0.352379,MYS,BRA,8947
1796353,159,32,1412,2004.0,0.0,68506.0,-2.336753,-1.350375,NGA,BRA,8947
1796354,160,32,1412,2004.0,0.0,1053.0,-1.003846,-0.697642,NIC,BRA,8947
1796355,162,32,1412,2004.0,32808.0,9870.0,1.171327,1.6369799999999999,NLD,BRA,8947
1796356,163,32,1412,2004.0,278401.0,1383.0,0.731175,-0.0655,NOR,BRA,8947
1796357,166,32,1412,2004.0,44462.0,4063.0,0.44099099999999997,0.968326,NZL,BRA,8947
1796358,168,32,1412,2004.0,1005076.0,0.0,-0.7489600000000001,0.22493200000000002,PAK,BRA,8947
1796359,169,32,1412,2004.0,0.0,63366.0,0.054997000000000004,0.440416,PAN,BRA,8947
1796360,173,32,1412,2004.0,0.0,185493.0,-0.609837,0.13314,PER,BRA,8947
1796361,174,32,1412,2004.0,56215.0,0.0,0.288786,-0.25348699999999996,PHL,BRA,8947
1796362,177,32,1412,2004.0,2113.0,0.0,0.989568,1.49055,POL,BRA,8947
1796363,178,32,1412,2004.0,35621.0,0.0,0.695376,0.9732209999999999,PRK,BRA,8947
1796364,179,32,1412,2004.0,21732.0,461573.0,0.705075,1.7268729999999999,PRT,BRA,8947
1796365,180,32,1412,2004.0,19759.0,952650.0,-0.634469,-0.870034,PRY,BRA,8947
1796366,188,32,1412,2004.0,0.0,39934.0,0.361324,-0.760732,SAU,BRA,8947
1796367,192,32,1412,2004.0,41936.0,0.0,1.804502,0.570084,SGP,BRA,8947
1796368,197,32,1412,2004.0,0.0,37270.0,-0.21054299999999998,0.086382,SLV,BRA,8947
1796369,205,32,1412,2004.0,0.0,57263.0,-1.056251,-1.0234590000000001,SUR,BRA,8947
1796370,208,32,1412,2004.0,568491.0,7829.0,2.105611,0.707843,SWE,BRA,8947
1796371,216,32,1412,2004.0,648776.0,0.0,0.633501,1.4648290000000002,THA,BRA,8947
1796372,222,32,1412,2004.0,0.0,198037.0,-0.108049,-0.923523,TTO,BRA,8947
1796373,230,32,1412,2004.0,10562.0,869786.0,-0.051583000000000004,0.145056,URY,BRA,8947
1796374,231,32,1412,2004.0,4592199.0,758556.0,1.818327,-0.17913900000000002,USA,BRA,8947
1796375,236,32,1412,2004.0,0.0,312723.0,-0.41193900000000006,-0.9578899999999999,VEN,BRA,8947
1796376,237,32,1412,2004.0,17607.0,0.0,0.689844,-0.23942,VGB,BRA,8947
1796377,239,32,1412,2004.0,21580.0,0.0,-0.46875500000000003,0.734412,VNM,BRA,8947
1796378,246,32,1412,2004.0,1278.0,17239.0,0.29599699999999995,1.909018,ZAF,BRA,8947
1796379,249,32,1412,2004.0,3081368.0,0.0,1.8844150000000002,1.257951,TWN,BRA,8947
1796380,6,33,1412,2004.0,45613.0,0.0,0.080304,-0.634516,ANT,BRB,8947
1796381,14,33,1412,2004.0,3923.0,0.0,-0.198735,0.81543,AUS,BRB,8947
1796382,39,33,1412,2004.0,59224.0,0.0,0.781591,1.365966,CAN,BRB,8947
1796383,41,33,1412,2004.0,1322.0,0.0,2.234603,0.551975,CHE,BRB,8947
1796384,43,33,1412,2004.0,36113.0,0.0,0.710603,2.017234,CHN,BRB,8947
1796385,61,33,1412,2004.0,41014.0,0.0,2.4453099999999997,-2.331761,DEU,BRB,8947
1796386,63,33,1412,2004.0,0.0,4118.0,0.478601,0.368796,DMA,BRB,8947
1796387,65,33,1412,2004.0,2767.0,0.0,-0.24909699999999999,-0.326783,DOM,BRB,8947
1796388,67,33,1412,2004.0,1291.0,0.0,-0.990727,-0.9383090000000001,ECU,BRB,8947
1796389,77,33,1412,2004.0,7163.0,0.0,1.57079,0.6776760000000001,FRA,BRB,8947
1796390,81,33,1412,2004.0,136453.0,5000.0,1.872987,0.734065,GBR,BRB,8947
1796391,93,33,1412,2004.0,1349.0,0.0,-0.39399,0.139128,GTM,BRB,8947
1796392,97,33,1412,2004.0,9595.0,0.0,0.72816,1.403171,HKG,BRB,8947
1796393,103,33,1412,2004.0,1536.0,0.0,0.010095999999999999,1.7413779999999999,IDN,BRB,8947
1796394,104,33,1412,2004.0,23130.0,0.0,0.20872,2.817307,IND,BRB,8947
1796395,106,33,1412,2004.0,3404.0,0.0,1.498475,0.19050799999999998,IRL,BRB,8947
1796396,111,33,1412,2004.0,83769.0,0.0,1.440372,0.676068,ITA,BRB,8947
1796397,114,33,1412,2004.0,21195.0,0.0,2.756136,0.15545,JPN,BRB,8947
1796398,163,33,1412,2004.0,5884.0,0.0,0.731175,-0.0655,NOR,BRB,8947
1796399,166,33,1412,2004.0,1850.0,0.0,0.44099099999999997,0.968326,NZL,BRB,8947
1796400,169,33,1412,2004.0,1287.0,0.0,0.054997000000000004,0.440416,PAN,BRB,8947
1796401,216,33,1412,2004.0,3863.0,0.0,0.633501,1.4648290000000002,THA,BRB,8947
1796402,222,33,1412,2004.0,2365.0,0.0,-0.108049,-0.923523,TTO,BRB,8947
1796403,231,33,1412,2004.0,1031313.0,0.0,1.818327,-0.17913900000000002,USA,BRB,8947
1796404,246,33,1412,2004.0,10235.0,0.0,0.29599699999999995,1.909018,ZAF,BRB,8947
1796405,249,33,1412,2004.0,80057.0,0.0,1.8844150000000002,1.257951,TWN,BRB,8947
1796406,0,39,1412,2004.0,0.0,28590.0,0.074978,-0.8537239999999999,ABW,CAN,8947
1796407,1,39,1412,2004.0,0.0,1542.0,-0.8890309999999999,-0.773602,AFG,CAN,8947
1796408,6,39,1412,2004.0,0.0,1616.0,0.080304,-0.634516,ANT,CAN,8947
1796409,7,39,1412,2004.0,134858.0,889451.0,-0.10993399999999999,-0.5351640000000001,ARE,CAN,8947
1796410,8,39,1412,2004.0,17646.0,8318.0,-0.070845,0.879574,ARG,CAN,8947
1796411,10,39,1412,2004.0,54650.0,0.0,1.0764479999999998,0.678424,ASM,CAN,8947
1796412,12,39,1412,2004.0,0.0,41200.0,1.381998,-0.25306,ATF,CAN,8947
1796413,14,39,1412,2004.0,1380580.0,4719662.0,-0.198735,0.81543,AUS,CAN,8947
1796414,15,39,1412,2004.0,19819322.0,4171023.0,1.958949,0.209296,AUT,CAN,8947
1796415,18,39,1412,2004.0,594702.0,3813474.0,1.242665,1.541444,BEL,CAN,8947
1796416,22,39,1412,2004.0,1157049.0,7326.0,-1.074194,-0.9392389999999999,BGD,CAN,8947
1796417,23,39,1412,2004.0,68578.0,64745.0,0.390627,1.631006,BGR,CAN,8947
1796418,24,39,1412,2004.0,0.0,67446.0,-0.551237,-1.174628,BHR,CAN,8947
1796419,25,39,1412,2004.0,0.0,21814.0,0.029548,-0.692239,BHS,CAN,8947
1796420,26,39,1412,2004.0,0.0,1517.0,0.45637,0.6154470000000001,BIH,CAN,8947
1796421,28,39,1412,2004.0,16563.0,24073.0,0.9384239999999999,0.9708690000000001,BLR,CAN,8947
1796422,30,39,1412,2004.0,0.0,162994.0,0.67576,-0.49529799999999996,BMU,CAN,8947
1796423,31,39,1412,2004.0,0.0,1070.0,-0.841087,-0.770059,BOL,CAN,8947
1796424,32,39,1412,2004.0,48685.0,128442.0,0.504233,1.567879,BRA,CAN,8947
1796425,33,39,1412,2004.0,0.0,59224.0,0.644308,0.290054,BRB,CAN,8947
1796426,34,39,1412,2004.0,0.0,3193.0,-0.720827,-0.964435,BRN,CAN,8947
1796427,41,39,1412,2004.0,1577935.0,3886950.0,2.234603,0.551975,CHE,CAN,8947
1796428,42,39,1412,2004.0,0.0,139997.0,-0.24101399999999998,-0.303103,CHL,CAN,8947
1796429,43,39,1412,2004.0,171055984.0,878798.0,0.710603,2.017234,CHN,CAN,8947
1796430,46,39,1412,2004.0,3828.0,0.0,-1.426621,-1.198377,COD,CAN,8947
1796431,49,39,1412,2004.0,0.0,51349.0,0.044706,0.514304,COL,CAN,8947
1796432,52,39,1412,2004.0,296457.0,41115.0,-0.036323,-0.313847,CRI,CAN,8947
1796433,54,39,1412,2004.0,0.0,315494.0,-0.16826,-0.644388,CUB,CAN,8947
1796434,58,39,1412,2004.0,3346.0,148277.0,0.42732200000000004,0.811763,CYP,CAN,8947
1796435,59,39,1412,2004.0,2383636.0,2230120.0,1.612543,0.607495,CZE,CAN,8947
1796436,61,39,1412,2004.0,9207886.0,7254954.0,2.4453099999999997,-2.331761,DEU,CAN,8947
1796437,63,39,1412,2004.0,1992.0,1580.0,0.478601,0.368796,DMA,CAN,8947
1796438,64,39,1412,2004.0,267992.0,758026.0,1.309074,1.2627979999999999,DNK,CAN,8947
1796439,65,39,1412,2004.0,302801.0,5829.0,-0.24909699999999999,-0.326783,DOM,CAN,8947
1796440,66,39,1412,2004.0,0.0,1738.0,-1.166661,-1.2240879999999998,DZA,CAN,8947
1796441,67,39,1412,2004.0,0.0,16110.0,-0.990727,-0.9383090000000001,ECU,CAN,8947
1796442,68,39,1412,2004.0,0.0,153217.0,-0.35823499999999997,0.5000100000000001,EGY,CAN,8947
1796443,71,39,1412,2004.0,5028234.0,1813261.0,1.04057,1.789023,ESP,CAN,8947
1796444,72,39,1412,2004.0,1979978.0,101921.0,0.645741,1.035117,EST,CAN,8947
1796445,73,39,1412,2004.0,0.0,1252.0,-1.202444,-0.8973120000000001,ETH,CAN,8947
1796446,74,39,1412,2004.0,1930309.0,3168495.0,1.9662810000000002,1.018108,FIN,CAN,8947
1796447,77,39,1412,2004.0,21289792.0,14487271.0,1.57079,0.6776760000000001,FRA,CAN,8947
1796448,78,39,1412,2004.0,113196.0,0.0,-1.127967,-1.002561,FRO,CAN,8947
1796449,81,39,1412,2004.0,2549432.0,14191846.0,1.872987,0.734065,GBR,CAN,8947
1796450,82,39,1412,2004.0,0.0,81511.0,-0.030676,-0.560186,GEO,CAN,8947
1796451,90,39,1412,2004.0,21021.0,177171.0,0.298029,1.745886,GRC,CAN,8947
1796452,92,39,1412,2004.0,0.0,11465.0,-1.152664,-0.986844,GRL,CAN,8947
1796453,93,39,1412,2004.0,19198.0,376273.0,-0.39399,0.139128,GTM,CAN,8947
1796454,96,39,1412,2004.0,0.0,20554.0,-0.932802,-0.9846530000000001,GUY,CAN,8947
1796455,97,39,1412,2004.0,7819202.0,2602822.0,0.72816,1.403171,HKG,CAN,8947
1796456,99,39,1412,2004.0,14265.0,248519.0,-0.6372140000000001,-0.453946,HND,CAN,8947
1796457,100,39,1412,2004.0,0.0,24535.0,0.744459,1.1994479999999998,HRV,CAN,8947
1796458,101,39,1412,2004.0,283568.0,0.0,-0.919434,-0.9868950000000001,HTI,CAN,8947
1796459,102,39,1412,2004.0,50627.0,347451.0,1.3579370000000002,0.9993219999999999,HUN,CAN,8947
1796460,103,39,1412,2004.0,173953.0,4741.0,0.010095999999999999,1.7413779999999999,IDN,CAN,8947
1796461,104,39,1412,2004.0,913436.0,78393.0,0.20872,2.817307,IND,CAN,8947
1796462,106,39,1412,2004.0,163526.0,730592.0,1.498475,0.19050799999999998,IRL,CAN,8947
1796463,107,39,1412,2004.0,2846.0,35363.0,-0.6691699999999999,-1.002548,IRN,CAN,8947
1796464,109,39,1412,2004.0,0.0,58628.0,0.107901,-0.41223699999999996,ISL,CAN,8947
1796465,110,39,1412,2004.0,142504.0,454117.0,1.252895,0.8662770000000001,ISR,CAN,8947
1796466,111,39,1412,2004.0,8229814.0,4953519.0,1.440372,0.676068,ITA,CAN,8947
1796467,112,39,1412,2004.0,0.0,14251.0,-0.505365,-0.9596120000000001,JAM,CAN,8947
1796468,113,39,1412,2004.0,0.0,72304.0,0.16384200000000002,0.34270100000000003,JOR,CAN,8947
1796469,114,39,1412,2004.0,3208614.0,4886496.0,2.756136,0.15545,JPN,CAN,8947
1796470,115,39,1412,2004.0,0.0,46166.0,-0.43987200000000004,-0.50862,KAZ,CAN,8947
1796471,116,39,1412,2004.0,73959.0,0.0,-0.565597,0.182375,KEN,CAN,8947
1796472,120,39,1412,2004.0,0.0,28277.0,0.5528109999999999,-0.342657,KNA,CAN,8947
1796473,121,39,1412,2004.0,2682979.0,2891043.0,1.481275,0.7859,KOR,CAN,8947
1796474,122,39,1412,2004.0,0.0,130572.0,-0.8195479999999999,-1.2105709999999998,KWT,CAN,8947
1796475,124,39,1412,2004.0,0.0,115854.0,0.269753,1.3152979999999999,LBN,CAN,8947
1796476,126,39,1412,2004.0,0.0,28691.0,-0.895142,-1.211141,LBY,CAN,8947
1796477,127,39,1412,2004.0,0.0,19694.0,0.31900300000000004,-0.346391,LCA,CAN,8947
1796478,128,39,1412,2004.0,114635.0,414378.0,-0.42450299999999996,0.173518,LKA,CAN,8947
1796479,130,39,1412,2004.0,2489.0,26733.0,0.341521,0.7971560000000001,LTU,CAN,8947
1796480,131,39,1412,2004.0,0.0,13467.0,1.258828,1.079923,LUX,CAN,8947
1796481,132,39,1412,2004.0,4297.0,261394.0,0.415001,0.8476809999999999,LVA,CAN,8947
1796482,133,39,1412,2004.0,49966.0,0.0,-0.12333599999999999,-0.600164,MAC,CAN,8947
1796483,134,39,1412,2004.0,24149.0,87152.0,-0.626594,-0.22253499999999998,MAR,CAN,8947
1796484,137,39,1412,2004.0,0.0,4481.0,-0.44303000000000003,-0.841744,MDV,CAN,8947
1796485,138,39,1412,2004.0,20851806.0,150786.0,1.183707,0.9043700000000001,MEX,CAN,8947
1796486,142,39,1412,2004.0,0.0,80881.0,1.2290379999999999,-0.025372,MLT,CAN,8947
1796487,145,39,1412,2004.0,0.0,1172.0,-0.920198,-1.1059219999999998,MNG,CAN,8947
1796488,147,39,1412,2004.0,0.0,1205.0,-1.009633,-0.9863059999999999,MOZ,CAN,8947
1796489,151,39,1412,2004.0,1557.0,0.0,-0.161262,-0.29730300000000004,MUS,CAN,8947
1796490,152,39,1412,2004.0,2215.0,0.0,-1.233417,-1.071204,MWI,CAN,8947
1796491,153,39,1412,2004.0,2564798.0,65341.0,1.250098,0.352379,MYS,CAN,8947
1796492,155,39,1412,2004.0,0.0,1012.0,-0.408989,-0.462016,NAM,CAN,8947
1796493,156,39,1412,2004.0,0.0,2352.0,-0.279566,-0.860456,NCL,CAN,8947
1796494,159,39,1412,2004.0,0.0,18262.0,-2.336753,-1.350375,NGA,CAN,8947
1796495,160,39,1412,2004.0,0.0,97238.0,-1.003846,-0.697642,NIC,CAN,8947
1796496,162,39,1412,2004.0,961988.0,3321897.0,1.171327,1.6369799999999999,NLD,CAN,8947
1796497,163,39,1412,2004.0,1568705.0,593748.0,0.731175,-0.0655,NOR,CAN,8947
1796498,166,39,1412,2004.0,116661.0,1332530.0,0.44099099999999997,0.968326,NZL,CAN,8947
1796499,167,39,1412,2004.0,0.0,52646.0,-0.707862,-1.187629,OMN,CAN,8947
1796500,168,39,1412,2004.0,2245765.0,4022.0,-0.7489600000000001,0.22493200000000002,PAK,CAN,8947
1796501,169,39,1412,2004.0,0.0,66266.0,0.054997000000000004,0.440416,PAN,CAN,8947
1796502,173,39,1412,2004.0,1115.0,14671.0,-0.609837,0.13314,PER,CAN,8947
1796503,174,39,1412,2004.0,1352243.0,55363.0,0.288786,-0.25348699999999996,PHL,CAN,8947
1796504,177,39,1412,2004.0,388314.0,602326.0,0.989568,1.49055,POL,CAN,8947
1796505,178,39,1412,2004.0,0.0,126569.0,0.695376,0.9732209999999999,PRK,CAN,8947
1796506,179,39,1412,2004.0,39362.0,101178.0,0.705075,1.7268729999999999,PRT,CAN,8947
1796507,180,39,1412,2004.0,0.0,1477.0,-0.634469,-0.870034,PRY,CAN,8947
1796508,182,39,1412,2004.0,0.0,139267.0,-0.125349,-0.718282,PYF,CAN,8947
1796509,183,39,1412,2004.0,0.0,29177.0,0.018141,-1.03766,QAT,CAN,8947
1796510,185,39,1412,2004.0,1287556.0,87506.0,0.53925,1.145066,ROU,CAN,8947
1796511,186,39,1412,2004.0,592428.0,2160616.0,0.422803,0.017524,RUS,CAN,8947
1796512,188,39,1412,2004.0,0.0,2088988.0,0.361324,-0.760732,SAU,CAN,8947
1796513,189,39,1412,2004.0,0.0,22065.0,0.544686,2.418024,SCG,CAN,8947
1796514,192,39,1412,2004.0,65476.0,124649.0,1.804502,0.570084,SGP,CAN,8947
1796515,196,39,1412,2004.0,71379.0,0.0,0.43205699999999997,0.068877,SLE,CAN,8947
1796516,197,39,1412,2004.0,377470.0,334030.0,-0.21054299999999998,0.086382,SLV,CAN,8947
1796517,200,39,1412,2004.0,0.0,31292.0,-0.652058,-0.8527040000000001,SPM,CAN,8947
1796518,206,39,1412,2004.0,822486.0,1287717.0,1.2683149999999999,0.9208620000000001,SVK,CAN,8947
1796519,207,39,1412,2004.0,1922579.0,50058.0,1.700677,0.829765,SVN,CAN,8947
1796520,208,39,1412,2004.0,2757627.0,7088993.0,2.105611,0.707843,SWE,CAN,8947
1796521,209,39,1412,2004.0,0.0,58708.0,0.528937,-0.241038,SWZ,CAN,8947
1796522,212,39,1412,2004.0,0.0,9580.0,-0.698545,-0.111323,SYR,CAN,8947
1796523,213,39,1412,2004.0,0.0,27992.0,0.641878,0.22729000000000002,TCA,CAN,8947
1796524,215,39,1412,2004.0,0.0,41877.0,-0.569621,-0.533211,TGO,CAN,8947
1796525,216,39,1412,2004.0,14226984.0,577193.0,0.633501,1.4648290000000002,THA,CAN,8947
1796526,222,39,1412,2004.0,0.0,162472.0,-0.108049,-0.923523,TTO,CAN,8947
1796527,223,39,1412,2004.0,331919.0,13334.0,-0.125092,0.370625,TUN,CAN,8947
1796528,224,39,1412,2004.0,13158.0,112407.0,0.249065,1.910598,TUR,CAN,8947
1796529,226,39,1412,2004.0,1453.0,13870.0,-0.935327,0.362709,TZA,CAN,8947
1796530,228,39,1412,2004.0,2831122.0,2394.0,0.672848,1.172735,UKR,CAN,8947
1796531,230,39,1412,2004.0,0.0,133880.0,-0.051583000000000004,0.145056,URY,CAN,8947
1796532,231,39,1412,2004.0,467256192.0,379275904.0,1.818327,-0.17913900000000002,USA,CAN,8947
1796533,234,39,1412,2004.0,0.0,45645.0,-0.706188,-0.9244120000000001,VCT,CAN,8947
1796534,236,39,1412,2004.0,20484.0,56673.0,-0.41193900000000006,-0.9578899999999999,VEN,CAN,8947
1796535,237,39,1412,2004.0,0.0,42104.0,0.689844,-0.23942,VGB,CAN,8947
1796536,239,39,1412,2004.0,180965.0,5587.0,-0.46875500000000003,0.734412,VNM,CAN,8947
1796537,243,39,1412,2004.0,0.0,1099.0,-1.298227,-1.2496639999999999,YEM,CAN,8947
1796538,246,39,1412,2004.0,15389.0,409143.0,0.29599699999999995,1.909018,ZAF,CAN,8947
1796539,248,39,1412,2004.0,1142.0,0.0,-0.44064799999999993,0.01704,ZWE,CAN,8947
1796540,249,39,1412,2004.0,36126172.0,516521.0,1.8844150000000002,1.257951,TWN,CAN,8947
1796541,0,41,1412,2004.0,0.0,2348.0,0.074978,-0.8537239999999999,ABW,CHE,8947
1796542,4,41,1412,2004.0,0.0,5229.0,-0.142479,0.136074,ALB,CHE,8947
1796543,5,41,1412,2004.0,0.0,33701.0,1.122154,0.958434,AND,CHE,8947
1796544,7,41,1412,2004.0,1671.0,1854075.0,-0.10993399999999999,-0.5351640000000001,ARE,CHE,8947
1796545,8,41,1412,2004.0,1725.0,36473.0,-0.070845,0.879574,ARG,CHE,8947
1796546,14,41,1412,2004.0,144220.0,1070665.0,-0.198735,0.81543,AUS,CHE,8947
1796547,15,41,1412,2004.0,42536648.0,9555604.0,1.958949,0.209296,AUT,CHE,8947
1796548,18,41,1412,2004.0,2801902.0,703213.0,1.242665,1.541444,BEL,CHE,8947
1796549,23,41,1412,2004.0,16636.0,38217.0,0.390627,1.631006,BGR,CHE,8947
1796550,24,41,1412,2004.0,0.0,60001.0,-0.551237,-1.174628,BHR,CHE,8947
1796551,25,41,1412,2004.0,0.0,22348.0,0.029548,-0.692239,BHS,CHE,8947
1796552,26,41,1412,2004.0,0.0,17085.0,0.45637,0.6154470000000001,BIH,CHE,8947
1796553,28,41,1412,2004.0,0.0,42247.0,0.9384239999999999,0.9708690000000001,BLR,CHE,8947
1796554,32,41,1412,2004.0,37825.0,58849.0,0.504233,1.567879,BRA,CHE,8947
1796555,33,41,1412,2004.0,0.0,1322.0,0.644308,0.290054,BRB,CHE,8947
1796556,34,41,1412,2004.0,0.0,2870.0,-0.720827,-0.964435,BRN,CHE,8947
1796557,37,41,1412,2004.0,0.0,5133.0,-0.435159,-1.150519,BWA,CHE,8947
1796558,39,41,1412,2004.0,3886950.0,1577935.0,0.781591,1.365966,CAN,CHE,8947
1796559,42,41,1412,2004.0,0.0,50339.0,-0.24101399999999998,-0.303103,CHL,CHE,8947
1796560,43,41,1412,2004.0,7578121.0,1234604.0,0.710603,2.017234,CHN,CHE,8947
1796561,49,41,1412,2004.0,204270.0,22872.0,0.044706,0.514304,COL,CHE,8947
1796562,52,41,1412,2004.0,0.0,1287.0,-0.036323,-0.313847,CRI,CHE,8947
1796563,58,41,1412,2004.0,0.0,38187.0,0.42732200000000004,0.811763,CYP,CHE,8947
1796564,59,41,1412,2004.0,3870954.0,2455376.0,1.612543,0.607495,CZE,CHE,8947
1796565,61,41,1412,2004.0,68626832.0,15834455.0,2.4453099999999997,-2.331761,DEU,CHE,8947
1796566,64,41,1412,2004.0,506559.0,6436486.0,1.309074,1.2627979999999999,DNK,CHE,8947
1796567,66,41,1412,2004.0,0.0,2092044.0,-1.166661,-1.2240879999999998,DZA,CHE,8947
1796568,67,41,1412,2004.0,25700.0,60033.0,-0.990727,-0.9383090000000001,ECU,CHE,8947
1796569,68,41,1412,2004.0,0.0,8811.0,-0.35823499999999997,0.5000100000000001,EGY,CHE,8947
1796570,71,41,1412,2004.0,3169778.0,2079116.0,1.04057,1.789023,ESP,CHE,8947
1796571,72,41,1412,2004.0,187134.0,125179.0,0.645741,1.035117,EST,CHE,8947
1796572,73,41,1412,2004.0,0.0,51762.0,-1.202444,-0.8973120000000001,ETH,CHE,8947
1796573,74,41,1412,2004.0,5374053.0,1125556.0,1.9662810000000002,1.018108,FIN,CHE,8947
1796574,77,41,1412,2004.0,59333992.0,6639494.0,1.57079,0.6776760000000001,FRA,CHE,8947
1796575,81,41,1412,2004.0,8023997.0,4116572.0,1.872987,0.734065,GBR,CHE,8947
1796576,83,41,1412,2004.0,0.0,2677.0,-1.015073,-0.9147069999999999,GHA,CHE,8947
1796577,90,41,1412,2004.0,11492.0,755921.0,0.298029,1.745886,GRC,CHE,8947
1796578,93,41,1412,2004.0,28159.0,9886.0,-0.39399,0.139128,GTM,CHE,8947
1796579,97,41,1412,2004.0,1374930.0,399865.0,0.72816,1.403171,HKG,CHE,8947
1796580,99,41,1412,2004.0,0.0,26953.0,-0.6372140000000001,-0.453946,HND,CHE,8947
1796581,100,41,1412,2004.0,41742.0,36235.0,0.744459,1.1994479999999998,HRV,CHE,8947
1796582,102,41,1412,2004.0,566124.0,310352.0,1.3579370000000002,0.9993219999999999,HUN,CHE,8947
1796583,103,41,1412,2004.0,11691.0,7513.0,0.010095999999999999,1.7413779999999999,IDN,CHE,8947
1796584,104,41,1412,2004.0,258258.0,106232.0,0.20872,2.817307,IND,CHE,8947
1796585,106,41,1412,2004.0,1119185.0,290691.0,1.498475,0.19050799999999998,IRL,CHE,8947
1796586,109,41,1412,2004.0,0.0,67104.0,0.107901,-0.41223699999999996,ISL,CHE,8947
1796587,110,41,1412,2004.0,54543.0,164902.0,1.252895,0.8662770000000001,ISR,CHE,8947
1796588,111,41,1412,2004.0,28936646.0,2828459.0,1.440372,0.676068,ITA,CHE,8947
1796589,114,41,1412,2004.0,1603857.0,3031059.0,2.756136,0.15545,JPN,CHE,8947
1796590,115,41,1412,2004.0,0.0,20094.0,-0.43987200000000004,-0.50862,KAZ,CHE,8947
1796591,116,41,1412,2004.0,0.0,9924.0,-0.565597,0.182375,KEN,CHE,8947
1796592,121,41,1412,2004.0,82684.0,681994.0,1.481275,0.7859,KOR,CHE,8947
1796593,122,41,1412,2004.0,9364.0,1307728.0,-0.8195479999999999,-1.2105709999999998,KWT,CHE,8947
1796594,124,41,1412,2004.0,0.0,10532.0,0.269753,1.3152979999999999,LBN,CHE,8947
1796595,126,41,1412,2004.0,0.0,12082.0,-0.895142,-1.211141,LBY,CHE,8947
1796596,128,41,1412,2004.0,259706.0,0.0,-0.42450299999999996,0.173518,LKA,CHE,8947
1796597,130,41,1412,2004.0,0.0,12349.0,0.341521,0.7971560000000001,LTU,CHE,8947
1796598,131,41,1412,2004.0,8815.0,23610.0,1.258828,1.079923,LUX,CHE,8947
1796599,132,41,1412,2004.0,3534.0,48103.0,0.415001,0.8476809999999999,LVA,CHE,8947
1796600,134,41,1412,2004.0,6019.0,3591.0,-0.626594,-0.22253499999999998,MAR,CHE,8947
1796601,135,41,1412,2004.0,9396.0,8846.0,-0.13031900000000002,-0.118591,MDA,CHE,8947
1796602,136,41,1412,2004.0,0.0,1171.0,-1.1010799999999998,-0.7367859999999999,MDG,CHE,8947
1796603,137,41,1412,2004.0,0.0,1133.0,-0.44303000000000003,-0.841744,MDV,CHE,8947
1796604,138,41,1412,2004.0,121656.0,62925.0,1.183707,0.9043700000000001,MEX,CHE,8947
1796605,140,41,1412,2004.0,0.0,782845.0,-0.120439,0.27624899999999997,MKD,CHE,8947
1796606,142,41,1412,2004.0,0.0,1028.0,1.2290379999999999,-0.025372,MLT,CHE,8947
1796607,147,41,1412,2004.0,0.0,1550.0,-1.009633,-0.9863059999999999,MOZ,CHE,8947
1796608,151,41,1412,2004.0,0.0,1878.0,-0.161262,-0.29730300000000004,MUS,CHE,8947
1796609,153,41,1412,2004.0,182466.0,2553294.0,1.250098,0.352379,MYS,CHE,8947
1796610,155,41,1412,2004.0,0.0,1270.0,-0.408989,-0.462016,NAM,CHE,8947
1796611,157,41,1412,2004.0,0.0,4094.0,-1.102485,-0.850282,NER,CHE,8947
1796612,159,41,1412,2004.0,0.0,9771.0,-2.336753,-1.350375,NGA,CHE,8947
1796613,162,41,1412,2004.0,10755353.0,955465.0,1.171327,1.6369799999999999,NLD,CHE,8947
1796614,163,41,1412,2004.0,2202455.0,1326445.0,0.731175,-0.0655,NOR,CHE,8947
1796615,166,41,1412,2004.0,50811.0,249605.0,0.44099099999999997,0.968326,NZL,CHE,8947
1796616,167,41,1412,2004.0,0.0,1345.0,-0.707862,-1.187629,OMN,CHE,8947
1796617,168,41,1412,2004.0,1130378.0,42633.0,-0.7489600000000001,0.22493200000000002,PAK,CHE,8947
1796618,174,41,1412,2004.0,953055.0,16384.0,0.288786,-0.25348699999999996,PHL,CHE,8947
1796619,176,41,1412,2004.0,0.0,1736.0,-1.57259,-1.215066,PNG,CHE,8947
1796620,177,41,1412,2004.0,508450.0,551942.0,0.989568,1.49055,POL,CHE,8947
1796621,179,41,1412,2004.0,31995.0,60292.0,0.705075,1.7268729999999999,PRT,CHE,8947
1796622,183,41,1412,2004.0,400722.0,18651.0,0.018141,-1.03766,QAT,CHE,8947
1796623,185,41,1412,2004.0,246832.0,90983.0,0.53925,1.145066,ROU,CHE,8947
1796624,186,41,1412,2004.0,64909.0,319683.0,0.422803,0.017524,RUS,CHE,8947
1796625,187,41,1412,2004.0,0.0,10626.0,-1.3090190000000002,-1.063632,RWA,CHE,8947
1796626,188,41,1412,2004.0,1485.0,682211.0,0.361324,-0.760732,SAU,CHE,8947
1796627,189,41,1412,2004.0,1983.0,43932.0,0.544686,2.418024,SCG,CHE,8947
1796628,190,41,1412,2004.0,0.0,4314.0,-1.503552,-1.253193,SDN,CHE,8947
1796629,191,41,1412,2004.0,0.0,30525.0,-0.620158,-0.296575,SEN,CHE,8947
1796630,192,41,1412,2004.0,134531.0,164744.0,1.804502,0.570084,SGP,CHE,8947
1796631,197,41,1412,2004.0,1813.0,0.0,-0.21054299999999998,0.086382,SLV,CHE,8947
1796632,205,41,1412,2004.0,4508.0,0.0,-1.056251,-1.0234590000000001,SUR,CHE,8947
1796633,206,41,1412,2004.0,1527311.0,522116.0,1.2683149999999999,0.9208620000000001,SVK,CHE,8947
1796634,207,41,1412,2004.0,2669155.0,162667.0,1.700677,0.829765,SVN,CHE,8947
1796635,208,41,1412,2004.0,2948272.0,2123292.0,2.105611,0.707843,SWE,CHE,8947
1796636,211,41,1412,2004.0,0.0,5203.0,-0.585828,-0.768388,SYC,CHE,8947
1796637,216,41,1412,2004.0,864378.0,211034.0,0.633501,1.4648290000000002,THA,CHE,8947
1796638,222,41,1412,2004.0,0.0,96849.0,-0.108049,-0.923523,TTO,CHE,8947
1796639,223,41,1412,2004.0,1014021.0,31707.0,-0.125092,0.370625,TUN,CHE,8947
1796640,224,41,1412,2004.0,16457.0,517296.0,0.249065,1.910598,TUR,CHE,8947
1796641,228,41,1412,2004.0,29062.0,162302.0,0.672848,1.172735,UKR,CHE,8947
1796642,231,41,1412,2004.0,15229750.0,27628356.0,1.818327,-0.17913900000000002,USA,CHE,8947
1796643,236,41,1412,2004.0,2645.0,23866.0,-0.41193900000000006,-0.9578899999999999,VEN,CHE,8947
1796644,239,41,1412,2004.0,133555.0,0.0,-0.46875500000000003,0.734412,VNM,CHE,8947
1796645,246,41,1412,2004.0,11557.0,44086.0,0.29599699999999995,1.909018,ZAF,CHE,8947
1796646,247,41,1412,2004.0,0.0,1345.0,-0.8752479999999999,-0.784285,ZMB,CHE,8947
1796647,249,41,1412,2004.0,1805679.0,208231.0,1.8844150000000002,1.257951,TWN,CHE,8947
1796648,0,43,1412,2004.0,0.0,72363.0,0.074978,-0.8537239999999999,ABW,CHN,8947
1796649,1,43,1412,2004.0,0.0,25583.0,-0.8890309999999999,-0.773602,AFG,CHN,8947
1796650,2,43,1412,2004.0,0.0,101408.0,-0.8688110000000001,-1.198692,AGO,CHN,8947
1796651,4,43,1412,2004.0,0.0,73922.0,-0.142479,0.136074,ALB,CHN,8947
1796652,5,43,1412,2004.0,0.0,77008.0,1.122154,0.958434,AND,CHN,8947
1796653,6,43,1412,2004.0,0.0,21837.0,0.080304,-0.634516,ANT,CHN,8947
1796654,7,43,1412,2004.0,0.0,15423062.0,-0.10993399999999999,-0.5351640000000001,ARE,CHN,8947
1796655,8,43,1412,2004.0,0.0,7390674.0,-0.070845,0.879574,ARG,CHN,8947
1796656,9,43,1412,2004.0,0.0,24809.0,0.497276,-0.226016,ARM,CHN,8947
1796657,13,43,1412,2004.0,0.0,9748.0,-0.28271,-0.850197,ATG,CHN,8947
1796658,14,43,1412,2004.0,473317.0,91987384.0,-0.198735,0.81543,AUS,CHN,8947
1796659,15,43,1412,2004.0,1587214.0,10984170.0,1.958949,0.209296,AUT,CHN,8947
1796660,16,43,1412,2004.0,0.0,165523.0,-0.720616,-1.009692,AZE,CHN,8947
1796661,18,43,1412,2004.0,82786.0,99608360.0,1.242665,1.541444,BEL,CHN,8947
1796662,19,43,1412,2004.0,0.0,490584.0,-1.422449,-1.09615,BEN,CHN,8947
1796663,21,43,1412,2004.0,0.0,6169.0,-1.118427,-1.091315,BFA,CHN,8947
1796664,22,43,1412,2004.0,636193.0,3143033.0,-1.074194,-0.9392389999999999,BGD,CHN,8947
1796665,23,43,1412,2004.0,0.0,1733951.0,0.390627,1.631006,BGR,CHN,8947
1796666,24,43,1412,2004.0,0.0,304139.0,-0.551237,-1.174628,BHR,CHN,8947
1796667,25,43,1412,2004.0,0.0,29448.0,0.029548,-0.692239,BHS,CHN,8947
1796668,26,43,1412,2004.0,0.0,118598.0,0.45637,0.6154470000000001,BIH,CHN,8947
1796669,28,43,1412,2004.0,0.0,279857.0,0.9384239999999999,0.9708690000000001,BLR,CHN,8947
1796670,29,43,1412,2004.0,0.0,9240.0,-0.528459,-0.739219,BLZ,CHN,8947
1796671,30,43,1412,2004.0,0.0,33629.0,0.67576,-0.49529799999999996,BMU,CHN,8947
1796672,31,43,1412,2004.0,0.0,136395.0,-0.841087,-0.770059,BOL,CHN,8947
1796673,32,43,1412,2004.0,4674.0,7069718.0,0.504233,1.567879,BRA,CHN,8947
1796674,33,43,1412,2004.0,0.0,36113.0,0.644308,0.290054,BRB,CHN,8947
1796675,34,43,1412,2004.0,0.0,114096.0,-0.720827,-0.964435,BRN,CHN,8947
1796676,37,43,1412,2004.0,0.0,26568.0,-0.435159,-1.150519,BWA,CHN,8947
1796677,39,43,1412,2004.0,878798.0,171055984.0,0.781591,1.365966,CAN,CHN,8947
1796678,41,43,1412,2004.0,1234604.0,7578121.0,2.234603,0.551975,CHE,CHN,8947
1796679,42,43,1412,2004.0,0.0,14746134.0,-0.24101399999999998,-0.303103,CHL,CHN,8947
1796680,44,43,1412,2004.0,0.0,68330.0,-0.835933,-0.749289,CIV,CHN,8947
1796681,45,43,1412,2004.0,0.0,68601.0,-1.380149,-1.220501,CMR,CHN,8947
1796682,46,43,1412,2004.0,0.0,73134.0,-1.426621,-1.198377,COD,CHN,8947
1796683,47,43,1412,2004.0,0.0,161466.0,-1.415254,-1.24599,COG,CHN,8947
1796684,49,43,1412,2004.0,0.0,2753881.0,0.044706,0.514304,COL,CHN,8947
1796685,51,43,1412,2004.0,0.0,42436.0,-0.291469,-0.6426850000000001,CPV,CHN,8947
1796686,52,43,1412,2004.0,0.0,1251821.0,-0.036323,-0.313847,CRI,CHN,8947
1796687,54,43,1412,2004.0,0.0,1162853.0,-0.16826,-0.644388,CUB,CHN,8947
1796688,58,43,1412,2004.0,0.0,1343903.0,0.42732200000000004,0.811763,CYP,CHN,8947
1796689,59,43,1412,2004.0,213475.0,9661660.0,1.612543,0.607495,CZE,CHN,8947
1796690,61,43,1412,2004.0,7906676.0,237886528.0,2.4453099999999997,-2.331761,DEU,CHN,8947
1796691,62,43,1412,2004.0,0.0,32004.0,-0.370222,-0.28660399999999997,DJI,CHN,8947
1796692,63,43,1412,2004.0,0.0,92487.0,0.478601,0.368796,DMA,CHN,8947
1796693,64,43,1412,2004.0,810135.0,33132612.0,1.309074,1.2627979999999999,DNK,CHN,8947
1796694,65,43,1412,2004.0,0.0,449273.0,-0.24909699999999999,-0.326783,DOM,CHN,8947
1796695,66,43,1412,2004.0,0.0,1604775.0,-1.166661,-1.2240879999999998,DZA,CHN,8947
1796696,67,43,1412,2004.0,0.0,2715275.0,-0.990727,-0.9383090000000001,ECU,CHN,8947
1796697,68,43,1412,2004.0,8376.0,4717651.0,-0.35823499999999997,0.5000100000000001,EGY,CHN,8947
1796698,71,43,1412,2004.0,342933.0,62220612.0,1.04057,1.789023,ESP,CHN,8947
1796699,72,43,1412,2004.0,106573.0,881024.0,0.645741,1.035117,EST,CHN,8947
1796700,73,43,1412,2004.0,0.0,240114.0,-1.202444,-0.8973120000000001,ETH,CHN,8947
1796701,74,43,1412,2004.0,342805.0,18101826.0,1.9662810000000002,1.018108,FIN,CHN,8947
1796702,75,43,1412,2004.0,0.0,116046.0,-0.793333,-0.27460100000000004,FJI,CHN,8947
1796703,77,43,1412,2004.0,5464962.0,187869456.0,1.57079,0.6776760000000001,FRA,CHN,8947
1796704,78,43,1412,2004.0,0.0,254666.0,-1.127967,-1.002561,FRO,CHN,8947
1796705,79,43,1412,2004.0,0.0,9496.0,-1.155942,-1.049955,FSM,CHN,8947
1796706,80,43,1412,2004.0,0.0,30983.0,-1.006071,-1.212338,GAB,CHN,8947
1796707,81,43,1412,2004.0,1349589.0,269848736.0,1.872987,0.734065,GBR,CHN,8947
1796708,82,43,1412,2004.0,0.0,44084.0,-0.030676,-0.560186,GEO,CHN,8947
1796709,83,43,1412,2004.0,0.0,840498.0,-1.015073,-0.9147069999999999,GHA,CHN,8947
1796710,85,43,1412,2004.0,0.0,26172.0,-1.004077,-1.108018,GIN,CHN,8947
1796711,87,43,1412,2004.0,0.0,124965.0,-0.22746999999999998,-0.14824600000000002,GMB,CHN,8947
1796712,88,43,1412,2004.0,0.0,81494.0,-1.258264,-1.028131,GNB,CHN,8947
1796713,90,43,1412,2004.0,5309.0,9770676.0,0.298029,1.745886,GRC,CHN,8947
1796714,91,43,1412,2004.0,0.0,5832.0,0.426058,-0.30841799999999997,GRD,CHN,8947
1796715,92,43,1412,2004.0,0.0,15885.0,-1.152664,-0.986844,GRL,CHN,8947
1796716,93,43,1412,2004.0,0.0,999204.0,-0.39399,0.139128,GTM,CHN,8947
1796717,96,43,1412,2004.0,0.0,56634.0,-0.932802,-0.9846530000000001,GUY,CHN,8947
1796718,97,43,1412,2004.0,15571373.0,366983040.0,0.72816,1.403171,HKG,CHN,8947
1796719,99,43,1412,2004.0,1058.0,657050.0,-0.6372140000000001,-0.453946,HND,CHN,8947
1796720,100,43,1412,2004.0,0.0,2907810.0,0.744459,1.1994479999999998,HRV,CHN,8947
1796721,102,43,1412,2004.0,56022.0,7394036.0,1.3579370000000002,0.9993219999999999,HUN,CHN,8947
1796722,103,43,1412,2004.0,111887.0,11655288.0,0.010095999999999999,1.7413779999999999,IDN,CHN,8947
1796723,104,43,1412,2004.0,305937.0,7653890.0,0.20872,2.817307,IND,CHN,8947
1796724,106,43,1412,2004.0,435566.0,6879877.0,1.498475,0.19050799999999998,IRL,CHN,8947
1796725,107,43,1412,2004.0,0.0,4068807.0,-0.6691699999999999,-1.002548,IRN,CHN,8947
1796726,108,43,1412,2004.0,0.0,1106865.0,-1.50824,-1.082486,IRQ,CHN,8947
1796727,109,43,1412,2004.0,0.0,214191.0,0.107901,-0.41223699999999996,ISL,CHN,8947
1796728,110,43,1412,2004.0,0.0,6413422.0,1.252895,0.8662770000000001,ISR,CHN,8947
1796729,111,43,1412,2004.0,16838900.0,89204784.0,1.440372,0.676068,ITA,CHN,8947
1796730,112,43,1412,2004.0,0.0,167998.0,-0.505365,-0.9596120000000001,JAM,CHN,8947
1796731,113,43,1412,2004.0,0.0,984563.0,0.16384200000000002,0.34270100000000003,JOR,CHN,8947
1796732,114,43,1412,2004.0,21111972.0,402151744.0,2.756136,0.15545,JPN,CHN,8947
1796733,115,43,1412,2004.0,1529.0,506722.0,-0.43987200000000004,-0.50862,KAZ,CHN,8947
1796734,116,43,1412,2004.0,0.0,305614.0,-0.565597,0.182375,KEN,CHN,8947
1796735,117,43,1412,2004.0,0.0,285685.0,-0.263776,0.503736,KGZ,CHN,8947
1796736,118,43,1412,2004.0,0.0,200623.0,-1.145227,-1.19179,KHM,CHN,8947
1796737,121,43,1412,2004.0,26233842.0,105594824.0,1.481275,0.7859,KOR,CHN,8947
1796738,122,43,1412,2004.0,0.0,1471933.0,-0.8195479999999999,-1.2105709999999998,KWT,CHN,8947
1796739,124,43,1412,2004.0,0.0,1962008.0,0.269753,1.3152979999999999,LBN,CHN,8947
1796740,125,43,1412,2004.0,0.0,42989.0,0.037469,-1.036878,LBR,CHN,8947
1796741,126,43,1412,2004.0,0.0,76878.0,-0.895142,-1.211141,LBY,CHN,8947
1796742,127,43,1412,2004.0,0.0,2668.0,0.31900300000000004,-0.346391,LCA,CHN,8947
1796743,128,43,1412,2004.0,0.0,1723313.0,-0.42450299999999996,0.173518,LKA,CHN,8947
1796744,130,43,1412,2004.0,0.0,1606195.0,0.341521,0.7971560000000001,LTU,CHN,8947
1796745,131,43,1412,2004.0,0.0,86830.0,1.258828,1.079923,LUX,CHN,8947
1796746,132,43,1412,2004.0,0.0,3515003.0,0.415001,0.8476809999999999,LVA,CHN,8947
1796747,133,43,1412,2004.0,103391.0,488280.0,-0.12333599999999999,-0.600164,MAC,CHN,8947
1796748,134,43,1412,2004.0,30679.0,2564615.0,-0.626594,-0.22253499999999998,MAR,CHN,8947
1796749,135,43,1412,2004.0,0.0,81347.0,-0.13031900000000002,-0.118591,MDA,CHN,8947
1796750,136,43,1412,2004.0,0.0,73604.0,-1.1010799999999998,-0.7367859999999999,MDG,CHN,8947
1796751,137,43,1412,2004.0,0.0,27869.0,-0.44303000000000003,-0.841744,MDV,CHN,8947
1796752,138,43,1412,2004.0,214146.0,16545164.0,1.183707,0.9043700000000001,MEX,CHN,8947
1796753,139,43,1412,2004.0,0.0,3568.0,-0.712684,-0.88944,MHL,CHN,8947
1796754,140,43,1412,2004.0,0.0,178763.0,-0.120439,0.27624899999999997,MKD,CHN,8947
1796755,141,43,1412,2004.0,0.0,47301.0,-0.5807979999999999,-0.797311,MLI,CHN,8947
1796756,142,43,1412,2004.0,0.0,337265.0,1.2290379999999999,-0.025372,MLT,CHN,8947
1796757,143,43,1412,2004.0,0.0,875912.0,-1.048261,-0.828443,MMR,CHN,8947
1796758,145,43,1412,2004.0,0.0,82406.0,-0.920198,-1.1059219999999998,MNG,CHN,8947
1796759,147,43,1412,2004.0,0.0,111694.0,-1.009633,-0.9863059999999999,MOZ,CHN,8947
1796760,148,43,1412,2004.0,0.0,81426.0,-1.8941119999999998,-1.357728,MRT,CHN,8947
1796761,151,43,1412,2004.0,0.0,362319.0,-0.161262,-0.29730300000000004,MUS,CHN,8947
1796762,152,43,1412,2004.0,0.0,21332.0,-1.233417,-1.071204,MWI,CHN,8947
1796763,153,43,1412,2004.0,717375.0,23113392.0,1.250098,0.352379,MYS,CHN,8947
1796764,154,43,1412,2004.0,0.0,8419.0,1.290551,0.284667,MYT,CHN,8947
1796765,155,43,1412,2004.0,0.0,38198.0,-0.408989,-0.462016,NAM,CHN,8947
1796766,156,43,1412,2004.0,0.0,65194.0,-0.279566,-0.860456,NCL,CHN,8947
1796767,157,43,1412,2004.0,0.0,21658.0,-1.102485,-0.850282,NER,CHN,8947
1796768,158,43,1412,2004.0,0.0,48125.0,1.2421200000000001,-0.40618899999999997,NFK,CHN,8947
1796769,159,43,1412,2004.0,0.0,2280760.0,-2.336753,-1.350375,NGA,CHN,8947
1796770,160,43,1412,2004.0,0.0,133952.0,-1.003846,-0.697642,NIC,CHN,8947
1796771,162,43,1412,2004.0,5884856.0,116611984.0,1.171327,1.6369799999999999,NLD,CHN,8947
1796772,163,43,1412,2004.0,39520.0,12839608.0,0.731175,-0.0655,NOR,CHN,8947
1796773,164,43,1412,2004.0,0.0,115433.0,-0.16800199999999998,0.541976,NPL,CHN,8947
1796774,166,43,1412,2004.0,13523.0,12079541.0,0.44099099999999997,0.968326,NZL,CHN,8947
1796775,167,43,1412,2004.0,0.0,110064.0,-0.707862,-1.187629,OMN,CHN,8947
1796776,168,43,1412,2004.0,392189.0,2805665.0,-0.7489600000000001,0.22493200000000002,PAK,CHN,8947
1796777,169,43,1412,2004.0,0.0,5056922.0,0.054997000000000004,0.440416,PAN,CHN,8947
1796778,173,43,1412,2004.0,0.0,3211094.0,-0.609837,0.13314,PER,CHN,8947
1796779,174,43,1412,2004.0,534750.0,6838312.0,0.288786,-0.25348699999999996,PHL,CHN,8947
1796780,176,43,1412,2004.0,0.0,158236.0,-1.57259,-1.215066,PNG,CHN,8947
1796781,177,43,1412,2004.0,3318.0,15372367.0,0.989568,1.49055,POL,CHN,8947
1796782,178,43,1412,2004.0,0.0,112670.0,0.695376,0.9732209999999999,PRK,CHN,8947
1796783,179,43,1412,2004.0,19433.0,5392140.0,0.705075,1.7268729999999999,PRT,CHN,8947
1796784,180,43,1412,2004.0,4064.0,5962900.0,-0.634469,-0.870034,PRY,CHN,8947
1796785,182,43,1412,2004.0,0.0,187921.0,-0.125349,-0.718282,PYF,CHN,8947
1796786,183,43,1412,2004.0,0.0,268968.0,0.018141,-1.03766,QAT,CHN,8947
1796787,185,43,1412,2004.0,0.0,5440446.0,0.53925,1.145066,ROU,CHN,8947
1796788,186,43,1412,2004.0,13708.0,34140460.0,0.422803,0.017524,RUS,CHN,8947
1796789,187,43,1412,2004.0,0.0,1597.0,-1.3090190000000002,-1.063632,RWA,CHN,8947
1796790,188,43,1412,2004.0,0.0,12251616.0,0.361324,-0.760732,SAU,CHN,8947
1796791,189,43,1412,2004.0,398673.0,1437365.0,0.544686,2.418024,SCG,CHN,8947
1796792,190,43,1412,2004.0,0.0,314804.0,-1.503552,-1.253193,SDN,CHN,8947
1796793,191,43,1412,2004.0,0.0,213072.0,-0.620158,-0.296575,SEN,CHN,8947
1796794,192,43,1412,2004.0,625628.0,17174272.0,1.804502,0.570084,SGP,CHN,8947
1796795,195,43,1412,2004.0,0.0,12051.0,-1.337367,-1.051245,SLB,CHN,8947
1796796,197,43,1412,2004.0,0.0,421014.0,-0.21054299999999998,0.086382,SLV,CHN,8947
1796797,198,43,1412,2004.0,0.0,140033.0,1.530337,0.719013,SMR,CHN,8947
1796798,205,43,1412,2004.0,0.0,74112.0,-1.056251,-1.0234590000000001,SUR,CHN,8947
1796799,206,43,1412,2004.0,470239.0,827173.0,1.2683149999999999,0.9208620000000001,SVK,CHN,8947
1796800,207,43,1412,2004.0,96629.0,4203525.0,1.700677,0.829765,SVN,CHN,8947
1796801,208,43,1412,2004.0,709392.0,30590842.0,2.105611,0.707843,SWE,CHN,8947
1796802,211,43,1412,2004.0,0.0,8274.0,-0.585828,-0.768388,SYC,CHN,8947
1796803,212,43,1412,2004.0,0.0,1955513.0,-0.698545,-0.111323,SYR,CHN,8947
1796804,215,43,1412,2004.0,0.0,81125.0,-0.569621,-0.533211,TGO,CHN,8947
1796805,216,43,1412,2004.0,2105566.0,15740151.0,0.633501,1.4648290000000002,THA,CHN,8947
1796806,217,43,1412,2004.0,0.0,106243.0,-0.805571,-1.077194,TJK,CHN,8947
1796807,220,43,1412,2004.0,0.0,8010.0,0.437675,-0.21816300000000002,TLS,CHN,8947
1796808,221,43,1412,2004.0,0.0,35392.0,-0.431874,-0.8715629999999999,TON,CHN,8947
1796809,222,43,1412,2004.0,0.0,303519.0,-0.108049,-0.923523,TTO,CHN,8947
1796810,223,43,1412,2004.0,0.0,404897.0,-0.125092,0.370625,TUN,CHN,8947
1796811,224,43,1412,2004.0,32574.0,13708915.0,0.249065,1.910598,TUR,CHN,8947
1796812,225,43,1412,2004.0,0.0,25869.0,1.8128529999999998,-0.173455,TUV,CHN,8947
1796813,226,43,1412,2004.0,0.0,330319.0,-0.935327,0.362709,TZA,CHN,8947
1796814,227,43,1412,2004.0,0.0,27073.0,-1.05367,-0.546304,UGA,CHN,8947
1796815,228,43,1412,2004.0,0.0,6838589.0,0.672848,1.172735,UKR,CHN,8947
1796816,230,43,1412,2004.0,0.0,1440392.0,-0.051583000000000004,0.145056,URY,CHN,8947
1796817,231,43,1412,2004.0,36893912.0,2264278016.0,1.818327,-0.17913900000000002,USA,CHN,8947
1796818,232,43,1412,2004.0,0.0,99341.0,-0.518472,-0.7689779999999999,UZB,CHN,8947
1796819,234,43,1412,2004.0,0.0,1009.0,-0.706188,-0.9244120000000001,VCT,CHN,8947
1796820,236,43,1412,2004.0,0.0,3708795.0,-0.41193900000000006,-0.9578899999999999,VEN,CHN,8947
1796821,239,43,1412,2004.0,458004.0,3423944.0,-0.46875500000000003,0.734412,VNM,CHN,8947
1796822,240,43,1412,2004.0,0.0,1699.0,-1.284054,-1.0415809999999999,VUT,CHN,8947
1796823,241,43,1412,2004.0,0.0,21199.0,2.237209,0.203692,WLF,CHN,8947
1796824,243,43,1412,2004.0,0.0,981384.0,-1.298227,-1.2496639999999999,YEM,CHN,8947
1796825,246,43,1412,2004.0,54464.0,16860108.0,0.29599699999999995,1.909018,ZAF,CHN,8947
1796826,247,43,1412,2004.0,0.0,9737.0,-0.8752479999999999,-0.784285,ZMB,CHN,8947
1796827,248,43,1412,2004.0,0.0,22099.0,-0.44064799999999993,0.01704,ZWE,CHN,8947
1796828,249,43,1412,2004.0,60460384.0,36363424.0,1.8844150000000002,1.257951,TWN,CHN,8947
1796829,250,43,1412,2004.0,0.0,3614.0,0.46240200000000004,-0.406624,ANS,CHN,8947
1796830,0,49,1412,2004.0,0.0,2030.0,0.074978,-0.8537239999999999,ABW,COL,8947
1796831,1,49,1412,2004.0,11499.0,0.0,-0.8890309999999999,-0.773602,AFG,COL,8947
1796832,6,49,1412,2004.0,0.0,1860.0,0.080304,-0.634516,ANT,COL,8947
1796833,8,49,1412,2004.0,46956.0,34373.0,-0.070845,0.879574,ARG,COL,8947
1796834,14,49,1412,2004.0,15931.0,3107.0,-0.198735,0.81543,AUS,COL,8947
1796835,15,49,1412,2004.0,0.0,1513.0,1.958949,0.209296,AUT,COL,8947
1796836,18,49,1412,2004.0,10804.0,186011.0,1.242665,1.541444,BEL,COL,8947
1796837,31,49,1412,2004.0,4550.0,4474.0,-0.841087,-0.770059,BOL,COL,8947
1796838,32,49,1412,2004.0,817023.0,0.0,0.504233,1.567879,BRA,COL,8947
1796839,39,49,1412,2004.0,51349.0,0.0,0.781591,1.365966,CAN,COL,8947
1796840,41,49,1412,2004.0,22872.0,204270.0,2.234603,0.551975,CHE,COL,8947
1796841,42,49,1412,2004.0,8394.0,23168.0,-0.24101399999999998,-0.303103,CHL,COL,8947
1796842,43,49,1412,2004.0,2753881.0,0.0,0.710603,2.017234,CHN,COL,8947
1796843,52,49,1412,2004.0,0.0,60290.0,-0.036323,-0.313847,CRI,COL,8947
1796844,54,49,1412,2004.0,0.0,10957.0,-0.16826,-0.644388,CUB,COL,8947
1796845,59,49,1412,2004.0,4044.0,0.0,1.612543,0.607495,CZE,COL,8947
1796846,61,49,1412,2004.0,98326.0,135938.0,2.4453099999999997,-2.331761,DEU,COL,8947
1796847,65,49,1412,2004.0,0.0,12611.0,-0.24909699999999999,-0.326783,DOM,COL,8947
1796848,67,49,1412,2004.0,0.0,708711.0,-0.990727,-0.9383090000000001,ECU,COL,8947
1796849,71,49,1412,2004.0,102750.0,41203.0,1.04057,1.789023,ESP,COL,8947
1796850,74,49,1412,2004.0,8459.0,0.0,1.9662810000000002,1.018108,FIN,COL,8947
1796851,77,49,1412,2004.0,112939.0,0.0,1.57079,0.6776760000000001,FRA,COL,8947
1796852,81,49,1412,2004.0,11115.0,224591.0,1.872987,0.734065,GBR,COL,8947
1796853,90,49,1412,2004.0,0.0,19672.0,0.298029,1.745886,GRC,COL,8947
1796854,93,49,1412,2004.0,0.0,7195.0,-0.39399,0.139128,GTM,COL,8947
1796855,97,49,1412,2004.0,149103.0,0.0,0.72816,1.403171,HKG,COL,8947
1796856,99,49,1412,2004.0,0.0,8589.0,-0.6372140000000001,-0.453946,HND,COL,8947
1796857,103,49,1412,2004.0,62354.0,0.0,0.010095999999999999,1.7413779999999999,IDN,COL,8947
1796858,106,49,1412,2004.0,6312.0,0.0,1.498475,0.19050799999999998,IRL,COL,8947
1796859,111,49,1412,2004.0,671197.0,262192.0,1.440372,0.676068,ITA,COL,8947
1796860,114,49,1412,2004.0,19617.0,0.0,2.756136,0.15545,JPN,COL,8947
1796861,121,49,1412,2004.0,102011.0,0.0,1.481275,0.7859,KOR,COL,8947
1796862,122,49,1412,2004.0,0.0,1530.0,-0.8195479999999999,-1.2105709999999998,KWT,COL,8947
1796863,138,49,1412,2004.0,118131.0,233556.0,1.183707,0.9043700000000001,MEX,COL,8947
1796864,153,49,1412,2004.0,3393.0,0.0,1.250098,0.352379,MYS,COL,8947
1796865,162,49,1412,2004.0,0.0,46474.0,1.171327,1.6369799999999999,NLD,COL,8947
1796866,163,49,1412,2004.0,39094.0,0.0,0.731175,-0.0655,NOR,COL,8947
1796867,168,49,1412,2004.0,85471.0,0.0,-0.7489600000000001,0.22493200000000002,PAK,COL,8947
1796868,169,49,1412,2004.0,14564.0,60799.0,0.054997000000000004,0.440416,PAN,COL,8947
1796869,173,49,1412,2004.0,382380.0,155565.0,-0.609837,0.13314,PER,COL,8947
1796870,177,49,1412,2004.0,1284.0,0.0,0.989568,1.49055,POL,COL,8947
1796871,180,49,1412,2004.0,4364.0,0.0,-0.634469,-0.870034,PRY,COL,8947
1796872,197,49,1412,2004.0,0.0,8199.0,-0.21054299999999998,0.086382,SLV,COL,8947
1796873,216,49,1412,2004.0,185144.0,0.0,0.633501,1.4648290000000002,THA,COL,8947
1796874,222,49,1412,2004.0,0.0,2660.0,-0.108049,-0.923523,TTO,COL,8947
1796875,224,49,1412,2004.0,2015.0,0.0,0.249065,1.910598,TUR,COL,8947
1796876,228,49,1412,2004.0,4099.0,0.0,0.672848,1.172735,UKR,COL,8947
1796877,231,49,1412,2004.0,2780506.0,3301737.0,1.818327,-0.17913900000000002,USA,COL,8947
1796878,236,49,1412,2004.0,226336.0,536343.0,-0.41193900000000006,-0.9578899999999999,VEN,COL,8947
1796879,249,49,1412,2004.0,999834.0,0.0,1.8844150000000002,1.257951,TWN,COL,8947
1796880,250,49,1412,2004.0,859521.0,10648.0,0.46240200000000004,-0.406624,ANS,COL,8947
1796881,8,52,1412,2004.0,26061.0,0.0,-0.070845,0.879574,ARG,CRI,8947
1796882,15,52,1412,2004.0,12936.0,0.0,1.958949,0.209296,AUT,CRI,8947
1796883,32,52,1412,2004.0,175316.0,0.0,0.504233,1.567879,BRA,CRI,8947
1796884,39,52,1412,2004.0,41115.0,296457.0,0.781591,1.365966,CAN,CRI,8947
1796885,41,52,1412,2004.0,1287.0,0.0,2.234603,0.551975,CHE,CRI,8947
1796886,43,52,1412,2004.0,1251821.0,0.0,0.710603,2.017234,CHN,CRI,8947
1796887,49,52,1412,2004.0,60290.0,0.0,0.044706,0.514304,COL,CRI,8947
1796888,54,52,1412,2004.0,0.0,3328.0,-0.16826,-0.644388,CUB,CRI,8947
1796889,61,52,1412,2004.0,32415.0,0.0,2.4453099999999997,-2.331761,DEU,CRI,8947
1796890,65,52,1412,2004.0,9272.0,0.0,-0.24909699999999999,-0.326783,DOM,CRI,8947
1796891,71,52,1412,2004.0,13386.0,8020.0,1.04057,1.789023,ESP,CRI,8947
1796892,74,52,1412,2004.0,31908.0,0.0,1.9662810000000002,1.018108,FIN,CRI,8947
1796893,77,52,1412,2004.0,56965.0,0.0,1.57079,0.6776760000000001,FRA,CRI,8947
1796894,81,52,1412,2004.0,4567.0,0.0,1.872987,0.734065,GBR,CRI,8947
1796895,93,52,1412,2004.0,8693.0,27095.0,-0.39399,0.139128,GTM,CRI,8947
1796896,97,52,1412,2004.0,125849.0,0.0,0.72816,1.403171,HKG,CRI,8947
1796897,99,52,1412,2004.0,0.0,1753.0,-0.6372140000000001,-0.453946,HND,CRI,8947
1796898,102,52,1412,2004.0,7314.0,0.0,1.3579370000000002,0.9993219999999999,HUN,CRI,8947
1796899,103,52,1412,2004.0,12458.0,0.0,0.010095999999999999,1.7413779999999999,IDN,CRI,8947
1796900,111,52,1412,2004.0,665886.0,1785.0,1.440372,0.676068,ITA,CRI,8947
1796901,114,52,1412,2004.0,6070.0,48914.0,2.756136,0.15545,JPN,CRI,8947
1796902,121,52,1412,2004.0,30296.0,0.0,1.481275,0.7859,KOR,CRI,8947
1796903,127,52,1412,2004.0,0.0,1031.0,0.31900300000000004,-0.346391,LCA,CRI,8947
1796904,138,52,1412,2004.0,213496.0,2185.0,1.183707,0.9043700000000001,MEX,CRI,8947
1796905,153,52,1412,2004.0,4589.0,0.0,1.250098,0.352379,MYS,CRI,8947
1796906,160,52,1412,2004.0,1394.0,67669.0,-1.003846,-0.697642,NIC,CRI,8947
1796907,162,52,1412,2004.0,26789.0,0.0,1.171327,1.6369799999999999,NLD,CRI,8947
1796908,168,52,1412,2004.0,107773.0,0.0,-0.7489600000000001,0.22493200000000002,PAK,CRI,8947
1796909,169,52,1412,2004.0,119325.0,164219.0,0.054997000000000004,0.440416,PAN,CRI,8947
1796910,173,52,1412,2004.0,78915.0,0.0,-0.609837,0.13314,PER,CRI,8947
1796911,174,52,1412,2004.0,5277.0,0.0,0.288786,-0.25348699999999996,PHL,CRI,8947
1796912,179,52,1412,2004.0,1316.0,0.0,0.705075,1.7268729999999999,PRT,CRI,8947
1796913,192,52,1412,2004.0,0.0,5716.0,1.804502,0.570084,SGP,CRI,8947
1796914,197,52,1412,2004.0,12618.0,6095.0,-0.21054299999999998,0.086382,SLV,CRI,8947
1796915,216,52,1412,2004.0,38416.0,0.0,0.633501,1.4648290000000002,THA,CRI,8947
1796916,230,52,1412,2004.0,0.0,12232.0,-0.051583000000000004,0.145056,URY,CRI,8947
1796917,231,52,1412,2004.0,6351227.0,16884000.0,1.818327,-0.17913900000000002,USA,CRI,8947
1796918,249,52,1412,2004.0,435708.0,0.0,1.8844150000000002,1.257951,TWN,CRI,8947
1796919,250,52,1412,2004.0,7185.0,0.0,0.46240200000000004,-0.406624,ANS,CRI,8947
1796920,18,54,1412,2004.0,11662.0,0.0,1.242665,1.541444,BEL,CUB,8947
1796921,39,54,1412,2004.0,315494.0,0.0,0.781591,1.365966,CAN,CUB,8947
1796922,43,54,1412,2004.0,1162853.0,0.0,0.710603,2.017234,CHN,CUB,8947
1796923,49,54,1412,2004.0,10957.0,0.0,0.044706,0.514304,COL,CUB,8947
1796924,52,54,1412,2004.0,3328.0,0.0,-0.036323,-0.313847,CRI,CUB,8947
1796925,61,54,1412,2004.0,25573.0,1471.0,2.4453099999999997,-2.331761,DEU,CUB,8947
1796926,65,54,1412,2004.0,41695.0,0.0,-0.24909699999999999,-0.326783,DOM,CUB,8947
1796927,71,54,1412,2004.0,729469.0,1525.0,1.04057,1.789023,ESP,CUB,8947
1796928,72,54,1412,2004.0,4806.0,0.0,0.645741,1.035117,EST,CUB,8947
1796929,77,54,1412,2004.0,73025.0,0.0,1.57079,0.6776760000000001,FRA,CUB,8947
1796930,81,54,1412,2004.0,8104.0,0.0,1.872987,0.734065,GBR,CUB,8947
1796931,93,54,1412,2004.0,0.0,1214.0,-0.39399,0.139128,GTM,CUB,8947
1796932,97,54,1412,2004.0,4205.0,0.0,0.72816,1.403171,HKG,CUB,8947
1796933,102,54,1412,2004.0,1639.0,0.0,1.3579370000000002,0.9993219999999999,HUN,CUB,8947
1796934,103,54,1412,2004.0,2474.0,0.0,0.010095999999999999,1.7413779999999999,IDN,CUB,8947
1796935,111,54,1412,2004.0,2170405.0,0.0,1.440372,0.676068,ITA,CUB,8947
1796936,112,54,1412,2004.0,20892.0,0.0,-0.505365,-0.9596120000000001,JAM,CUB,8947
1796937,114,54,1412,2004.0,31968.0,0.0,2.756136,0.15545,JPN,CUB,8947
1796938,121,54,1412,2004.0,40562.0,0.0,1.481275,0.7859,KOR,CUB,8947
1796939,138,54,1412,2004.0,186389.0,0.0,1.183707,0.9043700000000001,MEX,CUB,8947
1796940,162,54,1412,2004.0,67470.0,2387.0,1.171327,1.6369799999999999,NLD,CUB,8947
1796941,163,54,1412,2004.0,8020.0,0.0,0.731175,-0.0655,NOR,CUB,8947
1796942,168,54,1412,2004.0,1210.0,0.0,-0.7489600000000001,0.22493200000000002,PAK,CUB,8947
1796943,169,54,1412,2004.0,78774.0,0.0,0.054997000000000004,0.440416,PAN,CUB,8947
1796944,208,54,1412,2004.0,9066.0,0.0,2.105611,0.707843,SWE,CUB,8947
1796945,216,54,1412,2004.0,7174.0,0.0,0.633501,1.4648290000000002,THA,CUB,8947
1796946,231,54,1412,2004.0,40699.0,0.0,1.818327,-0.17913900000000002,USA,CUB,8947
1796947,236,54,1412,2004.0,0.0,92504.0,-0.41193900000000006,-0.9578899999999999,VEN,CUB,8947
1796948,239,54,1412,2004.0,9184.0,0.0,-0.46875500000000003,0.734412,VNM,CUB,8947
1796949,249,54,1412,2004.0,50744.0,0.0,1.8844150000000002,1.257951,TWN,CUB,8947
1796950,0,61,1412,2004.0,0.0,1012.0,0.074978,-0.8537239999999999,ABW,DEU,8947
1796951,1,61,1412,2004.0,0.0,4070.0,-0.8890309999999999,-0.773602,AFG,DEU,8947
1796952,2,61,1412,2004.0,0.0,3019.0,-0.8688110000000001,-1.198692,AGO,DEU,8947
1796953,4,61,1412,2004.0,0.0,49886.0,-0.142479,0.136074,ALB,DEU,8947
1796954,5,61,1412,2004.0,0.0,1199768.0,1.122154,0.958434,AND,DEU,8947
1796955,6,61,1412,2004.0,0.0,57342.0,0.080304,-0.634516,ANT,DEU,8947
1796956,7,61,1412,2004.0,42857.0,2389530.0,-0.10993399999999999,-0.5351640000000001,ARE,DEU,8947
1796957,8,61,1412,2004.0,32135.0,123378.0,-0.070845,0.879574,ARG,DEU,8947
1796958,9,61,1412,2004.0,0.0,32119.0,0.497276,-0.226016,ARM,DEU,8947
1796959,14,61,1412,2004.0,207786.0,1996418.0,-0.198735,0.81543,AUS,DEU,8947
1796960,15,61,1412,2004.0,104581832.0,83570744.0,1.958949,0.209296,AUT,DEU,8947
1796961,16,61,1412,2004.0,0.0,139890.0,-0.720616,-1.009692,AZE,DEU,8947
1796962,18,61,1412,2004.0,37796816.0,15127105.0,1.242665,1.541444,BEL,DEU,8947
1796963,19,61,1412,2004.0,0.0,17453.0,-1.422449,-1.09615,BEN,DEU,8947
1796964,21,61,1412,2004.0,0.0,10438.0,-1.118427,-1.091315,BFA,DEU,8947
1796965,22,61,1412,2004.0,226102.0,31252.0,-1.074194,-0.9392389999999999,BGD,DEU,8947
1796966,23,61,1412,2004.0,1554875.0,1652991.0,0.390627,1.631006,BGR,DEU,8947
1796967,24,61,1412,2004.0,0.0,57223.0,-0.551237,-1.174628,BHR,DEU,8947
1796968,25,61,1412,2004.0,0.0,35944.0,0.029548,-0.692239,BHS,DEU,8947
1796969,26,61,1412,2004.0,66836.0,345550.0,0.45637,0.6154470000000001,BIH,DEU,8947
1796970,28,61,1412,2004.0,155272.0,412908.0,0.9384239999999999,0.9708690000000001,BLR,DEU,8947
1796971,29,61,1412,2004.0,1214.0,0.0,-0.528459,-0.739219,BLZ,DEU,8947
1796972,30,61,1412,2004.0,0.0,1004.0,0.67576,-0.49529799999999996,BMU,DEU,8947
1796973,31,61,1412,2004.0,0.0,8196.0,-0.841087,-0.770059,BOL,DEU,8947
1796974,32,61,1412,2004.0,68537.0,854571.0,0.504233,1.567879,BRA,DEU,8947
1796975,33,61,1412,2004.0,0.0,41014.0,0.644308,0.290054,BRB,DEU,8947
1796976,34,61,1412,2004.0,0.0,25756.0,-0.720827,-0.964435,BRN,DEU,8947
1796977,37,61,1412,2004.0,0.0,5173.0,-0.435159,-1.150519,BWA,DEU,8947
1796978,39,61,1412,2004.0,7254954.0,9207886.0,0.781591,1.365966,CAN,DEU,8947
1796979,41,61,1412,2004.0,15834455.0,68626832.0,2.234603,0.551975,CHE,DEU,8947
1796980,42,61,1412,2004.0,9392.0,1074524.0,-0.24101399999999998,-0.303103,CHL,DEU,8947
1796981,43,61,1412,2004.0,237886528.0,7906676.0,0.710603,2.017234,CHN,DEU,8947
1796982,45,61,1412,2004.0,0.0,40201.0,-1.380149,-1.220501,CMR,DEU,8947
1796983,46,61,1412,2004.0,0.0,7107.0,-1.426621,-1.198377,COD,DEU,8947
1796984,48,61,1412,2004.0,0.0,8009.0,0.24186799999999997,-0.599005,COK,DEU,8947
1796985,49,61,1412,2004.0,135938.0,98326.0,0.044706,0.514304,COL,DEU,8947
1796986,51,61,1412,2004.0,51789.0,26526.0,-0.291469,-0.6426850000000001,CPV,DEU,8947
1796987,52,61,1412,2004.0,0.0,32415.0,-0.036323,-0.313847,CRI,DEU,8947
1796988,54,61,1412,2004.0,1471.0,25573.0,-0.16826,-0.644388,CUB,DEU,8947
1796989,58,61,1412,2004.0,25145.0,480194.0,0.42732200000000004,0.811763,CYP,DEU,8947
1796990,59,61,1412,2004.0,36582836.0,16001259.0,1.612543,0.607495,CZE,DEU,8947
1796991,63,61,1412,2004.0,0.0,29594.0,0.478601,0.368796,DMA,DEU,8947
1796992,64,61,1412,2004.0,16578408.0,10404448.0,1.309074,1.2627979999999999,DNK,DEU,8947
1796993,65,61,1412,2004.0,21364.0,71915.0,-0.24909699999999999,-0.326783,DOM,DEU,8947
1796994,66,61,1412,2004.0,0.0,393684.0,-1.166661,-1.2240879999999998,DZA,DEU,8947
1796995,67,61,1412,2004.0,0.0,53775.0,-0.990727,-0.9383090000000001,ECU,DEU,8947
1796996,68,61,1412,2004.0,10652.0,990192.0,-0.35823499999999997,0.5000100000000001,EGY,DEU,8947
1796997,69,61,1412,2004.0,0.0,2086.0,0.390463,0.144876,ERI,DEU,8947
1796998,71,61,1412,2004.0,8809582.0,16698050.0,1.04057,1.789023,ESP,DEU,8947
1796999,72,61,1412,2004.0,816709.0,826739.0,0.645741,1.035117,EST,DEU,8947
1797000,73,61,1412,2004.0,0.0,60366.0,-1.202444,-0.8973120000000001,ETH,DEU,8947
1797001,74,61,1412,2004.0,19597370.0,8359744.0,1.9662810000000002,1.018108,FIN,DEU,8947
1797002,75,61,1412,2004.0,0.0,4481.0,-0.793333,-0.27460100000000004,FJI,DEU,8947
1797003,77,61,1412,2004.0,73975160.0,56380052.0,1.57079,0.6776760000000001,FRA,DEU,8947
1797004,78,61,1412,2004.0,26322.0,16534.0,-1.127967,-1.002561,FRO,DEU,8947
1797005,79,61,1412,2004.0,0.0,8977.0,-1.155942,-1.049955,FSM,DEU,8947
1797006,81,61,1412,2004.0,58781032.0,29620832.0,1.872987,0.734065,GBR,DEU,8947
1797007,82,61,1412,2004.0,0.0,118080.0,-0.030676,-0.560186,GEO,DEU,8947
1797008,83,61,1412,2004.0,0.0,12194.0,-1.015073,-0.9147069999999999,GHA,DEU,8947
1797009,84,61,1412,2004.0,0.0,21036.0,0.501154,-0.562796,GIB,DEU,8947
1797010,87,61,1412,2004.0,0.0,1961.0,-0.22746999999999998,-0.14824600000000002,GMB,DEU,8947
1797011,90,61,1412,2004.0,215312.0,4804039.0,0.298029,1.745886,GRC,DEU,8947
1797012,92,61,1412,2004.0,0.0,3929.0,-1.152664,-0.986844,GRL,DEU,8947
1797013,93,61,1412,2004.0,41003.0,46002.0,-0.39399,0.139128,GTM,DEU,8947
1797014,95,61,1412,2004.0,0.0,16033.0,0.136164,-0.616118,GUM,DEU,8947
1797015,97,61,1412,2004.0,9618849.0,1707665.0,0.72816,1.403171,HKG,DEU,8947
1797016,100,61,1412,2004.0,47784.0,2377939.0,0.744459,1.1994479999999998,HRV,DEU,8947
1797017,102,61,1412,2004.0,8601602.0,5950064.0,1.3579370000000002,0.9993219999999999,HUN,DEU,8947
1797018,103,61,1412,2004.0,1207764.0,737014.0,0.010095999999999999,1.7413779999999999,IDN,DEU,8947
1797019,104,61,1412,2004.0,4567513.0,457817.0,0.20872,2.817307,IND,DEU,8947
1797020,106,61,1412,2004.0,1406255.0,1505744.0,1.498475,0.19050799999999998,IRL,DEU,8947
1797021,107,61,1412,2004.0,0.0,794372.0,-0.6691699999999999,-1.002548,IRN,DEU,8947
1797022,109,61,1412,2004.0,0.0,516700.0,0.107901,-0.41223699999999996,ISL,DEU,8947
1797023,110,61,1412,2004.0,608835.0,1695927.0,1.252895,0.8662770000000001,ISR,DEU,8947
1797024,111,61,1412,2004.0,82753904.0,40785148.0,1.440372,0.676068,ITA,DEU,8947
1797025,112,61,1412,2004.0,0.0,17243.0,-0.505365,-0.9596120000000001,JAM,DEU,8947
1797026,113,61,1412,2004.0,0.0,62332.0,0.16384200000000002,0.34270100000000003,JOR,DEU,8947
1797027,114,61,1412,2004.0,4052163.0,16422383.0,2.756136,0.15545,JPN,DEU,8947
1797028,115,61,1412,2004.0,12516.0,1248800.0,-0.43987200000000004,-0.50862,KAZ,DEU,8947
1797029,116,61,1412,2004.0,0.0,217218.0,-0.565597,0.182375,KEN,DEU,8947
1797030,117,61,1412,2004.0,0.0,19033.0,-0.263776,0.503736,KGZ,DEU,8947
1797031,118,61,1412,2004.0,10534.0,6693.0,-1.145227,-1.19179,KHM,DEU,8947
1797032,120,61,1412,2004.0,0.0,1438.0,0.5528109999999999,-0.342657,KNA,DEU,8947
1797033,121,61,1412,2004.0,3487718.0,4517962.0,1.481275,0.7859,KOR,DEU,8947
1797034,122,61,1412,2004.0,0.0,384174.0,-0.8195479999999999,-1.2105709999999998,KWT,DEU,8947
1797035,123,61,1412,2004.0,0.0,6005.0,-0.9964770000000001,-0.9475,LAO,DEU,8947
1797036,124,61,1412,2004.0,0.0,2857068.0,0.269753,1.3152979999999999,LBN,DEU,8947
1797037,126,61,1412,2004.0,0.0,41140.0,-0.895142,-1.211141,LBY,DEU,8947
1797038,127,61,1412,2004.0,0.0,51388.0,0.31900300000000004,-0.346391,LCA,DEU,8947
1797039,128,61,1412,2004.0,2489950.0,77885.0,-0.42450299999999996,0.173518,LKA,DEU,8947
1797040,129,61,1412,2004.0,0.0,2428.0,-0.886014,-1.031562,LSO,DEU,8947
1797041,130,61,1412,2004.0,41041.0,1639660.0,0.341521,0.7971560000000001,LTU,DEU,8947
1797042,131,61,1412,2004.0,266875.0,3242069.0,1.258828,1.079923,LUX,DEU,8947
1797043,132,61,1412,2004.0,205056.0,1247202.0,0.415001,0.8476809999999999,LVA,DEU,8947
1797044,133,61,1412,2004.0,0.0,8528.0,-0.12333599999999999,-0.600164,MAC,DEU,8947
1797045,134,61,1412,2004.0,101205.0,165829.0,-0.626594,-0.22253499999999998,MAR,DEU,8947
1797046,135,61,1412,2004.0,0.0,136815.0,-0.13031900000000002,-0.118591,MDA,DEU,8947
1797047,136,61,1412,2004.0,0.0,2075.0,-1.1010799999999998,-0.7367859999999999,MDG,DEU,8947
1797048,137,61,1412,2004.0,0.0,250327.0,-0.44303000000000003,-0.841744,MDV,DEU,8947
1797049,138,61,1412,2004.0,4113152.0,1769351.0,1.183707,0.9043700000000001,MEX,DEU,8947
1797050,140,61,1412,2004.0,1906.0,123067.0,-0.120439,0.27624899999999997,MKD,DEU,8947
1797051,142,61,1412,2004.0,90189.0,190097.0,1.2290379999999999,-0.025372,MLT,DEU,8947
1797052,145,61,1412,2004.0,0.0,1463.0,-0.920198,-1.1059219999999998,MNG,DEU,8947
1797053,147,61,1412,2004.0,0.0,4222.0,-1.009633,-0.9863059999999999,MOZ,DEU,8947
1797054,151,61,1412,2004.0,46509.0,61151.0,-0.161262,-0.29730300000000004,MUS,DEU,8947
1797055,152,61,1412,2004.0,0.0,4921.0,-1.233417,-1.071204,MWI,DEU,8947
1797056,153,61,1412,2004.0,4181680.0,301299.0,1.250098,0.352379,MYS,DEU,8947
1797057,155,61,1412,2004.0,0.0,17083.0,-0.408989,-0.462016,NAM,DEU,8947
1797058,156,61,1412,2004.0,0.0,19221.0,-0.279566,-0.860456,NCL,DEU,8947
1797059,157,61,1412,2004.0,0.0,3719.0,-1.102485,-0.850282,NER,DEU,8947
1797060,159,61,1412,2004.0,0.0,2057813.0,-2.336753,-1.350375,NGA,DEU,8947
1797061,160,61,1412,2004.0,0.0,2012.0,-1.003846,-0.697642,NIC,DEU,8947
1797062,161,61,1412,2004.0,0.0,42102.0,1.3959290000000002,-0.19406099999999998,NIU,DEU,8947
1797063,162,61,1412,2004.0,62947088.0,43199744.0,1.171327,1.6369799999999999,NLD,DEU,8947
1797064,163,61,1412,2004.0,4693508.0,7763794.0,0.731175,-0.0655,NOR,DEU,8947
1797065,164,61,1412,2004.0,1678.0,3025.0,-0.16800199999999998,0.541976,NPL,DEU,8947
1797066,166,61,1412,2004.0,457384.0,760837.0,0.44099099999999997,0.968326,NZL,DEU,8947
1797067,167,61,1412,2004.0,6971.0,113789.0,-0.707862,-1.187629,OMN,DEU,8947
1797068,168,61,1412,2004.0,26566000.0,249508.0,-0.7489600000000001,0.22493200000000002,PAK,DEU,8947
1797069,169,61,1412,2004.0,0.0,3416.0,0.054997000000000004,0.440416,PAN,DEU,8947
1797070,173,61,1412,2004.0,0.0,58802.0,-0.609837,0.13314,PER,DEU,8947
1797071,174,61,1412,2004.0,12251230.0,115570.0,0.288786,-0.25348699999999996,PHL,DEU,8947
1797072,177,61,1412,2004.0,11101929.0,10408896.0,0.989568,1.49055,POL,DEU,8947
1797073,178,61,1412,2004.0,1650.0,191669.0,0.695376,0.9732209999999999,PRK,DEU,8947
1797074,179,61,1412,2004.0,598543.0,2984043.0,0.705075,1.7268729999999999,PRT,DEU,8947
1797075,180,61,1412,2004.0,0.0,31191.0,-0.634469,-0.870034,PRY,DEU,8947
1797076,182,61,1412,2004.0,0.0,1538.0,-0.125349,-0.718282,PYF,DEU,8947
1797077,183,61,1412,2004.0,5913.0,438395.0,0.018141,-1.03766,QAT,DEU,8947
1797078,185,61,1412,2004.0,4061951.0,1770979.0,0.53925,1.145066,ROU,DEU,8947
1797079,186,61,1412,2004.0,527632.0,20265312.0,0.422803,0.017524,RUS,DEU,8947
1797080,187,61,1412,2004.0,0.0,27222.0,-1.3090190000000002,-1.063632,RWA,DEU,8947
1797081,188,61,1412,2004.0,34572.0,684745.0,0.361324,-0.760732,SAU,DEU,8947
1797082,189,61,1412,2004.0,144113.0,1497670.0,0.544686,2.418024,SCG,DEU,8947
1797083,190,61,1412,2004.0,0.0,4562.0,-1.503552,-1.253193,SDN,DEU,8947
1797084,191,61,1412,2004.0,0.0,38747.0,-0.620158,-0.296575,SEN,DEU,8947
1797085,192,61,1412,2004.0,509710.0,889474.0,1.804502,0.570084,SGP,DEU,8947
1797086,196,61,1412,2004.0,0.0,42497.0,0.43205699999999997,0.068877,SLE,DEU,8947
1797087,197,61,1412,2004.0,2397.0,4835.0,-0.21054299999999998,0.086382,SLV,DEU,8947
1797088,199,61,1412,2004.0,0.0,1017.0,-0.7894100000000001,-0.939667,SOM,DEU,8947
1797089,206,61,1412,2004.0,8078558.0,2525185.0,1.2683149999999999,0.9208620000000001,SVK,DEU,8947
1797090,207,61,1412,2004.0,5712832.0,2354286.0,1.700677,0.829765,SVN,DEU,8947
1797091,208,61,1412,2004.0,8429130.0,9876541.0,2.105611,0.707843,SWE,DEU,8947
1797092,212,61,1412,2004.0,0.0,28618.0,-0.698545,-0.111323,SYR,DEU,8947
1797093,214,61,1412,2004.0,0.0,5098.0,-1.63163,-0.9495040000000001,TCD,DEU,8947
1797094,216,61,1412,2004.0,18697966.0,378336.0,0.633501,1.4648290000000002,THA,DEU,8947
1797095,219,61,1412,2004.0,0.0,5038.0,-0.9017719999999999,-1.2102620000000002,TKM,DEU,8947
1797096,222,61,1412,2004.0,0.0,27962.0,-0.108049,-0.923523,TTO,DEU,8947
1797097,223,61,1412,2004.0,375463.0,367705.0,-0.125092,0.370625,TUN,DEU,8947
1797098,224,61,1412,2004.0,813571.0,2684686.0,0.249065,1.910598,TUR,DEU,8947
1797099,226,61,1412,2004.0,0.0,10924.0,-0.935327,0.362709,TZA,DEU,8947
1797100,227,61,1412,2004.0,0.0,3249.0,-1.05367,-0.546304,UGA,DEU,8947
1797101,228,61,1412,2004.0,1427906.0,3198444.0,0.672848,1.172735,UKR,DEU,8947
1797102,230,61,1412,2004.0,1236.0,11470.0,-0.051583000000000004,0.145056,URY,DEU,8947
1797103,231,61,1412,2004.0,53358056.0,62471416.0,1.818327,-0.17913900000000002,USA,DEU,8947
1797104,232,61,1412,2004.0,0.0,76569.0,-0.518472,-0.7689779999999999,UZB,DEU,8947
1797105,234,61,1412,2004.0,0.0,5116.0,-0.706188,-0.9244120000000001,VCT,DEU,8947
1797106,236,61,1412,2004.0,15167.0,560988.0,-0.41193900000000006,-0.9578899999999999,VEN,DEU,8947
1797107,239,61,1412,2004.0,1518272.0,24054.0,-0.46875500000000003,0.734412,VNM,DEU,8947
1797108,243,61,1412,2004.0,0.0,62661.0,-1.298227,-1.2496639999999999,YEM,DEU,8947
1797109,246,61,1412,2004.0,121312.0,773535.0,0.29599699999999995,1.909018,ZAF,DEU,8947
1797110,248,61,1412,2004.0,0.0,7185.0,-0.44064799999999993,0.01704,ZWE,DEU,8947
1797111,249,61,1412,2004.0,32113392.0,479752.0,1.8844150000000002,1.257951,TWN,DEU,8947
1797112,250,61,1412,2004.0,1755.0,225150.0,0.46240200000000004,-0.406624,ANS,DEU,8947
1797113,7,63,1412,2004.0,83333.0,0.0,-0.10993399999999999,-0.5351640000000001,ARE,DMA,8947
1797114,33,63,1412,2004.0,4118.0,0.0,0.644308,0.290054,BRB,DMA,8947
1797115,39,63,1412,2004.0,1580.0,1992.0,0.781591,1.365966,CAN,DMA,8947
1797116,43,63,1412,2004.0,92487.0,0.0,0.710603,2.017234,CHN,DMA,8947
1797117,61,63,1412,2004.0,29594.0,0.0,2.4453099999999997,-2.331761,DEU,DMA,8947
1797118,77,63,1412,2004.0,3626.0,0.0,1.57079,0.6776760000000001,FRA,DMA,8947
1797119,104,63,1412,2004.0,10473.0,0.0,0.20872,2.817307,IND,DMA,8947
1797120,114,63,1412,2004.0,14415.0,0.0,2.756136,0.15545,JPN,DMA,8947
1797121,127,63,1412,2004.0,1281.0,0.0,0.31900300000000004,-0.346391,LCA,DMA,8947
1797122,231,63,1412,2004.0,53595.0,0.0,1.818327,-0.17913900000000002,USA,DMA,8947
1797123,250,63,1412,2004.0,3609.0,0.0,0.46240200000000004,-0.406624,ANS,DMA,8947
1797124,1,64,1412,2004.0,0.0,1230.0,-0.8890309999999999,-0.773602,AFG,DNK,8947
1797125,5,64,1412,2004.0,0.0,1220.0,1.122154,0.958434,AND,DNK,8947
1797126,7,64,1412,2004.0,0.0,324459.0,-0.10993399999999999,-0.5351640000000001,ARE,DNK,8947
1797127,8,64,1412,2004.0,10485.0,0.0,-0.070845,0.879574,ARG,DNK,8947
1797128,9,64,1412,2004.0,0.0,8434.0,0.497276,-0.226016,ARM,DNK,8947
1797129,14,64,1412,2004.0,166100.0,1231286.0,-0.198735,0.81543,AUS,DNK,8947
1797130,15,64,1412,2004.0,2463746.0,1143994.0,1.958949,0.209296,AUT,DNK,8947
1797131,16,64,1412,2004.0,0.0,37944.0,-0.720616,-1.009692,AZE,DNK,8947
1797132,17,64,1412,2004.0,0.0,1270.0,-1.084376,-1.020132,BDI,DNK,8947
1797133,18,64,1412,2004.0,1624166.0,2231633.0,1.242665,1.541444,BEL,DNK,8947
1797134,21,64,1412,2004.0,0.0,3077.0,-1.118427,-1.091315,BFA,DNK,8947
1797135,22,64,1412,2004.0,0.0,3632.0,-1.074194,-0.9392389999999999,BGD,DNK,8947
1797136,23,64,1412,2004.0,41857.0,28962.0,0.390627,1.631006,BGR,DNK,8947
1797137,24,64,1412,2004.0,0.0,1762.0,-0.551237,-1.174628,BHR,DNK,8947
1797138,26,64,1412,2004.0,0.0,54506.0,0.45637,0.6154470000000001,BIH,DNK,8947
1797139,28,64,1412,2004.0,4647.0,9134.0,0.9384239999999999,0.9708690000000001,BLR,DNK,8947
1797140,31,64,1412,2004.0,0.0,4401.0,-0.841087,-0.770059,BOL,DNK,8947
1797141,32,64,1412,2004.0,7095.0,0.0,0.504233,1.567879,BRA,DNK,8947
1797142,39,64,1412,2004.0,758026.0,267992.0,0.781591,1.365966,CAN,DNK,8947
1797143,41,64,1412,2004.0,6436486.0,506559.0,2.234603,0.551975,CHE,DNK,8947
1797144,42,64,1412,2004.0,0.0,100996.0,-0.24101399999999998,-0.303103,CHL,DNK,8947
1797145,43,64,1412,2004.0,33132612.0,810135.0,0.710603,2.017234,CHN,DNK,8947
1797146,44,64,1412,2004.0,0.0,15250.0,-0.835933,-0.749289,CIV,DNK,8947
1797147,45,64,1412,2004.0,1306.0,0.0,-1.380149,-1.220501,CMR,DNK,8947
1797148,58,64,1412,2004.0,0.0,103869.0,0.42732200000000004,0.811763,CYP,DNK,8947
1797149,59,64,1412,2004.0,461801.0,709524.0,1.612543,0.607495,CZE,DNK,8947
1797150,61,64,1412,2004.0,10404448.0,16578408.0,2.4453099999999997,-2.331761,DEU,DNK,8947
1797151,68,64,1412,2004.0,0.0,31055.0,-0.35823499999999997,0.5000100000000001,EGY,DNK,8947
1797152,69,64,1412,2004.0,0.0,4001.0,0.390463,0.144876,ERI,DNK,8947
1797153,71,64,1412,2004.0,358969.0,4030868.0,1.04057,1.789023,ESP,DNK,8947
1797154,72,64,1412,2004.0,187832.0,236060.0,0.645741,1.035117,EST,DNK,8947
1797155,73,64,1412,2004.0,0.0,9642.0,-1.202444,-0.8973120000000001,ETH,DNK,8947
1797156,74,64,1412,2004.0,4131561.0,3009786.0,1.9662810000000002,1.018108,FIN,DNK,8947
1797157,77,64,1412,2004.0,4633550.0,10317564.0,1.57079,0.6776760000000001,FRA,DNK,8947
1797158,78,64,1412,2004.0,3186.0,775197.0,-1.127967,-1.002561,FRO,DNK,8947
1797159,80,64,1412,2004.0,0.0,1779.0,-1.006071,-1.212338,GAB,DNK,8947
1797160,81,64,1412,2004.0,10987233.0,7314562.0,1.872987,0.734065,GBR,DNK,8947
1797161,82,64,1412,2004.0,0.0,21040.0,-0.030676,-0.560186,GEO,DNK,8947
1797162,83,64,1412,2004.0,0.0,7935.0,-1.015073,-0.9147069999999999,GHA,DNK,8947
1797163,84,64,1412,2004.0,0.0,27100.0,0.501154,-0.562796,GIB,DNK,8947
1797164,85,64,1412,2004.0,0.0,4689.0,-1.004077,-1.108018,GIN,DNK,8947
1797165,90,64,1412,2004.0,33932.0,231404.0,0.298029,1.745886,GRC,DNK,8947
1797166,92,64,1412,2004.0,0.0,1415730.0,-1.152664,-0.986844,GRL,DNK,8947
1797167,93,64,1412,2004.0,62329.0,5563.0,-0.39399,0.139128,GTM,DNK,8947
1797168,95,64,1412,2004.0,0.0,10066.0,0.136164,-0.616118,GUM,DNK,8947
1797169,97,64,1412,2004.0,1133471.0,30658.0,0.72816,1.403171,HKG,DNK,8947
1797170,100,64,1412,2004.0,2916.0,156307.0,0.744459,1.1994479999999998,HRV,DNK,8947
1797171,102,64,1412,2004.0,79030.0,478177.0,1.3579370000000002,0.9993219999999999,HUN,DNK,8947
1797172,103,64,1412,2004.0,130489.0,38396.0,0.010095999999999999,1.7413779999999999,IDN,DNK,8947
1797173,104,64,1412,2004.0,318635.0,0.0,0.20872,2.817307,IND,DNK,8947
1797174,106,64,1412,2004.0,399570.0,552413.0,1.498475,0.19050799999999998,IRL,DNK,8947
1797175,107,64,1412,2004.0,0.0,86055.0,-0.6691699999999999,-1.002548,IRN,DNK,8947
1797176,109,64,1412,2004.0,41046.0,692546.0,0.107901,-0.41223699999999996,ISL,DNK,8947
1797177,110,64,1412,2004.0,178824.0,33268.0,1.252895,0.8662770000000001,ISR,DNK,8947
1797178,111,64,1412,2004.0,9967233.0,1574300.0,1.440372,0.676068,ITA,DNK,8947
1797179,113,64,1412,2004.0,0.0,40616.0,0.16384200000000002,0.34270100000000003,JOR,DNK,8947
1797180,114,64,1412,2004.0,1281417.0,2507612.0,2.756136,0.15545,JPN,DNK,8947
1797181,116,64,1412,2004.0,81067.0,11166.0,-0.565597,0.182375,KEN,DNK,8947
1797182,121,64,1412,2004.0,1013573.0,489063.0,1.481275,0.7859,KOR,DNK,8947
1797183,122,64,1412,2004.0,0.0,254647.0,-0.8195479999999999,-1.2105709999999998,KWT,DNK,8947
1797184,124,64,1412,2004.0,0.0,14404.0,0.269753,1.3152979999999999,LBN,DNK,8947
1797185,128,64,1412,2004.0,40543.0,0.0,-0.42450299999999996,0.173518,LKA,DNK,8947
1797186,130,64,1412,2004.0,145889.0,178045.0,0.341521,0.7971560000000001,LTU,DNK,8947
1797187,131,64,1412,2004.0,95749.0,33632.0,1.258828,1.079923,LUX,DNK,8947
1797188,132,64,1412,2004.0,442943.0,323755.0,0.415001,0.8476809999999999,LVA,DNK,8947
1797189,133,64,1412,2004.0,0.0,2469.0,-0.12333599999999999,-0.600164,MAC,DNK,8947
1797190,134,64,1412,2004.0,0.0,20663.0,-0.626594,-0.22253499999999998,MAR,DNK,8947
1797191,137,64,1412,2004.0,0.0,3618.0,-0.44303000000000003,-0.841744,MDV,DNK,8947
1797192,138,64,1412,2004.0,6004.0,35273.0,1.183707,0.9043700000000001,MEX,DNK,8947
1797193,140,64,1412,2004.0,0.0,3944.0,-0.120439,0.27624899999999997,MKD,DNK,8947
1797194,142,64,1412,2004.0,41113.0,73675.0,1.2290379999999999,-0.025372,MLT,DNK,8947
1797195,148,64,1412,2004.0,0.0,7773.0,-1.8941119999999998,-1.357728,MRT,DNK,8947
1797196,152,64,1412,2004.0,5515.0,2855.0,-1.233417,-1.071204,MWI,DNK,8947
1797197,153,64,1412,2004.0,687682.0,0.0,1.250098,0.352379,MYS,DNK,8947
1797198,157,64,1412,2004.0,0.0,28629.0,-1.102485,-0.850282,NER,DNK,8947
1797199,162,64,1412,2004.0,7435468.0,7479894.0,1.171327,1.6369799999999999,NLD,DNK,8947
1797200,163,64,1412,2004.0,2041907.0,8483255.0,0.731175,-0.0655,NOR,DNK,8947
1797201,166,64,1412,2004.0,38396.0,211484.0,0.44099099999999997,0.968326,NZL,DNK,8947
1797202,167,64,1412,2004.0,0.0,1888.0,-0.707862,-1.187629,OMN,DNK,8947
1797203,168,64,1412,2004.0,4131636.0,34060.0,-0.7489600000000001,0.22493200000000002,PAK,DNK,8947
1797204,174,64,1412,2004.0,192640.0,5531.0,0.288786,-0.25348699999999996,PHL,DNK,8947
1797205,177,64,1412,2004.0,1975721.0,373565.0,0.989568,1.49055,POL,DNK,8947
1797206,178,64,1412,2004.0,3130.0,122810.0,0.695376,0.9732209999999999,PRK,DNK,8947
1797207,179,64,1412,2004.0,6455.0,660879.0,0.705075,1.7268729999999999,PRT,DNK,8947
1797208,182,64,1412,2004.0,0.0,1634.0,-0.125349,-0.718282,PYF,DNK,8947
1797209,183,64,1412,2004.0,0.0,28812.0,0.018141,-1.03766,QAT,DNK,8947
1797210,185,64,1412,2004.0,0.0,79421.0,0.53925,1.145066,ROU,DNK,8947
1797211,186,64,1412,2004.0,41150.0,1332383.0,0.422803,0.017524,RUS,DNK,8947
1797212,187,64,1412,2004.0,0.0,4957.0,-1.3090190000000002,-1.063632,RWA,DNK,8947
1797213,188,64,1412,2004.0,0.0,154277.0,0.361324,-0.760732,SAU,DNK,8947
1797214,189,64,1412,2004.0,0.0,109513.0,0.544686,2.418024,SCG,DNK,8947
1797215,190,64,1412,2004.0,0.0,60476.0,-1.503552,-1.253193,SDN,DNK,8947
1797216,191,64,1412,2004.0,0.0,34461.0,-0.620158,-0.296575,SEN,DNK,8947
1797217,192,64,1412,2004.0,356487.0,406985.0,1.804502,0.570084,SGP,DNK,8947
1797218,196,64,1412,2004.0,0.0,14565.0,0.43205699999999997,0.068877,SLE,DNK,8947
1797219,198,64,1412,2004.0,0.0,13699.0,1.530337,0.719013,SMR,DNK,8947
1797220,206,64,1412,2004.0,82032.0,108789.0,1.2683149999999999,0.9208620000000001,SVK,DNK,8947
1797221,207,64,1412,2004.0,91066.0,62779.0,1.700677,0.829765,SVN,DNK,8947
1797222,208,64,1412,2004.0,13240839.0,20841116.0,2.105611,0.707843,SWE,DNK,8947
1797223,216,64,1412,2004.0,959912.0,1853.0,0.633501,1.4648290000000002,THA,DNK,8947
1797224,223,64,1412,2004.0,0.0,16138.0,-0.125092,0.370625,TUN,DNK,8947
1797225,224,64,1412,2004.0,610977.0,29278.0,0.249065,1.910598,TUR,DNK,8947
1797226,226,64,1412,2004.0,4726.0,10226.0,-0.935327,0.362709,TZA,DNK,8947
1797227,227,64,1412,2004.0,0.0,4848.0,-1.05367,-0.546304,UGA,DNK,8947
1797228,228,64,1412,2004.0,56676.0,125400.0,0.672848,1.172735,UKR,DNK,8947
1797229,230,64,1412,2004.0,0.0,56607.0,-0.051583000000000004,0.145056,URY,DNK,8947
1797230,231,64,1412,2004.0,7983372.0,3915128.0,1.818327,-0.17913900000000002,USA,DNK,8947
1797231,236,64,1412,2004.0,0.0,54654.0,-0.41193900000000006,-0.9578899999999999,VEN,DNK,8947
1797232,239,64,1412,2004.0,89797.0,0.0,-0.46875500000000003,0.734412,VNM,DNK,8947
1797233,246,64,1412,2004.0,58088.0,10779.0,0.29599699999999995,1.909018,ZAF,DNK,8947
1797234,247,64,1412,2004.0,0.0,4593.0,-0.8752479999999999,-0.784285,ZMB,DNK,8947
1797235,249,64,1412,2004.0,6308862.0,15740.0,1.8844150000000002,1.257951,TWN,DNK,8947
1797236,8,65,1412,2004.0,17344.0,10095.0,-0.070845,0.879574,ARG,DOM,8947
1797237,14,65,1412,2004.0,0.0,5587.0,-0.198735,0.81543,AUS,DOM,8947
1797238,18,65,1412,2004.0,0.0,1923.0,1.242665,1.541444,BEL,DOM,8947
1797239,32,65,1412,2004.0,94983.0,0.0,0.504233,1.567879,BRA,DOM,8947
1797240,33,65,1412,2004.0,0.0,2767.0,0.644308,0.290054,BRB,DOM,8947
1797241,39,65,1412,2004.0,5829.0,302801.0,0.781591,1.365966,CAN,DOM,8947
1797242,42,65,1412,2004.0,0.0,3345.0,-0.24101399999999998,-0.303103,CHL,DOM,8947
1797243,43,65,1412,2004.0,449273.0,0.0,0.710603,2.017234,CHN,DOM,8947
1797244,49,65,1412,2004.0,12611.0,0.0,0.044706,0.514304,COL,DOM,8947
1797245,52,65,1412,2004.0,0.0,9272.0,-0.036323,-0.313847,CRI,DOM,8947
1797246,54,65,1412,2004.0,0.0,41695.0,-0.16826,-0.644388,CUB,DOM,8947
1797247,61,65,1412,2004.0,71915.0,21364.0,2.4453099999999997,-2.331761,DEU,DOM,8947
1797248,67,65,1412,2004.0,0.0,25436.0,-0.990727,-0.9383090000000001,ECU,DOM,8947
1797249,71,65,1412,2004.0,412987.0,20105.0,1.04057,1.789023,ESP,DOM,8947
1797250,77,65,1412,2004.0,74604.0,21392.0,1.57079,0.6776760000000001,FRA,DOM,8947
1797251,93,65,1412,2004.0,0.0,12059.0,-0.39399,0.139128,GTM,DOM,8947
1797252,97,65,1412,2004.0,132128.0,0.0,0.72816,1.403171,HKG,DOM,8947
1797253,99,65,1412,2004.0,0.0,2587.0,-0.6372140000000001,-0.453946,HND,DOM,8947
1797254,101,65,1412,2004.0,0.0,25673.0,-0.919434,-0.9868950000000001,HTI,DOM,8947
1797255,104,65,1412,2004.0,3261.0,0.0,0.20872,2.817307,IND,DOM,8947
1797256,111,65,1412,2004.0,267166.0,0.0,1.440372,0.676068,ITA,DOM,8947
1797257,114,65,1412,2004.0,6352.0,175900.0,2.756136,0.15545,JPN,DOM,8947
1797258,121,65,1412,2004.0,204671.0,0.0,1.481275,0.7859,KOR,DOM,8947
1797259,138,65,1412,2004.0,148238.0,246281.0,1.183707,0.9043700000000001,MEX,DOM,8947
1797260,160,65,1412,2004.0,0.0,8734.0,-1.003846,-0.697642,NIC,DOM,8947
1797261,162,65,1412,2004.0,0.0,69757.0,1.171327,1.6369799999999999,NLD,DOM,8947
1797262,163,65,1412,2004.0,834506.0,10023.0,0.731175,-0.0655,NOR,DOM,8947
1797263,169,65,1412,2004.0,48188.0,10138.0,0.054997000000000004,0.440416,PAN,DOM,8947
1797264,173,65,1412,2004.0,0.0,3955.0,-0.609837,0.13314,PER,DOM,8947
1797265,174,65,1412,2004.0,6414.0,0.0,0.288786,-0.25348699999999996,PHL,DOM,8947
1797266,192,65,1412,2004.0,1499061.0,0.0,1.804502,0.570084,SGP,DOM,8947
1797267,197,65,1412,2004.0,0.0,4121.0,-0.21054299999999998,0.086382,SLV,DOM,8947
1797268,206,65,1412,2004.0,0.0,1129.0,1.2683149999999999,0.9208620000000001,SVK,DOM,8947
1797269,207,65,1412,2004.0,0.0,1623.0,1.700677,0.829765,SVN,DOM,8947
1797270,208,65,1412,2004.0,0.0,15430.0,2.105611,0.707843,SWE,DOM,8947
1797271,216,65,1412,2004.0,34525.0,0.0,0.633501,1.4648290000000002,THA,DOM,8947
1797272,230,65,1412,2004.0,2977.0,0.0,-0.051583000000000004,0.145056,URY,DOM,8947
1797273,231,65,1412,2004.0,3762602.0,2773316.0,1.818327,-0.17913900000000002,USA,DOM,8947
1797274,236,65,1412,2004.0,99647.0,26627.0,-0.41193900000000006,-0.9578899999999999,VEN,DOM,8947
1797275,246,65,1412,2004.0,0.0,1968.0,0.29599699999999995,1.909018,ZAF,DOM,8947
1797276,249,65,1412,2004.0,92913.0,0.0,1.8844150000000002,1.257951,TWN,DOM,8947
1797277,250,65,1412,2004.0,151867.0,1417276.0,0.46240200000000004,-0.406624,ANS,DOM,8947
1797278,8,67,1412,2004.0,89410.0,0.0,-0.070845,0.879574,ARG,ECU,8947
1797279,15,67,1412,2004.0,0.0,12471.0,1.958949,0.209296,AUT,ECU,8947
1797280,18,67,1412,2004.0,9103.0,0.0,1.242665,1.541444,BEL,ECU,8947
1797281,22,67,1412,2004.0,12259.0,0.0,-1.074194,-0.9392389999999999,BGD,ECU,8947
1797282,32,67,1412,2004.0,137222.0,0.0,0.504233,1.567879,BRA,ECU,8947
1797283,33,67,1412,2004.0,0.0,1291.0,0.644308,0.290054,BRB,ECU,8947
1797284,39,67,1412,2004.0,16110.0,0.0,0.781591,1.365966,CAN,ECU,8947
1797285,41,67,1412,2004.0,60033.0,25700.0,2.234603,0.551975,CHE,ECU,8947
1797286,42,67,1412,2004.0,47890.0,2260.0,-0.24101399999999998,-0.303103,CHL,ECU,8947
1797287,43,67,1412,2004.0,2715275.0,0.0,0.710603,2.017234,CHN,ECU,8947
1797288,49,67,1412,2004.0,708711.0,0.0,0.044706,0.514304,COL,ECU,8947
1797289,59,67,1412,2004.0,6216.0,0.0,1.612543,0.607495,CZE,ECU,8947
1797290,61,67,1412,2004.0,53775.0,0.0,2.4453099999999997,-2.331761,DEU,ECU,8947
1797291,65,67,1412,2004.0,25436.0,0.0,-0.24909699999999999,-0.326783,DOM,ECU,8947
1797292,71,67,1412,2004.0,14424.0,0.0,1.04057,1.789023,ESP,ECU,8947
1797293,72,67,1412,2004.0,2640.0,0.0,0.645741,1.035117,EST,ECU,8947
1797294,77,67,1412,2004.0,101788.0,0.0,1.57079,0.6776760000000001,FRA,ECU,8947
1797295,81,67,1412,2004.0,10234.0,12677.0,1.872987,0.734065,GBR,ECU,8947
1797296,97,67,1412,2004.0,94244.0,0.0,0.72816,1.403171,HKG,ECU,8947
1797297,103,67,1412,2004.0,18246.0,0.0,0.010095999999999999,1.7413779999999999,IDN,ECU,8947
1797298,104,67,1412,2004.0,19776.0,0.0,0.20872,2.817307,IND,ECU,8947
1797299,111,67,1412,2004.0,890654.0,0.0,1.440372,0.676068,ITA,ECU,8947
1797300,114,67,1412,2004.0,36739.0,0.0,2.756136,0.15545,JPN,ECU,8947
1797301,121,67,1412,2004.0,161477.0,0.0,1.481275,0.7859,KOR,ECU,8947
1797302,138,67,1412,2004.0,107194.0,0.0,1.183707,0.9043700000000001,MEX,ECU,8947
1797303,153,67,1412,2004.0,8059.0,0.0,1.250098,0.352379,MYS,ECU,8947
1797304,162,67,1412,2004.0,45661.0,0.0,1.171327,1.6369799999999999,NLD,ECU,8947
1797305,163,67,1412,2004.0,4546.0,0.0,0.731175,-0.0655,NOR,ECU,8947
1797306,168,67,1412,2004.0,70680.0,0.0,-0.7489600000000001,0.22493200000000002,PAK,ECU,8947
1797307,169,67,1412,2004.0,43975.0,7823.0,0.054997000000000004,0.440416,PAN,ECU,8947
1797308,173,67,1412,2004.0,186990.0,0.0,-0.609837,0.13314,PER,ECU,8947
1797309,197,67,1412,2004.0,0.0,22414.0,-0.21054299999999998,0.086382,SLV,ECU,8947
1797310,216,67,1412,2004.0,221300.0,0.0,0.633501,1.4648290000000002,THA,ECU,8947
1797311,230,67,1412,2004.0,13192.0,0.0,-0.051583000000000004,0.145056,URY,ECU,8947
1797312,231,67,1412,2004.0,1278097.0,25408.0,1.818327,-0.17913900000000002,USA,ECU,8947
1797313,236,67,1412,2004.0,17047.0,0.0,-0.41193900000000006,-0.9578899999999999,VEN,ECU,8947
1797314,239,67,1412,2004.0,184472.0,0.0,-0.46875500000000003,0.734412,VNM,ECU,8947
1797315,249,67,1412,2004.0,965468.0,0.0,1.8844150000000002,1.257951,TWN,ECU,8947
1797316,250,67,1412,2004.0,95819.0,0.0,0.46240200000000004,-0.406624,ANS,ECU,8947
1797317,1,71,1412,2004.0,0.0,71052.0,-0.8890309999999999,-0.773602,AFG,ESP,8947
1797318,2,71,1412,2004.0,0.0,44600.0,-0.8688110000000001,-1.198692,AGO,ESP,8947
1797319,4,71,1412,2004.0,2391.0,36720.0,-0.142479,0.136074,ALB,ESP,8947
1797320,5,71,1412,2004.0,225594.0,9245162.0,1.122154,0.958434,AND,ESP,8947
1797321,6,71,1412,2004.0,0.0,3346.0,0.080304,-0.634516,ANT,ESP,8947
1797322,7,71,1412,2004.0,11584.0,915230.0,-0.10993399999999999,-0.5351640000000001,ARE,ESP,8947
1797323,8,71,1412,2004.0,1122322.0,389130.0,-0.070845,0.879574,ARG,ESP,8947
1797324,13,71,1412,2004.0,0.0,6223.0,-0.28271,-0.850197,ATG,ESP,8947
1797325,14,71,1412,2004.0,1122380.0,1862151.0,-0.198735,0.81543,AUS,ESP,8947
1797326,15,71,1412,2004.0,10454665.0,684472.0,1.958949,0.209296,AUT,ESP,8947
1797327,16,71,1412,2004.0,0.0,1130.0,-0.720616,-1.009692,AZE,ESP,8947
1797328,18,71,1412,2004.0,21346528.0,5254696.0,1.242665,1.541444,BEL,ESP,8947
1797329,21,71,1412,2004.0,0.0,2212.0,-1.118427,-1.091315,BFA,ESP,8947
1797330,22,71,1412,2004.0,77469.0,0.0,-1.074194,-0.9392389999999999,BGD,ESP,8947
1797331,23,71,1412,2004.0,682428.0,129703.0,0.390627,1.631006,BGR,ESP,8947
1797332,24,71,1412,2004.0,0.0,14798.0,-0.551237,-1.174628,BHR,ESP,8947
1797333,26,71,1412,2004.0,0.0,21338.0,0.45637,0.6154470000000001,BIH,ESP,8947
1797334,28,71,1412,2004.0,0.0,22595.0,0.9384239999999999,0.9708690000000001,BLR,ESP,8947
1797335,31,71,1412,2004.0,0.0,1755.0,-0.841087,-0.770059,BOL,ESP,8947
1797336,32,71,1412,2004.0,242525.0,135583.0,0.504233,1.567879,BRA,ESP,8947
1797337,34,71,1412,2004.0,0.0,1069.0,-0.720827,-0.964435,BRN,ESP,8947
1797338,39,71,1412,2004.0,1813261.0,5028234.0,0.781591,1.365966,CAN,ESP,8947
1797339,41,71,1412,2004.0,2079116.0,3169778.0,2.234603,0.551975,CHE,ESP,8947
1797340,42,71,1412,2004.0,3288.0,650731.0,-0.24101399999999998,-0.303103,CHL,ESP,8947
1797341,43,71,1412,2004.0,62220612.0,342933.0,0.710603,2.017234,CHN,ESP,8947
1797342,44,71,1412,2004.0,0.0,24636.0,-0.835933,-0.749289,CIV,ESP,8947
1797343,45,71,1412,2004.0,0.0,6083.0,-1.380149,-1.220501,CMR,ESP,8947
1797344,49,71,1412,2004.0,41203.0,102750.0,0.044706,0.514304,COL,ESP,8947
1797345,51,71,1412,2004.0,0.0,31097.0,-0.291469,-0.6426850000000001,CPV,ESP,8947
1797346,52,71,1412,2004.0,8020.0,13386.0,-0.036323,-0.313847,CRI,ESP,8947
1797347,54,71,1412,2004.0,1525.0,729469.0,-0.16826,-0.644388,CUB,ESP,8947
1797348,58,71,1412,2004.0,0.0,348092.0,0.42732200000000004,0.811763,CYP,ESP,8947
1797349,59,71,1412,2004.0,1207699.0,536846.0,1.612543,0.607495,CZE,ESP,8947
1797350,61,71,1412,2004.0,16698050.0,8809582.0,2.4453099999999997,-2.331761,DEU,ESP,8947
1797351,64,71,1412,2004.0,4030868.0,358969.0,1.309074,1.2627979999999999,DNK,ESP,8947
1797352,65,71,1412,2004.0,20105.0,412987.0,-0.24909699999999999,-0.326783,DOM,ESP,8947
1797353,66,71,1412,2004.0,0.0,1943048.0,-1.166661,-1.2240879999999998,DZA,ESP,8947
1797354,67,71,1412,2004.0,0.0,14424.0,-0.990727,-0.9383090000000001,ECU,ESP,8947
1797355,68,71,1412,2004.0,6600.0,280710.0,-0.35823499999999997,0.5000100000000001,EGY,ESP,8947
1797356,72,71,1412,2004.0,157536.0,72718.0,0.645741,1.035117,EST,ESP,8947
1797357,73,71,1412,2004.0,0.0,33849.0,-1.202444,-0.8973120000000001,ETH,ESP,8947
1797358,74,71,1412,2004.0,2856454.0,1384350.0,1.9662810000000002,1.018108,FIN,ESP,8947
1797359,77,71,1412,2004.0,85858216.0,89834472.0,1.57079,0.6776760000000001,FRA,ESP,8947
1797360,81,71,1412,2004.0,40587156.0,8120145.0,1.872987,0.734065,GBR,ESP,8947
1797361,82,71,1412,2004.0,0.0,1634.0,-0.030676,-0.560186,GEO,ESP,8947
1797362,83,71,1412,2004.0,0.0,58979.0,-1.015073,-0.9147069999999999,GHA,ESP,8947
1797363,84,71,1412,2004.0,0.0,331077.0,0.501154,-0.562796,GIB,ESP,8947
1797364,87,71,1412,2004.0,0.0,5218.0,-0.22746999999999998,-0.14824600000000002,GMB,ESP,8947
1797365,89,71,1412,2004.0,0.0,15305.0,-1.9282080000000001,-0.928127,GNQ,ESP,8947
1797366,90,71,1412,2004.0,155840.0,2114844.0,0.298029,1.745886,GRC,ESP,8947
1797367,93,71,1412,2004.0,2798.0,1824.0,-0.39399,0.139128,GTM,ESP,8947
1797368,97,71,1412,2004.0,7423676.0,297642.0,0.72816,1.403171,HKG,ESP,8947
1797369,99,71,1412,2004.0,0.0,36969.0,-0.6372140000000001,-0.453946,HND,ESP,8947
1797370,100,71,1412,2004.0,0.0,417336.0,0.744459,1.1994479999999998,HRV,ESP,8947
1797371,102,71,1412,2004.0,651199.0,1281719.0,1.3579370000000002,0.9993219999999999,HUN,ESP,8947
1797372,103,71,1412,2004.0,573281.0,50301.0,0.010095999999999999,1.7413779999999999,IDN,ESP,8947
1797373,104,71,1412,2004.0,714851.0,309846.0,0.20872,2.817307,IND,ESP,8947
1797374,106,71,1412,2004.0,1116992.0,938743.0,1.498475,0.19050799999999998,IRL,ESP,8947
1797375,107,71,1412,2004.0,0.0,128766.0,-0.6691699999999999,-1.002548,IRN,ESP,8947
1797376,109,71,1412,2004.0,201418.0,383390.0,0.107901,-0.41223699999999996,ISL,ESP,8947
1797377,110,71,1412,2004.0,63744.0,214222.0,1.252895,0.8662770000000001,ISR,ESP,8947
1797378,111,71,1412,2004.0,50938588.0,12279551.0,1.440372,0.676068,ITA,ESP,8947
1797379,113,71,1412,2004.0,0.0,147859.0,0.16384200000000002,0.34270100000000003,JOR,ESP,8947
1797380,114,71,1412,2004.0,4839406.0,4929692.0,2.756136,0.15545,JPN,ESP,8947
1797381,115,71,1412,2004.0,0.0,53851.0,-0.43987200000000004,-0.50862,KAZ,ESP,8947
1797382,116,71,1412,2004.0,0.0,28890.0,-0.565597,0.182375,KEN,ESP,8947
1797383,117,71,1412,2004.0,0.0,1878.0,-0.263776,0.503736,KGZ,ESP,8947
1797384,118,71,1412,2004.0,16056.0,0.0,-1.145227,-1.19179,KHM,ESP,8947
1797385,121,71,1412,2004.0,4289665.0,1331092.0,1.481275,0.7859,KOR,ESP,8947
1797386,122,71,1412,2004.0,10596.0,211843.0,-0.8195479999999999,-1.2105709999999998,KWT,ESP,8947
1797387,124,71,1412,2004.0,0.0,170277.0,0.269753,1.3152979999999999,LBN,ESP,8947
1797388,126,71,1412,2004.0,0.0,3757.0,-0.895142,-1.211141,LBY,ESP,8947
1797389,128,71,1412,2004.0,308783.0,1083.0,-0.42450299999999996,0.173518,LKA,ESP,8947
1797390,130,71,1412,2004.0,34054.0,154395.0,0.341521,0.7971560000000001,LTU,ESP,8947
1797391,131,71,1412,2004.0,30487.0,164400.0,1.258828,1.079923,LUX,ESP,8947
1797392,132,71,1412,2004.0,0.0,124190.0,0.415001,0.8476809999999999,LVA,ESP,8947
1797393,134,71,1412,2004.0,85748.0,2229947.0,-0.626594,-0.22253499999999998,MAR,ESP,8947
1797394,135,71,1412,2004.0,0.0,1009.0,-0.13031900000000002,-0.118591,MDA,ESP,8947
1797395,136,71,1412,2004.0,15172.0,0.0,-1.1010799999999998,-0.7367859999999999,MDG,ESP,8947
1797396,137,71,1412,2004.0,0.0,13698.0,-0.44303000000000003,-0.841744,MDV,ESP,8947
1797397,138,71,1412,2004.0,263059.0,1033000.0,1.183707,0.9043700000000001,MEX,ESP,8947
1797398,140,71,1412,2004.0,0.0,16192.0,-0.120439,0.27624899999999997,MKD,ESP,8947
1797399,142,71,1412,2004.0,0.0,207599.0,1.2290379999999999,-0.025372,MLT,ESP,8947
1797400,147,71,1412,2004.0,0.0,7815.0,-1.009633,-0.9863059999999999,MOZ,ESP,8947
1797401,148,71,1412,2004.0,0.0,48594.0,-1.8941119999999998,-1.357728,MRT,ESP,8947
1797402,151,71,1412,2004.0,294866.0,472386.0,-0.161262,-0.29730300000000004,MUS,ESP,8947
1797403,153,71,1412,2004.0,1530902.0,72322.0,1.250098,0.352379,MYS,ESP,8947
1797404,154,71,1412,2004.0,0.0,4939.0,1.290551,0.284667,MYT,ESP,8947
1797405,155,71,1412,2004.0,2891.0,135691.0,-0.408989,-0.462016,NAM,ESP,8947
1797406,156,71,1412,2004.0,0.0,34830.0,-0.279566,-0.860456,NCL,ESP,8947
1797407,159,71,1412,2004.0,0.0,60972.0,-2.336753,-1.350375,NGA,ESP,8947
1797408,160,71,1412,2004.0,0.0,3218.0,-1.003846,-0.697642,NIC,ESP,8947
1797409,162,71,1412,2004.0,16154806.0,5571828.0,1.171327,1.6369799999999999,NLD,ESP,8947
1797410,163,71,1412,2004.0,335793.0,752908.0,0.731175,-0.0655,NOR,ESP,8947
1797411,164,71,1412,2004.0,0.0,7773.0,-0.16800199999999998,0.541976,NPL,ESP,8947
1797412,166,71,1412,2004.0,81005.0,313094.0,0.44099099999999997,0.968326,NZL,ESP,8947
1797413,167,71,1412,2004.0,0.0,74766.0,-0.707862,-1.187629,OMN,ESP,8947
1797414,168,71,1412,2004.0,13615908.0,48888.0,-0.7489600000000001,0.22493200000000002,PAK,ESP,8947
1797415,169,71,1412,2004.0,26342.0,57244.0,0.054997000000000004,0.440416,PAN,ESP,8947
1797416,173,71,1412,2004.0,26551.0,152139.0,-0.609837,0.13314,PER,ESP,8947
1797417,174,71,1412,2004.0,539277.0,29935.0,0.288786,-0.25348699999999996,PHL,ESP,8947
1797418,177,71,1412,2004.0,249804.0,1433172.0,0.989568,1.49055,POL,ESP,8947
1797419,178,71,1412,2004.0,11925.0,0.0,0.695376,0.9732209999999999,PRK,ESP,8947
1797420,179,71,1412,2004.0,15128996.0,28359914.0,0.705075,1.7268729999999999,PRT,ESP,8947
1797421,180,71,1412,2004.0,21250.0,17310.0,-0.634469,-0.870034,PRY,ESP,8947
1797422,182,71,1412,2004.0,0.0,27583.0,-0.125349,-0.718282,PYF,ESP,8947
1797423,183,71,1412,2004.0,0.0,69296.0,0.018141,-1.03766,QAT,ESP,8947
1797424,185,71,1412,2004.0,201377.0,275062.0,0.53925,1.145066,ROU,ESP,8947
1797425,186,71,1412,2004.0,5513.0,966842.0,0.422803,0.017524,RUS,ESP,8947
1797426,188,71,1412,2004.0,0.0,618207.0,0.361324,-0.760732,SAU,ESP,8947
1797427,189,71,1412,2004.0,1701119.0,90230.0,0.544686,2.418024,SCG,ESP,8947
1797428,190,71,1412,2004.0,0.0,1947.0,-1.503552,-1.253193,SDN,ESP,8947
1797429,191,71,1412,2004.0,0.0,96781.0,-0.620158,-0.296575,SEN,ESP,8947
1797430,192,71,1412,2004.0,120362.0,189487.0,1.804502,0.570084,SGP,ESP,8947
1797431,197,71,1412,2004.0,0.0,5386.0,-0.21054299999999998,0.086382,SLV,ESP,8947
1797432,205,71,1412,2004.0,5501.0,0.0,-1.056251,-1.0234590000000001,SUR,ESP,8947
1797433,206,71,1412,2004.0,71125.0,313069.0,1.2683149999999999,0.9208620000000001,SVK,ESP,8947
1797434,207,71,1412,2004.0,1099566.0,759120.0,1.700677,0.829765,SVN,ESP,8947
1797435,208,71,1412,2004.0,3304458.0,492234.0,2.105611,0.707843,SWE,ESP,8947
1797436,211,71,1412,2004.0,0.0,3913.0,-0.585828,-0.768388,SYC,ESP,8947
1797437,212,71,1412,2004.0,0.0,21488.0,-0.698545,-0.111323,SYR,ESP,8947
1797438,216,71,1412,2004.0,3229790.0,32723.0,0.633501,1.4648290000000002,THA,ESP,8947
1797439,223,71,1412,2004.0,142514.0,335641.0,-0.125092,0.370625,TUN,ESP,8947
1797440,224,71,1412,2004.0,397766.0,547743.0,0.249065,1.910598,TUR,ESP,8947
1797441,226,71,1412,2004.0,0.0,19088.0,-0.935327,0.362709,TZA,ESP,8947
1797442,228,71,1412,2004.0,39437.0,340780.0,0.672848,1.172735,UKR,ESP,8947
1797443,230,71,1412,2004.0,9138.0,28960.0,-0.051583000000000004,0.145056,URY,ESP,8947
1797444,231,71,1412,2004.0,15686719.0,13975144.0,1.818327,-0.17913900000000002,USA,ESP,8947
1797445,232,71,1412,2004.0,0.0,1337.0,-0.518472,-0.7689779999999999,UZB,ESP,8947
1797446,236,71,1412,2004.0,19811.0,103001.0,-0.41193900000000006,-0.9578899999999999,VEN,ESP,8947
1797447,239,71,1412,2004.0,349498.0,98079.0,-0.46875500000000003,0.734412,VNM,ESP,8947
1797448,246,71,1412,2004.0,273736.0,297205.0,0.29599699999999995,1.909018,ZAF,ESP,8947
1797449,247,71,1412,2004.0,0.0,1908.0,-0.8752479999999999,-0.784285,ZMB,ESP,8947
1797450,249,71,1412,2004.0,10080662.0,143730.0,1.8844150000000002,1.257951,TWN,ESP,8947
1797451,250,71,1412,2004.0,0.0,289439.0,0.46240200000000004,-0.406624,ANS,ESP,8947
1797452,7,72,1412,2004.0,4447.0,97433.0,-0.10993399999999999,-0.5351640000000001,ARE,EST,8947
1797453,8,72,1412,2004.0,0.0,4822.0,-0.070845,0.879574,ARG,EST,8947
1797454,14,72,1412,2004.0,0.0,247052.0,-0.198735,0.81543,AUS,EST,8947
1797455,15,72,1412,2004.0,278005.0,308711.0,1.958949,0.209296,AUT,EST,8947
1797456,18,72,1412,2004.0,201693.0,4183.0,1.242665,1.541444,BEL,EST,8947
1797457,23,72,1412,2004.0,0.0,27930.0,0.390627,1.631006,BGR,EST,8947
1797458,28,72,1412,2004.0,13728.0,76723.0,0.9384239999999999,0.9708690000000001,BLR,EST,8947
1797459,32,72,1412,2004.0,0.0,24847.0,0.504233,1.567879,BRA,EST,8947
1797460,39,72,1412,2004.0,101921.0,1979978.0,0.781591,1.365966,CAN,EST,8947
1797461,41,72,1412,2004.0,125179.0,187134.0,2.234603,0.551975,CHE,EST,8947
1797462,42,72,1412,2004.0,0.0,23670.0,-0.24101399999999998,-0.303103,CHL,EST,8947
1797463,43,72,1412,2004.0,881024.0,106573.0,0.710603,2.017234,CHN,EST,8947
1797464,54,72,1412,2004.0,0.0,4806.0,-0.16826,-0.644388,CUB,EST,8947
1797465,58,72,1412,2004.0,0.0,5881.0,0.42732200000000004,0.811763,CYP,EST,8947
1797466,59,72,1412,2004.0,29189.0,295940.0,1.612543,0.607495,CZE,EST,8947
1797467,61,72,1412,2004.0,826739.0,816709.0,2.4453099999999997,-2.331761,DEU,EST,8947
1797468,64,72,1412,2004.0,236060.0,187832.0,1.309074,1.2627979999999999,DNK,EST,8947
1797469,67,72,1412,2004.0,0.0,2640.0,-0.990727,-0.9383090000000001,ECU,EST,8947
1797470,71,72,1412,2004.0,72718.0,157536.0,1.04057,1.789023,ESP,EST,8947
1797471,74,72,1412,2004.0,9342603.0,7356018.0,1.9662810000000002,1.018108,FIN,EST,8947
1797472,77,72,1412,2004.0,815466.0,2619138.0,1.57079,0.6776760000000001,FRA,EST,8947
1797473,81,72,1412,2004.0,193289.0,187929.0,1.872987,0.734065,GBR,EST,8947
1797474,90,72,1412,2004.0,7747.0,11058.0,0.298029,1.745886,GRC,EST,8947
1797475,97,72,1412,2004.0,158533.0,19471.0,0.72816,1.403171,HKG,EST,8947
1797476,100,72,1412,2004.0,0.0,34639.0,0.744459,1.1994479999999998,HRV,EST,8947
1797477,102,72,1412,2004.0,1825.0,191409.0,1.3579370000000002,0.9993219999999999,HUN,EST,8947
1797478,103,72,1412,2004.0,3497.0,0.0,0.010095999999999999,1.7413779999999999,IDN,EST,8947
1797479,104,72,1412,2004.0,45086.0,1948.0,0.20872,2.817307,IND,EST,8947
1797480,106,72,1412,2004.0,30311.0,191399.0,1.498475,0.19050799999999998,IRL,EST,8947
1797481,107,72,1412,2004.0,0.0,2751.0,-0.6691699999999999,-1.002548,IRN,EST,8947
1797482,109,72,1412,2004.0,0.0,2211.0,0.107901,-0.41223699999999996,ISL,EST,8947
1797483,111,72,1412,2004.0,979597.0,478184.0,1.440372,0.676068,ITA,EST,8947
1797484,114,72,1412,2004.0,47830.0,655354.0,2.756136,0.15545,JPN,EST,8947
1797485,115,72,1412,2004.0,0.0,3690.0,-0.43987200000000004,-0.50862,KAZ,EST,8947
1797486,121,72,1412,2004.0,1335.0,1048.0,1.481275,0.7859,KOR,EST,8947
1797487,122,72,1412,2004.0,0.0,12086.0,-0.8195479999999999,-1.2105709999999998,KWT,EST,8947
1797488,124,72,1412,2004.0,0.0,9639.0,0.269753,1.3152979999999999,LBN,EST,8947
1797489,128,72,1412,2004.0,5100.0,0.0,-0.42450299999999996,0.173518,LKA,EST,8947
1797490,130,72,1412,2004.0,254961.0,841596.0,0.341521,0.7971560000000001,LTU,EST,8947
1797491,132,72,1412,2004.0,330499.0,981834.0,0.415001,0.8476809999999999,LVA,EST,8947
1797492,138,72,1412,2004.0,0.0,34887.0,1.183707,0.9043700000000001,MEX,EST,8947
1797493,142,72,1412,2004.0,0.0,2302.0,1.2290379999999999,-0.025372,MLT,EST,8947
1797494,151,72,1412,2004.0,0.0,5208.0,-0.161262,-0.29730300000000004,MUS,EST,8947
1797495,153,72,1412,2004.0,28551.0,0.0,1.250098,0.352379,MYS,EST,8947
1797496,160,72,1412,2004.0,0.0,5248.0,-1.003846,-0.697642,NIC,EST,8947
1797497,162,72,1412,2004.0,269106.0,341369.0,1.171327,1.6369799999999999,NLD,EST,8947
1797498,163,72,1412,2004.0,216561.0,1350307.0,0.731175,-0.0655,NOR,EST,8947
1797499,166,72,1412,2004.0,4005.0,131045.0,0.44099099999999997,0.968326,NZL,EST,8947
1797500,168,72,1412,2004.0,67849.0,0.0,-0.7489600000000001,0.22493200000000002,PAK,EST,8947
1797501,169,72,1412,2004.0,0.0,14900.0,0.054997000000000004,0.440416,PAN,EST,8947
1797502,174,72,1412,2004.0,4306.0,0.0,0.288786,-0.25348699999999996,PHL,EST,8947
1797503,177,72,1412,2004.0,252570.0,148964.0,0.989568,1.49055,POL,EST,8947
1797504,179,72,1412,2004.0,0.0,40069.0,0.705075,1.7268729999999999,PRT,EST,8947
1797505,185,72,1412,2004.0,97363.0,19176.0,0.53925,1.145066,ROU,EST,8947
1797506,186,72,1412,2004.0,162367.0,793090.0,0.422803,0.017524,RUS,EST,8947
1797507,189,72,1412,2004.0,1637.0,20882.0,0.544686,2.418024,SCG,EST,8947
1797508,192,72,1412,2004.0,0.0,13836.0,1.804502,0.570084,SGP,EST,8947
1797509,206,72,1412,2004.0,11517.0,36599.0,1.2683149999999999,0.9208620000000001,SVK,EST,8947
1797510,207,72,1412,2004.0,18892.0,37742.0,1.700677,0.829765,SVN,EST,8947
1797511,208,72,1412,2004.0,474009.0,1591350.0,2.105611,0.707843,SWE,EST,8947
1797512,216,72,1412,2004.0,117056.0,12598.0,0.633501,1.4648290000000002,THA,EST,8947
1797513,222,72,1412,2004.0,0.0,3203.0,-0.108049,-0.923523,TTO,EST,8947
1797514,223,72,1412,2004.0,8221.0,0.0,-0.125092,0.370625,TUN,EST,8947
1797515,224,72,1412,2004.0,0.0,60140.0,0.249065,1.910598,TUR,EST,8947
1797516,228,72,1412,2004.0,18202.0,67987.0,0.672848,1.172735,UKR,EST,8947
1797517,230,72,1412,2004.0,0.0,5015.0,-0.051583000000000004,0.145056,URY,EST,8947
1797518,231,72,1412,2004.0,578692.0,11389545.0,1.818327,-0.17913900000000002,USA,EST,8947
1797519,236,72,1412,2004.0,0.0,2825.0,-0.41193900000000006,-0.9578899999999999,VEN,EST,8947
1797520,239,72,1412,2004.0,3820.0,0.0,-0.46875500000000003,0.734412,VNM,EST,8947
1797521,246,72,1412,2004.0,0.0,243379.0,0.29599699999999995,1.909018,ZAF,EST,8947
1797522,249,72,1412,2004.0,121793.0,17331.0,1.8844150000000002,1.257951,TWN,EST,8947
1797523,250,72,1412,2004.0,3379706.0,0.0,0.46240200000000004,-0.406624,ANS,EST,8947
1797524,2,74,1412,2004.0,0.0,12368.0,-0.8688110000000001,-1.198692,AGO,FIN,8947
1797525,7,74,1412,2004.0,0.0,176332.0,-0.10993399999999999,-0.5351640000000001,ARE,FIN,8947
1797526,14,74,1412,2004.0,155957.0,669705.0,-0.198735,0.81543,AUS,FIN,8947
1797527,15,74,1412,2004.0,9534623.0,2647092.0,1.958949,0.209296,AUT,FIN,8947
1797528,18,74,1412,2004.0,438555.0,355135.0,1.242665,1.541444,BEL,FIN,8947
1797529,19,74,1412,2004.0,0.0,9429.0,-1.422449,-1.09615,BEN,FIN,8947
1797530,22,74,1412,2004.0,1625.0,0.0,-1.074194,-0.9392389999999999,BGD,FIN,8947
1797531,23,74,1412,2004.0,82022.0,31481.0,0.390627,1.631006,BGR,FIN,8947
1797532,24,74,1412,2004.0,0.0,7812.0,-0.551237,-1.174628,BHR,FIN,8947
1797533,28,74,1412,2004.0,13116.0,108951.0,0.9384239999999999,0.9708690000000001,BLR,FIN,8947
1797534,32,74,1412,2004.0,0.0,43573.0,0.504233,1.567879,BRA,FIN,8947
1797535,34,74,1412,2004.0,0.0,1013.0,-0.720827,-0.964435,BRN,FIN,8947
1797536,37,74,1412,2004.0,0.0,5434.0,-0.435159,-1.150519,BWA,FIN,8947
1797537,39,74,1412,2004.0,3168495.0,1930309.0,0.781591,1.365966,CAN,FIN,8947
1797538,41,74,1412,2004.0,1125556.0,5374053.0,2.234603,0.551975,CHE,FIN,8947
1797539,42,74,1412,2004.0,0.0,38005.0,-0.24101399999999998,-0.303103,CHL,FIN,8947
1797540,43,74,1412,2004.0,18101826.0,342805.0,0.710603,2.017234,CHN,FIN,8947
1797541,49,74,1412,2004.0,0.0,8459.0,0.044706,0.514304,COL,FIN,8947
1797542,52,74,1412,2004.0,0.0,31908.0,-0.036323,-0.313847,CRI,FIN,8947
1797543,58,74,1412,2004.0,0.0,208413.0,0.42732200000000004,0.811763,CYP,FIN,8947
1797544,59,74,1412,2004.0,741890.0,1708054.0,1.612543,0.607495,CZE,FIN,8947
1797545,61,74,1412,2004.0,8359744.0,19597370.0,2.4453099999999997,-2.331761,DEU,FIN,8947
1797546,64,74,1412,2004.0,3009786.0,4131561.0,1.309074,1.2627979999999999,DNK,FIN,8947
1797547,71,74,1412,2004.0,1384350.0,2856454.0,1.04057,1.789023,ESP,FIN,8947
1797548,72,74,1412,2004.0,7356018.0,9342603.0,0.645741,1.035117,EST,FIN,8947
1797549,77,74,1412,2004.0,8125351.0,5230010.0,1.57079,0.6776760000000001,FRA,FIN,8947
1797550,81,74,1412,2004.0,6384234.0,3981332.0,1.872987,0.734065,GBR,FIN,8947
1797551,90,74,1412,2004.0,2146.0,669151.0,0.298029,1.745886,GRC,FIN,8947
1797552,97,74,1412,2004.0,1721580.0,308069.0,0.72816,1.403171,HKG,FIN,8947
1797553,100,74,1412,2004.0,30149.0,20902.0,0.744459,1.1994479999999998,HRV,FIN,8947
1797554,102,74,1412,2004.0,43000.0,243756.0,1.3579370000000002,0.9993219999999999,HUN,FIN,8947
1797555,103,74,1412,2004.0,121520.0,0.0,0.010095999999999999,1.7413779999999999,IDN,FIN,8947
1797556,104,74,1412,2004.0,225636.0,43822.0,0.20872,2.817307,IND,FIN,8947
1797557,106,74,1412,2004.0,747559.0,2406708.0,1.498475,0.19050799999999998,IRL,FIN,8947
1797558,107,74,1412,2004.0,0.0,278577.0,-0.6691699999999999,-1.002548,IRN,FIN,8947
1797559,109,74,1412,2004.0,0.0,238424.0,0.107901,-0.41223699999999996,ISL,FIN,8947
1797560,110,74,1412,2004.0,96605.0,230621.0,1.252895,0.8662770000000001,ISR,FIN,8947
1797561,111,74,1412,2004.0,8209452.0,1772146.0,1.440372,0.676068,ITA,FIN,8947
1797562,114,74,1412,2004.0,2297153.0,3527135.0,2.756136,0.15545,JPN,FIN,8947
1797563,115,74,1412,2004.0,0.0,103245.0,-0.43987200000000004,-0.50862,KAZ,FIN,8947
1797564,116,74,1412,2004.0,9982.0,0.0,-0.565597,0.182375,KEN,FIN,8947
1797565,121,74,1412,2004.0,1177983.0,2834589.0,1.481275,0.7859,KOR,FIN,8947
1797566,122,74,1412,2004.0,0.0,20862.0,-0.8195479999999999,-1.2105709999999998,KWT,FIN,8947
1797567,128,74,1412,2004.0,24948.0,3972.0,-0.42450299999999996,0.173518,LKA,FIN,8947
1797568,130,74,1412,2004.0,66348.0,357938.0,0.341521,0.7971560000000001,LTU,FIN,8947
1797569,131,74,1412,2004.0,24722.0,6511.0,1.258828,1.079923,LUX,FIN,8947
1797570,132,74,1412,2004.0,82719.0,1149504.0,0.415001,0.8476809999999999,LVA,FIN,8947
1797571,134,74,1412,2004.0,15892.0,0.0,-0.626594,-0.22253499999999998,MAR,FIN,8947
1797572,138,74,1412,2004.0,1146255.0,146161.0,1.183707,0.9043700000000001,MEX,FIN,8947
1797573,140,74,1412,2004.0,0.0,3723.0,-0.120439,0.27624899999999997,MKD,FIN,8947
1797574,142,74,1412,2004.0,0.0,113191.0,1.2290379999999999,-0.025372,MLT,FIN,8947
1797575,153,74,1412,2004.0,572779.0,74142.0,1.250098,0.352379,MYS,FIN,8947
1797576,156,74,1412,2004.0,0.0,7816.0,-0.279566,-0.860456,NCL,FIN,8947
1797577,162,74,1412,2004.0,3044256.0,3994599.0,1.171327,1.6369799999999999,NLD,FIN,8947
1797578,163,74,1412,2004.0,3004689.0,1611262.0,0.731175,-0.0655,NOR,FIN,8947
1797579,166,74,1412,2004.0,37508.0,251931.0,0.44099099999999997,0.968326,NZL,FIN,8947
1797580,168,74,1412,2004.0,874568.0,0.0,-0.7489600000000001,0.22493200000000002,PAK,FIN,8947
1797581,169,74,1412,2004.0,18827.0,3333.0,0.054997000000000004,0.440416,PAN,FIN,8947
1797582,174,74,1412,2004.0,245084.0,0.0,0.288786,-0.25348699999999996,PHL,FIN,8947
1797583,177,74,1412,2004.0,319203.0,433104.0,0.989568,1.49055,POL,FIN,8947
1797584,179,74,1412,2004.0,362233.0,1017562.0,0.705075,1.7268729999999999,PRT,FIN,8947
1797585,183,74,1412,2004.0,0.0,24980.0,0.018141,-1.03766,QAT,FIN,8947
1797586,185,74,1412,2004.0,4047.0,32295.0,0.53925,1.145066,ROU,FIN,8947
1797587,186,74,1412,2004.0,2907220.0,12219165.0,0.422803,0.017524,RUS,FIN,8947
1797588,189,74,1412,2004.0,0.0,7462.0,0.544686,2.418024,SCG,FIN,8947
1797589,192,74,1412,2004.0,564483.0,379022.0,1.804502,0.570084,SGP,FIN,8947
1797590,206,74,1412,2004.0,1472245.0,153562.0,1.2683149999999999,0.9208620000000001,SVK,FIN,8947
1797591,207,74,1412,2004.0,518602.0,201401.0,1.700677,0.829765,SVN,FIN,8947
1797592,208,74,1412,2004.0,23796640.0,13073686.0,2.105611,0.707843,SWE,FIN,8947
1797593,216,74,1412,2004.0,1006901.0,144542.0,0.633501,1.4648290000000002,THA,FIN,8947
1797594,222,74,1412,2004.0,0.0,3607.0,-0.108049,-0.923523,TTO,FIN,8947
1797595,223,74,1412,2004.0,7907.0,4240.0,-0.125092,0.370625,TUN,FIN,8947
1797596,224,74,1412,2004.0,225905.0,88130.0,0.249065,1.910598,TUR,FIN,8947
1797597,227,74,1412,2004.0,0.0,1293.0,-1.05367,-0.546304,UGA,FIN,8947
1797598,228,74,1412,2004.0,1478144.0,298926.0,0.672848,1.172735,UKR,FIN,8947
1797599,231,74,1412,2004.0,10753661.0,3247193.0,1.818327,-0.17913900000000002,USA,FIN,8947
1797600,239,74,1412,2004.0,44121.0,0.0,-0.46875500000000003,0.734412,VNM,FIN,8947
1797601,246,74,1412,2004.0,8447.0,13672.0,0.29599699999999995,1.909018,ZAF,FIN,8947
1797602,249,74,1412,2004.0,10774311.0,58333.0,1.8844150000000002,1.257951,TWN,FIN,8947
1797603,1,77,1412,2004.0,0.0,6218.0,-0.8890309999999999,-0.773602,AFG,FRA,8947
1797604,2,77,1412,2004.0,2089.0,22387.0,-0.8688110000000001,-1.198692,AGO,FRA,8947
1797605,4,77,1412,2004.0,0.0,26435.0,-0.142479,0.136074,ALB,FRA,8947
1797606,5,77,1412,2004.0,47334.0,7543311.0,1.122154,0.958434,AND,FRA,8947
1797607,6,77,1412,2004.0,9248.0,166651.0,0.080304,-0.634516,ANT,FRA,8947
1797608,7,77,1412,2004.0,36880.0,2725830.0,-0.10993399999999999,-0.5351640000000001,ARE,FRA,8947
1797609,8,77,1412,2004.0,83512.0,741235.0,-0.070845,0.879574,ARG,FRA,8947
1797610,9,77,1412,2004.0,0.0,60141.0,0.497276,-0.226016,ARM,FRA,8947
1797611,13,77,1412,2004.0,0.0,3731.0,-0.28271,-0.850197,ATG,FRA,8947
1797612,14,77,1412,2004.0,2999378.0,4253030.0,-0.198735,0.81543,AUS,FRA,8947
1797613,15,77,1412,2004.0,61525364.0,32726596.0,1.958949,0.209296,AUT,FRA,8947
1797614,16,77,1412,2004.0,0.0,104744.0,-0.720616,-1.009692,AZE,FRA,8947
1797615,18,77,1412,2004.0,123109856.0,45415464.0,1.242665,1.541444,BEL,FRA,8947
1797616,19,77,1412,2004.0,0.0,118229.0,-1.422449,-1.09615,BEN,FRA,8947
1797617,21,77,1412,2004.0,4618.0,177444.0,-1.118427,-1.091315,BFA,FRA,8947
1797618,22,77,1412,2004.0,14731.0,0.0,-1.074194,-0.9392389999999999,BGD,FRA,8947
1797619,23,77,1412,2004.0,932188.0,1398878.0,0.390627,1.631006,BGR,FRA,8947
1797620,24,77,1412,2004.0,0.0,39149.0,-0.551237,-1.174628,BHR,FRA,8947
1797621,25,77,1412,2004.0,0.0,3562.0,0.029548,-0.692239,BHS,FRA,8947
1797622,26,77,1412,2004.0,14662.0,68399.0,0.45637,0.6154470000000001,BIH,FRA,8947
1797623,28,77,1412,2004.0,0.0,77620.0,0.9384239999999999,0.9708690000000001,BLR,FRA,8947
1797624,29,77,1412,2004.0,0.0,6376.0,-0.528459,-0.739219,BLZ,FRA,8947
1797625,31,77,1412,2004.0,0.0,8405.0,-0.841087,-0.770059,BOL,FRA,8947
1797626,32,77,1412,2004.0,208953.0,496317.0,0.504233,1.567879,BRA,FRA,8947
1797627,33,77,1412,2004.0,0.0,7163.0,0.644308,0.290054,BRB,FRA,8947
1797628,34,77,1412,2004.0,0.0,10141.0,-0.720827,-0.964435,BRN,FRA,8947
1797629,37,77,1412,2004.0,3643.0,3735.0,-0.435159,-1.150519,BWA,FRA,8947
1797630,38,77,1412,2004.0,1821.0,17374.0,-0.667013,-0.899285,CAF,FRA,8947
1797631,39,77,1412,2004.0,14487271.0,21289792.0,0.781591,1.365966,CAN,FRA,8947
1797632,41,77,1412,2004.0,6639494.0,59333992.0,2.234603,0.551975,CHE,FRA,8947
1797633,42,77,1412,2004.0,6898.0,910989.0,-0.24101399999999998,-0.303103,CHL,FRA,8947
1797634,43,77,1412,2004.0,187869456.0,5464962.0,0.710603,2.017234,CHN,FRA,8947
1797635,44,77,1412,2004.0,0.0,799806.0,-0.835933,-0.749289,CIV,FRA,8947
1797636,45,77,1412,2004.0,2134.0,876916.0,-1.380149,-1.220501,CMR,FRA,8947
1797637,46,77,1412,2004.0,0.0,29848.0,-1.426621,-1.198377,COD,FRA,8947
1797638,47,77,1412,2004.0,0.0,1095668.0,-1.415254,-1.24599,COG,FRA,8947
1797639,49,77,1412,2004.0,0.0,112939.0,0.044706,0.514304,COL,FRA,8947
1797640,50,77,1412,2004.0,0.0,15630.0,-0.8264940000000001,-0.9641290000000001,COM,FRA,8947
1797641,51,77,1412,2004.0,6455.0,38186.0,-0.291469,-0.6426850000000001,CPV,FRA,8947
1797642,52,77,1412,2004.0,0.0,56965.0,-0.036323,-0.313847,CRI,FRA,8947
1797643,54,77,1412,2004.0,0.0,73025.0,-0.16826,-0.644388,CUB,FRA,8947
1797644,57,77,1412,2004.0,0.0,17411.0,0.47268999999999994,-0.742781,CYM,FRA,8947
1797645,58,77,1412,2004.0,10347.0,1379116.0,0.42732200000000004,0.811763,CYP,FRA,8947
1797646,59,77,1412,2004.0,3362227.0,7580585.0,1.612543,0.607495,CZE,FRA,8947
1797647,61,77,1412,2004.0,56380052.0,73975160.0,2.4453099999999997,-2.331761,DEU,FRA,8947
1797648,62,77,1412,2004.0,1062.0,369369.0,-0.370222,-0.28660399999999997,DJI,FRA,8947
1797649,63,77,1412,2004.0,0.0,3626.0,0.478601,0.368796,DMA,FRA,8947
1797650,64,77,1412,2004.0,10317564.0,4633550.0,1.309074,1.2627979999999999,DNK,FRA,8947
1797651,65,77,1412,2004.0,21392.0,74604.0,-0.24909699999999999,-0.326783,DOM,FRA,8947
1797652,66,77,1412,2004.0,0.0,4630365.0,-1.166661,-1.2240879999999998,DZA,FRA,8947
1797653,67,77,1412,2004.0,0.0,101788.0,-0.990727,-0.9383090000000001,ECU,FRA,8947
1797654,68,77,1412,2004.0,7435.0,2127126.0,-0.35823499999999997,0.5000100000000001,EGY,FRA,8947
1797655,69,77,1412,2004.0,0.0,26117.0,0.390463,0.144876,ERI,FRA,8947
1797656,71,77,1412,2004.0,89834472.0,85858216.0,1.04057,1.789023,ESP,FRA,8947
1797657,72,77,1412,2004.0,2619138.0,815466.0,0.645741,1.035117,EST,FRA,8947
1797658,73,77,1412,2004.0,0.0,2883.0,-1.202444,-0.8973120000000001,ETH,FRA,8947
1797659,74,77,1412,2004.0,5230010.0,8125351.0,1.9662810000000002,1.018108,FIN,FRA,8947
1797660,80,77,1412,2004.0,0.0,926451.0,-1.006071,-1.212338,GAB,FRA,8947
1797661,81,77,1412,2004.0,47344044.0,44569316.0,1.872987,0.734065,GBR,FRA,8947
1797662,82,77,1412,2004.0,7293.0,34557.0,-0.030676,-0.560186,GEO,FRA,8947
1797663,83,77,1412,2004.0,0.0,8704.0,-1.015073,-0.9147069999999999,GHA,FRA,8947
1797664,85,77,1412,2004.0,0.0,104014.0,-1.004077,-1.108018,GIN,FRA,8947
1797665,88,77,1412,2004.0,0.0,1212.0,-1.258264,-1.028131,GNB,FRA,8947
1797666,89,77,1412,2004.0,0.0,16168.0,-1.9282080000000001,-0.928127,GNQ,FRA,8947
1797667,90,77,1412,2004.0,40591.0,5922027.0,0.298029,1.745886,GRC,FRA,8947
1797668,91,77,1412,2004.0,0.0,5941.0,0.426058,-0.30841799999999997,GRD,FRA,8947
1797669,93,77,1412,2004.0,4931.0,60359.0,-0.39399,0.139128,GTM,FRA,8947
1797670,97,77,1412,2004.0,16854168.0,2729016.0,0.72816,1.403171,HKG,FRA,8947
1797671,99,77,1412,2004.0,0.0,6170.0,-0.6372140000000001,-0.453946,HND,FRA,8947
1797672,100,77,1412,2004.0,7057.0,1256272.0,0.744459,1.1994479999999998,HRV,FRA,8947
1797673,101,77,1412,2004.0,0.0,2487.0,-0.919434,-0.9868950000000001,HTI,FRA,8947
1797674,102,77,1412,2004.0,318916.0,3608831.0,1.3579370000000002,0.9993219999999999,HUN,FRA,8947
1797675,103,77,1412,2004.0,1643648.0,115914.0,0.010095999999999999,1.7413779999999999,IDN,FRA,8947
1797676,104,77,1412,2004.0,4075944.0,513641.0,0.20872,2.817307,IND,FRA,8947
1797677,106,77,1412,2004.0,2811996.0,2170160.0,1.498475,0.19050799999999998,IRL,FRA,8947
1797678,107,77,1412,2004.0,0.0,533818.0,-0.6691699999999999,-1.002548,IRN,FRA,8947
1797679,108,77,1412,2004.0,0.0,109442.0,-1.50824,-1.082486,IRQ,FRA,8947
1797680,109,77,1412,2004.0,3352.0,428130.0,0.107901,-0.41223699999999996,ISL,FRA,8947
1797681,110,77,1412,2004.0,1530378.0,1883729.0,1.252895,0.8662770000000001,ISR,FRA,8947
1797682,111,77,1412,2004.0,105099624.0,89674048.0,1.440372,0.676068,ITA,FRA,8947
1797683,112,77,1412,2004.0,0.0,23585.0,-0.505365,-0.9596120000000001,JAM,FRA,8947
1797684,113,77,1412,2004.0,0.0,58037.0,0.16384200000000002,0.34270100000000003,JOR,FRA,8947
1797685,114,77,1412,2004.0,7709538.0,40789300.0,2.756136,0.15545,JPN,FRA,8947
1797686,115,77,1412,2004.0,0.0,357723.0,-0.43987200000000004,-0.50862,KAZ,FRA,8947
1797687,116,77,1412,2004.0,22353.0,11360.0,-0.565597,0.182375,KEN,FRA,8947
1797688,118,77,1412,2004.0,8768.0,70620.0,-1.145227,-1.19179,KHM,FRA,8947
1797689,120,77,1412,2004.0,0.0,7977.0,0.5528109999999999,-0.342657,KNA,FRA,8947
1797690,121,77,1412,2004.0,3057710.0,9870174.0,1.481275,0.7859,KOR,FRA,8947
1797691,122,77,1412,2004.0,0.0,700350.0,-0.8195479999999999,-1.2105709999999998,KWT,FRA,8947
1797692,124,77,1412,2004.0,7843.0,968818.0,0.269753,1.3152979999999999,LBN,FRA,8947
1797693,126,77,1412,2004.0,0.0,2488.0,-0.895142,-1.211141,LBY,FRA,8947
1797694,127,77,1412,2004.0,0.0,9768.0,0.31900300000000004,-0.346391,LCA,FRA,8947
1797695,128,77,1412,2004.0,722950.0,52901.0,-0.42450299999999996,0.173518,LKA,FRA,8947
1797696,130,77,1412,2004.0,242978.0,263623.0,0.341521,0.7971560000000001,LTU,FRA,8947
1797697,131,77,1412,2004.0,1169994.0,2087764.0,1.258828,1.079923,LUX,FRA,8947
1797698,132,77,1412,2004.0,4651.0,855933.0,0.415001,0.8476809999999999,LVA,FRA,8947
1797699,133,77,1412,2004.0,0.0,7842.0,-0.12333599999999999,-0.600164,MAC,FRA,8947
1797700,134,77,1412,2004.0,277090.0,2519658.0,-0.626594,-0.22253499999999998,MAR,FRA,8947
1797701,135,77,1412,2004.0,0.0,6369.0,-0.13031900000000002,-0.118591,MDA,FRA,8947
1797702,136,77,1412,2004.0,1611068.0,1451958.0,-1.1010799999999998,-0.7367859999999999,MDG,FRA,8947
1797703,137,77,1412,2004.0,0.0,67940.0,-0.44303000000000003,-0.841744,MDV,FRA,8947
1797704,138,77,1412,2004.0,725354.0,964519.0,1.183707,0.9043700000000001,MEX,FRA,8947
1797705,140,77,1412,2004.0,0.0,228716.0,-0.120439,0.27624899999999997,MKD,FRA,8947
1797706,141,77,1412,2004.0,21886.0,35516.0,-0.5807979999999999,-0.797311,MLI,FRA,8947
1797707,142,77,1412,2004.0,20949.0,120164.0,1.2290379999999999,-0.025372,MLT,FRA,8947
1797708,145,77,1412,2004.0,1077.0,0.0,-0.920198,-1.1059219999999998,MNG,FRA,8947
1797709,148,77,1412,2004.0,0.0,25934.0,-1.8941119999999998,-1.357728,MRT,FRA,8947
1797710,151,77,1412,2004.0,233404.0,574347.0,-0.161262,-0.29730300000000004,MUS,FRA,8947
1797711,152,77,1412,2004.0,1180.0,0.0,-1.233417,-1.071204,MWI,FRA,8947
1797712,153,77,1412,2004.0,3880640.0,475919.0,1.250098,0.352379,MYS,FRA,8947
1797713,154,77,1412,2004.0,0.0,539663.0,1.290551,0.284667,MYT,FRA,8947
1797714,156,77,1412,2004.0,9661.0,2384586.0,-0.279566,-0.860456,NCL,FRA,8947
1797715,157,77,1412,2004.0,0.0,38831.0,-1.102485,-0.850282,NER,FRA,8947
1797716,159,77,1412,2004.0,0.0,82083.0,-2.336753,-1.350375,NGA,FRA,8947
1797717,162,77,1412,2004.0,21427096.0,18205342.0,1.171327,1.6369799999999999,NLD,FRA,8947
1797718,163,77,1412,2004.0,1205022.0,6937774.0,0.731175,-0.0655,NOR,FRA,8947
1797719,166,77,1412,2004.0,200557.0,1953948.0,0.44099099999999997,0.968326,NZL,FRA,8947
1797720,167,77,1412,2004.0,0.0,147892.0,-0.707862,-1.187629,OMN,FRA,8947
1797721,168,77,1412,2004.0,11582315.0,126435.0,-0.7489600000000001,0.22493200000000002,PAK,FRA,8947
1797722,169,77,1412,2004.0,1982.0,328706.0,0.054997000000000004,0.440416,PAN,FRA,8947
1797723,173,77,1412,2004.0,0.0,59869.0,-0.609837,0.13314,PER,FRA,8947
1797724,174,77,1412,2004.0,3663026.0,347114.0,0.288786,-0.25348699999999996,PHL,FRA,8947
1797725,177,77,1412,2004.0,4258642.0,14587328.0,0.989568,1.49055,POL,FRA,8947
1797726,178,77,1412,2004.0,38374.0,166651.0,0.695376,0.9732209999999999,PRK,FRA,8947
1797727,179,77,1412,2004.0,3506912.0,13313798.0,0.705075,1.7268729999999999,PRT,FRA,8947
1797728,180,77,1412,2004.0,0.0,2315.0,-0.634469,-0.870034,PRY,FRA,8947
1797729,182,77,1412,2004.0,4790.0,12703504.0,-0.125349,-0.718282,PYF,FRA,8947
1797730,183,77,1412,2004.0,1490.0,811561.0,0.018141,-1.03766,QAT,FRA,8947
1797731,185,77,1412,2004.0,59486804.0,10817138.0,0.53925,1.145066,ROU,FRA,8947
1797732,186,77,1412,2004.0,507222.0,12472953.0,0.422803,0.017524,RUS,FRA,8947
1797733,187,77,1412,2004.0,0.0,12067.0,-1.3090190000000002,-1.063632,RWA,FRA,8947
1797734,188,77,1412,2004.0,4195.0,1106888.0,0.361324,-0.760732,SAU,FRA,8947
1797735,189,77,1412,2004.0,17148.0,873987.0,0.544686,2.418024,SCG,FRA,8947
1797736,190,77,1412,2004.0,0.0,151639.0,-1.503552,-1.253193,SDN,FRA,8947
1797737,191,77,1412,2004.0,0.0,1981014.0,-0.620158,-0.296575,SEN,FRA,8947
1797738,192,77,1412,2004.0,1250449.0,1313121.0,1.804502,0.570084,SGP,FRA,8947
1797739,197,77,1412,2004.0,0.0,130228.0,-0.21054299999999998,0.086382,SLV,FRA,8947
1797740,200,77,1412,2004.0,0.0,98249.0,-0.652058,-0.8527040000000001,SPM,FRA,8947
1797741,205,77,1412,2004.0,0.0,1080.0,-1.056251,-1.0234590000000001,SUR,FRA,8947
1797742,206,77,1412,2004.0,869323.0,2210908.0,1.2683149999999999,0.9208620000000001,SVK,FRA,8947
1797743,207,77,1412,2004.0,1879249.0,2518494.0,1.700677,0.829765,SVN,FRA,8947
1797744,208,77,1412,2004.0,4039970.0,20762514.0,2.105611,0.707843,SWE,FRA,8947
1797745,209,77,1412,2004.0,0.0,9125.0,0.528937,-0.241038,SWZ,FRA,8947
1797746,211,77,1412,2004.0,0.0,71205.0,-0.585828,-0.768388,SYC,FRA,8947
1797747,212,77,1412,2004.0,0.0,179026.0,-0.698545,-0.111323,SYR,FRA,8947
1797748,214,77,1412,2004.0,0.0,6218.0,-1.63163,-0.9495040000000001,TCD,FRA,8947
1797749,215,77,1412,2004.0,0.0,109332.0,-0.569621,-0.533211,TGO,FRA,8947
1797750,216,77,1412,2004.0,13433609.0,2044156.0,0.633501,1.4648290000000002,THA,FRA,8947
1797751,222,77,1412,2004.0,10250.0,17476.0,-0.108049,-0.923523,TTO,FRA,8947
1797752,223,77,1412,2004.0,6638524.0,3366647.0,-0.125092,0.370625,TUN,FRA,8947
1797753,224,77,1412,2004.0,366779.0,2756833.0,0.249065,1.910598,TUR,FRA,8947
1797754,225,77,1412,2004.0,87548.0,0.0,1.8128529999999998,-0.173455,TUV,FRA,8947
1797755,226,77,1412,2004.0,0.0,4533.0,-0.935327,0.362709,TZA,FRA,8947
1797756,227,77,1412,2004.0,0.0,2847.0,-1.05367,-0.546304,UGA,FRA,8947
1797757,228,77,1412,2004.0,432847.0,1753296.0,0.672848,1.172735,UKR,FRA,8947
1797758,230,77,1412,2004.0,0.0,64013.0,-0.051583000000000004,0.145056,URY,FRA,8947
1797759,231,77,1412,2004.0,40376884.0,83572368.0,1.818327,-0.17913900000000002,USA,FRA,8947
1797760,232,77,1412,2004.0,0.0,93275.0,-0.518472,-0.7689779999999999,UZB,FRA,8947
1797761,234,77,1412,2004.0,0.0,11092.0,-0.706188,-0.9244120000000001,VCT,FRA,8947
1797762,236,77,1412,2004.0,17926.0,149969.0,-0.41193900000000006,-0.9578899999999999,VEN,FRA,8947
1797763,237,77,1412,2004.0,10370.0,58452.0,0.689844,-0.23942,VGB,FRA,8947
1797764,239,77,1412,2004.0,2870115.0,404533.0,-0.46875500000000003,0.734412,VNM,FRA,8947
1797765,240,77,1412,2004.0,0.0,21142.0,-1.284054,-1.0415809999999999,VUT,FRA,8947
1797766,241,77,1412,2004.0,0.0,25070.0,2.237209,0.203692,WLF,FRA,8947
1797767,243,77,1412,2004.0,0.0,35146.0,-1.298227,-1.2496639999999999,YEM,FRA,8947
1797768,246,77,1412,2004.0,247548.0,1681427.0,0.29599699999999995,1.909018,ZAF,FRA,8947
1797769,248,77,1412,2004.0,0.0,14066.0,-0.44064799999999993,0.01704,ZWE,FRA,8947
1797770,249,77,1412,2004.0,20176510.0,355860.0,1.8844150000000002,1.257951,TWN,FRA,8947
1797771,250,77,1412,2004.0,1331675.0,39791.0,0.46240200000000004,-0.406624,ANS,FRA,8947
1797772,1,81,1412,2004.0,0.0,13376.0,-0.8890309999999999,-0.773602,AFG,GBR,8947
1797773,2,81,1412,2004.0,0.0,22608.0,-0.8688110000000001,-1.198692,AGO,GBR,8947
1797774,3,81,1412,2004.0,0.0,5067.0,1.215071,0.143539,AIA,GBR,8947
1797775,4,81,1412,2004.0,0.0,12408.0,-0.142479,0.136074,ALB,GBR,8947
1797776,5,81,1412,2004.0,9382.0,81434.0,1.122154,0.958434,AND,GBR,8947
1797777,7,81,1412,2004.0,150747.0,4074896.0,-0.10993399999999999,-0.5351640000000001,ARE,GBR,8947
1797778,8,81,1412,2004.0,91927.0,51876.0,-0.070845,0.879574,ARG,GBR,8947
1797779,9,81,1412,2004.0,0.0,1189.0,0.497276,-0.226016,ARM,GBR,8947
1797780,13,81,1412,2004.0,0.0,193232.0,-0.28271,-0.850197,ATG,GBR,8947
1797781,14,81,1412,2004.0,4753782.0,4347838.0,-0.198735,0.81543,AUS,GBR,8947
1797782,15,81,1412,2004.0,7794314.0,8845236.0,1.958949,0.209296,AUT,GBR,8947
1797783,16,81,1412,2004.0,0.0,42860.0,-0.720616,-1.009692,AZE,GBR,8947
1797784,18,81,1412,2004.0,12789934.0,12472667.0,1.242665,1.541444,BEL,GBR,8947
1797785,21,81,1412,2004.0,0.0,4828.0,-1.118427,-1.091315,BFA,GBR,8947
1797786,22,81,1412,2004.0,1094890.0,48482.0,-1.074194,-0.9392389999999999,BGD,GBR,8947
1797787,23,81,1412,2004.0,57869.0,205794.0,0.390627,1.631006,BGR,GBR,8947
1797788,24,81,1412,2004.0,123871.0,201784.0,-0.551237,-1.174628,BHR,GBR,8947
1797789,25,81,1412,2004.0,58141.0,14395.0,0.029548,-0.692239,BHS,GBR,8947
1797790,26,81,1412,2004.0,0.0,85842.0,0.45637,0.6154470000000001,BIH,GBR,8947
1797791,28,81,1412,2004.0,0.0,22344.0,0.9384239999999999,0.9708690000000001,BLR,GBR,8947
1797792,29,81,1412,2004.0,5390.0,0.0,-0.528459,-0.739219,BLZ,GBR,8947
1797793,30,81,1412,2004.0,3518.0,152775.0,0.67576,-0.49529799999999996,BMU,GBR,8947
1797794,31,81,1412,2004.0,0.0,1581.0,-0.841087,-0.770059,BOL,GBR,8947
1797795,32,81,1412,2004.0,455349.0,336748.0,0.504233,1.567879,BRA,GBR,8947
1797796,33,81,1412,2004.0,5000.0,136453.0,0.644308,0.290054,BRB,GBR,8947
1797797,34,81,1412,2004.0,2521.0,94890.0,-0.720827,-0.964435,BRN,GBR,8947
1797798,37,81,1412,2004.0,0.0,3370.0,-0.435159,-1.150519,BWA,GBR,8947
1797799,39,81,1412,2004.0,14191846.0,2549432.0,0.781591,1.365966,CAN,GBR,8947
1797800,41,81,1412,2004.0,4116572.0,8023997.0,2.234603,0.551975,CHE,GBR,8947
1797801,42,81,1412,2004.0,23278.0,55318.0,-0.24101399999999998,-0.303103,CHL,GBR,8947
1797802,43,81,1412,2004.0,269848736.0,1349589.0,0.710603,2.017234,CHN,GBR,8947
1797803,44,81,1412,2004.0,0.0,65477.0,-0.835933,-0.749289,CIV,GBR,8947
1797804,46,81,1412,2004.0,0.0,6497.0,-1.426621,-1.198377,COD,GBR,8947
1797805,49,81,1412,2004.0,224591.0,11115.0,0.044706,0.514304,COL,GBR,8947
1797806,52,81,1412,2004.0,0.0,4567.0,-0.036323,-0.313847,CRI,GBR,8947
1797807,54,81,1412,2004.0,0.0,8104.0,-0.16826,-0.644388,CUB,GBR,8947
1797808,57,81,1412,2004.0,0.0,25358.0,0.47268999999999994,-0.742781,CYM,GBR,8947
1797809,58,81,1412,2004.0,35378.0,761912.0,0.42732200000000004,0.811763,CYP,GBR,8947
1797810,59,81,1412,2004.0,2229291.0,2427602.0,1.612543,0.607495,CZE,GBR,8947
1797811,61,81,1412,2004.0,29620832.0,58781032.0,2.4453099999999997,-2.331761,DEU,GBR,8947
1797812,64,81,1412,2004.0,7314562.0,10987233.0,1.309074,1.2627979999999999,DNK,GBR,8947
1797813,66,81,1412,2004.0,1885.0,76068.0,-1.166661,-1.2240879999999998,DZA,GBR,8947
1797814,67,81,1412,2004.0,12677.0,10234.0,-0.990727,-0.9383090000000001,ECU,GBR,8947
1797815,68,81,1412,2004.0,0.0,225616.0,-0.35823499999999997,0.5000100000000001,EGY,GBR,8947
1797816,69,81,1412,2004.0,0.0,12647.0,0.390463,0.144876,ERI,GBR,8947
1797817,71,81,1412,2004.0,8120145.0,40587156.0,1.04057,1.789023,ESP,GBR,8947
1797818,72,81,1412,2004.0,187929.0,193289.0,0.645741,1.035117,EST,GBR,8947
1797819,73,81,1412,2004.0,0.0,5107.0,-1.202444,-0.8973120000000001,ETH,GBR,8947
1797820,74,81,1412,2004.0,3981332.0,6384234.0,1.9662810000000002,1.018108,FIN,GBR,8947
1797821,75,81,1412,2004.0,0.0,5772.0,-0.793333,-0.27460100000000004,FJI,GBR,8947
1797822,76,81,1412,2004.0,0.0,49254.0,0.073769,-0.8404010000000001,FLK,GBR,8947
1797823,77,81,1412,2004.0,44569316.0,47344044.0,1.57079,0.6776760000000001,FRA,GBR,8947
1797824,78,81,1412,2004.0,10339.0,108339.0,-1.127967,-1.002561,FRO,GBR,8947
1797825,80,81,1412,2004.0,0.0,2775.0,-1.006071,-1.212338,GAB,GBR,8947
1797826,82,81,1412,2004.0,0.0,10004.0,-0.030676,-0.560186,GEO,GBR,8947
1797827,83,81,1412,2004.0,0.0,40803.0,-1.015073,-0.9147069999999999,GHA,GBR,8947
1797828,84,81,1412,2004.0,29874.0,793338.0,0.501154,-0.562796,GIB,GBR,8947
1797829,87,81,1412,2004.0,0.0,15285.0,-0.22746999999999998,-0.14824600000000002,GMB,GBR,8947
1797830,89,81,1412,2004.0,0.0,15769.0,-1.9282080000000001,-0.928127,GNQ,GBR,8947
1797831,90,81,1412,2004.0,127352.0,1458471.0,0.298029,1.745886,GRC,GBR,8947
1797832,91,81,1412,2004.0,0.0,12395.0,0.426058,-0.30841799999999997,GRD,GBR,8947
1797833,93,81,1412,2004.0,7275.0,12819.0,-0.39399,0.139128,GTM,GBR,8947
1797834,95,81,1412,2004.0,0.0,9439.0,0.136164,-0.616118,GUM,GBR,8947
1797835,96,81,1412,2004.0,0.0,13627.0,-0.932802,-0.9846530000000001,GUY,GBR,8947
1797836,97,81,1412,2004.0,15673242.0,1829302.0,0.72816,1.403171,HKG,GBR,8947
1797837,99,81,1412,2004.0,0.0,25239.0,-0.6372140000000001,-0.453946,HND,GBR,8947
1797838,100,81,1412,2004.0,0.0,190365.0,0.744459,1.1994479999999998,HRV,GBR,8947
1797839,102,81,1412,2004.0,6907104.0,6627240.0,1.3579370000000002,0.9993219999999999,HUN,GBR,8947
1797840,103,81,1412,2004.0,329896.0,90858.0,0.010095999999999999,1.7413779999999999,IDN,GBR,8947
1797841,104,81,1412,2004.0,24081816.0,928747.0,0.20872,2.817307,IND,GBR,8947
1797842,106,81,1412,2004.0,8557484.0,76126456.0,1.498475,0.19050799999999998,IRL,GBR,8947
1797843,107,81,1412,2004.0,1176.0,17628.0,-0.6691699999999999,-1.002548,IRN,GBR,8947
1797844,108,81,1412,2004.0,0.0,5665.0,-1.50824,-1.082486,IRQ,GBR,8947
1797845,109,81,1412,2004.0,28655.0,1984063.0,0.107901,-0.41223699999999996,ISL,GBR,8947
1797846,110,81,1412,2004.0,776892.0,429214.0,1.252895,0.8662770000000001,ISR,GBR,8947
1797847,111,81,1412,2004.0,62384684.0,21063958.0,1.440372,0.676068,ITA,GBR,8947
1797848,112,81,1412,2004.0,0.0,65989.0,-0.505365,-0.9596120000000001,JAM,GBR,8947
1797849,113,81,1412,2004.0,0.0,2478027.0,0.16384200000000002,0.34270100000000003,JOR,GBR,8947
1797850,114,81,1412,2004.0,12361607.0,2664926.0,2.756136,0.15545,JPN,GBR,8947
1797851,115,81,1412,2004.0,0.0,56025.0,-0.43987200000000004,-0.50862,KAZ,GBR,8947
1797852,116,81,1412,2004.0,720898.0,353234.0,-0.565597,0.182375,KEN,GBR,8947
1797853,117,81,1412,2004.0,0.0,1019.0,-0.263776,0.503736,KGZ,GBR,8947
1797854,118,81,1412,2004.0,3644.0,4666.0,-1.145227,-1.19179,KHM,GBR,8947
1797855,120,81,1412,2004.0,0.0,3746.0,0.5528109999999999,-0.342657,KNA,GBR,8947
1797856,121,81,1412,2004.0,7951070.0,376561.0,1.481275,0.7859,KOR,GBR,8947
1797857,122,81,1412,2004.0,7656.0,574504.0,-0.8195479999999999,-1.2105709999999998,KWT,GBR,8947
1797858,124,81,1412,2004.0,0.0,909510.0,0.269753,1.3152979999999999,LBN,GBR,8947
1797859,125,81,1412,2004.0,0.0,34662.0,0.037469,-1.036878,LBR,GBR,8947
1797860,126,81,1412,2004.0,0.0,43017.0,-0.895142,-1.211141,LBY,GBR,8947
1797861,127,81,1412,2004.0,0.0,40781.0,0.31900300000000004,-0.346391,LCA,GBR,8947
1797862,128,81,1412,2004.0,605126.0,75212.0,-0.42450299999999996,0.173518,LKA,GBR,8947
1797863,130,81,1412,2004.0,21296.0,72669.0,0.341521,0.7971560000000001,LTU,GBR,8947
1797864,131,81,1412,2004.0,332007.0,277835.0,1.258828,1.079923,LUX,GBR,8947
1797865,132,81,1412,2004.0,27044.0,163704.0,0.415001,0.8476809999999999,LVA,GBR,8947
1797866,133,81,1412,2004.0,0.0,1943.0,-0.12333599999999999,-0.600164,MAC,GBR,8947
1797867,134,81,1412,2004.0,416162.0,448474.0,-0.626594,-0.22253499999999998,MAR,GBR,8947
1797868,135,81,1412,2004.0,0.0,31200.0,-0.13031900000000002,-0.118591,MDA,GBR,8947
1797869,137,81,1412,2004.0,0.0,48782.0,-0.44303000000000003,-0.841744,MDV,GBR,8947
1797870,138,81,1412,2004.0,363162.0,1778157.0,1.183707,0.9043700000000001,MEX,GBR,8947
1797871,140,81,1412,2004.0,0.0,7517.0,-0.120439,0.27624899999999997,MKD,GBR,8947
1797872,142,81,1412,2004.0,747055.0,178806.0,1.2290379999999999,-0.025372,MLT,GBR,8947
1797873,145,81,1412,2004.0,0.0,3424.0,-0.920198,-1.1059219999999998,MNG,GBR,8947
1797874,146,81,1412,2004.0,0.0,8049.0,-0.22844699999999998,-0.684888,MNP,GBR,8947
1797875,147,81,1412,2004.0,0.0,5940.0,-1.009633,-0.9863059999999999,MOZ,GBR,8947
1797876,151,81,1412,2004.0,35645.0,736679.0,-0.161262,-0.29730300000000004,MUS,GBR,8947
1797877,152,81,1412,2004.0,6607.0,13326.0,-1.233417,-1.071204,MWI,GBR,8947
1797878,153,81,1412,2004.0,2370270.0,470361.0,1.250098,0.352379,MYS,GBR,8947
1797879,155,81,1412,2004.0,0.0,3097.0,-0.408989,-0.462016,NAM,GBR,8947
1797880,156,81,1412,2004.0,0.0,17142.0,-0.279566,-0.860456,NCL,GBR,8947
1797881,159,81,1412,2004.0,0.0,332743.0,-2.336753,-1.350375,NGA,GBR,8947
1797882,162,81,1412,2004.0,55460764.0,36606112.0,1.171327,1.6369799999999999,NLD,GBR,8947
1797883,163,81,1412,2004.0,1989588.0,7416750.0,0.731175,-0.0655,NOR,GBR,8947
1797884,164,81,1412,2004.0,0.0,3339.0,-0.16800199999999998,0.541976,NPL,GBR,8947
1797885,166,81,1412,2004.0,1267412.0,1321854.0,0.44099099999999997,0.968326,NZL,GBR,8947
1797886,167,81,1412,2004.0,0.0,64507.0,-0.707862,-1.187629,OMN,GBR,8947
1797887,168,81,1412,2004.0,16459772.0,297193.0,-0.7489600000000001,0.22493200000000002,PAK,GBR,8947
1797888,169,81,1412,2004.0,4824.0,1435.0,0.054997000000000004,0.440416,PAN,GBR,8947
1797889,173,81,1412,2004.0,0.0,18362.0,-0.609837,0.13314,PER,GBR,8947
1797890,174,81,1412,2004.0,3788094.0,138003.0,0.288786,-0.25348699999999996,PHL,GBR,8947
1797891,176,81,1412,2004.0,0.0,2732.0,-1.57259,-1.215066,PNG,GBR,8947
1797892,177,81,1412,2004.0,4817184.0,1353037.0,0.989568,1.49055,POL,GBR,8947
1797893,179,81,1412,2004.0,134872.0,4785878.0,0.705075,1.7268729999999999,PRT,GBR,8947
1797894,180,81,1412,2004.0,0.0,7825.0,-0.634469,-0.870034,PRY,GBR,8947
1797895,182,81,1412,2004.0,0.0,16719.0,-0.125349,-0.718282,PYF,GBR,8947
1797896,183,81,1412,2004.0,0.0,303638.0,0.018141,-1.03766,QAT,GBR,8947
1797897,185,81,1412,2004.0,686507.0,270132.0,0.53925,1.145066,ROU,GBR,8947
1797898,186,81,1412,2004.0,155231.0,3332663.0,0.422803,0.017524,RUS,GBR,8947
1797899,188,81,1412,2004.0,1516.0,629168.0,0.361324,-0.760732,SAU,GBR,8947
1797900,189,81,1412,2004.0,4507.0,113986.0,0.544686,2.418024,SCG,GBR,8947
1797901,190,81,1412,2004.0,0.0,65122.0,-1.503552,-1.253193,SDN,GBR,8947
1797902,191,81,1412,2004.0,0.0,41313.0,-0.620158,-0.296575,SEN,GBR,8947
1797903,192,81,1412,2004.0,1015618.0,1049890.0,1.804502,0.570084,SGP,GBR,8947
1797904,196,81,1412,2004.0,0.0,42914.0,0.43205699999999997,0.068877,SLE,GBR,8947
1797905,197,81,1412,2004.0,0.0,16056.0,-0.21054299999999998,0.086382,SLV,GBR,8947
1797906,199,81,1412,2004.0,0.0,2177.0,-0.7894100000000001,-0.939667,SOM,GBR,8947
1797907,206,81,1412,2004.0,621558.0,239984.0,1.2683149999999999,0.9208620000000001,SVK,GBR,8947
1797908,207,81,1412,2004.0,91060.0,277564.0,1.700677,0.829765,SVN,GBR,8947
1797909,208,81,1412,2004.0,12811243.0,34068284.0,2.105611,0.707843,SWE,GBR,8947
1797910,211,81,1412,2004.0,0.0,34906.0,-0.585828,-0.768388,SYC,GBR,8947
1797911,212,81,1412,2004.0,0.0,5389.0,-0.698545,-0.111323,SYR,GBR,8947
1797912,213,81,1412,2004.0,0.0,26203.0,0.641878,0.22729000000000002,TCA,GBR,8947
1797913,215,81,1412,2004.0,0.0,18683.0,-0.569621,-0.533211,TGO,GBR,8947
1797914,216,81,1412,2004.0,9966687.0,3905474.0,0.633501,1.4648290000000002,THA,GBR,8947
1797915,217,81,1412,2004.0,0.0,27485.0,-0.805571,-1.077194,TJK,GBR,8947
1797916,218,81,1412,2004.0,0.0,6611.0,0.266386,0.202336,TKL,GBR,8947
1797917,219,81,1412,2004.0,0.0,3377.0,-0.9017719999999999,-1.2102620000000002,TKM,GBR,8947
1797918,222,81,1412,2004.0,3102.0,161367.0,-0.108049,-0.923523,TTO,GBR,8947
1797919,223,81,1412,2004.0,1742.0,39866.0,-0.125092,0.370625,TUN,GBR,8947
1797920,224,81,1412,2004.0,115245.0,1014183.0,0.249065,1.910598,TUR,GBR,8947
1797921,226,81,1412,2004.0,0.0,56303.0,-0.935327,0.362709,TZA,GBR,8947
1797922,227,81,1412,2004.0,0.0,33471.0,-1.05367,-0.546304,UGA,GBR,8947
1797923,228,81,1412,2004.0,16211.0,341118.0,0.672848,1.172735,UKR,GBR,8947
1797924,230,81,1412,2004.0,0.0,8802.0,-0.051583000000000004,0.145056,URY,GBR,8947
1797925,231,81,1412,2004.0,281637824.0,22852394.0,1.818327,-0.17913900000000002,USA,GBR,8947
1797926,234,81,1412,2004.0,0.0,6392.0,-0.706188,-0.9244120000000001,VCT,GBR,8947
1797927,236,81,1412,2004.0,6857.0,23756.0,-0.41193900000000006,-0.9578899999999999,VEN,GBR,8947
1797928,237,81,1412,2004.0,109033.0,3701.0,0.689844,-0.23942,VGB,GBR,8947
1797929,239,81,1412,2004.0,878266.0,412398.0,-0.46875500000000003,0.734412,VNM,GBR,8947
1797930,246,81,1412,2004.0,1879157.0,6786030.0,0.29599699999999995,1.909018,ZAF,GBR,8947
1797931,247,81,1412,2004.0,0.0,21393.0,-0.8752479999999999,-0.784285,ZMB,GBR,8947
1797932,248,81,1412,2004.0,0.0,4187.0,-0.44064799999999993,0.01704,ZWE,GBR,8947
1797933,249,81,1412,2004.0,63953204.0,390655.0,1.8844150000000002,1.257951,TWN,GBR,8947
1797934,4,90,1412,2004.0,0.0,263253.0,-0.142479,0.136074,ALB,GRC,8947
1797935,7,90,1412,2004.0,7518.0,88655.0,-0.10993399999999999,-0.5351640000000001,ARE,GRC,8947
1797936,9,90,1412,2004.0,0.0,2246.0,0.497276,-0.226016,ARM,GRC,8947
1797937,14,90,1412,2004.0,44748.0,41715.0,-0.198735,0.81543,AUS,GRC,8947
1797938,15,90,1412,2004.0,1328743.0,6860.0,1.958949,0.209296,AUT,GRC,8947
1797939,18,90,1412,2004.0,803064.0,2209.0,1.242665,1.541444,BEL,GRC,8947
1797940,23,90,1412,2004.0,499897.0,242018.0,0.390627,1.631006,BGR,GRC,8947
1797941,24,90,1412,2004.0,0.0,29070.0,-0.551237,-1.174628,BHR,GRC,8947
1797942,25,90,1412,2004.0,0.0,13076.0,0.029548,-0.692239,BHS,GRC,8947
1797943,26,90,1412,2004.0,0.0,14787.0,0.45637,0.6154470000000001,BIH,GRC,8947
1797944,28,90,1412,2004.0,0.0,20077.0,0.9384239999999999,0.9708690000000001,BLR,GRC,8947
1797945,32,90,1412,2004.0,4771.0,3620.0,0.504233,1.567879,BRA,GRC,8947
1797946,39,90,1412,2004.0,177171.0,21021.0,0.781591,1.365966,CAN,GRC,8947
1797947,41,90,1412,2004.0,755921.0,11492.0,2.234603,0.551975,CHE,GRC,8947
1797948,42,90,1412,2004.0,0.0,5192.0,-0.24101399999999998,-0.303103,CHL,GRC,8947
1797949,43,90,1412,2004.0,9770676.0,5309.0,0.710603,2.017234,CHN,GRC,8947
1797950,45,90,1412,2004.0,0.0,1515.0,-1.380149,-1.220501,CMR,GRC,8947
1797951,49,90,1412,2004.0,19672.0,0.0,0.044706,0.514304,COL,GRC,8947
1797952,58,90,1412,2004.0,110353.0,680175.0,0.42732200000000004,0.811763,CYP,GRC,8947
1797953,59,90,1412,2004.0,505433.0,43733.0,1.612543,0.607495,CZE,GRC,8947
1797954,61,90,1412,2004.0,4804039.0,215312.0,2.4453099999999997,-2.331761,DEU,GRC,8947
1797955,64,90,1412,2004.0,231404.0,33932.0,1.309074,1.2627979999999999,DNK,GRC,8947
1797956,68,90,1412,2004.0,9889.0,7099.0,-0.35823499999999997,0.5000100000000001,EGY,GRC,8947
1797957,71,90,1412,2004.0,2114844.0,155840.0,1.04057,1.789023,ESP,GRC,8947
1797958,72,90,1412,2004.0,11058.0,7747.0,0.645741,1.035117,EST,GRC,8947
1797959,73,90,1412,2004.0,0.0,1200.0,-1.202444,-0.8973120000000001,ETH,GRC,8947
1797960,74,90,1412,2004.0,669151.0,2146.0,1.9662810000000002,1.018108,FIN,GRC,8947
1797961,77,90,1412,2004.0,5922027.0,40591.0,1.57079,0.6776760000000001,FRA,GRC,8947
1797962,81,90,1412,2004.0,1458471.0,127352.0,1.872987,0.734065,GBR,GRC,8947
1797963,85,90,1412,2004.0,0.0,5991.0,-1.004077,-1.108018,GIN,GRC,8947
1797964,97,90,1412,2004.0,531910.0,0.0,0.72816,1.403171,HKG,GRC,8947
1797965,100,90,1412,2004.0,0.0,8834.0,0.744459,1.1994479999999998,HRV,GRC,8947
1797966,102,90,1412,2004.0,83467.0,62693.0,1.3579370000000002,0.9993219999999999,HUN,GRC,8947
1797967,103,90,1412,2004.0,51460.0,0.0,0.010095999999999999,1.7413779999999999,IDN,GRC,8947
1797968,104,90,1412,2004.0,349530.0,0.0,0.20872,2.817307,IND,GRC,8947
1797969,106,90,1412,2004.0,81263.0,4647.0,1.498475,0.19050799999999998,IRL,GRC,8947
1797970,107,90,1412,2004.0,0.0,6144.0,-0.6691699999999999,-1.002548,IRN,GRC,8947
1797971,109,90,1412,2004.0,0.0,2104.0,0.107901,-0.41223699999999996,ISL,GRC,8947
1797972,110,90,1412,2004.0,102356.0,99310.0,1.252895,0.8662770000000001,ISR,GRC,8947
1797973,111,90,1412,2004.0,14731790.0,161232.0,1.440372,0.676068,ITA,GRC,8947
1797974,113,90,1412,2004.0,0.0,14514.0,0.16384200000000002,0.34270100000000003,JOR,GRC,8947
1797975,114,90,1412,2004.0,1046015.0,112864.0,2.756136,0.15545,JPN,GRC,8947
1797976,121,90,1412,2004.0,383886.0,0.0,1.481275,0.7859,KOR,GRC,8947
1797977,122,90,1412,2004.0,0.0,1030.0,-0.8195479999999999,-1.2105709999999998,KWT,GRC,8947
1797978,124,90,1412,2004.0,0.0,11589.0,0.269753,1.3152979999999999,LBN,GRC,8947
1797979,128,90,1412,2004.0,100698.0,2689.0,-0.42450299999999996,0.173518,LKA,GRC,8947
1797980,130,90,1412,2004.0,0.0,4718.0,0.341521,0.7971560000000001,LTU,GRC,8947
1797981,131,90,1412,2004.0,101721.0,0.0,1.258828,1.079923,LUX,GRC,8947
1797982,135,90,1412,2004.0,0.0,1435.0,-0.13031900000000002,-0.118591,MDA,GRC,8947
1797983,140,90,1412,2004.0,23599.0,60343.0,-0.120439,0.27624899999999997,MKD,GRC,8947
1797984,142,90,1412,2004.0,0.0,17515.0,1.2290379999999999,-0.025372,MLT,GRC,8947
1797985,153,90,1412,2004.0,108817.0,0.0,1.250098,0.352379,MYS,GRC,8947
1797986,159,90,1412,2004.0,0.0,1890.0,-2.336753,-1.350375,NGA,GRC,8947
1797987,162,90,1412,2004.0,1709135.0,30780.0,1.171327,1.6369799999999999,NLD,GRC,8947
1797988,163,90,1412,2004.0,493891.0,16174.0,0.731175,-0.0655,NOR,GRC,8947
1797989,166,90,1412,2004.0,13197.0,0.0,0.44099099999999997,0.968326,NZL,GRC,8947
1797990,168,90,1412,2004.0,2726329.0,0.0,-0.7489600000000001,0.22493200000000002,PAK,GRC,8947
1797991,174,90,1412,2004.0,41143.0,0.0,0.288786,-0.25348699999999996,PHL,GRC,8947
1797992,177,90,1412,2004.0,177799.0,67132.0,0.989568,1.49055,POL,GRC,8947
1797993,179,90,1412,2004.0,49451.0,50894.0,0.705075,1.7268729999999999,PRT,GRC,8947
1797994,183,90,1412,2004.0,0.0,10975.0,0.018141,-1.03766,QAT,GRC,8947
1797995,185,90,1412,2004.0,29600.0,218502.0,0.53925,1.145066,ROU,GRC,8947
1797996,186,90,1412,2004.0,0.0,1410.0,0.422803,0.017524,RUS,GRC,8947
1797997,188,90,1412,2004.0,0.0,28886.0,0.361324,-0.760732,SAU,GRC,8947
1797998,189,90,1412,2004.0,0.0,85369.0,0.544686,2.418024,SCG,GRC,8947
1797999,192,90,1412,2004.0,48427.0,6503.0,1.804502,0.570084,SGP,GRC,8947
1798000,206,90,1412,2004.0,18904.0,0.0,1.2683149999999999,0.9208620000000001,SVK,GRC,8947
1798001,207,90,1412,2004.0,67390.0,0.0,1.700677,0.829765,SVN,GRC,8947
1798002,208,90,1412,2004.0,717224.0,21840.0,2.105611,0.707843,SWE,GRC,8947
1798003,212,90,1412,2004.0,0.0,48007.0,-0.698545,-0.111323,SYR,GRC,8947
1798004,216,90,1412,2004.0,526202.0,0.0,0.633501,1.4648290000000002,THA,GRC,8947
1798005,223,90,1412,2004.0,47490.0,4795.0,-0.125092,0.370625,TUN,GRC,8947
1798006,224,90,1412,2004.0,194688.0,266102.0,0.249065,1.910598,TUR,GRC,8947
1798007,228,90,1412,2004.0,16155.0,16293.0,0.672848,1.172735,UKR,GRC,8947
1798008,231,90,1412,2004.0,4092442.0,150381.0,1.818327,-0.17913900000000002,USA,GRC,8947
1798009,239,90,1412,2004.0,41868.0,0.0,-0.46875500000000003,0.734412,VNM,GRC,8947
1798010,246,90,1412,2004.0,22871.0,0.0,0.29599699999999995,1.909018,ZAF,GRC,8947
1798011,249,90,1412,2004.0,6328784.0,14044.0,1.8844150000000002,1.257951,TWN,GRC,8947
1798012,250,90,1412,2004.0,1312.0,47983.0,0.46240200000000004,-0.406624,ANS,GRC,8947
1798013,43,91,1412,2004.0,5832.0,0.0,0.710603,2.017234,CHN,GRD,8947
1798014,77,91,1412,2004.0,5941.0,0.0,1.57079,0.6776760000000001,FRA,GRD,8947
1798015,81,91,1412,2004.0,12395.0,0.0,1.872987,0.734065,GBR,GRD,8947
1798016,104,91,1412,2004.0,1581.0,0.0,0.20872,2.817307,IND,GRD,8947
1798017,121,91,1412,2004.0,6614.0,0.0,1.481275,0.7859,KOR,GRD,8947
1798018,162,91,1412,2004.0,1976.0,0.0,1.171327,1.6369799999999999,NLD,GRD,8947
1798019,163,91,1412,2004.0,4886.0,0.0,0.731175,-0.0655,NOR,GRD,8947
1798020,169,91,1412,2004.0,7470.0,0.0,0.054997000000000004,0.440416,PAN,GRD,8947
1798021,208,91,1412,2004.0,2529.0,0.0,2.105611,0.707843,SWE,GRD,8947
1798022,222,91,1412,2004.0,25829.0,2682.0,-0.108049,-0.923523,TTO,GRD,8947
1798023,231,91,1412,2004.0,77843.0,0.0,1.818327,-0.17913900000000002,USA,GRD,8947
1798024,8,93,1412,2004.0,55195.0,0.0,-0.070845,0.879574,ARG,GTM,8947
1798025,14,93,1412,2004.0,0.0,3402.0,-0.198735,0.81543,AUS,GTM,8947
1798026,15,93,1412,2004.0,6154.0,26088.0,1.958949,0.209296,AUT,GTM,8947
1798027,18,93,1412,2004.0,20619.0,0.0,1.242665,1.541444,BEL,GTM,8947
1798028,32,93,1412,2004.0,144601.0,0.0,0.504233,1.567879,BRA,GTM,8947
1798029,33,93,1412,2004.0,0.0,1349.0,0.644308,0.290054,BRB,GTM,8947
1798030,39,93,1412,2004.0,376273.0,19198.0,0.781591,1.365966,CAN,GTM,8947
1798031,41,93,1412,2004.0,9886.0,28159.0,2.234603,0.551975,CHE,GTM,8947
1798032,43,93,1412,2004.0,999204.0,0.0,0.710603,2.017234,CHN,GTM,8947
1798033,49,93,1412,2004.0,7195.0,0.0,0.044706,0.514304,COL,GTM,8947
1798034,52,93,1412,2004.0,27095.0,8693.0,-0.036323,-0.313847,CRI,GTM,8947
1798035,54,93,1412,2004.0,1214.0,0.0,-0.16826,-0.644388,CUB,GTM,8947
1798036,61,93,1412,2004.0,46002.0,41003.0,2.4453099999999997,-2.331761,DEU,GTM,8947
1798037,64,93,1412,2004.0,5563.0,62329.0,1.309074,1.2627979999999999,DNK,GTM,8947
1798038,65,93,1412,2004.0,12059.0,0.0,-0.24909699999999999,-0.326783,DOM,GTM,8947
1798039,71,93,1412,2004.0,1824.0,2798.0,1.04057,1.789023,ESP,GTM,8947
1798040,77,93,1412,2004.0,60359.0,4931.0,1.57079,0.6776760000000001,FRA,GTM,8947
1798041,81,93,1412,2004.0,12819.0,7275.0,1.872987,0.734065,GBR,GTM,8947
1798042,97,93,1412,2004.0,241546.0,0.0,0.72816,1.403171,HKG,GTM,8947
1798043,99,93,1412,2004.0,18264.0,82507.0,-0.6372140000000001,-0.453946,HND,GTM,8947
1798044,104,93,1412,2004.0,16867.0,0.0,0.20872,2.817307,IND,GTM,8947
1798045,106,93,1412,2004.0,2753.0,0.0,1.498475,0.19050799999999998,IRL,GTM,8947
1798046,111,93,1412,2004.0,44195.0,0.0,1.440372,0.676068,ITA,GTM,8947
1798047,112,93,1412,2004.0,2170.0,9258.0,-0.505365,-0.9596120000000001,JAM,GTM,8947
1798048,114,93,1412,2004.0,56934.0,3148.0,2.756136,0.15545,JPN,GTM,8947
1798049,121,93,1412,2004.0,33049.0,0.0,1.481275,0.7859,KOR,GTM,8947
1798050,138,93,1412,2004.0,1465146.0,1414.0,1.183707,0.9043700000000001,MEX,GTM,8947
1798051,160,93,1412,2004.0,0.0,23878.0,-1.003846,-0.697642,NIC,GTM,8947
1798052,162,93,1412,2004.0,1316.0,14224.0,1.171327,1.6369799999999999,NLD,GTM,8947
1798053,163,93,1412,2004.0,0.0,2933.0,0.731175,-0.0655,NOR,GTM,8947
1798054,168,93,1412,2004.0,183060.0,0.0,-0.7489600000000001,0.22493200000000002,PAK,GTM,8947
1798055,169,93,1412,2004.0,603065.0,8958.0,0.054997000000000004,0.440416,PAN,GTM,8947
1798056,173,93,1412,2004.0,40811.0,0.0,-0.609837,0.13314,PER,GTM,8947
1798057,197,93,1412,2004.0,602941.0,133255.0,-0.21054299999999998,0.086382,SLV,GTM,8947
1798058,206,93,1412,2004.0,2268.0,0.0,1.2683149999999999,0.9208620000000001,SVK,GTM,8947
1798059,208,93,1412,2004.0,20153.0,0.0,2.105611,0.707843,SWE,GTM,8947
1798060,216,93,1412,2004.0,39838.0,0.0,0.633501,1.4648290000000002,THA,GTM,8947
1798061,231,93,1412,2004.0,1876616.0,1593162.0,1.818327,-0.17913900000000002,USA,GTM,8947
1798062,239,93,1412,2004.0,7091.0,0.0,-0.46875500000000003,0.734412,VNM,GTM,8947
1798063,249,93,1412,2004.0,658414.0,1076.0,1.8844150000000002,1.257951,TWN,GTM,8947
1798064,250,93,1412,2004.0,16557.0,8855.0,0.46240200000000004,-0.406624,ANS,GTM,8947
1798065,13,96,1412,2004.0,1999.0,0.0,-0.28271,-0.850197,ATG,GUY,8947
1798066,18,96,1412,2004.0,1258.0,0.0,1.242665,1.541444,BEL,GUY,8947
1798067,32,96,1412,2004.0,5786.0,0.0,0.504233,1.567879,BRA,GUY,8947
1798068,39,96,1412,2004.0,20554.0,0.0,0.781591,1.365966,CAN,GUY,8947
1798069,43,96,1412,2004.0,56634.0,0.0,0.710603,2.017234,CHN,GUY,8947
1798070,81,96,1412,2004.0,13627.0,0.0,1.872987,0.734065,GBR,GUY,8947
1798071,97,96,1412,2004.0,2657.0,0.0,0.72816,1.403171,HKG,GUY,8947
1798072,104,96,1412,2004.0,25828.0,0.0,0.20872,2.817307,IND,GUY,8947
1798073,168,96,1412,2004.0,284972.0,0.0,-0.7489600000000001,0.22493200000000002,PAK,GUY,8947
1798074,169,96,1412,2004.0,8199.0,0.0,0.054997000000000004,0.440416,PAN,GUY,8947
1798075,177,96,1412,2004.0,1350.0,0.0,0.989568,1.49055,POL,GUY,8947
1798076,208,96,1412,2004.0,2234.0,0.0,2.105611,0.707843,SWE,GUY,8947
1798077,222,96,1412,2004.0,2547.0,0.0,-0.108049,-0.923523,TTO,GUY,8947
1798078,231,96,1412,2004.0,113493.0,0.0,1.818327,-0.17913900000000002,USA,GUY,8947
1798079,249,96,1412,2004.0,9790.0,0.0,1.8844150000000002,1.257951,TWN,GUY,8947
1798080,250,96,1412,2004.0,10901.0,0.0,0.46240200000000004,-0.406624,ANS,GUY,8947
1798081,0,97,1412,2004.0,0.0,20335.0,0.074978,-0.8537239999999999,ABW,HKG,8947
1798082,2,97,1412,2004.0,0.0,24545.0,-0.8688110000000001,-1.198692,AGO,HKG,8947
1798083,7,97,1412,2004.0,242148.0,831346.0,-0.10993399999999999,-0.5351640000000001,ARE,HKG,8947
1798084,8,97,1412,2004.0,0.0,687842.0,-0.070845,0.879574,ARG,HKG,8947
1798085,9,97,1412,2004.0,0.0,16456.0,0.497276,-0.226016,ARM,HKG,8947
1798086,14,97,1412,2004.0,1865540.0,4324773.0,-0.198735,0.81543,AUS,HKG,8947
1798087,15,97,1412,2004.0,3592641.0,3356617.0,1.958949,0.209296,AUT,HKG,8947
1798088,18,97,1412,2004.0,214487.0,2022640.0,1.242665,1.541444,BEL,HKG,8947
1798089,22,97,1412,2004.0,695149.0,24831.0,-1.074194,-0.9392389999999999,BGD,HKG,8947
1798090,23,97,1412,2004.0,0.0,166359.0,0.390627,1.631006,BGR,HKG,8947
1798091,24,97,1412,2004.0,0.0,22692.0,-0.551237,-1.174628,BHR,HKG,8947
1798092,25,97,1412,2004.0,0.0,12609.0,0.029548,-0.692239,BHS,HKG,8947
1798093,26,97,1412,2004.0,0.0,3326.0,0.45637,0.6154470000000001,BIH,HKG,8947
1798094,29,97,1412,2004.0,0.0,7707.0,-0.528459,-0.739219,BLZ,HKG,8947
1798095,31,97,1412,2004.0,0.0,1866.0,-0.841087,-0.770059,BOL,HKG,8947
1798096,32,97,1412,2004.0,0.0,678617.0,0.504233,1.567879,BRA,HKG,8947
1798097,33,97,1412,2004.0,0.0,9595.0,0.644308,0.290054,BRB,HKG,8947
1798098,34,97,1412,2004.0,0.0,26902.0,-0.720827,-0.964435,BRN,HKG,8947
1798099,39,97,1412,2004.0,2602822.0,7819202.0,0.781591,1.365966,CAN,HKG,8947
1798100,41,97,1412,2004.0,399865.0,1374930.0,2.234603,0.551975,CHE,HKG,8947
1798101,42,97,1412,2004.0,0.0,422063.0,-0.24101399999999998,-0.303103,CHL,HKG,8947
1798102,43,97,1412,2004.0,366983040.0,15571373.0,0.710603,2.017234,CHN,HKG,8947
1798103,45,97,1412,2004.0,0.0,74393.0,-1.380149,-1.220501,CMR,HKG,8947
1798104,47,97,1412,2004.0,0.0,1291.0,-1.415254,-1.24599,COG,HKG,8947
1798105,49,97,1412,2004.0,0.0,149103.0,0.044706,0.514304,COL,HKG,8947
1798106,52,97,1412,2004.0,0.0,125849.0,-0.036323,-0.313847,CRI,HKG,8947
1798107,54,97,1412,2004.0,0.0,4205.0,-0.16826,-0.644388,CUB,HKG,8947
1798108,58,97,1412,2004.0,18661.0,240089.0,0.42732200000000004,0.811763,CYP,HKG,8947
1798109,59,97,1412,2004.0,134619.0,1519479.0,1.612543,0.607495,CZE,HKG,8947
1798110,61,97,1412,2004.0,1707665.0,9618849.0,2.4453099999999997,-2.331761,DEU,HKG,8947
1798111,64,97,1412,2004.0,30658.0,1133471.0,1.309074,1.2627979999999999,DNK,HKG,8947
1798112,65,97,1412,2004.0,0.0,132128.0,-0.24909699999999999,-0.326783,DOM,HKG,8947
1798113,66,97,1412,2004.0,0.0,11072.0,-1.166661,-1.2240879999999998,DZA,HKG,8947
1798114,67,97,1412,2004.0,0.0,94244.0,-0.990727,-0.9383090000000001,ECU,HKG,8947
1798115,68,97,1412,2004.0,0.0,359440.0,-0.35823499999999997,0.5000100000000001,EGY,HKG,8947
1798116,71,97,1412,2004.0,297642.0,7423676.0,1.04057,1.789023,ESP,HKG,8947
1798117,72,97,1412,2004.0,19471.0,158533.0,0.645741,1.035117,EST,HKG,8947
1798118,74,97,1412,2004.0,308069.0,1721580.0,1.9662810000000002,1.018108,FIN,HKG,8947
1798119,75,97,1412,2004.0,0.0,33513.0,-0.793333,-0.27460100000000004,FJI,HKG,8947
1798120,77,97,1412,2004.0,2729016.0,16854168.0,1.57079,0.6776760000000001,FRA,HKG,8947
1798121,78,97,1412,2004.0,0.0,1415.0,-1.127967,-1.002561,FRO,HKG,8947
1798122,79,97,1412,2004.0,0.0,7714.0,-1.155942,-1.049955,FSM,HKG,8947
1798123,81,97,1412,2004.0,1829302.0,15673242.0,1.872987,0.734065,GBR,HKG,8947
1798124,82,97,1412,2004.0,0.0,3940.0,-0.030676,-0.560186,GEO,HKG,8947
1798125,83,97,1412,2004.0,0.0,4938.0,-1.015073,-0.9147069999999999,GHA,HKG,8947
1798126,85,97,1412,2004.0,0.0,26788.0,-1.004077,-1.108018,GIN,HKG,8947
1798127,87,97,1412,2004.0,0.0,3916.0,-0.22746999999999998,-0.14824600000000002,GMB,HKG,8947
1798128,90,97,1412,2004.0,0.0,531910.0,0.298029,1.745886,GRC,HKG,8947
1798129,93,97,1412,2004.0,0.0,241546.0,-0.39399,0.139128,GTM,HKG,8947
1798130,95,97,1412,2004.0,0.0,26508.0,0.136164,-0.616118,GUM,HKG,8947
1798131,96,97,1412,2004.0,0.0,2657.0,-0.932802,-0.9846530000000001,GUY,HKG,8947
1798132,99,97,1412,2004.0,0.0,261760.0,-0.6372140000000001,-0.453946,HND,HKG,8947
1798133,100,97,1412,2004.0,0.0,362275.0,0.744459,1.1994479999999998,HRV,HKG,8947
1798134,102,97,1412,2004.0,118196.0,1701815.0,1.3579370000000002,0.9993219999999999,HUN,HKG,8947
1798135,103,97,1412,2004.0,130808.0,307051.0,0.010095999999999999,1.7413779999999999,IDN,HKG,8947
1798136,104,97,1412,2004.0,339127.0,390570.0,0.20872,2.817307,IND,HKG,8947
1798137,106,97,1412,2004.0,122446.0,803194.0,1.498475,0.19050799999999998,IRL,HKG,8947
1798138,107,97,1412,2004.0,0.0,36976.0,-0.6691699999999999,-1.002548,IRN,HKG,8947
1798139,109,97,1412,2004.0,0.0,74115.0,0.107901,-0.41223699999999996,ISL,HKG,8947
1798140,110,97,1412,2004.0,14169.0,1540530.0,1.252895,0.8662770000000001,ISR,HKG,8947
1798141,111,97,1412,2004.0,5652266.0,1141894.0,1.440372,0.676068,ITA,HKG,8947
1798142,112,97,1412,2004.0,0.0,13247.0,-0.505365,-0.9596120000000001,JAM,HKG,8947
1798143,113,97,1412,2004.0,0.0,14475.0,0.16384200000000002,0.34270100000000003,JOR,HKG,8947
1798144,114,97,1412,2004.0,68482912.0,34260768.0,2.756136,0.15545,JPN,HKG,8947
1798145,115,97,1412,2004.0,0.0,2862.0,-0.43987200000000004,-0.50862,KAZ,HKG,8947
1798146,116,97,1412,2004.0,0.0,32109.0,-0.565597,0.182375,KEN,HKG,8947
1798147,117,97,1412,2004.0,0.0,9467.0,-0.263776,0.503736,KGZ,HKG,8947
1798148,121,97,1412,2004.0,5640506.0,4660522.0,1.481275,0.7859,KOR,HKG,8947
1798149,122,97,1412,2004.0,0.0,42680.0,-0.8195479999999999,-1.2105709999999998,KWT,HKG,8947
1798150,124,97,1412,2004.0,0.0,87300.0,0.269753,1.3152979999999999,LBN,HKG,8947
1798151,125,97,1412,2004.0,0.0,35598.0,0.037469,-1.036878,LBR,HKG,8947
1798152,128,97,1412,2004.0,8125.0,79645.0,-0.42450299999999996,0.173518,LKA,HKG,8947
1798153,130,97,1412,2004.0,0.0,128249.0,0.341521,0.7971560000000001,LTU,HKG,8947
1798154,132,97,1412,2004.0,0.0,439311.0,0.415001,0.8476809999999999,LVA,HKG,8947
1798155,133,97,1412,2004.0,104495.0,561165.0,-0.12333599999999999,-0.600164,MAC,HKG,8947
1798156,134,97,1412,2004.0,0.0,21888.0,-0.626594,-0.22253499999999998,MAR,HKG,8947
1798157,137,97,1412,2004.0,0.0,17211.0,-0.44303000000000003,-0.841744,MDV,HKG,8947
1798158,138,97,1412,2004.0,1264099.0,1332259.0,1.183707,0.9043700000000001,MEX,HKG,8947
1798159,140,97,1412,2004.0,0.0,1170.0,-0.120439,0.27624899999999997,MKD,HKG,8947
1798160,141,97,1412,2004.0,0.0,3406.0,-0.5807979999999999,-0.797311,MLI,HKG,8947
1798161,142,97,1412,2004.0,0.0,50714.0,1.2290379999999999,-0.025372,MLT,HKG,8947
1798162,146,97,1412,2004.0,0.0,5139.0,-0.22844699999999998,-0.684888,MNP,HKG,8947
1798163,151,97,1412,2004.0,0.0,42167.0,-0.161262,-0.29730300000000004,MUS,HKG,8947
1798164,153,97,1412,2004.0,1291364.0,5581061.0,1.250098,0.352379,MYS,HKG,8947
1798165,155,97,1412,2004.0,0.0,22947.0,-0.408989,-0.462016,NAM,HKG,8947
1798166,156,97,1412,2004.0,0.0,140352.0,-0.279566,-0.860456,NCL,HKG,8947
1798167,159,97,1412,2004.0,0.0,111718.0,-2.336753,-1.350375,NGA,HKG,8947
1798168,160,97,1412,2004.0,0.0,19032.0,-1.003846,-0.697642,NIC,HKG,8947
1798169,162,97,1412,2004.0,3474550.0,11413274.0,1.171327,1.6369799999999999,NLD,HKG,8947
1798170,163,97,1412,2004.0,89720.0,2569318.0,0.731175,-0.0655,NOR,HKG,8947
1798171,164,97,1412,2004.0,0.0,3751.0,-0.16800199999999998,0.541976,NPL,HKG,8947
1798172,166,97,1412,2004.0,67392.0,1056784.0,0.44099099999999997,0.968326,NZL,HKG,8947
1798173,167,97,1412,2004.0,0.0,41564.0,-0.707862,-1.187629,OMN,HKG,8947
1798174,168,97,1412,2004.0,3123340.0,29134.0,-0.7489600000000001,0.22493200000000002,PAK,HKG,8947
1798175,169,97,1412,2004.0,0.0,859633.0,0.054997000000000004,0.440416,PAN,HKG,8947
1798176,173,97,1412,2004.0,0.0,107487.0,-0.609837,0.13314,PER,HKG,8947
1798177,174,97,1412,2004.0,1010135.0,2036166.0,0.288786,-0.25348699999999996,PHL,HKG,8947
1798178,176,97,1412,2004.0,0.0,88186.0,-1.57259,-1.215066,PNG,HKG,8947
1798179,177,97,1412,2004.0,5860.0,864906.0,0.989568,1.49055,POL,HKG,8947
1798180,178,97,1412,2004.0,0.0,3110.0,0.695376,0.9732209999999999,PRK,HKG,8947
1798181,179,97,1412,2004.0,1739.0,167462.0,0.705075,1.7268729999999999,PRT,HKG,8947
1798182,180,97,1412,2004.0,0.0,504316.0,-0.634469,-0.870034,PRY,HKG,8947
1798183,182,97,1412,2004.0,0.0,10341.0,-0.125349,-0.718282,PYF,HKG,8947
1798184,183,97,1412,2004.0,0.0,24407.0,0.018141,-1.03766,QAT,HKG,8947
1798185,185,97,1412,2004.0,0.0,270024.0,0.53925,1.145066,ROU,HKG,8947
1798186,186,97,1412,2004.0,4889.0,2660863.0,0.422803,0.017524,RUS,HKG,8947
1798187,188,97,1412,2004.0,0.0,212974.0,0.361324,-0.760732,SAU,HKG,8947
1798188,189,97,1412,2004.0,0.0,22008.0,0.544686,2.418024,SCG,HKG,8947
1798189,190,97,1412,2004.0,0.0,3320.0,-1.503552,-1.253193,SDN,HKG,8947
1798190,191,97,1412,2004.0,0.0,4845.0,-0.620158,-0.296575,SEN,HKG,8947
1798191,192,97,1412,2004.0,5622576.0,5761992.0,1.804502,0.570084,SGP,HKG,8947
1798192,195,97,1412,2004.0,0.0,68244.0,-1.337367,-1.051245,SLB,HKG,8947
1798193,196,97,1412,2004.0,0.0,10095.0,0.43205699999999997,0.068877,SLE,HKG,8947
1798194,197,97,1412,2004.0,0.0,80653.0,-0.21054299999999998,0.086382,SLV,HKG,8947
1798195,206,97,1412,2004.0,15427.0,260071.0,1.2683149999999999,0.9208620000000001,SVK,HKG,8947
1798196,207,97,1412,2004.0,65078.0,575295.0,1.700677,0.829765,SVN,HKG,8947
1798197,208,97,1412,2004.0,542483.0,15941072.0,2.105611,0.707843,SWE,HKG,8947
1798198,209,97,1412,2004.0,0.0,2390.0,0.528937,-0.241038,SWZ,HKG,8947
1798199,211,97,1412,2004.0,0.0,1218.0,-0.585828,-0.768388,SYC,HKG,8947
1798200,216,97,1412,2004.0,2117094.0,1101600.0,0.633501,1.4648290000000002,THA,HKG,8947
1798201,221,97,1412,2004.0,0.0,3480.0,-0.431874,-0.8715629999999999,TON,HKG,8947
1798202,222,97,1412,2004.0,0.0,16909.0,-0.108049,-0.923523,TTO,HKG,8947
1798203,223,97,1412,2004.0,0.0,44138.0,-0.125092,0.370625,TUN,HKG,8947
1798204,224,97,1412,2004.0,0.0,522608.0,0.249065,1.910598,TUR,HKG,8947
1798205,226,97,1412,2004.0,0.0,19288.0,-0.935327,0.362709,TZA,HKG,8947
1798206,227,97,1412,2004.0,0.0,3320.0,-1.05367,-0.546304,UGA,HKG,8947
1798207,228,97,1412,2004.0,0.0,411722.0,0.672848,1.172735,UKR,HKG,8947
1798208,230,97,1412,2004.0,0.0,92888.0,-0.051583000000000004,0.145056,URY,HKG,8947
1798209,231,97,1412,2004.0,97211952.0,80073816.0,1.818327,-0.17913900000000002,USA,HKG,8947
1798210,236,97,1412,2004.0,0.0,805658.0,-0.41193900000000006,-0.9578899999999999,VEN,HKG,8947
1798211,239,97,1412,2004.0,1090737.0,219253.0,-0.46875500000000003,0.734412,VNM,HKG,8947
1798212,240,97,1412,2004.0,0.0,14550.0,-1.284054,-1.0415809999999999,VUT,HKG,8947
1798213,243,97,1412,2004.0,0.0,15053.0,-1.298227,-1.2496639999999999,YEM,HKG,8947
1798214,246,97,1412,2004.0,33798.0,2626902.0,0.29599699999999995,1.909018,ZAF,HKG,8947
1798215,248,97,1412,2004.0,0.0,5591.0,-0.44064799999999993,0.01704,ZWE,HKG,8947
1798216,249,97,1412,2004.0,171986400.0,1994344.0,1.8844150000000002,1.257951,TWN,HKG,8947
1798217,250,97,1412,2004.0,0.0,455398.0,0.46240200000000004,-0.406624,ANS,HKG,8947
1798218,32,99,1412,2004.0,118756.0,0.0,0.504233,1.567879,BRA,HND,8947
1798219,39,99,1412,2004.0,248519.0,14265.0,0.781591,1.365966,CAN,HND,8947
1798220,41,99,1412,2004.0,26953.0,0.0,2.234603,0.551975,CHE,HND,8947
1798221,42,99,1412,2004.0,16408.0,0.0,-0.24101399999999998,-0.303103,CHL,HND,8947
1798222,43,99,1412,2004.0,657050.0,1058.0,0.710603,2.017234,CHN,HND,8947
1798223,49,99,1412,2004.0,8589.0,0.0,0.044706,0.514304,COL,HND,8947
1798224,52,99,1412,2004.0,1753.0,0.0,-0.036323,-0.313847,CRI,HND,8947
1798225,65,99,1412,2004.0,2587.0,0.0,-0.24909699999999999,-0.326783,DOM,HND,8947
1798226,71,99,1412,2004.0,36969.0,0.0,1.04057,1.789023,ESP,HND,8947
1798227,77,99,1412,2004.0,6170.0,0.0,1.57079,0.6776760000000001,FRA,HND,8947
1798228,81,99,1412,2004.0,25239.0,0.0,1.872987,0.734065,GBR,HND,8947
1798229,93,99,1412,2004.0,82507.0,18264.0,-0.39399,0.139128,GTM,HND,8947
1798230,97,99,1412,2004.0,261760.0,0.0,0.72816,1.403171,HKG,HND,8947
1798231,111,99,1412,2004.0,10612.0,0.0,1.440372,0.676068,ITA,HND,8947
1798232,114,99,1412,2004.0,190979.0,0.0,2.756136,0.15545,JPN,HND,8947
1798233,138,99,1412,2004.0,3203458.0,0.0,1.183707,0.9043700000000001,MEX,HND,8947
1798234,168,99,1412,2004.0,130518.0,0.0,-0.7489600000000001,0.22493200000000002,PAK,HND,8947
1798235,169,99,1412,2004.0,224864.0,3042.0,0.054997000000000004,0.440416,PAN,HND,8947
1798236,197,99,1412,2004.0,92389.0,18383.0,-0.21054299999999998,0.086382,SLV,HND,8947
1798237,216,99,1412,2004.0,229153.0,0.0,0.633501,1.4648290000000002,THA,HND,8947
1798238,224,99,1412,2004.0,1581.0,0.0,0.249065,1.910598,TUR,HND,8947
1798239,231,99,1412,2004.0,1993412.0,1674783.0,1.818327,-0.17913900000000002,USA,HND,8947
1798240,249,99,1412,2004.0,101607.0,1672.0,1.8844150000000002,1.257951,TWN,HND,8947
1798241,250,99,1412,2004.0,5492.0,0.0,0.46240200000000004,-0.406624,ANS,HND,8947
1798242,5,103,1412,2004.0,0.0,2827.0,1.122154,0.958434,AND,IDN,8947
1798243,7,103,1412,2004.0,0.0,891514.0,-0.10993399999999999,-0.5351640000000001,ARE,IDN,8947
1798244,8,103,1412,2004.0,6843.0,75095.0,-0.070845,0.879574,ARG,IDN,8947
1798245,14,103,1412,2004.0,554169.0,1249493.0,-0.198735,0.81543,AUS,IDN,8947
1798246,15,103,1412,2004.0,27964.0,60469.0,1.958949,0.209296,AUT,IDN,8947
1798247,18,103,1412,2004.0,58645.0,260150.0,1.242665,1.541444,BEL,IDN,8947
1798248,22,103,1412,2004.0,0.0,14643.0,-1.074194,-0.9392389999999999,BGD,IDN,8947
1798249,23,103,1412,2004.0,0.0,10742.0,0.390627,1.631006,BGR,IDN,8947
1798250,24,103,1412,2004.0,0.0,1818.0,-0.551237,-1.174628,BHR,IDN,8947
1798251,31,103,1412,2004.0,0.0,2380.0,-0.841087,-0.770059,BOL,IDN,8947
1798252,32,103,1412,2004.0,0.0,101182.0,0.504233,1.567879,BRA,IDN,8947
1798253,33,103,1412,2004.0,0.0,1536.0,0.644308,0.290054,BRB,IDN,8947
1798254,34,103,1412,2004.0,0.0,8180.0,-0.720827,-0.964435,BRN,IDN,8947
1798255,39,103,1412,2004.0,4741.0,173953.0,0.781591,1.365966,CAN,IDN,8947
1798256,41,103,1412,2004.0,7513.0,11691.0,2.234603,0.551975,CHE,IDN,8947
1798257,42,103,1412,2004.0,0.0,166911.0,-0.24101399999999998,-0.303103,CHL,IDN,8947
1798258,43,103,1412,2004.0,11655288.0,111887.0,0.710603,2.017234,CHN,IDN,8947
1798259,44,103,1412,2004.0,0.0,2620.0,-0.835933,-0.749289,CIV,IDN,8947
1798260,49,103,1412,2004.0,0.0,62354.0,0.044706,0.514304,COL,IDN,8947
1798261,52,103,1412,2004.0,0.0,12458.0,-0.036323,-0.313847,CRI,IDN,8947
1798262,54,103,1412,2004.0,0.0,2474.0,-0.16826,-0.644388,CUB,IDN,8947
1798263,58,103,1412,2004.0,0.0,19849.0,0.42732200000000004,0.811763,CYP,IDN,8947
1798264,59,103,1412,2004.0,143448.0,70953.0,1.612543,0.607495,CZE,IDN,8947
1798265,61,103,1412,2004.0,737014.0,1207764.0,2.4453099999999997,-2.331761,DEU,IDN,8947
1798266,64,103,1412,2004.0,38396.0,130489.0,1.309074,1.2627979999999999,DNK,IDN,8947
1798267,67,103,1412,2004.0,0.0,18246.0,-0.990727,-0.9383090000000001,ECU,IDN,8947
1798268,68,103,1412,2004.0,0.0,109260.0,-0.35823499999999997,0.5000100000000001,EGY,IDN,8947
1798269,71,103,1412,2004.0,50301.0,573281.0,1.04057,1.789023,ESP,IDN,8947
1798270,72,103,1412,2004.0,0.0,3497.0,0.645741,1.035117,EST,IDN,8947
1798271,74,103,1412,2004.0,0.0,121520.0,1.9662810000000002,1.018108,FIN,IDN,8947
1798272,75,103,1412,2004.0,0.0,6900.0,-0.793333,-0.27460100000000004,FJI,IDN,8947
1798273,77,103,1412,2004.0,115914.0,1643648.0,1.57079,0.6776760000000001,FRA,IDN,8947
1798274,81,103,1412,2004.0,90858.0,329896.0,1.872987,0.734065,GBR,IDN,8947
1798275,89,103,1412,2004.0,0.0,1722.0,-1.9282080000000001,-0.928127,GNQ,IDN,8947
1798276,90,103,1412,2004.0,0.0,51460.0,0.298029,1.745886,GRC,IDN,8947
1798277,97,103,1412,2004.0,307051.0,130808.0,0.72816,1.403171,HKG,IDN,8947
1798278,100,103,1412,2004.0,0.0,6628.0,0.744459,1.1994479999999998,HRV,IDN,8947
1798279,102,103,1412,2004.0,47587.0,95841.0,1.3579370000000002,0.9993219999999999,HUN,IDN,8947
1798280,104,103,1412,2004.0,14904.0,145096.0,0.20872,2.817307,IND,IDN,8947
1798281,106,103,1412,2004.0,4332.0,113608.0,1.498475,0.19050799999999998,IRL,IDN,8947
1798282,107,103,1412,2004.0,0.0,8292.0,-0.6691699999999999,-1.002548,IRN,IDN,8947
1798283,110,103,1412,2004.0,0.0,18709.0,1.252895,0.8662770000000001,ISR,IDN,8947
1798284,111,103,1412,2004.0,340387.0,64493.0,1.440372,0.676068,ITA,IDN,8947
1798285,112,103,1412,2004.0,0.0,2487.0,-0.505365,-0.9596120000000001,JAM,IDN,8947
1798286,114,103,1412,2004.0,426156.0,17195752.0,2.756136,0.15545,JPN,IDN,8947
1798287,115,103,1412,2004.0,0.0,1245.0,-0.43987200000000004,-0.50862,KAZ,IDN,8947
1798288,121,103,1412,2004.0,281261.0,1504974.0,1.481275,0.7859,KOR,IDN,8947
1798289,122,103,1412,2004.0,0.0,39905.0,-0.8195479999999999,-1.2105709999999998,KWT,IDN,8947
1798290,124,103,1412,2004.0,0.0,4518.0,0.269753,1.3152979999999999,LBN,IDN,8947
1798291,128,103,1412,2004.0,0.0,22615.0,-0.42450299999999996,0.173518,LKA,IDN,8947
1798292,130,103,1412,2004.0,0.0,26235.0,0.341521,0.7971560000000001,LTU,IDN,8947
1798293,132,103,1412,2004.0,0.0,2818.0,0.415001,0.8476809999999999,LVA,IDN,8947
1798294,133,103,1412,2004.0,0.0,13009.0,-0.12333599999999999,-0.600164,MAC,IDN,8947
1798295,134,103,1412,2004.0,0.0,11385.0,-0.626594,-0.22253499999999998,MAR,IDN,8947
1798296,137,103,1412,2004.0,0.0,4758.0,-0.44303000000000003,-0.841744,MDV,IDN,8947
1798297,138,103,1412,2004.0,0.0,102696.0,1.183707,0.9043700000000001,MEX,IDN,8947
1798298,151,103,1412,2004.0,0.0,10120.0,-0.161262,-0.29730300000000004,MUS,IDN,8947
1798299,153,103,1412,2004.0,699124.0,607178.0,1.250098,0.352379,MYS,IDN,8947
1798300,159,103,1412,2004.0,0.0,24139.0,-2.336753,-1.350375,NGA,IDN,8947
1798301,162,103,1412,2004.0,26854.0,525356.0,1.171327,1.6369799999999999,NLD,IDN,8947
1798302,163,103,1412,2004.0,0.0,34648.0,0.731175,-0.0655,NOR,IDN,8947
1798303,166,103,1412,2004.0,3797.0,162648.0,0.44099099999999997,0.968326,NZL,IDN,8947
1798304,168,103,1412,2004.0,110056.0,299634.0,-0.7489600000000001,0.22493200000000002,PAK,IDN,8947
1798305,169,103,1412,2004.0,0.0,191538.0,0.054997000000000004,0.440416,PAN,IDN,8947
1798306,173,103,1412,2004.0,0.0,145344.0,-0.609837,0.13314,PER,IDN,8947
1798307,174,103,1412,2004.0,42002.0,52438.0,0.288786,-0.25348699999999996,PHL,IDN,8947
1798308,176,103,1412,2004.0,0.0,21355.0,-1.57259,-1.215066,PNG,IDN,8947
1798309,177,103,1412,2004.0,0.0,42766.0,0.989568,1.49055,POL,IDN,8947
1798310,179,103,1412,2004.0,14895.0,12704.0,0.705075,1.7268729999999999,PRT,IDN,8947
1798311,180,103,1412,2004.0,0.0,150662.0,-0.634469,-0.870034,PRY,IDN,8947
1798312,182,103,1412,2004.0,0.0,6327.0,-0.125349,-0.718282,PYF,IDN,8947
1798313,183,103,1412,2004.0,0.0,30599.0,0.018141,-1.03766,QAT,IDN,8947
1798314,185,103,1412,2004.0,0.0,12107.0,0.53925,1.145066,ROU,IDN,8947
1798315,186,103,1412,2004.0,0.0,7794.0,0.422803,0.017524,RUS,IDN,8947
1798316,188,103,1412,2004.0,0.0,118504.0,0.361324,-0.760732,SAU,IDN,8947
1798317,189,103,1412,2004.0,0.0,1171.0,0.544686,2.418024,SCG,IDN,8947
1798318,190,103,1412,2004.0,0.0,53571.0,-1.503552,-1.253193,SDN,IDN,8947
1798319,191,103,1412,2004.0,0.0,5848.0,-0.620158,-0.296575,SEN,IDN,8947
1798320,192,103,1412,2004.0,19649378.0,1661400.0,1.804502,0.570084,SGP,IDN,8947
1798321,196,103,1412,2004.0,0.0,1426.0,0.43205699999999997,0.068877,SLE,IDN,8947
1798322,197,103,1412,2004.0,0.0,18054.0,-0.21054299999999998,0.086382,SLV,IDN,8947
1798323,206,103,1412,2004.0,0.0,27249.0,1.2683149999999999,0.9208620000000001,SVK,IDN,8947
1798324,207,103,1412,2004.0,0.0,32205.0,1.700677,0.829765,SVN,IDN,8947
1798325,208,103,1412,2004.0,142236.0,310691.0,2.105611,0.707843,SWE,IDN,8947
1798326,211,103,1412,2004.0,0.0,10012.0,-0.585828,-0.768388,SYC,IDN,8947
1798327,216,103,1412,2004.0,403334.0,173018.0,0.633501,1.4648290000000002,THA,IDN,8947
1798328,220,103,1412,2004.0,0.0,10334.0,0.437675,-0.21816300000000002,TLS,IDN,8947
1798329,222,103,1412,2004.0,0.0,5450.0,-0.108049,-0.923523,TTO,IDN,8947
1798330,223,103,1412,2004.0,0.0,7916.0,-0.125092,0.370625,TUN,IDN,8947
1798331,224,103,1412,2004.0,0.0,90933.0,0.249065,1.910598,TUR,IDN,8947
1798332,226,103,1412,2004.0,0.0,1738.0,-0.935327,0.362709,TZA,IDN,8947
1798333,228,103,1412,2004.0,0.0,4395.0,0.672848,1.172735,UKR,IDN,8947
1798334,230,103,1412,2004.0,0.0,14641.0,-0.051583000000000004,0.145056,URY,IDN,8947
1798335,231,103,1412,2004.0,3816363.0,5735696.0,1.818327,-0.17913900000000002,USA,IDN,8947
1798336,236,103,1412,2004.0,0.0,97622.0,-0.41193900000000006,-0.9578899999999999,VEN,IDN,8947
1798337,237,103,1412,2004.0,0.0,83844.0,0.689844,-0.23942,VGB,IDN,8947
1798338,239,103,1412,2004.0,200364.0,3813.0,-0.46875500000000003,0.734412,VNM,IDN,8947
1798339,246,103,1412,2004.0,0.0,189762.0,0.29599699999999995,1.909018,ZAF,IDN,8947
1798340,249,103,1412,2004.0,6331588.0,234595.0,1.8844150000000002,1.257951,TWN,IDN,8947
1798341,1,104,1412,2004.0,0.0,5398.0,-0.8890309999999999,-0.773602,AFG,IND,8947
1798342,5,104,1412,2004.0,0.0,2202.0,1.122154,0.958434,AND,IND,8947
1798343,7,104,1412,2004.0,66212.0,757716.0,-0.10993399999999999,-0.5351640000000001,ARE,IND,8947
1798344,8,104,1412,2004.0,2645.0,86437.0,-0.070845,0.879574,ARG,IND,8947
1798345,9,104,1412,2004.0,0.0,7477.0,0.497276,-0.226016,ARM,IND,8947
1798346,13,104,1412,2004.0,0.0,3173.0,-0.28271,-0.850197,ATG,IND,8947
1798347,14,104,1412,2004.0,139561.0,9766330.0,-0.198735,0.81543,AUS,IND,8947
1798348,15,104,1412,2004.0,71689.0,107663.0,1.958949,0.209296,AUT,IND,8947
1798349,17,104,1412,2004.0,0.0,2894.0,-1.084376,-1.020132,BDI,IND,8947
1798350,18,104,1412,2004.0,112975.0,1784336.0,1.242665,1.541444,BEL,IND,8947
1798351,22,104,1412,2004.0,0.0,326303.0,-1.074194,-0.9392389999999999,BGD,IND,8947
1798352,23,104,1412,2004.0,0.0,17330.0,0.390627,1.631006,BGR,IND,8947
1798353,24,104,1412,2004.0,0.0,41225.0,-0.551237,-1.174628,BHR,IND,8947
1798354,28,104,1412,2004.0,0.0,17217.0,0.9384239999999999,0.9708690000000001,BLR,IND,8947
1798355,29,104,1412,2004.0,0.0,1130.0,-0.528459,-0.739219,BLZ,IND,8947
1798356,30,104,1412,2004.0,0.0,9592.0,0.67576,-0.49529799999999996,BMU,IND,8947
1798357,32,104,1412,2004.0,1058.0,79754.0,0.504233,1.567879,BRA,IND,8947
1798358,33,104,1412,2004.0,0.0,23130.0,0.644308,0.290054,BRB,IND,8947
1798359,34,104,1412,2004.0,0.0,13054.0,-0.720827,-0.964435,BRN,IND,8947
1798360,35,104,1412,2004.0,0.0,21522.0,-0.204923,-0.804707,BTN,IND,8947
1798361,37,104,1412,2004.0,0.0,10969.0,-0.435159,-1.150519,BWA,IND,8947
1798362,39,104,1412,2004.0,78393.0,913436.0,0.781591,1.365966,CAN,IND,8947
1798363,41,104,1412,2004.0,106232.0,258258.0,2.234603,0.551975,CHE,IND,8947
1798364,42,104,1412,2004.0,0.0,627154.0,-0.24101399999999998,-0.303103,CHL,IND,8947
1798365,43,104,1412,2004.0,7653890.0,305937.0,0.710603,2.017234,CHN,IND,8947
1798366,44,104,1412,2004.0,0.0,15018.0,-0.835933,-0.749289,CIV,IND,8947
1798367,47,104,1412,2004.0,0.0,8131.0,-1.415254,-1.24599,COG,IND,8947
1798368,58,104,1412,2004.0,0.0,14046.0,0.42732200000000004,0.811763,CYP,IND,8947
1798369,59,104,1412,2004.0,233987.0,146728.0,1.612543,0.607495,CZE,IND,8947
1798370,61,104,1412,2004.0,457817.0,4567513.0,2.4453099999999997,-2.331761,DEU,IND,8947
1798371,63,104,1412,2004.0,0.0,10473.0,0.478601,0.368796,DMA,IND,8947
1798372,64,104,1412,2004.0,0.0,318635.0,1.309074,1.2627979999999999,DNK,IND,8947
1798373,65,104,1412,2004.0,0.0,3261.0,-0.24909699999999999,-0.326783,DOM,IND,8947
1798374,66,104,1412,2004.0,0.0,5656.0,-1.166661,-1.2240879999999998,DZA,IND,8947
1798375,67,104,1412,2004.0,0.0,19776.0,-0.990727,-0.9383090000000001,ECU,IND,8947
1798376,68,104,1412,2004.0,0.0,188487.0,-0.35823499999999997,0.5000100000000001,EGY,IND,8947
1798377,71,104,1412,2004.0,309846.0,714851.0,1.04057,1.789023,ESP,IND,8947
1798378,72,104,1412,2004.0,1948.0,45086.0,0.645741,1.035117,EST,IND,8947
1798379,73,104,1412,2004.0,0.0,9979.0,-1.202444,-0.8973120000000001,ETH,IND,8947
1798380,74,104,1412,2004.0,43822.0,225636.0,1.9662810000000002,1.018108,FIN,IND,8947
1798381,75,104,1412,2004.0,0.0,21909.0,-0.793333,-0.27460100000000004,FJI,IND,8947
1798382,77,104,1412,2004.0,513641.0,4075944.0,1.57079,0.6776760000000001,FRA,IND,8947
1798383,80,104,1412,2004.0,0.0,3264.0,-1.006071,-1.212338,GAB,IND,8947
1798384,81,104,1412,2004.0,928747.0,24081816.0,1.872987,0.734065,GBR,IND,8947
1798385,82,104,1412,2004.0,0.0,3196.0,-0.030676,-0.560186,GEO,IND,8947
1798386,83,104,1412,2004.0,0.0,8583.0,-1.015073,-0.9147069999999999,GHA,IND,8947
1798387,85,104,1412,2004.0,0.0,1039.0,-1.004077,-1.108018,GIN,IND,8947
1798388,87,104,1412,2004.0,0.0,5687.0,-0.22746999999999998,-0.14824600000000002,GMB,IND,8947
1798389,90,104,1412,2004.0,0.0,349530.0,0.298029,1.745886,GRC,IND,8947
1798390,91,104,1412,2004.0,0.0,1581.0,0.426058,-0.30841799999999997,GRD,IND,8947
1798391,93,104,1412,2004.0,0.0,16867.0,-0.39399,0.139128,GTM,IND,8947
1798392,96,104,1412,2004.0,0.0,25828.0,-0.932802,-0.9846530000000001,GUY,IND,8947
1798393,97,104,1412,2004.0,390570.0,339127.0,0.72816,1.403171,HKG,IND,8947
1798394,100,104,1412,2004.0,0.0,39020.0,0.744459,1.1994479999999998,HRV,IND,8947
1798395,102,104,1412,2004.0,70336.0,230711.0,1.3579370000000002,0.9993219999999999,HUN,IND,8947
1798396,103,104,1412,2004.0,145096.0,14904.0,0.010095999999999999,1.7413779999999999,IDN,IND,8947
1798397,106,104,1412,2004.0,74760.0,1102219.0,1.498475,0.19050799999999998,IRL,IND,8947
1798398,109,104,1412,2004.0,0.0,10730.0,0.107901,-0.41223699999999996,ISL,IND,8947
1798399,110,104,1412,2004.0,1324.0,305926.0,1.252895,0.8662770000000001,ISR,IND,8947
1798400,111,104,1412,2004.0,832066.0,2726341.0,1.440372,0.676068,ITA,IND,8947
1798401,112,104,1412,2004.0,0.0,40194.0,-0.505365,-0.9596120000000001,JAM,IND,8947
1798402,113,104,1412,2004.0,0.0,27200.0,0.16384200000000002,0.34270100000000003,JOR,IND,8947
1798403,114,104,1412,2004.0,701501.0,461068.0,2.756136,0.15545,JPN,IND,8947
1798404,115,104,1412,2004.0,0.0,9288.0,-0.43987200000000004,-0.50862,KAZ,IND,8947
1798405,116,104,1412,2004.0,0.0,238534.0,-0.565597,0.182375,KEN,IND,8947
1798406,117,104,1412,2004.0,0.0,9437.0,-0.263776,0.503736,KGZ,IND,8947
1798407,118,104,1412,2004.0,5900.0,0.0,-1.145227,-1.19179,KHM,IND,8947
1798408,120,104,1412,2004.0,0.0,1450.0,0.5528109999999999,-0.342657,KNA,IND,8947
1798409,121,104,1412,2004.0,730988.0,159021.0,1.481275,0.7859,KOR,IND,8947
1798410,122,104,1412,2004.0,1429.0,130416.0,-0.8195479999999999,-1.2105709999999998,KWT,IND,8947
1798411,124,104,1412,2004.0,0.0,42257.0,0.269753,1.3152979999999999,LBN,IND,8947
1798412,127,104,1412,2004.0,0.0,4711.0,0.31900300000000004,-0.346391,LCA,IND,8947
1798413,128,104,1412,2004.0,1643.0,500036.0,-0.42450299999999996,0.173518,LKA,IND,8947
1798414,130,104,1412,2004.0,0.0,42716.0,0.341521,0.7971560000000001,LTU,IND,8947
1798415,132,104,1412,2004.0,0.0,21834.0,0.415001,0.8476809999999999,LVA,IND,8947
1798416,134,104,1412,2004.0,0.0,70891.0,-0.626594,-0.22253499999999998,MAR,IND,8947
1798417,136,104,1412,2004.0,0.0,3553.0,-1.1010799999999998,-0.7367859999999999,MDG,IND,8947
1798418,137,104,1412,2004.0,0.0,73285.0,-0.44303000000000003,-0.841744,MDV,IND,8947
1798419,138,104,1412,2004.0,0.0,203249.0,1.183707,0.9043700000000001,MEX,IND,8947
1798420,140,104,1412,2004.0,0.0,1077.0,-0.120439,0.27624899999999997,MKD,IND,8947
1798421,142,104,1412,2004.0,0.0,3003.0,1.2290379999999999,-0.025372,MLT,IND,8947
1798422,143,104,1412,2004.0,0.0,2805.0,-1.048261,-0.828443,MMR,IND,8947
1798423,147,104,1412,2004.0,0.0,3870.0,-1.009633,-0.9863059999999999,MOZ,IND,8947
1798424,151,104,1412,2004.0,0.0,28803.0,-0.161262,-0.29730300000000004,MUS,IND,8947
1798425,152,104,1412,2004.0,0.0,1059.0,-1.233417,-1.071204,MWI,IND,8947
1798426,153,104,1412,2004.0,416284.0,405087.0,1.250098,0.352379,MYS,IND,8947
1798427,156,104,1412,2004.0,0.0,1329.0,-0.279566,-0.860456,NCL,IND,8947
1798428,157,104,1412,2004.0,0.0,1041.0,-1.102485,-0.850282,NER,IND,8947
1798429,159,104,1412,2004.0,0.0,27379.0,-2.336753,-1.350375,NGA,IND,8947
1798430,160,104,1412,2004.0,0.0,1965.0,-1.003846,-0.697642,NIC,IND,8947
1798431,162,104,1412,2004.0,115321.0,2411424.0,1.171327,1.6369799999999999,NLD,IND,8947
1798432,163,104,1412,2004.0,119991.0,136830.0,0.731175,-0.0655,NOR,IND,8947
1798433,164,104,1412,2004.0,0.0,241630.0,-0.16800199999999998,0.541976,NPL,IND,8947
1798434,166,104,1412,2004.0,3231.0,998554.0,0.44099099999999997,0.968326,NZL,IND,8947
1798435,167,104,1412,2004.0,0.0,29673.0,-0.707862,-1.187629,OMN,IND,8947
1798436,168,104,1412,2004.0,60853.0,149922.0,-0.7489600000000001,0.22493200000000002,PAK,IND,8947
1798437,169,104,1412,2004.0,0.0,36650.0,0.054997000000000004,0.440416,PAN,IND,8947
1798438,173,104,1412,2004.0,0.0,190756.0,-0.609837,0.13314,PER,IND,8947
1798439,174,104,1412,2004.0,131586.0,14616.0,0.288786,-0.25348699999999996,PHL,IND,8947
1798440,176,104,1412,2004.0,0.0,5518.0,-1.57259,-1.215066,PNG,IND,8947
1798441,177,104,1412,2004.0,1723.0,498883.0,0.989568,1.49055,POL,IND,8947
1798442,178,104,1412,2004.0,0.0,8088.0,0.695376,0.9732209999999999,PRK,IND,8947
1798443,179,104,1412,2004.0,0.0,303217.0,0.705075,1.7268729999999999,PRT,IND,8947
1798444,183,104,1412,2004.0,0.0,38709.0,0.018141,-1.03766,QAT,IND,8947
1798445,185,104,1412,2004.0,0.0,66692.0,0.53925,1.145066,ROU,IND,8947
1798446,186,104,1412,2004.0,1212.0,157269.0,0.422803,0.017524,RUS,IND,8947
1798447,188,104,1412,2004.0,0.0,655011.0,0.361324,-0.760732,SAU,IND,8947
1798448,189,104,1412,2004.0,0.0,46770.0,0.544686,2.418024,SCG,IND,8947
1798449,190,104,1412,2004.0,0.0,21433.0,-1.503552,-1.253193,SDN,IND,8947
1798450,191,104,1412,2004.0,7392.0,9621.0,-0.620158,-0.296575,SEN,IND,8947
1798451,192,104,1412,2004.0,553928.0,170046.0,1.804502,0.570084,SGP,IND,8947
1798452,205,104,1412,2004.0,0.0,1776.0,-1.056251,-1.0234590000000001,SUR,IND,8947
1798453,206,104,1412,2004.0,0.0,29188.0,1.2683149999999999,0.9208620000000001,SVK,IND,8947
1798454,207,104,1412,2004.0,0.0,24214.0,1.700677,0.829765,SVN,IND,8947
1798455,208,104,1412,2004.0,240017.0,405894.0,2.105611,0.707843,SWE,IND,8947
1798456,209,104,1412,2004.0,0.0,9196.0,0.528937,-0.241038,SWZ,IND,8947
1798457,211,104,1412,2004.0,0.0,3726.0,-0.585828,-0.768388,SYC,IND,8947
1798458,215,104,1412,2004.0,0.0,1209.0,-0.569621,-0.533211,TGO,IND,8947
1798459,216,104,1412,2004.0,142595.0,167866.0,0.633501,1.4648290000000002,THA,IND,8947
1798460,222,104,1412,2004.0,0.0,222034.0,-0.108049,-0.923523,TTO,IND,8947
1798461,223,104,1412,2004.0,0.0,41933.0,-0.125092,0.370625,TUN,IND,8947
1798462,224,104,1412,2004.0,1962.0,72941.0,0.249065,1.910598,TUR,IND,8947
1798463,226,104,1412,2004.0,11239.0,30799.0,-0.935327,0.362709,TZA,IND,8947
1798464,227,104,1412,2004.0,0.0,67572.0,-1.05367,-0.546304,UGA,IND,8947
1798465,228,104,1412,2004.0,0.0,28270.0,0.672848,1.172735,UKR,IND,8947
1798466,230,104,1412,2004.0,0.0,17511.0,-0.051583000000000004,0.145056,URY,IND,8947
1798467,231,104,1412,2004.0,5643442.0,5937654.0,1.818327,-0.17913900000000002,USA,IND,8947
1798468,236,104,1412,2004.0,0.0,9108.0,-0.41193900000000006,-0.9578899999999999,VEN,IND,8947
1798469,239,104,1412,2004.0,27143.0,101810.0,-0.46875500000000003,0.734412,VNM,IND,8947
1798470,243,104,1412,2004.0,0.0,105416.0,-1.298227,-1.2496639999999999,YEM,IND,8947
1798471,246,104,1412,2004.0,3393.0,2704738.0,0.29599699999999995,1.909018,ZAF,IND,8947
1798472,247,104,1412,2004.0,0.0,11314.0,-0.8752479999999999,-0.784285,ZMB,IND,8947
1798473,248,104,1412,2004.0,0.0,1031.0,-0.44064799999999993,0.01704,ZWE,IND,8947
1798474,249,104,1412,2004.0,6632030.0,94594.0,1.8844150000000002,1.257951,TWN,IND,8947
1798475,250,104,1412,2004.0,5210.0,53670.0,0.46240200000000004,-0.406624,ANS,IND,8947
1798476,7,106,1412,2004.0,4329.0,0.0,-0.10993399999999999,-0.5351640000000001,ARE,IRL,8947
1798477,14,106,1412,2004.0,116519.0,94432.0,-0.198735,0.81543,AUS,IRL,8947
1798478,15,106,1412,2004.0,48531.0,804716.0,1.958949,0.209296,AUT,IRL,8947
1798479,18,106,1412,2004.0,682493.0,397586.0,1.242665,1.541444,BEL,IRL,8947
1798480,22,106,1412,2004.0,68454.0,0.0,-1.074194,-0.9392389999999999,BGD,IRL,8947
1798481,23,106,1412,2004.0,17903.0,3817.0,0.390627,1.631006,BGR,IRL,8947
1798482,26,106,1412,2004.0,0.0,7299.0,0.45637,0.6154470000000001,BIH,IRL,8947
1798483,28,106,1412,2004.0,0.0,7987.0,0.9384239999999999,0.9708690000000001,BLR,IRL,8947
1798484,30,106,1412,2004.0,0.0,3121.0,0.67576,-0.49529799999999996,BMU,IRL,8947
1798485,32,106,1412,2004.0,2321.0,0.0,0.504233,1.567879,BRA,IRL,8947
1798486,33,106,1412,2004.0,0.0,3404.0,0.644308,0.290054,BRB,IRL,8947
1798487,39,106,1412,2004.0,730592.0,163526.0,0.781591,1.365966,CAN,IRL,8947
1798488,41,106,1412,2004.0,290691.0,1119185.0,2.234603,0.551975,CHE,IRL,8947
1798489,42,106,1412,2004.0,0.0,10991.0,-0.24101399999999998,-0.303103,CHL,IRL,8947
1798490,43,106,1412,2004.0,6879877.0,435566.0,0.710603,2.017234,CHN,IRL,8947
1798491,49,106,1412,2004.0,0.0,6312.0,0.044706,0.514304,COL,IRL,8947
1798492,58,106,1412,2004.0,0.0,13748.0,0.42732200000000004,0.811763,CYP,IRL,8947
1798493,59,106,1412,2004.0,29992.0,171846.0,1.612543,0.607495,CZE,IRL,8947
1798494,61,106,1412,2004.0,1505744.0,1406255.0,2.4453099999999997,-2.331761,DEU,IRL,8947
1798495,64,106,1412,2004.0,552413.0,399570.0,1.309074,1.2627979999999999,DNK,IRL,8947
1798496,68,106,1412,2004.0,0.0,52185.0,-0.35823499999999997,0.5000100000000001,EGY,IRL,8947
1798497,71,106,1412,2004.0,938743.0,1116992.0,1.04057,1.789023,ESP,IRL,8947
1798498,72,106,1412,2004.0,191399.0,30311.0,0.645741,1.035117,EST,IRL,8947
1798499,73,106,1412,2004.0,1999.0,10574.0,-1.202444,-0.8973120000000001,ETH,IRL,8947
1798500,74,106,1412,2004.0,2406708.0,747559.0,1.9662810000000002,1.018108,FIN,IRL,8947
1798501,77,106,1412,2004.0,2170160.0,2811996.0,1.57079,0.6776760000000001,FRA,IRL,8947
1798502,78,106,1412,2004.0,0.0,2266.0,-1.127967,-1.002561,FRO,IRL,8947
1798503,81,106,1412,2004.0,76126456.0,8557484.0,1.872987,0.734065,GBR,IRL,8947
1798504,90,106,1412,2004.0,4647.0,81263.0,0.298029,1.745886,GRC,IRL,8947
1798505,93,106,1412,2004.0,0.0,2753.0,-0.39399,0.139128,GTM,IRL,8947
1798506,97,106,1412,2004.0,803194.0,122446.0,0.72816,1.403171,HKG,IRL,8947
1798507,100,106,1412,2004.0,0.0,19472.0,0.744459,1.1994479999999998,HRV,IRL,8947
1798508,102,106,1412,2004.0,6254.0,31418.0,1.3579370000000002,0.9993219999999999,HUN,IRL,8947
1798509,103,106,1412,2004.0,113608.0,4332.0,0.010095999999999999,1.7413779999999999,IDN,IRL,8947
1798510,104,106,1412,2004.0,1102219.0,74760.0,0.20872,2.817307,IND,IRL,8947
1798511,109,106,1412,2004.0,20411.0,35643.0,0.107901,-0.41223699999999996,ISL,IRL,8947
1798512,110,106,1412,2004.0,56267.0,32153.0,1.252895,0.8662770000000001,ISR,IRL,8947
1798513,111,106,1412,2004.0,3328416.0,336701.0,1.440372,0.676068,ITA,IRL,8947
1798514,114,106,1412,2004.0,56957.0,11747.0,2.756136,0.15545,JPN,IRL,8947
1798515,116,106,1412,2004.0,19488.0,0.0,-0.565597,0.182375,KEN,IRL,8947
1798516,121,106,1412,2004.0,227815.0,3400.0,1.481275,0.7859,KOR,IRL,8947
1798517,125,106,1412,2004.0,0.0,156178.0,0.037469,-1.036878,LBR,IRL,8947
1798518,128,106,1412,2004.0,82969.0,0.0,-0.42450299999999996,0.173518,LKA,IRL,8947
1798519,130,106,1412,2004.0,2171.0,12883.0,0.341521,0.7971560000000001,LTU,IRL,8947
1798520,132,106,1412,2004.0,3743.0,101811.0,0.415001,0.8476809999999999,LVA,IRL,8947
1798521,138,106,1412,2004.0,0.0,10797.0,1.183707,0.9043700000000001,MEX,IRL,8947
1798522,142,106,1412,2004.0,1931.0,2885.0,1.2290379999999999,-0.025372,MLT,IRL,8947
1798523,153,106,1412,2004.0,673697.0,14515.0,1.250098,0.352379,MYS,IRL,8947
1798524,159,106,1412,2004.0,0.0,16847.0,-2.336753,-1.350375,NGA,IRL,8947
1798525,162,106,1412,2004.0,3350404.0,1656987.0,1.171327,1.6369799999999999,NLD,IRL,8947
1798526,163,106,1412,2004.0,125755.0,64114.0,0.731175,-0.0655,NOR,IRL,8947
1798527,166,106,1412,2004.0,2439.0,7323.0,0.44099099999999997,0.968326,NZL,IRL,8947
1798528,168,106,1412,2004.0,736761.0,20624.0,-0.7489600000000001,0.22493200000000002,PAK,IRL,8947
1798529,174,106,1412,2004.0,35705.0,0.0,0.288786,-0.25348699999999996,PHL,IRL,8947
1798530,176,106,1412,2004.0,1809.0,0.0,-1.57259,-1.215066,PNG,IRL,8947
1798531,177,106,1412,2004.0,256600.0,73868.0,0.989568,1.49055,POL,IRL,8947
1798532,179,106,1412,2004.0,25726.0,8139.0,0.705075,1.7268729999999999,PRT,IRL,8947
1798533,185,106,1412,2004.0,11794.0,20360.0,0.53925,1.145066,ROU,IRL,8947
1798534,186,106,1412,2004.0,0.0,135938.0,0.422803,0.017524,RUS,IRL,8947
1798535,189,106,1412,2004.0,0.0,2911.0,0.544686,2.418024,SCG,IRL,8947
1798536,192,106,1412,2004.0,26619.0,6565.0,1.804502,0.570084,SGP,IRL,8947
1798537,196,106,1412,2004.0,0.0,3108.0,0.43205699999999997,0.068877,SLE,IRL,8947
1798538,206,106,1412,2004.0,42769.0,14835.0,1.2683149999999999,0.9208620000000001,SVK,IRL,8947
1798539,207,106,1412,2004.0,0.0,19088.0,1.700677,0.829765,SVN,IRL,8947
1798540,208,106,1412,2004.0,697809.0,652537.0,2.105611,0.707843,SWE,IRL,8947
1798541,216,106,1412,2004.0,160202.0,2722.0,0.633501,1.4648290000000002,THA,IRL,8947
1798542,222,106,1412,2004.0,0.0,1587.0,-0.108049,-0.923523,TTO,IRL,8947
1798543,223,106,1412,2004.0,1302.0,3578.0,-0.125092,0.370625,TUN,IRL,8947
1798544,224,106,1412,2004.0,88882.0,44732.0,0.249065,1.910598,TUR,IRL,8947
1798545,228,106,1412,2004.0,0.0,2690.0,0.672848,1.172735,UKR,IRL,8947
1798546,231,106,1412,2004.0,4626718.0,8059748.0,1.818327,-0.17913900000000002,USA,IRL,8947
1798547,239,106,1412,2004.0,48034.0,0.0,-0.46875500000000003,0.734412,VNM,IRL,8947
1798548,246,106,1412,2004.0,61533.0,87664.0,0.29599699999999995,1.909018,ZAF,IRL,8947
1798549,247,106,1412,2004.0,0.0,1820.0,-0.8752479999999999,-0.784285,ZMB,IRL,8947
1798550,249,106,1412,2004.0,3274911.0,115372.0,1.8844150000000002,1.257951,TWN,IRL,8947
1798551,250,106,1412,2004.0,423632.0,18389.0,0.46240200000000004,-0.406624,ANS,IRL,8947
1798552,8,110,1412,2004.0,7058.0,0.0,-0.070845,0.879574,ARG,ISR,8947
1798553,14,110,1412,2004.0,53722.0,55606.0,-0.198735,0.81543,AUS,ISR,8947
1798554,15,110,1412,2004.0,469249.0,97496.0,1.958949,0.209296,AUT,ISR,8947
1798555,18,110,1412,2004.0,223241.0,1708734.0,1.242665,1.541444,BEL,ISR,8947
1798556,23,110,1412,2004.0,105584.0,2627.0,0.390627,1.631006,BGR,ISR,8947
1798557,32,110,1412,2004.0,1969.0,2256.0,0.504233,1.567879,BRA,ISR,8947
1798558,39,110,1412,2004.0,454117.0,142504.0,0.781591,1.365966,CAN,ISR,8947
1798559,41,110,1412,2004.0,164902.0,54543.0,2.234603,0.551975,CHE,ISR,8947
1798560,42,110,1412,2004.0,0.0,19485.0,-0.24101399999999998,-0.303103,CHL,ISR,8947
1798561,43,110,1412,2004.0,6413422.0,0.0,0.710603,2.017234,CHN,ISR,8947
1798562,58,110,1412,2004.0,23438.0,75366.0,0.42732200000000004,0.811763,CYP,ISR,8947
1798563,59,110,1412,2004.0,52118.0,24331.0,1.612543,0.607495,CZE,ISR,8947
1798564,61,110,1412,2004.0,1695927.0,608835.0,2.4453099999999997,-2.331761,DEU,ISR,8947
1798565,64,110,1412,2004.0,33268.0,178824.0,1.309074,1.2627979999999999,DNK,ISR,8947
1798566,68,110,1412,2004.0,0.0,1465.0,-0.35823499999999997,0.5000100000000001,EGY,ISR,8947
1798567,71,110,1412,2004.0,214222.0,63744.0,1.04057,1.789023,ESP,ISR,8947
1798568,74,110,1412,2004.0,230621.0,96605.0,1.9662810000000002,1.018108,FIN,ISR,8947
1798569,77,110,1412,2004.0,1883729.0,1530378.0,1.57079,0.6776760000000001,FRA,ISR,8947
1798570,81,110,1412,2004.0,429214.0,776892.0,1.872987,0.734065,GBR,ISR,8947
1798571,90,110,1412,2004.0,99310.0,102356.0,0.298029,1.745886,GRC,ISR,8947
1798572,97,110,1412,2004.0,1540530.0,14169.0,0.72816,1.403171,HKG,ISR,8947
1798573,100,110,1412,2004.0,0.0,4221.0,0.744459,1.1994479999999998,HRV,ISR,8947
1798574,102,110,1412,2004.0,80430.0,31768.0,1.3579370000000002,0.9993219999999999,HUN,ISR,8947
1798575,103,110,1412,2004.0,18709.0,0.0,0.010095999999999999,1.7413779999999999,IDN,ISR,8947
1798576,104,110,1412,2004.0,305926.0,1324.0,0.20872,2.817307,IND,ISR,8947
1798577,106,110,1412,2004.0,32153.0,56267.0,1.498475,0.19050799999999998,IRL,ISR,8947
1798578,109,110,1412,2004.0,0.0,6330.0,0.107901,-0.41223699999999996,ISL,ISR,8947
1798579,111,110,1412,2004.0,2776533.0,375975.0,1.440372,0.676068,ITA,ISR,8947
1798580,113,110,1412,2004.0,9960.0,0.0,0.16384200000000002,0.34270100000000003,JOR,ISR,8947
1798581,114,110,1412,2004.0,89470.0,11570.0,2.756136,0.15545,JPN,ISR,8947
1798582,116,110,1412,2004.0,1674.0,0.0,-0.565597,0.182375,KEN,ISR,8947
1798583,121,110,1412,2004.0,203363.0,68344.0,1.481275,0.7859,KOR,ISR,8947
1798584,128,110,1412,2004.0,7182.0,0.0,-0.42450299999999996,0.173518,LKA,ISR,8947
1798585,131,110,1412,2004.0,7546.0,0.0,1.258828,1.079923,LUX,ISR,8947
1798586,132,110,1412,2004.0,0.0,3226.0,0.415001,0.8476809999999999,LVA,ISR,8947
1798587,135,110,1412,2004.0,48551.0,1819.0,-0.13031900000000002,-0.118591,MDA,ISR,8947
1798588,138,110,1412,2004.0,23269.0,3445.0,1.183707,0.9043700000000001,MEX,ISR,8947
1798589,142,110,1412,2004.0,0.0,3271.0,1.2290379999999999,-0.025372,MLT,ISR,8947
1798590,153,110,1412,2004.0,1646.0,0.0,1.250098,0.352379,MYS,ISR,8947
1798591,162,110,1412,2004.0,698058.0,1205905.0,1.171327,1.6369799999999999,NLD,ISR,8947
1798592,163,110,1412,2004.0,42535.0,168652.0,0.731175,-0.0655,NOR,ISR,8947
1798593,166,110,1412,2004.0,3266.0,3524.0,0.44099099999999997,0.968326,NZL,ISR,8947
1798594,174,110,1412,2004.0,35412.0,0.0,0.288786,-0.25348699999999996,PHL,ISR,8947
1798595,177,110,1412,2004.0,32329.0,34583.0,0.989568,1.49055,POL,ISR,8947
1798596,179,110,1412,2004.0,0.0,10359.0,0.705075,1.7268729999999999,PRT,ISR,8947
1798597,182,110,1412,2004.0,0.0,4609.0,-0.125349,-0.718282,PYF,ISR,8947
1798598,185,110,1412,2004.0,0.0,12305.0,0.53925,1.145066,ROU,ISR,8947
1798599,186,110,1412,2004.0,151161.0,3343.0,0.422803,0.017524,RUS,ISR,8947
1798600,189,110,1412,2004.0,0.0,18604.0,0.544686,2.418024,SCG,ISR,8947
1798601,192,110,1412,2004.0,10896.0,46493.0,1.804502,0.570084,SGP,ISR,8947
1798602,206,110,1412,2004.0,3724.0,8946.0,1.2683149999999999,0.9208620000000001,SVK,ISR,8947
1798603,207,110,1412,2004.0,0.0,34191.0,1.700677,0.829765,SVN,ISR,8947
1798604,208,110,1412,2004.0,91419.0,660906.0,2.105611,0.707843,SWE,ISR,8947
1798605,211,110,1412,2004.0,0.0,1793.0,-0.585828,-0.768388,SYC,ISR,8947
1798606,216,110,1412,2004.0,544230.0,0.0,0.633501,1.4648290000000002,THA,ISR,8947
1798607,224,110,1412,2004.0,61663.0,34982.0,0.249065,1.910598,TUR,ISR,8947
1798608,228,110,1412,2004.0,64238.0,0.0,0.672848,1.172735,UKR,ISR,8947
1798609,231,110,1412,2004.0,6341966.0,3991828.0,1.818327,-0.17913900000000002,USA,ISR,8947
1798610,236,110,1412,2004.0,8777.0,8054.0,-0.41193900000000006,-0.9578899999999999,VEN,ISR,8947
1798611,239,110,1412,2004.0,33151.0,0.0,-0.46875500000000003,0.734412,VNM,ISR,8947
1798612,246,110,1412,2004.0,150080.0,87870.0,0.29599699999999995,1.909018,ZAF,ISR,8947
1798613,249,110,1412,2004.0,3992716.0,7281.0,1.8844150000000002,1.257951,TWN,ISR,8947
1798614,250,110,1412,2004.0,0.0,1000.0,0.46240200000000004,-0.406624,ANS,ISR,8947
1798615,1,111,1412,2004.0,0.0,9054.0,-0.8890309999999999,-0.773602,AFG,ITA,8947
1798616,2,111,1412,2004.0,0.0,111616.0,-0.8688110000000001,-1.198692,AGO,ITA,8947
1798617,4,111,1412,2004.0,228774.0,607661.0,-0.142479,0.136074,ALB,ITA,8947
1798618,5,111,1412,2004.0,0.0,376535.0,1.122154,0.958434,AND,ITA,8947
1798619,6,111,1412,2004.0,0.0,139147.0,0.080304,-0.634516,ANT,ITA,8947
1798620,7,111,1412,2004.0,83811.0,8821392.0,-0.10993399999999999,-0.5351640000000001,ARE,ITA,8947
1798621,8,111,1412,2004.0,361130.0,1095588.0,-0.070845,0.879574,ARG,ITA,8947
1798622,9,111,1412,2004.0,0.0,16324.0,0.497276,-0.226016,ARM,ITA,8947
1798623,13,111,1412,2004.0,0.0,33493.0,-0.28271,-0.850197,ATG,ITA,8947
1798624,14,111,1412,2004.0,365908.0,8857152.0,-0.198735,0.81543,AUS,ITA,8947
1798625,15,111,1412,2004.0,40725276.0,27690094.0,1.958949,0.209296,AUT,ITA,8947
1798626,16,111,1412,2004.0,0.0,19645.0,-0.720616,-1.009692,AZE,ITA,8947
1798627,18,111,1412,2004.0,16688485.0,14080748.0,1.242665,1.541444,BEL,ITA,8947
1798628,19,111,1412,2004.0,0.0,13232.0,-1.422449,-1.09615,BEN,ITA,8947
1798629,21,111,1412,2004.0,0.0,6595.0,-1.118427,-1.091315,BFA,ITA,8947
1798630,22,111,1412,2004.0,1694.0,587506.0,-1.074194,-0.9392389999999999,BGD,ITA,8947
1798631,23,111,1412,2004.0,423272.0,2521447.0,0.390627,1.631006,BGR,ITA,8947
1798632,24,111,1412,2004.0,0.0,508801.0,-0.551237,-1.174628,BHR,ITA,8947
1798633,26,111,1412,2004.0,0.0,767655.0,0.45637,0.6154470000000001,BIH,ITA,8947
1798634,28,111,1412,2004.0,0.0,305734.0,0.9384239999999999,0.9708690000000001,BLR,ITA,8947
1798635,29,111,1412,2004.0,0.0,3993.0,-0.528459,-0.739219,BLZ,ITA,8947
1798636,32,111,1412,2004.0,165936.0,2111203.0,0.504233,1.567879,BRA,ITA,8947
1798637,33,111,1412,2004.0,0.0,83769.0,0.644308,0.290054,BRB,ITA,8947
1798638,34,111,1412,2004.0,0.0,32268.0,-0.720827,-0.964435,BRN,ITA,8947
1798639,38,111,1412,2004.0,0.0,2370.0,-0.667013,-0.899285,CAF,ITA,8947
1798640,39,111,1412,2004.0,4953519.0,8229814.0,0.781591,1.365966,CAN,ITA,8947
1798641,41,111,1412,2004.0,2828459.0,28936646.0,2.234603,0.551975,CHE,ITA,8947
1798642,42,111,1412,2004.0,3937.0,986756.0,-0.24101399999999998,-0.303103,CHL,ITA,8947
1798643,43,111,1412,2004.0,89204784.0,16838900.0,0.710603,2.017234,CHN,ITA,8947
1798644,44,111,1412,2004.0,14864.0,198651.0,-0.835933,-0.749289,CIV,ITA,8947
1798645,45,111,1412,2004.0,0.0,17305.0,-1.380149,-1.220501,CMR,ITA,8947
1798646,46,111,1412,2004.0,0.0,4846.0,-1.426621,-1.198377,COD,ITA,8947
1798647,47,111,1412,2004.0,0.0,2860.0,-1.415254,-1.24599,COG,ITA,8947
1798648,49,111,1412,2004.0,262192.0,671197.0,0.044706,0.514304,COL,ITA,8947
1798649,51,111,1412,2004.0,0.0,71902.0,-0.291469,-0.6426850000000001,CPV,ITA,8947
1798650,52,111,1412,2004.0,1785.0,665886.0,-0.036323,-0.313847,CRI,ITA,8947
1798651,54,111,1412,2004.0,0.0,2170405.0,-0.16826,-0.644388,CUB,ITA,8947
1798652,58,111,1412,2004.0,16128.0,1929021.0,0.42732200000000004,0.811763,CYP,ITA,8947
1798653,59,111,1412,2004.0,5058905.0,11017594.0,1.612543,0.607495,CZE,ITA,8947
1798654,61,111,1412,2004.0,40785148.0,82753904.0,2.4453099999999997,-2.331761,DEU,ITA,8947
1798655,62,111,1412,2004.0,0.0,250883.0,-0.370222,-0.28660399999999997,DJI,ITA,8947
1798656,64,111,1412,2004.0,1574300.0,9967233.0,1.309074,1.2627979999999999,DNK,ITA,8947
1798657,65,111,1412,2004.0,0.0,267166.0,-0.24909699999999999,-0.326783,DOM,ITA,8947
1798658,66,111,1412,2004.0,0.0,1360828.0,-1.166661,-1.2240879999999998,DZA,ITA,8947
1798659,67,111,1412,2004.0,0.0,890654.0,-0.990727,-0.9383090000000001,ECU,ITA,8947
1798660,68,111,1412,2004.0,158796.0,3555319.0,-0.35823499999999997,0.5000100000000001,EGY,ITA,8947
1798661,69,111,1412,2004.0,0.0,702162.0,0.390463,0.144876,ERI,ITA,8947
1798662,71,111,1412,2004.0,12279551.0,50938588.0,1.04057,1.789023,ESP,ITA,8947
1798663,72,111,1412,2004.0,478184.0,979597.0,0.645741,1.035117,EST,ITA,8947
1798664,73,111,1412,2004.0,0.0,11626.0,-1.202444,-0.8973120000000001,ETH,ITA,8947
1798665,74,111,1412,2004.0,1772146.0,8209452.0,1.9662810000000002,1.018108,FIN,ITA,8947
1798666,75,111,1412,2004.0,0.0,1725.0,-0.793333,-0.27460100000000004,FJI,ITA,8947
1798667,77,111,1412,2004.0,89674048.0,105099624.0,1.57079,0.6776760000000001,FRA,ITA,8947
1798668,78,111,1412,2004.0,0.0,4232.0,-1.127967,-1.002561,FRO,ITA,8947
1798669,80,111,1412,2004.0,0.0,23068.0,-1.006071,-1.212338,GAB,ITA,8947
1798670,81,111,1412,2004.0,21063958.0,62384684.0,1.872987,0.734065,GBR,ITA,8947
1798671,82,111,1412,2004.0,0.0,445787.0,-0.030676,-0.560186,GEO,ITA,8947
1798672,83,111,1412,2004.0,0.0,47324.0,-1.015073,-0.9147069999999999,GHA,ITA,8947
1798673,84,111,1412,2004.0,0.0,20720.0,0.501154,-0.562796,GIB,ITA,8947
1798674,88,111,1412,2004.0,0.0,2862.0,-1.258264,-1.028131,GNB,ITA,8947
1798675,89,111,1412,2004.0,0.0,4364.0,-1.9282080000000001,-0.928127,GNQ,ITA,8947
1798676,90,111,1412,2004.0,161232.0,14731790.0,0.298029,1.745886,GRC,ITA,8947
1798677,93,111,1412,2004.0,0.0,44195.0,-0.39399,0.139128,GTM,ITA,8947
1798678,95,111,1412,2004.0,0.0,65534.0,0.136164,-0.616118,GUM,ITA,8947
1798679,97,111,1412,2004.0,1141894.0,5652266.0,0.72816,1.403171,HKG,ITA,8947
1798680,99,111,1412,2004.0,0.0,10612.0,-0.6372140000000001,-0.453946,HND,ITA,8947
1798681,100,111,1412,2004.0,1049857.0,7331503.0,0.744459,1.1994479999999998,HRV,ITA,8947
1798682,102,111,1412,2004.0,3399970.0,6316530.0,1.3579370000000002,0.9993219999999999,HUN,ITA,8947
1798683,103,111,1412,2004.0,64493.0,340387.0,0.010095999999999999,1.7413779999999999,IDN,ITA,8947
1798684,104,111,1412,2004.0,2726341.0,832066.0,0.20872,2.817307,IND,ITA,8947
1798685,106,111,1412,2004.0,336701.0,3328416.0,1.498475,0.19050799999999998,IRL,ITA,8947
1798686,107,111,1412,2004.0,0.0,835355.0,-0.6691699999999999,-1.002548,IRN,ITA,8947
1798687,109,111,1412,2004.0,0.0,418011.0,0.107901,-0.41223699999999996,ISL,ITA,8947
1798688,110,111,1412,2004.0,375975.0,2776533.0,1.252895,0.8662770000000001,ISR,ITA,8947
1798689,112,111,1412,2004.0,0.0,1548.0,-0.505365,-0.9596120000000001,JAM,ITA,8947
1798690,113,111,1412,2004.0,0.0,358183.0,0.16384200000000002,0.34270100000000003,JOR,ITA,8947
1798691,114,111,1412,2004.0,3532394.0,23158102.0,2.756136,0.15545,JPN,ITA,8947
1798692,115,111,1412,2004.0,0.0,531040.0,-0.43987200000000004,-0.50862,KAZ,ITA,8947
1798693,116,111,1412,2004.0,54626.0,287279.0,-0.565597,0.182375,KEN,ITA,8947
1798694,117,111,1412,2004.0,0.0,19948.0,-0.263776,0.503736,KGZ,ITA,8947
1798695,120,111,1412,2004.0,0.0,1037.0,0.5528109999999999,-0.342657,KNA,ITA,8947
1798696,121,111,1412,2004.0,2889987.0,8241433.0,1.481275,0.7859,KOR,ITA,8947
1798697,122,111,1412,2004.0,0.0,2471467.0,-0.8195479999999999,-1.2105709999999998,KWT,ITA,8947
1798698,124,111,1412,2004.0,0.0,3297510.0,0.269753,1.3152979999999999,LBN,ITA,8947
1798699,126,111,1412,2004.0,0.0,883968.0,-0.895142,-1.211141,LBY,ITA,8947
1798700,128,111,1412,2004.0,635540.0,31200.0,-0.42450299999999996,0.173518,LKA,ITA,8947
1798701,130,111,1412,2004.0,10563.0,894014.0,0.341521,0.7971560000000001,LTU,ITA,8947
1798702,131,111,1412,2004.0,149045.0,1800463.0,1.258828,1.079923,LUX,ITA,8947
1798703,132,111,1412,2004.0,3780.0,3030388.0,0.415001,0.8476809999999999,LVA,ITA,8947
1798704,133,111,1412,2004.0,1713.0,4801.0,-0.12333599999999999,-0.600164,MAC,ITA,8947
1798705,134,111,1412,2004.0,0.0,1467234.0,-0.626594,-0.22253499999999998,MAR,ITA,8947
1798706,135,111,1412,2004.0,22280.0,33267.0,-0.13031900000000002,-0.118591,MDA,ITA,8947
1798707,136,111,1412,2004.0,13502.0,32795.0,-1.1010799999999998,-0.7367859999999999,MDG,ITA,8947
1798708,137,111,1412,2004.0,0.0,432214.0,-0.44303000000000003,-0.841744,MDV,ITA,8947
1798709,138,111,1412,2004.0,105729.0,6598980.0,1.183707,0.9043700000000001,MEX,ITA,8947
1798710,140,111,1412,2004.0,11246.0,132390.0,-0.120439,0.27624899999999997,MKD,ITA,8947
1798711,142,111,1412,2004.0,0.0,934680.0,1.2290379999999999,-0.025372,MLT,ITA,8947
1798712,151,111,1412,2004.0,0.0,625722.0,-0.161262,-0.29730300000000004,MUS,ITA,8947
1798713,153,111,1412,2004.0,1280196.0,3835194.0,1.250098,0.352379,MYS,ITA,8947
1798714,154,111,1412,2004.0,0.0,3650.0,1.290551,0.284667,MYT,ITA,8947
1798715,155,111,1412,2004.0,0.0,1309.0,-0.408989,-0.462016,NAM,ITA,8947
1798716,156,111,1412,2004.0,0.0,205335.0,-0.279566,-0.860456,NCL,ITA,8947
1798717,157,111,1412,2004.0,0.0,1659.0,-1.102485,-0.850282,NER,ITA,8947
1798718,159,111,1412,2004.0,0.0,1034184.0,-2.336753,-1.350375,NGA,ITA,8947
1798719,160,111,1412,2004.0,0.0,10841.0,-1.003846,-0.697642,NIC,ITA,8947
1798720,162,111,1412,2004.0,22591040.0,29005628.0,1.171327,1.6369799999999999,NLD,ITA,8947
1798721,163,111,1412,2004.0,339689.0,6088915.0,0.731175,-0.0655,NOR,ITA,8947
1798722,164,111,1412,2004.0,7148.0,51340.0,-0.16800199999999998,0.541976,NPL,ITA,8947
1798723,166,111,1412,2004.0,104496.0,2075592.0,0.44099099999999997,0.968326,NZL,ITA,8947
1798724,167,111,1412,2004.0,0.0,346371.0,-0.707862,-1.187629,OMN,ITA,8947
1798725,168,111,1412,2004.0,11137340.0,158563.0,-0.7489600000000001,0.22493200000000002,PAK,ITA,8947
1798726,169,111,1412,2004.0,0.0,432833.0,0.054997000000000004,0.440416,PAN,ITA,8947
1798727,173,111,1412,2004.0,2880.0,306597.0,-0.609837,0.13314,PER,ITA,8947
1798728,174,111,1412,2004.0,1147417.0,1804207.0,0.288786,-0.25348699999999996,PHL,ITA,8947
1798729,177,111,1412,2004.0,1494509.0,7438124.0,0.989568,1.49055,POL,ITA,8947
1798730,178,111,1412,2004.0,0.0,15975.0,0.695376,0.9732209999999999,PRK,ITA,8947
1798731,179,111,1412,2004.0,68484.0,9766906.0,0.705075,1.7268729999999999,PRT,ITA,8947
1798732,180,111,1412,2004.0,0.0,1133.0,-0.634469,-0.870034,PRY,ITA,8947
1798733,181,111,1412,2004.0,0.0,4850.0,-0.188614,-0.49324700000000005,PSE,ITA,8947
1798734,182,111,1412,2004.0,0.0,198223.0,-0.125349,-0.718282,PYF,ITA,8947
1798735,183,111,1412,2004.0,0.0,504731.0,0.018141,-1.03766,QAT,ITA,8947
1798736,185,111,1412,2004.0,1557006.0,5506096.0,0.53925,1.145066,ROU,ITA,8947
1798737,186,111,1412,2004.0,632015.0,22177786.0,0.422803,0.017524,RUS,ITA,8947
1798738,188,111,1412,2004.0,1098.0,12102879.0,0.361324,-0.760732,SAU,ITA,8947
1798739,189,111,1412,2004.0,492503.0,3814460.0,0.544686,2.418024,SCG,ITA,8947
1798740,190,111,1412,2004.0,0.0,127100.0,-1.503552,-1.253193,SDN,ITA,8947
1798741,191,111,1412,2004.0,0.0,126472.0,-0.620158,-0.296575,SEN,ITA,8947
1798742,192,111,1412,2004.0,94908.0,1819188.0,1.804502,0.570084,SGP,ITA,8947
1798743,197,111,1412,2004.0,136543.0,208993.0,-0.21054299999999998,0.086382,SLV,ITA,8947
1798744,199,111,1412,2004.0,0.0,2864.0,-0.7894100000000001,-0.939667,SOM,ITA,8947
1798745,205,111,1412,2004.0,0.0,6288.0,-1.056251,-1.0234590000000001,SUR,ITA,8947
1798746,206,111,1412,2004.0,722100.0,3433347.0,1.2683149999999999,0.9208620000000001,SVK,ITA,8947
1798747,207,111,1412,2004.0,8807215.0,7244768.0,1.700677,0.829765,SVN,ITA,8947
1798748,208,111,1412,2004.0,1432489.0,8547519.0,2.105611,0.707843,SWE,ITA,8947
1798749,211,111,1412,2004.0,0.0,16647.0,-0.585828,-0.768388,SYC,ITA,8947
1798750,212,111,1412,2004.0,41624.0,132209.0,-0.698545,-0.111323,SYR,ITA,8947
1798751,213,111,1412,2004.0,0.0,9873.0,0.641878,0.22729000000000002,TCA,ITA,8947
1798752,214,111,1412,2004.0,0.0,2862.0,-1.63163,-0.9495040000000001,TCD,ITA,8947
1798753,216,111,1412,2004.0,12026051.0,7704580.0,0.633501,1.4648290000000002,THA,ITA,8947
1798754,219,111,1412,2004.0,0.0,4547.0,-0.9017719999999999,-1.2102620000000002,TKM,ITA,8947
1798755,221,111,1412,2004.0,0.0,25444.0,-0.431874,-0.8715629999999999,TON,ITA,8947
1798756,222,111,1412,2004.0,0.0,194506.0,-0.108049,-0.923523,TTO,ITA,8947
1798757,223,111,1412,2004.0,1000107.0,1884752.0,-0.125092,0.370625,TUN,ITA,8947
1798758,224,111,1412,2004.0,664364.0,4993084.0,0.249065,1.910598,TUR,ITA,8947
1798759,226,111,1412,2004.0,0.0,59943.0,-0.935327,0.362709,TZA,ITA,8947
1798760,227,111,1412,2004.0,0.0,27695.0,-1.05367,-0.546304,UGA,ITA,8947
1798761,228,111,1412,2004.0,29992.0,3015245.0,0.672848,1.172735,UKR,ITA,8947
1798762,230,111,1412,2004.0,8283.0,7474.0,-0.051583000000000004,0.145056,URY,ITA,8947
1798763,231,111,1412,2004.0,18548322.0,71659888.0,1.818327,-0.17913900000000002,USA,ITA,8947
1798764,232,111,1412,2004.0,0.0,409031.0,-0.518472,-0.7689779999999999,UZB,ITA,8947
1798765,234,111,1412,2004.0,0.0,7100.0,-0.706188,-0.9244120000000001,VCT,ITA,8947
1798766,236,111,1412,2004.0,65167.0,628826.0,-0.41193900000000006,-0.9578899999999999,VEN,ITA,8947
1798767,239,111,1412,2004.0,366631.0,41455.0,-0.46875500000000003,0.734412,VNM,ITA,8947
1798768,243,111,1412,2004.0,0.0,10767.0,-1.298227,-1.2496639999999999,YEM,ITA,8947
1798769,246,111,1412,2004.0,8311.0,2904412.0,0.29599699999999995,1.909018,ZAF,ITA,8947
1798770,249,111,1412,2004.0,16419960.0,1736169.0,1.8844150000000002,1.257951,TWN,ITA,8947
1798771,250,111,1412,2004.0,0.0,794853.0,0.46240200000000004,-0.406624,ANS,ITA,8947
1798772,6,112,1412,2004.0,1089.0,0.0,0.080304,-0.634516,ANT,JAM,8947
1798773,8,112,1412,2004.0,8111.0,0.0,-0.070845,0.879574,ARG,JAM,8947
1798774,14,112,1412,2004.0,20940.0,0.0,-0.198735,0.81543,AUS,JAM,8947
1798775,32,112,1412,2004.0,16839.0,0.0,0.504233,1.567879,BRA,JAM,8947
1798776,39,112,1412,2004.0,14251.0,0.0,0.781591,1.365966,CAN,JAM,8947
1798777,43,112,1412,2004.0,167998.0,0.0,0.710603,2.017234,CHN,JAM,8947
1798778,54,112,1412,2004.0,0.0,20892.0,-0.16826,-0.644388,CUB,JAM,8947
1798779,61,112,1412,2004.0,17243.0,0.0,2.4453099999999997,-2.331761,DEU,JAM,8947
1798780,77,112,1412,2004.0,23585.0,0.0,1.57079,0.6776760000000001,FRA,JAM,8947
1798781,81,112,1412,2004.0,65989.0,0.0,1.872987,0.734065,GBR,JAM,8947
1798782,93,112,1412,2004.0,9258.0,2170.0,-0.39399,0.139128,GTM,JAM,8947
1798783,97,112,1412,2004.0,13247.0,0.0,0.72816,1.403171,HKG,JAM,8947
1798784,103,112,1412,2004.0,2487.0,0.0,0.010095999999999999,1.7413779999999999,IDN,JAM,8947
1798785,104,112,1412,2004.0,40194.0,0.0,0.20872,2.817307,IND,JAM,8947
1798786,111,112,1412,2004.0,1548.0,0.0,1.440372,0.676068,ITA,JAM,8947
1798787,114,112,1412,2004.0,29109.0,0.0,2.756136,0.15545,JPN,JAM,8947
1798788,138,112,1412,2004.0,4047.0,1665.0,1.183707,0.9043700000000001,MEX,JAM,8947
1798789,163,112,1412,2004.0,24260.0,0.0,0.731175,-0.0655,NOR,JAM,8947
1798790,168,112,1412,2004.0,15934.0,0.0,-0.7489600000000001,0.22493200000000002,PAK,JAM,8947
1798791,169,112,1412,2004.0,145151.0,0.0,0.054997000000000004,0.440416,PAN,JAM,8947
1798792,180,112,1412,2004.0,2339.0,0.0,-0.634469,-0.870034,PRY,JAM,8947
1798793,208,112,1412,2004.0,11589.0,0.0,2.105611,0.707843,SWE,JAM,8947
1798794,216,112,1412,2004.0,2251.0,0.0,0.633501,1.4648290000000002,THA,JAM,8947
1798795,222,112,1412,2004.0,1285.0,0.0,-0.108049,-0.923523,TTO,JAM,8947
1798796,231,112,1412,2004.0,992639.0,0.0,1.818327,-0.17913900000000002,USA,JAM,8947
1798797,249,112,1412,2004.0,33443.0,0.0,1.8844150000000002,1.257951,TWN,JAM,8947
1798798,250,112,1412,2004.0,111549.0,0.0,0.46240200000000004,-0.406624,ANS,JAM,8947
1798799,1,114,1412,2004.0,0.0,2257.0,-0.8890309999999999,-0.773602,AFG,JPN,8947
1798800,5,114,1412,2004.0,0.0,4124.0,1.122154,0.958434,AND,JPN,8947
1798801,7,114,1412,2004.0,0.0,1250314.0,-0.10993399999999999,-0.5351640000000001,ARE,JPN,8947
1798802,8,114,1412,2004.0,18851.0,120654.0,-0.070845,0.879574,ARG,JPN,8947
1798803,14,114,1412,2004.0,5768526.0,10012495.0,-0.198735,0.81543,AUS,JPN,8947
1798804,15,114,1412,2004.0,35168036.0,873812.0,1.958949,0.209296,AUT,JPN,8947
1798805,16,114,1412,2004.0,0.0,4512.0,-0.720616,-1.009692,AZE,JPN,8947
1798806,18,114,1412,2004.0,478630.0,4329480.0,1.242665,1.541444,BEL,JPN,8947
1798807,19,114,1412,2004.0,0.0,420520.0,-1.422449,-1.09615,BEN,JPN,8947
1798808,22,114,1412,2004.0,1081713.0,52598.0,-1.074194,-0.9392389999999999,BGD,JPN,8947
1798809,23,114,1412,2004.0,517360.0,54248.0,0.390627,1.631006,BGR,JPN,8947
1798810,24,114,1412,2004.0,0.0,15202.0,-0.551237,-1.174628,BHR,JPN,8947
1798811,26,114,1412,2004.0,0.0,1640.0,0.45637,0.6154470000000001,BIH,JPN,8947
1798812,28,114,1412,2004.0,0.0,21925.0,0.9384239999999999,0.9708690000000001,BLR,JPN,8947
1798813,29,114,1412,2004.0,0.0,4814.0,-0.528459,-0.739219,BLZ,JPN,8947
1798814,31,114,1412,2004.0,0.0,29924.0,-0.841087,-0.770059,BOL,JPN,8947
1798815,32,114,1412,2004.0,90293.0,227004.0,0.504233,1.567879,BRA,JPN,8947
1798816,33,114,1412,2004.0,0.0,21195.0,0.644308,0.290054,BRB,JPN,8947
1798817,34,114,1412,2004.0,0.0,36983.0,-0.720827,-0.964435,BRN,JPN,8947
1798818,37,114,1412,2004.0,0.0,4212.0,-0.435159,-1.150519,BWA,JPN,8947
1798819,39,114,1412,2004.0,4886496.0,3208614.0,0.781591,1.365966,CAN,JPN,8947
1798820,41,114,1412,2004.0,3031059.0,1603857.0,2.234603,0.551975,CHE,JPN,8947
1798821,42,114,1412,2004.0,0.0,81768.0,-0.24101399999999998,-0.303103,CHL,JPN,8947
1798822,43,114,1412,2004.0,402151744.0,21111972.0,0.710603,2.017234,CHN,JPN,8947
1798823,45,114,1412,2004.0,3008.0,0.0,-1.380149,-1.220501,CMR,JPN,8947
1798824,49,114,1412,2004.0,0.0,19617.0,0.044706,0.514304,COL,JPN,8947
1798825,52,114,1412,2004.0,48914.0,6070.0,-0.036323,-0.313847,CRI,JPN,8947
1798826,54,114,1412,2004.0,0.0,31968.0,-0.16826,-0.644388,CUB,JPN,8947
1798827,58,114,1412,2004.0,0.0,61874.0,0.42732200000000004,0.811763,CYP,JPN,8947
1798828,59,114,1412,2004.0,6378859.0,328100.0,1.612543,0.607495,CZE,JPN,8947
1798829,61,114,1412,2004.0,16422383.0,4052163.0,2.4453099999999997,-2.331761,DEU,JPN,8947
1798830,63,114,1412,2004.0,0.0,14415.0,0.478601,0.368796,DMA,JPN,8947
1798831,64,114,1412,2004.0,2507612.0,1281417.0,1.309074,1.2627979999999999,DNK,JPN,8947
1798832,65,114,1412,2004.0,175900.0,6352.0,-0.24909699999999999,-0.326783,DOM,JPN,8947
1798833,67,114,1412,2004.0,0.0,36739.0,-0.990727,-0.9383090000000001,ECU,JPN,8947
1798834,68,114,1412,2004.0,0.0,336346.0,-0.35823499999999997,0.5000100000000001,EGY,JPN,8947
1798835,71,114,1412,2004.0,4929692.0,4839406.0,1.04057,1.789023,ESP,JPN,8947
1798836,72,114,1412,2004.0,655354.0,47830.0,0.645741,1.035117,EST,JPN,8947
1798837,74,114,1412,2004.0,3527135.0,2297153.0,1.9662810000000002,1.018108,FIN,JPN,8947
1798838,75,114,1412,2004.0,0.0,20336.0,-0.793333,-0.27460100000000004,FJI,JPN,8947
1798839,77,114,1412,2004.0,40789300.0,7709538.0,1.57079,0.6776760000000001,FRA,JPN,8947
1798840,79,114,1412,2004.0,0.0,90761.0,-1.155942,-1.049955,FSM,JPN,8947
1798841,81,114,1412,2004.0,2664926.0,12361607.0,1.872987,0.734065,GBR,JPN,8947
1798842,83,114,1412,2004.0,0.0,1250318.0,-1.015073,-0.9147069999999999,GHA,JPN,8947
1798843,90,114,1412,2004.0,112864.0,1046015.0,0.298029,1.745886,GRC,JPN,8947
1798844,93,114,1412,2004.0,3148.0,56934.0,-0.39399,0.139128,GTM,JPN,8947
1798845,95,114,1412,2004.0,0.0,259296.0,0.136164,-0.616118,GUM,JPN,8947
1798846,97,114,1412,2004.0,34260768.0,68482912.0,0.72816,1.403171,HKG,JPN,8947
1798847,99,114,1412,2004.0,0.0,190979.0,-0.6372140000000001,-0.453946,HND,JPN,8947
1798848,100,114,1412,2004.0,0.0,86865.0,0.744459,1.1994479999999998,HRV,JPN,8947
1798849,101,114,1412,2004.0,0.0,20052.0,-0.919434,-0.9868950000000001,HTI,JPN,8947
1798850,102,114,1412,2004.0,6697559.0,471879.0,1.3579370000000002,0.9993219999999999,HUN,JPN,8947
1798851,103,114,1412,2004.0,17195752.0,426156.0,0.010095999999999999,1.7413779999999999,IDN,JPN,8947
1798852,104,114,1412,2004.0,461068.0,701501.0,0.20872,2.817307,IND,JPN,8947
1798853,106,114,1412,2004.0,11747.0,56957.0,1.498475,0.19050799999999998,IRL,JPN,8947
1798854,107,114,1412,2004.0,0.0,78975.0,-0.6691699999999999,-1.002548,IRN,JPN,8947
1798855,108,114,1412,2004.0,0.0,123400.0,-1.50824,-1.082486,IRQ,JPN,8947
1798856,109,114,1412,2004.0,0.0,28263.0,0.107901,-0.41223699999999996,ISL,JPN,8947
1798857,110,114,1412,2004.0,11570.0,89470.0,1.252895,0.8662770000000001,ISR,JPN,8947
1798858,111,114,1412,2004.0,23158102.0,3532394.0,1.440372,0.676068,ITA,JPN,8947
1798859,112,114,1412,2004.0,0.0,29109.0,-0.505365,-0.9596120000000001,JAM,JPN,8947
1798860,113,114,1412,2004.0,0.0,3089.0,0.16384200000000002,0.34270100000000003,JOR,JPN,8947
1798861,115,114,1412,2004.0,5043.0,219458.0,-0.43987200000000004,-0.50862,KAZ,JPN,8947
1798862,116,114,1412,2004.0,4188.0,3630.0,-0.565597,0.182375,KEN,JPN,8947
1798863,118,114,1412,2004.0,0.0,6942.0,-1.145227,-1.19179,KHM,JPN,8947
1798864,121,114,1412,2004.0,46344912.0,140650352.0,1.481275,0.7859,KOR,JPN,8947
1798865,122,114,1412,2004.0,0.0,82859.0,-0.8195479999999999,-1.2105709999999998,KWT,JPN,8947
1798866,124,114,1412,2004.0,0.0,25108.0,0.269753,1.3152979999999999,LBN,JPN,8947
1798867,126,114,1412,2004.0,6660.0,68415.0,-0.895142,-1.211141,LBY,JPN,8947
1798868,128,114,1412,2004.0,387277.0,110095.0,-0.42450299999999996,0.173518,LKA,JPN,8947
1798869,130,114,1412,2004.0,0.0,56322.0,0.341521,0.7971560000000001,LTU,JPN,8947
1798870,131,114,1412,2004.0,34192.0,1272.0,1.258828,1.079923,LUX,JPN,8947
1798871,132,114,1412,2004.0,0.0,119928.0,0.415001,0.8476809999999999,LVA,JPN,8947
1798872,133,114,1412,2004.0,8567.0,387216.0,-0.12333599999999999,-0.600164,MAC,JPN,8947
1798873,134,114,1412,2004.0,5295.0,454008.0,-0.626594,-0.22253499999999998,MAR,JPN,8947
1798874,136,114,1412,2004.0,0.0,11257.0,-1.1010799999999998,-0.7367859999999999,MDG,JPN,8947
1798875,137,114,1412,2004.0,0.0,10569.0,-0.44303000000000003,-0.841744,MDV,JPN,8947
1798876,138,114,1412,2004.0,1840617.0,228087.0,1.183707,0.9043700000000001,MEX,JPN,8947
1798877,139,114,1412,2004.0,0.0,2627.0,-0.712684,-0.88944,MHL,JPN,8947
1798878,142,114,1412,2004.0,6546.0,49395.0,1.2290379999999999,-0.025372,MLT,JPN,8947
1798879,143,114,1412,2004.0,7015.0,99686.0,-1.048261,-0.828443,MMR,JPN,8947
1798880,145,114,1412,2004.0,0.0,6344.0,-0.920198,-1.1059219999999998,MNG,JPN,8947
1798881,146,114,1412,2004.0,0.0,31761.0,-0.22844699999999998,-0.684888,MNP,JPN,8947
1798882,151,114,1412,2004.0,0.0,87978.0,-0.161262,-0.29730300000000004,MUS,JPN,8947
1798883,152,114,1412,2004.0,0.0,17226.0,-1.233417,-1.071204,MWI,JPN,8947
1798884,153,114,1412,2004.0,14984714.0,13521852.0,1.250098,0.352379,MYS,JPN,8947
1798885,154,114,1412,2004.0,0.0,7042.0,1.290551,0.284667,MYT,JPN,8947
1798886,155,114,1412,2004.0,1212.0,1495.0,-0.408989,-0.462016,NAM,JPN,8947
1798887,156,114,1412,2004.0,3112.0,152608.0,-0.279566,-0.860456,NCL,JPN,8947
1798888,159,114,1412,2004.0,0.0,211728.0,-2.336753,-1.350375,NGA,JPN,8947
1798889,160,114,1412,2004.0,0.0,50237.0,-1.003846,-0.697642,NIC,JPN,8947
1798890,162,114,1412,2004.0,2150860.0,5049246.0,1.171327,1.6369799999999999,NLD,JPN,8947
1798891,163,114,1412,2004.0,868696.0,507152.0,0.731175,-0.0655,NOR,JPN,8947
1798892,164,114,1412,2004.0,0.0,27044.0,-0.16800199999999998,0.541976,NPL,JPN,8947
1798893,166,114,1412,2004.0,600158.0,1269079.0,0.44099099999999997,0.968326,NZL,JPN,8947
1798894,167,114,1412,2004.0,0.0,119898.0,-0.707862,-1.187629,OMN,JPN,8947
1798895,168,114,1412,2004.0,6025382.0,55532.0,-0.7489600000000001,0.22493200000000002,PAK,JPN,8947
1798896,169,114,1412,2004.0,0.0,131932.0,0.054997000000000004,0.440416,PAN,JPN,8947
1798897,173,114,1412,2004.0,33053.0,109586.0,-0.609837,0.13314,PER,JPN,8947
1798898,174,114,1412,2004.0,6529826.0,2182584.0,0.288786,-0.25348699999999996,PHL,JPN,8947
1798899,175,114,1412,2004.0,0.0,56705.0,0.222671,-0.802012,PLW,JPN,8947
1798900,176,114,1412,2004.0,0.0,82144.0,-1.57259,-1.215066,PNG,JPN,8947
1798901,177,114,1412,2004.0,1402036.0,357623.0,0.989568,1.49055,POL,JPN,8947
1798902,179,114,1412,2004.0,380292.0,374722.0,0.705075,1.7268729999999999,PRT,JPN,8947
1798903,180,114,1412,2004.0,6814.0,176876.0,-0.634469,-0.870034,PRY,JPN,8947
1798904,182,114,1412,2004.0,0.0,281174.0,-0.125349,-0.718282,PYF,JPN,8947
1798905,183,114,1412,2004.0,0.0,86416.0,0.018141,-1.03766,QAT,JPN,8947
1798906,185,114,1412,2004.0,2984021.0,46198.0,0.53925,1.145066,ROU,JPN,8947
1798907,186,114,1412,2004.0,153780.0,1110512.0,0.422803,0.017524,RUS,JPN,8947
1798908,188,114,1412,2004.0,0.0,118644.0,0.361324,-0.760732,SAU,JPN,8947
1798909,189,114,1412,2004.0,0.0,82420.0,0.544686,2.418024,SCG,JPN,8947
1798910,190,114,1412,2004.0,0.0,178963.0,-1.503552,-1.253193,SDN,JPN,8947
1798911,191,114,1412,2004.0,0.0,25340.0,-0.620158,-0.296575,SEN,JPN,8947
1798912,192,114,1412,2004.0,5894207.0,21993132.0,1.804502,0.570084,SGP,JPN,8947
1798913,195,114,1412,2004.0,0.0,73909.0,-1.337367,-1.051245,SLB,JPN,8947
1798914,196,114,1412,2004.0,16976.0,0.0,0.43205699999999997,0.068877,SLE,JPN,8947
1798915,197,114,1412,2004.0,107306.0,0.0,-0.21054299999999998,0.086382,SLV,JPN,8947
1798916,206,114,1412,2004.0,2449946.0,49533.0,1.2683149999999999,0.9208620000000001,SVK,JPN,8947
1798917,207,114,1412,2004.0,2009993.0,139043.0,1.700677,0.829765,SVN,JPN,8947
1798918,208,114,1412,2004.0,3478639.0,607466.0,2.105611,0.707843,SWE,JPN,8947
1798919,211,114,1412,2004.0,0.0,8973.0,-0.585828,-0.768388,SYC,JPN,8947
1798920,215,114,1412,2004.0,0.0,495329.0,-0.569621,-0.533211,TGO,JPN,8947
1798921,216,114,1412,2004.0,85261360.0,41098480.0,0.633501,1.4648290000000002,THA,JPN,8947
1798922,221,114,1412,2004.0,0.0,53501.0,-0.431874,-0.8715629999999999,TON,JPN,8947
1798923,222,114,1412,2004.0,0.0,12272.0,-0.108049,-0.923523,TTO,JPN,8947
1798924,223,114,1412,2004.0,1838501.0,40507.0,-0.125092,0.370625,TUN,JPN,8947
1798925,224,114,1412,2004.0,17554.0,250860.0,0.249065,1.910598,TUR,JPN,8947
1798926,225,114,1412,2004.0,0.0,1910.0,1.8128529999999998,-0.173455,TUV,JPN,8947
1798927,226,114,1412,2004.0,0.0,37547.0,-0.935327,0.362709,TZA,JPN,8947
1798928,227,114,1412,2004.0,0.0,9954.0,-1.05367,-0.546304,UGA,JPN,8947
1798929,228,114,1412,2004.0,1487485.0,26724.0,0.672848,1.172735,UKR,JPN,8947
1798930,230,114,1412,2004.0,0.0,11329.0,-0.051583000000000004,0.145056,URY,JPN,8947
1798931,231,114,1412,2004.0,234349088.0,122842392.0,1.818327,-0.17913900000000002,USA,JPN,8947
1798932,234,114,1412,2004.0,0.0,1747.0,-0.706188,-0.9244120000000001,VCT,JPN,8947
1798933,236,114,1412,2004.0,18770.0,229373.0,-0.41193900000000006,-0.9578899999999999,VEN,JPN,8947
1798934,239,114,1412,2004.0,7337428.0,1671559.0,-0.46875500000000003,0.734412,VNM,JPN,8947
1798935,240,114,1412,2004.0,0.0,35664.0,-1.284054,-1.0415809999999999,VUT,JPN,8947
1798936,242,114,1412,2004.0,0.0,4649.0,-0.183327,-0.6788569999999999,WSM,JPN,8947
1798937,243,114,1412,2004.0,0.0,4867.0,-1.298227,-1.2496639999999999,YEM,JPN,8947
1798938,246,114,1412,2004.0,130349.0,2403905.0,0.29599699999999995,1.909018,ZAF,JPN,8947
1798939,247,114,1412,2004.0,0.0,42216.0,-0.8752479999999999,-0.784285,ZMB,JPN,8947
1798940,248,114,1412,2004.0,0.0,4381.0,-0.44064799999999993,0.01704,ZWE,JPN,8947
1798941,249,114,1412,2004.0,99272112.0,36308948.0,1.8844150000000002,1.257951,TWN,JPN,8947
1798942,250,114,1412,2004.0,25773.0,56595.0,0.46240200000000004,-0.406624,ANS,JPN,8947
1798943,7,121,1412,2004.0,1328.0,871574.0,-0.10993399999999999,-0.5351640000000001,ARE,KOR,8947
1798944,8,121,1412,2004.0,0.0,462483.0,-0.070845,0.879574,ARG,KOR,8947
1798945,10,121,1412,2004.0,0.0,38212.0,1.0764479999999998,0.678424,ASM,KOR,8947
1798946,14,121,1412,2004.0,474608.0,2941343.0,-0.198735,0.81543,AUS,KOR,8947
1798947,15,121,1412,2004.0,4531831.0,425482.0,1.958949,0.209296,AUT,KOR,8947
1798948,18,121,1412,2004.0,191423.0,2869794.0,1.242665,1.541444,BEL,KOR,8947
1798949,19,121,1412,2004.0,0.0,80812.0,-1.422449,-1.09615,BEN,KOR,8947
1798950,22,121,1412,2004.0,2350.0,281766.0,-1.074194,-0.9392389999999999,BGD,KOR,8947
1798951,23,121,1412,2004.0,12476.0,55748.0,0.390627,1.631006,BGR,KOR,8947
1798952,24,121,1412,2004.0,0.0,5794.0,-0.551237,-1.174628,BHR,KOR,8947
1798953,26,121,1412,2004.0,0.0,8362.0,0.45637,0.6154470000000001,BIH,KOR,8947
1798954,32,121,1412,2004.0,47114.0,345379.0,0.504233,1.567879,BRA,KOR,8947
1798955,34,121,1412,2004.0,0.0,10042.0,-0.720827,-0.964435,BRN,KOR,8947
1798956,39,121,1412,2004.0,2891043.0,2682979.0,0.781591,1.365966,CAN,KOR,8947
1798957,41,121,1412,2004.0,681994.0,82684.0,2.234603,0.551975,CHE,KOR,8947
1798958,42,121,1412,2004.0,0.0,221736.0,-0.24101399999999998,-0.303103,CHL,KOR,8947
1798959,43,121,1412,2004.0,105594824.0,26233842.0,0.710603,2.017234,CHN,KOR,8947
1798960,44,121,1412,2004.0,0.0,50531.0,-0.835933,-0.749289,CIV,KOR,8947
1798961,49,121,1412,2004.0,0.0,102011.0,0.044706,0.514304,COL,KOR,8947
1798962,52,121,1412,2004.0,0.0,30296.0,-0.036323,-0.313847,CRI,KOR,8947
1798963,54,121,1412,2004.0,0.0,40562.0,-0.16826,-0.644388,CUB,KOR,8947
1798964,58,121,1412,2004.0,0.0,97174.0,0.42732200000000004,0.811763,CYP,KOR,8947
1798965,59,121,1412,2004.0,625580.0,129816.0,1.612543,0.607495,CZE,KOR,8947
1798966,61,121,1412,2004.0,4517962.0,3487718.0,2.4453099999999997,-2.331761,DEU,KOR,8947
1798967,64,121,1412,2004.0,489063.0,1013573.0,1.309074,1.2627979999999999,DNK,KOR,8947
1798968,65,121,1412,2004.0,0.0,204671.0,-0.24909699999999999,-0.326783,DOM,KOR,8947
1798969,66,121,1412,2004.0,0.0,17117.0,-1.166661,-1.2240879999999998,DZA,KOR,8947
1798970,67,121,1412,2004.0,0.0,161477.0,-0.990727,-0.9383090000000001,ECU,KOR,8947
1798971,68,121,1412,2004.0,0.0,460851.0,-0.35823499999999997,0.5000100000000001,EGY,KOR,8947
1798972,69,121,1412,2004.0,0.0,20488.0,0.390463,0.144876,ERI,KOR,8947
1798973,71,121,1412,2004.0,1331092.0,4289665.0,1.04057,1.789023,ESP,KOR,8947
1798974,72,121,1412,2004.0,1048.0,1335.0,0.645741,1.035117,EST,KOR,8947
1798975,73,121,1412,2004.0,0.0,1526.0,-1.202444,-0.8973120000000001,ETH,KOR,8947
1798976,74,121,1412,2004.0,2834589.0,1177983.0,1.9662810000000002,1.018108,FIN,KOR,8947
1798977,75,121,1412,2004.0,0.0,319501.0,-0.793333,-0.27460100000000004,FJI,KOR,8947
1798978,77,121,1412,2004.0,9870174.0,3057710.0,1.57079,0.6776760000000001,FRA,KOR,8947
1798979,78,121,1412,2004.0,0.0,14463.0,-1.127967,-1.002561,FRO,KOR,8947
1798980,79,121,1412,2004.0,0.0,6966.0,-1.155942,-1.049955,FSM,KOR,8947
1798981,81,121,1412,2004.0,376561.0,7951070.0,1.872987,0.734065,GBR,KOR,8947
1798982,82,121,1412,2004.0,0.0,1857.0,-0.030676,-0.560186,GEO,KOR,8947
1798983,83,121,1412,2004.0,0.0,195077.0,-1.015073,-0.9147069999999999,GHA,KOR,8947
1798984,85,121,1412,2004.0,0.0,1315.0,-1.004077,-1.108018,GIN,KOR,8947
1798985,90,121,1412,2004.0,0.0,383886.0,0.298029,1.745886,GRC,KOR,8947
1798986,91,121,1412,2004.0,0.0,6614.0,0.426058,-0.30841799999999997,GRD,KOR,8947
1798987,93,121,1412,2004.0,0.0,33049.0,-0.39399,0.139128,GTM,KOR,8947
1798988,95,121,1412,2004.0,2752.0,66146.0,0.136164,-0.616118,GUM,KOR,8947
1798989,97,121,1412,2004.0,4660522.0,5640506.0,0.72816,1.403171,HKG,KOR,8947
1798990,100,121,1412,2004.0,0.0,25895.0,0.744459,1.1994479999999998,HRV,KOR,8947
1798991,102,121,1412,2004.0,1908973.0,272866.0,1.3579370000000002,0.9993219999999999,HUN,KOR,8947
1798992,103,121,1412,2004.0,1504974.0,281261.0,0.010095999999999999,1.7413779999999999,IDN,KOR,8947
1798993,104,121,1412,2004.0,159021.0,730988.0,0.20872,2.817307,IND,KOR,8947
1798994,106,121,1412,2004.0,3400.0,227815.0,1.498475,0.19050799999999998,IRL,KOR,8947
1798995,107,121,1412,2004.0,0.0,164165.0,-0.6691699999999999,-1.002548,IRN,KOR,8947
1798996,108,121,1412,2004.0,0.0,40723.0,-1.50824,-1.082486,IRQ,KOR,8947
1798997,109,121,1412,2004.0,1550.0,61806.0,0.107901,-0.41223699999999996,ISL,KOR,8947
1798998,110,121,1412,2004.0,68344.0,203363.0,1.252895,0.8662770000000001,ISR,KOR,8947
1798999,111,121,1412,2004.0,8241433.0,2889987.0,1.440372,0.676068,ITA,KOR,8947
1799000,113,121,1412,2004.0,0.0,54851.0,0.16384200000000002,0.34270100000000003,JOR,KOR,8947
1799001,114,121,1412,2004.0,140650352.0,46344912.0,2.756136,0.15545,JPN,KOR,8947
1799002,115,121,1412,2004.0,0.0,117077.0,-0.43987200000000004,-0.50862,KAZ,KOR,8947
1799003,117,121,1412,2004.0,0.0,16093.0,-0.263776,0.503736,KGZ,KOR,8947
1799004,118,121,1412,2004.0,0.0,16334.0,-1.145227,-1.19179,KHM,KOR,8947
1799005,122,121,1412,2004.0,0.0,308364.0,-0.8195479999999999,-1.2105709999999998,KWT,KOR,8947
1799006,124,121,1412,2004.0,0.0,100810.0,0.269753,1.3152979999999999,LBN,KOR,8947
1799007,126,121,1412,2004.0,0.0,4221.0,-0.895142,-1.211141,LBY,KOR,8947
1799008,127,121,1412,2004.0,0.0,3975.0,0.31900300000000004,-0.346391,LCA,KOR,8947
1799009,128,121,1412,2004.0,10939.0,218062.0,-0.42450299999999996,0.173518,LKA,KOR,8947
1799010,130,121,1412,2004.0,29255.0,29443.0,0.341521,0.7971560000000001,LTU,KOR,8947
1799011,131,121,1412,2004.0,0.0,1818.0,1.258828,1.079923,LUX,KOR,8947
1799012,132,121,1412,2004.0,0.0,964287.0,0.415001,0.8476809999999999,LVA,KOR,8947
1799013,133,121,1412,2004.0,0.0,34043.0,-0.12333599999999999,-0.600164,MAC,KOR,8947
1799014,134,121,1412,2004.0,0.0,101679.0,-0.626594,-0.22253499999999998,MAR,KOR,8947
1799015,136,121,1412,2004.0,0.0,11289.0,-1.1010799999999998,-0.7367859999999999,MDG,KOR,8947
1799016,137,121,1412,2004.0,0.0,10657.0,-0.44303000000000003,-0.841744,MDV,KOR,8947
1799017,138,121,1412,2004.0,39604.0,420226.0,1.183707,0.9043700000000001,MEX,KOR,8947
1799018,139,121,1412,2004.0,0.0,2820.0,-0.712684,-0.88944,MHL,KOR,8947
1799019,140,121,1412,2004.0,0.0,2593.0,-0.120439,0.27624899999999997,MKD,KOR,8947
1799020,142,121,1412,2004.0,0.0,30191.0,1.2290379999999999,-0.025372,MLT,KOR,8947
1799021,143,121,1412,2004.0,5896.0,4090.0,-1.048261,-0.828443,MMR,KOR,8947
1799022,145,121,1412,2004.0,2774.0,94304.0,-0.920198,-1.1059219999999998,MNG,KOR,8947
1799023,146,121,1412,2004.0,0.0,1588.0,-0.22844699999999998,-0.684888,MNP,KOR,8947
1799024,151,121,1412,2004.0,0.0,71595.0,-0.161262,-0.29730300000000004,MUS,KOR,8947
1799025,153,121,1412,2004.0,4278860.0,2060404.0,1.250098,0.352379,MYS,KOR,8947
1799026,155,121,1412,2004.0,0.0,42017.0,-0.408989,-0.462016,NAM,KOR,8947
1799027,156,121,1412,2004.0,0.0,67308.0,-0.279566,-0.860456,NCL,KOR,8947
1799028,159,121,1412,2004.0,0.0,5310.0,-2.336753,-1.350375,NGA,KOR,8947
1799029,162,121,1412,2004.0,844226.0,4847677.0,1.171327,1.6369799999999999,NLD,KOR,8947
1799030,163,121,1412,2004.0,146121.0,1239648.0,0.731175,-0.0655,NOR,KOR,8947
1799031,164,121,1412,2004.0,0.0,2388.0,-0.16800199999999998,0.541976,NPL,KOR,8947
1799032,166,121,1412,2004.0,58111.0,622936.0,0.44099099999999997,0.968326,NZL,KOR,8947
1799033,167,121,1412,2004.0,0.0,46539.0,-0.707862,-1.187629,OMN,KOR,8947
1799034,168,121,1412,2004.0,962962.0,109888.0,-0.7489600000000001,0.22493200000000002,PAK,KOR,8947
1799035,169,121,1412,2004.0,0.0,133184.0,0.054997000000000004,0.440416,PAN,KOR,8947
1799036,173,121,1412,2004.0,0.0,177849.0,-0.609837,0.13314,PER,KOR,8947
1799037,174,121,1412,2004.0,193063.0,1076820.0,0.288786,-0.25348699999999996,PHL,KOR,8947
1799038,176,121,1412,2004.0,0.0,12086.0,-1.57259,-1.215066,PNG,KOR,8947
1799039,177,121,1412,2004.0,27033.0,646048.0,0.989568,1.49055,POL,KOR,8947
1799040,179,121,1412,2004.0,3202.0,829775.0,0.705075,1.7268729999999999,PRT,KOR,8947
1799041,180,121,1412,2004.0,0.0,2327634.0,-0.634469,-0.870034,PRY,KOR,8947
1799042,182,121,1412,2004.0,0.0,128838.0,-0.125349,-0.718282,PYF,KOR,8947
1799043,183,121,1412,2004.0,8272.0,59718.0,0.018141,-1.03766,QAT,KOR,8947
1799044,185,121,1412,2004.0,5456412.0,53540.0,0.53925,1.145066,ROU,KOR,8947
1799045,186,121,1412,2004.0,1307173.0,3748978.0,0.422803,0.017524,RUS,KOR,8947
1799046,188,121,1412,2004.0,0.0,148100.0,0.361324,-0.760732,SAU,KOR,8947
1799047,189,121,1412,2004.0,0.0,28870.0,0.544686,2.418024,SCG,KOR,8947
1799048,190,121,1412,2004.0,0.0,43533.0,-1.503552,-1.253193,SDN,KOR,8947
1799049,191,121,1412,2004.0,0.0,107722.0,-0.620158,-0.296575,SEN,KOR,8947
1799050,192,121,1412,2004.0,481684.0,2884902.0,1.804502,0.570084,SGP,KOR,8947
1799051,196,121,1412,2004.0,0.0,38954.0,0.43205699999999997,0.068877,SLE,KOR,8947
1799052,197,121,1412,2004.0,0.0,25950.0,-0.21054299999999998,0.086382,SLV,KOR,8947
1799053,206,121,1412,2004.0,100562.0,67535.0,1.2683149999999999,0.9208620000000001,SVK,KOR,8947
1799054,207,121,1412,2004.0,148399.0,51315.0,1.700677,0.829765,SVN,KOR,8947
1799055,208,121,1412,2004.0,1995789.0,1768534.0,2.105611,0.707843,SWE,KOR,8947
1799056,209,121,1412,2004.0,10199.0,135003.0,0.528937,-0.241038,SWZ,KOR,8947
1799057,211,121,1412,2004.0,0.0,16637.0,-0.585828,-0.768388,SYC,KOR,8947
1799058,212,121,1412,2004.0,0.0,8644.0,-0.698545,-0.111323,SYR,KOR,8947
1799059,215,121,1412,2004.0,0.0,21607.0,-0.569621,-0.533211,TGO,KOR,8947
1799060,216,121,1412,2004.0,4817456.0,1653873.0,0.633501,1.4648290000000002,THA,KOR,8947
1799061,221,121,1412,2004.0,0.0,49062.0,-0.431874,-0.8715629999999999,TON,KOR,8947
1799062,222,121,1412,2004.0,0.0,71652.0,-0.108049,-0.923523,TTO,KOR,8947
1799063,223,121,1412,2004.0,17394.0,18850.0,-0.125092,0.370625,TUN,KOR,8947
1799064,224,121,1412,2004.0,41700.0,1258134.0,0.249065,1.910598,TUR,KOR,8947
1799065,226,121,1412,2004.0,0.0,138259.0,-0.935327,0.362709,TZA,KOR,8947
1799066,228,121,1412,2004.0,390347.0,47418.0,0.672848,1.172735,UKR,KOR,8947
1799067,230,121,1412,2004.0,0.0,51071.0,-0.051583000000000004,0.145056,URY,KOR,8947
1799068,231,121,1412,2004.0,56884416.0,67041960.0,1.818327,-0.17913900000000002,USA,KOR,8947
1799069,236,121,1412,2004.0,0.0,180115.0,-0.41193900000000006,-0.9578899999999999,VEN,KOR,8947
1799070,239,121,1412,2004.0,888730.0,1117547.0,-0.46875500000000003,0.734412,VNM,KOR,8947
1799071,242,121,1412,2004.0,0.0,143232.0,-0.183327,-0.6788569999999999,WSM,KOR,8947
1799072,243,121,1412,2004.0,0.0,45747.0,-1.298227,-1.2496639999999999,YEM,KOR,8947
1799073,246,121,1412,2004.0,5926.0,1186206.0,0.29599699999999995,1.909018,ZAF,KOR,8947
1799074,249,121,1412,2004.0,28690798.0,2784643.0,1.8844150000000002,1.257951,TWN,KOR,8947
1799075,250,121,1412,2004.0,5965.0,315604.0,0.46240200000000004,-0.406624,ANS,KOR,8947
1799076,7,128,1412,2004.0,26946.0,30925.0,-0.10993399999999999,-0.5351640000000001,ARE,LKA,8947
1799077,14,128,1412,2004.0,271816.0,106431.0,-0.198735,0.81543,AUS,LKA,8947
1799078,15,128,1412,2004.0,0.0,1392894.0,1.958949,0.209296,AUT,LKA,8947
1799079,18,128,1412,2004.0,0.0,175897.0,1.242665,1.541444,BEL,LKA,8947
1799080,23,128,1412,2004.0,0.0,9504.0,0.390627,1.631006,BGR,LKA,8947
1799081,39,128,1412,2004.0,414378.0,114635.0,0.781591,1.365966,CAN,LKA,8947
1799082,41,128,1412,2004.0,0.0,259706.0,2.234603,0.551975,CHE,LKA,8947
1799083,42,128,1412,2004.0,0.0,30967.0,-0.24101399999999998,-0.303103,CHL,LKA,8947
1799084,43,128,1412,2004.0,1723313.0,0.0,0.710603,2.017234,CHN,LKA,8947
1799085,58,128,1412,2004.0,0.0,1774.0,0.42732200000000004,0.811763,CYP,LKA,8947
1799086,59,128,1412,2004.0,0.0,8869.0,1.612543,0.607495,CZE,LKA,8947
1799087,61,128,1412,2004.0,77885.0,2489950.0,2.4453099999999997,-2.331761,DEU,LKA,8947
1799088,64,128,1412,2004.0,0.0,40543.0,1.309074,1.2627979999999999,DNK,LKA,8947
1799089,71,128,1412,2004.0,1083.0,308783.0,1.04057,1.789023,ESP,LKA,8947
1799090,72,128,1412,2004.0,0.0,5100.0,0.645741,1.035117,EST,LKA,8947
1799091,74,128,1412,2004.0,3972.0,24948.0,1.9662810000000002,1.018108,FIN,LKA,8947
1799092,77,128,1412,2004.0,52901.0,722950.0,1.57079,0.6776760000000001,FRA,LKA,8947
1799093,78,128,1412,2004.0,0.0,11620.0,-1.127967,-1.002561,FRO,LKA,8947
1799094,81,128,1412,2004.0,75212.0,605126.0,1.872987,0.734065,GBR,LKA,8947
1799095,90,128,1412,2004.0,2689.0,100698.0,0.298029,1.745886,GRC,LKA,8947
1799096,97,128,1412,2004.0,79645.0,8125.0,0.72816,1.403171,HKG,LKA,8947
1799097,100,128,1412,2004.0,0.0,3405.0,0.744459,1.1994479999999998,HRV,LKA,8947
1799098,102,128,1412,2004.0,0.0,2802.0,1.3579370000000002,0.9993219999999999,HUN,LKA,8947
1799099,103,128,1412,2004.0,22615.0,0.0,0.010095999999999999,1.7413779999999999,IDN,LKA,8947
1799100,104,128,1412,2004.0,500036.0,1643.0,0.20872,2.817307,IND,LKA,8947
1799101,106,128,1412,2004.0,0.0,82969.0,1.498475,0.19050799999999998,IRL,LKA,8947
1799102,109,128,1412,2004.0,0.0,15199.0,0.107901,-0.41223699999999996,ISL,LKA,8947
1799103,110,128,1412,2004.0,0.0,7182.0,1.252895,0.8662770000000001,ISR,LKA,8947
1799104,111,128,1412,2004.0,31200.0,635540.0,1.440372,0.676068,ITA,LKA,8947
1799105,114,128,1412,2004.0,110095.0,387277.0,2.756136,0.15545,JPN,LKA,8947
1799106,121,128,1412,2004.0,218062.0,10939.0,1.481275,0.7859,KOR,LKA,8947
1799107,137,128,1412,2004.0,0.0,8288.0,-0.44303000000000003,-0.841744,MDV,LKA,8947
1799108,151,128,1412,2004.0,0.0,12013.0,-0.161262,-0.29730300000000004,MUS,LKA,8947
1799109,153,128,1412,2004.0,214242.0,0.0,1.250098,0.352379,MYS,LKA,8947
1799110,162,128,1412,2004.0,0.0,202398.0,1.171327,1.6369799999999999,NLD,LKA,8947
1799111,163,128,1412,2004.0,8666.0,555590.0,0.731175,-0.0655,NOR,LKA,8947
1799112,166,128,1412,2004.0,0.0,108877.0,0.44099099999999997,0.968326,NZL,LKA,8947
1799113,168,128,1412,2004.0,127899.0,0.0,-0.7489600000000001,0.22493200000000002,PAK,LKA,8947
1799114,174,128,1412,2004.0,4605.0,0.0,0.288786,-0.25348699999999996,PHL,LKA,8947
1799115,177,128,1412,2004.0,0.0,42630.0,0.989568,1.49055,POL,LKA,8947
1799116,179,128,1412,2004.0,0.0,20955.0,0.705075,1.7268729999999999,PRT,LKA,8947
1799117,183,128,1412,2004.0,18926.0,1510.0,0.018141,-1.03766,QAT,LKA,8947
1799118,188,128,1412,2004.0,0.0,1325.0,0.361324,-0.760732,SAU,LKA,8947
1799119,192,128,1412,2004.0,542391.0,585392.0,1.804502,0.570084,SGP,LKA,8947
1799120,207,128,1412,2004.0,0.0,11664.0,1.700677,0.829765,SVN,LKA,8947
1799121,208,128,1412,2004.0,1244.0,20228.0,2.105611,0.707843,SWE,LKA,8947
1799122,216,128,1412,2004.0,72945.0,0.0,0.633501,1.4648290000000002,THA,LKA,8947
1799123,224,128,1412,2004.0,0.0,11159.0,0.249065,1.910598,TUR,LKA,8947
1799124,231,128,1412,2004.0,556928.0,2013768.0,1.818327,-0.17913900000000002,USA,LKA,8947
1799125,239,128,1412,2004.0,0.0,4663.0,-0.46875500000000003,0.734412,VNM,LKA,8947
1799126,246,128,1412,2004.0,0.0,88107.0,0.29599699999999995,1.909018,ZAF,LKA,8947
1799127,249,128,1412,2004.0,446452.0,24431.0,1.8844150000000002,1.257951,TWN,LKA,8947
1799128,7,131,1412,2004.0,0.0,12767.0,-0.10993399999999999,-0.5351640000000001,ARE,LUX,8947
1799129,15,131,1412,2004.0,581599.0,1851.0,1.958949,0.209296,AUT,LUX,8947
1799130,18,131,1412,2004.0,8536555.0,4141687.0,1.242665,1.541444,BEL,LUX,8947
1799131,23,131,1412,2004.0,0.0,1376.0,0.390627,1.631006,BGR,LUX,8947
1799132,39,131,1412,2004.0,13467.0,0.0,0.781591,1.365966,CAN,LUX,8947
1799133,41,131,1412,2004.0,23610.0,8815.0,2.234603,0.551975,CHE,LUX,8947
1799134,43,131,1412,2004.0,86830.0,0.0,0.710603,2.017234,CHN,LUX,8947
1799135,45,131,1412,2004.0,0.0,2962.0,-1.380149,-1.220501,CMR,LUX,8947
1799136,51,131,1412,2004.0,0.0,27921.0,-0.291469,-0.6426850000000001,CPV,LUX,8947
1799137,58,131,1412,2004.0,0.0,1830.0,0.42732200000000004,0.811763,CYP,LUX,8947
1799138,59,131,1412,2004.0,0.0,11274.0,1.612543,0.607495,CZE,LUX,8947
1799139,61,131,1412,2004.0,3242069.0,266875.0,2.4453099999999997,-2.331761,DEU,LUX,8947
1799140,64,131,1412,2004.0,33632.0,95749.0,1.309074,1.2627979999999999,DNK,LUX,8947
1799141,71,131,1412,2004.0,164400.0,30487.0,1.04057,1.789023,ESP,LUX,8947
1799142,74,131,1412,2004.0,6511.0,24722.0,1.9662810000000002,1.018108,FIN,LUX,8947
1799143,77,131,1412,2004.0,2087764.0,1169994.0,1.57079,0.6776760000000001,FRA,LUX,8947
1799144,81,131,1412,2004.0,277835.0,332007.0,1.872987,0.734065,GBR,LUX,8947
1799145,90,131,1412,2004.0,0.0,101721.0,0.298029,1.745886,GRC,LUX,8947
1799146,109,131,1412,2004.0,0.0,1512.0,0.107901,-0.41223699999999996,ISL,LUX,8947
1799147,110,131,1412,2004.0,0.0,7546.0,1.252895,0.8662770000000001,ISR,LUX,8947
1799148,111,131,1412,2004.0,1800463.0,149045.0,1.440372,0.676068,ITA,LUX,8947
1799149,113,131,1412,2004.0,0.0,4172.0,0.16384200000000002,0.34270100000000003,JOR,LUX,8947
1799150,114,131,1412,2004.0,1272.0,34192.0,2.756136,0.15545,JPN,LUX,8947
1799151,115,131,1412,2004.0,0.0,1604.0,-0.43987200000000004,-0.50862,KAZ,LUX,8947
1799152,121,131,1412,2004.0,1818.0,0.0,1.481275,0.7859,KOR,LUX,8947
1799153,122,131,1412,2004.0,0.0,2381.0,-0.8195479999999999,-1.2105709999999998,KWT,LUX,8947
1799154,159,131,1412,2004.0,0.0,10195.0,-2.336753,-1.350375,NGA,LUX,8947
1799155,162,131,1412,2004.0,1223440.0,962101.0,1.171327,1.6369799999999999,NLD,LUX,8947
1799156,163,131,1412,2004.0,18646.0,32384.0,0.731175,-0.0655,NOR,LUX,8947
1799157,166,131,1412,2004.0,0.0,2438.0,0.44099099999999997,0.968326,NZL,LUX,8947
1799158,168,131,1412,2004.0,39157.0,0.0,-0.7489600000000001,0.22493200000000002,PAK,LUX,8947
1799159,177,131,1412,2004.0,526855.0,1652.0,0.989568,1.49055,POL,LUX,8947
1799160,179,131,1412,2004.0,0.0,5558.0,0.705075,1.7268729999999999,PRT,LUX,8947
1799161,188,131,1412,2004.0,0.0,24122.0,0.361324,-0.760732,SAU,LUX,8947
1799162,206,131,1412,2004.0,36375.0,0.0,1.2683149999999999,0.9208620000000001,SVK,LUX,8947
1799163,208,131,1412,2004.0,0.0,88796.0,2.105611,0.707843,SWE,LUX,8947
1799164,223,131,1412,2004.0,0.0,1226.0,-0.125092,0.370625,TUN,LUX,8947
1799165,224,131,1412,2004.0,0.0,4551.0,0.249065,1.910598,TUR,LUX,8947
1799166,228,131,1412,2004.0,3466.0,0.0,0.672848,1.172735,UKR,LUX,8947
1799167,231,131,1412,2004.0,84826.0,0.0,1.818327,-0.17913900000000002,USA,LUX,8947
1799168,243,131,1412,2004.0,0.0,2165.0,-1.298227,-1.2496639999999999,YEM,LUX,8947
1799169,249,131,1412,2004.0,8533.0,0.0,1.8844150000000002,1.257951,TWN,LUX,8947
1799170,7,138,1412,2004.0,9260.0,5079.0,-0.10993399999999999,-0.5351640000000001,ARE,MEX,8947
1799171,8,138,1412,2004.0,110759.0,31137.0,-0.070845,0.879574,ARG,MEX,8947
1799172,14,138,1412,2004.0,286286.0,609905.0,-0.198735,0.81543,AUS,MEX,8947
1799173,15,138,1412,2004.0,44607.0,178022.0,1.958949,0.209296,AUT,MEX,8947
1799174,18,138,1412,2004.0,66091.0,130400.0,1.242665,1.541444,BEL,MEX,8947
1799175,22,138,1412,2004.0,4363.0,0.0,-1.074194,-0.9392389999999999,BGD,MEX,8947
1799176,23,138,1412,2004.0,0.0,26636.0,0.390627,1.631006,BGR,MEX,8947
1799177,28,138,1412,2004.0,0.0,28902.0,0.9384239999999999,0.9708690000000001,BLR,MEX,8947
1799178,29,138,1412,2004.0,0.0,2469.0,-0.528459,-0.739219,BLZ,MEX,8947
1799179,31,138,1412,2004.0,0.0,10863.0,-0.841087,-0.770059,BOL,MEX,8947
1799180,32,138,1412,2004.0,385502.0,19618.0,0.504233,1.567879,BRA,MEX,8947
1799181,39,138,1412,2004.0,150786.0,20851806.0,0.781591,1.365966,CAN,MEX,8947
1799182,41,138,1412,2004.0,62925.0,121656.0,2.234603,0.551975,CHE,MEX,8947
1799183,42,138,1412,2004.0,0.0,277405.0,-0.24101399999999998,-0.303103,CHL,MEX,8947
1799184,43,138,1412,2004.0,16545164.0,214146.0,0.710603,2.017234,CHN,MEX,8947
1799185,49,138,1412,2004.0,233556.0,118131.0,0.044706,0.514304,COL,MEX,8947
1799186,52,138,1412,2004.0,2185.0,213496.0,-0.036323,-0.313847,CRI,MEX,8947
1799187,54,138,1412,2004.0,0.0,186389.0,-0.16826,-0.644388,CUB,MEX,8947
1799188,59,138,1412,2004.0,34568.0,262888.0,1.612543,0.607495,CZE,MEX,8947
1799189,61,138,1412,2004.0,1769351.0,4113152.0,2.4453099999999997,-2.331761,DEU,MEX,8947
1799190,64,138,1412,2004.0,35273.0,6004.0,1.309074,1.2627979999999999,DNK,MEX,8947
1799191,65,138,1412,2004.0,246281.0,148238.0,-0.24909699999999999,-0.326783,DOM,MEX,8947
1799192,67,138,1412,2004.0,0.0,107194.0,-0.990727,-0.9383090000000001,ECU,MEX,8947
1799193,71,138,1412,2004.0,1033000.0,263059.0,1.04057,1.789023,ESP,MEX,8947
1799194,72,138,1412,2004.0,34887.0,0.0,0.645741,1.035117,EST,MEX,8947
1799195,74,138,1412,2004.0,146161.0,1146255.0,1.9662810000000002,1.018108,FIN,MEX,8947
1799196,77,138,1412,2004.0,964519.0,725354.0,1.57079,0.6776760000000001,FRA,MEX,8947
1799197,81,138,1412,2004.0,1778157.0,363162.0,1.872987,0.734065,GBR,MEX,8947
1799198,85,138,1412,2004.0,0.0,45947.0,-1.004077,-1.108018,GIN,MEX,8947
1799199,93,138,1412,2004.0,1414.0,1465146.0,-0.39399,0.139128,GTM,MEX,8947
1799200,97,138,1412,2004.0,1332259.0,1264099.0,0.72816,1.403171,HKG,MEX,8947
1799201,99,138,1412,2004.0,0.0,3203458.0,-0.6372140000000001,-0.453946,HND,MEX,8947
1799202,100,138,1412,2004.0,0.0,1061.0,0.744459,1.1994479999999998,HRV,MEX,8947
1799203,101,138,1412,2004.0,1592.0,0.0,-0.919434,-0.9868950000000001,HTI,MEX,8947
1799204,102,138,1412,2004.0,2408.0,5160.0,1.3579370000000002,0.9993219999999999,HUN,MEX,8947
1799205,103,138,1412,2004.0,102696.0,0.0,0.010095999999999999,1.7413779999999999,IDN,MEX,8947
1799206,104,138,1412,2004.0,203249.0,0.0,0.20872,2.817307,IND,MEX,8947
1799207,106,138,1412,2004.0,10797.0,0.0,1.498475,0.19050799999999998,IRL,MEX,8947
1799208,109,138,1412,2004.0,0.0,1198.0,0.107901,-0.41223699999999996,ISL,MEX,8947
1799209,110,138,1412,2004.0,3445.0,23269.0,1.252895,0.8662770000000001,ISR,MEX,8947
1799210,111,138,1412,2004.0,6598980.0,105729.0,1.440372,0.676068,ITA,MEX,8947
1799211,112,138,1412,2004.0,1665.0,4047.0,-0.505365,-0.9596120000000001,JAM,MEX,8947
1799212,114,138,1412,2004.0,228087.0,1840617.0,2.756136,0.15545,JPN,MEX,8947
1799213,115,138,1412,2004.0,0.0,12782.0,-0.43987200000000004,-0.50862,KAZ,MEX,8947
1799214,121,138,1412,2004.0,420226.0,39604.0,1.481275,0.7859,KOR,MEX,8947
1799215,134,138,1412,2004.0,1987.0,0.0,-0.626594,-0.22253499999999998,MAR,MEX,8947
1799216,153,138,1412,2004.0,232006.0,109668.0,1.250098,0.352379,MYS,MEX,8947
1799217,160,138,1412,2004.0,0.0,58356.0,-1.003846,-0.697642,NIC,MEX,8947
1799218,162,138,1412,2004.0,253432.0,104828.0,1.171327,1.6369799999999999,NLD,MEX,8947
1799219,163,138,1412,2004.0,591987.0,64694.0,0.731175,-0.0655,NOR,MEX,8947
1799220,166,138,1412,2004.0,5384.0,84223.0,0.44099099999999997,0.968326,NZL,MEX,8947
1799221,168,138,1412,2004.0,8258544.0,0.0,-0.7489600000000001,0.22493200000000002,PAK,MEX,8947
1799222,169,138,1412,2004.0,0.0,188442.0,0.054997000000000004,0.440416,PAN,MEX,8947
1799223,173,138,1412,2004.0,61358.0,26370.0,-0.609837,0.13314,PER,MEX,8947
1799224,174,138,1412,2004.0,67870.0,25667.0,0.288786,-0.25348699999999996,PHL,MEX,8947
1799225,177,138,1412,2004.0,0.0,137961.0,0.989568,1.49055,POL,MEX,8947
1799226,179,138,1412,2004.0,1684.0,9642.0,0.705075,1.7268729999999999,PRT,MEX,8947
1799227,180,138,1412,2004.0,0.0,19254.0,-0.634469,-0.870034,PRY,MEX,8947
1799228,185,138,1412,2004.0,18986.0,0.0,0.53925,1.145066,ROU,MEX,8947
1799229,186,138,1412,2004.0,0.0,22055.0,0.422803,0.017524,RUS,MEX,8947
1799230,188,138,1412,2004.0,0.0,6271.0,0.361324,-0.760732,SAU,MEX,8947
1799231,192,138,1412,2004.0,20929.0,28196.0,1.804502,0.570084,SGP,MEX,8947
1799232,197,138,1412,2004.0,139210.0,228282.0,-0.21054299999999998,0.086382,SLV,MEX,8947
1799233,205,138,1412,2004.0,0.0,2496.0,-1.056251,-1.0234590000000001,SUR,MEX,8947
1799234,206,138,1412,2004.0,6160.0,16364.0,1.2683149999999999,0.9208620000000001,SVK,MEX,8947
1799235,208,138,1412,2004.0,28750.0,16764.0,2.105611,0.707843,SWE,MEX,8947
1799236,216,138,1412,2004.0,3976432.0,14924.0,0.633501,1.4648290000000002,THA,MEX,8947
1799237,222,138,1412,2004.0,0.0,15147.0,-0.108049,-0.923523,TTO,MEX,8947
1799238,224,138,1412,2004.0,1356.0,55230.0,0.249065,1.910598,TUR,MEX,8947
1799239,228,138,1412,2004.0,4855.0,58903.0,0.672848,1.172735,UKR,MEX,8947
1799240,230,138,1412,2004.0,0.0,11844.0,-0.051583000000000004,0.145056,URY,MEX,8947
1799241,231,138,1412,2004.0,75070624.0,200840544.0,1.818327,-0.17913900000000002,USA,MEX,8947
1799242,236,138,1412,2004.0,61887.0,191441.0,-0.41193900000000006,-0.9578899999999999,VEN,MEX,8947
1799243,239,138,1412,2004.0,1105056.0,0.0,-0.46875500000000003,0.734412,VNM,MEX,8947
1799244,246,138,1412,2004.0,0.0,135241.0,0.29599699999999995,1.909018,ZAF,MEX,8947
1799245,249,138,1412,2004.0,9384163.0,48451.0,1.8844150000000002,1.257951,TWN,MEX,8947
1799246,250,138,1412,2004.0,172176.0,0.0,0.46240200000000004,-0.406624,ANS,MEX,8947
1799247,7,153,1412,2004.0,9185.0,353804.0,-0.10993399999999999,-0.5351640000000001,ARE,MYS,8947
1799248,8,153,1412,2004.0,2478.0,46368.0,-0.070845,0.879574,ARG,MYS,8947
1799249,10,153,1412,2004.0,0.0,1534.0,1.0764479999999998,0.678424,ASM,MYS,8947
1799250,14,153,1412,2004.0,397859.0,6440296.0,-0.198735,0.81543,AUS,MYS,8947
1799251,15,153,1412,2004.0,68787.0,900555.0,1.958949,0.209296,AUT,MYS,8947
1799252,18,153,1412,2004.0,153966.0,1346192.0,1.242665,1.541444,BEL,MYS,8947
1799253,22,153,1412,2004.0,32876.0,67976.0,-1.074194,-0.9392389999999999,BGD,MYS,8947
1799254,23,153,1412,2004.0,7289.0,4227.0,0.390627,1.631006,BGR,MYS,8947
1799255,24,153,1412,2004.0,0.0,13624.0,-0.551237,-1.174628,BHR,MYS,8947
1799256,32,153,1412,2004.0,75510.0,13092.0,0.504233,1.567879,BRA,MYS,8947
1799257,34,153,1412,2004.0,1627.0,454201.0,-0.720827,-0.964435,BRN,MYS,8947
1799258,39,153,1412,2004.0,65341.0,2564798.0,0.781591,1.365966,CAN,MYS,8947
1799259,41,153,1412,2004.0,2553294.0,182466.0,2.234603,0.551975,CHE,MYS,8947
1799260,42,153,1412,2004.0,0.0,24799.0,-0.24101399999999998,-0.303103,CHL,MYS,8947
1799261,43,153,1412,2004.0,23113392.0,717375.0,0.710603,2.017234,CHN,MYS,8947
1799262,44,153,1412,2004.0,0.0,3702.0,-0.835933,-0.749289,CIV,MYS,8947
1799263,49,153,1412,2004.0,0.0,3393.0,0.044706,0.514304,COL,MYS,8947
1799264,52,153,1412,2004.0,0.0,4589.0,-0.036323,-0.313847,CRI,MYS,8947
1799265,58,153,1412,2004.0,0.0,16867.0,0.42732200000000004,0.811763,CYP,MYS,8947
1799266,59,153,1412,2004.0,2380.0,230934.0,1.612543,0.607495,CZE,MYS,8947
1799267,61,153,1412,2004.0,301299.0,4181680.0,2.4453099999999997,-2.331761,DEU,MYS,8947
1799268,64,153,1412,2004.0,0.0,687682.0,1.309074,1.2627979999999999,DNK,MYS,8947
1799269,66,153,1412,2004.0,0.0,3048.0,-1.166661,-1.2240879999999998,DZA,MYS,8947
1799270,67,153,1412,2004.0,0.0,8059.0,-0.990727,-0.9383090000000001,ECU,MYS,8947
1799271,68,153,1412,2004.0,0.0,8787.0,-0.35823499999999997,0.5000100000000001,EGY,MYS,8947
1799272,71,153,1412,2004.0,72322.0,1530902.0,1.04057,1.789023,ESP,MYS,8947
1799273,72,153,1412,2004.0,0.0,28551.0,0.645741,1.035117,EST,MYS,8947
1799274,74,153,1412,2004.0,74142.0,572779.0,1.9662810000000002,1.018108,FIN,MYS,8947
1799275,75,153,1412,2004.0,0.0,1214.0,-0.793333,-0.27460100000000004,FJI,MYS,8947
1799276,77,153,1412,2004.0,475919.0,3880640.0,1.57079,0.6776760000000001,FRA,MYS,8947
1799277,81,153,1412,2004.0,470361.0,2370270.0,1.872987,0.734065,GBR,MYS,8947
1799278,90,153,1412,2004.0,0.0,108817.0,0.298029,1.745886,GRC,MYS,8947
1799279,95,153,1412,2004.0,0.0,10646.0,0.136164,-0.616118,GUM,MYS,8947
1799280,97,153,1412,2004.0,5581061.0,1291364.0,0.72816,1.403171,HKG,MYS,8947
1799281,100,153,1412,2004.0,0.0,6200.0,0.744459,1.1994479999999998,HRV,MYS,8947
1799282,102,153,1412,2004.0,58017.0,129655.0,1.3579370000000002,0.9993219999999999,HUN,MYS,8947
1799283,103,153,1412,2004.0,607178.0,699124.0,0.010095999999999999,1.7413779999999999,IDN,MYS,8947
1799284,104,153,1412,2004.0,405087.0,416284.0,0.20872,2.817307,IND,MYS,8947
1799285,106,153,1412,2004.0,14515.0,673697.0,1.498475,0.19050799999999998,IRL,MYS,8947
1799286,107,153,1412,2004.0,0.0,260381.0,-0.6691699999999999,-1.002548,IRN,MYS,8947
1799287,109,153,1412,2004.0,0.0,8698.0,0.107901,-0.41223699999999996,ISL,MYS,8947
1799288,110,153,1412,2004.0,0.0,1646.0,1.252895,0.8662770000000001,ISR,MYS,8947
1799289,111,153,1412,2004.0,3835194.0,1280196.0,1.440372,0.676068,ITA,MYS,8947
1799290,113,153,1412,2004.0,0.0,5496.0,0.16384200000000002,0.34270100000000003,JOR,MYS,8947
1799291,114,153,1412,2004.0,13521852.0,14984714.0,2.756136,0.15545,JPN,MYS,8947
1799292,116,153,1412,2004.0,0.0,87721.0,-0.565597,0.182375,KEN,MYS,8947
1799293,118,153,1412,2004.0,0.0,24862.0,-1.145227,-1.19179,KHM,MYS,8947
1799294,121,153,1412,2004.0,2060404.0,4278860.0,1.481275,0.7859,KOR,MYS,8947
1799295,122,153,1412,2004.0,0.0,17662.0,-0.8195479999999999,-1.2105709999999998,KWT,MYS,8947
1799296,124,153,1412,2004.0,0.0,14680.0,0.269753,1.3152979999999999,LBN,MYS,8947
1799297,128,153,1412,2004.0,0.0,214242.0,-0.42450299999999996,0.173518,LKA,MYS,8947
1799298,130,153,1412,2004.0,1961.0,29503.0,0.341521,0.7971560000000001,LTU,MYS,8947
1799299,132,153,1412,2004.0,0.0,2507.0,0.415001,0.8476809999999999,LVA,MYS,8947
1799300,133,153,1412,2004.0,9242.0,18016.0,-0.12333599999999999,-0.600164,MAC,MYS,8947
1799301,134,153,1412,2004.0,0.0,2519.0,-0.626594,-0.22253499999999998,MAR,MYS,8947
1799302,137,153,1412,2004.0,0.0,27063.0,-0.44303000000000003,-0.841744,MDV,MYS,8947
1799303,138,153,1412,2004.0,109668.0,232006.0,1.183707,0.9043700000000001,MEX,MYS,8947
1799304,141,153,1412,2004.0,0.0,68082.0,-0.5807979999999999,-0.797311,MLI,MYS,8947
1799305,143,153,1412,2004.0,0.0,316680.0,-1.048261,-0.828443,MMR,MYS,8947
1799306,151,153,1412,2004.0,0.0,7628.0,-0.161262,-0.29730300000000004,MUS,MYS,8947
1799307,156,153,1412,2004.0,0.0,3452.0,-0.279566,-0.860456,NCL,MYS,8947
1799308,162,153,1412,2004.0,127944.0,10684039.0,1.171327,1.6369799999999999,NLD,MYS,8947
1799309,163,153,1412,2004.0,0.0,439446.0,0.731175,-0.0655,NOR,MYS,8947
1799310,164,153,1412,2004.0,0.0,9329.0,-0.16800199999999998,0.541976,NPL,MYS,8947
1799311,166,153,1412,2004.0,64314.0,849820.0,0.44099099999999997,0.968326,NZL,MYS,8947
1799312,168,153,1412,2004.0,898495.0,94204.0,-0.7489600000000001,0.22493200000000002,PAK,MYS,8947
1799313,173,153,1412,2004.0,0.0,23491.0,-0.609837,0.13314,PER,MYS,8947
1799314,174,153,1412,2004.0,255614.0,543828.0,0.288786,-0.25348699999999996,PHL,MYS,8947
1799315,176,153,1412,2004.0,0.0,7922.0,-1.57259,-1.215066,PNG,MYS,8947
1799316,177,153,1412,2004.0,10245.0,243978.0,0.989568,1.49055,POL,MYS,8947
1799317,179,153,1412,2004.0,10930.0,113632.0,0.705075,1.7268729999999999,PRT,MYS,8947
1799318,180,153,1412,2004.0,0.0,1786.0,-0.634469,-0.870034,PRY,MYS,8947
1799319,182,153,1412,2004.0,0.0,15488.0,-0.125349,-0.718282,PYF,MYS,8947
1799320,183,153,1412,2004.0,0.0,78392.0,0.018141,-1.03766,QAT,MYS,8947
1799321,185,153,1412,2004.0,0.0,32763.0,0.53925,1.145066,ROU,MYS,8947
1799322,186,153,1412,2004.0,0.0,322921.0,0.422803,0.017524,RUS,MYS,8947
1799323,188,153,1412,2004.0,0.0,158441.0,0.361324,-0.760732,SAU,MYS,8947
1799324,189,153,1412,2004.0,0.0,2613.0,0.544686,2.418024,SCG,MYS,8947
1799325,190,153,1412,2004.0,0.0,12865.0,-1.503552,-1.253193,SDN,MYS,8947
1799326,192,153,1412,2004.0,8550648.0,12867218.0,1.804502,0.570084,SGP,MYS,8947
1799327,206,153,1412,2004.0,264582.0,14774.0,1.2683149999999999,0.9208620000000001,SVK,MYS,8947
1799328,207,153,1412,2004.0,0.0,16471.0,1.700677,0.829765,SVN,MYS,8947
1799329,208,153,1412,2004.0,502329.0,1015010.0,2.105611,0.707843,SWE,MYS,8947
1799330,211,153,1412,2004.0,0.0,1648.0,-0.585828,-0.768388,SYC,MYS,8947
1799331,216,153,1412,2004.0,955928.0,1557267.0,0.633501,1.4648290000000002,THA,MYS,8947
1799332,224,153,1412,2004.0,0.0,121897.0,0.249065,1.910598,TUR,MYS,8947
1799333,228,153,1412,2004.0,0.0,18328.0,0.672848,1.172735,UKR,MYS,8947
1799334,230,153,1412,2004.0,0.0,1284.0,-0.051583000000000004,0.145056,URY,MYS,8947
1799335,231,153,1412,2004.0,6680384.0,28038204.0,1.818327,-0.17913900000000002,USA,MYS,8947
1799336,232,153,1412,2004.0,0.0,7178.0,-0.518472,-0.7689779999999999,UZB,MYS,8947
1799337,236,153,1412,2004.0,0.0,1385.0,-0.41193900000000006,-0.9578899999999999,VEN,MYS,8947
1799338,239,153,1412,2004.0,416134.0,995092.0,-0.46875500000000003,0.734412,VNM,MYS,8947
1799339,243,153,1412,2004.0,0.0,11908.0,-1.298227,-1.2496639999999999,YEM,MYS,8947
1799340,246,153,1412,2004.0,0.0,1695398.0,0.29599699999999995,1.909018,ZAF,MYS,8947
1799341,249,153,1412,2004.0,6352088.0,1655485.0,1.8844150000000002,1.257951,TWN,MYS,8947
1799342,0,162,1412,2004.0,0.0,381938.0,0.074978,-0.8537239999999999,ABW,NLD,8947
1799343,1,162,1412,2004.0,0.0,3732.0,-0.8890309999999999,-0.773602,AFG,NLD,8947
1799344,2,162,1412,2004.0,0.0,2488.0,-0.8688110000000001,-1.198692,AGO,NLD,8947
1799345,4,162,1412,2004.0,0.0,1334.0,-0.142479,0.136074,ALB,NLD,8947
1799346,5,162,1412,2004.0,0.0,56095.0,1.122154,0.958434,AND,NLD,8947
1799347,6,162,1412,2004.0,15387.0,470268.0,0.080304,-0.634516,ANT,NLD,8947
1799348,7,162,1412,2004.0,7161.0,4751070.0,-0.10993399999999999,-0.5351640000000001,ARE,NLD,8947
1799349,8,162,1412,2004.0,160583.0,91460.0,-0.070845,0.879574,ARG,NLD,8947
1799350,14,162,1412,2004.0,710791.0,537074.0,-0.198735,0.81543,AUS,NLD,8947
1799351,15,162,1412,2004.0,8574617.0,5270851.0,1.958949,0.209296,AUT,NLD,8947
1799352,16,162,1412,2004.0,0.0,49644.0,-0.720616,-1.009692,AZE,NLD,8947
1799353,17,162,1412,2004.0,0.0,3561.0,-1.084376,-1.020132,BDI,NLD,8947
1799354,18,162,1412,2004.0,40681704.0,53009620.0,1.242665,1.541444,BEL,NLD,8947
1799355,22,162,1412,2004.0,10443.0,1052.0,-1.074194,-0.9392389999999999,BGD,NLD,8947
1799356,23,162,1412,2004.0,211967.0,558304.0,0.390627,1.631006,BGR,NLD,8947
1799357,24,162,1412,2004.0,0.0,57968.0,-0.551237,-1.174628,BHR,NLD,8947
1799358,26,162,1412,2004.0,2237.0,55290.0,0.45637,0.6154470000000001,BIH,NLD,8947
1799359,28,162,1412,2004.0,0.0,179360.0,0.9384239999999999,0.9708690000000001,BLR,NLD,8947
1799360,31,162,1412,2004.0,0.0,2225.0,-0.841087,-0.770059,BOL,NLD,8947
1799361,32,162,1412,2004.0,9870.0,32808.0,0.504233,1.567879,BRA,NLD,8947
1799362,34,162,1412,2004.0,0.0,5915.0,-0.720827,-0.964435,BRN,NLD,8947
1799363,39,162,1412,2004.0,3321897.0,961988.0,0.781591,1.365966,CAN,NLD,8947
1799364,41,162,1412,2004.0,955465.0,10755353.0,2.234603,0.551975,CHE,NLD,8947
1799365,42,162,1412,2004.0,96687.0,10927.0,-0.24101399999999998,-0.303103,CHL,NLD,8947
1799366,43,162,1412,2004.0,116611984.0,5884856.0,0.710603,2.017234,CHN,NLD,8947
1799367,44,162,1412,2004.0,3686.0,39818.0,-0.835933,-0.749289,CIV,NLD,8947
1799368,45,162,1412,2004.0,0.0,2194.0,-1.380149,-1.220501,CMR,NLD,8947
1799369,49,162,1412,2004.0,46474.0,0.0,0.044706,0.514304,COL,NLD,8947
1799370,51,162,1412,2004.0,0.0,17563.0,-0.291469,-0.6426850000000001,CPV,NLD,8947
1799371,52,162,1412,2004.0,0.0,26789.0,-0.036323,-0.313847,CRI,NLD,8947
1799372,54,162,1412,2004.0,2387.0,67470.0,-0.16826,-0.644388,CUB,NLD,8947
1799373,58,162,1412,2004.0,0.0,173463.0,0.42732200000000004,0.811763,CYP,NLD,8947
1799374,59,162,1412,2004.0,5172383.0,2703213.0,1.612543,0.607495,CZE,NLD,8947
1799375,61,162,1412,2004.0,43199744.0,62947088.0,2.4453099999999997,-2.331761,DEU,NLD,8947
1799376,64,162,1412,2004.0,7479894.0,7435468.0,1.309074,1.2627979999999999,DNK,NLD,8947
1799377,65,162,1412,2004.0,69757.0,0.0,-0.24909699999999999,-0.326783,DOM,NLD,8947
1799378,66,162,1412,2004.0,0.0,82186.0,-1.166661,-1.2240879999999998,DZA,NLD,8947
1799379,67,162,1412,2004.0,0.0,45661.0,-0.990727,-0.9383090000000001,ECU,NLD,8947
1799380,68,162,1412,2004.0,0.0,1228986.0,-0.35823499999999997,0.5000100000000001,EGY,NLD,8947
1799381,71,162,1412,2004.0,5571828.0,16154806.0,1.04057,1.789023,ESP,NLD,8947
1799382,72,162,1412,2004.0,341369.0,269106.0,0.645741,1.035117,EST,NLD,8947
1799383,73,162,1412,2004.0,0.0,10329.0,-1.202444,-0.8973120000000001,ETH,NLD,8947
1799384,74,162,1412,2004.0,3994599.0,3044256.0,1.9662810000000002,1.018108,FIN,NLD,8947
1799385,77,162,1412,2004.0,18205342.0,21427096.0,1.57079,0.6776760000000001,FRA,NLD,8947
1799386,78,162,1412,2004.0,3051.0,9103.0,-1.127967,-1.002561,FRO,NLD,8947
1799387,80,162,1412,2004.0,0.0,2130.0,-1.006071,-1.212338,GAB,NLD,8947
1799388,81,162,1412,2004.0,36606112.0,55460764.0,1.872987,0.734065,GBR,NLD,8947
1799389,82,162,1412,2004.0,0.0,126342.0,-0.030676,-0.560186,GEO,NLD,8947
1799390,83,162,1412,2004.0,0.0,24732.0,-1.015073,-0.9147069999999999,GHA,NLD,8947
1799391,90,162,1412,2004.0,30780.0,1709135.0,0.298029,1.745886,GRC,NLD,8947
1799392,91,162,1412,2004.0,0.0,1976.0,0.426058,-0.30841799999999997,GRD,NLD,8947
1799393,92,162,1412,2004.0,0.0,5187.0,-1.152664,-0.986844,GRL,NLD,8947
1799394,93,162,1412,2004.0,14224.0,1316.0,-0.39399,0.139128,GTM,NLD,8947
1799395,97,162,1412,2004.0,11413274.0,3474550.0,0.72816,1.403171,HKG,NLD,8947
1799396,100,162,1412,2004.0,13588.0,1198733.0,0.744459,1.1994479999999998,HRV,NLD,8947
1799397,101,162,1412,2004.0,0.0,2488.0,-0.919434,-0.9868950000000001,HTI,NLD,8947
1799398,102,162,1412,2004.0,2664991.0,2035930.0,1.3579370000000002,0.9993219999999999,HUN,NLD,8947
1799399,103,162,1412,2004.0,525356.0,26854.0,0.010095999999999999,1.7413779999999999,IDN,NLD,8947
1799400,104,162,1412,2004.0,2411424.0,115321.0,0.20872,2.817307,IND,NLD,8947
1799401,106,162,1412,2004.0,1656987.0,3350404.0,1.498475,0.19050799999999998,IRL,NLD,8947
1799402,107,162,1412,2004.0,1400.0,50718.0,-0.6691699999999999,-1.002548,IRN,NLD,8947
1799403,109,162,1412,2004.0,1183.0,443888.0,0.107901,-0.41223699999999996,ISL,NLD,8947
1799404,110,162,1412,2004.0,1205905.0,698058.0,1.252895,0.8662770000000001,ISR,NLD,8947
1799405,111,162,1412,2004.0,29005628.0,22591040.0,1.440372,0.676068,ITA,NLD,8947
1799406,113,162,1412,2004.0,0.0,40086.0,0.16384200000000002,0.34270100000000003,JOR,NLD,8947
1799407,114,162,1412,2004.0,5049246.0,2150860.0,2.756136,0.15545,JPN,NLD,8947
1799408,115,162,1412,2004.0,0.0,51251.0,-0.43987200000000004,-0.50862,KAZ,NLD,8947
1799409,116,162,1412,2004.0,7099.0,38932.0,-0.565597,0.182375,KEN,NLD,8947
1799410,117,162,1412,2004.0,0.0,5553.0,-0.263776,0.503736,KGZ,NLD,8947
1799411,118,162,1412,2004.0,0.0,104011.0,-1.145227,-1.19179,KHM,NLD,8947
1799412,121,162,1412,2004.0,4847677.0,844226.0,1.481275,0.7859,KOR,NLD,8947
1799413,122,162,1412,2004.0,0.0,378564.0,-0.8195479999999999,-1.2105709999999998,KWT,NLD,8947
1799414,124,162,1412,2004.0,0.0,2647826.0,0.269753,1.3152979999999999,LBN,NLD,8947
1799415,126,162,1412,2004.0,0.0,19905.0,-0.895142,-1.211141,LBY,NLD,8947
1799416,128,162,1412,2004.0,202398.0,0.0,-0.42450299999999996,0.173518,LKA,NLD,8947
1799417,130,162,1412,2004.0,17834.0,337432.0,0.341521,0.7971560000000001,LTU,NLD,8947
1799418,131,162,1412,2004.0,962101.0,1223440.0,1.258828,1.079923,LUX,NLD,8947
1799419,132,162,1412,2004.0,16464.0,388925.0,0.415001,0.8476809999999999,LVA,NLD,8947
1799420,134,162,1412,2004.0,11798.0,42307.0,-0.626594,-0.22253499999999998,MAR,NLD,8947
1799421,135,162,1412,2004.0,0.0,12019.0,-0.13031900000000002,-0.118591,MDA,NLD,8947
1799422,136,162,1412,2004.0,0.0,2357.0,-1.1010799999999998,-0.7367859999999999,MDG,NLD,8947
1799423,137,162,1412,2004.0,0.0,20649.0,-0.44303000000000003,-0.841744,MDV,NLD,8947
1799424,138,162,1412,2004.0,104828.0,253432.0,1.183707,0.9043700000000001,MEX,NLD,8947
1799425,140,162,1412,2004.0,0.0,74418.0,-0.120439,0.27624899999999997,MKD,NLD,8947
1799426,142,162,1412,2004.0,4577.0,67346.0,1.2290379999999999,-0.025372,MLT,NLD,8947
1799427,151,162,1412,2004.0,0.0,13280.0,-0.161262,-0.29730300000000004,MUS,NLD,8947
1799428,152,162,1412,2004.0,1427.0,0.0,-1.233417,-1.071204,MWI,NLD,8947
1799429,153,162,1412,2004.0,10684039.0,127944.0,1.250098,0.352379,MYS,NLD,8947
1799430,156,162,1412,2004.0,0.0,13405.0,-0.279566,-0.860456,NCL,NLD,8947
1799431,159,162,1412,2004.0,0.0,30064.0,-2.336753,-1.350375,NGA,NLD,8947
1799432,163,162,1412,2004.0,185755.0,2519606.0,0.731175,-0.0655,NOR,NLD,8947
1799433,166,162,1412,2004.0,809267.0,156705.0,0.44099099999999997,0.968326,NZL,NLD,8947
1799434,167,162,1412,2004.0,0.0,6209.0,-0.707862,-1.187629,OMN,NLD,8947
1799435,168,162,1412,2004.0,10189045.0,17275.0,-0.7489600000000001,0.22493200000000002,PAK,NLD,8947
1799436,169,162,1412,2004.0,176135.0,0.0,0.054997000000000004,0.440416,PAN,NLD,8947
1799437,173,162,1412,2004.0,0.0,112438.0,-0.609837,0.13314,PER,NLD,8947
1799438,174,162,1412,2004.0,10180785.0,33831.0,0.288786,-0.25348699999999996,PHL,NLD,8947
1799439,176,162,1412,2004.0,0.0,3553.0,-1.57259,-1.215066,PNG,NLD,8947
1799440,177,162,1412,2004.0,4248908.0,1628410.0,0.989568,1.49055,POL,NLD,8947
1799441,178,162,1412,2004.0,3055.0,2488.0,0.695376,0.9732209999999999,PRK,NLD,8947
1799442,179,162,1412,2004.0,98844.0,3976451.0,0.705075,1.7268729999999999,PRT,NLD,8947
1799443,182,162,1412,2004.0,0.0,10138.0,-0.125349,-0.718282,PYF,NLD,8947
1799444,183,162,1412,2004.0,0.0,287950.0,0.018141,-1.03766,QAT,NLD,8947
1799445,185,162,1412,2004.0,705668.0,758489.0,0.53925,1.145066,ROU,NLD,8947
1799446,186,162,1412,2004.0,58590.0,6559282.0,0.422803,0.017524,RUS,NLD,8947
1799447,187,162,1412,2004.0,0.0,1871.0,-1.3090190000000002,-1.063632,RWA,NLD,8947
1799448,188,162,1412,2004.0,0.0,315968.0,0.361324,-0.760732,SAU,NLD,8947
1799449,189,162,1412,2004.0,39318.0,994972.0,0.544686,2.418024,SCG,NLD,8947
1799450,190,162,1412,2004.0,0.0,3886.0,-1.503552,-1.253193,SDN,NLD,8947
1799451,192,162,1412,2004.0,1133178.0,291847.0,1.804502,0.570084,SGP,NLD,8947
1799452,196,162,1412,2004.0,0.0,4976.0,0.43205699999999997,0.068877,SLE,NLD,8947
1799453,197,162,1412,2004.0,1149.0,5233.0,-0.21054299999999998,0.086382,SLV,NLD,8947
1799454,198,162,1412,2004.0,0.0,1244.0,1.530337,0.719013,SMR,NLD,8947
1799455,205,162,1412,2004.0,0.0,214969.0,-1.056251,-1.0234590000000001,SUR,NLD,8947
1799456,206,162,1412,2004.0,35760.0,515854.0,1.2683149999999999,0.9208620000000001,SVK,NLD,8947
1799457,207,162,1412,2004.0,222936.0,535458.0,1.700677,0.829765,SVN,NLD,8947
1799458,208,162,1412,2004.0,2028682.0,7659511.0,2.105611,0.707843,SWE,NLD,8947
1799459,211,162,1412,2004.0,0.0,5004.0,-0.585828,-0.768388,SYC,NLD,8947
1799460,212,162,1412,2004.0,0.0,16611.0,-0.698545,-0.111323,SYR,NLD,8947
1799461,215,162,1412,2004.0,0.0,3530.0,-0.569621,-0.533211,TGO,NLD,8947
1799462,216,162,1412,2004.0,5088478.0,130569.0,0.633501,1.4648290000000002,THA,NLD,8947
1799463,217,162,1412,2004.0,0.0,16172.0,-0.805571,-1.077194,TJK,NLD,8947
1799464,223,162,1412,2004.0,183031.0,97055.0,-0.125092,0.370625,TUN,NLD,8947
1799465,224,162,1412,2004.0,143996.0,1024435.0,0.249065,1.910598,TUR,NLD,8947
1799466,227,162,1412,2004.0,2260.0,0.0,-1.05367,-0.546304,UGA,NLD,8947
1799467,228,162,1412,2004.0,25763.0,869742.0,0.672848,1.172735,UKR,NLD,8947
1799468,230,162,1412,2004.0,0.0,22110.0,-0.051583000000000004,0.145056,URY,NLD,8947
1799469,231,162,1412,2004.0,67532304.0,19998554.0,1.818327,-0.17913900000000002,USA,NLD,8947
1799470,236,162,1412,2004.0,3167.0,0.0,-0.41193900000000006,-0.9578899999999999,VEN,NLD,8947
1799471,239,162,1412,2004.0,1818192.0,36443.0,-0.46875500000000003,0.734412,VNM,NLD,8947
1799472,246,162,1412,2004.0,148591.0,1062199.0,0.29599699999999995,1.909018,ZAF,NLD,8947
1799473,247,162,1412,2004.0,0.0,2532.0,-0.8752479999999999,-0.784285,ZMB,NLD,8947
1799474,248,162,1412,2004.0,0.0,10063.0,-0.44064799999999993,0.01704,ZWE,NLD,8947
1799475,249,162,1412,2004.0,24627060.0,311896.0,1.8844150000000002,1.257951,TWN,NLD,8947
1799476,250,162,1412,2004.0,7579.0,27056.0,0.46240200000000004,-0.406624,ANS,NLD,8947
1799477,0,166,1412,2004.0,0.0,4534.0,0.074978,-0.8537239999999999,ABW,NZL,8947
1799478,7,166,1412,2004.0,14470.0,39984.0,-0.10993399999999999,-0.5351640000000001,ARE,NZL,8947
1799479,8,166,1412,2004.0,15317.0,20436.0,-0.070845,0.879574,ARG,NZL,8947
1799480,10,166,1412,2004.0,0.0,9463.0,1.0764479999999998,0.678424,ASM,NZL,8947
1799481,14,166,1412,2004.0,13837618.0,5428750.0,-0.198735,0.81543,AUS,NZL,8947
1799482,15,166,1412,2004.0,1155551.0,3544.0,1.958949,0.209296,AUT,NZL,8947
1799483,17,166,1412,2004.0,0.0,4778.0,-1.084376,-1.020132,BDI,NZL,8947
1799484,18,166,1412,2004.0,113880.0,10558.0,1.242665,1.541444,BEL,NZL,8947
1799485,22,166,1412,2004.0,2614.0,4346.0,-1.074194,-0.9392389999999999,BGD,NZL,8947
1799486,24,166,1412,2004.0,0.0,1201.0,-0.551237,-1.174628,BHR,NZL,8947
1799487,30,166,1412,2004.0,0.0,2985.0,0.67576,-0.49529799999999996,BMU,NZL,8947
1799488,32,166,1412,2004.0,4063.0,44462.0,0.504233,1.567879,BRA,NZL,8947
1799489,33,166,1412,2004.0,0.0,1850.0,0.644308,0.290054,BRB,NZL,8947
1799490,34,166,1412,2004.0,0.0,3447.0,-0.720827,-0.964435,BRN,NZL,8947
1799491,39,166,1412,2004.0,1332530.0,116661.0,0.781591,1.365966,CAN,NZL,8947
1799492,41,166,1412,2004.0,249605.0,50811.0,2.234603,0.551975,CHE,NZL,8947
1799493,42,166,1412,2004.0,0.0,20740.0,-0.24101399999999998,-0.303103,CHL,NZL,8947
1799494,43,166,1412,2004.0,12079541.0,13523.0,0.710603,2.017234,CHN,NZL,8947
1799495,48,166,1412,2004.0,0.0,180029.0,0.24186799999999997,-0.599005,COK,NZL,8947
1799496,58,166,1412,2004.0,0.0,1231.0,0.42732200000000004,0.811763,CYP,NZL,8947
1799497,59,166,1412,2004.0,149093.0,4350.0,1.612543,0.607495,CZE,NZL,8947
1799498,61,166,1412,2004.0,760837.0,457384.0,2.4453099999999997,-2.331761,DEU,NZL,8947
1799499,64,166,1412,2004.0,211484.0,38396.0,1.309074,1.2627979999999999,DNK,NZL,8947
1799500,68,166,1412,2004.0,0.0,1795.0,-0.35823499999999997,0.5000100000000001,EGY,NZL,8947
1799501,71,166,1412,2004.0,313094.0,81005.0,1.04057,1.789023,ESP,NZL,8947
1799502,72,166,1412,2004.0,131045.0,4005.0,0.645741,1.035117,EST,NZL,8947
1799503,74,166,1412,2004.0,251931.0,37508.0,1.9662810000000002,1.018108,FIN,NZL,8947
1799504,75,166,1412,2004.0,1584.0,451194.0,-0.793333,-0.27460100000000004,FJI,NZL,8947
1799505,77,166,1412,2004.0,1953948.0,200557.0,1.57079,0.6776760000000001,FRA,NZL,8947
1799506,81,166,1412,2004.0,1321854.0,1267412.0,1.872987,0.734065,GBR,NZL,8947
1799507,83,166,1412,2004.0,0.0,1092.0,-1.015073,-0.9147069999999999,GHA,NZL,8947
1799508,90,166,1412,2004.0,0.0,13197.0,0.298029,1.745886,GRC,NZL,8947
1799509,95,166,1412,2004.0,0.0,3862.0,0.136164,-0.616118,GUM,NZL,8947
1799510,97,166,1412,2004.0,1056784.0,67392.0,0.72816,1.403171,HKG,NZL,8947
1799511,102,166,1412,2004.0,8844.0,7105.0,1.3579370000000002,0.9993219999999999,HUN,NZL,8947
1799512,103,166,1412,2004.0,162648.0,3797.0,0.010095999999999999,1.7413779999999999,IDN,NZL,8947
1799513,104,166,1412,2004.0,998554.0,3231.0,0.20872,2.817307,IND,NZL,8947
1799514,106,166,1412,2004.0,7323.0,2439.0,1.498475,0.19050799999999998,IRL,NZL,8947
1799515,109,166,1412,2004.0,0.0,1372.0,0.107901,-0.41223699999999996,ISL,NZL,8947
1799516,110,166,1412,2004.0,3524.0,3266.0,1.252895,0.8662770000000001,ISR,NZL,8947
1799517,111,166,1412,2004.0,2075592.0,104496.0,1.440372,0.676068,ITA,NZL,8947
1799518,114,166,1412,2004.0,1269079.0,600158.0,2.756136,0.15545,JPN,NZL,8947
1799519,119,166,1412,2004.0,0.0,17888.0,-0.21806399999999998,-0.797764,KIR,NZL,8947
1799520,121,166,1412,2004.0,622936.0,58111.0,1.481275,0.7859,KOR,NZL,8947
1799521,124,166,1412,2004.0,1496.0,0.0,0.269753,1.3152979999999999,LBN,NZL,8947
1799522,128,166,1412,2004.0,108877.0,0.0,-0.42450299999999996,0.173518,LKA,NZL,8947
1799523,130,166,1412,2004.0,1337.0,0.0,0.341521,0.7971560000000001,LTU,NZL,8947
1799524,131,166,1412,2004.0,2438.0,0.0,1.258828,1.079923,LUX,NZL,8947
1799525,134,166,1412,2004.0,3587.0,0.0,-0.626594,-0.22253499999999998,MAR,NZL,8947
1799526,137,166,1412,2004.0,0.0,5805.0,-0.44303000000000003,-0.841744,MDV,NZL,8947
1799527,138,166,1412,2004.0,84223.0,5384.0,1.183707,0.9043700000000001,MEX,NZL,8947
1799528,139,166,1412,2004.0,0.0,114642.0,-0.712684,-0.88944,MHL,NZL,8947
1799529,151,166,1412,2004.0,0.0,109061.0,-0.161262,-0.29730300000000004,MUS,NZL,8947
1799530,153,166,1412,2004.0,849820.0,64314.0,1.250098,0.352379,MYS,NZL,8947
1799531,156,166,1412,2004.0,0.0,194611.0,-0.279566,-0.860456,NCL,NZL,8947
1799532,158,166,1412,2004.0,0.0,8004.0,1.2421200000000001,-0.40618899999999997,NFK,NZL,8947
1799533,161,166,1412,2004.0,0.0,26329.0,1.3959290000000002,-0.19406099999999998,NIU,NZL,8947
1799534,162,166,1412,2004.0,156705.0,809267.0,1.171327,1.6369799999999999,NLD,NZL,8947
1799535,163,166,1412,2004.0,365013.0,15835.0,0.731175,-0.0655,NOR,NZL,8947
1799536,167,166,1412,2004.0,0.0,7045.0,-0.707862,-1.187629,OMN,NZL,8947
1799537,168,166,1412,2004.0,428010.0,1838.0,-0.7489600000000001,0.22493200000000002,PAK,NZL,8947
1799538,173,166,1412,2004.0,0.0,3912.0,-0.609837,0.13314,PER,NZL,8947
1799539,174,166,1412,2004.0,264256.0,1834.0,0.288786,-0.25348699999999996,PHL,NZL,8947
1799540,176,166,1412,2004.0,0.0,16396.0,-1.57259,-1.215066,PNG,NZL,8947
1799541,177,166,1412,2004.0,24649.0,4973.0,0.989568,1.49055,POL,NZL,8947
1799542,179,166,1412,2004.0,32270.0,3959.0,0.705075,1.7268729999999999,PRT,NZL,8947
1799543,182,166,1412,2004.0,0.0,262897.0,-0.125349,-0.718282,PYF,NZL,8947
1799544,183,166,1412,2004.0,0.0,1894.0,0.018141,-1.03766,QAT,NZL,8947
1799545,185,166,1412,2004.0,80372.0,0.0,0.53925,1.145066,ROU,NZL,8947
1799546,186,166,1412,2004.0,1172.0,0.0,0.422803,0.017524,RUS,NZL,8947
1799547,188,166,1412,2004.0,2939.0,0.0,0.361324,-0.760732,SAU,NZL,8947
1799548,192,166,1412,2004.0,442887.0,109172.0,1.804502,0.570084,SGP,NZL,8947
1799549,195,166,1412,2004.0,0.0,16764.0,-1.337367,-1.051245,SLB,NZL,8947
1799550,206,166,1412,2004.0,26445.0,0.0,1.2683149999999999,0.9208620000000001,SVK,NZL,8947
1799551,207,166,1412,2004.0,52219.0,0.0,1.700677,0.829765,SVN,NZL,8947
1799552,208,166,1412,2004.0,208153.0,50777.0,2.105611,0.707843,SWE,NZL,8947
1799553,216,166,1412,2004.0,1197444.0,15781.0,0.633501,1.4648290000000002,THA,NZL,8947
1799554,221,166,1412,2004.0,0.0,36270.0,-0.431874,-0.8715629999999999,TON,NZL,8947
1799555,223,166,1412,2004.0,26782.0,0.0,-0.125092,0.370625,TUN,NZL,8947
1799556,224,166,1412,2004.0,68475.0,0.0,0.249065,1.910598,TUR,NZL,8947
1799557,225,166,1412,2004.0,0.0,7338.0,1.8128529999999998,-0.173455,TUV,NZL,8947
1799558,228,166,1412,2004.0,7867.0,0.0,0.672848,1.172735,UKR,NZL,8947
1799559,230,166,1412,2004.0,0.0,54090.0,-0.051583000000000004,0.145056,URY,NZL,8947
1799560,231,166,1412,2004.0,18311798.0,2155137.0,1.818327,-0.17913900000000002,USA,NZL,8947
1799561,239,166,1412,2004.0,70320.0,0.0,-0.46875500000000003,0.734412,VNM,NZL,8947
1799562,240,166,1412,2004.0,0.0,62253.0,-1.284054,-1.0415809999999999,VUT,NZL,8947
1799563,241,166,1412,2004.0,0.0,7125.0,2.237209,0.203692,WLF,NZL,8947
1799564,242,166,1412,2004.0,0.0,143774.0,-0.183327,-0.6788569999999999,WSM,NZL,8947
1799565,246,166,1412,2004.0,245110.0,433659.0,0.29599699999999995,1.909018,ZAF,NZL,8947
1799566,249,166,1412,2004.0,5777516.0,72528.0,1.8844150000000002,1.257951,TWN,NZL,8947
1799567,250,166,1412,2004.0,53861.0,0.0,0.46240200000000004,-0.406624,ANS,NZL,8947
1799568,8,169,1412,2004.0,3871.0,0.0,-0.070845,0.879574,ARG,PAN,8947
1799569,15,169,1412,2004.0,20430.0,43474.0,1.958949,0.209296,AUT,PAN,8947
1799570,32,169,1412,2004.0,63366.0,0.0,0.504233,1.567879,BRA,PAN,8947
1799571,33,169,1412,2004.0,0.0,1287.0,0.644308,0.290054,BRB,PAN,8947
1799572,39,169,1412,2004.0,66266.0,0.0,0.781591,1.365966,CAN,PAN,8947
1799573,42,169,1412,2004.0,0.0,31640.0,-0.24101399999999998,-0.303103,CHL,PAN,8947
1799574,43,169,1412,2004.0,5056922.0,0.0,0.710603,2.017234,CHN,PAN,8947
1799575,49,169,1412,2004.0,60799.0,14564.0,0.044706,0.514304,COL,PAN,8947
1799576,52,169,1412,2004.0,164219.0,119325.0,-0.036323,-0.313847,CRI,PAN,8947
1799577,54,169,1412,2004.0,0.0,78774.0,-0.16826,-0.644388,CUB,PAN,8947
1799578,61,169,1412,2004.0,3416.0,0.0,2.4453099999999997,-2.331761,DEU,PAN,8947
1799579,65,169,1412,2004.0,10138.0,48188.0,-0.24909699999999999,-0.326783,DOM,PAN,8947
1799580,67,169,1412,2004.0,7823.0,43975.0,-0.990727,-0.9383090000000001,ECU,PAN,8947
1799581,71,169,1412,2004.0,57244.0,26342.0,1.04057,1.789023,ESP,PAN,8947
1799582,72,169,1412,2004.0,14900.0,0.0,0.645741,1.035117,EST,PAN,8947
1799583,74,169,1412,2004.0,3333.0,18827.0,1.9662810000000002,1.018108,FIN,PAN,8947
1799584,77,169,1412,2004.0,328706.0,1982.0,1.57079,0.6776760000000001,FRA,PAN,8947
1799585,81,169,1412,2004.0,1435.0,4824.0,1.872987,0.734065,GBR,PAN,8947
1799586,91,169,1412,2004.0,0.0,7470.0,0.426058,-0.30841799999999997,GRD,PAN,8947
1799587,93,169,1412,2004.0,8958.0,603065.0,-0.39399,0.139128,GTM,PAN,8947
1799588,96,169,1412,2004.0,0.0,8199.0,-0.932802,-0.9846530000000001,GUY,PAN,8947
1799589,97,169,1412,2004.0,859633.0,0.0,0.72816,1.403171,HKG,PAN,8947
1799590,99,169,1412,2004.0,3042.0,224864.0,-0.6372140000000001,-0.453946,HND,PAN,8947
1799591,103,169,1412,2004.0,191538.0,0.0,0.010095999999999999,1.7413779999999999,IDN,PAN,8947
1799592,104,169,1412,2004.0,36650.0,0.0,0.20872,2.817307,IND,PAN,8947
1799593,111,169,1412,2004.0,432833.0,0.0,1.440372,0.676068,ITA,PAN,8947
1799594,112,169,1412,2004.0,0.0,145151.0,-0.505365,-0.9596120000000001,JAM,PAN,8947
1799595,114,169,1412,2004.0,131932.0,0.0,2.756136,0.15545,JPN,PAN,8947
1799596,120,169,1412,2004.0,0.0,2361.0,0.5528109999999999,-0.342657,KNA,PAN,8947
1799597,121,169,1412,2004.0,133184.0,0.0,1.481275,0.7859,KOR,PAN,8947
1799598,127,169,1412,2004.0,0.0,2495.0,0.31900300000000004,-0.346391,LCA,PAN,8947
1799599,138,169,1412,2004.0,188442.0,0.0,1.183707,0.9043700000000001,MEX,PAN,8947
1799600,160,169,1412,2004.0,0.0,2683.0,-1.003846,-0.697642,NIC,PAN,8947
1799601,162,169,1412,2004.0,0.0,176135.0,1.171327,1.6369799999999999,NLD,PAN,8947
1799602,163,169,1412,2004.0,0.0,1806.0,0.731175,-0.0655,NOR,PAN,8947
1799603,168,169,1412,2004.0,987749.0,0.0,-0.7489600000000001,0.22493200000000002,PAK,PAN,8947
1799604,173,169,1412,2004.0,52890.0,0.0,-0.609837,0.13314,PER,PAN,8947
1799605,174,169,1412,2004.0,33936.0,0.0,0.288786,-0.25348699999999996,PHL,PAN,8947
1799606,179,169,1412,2004.0,0.0,13509.0,0.705075,1.7268729999999999,PRT,PAN,8947
1799607,197,169,1412,2004.0,19138.0,494567.0,-0.21054299999999998,0.086382,SLV,PAN,8947
1799608,208,169,1412,2004.0,25063.0,0.0,2.105611,0.707843,SWE,PAN,8947
1799609,216,169,1412,2004.0,418443.0,0.0,0.633501,1.4648290000000002,THA,PAN,8947
1799610,222,169,1412,2004.0,0.0,69260.0,-0.108049,-0.923523,TTO,PAN,8947
1799611,230,169,1412,2004.0,0.0,10457.0,-0.051583000000000004,0.145056,URY,PAN,8947
1799612,231,169,1412,2004.0,1801664.0,32887.0,1.818327,-0.17913900000000002,USA,PAN,8947
1799613,234,169,1412,2004.0,0.0,1241.0,-0.706188,-0.9244120000000001,VCT,PAN,8947
1799614,236,169,1412,2004.0,22960.0,1128044.0,-0.41193900000000006,-0.9578899999999999,VEN,PAN,8947
1799615,249,169,1412,2004.0,877369.0,0.0,1.8844150000000002,1.257951,TWN,PAN,8947
1799616,250,169,1412,2004.0,2158268.0,0.0,0.46240200000000004,-0.406624,ANS,PAN,8947
1799617,8,173,1412,2004.0,69420.0,0.0,-0.070845,0.879574,ARG,PER,8947
1799618,14,173,1412,2004.0,12544.0,58092.0,-0.198735,0.81543,AUS,PER,8947
1799619,15,173,1412,2004.0,12234.0,0.0,1.958949,0.209296,AUT,PER,8947
1799620,18,173,1412,2004.0,11072.0,0.0,1.242665,1.541444,BEL,PER,8947
1799621,24,173,1412,2004.0,0.0,1263.0,-0.551237,-1.174628,BHR,PER,8947
1799622,31,173,1412,2004.0,4229.0,58195.0,-0.841087,-0.770059,BOL,PER,8947
1799623,32,173,1412,2004.0,185493.0,0.0,0.504233,1.567879,BRA,PER,8947
1799624,39,173,1412,2004.0,14671.0,1115.0,0.781591,1.365966,CAN,PER,8947
1799625,42,173,1412,2004.0,1284025.0,91557.0,-0.24101399999999998,-0.303103,CHL,PER,8947
1799626,43,173,1412,2004.0,3211094.0,0.0,0.710603,2.017234,CHN,PER,8947
1799627,49,173,1412,2004.0,155565.0,382380.0,0.044706,0.514304,COL,PER,8947
1799628,52,173,1412,2004.0,0.0,78915.0,-0.036323,-0.313847,CRI,PER,8947
1799629,59,173,1412,2004.0,12266.0,0.0,1.612543,0.607495,CZE,PER,8947
1799630,61,173,1412,2004.0,58802.0,0.0,2.4453099999999997,-2.331761,DEU,PER,8947
1799631,65,173,1412,2004.0,3955.0,0.0,-0.24909699999999999,-0.326783,DOM,PER,8947
1799632,67,173,1412,2004.0,0.0,186990.0,-0.990727,-0.9383090000000001,ECU,PER,8947
1799633,71,173,1412,2004.0,152139.0,26551.0,1.04057,1.789023,ESP,PER,8947
1799634,77,173,1412,2004.0,59869.0,0.0,1.57079,0.6776760000000001,FRA,PER,8947
1799635,81,173,1412,2004.0,18362.0,0.0,1.872987,0.734065,GBR,PER,8947
1799636,93,173,1412,2004.0,0.0,40811.0,-0.39399,0.139128,GTM,PER,8947
1799637,97,173,1412,2004.0,107487.0,0.0,0.72816,1.403171,HKG,PER,8947
1799638,103,173,1412,2004.0,145344.0,0.0,0.010095999999999999,1.7413779999999999,IDN,PER,8947
1799639,104,173,1412,2004.0,190756.0,0.0,0.20872,2.817307,IND,PER,8947
1799640,111,173,1412,2004.0,306597.0,2880.0,1.440372,0.676068,ITA,PER,8947
1799641,114,173,1412,2004.0,109586.0,33053.0,2.756136,0.15545,JPN,PER,8947
1799642,121,173,1412,2004.0,177849.0,0.0,1.481275,0.7859,KOR,PER,8947
1799643,134,173,1412,2004.0,5990.0,0.0,-0.626594,-0.22253499999999998,MAR,PER,8947
1799644,138,173,1412,2004.0,26370.0,61358.0,1.183707,0.9043700000000001,MEX,PER,8947
1799645,153,173,1412,2004.0,23491.0,0.0,1.250098,0.352379,MYS,PER,8947
1799646,162,173,1412,2004.0,112438.0,0.0,1.171327,1.6369799999999999,NLD,PER,8947
1799647,163,173,1412,2004.0,48454.0,0.0,0.731175,-0.0655,NOR,PER,8947
1799648,166,173,1412,2004.0,3912.0,0.0,0.44099099999999997,0.968326,NZL,PER,8947
1799649,168,173,1412,2004.0,125017.0,0.0,-0.7489600000000001,0.22493200000000002,PAK,PER,8947
1799650,169,173,1412,2004.0,0.0,52890.0,0.054997000000000004,0.440416,PAN,PER,8947
1799651,174,173,1412,2004.0,6159.0,0.0,0.288786,-0.25348699999999996,PHL,PER,8947
1799652,179,173,1412,2004.0,11605.0,0.0,0.705075,1.7268729999999999,PRT,PER,8947
1799653,197,173,1412,2004.0,0.0,13663.0,-0.21054299999999998,0.086382,SLV,PER,8947
1799654,208,173,1412,2004.0,11893.0,0.0,2.105611,0.707843,SWE,PER,8947
1799655,216,173,1412,2004.0,557427.0,0.0,0.633501,1.4648290000000002,THA,PER,8947
1799656,230,173,1412,2004.0,0.0,5025.0,-0.051583000000000004,0.145056,URY,PER,8947
1799657,231,173,1412,2004.0,2053978.0,539728.0,1.818327,-0.17913900000000002,USA,PER,8947
1799658,236,173,1412,2004.0,1746.0,35130.0,-0.41193900000000006,-0.9578899999999999,VEN,PER,8947
1799659,239,173,1412,2004.0,136568.0,0.0,-0.46875500000000003,0.734412,VNM,PER,8947
1799660,249,173,1412,2004.0,579306.0,0.0,1.8844150000000002,1.257951,TWN,PER,8947
1799661,5,174,1412,2004.0,0.0,4988.0,1.122154,0.958434,AND,PHL,8947
1799662,7,174,1412,2004.0,0.0,218666.0,-0.10993399999999999,-0.5351640000000001,ARE,PHL,8947
1799663,8,174,1412,2004.0,0.0,77590.0,-0.070845,0.879574,ARG,PHL,8947
1799664,14,174,1412,2004.0,80627.0,1771477.0,-0.198735,0.81543,AUS,PHL,8947
1799665,15,174,1412,2004.0,81038.0,402810.0,1.958949,0.209296,AUT,PHL,8947
1799666,18,174,1412,2004.0,57990.0,52139.0,1.242665,1.541444,BEL,PHL,8947
1799667,22,174,1412,2004.0,0.0,39661.0,-1.074194,-0.9392389999999999,BGD,PHL,8947
1799668,23,174,1412,2004.0,0.0,33930.0,0.390627,1.631006,BGR,PHL,8947
1799669,24,174,1412,2004.0,0.0,84939.0,-0.551237,-1.174628,BHR,PHL,8947
1799670,26,174,1412,2004.0,0.0,4229.0,0.45637,0.6154470000000001,BIH,PHL,8947
1799671,32,174,1412,2004.0,0.0,56215.0,0.504233,1.567879,BRA,PHL,8947
1799672,34,174,1412,2004.0,0.0,1174.0,-0.720827,-0.964435,BRN,PHL,8947
1799673,39,174,1412,2004.0,55363.0,1352243.0,0.781591,1.365966,CAN,PHL,8947
1799674,41,174,1412,2004.0,16384.0,953055.0,2.234603,0.551975,CHE,PHL,8947
1799675,42,174,1412,2004.0,1931.0,30843.0,-0.24101399999999998,-0.303103,CHL,PHL,8947
1799676,43,174,1412,2004.0,6838312.0,534750.0,0.710603,2.017234,CHN,PHL,8947
1799677,44,174,1412,2004.0,0.0,3186.0,-0.835933,-0.749289,CIV,PHL,8947
1799678,52,174,1412,2004.0,0.0,5277.0,-0.036323,-0.313847,CRI,PHL,8947
1799679,58,174,1412,2004.0,0.0,1948.0,0.42732200000000004,0.811763,CYP,PHL,8947
1799680,59,174,1412,2004.0,4282.0,130852.0,1.612543,0.607495,CZE,PHL,8947
1799681,61,174,1412,2004.0,115570.0,12251230.0,2.4453099999999997,-2.331761,DEU,PHL,8947
1799682,64,174,1412,2004.0,5531.0,192640.0,1.309074,1.2627979999999999,DNK,PHL,8947
1799683,65,174,1412,2004.0,0.0,6414.0,-0.24909699999999999,-0.326783,DOM,PHL,8947
1799684,68,174,1412,2004.0,0.0,96587.0,-0.35823499999999997,0.5000100000000001,EGY,PHL,8947
1799685,71,174,1412,2004.0,29935.0,539277.0,1.04057,1.789023,ESP,PHL,8947
1799686,72,174,1412,2004.0,0.0,4306.0,0.645741,1.035117,EST,PHL,8947
1799687,74,174,1412,2004.0,0.0,245084.0,1.9662810000000002,1.018108,FIN,PHL,8947
1799688,77,174,1412,2004.0,347114.0,3663026.0,1.57079,0.6776760000000001,FRA,PHL,8947
1799689,79,174,1412,2004.0,0.0,6822.0,-1.155942,-1.049955,FSM,PHL,8947
1799690,81,174,1412,2004.0,138003.0,3788094.0,1.872987,0.734065,GBR,PHL,8947
1799691,90,174,1412,2004.0,0.0,41143.0,0.298029,1.745886,GRC,PHL,8947
1799692,95,174,1412,2004.0,1717.0,8725.0,0.136164,-0.616118,GUM,PHL,8947
1799693,97,174,1412,2004.0,2036166.0,1010135.0,0.72816,1.403171,HKG,PHL,8947
1799694,100,174,1412,2004.0,0.0,55799.0,0.744459,1.1994479999999998,HRV,PHL,8947
1799695,102,174,1412,2004.0,35485.0,183613.0,1.3579370000000002,0.9993219999999999,HUN,PHL,8947
1799696,103,174,1412,2004.0,52438.0,42002.0,0.010095999999999999,1.7413779999999999,IDN,PHL,8947
1799697,104,174,1412,2004.0,14616.0,131586.0,0.20872,2.817307,IND,PHL,8947
1799698,106,174,1412,2004.0,0.0,35705.0,1.498475,0.19050799999999998,IRL,PHL,8947
1799699,110,174,1412,2004.0,0.0,35412.0,1.252895,0.8662770000000001,ISR,PHL,8947
1799700,111,174,1412,2004.0,1804207.0,1147417.0,1.440372,0.676068,ITA,PHL,8947
1799701,114,174,1412,2004.0,2182584.0,6529826.0,2.756136,0.15545,JPN,PHL,8947
1799702,116,174,1412,2004.0,0.0,4956.0,-0.565597,0.182375,KEN,PHL,8947
1799703,118,174,1412,2004.0,0.0,32707.0,-1.145227,-1.19179,KHM,PHL,8947
1799704,121,174,1412,2004.0,1076820.0,193063.0,1.481275,0.7859,KOR,PHL,8947
1799705,122,174,1412,2004.0,0.0,1850.0,-0.8195479999999999,-1.2105709999999998,KWT,PHL,8947
1799706,124,174,1412,2004.0,0.0,13208.0,0.269753,1.3152979999999999,LBN,PHL,8947
1799707,128,174,1412,2004.0,0.0,4605.0,-0.42450299999999996,0.173518,LKA,PHL,8947
1799708,130,174,1412,2004.0,0.0,10393.0,0.341521,0.7971560000000001,LTU,PHL,8947
1799709,132,174,1412,2004.0,0.0,3823.0,0.415001,0.8476809999999999,LVA,PHL,8947
1799710,133,174,1412,2004.0,0.0,3875.0,-0.12333599999999999,-0.600164,MAC,PHL,8947
1799711,134,174,1412,2004.0,0.0,42045.0,-0.626594,-0.22253499999999998,MAR,PHL,8947
1799712,136,174,1412,2004.0,0.0,3483.0,-1.1010799999999998,-0.7367859999999999,MDG,PHL,8947
1799713,138,174,1412,2004.0,25667.0,67870.0,1.183707,0.9043700000000001,MEX,PHL,8947
1799714,140,174,1412,2004.0,5565.0,0.0,-0.120439,0.27624899999999997,MKD,PHL,8947
1799715,141,174,1412,2004.0,0.0,29305.0,-0.5807979999999999,-0.797311,MLI,PHL,8947
1799716,142,174,1412,2004.0,0.0,3415.0,1.2290379999999999,-0.025372,MLT,PHL,8947
1799717,151,174,1412,2004.0,0.0,40323.0,-0.161262,-0.29730300000000004,MUS,PHL,8947
1799718,153,174,1412,2004.0,543828.0,255614.0,1.250098,0.352379,MYS,PHL,8947
1799719,156,174,1412,2004.0,0.0,13773.0,-0.279566,-0.860456,NCL,PHL,8947
1799720,162,174,1412,2004.0,33831.0,10180785.0,1.171327,1.6369799999999999,NLD,PHL,8947
1799721,163,174,1412,2004.0,591853.0,612252.0,0.731175,-0.0655,NOR,PHL,8947
1799722,166,174,1412,2004.0,1834.0,264256.0,0.44099099999999997,0.968326,NZL,PHL,8947
1799723,167,174,1412,2004.0,0.0,1037.0,-0.707862,-1.187629,OMN,PHL,8947
1799724,168,174,1412,2004.0,97063.0,0.0,-0.7489600000000001,0.22493200000000002,PAK,PHL,8947
1799725,169,174,1412,2004.0,0.0,33936.0,0.054997000000000004,0.440416,PAN,PHL,8947
1799726,173,174,1412,2004.0,0.0,6159.0,-0.609837,0.13314,PER,PHL,8947
1799727,176,174,1412,2004.0,0.0,9965.0,-1.57259,-1.215066,PNG,PHL,8947
1799728,177,174,1412,2004.0,0.0,149350.0,0.989568,1.49055,POL,PHL,8947
1799729,179,174,1412,2004.0,2650.0,40653.0,0.705075,1.7268729999999999,PRT,PHL,8947
1799730,180,174,1412,2004.0,0.0,1889.0,-0.634469,-0.870034,PRY,PHL,8947
1799731,183,174,1412,2004.0,3156.0,7913.0,0.018141,-1.03766,QAT,PHL,8947
1799732,185,174,1412,2004.0,0.0,22511.0,0.53925,1.145066,ROU,PHL,8947
1799733,186,174,1412,2004.0,0.0,88232.0,0.422803,0.017524,RUS,PHL,8947
1799734,188,174,1412,2004.0,0.0,63236.0,0.361324,-0.760732,SAU,PHL,8947
1799735,189,174,1412,2004.0,0.0,70507.0,0.544686,2.418024,SCG,PHL,8947
1799736,192,174,1412,2004.0,1820766.0,812452.0,1.804502,0.570084,SGP,PHL,8947
1799737,206,174,1412,2004.0,0.0,36255.0,1.2683149999999999,0.9208620000000001,SVK,PHL,8947
1799738,207,174,1412,2004.0,0.0,67038.0,1.700677,0.829765,SVN,PHL,8947
1799739,208,174,1412,2004.0,14901.0,265105.0,2.105611,0.707843,SWE,PHL,8947
1799740,216,174,1412,2004.0,944208.0,191623.0,0.633501,1.4648290000000002,THA,PHL,8947
1799741,223,174,1412,2004.0,0.0,3005.0,-0.125092,0.370625,TUN,PHL,8947
1799742,224,174,1412,2004.0,0.0,118388.0,0.249065,1.910598,TUR,PHL,8947
1799743,226,174,1412,2004.0,0.0,17398.0,-0.935327,0.362709,TZA,PHL,8947
1799744,228,174,1412,2004.0,0.0,8028.0,0.672848,1.172735,UKR,PHL,8947
1799745,229,174,1412,2004.0,0.0,49191.0,0.6529,-0.23297800000000002,UMI,PHL,8947
1799746,231,174,1412,2004.0,6303564.0,15137016.0,1.818327,-0.17913900000000002,USA,PHL,8947
1799747,239,174,1412,2004.0,1063.0,147646.0,-0.46875500000000003,0.734412,VNM,PHL,8947
1799748,243,174,1412,2004.0,0.0,35855.0,-1.298227,-1.2496639999999999,YEM,PHL,8947
1799749,246,174,1412,2004.0,14932.0,657635.0,0.29599699999999995,1.909018,ZAF,PHL,8947
1799750,249,174,1412,2004.0,3165044.0,1478627.0,1.8844150000000002,1.257951,TWN,PHL,8947
1799751,5,177,1412,2004.0,2192.0,2759.0,1.122154,0.958434,AND,POL,8947
1799752,7,177,1412,2004.0,0.0,312502.0,-0.10993399999999999,-0.5351640000000001,ARE,POL,8947
1799753,8,177,1412,2004.0,0.0,3015.0,-0.070845,0.879574,ARG,POL,8947
1799754,14,177,1412,2004.0,3982.0,53178.0,-0.198735,0.81543,AUS,POL,8947
1799755,15,177,1412,2004.0,11137640.0,1756360.0,1.958949,0.209296,AUT,POL,8947
1799756,16,177,1412,2004.0,0.0,19140.0,-0.720616,-1.009692,AZE,POL,8947
1799757,18,177,1412,2004.0,618689.0,573928.0,1.242665,1.541444,BEL,POL,8947
1799758,22,177,1412,2004.0,77406.0,0.0,-1.074194,-0.9392389999999999,BGD,POL,8947
1799759,23,177,1412,2004.0,245893.0,106087.0,0.390627,1.631006,BGR,POL,8947
1799760,24,177,1412,2004.0,0.0,42738.0,-0.551237,-1.174628,BHR,POL,8947
1799761,26,177,1412,2004.0,0.0,20476.0,0.45637,0.6154470000000001,BIH,POL,8947
1799762,28,177,1412,2004.0,24671.0,290497.0,0.9384239999999999,0.9708690000000001,BLR,POL,8947
1799763,32,177,1412,2004.0,0.0,2113.0,0.504233,1.567879,BRA,POL,8947
1799764,39,177,1412,2004.0,602326.0,388314.0,0.781591,1.365966,CAN,POL,8947
1799765,41,177,1412,2004.0,551942.0,508450.0,2.234603,0.551975,CHE,POL,8947
1799766,42,177,1412,2004.0,0.0,36017.0,-0.24101399999999998,-0.303103,CHL,POL,8947
1799767,43,177,1412,2004.0,15372367.0,3318.0,0.710603,2.017234,CHN,POL,8947
1799768,45,177,1412,2004.0,4910.0,0.0,-1.380149,-1.220501,CMR,POL,8947
1799769,49,177,1412,2004.0,0.0,1284.0,0.044706,0.514304,COL,POL,8947
1799770,58,177,1412,2004.0,66761.0,30004.0,0.42732200000000004,0.811763,CYP,POL,8947
1799771,59,177,1412,2004.0,2242046.0,1287600.0,1.612543,0.607495,CZE,POL,8947
1799772,61,177,1412,2004.0,10408896.0,11101929.0,2.4453099999999997,-2.331761,DEU,POL,8947
1799773,64,177,1412,2004.0,373565.0,1975721.0,1.309074,1.2627979999999999,DNK,POL,8947
1799774,66,177,1412,2004.0,0.0,13254.0,-1.166661,-1.2240879999999998,DZA,POL,8947
1799775,68,177,1412,2004.0,0.0,39172.0,-0.35823499999999997,0.5000100000000001,EGY,POL,8947
1799776,71,177,1412,2004.0,1433172.0,249804.0,1.04057,1.789023,ESP,POL,8947
1799777,72,177,1412,2004.0,148964.0,252570.0,0.645741,1.035117,EST,POL,8947
1799778,73,177,1412,2004.0,0.0,35776.0,-1.202444,-0.8973120000000001,ETH,POL,8947
1799779,74,177,1412,2004.0,433104.0,319203.0,1.9662810000000002,1.018108,FIN,POL,8947
1799780,77,177,1412,2004.0,14587328.0,4258642.0,1.57079,0.6776760000000001,FRA,POL,8947
1799781,78,177,1412,2004.0,0.0,29232.0,-1.127967,-1.002561,FRO,POL,8947
1799782,81,177,1412,2004.0,1353037.0,4817184.0,1.872987,0.734065,GBR,POL,8947
1799783,82,177,1412,2004.0,0.0,68825.0,-0.030676,-0.560186,GEO,POL,8947
1799784,84,177,1412,2004.0,0.0,3190.0,0.501154,-0.562796,GIB,POL,8947
1799785,90,177,1412,2004.0,67132.0,177799.0,0.298029,1.745886,GRC,POL,8947
1799786,96,177,1412,2004.0,0.0,1350.0,-0.932802,-0.9846530000000001,GUY,POL,8947
1799787,97,177,1412,2004.0,864906.0,5860.0,0.72816,1.403171,HKG,POL,8947
1799788,100,177,1412,2004.0,0.0,115338.0,0.744459,1.1994479999999998,HRV,POL,8947
1799789,102,177,1412,2004.0,123457.0,994877.0,1.3579370000000002,0.9993219999999999,HUN,POL,8947
1799790,103,177,1412,2004.0,42766.0,0.0,0.010095999999999999,1.7413779999999999,IDN,POL,8947
1799791,104,177,1412,2004.0,498883.0,1723.0,0.20872,2.817307,IND,POL,8947
1799792,106,177,1412,2004.0,73868.0,256600.0,1.498475,0.19050799999999998,IRL,POL,8947
1799793,109,177,1412,2004.0,0.0,45452.0,0.107901,-0.41223699999999996,ISL,POL,8947
1799794,110,177,1412,2004.0,34583.0,32329.0,1.252895,0.8662770000000001,ISR,POL,8947
1799795,111,177,1412,2004.0,7438124.0,1494509.0,1.440372,0.676068,ITA,POL,8947
1799796,114,177,1412,2004.0,357623.0,1402036.0,2.756136,0.15545,JPN,POL,8947
1799797,115,177,1412,2004.0,0.0,105605.0,-0.43987200000000004,-0.50862,KAZ,POL,8947
1799798,118,177,1412,2004.0,6227.0,0.0,-1.145227,-1.19179,KHM,POL,8947
1799799,121,177,1412,2004.0,646048.0,27033.0,1.481275,0.7859,KOR,POL,8947
1799800,122,177,1412,2004.0,0.0,28887.0,-0.8195479999999999,-1.2105709999999998,KWT,POL,8947
1799801,124,177,1412,2004.0,0.0,11793.0,0.269753,1.3152979999999999,LBN,POL,8947
1799802,126,177,1412,2004.0,0.0,1137.0,-0.895142,-1.211141,LBY,POL,8947
1799803,128,177,1412,2004.0,42630.0,0.0,-0.42450299999999996,0.173518,LKA,POL,8947
1799804,130,177,1412,2004.0,31553.0,1203449.0,0.341521,0.7971560000000001,LTU,POL,8947
1799805,131,177,1412,2004.0,1652.0,526855.0,1.258828,1.079923,LUX,POL,8947
1799806,132,177,1412,2004.0,39180.0,503162.0,0.415001,0.8476809999999999,LVA,POL,8947
1799807,134,177,1412,2004.0,25996.0,0.0,-0.626594,-0.22253499999999998,MAR,POL,8947
1799808,135,177,1412,2004.0,0.0,9243.0,-0.13031900000000002,-0.118591,MDA,POL,8947
1799809,138,177,1412,2004.0,137961.0,0.0,1.183707,0.9043700000000001,MEX,POL,8947
1799810,140,177,1412,2004.0,0.0,4194.0,-0.120439,0.27624899999999997,MKD,POL,8947
1799811,142,177,1412,2004.0,0.0,23582.0,1.2290379999999999,-0.025372,MLT,POL,8947
1799812,151,177,1412,2004.0,0.0,5203.0,-0.161262,-0.29730300000000004,MUS,POL,8947
1799813,153,177,1412,2004.0,243978.0,10245.0,1.250098,0.352379,MYS,POL,8947
1799814,156,177,1412,2004.0,0.0,3930.0,-0.279566,-0.860456,NCL,POL,8947
1799815,162,177,1412,2004.0,1628410.0,4248908.0,1.171327,1.6369799999999999,NLD,POL,8947
1799816,163,177,1412,2004.0,206816.0,834951.0,0.731175,-0.0655,NOR,POL,8947
1799817,166,177,1412,2004.0,4973.0,24649.0,0.44099099999999997,0.968326,NZL,POL,8947
1799818,168,177,1412,2004.0,2998856.0,0.0,-0.7489600000000001,0.22493200000000002,PAK,POL,8947
1799819,174,177,1412,2004.0,149350.0,0.0,0.288786,-0.25348699999999996,PHL,POL,8947
1799820,178,177,1412,2004.0,6315.0,0.0,0.695376,0.9732209999999999,PRK,POL,8947
1799821,179,177,1412,2004.0,162961.0,133596.0,0.705075,1.7268729999999999,PRT,POL,8947
1799822,183,177,1412,2004.0,0.0,2488.0,0.018141,-1.03766,QAT,POL,8947
1799823,185,177,1412,2004.0,276907.0,559009.0,0.53925,1.145066,ROU,POL,8947
1799824,186,177,1412,2004.0,65533.0,2156971.0,0.422803,0.017524,RUS,POL,8947
1799825,188,177,1412,2004.0,1535.0,26782.0,0.361324,-0.760732,SAU,POL,8947
1799826,189,177,1412,2004.0,10244.0,44954.0,0.544686,2.418024,SCG,POL,8947
1799827,192,177,1412,2004.0,222354.0,5236.0,1.804502,0.570084,SGP,POL,8947
1799828,196,177,1412,2004.0,14884.0,0.0,0.43205699999999997,0.068877,SLE,POL,8947
1799829,206,177,1412,2004.0,249281.0,412836.0,1.2683149999999999,0.9208620000000001,SVK,POL,8947
1799830,207,177,1412,2004.0,1573834.0,243562.0,1.700677,0.829765,SVN,POL,8947
1799831,208,177,1412,2004.0,586113.0,2280728.0,2.105611,0.707843,SWE,POL,8947
1799832,213,177,1412,2004.0,40412.0,0.0,0.641878,0.22729000000000002,TCA,POL,8947
1799833,216,177,1412,2004.0,812961.0,15525.0,0.633501,1.4648290000000002,THA,POL,8947
1799834,223,177,1412,2004.0,37554.0,6850.0,-0.125092,0.370625,TUN,POL,8947
1799835,224,177,1412,2004.0,22272.0,110382.0,0.249065,1.910598,TUR,POL,8947
1799836,228,177,1412,2004.0,263026.0,1231742.0,0.672848,1.172735,UKR,POL,8947
1799837,231,177,1412,2004.0,1281402.0,2071758.0,1.818327,-0.17913900000000002,USA,POL,8947
1799838,232,177,1412,2004.0,0.0,2438.0,-0.518472,-0.7689779999999999,UZB,POL,8947
1799839,236,177,1412,2004.0,0.0,27914.0,-0.41193900000000006,-0.9578899999999999,VEN,POL,8947
1799840,237,177,1412,2004.0,0.0,3518.0,0.689844,-0.23942,VGB,POL,8947
1799841,239,177,1412,2004.0,83678.0,0.0,-0.46875500000000003,0.734412,VNM,POL,8947
1799842,246,177,1412,2004.0,3599.0,65863.0,0.29599699999999995,1.909018,ZAF,POL,8947
1799843,249,177,1412,2004.0,1963185.0,117673.0,1.8844150000000002,1.257951,TWN,POL,8947
1799844,250,177,1412,2004.0,15531.0,0.0,0.46240200000000004,-0.406624,ANS,POL,8947
1799845,8,180,1412,2004.0,34898.0,29251.0,-0.070845,0.879574,ARG,PRY,8947
1799846,14,180,1412,2004.0,6828.0,0.0,-0.198735,0.81543,AUS,PRY,8947
1799847,15,180,1412,2004.0,47323.0,0.0,1.958949,0.209296,AUT,PRY,8947
1799848,31,180,1412,2004.0,0.0,11006.0,-0.841087,-0.770059,BOL,PRY,8947
1799849,32,180,1412,2004.0,952650.0,19759.0,0.504233,1.567879,BRA,PRY,8947
1799850,39,180,1412,2004.0,1477.0,0.0,0.781591,1.365966,CAN,PRY,8947
1799851,42,180,1412,2004.0,104315.0,27837.0,-0.24101399999999998,-0.303103,CHL,PRY,8947
1799852,43,180,1412,2004.0,5962900.0,4064.0,0.710603,2.017234,CHN,PRY,8947
1799853,49,180,1412,2004.0,0.0,4364.0,0.044706,0.514304,COL,PRY,8947
1799854,61,180,1412,2004.0,31191.0,0.0,2.4453099999999997,-2.331761,DEU,PRY,8947
1799855,71,180,1412,2004.0,17310.0,21250.0,1.04057,1.789023,ESP,PRY,8947
1799856,77,180,1412,2004.0,2315.0,0.0,1.57079,0.6776760000000001,FRA,PRY,8947
1799857,81,180,1412,2004.0,7825.0,0.0,1.872987,0.734065,GBR,PRY,8947
1799858,97,180,1412,2004.0,504316.0,0.0,0.72816,1.403171,HKG,PRY,8947
1799859,103,180,1412,2004.0,150662.0,0.0,0.010095999999999999,1.7413779999999999,IDN,PRY,8947
1799860,111,180,1412,2004.0,1133.0,0.0,1.440372,0.676068,ITA,PRY,8947
1799861,112,180,1412,2004.0,0.0,2339.0,-0.505365,-0.9596120000000001,JAM,PRY,8947
1799862,114,180,1412,2004.0,176876.0,6814.0,2.756136,0.15545,JPN,PRY,8947
1799863,121,180,1412,2004.0,2327634.0,0.0,1.481275,0.7859,KOR,PRY,8947
1799864,138,180,1412,2004.0,19254.0,0.0,1.183707,0.9043700000000001,MEX,PRY,8947
1799865,153,180,1412,2004.0,1786.0,0.0,1.250098,0.352379,MYS,PRY,8947
1799866,163,180,1412,2004.0,15639.0,0.0,0.731175,-0.0655,NOR,PRY,8947
1799867,168,180,1412,2004.0,40711.0,0.0,-0.7489600000000001,0.22493200000000002,PAK,PRY,8947
1799868,174,180,1412,2004.0,1889.0,0.0,0.288786,-0.25348699999999996,PHL,PRY,8947
1799869,178,180,1412,2004.0,273957.0,0.0,0.695376,0.9732209999999999,PRK,PRY,8947
1799870,208,180,1412,2004.0,259140.0,0.0,2.105611,0.707843,SWE,PRY,8947
1799871,216,180,1412,2004.0,120792.0,0.0,0.633501,1.4648290000000002,THA,PRY,8947
1799872,217,180,1412,2004.0,2623.0,0.0,-0.805571,-1.077194,TJK,PRY,8947
1799873,230,180,1412,2004.0,0.0,1837.0,-0.051583000000000004,0.145056,URY,PRY,8947
1799874,231,180,1412,2004.0,731846.0,8937.0,1.818327,-0.17913900000000002,USA,PRY,8947
1799875,239,180,1412,2004.0,4515.0,0.0,-0.46875500000000003,0.734412,VNM,PRY,8947
1799876,249,180,1412,2004.0,614920.0,0.0,1.8844150000000002,1.257951,TWN,PRY,8947
1799877,2,186,1412,2004.0,0.0,6214.0,-0.8688110000000001,-1.198692,AGO,RUS,8947
1799878,5,186,1412,2004.0,0.0,9874.0,1.122154,0.958434,AND,RUS,8947
1799879,8,186,1412,2004.0,2075.0,0.0,-0.070845,0.879574,ARG,RUS,8947
1799880,9,186,1412,2004.0,5206.0,4460.0,0.497276,-0.226016,ARM,RUS,8947
1799881,14,186,1412,2004.0,29619.0,5268.0,-0.198735,0.81543,AUS,RUS,8947
1799882,15,186,1412,2004.0,10886523.0,100370.0,1.958949,0.209296,AUT,RUS,8947
1799883,16,186,1412,2004.0,0.0,11165.0,-0.720616,-1.009692,AZE,RUS,8947
1799884,18,186,1412,2004.0,517053.0,14284.0,1.242665,1.541444,BEL,RUS,8947
1799885,23,186,1412,2004.0,136564.0,1022.0,0.390627,1.631006,BGR,RUS,8947
1799886,28,186,1412,2004.0,1380639.0,10232567.0,0.9384239999999999,0.9708690000000001,BLR,RUS,8947
1799887,39,186,1412,2004.0,2160616.0,592428.0,0.781591,1.365966,CAN,RUS,8947
1799888,41,186,1412,2004.0,319683.0,64909.0,2.234603,0.551975,CHE,RUS,8947
1799889,43,186,1412,2004.0,34140460.0,13708.0,0.710603,2.017234,CHN,RUS,8947
1799890,58,186,1412,2004.0,3150.0,0.0,0.42732200000000004,0.811763,CYP,RUS,8947
1799891,59,186,1412,2004.0,1596985.0,319147.0,1.612543,0.607495,CZE,RUS,8947
1799892,61,186,1412,2004.0,20265312.0,527632.0,2.4453099999999997,-2.331761,DEU,RUS,8947
1799893,64,186,1412,2004.0,1332383.0,41150.0,1.309074,1.2627979999999999,DNK,RUS,8947
1799894,71,186,1412,2004.0,966842.0,5513.0,1.04057,1.789023,ESP,RUS,8947
1799895,72,186,1412,2004.0,793090.0,162367.0,0.645741,1.035117,EST,RUS,8947
1799896,74,186,1412,2004.0,12219165.0,2907220.0,1.9662810000000002,1.018108,FIN,RUS,8947
1799897,77,186,1412,2004.0,12472953.0,507222.0,1.57079,0.6776760000000001,FRA,RUS,8947
1799898,78,186,1412,2004.0,13985.0,0.0,-1.127967,-1.002561,FRO,RUS,8947
1799899,81,186,1412,2004.0,3332663.0,155231.0,1.872987,0.734065,GBR,RUS,8947
1799900,82,186,1412,2004.0,0.0,35330.0,-0.030676,-0.560186,GEO,RUS,8947
1799901,90,186,1412,2004.0,1410.0,0.0,0.298029,1.745886,GRC,RUS,8947
1799902,97,186,1412,2004.0,2660863.0,4889.0,0.72816,1.403171,HKG,RUS,8947
1799903,100,186,1412,2004.0,0.0,1095.0,0.744459,1.1994479999999998,HRV,RUS,8947
1799904,102,186,1412,2004.0,418687.0,1773.0,1.3579370000000002,0.9993219999999999,HUN,RUS,8947
1799905,103,186,1412,2004.0,7794.0,0.0,0.010095999999999999,1.7413779999999999,IDN,RUS,8947
1799906,104,186,1412,2004.0,157269.0,1212.0,0.20872,2.817307,IND,RUS,8947
1799907,106,186,1412,2004.0,135938.0,0.0,1.498475,0.19050799999999998,IRL,RUS,8947
1799908,107,186,1412,2004.0,136984.0,0.0,-0.6691699999999999,-1.002548,IRN,RUS,8947
1799909,110,186,1412,2004.0,3343.0,151161.0,1.252895,0.8662770000000001,ISR,RUS,8947
1799910,111,186,1412,2004.0,22177786.0,632015.0,1.440372,0.676068,ITA,RUS,8947
1799911,114,186,1412,2004.0,1110512.0,153780.0,2.756136,0.15545,JPN,RUS,8947
1799912,115,186,1412,2004.0,303131.0,753558.0,-0.43987200000000004,-0.50862,KAZ,RUS,8947
1799913,117,186,1412,2004.0,1039.0,26528.0,-0.263776,0.503736,KGZ,RUS,8947
1799914,121,186,1412,2004.0,3748978.0,1307173.0,1.481275,0.7859,KOR,RUS,8947
1799915,130,186,1412,2004.0,206738.0,144195.0,0.341521,0.7971560000000001,LTU,RUS,8947
1799916,132,186,1412,2004.0,481590.0,243084.0,0.415001,0.8476809999999999,LVA,RUS,8947
1799917,135,186,1412,2004.0,0.0,53900.0,-0.13031900000000002,-0.118591,MDA,RUS,8947
1799918,138,186,1412,2004.0,22055.0,0.0,1.183707,0.9043700000000001,MEX,RUS,8947
1799919,145,186,1412,2004.0,0.0,7296.0,-0.920198,-1.1059219999999998,MNG,RUS,8947
1799920,153,186,1412,2004.0,322921.0,0.0,1.250098,0.352379,MYS,RUS,8947
1799921,162,186,1412,2004.0,6559282.0,58590.0,1.171327,1.6369799999999999,NLD,RUS,8947
1799922,163,186,1412,2004.0,1763644.0,724345.0,0.731175,-0.0655,NOR,RUS,8947
1799923,166,186,1412,2004.0,0.0,1172.0,0.44099099999999997,0.968326,NZL,RUS,8947
1799924,168,186,1412,2004.0,2505358.0,0.0,-0.7489600000000001,0.22493200000000002,PAK,RUS,8947
1799925,174,186,1412,2004.0,88232.0,0.0,0.288786,-0.25348699999999996,PHL,RUS,8947
1799926,177,186,1412,2004.0,2156971.0,65533.0,0.989568,1.49055,POL,RUS,8947
1799927,179,186,1412,2004.0,1753.0,0.0,0.705075,1.7268729999999999,PRT,RUS,8947
1799928,185,186,1412,2004.0,898392.0,1019.0,0.53925,1.145066,ROU,RUS,8947
1799929,189,186,1412,2004.0,22872.0,4045.0,0.544686,2.418024,SCG,RUS,8947
1799930,191,186,1412,2004.0,0.0,2922.0,-0.620158,-0.296575,SEN,RUS,8947
1799931,192,186,1412,2004.0,238000.0,13562.0,1.804502,0.570084,SGP,RUS,8947
1799932,206,186,1412,2004.0,285000.0,18206.0,1.2683149999999999,0.9208620000000001,SVK,RUS,8947
1799933,207,186,1412,2004.0,945320.0,1432.0,1.700677,0.829765,SVN,RUS,8947
1799934,208,186,1412,2004.0,2041214.0,219794.0,2.105611,0.707843,SWE,RUS,8947
1799935,211,186,1412,2004.0,31897.0,0.0,-0.585828,-0.768388,SYC,RUS,8947
1799936,216,186,1412,2004.0,599943.0,4530.0,0.633501,1.4648290000000002,THA,RUS,8947
1799937,217,186,1412,2004.0,0.0,2088.0,-0.805571,-1.077194,TJK,RUS,8947
1799938,219,186,1412,2004.0,0.0,22389.0,-0.9017719999999999,-1.2102620000000002,TKM,RUS,8947
1799939,223,186,1412,2004.0,38984.0,0.0,-0.125092,0.370625,TUN,RUS,8947
1799940,224,186,1412,2004.0,563109.0,45902.0,0.249065,1.910598,TUR,RUS,8947
1799941,227,186,1412,2004.0,0.0,3841.0,-1.05367,-0.546304,UGA,RUS,8947
1799942,228,186,1412,2004.0,3978697.0,531792.0,0.672848,1.172735,UKR,RUS,8947
1799943,231,186,1412,2004.0,13532028.0,668886.0,1.818327,-0.17913900000000002,USA,RUS,8947
1799944,232,186,1412,2004.0,0.0,292992.0,-0.518472,-0.7689779999999999,UZB,RUS,8947
1799945,239,186,1412,2004.0,6576.0,7615.0,-0.46875500000000003,0.734412,VNM,RUS,8947
1799946,246,186,1412,2004.0,0.0,7259.0,0.29599699999999995,1.909018,ZAF,RUS,8947
1799947,249,186,1412,2004.0,5029360.0,11934.0,1.8844150000000002,1.257951,TWN,RUS,8947
1799948,250,186,1412,2004.0,1418.0,12701.0,0.46240200000000004,-0.406624,ANS,RUS,8947
1799949,7,190,1412,2004.0,122685.0,0.0,-0.10993399999999999,-0.5351640000000001,ARE,SDN,8947
1799950,41,190,1412,2004.0,4314.0,0.0,2.234603,0.551975,CHE,SDN,8947
1799951,43,190,1412,2004.0,314804.0,0.0,0.710603,2.017234,CHN,SDN,8947
1799952,61,190,1412,2004.0,4562.0,0.0,2.4453099999999997,-2.331761,DEU,SDN,8947
1799953,64,190,1412,2004.0,60476.0,0.0,1.309074,1.2627979999999999,DNK,SDN,8947
1799954,68,190,1412,2004.0,2745.0,0.0,-0.35823499999999997,0.5000100000000001,EGY,SDN,8947
1799955,71,190,1412,2004.0,1947.0,0.0,1.04057,1.789023,ESP,SDN,8947
1799956,77,190,1412,2004.0,151639.0,0.0,1.57079,0.6776760000000001,FRA,SDN,8947
1799957,81,190,1412,2004.0,65122.0,0.0,1.872987,0.734065,GBR,SDN,8947
1799958,97,190,1412,2004.0,3320.0,0.0,0.72816,1.403171,HKG,SDN,8947
1799959,103,190,1412,2004.0,53571.0,0.0,0.010095999999999999,1.7413779999999999,IDN,SDN,8947
1799960,104,190,1412,2004.0,21433.0,0.0,0.20872,2.817307,IND,SDN,8947
1799961,111,190,1412,2004.0,127100.0,0.0,1.440372,0.676068,ITA,SDN,8947
1799962,114,190,1412,2004.0,178963.0,0.0,2.756136,0.15545,JPN,SDN,8947
1799963,116,190,1412,2004.0,197430.0,0.0,-0.565597,0.182375,KEN,SDN,8947
1799964,121,190,1412,2004.0,43533.0,0.0,1.481275,0.7859,KOR,SDN,8947
1799965,153,190,1412,2004.0,12865.0,0.0,1.250098,0.352379,MYS,SDN,8947
1799966,162,190,1412,2004.0,3886.0,0.0,1.171327,1.6369799999999999,NLD,SDN,8947
1799967,163,190,1412,2004.0,6918.0,0.0,0.731175,-0.0655,NOR,SDN,8947
1799968,168,190,1412,2004.0,29843.0,0.0,-0.7489600000000001,0.22493200000000002,PAK,SDN,8947
1799969,183,190,1412,2004.0,1545.0,0.0,0.018141,-1.03766,QAT,SDN,8947
1799970,188,190,1412,2004.0,198294.0,0.0,0.361324,-0.760732,SAU,SDN,8947
1799971,192,190,1412,2004.0,39288.0,0.0,1.804502,0.570084,SGP,SDN,8947
1799972,212,190,1412,2004.0,6309.0,0.0,-0.698545,-0.111323,SYR,SDN,8947
1799973,224,190,1412,2004.0,40819.0,0.0,0.249065,1.910598,TUR,SDN,8947
1799974,228,190,1412,2004.0,14593.0,0.0,0.672848,1.172735,UKR,SDN,8947
1799975,246,190,1412,2004.0,19950.0,0.0,0.29599699999999995,1.909018,ZAF,SDN,8947
1799976,249,190,1412,2004.0,19187.0,0.0,1.8844150000000002,1.257951,TWN,SDN,8947
1799977,8,197,1412,2004.0,3902.0,0.0,-0.070845,0.879574,ARG,SLV,8947
1799978,14,197,1412,2004.0,0.0,4429.0,-0.198735,0.81543,AUS,SLV,8947
1799979,15,197,1412,2004.0,4325.0,1075.0,1.958949,0.209296,AUT,SLV,8947
1799980,32,197,1412,2004.0,37270.0,0.0,0.504233,1.567879,BRA,SLV,8947
1799981,39,197,1412,2004.0,334030.0,377470.0,0.781591,1.365966,CAN,SLV,8947
1799982,41,197,1412,2004.0,0.0,1813.0,2.234603,0.551975,CHE,SLV,8947
1799983,43,197,1412,2004.0,421014.0,0.0,0.710603,2.017234,CHN,SLV,8947
1799984,49,197,1412,2004.0,8199.0,0.0,0.044706,0.514304,COL,SLV,8947
1799985,52,197,1412,2004.0,6095.0,12618.0,-0.036323,-0.313847,CRI,SLV,8947
1799986,61,197,1412,2004.0,4835.0,2397.0,2.4453099999999997,-2.331761,DEU,SLV,8947
1799987,65,197,1412,2004.0,4121.0,0.0,-0.24909699999999999,-0.326783,DOM,SLV,8947
1799988,67,197,1412,2004.0,22414.0,0.0,-0.990727,-0.9383090000000001,ECU,SLV,8947
1799989,71,197,1412,2004.0,5386.0,0.0,1.04057,1.789023,ESP,SLV,8947
1799990,77,197,1412,2004.0,130228.0,0.0,1.57079,0.6776760000000001,FRA,SLV,8947
1799991,81,197,1412,2004.0,16056.0,0.0,1.872987,0.734065,GBR,SLV,8947
1799992,93,197,1412,2004.0,133255.0,602941.0,-0.39399,0.139128,GTM,SLV,8947
1799993,97,197,1412,2004.0,80653.0,0.0,0.72816,1.403171,HKG,SLV,8947
1799994,99,197,1412,2004.0,18383.0,92389.0,-0.6372140000000001,-0.453946,HND,SLV,8947
1799995,103,197,1412,2004.0,18054.0,0.0,0.010095999999999999,1.7413779999999999,IDN,SLV,8947
1799996,111,197,1412,2004.0,208993.0,136543.0,1.440372,0.676068,ITA,SLV,8947
1799997,114,197,1412,2004.0,0.0,107306.0,2.756136,0.15545,JPN,SLV,8947
1799998,121,197,1412,2004.0,25950.0,0.0,1.481275,0.7859,KOR,SLV,8947
